GPS LATITUDE (degrees), GPS LONGITUDE (degrees), GPS ALTITUDE (m), GPS SPEED (Kmh), GPS ACCURACY (m), GPS ORIENTATION (Â°),GPS SATELLITES IN RANGE, TIME SINCE START (ms), DATE (YYYY-MO-DD HH-MI-SS_SSS), ACCELEROMETER X (m/s²) , ACCELEROMETER Y (m/s²), ACCELEROMETER Z (m/s²), GRAVITY X (m/s²), GRAVITY Y (m/s²), GRAVITY Z (m/s²), GYROSCOPE X (rad/s), GYROSCOPE Y (rad/s), GYROSCOPE Z (rad/s), MAGNETIC FIELD X (Î¼T), MAGNETIC FIELD Y (Î¼T), MAGNETIC FIELD Z (Î¼T), ORIENTATION (Azimuth) (Â°), ORIENTATION (Pitch) (Â°), ORIENTATION (Roll ) (Â°)
52.402447,-1.505476,152.48,2.34,4,60.46,19 / 24,8429,2019-09-06 18:16:15:111,-0.0669,-0.0755,10.025,-0.0089,0.0084,9.8065,0.0238,-0.0179,0.0119,-17.81,-27.25,35.75,352.79,-84.33,-160.13
52.402447,-1.505476,152.48,2.34,4,60.46,19 / 24,8529,2019-09-06 18:16:15:211,0.1852,-0.0701,9.641,-0.005,0.0105,9.8066,-0.0523,-0.0165,0.0252,-17.5,-27.5,35.13,354.51,-84.47,-159.19
52.402447,-1.505476,152.48,2.34,4,60.46,19 / 24,8628,2019-09-06 18:16:15:310,-0.022,-0.2213,9.7847,-0.0087,0.0017,9.8065,-0.0722,-0.0131,0.0154,-17.62,-28.25,35.44,354.83,-84.55,-157.58
52.402447,-1.505476,152.48,2.34,4,60.46,19 / 24,8729,2019-09-06 18:16:15:411,0.0632,-0.3166,9.7721,-0.01,0.0076,9.8066,-0.033,0.0014,-0.0009,-17.56,-27.69,35.19,356.42,-84.68,-156.11
52.402447,-1.505476,152.48,2.34,4,60.46,19 / 24,8829,2019-09-06 18:16:15:511,-0.0858,0.0035,9.8576,-0.0107,0.0184,9.8066,-0.0508,-0.0134,0.003,-17.81,-28.37,35.13,358.18,-84.97,-154.49
52.402447,-1.505476,152.48,2.34,4,60.46,19 / 24,8928,2019-09-06 18:16:15:610,0.0725,-0.3038,9.864,-0.0029,0.0185,9.8066,-0.0514,0.0052,-0.028,-17.69,-28.31,35,358.77,-85.17,-153.93
52.402447,-1.505476,152.48,2.34,4,60.46,19 / 24,9029,2019-09-06 18:16:15:711,0.5031,-0.2162,9.2268,-0.009,0.0238,9.8066,-0.0672,-0.0315,-0.0001,-17.37,-28.37,34.75,0.48,-85.44,-153.65
52.402447,-1.505476,152.48,2.34,4,60.46,19 / 24,9129,2019-09-06 18:16:15:811,0.1857,-0.1491,9.2301,-0.014,0.0304,9.8065,-0.1056,-0.0075,-0.0152,-17.06,-28.69,34.06,2.9,-85.87,-150.71
52.402447,-1.505476,152.48,2.34,4,60.46,19 / 24,9229,2019-09-06 18:16:15:911,0.0759,-0.0798,9.9545,-0.0185,0.0319,9.8065,-0.0591,0.0024,0.0076,-17.25,-28.62,33.56,7.56,-86.38,-146.25
52.402447,-1.505476,152.48,2.34,4,60.46,19 / 24,9331,2019-09-06 18:16:16:013,0.1771,0.1692,10.2454,-0.0195,0.0304,9.8065,-0.0747,0.0121,0.0068,-17.69,-28.81,34,10.31,-86.65,-142.26
52.402447,-1.505476,152.48,2.34,4,60.46,19 / 22,9428,2019-09-06 18:16:16:110,-0.4773,0.6444,11.5728,-0.0012,0.0119,9.8066,0.04,-0.0206,-0.0175,-17.62,-28.69,33,13.08,-86.79,-138.89
52.402447,-1.505476,152.48,2.34,4,60.46,19 / 22,9529,2019-09-06 18:16:16:211,-0.2575,0.2196,11.0519,0.007,-0.0008,9.8066,0.0685,0.0001,-0.0285,-17.44,-28.19,33.63,12.98,-86.84,-140.99
52.402447,-1.505476,152.48,2.34,4,60.46,19 / 22,9629,2019-09-06 18:16:16:311,0.0952,0.1717,9.9622,0.0308,-0.0408,9.8064,0.1249,-0.0212,0.0153,-17.44,-28.44,34.06,3.41,-86.32,-150.2
52.402447,-1.505476,152.48,2.34,4,60.46,19 / 22,9729,2019-09-06 18:16:16:411,-0.1553,0.0508,9.4662,0.0245,-0.0455,9.8064,0.0993,0.0082,-0.0357,-17.62,-27.69,35,358.24,-85.84,-154.45
52.402447,-1.505476,152.48,2.34,4,60.46,19 / 22,9828,2019-09-06 18:16:16:510,0.453,-0.4709,9.0752,0.0296,-0.0366,9.8065,0.128,0.0268,-0.0261,-17.5,-28.12,35.44,353.1,-85.24,-160.56
52.402447,-1.505476,152.48,2.34,4,60.46,19 / 22,9930,2019-09-06 18:16:16:612,0.2329,-0.1625,9.6282,0.0332,-0.0453,9.8064,0.1488,-0.0045,-0.0194,-17.31,-27.94,35.81,350.23,-84.72,-163.83
52.402447,-1.505476,152.48,2.34,4,60.46,19 / 22,10029,2019-09-06 18:16:16:711,0.2399,-0.2275,9.568,0.0372,-0.0509,9.8064,0.1452,0.0383,-0.0237,-17.19,-26.94,35.88,347.74,-84.06,-166.06
52.402447,-1.505476,152.48,2.34,4,60.46,19 / 22,10129,2019-09-06 18:16:16:811,0.2427,-0.1841,9.7453,0.0345,-0.056,9.8064,0.1006,-0.0273,0.014,-17.75,-26.81,37.13,343.15,-83.05,-169.47
52.402447,-1.505476,152.48,2.34,4,60.46,19 / 22,10228,2019-09-06 18:16:16:910,0.8493,-1.3753,10.6632,0.0145,-0.0082,9.8066,-0.0793,0.0112,-0.0725,-16.75,-26.87,37,342.63,-82.4,-171.05
52.402447,-1.505476,152.48,2.34,4,60.46,19 / 22,10333,2019-09-06 18:16:17:015,-0.1742,0.0747,10.4977,0.0087,0.0161,9.8066,-0.1178,0.0173,-0.0117,-16.5,-26.94,37.44,342.81,-82.57,-172.2
52.402447,-1.505476,152.48,2.34,4,60.46,19 / 22,10429,2019-09-06 18:16:17:111,-0.4332,0.7329,9.9416,-0.0039,0.0464,9.8065,-0.0142,0.0415,-0.0678,-16.75,-28.06,37.56,340.58,-83.19,-173.67
52.402447,-1.505476,152.48,2.34,4,60.46,19 / 22,10529,2019-09-06 18:16:17:211,0.0821,0.6191,9.5202,0.0079,0.0233,9.8066,-0.0068,0.0166,-0.0354,-17,-27.5,37.06,337.9,-83.32,-175.62
52.402447,-1.505476,152.48,2.34,4,60.46,19 / 22,10629,2019-09-06 18:16:17:311,0.3408,0.0146,9.1687,0.0109,0.0064,9.8066,0.0486,0.0921,-0.0321,-16.87,-27.81,36.75,336.54,-83.26,-176.8
52.402447,-1.505476,152.48,2.34,4,60.46,19 / 22,10729,2019-09-06 18:16:17:411,-0.59,-0.2295,8.4733,-0.0002,0.0108,9.8066,0.014,0.0803,0.0016,-17.75,-27.62,37.31,333.65,-83.25,-178.21
52.402447,-1.505476,152.48,2.34,4,60.46,19 / 22,10829,2019-09-06 18:16:17:511,-1.3266,1.8391,10.3901,0.0031,0.045,9.8065,-0.1941,0.0436,-0.0311,-16.87,-27.5,37,334.06,-83.51,-179.24
52.402447,-1.505476,152.48,2.34,4,60.46,19 / 22,10929,2019-09-06 18:16:17:611,0.3215,2.7861,11.1307,0.0188,-0.0354,9.8065,0.2361,0.1196,-0.0445,-17,-27.12,37.19,332.91,-83.32,179.76
52.402447,-1.505476,152.48,2.34,4,60.46,19 / 22,11028,2019-09-06 18:16:17:710,0.4883,2.5486,10.6682,-0.0063,0.0152,9.8066,0.2533,0.1329,0.0268,-17.56,-27.81,36.81,330.09,-83.11,178.55
52.402447,-1.505476,152.48,2.34,4,60.46,19 / 22,11129,2019-09-06 18:16:17:811,0.568,0.3622,9.4904,-0.0028,-0.0208,9.8066,0.1248,0.136,-0.0022,-18.06,-26.62,37.31,331.23,-82.54,179.73
52.402447,-1.505476,152.48,2.34,4,60.46,19 / 22,11229,2019-09-06 18:16:17:911,0.3401,0.042,9.1748,0.0129,-0.031,9.8066,0.0941,0.18,-0.0388,-18.5,-26.94,38.25,332.33,-82.06,-179.73
52.402447,-1.505476,152.48,2.34,4,60.46,19 / 22,11329,2019-09-06 18:16:18:011,0.4988,0.7339,8.9675,-0.0051,-0.0063,9.8066,0.0812,0.159,0.0067,-18.62,-26.62,38.06,331.36,-81.67,-179.29
52.402447,-1.505476,152.48,2.34,4,60.46,19 / 22,11429,2019-09-06 18:16:18:111,0.1256,1.3934,9.3139,0.0104,-0.0232,9.8065,0.0514,0.18,-0.0008,-18.5,-26.62,37.81,333.2,-81.49,-178.73
52.402447,-1.505476,152.48,2.34,4,60.46,19 / 22,11528,2019-09-06 18:16:18:210,0.7762,2.4664,10.2354,0.0215,-0.0298,9.8065,0.1055,0.2641,-0.0567,-18.56,-26.19,37.94,332.23,-81.26,-178.44
52.402447,-1.505476,152.48,2.34,4,60.46,19 / 22,11629,2019-09-06 18:16:18:311,1.1457,0.9196,10.3307,-0.0019,-0.0097,9.8066,0.0506,0.1755,-0.0538,-19.81,-27.19,38.13,330.93,-80.73,-178.16
52.402447,-1.505476,152.48,2.34,4,60.46,19 / 22,11729,2019-09-06 18:16:18:411,0.4627,1.0814,10.5736,-0.0304,0.0155,9.8066,-0.062,0.2065,0.0263,-20.06,-26.5,37.81,332.59,-80.85,-176.8
52.402447,-1.505476,152.48,2.34,4,60.46,19 / 22,11829,2019-09-06 18:16:18:511,0.2348,1.0233,9.9966,-0.0367,0.0401,9.8065,-0.0367,0.2436,0.0108,-20.75,-26.62,37.44,331.77,-81.25,-175.75
52.402447,-1.505476,152.48,2.34,4,60.46,19 / 22,11929,2019-09-06 18:16:18:611,0.0944,1.4178,9.4003,-0.0167,0.0039,9.8065,-0.0296,0.2385,-0.0124,-21.31,-26.75,36.88,333.63,-81.69,-174.21
52.402447,-1.505476,152.48,2.34,4,60.46,19 / 22,12029,2019-09-06 18:16:18:711,0.188,1.2416,9.1328,-0.0148,0.0015,9.8066,-0.0074,0.2526,-0.0019,-21.87,-26.94,36.75,333.52,-81.83,-173.23
52.402447,-1.505476,152.48,2.34,4,60.46,19 / 22,12129,2019-09-06 18:16:18:811,-0.1127,1.0729,9.9209,-0.0133,-0.0119,9.8065,0.0083,0.2209,0.032,-22.12,-26.87,36.69,334.94,-81.86,-171.94
52.402447,-1.505476,152.48,2.34,4,60.46,19 / 22,12229,2019-09-06 18:16:18:911,-0.3264,0.705,9.8503,-0.0068,-0.0021,9.8066,0.0029,0.2698,-0.0332,-22.62,-27.06,36.25,334.51,-81.85,-170.48
52.402447,-1.505476,152.48,2.34,4,60.46,19 / 22,12329,2019-09-06 18:16:19:011,0.2652,1.1547,9.8069,0.0009,-0.0089,9.8066,0.024,0.3093,-0.0023,-24.12,-26.94,35.56,333.93,-81.82,-169.9
52.402447,-1.505476,152.48,2.34,4,60.46,19 / 24,12429,2019-09-06 18:16:19:111,0.1513,0.8232,9.9873,-0.0122,-0.02,9.8066,0.0104,0.2477,-0.0068,-23.69,-26.69,35.19,333.88,-81.76,-169.14
52.402447,-1.505476,152.48,2.34,4,60.46,19 / 24,12529,2019-09-06 18:16:19:211,0.1029,1.1703,9.7442,-0.0094,-0.009,9.8066,0.0159,0.2742,-0.0108,-23.94,-27,34.88,335.3,-81.71,-167.83
52.402447,-1.505476,152.48,2.34,4,60.46,19 / 24,12629,2019-09-06 18:16:19:311,-0.0436,0.9502,9.524,-0.0103,-0.0063,9.8066,0.0079,0.3014,-0.0057,-24.44,-27.19,34.81,336.39,-81.67,-166.83
52.402447,-1.505476,152.48,2.34,4,60.46,19 / 24,12729,2019-09-06 18:16:19:411,-0.4003,0.389,9.6215,0.001,0.0052,9.8066,0.0051,0.2675,-0.0316,-24.81,-27.06,34.19,335.2,-81.67,-166.01
52.402447,-1.505476,152.48,2.34,4,60.46,19 / 24,12829,2019-09-06 18:16:19:511,0.4164,0.423,9.6333,0.0046,0.0136,9.8065,0.0144,0.3081,-0.0744,-25.19,-26.69,34.31,334.15,-81.78,-167
52.402447,-1.505476,152.48,2.34,4,60.46,19 / 24,12929,2019-09-06 18:16:19:611,0.6532,0.6166,9.6456,0.0084,0.0067,9.8066,0.0159,0.2755,-0.0633,-24.94,-26.94,33.5,333.2,-81.87,-167.89
52.402447,-1.505476,152.48,2.34,4,60.46,19 / 24,13028,2019-09-06 18:16:19:710,0.7733,0.8283,9.7768,-0.0061,0.0083,9.8066,-0.0342,0.2897,-0.0029,-26.31,-27.37,33.25,330.91,-82.04,-168.14
52.402447,-1.505476,152.48,2.34,4,60.46,19 / 24,13129,2019-09-06 18:16:19:811,0.8333,1.1587,9.9401,-0.0154,0.0137,9.8066,-0.0768,0.3481,-0.0559,-26.5,-27.19,31.69,330.67,-82.34,-167.56
52.402447,-1.505476,152.48,2.34,4,60.46,19 / 24,13228,2019-09-06 18:16:19:910,1.2383,0.4485,9.6957,-0.016,0.0054,9.8066,-0.0109,0.3625,-0.0107,-27.12,-27.31,32.06,330.68,-82.49,-166.58
52.402447,-1.505476,152.48,2.34,4,60.46,19 / 24,13328,2019-09-06 18:16:20:010,0.6453,0.7204,9.8588,-0.0205,0.003,9.8066,-0.0317,0.3538,0.0048,-28.06,-27.37,31,329.5,-82.72,-165.82
52.402447,-1.505476,152.48,2.34,4,60.46,19 / 23,13429,2019-09-06 18:16:20:111,0.9009,0.6741,9.8864,-0.026,0.0109,9.8065,-0.0396,0.3558,-0.043,-28,-27.44,29.63,331.76,-83.08,-162.88
52.402447,-1.505476,152.48,2.34,4,60.46,19 / 23,13529,2019-09-06 18:16:20:211,0.3854,1.3368,10.0273,-0.0212,0.0168,9.8066,-0.0243,0.3856,-0.0096,-28.37,-27.56,28.94,331.8,-83.32,-161.86
52.402447,-1.505476,152.48,2.34,4,60.46,19 / 23,13628,2019-09-06 18:16:20:310,0.6897,0.8797,9.8858,-0.0244,0.0093,9.8066,-0.031,0.3723,-0.0152,-29.06,-28.19,28.63,332.13,-83.52,-160.65
52.402447,-1.505476,152.48,2.34,4,60.46,19 / 23,13730,2019-09-06 18:16:20:412,0.6915,1.0667,9.7225,-0.0175,0.0192,9.8065,-0.013,0.4351,-0.0886,-29.37,-28.37,28.13,333.1,-83.83,-158.82
52.402447,-1.505476,152.48,2.34,4,60.46,19 / 23,13829,2019-09-06 18:16:20:511,1.0695,1.0701,9.5738,-0.0013,0.0181,9.8066,0.01,0.428,-0.0298,-29.56,-28.37,26.94,329.63,-84.12,-160.16
52.402447,-1.505476,152.48,2.34,4,60.46,19 / 23,13929,2019-09-06 18:16:20:611,0.6978,1.0901,9.9882,-0.0124,0.0123,9.8065,-0.029,0.4421,-0.1071,-29.87,-28.62,25.5,328.65,-84.28,-159.96
52.402447,-1.505476,152.48,2.34,4,60.46,19 / 23,14029,2019-09-06 18:16:20:711,0.8031,1.4608,9.9076,0.0131,0.0218,9.8065,-0.0382,0.4467,-0.0969,-29.5,-28.44,23.75,324.12,-84.54,-162.99
52.402447,-1.505476,152.48,2.34,4,60.46,19 / 23,14129,2019-09-06 18:16:20:811,0.7222,1.3535,9.459,-0.0047,0.0098,9.8066,0.0112,0.4635,-0.0513,-29.87,-28.25,22.63,321.12,-84.75,-163.79
52.402447,-1.505476,152.48,2.34,4,60.46,19 / 23,14229,2019-09-06 18:16:20:911,0.0984,1.7204,9.9086,-0.0053,0.0071,9.8066,-0.0461,0.4462,-0.0388,-30.37,-28.44,22.38,320.27,-84.86,-163.4
52.402447,-1.505476,152.48,2.34,4,60.46,19 / 23,14329,2019-09-06 18:16:21:011,-0.2168,1.2979,9.6551,0.0047,-0.0027,9.8066,-0.0623,0.455,-0.021,-29.81,-28.81,20.88,318.78,-84.94,-163.46
52.402447,-1.505476,152.48,2.34,4,60.46,19 / 22,14428,2019-09-06 18:16:21:110,0.1946,1.3682,9.59,-0.0145,-0.0018,9.8066,-0.0242,0.4507,-0.0055,-30.06,-28.69,20.44,318.82,-85.08,-162.16
52.402447,-1.505476,152.48,2.34,4,60.46,19 / 22,14528,2019-09-06 18:16:21:210,-0.625,0.7024,10.1868,-0.0033,0.0021,9.8066,0.0027,0.4385,-0.0285,-30.5,-29.37,19.38,318.98,-85.14,-160.66
52.402447,-1.505476,152.48,2.34,4,60.46,19 / 22,14628,2019-09-06 18:16:21:310,-0.4525,0.9294,10.1436,0.0064,0.0113,9.8066,-0.009,0.435,-0.0662,-30.19,-29.37,17.94,316.03,-85.17,-162.05
52.402447,-1.505476,152.48,2.34,4,60.46,19 / 22,14729,2019-09-06 18:16:21:411,0.3763,0.9223,9.7458,0.0144,0.0074,9.8066,0.0032,0.4496,-0.0763,-30.81,-29.31,16.69,310.47,-85.16,-165.15
52.402447,-1.505476,152.48,2.34,4,60.46,19 / 22,14829,2019-09-06 18:16:21:511,-0.1726,0.757,9.7001,0.0035,0.0164,9.8066,0.0109,0.3908,-0.0496,-30.5,-29.06,16.13,307.57,-85.21,-167.16
52.402447,-1.505476,152.48,2.34,4,60.46,19 / 22,14928,2019-09-06 18:16:21:610,0.1845,0.9527,9.6126,-0.004,0.008,9.8066,-0.0459,0.3793,-0.0283,-30.87,-29.25,15.44,304.18,-85.31,-168.28
52.402447,-1.505476,152.48,2.34,4,60.46,19 / 22,15028,2019-09-06 18:16:21:710,0.0139,1.0839,9.6573,-0.0041,0.008,9.8066,-0.0259,0.384,-0.0226,-29.44,-29,14.69,305.11,-85.51,-168.89
52.402447,-1.505476,152.48,2.34,4,60.46,19 / 22,15129,2019-09-06 18:16:21:811,-0.0198,0.7392,9.6014,-0.0213,-0.0063,9.8066,-0.0391,0.3748,0.0112,-29.75,-29.25,13.69,304.94,-85.73,-166.93
52.402447,-1.505476,152.48,2.34,4,60.46,19 / 22,15229,2019-09-06 18:16:21:911,-0.2592,0.1736,9.9462,-0.0176,-0.0157,9.8065,0.0112,0.322,0.0465,-30,-29.75,12.75,306.45,-85.8,-163.8
52.402447,-1.505476,152.48,2.34,4,60.46,19 / 22,15328,2019-09-06 18:16:22:010,-0.1492,0.1528,10.02,-0.0227,-0.0065,9.8066,0.0266,0.3087,-0.0184,-30.25,-29.62,11.5,310.12,-85.91,-158.7
52.402447,-1.505476,152.48,2.34,4,60.46,20 / 23,15429,2019-09-06 18:16:22:111,0.0227,0.3005,9.6951,-0.0307,0.003,9.8065,0.0166,0.2994,-0.0195,-30.44,-29.5,11.75,311.68,-86.03,-157.39
52.402447,-1.505476,152.48,2.34,4,60.46,20 / 23,15529,2019-09-06 18:16:22:211,-0.422,0.1083,9.7994,-0.01,0.0033,9.8065,-0.0451,0.2715,-0.0117,-30.31,-29.31,11.19,310.93,-86.14,-156.5
52.402447,-1.505476,152.48,2.34,4,60.46,20 / 23,15628,2019-09-06 18:16:22:310,-0.1911,0.2388,9.9577,-0.0112,0.0134,9.8065,-0.0552,0.2341,-0.0382,-30.25,-29.81,10,309.49,-86.43,-156.27
52.402447,-1.505476,152.48,2.34,4,60.46,20 / 23,15729,2019-09-06 18:16:22:411,-1.0802,0.3543,9.7287,-0.0219,0.0061,9.8065,-0.049,0.201,0.0127,-29.69,-29.87,9.31,309.85,-86.77,-154.43
52.402447,-1.505476,152.48,2.34,4,60.46,20 / 23,15829,2019-09-06 18:16:22:511,-1.5391,0.4037,9.6282,-0.0172,0.0009,9.8066,-0.0576,0.175,-0.0028,-30,-29.75,9.06,312.2,-86.91,-152.26
52.402447,-1.505476,152.48,2.34,4,60.46,20 / 23,15929,2019-09-06 18:16:22:611,-1.1275,0.3272,9.7235,-0.0121,0.0008,9.8066,-0.0522,0.1646,0.0012,-30.06,-30.31,8.38,312.73,-87.13,-150.12
52.402447,-1.505476,152.48,2.34,4,60.46,20 / 23,16029,2019-09-06 18:16:22:711,-0.9694,0.3182,10.0217,-0.0121,-0.0008,9.8066,-0.0346,0.1661,0.0231,-30.19,-29.81,7.88,315.07,-87.23,-147.94
52.402447,-1.505476,152.48,2.34,4,60.46,20 / 23,16128,2019-09-06 18:16:22:810,-0.7533,-0.0301,10.0044,-0.0046,-0.0086,9.8066,-0.0186,0.1294,0.0113,-30,-29.94,8.31,317.89,-87.31,-145.27
52.402447,-1.505476,152.48,2.34,4,60.46,20 / 23,16230,2019-09-06 18:16:22:912,-0.5379,-0.0217,9.7739,-0.0038,-0.0018,9.8066,-0.0147,0.1239,0.0263,-29.81,-30,7.63,320.81,-87.3,-142.44
52.402447,-1.505476,152.48,2.34,4,60.46,20 / 23,16328,2019-09-06 18:16:23:010,-0.9505,0.143,9.6241,-0.0132,0.0003,9.8066,-0.0104,0.1022,0.0123,-29.31,-30,7.13,322.59,-87.38,-139.35
52.402447,-1.505476,152.48,2.34,4,60.46,19 / 23,16429,2019-09-06 18:16:23:111,-1.2553,0.2727,9.9052,-0.0162,0.0002,9.8066,-0.0269,0.102,-0.0034,-29.56,-29.75,7.31,323.69,-87.43,-137.94
52.402447,-1.505476,152.48,2.34,4,60.46,19 / 23,16528,2019-09-06 18:16:23:210,-1.0179,0.1581,10.0748,-0.0107,0.0014,9.8066,-0.0044,0.0884,-0.0003,-29,-29.81,7.31,328.4,-87.56,-133.86
52.402447,-1.505476,152.48,2.34,4,60.46,19 / 23,16628,2019-09-06 18:16:23:310,-0.8337,0.1394,10.0722,-0.005,-0.0055,9.8066,0.0048,0.0715,0.0208,-29.31,-30.12,7.31,331.25,-87.55,-131.11
52.402447,-1.505476,152.48,2.34,4,60.46,19 / 23,16729,2019-09-06 18:16:23:411,-0.8243,0.2552,10.0491,-0.0075,-0.0056,9.8065,-0.0168,0.0563,0.0232,-29.19,-29.75,6.81,333.31,-87.54,-129.12
52.402447,-1.505476,152.48,2.34,4,60.46,19 / 23,16828,2019-09-06 18:16:23:510,-0.876,0.1146,9.6756,-0.0066,-0.0037,9.8066,-0.0082,0.0734,-0.0047,-29.62,-29.69,7.25,336.48,-87.54,-125.68
52.402447,-1.505476,152.48,2.34,4,60.46,19 / 23,16929,2019-09-06 18:16:23:611,-0.6263,-0.541,9.9749,-0.0172,0.0008,9.8066,0.0255,0.0553,0.0139,-30.19,-29.81,6.44,337.82,-87.58,-122.58
52.402447,-1.505476,152.48,2.34,4,60.46,19 / 23,17028,2019-09-06 18:16:23:710,-1.08,-0.4372,10.381,-0.0039,-0.0089,9.8066,0.0633,0.0148,0.0153,-30.25,-29.37,6.13,338.29,-87.58,-122.15
52.402447,-1.505476,152.48,2.34,4,60.46,19 / 23,17129,2019-09-06 18:16:23:811,-1.418,0.4348,10.1831,-0.0088,-0.0067,9.8066,0.0399,0.0471,0.0426,-29.5,-29.25,5.88,339.88,-87.51,-120.95
52.402447,-1.505476,152.48,2.34,4,60.46,19 / 23,17228,2019-09-06 18:16:23:910,-0.9179,-0.5937,9.5741,0.0195,-0.0077,9.8066,0.0428,0.045,0.0009,-29.87,-29.25,5.38,336.03,-87.33,-122.37
52.402447,-1.505476,152.48,2.34,4,60.46,19 / 23,17329,2019-09-06 18:16:24:011,-0.6429,-0.1332,9.4179,0.0148,-0.0051,9.8066,-0.0221,0.0395,0.0157,-29.81,-29.81,6,338.18,-87.28,-122.12
52.402287,-1.505224,152.83,1.58,4,60.46,19 / 22,17428,2019-09-06 18:16:24:110,-0.5765,-0.1337,9.5927,-0.0077,0.0036,9.8066,-0.0515,0.0272,0.0072,-29.56,-29.5,6.13,338.84,-87.3,-121.53
52.402287,-1.505224,152.83,1.58,4,60.46,19 / 22,17529,2019-09-06 18:16:24:211,-0.4669,-0.0152,9.9688,-0.0159,0.0088,9.8066,-0.0229,0.0345,-0.0228,-29.19,-29.25,5.69,342.59,-87.47,-118.34
52.402287,-1.505224,152.83,1.58,4,60.46,19 / 22,17628,2019-09-06 18:16:24:310,-0.2485,0.1157,9.9889,-0.0032,0.0053,9.8066,-0.0072,0.0258,-0.0085,-28.62,-28.75,5.81,343.36,-87.61,-117.65
52.402287,-1.505224,152.83,1.58,4,60.46,19 / 22,17729,2019-09-06 18:16:24:411,0.1107,0.0263,9.5418,-0.0041,0.0018,9.8065,-0.0287,0.0326,0.0049,-28.81,-29.87,5.69,344.79,-87.66,-116.26
52.402287,-1.505224,152.83,1.58,4,60.46,19 / 22,17828,2019-09-06 18:16:24:510,-0.2204,0.002,9.4764,-0.0105,0.0008,9.8066,-0.049,0.0189,0.0138,-28.75,-29.19,5.13,344.66,-87.68,-114.5
52.402287,-1.505224,152.83,1.58,4,60.46,19 / 22,17929,2019-09-06 18:16:24:611,-0.1966,-0.239,9.8104,-0.0106,0.0002,9.8066,-0.0373,0.0228,-0.0169,-29.31,-29.75,5.38,349.55,-87.73,-109.8
52.402287,-1.505224,152.83,1.58,4,60.46,19 / 22,18028,2019-09-06 18:16:24:710,-0.6632,-0.1427,10.0696,-0.014,0.0072,9.8066,-0.0081,0.027,0.0105,-29.69,-29.62,4.75,353.2,-87.85,-106.01
52.402287,-1.505224,152.83,1.58,4,60.46,19 / 22,18129,2019-09-06 18:16:24:811,-0.6931,0.1248,10.0598,-0.0126,0.0034,9.8066,-0.0135,0.0457,0.0109,-29.75,-29.19,5.13,355.48,-87.89,-103.82
52.402287,-1.505224,152.83,1.58,4,60.46,19 / 22,18228,2019-09-06 18:16:24:910,-0.6126,0.2118,9.901,-0.0035,-0.0039,9.8066,-0.0229,0.0374,0.0201,-29.25,-29.06,4.56,358.34,-87.89,-101.38
52.402287,-1.505224,152.83,1.58,4,60.46,19 / 22,18329,2019-09-06 18:16:25:011,-0.9796,-0.126,9.964,-0.0065,-0.0086,9.8066,-0.023,0.0215,0.0193,-30.12,-29.12,4.25,359.48,-87.82,-98.1
52.402287,-1.505224,152.83,1.58,4,60.46,20 / 24,18429,2019-09-06 18:16:25:111,-1.1158,-0.1768,9.9853,-0.0074,-0.0084,9.8066,-0.0242,0.0059,0.0354,-29.56,-29.06,4.44,3.73,-87.66,-94.01
52.402287,-1.505224,152.83,1.58,4,60.46,20 / 24,18529,2019-09-06 18:16:25:211,-1.2023,-0.2488,9.9598,-0.0056,-0.0067,9.8066,-0.0018,0.0091,-0.0013,-29.87,-29.5,4.88,7.15,-87.56,-92.61
52.402287,-1.505224,152.83,1.58,4,60.46,20 / 24,18629,2019-09-06 18:16:25:311,-1.0336,-0.1419,9.9801,-0.0067,0.0003,9.8066,-0.0085,0.0228,-0.008,-30.25,-29.44,4.06,7.34,-87.51,-90.56
52.402287,-1.505224,152.83,1.58,4,60.46,20 / 24,18728,2019-09-06 18:16:25:410,-1.0331,-0.1296,9.8477,-0.0085,0.0043,9.8066,-0.0054,0.0222,0.0108,-29.75,-29.37,4.19,8.81,-87.54,-89.16
52.402287,-1.505224,152.83,1.58,4,60.46,20 / 24,18829,2019-09-06 18:16:25:511,-1.0152,0.0456,9.8603,-0.0032,0.004,9.8066,-0.0122,0.0226,0.0029,-29.62,-29.31,4,9.59,-87.56,-88.41
52.402287,-1.505224,152.83,1.58,4,60.46,20 / 24,18932,2019-09-06 18:16:25:614,-1.0126,0.0821,9.8989,0.0029,0.0001,9.8066,0.0283,0.0043,0.0135,-30.06,-29,3.75,11.09,-87.6,-86.95
52.402287,-1.505224,152.83,1.58,4,60.46,20 / 24,19029,2019-09-06 18:16:25:711,-0.9934,-0.0034,10.087,-0.0077,-0.0048,9.8066,-0.0113,-0.0005,0.017,-29.5,-29.06,4.06,11.91,-87.55,-86.45
52.402287,-1.505224,152.83,1.58,4,60.46,20 / 24,19128,2019-09-06 18:16:25:810,-1.0361,-0.0758,10.0808,-0.0064,-0.0035,9.8066,-0.0247,0.0077,0.0162,-29.81,-28.94,3.88,12.32,-87.49,-85.8
52.402287,-1.505224,152.83,1.58,4,60.46,20 / 24,19229,2019-09-06 18:16:25:911,-0.8538,-0.243,9.837,-0.0108,-0.0026,9.8066,-0.0008,0.0113,0.025,-30.06,-28.56,3.69,15.14,-87.38,-83.13
52.402287,-1.505224,152.83,1.58,4,60.46,20 / 24,19329,2019-09-06 18:16:26:011,-0.6434,-0.1252,9.7647,-0.0092,-0.0037,9.8066,-0.0224,0.0152,0.0145,-29.37,-29,3.44,15.19,-87.32,-81.43
52.402287,-1.505224,152.83,1.58,4,60.46,19 / 22,19429,2019-09-06 18:16:26:111,-0.833,-0.0506,9.9191,-0.0007,-0.0016,9.8066,-0.032,0.004,-0.0118,-30.06,-29.37,3.88,17.71,-87.29,-80.69
52.402287,-1.505224,152.83,1.58,4,60.46,19 / 22,19529,2019-09-06 18:16:26:211,-0.8873,-0.1822,9.8714,0.0025,-0.0006,9.8066,-0.0014,0.0095,0.0076,-30.31,-28.81,3.25,16.32,-87.27,-80.15
52.402287,-1.505224,152.83,1.58,4,60.46,19 / 22,19629,2019-09-06 18:16:26:311,-0.8884,-0.2272,9.8458,-0.0092,0,9.8066,-0.0227,0.0012,-0.0103,-29.31,-29.25,3.63,20.69,-87.24,-78.15
52.402287,-1.505224,152.83,1.58,4,60.46,19 / 22,19729,2019-09-06 18:16:26:411,-0.6345,-0.1863,9.7787,-0.0056,0.0019,9.8066,-0.0027,-0.0049,-0.0079,-29.12,-28.56,3.31,19.18,-87.25,-77.65
52.402287,-1.505224,152.83,1.58,4,60.46,19 / 22,19829,2019-09-06 18:16:26:511,-0.7228,-0.1304,9.8433,0.0017,0.0001,9.8066,0.0147,0.0145,0.0083,-29.25,-28.75,4,21.49,-87.27,-77.37
52.402287,-1.505224,152.83,1.58,4,60.46,19 / 22,19929,2019-09-06 18:16:26:611,-0.7376,-0.0775,9.8657,0.0015,0.0019,9.8066,0.0043,0.0117,0.0051,-29.37,-28.56,4.19,21.89,-87.28,-76.99
52.402287,-1.505224,152.83,1.58,4,60.46,19 / 22,20029,2019-09-06 18:16:26:711,0.1099,-0.1511,9.9674,-0.0021,0.0007,9.8066,0.0022,-0.0142,-0.0034,-29.19,-28.75,3.81,22.14,-87.3,-76.74
52.402287,-1.505224,152.83,1.58,4,60.46,19 / 22,20129,2019-09-06 18:16:26:811,-0.0255,-0.3993,9.7266,-0.0024,0.0014,9.8066,-0.0098,0.0023,-0.0138,-29.81,-28.94,4.25,22.13,-87.3,-76.46
52.402287,-1.505224,152.83,1.58,4,60.46,19 / 22,20229,2019-09-06 18:16:26:911,-0.4213,-0.1194,9.8092,0.0025,-0.0002,9.8066,0.0087,0.0054,0.0113,-29.56,-29.31,4.06,22.49,-87.31,-76.11
52.402287,-1.505224,152.83,1.58,4,60.46,19 / 22,20329,2019-09-06 18:16:27:011,-0.0688,-0.1378,9.9859,-0.0004,0.0034,9.8066,0.0009,0.0113,0,-29.06,-29,3.94,23.3,-87.34,-75.62
52.402287,-1.505224,152.83,1.58,4,60.46,20 / 22,20428,2019-09-06 18:16:27:110,-0.222,-0.152,10.0207,-0.0014,0.0013,9.8066,0.0077,-0.0101,-0.006,-29.06,-28.75,3.75,24.41,-87.35,-74.55
52.402287,-1.505224,152.83,1.58,4,60.46,20 / 22,20529,2019-09-06 18:16:27:211,-0.2542,-0.3177,9.8402,-0.0022,-0.0012,9.8066,-0.0127,-0.0118,-0.0077,-29.44,-28.81,4.19,25.14,-87.34,-73.86
52.402287,-1.505224,152.83,1.58,4,60.46,20 / 22,20629,2019-09-06 18:16:27:311,-0.1109,-0.2305,9.9569,-0.0005,-0.0004,9.8066,-0.001,0.0126,0.011,-29.06,-28.62,3.63,25.54,-87.33,-73.48
52.402287,-1.505224,152.83,1.58,4,60.46,20 / 22,20729,2019-09-06 18:16:27:411,-0.1651,-0.1903,9.8417,-0.0013,0.0017,9.8066,0.0046,0.0116,0.0036,-29.69,-28.44,4,25.4,-87.33,-73.28
52.402287,-1.505224,152.83,1.58,4,60.46,20 / 22,20829,2019-09-06 18:16:27:511,-0.1455,-0.2583,9.775,-0.0019,0.0015,9.8066,-0.0084,-0.0019,-0.0129,-29.56,-29.06,3.69,26.65,-87.34,-72.11
52.402287,-1.505224,152.83,1.58,4,60.46,20 / 22,20929,2019-09-06 18:16:27:611,0.148,-0.2388,9.7585,-0.0017,0.0009,9.8066,-0.0059,-0.0079,-0.0153,-29.75,-29.62,3.75,27.44,-87.35,-71.39
52.402287,-1.505224,152.83,1.58,4,60.46,20 / 22,21028,2019-09-06 18:16:27:710,-0.0846,-0.2779,9.8038,-0.0021,-0.0014,9.8066,0.0004,0.0036,0.0068,-29.56,-29,3.38,25.7,-87.33,-71.15
52.402287,-1.505224,152.83,1.58,4,60.46,20 / 22,21129,2019-09-06 18:16:27:811,-0.3363,-0.268,9.8691,-0.0009,0.0015,9.8066,-0.0003,0.0088,0.0058,-29.19,-29.25,3.69,28.25,-87.34,-70.88
52.402287,-1.505224,152.83,1.58,4,60.46,20 / 22,21228,2019-09-06 18:16:27:910,-0.0397,-0.254,9.8088,-0.002,0.0013,9.8066,-0.0082,-0.0092,-0.0183,-29.25,-28.69,3.69,29.53,-87.34,-69.65
52.402287,-1.505224,152.83,1.58,4,60.46,20 / 22,21328,2019-09-06 18:16:28:010,0.1006,-0.2805,9.7312,-0.0021,0,9.8066,0.0046,0.0061,0.0101,-29.37,-29,3.81,30.22,-87.33,-68.99
52.402287,-1.505224,152.83,1.58,4,60.46,20 / 23,21429,2019-09-06 18:16:28:111,-0.2043,-0.3037,9.8801,-0.0035,-0.0013,9.8066,-0.0042,0.0056,-0.01,-29.69,-29.5,3.31,28.48,-87.33,-68.48
52.402287,-1.505224,152.83,1.58,4,60.46,20 / 23,21528,2019-09-06 18:16:28:210,-0.121,-0.1519,9.9708,-0.001,-0.0001,9.8066,-0.0079,-0.0031,0.0084,-29.25,-29,3.56,31.82,-87.31,-67.47
52.402287,-1.505224,152.83,1.58,4,60.46,20 / 23,21629,2019-09-06 18:16:28:311,-0.2992,-0.1998,9.9736,-0.0031,0.0017,9.8066,0.0059,0.008,0.0024,-29.62,-29.31,3.81,32.04,-87.31,-66.95
52.402287,-1.505224,152.83,1.58,4,60.46,20 / 23,21729,2019-09-06 18:16:28:411,-0.2658,-0.2116,10.0454,-0.0014,0.0004,9.8066,-0.005,-0.0058,-0.0053,-29.44,-29.19,3.81,33.51,-87.3,-65.85
52.402287,-1.505224,152.83,1.58,4,60.46,20 / 23,21828,2019-09-06 18:16:28:510,0.0667,-0.2396,9.6898,0.0015,0,9.8066,0.0123,0.0049,0.0011,-29.5,-29.19,3.56,33.94,-87.29,-65.45
52.402287,-1.505224,152.83,1.58,4,60.46,20 / 23,21929,2019-09-06 18:16:28:611,-0.2149,-0.2841,9.8804,-0.0039,-0.0001,9.8066,0.0087,0.0097,0.011,-29.25,-29.19,3.81,34.66,-87.25,-64.77
52.402287,-1.505224,152.83,1.58,4,60.46,20 / 23,22028,2019-09-06 18:16:28:710,0.172,-0.3161,9.6959,-0.0036,0.002,9.8066,-0.0106,-0.0167,-0.019,-29.62,-28.81,3.69,35.2,-87.24,-63.95
52.402287,-1.505224,152.83,1.58,4,60.46,20 / 23,22128,2019-09-06 18:16:28:810,-0.1956,-0.2789,9.9114,-0.0007,-0.0013,9.8066,0.0106,-0.0028,-0.0117,-29.56,-29.12,3.56,35.82,-87.23,-63.36
52.402287,-1.505224,152.83,1.58,4,60.46,20 / 23,22229,2019-09-06 18:16:28:911,-0.0364,-0.1247,10.0043,-0.0004,-0.0012,9.8066,0.0154,0.0039,0.0143,-29.06,-29.25,3.81,36.36,-87.21,-63.17
52.402287,-1.505224,152.83,1.58,4,60.46,20 / 23,22329,2019-09-06 18:16:29:011,-0.1987,-0.169,9.9297,-0.0017,0.0006,9.8066,-0.0004,-0.0105,-0.009,-29.12,-29.06,3.44,35.18,-87.19,-62.37
52.402287,-1.505224,152.83,1.58,4,60.46,20 / 22,22429,2019-09-06 18:16:29:111,-0.0902,-0.2742,9.9134,-0.0008,-0.0018,9.8066,-0.0134,0.0014,-0.0022,-29.87,-29.25,4.25,37.09,-87.17,-62.18
52.402287,-1.505224,152.83,1.58,4,60.46,20 / 22,22529,2019-09-06 18:16:29:211,0.1391,-0.2518,9.7423,-0.0025,-0.0011,9.8066,0.0105,0.0025,0.0128,-29.56,-29.06,3.56,37.37,-87.14,-61.93
52.402287,-1.505224,152.83,1.58,4,60.46,20 / 22,22629,2019-09-06 18:16:29:311,-0.2167,-0.2855,9.8646,-0.004,0.0018,9.8066,0.0046,0.0086,-0.0045,-29.25,-28.62,3.94,38.23,-87.13,-61.41
52.402287,-1.505224,152.83,1.58,4,60.46,20 / 22,22729,2019-09-06 18:16:29:411,0.6228,-0.2724,9.7827,-0.0031,0.0001,9.8066,0.0029,-0.0168,-0.011,-29.56,-29,3.75,38.5,-87.11,-60.86
52.402287,-1.505224,152.83,1.58,4,60.46,20 / 22,22829,2019-09-06 18:16:29:511,0.2119,-0.4023,9.6989,0.0042,-0.0016,9.8066,0.0035,0.0261,0.0122,-29.75,-28.75,3.94,37.88,-87.11,-61.45
52.402287,-1.505224,152.83,1.58,4,60.46,20 / 22,22929,2019-09-06 18:16:29:611,0.6295,-0.2258,10.0145,-0.002,0.0006,9.8066,0.017,-0.0046,-0.0048,-29.19,-29,3.44,35.9,-87.09,-61.74
52.402287,-1.505224,152.83,1.58,4,60.46,20 / 22,23028,2019-09-06 18:16:29:710,0.3806,-0.3285,9.9282,-0.007,0.0025,9.8066,0.0094,-0.0159,-0.0133,-29.5,-29.12,3.44,36.51,-87.1,-61.15
52.402287,-1.505224,152.83,1.58,4,60.46,20 / 22,23129,2019-09-06 18:16:29:811,0.4802,-0.2073,9.9341,-0.0007,-0.0003,9.8066,0.011,0.0148,-0.016,-29.94,-28.62,3.81,37.98,-87.07,-61.38
52.402287,-1.505224,152.83,1.58,4,60.46,20 / 22,23229,2019-09-06 18:16:29:911,1.1189,-0.4438,9.692,-0.0003,0.0018,9.8066,0.0066,0.0082,0.0108,-29.87,-28.87,3.75,38.14,-87.07,-61.23
52.402287,-1.505224,152.83,1.58,4,60.46,20 / 22,23329,2019-09-06 18:16:30:011,0.7345,-0.3347,9.8145,-0.0002,-0.0003,9.8066,0.009,-0.0125,-0.0119,-28.62,-28.31,4.25,38.73,-87.04,-60.93
52.402287,-1.505224,152.83,1.58,4,60.46,19 / 22,23429,2019-09-06 18:16:30:111,0.9311,-0.5317,9.6715,-0.0022,0.0015,9.8066,-0.007,0.0072,-0.0111,-29.06,-29.06,3.56,39.02,-87.05,-60.71
52.402287,-1.505224,152.83,1.58,4,60.46,19 / 22,23529,2019-09-06 18:16:30:211,1.1125,-0.4236,9.6877,0.0036,0.0014,9.8066,-0.0106,0.0091,-0.0045,-28.75,-28.69,3.75,38.98,-87.07,-60.74
52.402287,-1.505224,152.83,1.58,4,60.46,19 / 22,23628,2019-09-06 18:16:30:310,1.0791,-0.4882,9.7312,-0.003,0.0044,9.8066,0.0245,0.0153,0.008,-29.44,-28.94,3.81,38.93,-87.1,-60.76
52.402287,-1.505224,152.83,1.58,4,60.46,19 / 22,23729,2019-09-06 18:16:30:411,0.9504,-0.2371,9.7278,-0.0004,0.0003,9.8066,0.0096,0.0084,-0.021,-29.75,-29.12,4.19,39.03,-87.13,-60.34
52.402287,-1.505224,152.83,1.58,4,60.46,19 / 22,23828,2019-09-06 18:16:30:510,1.4345,-0.3592,9.6139,0.005,0.0018,9.8066,0.0126,0.0087,-0.0167,-29,-29,3.75,38.54,-87.2,-61.07
52.402287,-1.505224,152.83,1.58,4,60.46,19 / 22,23929,2019-09-06 18:16:30:611,0.8023,-0.1796,9.841,0.0061,0.0013,9.8066,-0.0046,0.0066,0.0131,-29.75,-29.19,3.81,37.69,-87.24,-61.56
52.402287,-1.505224,152.83,1.58,4,60.46,19 / 22,24029,2019-09-06 18:16:30:711,0.9106,-0.1855,9.8621,0.0068,0.0026,9.8066,0.0086,0.021,-0.0051,-29.62,-29.06,3.63,36.23,-87.34,-62.9
52.402287,-1.505224,152.83,1.58,4,60.46,19 / 22,24129,2019-09-06 18:16:30:811,1.3595,-0.2945,9.6174,0.0099,0.0015,9.8066,0.0128,0.034,-0.0002,-30,-29.37,3.94,34.87,-87.4,-64.18
52.402287,-1.505224,152.83,1.58,4,60.46,19 / 22,24228,2019-09-06 18:16:30:910,0.4951,-0.4205,9.5209,0.0031,0.0014,9.8066,0.01,0.0081,-0.0142,-29.62,-29.19,4.44,33.08,-87.44,-65.88
52.402287,-1.505224,152.83,1.58,4,60.46,19 / 22,24329,2019-09-06 18:16:31:011,0.7377,-0.7613,9.795,0.0153,-0.0027,9.8065,0.0395,0.0202,0.0061,-30.12,-29.44,5.19,31.77,-87.52,-68.95
52.402287,-1.505224,152.83,1.58,4,60.46,20 / 22,24428,2019-09-06 18:16:31:110,0.5392,-0.6717,9.908,0.0144,0.0004,9.8066,0.0298,-0.0113,0.0085,-30.37,-28.87,5.63,29.27,-87.62,-73.16
52.402287,-1.505224,152.83,1.58,4,60.46,20 / 22,24528,2019-09-06 18:16:31:210,0.0754,-0.9196,9.905,0.0118,-0.0019,9.8066,0.0024,-0.0284,-0.0282,-30.31,-29,5.81,26.35,-87.67,-75.96
52.402287,-1.505224,152.83,1.58,4,60.46,20 / 22,24629,2019-09-06 18:16:31:311,0.5997,-0.4665,9.6183,0.0013,0.0033,9.8066,0.0063,-0.0518,-0.002,-30.19,-29.31,5.38,23.74,-87.72,-76.62
52.402287,-1.505224,152.83,1.58,4,60.46,20 / 22,24729,2019-09-06 18:16:31:411,0.0469,-0.2515,9.9,0.0051,-0.0036,9.8066,0.0203,-0.0666,0.026,-29.81,-28.87,6,23.83,-87.74,-78.37
52.402287,-1.505224,152.83,1.58,4,60.46,20 / 22,24828,2019-09-06 18:16:31:510,0.5203,-0.4692,9.7396,0.0082,-0.0127,9.8066,0.0034,-0.0842,0.0015,-30.25,-29.31,5.44,17.4,-87.62,-82.76
52.402287,-1.505224,152.83,1.58,4,60.46,20 / 22,24929,2019-09-06 18:16:31:611,0.6942,-0.8861,9.6859,0.0069,-0.0154,9.8066,0.0023,-0.092,0.0272,-29.94,-29,5.31,15.25,-87.48,-84.85
52.402287,-1.505224,152.83,1.58,4,60.46,20 / 22,25029,2019-09-06 18:16:31:711,0.5915,-1.1936,9.725,0.002,-0.0079,9.8066,-0.0007,-0.1206,0.0142,-30.06,-28.31,6.5,16.64,-87.26,-87.22
52.402287,-1.505224,152.83,1.58,4,60.46,20 / 22,25129,2019-09-06 18:16:31:811,0.5516,-0.9605,9.7048,0.0028,0.0022,9.8066,-0.0129,-0.1037,0.0061,-30.94,-28.62,6,13.4,-87.26,-88.15
52.402287,-1.505224,152.83,1.58,4,60.46,20 / 22,25228,2019-09-06 18:16:31:910,-0.0986,-1.0717,10.3274,-0.0086,-0.0044,9.8066,0.0261,-0.1264,-0.0069,-30.75,-29,6.94,16.13,-87.24,-87.32
52.402287,-1.505224,152.83,1.58,4,60.46,20 / 22,25329,2019-09-06 18:16:32:011,-0.7142,-1.0528,11.5699,-0.0053,0.0206,9.8065,0.0303,-0.1662,-0.0408,-31.12,-29.37,6.38,15.56,-87.34,-86.07
52.402287,-1.505224,152.83,1.58,4,60.46,20 / 22,25429,2019-09-06 18:16:32:111,-0.622,0.4927,11.2029,0.0354,-0.0011,9.8065,0.04,-0.214,0.0343,-30.69,-28.87,7.38,9.09,-87.59,-93.99
52.402287,-1.505224,152.83,1.58,4,60.46,20 / 22,25528,2019-09-06 18:16:32:210,1.3684,-0.844,10.0037,0.0334,-0.0168,9.8065,0.1092,-0.1076,-0.0554,-30.25,-28.81,8,2.89,-87.43,-102.16
52.402287,-1.505224,152.83,1.58,4,60.46,20 / 22,25629,2019-09-06 18:16:32:311,3.2024,-1.558,8.9983,0.0564,-0.0325,9.8064,0.1423,-0.2501,0.1017,-30.81,-29.56,9.88,346.67,-86.98,-120.55
52.402287,-1.505224,152.83,1.58,4,60.46,20 / 22,25729,2019-09-06 18:16:32:411,3.6032,-3.2876,9.7037,0.0742,-0.0459,9.8062,0.1986,-0.2882,0.0491,-31,-29,10.5,339.31,-86.28,-129.03
52.402287,-1.505224,152.83,1.58,4,60.46,20 / 22,25828,2019-09-06 18:16:32:510,1.539,-2.6323,9.1438,0.0602,-0.0254,9.8064,-0.0068,-0.3123,0.009,-30.81,-28.44,11.5,335.08,-85.79,-134.53
52.402287,-1.505224,152.83,1.58,4,60.46,20 / 22,25929,2019-09-06 18:16:32:611,1.8278,-2.9276,9.854,0.049,-0.0294,9.8064,-0.0485,-0.3588,0.0298,-31.69,-28.5,13,329.99,-85.11,-140.05
52.402287,-1.505224,152.83,1.58,4,60.46,20 / 22,26028,2019-09-06 18:16:32:710,-0.1121,-2.1928,9.7182,0.0066,-0.0067,9.8066,0.0475,-0.4302,0.0704,-31.5,-28.81,13.75,330.48,-84.79,-141.53
52.402287,-1.505224,152.83,1.58,4,60.46,20 / 22,26129,2019-09-06 18:16:32:811,-0.5005,-1.7221,9.9738,0.0361,-0.0299,9.8065,0.0432,-0.4388,0.0546,-31.87,-28.12,15.31,328.94,-84.3,-143.72
52.402287,-1.505224,152.83,1.58,4,60.46,20 / 22,26229,2019-09-06 18:16:32:911,-1.0558,-2.4494,10.5572,0.0495,-0.0251,9.8064,0.2477,-0.5139,0.0504,-31.31,-28,17,328.09,-83.51,-147.77
52.402287,-1.505224,152.83,1.58,4,60.46,20 / 22,26329,2019-09-06 18:16:33:011,-0.478,-2.2133,10.3875,0.0392,0.0133,9.8065,0.0752,-0.4293,-0.104,-31.19,-28.75,18.06,324.36,-83.01,-152.29
52.402287,-1.505224,152.83,1.58,4,60.46,21 / 23,26428,2019-09-06 18:16:33:110,-0.6536,-0.4339,10.5181,0.0348,0.0616,9.8063,-0.057,-0.4201,-0.05,-30.44,-28.87,18.94,319.97,-83.09,-158.54
52.402287,-1.505224,152.83,1.58,4,60.46,21 / 23,26529,2019-09-06 18:16:33:211,-1.2057,-0.1014,10.1768,-0.006,0.0313,9.8065,-0.0861,-0.4503,-0.0068,-30.69,-28.62,19.75,314.53,-83.66,-164.56
52.402287,-1.505224,152.83,1.58,4,60.46,21 / 23,26628,2019-09-06 18:16:33:310,-1.1387,0.5354,9.3982,-0.0211,0.0051,9.8065,-0.0253,-0.4413,0.0768,-30.75,-28.56,19.69,315.11,-84.08,-164.28
52.402287,-1.505224,152.83,1.58,4,60.46,21 / 23,26728,2019-09-06 18:16:33:410,-1.0209,-1.0094,9.0083,-0.0143,-0.0222,9.8066,0.0103,-0.4025,0.144,-30.44,-28.75,20.19,318.46,-83.98,-161.86
52.402287,-1.505224,152.83,1.58,4,60.46,21 / 23,26829,2019-09-06 18:16:33:511,-1.1872,-1.4911,9.5794,-0.0132,-0.041,9.8065,-0.0067,-0.4365,0.0919,-30.75,-27.75,22,326.09,-83.54,-156.45
52.402287,-1.505224,152.83,1.58,4,60.46,21 / 23,26928,2019-09-06 18:16:33:610,-1.4833,-1.338,10.0397,-0.0113,-0.011,9.8065,-0.032,-0.4528,0.0685,-29.69,-28.62,23.13,330.36,-83.46,-154.47
52.402287,-1.505224,152.83,1.58,4,60.46,21 / 23,27029,2019-09-06 18:16:33:711,-1.301,-1.1151,10.1518,-0.0019,0.0038,9.8066,-0.0619,-0.4166,0.0248,-30.94,-28.56,23.31,330.55,-83.51,-153.47
52.402287,-1.505224,152.83,1.58,4,60.46,21 / 23,27128,2019-09-06 18:16:33:810,-0.7155,-0.802,9.9927,-0.0044,0.0069,9.8065,-0.0424,-0.4058,0.0425,-29.75,-28.31,23.94,333.05,-83.68,-153.38
52.402287,-1.505224,152.83,1.58,4,60.46,21 / 23,27229,2019-09-06 18:16:33:911,-0.3295,-1.0298,9.8602,-0.0084,0.0019,9.8066,-0.0262,-0.4247,0.0467,-29.56,-28.44,23.88,333.7,-83.8,-152.82
52.402287,-1.505224,152.83,1.58,4,60.46,21 / 23,27329,2019-09-06 18:16:34:011,-0.188,-1.184,9.7623,-0.0095,0.0006,9.8066,-0.0017,-0.4089,0.0405,-29.87,-27.81,25.13,335.6,-83.79,-152.24
52.402306,-1.505098,152.99,2.93,6,105.48,20 / 23,27428,2019-09-06 18:16:34:110,-0.3161,-1.9817,9.81,-0.0128,0.0096,9.8066,-0.0447,-0.3824,0.0478,-29.75,-28.12,25.56,336.86,-83.63,-152.16
52.402306,-1.505098,152.99,2.93,6,105.48,20 / 23,27529,2019-09-06 18:16:34:211,-0.1592,-1.5042,10.3729,-0.0241,0.0288,9.8065,-0.1041,-0.3647,0.0512,-28.87,-27.56,27.38,339.71,-83.82,-151.62
52.402306,-1.505098,152.99,2.93,6,105.48,20 / 23,27628,2019-09-06 18:16:34:310,0.1057,-0.972,10.1663,0.0124,-0.0107,9.8066,-0.0421,-0.3724,0.0673,-28.69,-27.87,27.31,339.3,-83.85,-152.01
52.402306,-1.505098,152.99,2.93,6,105.48,20 / 23,27729,2019-09-06 18:16:34:411,-0.5882,-0.9332,9.9501,0,-0.0193,9.8065,-0.0723,-0.4308,0.0594,-28.25,-28.5,27.81,342.75,-83.8,-150.86
52.402306,-1.505098,152.99,2.93,6,105.48,20 / 23,27829,2019-09-06 18:16:34:511,-0.8068,-0.8866,9.8078,-0.0081,-0.0204,9.8066,-0.01,-0.3972,0.0955,-27.56,-27.81,28.38,345.33,-83.58,-148.43
52.402306,-1.505098,152.99,2.93,6,105.48,20 / 23,27928,2019-09-06 18:16:34:610,-1.1504,-1.1589,10.1093,-0.0091,-0.0167,9.8066,-0.0106,-0.3845,0.0932,-27.56,-26.81,29.25,348.11,-83.4,-146.91
52.402306,-1.505098,152.99,2.93,6,105.48,20 / 23,28029,2019-09-06 18:16:34:711,-1.3339,-0.5338,10.0181,-0.0018,-0.0109,9.8065,-0.0501,-0.3863,0.0516,-28,-27.62,30.06,350.09,-83.29,-146.03
52.402306,-1.505098,152.99,2.93,6,105.48,20 / 23,28128,2019-09-06 18:16:34:810,-1.2946,-0.4941,10.1228,-0.0015,-0.0042,9.8066,-0.0499,-0.414,0.0065,-27.06,-27.37,30.31,351.92,-83.18,-145.4
52.402306,-1.505098,152.99,2.93,6,105.48,20 / 23,28229,2019-09-06 18:16:34:911,-0.6781,-0.6427,9.6577,0.0101,0.0023,9.8066,-0.0187,-0.3574,0.035,-27.19,-27.81,31.25,351.98,-83.21,-146.27
52.402306,-1.505098,152.99,2.93,6,105.48,20 / 23,28329,2019-09-06 18:16:35:011,-0.6107,-0.5649,9.5572,0.0093,-0.0087,9.8066,-0.019,-0.3431,0.0613,-26.25,-27.69,30.75,352.48,-83.19,-146.87
52.402306,-1.505098,152.99,2.93,6,105.48,20 / 23,28429,2019-09-06 18:16:35:111,-0.6783,0.2005,9.6795,0.0124,-0.0064,9.8066,-0.0067,-0.3262,0.004,-26,-27.37,31.88,353.22,-83.14,-147.11
52.402306,-1.505098,152.99,2.93,6,105.48,20 / 23,28528,2019-09-06 18:16:35:210,-0.6142,0.5462,10.0548,0.0026,0.0095,9.8066,-0.0224,-0.2488,0.0009,-25.87,-27.25,32.69,353,-83.14,-148.18
52.402306,-1.505098,152.99,2.93,6,105.48,20 / 23,28629,2019-09-06 18:16:35:311,-0.543,0.3642,9.9978,0.0018,0.0155,9.8066,0.0295,-0.2204,-0.0085,-25.44,-27.5,32.94,352.95,-83.17,-149.31
52.402306,-1.505098,152.99,2.93,6,105.48,20 / 23,28728,2019-09-06 18:16:35:410,-0.4488,0.28,9.9897,0.0111,-0.0013,9.8066,0.0152,-0.2312,0.0003,-24.62,-27.06,32.94,352.02,-83.18,-150.16
52.402306,-1.505098,152.99,2.93,6,105.48,20 / 23,28829,2019-09-06 18:16:35:511,-0.4019,0.3572,9.8499,0.002,-0.0014,9.8066,-0.011,-0.179,0.0312,-25,-27.56,33.06,351.09,-83.18,-150.99
52.402306,-1.505098,152.99,2.93,6,105.48,20 / 23,28929,2019-09-06 18:16:35:611,-0.4773,0.2534,9.7681,0.009,-0.0048,9.8066,0.0063,-0.1619,0.0182,-24.44,-27.19,32.69,351.85,-83.08,-151.42
52.402306,-1.505098,152.99,2.93,6,105.48,20 / 23,29029,2019-09-06 18:16:35:711,-0.118,-0.0534,10.0376,0.0111,-0.0046,9.8066,-0.0455,-0.1612,-0.0069,-23.69,-27.37,34.13,351.8,-83.04,-152.28
52.402306,-1.505098,152.99,2.93,6,105.48,20 / 23,29129,2019-09-06 18:16:35:811,0.2001,0.1572,9.9571,0.0113,-0.0076,9.8066,-0.0122,-0.1184,-0.0338,-24.12,-27.44,33.69,350.44,-83,-153.52
52.402306,-1.505098,152.99,2.93,6,105.48,20 / 23,29229,2019-09-06 18:16:35:911,-0.4633,0.1713,9.7105,0.0112,-0.0118,9.8066,-0.0073,-0.101,0.0511,-23.94,-27.44,34.13,350,-82.94,-153.92
52.402306,-1.505098,152.99,2.93,6,105.48,20 / 23,29329,2019-09-06 18:16:36:011,-0.6197,0.3905,9.8728,-0.0042,0.0051,9.8065,-0.0591,-0.1129,0.0099,-23.94,-27.75,33.31,348.7,-82.95,-154.25
52.402306,-1.505098,152.99,2.93,6,105.48,20 / 22,29428,2019-09-06 18:16:36:110,-0.5539,0.5081,9.7284,-0.0051,-0.0026,9.8066,0.0317,-0.1103,0.0332,-23.5,-27.56,34.38,351.12,-82.9,-153.99
52.402306,-1.505098,152.99,2.93,6,105.48,20 / 22,29529,2019-09-06 18:16:36:211,-0.8398,0.1968,9.9634,-0.0026,-0.0082,9.8066,0.0059,-0.129,0.0323,-23.62,-27,34.69,351.4,-82.73,-153.4
52.402306,-1.505098,152.99,2.93,6,105.48,20 / 22,29629,2019-09-06 18:16:36:311,-1.0522,0.0803,9.8607,0.0004,0.0014,9.8066,-0.0237,-0.1307,-0.014,-23.25,-26.87,35.06,352.59,-82.72,-153.44
52.402306,-1.505098,152.99,2.93,6,105.48,20 / 22,29729,2019-09-06 18:16:36:411,-1.1242,0.1788,9.6719,0.0031,-0.0023,9.8066,-0.0117,-0.1644,0.0133,-23.56,-27.87,34.88,351.08,-82.69,-153.66
52.402306,-1.505098,152.99,2.93,6,105.48,20 / 22,29828,2019-09-06 18:16:36:510,-0.9799,0.5353,9.8401,0.0066,-0.0017,9.8066,0.0152,-0.1694,-0.0109,-23.44,-27.5,35.56,352.68,-82.69,-154.1
52.402306,-1.505098,152.99,2.93,6,105.48,20 / 22,29929,2019-09-06 18:16:36:611,-0.7622,0.6323,9.8604,0.0061,0.0016,9.8066,-0.0203,-0.1899,0.0131,-23.06,-27.75,34.63,351.06,-82.72,-154.8
52.402306,-1.505098,152.99,2.93,6,105.48,20 / 22,30029,2019-09-06 18:16:36:711,-0.491,0.4225,9.8077,0.0014,0.0031,9.8066,0.0018,-0.1527,0.0238,-21.94,-27.69,35.56,352.45,-82.72,-155.43
52.402306,-1.505098,152.99,2.93,6,105.48,20 / 22,30128,2019-09-06 18:16:36:810,-0.6013,0.6615,9.8768,0.0106,0.0017,9.8066,0.0015,-0.1514,-0.0164,-21.31,-28,34.69,351.66,-82.72,-156.59
52.402306,-1.505098,152.99,2.93,6,105.48,20 / 22,30230,2019-09-06 18:16:36:912,-0.478,0.6663,9.9246,0.0062,-0.0033,9.8066,0.0077,-0.1544,0.0159,-21.62,-28.12,35.69,350.55,-82.72,-157.15
52.402306,-1.505098,152.99,2.93,6,105.48,20 / 22,30329,2019-09-06 18:16:37:011,-0.1915,0.636,9.7686,0.0061,0.0016,9.8066,0.0002,-0.1284,0.0039,-21,-27.19,35.38,350.26,-82.68,-157.88
52.402306,-1.505098,152.99,2.93,6,105.48,19 / 21,30428,2019-09-06 18:16:37:110,-0.4732,0.8494,9.737,0.0085,0.0055,9.8065,0.0026,-0.1075,0.0167,-21.06,-27.81,35.44,349.68,-82.72,-158.38
52.402306,-1.505098,152.99,2.93,6,105.48,19 / 21,30529,2019-09-06 18:16:37:211,-0.2661,0.8561,9.9818,0.0055,-0.0034,9.8065,-0.0189,-0.084,-0.0106,-21.12,-27.87,35,349.38,-82.72,-158.66
52.402306,-1.505098,152.99,2.93,6,105.48,19 / 21,30629,2019-09-06 18:16:37:311,-0.4127,0.8413,10.0489,0.0072,0.0003,9.8066,0.016,-0.089,0.0206,-21.25,-27.94,36.38,349.41,-82.69,-159.35
52.402306,-1.505098,152.99,2.93,6,105.48,19 / 21,30729,2019-09-06 18:16:37:411,-0.3816,0.5798,9.6797,0.0081,-0.011,9.8066,-0.029,-0.0585,0.0018,-20.87,-27.87,35.5,348.71,-82.6,-159.98
52.402306,-1.505098,152.99,2.93,6,105.48,19 / 21,30830,2019-09-06 18:16:37:512,-0.5056,1.0687,9.8331,0.0058,-0.0067,9.8066,0.0278,-0.0482,0.0028,-20.56,-28.12,35.94,348.35,-82.58,-160.3
52.402306,-1.505098,152.99,2.93,6,105.48,19 / 21,30929,2019-09-06 18:16:37:611,-0.5145,0.9215,10.0511,0.0033,0.0057,9.8066,0.0046,-0.0476,-0.0002,-20.25,-27.44,35.81,349.16,-82.6,-160.79
52.402306,-1.505098,152.99,2.93,6,105.48,19 / 21,31028,2019-09-06 18:16:37:710,-0.2828,0.8726,9.8949,0.0018,0.0009,9.8066,-0.0073,-0.0365,-0.0102,-20.31,-27.94,36.69,349.53,-82.59,-161.1
52.402306,-1.505098,152.99,2.93,6,105.48,19 / 21,31129,2019-09-06 18:16:37:811,-0.392,0.9955,9.9122,0.004,-0.0011,9.8066,0.0322,-0.0363,0.0151,-19.87,-27.56,36.31,348.57,-82.56,-161.28
52.402306,-1.505098,152.99,2.93,6,105.48,19 / 21,31229,2019-09-06 18:16:37:911,-0.5412,0.8949,9.7347,0.0033,-0.0026,9.8066,-0.008,-0.0167,-0.012,-19.81,-27.56,36.38,348.13,-82.52,-161.68
52.402306,-1.505098,152.99,2.93,6,105.48,19 / 21,31329,2019-09-06 18:16:38:011,-0.2993,0.884,9.7547,0.0002,0.0045,9.8066,0.0083,-0.0157,0.0005,-19.69,-27.19,36.5,348.81,-82.5,-161.77
52.402306,-1.505098,152.99,2.93,6,105.48,20 / 22,31429,2019-09-06 18:16:38:111,-0.3959,0.8849,9.802,0.0005,0.0049,9.8066,0.0282,-0.0296,0.0097,-19.81,-28.06,36.25,347.82,-82.52,-161.96
52.402306,-1.505098,152.99,2.93,6,105.48,20 / 22,31528,2019-09-06 18:16:38:210,-0.4852,0.9836,9.7649,0.0009,-0.0018,9.8066,-0.0207,-0.0096,-0.0055,-20.31,-26.94,36.31,347.82,-82.48,-161.99
52.402306,-1.505098,152.99,2.93,6,105.48,20 / 22,31629,2019-09-06 18:16:38:311,-0.4704,0.9888,9.9123,-0.0006,0.0004,9.8066,-0.0135,-0.0145,-0.0018,-20.31,-27.31,35.88,347.79,-82.49,-162.02
52.402306,-1.505098,152.99,2.93,6,105.48,20 / 22,31728,2019-09-06 18:16:38:410,-0.4869,0.9984,9.9787,0.0025,-0.0027,9.8066,-0.0078,-0.012,0.0064,-20,-27.19,36.25,347.61,-82.49,-162.18
52.402306,-1.505098,152.99,2.93,6,105.48,20 / 22,31829,2019-09-06 18:16:38:511,-0.3367,1.0066,9.7307,0.0007,0,9.8066,-0.0073,0.0046,0.0113,-20.19,-27.75,36.5,348.16,-82.48,-162.32
52.402306,-1.505098,152.99,2.93,6,105.48,20 / 22,31929,2019-09-06 18:16:38:611,-0.4381,1.0025,9.7122,-0.0009,0.0013,9.8066,-0.0125,0.0068,0.0063,-20.06,-27.12,35.69,347.63,-82.49,-162.16
52.402306,-1.505098,152.99,2.93,6,105.48,20 / 22,32029,2019-09-06 18:16:38:711,-0.4307,1.0711,9.7306,-0.004,0.0015,9.8066,0.0063,-0.0104,0.0072,-19.69,-26.75,35.75,347.86,-82.51,-161.96
52.402306,-1.505098,152.99,2.93,6,105.48,20 / 22,32129,2019-09-06 18:16:38:811,-0.6129,0.8917,9.8468,-0.0002,0.0006,9.8065,-0.0072,-0.0042,0.0014,-19.94,-26.87,35.69,348.1,-82.48,-161.73
52.402306,-1.505098,152.99,2.93,6,105.48,20 / 22,32228,2019-09-06 18:16:38:910,-0.5791,0.9102,9.9135,-0.0005,0.0005,9.8065,0.0122,0.0115,0.0057,-19.5,-26.87,35.88,349.43,-82.5,-161.75
52.402306,-1.505098,152.99,2.93,6,105.48,20 / 22,32340,2019-09-06 18:16:39:022,-0.4478,0.9883,9.9432,0.0004,0.0014,9.8066,0.004,0.0187,0,-19.37,-26.62,35.44,348.7,-82.5,-161.72
52.402306,-1.505098,152.99,2.93,6,105.48,21 / 23,32428,2019-09-06 18:16:39:110,-0.1961,0.601,9.8147,0.0012,0.0014,9.8066,0.0052,0.0001,-0.0033,-19.75,-26.69,35.81,348.08,-82.5,-161.75
52.402306,-1.505098,152.99,2.93,6,105.48,21 / 23,32528,2019-09-06 18:16:39:210,-0.2173,0.5162,9.9198,-0.0013,-0.0005,9.8066,0.0083,-0.0071,-0.0039,-19.69,-26.56,35.88,348.14,-82.47,-161.69
52.402306,-1.505098,152.99,2.93,6,105.48,21 / 23,32629,2019-09-06 18:16:39:311,-0.2377,0.6844,9.9375,-0.0008,-0.0039,9.8066,-0.0032,0.0021,-0.0096,-19.19,-26.75,36.19,349.72,-82.45,-161.48
52.402306,-1.505098,152.99,2.93,6,105.48,21 / 23,32729,2019-09-06 18:16:39:411,-0.404,0.6822,9.9108,0.0003,-0.0016,9.8065,-0.0103,-0.0112,0.0037,-19.37,-27.37,35.81,349.87,-82.44,-161.34
52.402306,-1.505098,152.99,2.93,6,105.48,21 / 23,32828,2019-09-06 18:16:39:510,-0.2734,0.5657,9.8466,0.0008,-0.0006,9.8066,-0.0026,0.0094,0.0028,-19.19,-27.5,35.94,349.84,-82.44,-161.37
52.402306,-1.505098,152.99,2.93,6,105.48,21 / 23,32929,2019-09-06 18:16:39:611,-0.1056,0.3282,9.8533,-0.001,0.0019,9.8066,-0.0063,0.0133,-0.0015,-19.19,-27,35.94,349.91,-82.46,-161.3
52.402306,-1.505098,152.99,2.93,6,105.48,21 / 23,33029,2019-09-06 18:16:39:711,-0.0695,0.3295,9.9764,-0.0018,0.0026,9.8066,0.0055,-0.0008,0.0103,-19.12,-26.56,35.88,349.93,-82.47,-161.29
52.402306,-1.505098,152.99,2.93,6,105.48,21 / 23,33129,2019-09-06 18:16:39:811,-0.2399,0.4993,9.8676,-0.0019,0.0018,9.8066,0.0224,0.0054,0.0004,-19.25,-26.94,35.44,349.34,-82.44,-161.13
52.402306,-1.505098,152.99,2.93,6,105.48,21 / 23,33228,2019-09-06 18:16:39:910,-0.1313,0.44,9.897,-0.0031,0,9.8066,0.0136,-0.0141,-0.0084,-18.87,-26.31,36.25,350.4,-82.44,-160.89
52.402306,-1.505098,152.99,2.93,6,105.48,21 / 23,33329,2019-09-06 18:16:40:011,-0.1227,0.3107,9.8736,0.0007,0.0002,9.8066,-0.0026,0.0056,0.0042,-19.44,-27.25,35.94,350.42,-82.44,-160.84
52.402306,-1.505098,152.99,2.93,6,105.48,19 / 21,33428,2019-09-06 18:16:40:110,-0.2263,0.5495,10.004,-0.0001,0,9.8066,-0.0122,-0.0002,-0.0011,-19.25,-27.44,36.25,350.49,-82.45,-160.78
52.402306,-1.505098,152.99,2.93,6,105.48,19 / 21,33529,2019-09-06 18:16:40:211,-0.1649,0.5749,9.8978,-0.0014,0.0017,9.8066,0.0027,0.0116,0.0018,-19.25,-26.94,35.31,349.76,-82.47,-160.75
52.402306,-1.505098,152.99,2.93,6,105.48,19 / 21,33628,2019-09-06 18:16:40:310,-0.1375,0.5143,9.7364,-0.0014,0.0009,9.8066,0.0112,-0.0102,-0.0077,-19.25,-26.62,35.69,350.72,-82.5,-160.57
52.402306,-1.505098,152.99,2.93,6,105.48,19 / 21,33729,2019-09-06 18:16:40:411,-0.2933,0.6028,9.8817,-0.0012,-0.0011,9.8066,-0.0022,-0.0133,-0.0065,-19.31,-27.19,35.56,351,-82.51,-160.33
52.402306,-1.505098,152.99,2.93,6,105.48,19 / 21,33829,2019-09-06 18:16:40:511,-0.1717,0.2525,9.8746,-0.0021,0.0011,9.8066,0.0014,-0.0072,0.0029,-19.12,-26.94,35.88,351.16,-82.53,-160.18
52.402306,-1.505098,152.99,2.93,6,105.48,19 / 21,33929,2019-09-06 18:16:40:611,0.0798,0.2641,9.914,0.0009,0.0003,9.8066,0.0009,-0.0106,0.0027,-19.56,-26.75,35.81,349.93,-82.54,-160.08
52.402306,-1.505098,152.99,2.93,6,105.48,19 / 21,34029,2019-09-06 18:16:40:711,0.0106,0.3825,9.8476,-0.0004,-0.0025,9.8066,0.0127,0.0051,0.008,-19,-26.94,36.56,352.07,-82.55,-160.01
52.402306,-1.505098,152.99,2.93,6,105.48,19 / 21,34128,2019-09-06 18:16:40:810,0.0541,0.284,9.8885,-0.004,0.0018,9.8066,0.0152,-0.0032,0.0012,-19.5,-26.62,35.94,351.49,-82.56,-159.88
52.402306,-1.505098,152.99,2.93,6,105.48,19 / 21,34229,2019-09-06 18:16:40:911,0.1164,0.0231,9.8827,-0.0029,-0.0003,9.8066,-0.0002,0.0015,-0.0079,-19.31,-27.12,36.19,351.99,-82.56,-159.43
52.402306,-1.505098,152.99,2.93,6,105.48,19 / 21,34329,2019-09-06 18:16:41:011,0.2867,-0.385,9.8535,-0.0006,-0.0026,9.8066,-0.0107,-0.0018,-0.004,-19.19,-26.69,36,352.34,-82.56,-159.12
52.402306,-1.505098,152.99,2.93,6,105.48,21 / 23,34429,2019-09-06 18:16:41:111,0.2751,-0.2266,9.9146,0.0012,-0.0007,9.8066,0.0041,-0.0023,0.0084,-19.87,-26.69,36,350.97,-82.56,-159.14
52.402306,-1.505098,152.99,2.93,6,105.48,21 / 23,34528,2019-09-06 18:16:41:210,0.1577,0.0997,9.6292,-0.001,0.0035,9.8066,-0.0009,0.0116,0.0085,-19.75,-26.37,35.63,351.14,-82.56,-159.01
52.402306,-1.505098,152.99,2.93,6,105.48,21 / 23,34628,2019-09-06 18:16:41:310,0.1454,0.1746,9.8045,-0.0022,-0.0005,9.8066,0.0045,0.0001,-0.0098,-19.19,-26.62,36.19,352.73,-82.61,-158.77
52.402306,-1.505098,152.99,2.93,6,105.48,21 / 23,34729,2019-09-06 18:16:41:411,0.1989,0.1231,10.0137,-0.0009,0.0002,9.8066,0.0025,0.0043,-0.0115,-19,-27.37,36.38,352.93,-82.64,-158.59
52.402306,-1.505098,152.99,2.93,6,105.48,21 / 23,34829,2019-09-06 18:16:41:511,0.1631,0.1386,9.8279,-0.0019,0.0008,9.8066,-0.0078,-0.0115,-0.0028,-19.31,-27.44,36.56,353.84,-82.65,-158.42
52.402306,-1.505098,152.99,2.93,6,105.48,21 / 23,34928,2019-09-06 18:16:41:610,0.0389,0.0343,9.7593,-0.0017,0.0015,9.8066,-0.0099,0.0123,0.0045,-19.19,-26.75,36.25,353.22,-82.68,-158.32
52.402306,-1.505098,152.99,2.93,6,105.48,21 / 23,35029,2019-09-06 18:16:41:711,0.0682,0.0813,9.9534,-0.0021,0.0041,9.8066,0.0116,-0.0046,0.0075,-19.69,-26.81,36.5,352.84,-82.72,-158.13
52.402306,-1.505098,152.99,2.93,6,105.48,21 / 23,35129,2019-09-06 18:16:41:811,0.1766,0.0003,9.8772,-0.0003,0.0004,9.8066,0.0036,0.0041,0.0014,-19.19,-27.37,36,353.56,-82.74,-158.02
52.402306,-1.505098,152.99,2.93,6,105.48,21 / 23,35229,2019-09-06 18:16:41:911,0.1125,0.2506,9.9146,-0.0009,0.0002,9.8066,-0.0087,-0.0106,-0.0154,-18.94,-27.19,36.25,353.74,-82.76,-157.87
52.402306,-1.505098,152.99,2.93,6,105.48,21 / 23,35329,2019-09-06 18:16:42:011,0.195,0.0288,9.9016,-0.0012,0.0017,9.8066,-0.0079,0.0152,0.0053,-19.5,-27.19,36.56,354.63,-82.8,-157.71
52.402306,-1.505098,152.99,2.93,6,105.48,20 / 22,35429,2019-09-06 18:16:42:111,0.0891,0.0658,9.924,-0.0017,0.0032,9.8066,0.0004,0.001,0.0128,-19.25,-26.75,36.5,354.78,-82.83,-157.58
52.402306,-1.505098,152.99,2.93,6,105.48,20 / 22,35528,2019-09-06 18:16:42:210,-0.0113,0.1256,9.8655,-0.0016,0.0014,9.8066,-0.0027,0.0095,-0.0018,-19.44,-27.25,36.31,354.13,-82.87,-157.52
52.402306,-1.505098,152.99,2.93,6,105.48,20 / 22,35629,2019-09-06 18:16:42:311,0.2573,-0.1362,9.7751,-0.0016,0.0021,9.8066,-0.0021,-0.0136,-0.0158,-18.56,-27.25,36.13,354.42,-82.91,-157.25
52.402306,-1.505098,152.99,2.93,6,105.48,20 / 22,35728,2019-09-06 18:16:42:410,0.248,-0.0152,9.8292,-0.0019,0.0049,9.8066,0.0055,0.0141,0.0098,-18.75,-26.37,36.38,354.54,-82.96,-157.17
52.402306,-1.505098,152.99,2.93,6,105.48,20 / 22,35829,2019-09-06 18:16:42:511,0.0858,0.1466,9.8505,-0.0013,0.001,9.8066,-0.004,0.0076,0.0005,-19.25,-27.31,36.25,354.67,-82.97,-157.03
52.402306,-1.505098,152.99,2.93,6,105.48,20 / 22,35929,2019-09-06 18:16:42:611,0.2661,0.045,9.8768,-0.0032,0.0024,9.8066,0.0017,0.0077,-0.0053,-18.94,-26.56,36.5,355.65,-83.04,-156.79
52.402306,-1.505098,152.99,2.93,6,105.48,20 / 22,36028,2019-09-06 18:16:42:710,0.221,-0.05,9.8481,-0.0025,0.0042,9.8066,-0.0061,-0.0067,-0.0051,-19.31,-26.75,35.81,355.2,-83.08,-156.56
52.402306,-1.505098,152.99,2.93,6,105.48,20 / 22,36129,2019-09-06 18:16:42:811,0.0791,-0.0106,9.7758,-0.001,0.002,9.8065,-0.0103,0.0007,-0.0044,-19.25,-26.81,35.81,355.37,-83.12,-156.41
52.402306,-1.505098,152.99,2.93,6,105.48,20 / 22,36229,2019-09-06 18:16:42:911,0.1703,-0.0692,9.8982,-0.0012,0.0045,9.8066,0.0054,0.0057,0.0151,-19.5,-27.06,36.44,355.45,-83.19,-156.34
52.402306,-1.505098,152.99,2.93,6,105.48,20 / 22,36328,2019-09-06 18:16:43:010,0.2004,0.132,9.9668,-0.0032,0.0037,9.8066,0.0139,0.0012,-0.0046,-18.81,-27.12,36.94,356.52,-83.24,-156.01
52.40224,-1.50498,153.28,0,4,155.98,20 / 22,36429,2019-09-06 18:16:43:111,0.2924,-0.17,9.8252,-0.001,0.0024,9.8066,-0.0106,-0.0101,-0.0037,-18.75,-27,36.81,356.66,-83.26,-155.88
52.40224,-1.50498,153.28,0,4,155.98,20 / 22,36528,2019-09-06 18:16:43:210,0.219,0.0862,9.9592,-0.0021,0.0018,9.8066,-0.0098,0.0043,-0.0078,-18.94,-26.75,36.38,356.13,-83.31,-155.72
52.40224,-1.50498,153.28,0,4,155.98,20 / 22,36628,2019-09-06 18:16:43:310,0.1625,-0.1133,9.8835,-0.0011,0.0055,9.8065,0.0101,-0.0024,0.0134,-19.06,-27.06,36.31,356.17,-83.35,-155.69
52.40224,-1.50498,153.28,0,4,155.98,20 / 22,36729,2019-09-06 18:16:43:411,0.1588,-0.0158,9.8154,-0.0021,0.0024,9.8066,0.0059,0.0049,-0.0027,-19.37,-27,36.69,356.96,-83.38,-155.61
52.40224,-1.50498,153.28,0,4,155.98,20 / 22,36828,2019-09-06 18:16:43:510,0.2446,-0.1582,9.83,-0.0001,0.002,9.8066,-0.0033,-0.008,-0.0085,-19.37,-26.87,36.31,356.4,-83.43,-155.48
52.40224,-1.50498,153.28,0,4,155.98,20 / 22,36929,2019-09-06 18:16:43:611,0.2998,-0.1104,9.857,0.0001,0.0029,9.8066,-0.0059,-0.0009,-0.0063,-19.44,-26.62,36,356.26,-83.47,-155.61
52.40224,-1.50498,153.28,0,4,155.98,20 / 22,37029,2019-09-06 18:16:43:711,0.1509,-0.0499,9.7927,0.0007,0.0037,9.8066,-0.0036,0.0015,0.0089,-18.81,-26.5,36.31,356.22,-83.5,-155.66
52.40224,-1.50498,153.28,0,4,155.98,20 / 22,37128,2019-09-06 18:16:43:810,0.241,-0.0659,9.8947,-0.0012,0.0013,9.8066,0.0005,0.0053,-0.0032,-19.25,-27,35.5,356.32,-83.55,-155.55
52.40224,-1.50498,153.28,0,4,155.98,20 / 22,37229,2019-09-06 18:16:43:911,0.2566,-0.2255,9.8026,-0.0008,0.003,9.8066,-0.0128,0.0025,-0.0076,-19.44,-27.81,36.5,357.07,-83.58,-155.51
52.40224,-1.50498,153.28,0,4,155.98,20 / 22,37329,2019-09-06 18:16:44:011,0.1426,0.0168,9.8612,0.0007,0.001,9.8066,-0.0003,-0.0034,-0.0067,-19.37,-27.44,36.44,356.39,-83.59,-155.5
52.40224,-1.50498,153.28,0,4,155.98,20 / 22,37428,2019-09-06 18:16:44:110,0.1994,-0.0322,9.9424,0.0005,0.003,9.8066,-0.007,0.0009,0.0033,-19.37,-27.25,36.25,356.2,-83.63,-155.67
52.40224,-1.50498,153.28,0,4,155.98,20 / 22,37529,2019-09-06 18:16:44:211,0.2489,-0.0742,9.9086,-0.0003,0.0014,9.8066,0.0013,0.0016,-0.0018,-19.12,-27.5,37,356.87,-83.68,-155.7
52.40224,-1.50498,153.28,0,4,155.98,20 / 22,37629,2019-09-06 18:16:44:311,0.1112,0.0139,9.904,-0.002,0.0037,9.8066,0.0154,-0.0235,-0.0146,-19.37,-27,36.06,356.23,-83.69,-155.65
52.40224,-1.50498,153.28,0,4,155.98,20 / 22,37728,2019-09-06 18:16:44:410,0.2802,-0.3407,9.8172,0.0026,0.003,9.8065,-0.0042,0.0118,0.0152,-19.25,-26.25,36.06,356.02,-83.73,-155.86
52.40224,-1.50498,153.28,0,4,155.98,20 / 22,37828,2019-09-06 18:16:44:510,0.2341,-0.0799,9.8177,0.0002,-0.0004,9.8066,0.0025,0.0058,-0.0025,-18.94,-26.25,36.13,356.03,-83.75,-155.84
52.40224,-1.50498,153.28,0,4,155.98,20 / 22,37929,2019-09-06 18:16:44:611,0.1718,-0.0487,9.9436,0.0007,-0.0012,9.8066,-0.006,-0.0057,-0.0002,-19.31,-27.31,36.63,356.64,-83.77,-155.92
52.40224,-1.50498,153.28,0,4,155.98,20 / 22,38028,2019-09-06 18:16:44:710,0.2245,-0.0586,9.8666,-0.0002,0.0016,9.8066,-0.0128,-0.0198,-0.0212,-18.81,-28.37,35.88,355.93,-83.78,-155.92
52.40224,-1.50498,153.28,0,4,155.98,20 / 22,38129,2019-09-06 18:16:44:811,0.141,-0.3743,9.8889,0.0025,0.0002,9.8066,0.0079,0.0055,0.0202,-19.12,-28.44,36.38,355.64,-83.8,-156.19
52.40224,-1.50498,153.28,0,4,155.98,20 / 22,38228,2019-09-06 18:16:44:910,0.1451,0.0433,9.826,-0.0022,0.0031,9.8066,0.0026,-0.0047,0.007,-19.31,-28.37,36.38,355.68,-83.82,-156.15
52.40224,-1.50498,153.28,0,4,155.98,20 / 22,38329,2019-09-06 18:16:45:011,0.3869,-0.5308,9.847,0.0011,-0.0004,9.8066,0.0118,-0.0034,-0.0019,-19.37,-28.56,36.63,356.33,-83.83,-156.19
52.40224,-1.50498,153.28,0,4,155.98,20 / 22,38429,2019-09-06 18:16:45:111,0.3158,-0.484,9.825,0.0011,-0.0026,9.8066,-0.0107,-0.0153,-0.0135,-19.5,-28.12,36.69,356.31,-83.83,-156.22
52.40224,-1.50498,153.28,0,4,155.98,20 / 22,38528,2019-09-06 18:16:45:210,0.3225,-0.4507,9.8277,0.0024,-0.0017,9.8066,-0.0098,0.0147,0.0053,-19.5,-28.25,36.5,356.15,-83.85,-156.37
52.40224,-1.50498,153.28,0,4,155.98,20 / 22,38629,2019-09-06 18:16:45:311,0.3939,-0.5306,9.873,0.0022,-0.0012,9.8066,-0.0002,0.004,0.0103,-19.56,-28.31,36.5,354.57,-83.85,-156.62
52.40224,-1.50498,153.28,0,4,155.98,20 / 22,38729,2019-09-06 18:16:45:411,0.4884,-0.7468,9.9862,0.0007,0.0008,9.8066,0.0048,0.0067,-0.0045,-20,-28.06,36.88,354.44,-83.85,-156.74
52.40224,-1.50498,153.28,0,4,155.98,20 / 22,38829,2019-09-06 18:16:45:511,0.4977,-0.7854,9.9924,0.0028,-0.0019,9.8066,0.0095,0.001,-0.0081,-19.69,-27.81,36.88,354.16,-83.84,-157
52.40224,-1.50498,153.28,0,4,155.98,20 / 22,38928,2019-09-06 18:16:45:610,0.2364,-0.3829,9.8992,0.003,-0.0032,9.8066,0.001,-0.0119,-0.0056,-20.37,-28.06,36.56,353.95,-83.81,-157.18
52.40224,-1.50498,153.28,0,4,155.98,20 / 22,39028,2019-09-06 18:16:45:710,0.4244,-0.6185,9.8083,0.0028,-0.0034,9.8065,-0.0004,-0.0086,-0.0034,-20.31,-27.94,37.38,353.74,-83.8,-157.38
52.40224,-1.50498,153.28,0,4,155.98,20 / 22,39129,2019-09-06 18:16:45:811,0.3396,-0.1798,9.8892,-0.0006,0.0013,9.8066,0.014,0.0063,-0.0104,-20.06,-27.19,37.44,353.39,-83.77,-157.72
52.40224,-1.50498,153.28,0,4,155.98,20 / 22,39228,2019-09-06 18:16:45:910,0.968,-1.5682,9.8416,0.0032,-0.0001,9.8066,-0.0058,-0.0223,0.003,-19.94,-28.37,37.31,353.02,-83.75,-158.04
52.40224,-1.50498,153.28,0,4,155.98,20 / 22,39328,2019-09-06 18:16:46:010,0.5644,-0.8482,9.8043,0.0013,0.0011,9.8066,0.0083,-0.008,-0.0028,-19.81,-28.12,37.5,353.48,-83.74,-158.26
52.40224,-1.50498,153.28,0,4,155.98,20 / 23,39429,2019-09-06 18:16:46:111,0.7726,-0.9494,9.9616,0.0038,-0.0061,9.8065,0.0112,0.0191,-0.0084,-20.62,-28,37.63,352.02,-83.71,-158.45
52.40224,-1.50498,153.28,0,4,155.98,20 / 23,39529,2019-09-06 18:16:46:211,0.1531,-0.2289,9.9638,0,0.0041,9.8066,-0.0122,0.0103,0.0111,-20.12,-28.19,37.63,353.12,-83.74,-158.59
52.40224,-1.50498,153.28,0,4,155.98,20 / 23,39628,2019-09-06 18:16:46:310,0.6123,-0.7232,9.9328,0.0038,-0.0031,9.8065,0.0098,0.014,-0.0108,-20.25,-28,36.69,352.19,-83.69,-158.8
52.40224,-1.50498,153.28,0,4,155.98,20 / 23,39729,2019-09-06 18:16:46:411,0.4145,-0.3241,9.8793,0.0026,-0.0011,9.8066,0.013,0.0305,-0.0049,-20.44,-27.56,36.69,351.98,-83.67,-158.99
52.40224,-1.50498,153.28,0,4,155.98,20 / 23,39828,2019-09-06 18:16:46:510,0.9397,-1.0335,9.8527,0.0031,-0.0037,9.8066,-0.0087,0.0247,0.0061,-20.25,-27.81,36.88,351.67,-83.66,-159.28
52.40224,-1.50498,153.28,0,4,155.98,20 / 23,39929,2019-09-06 18:16:46:611,1.2157,-1.6517,9.9767,0.0018,-0.0014,9.8066,0.0286,0.0518,0.0013,-20.19,-27.81,36.81,351.52,-83.64,-159.41
52.40224,-1.50498,153.28,0,4,155.98,20 / 23,40029,2019-09-06 18:16:46:711,0.4333,-0.5541,9.8894,-0.0027,-0.0005,9.8065,-0.0128,0.0314,0.0075,-20.37,-28.06,36,350.85,-83.57,-159.34
52.40224,-1.50498,153.28,0,4,155.98,20 / 23,40128,2019-09-06 18:16:46:810,0.3639,-0.6031,9.899,0.003,-0.0105,9.8066,0.0088,0.0472,0.0051,-20.19,-27.75,37,351.63,-83.5,-159.3
52.40224,-1.50498,153.28,0,4,155.98,20 / 23,40228,2019-09-06 18:16:46:910,0.7721,-1.2696,9.9533,-0.0006,-0.0012,9.8066,-0.0212,0.044,-0.0131,-20.44,-27.87,36.25,351.07,-83.44,-159.12
52.40224,-1.50498,153.28,0,4,155.98,20 / 23,40329,2019-09-06 18:16:47:011,0.7415,-1.3012,9.7709,0.0022,-0.0046,9.8066,-0.0086,0.0376,-0.0067,-20.25,-27.81,37.06,351.79,-83.44,-159.14
52.40224,-1.50498,153.28,0,4,155.98,20 / 23,40429,2019-09-06 18:16:47:111,0.4981,-0.7236,9.8768,-0.0017,-0.0009,9.8066,0.0189,0.0545,0.005,-20.19,-27.94,36.69,351.67,-83.37,-159.25
52.40224,-1.50498,153.28,0,4,155.98,20 / 23,40529,2019-09-06 18:16:47:211,0.5479,-0.8291,9.9228,-0.005,0.004,9.8066,0.0136,0.0442,0.0067,-19.69,-27.69,37.13,351.95,-83.36,-158.99
52.40224,-1.50498,153.28,0,4,155.98,20 / 23,40628,2019-09-06 18:16:47:310,0.737,-1.3823,9.9829,0.0036,-0.0118,9.8065,0.0142,0.0361,-0.0101,-20.25,-27.12,37,352.14,-83.27,-158.83
52.40224,-1.50498,153.28,0,4,155.98,20 / 23,40729,2019-09-06 18:16:47:411,0.6036,-1.0294,9.9474,0.0074,-0.0107,9.8065,0.0164,0.0425,0.0014,-19.56,-28.19,36.81,351.71,-83.18,-159.18
52.40224,-1.50498,153.28,0,4,155.98,20 / 23,40829,2019-09-06 18:16:47:511,0.434,-0.75,9.8388,-0.0027,-0.0001,9.8066,-0.0282,0.0089,-0.0164,-20.56,-26,36.63,350.48,-83.11,-159.18
52.40224,-1.50498,153.28,0,4,155.98,20 / 23,40928,2019-09-06 18:16:47:610,1.068,-1.4579,10.0488,0.0063,-0.0041,9.8066,-0.0443,0.0187,-0.0223,-20.56,-26.87,36.38,349.29,-83.06,-159.55
52.40224,-1.50498,153.28,0,4,155.98,20 / 23,41029,2019-09-06 18:16:47:711,0.4095,-0.8018,9.9031,-0.002,-0.0024,9.8066,0.0473,0.0083,0.0144,-21.19,-26.69,36.31,349.2,-83.03,-159.62
52.40224,-1.50498,153.28,0,4,155.98,20 / 23,41128,2019-09-06 18:16:47:810,0.9663,-1.5005,9.9276,-0.002,-0.0042,9.8066,0.0448,0.0027,0.011,-20.87,-26.5,36.5,350.12,-82.91,-159.48
52.40224,-1.50498,153.28,0,4,155.98,20 / 23,41229,2019-09-06 18:16:47:911,0.9399,-1.7069,10.1212,-0.0013,-0.0129,9.8066,-0.01,-0.0099,0.0248,-20.56,-25.75,36.63,350.66,-82.78,-158.97
52.40224,-1.50498,153.28,0,4,155.98,20 / 23,41329,2019-09-06 18:16:48:011,1.0707,-1.7588,10.1339,-0.0091,0.0023,9.8066,0.0089,0.0149,0.0015,-20.25,-26.75,36.81,352.85,-82.82,-158.12
52.40224,-1.50498,153.28,0,4,155.98,21 / 23,41428,2019-09-06 18:16:48:110,1.0101,-1.5098,9.9388,0,-0.0004,9.8066,-0.0227,-0.0142,0.0076,-20.5,-26.87,37.5,353.77,-82.77,-157.93
52.40224,-1.50498,153.28,0,4,155.98,21 / 23,41529,2019-09-06 18:16:48:211,0.8659,-1.2307,10.0233,0.0021,-0.007,9.8066,-0.0225,0.0339,-0.0246,-21.37,-27.12,36.13,350.98,-82.71,-157.95
52.40224,-1.50498,153.28,0,4,155.98,21 / 23,41628,2019-09-06 18:16:48:310,0.8372,-0.9815,10.0063,0.0018,0.0001,9.8066,0.0036,0.0165,-0.0234,-21.56,-26.56,36.06,349.09,-82.68,-158.51
52.40224,-1.50498,153.28,0,4,155.98,21 / 23,41729,2019-09-06 18:16:48:411,0.5605,-0.7343,10.0643,0.0057,-0.0003,9.8066,0.0088,-0.0154,-0.0164,-20.94,-27.44,36.44,349.75,-82.63,-159.06
52.40224,-1.50498,153.28,0,4,155.98,21 / 23,41828,2019-09-06 18:16:48:510,0.7655,-1.0451,9.8769,0.0029,-0.0114,9.8066,0.0231,0.0043,0.0128,-21.56,-26.94,36.69,348.47,-82.47,-159.76
52.40224,-1.50498,153.28,0,4,155.98,21 / 23,41929,2019-09-06 18:16:48:611,0.4746,-0.3964,9.6408,0.006,-0.015,9.8066,0.0188,0.0043,0.0215,-20.94,-27,36.69,349.63,-82.35,-159.83
52.40224,-1.50498,153.28,0,4,155.98,21 / 23,42028,2019-09-06 18:16:48:710,0.837,-1.0236,9.6865,0,-0.0071,9.8065,0.0272,0.0214,0.0093,-21.25,-26.87,36.63,349.75,-82.3,-159.71
52.40224,-1.50498,153.28,0,4,155.98,21 / 23,42129,2019-09-06 18:16:48:811,0.4299,-0.8509,10.026,-0.0018,-0.0104,9.8066,0.0058,-0.0079,0.0083,-21.69,-27,37,348.99,-82.18,-159.24
52.40224,-1.50498,153.28,0,4,155.98,21 / 23,42229,2019-09-06 18:16:48:911,0.4525,-0.6683,9.8467,-0.0066,0.0016,9.8066,-0.0406,0.0056,0.0105,-21.5,-26.37,37,350.97,-82.12,-158.61
52.40224,-1.50498,153.28,0,4,155.98,21 / 23,42329,2019-09-06 18:16:49:011,0.1367,-0.3926,9.8918,-0.0033,-0.0022,9.8066,-0.0724,0.0262,-0.0291,-21.5,-26.69,37,351.39,-82.1,-158.21
52.40224,-1.50498,153.28,0,4,155.98,20 / 23,42429,2019-09-06 18:16:49:111,0.2528,-0.9652,10.0797,-0.0068,0.0173,9.8066,-0.0472,-0.0096,0.0224,-21.06,-26.87,36.69,351.6,-82.18,-158.02
52.40224,-1.50498,153.28,0,4,155.98,20 / 23,42529,2019-09-06 18:16:49:211,0.4127,-0.3746,9.9408,0.0016,0.0109,9.8066,-0.0162,0.0133,-0.003,-21.19,-27.5,36.31,350.62,-82.43,-158.25
52.40224,-1.50498,153.28,0,4,155.98,20 / 23,42629,2019-09-06 18:16:49:311,0.8273,-0.1333,9.7756,-0.0028,0.001,9.8066,0.0217,0.0057,0.0108,-21.56,-27.81,36.63,350.17,-82.48,-158.18
52.40224,-1.50498,153.28,0,4,155.98,20 / 23,42729,2019-09-06 18:16:49:411,0.6714,-0.5784,9.7887,-0.0114,-0.0091,9.8066,0.0652,0.0075,0.0447,-21.31,-27.12,36.63,352.26,-82.38,-157.44
52.40224,-1.50498,153.28,0,4,155.98,20 / 23,42829,2019-09-06 18:16:49:511,-0.2597,-0.0213,9.8961,-0.0034,-0.0133,9.8065,0.0327,-0.0023,0.0233,-21.25,-26.81,36.5,353.39,-82.08,-156.39
52.40224,-1.50498,153.28,0,4,155.98,20 / 23,42929,2019-09-06 18:16:49:611,0.0604,-0.2131,9.7177,0.0138,-0.0152,9.8066,-0.0284,0.0259,-0.0436,-21.56,-27,36.63,351.52,-81.95,-156.92
52.40224,-1.50498,153.28,0,4,155.98,20 / 23,43028,2019-09-06 18:16:49:710,0.5304,-0.594,9.664,-0.0038,0.0004,9.8066,-0.0219,-0.0052,0.0107,-21.87,-26.81,36.31,350.5,-81.91,-157.13
52.40224,-1.50498,153.28,0,4,155.98,20 / 23,43129,2019-09-06 18:16:49:811,0.1636,-0.0029,9.4875,-0.0063,0.0039,9.8066,0.0192,0.0041,0.0331,-22.19,-26.19,36.31,350.79,-81.85,-156.89
52.40224,-1.50498,153.28,0,4,155.98,20 / 23,43229,2019-09-06 18:16:49:911,-0.1535,0.5944,10.0143,-0.0181,0.0072,9.8066,-0.0306,0.0167,0.0083,-21.44,-26.44,36.06,353.33,-81.9,-155.76
52.40224,-1.50498,153.28,0,4,155.98,20 / 23,43329,2019-09-06 18:16:50:011,-0.3317,0.2515,10.1566,-0.0187,0.0142,9.8066,0.0158,0.0039,-0.0016,-21.5,-26.75,36.25,354.52,-81.93,-154.67
52.40224,-1.50498,153.28,0,4,155.98,21 / 23,43428,2019-09-06 18:16:50:110,-0.2139,0.2787,9.8332,-0.0027,0.0096,9.8066,-0.0175,0.0024,-0.0164,-22.31,-26.62,36.19,353.25,-81.96,-154.65
52.40224,-1.50498,153.28,0,4,155.98,21 / 23,43529,2019-09-06 18:16:50:211,0.2822,0.2989,9.6181,-0.0012,-0.0058,9.8066,-0.0046,0.0092,0.0076,-22.37,-26.87,36.25,353.85,-81.98,-154.11
52.40224,-1.50498,153.28,0,4,155.98,21 / 23,43629,2019-09-06 18:16:50:311,-0.0717,0.1752,9.9252,-0.0021,-0.0094,9.8066,-0.0184,0.017,0.0417,-21.56,-26.75,36.31,354.35,-81.97,-153.66
52.40224,-1.50498,153.28,0,4,155.98,21 / 23,43729,2019-09-06 18:16:50:411,-0.0971,0.5562,9.8431,-0.0001,-0.0081,9.8065,0.0287,0.0041,-0.02,-21.94,-26.62,36.69,355.79,-81.82,-153.06
52.40224,-1.50498,153.28,0,4,155.98,21 / 23,43828,2019-09-06 18:16:50:510,0.1221,0.374,9.9687,0.0027,-0.0141,9.8066,0.0397,0.0505,-0.0077,-22.56,-26.06,36.19,353.48,-81.68,-153.3
52.40224,-1.50498,153.28,0,4,155.98,21 / 23,43929,2019-09-06 18:16:50:611,-0.2122,0.3582,9.9603,-0.0003,-0.0082,9.8066,0.0078,0.0354,0.0292,-22.69,-26.69,36.75,354.55,-81.55,-153.03
52.40224,-1.50498,153.28,0,4,155.98,21 / 23,44029,2019-09-06 18:16:50:711,-0.1818,0.4038,9.8191,-0.0056,-0.0032,9.8066,-0.0048,0.0049,0.0048,-22.5,-26.81,36.5,356.1,-81.46,-152.76
52.40224,-1.50498,153.28,0,4,155.98,21 / 23,44129,2019-09-06 18:16:50:811,-0.3813,0.2973,9.5889,-0.0089,-0.0029,9.8065,-0.0225,0.0282,0.001,-21.69,-26.62,36.81,357.14,-81.37,-151.83
52.40224,-1.50498,153.28,0,4,155.98,21 / 23,44228,2019-09-06 18:16:50:910,-0.2758,0.6978,9.8947,0.0021,-0.005,9.8066,-0.0429,0.0233,0.0201,-21.44,-26.75,36.88,358.71,-81.31,-151.57
52.40224,-1.50498,153.28,0,4,155.98,21 / 23,44329,2019-09-06 18:16:51:011,-0.4333,0.5652,9.9662,-0.0086,0.0152,9.8066,0.0328,0.0222,-0.0361,-22.62,-27,36.75,356.32,-81.46,-151.44
52.40224,-1.50498,153.28,0,4,155.98,21 / 24,44429,2019-09-06 18:16:51:111,-0.0836,0.7726,9.6006,0.0024,0.0071,9.8066,0.0478,0.0262,0.0378,-22.62,-26.87,36.69,356.29,-81.45,-151.46
52.40224,-1.50498,153.28,0,4,155.98,21 / 24,44529,2019-09-06 18:16:51:211,0.1835,0.7751,9.6232,-0.0155,-0.0033,9.8065,0.0222,0.029,0.0501,-22.44,-26.69,36.38,357.42,-81.39,-150.87
52.40224,-1.50498,153.28,0,4,155.98,21 / 24,44629,2019-09-06 18:16:51:311,-0.3567,0.2381,9.7483,-0.0259,0.0086,9.8066,-0.0014,0.0128,0.013,-22.19,-26.62,36.56,0.64,-81.36,-148.7
52.40224,-1.50498,153.28,0,4,155.98,21 / 24,44729,2019-09-06 18:16:51:411,-0.3531,0.5781,9.6649,0.0019,-0.0154,9.8066,0.046,0.0545,0.0369,-23,-26.19,35.69,359.72,-81.08,-147.68
52.40224,-1.50498,153.28,0,4,155.98,21 / 24,44828,2019-09-06 18:16:51:510,-0.4944,0.3218,9.4387,0.0035,-0.0066,9.8066,-0.0176,0.01,-0.0287,-23.44,-26.37,36.06,359.91,-81.1,-147.5
52.40224,-1.50498,153.28,0,4,155.98,21 / 24,44929,2019-09-06 18:16:51:611,0.1871,0.4752,9.1758,-0.0034,0.0067,9.8066,-0.0449,0.0155,-0.0211,-23.44,-26.44,35.94,359.87,-81.15,-147.54
52.40224,-1.50498,153.28,0,4,155.98,21 / 24,45028,2019-09-06 18:16:51:710,-0.1994,1.2673,10.2661,-0.0233,0.0126,9.8066,0.0897,-0.0016,0.0739,-23.31,-25.56,36,1.28,-81.25,-146.28
52.40224,-1.50498,153.28,0,4,155.98,21 / 24,45128,2019-09-06 18:16:51:810,1.0858,0.9178,9.8712,-0.0142,0.0066,9.8066,-0.0283,0.1422,-0.058,-22.81,-25.56,35.63,3.57,-81.32,-144.22
52.40224,-1.50498,153.28,0,4,155.98,21 / 24,45229,2019-09-06 18:16:51:911,-0.5783,-0.0855,10.1467,-0.0195,0.0037,9.8066,-0.0445,0.0729,0.0154,-23.31,-26.19,35.13,5.68,-81.41,-141.6
52.40224,-1.50498,153.28,0,4,155.98,21 / 24,45329,2019-09-06 18:16:52:011,-0.2765,0.1823,9.1949,-0.0239,0.0165,9.8066,-0.1088,-0.0097,0.0137,-23.25,-26.87,33.81,8.58,-81.66,-138.24
52.402092,-1.504847,153.63,3.55,2,150.22,22 / 24,45428,2019-09-06 18:16:52:110,0.1599,-0.0351,9.9535,-0.0104,0.0143,9.8065,-0.1327,0.0689,0.0083,-23.56,-26.87,33.56,8.74,-81.82,-136.94
52.402092,-1.504847,153.63,3.55,2,150.22,22 / 24,45529,2019-09-06 18:16:52:211,-0.0933,0.7398,9.763,-0.0245,0.0272,9.8065,-0.1227,0.0763,-0.0065,-23.87,-28.06,32.75,12.19,-82.29,-133
52.402092,-1.504847,153.63,3.55,2,150.22,22 / 24,45629,2019-09-06 18:16:52:311,-0.0842,0.5825,9.7309,-0.0181,0.0161,9.8066,-0.0535,0.0437,-0.0075,-23.87,-28.19,32.81,15.26,-82.59,-130.17
52.402092,-1.504847,153.63,3.55,2,150.22,22 / 24,45729,2019-09-06 18:16:52:411,-0.0892,1.1636,9.9439,-0.0161,0.0153,9.8066,-0.0224,0.0412,0.0246,-23.31,-28.62,33.88,19.41,-82.67,-128.38
52.402092,-1.504847,153.63,3.55,2,150.22,22 / 24,45828,2019-09-06 18:16:52:510,0.523,0.3021,10.4389,-0.016,-0.0059,9.8066,0.0237,0.0054,0.0746,-23.87,-28.62,34.38,19.01,-82.63,-127.59
52.402092,-1.504847,153.63,3.55,2,150.22,22 / 24,45929,2019-09-06 18:16:52:611,-0.6013,-0.3969,9.2054,-0.0149,0.011,9.8066,-0.0728,0.0974,-0.1046,-25,-28.25,34,19.76,-82.44,-125.76
52.402092,-1.504847,153.63,3.55,2,150.22,22 / 24,46029,2019-09-06 18:16:52:711,-1.0931,-0.0866,9.6091,0.0065,0.0058,9.8066,-0.006,0.0075,0.0534,-24.87,-28.56,33.5,20.57,-82.63,-125.04
52.402092,-1.504847,153.63,3.55,2,150.22,22 / 24,46128,2019-09-06 18:16:52:810,0.2985,1.0497,9.5836,-0.0067,0.0048,9.8066,-0.0525,0.0621,-0.0732,-24.69,-27.37,33.38,20.02,-82.68,-124.62
52.402092,-1.504847,153.63,3.55,2,150.22,22 / 24,46229,2019-09-06 18:16:52:911,0.0242,0.1921,10.1153,0.0144,-0.014,9.8065,0.0089,0.1177,-0.0057,-24.75,-27.81,33.5,19.48,-82.73,-125.95
52.402092,-1.504847,153.63,3.55,2,150.22,22 / 24,46329,2019-09-06 18:16:53:011,-0.1823,0.3253,9.9021,0.0042,-0.0106,9.8066,0.0238,0.0387,0.0591,-24.75,-27.12,34.13,19.34,-82.73,-126.02
52.402092,-1.504847,153.63,3.55,2,150.22,21 / 23,46429,2019-09-06 18:16:53:111,0.1836,-0.4008,9.7885,0.0047,-0.005,9.8066,-0.0445,0.0042,-0.0461,-24.12,-27.94,33.75,20.77,-82.63,-125.93
52.402092,-1.504847,153.63,3.55,2,150.22,21 / 23,46529,2019-09-06 18:16:53:211,-0.232,0.2168,10.2649,-0.0003,-0.0008,9.8066,0.0412,0.0426,0.0178,-25.31,-27.69,33.25,18.42,-82.64,-126.15
52.402092,-1.504847,153.63,3.55,2,150.22,21 / 23,46628,2019-09-06 18:16:53:310,-0.2755,0.7893,10.1506,0.0038,-0.0049,9.8066,-0.0142,0.0315,0.0046,-25.69,-28,33.13,16.99,-82.61,-126.35
52.402092,-1.504847,153.63,3.55,2,150.22,21 / 23,46729,2019-09-06 18:16:53:411,-0.4612,0.5911,9.8639,-0.0085,0.0054,9.8066,-0.0609,0.0084,-0.041,-25.25,-28.31,33,18.99,-82.61,-125.63
52.402092,-1.504847,153.63,3.55,2,150.22,21 / 23,46829,2019-09-06 18:16:53:511,-0.2737,0.5556,9.8309,0.0069,0.0135,9.8066,-0.0282,0.0559,-0.0037,-25.56,-27.62,32.88,18.38,-82.81,-125.03
52.402092,-1.504847,153.63,3.55,2,150.22,21 / 23,46929,2019-09-06 18:16:53:611,0.1372,0.2175,9.6916,-0.0002,-0.0018,9.8066,-0.0029,0.0287,0.0141,-25,-27.94,32.81,19.87,-82.89,-124.76
52.402092,-1.504847,153.63,3.55,2,150.22,21 / 23,47029,2019-09-06 18:16:53:711,-0.5341,0.5968,9.7088,-0.0026,-0.0008,9.8066,-0.0123,0.0203,-0.0031,-24.75,-27.81,32.88,20.11,-82.83,-124.56
52.402092,-1.504847,153.63,3.55,2,150.22,21 / 23,47128,2019-09-06 18:16:53:810,-0.4808,-0.021,9.7465,-0.0034,-0.0067,9.8066,0.0438,0.0171,0.0263,-24.5,-27.75,33.25,21.36,-82.74,-124.58
52.402092,-1.504847,153.63,3.55,2,150.22,21 / 23,47229,2019-09-06 18:16:53:911,-0.5101,0.4518,9.9702,0.0044,-0.0047,9.8066,0.0031,0.009,-0.027,-25.62,-27.56,33.06,18.21,-82.63,-125.23
52.402092,-1.504847,153.63,3.55,2,150.22,21 / 23,47329,2019-09-06 18:16:54:011,-0.714,0.5732,10.2172,0.0086,-0.0026,9.8066,-0.032,0.0121,0.013,-25.31,-27.62,33.25,18.58,-82.62,-126.01
52.402092,-1.504847,153.63,3.55,2,150.22,20 / 22,47428,2019-09-06 18:16:54:110,-0.36,0.8196,10.1474,0.0063,0.0053,9.8066,0.0567,0.0104,-0.0062,-25.5,-27.87,32.88,17.58,-82.72,-126.89
52.402092,-1.504847,153.63,3.55,2,150.22,20 / 22,47529,2019-09-06 18:16:54:211,-0.1003,-0.2081,9.9045,-0.0028,0.0002,9.8065,-0.0448,0.0121,-0.0414,-25.5,-27.25,33,17.13,-82.68,-127.26
52.402092,-1.504847,153.63,3.55,2,150.22,20 / 22,47628,2019-09-06 18:16:54:310,-0.0258,0.2765,9.9362,0.0048,-0.0001,9.8066,0.0094,-0.026,0.0612,-25.37,-27.25,33,17.1,-82.72,-127.28
52.402092,-1.504847,153.63,3.55,2,150.22,20 / 22,47729,2019-09-06 18:16:54:411,-0.2869,-0.1504,9.9683,-0.0036,-0.0117,9.8066,0.0015,-0.0721,-0.0259,-25.25,-27.37,33,17.08,-82.61,-127.32
52.402092,-1.504847,153.63,3.55,2,150.22,20 / 22,47829,2019-09-06 18:16:54:511,-0.0947,-0.1525,9.613,0.0048,-0.0068,9.8066,0.0568,-0.0212,-0.0393,-25.62,-27.44,33.81,15.99,-82.55,-128.02
52.402092,-1.504847,153.63,3.55,2,150.22,20 / 22,47928,2019-09-06 18:16:54:610,-0.1074,-0.2111,9.9094,0.0067,0.0003,9.8066,0.046,-0.0316,0.0221,-24.62,-27.12,33.38,15.5,-82.56,-128.77
52.402092,-1.504847,153.63,3.55,2,150.22,20 / 22,48029,2019-09-06 18:16:54:711,-0.6746,0.4638,9.6756,0.0063,-0.0076,9.8066,-0.0341,-0.0432,0.0038,-25.81,-27.44,33.88,14.43,-82.55,-129.45
52.402092,-1.504847,153.63,3.55,2,150.22,20 / 22,48128,2019-09-06 18:16:54:810,-0.545,0.2978,9.7634,0.0044,-0.0085,9.8066,-0.0509,-0.016,-0.0087,-25.44,-26.94,33.38,14.45,-82.53,-129.73
52.402092,-1.504847,153.63,3.55,2,150.22,20 / 22,48228,2019-09-06 18:16:54:910,-0.4406,-0.1913,9.6577,-0.0051,0.0019,9.8066,0.0188,-0.076,0.0075,-25.69,-27.06,33.5,13.75,-82.51,-130.08
52.402092,-1.504847,153.63,3.55,2,150.22,20 / 22,48329,2019-09-06 18:16:55:011,-0.1978,0.621,9.4396,-0.0073,0.0071,9.8066,-0.0055,-0.0476,-0.0289,-25.56,-27.56,33.81,13.97,-82.52,-129.92
52.402092,-1.504847,153.63,3.55,2,150.22,20 / 22,48428,2019-09-06 18:16:55:110,-0.1969,0.7273,9.3617,-0.005,0.0121,9.8066,0.0386,-0.1233,0.0332,-25.19,-27.19,33.69,15.17,-82.52,-129.88
52.402092,-1.504847,153.63,3.55,2,150.22,20 / 22,48528,2019-09-06 18:16:55:210,-0.0595,0.0649,10.3025,-0.0097,0.0107,9.8065,0.097,-0.0217,-0.013,-24.69,-27.31,33.75,15.14,-82.48,-129.91
52.402092,-1.504847,153.63,3.55,2,150.22,20 / 22,48629,2019-09-06 18:16:55:311,-0.1295,0.64,9.957,0.0131,-0.023,9.8065,-0.0895,-0.0402,-0.0439,-24.37,-27,34,15.29,-82.44,-130.91
52.402092,-1.504847,153.63,3.55,2,150.22,20 / 22,48729,2019-09-06 18:16:55:411,-0.8437,0.4301,9.5712,0.0219,-0.0188,9.8065,0.0553,-0.0611,0.005,-23.94,-27.62,34.13,14.56,-82.46,-131.61
52.402092,-1.504847,153.63,3.55,2,150.22,20 / 22,48828,2019-09-06 18:16:55:510,-0.2301,0.3423,9.7334,-0.0065,0.0167,9.8066,0.0665,-0.0682,0.0146,-24.31,-27.25,33.94,13.94,-82.42,-132.14
52.402092,-1.504847,153.63,3.55,2,150.22,20 / 22,48929,2019-09-06 18:16:55:611,-0.6611,0.7875,10.2084,-0.0045,0.0098,9.8066,-0.0254,-0.0894,-0.0087,-24.44,-27.06,34.5,14.65,-82.46,-132.24
52.402092,-1.504847,153.63,3.55,2,150.22,20 / 22,49028,2019-09-06 18:16:55:710,-0.87,0.6605,10.1682,0.0083,-0.005,9.8066,0.0138,-0.0716,-0.0125,-23.87,-27.75,35.13,14,-82.44,-132.88
52.402092,-1.504847,153.63,3.55,2,150.22,20 / 22,49129,2019-09-06 18:16:55:811,-0.2401,0.3729,9.6566,0.0088,-0.006,9.8066,0.0012,-0.0914,-0.0039,-24.56,-27.31,34.75,12.07,-82.44,-133.49
52.402092,-1.504847,153.63,3.55,2,150.22,20 / 22,49229,2019-09-06 18:16:55:911,-0.2157,0.0315,9.5391,0.0072,-0.003,9.8066,-0.0188,-0.0927,-0.0175,-23.87,-27.94,34.31,11.42,-82.41,-134.47
52.402092,-1.504847,153.63,3.55,2,150.22,20 / 22,49328,2019-09-06 18:16:56:010,-0.5568,0.5246,9.7464,0.0104,-0.0055,9.8066,0.0004,-0.0743,0.0269,-24.19,-27.44,34.88,11.46,-82.44,-135.15
52.402092,-1.504847,153.63,3.55,2,150.22,20 / 22,49429,2019-09-06 18:16:56:111,-0.3473,0.5965,9.8295,-0.0002,0.004,9.8066,-0.0248,-0.0696,-0.0012,-22.81,-27.94,34.31,11.75,-82.42,-135.32
52.402092,-1.504847,153.63,3.55,2,150.22,20 / 22,49529,2019-09-06 18:16:56:211,-0.4777,0.7872,9.8611,0.001,0.0053,9.8066,0.0323,-0.0749,0.0049,-23.12,-27.44,35.19,12.21,-82.46,-135.61
52.402092,-1.504847,153.63,3.55,2,150.22,20 / 22,49628,2019-09-06 18:16:56:310,-0.6086,0.7724,9.9527,0.0024,0.0039,9.8066,0.0416,-0.0619,-0.0218,-22.87,-27.44,34.5,11.96,-82.44,-135.84
52.402092,-1.504847,153.63,3.55,2,150.22,20 / 22,49729,2019-09-06 18:16:56:411,-0.493,0.598,9.828,-0.0007,0.0092,9.8066,0.0327,-0.0751,0.0135,-22.31,-27.19,35.31,12.73,-82.47,-136.3
52.402092,-1.504847,153.63,3.55,2,150.22,20 / 22,49829,2019-09-06 18:16:56:511,-0.4052,0.3871,9.5783,0.0097,-0.0007,9.8066,0.0153,-0.022,0.0161,-22.31,-27.25,35.25,11.97,-82.45,-137
52.402092,-1.504847,153.63,3.55,2,150.22,20 / 22,49929,2019-09-06 18:16:56:611,-0.4012,0.2373,10.1028,0.0034,-0.0067,9.8066,0.0493,-0.041,0.0256,-22.19,-27.12,34.88,11.63,-82.47,-137.31
52.402092,-1.504847,153.63,3.55,2,150.22,20 / 22,50028,2019-09-06 18:16:56:710,-0.1838,0.3268,9.8834,0.0065,-0.0061,9.8066,-0.0061,-0.0578,-0.0186,-22.31,-27.19,35.81,11.94,-82.4,-137.74
52.402092,-1.504847,153.63,3.55,2,150.22,20 / 22,50129,2019-09-06 18:16:56:811,-0.0878,0.3646,9.8392,0.0061,-0.0014,9.8066,0.0102,-0.0408,0.0053,-22.44,-27.25,35.63,10.98,-82.36,-138.61
52.402092,-1.504847,153.63,3.55,2,150.22,20 / 22,50228,2019-09-06 18:16:56:910,-0.145,0.2503,9.8512,0.0016,-0.008,9.8066,0,-0.0633,-0.0053,-22.25,-27.5,35.94,10.43,-82.29,-139.12
52.402092,-1.504847,153.63,3.55,2,150.22,20 / 22,50328,2019-09-06 18:16:57:010,0.0807,0.0036,9.7696,0.0014,0.0038,9.8066,0.0281,-0.0452,-0.0108,-21.94,-26.87,35.31,9.39,-82.29,-139.36
52.402092,-1.504847,153.63,3.55,2,150.22,19 / 21,50429,2019-09-06 18:16:57:111,-0.0898,-0.4943,10.0145,0.0035,0.003,9.8066,0.0182,-0.0319,0.0184,-22.31,-27.5,35.75,9.85,-82.31,-139.64
52.402092,-1.504847,153.63,3.55,2,150.22,19 / 21,50529,2019-09-06 18:16:57:211,0.0081,-0.0696,9.999,-0.0003,0.0039,9.8066,0.004,-0.035,-0.0144,-21.75,-27.19,35.63,9.58,-82.35,-139.89
52.402092,-1.504847,153.63,3.55,2,150.22,19 / 21,50628,2019-09-06 18:16:57:310,0.0686,-0.172,9.8555,0.0055,-0.0044,9.8066,0.0014,-0.0486,-0.0036,-22.5,-26.75,35.63,8.88,-82.35,-140.52
52.402092,-1.504847,153.63,3.55,2,150.22,19 / 21,50729,2019-09-06 18:16:57:411,0.1434,-0.4215,9.7377,0.0042,-0.0001,9.8066,0.0383,-0.0373,0.0032,-21.75,-26.87,35.94,8.48,-82.36,-140.89
52.402092,-1.504847,153.63,3.55,2,150.22,19 / 21,50829,2019-09-06 18:16:57:511,-0.0325,-0.5163,9.9055,0.0036,0.0008,9.8066,0,-0.0566,0.0016,-21.75,-26.94,35.94,7.89,-82.34,-141.42
52.402092,-1.504847,153.63,3.55,2,150.22,19 / 21,50928,2019-09-06 18:16:57:610,0.6177,-0.7168,9.8968,0.0044,-0.0024,9.8066,0.0198,-0.0474,0.0025,-21.87,-26.87,35.88,7.63,-82.37,-141.65
52.402092,-1.504847,153.63,3.55,2,150.22,19 / 21,51029,2019-09-06 18:16:57:711,0.0317,-0.346,10.0494,0,0.0033,9.8066,-0.0184,-0.0538,-0.0069,-21.56,-27.12,36.25,7.59,-82.35,-141.69
52.402092,-1.504847,153.63,3.55,2,150.22,19 / 21,51129,2019-09-06 18:16:57:811,-0.0815,0.1264,9.9279,-0.0015,0.0016,9.8066,-0.0216,-0.0546,0.0079,-21.87,-26.81,36.5,8.21,-82.38,-141.81
52.402092,-1.504847,153.63,3.55,2,150.22,19 / 21,51229,2019-09-06 18:16:57:911,0.1855,-0.1303,10.0126,-0.0012,-0.0032,9.8066,0.0047,-0.0475,-0.0065,-21.69,-26.37,36.56,8.12,-82.34,-141.87
52.402092,-1.504847,153.63,3.55,2,150.22,19 / 21,51329,2019-09-06 18:16:58:011,0.1951,-0.8407,9.7982,-0.001,0.0029,9.8066,0.0357,-0.0583,0.0231,-21.44,-26.5,36.69,9.36,-82.37,-141.9
52.402092,-1.504847,153.63,3.55,2,150.22,22 / 24,51428,2019-09-06 18:16:58:110,0.1878,-0.7417,9.7961,-0.0053,0.0081,9.8066,-0.0254,-0.0801,-0.0073,-21.25,-27.19,36.94,9.44,-82.37,-141.85
52.402092,-1.504847,153.63,3.55,2,150.22,22 / 24,51529,2019-09-06 18:16:58:211,-0.4498,-0.5736,10.0945,0.0041,-0.0003,9.8066,0.0246,-0.0632,0.0044,-20.19,-26.5,36.31,9.24,-82.39,-142.56
52.402092,-1.504847,153.63,3.55,2,150.22,22 / 24,51628,2019-09-06 18:16:58:310,0.2487,-0.6164,9.8823,0.0013,0.0034,9.8066,-0.001,-0.096,0.0116,-20.56,-26.25,36.56,8.56,-82.39,-142.62
52.402092,-1.504847,153.63,3.55,2,150.22,22 / 24,51729,2019-09-06 18:16:58:411,0.3331,-0.9097,9.95,0.0039,-0.0037,9.8066,-0.0003,-0.1142,0.0054,-20.56,-26.56,36.5,8.18,-82.39,-143
52.402092,-1.504847,153.63,3.55,2,150.22,22 / 24,51829,2019-09-06 18:16:58:511,0.2496,-0.8592,9.9314,0.001,0.0057,9.8066,-0.0002,-0.0719,-0.0011,-20,-27,37.31,9.03,-82.39,-143.42
52.402092,-1.504847,153.63,3.55,2,150.22,22 / 24,51929,2019-09-06 18:16:58:611,0.2869,-1.2618,9.9075,0.0006,-0.0042,9.8066,0.0231,-0.0975,0.0339,-20.25,-27,37.25,8.73,-82.3,-143.7
52.402092,-1.504847,153.63,3.55,2,150.22,22 / 24,52028,2019-09-06 18:16:58:710,-0.265,-0.3965,9.7869,0.0069,-0.0047,9.8066,-0.0053,-0.1264,-0.0209,-20.44,-26.44,37.94,8.92,-82.3,-144.12
52.402092,-1.504847,153.63,3.55,2,150.22,22 / 24,52128,2019-09-06 18:16:58:810,0.3332,-1.7146,9.8421,0.0041,-0.0046,9.8066,0.0263,-0.1457,-0.0025,-19.56,-27,37.56,8.2,-82.3,-144.8
52.402092,-1.504847,153.63,3.55,2,150.22,22 / 24,52229,2019-09-06 18:16:58:911,0.0443,-0.9409,9.8772,0.0018,0.0094,9.8066,0.0001,-0.1417,0.0082,-19.56,-26.87,37.56,7.91,-82.33,-145.06
52.402092,-1.504847,153.63,3.55,2,150.22,22 / 24,52329,2019-09-06 18:16:59:011,-0.3184,-1.2576,9.8254,0.0032,-0.0031,9.8066,0.0006,-0.1771,0.05,-18.81,-26.75,37.44,8.28,-82.37,-145.32
52.402092,-1.504847,153.63,3.55,2,150.22,21 / 23,52429,2019-09-06 18:16:59:111,0.7179,-2.8285,10.0869,0.0016,0.0134,9.8066,-0.0756,-0.1992,-0.0218,-18.44,-26.44,37.5,9.94,-82.46,-145.6
52.402092,-1.504847,153.63,3.55,2,150.22,21 / 23,52529,2019-09-06 18:16:59:211,0.2359,-1.4957,10.0658,-0.0006,-0.0025,9.8066,-0.0298,-0.197,0.0407,-18.69,-26.81,37.5,8.76,-82.55,-145.47
52.402092,-1.504847,153.63,3.55,2,150.22,21 / 23,52629,2019-09-06 18:16:59:311,-0.5747,-1.4524,10.1988,-0.0035,-0.0012,9.8066,-0.0175,-0.2003,0.0405,-17.94,-26.69,37.38,9.6,-82.51,-145.35
52.402092,-1.504847,153.63,3.55,2,150.22,21 / 23,52729,2019-09-06 18:16:59:411,-0.6345,-1.2099,9.9199,0.0055,0.0086,9.8066,-0.0398,-0.2564,0.0488,-17.25,-27.06,38,11.7,-82.59,-145.27
52.402092,-1.504847,153.63,3.55,2,150.22,21 / 23,52829,2019-09-06 18:16:59:511,0.1943,-1.035,9.974,0.0082,0.0109,9.8066,-0.0218,-0.3148,-0.0562,-16.87,-27.56,37.75,10.92,-82.65,-146
52.402092,-1.504847,153.63,3.55,2,150.22,21 / 23,52929,2019-09-06 18:16:59:611,-0.5793,0.035,9.5417,-0.0006,-0.0116,9.8066,0,-0.312,-0.0178,-16.62,-27.44,37.63,9.9,-82.77,-146.88
52.402092,-1.504847,153.63,3.55,2,150.22,21 / 23,53029,2019-09-06 18:16:59:711,-0.6048,-1.3425,9.7432,0.0053,0.0206,9.8066,0.0439,-0.261,0.0168,-15.81,-27.12,37.31,10.3,-82.81,-147.25
52.402092,-1.504847,153.63,3.55,2,150.22,21 / 23,53129,2019-09-06 18:16:59:811,-0.3477,-1.213,9.9949,0.0051,-0.0044,9.8066,0.0262,-0.3231,0.0617,-15.69,-27.06,37.63,9.8,-82.75,-148.25
52.402092,-1.504847,153.63,3.55,2,150.22,21 / 23,53229,2019-09-06 18:16:59:911,-0.6548,-1.2446,10.0542,0.0059,-0.0064,9.8066,-0.0386,-0.3272,0.0182,-14.62,-27.56,37.75,10.49,-82.74,-148.96
52.402092,-1.504847,153.63,3.55,2,150.22,21 / 23,53329,2019-09-06 18:17:00:011,-1.0271,-1.0854,10.0022,0.0034,-0.0202,9.8066,0.0242,-0.3514,0.0464,-14.06,-27.5,38.06,11.35,-82.49,-149.51
52.402092,-1.504847,153.63,3.55,2,150.22,20 / 22,53428,2019-09-06 18:17:00:110,-1.0672,-0.909,10.0897,0.0098,-0.0231,9.8066,-0.0522,-0.3793,0.0214,-13.25,-27.62,38.38,11.9,-82.34,-150.42
52.402092,-1.504847,153.63,3.55,2,150.22,20 / 22,53528,2019-09-06 18:17:00:210,-1.3161,-1.6695,10.3545,0.0076,-0.019,9.8065,0.0107,-0.3732,0.0749,-13.12,-27.62,38.31,11.13,-82.1,-151.15
52.402092,-1.504847,153.63,3.55,2,150.22,20 / 22,53628,2019-09-06 18:17:00:310,-1.3653,-0.2229,9.7443,0.0132,-0.0159,9.8066,-0.0212,-0.4075,0.0259,-11.94,-27,38.56,11.03,-81.85,-153.01
52.402092,-1.504847,153.63,3.55,2,150.22,20 / 22,53729,2019-09-06 18:17:00:411,-0.5682,-1.6333,9.605,0.0016,0.0077,9.8066,-0.0416,-0.4478,0.0472,-11.31,-26.81,38.63,11.51,-81.89,-153.93
52.402092,-1.504847,153.63,3.55,2,150.22,20 / 22,53828,2019-09-06 18:17:00:510,-1.5347,-1.1393,9.7571,0.0064,0.0057,9.8065,-0.0014,-0.3788,0.0415,-10.31,-26.87,38.88,12.63,-81.93,-154.29
52.402092,-1.504847,153.63,3.55,2,150.22,20 / 22,53929,2019-09-06 18:17:00:611,-1.1948,-0.8766,9.6317,0.0067,0.0054,9.8066,0.0237,-0.3852,0.0523,-9.62,-27.5,38.19,11.9,-81.94,-154.61
52.402092,-1.504847,153.63,3.55,2,150.22,20 / 22,54029,2019-09-06 18:17:00:711,-1.2214,-0.869,9.3788,-0.0053,0.0147,9.8066,-0.0348,-0.4148,0.0635,-9.19,-28.06,37.94,13.66,-82.03,-154.49
52.402092,-1.504847,153.63,3.55,2,150.22,20 / 22,54129,2019-09-06 18:17:00:811,-0.7254,-2.0195,9.6103,-0.009,-0.0059,9.8066,-0.009,-0.3719,0.0584,-8.12,-27.31,38.25,15.79,-81.93,-154
52.402092,-1.504847,153.63,3.55,2,150.22,20 / 22,54229,2019-09-06 18:17:00:911,-1.1627,-1.7865,9.5743,-0.0111,0.0059,9.8066,-0.014,-0.45,0.0845,-7.37,-27.44,38.19,18.93,-81.84,-152.66
52.402092,-1.504847,153.63,3.55,2,150.22,20 / 22,54329,2019-09-06 18:17:01:011,-1.9321,-1.0791,10.3175,-0.0062,-0.0244,9.8066,0.0132,-0.4078,0.0508,-7.37,-27.62,37.69,19.45,-81.63,-152.32
52.401936,-1.504744,154.1,3.73,2,204.07,21 / 22,54429,2019-09-06 18:17:01:111,-2.1555,0.0363,10.2146,-0.0099,-0.0173,9.8066,0.0438,-0.4429,0.1201,-6.19,-27.94,37.06,21.72,-81.53,-151.63
52.401936,-1.504744,154.1,3.73,2,204.07,21 / 22,54528,2019-09-06 18:17:01:210,-2.3192,-1.3792,9.5533,-0.004,-0.0065,9.8066,-0.0795,-0.4667,0.1099,-5.06,-27.94,35.63,23.3,-81.49,-151.61
52.401936,-1.504744,154.1,3.73,2,204.07,21 / 22,54629,2019-09-06 18:17:01:311,-2.2418,0.133,9.572,-0.0063,-0.0201,9.8066,-0.16,-0.4536,0.0217,-4.69,-27.31,35.06,23.7,-81.38,-151.05
52.401936,-1.504744,154.1,3.73,2,204.07,21 / 22,54729,2019-09-06 18:17:01:411,-1.9669,-0.4858,10.0082,-0.006,0.0077,9.8065,0.0488,-0.4847,0.1818,-5,-28.37,34.75,23.88,-81.39,-150.99
52.401936,-1.504744,154.1,3.73,2,204.07,21 / 22,54828,2019-09-06 18:17:01:510,-1.8172,-0.0813,9.6393,-0.0123,-0.0001,9.8066,-0.0303,-0.491,0.024,-3.69,-28.25,34.06,26.61,-81.26,-150.15
52.401936,-1.504744,154.1,3.73,2,204.07,21 / 22,54929,2019-09-06 18:17:01:611,-2.2967,-1.9053,10.2227,0.011,0.0157,9.8066,0.1055,-0.467,0.1005,-2.62,-28.37,33.69,27.85,-81.25,-150.74
52.401936,-1.504744,154.1,3.73,2,204.07,21 / 22,55029,2019-09-06 18:17:01:711,-1.257,-0.5198,10.0719,-0.0043,0.0036,9.8065,-0.0736,-0.3906,0.0103,-1.44,-28.37,33.94,31.12,-81.08,-151.3
52.401936,-1.504744,154.1,3.73,2,204.07,21 / 22,55128,2019-09-06 18:17:01:810,-1.6756,-0.1759,10.1038,0.0015,0.0066,9.8066,0.0993,-0.3985,0.1025,-1.69,-28.81,32.88,28.47,-81.15,-152.05
52.401936,-1.504744,154.1,3.73,2,204.07,21 / 22,55228,2019-09-06 18:17:01:910,-1.5387,-1.317,9.7374,-0.0011,0.0121,9.8066,0.0297,-0.4673,0.0769,-1.19,-28.19,31.88,30.49,-81.11,-151.97
52.401936,-1.504744,154.1,3.73,2,204.07,21 / 22,55328,2019-09-06 18:17:02:010,-3.2352,0.65,10.0873,-0.0059,-0.0158,9.8065,-0.0197,-0.4389,0.0732,0,-28.87,31.19,33.95,-81.02,-151.07
52.401936,-1.504744,154.1,3.73,2,204.07,22 / 23,55430,2019-09-06 18:17:02:112,-0.3068,-0.9886,9.5726,0.002,-0.0028,9.8066,0.0322,-0.3293,-0.0279,-0.12,-28.87,30.88,33.34,-80.92,-151.66
52.401936,-1.504744,154.1,3.73,2,204.07,22 / 23,55528,2019-09-06 18:17:02:210,-0.8305,-0.2746,10.0971,0.026,0,9.8066,-0.0718,-0.3039,-0.0109,-0.37,-28.62,29.94,31.19,-81.04,-153.61
52.401936,-1.504744,154.1,3.73,2,204.07,22 / 23,55629,2019-09-06 18:17:02:311,-0.706,-1.0554,10.1722,0.0235,0.0108,9.8066,-0.0261,-0.2829,-0.0315,0.75,-27.94,29.75,31.45,-81.19,-155.05
52.401936,-1.504744,154.1,3.73,2,204.07,22 / 23,55729,2019-09-06 18:17:02:411,-0.4513,-1.0499,9.7457,0.0061,-0.0282,9.8065,-0.0712,-0.2313,0.0241,0.63,-28.75,28.63,29.62,-81.2,-156.99
52.401936,-1.504744,154.1,3.73,2,204.07,22 / 23,55829,2019-09-06 18:17:02:511,-1.4734,-0.2172,10.1021,-0.0072,-0.018,9.8066,-0.0231,-0.2712,0.0192,1.56,-28.5,28.5,31.64,-81.1,-157.11
52.401936,-1.504744,154.1,3.73,2,204.07,22 / 23,55929,2019-09-06 18:17:02:611,-1.4088,-0.1072,10.0249,0.0029,-0.0119,9.8065,0.0073,-0.2009,0.1012,1.06,-30.06,28.56,29.6,-81.04,-157.25
52.401936,-1.504744,154.1,3.73,2,204.07,22 / 23,56029,2019-09-06 18:17:02:711,0.5806,-0.2901,9.9565,-0.0113,-0.0094,9.8066,-0.0636,-0.1118,-0.0168,1.69,-28.75,28.13,31.7,-80.85,-157.68
52.401936,-1.504744,154.1,3.73,2,204.07,22 / 23,56128,2019-09-06 18:17:02:810,-0.2013,-1.5677,10.3114,0.0132,0.0083,9.8066,0.0978,-0.0812,0.0248,1.38,-28.56,28.06,28.15,-80.87,-158.66
52.401936,-1.504744,154.1,3.73,2,204.07,22 / 23,56229,2019-09-06 18:17:02:911,-0.3307,-0.0442,10.0951,0.0107,0.0178,9.8066,-0.0067,-0.1036,0.0311,1.56,-28.62,27.69,29.55,-80.83,-159.53
52.401936,-1.504744,154.1,3.73,2,204.07,22 / 23,56328,2019-09-06 18:17:03:010,0.8533,0.2097,9.833,0.0072,0.0026,9.8066,-0.0184,-0.0644,-0.0024,2,-29.31,27.31,29.44,-80.86,-159.92
52.401936,-1.504744,154.1,3.73,2,204.07,21 / 22,56429,2019-09-06 18:17:03:111,-0.2956,-0.5372,10.1324,-0.0036,-0.0037,9.8066,0.0135,0.0122,-0.0201,1.56,-29.44,26.75,29.69,-80.8,-159.74
52.401936,-1.504744,154.1,3.73,2,204.07,21 / 22,56528,2019-09-06 18:17:03:210,-0.2819,-0.7587,9.9147,-0.0006,-0.0088,9.8065,0.0395,-0.0472,0.0598,1.81,-29.31,27.56,28.65,-80.89,-160.25
52.401936,-1.504744,154.1,3.73,2,204.07,21 / 22,56629,2019-09-06 18:17:03:311,1.1204,-0.8808,9.6361,-0.0081,0.0018,9.8066,0.0302,0.0578,-0.0549,2,-29.5,27.38,29.63,-80.81,-159.79
52.401936,-1.504744,154.1,3.73,2,204.07,21 / 22,56729,2019-09-06 18:17:03:411,0.3916,0.4905,9.7465,0.001,0.0059,9.8066,-0.0042,0.0232,0.0002,1.75,-28.87,27.38,29.5,-80.88,-159.86
52.401936,-1.504744,154.1,3.73,2,204.07,21 / 22,56828,2019-09-06 18:17:03:510,0.4359,-0.6975,9.3768,0.0014,-0.0024,9.8066,-0.0568,-0.0181,0.0209,1.25,-29.19,27.75,26.71,-80.85,-159.88
52.401936,-1.504744,154.1,3.73,2,204.07,21 / 22,56929,2019-09-06 18:17:03:611,0.3825,-0.607,9.7825,0.0085,0.0371,9.8065,0.0519,0.0047,0.0239,1.75,-30.19,27.13,30.37,-80.97,-159.24
52.401936,-1.504744,154.1,3.73,2,204.07,21 / 22,57029,2019-09-06 18:17:03:711,-0.3478,0.5879,10.336,-0.0005,0.0304,9.8065,0.0942,-0.0106,0.0342,1.31,-28.81,27.19,28.12,-81,-158.84
52.401936,-1.504744,154.1,3.73,2,204.07,21 / 22,57129,2019-09-06 18:17:03:811,-0.2097,-0.7084,9.8598,-0.0043,-0.039,9.8065,-0.0381,0.0182,-0.0294,2,-29.5,27.75,30.05,-81.05,-158.97
52.401936,-1.504744,154.1,3.73,2,204.07,21 / 22,57229,2019-09-06 18:17:03:911,-0.4226,-0.0805,10.2983,0.0027,-0.0048,9.8066,-0.0023,-0.0774,0.02,1.44,-30.31,26.63,27.5,-80.9,-159.58
52.401936,-1.504744,154.1,3.73,2,204.07,21 / 22,57329,2019-09-06 18:17:04:011,0.4046,0.5147,10.0162,0.0088,-0.0017,9.8066,-0.0421,-0.0395,0.0107,1.88,-29.25,27.38,29.36,-81,-159.9
52.401936,-1.504744,154.1,3.73,2,204.07,21 / 23,57428,2019-09-06 18:17:04:110,0.2518,-0.1791,9.2484,0.0047,0.0096,9.8065,0.0009,0.102,-0.005,1.38,-30.31,27.56,26.84,-81.09,-159.79
52.401936,-1.504744,154.1,3.73,2,204.07,21 / 23,57528,2019-09-06 18:17:04:210,0.8026,1.0657,9.4684,0.0008,0.0094,9.8066,-0.0815,0.0578,-0.037,1.81,-29.62,27.06,29.57,-81.21,-159.76
52.401936,-1.504744,154.1,3.73,2,204.07,21 / 23,57629,2019-09-06 18:17:04:311,-0.1266,1.1803,9.5597,-0.0032,-0.0082,9.8066,-0.0789,-0.0109,-0.0217,1.5,-29.62,27.25,29.53,-81.27,-159.76
52.401936,-1.504744,154.1,3.73,2,204.07,21 / 23,57730,2019-09-06 18:17:04:412,0.8889,0.7599,9.5691,0.0049,0.0154,9.8066,0.0634,-0.0399,0.0763,2.19,-29.25,26.69,29.14,-81.24,-159.95
52.401936,-1.504744,154.1,3.73,2,204.07,21 / 23,57829,2019-09-06 18:17:04:511,-0.075,0.0473,9.8084,-0.0065,0.0127,9.8065,-0.0157,0.0257,-0.0346,1.69,-29.75,27,29.65,-81.16,-159.73
52.401936,-1.504744,154.1,3.73,2,204.07,21 / 23,57928,2019-09-06 18:17:04:610,0.414,0.1237,9.9969,0.005,0.0073,9.8066,0.0569,-0.0061,0.0384,2.56,-29.87,26.75,31.56,-81.2,-160.17
52.401936,-1.504744,154.1,3.73,2,204.07,21 / 23,58028,2019-09-06 18:17:04:710,0.19,1.1076,10.226,0.0001,0.0123,9.8065,0.0538,-0.034,0.0009,1.5,-30.12,26.94,29.38,-81.22,-159.92
52.401936,-1.504744,154.1,3.73,2,204.07,21 / 23,58128,2019-09-06 18:17:04:810,0.0195,-0.2401,9.6503,0.0039,-0.0135,9.8066,0.0011,-0.0317,0.0577,2,-29.62,27.25,29.75,-81.23,-159.6
52.401936,-1.504744,154.1,3.73,2,204.07,21 / 23,58229,2019-09-06 18:17:04:911,-0.0081,0.1168,9.9076,-0.0088,-0.0131,9.8066,0.0705,0.0074,0,2.19,-29.56,26.88,30.02,-81.14,-159.43
52.401936,-1.504744,154.1,3.73,2,204.07,21 / 23,58329,2019-09-06 18:17:05:011,0.4461,0.0701,9.9473,0.0038,-0.0027,9.8066,-0.0633,0.015,-0.0001,1.75,-29.69,26.69,29.91,-81.17,-159.51
52.401936,-1.504744,154.1,3.73,2,204.07,19 / 21,58429,2019-09-06 18:17:05:111,0.2373,0.3256,9.3162,0.0044,0.0065,9.8066,-0.059,0.0199,0.0069,1.56,-29.19,26.69,29.42,-81.19,-159.74
52.401936,-1.504744,154.1,3.73,2,204.07,19 / 21,58529,2019-09-06 18:17:05:211,0.9613,0.8044,9.5703,-0.0007,0.0002,9.8066,0.0583,-0.0257,0.0056,2.25,-29.44,27.38,29.35,-81.17,-159.81
52.401936,-1.504744,154.1,3.73,2,204.07,19 / 21,58628,2019-09-06 18:17:05:310,0.9511,1.2411,9.6469,-0.0032,-0.0021,9.8066,-0.0325,0.0393,-0.0572,1.56,-29.62,26.81,29.73,-81.08,-159.71
52.401936,-1.504744,154.1,3.73,2,204.07,19 / 21,58729,2019-09-06 18:17:05:411,0.2417,1.7564,10.2039,0.0001,0.0138,9.8065,-0.0193,0.0569,0.0397,1.31,-29.75,26.94,27.03,-81.18,-159.81
52.401936,-1.504744,154.1,3.73,2,204.07,19 / 21,58829,2019-09-06 18:17:05:511,0.1026,1.438,10.0756,-0.0005,0.01,9.8066,-0.0215,-0.0161,0.0202,2.31,-29.37,26.69,29.61,-81.24,-159.55
52.401936,-1.504744,154.1,3.73,2,204.07,19 / 21,58929,2019-09-06 18:17:05:611,0.2966,0.5059,9.5178,0.0053,-0.0188,9.8066,0.0451,-0.0082,-0.0244,1.31,-29.44,27.56,26.73,-81.11,-159.73
52.401936,-1.504744,154.1,3.73,2,204.07,19 / 21,59029,2019-09-06 18:17:05:711,0.3454,1.3646,10.2344,-0.0017,-0.0105,9.8066,-0.0357,0.0668,0.0164,2.13,-29.25,27.5,29.06,-81.12,-159.77
52.401936,-1.504744,154.1,3.73,2,204.07,19 / 21,59128,2019-09-06 18:17:05:810,0.6125,0.8643,10.3776,-0.0038,-0.0079,9.8066,-0.0233,0.0127,-0.0176,2.06,-29.69,26.63,29.49,-81.12,-159.89
52.401936,-1.504744,154.1,3.73,2,204.07,19 / 21,59229,2019-09-06 18:17:05:911,0.7187,0.4202,9.4123,0.002,-0.0028,9.8066,-0.0357,-0.0369,0.0479,1.31,-29.5,28.06,26.49,-81.12,-159.93
52.401936,-1.504744,154.1,3.73,2,204.07,19 / 21,59328,2019-09-06 18:17:06:010,0.4507,0.5042,9.6529,-0.0057,-0.0079,9.8066,0.0061,0.0223,-0.0014,1.31,-28.87,27.31,26.87,-81.13,-159.83
52.401936,-1.504744,154.1,3.73,2,204.07,21 / 22,59429,2019-09-06 18:17:06:111,0.4427,0.7117,9.891,-0.0031,-0.0113,9.8066,-0.0348,0.0061,0.0047,1.13,-29.56,27.44,27.29,-81.02,-159.69
52.401936,-1.504744,154.1,3.73,2,204.07,21 / 22,59529,2019-09-06 18:17:06:211,0.1767,1.2958,10.305,-0.0001,0.0046,9.8066,0.0455,0.0402,0.0033,1.19,-28.56,27.56,27.33,-81.01,-159.27
52.401936,-1.504744,154.1,3.73,2,204.07,21 / 22,59629,2019-09-06 18:17:06:311,-0.0528,0.6057,10.011,-0.0004,0.0037,9.8066,0.0424,0.0208,-0.0467,1.75,-28.94,27.63,29.74,-81.03,-159.24
52.401936,-1.504744,154.1,3.73,2,204.07,21 / 22,59728,2019-09-06 18:17:06:410,0.3,0.4192,10.0919,-0.0026,-0.0132,9.8066,-0.0396,-0.0114,-0.0114,1.19,-29,26.44,27.56,-80.95,-159.6
52.401936,-1.504744,154.1,3.73,2,204.07,21 / 22,59828,2019-09-06 18:17:06:510,-0.0332,0.7734,9.4283,0.0079,-0.0073,9.8066,-0.0331,0.0079,0.0127,0.81,-28.75,27.25,26.76,-80.98,-160.01
52.401936,-1.504744,154.1,3.73,2,204.07,21 / 22,59929,2019-09-06 18:17:06:611,-0.1205,0.7113,9.8064,-0.0066,-0.0014,9.8066,-0.0042,-0.0278,-0.0072,1.88,-28.62,27.63,28.95,-80.95,-159.97
52.401936,-1.504744,154.1,3.73,2,204.07,21 / 22,60028,2019-09-06 18:17:06:710,0.0807,0.9463,9.5279,-0.0031,-0.0032,9.8066,-0.0356,-0.0058,0.0186,1.63,-28.87,27.13,29.65,-80.91,-159.71
52.401936,-1.504744,154.1,3.73,2,204.07,21 / 22,60130,2019-09-06 18:17:06:812,0.0222,0.9316,9.7251,0.0011,0.0004,9.8065,-0.0016,-0.0489,0.0228,1.38,-29.19,27.13,27.29,-80.84,-159.63
52.401936,-1.504744,154.1,3.73,2,204.07,21 / 22,60229,2019-09-06 18:17:06:911,0.0002,0.6983,10.2294,-0.0023,0.0048,9.8066,-0.0586,-0.0009,-0.0253,2.13,-29,27.56,29.61,-80.91,-159.42
52.401936,-1.504744,154.1,3.73,2,204.07,21 / 22,60329,2019-09-06 18:17:07:011,0.0807,1.3688,9.8878,0.0011,0.0078,9.8065,0.0402,-0.0113,-0.0225,1.44,-29.31,27.5,27.2,-80.97,-159.4
52.401936,-1.504744,154.1,3.73,2,204.07,20 / 21,60429,2019-09-06 18:17:07:111,0.1806,0.4218,9.704,0.0095,0.0123,9.8066,-0.0278,-0.0617,0.0261,1.63,-29.12,27.13,29.61,-81.03,-159.67
52.401936,-1.504744,154.1,3.73,2,204.07,20 / 21,60529,2019-09-06 18:17:07:211,0.9563,1.0849,9.5847,-0.0031,0.0005,9.8066,-0.0093,-0.0104,-0.0637,2,-29.06,26.88,29.46,-81.05,-159.79
52.401936,-1.504744,154.1,3.73,2,204.07,20 / 21,60628,2019-09-06 18:17:07:310,0.7223,1.2836,9.6005,0.0093,0.0011,9.8066,-0.0278,-0.0441,-0.0308,2.06,-29.31,26.25,29.44,-81.11,-160.11
52.401936,-1.504744,154.1,3.73,2,204.07,20 / 21,60729,2019-09-06 18:17:07:411,0.6763,0.1756,10.2322,0.011,-0.0021,9.8066,-0.0127,0.0463,0.0141,2.06,-29.25,27.06,28.01,-81.16,-160.95
52.401936,-1.504744,154.1,3.73,2,204.07,20 / 21,60829,2019-09-06 18:17:07:511,0.1383,-0.1805,9.6389,-0.0027,-0.0044,9.8066,-0.002,0.0491,-0.0376,1.88,-29.37,26.81,27.92,-81.22,-161
52.401936,-1.504744,154.1,3.73,2,204.07,20 / 21,60928,2019-09-06 18:17:07:610,0.6684,1.5294,10.1827,0.0012,0.0074,9.8066,0.0113,0.0831,-0.0086,1.69,-29.25,26.5,28.55,-81.24,-160.45
52.401936,-1.504744,154.1,3.73,2,204.07,20 / 21,61028,2019-09-06 18:17:07:710,0.1682,1.2911,9.8801,-0.0032,0.0091,9.8066,0.0277,0.0267,0.0586,2.13,-29,27.06,28.7,-81.29,-160.29
52.401936,-1.504744,154.1,3.73,2,204.07,20 / 21,61129,2019-09-06 18:17:07:811,0.879,0.5249,9.5527,-0.005,-0.0071,9.8066,-0.0512,0.0416,-0.0476,1.63,-29.31,27.13,29.42,-81.2,-159.74
52.401936,-1.504744,154.1,3.73,2,204.07,20 / 21,61229,2019-09-06 18:17:07:911,0.1891,0.1016,9.8857,-0.0021,-0.0049,9.8066,-0.001,0.0253,0.0375,2.06,-28.87,26.81,29.71,-81.21,-159.48
52.401936,-1.504744,154.1,3.73,2,204.07,20 / 21,61328,2019-09-06 18:17:08:010,0.3894,0.4864,9.5411,0.0016,0.0071,9.8066,-0.0079,0.0426,-0.0573,1.56,-29.44,27.13,30.09,-81.27,-159.12
52.401936,-1.504744,154.1,3.73,2,204.07,20 / 23,61428,2019-09-06 18:17:08:110,0.766,0.6008,9.9204,0.0058,0.0043,9.8066,-0.0477,0.0345,0.0245,1.38,-28.87,26.56,27.22,-81.26,-159.46
52.401936,-1.504744,154.1,3.73,2,204.07,20 / 23,61529,2019-09-06 18:17:08:211,0.3793,1.4982,10.1813,-0.0008,0.0061,9.8066,0.0354,0.0872,-0.0185,1.56,-29.19,27,30.4,-81.35,-158.81
52.401936,-1.504744,154.1,3.73,2,204.07,20 / 23,61629,2019-09-06 18:17:08:311,0.3304,1.0735,10.0775,-0.0078,0.0091,9.8066,0.0379,0.031,0.0561,1.56,-29.56,27.94,30.56,-81.33,-158.52
52.401936,-1.504744,154.1,3.73,2,204.07,20 / 23,61729,2019-09-06 18:17:08:411,0.0515,-0.0122,9.4378,-0.0109,-0.0132,9.8066,-0.0275,0.0663,-0.016,1.19,-29.56,27.38,29.74,-81.22,-157.51
52.401936,-1.504744,154.1,3.73,2,204.07,20 / 23,61828,2019-09-06 18:17:08:510,-0.1231,0.2192,9.4626,-0.0012,-0.009,9.8066,0.0247,0.035,0.0351,1.38,-29.44,27.94,29.53,-81.16,-157.32
52.401936,-1.504744,154.1,3.73,2,204.07,20 / 23,61929,2019-09-06 18:17:08:611,0.5127,0.7959,9.5662,-0.0034,0.0085,9.8066,0.0142,0.0025,-0.0168,1.75,-28.87,27.69,32.74,-81.12,-156.62
52.401936,-1.504744,154.1,3.73,2,204.07,20 / 23,62029,2019-09-06 18:17:08:711,0.8955,0.1554,9.9612,0.0016,0.004,9.8066,-0.0009,0.0608,-0.0396,0.88,-29.37,27.69,30.24,-81.06,-156.77
52.401936,-1.504744,154.1,3.73,2,204.07,20 / 23,62128,2019-09-06 18:17:08:810,0.1488,0.2164,9.6737,-0.0032,0.0151,9.8066,0.0316,0.0733,0.0173,0.56,-29.44,27.56,30.65,-81.13,-156.38
52.401936,-1.504744,154.1,3.73,2,204.07,20 / 23,62228,2019-09-06 18:17:08:910,0.1694,1.9963,9.8514,-0.0055,0.0232,9.8066,0.0393,0.0473,0.0324,1,-29.12,28.19,31.37,-81.19,-155.73
52.401936,-1.504744,154.1,3.73,2,204.07,20 / 23,62328,2019-09-06 18:17:09:010,1.0061,-0.0579,9.9478,-0.0101,-0.0147,9.8066,-0.044,0.0505,-0.0509,1.06,-29.31,28.44,32.05,-81.22,-155.12
52.401936,-1.504744,154.1,3.73,2,204.07,20 / 21,62428,2019-09-06 18:17:09:110,0.1053,0.5907,9.8874,-0.0083,-0.0038,9.8066,0.023,0.0369,0.017,0.56,-29.31,27.63,32.95,-81.17,-154.38
52.401936,-1.504744,154.1,3.73,2,204.07,20 / 21,62529,2019-09-06 18:17:09:211,0.7901,0.2608,9.4753,0.0072,0.0082,9.8065,-0.0722,-0.0211,0.038,0.63,-29.5,28.63,32.9,-81.26,-154.12
52.401936,-1.504744,154.1,3.73,2,204.07,20 / 21,62629,2019-09-06 18:17:09:311,0.6219,2.1057,10.1902,0.0061,-0.0101,9.8066,-0.0683,0.008,-0.0134,0.88,-29.12,28.19,32.89,-81.36,-154.32
52.401936,-1.504744,154.1,3.73,2,204.07,20 / 21,62728,2019-09-06 18:17:09:410,0.0464,0.187,9.5137,0.0181,0.0137,9.8065,-0.0061,-0.0995,0.1398,0.19,-30.06,28.19,31.7,-81.4,-153.43
52.401936,-1.504744,154.1,3.73,2,204.07,20 / 21,62828,2019-09-06 18:17:09:510,1.7831,0.5264,9.3436,-0.0237,-0.0127,9.8066,-0.0393,0.2418,-0.0933,0,-29.44,27.94,32.37,-81.29,-152.76
52.401936,-1.504744,154.1,3.73,2,204.07,20 / 21,62928,2019-09-06 18:17:09:610,1.5418,1.3542,10.3168,-0.0203,0.0204,9.8066,0.0303,0.0788,-0.1029,0.31,-29.5,28.69,32.19,-81.29,-152.75
52.401936,-1.504744,154.1,3.73,2,204.07,20 / 21,63028,2019-09-06 18:17:09:710,-0.1563,0.7342,10.3493,0.0111,0.0209,9.8066,0.0503,-0.0176,-0.0086,0.13,-29.87,28.38,33.54,-81.34,-151.89
52.401936,-1.504744,154.1,3.73,2,204.07,20 / 21,63129,2019-09-06 18:17:09:811,1.172,0.896,9.8883,-0.008,-0.0139,9.8065,0.0238,0.0559,0.0323,0,-29.69,28.56,32.19,-81.3,-152.91
52.401936,-1.504744,154.1,3.73,2,204.07,20 / 21,63229,2019-09-06 18:17:09:911,0.0258,0.9892,9.5115,-0.007,0.0055,9.8066,-0.0549,0.0164,-0.0776,-0.44,-29.62,29,33.47,-81.27,-151.82
52.401936,-1.504744,154.1,3.73,2,204.07,20 / 21,63330,2019-09-06 18:17:10:012,1.0003,0.912,9.5637,0.0031,0.0103,9.8066,-0.0179,0.0374,0.0097,0.44,-29.44,28.88,33.31,-81.38,-151.73
52.40167,-1.505409,157.92,4.85,2,232.88,20 / 21,63429,2019-09-06 18:17:10:111,0.1682,0.8068,9.2893,0.0025,0.0044,9.8065,-0.0083,0.0256,0.0664,0.06,-29.62,28.94,33.58,-81.38,-151.65
52.40167,-1.505409,157.92,4.85,2,232.88,20 / 21,63529,2019-09-06 18:17:10:211,0.0866,0.7638,9.7877,-0.0015,0.0123,9.8066,-0.011,0.0167,-0.0357,-0.75,-29.81,28.44,31.98,-81.37,-151.17
52.40167,-1.505409,157.92,4.85,2,232.88,20 / 21,63628,2019-09-06 18:17:10:310,0.2713,1.3308,9.7497,-0.0094,0.0033,9.8066,0.0232,0.022,0.009,-0.06,-29.81,28.56,35.1,-81.36,-150.35
52.40167,-1.505409,157.92,4.85,2,232.88,20 / 21,63728,2019-09-06 18:17:10:410,0.0738,0.8909,9.8272,-0.0071,0.0066,9.8066,-0.0135,-0.001,0.052,-0.19,-29.44,28.56,35.82,-81.37,-149.55
52.40167,-1.505409,157.92,4.85,2,232.88,20 / 21,63829,2019-09-06 18:17:10:511,0.258,1.6624,10.037,-0.0063,0.0021,9.8066,-0.0409,0.0147,-0.0001,-0.19,-29.87,28.94,36.82,-81.33,-148.88
52.40167,-1.505409,157.92,4.85,2,232.88,20 / 21,63929,2019-09-06 18:17:10:611,0.0254,1.1387,10.2781,0.0033,-0.0017,9.8066,-0.0065,0.0208,-0.0151,-0.75,-30.19,28.44,34.89,-81.3,-148.71
52.40167,-1.505409,157.92,4.85,2,232.88,20 / 21,64028,2019-09-06 18:17:10:710,0.3984,1.0568,9.369,-0.001,0.0068,9.8066,0.0068,0.0013,0.0026,-0.31,-29.81,29.69,37.27,-81.4,-148.25
52.40167,-1.505409,157.92,4.85,2,232.88,20 / 21,64128,2019-09-06 18:17:10:810,0.2914,0.6076,9.0168,-0.0064,0.0068,9.8066,0.0039,-0.0491,0.0524,-0.06,-29.81,28.88,38.15,-81.45,-147.64
52.40167,-1.505409,157.92,4.85,2,232.88,20 / 21,64228,2019-09-06 18:17:10:910,0.407,0.7761,9.9637,0.0071,0.0001,9.8066,0.0285,-0.0002,-0.0384,-0.31,-29.75,28.75,37.77,-81.37,-148.03
52.40167,-1.505409,157.92,4.85,2,232.88,20 / 21,64329,2019-09-06 18:17:11:011,0.2978,1.0155,9.778,0.0007,0.0023,9.8066,0.0113,-0.0166,-0.0141,-0.31,-29.69,28.69,37.67,-81.42,-148.08
52.40167,-1.505409,157.92,4.85,2,232.88,20 / 21,64428,2019-09-06 18:17:11:110,0.7754,0.9677,9.883,0.0028,0.0025,9.8065,0.014,0.0074,-0.0048,-0.37,-29.87,28.69,37.57,-81.45,-148.14
52.40167,-1.505409,157.92,4.85,2,232.88,20 / 21,64529,2019-09-06 18:17:11:211,0.3472,1.8707,9.8618,0.0076,0.0113,9.8065,-0.0051,0.02,-0.0093,-0.25,-29.62,28.69,37.32,-81.56,-148.28
52.40167,-1.505409,157.92,4.85,2,232.88,20 / 21,64629,2019-09-06 18:17:11:311,0.2631,1.3897,9.9418,0.0037,0.0054,9.8065,0.004,0.0107,-0.0124,0.31,-29.5,29.56,36.84,-81.66,-148.29
52.40167,-1.505409,157.92,4.85,2,232.88,20 / 21,64729,2019-09-06 18:17:11:411,0.4476,1.9162,9.8604,0.0033,-0.0023,9.8066,-0.0138,0.0193,-0.0195,-0.06,-30,28.81,36.76,-81.67,-148.7
52.40167,-1.505409,157.92,4.85,2,232.88,20 / 21,64829,2019-09-06 18:17:11:511,0.642,1.3455,9.8507,0.0062,0.0028,9.8066,0.0051,0.0208,-0.0007,-0.56,-30.31,28.69,33.92,-81.65,-149.21
52.40167,-1.505409,157.92,4.85,2,232.88,20 / 21,64928,2019-09-06 18:17:11:610,0.8826,1.1573,9.7739,0.0052,0.0046,9.8066,0.0188,0.0268,0.0187,-0.56,-29.81,28.88,33.22,-81.72,-149.77
52.40167,-1.505409,157.92,4.85,2,232.88,20 / 21,65028,2019-09-06 18:17:11:710,0.8597,0.697,9.414,0.0017,0.0127,9.8066,-0.0404,0.0222,-0.0335,-0.06,-29.75,29,35.5,-81.91,-149.64
52.40167,-1.505409,157.92,4.85,2,232.88,20 / 21,65128,2019-09-06 18:17:11:810,0.4796,0.6195,9.6923,-0.0102,0.0078,9.8066,0.0321,0.032,0.0424,-0.25,-30,28.81,36.59,-81.9,-148.69
52.40167,-1.505409,157.92,4.85,2,232.88,20 / 21,65229,2019-09-06 18:17:11:911,-0.0259,1.8689,10.0422,-0.0045,0.003,9.8066,0.0425,0.0213,0.0342,-0.44,-29.94,29.38,37.88,-81.78,-147.64
52.40167,-1.505409,157.92,4.85,2,232.88,20 / 21,65328,2019-09-06 18:17:12:010,0.1758,1.6307,10.0397,-0.0038,0.003,9.8065,0.0012,0.0257,0.0058,-0.44,-29.75,28.5,38.06,-81.79,-147.48
52.40167,-1.505409,157.92,4.85,2,232.88,21 / 22,65429,2019-09-06 18:17:12:111,0.0014,1.473,9.6436,0.0056,-0.0064,9.8065,0.0352,0.0309,0.01,-1.19,-29.75,29.13,35.92,-81.78,-147.38
52.40167,-1.505409,157.92,4.85,2,232.88,21 / 22,65529,2019-09-06 18:17:12:211,0.5274,2.1874,9.8444,0.014,-0.0036,9.8066,-0.0236,0.021,-0.035,-1.06,-29.56,29.56,34.41,-81.89,-148.53
52.40167,-1.505409,157.92,4.85,2,232.88,21 / 22,65628,2019-09-06 18:17:12:310,0.5427,1.9983,10.0395,0.0028,0.0066,9.8066,0.0137,0.0284,0.0045,-0.37,-30.31,29.69,36.26,-81.98,-148.75
52.40167,-1.505409,157.92,4.85,2,232.88,21 / 22,65728,2019-09-06 18:17:12:410,0.6363,1.8784,10.03,0.0049,0.0061,9.8065,0.0311,0.021,-0.0101,-0.31,-29.44,29.81,35.69,-82.01,-149.09
52.40167,-1.505409,157.92,4.85,2,232.88,21 / 22,65828,2019-09-06 18:17:12:510,0.2068,1.4723,9.8368,-0.0059,-0.0085,9.8066,0.0108,0.0308,0.0173,0,-29.62,29.69,35.87,-81.94,-149.13
52.40167,-1.505409,157.92,4.85,2,232.88,21 / 22,65929,2019-09-06 18:17:12:611,0.487,1.2187,9.2676,-0.0029,-0.0052,9.8066,0.0104,0.0467,0.0023,-0.62,-30.06,29.56,33.79,-81.88,-149.09
52.40167,-1.505409,157.92,4.85,2,232.88,21 / 22,66029,2019-09-06 18:17:12:711,0.0171,1.6285,9.6209,-0.0028,0.0029,9.8066,0.0115,0.0023,-0.0096,-0.69,-30,29.19,34.26,-81.84,-148.78
52.40167,-1.505409,157.92,4.85,2,232.88,21 / 22,66129,2019-09-06 18:17:12:811,0.1915,1.2085,9.8031,-0.0024,0.0011,9.8066,-0.0237,0.0143,-0.0008,-1.5,-29.69,28.81,34.66,-81.85,-148.44
52.40167,-1.505409,157.92,4.85,2,232.88,21 / 22,66229,2019-09-06 18:17:12:911,0.2656,1.4357,9.7945,0.0059,0.0064,9.8066,0.0234,0.021,0.0034,-1,-29.25,29.75,34.2,-81.92,-148.55
52.40167,-1.505409,157.92,4.85,2,232.88,21 / 22,66329,2019-09-06 18:17:13:011,0.392,1.3221,9.7453,0.005,0.0102,9.8066,-0.0029,0.0255,-0.0178,-1.87,-29.81,29.31,32.03,-81.99,-148.67
52.40167,-1.505409,157.92,4.85,2,232.88,20 / 21,66429,2019-09-06 18:17:13:111,0.6644,1.55,9.936,0.0013,0.0016,9.8066,-0.0041,-0.0137,0.0276,-0.81,-29.56,29.94,33.9,-82.1,-148.85
52.40167,-1.505409,157.92,4.85,2,232.88,20 / 21,66528,2019-09-06 18:17:13:210,0.1065,1.3921,9.6684,0.0049,0.001,9.8066,-0.0092,0.0455,-0.0323,-0.56,-29.44,30.19,33.69,-82.16,-148.85
52.40167,-1.505409,157.92,4.85,2,232.88,20 / 21,66629,2019-09-06 18:17:13:311,0.2523,1.44,9.9148,0.0012,0.0089,9.8066,0.0073,0.0336,0.0061,-0.69,-29.69,29.56,34.11,-82.22,-148.59
52.40167,-1.505409,157.92,4.85,2,232.88,20 / 21,66729,2019-09-06 18:17:13:411,0.1182,1.037,9.8536,-0.0005,0.0103,9.8066,0.0155,0.0175,0.0048,-0.56,-30.31,29.81,34.59,-82.34,-148.09
52.40167,-1.505409,157.92,4.85,2,232.88,20 / 21,66829,2019-09-06 18:17:13:511,0.0973,0.9574,9.7716,0,-0.0018,9.8066,0.0322,0.0321,0.0155,-0.31,-29.81,29.88,36.8,-82.38,-148.01
52.40167,-1.505409,157.92,4.85,2,232.88,20 / 21,66929,2019-09-06 18:17:13:611,0.1097,0.7962,9.7113,0.0038,0.0042,9.8066,-0.0302,0.019,-0.0244,-0.56,-29.87,30.06,34.68,-82.47,-147.93
52.40167,-1.505409,157.92,4.85,2,232.88,20 / 21,67028,2019-09-06 18:17:13:710,0.1727,1.2825,9.9154,-0.0008,0.0069,9.8066,-0.0047,0.013,-0.0005,-0.56,-29.81,30.44,34.91,-82.55,-147.67
52.40167,-1.505409,157.92,4.85,2,232.88,20 / 21,67129,2019-09-06 18:17:13:811,0.3693,1.0995,9.6727,0.0023,0.0053,9.8066,-0.0053,0.0214,-0.0073,-0.44,-29.87,30.19,37.24,-82.6,-147.47
52.40167,-1.505409,157.92,4.85,2,232.88,20 / 21,67229,2019-09-06 18:17:13:911,0.1599,1.3152,9.7535,0.003,0.0107,9.8066,-0.0089,0.0241,-0.0117,-1.44,-29.87,29.94,35.02,-82.68,-147.49
52.40167,-1.505409,157.92,4.85,2,232.88,20 / 21,67329,2019-09-06 18:17:14:011,0.1595,1.1875,9.8877,0.0005,0.0066,9.8066,0.0136,0.0128,0.0083,-1.12,-30.12,29.81,35.29,-82.78,-147.19
52.40167,-1.505409,157.92,4.85,2,232.88,20 / 22,67429,2019-09-06 18:17:14:111,0.0634,0.8625,9.8383,0.0017,0.005,9.8065,-0.0071,0.0097,-0.0117,-0.81,-30.25,30.38,35.21,-82.89,-147.19
52.40167,-1.505409,157.92,4.85,2,232.88,20 / 22,67528,2019-09-06 18:17:14:210,0.1349,0.5777,9.861,-0.0005,0.0037,9.8066,0.012,0.0196,0.0026,-0.94,-29.69,30.19,35.38,-82.93,-147.01
52.40167,-1.505409,157.92,4.85,2,232.88,20 / 22,67629,2019-09-06 18:17:14:311,-0.0266,0.3754,9.8459,0.0017,0.0008,9.8066,0.0164,0.0121,0.0186,-1.62,-30.31,29.94,33.41,-82.98,-146.84
52.40167,-1.505409,157.92,4.85,2,232.88,20 / 22,67728,2019-09-06 18:17:14:410,0.0613,0.7417,9.8527,0.0034,0.003,9.8066,0.0037,-0.0044,-0.0097,-1.87,-30.37,29.63,33.24,-83.04,-146.95
52.40167,-1.505409,157.92,4.85,2,232.88,20 / 22,67828,2019-09-06 18:17:14:510,0.1453,0.6141,9.7587,0.0019,0.004,9.8066,-0.0008,-0.0009,-0.0064,-1.37,-30.37,30.13,35.49,-83.12,-146.79
52.40167,-1.505409,157.92,4.85,2,232.88,20 / 22,67928,2019-09-06 18:17:14:610,0.1403,0.3907,9.7179,0.003,0.0064,9.8066,-0.0173,0,-0.0054,-1.56,-29.69,29.38,33.43,-83.19,-146.69
52.40167,-1.505409,157.92,4.85,2,232.88,20 / 22,68028,2019-09-06 18:17:14:710,0.1096,0.6337,9.8842,0.0001,0.0045,9.8066,-0.0041,-0.0041,-0.0006,-1.37,-29.87,29.31,35.95,-83.26,-146.36
52.40167,-1.505409,157.92,4.85,2,232.88,20 / 22,68128,2019-09-06 18:17:14:810,0.0326,0.5901,9.8363,0.0012,0.006,9.8066,0.0114,0.0204,0.0153,-1.31,-30,29.75,36.12,-83.31,-146.1
52.40167,-1.505409,157.92,4.85,2,232.88,20 / 22,68229,2019-09-06 18:17:14:911,0.1164,0.1848,9.803,0.0024,0.0043,9.8066,0.0091,0.0015,-0.0029,-1.62,-29.81,30.44,34.04,-83.37,-146.04
52.40167,-1.505409,157.92,4.85,2,232.88,20 / 22,68329,2019-09-06 18:17:15:011,0.0528,-0.198,9.8079,0.0032,0.0032,9.8066,0.0102,-0.0035,-0.0135,-1.31,-29.44,30,35.94,-83.44,-146.05
52.40167,-1.505409,157.92,4.85,2,232.88,20 / 21,68429,2019-09-06 18:17:15:111,0.09,-0.4546,9.8034,0.0015,0.0028,9.8066,0.0063,-0.0117,0.0061,-1.37,-30.62,30.88,35.9,-83.5,-146.24
52.40167,-1.505409,157.92,4.85,2,232.88,20 / 21,68528,2019-09-06 18:17:15:210,0.0165,-0.2242,9.807,0.0008,0.0025,9.8066,0.0094,0.026,0.0207,-0.81,-30.5,30.19,35.87,-83.51,-146.2
52.40167,-1.505409,157.92,4.85,2,232.88,20 / 21,68629,2019-09-06 18:17:15:311,0.0448,-0.1525,9.8803,0.003,0.0069,9.8066,0.0043,0.0093,0.0078,-1.5,-30.12,30.63,36.01,-83.6,-145.96
52.40167,-1.505409,157.92,4.85,2,232.88,20 / 21,68729,2019-09-06 18:17:15:411,0.0995,0.0559,9.9687,0.0039,0.0058,9.8066,-0.0045,-0.0036,-0.0201,-1.19,-30.75,30.44,36.26,-83.68,-145.86
52.40167,-1.505409,157.92,4.85,2,232.88,20 / 21,68828,2019-09-06 18:17:15:510,0.0721,0.151,9.9934,0.0004,0.0019,9.8066,-0.0029,-0.0122,0.0087,-1.62,-29.56,29.31,34.16,-83.73,-145.69
52.40167,-1.505409,157.92,4.85,2,232.88,20 / 21,68928,2019-09-06 18:17:15:610,0.0442,-0.2382,9.8419,0.0009,0.002,9.8066,-0.0045,0.0194,0.0243,-1.37,-30.44,29.94,36.4,-83.77,-145.55
52.40167,-1.505409,157.92,4.85,2,232.88,20 / 21,69029,2019-09-06 18:17:15:711,-0.015,-0.1469,9.8755,0.0037,0.0079,9.8066,0.0045,-0.0142,-0.0063,-1.56,-30.19,30.13,34.62,-83.86,-145.2
52.40167,-1.505409,157.92,4.85,2,232.88,20 / 21,69129,2019-09-06 18:17:15:811,-0.0623,-0.0341,9.904,0.0017,0.0056,9.8066,-0.0042,-0.0084,-0.0135,-1.19,-29.87,30,36.74,-83.91,-145.15
52.40167,-1.505409,157.92,4.85,2,232.88,20 / 21,69229,2019-09-06 18:17:15:911,0.0009,-0.5203,9.716,0.0005,0.0035,9.8066,-0.0121,-0.0016,-0.0061,-1,-29.87,30.19,36.97,-83.95,-144.91
52.40167,-1.505409,157.92,4.85,2,232.88,20 / 21,69329,2019-09-06 18:17:16:011,0.0254,-0.3367,9.7882,-0.0006,0.0035,9.8066,0.0089,0.0206,0.0173,-0.69,-30.06,29.81,37.21,-83.97,-144.68
52.40167,-1.505409,157.92,4.85,2,232.88,20 / 22,69429,2019-09-06 18:17:16:111,-0.0591,-0.1739,9.7549,0.0019,0.004,9.8066,0.0054,-0.001,0.0072,-1.25,-30.44,29.94,37.3,-84.01,-144.57
52.40167,-1.505409,157.92,4.85,2,232.88,20 / 22,69529,2019-09-06 18:17:16:211,0.085,-0.373,9.9044,0.0022,0.0033,9.8066,-0.011,-0.0176,-0.0188,-1.25,-30,29.69,37.38,-84.09,-144.45
52.40167,-1.505409,157.92,4.85,2,232.88,20 / 22,69628,2019-09-06 18:17:16:310,0.1068,-0.2776,9.8592,0.0001,0.0042,9.8066,-0.0107,-0.0024,-0.0017,-1.44,-29.69,29.75,37.69,-84.13,-144.14
52.40167,-1.505409,157.92,4.85,2,232.88,20 / 22,69729,2019-09-06 18:17:16:411,0.0037,-0.0563,9.8789,0.0008,0.005,9.8066,0.0119,0.0155,0.0161,-1.31,-30.12,30.13,37.85,-84.16,-143.97
52.40167,-1.505409,157.92,4.85,2,232.88,20 / 22,69828,2019-09-06 18:17:16:510,0.0791,-0.412,9.8777,0.0025,0.002,9.8065,0.0074,0.0099,0.0068,-1.37,-30.62,29.63,38.17,-84.19,-143.77
52.40167,-1.505409,157.92,4.85,2,232.88,20 / 22,69929,2019-09-06 18:17:16:611,-0.0228,-0.1414,9.9271,0.0009,0.0041,9.8066,-0.0121,-0.0084,-0.0177,-1.69,-30,30.06,36,-84.24,-143.7
52.40167,-1.505409,157.92,4.85,2,232.88,20 / 22,70029,2019-09-06 18:17:16:711,0.0198,-0.0426,9.9936,-0.0003,0.0026,9.8066,-0.0031,0.0119,0.0045,-1.31,-29.94,30,38.46,-84.28,-143.34
52.40167,-1.505409,157.92,4.85,2,232.88,20 / 22,70129,2019-09-06 18:17:16:811,0.0921,-0.3578,9.9323,0.0015,0.0022,9.8066,0.0073,0.0016,0.0101,-1,-29.94,30.5,38.48,-84.3,-143.24
52.40167,-1.505409,157.92,4.85,2,232.88,20 / 22,70230,2019-09-06 18:17:16:912,0.0027,-0.4383,9.8237,0.0008,0.0037,9.8066,-0.0051,0.0001,-0.0105,-1.19,-29.62,29.56,38.59,-84.37,-143.15
52.40167,-1.505409,157.92,4.85,2,232.88,20 / 22,70328,2019-09-06 18:17:17:010,-0.0739,-0.0992,9.8826,0.0009,0.0033,9.8066,-0.0083,-0.0088,-0.0086,-1.81,-30.06,29.5,36.71,-84.39,-142.95
52.40167,-1.505409,157.92,4.85,2,232.88,20 / 21,70429,2019-09-06 18:17:17:111,-0.0458,-0.2654,9.9577,-0.0005,0.0018,9.8066,-0.0064,-0.022,-0.0267,-1.69,-30.31,30.25,36.89,-84.4,-142.79
52.40167,-1.505409,157.92,4.85,2,232.88,20 / 21,70529,2019-09-06 18:17:17:211,0.0683,-0.4893,9.7345,0.0019,0.0041,9.8066,-0.0047,0.0074,0.0064,-1.62,-30.12,29.75,37.01,-84.44,-142.64
52.40167,-1.505409,157.92,4.85,2,232.88,20 / 21,70629,2019-09-06 18:17:17:311,-0.0159,-0.2911,9.7848,0.0005,0.0028,9.8066,0.0088,0.0068,0.0157,-1.12,-30.12,29.88,39.12,-84.49,-142.58
52.40167,-1.505409,157.92,4.85,2,232.88,20 / 21,70729,2019-09-06 18:17:17:411,-0.0508,-0.5912,9.7677,-0.0009,0.0027,9.8066,0.0089,0.0023,0.001,-1.37,-30.12,30.5,39.34,-84.51,-142.31
52.40167,-1.505409,157.92,4.85,2,232.88,20 / 21,70829,2019-09-06 18:17:17:511,0.0478,-0.2373,9.8889,0.0006,0.0024,9.8066,-0.0113,-0.0172,-0.02,-1,-30.12,30.13,39.58,-84.52,-142.13
52.40167,-1.505409,157.92,4.85,2,232.88,20 / 21,70928,2019-09-06 18:17:17:610,0.0269,-0.1203,9.933,0.0022,0.0037,9.8066,-0.0016,0.01,0.0055,-1.12,-29.94,30,39.56,-84.55,-142.13
52.40167,-1.505409,157.92,4.85,2,232.88,20 / 21,71029,2019-09-06 18:17:17:711,0.0492,-0.3841,9.9331,0.0007,0.0017,9.8066,0.0078,0.0015,0.0084,-1.56,-30.25,30.19,37.62,-84.58,-141.99
52.40167,-1.505409,157.92,4.85,2,232.88,20 / 21,71128,2019-09-06 18:17:17:810,0.068,-0.3204,9.837,0.0001,0.0031,9.8066,0.0064,-0.0011,-0.0065,-0.94,-30.19,29.88,39.88,-84.61,-141.79
52.40167,-1.505409,157.92,4.85,2,232.88,20 / 21,71229,2019-09-06 18:17:17:911,0.0483,-0.2172,9.9676,-0.0002,0.0028,9.8066,-0.0128,-0.009,-0.0102,-1.44,-30.81,30.38,40.18,-84.63,-141.62
52.40167,-1.505409,157.92,4.85,2,232.88,20 / 21,71329,2019-09-06 18:17:18:011,-0.037,-0.395,9.8426,0.0014,0.003,9.8066,0.0069,-0.0081,0.0119,-1.25,-29.75,29.94,40.17,-84.66,-141.49
52.40167,-1.505409,157.92,4.85,2,232.88,20 / 21,71428,2019-09-06 18:17:18:110,-0.0575,-0.2005,9.8519,0.0001,0.0007,9.8066,0.0022,0.0082,0.0095,-1.56,-30.25,30.63,38.24,-84.68,-141.37
52.40167,-1.505409,157.92,4.85,2,232.88,20 / 21,71529,2019-09-06 18:17:18:211,-0.0049,-0.5134,9.7819,-0.0007,0.0017,9.8066,-0.0146,-0.0124,-0.0164,-2,-29.75,29.63,38.37,-84.68,-141.23
52.40167,-1.505409,157.92,4.85,2,232.88,20 / 21,71628,2019-09-06 18:17:18:310,-0.0366,-0.2608,9.7535,0.0004,0.0029,9.8066,0.0039,0.0167,0.0064,-1.75,-29.87,30.19,38.4,-84.71,-141.18
52.40167,-1.505409,157.92,4.85,2,232.88,20 / 21,71729,2019-09-06 18:17:18:411,0.0077,-0.3182,9.9409,-0.0001,0.0011,9.8066,0.0047,-0.013,0.0134,-1.37,-29.62,29.94,40.66,-84.74,-140.98
52.40167,-1.505409,157.92,4.85,2,232.88,20 / 21,71830,2019-09-06 18:17:18:512,0.0435,-0.3183,9.8874,-0.0013,-0.0001,9.8066,-0.012,-0.0018,-0.0117,-1.31,-29.94,30.5,41.01,-84.74,-140.6
52.40167,-1.505409,157.92,4.85,2,232.88,20 / 21,71929,2019-09-06 18:17:18:611,0.0314,-0.0752,9.9287,0.0017,0.0024,9.8066,-0.0026,-0.0021,-0.0006,-1.25,-30,29.63,41.16,-84.77,-140.49
52.40167,-1.505409,157.92,4.85,2,232.88,20 / 21,72029,2019-09-06 18:17:18:711,0.1138,-0.2093,9.9437,0.0006,0.0033,9.8066,0.0178,0.0055,0.0156,-1.75,-30,29.69,39.15,-84.82,-140.42
52.40167,-1.505409,157.92,4.85,2,232.88,20 / 21,72129,2019-09-06 18:17:18:811,-0.1052,-0.3482,9.7927,-0.0013,-0.0013,9.8066,0.0035,0.0064,0.0077,-1.12,-29.81,30.19,41.19,-84.8,-140.44
52.40167,-1.505409,157.92,4.85,2,232.88,20 / 21,72229,2019-09-06 18:17:18:911,-0.1007,-0.4775,9.884,0.0002,0.0018,9.8066,-0.013,-0.0192,-0.0131,-1.62,-30.06,29.88,39.27,-84.8,-140.32
52.40167,-1.505409,157.92,4.85,2,232.88,20 / 21,72329,2019-09-06 18:17:19:011,0.011,-0.552,9.7398,0.0019,0.0013,9.8066,0.0095,0.012,0.0076,-1.69,-30,30.13,39.39,-84.84,-140.18
52.4016,-1.505556,158.03,0,2,229.16,21 / 22,72428,2019-09-06 18:17:19:110,-0.0808,-0.3511,9.8176,-0.0038,-0.0005,9.8066,0.0076,-0.0028,-0.0097,-1.75,-30.12,30.25,39.59,-84.83,-140
52.4016,-1.505556,158.03,0,2,229.16,21 / 22,72529,2019-09-06 18:17:19:211,0.0407,-0.2991,9.9372,-0.0005,-0.0015,9.8066,0.0069,-0.0007,-0.0135,-1.44,-30.06,30,41.6,-84.82,-140.05
52.4016,-1.505556,158.03,0,2,229.16,21 / 22,72628,2019-09-06 18:17:19:310,0.0005,-0.1886,9.8829,0.0025,0.0019,9.8066,0.0069,0.0142,0.0136,-1.75,-30.06,29.75,39.42,-84.85,-140.15
52.4016,-1.505556,158.03,0,2,229.16,21 / 22,72728,2019-09-06 18:17:19:410,-0.0442,-0.2221,9.8812,-0.0002,0.0006,9.8066,0.0109,-0.0126,0.011,-1.06,-30,30.25,41.37,-84.87,-140.23
52.4016,-1.505556,158.03,0,2,229.16,21 / 22,72828,2019-09-06 18:17:19:510,0.0365,-0.454,9.8667,0.0011,0.0016,9.8066,-0.0026,-0.0101,-0.0179,-1.25,-30.69,30.31,41.56,-84.85,-140.17
52.4016,-1.505556,158.03,0,2,229.16,21 / 22,72928,2019-09-06 18:17:19:610,-0.0464,-0.2536,9.859,0.0018,0.0006,9.8066,0.0083,0.0082,0.0137,-1.19,-29.81,29.69,41.28,-84.87,-140.31
52.4016,-1.505556,158.03,0,2,229.16,21 / 22,73028,2019-09-06 18:17:19:710,0.0571,-0.4912,9.8388,-0.0006,-0.0007,9.8066,0.002,-0.0102,-0.0004,-1.31,-30.12,30.19,41.31,-84.87,-140.29
52.4016,-1.505556,158.03,0,2,229.16,21 / 22,73129,2019-09-06 18:17:19:811,-0.1153,-0.334,9.8098,-0.0001,0,9.8066,-0.0011,0.0034,-0.0157,-0.94,-29.87,29.81,41.39,-84.86,-140.22
52.4016,-1.505556,158.03,0,2,229.16,21 / 22,73228,2019-09-06 18:17:19:910,0.0162,-0.4593,9.9341,-0.0001,0.0003,9.8065,0.0055,-0.0013,0.0106,-1.75,-29.25,30,39.06,-84.86,-140.36
52.4016,-1.505556,158.03,0,2,229.16,21 / 22,73328,2019-09-06 18:17:20:010,-0.0391,-0.447,9.782,-0.0003,0.0009,9.8066,0.0086,-0.0065,0.0092,-1.5,-30.56,30.19,41.46,-84.87,-140.25
52.4016,-1.505556,158.03,0,2,229.16,20 / 21,73429,2019-09-06 18:17:20:111,0.0189,-0.2578,9.9947,-0.0012,0,9.8066,-0.0121,-0.0062,-0.0147,-1.5,-30,29.56,41.51,-84.85,-140.11
52.4016,-1.505556,158.03,0,2,229.16,20 / 21,73528,2019-09-06 18:17:20:210,0.0932,-0.491,9.8725,0.0018,0.0027,9.8066,0.0086,-0.0011,0.0039,-1.31,-29.62,30.06,41.49,-84.87,-140.12
52.4016,-1.505556,158.03,0,2,229.16,20 / 21,73628,2019-09-06 18:17:20:310,-0.0137,-0.1714,9.9046,-0.0018,-0.0015,9.8066,0.0075,0.0149,0.0127,-1.37,-30.19,29.81,41.37,-84.86,-140.23
52.4016,-1.505556,158.03,0,2,229.16,20 / 21,73729,2019-09-06 18:17:20:411,-0.0289,-0.5299,9.7975,-0.001,-0.0008,9.8066,-0.0123,-0.0216,-0.0176,-1.37,-29.87,30.25,41.47,-84.84,-140.15
52.4016,-1.505556,158.03,0,2,229.16,20 / 21,73829,2019-09-06 18:17:20:511,-0.1435,-0.4035,9.7189,0.0018,-0.0017,9.8066,-0.0052,0.0108,0.0038,-1.25,-29.87,29.63,41.49,-84.84,-140.14
52.4016,-1.505556,158.03,0,2,229.16,20 / 21,73929,2019-09-06 18:17:20:611,0.0196,-0.2898,9.9423,-0.0005,-0.001,9.8066,0.0006,-0.0092,0.0087,-1.44,-29.44,29.94,41.16,-84.85,-140.33
52.4016,-1.505556,158.03,0,2,229.16,20 / 21,74029,2019-09-06 18:17:20:711,0.0828,-0.2463,9.8576,-0.0013,-0.0005,9.8066,-0.0056,-0.0057,-0.0169,-1.69,-30.12,30.25,39.34,-84.82,-140.25
52.4016,-1.505556,158.03,0,2,229.16,20 / 21,74129,2019-09-06 18:17:20:811,0.0585,-0.0963,9.9666,0.0009,-0.001,9.8066,-0.0084,0.0131,-0.0075,-1.56,-30.37,29.06,39.12,-84.8,-140.44
52.4016,-1.505556,158.03,0,2,229.16,20 / 21,74229,2019-09-06 18:17:20:911,0.0875,-0.3176,9.9074,0.0009,-0.0008,9.8066,0.0118,-0.0072,0.0165,-1.56,-29.06,29.88,38.76,-84.8,-140.68
52.4016,-1.505556,158.03,0,2,229.16,20 / 21,74329,2019-09-06 18:17:21:011,-0.1337,-0.4231,9.7378,-0.0015,-0.0032,9.8066,0.0039,0.0058,-0.0079,-1.94,-29.87,29.88,38.89,-84.78,-140.69
52.4016,-1.505556,158.03,0,2,229.16,20 / 21,74429,2019-09-06 18:17:21:111,-0.0229,-0.5182,9.8186,0.0007,-0.0032,9.8066,-0.0049,-0.0038,-0.0036,-1.62,-29.75,29.63,38.54,-84.77,-141.02
52.4016,-1.505556,158.03,0,2,229.16,20 / 21,74528,2019-09-06 18:17:21:210,-0.1302,-0.397,9.7009,-0.0008,-0.0025,9.8066,0.0123,0.006,0.0122,-1.81,-30.37,29.56,38.53,-84.72,-141.06
52.4016,-1.505556,158.03,0,2,229.16,20 / 21,74629,2019-09-06 18:17:21:311,0.0495,-0.304,9.9837,0.0013,0.0012,9.8066,-0.0033,-0.0113,-0.0083,-1.12,-29.5,29.69,40.34,-84.73,-141.17
52.4016,-1.505556,158.03,0,2,229.16,20 / 21,74728,2019-09-06 18:17:21:410,0.0866,-0.2022,9.9622,-0.0008,-0.0011,9.8066,0.0112,0.0026,0.0013,-1.44,-30,29.88,40.2,-84.72,-141.42
52.4016,-1.505556,158.03,0,2,229.16,20 / 21,74830,2019-09-06 18:17:21:512,-0.0383,-0.4159,9.7764,-0.001,-0.0003,9.8066,0.0196,0.0223,0.0154,-1.31,-29.37,29.88,39.99,-84.67,-141.54
52.4016,-1.505556,158.03,0,2,229.16,20 / 21,74929,2019-09-06 18:17:21:611,0.0094,-0.6176,9.7301,0.001,-0.0026,9.8066,-0.0009,-0.0011,-0.0008,-1.37,-29.94,29.38,40,-84.67,-141.7
52.4016,-1.505556,158.03,0,2,229.16,20 / 21,75029,2019-09-06 18:17:21:711,-0.1337,-0.3761,9.7734,-0.0013,-0.0012,9.8066,-0.008,-0.0022,-0.0116,-1.56,-29.56,30,37.76,-84.65,-141.82
52.4016,-1.505556,158.03,0,2,229.16,20 / 21,75129,2019-09-06 18:17:21:811,-0.0813,-0.4953,9.8346,-0.0005,-0.0021,9.8066,0.0056,0.0105,0.0163,-1.19,-29.69,30.31,39.72,-84.6,-141.94
52.4016,-1.505556,158.03,0,2,229.16,20 / 21,75230,2019-09-06 18:17:21:912,0.0384,-0.1679,9.8242,0.0005,-0.0023,9.8066,0.0098,-0.0075,-0.0027,-1.5,-29.69,29.75,39.56,-84.6,-142.1
52.4016,-1.505556,158.03,0,2,229.16,20 / 21,75328,2019-09-06 18:17:22:010,0.0328,-0.1061,9.9694,0.0009,-0.002,9.8065,-0.0096,-0.0083,-0.0147,-1.56,-29.94,30.19,37.25,-84.59,-142.33
52.4016,-1.505556,158.03,0,2,229.16,20 / 21,75429,2019-09-06 18:17:22:111,-0.0402,-0.224,9.9126,-0.0012,-0.0027,9.8066,0.0127,-0.0022,0.0059,-1.25,-30,30.13,39.05,-84.56,-142.59
52.4016,-1.505556,158.03,0,2,229.16,20 / 21,75528,2019-09-06 18:17:22:210,-0.0586,-0.3887,9.8133,0.0002,-0.0025,9.8066,0.0129,0.0033,0.013,-0.81,-29.44,29.75,38.86,-84.52,-142.69
52.4016,-1.505556,158.03,0,2,229.16,20 / 21,75628,2019-09-06 18:17:22:310,0.0223,-0.1007,9.9725,0.0009,-0.0023,9.8066,-0.0067,-0.0143,-0.0205,-1.31,-29.75,30,38.75,-84.51,-142.91
52.4016,-1.505556,158.03,0,2,229.16,20 / 21,75730,2019-09-06 18:17:22:412,0.1085,-0.2207,9.9733,-0.0019,-0.0036,9.8066,-0.0012,-0.0048,-0.0052,-1.62,-29.94,29.94,36.49,-84.51,-143.09
52.4016,-1.505556,158.03,0,2,229.16,20 / 21,75829,2019-09-06 18:17:22:511,0.0382,-0.2003,9.8688,-0.0007,-0.0038,9.8066,0.002,0.0092,0.0128,-1.19,-29.62,29.94,38.42,-84.45,-143.25
52.4016,-1.505556,158.03,0,2,229.16,20 / 21,75928,2019-09-06 18:17:22:610,-0.1229,-0.3781,9.8258,0.0003,-0.001,9.8066,-0.0003,-0.0172,-0.0014,-1.12,-29.31,29.81,38.13,-84.44,-143.41
52.4016,-1.505556,158.03,0,2,229.16,20 / 21,76029,2019-09-06 18:17:22:711,-0.0796,-0.4337,9.7566,-0.0013,-0.0014,9.8066,-0.0051,0.0051,-0.0024,-1.5,-29.87,29.56,38.17,-84.42,-143.5
52.4016,-1.505556,158.03,0,2,229.16,20 / 21,76129,2019-09-06 18:17:22:811,-0.0153,-0.2329,9.8129,0.0002,-0.0026,9.8066,0.0102,0.0031,0.0089,-1,-29.75,30.38,37.96,-84.38,-143.72
52.4016,-1.505556,158.03,0,2,229.16,20 / 21,76229,2019-09-06 18:17:22:911,-0.1125,-0.259,9.8542,0.0008,-0.0027,9.8066,-0.0028,0.0112,-0.0059,-1.19,-29.62,30.06,37.72,-84.35,-143.97
52.4016,-1.505556,158.03,0,2,229.16,20 / 21,76329,2019-09-06 18:17:23:011,-0.0086,-0.2983,9.7912,-0.0003,-0.0009,9.8065,-0.0113,-0.0003,-0.0096,-1.69,-29.81,30.13,35.42,-84.34,-144.17
52.4016,-1.505556,158.03,0,2,229.16,20 / 21,76428,2019-09-06 18:17:23:110,-0.0518,-0.1004,10.0124,-0.0009,-0.0028,9.8066,0.0107,0.0051,0.0149,-1.12,-29.19,30,37.28,-84.3,-144.28
52.4016,-1.505556,158.03,0,2,229.16,20 / 21,76529,2019-09-06 18:17:23:211,0.0272,-0.3591,9.7693,0.0014,0.0038,9.8066,-0.0129,-0.0017,-0.0042,-1,-29.62,30.06,37.28,-84.3,-144.4
52.4016,-1.505556,158.03,0,2,229.16,20 / 21,76628,2019-09-06 18:17:23:310,0.0636,-0.1858,9.8034,0.0009,-0.0015,9.8066,0.0014,-0.007,-0.0162,-1.37,-29.62,29.63,37.12,-84.3,-144.55
52.4016,-1.505556,158.03,0,2,229.16,20 / 21,76729,2019-09-06 18:17:23:411,0.0037,-0.4044,9.9338,-0.0017,-0.0033,9.8066,0.0078,0.0123,0.0173,-1.37,-29.94,30,36.95,-84.24,-144.74
52.4016,-1.505556,158.03,0,2,229.16,20 / 21,76828,2019-09-06 18:17:23:510,-0.1458,-0.1304,9.8122,0.0005,-0.0016,9.8065,-0.0078,-0.0097,-0.0051,-1.25,-30.31,30.63,36.75,-84.23,-144.88
52.4016,-1.505556,158.03,0,2,229.16,20 / 21,76928,2019-09-06 18:17:23:610,0.0292,-0.2393,9.8481,-0.0001,-0.0008,9.8066,-0.0159,-0.0172,-0.0179,-1.94,-30.31,29.63,34.49,-84.24,-145.09
52.4016,-1.505556,158.03,0,2,229.16,20 / 21,77029,2019-09-06 18:17:23:711,0.0354,-0.2146,9.8386,-0.0032,-0.0032,9.8065,0.0169,0.0181,0.0202,-1.5,-29.69,30.19,36.7,-84.19,-145.01
52.4016,-1.505556,158.03,0,2,229.16,20 / 21,77128,2019-09-06 18:17:23:810,0.0002,-0.0818,9.9816,-0.0002,-0.0015,9.8066,0.0029,-0.0078,0.0126,-1.56,-29.87,30,34.45,-84.16,-145.17
52.4016,-1.505556,158.03,0,2,229.16,20 / 21,77229,2019-09-06 18:17:23:911,-0.0568,-0.3186,9.7759,-0.0006,-0.0013,9.8066,0.0098,-0.0056,-0.0158,-1.06,-30.19,30.63,36.45,-84.14,-145.22
52.4016,-1.505556,158.03,0,2,229.16,20 / 21,77329,2019-09-06 18:17:24:011,0.0182,-0.0933,9.8261,-0.0015,-0.0034,9.8066,0.0045,0.0147,0.0133,-1.19,-29.44,30.19,36.3,-84.12,-145.3
52.4016,-1.505556,158.03,0,2,229.16,20 / 21,77428,2019-09-06 18:17:24:110,0.0195,-0.3285,9.8196,0.0023,-0.0031,9.8066,0.0006,-0.0126,-0.0094,-1.44,-29.94,30.88,36.11,-84.08,-145.57
52.4016,-1.505556,158.03,0,2,229.16,20 / 21,77529,2019-09-06 18:17:24:211,-0.0581,-0.1302,9.8241,-0.0003,-0.0012,9.8066,-0.0048,-0.0059,-0.0142,-0.81,-29.87,29.81,35.86,-84.08,-145.84
52.4016,-1.505556,158.03,0,2,229.16,20 / 21,77628,2019-09-06 18:17:24:310,-0.0382,-0.2176,9.887,-0.003,-0.0032,9.8066,0.0139,-0.0011,0.0152,-1.44,-29.5,30.56,35.89,-84.05,-145.67
52.4016,-1.505556,158.03,0,2,229.16,20 / 21,77729,2019-09-06 18:17:24:411,-0.0233,-0.0025,9.8983,0.0009,-0.0002,9.8065,0.0002,-0.0107,0.0031,-1.25,-30.37,30.38,35.87,-84.03,-145.87
52.4016,-1.505556,158.03,0,2,229.16,20 / 21,77828,2019-09-06 18:17:24:510,0.1128,-0.2427,9.9068,0.0008,-0.0015,9.8066,-0.0116,0.0135,-0.0168,-1.37,-30.19,30,35.73,-84.02,-146
52.4016,-1.505556,158.03,0,2,229.16,20 / 21,77929,2019-09-06 18:17:24:611,0.0163,-0.159,9.7634,-0.0007,-0.0029,9.8066,0.011,-0.0045,0.0108,-0.87,-29.94,30.13,35.66,-83.99,-146.08
52.4016,-1.505556,158.03,0,2,229.16,20 / 21,78028,2019-09-06 18:17:24:710,-0.048,-0.0459,9.8837,0.0023,-0.0037,9.8066,0.004,0.0044,-0.0059,-0.81,-29.75,29.94,35.56,-83.98,-146.19
52.4016,-1.505556,158.03,0,2,229.16,20 / 21,78129,2019-09-06 18:17:24:811,0.0165,-0.3478,9.824,-0.0005,-0.0005,9.8066,-0.0198,-0.0082,-0.014,-1.12,-29.94,30.81,35.08,-83.96,-146.58
52.4016,-1.505556,158.03,0,2,229.16,20 / 21,78228,2019-09-06 18:17:24:910,-0.0656,0.0268,9.8225,-0.0004,0.0025,9.8066,0.0086,0.008,0.0169,-1.44,-29.56,30.44,35.2,-83.95,-146.53
52.4016,-1.505556,158.03,0,2,229.16,20 / 21,78329,2019-09-06 18:17:25:011,0.1303,-0.2776,9.8716,0.0021,0.0035,9.8066,0.0016,0.0087,0.0095,-1.19,-29.81,30.63,35.15,-83.95,-146.53
52.4016,-1.505556,158.03,0,2,229.16,20 / 21,78428,2019-09-06 18:17:25:110,-0.0496,-0.2776,9.828,0.0008,0.0002,9.8066,-0.0031,-0.0108,-0.018,-0.94,-29.81,30.5,35.01,-83.94,-146.66
52.4016,-1.505556,158.03,0,2,229.16,20 / 21,78529,2019-09-06 18:17:25:211,0.0487,-0.0099,10.0096,-0.0041,-0.0018,9.8066,0.0243,0.0101,0.0237,-1.06,-30.06,30.44,35.16,-83.91,-146.59
52.4016,-1.505556,158.03,0,2,229.16,20 / 21,78628,2019-09-06 18:17:25:310,-0.0049,-0.2064,9.8802,0.002,0.0001,9.8066,-0.0112,0.0002,0.0016,-1.56,-29.69,30.5,33.04,-83.87,-146.65
52.4016,-1.505556,158.03,0,2,229.16,20 / 21,78729,2019-09-06 18:17:25:411,0.0193,-0.0109,9.8002,0.0029,0.0019,9.8066,-0.0068,-0.0058,-0.0175,-1.5,-30.12,29.75,34.72,-83.92,-146.99
52.4016,-1.505556,158.03,0,2,229.16,20 / 21,78828,2019-09-06 18:17:25:510,0.1028,-0.3039,9.853,-0.0009,-0.0022,9.8066,0.0168,0.0132,0.0158,-1.06,-29.25,30.19,34.5,-83.91,-147.07
52.4016,-1.505556,158.03,0,2,229.16,20 / 21,78929,2019-09-06 18:17:25:611,-0.1564,-0.2596,9.7891,-0.0017,-0.0023,9.8066,0.0028,-0.0184,0.0028,-1.37,-29.56,30.19,34.6,-83.86,-147.13
52.4016,-1.505556,158.03,0,2,229.16,20 / 21,79029,2019-09-06 18:17:25:711,-0.2133,-0.0979,9.7305,-0.0037,0.0002,9.8066,-0.0063,0.0052,-0.0118,-1.31,-29.94,30.5,34.77,-83.83,-146.94
52.4016,-1.505556,158.03,0,2,229.16,20 / 21,79128,2019-09-06 18:17:25:810,-0.0663,-0.21,9.904,0.0003,-0.0029,9.8066,0.0103,0.0123,0.011,-1.19,-29.87,29.88,34.95,-83.82,-146.84
52.4016,-1.505556,158.03,0,2,229.16,20 / 21,79229,2019-09-06 18:17:25:911,0.0471,-0.2001,9.859,0.004,-0.0058,9.8066,0.0017,-0.0131,-0.0082,-1.06,-29.81,30,34.26,-83.79,-147.49
52.4016,-1.505556,158.03,0,2,229.16,20 / 21,79328,2019-09-06 18:17:26:010,0.1407,-0.095,9.8595,0.0002,0.0032,9.8065,-0.0127,0.0017,-0.0143,-1.69,-29.87,29.81,31.95,-83.82,-147.65
52.4016,-1.505556,158.03,0,2,229.16,20 / 21,79430,2019-09-06 18:17:26:112,0.1793,0.0573,9.9369,-0.001,0.0005,9.8066,0.0137,-0.0007,0.0217,-0.94,-29.5,30.69,33.91,-83.82,-147.62
52.4016,-1.505556,158.03,0,2,229.16,20 / 21,79529,2019-09-06 18:17:26:211,-0.0694,-0.3941,9.8219,-0.0011,0.0001,9.8066,-0.0095,-0.0158,-0.0032,-1.31,-29.06,30.25,34.11,-83.79,-147.51
52.4016,-1.505556,158.03,0,2,229.16,20 / 21,79628,2019-09-06 18:17:26:310,-0.0978,-0.2004,9.7497,-0.0018,0.0009,9.8066,-0.0094,0.0109,-0.0121,-1.37,-29.25,29.56,34.27,-83.77,-147.37
52.4016,-1.505556,158.03,0,2,229.16,20 / 21,79729,2019-09-06 18:17:26:411,0.0104,-0.0161,9.9965,-0.0013,-0.0029,9.8066,0.0078,-0.0134,0.0181,-1.06,-29.56,29.88,34.52,-83.76,-147.26
52.4016,-1.505556,158.03,0,2,229.16,20 / 21,79828,2019-09-06 18:17:26:510,0,-0.005,9.8569,0.0006,-0.0033,9.8066,-0.0067,-0.0073,-0.0066,-1.44,-29.5,30.25,34.27,-83.72,-147.4
52.4016,-1.505556,158.03,0,2,229.16,20 / 21,79929,2019-09-06 18:17:26:611,0.0131,-0.0021,9.9702,-0.0006,0.0023,9.8066,-0.0165,0.0112,-0.0096,-1.87,-29.94,29.5,32.24,-83.74,-147.43
52.4016,-1.505556,158.03,0,2,229.16,20 / 21,80028,2019-09-06 18:17:26:710,0.1374,-0.0408,9.7774,0.0011,0.0035,9.8066,0.0065,-0.007,0.0054,-1.44,-29.56,30.75,34.28,-83.74,-147.44
52.4016,-1.505556,158.03,0,2,229.16,20 / 21,80129,2019-09-06 18:17:26:811,0.0569,-0.2462,9.9563,0.0011,-0.0018,9.8066,-0.0031,-0.0083,-0.0056,-1.75,-29.69,30.31,31.89,-83.75,-147.74
52.4016,-1.505556,158.03,0,2,229.16,20 / 21,80229,2019-09-06 18:17:26:911,-0.0673,-0.0576,9.8099,-0.0009,0.0002,9.8066,0.0071,0.0115,0.0063,-0.75,-29.94,30.13,33.95,-83.73,-147.8
52.4016,-1.505556,158.03,0,2,229.16,20 / 21,80329,2019-09-06 18:17:27:011,0.0863,-0.0425,9.9263,-0.0005,-0.0003,9.8066,0.0108,-0.0088,0.0039,-1,-30,30.56,34.13,-83.72,-147.6
52.4016,-1.505556,158.03,0,2,229.16,20 / 21,80429,2019-09-06 18:17:27:111,0.0811,-0.1484,9.8581,0.0012,-0.0004,9.8065,-0.0019,0.001,-0.0156,-1.69,-29.75,30.75,31.94,-83.71,-147.74
52.4016,-1.505556,158.03,0,2,229.16,20 / 21,80529,2019-09-06 18:17:27:211,-0.035,0.0541,9.8968,-0.0022,-0.0016,9.8066,0.0093,0,0.0157,-1.25,-30.25,30.88,34.04,-83.7,-147.69
52.4016,-1.505556,158.03,0,2,229.16,20 / 21,80628,2019-09-06 18:17:27:310,0.051,-0.1454,9.9645,-0.0004,0.0022,9.8065,-0.0016,-0.0101,-0.0048,-1.19,-29.37,30.44,34.11,-83.69,-147.56
52.4016,-1.505556,158.03,0,2,229.16,20 / 21,80729,2019-09-06 18:17:27:411,-0.0982,-0.0516,9.7618,-0.0009,-0.0047,9.8066,-0.0056,0.0096,0.0041,-1.56,-29.31,30.44,31.88,-83.66,-147.69
52.4016,-1.505556,158.03,0,2,229.16,20 / 21,80829,2019-09-06 18:17:27:511,-0.0213,-0.2883,9.8578,-0.001,-0.0027,9.8066,0.0013,0.0083,0.0077,-1.25,-29.62,30.31,34.13,-83.65,-147.69
52.4016,-1.505556,158.03,0,2,229.16,20 / 21,80929,2019-09-06 18:17:27:611,0.0351,-0.1838,9.8065,0.0025,0.0019,9.8066,-0.0029,-0.0168,-0.0184,-1.37,-29.94,30.56,33.82,-83.67,-147.9
52.4016,-1.505556,158.03,0,2,229.16,20 / 21,81028,2019-09-06 18:17:27:710,-0.0291,-0.0389,9.8991,-0.0013,-0.0004,9.8066,0.0043,0.008,-0.0003,-1.87,-29.75,30.75,31.8,-83.66,-147.89
52.4016,-1.505556,158.03,0,2,229.16,20 / 21,81128,2019-09-06 18:17:27:810,0.0328,-0.0984,9.8169,-0.0007,-0.0008,9.8066,0.0108,0.0051,0.021,-1.44,-30.19,30.31,34.02,-83.65,-147.79
52.4016,-1.505556,158.03,0,2,229.16,20 / 21,81229,2019-09-06 18:17:27:911,-0.0928,-0.1946,9.8829,0.0022,0,9.8066,-0.0138,-0.0185,-0.0207,-1.19,-30.06,30,33.82,-83.65,-147.97
52.4016,-1.505556,158.03,0,2,229.16,20 / 21,81328,2019-09-06 18:17:28:010,0.0897,-0.2497,9.7877,-0.0007,0.0001,9.8066,0.0005,0.0162,-0.0032,-1.12,-30,30.44,33.68,-83.64,-148.1
52.4016,-1.505556,158.03,0,2,229.16,21 / 22,81429,2019-09-06 18:17:28:111,0.0176,-0.045,9.9334,0.001,-0.0003,9.8065,-0.0021,-0.0032,0.0096,-1.5,-30.06,30.31,33.67,-83.63,-148.12
52.4016,-1.505556,158.03,0,2,229.16,21 / 22,81529,2019-09-06 18:17:28:211,-0.002,-0.0136,9.9281,-0.0008,0,9.8066,-0.0181,-0.0201,-0.0143,-1.31,-29.75,30.19,33.58,-83.63,-148.2
52.4016,-1.505556,158.03,0,2,229.16,21 / 22,81628,2019-09-06 18:17:28:310,0.0146,0.1064,9.9521,-0.0013,0,9.8066,0.0197,0.0045,0.0122,-1.19,-29.62,30.06,33.69,-83.61,-148.12
52.4016,-1.505556,158.03,0,2,229.16,21 / 22,81728,2019-09-06 18:17:28:410,0.047,-0.2265,9.7743,0.0011,-0.0002,9.8066,-0.0046,-0.0078,0.0066,-1.69,-29.94,30.38,31.58,-83.59,-148.12
52.4016,-1.505556,158.03,0,2,229.16,21 / 22,81829,2019-09-06 18:17:28:511,-0.0567,-0.0264,9.8593,0.0019,-0.0036,9.8066,0.0015,0.0001,-0.015,-1.37,-29.69,30.25,33.42,-83.58,-148.37
52.4016,-1.505556,158.03,0,2,229.16,21 / 22,81929,2019-09-06 18:17:28:611,-0.0307,-0.2747,9.7882,-0.0006,-0.0006,9.8066,0.0114,0.0068,0.0159,-1.75,-29.62,30.63,31.4,-83.57,-148.31
52.4016,-1.505556,158.03,0,2,229.16,21 / 22,82028,2019-09-06 18:17:28:710,0.0193,-0.0949,9.8246,0.0023,0.0005,9.8066,-0.0032,-0.0193,-0.0123,-0.69,-29.81,30.44,33.34,-83.58,-148.45
52.4016,-1.505556,158.03,0,2,229.16,21 / 22,82129,2019-09-06 18:17:28:811,-0.0044,-0.0314,9.9455,-0.0027,-0.0031,9.8066,-0.0017,0.0018,-0.001,-1.37,-30.06,29.88,33.19,-83.59,-148.57
52.4016,-1.505556,158.03,0,2,229.16,21 / 22,82228,2019-09-06 18:17:28:910,0.0414,-0.0979,9.8856,-0.0012,-0.003,9.8066,0.0028,0.0069,0.0149,-1.75,-29.56,30.06,31.2,-83.55,-148.48
52.4016,-1.505556,158.03,0,2,229.16,21 / 22,82329,2019-09-06 18:17:29:011,0.0213,0.0601,9.938,0.0022,0.001,9.8066,-0.0036,-0.024,-0.0084,-1.37,-29.69,29.94,33.22,-83.57,-148.56
52.4016,-1.505556,158.03,0,2,229.16,20 / 21,82429,2019-09-06 18:17:29:111,-0.0197,-0.2975,9.797,-0.0018,0.0008,9.8066,0.0027,0.0124,-0.0011,-0.69,-29.75,30.69,33.17,-83.57,-148.55
52.4016,-1.505556,158.03,0,2,229.16,20 / 21,82529,2019-09-06 18:17:29:211,-0.0794,-0.0584,9.8121,0.0007,-0.0012,9.8066,-0.0016,-0.003,0.0054,-1.12,-29.5,30,33.05,-83.55,-148.61
52.4016,-1.505556,158.03,0,2,229.16,20 / 21,82629,2019-09-06 18:17:29:311,-0.0198,-0.3718,9.7858,0.0018,0.0001,9.8066,-0.0143,-0.0141,-0.014,-1.25,-30,30.56,32.93,-83.57,-148.77
52.4016,-1.505556,158.03,0,2,229.16,20 / 21,82728,2019-09-06 18:17:29:410,0.0606,-0.2122,9.8089,-0.0006,-0.0007,9.8066,0.003,0.0136,-0.006,-1.37,-29.37,30.25,32.84,-83.56,-148.79
52.4016,-1.505556,158.03,0,2,229.16,20 / 21,82828,2019-09-06 18:17:29:510,-0.0569,-0.0797,9.9274,-0.0004,-0.0004,9.8066,0.0012,-0.0077,0.0065,-1.12,-29.62,30.25,33.03,-83.54,-148.74
52.4016,-1.505556,158.03,0,2,229.16,20 / 21,82929,2019-09-06 18:17:29:611,0.0359,-0.0237,9.8866,-0.0001,-0.0019,9.8066,0.0031,-0.0009,-0.0105,-1.37,-29.81,30.31,32.86,-83.56,-148.9
52.4016,-1.505556,158.03,0,2,229.16,20 / 21,83029,2019-09-06 18:17:29:711,0.0611,0.1058,9.9862,-0.0021,-0.0006,9.8066,0.0183,0.008,0.0117,-1.12,-29.94,30.5,32.85,-83.53,-148.86
52.4016,-1.505556,158.03,0,2,229.16,20 / 21,83128,2019-09-06 18:17:29:810,-0.0345,-0.3036,9.7273,0.001,0.0013,9.8066,-0.0082,0.0022,0.0049,-1.37,-29.44,29.63,32.76,-83.53,-148.88
52.4016,-1.505556,158.03,0,2,229.16,20 / 21,83229,2019-09-06 18:17:29:911,-0.0775,-0.0775,9.8736,0.0001,-0.001,9.8066,-0.0021,-0.0009,-0.0136,-1.62,-30.69,29.81,30.73,-83.53,-149.02
52.4016,-1.505556,158.03,0,2,229.16,20 / 21,83329,2019-09-06 18:17:30:011,0.0035,-0.3494,9.8012,0,-0.0007,9.8066,0.0133,0.0157,0.014,-1.19,-30.25,30.06,32.78,-83.52,-148.99
52.4016,-1.505556,158.03,0,2,229.16,21 / 22,83429,2019-09-06 18:17:30:111,0.0299,0.0398,9.9712,0.0005,0.0006,9.8066,-0.009,-0.0154,-0.0089,-1.37,-29.87,30.75,32.73,-83.53,-148.98
52.4016,-1.505556,158.03,0,2,229.16,21 / 22,83528,2019-09-06 18:17:30:210,0.0766,-0.098,9.9875,-0.0014,-0.0023,9.8066,-0.003,-0.0097,-0.0098,-1.5,-29.87,29.31,32.82,-83.52,-149.01
52.4016,-1.505556,158.03,0,2,229.16,21 / 22,83628,2019-09-06 18:17:30:310,-0.02,0.0881,9.9032,-0.0006,-0.0021,9.8066,0.0075,0.0137,0.0141,-1.12,-29.81,30.19,32.75,-83.49,-149.03
52.4016,-1.505556,158.03,0,2,229.16,21 / 22,83729,2019-09-06 18:17:30:411,-0.0335,-0.3268,9.7944,0.0022,-0.0002,9.8066,-0.0178,-0.0154,-0.0173,-1.06,-29.5,29.81,32.4,-83.51,-149.22
52.4016,-1.505556,158.03,0,2,229.16,21 / 22,83829,2019-09-06 18:17:30:511,-0.0783,-0.0604,9.7658,-0.0008,-0.001,9.8066,0.0065,0.0075,0.0009,-1.12,-29.56,30.5,32.49,-83.51,-149.2
52.4016,-1.505556,158.03,0,2,229.16,21 / 22,83928,2019-09-06 18:17:30:610,-0.0723,-0.1624,9.9426,-0.0004,-0.0004,9.8066,0.0018,0.0073,0.0148,-1.44,-29.94,29.75,32.63,-83.49,-149.14
52.4016,-1.505556,158.03,0,2,229.16,21 / 22,84028,2019-09-06 18:17:30:710,0.0871,0.1151,9.8812,0.0024,-0.001,9.8066,-0.0127,-0.0121,-0.0182,-1.56,-30.69,30.06,30.45,-83.49,-149.3
52.4016,-1.505556,158.03,0,2,229.16,21 / 22,84129,2019-09-06 18:17:30:811,0.0656,0.0471,9.9815,-0.0017,-0.0001,9.8066,-0.0046,0.0111,-0.0003,-1.62,-29.69,30,30.37,-83.49,-149.26
52.4016,-1.505556,158.03,0,2,229.16,21 / 22,84228,2019-09-06 18:17:30:910,0.076,-0.0799,9.8917,-0.0003,0.0013,9.8066,0.011,-0.0063,0.0075,-1.06,-29.87,30.06,32.61,-83.49,-149.16
52.4016,-1.505556,158.03,0,2,229.16,21 / 22,84329,2019-09-06 18:17:31:011,-0.0435,-0.1386,9.881,0.0011,0.0015,9.8066,-0.004,-0.0004,-0.0121,-1.25,-29.75,29.5,32.44,-83.52,-149.29
52.4016,-1.505556,158.03,0,2,229.16,20 / 21,84429,2019-09-06 18:17:31:111,-0.0663,-0.2091,9.7754,-0.0008,-0.0002,9.8066,0.0016,0.011,0.008,-1.75,-29.56,30.5,30.36,-83.51,-149.27
52.4016,-1.505556,158.03,0,2,229.16,20 / 21,84529,2019-09-06 18:17:31:211,0.0744,-0.004,9.955,0.0003,0,9.8066,-0.0002,-0.0134,-0.0008,-1.25,-29.44,30.44,32.4,-83.5,-149.23
52.4016,-1.505556,158.03,0,2,229.16,20 / 21,84628,2019-09-06 18:17:31:310,0.1045,-0.1331,9.842,0.0007,0.0004,9.8066,0.0049,-0.0025,-0.0146,-1.12,-29.75,30.06,32.39,-83.51,-149.34
52.4016,-1.505556,158.03,0,2,229.16,20 / 21,84729,2019-09-06 18:17:31:411,0.0069,0.0101,9.8874,-0.0025,-0.0025,9.8066,0.0103,0.0182,0.0097,-1.69,-29.75,30.31,30.31,-83.49,-149.32
52.4016,-1.505556,158.03,0,2,229.16,20 / 21,84829,2019-09-06 18:17:31:511,0.0411,-0.2165,9.8352,0.001,0.0001,9.8066,-0.0019,-0.0162,0,-1.44,-29.5,29.69,32.3,-83.49,-149.32
52.4016,-1.505556,158.03,0,2,229.16,20 / 21,84928,2019-09-06 18:17:31:610,-0.1497,-0.0288,9.8256,0.0005,-0.0016,9.8065,-0.0062,-0.0025,-0.0147,-1.44,-29.75,30.06,32.36,-83.5,-149.38
52.4016,-1.505556,158.03,0,2,229.16,20 / 21,85028,2019-09-06 18:17:31:710,0.0476,-0.133,9.9264,-0.0012,-0.0033,9.8066,0.0108,-0.0021,0.0151,-1.19,-30.31,30.13,32.4,-83.48,-149.35
52.4016,-1.505556,158.03,0,2,229.16,20 / 21,85129,2019-09-06 18:17:31:811,0.0054,0.1009,9.832,0.0014,0.0014,9.8066,0.0084,-0.0143,-0.0008,-1.5,-29.94,30.13,32.39,-83.48,-149.36
52.4016,-1.505556,158.03,0,2,229.16,20 / 21,85228,2019-09-06 18:17:31:910,0.0442,-0.2303,9.8822,0.0002,-0.0002,9.8066,-0.0077,0.0124,-0.0054,-1.5,-29.87,30.13,32.33,-83.49,-149.41
52.4016,-1.505556,158.03,0,2,229.16,20 / 21,85329,2019-09-06 18:17:32:011,-0.0624,-0.1045,9.8302,-0.0009,-0.0018,9.8066,0.0109,-0.0045,0.014,-1,-29.81,30.75,32.37,-83.47,-149.33
52.4016,-1.505556,158.03,0,2,229.16,21 / 22,85429,2019-09-06 18:17:32:111,0.0469,0.1016,9.8882,0.0008,-0.0002,9.8066,-0.0068,-0.0027,-0.0109,-1.31,-29.62,30.31,32.39,-83.47,-149.37
52.4016,-1.505556,158.03,0,2,229.16,21 / 22,85528,2019-09-06 18:17:32:210,0.0844,-0.1756,9.9056,-0.0004,0.0014,9.8066,-0.0151,0.0155,-0.0124,-0.87,-30.31,30.06,32.32,-83.48,-149.42
52.4016,-1.505556,158.03,0,2,229.16,21 / 22,85628,2019-09-06 18:17:32:310,-0.1477,-0.0207,9.7701,-0.0012,-0.0018,9.8066,0.0091,-0.0083,0.0128,-1.56,-29.87,30.31,30.31,-83.47,-149.32
52.4016,-1.505556,158.03,0,2,229.16,21 / 22,85728,2019-09-06 18:17:32:410,-0.0124,-0.1851,9.9319,0.0016,0.0021,9.8066,-0.0088,-0.0036,-0.0095,-1.19,-29.94,30.06,32.43,-83.48,-149.33
52.4016,-1.505556,158.03,0,2,229.16,21 / 22,85828,2019-09-06 18:17:32:510,-0.0688,0.0985,9.8212,0.0005,0.0006,9.8066,0.0048,-0.0018,-0.007,-1.94,-29.62,30.25,30.18,-83.47,-149.44
52.4016,-1.505556,158.03,0,2,229.16,21 / 22,85929,2019-09-06 18:17:32:611,0.1356,-0.1409,9.888,0.0001,-0.0018,9.8066,0.0066,-0.0192,0.0075,-1.44,-30.12,30.56,32.11,-83.45,-149.57
52.4016,-1.505556,158.03,0,2,229.16,21 / 22,86029,2019-09-06 18:17:32:711,-0.0617,0.0509,9.8186,0.0006,0.001,9.8066,-0.0039,0.0122,-0.0164,-1.56,-29.69,30,29.95,-83.46,-149.65
52.4016,-1.505556,158.03,0,2,229.16,21 / 22,86129,2019-09-06 18:17:32:811,-0.009,-0.2312,9.8243,-0.0006,-0.0036,9.8066,0.0065,0.0106,0.0009,-1.31,-29.62,30.31,31.99,-83.46,-149.73
52.4016,-1.505556,158.03,0,2,229.16,21 / 22,86229,2019-09-06 18:17:32:911,-0.0576,0.0899,9.885,0,-0.0005,9.8066,0.0025,-0.0177,0.0046,-1.44,-29.87,30.5,31.91,-83.44,-149.76
52.4016,-1.505556,158.03,0,2,229.16,21 / 22,86330,2019-09-06 18:17:33:012,0.0719,-0.1718,9.9048,0.0012,-0.0023,9.8066,0.0029,-0.0006,-0.0209,-1.12,-29.75,29.75,31.74,-83.45,-149.96
52.4016,-1.505556,158.03,0,2,229.16,21 / 22,86428,2019-09-06 18:17:33:110,0.0602,0.1788,9.8761,-0.0023,-0.0023,9.8066,0.0071,0.0021,0.0145,-1.5,-30,30.31,31.86,-83.44,-149.86
52.4016,-1.505556,158.03,0,2,229.16,21 / 22,86529,2019-09-06 18:17:33:211,-0.0219,-0.051,9.89,0.0007,0.0017,9.8066,-0.0091,-0.0166,-0.0107,-1.37,-29.25,30.31,31.7,-83.45,-149.89
52.4016,-1.505556,158.03,0,2,229.16,21 / 22,86629,2019-09-06 18:17:33:311,0.1075,-0.2434,9.8564,0.0014,-0.0004,9.8066,0.0002,0.0164,-0.0111,-1.44,-29.87,30.06,31.71,-83.45,-149.99
52.4016,-1.505556,158.03,0,2,229.16,21 / 22,86728,2019-09-06 18:17:33:410,-0.0547,0.0185,9.8235,-0.0013,-0.0008,9.8066,0.0096,-0.0019,0.017,-1.75,-30.12,30.44,29.61,-83.45,-149.97
52.4016,-1.505556,158.03,0,2,229.16,21 / 22,86829,2019-09-06 18:17:33:511,-0.0262,-0.1681,9.8533,0.0008,0.0005,9.8066,-0.0067,-0.0045,-0.0081,-1.5,-29.31,29.88,31.54,-83.43,-150.04
52.4016,-1.505556,158.03,0,2,229.16,21 / 22,86929,2019-09-06 18:17:33:611,0.0374,-0.1557,9.8951,-0.0003,-0.0005,9.8066,-0.0123,0.016,-0.01,-1.31,-29.62,30.25,31.7,-83.44,-150.01
52.4016,-1.505556,158.03,0,2,229.16,21 / 22,87028,2019-09-06 18:17:33:710,-0.1138,0.0447,9.7995,-0.0004,-0.002,9.8066,0.0004,-0.0094,0.0116,-1.37,-29.56,30,31.71,-83.42,-150.01
52.4016,-1.505556,158.03,0,2,229.16,21 / 22,87128,2019-09-06 18:17:33:810,-0.0296,-0.1227,9.8835,0.001,0.0031,9.8066,-0.0099,0.0025,-0.0016,-0.94,-29.5,29.81,31.64,-83.44,-149.94
52.4016,-1.505556,158.03,0,2,229.16,21 / 22,87229,2019-09-06 18:17:33:911,-0.0124,-0.0971,9.8151,0.0007,0.0013,9.8066,-0.0029,-0.0104,-0.0054,-1.5,-29.69,30.06,31.65,-83.44,-150.05
52.4016,-1.505556,158.03,0,2,229.16,21 / 22,87329,2019-09-06 18:17:34:011,0.0984,0.0622,10.0326,-0.001,-0.0011,9.8066,0.0074,0.0021,0.0158,-1.19,-29.81,30.19,31.68,-83.42,-150.03
52.4016,-1.505556,158.03,0,2,229.16,21 / 22,87428,2019-09-06 18:17:34:110,-0.0062,-0.1018,9.8822,0.0019,0.0032,9.8066,-0.0133,0.0083,-0.0102,-1.31,-30.25,30.06,31.6,-83.43,-150.1
52.4016,-1.505556,158.03,0,2,229.16,21 / 22,87529,2019-09-06 18:17:34:211,-0.0448,-0.0049,9.8708,0.0005,-0.0027,9.8066,-0.0082,-0.0169,-0.0122,-1.5,-29.69,30.13,31.46,-83.43,-150.22
52.4016,-1.505556,158.03,0,2,229.16,21 / 22,87628,2019-09-06 18:17:34:310,-0.0022,-0.1758,9.8295,-0.0009,-0.0031,9.8066,0.0176,0.0041,0.0142,-1.5,-29.62,30,31.45,-83.4,-150.25
52.4016,-1.505556,158.03,0,2,229.16,21 / 22,87729,2019-09-06 18:17:34:411,-0.1257,0.0773,9.8959,0.0014,0.0007,9.8066,-0.0106,-0.0021,-0.0115,-1.75,-29.56,30.13,29.3,-83.42,-150.26
52.4016,-1.505556,158.03,0,2,229.16,21 / 22,87828,2019-09-06 18:17:34:510,0.0204,-0.1636,9.934,-0.0002,-0.0002,9.8066,0.0078,-0.0087,-0.005,-1.75,-29.87,30.19,29.27,-83.43,-150.28
52.4016,-1.505556,158.03,0,2,229.16,21 / 22,87928,2019-09-06 18:17:34:610,-0.0033,0.0633,9.8754,-0.0008,-0.0008,9.8065,0.0043,0.0079,0.0081,-1.25,-30.06,30.19,31.46,-83.41,-150.24
52.4016,-1.505556,158.03,0,2,229.16,21 / 22,88029,2019-09-06 18:17:34:711,0.0456,-0.1397,9.897,0.002,-0.0008,9.8066,-0.0061,-0.0084,-0.0159,-1.06,-30.19,30.31,31.33,-83.41,-150.36
52.4016,-1.505556,158.03,0,2,229.16,21 / 22,88128,2019-09-06 18:17:34:810,-0.095,-0.1569,9.7937,-0.0016,-0.0031,9.8066,0.0088,-0.0122,-0.0012,-0.94,-29.87,30.13,31.36,-83.39,-150.34
52.4016,-1.505556,158.03,0,2,229.16,21 / 22,88228,2019-09-06 18:17:34:910,-0.0247,-0.1939,9.883,0.0006,-0.0015,9.8066,0.0026,0.0043,0.0154,-1.25,-30.44,30.56,31.34,-83.39,-150.3
52.4016,-1.505556,158.03,0,2,229.16,21 / 22,88329,2019-09-06 18:17:35:011,0.0448,-0.0794,9.8252,0.0013,0.002,9.8066,-0.0126,-0.0175,-0.019,-1.06,-29.56,30.06,31.32,-83.41,-150.36
52.4016,-1.505556,158.03,0,2,229.16,21 / 22,88428,2019-09-06 18:17:35:110,-0.044,-0.124,9.7528,-0.0011,-0.0035,9.8066,0.0008,0.0167,-0.0008,-0.69,-29.81,30.44,31.31,-83.39,-150.39
52.4016,-1.505556,158.03,0,2,229.16,21 / 22,88529,2019-09-06 18:17:35:211,0.0738,0.0709,9.9703,-0.0001,-0.0005,9.8066,0.0122,-0.0035,0.0138,-1.37,-30.25,30.13,31.41,-83.39,-150.29
52.4016,-1.505556,158.03,0,2,229.16,21 / 22,88628,2019-09-06 18:17:35:310,0.0077,-0.0628,9.9465,0.0008,0.0028,9.8066,-0.0059,0.0008,-0.0083,-1.12,-29.94,29.94,31.41,-83.39,-150.3
52.4016,-1.505556,158.03,0,2,229.16,21 / 22,88729,2019-09-06 18:17:35:411,0.0437,0.0759,9.8846,0.0017,-0.001,9.8066,-0.0154,-0.0117,-0.0091,-1.19,-29.81,30.63,31.19,-83.4,-150.44
52.4016,-1.505556,158.03,0,2,229.16,21 / 22,88830,2019-09-06 18:17:35:512,0.0039,-0.2129,9.8551,-0.0016,-0.0049,9.8066,0.0087,0.0088,0.0116,-1.06,-29.44,29.75,31.14,-83.37,-150.43
52.4016,-1.505556,158.03,0,2,229.16,21 / 22,88929,2019-09-06 18:17:35:611,-0.0411,-0.0225,9.7725,-0.0004,0.0019,9.8066,-0.009,0.007,0.0126,-0.87,-30.06,30.81,31.32,-83.38,-150.33
52.4016,-1.505556,158.03,0,2,229.16,21 / 22,89029,2019-09-06 18:17:35:711,-0.0529,-0.1405,9.8243,0.0013,0.001,9.8066,-0.0006,-0.0204,-0.017,-0.75,-29.5,29.88,31.15,-83.38,-150.42
52.4016,-1.505556,158.03,0,2,229.16,21 / 22,89129,2019-09-06 18:17:35:811,-0.0582,-0.0894,9.7984,-0.0009,0.0005,9.8066,0.0067,0.0029,0.0032,-1.19,-29.69,30.25,31.25,-83.36,-150.46
52.4016,-1.505556,158.03,0,2,229.16,21 / 22,89228,2019-09-06 18:17:35:910,-0.0932,-0.0755,9.7664,0.0011,0.0007,9.8066,-0.0108,-0.0019,-0.0023,-1.06,-30,30,31.18,-83.36,-150.52
52.4016,-1.505556,158.03,0,2,229.16,21 / 22,89329,2019-09-06 18:17:36:011,0.0376,-0.1365,9.9177,0.0004,-0.0017,9.8066,0.0079,-0.0111,-0.0011,-1,-29.81,30.31,30.99,-83.37,-150.68
52.4016,-1.505556,158.03,0,2,229.16,21 / 22,89428,2019-09-06 18:17:36:110,0.019,0.1236,9.9288,-0.0012,-0.0001,9.8066,0.0259,-0.0055,0.015,-0.69,-30.12,30.5,31.05,-83.35,-150.59
52.4016,-1.505556,158.03,0,2,229.16,21 / 22,89529,2019-09-06 18:17:36:211,0.0683,0.0503,9.9838,0.0008,0.0015,9.8066,-0.0142,0.0128,-0.0065,-0.87,-30.06,30.94,31.02,-83.35,-150.61
52.4016,-1.505556,158.03,0,2,229.16,21 / 22,89629,2019-09-06 18:17:36:311,-0.0593,-0.0186,9.8485,-0.0014,-0.0006,9.8066,0.0021,-0.0029,-0.0025,-1.06,-29.81,30.31,31.09,-83.35,-150.6
52.4016,-1.505556,158.03,0,2,229.16,21 / 22,89729,2019-09-06 18:17:36:411,-0.0729,-0.2509,9.7547,0.0002,0,9.8066,-0.0016,-0.0102,-0.0032,-0.87,-30.06,29.94,31.07,-83.34,-150.63
52.4016,-1.505556,158.03,0,2,229.16,21 / 22,89829,2019-09-06 18:17:36:511,-0.155,0.062,9.8725,-0.0001,-0.001,9.8066,-0.0002,0.0138,-0.0116,-1.19,-29.94,29.81,30.99,-83.34,-150.7
52.4016,-1.505556,158.03,0,2,229.16,21 / 22,89928,2019-09-06 18:17:36:610,0.0934,-0.0347,9.8568,-0.0014,-0.0018,9.8066,0.0109,-0.0021,0.0189,-0.56,-29.69,30.25,31.13,-83.32,-150.59
52.4016,-1.505556,158.03,0,2,229.16,21 / 22,90028,2019-09-06 18:17:36:710,0.0382,-0.015,9.8885,0.0019,0.0009,9.8066,-0.0024,-0.0094,-0.0099,-0.94,-29.62,30.56,30.98,-83.32,-150.67
52.4016,-1.505556,158.03,0,2,229.16,21 / 22,90129,2019-09-06 18:17:36:811,0.0041,-0.1164,9.8026,-0.0013,0.0002,9.8066,0.0019,0.0072,-0.004,-0.75,-30,30.13,30.98,-83.32,-150.72
52.4016,-1.505556,158.03,0,2,229.16,21 / 22,90229,2019-09-06 18:17:36:911,-0.034,0.0294,9.968,0.0002,0.0001,9.8066,-0.0137,0.0027,0.0059,-1.5,-30.37,30.56,30.98,-83.3,-150.68
52.4016,-1.505556,158.03,0,2,229.16,21 / 22,90328,2019-09-06 18:17:37:010,0.0198,0.0409,9.8777,0,0.0006,9.8066,-0.0121,-0.0141,-0.0095,-1.19,-29.37,30.38,30.85,-83.31,-150.73
52.4016,-1.505556,158.03,0,2,229.16,21 / 23,90428,2019-09-06 18:17:37:110,0.026,0.1278,9.9705,-0.0017,-0.0002,9.8066,0.0205,0.0135,0.0123,-1.06,-30.06,30.56,31.02,-83.3,-150.65
52.4016,-1.505556,158.03,0,2,229.16,21 / 23,90529,2019-09-06 18:17:37:211,0.0794,-0.1751,9.8698,0.0003,-0.0014,9.8066,-0.0038,-0.018,-0.0107,-1,-29.56,30.5,31.02,-83.3,-150.65
52.4016,-1.505556,158.03,0,2,229.16,21 / 23,90629,2019-09-06 18:17:37:311,-0.0218,0.0032,9.791,0.0004,0.0002,9.8066,0.0029,-0.0011,-0.0062,-1.06,-29.87,30.19,30.96,-83.3,-150.74
52.4016,-1.505556,158.03,0,2,229.16,21 / 23,90729,2019-09-06 18:17:37:411,-0.0645,-0.151,9.8453,-0.0017,-0.0023,9.8066,0.0138,0.0072,0.0236,-0.81,-29.31,30.31,30.96,-83.29,-150.64
52.4016,-1.505556,158.03,0,2,229.16,21 / 23,90828,2019-09-06 18:17:37:510,-0.0895,-0.0938,9.7883,0.0007,-0.0003,9.8066,-0.007,-0.012,-0.0148,-1.06,-29.81,29.75,31.1,-83.29,-150.63
52.4016,-1.505556,158.03,0,2,229.16,21 / 23,90928,2019-09-06 18:17:37:610,0.0008,0.0527,9.9545,-0.0006,-0.001,9.8066,0.0032,-0.0084,-0.0068,-0.75,-30.12,29.5,31.03,-83.29,-150.7
52.4016,-1.505556,158.03,0,2,229.16,21 / 23,91028,2019-09-06 18:17:37:710,0.0378,-0.0159,9.8888,-0.0015,-0.0004,9.8066,0.0015,0.0137,0.0156,-1,-30.44,30.31,31.18,-83.27,-150.57
52.4016,-1.505556,158.03,0,2,229.16,21 / 23,91129,2019-09-06 18:17:37:811,0.0459,0.1353,9.9401,0.0024,0.0006,9.8066,-0.0095,-0.0141,-0.012,-0.87,-29.75,29.81,31.06,-83.3,-150.66
52.4016,-1.505556,158.03,0,2,229.16,21 / 23,91228,2019-09-06 18:17:37:910,0.039,-0.1973,9.7969,-0.001,-0.0019,9.8066,0.0055,0.0074,0.0009,-1.06,-29.87,29.69,30.99,-83.28,-150.73
52.4016,-1.505556,158.03,0,2,229.16,21 / 23,91328,2019-09-06 18:17:38:010,-0.0504,0.0085,9.8685,-0.001,-0.0004,9.8066,0.0061,0.0089,0.0182,-1,-30.25,30.44,31.1,-83.28,-150.63
52.4016,-1.505556,158.03,0,2,229.16,21 / 22,91429,2019-09-06 18:17:38:111,-0.0564,-0.0562,9.8359,0.001,-0.0002,9.8066,-0.0095,-0.011,-0.017,-1.06,-29.81,30.19,31.08,-83.28,-150.65
52.4016,-1.505556,158.03,0,2,229.16,21 / 22,91529,2019-09-06 18:17:38:211,-0.0484,-0.0863,9.8126,-0.0017,0.001,9.8066,0.0063,0.0146,0.0153,-1.12,-30.06,30.44,31.19,-83.27,-150.56
52.4016,-1.505556,158.03,0,2,229.16,21 / 22,91628,2019-09-06 18:17:38:310,0.0386,0.0847,9.9583,0.0005,-0.0004,9.8066,-0.0035,-0.0071,0.0009,-1.06,-29.56,30.19,31.17,-83.26,-150.58
52.4016,-1.505556,158.03,0,2,229.16,21 / 22,91728,2019-09-06 18:17:38:410,0.0452,0.0265,9.8632,-0.0014,-0.0004,9.8066,-0.0073,-0.018,-0.005,-1.25,-29.44,29.94,30.96,-83.28,-150.64
52.4016,-1.505556,158.03,0,2,229.16,21 / 22,91828,2019-09-06 18:17:38:510,-0.0717,0.1176,9.9615,-0.0007,0.0001,9.8066,0.014,0.0091,0.0128,-0.87,-29.87,30.25,31.18,-83.26,-150.57
52.4016,-1.505556,158.03,0,2,229.16,21 / 22,91929,2019-09-06 18:17:38:611,-0.0478,-0.1282,9.7809,0.001,0.0005,9.8066,-0.0143,-0.0101,-0.0137,-1.5,-29.94,29.69,31.25,-83.25,-150.51
52.4016,-1.505556,158.03,0,2,229.16,21 / 22,92029,2019-09-06 18:17:38:711,-0.0493,-0.0537,9.8541,0.0004,-0.0009,9.8066,-0.0046,-0.0112,-0.0064,-1.25,-29.81,30.19,31.16,-83.27,-150.59
52.4016,-1.505556,158.03,0,2,229.16,21 / 22,92129,2019-09-06 18:17:38:811,-0.0652,-0.2399,9.7851,-0.0011,0.0004,9.8066,0.0096,0.0131,0.0191,-1.06,-29.87,30.25,31.35,-83.25,-150.43
52.4016,-1.505556,158.03,0,2,229.16,21 / 22,92228,2019-09-06 18:17:38:910,-0.0589,-0.1099,9.7932,0.0015,-0.0003,9.8066,-0.0056,-0.0128,-0.0126,-1.31,-29.87,29.88,31.22,-83.26,-150.54
52.4016,-1.505556,158.03,0,2,229.16,21 / 22,92329,2019-09-06 18:17:39:011,-0.0533,0.0554,9.7883,-0.001,-0.0017,9.8066,0.0032,-0.005,-0.0055,-0.87,-30.12,30.31,31.1,-83.26,-150.65
52.4016,-1.505556,158.03,0,2,229.16,22 / 23,92429,2019-09-06 18:17:39:111,0.0218,-0.0915,9.9407,-0.0008,0.0001,9.8066,-0.0012,0.0133,0.0084,-0.44,-29.94,30.13,33.39,-83.24,-150.52
52.4016,-1.505556,158.03,0,2,229.16,22 / 23,92528,2019-09-06 18:17:39:210,-0.0641,0.076,9.9018,0.0011,-0.0006,9.8066,-0.0076,-0.0254,-0.0177,-0.94,-29.5,30.31,31.09,-83.25,-150.55
52.4016,-1.505556,158.03,0,2,229.16,22 / 23,92629,2019-09-06 18:17:39:311,0.023,0.0445,9.9637,-0.001,-0.001,9.8066,0.0011,0.0122,0.0069,-0.69,-30,30,31.24,-83.24,-150.53
52.4016,-1.505556,158.03,0,2,229.16,22 / 23,92729,2019-09-06 18:17:39:411,-0.0014,-0.038,9.7933,0.0009,0.0007,9.8066,0.0021,-0.0118,0.0011,-0.94,-29.62,30.06,31.33,-83.24,-150.45
52.4016,-1.505556,158.03,0,2,229.16,22 / 23,92829,2019-09-06 18:17:39:511,-0.0985,-0.0315,9.869,0.0014,0.0016,9.8066,-0.0093,-0.0183,-0.0217,-1.56,-29.69,29.81,29.1,-83.25,-150.53
52.4016,-1.505556,158.03,0,2,229.16,22 / 23,92929,2019-09-06 18:17:39:611,-0.0203,-0.2028,9.8091,-0.0007,-0.0019,9.8066,0.0077,0.0088,0.0072,-0.5,-29.81,30.38,33.44,-83.24,-150.48
52.4016,-1.505556,158.03,0,2,229.16,22 / 23,93029,2019-09-06 18:17:39:711,-0.0397,0.0518,9.9217,0.0003,-0.0008,9.8066,-0.005,-0.0127,0.0045,-1,-29.87,30.25,31.26,-83.22,-150.53
52.4016,-1.505556,158.03,0,2,229.16,22 / 23,93129,2019-09-06 18:17:39:811,0.0919,0.0726,9.9007,0.0003,0.0013,9.8065,-0.0148,-0.0142,-0.017,-1.06,-29.56,30.19,31.14,-83.24,-150.63
52.4016,-1.505556,158.03,0,2,229.16,22 / 23,93229,2019-09-06 18:17:39:911,0.0084,-0.1573,9.8578,-0.0012,0.0023,9.8066,0.0186,0.0112,0.011,-0.94,-29.31,29.81,31.06,-83.22,-150.59
52.4016,-1.505556,158.03,0,2,229.16,22 / 23,93329,2019-09-06 18:17:40:011,-0.0275,-0.1924,9.7439,0.0016,-0.0003,9.8066,-0.0032,-0.0056,0.0058,-0.81,-29.62,30.25,31.15,-83.23,-150.62
52.4016,-1.505556,158.03,0,2,229.16,21 / 22,93429,2019-09-06 18:17:40:111,-0.0222,-0.1115,9.8784,0.0003,-0.0016,9.8066,0.0033,-0.0094,-0.0058,-0.56,-29.94,29.75,31.06,-83.23,-150.69
52.4016,-1.505556,158.03,0,2,229.16,21 / 22,93528,2019-09-06 18:17:40:210,-0.0881,-0.1417,9.7996,-0.0017,0.0008,9.8066,0.012,0.0034,0.0169,-0.81,-29.5,29.81,31.01,-83.22,-150.64
52.4016,-1.505556,158.03,0,2,229.16,21 / 22,93629,2019-09-06 18:17:40:311,0.0159,-0.0453,9.9795,0.0008,0.0006,9.8066,-0.0091,-0.0059,-0.0102,-0.25,-29.94,30.19,33.29,-83.23,-150.61
52.4016,-1.505556,158.03,0,2,229.16,21 / 22,93728,2019-09-06 18:17:40:410,0.0982,-0.0851,9.8385,-0.0006,-0.0017,9.8066,0.008,-0.0111,-0.0007,-1.44,-29.87,29.94,31.12,-83.22,-150.65
52.4016,-1.505556,158.03,0,2,229.16,21 / 22,93829,2019-09-06 18:17:40:511,-0.0447,-0.0771,9.8915,-0.0001,-0.0015,9.8066,-0.0045,0.0051,0.0032,-0.87,-29.62,30,31.16,-83.21,-150.61
52.4016,-1.505556,158.03,0,2,229.16,21 / 22,93929,2019-09-06 18:17:40:611,-0.0853,-0.0164,9.8299,0.0011,0.001,9.8066,-0.0074,0.006,-0.0122,-1.25,-29.5,29.81,31.03,-83.24,-150.61
52.4016,-1.505556,158.03,0,2,229.16,21 / 22,94029,2019-09-06 18:17:40:711,-0.0063,0.0666,9.9657,-0.0015,-0.0009,9.8066,0.0158,-0.0091,0.0074,-0.62,-29.87,30.25,31.24,-83.22,-150.55
52.4016,-1.505556,158.03,0,2,229.16,21 / 22,94129,2019-09-06 18:17:40:811,0.0415,-0.0741,9.9322,0.0006,0.0003,9.8066,-0.0085,0.0055,-0.0002,-1,-30,30.13,31.22,-83.23,-150.55
52.4016,-1.505556,158.03,0,2,229.16,21 / 22,94228,2019-09-06 18:17:40:910,-0.0466,0.0289,9.8467,0.0008,-0.0011,9.8066,-0.0155,-0.0051,-0.0077,-1.19,-29.44,29.75,30.96,-83.23,-150.67
52.4016,-1.505556,158.03,0,2,229.16,21 / 22,94328,2019-09-06 18:17:41:010,-0.0221,-0.1672,9.7756,0.0003,0.0039,9.8066,-0.0061,-0.0055,0.0088,-1.31,-30.25,30.25,31.24,-83.23,-150.54
52.4016,-1.505556,158.03,0,2,229.16,21 / 22,94429,2019-09-06 18:17:41:111,0.0154,-0.0643,9.8613,0.0018,0.0058,9.8066,0.004,0.0065,-0.0081,-1.31,-29.56,30.13,31.25,-83.25,-150.52
52.4016,-1.505556,158.03,0,2,229.16,21 / 22,94528,2019-09-06 18:17:41:210,-0.0128,-0.0241,9.8685,-0.0005,-0.0015,9.8066,-0.0069,-0.0005,-0.0048,-1,-29.56,30.5,31.16,-83.27,-150.54
52.4016,-1.505556,158.03,0,2,229.16,21 / 22,94628,2019-09-06 18:17:41:310,0.0142,0.0725,9.7902,-0.0002,0.0001,9.8066,-0.0079,-0.0048,0.0052,-0.5,-29.62,30.13,33.3,-83.24,-150.6
52.4016,-1.505556,158.03,0,2,229.16,21 / 22,94728,2019-09-06 18:17:41:410,-0.0734,0.1133,9.9333,-0.0004,0.0027,9.8066,0.0041,0.0024,-0.0038,-0.94,-29.87,29.94,31.4,-83.26,-150.38
52.4016,-1.505556,158.03,0,2,229.16,21 / 22,94829,2019-09-06 18:17:41:511,-0.011,0.068,9.8752,0.0005,0.0015,9.8066,0.0222,-0.0067,-0.0042,-1.06,-29.75,29.69,31.36,-83.26,-150.42
52.4016,-1.505556,158.03,0,2,229.16,21 / 22,94929,2019-09-06 18:17:41:611,0.0563,-0.1039,9.8773,0.0005,-0.001,9.8066,0.0186,-0.0121,0.0054,-1.12,-29.75,30,31.22,-83.25,-150.54
52.4016,-1.505556,158.03,0,2,229.16,21 / 22,95028,2019-09-06 18:17:41:710,-0.0304,-0.1815,9.7931,-0.0006,0.0034,9.8066,0.0049,0.0081,-0.0073,-1.25,-29.75,30.06,31.3,-83.27,-150.46
52.4016,-1.505556,158.03,0,2,229.16,21 / 22,95128,2019-09-06 18:17:41:810,-0.1439,-0.0269,9.8928,-0.0008,-0.0019,9.8066,0.0147,-0.0028,0.0084,-1.19,-29.69,29.69,31.41,-83.26,-150.37
52.4016,-1.505556,158.03,0,2,229.16,21 / 22,95228,2019-09-06 18:17:41:910,0.1135,0.0708,9.9033,0.0016,-0.0015,9.8066,-0.0141,0.0074,-0.0061,-1.25,-29.87,30.31,31.34,-83.26,-150.43
52.4016,-1.505556,158.03,0,2,229.16,21 / 22,95329,2019-09-06 18:17:42:011,-0.0091,0.093,9.9285,0.0004,-0.0008,9.8066,-0.0003,-0.0017,-0.0044,-0.75,-29.56,30.06,31.4,-83.27,-150.38
52.4016,-1.505556,158.03,0,2,229.16,21 / 22,95428,2019-09-06 18:17:42:110,0.0521,-0.097,9.9376,-0.0007,-0.0038,9.8066,-0.0041,-0.0148,0.0086,-0.87,-29.81,29.94,31.29,-83.25,-150.49
52.4016,-1.505556,158.03,0,2,229.16,21 / 22,95529,2019-09-06 18:17:42:211,-0.0229,0.0111,9.7776,0.0002,0.004,9.8066,-0.0224,-0.0004,0.0002,-0.62,-30,30.19,31.41,-83.27,-150.36
52.4016,-1.505556,158.03,0,2,229.16,21 / 22,95628,2019-09-06 18:17:42:310,-0.0379,-0.1707,9.804,0,-0.0014,9.8066,-0.0031,-0.0028,0.0005,-1.19,-30.12,29.88,31.3,-83.26,-150.46
52.4016,-1.505556,158.03,0,2,229.16,21 / 22,95729,2019-09-06 18:17:42:411,-0.1263,0.0632,9.8019,-0.0009,-0.0016,9.8066,0.022,-0.0066,0.0089,-0.81,-30,30.13,31.46,-83.26,-150.33
52.4016,-1.505556,158.03,0,2,229.16,21 / 22,95829,2019-09-06 18:17:42:511,0.1183,-0.0934,9.9029,0.0003,0.0019,9.8065,-0.0022,0.0051,-0.0126,-0.87,-29.69,30,31.33,-83.24,-150.45
52.4016,-1.505556,158.03,0,2,229.16,21 / 22,95929,2019-09-06 18:17:42:611,0.009,0.1276,9.8656,-0.0012,-0.0009,9.8066,-0.0121,-0.0153,-0.0019,-1.19,-29.69,30.44,31.39,-83.26,-150.39
52.4016,-1.505556,158.03,0,2,229.16,21 / 22,96029,2019-09-06 18:17:42:711,0.0153,-0.1806,9.8321,-0.0001,-0.0004,9.8066,0.009,0.0044,0.0069,-1.12,-30,30.5,31.31,-83.25,-150.41
52.4016,-1.505556,158.03,0,2,229.16,21 / 22,96128,2019-09-06 18:17:42:810,-0.05,-0.0832,9.72,0,0.0004,9.8066,-0.008,0.0018,-0.004,-1.69,-30.31,29.75,29.25,-83.26,-150.39
52.4016,-1.505556,158.03,0,2,229.16,21 / 22,96229,2019-09-06 18:17:42:911,-0.0518,-0.0547,9.9052,-0.0012,-0.0009,9.8066,0.0143,-0.0031,0.001,-0.56,-29.56,30,31.49,-83.26,-150.3
52.4016,-1.505556,158.03,0,2,229.16,21 / 22,96329,2019-09-06 18:17:43:011,-0.0585,-0.1627,9.8253,-0.0009,-0.0013,9.8066,0.0121,0.0044,0.0149,-1.31,-29.37,30.19,31.41,-83.24,-150.26
52.4016,-1.505556,158.03,0,2,229.16,21 / 22,96428,2019-09-06 18:17:43:110,-0.1045,-0.0456,9.7755,0.0014,-0.0005,9.8066,-0.0105,-0.0057,-0.014,-0.62,-29.69,30.56,31.43,-83.25,-150.31
52.4016,-1.505556,158.03,0,2,229.16,21 / 22,96529,2019-09-06 18:17:43:211,0.0862,-0.0158,9.9373,-0.003,0,9.8066,0.0024,-0.0071,0.005,-1.31,-29.44,30.19,31.51,-83.24,-150.17
52.4016,-1.505556,158.03,0,2,229.16,21 / 22,96629,2019-09-06 18:17:43:311,0.0716,0.1223,9.923,0,-0.0009,9.8066,-0.001,0.0114,0.0055,-1,-29.87,30.88,31.59,-83.23,-150.18
52.4016,-1.505556,158.03,0,2,229.16,21 / 22,96729,2019-09-06 18:17:43:411,0.0367,0.0862,9.9387,0.0011,-0.0005,9.8066,-0.0095,-0.0081,-0.0145,-1.56,-29.94,30.56,29.5,-83.24,-150.19
52.4016,-1.505556,158.03,0,2,229.16,21 / 22,96828,2019-09-06 18:17:43:510,-0.0326,-0.0014,9.9358,-0.0015,-0.0029,9.8066,-0.0003,0.0211,0.0062,-0.69,-29.81,30.19,31.62,-83.23,-150.2
52.4016,-1.505556,158.03,0,2,229.16,21 / 22,96929,2019-09-06 18:17:43:611,0.0178,-0.1005,9.8275,0.0006,0.0035,9.8066,-0.0012,-0.0085,0.0001,-1.56,-29.75,30.38,29.69,-83.24,-150.01
52.4016,-1.505556,158.03,0,2,229.16,21 / 22,97028,2019-09-06 18:17:43:710,-0.0357,0.0575,9.8958,0.0015,0.0016,9.8066,-0.0001,-0.0188,-0.0198,-0.5,-29.94,30.56,33.63,-83.25,-150.17
52.4016,-1.505556,158.03,0,2,229.16,21 / 22,97129,2019-09-06 18:17:43:811,-0.0586,-0.204,9.8728,-0.0029,-0.0025,9.8066,-0.0002,0.0139,0.0105,-1,-29.44,30.31,31.63,-83.23,-150.07
52.4016,-1.505556,158.03,0,2,229.16,21 / 22,97229,2019-09-06 18:17:43:911,-0.01,0.0768,9.8615,0.0007,-0.0016,9.8066,-0.0013,-0.0094,0.0023,-1.12,-29.81,29.69,31.72,-83.21,-150.12
52.4016,-1.505556,158.03,0,2,229.16,21 / 22,97328,2019-09-06 18:17:44:010,0.0573,-0.0672,9.9285,-0.0009,0,9.8066,0.0093,0.0006,0.0094,-0.94,-29.37,29.88,31.5,-83.23,-150.19
52.4016,-1.505556,158.03,0,2,229.16,21 / 22,97429,2019-09-06 18:17:44:111,-0.0095,0.0005,9.8584,-0.0009,-0.0011,9.8066,-0.0124,-0.0204,-0.0025,-1.44,-30,30,31.66,-83.21,-150.17
52.4016,-1.505556,158.03,0,2,229.16,21 / 22,97529,2019-09-06 18:17:44:211,-0.1297,0.1005,9.896,0,0.0008,9.8066,0.0073,0.0157,-0.0056,-0.56,-29.94,30.44,31.8,-83.21,-150.05
52.4016,-1.505556,158.03,0,2,229.16,21 / 22,97628,2019-09-06 18:17:44:310,0.1201,-0.0682,9.8322,0.0009,0.0015,9.8066,0.0093,-0.0071,0.0124,-1.19,-29.87,30.13,31.73,-83.22,-150.11
52.4016,-1.505556,158.03,0,2,229.16,21 / 22,97728,2019-09-06 18:17:44:410,-0.0706,0.0427,9.8709,-0.0013,-0.0027,9.8066,-0.014,-0.0063,-0.0198,-1.37,-29.62,30.38,31.71,-83.22,-150.12
52.4016,-1.505556,158.03,0,2,229.16,21 / 22,97828,2019-09-06 18:17:44:510,0.002,-0.2654,9.8011,0.0017,0.0008,9.8066,0.0075,0.0081,0.0066,-1.19,-29.94,30.13,31.58,-83.21,-150.24
52.4016,-1.505556,158.03,0,2,229.16,21 / 22,97929,2019-09-06 18:17:44:611,-0.0739,0.1254,9.9001,-0.0006,-0.0021,9.8066,-0.0087,-0.0105,0.0039,-1.31,-29.87,30.44,31.56,-83.2,-150.27
52.4016,-1.505556,158.03,0,2,229.16,21 / 22,98029,2019-09-06 18:17:44:711,0.0189,-0.0425,9.9436,-0.0013,-0.0028,9.8066,-0.0133,-0.0113,-0.0092,-0.69,-30.5,30.06,31.6,-83.19,-150.24
52.4016,-1.505556,158.03,0,2,229.16,21 / 22,98129,2019-09-06 18:17:44:811,0.0516,0.1508,9.8761,0.0026,0.0017,9.8066,0.0087,0.0077,0.0125,-1.5,-29.19,30.25,31.42,-83.21,-150.27
52.4016,-1.505556,158.03,0,2,229.16,21 / 22,98229,2019-09-06 18:17:44:911,-0.1112,0.1128,9.8351,-0.0004,0.0001,9.8066,0.0029,-0.0117,0.0039,-1.19,-29.56,30.19,31.59,-83.2,-150.24
52.4016,-1.505556,158.03,0,2,229.16,21 / 22,98329,2019-09-06 18:17:45:011,0.058,-0.1536,9.9066,-0.0006,-0.0012,9.8066,-0.0053,0.0036,-0.0105,-0.62,-29.31,29.88,31.43,-83.2,-150.27
52.4016,-1.505556,158.03,0,2,229.16,21 / 22,98428,2019-09-06 18:17:45:110,0.0165,0.0984,9.8674,0.0003,-0.0011,9.8066,-0.0012,-0.0019,-0.0024,-1.31,-30.06,30.19,31.56,-83.19,-150.28
52.4016,-1.505556,158.03,0,2,229.16,21 / 22,98529,2019-09-06 18:17:45:211,0.0506,-0.0601,9.929,-0.0002,0.0004,9.8066,0.0057,-0.0011,0.0066,-1.06,-29.56,30.06,31.47,-83.21,-150.34
52.4016,-1.505556,158.03,0,2,229.16,21 / 22,98630,2019-09-06 18:17:45:312,-0.0729,-0.0541,9.7629,-0.0007,0.001,9.8066,-0.007,-0.0007,-0.0066,-1.5,-29.69,30.06,31.53,-83.2,-150.3
52.4016,-1.505556,158.03,0,2,229.16,21 / 22,98729,2019-09-06 18:17:45:411,0.0049,-0.0699,9.9191,0.0005,0.0017,9.8066,0.0129,-0.0082,0.0011,-1.06,-29.94,30.56,31.52,-83.22,-150.24
52.4016,-1.505556,158.03,0,2,229.16,21 / 22,98828,2019-09-06 18:17:45:510,-0.0277,-0.1664,9.8705,0.0013,-0.0002,9.8066,0.0094,0.0079,0.0117,-1,-29.62,30.25,31.48,-83.22,-150.33
52.4016,-1.505556,158.03,0,2,229.16,21 / 22,98929,2019-09-06 18:17:45:611,0.0847,0.0892,9.927,-0.0005,0.0007,9.8066,-0.0138,-0.0074,-0.0139,-0.44,-29.69,30.56,33.5,-83.22,-150.31
52.4016,-1.505556,158.03,0,2,229.16,21 / 22,99029,2019-09-06 18:17:45:711,0.0812,-0.0285,9.8756,0.0007,0.0008,9.8066,-0.0025,-0.0103,0.0026,-0.69,-29.25,30.31,31.46,-83.22,-150.23
52.4016,-1.505556,158.03,0,2,229.16,21 / 22,99129,2019-09-06 18:17:45:811,-0.0318,0.12,9.8561,-0.0005,-0.0002,9.8066,0.0109,0.0094,0.0097,-1.06,-30,29.81,31.45,-83.23,-150.35
52.4016,-1.505556,158.03,0,2,229.16,21 / 22,99229,2019-09-06 18:17:45:911,-0.0202,-0.2324,9.817,-0.0007,0.0006,9.8066,-0.0006,-0.0107,-0.0167,-1.37,-30.12,30.06,31.51,-83.21,-150.3
52.4016,-1.505556,158.03,0,2,229.16,21 / 22,99329,2019-09-06 18:17:46:011,-0.0552,0.0467,9.8248,0.001,-0.0012,9.8066,0.0027,0.0041,0.011,-0.44,-29.37,30.25,33.39,-83.21,-150.41
52.4016,-1.505556,158.03,0,2,229.16,21 / 22,99431,2019-09-06 18:17:46:113,-0.0148,-0.0683,9.9536,0.0003,-0.0012,9.8065,0,0.017,0.0124,-1.19,-29.62,30.63,31.3,-83.22,-150.44
52.4016,-1.505556,158.03,0,2,229.16,21 / 22,99529,2019-09-06 18:17:46:211,0.0253,0.0713,9.8193,-0.0006,0.0004,9.8065,-0.0099,-0.0133,-0.0172,-0.5,-29.75,29.94,33.58,-83.2,-150.37
52.4016,-1.505556,158.03,0,2,229.16,21 / 22,99628,2019-09-06 18:17:46:310,0.1343,-0.0602,9.9085,0.0002,0.0005,9.8066,0.0036,0.0129,0.0036,-0.44,-29.31,30.63,33.31,-83.21,-150.37
52.4016,-1.505556,158.03,0,2,229.16,21 / 22,99729,2019-09-06 18:17:46:411,-0.0505,0.0459,9.8215,-0.0009,-0.0003,9.8066,-0.0061,-0.003,-0.0033,-0.75,-29.81,30.31,31.39,-83.22,-150.41
52.4016,-1.505556,158.03,0,2,229.16,21 / 22,99828,2019-09-06 18:17:46:510,-0.0305,-0.1258,9.9422,-0.0004,-0.0004,9.8066,-0.0049,-0.0184,-0.0113,-1.12,-30.31,29.94,31.4,-83.22,-150.4
52.4016,-1.505556,158.03,0,2,229.16,21 / 22,99928,2019-09-06 18:17:46:610,0.0074,0.1452,9.8901,0.002,0.0014,9.8066,0.0137,0.0127,0.0156,-0.25,-29.81,30.38,33.46,-83.23,-150.46
52.4016,-1.505556,158.03,0,2,229.16,21 / 22,100029,2019-09-06 18:17:46:711,0.074,-0.1734,9.8643,-0.0012,-0.0012,9.8065,-0.0098,-0.0193,-0.0117,-1.31,-29.69,30.38,31.29,-83.23,-150.49
52.4016,-1.505556,158.03,0,2,229.16,21 / 22,100128,2019-09-06 18:17:46:810,0.0346,-0.0031,9.8017,0.0006,-0.0004,9.8066,-0.0016,0.0002,-0.0099,-1.12,-29.62,30.19,31.32,-83.22,-150.47
52.4016,-1.505556,158.03,0,2,229.16,21 / 22,100229,2019-09-06 18:17:46:911,-0.1055,-0.117,9.8538,0.0026,0.0003,9.8066,0.0098,0.0131,0.0247,-1,-29.81,30.25,31.15,-83.24,-150.61
52.4016,-1.505556,158.03,0,2,229.16,21 / 22,100329,2019-09-06 18:17:47:011,-0.0121,-0.1636,9.7561,-0.0025,0.002,9.8066,-0.0053,-0.0176,-0.0116,-0.94,-29.81,30.56,31.35,-83.23,-150.39
52.4016,-1.505556,158.03,0,2,229.16,21 / 22,100428,2019-09-06 18:17:47:110,0.0055,0.1148,9.9876,0.001,0.0015,9.8066,0.0029,-0.0047,-0.0042,-0.81,-29.62,30.38,31.37,-83.23,-150.42
52.4016,-1.505556,158.03,0,2,229.16,21 / 22,100528,2019-09-06 18:17:47:210,0.0297,0.0418,9.9339,-0.0002,-0.001,9.8066,0.0037,0.0064,0.007,-0.69,-30.44,30.19,31.29,-83.24,-150.48
52.4016,-1.505556,158.03,0,2,229.16,21 / 22,100629,2019-09-06 18:17:47:311,0.0616,0.1356,9.9799,-0.0011,0.0001,9.8066,-0.0053,-0.0161,-0.015,-1,-28.81,29.63,31.2,-83.22,-150.46
52.4016,-1.505556,158.03,0,2,229.16,21 / 22,100729,2019-09-06 18:17:47:411,-0.0322,-0.2147,9.7549,0.0023,-0.0002,9.8066,0.0089,0.0095,0.0098,-1.5,-29.37,30.13,30.99,-83.23,-150.65
52.4016,-1.505556,158.03,0,2,229.16,21 / 22,100828,2019-09-06 18:17:47:510,-0.1187,-0.0085,9.8295,-0.0007,-0.0006,9.8066,0.0017,0.0116,0.0161,-1.25,-30,30.25,31.05,-83.23,-150.71
52.4016,-1.505556,158.03,0,2,229.16,21 / 22,100929,2019-09-06 18:17:47:611,-0.0459,-0.2685,9.7986,0.0004,-0.0011,9.8066,-0.0129,-0.019,-0.0151,-1.19,-30.37,30.5,31.09,-83.22,-150.63
52.4016,-1.505556,158.03,0,2,229.16,21 / 22,101028,2019-09-06 18:17:47:710,0.0221,-0.2056,9.8153,0.0015,0.0007,9.8066,0.0033,0.0209,0.005,-1.31,-29.62,30.38,31.07,-83.23,-150.69
52.4016,-1.505556,158.03,0,2,229.16,21 / 22,101129,2019-09-06 18:17:47:811,-0.0699,0.1025,9.8887,-0.0014,-0.0013,9.8065,-0.003,-0.0081,0.0019,-0.87,-30.37,30.25,30.97,-83.24,-150.78
52.4016,-1.505556,158.03,0,2,229.16,21 / 22,101230,2019-09-06 18:17:47:912,0.0849,0.0146,9.9342,-0.0019,-0.0011,9.8066,-0.0153,-0.0113,-0.0159,-0.56,-30.12,30,31.1,-83.22,-150.67
52.4016,-1.505556,158.03,0,2,229.16,21 / 22,101328,2019-09-06 18:17:48:010,0.01,0.1427,9.8755,0.0015,-0.0008,9.8066,0.0074,0.0092,0.0128,-0.94,-29.62,30.31,30.9,-83.23,-150.84
52.4016,-1.505556,158.03,0,2,229.16,20 / 21,101429,2019-09-06 18:17:48:111,0.0256,-0.1801,9.8355,-0.001,-0.0012,9.8066,0.0002,-0.01,0.008,-0.87,-29.37,30.5,30.74,-83.23,-150.82
52.4016,-1.505556,158.03,0,2,229.16,20 / 21,101528,2019-09-06 18:17:48:210,-0.0995,0.097,9.8345,0.0008,-0.0004,9.8066,-0.01,0.0112,-0.0163,-0.87,-29.44,30.5,30.83,-83.23,-150.74
52.4016,-1.505556,158.03,0,2,229.16,20 / 21,101628,2019-09-06 18:17:48:310,-0.1257,-0.231,9.7886,0.0027,0.0026,9.8066,0.007,0.0042,0.0212,-0.75,-29.31,29.75,30.71,-83.25,-150.88
52.4016,-1.505556,158.03,0,2,229.16,20 / 21,101728,2019-09-06 18:17:48:410,-0.0038,0.1613,9.9507,-0.0013,0.0007,9.8066,0.006,-0.0241,-0.0125,-1,-30.12,30.38,30.84,-83.25,-150.89
52.4016,-1.505556,158.03,0,2,229.16,20 / 21,101829,2019-09-06 18:17:48:511,0.0465,0.0028,9.9862,0,0.001,9.8066,-0.004,0.0031,-0.0049,-1.31,-29.87,30.19,30.89,-83.23,-150.85
52.4016,-1.505556,158.03,0,2,229.16,20 / 21,101929,2019-09-06 18:17:48:611,-0.0559,0.0133,9.8105,0.0005,0.0001,9.8066,-0.0002,0.0078,0.0106,-1,-29.69,30.13,30.81,-83.25,-150.91
52.4016,-1.505556,158.03,0,2,229.16,20 / 21,102028,2019-09-06 18:17:48:710,-0.0724,-0.2735,9.7914,-0.0013,0.0006,9.8066,-0.0045,-0.019,-0.0052,-1.06,-30,30.25,30.84,-83.25,-150.89
52.4016,-1.505556,158.03,0,2,229.16,20 / 21,102128,2019-09-06 18:17:48:810,-0.0625,0.0711,9.807,0.0009,0.0021,9.8066,0.0113,0.0144,-0.0005,-0.81,-29.69,29.94,30.93,-83.25,-150.81
52.4016,-1.505556,158.03,0,2,229.16,20 / 21,102229,2019-09-06 18:17:48:911,-0.0944,-0.0857,9.9367,0.001,-0.0003,9.8066,0.0025,0.0016,0.0164,-1.06,-29.06,29.56,30.67,-83.26,-150.92
52.4016,-1.505556,158.03,0,2,229.16,20 / 21,102329,2019-09-06 18:17:49:011,-0.0813,-0.2335,9.778,-0.0007,-0.0004,9.8066,-0.0116,-0.0114,-0.0154,-0.81,-29.81,30.13,30.92,-83.24,-150.82
52.4016,-1.505556,158.03,0,2,229.16,21 / 22,102429,2019-09-06 18:17:49:111,-0.0373,-0.2728,9.8214,0.0022,0.0003,9.8066,0.0071,0.0133,0.0097,-1.06,-29.44,30.63,30.62,-83.25,-150.92
52.4016,-1.505556,158.03,0,2,229.16,21 / 22,102529,2019-09-06 18:17:49:211,-0.0792,0.1263,9.8862,-0.0014,-0.0017,9.8066,-0.0024,-0.0172,0.0039,-0.81,-30.12,30.13,30.78,-83.24,-150.94
52.4016,-1.505556,158.03,0,2,229.16,21 / 22,102629,2019-09-06 18:17:49:311,0.0478,-0.0404,9.9493,-0.0011,-0.0011,9.8066,-0.001,0.0093,-0.0056,-0.94,-29.5,30.19,30.71,-83.23,-150.9
52.4016,-1.505556,158.03,0,2,229.16,21 / 22,102728,2019-09-06 18:17:49:410,0.0366,0.1045,9.8847,0.0013,-0.0008,9.8066,0.001,0.0081,0.0085,-0.81,-29.62,30.75,30.72,-83.24,-150.95
52.4016,-1.505556,158.03,0,2,229.16,21 / 22,102829,2019-09-06 18:17:49:511,0.0362,-0.1368,9.8539,-0.0005,0,9.8066,0.0067,-0.0015,0.0062,-1.12,-30.31,29.94,30.8,-83.25,-150.92
52.4016,-1.505556,158.03,0,2,229.16,21 / 22,102929,2019-09-06 18:17:49:611,0.0299,-0.0848,9.8336,-0.0006,0.0008,9.8066,-0.0018,-0.0027,-0.0097,-0.69,-30,30.13,30.88,-83.24,-150.85
52.4016,-1.505556,158.03,0,2,229.16,21 / 22,103029,2019-09-06 18:17:49:711,-0.1082,0.0296,9.8395,0.0008,0.0012,9.8066,-0.0042,-0.0117,-0.0016,-0.44,-30.19,30.19,33.01,-83.24,-150.86
52.4016,-1.505556,158.03,0,2,229.16,21 / 22,103128,2019-09-06 18:17:49:810,0.0502,-0.1031,9.8312,0.0007,-0.001,9.8066,0.0036,0.0127,0.0085,-1.69,-29.81,29.81,28.69,-83.26,-150.89
52.4016,-1.505556,158.03,0,2,229.16,21 / 22,103229,2019-09-06 18:17:49:911,-0.0806,0.0999,9.8605,-0.0006,-0.0011,9.8066,-0.0118,-0.0028,0,-1.06,-30,30.25,30.86,-83.25,-150.87
52.4016,-1.505556,158.03,0,2,229.16,21 / 22,103330,2019-09-06 18:17:50:012,0.0156,-0.0069,9.9823,0.0005,0.002,9.8066,0.0129,-0.0082,-0.003,-0.94,-29.31,30.13,30.85,-83.24,-150.77
52.4016,-1.505556,158.03,0,2,229.16,21 / 22,103428,2019-09-06 18:17:50:110,-0.0663,-0.2208,9.846,0.0022,0.0002,9.8066,0.0103,0.0118,0.018,-0.94,-30.19,30.44,30.82,-83.25,-150.9
52.4016,-1.505556,158.03,0,2,229.16,21 / 22,103529,2019-09-06 18:17:50:211,-0.0039,0.1551,9.8883,-0.0002,-0.0002,9.8066,-0.0104,-0.0101,-0.0148,-1.31,-29.87,30,30.87,-83.23,-150.87
52.4016,-1.505556,158.03,0,2,229.16,21 / 22,103628,2019-09-06 18:17:50:310,0.0185,0.0967,9.9912,0.0013,0.0011,9.8066,0.0055,-0.0075,-0.0026,-0.81,-29.87,30.31,30.77,-83.24,-150.95
52.4016,-1.505556,158.03,0,2,229.16,21 / 22,103729,2019-09-06 18:17:50:411,0.0672,0.1319,9.9353,-0.0004,-0.0012,9.8066,0.003,0.0129,0.0103,-0.69,-29.62,30.06,30.64,-83.26,-151.06
52.4016,-1.505556,158.03,0,2,229.16,21 / 22,103830,2019-09-06 18:17:50:512,-0.0035,0.0281,9.9614,-0.0016,0.0011,9.8066,-0.0041,-0.0188,-0.0116,-0.94,-29.94,30.88,30.69,-83.23,-150.98
52.4016,-1.505556,158.03,0,2,229.16,21 / 22,103929,2019-09-06 18:17:50:611,-0.07,-0.1125,9.7356,0.0015,-0.0002,9.8066,0.0065,0.0075,0.0056,-0.31,-29.81,30,32.83,-83.23,-151.02
52.4016,-1.505556,158.03,0,2,229.16,21 / 22,104029,2019-09-06 18:17:50:711,-0.0702,-0.0183,9.9073,-0.0005,-0.002,9.8066,-0.0069,-0.0062,-0.0017,-0.81,-29.62,30.13,30.65,-83.23,-151.07
52.4016,-1.505556,158.03,0,2,229.16,21 / 22,104128,2019-09-06 18:17:50:810,-0.0337,-0.1993,9.8328,-0.0006,-0.0003,9.8066,-0.0064,-0.0132,-0.0145,-1.06,-29.5,30.38,30.62,-83.22,-150.98
52.4016,-1.505556,158.03,0,2,229.16,21 / 22,104228,2019-09-06 18:17:50:910,0.0482,0.1287,9.9632,0.0021,0.001,9.8066,0.0112,0.0069,0.0082,-1.25,-29.62,30.13,30.6,-83.24,-151.11
52.4016,-1.505556,158.03,0,2,229.16,21 / 22,104328,2019-09-06 18:17:51:010,0.0255,-0.0976,9.9096,-0.0014,-0.0017,9.8066,-0.0038,-0.0078,-0.0044,-0.81,-29.94,30.38,30.5,-83.24,-151.2
52.4016,-1.505556,158.03,0,2,229.16,21 / 22,104429,2019-09-06 18:17:51:111,0.0961,0.0984,9.9619,0,-0.0009,9.8066,-0.0165,-0.0116,-0.0144,-0.56,-29.56,30.13,30.56,-83.22,-151.15
52.4016,-1.505556,158.03,0,2,229.16,21 / 22,104528,2019-09-06 18:17:51:210,0.0021,0.2549,9.952,0.0012,-0.0001,9.8066,0.0123,0.0153,0.0146,-0.69,-29.56,29.88,30.36,-83.24,-151.32
52.4016,-1.505556,158.03,0,2,229.16,21 / 22,104629,2019-09-06 18:17:51:311,-0.0023,-0.2218,9.7946,0.0001,0,9.8066,0.0017,-0.0151,-0.0011,-0.75,-29.87,30,30.38,-83.23,-151.3
52.4016,-1.505556,158.03,0,2,229.16,21 / 22,104730,2019-09-06 18:17:51:412,-0.1153,-0.0067,9.8151,0.0011,-0.0009,9.8066,-0.0038,0.0003,-0.0107,-1.12,-30,30.19,30.31,-83.22,-151.38
52.4016,-1.505556,158.03,0,2,229.16,21 / 22,104828,2019-09-06 18:17:51:510,-0.028,-0.1289,9.8536,0.0022,0.0007,9.8066,0.0086,0.019,0.0182,-0.75,-30,30.31,30.15,-83.24,-151.51
52.4016,-1.505556,158.03,0,2,229.16,21 / 22,104929,2019-09-06 18:17:51:611,0.0434,0.1562,9.909,-0.002,-0.0006,9.8066,-0.0041,-0.0113,-0.0079,-0.75,-30.06,30.13,30.14,-83.23,-151.52
52.4016,-1.505556,158.03,0,2,229.16,21 / 22,105029,2019-09-06 18:17:51:711,0.0022,-0.0097,9.9479,-0.0006,0.0004,9.8066,-0.0023,-0.0007,-0.0063,-0.75,-29.25,30.31,30.18,-83.22,-151.38
52.4016,-1.505556,158.03,0,2,229.16,21 / 22,105129,2019-09-06 18:17:51:811,0.0284,0.1345,9.8512,0.0005,-0.0008,9.8066,0.0063,-0.0034,0.0135,-0.87,-30,30.25,30.23,-83.23,-151.45
52.4016,-1.505556,158.03,0,2,229.16,21 / 22,105228,2019-09-06 18:17:51:910,0.0094,-0.2336,9.8096,-0.0009,-0.0015,9.8066,-0.0109,-0.0194,-0.0086,-1.19,-29.37,29.63,30.09,-83.21,-151.46
52.4016,-1.505556,158.03,0,2,229.16,21 / 22,105329,2019-09-06 18:17:52:011,-0.1404,0.0599,9.7833,0.0018,-0.0004,9.8066,0.0095,0.0138,0.0003,-0.75,-30.06,30.63,30.16,-83.21,-151.46
52.4016,-1.505556,158.03,0,2,229.16,21 / 22,105428,2019-09-06 18:17:52:110,-0.1178,0.0079,9.8408,0,0.0004,9.8066,0.0105,0.0116,0.0151,-1.62,-30.19,30.13,28.01,-83.22,-151.52
52.4016,-1.505556,158.03,0,2,229.16,21 / 22,105529,2019-09-06 18:17:52:211,-0.0385,-0.1106,9.835,-0.0012,-0.0022,9.8066,-0.018,-0.0142,-0.0175,-0.56,-29.87,30.06,30.24,-83.2,-151.45
52.4016,-1.505556,158.03,0,2,229.16,21 / 22,105628,2019-09-06 18:17:52:310,-0.0353,-0.17,9.7195,0.0027,0.0023,9.8066,0.0081,0.0066,0.0078,-1.06,-29.19,30.13,30.02,-83.22,-151.52
52.4016,-1.505556,158.03,0,2,229.16,21 / 22,105731,2019-09-06 18:17:52:413,-0.0255,0.0916,9.992,-0.0013,-0.0032,9.8066,-0.0126,-0.0039,-0.0007,-0.75,-29.87,29.19,30.14,-83.21,-151.58
52.4016,-1.505556,158.03,0,2,229.16,21 / 22,105829,2019-09-06 18:17:52:511,0.0693,0.1091,9.9222,0,-0.0015,9.8066,-0.0138,-0.0158,-0.0153,-1.06,-30.12,30.5,30.1,-83.21,-151.52
52.4016,-1.505556,158.03,0,2,229.16,21 / 22,105930,2019-09-06 18:17:52:612,-0.0201,0.193,9.9552,0.0016,0.0035,9.8066,0.0152,0.0213,0.0135,-0.75,-29.69,30.25,30.12,-83.25,-151.53
52.4016,-1.505556,158.03,0,2,229.16,21 / 22,106029,2019-09-06 18:17:52:711,-0.0038,-0.1044,9.7683,-0.0005,-0.0013,9.8066,-0.0089,-0.0111,0.0017,-1,-29.62,29.81,30.07,-83.23,-151.58
52.4016,-1.505556,158.03,0,2,229.16,21 / 22,106129,2019-09-06 18:17:52:811,-0.1641,-0.0348,9.8146,0.0008,0.0007,9.8066,0.0111,-0.0087,-0.0052,-1.12,-29.87,30.25,30.21,-83.23,-151.46
52.4016,-1.505556,158.03,0,2,229.16,21 / 22,106228,2019-09-06 18:17:52:910,-0.0171,-0.1876,9.8665,0.0008,0.0004,9.8066,0.0194,0.0159,0.0145,-0.81,-29.25,29.75,29.93,-83.25,-151.59
52.4016,-1.505556,158.03,0,2,229.16,21 / 22,106328,2019-09-06 18:17:53:010,-0.0522,-0.2433,9.7793,-0.0022,-0.0017,9.8066,-0.014,-0.0195,-0.016,-0.5,-29.5,30.06,32.15,-83.23,-151.52
52.4016,-1.505556,158.03,0,2,229.16,22 / 23,106429,2019-09-06 18:17:53:111,-0.0656,0.1492,9.9201,-0.0007,-0.0005,9.8066,0.0004,-0.0022,-0.0054,-0.69,-29.25,29.81,30.05,-83.22,-151.49
52.4016,-1.505556,158.03,0,2,229.16,22 / 23,106529,2019-09-06 18:17:53:211,0.0416,0.0345,9.9325,0.0001,0.0014,9.8065,0.0035,0.0076,0.0099,-0.69,-29.69,30.56,30.06,-83.23,-151.55
52.4016,-1.505556,158.03,0,2,229.16,22 / 23,106629,2019-09-06 18:17:53:311,-0.0112,0.1775,9.9336,-0.001,0.001,9.8066,-0.003,-0.0126,-0.0097,-0.94,-30.12,30,30.23,-83.23,-151.44
52.4016,-1.505556,158.03,0,2,229.16,22 / 23,106729,2019-09-06 18:17:53:411,0.0533,-0.0565,9.8723,0.0001,-0.001,9.8066,-0.0023,0.0173,-0.0027,-1.31,-29.94,30.44,30.27,-83.22,-151.41
52.4016,-1.505556,158.03,0,2,229.16,22 / 23,106828,2019-09-06 18:17:53:510,-0.1843,-0.0307,9.7854,0.0007,0.0034,9.8066,0.0165,-0.0046,0.0176,-1.12,-29.94,30.19,30.21,-83.24,-151.46
52.4016,-1.505556,158.03,0,2,229.16,22 / 23,106928,2019-09-06 18:17:53:610,-0.0254,-0.0826,9.8599,-0.0003,-0.0017,9.8066,-0.0073,-0.0036,-0.0078,-1.12,-29.81,29.5,30.28,-83.21,-151.4
52.4016,-1.505556,158.03,0,2,229.16,22 / 23,107029,2019-09-06 18:17:53:711,0.0049,0.0604,9.8348,0.0005,-0.0013,9.8066,-0.0078,0.0031,-0.0012,-1.19,-29.62,29.63,30.18,-83.21,-151.5
52.4016,-1.505556,158.03,0,2,229.16,22 / 23,107128,2019-09-06 18:17:53:810,-0.0383,0.1238,9.9781,-0.0008,-0.0002,9.8066,0.0057,-0.0071,0.0046,-0.75,-29.75,30,30.12,-83.22,-151.55
52.4016,-1.505556,158.03,0,2,229.16,22 / 23,107228,2019-09-06 18:17:53:910,0.0882,0.0798,9.9273,-0.0015,0.0006,9.8066,-0.0047,0.0181,-0.0044,-1,-29.19,30.25,30.08,-83.22,-151.47
52.4016,-1.505556,158.03,0,2,229.16,22 / 23,107328,2019-09-06 18:17:54:010,-0.0759,-0.1652,9.7907,0.0001,0.0012,9.8066,-0.0015,-0.0039,0.0051,-1.31,-29.94,29.63,30.26,-83.22,-151.42
52.4016,-1.505556,158.03,0,2,229.16,21 / 22,107428,2019-09-06 18:17:54:110,-0.0007,-0.2163,9.7424,0.0001,-0.0008,9.8066,0.0095,-0.009,0.0035,-1.31,-29.56,29.94,30.34,-83.23,-151.34
52.4016,-1.505556,158.03,0,2,229.16,21 / 22,107528,2019-09-06 18:17:54:210,-0.1277,-0.1036,9.7667,-0.0012,-0.0006,9.8066,-0.0137,-0.001,-0.0122,-0.56,-29.94,30.19,30.37,-83.23,-151.32
52.4016,-1.505556,158.03,0,2,229.16,21 / 22,107629,2019-09-06 18:17:54:311,0.0563,0.0111,9.9365,0.0013,0.0005,9.8066,-0.002,0.0082,0.0004,-0.69,-29.81,30.44,30.27,-83.23,-151.4
52.4016,-1.505556,158.03,0,2,229.16,21 / 22,107728,2019-09-06 18:17:54:410,0.0663,0.2691,10.0035,0.0002,0.0016,9.8066,0.0172,-0.0057,0.0043,-0.56,-29.87,30,30.21,-83.24,-151.45
52.4016,-1.505556,158.03,0,2,229.16,21 / 22,107829,2019-09-06 18:17:54:511,0.0311,-0.0529,9.9495,-0.0015,-0.0017,9.8066,-0.0109,0.0066,-0.0088,-0.75,-30.25,30.56,30.22,-83.22,-151.4
52.4016,-1.505556,158.03,0,2,229.16,21 / 22,107928,2019-09-06 18:17:54:610,-0.1781,-0.0436,9.7896,0.0004,0.0006,9.8066,0.0094,-0.0176,0.0083,-0.94,-30.25,30.31,30.2,-83.24,-151.47
52.4016,-1.505556,158.03,0,2,229.16,21 / 22,108030,2019-09-06 18:17:54:712,0.0291,-0.2073,9.7451,0.0007,-0.0019,9.8066,0.0044,-0.0076,-0.0061,-1.12,-29.81,30.13,30.1,-83.23,-151.55
52.4016,-1.505556,158.03,0,2,229.16,21 / 22,108129,2019-09-06 18:17:54:811,-0.187,0.0247,9.8814,0.0001,-0.0014,9.8066,-0.0022,0.0266,-0.0021,-1.12,-29.5,29.56,30.04,-83.23,-151.51
52.4016,-1.505556,158.03,0,2,229.16,21 / 22,108229,2019-09-06 18:17:54:911,0.0677,0.0611,9.922,0.0017,0.001,9.8066,0.0258,0.008,0.0234,-0.94,-29.94,29.81,30.07,-83.25,-151.58
52.4016,-1.505556,158.03,0,2,229.16,21 / 22,108329,2019-09-06 18:17:55:011,-0.1183,0.0377,9.8487,-0.0019,-0.0029,9.8066,-0.0259,-0.0011,-0.0162,-1,-29.5,30.19,30.1,-83.24,-151.44
52.4016,-1.505556,158.03,0,2,229.16,20 / 21,108429,2019-09-06 18:17:55:111,-0.007,-0.0049,9.8138,0.0005,-0.0035,9.8066,-0.033,0.0042,0.0012,-0.62,-29.56,29.69,30.13,-83.22,-151.54
52.4016,-1.505556,158.03,0,2,229.16,20 / 21,108529,2019-09-06 18:17:55:211,-0.0855,-0.1019,9.885,-0.0004,0.001,9.8066,0.0261,0.0017,0.007,-1,-29.25,30.19,30.11,-83.23,-151.43
52.4016,-1.505556,158.03,0,2,229.16,20 / 21,108628,2019-09-06 18:17:55:310,-0.0617,-0.3495,9.8843,-0.0013,0.0013,9.8066,0.0161,-0.001,-0.0009,-1.25,-29.44,30,30.14,-83.22,-151.41
52.4016,-1.505556,158.03,0,2,229.16,20 / 21,108729,2019-09-06 18:17:55:411,0.0797,-0.5185,9.9618,0.0002,-0.0015,9.8065,0.0034,-0.0064,-0.0098,-0.81,-29.25,30.5,30.17,-83.19,-151.36
52.4016,-1.505556,158.03,0,2,229.16,20 / 21,108828,2019-09-06 18:17:55:510,0.1062,-0.3619,10.0304,0.0005,-0.0006,9.8066,0.0109,0.0116,0.0104,-0.69,-29.12,30.5,30,-83.19,-151.51
52.4016,-1.505556,158.03,0,2,229.16,20 / 21,108928,2019-09-06 18:17:55:610,0.0348,-0.7945,9.982,-0.0006,-0.0028,9.8066,0.0011,-0.0004,0.008,-0.81,-29.44,29.94,29.94,-83.16,-151.62
52.4016,-1.505556,158.03,0,2,229.16,20 / 21,109028,2019-09-06 18:17:55:710,0.0727,-0.8101,9.9941,-0.0014,-0.0048,9.8066,0.0003,0.0156,-0.013,-1.37,-29.5,30.38,29.95,-83.13,-151.63
52.4016,-1.505556,158.03,0,2,229.16,20 / 21,109128,2019-09-06 18:17:55:810,-0.0271,-2.1096,9.926,-0.0005,-0.0059,9.8066,0.0314,0.0117,0.0025,-0.5,-29.19,30.44,31.67,-83.07,-152.03
52.4016,-1.505556,158.03,0,2,229.16,20 / 21,109229,2019-09-06 18:17:55:911,0.0256,-2.3136,9.9435,0.0005,-0.0049,9.8066,-0.001,-0.0025,0.0013,-0.69,-29.56,30.75,29.25,-82.98,-152.4
52.4016,-1.505556,158.03,0,2,229.16,20 / 21,109329,2019-09-06 18:17:56:011,-0.0152,-1.8278,9.8138,-0.0004,-0.0079,9.8066,0.0105,0.0122,0.0052,-0.62,-29.75,30.5,28.8,-82.93,-152.83
52.4016,-1.505556,158.03,0,2,229.16,20 / 21,109429,2019-09-06 18:17:56:111,-0.0242,-2.1782,9.9081,-0.002,-0.0086,9.8066,-0.0039,0.0181,-0.0134,-0.25,-29.12,31.06,30.26,-82.79,-153.33
52.4016,-1.505556,158.03,0,2,229.16,20 / 21,109530,2019-09-06 18:17:56:212,-0.0422,-2.5371,9.8791,0.0017,0.0062,9.8066,0.0077,0.0124,-0.0154,-1.25,-29.37,31.13,28.17,-82.82,-153.34
52.4016,-1.505556,158.03,0,2,229.16,20 / 21,109629,2019-09-06 18:17:56:311,0.1941,-1.9941,9.8862,0.0036,-0.0012,9.8066,0.0364,0.0264,-0.0012,-1,-29.62,30.88,28.02,-82.84,-153.57
52.4016,-1.505556,158.03,0,2,229.16,20 / 21,109729,2019-09-06 18:17:56:411,0.0043,-2.0982,9.9384,-0.001,-0.0097,9.8065,-0.0135,0.0345,-0.0091,-0.56,-29.25,31.06,27.51,-82.72,-153.98
52.4016,-1.505556,158.03,0,2,229.16,20 / 21,109828,2019-09-06 18:17:56:510,0.0345,-1.8885,9.9874,0.0012,-0.0017,9.8066,-0.0198,0.0347,0.0036,-1.06,-29.06,30.69,27.4,-82.72,-154.07
52.4016,-1.505556,158.03,0,2,229.16,20 / 21,109928,2019-09-06 18:17:56:610,0.1553,-1.1061,9.8667,0.0019,0.005,9.8066,0.0025,0.0347,0.0232,-0.81,-28.87,30.94,27.34,-82.75,-154.11
52.4016,-1.505556,158.03,0,2,229.16,20 / 21,110029,2019-09-06 18:17:56:711,-0.1516,-1.506,10.1114,-0.0009,0.0052,9.8066,0.0253,0.0664,-0.0197,-0.5,-29,31.31,29.47,-82.78,-154.05
52.4016,-1.505556,158.03,0,2,229.16,20 / 21,110128,2019-09-06 18:17:56:810,0.0509,-2.0928,10.0322,0.0037,-0.0167,9.8065,0.0184,0.0071,0.0013,-0.25,-29.37,31,28.51,-82.64,-154.97
52.4016,-1.505556,158.03,0,2,229.16,20 / 21,110229,2019-09-06 18:17:56:911,0.2259,-1.3423,9.7052,0.0016,-0.0136,9.8066,-0.0116,0.019,-0.0089,0.19,-29.81,31,28.01,-82.54,-155.58
52.4016,-1.505556,158.03,0,2,229.16,20 / 21,110329,2019-09-06 18:17:57:011,0.2721,-1.3468,9.5428,0.0015,-0.0025,9.8066,0.0272,0.05,-0.0267,-0.87,-30.06,31.69,25.02,-82.45,-156.37
52.4016,-1.505556,158.03,0,2,229.16,20 / 21,110429,2019-09-06 18:17:57:111,0.21,-1.7,10.0074,0.0036,-0.0056,9.8066,0.0198,0.0474,0.0068,-1,-29.81,31.38,24.38,-82.39,-157
52.4016,-1.505556,158.03,0,2,229.16,20 / 21,110529,2019-09-06 18:17:57:211,-0.1535,-1.0477,10.4434,0.0006,-0.006,9.8066,0.0138,0.0686,-0.0461,-1,-29.87,31.06,24.23,-82.27,-157.18
52.4016,-1.505556,158.03,0,2,229.16,20 / 21,110628,2019-09-06 18:17:57:310,0.2937,-0.5605,9.8888,0.0063,-0.0046,9.8066,0.0433,0.0912,-0.0106,-0.94,-30.25,32.06,23.39,-82.27,-157.89
52.4016,-1.505556,158.03,0,2,229.16,20 / 21,110729,2019-09-06 18:17:57:411,0.7057,-1.4741,9.9604,0.0016,0.0051,9.8066,0.0205,0.0849,-0.0427,-0.81,-29.44,32.44,22.73,-82.29,-158.36
52.4016,-1.505556,158.03,0,2,229.16,20 / 21,110828,2019-09-06 18:17:57:510,0.0328,-1.678,10.086,0.0042,0.0019,9.8066,0.0629,0.0781,-0.0256,-0.87,-29.5,32.81,22.34,-82.28,-158.68
52.4016,-1.505556,158.03,0,2,229.16,20 / 21,110928,2019-09-06 18:17:57:610,0.6668,-2.148,10.2694,0.0029,-0.0064,9.8066,0.0009,0.1297,-0.0282,-0.69,-29.31,32.94,21.2,-82.19,-159.72
52.4016,-1.505556,158.03,0,2,229.16,20 / 21,111028,2019-09-06 18:17:57:710,0.289,-1.0829,9.7326,0.0048,0.0017,9.8066,0.032,0.1191,0.0291,-0.94,-29.56,33.13,20.76,-82.13,-160.22
52.4016,-1.505556,158.03,0,2,229.16,20 / 21,111128,2019-09-06 18:17:57:810,0.4664,-2.3544,10.5242,-0.0047,-0.0037,9.8066,-0.0076,0.1185,-0.0045,-1.87,-29.75,32.63,19.01,-82.06,-160.04
52.4016,-1.505556,158.03,0,2,229.16,20 / 21,111228,2019-09-06 18:17:57:910,0.5382,-1.6729,9.8198,0,-0.0051,9.8066,-0.0265,0.1142,-0.0191,-2.44,-29.37,33.44,19.1,-82.06,-159.87
52.4016,-1.505556,158.03,0,2,229.16,20 / 21,111328,2019-09-06 18:17:58:010,0.432,-1.5522,9.4944,0.0085,0.0043,9.8066,0.0495,0.1583,-0.0434,-1.81,-29.75,33.06,18.95,-82.1,-160.07
52.4016,-1.505556,158.03,0,2,229.16,20 / 21,111429,2019-09-06 18:17:58:111,0.4498,-1.7774,9.8377,0.0065,0.0051,9.8066,-0.0746,0.1661,-0.0402,-1.75,-29.19,33.38,18.18,-82.19,-160.65
52.4016,-1.505556,158.03,0,2,229.16,20 / 21,111529,2019-09-06 18:17:58:211,1.1767,-0.4625,9.9649,0.0129,-0.0132,9.8066,-0.0652,0.1812,-0.0634,-2.81,-29.62,32.94,15.42,-82.32,-161.36
52.4016,-1.505556,158.03,0,2,229.16,20 / 21,111628,2019-09-06 18:17:58:310,1.3066,-0.0392,10.0202,0.0079,-0.0001,9.8066,0.0059,0.2138,-0.0651,-2.75,-29.5,34.06,14.82,-82.5,-161.89
52.4016,-1.505556,158.03,0,2,229.16,20 / 21,111729,2019-09-06 18:17:58:411,1.144,-0.7962,10.0457,0.0033,0.001,9.8066,0.0056,0.1953,-0.0318,-2.62,-29.75,33.38,13.74,-82.63,-162.75
52.4016,-1.505556,158.03,0,2,229.16,20 / 21,111829,2019-09-06 18:17:58:511,1.2184,-0.2574,9.6985,0.0033,-0.0069,9.8066,-0.0394,0.252,-0.0624,-2.19,-29.12,34,15.22,-82.64,-163.17
52.4016,-1.505556,158.03,0,2,229.16,20 / 21,111929,2019-09-06 18:17:58:611,0.78,-0.6965,9.7795,0.0041,0.0015,9.8066,-0.0035,0.2117,0.0148,-2.94,-29.56,34,12.48,-82.62,-163.98
52.4016,-1.505556,158.03,0,2,229.16,20 / 21,112029,2019-09-06 18:17:58:711,0.5569,-0.5695,10.2734,-0.0017,-0.0047,9.8066,0.0278,0.1869,-0.0389,-3.06,-29.37,34.19,12.46,-82.56,-163.96
52.4016,-1.505556,158.03,0,2,229.16,20 / 21,112129,2019-09-06 18:17:58:811,1.6776,-0.8342,9.6624,0.0103,-0.0032,9.8066,0.043,0.2189,-0.0509,-3.44,-29.12,34.69,11.78,-82.48,-164.69
52.4016,-1.505556,158.03,0,2,229.16,20 / 21,112228,2019-09-06 18:17:58:910,1.6542,-0.9396,9.5928,0.0011,-0.0121,9.8066,0.0062,0.219,-0.0077,-3.5,-29.56,34.94,11.42,-82.32,-165.08
52.4016,-1.505556,158.03,0,2,229.16,20 / 21,112329,2019-09-06 18:17:59:011,1.4166,-1.823,10.7471,0.0025,-0.0068,9.8066,0.0224,0.2444,-0.0531,-4.44,-28.81,35.31,9.47,-82.24,-165.14
52.4016,-1.505556,158.03,0,2,229.16,21 / 22,112429,2019-09-06 18:17:59:111,0.9527,-1.2432,10.3045,0.0078,-0.0008,9.8066,0.0541,0.2216,-0.0382,-4.81,-29.12,35.25,6.82,-82.19,-165.87
52.4016,-1.505556,158.03,0,2,229.16,21 / 22,112528,2019-09-06 18:17:59:210,1.6868,-0.5388,9.525,0.0091,-0.0064,9.8065,0.0106,0.2467,-0.0183,-4.75,-28.75,35.81,5.4,-82.14,-167.33
52.4016,-1.505556,158.03,0,2,229.16,21 / 22,112628,2019-09-06 18:17:59:310,1.5909,-0.3688,9.431,-0.001,-0.0036,9.8066,0.0172,0.2489,-0.0284,-4.56,-28,35.75,5.23,-82.11,-167.46
52.4016,-1.505556,158.03,0,2,229.16,21 / 22,112729,2019-09-06 18:17:59:411,1.6629,-0.6403,9.7037,-0.0027,-0.0057,9.8066,-0.026,0.2136,-0.0153,-5.87,-28.37,36.75,3.9,-81.94,-167.34
52.4016,-1.505556,158.03,0,2,229.16,21 / 22,112828,2019-09-06 18:17:59:510,1.8393,-0.1386,10.13,-0.0053,-0.0204,9.8066,-0.038,0.3043,-0.0565,-6,-28.37,36.63,4.23,-81.73,-167.06
52.4016,-1.505556,158.03,0,2,229.16,21 / 22,112929,2019-09-06 18:17:59:611,1.8253,-1.4364,10.0355,0.0014,0.0155,9.8066,0.0885,0.2595,-0.0431,-5.87,-27.87,36.56,3.73,-81.52,-167.51
52.4016,-1.505556,158.03,0,2,229.16,21 / 22,113029,2019-09-06 18:17:59:711,1.9859,-0.4219,9.9323,-0.0022,0.0062,9.8066,0.0467,0.2739,-0.0367,-7.5,-27.5,37.31,1.91,-81.56,-167.59
52.4016,-1.505556,158.03,0,2,229.16,21 / 22,113128,2019-09-06 18:17:59:810,1.1524,-0.5718,10.0417,0.0047,-0.0234,9.8066,-0.0278,0.2548,-0.0472,-7.31,-27.75,36.88,1.95,-81.42,-167.58
52.4016,-1.505556,158.03,0,2,229.16,21 / 22,113229,2019-09-06 18:17:59:911,1.251,-0.1276,10.2289,-0.0021,-0.0189,9.8065,-0.0013,0.2892,-0.0082,-7.31,-27.62,37.81,2.15,-81.33,-167.67
52.4016,-1.505556,158.03,0,2,229.16,21 / 22,113329,2019-09-06 18:18:00:011,1.9445,-0.0612,10.0763,-0.0115,0.0059,9.8065,0.0742,0.3092,-0.0572,-8.37,-26.87,37.81,1.88,-81.28,-166.45
52.40153,-1.505621,158.07,4.24,3,198.79,20 / 21,113428,2019-09-06 18:18:00:110,2.7982,0.1569,9.4443,-0.0032,-0.0108,9.8066,0.0804,0.2365,0.0383,-8.69,-27.56,38.06,0.38,-81.22,-166.34
52.40153,-1.505621,158.07,4.24,3,198.79,20 / 21,113529,2019-09-06 18:18:00:211,1.5901,-0.4371,9.7612,-0.0027,-0.0047,9.8066,-0.0205,0.267,-0.0581,-8.31,-27.12,38.13,2.46,-81.38,-165.93
52.40153,-1.505621,158.07,4.24,3,198.79,20 / 21,113629,2019-09-06 18:18:00:311,2.1148,-0.2433,9.9034,0.0025,0.0228,9.8066,0.0322,0.242,0.0225,-9.19,-27.12,38.44,0.6,-81.54,-166.14
52.40153,-1.505621,158.07,4.24,3,198.79,20 / 21,113728,2019-09-06 18:18:00:410,1.3546,-0.1286,10.1184,-0.0078,-0.0016,9.8065,-0.0459,0.1532,-0.0915,-9.94,-27.75,37.81,359.9,-81.58,-165.35
52.40153,-1.505621,158.07,4.24,3,198.79,20 / 21,113829,2019-09-06 18:18:00:511,1.6705,-0.0536,9.6408,-0.0017,0.0115,9.8066,-0.0281,0.2658,-0.0931,-10.87,-27.56,37.75,358.72,-81.63,-164.99
52.40153,-1.505621,158.07,4.24,3,198.79,20 / 21,113928,2019-09-06 18:18:00:610,1.674,-0.8658,9.8175,-0.0026,0.012,9.8066,0.1341,0.2533,0.0087,-10.94,-26.62,38.06,358.2,-81.64,-165.46
52.40153,-1.505621,158.07,4.24,3,198.79,20 / 21,114028,2019-09-06 18:18:00:710,1.5745,-0.2637,10.4614,-0.0113,0.0227,9.8065,0.0773,0.2354,-0.1023,-11.06,-27.12,38.06,358.48,-81.64,-165.21
52.40153,-1.505621,158.07,4.24,3,198.79,20 / 21,114128,2019-09-06 18:18:00:810,2.1159,-0.1671,10.0275,0.0057,-0.011,9.8066,0.0239,0.2155,-0.0401,-11.94,-27.06,37.88,356.21,-81.58,-165.85
52.40153,-1.505621,158.07,4.24,3,198.79,20 / 21,114228,2019-09-06 18:18:00:910,2.1984,-0.1375,10.246,-0.0138,0.007,9.8066,0.0401,0.304,-0.0303,-12.12,-27.19,38.13,357.06,-81.61,-165.09
52.40153,-1.505621,158.07,4.24,3,198.79,20 / 21,114328,2019-09-06 18:18:01:010,1.1922,-0.5204,9.5213,-0.0084,-0.005,9.8066,-0.0035,0.1986,0.0682,-12.81,-27.62,38.69,356.74,-81.7,-164.47
52.40153,-1.505621,158.07,4.24,3,198.79,21 / 22,114429,2019-09-06 18:18:01:111,0.5816,-0.8613,9.8615,-0.0131,-0.0211,9.8066,-0.0184,0.2944,-0.1078,-12.87,-27.31,38.63,358.37,-81.6,-163.02
52.40153,-1.505621,158.07,4.24,3,198.79,21 / 22,114528,2019-09-06 18:18:01:210,0.9847,-0.7484,9.5719,-0.0045,-0.0026,9.8065,-0.018,0.176,0.0284,-13.56,-27.56,38.31,357.15,-81.54,-162.3
52.40153,-1.505621,158.07,4.24,3,198.79,21 / 22,114629,2019-09-06 18:18:01:311,2.031,-0.6652,9.7242,-0.0071,-0.0222,9.8065,-0.0772,0.2187,-0.0627,-14.19,-27.25,38.19,358.01,-81.49,-161.55
52.40153,-1.505621,158.07,4.24,3,198.79,21 / 22,114729,2019-09-06 18:18:01:411,1.5732,-0.3161,9.752,-0.0137,-0.0119,9.8066,-0.0336,0.1958,0.057,-14.44,-27.19,37.88,0.31,-81.57,-159.49
52.40153,-1.505621,158.07,4.24,3,198.79,21 / 22,114828,2019-09-06 18:18:01:510,1.388,0.2497,9.494,-0.0109,0.0031,9.8066,0.0362,0.209,0.0917,-15.25,-28.06,37.75,0.09,-81.62,-158.37
52.40153,-1.505621,158.07,4.24,3,198.79,21 / 22,114928,2019-09-06 18:18:01:610,0.4405,-0.3234,10.0846,-0.0183,0.023,9.8065,0.1174,0.206,-0.0269,-15.12,-28,37.56,1.27,-81.49,-157.33
52.40153,-1.505621,158.07,4.24,3,198.79,21 / 22,115028,2019-09-06 18:18:01:710,0.915,0.3925,9.9891,-0.0108,0.0055,9.8066,0.0038,0.1691,0.0183,-15.56,-27.62,37.19,0.48,-81.55,-156.19
52.40153,-1.505621,158.07,4.24,3,198.79,21 / 22,115129,2019-09-06 18:18:01:811,0.7726,-0.3995,9.5526,-0.0121,-0.0147,9.8066,0.0093,0.1485,-0.0354,-15.62,-27.25,37.38,1.9,-81.41,-154.92
52.40153,-1.505621,158.07,4.24,3,198.79,21 / 22,115229,2019-09-06 18:18:01:911,1.1859,0.3539,10.2814,0.0016,-0.0205,9.8066,-0.063,0.1708,-0.0414,-15.5,-27.25,38.06,4.13,-81.32,-154.79
52.40153,-1.505621,158.07,4.24,3,198.79,21 / 22,115328,2019-09-06 18:18:02:010,1.2445,-0.0965,10.0719,0.0045,-0.002,9.8066,-0.0319,0.0892,0.0121,-15.5,-27.87,37.5,3.78,-81.39,-155.11
52.40153,-1.505621,158.07,4.24,3,198.79,20 / 22,115429,2019-09-06 18:18:02:111,0.4851,-0.3769,10.2501,-0.0018,-0.0059,9.8066,-0.0975,0.0809,-0.0158,-16.06,-27,38.25,2.65,-81.39,-154.81
52.40153,-1.505621,158.07,4.24,3,198.79,20 / 22,115528,2019-09-06 18:18:02:210,0.2832,0.6879,10.076,-0.0077,0.002,9.8066,0.0133,0.1786,-0.0679,-16,-27.69,38.13,3.25,-81.43,-154.28
52.40153,-1.505621,158.07,4.24,3,198.79,20 / 22,115628,2019-09-06 18:18:02:310,0.9014,0.1644,10.1423,0.0013,0.0069,9.8066,-0.0176,0.1215,-0.0441,-16.87,-27.62,37.63,1.83,-81.43,-154.27
52.40153,-1.505621,158.07,4.24,3,198.79,20 / 22,115728,2019-09-06 18:18:02:410,0.5165,-0.438,9.9987,-0.0047,0.0101,9.8065,0.0172,0.0432,0.0437,-16.31,-27.19,37.75,2.82,-81.58,-154.64
52.40153,-1.505621,158.07,4.24,3,198.79,20 / 22,115828,2019-09-06 18:18:02:510,-0.267,0.1747,10.2589,-0.0105,0.0039,9.8066,-0.0051,0.0276,-0.0758,-16.81,-27.12,37.69,2.06,-81.57,-154.06
52.40153,-1.505621,158.07,4.24,3,198.79,20 / 22,115929,2019-09-06 18:18:02:611,0.836,0.2436,9.9093,0.003,-0.0006,9.8066,0.0242,0.0187,0.0785,-17,-26.25,37.56,2.4,-81.62,-153.74
52.40153,-1.505621,158.07,4.24,3,198.79,20 / 22,116029,2019-09-06 18:18:02:711,-0.1007,-0.2457,9.8689,-0.0087,-0.003,9.8066,-0.017,0.0622,-0.0704,-16.75,-27.44,36.75,2.41,-81.63,-153.17
52.40153,-1.505621,158.07,4.24,3,198.79,20 / 22,116129,2019-09-06 18:18:02:811,-0.1787,-1.1962,9.5702,0.011,-0.0003,9.8066,-0.0047,0.1144,-0.015,-17.37,-26.69,36.56,1.84,-81.73,-153.67
52.40153,-1.505621,158.07,4.24,3,198.79,20 / 22,116228,2019-09-06 18:18:02:910,0.8554,-0.2739,9.7112,0.0147,-0.0086,9.8066,-0.039,0.0543,-0.0064,-17.19,-27.5,37,0.2,-81.86,-155.14
52.40153,-1.505621,158.07,4.24,3,198.79,20 / 22,116329,2019-09-06 18:18:03:011,-1.0553,0.4534,10.6576,0.0071,0.0164,9.8066,-0.0043,-0.0593,-0.0067,-16.94,-27.25,36.13,358.66,-81.88,-155.92
52.40153,-1.505621,158.07,4.24,3,198.79,21 / 22,116429,2019-09-06 18:18:03:111,0.575,-0.1284,10.0915,-0.0011,0.0212,9.8065,0.0965,0.1155,0.0348,-16.56,-27.25,37.44,358.53,-81.92,-156.64
52.40153,-1.505621,158.07,4.24,3,198.79,21 / 22,116528,2019-09-06 18:18:03:210,0.6774,-0.0158,9.5385,-0.0094,0.01,9.8066,0.0853,0.0318,-0.0468,-16.56,-27.06,36.44,357.03,-81.86,-157.38
52.40153,-1.505621,158.07,4.24,3,198.79,21 / 22,116629,2019-09-06 18:18:03:311,-0.067,-0.7225,9.4824,0.0072,0.0175,9.8065,0.0793,-0.0872,-0.0153,-16.5,-26.87,36.81,358.92,-81.84,-157.58
52.40153,-1.505621,158.07,4.24,3,198.79,21 / 22,116728,2019-09-06 18:18:03:410,0.1805,0.3691,9.8024,0.002,-0.0031,9.8066,-0.0798,0.0344,0.0172,-17.06,-26.94,35.81,356,-81.86,-158.3
52.40153,-1.505621,158.07,4.24,3,198.79,21 / 22,116829,2019-09-06 18:18:03:511,-1.634,-0.8642,9.2108,-0.0209,0.0248,9.8066,-0.2509,-0.1431,0.0823,-16.56,-26.87,36.25,356.78,-81.98,-157.6
52.40153,-1.505621,158.07,4.24,3,198.79,21 / 22,116929,2019-09-06 18:18:03:611,-0.4442,-0.2876,10.5479,-0.0101,0.0489,9.8064,0.3738,0.0693,-0.0336,-17.19,-27.5,35.5,356.62,-82.06,-157.75
52.40153,-1.505621,158.07,4.24,3,198.79,21 / 22,117028,2019-09-06 18:18:03:710,0.4709,-1.1941,10.4306,-0.0401,0.0639,9.8063,0.2287,0.0459,0.0428,-16.69,-26.69,36.88,356.49,-81.98,-158.47
52.40153,-1.505621,158.07,4.24,3,198.79,21 / 22,117129,2019-09-06 18:18:03:811,-1.8076,-0.301,9.5373,-0.006,-0.0298,9.8065,0.1706,0.0678,-0.1937,-17.31,-27.12,35.94,355.7,-81.57,-158.55
52.40153,-1.505621,158.07,4.24,3,198.79,21 / 22,117229,2019-09-06 18:18:03:911,0.6421,0.1028,10.4381,-0.0074,0.0499,9.8064,0.1371,-0.0201,0.0784,-16.94,-27.19,36.25,354.92,-81.7,-159.26
52.40153,-1.505621,158.07,4.24,3,198.79,21 / 22,117328,2019-09-06 18:18:04:010,1.0678,-1.5992,9.8769,0.0102,-0.0357,9.8066,0.0083,-0.0039,-0.0791,-17.44,-27.5,35.5,354.56,-81.76,-159.58
52.40153,-1.505621,158.07,4.24,3,198.79,20 / 23,117428,2019-09-06 18:18:04:110,-0.1705,-0.8085,9.6013,0.0138,0.0034,9.8065,0.0387,-0.0481,-0.0219,-17,-27.37,36.38,353.99,-81.78,-160.09
52.40153,-1.505621,158.07,4.24,3,198.79,20 / 23,117528,2019-09-06 18:18:04:210,1.1123,-0.7942,10.0245,0.004,0.005,9.8065,0.1057,0.0586,-0.0967,-17.19,-27.31,36.31,353.12,-81.73,-160.86
52.40153,-1.505621,158.07,4.24,3,198.79,20 / 23,117629,2019-09-06 18:18:04:311,-0.6772,-0.2152,9.7959,0.0119,0.0113,9.8066,0.0807,-0.0237,0.0681,-16.25,-26.75,36.69,353.6,-81.7,-162.33
52.40153,-1.505621,158.07,4.24,3,198.79,20 / 23,117728,2019-09-06 18:18:04:410,0.2653,0.0407,10.0858,0.0107,-0.005,9.8066,-0.048,-0.0257,-0.0262,-16.94,-27.19,36.06,350.63,-81.56,-163.07
52.40153,-1.505621,158.07,4.24,3,198.79,20 / 23,117829,2019-09-06 18:18:04:511,0.3903,0.3878,10.3035,0.0095,0.0074,9.8066,0.0404,0.0028,0.008,-16.31,-26.94,36.5,352.12,-81.65,-163.64
52.40153,-1.505621,158.07,4.24,3,198.79,20 / 23,117929,2019-09-06 18:18:04:611,0.0638,0.1533,10.0517,-0.0027,0.012,9.8066,0.0293,-0.0047,-0.0367,-16.75,-26.94,36.13,349.13,-81.7,-164.42
52.40153,-1.505621,158.07,4.24,3,198.79,20 / 23,118028,2019-09-06 18:18:04:710,0.2255,-0.0405,9.4285,-0.008,0.0299,9.8066,0.0475,0.0541,-0.0365,-16.75,-28.06,36.75,349.47,-81.87,-164.73
52.40153,-1.505621,158.07,4.24,3,198.79,20 / 23,118128,2019-09-06 18:18:04:810,0.9739,0.3627,9.8531,0.0077,-0.0094,9.8066,-0.0045,0.0511,-0.0123,-17.06,-27.44,35.94,347.79,-81.86,-165.65
52.40153,-1.505621,158.07,4.24,3,198.79,20 / 23,118228,2019-09-06 18:18:04:910,-0.3065,0.7677,10.5978,0.0033,-0.0123,9.8066,-0.031,0.0262,-0.0256,-16.44,-27.25,37,350.26,-81.85,-165.34
52.40153,-1.505621,158.07,4.24,3,198.79,20 / 23,118329,2019-09-06 18:18:05:011,-0.911,-0.4439,10.0585,0.0141,-0.0217,9.8066,-0.0805,0.0816,-0.0766,-17.06,-27,36.13,346.97,-81.89,-166.39
52.40153,-1.505621,158.07,4.24,3,198.79,20 / 21,118428,2019-09-06 18:18:05:110,0.6594,-0.578,9.8586,0.007,-0.0041,9.8065,0.0427,-0.0184,0.046,-16.37,-27.19,36.44,347.81,-81.88,-166.93
52.40153,-1.505621,158.07,4.24,3,198.79,20 / 21,118528,2019-09-06 18:18:05:210,0.8468,-0.1135,9.7328,0.0132,0.0071,9.8066,0.0316,-0.044,-0.0396,-17.19,-26.94,35.69,345.25,-81.84,-167.93
52.40153,-1.505621,158.07,4.24,3,198.79,20 / 21,118628,2019-09-06 18:18:05:310,-0.7946,-0.898,9.9588,0.0116,0.0233,9.8065,-0.0525,-0.0669,0.0217,-16.25,-27.5,35.94,347.04,-81.79,-167.61
52.40153,-1.505621,158.07,4.24,3,198.79,20 / 21,118728,2019-09-06 18:18:05:410,0.9833,-0.4483,9.0645,0.0047,0.0052,9.8066,-0.0418,0.142,-0.0303,-16.19,-27.5,35.94,345.34,-81.91,-169.16
52.40153,-1.505621,158.07,4.24,3,198.79,20 / 21,118829,2019-09-06 18:18:05:511,0.3734,0.1646,10.4242,-0.0194,-0.0017,9.8065,0.0329,0.0461,-0.122,-16.5,-27.37,35.88,345.35,-81.96,-169.16
52.40153,-1.505621,158.07,4.24,3,198.79,20 / 21,118929,2019-09-06 18:18:05:611,0.3088,-0.6351,10.6659,-0.0049,0.0348,9.8065,-0.0612,-0.013,0.0201,-16.37,-27.5,35.88,344.22,-82.01,-170.19
52.40153,-1.505621,158.07,4.24,3,198.79,20 / 21,119028,2019-09-06 18:18:05:710,0.6747,-0.8899,9.9439,0.0174,-0.0175,9.8066,-0.051,0.0292,0.0412,-16.31,-27.87,36.56,343.39,-81.88,-171.46
52.40153,-1.505621,158.07,4.24,3,198.79,20 / 21,119129,2019-09-06 18:18:05:811,0.0267,-0.4778,9.8487,-0.0056,0.0138,9.8066,0.1671,0.0232,0.0748,-15.94,-27.69,36.06,342.45,-82,-171.71
52.40153,-1.505621,158.07,4.24,3,198.79,20 / 21,119229,2019-09-06 18:18:05:911,-0.9197,-1.7154,10.1033,0.0166,-0.0281,9.8065,-0.0715,0.0875,-0.2438,-16.87,-27.75,36.75,342.49,-81.88,-170.99
52.40153,-1.505621,158.07,4.24,3,198.79,20 / 21,119329,2019-09-06 18:18:06:011,0.6098,0.323,9.9413,0.0132,0.0086,9.8066,0.0529,0.0892,0.0365,-16.31,-27.62,35.5,341.51,-81.88,-172.53
52.40153,-1.505621,158.07,4.24,3,198.79,20 / 23,119428,2019-09-06 18:18:06:110,0.4766,0.6485,9.5687,-0.0087,0.0075,9.8066,-0.0214,0.0465,0.0058,-16.69,-27.81,35.56,340.04,-81.96,-172.58
52.40153,-1.505621,158.07,4.24,3,198.79,20 / 23,119529,2019-09-06 18:18:06:211,0.2431,-0.3509,9.8157,0.0041,-0.0042,9.8066,0.0727,0.0203,-0.0182,-16.94,-27.75,35.56,340.04,-81.95,-172.57
52.40153,-1.505621,158.07,4.24,3,198.79,20 / 23,119629,2019-09-06 18:18:06:311,-0.173,0.396,9.7384,0.0053,-0.009,9.8066,-0.0576,0.0008,0.0006,-17.44,-27.44,36.38,339.77,-81.87,-172.86
52.40153,-1.505621,158.07,4.24,3,198.79,20 / 23,119729,2019-09-06 18:18:06:411,-0.4856,0.1047,10.1157,0.0015,-0.0063,9.8066,-0.0129,-0.0273,-0.0215,-17,-27.81,36.44,339.93,-81.89,-172.65
52.40153,-1.505621,158.07,4.24,3,198.79,20 / 23,119828,2019-09-06 18:18:06:510,0.3146,0.2772,10.25,0.0066,-0.0063,9.8066,0.071,0.0449,0.0074,-16.56,-27.75,36.75,340.44,-81.98,-172.86
52.40153,-1.505621,158.07,4.24,3,198.79,20 / 23,119928,2019-09-06 18:18:06:610,1.9337,-1.0519,9.5078,0.0047,-0.0036,9.8066,-0.045,0.0397,0.0288,-16.94,-27.56,35.75,339.43,-81.95,-173.12
52.40153,-1.505621,158.07,4.24,3,198.79,20 / 23,120029,2019-09-06 18:18:06:711,-0.9101,0.2514,9.7157,-0.0119,0.0052,9.8066,0.0022,0.0367,0.0059,-16.81,-27.75,35.75,340.15,-81.91,-172.46
52.40153,-1.505621,158.07,4.24,3,198.79,20 / 23,120129,2019-09-06 18:18:06:811,0.891,0.6443,9.3336,-0.0062,0.0082,9.8066,-0.0649,0.0519,0.0191,-16.5,-27.19,35.56,341.57,-81.81,-172.52
52.40153,-1.505621,158.07,4.24,3,198.79,20 / 23,120228,2019-09-06 18:18:06:910,0.7001,-0.8011,9.5664,-0.0037,0.0011,9.8066,0.0986,0.0107,0.0124,-16.75,-28.12,35.75,340.88,-81.69,-171.75
52.40153,-1.505621,158.07,4.24,3,198.79,20 / 23,120329,2019-09-06 18:18:07:011,0.3079,-0.1864,10.0847,-0.0003,-0.0073,9.8066,0.0578,-0.0192,0.0423,-16.87,-27.87,36.13,341.24,-81.6,-171.4
52.40153,-1.505621,158.07,4.24,3,198.79,20 / 22,120430,2019-09-06 18:18:07:112,0.3262,-1.098,10.0839,0.0073,-0.0162,9.8066,-0.1433,0.0646,-0.012,-17.12,-27.75,36.38,342.72,-81.56,-170.07
52.40153,-1.505621,158.07,4.24,3,198.79,20 / 22,120528,2019-09-06 18:18:07:210,0.0636,0.4026,9.7448,0.0005,-0.0291,9.8065,-0.102,-0.0341,0.0262,-16.94,-27.44,36.44,343.27,-81.53,-169.63
52.40153,-1.505621,158.07,4.24,3,198.79,20 / 22,120629,2019-09-06 18:18:07:311,1.3568,-2.9082,11.5006,0.0221,-0.0332,9.8065,0.0331,-0.0617,-0.0053,-17.69,-27.94,36.69,343.51,-81.35,-168.7
52.40153,-1.505621,158.07,4.24,3,198.79,20 / 22,120729,2019-09-06 18:18:07:411,0.7761,-2.9208,9.5781,0.0209,-0.0164,9.8065,0.2214,-0.0378,0.055,-18.06,-27.94,35.69,342.53,-81.48,-168.95
52.40153,-1.505621,158.07,4.24,3,198.79,20 / 22,120828,2019-09-06 18:18:07:510,2.0608,-4.9887,10.9699,0.0315,-0.0314,9.8065,-0.07,0.0232,0.0338,-16.94,-27.81,36.44,343.84,-81.54,-169.07
52.40153,-1.505621,158.07,4.24,3,198.79,20 / 22,120928,2019-09-06 18:18:07:610,0.2254,1.6788,10.3419,-0.0062,0.0076,9.8065,-0.0239,0.12,-0.0608,-17.56,-27.37,36.31,341.43,-81.59,-170.03
52.40153,-1.505621,158.07,4.24,3,198.79,20 / 22,121029,2019-09-06 18:18:07:711,-0.2389,0.0025,10.2796,0.0061,0.0002,9.8066,0.015,-0.0045,-0.0093,-17.44,-27.87,36.38,342.16,-81.69,-170.6
52.40153,-1.505621,158.07,4.24,3,198.79,20 / 22,121129,2019-09-06 18:18:07:811,0.0917,-0.4114,10.0689,0.0022,-0.0192,9.8065,-0.0256,0.0502,-0.0374,-17.56,-27.69,36.56,341.23,-81.55,-170.79
52.40153,-1.505621,158.07,4.24,3,198.79,20 / 22,121228,2019-09-06 18:18:07:910,-0.0951,0.0431,9.9311,-0.003,-0.0052,9.8066,0.0482,-0.0413,0.0603,-18,-27.5,35.81,341.32,-81.4,-170.08
52.40153,-1.505621,158.07,4.24,3,198.79,20 / 22,121328,2019-09-06 18:18:08:010,0.5385,-0.0329,9.4082,-0.0125,0.0039,9.8066,-0.0935,0.0568,-0.0225,-17.75,-28.25,36.25,341.99,-81.41,-169.42
52.40153,-1.505621,158.07,4.24,3,198.79,20 / 22,121429,2019-09-06 18:18:08:111,-1.3988,1.1751,9.3438,-0.0193,0.0201,9.8066,-0.0673,-0.0534,0.0045,-18,-28,35.69,343.17,-81.64,-168.41
52.40153,-1.505621,158.07,4.24,3,198.79,20 / 22,121528,2019-09-06 18:18:08:210,-0.216,0.9497,9.7933,-0.0023,0.0105,9.8066,-0.0543,0.034,-0.0255,-17.62,-27.81,35.56,343.98,-81.88,-167.74
52.40153,-1.505621,158.07,4.24,3,198.79,20 / 22,121628,2019-09-06 18:18:08:310,-0.4214,-0.1424,9.8928,0.0113,-0.0129,9.8066,-0.0057,-0.0081,-0.0719,-17.19,-27.81,35.44,343.79,-81.83,-168.51
52.40153,-1.505621,158.07,4.24,3,198.79,20 / 22,121729,2019-09-06 18:18:08:411,0.7928,1.8806,8.6128,0.0122,-0.0057,9.8066,0.1449,0.0205,0.028,-17.94,-27.75,35.44,341.53,-81.76,-169.23
52.40153,-1.505621,158.07,4.24,3,198.79,20 / 22,121828,2019-09-06 18:18:08:510,-1.8375,0.7131,11.4272,-0.0055,0.0106,9.8066,-0.063,-0.0244,-0.0467,-18.19,-29.06,36.06,343.34,-81.7,-168.22
52.40153,-1.505621,158.07,4.24,3,198.79,20 / 22,121929,2019-09-06 18:18:08:611,3.1351,0.8693,9.1594,0.001,0.0312,9.8065,-0.0331,0.0103,0.035,-17.62,-28.12,36.5,342.73,-81.8,-169.51
52.40153,-1.505621,158.07,4.24,3,198.79,20 / 22,122029,2019-09-06 18:18:08:711,-1.0091,-1.335,10.1067,0.0305,-0.0698,9.8063,-0.0446,-0.0831,0.029,-17.31,-27.25,36.06,343.91,-81.66,-169.09
52.40153,-1.505621,158.07,4.24,3,198.79,20 / 22,122128,2019-09-06 18:18:08:810,-0.9094,-0.8121,9.3143,0.0123,0.001,9.8065,0.0797,-0.1132,0.0529,-18.06,-28.06,36.06,341.7,-81.52,-169.7
52.40153,-1.505621,158.07,4.24,3,198.79,20 / 22,122229,2019-09-06 18:18:08:911,-1.1963,0.3205,10.3543,-0.0062,0.0106,9.8065,0.0687,-0.0143,0.0255,-17.31,-27.25,36.13,344.06,-81.59,-168.94
52.40153,-1.505621,158.07,4.24,3,198.79,20 / 22,122328,2019-09-06 18:18:09:010,0.3646,-0.5581,9.6801,-0.0145,0.04,9.8065,-0.1977,-0.0428,-0.019,-17.94,-27.94,36,342.42,-81.9,-169.15
52.400803,-1.505377,159.19,11.67,3,162.2,20 / 22,122429,2019-09-06 18:18:09:111,-0.0174,-0.4902,9.4317,-0.0286,0.0404,9.8065,0.1961,0.0161,-0.025,-17.87,-28.25,36.38,341.73,-81.62,-169.7
52.400803,-1.505377,159.19,11.67,3,162.2,20 / 22,122529,2019-09-06 18:18:09:211,-2.5178,-0.6501,10.06,-0.0012,-0.0036,9.8066,0.0204,0.1408,-0.0215,-17.5,-27.94,35.75,343.44,-81.68,-169.46
52.400803,-1.505377,159.19,11.67,3,162.2,20 / 22,122628,2019-09-06 18:18:09:310,-0.5016,0.856,10.0622,-0.0163,0.0274,9.8066,0.1473,-0.0619,0.0578,-16.81,-28.12,36.38,342.84,-81.78,-170.02
52.400803,-1.505377,159.19,11.67,3,162.2,20 / 22,122729,2019-09-06 18:18:09:411,-0.915,-1.2033,9.3997,0.0209,-0.0038,9.8065,-0.0279,-0.1012,0.0283,-17.31,-28,36.63,343.01,-81.72,-170.49
52.400803,-1.505377,159.19,11.67,3,162.2,20 / 22,122829,2019-09-06 18:18:09:511,0.2602,0.3506,9.5659,0.0225,-0.0104,9.8066,-0.0364,0.0231,-0.0466,-17.69,-28.75,35.63,339.84,-81.79,-171.37
52.400803,-1.505377,159.19,11.67,3,162.2,20 / 22,122929,2019-09-06 18:18:09:611,-0.6541,-1.1283,9.1815,0.0031,0.0114,9.8066,0.0383,-0.0627,-0.0072,-17.62,-28.25,36.06,339.13,-81.85,-172.1
52.400803,-1.505377,159.19,11.67,3,162.2,20 / 22,123029,2019-09-06 18:18:09:711,-0.7143,-0.2378,9.4588,0.0181,0.0109,9.8066,-0.0699,-0.1057,-0.0139,-17,-27.62,36.31,339.1,-81.84,-173.39
52.400803,-1.505377,159.19,11.67,3,162.2,20 / 22,123129,2019-09-06 18:18:09:811,0.4354,0.381,8.8837,-0.0084,0.0431,9.8065,-0.0185,-0.0269,-0.0434,-17.06,-28.25,35.38,337.69,-82,-174.02
52.400803,-1.505377,159.19,11.67,3,162.2,20 / 22,123229,2019-09-06 18:18:09:911,0.2356,-1.35,9.4502,-0.0075,0.0352,9.8065,0.1139,-0.0154,0.027,-16.12,-28.62,35.25,338.38,-82.57,-174.82
52.400803,-1.505377,159.19,11.67,3,162.2,20 / 22,123329,2019-09-06 18:18:10:011,-0.3431,-1.1021,10.6082,-0.0089,0.0482,9.8065,0.2339,-0.0304,-0.0149,-16.19,-28.06,34.38,336.76,-82.95,-175.82
52.400803,-1.505377,159.19,11.67,3,162.2,20 / 22,123429,2019-09-06 18:18:10:111,-0.1996,-0.8554,10.0081,-0.0132,0.0469,9.8065,0.2669,-0.0053,-0.0111,-15.87,-29.19,34.94,336.69,-82.97,-176.49
52.400803,-1.505377,159.19,11.67,3,162.2,20 / 22,123529,2019-09-06 18:18:10:211,-2.0286,-0.7483,10.2414,0.0228,-0.0351,9.8066,-0.084,-0.1327,0.0211,-16.19,-28.56,34.94,334.86,-82.98,-178.16
52.400803,-1.505377,159.19,11.67,3,162.2,20 / 22,123628,2019-09-06 18:18:10:310,0.6968,-0.879,9.6578,0,0.0424,9.8065,0.0769,0.0281,-0.0822,-15.31,-28.81,34.81,335.45,-83.25,-179.07
52.400803,-1.505377,159.19,11.67,3,162.2,20 / 22,123728,2019-09-06 18:18:10:410,-0.3744,0.2023,10.8436,0.0203,-0.0345,9.8065,-0.0916,-0.0298,0.0114,-15.81,-29,34.25,330.69,-83.49,178.51
52.400803,-1.505377,159.19,11.67,3,162.2,20 / 22,123829,2019-09-06 18:18:10:511,1.0873,-0.0719,9.7724,0.0121,-0.0131,9.8066,-0.0394,0.0339,-0.0895,-15.62,-28.94,34.38,330.04,-83.33,177.98
52.400803,-1.505377,159.19,11.67,3,162.2,20 / 22,123929,2019-09-06 18:18:10:611,-0.3676,-0.1302,10.0281,0.004,-0.001,9.8066,0.0436,0.0323,-0.0115,-15.44,-29.12,35.06,331.61,-83.17,177.45
52.400803,-1.505377,159.19,11.67,3,162.2,20 / 22,124029,2019-09-06 18:18:10:711,0.632,1.0298,9.2895,0.0108,-0.0099,9.8066,-0.0697,0.046,-0.0099,-15.12,-28.44,34.44,330.17,-83.01,176.78
52.400803,-1.505377,159.19,11.67,3,162.2,20 / 22,124128,2019-09-06 18:18:10:810,-1.4182,-1.3361,11.1187,-0.0071,-0.0166,9.8066,0.0183,0.063,-0.0648,-15.81,-29.25,34.75,330.88,-82.93,178.22
52.400803,-1.505377,159.19,11.67,3,162.2,20 / 22,124229,2019-09-06 18:18:10:911,0.7844,1.54,9.3223,0.0211,-0.0085,9.8066,0.0678,0.1587,0.0051,-15.5,-29.06,34.81,330.9,-83.06,176.85
52.400803,-1.505377,159.19,11.67,3,162.2,20 / 22,124329,2019-09-06 18:18:11:011,-0.8827,-1.3331,10.6123,-0.0134,0.0003,9.8066,0.0038,0.0275,-0.1114,-15.44,-28.94,35.75,331.48,-83.05,176.74
52.400803,-1.505377,159.19,11.67,3,162.2,20 / 23,124429,2019-09-06 18:18:11:111,1.7512,1.6928,8.6378,0.0005,0.0034,9.8066,0.1152,0.178,-0.1034,-15.44,-29.37,35.44,330.54,-83.18,176.46
52.400803,-1.505377,159.19,11.67,3,162.2,20 / 23,124528,2019-09-06 18:18:11:210,0.1244,-0.3982,9.5237,-0.0052,0.0337,9.8065,-0.013,-0.0414,-0.0188,-15.44,-28.75,35.31,328.48,-83.24,174.55
52.400803,-1.505377,159.19,11.67,3,162.2,20 / 23,124629,2019-09-06 18:18:11:311,1.7507,-0.9386,9.3975,-0.0049,0.0174,9.8066,-0.0331,-0.0037,-0.054,-15.25,-29.19,34.69,327.48,-83.28,173.61
52.400803,-1.505377,159.19,11.67,3,162.2,20 / 23,124729,2019-09-06 18:18:11:411,-0.1781,-0.1238,9.1504,0.0076,-0.0018,9.8066,-0.1039,0.0257,-0.0923,-15.12,-28.94,35.56,326.62,-83.31,172.16
52.400803,-1.505377,159.19,11.67,3,162.2,20 / 23,124829,2019-09-06 18:18:11:511,-0.183,-1.1552,8.0915,0.0298,-0.0109,9.8066,0.0264,-0.1568,0.2167,-14.94,-28.87,35,323.52,-83.27,169.95
52.400803,-1.505377,159.19,11.67,3,162.2,20 / 23,124929,2019-09-06 18:18:11:611,0.9362,0.4456,8.6735,-0.0226,0.0058,9.8065,-0.1068,0.1514,-0.0921,-15.06,-29.31,34.25,325.14,-83.43,172.05
52.400803,-1.505377,159.19,11.67,3,162.2,20 / 23,125029,2019-09-06 18:18:11:711,1.2801,2.9864,8.8929,0.0066,-0.0138,9.8065,-0.2232,0.1292,-0.0287,-15.37,-29.37,34.81,325.34,-83.48,171.54
52.400803,-1.505377,159.19,11.67,3,162.2,20 / 23,125129,2019-09-06 18:18:11:811,-0.8961,-0.5773,10.0098,-0.0247,0.0209,9.8065,-0.0734,0.1157,-0.0197,-15.44,-28.87,34.44,326.86,-83.91,173.42
52.400803,-1.505377,159.19,11.67,3,162.2,20 / 23,125228,2019-09-06 18:18:11:910,0.4312,0.8632,8.926,-0.0092,0.0023,9.8066,-0.0367,0.0184,0.0581,-15.31,-29.25,34.19,327.05,-83.96,173.56
52.400803,-1.505377,159.19,11.67,3,162.2,20 / 23,125329,2019-09-06 18:18:12:011,0.3835,0.0194,10.4975,-0.005,-0.0204,9.8066,0.0191,-0.0344,-0.029,-15.19,-29.19,34.88,329.32,-83.84,175.05
52.400803,-1.505377,159.19,11.67,3,162.2,20 / 22,125428,2019-09-06 18:18:12:110,-0.693,-0.5321,9.9363,-0.0072,0.0061,9.8066,0.1306,-0.0289,0.0695,-15.31,-28.81,34.56,330.81,-83.79,176.46
52.400803,-1.505377,159.19,11.67,3,162.2,20 / 22,125529,2019-09-06 18:18:12:211,0.4726,-1.0247,10.3294,0.0109,-0.0184,9.8066,-0.0022,0.0136,0.0426,-15.94,-28.44,34.06,329.86,-83.48,177.67
52.400803,-1.505377,159.19,11.67,3,162.2,20 / 22,125629,2019-09-06 18:18:12:311,0.0697,-0.4031,10.9187,-0.0113,-0.0219,9.8066,0.0284,0.0645,-0.0258,-15.5,-29.56,34.75,333.56,-83.47,179.2
52.400803,-1.505377,159.19,11.67,3,162.2,20 / 22,125729,2019-09-06 18:18:12:411,0.3141,1.2403,9.4045,-0.0017,0.0214,9.8065,0.0749,0.0171,0.0653,-15.44,-29.31,34.88,331.56,-83.64,177.21
52.400803,-1.505377,159.19,11.67,3,162.2,20 / 22,125828,2019-09-06 18:18:12:510,-0.9697,-0.506,10.0186,-0.0286,0.0434,9.8065,0.1281,-0.069,-0.0413,-15.56,-29,34.56,330.48,-83.74,177.52
52.400803,-1.505377,159.19,11.67,3,162.2,20 / 22,125929,2019-09-06 18:18:12:611,0.1926,0.4537,9.8649,0.0222,-0.0119,9.8066,-0.0019,-0.0398,-0.0166,-15.5,-29.69,34.44,331.01,-83.82,177.37
52.400803,-1.505377,159.19,11.67,3,162.2,20 / 22,126029,2019-09-06 18:18:12:711,-1.3786,-0.0641,9.8729,0.0032,0.0379,9.8066,0.0344,-0.04,-0.0039,-15.69,-29.56,34.13,326.98,-83.86,175
52.400803,-1.505377,159.19,11.67,3,162.2,20 / 22,126129,2019-09-06 18:18:12:811,-0.576,0.8241,9.4792,0.041,0.0135,9.8065,-0.0207,-0.0188,0.0863,-15.56,-28.75,33.56,321.08,-83.87,169.41
52.400803,-1.505377,159.19,11.67,3,162.2,20 / 22,126229,2019-09-06 18:18:12:911,-0.4096,0.5329,10.4952,-0.0013,-0.0083,9.8066,-0.0261,0.0593,-0.1056,-15.12,-29.25,34.06,322.41,-83.98,169.24
52.400803,-1.505377,159.19,11.67,3,162.2,20 / 22,126330,2019-09-06 18:18:13:012,1.2407,0.0401,10.9628,0.0359,-0.0133,9.8065,0.0687,0.065,0.036,-15.12,-28.44,34.06,318.45,-83.73,165.57
52.400803,-1.505377,159.19,11.67,3,162.2,20 / 21,126429,2019-09-06 18:18:13:111,-0.592,0.5168,9.2338,0.0119,-0.0335,9.8065,-0.0219,0.0626,0.0326,-14.94,-28.19,34.56,319.04,-83.52,165.54
52.400803,-1.505377,159.19,11.67,3,162.2,20 / 21,126528,2019-09-06 18:18:13:210,0.6915,0.918,9.7487,-0.0287,0.0512,9.8064,0.1047,0.1694,-0.128,-15.94,-28.81,33.88,317.57,-83.26,166.49
52.400803,-1.505377,159.19,11.67,3,162.2,20 / 21,126629,2019-09-06 18:18:13:311,1.1976,-0.0165,9.9008,0.005,0.0456,9.8065,0.2073,-0.0061,0.0476,-15,-29.12,33.69,315.85,-83.71,163.26
52.400803,-1.505377,159.19,11.67,3,162.2,20 / 21,126729,2019-09-06 18:18:13:411,0.4556,2.0456,10.5089,-0.0186,0.0038,9.8066,-0.0788,0.1166,-0.054,-15.69,-28.69,34.06,315.62,-83.84,164.32
52.400803,-1.505377,159.19,11.67,3,162.2,20 / 21,126828,2019-09-06 18:18:13:510,0.2409,0.3049,9.0214,0.0081,0.0288,9.8066,0.0899,0.0152,-0.0264,-14.69,-28.81,34.38,316.01,-83.77,163.37
52.400803,-1.505377,159.19,11.67,3,162.2,20 / 21,126928,2019-09-06 18:18:13:610,-0.9477,0.5759,9.6213,-0.0192,0.0077,9.8066,0.0557,0.058,-0.0928,-14.94,-29.81,34.5,316.25,-83.6,163.12
52.400803,-1.505377,159.19,11.67,3,162.2,20 / 21,127029,2019-09-06 18:18:13:711,-0.8583,0.9397,9.0414,-0.0118,0.0452,9.8065,0.097,0.0098,0.043,-14.62,-29.31,33.94,315.29,-83.82,162.66
52.400803,-1.505377,159.19,11.67,3,162.2,20 / 21,127128,2019-09-06 18:18:13:810,0.6028,0.4903,9.2391,0.0022,0.0159,9.8066,-0.1838,-0.0443,0.046,-15,-29.44,34.38,314.79,-83.93,162.12
52.400803,-1.505377,159.19,11.67,3,162.2,20 / 21,127229,2019-09-06 18:18:13:911,-1.993,1.6692,10.1761,0.006,-0.0205,9.8065,-0.0951,-0.0387,0.0508,-15.12,-29.94,34.06,315.05,-83.95,162.47
52.400803,-1.505377,159.19,11.67,3,162.2,20 / 21,127328,2019-09-06 18:18:14:010,-1.5396,0.6566,9.8947,-0.0027,0.0355,9.8065,0.1447,-0.0479,-0.0556,-15.69,-29.62,33.94,312.7,-84.01,161.58
52.400803,-1.505377,159.19,11.67,3,162.2,20 / 22,127429,2019-09-06 18:18:14:111,2.1211,0.4489,9.0668,-0.0027,0.017,9.8066,0.1734,0.2204,0.0354,-15.44,-28.81,33.81,313.44,-83.78,160.94
52.400803,-1.505377,159.19,11.67,3,162.2,20 / 22,127528,2019-09-06 18:18:14:210,-1.7073,0.85,10.0656,-0.0116,-0.0202,9.8066,-0.0787,0.1206,-0.0675,-15.31,-29.75,34.06,312.79,-83.77,160.46
52.400803,-1.505377,159.19,11.67,3,162.2,20 / 22,127629,2019-09-06 18:18:14:311,-1.407,1.9136,10.3365,0.0064,0.0044,9.8066,0.0426,-0.0216,-0.0061,-15.44,-29.5,34,313.83,-83.7,161.37
52.400803,-1.505377,159.19,11.67,3,162.2,20 / 22,127728,2019-09-06 18:18:14:410,-0.0167,0.7725,9.91,0.0216,-0.0044,9.8065,-0.037,-0.0156,0.012,-15.81,-29.12,34,311.68,-83.46,160.84
52.400803,-1.505377,159.19,11.67,3,162.2,20 / 22,127829,2019-09-06 18:18:14:511,0.5001,0.8428,9.288,0.0015,-0.0126,9.8065,-0.0696,-0.0291,-0.0292,-15.75,-29.37,34.69,312.93,-83.42,161.33
52.400803,-1.505377,159.19,11.67,3,162.2,20 / 22,127929,2019-09-06 18:18:14:611,0.1512,-0.1486,9.3962,0.0204,0.0188,9.8065,-0.0692,0.0267,-0.0376,-15.37,-29.87,34.31,311.28,-83.61,159.15
52.400803,-1.505377,159.19,11.67,3,162.2,20 / 22,128029,2019-09-06 18:18:14:711,-0.4551,-0.46,9.9957,0.0231,0.0039,9.8065,-0.0509,-0.0858,0.0392,-15.81,-29.56,34,306.82,-83.71,156.22
52.400803,-1.505377,159.19,11.67,3,162.2,20 / 22,128129,2019-09-06 18:18:14:811,0.0115,0.8154,10.542,0.0168,-0.0004,9.8065,-0.0649,-0.0579,-0.0028,-15.37,-29.56,33.88,308.8,-83.85,156.65
52.400803,-1.505377,159.19,11.67,3,162.2,20 / 22,128229,2019-09-06 18:18:14:911,1.4976,0.3874,9.8055,0.0228,-0.0081,9.8066,0.0567,0.0453,0.0497,-15.06,-29.37,34.13,307.13,-83.66,155.06
52.400803,-1.505377,159.19,11.67,3,162.2,20 / 22,128328,2019-09-06 18:18:15:010,-0.3714,1.0887,9.9419,0.0063,-0.0226,9.8065,-0.1049,-0.0319,0.0217,-15.69,-28.94,34.56,309.07,-83.52,157.62
52.400803,-1.505377,159.19,11.67,3,162.2,20 / 22,128429,2019-09-06 18:18:15:111,-1.7725,1.9873,10.3642,0.0185,-0.0187,9.8065,0.026,0.0416,-0.0304,-14.62,-29.87,34.69,310.81,-83.42,158.13
52.400803,-1.505377,159.19,11.67,3,162.2,20 / 22,128529,2019-09-06 18:18:15:211,-0.5536,0.558,9.5156,-0.004,0.0087,9.8066,0.0232,0.0271,-0.0056,-15.06,-29.62,34.13,309.69,-83.56,157.68
52.400803,-1.505377,159.19,11.67,3,162.2,20 / 22,128629,2019-09-06 18:18:15:311,-1.0074,1.185,8.9079,0,0.0274,9.8066,-0.011,0.0392,-0.0614,-14.87,-29.56,33.81,308.13,-83.77,156.07
52.400803,-1.505377,159.19,11.67,3,162.2,20 / 22,128729,2019-09-06 18:18:15:411,-0.9285,0.2308,9.8192,-0.0133,0.0372,9.8065,-0.0375,-0.0341,-0.0217,-15,-29.94,33.31,303.59,-83.87,152.43
52.400803,-1.505377,159.19,11.67,3,162.2,20 / 22,128828,2019-09-06 18:18:15:510,0.1259,1.8364,10.2444,-0.0099,0.0184,9.8066,0.0409,0.0461,-0.1429,-14.5,-29.94,33.81,303.17,-84.11,149.73
52.400803,-1.505377,159.19,11.67,3,162.2,20 / 22,128929,2019-09-06 18:18:15:611,-0.937,2.3952,9.6709,-0.0192,0.0139,9.8065,0.1079,0.0925,0.0112,-14.94,-29.81,33.88,300.49,-83.91,148.69
52.400803,-1.505377,159.19,11.67,3,162.2,20 / 22,129028,2019-09-06 18:18:15:710,-0.2918,-0.9105,10.6623,-0.0141,0.004,9.8065,0.1628,-0.0059,-0.0136,-14.81,-30,33.38,301.18,-83.74,150.22
52.400803,-1.505377,159.19,11.67,3,162.2,20 / 22,129128,2019-09-06 18:18:15:810,-1.9284,-0.2288,9.746,-0.0263,-0.0182,9.8066,0.0601,0.0219,-0.0326,-14.69,-29.81,33.81,304.4,-83.69,152.59
52.400803,-1.505377,159.19,11.67,3,162.2,20 / 22,129228,2019-09-06 18:18:15:910,-2.1421,1.9554,10.823,-0.0077,0.0027,9.8066,0.0701,-0.0513,0.0098,-14.69,-29.75,34.19,305.17,-83.55,153.42
52.400803,-1.505377,159.19,11.67,3,162.2,20 / 22,129328,2019-09-06 18:18:16:010,-0.8019,0.4905,10.0634,-0.0107,0.0007,9.8066,0.1543,-0.0699,0.0605,-15.12,-29.75,33.69,306.31,-83.59,154.47
52.400803,-1.505377,159.19,11.67,3,162.2,20 / 22,129429,2019-09-06 18:18:16:111,-0.0679,0.1235,10.2003,-0.0236,0.0087,9.8066,0.0731,-0.0612,-0.1138,-14.5,-29.94,34.06,309.17,-83.71,155.71
52.400803,-1.505377,159.19,11.67,3,162.2,20 / 22,129531,2019-09-06 18:18:16:213,0.1414,-0.3042,9.5817,0.0054,-0.0082,9.8066,0.0768,-0.0249,0.019,-14.94,-30.12,34.56,308.77,-83.85,155.91
52.400803,-1.505377,159.19,11.67,3,162.2,20 / 22,129629,2019-09-06 18:18:16:311,0.8032,-0.5529,9.8393,-0.0097,-0.0065,9.8066,0.0664,0.049,-0.0551,-14.75,-29.94,33.81,308.38,-83.94,156.19
52.400803,-1.505377,159.19,11.67,3,162.2,20 / 22,129729,2019-09-06 18:18:16:411,-0.8242,1.429,9.6852,-0.0029,-0.0165,9.8066,-0.1784,0.0317,-0.087,-14.75,-30.06,33.63,308.36,-84.01,156.12
52.400803,-1.505377,159.19,11.67,3,162.2,20 / 22,129829,2019-09-06 18:18:16:511,-0.9622,-0.148,9.5444,0.0093,0.0015,9.8066,-0.048,0.0436,0.0021,-15.06,-29.25,33.31,306.98,-84.07,155.37
52.400803,-1.505377,159.19,11.67,3,162.2,20 / 22,129929,2019-09-06 18:18:16:611,0.676,1.0097,10.3933,-0.0011,-0.0009,9.8066,-0.0298,-0.0117,-0.0586,-14.75,-29.94,33.56,305.51,-84.04,153.39
52.400803,-1.505377,159.19,11.67,3,162.2,20 / 22,130029,2019-09-06 18:18:16:711,-0.6711,0.5382,10.3156,0.0086,0.0107,9.8066,-0.0228,0.0622,0.0015,-14.75,-30,34.06,305.16,-84.04,153.05
52.400803,-1.505377,159.19,11.67,3,162.2,20 / 22,130128,2019-09-06 18:18:16:810,0.861,0.2477,9.4648,0.0187,-0.0106,9.8065,-0.0835,-0.0317,-0.003,-15.5,-30.06,33.94,303.82,-83.95,151.84
52.400803,-1.505377,159.19,11.67,3,162.2,20 / 22,130228,2019-09-06 18:18:16:910,-0.0267,0.6119,9.5388,-0.0053,-0.0119,9.8066,-0.0369,0.054,-0.0543,-14.81,-30.19,34.38,304.36,-84.08,152.26
52.400803,-1.505377,159.19,11.67,3,162.2,20 / 22,130328,2019-09-06 18:18:17:010,-1.0704,1.3899,10.0215,-0.0003,0.0119,9.8066,-0.048,0.0367,-0.0922,-14.87,-29.87,33.81,302.67,-84.19,150.57
52.400803,-1.505377,159.19,11.67,3,162.2,20 / 22,130429,2019-09-06 18:18:17:111,-1.5715,0.6747,10.0939,0.012,-0.0161,9.8065,-0.0762,-0.0322,0.0288,-15.44,-30,33.56,302.32,-84.1,150.3
52.400803,-1.505377,159.19,11.67,3,162.2,20 / 22,130528,2019-09-06 18:18:17:210,-1.7702,1.5369,10.107,-0.0028,-0.0148,9.8066,-0.0287,-0.0301,0.0738,-14.75,-29.62,33.75,303.75,-84.04,151.71
52.400803,-1.505377,159.19,11.67,3,162.2,20 / 22,130628,2019-09-06 18:18:17:310,-1.8636,0.914,10.2687,-0.013,-0.015,9.8066,0.048,-0.0286,0.1032,-14.37,-29.94,34.06,307.02,-84.05,153.44
52.400803,-1.505377,159.19,11.67,3,162.2,20 / 22,130729,2019-09-06 18:18:17:411,0.7931,-0.2793,9.7872,0.0098,0.0051,9.8066,0.0487,-0.1218,0.0166,-15,-29.75,33.94,307.28,-84.08,155.04
52.400803,-1.505377,159.19,11.67,3,162.2,20 / 22,130828,2019-09-06 18:18:17:510,-0.0262,-0.2275,9.6232,-0.0144,0.0384,9.8065,0.0318,-0.0436,0.0154,-14.81,-30.19,34,305.32,-84.26,153.05
52.400803,-1.505377,159.19,11.67,3,162.2,20 / 22,130929,2019-09-06 18:18:17:611,0.0975,1.0429,9.5659,0.0104,0.0176,9.8066,-0.0658,-0.0512,0.0383,-15.06,-29.5,33,302.07,-84.56,150.33
52.400803,-1.505377,159.19,11.67,3,162.2,20 / 22,131029,2019-09-06 18:18:17:711,-0.0758,2.1062,9.0729,0.0187,0.0008,9.8065,-0.1833,0.012,-0.1643,-14.87,-30.06,33.06,300.43,-84.54,148.89
52.400803,-1.505377,159.19,11.67,3,162.2,20 / 22,131129,2019-09-06 18:18:17:811,-0.0555,0.4438,9.853,0.0006,0.0128,9.8066,0.0792,-0.0308,0.0054,-14.75,-30.19,33.63,297.38,-84.44,145.3
52.400803,-1.505377,159.19,11.67,3,162.2,20 / 22,131229,2019-09-06 18:18:17:911,0.0832,0.7068,9.4524,0.0021,0.0161,9.8066,0.0863,0.0904,-0.0938,-14.81,-29.94,33.13,295.82,-84.33,144.61
52.400803,-1.505377,159.19,11.67,3,162.2,20 / 22,131329,2019-09-06 18:18:18:011,-0.6422,0.5761,10.6412,0.003,-0.027,9.8065,0.0045,0.0247,-0.0205,-14.5,-29.5,33.13,295.93,-84.11,143.34
52.39986,-1.504894,160.65,11.52,2,161.34,20 / 22,131429,2019-09-06 18:18:18:111,1.6148,1.3182,9.8783,0.0022,-0.0129,9.8066,0.0276,-0.0053,0.0703,-14.44,-29.69,33.75,298.3,-83.97,145.16
52.39986,-1.504894,160.65,11.52,2,161.34,20 / 22,131528,2019-09-06 18:18:18:210,-1.7065,-0.1656,9.9994,-0.0127,-0.0112,9.8066,0.0223,-0.0006,0.0493,-14.62,-29.5,33.88,302.27,-84.02,150.17
52.39986,-1.504894,160.65,11.52,2,161.34,20 / 22,131629,2019-09-06 18:18:18:311,-0.4437,0.4206,9.9964,-0.0329,0.0032,9.8065,0.0658,-0.0003,0.081,-14.87,-29.69,34,302.85,-84.16,150.76
52.39986,-1.504894,160.65,11.52,2,161.34,20 / 22,131729,2019-09-06 18:18:18:411,-1.7752,1.2701,9.1694,-0.0017,-0.0182,9.8066,-0.1333,-0.0722,0.105,-14.69,-29.69,33.75,307.48,-84.35,155.05
52.39986,-1.504894,160.65,11.52,2,161.34,20 / 22,131829,2019-09-06 18:18:18:511,-0.0487,1.357,9.4981,-0.0129,-0.0237,9.8065,-0.0685,-0.0099,0.0855,-15.62,-30.19,33.94,309.64,-84.54,158.33
52.39986,-1.504894,160.65,11.52,2,161.34,20 / 22,131929,2019-09-06 18:18:18:611,0.3919,0.1956,9.3894,-0.0203,0.0241,9.8065,-0.0646,0.0819,-0.0401,-15.75,-29.87,33.56,311.45,-85,159.76
52.39986,-1.504894,160.65,11.52,2,161.34,20 / 22,132028,2019-09-06 18:18:18:710,-0.2349,0.7213,10.2406,-0.0171,0.0308,9.8066,0.0622,-0.0591,0.0729,-15.75,-29.44,33.75,311.07,-85.19,159.18
52.39986,-1.504894,160.65,11.52,2,161.34,20 / 22,132128,2019-09-06 18:18:18:810,0.2502,0.5514,9.5235,0.0116,-0.0003,9.8066,0.0125,0.0643,-0.0501,-15.69,-29.69,33.94,309.93,-85.19,158.18
52.39986,-1.504894,160.65,11.52,2,161.34,20 / 22,132228,2019-09-06 18:18:18:910,0.9742,2.1188,9.7858,0.0035,-0.031,9.8066,0.0381,0.1356,-0.0911,-15.75,-29.44,34.06,310.01,-85.13,158.2
52.39986,-1.504894,160.65,11.52,2,161.34,20 / 22,132328,2019-09-06 18:18:19:010,0.5992,2.3295,10.3394,0.0023,0.0127,9.8066,-0.0256,0.0374,0.0151,-15.06,-28.69,33.31,310.54,-85.07,158.09
52.39986,-1.504894,160.65,11.52,2,161.34,20 / 22,132428,2019-09-06 18:18:19:110,0.1227,2.6341,10.0675,0.0222,-0.0056,9.8066,0.0853,0.0289,0.0819,-15.31,-28.31,33,309.3,-85,156.84
52.39986,-1.504894,160.65,11.52,2,161.34,20 / 22,132529,2019-09-06 18:18:19:211,1.0767,1.3224,9.9839,-0.0184,0.0279,9.8066,0.128,0.2422,-0.1151,-15.69,-28.69,32.56,308.92,-85.1,157.91
52.39986,-1.504894,160.65,11.52,2,161.34,20 / 22,132628,2019-09-06 18:18:19:310,0.0131,1.2903,10.6455,-0.0195,0.0261,9.8066,0.0731,0.1295,-0.0402,-16.25,-29.12,32.63,307.31,-85.06,156.39
52.39986,-1.504894,160.65,11.52,2,161.34,20 / 22,132729,2019-09-06 18:18:19:411,0.4012,1.595,9.9274,0.0352,-0.0057,9.8065,-0.1021,0.1316,-0.1036,-16.19,-29.5,32.31,304.32,-85.03,154.32
52.39986,-1.504894,160.65,11.52,2,161.34,20 / 22,132830,2019-09-06 18:18:19:512,1.9848,3.2409,9.8965,0.0311,-0.0076,9.8065,0.0234,-0.0093,0.0252,-16.87,-29.37,33.06,299.84,-84.75,150.76
52.39986,-1.504894,160.65,11.52,2,161.34,20 / 22,132928,2019-09-06 18:18:19:610,-1.3196,1.5145,9.8572,0.0165,-0.0042,9.8066,-0.0315,0.1078,-0.0079,-16.94,-29.44,32.94,299.01,-84.63,150.05
52.39986,-1.504894,160.65,11.52,2,161.34,20 / 22,133029,2019-09-06 18:18:19:711,2.6022,2.9071,10.1892,-0.0007,-0.0254,9.8066,-0.0579,0.2132,-0.11,-16.87,-29.5,32.75,299.63,-84.51,150.73
52.39986,-1.504894,160.65,11.52,2,161.34,20 / 22,133129,2019-09-06 18:18:19:811,1.9427,0.8914,10.3207,-0.0292,0.0009,9.8066,0.0559,0.1603,0.0735,-16.94,-29.69,33.13,300.78,-84.59,151.92
52.39986,-1.504894,160.65,11.52,2,161.34,20 / 22,133230,2019-09-06 18:18:19:912,-1.0309,0.8815,10.2586,-0.0184,0.024,9.8066,0.0308,0.2381,-0.0288,-18.19,-29.87,32.88,300.88,-84.72,153.23
52.39986,-1.504894,160.65,11.52,2,161.34,20 / 22,133328,2019-09-06 18:18:20:010,1.0615,2.2634,9.7429,-0.002,0.0065,9.8066,0.0692,0.1056,0.0085,-18,-29.06,32.69,301.14,-84.74,153.34
52.39986,-1.504894,160.65,11.52,2,161.34,20 / 22,133428,2019-09-06 18:18:20:110,-0.0753,1.6702,10.3292,-0.0148,-0.0013,9.8066,0.0748,0.1109,-0.0256,-19.5,-29.56,32.31,299.83,-84.9,154.2
52.39986,-1.504894,160.65,11.52,2,161.34,20 / 22,133529,2019-09-06 18:18:20:211,0.4227,1.0337,9.3134,0.0125,-0.001,9.8066,-0.1413,0.052,-0.0014,-18.5,-29.12,32.25,301.08,-84.9,154
52.39986,-1.504894,160.65,11.52,2,161.34,20 / 22,133629,2019-09-06 18:18:20:311,1.2947,1.4818,9.4292,-0.0045,-0.0086,9.8066,-0.0491,0.1745,-0.0071,-18.81,-29.87,32.19,299.79,-84.98,154.1
52.39986,-1.504894,160.65,11.52,2,161.34,20 / 22,133728,2019-09-06 18:18:20:410,-0.5296,-0.4019,10.2152,-0.0243,-0.0276,9.8065,-0.0253,0.0493,0.083,-18.81,-29.87,32.38,304.28,-85.23,158.26
52.39986,-1.504894,160.65,11.52,2,161.34,20 / 22,133828,2019-09-06 18:18:20:510,0.4003,0.6161,9.5549,-0.0112,0.0057,9.8066,0.0144,0.0772,-0.0058,-19.5,-29.44,32,305.73,-85.46,159.39
52.39986,-1.504894,160.65,11.52,2,161.34,20 / 22,133929,2019-09-06 18:18:20:611,-0.7044,0.8663,10.2638,-0.0115,-0.0174,9.8066,0.0212,0.0218,0.0231,-19.69,-29.62,32.25,306.7,-85.55,161.63
52.39986,-1.504894,160.65,11.52,2,161.34,20 / 22,134029,2019-09-06 18:18:20:711,-0.0737,1.0888,9.7235,0.0099,-0.0271,9.8066,-0.0057,0.0506,0.0353,-20.12,-29.25,32.25,310.18,-85.47,164.94
52.39986,-1.504894,160.65,11.52,2,161.34,20 / 22,134129,2019-09-06 18:18:20:811,-0.4341,1.1299,10.531,-0.0299,-0.0017,9.8065,0.0895,0.0512,0.0617,-19.75,-29.06,32.81,315.72,-85.62,169.32
52.39986,-1.504894,160.65,11.52,2,161.34,20 / 22,134229,2019-09-06 18:18:20:911,-0.8687,-0.3456,8.5037,-0.0225,0.0118,9.8065,-0.0223,-0.0338,-0.0033,-19.87,-28.87,32.19,317.88,-85.67,172.2
52.39986,-1.504894,160.65,11.52,2,161.34,20 / 22,134329,2019-09-06 18:18:21:011,0.8437,0.4337,10.1799,-0.0183,-0.0066,9.8066,-0.0224,-0.1489,0.1678,-19.56,-28.44,32.5,320.12,-85.79,173.37
52.39986,-1.504894,160.65,11.52,2,161.34,20 / 22,134428,2019-09-06 18:18:21:110,-1.3297,0.0305,9.7448,-0.0064,-0.0223,9.8066,-0.1113,0.0024,-0.0042,-20.44,-27.94,32.25,324.94,-86.01,178.71
52.39986,-1.504894,160.65,11.52,2,161.34,20 / 22,134529,2019-09-06 18:18:21:211,-0.0659,0.6914,9.5427,-0.0138,-0.0005,9.8066,0.0426,-0.0497,0.1139,-20.25,-28.5,32.19,326.95,-86.11,-179.41
52.39986,-1.504894,160.65,11.52,2,161.34,20 / 22,134629,2019-09-06 18:18:21:311,-1.2618,1.0321,10.2382,-0.0148,-0.0519,9.8065,-0.0257,-0.0401,0.0616,-20.37,-27.25,32.5,334.44,-85.79,-173.01
52.39986,-1.504894,160.65,11.52,2,161.34,20 / 22,134729,2019-09-06 18:18:21:411,-0.5311,-0.6116,9.8246,-0.008,-0.0208,9.8066,0.0989,-0.0573,0.0223,-20.75,-27.94,33.13,337.47,-85.35,-168.72
52.39986,-1.504894,160.65,11.52,2,161.34,20 / 22,134829,2019-09-06 18:18:21:511,-0.8127,-0.7135,9.5897,-0.0016,-0.0205,9.8065,0.0215,-0.078,0.0572,-20.5,-27.75,33.19,340.03,-85.12,-167.48
52.39986,-1.504894,160.65,11.52,2,161.34,20 / 22,134929,2019-09-06 18:18:21:611,-1.1444,-0.37,9.7382,-0.0289,0.0029,9.8066,0.0302,-0.0982,0.1182,-20.94,-27.75,33.06,343.89,-85.14,-162.62
52.39986,-1.504894,160.65,11.52,2,161.34,20 / 22,135028,2019-09-06 18:18:21:710,-2.1063,0.1379,10.1564,-0.0287,0.0111,9.8065,-0.1443,-0.0237,-0.0145,-19.81,-28.44,33.19,349.5,-85.32,-158.63
52.39986,-1.504894,160.65,11.52,2,161.34,20 / 22,135128,2019-09-06 18:18:21:810,-2.3296,-0.0042,10.0437,-0.0124,0.0556,9.8064,0.1598,-0.0821,-0.0802,-19.94,-28.75,32.75,350,-85.53,-158.17
52.39986,-1.504894,160.65,11.52,2,161.34,20 / 22,135228,2019-09-06 18:18:21:910,-0.7635,-0.2828,10.2433,0,0.0269,9.8065,0.0697,-0.123,-0.0039,-19.25,-27.69,33.13,347.99,-85.84,-161.41
52.39986,-1.504894,160.65,11.52,2,161.34,20 / 22,135329,2019-09-06 18:18:22:011,-1.3691,-1.6274,8.8233,0.0128,-0.0163,9.8066,0.0175,-0.0873,-0.0764,-18.5,-27.81,32.75,346.7,-85.55,-163.89
52.39986,-1.504894,160.65,11.52,2,161.34,19 / 22,135429,2019-09-06 18:18:22:111,-1.1218,-2.4748,9.5994,0.053,-0.0187,9.8064,0.0539,-0.1662,0.063,-17.19,-27.5,33.13,342.69,-85.52,-169.04
52.39986,-1.504894,160.65,11.52,2,161.34,19 / 22,135529,2019-09-06 18:18:22:211,-2.1874,-0.6912,10.4315,-0.006,0.0402,9.8065,-0.123,-0.0911,-0.0402,-16,-27.69,32.81,343.35,-86.03,-169.88
52.39986,-1.504894,160.65,11.52,2,161.34,19 / 22,135628,2019-09-06 18:18:22:310,-2.503,1.3224,9.2544,0.0119,-0.0058,9.8066,-0.1322,-0.1439,-0.0343,-16.19,-27.5,33.06,340.56,-86.05,-172.56
52.39986,-1.504894,160.65,11.52,2,161.34,19 / 22,135729,2019-09-06 18:18:22:411,-0.9539,-1.2945,10.1732,-0.006,0.0331,9.8065,0.2573,-0.1576,0.0846,-16.37,-27,33.06,337.89,-85.67,-174.99
52.39986,-1.504894,160.65,11.52,2,161.34,19 / 22,135829,2019-09-06 18:18:22:511,-0.5168,-1.7607,10.6044,-0.0235,0.0183,9.8065,0.1679,-0.1342,0.035,-16.62,-27.44,33.44,336.8,-85.54,-174.6
52.39986,-1.504894,160.65,11.52,2,161.34,19 / 22,135929,2019-09-06 18:18:22:611,-0.9432,-1.0896,10.1409,0.0116,-0.0337,9.8066,0.0279,-0.119,0.0319,-16.69,-26.62,34.13,339.22,-85.18,-172.93
52.39986,-1.504894,160.65,11.52,2,161.34,19 / 22,136028,2019-09-06 18:18:22:710,-0.0862,-1.7962,9.8092,0.001,-0.0173,9.8066,0.1091,-0.1333,0.1198,-17.25,-26.37,33.75,340.46,-85.15,-171.8
52.39986,-1.504894,160.65,11.52,2,161.34,19 / 22,136128,2019-09-06 18:18:22:810,-0.096,-1.5676,9.7684,-0.0118,-0.0053,9.8066,-0.1278,-0.1838,-0.0424,-18.12,-26.06,34.38,342.18,-85.08,-168.84
52.39986,-1.504894,160.65,11.52,2,161.34,19 / 22,136228,2019-09-06 18:18:22:910,-1.2981,-2.435,9.2562,0.0207,-0.0135,9.8066,-0.1123,-0.1063,0.0574,-18.5,-27.25,34.19,341.82,-85.01,-169.13
52.39986,-1.504894,160.65,11.52,2,161.34,19 / 22,136328,2019-09-06 18:18:23:010,-0.798,-1.6044,10.0548,-0.0166,0.0233,9.8065,0.1126,-0.1367,0.0769,-18.5,-27,34.75,341.72,-84.93,-169.91
52.39986,-1.504894,160.65,11.52,2,161.34,18 / 22,136428,2019-09-06 18:18:23:110,-0.5356,-0.3514,9.7395,-0.0178,0.0182,9.8065,-0.0109,-0.0638,-0.09,-17.81,-26.75,35.94,343.94,-84.99,-168.51
52.39986,-1.504894,160.65,11.52,2,161.34,18 / 22,136528,2019-09-06 18:18:23:210,-0.6316,-0.5252,10.8002,0.0112,0.0032,9.8066,0.1013,-0.0741,0.0173,-18.19,-26.69,35.31,341.24,-84.97,-170.37
52.39986,-1.504894,160.65,11.52,2,161.34,18 / 22,136629,2019-09-06 18:18:23:311,0.7867,-0.7782,9.4105,-0.0053,0.007,9.8066,0.0686,-0.0025,0.0358,-17.5,-26.5,35,341.93,-85.01,-171.07
52.39986,-1.504894,160.65,11.52,2,161.34,18 / 22,136729,2019-09-06 18:18:23:411,-0.1695,-1.3567,10.4569,-0.0066,-0.0248,9.8066,0.016,-0.0047,-0.0949,-16.69,-26.75,35.56,343.18,-84.79,-170.45
52.39986,-1.504894,160.65,11.52,2,161.34,18 / 22,136829,2019-09-06 18:18:23:511,0.3605,-0.5145,9.3629,0.0082,0.0134,9.8066,0.0024,-0.0572,-0.0232,-16.31,-26.62,35.38,342.82,-84.82,-171.48
52.39986,-1.504894,160.65,11.52,2,161.34,18 / 22,136929,2019-09-06 18:18:23:611,0.5717,-1.1314,9.6562,0.0111,0.0047,9.8066,0.0309,0.007,0.0884,-16.31,-27.75,35.19,341.79,-84.8,-172.39
52.39986,-1.504894,160.65,11.52,2,161.34,18 / 22,137029,2019-09-06 18:18:23:711,1.2604,-0.8209,9.4793,-0.0096,0.0077,9.8066,-0.017,0.0457,0.0144,-16.31,-27.56,35.44,342.01,-84.88,-172.2
52.39986,-1.504894,160.65,11.52,2,161.34,18 / 22,137129,2019-09-06 18:18:23:811,-0.619,-1.4609,9.9804,-0.0013,0.0065,9.8066,-0.1068,0.0653,-0.0839,-17.25,-27.62,34.94,341.36,-85.06,-171.53
52.39986,-1.504894,160.65,11.52,2,161.34,18 / 22,137228,2019-09-06 18:18:23:910,0.8837,-0.558,9.7471,0.0166,-0.0219,9.8066,-0.0865,-0.0126,-0.018,-17.31,-27.75,35.19,339.74,-85.02,-173.04
52.39986,-1.504894,160.65,11.52,2,161.34,18 / 22,137329,2019-09-06 18:18:24:011,0.9602,-1.5976,9.525,-0.0015,0.0033,9.8066,-0.0252,-0.0327,0.0361,-17.75,-27.56,35.19,338.66,-84.94,-172.74
52.39986,-1.504894,160.65,11.52,2,161.34,19 / 21,137429,2019-09-06 18:18:24:111,0.9844,0.2486,9.6587,-0.0073,-0.0077,9.8065,-0.104,0.0725,-0.0448,-18.19,-28.31,35.25,340.04,-84.85,-171.42
52.39986,-1.504894,160.65,11.52,2,161.34,19 / 21,137528,2019-09-06 18:18:24:210,-0.2227,-0.32,9.7933,-0.0199,0.0069,9.8065,0.043,0.0074,-0.0198,-18.25,-27.62,35.31,340.89,-85.06,-170.68
52.39986,-1.504894,160.65,11.52,2,161.34,19 / 21,137629,2019-09-06 18:18:24:311,0.6258,0.0817,10.0388,-0.0083,0.0042,9.8066,0.024,-0.0476,0.0108,-18.56,-28.12,35.63,341.47,-85.07,-169.57
52.39986,-1.504894,160.65,11.52,2,161.34,19 / 21,137729,2019-09-06 18:18:24:411,0.1437,-0.3487,9.1998,0.0034,-0.0149,9.8065,-0.0588,-0.0045,0.0076,-17.94,-27.62,35.25,342.59,-84.98,-169.06
52.39986,-1.504894,160.65,11.52,2,161.34,19 / 21,137829,2019-09-06 18:18:24:511,0.3216,-1.8614,9.2215,0.0132,-0.0223,9.8065,-0.1366,-0.0431,0.0598,-18.25,-26.37,35.44,343.08,-84.94,-168.67
52.39986,-1.504894,160.65,11.52,2,161.34,19 / 21,137929,2019-09-06 18:18:24:611,-1.0608,-0.6066,9.5887,-0.018,0.0592,9.8064,0.0317,-0.0224,-0.0038,-17.62,-26.75,35.56,345.61,-85.04,-166.95
52.39986,-1.504894,160.65,11.52,2,161.34,19 / 21,138028,2019-09-06 18:18:24:710,-0.4348,0.7702,9.587,-0.0084,0.0181,9.8066,0.0153,0.0237,-0.0818,-17.56,-26.44,35.25,343.98,-85.46,-167.93
52.39986,-1.504894,160.65,11.52,2,161.34,19 / 21,138128,2019-09-06 18:18:24:810,0.7467,0.3753,9.6713,0.0139,-0.0003,9.8066,-0.0514,-0.03,0.0661,-17.44,-26.44,34.81,343.1,-85.42,-170.05
52.39986,-1.504894,160.65,11.52,2,161.34,19 / 21,138229,2019-09-06 18:18:24:911,-1.1907,-0.3903,9.8591,-0.0027,-0.0186,9.8066,-0.0204,0.0445,-0.0426,-17.75,-26.81,34.69,342.71,-85.37,-169.07
52.39986,-1.504894,160.65,11.52,2,161.34,19 / 21,138329,2019-09-06 18:18:25:011,-0.3672,1.0637,9.7814,-0.0102,-0.0131,9.8066,-0.039,-0.0447,0.0503,-17.44,-27.19,35.38,344.94,-85.32,-168.26
52.39986,-1.504894,160.65,11.52,2,161.34,19 / 22,138429,2019-09-06 18:18:25:111,-0.1886,-0.9669,9.5799,-0.0134,0.0042,9.8065,0.0091,-0.0074,-0.0195,-17.69,-26.5,34.63,345.71,-85.31,-166.27
52.39986,-1.504894,160.65,11.52,2,161.34,19 / 22,138529,2019-09-06 18:18:25:211,-1.8079,0.5326,10.015,-0.0205,0.0091,9.8066,0.0383,-0.0209,0.0455,-17.37,-26.87,34.63,348.94,-85.38,-164.51
52.39986,-1.504894,160.65,11.52,2,161.34,19 / 22,138629,2019-09-06 18:18:25:311,-1.7468,0.2068,10.0793,-0.0269,0.0324,9.8065,0.0555,-0.097,0.0252,-17.81,-26.12,35,348.7,-85.47,-163.46
52.39986,-1.504894,160.65,11.52,2,161.34,19 / 22,138729,2019-09-06 18:18:25:411,0.0091,-0.2865,9.5904,0.0053,-0.0091,9.8066,-0.0447,-0.1132,0.0542,-17.37,-26.69,34.81,351.35,-85.35,-162.23
52.39986,-1.504894,160.65,11.52,2,161.34,19 / 22,138828,2019-09-06 18:18:25:510,-2.0097,0.0984,10.8329,-0.0077,-0.0005,9.8066,-0.0052,-0.1059,0.0482,-16.62,-26.31,35.25,352.08,-85.28,-161.56
52.39986,-1.504894,160.65,11.52,2,161.34,19 / 22,138929,2019-09-06 18:18:25:611,-0.9552,0.4598,9.5047,0.0056,0.0056,9.8066,0.1161,-0.1105,0.0998,-17.25,-26.37,35.13,351.82,-85.11,-161.78
52.39986,-1.504894,160.65,11.52,2,161.34,19 / 22,139028,2019-09-06 18:18:25:710,-2.314,0.4661,9.9244,-0.0132,-0.0169,9.8066,-0.0526,-0.1226,0.0377,-17.19,-26.81,35.38,353.26,-84.89,-160.39
52.39986,-1.504894,160.65,11.52,2,161.34,19 / 22,139128,2019-09-06 18:18:25:810,-1.3047,-0.2956,9.8353,-0.014,-0.0027,9.8066,-0.0219,-0.1207,0.0856,-16,-26.44,34.81,358.24,-84.98,-157.08
52.39986,-1.504894,160.65,11.52,2,161.34,19 / 22,139229,2019-09-06 18:18:25:911,-1.6568,-1.1337,9.4146,0.0056,-0.0011,9.8066,-0.0684,-0.0523,-0.0421,-15.44,-26.62,33.44,359.89,-85.16,-155.66
52.39986,-1.504894,160.65,11.52,2,161.34,19 / 22,139329,2019-09-06 18:18:26:011,-0.7221,1.3291,9.8982,0.0025,0.0277,9.8066,-0.0167,-0.1013,-0.0064,-14,-26.75,33.75,1.15,-85.47,-156.54
52.39986,-1.504894,160.65,11.52,2,161.34,20 / 22,139429,2019-09-06 18:18:26:111,-0.8301,1.7297,9.8115,0.0185,0.0153,9.8065,-0.1086,0.0287,-0.0687,-13.56,-26.56,34.06,358.3,-85.67,-159.22
52.39986,-1.504894,160.65,11.52,2,161.34,20 / 22,139529,2019-09-06 18:18:26:211,1.0477,-0.3317,10.789,0.0008,-0.018,9.8066,0.2427,0.0006,-0.1569,-13.12,-27.06,33.88,356.13,-85.54,-162.71
52.39986,-1.504894,160.65,11.52,2,161.34,20 / 22,139628,2019-09-06 18:18:26:310,-0.6802,-0.3213,10.2659,0.0169,0.0248,9.8066,0.2108,-0.1108,0.0355,-13.62,-27.19,34.63,352.02,-85.48,-165.7
52.39986,-1.504894,160.65,11.52,2,161.34,20 / 22,139729,2019-09-06 18:18:26:411,0.4461,0.374,9.6906,0.0251,-0.0169,9.8065,-0.0301,-0.0007,-0.0173,-15.06,-27,34.5,347.57,-85.19,-168.46
52.39986,-1.504894,160.65,11.52,2,161.34,20 / 22,139829,2019-09-06 18:18:26:511,0.0719,-0.0434,8.8209,0.0218,-0.0022,9.8066,-0.0451,-0.0445,-0.0083,-15.69,-28.19,34.19,343.49,-85.22,-170.24
52.39986,-1.504894,160.65,11.52,2,161.34,20 / 22,139929,2019-09-06 18:18:26:611,1.442,2.6318,8.4609,0.0027,0.0895,9.8062,-0.1302,0.0365,-0.066,-16.56,-28.44,33.94,339.94,-85.19,-172.22
52.39986,-1.504894,160.65,11.52,2,161.34,20 / 22,140028,2019-09-06 18:18:26:710,-0.4485,1.6244,9.8389,0.0105,0.0374,9.8065,0.0937,0.1019,-0.0557,-16.62,-28.31,34.5,334.49,-85.56,-178.16
52.39986,-1.504894,160.65,11.52,2,161.34,20 / 22,140129,2019-09-06 18:18:26:811,1.6126,2.1176,9.2804,0.0079,0.0002,9.8066,0.1103,0.1206,-0.0049,-16.94,-28.25,34.69,333.07,-85.48,-179.48
52.39986,-1.504894,160.65,11.52,2,161.34,20 / 22,140228,2019-09-06 18:18:26:910,2.1703,-1.5406,9.9139,0.0104,-0.0453,9.8064,-0.0652,-0.0492,0.0571,-16.75,-27.94,35.25,332.81,-85.24,-179.64
52.39986,-1.504894,160.65,11.52,2,161.34,20 / 22,140329,2019-09-06 18:18:27:011,2.8005,-0.054,10.3053,-0.0012,-0.0071,9.8066,0.1643,0.0214,-0.059,-17.31,-29.25,35.31,332.9,-85.02,-179.41
52.399063,-1.504387,160.5,10.99,3,164.77,20 / 22,140428,2019-09-06 18:18:27:110,0.6055,4.269,9.4963,-0.0073,-0.0106,9.8066,0.0924,0.053,0.0458,-17.06,-28.81,35.94,330.3,-85.13,177.43
52.399063,-1.504387,160.5,10.99,3,164.77,20 / 22,140529,2019-09-06 18:18:27:211,-2.5479,-3.229,9.0043,-0.0468,0.0242,9.8064,-0.4164,0.3367,-0.2373,-16.5,-29.31,35.94,335.43,-85.32,-179.11
52.399063,-1.504387,160.5,10.99,3,164.77,20 / 22,140628,2019-09-06 18:18:27:310,2.2106,3.8385,10.1271,0.0402,-0.0533,9.8064,0.0366,0.1278,0.0408,-16.06,-28.62,36.63,335.6,-85.15,-179.5
52.399063,-1.504387,160.5,10.99,3,164.77,20 / 22,140728,2019-09-06 18:18:27:410,2.954,-1.9222,11.3663,0.0076,-0.0794,9.8063,-0.0054,0.2361,-0.0831,-16,-28.5,36.88,337.63,-84.58,-177.47
52.399063,-1.504387,160.5,10.99,3,164.77,20 / 22,140829,2019-09-06 18:18:27:511,0.4027,-0.5391,9.5625,-0.0217,-0.0162,9.8065,-0.0995,0.0628,0.0455,-16.87,-28.69,35.81,338.18,-84.63,-175
52.399063,-1.504387,160.5,10.99,3,164.77,20 / 22,140928,2019-09-06 18:18:27:610,0.8954,0.6398,9.5892,-0.0149,0.0076,9.8066,-0.1041,0.0948,0.0374,-16.81,-28.12,36.06,340.28,-84.82,-173.14
52.399063,-1.504387,160.5,10.99,3,164.77,20 / 22,141029,2019-09-06 18:18:27:711,-0.1919,-0.1818,9.416,-0.0058,0.0047,9.8066,-0.0777,0.1396,-0.0751,-17.12,-28.62,35.31,341.44,-84.97,-171.4
52.399063,-1.504387,160.5,10.99,3,164.77,20 / 22,141129,2019-09-06 18:18:27:811,0.2663,-0.1002,10.2543,0.0057,-0.0142,9.8066,-0.0155,-0.0424,0.1132,-16.94,-28.37,35.31,341.38,-84.95,-171.49
52.399063,-1.504387,160.5,10.99,3,164.77,20 / 22,141229,2019-09-06 18:18:27:911,-0.7577,-0.1357,9.915,-0.0065,0.0146,9.8066,0.0837,0.095,0.0075,-16.75,-27.69,35.5,343.91,-84.9,-169.76
52.399063,-1.504387,160.5,10.99,3,164.77,20 / 22,141328,2019-09-06 18:18:28:010,-0.1386,-0.2503,10.0563,-0.0093,-0.0015,9.8066,0.085,-0.0382,0.0605,-17.25,-28,34.25,342.92,-84.93,-169.35
52.399063,-1.504387,160.5,10.99,3,164.77,21 / 23,141428,2019-09-06 18:18:28:110,-0.0332,-0.877,9.1824,0.0005,-0.0069,9.8066,-0.0426,0.0147,0.0446,-17.37,-28.19,35.06,343.76,-84.93,-169.25
52.399063,-1.504387,160.5,10.99,3,164.77,21 / 23,141529,2019-09-06 18:18:28:211,-0.2997,-0.7288,9.675,-0.007,0.0376,9.8065,-0.0653,-0.0089,0.0159,-17.56,-27.87,34.44,343.2,-85.19,-167.83
52.399063,-1.504387,160.5,10.99,3,164.77,21 / 23,141629,2019-09-06 18:18:28:311,0.0711,0.7521,10.0957,-0.0086,0.0014,9.8066,0.0521,-0.0044,0.0182,-18,-28.5,34.69,344.35,-85.24,-167.47
52.399063,-1.504387,160.5,10.99,3,164.77,21 / 23,141729,2019-09-06 18:18:28:411,0.6274,-0.4974,9.9559,-0.0011,-0.0269,9.8066,-0.0187,-0.0161,0.033,-17.5,-27.94,35.56,346.2,-85.19,-167.67
52.399063,-1.504387,160.5,10.99,3,164.77,21 / 23,141829,2019-09-06 18:18:28:511,-0.0893,-1.0286,9.868,0.0042,-0.0261,9.8066,-0.0105,0.0456,0.0108,-17.94,-28.25,35.13,345.62,-84.79,-166.19
52.399063,-1.504387,160.5,10.99,3,164.77,21 / 23,141929,2019-09-06 18:18:28:611,-0.1173,-0.7863,10.0296,-0.0185,0.0008,9.8065,0.0197,-0.0299,0.0848,-18,-28.31,35.38,348.57,-84.68,-163.42
52.399063,-1.504387,160.5,10.99,3,164.77,21 / 23,142029,2019-09-06 18:18:28:711,-0.6661,0.2778,10.2205,-0.0126,0.0088,9.8066,-0.0181,-0.0125,-0.0025,-17.56,-27.62,35.31,349.66,-84.76,-162.42
52.399063,-1.504387,160.5,10.99,3,164.77,21 / 23,142128,2019-09-06 18:18:28:810,-0.2785,-0.3348,9.7071,0.0035,-0.0034,9.8066,0.0334,-0.0231,0.0195,-17.37,-28.19,35.63,353.06,-84.75,-161.19
52.399063,-1.504387,160.5,10.99,3,164.77,21 / 23,142229,2019-09-06 18:18:28:911,0.0797,-0.8618,9.8224,0.0043,-0.016,9.8066,-0.0792,0.0094,-0.014,-17.12,-27.69,34.5,352.27,-84.72,-161.28
52.399063,-1.504387,160.5,10.99,3,164.77,21 / 23,142329,2019-09-06 18:18:29:011,0.493,-0.3024,10.1585,0.006,0.0079,9.8066,0.0236,-0.0004,-0.022,-17.62,-27.75,34.69,350.85,-84.74,-161.31
52.399063,-1.504387,160.5,10.99,3,164.77,19 / 21,142429,2019-09-06 18:18:29:111,0.5545,0.5176,9.4818,0.0069,0.0015,9.8066,-0.0589,0.0964,-0.0352,-17.25,-28.37,34.5,350.67,-84.74,-162.77
52.399063,-1.504387,160.5,10.99,3,164.77,19 / 21,142529,2019-09-06 18:18:29:211,-0.3843,-0.1555,9.8499,-0.0027,-0.0046,9.8066,0.0182,0.0075,0.0627,-16.81,-27.44,34.63,351.44,-84.64,-162.07
52.399063,-1.504387,160.5,10.99,3,164.77,19 / 21,142629,2019-09-06 18:18:29:311,-0.2568,-0.8666,10.0481,-0.0044,0.0012,9.8066,0.0099,0.0336,-0.0254,-17.06,-26.5,35.5,352.53,-84.64,-161.71
52.399063,-1.504387,160.5,10.99,3,164.77,19 / 21,142728,2019-09-06 18:18:29:410,-0.0675,-0.1694,9.8533,0.0026,-0.0141,9.8066,0.0817,0.0256,0.012,-17.19,-26.37,34.63,353.57,-84.51,-160.09
52.399063,-1.504387,160.5,10.99,3,164.77,19 / 21,142828,2019-09-06 18:18:29:510,-0.6908,-0.4539,9.7595,-0.0003,-0.0227,9.8065,-0.0937,-0.0269,0.0476,-17.69,-26.37,35.13,353.31,-84.49,-159.02
52.399063,-1.504387,160.5,10.99,3,164.77,19 / 21,142928,2019-09-06 18:18:29:610,0.304,1.3336,9.3516,-0.0117,0.0285,9.8066,-0.0929,0.0087,-0.0227,-18.5,-25.75,36.25,354.75,-84.45,-158.33
52.399063,-1.504387,160.5,10.99,3,164.77,19 / 21,143028,2019-09-06 18:18:29:710,-0.3319,-0.2058,9.5578,-0.0185,0.0085,9.8066,0.0318,0.0058,0.0536,-19.12,-26.81,35.13,354.57,-84.52,-156.55
52.399063,-1.504387,160.5,10.99,3,164.77,19 / 21,143128,2019-09-06 18:18:29:810,-0.1209,0.0934,9.7742,-0.0004,0.0026,9.8066,0.0193,0.0065,-0.0058,-18.12,-26.81,35.25,356.48,-84.58,-156.06
52.399063,-1.504387,160.5,10.99,3,164.77,19 / 21,143229,2019-09-06 18:18:29:911,0.0672,-0.1956,9.5292,-0.0032,-0.0011,9.8066,-0.0339,-0.0129,-0.0187,-18.56,-27.19,34.75,355.83,-84.58,-155.39
52.399063,-1.504387,160.5,10.99,3,164.77,19 / 21,143328,2019-09-06 18:18:30:010,-0.1729,0.1148,9.708,-0.0067,0.0065,9.8066,-0.0199,-0.0195,0.0023,-18.62,-27.62,34.5,356.96,-84.65,-154.33
52.399063,-1.504387,160.5,10.99,3,164.77,19 / 21,143428,2019-09-06 18:18:30:110,0.5689,-0.5327,9.7085,0.0006,0.0081,9.8066,-0.0478,-0.0364,-0.0053,-18,-27.69,35.13,357.83,-84.66,-154.8
52.399063,-1.504387,160.5,10.99,3,164.77,19 / 21,143529,2019-09-06 18:18:30:211,0.5472,0.5498,9.4452,0.0044,0.0011,9.8066,-0.0212,0.0291,-0.0638,-17.87,-28.19,34.81,357.25,-84.61,-155.33
52.399063,-1.504387,160.5,10.99,3,164.77,19 / 21,143629,2019-09-06 18:18:30:311,0.4313,0.0379,10.7571,0.0006,-0.0116,9.8066,0.1709,-0.0253,0.0029,-17.62,-27.62,34.5,357.06,-84.47,-155.51
52.399063,-1.504387,160.5,10.99,3,164.77,19 / 21,143728,2019-09-06 18:18:30:410,0.4756,0.1948,9.8567,0.0018,-0.0254,9.8065,0.0829,0.0229,-0.004,-17.62,-28.12,34.63,355.42,-84.34,-157.02
52.399063,-1.504387,160.5,10.99,3,164.77,19 / 21,143829,2019-09-06 18:18:30:511,0.506,-0.2248,9.1977,0.0017,0.0073,9.8066,-0.0607,-0.0047,-0.0382,-17.81,-28.25,35.69,355.98,-84.31,-157.16
52.399063,-1.504387,160.5,10.99,3,164.77,19 / 21,143929,2019-09-06 18:18:30:611,0.1097,0.6827,9.8704,-0.026,0.0121,9.8065,-0.0291,0.0306,0.0356,-17.5,-27.87,34.81,357.93,-84.45,-156.01
52.399063,-1.504387,160.5,10.99,3,164.77,19 / 21,144029,2019-09-06 18:18:30:711,-0.2283,0.8294,9.8799,-0.0073,0.012,9.8066,-0.0411,0.0369,-0.036,-17.5,-28.19,35.5,359.18,-84.61,-155.49
52.399063,-1.504387,160.5,10.99,3,164.77,19 / 21,144129,2019-09-06 18:18:30:811,-0.4464,0.1564,9.6167,0.0054,0.0025,9.8066,-0.0217,-0.006,-0.0151,-17.37,-28.25,34.63,358.68,-84.8,-155.33
52.399063,-1.504387,160.5,10.99,3,164.77,19 / 21,144228,2019-09-06 18:18:30:910,0.4942,-0.2418,10.431,0.0025,-0.0046,9.8066,-0.0366,0.0037,-0.0254,-18,-28.94,34.81,356.56,-84.94,-155.98
52.399063,-1.504387,160.5,10.99,3,164.77,19 / 21,144329,2019-09-06 18:18:31:011,0.8896,-0.2456,10.3578,0.0163,-0.0108,9.8066,0.0658,-0.0267,-0.0464,-17.56,-27.75,34.63,354.18,-84.97,-158.22
52.399063,-1.504387,160.5,10.99,3,164.77,20 / 22,144429,2019-09-06 18:18:31:111,1.4421,1.2669,9.7736,-0.0026,-0.0451,9.8064,0.0765,0.1615,0.0236,-17.81,-28.12,34.75,354.41,-84.66,-157.98
52.399063,-1.504387,160.5,10.99,3,164.77,20 / 22,144528,2019-09-06 18:18:31:210,-0.5996,-1.119,9.4112,0.0078,-0.0167,9.8065,-0.0084,-0.1155,0.0802,-17.75,-28.81,35.19,354.64,-84.33,-157.73
52.399063,-1.504387,160.5,10.99,3,164.77,20 / 22,144629,2019-09-06 18:18:31:311,-0.9257,-0.8027,9.0834,-0.0128,0.0068,9.8065,-0.0865,-0.0148,0.0091,-17.5,-28.25,34.94,355.77,-84.39,-158
52.399063,-1.504387,160.5,10.99,3,164.77,20 / 22,144728,2019-09-06 18:18:31:410,-1.808,0.4959,10.4129,-0.0095,0.0367,9.8066,-0.0616,0.0659,-0.0811,-17.25,-28.44,34.63,358.42,-84.76,-155.56
52.399063,-1.504387,160.5,10.99,3,164.77,20 / 22,144829,2019-09-06 18:18:31:511,-0.3816,0.7599,9.7363,0,0.0135,9.8066,-0.0426,-0.0104,0.0111,-18.25,-28.25,34.19,357.55,-85.21,-154.39
52.399063,-1.504387,160.5,10.99,3,164.77,20 / 22,144928,2019-09-06 18:18:31:610,0.9867,0.899,9.7745,0.0214,-0.0081,9.8066,-0.0135,0.0656,-0.0689,-17.31,-27.87,33.94,355.13,-85.15,-157.98
52.399063,-1.504387,160.5,10.99,3,164.77,20 / 22,145029,2019-09-06 18:18:31:711,0.2157,0.2636,10.2416,0.0068,-0.0148,9.8065,0.1159,0.0053,0.0215,-17.94,-28.31,35.19,353.15,-84.91,-159.18
52.399063,-1.504387,160.5,10.99,3,164.77,20 / 22,145129,2019-09-06 18:18:31:811,0.4611,0.1341,10.1041,0.0027,-0.0112,9.8066,0.0339,-0.0013,0.0249,-17.81,-27.94,35.56,354.08,-84.58,-158.94
52.399063,-1.504387,160.5,10.99,3,164.77,20 / 22,145229,2019-09-06 18:18:31:911,0.1704,0.5696,9.8192,-0.0052,0.0029,9.8066,0.0359,-0.0515,0.0134,-18,-28.06,35.06,353.71,-84.57,-158.62
52.399063,-1.504387,160.5,10.99,3,164.77,20 / 22,145329,2019-09-06 18:18:32:011,0.2753,0.1251,9.191,-0.0148,-0.001,9.8065,-0.0123,0.0197,0.0162,-18.19,-28.5,35.63,356.05,-84.57,-157.11
52.399063,-1.504387,160.5,10.99,3,164.77,19 / 23,145428,2019-09-06 18:18:32:110,-2.6517,3.4948,10.6335,-0.0101,-0.0032,9.8066,-0.0125,-0.1278,0.0698,-18.56,-28.06,34.56,356.57,-84.54,-154.69
52.399063,-1.504387,160.5,10.99,3,164.77,19 / 23,145529,2019-09-06 18:18:32:211,0.4165,2.3151,10.9172,-0.0189,0.0729,9.8064,-0.1824,0.0827,-0.1363,-18.56,-28.31,34.94,356.38,-84.67,-154.88
52.399063,-1.504387,160.5,10.99,3,164.77,19 / 23,145629,2019-09-06 18:18:32:311,-0.474,-1.05,7.5588,-0.0053,0.0603,9.8064,0.1494,-0.0098,0.0064,-17.62,-28.12,35.31,354.88,-84.32,-157.51
52.399063,-1.504387,160.5,10.99,3,164.77,19 / 23,145729,2019-09-06 18:18:32:411,-0.4671,2.6872,7.8809,-0.0314,0.0862,9.8061,-0.1463,0.0526,-0.0533,-18.31,-27.87,34.88,354.94,-84.6,-157.48
52.399063,-1.504387,160.5,10.99,3,164.77,19 / 23,145829,2019-09-06 18:18:32:511,-1.9291,0.4512,9.246,-0.0231,0.0568,9.8064,-0.0575,-0.1762,0.0239,-18.31,-28.06,34.94,355,-84.69,-157.43
52.399063,-1.504387,160.5,10.99,3,164.77,19 / 23,145929,2019-09-06 18:18:32:611,0.2963,-0.177,9.6239,-0.0204,0.0379,9.8065,-0.1069,-0.0567,-0.0077,-17.69,-27.81,34.81,352.43,-84.79,-159.83
52.399063,-1.504387,160.5,10.99,3,164.77,19 / 23,146029,2019-09-06 18:18:32:711,1.5955,0.0143,9.7532,-0.0043,0.0094,9.8066,0.1851,0.1093,-0.0746,-17.75,-27.44,33.81,351.87,-84.91,-159.7
52.399063,-1.504387,160.5,10.99,3,164.77,19 / 23,146129,2019-09-06 18:18:32:811,0.2091,0.0849,10.1377,0.0035,-0.0282,9.8065,0.1396,-0.0834,0.1211,-18,-27.87,34.5,352.71,-84.52,-159.54
52.399063,-1.504387,160.5,10.99,3,164.77,19 / 23,146230,2019-09-06 18:18:32:912,0.4322,-0.98,10.5178,0.0052,-0.0053,9.8066,-0.0418,0.0251,-0.0482,-18.12,-26.37,34.5,352.17,-84.56,-160.09
52.399063,-1.504387,160.5,10.99,3,164.77,19 / 23,146328,2019-09-06 18:18:33:010,-0.2013,0.5757,9.9583,-0.0159,0.029,9.8065,-0.0959,-0.0064,-0.0068,-18.62,-26.87,34.81,352.31,-84.84,-158.69
52.399063,-1.504387,160.5,10.99,3,164.77,20 / 23,146429,2019-09-06 18:18:33:111,-0.5611,-0.2082,9.9717,-0.0076,0.0236,9.8066,-0.0286,0.0016,-0.031,-17.94,-27.12,34.88,353.93,-84.96,-158.47
52.399063,-1.504387,160.5,10.99,3,164.77,20 / 23,146528,2019-09-06 18:18:33:210,0.1839,0.6331,10.3022,0.0031,-0.0004,9.8066,0.0264,-0.0178,0.0133,-18.25,-27.12,34.94,352.54,-84.93,-159.77
52.399063,-1.504387,160.5,10.99,3,164.77,20 / 23,146629,2019-09-06 18:18:33:311,0.165,0.0642,10.0241,0.0032,0.0042,9.8066,0.0567,-0.0049,-0.0249,-18.44,-26.56,34.75,351.19,-84.85,-161.02
52.399063,-1.504387,160.5,10.99,3,164.77,20 / 23,146730,2019-09-06 18:18:33:412,-0.3494,-0.3715,10.052,0.0089,-0.0117,9.8066,0.0187,0.0447,-0.0344,-17.69,-26.94,35.88,350.15,-84.7,-162.64
52.399063,-1.504387,160.5,10.99,3,164.77,20 / 23,146829,2019-09-06 18:18:33:511,0.6762,-0.4091,9.5994,0.0038,0.0068,9.8066,-0.0192,0.0037,0.0029,-17.5,-26.87,35.44,351.05,-84.74,-162.44
52.399063,-1.504387,160.5,10.99,3,164.77,20 / 23,146929,2019-09-06 18:18:33:611,0.1498,0.0833,9.9495,-0.0122,0.013,9.8066,0.0682,-0.0062,0.0053,-17.56,-27.62,35,350.02,-84.89,-162.1
52.399063,-1.504387,160.5,10.99,3,164.77,20 / 23,147028,2019-09-06 18:18:33:710,-0.0512,0.4684,9.9684,-0.0072,0.0198,9.8066,0.0388,-0.0037,-0.0093,-17.81,-26.69,34.88,349.98,-84.91,-162.16
52.399063,-1.504387,160.5,10.99,3,164.77,20 / 23,147128,2019-09-06 18:18:33:810,0.1796,0.0975,9.8998,0.006,-0.0046,9.8066,0.0118,0.0069,-0.0071,-17.25,-26,35.19,350.55,-84.92,-162.95
52.399063,-1.504387,160.5,10.99,3,164.77,20 / 23,147229,2019-09-06 18:18:33:911,-0.5706,-0.1954,9.9938,-0.0037,0.0095,9.8066,0.0353,0.0511,-0.0246,-16.44,-26.44,34.63,351.64,-84.88,-163.26
52.399063,-1.504387,160.5,10.99,3,164.77,20 / 23,147328,2019-09-06 18:18:34:010,-0.1278,0.226,10.117,0.0002,0.0042,9.8066,-0.0176,-0.0099,0.0293,-16.5,-26.87,33.81,351.47,-84.92,-163.41
52.399063,-1.504387,160.5,10.99,3,164.77,19 / 21,147429,2019-09-06 18:18:34:111,0.0219,0.5567,9.729,-0.0052,0.0135,9.8066,0.0054,-0.0051,-0.0056,-17.06,-27.12,34.5,350.16,-85.03,-163.3
52.399063,-1.504387,160.5,10.99,3,164.77,19 / 21,147529,2019-09-06 18:18:34:211,-0.2805,0.7109,9.7035,-0.014,-0.0121,9.8066,-0.0349,0.039,0.0587,-17.75,-27.62,34.69,349.61,-84.92,-162.48
52.399063,-1.504387,160.5,10.99,3,164.77,19 / 21,147628,2019-09-06 18:18:34:310,1.1688,-0.2376,9.2375,0.0001,0.0115,9.8066,-0.026,0.0664,-0.0022,-17.56,-26.81,35.63,352.11,-84.82,-160.81
52.399063,-1.504387,160.5,10.99,3,164.77,19 / 21,147729,2019-09-06 18:18:34:411,0.3353,-0.1233,9.1113,-0.0076,-0.0096,9.8066,-0.0645,0.0165,0.0398,-17.56,-27.12,34.13,353.28,-84.63,-158.35
52.399063,-1.504387,160.5,10.99,3,164.77,19 / 21,147828,2019-09-06 18:18:34:510,-0.3327,0.4234,9.9259,-0.002,-0.0037,9.8066,0.0278,-0.0595,0.0395,-17.5,-27.81,34,356.49,-84.74,-156.69
52.399063,-1.504387,160.5,10.99,3,164.77,19 / 21,147929,2019-09-06 18:18:34:611,-1.0093,0.3576,10.1477,-0.0097,0.0344,9.8065,-0.0395,0.0266,-0.0442,-16.25,-27.5,34.88,1.66,-85.1,-153.88
52.399063,-1.504387,160.5,10.99,3,164.77,19 / 21,148029,2019-09-06 18:18:34:711,-0.2584,1.1984,10.2024,-0.0111,0.0078,9.8066,0.0416,-0.0428,0.0138,-17.06,-28.25,34.75,1.21,-85.08,-152.96
52.399063,-1.504387,160.5,10.99,3,164.77,19 / 21,148129,2019-09-06 18:18:34:811,-0.014,0.7571,10.1209,0.0106,-0.0238,9.8066,0.0519,0.0315,-0.0221,-16.69,-27.87,35.56,0.47,-85.05,-154.28
52.399063,-1.504387,160.5,10.99,3,164.77,19 / 21,148229,2019-09-06 18:18:34:911,0.2216,0.3553,9.8451,0.0144,-0.0098,9.8066,-0.026,0.0371,-0.0327,-17.44,-27.5,35.94,358.94,-84.8,-155.71
52.399063,-1.504387,160.5,10.99,3,164.77,19 / 21,148329,2019-09-06 18:18:35:011,-0.9836,0.1656,9.9672,-0.0038,0.0002,9.8066,-0.0216,-0.0659,0.0511,-17.56,-27.37,35.88,357.26,-84.76,-156
52.399063,-1.504387,160.5,10.99,3,164.77,20 / 22,148428,2019-09-06 18:18:35:110,-0.754,-0.446,9.6806,0.0071,0.0217,9.8066,0.0197,0.0302,-0.0505,-18.25,-27.56,36.94,356.52,-84.92,-157.31
52.399063,-1.504387,160.5,10.99,3,164.77,20 / 22,148528,2019-09-06 18:18:35:210,-0.448,-0.2042,9.8056,0.0126,0.0112,9.8066,-0.0382,0.0036,-0.0637,-18.25,-27.25,35.63,356.11,-84.98,-157.09
52.399063,-1.504387,160.5,10.99,3,164.77,20 / 22,148629,2019-09-06 18:18:35:311,-1.3914,0.1503,9.7429,0.0015,0.0012,9.8066,-0.0169,-0.0677,0.056,-18.12,-27.5,34.44,353.34,-85.15,-158.35
52.399063,-1.504387,160.5,10.99,3,164.77,20 / 22,148728,2019-09-06 18:18:35:410,0.7143,-0.1597,9.4548,0.0143,0.0143,9.8065,-0.0121,0.002,-0.0451,-18.5,-27.37,34.25,351.69,-85.28,-159.91
52.399063,-1.504387,160.5,10.99,3,164.77,20 / 22,148829,2019-09-06 18:18:35:511,-0.2875,-0.1826,9.5804,-0.0022,0.0061,9.8066,-0.0199,-0.035,0.0051,-17.69,-28,34.81,351.75,-85.34,-160.53
52.399063,-1.504387,160.5,10.99,3,164.77,20 / 22,148929,2019-09-06 18:18:35:611,-0.5671,0.5503,10.1135,0.0031,0.0136,9.8066,-0.0365,-0.0151,-0.0252,-18.06,-28.37,33.81,349.43,-85.5,-162.04
52.399063,-1.504387,160.5,10.99,3,164.77,20 / 22,149029,2019-09-06 18:18:35:711,0.2429,0.6162,9.7508,0.0062,0.0104,9.8066,0.0429,-0.0421,0.0046,-17.31,-28.37,34.44,349.36,-85.53,-163.43
52.399063,-1.504387,160.5,10.99,3,164.77,20 / 22,149129,2019-09-06 18:18:35:811,-0.1018,0.0926,10.0589,-0.0007,0.004,9.8066,-0.0135,-0.0105,-0.0033,-17.62,-28.69,33.94,345.88,-85.38,-165.33
52.399063,-1.504387,160.5,10.99,3,164.77,20 / 22,149229,2019-09-06 18:18:35:911,0.0595,0.1742,10.0866,-0.0039,0.0108,9.8066,0.061,0.0151,-0.0009,-17.44,-28.25,33.63,346.9,-85.37,-165.72
52.399063,-1.504387,160.5,10.99,3,164.77,20 / 22,149328,2019-09-06 18:18:36:010,0.5629,-0.2777,9.7038,0.0079,-0.0077,9.8066,0.0205,0.0263,-0.0055,-18.37,-28.44,33.19,344.62,-85.23,-165.77
52.398167,-1.503902,160.37,11.43,2,161.51,20 / 23,149428,2019-09-06 18:18:36:110,0.4346,-0.0495,9.8982,0.0054,-0.0188,9.8066,-0.1165,-0.0177,-0.0242,-19.69,-28.87,33.38,342.45,-85.34,-165.22
52.398167,-1.503902,160.37,11.43,2,161.51,20 / 23,149528,2019-09-06 18:18:36:210,0.0159,0.2214,9.7555,-0.0163,0.0105,9.8065,0.0111,-0.0097,-0.0106,-20.94,-28.25,35.25,344.16,-85.37,-163.96
52.398167,-1.503902,160.37,11.43,2,161.51,20 / 23,149628,2019-09-06 18:18:36:310,-0.4425,-0.481,9.7341,0.0014,-0.0131,9.8066,-0.0059,0.0366,-0.048,-19.37,-28.12,37.31,348.32,-85.33,-163.82
52.398167,-1.503902,160.37,11.43,2,161.51,20 / 23,149729,2019-09-06 18:18:36:411,-0.0477,0.24,10.02,0.0004,0.0073,9.8066,0.0124,-0.0281,0.0324,-17.56,-27.81,36.81,349.09,-85.36,-164.34
52.398167,-1.503902,160.37,11.43,2,161.51,20 / 23,149829,2019-09-06 18:18:36:511,-0.6422,-0.0739,9.5199,0.0068,-0.0043,9.8066,-0.0384,-0.008,-0.0036,-16.44,-27.37,36.13,351.82,-85.28,-163.73
52.398167,-1.503902,160.37,11.43,2,161.51,20 / 23,149931,2019-09-06 18:18:36:613,-0.0685,0.3211,9.4708,0.0014,-0.0129,9.8066,-0.0929,0.0079,0.0084,-16.5,-28.5,34.88,350.61,-85.22,-164.22
52.398167,-1.503902,160.37,11.43,2,161.51,20 / 23,150029,2019-09-06 18:18:36:711,-0.0309,0.2549,9.9004,-0.0021,0.0154,9.8066,0.034,0.0028,-0.0033,-17.19,-28.31,34.63,349.66,-85.43,-163.81
52.398167,-1.503902,160.37,11.43,2,161.51,20 / 23,150129,2019-09-06 18:18:36:811,-0.0901,0.9829,9.8155,-0.0021,0.0036,9.8066,-0.0295,0.0393,-0.0376,-16.94,-27.87,34.31,349.15,-85.51,-163.63
52.398167,-1.503902,160.37,11.43,2,161.51,20 / 23,150228,2019-09-06 18:18:36:910,-0.8677,1.1571,10.2443,0.0002,0.0073,9.8066,0.0237,0.0158,0.0089,-16.81,-28.62,34.56,349.05,-85.59,-164.38
52.398167,-1.503902,160.37,11.43,2,161.51,20 / 23,150329,2019-09-06 18:18:37:011,0.3315,0.247,10.2411,0.0006,-0.0003,9.8066,-0.0081,0.0187,-0.0464,-17.12,-28.19,34.13,347.77,-85.59,-164.94
52.398167,-1.503902,160.37,11.43,2,161.51,20 / 22,150429,2019-09-06 18:18:37:111,-0.3086,0.0309,9.8109,0.0079,-0.0132,9.8065,-0.0157,0.0066,0.0308,-17.25,-28.44,34.56,347.59,-85.29,-165.74
52.398167,-1.503902,160.37,11.43,2,161.51,20 / 22,150528,2019-09-06 18:18:37:210,0.4457,-0.3435,9.9247,-0.0057,-0.0157,9.8066,0.034,0.0303,-0.0063,-16.56,-28.44,34.88,348.32,-85.23,-165.04
52.398167,-1.503902,160.37,11.43,2,161.51,20 / 22,150629,2019-09-06 18:18:37:311,0.077,-0.3384,9.6977,0,-0.0065,9.8066,-0.0624,0.0324,-0.0025,-17.19,-28.12,34.94,349.34,-85.21,-164.08
52.398167,-1.503902,160.37,11.43,2,161.51,20 / 22,150728,2019-09-06 18:18:37:410,-0.4888,0.3981,9.6864,-0.0028,-0.0094,9.8066,-0.0469,-0.0063,0.0464,-17.56,-28.62,34.06,348.19,-85.29,-163.14
52.398167,-1.503902,160.37,11.43,2,161.51,20 / 22,150828,2019-09-06 18:18:37:510,-0.8468,0.2287,9.7785,-0.0111,0.0153,9.8066,0.0229,0.0321,0.0043,-17.25,-27.75,34.38,351.15,-85.39,-161.74
52.398167,-1.503902,160.37,11.43,2,161.51,20 / 22,150929,2019-09-06 18:18:37:611,0.0996,-0.2494,9.8558,-0.0143,0.0064,9.8065,0.0202,0.0271,0.033,-18.37,-27.94,33.38,350.54,-85.54,-160.28
52.398167,-1.503902,160.37,11.43,2,161.51,20 / 22,151029,2019-09-06 18:18:37:711,0.2055,0.0144,10.3353,0.0016,-0.0082,9.8066,0.0364,-0.0038,0.0485,-18.87,-27.75,34.19,350.17,-85.46,-160.04
52.398167,-1.503902,160.37,11.43,2,161.51,20 / 22,151129,2019-09-06 18:18:37:811,0.9403,0.0223,10.3099,-0.0063,-0.0106,9.8066,0.0167,0.0285,0.0116,-19.06,-27.94,35.19,352.36,-85.33,-158.69
52.398167,-1.503902,160.37,11.43,2,161.51,20 / 22,151229,2019-09-06 18:18:37:911,0.2513,-0.5615,10.1405,-0.0139,-0.0213,9.8066,-0.0276,0.0089,0.0382,-17.94,-28.44,35.5,356.53,-85,-156.68
52.398167,-1.503902,160.37,11.43,2,161.51,20 / 22,151329,2019-09-06 18:18:38:011,-0.2656,0.7944,9.3634,-0.0153,-0.0099,9.8066,0.005,-0.0492,0.0508,-18.19,-27.75,34.88,358.02,-84.88,-154.63
52.398167,-1.503902,160.37,11.43,2,161.51,20 / 22,151429,2019-09-06 18:18:38:111,-0.1902,0.0823,9.6626,-0.0148,0.009,9.8066,-0.0453,0.0109,-0.0119,-18.25,-28.31,34.19,359.95,-84.88,-152.15
52.398167,-1.503902,160.37,11.43,2,161.51,20 / 22,151529,2019-09-06 18:18:38:211,-0.3105,0.4971,9.5894,-0.001,-0.0022,9.8066,0.0045,-0.0273,0.0173,-18.31,-27.75,34.06,2.39,-85.06,-149.87
52.398167,-1.503902,160.37,11.43,2,161.51,20 / 22,151628,2019-09-06 18:18:38:310,-0.0775,0.0978,10.1098,-0.0034,0.0184,9.8066,0.0108,0.0168,-0.0627,-18.87,-27.31,34.31,2.28,-85.38,-148.66
52.398167,-1.503902,160.37,11.43,2,161.51,20 / 22,151729,2019-09-06 18:18:38:411,-0.0124,-0.368,9.6475,0.0062,0.018,9.8066,0.0405,-0.0079,-0.0087,-18.81,-27.25,34.19,0.19,-85.47,-150.63
52.398167,-1.503902,160.37,11.43,2,161.51,20 / 22,151828,2019-09-06 18:18:38:510,0.0153,0.3053,9.614,0.0044,-0.0047,9.8066,0.0256,-0.0172,-0.0038,-18.06,-28,34.63,0.4,-85.42,-152.4
52.398167,-1.503902,160.37,11.43,2,161.51,20 / 22,151929,2019-09-06 18:18:38:611,1.2775,-0.1541,9.3223,0.0081,0.0031,9.8066,-0.0609,0.019,-0.0456,-18.19,-28.19,35.19,0.2,-85.47,-152.59
52.398167,-1.503902,160.37,11.43,2,161.51,20 / 22,152029,2019-09-06 18:18:38:711,-0.3849,-0.2591,9.3892,-0.0102,-0.0007,9.8066,-0.1458,0.0398,-0.0802,-18.12,-28.56,34.88,1.05,-85.77,-151.79
52.398167,-1.503902,160.37,11.43,2,161.51,20 / 22,152128,2019-09-06 18:18:38:810,-0.1785,-0.0626,10.3596,0.0205,0.0072,9.8065,-0.0656,-0.0158,-0.0335,-17.31,-28.69,34.81,2.35,-86.08,-151.87
52.398167,-1.503902,160.37,11.43,2,161.51,20 / 22,152229,2019-09-06 18:18:38:911,-0.9166,1.1028,10.834,0.0026,-0.0137,9.8066,0.0949,0.0288,-0.0442,-17.25,-28,34.63,0.32,-86.11,-153.79
52.398167,-1.503902,160.37,11.43,2,161.51,20 / 22,152329,2019-09-06 18:18:39:011,0.4302,-0.0245,10.4056,0.0241,-0.0225,9.8065,0.112,0.0075,0.0072,-16.69,-28.12,35.13,355.71,-85.8,-158.15
52.398167,-1.503902,160.37,11.43,2,161.51,20 / 22,152429,2019-09-06 18:18:39:111,0.3648,-0.7834,9.5349,0.0178,-0.0297,9.8065,-0.0423,-0.048,0.0435,-16.75,-27.87,35.19,352.9,-85.43,-160.76
52.398167,-1.503902,160.37,11.43,2,161.51,20 / 22,152529,2019-09-06 18:18:39:211,0.3419,0.8838,10.0659,-0.0162,0.0172,9.8066,-0.0735,0.0401,-0.0559,-17,-28.19,34.19,353.39,-85.44,-159.64
52.398167,-1.503902,160.37,11.43,2,161.51,20 / 22,152628,2019-09-06 18:18:39:310,0.2829,-0.0825,10.1885,-0.0098,0.0193,9.8065,-0.0043,-0.0153,0.0526,-16.81,-27.31,33.94,353.96,-85.65,-159.14
52.398167,-1.503902,160.37,11.43,2,161.51,20 / 22,152729,2019-09-06 18:18:39:411,-0.0181,-0.3598,9.6207,0.0069,-0.0141,9.8066,0.0157,0.0035,0.0428,-18.19,-27.37,33.19,352.86,-85.58,-158.11
52.398167,-1.503902,160.37,11.43,2,161.51,20 / 22,152829,2019-09-06 18:18:39:511,-0.5085,0.4707,9.7523,0.0005,-0.024,9.8066,0.0025,-0.0421,0.0288,-18.62,-27.69,34.63,352.98,-85.36,-158.11
52.398167,-1.503902,160.37,11.43,2,161.51,20 / 22,152929,2019-09-06 18:18:39:611,-0.5734,0.5621,9.9997,-0.0163,0.01,9.8066,0.0052,-0.0284,0.0008,-18.44,-27.06,34.88,356.88,-85.31,-155.71
52.398167,-1.503902,160.37,11.43,2,161.51,20 / 22,153028,2019-09-06 18:18:39:710,-0.1025,0.377,10.2758,-0.0095,0.0081,9.8066,0.019,-0.0275,0.0279,-18.06,-27.75,35,357.75,-85.28,-154.9
52.398167,-1.503902,160.37,11.43,2,161.51,20 / 22,153129,2019-09-06 18:18:39:811,-0.3791,0.0422,10.0792,-0.0148,0.0029,9.8066,0.1517,0.1101,0.0084,-17.75,-28.62,34.31,359.6,-85.19,-152.48
52.398167,-1.503902,160.37,11.43,2,161.51,20 / 22,153229,2019-09-06 18:18:39:911,0.1484,-1.3836,8.6867,-0.0312,0.021,9.8065,0.134,-0.0629,0.1274,-17.37,-29.5,34,3.65,-85.18,-150.03
52.398167,-1.503902,160.37,11.43,2,161.51,20 / 22,153329,2019-09-06 18:18:40:011,-1.2864,0.5949,9.3884,0.0132,0.0122,9.8066,-0.2076,-0.037,-0.0069,-17.62,-29.37,35,6.46,-85.45,-146.72
52.398167,-1.503902,160.37,11.43,2,161.51,20 / 22,153428,2019-09-06 18:18:40:110,-0.4789,1.6188,9.5958,0.0019,0.0072,9.8066,-0.105,-0.0894,-0.0049,-17.87,-28.62,34.13,6.65,-85.95,-145.82
52.398167,-1.503902,160.37,11.43,2,161.51,20 / 22,153529,2019-09-06 18:18:40:211,-0.2319,0.0498,9.8903,0.0121,0.0181,9.8065,0.1725,0.0623,-0.0653,-17.62,-28.5,33.69,6.14,-86.06,-146.29
52.398167,-1.503902,160.37,11.43,2,161.51,20 / 22,153628,2019-09-06 18:18:40:310,-0.1047,-1.0978,9.7725,0.005,0.0203,9.8066,0.1652,-0.0382,0.0533,-17.56,-28.56,34.06,1.44,-86.06,-150.74
52.398167,-1.503902,160.37,11.43,2,161.51,20 / 22,153729,2019-09-06 18:18:40:411,-0.5206,0.1306,10.1904,0.0241,-0.016,9.8065,-0.0631,-0.0664,0.0319,-17.31,-28.19,33.69,0.53,-85.78,-152.94
52.398167,-1.503902,160.37,11.43,2,161.51,20 / 22,153829,2019-09-06 18:18:40:511,-1.0313,1.3587,10.0328,0.0061,-0.0171,9.8066,0.0236,0.0677,-0.0464,-17.19,-28.75,34.13,1.17,-85.88,-152.34
52.398167,-1.503902,160.37,11.43,2,161.51,20 / 22,153928,2019-09-06 18:18:40:610,0.187,0.4854,9.6549,-0.0034,0.0043,9.8066,-0.0107,0.0471,-0.051,-17.19,-28.56,34.38,0.41,-85.9,-153.05
52.398167,-1.503902,160.37,11.43,2,161.51,20 / 22,154029,2019-09-06 18:18:40:711,-0.5259,0.4135,9.915,0.0001,0.0142,9.8066,0.0035,-0.0292,0.0211,-17.25,-28.06,33.88,0.07,-85.97,-153.37
52.398167,-1.503902,160.37,11.43,2,161.51,20 / 22,154129,2019-09-06 18:18:40:811,-0.3814,0.3262,9.8733,0.0074,-0.0084,9.8066,-0.0047,-0.0255,-0.0437,-17.25,-28.06,33.88,359.37,-85.98,-154.03
52.398167,-1.503902,160.37,11.43,2,161.51,20 / 22,154229,2019-09-06 18:18:40:911,-0.2927,0.5267,9.8831,0.0069,-0.0022,9.8066,0.025,0.017,-0.052,-17.62,-28.37,33.25,356.57,-86.02,-154.63
52.398167,-1.503902,160.37,11.43,2,161.51,20 / 22,154328,2019-09-06 18:18:41:010,-0.0274,0.4103,10.0204,-0.0045,0.0044,9.8066,0.0462,0.0031,0.0074,-17.5,-27.5,34.56,357.24,-86.02,-156.72
52.398167,-1.503902,160.37,11.43,2,161.51,20 / 22,154429,2019-09-06 18:18:41:111,-0.3754,0.3219,9.9295,-0.0075,0.014,9.8066,0.0202,-0.0591,-0.0102,-18.31,-27.5,34.69,355.73,-85.98,-156.84
52.398167,-1.503902,160.37,11.43,2,161.51,20 / 22,154529,2019-09-06 18:18:41:211,0.1871,1.3011,9.8492,0.0059,-0.0195,9.8065,-0.015,0.0023,0.0012,-17.56,-27.69,34.63,356.45,-85.93,-156.15
52.398167,-1.503902,160.37,11.43,2,161.51,20 / 22,154629,2019-09-06 18:18:41:311,-0.3774,0.4525,10.0416,0.0031,-0.0105,9.8066,0.0005,0.0259,0.0246,-17.69,-28.31,34.88,356.39,-85.83,-156.2
52.398167,-1.503902,160.37,11.43,2,161.51,20 / 22,154729,2019-09-06 18:18:41:411,0.375,0.5023,9.7544,-0.0148,0.0173,9.8066,0.0418,-0.0252,0.0069,-17.56,-28.62,34.88,357.43,-85.86,-155.21
52.398167,-1.503902,160.37,11.43,2,161.51,20 / 22,154829,2019-09-06 18:18:41:511,-0.3691,0.4658,9.9488,-0.0058,0.0121,9.8065,0.045,-0.0203,-0.0047,-17.31,-28.5,35.31,358.88,-85.77,-155.16
52.398167,-1.503902,160.37,11.43,2,161.51,20 / 22,154929,2019-09-06 18:18:41:611,-0.1748,-0.2947,9.8177,0.0116,-0.0163,9.8065,-0.0124,0.0095,0.023,-17.37,-27.94,34,357.48,-85.55,-155.8
52.398167,-1.503902,160.37,11.43,2,161.51,20 / 22,155029,2019-09-06 18:18:41:711,-0.2596,0.1232,9.5196,0.0061,-0.0197,9.8065,0.0001,0.0119,-0.0293,-17.31,-28.62,34.63,358.09,-85.55,-155.89
52.398167,-1.503902,160.37,11.43,2,161.51,20 / 22,155128,2019-09-06 18:18:41:810,0.2461,0.4426,9.6342,-0.0131,0.0277,9.8066,0.0034,-0.022,0.0056,-17.69,-28.25,34.06,356.48,-85.54,-155.41
52.398167,-1.503902,160.37,11.43,2,161.51,20 / 22,155228,2019-09-06 18:18:41:910,-0.3519,1.1567,9.9521,-0.0097,0.0251,9.8065,-0.0132,0.039,0.0162,-17.5,-28.19,33.69,359.84,-85.87,-153.59
52.398167,-1.503902,160.37,11.43,2,161.51,20 / 22,155329,2019-09-06 18:18:42:011,0.288,0.0028,9.4666,0.0011,0.0026,9.8066,-0.0603,0.008,-0.005,-17.56,-28.19,34.25,359.34,-85.98,-152.72
52.398167,-1.503902,160.37,11.43,2,161.51,21 / 23,155429,2019-09-06 18:18:42:111,-0.4327,0.1122,9.6313,-0.0019,-0.0005,9.8065,-0.0125,0.0138,0.047,-18.44,-27.69,33.63,0.1,-86.05,-152.01
52.398167,-1.503902,160.37,11.43,2,161.51,21 / 23,155529,2019-09-06 18:18:42:211,-0.2052,0.7504,10.0756,-0.0068,0.002,9.8066,0.0047,0.0223,-0.0294,-18.25,-26.44,34.06,1.86,-86.11,-150.34
52.398167,-1.503902,160.37,11.43,2,161.51,21 / 23,155628,2019-09-06 18:18:42:310,0.0433,0.366,9.8984,-0.0092,0.0059,9.8065,-0.0121,0.0318,-0.0226,-19.87,-26.56,33.44,358.92,-86.13,-149.81
52.398167,-1.503902,160.37,11.43,2,161.51,21 / 23,155729,2019-09-06 18:18:42:411,-0.079,0.9105,10.1673,0.0044,0.0027,9.8066,0.0533,0.0167,0.0053,-18.75,-25.12,34.31,0.02,-86.16,-150.78
52.398167,-1.503902,160.37,11.43,2,161.51,21 / 23,155829,2019-09-06 18:18:42:511,-0.1809,0.5866,9.9855,0.0011,0.0025,9.8066,0.0634,0.0067,-0.005,-19.12,-25.06,35.13,0.27,-86.16,-151.24
52.398167,-1.503902,160.37,11.43,2,161.51,21 / 23,155928,2019-09-06 18:18:42:610,0.4996,-0.0957,9.8183,0.0073,-0.0141,9.8066,-0.0514,-0.0092,0.016,-18.94,-26,34.81,358.75,-86.02,-152.69
52.398167,-1.503902,160.37,11.43,2,161.51,21 / 23,156029,2019-09-06 18:18:42:711,0.1402,0.5085,9.6261,0.01,-0.0078,9.8066,0.0527,-0.0174,0.0415,-17.87,-25.87,35.63,0.23,-85.95,-153.22
52.398167,-1.503902,160.37,11.43,2,161.51,21 / 23,156128,2019-09-06 18:18:42:810,-0.0955,-0.0142,10.0763,-0.0078,0.0041,9.8066,0.0381,0.029,-0.0026,-17.62,-26.62,35,359.8,-85.93,-152.98
52.398167,-1.503902,160.37,11.43,2,161.51,21 / 23,156229,2019-09-06 18:18:42:911,0.2775,0.4387,9.8498,-0.0095,0.0191,9.8066,0.0769,0.0561,-0.0228,-17.06,-26.44,34.56,1.39,-86,-152.77
52.398167,-1.503902,160.37,11.43,2,161.51,21 / 23,156329,2019-09-06 18:18:43:011,-0.8287,0.1217,10.1598,0.0015,-0.0134,9.8066,-0.0265,0.0283,-0.0504,-17.5,-27.44,33.94,0.14,-86.03,-153.31
52.398167,-1.503902,160.37,11.43,2,161.51,20 / 23,156429,2019-09-06 18:18:43:111,-0.4431,-0.0528,10.0489,0.0101,0.0055,9.8066,0.0449,-0.0319,0.0091,-16.75,-28.25,33.88,359.06,-86.08,-154.33
52.398167,-1.503902,160.37,11.43,2,161.51,20 / 23,156528,2019-09-06 18:18:43:210,0.2526,0.4128,9.7409,0.0046,0.0074,9.8066,0.0099,0.0149,-0.0508,-16.62,-27.69,34.06,357.38,-86.12,-155.91
52.398167,-1.503902,160.37,11.43,2,161.51,20 / 23,156628,2019-09-06 18:18:43:310,0.5439,0.1129,9.7462,0.0071,0.006,9.8066,0.0249,0.021,-0.0382,-16.12,-27.81,34.25,357.19,-86.16,-157.46
52.398167,-1.503902,160.37,11.43,2,161.51,20 / 23,156729,2019-09-06 18:18:43:411,0.4768,0.5128,9.4365,0.0103,0.0223,9.8066,-0.0935,0.013,0.0181,-16.31,-27.87,33.5,355.82,-86.2,-158.77
52.398167,-1.503902,160.37,11.43,2,161.51,20 / 23,156828,2019-09-06 18:18:43:510,0.1265,0.4995,9.6304,0.0026,0.0132,9.8066,-0.0001,0.0645,-0.0377,-15.94,-27.75,32.5,352.69,-86.48,-161.09
52.398167,-1.503902,160.37,11.43,2,161.51,20 / 23,156928,2019-09-06 18:18:43:610,-0.1454,0.4393,9.8868,0.0092,0.0084,9.8066,-0.0029,-0.0002,-0.041,-16.62,-27.44,32.56,348.99,-86.55,-163.26
52.398167,-1.503902,160.37,11.43,2,161.51,20 / 23,157029,2019-09-06 18:18:43:711,0.4639,0.5658,9.926,0.0036,0.0095,9.8066,0.0527,0.0593,-0.0215,-17.12,-27.56,33.44,346.91,-86.58,-165.23
52.398167,-1.503902,160.37,11.43,2,161.51,20 / 23,157128,2019-09-06 18:18:43:810,0.3063,0.6835,9.6985,0.0058,-0.0145,9.8066,-0.0258,0.0243,0.0076,-17.37,-27.31,33.69,346.56,-86.47,-166.27
52.398167,-1.503902,160.37,11.43,2,161.51,20 / 23,157229,2019-09-06 18:18:43:911,-0.2343,0.8954,10.5371,0.0037,-0.0283,9.8066,-0.0786,0.0316,-0.0052,-17.56,-28.25,34.56,346.51,-86.3,-165.63
52.398167,-1.503902,160.37,11.43,2,161.51,20 / 23,157329,2019-09-06 18:18:44:011,-0.2896,0.9746,10.2605,-0.0039,0.0102,9.8066,0.1363,0.0522,0.0195,-17.87,-27.44,34.44,345.85,-86.27,-165.58
52.398167,-1.503902,160.37,11.43,2,161.51,19 / 21,157429,2019-09-06 18:18:44:111,-0.4406,-0.2743,9.9645,-0.0073,0.0019,9.8066,0.0596,-0.0025,0.0142,-17.75,-27.56,34.94,346.53,-86.18,-165.59
52.398167,-1.503902,160.37,11.43,2,161.51,19 / 21,157528,2019-09-06 18:18:44:210,0.5184,-0.0539,9.5851,0.0037,-0.0035,9.8066,0.0175,-0.0078,0.0216,-18.5,-28.12,35.44,346.91,-86,-165.2
52.398167,-1.503902,160.37,11.43,2,161.51,19 / 21,157628,2019-09-06 18:18:44:310,-0.271,0.7532,10.0325,0.0046,-0.0022,9.8066,-0.0519,0.0167,0.0051,-17.75,-28,35,347.1,-86.01,-165.02
52.398167,-1.503902,160.37,11.43,2,161.51,19 / 21,157729,2019-09-06 18:18:44:411,0.2023,-0.0137,9.6034,0.0086,-0.0088,9.8065,-0.0664,0.045,-0.014,-17.94,-27.75,34.88,346.16,-86.05,-165.92
52.398167,-1.503902,160.37,11.43,2,161.51,19 / 21,157829,2019-09-06 18:18:44:511,-1.1729,0.7023,10.4273,0.0151,-0.0409,9.8065,-0.017,-0.0092,0.0493,-17.94,-28.56,34.38,345,-85.98,-166.29
52.398167,-1.503902,160.37,11.43,2,161.51,19 / 21,157929,2019-09-06 18:18:44:611,0.3553,0.7846,10.2279,-0.0042,0.0031,9.8066,0.0368,0.0056,0.0451,-17.62,-28.69,34.06,345.39,-86.06,-165.93
52.398167,-1.503902,160.37,11.43,2,161.51,19 / 21,158028,2019-09-06 18:18:44:710,0.643,-0.1337,9.5368,-0.0148,-0.0023,9.8066,0.0026,0.0182,-0.0415,-18.25,-28.87,34.69,347.93,-85.95,-164.2
52.398167,-1.503902,160.37,11.43,2,161.51,19 / 21,158129,2019-09-06 18:18:44:811,1.4389,-0.5599,7.8856,-0.0161,0.0377,9.8065,-0.0857,0.002,0.0367,-18,-28.94,34.5,348.37,-85.99,-163.79
52.398167,-1.503902,160.37,11.43,2,161.51,19 / 21,158229,2019-09-06 18:18:44:911,-0.9461,0.0761,10.6479,-0.0201,-0.0379,9.8065,-0.1593,0.0833,-0.0019,-18.87,-29.19,34.13,349.89,-85.77,-160.33
52.398167,-1.503902,160.37,11.43,2,161.51,19 / 21,158328,2019-09-06 18:18:45:010,-0.8717,0.9557,10.7301,-0.0083,0.0166,9.8066,0.0351,0.0007,0.0241,-18.75,-29,34.06,351.14,-86.11,-159.19
52.39735,-1.503437,159.89,9.26,2,157.99,19 / 21,158429,2019-09-06 18:18:45:111,-1.6207,2.2523,9.5124,-0.0014,0.0163,9.8065,0.0807,0.0677,0.0061,-18.81,-28.81,33.75,350.26,-85.95,-160.01
52.39735,-1.503437,159.89,9.26,2,157.99,19 / 21,158528,2019-09-06 18:18:45:210,0.1703,0.8955,9.3547,0.0233,0.0314,9.8066,0.0292,-0.0266,-0.0678,-17.94,-28.5,34.38,346.3,-85.75,-165.04
52.39735,-1.503437,159.89,9.26,2,157.99,19 / 21,158629,2019-09-06 18:18:45:311,0.439,0.0377,9.759,0.025,-0.0081,9.8066,0.0592,0.0997,-0.0679,-18.5,-28.5,35.06,340.29,-85.33,-171.32
52.39735,-1.503437,159.89,9.26,2,157.99,19 / 21,158728,2019-09-06 18:18:45:410,-0.2004,0.0293,10.266,0.0376,0.0046,9.8065,-0.0336,0.0133,-0.1497,-18.44,-28.62,35.19,335.04,-85.27,-176.2
52.39735,-1.503437,159.89,9.26,2,157.99,19 / 21,158829,2019-09-06 18:18:45:511,0.0625,0.4826,9.4484,0.0067,0.0196,9.8066,0.015,0.0205,-0.0505,-17.5,-29.19,34.63,330.2,-85.36,177.9
52.39735,-1.503437,159.89,9.26,2,157.99,19 / 21,158928,2019-09-06 18:18:45:610,0.4779,0.2414,9.2521,0.0038,0.0279,9.8065,-0.0195,0.0164,-0.0355,-17.5,-29.25,35.5,327.37,-85.52,174.49
52.39735,-1.503437,159.89,9.26,2,157.99,19 / 21,159029,2019-09-06 18:18:45:711,-0.563,1.1145,9.4665,-0.0199,0.0192,9.8065,-0.0825,0.0485,-0.0622,-17.06,-28.87,34.75,325.34,-85.76,173.12
52.39735,-1.503437,159.89,9.26,2,157.99,19 / 21,159129,2019-09-06 18:18:45:811,-0.1971,0.3441,9.5987,-0.0201,0.0259,9.8065,0.0239,-0.0623,0.0569,-17.62,-28.62,34.56,323.9,-85.99,172.93
52.39735,-1.503437,159.89,9.26,2,157.99,19 / 21,159228,2019-09-06 18:18:45:910,-0.0499,1.6574,9.3198,0.0029,0.0018,9.8066,-0.0631,-0.0353,-0.0038,-17.44,-29.31,33.88,326.65,-85.91,175
52.39735,-1.503437,159.89,9.26,2,157.99,19 / 21,159329,2019-09-06 18:18:46:011,-0.8971,-0.5348,10.1708,0.0137,-0.0308,9.8065,0.151,-0.0736,-0.068,-17.31,-29.19,35.06,328.47,-85.71,176.12
52.39735,-1.503437,159.89,9.26,2,157.99,20 / 21,159428,2019-09-06 18:18:46:110,1.4277,-0.5111,9.3212,0.0288,-0.0267,9.8065,-0.0438,-0.1035,0.0833,-17.25,-29,35.5,326.8,-85.38,174
52.39735,-1.503437,159.89,9.26,2,157.99,20 / 21,159529,2019-09-06 18:18:46:211,-0.9958,1.9114,8.9692,0.0203,-0.0139,9.8065,-0.1187,-0.0159,0.0205,-16.62,-28.31,35.5,325.82,-84.94,173.2
52.39735,-1.503437,159.89,9.26,2,157.99,20 / 21,159628,2019-09-06 18:18:46:310,0.4432,0.2053,9.9595,-0.0286,0.0148,9.8066,-0.039,-0.0668,-0.2384,-16.56,-28.56,35.19,326.49,-85.07,174.52
52.39735,-1.503437,159.89,9.26,2,157.99,20 / 21,159729,2019-09-06 18:18:46:411,-1.1039,-0.354,8.8261,0.0101,0.071,9.8063,0.042,-0.16,0.0222,-17,-28.44,34.75,321.69,-85.37,169.76
52.39735,-1.503437,159.89,9.26,2,157.99,20 / 21,159828,2019-09-06 18:18:46:510,-0.7898,-0.853,9.3763,-0.0076,0.0068,9.8066,-0.0203,-0.0868,0.0413,-16.12,-28.81,34.88,321.57,-85.45,168.36
52.39735,-1.503437,159.89,9.26,2,157.99,20 / 21,159929,2019-09-06 18:18:46:611,-2.0439,-0.637,9.8375,-0.0165,0.0205,9.8066,-0.0497,-0.1296,-0.0393,-15.87,-28.75,35.13,321.7,-85.65,168.38
52.39735,-1.503437,159.89,9.26,2,157.99,20 / 21,160029,2019-09-06 18:18:46:711,-1.7054,-0.7916,9.6429,0.0054,-0.0062,9.8066,-0.0007,-0.1225,0.0079,-15.69,-28.81,35.63,323.32,-85.71,169.24
52.39735,-1.503437,159.89,9.26,2,157.99,20 / 21,160128,2019-09-06 18:18:46:810,-1.355,-1.1668,9.0833,-0.0032,0.0025,9.8066,-0.0094,-0.1833,0.0857,-15.25,-28.56,35.25,323.39,-85.82,168.56
52.39735,-1.503437,159.89,9.26,2,157.99,20 / 21,160228,2019-09-06 18:18:46:910,-1.8632,-0.6353,10.5945,-0.0257,0.0084,9.8066,0.0104,-0.2034,0.0305,-15.12,-29.37,35.19,327.06,-86.03,171.97
52.39735,-1.503437,159.89,9.26,2,157.99,20 / 21,160328,2019-09-06 18:18:47:010,-2.0399,-1.4595,10.2628,-0.0182,0.0116,9.8065,0.0279,-0.2504,0.0605,-15.06,-28.94,34.81,329.12,-86.11,173.9
52.39735,-1.503437,159.89,9.26,2,157.99,20 / 21,160428,2019-09-06 18:18:47:110,-1.2061,-1.3203,9.3915,0.0013,-0.0148,9.8066,0.0216,-0.1728,-0.0069,-14.62,-28.56,35.25,331.25,-86.01,175.97
52.39735,-1.503437,159.89,9.26,2,157.99,20 / 21,160528,2019-09-06 18:18:47:210,-1.246,-1.993,9.3015,0.0002,-0.0068,9.8066,0.0036,-0.2124,0.0952,-14.25,-29.06,35.56,333.61,-85.88,176.29
52.39735,-1.503437,159.89,9.26,2,157.99,20 / 21,160629,2019-09-06 18:18:47:311,-2.7972,-1.9571,9.2902,-0.051,0.0113,9.8064,-0.0523,-0.1281,0,-14.56,-28.94,36,334.58,-85.92,178.56
52.39735,-1.503437,159.89,9.26,2,157.99,20 / 21,160728,2019-09-06 18:18:47:410,-1.3475,-0.7643,9.9949,-0.0069,0.0467,9.8065,-0.0127,-0.2119,0.0398,-13.69,-29.31,34.94,338.7,-86.5,-178.49
52.39735,-1.503437,159.89,9.26,2,157.99,20 / 21,160829,2019-09-06 18:18:47:511,-1.3655,-0.6184,10.1595,0.0037,-0.0004,9.8066,-0.0739,-0.2156,-0.0261,-13.69,-29,35.19,338.96,-86.78,-178.31
52.39735,-1.503437,159.89,9.26,2,157.99,20 / 21,160929,2019-09-06 18:18:47:611,-0.6141,-0.6322,9.9768,-0.0183,-0.0255,9.8066,0.0266,-0.1388,-0.0061,-13.31,-29.06,34.81,343.37,-86.79,-175.52
52.39735,-1.503437,159.89,9.26,2,157.99,20 / 21,161028,2019-09-06 18:18:47:710,-2.2783,-1.9394,10.3848,-0.0021,-0.0319,9.8065,-0.0265,-0.1212,-0.0045,-12.81,-28.37,35.31,344.42,-86.39,-174.45
52.39735,-1.503437,159.89,9.26,2,157.99,20 / 21,161128,2019-09-06 18:18:47:810,-1.0899,-0.8191,9.6929,0.0264,-0.0344,9.8065,-0.0791,-0.2255,0.046,-12.94,-29,35.75,342.86,-86.03,-176.36
52.39735,-1.503437,159.89,9.26,2,157.99,20 / 21,161228,2019-09-06 18:18:47:910,-1.2926,-1.723,9.6304,-0.0018,0.0278,9.8066,0.121,-0.2766,0.021,-11.62,-28.44,34.94,344.57,-85.93,-175.65
52.39735,-1.503437,159.89,9.26,2,157.99,20 / 21,161329,2019-09-06 18:18:48:011,-1.6349,-2.0181,10.7464,-0.0198,0.0236,9.8065,0.0891,-0.219,-0.032,-11.69,-29.19,35.31,345.51,-86.08,-174.76
52.39735,-1.503437,159.89,9.26,2,157.99,20 / 21,161429,2019-09-06 18:18:48:111,-1.9338,-2.0173,9.9235,-0.0036,0.0527,9.8064,0.1465,-0.2516,0.0229,-10.94,-28.62,36.38,345.49,-86.43,-176.8
52.39735,-1.503437,159.89,9.26,2,157.99,20 / 21,161529,2019-09-06 18:18:48:211,-0.1314,-2.4299,9.7013,-0.011,0.0398,9.8066,0.0838,-0.1512,-0.0412,-11.06,-29.12,35.56,344.68,-86.34,-177.56
52.39735,-1.503437,159.89,9.26,2,157.99,20 / 21,161628,2019-09-06 18:18:48:310,-1.9094,-2.2008,9.8472,-0.0111,-0.0168,9.8066,0.0577,-0.1322,0.0044,-10.5,-28.94,35.5,347.1,-86.14,-176.68
52.39735,-1.503437,159.89,9.26,2,157.99,20 / 21,161729,2019-09-06 18:18:48:411,-1.9592,-0.9353,10.3279,-0.0148,0.0266,9.8065,0.0904,-0.2121,0.0464,-10.44,-29.81,35.38,348.09,-86.29,-175.31
52.39735,-1.503437,159.89,9.26,2,157.99,20 / 21,161829,2019-09-06 18:18:48:511,-0.0513,-2.1244,9.8344,-0.0045,-0.045,9.8065,-0.133,-0.08,-0.0538,-9.62,-29.12,35.25,349.84,-86.48,-173.7
52.39735,-1.503437,159.89,9.26,2,157.99,20 / 21,161928,2019-09-06 18:18:48:610,-1.502,-3.1212,9.3575,0.0107,-0.0087,9.8066,0.0664,-0.2353,0.1304,-9.44,-29.87,35.19,351.95,-86.39,-173.19
52.39735,-1.503437,159.89,9.26,2,157.99,20 / 21,162029,2019-09-06 18:18:48:711,-1.6327,-0.1658,10.5351,-0.0063,0.002,9.8066,-0.0697,-0.1855,-0.0671,-8.69,-29.37,35.69,356.04,-86.45,-169.72
52.39735,-1.503437,159.89,9.26,2,157.99,20 / 21,162129,2019-09-06 18:18:48:811,-0.8069,-0.7044,10.2269,0.0147,0.0156,9.8066,-0.0798,-0.1974,0.0193,-9.19,-29.62,35,353.66,-86.49,-171.59
52.39735,-1.503437,159.89,9.26,2,157.99,20 / 21,162229,2019-09-06 18:18:48:911,0.0621,-1.5853,9.5006,0.0126,0.012,9.8066,0.077,-0.2674,0.0739,-8.5,-29.5,35.44,352.81,-86.55,-173.96
52.39735,-1.503437,159.89,9.26,2,157.99,20 / 21,162329,2019-09-06 18:18:49:011,0.2935,-1.8287,9.6264,0.0018,0.0097,9.8066,0.0241,-0.03,-0.1078,-8.12,-29.5,35.69,353.27,-86.54,-173.87
52.39735,-1.503437,159.89,9.26,2,157.99,21 / 22,162428,2019-09-06 18:18:49:110,-0.4753,-0.6184,9.89,0.0034,0.0163,9.8066,-0.0349,-0.0093,0.0093,-7.81,-29.94,35.88,349.73,-86.7,-177.25
52.39735,-1.503437,159.89,9.26,2,157.99,21 / 22,162529,2019-09-06 18:18:49:211,-0.4253,-0.4628,9.1404,0.0073,0.0138,9.8066,-0.0345,-0.0931,-0.0411,-7.87,-29.44,35,345.91,-86.9,179.42
52.39735,-1.503437,159.89,9.26,2,157.99,21 / 22,162629,2019-09-06 18:18:49:311,1.1971,-2.4324,8.7846,0.0034,0.0273,9.8066,0.0656,-0.0359,-0.0093,-7.94,-30.25,35.13,344.12,-87.02,177.7
52.39735,-1.503437,159.89,9.26,2,157.99,21 / 22,162729,2019-09-06 18:18:49:411,-0.2148,-1.4578,9.2784,-0.0054,-0.0019,9.8066,-0.1158,-0.0088,-0.0091,-7.81,-29.5,34.88,344.14,-87.06,177.69
52.39735,-1.503437,159.89,9.26,2,157.99,21 / 22,162828,2019-09-06 18:18:49:510,1.3013,-1.466,9.2071,0.0063,0.0053,9.8066,-0.0701,-0.0879,0.0685,-7.06,-30.19,33.94,343.85,-87.21,176.17
52.39735,-1.503437,159.89,9.26,2,157.99,21 / 22,162929,2019-09-06 18:18:49:611,-0.0764,-1.1146,9.831,0.0025,-0.0232,9.8066,-0.0803,-0.0275,0.0123,-7.81,-29.87,34.25,344.46,-87.21,178.36
52.39735,-1.503437,159.89,9.26,2,157.99,21 / 22,163029,2019-09-06 18:18:49:711,0.6546,-1.2119,9.7086,-0.0141,0.0273,9.8066,0.0279,0.0474,-0.0478,-7.25,-29.62,33.69,346.17,-87.29,178.38
52.39735,-1.503437,159.89,9.26,2,157.99,21 / 22,163129,2019-09-06 18:18:49:811,0.4568,-1.0325,9.2437,-0.003,0.0263,9.8065,0.0055,0.0138,0.0088,-7.69,-30,33.5,344.16,-87.48,178
52.39735,-1.503437,159.89,9.26,2,157.99,21 / 22,163228,2019-09-06 18:18:49:910,0.7242,-1.5229,8.8519,-0.0036,-0.0113,9.8066,-0.1713,-0.0631,-0.0112,-7.56,-29.5,33.88,346.63,-87.59,-179.65
52.39735,-1.503437,159.89,9.26,2,157.99,21 / 22,163329,2019-09-06 18:18:50:011,0.8023,0.4005,9.7118,0.0099,0.0083,9.8066,-0.1081,-0.0117,0.0464,-7.5,-29.62,33.56,347.76,-87.83,179.8
52.39735,-1.503437,159.89,9.26,2,157.99,20 / 21,163428,2019-09-06 18:18:50:110,-0.1024,0.5646,8.9766,-0.0226,0.0269,9.8065,-0.0593,0.0651,-0.0467,-7.81,-30.12,33.13,350.18,-88.23,-175.92
52.39735,-1.503437,159.89,9.26,2,157.99,20 / 21,163529,2019-09-06 18:18:50:211,0.4244,0.2363,10.1022,-0.0215,0.0119,9.8065,0.0344,-0.064,0.0567,-7.69,-30.12,32.69,355.19,-88.37,-171.06
52.39735,-1.503437,159.89,9.26,2,157.99,20 / 21,163628,2019-09-06 18:18:50:310,-1.0048,0.9422,10.5736,-0.0185,-0.0063,9.8066,-0.0371,-0.073,0.041,-7.56,-30.87,33.19,1.86,-88.47,-164.56
52.39735,-1.503437,159.89,9.26,2,157.99,20 / 21,163728,2019-09-06 18:18:50:410,1.0655,0.484,9.4941,-0.0199,-0.0347,9.8065,-0.0323,0.0341,-0.0231,-8.06,-29.87,33.56,12.26,-88.13,-154.85
52.39735,-1.503437,159.89,9.26,2,157.99,20 / 21,163828,2019-09-06 18:18:50:510,0.4982,-0.7763,10.1268,-0.0287,-0.0064,9.8066,0.0918,-0.0429,0.1065,-8.12,-30.06,33.25,20.35,-87.8,-146.71
52.39735,-1.503437,159.89,9.26,2,157.99,20 / 21,163928,2019-09-06 18:18:50:610,0.2191,-0.5575,10.2982,-0.0167,-0.02,9.8066,0.0076,0.0168,-0.0215,-8.12,-29.94,33.31,23.07,-87.49,-144.19
52.39735,-1.503437,159.89,9.26,2,157.99,20 / 21,164029,2019-09-06 18:18:50:711,0.0765,0.748,10.1975,-0.0202,0.0011,9.8065,0.0384,-0.0334,0.116,-8.62,-29.62,33.81,27.11,-87.29,-139.15
52.39735,-1.503437,159.89,9.26,2,157.99,20 / 21,164128,2019-09-06 18:18:50:810,1.3535,1.1924,10.3765,-0.0363,-0.004,9.8065,0.0596,0.1142,0.0242,-8.81,-29.25,33.44,30.84,-86.96,-135.26
52.39735,-1.503437,159.89,9.26,2,157.99,20 / 21,164229,2019-09-06 18:18:50:911,0.8861,-0.4097,10.3782,-0.0185,-0.0242,9.8065,-0.0067,0.0637,0.0149,-9.19,-29.87,33.88,34.65,-86.59,-132.22
52.39735,-1.503437,159.89,9.26,2,157.99,20 / 21,164329,2019-09-06 18:18:51:011,1.208,-4.2521,9.1884,-0.0152,-0.0251,9.8066,0.2863,-0.056,0.1607,-9.25,-30.06,33.25,36.44,-86.21,-130.34
52.39735,-1.503437,159.89,9.26,2,157.99,21 / 22,164428,2019-09-06 18:18:51:110,-0.6101,-2.0755,9.7137,-0.0173,-0.0475,9.8065,-0.3603,-0.0066,-0.0243,-9.44,-29.12,33.75,40.99,-85.53,-126.69
52.39735,-1.503437,159.89,9.26,2,157.99,21 / 22,164528,2019-09-06 18:18:51:210,0.6254,0.5242,8.5745,-0.007,-0.0393,9.8065,-0.0135,0.0544,-0.0018,-9.75,-29.87,33.69,43.12,-85.62,-123.11
52.39735,-1.503437,159.89,9.26,2,157.99,21 / 22,164629,2019-09-06 18:18:51:311,-2.2573,1.7256,9.3405,0.0039,-0.0081,9.8066,-0.2799,0.0733,-0.0326,-9.87,-29.75,33.06,47.12,-85.67,-118.87
52.39735,-1.503437,159.89,9.26,2,157.99,21 / 22,164730,2019-09-06 18:18:51:412,-0.3137,1.0834,10.5,-0.0088,-0.0082,9.8065,0.1312,0.0409,-0.0166,-9.31,-29.19,33,48.57,-85.8,-118.93
52.39735,-1.503437,159.89,9.26,2,157.99,21 / 22,164828,2019-09-06 18:18:51:510,1.0216,-2.3833,9.6919,0.0126,-0.0035,9.8066,0.2068,-0.0205,0.0379,-9.87,-29.62,33.63,46.41,-85.83,-119.83
52.39735,-1.503437,159.89,9.26,2,157.99,21 / 22,164929,2019-09-06 18:18:51:611,0.9438,0.8074,9.9003,-0.009,-0.0257,9.8066,0.0678,0.036,-0.0497,-10.56,-29.44,33.94,40.23,-85.57,-124.25
52.39735,-1.503437,159.89,9.26,2,157.99,21 / 22,165029,2019-09-06 18:18:51:711,0.694,-0.7031,10.2831,-0.0242,0.006,9.8066,0.0658,-0.0065,0.0411,-9.87,-29.25,33.38,42.51,-85.31,-123.39
52.39735,-1.503437,159.89,9.26,2,157.99,21 / 22,165129,2019-09-06 18:18:51:811,0.722,0.5682,10.4492,-0.0043,0.016,9.8066,0.0382,0.0338,0.0468,-10.19,-29.62,33.31,43.47,-85.21,-122.64
52.39735,-1.503437,159.89,9.26,2,157.99,21 / 22,165228,2019-09-06 18:18:51:910,0.6881,-0.5388,9.4497,-0.0053,-0.0176,9.8066,-0.0497,0.0535,-0.0186,-10.56,-29.75,33.56,42.81,-85.19,-122.11
52.39735,-1.503437,159.89,9.26,2,157.99,21 / 22,165329,2019-09-06 18:18:52:011,-0.3115,-0.5133,9.9323,-0.0075,-0.0211,9.8066,0.0056,-0.0807,0.0199,-10.44,-28.94,33.63,44.08,-84.97,-122.5
52.39735,-1.503437,159.89,9.26,2,157.99,20 / 21,165429,2019-09-06 18:18:52:111,-0.1991,0.0824,9.3306,0.0013,0.0234,9.8066,0.0137,-0.0121,0.0641,-11.31,-29.87,33.75,44.11,-85.01,-120.98
52.39735,-1.503437,159.89,9.26,2,157.99,20 / 21,165528,2019-09-06 18:18:52:210,0.173,-0.5621,9.4377,-0.0193,0.0085,9.8065,-0.0028,0.0464,0.0501,-10.56,-29.81,34.25,46.07,-84.95,-119.17
52.39735,-1.503437,159.89,9.26,2,157.99,20 / 21,165629,2019-09-06 18:18:52:311,1.03,-0.2545,9.8494,-0.0105,0.0098,9.8066,0.0261,-0.0969,0.0245,-10.37,-28.5,34.19,50.77,-84.93,-116.06
52.39735,-1.503437,159.89,9.26,2,157.99,20 / 21,165729,2019-09-06 18:18:52:411,1.0646,0.116,9.1809,-0.0158,0.0266,9.8065,0.0474,0.0244,-0.0559,-10.81,-29.81,33.81,50.9,-84.83,-114.66
52.39735,-1.503437,159.89,9.26,2,157.99,20 / 21,165829,2019-09-06 18:18:52:511,0.1941,0.572,9.9323,-0.0083,0.0025,9.8066,0.1307,0.0174,0.0494,-11,-29.19,33.63,49.85,-84.66,-115.67
52.39735,-1.503437,159.89,9.26,2,157.99,20 / 21,165929,2019-09-06 18:18:52:611,0.0744,-0.3591,10.2795,-0.0027,0.0144,9.8066,0.0733,-0.0312,0.0433,-10.31,-29,33.63,51.89,-84.59,-115.33
52.39735,-1.503437,159.89,9.26,2,157.99,20 / 21,166028,2019-09-06 18:18:52:710,0.0927,0.2581,10.0448,0.0044,0.0066,9.8066,-0.0073,-0.0209,-0.0313,-10.81,-28.19,33.56,49.11,-84.45,-116.39
52.39735,-1.503437,159.89,9.26,2,157.99,20 / 21,166129,2019-09-06 18:18:52:811,0.4582,-0.4147,9.9973,0.0001,0.0112,9.8066,0.0951,0.0239,-0.0342,-10.69,-28.19,34.19,49.4,-84.55,-116.05
52.39735,-1.503437,159.89,9.26,2,157.99,20 / 21,166229,2019-09-06 18:18:52:911,0.254,-0.4037,10.539,0.03,-0.0247,9.8065,0.0054,-0.0327,-0.0423,-10.12,-28.31,33.31,45.9,-84.65,-120.49
52.39735,-1.503437,159.89,9.26,2,157.99,20 / 21,166329,2019-09-06 18:18:53:011,0.4964,-1.4115,9.1993,0.0218,-0.0291,9.8065,-0.0789,0.0032,-0.0525,-10.37,-28.87,33.13,44.19,-84.77,-122.14
52.39735,-1.503437,159.89,9.26,2,157.99,20 / 22,166429,2019-09-06 18:18:53:111,-0.6484,0.1978,10.1332,-0.0199,0.0147,9.8066,-0.0515,0.0615,0.0086,-10.87,-29.87,33.38,44.62,-84.88,-120.16
52.39735,-1.503437,159.89,9.26,2,157.99,20 / 22,166528,2019-09-06 18:18:53:210,1.1699,0.4032,10.2419,-0.0128,-0.0266,9.8065,-0.0676,0.0061,0.0176,-10.69,-29.37,33.63,46.65,-84.86,-118.57
52.39735,-1.503437,159.89,9.26,2,157.99,20 / 22,166629,2019-09-06 18:18:53:311,-1.0285,1.1933,10.587,0.008,-0.0689,9.8063,-0.1824,-0.0275,-0.0445,-10.69,-29.87,33.56,46.36,-84.6,-119.13
52.39735,-1.503437,159.89,9.26,2,157.99,20 / 22,166729,2019-09-06 18:18:53:411,0.9474,0.1556,9.0967,-0.0085,0.0098,9.8066,0.1501,0.0752,0.0046,-10.19,-29.12,34.13,47.91,-84.69,-119.05
52.39735,-1.503437,159.89,9.26,2,157.99,20 / 22,166829,2019-09-06 18:18:53:511,-0.9483,-0.4601,10.0524,-0.0015,0.0095,9.8066,0.0264,-0.0423,-0.0531,-10.19,-29.56,33.5,48.41,-84.64,-118.73
52.39735,-1.503437,159.89,9.26,2,157.99,20 / 22,166928,2019-09-06 18:18:53:610,0.292,0.1635,10.4112,0.0241,-0.0015,9.8066,0.0363,0.0565,0.0308,-10.31,-29.56,33.31,47.47,-84.97,-119.01
52.39735,-1.503437,159.89,9.26,2,157.99,20 / 22,167029,2019-09-06 18:18:53:711,-0.282,1.6069,9.7964,-0.005,0.0032,9.8066,0.0962,0.0673,-0.02,-10.31,-29.44,33.19,46.62,-85.1,-119.63
52.39735,-1.503437,159.89,9.26,2,157.99,20 / 22,167129,2019-09-06 18:18:53:811,0.2462,-0.6991,9.8045,0.0029,-0.0192,9.8066,0.0107,0.0278,0.0156,-10.44,-28.75,33.81,44.92,-84.92,-121.74
52.39735,-1.503437,159.89,9.26,2,157.99,20 / 22,167229,2019-09-06 18:18:53:911,0.8907,0.4559,9.8941,0.0059,-0.0136,9.8066,-0.0101,-0.0022,0.0157,-11.19,-29.37,33.63,42.81,-84.89,-122.2
52.39735,-1.503437,159.89,9.26,2,157.99,20 / 22,167329,2019-09-06 18:18:54:011,0.994,0.999,10.0323,-0.0101,-0.0004,9.8066,0.0099,0.0287,-0.1145,-10.62,-28.5,33.69,44.97,-84.91,-120.03
52.39652,-1.503448,159.2,11.84,2,188.02,20 / 21,167429,2019-09-06 18:18:54:111,0.0158,-0.4146,9.6165,0.0092,-0.0031,9.8066,-0.0646,0.0171,-0.0544,-10.37,-29.37,33.69,46.69,-84.93,-120.06
52.39652,-1.503448,159.2,11.84,2,188.02,20 / 21,167529,2019-09-06 18:18:54:211,0.0119,-0.4253,9.7684,0.0171,-0.006,9.8066,-0.0561,0.0074,-0.0602,-10.5,-29.44,34.19,45.76,-84.93,-120.93
52.39652,-1.503448,159.2,11.84,2,188.02,20 / 21,167628,2019-09-06 18:18:54:310,-0.0352,0.8198,9.5403,-0.0041,0.0041,9.8066,-0.044,-0.0025,0.0155,-10.62,-29.62,33.94,43.8,-85.02,-121.27
52.39652,-1.503448,159.2,11.84,2,188.02,20 / 21,167729,2019-09-06 18:18:54:411,-0.1879,0.8454,9.847,-0.0136,0.0036,9.8066,-0.0117,-0.0389,0.0364,-10.25,-30.06,33.69,46.65,-84.98,-120.16
52.39652,-1.503448,159.2,11.84,2,188.02,20 / 21,167829,2019-09-06 18:18:54:511,-0.5077,0.3116,10.6967,-0.0114,0.0081,9.8066,-0.0082,-0.0363,-0.0001,-11.06,-30.81,33.69,48.1,-84.94,-117.36
52.39652,-1.503448,159.2,11.84,2,188.02,20 / 21,167929,2019-09-06 18:18:54:611,-0.1351,-0.623,10.0312,-0.0243,0.01,9.8065,-0.0055,-0.0477,0.1119,-10,-29.62,33.94,50.14,-84.81,-116.96
52.39652,-1.503448,159.2,11.84,2,188.02,20 / 21,168028,2019-09-06 18:18:54:710,0.8091,-0.181,9.5327,0.005,-0.0267,9.8066,-0.0137,0.0514,-0.0321,-10.69,-29.87,33.31,45.8,-84.55,-119.27
52.39652,-1.503448,159.2,11.84,2,188.02,20 / 21,168129,2019-09-06 18:18:54:811,-0.9856,0.3399,10.4009,-0.0168,-0.0197,9.8065,-0.0229,-0.0731,0.0455,-10.75,-29.94,33.81,47.35,-84.37,-118.34
52.39652,-1.503448,159.2,11.84,2,188.02,20 / 21,168228,2019-09-06 18:18:54:910,-0.0152,0.417,9.431,-0.0017,0.0009,9.8066,-0.0253,0.0312,0.0046,-10.87,-29.25,32.88,47.21,-84.35,-117.95
52.39652,-1.503448,159.2,11.84,2,188.02,20 / 21,168328,2019-09-06 18:18:55:010,0.4734,0.5455,9.8285,-0.0007,0.0019,9.8066,-0.0867,0.0205,-0.0026,-11.12,-29,33.63,48.54,-84.4,-117.08
52.39652,-1.503448,159.2,11.84,2,188.02,20 / 21,168428,2019-09-06 18:18:55:110,0.0298,0.7506,10.1789,0.0042,-0.0079,9.8066,0.0671,0.0826,-0.0214,-10.44,-28.19,34.38,50.02,-84.51,-117.06
52.39652,-1.503448,159.2,11.84,2,188.02,20 / 21,168529,2019-09-06 18:18:55:211,0.5933,0.7161,9.6658,0.0212,-0.0061,9.8066,0.0577,0.0349,-0.056,-10.12,-28.31,33.63,49.41,-84.61,-117.56
52.39652,-1.503448,159.2,11.84,2,188.02,20 / 21,168628,2019-09-06 18:18:55:310,0.4589,0.9182,10.2737,0.007,0.0143,9.8066,-0.0143,0.0659,-0.0675,-10.37,-29.25,33.44,46.88,-84.67,-119.66
52.39652,-1.503448,159.2,11.84,2,188.02,20 / 21,168729,2019-09-06 18:18:55:411,-0.0327,1.0182,9.9629,0.0171,-0.0183,9.8066,0.0615,0.0294,-0.0475,-10.31,-28.87,33.56,44.87,-84.64,-121.96
52.39652,-1.503448,159.2,11.84,2,188.02,20 / 21,168829,2019-09-06 18:18:55:511,-0.1774,1.5045,9.1528,0.0121,0.0378,9.8065,-0.0892,-0.009,-0.0062,-9.87,-28.87,33.63,42.78,-84.65,-123.93
52.39652,-1.503448,159.2,11.84,2,188.02,20 / 21,168929,2019-09-06 18:18:55:611,0.9181,-0.0593,9.1347,0.0067,0.0242,9.8065,-0.0475,-0.0221,0.0076,-10.5,-29.19,33,42.1,-85.04,-123.94
52.39652,-1.503448,159.2,11.84,2,188.02,20 / 21,169028,2019-09-06 18:18:55:710,-1.5941,1.3112,10.567,0.0018,0.0063,9.8066,-0.0134,-0.0107,0.0045,-9.69,-29.25,33.06,45.07,-85.14,-121.08
52.39652,-1.503448,159.2,11.84,2,188.02,20 / 21,169128,2019-09-06 18:18:55:810,1.2827,1.449,8.9408,0.0205,-0.0052,9.8066,-0.0727,0.07,0.019,-9.81,-28.75,32.31,43.97,-85.34,-121.57
52.39652,-1.503448,159.2,11.84,2,188.02,20 / 21,169228,2019-09-06 18:18:55:910,1.0033,4.3767,9.2673,-0.0123,0.0645,9.8063,-0.3375,0.0724,-0.0311,-9.94,-29.31,32.69,43.18,-85.54,-122.61
52.39652,-1.503448,159.2,11.84,2,188.02,20 / 21,169328,2019-09-06 18:18:56:010,0.8793,0.3912,9.7005,-0.0036,0.0653,9.8063,0.1654,0.0664,-0.0853,-9.75,-29.5,33.25,40.85,-85.39,-124.92
52.39652,-1.503448,159.2,11.84,2,188.02,20 / 21,169428,2019-09-06 18:18:56:110,1.6896,1.1643,8.6739,0.0039,-0.0059,9.8066,0.0308,0.0825,-0.0068,-10.5,-29.75,33,40.72,-85.37,-125.15
52.39652,-1.503448,159.2,11.84,2,188.02,20 / 21,169528,2019-09-06 18:18:56:210,-1.0789,0.0912,9.9891,0.0091,-0.0215,9.8066,-0.0939,0.0578,-0.0194,-10.81,-29.94,32.81,40.19,-85.41,-124.02
52.39652,-1.503448,159.2,11.84,2,188.02,20 / 21,169629,2019-09-06 18:18:56:311,-0.5019,0.4703,9.4222,-0.0043,0.0327,9.8065,-0.1247,-0.0572,0.0008,-11,-29.56,32.06,44.47,-85.51,-119.43
52.39652,-1.503448,159.2,11.84,2,188.02,20 / 21,169730,2019-09-06 18:18:56:412,0.2272,1.3742,9.7388,-0.0236,0.0006,9.8066,0.0093,-0.0959,0.066,-11.94,-29.44,33.13,44.24,-85.37,-118.54
52.39652,-1.503448,159.2,11.84,2,188.02,20 / 21,169829,2019-09-06 18:18:56:511,0.3385,0.479,9.8082,-0.0064,-0.0076,9.8066,0.0362,0.0202,0.0068,-11.19,-29,34.88,47.51,-85.37,-117.84
52.39652,-1.503448,159.2,11.84,2,188.02,20 / 21,169928,2019-09-06 18:18:56:610,-0.67,0.0905,9.9927,-0.0033,-0.0007,9.8066,-0.0654,0.0649,-0.022,-9.87,-28.69,36.31,50.43,-85.29,-116.97
52.39652,-1.503448,159.2,11.84,2,188.02,20 / 21,170029,2019-09-06 18:18:56:711,0.6831,0.7872,9.9202,-0.007,0.0059,9.8066,0.0685,0.0502,-0.0241,-7.75,-28.69,35.06,53.69,-85.13,-116.71
52.39652,-1.503448,159.2,11.84,2,188.02,20 / 21,170129,2019-09-06 18:18:56:811,-0.2727,0.0224,10.2032,-0.0097,-0.0002,9.8065,0.0218,-0.0475,0.0408,-6.87,-29.19,32.31,54.3,-85.02,-117.04
52.39652,-1.503448,159.2,11.84,2,188.02,20 / 21,170228,2019-09-06 18:18:56:910,1.3356,0.6389,9.4703,0.0086,0.0035,9.8066,0.0127,0.0915,-0.0701,-8.62,-30.06,31.63,50.24,-84.98,-117.65
52.39652,-1.503448,159.2,11.84,2,188.02,20 / 21,170329,2019-09-06 18:18:57:011,-0.0649,0.3984,9.3754,-0.0042,-0.0022,9.8066,-0.0198,0.0112,0.0377,-9.81,-30.31,31.69,48.96,-84.91,-117.23
52.39652,-1.503448,159.2,11.84,2,188.02,19 / 21,170429,2019-09-06 18:18:57:111,0.0395,0.3433,9.8932,-0.0086,0.0164,9.8066,-0.0519,-0.0618,0.0443,-10.5,-30.31,31.88,52.12,-84.82,-114.3
52.39652,-1.503448,159.2,11.84,2,188.02,19 / 21,170528,2019-09-06 18:18:57:210,-0.4211,0.8387,10.0965,-0.0073,0.0022,9.8065,-0.0315,-0.0124,0.0497,-10.25,-30.31,32.63,53.35,-84.89,-113.48
52.39652,-1.503448,159.2,11.84,2,188.02,19 / 21,170628,2019-09-06 18:18:57:310,0.6905,1.2925,9.7976,0.0065,0.0028,9.8066,0.0034,0.079,-0.0127,-9.94,-30.25,32.88,53.41,-84.83,-113.46
52.39652,-1.503448,159.2,11.84,2,188.02,19 / 21,170729,2019-09-06 18:18:57:411,0.7001,0.5937,9.4232,0.0014,-0.0185,9.8066,0.0473,0.013,-0.0262,-10.75,-30.06,33.31,49.84,-84.73,-115.32
52.39652,-1.503448,159.2,11.84,2,188.02,19 / 21,170828,2019-09-06 18:18:57:510,0.7227,0.5681,9.3156,-0.0036,0.0259,9.8066,-0.0566,-0.0072,-0.0006,-10.44,-29.81,33,52.18,-84.82,-114.64
52.39652,-1.503448,159.2,11.84,2,188.02,19 / 21,170929,2019-09-06 18:18:57:611,0.1909,-0.2639,10.2114,-0.0028,0.0192,9.8066,0.0737,-0.0406,-0.0308,-10.62,-30.06,32.88,50.8,-84.83,-114.34
52.39652,-1.503448,159.2,11.84,2,188.02,19 / 21,171028,2019-09-06 18:18:57:710,0.5215,0.0532,9.4531,0.0043,0.0063,9.8066,0.0685,-0.0029,-0.0021,-10.12,-29.56,33.44,52.28,-84.92,-114.47
52.39652,-1.503448,159.2,11.84,2,188.02,19 / 21,171128,2019-09-06 18:18:57:810,0.4744,-0.486,9.7649,-0.0027,0.021,9.8065,0.0288,0.056,-0.047,-10.56,-30.5,32.81,51.16,-84.98,-113.89
52.39652,-1.503448,159.2,11.84,2,188.02,19 / 21,171228,2019-09-06 18:18:57:910,0.1477,-0.1737,10.2066,-0.0004,-0.0258,9.8066,0.0545,-0.0197,0.0247,-10.31,-29.62,33,53.15,-85.03,-113.56
52.39652,-1.503448,159.2,11.84,2,188.02,19 / 21,171328,2019-09-06 18:18:58:010,-0.1262,0.5648,9.5252,0.0075,-0.0233,9.8066,-0.0918,-0.0139,0.0189,-11.12,-28.87,32.13,49.5,-84.93,-114.95
52.39652,-1.503448,159.2,11.84,2,188.02,20 / 21,171428,2019-09-06 18:18:58:110,0.8484,0.9053,8.9764,0.0192,-0.0296,9.8065,-0.1244,0.0293,-0.0391,-11.44,-28.87,32.88,48.79,-85.07,-115.98
52.39652,-1.503448,159.2,11.84,2,188.02,20 / 21,171529,2019-09-06 18:18:58:211,0.1498,0.936,9.5772,-0.0143,0.0347,9.8066,0.1046,0.0002,0.0233,-10.62,-28.87,33.31,50.49,-85.23,-114.25
52.39652,-1.503448,159.2,11.84,2,188.02,20 / 21,171628,2019-09-06 18:18:58:310,-0.5603,-1.0128,9.8698,-0.0162,0.0212,9.8066,0.0238,-0.0053,0.0037,-11.44,-29,33.94,51.18,-85.14,-114.07
52.39652,-1.503448,159.2,11.84,2,188.02,20 / 21,171729,2019-09-06 18:18:58:411,1.1668,0.0408,9.5038,-0.0046,-0.008,9.8066,-0.0377,-0.0228,0.016,-10.87,-29.19,32.75,50.58,-85.12,-114.24
52.39652,-1.503448,159.2,11.84,2,188.02,20 / 21,171829,2019-09-06 18:18:58:511,-0.7601,0.701,9.651,0.0041,-0.0072,9.8066,0.0531,-0.0187,0.0486,-11.12,-29.06,32.81,50.9,-85.05,-113.97
52.39652,-1.503448,159.2,11.84,2,188.02,20 / 21,171929,2019-09-06 18:18:58:611,-0.6027,0.5966,10.1573,-0.0105,0.0171,9.8066,0.0497,-0.0342,0.056,-11.87,-28.5,32.88,48.87,-84.91,-114.32
52.39652,-1.503448,159.2,11.84,2,188.02,20 / 21,172028,2019-09-06 18:18:58:710,0.818,-0.6178,10.1823,-0.0182,0.0322,9.8065,0.0123,0.0224,-0.0191,-11.19,-28.5,32.69,52.92,-84.89,-112.04
52.39652,-1.503448,159.2,11.84,2,188.02,20 / 21,172129,2019-09-06 18:18:58:811,-0.6286,-0.3273,10.6317,0.007,-0.0345,9.8065,-0.0433,0.0373,-0.0571,-10.62,-28.69,33.19,51.73,-84.76,-113.39
52.39652,-1.503448,159.2,11.84,2,188.02,20 / 21,172229,2019-09-06 18:18:58:911,0.5332,1.3163,9.6434,0.0157,-0.0163,9.8065,0.0273,0,0.0345,-9.94,-29,32.94,53.53,-84.92,-113.16
52.39652,-1.503448,159.2,11.84,2,188.02,20 / 21,172328,2019-09-06 18:18:59:010,-0.091,0.1888,9.4835,0.0036,-0.0053,9.8066,-0.1095,-0.0332,-0.0128,-10,-29.5,33.19,54.14,-84.93,-112.57
52.39652,-1.503448,159.2,11.84,2,188.02,19 / 20,172428,2019-09-06 18:18:59:110,0.9027,0.5806,9.6254,0.0013,0.0136,9.8066,-0.0435,0.0074,-0.0333,-9.44,-28.75,32.69,56.93,-85.04,-111.45
52.39652,-1.503448,159.2,11.84,2,188.02,19 / 20,172529,2019-09-06 18:18:59:211,0.2975,-0.4167,10.0688,0.0028,0.0159,9.8065,0.0505,0.0112,-0.0009,-9.31,-29.19,31.94,56.73,-85.08,-111.26
52.39652,-1.503448,159.2,11.84,2,188.02,19 / 20,172628,2019-09-06 18:18:59:310,-0.2268,0.3096,9.9454,-0.0021,0.0086,9.8065,0.0222,-0.0037,0.0176,-9.75,-28.94,32.13,55.39,-85.19,-110.78
52.39652,-1.503448,159.2,11.84,2,188.02,19 / 20,172728,2019-09-06 18:18:59:410,0.0464,0.6059,10.0281,0.0054,-0.0024,9.8066,0.0133,0.011,0.0079,-10.31,-29.44,32.19,54.66,-85.21,-111.47
52.39652,-1.503448,159.2,11.84,2,188.02,19 / 20,172829,2019-09-06 18:18:59:511,0.4543,0.0848,10.0247,0.005,-0.0072,9.8066,0.0315,-0.0077,-0.0224,-10.12,-28.69,32.75,54.55,-85.2,-111.98
52.39652,-1.503448,159.2,11.84,2,188.02,19 / 20,172929,2019-09-06 18:18:59:611,0.3012,-0.1216,9.6007,0.0084,-0.0129,9.8066,-0.0656,0.0168,-0.007,-10.56,-28.5,32.88,51.43,-85.35,-113.16
52.39652,-1.503448,159.2,11.84,2,188.02,19 / 20,173029,2019-09-06 18:18:59:711,0.306,0.323,9.2922,0.0005,-0.0097,9.8066,-0.068,0.0095,0.0057,-11.12,-28.37,33,51.57,-85.36,-113.02
52.39652,-1.503448,159.2,11.84,2,188.02,19 / 20,173129,2019-09-06 18:18:59:811,0.2435,-0.2551,9.983,-0.0105,0.0129,9.8066,0.0597,-0.0037,-0.0005,-10.25,-28.12,33.31,54.53,-85.48,-111.7
52.39652,-1.503448,159.2,11.84,2,188.02,19 / 20,173229,2019-09-06 18:18:59:911,0.1086,0.3323,10.0422,0.0035,0.0179,9.8066,0.0248,-0.0326,-0.0198,-10.87,-28.75,33.31,55.12,-85.51,-109.6
52.39652,-1.503448,159.2,11.84,2,188.02,19 / 20,173328,2019-09-06 18:19:00:010,0.715,0.7788,9.4409,0.0027,-0.0233,9.8066,0.002,-0.0711,0.06,-10.06,-28.37,33.56,55.9,-85.49,-110.75
52.39652,-1.503448,159.2,11.84,2,188.02,20 / 22,173428,2019-09-06 18:19:00:110,0.3375,0.9386,9.8799,-0.0016,-0.0211,9.8066,0.0171,0.0412,0.0053,-10.5,-28.81,33.06,56.22,-85.39,-110.24
52.39652,-1.503448,159.2,11.84,2,188.02,20 / 22,173529,2019-09-06 18:19:00:211,-0.0131,1.1345,9.802,-0.012,0.0105,9.8066,-0.0578,0.0586,-0.0362,-10.94,-28.69,32.88,56.1,-85.39,-108.75
52.39652,-1.503448,159.2,11.84,2,188.02,20 / 22,173629,2019-09-06 18:19:00:311,0.4352,0.8288,9.9601,0.0002,0.0068,9.8066,-0.0277,-0.0672,0.0039,-10.62,-28.19,32.94,55.82,-85.41,-108.89
52.39652,-1.503448,159.2,11.84,2,188.02,20 / 22,173728,2019-09-06 18:19:00:410,0.4959,-0.5287,10.1423,0.0002,0.0065,9.8066,0.1775,-0.0116,0.0118,-11.44,-28.5,33.5,54.93,-85.32,-110.25
52.39652,-1.503448,159.2,11.84,2,188.02,20 / 22,173828,2019-09-06 18:19:00:510,0.3844,-0.12,10.1262,-0.0086,0.0315,9.8065,0.186,-0.0366,0.059,-10.31,-28.12,33.56,57.33,-85.33,-109.48
52.39652,-1.503448,159.2,11.84,2,188.02,20 / 22,173928,2019-09-06 18:19:00:610,0.5184,0.5123,9.5855,0.0114,-0.0087,9.8066,-0.046,-0.0576,-0.0426,-10.81,-29.31,33.5,53.04,-85.17,-112.27
52.39652,-1.503448,159.2,11.84,2,188.02,20 / 22,174029,2019-09-06 18:19:00:711,0.4525,1.1187,9.1324,0.0099,-0.0414,9.8065,-0.0639,-0.008,0.038,-10.19,-29.31,33.19,53.11,-85.1,-113.44
52.39652,-1.503448,159.2,11.84,2,188.02,20 / 22,174128,2019-09-06 18:19:00:810,0.2617,0.6396,9.6637,-0.0099,0.0267,9.8066,-0.0813,0.0275,-0.0002,-10.75,-30,33,54.87,-85.1,-110.26
52.39652,-1.503448,159.2,11.84,2,188.02,20 / 22,174228,2019-09-06 18:19:00:910,-0.3247,0.2253,9.98,-0.0008,-0.0087,9.8066,-0.1052,-0.003,0.021,-11.31,-30.19,33.44,54.84,-85.07,-110.31
52.39652,-1.503448,159.2,11.84,2,188.02,20 / 22,174328,2019-09-06 18:19:01:010,-0.0958,0.5427,10.105,0.0078,0.0045,9.8066,0.077,0.0053,-0.0478,-10.94,-29.87,33.19,54.66,-85.15,-110.41
52.39652,-1.503448,159.2,11.84,2,188.02,20 / 20,174429,2019-09-06 18:19:01:111,-0.5691,0.7704,10.4839,0.0125,0.0028,9.8066,0.0288,0.0263,-0.0516,-10.25,-29.25,33.56,54.74,-85.32,-112.09
52.39652,-1.503448,159.2,11.84,2,188.02,20 / 20,174528,2019-09-06 18:19:01:210,0.8507,0.309,9.5241,0.0214,0.0037,9.8065,0.024,0.0007,-0.0106,-9.94,-29.62,33.38,53.47,-85.62,-112.82
52.39652,-1.503448,159.2,11.84,2,188.02,20 / 20,174629,2019-09-06 18:19:01:311,0.6099,-1.6929,9.0291,0.0073,0.001,9.8066,0.0296,-0.0034,-0.0116,-10,-29,33.19,53.83,-85.7,-112.31
52.39652,-1.503448,159.2,11.84,2,188.02,20 / 20,174728,2019-09-06 18:19:01:410,0.6433,0.6924,8.9243,-0.0008,0.0455,9.8065,-0.0303,-0.0363,-0.0515,-9,-29,32.88,59.32,-85.95,-108.44
52.39652,-1.503448,159.2,11.84,2,188.02,20 / 20,174829,2019-09-06 18:19:01:511,-0.3921,-0.0259,10.5975,-0.006,0.0043,9.8066,0.024,-0.0389,-0.0443,-8.37,-28.31,33.63,61.29,-85.9,-108.42
52.39652,-1.503448,159.2,11.84,2,188.02,20 / 20,174929,2019-09-06 18:19:01:611,0.6775,0.7647,10.1359,0.0001,-0.0293,9.8065,-0.008,-0.0443,0.0828,-8.19,-27.44,34.06,60.5,-86.09,-108.95
52.39652,-1.503448,159.2,11.84,2,188.02,20 / 20,175029,2019-09-06 18:19:01:711,0.4771,0.3918,9.5888,0.0027,-0.047,9.8065,-0.09,-0.0125,-0.0553,-9.44,-28.19,32.81,55.65,-85.84,-111.98
52.39652,-1.503448,159.2,11.84,2,188.02,20 / 20,175128,2019-09-06 18:19:01:810,0.5348,0.6098,9.561,-0.0025,0.0403,9.8065,0.0542,0.0785,-0.0019,-9.62,-28.25,32.31,51.97,-85.87,-113.47
52.39652,-1.503448,159.2,11.84,2,188.02,20 / 20,175228,2019-09-06 18:19:01:910,-1.2031,-0.1639,9.9377,-0.003,0.023,9.8066,-0.054,-0.0627,0.0626,-9.56,-28.25,31.94,53.73,-86.03,-111.66
52.39652,-1.503448,159.2,11.84,2,188.02,20 / 20,175328,2019-09-06 18:19:02:010,0.8085,0.1361,9.2681,0.0059,-0.0062,9.8066,0.0367,-0.0911,0.0688,-9.75,-28,31.94,54.03,-86.02,-111.37
52.39652,-1.503448,159.2,11.84,2,188.02,20 / 21,175429,2019-09-06 18:19:02:111,0.792,-0.5867,9.785,-0.0094,0.0122,9.8066,0.0486,0.0675,-0.0533,-10.81,-29.06,32.25,54.5,-86.01,-109.38
52.39652,-1.503448,159.2,11.84,2,188.02,20 / 21,175529,2019-09-06 18:19:02:211,-0.4495,0.7715,10.3561,-0.0059,-0.0349,9.8065,-0.0932,-0.0012,0.0016,-10.5,-29,32.13,56.29,-85.96,-109.33
52.39652,-1.503448,159.2,11.84,2,188.02,20 / 21,175628,2019-09-06 18:19:02:310,0.1243,0.1912,9.6763,0.008,-0.0219,9.8066,-0.0845,-0.0076,0.0126,-10.06,-29.94,32.25,56.2,-85.98,-109.5
52.39652,-1.503448,159.2,11.84,2,188.02,20 / 21,175730,2019-09-06 18:19:02:412,0.3093,-0.0137,9.546,-0.0139,0.021,9.8066,0.0493,0.0104,0.0169,-9.87,-29.81,32.38,56.34,-85.96,-109.38
52.39652,-1.503448,159.2,11.84,2,188.02,20 / 21,175828,2019-09-06 18:19:02:510,0.2106,0.1234,9.9608,-0.005,0.0172,9.8066,-0.0171,0.0058,-0.0134,-9.75,-29.81,32.44,59.04,-85.97,-106.76
52.39652,-1.503448,159.2,11.84,2,188.02,20 / 21,175928,2019-09-06 18:19:02:610,0.3068,0.0069,10.0167,0.0074,-0.0056,9.8066,0.0122,-0.0061,-0.0336,-10.12,-30.25,33.06,59.54,-86.02,-106.65
52.39652,-1.503448,159.2,11.84,2,188.02,20 / 21,176028,2019-09-06 18:19:02:710,0.909,-0.5343,9.0017,0.0152,0.0087,9.8066,0.0828,0.0046,0.0069,-10,-29.69,32.06,59.83,-86.18,-105.83
52.39652,-1.503448,159.2,11.84,2,188.02,20 / 21,176129,2019-09-06 18:19:02:811,0.1405,0.239,9.4993,-0.0083,0.0053,9.8066,-0.0688,-0.0334,-0.0519,-10.56,-29.87,32.63,59.17,-86.1,-105.34
52.39652,-1.503448,159.2,11.84,2,188.02,20 / 21,176229,2019-09-06 18:19:02:911,-0.0397,-0.1005,9.7301,0.0037,0.0131,9.8066,-0.0207,0.003,0.0134,-9.94,-29.31,33.19,61.19,-86.15,-104.85
52.39652,-1.503448,159.2,11.84,2,188.02,20 / 21,176330,2019-09-06 18:19:03:012,0.3183,-0.4588,10.6557,-0.0077,0.0072,9.8066,0.0656,-0.0095,0.0238,-10.25,-29.5,33.06,60.98,-86.15,-105.06
52.39567,-1.503652,157.56,9.66,2,188.93,21 / 22,176429,2019-09-06 18:19:03:111,0.62,0.2374,9.3476,-0.0086,0.0184,9.8066,0.0401,0.0132,0.0187,-9.94,-29.69,32.63,59.3,-86.04,-106.87
52.39567,-1.503652,157.56,9.66,2,188.93,21 / 22,176528,2019-09-06 18:19:03:210,0.1347,-0.7206,10.1793,-0.0075,0.0091,9.8066,0.0641,-0.0454,-0.0077,-10,-29.19,32.94,59.75,-85.87,-106.46
52.39567,-1.503652,157.56,9.66,2,188.93,21 / 22,176629,2019-09-06 18:19:03:311,0.6296,0.2402,10.1732,0.0013,-0.0276,9.8065,-0.0027,-0.0039,0.0558,-9.94,-27.81,32.38,57.41,-85.79,-108.27
52.39567,-1.503652,157.56,9.66,2,188.93,21 / 22,176729,2019-09-06 18:19:03:411,0.5639,0.4963,9.8983,0.0094,-0.0215,9.8066,-0.0286,-0.0409,0.0409,-10.87,-29.69,32.56,56.93,-85.73,-107.79
52.39567,-1.503652,157.56,9.66,2,188.93,21 / 22,176830,2019-09-06 18:19:03:512,0.1083,-0.2561,9.5298,-0.0011,-0.0008,9.8066,-0.0719,-0.0114,-0.0269,-11.62,-29.19,32.5,56.47,-85.71,-106.59
52.39567,-1.503652,157.56,9.66,2,188.93,21 / 22,176930,2019-09-06 18:19:03:612,0.7368,1.0851,9.6369,0.0054,-0.0009,9.8066,0.0646,0.0012,0.0223,-11.25,-29.69,33.06,58.46,-85.74,-106.32
52.39567,-1.503652,157.56,9.66,2,188.93,21 / 22,177029,2019-09-06 18:19:03:711,0.2731,-0.0253,9.7973,-0.0117,0.0157,9.8065,0.0374,0.0082,-0.0486,-11.12,-29.5,33.63,59.93,-85.73,-105.22
52.39567,-1.503652,157.56,9.66,2,188.93,21 / 22,177129,2019-09-06 18:19:03:811,0.4073,0.3521,9.8016,0.0029,0.0259,9.8066,0.0491,0.0114,0,-10.62,-29.94,32.94,59.96,-85.82,-104.79
52.39567,-1.503652,157.56,9.66,2,188.93,21 / 22,177229,2019-09-06 18:19:03:911,0.389,0.3149,9.5805,-0.0009,-0.005,9.8066,0.0141,0.0394,-0.0206,-11.44,-29.94,33.44,58.86,-85.81,-105.87
52.39567,-1.503652,157.56,9.66,2,188.93,21 / 22,177329,2019-09-06 18:19:04:011,0.7155,-0.8074,9.2271,0.0021,0.0009,9.8066,-0.0031,0.0052,-0.0214,-10.56,-30.19,33.56,59.29,-85.85,-105.84
52.39567,-1.503652,157.56,9.66,2,188.93,20 / 21,177429,2019-09-06 18:19:04:111,0.3975,-0.8225,9.9077,-0.0043,-0.012,9.8066,-0.0117,0.0165,0.0094,-10.94,-29.56,33.19,58.75,-85.83,-105.96
52.39567,-1.503652,157.56,9.66,2,188.93,20 / 21,177528,2019-09-06 18:19:04:210,0.4574,0.2607,9.3144,0.0116,-0.0062,9.8066,-0.0945,0.0124,0.0084,-10.94,-29.37,32.44,57.69,-85.83,-106.43
52.39567,-1.503652,157.56,9.66,2,188.93,20 / 21,177629,2019-09-06 18:19:04:311,0.3378,0.0893,9.902,-0.0185,0.0055,9.8066,-0.0046,0.0398,-0.0179,-10.75,-29.69,33,60.69,-85.73,-104.16
52.39567,-1.503652,157.56,9.66,2,188.93,20 / 21,177730,2019-09-06 18:19:04:412,-0.2792,0.5982,10.1077,0.0019,0.0092,9.8066,-0.0267,-0.0113,0.0255,-10.19,-29.12,32.75,62.99,-85.77,-103.39
52.39567,-1.503652,157.56,9.66,2,188.93,20 / 21,177828,2019-09-06 18:19:04:510,0.12,-0.0857,9.5772,0.0009,-0.0037,9.8066,0.0601,0.0013,-0.0429,-10.94,-29.06,32.75,60.69,-85.77,-104.02
52.39567,-1.503652,157.56,9.66,2,188.93,20 / 21,177928,2019-09-06 18:19:04:610,0.6483,0.1529,9.8884,0.0067,0.0163,9.8066,0.036,-0.0622,0.0491,-10.75,-28.37,32.94,59.5,-85.83,-105.03
52.39567,-1.503652,157.56,9.66,2,188.93,20 / 21,178029,2019-09-06 18:19:04:711,0.4354,-0.7709,9.9678,0.0055,-0.011,9.8066,-0.0054,0.0013,-0.0097,-10.37,-29,33.19,60.16,-85.68,-106.2
52.39567,-1.503652,157.56,9.66,2,188.93,20 / 21,178129,2019-09-06 18:19:04:811,-0.2813,-0.1896,10.2899,0.0091,0.0069,9.8066,0.0451,-0.0477,0.0338,-9.37,-28.31,33.25,61.5,-85.77,-106.35
52.39567,-1.503652,157.56,9.66,2,188.93,20 / 21,178228,2019-09-06 18:19:04:910,-0.0448,-0.9546,9.9296,0.0041,-0.0057,9.8066,-0.0045,-0.0414,0.0089,-10.37,-28.69,33.19,60.2,-85.76,-106.11
52.39567,-1.503652,157.56,9.66,2,188.93,20 / 21,178329,2019-09-06 18:19:05:011,0.5148,-0.1082,9.516,0.0037,-0.0081,9.8066,-0.0034,0.0175,-0.0353,-9.56,-28.5,33,60.71,-85.78,-105.5
52.39567,-1.503652,157.56,9.66,2,188.93,20 / 21,178429,2019-09-06 18:19:05:111,0.1964,-0.2978,10.1096,0.0023,0.0122,9.8066,0.0157,0.0044,-0.002,-10.12,-28.31,33.63,61.4,-85.83,-105.17
52.39567,-1.503652,157.56,9.66,2,188.93,20 / 21,178528,2019-09-06 18:19:05:210,0.701,-0.5965,9.6948,0.0031,0.0111,9.8066,0.0454,0.0342,0.0345,-10.06,-28.31,32.56,60.44,-85.9,-105.67
52.39567,-1.503652,157.56,9.66,2,188.93,20 / 21,178629,2019-09-06 18:19:05:311,0.1912,-0.1441,9.737,-0.0025,-0.0086,9.8066,-0.0212,0.0554,-0.0734,-10.12,-28.06,33,59.9,-85.87,-106.21
52.39567,-1.503652,157.56,9.66,2,188.93,20 / 21,178729,2019-09-06 18:19:05:411,-1.0149,0.3182,10.2475,0.0017,0.006,9.8066,0.0447,-0.0065,0.0228,-10.5,-28.06,32.19,59.39,-85.91,-106.27
52.39567,-1.503652,157.56,9.66,2,188.93,20 / 21,178828,2019-09-06 18:19:05:510,1.206,0.6936,10.3359,-0.0026,0.0069,9.8066,0.0215,0.0593,-0.0725,-10.87,-28.56,32.38,58.55,-85.98,-105.49
52.39567,-1.503652,157.56,9.66,2,188.93,20 / 21,178928,2019-09-06 18:19:05:610,-0.2196,-0.0812,10.1414,-0.0044,0,9.8066,0.0805,-0.0123,-0.0121,-10.87,-28,32.44,57.1,-86.01,-106.77
52.39567,-1.503652,157.56,9.66,2,188.93,20 / 21,179028,2019-09-06 18:19:05:710,-0.0788,-0.1058,10.3558,0.0077,-0.0069,9.8066,-0.0124,-0.0074,-0.0315,-10.81,-28.87,32.38,55.38,-85.98,-108.55
52.39567,-1.503652,157.56,9.66,2,188.93,20 / 21,179128,2019-09-06 18:19:05:810,-0.329,0.1033,10.0913,-0.0019,-0.0202,9.8066,-0.0227,0.0161,0.0588,-11.37,-29.31,32.31,53.46,-85.98,-110.41
52.39567,-1.503652,157.56,9.66,2,188.93,20 / 21,179229,2019-09-06 18:19:05:911,0.1243,0.0988,9.7401,-0.0008,-0.0127,9.8066,-0.0379,0.0084,-0.0093,-12.62,-28.81,31.94,49.7,-85.91,-110.89
52.39567,-1.503652,157.56,9.66,2,188.93,20 / 21,179329,2019-09-06 18:19:06:011,-0.177,0.1123,9.9727,-0.0058,0.0089,9.8066,0.0456,0.0097,-0.004,-12.94,-28.25,33.06,50.88,-85.92,-110.19
52.39567,-1.503652,157.56,9.66,2,188.93,20 / 21,179428,2019-09-06 18:19:06:110,0.0504,-0.3523,9.8842,-0.0028,0.0237,9.8066,0.0212,-0.0236,-0.0472,-12.31,-28.94,34.19,53.78,-86,-109.44
52.39567,-1.503652,157.56,9.66,2,188.93,20 / 21,179528,2019-09-06 18:19:06:210,0.0164,-0.091,9.9241,0.0032,-0.0115,9.8066,0.0392,0.009,-0.0016,-11.81,-28.75,34.56,54.08,-86.04,-109.58
52.39567,-1.503652,157.56,9.66,2,188.93,20 / 21,179629,2019-09-06 18:19:06:311,0.5147,-0.7502,9.821,0.013,0.0028,9.8066,0.0503,-0.0089,0.009,-11.12,-28.37,35,54.47,-86.11,-110.56
52.39567,-1.503652,157.56,9.66,2,188.93,20 / 21,179729,2019-09-06 18:19:06:411,0.5742,0.3141,9.567,-0.0013,-0.0154,9.8066,-0.0766,0.0059,-0.0507,-10.5,-27.31,34.13,54.74,-86.09,-111.37
52.39567,-1.503652,157.56,9.66,2,188.93,20 / 21,179828,2019-09-06 18:19:06:510,0.1911,0.059,9.5975,0.0146,-0.0102,9.8065,-0.0475,-0.0319,0.0246,-10.25,-26.62,33.44,54.86,-86.19,-110.79
52.39567,-1.503652,157.56,9.66,2,188.93,20 / 21,179929,2019-09-06 18:19:06:611,-0.1416,-0.3597,9.665,-0.0043,0.0007,9.8066,-0.0294,0.013,-0.0389,-10.75,-25.69,33.19,53.17,-86.11,-110.78
52.39567,-1.503652,157.56,9.66,2,188.93,20 / 21,180029,2019-09-06 18:19:06:711,0.943,0.1505,9.6348,0.0191,-0.0069,9.8065,0.1228,0.0097,0.0321,-10.44,-25.5,33,52.74,-86.18,-112.67
52.39567,-1.503652,157.56,9.66,2,188.93,20 / 21,180129,2019-09-06 18:19:06:811,0.6207,-0.2174,9.8664,0.0052,-0.0034,9.8066,0.0091,-0.0515,0.0144,-10.56,-26.06,33.13,51.22,-86.21,-112.62
52.39567,-1.503652,157.56,9.66,2,188.93,20 / 21,180229,2019-09-06 18:19:06:911,0.1729,0.1562,9.5379,0.0041,-0.0063,9.8066,-0.0593,-0.0147,-0.0504,-10.75,-27,32.88,51.29,-86.23,-112.62
52.39567,-1.503652,157.56,9.66,2,188.93,20 / 21,180329,2019-09-06 18:19:07:011,-0.6314,0.0219,10.0663,-0.0007,0.0075,9.8066,0.0382,-0.0614,0.0317,-11.5,-27.62,32.63,52.89,-86.3,-111.11
52.39567,-1.503652,157.56,9.66,2,188.93,20 / 21,180429,2019-09-06 18:19:07:111,0.0838,0.3164,10.1839,-0.0052,0.0108,9.8066,-0.0098,-0.0262,0.0084,-12,-27.25,31.81,51.41,-86.29,-110.39
52.39567,-1.503652,157.56,9.66,2,188.93,20 / 21,180529,2019-09-06 18:19:07:211,0.752,0.6498,10.4767,0.0096,0.0142,9.8065,0.1302,-0.0702,0.04,-12.75,-27.87,32.44,48.68,-86.34,-111.5
52.39567,-1.503652,157.56,9.66,2,188.93,20 / 21,180628,2019-09-06 18:19:07:310,-0.4451,-0.7854,9.9027,0.0083,-0.0169,9.8066,0.0823,-0.0013,-0.0104,-12.12,-27.19,33.19,48.76,-86.32,-113.44
52.39567,-1.503652,157.56,9.66,2,188.93,20 / 21,180729,2019-09-06 18:19:07:411,0.0609,-1.3218,9.895,0.0043,0.0041,9.8066,-0.0722,0.0254,-0.0441,-11.75,-27.5,34.88,48.9,-86.36,-114.24
52.39567,-1.503652,157.56,9.66,2,188.93,20 / 21,180829,2019-09-06 18:19:07:511,-0.4979,0.8527,10.0529,-0.0017,0.0004,9.8066,0.0031,0.0589,0.0137,-10.56,-27.81,34.19,50.12,-86.49,-114.12
52.39567,-1.503652,157.56,9.66,2,188.93,20 / 21,180929,2019-09-06 18:19:07:611,0.3873,0.1628,9.7974,-0.0016,0.0189,9.8065,0.0058,-0.0038,-0.034,-10.44,-29.12,33.25,52.6,-86.57,-112.89
52.39567,-1.503652,157.56,9.66,2,188.93,20 / 21,181029,2019-09-06 18:19:07:711,0.3164,0.4215,9.4984,-0.0064,0.0221,9.8066,0.0758,0.0051,0.0126,-10,-29.31,33.88,53.52,-86.61,-112.38
52.39567,-1.503652,157.56,9.66,2,188.93,20 / 21,181128,2019-09-06 18:19:07:810,0.6093,0.0322,10.2794,0,-0.0425,9.8065,-0.0072,0.0396,-0.0253,-10.12,-29.62,33.69,50.62,-86.43,-115.38
52.39567,-1.503652,157.56,9.66,2,188.93,20 / 21,181229,2019-09-06 18:19:07:911,-0.3659,0.3285,10.5514,0.0031,-0.022,9.8066,-0.076,0.0649,0.0045,-10.56,-29,32.88,48.65,-86.41,-115.22
52.39567,-1.503652,157.56,9.66,2,188.93,20 / 21,181329,2019-09-06 18:19:08:011,1.0245,-0.2951,10.0034,0.0109,-0.0146,9.8066,-0.1001,-0.0197,0.0702,-10.31,-29.5,32.94,51.81,-86.43,-113.75
52.39567,-1.503652,157.56,9.66,2,188.93,20 / 21,181428,2019-09-06 18:19:08:110,-1.0507,0.0922,9.3221,-0.0013,-0.0265,9.8065,-0.1069,0.0069,-0.0656,-11.06,-29.56,33,48.71,-86.34,-115.29
52.39567,-1.503652,157.56,9.66,2,188.93,20 / 21,181529,2019-09-06 18:19:08:211,-0.1054,0.8783,9.8332,0.0028,0.0372,9.8065,0.0779,-0.0078,0.011,-10.94,-28.87,32.75,50.55,-86.57,-113.28
52.39567,-1.503652,157.56,9.66,2,188.93,20 / 21,181628,2019-09-06 18:19:08:310,0.2,-0.1835,9.7172,-0.0076,0.0318,9.8065,0.0431,-0.0403,-0.0191,-10.94,-29.06,33.69,50.78,-86.66,-113.44
52.39567,-1.503652,157.56,9.66,2,188.93,20 / 21,181729,2019-09-06 18:19:08:411,-0.2711,-1.0418,9.6857,0.0122,-0.0048,9.8066,0.065,-0.0289,0.0767,-10.94,-30,33.31,50.87,-86.63,-113
52.39567,-1.503652,157.56,9.66,2,188.93,20 / 21,181828,2019-09-06 18:19:08:510,-0.0793,-0.3142,10.1435,-0.0077,0.0015,9.8066,0.0473,0.0056,-0.0038,-9.94,-30,33.5,53.37,-86.66,-112.56
52.39567,-1.503652,157.56,9.66,2,188.93,20 / 21,181929,2019-09-06 18:19:08:611,0.5379,0.2408,9.6174,0.0128,-0.025,9.8066,-0.0533,-0.0075,0.0133,-10.06,-29.75,33.19,51.15,-86.62,-114.33
52.39567,-1.503652,157.56,9.66,2,188.93,20 / 21,182029,2019-09-06 18:19:08:711,0.4423,0.2095,9.5174,0.0052,-0.0461,9.8064,-0.0469,0.0071,0.0531,-10.25,-29.81,33.13,48.58,-86.49,-116.91
52.39567,-1.503652,157.56,9.66,2,188.93,20 / 21,182129,2019-09-06 18:19:08:811,0.3352,0.2875,9.4078,-0.0058,0.019,9.8066,0.0058,0.0034,-0.0373,-9.81,-29.87,33.25,49.31,-86.49,-116.21
52.39567,-1.503652,157.56,9.66,2,188.93,20 / 21,182228,2019-09-06 18:19:08:910,0.0165,0.3621,9.0858,0.0028,0.0133,9.8065,-0.0612,0.0585,-0.0033,-10.06,-30.06,33,48.8,-86.5,-116.68
52.39567,-1.503652,157.56,9.66,2,188.93,20 / 21,182329,2019-09-06 18:19:09:011,0.2036,0.8354,9.5686,-0.0076,0.0449,9.8065,0.0915,-0.0308,0.0089,-9.94,-30.06,32.31,47.83,-86.55,-117.16
52.39567,-1.503652,157.56,9.66,2,188.93,20 / 21,182429,2019-09-06 18:19:09:111,0.39,0.1071,10.1143,-0.0131,0.0337,9.8065,-0.0184,-0.0049,-0.0032,-10.06,-29.94,33.25,51.73,-86.65,-113.75
52.39567,-1.503652,157.56,9.66,2,188.93,20 / 21,182528,2019-09-06 18:19:09:210,-0.5718,0.5119,10.5684,0.0023,-0.0201,9.8066,0.0677,0.0054,0.0127,-9.31,-30.12,32.88,50.51,-86.65,-116.55
52.39567,-1.503652,157.56,9.66,2,188.93,20 / 21,182630,2019-09-06 18:19:09:312,0.0536,-1.0871,9.1256,-0.0122,0.0116,9.8065,-0.1362,0.0055,0.0212,-10.19,-30.06,33.75,50.67,-86.64,-115.19
52.39567,-1.503652,157.56,9.66,2,188.93,20 / 21,182729,2019-09-06 18:19:09:411,0.8666,0.6976,10.3071,0.0046,-0.0547,9.8064,-0.1492,0.1178,-0.033,-9.69,-29.5,33.44,51.36,-86.77,-113.95
52.39567,-1.503652,157.56,9.66,2,188.93,20 / 21,182828,2019-09-06 18:19:09:510,-0.4164,-0.0582,9.9856,0.0209,-0.0269,9.8066,-0.0935,-0.0587,0.0047,-10.25,-29.75,33.13,46.46,-86.68,-118.82
52.39567,-1.503652,157.56,9.66,2,188.93,20 / 21,182928,2019-09-06 18:19:09:610,-0.0867,1.4115,9.3579,-0.0018,0.0187,9.8066,0.0349,0.0239,0.015,-10.19,-29.44,33.38,45.93,-86.73,-119.24
52.39567,-1.503652,157.56,9.66,2,188.93,20 / 21,183029,2019-09-06 18:19:09:711,-0.3712,0.2318,9.9477,-0.0012,0.0154,9.8066,-0.0241,-0.0257,0.0657,-9.81,-30.37,33.25,46.85,-86.76,-118.39
52.39567,-1.503652,157.56,9.66,2,188.93,20 / 21,183129,2019-09-06 18:19:09:811,-0.6722,0.0873,9.8925,0.004,0.0071,9.8066,0.0619,0.011,-0.0511,-10.25,-29.87,33.44,45.79,-86.74,-119.43
52.39567,-1.503652,157.56,9.66,2,188.93,20 / 21,183229,2019-09-06 18:19:09:911,0.2063,0.2567,9.7417,0.0108,0.0118,9.8065,-0.0166,0.0487,-0.0335,-10.87,-29.81,33.31,41.69,-86.86,-121.72
52.39567,-1.503652,157.56,9.66,2,188.93,20 / 21,183328,2019-09-06 18:19:10:010,-0.5358,-1.7081,9.4305,0.001,-0.0171,9.8065,0.041,0.0352,-0.1286,-10.37,-29.37,33.63,39.12,-86.92,-126.12
52.39567,-1.503652,157.56,9.66,2,188.93,20 / 21,183429,2019-09-06 18:19:10:111,0.0904,-0.6894,10.7852,0.0335,-0.0064,9.8066,0.014,-0.0684,-0.003,-10.56,-30.19,33.69,33.52,-87.09,-129.94
52.39567,-1.503652,157.56,9.66,2,188.93,20 / 21,183528,2019-09-06 18:19:10:210,1.0643,0.0433,9.7836,-0.0002,-0.0152,9.8066,-0.0163,0.0112,0.0066,-9.87,-29.25,34.44,32.87,-87.13,-132.05
52.39567,-1.503652,157.56,9.66,2,188.93,20 / 21,183628,2019-09-06 18:19:10:310,-2.4055,0.6585,9.6633,-0.0017,-0.0328,9.8066,-0.0954,-0.1472,0.036,-9.75,-29.87,34,32.2,-86.9,-132.84
52.39567,-1.503652,157.56,9.66,2,188.93,20 / 21,183729,2019-09-06 18:19:10:411,-0.2794,1.0542,10.0725,0.009,0.0208,9.8066,0.1768,-0.027,-0.0341,-9.75,-29.25,33.81,28.39,-86.86,-136.48
52.39567,-1.503652,157.56,9.66,2,188.93,20 / 21,183828,2019-09-06 18:19:10:510,1.0892,-1.6528,10.0438,-0.022,0.0599,9.8064,0.1919,0.0036,-0.0019,-9.37,-30,34.13,30.8,-87.13,-135.66
52.39567,-1.503652,157.56,9.66,2,188.93,20 / 21,183929,2019-09-06 18:19:10:611,-0.3649,-0.9801,9.616,0.0356,-0.056,9.8064,-0.0385,-0.0747,0.0133,-9.44,-29.75,33.88,24.89,-86.99,-141.39
52.39567,-1.503652,157.56,9.66,2,188.93,20 / 21,184029,2019-09-06 18:19:10:711,0.9425,0.4491,10.1298,0.0246,-0.0328,9.8065,-0.0065,0.071,-0.0638,-8.94,-30.06,33.63,24.05,-87.11,-142.15
52.39567,-1.503652,157.56,9.66,2,188.93,20 / 21,184128,2019-09-06 18:19:10:810,-0.1129,-0.3127,10.3093,0.0147,-0.0105,9.8066,-0.0969,0.0101,-0.0275,-9.06,-30.06,33.63,21.54,-87.38,-144.47
52.39567,-1.503652,157.56,9.66,2,188.93,20 / 21,184229,2019-09-06 18:19:10:911,0.6001,0.7339,9.5917,0.0247,-0.0257,9.8065,-0.0897,0.048,-0.027,-9.31,-30.44,33.44,16.09,-87.4,-149.3
52.39567,-1.503652,157.56,9.66,2,188.93,20 / 21,184328,2019-09-06 18:19:11:010,-0.0613,0.1226,9.5779,0.0072,0.0064,9.8066,0.0193,-0.0315,-0.0052,-8.94,-31,33.94,12.58,-87.36,-153.12
52.39567,-1.503652,157.56,9.66,2,188.93,19 / 21,184429,2019-09-06 18:19:11:111,-0.6652,0.9799,9.2104,0.0082,0.0021,9.8066,0.0001,0.0306,-0.0638,-8.94,-30.87,33.75,9.89,-87.46,-155.67
52.39567,-1.503652,157.56,9.66,2,188.93,19 / 21,184529,2019-09-06 18:19:11:211,0.0067,-0.3261,9.8757,-0.0088,0.0329,9.8066,0.0241,-0.0582,-0.0016,-8.87,-30.56,33.88,11.99,-87.91,-153.57
52.39567,-1.503652,157.56,9.66,2,188.93,19 / 21,184629,2019-09-06 18:19:11:311,0.1949,0.8423,9.884,-0.0042,0.0307,9.8065,-0.0731,0.014,-0.0359,-8.25,-30.62,33.5,16.05,-88.07,-151.2
52.39567,-1.503652,157.56,9.66,2,188.93,19 / 21,184729,2019-09-06 18:19:11:411,-0.7668,0.3688,9.9095,-0.0055,-0.0004,9.8066,-0.0432,0.0659,0.042,-8.56,-30.62,33.06,14.93,-88.26,-150.23
52.39567,-1.503652,157.56,9.66,2,188.93,19 / 21,184829,2019-09-06 18:19:11:511,-0.5317,-0.5989,9.213,-0.0014,0.0137,9.8065,-0.0308,0.0193,-0.0124,-8.81,-30.56,32.69,16.05,-88.42,-149.09
52.39567,-1.503652,157.56,9.66,2,188.93,19 / 21,184929,2019-09-06 18:19:11:611,-0.7808,-0.3031,9.6132,0.0073,0.0003,9.8066,-0.0722,0.0307,0.0422,-8.37,-30.94,32.31,19.33,-88.35,-147.15
52.39567,-1.503652,157.56,9.66,2,188.93,19 / 21,185028,2019-09-06 18:19:11:710,-0.0634,0.1135,9.708,-0.0043,-0.0108,9.8066,-0.0781,0.0259,0.0624,-8.37,-30.31,32.94,16.51,-88.36,-150.28
52.39567,-1.503652,157.56,9.66,2,188.93,19 / 21,185129,2019-09-06 18:19:11:811,-0.6503,-0.5392,9.8113,-0.026,-0.0404,9.8065,-0.0074,0.0032,-0.0166,-9.31,-30.25,33.5,23.41,-88.06,-142.44
52.39567,-1.503652,157.56,9.66,2,188.93,19 / 21,185228,2019-09-06 18:19:11:910,-0.1,-1.6577,10.4395,-0.0056,0.0042,9.8066,0.0883,-0.0434,0.0234,-8.81,-30.56,32.38,26.6,-88.16,-138.47
52.39567,-1.503652,157.56,9.66,2,188.93,19 / 21,185329,2019-09-06 18:19:12:011,0.7401,-0.7182,9.2791,-0.0079,-0.0148,9.8065,-0.0357,-0.059,-0.0138,-9,-30.31,33.31,32.72,-88.14,-132.92
52.394913,-1.503836,155.47,9.13,2,188.73,20 / 21,185429,2019-09-06 18:19:12:111,-0.919,1.03,11.0189,0.0113,-0.0273,9.8065,0.5093,0.0632,-0.0309,-8.75,-30.31,32.63,43.34,-88.15,-122.54
52.394913,-1.503836,155.47,9.13,2,188.73,20 / 21,185528,2019-09-06 18:19:12:210,1.3014,-2.7165,9.9424,0.0247,-0.1135,9.8059,0.0092,0.0864,0.0554,-8.94,-30,33,28.65,-87.72,-137.08
52.394913,-1.503836,155.47,9.13,2,188.73,20 / 21,185629,2019-09-06 18:19:12:311,-0.8239,0.7891,11.4457,-0.0063,-0.0235,9.8065,0.2459,-0.0049,0.0685,-9.31,-30.37,33.19,37.03,-87.8,-128.9
52.394913,-1.503836,155.47,9.13,2,188.73,20 / 21,185728,2019-09-06 18:19:12:410,-1.284,2.0054,9.0318,0.0365,-0.0853,9.8062,-0.3719,0.0162,0.0724,-9,-30.5,33,36.78,-87.55,-129.28
52.394913,-1.503836,155.47,9.13,2,188.73,20 / 21,185829,2019-09-06 18:19:12:511,0.627,1.0583,9.2113,0.025,-0.0995,9.8061,-0.1331,0.0393,-0.001,-8.94,-30.62,32.69,40.69,-87.7,-125.44
52.394913,-1.503836,155.47,9.13,2,188.73,20 / 21,185929,2019-09-06 18:19:12:611,-0.567,0.5839,9.128,0.0006,0.0116,9.8066,-0.15,-0.0015,-0.023,-9.62,-31.12,32.63,43.46,-87.69,-121.13
52.394913,-1.503836,155.47,9.13,2,188.73,20 / 21,186029,2019-09-06 18:19:12:711,-0.009,0.0704,8.7191,0.0161,-0.0148,9.8066,-0.0491,0.0093,-0.0064,-8.56,-30.87,32.75,44.39,-87.87,-121.73
52.394913,-1.503836,155.47,9.13,2,188.73,20 / 21,186129,2019-09-06 18:19:12:811,-0.3589,1.2901,10.4439,-0.0047,0.0449,9.8065,0.032,-0.0853,-0.013,-9.37,-30.5,33.06,47.74,-88.05,-118.29
52.394913,-1.503836,155.47,9.13,2,188.73,20 / 21,186229,2019-09-06 18:19:12:911,0.2001,1.1654,10.3336,0.0039,0.0268,9.8065,0.0026,-0.0086,-0.0348,-9.19,-30.62,33.5,46.81,-88.09,-119.61
52.394913,-1.503836,155.47,9.13,2,188.73,20 / 21,186328,2019-09-06 18:19:13:010,0.6023,0.2959,9.8509,0.0046,-0.0135,9.8066,0.0218,-0.0176,0.038,-9.37,-30.06,33.06,43.26,-88.11,-122.64
52.394913,-1.503836,155.47,9.13,2,188.73,20 / 21,186429,2019-09-06 18:19:13:111,0.5507,0.6552,10.1664,0.0001,-0.0123,9.8066,0.0907,-0.0725,0.0095,-8.44,-29.87,32.94,42.42,-88,-125.16
52.394913,-1.503836,155.47,9.13,2,188.73,20 / 21,186528,2019-09-06 18:19:13:210,-1.1116,1.0998,9.6707,-0.0052,0.0025,9.8066,-0.0133,-0.023,-0.0139,-9.06,-30.19,33.19,41.76,-87.81,-124.28
52.394913,-1.503836,155.47,9.13,2,188.73,20 / 21,186628,2019-09-06 18:19:13:310,-0.5169,0.5415,9.1203,0.0013,0.0038,9.8066,0.0398,-0.0035,0.0556,-9,-30.5,33.06,43.88,-87.87,-122.18
52.394913,-1.503836,155.47,9.13,2,188.73,20 / 21,186729,2019-09-06 18:19:13:411,-1,1.164,10.3321,-0.0016,-0.0089,9.8066,0.0004,-0.0391,0.0107,-9.31,-30.06,33.63,44.29,-87.73,-122.26
52.394913,-1.503836,155.47,9.13,2,188.73,20 / 21,186829,2019-09-06 18:19:13:511,-0.6572,1.4748,10.0103,0.0032,-0.0056,9.8065,-0.0073,0.0333,-0.0397,-8.94,-30.19,32.81,43.53,-87.75,-122.59
52.394913,-1.503836,155.47,9.13,2,188.73,20 / 21,186928,2019-09-06 18:19:13:610,0.242,1.4095,10.4339,0.0049,0.0081,9.8066,0.053,-0.0188,0.0684,-9.12,-30.44,33.31,43.7,-87.77,-122.42
52.394913,-1.503836,155.47,9.13,2,188.73,20 / 21,187029,2019-09-06 18:19:13:711,-0.3065,1.1485,9.4974,0.0064,-0.0076,9.8066,-0.0319,0.038,-0.0449,-9.62,-30.06,32.88,41.41,-87.81,-123.02
52.394913,-1.503836,155.47,9.13,2,188.73,20 / 21,187129,2019-09-06 18:19:13:811,0.1779,0.8352,9.9553,-0.0029,0.0031,9.8066,0.0198,-0.0408,0.0144,-8.81,-30.25,32.69,42.18,-87.93,-123.8
52.394913,-1.503836,155.47,9.13,2,188.73,20 / 21,187228,2019-09-06 18:19:13:910,0.137,1.2542,9.9655,0.0001,0.0046,9.8066,0.0681,-0.0204,-0.0347,-9.62,-30,33.13,42.05,-87.94,-122.32
52.394913,-1.503836,155.47,9.13,2,188.73,20 / 21,187329,2019-09-06 18:19:14:011,-0.4914,0.9203,9.6693,0.0061,-0.0251,9.8065,-0.048,0.0459,0.0166,-9.25,-30.19,33,40.52,-87.81,-125.5
52.394913,-1.503836,155.47,9.13,2,188.73,20 / 22,187428,2019-09-06 18:19:14:110,-0.4962,1.6034,10.1712,0.0055,-0.0155,9.8066,0.0171,0.062,0.0382,-9.94,-29.81,32.63,38.38,-87.85,-125.94
52.394913,-1.503836,155.47,9.13,2,188.73,20 / 22,187529,2019-09-06 18:19:14:211,0.9566,1.2065,9.7908,-0.0016,-0.0033,9.8066,0.0104,-0.0096,-0.0198,-9.06,-30.31,32.75,38.5,-87.9,-127.41
52.394913,-1.503836,155.47,9.13,2,188.73,20 / 22,187628,2019-09-06 18:19:14:310,-0.1105,1.1251,9.6634,-0.0058,-0.0066,9.8066,-0.0265,0.0018,-0.0337,-9.44,-30,32.69,39.13,-87.76,-126.87
52.394913,-1.503836,155.47,9.13,2,188.73,20 / 22,187729,2019-09-06 18:19:14:411,-0.2887,0.306,10.1803,-0.0014,0.0057,9.8066,0.0406,-0.0101,0.0657,-8.94,-30.31,32.75,38.77,-87.76,-127.23
52.394913,-1.503836,155.47,9.13,2,188.73,20 / 22,187828,2019-09-06 18:19:14:510,0.7644,1.6789,10.1397,-0.0131,-0.0011,9.8066,0.0309,-0.0169,0.0327,-9.5,-29.56,33.5,41.79,-87.65,-124.75
52.394913,-1.503836,155.47,9.13,2,188.73,20 / 22,187929,2019-09-06 18:19:14:611,-0.1624,0.8,9.8359,0.0008,-0.0028,9.8066,0.0029,0.0056,-0.0099,-10.12,-29.81,32.81,38.89,-87.66,-125.55
52.394913,-1.503836,155.47,9.13,2,188.73,20 / 22,188028,2019-09-06 18:19:14:710,0.3359,0.2462,9.7874,-0.0069,-0.0049,9.8066,0.0158,0.0362,-0.0013,-9.69,-29.5,33.06,39.74,-87.62,-124.71
52.394913,-1.503836,155.47,9.13,2,188.73,20 / 22,188128,2019-09-06 18:19:14:810,-0.2637,0.4761,9.6245,-0.0099,-0.0017,9.8066,-0.0164,0.0666,0.0112,-10.06,-29.75,33.63,41.63,-87.47,-123.43
52.394913,-1.503836,155.47,9.13,2,188.73,20 / 22,188229,2019-09-06 18:19:14:911,0.4386,0.3323,9.9366,-0.0093,-0.0003,9.8066,-0.0226,0.0306,0.0043,-10.25,-29.31,32.81,42.7,-87.45,-121.92
52.394913,-1.503836,155.47,9.13,2,188.73,20 / 22,188329,2019-09-06 18:19:15:011,0.1701,0.5307,9.9135,-0.0167,-0.0015,9.8066,-0.0359,-0.0198,0.0129,-10.06,-30,33.19,45.35,-87.4,-119.43
52.394913,-1.503836,155.47,9.13,2,188.73,20 / 21,188428,2019-09-06 18:19:15:110,0.2287,0.3126,9.8585,-0.0104,0.0196,9.8066,0.0145,0.0067,0.0092,-10.31,-29.5,33.56,51.9,-87.31,-113.48
52.394913,-1.503836,155.47,9.13,2,188.73,20 / 21,188529,2019-09-06 18:19:15:211,-0.168,0.261,9.6708,-0.0088,-0.0022,9.8065,-0.0487,0.0094,-0.0057,-9.94,-29.94,33.13,55.21,-87.27,-109.91
52.394913,-1.503836,155.47,9.13,2,188.73,20 / 21,188628,2019-09-06 18:19:15:310,-0.1779,1.3506,10.1479,-0.0049,-0.0016,9.8066,-0.0354,-0.0469,0.0394,-10.81,-30.12,33.31,56.48,-87.16,-107.16
52.394913,-1.503836,155.47,9.13,2,188.73,20 / 21,188729,2019-09-06 18:19:15:411,-0.1014,0.5337,10.2914,-0.011,0.0163,9.8065,0.0503,0.073,-0.0181,-10.62,-29.69,33.13,61.2,-87.15,-102.55
52.394913,-1.503836,155.47,9.13,2,188.73,20 / 21,188828,2019-09-06 18:19:15:510,-0.291,0.5992,9.7653,-0.0056,-0.0079,9.8066,0.0095,-0.0123,0.0455,-10.37,-29.25,32.44,61.28,-87.08,-103.62
52.394913,-1.503836,155.47,9.13,2,188.73,20 / 21,188928,2019-09-06 18:19:15:610,0.2538,0.588,9.8142,-0.0048,0.0167,9.8066,0.0111,0.0284,-0.0347,-11.44,-30.06,32.69,60.52,-87,-103.33
52.394913,-1.503836,155.47,9.13,2,188.73,20 / 21,189029,2019-09-06 18:19:15:711,-0.6802,0.2395,9.3347,-0.0056,0.0198,9.8066,-0.0176,-0.0358,0.0175,-10.5,-29.75,33.38,64.34,-87.07,-101.13
52.394913,-1.503836,155.47,9.13,2,188.73,20 / 21,189129,2019-09-06 18:19:15:811,-0.2385,1.3942,9.9671,-0.0082,0.0283,9.8066,0.1165,0.0443,-0.0095,-10.25,-29.5,32.56,66.67,-87.08,-98.76
52.394913,-1.503836,155.47,9.13,2,188.73,20 / 21,189229,2019-09-06 18:19:15:911,0.375,0.1015,10.1672,-0.01,0.0421,9.8065,0.0776,-0.0252,-0.0054,-11,-30.06,33.19,67.57,-87.1,-96.33
52.394913,-1.503836,155.47,9.13,2,188.73,20 / 21,189329,2019-09-06 18:19:16:011,0.7159,-0.2428,10.3789,0.0008,-0.0087,9.8066,-0.0037,0.0186,-0.0095,-10.62,-29.75,32.25,65.82,-87.11,-97.57
52.394913,-1.503836,155.47,9.13,2,188.73,20 / 22,189428,2019-09-06 18:19:16:110,-0.8257,-1.3368,10.1129,-0.0059,-0.0082,9.8066,0.1549,-0.0965,0.0624,-10.94,-30.06,33.13,66.29,-87.01,-97.67
52.394913,-1.503836,155.47,9.13,2,188.73,20 / 22,189528,2019-09-06 18:19:16:210,-1.0236,-0.0045,9.4882,0.017,-0.0195,9.8066,-0.0244,-0.1075,0.0231,-11.12,-30.06,32.75,64.41,-86.86,-99.63
52.394913,-1.503836,155.47,9.13,2,188.73,20 / 22,189629,2019-09-06 18:19:16:311,0.9157,-0.1522,10.0867,0.0071,-0.0232,9.8066,0.0664,0.057,-0.055,-10.94,-30.06,33.19,60.36,-86.88,-103.58
52.394913,-1.503836,155.47,9.13,2,188.73,20 / 22,189729,2019-09-06 18:19:16:411,-0.3493,0.3181,10.4781,-0.0025,0.0057,9.8066,0.011,0.0249,0.0019,-11.37,-29.81,32.88,59.96,-86.95,-103.92
52.394913,-1.503836,155.47,9.13,2,188.73,20 / 22,189828,2019-09-06 18:19:16:510,-0.0629,0.2694,9.6183,0.0013,0.0041,9.8066,-0.0703,-0.0262,-0.0213,-11.06,-30.19,33.38,59.97,-86.99,-103.89
52.394913,-1.503836,155.47,9.13,2,188.73,20 / 22,189928,2019-09-06 18:19:16:610,-1.1152,0.1885,10.2509,0.0034,-0.0128,9.8066,0.0287,0.0382,-0.0321,-10.81,-29.19,33.31,59.88,-86.98,-103.9
52.394913,-1.503836,155.47,9.13,2,188.73,20 / 22,190029,2019-09-06 18:19:16:711,0.2793,0.5105,9.8115,0.0078,-0.0166,9.8065,-0.0427,-0.0531,0.009,-10.94,-29.56,33.63,58.46,-87.04,-105.76
52.394913,-1.503836,155.47,9.13,2,188.73,20 / 22,190129,2019-09-06 18:19:16:811,0.3722,0.021,9.7046,0.0078,0.0056,9.8066,-0.0232,0.0503,-0.0595,-10.69,-30.06,34.06,55.86,-87.15,-108.23
52.394913,-1.503836,155.47,9.13,2,188.73,20 / 22,190228,2019-09-06 18:19:16:910,-0.2067,1.1532,9.8377,0.0115,-0.0003,9.8066,0.0593,0.0144,-0.0309,-10.25,-29.56,32.94,55.5,-87.27,-109.63
52.394913,-1.503836,155.47,9.13,2,188.73,20 / 22,190328,2019-09-06 18:19:17:010,-0.062,-0.1457,9.7663,0.002,0.0114,9.8066,-0.0442,-0.0308,-0.0489,-11.06,-29.94,33.69,54.14,-87.31,-109.79
52.394913,-1.503836,155.47,9.13,2,188.73,20 / 22,190429,2019-09-06 18:19:17:111,-1.1855,0.888,10.1514,-0.0008,0.0004,9.8066,-0.0111,-0.057,0.0221,-10.69,-29.69,33.44,54.23,-87.33,-109.23
52.394913,-1.503836,155.47,9.13,2,188.73,20 / 22,190528,2019-09-06 18:19:17:210,0.4826,0.0849,9.7416,0.0054,0.0077,9.8066,-0.0204,0.0445,-0.0335,-10.31,-29.12,32.88,56.63,-87.44,-108.34
52.394913,-1.503836,155.47,9.13,2,188.73,20 / 22,190628,2019-09-06 18:19:17:310,0.1817,1.0358,9.6355,0.0036,0.0114,9.8066,0.0042,-0.018,0.0083,-10.94,-29.56,32.75,56.91,-87.56,-106.45
52.394913,-1.503836,155.47,9.13,2,188.73,20 / 22,190728,2019-09-06 18:19:17:410,-0.0703,0.9593,9.9307,0.0028,0.0041,9.8066,-0.0158,0.0253,-0.0375,-10.06,-30,33.13,59.57,-87.67,-105.34
52.394913,-1.503836,155.47,9.13,2,188.73,20 / 22,190828,2019-09-06 18:19:17:510,0.4698,0.7179,10.0096,-0.0038,-0.0034,9.8066,0.014,0.0354,-0.0147,-9.56,-29.5,33.25,58.75,-87.59,-106.15
52.394913,-1.503836,155.47,9.13,2,188.73,20 / 22,190928,2019-09-06 18:19:17:610,-0.4009,1.0001,9.9111,-0.0038,0.0019,9.8066,-0.0284,-0.0302,-0.0028,-10.56,-29.94,33.56,59.03,-87.61,-104.79
52.394913,-1.503836,155.47,9.13,2,188.73,20 / 22,191029,2019-09-06 18:19:17:711,-0.0707,-0.3028,10.0068,-0.0016,-0.0027,9.8066,-0.0069,-0.0421,0.0298,-10.37,-29.75,33.06,59.34,-87.6,-105.63
52.394913,-1.503836,155.47,9.13,2,188.73,20 / 22,191129,2019-09-06 18:19:17:811,-0.1767,0.9312,9.7294,-0.0056,0.0032,9.8066,-0.0529,0.0295,0.0013,-10.56,-30.19,33.13,58.46,-87.61,-104.89
52.394913,-1.503836,155.47,9.13,2,188.73,20 / 22,191229,2019-09-06 18:19:17:911,-0.1784,0.6576,10.2206,-0.0075,0.0069,9.8066,0.0907,0.0041,0.0235,-10.37,-30.06,33.56,61.7,-87.56,-103.75
52.394913,-1.503836,155.47,9.13,2,188.73,20 / 22,191329,2019-09-06 18:19:18:011,-0.0707,-0.278,9.8714,0.0054,-0.0099,9.8066,0.065,0.0494,-0.0232,-10.31,-29.5,32.88,59.46,-87.6,-105.44
52.394913,-1.503836,155.47,9.13,2,188.73,19 / 21,191429,2019-09-06 18:19:18:111,0.2365,0.1648,9.8686,-0.0048,-0.0003,9.8066,-0.009,0.0102,0.0076,-10.37,-29.31,33.63,61.52,-87.55,-103.87
52.394913,-1.503836,155.47,9.13,2,188.73,19 / 21,191528,2019-09-06 18:19:18:210,-0.1092,0.6374,9.8523,-0.0042,-0.0091,9.8066,-0.0201,-0.0038,0.0354,-10.37,-30,33.19,61.85,-87.5,-103.23
52.394913,-1.503836,155.47,9.13,2,188.73,19 / 21,191629,2019-09-06 18:19:18:311,-0.3551,-0.0425,9.506,0.0095,-0.009,9.8066,-0.0339,0.0025,-0.0273,-10.37,-30.44,33,60.63,-87.47,-104.45
52.394913,-1.503836,155.47,9.13,2,188.73,19 / 21,191729,2019-09-06 18:19:18:411,0.0845,0.2762,9.8206,-0.0051,0.0227,9.8066,0.0285,-0.0165,0.0076,-10.37,-29.87,33.31,65.45,-87.54,-99.66
52.394913,-1.503836,155.47,9.13,2,188.73,19 / 21,191828,2019-09-06 18:19:18:510,0.0023,-0.5125,10.0571,-0.0019,0.0142,9.8066,-0.011,-0.0172,-0.0189,-10.56,-29.87,33.44,64.97,-87.55,-98.53
52.394913,-1.503836,155.47,9.13,2,188.73,19 / 21,191929,2019-09-06 18:19:18:611,0.3308,-0.0425,10.0936,-0.0012,0.0042,9.8066,0.046,-0.0132,-0.0143,-10.5,-29.75,33.38,68.33,-87.57,-96.79
52.394913,-1.503836,155.47,9.13,2,188.73,19 / 21,192029,2019-09-06 18:19:18:711,0.0237,0.7438,9.7836,-0.0128,0.0215,9.8066,0.0485,-0.0058,0.0175,-10.19,-29.75,33.13,71.26,-87.55,-93.92
52.394913,-1.503836,155.47,9.13,2,188.73,19 / 21,192129,2019-09-06 18:19:18:811,-0.466,-0.1038,9.9906,-0.0081,-0.0077,9.8066,0.0073,-0.066,0.0454,-10.19,-29.12,33.06,70.61,-87.42,-94.59
52.394913,-1.503836,155.47,9.13,2,188.73,19 / 21,192229,2019-09-06 18:19:18:911,-0.415,-0.6235,9.8849,0.0031,-0.0014,9.8066,0.0104,0.0427,-0.0155,-10.56,-30.06,33.25,67.56,-87.35,-96.14
52.394913,-1.503836,155.47,9.13,2,188.73,19 / 21,192329,2019-09-06 18:19:19:011,-0.003,0.0699,9.7604,0.0012,0.0082,9.8066,0.0126,0.0064,0.0082,-10.44,-29.56,32.88,68.74,-87.32,-96.59
52.394913,-1.503836,155.47,9.13,2,188.73,20 / 21,192429,2019-09-06 18:19:19:111,0.1871,0.232,9.8225,-0.0041,-0.0123,9.8066,-0.0237,0.0218,0.0206,-10.5,-29.81,33.31,67.8,-87.25,-97.58
52.394913,-1.503836,155.47,9.13,2,188.73,20 / 21,192528,2019-09-06 18:19:19:210,1.0397,-0.3029,9.9701,0.0005,-0.0021,9.8066,0.0103,0.0392,-0.0172,-11,-29.56,33.44,65.1,-87.17,-98.7
52.394913,-1.503836,155.47,9.13,2,188.73,20 / 21,192629,2019-09-06 18:19:19:311,0.1642,0.7667,9.9856,0.0026,-0.0252,9.8066,0.0086,0.0287,-0.0115,-10.81,-29.44,33.81,64,-87.06,-100.25
52.394913,-1.503836,155.47,9.13,2,188.73,20 / 21,192728,2019-09-06 18:19:19:410,0.8074,-0.1315,9.9066,-0.0011,-0.0064,9.8066,0.082,0.0323,-0.0125,-11.25,-30.12,33.31,64.14,-87.15,-99.67
52.394913,-1.503836,155.47,9.13,2,188.73,20 / 21,192829,2019-09-06 18:19:19:511,-0.801,0.5716,9.9193,-0.016,-0.0064,9.8066,-0.0372,-0.0389,0.0395,-10.56,-29.37,33.25,63.51,-86.9,-100.4
52.394913,-1.503836,155.47,9.13,2,188.73,20 / 21,192928,2019-09-06 18:19:19:610,-0.1305,0.9637,10.2953,-0.0072,-0.0171,9.8065,-0.0039,-0.0006,0.0287,-11.25,-30,34.13,62.78,-86.76,-101.75
52.394913,-1.503836,155.47,9.13,2,188.73,20 / 21,193029,2019-09-06 18:19:19:711,-0.5867,0.6172,9.8638,-0.0051,-0.0087,9.8066,0.0324,-0.0175,0.022,-11.06,-30.25,33.25,62.45,-86.65,-101.72
52.394913,-1.503836,155.47,9.13,2,188.73,20 / 21,193129,2019-09-06 18:19:19:811,-0.1904,0.6934,9.4422,0.0017,0.0187,9.8065,-0.0524,0.0009,-0.0397,-10.75,-29.69,33.19,65.18,-86.66,-99.04
52.394913,-1.503836,155.47,9.13,2,188.73,20 / 21,193228,2019-09-06 18:19:19:910,0.2466,-0.0006,9.6838,-0.0039,0.0123,9.8066,0.0012,-0.0151,-0.0229,-10.87,-30.37,33.63,67.76,-86.67,-96.93
52.394913,-1.503836,155.47,9.13,2,188.73,20 / 21,193328,2019-09-06 18:19:20:010,0.0428,0.0272,10.412,0.0098,0.0077,9.8066,-0.0105,-0.0332,-0.0594,-10.94,-30.12,32.94,71.22,-86.82,-92.97
52.394913,-1.503836,155.47,9.13,2,188.73,21 / 22,193429,2019-09-06 18:19:20:111,0.3269,0.7488,10.3634,0.0006,0.0056,9.8066,-0.0092,-0.0374,0.0558,-10.31,-30.19,33,75.51,-86.98,-90.2
52.394913,-1.503836,155.47,9.13,2,188.73,21 / 22,193528,2019-09-06 18:19:20:210,-0.6622,0.5602,9.7994,0.0063,0.0056,9.8065,-0.0351,0.0177,-0.0385,-10.56,-29.69,32.94,75.84,-86.98,-88.27
52.394913,-1.503836,155.47,9.13,2,188.73,21 / 22,193629,2019-09-06 18:19:20:311,0.048,0.8547,10.0628,-0.0036,-0.0076,9.8066,0.0465,-0.021,0.0169,-10.62,-29.81,32.88,76.24,-86.92,-87.92
52.394913,-1.503836,155.47,9.13,2,188.73,21 / 22,193729,2019-09-06 18:19:20:411,-0.4405,0.997,9.3917,0.0084,-0.0036,9.8066,0.0057,0.0025,-0.0324,-10.69,-30.37,33.31,74.43,-87.06,-89.6
52.394913,-1.503836,155.47,9.13,2,188.73,21 / 22,193828,2019-09-06 18:19:20:510,-0.0841,0.421,9.2103,0.0096,-0.0099,9.8066,0.0002,-0.0398,0.0179,-10.62,-30.06,32.88,71.79,-87.13,-92.15
52.394913,-1.503836,155.47,9.13,2,188.73,21 / 22,193928,2019-09-06 18:19:20:610,0.198,0.6272,9.2394,-0.0037,0.0042,9.8066,-0.0199,0.0221,-0.0119,-10.31,-30.62,33,72.16,-87.16,-93.44
52.394913,-1.503836,155.47,9.13,2,188.73,21 / 22,194029,2019-09-06 18:19:20:711,-0.432,0.5643,10.4411,-0.0008,0.0045,9.8066,0.0127,-0.0199,-0.0237,-10.62,-29.81,34.13,73.27,-87.15,-91.12
52.394913,-1.503836,155.47,9.13,2,188.73,21 / 22,194129,2019-09-06 18:19:20:811,-0.3304,1.9867,11.2813,0.0248,-0.0128,9.8066,0.1252,-0.0149,-0.0603,-10.75,-30.25,33.69,72.69,-87.39,-91.49
52.394913,-1.503836,155.47,9.13,2,188.73,21 / 22,194229,2019-09-06 18:19:20:911,-0.1946,0.6031,10.9057,0.0261,-0.0157,9.8066,0.012,-0.0259,-0.0323,-10.81,-30.19,33.19,67.13,-87.61,-96.36
52.394913,-1.503836,155.47,9.13,2,188.73,21 / 22,194329,2019-09-06 18:19:21:011,0.3574,-0.1274,8.8128,0.0194,-0.0338,9.8065,0.0718,-0.0183,-0.0297,-9.81,-29.62,33.81,57.25,-87.77,-107.96
52.39438,-1.503947,153.98,3.82,2,187.45,20 / 21,194428,2019-09-06 18:19:21:110,0.1417,0.0652,8.4247,0.0099,-0.0176,9.8065,-0.0286,-0.0062,-0.0188,-9.37,-29.81,34.06,57.94,-87.77,-108.87
52.39438,-1.503947,153.98,3.82,2,187.45,20 / 21,194529,2019-09-06 18:19:21:211,-0.2713,0.8069,9.1945,-0.0052,0.0154,9.8066,-0.0056,-0.0241,0.0174,-10.12,-29.56,34.19,55.8,-87.84,-109.34
52.39438,-1.503947,153.98,3.82,2,187.45,20 / 21,194628,2019-09-06 18:19:21:310,0.0055,0.6094,10.1266,-0.0052,-0.0023,9.8065,-0.0102,0.0161,-0.0003,-10.19,-29.81,34,55.88,-87.78,-109.3
52.39438,-1.503947,153.98,3.82,2,187.45,20 / 21,194728,2019-09-06 18:19:21:410,-0.3573,0.4705,10.5171,0.0031,0.0033,9.8066,0.0345,0.0021,-0.0148,-10.62,-30.44,34.5,53.12,-87.77,-110.91
52.39438,-1.503947,153.98,3.82,2,187.45,20 / 21,194828,2019-09-06 18:19:21:510,-0.0909,0.1249,11.2244,0.0074,-0.0049,9.8066,-0.0135,0.0171,0.0132,-9.62,-30,34,51.07,-87.83,-114
52.39438,-1.503947,153.98,3.82,2,187.45,20 / 21,194929,2019-09-06 18:19:21:611,0.2336,1.034,9.9159,-0.0079,0.0372,9.8065,-0.0921,0.0158,-0.0231,-9.37,-30.25,33.69,66.14,-88.04,-100.57
52.39438,-1.503947,153.98,3.82,2,187.45,20 / 21,195028,2019-09-06 18:19:21:710,-0.2191,1.17,9.6685,0.0044,0.0277,9.8066,-0.0488,-0.0228,-0.0303,-9.69,-30.31,33.38,74.94,-88.15,-89.76
52.39438,-1.503947,153.98,3.82,2,187.45,20 / 21,195128,2019-09-06 18:19:21:810,-0.2442,0.9217,9.2941,0.0104,-0.0063,9.8066,0.0213,-0.003,-0.025,-9.62,-29.87,33.31,78.82,-88.31,-85.76
52.39438,-1.503947,153.98,3.82,2,187.45,20 / 21,195229,2019-09-06 18:19:21:911,0.0763,0.7807,9.6685,0.0104,-0.0153,9.8066,0.0448,-0.0189,-0.0064,-9.94,-29.56,33.06,72.3,-88.41,-92.17
52.39438,-1.503947,153.98,3.82,2,187.45,20 / 21,195328,2019-09-06 18:19:22:010,0.0313,0.6897,10.0919,0.0016,-0.0189,9.8066,0.0538,-0.0073,0.015,-9.94,-29.81,33.75,64.31,-88.41,-100.52
52.39438,-1.503947,153.98,3.82,2,187.45,21 / 22,195429,2019-09-06 18:19:22:111,-0.0321,0.6923,10.2645,-0.0043,-0.0103,9.8066,0.0324,0.009,0.0079,-9.37,-29.87,34.19,58.53,-88.26,-107.92
52.39438,-1.503947,153.98,3.82,2,187.45,21 / 22,195529,2019-09-06 18:19:22:211,-0.2564,0.9355,9.9596,-0.0029,0.0028,9.8065,-0.0093,-0.0001,0.0064,-9.31,-29.94,34.06,58.02,-88.22,-108.45
52.39438,-1.503947,153.98,3.82,2,187.45,21 / 22,195629,2019-09-06 18:19:22:311,-0.1769,1.0725,9.837,-0.0028,0.0021,9.8066,-0.0319,-0.0082,-0.0007,-9.31,-30.19,34.06,59.62,-88.19,-106.9
52.39438,-1.503947,153.98,3.82,2,187.45,21 / 22,195728,2019-09-06 18:19:22:410,-0.2002,1.2826,10.0707,0.0014,0.0096,9.8066,0.0135,-0.02,-0.006,-9.75,-29.56,33.94,62.02,-88.26,-102.9
52.39438,-1.503947,153.98,3.82,2,187.45,21 / 22,195829,2019-09-06 18:19:22:511,-0.18,0.5792,9.6674,0.0027,0.0008,9.8066,0.0012,0.0035,-0.0223,-9.94,-29.5,33.63,61.95,-88.3,-102.89
52.39438,-1.503947,153.98,3.82,2,187.45,21 / 22,195928,2019-09-06 18:19:22:610,-0.024,0.7005,9.7151,0.0027,-0.0073,9.8066,0.0178,-0.0006,0.003,-9.31,-29.5,33.56,62.88,-88.35,-103.51
52.39438,-1.503947,153.98,3.82,2,187.45,21 / 22,196029,2019-09-06 18:19:22:711,-0.0707,0.7998,9.8673,0.0026,-0.0098,9.8066,0.0098,-0.0109,0.0028,-9,-29.81,33.56,59.86,-88.34,-106.55
52.39438,-1.503947,153.98,3.82,2,187.45,21 / 22,196129,2019-09-06 18:19:22:811,-0.2213,0.8399,9.7593,-0.0034,0.0028,9.8066,-0.0169,0.0111,-0.0117,-9.25,-29.62,33.44,59.28,-88.34,-106.73
52.39438,-1.503947,153.98,3.82,2,187.45,21 / 22,196228,2019-09-06 18:19:22:910,-0.2379,0.6417,9.8881,-0.0016,0.0045,9.8066,-0.0033,-0.0199,0.0232,-9.62,-30,33.38,59.02,-88.35,-105.37
52.39438,-1.503947,153.98,3.82,2,187.45,21 / 22,196329,2019-09-06 18:19:23:011,-0.2386,0.5898,10.0928,-0.003,0.0018,9.8066,0.0217,-0.0139,-0.0076,-8.81,-30.37,33.75,62.64,-88.28,-103.85
52.39438,-1.503947,153.98,3.82,2,187.45,20 / 21,196428,2019-09-06 18:19:23:110,0.0218,0.1343,9.8678,0.0031,0.0037,9.8066,-0.0049,0.0025,0.0065,-9.25,-30.12,33.44,62.52,-88.31,-103.55
52.39438,-1.503947,153.98,3.82,2,187.45,20 / 21,196529,2019-09-06 18:19:23:211,0.1341,-0.2465,9.7539,0.0014,-0.0034,9.8066,-0.0098,0.0046,-0.0072,-9.31,-29.81,33.94,62.81,-88.34,-103.64
52.39438,-1.503947,153.98,3.82,2,187.45,20 / 21,196628,2019-09-06 18:19:23:310,0.1154,-0.1447,9.782,0.0023,-0.0039,9.8066,-0.0098,-0.0039,-0.0075,-9.12,-29.69,33.56,61.98,-88.36,-104.43
52.39438,-1.503947,153.98,3.82,2,187.45,20 / 21,196729,2019-09-06 18:19:23:411,0.3039,-0.4464,9.7723,-0.0023,0.0069,9.8066,0.0052,-0.0155,-0.001,-9.87,-28.87,33.81,62.18,-88.4,-102.59
52.39438,-1.503947,153.98,3.82,2,187.45,20 / 21,196829,2019-09-06 18:19:23:511,0.1532,-0.3904,9.8723,0.0014,0.0052,9.8066,-0.0146,-0.0097,-0.0026,-10,-29.44,33.38,61.56,-88.41,-102.77
52.39438,-1.503947,153.98,3.82,2,187.45,20 / 21,196930,2019-09-06 18:19:23:612,0.2571,-0.8175,9.6796,0.0028,-0.0056,9.8066,-0.0139,0.0006,0.0117,-9.37,-29.56,33.94,62.69,-88.43,-103.69
52.39438,-1.503947,153.98,3.82,2,187.45,20 / 21,197029,2019-09-06 18:19:23:711,0.1724,-0.7957,9.6928,0.0011,-0.0096,9.8066,-0.0253,-0.0083,0.0133,-9,-30.25,33.69,62.89,-88.42,-103.49
52.39438,-1.503947,153.98,3.82,2,187.45,20 / 21,197128,2019-09-06 18:19:23:810,0.1185,-0.5265,9.596,-0.0025,0.0153,9.8066,0.0098,-0.0202,-0.0196,-9.37,-30.25,33.38,62.36,-88.4,-103.63
52.39438,-1.503947,153.98,3.82,2,187.45,20 / 21,197228,2019-09-06 18:19:23:910,0.0684,-0.6294,9.9098,0.001,0.0113,9.8066,-0.0008,-0.0055,-0.0099,-9.69,-30.06,33.63,64.84,-88.46,-99.96
52.39438,-1.503947,153.98,3.82,2,187.45,20 / 21,197329,2019-09-06 18:19:24:011,0.3001,-0.6501,9.8583,0.0046,0.0004,9.8066,0.0339,-0.0254,-0.0002,-9.87,-30.25,33.81,64.77,-88.53,-99.98
52.39438,-1.503947,153.98,3.82,2,187.45,20 / 21,197429,2019-09-06 18:19:24:111,0.3595,-0.6568,9.856,0.0052,-0.0042,9.8066,0.0097,-0.0076,-0.0265,-9.25,-29.56,33.5,67.61,-88.59,-98.68
52.39438,-1.503947,153.98,3.82,2,187.45,20 / 21,197529,2019-09-06 18:19:24:211,0.2245,-0.7638,9.6463,0.0012,0.0019,9.8066,-0.0135,-0.0105,0.0088,-8.81,-29.5,33.69,67,-88.64,-99.21
52.39438,-1.503947,153.98,3.82,2,187.45,20 / 21,197628,2019-09-06 18:19:24:310,0.3567,-0.8513,9.6493,-0.0036,0.0053,9.8066,-0.0107,0.0016,0.0112,-8.44,-28.75,33.06,72.49,-88.63,-95
52.39438,-1.503947,153.98,3.82,2,187.45,20 / 21,197729,2019-09-06 18:19:24:411,0.1855,-0.6232,9.8952,-0.0051,0.0016,9.8066,0.0029,-0.0074,-0.005,-9.5,-29.94,32.94,73.16,-88.58,-92.78
52.39438,-1.503947,153.98,3.82,2,187.45,20 / 21,197828,2019-09-06 18:19:24:510,0.3653,-0.5795,9.7003,-0.0012,-0.0059,9.8066,0.0172,0.006,0.0076,-9.5,-29.62,33.13,72.34,-88.54,-93.63
52.39438,-1.503947,153.98,3.82,2,187.45,20 / 21,197928,2019-09-06 18:19:24:610,0.0327,-0.7648,9.6964,0.0023,0.0009,9.8066,-0.0039,-0.0149,-0.0224,-10.12,-29.87,33.63,70.87,-88.55,-93.91
52.39438,-1.503947,153.98,3.82,2,187.45,20 / 21,198029,2019-09-06 18:19:24:711,0.2856,-0.8326,9.707,0.0081,0.0058,9.8066,-0.0159,-0.0002,-0.0383,-9.19,-30.37,33,72.63,-88.63,-93.27
52.39438,-1.503947,153.98,3.82,2,187.45,20 / 21,198129,2019-09-06 18:19:24:811,0.2329,-0.5921,10.223,0.0069,0.0064,9.8066,-0.0074,-0.015,-0.0033,-9.31,-30.94,32.81,74.77,-88.78,-91.04
52.39438,-1.503947,153.98,3.82,2,187.45,20 / 21,198229,2019-09-06 18:19:24:911,0.4068,-0.4416,10.1369,0.0056,0.0007,9.8066,-0.0078,-0.0104,-0.0064,-9.19,-29.87,33.06,76.14,-88.9,-89.54
52.39438,-1.503947,153.98,3.82,2,187.45,20 / 21,198328,2019-09-06 18:19:25:010,0.3568,-0.497,9.8906,0.0001,-0.0019,9.8066,0.0019,-0.0044,0.0079,-9,-29.69,32.69,75.95,-88.92,-89.72
52.39438,-1.503947,153.98,3.82,2,187.45,20 / 21,198429,2019-09-06 18:19:25:111,-0.0399,-0.3297,9.7221,-0.0028,-0.0025,9.8066,0.0207,0.0099,0.0058,-8.87,-29.69,32.81,73.3,-88.85,-92.42
52.39438,-1.503947,153.98,3.82,2,187.45,20 / 21,198528,2019-09-06 18:19:25:210,-0.0564,-0.3682,9.8492,-0.0037,-0.0067,9.8066,0.0186,-0.0042,0.0207,-9.31,-29.94,32.88,71.36,-88.79,-94.39
52.39438,-1.503947,153.98,3.82,2,187.45,20 / 21,198629,2019-09-06 18:19:25:311,-0.0859,-0.3461,9.9257,0.0038,0.0026,9.8066,-0.0135,-0.013,-0.012,-9.31,-30.69,33.25,70.01,-88.76,-95.79
52.39438,-1.503947,153.98,3.82,2,187.45,20 / 21,198729,2019-09-06 18:19:25:411,0.0731,-0.4212,9.7634,0.0067,0.0055,9.8066,0.0465,0.0004,-0.01,-8.81,-30.69,33.63,68.34,-88.87,-97.76
52.39438,-1.503947,153.98,3.82,2,187.45,20 / 21,198828,2019-09-06 18:19:25:510,0.2717,-0.2291,9.7373,0.0086,-0.0007,9.8066,0.0309,0.0051,-0.0156,-9.56,-31.31,33.56,63.52,-89.02,-100.86
52.39438,-1.503947,153.98,3.82,2,187.45,20 / 21,198929,2019-09-06 18:19:25:611,0.4112,-0.4493,9.7291,0.0059,-0.0066,9.8066,-0.0016,-0.0145,-0.0173,-9.44,-31.31,33.56,61.54,-89.07,-104.36
52.39438,-1.503947,153.98,3.82,2,187.45,20 / 21,199028,2019-09-06 18:19:25:710,0.0414,-0.134,9.7006,0.0002,-0.0026,9.8066,-0.0021,-0.0198,0.0005,-8.87,-30.69,33.5,59.28,-89.05,-106.62
52.39438,-1.503947,153.98,3.82,2,187.45,20 / 21,199129,2019-09-06 18:19:25:811,-0.1158,0.0706,9.8206,-0.0029,-0.0059,9.8066,0.0066,-0.0042,0.0021,-9.37,-30.56,33.75,59.1,-89.01,-106.83
52.39438,-1.503947,153.98,3.82,2,187.45,20 / 21,199229,2019-09-06 18:19:25:911,-0.1544,0.1608,9.8874,-0.002,-0.0006,9.8066,0.0321,-0.0222,-0.0015,-9.25,-30.62,33.25,57.85,-88.96,-107.7
52.39438,-1.503947,153.98,3.82,2,187.45,20 / 21,199328,2019-09-06 18:19:26:010,-0.2422,-0.0118,10.1073,0.0032,-0.0077,9.8066,0.0255,-0.0297,0.0029,-9.31,-30.25,33.63,52.23,-88.91,-113.69
52.39438,-1.503947,153.98,3.82,2,187.45,20 / 21,199428,2019-09-06 18:19:26:110,-0.0494,0.0295,9.8025,0.0049,-0.0042,9.8066,0.0234,-0.0256,-0.0012,-8.94,-30.37,33.81,44.38,-88.85,-121.48
52.39438,-1.503947,153.98,3.82,2,187.45,20 / 21,199529,2019-09-06 18:19:26:211,-0.1952,0.3293,9.8234,0.0033,-0.0016,9.8066,0.0167,-0.0382,0.0004,-8.94,-30.56,34.31,42.05,-88.86,-123.8
52.39438,-1.503947,153.98,3.82,2,187.45,20 / 21,199629,2019-09-06 18:19:26:311,-0.0777,0.4144,9.9854,0.0029,0.0067,9.8066,-0.0005,-0.0318,-0.0204,-9.31,-30.37,34,42.18,-88.94,-123.61
52.39438,-1.503947,153.98,3.82,2,187.45,20 / 21,199728,2019-09-06 18:19:26:410,-0.1163,0.3419,9.9041,0.0023,0.0045,9.8066,0.0014,-0.0445,-0.0152,-9.5,-30.31,33.81,41.38,-88.99,-124.36
52.39438,-1.503947,153.98,3.82,2,187.45,20 / 21,199829,2019-09-06 18:19:26:511,-0.0889,0.3469,9.7641,0.0006,0.0008,9.8066,0.0104,-0.0273,0.0025,-9.62,-30.06,33.69,40.61,-89.01,-123.55
52.39438,-1.503947,153.98,3.82,2,187.45,20 / 21,199928,2019-09-06 18:19:26:610,0.2382,-0.7167,9.8192,0.0012,-0.0038,9.8066,0.0398,-0.0288,0.0159,-9.12,-30.25,34.44,41.56,-89.02,-124.17
52.39438,-1.503947,153.98,3.82,2,187.45,20 / 21,200028,2019-09-06 18:19:26:710,0.2053,-0.4217,9.8657,-0.0025,-0.0069,9.8066,0.0002,-0.04,-0.0045,-9.31,-29.69,33.94,39.59,-88.94,-126.16
52.39438,-1.503947,153.98,3.82,2,187.45,20 / 21,200129,2019-09-06 18:19:26:811,0.1359,-0.7694,9.9201,-0.0007,-0.0067,9.8066,-0.032,-0.0542,-0.0264,-9.12,-30.06,34.44,38.92,-88.89,-126.86
52.39438,-1.503947,153.98,3.82,2,187.45,20 / 21,200228,2019-09-06 18:19:26:910,0.0606,-0.4735,9.8374,0.0001,0.0152,9.8066,0.027,-0.0264,0.0188,-8.75,-30.81,34.56,41.03,-88.97,-125.14
52.39438,-1.503947,153.98,3.82,2,187.45,20 / 21,200328,2019-09-06 18:19:27:010,-0.0936,-0.8496,9.8941,-0.0046,0.0105,9.8066,-0.0465,-0.0503,-0.004,-8.5,-30.31,35.19,43.43,-88.99,-124.29
52.39438,-1.503947,153.98,3.82,2,187.45,21 / 22,200428,2019-09-06 18:19:27:110,0.0557,-0.9965,9.9027,0.0026,-0.0059,9.8066,0.0081,-0.0562,-0.0183,-8.5,-30.62,34.88,45.21,-88.96,-122.56
52.39438,-1.503947,153.98,3.82,2,187.45,21 / 22,200529,2019-09-06 18:19:27:211,0.0996,-0.6153,9.9121,0.003,-0.0113,9.8066,0.0514,-0.0729,0.0186,-8.06,-29.87,34.69,40.95,-88.92,-126.77
52.39438,-1.503947,153.98,3.82,2,187.45,21 / 22,200628,2019-09-06 18:19:27:310,0.0766,-1.4955,9.7709,-0.0035,-0.0085,9.8066,0.027,-0.0981,0.0062,-8.25,-29.37,34.81,37.63,-88.78,-130.1
52.39438,-1.503947,153.98,3.82,2,187.45,21 / 22,200729,2019-09-06 18:19:27:411,0.2472,-2.7901,9.6668,-0.0015,-0.0119,9.8066,0.039,-0.0929,0.0149,-7.94,-30.06,34.75,34.22,-88.65,-133.55
52.39438,-1.503947,153.98,3.82,2,187.45,21 / 22,200828,2019-09-06 18:19:27:510,0.3787,-3.1974,9.6596,-0.0033,-0.0026,9.8066,-0.0229,-0.105,0.0159,-8.75,-29.19,34.56,31.76,-88.51,-134.46
52.39438,-1.503947,153.98,3.82,2,187.45,21 / 22,200928,2019-09-06 18:19:27:610,0.1902,-3.1003,9.5367,-0.0041,0.0012,9.8065,0.0143,-0.1196,0.0295,-8.25,-29.81,34.94,35.83,-88.53,-132.03
52.39438,-1.503947,153.98,3.82,2,187.45,21 / 22,201028,2019-09-06 18:19:27:710,0.0532,-3.345,9.5173,-0.0076,0.0003,9.8066,-0.016,-0.1786,0.0067,-8.12,-29.87,35.25,37.64,-88.47,-130.27
52.39438,-1.503947,153.98,3.82,2,187.45,21 / 22,201128,2019-09-06 18:19:27:810,0.0923,-3.163,9.251,-0.0091,-0.0069,9.8066,0.0028,-0.1666,0.0219,-8.19,-30.44,35.31,40.17,-88.34,-127.86
52.39438,-1.503947,153.98,3.82,2,187.45,21 / 22,201229,2019-09-06 18:19:27:911,-1.0835,-2.8192,9.9145,-0.0134,-0.003,9.8065,0.0238,-0.2306,0.0587,-7.12,-30.25,34.94,44.66,-88.13,-125.15
52.39438,-1.503947,153.98,3.82,2,187.45,21 / 22,201329,2019-09-06 18:19:28:011,-1.2859,-1.4812,10.0944,-0.0004,0.0019,9.8066,-0.0182,-0.2367,-0.0274,-5.87,-29.87,34.38,47.26,-88.07,-123.98
52.39438,-1.503947,153.98,3.82,2,187.45,20 / 22,201428,2019-09-06 18:19:28:110,-0.5199,-1.9246,10.4865,0.0055,-0.0106,9.8066,0.0267,-0.2635,0.014,-5.81,-29.44,34.94,42.58,-88.13,-128.74
52.39438,-1.503947,153.98,3.82,2,187.45,20 / 22,201528,2019-09-06 18:19:28:210,-0.4461,-1.909,10.0226,0.0032,-0.02,9.8066,0.051,-0.2747,0.0335,-6.37,-29.62,34.13,38.72,-88.01,-132.36
52.39438,-1.503947,153.98,3.82,2,187.45,20 / 22,201629,2019-09-06 18:19:28:311,-0.8959,-1.7129,9.875,-0.0168,-0.0131,9.8066,0.1012,-0.3029,0.0423,-5.44,-29.62,34.63,36.52,-87.81,-136.48
52.39438,-1.503947,153.98,3.82,2,187.45,20 / 22,201729,2019-09-06 18:19:28:411,-0.8003,-2.0237,9.2454,-0.0123,-0.0119,9.8065,0.0514,-0.3499,0.0564,-5.19,-29.12,34.63,35.44,-87.32,-137.74
52.39438,-1.503947,153.98,3.82,2,187.45,20 / 22,201828,2019-09-06 18:19:28:510,-1.8159,-2.3095,8.9128,-0.0316,-0.0283,9.8065,0.0199,-0.3633,0.1031,-4.62,-29.31,35.38,36,-86.74,-137.49
52.39438,-1.503947,153.98,3.82,2,187.45,20 / 22,201928,2019-09-06 18:19:28:610,-1.9252,-2.0587,9.7221,-0.0335,-0.0209,9.8065,0.0386,-0.4017,0.1096,-3.44,-29.94,34.94,42.37,-86.33,-134.9
52.39438,-1.503947,153.98,3.82,2,187.45,20 / 22,202028,2019-09-06 18:19:28:710,-2.4522,-0.7855,10.0218,-0.0161,-0.0151,9.8066,-0.1032,-0.4499,0.0182,-3.19,-29.25,33.75,43.8,-85.83,-133.69
52.39438,-1.503947,153.98,3.82,2,187.45,20 / 22,202128,2019-09-06 18:19:28:810,-1.8239,-1.5387,10.0339,0.0103,-0.0021,9.8066,-0.0684,-0.4144,-0.019,-3.31,-29.31,33.19,44.1,-85.88,-133.29
52.39438,-1.503947,153.98,3.82,2,187.45,20 / 22,202228,2019-09-06 18:19:28:910,-1.8794,-1.4526,9.835,-0.0015,0.0182,9.8066,-0.1499,-0.4737,0.0169,-1.69,-28.87,32.31,46.57,-86.25,-132.39
52.39438,-1.503947,153.98,3.82,2,187.45,20 / 22,202328,2019-09-06 18:19:29:010,-1.8645,-0.4368,9.1976,-0.0051,0.03,9.8066,-0.1395,-0.5532,0.0397,-1.06,-30.31,31,55.37,-86.52,-125.6
52.39438,-1.503947,153.98,3.82,2,187.45,21 / 22,202429,2019-09-06 18:19:29:111,-1.9453,-1.1226,9.6273,-0.01,0.0448,9.8065,-0.0247,-0.5362,0.1332,-0.56,-30,30.19,64.87,-86.55,-116.39
52.39438,-1.503947,153.98,3.82,2,187.45,21 / 22,202529,2019-09-06 18:19:29:211,-2.3007,-0.3252,9.5767,-0.03,0.0219,9.8065,-0.0376,-0.4652,0.0622,-0.25,-29.87,29.13,70.34,-86.27,-113.34
52.39438,-1.503947,153.98,3.82,2,187.45,21 / 22,202629,2019-09-06 18:19:29:311,-2.6847,-0.7453,8.8898,-0.0344,0.0142,9.8065,-0.0822,-0.5384,0.1289,0,-30.44,29,74.43,-85.88,-109.73
52.39438,-1.503947,153.98,3.82,2,187.45,21 / 22,202729,2019-09-06 18:19:29:411,-2.8908,-0.0924,11.2045,-0.0432,0.0027,9.8065,-0.0201,-0.5458,0.0122,0.94,-31.25,27.81,79.69,-85.43,-107.39
52.39438,-1.503947,153.98,3.82,2,187.45,21 / 22,202828,2019-09-06 18:19:29:510,-1.4574,0.9924,10.656,0.0206,-0.0144,9.8065,0.007,-0.4455,-0.059,1.25,-31.44,26.88,81.43,-85.22,-106.16
52.39438,-1.503947,153.98,3.82,2,187.45,21 / 22,202929,2019-09-06 18:19:29:611,-1.7462,0.1981,9.414,0.0082,-0.0208,9.8066,0.0333,-0.4307,-0.0052,2,-30.06,25.81,78.95,-85.51,-110.56
52.39438,-1.503947,153.98,3.82,2,187.45,21 / 22,203028,2019-09-06 18:19:29:710,-0.7974,0.4793,9.5332,-0.0146,-0.0121,9.8066,0.0009,-0.4703,0.0581,2.44,-30.94,26,75.56,-85.39,-114.21
52.39438,-1.503947,153.98,3.82,2,187.45,21 / 22,203129,2019-09-06 18:19:29:811,-1.5946,-0.1782,9.9966,-0.0449,-0.0303,9.8065,0.1218,-0.5182,0.0912,2.63,-30.44,25.06,76.75,-84.93,-116.04
52.39438,-1.503947,153.98,3.82,2,187.45,21 / 22,203229,2019-09-06 18:19:29:911,-2.0448,-0.6001,9.6341,-0.0481,-0.0225,9.8064,0.025,-0.4653,0.2554,2.88,-30.19,24,75.3,-84.16,-118.94
52.39438,-1.503947,153.98,3.82,2,187.45,21 / 22,203328,2019-09-06 18:19:30:010,-2.4322,2.0499,10.8805,-0.0285,0.0062,9.8065,-0.3334,-0.4984,0.0162,3.56,-30.56,22.75,79.2,-83.55,-119.21
52.394184,-1.504056,153.42,4.95,2,247.19,21 / 22,203430,2019-09-06 18:19:30:112,-1.9091,0.7651,10.213,0.0168,-0.0024,9.8066,-0.2674,-0.404,-0.0643,3.69,-31.25,22.88,80.69,-83.74,-117.49
52.394184,-1.504056,153.42,4.95,2,247.19,21 / 22,203529,2019-09-06 18:19:30:211,-0.4154,1.0552,10.157,0.0078,0.0252,9.8066,-0.0071,-0.3883,0.0188,3.38,-31.81,21.25,83.85,-84.13,-113.18
52.394184,-1.504056,153.42,4.95,2,247.19,21 / 22,203628,2019-09-06 18:19:30:310,-0.6153,0.2391,9.554,-0.0157,0,9.8066,0.0321,-0.3579,0.0655,3.63,-31.5,20.44,86.88,-83.96,-113.68
52.394184,-1.504056,153.42,4.95,2,247.19,21 / 22,203729,2019-09-06 18:19:30:411,-1.8254,-0.0914,9.9059,-0.0559,-0.0281,9.8064,0.0725,-0.3689,0.1051,3.81,-31.25,19.63,85.39,-83.52,-115.85
52.394184,-1.504056,153.42,4.95,2,247.19,21 / 22,203829,2019-09-06 18:19:30:511,-1.4477,0.1202,9.8748,-0.0257,0.0092,9.8066,0.0732,-0.3786,0.1087,3.13,-31.37,18.56,83.63,-82.8,-117.06
52.394184,-1.504056,153.42,4.95,2,247.19,21 / 22,203929,2019-09-06 18:19:30:611,-1.7234,-0.3128,9.7923,-0.0169,-0.0169,9.8066,-0.0911,-0.2817,0.0185,3.69,-30.94,17.75,87.83,-82.33,-117.8
52.394184,-1.504056,153.42,4.95,2,247.19,21 / 22,204029,2019-09-06 18:19:30:711,-0.8625,0.1584,9.6588,0.0033,-0.0091,9.8066,-0.1362,-0.2923,0.0326,3.31,-31.25,17.31,86.68,-82.44,-117.12
52.394184,-1.504056,153.42,4.95,2,247.19,21 / 22,204128,2019-09-06 18:19:30:810,-0.6986,0.1732,9.9887,0.0061,0.0184,9.8065,-0.0668,-0.2467,-0.0181,2.88,-32.19,15.94,90.72,-82.58,-114.72
52.394184,-1.504056,153.42,4.95,2,247.19,21 / 22,204229,2019-09-06 18:19:30:911,0.163,0.1429,10.5957,0.0023,0.0113,9.8066,0.0063,-0.2459,0.0767,3.25,-32.62,16.13,92.58,-82.67,-113.11
52.394184,-1.504056,153.42,4.95,2,247.19,21 / 22,204328,2019-09-06 18:19:31:010,-1.0764,-0.4355,10.2891,-0.0077,-0.0042,9.8066,-0.0482,-0.2053,-0.0557,3.13,-32.56,15.56,92.54,-82.41,-113.72
52.394184,-1.504056,153.42,4.95,2,247.19,20 / 21,204429,2019-09-06 18:19:31:111,-1.1874,-0.3552,9.5427,-0.017,-0.0457,9.8065,-0.0013,-0.2729,0.0221,2.31,-32.5,16,86.01,-82.25,-116.79
52.394184,-1.504056,153.42,4.95,2,247.19,20 / 21,204529,2019-09-06 18:19:31:211,-1.5309,-0.6811,9.7202,-0.0029,0.0042,9.8066,0.1058,-0.2525,0.0796,2.19,-33,15.63,83.98,-82.09,-119.63
52.394184,-1.504056,153.42,4.95,2,247.19,20 / 21,204628,2019-09-06 18:19:31:310,-0.0075,-0.0225,9.6695,-0.0071,0.0071,9.8065,-0.0199,-0.2343,0.0515,2.56,-32.62,14.81,88.18,-81.83,-121.17
52.394184,-1.504056,153.42,4.95,2,247.19,20 / 21,204728,2019-09-06 18:19:31:410,-2.0923,0.0084,11.0588,-0.023,-0.0082,9.8066,-0.0615,-0.1647,-0.0001,2.19,-32.81,15.13,84.89,-81.22,-122.36
52.394184,-1.504056,153.42,4.95,2,247.19,20 / 21,204828,2019-09-06 18:19:31:510,-1.414,-0.6736,10.5241,-0.0007,-0.0381,9.8065,-0.0446,-0.1926,-0.04,1.81,-32.81,14.69,83.86,-81.35,-123.06
52.394184,-1.504056,153.42,4.95,2,247.19,20 / 21,204928,2019-09-06 18:19:31:610,0.0361,-0.8604,9.5804,0.017,-0.0178,9.8066,-0.0227,-0.1863,0.0243,2.75,-33,13.94,88.65,-81.6,-123.34
52.394184,-1.504056,153.42,4.95,2,247.19,20 / 21,205028,2019-09-06 18:19:31:710,0.401,-1.0654,9.4095,-0.0136,-0.0137,9.8066,-0.0396,-0.1116,0.0142,2.38,-33.69,13.81,84.04,-81.63,-124.76
52.394184,-1.504056,153.42,4.95,2,247.19,20 / 21,205128,2019-09-06 18:19:31:810,-1.2269,-0.0762,10.0482,-0.0181,0.0114,9.8066,0.0157,-0.1241,0.0467,1.56,-33.37,13.81,84.6,-81.34,-124.32
52.394184,-1.504056,153.42,4.95,2,247.19,20 / 21,205229,2019-09-06 18:19:31:911,-1.3186,-1.1395,9.6997,0.0018,0.0135,9.8065,-0.0772,-0.1772,0.0208,2.13,-33.87,13.5,85.65,-81.26,-124.15
52.394184,-1.504056,153.42,4.95,2,247.19,20 / 21,205329,2019-09-06 18:19:32:011,-1.1118,-0.1586,9.7314,-0.0012,-0.0105,9.8066,-0.0106,-0.1416,0,1.13,-33.44,13.56,80.93,-81.21,-124.28
52.394184,-1.504056,153.42,4.95,2,247.19,20 / 22,205429,2019-09-06 18:19:32:111,0.3218,-0.7566,9.8184,0.01,-0.0068,9.8066,-0.0409,-0.0575,-0.0275,1.19,-33.37,13.5,80.23,-81.35,-124.59
52.394184,-1.504056,153.42,4.95,2,247.19,20 / 22,205528,2019-09-06 18:19:32:210,0.0964,-0.1017,10.2203,-0.0165,0.0169,9.8066,-0.0263,-0.1051,0.0088,1.94,-32.37,12.5,86.12,-81.35,-124.33
52.394184,-1.504056,153.42,4.95,2,247.19,20 / 22,205628,2019-09-06 18:19:32:310,-1.0584,-0.4139,10.0647,-0.0067,-0.0061,9.8066,0.0373,-0.1237,0.057,1.13,-32.56,12.75,83.68,-81.11,-123.95
52.394184,-1.504056,153.42,4.95,2,247.19,20 / 22,205729,2019-09-06 18:19:32:411,-0.3285,0.6143,10.9271,-0.0461,-0.0221,9.8065,-0.0622,-0.1118,-0.0083,1.5,-32.81,13.25,88.31,-80.64,-124.88
52.394184,-1.504056,153.42,4.95,2,247.19,20 / 22,205828,2019-09-06 18:19:32:510,-0.3965,-1.1798,9.3159,-0.002,-0.0296,9.8065,0.0564,-0.0731,0.0472,2.25,-33.5,13.75,84.62,-80.51,-126.43
52.394184,-1.504056,153.42,4.95,2,247.19,20 / 22,205929,2019-09-06 18:19:32:611,-1.534,-0.597,9.4906,-0.0307,-0.013,9.8065,-0.065,-0.0777,-0.0318,1.25,-33,13.31,82.82,-80.13,-127.59
52.394184,-1.504056,153.42,4.95,2,247.19,20 / 22,206029,2019-09-06 18:19:32:711,-0.5354,0.1949,9.9546,0.0002,0.0047,9.8066,-0.0199,-0.1234,0.0665,1.25,-33.25,12.94,83.1,-80.1,-127.4
52.394184,-1.504056,153.42,4.95,2,247.19,20 / 22,206128,2019-09-06 18:19:32:810,-0.7586,0.5125,9.9053,0.033,0.0283,9.8065,-0.0258,-0.1034,-0.0365,1.31,-33.37,12.5,83.69,-79.99,-127.17
52.394184,-1.504056,153.42,4.95,2,247.19,20 / 22,206228,2019-09-06 18:19:32:910,0.1104,0.4468,10.6029,0.027,0.007,9.8065,-0.0588,-0.0733,-0.0767,1.5,-32.87,12.38,89.77,-80.48,-126.77
52.394184,-1.504056,153.42,4.95,2,247.19,20 / 22,206329,2019-09-06 18:19:33:011,1.0158,-0.8057,9.8705,0.0334,-0.0177,9.8065,0.0655,-0.0754,-0.0434,2.38,-32.25,11.94,84.84,-80.92,-129.44
52.394184,-1.504056,153.42,4.95,2,247.19,20 / 21,206428,2019-09-06 18:19:33:110,0.5375,0.0669,9.7243,0.0134,-0.0158,9.8065,0.0981,-0.0099,-0.0679,2.06,-32.12,12.38,82.31,-80.92,-131.87
52.394184,-1.504056,153.42,4.95,2,247.19,20 / 21,206528,2019-09-06 18:19:33:210,-0.4077,-0.6342,10.0097,-0.0088,-0.0394,9.8065,0.1041,-0.0193,-0.0122,2.56,-32.12,12.81,79.83,-80.75,-135.89
52.394184,-1.504056,153.42,4.95,2,247.19,20 / 21,206629,2019-09-06 18:19:33:311,-0.0273,-0.6721,10.1266,0.0087,-0.0315,9.8065,0.0287,-0.0196,-0.0586,2.19,-31.81,11.88,76.26,-80.75,-137.95
52.394184,-1.504056,153.42,4.95,2,247.19,20 / 21,206729,2019-09-06 18:19:33:411,0.2746,-0.3395,9.9648,0.0075,-0.0168,9.8066,-0.0217,0.0153,-0.0724,3.06,-32.19,12.75,75.86,-80.94,-139.07
52.394184,-1.504056,153.42,4.95,2,247.19,20 / 21,206829,2019-09-06 18:19:33:511,0.2652,-0.1576,9.5977,0.0286,-0.0034,9.8065,-0.0201,-0.0101,-0.0434,3.06,-31.5,12.19,75.58,-81.21,-140.66
52.394184,-1.504056,153.42,4.95,2,247.19,20 / 21,206929,2019-09-06 18:19:33:611,0.0346,-0.651,9.5121,0.0101,-0.0107,9.8066,-0.0176,-0.0041,-0.0272,3.69,-31.25,12.44,77.7,-81.42,-142.05
52.394184,-1.504056,153.42,4.95,2,247.19,20 / 21,207029,2019-09-06 18:19:33:711,0.2061,-1.1437,9.4726,0.0066,-0.0069,9.8066,0.0036,0.0221,-0.0407,3.75,-31.06,13,73.93,-81.56,-142.29
52.394184,-1.504056,153.42,4.95,2,247.19,20 / 21,207129,2019-09-06 18:19:33:811,0.4052,-0.3456,9.2671,0.0019,-0.0007,9.8066,-0.1299,0.0089,-0.0429,3.69,-30.94,12.19,76.14,-81.75,-142.59
52.394184,-1.504056,153.42,4.95,2,247.19,20 / 21,207229,2019-09-06 18:19:33:911,0.2571,-0.6595,10.1961,0.0102,-0.0093,9.8066,-0.088,-0.0011,-0.0192,4,-30.94,12.19,75.61,-81.9,-142.69
52.394184,-1.504056,153.42,4.95,2,247.19,20 / 21,207328,2019-09-06 18:19:34:010,0.7154,-0.9548,9.7669,0.0106,-0.0116,9.8066,-0.0095,0.0685,-0.0118,3.88,-30.5,11.44,77.46,-82.06,-143.07
52.394184,-1.504056,153.42,4.95,2,247.19,20 / 22,207429,2019-09-06 18:19:34:111,0.234,-0.8369,9.1506,-0.0099,-0.0018,9.8066,0.0187,0.0481,0.0824,4.31,-30.87,12.13,73.92,-82.05,-143.85
52.394184,-1.504056,153.42,4.95,2,247.19,20 / 22,207528,2019-09-06 18:19:34:210,0.3297,-1.7459,11.0889,-0.0323,-0.0016,9.8065,0.1254,0.0199,-0.0399,3.56,-31.44,11.38,79.91,-81.56,-142.94
52.394184,-1.504056,153.42,4.95,2,247.19,20 / 22,207628,2019-09-06 18:19:34:310,-1.2792,-0.0583,9.2098,-0.0101,-0.005,9.8066,0.2085,-0.0997,-0.058,4,-31.31,12.25,77.09,-81.34,-142.82
52.394184,-1.504056,153.42,4.95,2,247.19,20 / 22,207728,2019-09-06 18:19:34:410,2.3063,-2.9322,8.5635,0.009,-0.0376,9.8066,-0.2604,-0.1611,0.17,3.69,-31.75,12.31,75.64,-81.23,-145.16
52.394184,-1.504056,153.42,4.95,2,247.19,20 / 22,207829,2019-09-06 18:19:34:511,0.0191,-2.7118,9.9322,-0.0664,-0.0523,9.8062,0.18,-0.194,0.1191,3.25,-31.25,12.44,71.83,-80.93,-144.74
52.394184,-1.504056,153.42,4.95,2,247.19,20 / 22,207928,2019-09-06 18:19:34:610,-0.7254,-0.2579,8.8,0.0375,0.0994,9.806,-0.0832,0.107,-0.162,3,-31.25,11.69,73.08,-81.25,-142.78
52.394184,-1.504056,153.42,4.95,2,247.19,20 / 22,208028,2019-09-06 18:19:34:710,2.2158,0.5403,8.3535,0.0257,-0.0072,9.8065,-0.3764,-0.0336,-0.0894,3.75,-31.69,11.81,78.8,-81.7,-140.97
52.394184,-1.504056,153.42,4.95,2,247.19,20 / 22,208128,2019-09-06 18:19:34:810,0.3414,0.2529,9.5203,0.0433,0.0471,9.8064,0.1323,-0.0206,0.0564,3.38,-31.5,11.69,73.48,-82.08,-140.23
52.394184,-1.504056,153.42,4.95,2,247.19,20 / 22,208228,2019-09-06 18:19:34:910,1.2592,-0.5764,9.8082,0.0099,0.0329,9.8065,-0.0065,0.0754,-0.0784,3.63,-31.25,11.44,81.18,-81.9,-140.76
52.394184,-1.504056,153.42,4.95,2,247.19,20 / 22,208328,2019-09-06 18:19:35:010,0.3711,-0.4866,10.2635,0.0054,0.0054,9.8066,0.1239,0.0184,-0.0298,2.88,-31.37,12.06,72.91,-81.88,-141.24
52.394184,-1.504056,153.42,4.95,2,247.19,20 / 21,208428,2019-09-06 18:19:35:110,0.4003,-1.3042,10.498,0.0205,-0.0119,9.8066,0.0694,0.0618,-0.069,3.19,-30.5,11.5,70.67,-81.92,-142.47
52.394184,-1.504056,153.42,4.95,2,247.19,20 / 21,208529,2019-09-06 18:19:35:211,0.7731,-1.3241,9.3068,-0.0213,-0.0031,9.8065,0.0071,0.0492,-0.0359,3.5,-31.06,12.13,73.84,-82.05,-143.93
52.394184,-1.504056,153.42,4.95,2,247.19,20 / 21,208628,2019-09-06 18:19:35:310,-0.0685,-1.0903,9.1891,-0.0059,-0.0058,9.8066,-0.0447,0.0123,0.0151,2.56,-31.12,11.56,70.37,-81.78,-143.77
52.394184,-1.504056,153.42,4.95,2,247.19,20 / 21,208729,2019-09-06 18:19:35:411,1.4721,-0.0318,9.7463,0.0202,0.0305,9.8065,-0.0696,0.0716,-0.0332,2.94,-31.25,12.31,71.71,-82,-142.01
52.394184,-1.504056,153.42,4.95,2,247.19,20 / 21,208829,2019-09-06 18:19:35:511,1.7851,0.2932,10.1296,0.0042,0.0199,9.8066,0.0239,0.0588,0.0335,2.31,-31.5,12.06,67.59,-82.13,-141.05
52.394184,-1.504056,153.42,4.95,2,247.19,20 / 21,208929,2019-09-06 18:19:35:611,0.0405,0.881,10.6002,-0.0222,-0.0062,9.8066,0.1187,0.032,0.0438,2.75,-30.81,13.06,71.03,-81.85,-140.46
52.394184,-1.504056,153.42,4.95,2,247.19,20 / 21,209029,2019-09-06 18:19:35:711,0.1356,0.2911,10.3686,0.0063,0.0027,9.8066,0.0136,-0.01,0.0703,2.63,-30.94,13.31,71.29,-81.66,-140.7
52.394184,-1.504056,153.42,4.95,2,247.19,20 / 21,209128,2019-09-06 18:19:35:810,-0.1543,-0.6699,10.2524,-0.0481,-0.0257,9.8064,-0.0355,0.085,-0.1066,3.13,-31.25,13,71.85,-81.44,-140.71
52.394184,-1.504056,153.42,4.95,2,247.19,20 / 21,209228,2019-09-06 18:19:35:910,0.4009,-0.2537,10.0137,0.0035,-0.0004,9.8066,-0.106,0.0778,-0.0078,3.13,-30.19,13.75,69.16,-81.29,-140.59
52.394184,-1.504056,153.42,4.95,2,247.19,20 / 21,209329,2019-09-06 18:19:36:011,-0.2032,-0.0352,10.4801,-0.0419,-0.0413,9.8064,0.0068,0.0301,-0.0278,2.31,-30.25,13.13,67.38,-81.2,-140.6
52.394184,-1.504056,153.42,4.95,2,247.19,21 / 21,209428,2019-09-06 18:19:36:110,1.4253,-0.7643,9.18,0.0083,-0.0067,9.8066,0.1222,0.0766,-0.0643,2.63,-29.94,14.06,69.09,-81.39,-140.44
52.394184,-1.504056,153.42,4.95,2,247.19,21 / 21,209529,2019-09-06 18:19:36:211,0.2608,0.553,9.7037,0.0012,-0.0082,9.8066,-0.1288,0.0014,0.08,3.75,-30.81,13.69,73.17,-81.41,-140.85
52.394184,-1.504056,153.42,4.95,2,247.19,21 / 21,209628,2019-09-06 18:19:36:310,1.908,0.1859,9.805,-0.0193,-0.022,9.8065,-0.085,0.0187,0.0446,3.19,-30.25,13.38,70.98,-81.38,-141
52.394184,-1.504056,153.42,4.95,2,247.19,21 / 21,209728,2019-09-06 18:19:36:410,0.3973,0.0377,9.7227,0.002,0.0042,9.8066,-0.0615,0.0066,0.0006,2.88,-30.75,13.44,72.63,-81.44,-140.03
52.394184,-1.504056,153.42,4.95,2,247.19,21 / 21,209830,2019-09-06 18:19:36:512,1.0311,-0.2191,9.0747,-0.0094,0.0184,9.8065,-0.1047,0.0856,-0.0166,3.38,-30.5,13.75,70.46,-81.44,-139.1
52.394184,-1.504056,153.42,4.95,2,247.19,21 / 21,209929,2019-09-06 18:19:36:611,2.1477,1.4548,9.7188,-0.0206,-0.0193,9.8065,-0.1424,0.0576,0.1063,2.88,-31.31,13.25,74.98,-81.29,-138.28
52.394184,-1.504056,153.42,4.95,2,247.19,21 / 21,210028,2019-09-06 18:19:36:710,-0.4188,0.1027,10.1042,-0.0122,-0.0038,9.8066,-0.0718,0.0604,0.0008,2.88,-31.5,13.88,73.88,-81.28,-136.98
52.394184,-1.504056,153.42,4.95,2,247.19,21 / 21,210129,2019-09-06 18:19:36:811,1.395,-0.6111,10.2878,-0.0084,-0.0261,9.8065,0.0593,0.0095,-0.0584,3.69,-31.44,13.5,78.45,-81.3,-136.23
52.394184,-1.504056,153.42,4.95,2,247.19,21 / 21,210229,2019-09-06 18:19:36:911,-0.6797,2.7611,10.418,-0.0489,-0.0658,9.8062,-0.1042,-0.1071,0.1744,3.31,-31.56,13.88,74.05,-80.95,-138.24
52.394184,-1.504056,153.42,4.95,2,247.19,21 / 21,210331,2019-09-06 18:19:37:013,2.0536,-1.2819,9.5599,0.0662,0.0628,9.8062,0.2402,0.0089,-0.0101,3.25,-31.87,13.81,73.63,-81.22,-137.99
52.394184,-1.504056,153.42,4.95,2,247.19,21 / 21,210429,2019-09-06 18:19:37:111,-2.6241,-5.5916,10.9089,0.0328,0.0473,9.8064,0.1736,0.0462,-0.0781,3.06,-31.44,13.75,72.68,-80.98,-138.75
52.394184,-1.504056,153.42,4.95,2,247.19,21 / 21,210529,2019-09-06 18:19:37:211,2.3576,-1.4011,10.4952,0.0106,0.0257,9.8066,0.1711,0.0779,0.0051,2.81,-31.12,13.5,72.33,-81.09,-138.82
52.394184,-1.504056,153.42,4.95,2,247.19,21 / 21,210629,2019-09-06 18:19:37:311,-0.5456,-0.0892,10.2682,0.0529,0.0373,9.8064,-0.0482,0.1179,-0.1392,3.13,-31.69,13.69,72.18,-81.46,-138.72
52.394184,-1.504056,153.42,4.95,2,247.19,21 / 21,210728,2019-09-06 18:19:37:410,0.935,-0.0583,9.9102,-0.0182,-0.0506,9.8064,0.1453,-0.0189,-0.007,2.75,-31.56,13.69,72.21,-81.6,-138.36
52.394184,-1.504056,153.42,4.95,2,247.19,21 / 21,210829,2019-09-06 18:19:37:511,1.4137,0.3863,9.5107,-0.0152,-0.0518,9.8065,-0.1415,0.0325,-0.0173,2.44,-32,13.75,65.92,-81.46,-140.49
52.394184,-1.504056,153.42,4.95,2,247.19,21 / 21,210928,2019-09-06 18:19:37:610,0.8039,0.4297,9.3212,0.0019,-0.0082,9.8065,-0.0707,0.0507,-0.0644,2.31,-31.69,13.63,65.86,-81.54,-140.35
52.394184,-1.504056,153.42,4.95,2,247.19,21 / 21,211028,2019-09-06 18:19:37:710,0.8704,1.2119,9.4494,-0.0073,-0.0081,9.8066,0.0488,0.0199,0.0904,3.38,-31.44,14.31,69.81,-81.59,-139.95
52.394184,-1.504056,153.42,4.95,2,247.19,21 / 21,211128,2019-09-06 18:19:37:810,1.7565,-0.8895,9.2708,0.0192,0.0286,9.8066,-0.0786,0.0964,-0.0697,2.81,-32.12,14.69,68.62,-81.58,-139.62
52.394184,-1.504056,153.42,4.95,2,247.19,21 / 21,211229,2019-09-06 18:19:37:911,-0.3786,-1.7353,9.8744,0.0178,0.037,9.8065,0.1009,0.0474,0.0766,3.63,-31.87,14.94,73.66,-81.78,-138.02
52.394184,-1.504056,153.42,4.95,2,247.19,21 / 21,211329,2019-09-06 18:19:38:011,-0.5082,-0.9663,8.9585,-0.0024,-0.0327,9.8065,0.1049,0.0162,-0.0885,2.88,-31.62,13.94,70.66,-81.82,-139.25
52.394184,-1.504056,153.42,4.95,2,247.19,22 / 22,211428,2019-09-06 18:19:38:110,2.7097,0.638,9.958,-0.0233,-0.0088,9.8065,0.0581,-0.0117,0.0598,3.63,-32.06,14.13,75.61,-81.97,-137.95
52.394184,-1.504056,153.42,4.95,2,247.19,22 / 22,211528,2019-09-06 18:19:38:210,-0.4103,0.3523,9.1807,0.0006,0.0057,9.8066,-0.0167,-0.0699,0.0038,3.88,-32.06,13.56,76.15,-82.11,-137.12
52.394184,-1.504056,153.42,4.95,2,247.19,22 / 22,211629,2019-09-06 18:19:38:311,1.2161,0.1436,10.1447,-0.0242,0.0016,9.8066,0.0761,-0.0255,0.1127,3.69,-31.44,13.38,78.51,-82.15,-136.62
52.394184,-1.504056,153.42,4.95,2,247.19,22 / 22,211729,2019-09-06 18:19:38:411,-0.3422,-0.2006,8.4788,-0.0097,-0.026,9.8066,-0.2163,0.0478,-0.0208,3.31,-31.69,13.94,73.64,-82.14,-135.8
52.394184,-1.504056,153.42,4.95,2,247.19,22 / 22,211829,2019-09-06 18:19:38:511,1.1678,-1.4981,9.0784,-0.0361,-0.0341,9.8065,-0.0682,0.0507,0.0663,3.56,-31.44,13.75,76.86,-81.85,-136.47
52.394184,-1.504056,153.42,4.95,2,247.19,22 / 22,211929,2019-09-06 18:19:38:611,1.4089,1.1012,8.8792,0.0227,0.0082,9.8065,-0.1447,0.1084,-0.0603,3.31,-31.5,14.25,75.16,-82.02,-134.11
52.394184,-1.504056,153.42,4.95,2,247.19,22 / 22,212029,2019-09-06 18:19:38:711,0.4711,1.3316,9.2571,0.0123,0.0024,9.8066,0.0238,0.1184,-0.1121,3.94,-31.56,13.81,79.72,-82.28,-133.37
52.394184,-1.504056,153.42,4.95,2,247.19,22 / 22,212129,2019-09-06 18:19:38:811,-0.0552,1.0199,9.91,0.0315,0.0343,9.8064,-0.0383,0.038,-0.032,3.5,-31.94,13.31,82.46,-82.79,-131.85
52.394184,-1.504056,153.42,4.95,2,247.19,22 / 22,212229,2019-09-06 18:19:38:911,2.4967,-1.1172,10.2539,0.0102,0.0162,9.8066,0.1163,0.0138,0.0501,3.88,-31.37,13.94,78.92,-82.78,-132.46
52.394184,-1.504056,153.42,4.95,2,247.19,22 / 22,212328,2019-09-06 18:19:39:010,0.582,-0.9099,10.3662,-0.0144,-0.0373,9.8065,0.1168,-0.0305,-0.0971,3.06,-30.69,13.81,73.58,-82.77,-133.91
52.39426,-1.505086,150.95,9.75,3,273.65,21 / 21,212429,2019-09-06 18:19:39:111,-0.5605,-1.2814,9.7654,-0.009,-0.0044,9.8065,-0.0288,0.113,0.1386,3.25,-31.75,14.44,73.24,-82.56,-135.2
52.39426,-1.505086,150.95,9.75,3,273.65,21 / 21,212528,2019-09-06 18:19:39:210,-0.2045,0.6722,10.0454,-0.0008,0.0149,9.8065,-0.1609,0.0059,0.0829,3.94,-31.62,13.88,79.01,-82.41,-133.72
52.39426,-1.505086,150.95,9.75,3,273.65,21 / 21,212628,2019-09-06 18:19:39:310,2.2133,1.1519,9.3821,-0.0228,0.0241,9.8065,-0.0318,-0.0594,0.1089,3.44,-31.5,13.81,77,-82.3,-131.78
52.39426,-1.505086,150.95,9.75,3,273.65,21 / 21,212729,2019-09-06 18:19:39:411,-0.266,0.2588,9.706,-0.0013,0.0156,9.8066,-0.0222,-0.1177,0.0475,3.69,-32.06,13.56,83.49,-82.32,-129.64
52.39426,-1.505086,150.95,9.75,3,273.65,21 / 21,212829,2019-09-06 18:19:39:511,-0.3726,0.8211,10.3578,-0.0088,0.0322,9.8065,0.1823,-0.0649,0.1668,3.13,-32,13.63,81.37,-82.37,-128.01
52.39426,-1.505086,150.95,9.75,3,273.65,21 / 21,212929,2019-09-06 18:19:39:611,1.2748,0.097,10.7379,-0.0187,-0.015,9.8066,0.1206,0.0289,0.0681,3.25,-31.31,13.56,81.77,-82.24,-127.36
52.39426,-1.505086,150.95,9.75,3,273.65,21 / 21,213029,2019-09-06 18:19:39:711,1.6285,1.7392,9.5852,0.0028,-0.0258,9.8066,-0.0739,-0.0018,-0.0734,2.88,-31.56,13.31,83.78,-82.17,-128.42
52.39426,-1.505086,150.95,9.75,3,273.65,21 / 21,213128,2019-09-06 18:19:39:810,-0.0542,0.7783,9.9656,-0.0093,-0.0005,9.8066,-0.0414,-0.0751,0.1364,3.63,-31.69,13.81,85.17,-81.95,-128.87
52.39426,-1.505086,150.95,9.75,3,273.65,21 / 21,213229,2019-09-06 18:19:39:911,0.1853,0.1862,9.3948,0.0091,0.0153,9.8066,0.0511,-0.0985,0.0015,3.13,-31.81,13.56,81.6,-81.97,-128.74
52.39426,-1.505086,150.95,9.75,3,273.65,21 / 21,213329,2019-09-06 18:19:40:011,0.1747,-2.1058,10.3813,0.0089,0.0124,9.8066,-0.0581,-0.0601,0.0589,2.88,-31.5,13,83.14,-82.03,-128.75
52.39426,-1.505086,150.95,9.75,3,273.65,21 / 21,213428,2019-09-06 18:19:40:110,0.4039,1.4882,9.5449,0.0175,0.029,9.8065,-0.1184,-0.0596,0.0796,2.88,-31.75,13.19,85,-81.96,-127.77
52.39426,-1.505086,150.95,9.75,3,273.65,21 / 21,213529,2019-09-06 18:19:40:211,0.3994,0.0445,10.66,-0.0054,-0.0023,9.8066,-0.0624,-0.0584,0.0352,2.88,-31.75,13.63,82,-81.99,-128.31
52.39426,-1.505086,150.95,9.75,3,273.65,21 / 21,213629,2019-09-06 18:19:40:311,-0.792,2.4033,9.4462,-0.0075,0.0012,9.8066,0.0506,0.1557,-0.1141,2.88,-31.56,13.25,84.43,-81.88,-128.55
52.39426,-1.505086,150.95,9.75,3,273.65,21 / 21,213728,2019-09-06 18:19:40:410,-1.1966,-0.2749,9.6808,0.0211,0.0072,9.8066,0.0774,0.1056,-0.0028,2.63,-31.62,13.44,84.58,-81.79,-128.62
52.39426,-1.505086,150.95,9.75,3,273.65,21 / 21,213828,2019-09-06 18:19:40:510,1.2293,-1.465,9.7246,-0.0234,-0.023,9.8065,-0.1059,-0.0575,0.0894,3.31,-31,13.88,81.87,-81.6,-128.76
52.39426,-1.505086,150.95,9.75,3,273.65,21 / 21,213928,2019-09-06 18:19:40:610,-0.6238,1.3178,9.4976,0.0018,0.0465,9.8064,-0.2543,-0.0973,0.0602,2.13,-31.87,13.75,80.45,-81.72,-126.72
52.39426,-1.505086,150.95,9.75,3,273.65,21 / 21,214028,2019-09-06 18:19:40:710,-1.2025,-0.0754,9.6186,-0.001,0.028,9.8065,0.0171,-0.0741,0.1038,2,-32,13.94,81.04,-81.66,-126.31
52.39426,-1.505086,150.95,9.75,3,273.65,21 / 21,214129,2019-09-06 18:19:40:811,1.3966,0.0071,9.6745,0.0281,0.0287,9.8065,-0.0747,0.0859,-0.0216,2.19,-31.87,14.13,81.37,-81.61,-126.11
52.39426,-1.505086,150.95,9.75,3,273.65,21 / 21,214229,2019-09-06 18:19:40:911,-1.1387,0.3376,10.5095,0.0184,0.0205,9.8065,0.1795,0.138,-0.0777,1.25,-32.31,14.06,77.83,-81.84,-125.02
52.39426,-1.505086,150.95,9.75,3,273.65,21 / 21,214329,2019-09-06 18:19:41:011,-0.1791,0.6063,10.1541,0.0216,-0.0137,9.8066,0.1328,0.0532,-0.0605,2.63,-32.06,14.06,84.58,-81.86,-126.12
52.39426,-1.505086,150.95,9.75,3,273.65,22 / 22,214428,2019-09-06 18:19:41:110,1.02,-2.9788,10.0214,-0.0152,0.0233,9.8066,0.0465,-0.0465,0.1141,1.75,-32.25,14.56,79.71,-81.79,-125.46
52.39426,-1.505086,150.95,9.75,3,273.65,22 / 22,214528,2019-09-06 18:19:41:210,1.982,1.3456,11.3176,-0.0527,-0.0411,9.8064,0.0663,0.1281,-0.083,1.63,-32.06,13.75,81.31,-81.45,-126.57
52.39426,-1.505086,150.95,9.75,3,273.65,22 / 22,214628,2019-09-06 18:19:41:310,0.0164,-1.0785,9.6381,-0.0167,-0.0388,9.8065,-0.1047,0.1218,-0.0582,2.56,-31.87,14.13,86.41,-81.33,-125.6
52.39426,-1.505086,150.95,9.75,3,273.65,22 / 22,214728,2019-09-06 18:19:41:410,-1.5091,1.8433,9.1875,-0.008,-0.0034,9.8066,-0.0213,-0.1108,0.1675,2.5,-32.31,14.44,86.92,-81.36,-125.04
52.39426,-1.505086,150.95,9.75,3,273.65,22 / 22,214828,2019-09-06 18:19:41:510,1.963,1.509,10.1898,0.0037,-0.0048,9.8066,0.1586,-0.0741,0.002,2.75,-31.75,14.63,83.64,-81.56,-125.7
52.39426,-1.505086,150.95,9.75,3,273.65,22 / 22,214929,2019-09-06 18:19:41:611,0.0091,0.0492,10.3177,0.0095,-0.0156,9.8066,-0.0004,-0.0646,-0.0552,1.69,-31.94,14.13,80.61,-81.52,-127.05
52.39426,-1.505086,150.95,9.75,3,273.65,22 / 22,215029,2019-09-06 18:19:41:711,-0.2269,3.1498,11.0821,0.0228,0.029,9.8065,0.1914,0.0566,0.1071,2.44,-31.81,14.56,77.14,-81.69,-128.1
52.39426,-1.505086,150.95,9.75,3,273.65,22 / 22,215129,2019-09-06 18:19:41:811,2.1584,-0.8921,11.8376,0.0253,-0.0082,9.8066,0.1937,0.003,-0.0309,1.94,-31.62,14.44,78.51,-81.45,-129.21
52.39426,-1.505086,150.95,9.75,3,273.65,22 / 22,215228,2019-09-06 18:19:41:910,2.1092,0.6322,11.5829,-0.0169,0.003,9.8066,0.0586,-0.2881,0.0214,2.44,-32.37,14.44,78.68,-81.23,-129.59
52.39426,-1.505086,150.95,9.75,3,273.65,22 / 22,215328,2019-09-06 18:19:42:010,3.0463,1.0353,8.7135,-0.0314,-0.0079,9.8065,0.0019,0.0574,-0.132,1.75,-32.31,15.13,76.05,-81.25,-130.09
52.39426,-1.505086,150.95,9.75,3,273.65,21 / 21,215428,2019-09-06 18:19:42:110,-1.0291,0.0823,9.1544,0.0014,-0.0035,9.8066,-0.1267,0.0942,0.042,1.25,-32.31,15.06,73.77,-80.97,-129.17
52.39426,-1.505086,150.95,9.75,3,273.65,21 / 21,215528,2019-09-06 18:19:42:210,0.8784,0.8604,9.7907,0.0265,0.0282,9.8066,-0.166,0.0733,0.0056,1.81,-32.19,14.75,77.91,-81.32,-128.22
52.39426,-1.505086,150.95,9.75,3,273.65,21 / 21,215629,2019-09-06 18:19:42:311,0.8429,1.0967,10.8766,0.0108,0.0015,9.8066,0.2005,0.0988,-0.1411,1.25,-32.19,15.63,71.01,-81.19,-129.76
52.39426,-1.505086,150.95,9.75,3,273.65,21 / 21,215729,2019-09-06 18:19:42:411,0.9463,-0.4044,9.7313,0.0013,-0.0302,9.8066,-0.0355,-0.0248,-0.0278,2.19,-31.81,15.44,73.84,-81.24,-132.16
52.39426,-1.505086,150.95,9.75,3,273.65,21 / 21,215828,2019-09-06 18:19:42:510,1.3361,1.2375,9.3995,0.0105,-0.0206,9.8066,-0.1159,0.0756,-0.0651,1.75,-31.37,15.81,69.66,-81.3,-133.67
52.39426,-1.505086,150.95,9.75,3,273.65,21 / 21,215928,2019-09-06 18:19:42:610,1.1917,2.5632,9.6145,0.0077,-0.0066,9.8066,-0.0423,0.0102,-0.0256,2.25,-32,15.75,69,-81.45,-134.49
52.39426,-1.505086,150.95,9.75,3,273.65,21 / 21,216029,2019-09-06 18:19:42:711,1.2198,0.7114,9.6456,0.0022,-0.0056,9.8066,0.0651,-0.0175,-0.0341,3,-31.69,15.56,71.87,-81.56,-135
52.39426,-1.505086,150.95,9.75,3,273.65,21 / 21,216129,2019-09-06 18:19:42:811,0.7145,-1.5836,10.14,0.0098,-0.0227,9.8065,0.1407,0.0317,-0.1117,3.5,-31.69,16.19,72.72,-81.76,-137.03
52.39426,-1.505086,150.95,9.75,3,273.65,21 / 21,216229,2019-09-06 18:19:42:911,1.9354,-1.9603,9.8788,0.0066,0.0031,9.8066,0.0644,0.0278,0.0268,4.13,-31.75,16.13,72.37,-81.83,-137.22
52.39426,-1.505086,150.95,9.75,3,273.65,21 / 21,216328,2019-09-06 18:19:43:010,-0.9261,1.1789,9.7928,-0.0198,-0.0194,9.8066,0.0268,-0.1286,0.0155,3.56,-31.44,15.31,73.19,-81.82,-137.85
52.39426,-1.505086,150.95,9.75,3,273.65,20 / 21,216429,2019-09-06 18:19:43:111,-1.5871,0.0284,9.5553,-0.0019,0.0034,9.8066,0.1367,-0.1552,0.0077,3.56,-31.19,15.75,70.4,-81.83,-138.54
52.39426,-1.505086,150.95,9.75,3,273.65,20 / 21,216528,2019-09-06 18:19:43:210,2.3865,-0.0341,9.9477,-0.0054,0.0085,9.8066,-0.0831,-0.0433,0.0042,3.88,-30.69,15.75,69.7,-81.89,-139.05
52.39426,-1.505086,150.95,9.75,3,273.65,20 / 21,216629,2019-09-06 18:19:43:311,0.4991,1.2791,10.359,0.0058,0.0027,9.8066,0.0154,-0.0274,0.0983,3.69,-31.37,15.56,69.18,-81.91,-139.49
52.39426,-1.505086,150.95,9.75,3,273.65,20 / 21,216730,2019-09-06 18:19:43:412,-0.7009,1.0165,9.3322,0.0062,-0.0064,9.8066,0.0549,0.0601,-0.1027,3.25,-31.25,14.94,67.84,-81.77,-139.41
52.39426,-1.505086,150.95,9.75,3,273.65,20 / 21,216829,2019-09-06 18:19:43:511,1.5554,1.9336,11.4032,-0.0114,-0.0181,9.8066,0.1226,-0.0421,0.0391,2.75,-31.37,15.44,67.57,-81.68,-139.84
52.39426,-1.505086,150.95,9.75,3,273.65,20 / 21,216928,2019-09-06 18:19:43:610,2.5434,1.2996,10.8913,0.0536,0.0722,9.8062,-0.1039,0.0875,-0.0661,2.75,-31.37,15.63,65.64,-81.4,-140.4
52.39426,-1.505086,150.95,9.75,3,273.65,20 / 21,217029,2019-09-06 18:19:43:711,1.604,0.1283,9.3452,0.0477,0.0399,9.8064,0.1783,0.0062,0.0235,2.31,-31.94,15.94,61.3,-81.65,-140.86
52.39426,-1.505086,150.95,9.75,3,273.65,20 / 21,217132,2019-09-06 18:19:43:814,0.2672,2.3041,9.3947,-0.0149,-0.0487,9.8065,0.0878,-0.112,-0.0887,2.31,-32.06,17.13,55.97,-81.36,-144.6
52.39426,-1.505086,150.95,9.75,3,273.65,20 / 21,217228,2019-09-06 18:19:43:910,1.4556,-0.9627,10.9042,-0.0204,-0.0168,9.8065,0.0053,0.0013,-0.0306,2.63,-32.19,16.88,59.38,-81.57,-144.53
52.39426,-1.505086,150.95,9.75,3,273.65,20 / 21,217329,2019-09-06 18:19:44:011,0.4751,0.1858,10.3913,-0.002,-0.0404,9.8065,0.066,-0.0317,-0.0036,3.44,-31.12,16.44,57.51,-81.87,-146.6
52.39426,-1.505086,150.95,9.75,3,273.65,21 / 21,217429,2019-09-06 18:19:44:111,-0.4175,0.9807,9.4345,0.0176,-0.0432,9.8065,-0.0936,-0.0357,0.0432,3.5,-31.69,16.06,58.83,-82.1,-148.74
52.39426,-1.505086,150.95,9.75,3,273.65,21 / 21,217529,2019-09-06 18:19:44:211,0.7583,1.537,9.854,0.0071,-0.0044,9.8066,0.0933,-0.0018,-0.0124,3.88,-31.44,16.75,56.41,-81.9,-149.21
52.39426,-1.505086,150.95,9.75,3,273.65,21 / 21,217629,2019-09-06 18:19:44:311,2.3473,0.5786,9.7541,-0.0049,-0.0114,9.8066,0.0408,0.0965,-0.1032,3.13,-31.06,17,52.15,-81.76,-149.96
52.39426,-1.505086,150.95,9.75,3,273.65,21 / 21,217729,2019-09-06 18:19:44:411,0.2822,0.107,9.4248,0.0192,-0.0021,9.8066,0.089,0.0394,-0.0205,3.69,-31.81,16.56,55.52,-81.86,-150.43
52.39426,-1.505086,150.95,9.75,3,273.65,21 / 21,217828,2019-09-06 18:19:44:510,1.3716,-0.3424,9.4267,0.0015,0.0087,9.8066,-0.0987,0.0203,0.0621,3.25,-31.69,17.06,51.96,-81.97,-150.16
52.39426,-1.505086,150.95,9.75,3,273.65,21 / 21,217929,2019-09-06 18:19:44:611,0.4807,1.1317,9.8759,-0.0112,0.0113,9.8066,-0.0847,-0.1073,0.0667,3.31,-32.19,16.69,53.56,-82.12,-148.58
52.39426,-1.505086,150.95,9.75,3,273.65,21 / 21,218029,2019-09-06 18:19:44:711,0.04,1.4617,8.2409,0.0159,-0.0173,9.8066,-0.0882,-0.0564,0.0027,3.63,-31.5,16.88,54.94,-82.16,-150.05
52.39426,-1.505086,150.95,9.75,3,273.65,21 / 21,218129,2019-09-06 18:19:44:811,1.9487,1.0624,9.3784,0.0157,0.0544,9.8064,-0.0766,0.129,-0.0182,4,-31.37,16.81,54.93,-82.01,-150.3
52.39426,-1.505086,150.95,9.75,3,273.65,21 / 21,218228,2019-09-06 18:19:44:910,0.2316,1.0375,10.5731,0.0235,0.0252,9.8065,0.024,0.0761,-0.0942,4.69,-30.19,16.56,59.24,-82.14,-148.94
52.39426,-1.505086,150.95,9.75,3,273.65,21 / 21,218328,2019-09-06 18:19:45:010,1.2032,0.0174,10.4001,0.0057,-0.0005,9.8066,0.1925,0.0914,-0.034,4.63,-30.69,16.63,59.66,-82.1,-149.03
52.39426,-1.505086,150.95,9.75,3,273.65,20 / 21,218429,2019-09-06 18:19:45:111,0.2768,-0.5946,10.0944,0.0118,0.0314,9.8065,-0.0498,0.0167,0.0463,4.94,-31.06,17,60.68,-82.12,-148.1
52.39426,-1.505086,150.95,9.75,3,273.65,20 / 21,218528,2019-09-06 18:19:45:210,1.2393,1.1206,10.5787,-0.015,-0.0122,9.8066,-0.0616,0.0179,-0.0352,4.19,-30.94,16.56,57.26,-81.94,-148.42
52.39426,-1.505086,150.95,9.75,3,273.65,20 / 21,218629,2019-09-06 18:19:45:311,0.8504,1.3936,10.1999,-0.0095,0.0194,9.8066,0.1638,-0.0323,0.0295,3.94,-31.44,16.38,59.9,-81.82,-147.87
52.39426,-1.505086,150.95,9.75,3,273.65,20 / 21,218728,2019-09-06 18:19:45:410,0.4198,-0.0469,9.8312,-0.0193,-0.022,9.8066,0.1286,0.0704,-0.0151,3.5,-30.75,16.63,58.45,-81.65,-147.85
52.39426,-1.505086,150.95,9.75,3,273.65,20 / 21,218828,2019-09-06 18:19:45:510,1.187,2.5712,9.2838,-0.024,-0.0308,9.8065,-0.2785,-0.0548,0.0914,3.06,-31.81,16.69,56.17,-81.31,-147.72
52.39426,-1.505086,150.95,9.75,3,273.65,20 / 21,218929,2019-09-06 18:19:45:611,1.1896,1.3083,9.2191,0.0061,0.0462,9.8065,-0.2622,-0.0032,0.0273,3.13,-31.81,16.38,59.93,-81.49,-145.68
52.39426,-1.505086,150.95,9.75,3,273.65,20 / 21,219029,2019-09-06 18:19:45:711,-0.9716,0.4775,9.5031,-0.0067,0.0156,9.8066,-0.2636,-0.0201,0.0274,3.06,-31.87,16.44,60.4,-81.47,-145.31
52.39426,-1.505086,150.95,9.75,3,273.65,20 / 21,219128,2019-09-06 18:19:45:810,-0.1099,2.2737,9.7992,0.023,0.05,9.8064,0.0803,0.2153,-0.1658,2.69,-31.87,16.69,59.48,-81.89,-143.9
52.39426,-1.505086,150.95,9.75,3,273.65,20 / 21,219228,2019-09-06 18:19:45:910,0.9262,0.3063,9.4623,0.0605,0.056,9.8062,0.0525,0.0304,0.1247,2.94,-32.12,16.06,58.39,-82.28,-145.56
52.39426,-1.505086,150.95,9.75,3,273.65,20 / 21,219328,2019-09-06 18:19:46:010,0.1824,1.939,9.0659,0.0265,0.0697,9.8063,-0.0412,-0.0265,-0.0082,2.94,-32.37,16.06,59.55,-81.84,-145.35
52.39426,-1.505086,150.95,9.75,3,273.65,20 / 20,219429,2019-09-06 18:19:46:111,1.2501,1.7442,9.5847,0.0005,0.0041,9.8066,-0.1652,0.0271,-0.0043,2.56,-32.19,16.25,60.41,-82.1,-144.13
52.39426,-1.505086,150.95,9.75,3,273.65,20 / 20,219528,2019-09-06 18:19:46:210,1.0285,2.7978,8.5633,-0.0025,0.0021,9.8065,0.083,-0.0833,-0.0243,1.94,-31.87,16.63,54.48,-82,-144.8
52.39426,-1.505086,150.95,9.75,3,273.65,20 / 20,219628,2019-09-06 18:19:46:310,1.0123,0.2312,10.083,0.0073,0.0175,9.8065,-0.0438,-0.0892,0.0668,1.38,-31.69,17.06,49.39,-81.88,-145.95
52.39426,-1.505086,150.95,9.75,3,273.65,20 / 20,219729,2019-09-06 18:19:46:411,-0.4553,-0.1862,9.8155,0.0049,-0.0003,9.8066,0.0897,-0.0922,0.1076,0.94,-31.81,17.69,49.28,-81.62,-145.57
52.39426,-1.505086,150.95,9.75,3,273.65,20 / 20,219828,2019-09-06 18:19:46:510,1.5082,0.2502,9.7221,0.0116,0.0144,9.8065,0.0649,0.0973,-0.0926,1.56,-31.44,17.63,52.41,-81.77,-145.49
52.39426,-1.505086,150.95,9.75,3,273.65,20 / 20,219931,2019-09-06 18:19:46:613,1.0328,0.5072,9.651,-0.0023,-0.0197,9.8066,-0.0569,0.0159,0.0296,2.56,-31.19,17.38,55.77,-81.84,-146.76
52.39426,-1.505086,150.95,9.75,3,273.65,20 / 20,220030,2019-09-06 18:19:46:712,0.6066,0.3752,9.5757,-0.0053,0.0077,9.8066,-0.0227,-0.0254,0.0171,3.94,-31.25,17.88,58.58,-81.77,-146.15
52.39426,-1.505086,150.95,9.75,3,273.65,20 / 20,220129,2019-09-06 18:19:46:811,0.1273,-0.564,9.2995,-0.0003,-0.0077,9.8066,-0.0868,-0.0418,-0.0036,3.69,-31.37,18.56,57.73,-81.71,-145.75
52.39426,-1.505086,150.95,9.75,3,273.65,20 / 20,220229,2019-09-06 18:19:46:911,-0.1134,0.7793,9.7131,0.0126,-0.0227,9.8065,-0.1253,-0.0385,0.0452,2.94,-30.94,18.94,53.07,-81.75,-146.92
52.39426,-1.505086,150.95,9.75,3,273.65,20 / 20,220329,2019-09-06 18:19:47:011,0.4513,1.5288,9.3926,0.0143,0.0553,9.8064,0.1356,0.116,-0.0163,4.25,-30.87,18.38,57.3,-81.79,-147.24
52.39426,-1.505086,150.95,9.75,3,273.65,21 / 21,220428,2019-09-06 18:19:47:110,0.6815,-0.3039,9.3146,0.0191,0.0632,9.8064,0.1327,0.0382,0.0691,2.5,-30.75,18.44,56.18,-82.12,-144.76
52.39426,-1.505086,150.95,9.75,3,273.65,21 / 21,220528,2019-09-06 18:19:47:210,0.3387,1.9596,10.2458,0.0082,0.0297,9.8065,0.0438,-0.0613,0.0286,3.5,-30.37,17.44,62.77,-81.95,-143.15
52.39426,-1.505086,150.95,9.75,3,273.65,21 / 21,220628,2019-09-06 18:19:47:310,-0.3619,1.2133,9.4902,0.0168,0.0172,9.8065,0.0352,-0.0149,0,3.38,-30.87,17.63,58.05,-81.99,-143.34
52.39426,-1.505086,150.95,9.75,3,273.65,21 / 21,220729,2019-09-06 18:19:47:411,1.2485,-0.6735,9.0063,0.0049,-0.006,9.8066,0.0937,-0.0421,0.018,4,-30.62,17.44,61.7,-81.91,-144.58
52.39426,-1.505086,150.95,9.75,3,273.65,21 / 21,220829,2019-09-06 18:19:47:511,1.1393,0.572,9.2945,0.0039,-0.0162,9.8066,-0.0828,0.0243,0.0228,3.06,-31.12,17.31,57.58,-81.8,-145.27
52.39426,-1.505086,150.95,9.75,3,273.65,21 / 21,220929,2019-09-06 18:19:47:611,0.7783,-0.259,10.0996,0.0043,0.0442,9.8065,0.0973,0.0727,-0.0063,3.38,-30.87,17.81,57.27,-81.93,-144.11
52.39426,-1.505086,150.95,9.75,3,273.65,21 / 21,221029,2019-09-06 18:19:47:711,-0.2386,0.6367,10.2271,0.014,0.0448,9.8064,0.069,0.056,-0.015,2.94,-31.37,17,59.31,-81.98,-143.48
52.39426,-1.505086,150.95,9.75,3,273.65,21 / 21,221129,2019-09-06 18:19:47:811,1.5678,0.7405,10.0261,0.0145,-0.0054,9.8066,0.0157,-0.0606,0.0357,3.25,-31,17.44,57.82,-82,-144.74
52.39426,-1.505086,150.95,9.75,3,273.65,21 / 21,221229,2019-09-06 18:19:47:911,0.6068,1.0871,9.4265,0.0136,0.0063,9.8066,0.0687,0.0251,0.0374,3.31,-31.37,17.13,57.03,-81.95,-145.51
52.39426,-1.505086,150.95,9.75,3,273.65,21 / 21,221329,2019-09-06 18:19:48:011,-0.9689,-0.8102,10.6223,-0.048,-0.1207,9.8057,-0.1052,-0.0369,-0.0439,2.31,-32,17.88,53.74,-82.03,-144.32
52.39427,-1.506371,148.51,8.19,3,267.32,22 / 22,221429,2019-09-06 18:19:48:111,0.9305,0.5922,11.5367,0.0007,-0.053,9.8064,0.332,-0.0075,0.0744,3.69,-31,17.81,58.1,-81.8,-146.53
52.39427,-1.506371,148.51,8.19,3,267.32,22 / 22,221529,2019-09-06 18:19:48:211,-0.0757,-0.4037,10.6264,0.0007,-0.0305,9.8066,-0.2703,0.065,-0.0595,2.94,-31.81,17.38,55.78,-81.95,-146.97
52.39427,-1.506371,148.51,8.19,3,267.32,22 / 22,221629,2019-09-06 18:19:48:311,-0.9173,-2.5552,11.6697,-0.0142,-0.0615,9.8063,0.0848,-0.0106,0.0589,3.31,-30.81,18.19,53.29,-82.06,-147.35
52.39427,-1.506371,148.51,8.19,3,267.32,22 / 22,221729,2019-09-06 18:19:48:411,-0.3285,0.5506,9.8806,-0.0031,-0.0114,9.8066,0.0632,0.0918,-0.1221,2.94,-31.62,17.75,54.09,-82.2,-146.81
52.39427,-1.506371,148.51,8.19,3,267.32,22 / 22,221829,2019-09-06 18:19:48:511,-0.1827,1.0221,10.194,0.0163,0.0011,9.8066,0.1056,-0.0151,0.0931,3.31,-32,17.81,52.81,-82.33,-147.71
52.39427,-1.506371,148.51,8.19,3,267.32,22 / 22,221928,2019-09-06 18:19:48:610,1.4437,1.5976,10.1623,-0.0104,-0.0189,9.8066,-0.0593,0.0612,-0.0797,2.94,-31.25,17.69,52.41,-82.19,-147.91
52.39427,-1.506371,148.51,8.19,3,267.32,22 / 22,222029,2019-09-06 18:19:48:711,0.2813,-0.2726,9.6168,0.0088,-0.0102,9.8066,0.0401,0.0371,0.0152,3.31,-31.25,18.31,51.24,-82.28,-148.79
52.39427,-1.506371,148.51,8.19,3,267.32,22 / 22,222129,2019-09-06 18:19:48:811,0.1529,0.6156,9.414,-0.0027,-0.0022,9.8066,0.0143,0.0102,-0.0326,2.81,-31.31,17.94,50.69,-82.2,-149.36
52.39427,-1.506371,148.51,8.19,3,267.32,22 / 22,222229,2019-09-06 18:19:48:911,0.8572,0.629,10.4628,0.0082,0.0006,9.8066,0.0179,0.0312,-0.0187,2.5,-31.19,18.31,49.96,-82.22,-149.95
52.39427,-1.506371,148.51,8.19,3,267.32,22 / 22,222329,2019-09-06 18:19:49:011,0.9246,0.9663,10.1563,-0.007,-0.0079,9.8066,-0.0033,-0.0042,0.0066,3.38,-30.94,18.06,49.91,-82.38,-149.78
52.39427,-1.506371,148.51,8.19,3,267.32,21 / 21,222429,2019-09-06 18:19:49:111,0.305,0.4727,9.5638,0.007,0.0104,9.8066,0.0262,0.0298,-0.0016,2.63,-31.06,18.06,50.28,-82.39,-149.44
52.39427,-1.506371,148.51,8.19,3,267.32,21 / 21,222528,2019-09-06 18:19:49:210,0.7539,0.4055,10.1177,0.0018,-0.0059,9.8066,0.0229,0.022,-0.0369,3.69,-30.69,18.13,52.75,-82.48,-150.17
52.39427,-1.506371,148.51,8.19,3,267.32,21 / 21,222629,2019-09-06 18:19:49:311,0.3487,0.122,9.6648,-0.0091,0.0009,9.8066,-0.0214,0.0295,0.0351,3.19,-30.5,17.25,51.29,-82.56,-149.13
52.39427,-1.506371,148.51,8.19,3,267.32,21 / 21,222729,2019-09-06 18:19:49:411,0.3805,0.7883,9.7292,0.0076,0.0138,9.8066,-0.0319,0.0424,-0.0163,3.13,-30.87,17.31,51.85,-82.65,-148.85
52.39427,-1.506371,148.51,8.19,3,267.32,21 / 21,222829,2019-09-06 18:19:49:511,0.8589,-0.0507,9.6131,-0.0064,-0.0023,9.8066,0.022,-0.0313,0.0417,2.94,-30.69,17.63,51.14,-82.74,-148.22
52.39427,-1.506371,148.51,8.19,3,267.32,21 / 21,222928,2019-09-06 18:19:49:610,0.3456,0.5404,10.1914,0.0022,0.0015,9.8066,0.0423,0.0169,-0.0088,2.75,-31.25,17.38,52.5,-82.72,-148.18
52.39427,-1.506371,148.51,8.19,3,267.32,21 / 21,223029,2019-09-06 18:19:49:711,0.3556,-0.1205,9.7368,0.001,0.0024,9.8065,-0.0104,-0.0129,0.0196,3.19,-30.5,17.81,50.89,-82.7,-148.18
52.39427,-1.506371,148.51,8.19,3,267.32,21 / 21,223129,2019-09-06 18:19:49:811,0.9316,0.7353,9.4449,0.0279,0.0206,9.8065,0.1079,0.0149,-0.02,3.13,-31.31,17.56,49.74,-82.81,-149.32
52.39427,-1.506371,148.51,8.19,3,267.32,21 / 21,223229,2019-09-06 18:19:49:911,0.1931,-0.1363,10.0025,-0.0081,0.0142,9.8066,0.06,0.0053,0.042,3,-30.62,17.69,50.01,-82.75,-149.18
52.39427,-1.506371,148.51,8.19,3,267.32,21 / 21,223328,2019-09-06 18:19:50:010,0.1602,0.1343,10.2936,0.0025,-0.0001,9.8066,0.0541,0.011,0.0203,3.31,-31.19,17.88,50.72,-82.77,-148.54
52.39427,-1.506371,148.51,8.19,3,267.32,21 / 21,223428,2019-09-06 18:19:50:110,-0.2628,-0.3108,10.0448,0.007,0,9.8066,0.0442,0.0461,-0.0094,2.88,-31.19,18.44,50.33,-82.86,-148.76
52.39427,-1.506371,148.51,8.19,3,267.32,21 / 21,223529,2019-09-06 18:19:50:211,1.025,1.0682,9.7675,-0.0177,-0.0174,9.8066,-0.075,0.0061,0.01,3.38,-31.5,18.5,49.55,-82.9,-148.41
52.39427,-1.506371,148.51,8.19,3,267.32,21 / 21,223629,2019-09-06 18:19:50:311,0.1792,0.4587,9.9525,-0.0152,-0.0214,9.8065,-0.0407,-0.0401,-0.0253,2.31,-31.31,18.06,47.85,-82.81,-147.9
52.39427,-1.506371,148.51,8.19,3,267.32,21 / 21,223729,2019-09-06 18:19:50:411,0.6158,0.2666,10.2373,0.0085,-0.0013,9.8066,0.0182,-0.0308,0.0321,3.25,-31.5,18.75,50.44,-82.82,-147.72
52.39427,-1.506371,148.51,8.19,3,267.32,21 / 21,223828,2019-09-06 18:19:50:510,0.7583,1.1101,10.1715,-0.0002,-0.0084,9.8066,-0.0224,0.0332,-0.0214,2.81,-31.31,19.44,49.56,-82.81,-148.5
52.39427,-1.506371,148.51,8.19,3,267.32,21 / 21,223928,2019-09-06 18:19:50:610,0.4293,0.227,9.9185,-0.0106,0.0025,9.8065,0.0512,-0.044,0.01,3.06,-31.44,19.13,48.67,-82.8,-149.3
52.39427,-1.506371,148.51,8.19,3,267.32,21 / 21,224028,2019-09-06 18:19:50:710,0.785,0.9381,10.1403,0.0091,0.0084,9.8066,0.0272,0.0082,-0.0408,3.13,-31.44,19.13,49.39,-82.7,-148.79
52.39427,-1.506371,148.51,8.19,3,267.32,21 / 21,224128,2019-09-06 18:19:50:810,0.2664,0.1104,9.839,0.0076,-0.0103,9.8066,0.0357,-0.0127,0.0215,3.38,-31.25,19.19,47.87,-82.66,-150.16
52.39427,-1.506371,148.51,8.19,3,267.32,21 / 21,224228,2019-09-06 18:19:50:910,0.7361,-0.2942,9.8524,0.0011,-0.0033,9.8066,-0.0073,0.0393,-0.041,3.31,-31.25,18.88,47.28,-82.74,-150.57
52.39427,-1.506371,148.51,8.19,3,267.32,21 / 21,224328,2019-09-06 18:19:51:010,-0.3851,0.9314,10.2201,0.0071,0.0125,9.8066,0.018,0.0413,-0.0851,3.44,-31.5,19.06,47.19,-82.88,-150.46
52.39427,-1.506371,148.51,8.19,3,267.32,21 / 21,224428,2019-09-06 18:19:51:110,0.0067,0.9409,9.6045,0.0271,0.0067,9.8065,-0.0034,-0.0267,-0.011,3.25,-31,19.56,44.41,-83.07,-151.79
52.39427,-1.506371,148.51,8.19,3,267.32,21 / 21,224529,2019-09-06 18:19:51:211,2.1013,0.2741,9.6628,0.0283,0.0103,9.8065,0.0473,-0.0077,0.0042,4.38,-30.81,18.94,46.77,-83.11,-153.38
52.39427,-1.506371,148.51,8.19,3,267.32,21 / 21,224629,2019-09-06 18:19:51:311,0.3119,-0.389,9.8722,-0.0016,0.0084,9.8066,0.0517,0.0017,-0.0065,3.69,-30.56,18.31,47.33,-83.2,-153.85
52.39427,-1.506371,148.51,8.19,3,267.32,21 / 21,224729,2019-09-06 18:19:51:411,0.6777,0.4939,9.9793,0.0071,-0.0126,9.8066,0.0406,0.0291,-0.0505,3.75,-31,18.81,45.3,-83.13,-154.62
52.39427,-1.506371,148.51,8.19,3,267.32,21 / 21,224828,2019-09-06 18:19:51:510,-0.801,-0.0517,10.423,-0.005,-0.0046,9.8066,0.0988,-0.0191,-0.0014,4.19,-30.87,18.81,44.86,-83.11,-155.02
52.39427,-1.506371,148.51,8.19,3,267.32,21 / 21,224929,2019-09-06 18:19:51:611,0.5537,-0.3266,9.6639,0.0099,-0.0063,9.8066,-0.0776,-0.0165,-0.0209,4.06,-30.75,18.31,43.85,-83.29,-156.73
52.39427,-1.506371,148.51,8.19,3,267.32,21 / 21,225029,2019-09-06 18:19:51:711,0.6424,0.9355,9.3909,-0.0011,-0.0111,9.8066,-0.1476,-0.0439,0.0026,4.75,-31.12,18.44,47.09,-83.39,-156.7
52.39427,-1.506371,148.51,8.19,3,267.32,21 / 21,225129,2019-09-06 18:19:51:811,0.2403,0.0996,9.7673,0.0104,0.0237,9.8066,0.0308,-0.0073,-0.0051,3.88,-31.5,18.19,43.98,-83.6,-156.22
52.39427,-1.506371,148.51,8.19,3,267.32,21 / 21,225229,2019-09-06 18:19:51:911,0.6328,0.4244,9.6344,0.0138,0.0177,9.8066,-0.0329,0.0398,-0.0296,4.38,-31.5,18,44.21,-83.86,-155.72
52.39427,-1.506371,148.51,8.19,3,267.32,21 / 21,225329,2019-09-06 18:19:52:011,-0.1865,0.436,9.6467,0.0044,0.0055,9.8066,-0.0267,-0.0135,0.0483,4.13,-31.69,18.94,42.5,-84.06,-156.18
52.39427,-1.506371,148.51,8.19,3,267.32,21 / 22,225428,2019-09-06 18:19:52:110,-0.1853,0.433,9.9199,0.0108,0.0187,9.8066,-0.0017,-0.0136,0.0071,4.06,-31.31,18.44,43.88,-84.22,-155.55
52.39427,-1.506371,148.51,8.19,3,267.32,21 / 22,225529,2019-09-06 18:19:52:211,0.66,0.7171,10.3095,0.0137,-0.0092,9.8066,0.0408,-0.042,-0.0064,3.88,-30.75,18.5,40.86,-84.3,-157.14
52.39427,-1.506371,148.51,8.19,3,267.32,21 / 22,225628,2019-09-06 18:19:52:310,0.7985,0.1504,10.2078,0.0083,0.01,9.8066,0.1314,0.0051,-0.0403,4.44,-30.87,18.38,41.19,-84.37,-157.73
52.39427,-1.506371,148.51,8.19,3,267.32,21 / 22,225729,2019-09-06 18:19:52:411,-0.0815,-0.458,9.4642,-0.0131,-0.0394,9.8065,-0.0138,0.0386,0.0121,3.75,-31.25,18.75,38.97,-84.25,-158.84
52.39427,-1.506371,148.51,8.19,3,267.32,21 / 22,225828,2019-09-06 18:19:52:510,-0.0521,0.0207,9.3173,-0.0203,-0.0394,9.8064,0.0214,0.0202,0.0169,4.19,-31.25,18.63,38.07,-83.85,-160.04
52.39427,-1.506371,148.51,8.19,3,267.32,21 / 22,225929,2019-09-06 18:19:52:611,0.6959,0.3913,9.8758,0.0098,0.0056,9.8066,-0.1056,0.0036,-0.0348,3.81,-31.31,18.69,38.34,-83.84,-159.83
52.39427,-1.506371,148.51,8.19,3,267.32,21 / 22,226028,2019-09-06 18:19:52:710,0.2088,0.0576,9.7736,0.0004,0.0084,9.8066,-0.0893,0.0283,-0.0073,3.75,-31,18.69,38.23,-83.96,-159.8
52.39427,-1.506371,148.51,8.19,3,267.32,21 / 22,226128,2019-09-06 18:19:52:810,0.7379,-1.0051,9.5562,-0.0033,0.0058,9.8066,-0.0159,-0.0458,0.0198,4.75,-31.06,18.75,42.34,-84.11,-158.83
52.39427,-1.506371,148.51,8.19,3,267.32,21 / 22,226229,2019-09-06 18:19:52:911,0.1156,-0.7611,9.7422,-0.0105,-0.0077,9.8066,0.0707,-0.0301,0.0234,3.38,-31.56,18.94,37.37,-84.02,-157.8
52.39427,-1.506371,148.51,8.19,3,267.32,21 / 22,226329,2019-09-06 18:19:53:011,0.4058,-0.7015,9.4656,-0.0002,-0.0008,9.8066,-0.005,-0.0117,0.042,3.88,-31.37,18.56,40.45,-84.01,-157.81
52.39427,-1.506371,148.51,8.19,3,267.32,21 / 21,226428,2019-09-06 18:19:53:110,-0.3105,-0.3905,9.9044,-0.0087,0.0071,9.8066,-0.0475,-0.0077,0.0395,4,-31,18.44,43.04,-84.03,-156.52
52.39427,-1.506371,148.51,8.19,3,267.32,21 / 21,226531,2019-09-06 18:19:53:213,0.2147,-0.1995,9.4427,0.0045,0.0272,9.8066,-0.0288,0.0169,0.0081,2.88,-30.87,18.19,41.34,-84.22,-154.77
52.39427,-1.506371,148.51,8.19,3,267.32,21 / 21,226629,2019-09-06 18:19:53:311,0.4379,-0.2974,9.9785,-0.0071,0.0308,9.8065,0.0045,0.0268,0.0139,3.56,-31.87,18.94,45.98,-84.31,-152.81
52.39427,-1.506371,148.51,8.19,3,267.32,21 / 21,226729,2019-09-06 18:19:53:411,-0.5788,-0.8533,9.8753,-0.0258,-0.0204,9.8065,-0.1141,0.0117,0.0208,3.13,-31.62,18.75,44.98,-84.23,-150.95
52.39427,-1.506371,148.51,8.19,3,267.32,21 / 21,226828,2019-09-06 18:19:53:510,-0.4963,0.7976,10.1427,-0.0148,-0.0116,9.8066,-0.031,-0.0118,0.0462,2.81,-31.56,18.75,46.67,-84.26,-149.42
52.39427,-1.506371,148.51,8.19,3,267.32,21 / 21,226930,2019-09-06 18:19:53:612,0.1474,-0.5118,9.819,-0.0019,-0.0071,9.8066,0.0438,0.0293,-0.0411,3.31,-31.31,19.19,47.6,-84.27,-148.36
52.39427,-1.506371,148.51,8.19,3,267.32,21 / 21,227028,2019-09-06 18:19:53:710,-0.2006,0.037,9.9597,0.0032,-0.018,9.8066,0.0581,-0.0344,0.0453,2.81,-31.62,18.94,46.36,-84.17,-149.8
52.39427,-1.506371,148.51,8.19,3,267.32,21 / 21,227128,2019-09-06 18:19:53:810,0.1585,-0.5823,9.7462,-0.0011,-0.0006,9.8066,-0.0259,0.0131,-0.0202,3.31,-31.19,18.69,46.43,-84.13,-149.57
52.39427,-1.506371,148.51,8.19,3,267.32,21 / 21,227229,2019-09-06 18:19:53:911,-0.2217,-0.7126,10.2058,-0.007,0.0019,9.8066,0.0061,-0.0016,0.0225,3.81,-30.56,19.13,50.29,-84.05,-149.08
52.39427,-1.506371,148.51,8.19,3,267.32,21 / 21,227328,2019-09-06 18:19:54:010,0.2593,-0.4656,9.8928,0.0015,-0.0153,9.8065,-0.0245,-0.009,0.0175,3.19,-30.81,18.88,47.79,-84.04,-148.48
52.39427,-1.506371,148.51,8.19,3,267.32,22 / 22,227429,2019-09-06 18:19:54:111,0.8367,-0.3674,9.7929,-0.0126,-0.0018,9.8066,0.0037,0.0671,-0.021,3.31,-30.44,19.19,47.58,-83.91,-148.59
52.39427,-1.506371,148.51,8.19,3,267.32,22 / 22,227528,2019-09-06 18:19:54:210,0.0471,-0.0862,10.024,-0.0116,-0.0291,9.8066,-0.0713,0.0034,-0.0027,3.19,-30.19,19,47.41,-83.72,-148.97
52.39427,-1.506371,148.51,8.19,3,267.32,22 / 22,227628,2019-09-06 18:19:54:310,0.0964,-1.063,9.6815,-0.0101,-0.0086,9.8065,0.0045,0.0414,-0.0381,3.5,-30.06,19.63,50.39,-83.77,-148.18
52.39427,-1.506371,148.51,8.19,3,267.32,22 / 22,227729,2019-09-06 18:19:54:411,0.2718,0.1249,10.2932,-0.0115,0.0031,9.8066,0.0536,0.0189,0.1439,3.5,-29.94,18.94,52.25,-83.73,-147.5
52.39427,-1.506371,148.51,8.19,3,267.32,22 / 22,227828,2019-09-06 18:19:54:510,0.0145,-1.3538,10.2022,-0.0103,0.0023,9.8066,0.1306,0.0355,-0.0382,2.38,-30.37,19.38,47.21,-83.65,-146.32
52.39427,-1.506371,148.51,8.19,3,267.32,22 / 22,227928,2019-09-06 18:19:54:610,-0.2846,-0.8426,9.9203,0.0028,-0.0202,9.8066,0.0172,0.0495,-0.0273,2.94,-30,18.69,50.2,-83.68,-146.55
52.39427,-1.506371,148.51,8.19,3,267.32,22 / 22,228028,2019-09-06 18:19:54:710,-0.7154,-0.9747,9.587,0.0093,-0.021,9.8065,0.0225,0.0623,-0.0313,2.25,-30.87,18.94,44.02,-83.63,-149.38
52.39427,-1.506371,148.51,8.19,3,267.32,22 / 22,228129,2019-09-06 18:19:54:811,0.8176,0.074,9.8116,0.0139,0.0148,9.8066,0.0959,-0.0091,0.032,1.94,-30.87,19.44,44.16,-83.55,-149.35
52.39427,-1.506371,148.51,8.19,3,267.32,22 / 22,228229,2019-09-06 18:19:54:911,-0.8381,-1.1066,10.1186,-0.0005,0.0267,9.8066,0.1129,0.0487,-0.0309,2.63,-29.87,19.56,46.54,-83.53,-149.16
52.39427,-1.506371,148.51,8.19,3,267.32,22 / 22,228329,2019-09-06 18:19:55:011,0.4852,-1.107,9.7858,0.0008,-0.0185,9.8066,-0.0601,0.0407,0.0456,2,-30.75,19.94,42.06,-83.53,-150.53
52.39427,-1.506371,148.51,8.19,3,267.32,22 / 22,228429,2019-09-06 18:19:55:111,0.308,-0.9564,9.3882,-0.0108,-0.015,9.8066,0.0438,0.0138,0.004,2.88,-30,20.5,45.08,-83.52,-149.74
52.39427,-1.506371,148.51,8.19,3,267.32,22 / 22,228529,2019-09-06 18:19:55:211,0.2181,-0.941,9.2497,0.0036,0.013,9.8065,-0.0157,0.0299,-0.0087,2,-30.56,19.69,43.08,-83.67,-149.49
52.39427,-1.506371,148.51,8.19,3,267.32,22 / 22,228628,2019-09-06 18:19:55:310,1.2545,0.7063,9.1979,-0.0056,0.0195,9.8065,-0.1475,0.0133,0.0537,3.31,-30.44,19.75,47.6,-83.82,-147.89
52.39427,-1.506371,148.51,8.19,3,267.32,22 / 22,228729,2019-09-06 18:19:55:411,0.1919,0.7369,9.896,0.0198,0.0573,9.8064,0.1223,-0.0067,-0.0576,2.44,-30.81,20,48.79,-83.94,-144.13
52.39427,-1.506371,148.51,8.19,3,267.32,22 / 22,228829,2019-09-06 18:19:55:511,1.3242,-0.2096,9.9665,0.0223,-0.0092,9.8066,0.0156,-0.0847,0.0559,2.75,-29.62,19.63,49.31,-83.94,-146.21
52.39427,-1.506371,148.51,8.19,3,267.32,22 / 22,228929,2019-09-06 18:19:55:611,-1.5543,0.195,9.9549,0.0069,-0.0295,9.8065,0.0151,0.0451,0.0051,2.94,-29.62,19.81,48.51,-83.69,-147.23
52.39427,-1.506371,148.51,8.19,3,267.32,22 / 22,229028,2019-09-06 18:19:55:710,2.6568,-1.0966,9.0948,-0.0051,0.0097,9.8066,0.0053,0.1437,-0.1257,3.25,-29.56,19.38,47.55,-83.65,-148.93
52.39427,-1.506371,148.51,8.19,3,267.32,22 / 22,229129,2019-09-06 18:19:55:811,1.1568,-1.4192,8.9833,0.0006,-0.0138,9.8066,-0.0511,0.0302,0.027,3.31,-29.69,19.5,44.87,-83.55,-150.61
52.39427,-1.506371,148.51,8.19,3,267.32,22 / 22,229228,2019-09-06 18:19:55:910,-0.431,0.202,10.3456,-0.0094,-0.0152,9.8065,0.012,-0.0381,-0.0227,2.69,-29.75,19.69,45.81,-83.54,-149.8
52.39427,-1.506371,148.51,8.19,3,267.32,22 / 22,229329,2019-09-06 18:19:56:011,0.1534,-0.3723,8.8225,0.0018,-0.0126,9.8066,-0.095,0.0163,0.0086,3.69,-29.94,19.88,49,-83.72,-149.48
52.39427,-1.506371,148.51,8.19,3,267.32,22 / 23,229428,2019-09-06 18:19:56:110,0.3397,-2.2862,10.2518,-0.0084,-0.0438,9.8065,0.1552,0.0829,0.0043,3.63,-30.19,20.06,48.59,-83.74,-149.82
52.39427,-1.506371,148.51,8.19,3,267.32,22 / 23,229529,2019-09-06 18:19:56:211,-1.8882,-3.1764,6.8869,-0.0415,-0.086,9.8061,-0.3729,0.1276,-0.0788,4.06,-30.56,20.56,48.22,-83.83,-149.43
52.39427,-1.506371,148.51,8.19,3,267.32,22 / 23,229628,2019-09-06 18:19:56:310,-0.6623,-1.1591,7.8913,-0.0539,-0.1592,9.8051,-0.4962,0.0368,0.1018,3.19,-31.87,20.75,42.64,-83.08,-152.79
52.39427,-1.506371,148.51,8.19,3,267.32,22 / 23,229729,2019-09-06 18:19:56:411,-1.1207,0.2626,8.6061,0.0485,0.1313,9.8056,-0.1099,0.0965,0.1016,3.56,-30.44,20.13,51.17,-83.92,-147.29
52.39427,-1.506371,148.51,8.19,3,267.32,22 / 23,229828,2019-09-06 18:19:56:510,1.1905,0.7117,8.4368,-0.0146,0.0152,9.8065,-0.1898,0.1397,-0.0543,1.88,-30.62,19.94,46.06,-83.93,-146.58
52.39427,-1.506371,148.51,8.19,3,267.32,22 / 23,229929,2019-09-06 18:19:56:611,1.7375,2.5362,8.6899,0.0251,0.1218,9.8058,0.2113,-0.0043,0.0646,2.81,-30.56,20.75,46.92,-83.65,-148.19
52.39427,-1.506371,148.51,8.19,3,267.32,22 / 23,230030,2019-09-06 18:19:56:712,0.4419,-1.2409,9.9996,0.0083,0.0673,9.8064,0.0817,-0.0493,0.0093,2.5,-29.94,20.69,51.17,-84.02,-143.72
52.39427,-1.506371,148.51,8.19,3,267.32,22 / 23,230129,2019-09-06 18:19:56:811,-1.3469,-1.7272,9.4152,0.0009,-0.011,9.8066,0.0166,0.0247,-0.042,2.69,-30.25,20.56,50.37,-83.98,-144.49
52.39427,-1.506371,148.51,8.19,3,267.32,22 / 23,230229,2019-09-06 18:19:56:911,0.8658,-0.2295,10.0993,0.0257,0.0155,9.8066,0.0449,0.082,-0.0723,2.25,-30.81,20.69,46.82,-84.32,-144.87
52.39427,-1.506371,148.51,8.19,3,267.32,22 / 23,230331,2019-09-06 18:19:57:013,-0.1894,0.6103,10.6789,-0.035,-0.0214,9.8065,-0.0742,-0.0269,0.0817,3.38,-30.19,20,50.07,-84.28,-145.14
52.3942,-1.507364,147.53,8.63,2,258.94,21 / 21,230428,2019-09-06 18:19:57:110,-0.5912,0.1478,10.3213,-0.0421,-0.0338,9.8065,-0.0434,0.0199,-0.0356,3.75,-30.25,20.06,54.97,-84.28,-143.39
52.3942,-1.507364,147.53,8.63,2,258.94,21 / 21,230528,2019-09-06 18:19:57:210,-0.0722,-0.6369,9.5675,0.0002,-0.0068,9.8066,0.174,0.0029,0.0621,2.75,-31.12,20.5,49.4,-83.58,-146.07
52.3942,-1.507364,147.53,8.63,2,258.94,21 / 21,230629,2019-09-06 18:19:57:311,1.038,-1.5908,9.1662,-0.01,0.0436,9.8065,-0.0152,0.0875,0.0023,2.06,-30.75,20.5,47.63,-83.41,-145.19
52.3942,-1.507364,147.53,8.63,2,258.94,21 / 21,230729,2019-09-06 18:19:57:411,0.1316,0.2764,10.0616,-0.0078,0.0572,9.8064,-0.0205,0.0365,0.0215,2.44,-30.94,20.88,49.2,-83.55,-143.62
52.3942,-1.507364,147.53,8.63,2,258.94,21 / 21,230828,2019-09-06 18:19:57:510,0.1321,-0.1256,10.4101,0.0015,0.0513,9.8065,-0.0043,-0.0271,0.0171,1.88,-31.06,20.88,55.22,-83.89,-137.78
52.3942,-1.507364,147.53,8.63,2,258.94,21 / 21,230929,2019-09-06 18:19:57:611,-0.3452,-0.63,9.8407,0.0049,-0.0268,9.8065,0.0593,-0.0222,0.022,2.38,-31,21.06,54.01,-83.92,-138.84
52.3942,-1.507364,147.53,8.63,2,258.94,21 / 21,231029,2019-09-06 18:19:57:711,-0.2967,-0.8276,9.6223,0.002,-0.0167,9.8066,0.0896,-0.0023,-0.0061,2.63,-31.31,21.13,55.83,-83.86,-139.92
52.3942,-1.507364,147.53,8.63,2,258.94,21 / 21,231128,2019-09-06 18:19:57:810,0.2661,-1.7797,10.0254,0.001,-0.0274,9.8065,-0.0424,-0.0154,0.0271,3.19,-31.31,21.13,53.23,-83.66,-142.53
52.3942,-1.507364,147.53,8.63,2,258.94,21 / 21,231229,2019-09-06 18:19:57:911,-0.0527,0.2975,9.5184,-0.0088,-0.0237,9.8065,-0.0627,0.0412,0.001,3.19,-31.5,21.13,53.1,-83.62,-142.69
52.3942,-1.507364,147.53,8.63,2,258.94,21 / 21,231329,2019-09-06 18:19:58:011,0.2278,-0.3304,9.5626,0.0179,0.0251,9.8065,-0.0404,-0.0822,0.06,2.44,-31.44,20.63,49.88,-83.76,-142.77
52.3942,-1.507364,147.53,8.63,2,258.94,22 / 22,231429,2019-09-06 18:19:58:111,-0.0599,0.1959,9.6019,0.0213,0.0148,9.8066,-0.0929,-0.0051,-0.093,2.81,-31.69,20.63,53.14,-84.1,-142.29
52.3942,-1.507364,147.53,8.63,2,258.94,22 / 22,231528,2019-09-06 18:19:58:210,0.2807,0.0997,10.6147,0.0065,0.0049,9.8066,0.0671,-0.0139,-0.021,2.94,-31.12,20.13,51.55,-84.41,-143.85
52.3942,-1.507364,147.53,8.63,2,258.94,22 / 22,231629,2019-09-06 18:19:58:311,0.3954,-0.1901,9.6468,-0.0014,-0.0154,9.8066,0.1007,0.0333,-0.011,2.69,-31.25,20.38,50.04,-84.25,-145.42
52.3942,-1.507364,147.53,8.63,2,258.94,22 / 22,231729,2019-09-06 18:19:58:411,-0.0422,-1.5902,9.39,-0.0188,-0.0213,9.8066,-0.0261,-0.0038,0.0487,3.19,-31.56,20.88,47.34,-83.85,-147.8
52.3942,-1.507364,147.53,8.63,2,258.94,22 / 22,231829,2019-09-06 18:19:58:511,0.22,-1.7697,9.9381,-0.0115,-0.017,9.8066,-0.0729,0.0427,-0.0376,2.5,-31.37,20.88,48.1,-83.72,-147.06
52.3942,-1.507364,147.53,8.63,2,258.94,22 / 22,231928,2019-09-06 18:19:58:610,-0.4444,-0.1935,10.1472,-0.0008,0.0532,9.8065,0.0308,-0.0057,0.1138,3,-31.44,20.69,49.25,-83.86,-145.87
52.3942,-1.507364,147.53,8.63,2,258.94,22 / 22,232029,2019-09-06 18:19:58:711,-0.4852,-0.2758,9.8835,-0.0122,0.0339,9.8065,-0.0211,-0.0013,0.0235,2.38,-31.62,21.25,51.04,-83.9,-141.79
52.3942,-1.507364,147.53,8.63,2,258.94,22 / 22,232129,2019-09-06 18:19:58:811,-0.8046,-0.6897,9.2069,-0.0078,-0.0126,9.8066,0.0681,0.0128,-0.0208,2.44,-30.62,21.25,50.63,-83.67,-142.21
52.3942,-1.507364,147.53,8.63,2,258.94,22 / 22,232228,2019-09-06 18:19:58:910,-0.5319,-0.4275,9.8709,0.0102,0.0203,9.8065,0.0978,0.0275,-0.0058,2.06,-32,21.56,49.6,-83.72,-142.72
52.3942,-1.507364,147.53,8.63,2,258.94,22 / 22,232328,2019-09-06 18:19:59:010,1.156,-1.131,9.0135,0.0009,-0.012,9.8066,-0.1191,0.0205,-0.0574,3.56,-31.62,21.81,53.55,-83.71,-144.19
52.3942,-1.507364,147.53,8.63,2,258.94,21 / 21,232428,2019-09-06 18:19:59:110,-0.4074,-0.3719,9.5535,0.0222,-0.0232,9.8065,-0.0382,0.0206,0.0014,2.94,-31.06,21.81,49,-83.79,-145.49
52.3942,-1.507364,147.53,8.63,2,258.94,21 / 21,232529,2019-09-06 18:19:59:211,-0.4226,0.1743,10.4014,0.0092,0.0091,9.8065,0.0514,-0.0142,-0.056,3.13,-31.06,21.25,48.58,-83.84,-146.49
52.3942,-1.507364,147.53,8.63,2,258.94,21 / 21,232628,2019-09-06 18:19:59:310,-0.399,-1.339,9.8141,0.0279,0.0281,9.8065,0.1148,-0.0173,-0.057,3.56,-31.44,20.88,49.44,-84.12,-147.99
52.3942,-1.507364,147.53,8.63,2,258.94,21 / 21,232729,2019-09-06 18:19:59:411,0.0628,-0.7229,10.2571,-0.0123,-0.0249,9.8066,-0.0914,-0.0415,0.0465,3.38,-30.81,20.81,44.68,-84.03,-149.76
52.3942,-1.507364,147.53,8.63,2,258.94,21 / 21,232829,2019-09-06 18:19:59:511,0.3682,0.6213,9.0016,0.0134,-0.0243,9.8065,-0.0189,0.0601,-0.0679,3.31,-30.94,21.19,43.24,-84.08,-150.98
52.3942,-1.507364,147.53,8.63,2,258.94,21 / 21,232929,2019-09-06 18:19:59:611,1.3454,0.1056,9.8449,0.0195,0.0263,9.8065,0.0465,0.0031,-0.0096,3.75,-30.06,20.81,44.37,-84.18,-152.28
52.3942,-1.507364,147.53,8.63,2,258.94,21 / 21,233028,2019-09-06 18:19:59:710,0.4863,0.6936,10.4353,0.0014,0.0014,9.8066,-0.0415,0.0419,-0.0223,3.63,-30.44,20.94,43.53,-84.02,-153.21
52.3942,-1.507364,147.53,8.63,2,258.94,21 / 21,233129,2019-09-06 18:19:59:811,-0.3159,-1.3476,9.6312,0.001,0.0195,9.8066,0.1935,0.0316,0.0009,3.88,-30.25,21.13,42.59,-84,-154.06
52.3942,-1.507364,147.53,8.63,2,258.94,21 / 21,233228,2019-09-06 18:19:59:910,0.3813,-0.6288,9.9549,-0.0001,0.0257,9.8066,0.1592,0.0261,-0.0452,3.5,-30.69,20.5,43.63,-84.02,-153.3
52.3942,-1.507364,147.53,8.63,2,258.94,21 / 21,233329,2019-09-06 18:20:00:011,0.3438,0.1498,10.5697,0.0096,-0.0069,9.8066,-0.0016,0.0402,0.0575,3.06,-30.87,20.63,40.43,-84.02,-153.53
52.3942,-1.507364,147.53,8.63,2,258.94,22 / 22,233430,2019-09-06 18:20:00:112,0.3129,-1.1319,10.1611,-0.0092,-0.0321,9.8065,0.0777,0.0397,-0.0152,3.44,-30.25,20.81,40.17,-84.1,-153.51
52.3942,-1.507364,147.53,8.63,2,258.94,22 / 22,233529,2019-09-06 18:20:00:211,-0.1716,0.2644,9.8959,0.0058,0.02,9.8066,-0.1149,0.0377,-0.0369,2.81,-31.12,20.63,40.47,-84.22,-153.3
52.3942,-1.507364,147.53,8.63,2,258.94,22 / 22,233628,2019-09-06 18:20:00:310,0.8667,0.7481,8.4173,-0.0172,-0.0556,9.8064,-0.3305,0.0837,0.0031,3.69,-31.19,21.19,42.04,-83.93,-154.81
52.3942,-1.507364,147.53,8.63,2,258.94,22 / 22,233728,2019-09-06 18:20:00:410,1.9025,-1.12,9.6493,0.0147,0.0801,9.8063,0.1211,0.1495,-0.1236,3.06,-31,21.19,38.02,-83.89,-155.78
52.3942,-1.507364,147.53,8.63,2,258.94,22 / 22,233829,2019-09-06 18:20:00:511,-0.6267,0.3434,11.0538,0.003,0.0617,9.8064,0.1269,-0.0153,0.0158,3.19,-30.87,20.63,40.7,-84.36,-152.95
52.3942,-1.507364,147.53,8.63,2,258.94,22 / 22,233928,2019-09-06 18:20:00:610,0.0886,-1.4145,9.1738,-0.0214,-0.0409,9.8065,0.0408,0.0256,0.0484,3.31,-31.06,20.81,40.04,-84.23,-153.66
52.3942,-1.507364,147.53,8.63,2,258.94,22 / 22,234029,2019-09-06 18:20:00:711,-0.4135,0.4439,9.6425,0.0147,0.0258,9.8066,0.015,0.0227,-0.0825,2.94,-30.94,21.06,40.77,-84.28,-152.97
52.3942,-1.507364,147.53,8.63,2,258.94,22 / 22,234128,2019-09-06 18:20:00:810,1.2651,-0.739,9.7556,0.01,0.0023,9.8066,-0.0338,-0.0283,0.0309,3,-30.56,21.06,40.53,-84.09,-153.38
52.3942,-1.507364,147.53,8.63,2,258.94,22 / 22,234228,2019-09-06 18:20:00:910,-0.8548,1.8854,11.4814,-0.0202,0.0102,9.8066,0.1146,-0.0239,0.0653,2.75,-30.69,21.63,41.77,-83.91,-151.83
52.3942,-1.507364,147.53,8.63,2,258.94,22 / 22,234329,2019-09-06 18:20:01:011,-0.4178,-0.7063,9.4939,-0.0131,-0.0656,9.8064,0.0089,-0.0322,0.0447,3,-30.69,22,41.31,-83.93,-152.23
52.3942,-1.507364,147.53,8.63,2,258.94,21 / 21,234428,2019-09-06 18:20:01:110,0.1565,0.0231,9.4144,-0.0203,-0.0031,9.8065,0.0048,0.0011,-0.0926,2.88,-30.94,21.5,41.71,-83.67,-152.12
52.3942,-1.507364,147.53,8.63,2,258.94,21 / 21,234529,2019-09-06 18:20:01:211,-0.7323,1.249,10.0439,0.0182,0.0234,9.8065,-0.0519,-0.0354,0.1606,3.13,-31.12,21.56,43.61,-83.89,-150.22
52.3942,-1.507364,147.53,8.63,2,258.94,21 / 21,234629,2019-09-06 18:20:01:311,0.2638,1.097,10.2129,-0.0021,-0.0076,9.8066,-0.0747,-0.0293,0.0805,2.69,-30.94,21.44,44.53,-83.91,-150.02
52.3942,-1.507364,147.53,8.63,2,258.94,21 / 21,234729,2019-09-06 18:20:01:411,1.1213,-1.1048,10.1456,-0.0286,-0.0286,9.8066,-0.0143,0.098,-0.128,3.06,-31.56,21.19,46.47,-83.51,-148.97
52.3942,-1.507364,147.53,8.63,2,258.94,21 / 21,234829,2019-09-06 18:20:01:511,-0.564,-0.2585,9.5551,-0.0087,-0.0611,9.8064,0.0565,-0.0108,0.0547,2.81,-30.75,20.69,44.47,-83.34,-150.7
52.3942,-1.507364,147.53,8.63,2,258.94,21 / 21,234929,2019-09-06 18:20:01:611,1.2677,0.053,8.8111,0.0025,0.0141,9.8065,-0.0854,-0.0971,0.0359,2.94,-31.56,21.31,44.2,-83.26,-151.24
52.3942,-1.507364,147.53,8.63,2,258.94,21 / 21,235028,2019-09-06 18:20:01:710,0.5657,-0.1123,10.2971,0.0082,0.0203,9.8066,-0.1952,-0.0521,-0.012,3,-31.19,21.88,44.36,-83.29,-150.17
52.3942,-1.507364,147.53,8.63,2,258.94,21 / 21,235128,2019-09-06 18:20:01:810,0.4776,0.6583,10.1018,0.0211,0.0617,9.8064,0.1797,-0.071,0.0475,2.56,-30.81,21.06,47.15,-83.69,-147.93
52.3942,-1.507364,147.53,8.63,2,258.94,21 / 21,235229,2019-09-06 18:20:01:911,0.0028,1.2674,10.0897,0.0022,0.0619,9.8064,0.0725,-0.0085,0.0862,2.25,-31.81,21.56,44.93,-83.62,-146.99
52.3942,-1.507364,147.53,8.63,2,258.94,21 / 21,235329,2019-09-06 18:20:02:011,1.0847,-1.3212,10.0716,-0.0157,-0.0519,9.8065,0.1325,0.0997,-0.1353,2.13,-31.44,22.19,43.59,-83.07,-148.54
52.3942,-1.507364,147.53,8.63,2,258.94,21 / 21,235429,2019-09-06 18:20:02:111,2.2047,0.0149,9.8904,-0.0187,-0.0332,9.8066,0.13,0.1211,0.0128,2.25,-30.87,21.81,43.13,-82.93,-149.1
52.3942,-1.507364,147.53,8.63,2,258.94,21 / 21,235528,2019-09-06 18:20:02:210,0.256,-0.7773,9.6816,-0.0035,-0.0221,9.8066,-0.1992,-0.0029,0.0158,2.06,-31.06,21.94,43.55,-82.59,-149.07
52.3942,-1.507364,147.53,8.63,2,258.94,21 / 21,235628,2019-09-06 18:20:02:310,-1.1679,0.0549,10.1361,0.0012,-0.0374,9.8065,-0.1201,-0.0832,-0.0169,2.5,-31.06,22.56,45.02,-82.55,-149.72
52.3942,-1.507364,147.53,8.63,2,258.94,21 / 21,235728,2019-09-06 18:20:02:410,-0.3422,1.3448,9.8873,0.0249,0.0422,9.8065,0.0904,0.0482,-0.0301,2.69,-31.69,21.81,45.48,-82.88,-149.85
52.3942,-1.507364,147.53,8.63,2,258.94,21 / 21,235829,2019-09-06 18:20:02:511,-0.348,0.4063,9.4445,0.0274,0.046,9.8064,0.0334,-0.0025,0.0358,2.56,-31.19,21.56,43.86,-83.13,-150.78
52.3942,-1.507364,147.53,8.63,2,258.94,21 / 21,235929,2019-09-06 18:20:02:611,0.5068,-1.0493,9.82,0.015,0.0047,9.8066,-0.0119,0.0578,-0.0952,2.5,-31.06,21.06,44.3,-83.18,-151.01
52.3942,-1.507364,147.53,8.63,2,258.94,21 / 21,236028,2019-09-06 18:20:02:710,-0.1183,-0.2937,10.0704,0.0099,-0.0058,9.8065,0.1102,0.0523,0.0472,2.94,-30.75,21.56,41.91,-83.37,-152.25
52.3942,-1.507364,147.53,8.63,2,258.94,21 / 21,236128,2019-09-06 18:20:02:810,-0.1474,-0.5288,9.8592,-0.0141,-0.0286,9.8065,-0.0411,0.0214,0.0053,3.44,-31,22,40.23,-83.27,-153.82
52.3942,-1.507364,147.53,8.63,2,258.94,21 / 21,236228,2019-09-06 18:20:02:910,-0.3799,0.5341,10.5818,-0.0186,-0.0057,9.8066,0.017,0.0335,0.0001,3,-30.37,21.63,41.51,-83.24,-152.52
52.3942,-1.507364,147.53,8.63,2,258.94,21 / 21,236328,2019-09-06 18:20:03:010,0.0143,-0.457,10.0884,-0.0151,0.001,9.8066,-0.0543,0.0721,-0.0927,2.94,-30.94,21.69,42.71,-83.23,-151.69
52.3942,-1.507364,147.53,8.63,2,258.94,22 / 22,236429,2019-09-06 18:20:03:111,-0.5128,-0.5608,9.4478,-0.0035,-0.0103,9.8066,-0.0793,0.0281,0.0744,2.63,-31.12,21.5,43.01,-83.27,-151.38
52.3942,-1.507364,147.53,8.63,2,258.94,22 / 22,236528,2019-09-06 18:20:03:210,0.0551,0.6354,10.4559,-0.0074,-0.0313,9.8065,-0.1399,-0.0372,0.0625,2.5,-30.75,21.94,41.91,-83.25,-152.36
52.3942,-1.507364,147.53,8.63,2,258.94,22 / 22,236629,2019-09-06 18:20:03:311,0.5653,1.4698,9.7545,0.002,-0.0326,9.8065,-0.2197,-0.0612,-0.0667,2.81,-31.25,21.56,41.88,-83.18,-152.46
52.3942,-1.507364,147.53,8.63,2,258.94,22 / 22,236730,2019-09-06 18:20:03:412,1.1768,-0.5393,9.8904,0.0079,0.0227,9.8066,0.0315,0.0718,0.0183,2.56,-30.87,21.75,41.54,-83.2,-152.74
52.3942,-1.507364,147.53,8.63,2,258.94,22 / 22,236829,2019-09-06 18:20:03:511,0.2342,1.0023,9.9833,0.0051,0.0032,9.8066,-0.0628,0.0318,0.0674,2.81,-30.94,22.19,40.43,-83.31,-153.6
52.3942,-1.507364,147.53,8.63,2,258.94,22 / 22,236929,2019-09-06 18:20:03:611,-0.4189,-1.3752,9.7832,-0.0188,-0.027,9.8065,-0.0342,-0.0296,-0.1262,3.81,-31.12,22.19,44.23,-83.19,-152.88
52.3942,-1.507364,147.53,8.63,2,258.94,22 / 22,237029,2019-09-06 18:20:03:711,-0.063,-0.6179,10.0931,0.0055,-0.0263,9.8065,0.0134,-0.0151,-0.0261,2.88,-30.75,22,40.46,-83.2,-153.68
52.3942,-1.507364,147.53,8.63,2,258.94,22 / 22,237129,2019-09-06 18:20:03:811,-0.8478,-0.1111,9.8333,0.0104,0.0254,9.8066,0.1269,-0.0398,0.0768,2.44,-31.31,21.88,36.87,-83.29,-154.17
52.3942,-1.507364,147.53,8.63,2,258.94,22 / 22,237229,2019-09-06 18:20:03:911,1.8435,-0.5627,10.2579,0.0137,0.0249,9.8065,0.0096,0.0589,-0.1343,2.81,-30.94,22.19,39.41,-83.3,-154.5
52.3942,-1.507364,147.53,8.63,2,258.94,22 / 22,237329,2019-09-06 18:20:04:011,0.3619,-0.5562,10.1955,-0.0131,-0.0283,9.8065,-0.0471,0.0415,0.114,2.69,-31.12,21.75,40.93,-83.44,-153.03
52.3942,-1.507364,147.53,8.63,2,258.94,21 / 21,237429,2019-09-06 18:20:04:111,-0.7247,0.3762,10.4179,-0.0144,-0.0265,9.8065,0.023,-0.0517,0.0635,3.06,-31.06,22.19,42.12,-83.42,-152.01
52.3942,-1.507364,147.53,8.63,2,258.94,21 / 21,237529,2019-09-06 18:20:04:211,1.1517,0.1873,9.7385,-0.0068,0.0012,9.8066,0.0189,0.0162,-0.0852,2.56,-31.06,22,42.17,-83.37,-152.02
52.3942,-1.507364,147.53,8.63,2,258.94,21 / 21,237628,2019-09-06 18:20:04:310,-0.4876,-0.7737,8.8841,-0.0058,-0.0048,9.8066,0.0238,-0.0555,0.1574,2.81,-30.94,22.06,42.2,-83.18,-152.19
52.3942,-1.507364,147.53,8.63,2,258.94,21 / 21,237729,2019-09-06 18:20:04:411,-0.1884,-0.0485,9.9095,-0.0196,0.0151,9.8066,-0.009,0.0188,-0.0058,2.06,-31.25,22.63,42.18,-82.81,-149.51
52.3942,-1.507364,147.53,8.63,2,258.94,21 / 21,237828,2019-09-06 18:20:04:510,0.2502,1.0451,9.7237,0.0138,0.0368,9.8065,-0.0146,-0.0283,0.0172,2.75,-30.94,21.44,47.56,-83.01,-148.36
52.3942,-1.507364,147.53,8.63,2,258.94,21 / 21,237929,2019-09-06 18:20:04:611,-0.5362,1.1915,11.329,-0.0251,0.004,9.8065,0.0577,0.003,-0.0299,2.25,-30.69,22.06,46.39,-83.02,-146.15
52.3942,-1.507364,147.53,8.63,2,258.94,21 / 21,238029,2019-09-06 18:20:04:711,-1.2782,1.0079,11.0648,0.0133,0.0149,9.8066,0.15,-0.0336,0.0578,2.31,-30.56,22.13,46.24,-83.03,-146.26
52.3942,-1.507364,147.53,8.63,2,258.94,21 / 21,238129,2019-09-06 18:20:04:811,0.9489,-0.3391,9.761,-0.0182,-0.0578,9.8064,-0.0351,0.0404,0.0331,2.5,-30.75,22.44,46.75,-82.72,-148.68
52.3942,-1.507364,147.53,8.63,2,258.94,21 / 21,238228,2019-09-06 18:20:04:910,-0.4054,0.4497,9.3668,-0.0188,-0.0206,9.8066,-0.089,-0.0414,0.0075,2.69,-31.19,22.06,46.39,-82.17,-149.6
52.3942,-1.507364,147.53,8.63,2,258.94,21 / 21,238329,2019-09-06 18:20:05:011,0.4231,0.3211,9.3475,0.0423,0.0535,9.8064,0.1127,-0.0481,-0.0943,2.81,-30.5,22,46.03,-82.53,-149.27
52.3942,-1.507364,147.53,8.63,2,258.94,22 / 22,238428,2019-09-06 18:20:05:110,1.4654,-0.7961,9.5464,-0.0023,0.0306,9.8065,-0.0302,-0.0444,0.1901,2.31,-30.62,22.06,42.84,-82.63,-149.65
52.3942,-1.507364,147.53,8.63,2,258.94,22 / 22,238528,2019-09-06 18:20:05:210,0.7996,1.8124,11.2147,-0.0207,-0.0327,9.8065,0.0786,0.0328,-0.0264,2.13,-30.56,22.25,42.95,-82.44,-149.75
52.3942,-1.507364,147.53,8.63,2,258.94,22 / 22,238628,2019-09-06 18:20:05:310,1.4904,0.5805,10.8045,0.0181,0.0398,9.8065,0.1684,-0.0173,-0.1253,2.44,-30.75,22.25,42.64,-82.57,-149.88
52.3942,-1.507364,147.53,8.63,2,258.94,22 / 22,238729,2019-09-06 18:20:05:411,-0.9667,-1.7248,9.2277,-0.017,-0.0665,9.8063,0.0337,0.0091,0.1559,2,-30.44,22.44,41.52,-82.38,-150.8
52.3942,-1.507364,147.53,8.63,2,258.94,22 / 22,238828,2019-09-06 18:20:05:510,-0.8523,1.0241,9.9508,-0.0223,-0.0098,9.8066,-0.0788,-0.0486,0.0327,1.88,-31.12,22.5,42.12,-82.07,-150.28
52.3942,-1.507364,147.53,8.63,2,258.94,22 / 22,238929,2019-09-06 18:20:05:611,0.1689,1.6684,10.3891,0.0092,0.0358,9.8065,-0.1334,-0.0367,0.0035,0.81,-32.06,21.88,42.72,-82.44,-147.62
52.3942,-1.507364,147.53,8.63,2,258.94,22 / 22,239028,2019-09-06 18:20:05:710,-1.0225,0.1814,9.772,-0.0019,-0.0017,9.8066,-0.1045,-0.0406,0.0333,1.38,-31.06,22.56,42.51,-82.36,-147.21
52.3942,-1.507364,147.53,8.63,2,258.94,22 / 22,239129,2019-09-06 18:20:05:811,-0.1896,-0.0615,9.7828,0.0032,0.0153,9.8066,0.1375,-0.0132,0.0438,1.81,-31.31,22.81,45.26,-82.19,-147.46
52.3942,-1.507364,147.53,8.63,2,258.94,22 / 22,239229,2019-09-06 18:20:05:911,0.8694,-1.3712,9.6356,-0.0085,0.0206,9.8065,0.0774,0.1701,-0.1406,0.88,-31.56,21.81,43.3,-81.98,-147.61
52.3942,-1.507364,147.53,8.63,2,258.94,22 / 22,239329,2019-09-06 18:20:06:011,1.3444,0.4338,9.9582,0.004,0.0128,9.8066,-0.0283,-0.0536,0.048,1.19,-31.75,22.75,41.65,-82.01,-148.52
52.393967,-1.508622,146.57,10.47,3,252.36,21 / 21,239428,2019-09-06 18:20:06:110,-0.0156,0.3889,9.4578,-0.0052,-0.0108,9.8066,-0.1675,-0.0172,-0.004,1.31,-31.19,22.25,42.71,-81.99,-147.86
52.393967,-1.508622,146.57,10.47,3,252.36,21 / 21,239529,2019-09-06 18:20:06:211,1.0702,-0.248,9.4054,-0.0026,0.0322,9.8066,0.0376,0.0614,-0.0584,1.25,-31.37,22.38,43.37,-82.15,-147.12
52.393967,-1.508622,146.57,10.47,3,252.36,21 / 21,239629,2019-09-06 18:20:06:311,0.6011,-0.2062,10.1461,-0.0228,-0.0168,9.8065,-0.0596,0.0299,0.0783,0.56,-31.81,22.56,44.16,-82.12,-146.27
52.393967,-1.508622,146.57,10.47,3,252.36,21 / 21,239729,2019-09-06 18:20:06:411,-0.5114,0.7788,10.1067,-0.0051,-0.0258,9.8066,-0.0397,0.0764,-0.0424,1,-31.31,22.63,45.48,-81.9,-145.11
52.393967,-1.508622,146.57,10.47,3,252.36,21 / 21,239830,2019-09-06 18:20:06:512,1.3688,-0.2852,9.7125,0.0012,-0.0068,9.8066,0.0231,0.012,0.0688,0.69,-31.44,23.25,45.2,-81.78,-145.47
52.393967,-1.508622,146.57,10.47,3,252.36,21 / 21,239929,2019-09-06 18:20:06:611,-0.3005,0.6758,10.0135,-0.0035,-0.0238,9.8066,-0.0277,0.023,-0.0666,0.38,-30.94,23.88,41.21,-81.57,-146.3
52.393967,-1.508622,146.57,10.47,3,252.36,21 / 21,240029,2019-09-06 18:20:06:711,-0.2084,0.0855,9.9544,-0.002,0.0193,9.8065,0.0619,0.0619,-0.0432,1.25,-31.12,23.56,44.11,-81.7,-146.06
52.393967,-1.508622,146.57,10.47,3,252.36,21 / 21,240128,2019-09-06 18:20:06:810,-0.1548,0.8936,9.7562,0.002,0.0387,9.8065,0.0359,-0.0533,-0.0082,0.63,-31.06,23.31,45.45,-81.87,-145.17
52.393967,-1.508622,146.57,10.47,3,252.36,21 / 21,240228,2019-09-06 18:20:06:910,0.4464,-0.0977,10.0916,-0.0283,0.0055,9.8066,0.0775,0.0054,0.0416,0.81,-30.37,23.06,45.86,-81.97,-144.46
52.393967,-1.508622,146.57,10.47,3,252.36,21 / 21,240329,2019-09-06 18:20:07:011,0.8475,-0.6699,10.2938,0.0002,-0.02,9.8066,0.0431,-0.0326,0.1064,0.63,-31.25,22.75,48.05,-81.64,-143.17
52.393967,-1.508622,146.57,10.47,3,252.36,22 / 22,240428,2019-09-06 18:20:07:110,-0.215,0.4099,10.7484,-0.0078,-0.0212,9.8066,0.0211,0.097,-0.0318,0.81,-31.25,23.13,48.42,-81.48,-143.03
52.393967,-1.508622,146.57,10.47,3,252.36,22 / 22,240529,2019-09-06 18:20:07:211,1.435,0.7921,9.2151,-0.0151,0.0077,9.8065,-0.0112,0.0333,-0.009,1.19,-31.44,23,47.64,-81.25,-143.94
52.393967,-1.508622,146.57,10.47,3,252.36,22 / 22,240628,2019-09-06 18:20:07:310,-0.5332,0.2545,9.4009,-0.0168,0.0081,9.8065,-0.0873,-0.0833,0.0131,0.81,-30.62,23.25,48.71,-80.98,-143.32
52.393967,-1.508622,146.57,10.47,3,252.36,22 / 22,240729,2019-09-06 18:20:07:411,0.5257,0.7658,9.4635,0.0128,0.0652,9.8064,0.0099,0.1498,-0.0664,0.94,-31.12,23.56,48.69,-80.73,-143.11
52.393967,-1.508622,146.57,10.47,3,252.36,22 / 22,240829,2019-09-06 18:20:07:511,-0.0745,-0.677,9.9496,-0.0065,0.0689,9.8064,0.1415,0.0335,0.1192,0.94,-31.56,23,51.58,-81.28,-140.8
52.393967,-1.508622,146.57,10.47,3,252.36,22 / 22,240929,2019-09-06 18:20:07:611,-1.0607,-0.0302,10.7242,-0.019,-0.044,9.8065,-0.019,-0.0789,-0.0626,0.44,-31.62,23.19,50.14,-80.87,-140.05
52.393967,-1.508622,146.57,10.47,3,252.36,22 / 22,241029,2019-09-06 18:20:07:711,0.496,-0.3644,9.6698,0.0094,-0.0383,9.8065,0.0117,-0.05,0.0519,1.06,-31.19,23,51.41,-80.92,-141.06
52.393967,-1.508622,146.57,10.47,3,252.36,22 / 22,241129,2019-09-06 18:20:07:811,-0.5544,0.4091,10.0993,-0.0018,0,9.8065,-0.0101,0.0336,-0.0314,0.94,-31.62,23.31,51.23,-80.73,-141.77
52.393967,-1.508622,146.57,10.47,3,252.36,22 / 22,241229,2019-09-06 18:20:07:911,1.074,-0.8166,10.7825,0.0196,0.0184,9.8066,-0.1145,-0.0526,0.04,0.81,-30.69,23.38,50.22,-80.91,-142.11
52.393967,-1.508622,146.57,10.47,3,252.36,22 / 22,241329,2019-09-06 18:20:08:011,-1.196,-0.3262,10.4845,-0.0281,-0.0516,9.8064,-0.046,0.0578,-0.0261,0.88,-31.19,23.31,51.02,-81.02,-141.29
52.393967,-1.508622,146.57,10.47,3,252.36,22 / 22,241428,2019-09-06 18:20:08:110,0.0984,0.1601,8.9056,0.0135,-0.0165,9.8066,0.1674,0.0171,0.0076,1.38,-31.25,24.31,49.35,-80.86,-142.41
52.393967,-1.508622,146.57,10.47,3,252.36,22 / 22,241529,2019-09-06 18:20:08:211,1.2649,-0.6047,8.8462,0.0059,0.0181,9.8066,-0.0759,-0.1493,0.1302,2.31,-30.69,23.94,51.05,-80.9,-143.26
52.393967,-1.508622,146.57,10.47,3,252.36,22 / 22,241628,2019-09-06 18:20:08:310,-0.4775,1.8308,9.9812,0.0046,0.0145,9.8065,-0.1049,-0.0086,-0.0355,1.63,-30.75,24.19,52.25,-80.84,-142.27
52.393967,-1.508622,146.57,10.47,3,252.36,22 / 22,241730,2019-09-06 18:20:08:412,1.0952,0.1144,10.2324,-0.0005,0.0066,9.8066,0.1264,0.0259,-0.0924,1.56,-31.37,23.31,51.88,-81.04,-142.97
52.393967,-1.508622,146.57,10.47,3,252.36,22 / 22,241829,2019-09-06 18:20:08:511,0.9531,-1.0048,9.9996,0.0104,0.0032,9.8066,0.0487,-0.0051,-0.0312,2.06,-30.94,23.63,50.17,-80.94,-143.97
52.393967,-1.508622,146.57,10.47,3,252.36,22 / 22,241929,2019-09-06 18:20:08:611,-0.3727,0.0669,9.9272,-0.0137,-0.0128,9.8066,0.0177,-0.0019,-0.0444,1.06,-31.19,24.13,46.48,-80.7,-145.04
52.393967,-1.508622,146.57,10.47,3,252.36,22 / 22,242029,2019-09-06 18:20:08:711,-0.9127,-0.4538,10.0044,0.0079,0.0151,9.8066,0.0295,-0.0954,0.032,1.69,-31,23.31,50.08,-80.77,-144.84
52.393967,-1.508622,146.57,10.47,3,252.36,22 / 22,242129,2019-09-06 18:20:08:811,0.448,-0.3504,9.1139,0.0241,0.0032,9.8065,-0.1083,0.0357,0.0322,1.75,-30.87,23.75,48.66,-80.98,-145.23
52.393967,-1.508622,146.57,10.47,3,252.36,22 / 22,242229,2019-09-06 18:20:08:911,0.2543,0.5387,9.6338,-0.0251,-0.0022,9.8065,-0.0766,0.0196,0.0615,1.31,-30.87,23.94,46.9,-80.95,-144.43
52.393967,-1.508622,146.57,10.47,3,252.36,22 / 22,242329,2019-09-06 18:20:09:011,0.5813,1.3557,9.9086,0.0125,0.0115,9.8066,0.0056,0.0315,-0.0544,1.5,-31.12,23.38,51.32,-80.92,-143.59
52.393967,-1.508622,146.57,10.47,3,252.36,22 / 22,242428,2019-09-06 18:20:09:110,-0.5792,-0.1583,9.7284,0.0129,-0.0062,9.8066,0.1129,-0.0277,0.0161,1.56,-31,23.75,49.26,-81.06,-144.62
52.393967,-1.508622,146.57,10.47,3,252.36,22 / 22,242529,2019-09-06 18:20:09:211,0.5901,-0.4322,9.816,-0.0008,-0.0175,9.8065,0.0455,-0.1244,0.1064,2.06,-31.06,23.38,49.16,-80.95,-145.42
52.393967,-1.508622,146.57,10.47,3,252.36,22 / 22,242628,2019-09-06 18:20:09:310,-0.2424,0.2403,10.524,-0.0047,-0.0195,9.8065,-0.1729,0.1364,-0.16,2.13,-31.06,23.69,48.4,-80.88,-145.56
52.393967,-1.508622,146.57,10.47,3,252.36,22 / 22,242728,2019-09-06 18:20:09:410,0.923,-0.7593,9.744,-0.0139,0.002,9.8066,-0.0106,0.0542,-0.0967,1.44,-31.19,23.25,45.76,-81.17,-145.64
52.393967,-1.508622,146.57,10.47,3,252.36,22 / 22,242828,2019-09-06 18:20:09:510,-1.4005,0.9182,9.9559,0.0163,-0.0172,9.8066,-0.127,0.0171,0.0014,1.31,-31.25,22.56,45.1,-81.23,-146.13
52.393967,-1.508622,146.57,10.47,3,252.36,22 / 22,242929,2019-09-06 18:20:09:611,0.3914,0.4677,10.5419,-0.0041,-0.0076,9.8066,-0.0486,0.0072,-0.0933,0.88,-30.75,22.5,44.96,-81.44,-146.04
52.393967,-1.508622,146.57,10.47,3,252.36,22 / 22,243028,2019-09-06 18:20:09:710,-0.4185,-1.1884,9.4163,0.0067,0.032,9.8065,0.1137,-0.0303,0.0515,1.06,-30.75,23.19,45.05,-81.62,-145.78
52.393967,-1.508622,146.57,10.47,3,252.36,22 / 22,243129,2019-09-06 18:20:09:811,-0.9164,1.2019,11.2999,-0.0147,-0.0353,9.8066,0.0367,0.0212,-0.1714,0.69,-30.44,23.25,44.24,-81.26,-146.57
52.393967,-1.508622,146.57,10.47,3,252.36,22 / 22,243228,2019-09-06 18:20:09:910,2.7884,-2.553,10.2703,0.0167,0.0338,9.8065,0.4601,0.0517,0.0587,0.63,-30.56,24.13,44.38,-81.53,-146
52.393967,-1.508622,146.57,10.47,3,252.36,22 / 22,243328,2019-09-06 18:20:10:010,-2.662,-1.9155,10.3178,-0.0217,-0.1537,9.8054,-0.4278,0.0899,-0.1096,0.88,-31.5,23.44,43.49,-80.96,-147.79
52.393967,-1.508622,146.57,10.47,3,252.36,21 / 21,243429,2019-09-06 18:20:10:111,-1.6204,1.1323,10.2766,0.0086,-0.067,9.8064,0.0711,-0.1033,0.1313,0.94,-31.62,23.06,43.73,-81.67,-147.11
52.393967,-1.508622,146.57,10.47,3,252.36,21 / 21,243528,2019-09-06 18:20:10:210,0.3707,0.0393,9.2445,0.0183,0.0055,9.8065,-0.029,-0.0249,-0.0321,1.5,-31.44,23.69,45.94,-81.69,-146.85
52.393967,-1.508622,146.57,10.47,3,252.36,21 / 21,243629,2019-09-06 18:20:10:311,0.1577,0.3309,10.3621,0.0066,-0.0422,9.8065,-0.0569,0.0046,-0.0232,1.25,-31.62,23.5,41.27,-81.64,-148.79
52.393967,-1.508622,146.57,10.47,3,252.36,21 / 21,243729,2019-09-06 18:20:10:411,-0.0643,-0.2883,10.0454,-0.0137,-0.0242,9.8066,0.0388,0.0121,-0.0136,1.44,-31.37,23.88,39.83,-81.66,-149.77
52.393967,-1.508622,146.57,10.47,3,252.36,21 / 21,243829,2019-09-06 18:20:10:511,-0.5018,-0.5769,9.6431,0.0031,-0.0033,9.8066,-0.1262,0.0197,-0.0019,1.06,-31.19,23.69,39.93,-81.69,-149.66
52.393967,-1.508622,146.57,10.47,3,252.36,21 / 21,243928,2019-09-06 18:20:10:610,0.0778,0.5511,9.3328,0.0034,-0.001,9.8066,-0.0794,-0.0613,0.0381,1.25,-31.5,23.44,41.1,-81.69,-149.07
52.393967,-1.508622,146.57,10.47,3,252.36,21 / 21,244028,2019-09-06 18:20:10:710,0.4191,0.3777,9.815,-0.0086,0.0135,9.8066,-0.1014,0.0687,-0.0294,1.44,-30.75,24.13,41.57,-81.72,-148.23
52.393967,-1.508622,146.57,10.47,3,252.36,21 / 21,244128,2019-09-06 18:20:10:810,1.1209,-1.2845,10.8546,-0.0021,-0.0065,9.8066,0.1826,0.0676,-0.0162,1.44,-31.5,24,41.82,-81.78,-147.96
52.393967,-1.508622,146.57,10.47,3,252.36,21 / 21,244229,2019-09-06 18:20:10:911,-0.5251,-1.1087,10.1342,0.0018,-0.0077,9.8066,0.1702,-0.0475,0.0453,1.81,-31.31,24.25,43.9,-81.58,-148.73
52.393967,-1.508622,146.57,10.47,3,252.36,21 / 21,244328,2019-09-06 18:20:11:010,-1.267,-0.6578,9.5503,-0.0038,-0.0214,9.8066,-0.1118,0.0076,-0.0981,2.13,-30.75,23.81,43.01,-81.26,-149.8
52.393967,-1.508622,146.57,10.47,3,252.36,23 / 23,244428,2019-09-06 18:20:11:110,0.014,0.2303,9.2016,0.0247,0.0232,9.8065,-0.0737,-0.0504,0.0644,2,-30.94,23.63,41.89,-81.58,-150.45
52.393967,-1.508622,146.57,10.47,3,252.36,23 / 23,244528,2019-09-06 18:20:11:210,-1.0711,-0.5041,9.8085,-0.0019,0.0357,9.8065,-0.0894,0.0249,-0.0493,2.56,-31.31,23.94,46.07,-81.72,-149.04
52.393967,-1.508622,146.57,10.47,3,252.36,23 / 23,244628,2019-09-06 18:20:11:310,-0.25,-0.1271,10.0173,-0.0018,0.0052,9.8066,0.0386,-0.0063,0.0302,2.38,-30.81,24.06,45.39,-82.09,-146.93
52.393967,-1.508622,146.57,10.47,3,252.36,23 / 23,244729,2019-09-06 18:20:11:411,-0.287,-0.0057,10.0533,0.0104,-0.0202,9.8066,0.0136,-0.0554,0.0529,1.88,-31.44,23.31,45.62,-81.98,-147.37
52.393967,-1.508622,146.57,10.47,3,252.36,23 / 23,244829,2019-09-06 18:20:11:511,-0.1018,0.4014,10.9243,-0.0224,-0.0438,9.8064,0.0667,-0.0256,0.0117,2.75,-31.69,23.81,47.84,-81.74,-147.73
52.393967,-1.508622,146.57,10.47,3,252.36,23 / 23,244928,2019-09-06 18:20:11:610,-0.166,1.043,10.9043,-0.0023,-0.0152,9.8066,0.1557,0.061,-0.0499,1.94,-31.12,23.25,44.61,-81.42,-148.82
52.393967,-1.508622,146.57,10.47,3,252.36,23 / 23,245028,2019-09-06 18:20:11:710,-0.01,-0.9209,9.6022,0.0087,0.0313,9.8065,0.221,0.0292,0.001,1.69,-30.94,23.38,44.7,-81.46,-148.7
52.393967,-1.508622,146.57,10.47,3,252.36,23 / 23,245129,2019-09-06 18:20:11:811,-0.2227,-0.1,9.5033,-0.0036,-0.0257,9.8065,-0.1295,-0.0279,-0.0346,2.38,-31.56,23.88,44.34,-81.52,-148.66
52.393967,-1.508622,146.57,10.47,3,252.36,23 / 23,245229,2019-09-06 18:20:11:911,0.3558,-0.414,9.7051,0.0177,0.0061,9.8066,0.0356,0.0128,0.0018,1.5,-30.81,23.56,43.52,-81.72,-148.92
52.393967,-1.508622,146.57,10.47,3,252.36,23 / 23,245328,2019-09-06 18:20:12:010,0.011,0.4433,10.1931,0.0024,-0.0038,9.8066,0.0038,-0.0533,0.0153,1.75,-30.69,23.69,43.6,-81.89,-148.68
52.393967,-1.508622,146.57,10.47,3,252.36,21 / 21,245429,2019-09-06 18:20:12:111,-0.0795,-0.3296,10.2891,0.0171,0.012,9.8065,0.0972,0.0116,-0.0735,2,-31.19,23.38,43.51,-82.02,-149.15
52.393967,-1.508622,146.57,10.47,3,252.36,21 / 21,245529,2019-09-06 18:20:12:211,0.0962,-0.7283,11.5824,0.0123,-0.0685,9.8064,-0.0462,-0.052,-0.0425,2.06,-30.87,23.81,41.82,-82.01,-150.1
52.393967,-1.508622,146.57,10.47,3,252.36,21 / 21,245628,2019-09-06 18:20:12:310,-0.0902,-1.3752,10.2844,0.019,-0.0551,9.8064,0.1732,-0.0409,-0.0226,2.75,-30.87,23.81,39.58,-81.8,-154.55
52.393967,-1.508622,146.57,10.47,3,252.36,21 / 21,245729,2019-09-06 18:20:12:411,-0.9551,-0.6072,10.3621,-0.0062,-0.0416,9.8065,-0.1759,-0.0783,0.0695,2.5,-31.31,24.06,38.33,-81.67,-155.73
52.393967,-1.508622,146.57,10.47,3,252.36,21 / 21,245828,2019-09-06 18:20:12:510,0.0046,-0.5277,11.0597,-0.0096,0.0218,9.8066,0.0108,0.0725,-0.0712,2.31,-31,23.69,37.9,-82.03,-153.45
52.393967,-1.508622,146.57,10.47,3,252.36,21 / 21,245928,2019-09-06 18:20:12:610,1.921,0.2748,9.2827,-0.0075,-0.0033,9.8066,0.0182,-0.0692,0.1076,2.38,-30.56,22.81,38.55,-82.28,-153.15
52.393967,-1.508622,146.57,10.47,3,252.36,21 / 21,246029,2019-09-06 18:20:12:711,-0.6728,-1.3337,10.4502,-0.0141,0.0053,9.8066,0.0396,-0.0111,-0.0349,1.94,-30.75,23.19,40.59,-82.08,-151.6
52.393967,-1.508622,146.57,10.47,3,252.36,21 / 21,246129,2019-09-06 18:20:12:811,-0.5724,0.1257,10.5028,-0.0135,-0.004,9.8066,0.1267,-0.0003,0.1016,2.06,-31.06,23.69,40.22,-81.95,-151.53
52.393967,-1.508622,146.57,10.47,3,252.36,21 / 21,246228,2019-09-06 18:20:12:910,1.8138,0.5682,9.1867,-0.0012,0.0132,9.8066,-0.062,0.086,-0.1265,1.88,-30.94,23.69,41.32,-81.84,-150.69
52.393967,-1.508622,146.57,10.47,3,252.36,21 / 21,246329,2019-09-06 18:20:13:011,-0.6501,0.3325,9.9444,-0.0181,0.0125,9.8065,-0.0143,-0.1112,0.1257,1.63,-31.19,23,43.2,-81.85,-149.58
52.393967,-1.508622,146.57,10.47,3,252.36,21 / 21,246429,2019-09-06 18:20:13:111,-0.3689,-0.8056,9.4337,-0.0044,0.0249,9.8066,-0.0082,0.0232,-0.0602,1.69,-31.44,23.44,45.58,-81.88,-147.5
52.393967,-1.508622,146.57,10.47,3,252.36,21 / 21,246529,2019-09-06 18:20:13:211,1.2571,-0.8511,9.5706,0.0008,0.0162,9.8066,-0.043,-0.0323,0.0656,1.69,-31.62,23.56,44.99,-82.16,-147.44
52.393967,-1.508622,146.57,10.47,3,252.36,21 / 21,246628,2019-09-06 18:20:13:310,0.2732,1.7552,11.3603,-0.0129,0.0091,9.8066,-0.0181,0.0169,0.0075,1.13,-31.5,23.5,43.89,-82.08,-145.88
52.393967,-1.508622,146.57,10.47,3,252.36,21 / 21,246729,2019-09-06 18:20:13:411,0.2409,0.5998,9.747,0.0177,0.0155,9.8065,0.3748,-0.028,0.0576,2.19,-30.94,23.13,46.88,-82.02,-146.23
52.393967,-1.508622,146.57,10.47,3,252.36,21 / 21,246828,2019-09-06 18:20:13:510,0.8669,0.541,10.1438,0.0217,0.0801,9.8062,0.2771,-0.0437,-0.0102,1.38,-31.75,23.25,44.21,-82.27,-146.06
52.393967,-1.508622,146.57,10.47,3,252.36,21 / 21,246929,2019-09-06 18:20:13:611,-1.1862,0.4837,10.0732,0.0009,-0.0221,9.8066,0.0789,-0.0047,0.0642,1.81,-31.44,23.69,46.46,-82.28,-145.8
52.393967,-1.508622,146.57,10.47,3,252.36,21 / 21,247028,2019-09-06 18:20:13:710,0.66,0.1765,10.7891,0.0105,0.0035,9.8066,0.0798,0.023,-0.0225,1.56,-31.56,23.31,47.3,-82.5,-145.59
52.393967,-1.508622,146.57,10.47,3,252.36,21 / 21,247128,2019-09-06 18:20:13:810,0.5788,0.5028,10.3702,0.0048,-0.0147,9.8065,0.1523,-0.0094,0.012,1.63,-31.06,23,46.14,-82.37,-146.5
52.393967,-1.508622,146.57,10.47,3,252.36,21 / 21,247229,2019-09-06 18:20:13:911,-0.6538,-0.7858,12.1706,-0.0139,-0.0279,9.8066,-0.1149,0.0004,0.0168,1.81,-30.44,23.88,44.47,-82.09,-147.49
52.393967,-1.508622,146.57,10.47,3,252.36,21 / 21,247328,2019-09-06 18:20:14:010,0.321,-1.6063,9.3803,-0.0255,-0.0901,9.8061,-0.1486,0.1241,-0.1664,1.88,-30.87,23.38,44.91,-82.1,-147.86
52.393967,-1.508622,146.57,10.47,3,252.36,21 / 22,247429,2019-09-06 18:20:14:111,0.3282,0.1581,8.9631,-0.0034,-0.033,9.8065,0.0273,-0.004,0.0916,2,-30.94,23.69,42.52,-81.74,-149.75
52.393967,-1.508622,146.57,10.47,3,252.36,21 / 22,247528,2019-09-06 18:20:14:210,0.2791,0.5102,9.8362,-0.0237,0.0285,9.8066,-0.0832,0.0638,-0.0823,1.31,-31.44,23.44,44.62,-81.96,-145.79
52.393967,-1.508622,146.57,10.47,3,252.36,21 / 22,247628,2019-09-06 18:20:14:310,0.6222,0.7233,9.8477,0.0093,0.007,9.8066,0.0401,0.0473,-0.0031,1.56,-31.44,23.06,48.08,-82.16,-145.03
52.393967,-1.508622,146.57,10.47,3,252.36,21 / 22,247729,2019-09-06 18:20:14:411,1.7939,2.1213,10.841,-0.0113,-0.0099,9.8066,0.0343,0.1166,-0.0134,1.44,-31.25,23.63,43.54,-82.05,-146.22
52.393967,-1.508622,146.57,10.47,3,252.36,21 / 22,247828,2019-09-06 18:20:14:510,0.5507,0.2084,9.4176,-0.0052,-0.0473,9.8065,-0.1887,0.1357,-0.0872,2.13,-31.25,24.06,43.98,-81.48,-148.75
52.393967,-1.508622,146.57,10.47,3,252.36,21 / 22,247929,2019-09-06 18:20:14:611,0.322,0.0089,8.0861,-0.0018,0.0463,9.8065,-0.0337,0.0377,0.0184,1.19,-30.87,24.38,38.5,-81.36,-151.17
52.393967,-1.508622,146.57,10.47,3,252.36,21 / 22,248029,2019-09-06 18:20:14:711,-0.3854,0.3882,8.9145,-0.0135,0.0698,9.8064,-0.1774,0.142,-0.0475,1.38,-31.19,23.81,42.71,-81.74,-147.23
52.393967,-1.508622,146.57,10.47,3,252.36,21 / 22,248128,2019-09-06 18:20:14:810,0.362,0.9422,9.8025,0.0197,0.0331,9.8065,0.0403,-0.0005,-0.0012,1.88,-31.19,23,46.53,-82.59,-145.94
52.393967,-1.508622,146.57,10.47,3,252.36,21 / 22,248228,2019-09-06 18:20:14:910,0.1882,1.2334,10.4487,-0.0079,-0.0136,9.8065,0.0849,-0.0345,-0.0581,1.56,-31.25,23.38,46.49,-82.52,-146.04
52.393967,-1.508622,146.57,10.47,3,252.36,21 / 22,248329,2019-09-06 18:20:15:011,1.6798,0.863,10.9732,-0.0086,-0.0564,9.8064,0.2479,-0.155,0.1304,1.56,-30.69,24.19,43.29,-82.05,-148.79
52.393658,-1.510011,146.77,11.43,2,247.97,21 / 21,248429,2019-09-06 18:20:15:111,-0.4,0.1499,9.3603,-0.0037,0.0034,9.8066,0.2036,0.035,-0.027,1,-30.94,24.25,40.66,-81.87,-148.87
52.393658,-1.510011,146.77,11.43,2,247.97,21 / 21,248528,2019-09-06 18:20:15:210,1.5096,-0.2627,9.3028,-0.0014,0.0053,9.8066,-0.0595,0.1262,-0.0648,1.44,-30.19,23.88,40.68,-81.71,-148.77
52.393658,-1.510011,146.77,11.43,2,247.97,21 / 21,248628,2019-09-06 18:20:15:310,-0.1244,0.6192,8.7759,-0.0005,0.0374,9.8065,-0.0172,0.0386,-0.0334,0.81,-29.81,23.5,41.55,-82.24,-147.54
52.393658,-1.510011,146.77,11.43,2,247.97,21 / 21,248729,2019-09-06 18:20:15:411,0.4716,2.1348,9.541,-0.0027,0.0222,9.8066,-0.1052,-0.0637,0.0807,1,-30.06,23.69,43.17,-82.4,-145.99
52.393658,-1.510011,146.77,11.43,2,247.97,21 / 21,248828,2019-09-06 18:20:15:510,-0.8816,0.8741,9.8287,0.0086,0.0157,9.8066,0.0851,0.0298,-0.0214,0.81,-29.56,23.88,44.57,-82.46,-144.69
52.393658,-1.510011,146.77,11.43,2,247.97,21 / 21,248929,2019-09-06 18:20:15:611,0.931,-1.0665,9.9818,0.0003,-0.0121,9.8066,0.0843,-0.0125,0.0386,1.19,-30.25,23.5,43.2,-82.48,-145.89
52.393658,-1.510011,146.77,11.43,2,247.97,21 / 21,249029,2019-09-06 18:20:15:711,-0.6857,0.0553,10.0806,-0.0041,-0.0093,9.8066,0.0321,-0.0211,0.0286,1.06,-30.5,24,43.24,-82.18,-146.13
52.393658,-1.510011,146.77,11.43,2,247.97,21 / 21,249129,2019-09-06 18:20:15:811,-0.9248,0.2855,9.8417,-0.0024,0.0145,9.8066,0.0304,0.0029,0.0397,1.56,-30.31,22.88,46.95,-82.18,-145.74
52.393658,-1.510011,146.77,11.43,2,247.97,21 / 21,249228,2019-09-06 18:20:15:910,0.3845,0.5948,9.7784,0.0154,0.0077,9.8066,-0.0398,0.0128,-0.0136,2.19,-30.81,23.63,46.35,-82.4,-145.77
52.393658,-1.510011,146.77,11.43,2,247.97,21 / 21,249328,2019-09-06 18:20:16:010,1.602,-1.2223,11.2257,0.008,0.0037,9.8066,0.0062,0.0261,0.028,1.88,-30.87,23.81,46.19,-82.53,-145.78
52.393658,-1.510011,146.77,11.43,2,247.97,22 / 22,249429,2019-09-06 18:20:16:111,-2.2784,-1.8695,9.5403,-0.02,-0.1177,9.8059,-0.0248,-0.0617,-0.0047,1.75,-31.19,24.44,48.11,-82.64,-143.98
52.393658,-1.510011,146.77,11.43,2,247.97,22 / 22,249528,2019-09-06 18:20:16:210,0.5383,-1.5027,11.0139,0.0009,-0.0757,9.8063,-0.2198,-0.0225,-0.0597,1.88,-30.81,23.19,45.07,-82.26,-147.55
52.393658,-1.510011,146.77,11.43,2,247.97,22 / 22,249628,2019-09-06 18:20:16:310,0.2749,-0.6469,10.9281,0.017,-0.0056,9.8066,0,-0.02,0.0101,2.19,-30.56,23.13,43.47,-82.43,-148.77
52.393658,-1.510011,146.77,11.43,2,247.97,22 / 22,249729,2019-09-06 18:20:16:411,0.7054,-0.1098,9.5038,0.0081,0.0042,9.8066,-0.0362,-0.0103,0.0403,1.63,-30.81,24,42.39,-82.44,-149.21
52.393658,-1.510011,146.77,11.43,2,247.97,22 / 22,249829,2019-09-06 18:20:16:511,0.4458,0.2961,9.4806,0.0014,0.0218,9.8066,0.0027,-0.025,0.0198,1.44,-31.06,23.94,40.12,-82.35,-148.9
52.393658,-1.510011,146.77,11.43,2,247.97,22 / 22,249929,2019-09-06 18:20:16:611,0.6846,1.0888,9.3669,0.0083,0.0304,9.8065,0.0139,-0.0345,0.0261,1.44,-31.5,24.06,40.38,-82.38,-148.65
52.393658,-1.510011,146.77,11.43,2,247.97,22 / 22,250029,2019-09-06 18:20:16:711,-0.1631,0.1068,9.6287,-0.0035,0.0145,9.8066,-0.0162,0.0568,0.0055,1.56,-31,23.63,44.21,-82.31,-147.74
52.393658,-1.510011,146.77,11.43,2,247.97,22 / 22,250129,2019-09-06 18:20:16:811,0.7391,0.3783,10.1773,-0.0045,-0.0083,9.8066,0.0023,0.0332,-0.0213,1.38,-30.81,23.81,42.38,-82.4,-146.89
52.393658,-1.510011,146.77,11.43,2,247.97,22 / 22,250228,2019-09-06 18:20:16:910,0.2328,0.8257,10.5813,-0.0047,-0.0304,9.8066,0.0903,0.0195,-0.0005,1.63,-31.25,24,44.56,-82.14,-147.6
52.393658,-1.510011,146.77,11.43,2,247.97,22 / 22,250329,2019-09-06 18:20:17:011,-0.0187,0.1514,10.4359,-0.0139,-0.0164,9.8066,0.2019,0.0352,-0.0359,0.88,-30.87,24.19,41.83,-81.99,-147.75
52.393658,-1.510011,146.77,11.43,2,247.97,22 / 22,250429,2019-09-06 18:20:17:111,-0.3944,0.615,9.7384,0.0098,-0.0334,9.8066,-0.0721,-0.0439,0.0108,1.19,-31.25,24.81,39.05,-81.85,-149.9
52.393658,-1.510011,146.77,11.43,2,247.97,22 / 22,250529,2019-09-06 18:20:17:211,-0.8688,0.6744,9.4487,-0.0049,0.0428,9.8065,0.0233,0.0432,-0.0352,0.94,-31.94,23.44,41.77,-82.07,-148.37
52.393658,-1.510011,146.77,11.43,2,247.97,22 / 22,250629,2019-09-06 18:20:17:311,0.5678,0.7713,8.6909,0.0204,0.0592,9.8064,0.0753,0.0487,-0.0082,1.25,-31.37,24.06,41.27,-82.39,-147.86
52.393658,-1.510011,146.77,11.43,2,247.97,22 / 22,250729,2019-09-06 18:20:17:411,1.2622,1.4964,10.3704,0.0046,0.0172,9.8066,0.0555,0.0481,-0.0011,1.69,-31.12,23.38,44.81,-82.53,-147.5
52.393658,-1.510011,146.77,11.43,2,247.97,22 / 22,250829,2019-09-06 18:20:17:511,0.475,1.3778,9.4147,0.002,-0.0005,9.8066,-0.0495,0.004,-0.0183,1.44,-31.75,23.31,43.01,-82.66,-146.7
52.393658,-1.510011,146.77,11.43,2,247.97,22 / 22,250929,2019-09-06 18:20:17:611,-0.9313,-1.0759,10.121,-0.0164,-0.0239,9.8066,-0.0099,0.0306,-0.0359,2.06,-31.19,24.13,44.13,-82.44,-147.69
52.393658,-1.510011,146.77,11.43,2,247.97,22 / 22,251029,2019-09-06 18:20:17:711,-0.1371,1.6002,9.6906,0.0046,-0.0139,9.8066,0.013,0.1153,-0.0317,1.44,-31.25,23.81,40.51,-82.41,-148.51
52.393658,-1.510011,146.77,11.43,2,247.97,22 / 22,251129,2019-09-06 18:20:17:811,0.3628,0.0343,10.314,-0.0077,-0.0021,9.8066,0.0326,0.0334,0.0664,1.56,-31.5,24.31,43.85,-82.28,-148.09
52.393658,-1.510011,146.77,11.43,2,247.97,22 / 22,251228,2019-09-06 18:20:17:910,1.0643,1.2332,8.9807,0.0014,-0.0287,9.8066,-0.1704,0.008,-0.0531,1.94,-31.44,24,43.65,-82.32,-148.23
52.393658,-1.510011,146.77,11.43,2,247.97,22 / 22,251328,2019-09-06 18:20:18:010,0.1534,1.8502,10.1807,-0.0038,0.008,9.8066,-0.0834,-0.0345,-0.0244,1.94,-31.37,23.81,42.96,-82.58,-148.58
52.393658,-1.510011,146.77,11.43,2,247.97,21 / 21,251429,2019-09-06 18:20:18:111,1.6356,1.3579,10.2606,0.0158,0.0022,9.8066,0.1237,-0.0014,0.0855,2.06,-30.75,23.44,43.12,-82.76,-148.75
52.393658,-1.510011,146.77,11.43,2,247.97,21 / 21,251528,2019-09-06 18:20:18:210,-0.3952,0.1542,9.3641,-0.0052,-0.0272,9.8065,0.1535,-0.0293,0.0398,1.31,-31.56,24.19,39.69,-82.65,-149.2
52.393658,-1.510011,146.77,11.43,2,247.97,21 / 21,251629,2019-09-06 18:20:18:311,0.5618,-0.0337,8.7892,0.0073,0.0437,9.8065,-0.0562,-0.0589,-0.0093,1.88,-31.12,23.69,43.09,-82.91,-148.15
52.393658,-1.510011,146.77,11.43,2,247.97,21 / 21,251729,2019-09-06 18:20:18:411,-0.559,0.9876,9.271,-0.017,0.0307,9.8065,-0.0221,0.0686,0.0254,1,-31.31,23.19,44.41,-83.13,-144.77
52.393658,-1.510011,146.77,11.43,2,247.97,21 / 21,251828,2019-09-06 18:20:18:510,-0.2736,3.0413,10.0499,0.0007,0.0075,9.8066,-0.0826,-0.0153,0.0528,1.31,-31.25,23.56,45.65,-83.31,-143.13
52.393658,-1.510011,146.77,11.43,2,247.97,21 / 21,251928,2019-09-06 18:20:18:610,0.8286,0.4321,9.8665,0.0048,-0.0319,9.8065,0.0437,0.0666,-0.1308,1.63,-32,23.44,49.29,-83.23,-143.02
52.393658,-1.510011,146.77,11.43,2,247.97,21 / 21,252028,2019-09-06 18:20:18:710,0.5035,1.2791,9.8879,-0.0164,-0.0337,9.8066,0.0849,0.0217,0.0508,1.19,-31.62,23.63,44.34,-82.87,-144.93
52.393658,-1.510011,146.77,11.43,2,247.97,21 / 21,252129,2019-09-06 18:20:18:811,0.5451,1.1067,9.4493,0.0064,0.0268,9.8066,-0.045,0.0304,0.0485,1.31,-31.87,23.31,44.84,-82.79,-144.98
52.393658,-1.510011,146.77,11.43,2,247.97,21 / 21,252229,2019-09-06 18:20:18:911,0.3739,-0.7391,9.5063,0.0116,0.0327,9.8066,-0.0465,0.0161,-0.0575,1.38,-31.31,24.25,43.93,-82.89,-145.06
52.393658,-1.510011,146.77,11.43,2,247.97,21 / 21,252330,2019-09-06 18:20:19:012,-0.1955,0.3091,10.1177,-0.0076,-0.0182,9.8066,-0.0132,-0.0065,-0.0062,1.13,-31.44,23.69,43.94,-82.87,-145.07
52.393658,-1.510011,146.77,11.43,2,247.97,21 / 22,252428,2019-09-06 18:20:19:110,1.0454,0.6595,9.2964,-0.0053,-0.0088,9.8065,-0.0588,-0.0233,0.0679,0.69,-31.37,23.56,44.76,-82.95,-144.27
52.393658,-1.510011,146.77,11.43,2,247.97,21 / 22,252529,2019-09-06 18:20:19:211,0.7213,1.1977,9.4771,0.0003,0.0378,9.8065,0.1551,-0.0186,0.0372,1.5,-31.31,22.75,47.84,-82.93,-144.41
52.393658,-1.510011,146.77,11.43,2,247.97,21 / 22,252628,2019-09-06 18:20:19:310,-0.2341,1.3684,9.453,-0.0044,0.0314,9.8066,0.0678,-0.0104,0.0204,0.88,-31.31,24.31,46.59,-82.96,-142.64
52.393658,-1.510011,146.77,11.43,2,247.97,21 / 22,252729,2019-09-06 18:20:19:411,0.4413,1.3299,9.5674,-0.0008,0.0194,9.8066,0.0292,-0.0003,0.0143,1.38,-31.25,23.44,48.02,-83,-141.72
52.393658,-1.510011,146.77,11.43,2,247.97,21 / 22,252829,2019-09-06 18:20:19:511,0.09,0.9236,9.919,0.0007,0.0356,9.8066,-0.0486,0.0128,0.0097,1.06,-31.81,23.88,49.29,-83.06,-140.34
52.393658,-1.510011,146.77,11.43,2,247.97,21 / 22,252929,2019-09-06 18:20:19:611,0.1619,1.9789,10.0092,-0.0028,-0.009,9.8065,0.0044,0.0158,0.0198,1.13,-31.06,23.69,50.4,-83.05,-139.13
52.393658,-1.510011,146.77,11.43,2,247.97,21 / 22,253029,2019-09-06 18:20:19:711,0.3491,1.9687,9.4369,-0.0016,-0.0112,9.8065,-0.0547,-0.0213,0.0057,0.75,-31.62,23.56,51.35,-83.07,-138.48
52.393658,-1.510011,146.77,11.43,2,247.97,21 / 22,253128,2019-09-06 18:20:19:810,0.3788,0.7518,9.5284,0,0.0101,9.8065,-0.0223,-0.0039,0.0172,1.31,-32.12,23.25,51.95,-83.12,-138.31
52.393658,-1.510011,146.77,11.43,2,247.97,21 / 22,253228,2019-09-06 18:20:19:910,0.335,1.203,9.9277,-0.0042,-0.0018,9.8066,0.0362,0.0244,-0.0204,0.63,-31.56,22.88,52.46,-83.09,-137.89
52.393658,-1.510011,146.77,11.43,2,247.97,21 / 22,253329,2019-09-06 18:20:20:011,0.0912,0.7009,9.9309,0.0066,0.0176,9.8066,-0.0006,-0.0457,0.0215,0.81,-31.37,23.13,52.53,-83.21,-137.45
52.393658,-1.510011,146.77,11.43,2,247.97,21 / 21,253428,2019-09-06 18:20:20:110,-0.162,1.1434,9.9136,0.0116,0.0102,9.8065,0.0149,0.0422,-0.0387,0.75,-32,23.5,51.55,-83.25,-138.11
52.393658,-1.510011,146.77,11.43,2,247.97,21 / 21,253528,2019-09-06 18:20:20:210,0.625,0.5718,9.744,-0.0009,-0.0093,9.8066,0.0381,-0.0165,0.0302,1,-31.12,22.94,51.22,-83.15,-138.69
52.393658,-1.510011,146.77,11.43,2,247.97,21 / 21,253629,2019-09-06 18:20:20:311,-0.1045,1.7586,9.5917,-0.0111,-0.01,9.8065,-0.0636,-0.0343,-0.0036,0.13,-31.44,23.5,48.66,-83.08,-138.28
52.393658,-1.510011,146.77,11.43,2,247.97,21 / 21,253728,2019-09-06 18:20:20:410,0.5391,0.8401,9.6056,0.0015,0.0176,9.8066,-0.0461,0.022,-0.0101,0.38,-31.19,22.94,48.82,-83.08,-138.45
52.393658,-1.510011,146.77,11.43,2,247.97,21 / 21,253829,2019-09-06 18:20:20:511,0.2386,0.7442,9.5869,-0.0065,0.0186,9.8066,-0.0191,-0.0037,0.0188,0.25,-30.81,23.06,50.53,-83.11,-136.88
52.393658,-1.510011,146.77,11.43,2,247.97,21 / 21,253929,2019-09-06 18:20:20:611,0.5841,0.8307,9.6122,0.0004,-0.0046,9.8066,0.0008,0.0175,0.0018,0.31,-30.81,23.06,50.44,-83.15,-136.91
52.393658,-1.510011,146.77,11.43,2,247.97,21 / 21,254029,2019-09-06 18:20:20:711,-0.3969,0.6528,9.8575,0.0039,0.0021,9.8066,-0.0275,0.0107,-0.0299,0,-30.87,23.25,50.64,-83.25,-136.62
52.393658,-1.510011,146.77,11.43,2,247.97,21 / 21,254128,2019-09-06 18:20:20:810,0.3333,1.505,9.9398,0.0115,0.012,9.8066,-0.0265,0.006,-0.0541,0.13,-31.44,22.31,51.36,-83.45,-136.06
52.393658,-1.510011,146.77,11.43,2,247.97,21 / 21,254228,2019-09-06 18:20:20:910,-0.4513,1.1459,9.8549,-0.0043,0.0072,9.8066,-0.0401,-0.0157,0.0599,1,-31.12,22.94,54.36,-83.51,-135.45
52.393658,-1.510011,146.77,11.43,2,247.97,21 / 21,254328,2019-09-06 18:20:21:010,0.1768,1.3281,10.1118,0.0098,0.0037,9.8066,-0.0291,0.0299,-0.0166,0.31,-31.75,23.19,52.14,-83.53,-135.18
52.393658,-1.510011,146.77,11.43,2,247.97,21 / 21,254428,2019-09-06 18:20:21:110,-0.1539,0.8605,9.6443,0.0091,0.001,9.8066,0.0329,0.018,-0.048,0.38,-31.37,23.31,50.65,-83.64,-136.17
52.393658,-1.510011,146.77,11.43,2,247.97,21 / 21,254529,2019-09-06 18:20:21:211,0.2125,1.0157,9.6897,-0.0058,-0.0102,9.8066,0.0178,0.006,0.024,-0.19,-31.69,24.06,50.71,-83.53,-136.17
52.393658,-1.510011,146.77,11.43,2,247.97,21 / 21,254628,2019-09-06 18:20:21:310,0.1739,0.8153,9.6959,-0.0022,0.0007,9.8066,0.0018,-0.0478,0.0487,0.19,-31.69,23.94,51.32,-83.55,-135.6
52.393658,-1.510011,146.77,11.43,2,247.97,21 / 21,254729,2019-09-06 18:20:21:411,-1.0411,0.7593,10.0422,0.006,0.0189,9.8066,-0.0178,0.0305,-0.0662,0.19,-31.62,23.75,51.47,-83.63,-135.37
52.393658,-1.510011,146.77,11.43,2,247.97,21 / 21,254828,2019-09-06 18:20:21:510,0.7758,0.5885,10.004,0.0122,0.0123,9.8066,-0.0137,0.053,-0.0391,0.69,-32.06,23.19,55.25,-83.88,-134.42
52.393658,-1.510011,146.77,11.43,2,247.97,21 / 21,254929,2019-09-06 18:20:21:611,-0.3317,0.3268,9.5057,0.0024,-0.0087,9.8066,0.0523,-0.0173,0.0396,0.88,-31.81,24.31,54.21,-83.95,-134.89
52.393658,-1.510011,146.77,11.43,2,247.97,21 / 21,255029,2019-09-06 18:20:21:711,0.4997,0.4428,9.54,0.0064,-0.007,9.8066,-0.0231,-0.0404,-0.0172,1,-31.31,24.13,53.35,-83.98,-135.44
52.393658,-1.510011,146.77,11.43,2,247.97,21 / 21,255129,2019-09-06 18:20:21:811,0.5177,0.5984,9.9704,0.0059,0.0063,9.8066,-0.0251,-0.0351,0.0118,0.63,-31.37,23.94,52.31,-84.11,-136.26
52.393658,-1.510011,146.77,11.43,2,247.97,21 / 21,255229,2019-09-06 18:20:21:911,-0.6347,1.4162,9.9413,-0.0013,0.012,9.8066,-0.0028,-0.001,-0.0169,1.13,-30.87,24.06,52.54,-84.11,-136.05
52.393658,-1.510011,146.77,11.43,2,247.97,21 / 21,255329,2019-09-06 18:20:22:011,0.0722,0.4788,10.1943,0.0102,0.0042,9.8066,-0.0096,0.0029,-0.0065,1,-31.25,24.44,51.95,-84.15,-136.55
52.393658,-1.510011,146.77,11.43,2,247.97,21 / 21,255429,2019-09-06 18:20:22:111,0.376,1.0361,9.7967,0.0025,-0.0027,9.8066,-0.078,0.0316,0.0128,1.38,-31.25,24,51.54,-84.28,-136.78
52.393658,-1.510011,146.77,11.43,2,247.97,21 / 21,255528,2019-09-06 18:20:22:210,0.2345,0.4726,10.0337,-0.0001,0.0151,9.8065,-0.0241,0.0243,0.0322,1.56,-30.56,23.81,55.79,-84.33,-135.16
52.393658,-1.510011,146.77,11.43,2,247.97,21 / 21,255629,2019-09-06 18:20:22:311,-0.1707,0.4143,9.5171,0.0084,0.0164,9.8066,0.0045,0.0525,-0.0317,1.25,-31.62,23.63,53.45,-84.38,-135.11
52.393658,-1.510011,146.77,11.43,2,247.97,21 / 21,255729,2019-09-06 18:20:22:411,0.1318,0.0271,9.9198,-0.0036,-0.0017,9.8066,0.0251,-0.0165,0.0415,1.81,-30.81,24,56.15,-84.36,-134.79
52.393658,-1.510011,146.77,11.43,2,247.97,21 / 21,255829,2019-09-06 18:20:22:511,0.968,-0.102,9.9487,0.0078,-0.0027,9.8065,-0.0111,0.0537,-0.04,1.25,-30.75,23.25,53.22,-84.44,-135.42
52.393658,-1.510011,146.77,11.43,2,247.97,21 / 21,255929,2019-09-06 18:20:22:611,1.0259,0.3607,9.7644,0.0044,0.0051,9.8066,-0.0284,0.0249,0.0118,1.81,-30.56,23.56,55.34,-84.5,-135.39
52.393658,-1.510011,146.77,11.43,2,247.97,21 / 21,256029,2019-09-06 18:20:22:711,1.1972,0.0325,9.6519,0.0139,0.0026,9.8066,0.0136,0.095,-0.0471,0.81,-31.31,23.75,51.86,-84.65,-136.09
52.393658,-1.510011,146.77,11.43,2,247.97,21 / 21,256129,2019-09-06 18:20:22:811,1.0919,0.7919,9.802,0.0143,0.0124,9.8066,-0.0434,0.0885,-0.0121,1.38,-31.06,23.94,50.9,-84.94,-136.68
52.393658,-1.510011,146.77,11.43,2,247.97,21 / 21,256229,2019-09-06 18:20:22:911,0.9746,0.3677,10.0832,0.0054,0.0157,9.8066,0.001,0.178,-0.0471,0.75,-30.75,24.25,50.74,-85.09,-136.67
52.393658,-1.510011,146.77,11.43,2,247.97,21 / 21,256329,2019-09-06 18:20:23:011,0.7046,2.5177,8.3845,0.0067,-0.0144,9.8065,0.0036,0.1491,-0.0037,1.5,-31.62,24.25,51.99,-85.17,-137.94
52.393658,-1.510011,146.77,11.43,2,247.97,21 / 21,256428,2019-09-06 18:20:23:110,2.6573,1.0568,9.0603,-0.0079,-0.049,9.8065,0.1188,0.1717,0.0026,1.38,-31.06,24.25,47.9,-85.21,-139.18
52.393658,-1.510011,146.77,11.43,2,247.97,21 / 21,256529,2019-09-06 18:20:23:211,3.2609,0.7546,9.7848,0.0075,0.0425,9.8065,0.1984,0.1626,0.0171,1.13,-31.19,25.13,46.17,-85.38,-140.35
52.393658,-1.510011,146.77,11.43,2,247.97,21 / 21,256628,2019-09-06 18:20:23:310,2.2749,0.7468,10.0407,0.0121,0.0356,9.8065,0.1042,0.337,-0.0661,0.5,-30.87,25.06,46.11,-85.56,-140.24
52.393658,-1.510011,146.77,11.43,2,247.97,21 / 21,256729,2019-09-06 18:20:23:411,2.6787,-0.7687,10.0529,0.0159,-0.0052,9.8065,0.1169,0.1249,0.0021,0.88,-30.44,25.75,45.85,-85.54,-140.14
52.393658,-1.510011,146.77,11.43,2,247.97,21 / 21,256829,2019-09-06 18:20:23:511,1.4957,-0.6351,9.6753,-0.0053,0.0497,9.8065,0.1314,0.1886,0.0623,0.31,-30.37,26.81,43.77,-85.62,-139.68
52.393658,-1.510011,146.77,11.43,2,247.97,21 / 21,256929,2019-09-06 18:20:23:611,2.835,-0.4929,9.5568,-0.0108,-0.0052,9.8066,0.0897,0.3378,-0.0128,-0.56,-30.06,26.44,40.84,-85.49,-140.45
52.393658,-1.510011,146.77,11.43,2,247.97,21 / 21,257029,2019-09-06 18:20:23:711,1.0507,0.3646,10.4478,-0.0047,0.0166,9.8066,0.023,0.3161,-0.0453,-0.75,-30.69,27.19,43.25,-85.51,-138.25
52.393658,-1.510011,146.77,11.43,2,247.97,21 / 21,257128,2019-09-06 18:20:23:810,2.1473,-0.4516,10.0171,0.0015,-0.0169,9.8065,0.1,0.2568,0.001,-0.81,-30.62,27.25,44.25,-85.61,-137.23
52.393658,-1.510011,146.77,11.43,2,247.97,21 / 21,257228,2019-09-06 18:20:23:910,1.8589,0.074,9.7903,-0.0204,-0.0161,9.8066,-0.0411,0.2693,0.0477,-1.37,-30.37,27.31,44.59,-85.42,-136.96
52.393658,-1.510011,146.77,11.43,2,247.97,21 / 21,257328,2019-09-06 18:20:24:010,1.9985,0.3825,9.9204,0.0021,-0.0165,9.8066,0.0416,0.3345,-0.0369,-1.69,-30.62,28.13,42.85,-85.24,-136.74
52.393345,-1.511139,146.77,6.94,3,226.11,21 / 21,257429,2019-09-06 18:20:24:111,1.2477,-0.1626,10.3941,0.0131,-0.0273,9.8066,0.0028,0.2569,-0.0161,-2,-30.62,28,41.15,-85.21,-138.35
52.393345,-1.511139,146.77,6.94,3,226.11,21 / 21,257529,2019-09-06 18:20:24:211,1.9036,0.5383,10.2521,-0.0053,0.0035,9.8066,0.0005,0.2724,-0.0089,-2.81,-30.37,29.13,39.38,-85.3,-137.88
52.393345,-1.511139,146.77,6.94,3,226.11,21 / 21,257628,2019-09-06 18:20:24:310,1.4871,1.0049,9.6564,-0.0092,-0.0017,9.8066,-0.0391,0.2722,0.0213,-3,-30.75,29.69,40.05,-85.21,-137.51
52.393345,-1.511139,146.77,6.94,3,226.11,21 / 21,257728,2019-09-06 18:20:24:410,0.6836,0.1174,9.231,-0.0012,0.022,9.8065,0.04,0.2845,-0.0364,-3.56,-30.94,30,39.33,-85.15,-136.32
52.393345,-1.511139,146.77,6.94,3,226.11,21 / 21,257828,2019-09-06 18:20:24:510,0.8504,-1.1353,9.8504,0.0115,0.0111,9.8066,-0.0009,0.2252,-0.0236,-3.75,-30.5,30.44,37.66,-85.2,-137.75
52.393345,-1.511139,146.77,6.94,3,226.11,21 / 21,257928,2019-09-06 18:20:24:610,0.6538,-0.1352,10.2008,0.0191,0.0105,9.8066,-0.0327,0.2037,-0.0532,-4,-31.81,30.06,37.19,-85.39,-138.25
52.393345,-1.511139,146.77,6.94,3,226.11,21 / 21,258029,2019-09-06 18:20:24:711,0.4134,0.8442,10.1654,0.0136,0.0234,9.8065,-0.0239,0.1647,-0.0327,-4.06,-31.44,30.44,35.79,-85.79,-139.21
52.393345,-1.511139,146.77,6.94,3,226.11,21 / 21,258129,2019-09-06 18:20:24:811,0.1659,0.4254,10.0405,0.02,0.0044,9.8065,0.0862,0.1529,-0.0578,-3.87,-30.75,31.25,32.21,-86.08,-142.57
52.393345,-1.511139,146.77,6.94,3,226.11,21 / 21,258228,2019-09-06 18:20:24:910,0.3517,0.0084,9.772,0.0112,-0.0028,9.8066,0.065,0.119,-0.0474,-3.81,-31.5,31.13,28.32,-86.06,-146.24
52.393345,-1.511139,146.77,6.94,3,226.11,21 / 21,258329,2019-09-06 18:20:25:011,-0.3253,-0.5266,9.5772,0.0081,-0.0202,9.8066,0.041,0.07,-0.0116,-3.69,-30.44,31.75,24.35,-85.85,-150.17
52.393345,-1.511139,146.77,6.94,3,226.11,21 / 21,258429,2019-09-06 18:20:25:111,-0.4933,-0.6914,9.7886,0.0167,-0.0173,9.8065,-0.0013,0.0517,-0.0621,-3.31,-31.19,32.38,23.79,-85.81,-152.55
52.393345,-1.511139,146.77,6.94,3,226.11,21 / 21,258528,2019-09-06 18:20:25:210,-0.3279,-0.3552,9.7495,0.0262,0.0073,9.8066,-0.0658,-0.0124,-0.043,-3,-31,31.25,19.47,-86.05,-156.36
52.393345,-1.511139,146.77,6.94,3,226.11,21 / 21,258629,2019-09-06 18:20:25:311,-0.6641,-0.2159,9.7717,0.0167,0.0059,9.8066,-0.0703,-0.0389,-0.0458,-2.87,-30.37,32.31,15.01,-86.32,-160.55
52.393345,-1.511139,146.77,6.94,3,226.11,21 / 21,258729,2019-09-06 18:20:25:411,-1.3714,0.1342,9.541,0.0124,0.0304,9.8066,0.0498,-0.1182,-0.0104,-2.62,-31.06,31.56,12.21,-86.73,-163.12
52.393345,-1.511139,146.77,6.94,3,226.11,21 / 21,258828,2019-09-06 18:20:25:510,-2.1445,-0.3888,9.517,0.0119,0.0316,9.8065,-0.0061,-0.1371,-0.0107,-2.5,-30.19,31.5,11.75,-86.86,-165.29
52.393345,-1.511139,146.77,6.94,3,226.11,21 / 21,258929,2019-09-06 18:20:25:611,-2.7419,-0.0373,9.9472,0.0097,0.0137,9.8066,0.0826,-0.2333,-0.0118,-1.5,-30.5,32.06,9.86,-86.97,-168.85
52.393345,-1.511139,146.77,6.94,3,226.11,21 / 21,259029,2019-09-06 18:20:25:711,-2.0464,-0.747,9.4989,0.0292,0.0239,9.8065,0.0324,-0.2027,-0.0583,-1.37,-31.06,31.5,4.45,-87.07,-173.99
52.393345,-1.511139,146.77,6.94,3,226.11,21 / 21,259128,2019-09-06 18:20:25:810,-2.1917,-0.0118,10.0022,0.0071,-0.0011,9.8066,0.0088,-0.2339,-0.0276,-1.44,-30.5,30.81,0.37,-87.04,-177.8
52.393345,-1.511139,146.77,6.94,3,226.11,21 / 21,259228,2019-09-06 18:20:25:910,-2.9061,-0.5168,10.1154,0.0115,-0.0197,9.8066,0.0027,-0.3154,-0.0269,-0.12,-30.31,30.69,358.54,-86.95,178.62
52.393345,-1.511139,146.77,6.94,3,226.11,21 / 21,259329,2019-09-06 18:20:26:011,-3.1668,0.0548,9.9711,0.0139,-0.0194,9.8065,-0.0217,-0.3056,-0.0401,0.56,-30.12,29.69,356.54,-86.72,174.83
52.393345,-1.511139,146.77,6.94,3,226.11,21 / 22,259429,2019-09-06 18:20:26:111,-1.9979,0.3641,9.5628,0.0166,-0.0134,9.8066,-0.0292,-0.3447,-0.0224,0.63,-29.69,30.5,352.5,-86.56,171.1
52.393345,-1.511139,146.77,6.94,3,226.11,21 / 22,259528,2019-09-06 18:20:26:210,-2.3844,-0.4201,9.9834,0.0108,0.0053,9.8066,0.1249,-0.3347,0.0016,0.81,-30.19,29.69,350.17,-86.42,168.89
52.393345,-1.511139,146.77,6.94,3,226.11,21 / 22,259629,2019-09-06 18:20:26:311,-2.9517,-0.6176,9.8923,0.0102,0.0116,9.8066,0.0914,-0.353,-0.0098,1.81,-30,29.19,350.54,-86.37,167.23
52.393345,-1.511139,146.77,6.94,3,226.11,21 / 22,259729,2019-09-06 18:20:26:411,-2.7901,0.675,10.349,0.0054,-0.0047,9.8065,-0.0069,-0.3156,0.015,1.63,-29.69,29.44,348.65,-86.34,165.47
52.393345,-1.511139,146.77,6.94,3,226.11,21 / 22,259828,2019-09-06 18:20:26:510,-3.6313,0.9214,10.4532,-0.0154,-0.0164,9.8066,0.0311,-0.4033,0.1063,2.81,-30.19,28.06,351.98,-86.24,166.44
52.393345,-1.511139,146.77,6.94,3,226.11,21 / 22,259928,2019-09-06 18:20:26:610,-2.9759,0.2081,9.9292,-0.0218,-0.0074,9.8065,0.0864,-0.4162,0.0763,2.56,-29.31,28.63,359.04,-86.05,173.2
52.393345,-1.511139,146.77,6.94,3,226.11,21 / 22,260030,2019-09-06 18:20:26:712,-3.4788,-0.0813,9.47,-0.018,-0.0189,9.8065,0.0383,-0.4336,0.0632,2.5,-29.69,27.69,3.22,-85.73,176.84
52.393345,-1.511139,146.77,6.94,3,226.11,21 / 22,260128,2019-09-06 18:20:26:810,-2.9602,0.2939,10.1901,-0.0161,-0.0014,9.8066,0.0269,-0.48,0.0988,2.88,-29.69,27.56,6.58,-85.46,179.89
52.393345,-1.511139,146.77,6.94,3,226.11,21 / 22,260229,2019-09-06 18:20:26:911,-3.3703,0.6722,10.6727,-0.0276,0.0289,9.8065,-0.0618,-0.5159,0.1395,3.44,-29.25,26.56,11.91,-85.5,-175.46
52.393345,-1.511139,146.77,6.94,3,226.11,21 / 22,260329,2019-09-06 18:20:27:011,-3.6534,0.016,9.5341,-0.0139,-0.0189,9.8066,-0.0762,-0.4742,0.0521,3.44,-30.19,25.44,16.98,-85.58,-171.45
52.393345,-1.511139,146.77,6.94,3,226.11,21 / 21,260428,2019-09-06 18:20:27:110,-2.6406,1.0787,9.2971,-0.0216,-0.0161,9.8066,-0.0106,-0.4298,0.0623,3.63,-30.19,24.63,22.59,-85.43,-168.65
52.393345,-1.511139,146.77,6.94,3,226.11,21 / 21,260529,2019-09-06 18:20:27:211,-2.8513,0.6403,10.1008,-0.0211,0.0144,9.8066,-0.0382,-0.4456,0.1151,3.75,-30.19,23.19,29.39,-85.36,-163.48
52.393345,-1.511139,146.77,6.94,3,226.11,21 / 21,260628,2019-09-06 18:20:27:310,-3.5307,0.0607,10.2135,-0.0207,0.0144,9.8066,-0.034,-0.5101,0.0858,3.5,-31,22.94,33.4,-85.33,-159.97
52.393345,-1.511139,146.77,6.94,3,226.11,21 / 21,260729,2019-09-06 18:20:27:411,-3.8961,0.5031,9.3047,-0.0026,-0.0085,9.8066,-0.0822,-0.4618,0.0627,4,-30.31,21.44,37.64,-85.36,-157.22
52.393345,-1.511139,146.77,6.94,3,226.11,21 / 21,260829,2019-09-06 18:20:27:511,-2.8139,0.3417,10.0175,-0.0035,-0.0108,9.8066,-0.0881,-0.4411,0.0561,3.94,-30.69,21.06,38.02,-85.41,-156.96
52.393345,-1.511139,146.77,6.94,3,226.11,21 / 21,260929,2019-09-06 18:20:27:611,-1.9599,0.8672,10.3093,0.0034,0.0124,9.8066,0.0165,-0.3729,0.0138,4.81,-30.69,20.13,42.95,-85.43,-155.87
52.393345,-1.511139,146.77,6.94,3,226.11,21 / 21,261028,2019-09-06 18:20:27:710,-1.8033,0.3655,9.9544,0.0104,0.0013,9.8066,0.0213,-0.3297,0.0271,4.06,-31.44,19.75,39.5,-85.53,-156.22
52.393345,-1.511139,146.77,6.94,3,226.11,21 / 21,261129,2019-09-06 18:20:27:811,-0.9009,0.311,9.1627,-0.0069,0.0095,9.8066,0.0527,-0.2998,0.0394,5.06,-31,19.5,42.63,-85.49,-156.1
52.393345,-1.511139,146.77,6.94,3,226.11,21 / 21,261228,2019-09-06 18:20:27:910,-0.6766,-0.1985,9.9376,-0.0147,0.023,9.8066,0.0073,-0.2612,0.1209,4.25,-31.62,18.19,44.34,-85.3,-153.99
52.393345,-1.511139,146.77,6.94,3,226.11,21 / 21,261328,2019-09-06 18:20:28:010,-1.5195,-0.7692,10.2054,-0.0416,-0.0088,9.8065,-0.0575,-0.2058,0.0565,4.19,-31.56,17.5,48.96,-85.14,-150.04
52.393345,-1.511139,146.77,6.94,3,226.11,21 / 22,261428,2019-09-06 18:20:28:110,-1.1338,-0.1724,9.8499,-0.0202,-0.0036,9.8065,-0.0588,-0.1893,0.062,4.38,-31.12,17.06,55.44,-84.83,-145.49
52.393345,-1.511139,146.77,6.94,3,226.11,21 / 22,261528,2019-09-06 18:20:28:210,-0.1576,-0.184,9.9069,0.0015,0.0245,9.8066,0.0397,-0.1126,0.0167,3.44,-31.62,17,55.54,-84.83,-142.52
52.393345,-1.511139,146.77,6.94,3,226.11,21 / 22,261629,2019-09-06 18:20:28:311,0.1847,-0.6151,9.8082,-0.0036,0.0129,9.8066,0.0326,-0.082,0.0408,3.38,-31.62,17.31,55.76,-84.71,-142.51
52.393345,-1.511139,146.77,6.94,3,226.11,21 / 22,261729,2019-09-06 18:20:28:411,-0.1558,-0.7511,9.1926,-0.0069,0.0031,9.8066,0.0127,-0.0381,0.0343,3.44,-31.87,17,57.5,-84.55,-141.2
52.393345,-1.511139,146.77,6.94,3,226.11,21 / 22,261828,2019-09-06 18:20:28:510,0.2478,-1.2454,9.4336,0.0016,0.0131,9.8065,-0.0154,0.0043,-0.0304,3.13,-31.94,17.31,58.25,-84.56,-140.5
52.393345,-1.511139,146.77,6.94,3,226.11,21 / 22,261928,2019-09-06 18:20:28:610,-0.3126,-1.1184,9.9938,-0.0074,0.004,9.8066,-0.0641,0.0082,0.0251,3.44,-32.25,16.69,58.97,-84.64,-139.72
52.393345,-1.511139,146.77,6.94,3,226.11,21 / 22,262028,2019-09-06 18:20:28:710,0.6721,-1.5704,9.4627,-0.009,-0.0001,9.8066,-0.0339,0.0865,0.0277,2.69,-31.94,16.63,61.24,-84.65,-137.61
52.393345,-1.511139,146.77,6.94,3,226.11,21 / 22,262128,2019-09-06 18:20:28:810,0.6283,-0.4993,9.6242,-0.0121,0.0037,9.8066,-0.0172,0.0638,-0.0115,2.56,-31.87,16.56,62.93,-84.46,-136.38
52.393345,-1.511139,146.77,6.94,3,226.11,21 / 22,262229,2019-09-06 18:20:28:911,0.4768,-1.4986,9.5816,-0.0123,-0.0017,9.8066,0.0034,0.07,0.016,2.31,-31.69,16.69,59.86,-84.38,-136.12
52.393345,-1.511139,146.77,6.94,3,226.11,21 / 22,262329,2019-09-06 18:20:29:011,1.9014,-1.5399,9.8301,0.0157,0.0132,9.8066,-0.0323,0.0969,0.0314,2.19,-32.31,17.19,60.98,-84.4,-135.06
52.393345,-1.511139,146.77,6.94,3,226.11,22 / 22,262428,2019-09-06 18:20:29:110,1.7904,-1.1626,10.2019,-0.0239,-0.0017,9.8065,-0.0121,0.121,0.0378,1.88,-32.75,16.81,62.88,-84.27,-133.85
52.393345,-1.511139,146.77,6.94,3,226.11,22 / 22,262529,2019-09-06 18:20:29:211,1.7922,-0.7515,10.1267,-0.0124,0.0155,9.8066,0.1239,0.2003,0.0359,1.38,-32.56,18.38,59.91,-84.04,-132.91
52.393345,-1.511139,146.77,6.94,3,226.11,22 / 22,262628,2019-09-06 18:20:29:310,1.8401,-2.0757,9.8141,-0.0128,0.0032,9.8066,0.1536,0.2247,-0.0099,2,-32.06,18.5,63.26,-83.76,-132.29
52.393345,-1.511139,146.77,6.94,3,226.11,22 / 22,262729,2019-09-06 18:20:29:411,2.09,-2.007,9.557,0.0016,-0.0098,9.8066,-0.0327,0.2754,0.0194,1.56,-32.06,19,61.88,-83.63,-133.76
52.393345,-1.511139,146.77,6.94,3,226.11,22 / 22,262829,2019-09-06 18:20:29:511,2.3993,-1.2275,10.0633,-0.0071,0.0211,9.8066,-0.042,0.2858,-0.0096,2.13,-31.5,19.19,63.47,-83.69,-131.9
52.393345,-1.511139,146.77,6.94,3,226.11,22 / 22,262929,2019-09-06 18:20:29:611,2.7888,-1.4151,9.0751,-0.009,0.0218,9.8065,-0.0802,0.2897,0.0142,1.63,-32.37,19.5,66.99,-83.79,-128.01
52.393345,-1.511139,146.77,6.94,3,226.11,22 / 22,263028,2019-09-06 18:20:29:710,1.5621,-0.9435,10.3093,-0.0065,-0.0126,9.8065,0.036,0.2201,0.0072,1.63,-32.25,19.94,67.08,-83.59,-128.24
52.393345,-1.511139,146.77,6.94,3,226.11,22 / 22,263129,2019-09-06 18:20:29:811,1.7276,-0.517,10.209,-0.0006,-0.0144,9.8066,0.151,0.3105,-0.0202,0.94,-32.56,20.56,60.93,-83.37,-131.12
52.393345,-1.511139,146.77,6.94,3,226.11,22 / 22,263229,2019-09-06 18:20:29:911,5.2584,-2.1606,8.4775,-0.0195,-0.0126,9.8065,0.133,0.4074,-0.0759,1.13,-31.31,21.56,57.11,-82.98,-134.04
52.393345,-1.511139,146.77,6.94,3,226.11,22 / 22,263329,2019-09-06 18:20:30:011,3.3937,-0.5919,9.6745,-0.0073,0.0611,9.8064,0.024,0.3718,-0.0957,0.19,-32.81,22.31,55.35,-82.69,-133.95
52.393345,-1.511139,146.77,6.94,3,226.11,22 / 22,263429,2019-09-06 18:20:30:111,1.121,-0.2766,9.9769,0.0241,0.0566,9.8064,-0.1126,0.2013,-0.029,0.38,-32.06,22.56,53.72,-82.56,-134.9
52.393345,-1.511139,146.77,6.94,3,226.11,22 / 22,263528,2019-09-06 18:20:30:210,2.5743,-2.6092,9.6053,0.0175,0.0338,9.8065,0.1627,0.2465,-0.0474,0.25,-31.75,23.19,53.99,-83.05,-134.08
52.393345,-1.511139,146.77,6.94,3,226.11,22 / 22,263629,2019-09-06 18:20:30:311,0.2555,-1.955,10.8246,-0.0156,-0.0557,9.8065,0.157,0.1403,0.0156,0.69,-31.94,23.94,55.37,-83.08,-134.84
52.393345,-1.511139,146.77,6.94,3,226.11,22 / 22,263729,2019-09-06 18:20:30:411,1.4798,-2.2715,10.1779,-0.0091,-0.0081,9.8066,0.0381,0.1637,-0.0407,0.44,-31.75,24.25,51.53,-82.67,-136.4
52.393345,-1.511139,146.77,6.94,3,226.11,22 / 22,263828,2019-09-06 18:20:30:510,-0.4521,-3.0842,9.407,0.0055,-0.0148,9.8066,0.0375,0.0215,0.0398,0.31,-31.31,24.75,49.55,-82.58,-137.73
52.393345,-1.511139,146.77,6.94,3,226.11,22 / 22,263929,2019-09-06 18:20:30:611,-1.9281,-1.9411,10.0437,-0.0194,-0.0192,9.8065,0.0566,-0.0032,0.1083,0.5,-31.31,24.94,52.03,-82.66,-137.69
52.393345,-1.511139,146.77,6.94,3,226.11,22 / 22,264030,2019-09-06 18:20:30:712,2.2198,-1.9695,9.5717,0.0217,0.0098,9.8065,-0.0748,0.1147,-0.0459,0.56,-31.44,25.88,51.82,-82.88,-137.3
52.393345,-1.511139,146.77,6.94,3,226.11,22 / 22,264128,2019-09-06 18:20:30:810,1.5952,-1.0385,9.6549,-0.0023,0.0051,9.8066,-0.004,0.0633,0.0576,0,-31.31,25.5,49.67,-83.01,-136.92
52.393345,-1.511139,146.77,6.94,3,226.11,22 / 22,264228,2019-09-06 18:20:30:910,0.4755,-1.081,9.9239,0.0117,0.0154,9.8066,-0.0252,0.1306,-0.0726,0.44,-30.75,25.38,49.53,-83.13,-137.19
52.393345,-1.511139,146.77,6.94,3,226.11,22 / 22,264329,2019-09-06 18:20:31:011,0.695,-0.9203,10.2226,-0.0091,-0.0023,9.8066,0.033,0.0627,0.0679,0.44,-30.94,25.56,49.02,-82.99,-137.53
52.393345,-1.511139,146.77,6.94,3,226.11,22 / 22,264429,2019-09-06 18:20:31:111,0.0819,-1.7634,9.7397,-0.0036,-0.0194,9.8066,0.0278,0.0735,-0.0528,0.63,-30.37,26.31,50.98,-82.91,-137.81
52.393345,-1.511139,146.77,6.94,3,226.11,22 / 22,264529,2019-09-06 18:20:31:211,0.1347,-0.9816,10.0111,-0.0086,-0.0119,9.8066,0.0008,0.0554,0.0003,0,-30.19,26.38,47.98,-82.76,-138.47
52.393345,-1.511139,146.77,6.94,3,226.11,22 / 22,264629,2019-09-06 18:20:31:311,0.7587,-0.678,10.4004,0.0009,0.0057,9.8065,-0.0423,0.0326,0.043,0.06,-30.5,25.94,48,-82.76,-138.46
52.393345,-1.511139,146.77,6.94,3,226.11,22 / 22,264728,2019-09-06 18:20:31:410,0.3483,-0.9569,9.2588,0.0135,0.0177,9.8065,0.0021,0.0452,-0.0428,0.06,-30.62,26,47.73,-82.84,-138.84
52.393345,-1.511139,146.77,6.94,3,226.11,22 / 22,264828,2019-09-06 18:20:31:510,-0.4516,-0.1849,9.8755,-0.0008,0.0004,9.8066,0.0076,0.0544,0.0214,0.06,-30.81,26.56,47.62,-82.76,-138.78
52.393345,-1.511139,146.77,6.94,3,226.11,22 / 22,264928,2019-09-06 18:20:31:610,0.1688,-1.0724,9.8566,0.0105,0.0018,9.8066,0.0503,0.0585,-0.0229,0.75,-30.56,26.25,49.77,-82.87,-139.17
52.393345,-1.511139,146.77,6.94,3,226.11,22 / 22,265029,2019-09-06 18:20:31:711,0.6287,-1.731,9.7529,0.0028,-0.0096,9.8066,0.0877,0.1003,-0.0735,1.94,-30.25,25.56,51.83,-82.88,-139.25
52.393345,-1.511139,146.77,6.94,3,226.11,22 / 22,265128,2019-09-06 18:20:31:810,0.3684,-1.4181,9.3406,-0.001,-0.0252,9.8066,-0.0487,0.0789,-0.0203,2.19,-30.12,26.56,50.49,-82.74,-140.21
52.393345,-1.511139,146.77,6.94,3,226.11,22 / 22,265229,2019-09-06 18:20:31:911,0.4993,-1.5388,10.0756,0.0002,0.014,9.8066,-0.0954,-0.0161,-0.0047,1.31,-30.25,27.19,47.49,-82.75,-140.81
52.393345,-1.511139,146.77,6.94,3,226.11,22 / 22,265331,2019-09-06 18:20:32:013,-1.8387,0.2123,10.0624,-0.0003,0.0003,9.8066,0.0435,-0.0596,0.121,1.13,-30.06,26.63,46.94,-82.68,-141.38
52.393345,-1.511139,146.77,6.94,3,226.11,22 / 22,265429,2019-09-06 18:20:32:111,1.6273,0.6303,10.969,0.0133,0.0268,9.8065,-0.0626,0.1003,-0.1426,0.56,-30,26.81,46.75,-82.72,-141.51
52.393345,-1.511139,146.77,6.94,3,226.11,22 / 22,265528,2019-09-06 18:20:32:210,2.0639,-2.8574,9.7327,-0.0001,0.0277,9.8066,0.0678,0.1598,-0.0038,0.75,-30.25,26.19,47.01,-82.56,-141.73
52.393345,-1.511139,146.77,6.94,3,226.11,22 / 22,265628,2019-09-06 18:20:32:310,-1.2826,-0.6281,10.1884,-0.0051,-0.0261,9.8065,0.0719,-0.0415,0.1361,0.81,-31,26.5,47.11,-82.4,-141.68
52.393345,-1.511139,146.77,6.94,3,226.11,22 / 22,265728,2019-09-06 18:20:32:410,0.1381,-0.4649,10.412,0.0077,-0.0074,9.8066,0.0242,0.0053,-0.0343,0.19,-30.87,26.38,43.48,-82.43,-143
52.393345,-1.511139,146.77,6.94,3,226.11,22 / 22,265828,2019-09-06 18:20:32:510,-0.6023,0.7725,9.7025,-0.004,-0.0033,9.8066,-0.0023,-0.005,0.0186,0.38,-30.75,26.88,43.08,-82.26,-143.26
52.393345,-1.511139,146.77,6.94,3,226.11,22 / 22,265929,2019-09-06 18:20:32:611,0.4286,0.6446,10.1763,-0.0129,-0.0065,9.8065,0.0536,-0.0292,0.0851,0,-30.62,27.88,43.08,-82.13,-143.16
52.393345,-1.511139,146.77,6.94,3,226.11,22 / 22,266028,2019-09-06 18:20:32:710,0.4949,0.1862,9.8389,-0.008,-0.0071,9.8066,0.0408,0,0.0249,-0.12,-30.87,27.44,42.95,-82.08,-143.54
52.393345,-1.511139,146.77,6.94,3,226.11,22 / 22,266129,2019-09-06 18:20:32:811,-0.0578,-0.31,9.9861,-0.0218,0.0036,9.8065,-0.0112,-0.0248,0.0339,0.06,-30.69,27.31,44,-81.87,-142.8
52.393345,-1.511139,146.77,6.94,3,226.11,22 / 22,266229,2019-09-06 18:20:32:911,0.418,-0.7888,9.5019,-0.0117,-0.0096,9.8066,0.0176,0.0641,0.024,-0.56,-30.12,27.81,42.51,-81.66,-141.8
52.393345,-1.511139,146.77,6.94,3,226.11,22 / 22,266328,2019-09-06 18:20:33:010,0.4998,0.7648,9.3225,-0.0121,0.0151,9.8066,-0.0113,0.0054,-0.0047,-0.94,-31.06,27.25,44.65,-81.55,-140.38
52.39307,-1.512041,146.85,10.11,2,240.24,21 / 21,266430,2019-09-06 18:20:33:112,1.1763,0.5083,9.8828,-0.0067,0.0024,9.8066,-0.0026,-0.1001,0.0738,-1.31,-30.87,27.63,45.52,-81.54,-139.46
52.39307,-1.512041,146.85,10.11,2,240.24,21 / 21,266528,2019-09-06 18:20:33:210,0.3085,0.3223,9.2908,-0.0063,-0.0005,9.8065,-0.0052,-0.029,0.0339,-0.44,-31,27.38,49.11,-81.47,-138.65
52.39307,-1.512041,146.85,10.11,2,240.24,21 / 21,266629,2019-09-06 18:20:33:311,-0.9875,-0.4347,9.8065,0.0059,0.0136,9.8066,0.1008,-0.0916,0.0351,-0.69,-30.69,27.81,46.87,-81.35,-138.44
52.39307,-1.512041,146.85,10.11,2,240.24,21 / 21,266729,2019-09-06 18:20:33:411,1.3681,0.0709,9.9865,-0.0056,-0.0044,9.8066,0.0218,0.0957,-0.0663,-0.81,-31.12,28,46.8,-81.23,-138.6
52.39307,-1.512041,146.85,10.11,2,240.24,21 / 21,266829,2019-09-06 18:20:33:511,0.3831,-0.5107,9.8539,-0.0056,-0.0034,9.8066,-0.0332,0.0636,-0.0178,-0.75,-31,27.44,46.46,-81.25,-139.07
52.39307,-1.512041,146.85,10.11,2,240.24,21 / 21,266929,2019-09-06 18:20:33:611,-0.2706,0.7471,9.9202,0.0081,-0.0112,9.8066,0.0148,0.0885,-0.0219,-1.56,-30.94,27.94,43.56,-81.22,-139.39
52.39307,-1.512041,146.85,10.11,2,240.24,21 / 21,267029,2019-09-06 18:20:33:711,0.1679,0.0305,9.76,-0.0007,0.0033,9.8066,0.0394,-0.0287,0.0379,-0.06,-30.37,28.31,47.96,-81.23,-139.39
52.39307,-1.512041,146.85,10.11,2,240.24,21 / 21,267128,2019-09-06 18:20:33:810,0.4272,0.4059,10.2755,-0.0044,0.0029,9.8066,0.0575,0.0288,-0.0625,-0.87,-31,28.31,46.36,-81.19,-139.02
52.39307,-1.512041,146.85,10.11,2,240.24,21 / 21,267229,2019-09-06 18:20:33:911,0.4109,-0.5888,9.9945,-0.0054,-0.0229,9.8066,-0.0022,0.0589,0.0099,-0.12,-30.62,27.88,47.71,-81.12,-139.94
52.39307,-1.512041,146.85,10.11,2,240.24,21 / 21,267329,2019-09-06 18:20:34:011,0.1983,0.5835,9.6222,0.0068,-0.0195,9.8066,-0.042,0.0395,0.0729,-0.25,-30.25,27.56,46.97,-81.1,-140.38
52.39307,-1.512041,146.85,10.11,2,240.24,22 / 22,267428,2019-09-06 18:20:34:110,0.3124,0.5398,9.3468,-0.0053,0.0032,9.8066,-0.0299,-0.0223,0.0002,-0.12,-30.25,27.81,47.6,-81.05,-139.87
52.39307,-1.512041,146.85,10.11,2,240.24,22 / 22,267528,2019-09-06 18:20:34:210,0.3535,-0.4699,9.7403,-0.01,-0.0126,9.8066,-0.092,0.0467,-0.0365,0.13,-30.19,27.69,47.78,-80.96,-139.79
52.39307,-1.512041,146.85,10.11,2,240.24,22 / 22,267629,2019-09-06 18:20:34:311,0.075,-0.0274,9.9771,-0.0036,0.006,9.8066,0.0428,0.0385,0.0254,-0.37,-31,27.44,48.4,-80.99,-139.74
52.39307,-1.512041,146.85,10.11,2,240.24,22 / 22,267728,2019-09-06 18:20:34:410,0.2357,0.614,9.727,-0.0033,0.0017,9.8066,0.0242,-0.0224,-0.0016,-0.62,-30.12,27.38,45.93,-80.95,-139.56
52.39307,-1.512041,146.85,10.11,2,240.24,22 / 22,267828,2019-09-06 18:20:34:510,0.1247,0.4488,9.8016,0.0067,0.0042,9.8066,-0.0558,0.0057,-0.0119,-0.19,-30.44,27.25,48.43,-80.91,-139.53
52.39307,-1.512041,146.85,10.11,2,240.24,22 / 22,267928,2019-09-06 18:20:34:610,-0.2711,-0.0683,9.7455,0.0083,0.0001,9.8066,0.0198,0.0049,0.0225,-0.87,-30.25,27.25,45.44,-80.98,-139.96
52.39307,-1.512041,146.85,10.11,2,240.24,22 / 22,268028,2019-09-06 18:20:34:710,0.729,0.4674,9.6012,-0.0003,-0.0019,9.8066,0.0271,-0.0195,0.0411,-0.12,-30.94,26.94,47.73,-80.96,-140.35
52.39307,-1.512041,146.85,10.11,2,240.24,22 / 22,268129,2019-09-06 18:20:34:811,-0.7058,-0.4302,10.7343,-0.0025,0.0109,9.8066,0.0537,-0.0226,-0.048,-0.69,-30.62,27.94,45.35,-80.93,-140.14
52.39307,-1.512041,146.85,10.11,2,240.24,22 / 22,268228,2019-09-06 18:20:34:910,0.5414,0.8744,10.0503,0.0073,-0.0232,9.8066,0.0086,0.0358,-0.0064,-0.69,-30.69,28.19,44.66,-80.92,-140.75
52.39307,-1.512041,146.85,10.11,2,240.24,22 / 22,268328,2019-09-06 18:20:35:010,0.2757,0.5295,9.7223,-0.0005,-0.02,9.8066,0.0513,0.0679,0.0522,-0.56,-30.81,28.25,43.34,-80.79,-142.01
52.39307,-1.512041,146.85,10.11,2,240.24,23 / 23,268429,2019-09-06 18:20:35:111,0.0662,1.4492,10.5234,-0.0065,-0.0197,9.8066,-0.0785,0.0075,-0.0812,-0.25,-30.81,28.5,45.53,-80.55,-142.1
52.39307,-1.512041,146.85,10.11,2,240.24,23 / 23,268528,2019-09-06 18:20:35:210,-0.7842,-0.2041,9.3353,0.017,0.036,9.8065,0.0985,-0.0291,-0.1023,-0.81,-30.69,28.5,43,-80.83,-142.1
52.39307,-1.512041,146.85,10.11,2,240.24,23 / 23,268628,2019-09-06 18:20:35:310,1.4852,0.0692,9.8347,0.0079,-0.0061,9.8065,0.0304,-0.0069,0.1224,-0.56,-30.62,28.13,41.76,-80.94,-143.25
52.39307,-1.512041,146.85,10.11,2,240.24,23 / 23,268729,2019-09-06 18:20:35:411,0.4681,1.7485,9.6732,-0.0002,-0.0063,9.8066,-0.0647,0.0032,0.0006,-0.5,-30.62,28.25,44.65,-80.93,-142.8
52.39307,-1.512041,146.85,10.11,2,240.24,23 / 23,268828,2019-09-06 18:20:35:510,0.2513,0.1154,9.2354,0.0117,0.0176,9.8066,0.0008,-0.0297,-0.0866,-0.87,-30.31,27.63,41.46,-80.94,-143.3
52.39307,-1.512041,146.85,10.11,2,240.24,23 / 23,268929,2019-09-06 18:20:35:611,0.1839,-1.0969,10.3349,-0.0001,-0.0071,9.8066,-0.0088,0.043,0.0484,-0.19,-30.87,28,43.16,-80.95,-144.08
52.39307,-1.512041,146.85,10.11,2,240.24,23 / 23,269028,2019-09-06 18:20:35:710,0.5258,0.4579,10.54,-0.0143,-0.0283,9.8065,-0.0068,0.0023,-0.0387,-0.5,-30.94,27.94,42.88,-80.63,-144.59
52.39307,-1.512041,146.85,10.11,2,240.24,23 / 23,269129,2019-09-06 18:20:35:811,1.0483,0.6083,9.9353,0.001,-0.0107,9.8066,-0.0007,0.0171,-0.0387,-0.56,-30.25,28.19,40.16,-80.61,-144.68
52.39307,-1.512041,146.85,10.11,2,240.24,23 / 23,269230,2019-09-06 18:20:35:912,-0.9524,-0.247,9.5905,-0.0121,-0.0053,9.8066,-0.0343,0.0951,-0.0247,-1.12,-30.75,27.94,40.8,-80.56,-144.39
52.39307,-1.512041,146.85,10.11,2,240.24,23 / 23,269328,2019-09-06 18:20:36:010,-0.1482,0.4629,10.3164,0.0032,0.0065,9.8066,0.052,-0.04,0.0647,-0.62,-31.06,28.25,40.68,-80.64,-144.43
52.39307,-1.512041,146.85,10.11,2,240.24,21 / 21,269428,2019-09-06 18:20:36:110,-0.6716,0.2835,9.2696,0.0094,-0.0342,9.8066,-0.073,-0.0992,0.0564,-1.37,-30.44,28.5,39.92,-80.52,-144.8
52.39307,-1.512041,146.85,10.11,2,240.24,21 / 21,269529,2019-09-06 18:20:36:211,0.9372,-0.6765,9.4603,-0.0041,-0.0445,9.8065,-0.0168,-0.0353,0.0173,-0.75,-30.19,28.44,40.35,-80.5,-144.61
52.39307,-1.512041,146.85,10.11,2,240.24,21 / 21,269628,2019-09-06 18:20:36:310,-0.1333,-0.368,9.0504,0.0016,0.0208,9.8066,-0.1409,0.0157,0.0586,-0.56,-30.81,28.88,40.5,-80.72,-144.36
52.39307,-1.512041,146.85,10.11,2,240.24,21 / 21,269729,2019-09-06 18:20:36:411,-0.1622,0.8983,9.8529,-0.0074,-0.0085,9.8066,0.1057,0.0487,-0.0125,-0.87,-30.25,28.81,40.38,-80.75,-144.23
52.39307,-1.512041,146.85,10.11,2,240.24,21 / 21,269829,2019-09-06 18:20:36:511,0.3427,1.4556,9.6574,0.002,0.0101,9.8066,0.0942,0.0268,-0.0149,-0.69,-30.12,28.81,40.16,-80.83,-144.36
52.39307,-1.512041,146.85,10.11,2,240.24,21 / 21,269928,2019-09-06 18:20:36:610,0.8115,-0.5595,9.7802,-0.0025,-0.0139,9.8065,-0.0176,0.0685,-0.0374,-0.94,-30.44,28.81,39.79,-80.74,-144.75
52.39307,-1.512041,146.85,10.11,2,240.24,21 / 21,270029,2019-09-06 18:20:36:711,0.048,0.1972,10.5088,-0.0107,-0.025,9.8066,0.0575,0.0376,0.053,-0.31,-29.81,28.38,41.75,-80.59,-145.38
52.39307,-1.512041,146.85,10.11,2,240.24,21 / 21,270129,2019-09-06 18:20:36:811,-0.1088,1.2718,10.0567,-0.0012,-0.0323,9.8065,-0.0302,-0.0651,0.0236,-0.5,-30.25,29.06,41.18,-80.49,-145.71
52.39307,-1.512041,146.85,10.11,2,240.24,21 / 21,270229,2019-09-06 18:20:36:911,-0.4277,-1.1844,9.5649,0.0111,-0.0004,9.8066,0.0371,-0.0058,0.0073,0,-29.94,28.75,40.53,-80.49,-146.28
52.39307,-1.512041,146.85,10.11,2,240.24,21 / 21,270328,2019-09-06 18:20:37:010,-0.3932,0.402,9.2884,-0.0065,-0.0062,9.8066,-0.0442,0.0301,0.0332,-0.75,-30.5,28.81,38.07,-80.4,-146.48
52.39307,-1.512041,146.85,10.11,2,240.24,21 / 21,270428,2019-09-06 18:20:37:110,0.0535,-0.382,9.6143,0.0003,0.031,9.8065,0.0517,0.0189,0.0225,-0.06,-30.19,29.06,40.71,-80.4,-146.19
52.39307,-1.512041,146.85,10.11,2,240.24,21 / 21,270529,2019-09-06 18:20:37:211,0.5966,-0.9094,10.1592,-0.0024,0.011,9.8065,0.0084,0.0707,-0.0699,0.25,-30.5,27.38,42.61,-80.58,-144.9
52.39307,-1.512041,146.85,10.11,2,240.24,21 / 21,270628,2019-09-06 18:20:37:310,0.3499,0.0204,10.4662,0.0005,-0.0075,9.8066,-0.0142,-0.0169,-0.0103,-0.81,-29.87,27.75,39.49,-80.73,-145.16
52.39307,-1.512041,146.85,10.11,2,240.24,21 / 21,270729,2019-09-06 18:20:37:411,-0.4502,0.1003,10.001,-0.0034,-0.0134,9.8066,0.011,-0.0387,0.0217,-0.37,-30.5,27.81,42.07,-80.7,-145.01
52.39307,-1.512041,146.85,10.11,2,240.24,21 / 21,270829,2019-09-06 18:20:37:511,0.3277,0.0046,10.3371,-0.0017,-0.0095,9.8066,0.0841,0.0185,0.0309,-0.56,-30.87,27.81,39.27,-80.49,-145.75
52.39307,-1.512041,146.85,10.11,2,240.24,21 / 21,270928,2019-09-06 18:20:37:610,0.378,-0.4181,10.1707,-0.0142,0.0162,9.8065,0.0797,0.0155,-0.0259,-1.12,-29.75,28.25,39.63,-80.39,-145.31
52.39307,-1.512041,146.85,10.11,2,240.24,21 / 21,271028,2019-09-06 18:20:37:710,0.2021,0.5087,10.3077,-0.0062,-0.0271,9.8065,-0.0005,-0.0237,0.0627,-1.56,-30.44,28.31,37.94,-80.25,-144.8
52.39307,-1.512041,146.85,10.11,2,240.24,21 / 21,271128,2019-09-06 18:20:37:810,-0.1762,-0.6248,9.7582,-0.0043,-0.0087,9.8066,-0.0409,0.0025,-0.0029,-1.69,-30.5,28.75,37.99,-80.12,-144.77
52.39307,-1.512041,146.85,10.11,2,240.24,21 / 21,271228,2019-09-06 18:20:37:910,-0.201,0.461,9.6592,0.0085,0.0144,9.8065,0.0058,0.0058,-0.0139,-1.19,-30.87,28.19,40.72,-80.26,-144.7
52.39307,-1.512041,146.85,10.11,2,240.24,21 / 21,271329,2019-09-06 18:20:38:011,-0.0961,0.1533,8.8237,0.0108,-0.0048,9.8066,-0.0359,0.0153,0.0032,-1.31,-30.87,28.38,39.67,-80.26,-145.6
52.39307,-1.512041,146.85,10.11,2,240.24,21 / 21,271428,2019-09-06 18:20:38:110,0.836,1.3596,9.7173,0.0319,0.0443,9.8065,0.0293,-0.0231,-0.025,-0.87,-30.56,28.19,38.56,-80.33,-146.48
52.39307,-1.512041,146.85,10.11,2,240.24,21 / 21,271528,2019-09-06 18:20:38:210,0.1855,-0.8889,10.6025,0.0141,-0.0041,9.8066,-0.0974,-0.0111,-0.0635,0.06,-30.75,29.06,38.92,-80.67,-147.74
52.39307,-1.512041,146.85,10.11,2,240.24,21 / 21,271629,2019-09-06 18:20:38:311,0.0069,-0.8843,10.9777,0.0002,-0.0423,9.8065,0.1013,0.0197,-0.0872,-0.44,-29.75,28.56,36.71,-80.65,-149.45
52.39307,-1.512041,146.85,10.11,2,240.24,21 / 21,271729,2019-09-06 18:20:38:411,-0.1792,-1.2221,10.0239,0.0044,-0.057,9.8064,0.0668,0.0561,-0.015,-0.56,-30.62,28.88,33.43,-80.53,-150.54
52.39307,-1.512041,146.85,10.11,2,240.24,21 / 21,271830,2019-09-06 18:20:38:512,0.1921,1.2135,9.6385,-0.0093,-0.0185,9.8065,-0.1382,0.0048,0.0052,-0.37,-30,28.81,35.16,-80.47,-150.9
52.39307,-1.512041,146.85,10.11,2,240.24,21 / 21,271929,2019-09-06 18:20:38:611,0.068,-0.6835,9.7426,-0.0005,0.0077,9.8066,-0.1441,-0.0485,-0.0141,-0.19,-30.06,28.69,35.78,-80.58,-150.3
52.39307,-1.512041,146.85,10.11,2,240.24,21 / 21,272029,2019-09-06 18:20:38:711,1.0083,1.4749,10.4642,0.0025,0.0327,9.8065,0.1662,-0.0112,0.0711,-0.5,-30.25,28.88,36.56,-80.63,-149.6
52.39307,-1.512041,146.85,10.11,2,240.24,21 / 21,272129,2019-09-06 18:20:38:811,0.0429,-1.8408,10.6942,-0.0127,0.0304,9.8066,0.2395,0.016,-0.0446,-0.44,-29.81,28.63,37.94,-80.67,-148.38
52.39307,-1.512041,146.85,10.11,2,240.24,21 / 21,272229,2019-09-06 18:20:38:911,-0.8639,-2.6952,9.6877,-0.0109,-0.1668,9.8052,-0.1159,0.0588,0.0331,-0.75,-30.19,29.81,33.47,-79.74,-150.71
52.39307,-1.512041,146.85,10.11,2,240.24,21 / 21,272328,2019-09-06 18:20:39:010,-0.2731,-1.2231,10.9937,-0.015,-0.0753,9.8063,0.1048,0.0151,0.0448,-0.37,-29.75,29.19,36.92,-80.03,-149.7
52.39307,-1.512041,146.85,10.11,2,240.24,22 / 22,272429,2019-09-06 18:20:39:111,0.3234,2.4208,10.4115,-0.014,0.0056,9.8066,-0.2491,-0.0194,-0.114,-1.56,-29.81,29.31,34.74,-80.32,-147.4
52.39307,-1.512041,146.85,10.11,2,240.24,22 / 22,272529,2019-09-06 18:20:39:211,0.6954,0.4332,9.5684,0.0126,-0.0011,9.8065,-0.0883,-0.0319,-0.0577,-0.69,-30.19,29.81,36.72,-80.48,-147.45
52.39307,-1.512041,146.85,10.11,2,240.24,22 / 22,272628,2019-09-06 18:20:39:310,0.5996,-0.0093,9.2474,0.0025,0.0116,9.8066,0.0859,0.0211,0.0309,-0.44,-29.5,29,37.81,-80.46,-148.44
52.39307,-1.512041,146.85,10.11,2,240.24,22 / 22,272729,2019-09-06 18:20:39:411,-0.6511,0.5343,9.6735,-0.0093,-0.0098,9.8066,-0.1326,0.0741,-0.0267,-0.31,-29.94,29.88,37.74,-80.24,-148.65
52.39307,-1.512041,146.85,10.11,2,240.24,22 / 22,272828,2019-09-06 18:20:39:510,-0.2693,-1.281,9.5075,0.0036,-0.0104,9.8066,-0.0822,-0.0403,0.0848,0.13,-29.5,29.19,37.12,-80.15,-149.25
52.39307,-1.512041,146.85,10.11,2,240.24,22 / 22,272929,2019-09-06 18:20:39:611,0.4775,1.484,10.085,-0.0062,-0.0289,9.8065,0.1202,0.0297,-0.06,-0.94,-29.81,28.88,34.98,-80.08,-149.34
52.39307,-1.512041,146.85,10.11,2,240.24,22 / 22,273029,2019-09-06 18:20:39:711,0.662,1.1179,9.7961,0.0063,0.0676,9.8064,0.2212,-0.0191,0.032,-0.75,-29.44,28.13,36.31,-80.61,-147.78
52.39307,-1.512041,146.85,10.11,2,240.24,22 / 22,273128,2019-09-06 18:20:39:810,0.6696,0.1668,9.5373,0.0024,0.0399,9.8065,0.2052,0.0253,-0.0271,-0.81,-30.37,28.94,36.14,-80.46,-148.09
52.39307,-1.512041,146.85,10.11,2,240.24,22 / 22,273229,2019-09-06 18:20:39:911,0.6177,-0.6934,9.5122,-0.0035,-0.0374,9.8065,-0.0632,0.0177,-0.0489,-1,-30.87,28.81,35.4,-80.23,-149.07
52.39307,-1.512041,146.85,10.11,2,240.24,22 / 22,273328,2019-09-06 18:20:40:010,-0.213,-0.0925,9.9437,0.0088,-0.0227,9.8066,-0.047,-0.0364,0.0369,-0.69,-29.94,29,34.21,-80.07,-150
52.39307,-1.512041,146.85,10.11,2,240.24,21 / 21,273429,2019-09-06 18:20:40:111,-0.284,0.1643,10.1246,-0.0015,-0.0047,9.8066,-0.0361,-0.0116,-0.0712,-0.62,-30.12,29,34.69,-80.15,-149.54
52.39307,-1.512041,146.85,10.11,2,240.24,21 / 21,273528,2019-09-06 18:20:40:210,0.0464,0.0533,9.7361,0.0082,0.0001,9.8066,-0.0487,0.056,-0.0413,-0.06,-30.19,29.63,36.41,-80.25,-149.78
52.39307,-1.512041,146.85,10.11,2,240.24,21 / 21,273628,2019-09-06 18:20:40:310,-0.3822,-0.6435,9.6024,-0.0016,0.0063,9.8066,0.0334,0.0435,0.0024,-0.81,-30.12,28.81,33.5,-80.29,-150.45
52.39307,-1.512041,146.85,10.11,2,240.24,21 / 21,273729,2019-09-06 18:20:40:411,0.1665,0.6011,9.9713,0.0041,0.0267,9.8066,-0.016,0.0064,-0.0697,-1.06,-30.19,28.94,33.53,-80.44,-150.32
52.39307,-1.512041,146.85,10.11,2,240.24,21 / 21,273828,2019-09-06 18:20:40:510,-0.0062,-0.09,9.3906,0.02,-0.0144,9.8066,-0.0841,0.0317,0.0475,-0.81,-29.87,29.31,33.34,-80.64,-150.36
52.39307,-1.512041,146.85,10.11,2,240.24,21 / 21,273928,2019-09-06 18:20:40:610,-0.4137,-0.031,9.52,-0.003,-0.039,9.8065,-0.0612,-0.0186,0.0463,-1.06,-30.5,29.69,31.84,-80.61,-151.55
52.39307,-1.512041,146.85,10.11,2,240.24,21 / 21,274029,2019-09-06 18:20:40:711,0.733,0.1117,9.7896,0.0145,0.0191,9.8066,0.0133,0.0231,-0.0656,-0.31,-29.5,29.56,33.83,-80.66,-151.55
52.39307,-1.512041,146.85,10.11,2,240.24,21 / 21,274128,2019-09-06 18:20:40:810,0.0467,0.7502,10.8216,0.0047,-0.0046,9.8066,-0.0373,0.0224,0.0119,-0.81,-30,29,30.8,-80.64,-152.52
52.39307,-1.512041,146.85,10.11,2,240.24,21 / 21,274228,2019-09-06 18:20:40:910,0.4821,0.3914,9.6661,0.0069,0.0253,9.8065,0.3557,-0.0657,0.0935,-0.19,-29.87,29.5,32.82,-80.66,-152.59
52.39307,-1.512041,146.85,10.11,2,240.24,21 / 21,274328,2019-09-06 18:20:41:010,1.0899,-0.1983,9.4503,-0.0047,0.0647,9.8063,0.1888,0.0389,-0.1358,-0.44,-29.37,29.06,33.85,-80.66,-151.71
52.39307,-1.512041,146.85,10.11,2,240.24,21 / 21,274429,2019-09-06 18:20:41:111,-0.0644,-0.9358,9.3707,-0.0078,-0.0077,9.8065,-0.1861,0.0235,0.0184,-0.56,-29.87,28.63,31.65,-80.81,-151.69
52.39307,-1.512041,146.85,10.11,2,240.24,21 / 21,274529,2019-09-06 18:20:41:211,0.2113,0.1309,9.5109,-0.0015,-0.025,9.8066,-0.0698,-0.002,0.0253,-0.31,-30.44,29.13,34.84,-80.92,-150.87
52.39307,-1.512041,146.85,10.11,2,240.24,21 / 21,274628,2019-09-06 18:20:41:310,-0.7989,1.6337,10.1394,-0.0086,0.0032,9.8066,0.0662,0.0836,-0.0179,-0.5,-30.06,29.13,35.61,-80.91,-150.21
52.39307,-1.512041,146.85,10.11,2,240.24,21 / 21,274729,2019-09-06 18:20:41:411,-0.5408,-0.271,9.7802,-0.0052,-0.0137,9.8066,0.0565,-0.0747,0.0572,-0.56,-29.94,28.13,32.53,-80.69,-151.14
52.39307,-1.512041,146.85,10.11,2,240.24,21 / 21,274830,2019-09-06 18:20:41:512,-1.003,0.6358,10.2304,0.0086,0.0017,9.8066,0.0937,-0.1507,-0.014,-0.25,-30.19,29.81,34.11,-80.37,-151.67
52.39307,-1.512041,146.85,10.11,2,240.24,21 / 21,274929,2019-09-06 18:20:41:611,0.2885,0.6996,9.7134,0.0054,0.0073,9.8066,0.058,-0.0448,0.0263,-0.69,-30.25,29.81,31.37,-80.31,-152.13
52.39307,-1.512041,146.85,10.11,2,240.24,21 / 21,275029,2019-09-06 18:20:41:711,-0.44,0.2033,9.5686,0.0025,0.0036,9.8066,0.0142,0.0013,-0.0693,0.06,-29.75,28.75,33.63,-80.42,-152.23
52.39307,-1.512041,146.85,10.11,2,240.24,21 / 21,275128,2019-09-06 18:20:41:810,-0.5233,-0.3041,9.6445,0.0137,0.0079,9.8066,-0.0686,-0.0603,-0.0037,-0.44,-30,29.69,32.92,-80.65,-152.51
52.39307,-1.512041,146.85,10.11,2,240.24,21 / 21,275231,2019-09-06 18:20:41:913,0.1491,-0.1626,9.6856,0.0182,0.0061,9.8065,-0.0057,-0.0077,0.0092,0,-30.25,29.25,32.81,-80.87,-152.64
52.39307,-1.512041,146.85,10.11,2,240.24,21 / 21,275331,2019-09-06 18:20:42:013,0.5523,-0.0197,9.6063,0.0078,0.0056,9.8066,-0.0332,-0.0152,-0.0298,-0.62,-29.56,29.56,29.21,-81.04,-153.55
52.3926,-1.5132,147.37,10.72,2,233.56,22 / 22,275428,2019-09-06 18:20:42:110,0.1681,-0.0237,9.5887,0.0101,-0.0117,9.8065,-0.0104,-0.0114,-0.0157,-0.81,-30.25,29.69,27.8,-81.01,-154.77
52.3926,-1.5132,147.37,10.72,2,233.56,22 / 22,275529,2019-09-06 18:20:42:211,0.5467,0.5887,9.8217,-0.0022,0.0082,9.8066,-0.0347,0.04,0.009,-0.37,-29.87,28.94,29.59,-81,-155.31
52.3926,-1.5132,147.37,10.72,2,233.56,22 / 22,275628,2019-09-06 18:20:42:310,0.7155,-0.0778,10.2254,0.0021,0.0035,9.8066,-0.0368,-0.0674,0.0457,-0.31,-30.44,28.69,29.78,-81.05,-155.12
52.3926,-1.5132,147.37,10.72,2,233.56,22 / 22,275729,2019-09-06 18:20:42:411,0.4875,0.1723,9.6388,0.0075,0.0124,9.8066,-0.1087,0.0545,-0.0907,-0.69,-30.06,28.88,26.45,-81.18,-155.9
52.3926,-1.5132,147.37,10.72,2,233.56,22 / 22,275828,2019-09-06 18:20:42:510,0.1078,0.749,10.3424,-0.0095,0.0062,9.8066,0.0586,0.0461,-0.022,-0.5,-29.87,29.13,29.14,-81.07,-155.65
52.3926,-1.5132,147.37,10.72,2,233.56,22 / 22,275929,2019-09-06 18:20:42:611,-0.2036,-0.0551,9.6394,0.0085,-0.0122,9.8065,0.0821,-0.035,-0.033,-0.06,-30.81,29.81,28.41,-80.99,-156.31
52.3926,-1.5132,147.37,10.72,2,233.56,22 / 22,276028,2019-09-06 18:20:42:710,-0.2334,0.2774,9.849,-0.0044,-0.0167,9.8066,-0.0366,0.0198,0.0349,-0.62,-29.87,30.06,25.77,-80.95,-156.53
52.3926,-1.5132,147.37,10.72,2,233.56,22 / 22,276129,2019-09-06 18:20:42:811,0.3796,0.7516,10.0788,0.0009,0.0091,9.8066,0.0384,0.0117,-0.0294,-0.69,-30.94,29.56,26.61,-80.95,-155.95
52.3926,-1.5132,147.37,10.72,2,233.56,22 / 22,276229,2019-09-06 18:20:42:911,0.2405,0.0116,10.3483,0.0103,0.0088,9.8066,0.0699,-0.0197,-0.0649,-0.37,-30.44,29.88,28.04,-81.09,-156.43
52.3926,-1.5132,147.37,10.72,2,233.56,22 / 22,276329,2019-09-06 18:20:43:011,0.6326,0.3261,9.7021,0.0027,-0.0162,9.8066,0.0971,0.0224,-0.0316,-0.25,-30.12,30.31,27.09,-81.04,-157.27
52.3926,-1.5132,147.37,10.72,2,233.56,21 / 21,276429,2019-09-06 18:20:43:111,-0.4814,1.0036,10.1842,-0.0054,-0.0307,9.8066,0.0516,0.0522,-0.0401,-0.87,-30.06,30.31,24.64,-80.87,-157.52
52.3926,-1.5132,147.37,10.72,2,233.56,21 / 21,276530,2019-09-06 18:20:43:212,-0.0456,0.4572,9.6061,-0.0002,-0.014,9.8066,0.0309,-0.0376,0.0055,-0.12,-29.56,30.19,26.5,-80.87,-157.86
52.3926,-1.5132,147.37,10.72,2,233.56,21 / 21,276629,2019-09-06 18:20:43:311,-0.403,1.2127,9.5438,0,-0.0173,9.8066,-0.0622,0.0731,0.0106,-0.19,-30.56,30.31,26.09,-80.74,-158.41
52.3926,-1.5132,147.37,10.72,2,233.56,21 / 21,276729,2019-09-06 18:20:43:411,0.6388,0.9577,9.4815,0.0066,0.0222,9.8066,-0.0101,0.0547,-0.042,0.06,-29.75,30.44,26.23,-80.96,-158.04
52.3926,-1.5132,147.37,10.72,2,233.56,21 / 21,276828,2019-09-06 18:20:43:510,0.2313,0.414,9.6743,-0.0004,0.0063,9.8066,0.0468,0.006,-0.0119,-0.25,-30,30.44,26.12,-81.03,-158.1
52.3926,-1.5132,147.37,10.72,2,233.56,21 / 21,276929,2019-09-06 18:20:43:611,1.039,-0.0654,10.3909,0.0031,-0.0259,9.8065,0.079,0.0795,-0.0073,-0.62,-30.12,30.63,22.86,-80.96,-158.94
52.3926,-1.5132,147.37,10.72,2,233.56,21 / 21,277028,2019-09-06 18:20:43:710,0.3489,0.5716,9.8098,0.0161,-0.0138,9.8066,0.0017,0.0768,-0.0599,-0.12,-29.87,30.19,24.04,-80.94,-159.91
52.3926,-1.5132,147.37,10.72,2,233.56,21 / 21,277129,2019-09-06 18:20:43:811,0.4956,-0.4017,9.5923,0.0013,-0.0029,9.8066,0.0008,-0.0154,0.0075,0.19,-29.81,30.75,23.64,-80.84,-160.18
52.3926,-1.5132,147.37,10.72,2,233.56,21 / 21,277229,2019-09-06 18:20:43:911,-0.1964,0.0909,9.9384,-0.005,0.0083,9.8066,0.0461,0.0023,0.0331,-0.06,-29.5,30.88,23.57,-80.87,-160.1
52.3926,-1.5132,147.37,10.72,2,233.56,21 / 21,277329,2019-09-06 18:20:44:011,0.7796,0.6113,9.9969,0.0084,0.0041,9.8066,0.0514,0.0942,-0.0426,-0.12,-29.69,30.56,23.21,-81.05,-160.45
52.3926,-1.5132,147.37,10.72,2,233.56,22 / 23,277428,2019-09-06 18:20:44:110,0.9015,0.2209,9.8496,0.0103,-0.0017,9.8066,-0.0443,0.0432,-0.0462,0.19,-29.37,30.5,22.47,-81.17,-160.92
52.3926,-1.5132,147.37,10.72,2,233.56,22 / 23,277528,2019-09-06 18:20:44:210,0.2384,0.1946,9.8718,0.0193,-0.003,9.8066,-0.0337,0.0141,-0.0406,0,-29.44,30.25,20.63,-81.28,-162.56
52.3926,-1.5132,147.37,10.72,2,233.56,22 / 23,277630,2019-09-06 18:20:44:312,-0.2738,0.1588,10.1436,0.0192,-0.0102,9.8066,0.0475,0.02,-0.0489,0.13,-29.81,30.81,18.82,-81.33,-164.08
52.3926,-1.5132,147.37,10.72,2,233.56,22 / 23,277728,2019-09-06 18:20:44:410,0.2341,0.4901,9.3722,0.0281,0.0156,9.8066,-0.0321,-0.0748,-0.0187,0.44,-29.31,30.75,16.79,-81.37,-165.71
52.3926,-1.5132,147.37,10.72,2,233.56,22 / 23,277828,2019-09-06 18:20:44:510,-0.7433,0.2308,9.5266,0.0136,0.0054,9.8066,0.0181,0.0307,-0.0215,0.25,-29.62,31,13.78,-81.5,-168.32
52.3926,-1.5132,147.37,10.72,2,233.56,22 / 23,277929,2019-09-06 18:20:44:611,1.7924,1.5022,9.8757,0.0267,0.0152,9.8066,0.0275,0.2037,-0.1283,1.13,-28.87,30.63,15.3,-81.42,-168.82
52.3926,-1.5132,147.37,10.72,2,233.56,22 / 23,278029,2019-09-06 18:20:44:711,0.5622,0.431,9.6192,0.0011,0.001,9.8066,-0.0935,-0.0402,0.057,0.81,-29.5,30.81,14.09,-81.47,-169.84
52.3926,-1.5132,147.37,10.72,2,233.56,22 / 23,278129,2019-09-06 18:20:44:811,1.1202,-1.0567,9.164,0.0055,-0.0217,9.8066,0.0737,0.1153,-0.1015,0.19,-29.75,31.19,11.89,-81.36,-169.96
52.3926,-1.5132,147.37,10.72,2,233.56,22 / 23,278229,2019-09-06 18:20:44:911,0.2976,-0.5553,9.0385,0.0097,-0.0358,9.8065,-0.2051,0.0696,-0.0554,0.63,-29.44,30.5,13.55,-81.4,-170.32
52.3926,-1.5132,147.37,10.72,2,233.56,22 / 23,278328,2019-09-06 18:20:45:010,-0.4404,1.4991,10.231,-0.0156,0.0348,9.8065,-0.1268,-0.1084,0.0493,1.13,-28.94,30.69,14.81,-81.83,-169.13
52.3926,-1.5132,147.37,10.72,2,233.56,21 / 21,278429,2019-09-06 18:20:45:111,1.2432,0.5075,10.4212,0.0105,0.0126,9.8065,0.1492,0.0293,-0.036,1.75,-28.81,31.19,15.91,-81.86,-170.01
52.3926,-1.5132,147.37,10.72,2,233.56,21 / 21,278528,2019-09-06 18:20:45:210,-0.0219,0.6056,9.9079,-0.0048,-0.0255,9.8066,0.1193,-0.023,0.0595,0.88,-29.19,30.88,13.96,-81.73,-169.89
52.3926,-1.5132,147.37,10.72,2,233.56,21 / 21,278629,2019-09-06 18:20:45:311,0.1848,-0.3765,10.2427,-0.0044,-0.0184,9.8066,-0.0024,0.0379,-0.0034,0.56,-28.81,31.5,13.67,-81.4,-170.11
52.3926,-1.5132,147.37,10.72,2,233.56,21 / 21,278729,2019-09-06 18:20:45:411,0.4327,0.6181,10.0474,-0.0148,0.009,9.8066,-0.0256,0.0593,-0.004,0.63,-29.44,31.44,15.55,-81.34,-168.63
52.3926,-1.5132,147.37,10.72,2,233.56,21 / 21,278828,2019-09-06 18:20:45:510,0.734,-0.3316,10.1717,-0.0184,-0.0004,9.8066,0.0247,0.031,0.0714,0.31,-29.12,31.44,14.78,-81.24,-167.47
52.3926,-1.5132,147.37,10.72,2,233.56,21 / 21,278928,2019-09-06 18:20:45:610,1.0434,-0.0701,9.4984,-0.007,-0.0127,9.8066,0.0415,0.0601,0.0141,0.25,-28.62,31.69,15.4,-81.07,-166.92
52.3926,-1.5132,147.37,10.72,2,233.56,21 / 21,279028,2019-09-06 18:20:45:710,-0.5781,-0.5269,9.9987,-0.003,-0.0072,9.8066,-0.0239,0.0527,0.0052,0.25,-28.87,32,15.88,-81.01,-166.53
52.3926,-1.5132,147.37,10.72,2,233.56,21 / 21,279128,2019-09-06 18:20:45:810,-0.0253,0.1623,9.3224,-0.0008,-0.0065,9.8066,0.0478,-0.0038,0.0255,0.44,-28.56,31.63,17.03,-81.1,-165.52
52.3926,-1.5132,147.37,10.72,2,233.56,21 / 21,279228,2019-09-06 18:20:45:910,1.0308,-0.1394,10.1299,-0.0044,0.0103,9.8066,0.0796,0.0561,-0.0951,1.13,-27.44,30.63,19.42,-81.2,-165.18
52.3926,-1.5132,147.37,10.72,2,233.56,21 / 21,279329,2019-09-06 18:20:46:011,0.6001,-1.6455,9.9749,0.0019,-0.0272,9.8065,0.1595,0.0319,0.0025,0.81,-26.75,30.25,18.94,-81.14,-165.76
52.3926,-1.5132,147.37,10.72,2,233.56,23 / 23,279428,2019-09-06 18:20:46:110,-1.3296,-0.2014,10.7212,0.009,-0.0318,9.8065,-0.1799,0.1388,-0.0567,0.19,-26.31,30.81,15.73,-81.1,-166.46
52.3926,-1.5132,147.37,10.72,2,233.56,23 / 23,279529,2019-09-06 18:20:46:211,-0.9462,0.9957,10.3696,0.0059,-0.04,9.8065,0.0832,0.0612,-0.0929,-1.87,-26.94,30.31,11.47,-80.88,-166.48
52.3926,-1.5132,147.37,10.72,2,233.56,23 / 23,279628,2019-09-06 18:20:46:310,0.7272,-0.6238,10.0704,0.0139,-0.0381,9.8065,0.0265,-0.1133,-0.0121,-3.31,-27.12,31.38,7.79,-80.84,-167.86
52.3926,-1.5132,147.37,10.72,2,233.56,23 / 23,279728,2019-09-06 18:20:46:410,0.0874,-0.5839,9.3496,-0.0025,0.0142,9.8066,0.0526,0.1184,-0.1194,-3.87,-28.25,32.81,6.02,-80.74,-167.96
52.3926,-1.5132,147.37,10.72,2,233.56,23 / 23,279828,2019-09-06 18:20:46:510,0.7474,-0.4759,9.989,0.011,0.0285,9.8065,-0.0269,0.0371,-0.015,-1.62,-28,33.19,9.73,-80.92,-168.21
52.3926,-1.5132,147.37,10.72,2,233.56,23 / 23,279929,2019-09-06 18:20:46:611,-0.1494,0.2315,10.1405,-0.0079,0.0105,9.8066,-0.0326,-0.0251,-0.009,-0.87,-28.94,32,11.63,-81.17,-168.32
52.3926,-1.5132,147.37,10.72,2,233.56,23 / 23,280029,2019-09-06 18:20:46:711,0.2167,1.0891,10.247,0.0204,-0.0115,9.8066,0.0246,0.0403,0.0135,-0.5,-28.94,32.81,12.2,-81.17,-169.58
52.3926,-1.5132,147.37,10.72,2,233.56,23 / 23,280129,2019-09-06 18:20:46:811,1.1856,0.5041,9.7751,0.0105,-0.0077,9.8066,0.0005,0.0443,-0.016,-0.06,-28.5,32.75,11.27,-81.04,-170.34
52.3926,-1.5132,147.37,10.72,2,233.56,23 / 23,280228,2019-09-06 18:20:46:910,-0.1778,-0.7602,9.9084,-0.011,-0.0233,9.8066,-0.0624,-0.0111,-0.0131,-0.44,-29.25,32.25,11.22,-80.74,-170.55
52.3926,-1.5132,147.37,10.72,2,233.56,23 / 23,280329,2019-09-06 18:20:47:011,0.5289,1.9106,9.7828,0.0151,0.0464,9.8065,-0.136,0.0685,-0.0763,-0.06,-28.75,32.63,10.89,-80.94,-170.74
52.3926,-1.5132,147.37,10.72,2,233.56,21 / 21,280428,2019-09-06 18:20:47:110,1.0049,-0.7573,9.5589,0.018,-0.0073,9.8066,-0.0812,0.0555,0.0478,0.38,-28.37,32.81,9.18,-80.89,-172.17
52.3926,-1.5132,147.37,10.72,2,233.56,21 / 21,280528,2019-09-06 18:20:47:210,-1.1778,0.4788,9.8087,-0.0036,-0.0298,9.8066,0.054,0.1681,-0.1254,0.06,-28.62,33.44,8.96,-80.93,-172.39
52.3926,-1.5132,147.37,10.72,2,233.56,21 / 21,280629,2019-09-06 18:20:47:311,1.776,-0.0541,9.967,0.0163,0.0217,9.8065,0.1236,-0.0472,0.0093,1.5,-27.44,33.13,12.96,-81.01,-172.31
52.3926,-1.5132,147.37,10.72,2,233.56,21 / 21,280729,2019-09-06 18:20:47:411,3.5552,-0.7127,10.5457,-0.0014,0.0328,9.8065,0.101,0.1841,-0.1148,1.31,-26.5,31.56,10.94,-81.11,-172.35
52.3926,-1.5132,147.37,10.72,2,233.56,21 / 21,280829,2019-09-06 18:20:47:511,-1.0962,-0.2079,10.0742,-0.0165,-0.0719,9.8064,0.0162,-0.0725,0.0967,1.25,-25.19,31.25,10.93,-80.57,-172.49
52.3926,-1.5132,147.37,10.72,2,233.56,21 / 21,280928,2019-09-06 18:20:47:610,-0.7809,0.3276,9.436,-0.0239,-0.0561,9.8064,0.0581,-0.0453,-0.0048,-0.06,-26.31,31,11.36,-80.44,-170.37
52.3926,-1.5132,147.37,10.72,2,233.56,21 / 21,281028,2019-09-06 18:20:47:710,-0.03,-0.0303,10.1086,-0.0063,0.0158,9.8066,-0.1666,0.1532,-0.0836,-1.94,-27.06,31.31,8.09,-80.63,-169.46
52.3926,-1.5132,147.37,10.72,2,233.56,21 / 21,281129,2019-09-06 18:20:47:811,-0.2343,0.6494,9.7342,0.0052,0.0141,9.8065,0.0078,-0.0237,-0.055,-1.19,-26.87,32.25,9.82,-80.86,-169.82
52.3926,-1.5132,147.37,10.72,2,233.56,21 / 21,281228,2019-09-06 18:20:47:910,-0.3237,0.7117,10.3274,0.0111,-0.0016,9.8066,0.0202,-0.0068,-0.0387,-1.25,-27.5,34,9.65,-80.98,-169.98
52.3926,-1.5132,147.37,10.72,2,233.56,21 / 21,281328,2019-09-06 18:20:48:010,0.7018,0.6022,9.6387,-0.0009,-0.0163,9.8066,0.0104,-0.012,0.0973,-0.62,-26.62,32.94,8.81,-80.86,-170.7
52.3926,-1.5132,147.37,10.72,2,233.56,22 / 22,281429,2019-09-06 18:20:48:111,-0.2349,-0.3092,9.9224,-0.0189,-0.0143,9.8066,0.0055,0.0119,-0.0047,-0.62,-26.5,32.56,9.99,-80.58,-169.69
52.3926,-1.5132,147.37,10.72,2,233.56,22 / 22,281529,2019-09-06 18:20:48:211,1.0631,0.0632,9.8387,0.0134,0.0162,9.8066,-0.0362,-0.0027,0.0728,-1.62,-25.56,32.25,8.26,-80.72,-169.35
52.3926,-1.5132,147.37,10.72,2,233.56,22 / 22,281630,2019-09-06 18:20:48:312,0.8301,0.777,9.4724,-0.0082,0.0132,9.8066,-0.1415,0.0385,-0.0496,-1.5,-26.25,31.75,11.12,-80.96,-168.64
52.3926,-1.5132,147.37,10.72,2,233.56,22 / 22,281729,2019-09-06 18:20:48:411,-1.2368,0.8484,9.9127,-0.0079,0.0259,9.8065,0.0936,0.0594,-0.0446,-2.06,-27.19,32.38,9.55,-81.13,-168.22
52.3926,-1.5132,147.37,10.72,2,233.56,22 / 22,281830,2019-09-06 18:20:48:512,-0.6249,0.3248,9.7479,0.0006,0.0078,9.8066,0.0613,0.0078,0.0159,-2,-27.44,32.25,9.15,-81.13,-168.56
52.3926,-1.5132,147.37,10.72,2,233.56,22 / 22,281929,2019-09-06 18:20:48:611,0.0914,0.459,9.8678,-0.0051,-0.0184,9.8066,0.0298,-0.0242,0.0506,-2.75,-27.69,32.94,7.14,-80.85,-168.72
52.3926,-1.5132,147.37,10.72,2,233.56,22 / 22,282029,2019-09-06 18:20:48:711,0.3441,-0.5071,10.1342,0.0008,-0.0053,9.8065,0.0596,-0.0012,-0.0057,-2.94,-27.81,33.94,8.01,-80.71,-168.1
52.3926,-1.5132,147.37,10.72,2,233.56,22 / 22,282129,2019-09-06 18:20:48:811,0.6519,-0.1394,10.001,0.0028,0.0025,9.8066,-0.1216,-0.031,0.0521,-1.44,-26.87,33.88,12.37,-80.8,-167.66
52.3926,-1.5132,147.37,10.72,2,233.56,22 / 22,282228,2019-09-06 18:20:48:910,-0.1062,0.2656,9.7481,0.0018,-0.0054,9.8066,-0.0857,0.0507,-0.0317,-1.06,-27.62,34.63,12.51,-80.88,-167.58
52.3926,-1.5132,147.37,10.72,2,233.56,22 / 22,282329,2019-09-06 18:20:49:011,0.3317,0.7288,9.9852,-0.0039,0.0004,9.8066,0.0627,-0.0076,0.0273,0.13,-28,33.44,14,-80.9,-168.03
52.3926,-1.5132,147.37,10.72,2,233.56,23 / 23,282428,2019-09-06 18:20:49:110,-0.2394,-0.2177,9.9165,-0.0155,0.0019,9.8066,0.036,0.0098,-0.0424,-0.75,-28.56,32.63,12.99,-80.74,-167.26
52.3926,-1.5132,147.37,10.72,2,233.56,23 / 23,282528,2019-09-06 18:20:49:210,0.4772,-0.0006,10.1189,0.0059,-0.004,9.8066,0.0989,0.0224,-0.0406,-1.12,-27.69,33,11.91,-80.68,-168.13
52.3926,-1.5132,147.37,10.72,2,233.56,23 / 23,282628,2019-09-06 18:20:49:310,0.6968,0.7378,9.8163,0.005,0.0143,9.8066,0.0829,0.0525,-0.0107,-1.12,-27.56,32.38,11.71,-80.77,-168.28
52.3926,-1.5132,147.37,10.72,2,233.56,23 / 23,282728,2019-09-06 18:20:49:410,-0.2378,0.3175,9.6132,0.0066,0.0024,9.8066,-0.1092,0.0646,-0.0176,-1.69,-27.44,33.38,8.49,-81,-169.23
52.3926,-1.5132,147.37,10.72,2,233.56,23 / 23,282828,2019-09-06 18:20:49:510,-0.4377,1.5574,9.2695,-0.0018,-0.0092,9.8066,-0.1622,0.0323,-0.0022,-0.37,-27,32.88,12.15,-81.02,-169.54
52.3926,-1.5132,147.37,10.72,2,233.56,23 / 23,282929,2019-09-06 18:20:49:611,0.4918,0.3254,9.8463,0.0155,0.0507,9.8064,0.2532,0.0109,-0.0532,0.13,-27.56,31.94,10.68,-81.16,-170.87
52.3926,-1.5132,147.37,10.72,2,233.56,23 / 23,283028,2019-09-06 18:20:49:710,0.5959,-0.3478,9.2611,0.0135,0.0788,9.8063,0.1314,0.0304,0.0481,-0.19,-27.69,31.06,9.87,-81.09,-171.62
52.3926,-1.5132,147.37,10.72,2,233.56,23 / 23,283128,2019-09-06 18:20:49:810,0.0492,-0.4677,10.2886,0.0206,-0.0266,9.8065,-0.1445,0.111,-0.0981,-2.87,-28.44,29.31,3.24,-81.18,-171.37
52.3926,-1.5132,147.37,10.72,2,233.56,23 / 23,283229,2019-09-06 18:20:49:911,-0.7974,1.5543,10.176,0.0191,-0.0599,9.8064,-0.0206,0.179,-0.0697,-7.19,-28.62,32.38,353.9,-81.18,-172.86
52.3926,-1.5132,147.37,10.72,2,233.56,23 / 23,283328,2019-09-06 18:20:50:010,1.3162,1.3391,10.6538,-0.0077,0.0114,9.8066,0.094,0.1143,0.026,-5.62,-28.44,35.19,356.43,-81.37,-173.38
52.3926,-1.5132,147.37,10.72,2,233.56,21 / 21,283428,2019-09-06 18:20:50:110,-0.0562,-0.3106,9.8709,0.0062,-0.0008,9.8066,0.0643,-0.0008,0.0887,-2.75,-28.56,36.69,2.01,-81.05,-173.62
52.3926,-1.5132,147.37,10.72,2,233.56,21 / 21,283529,2019-09-06 18:20:50:211,0.5689,-0.0199,9.304,-0.0194,0.0132,9.8066,0.0224,0.0308,-0.0446,-1.31,-27.87,35.56,7.15,-80.92,-172.22
52.3926,-1.5132,147.37,10.72,2,233.56,21 / 21,283628,2019-09-06 18:20:50:310,0.2913,-0.3239,9.44,-0.0041,0.0452,9.8064,-0.0447,0.0246,0.0066,-1.12,-28.75,33.63,7.84,-81.13,-171.59
52.3926,-1.5132,147.37,10.72,2,233.56,21 / 21,283728,2019-09-06 18:20:50:410,0.3426,0.8015,10.3179,-0.0065,0.0356,9.8065,-0.0515,0.0137,0.0761,-1.12,-28.87,33.44,8.6,-81.52,-170.86
52.3926,-1.5132,147.37,10.72,2,233.56,21 / 21,283829,2019-09-06 18:20:50:511,0.1318,0.705,9.6618,0.0033,-0.0053,9.8066,0.0444,0.0522,-0.0195,-1.25,-28.87,33.5,10.03,-81.62,-169.63
52.3926,-1.5132,147.37,10.72,2,233.56,21 / 21,283929,2019-09-06 18:20:50:611,0.5143,0.3439,9.2062,-0.01,-0.0171,9.8066,0.0734,0.0175,0.04,-2.12,-29.06,33.69,8.42,-81.5,-169.36
52.3926,-1.5132,147.37,10.72,2,233.56,21 / 21,284029,2019-09-06 18:20:50:711,-0.6318,0.7466,10.4625,-0.0087,-0.0004,9.8066,0.0882,0.0536,0.0331,-1.62,-28.75,32.88,9.4,-81.32,-168.48
52.3926,-1.5132,147.37,10.72,2,233.56,21 / 21,284129,2019-09-06 18:20:50:811,0.6094,0.655,9.9198,-0.0065,-0.014,9.8065,-0.0173,-0.0012,0.0452,-2.19,-28.56,33.38,10.44,-81.2,-167.6
52.3926,-1.5132,147.37,10.72,2,233.56,21 / 21,284229,2019-09-06 18:20:50:911,-0.0465,0.8708,9.2252,-0.0097,0.0104,9.8066,-0.0274,-0.0116,0.0036,-2.44,-28.5,33.56,11.52,-81.17,-166.69
52.3926,-1.5132,147.37,10.72,2,233.56,21 / 21,284330,2019-09-06 18:20:51:012,0.3974,0.63,9.5067,-0.0147,0.0189,9.8066,-0.0463,-0.0218,0.0706,-2.31,-28.94,33.38,13.26,-81.25,-165.18
52.392,-1.51422,148.98,10.08,2,218.57,21 / 21,284428,2019-09-06 18:20:51:110,0.4287,0.5198,9.1247,-0.0024,0.019,9.8066,-0.0901,0.0312,0.0059,-2.69,-28.87,33.44,12.34,-81.4,-164.2
52.392,-1.51422,148.98,10.08,2,218.57,21 / 21,284528,2019-09-06 18:20:51:210,-0.7048,1.3634,10.1046,-0.0139,0.0148,9.8065,0.0094,0.0006,-0.0149,-2.75,-29.5,32.56,13.89,-81.59,-162.82
52.392,-1.51422,148.98,10.08,2,218.57,21 / 21,284629,2019-09-06 18:20:51:311,0.2891,1.0619,10.1109,0.0065,-0.0114,9.8066,0.0447,0.0424,0.0421,-3.12,-29.44,33.5,13.38,-81.6,-163.36
52.392,-1.51422,148.98,10.08,2,218.57,21 / 21,284730,2019-09-06 18:20:51:412,0.3613,0.173,10.5347,-0.0017,-0.0202,9.8066,0.0288,-0.0025,-0.0501,-3.12,-29.12,33.25,13.31,-81.49,-163.34
52.392,-1.51422,148.98,10.08,2,218.57,21 / 21,284828,2019-09-06 18:20:51:510,-0.4961,-1.2744,10.5791,0.0002,0.0045,9.8066,0.1589,-0.0516,0.0571,-2.81,-28.31,33.81,12.94,-81.45,-163.73
52.392,-1.51422,148.98,10.08,2,218.57,21 / 21,284928,2019-09-06 18:20:51:610,0.3362,-0.7577,9.472,-0.008,0.0249,9.8065,0.1517,0.0514,0.0679,-2.69,-28.37,33.75,13.67,-81.45,-163.09
52.392,-1.51422,148.98,10.08,2,218.57,21 / 21,285028,2019-09-06 18:20:51:710,-0.727,-1.1361,9.836,-0.0094,-0.0165,9.8066,-0.0852,0.0959,-0.0732,-3.06,-28.56,34.19,14.34,-81.29,-162.61
52.392,-1.51422,148.98,10.08,2,218.57,21 / 21,285128,2019-09-06 18:20:51:810,-0.5049,0.7178,9.5532,-0.0143,-0.0108,9.8066,-0.1228,0.1399,-0.0967,-2.12,-28.06,33.63,17.18,-81.34,-161.73
52.392,-1.51422,148.98,10.08,2,218.57,21 / 21,285229,2019-09-06 18:20:51:911,2.1662,2.5676,10.9296,-0.0173,-0.0029,9.8066,0.1066,0.0418,0.1373,-2.31,-28.37,32.75,18.06,-81.45,-160.9
52.392,-1.51422,148.98,10.08,2,218.57,21 / 21,285329,2019-09-06 18:20:52:011,-0.6567,0.1347,9.7853,0.0133,0.0293,9.8066,-0.0391,0.0677,0.0194,-2.75,-28.5,33.56,17.08,-81.37,-160.13
52.392,-1.51422,148.98,10.08,2,218.57,21 / 22,285429,2019-09-06 18:20:52:111,0.6727,-1.2808,9.8219,-0.0168,-0.0333,9.8065,-0.0693,0.071,-0.0856,-4.19,-28.81,33.13,16.51,-81.05,-158.98
52.392,-1.51422,148.98,10.08,2,218.57,21 / 22,285529,2019-09-06 18:20:52:211,-1.1914,0.8415,8.442,0.0082,0.0012,9.8066,-0.0471,0.0183,0.1466,-3.81,-28.87,33,16.64,-80.97,-158.9
52.392,-1.51422,148.98,10.08,2,218.57,21 / 22,285629,2019-09-06 18:20:52:311,0.2245,-0.8994,9.6639,-0.0167,0.0033,9.8066,-0.1155,-0.0116,-0.0101,-3.56,-28.62,33.44,17.53,-81.09,-158.09
52.392,-1.51422,148.98,10.08,2,218.57,21 / 22,285729,2019-09-06 18:20:52:411,0.4273,0.3841,10.6644,0.0111,0.0007,9.8065,0.0696,0.0211,0.0045,-2.81,-28.81,33.5,20,-81.19,-157.73
52.392,-1.51422,148.98,10.08,2,218.57,21 / 22,285828,2019-09-06 18:20:52:510,-0.3167,0.2788,10.2353,-0.0029,-0.0491,9.8065,0.057,0.0735,-0.0069,-3.31,-28.75,33.69,19.2,-80.8,-158.55
52.392,-1.51422,148.98,10.08,2,218.57,21 / 22,285928,2019-09-06 18:20:52:610,0.0349,-0.7277,9.8664,0.0063,-0.0373,9.8066,0.0261,0.0065,0.0122,-3.94,-29.12,33.94,16.39,-80.55,-159.37
52.392,-1.51422,148.98,10.08,2,218.57,21 / 22,286028,2019-09-06 18:20:52:710,-0.1038,0.6274,9.4648,-0.0068,0.0217,9.8066,-0.0743,-0.0288,0.0167,-3.37,-28.94,33.44,18.42,-80.53,-159.23
52.392,-1.51422,148.98,10.08,2,218.57,21 / 22,286129,2019-09-06 18:20:52:811,1.042,-0.158,9.0809,0.0037,0.0112,9.8066,-0.151,0.0705,-0.0657,-3.31,-28.81,33.19,19.22,-80.7,-158.49
52.392,-1.51422,148.98,10.08,2,218.57,21 / 22,286229,2019-09-06 18:20:52:911,-0.791,1.9714,9.4994,-0.0126,0.0499,9.8064,0.0736,0.0158,-0.0313,-3.44,-29.37,33.5,20.35,-81.07,-157.46
52.392,-1.51422,148.98,10.08,2,218.57,21 / 22,286329,2019-09-06 18:20:53:011,-0.3709,0.265,10.2928,0.0008,0.0289,9.8065,0.0505,-0.0018,-0.0228,-4.12,-29.5,33.63,18.15,-81.04,-157.71
52.392,-1.51422,148.98,10.08,2,218.57,22 / 22,286428,2019-09-06 18:20:53:110,1.2445,0.4991,10.1243,-0.0067,-0.0173,9.8066,0.0998,-0.0516,0.0506,-3.5,-28.75,33.69,19.37,-80.93,-158.36
52.392,-1.51422,148.98,10.08,2,218.57,22 / 22,286529,2019-09-06 18:20:53:211,-0.5742,-1.1123,10.409,-0.0098,0.0155,9.8066,0.1597,-0.0527,-0.0226,-4.12,-29.37,33.25,18.33,-80.81,-157.49
52.392,-1.51422,148.98,10.08,2,218.57,22 / 22,286629,2019-09-06 18:20:53:311,-0.6351,0.5758,9.9782,0.0002,-0.0231,9.8065,-0.0499,-0.0172,0.0402,-3.75,-29.19,33.25,18.23,-80.79,-157.58
52.392,-1.51422,148.98,10.08,2,218.57,22 / 22,286729,2019-09-06 18:20:53:411,0.7112,-1.0703,9.4753,-0.0061,0,9.8066,-0.042,-0.0113,0.0252,-3.75,-29.56,33.63,18.93,-80.72,-157.22
52.392,-1.51422,148.98,10.08,2,218.57,22 / 22,286828,2019-09-06 18:20:53:510,-0.0809,-1.1671,9.5748,-0.0069,-0.0001,9.8066,-0.1002,-0.005,-0.0205,-4.06,-29.62,33.38,19.31,-80.89,-156.71
52.392,-1.51422,148.98,10.08,2,218.57,22 / 22,286929,2019-09-06 18:20:53:611,0.3154,0.5783,9.6151,0.0099,-0.0173,9.8066,-0.1101,0.0001,0.0092,-4.31,-29.75,33.06,19.1,-80.87,-156.9
52.392,-1.51422,148.98,10.08,2,218.57,22 / 22,287029,2019-09-06 18:20:53:711,-0.2862,-0.6725,9.7819,-0.0024,0.0079,9.8066,0.0391,0.0355,-0.0463,-4.12,-30.44,34.75,19.26,-80.91,-156.99
52.392,-1.51422,148.98,10.08,2,218.57,22 / 22,287128,2019-09-06 18:20:53:810,0.3749,-0.5791,10.272,0.0056,0.0085,9.8066,-0.0277,0.0572,0.0121,-4.81,-29.25,34.13,16.6,-80.99,-157.39
52.392,-1.51422,148.98,10.08,2,218.57,22 / 22,287229,2019-09-06 18:20:53:911,0.173,0.5684,9.951,-0.011,-0.0212,9.8066,-0.0508,-0.0479,-0.0334,-4.69,-30.19,34.75,16.86,-81.05,-157.4
52.392,-1.51422,148.98,10.08,2,218.57,22 / 22,287329,2019-09-06 18:20:54:011,0.5177,-0.3074,10.1217,0.0072,0.0004,9.8065,-0.0466,-0.0441,-0.0653,-4.19,-29.44,34.94,19.18,-80.97,-156.96
52.392,-1.51422,148.98,10.08,2,218.57,21 / 21,287428,2019-09-06 18:20:54:110,-0.2462,1.0958,9.6769,-0.0014,0.0049,9.8066,-0.0009,0.0173,0.091,-4.06,-29.37,34.81,19.65,-81.13,-156.5
52.392,-1.51422,148.98,10.08,2,218.57,21 / 21,287528,2019-09-06 18:20:54:210,0.0881,0.6472,10.0067,-0.0126,-0.0063,9.8066,-0.0751,-0.0058,0.0118,-3.94,-28.69,34.75,20.45,-81.09,-155.81
52.392,-1.51422,148.98,10.08,2,218.57,21 / 21,287628,2019-09-06 18:20:54:310,-0.3368,0.1727,9.8526,0.0127,0.022,9.8066,-0.0072,0.0816,-0.0167,-3.81,-28.5,34.19,20.81,-81.23,-155.24
52.392,-1.51422,148.98,10.08,2,218.57,21 / 21,287729,2019-09-06 18:20:54:411,-0.4255,-0.449,9.495,-0.0021,0.0204,9.8066,0.0378,-0.0245,0.0501,-2.94,-29.12,34.69,22.18,-81.33,-155.85
52.392,-1.51422,148.98,10.08,2,218.57,21 / 21,287828,2019-09-06 18:20:54:510,-0.6591,-0.2067,10.2084,-0.0017,-0.0093,9.8066,-0.0497,0.0104,-0.0113,-3.31,-28.25,34.06,23.38,-81.25,-154.66
52.392,-1.51422,148.98,10.08,2,218.57,21 / 21,287928,2019-09-06 18:20:54:610,0.2014,0.9291,9.9237,0.0132,-0.0076,9.8066,-0.0998,-0.0173,-0.0075,-2.81,-28.25,33.94,22.44,-81.27,-155.48
52.392,-1.51422,148.98,10.08,2,218.57,21 / 21,288028,2019-09-06 18:20:54:710,0.7816,0.6569,9.6126,0.0005,0.0201,9.8066,0.1405,-0.0217,0.0458,-2.75,-28.44,34.25,22.03,-81.41,-155.79
52.392,-1.51422,148.98,10.08,2,218.57,21 / 21,288129,2019-09-06 18:20:54:811,0.0566,0.1115,9.7448,-0.007,0.0031,9.8066,0.011,-0.0188,0.0124,-2.62,-28.62,32.94,22.63,-81.26,-155.35
52.392,-1.51422,148.98,10.08,2,218.57,21 / 21,288229,2019-09-06 18:20:54:911,-0.8814,0.9732,9.333,-0.0044,0.0233,9.8066,-0.0833,-0.0058,0.0571,-3.19,-29.25,32.69,24.28,-81.42,-153.85
52.392,-1.51422,148.98,10.08,2,218.57,21 / 21,288328,2019-09-06 18:20:55:010,0.5491,-0.1277,9.5436,-0.0117,0.0111,9.8065,-0.0276,0.0662,0.001,-3.19,-28.87,32.44,25.42,-81.54,-152.74
52.392,-1.51422,148.98,10.08,2,218.57,21 / 21,288429,2019-09-06 18:20:55:111,0.0736,1.1398,9.4443,-0.0073,0.006,9.8066,-0.0568,0.0714,-0.0505,-3.87,-29.75,32.88,24.29,-81.61,-152.14
52.392,-1.51422,148.98,10.08,2,218.57,21 / 21,288529,2019-09-06 18:20:55:211,-0.5594,0.5551,9.9164,0.0018,0.0018,9.8066,-0.0043,-0.0073,0.0268,-4.25,-29.12,32.81,24.22,-81.71,-152.05
52.392,-1.51422,148.98,10.08,2,218.57,21 / 21,288629,2019-09-06 18:20:55:311,-0.8377,1.0204,9.9546,0.0006,0.0071,9.8066,0.041,0.0341,-0.0854,-3.94,-29.56,32.5,24.23,-81.62,-152.19
52.392,-1.51422,148.98,10.08,2,218.57,21 / 21,288730,2019-09-06 18:20:55:412,0.1009,0.7842,9.8341,0.0037,0.0233,9.8066,0.1215,0.0353,0.0148,-4.62,-29.81,33.69,22.14,-81.76,-152.41
52.392,-1.51422,148.98,10.08,2,218.57,21 / 21,288829,2019-09-06 18:20:55:511,-0.3648,0.656,10.0221,-0.01,-0.021,9.8066,-0.1242,0.0501,-0.0147,-3.81,-30.12,33,24.57,-81.85,-151.79
52.392,-1.51422,148.98,10.08,2,218.57,21 / 21,288930,2019-09-06 18:20:55:612,-0.2942,0.5333,10.3236,-0.0011,-0.002,9.8066,0.0704,-0.0554,0.0562,-4.75,-29.75,33.5,23.84,-81.84,-150.88
52.392,-1.51422,148.98,10.08,2,218.57,21 / 21,289028,2019-09-06 18:20:55:710,-0.3946,0.9231,9.7623,0.0034,-0.0118,9.8066,-0.0579,-0.0196,0.0433,-4.69,-30.12,32.81,24.4,-81.79,-150.25
52.392,-1.51422,148.98,10.08,2,218.57,21 / 21,289129,2019-09-06 18:20:55:811,0.5253,0.8885,9.4364,-0.0066,-0.0248,9.8066,-0.062,0.0294,-0.0223,-4.5,-29.94,33.75,26.26,-81.59,-150.53
52.392,-1.51422,148.98,10.08,2,218.57,21 / 21,289228,2019-09-06 18:20:55:910,-0.4732,1.2162,9.3627,0.0091,0.0259,9.8065,0.0052,0.0289,-0.0227,-4.62,-29.19,33,24.07,-81.49,-150.56
52.392,-1.51422,148.98,10.08,2,218.57,21 / 21,289328,2019-09-06 18:20:56:010,-0.5372,1.2539,9.7597,0.0034,0.0147,9.8066,-0.0378,-0.0252,0.073,-4.81,-29.75,33.06,23.62,-81.75,-150.95
52.392,-1.51422,148.98,10.08,2,218.57,23 / 23,289429,2019-09-06 18:20:56:111,-0.4289,1.0042,9.9286,-0.0087,0.0068,9.8066,0.0616,0.0581,-0.0484,-4.44,-30.06,33.5,26.8,-81.82,-149.96
52.392,-1.51422,148.98,10.08,2,218.57,23 / 23,289528,2019-09-06 18:20:56:210,-0.1286,0.8209,10.3021,-0.0027,0.0003,9.8066,0.058,0.0558,0.0361,-4.81,-30.44,33.13,25.03,-81.85,-149.67
52.392,-1.51422,148.98,10.08,2,218.57,23 / 23,289628,2019-09-06 18:20:56:310,0.5402,1.6677,9.7941,-0.008,-0.0232,9.8065,-0.0454,0.0147,-0.0598,-4.25,-29.94,33.38,26.91,-81.69,-149.82
52.392,-1.51422,148.98,10.08,2,218.57,23 / 23,289728,2019-09-06 18:20:56:410,1.0364,0.313,9.2916,-0.0018,-0.0048,9.8066,-0.0171,0.0502,-0.0521,-5.06,-29.19,33.13,24.53,-81.6,-150.11
52.392,-1.51422,148.98,10.08,2,218.57,23 / 23,289828,2019-09-06 18:20:56:510,-0.3048,1.0289,9.4779,-0.0135,0.0106,9.8066,-0.0048,0.031,-0.0232,-5,-29.56,32.88,24.44,-81.46,-150.35
52.392,-1.51422,148.98,10.08,2,218.57,23 / 23,289932,2019-09-06 18:20:56:614,-0.0875,0.2636,10.7175,0.0032,0.017,9.8065,-0.0139,-0.0372,0.0311,-4.25,-30.31,33.19,27.48,-81.54,-149.38
52.392,-1.51422,148.98,10.08,2,218.57,23 / 23,290029,2019-09-06 18:20:56:711,-0.8786,1.1711,10.6933,0.0046,-0.0034,9.8065,0.0842,0.0609,-0.0416,-5.19,-29.56,33.06,25.76,-81.62,-149.13
52.392,-1.51422,148.98,10.08,2,218.57,23 / 23,290129,2019-09-06 18:20:56:811,-0.5098,1.2641,9.6797,0.006,0.0193,9.8066,0.1595,-0.0806,0.0252,-4.37,-30.25,33,26.89,-81.71,-149.82
52.392,-1.51422,148.98,10.08,2,218.57,23 / 23,290228,2019-09-06 18:20:56:910,0.2243,0.6277,9.328,0.0018,-0.0332,9.8066,-0.0905,-0.0483,0.0461,-5.25,-30,33.69,24.23,-81.49,-150.69
52.392,-1.51422,148.98,10.08,2,218.57,23 / 23,290328,2019-09-06 18:20:57:010,-0.6572,0.1859,9.6114,-0.0106,-0.0007,9.8066,-0.0345,0.005,-0.0027,-4.56,-30.37,33.25,25.57,-81.54,-149.33
52.392,-1.51422,148.98,10.08,2,218.57,21 / 21,290428,2019-09-06 18:20:57:110,-0.3845,1.3811,9.8099,0.0026,0.0272,9.8065,-0.0496,0.04,-0.0126,-4.5,-30.62,32.88,28.46,-81.76,-148.54
52.392,-1.51422,148.98,10.08,2,218.57,21 / 21,290529,2019-09-06 18:20:57:211,-0.5792,2.1205,9.6958,0.0078,0.0106,9.8066,-0.0346,0.0063,0.0318,-4.37,-30.5,33.25,28.56,-82.05,-148.19
52.392,-1.51422,148.98,10.08,2,218.57,21 / 21,290628,2019-09-06 18:20:57:310,0.6073,0.7431,9.6549,-0.0079,0.0163,9.8066,0.1051,-0.0028,0.0289,-4.56,-29.62,32.94,26.42,-82.01,-148.38
52.392,-1.51422,148.98,10.08,2,218.57,21 / 21,290729,2019-09-06 18:20:57:411,0.1372,0.9362,9.6754,-0.0138,0.0139,9.8066,0.0382,0.0394,-0.0238,-4.12,-30.31,33.56,29.75,-81.9,-147.31
52.392,-1.51422,148.98,10.08,2,218.57,21 / 21,290829,2019-09-06 18:20:57:511,0.2623,0.4392,9.5296,-0.0015,-0.0057,9.8066,-0.0312,0.0367,0.0162,-5.06,-30.06,33.38,27.57,-81.83,-147.46
52.392,-1.51422,148.98,10.08,2,218.57,21 / 21,290928,2019-09-06 18:20:57:610,-0.228,0.8993,10.1921,-0.0068,0.0027,9.8066,-0.0399,-0.0112,0.0332,-5.31,-30.37,33.38,28.39,-81.84,-146.72
52.392,-1.51422,148.98,10.08,2,218.57,21 / 21,291028,2019-09-06 18:20:57:710,0.3023,0.1599,9.2445,-0.0092,0.0038,9.8066,-0.0536,-0.0104,0.0635,-5.37,-30.06,33,29.73,-81.82,-145.55
52.392,-1.51422,148.98,10.08,2,218.57,21 / 21,291128,2019-09-06 18:20:57:810,0.326,0.4219,9.0825,-0.0304,0.0027,9.8065,-0.0383,0.023,0.0548,-5.87,-30.19,33.56,30.36,-81.75,-143.52
52.392,-1.51422,148.98,10.08,2,218.57,21 / 21,291229,2019-09-06 18:20:57:911,-0.1168,1.3781,9.8689,-0.0232,0.0137,9.8066,-0.0107,0.0291,0.0149,-5.75,-30.37,32.44,33.64,-81.63,-140.3
52.392,-1.51422,148.98,10.08,2,218.57,21 / 21,291329,2019-09-06 18:20:58:011,-0.4384,0.5975,10.289,-0.0102,-0.0046,9.8066,-0.0077,-0.0213,0.0324,-5.5,-29.81,33.06,36.73,-81.54,-139.51
52.392,-1.51422,148.98,10.08,2,218.57,23 / 23,291429,2019-09-06 18:20:58:111,0.1568,0.4445,9.9978,-0.0077,-0.0179,9.8066,0.0132,-0.0528,0.0297,-5.69,-30.75,32.88,35.49,-81.31,-139.19
52.392,-1.51422,148.98,10.08,2,218.57,23 / 23,291529,2019-09-06 18:20:58:211,0.1105,0.571,9.5303,-0.0077,-0.0168,9.8066,0.0397,-0.0134,-0.0013,-5.44,-29.62,33.5,37.38,-81.11,-139.3
52.392,-1.51422,148.98,10.08,2,218.57,23 / 23,291629,2019-09-06 18:20:58:311,-0.254,0.8102,9.7838,-0.0015,0.0021,9.8066,-0.0236,-0.0099,0.0114,-5.94,-30.37,33.25,35.34,-81.02,-139.34
52.392,-1.51422,148.98,10.08,2,218.57,23 / 23,291729,2019-09-06 18:20:58:411,0.2089,0.7187,9.4828,-0.0002,0.004,9.8066,-0.092,0.0063,-0.0347,-5.37,-30.31,33.31,37.8,-81.09,-138.84
52.392,-1.51422,148.98,10.08,2,218.57,23 / 23,291829,2019-09-06 18:20:58:511,-0.3682,0.8456,10.0534,-0.0168,0.0333,9.8065,0.0649,0.0003,0.0264,-5.87,-30.25,32.88,37.99,-81.32,-136.81
52.392,-1.51422,148.98,10.08,2,218.57,23 / 23,291929,2019-09-06 18:20:58:611,0.1337,0.3437,10.0573,-0.0085,0.0358,9.8065,0.0525,0.0151,-0.0138,-5.75,-30.12,33.19,38.77,-81.3,-136.13
52.392,-1.51422,148.98,10.08,2,218.57,23 / 23,292030,2019-09-06 18:20:58:712,-0.2812,1.0479,10.9152,0.0059,-0.034,9.8065,0.0128,0.0092,-0.0307,-6.44,-30.44,32.94,38.15,-81.26,-136.71
52.392,-1.51422,148.98,10.08,2,218.57,23 / 23,292128,2019-09-06 18:20:58:810,0.455,1.1443,9.9915,0.026,-0.0347,9.8065,0.0732,0.0142,-0.0544,-5.62,-29.94,33.38,34.95,-81.07,-139.65
52.392,-1.51422,148.98,10.08,2,218.57,23 / 23,292229,2019-09-06 18:20:58:911,0.333,0.1019,9.1441,0.0145,-0.0175,9.8066,0.0544,0.0547,-0.0207,-5.62,-29.75,34.19,31.55,-80.83,-142.94
52.392,-1.51422,148.98,10.08,2,218.57,23 / 23,292329,2019-09-06 18:20:59:011,0.1609,0.2882,9.3841,0.003,-0.0138,9.8066,0.0003,0.0039,-0.0304,-5.62,-29.94,33.69,30.44,-80.72,-143.96
52.392,-1.51422,148.98,10.08,2,218.57,21 / 21,292428,2019-09-06 18:20:59:110,-0.2047,0.5379,9.6365,0.0124,0.031,9.8065,-0.1066,0.0169,-0.067,-5.37,-29.75,34.31,32.45,-81.01,-143.72
52.392,-1.51422,148.98,10.08,2,218.57,21 / 21,292529,2019-09-06 18:20:59:211,0.0565,1.3013,9.7724,0.0093,0.042,9.8065,-0.0755,-0.0046,-0.0282,-5.06,-30.69,33.44,33.77,-81.71,-142.17
52.392,-1.51422,148.98,10.08,2,218.57,21 / 21,292628,2019-09-06 18:20:59:310,0.1852,0.9471,9.6091,0.0062,0.0156,9.8065,-0.0488,-0.0123,-0.0182,-5.06,-29.81,33,34.02,-81.96,-141.67
52.392,-1.51422,148.98,10.08,2,218.57,21 / 21,292729,2019-09-06 18:20:59:411,0.2009,0.5144,9.7874,-0.0143,-0.0097,9.8065,0.0484,0.0128,0.0441,-4.87,-30.12,33.44,34.92,-81.88,-140.92
52.392,-1.51422,148.98,10.08,2,218.57,21 / 21,292830,2019-09-06 18:20:59:512,-0.3937,0.6015,9.9519,-0.0098,-0.029,9.8065,0.0214,0.011,0.0578,-5.62,-30.5,33.19,33.34,-81.65,-140.74
52.392,-1.51422,148.98,10.08,2,218.57,21 / 21,292929,2019-09-06 18:20:59:611,0.0188,0.2159,10.1752,0.0036,-0.0156,9.8066,0.0051,0.0219,-0.0385,-5.81,-29.75,33.56,33.52,-81.45,-140.87
52.392,-1.51422,148.98,10.08,2,218.57,21 / 21,293029,2019-09-06 18:20:59:711,-0.8478,0.3568,10.1421,0.0055,-0.0007,9.8066,0.0454,-0.0148,0.0017,-5.06,-29.75,33.31,34.28,-81.4,-141.76
52.392,-1.51422,148.98,10.08,2,218.57,21 / 21,293128,2019-09-06 18:20:59:810,-0.0404,0.1004,9.3427,0.0098,0.002,9.8066,-0.0027,0.0202,0.0093,-5.19,-29.5,34.06,33.57,-81.5,-142.32
52.392,-1.51422,148.98,10.08,2,218.57,21 / 21,293229,2019-09-06 18:20:59:911,-0.3992,0.4847,9.4306,-0.0044,0.0004,9.8066,0.0215,0.0501,-0.0224,-5.44,-30.94,33.88,34.17,-81.54,-142.04
52.392,-1.51422,148.98,10.08,2,218.57,21 / 21,293329,2019-09-06 18:21:00:011,-0.2433,0.1445,9.8629,0.0005,0.0241,9.8065,-0.0087,0.0202,-0.0302,-5.19,-29.5,32.94,34.71,-81.7,-141.06
52.39139,-1.514976,150.77,7.28,2,215.7,22 / 22,293429,2019-09-06 18:21:00:111,-0.4777,0.4283,9.8349,0.0081,0.0313,9.8065,0.0085,0.0339,-0.0497,-5.62,-29.69,32.81,33.3,-81.95,-140.61
52.39139,-1.514976,150.77,7.28,2,215.7,22 / 22,293529,2019-09-06 18:21:00:211,0.2958,1.0115,10.0397,0.006,0.0032,9.8066,-0.0489,0.0011,-0.0257,-5,-30.19,32.81,35.47,-82.11,-140.29
52.39139,-1.514976,150.77,7.28,2,215.7,22 / 22,293628,2019-09-06 18:21:00:310,-0.1306,0.7479,9.679,-0.001,-0.0082,9.8066,0.0416,0.0419,0.0048,-5.5,-29.81,32.88,35.71,-82.15,-140.05
52.39139,-1.514976,150.77,7.28,2,215.7,22 / 22,293729,2019-09-06 18:21:00:411,0.1042,0.7454,9.635,-0.0097,-0.0084,9.8066,-0.0009,0.0193,-0.0035,-5.75,-30.25,33.5,34.34,-82.02,-139.83
52.39139,-1.514976,150.77,7.28,2,215.7,22 / 22,293828,2019-09-06 18:21:00:510,-0.3682,0.3051,9.7058,0.0001,-0.004,9.8066,-0.0254,-0.0203,0.0189,-5.12,-30.25,32.75,35.97,-81.95,-139.94
52.39139,-1.514976,150.77,7.28,2,215.7,22 / 22,293930,2019-09-06 18:21:00:612,-0.3753,0.6671,10.0547,-0.0029,0.0074,9.8066,0.0083,-0.0135,0.0216,-5.75,-29.75,33.13,34.4,-81.92,-139.64
52.39139,-1.514976,150.77,7.28,2,215.7,22 / 22,294029,2019-09-06 18:21:00:711,-0.1831,0.8905,10.0659,-0.0004,0.012,9.8066,-0.0504,0.008,-0.0027,-5.69,-30.31,33.5,35.57,-82.01,-138.72
52.39139,-1.514976,150.77,7.28,2,215.7,22 / 22,294129,2019-09-06 18:21:00:811,0.1253,1.0554,9.7882,0.0021,0.0158,9.8066,0.0053,0.0042,-0.0128,-5.5,-30.37,33.06,38.25,-82.15,-137.77
52.39139,-1.514976,150.77,7.28,2,215.7,22 / 22,294229,2019-09-06 18:21:00:911,0.206,0.3543,9.6345,0.0002,0.004,9.8066,-0.0027,0.0257,-0.0166,-5.44,-30.06,33.06,38.52,-82.22,-137.49
52.39139,-1.514976,150.77,7.28,2,215.7,22 / 22,294329,2019-09-06 18:21:01:011,-0.3881,0.8824,9.7588,-0.0033,0.0137,9.8066,-0.0246,-0.0077,-0.0157,-5.56,-30.94,32.81,37.42,-82.28,-136.86
52.39139,-1.514976,150.77,7.28,2,215.7,21 / 21,294428,2019-09-06 18:21:01:110,0.0901,0.8082,9.9157,0.0042,-0.0066,9.8066,-0.0287,0.0183,-0.0136,-5.37,-29.87,32.88,38.95,-82.31,-137.04
52.39139,-1.514976,150.77,7.28,2,215.7,21 / 21,294528,2019-09-06 18:21:01:210,0.0035,0.9668,9.9378,-0.0017,0.0005,9.8065,0.0564,0.002,0.0117,-5.69,-29.81,33.38,36.92,-82.38,-137.12
52.39139,-1.514976,150.77,7.28,2,215.7,21 / 21,294628,2019-09-06 18:21:01:310,0.057,0.8573,10.1374,0.0015,-0.0023,9.8066,0.0035,0.0095,-0.0256,-5.62,-30.56,33,37.21,-82.36,-137.01
52.39139,-1.514976,150.77,7.28,2,215.7,21 / 21,294729,2019-09-06 18:21:01:411,-0.1421,1.0017,10.0762,0.0032,0.0051,9.8066,0.0188,-0.0234,0.0124,-5.44,-29.62,32.5,38.62,-82.36,-137.31
52.39139,-1.514976,150.77,7.28,2,215.7,21 / 21,294828,2019-09-06 18:21:01:510,-0.0141,1.0573,10.0813,0.002,-0.0068,9.8066,0.035,0.0323,-0.0238,-5.12,-29.94,33.75,38.16,-82.3,-137.88
52.39139,-1.514976,150.77,7.28,2,215.7,21 / 21,294929,2019-09-06 18:21:01:611,-0.142,1.242,10.2021,0.0012,-0.0081,9.8066,0.0384,0.019,-0.0238,-5.5,-30.37,33.25,36.96,-82.21,-138.89
52.39139,-1.514976,150.77,7.28,2,215.7,21 / 21,295029,2019-09-06 18:21:01:711,0.0582,0.8113,9.3387,0.0073,0.0056,9.8066,0.0449,0.0002,0.0047,-5.69,-30.37,33.19,34.08,-82.21,-139.77
52.39139,-1.514976,150.77,7.28,2,215.7,21 / 21,295129,2019-09-06 18:21:01:811,-0.1497,1.3103,9.5101,-0.0022,-0.0028,9.8066,-0.0219,-0.0013,-0.0014,-5.19,-29.81,34.25,35.94,-82.13,-139.99
52.39139,-1.514976,150.77,7.28,2,215.7,21 / 21,295229,2019-09-06 18:21:01:911,-0.1065,1.2518,10.344,-0.004,0.0044,9.8066,0.0201,0.0029,-0.006,-5.69,-30.25,33.75,34.71,-82.14,-139.43
52.39139,-1.514976,150.77,7.28,2,215.7,21 / 21,295329,2019-09-06 18:21:02:011,-0.049,1.0792,10.1084,0.0063,0.0048,9.8066,-0.0187,0.0018,-0.0011,-5.5,-29.94,33.31,36.49,-82.29,-139.27
52.39139,-1.514976,150.77,7.28,2,215.7,21 / 21,295429,2019-09-06 18:21:02:111,0.177,0.6225,9.4085,0.0002,0.0105,9.8066,-0.0081,0.0151,-0.0021,-5.5,-30,33.56,37.19,-82.43,-138.68
52.39139,-1.514976,150.77,7.28,2,215.7,21 / 21,295528,2019-09-06 18:21:02:210,-0.2591,1.2685,9.8703,-0.001,0.0099,9.8066,-0.0193,0.0018,-0.0264,-5.94,-30.25,33.69,36.22,-82.5,-137.86
52.39139,-1.514976,150.77,7.28,2,215.7,21 / 21,295628,2019-09-06 18:21:02:310,-0.408,1.0396,10.096,0.0016,0.0008,9.8065,0.006,-0.0146,0.0158,-5.19,-30.19,33.56,37.85,-82.54,-138.02
52.39139,-1.514976,150.77,7.28,2,215.7,21 / 21,295728,2019-09-06 18:21:02:410,-0.0533,0.791,9.8919,0.0009,-0.0012,9.8066,0.0418,0.0072,0.0024,-5.12,-29.44,33.5,37.39,-82.49,-138.33
52.39139,-1.514976,150.77,7.28,2,215.7,21 / 21,295828,2019-09-06 18:21:02:510,0.1729,1.1188,9.6514,-0.0002,-0.0028,9.8066,0.0269,0.0204,0.0055,-5.5,-30.06,34.06,37.45,-82.47,-138.42
52.39139,-1.514976,150.77,7.28,2,215.7,21 / 21,295928,2019-09-06 18:21:02:610,-0.3267,0.8591,9.8908,-0.0038,0.0043,9.8066,-0.0211,-0.0013,0.0065,-5.37,-30.19,33.63,38.07,-82.51,-137.83
52.39139,-1.514976,150.77,7.28,2,215.7,21 / 21,296028,2019-09-06 18:21:02:710,-0.2167,0.8046,9.7966,0.003,0.0011,9.8066,-0.0045,-0.0001,-0.0004,-5.37,-30,33.06,37.85,-82.53,-137.89
52.39139,-1.514976,150.77,7.28,2,215.7,21 / 21,296129,2019-09-06 18:21:02:811,-0.0538,0.8606,9.7998,-0.0012,0.001,9.8066,-0.026,0.0121,-0.0038,-5.37,-29.69,33.69,38.28,-82.58,-137.6
52.39139,-1.514976,150.77,7.28,2,215.7,21 / 21,296228,2019-09-06 18:21:02:910,-0.0205,0.6347,10.0453,0.0005,0.0075,9.8066,-0.0035,0.0186,0.0063,-5.37,-29.75,34.25,38.71,-82.65,-137.17
52.39139,-1.514976,150.77,7.28,2,215.7,21 / 21,296329,2019-09-06 18:21:03:011,-0.1545,1.2399,10.1062,-0.0005,0.0006,9.8066,0.0129,0.0223,-0.0249,-5.62,-30.37,33.13,37.02,-82.74,-136.81
52.39139,-1.514976,150.77,7.28,2,215.7,22 / 22,296428,2019-09-06 18:21:03:110,-0.2371,0.5837,9.694,0.0057,-0.0012,9.8066,0.0183,-0.0102,0.0183,-5.06,-29.69,33.5,38.54,-82.75,-137.26
52.39139,-1.514976,150.77,7.28,2,215.7,22 / 22,296528,2019-09-06 18:21:03:210,-0.2806,0.717,9.8526,-0.0042,-0.0071,9.8065,0.0013,0.0146,-0.0062,-5.25,-29.25,33.81,38.54,-82.66,-137.18
52.39139,-1.514976,150.77,7.28,2,215.7,22 / 22,296628,2019-09-06 18:21:03:310,-0.0066,0.8538,9.917,0.0036,0.007,9.8066,-0.0076,0.0034,0.0053,-4.87,-30,33.75,38.54,-82.68,-137.3
52.39139,-1.514976,150.77,7.28,2,215.7,22 / 22,296729,2019-09-06 18:21:03:411,-0.3455,0.8608,10.0375,-0.004,-0.0005,9.8066,0.0409,0.0073,-0.0255,-5.5,-30.12,33.75,38.76,-82.66,-137.12
52.39139,-1.514976,150.77,7.28,2,215.7,22 / 22,296828,2019-09-06 18:21:03:510,0.2145,0.3999,9.9035,0.0052,0.005,9.8066,0.0077,0.018,-0.0134,-5.25,-29.62,33.38,38.04,-82.64,-137.65
52.39139,-1.514976,150.77,7.28,2,215.7,22 / 22,296929,2019-09-06 18:21:03:611,0.1509,0.706,9.6697,-0.0053,-0.0036,9.8066,0.0168,0.0138,0.0175,-5.19,-29.31,33.06,37.79,-82.65,-137.74
52.39139,-1.514976,150.77,7.28,2,215.7,22 / 22,297028,2019-09-06 18:21:03:710,-0.2432,0.832,9.8898,-0.0044,0.0006,9.8066,0.0001,0.0223,-0.0112,-5.62,-29.87,34.13,36.99,-82.6,-137.11
52.39139,-1.514976,150.77,7.28,2,215.7,22 / 22,297128,2019-09-06 18:21:03:810,-0.5885,0.951,10.0247,-0.006,0.0025,9.8066,0.0189,0.0265,-0.0172,-5.12,-30.19,33.56,39.39,-82.62,-136.57
52.39139,-1.514976,150.77,7.28,2,215.7,22 / 22,297228,2019-09-06 18:21:03:910,-0.119,0.8309,9.8469,0.0081,0.0135,9.8066,0.0688,-0.004,0.0043,-5.19,-29.31,33.75,39.12,-82.69,-136.64
52.39139,-1.514976,150.77,7.28,2,215.7,22 / 22,297329,2019-09-06 18:21:04:011,-0.007,0.5231,9.6215,0,0.0063,9.8066,0.0141,0.007,-0.0394,-5.37,-29.06,33.88,38.39,-82.67,-137.32
52.39139,-1.514976,150.77,7.28,2,215.7,23 / 23,297428,2019-09-06 18:21:04:110,-0.1226,-0.0901,9.7369,0.004,0.009,9.8066,0.0453,-0.0186,0.0294,-5.25,-29,33.75,38.07,-82.71,-137.59
52.39139,-1.514976,150.77,7.28,2,215.7,23 / 23,297529,2019-09-06 18:21:04:211,-0.1216,0.4406,10.0596,-0.0061,-0.0044,9.8066,-0.0512,-0.0043,0.0127,-5.37,-29,34.13,38.73,-82.73,-136.97
52.39139,-1.514976,150.77,7.28,2,215.7,23 / 23,297629,2019-09-06 18:21:04:311,-0.0349,0.6632,9.8424,-0.005,0.0052,9.8066,-0.0344,0.0077,0.0147,-5.69,-29.56,33.56,38.18,-82.73,-135.95
52.39139,-1.514976,150.77,7.28,2,215.7,23 / 23,297728,2019-09-06 18:21:04:410,-0.2664,0.8645,9.9459,-0.0041,0.0061,9.8066,0.0111,0.0085,0.002,-5.56,-29.62,33.38,39.15,-82.75,-134.87
52.39139,-1.514976,150.77,7.28,2,215.7,23 / 23,297829,2019-09-06 18:21:04:511,-0.2014,0.0257,9.9152,-0.0016,0.0053,9.8066,-0.0196,0.0117,-0.0104,-6.19,-29.87,32.94,39.56,-82.76,-134.49
52.39139,-1.514976,150.77,7.28,2,215.7,23 / 23,297929,2019-09-06 18:21:04:611,-0.1115,0.2787,9.9769,-0.0004,0.007,9.8065,0.0165,-0.0129,0.0092,-5.19,-28.75,33.69,41.8,-82.83,-134.1
52.39139,-1.514976,150.77,7.28,2,215.7,23 / 23,298028,2019-09-06 18:21:04:710,-0.1437,0.5209,9.9207,-0.0026,0.007,9.8066,-0.057,0.0032,-0.0038,-5.06,-29.37,33.63,42.03,-82.82,-133.89
52.39139,-1.514976,150.77,7.28,2,215.7,23 / 23,298128,2019-09-06 18:21:04:810,0.0602,-0.1658,9.9441,-0.0004,0.0089,9.8065,0.0831,0.0109,0.0062,-5.44,-29.5,33.88,42.15,-82.88,-133.74
52.39139,-1.514976,150.77,7.28,2,215.7,23 / 23,298229,2019-09-06 18:21:04:911,-0.0496,-0.0914,9.8873,-0.0031,0.0105,9.8066,-0.0802,0.0185,-0.0146,-5.56,-29.69,33.44,41.03,-82.92,-133.04
52.39139,-1.514976,150.77,7.28,2,215.7,23 / 23,298328,2019-09-06 18:21:05:010,0.0749,0.3429,10.0372,0.0017,-0.009,9.8066,-0.044,0.0098,0.027,-6,-29.06,33.31,40.89,-82.92,-133.03
52.39139,-1.514976,150.77,7.28,2,215.7,21 / 22,298428,2019-09-06 18:21:05:110,-0.162,0.4843,9.5148,-0.0042,-0.0142,9.8065,0.0299,-0.0052,0.0041,-5.62,-29.5,32.88,41.3,-82.9,-132.67
52.39139,-1.514976,150.77,7.28,2,215.7,21 / 22,298529,2019-09-06 18:21:05:211,-0.2568,0.2284,9.763,-0.0009,0.0153,9.8066,-0.0142,-0.002,-0.0251,-5.94,-29.06,33.13,42.17,-82.92,-131.87
52.39139,-1.514976,150.77,7.28,2,215.7,21 / 22,298628,2019-09-06 18:21:05:310,-0.3656,-0.1317,9.7603,-0.0009,0.0081,9.8066,-0.0006,0.0048,0.024,-4.94,-29.06,33.88,44.19,-82.94,-131.82
52.39139,-1.514976,150.77,7.28,2,215.7,21 / 22,298729,2019-09-06 18:21:05:411,0.1067,-0.0987,9.9761,-0.0025,0.0063,9.8065,0.017,0.0071,-0.0053,-6.19,-29.56,33.75,42.74,-82.95,-131.63
52.39139,-1.514976,150.77,7.28,2,215.7,21 / 22,298829,2019-09-06 18:21:05:511,0.0008,0.5187,10.0205,-0.0028,0.0078,9.8066,-0.0001,-0.0212,0.0036,-6.12,-29.5,33.25,43.16,-82.98,-130.91
52.39139,-1.514976,150.77,7.28,2,215.7,21 / 22,298929,2019-09-06 18:21:05:611,-0.0928,0.3659,9.8955,-0.0024,0,9.8066,-0.0142,0.0068,0.0064,-5.94,-28.87,33.38,43.77,-82.96,-130.36
52.39139,-1.514976,150.77,7.28,2,215.7,21 / 22,299029,2019-09-06 18:21:05:711,-0.317,0.2404,9.7596,-0.0016,-0.0033,9.8066,-0.0197,-0.0118,-0.0013,-5.75,-29.12,33.38,43.97,-82.94,-130.19
52.39139,-1.514976,150.77,7.28,2,215.7,21 / 22,299128,2019-09-06 18:21:05:810,-0.1796,0.5209,9.9729,0.006,0.0085,9.8066,0.0324,-0.0024,-0.0159,-5.75,-28.81,33.56,44.09,-83.01,-130.21
52.39139,-1.514976,150.77,7.28,2,215.7,21 / 22,299228,2019-09-06 18:21:05:910,0.1593,-0.2402,9.637,0.0013,0.0024,9.8066,0.022,0.0014,0.0149,-5.62,-28.87,33.75,43.6,-83.06,-130.63
52.39139,-1.514976,150.77,7.28,2,215.7,21 / 22,299328,2019-09-06 18:21:06:010,-0.0325,0.576,9.9445,0.0012,0.0041,9.8066,0.0141,0.011,-0.0229,-5.94,-28.75,34.06,43.67,-83.06,-130.57
52.39139,-1.514976,150.77,7.28,2,215.7,21 / 22,299429,2019-09-06 18:21:06:111,0.0814,0.1735,9.9059,0.003,-0.0008,9.8066,-0.0017,-0.0033,0.0056,-6.31,-28.94,33.31,42.83,-83.1,-131.13
52.39139,-1.514976,150.77,7.28,2,215.7,21 / 22,299529,2019-09-06 18:21:06:211,0.0671,-0.185,9.6965,-0.0027,0.0026,9.8066,-0.0147,-0.004,0.0131,-6,-29.31,33.31,43.35,-83.11,-130.65
52.39139,-1.514976,150.77,7.28,2,215.7,21 / 22,299628,2019-09-06 18:21:06:310,-0.1674,-0.0545,9.836,0.0003,-0.0009,9.8066,-0.015,0.0176,-0.0093,-5.75,-29,32.88,43.4,-83.14,-130.58
52.39139,-1.514976,150.77,7.28,2,215.7,21 / 22,299729,2019-09-06 18:21:06:411,-0.0715,0.2824,10.0828,0.0033,0.0001,9.8066,0.0029,-0.0005,0.0034,-6.5,-28.87,33.31,43.27,-83.17,-130.69
52.39139,-1.514976,150.77,7.28,2,215.7,21 / 22,299828,2019-09-06 18:21:06:510,-0.0439,0.2243,9.9936,0.0015,0.004,9.8066,0.0023,0.007,-0.0061,-5.81,-28.94,33.06,43.39,-83.2,-130.55
52.39139,-1.514976,150.77,7.28,2,215.7,21 / 22,299928,2019-09-06 18:21:06:610,-0.1112,0.1209,9.9046,0.0023,0.0067,9.8066,0.0066,0.0003,0.0038,-5.69,-29.69,33.75,43.82,-83.25,-130.44
52.39139,-1.514976,150.77,7.28,2,215.7,21 / 22,300029,2019-09-06 18:21:06:711,-0.1959,0.2497,10.0896,0.0038,-0.0023,9.8066,-0.0051,-0.0084,-0.0186,-5.81,-28.94,33.31,43.39,-83.28,-130.51
52.39139,-1.514976,150.77,7.28,2,215.7,21 / 22,300129,2019-09-06 18:21:06:811,-0.1309,0.0047,9.7636,0.0069,0.003,9.8066,-0.0158,0.0031,-0.0341,-5.62,-29.5,33.44,43.3,-83.37,-130.53
52.39139,-1.514976,150.77,7.28,2,215.7,21 / 22,300228,2019-09-06 18:21:06:910,-0.0033,0.2793,9.6802,0.007,0.0075,9.8066,-0.0177,0.0184,0.0113,-5.81,-29.5,33,43.24,-83.5,-130.5
52.39139,-1.514976,150.77,7.28,2,215.7,21 / 22,300329,2019-09-06 18:21:07:011,0.1613,0.3618,9.8548,0.0012,0.0011,9.8066,-0.0031,0.003,0.0041,-5.37,-29.56,33.38,45.23,-83.62,-130.41
52.39139,-1.514976,150.77,7.28,2,215.7,22 / 22,300428,2019-09-06 18:21:07:110,-0.0229,0.1472,9.7548,-0.0016,0.0041,9.8066,-0.0085,-0.0027,-0.0103,-5.5,-29.75,32.63,45.51,-83.6,-130.16
52.39139,-1.514976,150.77,7.28,2,215.7,22 / 22,300529,2019-09-06 18:21:07:211,-0.1085,0.1541,9.8923,-0.0033,0.0038,9.8066,0.012,0.0069,0.0042,-5.62,-29.5,33.06,43.93,-83.61,-129.78
52.39139,-1.514976,150.77,7.28,2,215.7,22 / 22,300628,2019-09-06 18:21:07:310,-0.0475,0.0752,9.7651,-0.002,-0.0013,9.8066,-0.0042,-0.0105,0.0306,-6.25,-29.12,33.44,44.15,-83.58,-129.6
52.39139,-1.514976,150.77,7.28,2,215.7,22 / 22,300729,2019-09-06 18:21:07:411,-0.193,-0.2725,9.5822,0.0003,0.0005,9.8066,0.0012,0.0106,-0.0218,-6.56,-28.87,33.44,42.57,-83.57,-129.38
52.39139,-1.514976,150.77,7.28,2,215.7,22 / 22,300829,2019-09-06 18:21:07:511,-0.0495,0.1207,9.9764,0.004,0.0012,9.8066,-0.0121,-0.0115,-0.0091,-6.19,-29.31,33.63,44.53,-83.64,-129.39
52.39139,-1.514976,150.77,7.28,2,215.7,22 / 22,300929,2019-09-06 18:21:07:611,-0.0719,0.2128,9.9981,0.0041,0.0013,9.8066,-0.0129,-0.006,0.0006,-5.75,-29.37,33.94,44.28,-83.71,-129.58
52.39139,-1.514976,150.77,7.28,2,215.7,22 / 22,301028,2019-09-06 18:21:07:710,-0.0001,-0.0353,9.759,-0.0022,0.002,9.8066,0.0098,-0.0071,0.0015,-5.81,-29.37,33.56,44.51,-83.74,-129.34
52.39139,-1.514976,150.77,7.28,2,215.7,22 / 22,301129,2019-09-06 18:21:07:811,-0.0667,-0.3111,9.7732,-0.0025,0.0018,9.8066,0.0041,-0.0153,-0.0044,-5.81,-29.81,33.56,44.88,-83.73,-129.14
52.39139,-1.514976,150.77,7.28,2,215.7,22 / 22,301229,2019-09-06 18:21:07:911,-0.0254,-0.0754,9.9449,-0.0015,0.0012,9.8065,-0.0034,-0.012,0.0052,-5.81,-29.44,33,44.9,-83.73,-128.8
52.39139,-1.514976,150.77,7.28,2,215.7,22 / 22,301329,2019-09-06 18:21:08:011,-0.0742,-0.0016,9.8121,-0.0002,0.0002,9.8066,0.0203,-0.0044,0.0001,-5.56,-30,33.69,45.31,-83.72,-128.74
52.39139,-1.514976,150.77,7.28,2,215.7,21 / 22,301428,2019-09-06 18:21:08:110,0.0307,-0.1491,9.7915,0.0009,0.0031,9.8066,0.0094,-0.0019,-0.011,-5.75,-29.62,33.38,45.09,-83.75,-128.75
52.39139,-1.514976,150.77,7.28,2,215.7,21 / 22,301529,2019-09-06 18:21:08:211,-0.0093,-0.2773,9.7509,0.0014,0.0046,9.8066,0.0111,0.0047,-0.0009,-5.87,-29.44,33.31,45.02,-83.79,-128.65
52.39139,-1.514976,150.77,7.28,2,215.7,21 / 22,301628,2019-09-06 18:21:08:310,-0.1008,-0.0547,9.9172,-0.0021,0.0029,9.8066,0.0028,0.008,-0.0043,-5.62,-29.12,33.56,45.45,-83.83,-128.41
52.39139,-1.514976,150.77,7.28,2,215.7,21 / 22,301729,2019-09-06 18:21:08:411,-0.0078,-0.1839,10.0507,0.0007,0.0058,9.8066,-0.0079,0.0002,0.0005,-5.94,-29.25,33.38,45.65,-83.85,-128.02
52.39139,-1.514976,150.77,7.28,2,215.7,21 / 22,301829,2019-09-06 18:21:08:511,-0.0143,-0.4852,10.0449,0.0007,-0.0011,9.8066,0.0023,0.0104,0.0105,-5.5,-29.37,33.75,47.84,-83.89,-127.79
52.39139,-1.514976,150.77,7.28,2,215.7,21 / 22,301928,2019-09-06 18:21:08:610,0.1626,-0.8388,9.8991,-0.0022,-0.0058,9.8066,-0.0046,0.0204,-0.0024,-5.62,-29.31,33.13,45.88,-83.87,-127.79
52.39139,-1.514976,150.77,7.28,2,215.7,21 / 22,302029,2019-09-06 18:21:08:711,-0.0496,-0.6178,9.7771,-0.0023,0.0005,9.8066,0.0071,-0.0052,0.0066,-5.37,-29.69,33.88,47.95,-83.85,-127.84
52.39139,-1.514976,150.77,7.28,2,215.7,21 / 22,302128,2019-09-06 18:21:08:810,-0.0387,-0.8893,9.7693,-0.0004,-0.0012,9.8066,-0.0052,-0.0015,-0.0027,-6,-29.87,33.56,46.31,-83.82,-127.74
52.39139,-1.514976,150.77,7.28,2,215.7,21 / 22,302229,2019-09-06 18:21:08:911,-0.0392,-1.2918,9.8739,0.0004,-0.0055,9.8065,-0.006,-0.0224,-0.0002,-6.06,-30.06,33.81,46.17,-83.82,-127.87
52.39139,-1.514976,150.77,7.28,2,215.7,21 / 22,302329,2019-09-06 18:21:09:011,-0.012,-1.0083,9.9618,-0.0016,-0.0007,9.8066,0.0106,0.014,0.0056,-5.75,-29.56,33.25,46.16,-83.83,-127.69
52.39113,-1.515273,151.25,1.87,2,212.02,21 / 21,302428,2019-09-06 18:21:09:110,-0.1372,-0.8567,9.7997,0.0017,0.0017,9.8066,0.0103,0.0162,-0.0064,-5.81,-29.75,33.88,46.2,-83.84,-127.82
52.39113,-1.515273,151.25,1.87,2,212.02,21 / 21,302529,2019-09-06 18:21:09:211,0.3043,-1.8573,9.8609,0.0009,0.0028,9.8066,-0.0083,-0.0235,0.0154,-5.75,-29.56,33.81,46.35,-83.84,-127.69
52.39113,-1.515273,151.25,1.87,2,212.02,21 / 21,302628,2019-09-06 18:21:09:310,0.0905,-0.6482,9.9139,0.0005,-0.0054,9.8066,-0.02,-0.0054,-0.0018,-5.94,-29.12,34.06,45.98,-83.81,-127.92
52.39113,-1.515273,151.25,1.87,2,212.02,21 / 21,302729,2019-09-06 18:21:09:411,0.2062,-2.2579,9.7571,-0.0016,-0.0092,9.8066,0.0445,0.0109,0.0039,-6,-29.12,34.06,45.85,-83.77,-128.07
52.39113,-1.515273,151.25,1.87,2,212.02,21 / 21,302829,2019-09-06 18:21:09:511,-0.0494,-1.0691,9.8576,-0.0053,0.0074,9.8066,0.0204,-0.0077,0.0166,-5.62,-29.62,33.75,46.08,-83.7,-128.04
52.39113,-1.515273,151.25,1.87,2,212.02,21 / 21,302928,2019-09-06 18:21:09:610,-0.2498,-1.4331,9.7607,-0.0051,0.0029,9.8066,0.0057,-0.0016,0.0077,-5.5,-29,34.19,48.26,-83.65,-127.56
52.39113,-1.515273,151.25,1.87,2,212.02,21 / 21,303029,2019-09-06 18:21:09:711,-0.2417,-1.0917,9.9031,0.0036,-0.0084,9.8066,0.0452,0.003,0.0072,-5.44,-29.56,35.19,48.21,-83.6,-127.89
52.39113,-1.515273,151.25,1.87,2,212.02,21 / 21,303129,2019-09-06 18:21:09:811,0.0451,-1.7343,10.0444,-0.0014,-0.0048,9.8066,0.01,-0.029,0.002,-5.44,-28.94,33.81,47.56,-83.55,-128.28
52.39113,-1.515273,151.25,1.87,2,212.02,21 / 21,303229,2019-09-06 18:21:09:911,-0.1265,-1.1879,9.8765,0.0044,-0.0078,9.8066,-0.0232,-0.0215,-0.0001,-5.69,-29.87,33.44,45.3,-83.55,-128.69
52.39113,-1.515273,151.25,1.87,2,212.02,21 / 21,303328,2019-09-06 18:21:10:010,0.0633,-2.4058,9.7753,0.0019,-0.0043,9.8066,0.0026,-0.0195,0.0046,-5.5,-29.25,34.19,46.94,-83.58,-128.84
52.39113,-1.515273,151.25,1.87,2,212.02,21 / 21,303429,2019-09-06 18:21:10:111,-0.1562,-0.786,9.6944,0.0017,0.0057,9.8066,-0.0054,-0.0342,-0.0179,-5.44,-29.12,33.94,46.82,-83.61,-128.94
52.39113,-1.515273,151.25,1.87,2,212.02,21 / 21,303528,2019-09-06 18:21:10:210,0.1934,-1.1338,10.1691,0.005,0.0058,9.8066,0.0234,-0.0156,0.005,-5.31,-29.06,34.38,46.39,-83.64,-129.31
52.39113,-1.515273,151.25,1.87,2,212.02,21 / 21,303628,2019-09-06 18:21:10:310,0.0451,-1.3043,10.1607,-0.0021,-0.0111,9.8065,0.0322,-0.0002,-0.0022,-5.69,-30,34.81,44.51,-83.59,-129.75
52.39113,-1.515273,151.25,1.87,2,212.02,21 / 21,303729,2019-09-06 18:21:10:411,-0.039,-0.95,9.8121,0.0013,-0.0005,9.8065,-0.016,-0.0038,-0.0028,-5.44,-29.87,33.88,46.22,-83.61,-129.63
52.39113,-1.515273,151.25,1.87,2,212.02,21 / 21,303828,2019-09-06 18:21:10:510,-0.0557,-1.1571,9.9452,-0.0007,-0.0077,9.8066,-0.0213,-0.0215,0.0103,-4.94,-29.81,33.5,46.28,-83.62,-129.57
52.39113,-1.515273,151.25,1.87,2,212.02,21 / 21,303928,2019-09-06 18:21:10:610,0.1834,-0.939,9.9638,0.0005,-0.0191,9.8065,-0.0337,-0.0067,-0.0066,-5.31,-29.19,33.5,45.42,-83.52,-130.3
52.39113,-1.515273,151.25,1.87,2,212.02,21 / 21,304029,2019-09-06 18:21:10:711,-0.2331,-1.7718,10.0854,-0.0073,-0.007,9.8066,0.0152,-0.0186,0.0123,-5.56,-29.06,34.5,43.55,-83.4,-130.64
52.39113,-1.515273,151.25,1.87,2,212.02,21 / 21,304129,2019-09-06 18:21:10:811,0.1029,-2.5643,9.8039,0.0017,-0.002,9.8066,0.023,-0.0259,0.0036,-5.25,-29.44,34,44.74,-83.32,-131.07
52.39113,-1.515273,151.25,1.87,2,212.02,21 / 21,304229,2019-09-06 18:21:10:911,-0.1788,-2.6818,10.0854,0.0067,-0.0006,9.8066,0.0267,-0.0333,-0.0268,-4.94,-29.5,34.5,43.74,-83.27,-132.15
52.39113,-1.515273,151.25,1.87,2,212.02,21 / 21,304328,2019-09-06 18:21:11:010,0.225,-2.3899,9.9445,0.01,-0.0048,9.8066,-0.0295,-0.0161,-0.0456,-5.06,-29.5,33.94,42.3,-83.3,-133.34
52.39113,-1.515273,151.25,1.87,2,212.02,22 / 22,304428,2019-09-06 18:21:11:110,0.3336,-2.4763,9.4747,0.0037,-0.0048,9.8066,0.0665,0.0146,-0.0064,-4.75,-28.87,34.13,41.81,-83.43,-133.72
52.39113,-1.515273,151.25,1.87,2,212.02,22 / 22,304529,2019-09-06 18:21:11:211,0.2749,-2.2008,9.8783,-0.0049,-0.0084,9.8066,0.015,0.0142,0.003,-4.5,-28.94,34.63,43.14,-83.35,-134.28
52.39113,-1.515273,151.25,1.87,2,212.02,22 / 22,304629,2019-09-06 18:21:11:311,0.0409,-2.4918,9.9783,-0.0022,0.0066,9.8066,-0.0426,-0.0119,0.0075,-5.19,-29.75,33.88,42.33,-83.4,-133.38
52.39113,-1.515273,151.25,1.87,2,212.02,22 / 22,304729,2019-09-06 18:21:11:411,-0.269,-0.7483,9.8954,0.0016,-0.008,9.8066,0.0013,-0.0011,-0.0032,-5.87,-29.69,34,40.85,-83.43,-133.07
52.39113,-1.515273,151.25,1.87,2,212.02,22 / 22,304829,2019-09-06 18:21:11:511,0.0378,-0.1101,9.5758,0.006,0.0082,9.8066,-0.0424,-0.0111,-0.0317,-5.19,-29.06,33.75,41.58,-83.51,-133.88
52.39113,-1.515273,151.25,1.87,2,212.02,22 / 22,304929,2019-09-06 18:21:11:611,0.6297,-1.9422,9.7836,0.0065,0.0091,9.8066,-0.06,0.0233,-0.0141,-5.69,-29.56,33.56,39.5,-83.61,-134.2
52.39113,-1.515273,151.25,1.87,2,212.02,22 / 22,305029,2019-09-06 18:21:11:711,0.4823,-1.9375,9.8241,0.0006,0.014,9.8066,0.0391,0.0176,0.0152,-5.5,-30.31,33.5,41.03,-83.68,-134.4
52.39113,-1.515273,151.25,1.87,2,212.02,22 / 22,305128,2019-09-06 18:21:11:810,0.3026,-2.0722,9.5815,0.0029,-0.0013,9.8066,-0.0515,0.02,-0.0365,-5.44,-29.69,33.69,40.76,-83.68,-134.65
52.39113,-1.515273,151.25,1.87,2,212.02,22 / 22,305228,2019-09-06 18:21:11:910,0.1628,-2.4981,9.4642,0,0.002,9.8066,0.0235,-0.0277,0.0104,-5.56,-29.12,33.13,38.17,-83.71,-135.06
52.39113,-1.515273,151.25,1.87,2,212.02,22 / 22,305328,2019-09-06 18:21:12:010,0.3212,-1.627,9.485,0.009,0.0157,9.8066,0.0164,0.0314,-0.0526,-5.19,-29.94,34,40.09,-83.81,-135.2
52.39113,-1.515273,151.25,1.87,2,212.02,22 / 22,305429,2019-09-06 18:21:12:111,0.3096,-2.8085,9.7365,0.0139,-0.0036,9.8066,0.017,0.008,-0.0326,-5.56,-30.5,33.88,36.79,-83.98,-136.49
52.39113,-1.515273,151.25,1.87,2,212.02,22 / 22,305529,2019-09-06 18:21:12:211,1.1301,-1.3569,9.8566,0.0114,-0.0087,9.8066,-0.0223,0.0161,-0.0336,-5.12,-29.69,33.81,37.57,-84.09,-137.36
52.39113,-1.515273,151.25,1.87,2,212.02,22 / 22,305629,2019-09-06 18:21:12:311,0.5793,-1.4917,9.6221,0.0048,0.0069,9.8066,0.0043,0.0784,-0.0227,-6.06,-30,34.31,34.69,-84.31,-138.25
52.39113,-1.515273,151.25,1.87,2,212.02,22 / 22,305729,2019-09-06 18:21:12:411,1.2807,-2.2958,9.6589,0.0092,-0.0012,9.8066,-0.0041,0.075,-0.0341,-4.5,-29.69,33.63,37.49,-84.45,-138.89
52.39113,-1.515273,151.25,1.87,2,212.02,22 / 22,305829,2019-09-06 18:21:12:511,0.5929,-1.4005,9.9384,0.0057,-0.0141,9.8066,-0.045,0.0738,-0.0017,-5.44,-29.19,34.38,34.06,-84.5,-140.3
52.39113,-1.515273,151.25,1.87,2,212.02,22 / 22,305928,2019-09-06 18:21:12:610,0.617,-1.1401,9.9471,0.0053,-0.0033,9.8066,0.0061,0.1132,-0.0353,-5.37,-29.75,34.38,33.64,-84.52,-140.77
52.39113,-1.515273,151.25,1.87,2,212.02,22 / 22,306029,2019-09-06 18:21:12:711,2.0398,-1.7783,9.716,0.0166,0.0069,9.8066,0.0439,0.1475,-0.0639,-5.62,-29.62,33.94,30.37,-84.63,-142.09
52.39113,-1.515273,151.25,1.87,2,212.02,22 / 22,306129,2019-09-06 18:21:12:811,1.1252,-1.103,9.9383,-0.0025,0.0078,9.8066,-0.0045,0.129,-0.0125,-5.62,-28.87,34.94,29.62,-84.77,-142.87
52.39113,-1.515273,151.25,1.87,2,212.02,22 / 22,306228,2019-09-06 18:21:12:910,0.9945,-0.8884,9.987,0.0016,-0.0155,9.8066,0.0284,0.1307,0.0048,-6.19,-29.62,34.69,29.45,-84.85,-143.06
52.39113,-1.515273,151.25,1.87,2,212.02,22 / 22,306329,2019-09-06 18:21:13:011,0.8871,-0.8981,9.8356,-0.0007,0.0076,9.8066,-0.0529,0.1537,-0.0791,-6.44,-29.12,34.56,30.25,-84.9,-142.22
52.39113,-1.515273,151.25,1.87,2,212.02,22 / 22,306429,2019-09-06 18:21:13:111,0.656,-1.5154,9.5453,0.003,-0.0019,9.8066,-0.0092,0.1246,-0.0092,-6.12,-29.25,34.56,29.1,-85.14,-143.19
52.39113,-1.515273,151.25,1.87,2,212.02,22 / 22,306528,2019-09-06 18:21:13:210,1.3961,-0.058,9.9387,0.0151,0.0121,9.8066,-0.0185,0.1312,-0.0566,-5.81,-29.5,33.94,28.77,-85.3,-143.2
52.39113,-1.515273,151.25,1.87,2,212.02,22 / 22,306628,2019-09-06 18:21:13:310,0.6081,-0.714,10.0447,0.0151,-0.0096,9.8066,-0.068,0.1753,-0.0823,-6.19,-29.19,34.44,27.17,-85.57,-144.59
52.39113,-1.515273,151.25,1.87,2,212.02,22 / 22,306729,2019-09-06 18:21:13:411,0.7513,0.046,9.9837,0.0261,-0.0118,9.8065,0.0252,0.1215,-0.0864,-6.31,-29.94,34.06,22.41,-85.71,-149.06
52.39113,-1.515273,151.25,1.87,2,212.02,22 / 22,306829,2019-09-06 18:21:13:511,1.0829,-0.2154,9.1378,0.0283,0.0134,9.8065,0.0096,0.177,-0.1089,-6.56,-29.81,34.06,15.75,-85.84,-153.63
52.39113,-1.515273,151.25,1.87,2,212.02,22 / 22,306929,2019-09-06 18:21:13:611,1.5571,-0.6031,9.3612,0.022,-0.0039,9.8066,0.1263,0.104,-0.0236,-6.31,-29.81,33.88,11.88,-85.85,-158.88
52.39113,-1.515273,151.25,1.87,2,212.02,22 / 22,307028,2019-09-06 18:21:13:710,0.5765,0.2128,9.8212,0.0078,0.0337,9.8065,0.1353,0.1155,-0.0515,-7.12,-29.75,34.25,7.26,-85.97,-161.56
52.39113,-1.515273,151.25,1.87,2,212.02,22 / 22,307129,2019-09-06 18:21:13:811,0.7893,-0.7682,10.2131,0.0082,0.0438,9.8065,0.1014,0.121,-0.094,-7.5,-29.81,33.81,4.18,-86.12,-164.44
52.39113,-1.515273,151.25,1.87,2,212.02,22 / 22,307228,2019-09-06 18:21:13:910,-0.2595,-0.0238,10.2324,0.0318,-0.0105,9.8065,-0.0175,0.1696,-0.0637,-7.56,-30.37,35.19,358.85,-86.18,-168.21
52.39113,-1.515273,151.25,1.87,2,212.02,22 / 22,307329,2019-09-06 18:21:14:011,1.2038,-1.0587,9.8965,0.0225,-0.0052,9.8066,0.0677,0.14,-0.058,-7.62,-30.12,35,350.95,-86.21,-175.66
52.39113,-1.515273,151.25,1.87,2,212.02,23 / 23,307429,2019-09-06 18:21:14:111,1.7303,-1.2824,9.9359,0.0291,-0.0323,9.8065,-0.0837,0.1182,-0.0236,-7.31,-30.25,36,347.7,-86.02,179.43
52.39113,-1.515273,151.25,1.87,2,212.02,23 / 23,307529,2019-09-06 18:21:14:211,1.4289,-0.4975,10.2969,0.0152,-0.0282,9.8066,-0.0324,0.184,-0.0456,-7.12,-29.94,35.69,345.72,-86.02,177.56
52.39113,-1.515273,151.25,1.87,2,212.02,23 / 23,307629,2019-09-06 18:21:14:311,1.3651,0.1027,9.4523,0.0085,0.0097,9.8066,-0.0096,0.1657,-0.0289,-7.37,-29.31,37.19,341.98,-86.06,173.67
52.39113,-1.515273,151.25,1.87,2,212.02,23 / 23,307729,2019-09-06 18:21:14:411,0.9166,-0.6435,9.832,0.0011,-0.0092,9.8066,-0.0579,0.0829,0.013,-6.62,-29.37,37.06,342.28,-85.91,173.99
52.39113,-1.515273,151.25,1.87,2,212.02,23 / 23,307828,2019-09-06 18:21:14:510,0.8194,-0.4664,9.3884,0.0106,0.0218,9.8066,0.071,0.1075,0.022,-6.75,-28.06,37.13,342.26,-85.75,173.98
52.39113,-1.515273,151.25,1.87,2,212.02,23 / 23,307929,2019-09-06 18:21:14:611,1.7978,-1.1705,9.244,-0.0142,0.0269,9.8066,0.04,0.1426,0.0166,-6.5,-27.69,37.25,343.01,-85.9,173.16
52.39113,-1.515273,151.25,1.87,2,212.02,23 / 23,308029,2019-09-06 18:21:14:711,0.5848,-1.3482,9.993,-0.0123,0.0015,9.8066,-0.0945,0.1524,-0.015,-6.37,-27.37,36.25,346.98,-86.03,177.14
52.39113,-1.515273,151.25,1.87,2,212.02,23 / 23,308128,2019-09-06 18:21:14:810,0.6373,0.3533,9.6938,-0.0113,-0.0075,9.8066,-0.0514,0.1139,0.1039,-5.81,-27.56,36.19,348.56,-86.21,178.62
52.39113,-1.515273,151.25,1.87,2,212.02,23 / 23,308229,2019-09-06 18:21:14:911,1.0447,-0.5484,9.7171,-0.024,0.0155,9.8066,-0.0372,0.0869,-0.0257,-6.81,-27.94,35.25,350.79,-86.33,-177.42
52.39113,-1.515273,151.25,1.87,2,212.02,23 / 23,308329,2019-09-06 18:21:15:011,0.1002,-1.1451,9.6962,-0.0042,-0.0078,9.8066,-0.0576,0.0646,0.0625,-7.37,-27.37,35,354.81,-86.35,-173.62
52.39113,-1.515273,151.25,1.87,2,212.02,22 / 22,308429,2019-09-06 18:21:15:111,0.1779,-0.3641,10.2244,-0.0191,0.0064,9.8066,0.0861,0.091,-0.0005,-7.5,-28.69,34.31,359.4,-86.27,-168.93
52.39113,-1.515273,151.25,1.87,2,212.02,22 / 22,308529,2019-09-06 18:21:15:211,0.8631,-0.5601,10.0689,-0.0024,-0.0077,9.8066,0.0358,0.0548,0.0783,-8.25,-28.69,34.75,358.72,-86.08,-168.33
52.39113,-1.515273,151.25,1.87,2,212.02,22 / 22,308628,2019-09-06 18:21:15:310,0.4694,-0.7828,10.0605,-0.0196,-0.0141,9.8066,0.0384,0.1033,-0.0393,-8.94,-29.44,34.81,359.67,-85.87,-165.89
52.39113,-1.515273,151.25,1.87,2,212.02,22 / 22,308728,2019-09-06 18:21:15:410,0.6065,-0.7624,9.7348,0.0089,-0.009,9.8066,-0.0067,0.0691,-0.0498,-9.06,-28.75,35.19,359.05,-85.74,-166.47
52.39113,-1.515273,151.25,1.87,2,212.02,22 / 22,308829,2019-09-06 18:21:15:511,0.4374,-0.4262,9.9232,-0.0015,-0.0052,9.8065,-0.0671,0.0423,-0.0175,-8.75,-28.62,35.5,358,-85.75,-167.84
52.39113,-1.515273,151.25,1.87,2,212.02,22 / 22,308929,2019-09-06 18:21:15:611,0.2668,-0.7221,9.868,0.0181,0.0106,9.8066,-0.0223,0.0836,-0.0297,-8.94,-28.69,35.25,356.21,-85.83,-169.14
52.39113,-1.515273,151.25,1.87,2,212.02,22 / 22,309028,2019-09-06 18:21:15:710,0.5194,-1.0067,9.6717,0.0026,-0.0069,9.8066,0.0087,0.042,0.0317,-8.94,-29,35.31,353.73,-85.85,-171.47
52.39113,-1.515273,151.25,1.87,2,212.02,22 / 22,309128,2019-09-06 18:21:15:810,-0.3202,-1.3682,10.2645,-0.0051,-0.0076,9.8066,0.0434,0.0392,-0.05,-9.12,-29.06,34.25,353.93,-85.86,-170.86
52.39113,-1.515273,151.25,1.87,2,212.02,22 / 22,309229,2019-09-06 18:21:15:911,0.525,-1.1405,9.984,0.0111,-0.0086,9.8066,-0.0488,0.014,0.0108,-9.12,-29.06,35.44,351.74,-85.83,-173.34
52.39113,-1.515273,151.25,1.87,2,212.02,22 / 22,309329,2019-09-06 18:21:16:011,0.9395,0.2102,9.5464,0.0077,-0.0116,9.8066,-0.0016,0.0186,0.0182,-9.62,-29.12,35.81,350.29,-85.8,-173.61
52.39113,-1.515273,151.25,1.87,2,212.02,22 / 22,309429,2019-09-06 18:21:16:111,-0.147,-0.6686,9.904,-0.0008,-0.0086,9.8065,0.0299,-0.025,0.0225,-9,-29.44,36,351.34,-85.77,-174.11
52.39113,-1.515273,151.25,1.87,2,212.02,22 / 22,309529,2019-09-06 18:21:16:211,0.4912,-0.8205,9.9796,0,-0.01,9.8066,0.0237,0.0075,-0.0124,-9.25,-29.25,35.5,352.23,-85.54,-173.24
52.39113,-1.515273,151.25,1.87,2,212.02,22 / 22,309628,2019-09-06 18:21:16:310,0.3027,-0.5299,10.237,0.0002,-0.003,9.8066,0.0699,0.0015,0.0425,-8.87,-29.06,35.94,350.79,-85.41,-174.57
52.39113,-1.515273,151.25,1.87,2,212.02,22 / 22,309729,2019-09-06 18:21:16:411,-0.0969,-0.3615,9.8727,-0.004,-0.0003,9.8066,0.0221,0.0125,-0.0283,-8.94,-28.81,35.56,351.41,-85.29,-173.97
52.39113,-1.515273,151.25,1.87,2,212.02,22 / 22,309829,2019-09-06 18:21:16:511,-0.2069,-0.4558,9.5887,0.0016,0.0005,9.8066,0.0245,-0.0358,-0.0019,-8.94,-28.56,36.06,350.98,-85.2,-174.37
52.39113,-1.515273,151.25,1.87,2,212.02,22 / 22,309929,2019-09-06 18:21:16:611,0.1887,-1.5087,9.6033,-0.0057,0.0225,9.8066,0.0589,0.0436,-0.0183,-9.62,-28.94,35.19,348.97,-85.2,-174.32
52.39113,-1.515273,151.25,1.87,2,212.02,22 / 22,310029,2019-09-06 18:21:16:711,0.0915,-0.7109,10.2825,0.0046,-0.0221,9.8066,-0.0063,-0.0284,0.0019,-8.94,-28.87,35.63,349.77,-85.22,-175.5
52.39113,-1.515273,151.25,1.87,2,212.02,22 / 22,310128,2019-09-06 18:21:16:810,0.3456,-0.4092,10.0312,0.0037,-0.0023,9.8066,0.0084,0.0185,-0.0583,-9.06,-29.37,35.06,349.5,-85.04,-175.32
52.39113,-1.515273,151.25,1.87,2,212.02,22 / 22,310229,2019-09-06 18:21:16:911,-0.1339,-0.0912,9.8133,0.006,-0.0291,9.8066,-0.0523,0.0135,0.0184,-8.87,-28.69,34.75,347.58,-84.88,-177.06
52.39113,-1.515273,151.25,1.87,2,212.02,22 / 22,310328,2019-09-06 18:21:17:010,0.4492,-0.9253,9.963,0.0101,-0.0096,9.8066,-0.0498,-0.0052,0.0015,-9.44,-28.87,34.81,347.12,-84.87,-177.49
52.39113,-1.515273,151.25,1.87,2,212.02,22 / 22,310428,2019-09-06 18:21:17:110,0.1202,-1.3528,9.8175,0.0008,-0.0169,9.8066,-0.0301,-0.0019,-0.0656,-9,-29.37,34.69,346.19,-84.92,-178.36
52.39113,-1.515273,151.25,1.87,2,212.02,22 / 22,310528,2019-09-06 18:21:17:210,-0.058,-0.0511,9.6416,0.0118,-0.0064,9.8066,-0.0153,-0.0142,-0.0205,-9.81,-29.19,34.19,343.58,-84.83,-178.78
52.39113,-1.515273,151.25,1.87,2,212.02,22 / 22,310629,2019-09-06 18:21:17:311,-0.274,0.4024,9.8865,-0.0032,-0.0048,9.8066,-0.0195,0.0037,0.0388,-8.87,-29.81,35.13,345.04,-84.9,-179.4
52.39113,-1.515273,151.25,1.87,2,212.02,22 / 22,310729,2019-09-06 18:21:17:411,-0.3145,0.293,9.6303,0.0051,-0.0034,9.8066,-0.0822,-0.0243,0.015,-10.31,-29.87,34.94,343.51,-84.93,-179.3
52.39113,-1.515273,151.25,1.87,2,212.02,22 / 22,310829,2019-09-06 18:21:17:511,-0.6699,-0.1614,9.4787,-0.009,0.0025,9.8066,0.0001,-0.0001,0.0267,-10.12,-30,35.44,344.62,-85.07,-178.31
52.39113,-1.515273,151.25,1.87,2,212.02,22 / 22,310929,2019-09-06 18:21:17:611,-0.0503,1.0821,10.2568,-0.0053,0.0067,9.8066,0.025,0.0329,-0.0446,-10.06,-29.87,36.31,345.62,-85.12,-177.84
52.39113,-1.515273,151.25,1.87,2,212.02,22 / 22,311031,2019-09-06 18:21:17:713,-0.3859,0.7839,10.1814,-0.0058,-0.0116,9.8066,0.0168,-0.0475,-0.0348,-10.19,-30.12,36.5,347.52,-84.95,-176.46
52.39113,-1.515273,151.25,1.87,2,212.02,22 / 22,311128,2019-09-06 18:21:17:810,0.3827,0.0008,9.9036,0.0091,-0.0009,9.8066,0.067,-0.0218,0.0504,-9.94,-29.12,36.75,347.1,-84.92,-176.87
52.39113,-1.515273,151.25,1.87,2,212.02,22 / 22,311229,2019-09-06 18:21:17:911,-0.4142,1.2435,10.7018,-0.0037,-0.0313,9.8066,-0.0329,-0.0065,-0.047,-9.56,-29.75,36.88,347.75,-84.89,-176.23
52.39113,-1.515273,151.25,1.87,2,212.02,22 / 22,311329,2019-09-06 18:21:18:011,-0.5203,0.9266,9.6093,0.0149,-0.0202,9.8066,0.003,0.0229,-0.0005,-8.62,-28.81,37.44,349.61,-84.68,-175.94
52.390656,-1.515545,152.14,9.39,2,189.89,22 / 22,311428,2019-09-06 18:21:18:110,-0.1992,0.07,9.3031,-0.0013,-0.015,9.8066,-0.0345,-0.0031,0.0209,-8.87,-28.69,36.31,348.01,-84.63,-177.03
52.390656,-1.515545,152.14,9.39,2,189.89,22 / 22,311529,2019-09-06 18:21:18:211,0.3551,-0.0001,9.4009,0.0029,-0.0208,9.8066,-0.1034,-0.0104,-0.0188,-8.19,-28,36.56,350.26,-84.54,-176.82
52.390656,-1.515545,152.14,9.39,2,189.89,22 / 22,311628,2019-09-06 18:21:18:310,-0.4562,0.2681,9.9102,-0.0053,0.02,9.8066,-0.1282,0.0182,-0.0517,-7.81,-27.94,36.19,350.77,-84.76,-176.03
52.390656,-1.515545,152.14,9.39,2,189.89,22 / 22,311728,2019-09-06 18:21:18:410,0.4818,0.2896,9.3816,0.017,0.001,9.8066,-0.0648,-0.0452,-0.0118,-7.5,-27.75,35.75,350.9,-84.79,-177.43
52.390656,-1.515545,152.14,9.39,2,189.89,22 / 22,311829,2019-09-06 18:21:18:511,-0.0896,0.1658,9.6936,-0.0063,0.0092,9.8066,0.036,-0.0898,-0.0088,-7.75,-28.5,35.06,348.49,-84.68,-177.76
52.390656,-1.515545,152.14,9.39,2,189.89,22 / 22,311929,2019-09-06 18:21:18:611,-1.5867,0.6017,9.8441,0.0002,0.0249,9.8065,-0.0054,-0.0725,0.0488,-7.69,-28.25,35.25,348.47,-84.65,-177.77
52.390656,-1.515545,152.14,9.39,2,189.89,22 / 22,312029,2019-09-06 18:21:18:711,-0.0828,0.9906,9.9197,0.0083,0.0115,9.8066,0.1057,-0.0371,0.0218,-8.12,-28.25,34.75,348.19,-84.63,-178.03
52.390656,-1.515545,152.14,9.39,2,189.89,22 / 22,312129,2019-09-06 18:21:18:811,0.2774,0.4203,10.0307,-0.0089,0.0182,9.8066,0.072,0.0136,-0.016,-7.87,-28.5,34.75,348.31,-84.7,-177.93
52.390656,-1.515545,152.14,9.39,2,189.89,22 / 22,312229,2019-09-06 18:21:18:911,-0.2593,-0.0924,9.8955,0.0037,-0.0046,9.8066,-0.0116,-0.036,-0.0048,-8.19,-28.87,34.38,348.53,-84.63,-177.29
52.390656,-1.515545,152.14,9.39,2,189.89,22 / 22,312328,2019-09-06 18:21:19:010,-0.5355,-0.0859,10.114,0.0077,-0.0203,9.8065,0.0217,-0.0255,0.0011,-8.06,-29,35.25,348.75,-84.59,-177.48
52.390656,-1.515545,152.14,9.39,2,189.89,21 / 21,312429,2019-09-06 18:21:19:111,-0.4162,-0.3815,9.9851,0.0012,0.002,9.8066,-0.0332,0.0251,-0.0142,-8.75,-28.44,34.56,347.17,-84.54,-177.41
52.390656,-1.515545,152.14,9.39,2,189.89,21 / 21,312528,2019-09-06 18:21:19:210,-0.436,0.9937,10.0059,0.0001,-0.0005,9.8066,-0.0021,0.0028,0.0406,-8.19,-29,34.94,348.23,-84.52,-177.94
52.390656,-1.515545,152.14,9.39,2,189.89,21 / 21,312629,2019-09-06 18:21:19:311,-0.5809,0.2883,10.1299,-0.0001,-0.0051,9.8066,0.0088,0.039,-0.0533,-8.69,-28.75,35.06,347.43,-84.41,-177.11
52.390656,-1.515545,152.14,9.39,2,189.89,21 / 21,312729,2019-09-06 18:21:19:411,0.0588,0.4855,10.0176,0.0084,0.0112,9.8066,-0.0317,-0.0116,0.0401,-8.31,-28.37,35.31,347.87,-84.49,-178.3
52.390656,-1.515545,152.14,9.39,2,189.89,21 / 21,312829,2019-09-06 18:21:19:511,-0.3148,0.1591,9.5516,0.0128,-0.0067,9.8066,-0.0191,-0.0047,0.0107,-8,-28.75,35,347.28,-84.43,-178.8
52.390656,-1.515545,152.14,9.39,2,189.89,21 / 21,312930,2019-09-06 18:21:19:612,-0.3415,1.0459,9.7696,0.0059,-0.0184,9.8066,-0.0166,-0.0088,-0.0407,-8.06,-29.5,34.88,346.75,-84.4,-179.28
52.390656,-1.515545,152.14,9.39,2,189.89,21 / 21,313029,2019-09-06 18:21:19:711,0.1765,0.7578,10.0147,0.0089,0.0074,9.8066,-0.0046,-0.0502,0.0376,-7.94,-28.69,34.75,346.49,-84.36,-179.51
52.390656,-1.515545,152.14,9.39,2,189.89,21 / 21,313129,2019-09-06 18:21:19:811,0.1132,0.7833,9.6647,-0.0015,-0.0091,9.8066,-0.064,0.0021,-0.0045,-8.19,-29.12,34.25,345.39,-84.35,179.88
52.390656,-1.515545,152.14,9.39,2,189.89,21 / 21,313228,2019-09-06 18:21:19:910,-0.0251,-0.3959,9.5112,-0.0012,0.0056,9.8066,0.0202,0.0234,0.0189,-8.81,-28.87,35,344.87,-84.42,-179.48
52.390656,-1.515545,152.14,9.39,2,189.89,21 / 21,313329,2019-09-06 18:21:20:011,-0.5122,-0.2993,10.117,-0.0076,-0.0017,9.8066,0.0454,-0.0054,0.02,-8.37,-29.75,34.94,347.06,-84.5,-178.98
52.390656,-1.515545,152.14,9.39,2,189.89,21 / 21,313429,2019-09-06 18:21:20:111,0.1917,0.4025,10.0753,0.0045,-0.005,9.8066,-0.0032,0.0007,0.0247,-9.12,-29.69,35,345.6,-84.49,-178.78
52.390656,-1.515545,152.14,9.39,2,189.89,21 / 21,313529,2019-09-06 18:21:20:211,-0.2229,0.4204,10.1234,-0.0087,-0.0102,9.8066,0.07,-0.0435,0.0713,-8.69,-29,35.63,347.05,-84.41,-177.87
52.390656,-1.515545,152.14,9.39,2,189.89,21 / 21,313628,2019-09-06 18:21:20:310,-0.5961,-0.0641,9.7298,0.0029,-0.0109,9.8066,-0.0127,-0.0141,-0.0375,-8.94,-29.44,35.44,348.76,-84.17,-175.85
52.390656,-1.515545,152.14,9.39,2,189.89,21 / 21,313730,2019-09-06 18:21:20:412,-0.4634,-0.0332,9.7436,0.0007,-0.0034,9.8066,-0.0058,-0.0617,-0.0004,-8.37,-29.56,34.94,350.02,-84.08,-176.19
52.390656,-1.515545,152.14,9.39,2,189.89,21 / 21,313829,2019-09-06 18:21:20:511,-0.2795,-0.286,10.0013,-0.0044,0.0162,9.8066,-0.0261,-0.0093,-0.0105,-9,-29.25,35,348.87,-84.26,-175.77
52.390656,-1.515545,152.14,9.39,2,189.89,21 / 21,313929,2019-09-06 18:21:20:611,-0.4595,-0.0546,9.9725,-0.0024,0.0101,9.8065,-0.0135,-0.0225,0.0037,-8.56,-29.87,34.75,348.57,-84.38,-176.03
52.390656,-1.515545,152.14,9.39,2,189.89,21 / 21,314029,2019-09-06 18:21:20:711,-0.1642,0.0653,9.6307,0.0099,0.0013,9.8066,0.0257,0.0074,-0.0381,-8.81,-29.12,35.13,347.76,-84.37,-176.8
52.390656,-1.515545,152.14,9.39,2,189.89,21 / 21,314129,2019-09-06 18:21:20:811,-0.3571,-0.3864,10.2255,0.0046,-0.0168,9.8066,-0.0551,0.0046,0.0178,-8.25,-29.12,34.56,348.75,-84.19,-177.41
52.390656,-1.515545,152.14,9.39,2,189.89,21 / 21,314229,2019-09-06 18:21:20:911,-0.2227,-0.1399,9.032,0.0001,-0.004,9.8066,-0.0985,0.0458,-0.0543,-8.87,-29.06,34.75,347,-84.15,-177.46
52.390656,-1.515545,152.14,9.39,2,189.89,21 / 21,314328,2019-09-06 18:21:21:010,-0.0257,-0.0528,10.0464,-0.0095,-0.0006,9.8066,-0.0612,-0.0375,0.0265,-8.19,-29.5,35.44,348.8,-84.18,-177.35
52.390656,-1.515545,152.14,9.39,2,189.89,21 / 22,314429,2019-09-06 18:21:21:111,0.4902,-0.1979,9.9643,-0.0045,0.0201,9.8065,0.0803,0.0384,-0.0318,-9.12,-29,35.25,348.23,-84.35,-176.37
52.390656,-1.515545,152.14,9.39,2,189.89,21 / 22,314529,2019-09-06 18:21:21:211,-0.9861,-0.4694,10.2086,-0.0097,0.0218,9.8066,0.0807,-0.0758,0.0637,-9.19,-29,35.13,348.23,-84.43,-176.38
52.390656,-1.515545,152.14,9.39,2,189.89,21 / 22,314629,2019-09-06 18:21:21:311,0.6206,-1.0936,9.9384,0.0113,-0.0262,9.8066,-0.0164,-0.0391,0.0078,-9.06,-28.81,35.06,349.34,-84.39,-175.36
52.390656,-1.515545,152.14,9.39,2,189.89,21 / 22,314728,2019-09-06 18:21:21:410,-0.2499,-0.518,10.1402,0.004,-0.026,9.8066,0.0141,0.016,0.0283,-9,-29.06,34.81,349.35,-84.15,-175.31
52.390656,-1.515545,152.14,9.39,2,189.89,21 / 22,314829,2019-09-06 18:21:21:511,0.5789,0.0344,9.5486,0.0005,0.0062,9.8066,-0.008,0.0049,0.0024,-9.12,-29.31,34.63,349.05,-84.12,-175.58
52.390656,-1.515545,152.14,9.39,2,189.89,21 / 22,314928,2019-09-06 18:21:21:610,0.2987,-0.8501,9.782,-0.0142,-0.0145,9.8065,-0.0021,0.0279,-0.0024,-8.87,-29.19,35.25,350.62,-84.01,-174.12
52.390656,-1.515545,152.14,9.39,2,189.89,21 / 22,315029,2019-09-06 18:21:21:711,-0.2457,1.3274,9.9937,-0.0098,0,9.8066,-0.0698,0.0294,0.0063,-8.44,-28.94,35.31,353.66,-84.07,-172.91
52.390656,-1.515545,152.14,9.39,2,189.89,21 / 22,315129,2019-09-06 18:21:21:811,-0.0752,-0.5252,9.919,-0.0073,-0.0018,9.8066,-0.0564,-0.0307,0.0079,-9.81,-29.25,35.56,351.63,-84.06,-172.13
52.390656,-1.515545,152.14,9.39,2,189.89,21 / 22,315229,2019-09-06 18:21:21:911,1.385,-1.3378,9.95,-0.0136,0.0048,9.8066,0.1317,0.043,-0.0158,-9.62,-28.87,35.94,352.21,-83.97,-171.59
52.390656,-1.515545,152.14,9.39,2,189.89,21 / 22,315329,2019-09-06 18:21:22:011,0.0508,-0.9705,9.9105,-0.0201,0.0098,9.8066,-0.0846,0,0.0532,-9.44,-29.44,35.69,356.13,-83.94,-169.49
52.390656,-1.515545,152.14,9.39,2,189.89,21 / 21,315428,2019-09-06 18:21:22:110,-0.3665,-0.3359,9.9735,-0.0084,-0.0181,9.8066,-0.0427,-0.0143,-0.0104,-9.62,-28.94,35.56,357,-83.86,-167.21
52.390656,-1.515545,152.14,9.39,2,189.89,21 / 21,315528,2019-09-06 18:21:22:210,0.0155,0.0751,9.238,-0.0065,-0.0005,9.8066,-0.0048,0.0159,0.0399,-10,-29.31,35,357.59,-83.92,-166.24
52.390656,-1.515545,152.14,9.39,2,189.89,21 / 21,315628,2019-09-06 18:21:22:310,0.3805,-1.5358,9.5618,-0.0002,-0.019,9.8065,-0.0151,0.0284,0.0639,-9.87,-29.19,34.94,357.78,-83.88,-166.08
52.390656,-1.515545,152.14,9.39,2,189.89,21 / 21,315729,2019-09-06 18:21:22:411,-0.3061,-0.5215,9.6645,-0.0017,-0.0213,9.8065,-0.0956,-0.0082,-0.0123,-9.69,-29.37,35.19,358.93,-83.82,-165.03
52.390656,-1.515545,152.14,9.39,2,189.89,21 / 21,315828,2019-09-06 18:21:22:510,-0.2882,0.461,10.3847,0.0011,0.0161,9.8066,0.0281,-0.0082,0.0334,-9.69,-29.44,35.31,359.46,-83.88,-164.55
52.390656,-1.515545,152.14,9.39,2,189.89,21 / 21,315928,2019-09-06 18:21:22:610,-0.0892,0.1722,9.7402,0.0059,0.0044,9.8066,0.0303,-0.0065,-0.0316,-9.44,-29.19,34.88,0.08,-83.96,-165.51
52.390656,-1.515545,152.14,9.39,2,189.89,21 / 21,316029,2019-09-06 18:21:22:711,-0.2409,-1.0153,9.7483,0.0037,-0.0069,9.8066,-0.0113,-0.0428,-0.0265,-9.75,-29,34.63,358.18,-83.86,-165.71
52.390656,-1.515545,152.14,9.39,2,189.89,21 / 21,316128,2019-09-06 18:21:22:810,0.4248,-0.2494,9.3889,-0.0011,0.0133,9.8066,-0.0375,0.037,-0.0219,-9.5,-29.44,34.94,359.84,-84,-165.72
52.390656,-1.515545,152.14,9.39,2,189.89,21 / 21,316228,2019-09-06 18:21:22:910,0.1844,-0.2825,9.5478,-0.021,0.0165,9.8066,0.0113,0.0093,0.0582,-10.31,-30.25,33.94,359.7,-84.26,-163.88
52.390656,-1.515545,152.14,9.39,2,189.89,21 / 21,316331,2019-09-06 18:21:23:013,0.1564,-0.6021,9.7735,-0.019,0.0158,9.8065,0.0208,-0.0026,0.0166,-10.44,-30.37,34.5,2.67,-84.38,-161.61
52.390656,-1.515545,152.14,9.39,2,189.89,21 / 21,316430,2019-09-06 18:21:23:112,0.2169,0.7258,10.0772,-0.0207,0.0134,9.8066,0.0587,0.011,0.0397,-11.37,-31,33.38,1.94,-84.37,-159.8
52.390656,-1.515545,152.14,9.39,2,189.89,21 / 21,316528,2019-09-06 18:21:23:210,0.5086,-0.944,9.8558,-0.0166,0.0206,9.8066,0.1101,-0.0373,0.1259,-12.25,-31.25,34.81,4.39,-84.29,-157.07
52.390656,-1.515545,152.14,9.39,2,189.89,21 / 21,316629,2019-09-06 18:21:23:311,-0.0846,-0.9654,9.7275,0.0004,-0.04,9.8065,-0.0523,-0.0445,-0.0321,-11.56,-30.19,36.31,6.05,-83.86,-156.06
52.390656,-1.515545,152.14,9.39,2,189.89,21 / 21,316729,2019-09-06 18:21:23:411,-0.7043,-0.3811,10.0212,-0.0012,-0.0163,9.8066,0.0881,0.0352,-0.0412,-11.81,-30.19,37.25,7.83,-83.95,-154.88
52.390656,-1.515545,152.14,9.39,2,189.89,21 / 21,316830,2019-09-06 18:21:23:512,-0.1088,-0.5366,10.0659,-0.008,0.0314,9.8066,0.1115,0.0159,0.0516,-10.69,-28.5,37,10.39,-84.27,-153.85
52.390656,-1.515545,152.14,9.39,2,189.89,21 / 21,316928,2019-09-06 18:21:23:610,0.5106,0.2335,9.4801,-0.0063,0.008,9.8066,0.0061,0.075,-0.033,-10.12,-27.44,36.69,11.81,-84.12,-153.97
52.390656,-1.515545,152.14,9.39,2,189.89,21 / 21,317030,2019-09-06 18:21:23:712,0.1515,0.2984,9.6534,0.0001,-0.0014,9.8066,0.0152,0.0062,0.023,-9.44,-27.37,36.13,12.25,-84.03,-154.7
52.390656,-1.515545,152.14,9.39,2,189.89,21 / 21,317129,2019-09-06 18:21:23:811,-0.7352,0.2276,9.9788,-0.0029,-0.0006,9.8066,-0.0183,-0.0718,0.0114,-9.81,-27.25,35.25,10.69,-83.95,-154.25
52.390656,-1.515545,152.14,9.39,2,189.89,21 / 21,317229,2019-09-06 18:21:23:911,-0.642,-0.4126,10.3349,0.0009,-0.0025,9.8066,-0.0701,-0.0134,-0.0118,-10.44,-27.87,34.63,11.59,-83.96,-153.46
52.390656,-1.515545,152.14,9.39,2,189.89,21 / 21,317328,2019-09-06 18:21:24:010,-0.5968,0.6383,10.222,0,0.0021,9.8066,0.0165,-0.0002,0.0032,-9.69,-28.06,34,10.89,-84.08,-153.66
52.390656,-1.515545,152.14,9.39,2,189.89,21 / 22,317429,2019-09-06 18:21:24:111,-0.1921,-0.6266,9.5693,0.0117,-0.0246,9.8066,-0.0631,-0.0116,0.0009,-9.81,-27.75,34.06,10.55,-84.01,-153.98
52.390656,-1.515545,152.14,9.39,2,189.89,21 / 22,317529,2019-09-06 18:21:24:211,0.0832,-0.06,9.9282,0.0059,-0.0255,9.8065,-0.0605,-0.0261,-0.0056,-9.37,-28,34.88,11.3,-83.84,-155.28
52.390656,-1.515545,152.14,9.39,2,189.89,21 / 22,317630,2019-09-06 18:21:24:312,-0.6272,-0.8486,9.6835,0.0075,0.0079,9.8066,0.0243,-0.0165,0.0184,-9.62,-27.94,34.63,9.46,-83.94,-155.41
52.390656,-1.515545,152.14,9.39,2,189.89,21 / 22,317729,2019-09-06 18:21:24:411,0.7167,-0.9007,10.1102,-0.0058,0.004,9.8066,0.0404,0.0409,-0.0409,-10.12,-28.56,34.63,9.63,-84.01,-155.28
52.390656,-1.515545,152.14,9.39,2,189.89,21 / 22,317829,2019-09-06 18:21:24:511,-0.1323,-0.0366,9.8173,-0.0016,-0.0011,9.8066,0.0061,-0.005,0.0141,-9.87,-28.5,34.88,9.88,-84.03,-155.02
52.390656,-1.515545,152.14,9.39,2,189.89,21 / 22,317929,2019-09-06 18:21:24:611,0.2997,-0.8538,10.1418,0.0034,0.0012,9.8065,0.0403,0.0183,-0.0492,-9.56,-28.81,34.44,8.8,-83.93,-155.61
52.390656,-1.515545,152.14,9.39,2,189.89,21 / 22,318028,2019-09-06 18:21:24:710,-0.1822,0.1313,10.6435,0.0098,-0.0132,9.8066,0.1016,-0.0111,0.0312,-9.25,-29.44,34.94,9.68,-83.86,-156.78
52.390656,-1.515545,152.14,9.39,2,189.89,21 / 22,318128,2019-09-06 18:21:24:810,0.1011,-0.5268,10.846,0.0204,-0.0114,9.8065,0.0329,-0.0086,-0.0758,-9.75,-29.06,34.38,5.11,-83.69,-158.99
52.390656,-1.515545,152.14,9.39,2,189.89,21 / 22,318229,2019-09-06 18:21:24:911,-0.4912,-0.2803,9.6612,0.0099,-0.0133,9.8065,0.0323,-0.0915,-0.0187,-9.56,-29.19,35.5,3.38,-83.7,-161.4
52.390656,-1.515545,152.14,9.39,2,189.89,21 / 22,318328,2019-09-06 18:21:25:010,1.0532,0.0383,9.8592,0.0056,0.0174,9.8066,-0.0454,0.0362,-0.0883,-9.37,-29.62,35.19,3.96,-83.79,-162
52.390656,-1.515545,152.14,9.39,2,189.89,20 / 20,318429,2019-09-06 18:21:25:111,-0.502,-0.2036,9.7303,0.0013,-0.0034,9.8066,-0.0408,0.018,-0.0564,-9.37,-29.56,34.5,3.18,-84.06,-162.69
52.390656,-1.515545,152.14,9.39,2,189.89,20 / 20,318529,2019-09-06 18:21:25:211,0.83,-0.0807,9.5707,0.0143,0.0034,9.8066,-0.0573,-0.0285,0.0086,-9.69,-29.56,34.63,0.42,-84.16,-163.67
52.390656,-1.515545,152.14,9.39,2,189.89,20 / 20,318629,2019-09-06 18:21:25:311,-0.1352,-0.7371,9.6078,-0.0058,0.01,9.8066,0.0685,0.0175,-0.0258,-8.75,-29,34.94,2.22,-84.16,-163.56
52.390656,-1.515545,152.14,9.39,2,189.89,20 / 20,318729,2019-09-06 18:21:25:411,-0.7264,-0.5123,9.8481,-0.0018,0.0008,9.8066,0.0177,-0.0131,0.028,-9.12,-29.31,34.56,1.92,-84.06,-163.83
52.390656,-1.515545,152.14,9.39,2,189.89,20 / 20,318829,2019-09-06 18:21:25:511,0.4811,-0.3333,10.148,0.0058,-0.0079,9.8066,0.0315,-0.019,-0.0455,-9.06,-29.31,35.38,1.8,-84.1,-163.94
52.390656,-1.515545,152.14,9.39,2,189.89,20 / 20,318928,2019-09-06 18:21:25:610,0.0631,0.8493,9.7236,0.0108,-0.0061,9.8065,0.0152,-0.0159,0.0051,-9.12,-29.25,35,1.08,-84.07,-164.59
52.390656,-1.515545,152.14,9.39,2,189.89,20 / 20,319028,2019-09-06 18:21:25:710,-0.2586,-0.9208,10.0048,-0.0009,0.0092,9.8066,-0.0142,-0.0249,-0.0463,-8.94,-29.94,34.5,0.31,-84.17,-165.3
52.390656,-1.515545,152.14,9.39,2,189.89,20 / 20,319129,2019-09-06 18:21:25:811,0.1019,0.0278,9.7774,0.0089,0.0054,9.8066,-0.0341,0.0229,-0.0502,-9.25,-29.62,35.25,359.08,-84.23,-166.42
52.390656,-1.515545,152.14,9.39,2,189.89,20 / 20,319228,2019-09-06 18:21:25:910,0.2218,0.5455,9.6689,0.01,0.004,9.8066,-0.0073,0.0068,-0.0392,-9.06,-29,35.19,357.09,-84.33,-168.24
52.390656,-1.515545,152.14,9.39,2,189.89,20 / 20,319329,2019-09-06 18:21:26:011,-0.0395,-0.2986,9.8697,0.0127,0.0023,9.8066,0.054,-0.0146,-0.0165,-8.81,-29.75,35.06,355.67,-84.34,-169.53
52.390656,-1.515545,152.14,9.39,2,189.89,21 / 21,319428,2019-09-06 18:21:26:110,-0.2804,-0.338,10.192,0.0045,0.0064,9.8066,-0.0498,0.008,-0.0325,-8.31,-29.31,35.13,356.43,-84.43,-170.4
52.390656,-1.515545,152.14,9.39,2,189.89,21 / 21,319529,2019-09-06 18:21:26:211,-0.0283,-0.0919,10.3084,0.0043,0.0053,9.8066,-0.0267,-0.0313,-0.0057,-8.81,-29.37,35,353.62,-84.53,-171.44
52.390656,-1.515545,152.14,9.39,2,189.89,21 / 21,319628,2019-09-06 18:21:26:310,-0.9966,-0.3075,10.1922,0.0159,-0.0125,9.8066,-0.0078,-0.0429,-0.018,-8.06,-28.87,35.25,353.41,-84.46,-173.17
52.390656,-1.515545,152.14,9.39,2,189.89,21 / 21,319729,2019-09-06 18:21:26:411,-0.1249,-0.8989,9.6763,0.009,-0.002,9.8066,-0.0084,-0.0231,-0.0114,-8.25,-29.44,35,351.65,-84.49,-174.79
52.390656,-1.515545,152.14,9.39,2,189.89,21 / 21,319829,2019-09-06 18:21:26:511,-0.3307,-0.2308,9.2558,-0.0083,-0.0065,9.8066,-0.0372,0.0028,0.0087,-8.87,-29.62,34.44,349.23,-84.45,-175.01
52.390656,-1.515545,152.14,9.39,2,189.89,21 / 21,319929,2019-09-06 18:21:26:611,0.5229,0.4788,9.4202,0,-0.0188,9.8066,-0.0897,0.0191,-0.013,-8.25,-29.25,34.75,352.14,-84.6,-174.35
52.390656,-1.515545,152.14,9.39,2,189.89,21 / 21,320029,2019-09-06 18:21:26:711,-0.3031,-0.2048,9.8642,-0.0141,0.0063,9.8066,-0.0691,-0.0252,0.0068,-8.06,-29.44,34.56,353.03,-84.84,-173.56
52.390656,-1.515545,152.14,9.39,2,189.89,21 / 21,320128,2019-09-06 18:21:26:810,0.7399,0.2056,9.4998,-0.0107,-0.0092,9.8066,-0.0026,-0.0138,0.0144,-8.56,-29.94,34.75,353.8,-84.91,-171.3
52.390656,-1.515545,152.14,9.39,2,189.89,21 / 21,320229,2019-09-06 18:21:26:911,0.2128,-0.7773,9.188,-0.0178,-0.0158,9.8066,-0.1019,0.0034,0.0215,-8.37,-29.87,35,357.89,-84.9,-169.07
52.390656,-1.515545,152.14,9.39,2,189.89,21 / 21,320329,2019-09-06 18:21:27:011,-0.3907,-0.2527,9.7877,-0.0106,0.0033,9.8066,-0.0286,-0.0173,0.0387,-8.25,-29.62,34.44,359.57,-85.04,-167.16
52.38984,-1.515818,153.23,11.97,2,191.99,21 / 22,320428,2019-09-06 18:21:27:110,-0.2158,-0.6646,10.0678,-0.0058,-0.0108,9.8066,-0.053,0.0032,0.029,-8.62,-30.19,34.25,359.88,-85.2,-165.29
52.38984,-1.515818,153.23,11.97,2,191.99,21 / 22,320529,2019-09-06 18:21:27:211,0.504,-0.4205,10.1182,-0.0146,-0.0004,9.8066,-0.0708,0.0102,0.0448,-8.44,-30,34.88,4.85,-85.24,-162.63
52.38984,-1.515818,153.23,11.97,2,191.99,21 / 22,320628,2019-09-06 18:21:27:310,0.2904,0.2831,9.8197,-0.0026,-0.0181,9.8066,-0.1086,-0.0456,0.1104,-8.94,-30.06,34,4.75,-85.11,-160.78
52.38984,-1.515818,153.23,11.97,2,191.99,21 / 22,320728,2019-09-06 18:21:27:410,-0.1326,-0.399,9.7016,-0.0125,-0.0342,9.8066,-0.0783,0.0154,-0.0142,-9.37,-30,34.25,7.11,-85.04,-158.61
52.38984,-1.515818,153.23,11.97,2,191.99,21 / 22,320829,2019-09-06 18:21:27:511,-0.6908,-0.3354,9.8287,-0.0072,0.0181,9.8066,0.0346,0.0065,0.046,-9.56,-29.5,34.25,6.82,-85.08,-157.3
52.38984,-1.515818,153.23,11.97,2,191.99,21 / 22,320929,2019-09-06 18:21:27:611,-0.1453,-0.1587,9.7145,-0.008,0.0065,9.8066,0.0174,0.0518,0.0188,-9.44,-29.19,34.19,9.52,-85.17,-156.35
52.38984,-1.515818,153.23,11.97,2,191.99,21 / 22,321029,2019-09-06 18:21:27:711,-0.7041,-0.0388,9.9703,0.0058,-0.0162,9.8066,0.0564,0.0036,-0.0154,-9.37,-29.87,33.88,9.03,-84.96,-156.85
52.38984,-1.515818,153.23,11.97,2,191.99,21 / 22,321128,2019-09-06 18:21:27:810,-0.0932,-0.2462,9.8663,-0.0101,0.0019,9.8066,0.0583,-0.0015,-0.0083,-8.94,-29.75,33.75,9.21,-84.96,-156.68
52.38984,-1.515818,153.23,11.97,2,191.99,21 / 22,321229,2019-09-06 18:21:27:911,0.1161,0.9463,10.3153,0.0107,-0.023,9.8065,-0.008,-0.0028,0.013,-9.12,-29.75,34.06,8.75,-84.79,-157.13
52.38984,-1.515818,153.23,11.97,2,191.99,21 / 22,321328,2019-09-06 18:21:28:010,-0.1263,0.6204,9.9921,-0.001,-0.0331,9.8066,0.0092,0.0369,0.0132,-9.44,-29.44,34.13,9.05,-84.69,-156.85
52.38984,-1.515818,153.23,11.97,2,191.99,21 / 21,321429,2019-09-06 18:21:28:111,0.3762,0.3216,10.3566,-0.0079,0.0172,9.8066,0.1589,-0.009,0.023,-9.37,-30.06,34.56,9.21,-84.5,-157.14
52.38984,-1.515818,153.23,11.97,2,191.99,21 / 21,321529,2019-09-06 18:21:28:211,1.0778,1.8677,9.5648,0.0086,-0.0099,9.8065,0.0194,-0.0314,0.0816,-9.5,-29.44,34.38,8.63,-84.32,-157.28
52.38984,-1.515818,153.23,11.97,2,191.99,21 / 21,321629,2019-09-06 18:21:28:311,1.0978,0.4072,9.759,-0.0074,0.0388,9.8066,0.0227,0.0441,-0.0717,-9.44,-29.69,34.69,11.04,-84.45,-155.47
52.38984,-1.515818,153.23,11.97,2,191.99,21 / 21,321730,2019-09-06 18:21:28:412,-0.5046,-2.172,7.6602,-0.014,0.0842,9.8062,-0.2531,0.0486,0.0708,-8.5,-30.31,34.75,14.19,-84.79,-154.06
52.38984,-1.515818,153.23,11.97,2,191.99,21 / 21,321828,2019-09-06 18:21:28:510,-2.0565,1.4372,10.2414,-0.0304,-0.001,9.8066,-0.1529,0.148,-0.1476,-9.44,-30.25,33.88,17.42,-84.81,-149.14
52.38984,-1.515818,153.23,11.97,2,191.99,21 / 21,321929,2019-09-06 18:21:28:611,-1.2835,0.7869,10.4332,-0.0015,0.0048,9.8066,0.1175,0.117,0.0748,-9.5,-30,33.19,18.18,-84.9,-148.03
52.38984,-1.515818,153.23,11.97,2,191.99,21 / 21,322029,2019-09-06 18:21:28:711,1.1161,-0.5155,10.6019,-0.015,-0.0532,9.8064,0.1356,0.0329,-0.0399,-9.69,-30.12,34.5,15.87,-84.51,-149.49
52.38984,-1.515818,153.23,11.97,2,191.99,21 / 21,322129,2019-09-06 18:21:28:811,0.4149,1.0799,10.3249,0.0078,-0.0457,9.8064,-0.0576,0.0108,-0.0721,-9.81,-29.31,34.13,14.41,-83.74,-150.56
52.38984,-1.515818,153.23,11.97,2,191.99,21 / 21,322229,2019-09-06 18:21:28:911,0.6899,-0.9167,10.5478,-0.0123,0.0298,9.8066,0.04,-0.0691,0.083,-10.12,-30.25,34.56,15.76,-83.96,-149.73
52.38984,-1.515818,153.23,11.97,2,191.99,21 / 21,322329,2019-09-06 18:21:29:011,0.1821,0.2402,9.0089,-0.0178,0.0421,9.8064,0.0534,-0.1029,-0.0124,-9.87,-30.06,34.63,17.24,-84.01,-148.36
52.38984,-1.515818,153.23,11.97,2,191.99,22 / 22,322429,2019-09-06 18:21:29:111,0.1386,0.6834,9.0144,0.0059,0.0578,9.8064,0.1354,-0.0592,0.0863,-9.94,-29.69,34.44,15.09,-84.43,-149.82
52.38984,-1.515818,153.23,11.97,2,191.99,22 / 22,322528,2019-09-06 18:21:29:210,-0.6527,0.3551,10.0039,-0.01,-0.0049,9.8066,-0.0727,0.087,-0.1161,-9.69,-30.12,34.69,15.42,-84.27,-149.96
52.38984,-1.515818,153.23,11.97,2,191.99,22 / 22,322629,2019-09-06 18:21:29:311,-0.6994,-1.6588,10.2425,-0.0039,0.0455,9.8065,0.3205,0.0761,0.0938,-9.62,-29.75,34.31,12.85,-84.32,-151.89
52.38984,-1.515818,153.23,11.97,2,191.99,22 / 22,322729,2019-09-06 18:21:29:411,-0.451,0.1504,9.9542,-0.0157,0.0325,9.8065,0.1318,0.0042,-0.0155,-9.56,-29.31,34.25,12.75,-84.36,-151.94
52.38984,-1.515818,153.23,11.97,2,191.99,22 / 22,322829,2019-09-06 18:21:29:511,0.676,-0.6955,9.8563,0.0108,-0.0203,9.8066,-0.079,-0.0607,0.0604,-9.56,-29.37,33.5,11.04,-84.18,-153.53
52.38984,-1.515818,153.23,11.97,2,191.99,22 / 22,322929,2019-09-06 18:21:29:611,0.1832,-2.9449,8.5947,-0.0166,0.0011,9.8066,-0.2298,0.0783,-0.1181,-9.37,-29.56,34.44,14.75,-84.32,-151.72
52.38984,-1.515818,153.23,11.97,2,191.99,22 / 22,323028,2019-09-06 18:21:29:710,0.7747,-0.1335,10.9034,0.0133,0.0367,9.8065,0.152,-0.1136,0.0882,-10.19,-30.37,34.13,11.86,-84.83,-152.7
52.38984,-1.515818,153.23,11.97,2,191.99,22 / 22,323128,2019-09-06 18:21:29:810,-1.3532,1.8089,10.1405,0.0016,0.0414,9.8065,0.1747,-0.0169,-0.1636,-9.69,-30.44,34.31,12.31,-84.99,-152.25
52.38984,-1.515818,153.23,11.97,2,191.99,22 / 22,323229,2019-09-06 18:21:29:911,-1.5477,-1.5878,10.4083,0.0379,-0.0313,9.8065,0.0531,0.0086,0.2228,-8.94,-30.25,34.69,8.93,-85.01,-157.33
52.38984,-1.515818,153.23,11.97,2,191.99,22 / 22,323329,2019-09-06 18:21:30:011,-0.3789,-1.4211,10.0598,-0.0079,-0.0087,9.8066,0.1675,0.0035,-0.0143,-9.56,-29.56,34.44,3.54,-84.73,-160.36
52.38984,-1.515818,153.23,11.97,2,191.99,22 / 23,323429,2019-09-06 18:21:30:111,-0.4329,0.9133,10.7217,-0.0028,-0.0288,9.8066,0.0038,0.017,0.0017,-8.81,-29.94,34.38,5.75,-84.34,-159.93
52.38984,-1.515818,153.23,11.97,2,191.99,22 / 23,323529,2019-09-06 18:21:30:211,0.6344,-1.3209,8.3664,0.005,0.002,9.8066,-0.07,-0.0678,0.0208,-9.37,-29.81,34.63,6.38,-84.4,-159.75
52.38984,-1.515818,153.23,11.97,2,191.99,22 / 23,323628,2019-09-06 18:21:30:310,-1.0896,-0.5398,9.1801,-0.0147,0.043,9.8065,0.0101,0.0167,0.0353,-9.44,-29.87,34.44,8.33,-84.09,-157.62
52.38984,-1.515818,153.23,11.97,2,191.99,22 / 23,323729,2019-09-06 18:21:30:411,0.3884,-0.4169,9.3859,-0.03,0.0497,9.8064,0.0985,0.0034,0.0898,-9.69,-29.75,34.25,10.2,-84.51,-154.28
52.38984,-1.515818,153.23,11.97,2,191.99,22 / 23,323829,2019-09-06 18:21:30:511,-0.1718,-0.2088,9.3694,0.0016,0.0095,9.8066,-0.0651,0.1058,-0.0329,-9.37,-30.25,34.5,14.8,-84.46,-152.02
52.38984,-1.515818,153.23,11.97,2,191.99,22 / 23,323928,2019-09-06 18:21:30:610,0.3146,0.0094,9.8504,0.0139,-0.0197,9.8066,-0.0792,0.0075,0.004,-9.56,-30.31,33.81,10.4,-84.4,-154.11
52.38984,-1.515818,153.23,11.97,2,191.99,22 / 23,324028,2019-09-06 18:21:30:710,0.3778,-0.9691,9.3621,-0.0123,-0.0144,9.8066,-0.0475,-0.0088,0.0284,-9.62,-29.5,34.13,10.01,-84.04,-154.5
52.38984,-1.515818,153.23,11.97,2,191.99,22 / 23,324128,2019-09-06 18:21:30:810,0.6067,0.0832,10.0682,0.0112,-0.0091,9.8066,0.011,-0.0358,0.1042,-9.31,-29.31,34.69,11.24,-83.84,-155.36
52.38984,-1.515818,153.23,11.97,2,191.99,22 / 23,324229,2019-09-06 18:21:30:911,-0.4775,0.343,8.9561,-0.02,0.0166,9.8066,0.0191,-0.1208,-0.0641,-9.12,-29.62,33.88,11.25,-83.74,-155.03
52.38984,-1.515818,153.23,11.97,2,191.99,22 / 23,324329,2019-09-06 18:21:31:011,0.1382,-1.2424,9.1585,-0.0081,0.0056,9.8066,-0.0834,0.0173,-0.0665,-9.5,-29.94,34.88,13.65,-83.73,-153.24
52.38984,-1.515818,153.23,11.97,2,191.99,21 / 21,324428,2019-09-06 18:21:31:110,-0.2314,1.1008,9.3768,-0.0095,-0.024,9.8066,-0.1053,0.0861,0.1678,-10.06,-29.5,34.5,12.12,-83.86,-153.03
52.38984,-1.515818,153.23,11.97,2,191.99,21 / 21,324529,2019-09-06 18:21:31:211,-0.327,-0.3328,9.4578,-0.0143,-0.0218,9.8065,-0.0942,-0.0872,0.01,-10.37,-30.19,34.63,14.38,-83.62,-151.06
52.38984,-1.515818,153.23,11.97,2,191.99,21 / 21,324629,2019-09-06 18:21:31:311,-0.4935,1.1387,8.8758,0.0073,0.0052,9.8066,-0.0946,-0.0713,-0.0507,-10,-29.5,34.56,16.62,-83.57,-149
52.38984,-1.515818,153.23,11.97,2,191.99,21 / 21,324729,2019-09-06 18:21:31:411,0.0969,0.882,9.8803,0.0105,0.0178,9.8066,-0.0259,0.0432,0.1185,-10.12,-29.87,34.19,15.64,-83.81,-149.47
52.38984,-1.515818,153.23,11.97,2,191.99,21 / 21,324829,2019-09-06 18:21:31:511,-0.3521,0.1313,10.2812,-0.0111,0.0189,9.8066,0.0407,0.0382,-0.0948,-9.94,-30,33.94,17.31,-83.99,-147.9
52.38984,-1.515818,153.23,11.97,2,191.99,21 / 21,324929,2019-09-06 18:21:31:611,0.0193,-0.2799,10.3503,0.0004,0.0007,9.8066,0.0636,-0.0424,-0.0861,-9.81,-29.75,34.31,16.35,-83.97,-148.78
52.38984,-1.515818,153.23,11.97,2,191.99,21 / 21,325028,2019-09-06 18:21:31:710,0.5788,-0.0876,9.9627,0.0163,-0.0344,9.8065,-0.1314,0.0662,-0.0373,-9.62,-29.75,34.13,15.98,-84.1,-149.09
52.38984,-1.515818,153.23,11.97,2,191.99,21 / 21,325129,2019-09-06 18:21:31:811,0.2574,0.4706,10.463,0.0048,-0.0273,9.8066,-0.001,0.0402,0.096,-9.69,-30.5,34.25,14.26,-84.02,-150.67
52.38984,-1.515818,153.23,11.97,2,191.99,21 / 21,325229,2019-09-06 18:21:31:911,-0.2895,-0.9118,10.1483,0.0189,-0.0735,9.8063,-0.3185,0.0755,-0.0907,-10.12,-29.75,34,14.35,-83.76,-150.65
52.38984,-1.515818,153.23,11.97,2,191.99,21 / 21,325329,2019-09-06 18:21:32:011,-0.0235,3.3711,9.2605,0.0175,-0.0961,9.8061,-0.1015,0.0338,0.0121,-9.81,-30,33.69,14.6,-83.75,-150.43
52.38984,-1.515818,153.23,11.97,2,191.99,21 / 22,325428,2019-09-06 18:21:32:110,0.4845,3.4249,9.0795,-0.012,0.075,9.8063,-0.1511,-0.0591,-0.0127,-10.44,-29.56,34.13,18.93,-84.19,-146.36
52.38984,-1.515818,153.23,11.97,2,191.99,21 / 22,325529,2019-09-06 18:21:32:211,-0.9642,0.4815,10.1282,-0.0006,-0.0176,9.8066,-0.1157,-0.0033,0.1087,-10.56,-29.75,34.38,16.73,-83.87,-146.91
52.38984,-1.515818,153.23,11.97,2,191.99,21 / 22,325629,2019-09-06 18:21:32:311,-3.1471,-1.3784,12.1647,-0.0226,0.006,9.8066,0.3636,-0.1316,0.0629,-10.25,-29.87,33.69,19.46,-83.81,-146
52.38984,-1.515818,153.23,11.97,2,191.99,21 / 22,325729,2019-09-06 18:21:32:411,1.3357,0.054,9.6143,-0.0235,0.0571,9.8064,-0.2986,-0.09,0.0233,-10.5,-29.69,34.38,20.08,-83.64,-145.49
52.38984,-1.515818,153.23,11.97,2,191.99,21 / 22,325828,2019-09-06 18:21:32:510,-2.11,-0.7392,11.6556,0.0069,-0.0485,9.8064,-0.04,0.2178,-0.0827,-10.44,-29.69,34.5,18.81,-83.35,-147.12
52.38984,-1.515818,153.23,11.97,2,191.99,21 / 22,325928,2019-09-06 18:21:32:610,0.1555,0.8586,8.2334,0.0136,-0.0402,9.8065,0.0274,0.1073,0,-10.75,-30.12,34,15.96,-83.52,-147.7
52.38984,-1.515818,153.23,11.97,2,191.99,21 / 22,326029,2019-09-06 18:21:32:711,-0.7812,0.8417,10.4083,0.0089,0.018,9.8065,-0.2012,0.003,-0.0605,-11,-30.25,34,16.86,-83.68,-146.84
52.38984,-1.515818,153.23,11.97,2,191.99,21 / 22,326129,2019-09-06 18:21:32:811,0.3877,1.1645,9.5372,-0.0038,-0.0457,9.8065,-0.0273,0.0207,-0.0301,-10.56,-29.75,34.5,16.5,-83.59,-147.64
52.38984,-1.515818,153.23,11.97,2,191.99,21 / 22,326229,2019-09-06 18:21:32:911,1.0159,1.446,9.9142,-0.0153,-0.0302,9.8065,-0.0051,0.0648,-0.1118,-11,-29,35,16.14,-83.53,-147.93
52.38984,-1.515818,153.23,11.97,2,191.99,21 / 22,326328,2019-09-06 18:21:33:010,-0.812,2.1441,11.7975,0.0071,-0.0397,9.8065,0.0757,0.0519,-0.0345,-11.37,-29.87,34.63,16,-83.22,-148.19
52.38984,-1.515818,153.23,11.97,2,191.99,21 / 21,326429,2019-09-06 18:21:33:111,0.8412,-2.1042,9.7004,0.0166,-0.0961,9.8061,-0.3146,0.1431,-0.0118,-10.75,-29.44,34.19,13.46,-83.03,-150.02
52.38984,-1.515818,153.23,11.97,2,191.99,21 / 21,326529,2019-09-06 18:21:33:211,0.1213,1.5164,9.5841,0.0227,-0.1036,9.806,-0.172,-0.0068,-0.0079,-10.5,-30.19,34.06,15.48,-83.07,-149.8
52.38984,-1.515818,153.23,11.97,2,191.99,21 / 21,326629,2019-09-06 18:21:33:311,-0.2733,1.8276,8.4794,0.011,0.0764,9.8063,-0.0926,0.0329,-0.071,-10.31,-29.44,34.38,16.06,-83.29,-149.17
52.38984,-1.515818,153.23,11.97,2,191.99,21 / 21,326730,2019-09-06 18:21:33:412,-1.0807,1.3842,9.6886,0.0219,-0.0244,9.8065,-0.2283,-0.0634,0.0368,-10,-30.12,34.06,12.85,-83.63,-152.04
52.38984,-1.515818,153.23,11.97,2,191.99,21 / 21,326828,2019-09-06 18:21:33:510,-0.2227,0.7561,9.0114,-0.0036,0.0604,9.8064,0.2085,0.0378,-0.0384,-10,-29.25,34.75,12.36,-83.91,-152.8
52.38984,-1.515818,153.23,11.97,2,191.99,21 / 21,326928,2019-09-06 18:21:33:610,1.9972,-0.0257,9.2334,-0.0194,0.061,9.8064,0.0592,0.0591,-0.032,-9.94,-29.56,34.44,11.24,-83.96,-153.43
52.38984,-1.515818,153.23,11.97,2,191.99,21 / 21,327029,2019-09-06 18:21:33:711,-0.1241,0.0349,10.394,-0.0075,0.0073,9.8066,0.1341,-0.0339,0.0688,-9.94,-29.81,34.25,12.08,-84.04,-152.65
52.38984,-1.515818,153.23,11.97,2,191.99,21 / 21,327128,2019-09-06 18:21:33:810,0.931,0.7593,10.3198,-0.0096,0.0184,9.8065,0.0507,0.0067,-0.0532,-11,-29.06,34.25,11.18,-83.95,-151.9
52.38984,-1.515818,153.23,11.97,2,191.99,21 / 21,327229,2019-09-06 18:21:33:911,-0.9316,0.9173,10.531,0.0107,-0.0051,9.8066,0.1056,0.0483,-0.0552,-10.69,-29.37,34.5,11.02,-83.67,-152.55
52.38984,-1.515818,153.23,11.97,2,191.99,21 / 21,327329,2019-09-06 18:21:34:011,0.6775,-1.0801,10.0567,0.0071,0.0276,9.8065,0.0495,0.0138,-0.0237,-10.62,-29.81,34.69,8.24,-83.71,-155.1
52.38984,-1.515818,153.23,11.97,2,191.99,21 / 21,327429,2019-09-06 18:21:34:111,-0.7278,0.0249,9.9259,-0.0044,-0.0121,9.8065,0.108,-0.0305,0.0694,-11,-30.19,35,9.13,-83.54,-154.31
52.38984,-1.515818,153.23,11.97,2,191.99,21 / 21,327529,2019-09-06 18:21:34:211,-0.8906,0.5839,10.5708,-0.0017,0.0342,9.8065,0.0506,-0.0132,0.0235,-10.56,-30,35.19,8.73,-83.79,-154.64
52.38984,-1.515818,153.23,11.97,2,191.99,21 / 21,327629,2019-09-06 18:21:34:311,-0.2001,-0.6683,9.8228,0.0134,0.017,9.8066,0.0379,-0.0195,-0.0395,-11.19,-29.62,35.25,7.41,-83.78,-155.84
52.38984,-1.515818,153.23,11.97,2,191.99,21 / 21,327729,2019-09-06 18:21:34:411,-0.4242,0.045,11.0685,-0.0292,0.0092,9.8066,0.0392,-0.0352,0.0739,-10.87,-29.5,34.75,8.11,-83.55,-155.21
52.38984,-1.515818,153.23,11.97,2,191.99,21 / 21,327828,2019-09-06 18:21:34:510,-0.0567,-1.243,9.6541,-0.006,-0.0079,9.8066,0.0837,0.0759,-0.003,-10.37,-29.69,35.13,9.53,-83.41,-155.48
52.38984,-1.515818,153.23,11.97,2,191.99,21 / 21,327928,2019-09-06 18:21:34:610,1.3965,-1.6469,10.1445,-0.0168,0.0117,9.8066,-0.0198,0.1108,-0.0677,-11.37,-29.75,34.88,8.45,-83.35,-154.96
52.38984,-1.515818,153.23,11.97,2,191.99,21 / 21,328029,2019-09-06 18:21:34:711,0.2494,0.1306,11.587,0.0258,-0.0946,9.8061,0.1083,0.0665,-0.0012,-11.19,-29.5,34.38,7.96,-83.05,-154.95
52.38984,-1.515818,153.23,11.97,2,191.99,21 / 21,328129,2019-09-06 18:21:34:811,1.8995,0.9104,9.6994,0.0338,-0.1036,9.806,-0.2625,0.0927,0.0655,-11.62,-30.06,35.06,5.48,-82.89,-156.18
52.38984,-1.515818,153.23,11.97,2,191.99,21 / 21,328228,2019-09-06 18:21:34:910,0.1238,-0.0802,9.3217,0.0147,0.0005,9.8065,-0.2203,0.0248,-0.0438,-10.75,-29.31,34.88,5.76,-83.01,-157.39
52.38984,-1.515818,153.23,11.97,2,191.99,21 / 21,328329,2019-09-06 18:21:35:011,0.6447,2.1697,9.881,0.0115,-0.0323,9.8065,0.0633,0.009,-0.0416,-10.56,-28.87,35.38,5.86,-83.11,-157.29
52.38984,-1.515818,153.23,11.97,2,191.99,21 / 21,328428,2019-09-06 18:21:35:110,1.6438,0.6879,9.674,0.014,0.0304,9.8065,-0.0057,0.1518,-0.1246,-10.81,-29.56,34.75,4.97,-83.24,-158.1
52.38984,-1.515818,153.23,11.97,2,191.99,21 / 21,328529,2019-09-06 18:21:35:211,0.6782,-0.9286,10.6149,-0.0106,0.0235,9.8066,0.0582,0.0565,0.0573,-11.37,-29.69,35.56,5.35,-83.52,-158.18
52.38984,-1.515818,153.23,11.97,2,191.99,21 / 21,328629,2019-09-06 18:21:35:311,-0.2328,-0.5956,9.7982,0.0064,-0.0221,9.8066,0.1489,-0.0501,0.0612,-11.06,-29.25,35.19,4.25,-83.18,-158.73
52.38984,-1.515818,153.23,11.97,2,191.99,21 / 21,328729,2019-09-06 18:21:35:411,0.3261,1.8278,9.7785,-0.0079,-0.0598,9.8064,-0.244,-0.0589,0.0757,-11.62,-29,35.44,3.3,-82.86,-158.12
52.38984,-1.515818,153.23,11.97,2,191.99,21 / 21,328829,2019-09-06 18:21:35:511,-0.1166,1.9795,9.7418,0.0253,-0.0242,9.8065,-0.0106,-0.0184,-0.0837,-11.56,-29.37,35.63,5.65,-83.11,-156.47
52.38984,-1.515818,153.23,11.97,2,191.99,21 / 21,328929,2019-09-06 18:21:35:611,0.899,2.157,9.3789,0.013,-0.025,9.8065,0.0802,-0.1629,0.0583,-11.62,-29.31,35,3.63,-83,-157.82
52.38984,-1.515818,153.23,11.97,2,191.99,21 / 21,329029,2019-09-06 18:21:35:711,2.9938,-2.2225,8.7683,0.0185,-0.0074,9.8066,0.0598,0.1631,-0.1607,-11.56,-29.37,35.19,2.22,-83.08,-159.08
52.38984,-1.515818,153.23,11.97,2,191.99,21 / 21,329128,2019-09-06 18:21:35:810,-0.1342,2.3334,9.3833,-0.0088,-0.0708,9.8063,-0.1839,0.1137,0.0858,-11.81,-29,34.81,4.54,-83.02,-157
52.38984,-1.515818,153.23,11.97,2,191.99,21 / 21,329228,2019-09-06 18:21:35:910,1.7078,2.0797,9.8615,-0.0266,0.0391,9.8065,-0.3287,0.1768,0.148,-12.12,-29.75,34.88,8.62,-83.14,-153.35
52.38984,-1.515818,153.23,11.97,2,191.99,21 / 21,329329,2019-09-06 18:21:36:011,-0.3727,0.7682,8.4482,0.0211,-0.0422,9.8065,-0.004,-0.0125,-0.0259,-11.94,-29.12,35.56,7.81,-82.54,-154.6
52.388813,-1.516127,153.78,13.82,3,184.51,22 / 22,329428,2019-09-06 18:21:36:110,0.5873,2.9223,8.7907,-0.0424,0.0473,9.8063,0.2337,-0.0469,0.1094,-12.37,-29.56,35.25,8.41,-82.43,-153.64
52.388813,-1.516127,153.78,13.82,3,184.51,22 / 22,329528,2019-09-06 18:21:36:210,1.245,1.321,11.4072,-0.0255,0.0476,9.8064,0.2652,0.1425,-0.2214,-12.25,-28.5,35.44,10.79,-82.69,-151.41
52.388813,-1.516127,153.78,13.82,3,184.51,22 / 22,329629,2019-09-06 18:21:36:311,-0.575,0.3054,8.5371,-0.008,0.1151,9.8059,0.2243,-0.0549,0.1261,-12.44,-29.87,36.06,9.35,-83.05,-153.18
52.388813,-1.516127,153.78,13.82,3,184.51,22 / 22,329728,2019-09-06 18:21:36:410,0.8902,1.6519,10.1746,0.005,0.0531,9.8064,0.2827,-0.0286,0.0222,-12.37,-29.19,35.81,9.31,-82.99,-153.18
52.388813,-1.516127,153.78,13.82,3,184.51,22 / 22,329829,2019-09-06 18:21:36:511,-1.3464,-0.5911,12.2936,0.0037,0.0213,9.8066,-0.0674,-0.0031,0.05,-12.75,-28.81,35.5,5.71,-82.79,-155.02
52.388813,-1.516127,153.78,13.82,3,184.51,22 / 22,329929,2019-09-06 18:21:36:611,-1.5602,0.0293,9.9767,0.0029,0.0132,9.8066,0.5106,0.005,0.2607,-12.19,-29.12,35.69,7.24,-82.5,-155.1
52.388813,-1.516127,153.78,13.82,3,184.51,22 / 22,330029,2019-09-06 18:21:36:711,2.0334,0.1691,10.3277,-0.036,0.005,9.8065,0.0462,0.2966,-0.1527,-12.37,-28.62,35.25,7.37,-82.24,-154.55
52.388813,-1.516127,153.78,13.82,3,184.51,22 / 22,330128,2019-09-06 18:21:36:810,-0.6621,1.6547,9.3217,-0.0194,-0.0345,9.8065,-0.0117,-0.0036,0.0085,-12.56,-28.56,35.56,7.41,-82.32,-153.55
52.388813,-1.516127,153.78,13.82,3,184.51,22 / 22,330229,2019-09-06 18:21:36:911,-0.9732,2.061,9.1193,0.0245,-0.0005,9.8065,-0.1436,0.0026,-0.138,-12.75,-30.06,35.63,7.94,-82.44,-153.09
52.388813,-1.516127,153.78,13.82,3,184.51,22 / 22,330328,2019-09-06 18:21:37:010,-0.4065,1.3893,10.2293,-0.0207,0.0247,9.8066,0.1333,0.0721,0.069,-12.37,-29.06,34.94,7.64,-82.61,-154.26
52.388813,-1.516127,153.78,13.82,3,184.51,21 / 21,330428,2019-09-06 18:21:37:110,1.1109,-0.7259,10.714,-0.0245,0.0187,9.8065,0.2711,-0.0448,0.0387,-12.56,-28.94,36.31,8.43,-82.55,-152.61
52.388813,-1.516127,153.78,13.82,3,184.51,21 / 21,330529,2019-09-06 18:21:37:211,2.4224,-0.6272,9.9055,0.0061,-0.0533,9.8065,-0.0506,0.1291,-0.0536,-13.31,-28.87,35.75,9.25,-82.06,-151.95
52.388813,-1.516127,153.78,13.82,3,184.51,21 / 21,330628,2019-09-06 18:21:37:310,-0.423,-1.1255,11.7015,0.0269,-0.0736,9.8062,0.1479,-0.0566,0.0046,-13.81,-29.25,35.63,7.69,-81.89,-151.95
52.388813,-1.516127,153.78,13.82,3,184.51,21 / 21,330729,2019-09-06 18:21:37:411,-1.7987,-0.4574,9.937,0.0163,-0.0458,9.8065,-0.2219,-0.1622,0.0438,-13.25,-28.94,35.88,9.27,-81.79,-151.97
52.388813,-1.516127,153.78,13.82,3,184.51,21 / 21,330829,2019-09-06 18:21:37:511,1.8693,2.3864,8.804,0.0268,-0.0244,9.8065,-0.111,0.1374,-0.0887,-13.44,-29,35.5,8.99,-81.96,-152.19
52.388813,-1.516127,153.78,13.82,3,184.51,21 / 21,330929,2019-09-06 18:21:37:611,0.6551,2.3203,9.9309,-0.0026,0.0197,9.8066,-0.226,0.1023,-0.0586,-13.19,-29.44,35.25,8.94,-82.19,-151.7
52.388813,-1.516127,153.78,13.82,3,184.51,21 / 21,331029,2019-09-06 18:21:37:711,-1.7681,3.2212,10.3403,0.0163,-0.0264,9.8065,-0.1956,0.0902,-0.1596,-12.75,-29,35.75,7.48,-82.26,-153.5
52.388813,-1.516127,153.78,13.82,3,184.51,21 / 21,331128,2019-09-06 18:21:37:810,2.6497,0.3384,9.3539,0.0039,0.0245,9.8066,0.197,0.0297,0.0369,-13.37,-28.69,36.25,4.91,-82.37,-155.77
52.388813,-1.516127,153.78,13.82,3,184.51,21 / 21,331229,2019-09-06 18:21:37:911,-2.5155,-0.9126,11.974,0.0014,0.027,9.8066,0.036,-0.1407,-0.0405,-13.31,-28.56,36.25,4.67,-82.26,-155.99
52.388813,-1.516127,153.78,13.82,3,184.51,21 / 21,331329,2019-09-06 18:21:38:011,0.6351,-1.5286,9.0773,0.0345,-0.0247,9.8065,0.1857,-0.0513,0.1069,-12.94,-28.94,35.94,3.61,-82.52,-156.92
52.388813,-1.516127,153.78,13.82,3,184.51,22 / 22,331429,2019-09-06 18:21:38:111,1.8463,-0.8152,9.5718,-0.0212,-0.008,9.8065,0.1371,0.1222,-0.0912,-12.94,-28.44,35.88,3.1,-82.34,-157.37
52.388813,-1.516127,153.78,13.82,3,184.51,22 / 22,331529,2019-09-06 18:21:38:211,0.3475,0.2316,10.7061,0.0309,-0.0488,9.8064,-0.164,0.0412,-0.0069,-13.12,-28.62,35.94,1.86,-82.17,-158.49
52.388813,-1.516127,153.78,13.82,3,184.51,22 / 22,331628,2019-09-06 18:21:38:310,1.0013,-0.1399,9.5907,0.0034,-0.0527,9.8065,0.0128,0.0634,0.0017,-13,-28.94,36.5,2.58,-82.2,-158.34
52.388813,-1.516127,153.78,13.82,3,184.51,22 / 22,331729,2019-09-06 18:21:38:411,1.6659,0.9825,9.6232,0.0111,-0.0105,9.8066,-0.1181,0.155,-0.1123,-13.06,-28.62,35.81,2.74,-82.08,-157.72
52.388813,-1.516127,153.78,13.82,3,184.51,22 / 22,331828,2019-09-06 18:21:38:510,-1.6537,-0.7752,9.4258,0.0359,-0.0046,9.8065,0.0149,-0.1014,0.2457,-13.19,-28.62,36.13,0.91,-82.27,-159.34
52.388813,-1.516127,153.78,13.82,3,184.51,22 / 22,331930,2019-09-06 18:21:38:612,0.8464,0.7119,10.6774,-0.0102,-0.0053,9.8066,-0.0938,-0.2556,0.146,-13.19,-28.94,36.13,2.84,-82.29,-157.62
52.388813,-1.516127,153.78,13.82,3,184.51,22 / 22,332029,2019-09-06 18:21:38:711,0.7227,4.4274,9.4052,-0.0148,0.0288,9.8066,0.0309,0.224,-0.2258,-12.81,-28.5,35.94,4.31,-82.43,-156.29
52.388813,-1.516127,153.78,13.82,3,184.51,22 / 22,332129,2019-09-06 18:21:38:811,-3.5588,1.7305,10.8205,-0.0188,0.0087,9.8065,0.1534,0.3173,0.0249,-13.37,-29.12,35.69,2.69,-82.41,-157.75
52.388813,-1.516127,153.78,13.82,3,184.51,22 / 22,332228,2019-09-06 18:21:38:910,-0.9085,-2.0753,8.742,-0.0223,-0.0061,9.8066,0.1765,-0.1035,0.165,-13.69,-28.69,36.19,0.74,-82.21,-158.09
52.388813,-1.516127,153.78,13.82,3,184.51,22 / 22,332328,2019-09-06 18:21:39:010,1.4575,0.4476,8.7663,-0.0227,0.0191,9.8066,-0.033,-0.005,-0.0975,-13.69,-28.56,35.69,3.26,-82.21,-155.86
52.388813,-1.516127,153.78,13.82,3,184.51,22 / 22,332431,2019-09-06 18:21:39:113,-1.6949,1.616,9.477,-0.0025,0.0014,9.8066,-0.2188,-0.0555,0.0794,-13.25,-28.81,35.5,5.6,-82.19,-155.17
52.388813,-1.516127,153.78,13.82,3,184.51,22 / 22,332529,2019-09-06 18:21:39:211,1.4076,2.3158,8.8033,-0.0167,0.0634,9.8064,0.1407,-0.154,0.1124,-13.69,-29.06,35.75,3.93,-82.24,-155.25
52.388813,-1.516127,153.78,13.82,3,184.51,22 / 22,332628,2019-09-06 18:21:39:310,-0.0929,2.7165,10.5158,-0.049,0.0672,9.8063,0.0978,0.1888,-0.2072,-14.37,-28.5,35.75,6.33,-82.45,-153.07
52.388813,-1.516127,153.78,13.82,3,184.51,22 / 22,332729,2019-09-06 18:21:39:411,-0.3166,0.0869,10.7961,0.0071,-0.0511,9.8065,0.024,0.2112,-0.1374,-13.87,-29,35.75,2.2,-82.02,-156.8
52.388813,-1.516127,153.78,13.82,3,184.51,22 / 22,332829,2019-09-06 18:21:39:511,0.2111,-1.6677,9.5004,-0.0044,0.0496,9.8064,-0.1832,-0.0068,-0.0884,-13.87,-28.5,36.31,0.23,-82.34,-158.54
52.388813,-1.516127,153.78,13.82,3,184.51,22 / 22,332929,2019-09-06 18:21:39:611,-1.8068,0.2473,9.6956,0.0028,0.0098,9.8066,0.069,0.0828,-0.1026,-13.12,-28.94,35.88,1.64,-82.41,-158.68
52.388813,-1.516127,153.78,13.82,3,184.51,22 / 22,333029,2019-09-06 18:21:39:711,0.1864,1.0765,10.56,-0.0171,0.0226,9.8066,0.1701,0.1391,0.0215,-13.75,-28.69,35.25,359.74,-82.82,-158.43
52.388813,-1.516127,153.78,13.82,3,184.51,22 / 22,333129,2019-09-06 18:21:39:811,-1.4806,0.4424,11.1552,0.0141,-0.0465,9.8065,0.0428,0.0766,-0.0621,-13.37,-29,36.19,2.18,-82.93,-158.19
52.388813,-1.516127,153.78,13.82,3,184.51,22 / 22,333228,2019-09-06 18:21:39:910,1.748,-0.7554,9.9708,0.0204,-0.0587,9.8064,0.2657,0.0348,-0.026,-13.25,-28.75,35.69,359.8,-82.48,-160.33
52.388813,-1.516127,153.78,13.82,3,184.51,22 / 22,333328,2019-09-06 18:21:40:010,-0.3243,-1.5477,10.3931,0.0089,-0.0448,9.8065,-0.2254,0.1581,0.0074,-14,-28.56,35.81,358.29,-82,-160.26
52.388813,-1.516127,153.78,13.82,3,184.51,23 / 23,333429,2019-09-06 18:21:40:111,-0.8705,0.0361,9.98,0.0049,-0.049,9.8065,-0.1232,0.0488,-0.0174,-14.06,-28.69,35.94,359.32,-82.17,-159.35
52.388813,-1.516127,153.78,13.82,3,184.51,23 / 23,333529,2019-09-06 18:21:40:211,1.1435,2.8292,9.126,-0.0305,0.056,9.8064,-0.0055,-0.0562,-0.02,-13.5,-29.06,35.25,1.63,-82.52,-158.17
52.388813,-1.516127,153.78,13.82,3,184.51,23 / 23,333628,2019-09-06 18:21:40:310,-1.0022,0.5428,9.276,-0.0067,0.0317,9.8065,-0.0434,-0.0677,0.0515,-14.12,-29,35.5,3.22,-82.77,-155.86
52.388813,-1.516127,153.78,13.82,3,184.51,23 / 23,333728,2019-09-06 18:21:40:410,-1.8168,0.0423,10.8371,-0.0211,0.0515,9.8065,0.3951,-0.1136,0.0788,-14.06,-28.87,35.94,3.79,-82.89,-155.34
52.388813,-1.516127,153.78,13.82,3,184.51,23 / 23,333829,2019-09-06 18:21:40:511,0.2136,-1.2187,10.6198,-0.0384,0.0677,9.8063,0.2424,-0.0073,-0.047,-13.69,-28.19,36.06,4.11,-82.69,-155.05
52.388813,-1.516127,153.78,13.82,3,184.51,23 / 23,333929,2019-09-06 18:21:40:611,-0.7389,1.7056,11.5695,0.0247,-0.0278,9.8065,0.1477,-0.0043,-0.0361,-13.12,-28.81,36.38,2.5,-82.45,-157.91
52.388813,-1.516127,153.78,13.82,3,184.51,23 / 23,334029,2019-09-06 18:21:40:711,-0.0726,0.3537,9.6305,0.0136,-0.038,9.8066,-0.0135,0.0637,-0.0304,-13.62,-28.5,36.5,0.57,-82.33,-158.77
52.388813,-1.516127,153.78,13.82,3,184.51,23 / 23,334128,2019-09-06 18:21:40:810,0.0894,0.5853,8.6876,0.0174,-0.0315,9.8066,-0.1743,0.1181,-0.0399,-13.37,-29.12,36.44,1.15,-82.51,-159.12
52.388813,-1.516127,153.78,13.82,3,184.51,23 / 23,334228,2019-09-06 18:21:40:910,-0.862,0.7434,10.278,0.0253,-0.051,9.8065,-0.135,-0.029,-0.0153,-13.69,-28.62,36,358.02,-82.52,-160.52
52.388813,-1.516127,153.78,13.82,3,184.51,23 / 23,334329,2019-09-06 18:21:41:011,0.0928,1.8634,9.9799,-0.0043,0.001,9.8066,-0.0045,-0.02,0.0408,-13.56,-28.69,36.06,358.93,-82.76,-159.71
52.388813,-1.516127,153.78,13.82,3,184.51,21 / 21,334428,2019-09-06 18:21:41:110,-0.2243,1.7387,9.9081,0.0075,-0.036,9.8065,-0.0245,-0.0408,-0.0038,-13.75,-28.44,36.31,359.63,-82.62,-159.08
52.388813,-1.516127,153.78,13.82,3,184.51,21 / 21,334529,2019-09-06 18:21:41:211,-0.2594,-0.0814,9.6328,0.0161,-0.0174,9.8066,-0.0058,0.046,0.0013,-13.06,-27.94,36.06,0.96,-82.63,-159.28
52.388813,-1.516127,153.78,13.82,3,184.51,21 / 21,334629,2019-09-06 18:21:41:311,-0.7117,-1.2928,9.4269,0.0032,-0.0218,9.8066,0.1154,-0.0372,0.1031,-13.69,-28.19,35.44,357.3,-82.53,-160.62
52.388813,-1.516127,153.78,13.82,3,184.51,21 / 21,334729,2019-09-06 18:21:41:411,0.1103,0.3773,9.2396,-0.0163,0.0166,9.8066,-0.112,-0.0141,0.0474,-13.56,-28.69,35.81,0.14,-82.68,-158.62
52.388813,-1.516127,153.78,13.82,3,184.51,21 / 21,334828,2019-09-06 18:21:41:510,0.0411,0.5081,9.5904,-0.0321,0.0145,9.8065,-0.0232,0.001,0.073,-13.69,-29.06,35.81,3.25,-82.92,-155.83
52.388813,-1.516127,153.78,13.82,3,184.51,21 / 21,334929,2019-09-06 18:21:41:611,0.4755,0.961,9.2619,-0.0166,-0.0063,9.8066,-0.083,0.0424,0.0279,-14,-28.75,35.63,6.82,-82.94,-152.61
52.388813,-1.516127,153.78,13.82,3,184.51,21 / 21,335028,2019-09-06 18:21:41:710,-0.3139,0.1092,10.743,-0.0032,-0.033,9.8066,0.0224,0.005,0.0277,-14.37,-28.62,35.81,7.87,-82.68,-151.7
52.388813,-1.516127,153.78,13.82,3,184.51,21 / 21,335128,2019-09-06 18:21:41:810,-0.2134,-0.1559,10.089,0.0121,-0.0285,9.8065,0.0267,0.001,-0.0001,-13.94,-28.94,36.75,7.66,-82.44,-152.42
52.388813,-1.516127,153.78,13.82,3,184.51,21 / 21,335229,2019-09-06 18:21:41:911,-0.6115,-1.0876,10.2975,0.0232,-0.0287,9.8065,-0.0609,0.0123,-0.095,-13.87,-28.19,36.06,4.67,-82.1,-154.59
52.388813,-1.516127,153.78,13.82,3,184.51,21 / 21,335329,2019-09-06 18:21:42:011,0.9891,1.4143,10.0898,0.0093,0.0457,9.8065,0.0551,-0.1087,0.0478,-13.87,-28.31,36.25,2.58,-82.47,-156.43
52.388813,-1.516127,153.78,13.82,3,184.51,21 / 21,335429,2019-09-06 18:21:42:111,-0.9007,-0.4849,10.3161,-0.0217,0.0232,9.8066,0.1228,-0.0984,-0.0265,-13.56,-29,35.69,3.22,-82.56,-155.87
52.388813,-1.516127,153.78,13.82,3,184.51,21 / 21,335528,2019-09-06 18:21:42:210,-2.1227,-0.1304,11.185,0.0117,-0.0062,9.8066,0.1947,-0.0942,0.1729,-14.19,-28.94,36.19,3.55,-82.72,-155.57
52.388813,-1.516127,153.78,13.82,3,184.51,21 / 21,335629,2019-09-06 18:21:42:311,-1.154,-0.803,10.1432,-0.0363,0.0638,9.8063,0.2018,-0.0814,0.0419,-13.87,-28.69,36.31,4.52,-82.82,-154.69
52.388813,-1.516127,153.78,13.82,3,184.51,21 / 21,335728,2019-09-06 18:21:42:410,0.3525,1.133,10.3214,0.0054,-0.0345,9.8065,0.195,-0.122,0.04,-13.94,-28.56,36.44,4.47,-82.35,-154.77
52.388813,-1.516127,153.78,13.82,3,184.51,21 / 21,335828,2019-09-06 18:21:42:510,-0.3486,-1.2318,10.4437,-0.0084,0.0295,9.8065,0.0832,-0.0969,0.0172,-13.69,-28.62,36,5.11,-82.37,-154.19
52.388813,-1.516127,153.78,13.82,3,184.51,21 / 21,335928,2019-09-06 18:21:42:610,0.3578,-0.9564,9.8948,0.0227,-0.0307,9.8066,-0.0493,-0.0195,0.1,-13.81,-28.75,36.5,4.34,-82.26,-155.4
52.388813,-1.516127,153.78,13.82,3,184.51,21 / 21,336029,2019-09-06 18:21:42:711,0.1226,-1.328,10.5583,-0.0148,-0.0183,9.8066,0.0865,-0.0685,-0.0026,-14.06,-28.81,36.06,5.33,-82.35,-153.99
52.388813,-1.516127,153.78,13.82,3,184.51,21 / 21,336129,2019-09-06 18:21:42:811,-0.0372,0.0682,9.8982,0.0151,-0.0381,9.8065,-0.0695,-0.0103,-0.0141,-14.12,-28.69,35.69,7.15,-82.56,-152.35
52.388813,-1.516127,153.78,13.82,3,184.51,21 / 21,336228,2019-09-06 18:21:42:910,0.3811,-0.284,9.9928,0.0089,0.0008,9.8066,0.1269,-0.0422,0.0976,-13.75,-28.81,36.06,6.5,-82.54,-152.94
52.388813,-1.516127,153.78,13.82,3,184.51,21 / 21,336329,2019-09-06 18:21:43:011,0.716,-0.0429,10.1333,0.0159,-0.0482,9.8065,-0.0874,-0.0217,-0.082,-14.37,-28.81,35.44,4.94,-82.39,-153.81
52.388813,-1.516127,153.78,13.82,3,184.51,22 / 22,336428,2019-09-06 18:21:43:110,-0.2578,-0.5676,10.8845,0.0207,-0.0001,9.8066,0.0953,-0.0313,0.0375,-13.25,-28.87,36.25,6.4,-82.46,-154.44
52.388813,-1.516127,153.78,13.82,3,184.51,22 / 22,336529,2019-09-06 18:21:43:211,0.5801,-1.208,10.5237,0.0159,-0.0555,9.8064,-0.0702,-0.0928,-0.0723,-14.06,-28.12,36,2.66,-82.36,-156.37
52.388813,-1.516127,153.78,13.82,3,184.51,22 / 22,336630,2019-09-06 18:21:43:312,0.1553,-0.644,10.1891,0.0222,-0.0117,9.8065,-0.0689,-0.0047,-0.1098,-14,-28.81,35.81,2.5,-82.46,-156.51
52.388813,-1.516127,153.78,13.82,3,184.51,22 / 22,336729,2019-09-06 18:21:43:411,-0.2863,-1.1403,9.8666,0.0165,-0.0293,9.8066,-0.066,0.0326,-0.0099,-13.56,-28.62,36.31,1.17,-82.67,-157.7
52.388813,-1.516127,153.78,13.82,3,184.51,22 / 22,336828,2019-09-06 18:21:43:510,0.072,0.1013,8.8557,0.0162,0.0392,9.8065,0.0433,-0.0598,0.0336,-13.31,-28.94,36.25,0.67,-82.87,-159.54
52.388813,-1.516127,153.78,13.82,3,184.51,22 / 22,336929,2019-09-06 18:21:43:611,1.1525,-1.2813,8.9944,-0.0021,0.004,9.8066,-0.1727,-0.053,-0.0515,-13.87,-29.19,35.38,359.27,-82.96,-158.86
52.388813,-1.516127,153.78,13.82,3,184.51,22 / 22,337029,2019-09-06 18:21:43:711,-0.161,-0.0246,9.3282,0.0089,-0.0103,9.8066,-0.1212,0.0143,0.0229,-13.69,-28.69,36.06,0.62,-83.18,-158.19
52.388813,-1.516127,153.78,13.82,3,184.51,22 / 22,337128,2019-09-06 18:21:43:810,-0.993,-0.1655,10.4089,-0.0134,0.0399,9.8065,0.0663,-0.0524,0.138,-13.94,-29.19,35.94,2.36,-83.45,-156.6
52.388813,-1.516127,153.78,13.82,3,184.51,22 / 22,337229,2019-09-06 18:21:43:911,-0.1726,0.8134,9.2695,-0.0229,0.0078,9.8066,0.0854,-0.0756,-0.0687,-13.87,-28.62,35.13,2.79,-83.24,-155.68
52.388813,-1.516127,153.78,13.82,3,184.51,22 / 22,337328,2019-09-06 18:21:44:010,-1.2759,-0.6968,10.7487,0,0.031,9.8066,0.107,-0.0488,0.0371,-13.44,-28.69,36.06,4.61,-82.74,-156.01
52.388813,-1.516127,153.78,13.82,3,184.51,21 / 21,337428,2019-09-06 18:21:44:110,0.4726,1.2506,9.8517,-0.0171,0.0359,9.8065,0.0567,0.0462,-0.0264,-13.5,-29.06,36.31,4.09,-82.97,-156.46
52.388813,-1.516127,153.78,13.82,3,184.51,21 / 21,337528,2019-09-06 18:21:44:210,0.586,-0.7597,9.5361,-0.0005,-0.0142,9.8066,-0.0545,0.0316,0.0476,-13.37,-28.69,36.06,4.26,-82.89,-156.32
52.388813,-1.516127,153.78,13.82,3,184.51,21 / 21,337629,2019-09-06 18:21:44:311,-0.5698,1.3614,10.2305,-0.0098,-0.005,9.8065,-0.0835,0.0032,-0.0268,-14.31,-28.87,35.75,4.24,-82.99,-154.93
52.388813,-1.516127,153.78,13.82,3,184.51,21 / 21,337729,2019-09-06 18:21:44:411,0.3585,1.2042,10.1585,0.0123,-0.0211,9.8066,-0.075,0.0102,0.0771,-14,-28.37,35.25,3.59,-82.78,-154.97
52.388813,-1.516127,153.78,13.82,3,184.51,21 / 21,337829,2019-09-06 18:21:44:511,-1.1004,0.7319,10.2967,0.0076,-0.069,9.8064,-0.0628,-0.0182,-0.0051,-13.75,-28.87,36.06,4.76,-82.52,-154.49
52.388813,-1.516127,153.78,13.82,3,184.51,21 / 21,337929,2019-09-06 18:21:44:611,0.8454,0.7633,8.9736,0.0139,0.0543,9.8065,-0.0456,-0.0303,0.0315,-13.94,-28.75,36.19,4.4,-82.34,-154.83
52.388813,-1.516127,153.78,13.82,3,184.51,21 / 21,338028,2019-09-06 18:21:44:710,0.7292,-0.0666,9.5268,0.0044,-0.0234,9.8066,-0.1237,0.0661,-0.0514,-14.31,-28.81,36.19,3.08,-82.51,-155.99
52.388813,-1.516127,153.78,13.82,3,184.51,21 / 21,338128,2019-09-06 18:21:44:810,0.7137,0.7052,8.4131,0.0059,0.0379,9.8066,-0.1466,0.1166,-0.0696,-14.06,-29.31,35.94,3.49,-82.93,-155.61
52.388813,-1.516127,153.78,13.82,3,184.51,21 / 21,338229,2019-09-06 18:21:44:911,0.2468,0.898,10.1616,-0.0006,-0.0276,9.8065,0.0134,-0.092,-0.0181,-14.69,-28.81,35.88,1.81,-83.08,-155.75
52.388813,-1.516127,153.78,13.82,3,184.51,21 / 21,338329,2019-09-06 18:21:45:011,-0.117,-0.316,10.1031,0.0169,0.0237,9.8066,-0.0305,0.0769,-0.1477,-14.5,-29.25,36.56,4.28,-83.18,-155.4
52.38772,-1.51607,153.47,13.21,2,176.46,21 / 21,338429,2019-09-06 18:21:45:111,1.0262,0.2296,10.4935,0.0046,-0.028,9.8066,0.0745,-0.0219,0.085,-14.12,-28.5,37.06,3.15,-83.12,-156.41
52.38772,-1.51607,153.47,13.21,2,176.46,21 / 21,338528,2019-09-06 18:21:45:210,0.8453,0.0384,9.1877,0.0103,0.0112,9.8066,-0.0015,0.0384,-0.013,-13.62,-28.75,35.88,1.34,-83.18,-157.54
52.38772,-1.51607,153.47,13.21,2,176.46,21 / 21,338629,2019-09-06 18:21:45:311,-0.0749,-0.2017,9.1889,-0.0128,0.0044,9.8066,-0.0449,0.0377,0.078,-14.06,-28.81,36,2.44,-83.3,-156.54
52.38772,-1.51607,153.47,13.21,2,176.46,21 / 21,338728,2019-09-06 18:21:45:410,-1.6822,0.7866,9.9879,-0.0183,0.0101,9.8066,-0.0065,-0.0417,0.0586,-14.12,-29.12,35.88,5.05,-83.54,-154.16
52.38772,-1.51607,153.47,13.21,2,176.46,21 / 21,338829,2019-09-06 18:21:45:511,-1.104,0.7705,9.6422,-0.0047,-0.0234,9.8065,0.0483,0.0302,-0.0523,-14.06,-28.94,35.75,7.6,-83.73,-151.82
52.38772,-1.51607,153.47,13.21,2,176.46,21 / 21,338929,2019-09-06 18:21:45:611,0.3829,0.4564,10.8036,0.0069,-0.0153,9.8066,0.0026,-0.0193,0.1078,-14.25,-28.94,36.25,7.57,-83.56,-151.86
52.38772,-1.51607,153.47,13.21,2,176.46,21 / 21,339029,2019-09-06 18:21:45:711,-0.6892,1.2215,10.4097,-0.0244,-0.0123,9.8065,0.2292,-0.228,0.0091,-14.44,-28.75,35.88,8.11,-83.53,-151.38
52.38772,-1.51607,153.47,13.21,2,176.46,21 / 21,339128,2019-09-06 18:21:45:810,-2.3988,-0.2509,11.3354,-0.0205,0.1279,9.8058,0.2572,-0.1698,-0.0475,-13.94,-28.37,35.63,9.14,-83.71,-150.38
52.38772,-1.51607,153.47,13.21,2,176.46,21 / 21,339228,2019-09-06 18:21:45:910,-1.6617,-0.9128,11.6349,0.0252,-0.0624,9.8063,0.1294,-0.1066,0.1431,-13.5,-28.56,35.81,5.58,-83.55,-155.07
52.38772,-1.51607,153.47,13.21,2,176.46,21 / 21,339329,2019-09-06 18:21:46:011,-2.0729,-0.8978,12.058,-0.0393,0.0527,9.8064,-0.3487,0.0414,-0.1602,-14,-28.25,35.25,6.09,-83.78,-152.63
52.38772,-1.51607,153.47,13.21,2,176.46,21 / 21,339429,2019-09-06 18:21:46:111,1.2381,-0.9578,8.9754,0.042,-0.106,9.8059,0.0339,-0.0062,-0.0027,-14.19,-28.31,35.63,3.13,-83.48,-155.9
52.38772,-1.51607,153.47,13.21,2,176.46,21 / 21,339530,2019-09-06 18:21:46:212,-1.2348,0.5124,10.8103,-0.0017,0.0281,9.8066,0.0582,0.0026,0.1008,-14.25,-28.06,35.56,4.6,-83.7,-154.55
52.38772,-1.51607,153.47,13.21,2,176.46,21 / 21,339628,2019-09-06 18:21:46:310,0.3882,-1.1957,11.3146,0.0067,-0.046,9.8065,0.1741,-0.1016,0.0128,-14.56,-27.19,35.44,2.86,-83.85,-154.18
52.38772,-1.51607,153.47,13.21,2,176.46,21 / 21,339729,2019-09-06 18:21:46:411,-0.2289,0.4456,9.8119,-0.0036,0.0292,9.8066,0.0712,-0.1036,-0.0495,-14.87,-27.31,35.56,4.02,-83.71,-153.69
52.38772,-1.51607,153.47,13.21,2,176.46,21 / 21,339830,2019-09-06 18:21:46:512,-0.8058,1.9577,8.915,0.0027,0.0078,9.8065,0.0455,-0.009,0.0009,-14.25,-27.75,36.19,4.54,-83.66,-154.6
52.38772,-1.51607,153.47,13.21,2,176.46,21 / 21,339928,2019-09-06 18:21:46:610,0.1825,0.3698,9.7249,0.0033,-0.0218,9.8066,-0.0268,0.0563,-0.0404,-14.19,-28.62,35.63,4.11,-83.52,-155.01
52.38772,-1.51607,153.47,13.21,2,176.46,21 / 21,340028,2019-09-06 18:21:46:710,-0.9272,1.4747,9.8156,0.0134,0.0322,9.8066,0.0028,0.0109,-0.0588,-13.5,-28.5,35.69,3.85,-83.79,-156.62
52.38772,-1.51607,153.47,13.21,2,176.46,21 / 21,340129,2019-09-06 18:21:46:811,-0.7301,0.7307,9.7498,0.0137,-0.0172,9.8066,-0.0633,0.0598,0.0189,-13.44,-28.81,35.69,1.6,-83.69,-158.69
52.38772,-1.51607,153.47,13.21,2,176.46,21 / 21,340229,2019-09-06 18:21:46:911,-0.6429,0.4024,9.3683,-0.0153,0.0309,9.8065,0.0356,0.0222,-0.0341,-13.5,-28.81,36.19,0.69,-83.7,-159.52
52.38772,-1.51607,153.47,13.21,2,176.46,21 / 21,340329,2019-09-06 18:21:47:011,0.083,0.1654,9.4212,-0.0112,0.0521,9.8064,0.0468,-0.0182,-0.028,-13.25,-28.44,36.44,1.56,-84.11,-158.71
52.38772,-1.51607,153.47,13.21,2,176.46,21 / 22,340429,2019-09-06 18:21:47:111,-0.6856,0.2433,10.1723,0.0056,-0.0159,9.8065,0.0664,0.0419,0.0124,-13.31,-28.81,35.44,1.09,-84.2,-158.63
52.38772,-1.51607,153.47,13.21,2,176.46,21 / 22,340529,2019-09-06 18:21:47:211,0.0683,2.1185,11.6545,-0.0014,-0.0228,9.8065,-0.0176,-0.0747,0.0418,-13.62,-29.37,35.63,1.03,-84.3,-157.8
52.38772,-1.51607,153.47,13.21,2,176.46,21 / 22,340628,2019-09-06 18:21:47:310,0.4854,-1.6567,9.8247,0.0425,-0.0347,9.8064,0.4064,-0.0206,0.1829,-13.5,-29.19,35.69,2.3,-84.06,-158.04
52.38772,-1.51607,153.47,13.21,2,176.46,21 / 22,340728,2019-09-06 18:21:47:410,1.4199,-1.3562,11.2548,-0.0254,0.0214,9.8066,0.2389,-0.0607,0.0413,-14.31,-28.69,35.5,3.06,-84.07,-155.95
52.38772,-1.51607,153.47,13.21,2,176.46,21 / 22,340828,2019-09-06 18:21:47:510,-0.2337,-1.7029,10.0736,0.0402,-0.1099,9.8059,-0.0739,-0.0118,-0.1201,-14.12,-28.87,36,8.49,-84.35,-150.93
52.38772,-1.51607,153.47,13.21,2,176.46,21 / 22,340929,2019-09-06 18:21:47:611,1.9221,-0.5614,9.1933,0.0452,-0.0587,9.8064,0.2107,0.1239,-0.0017,-13.37,-29.19,35.5,5.56,-84.08,-155.04
52.38772,-1.51607,153.47,13.21,2,176.46,21 / 22,341028,2019-09-06 18:21:47:710,-0.253,-1.2789,10.1017,0.0041,-0.0266,9.8066,-0.2321,0.0746,-0.0428,-13.62,-29.12,35.25,2.97,-83.92,-155.48
52.38772,-1.51607,153.47,13.21,2,176.46,21 / 22,341128,2019-09-06 18:21:47:810,-0.4731,1.1219,9.7954,0.0399,-0.0737,9.8062,-0.2723,0.0655,-0.0324,-13.81,-29.31,35.81,1.83,-83.74,-157.08
52.38772,-1.51607,153.47,13.21,2,176.46,21 / 22,341231,2019-09-06 18:21:47:913,-0.0779,2.248,9.0903,-0.0428,0.0755,9.8062,0.1533,0.0172,0.0147,-13.75,-28.87,35.63,4.37,-84.21,-154.73
52.38772,-1.51607,153.47,13.21,2,176.46,21 / 22,341329,2019-09-06 18:21:48:011,0.1843,-0.1914,9.3427,-0.0155,0.0241,9.8066,-0.0528,-0.0015,-0.0019,-13.69,-29.37,36.06,4.39,-84,-154.73
52.38772,-1.51607,153.47,13.21,2,176.46,21 / 21,341428,2019-09-06 18:21:48:110,0.1149,0.1413,9.8174,-0.0246,0.0514,9.8064,0.2556,-0.0241,0.053,-14.44,-29.5,35.75,5.93,-84.11,-153.31
52.38772,-1.51607,153.47,13.21,2,176.46,21 / 21,341528,2019-09-06 18:21:48:210,0.5145,-0.8611,9.5157,-0.0307,0.0441,9.8065,0.1118,0.0452,-0.0065,-13.31,-28.81,35.63,8.6,-83.94,-152.28
52.38772,-1.51607,153.47,13.21,2,176.46,21 / 21,341629,2019-09-06 18:21:48:311,0.1564,0.4788,9.6945,0,0.009,9.8066,0.023,0.0094,-0.0098,-13.56,-28.81,35.94,6.6,-83.97,-152.71
52.38772,-1.51607,153.47,13.21,2,176.46,21 / 21,341729,2019-09-06 18:21:48:411,-0.0311,0.7556,9.1496,0.0047,-0.0039,9.8066,0.0377,0.0269,-0.0502,-13.62,-29,35.5,6.27,-83.91,-153.01
52.38772,-1.51607,153.47,13.21,2,176.46,21 / 21,341828,2019-09-06 18:21:48:510,0.2831,0.3579,10.1636,0.0232,0.0073,9.8065,-0.091,0.0246,-0.0142,-13.44,-28.94,35.31,5.64,-84.05,-154.47
52.38772,-1.51607,153.47,13.21,2,176.46,21 / 21,341928,2019-09-06 18:21:48:610,-0.9285,1.446,10.3118,0.0187,-0.0244,9.8065,-0.107,0.0203,-0.0211,-13.19,-29,34.88,2.36,-84.07,-157.46
52.38772,-1.51607,153.47,13.21,2,176.46,21 / 21,342029,2019-09-06 18:21:48:711,0.1987,0.7192,9.7796,-0.013,0.0173,9.8066,0.0412,-0.012,-0.0655,-13.81,-28.69,35.19,0.63,-84.27,-157.62
52.38772,-1.51607,153.47,13.21,2,176.46,21 / 21,342128,2019-09-06 18:21:48:810,1.2417,0.5105,9.9262,-0.0117,-0.0044,9.8066,0.0026,0.092,-0.0078,-14,-29.19,34.81,1.06,-84.15,-157.23
52.38772,-1.51607,153.47,13.21,2,176.46,21 / 21,342228,2019-09-06 18:21:48:910,-1.3284,1.0521,10.2174,-0.0164,0.0142,9.8066,0.165,0.0654,-0.0122,-13.87,-28.87,35.56,3.01,-84.31,-155.98
52.38772,-1.51607,153.47,13.21,2,176.46,21 / 21,342328,2019-09-06 18:21:49:010,0.0516,-2.5187,9.0071,-0.022,0.0154,9.8065,0.1127,0.0276,-0.0605,-13.44,-28.69,35.63,5.01,-84.17,-155.54
52.38772,-1.51607,153.47,13.21,2,176.46,22 / 22,342428,2019-09-06 18:21:49:110,-0.7132,-0.5353,9.4788,0.008,-0.0298,9.8066,-0.2861,0.0528,-0.0435,-13.94,-28.62,35.69,4.53,-84.34,-154.58
52.38772,-1.51607,153.47,13.21,2,176.46,22 / 22,342528,2019-09-06 18:21:49:210,1.1434,1.2641,7.6009,0.0111,-0.0594,9.8064,-0.1772,0.0685,0.0145,-13.5,-29.56,35.38,5.83,-84.32,-154.28
52.38772,-1.51607,153.47,13.21,2,176.46,22 / 22,342628,2019-09-06 18:21:49:310,0.317,1.0511,10.1766,0.0092,-0.0563,9.8065,-0.2883,0.0648,-0.0232,-13.37,-29.37,35.06,6.99,-84.44,-153.19
52.38772,-1.51607,153.47,13.21,2,176.46,22 / 22,342728,2019-09-06 18:21:49:410,1.0934,1.3988,8.2627,0.0351,-0.1071,9.8059,-0.1707,0.0659,-0.0562,-13.69,-29,35.56,4.86,-84.18,-154.28
52.38772,-1.51607,153.47,13.21,2,176.46,22 / 22,342829,2019-09-06 18:21:49:511,-0.8329,0.263,9.6694,-0.0067,0.043,9.8065,-0.1041,0.0051,0.0014,-13.69,-28.69,35.44,4.04,-84.23,-154.5
52.38772,-1.51607,153.47,13.21,2,176.46,22 / 22,342929,2019-09-06 18:21:49:611,-0.8924,-0.1159,11.1906,0.0015,0.0173,9.8066,0.2102,0.0189,0.0253,-13.5,-29.06,35.25,4.21,-84.37,-155.75
52.38772,-1.51607,153.47,13.21,2,176.46,22 / 22,343029,2019-09-06 18:21:49:711,-0.0464,-0.6822,9.1917,-0.0228,0.0323,9.8065,0.0823,0.0565,-0.1493,-13.44,-29.25,35.31,4.77,-84.27,-155.25
52.38772,-1.51607,153.47,13.21,2,176.46,22 / 22,343129,2019-09-06 18:21:49:811,-1.3528,-1.5946,10.7759,-0.0216,0.0482,9.8064,0.2963,-0.0846,0.0898,-13.75,-29,35.13,5.04,-84.67,-153.54
52.38772,-1.51607,153.47,13.21,2,176.46,22 / 22,343230,2019-09-06 18:21:49:912,-0.7972,1.1152,9.8902,0.0235,-0.0594,9.8064,-0.1015,-0.0415,0.0651,-14,-28.69,34.81,4.01,-84.34,-154.51
52.38772,-1.51607,153.47,13.21,2,176.46,22 / 22,343329,2019-09-06 18:21:50:011,-0.5162,1.1264,10.0931,-0.0014,-0.0614,9.8064,-0.0699,0.0015,-0.0467,-14,-29.12,35.56,5.97,-84.12,-153.27
52.38772,-1.51607,153.47,13.21,2,176.46,21 / 22,343428,2019-09-06 18:21:50:110,-0.3996,0.4797,9.9875,-0.0032,-0.0091,9.8066,-0.1142,0.0291,-0.0069,-13.56,-28.94,35.81,7.92,-84.17,-151.47
52.38772,-1.51607,153.47,13.21,2,176.46,21 / 22,343529,2019-09-06 18:21:50:211,0.5359,1.1208,9.2157,-0.0014,-0.0203,9.8066,-0.1072,0.0389,0.0833,-14.31,-28.87,35,8.11,-84.14,-150.77
52.38772,-1.51607,153.47,13.21,2,176.46,21 / 22,343629,2019-09-06 18:21:50:311,-0.9971,0.2447,10.4368,-0.0111,-0.0171,9.8065,0.0339,-0.0283,0.0395,-14.25,-28.94,35.69,10.58,-84.18,-149.02
52.38772,-1.51607,153.47,13.21,2,176.46,21 / 22,343728,2019-09-06 18:21:50:410,0.6248,-0.7387,9.7573,0.0098,-0.0212,9.8065,0.0994,0.053,-0.0636,-14.19,-29.19,35.69,11.81,-84.12,-147.9
52.38772,-1.51607,153.47,13.21,2,176.46,21 / 22,343828,2019-09-06 18:21:50:510,-0.0865,0.394,9.2139,0.0021,-0.0389,9.8065,-0.1705,0.0353,-0.0556,-14,-29.25,35.38,11.8,-84.03,-147.4
52.38772,-1.51607,153.47,13.21,2,176.46,21 / 22,343929,2019-09-06 18:21:50:611,0.2318,0.2598,9.7416,0.0207,-0.0367,9.8065,-0.0098,-0.0212,0.0051,-13.81,-29.12,35.63,12.63,-84.21,-147.13
52.38772,-1.51607,153.47,13.21,2,176.46,21 / 22,344029,2019-09-06 18:21:50:711,0.4729,1.1199,11.0402,-0.004,-0.0196,9.8066,0.0272,0.0293,0.013,-14,-28.62,34.94,12.73,-84.23,-146.51
52.38772,-1.51607,153.47,13.21,2,176.46,21 / 22,344129,2019-09-06 18:21:50:811,-1.024,0.2762,11.2637,0.0004,-0.0126,9.8066,0.055,0.0405,-0.022,-13.87,-28.69,35.44,11.98,-84.13,-147.22
52.38772,-1.51607,153.47,13.21,2,176.46,21 / 22,344228,2019-09-06 18:21:50:910,0.1802,0.0545,11.0493,0.0124,-0.0403,9.8065,0.1173,-0.0765,-0.0125,-13.62,-28.56,35.63,10.97,-83.99,-148.7
52.38772,-1.51607,153.47,13.21,2,176.46,21 / 22,344329,2019-09-06 18:21:51:011,0.6942,0.086,9.8151,0.0031,0.0419,9.8065,-0.077,0.016,0.0525,-13.69,-28.62,35.44,8.9,-83.94,-150.07
52.38772,-1.51607,153.47,13.21,2,176.46,21 / 21,344429,2019-09-06 18:21:51:111,-0.0382,-0.2036,9.9271,0.0102,-0.012,9.8066,-0.0033,0.0775,-0.0066,-13.44,-29,35.25,10.2,-84,-150.3
52.38772,-1.51607,153.47,13.21,2,176.46,21 / 21,344528,2019-09-06 18:21:51:210,0.375,1.8341,9.9847,0.0086,-0.0172,9.8066,0.0492,0.0131,0.0123,-13.94,-28.62,35.25,8.49,-84.18,-150.41
52.38772,-1.51607,153.47,13.21,2,176.46,21 / 21,344628,2019-09-06 18:21:51:310,0.1253,-0.7513,9.2353,0.0025,-0.0253,9.8065,-0.0905,0.0685,-0.0494,-13.44,-29.75,34.63,10.09,-84.33,-150.38
52.38772,-1.51607,153.47,13.21,2,176.46,21 / 21,344729,2019-09-06 18:21:51:411,-0.606,0.6431,9.558,0.0233,-0.0245,9.8066,0.0389,0.0506,-0.0501,-13.94,-28.5,35.81,8.06,-84.19,-151.32
52.38772,-1.51607,153.47,13.21,2,176.46,21 / 21,344829,2019-09-06 18:21:51:511,0.6848,0.0363,9.4687,0.0037,0.0146,9.8066,0.0497,0.0181,0.0003,-14.06,-29,35.75,9,-84.26,-150.47
52.38772,-1.51607,153.47,13.21,2,176.46,21 / 21,344929,2019-09-06 18:21:51:611,-0.5107,0.9845,9.4325,-0.0108,0.0074,9.8066,-0.1038,0.0323,0.0502,-14.06,-29.12,35.25,9.5,-84.29,-149.47
52.38772,-1.51607,153.47,13.21,2,176.46,21 / 21,345028,2019-09-06 18:21:51:710,0.1522,0.5526,9.8647,-0.0082,0.0046,9.8066,-0.0773,0.0066,-0.0035,-14.25,-29.12,34.69,12.12,-84.47,-147.03
52.38772,-1.51607,153.47,13.21,2,176.46,21 / 21,345128,2019-09-06 18:21:51:810,0.1813,0.103,10.1,0.003,0.0061,9.8066,0.0167,-0.0004,-0.0038,-13.94,-29.19,35.31,13.07,-84.57,-146.13
52.38772,-1.51607,153.47,13.21,2,176.46,21 / 21,345229,2019-09-06 18:21:51:911,-0.6932,0.1916,9.9973,0.0121,-0.0156,9.8066,0.0085,0.0611,-0.0327,-14.06,-29.06,34.94,12.75,-84.52,-146.44
52.38772,-1.51607,153.47,13.21,2,176.46,21 / 21,345329,2019-09-06 18:21:52:011,-0.0111,0.1044,10.0386,0.0057,-0.0157,9.8066,0.0787,0.0264,0.0037,-14.12,-29.69,34.69,10.48,-84.4,-148.58
52.38772,-1.51607,153.47,13.21,2,176.46,21 / 21,345429,2019-09-06 18:21:52:111,-0.0771,-0.2958,10.1078,0.0036,0.0068,9.8065,-0.0104,0.0054,-0.0583,-14.06,-29.44,35.19,9.75,-84.46,-149.21
52.38772,-1.51607,153.47,13.21,2,176.46,21 / 21,345528,2019-09-06 18:21:52:210,1.0952,0.4569,10.5739,0.0051,0.0081,9.8066,0.0532,0.0261,-0.067,-13.62,-29.37,35.25,8.78,-84.57,-150.09
52.38772,-1.51607,153.47,13.21,2,176.46,21 / 21,345628,2019-09-06 18:21:52:310,0.9029,0.5073,10.0074,0.0064,-0.013,9.8066,0.0071,0.1294,-0.0252,-13.87,-29.56,35,7.23,-84.54,-151.55
52.38772,-1.51607,153.47,13.21,2,176.46,21 / 21,345729,2019-09-06 18:21:52:411,-0.223,0.7714,9.0345,0.0056,-0.0198,9.8065,0.0623,-0.0566,-0.0064,-14,-29.31,35.38,6.03,-84.41,-152.65
52.38772,-1.51607,153.47,13.21,2,176.46,21 / 21,345828,2019-09-06 18:21:52:510,-1.1084,-0.051,10.2849,-0.0175,0.0362,9.8065,0.1142,0.0464,-0.0028,-13.44,-28.94,34.81,7.66,-84.35,-152.59
52.38772,-1.51607,153.47,13.21,2,176.46,21 / 21,345929,2019-09-06 18:21:52:611,-1.3911,-0.398,11.2607,0.0051,0.0057,9.8066,0.0034,0.02,-0.0153,-13.62,-28.94,35.19,6.54,-84.61,-152.16
52.38772,-1.51607,153.47,13.21,2,176.46,21 / 21,346029,2019-09-06 18:21:52:711,0.6627,0.1821,10.0989,-0.0099,-0.016,9.8066,0.0454,0.0679,-0.0401,-13.94,-29.12,35.31,6.93,-84.61,-151.8
52.38772,-1.51607,153.47,13.21,2,176.46,21 / 21,346128,2019-09-06 18:21:52:810,0.3232,0.6673,10.7388,0.0158,-0.0341,9.8066,-0.1084,-0.0007,-0.0572,-13.94,-28.5,35.19,6.3,-84.45,-152.38
52.38772,-1.51607,153.47,13.21,2,176.46,21 / 21,346229,2019-09-06 18:21:52:911,-0.343,0.9548,10.5755,-0.0149,-0.0453,9.8065,0.133,0.116,0.0566,-13.69,-29.44,34.69,6.77,-84.36,-151.97
52.38772,-1.51607,153.47,13.21,2,176.46,21 / 21,346328,2019-09-06 18:21:53:010,0.9541,-1.2076,9.2562,0.0047,0.0069,9.8066,0.0518,0.0475,0.0374,-14.12,-29.25,35.63,7.6,-84.4,-151.74
52.38772,-1.51607,153.47,13.21,2,176.46,22 / 22,346429,2019-09-06 18:21:53:111,1.3004,1.2728,8.5082,-0.0033,0.029,9.8065,-0.0694,0.0168,-0.0012,-14.19,-29,35.19,7.33,-84.34,-151.46
52.38772,-1.51607,153.47,13.21,2,176.46,22 / 22,346528,2019-09-06 18:21:53:210,-0.1512,0.6878,9.5455,-0.0141,0.0245,9.8065,0.0248,-0.0385,0.0147,-14,-29.06,34.88,8.53,-84.4,-150.35
52.38772,-1.51607,153.47,13.21,2,176.46,22 / 22,346630,2019-09-06 18:21:53:312,0.1526,0.4251,9.7443,-0.0019,0.006,9.8066,-0.0464,-0.0466,0.0368,-13.87,-28.81,35.06,9.97,-84.49,-149.01
52.38772,-1.51607,153.47,13.21,2,176.46,22 / 22,346728,2019-09-06 18:21:53:410,0.3153,1.7328,9.2129,-0.0055,0.0253,9.8066,-0.0082,0.0402,-0.027,-14.06,-29.44,35.06,10.24,-84.62,-148.74
52.38772,-1.51607,153.47,13.21,2,176.46,22 / 22,346829,2019-09-06 18:21:53:511,0.147,0.2937,10.3319,-0.0017,-0.0302,9.8065,-0.106,-0.0165,-0.0696,-13.87,-29.25,35.38,10.45,-84.5,-148.57
52.38772,-1.51607,153.47,13.21,2,176.46,22 / 22,346928,2019-09-06 18:21:53:610,-1.1991,0.0394,10.4979,0.0153,0.0105,9.8066,0.0502,-0.1152,0.0537,-13.56,-28.87,35.5,10.22,-84.48,-149.31
52.38772,-1.51607,153.47,13.21,2,176.46,22 / 22,347028,2019-09-06 18:21:53:710,0.21,-0.2445,10.0516,0.0213,-0.0376,9.8065,-0.1351,-0.0185,0.0176,-13.37,-28.69,35.44,9.42,-84.24,-150.98
52.38772,-1.51607,153.47,13.21,2,176.46,22 / 22,347129,2019-09-06 18:21:53:811,0.437,-0.1738,9.2401,0.0002,-0.0259,9.8065,0.0227,0.008,0.0186,-13.87,-28.31,35.56,8.9,-84.24,-150.54
52.38772,-1.51607,153.47,13.21,2,176.46,22 / 22,347229,2019-09-06 18:21:53:911,-0.0951,-0.9131,9.6891,0.0239,-0.0206,9.8065,-0.2467,0.0386,-0.0253,-13.56,-28.5,35.06,7.19,-83.92,-151.61
52.38772,-1.51607,153.47,13.21,2,176.46,22 / 22,347329,2019-09-06 18:21:54:011,-0.9014,-0.5145,8.627,0.0239,-0.1093,9.806,0.161,-0.051,0.076,-14.06,-29.25,35.75,6.72,-83.75,-152.62
52.386658,-1.515943,152.48,13.29,2,176.33,21 / 21,347429,2019-09-06 18:21:54:111,-1.9168,-0.6028,9.7035,-0.0147,-0.0049,9.8066,-0.2719,0.1474,-0.0588,-13.56,-29.31,35.81,8.55,-83.85,-150.93
52.386658,-1.515943,152.48,13.29,2,176.33,21 / 21,347529,2019-09-06 18:21:54:211,-1.117,1.589,8.7109,0.0242,-0.0162,9.8066,-0.4262,-0.1083,0.0126,-14.06,-29.06,35.25,9.37,-84.22,-149.6
52.386658,-1.515943,152.48,13.29,2,176.33,21 / 21,347628,2019-09-06 18:21:54:310,0.8944,1.7543,8.651,0.002,0.1052,9.806,0.0144,-0.0909,-0.0019,-13.62,-29.37,34.5,11.03,-84.88,-147.96
52.386658,-1.515943,152.48,13.29,2,176.33,21 / 21,347728,2019-09-06 18:21:54:410,1.196,0.2923,8.4823,0.0125,0.0105,9.8066,-0.0653,-0.027,-0.0772,-13.44,-29.81,35,9.54,-84.82,-150.81
52.386658,-1.515943,152.48,13.29,2,176.33,21 / 21,347829,2019-09-06 18:21:54:511,0.477,0.825,10.3067,0.0071,0.0345,9.8065,0.0683,-0.1146,-0.0158,-13.81,-29.06,35.06,4.73,-84.78,-153.82
52.386658,-1.515943,152.48,13.29,2,176.33,21 / 21,347929,2019-09-06 18:21:54:611,-0.3657,2.8115,9.253,0.005,0.0243,9.8066,-0.1463,0.0688,-0.047,-13.44,-29.12,34.5,4.34,-84.91,-155.6
52.386658,-1.515943,152.48,13.29,2,176.33,21 / 21,348028,2019-09-06 18:21:54:710,0.0852,0.0053,10.5611,-0.0116,-0.0058,9.8066,0.1179,-0.0203,0.0639,-12.87,-29.25,35.06,2.83,-84.91,-157
52.386658,-1.515943,152.48,13.29,2,176.33,21 / 21,348130,2019-09-06 18:21:54:812,-0.9324,-0.9817,10.7622,-0.0315,0.0315,9.8065,0.0625,-0.135,0.146,-12.87,-29.06,35.5,6.6,-84.94,-154.01
52.386658,-1.515943,152.48,13.29,2,176.33,21 / 21,348229,2019-09-06 18:21:54:911,-0.3758,-0.0064,10.0789,-0.0077,-0.0459,9.8065,0.0018,0.0175,0.0236,-13.31,-29,35.56,10.12,-84.76,-150.76
52.386658,-1.515943,152.48,13.29,2,176.33,21 / 21,348329,2019-09-06 18:21:55:011,-0.4718,-1.3007,10.1794,-0.0209,-0.0074,9.8066,-0.1787,0.0314,-0.0392,-13.44,-28.87,35.63,13.34,-84.5,-147.83
52.386658,-1.515943,152.48,13.29,2,176.33,22 / 22,348428,2019-09-06 18:21:55:110,-1.5689,-0.0022,10.2154,0.0038,0.0005,9.8066,-0.0724,0.0266,0.0177,-13.75,-29.56,35.25,10.78,-84.31,-148.32
52.386658,-1.515943,152.48,13.29,2,176.33,22 / 22,348529,2019-09-06 18:21:55:211,-0.5952,-0.0038,9.2584,0.0143,-0.0325,9.8065,-0.0368,0.0871,-0.0955,-13.75,-28.94,35.44,9.74,-84.38,-149.24
52.386658,-1.515943,152.48,13.29,2,176.33,22 / 22,348629,2019-09-06 18:21:55:311,1.9235,2.242,8.7045,0.0284,0.0047,9.8066,-0.2373,0.0638,-0.096,-13.69,-28.75,34.81,6.12,-84.64,-152.55
52.386658,-1.515943,152.48,13.29,2,176.33,22 / 22,348729,2019-09-06 18:21:55:411,0.4193,1.2737,8.4804,0.0367,-0.0463,9.8064,-0.1922,0.0149,-0.0183,-13.62,-29.19,34,2.68,-84.6,-155.15
52.386658,-1.515943,152.48,13.29,2,176.33,22 / 22,348829,2019-09-06 18:21:55:511,0.5972,1.3575,8.3063,-0.0249,0.0778,9.8063,-0.0498,-0.0912,0.0257,-13.62,-28.56,35.13,5.22,-84.99,-153.35
52.386658,-1.515943,152.48,13.29,2,176.33,22 / 22,348928,2019-09-06 18:21:55:610,-0.3521,1.2693,9.2686,-0.005,0.0385,9.8066,-0.1969,0.0225,-0.0293,-13.81,-29.69,34.5,4.32,-84.94,-154.2
52.386658,-1.515943,152.48,13.29,2,176.33,22 / 22,349028,2019-09-06 18:21:55:710,1.6897,0.0258,8.7191,-0.0293,0.0228,9.8066,0.0029,0.1126,-0.0291,-13.87,-29.69,34.94,4.85,-84.98,-153.7
52.386658,-1.515943,152.48,13.29,2,176.33,22 / 22,349129,2019-09-06 18:21:55:811,0.2417,-1.547,9.1614,-0.0345,0.0009,9.8065,0.0985,-0.0442,0.1175,-13.37,-29.44,35.13,11.65,-85.04,-148.8
52.386658,-1.515943,152.48,13.29,2,176.33,22 / 22,349229,2019-09-06 18:21:55:911,-2.225,0.8908,11.1273,-0.0012,-0.0715,9.8063,-0.3542,-0.0899,0.1142,-14.69,-30.06,33.56,13.29,-84.6,-143.96
52.386658,-1.515943,152.48,13.29,2,176.33,22 / 22,349328,2019-09-06 18:21:56:010,-3.0863,1.9133,9.4507,0.0304,-0.0532,9.8064,-0.2167,-0.1412,-0.0165,-14.81,-31.12,34.69,15.11,-84.5,-142.93
52.386658,-1.515943,152.48,13.29,2,176.33,20 / 20,349428,2019-09-06 18:21:56:110,-0.7235,-4.8145,9.1897,0.0254,0.0295,9.8065,0.3343,-0.0246,0.0172,-14.44,-29.69,36.19,12.75,-84.28,-147.04
52.386658,-1.515943,152.48,13.29,2,176.33,20 / 20,349529,2019-09-06 18:21:56:211,-1.416,-0.8357,11.0356,0.0069,0.0275,9.8066,0.0434,-0.0573,0.069,-13.87,-29.37,36.06,9.53,-84.28,-149.97
52.386658,-1.515943,152.48,13.29,2,176.33,20 / 20,349628,2019-09-06 18:21:56:310,-0.6968,0.4054,8.8328,0.0079,-0.0039,9.8065,0.1133,0.083,-0.1241,-13.5,-29,35,8.58,-84.59,-151.71
52.386658,-1.515943,152.48,13.29,2,176.33,20 / 20,349729,2019-09-06 18:21:56:411,0.5809,0.9426,9.3994,0.0013,0.0338,9.8065,-0.2256,0.0318,-0.0177,-14,-29.25,34.56,7.7,-84.96,-151.05
52.386658,-1.515943,152.48,13.29,2,176.33,20 / 20,349828,2019-09-06 18:21:56:510,0.493,0.3925,10.0079,0.0081,-0.0548,9.8064,-0.1333,-0.0285,0.0411,-13.69,-28.56,34.38,9.21,-85.29,-149.04
52.386658,-1.515943,152.48,13.29,2,176.33,20 / 20,349928,2019-09-06 18:21:56:610,-0.211,1.048,10.2177,0.0138,-0.0696,9.8064,-0.0854,0.0132,-0.0049,-13.37,-29.75,35.19,11.13,-84.75,-149.35
52.386658,-1.515943,152.48,13.29,2,176.33,20 / 20,350030,2019-09-06 18:21:56:712,1.6634,1.0347,8.6174,0.003,0.0233,9.8066,-0.0558,0.068,0.0466,-13.37,-29.37,34.69,10.87,-84.68,-149.57
52.386658,-1.515943,152.48,13.29,2,176.33,20 / 20,350128,2019-09-06 18:21:56:810,-2.4005,-0.4671,11.494,-0.0157,-0.0543,9.8064,0.1283,-0.0584,0.0835,-14.06,-28.81,35.25,10.41,-84.31,-148.63
52.386658,-1.515943,152.48,13.29,2,176.33,20 / 20,350228,2019-09-06 18:21:56:910,0.8453,-0.4743,9.7401,0.0185,-0.0478,9.8065,-0.1752,0.0158,-0.0324,-14.12,-29.19,34.88,10.09,-84.41,-148.91
52.386658,-1.515943,152.48,13.29,2,176.33,20 / 20,350329,2019-09-06 18:21:57:011,0.9515,0.8173,8.9902,0.0166,-0.0659,9.8063,-0.0063,0.0781,-0.0765,-14.12,-29.06,34.63,10.4,-84.21,-148.65
52.386658,-1.515943,152.48,13.29,2,176.33,21 / 21,350429,2019-09-06 18:21:57:111,0.7688,0.1965,9.4407,0.0196,-0.0668,9.8063,-0.2909,0.0538,-0.0098,-14.25,-29.25,34.81,9.76,-84.69,-149.17
52.386658,-1.515943,152.48,13.29,2,176.33,21 / 21,350529,2019-09-06 18:21:57:211,-0.4345,0.4908,9.3125,0.0187,-0.0388,9.8065,0.0566,0.0251,0.0239,-13.87,-29.62,35.56,9.26,-84.46,-150.22
52.386658,-1.515943,152.48,13.29,2,176.33,21 / 21,350629,2019-09-06 18:21:57:311,0.1729,0.9284,9.3386,-0.0089,0.03,9.8065,-0.0118,-0.0547,0.0347,-13.87,-29.44,35.63,10.45,-84.78,-149.05
52.386658,-1.515943,152.48,13.29,2,176.33,21 / 21,350728,2019-09-06 18:21:57:410,-0.0586,-0.2629,10.1373,-0.016,0.0127,9.8065,-0.0094,-0.0478,0.0196,-13.87,-29.62,34.88,11.29,-84.68,-147.79
52.386658,-1.515943,152.48,13.29,2,176.33,21 / 21,350829,2019-09-06 18:21:57:511,0.046,0.2769,10.2161,-0.0035,-0.0233,9.8066,0.0218,-0.0138,0.0642,-14.19,-28.81,34.94,12.8,-84.48,-146.4
52.386658,-1.515943,152.48,13.29,2,176.33,21 / 21,350928,2019-09-06 18:21:57:610,1.3925,1.1104,9.3823,0.0049,-0.0323,9.8065,-0.17,0.1262,-0.0307,-14,-29.44,35.69,13.34,-84.31,-146.46
52.386658,-1.515943,152.48,13.29,2,176.33,21 / 21,351028,2019-09-06 18:21:57:710,0.7974,1.0544,8.4223,-0.0177,0.0334,9.8066,-0.075,0.0723,-0.0421,-14.19,-28.75,34.38,13.02,-84.15,-145.7
52.386658,-1.515943,152.48,13.29,2,176.33,21 / 21,351129,2019-09-06 18:21:57:811,0.4729,0.8524,8.5357,0.0091,-0.0005,9.8066,-0.2258,-0.0139,0.0239,-14.5,-29.56,34.38,14.24,-84.27,-144.6
52.386658,-1.515943,152.48,13.29,2,176.33,21 / 21,351229,2019-09-06 18:21:57:911,-0.3978,1.8908,9.7812,-0.032,0.0629,9.8064,0.0142,-0.0547,0.0101,-14.12,-29.37,34.5,18.5,-84.69,-141.07
52.386658,-1.515943,152.48,13.29,2,176.33,21 / 21,351329,2019-09-06 18:21:58:011,-0.7564,1.8024,9.2986,-0.0055,0.0473,9.8065,-0.1863,0.0061,0.014,-13.75,-29.25,34.06,17.57,-84.65,-141.39
52.386658,-1.515943,152.48,13.29,2,176.33,20 / 20,351428,2019-09-06 18:21:58:110,0.4244,0.617,9.3753,-0.0095,0.048,9.8065,0.2082,-0.0908,-0.0208,-13.87,-29.87,34.25,17.76,-84.81,-141.22
52.386658,-1.515943,152.48,13.29,2,176.33,20 / 20,351528,2019-09-06 18:21:58:210,-0.1982,-0.0184,10.2948,-0.0242,0.0621,9.8064,0.1206,-0.0404,-0.0177,-14,-30,35.19,18.73,-84.86,-140.85
52.386658,-1.515943,152.48,13.29,2,176.33,20 / 20,351628,2019-09-06 18:21:58:310,0.434,0.1062,10.0509,0.012,-0.0037,9.8065,0.0491,-0.0479,0.0605,-14.62,-29.62,34.75,16.81,-84.84,-141.23
52.386658,-1.515943,152.48,13.29,2,176.33,20 / 20,351728,2019-09-06 18:21:58:410,-0.2895,-0.0736,10.4063,-0.0067,-0.0091,9.8066,-0.0328,0.0196,-0.0205,-14.31,-29.87,34.5,18.43,-84.75,-141.16
52.386658,-1.515943,152.48,13.29,2,176.33,20 / 20,351828,2019-09-06 18:21:58:510,0.249,0.0584,9.5005,0.0139,-0.0272,9.8065,-0.0002,0.0332,0.0299,-14.25,-29.69,34.5,15.77,-84.55,-143.67
52.386658,-1.515943,152.48,13.29,2,176.33,20 / 20,351929,2019-09-06 18:21:58:611,-0.432,-0.0177,9.7659,0.0118,-0.038,9.8066,-0.0088,0.0069,0.04,-14.37,-29.56,34.88,14.74,-84.39,-144.66
52.386658,-1.515943,152.48,13.29,2,176.33,20 / 20,352028,2019-09-06 18:21:58:710,-0.2262,0.1342,9.5934,-0.0125,0.0261,9.8066,0.0389,-0.0177,-0.0554,-14.19,-29.56,34.81,16.64,-84.51,-142.88
52.386658,-1.515943,152.48,13.29,2,176.33,20 / 20,352129,2019-09-06 18:21:58:811,1.1501,0.2461,8.8959,-0.0039,0.029,9.8065,0.0236,0.0057,-0.0522,-14.44,-29.75,35.13,16.98,-84.62,-142.54
52.386658,-1.515943,152.48,13.29,2,176.33,20 / 20,352229,2019-09-06 18:21:58:911,-0.3395,0.5075,10.1165,0.0004,-0.0125,9.8066,-0.0132,-0.0531,0.0653,-14.12,-29.31,34.25,15.83,-84.79,-142.97
52.386658,-1.515943,152.48,13.29,2,176.33,20 / 20,352329,2019-09-06 18:21:59:011,0.2945,0.9008,9.6904,-0.0044,0.0136,9.8066,0.0542,0.046,-0.0049,-14.56,-29.75,34.94,15.53,-84.75,-142.44
52.386658,-1.515943,152.48,13.29,2,176.33,20 / 20,352429,2019-09-06 18:21:59:111,-0.61,-0.5106,10.0944,0.0028,-0.0307,9.8065,-0.0135,-0.0858,0.0532,-13.75,-29.5,34.88,15.72,-84.62,-143.66
52.386658,-1.515943,152.48,13.29,2,176.33,20 / 20,352529,2019-09-06 18:21:59:211,0.3153,0.4803,10.0959,0.0067,-0.0294,9.8066,0.0649,-0.0394,0.0587,-14.31,-29.56,35.25,16.61,-84.53,-142.9
52.386658,-1.515943,152.48,13.29,2,176.33,20 / 20,352628,2019-09-06 18:21:59:310,-0.6879,0.1766,10.1741,-0.0076,-0.0041,9.8066,-0.0369,0.0566,-0.002,-14.37,-29.06,34.38,17.07,-84.55,-141.88
52.386658,-1.515943,152.48,13.29,2,176.33,20 / 20,352729,2019-09-06 18:21:59:411,-0.7489,1.8174,9.9785,0.006,-0.0448,9.8065,-0.0023,-0.0119,-0.0091,-14.31,-30,34,17.29,-84.43,-141.76
52.386658,-1.515943,152.48,13.29,2,176.33,20 / 20,352829,2019-09-06 18:21:59:511,-0.4022,0.8985,10.5244,-0.0025,-0.0032,9.8066,-0.0279,0.0567,-0.0768,-13.87,-29.69,35.06,18.38,-84.63,-141.24
52.386658,-1.515943,152.48,13.29,2,176.33,20 / 20,352929,2019-09-06 18:21:59:611,0.2596,1.0585,9.9431,0.0117,-0.0123,9.8066,0.0776,-0.0376,0.017,-13.94,-29.81,35.13,17.01,-84.59,-142.52
52.386658,-1.515943,152.48,13.29,2,176.33,20 / 20,353029,2019-09-06 18:21:59:711,0.1838,0.7311,10.2913,0.0031,-0.0085,9.8066,0.0283,0.0017,0.0027,-14.06,-29.81,35.31,15.51,-84.5,-143.93
52.386658,-1.515943,152.48,13.29,2,176.33,20 / 20,353129,2019-09-06 18:21:59:811,0.4325,-0.4668,8.8503,0.0004,0.0214,9.8065,0.0799,0.0069,0.0139,-14.94,-29.12,35.44,13.19,-84.44,-144.63
52.386658,-1.515943,152.48,13.29,2,176.33,20 / 20,353229,2019-09-06 18:21:59:911,-1.0263,0.6033,9.7419,-0.0292,-0.0038,9.8065,-0.015,0.066,-0.0351,-14.44,-29.31,35.06,17.22,-84.32,-142.35
52.386658,-1.515943,152.48,13.29,2,176.33,20 / 20,353329,2019-09-06 18:22:00:011,-0.425,1.4825,11.3473,-0.0085,0.016,9.8066,0.1126,-0.0127,0.0573,-14.87,-29.62,35.38,17.92,-84.39,-140.32
52.386658,-1.515943,152.48,13.29,2,176.33,21 / 22,353429,2019-09-06 18:22:00:111,-0.7932,0.427,11.4468,-0.0067,-0.0139,9.8066,0.1826,-0.0375,0.0004,-14.5,-28.94,35.88,19.34,-84.09,-140.97
52.386658,-1.515943,152.48,13.29,2,176.33,21 / 22,353529,2019-09-06 18:22:00:211,1.2853,0.0031,9.9511,0.0032,-0.0298,9.8066,0.1168,0.0373,-0.1264,-15.19,-29.25,35.69,15.45,-83.69,-143.27
52.386658,-1.515943,152.48,13.29,2,176.33,21 / 22,353629,2019-09-06 18:22:00:311,1.1434,-0.0827,9.7166,-0.0038,-0.0126,9.8066,-0.1371,-0.0879,0.1238,-15.12,-29.19,36,14.81,-83.74,-143.84
52.386658,-1.515943,152.48,13.29,2,176.33,21 / 22,353729,2019-09-06 18:22:00:411,-0.3479,0.1766,9.4533,0.0061,-0.0125,9.8066,-0.024,0.0675,-0.0418,-14.69,-29.56,35.19,17.19,-83.82,-141.14
52.386658,-1.515943,152.48,13.29,2,176.33,21 / 22,353829,2019-09-06 18:22:00:511,1.0568,1.013,9.714,-0.0051,-0.0203,9.8066,-0.1941,0.0865,-0.035,-14.81,-29.44,35.06,19.48,-84.29,-138.86
52.386658,-1.515943,152.48,13.29,2,176.33,21 / 22,353929,2019-09-06 18:22:00:611,-1.0826,0.2439,9.4065,0.0173,-0.0563,9.8065,0.0981,0.029,0.0438,-14.56,-29.81,35.19,19.03,-84.14,-139.36
52.386658,-1.515943,152.48,13.29,2,176.33,21 / 22,354029,2019-09-06 18:22:00:711,-0.3284,0.2156,10.5737,-0.0309,-0.0458,9.8064,0.0765,0.0228,-0.0062,-14.25,-29,35.31,20.94,-83.8,-139.08
52.386658,-1.515943,152.48,13.29,2,176.33,21 / 22,354129,2019-09-06 18:22:00:811,-0.556,-0.1264,10.6597,0.0158,-0.0042,9.8066,0.039,-0.0661,-0.0686,-14.69,-30.06,35.19,18.54,-83.68,-139.94
52.386658,-1.515943,152.48,13.29,2,176.33,21 / 22,354229,2019-09-06 18:22:00:911,-0.6697,0.5815,11.5753,0.0189,-0.0461,9.8065,0.1162,-0.0104,0.0266,-14.25,-29.19,36.06,19.38,-83.94,-140.98
52.386658,-1.515943,152.48,13.29,2,176.33,21 / 22,354329,2019-09-06 18:22:01:011,-1.1763,2.7555,9.1583,-0.0201,0.0577,9.8064,-0.2757,-0.0169,-0.0725,-14.37,-29.31,34.69,17.67,-83.95,-142.03
52.386658,-1.515943,152.48,13.29,2,176.33,20 / 20,354429,2019-09-06 18:22:01:111,1.083,-1.7893,10.2542,-0.0248,0.1179,9.8058,0.544,-0.004,-0.0237,-14.62,-29.44,35.81,12.86,-83.73,-145.63
52.386658,-1.515943,152.48,13.29,2,176.33,20 / 20,354529,2019-09-06 18:22:01:211,-0.6198,1.6274,10.4504,-0.0812,0.1684,9.8048,0.2035,-0.0767,0.07,-14.37,-29.75,35.19,19.68,-84.69,-140.01
52.386658,-1.515943,152.48,13.29,2,176.33,20 / 20,354628,2019-09-06 18:22:01:310,-0.272,1.9028,9.2555,-0.028,0.0689,9.8063,0.1334,-0.0379,-0.0657,-14.56,-30,35.63,20.95,-84.61,-138
52.386658,-1.515943,152.48,13.29,2,176.33,20 / 20,354728,2019-09-06 18:22:01:410,-0.3524,1.0209,9.9379,-0.019,0.036,9.8065,0.1202,-0.0063,-0.0227,-14.56,-29.81,35.44,19.51,-84.46,-138.83
52.386658,-1.515943,152.48,13.29,2,176.33,20 / 20,354829,2019-09-06 18:22:01:511,-0.328,-0.589,10.838,0.0017,-0.0643,9.8064,0.0977,-0.0208,0.0148,-14.31,-29,36.19,18.19,-83.93,-142.07
52.386658,-1.515943,152.48,13.29,2,176.33,20 / 20,354928,2019-09-06 18:22:01:610,-0.0471,0.0134,10.5399,0.0128,-0.02,9.8065,0.0733,-0.0286,-0.0105,-14.94,-28.94,35.81,16.21,-83.82,-142.54
52.386658,-1.515943,152.48,13.29,2,176.33,20 / 20,355028,2019-09-06 18:22:01:710,-0.4562,-0.0379,9.8162,-0.0099,-0.0085,9.8066,-0.0368,-0.0025,-0.0276,-14.31,-29.12,35.5,16.99,-83.83,-143.21
52.386658,-1.515943,152.48,13.29,2,176.33,20 / 20,355128,2019-09-06 18:22:01:810,-0.0165,-0.2541,9.7603,-0.0049,0.0115,9.8066,-0.0679,-0.0187,0.0055,-13.94,-28.44,36.19,17.87,-83.8,-142.35
52.386658,-1.515943,152.48,13.29,2,176.33,20 / 20,355229,2019-09-06 18:22:01:911,-0.8569,0.3223,9.2969,-0.0026,0.0118,9.8065,-0.051,0.0464,-0.0036,-14.62,-28.94,35.25,16.97,-83.96,-141.26
52.386658,-1.515943,152.48,13.29,2,176.33,20 / 20,355329,2019-09-06 18:22:02:011,-0.4335,-0.7991,10.12,-0.026,0.0149,9.8066,-0.0214,0.0113,0.0464,-14.56,-29,35.19,18.83,-84.08,-139.51
52.386658,-1.515943,152.48,13.29,2,176.33,20 / 20,355429,2019-09-06 18:22:02:111,-0.6141,0.4868,9.7052,0.0262,-0.0301,9.8065,-0.0603,-0.0261,0.0124,-14.87,-29.06,35.56,19.46,-83.91,-139.53
52.386658,-1.515943,152.48,13.29,2,176.33,20 / 20,355529,2019-09-06 18:22:02:211,0.2896,2.2321,9.1907,0.0174,-0.0459,9.8064,0.0719,-0.0919,0.0363,-14.62,-28.94,35.31,18.29,-83.87,-140.07
52.386658,-1.515943,152.48,13.29,2,176.33,20 / 20,355628,2019-09-06 18:22:02:310,-1.5401,1.1247,10.5381,-0.0287,0.0309,9.8065,0.1015,-0.0066,-0.0374,-14.5,-29,35,20.09,-83.69,-139.89
52.386658,-1.515943,152.48,13.29,2,176.33,20 / 20,355729,2019-09-06 18:22:02:411,0.3912,0.0944,9.6668,0.0108,0.0323,9.8065,0.0227,-0.1498,0.032,-14.44,-29.56,35.19,21.05,-83.86,-139.02
52.386658,-1.515943,152.48,13.29,2,176.33,20 / 20,355830,2019-09-06 18:22:02:512,-0.7056,-0.0364,9.795,0.0119,-0.015,9.8066,-0.0799,0.0002,0.0104,-14,-29.44,34.88,19.14,-83.75,-140.74
52.386658,-1.515943,152.48,13.29,2,176.33,20 / 20,355929,2019-09-06 18:22:02:611,0.4855,1.8298,9.5347,0.0228,-0.0309,9.8065,-0.1652,0.0243,-0.0383,-15.06,-29,35.69,16.86,-83.73,-141.97
52.386658,-1.515943,152.48,13.29,2,176.33,20 / 20,356028,2019-09-06 18:22:02:710,-1.0033,-0.3222,9.9931,-0.0093,0.0437,9.8065,0.1818,-0.0996,0.0227,-14.25,-29.19,35.56,18.18,-83.89,-142.09
52.386658,-1.515943,152.48,13.29,2,176.33,20 / 20,356129,2019-09-06 18:22:02:811,-0.1816,-0.9196,10.2603,-0.023,0.0583,9.8064,0.2033,-0.0464,-0.0132,-14.12,-29.37,35.69,18.46,-83.96,-141.82
52.386658,-1.515943,152.48,13.29,2,176.33,20 / 20,356229,2019-09-06 18:22:02:911,0.4398,0.6667,10.1704,0.0269,-0.0333,9.8065,-0.1168,-0.0475,-0.0009,-14.69,-29.94,35.31,16.06,-83.94,-142.15
52.386658,-1.515943,152.48,13.29,2,176.33,20 / 20,356328,2019-09-06 18:22:03:010,-0.255,0.4765,9.5302,0.013,-0.047,9.8065,-0.0842,-0.0136,-0.0215,-14.19,-29.62,35.94,16.48,-83.75,-143.74
52.38565,-1.515858,150.79,10.98,2,178.33,20 / 21,356429,2019-09-06 18:22:03:111,-0.3011,-0.4076,8.8773,-0.0225,0.0055,9.8066,-0.1381,-0.0566,0.0511,-14.37,-29.06,35.63,17.04,-83.8,-143.16
52.38565,-1.515858,150.79,10.98,2,178.33,20 / 21,356528,2019-09-06 18:22:03:210,-0.0401,0.6684,9.6959,-0.0115,0.0269,9.8065,-0.1687,0.2252,-0.16,-14.06,-29.75,35.13,20.17,-83.75,-139.86
52.38565,-1.515858,150.79,10.98,2,178.33,20 / 21,356629,2019-09-06 18:22:03:311,-0.1439,1.3138,10.3411,0.0364,-0.0115,9.8065,0.027,0.0605,-0.0657,-13.69,-29.12,35.5,20.24,-83.99,-140.17
52.38565,-1.515858,150.79,10.98,2,178.33,20 / 21,356729,2019-09-06 18:22:03:411,-2.561,-1.111,9.819,0.0048,-0.0669,9.8063,0.0852,-0.1602,0.1287,-13.62,-28.56,36.13,17.6,-83.69,-142.68
52.38565,-1.515858,150.79,10.98,2,178.33,20 / 21,356829,2019-09-06 18:22:03:511,1.2856,-0.9883,9.9532,-0.0042,0.0055,9.8066,0.0918,0.0127,-0.1123,-13.5,-29,35.44,18.02,-83.96,-143.14
52.38565,-1.515858,150.79,10.98,2,178.33,20 / 21,356929,2019-09-06 18:22:03:611,0.7564,-0.3978,9.7307,0.0015,0.0387,9.8065,-0.0111,0.0148,-0.0649,-13.62,-28.69,35.38,16.35,-84.16,-143.19
52.38565,-1.515858,150.79,10.98,2,178.33,20 / 21,357029,2019-09-06 18:22:03:711,-0.1308,-0.5388,9.9183,0.0169,-0.0451,9.8065,0.1033,-0.0041,-0.0076,-13.69,-29.75,35.31,15.06,-84.14,-144.42
52.38565,-1.515858,150.79,10.98,2,178.33,20 / 21,357128,2019-09-06 18:22:03:810,-1.0663,1.4989,10.1863,0.0255,-0.0233,9.8065,-0.1384,-0.0328,-0.0057,-13.37,-29.06,36,17.07,-84.34,-144.41
52.38565,-1.515858,150.79,10.98,2,178.33,20 / 21,357229,2019-09-06 18:22:03:911,-1.4853,0.9583,10.0308,-0.0022,0.0309,9.8065,-0.105,-0.0804,0.0203,-13.19,-29.37,35.56,17.15,-84.45,-144.31
52.38565,-1.515858,150.79,10.98,2,178.33,20 / 21,357329,2019-09-06 18:22:04:011,-0.4816,0.5001,9.9964,0.0011,0.0175,9.8065,0.0975,0.0109,-0.0336,-13.12,-28.5,35.88,15.58,-84.59,-145.69
52.38565,-1.515858,150.79,10.98,2,178.33,20 / 20,357429,2019-09-06 18:22:04:111,-0.1978,0.1429,9.8887,0.0163,-0.0085,9.8066,0.0686,0.0048,-0.0508,-13,-29.12,35.63,13.13,-84.5,-148.02
52.38565,-1.515858,150.79,10.98,2,178.33,20 / 20,357528,2019-09-06 18:22:04:210,-0.1514,0.2128,10.2086,0.0042,-0.0131,9.8066,-0.0063,-0.013,0.0093,-12.81,-29,35.88,12.3,-84.51,-148.78
52.38565,-1.515858,150.79,10.98,2,178.33,20 / 20,357628,2019-09-06 18:22:04:310,-0.4081,-0.3073,9.8446,0.04,-0.0232,9.8064,0.0559,-0.0604,-0.055,-12.69,-29.06,35.13,9.97,-84.53,-150.43
52.38565,-1.515858,150.79,10.98,2,178.33,20 / 20,357728,2019-09-06 18:22:04:410,1.4858,0.5905,10.1892,0.0175,-0.0515,9.8065,-0.1297,-0.0714,0.0678,-12.69,-29.31,35.75,9.32,-84.66,-151.52
52.38565,-1.515858,150.79,10.98,2,178.33,20 / 20,357828,2019-09-06 18:22:04:510,0.3642,0.3272,9.931,-0.0072,0.0215,9.8066,-0.1277,-0.0003,-0.0199,-11.94,-28.31,35.5,12.49,-84.8,-149.95
52.38565,-1.515858,150.79,10.98,2,178.33,20 / 20,357929,2019-09-06 18:22:04:611,-1.0316,0.1533,10.5058,0.0086,0.0281,9.8065,0.2277,-0.0038,-0.057,-12.62,-29.37,35.69,9.53,-85.01,-151.28
52.38565,-1.515858,150.79,10.98,2,178.33,20 / 20,358031,2019-09-06 18:22:04:713,0.0223,-0.4348,10.1795,0.009,-0.0198,9.8066,-0.0803,0.0334,-0.0195,-12.56,-29.06,35.81,7.41,-84.86,-153.26
52.38565,-1.515858,150.79,10.98,2,178.33,20 / 20,358129,2019-09-06 18:22:04:811,0.016,-0.8817,10.2069,-0.0085,0.0315,9.8065,0.0634,-0.0045,0.0186,-13.06,-28.69,35.5,7.79,-85.02,-152.9
52.38565,-1.515858,150.79,10.98,2,178.33,20 / 20,358229,2019-09-06 18:22:04:911,0.6009,-0.0032,9.5634,0.0167,-0.0134,9.8066,0.0034,0.0283,-0.066,-13,-29.06,36.06,6.9,-85,-153.73
52.38565,-1.515858,150.79,10.98,2,178.33,20 / 20,358329,2019-09-06 18:22:05:011,0.6587,0.6426,9.8197,0.0036,-0.0158,9.8065,-0.0377,-0.002,0.0271,-13.19,-28.44,35.56,7.72,-85.05,-152.94
52.38565,-1.515858,150.79,10.98,2,178.33,20 / 20,358429,2019-09-06 18:22:05:111,-0.1256,0.3736,9.6134,-0.0148,0.0186,9.8065,-0.1026,-0.0173,0.0487,-12.5,-28.75,36,9.54,-85.19,-152.67
52.38565,-1.515858,150.79,10.98,2,178.33,20 / 20,358529,2019-09-06 18:22:05:211,-0.2095,0.2948,9.3395,0.0045,-0.0026,9.8066,0.0316,0.0354,-0.0379,-12.69,-28.87,35.75,8.89,-85.24,-151.84
52.38565,-1.515858,150.79,10.98,2,178.33,20 / 20,358629,2019-09-06 18:22:05:311,0.6122,-0.4552,9.8551,0.0016,0.01,9.8066,0.0514,0.0063,0.005,-12.62,-29.25,35,8.29,-85.26,-151.89
52.38565,-1.515858,150.79,10.98,2,178.33,20 / 20,358728,2019-09-06 18:22:05:410,-0.0994,0.0717,10.3644,0.0045,0.0012,9.8066,-0.035,-0.0236,-0.0201,-13.12,-28.56,35.38,7.72,-85.24,-152.43
52.38565,-1.515858,150.79,10.98,2,178.33,20 / 20,358828,2019-09-06 18:22:05:510,-0.4632,-0.5426,9.9906,-0.0054,0.0067,9.8066,0.0398,-0.035,-0.0158,-12.94,-28.75,35.81,8.22,-85.28,-152.46
52.38565,-1.515858,150.79,10.98,2,178.33,20 / 20,358929,2019-09-06 18:22:05:611,-0.1689,-0.0494,10.475,-0.0057,0.0117,9.8066,0.0697,-0.014,0.0297,-12.81,-29.12,35.69,8.02,-85.3,-152.65
52.38565,-1.515858,150.79,10.98,2,178.33,20 / 20,359029,2019-09-06 18:22:05:711,0.2277,0.232,10.2155,0.0073,-0.0186,9.8066,0.0416,-0.0083,-0.0336,-13.75,-28.37,35.63,6.41,-85.33,-152.74
52.38565,-1.515858,150.79,10.98,2,178.33,20 / 20,359128,2019-09-06 18:22:05:810,-0.0541,0.5665,9.6679,0.0001,-0.0075,9.8066,-0.0183,-0.0104,-0.0319,-12.69,-27.94,35.88,7.87,-85.18,-152.79
52.38565,-1.515858,150.79,10.98,2,178.33,20 / 20,359229,2019-09-06 18:22:05:911,-0.2335,-0.5514,9.6584,0.0041,0.0124,9.8065,-0.058,-0.0384,0.007,-12.37,-28.06,34.94,8.17,-85.11,-153.46
52.38565,-1.515858,150.79,10.98,2,178.33,20 / 20,359328,2019-09-06 18:22:06:010,0.1323,0.0031,9.6914,-0.0078,0.0046,9.8066,0.0038,-0.0441,0.0208,-12,-29,35.06,8.23,-85.11,-153.43
52.38565,-1.515858,150.79,10.98,2,178.33,20 / 20,359429,2019-09-06 18:22:06:111,-0.0456,-0.2262,10.1276,-0.0021,0.005,9.8066,0.0111,-0.0225,-0.0148,-11.81,-28.37,36.13,9.28,-85.27,-152.88
52.38565,-1.515858,150.79,10.98,2,178.33,20 / 20,359529,2019-09-06 18:22:06:211,-0.1554,-0.1982,9.6332,0.0043,-0.0036,9.8066,-0.0229,-0.0126,0.0003,-12,-29.69,35.75,9.62,-85.31,-152.59
52.38565,-1.515858,150.79,10.98,2,178.33,20 / 20,359628,2019-09-06 18:22:06:310,0.1462,0.39,10.2233,-0.0025,-0.0107,9.8066,-0.0327,-0.0128,0.0174,-11.75,-28.75,36.25,8.69,-85.36,-153.43
52.38565,-1.515858,150.79,10.98,2,178.33,20 / 20,359728,2019-09-06 18:22:06:410,-0.9641,0.7243,10.5546,-0.0106,-0.0105,9.8066,0.0978,0.0003,0.0098,-12.31,-29.06,36.5,10.23,-85.14,-152.48
52.38565,-1.515858,150.79,10.98,2,178.33,20 / 20,359829,2019-09-06 18:22:06:511,0.0979,-0.4331,9.6568,-0.0061,-0.0057,9.8066,0.0361,-0.0417,0.0438,-11.44,-28.69,36.81,12.38,-84.99,-151.91
52.38565,-1.515858,150.79,10.98,2,178.33,20 / 20,359928,2019-09-06 18:22:06:610,-0.3651,0.7456,9.7379,-0.0075,-0.0054,9.8065,-0.0283,-0.0492,0.054,-12,-28.25,35.69,11.12,-84.9,-151.22
52.38565,-1.515858,150.79,10.98,2,178.33,20 / 20,360029,2019-09-06 18:22:06:711,-0.6742,0.9426,10.0435,-0.0153,0.0042,9.8066,-0.0328,-0.0012,0.0007,-11.5,-29.12,36.13,14.57,-84.78,-149.51
52.38565,-1.515858,150.79,10.98,2,178.33,20 / 20,360129,2019-09-06 18:22:06:811,-0.2653,0.756,10.0166,-0.0089,0.0137,9.8066,0.085,-0.0246,0.0368,-11,-28.69,36,16.6,-84.8,-147.62
52.38565,-1.515858,150.79,10.98,2,178.33,20 / 20,360228,2019-09-06 18:22:06:910,0.7493,-0.1343,9.4785,0.0109,-0.0039,9.8065,0.0145,-0.008,-0.0528,-12.06,-28.94,35.88,13.94,-84.75,-148.65
52.38565,-1.515858,150.79,10.98,2,178.33,20 / 20,360329,2019-09-06 18:22:07:011,0.1907,-0.1498,9.3032,0.0015,-0.0081,9.8066,-0.0139,-0.0652,0.0642,-11.56,-28.56,35.63,14.35,-84.76,-148.27
52.38565,-1.515858,150.79,10.98,2,178.33,21 / 21,360428,2019-09-06 18:22:07:110,0.3394,-0.2976,8.9601,-0.0224,0.0344,9.8065,-0.0181,-0.0067,0.0822,-11.94,-29.19,35.31,17.83,-84.91,-144.53
52.38565,-1.515858,150.79,10.98,2,178.33,21 / 21,360529,2019-09-06 18:22:07:211,-0.316,0.7344,10.0283,-0.014,0.0002,9.8066,0.0396,-0.0493,0.0516,-11.5,-28.75,35.63,21.86,-84.93,-142.68
52.38565,-1.515858,150.79,10.98,2,178.33,21 / 21,360629,2019-09-06 18:22:07:311,0.0875,0.4285,9.4837,0.0047,-0.0088,9.8066,0.0251,0.0399,-0.0944,-12.56,-29.19,35.13,19.39,-85.11,-141.56
52.38565,-1.515858,150.79,10.98,2,178.33,21 / 21,360729,2019-09-06 18:22:07:411,-1.041,0.0336,10.7428,-0.0058,-0.0252,9.8066,0.0662,0.1009,-0.0206,-12.44,-29.56,35.44,21.88,-85.01,-140.78
52.38565,-1.515858,150.79,10.98,2,178.33,21 / 21,360828,2019-09-06 18:22:07:510,0.3044,-0.4062,9.6622,0.0118,-0.0144,9.8065,-0.0582,0.0083,0.0364,-12.56,-28.81,35,20.35,-85.02,-140.69
52.38565,-1.515858,150.79,10.98,2,178.33,21 / 21,360929,2019-09-06 18:22:07:611,-0.3275,0.47,10.3266,0.0049,-0.0235,9.8066,-0.0378,-0.0441,-0.0121,-12.44,-29.19,34.88,22.03,-84.99,-140.6
52.38565,-1.515858,150.79,10.98,2,178.33,21 / 21,361029,2019-09-06 18:22:07:711,0.3556,0.2719,9.6764,0.0072,-0.0016,9.8066,-0.0472,-0.0024,-0.0632,-12.5,-28.81,35.5,21.68,-85.09,-141.34
52.38565,-1.515858,150.79,10.98,2,178.33,21 / 21,361129,2019-09-06 18:22:07:811,-0.143,0.2223,9.9399,-0.002,-0.0045,9.8066,0.0768,-0.0147,0.0092,-12,-29.12,35.31,21.26,-85.06,-141.29
52.38565,-1.515858,150.79,10.98,2,178.33,21 / 21,361229,2019-09-06 18:22:07:911,-0.1155,-0.2027,10.0945,-0.0004,-0.0003,9.8066,0.0184,-0.0376,0.0504,-12.31,-29.37,35.25,20.44,-85.09,-142.04
52.38565,-1.515858,150.79,10.98,2,178.33,21 / 21,361335,2019-09-06 18:22:08:017,-0.8258,-0.1301,9.9516,-0.0054,0.0031,9.8066,-0.0072,0.0028,-0.0353,-12.06,-29.06,35.69,21.19,-85.01,-141.82
52.38565,-1.515858,150.79,10.98,2,178.33,20 / 20,361429,2019-09-06 18:22:08:111,-0.374,0.1279,9.5598,-0.0002,-0.0013,9.8066,-0.0129,0.0407,-0.0134,-12.31,-28.94,35.69,21.26,-84.89,-141.8
52.38565,-1.515858,150.79,10.98,2,178.33,20 / 20,361529,2019-09-06 18:22:08:211,-0.5068,0.299,9.8765,-0.0074,-0.0122,9.8066,-0.0312,-0.0627,0.0365,-12.37,-29.25,35.44,21.49,-84.81,-141.15
52.38565,-1.515858,150.79,10.98,2,178.33,20 / 20,361631,2019-09-06 18:22:08:313,-0.3328,-0.0697,9.9406,-0.0062,-0.0097,9.8066,0.057,-0.0187,0.0349,-12,-28.81,35.44,21.65,-84.88,-140.98
52.38565,-1.515858,150.79,10.98,2,178.33,20 / 20,361729,2019-09-06 18:22:08:411,-0.3739,0.4694,9.7402,0.0049,0.0009,9.8066,-0.212,-0.0585,0.0249,-11.87,-28.44,35.31,21.65,-84.94,-140.92
52.38565,-1.515858,150.79,10.98,2,178.33,20 / 20,361828,2019-09-06 18:22:08:510,0.5592,1.0764,9.7532,0.0025,0.0031,9.8066,-0.2448,0.0519,-0.0417,-11.44,-28.87,35.25,22.57,-85.02,-141.57
52.38565,-1.515858,150.79,10.98,2,178.33,20 / 20,361929,2019-09-06 18:22:08:611,-2.237,3.6099,10.8803,0.0059,0.0131,9.8066,0.2843,0.0952,-0.0748,-11.62,-28.31,35.69,21.55,-85.08,-141.41
52.38565,-1.515858,150.79,10.98,2,178.33,20 / 20,362029,2019-09-06 18:22:08:711,-0.0856,-0.8643,9.3352,-0.0094,0.0205,9.8066,0.292,0.0581,-0.0268,-11.81,-28.69,35.25,22.69,-85.22,-139.9
52.38565,-1.515858,150.79,10.98,2,178.33,20 / 20,362128,2019-09-06 18:22:08:810,0.9103,-1.16,9.6228,-0.0165,0.0464,9.8064,-0.0619,0.0447,0.0265,-11.19,-28.5,35.5,27.43,-85.37,-137.24
52.38565,-1.515858,150.79,10.98,2,178.33,20 / 20,362228,2019-09-06 18:22:08:910,-0.6007,0.4484,9.2572,0.0296,-0.0405,9.8065,-0.0182,-0.0795,-0.0243,-11.94,-29.56,35.13,26.37,-85.42,-136.43
52.38565,-1.515858,150.79,10.98,2,178.33,20 / 20,362329,2019-09-06 18:22:09:011,0.8075,0.7553,9.2324,0.0446,-0.1084,9.8059,-0.1215,-0.0294,-0.044,-11.12,-28.37,35.31,22.29,-85.12,-141.75
52.38565,-1.515858,150.79,10.98,2,178.33,21 / 21,362429,2019-09-06 18:22:09:111,-0.7875,0.1178,9.7626,-0.0071,0.0381,9.8066,0.1466,0.0554,-0.0304,-11.19,-29.31,34.94,25.78,-85.26,-138.48
52.38565,-1.515858,150.79,10.98,2,178.33,21 / 21,362529,2019-09-06 18:22:09:211,-0.1563,-0.0912,10.0919,-0.0004,0.0102,9.8066,0.1123,0.0362,-0.0157,-11.31,-29.19,35.69,24.55,-85.2,-140.07
52.38565,-1.515858,150.79,10.98,2,178.33,21 / 21,362628,2019-09-06 18:22:09:310,0.5983,0.8143,10.0852,0.0081,0.0009,9.8066,0.0627,0.008,-0.0149,-12.12,-28.75,34.94,20.87,-85.13,-141.63
52.38565,-1.515858,150.79,10.98,2,178.33,21 / 21,362728,2019-09-06 18:22:09:410,0.9579,0.1018,10.0861,-0.0084,-0.0024,9.8066,0.0254,0.0108,0.0172,-11.37,-28.87,35.94,22.78,-85.06,-141.78
52.38565,-1.515858,150.79,10.98,2,178.33,21 / 21,362829,2019-09-06 18:22:09:511,0.1272,-0.5344,9.7999,-0.0061,-0.0197,9.8066,0.0133,-0.0084,0.0204,-12,-28.75,35.81,22.57,-84.69,-140.63
52.38565,-1.515858,150.79,10.98,2,178.33,21 / 21,362929,2019-09-06 18:22:09:611,-0.1918,0.5058,10.4731,-0.0162,-0.0153,9.8066,-0.052,0.0346,-0.0034,-11.81,-28.81,35.81,24.24,-84.54,-139.14
52.38565,-1.515858,150.79,10.98,2,178.33,21 / 21,363029,2019-09-06 18:22:09:711,0.204,0.5637,9.0763,-0.0028,0.0213,9.8065,-0.0286,-0.0612,0.0406,-12.06,-29.37,35.13,24.3,-84.53,-138.64
52.38565,-1.515858,150.79,10.98,2,178.33,21 / 21,363129,2019-09-06 18:22:09:811,0.2356,0.646,10.1441,-0.0138,-0.0165,9.8066,-0.0352,-0.0523,0.0187,-12.37,-29.06,34.94,25.54,-84.55,-137.48
52.38565,-1.515858,150.79,10.98,2,178.33,21 / 21,363228,2019-09-06 18:22:09:910,-0.2621,0.5002,9.7833,0.0031,0.0121,9.8066,-0.0425,-0.0145,-0.0292,-12.25,-29.19,35.44,26.3,-84.67,-136.73
52.38565,-1.515858,150.79,10.98,2,178.33,21 / 21,363329,2019-09-06 18:22:10:011,-0.2713,0.9747,10.3844,0.0134,-0.0187,9.8065,0.0276,0.0029,-0.0214,-12.06,-29.81,35.31,25.45,-84.71,-137.57
52.38565,-1.515858,150.79,10.98,2,178.33,20 / 20,363429,2019-09-06 18:22:10:111,0.2282,0.3639,9.7658,0.0209,0.0305,9.8065,-0.0242,0.0163,-0.059,-11.69,-28.81,35.56,22.89,-84.96,-140.25
52.38565,-1.515858,150.79,10.98,2,178.33,20 / 20,363528,2019-09-06 18:22:10:210,0.4755,-0.6416,9.9391,0.0019,0.0056,9.8066,0.0641,-0.0113,-0.0099,-11.75,-29.44,36.06,20.56,-84.87,-142.46
52.38565,-1.515858,150.79,10.98,2,178.33,20 / 20,363629,2019-09-06 18:22:10:311,0.4036,-0.5961,9.6311,0.0092,-0.0017,9.8066,-0.005,-0.0197,-0.0115,-11.37,-28.62,36.75,20.22,-84.83,-144.64
52.38565,-1.515858,150.79,10.98,2,178.33,20 / 20,363729,2019-09-06 18:22:10:411,-0.0921,0.0421,9.7681,0.0026,0.0252,9.8066,0.0421,-0.0157,-0.0513,-11.56,-28.81,35.63,17.7,-85.01,-145.09
52.38565,-1.515858,150.79,10.98,2,178.33,20 / 20,363828,2019-09-06 18:22:10:510,0.3476,-0.4401,9.8569,0.0065,0.0008,9.8065,0.021,-0.015,0.012,-10.87,-28.44,36.06,17.67,-85.18,-146.49
52.38565,-1.515858,150.79,10.98,2,178.33,20 / 20,363929,2019-09-06 18:22:10:611,0.1499,-0.1884,10.0449,0.0047,0.0021,9.8066,-0.0097,-0.0041,-0.0578,-11.44,-29.12,35.19,16.68,-85.24,-147
52.38565,-1.515858,150.79,10.98,2,178.33,20 / 20,364028,2019-09-06 18:22:10:710,0.4738,-0.2881,9.6898,-0.0014,-0.0069,9.8066,0.0496,-0.0074,0.0135,-11.12,-29.5,35.75,15.63,-85.23,-148.42
52.38565,-1.515858,150.79,10.98,2,178.33,20 / 20,364129,2019-09-06 18:22:10:811,0.1949,-0.9232,10.06,0.0076,0.0085,9.8066,-0.0865,0.042,-0.064,-11.19,-29,35.88,15.39,-85.3,-148.63
52.38565,-1.515858,150.79,10.98,2,178.33,20 / 20,364229,2019-09-06 18:22:10:911,0.9778,-0.8247,9.9268,0.0009,-0.0249,9.8065,0.0162,0.0456,0.0008,-11.5,-29.25,36,16.19,-85.55,-147.82
52.38565,-1.515858,150.79,10.98,2,178.33,20 / 20,364329,2019-09-06 18:22:11:011,0.8513,-0.1707,9.9134,0.003,-0.0173,9.8066,-0.0708,0.0638,-0.0465,-11.44,-29.06,35.81,17.43,-85.46,-146.67
52.38565,-1.515858,150.79,10.98,2,178.33,20 / 20,364429,2019-09-06 18:22:11:111,-0.1209,0.269,9.4708,-0.0032,-0.0145,9.8066,-0.0104,-0.0017,0.0174,-10.75,-29.06,35.69,16.81,-85.45,-147.26
52.38565,-1.515858,150.79,10.98,2,178.33,20 / 20,364528,2019-09-06 18:22:11:210,0.5659,0.0059,9.7809,-0.0046,-0.0387,9.8065,0.0464,-0.0127,0.046,-11.31,-29.31,35.94,17.37,-85.17,-146.8
52.38565,-1.515858,150.79,10.98,2,178.33,20 / 20,364629,2019-09-06 18:22:11:311,-0.1557,-0.0656,9.9875,-0.0037,0.0254,9.8066,-0.0471,-0.0159,0.0119,-11.69,-28.87,35.31,16.93,-85.14,-145.31
52.38565,-1.515858,150.79,10.98,2,178.33,20 / 20,364728,2019-09-06 18:22:11:410,0.7197,0.1493,9.3845,-0.0011,0.0178,9.8066,0.0475,-0.0075,0.0289,-11.69,-28.19,35.94,15.99,-85.13,-146.62
52.38565,-1.515858,150.79,10.98,2,178.33,20 / 20,364828,2019-09-06 18:22:11:510,0.0797,-0.5527,9.7857,-0.01,0.009,9.8065,0.0051,-0.0126,0.037,-11.87,-28.56,35.44,16.46,-84.97,-145.79
52.38565,-1.515858,150.79,10.98,2,178.33,20 / 20,364929,2019-09-06 18:22:11:611,0.3193,-1.0852,9.7698,0.0021,0.0321,9.8066,0.0174,0.0543,-0.0547,-11.94,-27.81,35.81,17.77,-85.16,-144.95
52.38565,-1.515858,150.79,10.98,2,178.33,20 / 20,365029,2019-09-06 18:22:11:711,0.0352,-0.4103,9.9273,0.0168,-0.0084,9.8065,0.0153,-0.0169,0.0068,-11.94,-26.81,35.63,15.93,-85.24,-146.62
52.38565,-1.515858,150.79,10.98,2,178.33,20 / 20,365129,2019-09-06 18:22:11:811,0.5629,-0.4778,9.6386,0.0144,-0.0092,9.8065,-0.0105,0.0467,-0.0489,-12.19,-26.44,36.06,14.57,-85.39,-147.83
52.38565,-1.515858,150.79,10.98,2,178.33,20 / 20,365229,2019-09-06 18:22:11:911,1.4418,-0.7571,9.5174,0.0167,-0.0041,9.8065,0.0689,0.0657,-0.0182,-11.06,-25.37,35.81,13.34,-85.43,-150.41
52.38565,-1.515858,150.79,10.98,2,178.33,20 / 20,365328,2019-09-06 18:22:12:010,-0.0969,0.1624,10.6229,-0.0007,-0.0317,9.8066,-0.0763,0.0346,-0.0287,-10.69,-26.75,35.06,13.23,-85.31,-150.15
52.384823,-1.515877,149.7,10.54,2,181.65,20 / 20,365429,2019-09-06 18:22:12:111,0.8438,0.8369,10.2476,0.0028,0.0091,9.8066,0.0722,0.033,0.0159,-10.69,-26.75,34.81,12.81,-85.36,-150.54
52.384823,-1.515877,149.7,10.54,2,181.65,20 / 20,365529,2019-09-06 18:22:12:211,0.7048,-1.0727,9.7068,0.0008,-0.0104,9.8066,0.0375,-0.0119,-0.0234,-11.31,-28,35.44,12.25,-85.21,-151.12
52.384823,-1.515877,149.7,10.54,2,181.65,20 / 20,365628,2019-09-06 18:22:12:310,0.3567,0.108,9.8117,-0.0027,0.0174,9.8066,0.0086,0.032,0.0155,-11.69,-28.69,36.13,10.62,-85.28,-151.64
52.384823,-1.515877,149.7,10.54,2,181.65,20 / 20,365729,2019-09-06 18:22:12:411,-0.0558,-0.266,10.0767,-0.0163,0.0121,9.8066,0.0427,0.0294,-0.0013,-11.87,-29,36.06,11.69,-85.26,-150.65
52.384823,-1.515877,149.7,10.54,2,181.65,20 / 20,365828,2019-09-06 18:22:12:510,0.476,-1.0808,9.6637,0.0149,-0.0077,9.8066,-0.0764,0.0706,-0.0426,-11.5,-29.12,35.81,11.47,-85.3,-152.3
52.384823,-1.515877,149.7,10.54,2,181.65,20 / 20,365929,2019-09-06 18:22:12:611,0.1921,0.308,9.1493,0.0079,-0.0083,9.8065,-0.0173,-0.0143,0.0247,-11.87,-28.69,35.06,8.89,-85.42,-152.76
52.384823,-1.515877,149.7,10.54,2,181.65,20 / 20,366029,2019-09-06 18:22:12:711,-1.2488,0.2105,9.7157,-0.0189,0.029,9.8066,-0.0277,0.0246,-0.0227,-11.06,-28.62,35.13,13.75,-85.46,-149.7
52.384823,-1.515877,149.7,10.54,2,181.65,20 / 20,366128,2019-09-06 18:22:12:810,0.172,1.134,10.1725,-0.0092,0.0219,9.8065,-0.0158,-0.0115,0.0695,-11.19,-28.44,35.38,15.88,-85.73,-147.6
52.384823,-1.515877,149.7,10.54,2,181.65,20 / 20,366229,2019-09-06 18:22:12:911,0.0449,-0.3374,9.878,0.0017,-0.0258,9.8066,0.0337,-0.0092,0.0279,-11.81,-28.87,35.38,16.26,-85.42,-145.87
52.384823,-1.515877,149.7,10.54,2,181.65,20 / 20,366328,2019-09-06 18:22:13:010,-0.0807,-0.1546,10.3898,0.0019,-0.0344,9.8065,0.0627,-0.0189,0.0065,-12,-28.87,35.75,16.22,-85.21,-146.42
52.384823,-1.515877,149.7,10.54,2,181.65,20 / 20,366434,2019-09-06 18:22:13:116,-0.6577,-0.2493,9.8463,0.0045,-0.029,9.8065,-0.0576,-0.0495,0.073,-12.44,-28.44,35.81,17.21,-85.13,-145.47
52.384823,-1.515877,149.7,10.54,2,181.65,20 / 20,366529,2019-09-06 18:22:13:211,-0.0905,1.1655,9.5443,-0.0063,-0.0074,9.8066,-0.0996,0.0177,-0.0177,-12,-28.69,35.81,17.92,-84.99,-144.88
52.384823,-1.515877,149.7,10.54,2,181.65,20 / 20,366628,2019-09-06 18:22:13:310,-0.4782,0.0157,9.7402,-0.007,0.0141,9.8066,0.0276,-0.0128,-0.0386,-12.06,-28.94,36.06,19.43,-85.15,-143.43
52.384823,-1.515877,149.7,10.54,2,181.65,20 / 20,366729,2019-09-06 18:22:13:411,0.3751,0.1731,9.5607,0.0046,0.0118,9.8066,0.0027,-0.0048,0.0105,-12.62,-29.12,35.06,16.8,-85.23,-143.94
52.384823,-1.515877,149.7,10.54,2,181.65,20 / 20,366828,2019-09-06 18:22:13:510,-0.5395,-0.5164,10.1133,-0.0036,-0.0149,9.8066,0.0073,-0.0325,0.021,-12.12,-28.62,35.56,18.86,-85.19,-143.96
52.384823,-1.515877,149.7,10.54,2,181.65,20 / 20,366928,2019-09-06 18:22:13:610,0.8971,0.376,9.7874,-0.0084,-0.008,9.8065,0.0515,0.0585,-0.0338,-12.56,-28.62,36.19,18.15,-85.11,-143.21
52.384823,-1.515877,149.7,10.54,2,181.65,20 / 20,367028,2019-09-06 18:22:13:710,-0.419,-0.2645,9.7969,-0.0175,-0.0328,9.8065,-0.1096,-0.0323,0.0227,-12.19,-29.44,35.75,21.2,-84.81,-141.88
52.384823,-1.515877,149.7,10.54,2,181.65,20 / 20,367128,2019-09-06 18:22:13:810,-0.5773,0.5667,8.9228,0.0249,-0.0152,9.8066,-0.0977,-0.0594,0.0808,-12.62,-28.94,35.38,19.3,-84.88,-141.71
52.384823,-1.515877,149.7,10.54,2,181.65,20 / 20,367228,2019-09-06 18:22:13:910,-0.6164,0.9225,9.477,-0.0237,0.0458,9.8065,0.0923,-0.053,0.0195,-12.56,-28.94,34.56,23.51,-84.96,-137.76
52.384823,-1.515877,149.7,10.54,2,181.65,20 / 20,367328,2019-09-06 18:22:14:010,0.1205,0.6981,9.9487,-0.0144,0.0305,9.8065,0.0331,0.0297,-0.0482,-12.44,-28.81,36.44,26.45,-84.94,-136.92
52.384823,-1.515877,149.7,10.54,2,181.65,22 / 22,367428,2019-09-06 18:22:14:110,-0.8168,-0.3119,10.2094,0.0084,-0.0341,9.8065,0.0193,0.0246,-0.0325,-12.19,-28.62,35.63,25.67,-84.96,-137.65
52.384823,-1.515877,149.7,10.54,2,181.65,22 / 22,367528,2019-09-06 18:22:14:210,-0.0448,0.1285,10.2848,0.0204,-0.0251,9.8066,0.0919,-0.0117,-0.0082,-12.37,-29,35.81,22.33,-84.81,-140.83
52.384823,-1.515877,149.7,10.54,2,181.65,22 / 22,367629,2019-09-06 18:22:14:311,0.1066,0.5577,9.8765,0.0153,-0.0253,9.8066,-0.0792,-0.0437,-0.0035,-12.12,-28.5,36.19,19.14,-84.77,-143.76
52.384823,-1.515877,149.7,10.54,2,181.65,22 / 22,367729,2019-09-06 18:22:14:411,-0.1258,0.3671,9.9076,0.0072,-0.0254,9.8065,0.0352,-0.0589,-0.0169,-11.81,-29.5,35.63,18.57,-84.68,-144.36
52.384823,-1.515877,149.7,10.54,2,181.65,22 / 22,367828,2019-09-06 18:22:14:510,-0.156,0.6347,9.5886,-0.0002,0.0271,9.8066,0.0404,-0.013,0.0055,-12.12,-28.5,35.75,18.05,-84.9,-144.74
52.384823,-1.515877,149.7,10.54,2,181.65,22 / 22,367928,2019-09-06 18:22:14:610,0.0113,-0.2001,9.5551,-0.0082,0.0218,9.8066,-0.0219,-0.0197,-0.0028,-12.25,-28.87,35.38,17.63,-84.91,-144.71
52.384823,-1.515877,149.7,10.54,2,181.65,22 / 22,368029,2019-09-06 18:22:14:711,-0.0977,0.3605,9.6117,-0.0079,0.008,9.8066,0.0066,0.0028,0.0109,-12.12,-29,35.06,18.16,-84.98,-144.21
52.384823,-1.515877,149.7,10.54,2,181.65,22 / 22,368129,2019-09-06 18:22:14:811,-0.1814,2.963,7.5236,0.003,0.0059,9.8066,-0.3988,-0.0198,-0.0004,-12.19,-29.12,34.81,18.85,-85.03,-143.55
52.384823,-1.515877,149.7,10.54,2,181.65,22 / 22,368228,2019-09-06 18:22:14:910,0.2598,-0.5463,10.7705,-0.0482,0.079,9.8061,0.4176,-0.0177,-0.0203,-12.25,-28.69,35.56,23.61,-85.22,-139.49
52.384823,-1.515877,149.7,10.54,2,181.65,22 / 22,368330,2019-09-06 18:22:15:012,-1.007,0.0581,11.4965,-0.0275,0.0968,9.8061,0.2727,-0.1035,0.0429,-11.87,-29.31,35.25,23.15,-85.17,-139.49
52.384823,-1.515877,149.7,10.54,2,181.65,21 / 21,368429,2019-09-06 18:22:15:111,1.1357,-0.2169,10.7362,0.0452,-0.1043,9.8059,-0.0995,-0.0305,0.0638,-12.06,-28.81,35.75,23.93,-85.13,-139.22
52.384823,-1.515877,149.7,10.54,2,181.65,21 / 21,368529,2019-09-06 18:22:15:211,1.2853,-0.7895,10.5331,0.0169,-0.0729,9.8063,-0.0009,0.0096,-0.0291,-12,-29.06,36.75,19.15,-84.56,-144.29
52.384823,-1.515877,149.7,10.54,2,181.65,21 / 21,368628,2019-09-06 18:22:15:310,-0.051,-0.427,9.4162,-0.0024,0.0118,9.8066,-0.0634,0.017,0.0712,-12.31,-28.62,35.75,20.18,-84.68,-142.87
52.384823,-1.515877,149.7,10.54,2,181.65,21 / 21,368729,2019-09-06 18:22:15:411,0.0856,-0.2663,9.6162,0.0026,-0.0135,9.8066,0.0085,0.0021,0.0147,-12.37,-28.87,36,20.34,-84.61,-142.74
52.384823,-1.515877,149.7,10.54,2,181.65,21 / 21,368828,2019-09-06 18:22:15:510,-0.2071,-0.1204,9.6289,-0.0122,0.016,9.8065,-0.0191,0.0002,-0.0276,-12.25,-29.44,35.13,20.78,-84.66,-141.87
52.384823,-1.515877,149.7,10.54,2,181.65,21 / 21,368928,2019-09-06 18:22:15:610,0.1585,-0.0419,9.6738,-0.0028,0.011,9.8066,-0.0071,-0.0366,-0.006,-12.25,-28.94,35.88,22.08,-84.74,-141.08
52.384823,-1.515877,149.7,10.54,2,181.65,21 / 21,369028,2019-09-06 18:22:15:710,0.1979,-0.9955,10.2259,0.0024,-0.0145,9.8066,0.0265,0.0034,0.0176,-12.31,-29.12,35.94,21.65,-84.7,-141.5
52.384823,-1.515877,149.7,10.54,2,181.65,21 / 21,369129,2019-09-06 18:22:15:811,-0.4016,0.4346,10.1414,0.0017,0.0035,9.8066,0.0358,-0.0129,-0.0048,-12.31,-29.06,35.44,21.43,-84.75,-141.23
52.384823,-1.515877,149.7,10.54,2,181.65,21 / 21,369228,2019-09-06 18:22:15:910,0.5374,-0.2346,10.0458,0.0104,0.0009,9.8066,0.0159,0.0013,0.0021,-12.12,-28.94,36.19,20.32,-84.86,-142.68
52.384823,-1.515877,149.7,10.54,2,181.65,21 / 21,369328,2019-09-06 18:22:16:010,-0.2334,-0.5226,10.0729,-0.0025,-0.007,9.8066,0.033,-0.0107,0.001,-12.12,-28.75,35.31,19.94,-84.83,-142.59
52.384823,-1.515877,149.7,10.54,2,181.65,20 / 20,369428,2019-09-06 18:22:16:110,0.0987,-0.0263,9.4572,0.01,0.0111,9.8065,-0.0137,0.0263,-0.0361,-12.44,-29.06,36,19.49,-84.85,-143.46
52.384823,-1.515877,149.7,10.54,2,181.65,20 / 20,369529,2019-09-06 18:22:16:211,-0.1408,-0.3818,9.8655,0.002,0.0207,9.8065,0.0224,0.0543,0.0041,-12.19,-29.12,35.5,18.64,-85.06,-144.2
52.384823,-1.515877,149.7,10.54,2,181.65,20 / 20,369628,2019-09-06 18:22:16:310,0.3154,-0.3722,10.2074,0.0021,-0.0039,9.8066,0.0478,-0.0026,0.0006,-11.81,-28.69,35.31,17.34,-85.1,-144.94
52.384823,-1.515877,149.7,10.54,2,181.65,20 / 20,369729,2019-09-06 18:22:16:411,0.0164,-0.5369,10.0403,0.0048,-0.0011,9.8066,-0.0199,-0.0101,-0.052,-11.81,-28.56,35.94,17.25,-85.08,-145.49
52.384823,-1.515877,149.7,10.54,2,181.65,20 / 20,369828,2019-09-06 18:22:16:510,0.3602,0.3655,10.1233,0.0084,-0.0139,9.8065,0.0394,-0.0397,0.0444,-11.75,-29.31,35.75,15.18,-84.94,-147.45
52.384823,-1.515877,149.7,10.54,2,181.65,20 / 20,369929,2019-09-06 18:22:16:611,0.7584,-1.0948,9.546,0.0053,0.0075,9.8066,0.0473,0.0184,-0.0005,-12,-29,35.5,14.15,-84.9,-148.42
52.384823,-1.515877,149.7,10.54,2,181.65,20 / 20,370028,2019-09-06 18:22:16:710,-0.4736,-0.8429,9.7173,-0.0024,-0.0121,9.8066,-0.1039,0.0111,-0.0288,-11.62,-28.94,35.38,13.26,-84.79,-148.81
52.384823,-1.515877,149.7,10.54,2,181.65,20 / 20,370129,2019-09-06 18:22:16:811,0.5473,0.3784,9.3987,0.0058,0.0113,9.8066,-0.0144,0.0251,-0.0262,-11.56,-28.81,35.88,13.36,-84.87,-149.16
52.384823,-1.515877,149.7,10.54,2,181.65,20 / 20,370228,2019-09-06 18:22:16:910,0.0025,-0.604,9.6622,0.0051,0.0102,9.8066,-0.0041,0.0086,-0.016,-11.94,-28.94,35.44,12.31,-84.92,-149.66
52.384823,-1.515877,149.7,10.54,2,181.65,20 / 20,370328,2019-09-06 18:22:17:010,-0.102,-1.1642,10.0693,0.0094,0.0015,9.8066,0.0648,-0.0178,0.0088,-11.19,-28.87,36.19,13.04,-84.98,-150.89
52.384823,-1.515877,149.7,10.54,2,181.65,20 / 21,370428,2019-09-06 18:22:17:110,-1.1065,-0.7816,10.2473,0.0078,-0.0044,9.8066,-0.0048,-0.1204,0.0881,-11.75,-29.31,36.25,9.81,-84.94,-152.45
52.384823,-1.515877,149.7,10.54,2,181.65,20 / 21,370529,2019-09-06 18:22:17:211,0.2285,1.694,9.1358,-0.0056,0.017,9.8066,-0.112,-0.203,-0.0236,-11.69,-29,35.75,10.33,-84.96,-151.96
52.384823,-1.515877,149.7,10.54,2,181.65,20 / 21,370628,2019-09-06 18:22:17:310,-0.3683,-1.508,9.4947,-0.0069,0.0067,9.8066,-0.0697,0.0552,-0.1368,-11.44,-28.81,35.81,11.84,-85.02,-152
52.384823,-1.515877,149.7,10.54,2,181.65,20 / 21,370728,2019-09-06 18:22:17:410,-0.0218,0.3462,10.4206,0.0082,0.0174,9.8066,0.0035,-0.0356,0.0519,-11.37,-29.19,35.56,11.93,-85.22,-151.88
52.384823,-1.515877,149.7,10.54,2,181.65,20 / 21,370828,2019-09-06 18:22:17:510,0.013,-0.0888,10.0919,-0.007,-0.0126,9.8066,0.0292,-0.0136,-0.038,-11.69,-28.75,36.13,11.09,-85.2,-151.22
52.384823,-1.515877,149.7,10.54,2,181.65,20 / 21,370929,2019-09-06 18:22:17:611,-0.1054,-0.0961,10.1997,0.0019,0.009,9.8066,0.0309,0.0075,-0.042,-11.25,-29.31,35.75,12.21,-85.13,-151.63
52.384823,-1.515877,149.7,10.54,2,181.65,20 / 21,371029,2019-09-06 18:22:17:711,0.5702,-0.9016,9.9856,-0.0075,-0.0147,9.8066,0.1178,-0.0759,0.0378,-11.69,-28.44,35.75,9.42,-85,-152.78
52.384823,-1.515877,149.7,10.54,2,181.65,20 / 21,371129,2019-09-06 18:22:17:811,0.3928,-0.7446,10.3078,-0.0045,-0.0014,9.8066,0.0212,0.0119,-0.039,-11.31,-28.81,36.06,12.39,-84.88,-151.51
52.384823,-1.515877,149.7,10.54,2,181.65,20 / 21,371228,2019-09-06 18:22:17:910,-0.5346,-1.1076,9.834,-0.0034,-0.0143,9.8066,-0.0963,0.0871,0.0264,-11.37,-28.81,35.69,11.43,-85.02,-152.38
52.384823,-1.515877,149.7,10.54,2,181.65,20 / 21,371329,2019-09-06 18:22:18:011,-0.0184,-0.4913,9.5875,0.0085,0.0008,9.8066,-0.0231,-0.0415,0.0136,-11.25,-28.81,35.56,10.62,-85.04,-153.14
52.384823,-1.515877,149.7,10.54,2,181.65,20 / 21,371428,2019-09-06 18:22:18:110,-0.3539,-0.2074,9.4948,0.011,0.0046,9.8066,0.0074,-0.0594,0.0087,-11.56,-29.19,35.88,8.05,-85.02,-154.08
52.384823,-1.515877,149.7,10.54,2,181.65,20 / 21,371529,2019-09-06 18:22:18:211,0.1327,0.0157,9.7038,0.0023,0.0009,9.8066,-0.0597,0.0099,-0.0257,-11.56,-28.81,35.94,7.52,-85.07,-154.56
52.384823,-1.515877,149.7,10.54,2,181.65,20 / 21,371628,2019-09-06 18:22:18:310,0.3882,-0.5175,9.6873,-0.0111,0.023,9.8066,0.0657,-0.0189,-0.0299,-10.75,-28.12,35.69,9.54,-85.35,-154.08
52.384823,-1.515877,149.7,10.54,2,181.65,20 / 21,371729,2019-09-06 18:22:18:411,0.2877,0.2562,9.8822,-0.0034,0.0222,9.8066,-0.0142,-0.0197,0.0391,-11,-29,35.63,9.9,-85.43,-153.74
52.384823,-1.515877,149.7,10.54,2,181.65,20 / 21,371829,2019-09-06 18:22:18:511,-0.2916,-0.2275,9.5234,0.0045,-0.0117,9.8066,-0.0645,-0.0114,-0.0035,-11.62,-28.81,35.44,9.38,-85.5,-152.3
52.384823,-1.515877,149.7,10.54,2,181.65,20 / 21,371928,2019-09-06 18:22:18:610,0.76,0.8651,9.3427,0.0139,-0.0198,9.8066,-0.0714,-0.0484,-0.0209,-11.75,-28.94,35.06,8.84,-85.46,-152.81
52.384823,-1.515877,149.7,10.54,2,181.65,20 / 21,372028,2019-09-06 18:22:18:710,-0.9566,0.8143,10.0689,-0.0081,0.0073,9.8065,0.0276,-0.0119,-0.0195,-11.19,-29.06,35.69,11.82,-85.52,-151.93
52.384823,-1.515877,149.7,10.54,2,181.65,20 / 21,372128,2019-09-06 18:22:18:810,-0.7971,0.086,10.086,0.0006,0.0039,9.8066,0.0001,-0.0568,0.0283,-11.19,-29,35.63,11.04,-85.46,-152.68
52.384823,-1.515877,149.7,10.54,2,181.65,20 / 21,372228,2019-09-06 18:22:18:910,0.0907,-0.4399,10.3563,0.0093,-0.0169,9.8066,0.0715,0.0031,0.0001,-10.75,-29.5,35.94,9.2,-85.32,-154.42
52.384823,-1.515877,149.7,10.54,2,181.65,20 / 21,372328,2019-09-06 18:22:19:010,0.0473,-0.3296,9.7089,0.0002,-0.0047,9.8066,0.0875,-0.0109,0.0005,-10.81,-29.06,35.75,8.64,-85.25,-154.95
52.384823,-1.515877,149.7,10.54,2,181.65,22 / 22,372429,2019-09-06 18:22:19:111,-0.2066,0.2903,9.8186,-0.0014,-0.0053,9.8066,-0.0145,-0.0117,-0.0083,-10.81,-29.44,35.13,8.12,-85.16,-155
52.384823,-1.515877,149.7,10.54,2,181.65,22 / 22,372528,2019-09-06 18:22:19:210,-0.1729,0.0859,9.6478,0.0036,0.0064,9.8065,0.006,-0.0731,0.0226,-10.75,-29.5,35.5,8.69,-85.22,-154.9
52.384823,-1.515877,149.7,10.54,2,181.65,22 / 22,372628,2019-09-06 18:22:19:310,-0.6878,0.2037,9.6316,-0.0023,0.0188,9.8066,0.0277,-0.0538,0.0436,-11.25,-29.19,35.25,8.97,-85.35,-154.19
52.384823,-1.515877,149.7,10.54,2,181.65,22 / 22,372729,2019-09-06 18:22:19:411,0.23,0.3359,9.7671,-0.0127,0.0081,9.8065,0.0268,-0.0533,0.0355,-11.12,-29.5,35.44,9.82,-85.29,-153.4
52.384823,-1.515877,149.7,10.54,2,181.65,22 / 22,372828,2019-09-06 18:22:19:510,-0.2725,0.2796,9.6029,-0.0006,-0.0135,9.8066,0.0189,-0.036,-0.0205,-10.75,-28.56,35.38,10.26,-85.17,-153.01
52.384823,-1.515877,149.7,10.54,2,181.65,22 / 22,372929,2019-09-06 18:22:19:611,-0.4196,0.6568,9.9518,-0.0026,-0.0096,9.8065,0.0219,-0.0353,-0.0028,-10.44,-29.19,35.13,12.92,-85.16,-152.04
52.384823,-1.515877,149.7,10.54,2,181.65,22 / 22,373028,2019-09-06 18:22:19:710,-0.3707,-0.1855,9.9563,0.0027,0.0023,9.8066,-0.0552,-0.038,0.0411,-11.37,-28.69,35.06,11.81,-85.25,-151.55
52.384823,-1.515877,149.7,10.54,2,181.65,22 / 22,373128,2019-09-06 18:22:19:810,-0.6408,0.6309,9.8193,-0.0041,-0.011,9.8066,-0.0135,-0.0496,0.0498,-10.62,-29.31,34.94,12.32,-85.23,-151.08
52.384823,-1.515877,149.7,10.54,2,181.65,22 / 22,373228,2019-09-06 18:22:19:910,-0.0588,-0.3594,10.1376,-0.0011,-0.0051,9.8066,0.0824,-0.0339,0.0003,-10.87,-29.69,35.88,12.58,-85.08,-151.33
52.384823,-1.515877,149.7,10.54,2,181.65,22 / 22,373329,2019-09-06 18:22:20:011,-0.3825,-0.5367,9.8029,-0.0041,0.0098,9.8066,-0.0725,-0.0121,-0.0264,-10.94,-28.62,36.13,12.34,-85.02,-151.54
52.384823,-1.515877,149.7,10.54,2,181.65,20 / 21,373428,2019-09-06 18:22:20:110,0.3255,-0.2017,9.444,0.0081,-0.0118,9.8066,-0.1062,-0.0536,0.0152,-10.87,-29.31,36,11.84,-85.02,-152
52.384823,-1.515877,149.7,10.54,2,181.65,20 / 21,373529,2019-09-06 18:22:20:211,-0.7169,0.8266,10.1487,-0.0026,-0.005,9.8066,0.0567,-0.0562,0.0181,-10.87,-28.87,36.19,11.93,-84.97,-151.92
52.384823,-1.515877,149.7,10.54,2,181.65,20 / 21,373628,2019-09-06 18:22:20:310,-0.7467,-0.0134,9.7135,-0.0075,0.0146,9.8066,0.1115,-0.0044,0.0127,-10.37,-28.5,35.94,14.39,-85.03,-151.06
52.384823,-1.515877,149.7,10.54,2,181.65,20 / 21,373729,2019-09-06 18:22:20:411,-0.1583,-0.1044,9.7303,-0.0062,0.0151,9.8066,-0.0961,-0.0236,0.0151,-10.62,-28.69,36.06,12.82,-85.01,-151.09
52.384823,-1.515877,149.7,10.54,2,181.65,20 / 21,373828,2019-09-06 18:22:20:510,-0.6112,0.6965,9.7039,0.0102,-0.015,9.8066,-0.1039,-0.0496,-0.0074,-10.56,-29.25,35.13,12.27,-84.89,-151.18
52.384823,-1.515877,149.7,10.54,2,181.65,20 / 21,373928,2019-09-06 18:22:20:610,-0.219,1.2916,9.6638,0.0087,-0.0226,9.8066,-0.0255,-0.0266,-0.0003,-10.75,-29.31,36.19,12.41,-84.93,-151.49
52.384823,-1.515877,149.7,10.54,2,181.65,20 / 21,374029,2019-09-06 18:22:20:711,-0.6111,0.6347,9.8841,-0.0113,0.0048,9.8066,-0.0034,-0.0453,0.009,-9.81,-29,35.31,14.42,-84.88,-150.7
52.384823,-1.515877,149.7,10.54,2,181.65,20 / 21,374129,2019-09-06 18:22:20:811,-0.2911,0.0603,10.0457,-0.0017,-0.0133,9.8066,-0.0143,-0.0401,0.0449,-10.5,-29,35.88,16.01,-84.82,-149.64
52.384823,-1.515877,149.7,10.54,2,181.65,20 / 21,374229,2019-09-06 18:22:20:911,-0.9228,0.7495,9.6498,-0.0016,0.0135,9.8066,-0.0131,-0.0298,0.0138,-10.62,-28.75,35.63,15.65,-84.94,-148.47
52.384823,-1.515877,149.7,10.54,2,181.65,20 / 21,374329,2019-09-06 18:22:21:011,-1.0294,-0.5426,10.2151,-0.0105,0.025,9.8066,-0.0754,-0.0241,-0.0308,-10.31,-29,34.63,17.51,-85.05,-147.79
52.383972,-1.515944,149.46,10.44,2,186.54,21 / 21,374428,2019-09-06 18:22:21:110,-0.0656,-0.0752,9.8536,0.0042,-0.0027,9.8066,0.0533,-0.0112,-0.0366,-10.19,-28.62,35.06,16.57,-85.13,-148.64
52.383972,-1.515944,149.46,10.44,2,186.54,21 / 21,374529,2019-09-06 18:22:21:211,0.4582,0.2344,9.6607,0.0027,-0.0118,9.8066,-0.0452,0.0101,-0.067,-9.81,-29.56,34.81,15.15,-85.13,-150
52.383972,-1.515944,149.46,10.44,2,186.54,21 / 21,374629,2019-09-06 18:22:21:311,-0.4829,-0.395,10.0544,0.0093,0.0019,9.8066,0.0156,-0.0921,0.0172,-10.06,-29,35.63,14.44,-85.21,-151.01
52.383972,-1.515944,149.46,10.44,2,186.54,21 / 21,374728,2019-09-06 18:22:21:410,0.2914,0.1654,10.3474,0.0098,-0.0054,9.8066,0.0283,-0.0413,-0.0019,-9.75,-29.19,35,13.24,-85.2,-151.73
52.383972,-1.515944,149.46,10.44,2,186.54,21 / 21,374828,2019-09-06 18:22:21:510,0.2099,-0.1495,10.0233,-0.0065,-0.0206,9.8066,-0.0139,-0.044,0.0174,-9.81,-28.94,35.5,14.01,-85.1,-151.44
52.383972,-1.515944,149.46,10.44,2,186.54,21 / 21,374928,2019-09-06 18:22:21:610,-0.4981,-0.1471,9.5284,0.0014,-0.0125,9.8066,-0.0429,-0.0194,0.0325,-9.87,-29.12,35.38,13.78,-84.94,-151.29
52.383972,-1.515944,149.46,10.44,2,186.54,21 / 21,375029,2019-09-06 18:22:21:711,0.0198,-0.6859,9.7091,-0.0123,-0.0062,9.8066,0.0153,-0.0391,-0.0001,-10.81,-29.12,35.63,13.33,-84.8,-150.65
52.383972,-1.515944,149.46,10.44,2,186.54,21 / 21,375128,2019-09-06 18:22:21:810,-0.1973,-0.2188,9.8728,-0.0008,0.008,9.8066,0.0066,-0.0359,-0.0482,-10.25,-29,35.5,15.69,-84.86,-149.93
52.383972,-1.515944,149.46,10.44,2,186.54,21 / 21,375229,2019-09-06 18:22:21:911,0.2859,0.0741,9.4849,0.007,-0.002,9.8065,-0.1129,-0.0252,0.0173,-9.87,-29.37,35.38,15,-85.09,-150.12
52.383972,-1.515944,149.46,10.44,2,186.54,21 / 21,375328,2019-09-06 18:22:22:010,-0.2488,0.4519,9.976,0.0103,-0.0083,9.8066,-0.0668,-0.0017,-0.0374,-10.12,-29.06,35.5,14.56,-85.16,-150.91
52.383972,-1.515944,149.46,10.44,2,186.54,20 / 20,375428,2019-09-06 18:22:22:110,-0.0385,0.3785,9.776,0.0156,0.0037,9.8066,0.0602,0.0156,-0.0581,-9.5,-29.06,35.56,13.46,-85.27,-153.41
52.383972,-1.515944,149.46,10.44,2,186.54,20 / 20,375529,2019-09-06 18:22:22:211,0.6976,-0.5735,9.7556,0.0068,0.0104,9.8066,0.0954,0.0051,-0.0218,-9.94,-28.81,35.94,9.83,-85.29,-155.3
52.383972,-1.515944,149.46,10.44,2,186.54,20 / 20,375629,2019-09-06 18:22:22:311,0.1148,-0.5463,10.1418,0.0082,-0.0058,9.8066,0.0316,-0.0323,0.0191,-9.81,-29.12,35.19,7.12,-85.19,-157.44
52.383972,-1.515944,149.46,10.44,2,186.54,20 / 20,375729,2019-09-06 18:22:22:411,0.2061,-0.5054,10.0523,0.003,0.0025,9.8066,0.0375,-0.0394,-0.0408,-9.06,-28.81,35.69,8.84,-85.19,-157.73
52.383972,-1.515944,149.46,10.44,2,186.54,20 / 20,375829,2019-09-06 18:22:22:511,0.703,-0.3482,9.5621,0.0107,0,9.8066,-0.0576,0.0029,-0.0038,-9.12,-28.75,35.5,7.86,-85.23,-158.64
52.383972,-1.515944,149.46,10.44,2,186.54,20 / 20,375928,2019-09-06 18:22:22:610,0.0298,0.0889,9.8862,-0.0021,-0.0177,9.8066,-0.0579,-0.0043,0.0267,-9.56,-29.44,34.75,5.24,-85.17,-159.18
52.383972,-1.515944,149.46,10.44,2,186.54,20 / 20,376029,2019-09-06 18:22:22:711,0.4353,-0.4306,9.4236,0.0021,0.0127,9.8066,-0.0513,0.0136,-0.031,-9.37,-28.75,35.5,7.6,-85.24,-158.88
52.383972,-1.515944,149.46,10.44,2,186.54,20 / 20,376128,2019-09-06 18:22:22:810,0.2872,0.0393,9.3854,-0.0035,-0.0049,9.8066,-0.0838,0.0029,0.0162,-9.69,-28.69,35.06,5.24,-85.17,-159.19
52.383972,-1.515944,149.46,10.44,2,186.54,20 / 20,376230,2019-09-06 18:22:22:912,0.4065,-1.1104,10.1548,-0.0087,0.0045,9.8066,0.0909,0.0029,0.0017,-9.25,-29,35.38,8.76,-85.13,-157.45
52.383972,-1.515944,149.46,10.44,2,186.54,20 / 20,376329,2019-09-06 18:22:23:011,0.2375,-0.244,10.3374,-0.0036,0.0173,9.8066,0.0852,0.0003,0.0181,-9.62,-28.81,34.94,7.61,-85.17,-156.98
52.383972,-1.515944,149.46,10.44,2,186.54,21 / 21,376428,2019-09-06 18:22:23:110,0.6378,-0.6431,10.1347,0.0092,-0.0257,9.8066,-0.0551,0.0138,0.0387,-9.5,-29,34.63,9.47,-85.18,-156.78
52.383972,-1.515944,149.46,10.44,2,186.54,21 / 21,376529,2019-09-06 18:22:23:211,-0.3958,-0.0935,9.6789,0.0032,-0.0358,9.8065,0.0318,0.0215,-0.0438,-10.12,-28.69,35.25,6.94,-84.97,-157.63
52.383972,-1.515944,149.46,10.44,2,186.54,21 / 21,376628,2019-09-06 18:22:23:310,1.2468,-0.648,10.1486,0.0047,0.0016,9.8066,0.0119,0.0054,-0.1001,-9.44,-28.56,35.5,7.52,-85,-158.98
52.383972,-1.515944,149.46,10.44,2,186.54,21 / 21,376729,2019-09-06 18:22:23:411,-0.4881,0.1101,10.389,0.0164,0.0028,9.8066,-0.0341,-0.0753,0.1029,-9.56,-28.69,34.88,3.65,-85.05,-160.67
52.383972,-1.515944,149.46,10.44,2,186.54,21 / 21,376829,2019-09-06 18:22:23:511,1.0253,0.486,9.8102,0.0007,-0.0156,9.8065,-0.0179,0.0706,-0.06,-10,-27.75,34.56,1.24,-84.9,-162.9
52.383972,-1.515944,149.46,10.44,2,186.54,21 / 21,376929,2019-09-06 18:22:23:611,-0.193,-0.0425,9.4031,0.0037,-0.0003,9.8066,-0.0096,-0.0013,-0.0156,-10.37,-28.19,34.88,0.32,-84.83,-163.75
52.383972,-1.515944,149.46,10.44,2,186.54,21 / 21,377028,2019-09-06 18:22:23:710,1.8076,-0.2701,9.284,0.0026,0.0146,9.8066,0.0168,-0.0188,0.0919,-11,-27.56,35.38,359.1,-84.9,-163.39
52.383972,-1.515944,149.46,10.44,2,186.54,21 / 21,377129,2019-09-06 18:22:23:811,0.491,-0.173,9.8449,-0.0076,0.0105,9.8066,-0.0054,0.0247,0.0429,-10.87,-27.94,36.19,1.25,-85.13,-161.84
52.383972,-1.515944,149.46,10.44,2,186.54,21 / 21,377228,2019-09-06 18:22:23:910,0.0044,-0.1744,9.839,-0.0102,-0.0112,9.8066,-0.0652,0.0332,-0.0034,-9.94,-28.25,36.06,5.14,-85.25,-159.67
52.383972,-1.515944,149.46,10.44,2,186.54,21 / 21,377328,2019-09-06 18:22:24:010,1.0674,-0.2201,9.4362,-0.0038,-0.021,9.8066,-0.0441,0.046,0.0176,-9.94,-28.81,35.63,5.76,-85.13,-159.11
52.383972,-1.515944,149.46,10.44,2,186.54,20 / 20,377429,2019-09-06 18:22:24:111,0.7435,-0.1614,10.3892,-0.0169,-0.011,9.8066,0.085,0.0319,0.0329,-9.62,-28.44,35.88,8.22,-84.87,-156.84
52.383972,-1.515944,149.46,10.44,2,186.54,20 / 20,377529,2019-09-06 18:22:24:211,-0.5888,0.298,10.1124,-0.0019,0.0128,9.8066,0.0974,0.0026,0.0138,-10.31,-28.44,35.5,9.32,-84.82,-155.82
52.383972,-1.515944,149.46,10.44,2,186.54,20 / 20,377629,2019-09-06 18:22:24:311,0.1063,-0.9765,9.8703,0.0008,-0.0255,9.8066,-0.0701,0.0465,0.0172,-10,-28.62,34.88,8.8,-84.88,-155.92
52.383972,-1.515944,149.46,10.44,2,186.54,20 / 20,377729,2019-09-06 18:22:24:411,0.0457,0.408,10.4865,-0.0026,-0.0155,9.8066,0.0419,-0.0022,-0.0246,-10.31,-28.87,35.56,9.83,-84.79,-155.37
52.383972,-1.515944,149.46,10.44,2,186.54,20 / 20,377829,2019-09-06 18:22:24:511,0.0667,-0.2367,9.4258,0.014,0.0124,9.8065,0.0456,-0.0181,-0.0094,-10.44,-29,35,7.82,-84.85,-156.82
52.383972,-1.515944,149.46,10.44,2,186.54,20 / 20,377929,2019-09-06 18:22:24:611,0.2565,-0.0752,9.7265,-0.0034,0.0038,9.8066,-0.0652,0.0344,-0.008,-10.94,-28.87,35.75,5.86,-84.79,-157.59
52.383972,-1.515944,149.46,10.44,2,186.54,20 / 20,378028,2019-09-06 18:22:24:710,0.277,-0.3058,9.7894,-0.0017,-0.0061,9.8066,-0.0453,0.0035,0.018,-10,-28.81,35.5,7.54,-84.81,-157.49
52.383972,-1.515944,149.46,10.44,2,186.54,20 / 20,378128,2019-09-06 18:22:24:810,-0.1921,0.4142,10.2537,-0.0074,0.0026,9.8066,-0.0176,0.0037,0.0125,-10.5,-29.5,35,8.23,-84.87,-156.44
52.383972,-1.515944,149.46,10.44,2,186.54,20 / 20,378228,2019-09-06 18:22:24:910,0.2191,0.2458,9.5734,0.002,0.0035,9.8066,-0.0405,0.0088,0.014,-10.25,-29.37,35.56,9.37,-84.95,-155.78
52.383972,-1.515944,149.46,10.44,2,186.54,20 / 20,378329,2019-09-06 18:22:25:011,0.4522,0.2312,9.7511,-0.0039,-0.0142,9.8066,0.0399,0.0068,-0.0072,-10.25,-28.94,35.13,9.44,-84.94,-155.31
52.383972,-1.515944,149.46,10.44,2,186.54,20 / 20,378428,2019-09-06 18:22:25:110,-0.2752,0.4278,9.8935,-0.0128,0.0082,9.8066,0.0239,-0.0105,0.0199,-10.87,-29.44,34.81,11.02,-84.96,-152.33
52.383972,-1.515944,149.46,10.44,2,186.54,20 / 20,378528,2019-09-06 18:22:25:210,0.6253,0.2105,9.9637,0.0002,-0.0025,9.8066,0.0549,0.03,0.0105,-10.62,-28.94,35.44,11.63,-84.93,-151.77
52.383972,-1.515944,149.46,10.44,2,186.54,20 / 20,378628,2019-09-06 18:22:25:310,-0.9144,-0.7503,9.7087,-0.0111,-0.0106,9.8066,-0.0523,0.0145,-0.0156,-10.75,-29,35.56,12.44,-84.82,-151.48
52.383972,-1.515944,149.46,10.44,2,186.54,20 / 20,378728,2019-09-06 18:22:25:410,-1.9983,1.175,9.1322,-0.0145,-0.0155,9.8066,0.0626,-0.0228,0.0158,-11.06,-29.37,36,12.41,-84.68,-151.53
52.383972,-1.515944,149.46,10.44,2,186.54,20 / 20,378830,2019-09-06 18:22:25:512,1.2051,1.8241,8.9669,-0.0212,0.1049,9.806,-0.1137,0.0944,-0.1021,-10.87,-28.94,35.81,10.81,-84.45,-153.05
52.383972,-1.515944,149.46,10.44,2,186.54,20 / 20,378931,2019-09-06 18:22:25:613,0.5441,-0.4378,9.2225,-0.0378,0.1012,9.806,0.0874,-0.0606,0.0106,-10.69,-29,35.44,14.28,-84.94,-149.31
52.383972,-1.515944,149.46,10.44,2,186.54,20 / 20,379029,2019-09-06 18:22:25:711,-0.9284,-0.4782,10.2878,-0.017,-0.0473,9.8065,0.0468,-0.0017,0.0464,-9.94,-28.44,35.56,18.02,-84.65,-147.77
52.383972,-1.515944,149.46,10.44,2,186.54,20 / 20,379129,2019-09-06 18:22:25:811,-0.3451,0.0217,9.5793,-0.0029,-0.0345,9.8065,-0.0828,0.0382,0.0579,-9.94,-28.12,35.63,19.81,-84.62,-146.11
52.383972,-1.515944,149.46,10.44,2,186.54,20 / 20,379229,2019-09-06 18:22:25:911,-0.7232,-0.285,9.4309,-0.0066,0.0092,9.8066,-0.0377,0.0616,-0.0674,-10.25,-28.44,35.75,22.08,-84.67,-143.98
52.383972,-1.515944,149.46,10.44,2,186.54,20 / 20,379330,2019-09-06 18:22:26:012,0.8653,0.5711,9.5325,-0.0288,0.0147,9.8065,0.0281,-0.0666,0.0916,-10.94,-28.69,35.13,23.37,-84.74,-140.92
52.383972,-1.515944,149.46,10.44,2,186.54,20 / 20,379429,2019-09-06 18:22:26:111,-0.2074,0.0118,9.8895,0.0037,0.0166,9.8066,-0.0265,0.1152,-0.0759,-10.31,-28.87,34.5,26.62,-84.96,-139.32
52.383972,-1.515944,149.46,10.44,2,186.54,20 / 20,379529,2019-09-06 18:22:26:211,1.1145,0.8788,9.5948,-0.0078,-0.0027,9.8066,-0.0252,-0.013,0.0728,-11.19,-29,34.69,25.74,-84.92,-138.65
52.383972,-1.515944,149.46,10.44,2,186.54,20 / 20,379629,2019-09-06 18:22:26:311,-0.6433,0.7363,9.5828,-0.0233,0.0518,9.8064,-0.1325,-0.0081,-0.0005,-10.87,-28.75,35,28.75,-84.89,-135.84
52.383972,-1.515944,149.46,10.44,2,186.54,20 / 20,379729,2019-09-06 18:22:26:411,0.1551,-0.068,9.8695,-0.0027,0.0551,9.8065,0.1474,-0.0353,0.0604,-11.19,-29.5,35.5,27.54,-84.89,-137.38
52.383972,-1.515944,149.46,10.44,2,186.54,20 / 20,379828,2019-09-06 18:22:26:510,-0.6493,0.8124,10.0976,0.0181,-0.0199,9.8065,0.072,0.0261,-0.0771,-11,-29,34.75,28.84,-84.73,-135.82
52.383972,-1.515944,149.46,10.44,2,186.54,20 / 20,379928,2019-09-06 18:22:26:610,-0.8589,-0.585,10.0991,0.0221,-0.0051,9.8065,-0.0332,-0.0621,0.0245,-11.25,-28.87,34.81,25.57,-84.86,-138.82
52.383972,-1.515944,149.46,10.44,2,186.54,20 / 20,380029,2019-09-06 18:22:26:711,-0.1273,0.0263,9.5477,0.0206,0.0177,9.8066,0.1232,0.0428,-0.0622,-11.12,-28.37,34.94,22.18,-85.1,-141.86
52.383972,-1.515944,149.46,10.44,2,186.54,20 / 20,380129,2019-09-06 18:22:26:811,0.7349,-1.1962,7.372,0.0086,0.009,9.8066,-0.1714,0.0489,-0.0436,-10.62,-29.31,34.56,19.62,-85.16,-144.29
52.383972,-1.515944,149.46,10.44,2,186.54,20 / 20,380228,2019-09-06 18:22:26:910,2.1565,0.6468,10.5547,-0.0026,0.0703,9.8064,-0.3807,-0.032,-0.0185,-10.81,-29.31,34,17.76,-85.64,-145.44
52.383972,-1.515944,149.46,10.44,2,186.54,20 / 20,380329,2019-09-06 18:22:27:011,0.3915,1.5672,10.4707,-0.0134,-0.0732,9.8063,0.098,0.007,0.0821,-10.5,-29,34.94,20.76,-85.26,-144.7
52.383972,-1.515944,149.46,10.44,2,186.54,19 / 20,380429,2019-09-06 18:22:27:111,-0.2048,-3.5872,8.5359,-0.0137,0.0275,9.8066,0.1863,-0.0693,0.0874,-10.5,-28.87,35.38,18.54,-85.22,-146.78
52.383972,-1.515944,149.46,10.44,2,186.54,19 / 20,380529,2019-09-06 18:22:27:211,0.1235,0.9494,9.3814,-0.0011,-0.004,9.8066,-0.0688,-0.026,0.0079,-11.19,-29.69,34.94,19.95,-85.03,-144.06
52.383972,-1.515944,149.46,10.44,2,186.54,19 / 20,380628,2019-09-06 18:22:27:310,-0.2501,0.4283,10.4814,-0.0113,0.0297,9.8065,-0.0312,0.0057,-0.0069,-10.94,-28.69,34.63,23.17,-85.22,-140.94
52.383972,-1.515944,149.46,10.44,2,186.54,19 / 20,380729,2019-09-06 18:22:27:411,0.1653,0.4889,10.6087,0.0127,0.0162,9.8066,0.0121,0.0332,-0.0388,-10.19,-29.62,34.25,23.94,-85.35,-141.34
52.383972,-1.515944,149.46,10.44,2,186.54,19 / 20,380828,2019-09-06 18:22:27:510,0.0442,-0.1957,9.4849,0.0318,-0.0368,9.8065,0.093,-0.0267,0.0316,-9.94,-28.75,34.94,18.69,-85.27,-146.64
52.383972,-1.515944,149.46,10.44,2,186.54,19 / 20,380929,2019-09-06 18:22:27:611,0.3969,0.686,9.7462,0.0126,-0.0287,9.8066,-0.0118,-0.0687,-0.06,-9.37,-28.44,35.19,18.54,-85.14,-148.3
52.383972,-1.515944,149.46,10.44,2,186.54,19 / 20,381029,2019-09-06 18:22:27:711,-0.1795,-0.4499,9.6593,-0.0099,0.013,9.8066,-0.0546,-0.0146,-0.0693,-9.75,-28.62,35.31,16.37,-85.21,-148.81
52.383972,-1.515944,149.46,10.44,2,186.54,19 / 20,381129,2019-09-06 18:22:27:811,1.0394,-0.4398,9.5645,-0.0034,0.0297,9.8065,-0.0094,-0.0398,-0.0056,-10.19,-29.12,35.63,18.74,-85.45,-146.92
52.383972,-1.515944,149.46,10.44,2,186.54,19 / 20,381229,2019-09-06 18:22:27:911,-0.5815,0.3178,9.3425,-0.0092,0.0232,9.8066,-0.0729,0.0168,0.0243,-10.44,-29.12,34.75,21.86,-85.59,-143.56
52.383972,-1.515944,149.46,10.44,2,186.54,19 / 20,381329,2019-09-06 18:22:28:011,-0.0319,1.2461,9.7951,-0.0162,-0.0082,9.8065,0.0795,-0.0912,0.1085,-10.06,-29.37,35.31,22.56,-85.49,-142.93
52.383972,-1.515944,149.46,10.44,2,186.54,20 / 20,381428,2019-09-06 18:22:28:110,0.7594,-0.002,9.8029,0.0062,-0.001,9.8066,-0.0011,0.0452,-0.093,-11,-29.31,34.44,23.23,-85.44,-140.36
52.383972,-1.515944,149.46,10.44,2,186.54,20 / 20,381529,2019-09-06 18:22:28:211,0.7039,0.5516,9.5485,-0.0003,-0.018,9.8066,0.027,-0.0361,0.0783,-11.44,-29.37,34.56,24.38,-85.39,-139.75
52.383972,-1.515944,149.46,10.44,2,186.54,20 / 20,381630,2019-09-06 18:22:28:312,0.1636,-0.2445,10.2808,-0.0131,-0.0044,9.8066,-0.0069,0.0185,-0.0143,-11.06,-28.87,33.5,27.34,-85.34,-136.54
52.383972,-1.515944,149.46,10.44,2,186.54,20 / 20,381728,2019-09-06 18:22:28:410,1.7051,0.0943,10.8804,-0.0057,0.0121,9.8066,0.1094,0.0496,0.0023,-10.81,-29,34.13,28.83,-85.41,-135.12
52.383972,-1.515944,149.46,10.44,2,186.54,20 / 20,381829,2019-09-06 18:22:28:511,-0.043,0.8776,10.1745,0.008,-0.0378,9.8065,-0.1144,-0.0105,-0.0201,-10.62,-29.06,34.5,27.87,-85.29,-136.51
52.383972,-1.515944,149.46,10.44,2,186.54,20 / 20,381929,2019-09-06 18:22:28:611,-1.3901,-0.0917,9.0175,0.0077,-0.0362,9.8065,-0.0177,-0.0613,0.0461,-11.12,-29.19,34.56,26.67,-85.13,-137.69
52.383972,-1.515944,149.46,10.44,2,186.54,20 / 20,382028,2019-09-06 18:22:28:710,0.5426,0.1985,9.4763,0.0039,0.0109,9.8066,-0.0515,0.0105,-0.0757,-10.56,-29.25,34.88,24.81,-85.05,-139.47
52.383972,-1.515944,149.46,10.44,2,186.54,20 / 20,382130,2019-09-06 18:22:28:812,-0.4826,0.0072,9.269,-0.0259,0.0107,9.8066,-0.0846,-0.0003,0.015,-10.31,-29.56,35.25,29.51,-85.13,-136.61
52.383972,-1.515944,149.46,10.44,2,186.54,20 / 20,382229,2019-09-06 18:22:28:911,0.5498,0.8785,9.7681,-0.0045,0.0308,9.8065,-0.0957,0.0155,0.013,-10.87,-29.87,34.25,31.75,-85.36,-132.46
52.383972,-1.515944,149.46,10.44,2,186.54,20 / 20,382328,2019-09-06 18:22:29:010,0.4419,-0.3097,10.1948,-0.0245,0.0137,9.8065,-0.0447,-0.0711,0.0874,-11.06,-29.19,34.31,34.73,-85.32,-129.6
52.383972,-1.515944,149.46,10.44,2,186.54,21 / 21,382429,2019-09-06 18:22:29:111,0.7688,-0.2999,9.7096,-0.0093,-0.0254,9.8066,-0.0041,0.0531,-0.0288,-10.87,-29.31,34.5,35.67,-85.1,-129.24
52.383972,-1.515944,149.46,10.44,2,186.54,21 / 21,382529,2019-09-06 18:22:29:211,-0.33,-0.7891,10.5212,-0.0171,-0.0065,9.8066,0.0134,-0.0201,0.0142,-11.62,-29.56,34.56,34.95,-84.91,-128.59
52.383972,-1.515944,149.46,10.44,2,186.54,21 / 21,382629,2019-09-06 18:22:29:311,-1.1043,0.2913,10.1467,-0.018,0.0136,9.8066,-0.0211,-0.1029,0.0704,-11,-29,34.31,36.74,-84.81,-127.97
52.383972,-1.515944,149.46,10.44,2,186.54,21 / 21,382728,2019-09-06 18:22:29:410,-0.5279,-0.1291,10.0606,-0.0133,0.0296,9.8066,-0.0085,0.0005,0.0221,-11.37,-30.06,33.63,38.56,-84.8,-126.35
52.383972,-1.515944,149.46,10.44,2,186.54,21 / 21,382829,2019-09-06 18:22:29:511,0.6492,0.2004,9.8493,0.0143,-0.0129,9.8066,0.0271,0.0161,-0.0451,-11.06,-29.12,34.06,38.05,-84.81,-126.74
52.383972,-1.515944,149.46,10.44,2,186.54,21 / 21,382929,2019-09-06 18:22:29:611,-0.1852,0.0921,10.2232,-0.0029,-0.023,9.8066,-0.0416,-0.016,0.0214,-11.5,-29.94,34.25,39.02,-84.69,-125.98
52.383972,-1.515944,149.46,10.44,2,186.54,21 / 21,383029,2019-09-06 18:22:29:711,0.8688,-1.5653,8.9662,-0.0011,0.0196,9.8066,-0.0604,0.0421,-0.039,-11.44,-30,34,40.63,-84.82,-124.39
52.383972,-1.515944,149.46,10.44,2,186.54,21 / 21,383129,2019-09-06 18:22:29:811,0.083,0.1866,8.9932,-0.0046,-0.0024,9.8065,-0.142,0.0195,0.0343,-11.31,-29.94,33.94,41.81,-84.71,-123.35
52.383972,-1.515944,149.46,10.44,2,186.54,21 / 21,383229,2019-09-06 18:22:29:911,0.2265,0.9506,9.8675,-0.0077,0.026,9.8066,-0.0936,0.0685,0.01,-11.62,-30.19,33.81,42.84,-84.74,-120.82
52.383972,-1.515944,149.46,10.44,2,186.54,21 / 21,383329,2019-09-06 18:22:30:011,0.6921,0.4015,9.816,0.0085,-0.0137,9.8066,-0.0146,0.04,-0.037,-11.56,-29.56,33.75,44.44,-84.8,-119.27
52.3831,-1.516102,148.85,11.2,2,187.58,20 / 20,383429,2019-09-06 18:22:30:111,-0.6485,-0.7127,9.9643,0.0047,0.0032,9.8066,0.08,-0.0244,0.0979,-11.62,-30.12,33.44,44,-84.83,-119.2
52.3831,-1.516102,148.85,11.2,2,187.58,20 / 20,383528,2019-09-06 18:22:30:210,-0.334,-0.4575,10.2511,0.0141,0.0187,9.8065,0.0994,-0.096,0.0002,-11.56,-30.44,33.75,43.19,-84.88,-120.4
52.3831,-1.516102,148.85,11.2,2,187.58,20 / 20,383628,2019-09-06 18:22:30:310,-1.0691,-0.1626,10.4966,0.0444,-0.0427,9.8064,-0.0211,-0.0293,0.0151,-11.25,-30.06,34.81,41.09,-84.88,-124.33
52.3831,-1.516102,148.85,11.2,2,187.58,20 / 20,383728,2019-09-06 18:22:30:410,-0.4819,-0.1235,8.536,0.0307,-0.0579,9.8064,0.1032,0.0707,-0.1533,-10.94,-30.31,33.69,36.82,-84.96,-127.9
52.3831,-1.516102,148.85,11.2,2,187.58,20 / 20,383829,2019-09-06 18:22:30:511,-2.0089,-0.8908,9.562,-0.025,0.0346,9.8065,-0.0831,0.1167,-0.0936,-10.56,-29.37,33.31,33.84,-85.17,-130.06
52.3831,-1.516102,148.85,11.2,2,187.58,20 / 20,383929,2019-09-06 18:22:30:611,-1.6358,0.2123,9.0453,0.0004,0.0535,9.8064,-0.2244,-0.1491,-0.0088,-10.31,-29.19,33.88,35.48,-85.48,-130.37
52.3831,-1.516102,148.85,11.2,2,187.58,20 / 20,384028,2019-09-06 18:22:30:710,-0.2526,-0.9429,8.6007,0.0176,0.0621,9.8064,0.0639,-0.116,0.0808,-10.44,-30.06,33.06,34.16,-85.7,-131.16
52.3831,-1.516102,148.85,11.2,2,187.58,20 / 20,384128,2019-09-06 18:22:30:810,0.1673,2.6795,10.5225,-0.008,0.0588,9.8064,0.0366,0.0002,-0.0643,-9.81,-30.12,34.19,36.62,-86.27,-128.93
52.3831,-1.516102,148.85,11.2,2,187.58,20 / 20,384228,2019-09-06 18:22:30:910,-0.7763,-0.2866,9.7786,0.0175,-0.0418,9.8065,-0.0948,-0.049,-0.0405,-9.5,-29.81,33.56,32.01,-86.13,-134.98
52.3831,-1.516102,148.85,11.2,2,187.58,20 / 20,384328,2019-09-06 18:22:31:010,0.6436,-1.1346,8.3932,0.0212,-0.0217,9.8066,-0.0308,0.0673,-0.0694,-9.94,-29.5,33.88,27.56,-86.2,-137.54
52.3831,-1.516102,148.85,11.2,2,187.58,21 / 21,384429,2019-09-06 18:22:31:111,2.1777,1.7067,9.9045,-0.0191,0.0515,9.8065,0.0587,-0.0544,0.0377,-9.87,-29.44,34,30.22,-86.4,-134.92
52.3831,-1.516102,148.85,11.2,2,187.58,21 / 21,384529,2019-09-06 18:22:31:211,-0.7239,1.0454,10.5739,0.0144,0.0296,9.8065,0.0066,-0.022,0.0429,-9.81,-29.87,33.63,30.38,-86.41,-134.82
52.3831,-1.516102,148.85,11.2,2,187.58,21 / 21,384628,2019-09-06 18:22:31:310,0.8933,0.0435,10.3876,-0.0054,0.0061,9.8066,0.0547,0.0469,-0.0743,-9.94,-30.12,33.19,29.82,-86.33,-134.95
52.3831,-1.516102,148.85,11.2,2,187.58,21 / 21,384729,2019-09-06 18:22:31:411,-2.1847,-0.601,9.9565,0.013,0.0686,9.8064,-0.0324,-0.1345,0.1032,-9,-29.37,33.25,30.49,-86.55,-135.79
52.3831,-1.516102,148.85,11.2,2,187.58,21 / 21,384830,2019-09-06 18:22:31:512,2.0678,-1.0646,8.721,0.0133,0.0485,9.8065,0.0675,0.0358,-0.0281,-9.25,-30,34.13,30.32,-86.9,-136.22
52.3831,-1.516102,148.85,11.2,2,187.58,21 / 21,384929,2019-09-06 18:22:31:611,-0.685,0.4278,8.525,-0.0028,0.0191,9.8066,-0.1032,0.0514,-0.0288,-9.12,-29.94,32.94,30.53,-86.99,-135.59
52.3831,-1.516102,148.85,11.2,2,187.58,21 / 21,385028,2019-09-06 18:22:31:710,0.5347,0.7066,9.497,-0.0165,0.073,9.8063,0.0113,-0.0103,0.0507,-10.06,-29.81,32.69,37.08,-87.49,-127.41
52.3831,-1.516102,148.85,11.2,2,187.58,21 / 21,385128,2019-09-06 18:22:31:810,-0.0126,-0.9784,11.0047,-0.031,-0.0349,9.8065,0.0013,0.064,0.0281,-10.19,-29.94,33.63,38.33,-87.14,-126.82
52.3831,-1.516102,148.85,11.2,2,187.58,21 / 21,385228,2019-09-06 18:22:31:910,1.5217,-1.2929,9.649,-0.0042,-0.0154,9.8065,0.104,0.0238,0.0492,-9.31,-29.81,33.25,38.47,-87.05,-127.92
52.3831,-1.516102,148.85,11.2,2,187.58,21 / 21,385328,2019-09-06 18:22:32:010,-0.0204,-1.0142,10.3116,-0.0392,-0.0144,9.8065,0.0708,-0.0042,0.0562,-10.19,-30,33.06,37.01,-86.52,-128.01
52.3831,-1.516102,148.85,11.2,2,187.58,20 / 20,385428,2019-09-06 18:22:32:110,-0.211,-1.4337,9.6777,-0.0184,-0.0171,9.8066,-0.0349,0.0191,-0.0164,-10.12,-30.06,33.38,41.18,-86.19,-124.21
52.3831,-1.516102,148.85,11.2,2,187.58,20 / 20,385529,2019-09-06 18:22:32:211,0.3023,0.9857,9.954,-0.0143,0.0054,9.8066,0.0102,0.0024,0.0152,-10.25,-30.06,32.94,44.85,-86.17,-120.71
52.3831,-1.516102,148.85,11.2,2,187.58,20 / 20,385629,2019-09-06 18:22:32:311,-0.2638,-0.2405,10.0804,-0.0221,-0.0018,9.8066,0.1091,0.0638,0.0381,-10.69,-30.06,32.81,44.76,-85.99,-119.31
52.3831,-1.516102,148.85,11.2,2,187.58,20 / 20,385728,2019-09-06 18:22:32:410,0.0457,-0.2321,10.2781,-0.0252,-0.0227,9.8066,0.0339,-0.0377,0.0287,-10.37,-30.25,33.06,45.48,-85.67,-120.43
52.3831,-1.516102,148.85,11.2,2,187.58,20 / 20,385829,2019-09-06 18:22:32:511,-0.9032,-0.5791,9.673,-0.0041,-0.0212,9.8065,-0.1058,-0.0446,0.0755,-10.37,-29.87,33.56,46.37,-85.43,-120.13
52.3831,-1.516102,148.85,11.2,2,187.58,20 / 20,385929,2019-09-06 18:22:32:611,-0.1872,0.3311,10.1587,-0.0065,-0.0182,9.8066,-0.0794,0.0193,-0.005,-10.56,-30.31,33.44,45.73,-85.3,-118.84
52.3831,-1.516102,148.85,11.2,2,187.58,20 / 20,386030,2019-09-06 18:22:32:712,-0.76,-0.277,9.5838,-0.0122,0.0114,9.8066,-0.0328,-0.0176,0.0562,-10.75,-30.12,32.88,49.96,-85.39,-114.74
52.3831,-1.516102,148.85,11.2,2,187.58,20 / 20,386129,2019-09-06 18:22:32:811,-0.3099,-0.6805,9.5101,0.0015,0.0005,9.8066,-0.0519,0.0619,-0.0934,-11,-30.5,32.75,50.37,-85.33,-114.4
52.3831,-1.516102,148.85,11.2,2,187.58,20 / 20,386228,2019-09-06 18:22:32:910,0.4765,-1.257,10.0017,0.0125,-0.0465,9.8064,-0.1279,0.0767,-0.075,-10.75,-30.44,33.13,47.64,-85.4,-116.95
52.3831,-1.516102,148.85,11.2,2,187.58,20 / 20,386328,2019-09-06 18:22:33:010,0.3611,-0.5649,10.2691,0.0153,-0.0475,9.8064,-0.0282,0.0049,-0.0145,-10.87,-30.19,32.75,48.01,-85.55,-116.49
52.3831,-1.516102,148.85,11.2,2,187.58,22 / 22,386429,2019-09-06 18:22:33:111,-0.7437,-0.4287,10.0974,0.0172,-0.0065,9.8066,-0.033,-0.029,-0.0288,-10.87,-30.44,32.81,48.62,-85.64,-115.85
52.3831,-1.516102,148.85,11.2,2,187.58,22 / 22,386529,2019-09-06 18:22:33:211,0.7655,-0.9449,10.2325,0.0116,-0.017,9.8066,-0.0771,0.0431,-0.0381,-10.31,-30.25,33.13,49.29,-85.88,-116.64
52.3831,-1.516102,148.85,11.2,2,187.58,22 / 22,386628,2019-09-06 18:22:33:310,0.6601,0.1247,10.1558,0.0141,-0.0051,9.8066,-0.0172,0.0042,-0.0138,-10.69,-30.56,33,46.39,-86.1,-117.76
52.3831,-1.516102,148.85,11.2,2,187.58,22 / 22,386729,2019-09-06 18:22:33:411,0.2598,-0.887,9.8568,0.01,0.0181,9.8066,0.0739,-0.0342,-0.0337,-10.69,-30.37,32.75,46.74,-86.25,-117.24
52.3831,-1.516102,148.85,11.2,2,187.58,22 / 22,386829,2019-09-06 18:22:33:511,0.8213,-0.1968,9.9244,0.001,-0.0214,9.8066,-0.0356,0.0989,0.001,-10.56,-30.37,33.81,45.28,-86.19,-119.13
52.3831,-1.516102,148.85,11.2,2,187.58,22 / 22,386928,2019-09-06 18:22:33:610,0.2321,0.3788,9.3666,-0.0054,0.0018,9.8066,-0.0062,-0.0138,0.0719,-10.19,-29.94,33.25,47.49,-86.18,-118.17
52.3831,-1.516102,148.85,11.2,2,187.58,22 / 22,387029,2019-09-06 18:22:33:711,-0.0166,-0.0197,10.785,-0.0091,0.0075,9.8066,0.0313,0.0743,-0.0318,-10.62,-30.5,33.13,46.52,-86.03,-117.6
52.3831,-1.516102,148.85,11.2,2,187.58,22 / 22,387129,2019-09-06 18:22:33:811,0.7305,-0.7633,9.5134,-0.0075,-0.0165,9.8065,0.0982,0.0133,0.0367,-10.87,-30.5,32.31,47.01,-85.94,-116.72
52.3831,-1.516102,148.85,11.2,2,187.58,22 / 22,387230,2019-09-06 18:22:33:912,-0.5041,-0.2501,9.8429,-0.0095,-0.001,9.8066,-0.0879,0.0646,-0.0282,-10.31,-29.81,32.88,49.01,-85.7,-117.04
52.3831,-1.516102,148.85,11.2,2,187.58,22 / 22,387329,2019-09-06 18:22:34:011,1.0115,-0.5551,10.0477,0.0033,-0.0009,9.8066,-0.068,0.0125,-0.0337,-11.37,-30.75,33.19,46.68,-85.76,-117.71
52.3831,-1.516102,148.85,11.2,2,187.58,21 / 21,387429,2019-09-06 18:22:34:111,-0.8257,0.0019,10.3283,0.0029,0.0099,9.8066,0.0318,-0.0018,0.0119,-10.81,-30.31,33.94,47.45,-85.84,-117.27
52.3831,-1.516102,148.85,11.2,2,187.58,21 / 21,387529,2019-09-06 18:22:34:211,0.6745,-0.6574,8.6983,0.0205,0.0328,9.8065,0.0166,0.0197,-0.0026,-10.87,-29.62,32.88,46.12,-86.09,-117.95
52.3831,-1.516102,148.85,11.2,2,187.58,21 / 21,387628,2019-09-06 18:22:34:310,1.5602,0.9524,9.379,-0.015,0.0299,9.8066,0.0062,-0.1085,0.0769,-10.31,-30.81,32.94,45.95,-86.02,-119.84
52.3831,-1.516102,148.85,11.2,2,187.58,21 / 21,387729,2019-09-06 18:22:34:411,-1.0768,-0.0716,9.7608,0.0062,0.0435,9.8065,-0.0027,-0.1232,0.0812,-10.06,-30.87,33.06,49.5,-86.05,-116.42
52.3831,-1.516102,148.85,11.2,2,187.58,21 / 21,387829,2019-09-06 18:22:34:511,0.8601,-0.8671,9.3877,0.0114,-0.0104,9.8066,0.0121,-0.0053,-0.0316,-11.19,-30.44,33.06,45.35,-85.88,-118.83
52.3831,-1.516102,148.85,11.2,2,187.58,21 / 21,387929,2019-09-06 18:22:34:611,-0.3447,-0.5227,10.1684,0.0117,-0.0026,9.8066,-0.0127,-0.015,0.1033,-11.12,-30.12,33.25,44.76,-85.94,-119.34
52.3831,-1.516102,148.85,11.2,2,187.58,21 / 21,388029,2019-09-06 18:22:34:711,-0.8272,-0.4246,10.4802,-0.0006,-0.0134,9.8066,0.0622,0.0312,-0.0817,-11.19,-30.19,33.5,46.17,-85.78,-118.54
52.3831,-1.516102,148.85,11.2,2,187.58,21 / 21,388128,2019-09-06 18:22:34:810,0.3899,-0.1863,10.3969,0.011,0.0255,9.8065,0.1102,-0.0621,0.0595,-10.5,-30.12,32.63,46.99,-85.98,-118.78
52.3831,-1.516102,148.85,11.2,2,187.58,21 / 21,388228,2019-09-06 18:22:34:910,0.1021,-0.0399,10.2758,0.0199,-0.0273,9.8065,-0.0019,0.0177,-0.0533,-10.62,-30.5,32.25,44.73,-85.97,-118.89
52.3831,-1.516102,148.85,11.2,2,187.58,21 / 21,388329,2019-09-06 18:22:35:011,0.3743,-0.4694,9.7109,0.0241,-0.0358,9.8065,-0.1142,0.02,0.0176,-10.94,-30.81,33.19,40.65,-86.05,-123.28
52.3831,-1.516102,148.85,11.2,2,187.58,20 / 20,388429,2019-09-06 18:22:35:111,1.5022,-0.3601,9.0764,0.0123,-0.0157,9.8066,-0.0559,0.0649,-0.0631,-10.56,-30.06,33.13,38.3,-86.21,-125.35
52.3831,-1.516102,148.85,11.2,2,187.58,20 / 20,388528,2019-09-06 18:22:35:210,-0.5277,0.3912,9.4369,0.0275,-0.0357,9.8065,-0.0096,-0.0336,-0.0033,-10.31,-30.37,32.5,37.64,-86.31,-127.53
52.3831,-1.516102,148.85,11.2,2,187.58,20 / 20,388628,2019-09-06 18:22:35:310,1.138,0.6636,10.278,0.0054,0.0238,9.8066,0.0511,-0.0441,0.0502,-10.69,-30.62,33.44,36.32,-86.37,-127.21
52.3831,-1.516102,148.85,11.2,2,187.58,20 / 20,388728,2019-09-06 18:22:35:410,1.2603,-0.2297,9.5325,-0.0107,-0.0084,9.8065,-0.0482,0.0014,0.0014,-10.19,-30.94,32.81,38.9,-86.37,-126.34
52.3831,-1.516102,148.85,11.2,2,187.58,20 / 20,388829,2019-09-06 18:22:35:511,-1.1138,-0.7511,9.3608,-0.0119,-0.0108,9.8065,-0.1287,0.025,0.0733,-10.75,-30,32.44,38.96,-86.17,-124.27
52.3831,-1.516102,148.85,11.2,2,187.58,20 / 20,388928,2019-09-06 18:22:35:610,1.1315,0.2445,9.7722,-0.0008,-0.0284,9.8066,-0.1347,0.0722,-0.0158,-10.81,-30.81,33,40.64,-86.13,-123.24
52.3831,-1.516102,148.85,11.2,2,187.58,20 / 20,389029,2019-09-06 18:22:35:711,-0.9622,1.0195,9.6427,-0.0242,0.0317,9.8065,0.0289,0.0536,0.03,-11.06,-31,33.25,45.48,-86.16,-118.6
52.3831,-1.516102,148.85,11.2,2,187.58,20 / 20,389129,2019-09-06 18:22:35:811,-0.2194,-0.017,9.6884,0.0095,-0.0124,9.8066,-0.0569,0.0106,-0.0266,-10.69,-30.37,32.69,42.06,-86.12,-121.81
52.3831,-1.516102,148.85,11.2,2,187.58,20 / 20,389228,2019-09-06 18:22:35:910,0.342,-0.3029,9.9252,0.017,0.0052,9.8066,-0.0275,0.0314,-0.0487,-10.12,-31.06,32.75,42,-86.17,-123.51
52.3831,-1.516102,148.85,11.2,2,187.58,20 / 20,389329,2019-09-06 18:22:36:011,-0.4316,-0.6469,9.9772,0.0109,-0.0148,9.8066,-0.033,-0.0555,0,-10.37,-29.87,33.25,39.25,-86.34,-125.97
52.3831,-1.516102,148.85,11.2,2,187.58,21 / 21,389429,2019-09-06 18:22:36:111,-0.4526,-0.0521,10.2328,0.0185,0.0191,9.8066,-0.0178,0.052,-0.0108,-10.5,-30.44,32.69,38.26,-86.54,-126.8
52.3831,-1.516102,148.85,11.2,2,187.58,21 / 21,389529,2019-09-06 18:22:36:211,0.6127,0.6256,10.1028,0.0109,-0.0154,9.8066,-0.0441,0.03,0.0428,-10.69,-30.56,32.88,33.96,-86.59,-129.35
52.3831,-1.516102,148.85,11.2,2,187.58,21 / 21,389628,2019-09-06 18:22:36:310,0.07,0.6071,10.5396,-0.0025,-0.0138,9.8066,0.0252,-0.0294,-0.03,-10.56,-30.44,33.44,32.42,-86.42,-130.85
52.3831,-1.516102,148.85,11.2,2,187.58,21 / 21,389729,2019-09-06 18:22:36:411,0.1664,-0.4643,9.949,-0.01,0.0132,9.8065,0.0084,-0.02,0.0109,-10.31,-29.87,33.56,34.43,-86.35,-130.98
52.3831,-1.516102,148.85,11.2,2,187.58,21 / 21,389829,2019-09-06 18:22:36:511,-0.1135,0.5935,9.7289,-0.0107,0.0068,9.8065,-0.0102,0.0104,-0.0001,-10.56,-30.56,32.94,31.71,-86.37,-131.61
52.3831,-1.516102,148.85,11.2,2,187.58,21 / 21,389929,2019-09-06 18:22:36:611,0.0303,0.5436,10.4017,-0.0106,0.0007,9.8066,0.069,0.0337,-0.0296,-10.44,-29.81,32.81,36.92,-86.35,-128.18
52.3831,-1.516102,148.85,11.2,2,187.58,21 / 21,390029,2019-09-06 18:22:36:711,0.352,-0.5943,10.1038,0.0062,-0.0001,9.8066,0.0265,0.0306,-0.0097,-10.37,-29.62,33.63,37.69,-86.49,-127.79
52.3831,-1.516102,148.85,11.2,2,187.58,21 / 21,390129,2019-09-06 18:22:36:811,0.5754,-0.007,10.177,0.0185,-0.0192,9.8066,0.0112,-0.0359,-0.0207,-10.06,-30.25,33,35.09,-86.55,-129.83
52.3831,-1.516102,148.85,11.2,2,187.58,21 / 21,390229,2019-09-06 18:22:36:911,0.3842,-0.5094,9.7899,0.0098,-0.003,9.8065,0.0233,-0.0024,0.0528,-10.81,-30,32.69,30.71,-86.54,-132.42
52.3831,-1.516102,148.85,11.2,2,187.58,21 / 21,390328,2019-09-06 18:22:37:010,-0.7645,-0.0662,9.6689,0.0148,-0.0269,9.8065,-0.0134,-0.0765,0.0534,-10,-30.5,33.19,30.16,-86.43,-134.59
52.3831,-1.516102,148.85,11.2,2,187.58,20 / 21,390428,2019-09-06 18:22:37:110,0.4674,0.1129,9.8865,-0.0123,0.0283,9.8066,0.0193,-0.011,0.0064,-10.56,-30.12,33.31,29.33,-86.37,-133.82
52.3831,-1.516102,148.85,11.2,2,187.58,20 / 21,390529,2019-09-06 18:22:37:211,-0.1694,0.439,9.4852,-0.0097,0.0213,9.8066,0.0153,0.0179,0.0117,-10.44,-30.5,33.5,35.4,-86.46,-130
52.3831,-1.516102,148.85,11.2,2,187.58,20 / 21,390629,2019-09-06 18:22:37:311,0.3284,-0.4419,10.0653,-0.0102,-0.019,9.8065,-0.0201,0.0291,0.0044,-10.69,-30.81,33.5,35.32,-86.39,-128.62
52.3831,-1.516102,148.85,11.2,2,187.58,20 / 21,390729,2019-09-06 18:22:37:411,0.178,0.6408,10.0311,-0.007,-0.0007,9.8066,-0.0342,0.0161,0.0036,-10.87,-30.44,33.38,36.55,-86.37,-126.94
52.3831,-1.516102,148.85,11.2,2,187.58,20 / 21,390828,2019-09-06 18:22:37:510,-0.5322,0.1466,10.2968,0.0074,-0.0284,9.8065,-0.0345,-0.0048,0.0042,-10.12,-29.94,32.81,35.67,-86.21,-129.45
52.3831,-1.516102,148.85,11.2,2,187.58,20 / 21,390928,2019-09-06 18:22:37:610,0.7205,0.4271,10.0931,-0.0048,-0.0214,9.8065,-0.016,0.0184,0.0121,-10.75,-30.06,33.38,33.13,-86.14,-130.31
52.3831,-1.516102,148.85,11.2,2,187.58,20 / 21,391028,2019-09-06 18:22:37:710,-0.1818,-0.2055,9.7497,-0.0084,-0.0031,9.8066,-0.0942,0.002,-0.0001,-10.81,-30.19,33.88,35.75,-86.05,-128.33
52.3831,-1.516102,148.85,11.2,2,187.58,20 / 21,391128,2019-09-06 18:22:37:810,-0.7451,-0.8023,9.1929,-0.0117,-0.003,9.8066,-0.0852,-0.0411,0.0012,-11.25,-29.81,33.31,38.51,-86.04,-125.25
52.3831,-1.516102,148.85,11.2,2,187.58,20 / 21,391229,2019-09-06 18:22:37:911,0.8712,-0.4757,9.2193,0.0105,0.0119,9.8065,-0.078,-0.0206,0.0213,-11.37,-30.37,32.31,40.65,-86.14,-122.68
52.3831,-1.516102,148.85,11.2,2,187.58,20 / 21,391328,2019-09-06 18:22:38:010,0.1429,1.5254,9.9439,0.0082,-0.0127,9.8066,-0.1069,-0.058,0.0142,-11.37,-30.94,32.5,41.39,-86.2,-122.48
52.3831,-1.516102,148.85,11.2,2,187.58,19 / 19,391428,2019-09-06 18:22:38:110,-0.9083,-0.2067,9.2629,0.0172,0.0104,9.8066,0.0928,-0.0055,0.0003,-11.12,-30.87,33.25,40.65,-86.21,-123.18
52.3831,-1.516102,148.85,11.2,2,187.58,19 / 19,391529,2019-09-06 18:22:38:211,0.4571,0.3913,9.8623,0.0149,-0.0058,9.8066,0.0541,0.0467,0.0153,-10.87,-31.25,33.25,37.99,-86.35,-125.64
52.3831,-1.516102,148.85,11.2,2,187.58,19 / 19,391629,2019-09-06 18:22:38:311,-0.0218,0.1743,9.5461,-0.0033,0.0209,9.8065,0.094,0.0111,-0.0465,-11.06,-30.75,33.75,37.52,-86.33,-126.54
52.3831,-1.516102,148.85,11.2,2,187.58,19 / 19,391729,2019-09-06 18:22:38:411,0.6545,0.5984,10.1913,0.0057,0.0305,9.8066,0.0426,-0.0117,0.0376,-10.81,-30.56,33.13,38.33,-86.56,-125.18
52.3831,-1.516102,148.85,11.2,2,187.58,19 / 19,391829,2019-09-06 18:22:38:511,0.8566,0.5609,10.054,-0.0072,-0.008,9.8066,0.0747,-0.0222,-0.0219,-10.5,-29.81,33.13,40.23,-86.5,-124.93
52.3831,-1.516102,148.85,11.2,2,187.58,19 / 19,391929,2019-09-06 18:22:38:611,0.0019,-0.0698,9.7969,-0.0023,0.0031,9.8066,-0.078,0.0612,0.1029,-10.75,-30.75,33,37.96,-86.38,-125.64
52.3831,-1.516102,148.85,11.2,2,187.58,19 / 19,392028,2019-09-06 18:22:38:710,-0.2086,0.8817,10.1106,-0.0029,-0.0347,9.8065,-0.0195,-0.0026,0.0387,-11,-30.31,33.81,37.92,-86.09,-126.23
52.3831,-1.516102,148.85,11.2,2,187.58,19 / 19,392132,2019-09-06 18:22:38:814,0.2953,0.3089,10.4364,0.0043,-0.0155,9.8066,-0.0239,0.0065,-0.0223,-10.87,-31,32.56,37.89,-86.04,-125.91
52.3831,-1.516102,148.85,11.2,2,187.58,19 / 19,392229,2019-09-06 18:22:38:911,-0.0828,0.2314,10.707,0.013,0.0042,9.8066,0.0349,0.0153,-0.0071,-11,-30.81,33.25,39,-86.14,-124.8
52.3831,-1.516102,148.85,11.2,2,187.58,19 / 19,392329,2019-09-06 18:22:39:011,-0.4195,0.6681,9.5892,0.0109,-0.0099,9.8066,-0.1145,-0.0376,-0.0495,-10.62,-31.06,33.56,36.9,-86.28,-127.17
52.38214,-1.516299,146.08,12.56,3,185.37,20 / 20,392429,2019-09-06 18:22:39:111,-0.2809,0.0803,9.6945,0.0201,0.0195,9.8066,0.0104,0.0201,-0.0102,-11.19,-30.25,33,35,-86.54,-128.33
52.38214,-1.516299,146.08,12.56,3,185.37,20 / 20,392530,2019-09-06 18:22:39:212,0.1811,-0.4278,9.6513,0.0063,-0.0034,9.8066,-0.0222,-0.0054,-0.0575,-11.12,-31.19,32.44,32.14,-86.78,-130.5
52.38214,-1.516299,146.08,12.56,3,185.37,20 / 20,392628,2019-09-06 18:22:39:310,0.4419,0.5281,9.9103,0.0123,-0.016,9.8065,-0.0308,0.0665,-0.0199,-10.81,-30.81,33.44,28.84,-86.74,-134.16
52.38214,-1.516299,146.08,12.56,3,185.37,20 / 20,392729,2019-09-06 18:22:39:411,-0.0511,0.3149,9.6333,0.0047,-0.0055,9.8066,0.0239,-0.0711,0.1144,-10.5,-30.75,33.44,30.01,-86.75,-134.64
52.38214,-1.516299,146.08,12.56,3,185.37,20 / 20,392829,2019-09-06 18:22:39:511,1.5742,0.5892,9.0707,0.0013,0.0114,9.8066,-0.0036,0.0245,-0.075,-11.19,-31,32.75,30.54,-86.57,-132.62
52.38214,-1.516299,146.08,12.56,3,185.37,20 / 20,392929,2019-09-06 18:22:39:611,0.3402,-0.229,9.5417,0.0076,0.0151,9.8066,-0.0494,0.0028,0.0947,-11.12,-31.19,32.75,31.82,-86.74,-131.32
52.38214,-1.516299,146.08,12.56,3,185.37,20 / 20,393029,2019-09-06 18:22:39:711,0.2604,1.2444,9.3316,-0.0179,0.0337,9.8065,0.0611,0.0245,0.0209,-10.94,-31,33,38.25,-86.78,-125.14
52.38214,-1.516299,146.08,12.56,3,185.37,20 / 20,393129,2019-09-06 18:22:39:811,0.603,1.429,9.8701,0.0017,0.0127,9.8066,-0.0886,0.0835,-0.0231,-10.69,-30.25,32.44,37.1,-86.69,-125.75
52.38214,-1.516299,146.08,12.56,3,185.37,20 / 20,393228,2019-09-06 18:22:39:910,-0.5036,-0.0041,9.9665,-0.0103,0.0253,9.8065,0.1517,-0.0142,0.0235,-11.06,-30.31,32.88,39.97,-86.85,-123.39
52.38214,-1.516299,146.08,12.56,3,185.37,20 / 20,393329,2019-09-06 18:22:40:011,0.4078,-0.0171,10.0256,0.0053,0.017,9.8066,-0.0437,0.0361,0.0002,-11.06,-30.06,32.69,37.55,-86.76,-125.76
52.38214,-1.516299,146.08,12.56,3,185.37,21 / 21,393429,2019-09-06 18:22:40:111,0.2518,1.1529,10.121,0.0014,-0.0236,9.8066,-0.029,0.0207,0.0387,-11,-30.31,32.75,34.53,-86.76,-128.66
52.38214,-1.516299,146.08,12.56,3,185.37,21 / 21,393528,2019-09-06 18:22:40:210,-0.7354,-0.2005,9.6729,-0.004,-0.0179,9.8066,0.0041,0.0932,-0.0427,-11.12,-31.25,32.75,33.45,-86.51,-129.87
52.38214,-1.516299,146.08,12.56,3,185.37,21 / 21,393628,2019-09-06 18:22:40:310,0.8495,1.5446,8.8596,-0.0038,0.0066,9.8066,-0.0242,0.0976,-0.0153,-11.12,-30.31,33.25,34.07,-86.59,-129.19
52.38214,-1.516299,146.08,12.56,3,185.37,21 / 21,393728,2019-09-06 18:22:40:410,-0.8772,0.9151,10.4767,0.0088,-0.0161,9.8066,-0.0509,0.0639,0.0005,-11.5,-30.81,32.88,33.45,-86.6,-129.83
52.38214,-1.516299,146.08,12.56,3,185.37,21 / 21,393833,2019-09-06 18:22:40:515,-0.2617,2.5714,10.219,0.0049,0.0268,9.8065,0.083,-0.0228,0.0379,-11.31,-30.37,33,34.1,-86.89,-129.01
52.38214,-1.516299,146.08,12.56,3,185.37,21 / 21,393929,2019-09-06 18:22:40:611,0.2844,2.4385,9.7443,0.0109,0.0085,9.8066,0.1795,0.0362,0.0395,-11.12,-31.06,33.56,31.04,-86.84,-132.48
52.38214,-1.516299,146.08,12.56,3,185.37,21 / 21,394028,2019-09-06 18:22:40:710,1.5207,1.1654,9.8031,0.005,0.0064,9.8066,0.0533,0.0139,-0.0574,-10.69,-30.75,32.94,26.95,-86.98,-135.86
52.38214,-1.516299,146.08,12.56,3,185.37,21 / 21,394128,2019-09-06 18:22:40:810,0.2029,-0.3997,9.6065,-0.0119,0.0032,9.8066,0.0586,0.0373,0.0193,-11.5,-30.75,32.56,29.62,-86.99,-133.31
52.38214,-1.516299,146.08,12.56,3,185.37,21 / 21,394229,2019-09-06 18:22:40:911,0.0718,-0.1605,9.3643,-0.0026,0.0006,9.8066,0.0329,0.0106,0.0241,-11.44,-30.62,33.25,31.73,-86.92,-131.32
52.38214,-1.516299,146.08,12.56,3,185.37,21 / 21,394329,2019-09-06 18:22:41:011,0.8489,0.2641,9.5094,-0.0113,0.001,9.8066,-0.0132,0.0033,0.073,-11.19,-30.37,32.94,33.91,-86.92,-129.18
52.38214,-1.516299,146.08,12.56,3,185.37,20 / 20,394428,2019-09-06 18:22:41:110,0.2949,0.8652,9.9512,-0.0024,0.0112,9.8066,-0.0721,-0.059,-0.0045,-12.19,-30.87,32.31,34.98,-86.91,-126.1
52.38214,-1.516299,146.08,12.56,3,185.37,20 / 20,394529,2019-09-06 18:22:41:211,0.1964,0.9432,9.1116,-0.0138,0.0003,9.8066,-0.0464,0.0046,0.0251,-11.75,-30.75,32.94,37.19,-86.88,-124.53
52.38214,-1.516299,146.08,12.56,3,185.37,20 / 20,394628,2019-09-06 18:22:41:310,-0.4724,0.1687,10.056,-0.006,0.023,9.8065,-0.0981,0.0047,0.0604,-12.12,-30.37,32.88,36.4,-86.94,-125.21
52.38214,-1.516299,146.08,12.56,3,185.37,20 / 20,394729,2019-09-06 18:22:41:411,-0.1177,1.5423,9.9454,0.0005,0.0377,9.8066,0.0932,-0.0002,-0.0167,-11.56,-30.87,33.19,37.92,-87.16,-123.67
52.38214,-1.516299,146.08,12.56,3,185.37,20 / 20,394828,2019-09-06 18:22:41:510,-0.153,1.135,10.4042,0.0074,-0.0018,9.8066,0.0204,0.0613,-0.0337,-11.81,-30.37,32.88,34.41,-87.22,-126.98
52.38214,-1.516299,146.08,12.56,3,185.37,20 / 20,394928,2019-09-06 18:22:41:610,0.9395,-0.4429,9.5797,-0.0073,0.0216,9.8066,0.0151,-0.0596,0.078,-11.62,-30.44,32.44,34.47,-87.31,-126.34
52.38214,-1.516299,146.08,12.56,3,185.37,20 / 20,395028,2019-09-06 18:22:41:710,0.6688,1.1292,10.6625,0.0068,0.0028,9.8066,-0.0648,0.049,-0.096,-11.19,-30.69,32.69,33.25,-87.28,-129.67
52.38214,-1.516299,146.08,12.56,3,185.37,20 / 20,395130,2019-09-06 18:22:41:812,-0.1129,-0.0138,9.875,-0.0051,-0.0046,9.8066,0.1079,-0.0055,0.0715,-11.12,-30.62,33.19,33.92,-87.21,-129.07
52.38214,-1.516299,146.08,12.56,3,185.37,20 / 20,395229,2019-09-06 18:22:41:911,0.4596,1.2368,10.165,0.0017,0.0046,9.8066,0.0514,0.0927,-0.0496,-11,-30.56,33.25,31.29,-87.19,-131.61
52.38214,-1.516299,146.08,12.56,3,185.37,20 / 20,395329,2019-09-06 18:22:42:011,0.1002,0.9165,10.3406,0.0062,0.0024,9.8066,-0.016,-0.0008,-0.0105,-11.5,-30.75,33.06,31.5,-87.26,-131.37
52.38214,-1.516299,146.08,12.56,3,185.37,19 / 19,395429,2019-09-06 18:22:42:111,0.5336,-0.5755,9.5105,0.0026,-0.0074,9.8066,0.0095,-0.03,0.0272,-11.37,-30.19,33.06,28.96,-87.23,-133.79
52.38214,-1.516299,146.08,12.56,3,185.37,19 / 19,395528,2019-09-06 18:22:42:210,-0.8229,0.5276,9.8356,0.0254,-0.0201,9.8065,-0.0334,0.1237,-0.1102,-11.31,-30.31,32.63,25.5,-87.28,-137.1
52.38214,-1.516299,146.08,12.56,3,185.37,19 / 19,395629,2019-09-06 18:22:42:311,0.2303,0.2397,9.7797,0.0041,0.0124,9.8066,-0.0406,-0.0608,0.0815,-11.69,-29.81,33.06,23.84,-87.28,-137.14
52.38214,-1.516299,146.08,12.56,3,185.37,19 / 19,395729,2019-09-06 18:22:42:411,-0.4799,-0.9325,9.8681,0.0114,-0.0045,9.8066,-0.0083,-0.0068,-0.0191,-11.44,-30.19,32.94,21.69,-87.38,-140.74
52.38214,-1.516299,146.08,12.56,3,185.37,19 / 19,395828,2019-09-06 18:22:42:510,0.7316,1.2312,9.9496,0.0149,0.0062,9.8066,-0.0395,0.0232,-0.096,-11.62,-30.5,33.25,18.31,-87.46,-142.41
52.38214,-1.516299,146.08,12.56,3,185.37,19 / 19,395928,2019-09-06 18:22:42:610,1.1789,-0.3565,9.5765,-0.0027,-0.0149,9.8066,-0.0362,-0.1076,0.0777,-11.44,-30.62,33,20.99,-87.43,-141.42
52.38214,-1.516299,146.08,12.56,3,185.37,19 / 19,396028,2019-09-06 18:22:42:710,0.6451,0.3912,9.8776,-0.0001,-0.0017,9.8066,0.0038,0.0527,-0.0587,-11.5,-30.37,33.19,22.03,-87.59,-140.34
52.38214,-1.516299,146.08,12.56,3,185.37,19 / 19,396128,2019-09-06 18:22:42:810,1.0462,-0.2375,10.2267,0.0159,0.0043,9.8066,0.0056,0.0741,-0.0727,-11.19,-30.62,32.81,20.54,-87.72,-141.75
52.38214,-1.516299,146.08,12.56,3,185.37,19 / 19,396228,2019-09-06 18:22:42:910,-0.8204,0.1101,9.7831,0.001,-0.0185,9.8066,0.0057,-0.1199,0.0885,-11.44,-29.94,32.19,19.64,-87.8,-142.06
52.38214,-1.516299,146.08,12.56,3,185.37,19 / 19,396329,2019-09-06 18:22:43:011,0.2012,0.7801,9.7478,0.0031,-0.0191,9.8065,0.0363,-0.008,0.0272,-12.5,-31.31,32.5,15.74,-87.66,-144.85
52.38214,-1.516299,146.08,12.56,3,185.37,20 / 21,396429,2019-09-06 18:22:43:111,-1.7831,0.8812,10.4121,0.0083,0.0299,9.8066,0.0633,0.0843,-0.1397,-11.94,-30.25,32.88,16.33,-87.8,-144.23
52.38214,-1.516299,146.08,12.56,3,185.37,20 / 21,396529,2019-09-06 18:22:43:211,2.5984,0.813,9.2518,0.0043,-0.0165,9.8066,-0.1242,0.0943,0.0383,-12.12,-30.56,33.75,11.51,-87.57,-149.48
52.38214,-1.516299,146.08,12.56,3,185.37,20 / 21,396628,2019-09-06 18:22:43:310,1.1255,-1.155,9.6603,0.0342,-0.0826,9.8061,-0.0353,0.0289,0.0627,-11.44,-31.19,33.38,7.01,-87.27,-154.86
52.38214,-1.516299,146.08,12.56,3,185.37,20 / 21,396729,2019-09-06 18:22:43:411,-0.6661,2.632,9.6821,0.0411,-0.1124,9.8059,-0.315,0.0549,-0.0811,-11.44,-30.87,33.19,6.67,-87.33,-155.18
52.38214,-1.516299,146.08,12.56,3,185.37,20 / 21,396828,2019-09-06 18:22:43:510,0.5931,1.2659,10.7309,-0.016,0.0319,9.8066,-0.1252,0.0194,-0.0991,-11.62,-30.62,33.56,12.4,-87.88,-148.56
52.38214,-1.516299,146.08,12.56,3,185.37,20 / 21,396928,2019-09-06 18:22:43:610,2.1217,0.9656,9.6747,-0.0325,0.0456,9.8064,0.1228,-0.0925,0.1477,-11.06,-30.31,33.19,23.35,-88.12,-138.87
52.38214,-1.516299,146.08,12.56,3,185.37,20 / 21,397029,2019-09-06 18:22:43:711,0.1285,0.7855,10.5106,0.0056,-0.0288,9.8065,0.1185,0.0579,-0.0201,-11.12,-30.75,33,20.1,-87.82,-142.14
52.38214,-1.516299,146.08,12.56,3,185.37,20 / 21,397129,2019-09-06 18:22:43:811,-2.7042,1.047,10.471,0.0134,-0.0067,9.8066,0.1018,0.208,-0.1213,-11,-30.19,33.13,17.61,-87.77,-144.55
52.38214,-1.516299,146.08,12.56,3,185.37,20 / 21,397229,2019-09-06 18:22:43:911,-0.7578,-0.1396,9.7591,0.0216,-0.0136,9.8066,-0.0753,0.1064,-0.0792,-11.75,-29.62,33.38,11.06,-87.57,-149.36
52.38214,-1.516299,146.08,12.56,3,185.37,20 / 21,397329,2019-09-06 18:22:44:011,1.0562,0.6657,9.6601,0.0018,-0.0216,9.8066,-0.105,-0.1053,0.0544,-12,-30.62,33.38,9.18,-87.57,-151.18
52.38214,-1.516299,146.08,12.56,3,185.37,19 / 20,397429,2019-09-06 18:22:44:111,-0.8287,0.2929,9.3685,-0.026,0.0302,9.8066,-0.1603,0.0154,0.0203,-11.44,-30.5,33.25,11.2,-87.65,-150.77
52.38214,-1.516299,146.08,12.56,3,185.37,19 / 20,397529,2019-09-06 18:22:44:211,1.0227,0.7335,9.9735,-0.0067,0.0333,9.8066,0.0802,0.0537,-0.0253,-11.62,-30.62,33,16.44,-87.93,-144.1
52.38214,-1.516299,146.08,12.56,3,185.37,19 / 20,397628,2019-09-06 18:22:44:310,-0.6597,0.9812,9.7641,0.0037,-0.0012,9.8066,0.0216,0.074,-0.0586,-11.94,-30.19,33.38,18.31,-87.83,-142.3
52.38214,-1.516299,146.08,12.56,3,185.37,19 / 20,397729,2019-09-06 18:22:44:411,-0.0388,0.7363,9.962,0.0045,-0.0128,9.8066,-0.0316,-0.0228,-0.0271,-11.75,-30.44,33,17.64,-87.74,-142.98
52.38214,-1.516299,146.08,12.56,3,185.37,19 / 20,397829,2019-09-06 18:22:44:511,-0.7949,1.0227,10.5496,-0.0057,0.0139,9.8066,-0.0879,-0.0146,-0.0171,-12.25,-29.94,33.63,15.57,-87.8,-145.49
52.38214,-1.516299,146.08,12.56,3,185.37,19 / 20,397928,2019-09-06 18:22:44:610,-0.1157,-0.1939,9.7428,0.0183,0.0054,9.8066,-0.0092,0.0221,0.0453,-11.44,-30.37,32.94,11.25,-87.77,-150.7
52.38214,-1.516299,146.08,12.56,3,185.37,19 / 20,398028,2019-09-06 18:22:44:710,-0.8813,-0.4902,10.4958,0.0091,0.0029,9.8066,0.0439,-0.0753,0.0439,-11.12,-30.19,33.44,11.43,-87.7,-150.53
52.38214,-1.516299,146.08,12.56,3,185.37,19 / 20,398128,2019-09-06 18:22:44:810,0.2829,-0.723,10.1478,-0.0004,-0.0008,9.8066,-0.1489,0.0846,-0.0452,-11.69,-30.44,33.44,7.4,-87.84,-152.86
52.38214,-1.516299,146.08,12.56,3,185.37,19 / 20,398229,2019-09-06 18:22:44:911,-0.7391,0.1825,9.8583,0.006,0.0042,9.8066,-0.034,0.0925,0.001,-11.62,-30.62,33.06,7.29,-87.87,-152.97
52.38214,-1.516299,146.08,12.56,3,185.37,19 / 20,398329,2019-09-06 18:22:45:011,1.0656,-0.2706,9.548,-0.0118,-0.0141,9.8066,-0.0036,-0.0272,0.0401,-11.75,-30.25,33.25,10.99,-87.73,-149.41
52.38214,-1.516299,146.08,12.56,3,185.37,20 / 20,398428,2019-09-06 18:22:45:110,1.1288,0.0237,10.0748,-0.0261,0.0277,9.8065,0.0272,-0.0276,0.0254,-12.37,-30.69,33.94,15.75,-87.78,-145.34
52.38214,-1.516299,146.08,12.56,3,185.37,20 / 20,398529,2019-09-06 18:22:45:211,-0.735,-0.1954,10.0684,-0.02,0.0311,9.8066,0.0064,0.0132,0.0653,-12,-30.5,33.75,16.71,-87.69,-144.42
52.38214,-1.516299,146.08,12.56,3,185.37,20 / 20,398628,2019-09-06 18:22:45:310,1.1468,-0.3698,9.4801,0.0177,-0.0033,9.8066,0.0836,0.1242,-0.0221,-12.12,-30.69,33.75,19.51,-87.58,-141.76
52.38214,-1.516299,146.08,12.56,3,185.37,20 / 20,398729,2019-09-06 18:22:45:411,-0.6014,-0.2799,10.203,0.0076,-0.0198,9.8066,-0.1328,0.0568,-0.0432,-11.87,-30.37,33.81,17.98,-87.64,-143.2
52.38214,-1.516299,146.08,12.56,3,185.37,20 / 20,398828,2019-09-06 18:22:45:510,-0.7702,1.2272,10.4689,0.0009,0.0113,9.8066,-0.026,0.0264,-0.0092,-12.12,-30.06,33.25,20.89,-87.76,-139.82
52.38214,-1.516299,146.08,12.56,3,185.37,20 / 20,398929,2019-09-06 18:22:45:611,0.191,-0.0157,9.7609,0.003,0.0129,9.8066,0.0289,-0.0072,0.0254,-12.62,-30.25,34.13,16.81,-87.79,-142.81
52.38214,-1.516299,146.08,12.56,3,185.37,20 / 20,399028,2019-09-06 18:22:45:710,0.5537,-0.4411,9.8138,0.0091,-0.0122,9.8066,0.0399,0.0359,-0.0254,-12.25,-29.75,33.38,13.51,-87.63,-146.99
52.38214,-1.516299,146.08,12.56,3,185.37,20 / 20,399131,2019-09-06 18:22:45:813,0.7305,-0.0959,9.8208,0.004,-0.015,9.8066,0.0018,0.0517,0.0051,-12.37,-30.69,34.25,13.62,-87.58,-147.45
52.38214,-1.516299,146.08,12.56,3,185.37,20 / 20,399229,2019-09-06 18:22:45:911,-0.3424,0.4599,9.4381,-0.0051,0.0078,9.8066,-0.0303,-0.0084,-0.0265,-12.31,-29.75,33.63,17.19,-87.64,-143.96
52.38214,-1.516299,146.08,12.56,3,185.37,20 / 20,399329,2019-09-06 18:22:46:011,0.4882,0.5874,9.4462,-0.0006,-0.0135,9.8066,0.0242,0.0941,-0.0221,-12.19,-30.62,33.5,19.03,-87.61,-142.21
52.38214,-1.516299,146.08,12.56,3,185.37,21 / 21,399428,2019-09-06 18:22:46:110,0.2341,0.1428,9.3733,-0.0082,0.0127,9.8066,0.0438,0.0062,0.0748,-12.5,-30.12,33.75,18.3,-87.52,-142.93
52.38214,-1.516299,146.08,12.56,3,185.37,21 / 21,399529,2019-09-06 18:22:46:211,0.1131,-0.6796,9.81,-0.0005,-0.0003,9.8066,0.0363,0.0393,-0.0579,-12.37,-30.69,33.44,19.22,-87.49,-141.54
52.38214,-1.516299,146.08,12.56,3,185.37,21 / 21,399628,2019-09-06 18:22:46:310,0.0914,-0.3141,9.8316,-0.0003,-0.0127,9.8066,0.1047,0.0125,0.0629,-12.25,-29.81,33.94,22.24,-87.47,-139.14
52.38214,-1.516299,146.08,12.56,3,185.37,21 / 21,399728,2019-09-06 18:22:46:410,0.1142,-0.3513,10.238,-0.0124,0.0031,9.8066,-0.0195,-0.0338,-0.0036,-12.81,-30.37,33.56,26.02,-87.5,-133.98
52.38214,-1.516299,146.08,12.56,3,185.37,21 / 21,399828,2019-09-06 18:22:46:510,-0.0395,0.5927,9.7455,-0.0021,0.0001,9.8066,-0.0205,-0.0905,-0.0083,-13.06,-30.19,34.06,27.98,-87.56,-132.06
52.38214,-1.516299,146.08,12.56,3,185.37,21 / 21,399928,2019-09-06 18:22:46:610,0.3297,0.8798,9.6011,0.0013,-0.0066,9.8066,0.0502,-0.0275,0.0476,-12.19,-29.81,33,25.87,-87.48,-135.1
52.38214,-1.516299,146.08,12.56,3,185.37,21 / 21,400029,2019-09-06 18:22:46:711,-0.5625,-0.7893,9.6258,0.0078,-0.037,9.8065,0.0736,-0.0357,0.0219,-12.5,-30.44,33.56,27.24,-87.4,-134.33
52.38214,-1.516299,146.08,12.56,3,185.37,21 / 21,400129,2019-09-06 18:22:46:811,0.9974,0.3855,10.2206,0.0139,-0.0444,9.8065,-0.0772,-0.0468,0.029,-13.12,-29.75,33.25,20.27,-87.17,-139.08
52.38214,-1.516299,146.08,12.56,3,185.37,21 / 21,400229,2019-09-06 18:22:46:911,0.1415,1.2984,10.1741,-0.0081,0.0301,9.8066,-0.1165,-0.0262,-0.0239,-13.06,-30.62,33.81,19.61,-87.49,-140.2
52.38214,-1.516299,146.08,12.56,3,185.37,21 / 21,400328,2019-09-06 18:22:47:010,0.1174,-0.6216,9.5,-0.0028,0.0177,9.8066,0.1005,0.0003,-0.0077,-12.44,-30.44,33.69,17.72,-87.5,-143.48
52.38214,-1.516299,146.08,12.56,3,185.37,19 / 20,400429,2019-09-06 18:22:47:111,1.2293,-0.2367,9.2735,0.0089,0.0016,9.8066,0.0609,0.0899,-0.0063,-12.56,-30.12,34.44,14.88,-87.43,-144.75
52.38214,-1.516299,146.08,12.56,3,185.37,19 / 20,400528,2019-09-06 18:22:47:210,0.0776,1.5065,9.7446,-0.0013,0.0245,9.8066,-0.0621,0.025,-0.0118,-13.06,-29.5,35,16.75,-87.58,-143.43
52.38214,-1.516299,146.08,12.56,3,185.37,19 / 20,400629,2019-09-06 18:22:47:311,0.1797,0.3996,10.3784,-0.0112,0.0297,9.8065,-0.0481,0.0118,-0.0207,-13.69,-29.94,33.31,19.01,-87.81,-138.61
52.38214,-1.516299,146.08,12.56,3,185.37,19 / 20,400728,2019-09-06 18:22:47:410,0.0746,0.3499,10.0089,-0.0141,0.0201,9.8066,0.0417,0.0336,0.0115,-13,-29.37,32.81,22.78,-87.79,-136.44
52.38214,-1.516299,146.08,12.56,3,185.37,19 / 20,400829,2019-09-06 18:22:47:511,0.5015,0.1494,9.8907,0.0097,-0.0217,9.8065,-0.0216,-0.0182,0.0156,-12.75,-29.56,33.13,16.68,-87.58,-142.42
52.38214,-1.516299,146.08,12.56,3,185.37,19 / 20,400930,2019-09-06 18:22:47:612,-0.0943,-0.2917,9.2778,0.0086,-0.0199,9.8065,-0.1031,-0.0007,0.0365,-12.5,-29.62,34.06,16.64,-87.48,-144.53
52.38214,-1.516299,146.08,12.56,3,185.37,19 / 20,401029,2019-09-06 18:22:47:711,-0.1546,1.5666,10.245,-0.0103,0.0224,9.8066,-0.115,0.0668,-0.0083,-12.5,-30.94,34.06,17.44,-87.39,-143.81
52.38214,-1.516299,146.08,12.56,3,185.37,19 / 20,401129,2019-09-06 18:22:47:811,0.1889,0.6062,10.2569,0.0029,0.0246,9.8066,0.0296,0.0284,-0.0611,-13.06,-29.81,34.44,18.73,-87.6,-141
52.38214,-1.516299,146.08,12.56,3,185.37,19 / 20,401228,2019-09-06 18:22:47:910,-0.2168,0.226,10.5572,0.0142,-0.0143,9.8066,0.0482,-0.0134,-0.0313,-12.31,-30.12,34.06,14.7,-87.53,-146.4
52.38214,-1.516299,146.08,12.56,3,185.37,19 / 20,401328,2019-09-06 18:22:48:010,0.1716,0.4746,10.0295,0.0066,-0.0009,9.8066,0.0456,0.0326,-0.0199,-12.19,-29.94,34,12.2,-87.54,-148.81
52.381252,-1.516303,143.06,9.69,2,177.11,18 / 20,401429,2019-09-06 18:22:48:111,0.248,0.0897,10.1499,-0.0014,-0.009,9.8066,-0.0737,0,0.0312,-12.62,-29.94,34.44,9.4,-87.44,-150.02
52.381252,-1.516303,143.06,9.69,2,177.11,18 / 20,401528,2019-09-06 18:22:48:210,0.2503,1.0479,9.6279,0.0194,-0.0283,9.8066,-0.1172,0.0598,-0.0252,-12.5,-29.5,34.44,8.3,-87.49,-152.56
52.381252,-1.516303,143.06,9.69,2,177.11,18 / 20,401628,2019-09-06 18:22:48:310,0.0327,0.4384,9.191,0.0022,0.0248,9.8065,-0.072,-0.0062,0.0386,-12.44,-29.94,33.88,6.75,-87.63,-154.05
52.381252,-1.516303,143.06,9.69,2,177.11,18 / 20,401729,2019-09-06 18:22:48:411,0.6422,0.6707,10.5937,-0.0057,-0.001,9.8066,-0.0618,0.0536,-0.0316,-12.56,-29.87,34.25,7.3,-87.8,-152.01
52.381252,-1.516303,143.06,9.69,2,177.11,18 / 20,401828,2019-09-06 18:22:48:510,-0.7502,0.3374,10.0741,-0.0121,0.0234,9.8066,0.0349,-0.0568,0.0876,-12.44,-30.44,33.63,13.83,-87.83,-147.17
52.381252,-1.516303,143.06,9.69,2,177.11,18 / 20,401928,2019-09-06 18:22:48:610,-0.3917,0.9767,10.0325,-0.0133,0.0071,9.8066,-0.0052,-0.0273,-0.0151,-12.44,-30.12,33.44,14.61,-87.86,-145.88
52.381252,-1.516303,143.06,9.69,2,177.11,18 / 20,402029,2019-09-06 18:22:48:711,-0.0302,0.4808,9.5953,0.0174,-0.0057,9.8066,0.0402,-0.0108,-0.0219,-12.75,-29.81,33.56,7.05,-87.77,-152.26
52.381252,-1.516303,143.06,9.69,2,177.11,18 / 20,402129,2019-09-06 18:22:48:811,-0.2628,0.9285,10.0702,-0.0015,-0.0031,9.8066,0.0157,0.0327,0.0046,-12.12,-30.31,34.19,5.99,-87.76,-154.77
52.381252,-1.516303,143.06,9.69,2,177.11,18 / 20,402229,2019-09-06 18:22:48:911,0.3955,0.904,9.7303,0.0089,-0.0111,9.8065,0.0052,0.0639,-0.0605,-12,-30.19,33.69,5.16,-87.77,-155.57
52.381252,-1.516303,143.06,9.69,2,177.11,18 / 20,402329,2019-09-06 18:22:49:011,0.0824,1.626,9.1416,0.0058,-0.0143,9.8066,-0.0898,0.0219,-0.022,-12.81,-30.25,33.88,0.76,-87.78,-158.34
52.381252,-1.516303,143.06,9.69,2,177.11,20 / 20,402430,2019-09-06 18:22:49:112,0.5394,-0.0636,9.6358,0.0044,-0.0085,9.8066,-0.0983,0.0378,0.0117,-12.56,-30.37,32.81,358.79,-87.95,-159.67
52.381252,-1.516303,143.06,9.69,2,177.11,20 / 20,402528,2019-09-06 18:22:49:210,-0.2653,-0.2841,9.5373,-0.0025,-0.0369,9.8065,-0.1702,0.0516,-0.0118,-12.75,-30,34.38,2.61,-87.87,-156.54
52.381252,-1.516303,143.06,9.69,2,177.11,20 / 20,402629,2019-09-06 18:22:49:311,-0.8712,1.6436,10.0262,-0.0197,0.0171,9.8066,-0.0567,0.0179,0.0552,-12.69,-30.19,33.75,9.35,-87.95,-150
52.381252,-1.516303,143.06,9.69,2,177.11,20 / 20,402728,2019-09-06 18:22:49:410,-0.5426,1.6975,9.9454,0.0063,-0.0025,9.8065,0.0349,0.0563,-0.0497,-13,-30.81,33.94,8.41,-87.92,-150.93
52.381252,-1.516303,143.06,9.69,2,177.11,20 / 20,402828,2019-09-06 18:22:49:510,0.3158,1.7594,9.4472,0.0016,0.0217,9.8066,-0.0151,-0.0044,0.0006,-13.19,-30.06,33.69,6.71,-87.8,-152.58
52.381252,-1.516303,143.06,9.69,2,177.11,20 / 20,402929,2019-09-06 18:22:49:611,-0.5161,-0.536,9.1697,-0.0148,-0.0096,9.8066,0.0287,-0.0216,0.0361,-12.94,-30,34.13,7.92,-87.73,-151.42
52.381252,-1.516303,143.06,9.69,2,177.11,20 / 20,403029,2019-09-06 18:22:49:711,0.6422,0.3721,9.5273,0.0073,0.0119,9.8066,-0.0472,0.021,0.0019,-13.44,-30.37,33.69,10.65,-87.8,-148.76
52.381252,-1.516303,143.06,9.69,2,177.11,20 / 20,403128,2019-09-06 18:22:49:810,-0.0836,1.0032,9.6757,-0.0027,0.0205,9.8066,-0.028,0.0006,-0.0225,-13.12,-29.75,33.38,15.05,-87.99,-143.9
52.381252,-1.516303,143.06,9.69,2,177.11,20 / 20,403228,2019-09-06 18:22:49:910,1.0389,1.419,10.3543,-0.0153,0.0039,9.8065,0.0256,0.0286,0.012,-13.06,-30.44,33.69,20.61,-88.24,-138.99
52.381252,-1.516303,143.06,9.69,2,177.11,20 / 20,403329,2019-09-06 18:22:50:011,-0.7625,0.5942,9.8344,0.0223,-0.0048,9.8066,-0.0552,0.068,-0.0485,-12.75,-30.19,34.31,15.95,-88.2,-143.54
52.381252,-1.516303,143.06,9.69,2,177.11,20 / 21,403428,2019-09-06 18:22:50:110,-0.223,1.3906,9.7772,0.0093,0.0025,9.8066,-0.0135,-0.0215,-0.0131,-13.37,-30.37,34.44,11.96,-88.09,-147.44
52.381252,-1.516303,143.06,9.69,2,177.11,20 / 21,403529,2019-09-06 18:22:50:211,-0.9506,0.296,9.6888,-0.0048,-0.0109,9.8065,0.0046,-0.038,0.0414,-13,-29.69,34.13,9.57,-87.95,-149.79
52.381252,-1.516303,143.06,9.69,2,177.11,20 / 21,403628,2019-09-06 18:22:50:310,0.6175,0.9151,9.7076,-0.0061,0.0093,9.8066,-0.0591,0.1021,0.0111,-13.19,-30.25,33.88,9.4,-88.02,-149.95
52.381252,-1.516303,143.06,9.69,2,177.11,20 / 21,403729,2019-09-06 18:22:50:411,1.1211,0.0343,10.0271,-0.0054,0.031,9.8066,0.0938,0.0807,-0.0738,-13.37,-30.12,33.25,10.2,-88.11,-148.59
52.381252,-1.516303,143.06,9.69,2,177.11,20 / 21,403828,2019-09-06 18:22:50:510,-0.527,-0.0583,9.7972,0.0011,-0.0247,9.8066,0.1067,-0.0671,0.0555,-13.31,-30.06,34.75,13.05,-88.1,-146.93
52.381252,-1.516303,143.06,9.69,2,177.11,20 / 21,403930,2019-09-06 18:22:50:612,-0.0593,0.5686,9.6428,0.0086,-0.0125,9.8066,-0.0784,-0.0262,0.0636,-13.25,-30.12,33.44,10.71,-87.99,-148.11
52.381252,-1.516303,143.06,9.69,2,177.11,20 / 21,404028,2019-09-06 18:22:50:710,0.1236,0.8912,9.4038,0.0007,-0.0175,9.8066,-0.0804,0.021,-0.0032,-13.25,-29.87,34.31,12.81,-87.93,-146.65
52.381252,-1.516303,143.06,9.69,2,177.11,20 / 21,404129,2019-09-06 18:22:50:811,0.1646,0.3311,10.0827,-0.0106,0.0316,9.8065,0.1349,-0.0102,-0.0168,-13.19,-30,34.19,12.3,-87.83,-147.17
52.381252,-1.516303,143.06,9.69,2,177.11,20 / 21,404228,2019-09-06 18:22:50:910,0.271,0.2173,9.6142,-0.006,0.0383,9.8065,0.0998,0.0087,-0.0019,-13.81,-29.75,33.81,12.43,-88.02,-145.54
52.381252,-1.516303,143.06,9.69,2,177.11,20 / 21,404328,2019-09-06 18:22:51:010,-0.9824,0.8911,9.9124,-0.0067,-0.0031,9.8066,-0.0316,-0.0264,0.0287,-13.5,-30,34.38,15.48,-87.97,-144.05
52.381252,-1.516303,143.06,9.69,2,177.11,18 / 19,404428,2019-09-06 18:22:51:110,0.4824,1.3287,9.935,-0.0042,-0.0007,9.8066,-0.0571,0.0124,0.0356,-12.87,-30.56,33.5,18.54,-87.93,-141.11
52.381252,-1.516303,143.06,9.69,2,177.11,18 / 19,404529,2019-09-06 18:22:51:211,-0.5394,0.3971,9.707,-0.0085,-0.0022,9.8066,-0.0009,0.023,0.02,-13.12,-29.75,33.88,21.59,-87.93,-138.13
52.381252,-1.516303,143.06,9.69,2,177.11,18 / 19,404629,2019-09-06 18:22:51:311,0.2976,0.5196,10.2361,-0.0107,0.0022,9.8066,0.0178,0.0443,0.0061,-13.56,-30.31,33.69,23.68,-87.86,-134.66
52.381252,-1.516303,143.06,9.69,2,177.11,18 / 19,404728,2019-09-06 18:22:51:410,0.2646,0.734,10.0234,0.003,-0.0197,9.8066,-0.0254,0.0297,0.001,-13.81,-29.87,32.88,22.32,-87.68,-135.45
52.381252,-1.516303,143.06,9.69,2,177.11,18 / 19,404829,2019-09-06 18:22:51:511,0.2946,0.5604,9.7201,-0.0072,-0.0213,9.8066,0.0068,0.04,0.0048,-13.44,-30.12,34.13,25.86,-87.56,-134.12
52.381252,-1.516303,143.06,9.69,2,177.11,18 / 19,404929,2019-09-06 18:22:51:611,-1.0333,0.7065,9.7642,-0.0172,-0.0043,9.8065,-0.0006,0.0396,-0.0264,-14,-30,34.06,26.76,-87.42,-131.83
52.381252,-1.516303,143.06,9.69,2,177.11,18 / 19,405029,2019-09-06 18:22:51:711,0.0228,0.2167,9.5616,-0.0034,0.0118,9.8066,0.0252,0.029,0.0053,-13.81,-29.25,34.25,27.95,-87.41,-130.64
52.381252,-1.516303,143.06,9.69,2,177.11,18 / 19,405129,2019-09-06 18:22:51:811,-0.62,0.3738,9.9707,-0.004,-0.0074,9.8066,-0.0135,0.0282,-0.036,-14.5,-30.31,33.75,27.72,-87.43,-130.89
52.381252,-1.516303,143.06,9.69,2,177.11,18 / 19,405229,2019-09-06 18:22:51:911,-0.8333,0.2963,9.6925,0.0001,0.0056,9.8066,-0.0421,0.0141,-0.0397,-14.56,-30.06,33.63,27.24,-87.43,-129.93
52.381252,-1.516303,143.06,9.69,2,177.11,18 / 19,405330,2019-09-06 18:22:52:012,-0.4395,0.6742,10.0466,0.0049,-0.0012,9.8066,-0.0023,0.0419,-0.012,-14.12,-30.37,33.75,28.16,-87.47,-130.46
52.381252,-1.516303,143.06,9.69,2,177.11,19 / 20,405429,2019-09-06 18:22:52:111,-0.498,0.3537,9.7392,0.0078,-0.0087,9.8066,0.0253,-0.0058,0.0167,-14.25,-30.75,33.81,26.79,-87.51,-131.8
52.381252,-1.516303,143.06,9.69,2,177.11,19 / 20,405529,2019-09-06 18:22:52:211,-0.3212,0.8877,9.5431,0.0002,0.0032,9.8066,-0.0207,-0.0175,-0.0169,-14,-30.06,33.88,26.69,-87.51,-131.86
52.381252,-1.516303,143.06,9.69,2,177.11,19 / 20,405629,2019-09-06 18:22:52:311,-0.2321,0.8985,9.6009,0.0018,-0.0052,9.8066,-0.0196,0.034,-0.073,-14.25,-30.12,34.31,27.11,-87.51,-131.46
52.381252,-1.516303,143.06,9.69,2,177.11,19 / 20,405729,2019-09-06 18:22:52:411,0.2919,0.837,9.8962,-0.004,0.0114,9.8066,-0.0371,-0.0095,0.0206,-14.19,-30.06,33.88,25.62,-87.64,-132.85
52.381252,-1.516303,143.06,9.69,2,177.11,19 / 20,405828,2019-09-06 18:22:52:510,-0.0546,0.9996,9.6279,-0.0013,0.0108,9.8066,-0.0108,0.0377,-0.009,-14.19,-30.06,33.94,27.79,-87.71,-130.72
52.381252,-1.516303,143.06,9.69,2,177.11,19 / 20,405929,2019-09-06 18:22:52:611,-0.3463,0.8403,9.8568,-0.0019,0.0062,9.8066,0.0192,0.0126,-0.0012,-14.06,-29.87,34,27.29,-87.74,-131.2
52.381252,-1.516303,143.06,9.69,2,177.11,19 / 20,406028,2019-09-06 18:22:52:710,-0.2049,0.9648,9.6392,-0.0003,0.0118,9.8066,0.0272,0.0142,-0.0494,-14.19,-30.44,33.19,26.45,-87.78,-131.4
52.381252,-1.516303,143.06,9.69,2,177.11,19 / 20,406129,2019-09-06 18:22:52:811,0.3436,0.2998,9.6841,0.0073,-0.0013,9.8066,-0.0337,-0.0116,0.0061,-14,-29.62,33.81,24.74,-87.88,-133.62
52.381252,-1.516303,143.06,9.69,2,177.11,19 / 20,406228,2019-09-06 18:22:52:910,-0.2464,0.8901,10.1884,0.0049,-0.0035,9.8066,-0.0399,-0.0134,0.0071,-13.87,-30.56,33.94,25.2,-87.92,-133.18
52.381252,-1.516303,143.06,9.69,2,177.11,19 / 20,406329,2019-09-06 18:22:53:011,-0.102,0.7219,9.7364,-0.0079,0.0164,9.8066,0.0424,0.0147,0.0242,-14,-30.5,34,26.02,-87.94,-132.35
52.381252,-1.516303,143.06,9.69,2,177.11,20 / 20,406429,2019-09-06 18:22:53:111,-0.5913,0.651,9.7287,-0.0052,0.0127,9.8066,0.0154,-0.0139,-0.0168,-13.69,-29.56,34.25,29.05,-87.99,-129.39
52.381252,-1.516303,143.06,9.69,2,177.11,20 / 20,406529,2019-09-06 18:22:53:211,-0.1665,0.8378,10.0122,0.004,0.005,9.8066,0.0303,-0.02,0.0006,-14.37,-30.87,33.94,26.78,-88.04,-131.6
52.381252,-1.516303,143.06,9.69,2,177.11,20 / 20,406628,2019-09-06 18:22:53:310,0.0256,0.7774,9.716,0.0021,0.0023,9.8066,0.0013,0.0175,-0.0319,-13.94,-30.19,32.88,24.83,-88.06,-132.87
52.381252,-1.516303,143.06,9.69,2,177.11,20 / 20,406728,2019-09-06 18:22:53:410,0.01,0.4284,9.7561,-0.0038,0.0022,9.8066,0.0222,-0.0134,0.0332,-14.69,-29.5,34,24.78,-88.07,-132.06
52.381252,-1.516303,143.06,9.69,2,177.11,20 / 20,406829,2019-09-06 18:22:53:511,-0.3994,0.4491,10.0747,-0.0107,-0.0001,9.8066,0.0057,0.025,0.0075,-13.62,-30.06,33.94,28.96,-88.02,-129.46
52.381252,-1.516303,143.06,9.69,2,177.11,20 / 20,406928,2019-09-06 18:22:53:610,-0.2481,0.6141,10.1903,0.0033,-0.0028,9.8066,-0.0153,0.0115,0,-14.31,-30.5,33.69,30.3,-88.07,-128.13
52.381252,-1.516303,143.06,9.69,2,177.11,20 / 20,407029,2019-09-06 18:22:53:711,-0.5669,0.6207,9.7114,0.0018,-0.0074,9.8066,-0.0311,0.0047,-0.0215,-14.44,-30,32.69,28.66,-88.05,-129.14
52.381252,-1.516303,143.06,9.69,2,177.11,20 / 20,407129,2019-09-06 18:22:53:811,0.0295,0.8119,9.4763,-0.0095,0.0097,9.8066,0.0169,0.0067,0.0361,-14.87,-29.75,33.63,29.51,-88.16,-127.43
52.381252,-1.516303,143.06,9.69,2,177.11,20 / 20,407228,2019-09-06 18:22:53:910,-0.0938,0.8035,10.1624,-0.0133,0.0142,9.8066,0.0325,0.0281,0.0248,-14.56,-30.62,34.13,32.42,-88.11,-124.63
52.381252,-1.516303,143.06,9.69,2,177.11,20 / 20,407329,2019-09-06 18:22:54:011,-0.4572,0.3545,9.9443,-0.0016,-0.0064,9.8066,-0.0037,-0.011,-0.0057,-14.31,-30.44,33.13,33.63,-88.08,-124.28
52.381252,-1.516303,143.06,9.69,2,177.11,21 / 21,407428,2019-09-06 18:22:54:110,-0.1203,0.3666,9.8813,-0.0022,-0.0001,9.8065,0.0075,0.0041,-0.0166,-14.37,-29.94,33.69,34.62,-88.04,-123.93
52.381252,-1.516303,143.06,9.69,2,177.11,21 / 21,407529,2019-09-06 18:22:54:211,-0.432,0.6336,9.6394,0.0031,-0.0036,9.8066,-0.0378,0.0016,0.0337,-14.06,-30.31,34.06,35.24,-88.08,-123.3
52.381252,-1.516303,143.06,9.69,2,177.11,21 / 21,407628,2019-09-06 18:22:54:310,-0.3205,0.5297,10.0804,0.0022,-0.0095,9.8066,-0.0073,-0.0061,0.0066,-14.5,-30.37,33.31,35.76,-88.11,-122.19
52.381252,-1.516303,143.06,9.69,2,177.11,21 / 21,407728,2019-09-06 18:22:54:410,-0.2891,0.8381,9.9565,0.0003,-0.0001,9.8066,0.0012,-0.0099,0.011,-14.5,-30.19,33.63,36.36,-88.05,-122.22
52.381252,-1.516303,143.06,9.69,2,177.11,21 / 21,407829,2019-09-06 18:22:54:511,-0.3038,0.5097,9.5662,0.0032,-0.0065,9.8066,0.0116,0.0029,0.0053,-14.75,-29.62,33.94,33.77,-88.03,-123.33
52.381252,-1.516303,143.06,9.69,2,177.11,21 / 21,407929,2019-09-06 18:22:54:611,-0.7143,0.7183,10.1017,0.001,0.0027,9.8066,-0.0239,-0.0016,-0.024,-14.19,-30.19,34.38,36.24,-88.01,-122.36
52.381252,-1.516303,143.06,9.69,2,177.11,21 / 21,408028,2019-09-06 18:22:54:710,-0.1955,0.8194,10.0241,0.0035,0.0007,9.8066,-0.0092,0.0061,-0.0119,-14.87,-30.44,34,34.16,-88.07,-122.92
52.381252,-1.516303,143.06,9.69,2,177.11,21 / 21,408128,2019-09-06 18:22:54:810,-0.0252,0.7141,9.7219,-0.0032,-0.0049,9.8066,0.0065,0.0053,-0.006,-14.87,-29.87,33.13,32.99,-88.04,-123.46
52.381252,-1.516303,143.06,9.69,2,177.11,21 / 21,408228,2019-09-06 18:22:54:910,-0.1571,0.721,10.1894,0.003,-0.0014,9.8065,-0.0074,0.0039,0.0019,-14.44,-29.56,33.88,34.98,-88.02,-123.58
52.381252,-1.516303,143.06,9.69,2,177.11,21 / 21,408329,2019-09-06 18:22:55:011,-0.4645,0.3294,9.9801,-0.0037,0.0003,9.8066,-0.0218,0.0141,-0.0186,-13.94,-29.5,34.69,36.61,-88.1,-122.48
52.381252,-1.516303,143.06,9.69,2,177.11,19 / 20,408429,2019-09-06 18:22:55:111,-0.2552,0.7108,10.1696,0.0061,-0.0098,9.8065,-0.0309,-0.0093,0.0025,-14.06,-30.19,34.38,36.1,-88.09,-122.45
52.381252,-1.516303,143.06,9.69,2,177.11,19 / 20,408528,2019-09-06 18:22:55:210,-0.2702,0.7319,9.8457,0.0017,0.0066,9.8066,0.0181,0.0033,-0.0218,-14.5,-29.62,34,35.78,-88.16,-122.73
52.381252,-1.516303,143.06,9.69,2,177.11,19 / 20,408629,2019-09-06 18:22:55:311,-0.3573,0.5693,9.6572,-0.0016,0.0078,9.8066,0.0103,-0.0034,-0.0099,-14.62,-29.37,34.38,33.94,-88.19,-123.05
52.381252,-1.516303,143.06,9.69,2,177.11,19 / 20,408729,2019-09-06 18:22:55:411,-0.211,0.7482,9.9135,0.0018,0.002,9.8066,0.0149,-0.0103,0.0217,-14.5,-29.44,34.56,35.42,-88.22,-123.59
52.381252,-1.516303,143.06,9.69,2,177.11,19 / 20,408828,2019-09-06 18:22:55:510,-0.1878,0.1844,9.7179,-0.0059,0.0024,9.8066,0.0093,-0.0052,0.0072,-14.44,-29.75,34.31,36.55,-88.2,-121.95
52.381252,-1.516303,143.06,9.69,2,177.11,19 / 20,408929,2019-09-06 18:22:55:611,-0.11,0.3321,9.5975,-0.0015,0.0013,9.8066,-0.0141,0.0009,0.0025,-14.06,-29.81,34,38.37,-88.19,-120.18
52.381252,-1.516303,143.06,9.69,2,177.11,19 / 20,409029,2019-09-06 18:22:55:711,-0.1836,0.507,10.2459,-0.0053,0.001,9.8066,0.0311,0.0056,0.0293,-14.5,-30.25,33.81,39.9,-88.17,-118.7
52.381252,-1.516303,143.06,9.69,2,177.11,19 / 20,409129,2019-09-06 18:22:55:811,-0.417,0.6651,10.1492,-0.0013,0.0015,9.8066,-0.004,0.0054,-0.0174,-14.81,-29.25,34.25,40.87,-88.15,-116.28
52.381252,-1.516303,143.06,9.69,2,177.11,19 / 20,409229,2019-09-06 18:22:55:911,-0.4837,0.8902,10.1009,-0.0007,0.0009,9.8066,-0.0242,-0.0049,0.0064,-13.56,-29.37,33.44,42.23,-88.16,-115.8
52.381252,-1.516303,143.06,9.69,2,177.11,19 / 20,409329,2019-09-06 18:22:56:011,0.1562,0.1645,9.7477,0.0004,0.0035,9.8066,0.015,0.0136,-0.0122,-14.37,-29.56,34.38,43.56,-88.19,-115.09
52.381252,-1.516303,143.06,9.69,2,177.11,21 / 22,409429,2019-09-06 18:22:56:111,-0.1752,0.3772,9.7175,-0.0032,0.0017,9.8066,0.0041,0.0169,-0.0093,-14.62,-30.56,34.75,43.61,-88.2,-114.22
52.381252,-1.516303,143.06,9.69,2,177.11,21 / 22,409528,2019-09-06 18:22:56:210,-0.1381,0.5305,9.9182,-0.0018,-0.0029,9.8066,-0.0089,0.0044,0.0135,-13.81,-29.94,33.81,46.29,-88.24,-112.38
52.381252,-1.516303,143.06,9.69,2,177.11,21 / 22,409628,2019-09-06 18:22:56:310,-0.228,0.4262,9.6941,0.0008,0.0019,9.8066,0.0036,-0.0077,-0.0037,-14.25,-29.12,33.56,47.81,-88.24,-110.86
52.381252,-1.516303,143.06,9.69,2,177.11,21 / 22,409729,2019-09-06 18:22:56:411,-0.1666,0.2982,9.8773,0,-0.003,9.8066,0.0037,0.0038,0.0067,-14,-29.25,34.06,47.84,-88.22,-110.83
52.381252,-1.516303,143.06,9.69,2,177.11,21 / 22,409828,2019-09-06 18:22:56:510,-0.4008,0.0362,10.0125,0.0005,-0.0025,9.8066,-0.0037,-0.0173,0.009,-14.37,-29.31,34.44,47.78,-88.21,-110.9
52.381252,-1.516303,143.06,9.69,2,177.11,21 / 22,409928,2019-09-06 18:22:56:610,-0.0241,0.311,9.8322,0.0041,0.0024,9.8066,0.008,0.0031,-0.0072,-14.25,-29.94,34,47.73,-88.24,-110.96
52.381252,-1.516303,143.06,9.69,2,177.11,21 / 22,410029,2019-09-06 18:22:56:711,-0.0693,0.2528,10.1268,-0.0029,0.0013,9.8066,0.0041,-0.0007,0.013,-14.44,-30.19,34.38,47.97,-88.24,-110.73
52.381252,-1.516303,143.06,9.69,2,177.11,21 / 22,410129,2019-09-06 18:22:56:811,0.1345,0.3035,9.7962,-0.0036,0.0041,9.8066,0.018,0.0257,-0.0025,-14.12,-30,34.19,48.55,-88.23,-110.17
52.381252,-1.516303,143.06,9.69,2,177.11,21 / 22,410228,2019-09-06 18:22:56:910,-0.1629,-0.0026,9.5856,-0.0031,0.0027,9.8066,0.0131,-0.0056,0.0328,-14.31,-29.25,33.5,49.62,-88.2,-109.1
52.381252,-1.516303,143.06,9.69,2,177.11,21 / 22,410329,2019-09-06 18:22:57:011,-0.2614,0.2602,9.671,-0.0051,0.0019,9.8065,0.001,-0.0055,-0.0068,-14.12,-29.81,34,51.1,-88.14,-107.72
52.380745,-1.516204,141.17,2.82,2,172.6,18 / 20,410428,2019-09-06 18:22:57:110,-0.0705,-0.0296,9.9164,-0.0009,0.0018,9.8066,0.0088,-0.0133,-0.0123,-14.25,-29.31,34.38,51.27,-88.14,-107.51
52.380745,-1.516204,141.17,2.82,2,172.6,18 / 20,410529,2019-09-06 18:22:57:211,-0.2924,0.3751,10.0681,0.0029,-0.001,9.8066,0.0207,-0.0014,-0.011,-13.75,-29.31,34.38,50.7,-88.15,-108.06
52.380745,-1.516204,141.17,2.82,2,172.6,18 / 20,410628,2019-09-06 18:22:57:310,-0.0797,0.3893,9.9886,0.0048,-0.001,9.8066,0.0299,-0.0025,0,-14.44,-29.44,35.13,49.96,-88.2,-109.31
52.380745,-1.516204,141.17,2.82,2,172.6,18 / 20,410729,2019-09-06 18:22:57:411,0.0934,-0.0528,9.7992,0.0028,-0.0016,9.8066,0.0017,-0.0018,-0.0029,-14.19,-30.19,34.38,48.02,-88.24,-110.68
52.380745,-1.516204,141.17,2.82,2,172.6,18 / 20,410828,2019-09-06 18:22:57:510,0.109,-0.1607,9.754,0.0009,0.0037,9.8066,0.0059,0.0008,0.001,-14.06,-30.12,34.13,48.55,-88.29,-110.14
52.380745,-1.516204,141.17,2.82,2,172.6,18 / 20,410928,2019-09-06 18:22:57:610,0.1088,-0.1036,9.8421,-0.0046,0.002,9.8066,0.0075,-0.015,0.0132,-14.56,-29.62,34.13,48.43,-88.28,-108.82
52.380745,-1.516204,141.17,2.82,2,172.6,18 / 20,411029,2019-09-06 18:22:57:711,-0.0119,-0.2737,9.9748,-0.0044,0.0025,9.8066,-0.0196,-0.0042,-0.0075,-14.06,-29.44,33.81,52.99,-88.22,-105.77
52.380745,-1.516204,141.17,2.82,2,172.6,18 / 20,411128,2019-09-06 18:22:57:810,-0.0448,-0.2056,10.1338,-0.0019,0.0077,9.8066,0.0147,-0.0002,0.0129,-13.87,-29.44,34.13,55.19,-88.25,-103.58
52.380745,-1.516204,141.17,2.82,2,172.6,18 / 20,411228,2019-09-06 18:22:57:910,-0.1701,0.1041,9.9543,0.0021,-0.0039,9.8066,-0.0121,-0.0016,-0.0045,-14,-29.25,34.31,56.54,-88.23,-102.26
52.380745,-1.516204,141.17,2.82,2,172.6,18 / 20,411328,2019-09-06 18:22:58:010,-0.216,0.1672,9.663,0.0026,0.0014,9.8066,-0.0028,-0.0132,0.0017,-14.06,-29.37,34.44,56.48,-88.24,-102.31
52.380745,-1.516204,141.17,2.82,2,172.6,18 / 19,411428,2019-09-06 18:22:58:110,0.238,-0.2274,9.903,0.0027,0.0021,9.8066,0.0195,-0.0035,-0.0132,-14.12,-29.87,33.69,57.5,-88.29,-101.31
52.380745,-1.516204,141.17,2.82,2,172.6,18 / 19,411529,2019-09-06 18:22:58:211,0.0517,0.1234,10.2252,0.0009,-0.0007,9.8066,-0.004,0.0031,0.007,-14,-30,33.75,57.25,-88.29,-101.56
52.380745,-1.516204,141.17,2.82,2,172.6,18 / 19,411628,2019-09-06 18:22:58:310,0.0696,0.0145,9.9329,-0.0031,-0.0013,9.8066,-0.0144,-0.0065,0.0175,-13.69,-30,33.81,59.01,-88.27,-99.83
52.380745,-1.516204,141.17,2.82,2,172.6,18 / 19,411729,2019-09-06 18:22:58:411,-0.1291,-0.3251,9.5747,-0.0088,-0.0003,9.8066,-0.0105,-0.0149,0.001,-14.19,-30.12,33.88,60.54,-88.2,-98.37
52.380745,-1.516204,141.17,2.82,2,172.6,18 / 19,411828,2019-09-06 18:22:58:510,0.2089,-0.2596,9.6975,-0.0049,0.0084,9.8066,0.004,0.0021,0.0278,-13.81,-29.75,34.13,62.72,-88.14,-96.26
52.380745,-1.516204,141.17,2.82,2,172.6,18 / 19,411929,2019-09-06 18:22:58:611,0.147,0.0069,10.1581,-0.0089,-0.0009,9.8066,-0.0168,0.0159,0.0264,-14.56,-29.94,34.44,64.74,-88.05,-92.89
52.380745,-1.516204,141.17,2.82,2,172.6,18 / 19,412029,2019-09-06 18:22:58:711,-0.1321,-0.5278,10.144,-0.0037,-0.0012,9.8066,0.0157,-0.0001,-0.0129,-13.69,-29.31,34.5,67.19,-87.93,-92.49
52.380745,-1.516204,141.17,2.82,2,172.6,18 / 19,412129,2019-09-06 18:22:58:811,-0.0809,-0.1349,9.9213,0.0049,0.0099,9.8066,0.0132,0.006,-0.0236,-13.94,-29.62,34.31,67.11,-87.99,-92.03
52.380745,-1.516204,141.17,2.82,2,172.6,18 / 19,412228,2019-09-06 18:22:58:910,0.0472,-0.1501,9.9905,0.0097,0.0021,9.8066,-0.024,0.0096,-0.0114,-14.62,-30.5,34.06,65.95,-88.13,-91.63
52.380745,-1.516204,141.17,2.82,2,172.6,18 / 19,412329,2019-09-06 18:22:59:011,0.2181,0.3647,9.9593,0.0092,0.0035,9.8066,-0.0228,0.0098,-0.0261,-14.69,-29.81,34.06,67.46,-88.26,-90.04
52.380745,-1.516204,141.17,2.82,2,172.6,20 / 20,412429,2019-09-06 18:22:59:111,0.1626,-0.0401,9.7976,-0.0008,0.0035,9.8066,0.0176,0.0107,-0.0132,-13.75,-30.06,33.69,70.21,-88.33,-88.7
52.380745,-1.516204,141.17,2.82,2,172.6,20 / 20,412528,2019-09-06 18:22:59:210,-0.0465,-0.086,9.9445,-0.0007,0.0038,9.8066,0.0231,0.0057,-0.0019,-13.94,-30,33.69,71.85,-88.35,-87.06
52.380745,-1.516204,141.17,2.82,2,172.6,20 / 20,412628,2019-09-06 18:22:59:310,-0.0536,0.0351,9.8588,0.0002,-0.0041,9.8066,0.0069,0.008,0.0119,-14.56,-29.62,33.69,69.6,-88.35,-87.85
52.380745,-1.516204,141.17,2.82,2,172.6,20 / 20,412729,2019-09-06 18:22:59:411,0.0508,-0.0948,9.9188,0.0014,-0.0029,9.8066,0.0082,0.0013,-0.0073,-14.44,-29.69,33.75,70.46,-88.34,-88.44
52.380745,-1.516204,141.17,2.82,2,172.6,20 / 20,412828,2019-09-06 18:22:59:510,0.1077,-0.1098,9.9021,-0.0009,-0.001,9.8066,-0.0084,-0.0125,0.0131,-13.87,-29.94,33.75,70.62,-88.34,-88.29
52.380745,-1.516204,141.17,2.82,2,172.6,20 / 20,412928,2019-09-06 18:22:59:610,0.0191,0.0399,9.7599,-0.0061,-0.0013,9.8066,0.0168,0.0006,0.0106,-14.25,-29.75,34.56,71.35,-88.28,-88.15
52.380745,-1.516204,141.17,2.82,2,172.6,20 / 20,413028,2019-09-06 18:22:59:710,-0.1431,0.0517,9.6637,-0.0015,-0.0033,9.8066,-0.0033,-0.0041,-0.0073,-14.31,-29.75,33.88,69.89,-88.24,-89.08
52.380745,-1.516204,141.17,2.82,2,172.6,20 / 20,413128,2019-09-06 18:22:59:810,0.0386,0.0481,9.9078,0.0027,-0.0026,9.8066,-0.0007,-0.0202,0.0209,-14.12,-29.62,34.06,68.67,-88.23,-90.3
52.380745,-1.516204,141.17,2.82,2,172.6,20 / 20,413229,2019-09-06 18:22:59:911,-0.0654,-0.1765,10.1177,-0.0011,-0.003,9.8066,0.0217,-0.0199,-0.0101,-13.87,-30.31,33.88,67.69,-88.18,-91.31
52.380745,-1.516204,141.17,2.82,2,172.6,20 / 20,413329,2019-09-06 18:23:00:011,-0.051,-0.0897,9.9591,0.0053,0.0056,9.8066,0.001,0.0125,-0.0102,-14.06,-29.25,33.81,67.62,-88.23,-91.3
52.380745,-1.516204,141.17,2.82,2,172.6,18 / 19,413428,2019-09-06 18:23:00:110,-0.0111,0.0256,9.9956,0.007,-0.0024,9.8066,0.0175,0.0043,-0.0113,-14.37,-30.19,33.81,66.36,-88.34,-92.51
52.380745,-1.516204,141.17,2.82,2,172.6,18 / 19,413528,2019-09-06 18:23:00:210,0.167,-0.0985,9.8279,0.0089,-0.0042,9.8066,-0.0087,-0.0194,-0.0109,-14.06,-29.94,33.5,64.59,-88.42,-94.21
52.380745,-1.516204,141.17,2.82,2,172.6,18 / 19,413629,2019-09-06 18:23:00:311,-0.0563,0.1603,9.9189,0.0018,0.0019,9.8066,-0.0265,0.0068,0.0057,-14,-29.37,34.25,63.44,-88.47,-95.27
52.380745,-1.516204,141.17,2.82,2,172.6,18 / 19,413729,2019-09-06 18:23:00:411,0.1526,0.0317,10.0798,0.0012,0.0049,9.8066,0.0072,0.0013,-0.0126,-14.06,-29.37,34.13,64.09,-88.53,-94.58
52.380745,-1.516204,141.17,2.82,2,172.6,18 / 19,413828,2019-09-06 18:23:00:510,-0.1373,0.0939,10.0359,-0.0004,-0.0033,9.8066,0.0082,-0.0101,0.0012,-13.94,-29.56,34.19,64.25,-88.54,-94.44
52.380745,-1.516204,141.17,2.82,2,172.6,18 / 19,413930,2019-09-06 18:23:00:612,-0.0075,-0.0551,9.8088,0.0026,-0.0021,9.8066,-0.0087,0.0134,0.0006,-13.56,-29.31,34.5,64.71,-88.55,-94.5
52.380745,-1.516204,141.17,2.82,2,172.6,18 / 19,414029,2019-09-06 18:23:00:711,0.0716,0.1698,9.9233,-0.0015,0.0035,9.8066,-0.0071,0.0069,0.0025,-13.94,-28.94,34.31,65.75,-88.57,-92.91
52.380745,-1.516204,141.17,2.82,2,172.6,18 / 19,414129,2019-09-06 18:23:00:811,0.0847,0.2073,9.9251,-0.0007,0.0026,9.8066,0.0016,0.0003,-0.0019,-13.69,-29.44,34.31,66.43,-88.58,-92.22
52.380745,-1.516204,141.17,2.82,2,172.6,18 / 19,414229,2019-09-06 18:23:00:911,-0.1569,0.374,10.0259,-0.0028,-0.0018,9.8066,-0.0007,-0.011,0.0109,-13.87,-29.19,34.75,68.39,-88.59,-90.83
52.380745,-1.516204,141.17,2.82,2,172.6,18 / 19,414329,2019-09-06 18:23:01:011,-0.2864,0.391,9.9111,-0.0008,-0.0001,9.8066,0.0162,0.0052,-0.0015,-13.69,-29.94,34.69,68.47,-88.55,-90.81
52.380745,-1.516204,141.17,2.82,2,172.6,19 / 19,414429,2019-09-06 18:23:01:111,-0.1004,0.1976,9.8387,-0.003,0.0013,9.8066,0.02,0.0078,0.0054,-14.06,-29.25,34.5,69.64,-88.52,-89.64
52.380745,-1.516204,141.17,2.82,2,172.6,19 / 19,414529,2019-09-06 18:23:01:211,0.0267,0.1073,9.9164,-0.0022,0.0043,9.8066,-0.0194,-0.0254,-0.0062,-13.87,-30.37,34.56,71.1,-88.52,-88.22
52.380745,-1.516204,141.17,2.82,2,172.6,19 / 19,414628,2019-09-06 18:23:01:310,-0.1395,0.1259,10.0306,-0.0004,-0.0021,9.8066,-0.0136,-0.0172,-0.0163,-14.19,-30.06,34,70.99,-88.52,-87.78
52.380745,-1.516204,141.17,2.82,2,172.6,19 / 19,414729,2019-09-06 18:23:01:411,-0.1354,0.152,9.8675,0.0025,0.0022,9.8066,0.0014,-0.0063,0.0102,-14.25,-29.94,33.81,71.56,-88.54,-87.2
52.380745,-1.516204,141.17,2.82,2,172.6,19 / 19,414829,2019-09-06 18:23:01:511,-0.1095,0.1909,9.9591,0.0005,0.0016,9.8066,-0.0011,0.0158,0.0057,-14.06,-29.56,33.81,71.75,-88.53,-87.01
52.380745,-1.516204,141.17,2.82,2,172.6,19 / 19,414928,2019-09-06 18:23:01:610,-0.0631,0.1058,9.9341,0.0018,0.0028,9.8066,0.0076,0.0012,-0.012,-14,-29.62,33.63,72.14,-88.56,-86.6
52.380745,-1.516204,141.17,2.82,2,172.6,19 / 19,415029,2019-09-06 18:23:01:711,-0.0358,0.1045,9.909,0.0003,-0.0021,9.8066,0.009,-0.0071,-0.0062,-13.56,-29.62,33.81,71.97,-88.56,-86.78
52.380745,-1.516204,141.17,2.82,2,172.6,19 / 19,415129,2019-09-06 18:23:01:811,-0.0681,0.083,9.8549,0.0002,0.0011,9.8066,-0.0096,-0.0174,-0.0013,-13.87,-29.5,33.5,72.91,-88.56,-85.8
52.380745,-1.516204,141.17,2.82,2,172.6,19 / 19,415229,2019-09-06 18:23:01:911,-0.0454,0.044,9.8102,-0.0011,0,9.8066,0.0095,0.0115,0.0042,-14,-29.56,34,72.89,-88.55,-85.86
52.380745,-1.516204,141.17,2.82,2,172.6,19 / 19,415329,2019-09-06 18:23:02:011,-0.141,0.1213,9.8695,-0.0012,0.0004,9.8066,0.0148,-0.0019,0.0155,-13.69,-29,33.81,72.92,-88.54,-85.8
52.380745,-1.516204,141.17,2.82,2,172.6,21 / 21,415429,2019-09-06 18:23:02:111,-0.0249,0.1488,9.8985,0.001,0.0021,9.8066,-0.0024,0.0084,-0.0143,-14.31,-29.62,34,73.25,-88.55,-85.5
52.380745,-1.516204,141.17,2.82,2,172.6,21 / 21,415529,2019-09-06 18:23:02:211,0.0037,-0.0248,9.8257,0.0001,0.0003,9.8066,-0.0101,-0.0093,-0.0108,-14.12,-28.5,34.13,73.65,-88.56,-85.03
52.380745,-1.516204,141.17,2.82,2,172.6,21 / 21,415628,2019-09-06 18:23:02:310,-0.0219,0.2409,9.9713,-0.0001,-0.0019,9.8066,-0.0003,0,0.0055,-13.62,-28.87,33.13,72.24,-88.56,-85.89
52.380745,-1.516204,141.17,2.82,2,172.6,21 / 21,415729,2019-09-06 18:23:02:411,-0.0388,0.202,9.8538,-0.0002,0.0027,9.8066,0.0128,0.0067,0.0062,-13.87,-29.56,34.38,73.04,-88.56,-85.71
52.380745,-1.516204,141.17,2.82,2,172.6,21 / 21,415828,2019-09-06 18:23:02:510,-0.0383,0.1221,9.8995,0.0001,-0.0001,9.8066,0.0058,0.0001,-0.0007,-14.19,-29.37,34.44,72.45,-88.57,-86.25
52.380745,-1.516204,141.17,2.82,2,172.6,21 / 21,415929,2019-09-06 18:23:02:611,-0.0006,0.1061,10.047,0.0007,0.0009,9.8066,-0.0139,-0.0091,-0.0164,-14.5,-28.94,34.06,72.58,-88.58,-86.12
52.380745,-1.516204,141.17,2.82,2,172.6,21 / 21,416029,2019-09-06 18:23:02:711,-0.0307,0.2076,10.0154,-0.0006,-0.0014,9.8066,-0.01,-0.0014,-0.0035,-13.94,-29.37,34.38,72.65,-88.59,-86.04
52.380745,-1.516204,141.17,2.82,2,172.6,21 / 21,416130,2019-09-06 18:23:02:812,0.0517,-0.257,9.849,-0.0009,-0.0021,9.8066,0.0039,0.014,0.0205,-14.06,-28.87,34,71.33,-88.56,-87.37
52.380745,-1.516204,141.17,2.82,2,172.6,21 / 21,416229,2019-09-06 18:23:02:911,0.0407,-0.2047,9.8691,0.0003,0.0002,9.8066,0.0109,0.0036,0.0056,-14.31,-28.69,34,71.22,-88.57,-87.48
52.380745,-1.516204,141.17,2.82,2,172.6,21 / 21,416330,2019-09-06 18:23:03:012,-0.1111,0.1048,9.9064,0.0006,0.0003,9.8066,-0.0154,-0.0097,-0.014,-13.94,-29.44,34,71.53,-88.57,-87.17
52.380745,-1.516204,141.17,2.82,2,172.6,21 / 21,416428,2019-09-06 18:23:03:110,0.0891,-0.229,9.851,-0.003,0.004,9.8066,-0.0197,0.0059,-0.0009,-14.12,-29.5,34.44,72.1,-88.55,-86.61
52.380745,-1.516204,141.17,2.82,2,172.6,21 / 21,416529,2019-09-06 18:23:03:211,0.027,-0.1051,9.8303,-0.0009,0.0006,9.8066,0.0037,0.0069,0.0091,-13.87,-29.06,33.94,72.19,-88.54,-86.54
52.380745,-1.516204,141.17,2.82,2,172.6,21 / 21,416629,2019-09-06 18:23:03:311,0.0436,-0.354,9.8364,0.0001,0.0013,9.8066,0.011,-0.0081,0.0065,-13.5,-29.31,34.38,73.06,-88.54,-87.14
52.380745,-1.516204,141.17,2.82,2,172.6,21 / 21,416729,2019-09-06 18:23:03:411,0.3059,-0.825,9.6759,-0.0013,0.0027,9.8066,-0.0059,-0.0191,-0.0114,-13.94,-29.06,33.94,71.71,-88.55,-87.01
52.380745,-1.516204,141.17,2.82,2,172.6,21 / 21,416829,2019-09-06 18:23:03:511,0.1582,-0.2883,9.9028,0.0004,-0.0023,9.8066,0.0092,0.0058,0.0023,-13.5,-29.5,33.81,71.63,-88.53,-88.57
52.380745,-1.516204,141.17,2.82,2,172.6,21 / 21,416928,2019-09-06 18:23:03:610,0.0756,-0.1221,9.9987,0.0007,-0.0001,9.8066,0.0011,0.0035,0.0138,-13.94,-28.56,34,69.85,-88.53,-88.86
52.380745,-1.516204,141.17,2.82,2,172.6,21 / 21,417029,2019-09-06 18:23:03:711,0.2632,-0.3924,9.9644,-0.0011,0.0031,9.8066,-0.0083,0.0003,-0.011,-13.56,-29.06,34.19,71.11,-88.53,-87.61
52.380745,-1.516204,141.17,2.82,2,172.6,21 / 21,417129,2019-09-06 18:23:03:811,0.0774,-0.2854,9.8818,-0.0006,0.0002,9.8066,-0.015,-0.0119,-0.0095,-13.62,-29.25,34.88,71.95,-88.52,-87.33
52.380745,-1.516204,141.17,2.82,2,172.6,21 / 21,417229,2019-09-06 18:23:03:911,0.1082,-0.2499,9.9182,-0.0006,0.0006,9.8066,0.0071,0.0115,0.0101,-14,-29.25,34.25,70.91,-88.5,-87.84
52.380745,-1.516204,141.17,2.82,2,172.6,21 / 21,417329,2019-09-06 18:23:04:011,0.2077,-0.4705,9.9231,0.0002,0,9.8066,0.0116,-0.0005,0.008,-13.56,-29.44,34.63,71.46,-88.49,-87.84
52.380745,-1.516204,141.17,2.82,2,172.6,19 / 19,417428,2019-09-06 18:23:04:110,0.1276,-0.4813,9.7425,-0.0009,0.001,9.8066,-0.0019,-0.0037,-0.0083,-13.94,-29.19,34.06,71.04,-88.5,-87.7
52.380745,-1.516204,141.17,2.82,2,172.6,19 / 19,417529,2019-09-06 18:23:04:211,0.1376,-0.3955,9.784,-0.0008,0.0001,9.8066,0.0011,-0.0151,-0.0066,-14.56,-29.5,34.19,69.88,-88.49,-87.42
52.380745,-1.516204,141.17,2.82,2,172.6,19 / 19,417628,2019-09-06 18:23:04:310,0.2622,-0.6012,9.7658,-0.0008,-0.0015,9.8066,0.0134,0.0177,0.0121,-13.69,-29.37,34.06,69.99,-88.47,-88.77
52.380745,-1.516204,141.17,2.82,2,172.6,19 / 19,417729,2019-09-06 18:23:04:411,0.1518,-0.2831,9.8541,0.0004,0,9.8066,0.0011,-0.0053,-0.0026,-13.75,-29.12,34.19,69.63,-88.47,-89.12
52.380745,-1.516204,141.17,2.82,2,172.6,19 / 19,417829,2019-09-06 18:23:04:511,0.2186,-0.4057,9.8728,-0.0002,-0.0002,9.8066,-0.0055,-0.0045,-0.0158,-14.12,-29.12,34.13,69.52,-88.49,-89.23
52.380745,-1.516204,141.17,2.82,2,172.6,19 / 19,417929,2019-09-06 18:23:04:611,0.2741,-0.5532,9.8018,-0.0015,0.0004,9.8066,-0.0146,-0.0075,0.0021,-13.69,-28.81,34.75,70.54,-88.48,-88.77
52.380745,-1.516204,141.17,2.82,2,172.6,19 / 19,418029,2019-09-06 18:23:04:711,0.0527,-0.0738,10.0085,-0.0021,0.0023,9.8066,0.0171,0.0131,0.0181,-14,-29.37,34.13,70.03,-88.46,-88.74
52.380745,-1.516204,141.17,2.82,2,172.6,19 / 19,418128,2019-09-06 18:23:04:810,0.2595,-0.5082,9.8966,0.0011,0.002,9.8066,-0.0108,-0.0133,-0.01,-14.44,-29.31,34.06,70.1,-88.47,-88.67
52.380745,-1.516204,141.17,2.82,2,172.6,19 / 19,418228,2019-09-06 18:23:04:910,0.2165,-0.3003,9.9264,-0.0008,-0.0008,9.8066,-0.01,-0.008,-0.0165,-13.94,-29.25,33.94,69.74,-88.48,-89.01
52.380745,-1.516204,141.17,2.82,2,172.6,19 / 19,418329,2019-09-06 18:23:05:011,0.0756,-0.2984,9.8535,-0.0012,-0.0013,9.8066,0.0045,0.006,0.0122,-14.37,-29.5,33.81,69.4,-88.45,-89.37
52.380745,-1.516204,141.17,2.82,2,172.6,18 / 20,418428,2019-09-06 18:23:05:110,0.0976,-0.1143,9.9623,0.0004,0.0003,9.8066,0.0193,0.0049,0.0017,-14.81,-29.37,33.94,67.21,-88.45,-90.11
52.380745,-1.516204,141.17,2.82,2,172.6,18 / 20,418528,2019-09-06 18:23:05:210,0.1633,-0.2913,10.0033,0.0003,0.0019,9.8066,-0.0152,-0.0178,-0.0151,-14,-29.19,33.69,68.52,-88.46,-90.24
52.380745,-1.516204,141.17,2.82,2,172.6,18 / 20,418628,2019-09-06 18:23:05:310,0.3,-0.4284,9.9294,-0.001,-0.0012,9.8066,-0.0074,-0.0084,-0.0056,-13.62,-29.19,34.31,68.1,-88.45,-90.67
52.380745,-1.516204,141.17,2.82,2,172.6,18 / 20,418729,2019-09-06 18:23:05:411,-0.0032,-0.3271,9.8033,-0.0011,-0.0015,9.8066,0.0165,0.0055,0.0222,-13.94,-29.81,34.5,68.1,-88.43,-91.26
52.380745,-1.516204,141.17,2.82,2,172.6,18 / 20,418828,2019-09-06 18:23:05:510,0.235,-0.4859,9.8514,0.0001,0.0011,9.8066,-0.0031,-0.0009,-0.0021,-13.75,-29.12,34.06,67.2,-88.44,-91.57
52.380745,-1.516204,141.17,2.82,2,172.6,18 / 20,418929,2019-09-06 18:23:05:611,0.1967,-0.507,9.8491,0,0.0012,9.8066,-0.0071,-0.0086,-0.0123,-14.12,-29.56,34.56,67.75,-88.45,-91.6
52.380745,-1.516204,141.17,2.82,2,172.6,18 / 20,419030,2019-09-06 18:23:05:712,0.1177,-0.3422,9.7826,0.0004,-0.0018,9.8066,0.0077,0.0069,0.008,-14.25,-28.56,34.38,67.03,-88.44,-91.74
52.380745,-1.516204,141.17,2.82,2,172.6,18 / 20,419130,2019-09-06 18:23:05:812,0.2426,-0.6154,9.7224,-0.0002,-0.0005,9.8066,0.0105,0.0035,0.0188,-14.56,-29.25,34.44,65.14,-88.43,-92.18
52.380745,-1.516204,141.17,2.82,2,172.6,18 / 20,419229,2019-09-06 18:23:05:911,0.31,-0.5849,9.6974,-0.0001,0.0018,9.8066,0.0002,-0.0029,-0.0073,-14.19,-28.94,33.69,66.26,-88.44,-92.49
52.380745,-1.516204,141.17,2.82,2,172.6,18 / 20,419329,2019-09-06 18:23:06:011,0.0899,-0.3477,9.801,-0.0008,0.0016,9.8066,-0.0053,-0.0032,-0.0093,-14.31,-29,34.19,66.59,-88.44,-92.17
52.380665,-1.51618,141.01,0,2,171.83,18 / 18,419429,2019-09-06 18:23:06:111,0.2416,-0.5357,9.7545,-0.0001,0.0009,9.8066,-0.0097,-0.0084,0.0053,-13.94,-28.81,34,66.5,-88.44,-92.25
52.380665,-1.51618,141.01,0,2,171.83,18 / 18,419528,2019-09-06 18:23:06:210,0.0685,-0.1823,9.9319,0.0016,-0.0028,9.8066,0.0045,0.0053,0.013,-13.81,-29,33.81,65.59,-88.45,-93.15
52.380665,-1.51618,141.01,0,2,171.83,18 / 18,419628,2019-09-06 18:23:06:310,0.2664,-0.6497,9.7194,-0.0014,-0.0032,9.8066,-0.0021,-0.012,-0.0051,-14.25,-28.94,34.06,65.26,-88.43,-93.49
52.380665,-1.51618,141.01,0,2,171.83,18 / 18,419729,2019-09-06 18:23:06:411,0.1712,-0.4228,9.7415,-0.0008,0.001,9.8066,0.0005,0.0011,-0.0066,-13.75,-28.75,33.75,64.68,-88.43,-94.07
52.380665,-1.51618,141.01,0,2,171.83,18 / 18,419829,2019-09-06 18:23:06:511,0.0345,-0.3098,9.8292,0.0014,-0.0015,9.8066,-0.0099,-0.002,0.0126,-13.75,-28.94,34,64.19,-88.43,-94.55
52.380665,-1.51618,141.01,0,2,171.83,18 / 18,419929,2019-09-06 18:23:06:611,0.2718,-0.6424,9.7506,-0.0009,-0.0008,9.8066,0.0175,0.0044,0.0016,-13.62,-29.25,33.75,64.53,-88.42,-94.22
52.380665,-1.51618,141.01,0,2,171.83,18 / 18,420029,2019-09-06 18:23:06:711,0.2641,-0.5367,9.6823,-0.0008,-0.0023,9.8066,-0.013,-0.0211,-0.0158,-14.19,-29.12,33.69,63.74,-88.4,-95.02
52.380665,-1.51618,141.01,0,2,171.83,18 / 18,420129,2019-09-06 18:23:06:811,0.0291,-0.2814,9.8199,0.0004,0.0018,9.8066,0.0135,-0.0045,0.007,-13.75,-29.25,34.56,63.57,-88.4,-95.74
52.380665,-1.51618,141.01,0,2,171.83,18 / 18,420229,2019-09-06 18:23:06:911,0.3244,-0.4024,9.9215,0.0015,-0.0006,9.8066,0.0107,-0.0024,0.0117,-13.75,-28.87,33.81,62.61,-88.41,-96.13
52.380665,-1.51618,141.01,0,2,171.83,18 / 18,420328,2019-09-06 18:23:07:010,0.2712,-0.6634,9.7102,-0.0013,-0.0014,9.8066,0.0011,-0.023,-0.021,-14.12,-29.56,34.31,62.14,-88.4,-96.65
52.380665,-1.51618,141.01,0,2,171.83,19 / 19,420429,2019-09-06 18:23:07:111,0.3031,-0.5992,9.6838,0.0005,0.0008,9.8066,-0.0028,-0.0053,-0.0059,-14.19,-28.62,34.56,61.86,-88.38,-97.44
52.380665,-1.51618,141.01,0,2,171.83,19 / 19,420528,2019-09-06 18:23:07:210,0.029,-0.3764,9.745,0.0001,0.0016,9.8066,0.0154,-0.0086,0.0211,-13.94,-28.81,33.81,61.41,-88.4,-97.33
52.380665,-1.51618,141.01,0,2,171.83,19 / 19,420629,2019-09-06 18:23:07:311,0.1917,-0.5712,9.7759,0,-0.0019,9.8066,0.0159,0.0091,0.0047,-13.75,-29,34.38,61.19,-88.39,-97.56
52.380665,-1.51618,141.01,0,2,171.83,19 / 19,420729,2019-09-06 18:23:07:411,0.2551,-0.5386,9.6894,-0.002,-0.0001,9.8066,-0.0065,-0.0213,-0.0183,-14.25,-29.37,33.94,60.56,-88.36,-98.2
52.380665,-1.51618,141.01,0,2,171.83,19 / 19,420829,2019-09-06 18:23:07:511,0.0947,-0.0728,9.9998,0.001,0.0026,9.8066,0.0111,0.0174,0.0167,-14.25,-29.06,33.69,60.39,-88.37,-98.35
52.380665,-1.51618,141.01,0,2,171.83,19 / 19,420930,2019-09-06 18:23:07:612,0.2518,-0.4719,9.8985,-0.0001,-0.0003,9.8066,0.0074,-0.0049,0.0138,-14,-29.44,34.06,60.37,-88.38,-98.37
52.380665,-1.51618,141.01,0,2,171.83,19 / 19,421029,2019-09-06 18:23:07:711,0.1657,-0.2268,9.9211,-0.0018,-0.0011,9.8066,0.0073,-0.0158,-0.0092,-13.87,-29.56,33.63,60.16,-88.36,-98.63
52.380665,-1.51618,141.01,0,2,171.83,19 / 19,421129,2019-09-06 18:23:07:811,0.1739,-0.3894,9.9558,0.0016,-0.0007,9.8066,-0.0118,-0.0011,-0.0063,-13.87,-29,34.06,59.39,-88.35,-99.36
52.380665,-1.51618,141.01,0,2,171.83,19 / 19,421229,2019-09-06 18:23:07:911,0.1933,-0.5424,9.7759,0.0002,0.002,9.8066,0.0158,0.006,0.0148,-14.06,-29.19,34,59.42,-88.37,-99.32
52.380665,-1.51618,141.01,0,2,171.83,19 / 19,421329,2019-09-06 18:23:08:011,0.0642,-0.1951,9.8678,0.0001,-0.0024,9.8066,-0.0004,-0.0027,-0.0033,-13.75,-29.12,33.81,58.87,-88.37,-99.87
52.380665,-1.51618,141.01,0,2,171.83,20 / 21,421429,2019-09-06 18:23:08:111,0.2809,-0.5953,9.7102,-0.0009,-0.0016,9.8066,-0.0224,-0.0144,-0.0213,-14.25,-28.87,34.31,58.3,-88.34,-100.45
52.380665,-1.51618,141.01,0,2,171.83,20 / 21,421529,2019-09-06 18:23:08:211,0.0553,-0.106,9.8444,0.0003,0.0016,9.8066,0.0209,0.0145,0.0144,-14,-28.69,34.56,59.12,-88.35,-100.18
52.380665,-1.51618,141.01,0,2,171.83,20 / 21,421628,2019-09-06 18:23:08:310,0.1864,-0.3865,9.901,0.0004,-0.0009,9.8066,0.0047,0.0042,0.0096,-14.12,-29,34,58.23,-88.36,-100.5
52.380665,-1.51618,141.01,0,2,171.83,20 / 21,421728,2019-09-06 18:23:08:410,0.1666,-0.1763,9.9127,0.0002,-0.0036,9.8066,-0.0179,-0.016,-0.0248,-14.06,-29.25,34.19,56.97,-88.33,-101.76
52.380665,-1.51618,141.01,0,2,171.83,20 / 21,421829,2019-09-06 18:23:08:511,0.1373,-0.1372,10.005,0.0016,-0.0016,9.8066,0.0029,0.0128,0.0066,-13.94,-29.56,33.69,56.88,-88.34,-101.89
52.380665,-1.51618,141.01,0,2,171.83,20 / 21,421929,2019-09-06 18:23:08:611,0.2672,-0.4932,9.8659,0.0002,-0.004,9.8066,0.0002,-0.0061,0.011,-14.56,-29.19,33.88,54.23,-88.34,-103.03
52.380665,-1.51618,141.01,0,2,171.83,20 / 21,422028,2019-09-06 18:23:08:710,-0.0013,-0.2698,9.7908,-0.0005,-0.003,9.8066,-0.0134,-0.008,-0.0225,-14.62,-29.37,33.88,53.95,-88.32,-103.32
52.380665,-1.51618,141.01,0,2,171.83,20 / 21,422129,2019-09-06 18:23:08:811,0.2594,-0.7558,9.6965,0.0014,-0.0009,9.8066,-0.0063,-0.0037,0.0033,-14.12,-29.19,34.81,55.52,-88.32,-103.76
52.380665,-1.51618,141.01,0,2,171.83,20 / 21,422228,2019-09-06 18:23:08:910,0.1969,-0.3531,9.7502,0.0001,-0.0002,9.8066,0.009,0.0115,0.0119,-14.19,-28.87,33.75,54.85,-88.33,-103.86
52.380665,-1.51618,141.01,0,2,171.83,20 / 21,422328,2019-09-06 18:23:09:010,0.2893,-0.3912,9.9453,-0.0007,-0.0036,9.8066,-0.0039,-0.0087,-0.0118,-14.19,-29.56,33.75,53.98,-88.32,-104.76
52.380665,-1.51618,141.01,0,2,171.83,19 / 19,422428,2019-09-06 18:23:09:110,0.316,-0.4213,9.8955,0.0012,-0.0046,9.8066,-0.0199,-0.0103,-0.0135,-14.06,-29.37,34.13,53.06,-88.3,-105.65
52.380665,-1.51618,141.01,0,2,171.83,19 / 19,422529,2019-09-06 18:23:09:211,0.1792,-0.2282,9.8698,0.0003,0.0013,9.8066,0.0208,0.0129,0.0201,-13.94,-29.12,34.13,53.42,-88.33,-105.27
52.380665,-1.51618,141.01,0,2,171.83,19 / 19,422629,2019-09-06 18:23:09:311,0.0957,-0.0644,10.029,-0.0006,-0.0036,9.8066,-0.0084,-0.0112,-0.0064,-14.56,-29.06,34.44,51.28,-88.31,-105.96
52.380665,-1.51618,141.01,0,2,171.83,19 / 19,422729,2019-09-06 18:23:09:411,0.1464,-0.2325,9.9555,-0.001,0.0018,9.8066,0.0146,-0.0004,-0.0039,-14.06,-29.69,33.88,52.48,-88.29,-106.26
52.380665,-1.51618,141.01,0,2,171.83,19 / 19,422829,2019-09-06 18:23:09:511,0.2394,-0.1274,9.9157,0.0023,-0.0022,9.8066,0.0026,0.0134,0.0247,-14.19,-29.25,34.06,51.48,-88.29,-107.21
52.380665,-1.51618,141.01,0,2,171.83,19 / 19,422929,2019-09-06 18:23:09:611,0.0632,-0.0651,10.022,-0.0011,-0.002,9.8066,-0.005,-0.009,-0.0153,-13.81,-28.69,34.38,51.14,-88.26,-107.56
52.380665,-1.51618,141.01,0,2,171.83,19 / 19,423029,2019-09-06 18:23:09:711,0.292,-0.4103,9.8699,0.0001,-0.0003,9.8066,-0.0031,0.0043,-0.013,-13.69,-29.06,34.31,50.74,-88.25,-107.96
52.380665,-1.51618,141.01,0,2,171.83,19 / 19,423129,2019-09-06 18:23:09:811,0.0325,-0.3901,9.7338,0.0005,0.0018,9.8066,0.0247,-0.0034,0.0247,-13.5,-28.37,33.75,51.22,-88.26,-108.91
52.380665,-1.51618,141.01,0,2,171.83,19 / 19,423229,2019-09-06 18:23:09:911,0.2391,-0.591,9.7247,-0.0004,-0.0018,9.8066,-0.0046,0.0024,-0.0116,-13.56,-28.19,34.13,49.29,-88.25,-109.36
52.380665,-1.51618,141.01,0,2,171.83,19 / 19,423329,2019-09-06 18:23:10:011,0.0532,0.0428,10.006,0.0009,-0.0013,9.8066,-0.0191,-0.0116,-0.013,-13.62,-28.19,34.44,48.06,-88.22,-110.58
52.380665,-1.51618,141.01,0,2,171.83,19 / 19,423428,2019-09-06 18:23:10:110,0.2248,-0.2325,9.9598,0.0004,0.0023,9.8066,0.0156,-0.0041,0.0132,-13.94,-29.25,33.94,47.96,-88.23,-110.71
52.380665,-1.51618,141.01,0,2,171.83,19 / 19,423528,2019-09-06 18:23:10:210,0.2425,-0.1628,9.9417,-0.0005,-0.0009,9.8066,0.0051,0.0124,0.0093,-13.94,-28.81,33.75,47.47,-88.23,-111.19
52.380665,-1.51618,141.01,0,2,171.83,19 / 19,423629,2019-09-06 18:23:10:311,0.0265,0.0146,10.0536,-0.002,-0.0023,9.8066,-0.0157,-0.0233,-0.0166,-14.06,-29.06,33.75,47.11,-88.19,-111.57
52.380665,-1.51618,141.01,0,2,171.83,19 / 19,423729,2019-09-06 18:23:10:411,0.2007,-0.4822,9.6992,0.0024,-0.0012,9.8066,-0.0054,0.0159,0.0124,-14.12,-29.44,33.38,46.07,-88.19,-112.01
52.380665,-1.51618,141.01,0,2,171.83,19 / 19,423829,2019-09-06 18:23:10:511,-0.0158,-0.3002,9.7848,0.0005,-0.0004,9.8066,0.0142,0.0065,0.0185,-14,-28.69,34.38,46.54,-88.2,-112.13
52.380665,-1.51618,141.01,0,2,171.83,19 / 19,423928,2019-09-06 18:23:10:610,0.2712,-0.5668,9.7484,-0.0005,-0.0019,9.8066,-0.0103,-0.0247,-0.0174,-13.81,-29.44,34.25,45.42,-88.16,-113.25
52.380665,-1.51618,141.01,0,2,171.83,19 / 19,424029,2019-09-06 18:23:10:711,0.2927,-0.5562,9.701,0.001,0,9.8065,0.0045,0.0143,0.0011,-14.06,-29.12,33.88,45.18,-88.16,-113.49
52.380665,-1.51618,141.01,0,2,171.83,19 / 19,424129,2019-09-06 18:23:10:811,0.0071,-0.0444,9.9541,0.0005,-0.0049,9.8066,-0.0117,-0.0078,0.0051,-14.31,-29.25,34.31,44.92,-88.17,-113.74
52.380665,-1.51618,141.01,0,2,171.83,19 / 19,424229,2019-09-06 18:23:10:911,0.2975,-0.3708,9.897,0.0004,-0.003,9.8066,-0.0097,-0.0083,-0.0226,-14,-29.25,34.5,44.68,-88.14,-114.54
52.380665,-1.51618,141.01,0,2,171.83,19 / 19,424329,2019-09-06 18:23:11:011,0.1599,-0.1422,9.885,0.0025,-0.0015,9.8066,0.0051,-0.0035,0.0158,-14.25,-28.37,35.19,43.56,-88.14,-115.6
52.380665,-1.51618,141.01,0,2,171.83,20 / 20,424428,2019-09-06 18:23:11:110,0.1378,-0.1508,9.9723,0.0008,-0.003,9.8066,0.0038,-0.0007,0.0156,-15.12,-28.75,35.56,42.25,-88.14,-116.07
52.380665,-1.51618,141.01,0,2,171.83,20 / 20,424529,2019-09-06 18:23:11:211,0.2054,-0.4603,9.7621,-0.0014,-0.0047,9.8066,-0.0174,-0.0067,-0.0207,-18.31,-29,35.56,37.84,-88.1,-116.45
52.380665,-1.51618,141.01,0,2,171.83,20 / 20,424628,2019-09-06 18:23:11:310,0.0222,-0.131,9.8809,0.0021,-0.0006,9.8066,-0.0117,-0.0086,-0.001,-17.87,-28.62,32.56,35.32,-88.11,-116.93
52.380665,-1.51618,141.01,0,2,171.83,20 / 20,424728,2019-09-06 18:23:11:410,0.2774,-0.5279,9.7154,-0.0005,0.0014,9.8066,0.031,0.0118,0.0178,-14.44,-28.87,31.06,39.48,-88.12,-117.25
52.380665,-1.51618,141.01,0,2,171.83,20 / 20,424828,2019-09-06 18:23:11:510,0.0207,0.0232,9.9,0.0001,-0.0044,9.8066,-0.0235,-0.0029,-0.0159,-13.06,-29.19,33.13,41.7,-88.09,-117.85
52.380665,-1.51618,141.01,0,2,171.83,20 / 20,424929,2019-09-06 18:23:11:611,0.2281,-0.3247,9.8927,0.0015,0.0007,9.8066,0.002,-0.0002,0.0023,-14.12,-28.69,34.31,40.63,-88.09,-117.99
52.380665,-1.51618,141.01,0,2,171.83,20 / 20,425029,2019-09-06 18:23:11:711,0.0635,-0.0361,9.8848,0.0023,-0.0004,9.8066,0.0232,0.0145,0.0303,-13.31,-29.06,34.25,41.75,-88.11,-118.35
52.380665,-1.51618,141.01,0,2,171.83,20 / 20,425129,2019-09-06 18:23:11:811,0.1383,-0.1834,9.9642,-0.0027,0,9.8066,-0.0106,-0.0261,-0.0265,-13.87,-29.37,33.81,40.08,-88.07,-118.54
52.380665,-1.51618,141.01,0,2,171.83,20 / 20,425229,2019-09-06 18:23:11:911,0.1259,-0.4111,9.6955,0.0009,0.0023,9.8066,0.0035,-0.0077,-0.0012,-13.81,-29.12,34.06,39.48,-88.07,-119.12
52.380665,-1.51618,141.01,0,2,171.83,20 / 20,425329,2019-09-06 18:23:12:011,0.1261,-0.0137,9.9108,0.0011,-0.001,9.8066,0.0098,0.0063,0.0258,-14.31,-29.12,34.25,39.15,-88.08,-119.43
52.380665,-1.51618,141.01,0,2,171.83,20 / 20,425429,2019-09-06 18:23:12:111,0.1738,-0.6785,9.6961,-0.0018,-0.0025,9.8066,-0.0095,-0.0139,-0.0224,-14.44,-29.31,34.06,38.72,-88.05,-119.88
52.380665,-1.51618,141.01,0,2,171.83,20 / 20,425529,2019-09-06 18:23:12:211,0.048,-0.2154,9.7768,0.0028,-0.0008,9.8066,0.0088,0.0109,0.0074,-13.5,-29.06,34.25,39.21,-88.04,-120.86
52.380665,-1.51618,141.01,0,2,171.83,20 / 20,425628,2019-09-06 18:23:12:310,0.1425,-0.345,9.8859,0.0011,-0.0013,9.8066,0.0161,0.0066,0.0216,-13.75,-29.06,33.5,37.06,-88.05,-121.5
52.380665,-1.51618,141.01,0,2,171.83,20 / 20,425731,2019-09-06 18:23:12:413,0.1531,-0.0822,9.8701,0.0003,-0.0033,9.8066,-0.0161,-0.0177,-0.0241,-13.62,-29,33.94,36.15,-88,-122.41
52.380665,-1.51618,141.01,0,2,171.83,20 / 20,425829,2019-09-06 18:23:12:511,0.1321,0.0341,10.0308,0.0027,-0.0014,9.8066,0.0045,-0.0195,-0.0183,-14.12,-29.37,34,35.89,-88.01,-122.67
52.380665,-1.51618,141.01,0,2,171.83,20 / 20,425928,2019-09-06 18:23:12:610,0.1826,-0.4302,9.7767,-0.0008,-0.0043,9.8066,-0.004,-0.0013,-0.0101,-14,-29.06,34,35.65,-88.03,-122.89
52.380665,-1.51618,141.01,0,2,171.83,20 / 20,426029,2019-09-06 18:23:12:711,0.0268,-0.1795,9.9118,-0.0012,-0.0022,9.8066,0.0114,-0.0013,0.0204,-14.06,-29.12,33.94,35.45,-87.98,-123.11
52.380665,-1.51618,141.01,0,2,171.83,20 / 20,426129,2019-09-06 18:23:12:811,0.2332,-0.4986,9.7369,0.0021,-0.0001,9.8066,0.0021,-0.0161,-0.008,-14.5,-29.19,34.56,35.15,-87.98,-123.96
52.380665,-1.51618,141.01,0,2,171.83,20 / 20,426229,2019-09-06 18:23:12:911,0.1707,-0.3924,9.6961,-0.0006,-0.0017,9.8066,0.0003,0.0095,-0.0021,-14.25,-29.19,33.88,34.53,-87.97,-124.02
52.380665,-1.51618,141.01,0,2,171.83,20 / 20,426332,2019-09-06 18:23:13:014,-0.0452,-0.1524,9.8478,0.0004,-0.003,9.8066,0.0071,-0.007,0.0206,-14.12,-29.19,33.63,34.29,-87.94,-124.26
52.380665,-1.51618,141.01,0,2,171.83,19 / 20,426428,2019-09-06 18:23:13:110,0.0792,-0.3515,9.8302,0.0019,-0.0008,9.8066,-0.0136,-0.004,-0.0131,-13.62,-29.06,34.25,33.73,-87.95,-124.81
52.380665,-1.51618,141.01,0,2,171.83,19 / 20,426529,2019-09-06 18:23:13:211,0.0881,-0.2252,9.7948,-0.0007,0.0015,9.8066,-0.0147,0,-0.012,-14.44,-28.87,33.69,33.52,-87.94,-125.01
52.380665,-1.51618,141.01,0,2,171.83,19 / 20,426629,2019-09-06 18:23:13:311,0.0768,0.0763,10.0262,-0.0005,-0.0026,9.8066,0.0206,-0.0063,0.0186,-14.31,-29.12,34.06,33.38,-87.92,-125.16
52.380665,-1.51618,141.01,0,2,171.83,19 / 20,426729,2019-09-06 18:23:13:411,0.2482,-0.1702,9.8953,0.0015,0.0007,9.8066,0.0016,-0.0028,-0.0098,-14.12,-29.19,34.06,32.73,-87.94,-125.79
52.380665,-1.51618,141.01,0,2,171.83,19 / 20,426829,2019-09-06 18:23:13:511,0.036,-0.1481,9.8514,-0.0001,0.001,9.8066,-0.0173,0.0007,0.0003,-14.56,-29.56,34,31.42,-87.95,-125.65
52.380665,-1.51618,141.01,0,2,171.83,19 / 20,426928,2019-09-06 18:23:13:610,0.2449,-0.4317,9.7074,0.0004,-0.0007,9.8066,0.0112,-0.0019,0.0119,-13.62,-29.44,34.19,32.49,-87.92,-126.03
52.380665,-1.51618,141.01,0,2,171.83,19 / 20,427029,2019-09-06 18:23:13:711,-0.0326,-0.1355,9.8486,0.0012,0,9.8066,0.0046,-0.0031,-0.0098,-14.44,-28.87,33.94,32.26,-87.92,-126.25
52.380665,-1.51618,141.01,0,2,171.83,19 / 20,427129,2019-09-06 18:23:13:811,0.1922,-0.3831,9.8698,0.0011,-0.0033,9.8066,0.0025,-0.0039,-0.0089,-13.87,-29.19,34.5,32.32,-87.93,-126.75
52.380665,-1.51618,141.01,0,2,171.83,19 / 20,427228,2019-09-06 18:23:13:910,0.1924,-0.2242,9.996,-0.0005,-0.0032,9.8066,0.0375,-0.0141,0.0249,-13.62,-29.37,34,30.73,-87.88,-127.76
52.380665,-1.51618,141.01,0,2,171.83,19 / 20,427328,2019-09-06 18:23:14:010,0.5082,-0.6222,9.9255,0.0037,-0.0045,9.8066,0.0128,0.011,-0.0158,-13.94,-28.69,33.69,28.99,-87.86,-129.46
52.380665,-1.51618,141.01,0,2,171.83,20 / 21,427429,2019-09-06 18:23:14:111,0.1773,-0.5128,9.8209,0.0021,-0.0066,9.8066,-0.0062,-0.0043,0,-14.25,-29.25,34.31,28.3,-87.83,-130.15
52.380665,-1.51618,141.01,0,2,171.83,20 / 21,427529,2019-09-06 18:23:14:211,0.466,-1.1684,9.6559,0.0029,-0.0017,9.8066,-0.0099,0.0042,-0.0071,-13.87,-28.62,34.44,27.46,-87.8,-130.97
52.380665,-1.51618,141.01,0,2,171.83,20 / 21,427628,2019-09-06 18:23:14:310,0.2136,-0.6427,9.8466,0.0026,-0.0036,9.8066,-0.018,-0.005,-0.0088,-14,-28.81,33.88,26.21,-87.8,-132.19
52.380665,-1.51618,141.01,0,2,171.83,20 / 21,427728,2019-09-06 18:23:14:410,0.303,-0.8149,9.8061,-0.0027,0.0043,9.8066,-0.0259,-0.0026,0.0051,-14.12,-29.31,34,26.46,-87.8,-131.95
52.380665,-1.51618,141.01,0,2,171.83,20 / 21,427829,2019-09-06 18:23:14:511,0.5363,-0.9482,9.8319,0.0003,0.0017,9.8066,0.0198,0.0137,0.0008,-13.69,-29.06,34.69,26.16,-87.78,-132.81
52.380665,-1.51618,141.01,0,2,171.83,20 / 21,427928,2019-09-06 18:23:14:610,0.3147,-0.5656,9.8811,0.0012,-0.0006,9.8066,-0.0067,-0.0189,-0.0158,-13.56,-28.62,34.63,25.62,-87.78,-133.34
52.380665,-1.51618,141.01,0,2,171.83,20 / 21,428029,2019-09-06 18:23:14:711,0.304,-0.7278,9.8295,0.0001,-0.0014,9.8066,-0.0036,0.0151,0.0124,-13.69,-29.12,34.75,25.22,-87.78,-133.72
52.380665,-1.51618,141.01,0,2,171.83,20 / 21,428129,2019-09-06 18:23:14:811,0.407,-0.9706,9.7028,0.0024,-0.0016,9.8066,-0.0009,0.0076,0.0019,-13.62,-28.75,34.88,24.72,-87.76,-134.22
52.380665,-1.51618,141.01,0,2,171.83,20 / 21,428229,2019-09-06 18:23:14:911,0.1097,-0.268,9.9247,0.0043,-0.0079,9.8066,-0.0268,0.0005,-0.0156,-13.56,-28.69,34.63,23.15,-87.73,-135.75
52.380665,-1.51618,141.01,0,2,171.83,20 / 21,428328,2019-09-06 18:23:15:010,0.3642,-0.9582,9.7997,-0.0017,0.0016,9.8066,-0.0153,0.0021,-0.0023,-13.75,-29.06,34.69,23.04,-87.73,-135.86
52.380665,-1.51618,141.01,0,2,171.83,19 / 19,428428,2019-09-06 18:23:15:110,0.4079,-0.9477,9.8217,0.0011,-0.0014,9.8066,0.0031,-0.0019,0.0127,-13.44,-29.06,34.75,23.79,-87.72,-136.57
52.380665,-1.51618,141.01,0,2,171.83,19 / 19,428529,2019-09-06 18:23:15:211,0.1712,-0.404,9.697,0.0018,0.0036,9.8066,-0.0014,-0.0165,-0.0113,-13.44,-29.75,35.31,23.36,-87.72,-137.01
52.380665,-1.51618,141.01,0,2,171.83,19 / 19,428629,2019-09-06 18:23:15:311,0.186,-0.8491,9.7761,-0.0005,0.0019,9.8066,-0.0093,-0.0083,-0.0028,-13.69,-28.94,35.56,22.22,-87.72,-137.19
52.380665,-1.51618,141.01,0,2,171.83,19 / 19,428729,2019-09-06 18:23:15:411,0.4382,-0.3114,9.9834,0.0003,-0.0057,9.8066,0.0332,0.0076,0.0168,-14.19,-28.69,35.38,21.74,-87.69,-137.13
52.380665,-1.51618,141.01,0,2,171.83,19 / 19,428828,2019-09-06 18:23:15:510,0.2104,-0.4503,9.921,0.0016,0.0005,9.8066,-0.0004,-0.0198,-0.0182,-15.06,-29.56,35.63,19.86,-87.67,-138.14
52.380665,-1.51618,141.01,0,2,171.83,19 / 19,428929,2019-09-06 18:23:15:611,0.4223,-0.8655,9.9408,0.0001,-0.0052,9.8066,-0.0103,-0.0017,-0.0007,-16.25,-29.75,34.94,17.54,-87.63,-138.46
52.380665,-1.51618,141.01,0,2,171.83,19 / 19,429028,2019-09-06 18:23:15:710,0.1079,-0.1839,10.083,0.0005,-0.0033,9.8066,0.0227,0.0084,0.0229,-17.31,-29.87,34.63,15.83,-87.59,-138.79
52.380665,-1.51618,141.01,0,2,171.83,19 / 19,429129,2019-09-06 18:23:15:811,0.2266,-0.5438,9.8178,0.0023,-0.0048,9.8066,0.017,-0.0196,0.0138,-16.25,-29.5,32.63,15.46,-87.56,-139.2
52.380665,-1.51618,141.01,0,2,171.83,19 / 19,429229,2019-09-06 18:23:15:911,0.6978,-1.0016,9.6241,0.0004,0,9.8066,0.0079,0.0047,-0.0138,-15.19,-28.81,33,16.86,-87.56,-139.28
52.380665,-1.51618,141.01,0,2,171.83,19 / 19,429328,2019-09-06 18:23:16:010,0.1213,-0.4779,9.9255,-0.0013,-0.0028,9.8066,0.0102,-0.0156,0.0154,-14.56,-28.94,32.88,16.62,-87.52,-139.51
52.380665,-1.51618,141.01,0,2,171.83,21 / 21,429428,2019-09-06 18:23:16:110,0.1589,-0.7692,9.8562,0.0033,-0.0049,9.8066,0.0057,0.0095,-0.0002,-13.37,-29,33.88,19.94,-87.49,-139.84
52.380665,-1.51618,141.01,0,2,171.83,21 / 21,429529,2019-09-06 18:23:16:211,0.2256,-0.5625,9.7909,-0.0008,0.0015,9.8066,0.0046,-0.0127,-0.0048,-13.87,-29.37,33.25,18.16,-87.49,-139.5
52.380665,-1.51618,141.01,0,2,171.83,21 / 21,429629,2019-09-06 18:23:16:311,0.0775,-0.5827,9.7351,0,0.0019,9.8066,0.0012,-0.0069,0.004,-14.12,-29.06,34.25,18.37,-87.49,-139.89
52.380665,-1.51618,141.01,0,2,171.83,21 / 21,429729,2019-09-06 18:23:16:411,0.619,-0.8247,9.7779,0.0011,0.0027,9.8066,0.0233,0.0231,0.0046,-13.75,-29,34.25,17.48,-87.46,-140.76
52.380665,-1.51618,141.01,0,2,171.83,21 / 21,429828,2019-09-06 18:23:16:510,0.0262,-0.0113,9.9648,0.0001,0.0011,9.8066,-0.0211,-0.0225,-0.0021,-13.94,-29.12,34.13,17.5,-87.47,-140.74
52.380665,-1.51618,141.01,0,2,171.83,21 / 21,429929,2019-09-06 18:23:16:611,0.1377,-0.167,9.9346,-0.0008,-0.003,9.8066,-0.0091,-0.0048,0.004,-13.94,-28.87,34.25,18.13,-87.5,-140.12
52.380665,-1.51618,141.01,0,2,171.83,21 / 21,430029,2019-09-06 18:23:16:711,-0.022,-0.0515,9.8574,-0.0027,-0.0028,9.8066,-0.0274,-0.0096,0.0271,-13.56,-29.12,33.88,18.86,-87.47,-139.42
52.380665,-1.51618,141.01,0,2,171.83,21 / 21,430129,2019-09-06 18:23:16:811,0.1173,-0.1253,9.8988,0.0002,0.0018,9.8066,0.0048,0.0141,0.0128,-14.06,-29.12,34.38,19.3,-87.47,-139
52.380665,-1.51618,141.01,0,2,171.83,21 / 21,430229,2019-09-06 18:23:16:911,0.0534,-0.3504,9.8789,0.0017,-0.0001,9.8066,-0.0006,-0.0095,-0.028,-14.25,-29.31,34.31,18.77,-87.46,-139.51
52.380665,-1.51618,141.01,0,2,171.83,21 / 21,430329,2019-09-06 18:23:17:011,0.3602,-0.8016,9.8808,0.0025,-0.0072,9.8066,0.0209,-0.0124,-0.0038,-13.12,-30.06,33.75,18.93,-87.41,-140.85
52.380665,-1.51618,141.01,0,2,171.83,20 / 20,430428,2019-09-06 18:23:17:110,0.391,-0.9828,9.8527,0.0035,-0.0071,9.8066,0.0168,-0.0101,0.0098,-13.75,-29.5,33.63,16.38,-87.37,-141.84
52.380665,-1.51618,141.01,0,2,171.83,20 / 20,430529,2019-09-06 18:23:17:211,0.5422,-0.829,9.69,-0.0006,-0.0007,9.8066,0.0044,0.011,-0.0003,-14.25,-29.94,33.81,15.25,-87.33,-142.96
52.380665,-1.51618,141.01,0,2,171.83,20 / 20,430628,2019-09-06 18:23:17:310,0.7721,-1.5864,9.723,-0.0056,0.0045,9.8066,0.0219,-0.0192,0.0022,-13.94,-29.19,33.94,15.62,-87.29,-142.59
52.380665,-1.51618,141.01,0,2,171.83,20 / 20,430728,2019-09-06 18:23:17:410,0.5688,-1.6099,9.9743,-0.0043,-0.0079,9.8066,0.0029,0.0008,0.0049,-13.94,-29.5,34,16.69,-87.21,-141.58
52.380665,-1.51618,141.01,0,2,171.83,20 / 20,430829,2019-09-06 18:23:17:511,0.3822,-1.1126,10.0025,-0.0007,-0.006,9.8066,-0.0156,0.0088,0.0172,-14.19,-28.62,34.19,17.39,-87.17,-140.92
52.380665,-1.51618,141.01,0,2,171.83,20 / 20,430930,2019-09-06 18:23:17:612,0.4346,-1.0984,9.9649,-0.0014,-0.0027,9.8066,0.0106,-0.0038,0.0084,-14.06,-28.94,34.88,18.44,-87.08,-140.49
52.380665,-1.51618,141.01,0,2,171.83,20 / 20,431028,2019-09-06 18:23:17:710,0.4085,-1.6743,9.6345,0.0025,-0.0031,9.8066,-0.0117,0.0073,-0.014,-14.44,-29.06,34.06,17.34,-87.05,-141
52.380665,-1.51618,141.01,0,2,171.83,20 / 20,431128,2019-09-06 18:23:17:810,0.5659,-1.6009,9.6716,-0.0026,0.01,9.8066,-0.0173,-0.0114,0.009,-13.44,-29.62,34.13,18.27,-87.09,-141.58
52.380665,-1.51618,141.01,0,2,171.83,20 / 20,431228,2019-09-06 18:23:17:910,0.5053,-0.8555,10.4304,-0.0041,0.0078,9.8066,0,-0.0147,-0.0037,-14.06,-30.12,34,16.91,-87.13,-141.41
52.380665,-1.51618,141.01,0,2,171.83,20 / 20,431329,2019-09-06 18:23:18:011,0.6988,-1.453,9.8085,0.0022,-0.007,9.8066,0.0232,-0.0034,0.0174,-13.69,-29.62,34.38,14.95,-87.06,-143.31
52.380665,-1.51618,141.01,0,2,171.83,20 / 20,431429,2019-09-06 18:23:18:111,0.3288,-1.2899,9.5165,-0.0004,-0.0091,9.8066,0.0358,-0.0051,0.0272,-13.81,-28.75,34.13,14.52,-86.96,-143.72
52.380665,-1.51618,141.01,0,2,171.83,20 / 20,431531,2019-09-06 18:23:18:213,0.6393,-1.8276,9.5672,0.002,0.0035,9.8066,0.018,-0.0054,-0.0159,-13.75,-29.56,33.75,13.89,-86.92,-144.36
52.380665,-1.51618,141.01,0,2,171.83,20 / 20,431629,2019-09-06 18:23:18:311,0.9151,-1.9765,9.8983,-0.0042,0.0023,9.8065,0.0437,-0.0122,0.0115,-14.06,-28.75,34.69,14.05,-86.87,-144.76
52.380665,-1.51618,141.01,0,2,171.83,20 / 20,431729,2019-09-06 18:23:18:411,0.6031,-1.5156,9.8562,0.0099,-0.0178,9.8066,0.031,0.002,-0.0038,-13.56,-29.31,34.63,13.25,-86.78,-145.53
52.380665,-1.51618,141.01,0,2,171.83,20 / 20,431828,2019-09-06 18:23:18:510,0.3162,-1.0193,10.0167,0.0034,-0.0072,9.8066,0.0021,-0.0021,-0.0035,-13.56,-29.5,34.63,11.24,-86.69,-147.47
52.380665,-1.51618,141.01,0,2,171.83,20 / 20,431929,2019-09-06 18:23:18:611,0.5082,-1.1356,9.6739,0.0044,0.0047,9.8066,0.0017,-0.0034,-0.0086,-13.69,-29.69,34.31,10.72,-86.81,-147.4
52.380665,-1.51618,141.01,0,2,171.83,20 / 20,432029,2019-09-06 18:23:18:711,0.2887,-0.5693,9.8118,0.0093,-0.0129,9.8065,-0.0597,-0.0058,-0.0027,-13.69,-28.19,34.13,8.9,-86.76,-149.11
52.380665,-1.51618,141.01,0,2,171.83,20 / 20,432129,2019-09-06 18:23:18:811,0.2062,-0.0768,9.6977,-0.0078,0.0199,9.8066,-0.0524,0.0045,0.0073,-13.31,-28.81,35.13,12.71,-86.97,-147.45
52.380665,-1.51618,141.01,0,2,171.83,20 / 20,432230,2019-09-06 18:23:18:912,0.0945,-0.5249,9.9313,-0.0008,0.0174,9.8066,0.0326,0.0106,-0.0262,-13.75,-29.19,34.5,11.12,-87.04,-147.53
52.380665,-1.51618,141.01,0,2,171.83,20 / 20,432329,2019-09-06 18:23:19:011,0.3626,-1.138,9.9125,-0.0016,0.0027,9.8066,0.0351,0.0023,-0.0049,-13.94,-29.5,34.25,9.66,-87.02,-148.37
52.380665,-1.51618,141.01,0,2,171.83,19 / 20,432429,2019-09-06 18:23:19:111,0.6353,-0.6859,9.8907,0.011,-0.0156,9.8066,-0.0034,-0.0084,0.0012,-14,-29.5,34.19,7.83,-86.94,-150.13
52.380665,-1.51618,141.01,0,2,171.83,19 / 20,432529,2019-09-06 18:23:19:211,0.5759,-1.0436,9.836,0.0071,-0.0076,9.8066,0.0168,-0.0009,0.0097,-13.56,-28.81,35.13,6.14,-86.8,-152.33
52.380665,-1.51618,141.01,0,2,171.83,19 / 20,432629,2019-09-06 18:23:19:311,0.6281,-0.9442,9.9651,0.0025,-0.0123,9.8066,-0.0181,0.0113,-0.0238,-13,-28.31,34.81,6.03,-86.71,-153.86
52.380665,-1.51618,141.01,0,2,171.83,19 / 20,432728,2019-09-06 18:23:19:410,0.4953,-1.0126,9.796,0.0095,-0.0058,9.8066,-0.0083,-0.0126,0.0041,-13.81,-28.44,35.31,3.21,-86.68,-155.14
52.380665,-1.51618,141.01,0,2,171.83,19 / 20,432829,2019-09-06 18:23:19:511,0.6734,-1.5913,9.5759,0.0034,-0.0039,9.8066,-0.0194,0.0084,0.0291,-13.5,-29.06,34.88,3.47,-86.61,-156.32
52.380665,-1.51618,141.01,0,2,171.83,19 / 20,432928,2019-09-06 18:23:19:610,0.495,-1.2243,10.1391,-0.0063,-0.0025,9.8066,0.0086,-0.0064,0.0115,-13.5,-28.37,34,3.75,-86.61,-155.5
52.380665,-1.51618,141.01,0,2,171.83,19 / 20,433028,2019-09-06 18:23:19:710,-0.0308,-0.4575,10.0337,-0.0001,-0.0035,9.8066,-0.0041,0.0071,-0.004,-13.5,-28.37,34.13,4.44,-86.61,-154.84
52.380665,-1.51618,141.01,0,2,171.83,19 / 20,433129,2019-09-06 18:23:19:811,0.0603,-0.4146,10.0564,-0.0002,-0.0005,9.8066,0.0156,-0.0058,0.0179,-13.62,-29.37,33.94,3.38,-86.65,-154.4
52.380665,-1.51618,141.01,0,2,171.83,19 / 20,433228,2019-09-06 18:23:19:910,0.2432,-0.5038,9.7829,-0.0005,-0.0036,9.8066,-0.0389,-0.0009,-0.0045,-14.12,-28.87,33.75,4.21,-86.61,-153.61
52.380665,-1.51618,141.01,0,2,171.83,19 / 20,433329,2019-09-06 18:23:20:011,0.466,-0.8448,9.7387,0.0045,-0.0144,9.8066,-0.018,0.0089,0.0125,-13.56,-28.44,34.31,3.69,-86.52,-154.11
52.38057,-1.516164,140.58,4.2,2,172.49,20 / 21,433428,2019-09-06 18:23:20:110,0.1122,-0.338,9.5783,-0.0027,-0.0026,9.8066,0.0238,-0.0222,0.0131,-13.5,-28.44,34.38,4.79,-86.44,-154.52
52.38057,-1.516164,140.58,4.2,2,172.49,20 / 21,433528,2019-09-06 18:23:20:210,0.3533,-0.5297,9.7854,0.0063,-0.0012,9.8066,-0.0025,0.0004,0.0033,-13.62,-28.37,33.94,2.3,-86.34,-155.43
52.38057,-1.516164,140.58,4.2,2,172.49,20 / 21,433628,2019-09-06 18:23:20:310,0.2114,-0.764,9.5706,-0.0088,0.0068,9.8066,-0.0091,-0.001,0.0225,-13.75,-27.87,33.81,3.61,-86.39,-154.19
52.38057,-1.516164,140.58,4.2,2,172.49,20 / 21,433729,2019-09-06 18:23:20:411,0.4039,-0.4233,9.8192,-0.0045,0.0057,9.8066,-0.0508,-0.0074,0.0054,-13.69,-28,34.44,4.53,-86.4,-153.32
52.38057,-1.516164,140.58,4.2,2,172.49,20 / 21,433828,2019-09-06 18:23:20:510,-0.3192,-0.4312,9.901,-0.0044,0.0102,9.8066,0.0299,0.0212,-0.0227,-13.75,-28.19,34.06,5.55,-86.39,-152.35
52.38057,-1.516164,140.58,4.2,2,172.49,20 / 21,433929,2019-09-06 18:23:20:611,0.2027,-0.8108,10.0535,0.0009,0.0108,9.8066,-0.0486,0.0194,-0.002,-13.12,-28.37,33.56,6.78,-86.49,-152.63
52.38057,-1.516164,140.58,4.2,2,172.49,20 / 21,434028,2019-09-06 18:23:20:710,0.3198,-0.2819,9.7872,0.0106,-0.018,9.8066,-0.0305,-0.0145,-0.005,-12.81,-27.69,33.69,5.13,-86.42,-154.2
52.38057,-1.516164,140.58,4.2,2,172.49,20 / 21,434128,2019-09-06 18:23:20:810,0.2545,-0.7962,9.7546,0.0088,-0.017,9.8065,-0.0108,-0.0122,0,-12.69,-28,34.06,4.77,-86.41,-154.55
52.38057,-1.516164,140.58,4.2,2,172.49,20 / 21,434230,2019-09-06 18:23:20:912,0.0606,-0.6905,9.8417,0.0036,-0.0024,9.8066,-0.0206,-0.0157,-0.0417,-12.31,-27.94,33.69,4.98,-86.41,-155.84
52.38057,-1.516164,140.58,4.2,2,172.49,20 / 21,434329,2019-09-06 18:23:21:011,0.293,-0.6661,9.9816,0.0106,0.0007,9.8066,-0.0521,0.0053,-0.0202,-12.5,-27.69,34,3,-86.41,-157.72
52.38057,-1.516164,140.58,4.2,2,172.49,20 / 21,434429,2019-09-06 18:23:21:111,0.3307,-0.6964,9.979,-0.0026,0.0018,9.8066,0.0321,0.0021,0.0024,-12.44,-26.37,35.13,1.78,-86.39,-159.38
52.38057,-1.516164,140.58,4.2,2,172.49,20 / 21,434528,2019-09-06 18:23:21:210,0.1118,-0.1044,9.9983,-0.0017,0.0105,9.8066,0.0145,-0.0163,-0.0075,-12.56,-27.62,34.31,359.79,-86.42,-159.27
52.38057,-1.516164,140.58,4.2,2,172.49,20 / 21,434629,2019-09-06 18:23:21:311,-0.0379,-0.7288,9.8017,0.003,-0.0193,9.8066,-0.0302,-0.0124,-0.0104,-12.62,-27.5,34.88,359.99,-86.32,-159.63
52.38057,-1.516164,140.58,4.2,2,172.49,20 / 21,434728,2019-09-06 18:23:21:410,-0.0652,0.1711,9.7094,0.0166,-0.0137,9.8065,-0.0144,-0.0054,-0.0136,-13.12,-26.94,35.5,359.2,-86.32,-160.9
52.38057,-1.516164,140.58,4.2,2,172.49,20 / 21,434828,2019-09-06 18:23:21:510,0.211,-0.0975,9.8208,0.0037,0.0091,9.8066,-0.0074,-0.0137,-0.0041,-12.81,-28.12,35,356.7,-86.38,-162.76
52.38057,-1.516164,140.58,4.2,2,172.49,20 / 21,434929,2019-09-06 18:23:21:611,0.4645,-0.6129,9.586,0.0021,0.0092,9.8066,0.0336,-0.0231,0.006,-12.75,-28.31,34.63,355.66,-86.36,-163.75
52.38057,-1.516164,140.58,4.2,2,172.49,20 / 21,435029,2019-09-06 18:23:21:711,0.3494,-0.3967,9.7965,0.0064,-0.0228,9.8065,-0.0858,-0.0188,0.0047,-13.5,-27.62,35,354.91,-86.36,-164.46
52.38057,-1.516164,140.58,4.2,2,172.49,20 / 21,435128,2019-09-06 18:23:21:810,-0.0243,-0.3754,9.9062,0.0051,-0.0224,9.8065,-0.0833,-0.0184,0.011,-13.75,-28.62,35.44,353.54,-86.17,-164.31
52.38057,-1.516164,140.58,4.2,2,172.49,20 / 21,435229,2019-09-06 18:23:21:911,0.1729,-0.2647,9.7041,-0.0063,0.0041,9.8066,0.0355,0.0067,0.0665,-13.5,-28.19,34.13,355.34,-86.15,-163.48
52.38057,-1.516164,140.58,4.2,2,172.49,20 / 21,435329,2019-09-06 18:23:22:011,0.1138,-1.1993,9.9496,-0.0087,-0.0017,9.8066,-0.0229,-0.0203,-0.0062,-13.94,-27.69,34.75,355.87,-86.08,-162.11
52.38057,-1.516164,140.58,4.2,2,172.49,19 / 19,435429,2019-09-06 18:23:22:111,0.2397,-0.0495,9.9628,-0.0014,0.003,9.8066,0.0311,-0.0075,-0.0112,-13.87,-28.12,34.69,355.58,-86.05,-162.39
52.38057,-1.516164,140.58,4.2,2,172.49,19 / 19,435529,2019-09-06 18:23:22:211,0.6529,-1.0699,9.6195,-0.0026,0.0047,9.8065,0.03,-0.0008,0.0298,-13.94,-29.12,34.44,354.94,-86.01,-162.39
52.38057,-1.516164,140.58,4.2,2,172.49,19 / 19,435628,2019-09-06 18:23:22:310,0.1598,-0.3988,10.0291,0.0021,-0.01,9.8066,0.0244,-0.0117,0.0137,-13.62,-28.25,34.94,355.63,-85.89,-162.33
52.38057,-1.516164,140.58,4.2,2,172.49,19 / 19,435728,2019-09-06 18:23:22:410,0.1929,-0.3442,10.1016,-0.0048,-0.006,9.8065,0.0329,0.0028,0.0148,-13.56,-28.81,34.44,355.86,-85.79,-161.51
52.38057,-1.516164,140.58,4.2,2,172.49,19 / 19,435828,2019-09-06 18:23:22:510,0.5988,-1.0494,9.6673,-0.0074,-0.0033,9.8066,0.0261,-0.0144,0.0466,-13.94,-28.62,34.06,357.36,-85.66,-160.09
52.38057,-1.516164,140.58,4.2,2,172.49,19 / 19,435928,2019-09-06 18:23:22:610,0.3496,-1.0773,9.9208,-0.0076,-0.0057,9.8066,0.0019,0.0112,0.0216,-13.81,-28.19,34.44,358.78,-85.55,-158.76
52.38057,-1.516164,140.58,4.2,2,172.49,19 / 19,436029,2019-09-06 18:23:22:711,0.7131,-0.5251,10.169,0.0005,-0.0197,9.8066,-0.0215,0.0179,-0.0326,-14,-29.19,34.94,0.71,-85.55,-157.53
52.38057,-1.516164,140.58,4.2,2,172.49,19 / 19,436129,2019-09-06 18:23:22:811,0.4944,-1.0173,9.857,-0.0056,-0.0016,9.8066,0.0112,-0.0027,0.0086,-14.56,-29.19,34.69,359.9,-85.43,-156.9
52.38057,-1.516164,140.58,4.2,2,172.49,19 / 19,436229,2019-09-06 18:23:22:911,0.6217,-0.8036,9.8009,-0.0028,-0.0139,9.8066,-0.0354,0.0141,0.0126,-14.06,-28.19,34.75,1.62,-85.35,-156.68
52.38057,-1.516164,140.58,4.2,2,172.49,19 / 19,436328,2019-09-06 18:23:23:010,0.6757,-0.5861,9.4933,0.005,-0.0177,9.8066,-0.0678,0.0162,0.0238,-14.81,-29.31,34.5,0.45,-85.27,-156.38
52.38057,-1.516164,140.58,4.2,2,172.49,20 / 21,436429,2019-09-06 18:23:23:111,-0.0116,-0.558,9.4558,-0.0143,0.0122,9.8066,0.0018,-0.0091,0.0064,-14.56,-28.56,34.88,2.57,-85.29,-154.4
52.38057,-1.516164,140.58,4.2,2,172.49,20 / 21,436528,2019-09-06 18:23:23:210,0.4217,-0.0126,9.7656,-0.0068,0.0226,9.8065,0.0029,0.0411,-0.0364,-14.62,-29.37,34.69,2.96,-85.34,-154.04
52.38057,-1.516164,140.58,4.2,2,172.49,20 / 21,436629,2019-09-06 18:23:23:311,0.1055,0.0878,10.5335,0.0006,-0.0091,9.8066,0.002,0.0177,-0.0109,-14.37,-28.81,34.19,2.56,-85.36,-155.23
52.38057,-1.516164,140.58,4.2,2,172.49,20 / 21,436729,2019-09-06 18:23:23:411,-0.2721,0.7838,10.6357,0.0018,0.0148,9.8066,0.0878,0.0831,-0.0388,-14.62,-28.69,35.13,1.29,-85.34,-155.59
52.38057,-1.516164,140.58,4.2,2,172.49,20 / 21,436828,2019-09-06 18:23:23:510,1.1946,-0.6315,9.8478,0.0181,-0.0378,9.8065,0.0503,0.0439,0.036,-14.62,-29.25,34.25,358.09,-85.11,-157.97
52.38057,-1.516164,140.58,4.2,2,172.49,20 / 21,436929,2019-09-06 18:23:23:611,0.5329,-0.1979,9.7048,0.0039,-0.0217,9.8066,0.1028,0.0905,-0.0258,-15.19,-28.75,34.38,358.64,-85.02,-157.46
52.38057,-1.516164,140.58,4.2,2,172.49,20 / 21,437030,2019-09-06 18:23:23:712,1.0996,0.2666,9.6402,0.0051,-0.0128,9.8066,-0.0948,0.0797,-0.023,-14.94,-29.75,34.94,358.24,-84.89,-158.43
52.38057,-1.516164,140.58,4.2,2,172.49,20 / 21,437129,2019-09-06 18:23:23:811,0.3837,0.2003,9.7405,0.0135,-0.0159,9.8066,-0.0898,0.0376,0.0095,-15.44,-29.25,34.5,358.12,-84.93,-158.55
52.38057,-1.516164,140.58,4.2,2,172.49,20 / 21,437229,2019-09-06 18:23:23:911,0.7382,1.6599,9.712,-0.0171,0.0217,9.8065,0.0492,0.0879,-0.0044,-15.44,-29.19,34.81,358.31,-85.05,-158.38
52.38057,-1.516164,140.58,4.2,2,172.49,20 / 21,437328,2019-09-06 18:23:24:010,1.4426,0.5127,10.3936,-0.0106,0.016,9.8066,0.0223,0.083,0.0466,-15.87,-29.5,33.94,357.72,-85.08,-156.92
52.38057,-1.516164,140.58,4.2,2,172.49,21 / 21,437428,2019-09-06 18:23:24:110,0.5316,0.6275,10.5157,0.0008,-0.0351,9.8065,0.0306,0.1126,0.0054,-16.25,-28.37,35,359.78,-84.71,-155.63
52.38057,-1.516164,140.58,4.2,2,172.49,21 / 21,437529,2019-09-06 18:23:24:211,0.5753,1.1668,9.9146,0.0063,-0.0179,9.8066,0.0651,0.0916,0.0255,-16.62,-29.06,34.25,357.12,-84.49,-156.09
52.38057,-1.516164,140.58,4.2,2,172.49,21 / 21,437628,2019-09-06 18:23:24:310,1.1128,0.5268,10.1131,-0.0036,-0.0175,9.8066,0.0852,0.1146,0.0303,-17.12,-29,35.31,358.51,-84.01,-155.46
52.38057,-1.516164,140.58,4.2,2,172.49,21 / 21,437729,2019-09-06 18:23:24:411,1.1293,1.1369,10.1504,-0.0195,-0.003,9.8065,0.1169,0.1626,0.022,-17,-29.06,35.19,0.02,-83.88,-154.07
52.38057,-1.516164,140.58,4.2,2,172.49,21 / 21,437828,2019-09-06 18:23:24:510,0.6271,0.9807,9.2392,-0.0021,-0.0128,9.8066,-0.0857,0.1177,0.0477,-17.81,-29.25,34.63,0.13,-83.81,-152.67
52.38057,-1.516164,140.58,4.2,2,172.49,21 / 21,437929,2019-09-06 18:23:24:611,-0.0011,1.6366,9.637,-0.0013,-0.0289,9.8065,-0.0866,0.2218,-0.035,-17.81,-28.75,34.88,1.94,-83.71,-151.01
52.38057,-1.516164,140.58,4.2,2,172.49,21 / 21,438029,2019-09-06 18:23:24:711,0.4049,1.6177,9.68,-0.0261,0.0283,9.8065,-0.0098,0.174,-0.0106,-18.44,-28.87,34.38,3.68,-83.97,-148.74
52.38057,-1.516164,140.58,4.2,2,172.49,21 / 21,438129,2019-09-06 18:23:24:811,0.631,1.9483,9.5744,-0.0204,0.0223,9.8066,-0.0335,0.1692,-0.0124,-18.31,-28.81,34.5,5.53,-84.04,-147.71
52.38057,-1.516164,140.58,4.2,2,172.49,21 / 21,438228,2019-09-06 18:23:24:910,0.4982,1.0482,9.9526,0.004,-0.0067,9.8066,0.0665,0.2024,-0.0377,-18.75,-28.5,34.69,4.92,-84.07,-146.97
52.38057,-1.516164,140.58,4.2,2,172.49,21 / 21,438328,2019-09-06 18:23:25:010,0.7503,1.5143,9.9347,0.0031,0.0054,9.8066,0.0449,0.1343,0.006,-18.81,-28.81,33.81,3.93,-84.15,-147.19
52.38057,-1.516164,140.58,4.2,2,172.49,21 / 21,438429,2019-09-06 18:23:25:111,0.5762,1.3475,10.0739,0.0097,0.0001,9.8066,-0.0321,0.1113,-0.0134,-19.06,-28.56,33.81,3.88,-84.26,-147.23
52.38057,-1.516164,140.58,4.2,2,172.49,20 / 20,438528,2019-09-06 18:23:25:210,0.0264,1.7433,9.8497,0.0205,-0.0058,9.8066,-0.062,0.1325,-0.0328,-19.19,-28.94,33.5,2.28,-84.29,-148.71
52.38057,-1.516164,140.58,4.2,2,172.49,20 / 20,438628,2019-09-06 18:23:25:310,0.1905,0.2819,9.2375,-0.0034,0.0275,9.8065,0.0918,0.1327,0.0124,-18.87,-29.31,34,1.66,-84.52,-149.27
52.38057,-1.516164,140.58,4.2,2,172.49,20 / 20,438728,2019-09-06 18:23:25:410,0.6374,0.5763,9.4011,-0.0016,0.0277,9.8066,-0.0311,0.1313,-0.0624,-19.69,-28.87,33.69,359.47,-84.59,-150.03
52.38057,-1.516164,140.58,4.2,2,172.49,20 / 20,438829,2019-09-06 18:23:25:511,0.382,-0.0033,9.7608,0.0119,0.0132,9.8066,-0.0276,0.1289,-0.0535,-20,-28.94,33.13,357.75,-84.84,-150.87
52.38057,-1.516164,140.58,4.2,2,172.49,20 / 20,438928,2019-09-06 18:23:25:610,0.5352,0.843,10.1966,-0.0008,0.0248,9.8066,0.0057,0.114,0.0027,-18.69,-29.19,33.25,358.78,-85.18,-151.21
52.38057,-1.516164,140.58,4.2,2,172.49,20 / 20,439028,2019-09-06 18:23:25:710,0.5232,1.4636,9.9063,0.0095,0.0099,9.8066,-0.053,0.1209,-0.0284,-19.06,-29.75,32.88,358.82,-85.35,-151.17
52.38057,-1.516164,140.58,4.2,2,172.49,20 / 20,439128,2019-09-06 18:23:25:810,1.0487,1.7149,9.6633,0.0024,-0.0083,9.8066,-0.0031,0.1622,-0.0126,-19.75,-28.87,32.25,355.67,-85.41,-152.05
52.38057,-1.516164,140.58,4.2,2,172.49,20 / 20,439229,2019-09-06 18:23:25:911,0.7089,0.6073,9.7896,-0.0015,-0.0099,9.8066,0.0771,0.0911,0.0075,-19.69,-29.31,32.25,355.6,-85.21,-152.1
52.38057,-1.516164,140.58,4.2,2,172.49,20 / 20,439329,2019-09-06 18:23:26:011,0.3973,-0.1236,9.6883,0.0109,-0.0129,9.8066,-0.0576,0.0663,0.01,-20.37,-29.87,32.88,355.71,-85.06,-152.76
52.38057,-1.516164,140.58,4.2,2,172.49,21 / 21,439429,2019-09-06 18:23:26:111,1.2793,0.6814,9.2656,-0.0028,0.0076,9.8066,0.0013,0.1801,-0.063,-20.12,-28.81,32.69,354.9,-85.09,-153.53
52.38057,-1.516164,140.58,4.2,2,172.49,21 / 21,439528,2019-09-06 18:23:26:210,0.079,0.8154,9.8695,0.016,0.0013,9.8066,-0.1223,0.1001,-0.0539,-20.25,-29.75,31.94,352.12,-85.08,-155.31
52.38057,-1.516164,140.58,4.2,2,172.49,21 / 21,439628,2019-09-06 18:23:26:310,1.013,1.0697,9.7271,-0.0021,0.0307,9.8065,-0.0363,0.1396,-0.0341,-20.69,-29.87,31.56,349.43,-85.38,-156.6
52.38057,-1.516164,140.58,4.2,2,172.49,21 / 21,439729,2019-09-06 18:23:26:411,0.7305,1.081,10.0861,-0.0172,0.0176,9.8066,0.0525,0.0814,0.0018,-19.75,-29.87,31.75,351.07,-85.73,-156.37
52.38057,-1.516164,140.58,4.2,2,172.49,21 / 21,439828,2019-09-06 18:23:26:510,0.198,0.7553,10.2711,0.002,0.0045,9.8066,0.1138,0.1452,-0.0496,-20.69,-30.31,31.63,349.24,-85.85,-156.85
52.38057,-1.516164,140.58,4.2,2,172.49,21 / 21,439929,2019-09-06 18:23:26:611,1.3072,0.3028,10.1351,-0.0085,0.027,9.8065,0.1209,0.0626,0.0198,-20.19,-30,32,349.36,-85.9,-158.01
52.38057,-1.516164,140.58,4.2,2,172.49,21 / 21,440029,2019-09-06 18:23:26:711,0.9115,-0.0812,9.9627,0.0355,-0.0281,9.8064,-0.0132,0.1537,-0.0648,-20.06,-30.06,31.69,346.05,-85.56,-161.05
52.38057,-1.516164,140.58,4.2,2,172.49,21 / 21,440129,2019-09-06 18:23:26:811,0.7031,-0.2544,10.4176,0.0209,-0.0045,9.8065,0.0427,0.0975,0.0518,-20.44,-30.19,31.44,342.4,-85.67,-163.66
52.38057,-1.516164,140.58,4.2,2,172.49,21 / 21,440229,2019-09-06 18:23:26:911,0.8727,-0.0595,9.7797,0.0104,-0.0099,9.8066,-0.0386,0.1112,-0.0986,-19.75,-30.19,31.94,342.6,-85.73,-164.33
52.38057,-1.516164,140.58,4.2,2,172.49,21 / 21,440329,2019-09-06 18:23:27:011,0.9733,0.2403,9.5497,-0.0049,0.0015,9.8065,-0.0183,0.0868,0.0125,-20.56,-29.69,31.38,337.67,-85.77,-166.87
52.38057,-1.516164,140.58,4.2,2,172.49,20 / 20,440429,2019-09-06 18:23:27:111,1.1573,0.6928,9.632,0.0192,0.0178,9.8065,-0.0302,0.1234,-0.0339,-20.44,-30.37,31.06,335.23,-85.88,-170.48
52.38057,-1.516164,140.58,4.2,2,172.49,20 / 20,440531,2019-09-06 18:23:27:213,1.1275,-0.3975,9.8898,0.0232,0.0152,9.8066,0.0105,0.1068,-0.072,-19.94,-29.62,31.13,332.51,-85.96,-173.08
52.38057,-1.516164,140.58,4.2,2,172.49,20 / 20,440629,2019-09-06 18:23:27:311,1.063,0.5335,9.9681,0.029,0.0005,9.8066,-0.0539,0.1152,-0.0645,-19.62,-30.44,30.75,325.49,-85.99,-179.77
52.38057,-1.516164,140.58,4.2,2,172.49,20 / 20,440729,2019-09-06 18:23:27:411,1.9456,-0.2693,9.898,0.0063,0.0135,9.8066,0.0462,0.1286,-0.0066,-19.81,-29.75,30.63,320.36,-86,175.34
52.38057,-1.516164,140.58,4.2,2,172.49,20 / 20,440829,2019-09-06 18:23:27:511,1.6648,-0.1721,9.9408,0.0047,0.0087,9.8066,0.0339,0.1506,-0.0747,-20.31,-29.81,31.44,318.89,-85.9,173.98
52.38057,-1.516164,140.58,4.2,2,172.49,20 / 20,440930,2019-09-06 18:23:27:612,1.4575,-0.1133,10.0977,-0.0013,-0.0016,9.8066,0.0372,0.0975,0.0265,-20.44,-29.62,30.88,317.46,-85.77,172.69
52.38057,-1.516164,140.58,4.2,2,172.49,20 / 20,441029,2019-09-06 18:23:27:711,1.0135,0.0365,10.1829,0.0019,0.0117,9.8065,0.0086,0.1423,-0.0702,-21.19,-29.94,31.19,315.49,-85.68,172.12
52.38057,-1.516164,140.58,4.2,2,172.49,20 / 20,441129,2019-09-06 18:23:27:811,1.1697,0.2039,10.0847,0.0068,-0.0047,9.8066,0.0269,0.1072,0.0089,-20.69,-30.12,30.75,314.45,-85.58,171.19
52.38057,-1.516164,140.58,4.2,2,172.49,20 / 20,441229,2019-09-06 18:23:27:911,1.3367,0.1523,9.6383,0.0055,-0.0029,9.8066,-0.0244,0.0631,0.0065,-21.12,-29.87,30.38,313.35,-85.42,171.16
52.38057,-1.516164,140.58,4.2,2,172.49,20 / 20,441328,2019-09-06 18:23:28:010,1.4173,0.3754,9.7955,-0.0045,0.005,9.8066,-0.0683,0.0694,0.0046,-21.44,-30,30.69,314.59,-85.3,171.48
52.38057,-1.516164,140.58,4.2,2,172.49,20 / 20,441429,2019-09-06 18:23:28:111,0.9278,0.3196,10.1662,-0.0024,-0.0058,9.8066,0.0349,0.1138,-0.0063,-20.87,-29.31,31.06,315.18,-85.17,172.04
52.38057,-1.516164,140.58,4.2,2,172.49,20 / 20,441529,2019-09-06 18:23:28:211,-0.2744,0.3475,9.9612,0.0059,0.0001,9.8066,0.0108,0.1586,-0.0197,-21.06,-29.87,30.19,315.04,-85.06,173.01
52.38057,-1.516164,140.58,4.2,2,172.49,20 / 20,441630,2019-09-06 18:23:28:312,0.6459,-0.2989,10.1729,0.0112,-0.019,9.8066,0.0069,0.059,0.0403,-21.37,-29.25,29.94,315.55,-84.92,173.48
52.38057,-1.516164,140.58,4.2,2,172.49,20 / 20,441729,2019-09-06 18:23:28:411,0.6496,0.9613,10.3042,0.005,-0.0197,9.8066,-0.0219,0.0991,-0.0509,-22.31,-29.62,30.06,315.35,-84.85,174.64
52.38057,-1.516164,140.58,4.2,2,172.49,20 / 20,441829,2019-09-06 18:23:28:511,0.7263,0.224,10.0633,0.0017,-0.013,9.8066,-0.0498,0.0905,0.0258,-21.37,-29.37,30.38,316.68,-84.81,174.61
52.38057,-1.516164,140.58,4.2,2,172.49,20 / 20,441928,2019-09-06 18:23:28:610,0.9507,0.0389,9.9469,-0.0071,-0.0001,9.8066,0.0361,0.0852,0.0262,-22.31,-29.56,30.06,316.13,-84.86,175.37
52.38057,-1.516164,140.58,4.2,2,172.49,20 / 20,442028,2019-09-06 18:23:28:710,0.2959,0.1361,9.6711,-0.0007,-0.0064,9.8066,-0.0313,0.0495,0.0036,-22,-29.12,29.94,316.79,-84.83,175.93
52.38057,-1.516164,140.58,4.2,2,172.49,20 / 20,442129,2019-09-06 18:23:28:811,0.5063,0.6393,10.0581,-0.0054,-0.0017,9.8066,0.0217,0.0697,0.0159,-23.06,-29.56,29.81,316.36,-84.79,176.81
52.38057,-1.516164,140.58,4.2,2,172.49,20 / 20,442228,2019-09-06 18:23:28:910,0.5459,-0.2726,9.8235,0.0059,-0.0096,9.8066,0.0301,0.0594,0.0143,-21.75,-29.31,30.31,317.93,-84.65,177.1
52.38057,-1.516164,140.58,4.2,2,172.49,20 / 20,442329,2019-09-06 18:23:29:011,0.5081,0.3945,9.705,0.0028,-0.0108,9.8066,0.0043,0.0878,-0.0166,-22.25,-29.19,30.06,318.48,-84.6,177.65
52.38004,-1.515879,136.49,8.84,2,137.47,20 / 20,442428,2019-09-06 18:23:29:110,0.5905,0.6551,9.757,-0.0108,0.0056,9.8066,0.0209,0.0484,-0.0183,-22.31,-29.5,30.31,318.42,-84.54,177.63
52.38004,-1.515879,136.49,8.84,2,137.47,20 / 20,442528,2019-09-06 18:23:29:210,0.3572,-0.1031,9.7661,-0.0092,0.0002,9.8066,0.0203,0.0606,-0.0149,-22.62,-29.31,29.69,318.25,-84.56,178.64
52.38004,-1.515879,136.49,8.84,2,137.47,20 / 20,442629,2019-09-06 18:23:29:311,0.4072,-0.2245,9.704,0.0072,0.002,9.8066,0.011,0.0146,-0.0095,-22.44,-29.5,29.75,318.65,-84.54,177.85
52.38004,-1.515879,136.49,8.84,2,137.47,20 / 20,442729,2019-09-06 18:23:29:411,-0.0645,0.4621,10.009,0.0073,-0.0005,9.8066,0.0438,0.0577,-0.0226,-22.62,-29.37,29.88,316.81,-84.51,177.3
52.38004,-1.515879,136.49,8.84,2,137.47,20 / 20,442829,2019-09-06 18:23:29:511,0.8255,0.2083,10.043,0.0051,0.0074,9.8066,0.0532,0.0162,0.0301,-23.37,-28.81,29.75,315.34,-84.52,175.9
52.38004,-1.515879,136.49,8.84,2,137.47,20 / 20,442929,2019-09-06 18:23:29:611,0.119,0.4762,9.8877,-0.0051,0.0005,9.8066,0.014,0.065,-0.0159,-23.37,-29.81,29.38,314.64,-84.53,176.34
52.38004,-1.515879,136.49,8.84,2,137.47,20 / 20,443029,2019-09-06 18:23:29:711,-0.1173,0.7088,10.212,0.002,-0.0067,9.8066,-0.0361,0.0321,0.002,-22.37,-29.31,29.69,316.52,-84.51,175.85
52.38004,-1.515879,136.49,8.84,2,137.47,20 / 20,443128,2019-09-06 18:23:29:810,-0.7892,0.5834,9.6898,0.0015,-0.0081,9.8066,-0.0478,-0.0131,0.0183,-23.44,-29.75,29.44,314.7,-84.46,176.45
52.38004,-1.515879,136.49,8.84,2,137.47,20 / 20,443229,2019-09-06 18:23:29:911,0.6717,-0.0894,9.5545,-0.0008,-0.0007,9.8066,0.0376,-0.045,0.0301,-23.19,-29.75,29.56,316.23,-84.42,176.91
52.38004,-1.515879,136.49,8.84,2,137.47,20 / 20,443328,2019-09-06 18:23:30:010,-0.54,-0.2982,9.7614,-0.0169,-0.0032,9.8066,-0.0051,0.0096,0.0031,-23.62,-29.37,29.44,315.74,-84.42,178.48
52.38004,-1.515879,136.49,8.84,2,137.47,21 / 21,443429,2019-09-06 18:23:30:111,-0.5128,0.0159,9.796,-0.004,-0.0035,9.8066,-0.0156,-0.006,0.0267,-23.25,-29.25,29.44,317.65,-84.47,179.12
52.38004,-1.515879,136.49,8.84,2,137.47,21 / 21,443529,2019-09-06 18:23:30:211,-0.2357,0.3913,9.8861,-0.0049,-0.0097,9.8066,-0.0777,0.0144,-0.0239,-23.56,-29.37,29.44,317.72,-84.43,-179.64
52.38004,-1.515879,136.49,8.84,2,137.47,21 / 21,443629,2019-09-06 18:23:30:311,-0.4191,0.5815,9.7125,-0.0093,0.0054,9.8066,0.0522,-0.0074,0.0065,-23.31,-29.75,29.13,318.44,-84.5,179.95
52.38004,-1.515879,136.49,8.84,2,137.47,21 / 21,443729,2019-09-06 18:23:30:411,-0.4129,0.1515,10.0572,-0.0137,0.0079,9.8066,0.0498,-0.0127,0.0023,-23.94,-29.56,29.56,318.85,-84.47,-179.51
52.38004,-1.515879,136.49,8.84,2,137.47,21 / 21,443829,2019-09-06 18:23:30:511,-0.6565,0.6099,9.8588,0.0096,-0.006,9.8066,-0.0491,-0.0079,0.0246,-23.81,-29.75,29.69,318.71,-84.46,-179.64
52.38004,-1.515879,136.49,8.84,2,137.47,21 / 21,443929,2019-09-06 18:23:30:611,-0.5259,0.6926,9.7741,0.0016,-0.0084,9.8065,0.0374,-0.0205,0.0242,-23.87,-30.06,29.38,317.76,-84.4,-179.49
52.38004,-1.515879,136.49,8.84,2,137.47,21 / 21,444029,2019-09-06 18:23:30:711,-0.9337,0.9338,9.3925,-0.0078,0.0126,9.8066,0.0105,-0.0165,-0.0127,-23.62,-29.69,29.44,317.5,-84.53,-179.81
52.38004,-1.515879,136.49,8.84,2,137.47,21 / 21,444129,2019-09-06 18:23:30:811,-0.1486,0.2358,9.5274,-0.0071,0.004,9.8066,-0.0581,0.0072,-0.0142,-23.75,-29.5,29.19,317.73,-84.55,-179.7
52.38004,-1.515879,136.49,8.84,2,137.47,21 / 21,444228,2019-09-06 18:23:30:910,-0.821,0.6072,9.7525,-0.0031,0.0047,9.8066,-0.0103,-0.0093,-0.0098,-23.56,-29.75,30.19,318.59,-84.62,-179.84
52.38004,-1.515879,136.49,8.84,2,137.47,21 / 21,444328,2019-09-06 18:23:31:010,-0.7904,0.7362,9.9232,0.0061,0.0003,9.8066,-0.057,-0.0027,-0.0072,-23.75,-29.62,29.13,317.17,-84.62,179.83
52.38004,-1.515879,136.49,8.84,2,137.47,21 / 21,444429,2019-09-06 18:23:31:111,-0.4791,0.606,9.5878,-0.0067,0.008,9.8066,0.0053,-0.0157,-0.0214,-23.25,-29.5,29.5,318.57,-84.72,178.85
52.38004,-1.515879,136.49,8.84,2,137.47,21 / 21,444529,2019-09-06 18:23:31:211,-0.9895,1.1384,10.0647,-0.0037,0.0049,9.8066,-0.0004,-0.0099,0.022,-23.75,-29.69,29.25,316.13,-84.7,178.8
52.38004,-1.515879,136.49,8.84,2,137.47,21 / 21,444629,2019-09-06 18:23:31:311,-1.2245,0.6096,10.0671,0.0066,0.0024,9.8066,-0.0246,-0.0162,-0.0002,-23.75,-29.75,28.88,315.31,-84.71,178.01
52.38004,-1.515879,136.49,8.84,2,137.47,21 / 21,444729,2019-09-06 18:23:31:411,-1.4837,0.3148,9.793,0.0044,-0.0072,9.8065,0.0157,-0.0072,-0.0254,-23.37,-28.87,28.88,316.46,-84.67,177.88
52.38004,-1.515879,136.49,8.84,2,137.47,21 / 21,444828,2019-09-06 18:23:31:510,-0.9985,0.1312,9.6841,0.0081,0.0068,9.8066,0.0037,-0.0561,0.0426,-24,-30.44,29.5,315.51,-84.67,177.21
52.38004,-1.515879,136.49,8.84,2,137.47,21 / 21,444929,2019-09-06 18:23:31:611,-1.9031,0.0966,9.7992,0.0031,-0.0098,9.8066,0.0324,-0.0546,0.0043,-23.69,-29.44,29.38,314.95,-84.64,177.61
52.38004,-1.515879,136.49,8.84,2,137.47,21 / 21,445029,2019-09-06 18:23:31:711,-0.8717,0.8242,9.9025,0.006,0.0081,9.8066,-0.0048,-0.0554,-0.0026,-23.81,-29.5,29.94,315.89,-84.64,177.5
52.38004,-1.515879,136.49,8.84,2,137.47,21 / 21,445129,2019-09-06 18:23:31:811,-1.345,-0.3298,9.7656,-0.0004,-0.0054,9.8066,0.0379,-0.0356,0.0129,-23.19,-29,30.13,316.58,-84.64,177.02
52.38004,-1.515879,136.49,8.84,2,137.47,21 / 21,445229,2019-09-06 18:23:31:911,-1.548,0.8711,10.2302,-0.0012,-0.0098,9.8066,-0.0046,-0.0248,-0.0235,-23.69,-29.5,30.31,316.56,-84.57,178.17
52.38004,-1.515879,136.49,8.84,2,137.47,21 / 21,445328,2019-09-06 18:23:32:010,-1.5696,-0.3075,9.8163,-0.0038,0,9.8066,0.0498,-0.1383,0.0792,-23.44,-28.69,30.25,317.82,-84.55,178.23
52.38004,-1.515879,136.49,8.84,2,137.47,20 / 20,445429,2019-09-06 18:23:32:111,-2.1926,-0.5945,9.9683,0.0035,-0.0139,9.8066,0.0011,-0.1611,0.0374,-23.62,-29.81,29.94,319.1,-84.38,-179.23
52.38004,-1.515879,136.49,8.84,2,137.47,20 / 20,445528,2019-09-06 18:23:32:210,-2.0517,-0.2787,9.8409,0,-0.0093,9.8066,-0.0181,-0.1279,0.0277,-23.19,-29.06,31.06,321.96,-84.36,-178.72
52.38004,-1.515879,136.49,8.84,2,137.47,20 / 20,445628,2019-09-06 18:23:32:310,-1.9606,-0.1474,10.1141,-0.0117,0.0046,9.8066,0.0111,-0.1725,0.0133,-23.31,-28.56,31,322.62,-84.33,-178.08
52.38004,-1.515879,136.49,8.84,2,137.47,20 / 20,445729,2019-09-06 18:23:32:411,-2.3382,-0.548,10.0021,0.0051,0.0078,9.8066,0.0242,-0.2284,0.0322,-21.94,-28.94,31.63,324.8,-84.35,-178.13
52.38004,-1.515879,136.49,8.84,2,137.47,20 / 20,445828,2019-09-06 18:23:32:510,-2.3527,-0.0483,9.7247,0,-0.0012,9.8066,0.0022,-0.1836,0.0251,-22.44,-29.06,31.56,324.86,-84.25,-178.02
52.38004,-1.515879,136.49,8.84,2,137.47,20 / 20,445929,2019-09-06 18:23:32:611,-2.5583,-0.9688,9.8514,-0.0027,0.0028,9.8066,0.0152,-0.2285,0.0163,-22.94,-28.94,32.38,323.32,-84.22,-178.29
52.38004,-1.515879,136.49,8.84,2,137.47,20 / 20,446029,2019-09-06 18:23:32:711,-2.5128,-0.9443,10.1359,0.0074,0.0002,9.8066,-0.0119,-0.2599,0.0101,-21.87,-28.62,32.5,324.89,-84.21,-178.85
52.38004,-1.515879,136.49,8.84,2,137.47,20 / 20,446128,2019-09-06 18:23:32:810,-2.4824,-1.0361,9.8089,-0.0027,0.0093,9.8066,-0.0308,-0.2677,0.0345,-22.31,-28.56,32.69,324.45,-84.29,-179.29
52.38004,-1.515879,136.49,8.84,2,137.47,20 / 20,446228,2019-09-06 18:23:32:910,-2.5356,-1.1117,9.5723,-0.0079,0.0011,9.8066,0.0717,-0.2665,0.0371,-21.37,-28.87,32.63,325.34,-84.32,-179.66
52.38004,-1.515879,136.49,8.84,2,137.47,20 / 20,446329,2019-09-06 18:23:33:011,-2.6536,-1.057,9.6924,-0.0048,-0.0052,9.8065,0.006,-0.2856,0.0322,-21.37,-28.94,33.5,327.31,-84.3,-178.62
52.38004,-1.515879,136.49,8.84,2,137.47,21 / 21,446429,2019-09-06 18:23:33:111,-3.2021,-0.6665,9.995,0.0018,-0.0005,9.8066,0.0349,-0.3664,0.042,-20.37,-28.5,34.06,328.81,-84.26,-178.49
52.38004,-1.515879,136.49,8.84,2,137.47,21 / 21,446528,2019-09-06 18:23:33:210,-2.9519,-0.9942,9.7439,0.0118,0.0005,9.8066,-0.0416,-0.3233,-0.0166,-19.62,-28.75,34.13,327.88,-84.25,-179.28
52.38004,-1.515879,136.49,8.84,2,137.47,21 / 21,446628,2019-09-06 18:23:33:310,-2.6841,-0.7662,9.5961,-0.0016,0.0108,9.8066,-0.027,-0.3223,0.0171,-19.19,-28.56,34,328.26,-84.32,179.81
52.38004,-1.515879,136.49,8.84,2,137.47,21 / 21,446729,2019-09-06 18:23:33:411,-3.097,-0.5798,9.9594,-0.0011,0.0022,9.8066,0.0298,-0.3406,0.0409,-18.56,-28.44,34.63,329.05,-84.29,179.74
52.38004,-1.515879,136.49,8.84,2,137.47,21 / 21,446828,2019-09-06 18:23:33:510,-3.0899,-1.0258,9.8178,0.0035,0.0063,9.8066,0.005,-0.3642,0.0175,-18.69,-28.56,34.13,327.86,-84.34,179.43
52.38004,-1.515879,136.49,8.84,2,137.47,21 / 21,446929,2019-09-06 18:23:33:611,-2.8135,-0.8266,9.6672,0.0051,0.0056,9.8066,0.0066,-0.3596,0.0364,-17.12,-28.62,35.5,330.69,-84.43,178.07
52.38004,-1.515879,136.49,8.84,2,137.47,21 / 21,447028,2019-09-06 18:23:33:710,-2.8737,-0.2391,10.0009,0.0075,0.0114,9.8066,0.0051,-0.3194,-0.0216,-17.44,-28.87,34.06,328.08,-84.44,177.01
52.38004,-1.515879,136.49,8.84,2,137.47,21 / 21,447128,2019-09-06 18:23:33:810,-3.419,-0.564,9.4583,-0.0025,0.0008,9.8066,-0.0024,-0.3873,0.0866,-16.81,-28.5,35,328.8,-84.41,176.91
52.38004,-1.515879,136.49,8.84,2,137.47,21 / 21,447229,2019-09-06 18:23:33:911,-2.9318,-0.8057,9.8156,-0.0047,-0.0003,9.8066,0.0202,-0.3625,0.0223,-16.25,-28.44,35.13,330.51,-84.38,177.2
52.38004,-1.515879,136.49,8.84,2,137.47,21 / 21,447328,2019-09-06 18:23:34:010,-3.336,-1.0595,9.6071,-0.0004,0.0023,9.8065,-0.0163,-0.3628,0.012,-15.31,-28.44,35.31,331.78,-84.39,177.05
52.38004,-1.515879,136.49,8.84,2,137.47,20 / 20,447429,2019-09-06 18:23:34:111,-2.5667,-0.6415,9.6286,-0.0126,0.0125,9.8066,-0.0815,-0.4154,0.0447,-14.5,-28.56,35.75,332.59,-84.44,175.87
52.38004,-1.515879,136.49,8.84,2,137.47,20 / 20,447529,2019-09-06 18:23:34:211,-3.0959,-1.4664,10.2299,0.0013,0.0175,9.8066,0.0553,-0.4267,0.0892,-14.37,-28.31,36.19,331.74,-84.69,174.92
52.38004,-1.515879,136.49,8.84,2,137.47,20 / 20,447628,2019-09-06 18:23:34:310,-3.6113,-0.7402,9.3696,-0.0086,0.0178,9.8066,-0.043,-0.4208,0.0767,-13.19,-28.81,36.38,333.92,-84.93,175.56
52.38004,-1.515879,136.49,8.84,2,137.47,20 / 20,447728,2019-09-06 18:23:34:410,-4.2764,-2.3534,11.0717,-0.0175,0.026,9.8065,0.0976,-0.4658,0.0106,-12.5,-28.81,36.5,335.86,-85.16,175.38
52.38004,-1.515879,136.49,8.84,2,137.47,20 / 20,447829,2019-09-06 18:23:34:511,-2.6252,-0.146,10.1702,0.0205,-0.0604,9.8064,0.2814,-0.3169,-0.0373,-11.5,-29.06,35.56,335.83,-85.09,174.45
52.38004,-1.515879,136.49,8.84,2,137.47,20 / 20,447929,2019-09-06 18:23:34:611,-3.4097,-0.4702,10.1521,-0.0093,-0.0073,9.8066,-0.1339,-0.3764,0.0414,-11.12,-28.75,35.44,337.34,-85.39,176.26
52.38004,-1.515879,136.49,8.84,2,137.47,20 / 20,448028,2019-09-06 18:23:34:710,-2.852,0.49,10.1372,-0.0036,-0.0026,9.8066,-0.0466,-0.3444,0.0604,-11.12,-28.75,36,338.33,-85.57,176.64
52.38004,-1.515879,136.49,8.84,2,137.47,20 / 20,448129,2019-09-06 18:23:34:811,-2.5221,-0.2518,9.358,0.0032,0.0061,9.8066,0.0795,-0.3473,0.0688,-9.69,-28.12,35.19,340.54,-85.47,177.7
52.38004,-1.515879,136.49,8.84,2,137.47,20 / 20,448231,2019-09-06 18:23:34:913,-2.9535,-0.6399,9.1467,-0.0149,0.0342,9.8065,0.0738,-0.3532,0.0025,-9.5,-29.31,35.94,344.02,-85.45,179.09
52.38004,-1.515879,136.49,8.84,2,137.47,20 / 20,448329,2019-09-06 18:23:35:011,-2.0328,-0.7578,9.8852,-0.0293,0.0263,9.8065,0.0914,-0.4032,0.093,-9,-29.25,35.13,346.56,-85.41,-178.12
52.38004,-1.515879,136.49,8.84,2,137.47,21 / 21,448428,2019-09-06 18:23:35:110,-2.0859,-0.4542,10.0903,-0.0102,-0.0019,9.8066,0.0352,-0.3876,0.0873,-8.19,-29,35.31,350.02,-85.5,-176.45
52.38004,-1.515879,136.49,8.84,2,137.47,21 / 21,448532,2019-09-06 18:23:35:214,-2.1674,-0.5641,9.7462,-0.0067,0.0001,9.8066,-0.0762,-0.2916,0.017,-7.56,-29.69,34.56,351.79,-85.66,-174.79
52.38004,-1.515879,136.49,8.84,2,137.47,21 / 21,448629,2019-09-06 18:23:35:311,-2.8073,-0.4575,9.6064,-0.0113,-0.018,9.8066,0.0126,-0.326,0.0794,-7.75,-29.5,34.81,353.82,-85.57,-172.9
52.38004,-1.515879,136.49,8.84,2,137.47,21 / 21,448729,2019-09-06 18:23:35:411,-2.6028,0.1876,9.6533,-0.0028,-0.0167,9.8065,0.0164,-0.361,0.0142,-7.25,-29.31,34.94,356.66,-85.45,-171.8
52.38004,-1.515879,136.49,8.84,2,137.47,21 / 21,448828,2019-09-06 18:23:35:510,-2.9139,-1.3825,10.3153,-0.0171,0.0001,9.8065,-0.0084,-0.4056,0.0417,-5.69,-29.56,34.88,0.2,-85.44,-170.09
52.38004,-1.515879,136.49,8.84,2,137.47,21 / 21,448929,2019-09-06 18:23:35:611,-2.4289,-0.2445,10.2588,-0.0021,0.0109,9.8066,0.0197,-0.3162,0.0272,-6.25,-29,34.56,0.55,-85.47,-169.76
52.38004,-1.515879,136.49,8.84,2,137.47,21 / 21,449029,2019-09-06 18:23:35:711,-1.6913,-0.4015,9.9072,0.0066,-0.0183,9.8066,0.0616,-0.2775,-0.0046,-4.69,-29.19,34.19,1.39,-85.46,-170.34
52.38004,-1.515879,136.49,8.84,2,137.47,21 / 21,449129,2019-09-06 18:23:35:811,-2.6895,-0.3634,9.535,-0.0024,-0.0211,9.8065,-0.0204,-0.3278,0.0921,-5,-29.81,34.31,1.51,-85.22,-170.24
52.38004,-1.515879,136.49,8.84,2,137.47,21 / 21,449228,2019-09-06 18:23:35:910,-2.5924,-0.3999,9.4989,-0.0056,0.013,9.8065,-0.0597,-0.3026,0.0142,-4.75,-29.44,34,2.97,-85.18,-168.89
52.38004,-1.515879,136.49,8.84,2,137.47,21 / 21,449331,2019-09-06 18:23:36:013,-2.3639,-0.1605,9.8909,-0.0209,0.0022,9.8065,0.0323,-0.2911,0.0392,-3.5,-29.44,33.56,8.71,-85.13,-166.9
52.38004,-1.515879,136.49,8.84,2,137.47,20 / 21,449429,2019-09-06 18:23:36:111,-2.613,-0.2165,9.8844,-0.005,-0.0057,9.8066,-0.0873,-0.3245,-0.0093,-3.94,-29.19,33,9.47,-85.04,-164.36
52.38004,-1.515879,136.49,8.84,2,137.47,20 / 21,449529,2019-09-06 18:23:36:211,-2.1996,0.2227,10.1423,-0.0018,-0.0098,9.8066,-0.0129,-0.3149,0.0449,-2.81,-29.06,33.13,11.93,-85.1,-163.8
52.38004,-1.515879,136.49,8.84,2,137.47,20 / 21,449629,2019-09-06 18:23:36:311,-2.139,0.1022,9.7533,-0.0097,0.0136,9.8066,0.0501,-0.2477,0.0616,-3.25,-29.37,32.44,13.14,-84.99,-162.58
52.38004,-1.515879,136.49,8.84,2,137.47,20 / 21,449729,2019-09-06 18:23:36:411,-2.2601,-0.3164,9.5297,-0.0118,0.007,9.8066,-0.0086,-0.2731,-0.0125,-2.06,-29.44,32.88,17.01,-84.94,-160.89
52.38004,-1.515879,136.49,8.84,2,137.47,20 / 21,449830,2019-09-06 18:23:36:512,-2.2893,-0.3527,10.0573,-0.0008,-0.0165,9.8066,0.0067,-0.2949,0.0052,-1.75,-29.5,32.31,16.68,-84.68,-161.19
52.38004,-1.515879,136.49,8.84,2,137.47,20 / 21,449928,2019-09-06 18:23:36:610,-1.1905,0.2356,9.9543,-0.0062,-0.008,9.8066,-0.0462,-0.2217,-0.0134,-2,-28.94,32.25,16.51,-84.68,-161.35
52.38004,-1.515879,136.49,8.84,2,137.47,20 / 21,450028,2019-09-06 18:23:36:710,-1.8147,0.3305,10.2493,-0.006,-0.0064,9.8066,-0.0921,-0.2611,0.014,-0.87,-29.87,31.44,19.61,-84.63,-160.37
52.38004,-1.515879,136.49,8.84,2,137.47,20 / 21,450129,2019-09-06 18:23:36:811,-1.9668,-0.0678,9.9725,-0.0009,-0.0108,9.8066,-0.0703,-0.242,0.0607,-1.25,-29.69,30.88,20.2,-84.6,-159.83
52.38004,-1.515879,136.49,8.84,2,137.47,20 / 21,450229,2019-09-06 18:23:36:911,-1.6916,-0.0672,9.9052,-0.0103,-0.0228,9.8066,-0.0058,-0.2095,0.0549,-1.06,-29.37,31.19,21.36,-84.5,-158.75
52.38004,-1.515879,136.49,8.84,2,137.47,20 / 21,450329,2019-09-06 18:23:37:011,-1.3555,0.2268,9.8758,-0.012,0.0143,9.8066,0.0389,-0.2739,0.0163,-1.06,-29.5,30.63,23.59,-84.39,-156.76
52.38004,-1.515879,136.49,8.84,2,137.47,21 / 21,450429,2019-09-06 18:23:37:111,-1.3796,0.1134,9.7278,0.0009,0.0085,9.8066,0.0304,-0.2642,0.0788,-0.25,-29.75,30.38,25.8,-84.25,-156.81
52.38004,-1.515879,136.49,8.84,2,137.47,21 / 21,450528,2019-09-06 18:23:37:210,-0.7039,0.0346,9.8466,-0.0027,0.0076,9.8066,0.0356,-0.1432,-0.0327,0.38,-29.75,29.69,26.17,-84.16,-156.53
52.38004,-1.515879,136.49,8.84,2,137.47,21 / 21,450628,2019-09-06 18:23:37:310,-1.0214,0.1239,9.8206,0.0032,0.0174,9.8066,0.0411,-0.1679,0.0043,-0.25,-29.44,30.06,25.62,-84.18,-156.93
52.38004,-1.515879,136.49,8.84,2,137.47,21 / 21,450728,2019-09-06 18:23:37:410,-0.6564,-0.0186,9.9218,0.0031,-0.0102,9.8066,-0.0493,-0.1726,0.0171,0.56,-29.62,29.25,27.26,-84.15,-157.6
52.38004,-1.515879,136.49,8.84,2,137.47,21 / 21,450828,2019-09-06 18:23:37:510,-1.1066,0.5683,10.1884,0.0028,0.0017,9.8066,-0.0136,-0.0946,-0.0467,-0.06,-29.94,29,25.14,-84.22,-157.51
52.38004,-1.515879,136.49,8.84,2,137.47,21 / 21,450928,2019-09-06 18:23:37:610,-0.7439,-0.004,9.8918,0.0041,0.0008,9.8066,0.1174,-0.0992,0.0561,0.69,-29.94,28.69,26.64,-84.17,-158.16
52.38004,-1.515879,136.49,8.84,2,137.47,21 / 21,451029,2019-09-06 18:23:37:711,-0.7085,0.3038,10.2714,-0.0011,-0.0035,9.8066,0.0527,-0.1311,-0.0446,0.5,-29.62,28.38,26.31,-84.1,-158.65
52.38004,-1.515879,136.49,8.84,2,137.47,21 / 21,451128,2019-09-06 18:23:37:810,-0.2866,0.6671,10.0033,0.0117,-0.0137,9.8065,-0.0312,-0.0647,0.0685,0.81,-29.62,28.75,25.04,-84.03,-159.66
52.38004,-1.515879,136.49,8.84,2,137.47,21 / 21,451228,2019-09-06 18:23:37:910,0.011,0.6234,10.11,-0.0078,-0.0032,9.8066,-0.0335,-0.0406,0.0297,0.5,-30.12,28.13,25.75,-84.02,-159.2
52.38004,-1.515879,136.49,8.84,2,137.47,21 / 21,451329,2019-09-06 18:23:38:011,-0.5933,0.0498,9.8461,-0.0032,-0.0112,9.8066,0.0578,0.0135,-0.0312,0.81,-29.06,28.13,25.85,-83.96,-159.04
52.379517,-1.515659,135.86,8.1,2,229.11,20 / 20,451430,2019-09-06 18:23:38:112,-0.2735,0.496,9.8684,-0.0009,-0.0019,9.8066,0.0194,0.006,0.0173,0.63,-29.94,28.5,25.57,-83.93,-159.24
52.379517,-1.515659,135.86,8.1,2,229.11,20 / 20,451529,2019-09-06 18:23:38:211,0.2106,0.5466,10.1715,-0.0044,0.0041,9.8066,-0.0081,-0.0078,-0.0019,0.56,-29.31,28.25,26.03,-83.86,-158.93
52.379517,-1.515659,135.86,8.1,2,229.11,20 / 20,451629,2019-09-06 18:23:38:311,-0.1259,-0.1566,10.3317,-0.0026,0.0106,9.8066,0.0491,-0.0082,-0.0383,0.19,-29.31,28.13,23.95,-83.85,-158.76
52.379517,-1.515659,135.86,8.1,2,229.11,20 / 20,451729,2019-09-06 18:23:38:411,0.6662,0.7098,9.9203,0.0003,-0.0172,9.8066,0.0204,0.0551,0.0055,-0.06,-29.19,28.5,23.02,-83.8,-159.52
52.379517,-1.515659,135.86,8.1,2,229.11,20 / 20,451829,2019-09-06 18:23:38:511,0.4566,0.4176,10.0389,-0.0057,-0.0067,9.8066,0.0313,0.0276,0.0082,0.38,-29.19,29.06,22.95,-83.61,-159.67
52.379517,-1.515659,135.86,8.1,2,229.11,20 / 20,451928,2019-09-06 18:23:38:610,0.2227,0.117,9.608,0.0001,-0.0039,9.8066,-0.0489,0.0394,-0.0417,-0.56,-29.25,28,20.83,-83.49,-159.64
52.379517,-1.515659,135.86,8.1,2,229.11,20 / 20,452029,2019-09-06 18:23:38:711,0.7164,0.3061,9.6895,0.0003,0.0085,9.8066,-0.0281,0.0652,0.0081,-0.56,-29.37,29,20.85,-83.62,-159.56
52.379517,-1.515659,135.86,8.1,2,229.11,20 / 20,452128,2019-09-06 18:23:38:810,1.1711,0.5176,10.1899,-0.0002,-0.0005,9.8066,-0.0329,0.0964,-0.0397,-1.06,-29.5,28.75,21.4,-83.8,-159
52.379517,-1.515659,135.86,8.1,2,229.11,20 / 20,452229,2019-09-06 18:23:38:911,1.3627,1.3156,10.1477,0.0062,-0.002,9.8066,-0.1232,0.1057,-0.0264,-1,-29.81,29.06,21.26,-83.91,-159.16
52.379517,-1.515659,135.86,8.1,2,229.11,20 / 20,452328,2019-09-06 18:23:39:010,0.9533,0.7247,9.8125,-0.0074,0.014,9.8066,0.1105,0.0902,-0.0198,-0.31,-29.81,29.31,24.35,-83.94,-158.36
52.379517,-1.515659,135.86,8.1,2,229.11,21 / 21,452429,2019-09-06 18:23:39:111,1.8189,-0.133,9.6251,0.0055,0.022,9.8066,-0.0366,0.1123,0.0072,-0.5,-29.94,30.19,24.64,-83.97,-157.99
52.379517,-1.515659,135.86,8.1,2,229.11,21 / 21,452528,2019-09-06 18:23:39:210,2.3992,-0.3318,9.4562,0.0036,-0.008,9.8066,-0.0243,0.1672,-0.0224,-0.37,-29.94,29.25,24.26,-83.87,-158.46
52.379517,-1.515659,135.86,8.1,2,229.11,21 / 21,452629,2019-09-06 18:23:39:311,1.3714,0.7199,9.7545,-0.0002,-0.0203,9.8066,-0.0591,0.1235,0.04,-1.19,-30.56,29.25,22.62,-83.9,-158.03
52.379517,-1.515659,135.86,8.1,2,229.11,21 / 21,452729,2019-09-06 18:23:39:411,1.556,1.2861,9.8718,-0.0132,0.0257,9.8065,0.0807,0.1677,0.0178,-0.75,-29.94,29.88,25.46,-83.91,-155.37
52.379517,-1.515659,135.86,8.1,2,229.11,21 / 21,452829,2019-09-06 18:23:39:511,1.5998,0.552,9.6597,-0.0124,0.0099,9.8066,0.0497,0.2033,-0.015,-1.44,-30.44,29.94,26.24,-83.68,-154.78
52.379517,-1.515659,135.86,8.1,2,229.11,21 / 21,452929,2019-09-06 18:23:39:611,1.8521,-0.7561,9.4623,-0.0051,-0.0118,9.8066,0.0494,0.1839,-0.0237,-1.56,-30.12,30.56,24.39,-83.52,-154.63
52.379517,-1.515659,135.86,8.1,2,229.11,21 / 21,453029,2019-09-06 18:23:39:711,2.1657,-0.0349,9.8479,0.0036,-0.0127,9.8065,-0.0332,0.201,-0.009,-1.94,-30.56,30.25,24.46,-83.41,-154.68
52.379517,-1.515659,135.86,8.1,2,229.11,21 / 21,453128,2019-09-06 18:23:39:810,2.3713,0.9887,9.7262,-0.0106,0.0111,9.8066,-0.0934,0.2369,-0.0247,-2.44,-30.37,30.75,26.18,-83.58,-153.01
52.379517,-1.515659,135.86,8.1,2,229.11,21 / 21,453229,2019-09-06 18:23:39:911,1.5896,0.8826,9.8897,-0.0049,-0.0191,9.8065,0.092,0.2376,-0.0256,-2.25,-30.12,30.75,26.96,-83.56,-152.31
52.379517,-1.515659,135.86,8.1,2,229.11,21 / 21,453328,2019-09-06 18:23:40:010,2.2977,0.1335,9.688,0.0046,-0.0025,9.8066,0.0659,0.1872,-0.0258,-2.81,-30.44,31.44,24,-83.59,-153.12
52.379517,-1.515659,135.86,8.1,2,229.11,20 / 20,453429,2019-09-06 18:23:40:111,2.8532,-0.0033,10.2836,-0.0014,-0.0216,9.8065,0.0193,0.2819,-0.0349,-2.06,-29.62,32.13,25.49,-83.4,-153.74
52.379517,-1.515659,135.86,8.1,2,229.11,20 / 20,453528,2019-09-06 18:23:40:210,2.3461,0.062,10.3011,-0.0011,-0.0119,9.8065,0.0498,0.2469,-0.0304,-3.06,-30,32.38,23.36,-83.38,-153.88
52.379517,-1.515659,135.86,8.1,2,229.11,20 / 20,453629,2019-09-06 18:23:40:311,2.0677,0.8165,9.505,-0.0031,-0.0104,9.8066,0.0192,0.2406,-0.0196,-2.56,-29.44,32.69,23.6,-83.25,-153.71
52.379517,-1.515659,135.86,8.1,2,229.11,20 / 20,453728,2019-09-06 18:23:40:410,1.8796,0.0963,9.3562,-0.0011,-0.0127,9.8065,-0.0016,0.2252,0.0122,-4,-29.19,32.13,21.35,-83.15,-153.9
52.379517,-1.515659,135.86,8.1,2,229.11,20 / 20,453828,2019-09-06 18:23:40:510,1.9915,0.4676,9.5689,-0.0024,0.0235,9.8065,-0.0399,0.2075,-0.0005,-4.06,-29.06,32.5,22.2,-83.11,-153.3
52.379517,-1.515659,135.86,8.1,2,229.11,20 / 20,453928,2019-09-06 18:23:40:610,1.9026,0.9003,10.0203,-0.0096,0.0108,9.8066,-0.0453,0.2537,-0.0448,-3.81,-30,32.44,24.04,-83.28,-151.53
52.379517,-1.515659,135.86,8.1,2,229.11,20 / 20,454029,2019-09-06 18:23:40:711,1.8812,1.3322,10.3578,-0.0033,0.0077,9.8066,0.0948,0.2928,-0.0135,-4.31,-28.87,33.06,24.61,-83.43,-151.01
52.379517,-1.515659,135.86,8.1,2,229.11,20 / 20,454129,2019-09-06 18:23:40:811,2.6647,-0.0368,9.6085,-0.0069,0.0067,9.8066,0.0653,0.232,-0.049,-4.31,-29,32.31,24.42,-83.35,-151.07
52.379517,-1.515659,135.86,8.1,2,229.11,20 / 20,454229,2019-09-06 18:23:40:911,1.7184,0.1891,9.5953,-0.0033,-0.0202,9.8066,0.019,0.2714,0.0212,-4.87,-29.56,33.69,22.42,-83.04,-151.68
52.379517,-1.515659,135.86,8.1,2,229.11,20 / 20,454329,2019-09-06 18:23:41:011,1.709,-0.1161,9.4713,-0.0149,0.0001,9.8066,0.0787,0.2434,0.006,-5.25,-29.19,34.19,23.43,-83.02,-150.7
52.379517,-1.515659,135.86,8.1,2,229.11,20 / 20,454428,2019-09-06 18:23:41:110,1.8261,-0.5103,10.0318,-0.0011,0.0306,9.8066,-0.0438,0.1849,-0.037,-6.44,-29.06,34,22.49,-83.07,-149.87
52.379517,-1.515659,135.86,8.1,2,229.11,20 / 20,454529,2019-09-06 18:23:41:211,3.2106,0.9449,9.8003,0.0075,0.0109,9.8066,-0.0297,0.2123,0.0375,-6.37,-29.75,33.75,22.93,-83.27,-149.48
52.379517,-1.515659,135.86,8.1,2,229.11,20 / 20,454628,2019-09-06 18:23:41:310,2.0734,0.5806,9.7821,-0.0094,0.0075,9.8066,-0.009,0.2511,-0.0172,-8.06,-29.44,34.13,20.78,-83.48,-148.02
52.379517,-1.515659,135.86,8.1,2,229.11,20 / 20,454729,2019-09-06 18:23:41:411,2.5719,-0.7357,9.5725,-0.0044,-0.0029,9.8066,0.0229,0.2311,-0.0737,-7.5,-29.37,34.13,23.09,-83.49,-147.54
52.379517,-1.515659,135.86,8.1,2,229.11,20 / 20,454830,2019-09-06 18:23:41:512,2.1852,0.0397,9.7314,0.0109,-0.0157,9.8066,-0.0574,0.2719,-0.0067,-8.44,-29.25,34.56,20.64,-83.55,-148.44
52.379517,-1.515659,135.86,8.1,2,229.11,20 / 20,454929,2019-09-06 18:23:41:611,2.0784,-0.0622,9.9834,0.0047,-0.0038,9.8066,-0.041,0.2128,0.0179,-8.87,-29.19,34.25,18.91,-83.73,-148.04
52.379517,-1.515659,135.86,8.1,2,229.11,20 / 20,455028,2019-09-06 18:23:41:710,2.7567,-0.3593,9.411,-0.0098,0.006,9.8066,-0.0071,0.1987,-0.0629,-9.87,-28.75,35.06,18.88,-83.86,-146.86
52.379517,-1.515659,135.86,8.1,2,229.11,20 / 20,455129,2019-09-06 18:23:41:811,2.992,-0.0498,9.4696,0.003,0.0086,9.8066,-0.0187,0.1637,0.0156,-9.56,-28.75,35.13,19.24,-83.91,-146.51
52.379517,-1.515659,135.86,8.1,2,229.11,20 / 20,455229,2019-09-06 18:23:41:911,2.088,-0.7452,9.8772,0.0018,-0.0156,9.8065,-0.0146,0.2485,-0.0338,-10.25,-28.75,35.44,19.68,-84.03,-146.07
52.379517,-1.515659,135.86,8.1,2,229.11,20 / 20,455329,2019-09-06 18:23:42:011,1.1597,-0.8176,9.8988,0.0123,0.0008,9.8066,0.0434,0.1072,0.0059,-9.62,-28.06,35,19.31,-84.16,-146.32
52.379517,-1.515659,135.86,8.1,2,229.11,20 / 20,455428,2019-09-06 18:23:42:110,1.1428,0.0902,9.4931,-0.0009,-0.0005,9.8066,0.0203,0.1127,0.0449,-10.69,-28.31,35.75,18.45,-84.16,-146.02
52.379517,-1.515659,135.86,8.1,2,229.11,20 / 20,455529,2019-09-06 18:23:42:211,0.0249,-0.2515,9.6718,-0.0134,-0.0052,9.8066,0.0132,0.1292,-0.0437,-10.69,-29.12,35.5,19.74,-84.09,-144.9
52.379517,-1.515659,135.86,8.1,2,229.11,20 / 20,455628,2019-09-06 18:23:42:310,0.8048,0.0649,10.0994,-0.0052,0.0084,9.8066,0.0286,0.122,-0.0154,-10.37,-28.5,35.81,21.77,-84.08,-144.46
52.379517,-1.515659,135.86,8.1,2,229.11,20 / 20,455729,2019-09-06 18:23:42:411,0.461,0.1754,9.854,0,0.0078,9.8066,0.0096,0.0678,0.0064,-10.19,-29.06,34.56,21.19,-84.09,-144.67
52.379517,-1.515659,135.86,8.1,2,229.11,20 / 20,455829,2019-09-06 18:23:42:511,1.1849,-0.3872,9.7579,-0.0053,0.0025,9.8065,0.1074,0.0782,0.0034,-10.87,-28.56,35.44,19.18,-84.08,-145
52.379517,-1.515659,135.86,8.1,2,229.11,20 / 20,455929,2019-09-06 18:23:42:611,0.6895,-0.1905,10.0481,-0.0054,0.0248,9.8066,0.0816,0.0392,-0.0124,-11,-29.25,34.88,19.95,-84.16,-144.27
52.379517,-1.515659,135.86,8.1,2,229.11,20 / 20,456028,2019-09-06 18:23:42:710,0.5578,-0.2331,10.4987,0.01,-0.0093,9.8066,-0.0154,0.0911,-0.0001,-11.06,-29,35.25,19.88,-84.23,-144.32
52.379517,-1.515659,135.86,8.1,2,229.11,20 / 20,456128,2019-09-06 18:23:42:810,0.2833,0.5339,9.3724,0.0034,-0.0001,9.8066,0.0202,0.045,-0.018,-10.81,-29.31,34.88,20.09,-84.39,-144.08
52.379517,-1.515659,135.86,8.1,2,229.11,20 / 20,456228,2019-09-06 18:23:42:910,0.804,1.0144,9.4664,-0.003,0.0028,9.8066,-0.0318,0.0295,0.0415,-11,-29.31,34.63,20.9,-84.48,-143.29
52.379517,-1.515659,135.86,8.1,2,229.11,20 / 20,456329,2019-09-06 18:23:43:011,0.3611,1.0862,10.1752,-0.0074,-0.0005,9.8066,-0.0405,0.0397,0.0027,-11.37,-29.81,34.38,21.72,-84.44,-142.17
52.379517,-1.515659,135.86,8.1,2,229.11,21 / 21,456428,2019-09-06 18:23:43:110,0.1723,0.9428,10.2234,-0.0095,0.0165,9.8065,0.141,0.0683,0.0405,-11.87,-29.62,34.44,20.28,-84.5,-141.95
52.379517,-1.515659,135.86,8.1,2,229.11,21 / 21,456529,2019-09-06 18:23:43:211,1.498,1.0234,10.0773,-0.0078,0.0266,9.8065,0.1575,0.023,0.0563,-12,-30.44,34.56,22.04,-84.57,-140.78
52.379517,-1.515659,135.86,8.1,2,229.11,21 / 21,456628,2019-09-06 18:23:43:310,-0.1014,0.9461,9.9232,0.0043,-0.0372,9.8065,-0.0691,0.055,0.052,-12.62,-30.5,34.31,19.79,-84.24,-140.98
52.379517,-1.515659,135.86,8.1,2,229.11,21 / 21,456729,2019-09-06 18:23:43:411,-0.5592,1.0535,10.2522,-0.0051,-0.0168,9.8066,0.024,0.0497,-0.0517,-12.62,-30.87,34.69,21.77,-84.21,-139.74
52.379517,-1.515659,135.86,8.1,2,229.11,21 / 21,456829,2019-09-06 18:23:43:511,0.0425,2.2015,10.0581,0.0097,-0.0017,9.8066,0.0186,0.0239,-0.008,-13.06,-31.5,34.25,21.4,-84.2,-139.57
52.379517,-1.515659,135.86,8.1,2,229.11,21 / 21,456929,2019-09-06 18:23:43:611,-0.7439,1.8961,10.2932,-0.0037,0.0085,9.8066,0.06,0.0588,-0.0369,-13.62,-31.31,34.75,20.64,-84.32,-139.3
52.379517,-1.515659,135.86,8.1,2,229.11,21 / 21,457028,2019-09-06 18:23:43:710,-0.248,1.9764,10.0571,0.0054,-0.0034,9.8066,-0.0014,-0.0395,0.061,-13.12,-30.44,35,21.18,-84.33,-140.18
52.379517,-1.515659,135.86,8.1,2,229.11,21 / 21,457129,2019-09-06 18:23:43:811,-0.1426,1.6485,9.9483,-0.0072,0.0083,9.8066,0.0763,0.0939,-0.0567,-13.31,-31,36,22.63,-84.37,-139.37
52.379517,-1.515659,135.86,8.1,2,229.11,21 / 21,457228,2019-09-06 18:23:43:910,0.5445,1.8835,9.6461,0.0011,-0.0063,9.8066,0.0082,0.0082,0.0083,-13,-30.37,35.25,20.05,-84.44,-141.19
52.379517,-1.515659,135.86,8.1,2,229.11,21 / 21,457328,2019-09-06 18:23:44:010,-0.2514,2.2828,10.4393,0.002,-0.0096,9.8066,-0.0334,0.0149,-0.0014,-12.62,-30.56,36,20.53,-84.34,-141.31
52.379517,-1.515659,135.86,8.1,2,229.11,22 / 22,457428,2019-09-06 18:23:44:110,-0.9495,1.9022,10.0045,-0.0013,0.0001,9.8066,0.045,0.0935,-0.0142,-12.5,-29.87,34.88,21.55,-84.38,-141.3
52.379517,-1.515659,135.86,8.1,2,229.11,22 / 22,457529,2019-09-06 18:23:44:211,-0.0974,2.4438,9.712,-0.0017,0.007,9.8066,-0.0325,0.0037,-0.0098,-12.19,-29.62,34.75,20.84,-84.39,-141.94
52.379517,-1.515659,135.86,8.1,2,229.11,22 / 22,457629,2019-09-06 18:23:44:311,-0.2016,2.351,9.9231,0.002,-0.0108,9.8066,0.0243,0.0377,-0.034,-11.75,-30,34.56,20.59,-84.22,-142.23
52.379517,-1.515659,135.86,8.1,2,229.11,22 / 22,457729,2019-09-06 18:23:44:411,-0.6165,1.4907,9.8459,0.0038,-0.011,9.8066,0.0241,-0.014,0.0419,-12.44,-29.5,34.06,19.4,-84.19,-142.8
52.379517,-1.515659,135.86,8.1,2,229.11,22 / 22,457829,2019-09-06 18:23:44:511,-0.3131,1.8206,9.9314,0.0043,0.0042,9.8066,0.0079,0.018,-0.0364,-11.75,-29.94,34.13,19.44,-84.14,-142.83
52.379517,-1.515659,135.86,8.1,2,229.11,22 / 22,457929,2019-09-06 18:23:44:611,-0.3437,2.3543,9.6622,0.015,-0.0031,9.8066,0.0023,0.0148,-0.0285,-11.62,-30.87,33.69,17.6,-84.2,-144.55
52.379517,-1.515659,135.86,8.1,2,229.11,22 / 22,458028,2019-09-06 18:23:44:710,-0.167,2.2677,9.9546,0.0073,-0.0023,9.8066,0.0618,0.0221,0.0011,-12.44,-31,35.38,16.71,-84.23,-145.84
52.379517,-1.515659,135.86,8.1,2,229.11,22 / 22,458129,2019-09-06 18:23:44:811,-0.3447,2.1872,10.0082,0.0052,0.0092,9.8066,0.0612,0.0569,-0.0038,-12.75,-31.5,35.38,14.29,-84.26,-146.58
52.379517,-1.515659,135.86,8.1,2,229.11,22 / 22,458229,2019-09-06 18:23:44:911,0.0187,1.9414,9.984,0.0024,-0.0047,9.8065,-0.0293,0.0199,-0.0048,-12.75,-31.37,36.13,13.77,-84.27,-147.54
52.379517,-1.515659,135.86,8.1,2,229.11,22 / 22,458329,2019-09-06 18:23:45:011,-0.158,2.1392,9.8995,-0.0041,0.0052,9.8066,-0.0045,0.0229,0.0154,-12.5,-29.94,36.5,15.82,-84.25,-147.49
52.379517,-1.515659,135.86,8.1,2,229.11,21 / 21,458429,2019-09-06 18:23:45:111,-0.3328,1.2224,9.8604,0.0013,-0.007,9.8066,-0.0018,0.0283,0.0123,-12.75,-28.94,36.81,14.82,-84.21,-146.98
52.379517,-1.515659,135.86,8.1,2,229.11,21 / 21,458528,2019-09-06 18:23:45:210,-0.6452,1.6266,10.16,0.0052,-0.0068,9.8066,-0.01,-0.006,0.0183,-12.69,-29.25,36.94,14.76,-84.25,-147.03
52.379517,-1.515659,135.86,8.1,2,229.11,21 / 21,458629,2019-09-06 18:23:45:311,0.0228,1.5807,9.8903,0.0013,0.0013,9.8066,0.0663,0.0267,-0.0433,-12.62,-27.5,36.88,14.01,-84.3,-147.64
52.379517,-1.515659,135.86,8.1,2,229.11,21 / 21,458729,2019-09-06 18:23:45:411,0.1738,0.9168,10.1342,0.0024,0.0127,9.8066,-0.0538,-0.0154,0.0252,-12,-27.87,36.38,14.39,-84.29,-148.29
52.379517,-1.515659,135.86,8.1,2,229.11,21 / 21,458829,2019-09-06 18:23:45:511,0.0137,0.6572,9.7859,0.0077,-0.024,9.8065,-0.0383,0.0211,-0.015,-11.94,-28.31,35.13,13.12,-84.32,-149
52.379517,-1.515659,135.86,8.1,2,229.11,21 / 21,458929,2019-09-06 18:23:45:611,0.0175,0.5832,9.6121,0.0087,-0.0145,9.8066,0.002,0.0136,0.0212,-12.62,-27.87,35.25,10.23,-84.18,-150.22
52.379517,-1.515659,135.86,8.1,2,229.11,21 / 21,459029,2019-09-06 18:23:45:711,-0.2839,0.5883,9.9721,-0.0031,-0.0053,9.8066,0.0159,0.031,0.0177,-12.31,-28.31,36.5,12.94,-84.14,-150.1
52.379517,-1.515659,135.86,8.1,2,229.11,21 / 21,459128,2019-09-06 18:23:45:810,-0.4422,0.1875,9.8361,-0.0016,-0.0107,9.8066,0.0095,0.011,-0.0194,-12.62,-28.69,36.25,10.93,-84.07,-150.12
52.379517,-1.515659,135.86,8.1,2,229.11,21 / 21,459228,2019-09-06 18:23:45:910,-0.4096,-0.047,9.6682,0.0003,-0.0022,9.8066,-0.0128,-0.0078,0.0142,-12.06,-27.94,35.56,12.73,-84.07,-149.86
52.379517,-1.515659,135.86,8.1,2,229.11,21 / 21,459329,2019-09-06 18:23:46:011,-0.1766,-0.2514,9.4916,0.0022,0.0085,9.8066,0.0012,-0.0251,0.0092,-12.56,-27.25,35.88,11.09,-84.16,-149.9
52.379517,-1.515659,135.86,8.1,2,229.11,21 / 21,459429,2019-09-06 18:23:46:111,-0.5407,0.5423,9.8483,-0.0016,0.0125,9.8066,-0.0529,-0.0539,0.0007,-12.31,-27.94,36,12.92,-84.19,-149.66
52.379517,-1.515659,135.86,8.1,2,229.11,21 / 21,459528,2019-09-06 18:23:46:210,-0.5762,0.3934,10.3134,0.0017,-0.001,9.8065,-0.0415,-0.0727,0.0191,-12.69,-28.62,36.06,11.49,-84.31,-149.57
52.379517,-1.515659,135.86,8.1,2,229.11,21 / 21,459629,2019-09-06 18:23:46:311,-0.5267,-0.3344,9.6336,-0.0031,0.0093,9.8065,0.0218,-0.0857,0.0268,-12.69,-29.37,35.5,11.58,-84.33,-149.48
52.379517,-1.515659,135.86,8.1,2,229.11,21 / 21,459729,2019-09-06 18:23:46:411,-0.7128,-0.3262,9.6924,-0.0059,0.0005,9.8066,0.0502,-0.0822,0.0512,-13.06,-28.94,36.5,12.62,-84.32,-149
52.379517,-1.515659,135.86,8.1,2,229.11,21 / 21,459829,2019-09-06 18:23:46:511,-0.8972,-0.1584,9.7666,-0.0044,-0.0192,9.8066,-0.0309,-0.0985,0.0187,-12.94,-29.06,36.19,13.28,-84.14,-147.95
52.379517,-1.515659,135.86,8.1,2,229.11,21 / 21,459929,2019-09-06 18:23:46:611,-1.4069,0.0517,9.8311,0.0029,-0.0128,9.8066,-0.0132,-0.1372,0.0419,-12.12,-29.44,36.5,15.58,-84.12,-147.71
52.379517,-1.515659,135.86,8.1,2,229.11,21 / 21,460029,2019-09-06 18:23:46:711,-1.6321,-0.053,10.014,-0.0021,0.0095,9.8066,0.0064,-0.163,-0.0325,-12.25,-27.81,35.56,14.53,-84.09,-148.21
52.379517,-1.515659,135.86,8.1,2,229.11,21 / 21,460128,2019-09-06 18:23:46:810,-1.6615,0.1849,9.9153,0.0062,0.0073,9.8065,-0.0315,-0.1829,-0.0077,-12.06,-28.37,36.88,14.31,-84.18,-148.82
52.379517,-1.515659,135.86,8.1,2,229.11,21 / 21,460229,2019-09-06 18:23:46:911,-1.2032,0.361,9.9854,0.0049,0.0028,9.8066,-0.0127,-0.2467,0.0269,-12,-28.56,35.88,12.3,-84.3,-150.25
52.379517,-1.515659,135.86,8.1,2,229.11,21 / 21,460330,2019-09-06 18:23:47:012,-2.0048,-0.0255,9.7243,0.0009,-0.0232,9.8065,-0.0311,-0.2762,0.0333,-11.44,-28.5,36.25,13.86,-84.14,-150.27
52.37895,-1.515942,135.25,5.3,3,187.65,21 / 21,460428,2019-09-06 18:23:47:110,-2.2475,0.234,9.5205,0.0039,-0.0254,9.8066,-0.0569,-0.3194,0.0345,-10.5,-28.69,36.06,15.35,-84.05,-150.43
52.37895,-1.515942,135.25,5.3,3,187.65,21 / 21,460529,2019-09-06 18:23:47:211,-1.9629,-0.6776,10.2127,0.0042,0.0171,9.8065,-0.019,-0.3105,0.0037,-10.25,-29.31,36.63,15.16,-84.07,-150.97
52.37895,-1.515942,135.25,5.3,3,187.65,21 / 21,460628,2019-09-06 18:23:47:310,-1.6963,-1.0671,10.0206,0.0144,-0.0153,9.8066,-0.0622,-0.3245,0.0016,-9.75,-29.25,36.56,13.38,-84.15,-152.58
52.37895,-1.515942,135.25,5.3,3,187.65,21 / 21,460731,2019-09-06 18:23:47:413,-1.6544,-0.5934,9.809,0.0204,-0.0289,9.8065,-0.1172,-0.3666,0.0289,-8.5,-29.37,35.81,13.68,-84.07,-154.96
52.37895,-1.515942,135.25,5.3,3,187.65,21 / 21,460828,2019-09-06 18:23:47:510,-1.9688,-0.276,9.7018,-0.0096,0.0268,9.8065,-0.0579,-0.3661,0.0166,-8.62,-28.06,36.38,12.62,-84.2,-154.36
52.37895,-1.515942,135.25,5.3,3,187.65,21 / 21,460929,2019-09-06 18:23:47:611,-2.689,-0.1881,9.8562,-0.0036,0.0052,9.8066,-0.1556,-0.4026,0.0548,-8.12,-28.69,36.56,14.17,-84.13,-154.8
52.37895,-1.515942,135.25,5.3,3,187.65,21 / 21,461028,2019-09-06 18:23:47:710,-2.3942,-0.4845,9.6175,-0.0051,0.0296,9.8065,0.0345,-0.4174,0.0299,-6.5,-29.06,35.25,16.91,-84.09,-154.85
52.37895,-1.515942,135.25,5.3,3,187.65,21 / 21,461129,2019-09-06 18:23:47:811,-2.8835,-0.285,9.9378,-0.0117,0.0187,9.8066,-0.0209,-0.4594,0.0591,-5.81,-28.37,35.13,18.12,-84.2,-153.66
52.37895,-1.515942,135.25,5.3,3,187.65,21 / 21,461228,2019-09-06 18:23:47:910,-2.4291,-0.4671,10.2583,-0.0036,-0.002,9.8066,0.0371,-0.4882,0.0746,-6.12,-29.56,35.38,18.42,-84.12,-153.51
52.37895,-1.515942,135.25,5.3,3,187.65,21 / 21,461328,2019-09-06 18:23:48:010,-2.684,0.1014,10.0187,-0.0089,0.0112,9.8066,0.0503,-0.471,0.0365,-5.25,-28.94,34.44,21.11,-84.09,-152.42
52.37895,-1.515942,135.25,5.3,3,187.65,21 / 21,461429,2019-09-06 18:23:48:111,-2.9324,0.0232,10.1507,-0.0006,-0.0195,9.8066,-0.0643,-0.4759,0.0553,-3.69,-29.87,34.44,22.69,-83.97,-152.75
52.37895,-1.515942,135.25,5.3,3,187.65,21 / 21,461529,2019-09-06 18:23:48:211,-3.1047,-0.0276,9.998,0.0032,-0.0074,9.8066,-0.0422,-0.5145,0.0161,-3.69,-29,33.94,22.62,-83.98,-152.74
52.37895,-1.515942,135.25,5.3,3,187.65,21 / 21,461628,2019-09-06 18:23:48:310,-2.6691,0.0553,9.9051,0.0026,-0.0039,9.8066,-0.0567,-0.4812,0.0157,-3.44,-29.5,32.56,23.48,-84.01,-153.53
52.37895,-1.515942,135.25,5.3,3,187.65,21 / 21,461728,2019-09-06 18:23:48:410,-3.0238,0.696,9.8022,-0.0075,0.0006,9.8066,-0.0099,-0.4842,0.0573,-1.31,-29.31,32.31,27.75,-83.97,-153.13
52.37895,-1.515942,135.25,5.3,3,187.65,21 / 21,461829,2019-09-06 18:23:48:511,-2.8993,0.9586,10.204,0.0005,0.0002,9.8066,-0.009,-0.4969,0.0707,-0.69,-29.94,31.88,28.47,-83.96,-152.57
52.37895,-1.515942,135.25,5.3,3,187.65,21 / 21,461929,2019-09-06 18:23:48:611,-2.9614,0.1616,10.3525,-0.005,0.0038,9.8066,-0.0753,-0.4654,0.0391,-0.94,-30.19,30.75,28.89,-83.94,-152.23
52.37895,-1.515942,135.25,5.3,3,187.65,21 / 21,462029,2019-09-06 18:23:48:711,-2.3711,1.0825,9.6912,-0.0057,-0.0055,9.8066,-0.0254,-0.5211,0.0549,-0.37,-30.62,30.5,31.59,-83.87,-151.77
52.37895,-1.515942,135.25,5.3,3,187.65,21 / 21,462128,2019-09-06 18:23:48:810,-2.5393,1.2256,9.9071,-0.0013,-0.0027,9.8066,0.0135,-0.4992,0.0281,0.88,-31.12,29.69,34.21,-83.84,-151.43
52.37895,-1.515942,135.25,5.3,3,187.65,21 / 21,462228,2019-09-06 18:23:48:910,-2.3066,0.7278,9.6434,-0.0013,0.0015,9.8066,0.0062,-0.4827,0.0435,0.94,-30.75,28.88,33.76,-83.89,-151.99
52.37895,-1.515942,135.25,5.3,3,187.65,21 / 21,462329,2019-09-06 18:23:49:011,-2.3743,0.7592,9.8862,0.0025,0.0026,9.8066,-0.0151,-0.4936,0.0384,1.38,-31,28,34.16,-83.87,-151.85
52.37895,-1.515942,135.25,5.3,3,187.65,21 / 21,462429,2019-09-06 18:23:49:111,-2.2336,1.0766,10.3198,-0.0055,0.0077,9.8066,-0.0258,-0.5004,0.0573,2.06,-30.5,27.5,36.95,-83.92,-151.2
52.37895,-1.515942,135.25,5.3,3,187.65,21 / 21,462529,2019-09-06 18:23:49:211,-2.4381,1.0428,10.1342,-0.0037,0.0042,9.8066,-0.0247,-0.4579,0.0203,2.25,-30.87,26.13,38.39,-83.88,-150.69
52.37895,-1.515942,135.25,5.3,3,187.65,21 / 21,462628,2019-09-06 18:23:49:310,-1.9609,1.3943,9.4338,-0.0041,0.0071,9.8066,-0.0146,-0.5116,0.0922,2.88,-30.69,24.88,41.66,-83.89,-150.36
52.37895,-1.515942,135.25,5.3,3,187.65,21 / 21,462729,2019-09-06 18:23:49:411,-2.2902,1.3341,9.4436,-0.0018,0.0004,9.8066,-0.0187,-0.4776,0.0263,2.94,-30.19,23.94,42.5,-83.78,-150.02
52.37895,-1.515942,135.25,5.3,3,187.65,21 / 21,462828,2019-09-06 18:23:49:510,-1.7212,1.2012,9.9879,-0.0059,-0.0188,9.8066,-0.0257,-0.4605,0.0342,3.38,-31.94,24.19,42.4,-83.76,-150.48
52.37895,-1.515942,135.25,5.3,3,187.65,21 / 21,462929,2019-09-06 18:23:49:611,-1.9516,1.2969,10.3362,-0.0003,-0.0107,9.8066,0.0155,-0.401,-0.003,3.94,-31.56,22.5,44.98,-83.6,-151.29
52.37895,-1.515942,135.25,5.3,3,187.65,21 / 21,463029,2019-09-06 18:23:49:711,-0.5985,0.7185,9.9535,0.0092,0.0009,9.8066,0.0251,-0.4616,0.0823,3.56,-31.62,22,44.41,-83.66,-152.44
52.37895,-1.515942,135.25,5.3,3,187.65,21 / 21,463129,2019-09-06 18:23:49:811,-1.1863,0.718,9.4997,-0.0139,0.0045,9.8066,-0.0574,-0.3644,0.0318,4,-31.31,22,45.32,-83.54,-151.55
52.37895,-1.515942,135.25,5.3,3,187.65,21 / 21,463229,2019-09-06 18:23:49:911,-2.2893,1.4571,10.1403,-0.011,0.0079,9.8065,0.0566,-0.3954,0.053,3.56,-31.5,20.25,49.51,-83.46,-149.57
52.37895,-1.515942,135.25,5.3,3,187.65,21 / 21,463329,2019-09-06 18:23:50:011,-2.0236,0.7343,9.7595,-0.0104,-0.0024,9.8066,0.0521,-0.4441,0.1039,4.19,-31.31,19.06,51.11,-83.35,-149.28
52.37895,-1.515942,135.25,5.3,3,187.65,20 / 20,463428,2019-09-06 18:23:50:110,-2.3621,1.278,10.1769,-0.006,-0.002,9.8066,-0.0013,-0.4672,0.0661,4.25,-31.31,18.69,52.5,-83.13,-148.35
52.37895,-1.515942,135.25,5.3,3,187.65,20 / 20,463529,2019-09-06 18:23:50:211,-1.7587,0.7072,10.2293,-0.0066,-0.0065,9.8066,-0.0029,-0.3975,0.0093,3.94,-32.37,17.81,54.22,-82.96,-148.51
52.37895,-1.515942,135.25,5.3,3,187.65,20 / 20,463629,2019-09-06 18:23:50:311,-1.309,1.0361,10.021,-0.0079,-0.0177,9.8066,0.044,-0.3994,0.0537,4.63,-32.69,17.38,58.29,-82.82,-149.79
52.37895,-1.515942,135.25,5.3,3,187.65,20 / 20,463728,2019-09-06 18:23:50:410,-1.5711,0.801,9.5178,-0.0116,-0.002,9.8066,0.0306,-0.4334,0.0803,4,-32.44,16.19,56.31,-82.64,-149.95
52.37895,-1.515942,135.25,5.3,3,187.65,20 / 20,463828,2019-09-06 18:23:50:510,-1.283,0.9274,9.592,-0.0072,-0.0083,9.8066,-0.0119,-0.3771,0.0076,3.56,-32.81,16,57.1,-82.38,-150.13
52.37895,-1.515942,135.25,5.3,3,187.65,20 / 20,463928,2019-09-06 18:23:50:610,-1.867,1.1515,9.9603,0.0069,-0.0031,9.8066,0.0182,-0.381,0.0503,3.94,-32.56,15.19,58.42,-82.29,-150.91
52.37895,-1.515942,135.25,5.3,3,187.65,20 / 20,464028,2019-09-06 18:23:50:710,-1.5924,1.0955,10.393,-0.0008,-0.01,9.8066,-0.0175,-0.3941,0.0442,3.75,-32,15.13,56.91,-82.23,-151.85
52.37895,-1.515942,135.25,5.3,3,187.65,20 / 20,464128,2019-09-06 18:23:50:810,-1.3083,0.5905,10.5303,0.0016,0.0027,9.8066,0.0251,-0.3789,0.0101,4.5,-32.69,14.81,60.89,-82.21,-152.18
52.37895,-1.515942,135.25,5.3,3,187.65,20 / 20,464229,2019-09-06 18:23:50:911,-1.5567,0.447,9.6832,-0.0208,-0.0195,9.8065,-0.0878,-0.3815,0.0755,2.69,-32.31,13.25,57.27,-82.06,-152.28
52.37895,-1.515942,135.25,5.3,3,187.65,20 / 20,464329,2019-09-06 18:23:51:011,-1.7409,1.7057,10.1237,-0.0268,-0.0218,9.8065,-0.0811,-0.412,0.0984,3.31,-32.62,13.13,59.07,-81.88,-151.75
52.37895,-1.515942,135.25,5.3,3,187.65,21 / 22,464429,2019-09-06 18:23:51:111,-1.9882,1.1896,9.7285,-0.0008,0.007,9.8066,0.0664,-0.4193,0.0681,3.44,-33.25,13,60.17,-81.7,-151.29
52.37895,-1.515942,135.25,5.3,3,187.65,21 / 22,464528,2019-09-06 18:23:51:210,-2.2638,1.7043,10.043,-0.0089,-0.0041,9.8066,0.0319,-0.4263,0.043,2.13,-33,12.06,58.59,-81.52,-151.29
52.37895,-1.515942,135.25,5.3,3,187.65,21 / 22,464628,2019-09-06 18:23:51:310,-1.4646,1.2318,9.9221,0.0041,-0.0143,9.8065,-0.0385,-0.4284,0.0368,1.88,-33.06,11.38,60.78,-81.41,-152.64
52.37895,-1.515942,135.25,5.3,3,187.65,21 / 22,464729,2019-09-06 18:23:51:411,-1.2922,1.4435,9.5622,-0.0126,-0.0171,9.8065,-0.044,-0.4253,0.0644,2.25,-32.5,11.19,59.73,-81.31,-152.99
52.37895,-1.515942,135.25,5.3,3,187.65,21 / 22,464829,2019-09-06 18:23:51:511,-1.5584,1.6544,9.784,0.0017,0.012,9.8066,0.0083,-0.459,0.071,1.38,-32.75,10.44,59.03,-81.23,-152.63
52.37895,-1.515942,135.25,5.3,3,187.65,21 / 22,464929,2019-09-06 18:23:51:611,-2.017,1.6648,10.0831,-0.0048,0.0087,9.8066,0.0159,-0.4846,0.0767,0.69,-33.12,8.63,65.43,-81.13,-152.25
52.37895,-1.515942,135.25,5.3,3,187.65,21 / 22,465028,2019-09-06 18:23:51:710,-2.208,2.0996,9.5331,-0.0011,-0.0129,9.8066,-0.035,-0.4574,0.0094,1.13,-32.44,8.13,71.29,-80.95,-152.78
52.37895,-1.515942,135.25,5.3,3,187.65,21 / 22,465128,2019-09-06 18:23:51:810,-2.3977,1.7073,9.304,0.0144,-0.0088,9.8066,-0.0254,-0.478,0.0424,1.06,-32.94,8.19,70.91,-81.08,-153.77
52.37895,-1.515942,135.25,5.3,3,187.65,21 / 22,465229,2019-09-06 18:23:51:911,-0.9258,3.1687,9.7798,0.0221,-0.0101,9.8066,-0.0231,-0.5077,-0.0209,0.56,-33.87,5.75,93.19,-81.28,-155.13
52.37895,-1.515942,135.25,5.3,3,187.65,21 / 22,465329,2019-09-06 18:23:52:011,-1.3803,1.6166,9.868,0.0307,-0.0256,9.8065,-0.0234,-0.502,0.0138,0.25,-33.25,5.75,75.63,-81.54,-156.86
52.37895,-1.515942,135.25,5.3,3,187.65,21 / 21,465429,2019-09-06 18:23:52:111,-0.5016,3.0336,9.9234,0.0137,-0.0173,9.8065,-0.0511,-0.4817,-0.0079,-0.19,-33.44,4.88,95.83,-81.67,-158.01
52.37895,-1.515942,135.25,5.3,3,187.65,21 / 21,465529,2019-09-06 18:23:52:211,1.8933,2.0106,9.6215,0.0009,-0.0211,9.8066,-0.0474,-0.4946,0.0317,-0.87,-33,3.44,176.76,-81.95,-160.04
52.37895,-1.515942,135.25,5.3,3,187.65,21 / 21,465628,2019-09-06 18:23:52:310,2.7402,1.075,10.1455,-0.0039,-0.0062,9.8066,-0.0164,-0.5006,0.0558,-0.94,-32.37,2.5,178.37,-82.06,-160.9
52.37895,-1.515942,135.25,5.3,3,187.65,21 / 21,465729,2019-09-06 18:23:52:411,3.381,-1.2859,9.9588,-0.0082,0.0072,9.8066,0.0318,-0.4934,0.0089,-2.19,-32.87,2.44,211.68,-82.06,-161.69
52.37895,-1.515942,135.25,5.3,3,187.65,21 / 21,465829,2019-09-06 18:23:52:511,2.4291,-0.2842,9.9739,-0.0227,0.0026,9.8066,0.0648,-0.4703,0.0064,-2.19,-33,1.19,208.14,-82.05,-163.36
52.37895,-1.515942,135.25,5.3,3,187.65,21 / 21,465929,2019-09-06 18:23:52:611,1.7087,-1.5125,9.838,-0.0069,0,9.8066,-0.0169,-0.4862,0.1003,-3.87,-33.06,0.31,227.3,-82.04,-165.42
52.37895,-1.515942,135.25,5.3,3,187.65,21 / 21,466029,2019-09-06 18:23:52:711,1.3398,-1.598,10.1828,0.0143,0.0112,9.8066,-0.0711,-0.5075,0.0794,-4.5,-33.69,1.13,231.28,-81.78,-165.28
52.37895,-1.515942,135.25,5.3,3,187.65,21 / 21,466128,2019-09-06 18:23:52:810,2.1158,-2.571,10.6792,0.024,0.0208,9.8065,-0.0046,-0.4738,0.0529,-4.75,-33.44,0.25,233.55,-81.57,-165.15
52.37895,-1.515942,135.25,5.3,3,187.65,21 / 21,466228,2019-09-06 18:23:52:910,1.7057,-1.4357,10.2885,0.0076,0.017,9.8066,0.066,-0.4214,0.0423,-5.5,-33.5,0.56,238.05,-81.3,-166.65
52.37895,-1.515942,135.25,5.3,3,187.65,21 / 21,466329,2019-09-06 18:23:53:011,1.8751,-0.8869,10.0796,0.0109,0.009,9.8066,0.0638,-0.435,0.0758,-6.87,-32.94,0,241.89,-81,-167.34
52.37895,-1.515942,135.25,5.3,3,187.65,20 / 20,466429,2019-09-06 18:23:53:111,3.6382,-1.2103,9.6662,0.0353,0.0142,9.8065,-0.0179,-0.4742,0.1352,-7.44,-32.62,0.06,240.9,-80.67,-167.03
52.37895,-1.515942,135.25,5.3,3,187.65,20 / 20,466529,2019-09-06 18:23:53:211,1.8886,-2.8473,10.7136,0.0424,0.0172,9.8065,-0.1212,-0.5038,0.0689,-8.37,-32.94,0,244.38,-80.2,-166.13
52.37895,-1.515942,135.25,5.3,3,187.65,20 / 20,466629,2019-09-06 18:23:53:311,2.1108,-2.6181,10.321,-0.0151,0.0165,9.8065,0.0311,-0.4345,0.0933,-8.62,-32.87,-0.5,247.75,-80.29,-167.15
52.37895,-1.515942,135.25,5.3,3,187.65,20 / 20,466729,2019-09-06 18:23:53:411,0.6714,-1.743,10.0026,0.0033,0.0136,9.8066,0.0215,-0.3837,-0.023,-9.31,-33.56,-0.25,245.78,-80.2,-168.12
52.37895,-1.515942,135.25,5.3,3,187.65,20 / 20,466828,2019-09-06 18:23:53:510,1.0437,-1.5165,9.959,-0.0009,0.0215,9.8065,0.0572,-0.2972,-0.0158,-9.81,-33.25,-0.25,248.07,-80.03,-169.75
52.37895,-1.515942,135.25,5.3,3,187.65,20 / 20,466929,2019-09-06 18:23:53:611,1.088,0.0786,9.3539,-0.0152,0.0195,9.8066,0.038,-0.2769,0.0425,-10,-33.44,-0.62,242.37,-79.98,-171.45
52.37895,-1.515942,135.25,5.3,3,187.65,20 / 20,467029,2019-09-06 18:23:53:711,1.8538,-0.4661,9.4757,-0.0274,0.0034,9.8065,-0.0749,-0.1817,-0.0364,-10.12,-33.31,-0.31,245.74,-79.9,-172.29
52.37895,-1.515942,135.25,5.3,3,187.65,20 / 20,467129,2019-09-06 18:23:53:811,0.4328,-0.5236,10.302,-0.0215,0.0053,9.8066,-0.006,-0.1998,0.0072,-11.12,-32.87,-0.94,243.76,-80.24,-174.03
52.37895,-1.515942,135.25,5.3,3,187.65,20 / 20,467229,2019-09-06 18:23:53:911,0.8273,-0.391,9.8295,-0.012,0.0177,9.8066,0.0192,-0.0987,0.03,-10.19,-32.69,-0.81,240.2,-80.3,-175.41
52.37895,-1.515942,135.25,5.3,3,187.65,20 / 20,467329,2019-09-06 18:23:54:011,0.956,0.3638,9.7434,0.0157,0.018,9.8065,0.0208,-0.0853,-0.008,-11.19,-32.44,-0.75,242.64,-80.18,-176.16
52.37895,-1.515942,135.25,5.3,3,187.65,20 / 20,467428,2019-09-06 18:23:54:110,0.2563,0.9077,10.0571,0.0097,0.011,9.8065,0.074,-0.0848,0.0424,-11.19,-32.94,0,245.36,-80.03,-176.41
52.37895,-1.515942,135.25,5.3,3,187.65,20 / 20,467529,2019-09-06 18:23:54:211,0.6911,-0.5683,10.1211,0.0094,0.0042,9.8065,0.0921,-0.0799,-0.0107,-10.81,-33.06,-0.12,244.82,-79.74,-176.2
52.37895,-1.515942,135.25,5.3,3,187.65,20 / 20,467628,2019-09-06 18:23:54:310,0.1876,0.7013,9.8657,0.0042,0.0105,9.8066,-0.0363,-0.0501,0.0021,-11.5,-32.75,0,243.46,-79.59,-177.49
52.37895,-1.515942,135.25,5.3,3,187.65,20 / 20,467728,2019-09-06 18:23:54:410,0.5785,-0.3358,10.0096,0.0276,0.0128,9.8065,-0.0137,-0.0746,0.0124,-10.69,-32.87,0.25,243.35,-79.48,-177.29
52.37895,-1.515942,135.25,5.3,3,187.65,20 / 20,467829,2019-09-06 18:23:54:511,0.7494,-0.258,9.2918,-0.0117,-0.0004,9.8066,-0.0415,0.0788,0.025,-10.81,-32.44,-0.37,244.12,-79.44,-177.18
52.37895,-1.515942,135.25,5.3,3,187.65,20 / 20,467928,2019-09-06 18:23:54:610,0.6904,-0.2848,9.6344,0.0082,-0.0075,9.8066,-0.0046,-0.0145,0.0968,-10.5,-32.19,-0.56,237.87,-79.59,-177.31
52.37895,-1.515942,135.25,5.3,3,187.65,20 / 20,468029,2019-09-06 18:23:54:711,-0.6052,-0.0738,10.3217,0.0004,-0.0003,9.8066,-0.0026,0.0079,-0.0368,-12,-32.06,-1,244.01,-79.6,-175.69
52.37895,-1.515942,135.25,5.3,3,187.65,20 / 20,468128,2019-09-06 18:23:54:810,-0.3929,-0.0145,10.69,0.0071,0.0003,9.8066,0.0916,0.0206,0.0923,-11.06,-31.87,-1,241.66,-79.58,-175.69
52.37895,-1.515942,135.25,5.3,3,187.65,20 / 20,468229,2019-09-06 18:23:54:911,-0.4052,0.5691,9.822,0.0222,-0.0006,9.8066,-0.021,-0.0926,-0.0107,-11.75,-32.56,0,247.04,-79.3,-174.82
52.37895,-1.515942,135.25,5.3,3,187.65,20 / 20,468328,2019-09-06 18:23:55:010,0.7978,-0.6252,9.36,0.0004,0.0036,9.8065,-0.0626,-0.0024,-0.0085,-11.94,-32.12,-0.5,247.67,-79.15,-174.56
52.37895,-1.515942,135.25,5.3,3,187.65,20 / 20,468429,2019-09-06 18:23:55:111,-0.0499,-0.1748,9.7789,0.002,-0.0071,9.8066,-0.0934,0.0148,0.0245,-11.44,-32.5,-0.56,241.85,-79.27,-174.54
52.37895,-1.515942,135.25,5.3,3,187.65,20 / 20,468529,2019-09-06 18:23:55:211,-0.6662,-0.6245,9.4132,-0.0234,-0.0047,9.8066,-0.1595,-0.0344,-0.0279,-11.44,-32.12,-1.31,242.73,-79.59,-174.34
52.37895,-1.515942,135.25,5.3,3,187.65,20 / 20,468629,2019-09-06 18:23:55:311,0.0081,-0.2791,10.117,-0.0093,-0.0022,9.8066,0.011,0.0295,-0.0697,-11.56,-32.5,-1.31,245.63,-79.88,-174.44
52.37895,-1.515942,135.25,5.3,3,187.65,20 / 20,468729,2019-09-06 18:23:55:411,-0.9212,0.0608,9.4015,0.0161,0.0192,9.8065,-0.0782,-0.0121,0.0533,-11,-32.94,-1.19,241.9,-79.75,-174.93
52.37895,-1.515942,135.25,5.3,3,187.65,20 / 20,468830,2019-09-06 18:23:55:512,0.401,-0.63,9.7288,-0.0041,-0.017,9.8065,0.0981,0.0004,0.055,-11.31,-32.44,-1.25,243.39,-79.66,-173.71
52.37895,-1.515942,135.25,5.3,3,187.65,20 / 20,468929,2019-09-06 18:23:55:611,1.2814,1.47,9.2061,-0.0152,-0.0156,9.8066,-0.1229,-0.0605,0.0052,-11.81,-32.31,-0.87,245.76,-79.56,-173.41
52.37895,-1.515942,135.25,5.3,3,187.65,20 / 20,469029,2019-09-06 18:23:55:711,0.4589,-0.5579,9.7393,0.0008,-0.0156,9.8066,-0.1152,-0.0127,-0.0304,-11.44,-32.44,-0.37,247.66,-79.62,-173.21
52.37895,-1.515942,135.25,5.3,3,187.65,20 / 20,469129,2019-09-06 18:23:55:811,0.3099,0.7368,9.9689,-0.0332,-0.007,9.8065,0.0429,-0.0373,0.0731,-11.81,-32.69,-1.06,246.24,-79.92,-172.91
52.37895,-1.515942,135.25,5.3,3,187.65,20 / 20,469229,2019-09-06 18:23:55:911,-0.1346,-0.1359,9.3615,0.0209,0.0043,9.8065,-0.0837,-0.0484,-0.0194,-11.19,-31.87,-0.87,245.11,-79.84,-172.03
52.37895,-1.515942,135.25,5.3,3,187.65,20 / 20,469329,2019-09-06 18:23:56:011,0.5929,-0.6576,9.6785,0.0254,0.0245,9.8065,-0.0518,-0.0292,-0.0336,-11.06,-32.25,-1.69,241.24,-79.79,-172.09
52.379124,-1.516315,134.61,9.16,3,356.68,21 / 21,469429,2019-09-06 18:23:56:111,-0.0815,0.4267,10.0867,0.0026,-0.0003,9.8066,-0.1096,-0.0295,-0.0175,-10.94,-32.12,-1.12,244.72,-79.9,-172.72
52.379124,-1.516315,134.61,9.16,3,356.68,21 / 21,469529,2019-09-06 18:23:56:211,0.4558,0.3731,9.4529,0.0048,0.0057,9.8066,-0.0335,0.0243,-0.0189,-11.37,-32.19,-1.37,244.9,-80.01,-172.78
52.379124,-1.516315,134.61,9.16,3,356.68,21 / 21,469629,2019-09-06 18:23:56:311,0.3049,-0.8097,9.7307,-0.0105,-0.0074,9.8066,-0.0785,0.0181,-0.0478,-11.19,-31.87,-1.37,245.12,-80.09,-172.76
52.379124,-1.516315,134.61,9.16,3,356.68,21 / 21,469729,2019-09-06 18:23:56:411,-0.2849,-0.8135,9.9706,-0.0134,0.0076,9.8066,-0.0533,-0.0069,-0.0302,-11.19,-32.06,-2.31,241.16,-80.29,-173.58
52.379124,-1.516315,134.61,9.16,3,356.68,21 / 21,469828,2019-09-06 18:23:56:510,-0.7521,-0.277,9.2178,-0.0138,0.0019,9.8066,0.0087,0.0188,-0.0835,-10.94,-32.31,-2,240.14,-80.39,-175.14
52.379124,-1.516315,134.61,9.16,3,356.68,21 / 21,469928,2019-09-06 18:23:56:610,0.4281,-0.1539,9.4545,-0.0119,0.0053,9.8066,-0.0176,-0.0163,-0.0082,-11.12,-32.44,-2.06,239.56,-80.39,-175.89
52.379124,-1.516315,134.61,9.16,3,356.68,21 / 21,470029,2019-09-06 18:23:56:711,0.6664,-0.6152,10.4201,-0.0121,-0.0039,9.8066,-0.0523,0.0198,0.0119,-10.75,-31.62,-1.69,239.47,-80.64,-176.67
52.379124,-1.516315,134.61,9.16,3,356.68,21 / 21,470128,2019-09-06 18:23:56:810,-0.8371,0.7202,9.5669,-0.0299,-0.0086,9.8066,-0.0278,0.0615,-0.0778,-11.12,-32.87,-2.62,235.47,-80.92,-177.31
52.379124,-1.516315,134.61,9.16,3,356.68,21 / 21,470228,2019-09-06 18:23:56:910,-0.4071,-0.9166,9.8443,-0.0008,-0.0094,9.8066,-0.0238,0.0659,-0.0095,-10.56,-31.87,-2.69,236.07,-81.04,-177.54
52.379124,-1.516315,134.61,9.16,3,356.68,21 / 21,470331,2019-09-06 18:23:57:013,0.0406,0.3596,9.4916,-0.0033,-0.0264,9.8065,-0.0166,0.0161,0.0474,-11.62,-31.62,-2.5,242.44,-81.01,-176.8
52.379124,-1.516315,134.61,9.16,3,356.68,20 / 20,470429,2019-09-06 18:23:57:111,0.1213,-0.8436,9.6007,-0.0043,-0.0345,9.8065,-0.0708,-0.0113,0.0351,-11.31,-31.81,-2.56,237.94,-80.99,-175.06
52.379124,-1.516315,134.61,9.16,3,356.68,20 / 20,470529,2019-09-06 18:23:57:211,-0.206,-0.5984,9.6473,-0.0139,-0.018,9.8066,-0.0449,0.0153,0.0191,-11.31,-31.5,-2.62,240.68,-81.29,-173.11
52.379124,-1.516315,134.61,9.16,3,356.68,20 / 20,470629,2019-09-06 18:23:57:311,-0.3299,-0.8708,9.831,-0.0111,-0.0185,9.8065,-0.0127,-0.0516,0.0438,-10.94,-31.5,-3.12,242.4,-81.51,-171.56
52.379124,-1.516315,134.61,9.16,3,356.68,20 / 20,470729,2019-09-06 18:23:57:411,-0.4762,-0.3852,9.6496,-0.0068,-0.0102,9.8066,0.0041,-0.0194,-0.0076,-11.19,-31.56,-2.94,242.48,-81.57,-170.93
52.379124,-1.516315,134.61,9.16,3,356.68,20 / 20,470828,2019-09-06 18:23:57:510,-0.6243,-0.3886,9.4848,-0.0055,-0.0089,9.8066,-0.0227,0.0125,-0.0013,-11.31,-31.37,-2.75,243.85,-81.62,-170.12
52.379124,-1.516315,134.61,9.16,3,356.68,20 / 20,470929,2019-09-06 18:23:57:611,-0.5737,-0.8531,10.1134,-0.0031,-0.0016,9.8066,-0.0109,-0.0239,0.0064,-11.31,-31.87,-2.94,243.02,-81.59,-170.33
52.379124,-1.516315,134.61,9.16,3,356.68,20 / 20,471029,2019-09-06 18:23:57:711,-0.7151,-0.4613,9.7915,-0.0027,-0.0011,9.8066,0.0146,0.0181,-0.0479,-11.31,-32.37,-3.25,242.9,-81.51,-170.26
52.379124,-1.516315,134.61,9.16,3,356.68,20 / 20,471128,2019-09-06 18:23:57:810,-1.2349,-1.075,9.7408,-0.0071,-0.0032,9.8066,0.05,-0.0268,0.0519,-11.12,-31.5,-2.94,243.18,-81.52,-170.65
52.379124,-1.516315,134.61,9.16,3,356.68,20 / 20,471229,2019-09-06 18:23:57:911,-0.8375,-0.2372,9.9361,0.0034,0.0038,9.8066,-0.0221,0.0165,-0.0497,-11.62,-32.06,-3.5,245,-81.28,-170.2
52.379124,-1.516315,134.61,9.16,3,356.68,20 / 20,471329,2019-09-06 18:23:58:011,-0.8644,-0.5312,9.2092,-0.0029,0.0024,9.8066,0.0198,-0.0294,0.0375,-11.31,-32.06,-3.06,241.99,-81.23,-170.62
52.379124,-1.516315,134.61,9.16,3,356.68,21 / 21,471428,2019-09-06 18:23:58:110,-0.782,-0.9246,9.2376,-0.016,-0.0134,9.8066,-0.0164,0.0138,-0.009,-12.25,-32,-3.37,245.44,-81.29,-169.7
52.379124,-1.516315,134.61,9.16,3,356.68,21 / 21,471529,2019-09-06 18:23:58:211,-1.2859,-2.842,8.9349,-0.0036,-0.003,9.8066,0.101,0.0946,-0.1045,-11.37,-31.56,-2.87,243.02,-81.37,-169.72
52.379124,-1.516315,134.61,9.16,3,356.68,21 / 21,471628,2019-09-06 18:23:58:310,-2.3479,-1.2091,9.5342,-0.0818,-0.0439,9.8061,0.1556,-0.0752,0.0577,-11.87,-31.75,-3.25,245.71,-81.33,-169.47
52.379124,-1.516315,134.61,9.16,3,356.68,21 / 21,471729,2019-09-06 18:23:58:411,-1.3869,-0.7762,10.4639,-0.0391,-0.0288,9.8064,0.1312,-0.02,0.0294,-11.19,-32.25,-3.44,244.18,-81.8,-169.5
52.379124,-1.516315,134.61,9.16,3,356.68,21 / 21,471828,2019-09-06 18:23:58:510,-0.4529,-0.1114,10.4691,-0.008,-0.0031,9.8065,0.2393,0.0044,-0.0248,-11.69,-32.12,-3.19,246.37,-81.61,-169.39
52.379124,-1.516315,134.61,9.16,3,356.68,21 / 21,471928,2019-09-06 18:23:58:610,-1.4009,-0.3739,10.4973,-0.0257,-0.0242,9.8065,0.1624,0.0217,-0.042,-11.5,-31.75,-2.94,243.75,-81.57,-169.39
52.379124,-1.516315,134.61,9.16,3,356.68,21 / 21,472029,2019-09-06 18:23:58:711,-0.2305,-0.931,10.105,0.0405,0.0241,9.8064,-0.0423,0.0245,-0.0073,-11.37,-31.69,-3.12,242.97,-81.26,-169.51
52.379124,-1.516315,134.61,9.16,3,356.68,21 / 21,472128,2019-09-06 18:23:58:810,-1.1018,-1.01,9.9785,0.0111,0.0121,9.8066,-0.0511,0.0078,-0.0136,-11.06,-32,-3.44,242.96,-81.33,-169.71
52.379124,-1.516315,134.61,9.16,3,356.68,21 / 21,472228,2019-09-06 18:23:58:910,-1.1794,-1.0004,9.7269,-0.012,0.002,9.8066,0.0131,0.0112,-0.0452,-11.62,-32.19,-3.25,245.53,-81.38,-169.81
52.379124,-1.516315,134.61,9.16,3,356.68,21 / 21,472329,2019-09-06 18:23:59:011,-1.2896,-0.5073,9.6714,-0.0001,-0.0013,9.8066,0.041,0.0319,0.0049,-11.44,-31.94,-2.94,242.51,-81.44,-170.54
52.379124,-1.516315,134.61,9.16,3,356.68,21 / 22,472430,2019-09-06 18:23:59:112,-0.6474,-0.6442,9.4872,0.0003,0.0084,9.8066,0.0155,0.0489,-0.0457,-11.19,-31.69,-3.81,238.85,-81.34,-170.65
52.379124,-1.516315,134.61,9.16,3,356.68,21 / 22,472529,2019-09-06 18:23:59:211,-1.7066,-0.5675,9.5918,-0.0105,-0.0008,9.8066,0.0141,0.0657,-0.013,-10.31,-31.94,-2.81,238.82,-81.4,-171.47
52.379124,-1.516315,134.61,9.16,3,356.68,21 / 22,472629,2019-09-06 18:23:59:311,-1.0008,-0.1241,9.8065,-0.0033,0.0033,9.8065,-0.0542,0.0035,-0.0298,-11.44,-32.44,-2.81,241.72,-81.49,-171.63
52.379124,-1.516315,134.61,9.16,3,356.68,21 / 22,472728,2019-09-06 18:23:59:410,-2.0803,-0.4164,10.0862,-0.0097,0.0017,9.8066,-0.0327,0.0878,-0.0359,-10.19,-31.69,-3,238.93,-81.68,-172.13
52.379124,-1.516315,134.61,9.16,3,356.68,21 / 22,472828,2019-09-06 18:23:59:510,-1.7966,-0.5123,9.9055,-0.0113,0.0106,9.8065,-0.0109,0.0849,-0.0621,-10.75,-32.37,-2.56,241.15,-81.78,-173.1
52.379124,-1.516315,134.61,9.16,3,356.68,21 / 22,472929,2019-09-06 18:23:59:611,-2.6701,0.2447,10.0211,-0.0032,0.0156,9.8066,0.0729,0.0825,-0.0319,-10.06,-31.81,-3.44,237.28,-81.76,-174.43
52.379124,-1.516315,134.61,9.16,3,356.68,21 / 22,473028,2019-09-06 18:23:59:710,-2.0991,-0.4007,9.9793,-0.0182,-0.0002,9.8066,0.1024,0.0638,-0.0005,-9.94,-32.31,-2.62,236.46,-81.69,-175.3
52.379124,-1.516315,134.61,9.16,3,356.68,21 / 22,473129,2019-09-06 18:23:59:811,-2.644,0.3752,9.8414,0.0039,0.0005,9.8066,0.0354,0.157,-0.0358,-9.31,-32.75,-2.75,232.25,-81.49,-175.42
52.379124,-1.516315,134.61,9.16,3,356.68,21 / 22,473228,2019-09-06 18:23:59:910,-3.1296,0.353,10.3068,0.0112,-0.0012,9.8066,0.0585,0.1805,-0.0053,-9.12,-32.19,-2.75,232.84,-81.34,-174.97
52.379124,-1.516315,134.61,9.16,3,356.68,21 / 22,473329,2019-09-06 18:24:00:011,-2.8403,0.8388,10.1038,0.0144,0.0069,9.8066,-0.0139,0.1784,0.0074,-9,-33.25,-2.25,236.16,-81.15,-174.18
52.379124,-1.516315,134.61,9.16,3,356.68,20 / 20,473428,2019-09-06 18:24:00:110,-3.727,1.5958,10.0387,-0.001,-0.0062,9.8066,0.101,0.292,-0.0893,-9,-33.06,-2.19,236.85,-81.09,-173.03
52.379124,-1.516315,134.61,9.16,3,356.68,20 / 20,473529,2019-09-06 18:24:00:211,-2.2848,2.1681,9.158,-0.0041,0.0056,9.8066,-0.0529,0.3018,-0.0231,-8.12,-33.44,-1.37,236.98,-80.99,-173.41
52.379124,-1.516315,134.61,9.16,3,356.68,20 / 20,473628,2019-09-06 18:24:00:310,-2.9528,0.7406,9.6774,0.0209,-0.0177,9.8066,-0.0983,0.2728,-0.0021,-8.12,-32.81,-1.75,233.78,-80.9,-171.54
52.379124,-1.516315,134.61,9.16,3,356.68,20 / 20,473728,2019-09-06 18:24:00:410,-2.9961,1.9764,10.0127,-0.0022,-0.0144,9.8066,0.0123,0.3559,-0.0631,-7.69,-32.12,-1.31,239.98,-81.03,-170.46
52.379124,-1.516315,134.61,9.16,3,356.68,20 / 20,473829,2019-09-06 18:24:00:511,-3.487,0.9428,10.1744,0.013,-0.0063,9.8066,-0.0363,0.3101,0.0019,-6.81,-32.19,-1.25,236.2,-81.12,-170.16
52.379124,-1.516315,134.61,9.16,3,356.68,20 / 20,473928,2019-09-06 18:24:00:610,-2.5554,0.7818,9.9924,0.0202,-0.0054,9.8065,0.0298,0.2793,0.0041,-6.37,-32.25,-1.62,227.63,-81.01,-168.25
52.379124,-1.516315,134.61,9.16,3,356.68,20 / 20,474028,2019-09-06 18:24:00:710,-2.8242,0.5307,9.5979,0.0189,-0.0007,9.8066,0.063,0.3489,-0.0112,-5.44,-31.44,-2.12,222.51,-80.76,-167.11
52.379124,-1.516315,134.61,9.16,3,356.68,20 / 20,474128,2019-09-06 18:24:00:810,-2.3992,0.6692,9.8565,0.0182,0.0067,9.8065,0.0499,0.3221,0.0368,-5.87,-31.87,-1.31,231.27,-80.49,-166.54
52.379124,-1.516315,134.61,9.16,3,356.68,20 / 20,474229,2019-09-06 18:24:00:911,-3.093,-0.4537,10.0691,0.0125,-0.0111,9.8065,0.0274,0.2717,-0.0483,-4.25,-32.31,-1.06,217.9,-80.37,-165.16
52.379124,-1.516315,134.61,9.16,3,356.68,20 / 20,474329,2019-09-06 18:24:01:011,-1.94,0.3726,10.0563,-0.0034,-0.0172,9.8066,0.0235,0.2199,0.0448,-4.81,-32.44,-0.56,225.32,-80.31,-164.6
52.379124,-1.516315,134.61,9.16,3,356.68,20 / 20,474429,2019-09-06 18:24:01:111,-1.0705,0.7747,9.7204,0.0281,0.0219,9.8065,-0.062,0.3039,-0.0565,-4.56,-32.69,0,227.88,-80.03,-163.83
52.379124,-1.516315,134.61,9.16,3,356.68,20 / 20,474528,2019-09-06 18:24:01:210,-2.1717,0.3787,9.4065,0.0211,0.0048,9.8065,0.0479,0.2369,0.0048,-4.69,-32.12,0.5,235.2,-80.09,-162.89
52.379124,-1.516315,134.61,9.16,3,356.68,20 / 20,474628,2019-09-06 18:24:01:310,-2.3016,-0.406,9.4966,-0.0105,-0.0118,9.8066,-0.0778,0.1763,0.0133,-4.19,-32.62,0.31,220.96,-80.25,-162.32
52.379124,-1.516315,134.61,9.16,3,356.68,20 / 20,474730,2019-09-06 18:24:01:412,-1.9604,0.1556,9.6732,0.0054,-0.005,9.8066,0.1305,0.2245,-0.0007,-3,-32.06,0.75,215.66,-80.29,-161.79
52.379124,-1.516315,134.61,9.16,3,356.68,20 / 20,474828,2019-09-06 18:24:01:510,-1.3075,0.5767,9.7292,-0.0013,-0.0236,9.8065,0.1046,0.1717,0.0072,-3.62,-32.25,1.25,227.51,-80.33,-161.19
52.379124,-1.516315,134.61,9.16,3,356.68,20 / 20,474928,2019-09-06 18:24:01:610,-1.5255,0.0173,9.7075,0.0041,-0.0289,9.8066,0.0246,0.1456,-0.0323,-2.87,-32.87,1.25,214.78,-80.4,-159.75
52.379124,-1.516315,134.61,9.16,3,356.68,20 / 20,475028,2019-09-06 18:24:01:710,-1.6677,-0.3831,10.0467,0.0019,0.0004,9.8066,0.0298,0.096,0.0152,-2.75,-32.31,1,216.2,-80.43,-158.98
52.379124,-1.516315,134.61,9.16,3,356.68,20 / 20,475129,2019-09-06 18:24:01:811,-0.7138,0.1976,10.3428,0.0044,-0.0084,9.8066,0.0977,0.0991,0.0374,-2.87,-32.81,1.44,215.1,-80.49,-158.4
52.379124,-1.516315,134.61,9.16,3,356.68,20 / 20,475229,2019-09-06 18:24:01:911,-0.9735,0.426,9.9751,0.0032,0.0157,9.8066,0.0012,0.1004,-0.0224,-2.69,-32.44,1.25,215.89,-80.37,-158.3
52.379124,-1.516315,134.61,9.16,3,356.68,20 / 20,475329,2019-09-06 18:24:02:011,-0.5021,0.1241,10.0553,0.0041,0.0242,9.8065,-0.0145,0.0512,0.0232,-2.69,-32.75,1.94,217.77,-80.27,-158.65
52.379124,-1.516315,134.61,9.16,3,356.68,21 / 21,475429,2019-09-06 18:24:02:111,-0.3307,-0.6496,9.7713,-0.0096,-0.0225,9.8066,0.0464,0.0436,-0.016,-2.75,-32.25,1.88,218.73,-80.13,-158.5
52.379124,-1.516315,134.61,9.16,3,356.68,21 / 21,475531,2019-09-06 18:24:02:213,-0.674,0.221,9.947,-0.0144,-0.0201,9.8065,0.031,0.0838,-0.0082,-2.5,-33.5,2.75,200.73,-80.35,-158.82
52.379124,-1.516315,134.61,9.16,3,356.68,21 / 21,475629,2019-09-06 18:24:02:311,-0.2211,-0.5791,9.8706,-0.0015,0.0077,9.8066,-0.0355,0.0267,0.008,-1.81,-31.87,2.13,202.24,-80.33,-159.15
52.379124,-1.516315,134.61,9.16,3,356.68,21 / 21,475730,2019-09-06 18:24:02:412,-0.0602,-1.0684,10.187,-0.0072,-0.0041,9.8066,0.04,-0.0095,-0.0066,-2.31,-32.5,2.5,203.87,-80.49,-159.23
52.379124,-1.516315,134.61,9.16,3,356.68,21 / 21,475829,2019-09-06 18:24:02:511,-0.4411,1.5858,9.9082,-0.0074,0.0332,9.8065,-0.0645,-0.0013,-0.0151,-1.81,-32.56,1.69,201.92,-80.39,-160.12
52.379124,-1.516315,134.61,9.16,3,356.68,21 / 21,475929,2019-09-06 18:24:02:611,0.0258,-1.4899,9.7366,-0.0049,0.0284,9.8065,-0.0343,-0.0154,-0.0161,-1.56,-32.31,2.88,205.39,-80.41,-160.68
52.379124,-1.516315,134.61,9.16,3,356.68,21 / 21,476029,2019-09-06 18:24:02:711,-0.8009,-0.5746,9.977,-0.0083,-0.0172,9.8066,0.0903,0.0539,0.0037,-1.87,-32.75,2.63,205.18,-80.49,-161.61
52.379124,-1.516315,134.61,9.16,3,356.68,21 / 21,476128,2019-09-06 18:24:02:810,-0.7682,-0.0323,9.9076,-0.0052,-0.017,9.8066,0.0504,0.0296,-0.0205,-1.87,-31.94,2.25,205.17,-80.64,-161.75
52.379124,-1.516315,134.61,9.16,3,356.68,21 / 21,476229,2019-09-06 18:24:02:911,-0.1195,-0.6015,9.8259,-0.0135,0.0013,9.8066,0.0005,0.0032,0.0203,-2.06,-32.81,2.56,208.04,-80.71,-162.75
52.379124,-1.516315,134.61,9.16,3,356.68,21 / 21,476329,2019-09-06 18:24:03:011,-0.5252,-0.4787,9.5544,0.0008,0.0056,9.8066,-0.0205,0.0287,-0.033,-1.62,-32.12,1.69,206.26,-80.74,-162.94
52.379124,-1.516315,134.61,9.16,3,356.68,20 / 20,476429,2019-09-06 18:24:03:111,0.2614,-0.4713,10.217,-0.0133,-0.0254,9.8065,0.06,-0.0141,0.0431,-1.25,-33.06,1.94,187.33,-80.87,-163.59
52.379124,-1.516315,134.61,9.16,3,356.68,20 / 20,476529,2019-09-06 18:24:03:211,-0.7246,-0.0453,10.0273,-0.0012,-0.0311,9.8066,-0.0454,0.0107,-0.0102,-1.87,-32.37,2.19,207.44,-80.9,-163.59
52.379124,-1.516315,134.61,9.16,3,356.68,20 / 20,476628,2019-09-06 18:24:03:310,-0.5286,-0.9731,10.0801,-0.0062,0.011,9.8066,-0.005,0.0093,-0.0117,-1.75,-32.87,2.13,206.45,-80.92,-164.13
52.379124,-1.516315,134.61,9.16,3,356.68,20 / 20,476728,2019-09-06 18:24:03:410,-0.7256,-0.3344,9.8693,-0.0068,0.0045,9.8066,0.0364,0.0142,-0.0087,-1.37,-32.25,1.44,190.38,-80.88,-165.02
52.379124,-1.516315,134.61,9.16,3,356.68,20 / 20,476828,2019-09-06 18:24:03:510,-0.4463,-0.2341,9.4725,-0.007,0.0071,9.8066,-0.0651,0.0613,-0.0423,-1.81,-32.69,2.44,207,-80.82,-166.2
52.379124,-1.516315,134.61,9.16,3,356.68,20 / 20,476929,2019-09-06 18:24:03:611,-0.5857,-1.4484,9.376,-0.0067,0.0164,9.8065,0.0876,0.0596,-0.0127,-1.31,-32.87,2.13,189.6,-80.81,-167.1
52.379124,-1.516315,134.61,9.16,3,356.68,20 / 20,477029,2019-09-06 18:24:03:711,-0.7643,-1.2695,9.5696,-0.0127,-0.0378,9.8065,0.0224,0.0787,-0.0422,-0.87,-33.12,2.81,190.68,-81.16,-168.3
52.379124,-1.516315,134.61,9.16,3,356.68,20 / 20,477130,2019-09-06 18:24:03:812,-1.4576,-0.6993,9.887,-0.0135,-0.0178,9.8066,-0.0105,0.0935,-0.0898,-0.94,-32.37,2.25,192.69,-81.27,-169.42
52.379124,-1.516315,134.61,9.16,3,356.68,20 / 20,477229,2019-09-06 18:24:03:911,-1.3764,-0.4935,10.0016,-0.0182,0.0017,9.8066,0.0224,0.0988,-0.0261,-0.56,-32.19,2.75,196.64,-81.39,-170.84
52.379124,-1.516315,134.61,9.16,3,356.68,20 / 20,477329,2019-09-06 18:24:04:011,-1.7,-0.8449,9.6392,-0.0164,0.005,9.8065,0.023,0.127,-0.0265,-0.56,-32.5,2.38,195.47,-81.44,-172.81
52.379124,-1.516315,134.61,9.16,3,356.68,20 / 21,477428,2019-09-06 18:24:04:110,-1.9056,-0.7182,9.5435,-0.0094,-0.0072,9.8066,-0.0427,0.1361,-0.0713,0.25,-32,3.56,153.73,-81.42,-174.06
52.379124,-1.516315,134.61,9.16,3,356.68,20 / 21,477528,2019-09-06 18:24:04:210,-1.3824,-0.9499,10.3473,-0.011,0.006,9.8066,-0.014,0.1407,-0.0034,0.25,-32.25,3,171.62,-81.39,-174.82
52.379124,-1.516315,134.61,9.16,3,356.68,20 / 21,477629,2019-09-06 18:24:04:311,-1.3475,-1.3264,9.6279,-0.0076,0.0104,9.8066,-0.0172,0.1462,-0.0274,0,-31.87,4.19,158.55,-81.32,-174.98
52.379124,-1.516315,134.61,9.16,3,356.68,20 / 21,477728,2019-09-06 18:24:04:410,-1.0262,-0.7549,9.3464,-0.0143,0.0155,9.8066,-0.0338,0.1919,-0.0363,-0.12,-32.37,4.31,158.57,-81.34,-175.06
52.379124,-1.516315,134.61,9.16,3,356.68,20 / 21,477829,2019-09-06 18:24:04:511,-1.2631,-1.1699,9.0832,-0.0013,-0.0113,9.8066,-0.0704,0.2018,-0.0217,1.13,-31.44,4.19,122.62,-81.3,-176.09
52.379124,-1.516315,134.61,9.16,3,356.68,20 / 21,477928,2019-09-06 18:24:04:610,-0.3275,-2.2271,10.1114,0.0213,-0.0106,9.8065,-0.0492,0.2235,-0.0413,1.63,-32.25,4.31,110.28,-81.62,-176.93
52.379124,-1.516315,134.61,9.16,3,356.68,20 / 21,478029,2019-09-06 18:24:04:711,-0.4532,-2.0995,10.6269,-0.0026,0.0033,9.8066,0.0308,0.2514,-0.0009,1.38,-31.62,3.63,113.7,-82.04,-177.06
52.379124,-1.516315,134.61,9.16,3,356.68,20 / 21,478129,2019-09-06 18:24:04:811,-0.9393,-2.0133,10.2023,0.0015,0.0035,9.8066,0.1223,0.237,-0.0458,1.31,-31.37,4.25,104.53,-82.18,-176.7
52.379124,-1.516315,134.61,9.16,3,356.68,20 / 21,478229,2019-09-06 18:24:04:911,-0.1437,-2.1726,10.0724,-0.0217,-0.0056,9.8066,0.0158,0.2667,-0.0502,1.69,-31.87,4.88,80.54,-81.99,-176.91
52.379124,-1.516315,134.61,9.16,3,356.68,20 / 21,478331,2019-09-06 18:24:05:013,1.0513,-2.6023,9.9972,-0.0048,-0.0064,9.8066,0.0304,0.2075,-0.014,1.81,-31.75,5.56,60.54,-81.85,-177.17
52.37976,-1.516684,133.43,8.77,3,307.92,20 / 20,478428,2019-09-06 18:24:05:110,2.7938,-2.2757,10.0736,0.0184,-0.0061,9.8065,0.1086,0.3389,-0.0712,3.06,-32.06,5.75,69.72,-81.78,-177.26
52.37976,-1.516684,133.43,8.77,3,307.92,20 / 20,478528,2019-09-06 18:24:05:210,0.1966,-1.4307,10.5683,0.0096,-0.0313,9.8065,-0.0426,0.3238,-0.1334,3,-31.56,7.13,52.98,-81.85,-179.11
52.37976,-1.516684,133.43,8.77,3,307.92,20 / 20,478629,2019-09-06 18:24:05:311,2.4303,-3.338,8.6845,-0.0049,-0.0408,9.8065,-0.0359,0.1692,0.0001,3.56,-31.62,7.31,55.52,-81.88,177.76
52.37976,-1.516684,133.43,8.77,3,307.92,20 / 20,478729,2019-09-06 18:24:05:411,0.933,-2.5319,9.1571,0.0187,-0.0015,9.8065,-0.1467,0.2942,-0.0641,4,-31.19,7.69,43.85,-81.99,177.36
52.37976,-1.516684,133.43,8.77,3,307.92,20 / 20,478828,2019-09-06 18:24:05:510,-0.5515,-1.9865,9.0649,-0.0045,-0.022,9.8066,-0.1398,0.2649,-0.0305,4.56,-31.12,7.94,47.21,-82.09,175.44
52.37976,-1.516684,133.43,8.77,3,307.92,20 / 20,478929,2019-09-06 18:24:05:611,2.0888,-1.6325,9.1902,0.0468,-0.0016,9.8065,-0.0332,0.2641,0.0101,5.13,-30.62,7.69,41.64,-82.47,172.69
52.37976,-1.516684,133.43,8.77,3,307.92,20 / 20,479028,2019-09-06 18:24:05:710,1.9192,-1.3039,9.8931,-0.0054,0.0037,9.8066,0.1189,0.2579,-0.0669,5.44,-30.31,8.19,41.18,-82.42,172.84
52.37976,-1.516684,133.43,8.77,3,307.92,20 / 20,479129,2019-09-06 18:24:05:811,1.2682,-1.6428,9.6773,0.0066,0.0172,9.8066,0.0525,0.1732,-0.0197,5.19,-30.69,8.94,36.19,-82.36,173.17
52.37976,-1.516684,133.43,8.77,3,307.92,20 / 20,479229,2019-09-06 18:24:05:911,0.7069,-1.6899,10.2602,-0.0388,-0.0194,9.8065,-0.0606,0.2575,0.0282,5.75,-30.44,9.13,43.13,-82.15,174.09
52.37976,-1.516684,133.43,8.77,3,307.92,20 / 20,479328,2019-09-06 18:24:06:010,0.8535,-1.5387,9.8264,0.0036,-0.0005,9.8065,-0.3188,0.2343,0.0184,5.69,-30.94,9.75,39.85,-82.11,175.03
52.37976,-1.516684,133.43,8.77,3,307.92,20 / 20,479430,2019-09-06 18:24:06:112,0.4385,-1.6966,10.4475,-0.0473,-0.0335,9.8065,-0.1345,0.0826,0.0074,5.69,-30.19,10.06,38.62,-82.41,175.12
52.37976,-1.516684,133.43,8.77,3,307.92,20 / 20,479528,2019-09-06 18:24:06:210,1.5003,0.0263,10.2492,0.0851,0.0885,9.8059,-0.4464,0.2254,0.0314,5.56,-31.06,10.13,40.96,-82.45,176.47
52.37976,-1.516684,133.43,8.77,3,307.92,20 / 20,479628,2019-09-06 18:24:06:310,1.9965,-1.026,10.0215,0.0123,0.0463,9.8065,0.083,0.1674,0.043,6.69,-30.75,10.63,39.86,-83.21,176.78
52.37976,-1.516684,133.43,8.77,3,307.92,20 / 20,479728,2019-09-06 18:24:06:410,0.7677,-1.2504,10.2286,-0.0103,-0.0464,9.8064,0.3162,0.1985,-0.0652,5.56,-30.75,11,36.1,-83.01,177.05
52.37976,-1.516684,133.43,8.77,3,307.92,20 / 20,479828,2019-09-06 18:24:06:510,1.3108,-0.1665,9.9265,0.026,0.0368,9.8065,-0.0904,0.2961,-0.0442,6.31,-30.75,11.19,34.91,-83.42,176.77
52.37976,-1.516684,133.43,8.77,3,307.92,20 / 20,479929,2019-09-06 18:24:06:611,0.5547,-1.4274,10.2572,-0.0414,-0.0628,9.8063,0.2913,0.1794,-0.0254,5.69,-30.56,11.19,35.45,-83.14,176.75
52.37976,-1.516684,133.43,8.77,3,307.92,20 / 20,480028,2019-09-06 18:24:06:710,-0.4002,-1.1994,9.6352,-0.0297,-0.0131,9.8065,0.2159,0.1139,-0.0758,5.94,-31,11.94,32.66,-82.62,176.65
52.37976,-1.516684,133.43,8.77,3,307.92,20 / 20,480130,2019-09-06 18:24:06:812,0.9281,-0.1733,9.7471,0.0126,0.0188,9.8066,0.1226,0.0734,0.0013,5.5,-30.81,12.06,34.97,-82.08,177.6
52.37976,-1.516684,133.43,8.77,3,307.92,20 / 20,480228,2019-09-06 18:24:06:910,0.1145,-0.3391,9.6404,0.0054,0.0199,9.8066,0.0411,0.0667,-0.0031,5.38,-30.56,12.44,30.62,-82.15,178.19
52.37976,-1.516684,133.43,8.77,3,307.92,20 / 20,480329,2019-09-06 18:24:07:011,0.5735,0.2147,9.5847,-0.0008,-0.0008,9.8065,-0.029,0.0209,0.0337,5.81,-30.87,12.25,35.2,-82.26,178.01
52.37976,-1.516684,133.43,8.77,3,307.92,20 / 20,480429,2019-09-06 18:24:07:111,0.202,0.3476,10.3415,-0.0326,-0.0248,9.8065,-0.0564,0.0057,-0.0387,5.81,-30.5,12.5,32.9,-82.15,178.92
52.37976,-1.516684,133.43,8.77,3,307.92,20 / 20,480528,2019-09-06 18:24:07:210,1.2486,-0.9211,8.8545,0.0096,0.0014,9.8066,-0.083,-0.0295,0.0784,6.13,-30.81,12.5,32.59,-82.18,178.42
52.37976,-1.516684,133.43,8.77,3,307.92,20 / 20,480630,2019-09-06 18:24:07:312,1.2834,0.9127,9.5784,0.0005,0.0009,9.8066,0.1402,0.0156,0.0355,6.25,-30.94,12.31,36.72,-82.04,178.83
52.37976,-1.516684,133.43,8.77,3,307.92,20 / 20,480728,2019-09-06 18:24:07:410,-1.2544,-0.4417,10.1072,0.0309,0.026,9.8065,-0.0279,0.002,0.0033,6.75,-30.87,13.38,38.44,-81.96,179.31
52.37976,-1.516684,133.43,8.77,3,307.92,20 / 20,480829,2019-09-06 18:24:07:511,-0.0349,0.2969,10.0402,0.0297,0.046,9.8064,0.1453,0.0193,-0.0452,6.31,-30.62,12.75,32.31,-82.45,178.54
52.37976,-1.516684,133.43,8.77,3,307.92,20 / 20,480929,2019-09-06 18:24:07:611,-0.2517,-0.3297,10.0247,-0.0278,-0.034,9.8065,0.203,-0.0106,0.0667,6.69,-31.06,13,36.49,-82.23,178.19
52.37976,-1.516684,133.43,8.77,3,307.92,20 / 20,481028,2019-09-06 18:24:07:710,0.7992,-0.4235,10.0078,-0.0031,-0.0232,9.8065,0.1635,0.0876,-0.1033,6.5,-30.44,13.19,35.77,-82.19,177.89
52.37976,-1.516684,133.43,8.77,3,307.92,20 / 20,481129,2019-09-06 18:24:07:811,0.5674,-0.0213,9.7857,0.0161,0.0487,9.8064,-0.203,0.0114,0.0374,6.44,-31,13.06,31.05,-82.17,177.27
52.37976,-1.516684,133.43,8.77,3,307.92,20 / 20,481229,2019-09-06 18:24:07:911,-0.238,0.8938,9.5819,0.016,0.0184,9.8065,0.2214,0.1373,-0.0288,5.88,-31.31,13.25,31.55,-82.18,177.64
52.37976,-1.516684,133.43,8.77,3,307.92,20 / 20,481329,2019-09-06 18:24:08:011,-0.3109,0.2461,9.696,0.0431,0.0429,9.8064,-0.0756,-0.0552,-0.0535,6.25,-30.94,13.56,27.52,-81.96,176.52
52.37976,-1.516684,133.43,8.77,3,307.92,20 / 20,481429,2019-09-06 18:24:08:111,0.0553,-0.0488,9.9728,-0.0019,-0.0027,9.8066,0.148,0.0261,-0.0343,6.38,-31.37,13.31,30.49,-81.96,176.61
52.37976,-1.516684,133.43,8.77,3,307.92,20 / 20,481528,2019-09-06 18:24:08:210,-0.6369,0.7176,10.1663,-0.0132,-0.0356,9.8065,0.2354,-0.0868,-0.0005,5.75,-31,12.38,33.13,-82.23,176.46
52.37976,-1.516684,133.43,8.77,3,307.92,20 / 20,481630,2019-09-06 18:24:08:312,0.2377,-0.587,9.86,0.0419,0.0578,9.8063,0.0577,-0.011,0.0035,6.19,-31.25,12.75,27.82,-82.75,175.52
52.37976,-1.516684,133.43,8.77,3,307.92,20 / 20,481729,2019-09-06 18:24:08:411,1.0831,-1.0017,8.3536,-0.0261,-0.0384,9.8065,0.0854,0.1676,-0.023,5.31,-31.5,12.81,24.45,-82.22,176.04
52.37976,-1.516684,133.43,8.77,3,307.92,20 / 20,481829,2019-09-06 18:24:08:511,0.6731,3.3787,10.6246,-0.0434,-0.0138,9.8065,0.2125,0.1131,-0.0028,4.56,-32.62,12.31,32.23,-81.93,178.37
52.37976,-1.516684,133.43,8.77,3,307.92,20 / 20,481929,2019-09-06 18:24:08:611,-0.2283,3.4224,9.9876,0.0797,0.0835,9.8059,-0.1685,-0.1284,-0.0518,4.56,-32.19,13.75,26.54,-81.55,178.49
52.37976,-1.516684,133.43,8.77,3,307.92,20 / 20,482028,2019-09-06 18:24:08:710,1.5539,1.2594,10.803,-0.0015,-0.0251,9.8066,0.2055,0.1421,-0.1276,4.94,-31.87,14.81,21.19,-82.05,176.76
52.37976,-1.516684,133.43,8.77,3,307.92,20 / 20,482128,2019-09-06 18:24:08:810,-0.3885,-1.1643,9.8522,-0.0111,-0.0587,9.8065,0.2323,0.1555,-0.0604,4.69,-31.81,14.63,21.78,-81.74,176.93
52.37976,-1.516684,133.43,8.77,3,307.92,20 / 20,482229,2019-09-06 18:24:08:911,-0.2569,-1.3141,10.2984,-0.0025,-0.005,9.8066,0.3539,0.056,-0.0263,5.38,-31.5,14.06,22.18,-81.87,175.92
52.37976,-1.516684,133.43,8.77,3,307.92,20 / 20,482329,2019-09-06 18:24:09:011,0.0058,-0.2903,10.3191,-0.0235,-0.0492,9.8065,-0.2244,0.0069,0.0238,5.63,-31.94,13.31,30.56,-81.76,176.12
52.37976,-1.516684,133.43,8.77,3,307.92,21 / 21,482428,2019-09-06 18:24:09:110,1.1679,0.5771,9.1086,-0.0315,-0.0401,9.8065,-0.1483,0.0568,0.0197,5.13,-31.44,13.25,25.71,-81.96,176.67
52.37976,-1.516684,133.43,8.77,3,307.92,21 / 21,482529,2019-09-06 18:24:09:211,1.3543,2.0768,9.5293,0.0208,0.0671,9.8063,0.112,-0.0425,0.0065,4.75,-31.56,12.81,27.57,-82.37,178.19
52.37976,-1.516684,133.43,8.77,3,307.92,21 / 21,482629,2019-09-06 18:24:09:311,0.4408,1.3935,9.0537,0.0146,0.0449,9.8064,-0.0119,0.0151,0.0171,4.94,-31.75,12.56,29.41,-82.22,179.35
52.37976,-1.516684,133.43,8.77,3,307.92,21 / 21,482729,2019-09-06 18:24:09:411,0.0695,0.1082,10.3275,-0.0174,-0.0032,9.8066,0.1583,0.0093,0.0433,4.44,-32.06,12.69,26.06,-82.01,-179.54
52.37976,-1.516684,133.43,8.77,3,307.92,21 / 21,482829,2019-09-06 18:24:09:511,0.2303,-0.2341,10.4114,-0.001,0.0215,9.8066,0.2166,0.0235,-0.0001,5,-32,13.38,32.8,-82.1,-178.37
52.37976,-1.516684,133.43,8.77,3,307.92,21 / 21,482929,2019-09-06 18:24:09:611,0.0505,0.2643,10.1111,-0.0181,-0.0292,9.8065,-0.067,0.0071,0.0033,4.69,-32.12,13.38,33.49,-82.14,-177.81
52.37976,-1.516684,133.43,8.77,3,307.92,21 / 21,483029,2019-09-06 18:24:09:711,0.4262,0.6413,10.4219,-0.0015,-0.0004,9.8066,0.0921,-0.0392,0.0489,4.81,-31.25,13.25,33.32,-82.15,-177.6
52.37976,-1.516684,133.43,8.77,3,307.92,21 / 21,483128,2019-09-06 18:24:09:810,-0.0632,0.8807,10.028,-0.0077,-0.0512,9.8064,0.0221,0.1047,-0.0154,4.44,-31.94,12.75,28.67,-81.72,-178.06
52.37976,-1.516684,133.43,8.77,3,307.92,21 / 21,483228,2019-09-06 18:24:09:910,-0.0912,0.5066,9.179,-0.0036,0.0192,9.8066,0.0974,0.0321,-0.0022,4.38,-32.06,13.31,29.84,-81.61,-177.39
52.37976,-1.516684,133.43,8.77,3,307.92,21 / 21,483331,2019-09-06 18:24:10:013,0.5864,1.5076,9.6795,0.0109,-0.0277,9.8065,-0.1382,0.08,-0.134,4.44,-32.06,12.38,30.59,-81.32,-179.37
52.37976,-1.516684,133.43,8.77,3,307.92,20 / 20,483429,2019-09-06 18:24:10:111,1.9032,0.5092,9.495,-0.024,-0.051,9.8064,-0.2547,-0.0376,0.0129,4.75,-31.44,12.06,33.63,-81.32,179.17
52.37976,-1.516684,133.43,8.77,3,307.92,20 / 20,483528,2019-09-06 18:24:10:210,0.3803,2.0059,8.6659,0.0051,0.0026,9.8066,0.145,-0.0111,-0.0668,4.13,-32.06,12.81,24.29,-81.42,178.63
52.37976,-1.516684,133.43,8.77,3,307.92,20 / 20,483629,2019-09-06 18:24:10:311,2.0347,0.9431,9.9317,0.0628,0.0725,9.8061,0.1252,-0.0149,-0.0147,5.06,-31.31,12.94,28.14,-81.43,177.81
52.37976,-1.516684,133.43,8.77,3,307.92,20 / 20,483729,2019-09-06 18:24:10:411,0.9654,1.967,9.6015,0.0511,0.0838,9.8061,0.316,-0.15,-0.006,4.13,-31.87,12.5,22.34,-81.23,177.15
52.37976,-1.516684,133.43,8.77,3,307.92,20 / 20,483829,2019-09-06 18:24:10:511,0.1424,1.2605,9.5308,0.0231,0.0505,9.8065,-0.0576,-0.0873,0.0591,4.13,-31.62,12.38,23.59,-81.56,176.37
52.37976,-1.516684,133.43,8.77,3,307.92,20 / 20,483928,2019-09-06 18:24:10:610,-0.0314,0.6614,9.3065,-0.002,-0.0113,9.8065,0.0054,-0.0257,0.0113,4.19,-31.5,12.88,22.1,-81.34,177.34
52.37976,-1.516684,133.43,8.77,3,307.92,20 / 20,484028,2019-09-06 18:24:10:710,1.3257,-0.1102,9.6489,0.0087,0.0112,9.8066,-0.0536,0.0116,0.0842,4.5,-31.87,13,27.96,-81.25,177.19
52.37976,-1.516684,133.43,8.77,3,307.92,20 / 20,484129,2019-09-06 18:24:10:811,-0.3275,1.5245,9.7959,0.0169,0.0337,9.8065,0.0447,-0.0564,0.0777,4.25,-32.56,12.38,27.21,-81.73,178.63
52.37976,-1.516684,133.43,8.77,3,307.92,20 / 20,484229,2019-09-06 18:24:10:911,0.5283,0.9966,9.7094,0.0039,0.02,9.8066,-0.01,0.0139,-0.0102,4.06,-31.87,12.75,24.74,-81.77,179.3
52.37976,-1.516684,133.43,8.77,3,307.92,20 / 20,484329,2019-09-06 18:24:11:011,-0.4953,1.421,10.0432,-0.0236,-0.0095,9.8066,-0.0435,0.008,-0.0371,4.75,-31.94,13.13,30.26,-81.79,179.42
52.37976,-1.516684,133.43,8.77,3,307.92,21 / 21,484429,2019-09-06 18:24:11:111,-0.0633,1.9495,9.944,-0.0018,-0.0191,9.8066,-0.0032,-0.0198,0.0181,4.31,-32.12,12.88,25.6,-81.62,179.73
52.37976,-1.516684,133.43,8.77,3,307.92,21 / 21,484529,2019-09-06 18:24:11:211,0.3203,1.729,9.5192,0.0029,0.0051,9.8066,0.0643,-0.0241,0.0433,4.75,-32.19,12.88,30.91,-81.52,179.55
52.37976,-1.516684,133.43,8.77,3,307.92,21 / 21,484629,2019-09-06 18:24:11:311,1.3396,1.5943,9.9184,0.0075,0.0063,9.8066,-0.0367,-0.0229,0.0161,4.38,-31.31,12.5,24.83,-81.53,179.37
52.37976,-1.516684,133.43,8.77,3,307.92,21 / 21,484728,2019-09-06 18:24:11:410,0.8691,1.7131,9.8311,-0.0077,-0.0075,9.8066,-0.0309,0.0059,-0.0268,4.94,-31.5,13.06,29.57,-81.55,178.95
52.37976,-1.516684,133.43,8.77,3,307.92,21 / 21,484828,2019-09-06 18:24:11:510,0.7487,2.7296,9.6651,0.0098,-0.0096,9.8066,-0.04,-0.1221,0.066,3.81,-31.94,12.56,23.71,-81.64,178.46
52.37976,-1.516684,133.43,8.77,3,307.92,21 / 21,484929,2019-09-06 18:24:11:611,0.5035,2.566,9.2801,0.0151,0.0123,9.8065,0.0167,-0.0317,0.0328,4.63,-31.81,12.69,28.83,-81.7,178.31
52.37976,-1.516684,133.43,8.77,3,307.92,21 / 21,485029,2019-09-06 18:24:11:711,1.4125,2.4345,9.6749,-0.0039,0.0082,9.8066,-0.0445,0.0336,-0.0256,4.25,-31.81,12.38,26.08,-81.76,178.22
52.37976,-1.516684,133.43,8.77,3,307.92,21 / 21,485129,2019-09-06 18:24:11:811,1.5293,2.0136,9.9057,-0.0183,-0.0722,9.8063,0.0991,-0.0211,0.0086,4.56,-31.69,12.5,28.46,-81.04,177.28
52.37976,-1.516684,133.43,8.77,3,307.92,21 / 21,485229,2019-09-06 18:24:11:911,1.0416,1.5384,9.9387,-0.0127,0.0128,9.8065,-0.0522,-0.0499,0.025,5.06,-31.81,12.5,28.95,-81.01,177.57
52.37976,-1.516684,133.43,8.77,3,307.92,21 / 21,485328,2019-09-06 18:24:12:010,1.0106,2.774,9.576,0.0108,0.0243,9.8066,-0.1528,0.0433,-0.007,4.13,-31.75,12.81,24.46,-80.59,177.88
52.37976,-1.516684,133.43,8.77,3,307.92,20 / 20,485429,2019-09-06 18:24:12:111,1.4908,2.6715,9.7814,-0.0268,-0.0791,9.8063,-0.2991,-0.0206,0.0202,4.31,-31.94,12.56,23.76,-80.4,177.25
52.37976,-1.516684,133.43,8.77,3,307.92,20 / 20,485528,2019-09-06 18:24:12:210,1.2859,1.9881,9.9484,-0.0066,-0.0386,9.8066,-0.0009,0.0701,-0.0167,5.31,-31.56,12.44,31.75,-80.61,176.54
52.37976,-1.516684,133.43,8.77,3,307.92,20 / 20,485630,2019-09-06 18:24:12:312,1.2973,2.5276,9.3672,-0.0188,-0.057,9.8065,0.1413,-0.0285,-0.0589,4,-31.69,12.44,25.53,-80.34,176.21
52.37976,-1.516684,133.43,8.77,3,307.92,20 / 20,485729,2019-09-06 18:24:12:411,1.9192,2.5737,9.7745,0.0301,0.0444,9.8065,0.0584,0.0706,0.0113,4.81,-31.5,12.19,29.67,-80.42,175.33
52.37976,-1.516684,133.43,8.77,3,307.92,20 / 20,485829,2019-09-06 18:24:12:511,1.2916,2.6257,9.9429,0.0267,0.0392,9.8065,-0.0827,0.0029,0.0039,4.69,-31.19,12.88,25.91,-80.65,175.46
52.37976,-1.516684,133.43,8.77,3,307.92,20 / 20,485929,2019-09-06 18:24:12:611,0.9342,2.4939,9.3315,0.0265,0.0632,9.8063,-0.134,0.023,-0.057,4.31,-32.19,12.94,20.08,-80.66,175.19
52.37976,-1.516684,133.43,8.77,3,307.92,20 / 20,486029,2019-09-06 18:24:12:711,0.5218,2.4201,9.6706,-0.0036,-0.0355,9.8066,0.1635,0.0423,0.0112,4.81,-31.81,12.94,24.72,-80.59,174.33
52.37976,-1.516684,133.43,8.77,3,307.92,20 / 20,486129,2019-09-06 18:24:12:811,1.4269,2.7517,9.5169,0.0246,0.0072,9.8065,0.0456,-0.0134,0.0128,4.56,-31.62,12.56,23.82,-80.63,173.79
52.37976,-1.516684,133.43,8.77,3,307.92,20 / 20,486229,2019-09-06 18:24:12:911,0.9145,1.8882,9.6808,0.0002,0.0092,9.8066,0.055,0.02,0.0185,4.63,-30.94,12.94,23.68,-80.6,173.94
52.37976,-1.516684,133.43,8.77,3,307.92,20 / 20,486329,2019-09-06 18:24:13:011,0.5482,2.424,9.9453,-0.0018,0.0027,9.8066,0.0257,0.0019,-0.0225,4.31,-31.87,13.06,18.57,-80.61,174.21
52.37976,-1.516684,133.43,8.77,3,307.92,20 / 20,486430,2019-09-06 18:24:13:112,0.9381,2.4701,9.6612,0.0025,0.0008,9.8066,0.0012,-0.0136,-0.0048,4.25,-31.69,12.69,18.51,-80.64,174.19
52.37976,-1.516684,133.43,8.77,3,307.92,20 / 20,486529,2019-09-06 18:24:13:211,0.7786,2.1412,9.6588,-0.0015,0.0016,9.8066,0.0274,0.0044,0.0027,4.94,-32.12,12.81,24.68,-80.67,174.39
52.37976,-1.516684,133.43,8.77,3,307.92,20 / 20,486629,2019-09-06 18:24:13:311,1.0596,2.1012,9.6008,0.0057,0.0037,9.8066,0.0358,-0.003,0.0155,5,-32.06,13.38,24.4,-80.68,174.22
52.37976,-1.516684,133.43,8.77,3,307.92,20 / 20,486729,2019-09-06 18:24:13:411,0.9721,2.1157,9.6373,0.0011,-0.0013,9.8066,0.0338,0.0071,-0.0058,4.81,-31.12,12.88,24.17,-80.66,174.33
52.37976,-1.516684,133.43,8.77,3,307.92,20 / 20,486829,2019-09-06 18:24:13:511,0.9658,2.0562,9.6308,0.0044,0.0042,9.8066,0.0286,-0.0043,-0.0023,4.63,-31.75,12.94,24.19,-80.7,174.1
52.37976,-1.516684,133.43,8.77,3,307.92,20 / 20,486929,2019-09-06 18:24:13:611,0.8474,1.9833,9.9808,-0.0026,-0.0019,9.8066,0.0076,0.0011,0.0022,4.56,-31.94,13.25,24.3,-80.73,174.2
52.37976,-1.516684,133.43,8.77,3,307.92,20 / 20,487029,2019-09-06 18:24:13:711,1.016,2.5589,9.4789,0.0021,0.0024,9.8066,0.027,-0.0006,0.0147,4.63,-31.69,13.38,24.1,-80.79,174.13
52.37976,-1.516684,133.43,8.77,3,307.92,20 / 20,487129,2019-09-06 18:24:13:811,0.5445,1.7915,9.3772,0.0197,0.0469,9.8065,0.051,-0.002,0.0231,4.38,-31.25,13.44,18.9,-80.27,174.37
52.37976,-1.516684,133.43,8.77,3,307.92,20 / 20,487228,2019-09-06 18:24:13:910,0.3541,1.2516,9.815,-0.0062,0.0072,9.8066,-0.0043,0.0113,0.0451,4.56,-31.81,13.69,20.44,-81.52,174.21
52.37976,-1.516684,133.43,8.77,3,307.92,20 / 20,487329,2019-09-06 18:24:14:011,0.5297,1.2633,9.5466,0.0235,0.0773,9.8062,0.113,0.1032,-0.0175,4.63,-31.44,13.25,24.91,-81.39,175.28
52.37994,-1.517714,133.16,3.17,3,284.4,21 / 21,487429,2019-09-06 18:24:14:111,0.0318,1.0919,9.6117,-0.0022,-0.0079,9.8066,-0.0536,-0.0063,0,4,-32.12,13.13,19.5,-81.44,175.48
52.37994,-1.517714,133.16,3.17,3,284.4,21 / 21,487529,2019-09-06 18:24:14:211,0.2626,1.257,9.9294,0.0019,0.0093,9.8066,0.0533,-0.0123,0.0213,4.63,-31.94,12.94,24.69,-81.43,175.17
52.37994,-1.517714,133.16,3.17,3,284.4,21 / 21,487629,2019-09-06 18:24:14:311,0.4525,1.2987,10.0068,0.0072,0.0063,9.8066,0.0154,-0.0155,-0.0236,4.44,-32.37,12.44,21.61,-81.48,175.01
52.37994,-1.517714,133.16,3.17,3,284.4,21 / 21,487729,2019-09-06 18:24:14:411,0.1618,0.7827,9.4777,-0.0036,0.0051,9.8066,-0.0076,-0.006,0.0074,5,-31.25,12.69,23.97,-81.58,175.08
52.37994,-1.517714,133.16,3.17,3,284.4,21 / 21,487829,2019-09-06 18:24:14:511,-0.0702,0.7011,9.5963,-0.0023,-0.0017,9.8066,0.0222,-0.0039,0.0208,5.19,-31.56,13,24.72,-81.61,175.37
52.37994,-1.517714,133.16,3.17,3,284.4,21 / 21,487929,2019-09-06 18:24:14:611,0.1034,0.9435,9.7172,0.009,0.0148,9.8066,-0.0092,-0.0134,-0.0014,5,-31.44,12.94,24.35,-81.61,175.37
52.37994,-1.517714,133.16,3.17,3,284.4,21 / 21,488032,2019-09-06 18:24:14:714,0.1842,0.732,10.0008,0.0026,0.0111,9.8065,-0.0049,-0.0102,-0.0131,5,-31.81,12.94,24.75,-81.67,175.46
52.37994,-1.517714,133.16,3.17,3,284.4,21 / 21,488128,2019-09-06 18:24:14:810,0.1111,0.7167,9.734,-0.0004,0.0048,9.8066,-0.0133,-0.0131,-0.0144,3.69,-31.94,13.25,19.23,-81.85,175.63
52.37994,-1.517714,133.16,3.17,3,284.4,21 / 21,488228,2019-09-06 18:24:14:910,0.3401,0.8322,9.6669,-0.0041,-0.0024,9.8066,-0.0219,0.002,-0.0136,4.56,-32.12,13.44,24.97,-81.94,175.89
52.37994,-1.517714,133.16,3.17,3,284.4,21 / 21,488328,2019-09-06 18:24:15:010,0.2422,0.9233,9.9379,-0.0034,0.0041,9.8066,0.0177,0.0202,0.0012,4.44,-31.94,12.81,19.9,-82.03,176.24
52.37994,-1.517714,133.16,3.17,3,284.4,20 / 20,488429,2019-09-06 18:24:15:111,0.1442,0.9926,9.6204,-0.0009,0.0014,9.8066,-0.0013,-0.0105,0.01,4.63,-31.94,13.19,25.5,-82.06,176.38
52.37994,-1.517714,133.16,3.17,3,284.4,20 / 20,488529,2019-09-06 18:24:15:211,0.0448,1.3679,9.8602,-0.0024,0.0051,9.8066,0.0141,0.0136,-0.0061,4.13,-32.44,13.06,20.69,-82.16,176.89
52.37994,-1.517714,133.16,3.17,3,284.4,20 / 20,488629,2019-09-06 18:24:15:311,-0.0365,1.168,10.1109,0.0036,0.0006,9.8066,0.0225,-0.003,0.0012,4.75,-31.62,12.31,28.79,-82.2,176.67
52.37994,-1.517714,133.16,3.17,3,284.4,20 / 20,488728,2019-09-06 18:24:15:410,0.3081,0.8871,9.7657,0.0034,0.0025,9.8066,0.0082,-0.0196,0.0051,4.5,-31.81,12.75,25.5,-82.22,176.55
52.37994,-1.517714,133.16,3.17,3,284.4,20 / 20,488829,2019-09-06 18:24:15:511,0.0775,0.9085,9.7416,0.0013,0.0048,9.8066,-0.0005,-0.0066,-0.0126,4.63,-31.69,12.94,25.21,-82.3,176.42
52.37994,-1.517714,133.16,3.17,3,284.4,20 / 20,488928,2019-09-06 18:24:15:610,0.2528,0.8462,9.8691,0.0023,0.0053,9.8066,-0.0011,-0.0108,0.003,4.5,-31.87,13.25,24.99,-82.41,176.38
52.37994,-1.517714,133.16,3.17,3,284.4,20 / 20,489029,2019-09-06 18:24:15:711,0.1614,0.7435,9.7098,0.0015,0.0045,9.8066,0.0112,0.0037,0.0106,4.69,-31.62,13.19,24.97,-82.48,176.43
52.37994,-1.517714,133.16,3.17,3,284.4,20 / 20,489129,2019-09-06 18:24:15:811,0.075,0.7292,9.6639,-0.0021,0.0042,9.8066,0.0054,-0.0067,-0.001,3.63,-31.87,12.38,22.61,-82.54,176.74
52.37994,-1.517714,133.16,3.17,3,284.4,20 / 20,489228,2019-09-06 18:24:15:910,-0.0843,0.6483,9.8952,0.0014,0.0057,9.8066,0.0021,0.0052,-0.0024,4,-31.75,13.13,20.36,-82.63,177.07
52.37994,-1.517714,133.16,3.17,3,284.4,20 / 20,489328,2019-09-06 18:24:16:010,0.0867,0.5937,9.8343,0.001,0.0056,9.8066,-0.0074,0.0006,0.0068,3.75,-32.25,12.88,20.22,-82.76,177.08
52.37994,-1.517714,133.16,3.17,3,284.4,21 / 21,489429,2019-09-06 18:24:16:111,0.0103,0.4105,9.8168,0.0007,0.004,9.8066,0.0042,-0.0022,0.0013,3.88,-31.37,13,20.02,-82.83,177.18
52.37994,-1.517714,133.16,3.17,3,284.4,21 / 21,489529,2019-09-06 18:24:16:211,-0.0748,0.4356,9.8935,-0.0008,0.0078,9.8065,0.0164,0.0053,0.0049,3.38,-31.37,12.94,14.71,-82.94,177.45
52.37994,-1.517714,133.16,3.17,3,284.4,21 / 21,489629,2019-09-06 18:24:16:311,-0.1636,0.3153,9.8038,0.0006,0.0103,9.8066,0.0123,0.0016,0.0118,3.75,-32.12,13.44,20.89,-83.02,177.78
52.37994,-1.517714,133.16,3.17,3,284.4,21 / 21,489729,2019-09-06 18:24:16:411,-0.3071,0.1169,9.7976,-0.002,0.0064,9.8066,-0.0134,-0.0205,0.0107,3.63,-32.56,13.13,21.68,-83.09,178.24
52.37994,-1.517714,133.16,3.17,3,284.4,21 / 21,489828,2019-09-06 18:24:16:510,0.3649,0.1499,9.4809,0.0022,0.0052,9.8066,0.0655,-0.055,0.0347,3.94,-32.56,12.88,22.42,-83.22,178.89
52.37994,-1.517714,133.16,3.17,3,284.4,21 / 21,489929,2019-09-06 18:24:16:611,0.3253,-0.2008,9.8717,0.0074,-0.015,9.8066,0.0784,0.1275,-0.0729,4.13,-31.56,13,22.18,-83.39,179.08
52.37994,-1.517714,133.16,3.17,3,284.4,21 / 21,490029,2019-09-06 18:24:16:711,-0.3886,0.2917,10.1519,0.005,-0.0042,9.8066,0.1719,0.0205,-0.0041,4.13,-32,13.44,21.75,-83.18,178.56
52.37994,-1.517714,133.16,3.17,3,284.4,21 / 21,490128,2019-09-06 18:24:16:810,0.1161,0.5604,9.5408,0,0.0208,9.8066,-0.1241,0.0417,0.0056,4.31,-32.19,13.31,24.06,-83.17,-179.75
52.37994,-1.517714,133.16,3.17,3,284.4,21 / 21,490229,2019-09-06 18:24:16:911,-0.3781,0.3611,9.6418,-0.0118,0.0392,9.8065,0.0256,-0.0199,0.0155,4.44,-31.94,13.19,24.63,-83.48,-179.01
52.37994,-1.517714,133.16,3.17,3,284.4,21 / 21,490329,2019-09-06 18:24:17:011,-0.2566,0.0465,9.7934,-0.005,-0.0103,9.8066,0.049,-0.085,-0.0091,4.63,-32.44,13.69,29.14,-83.7,-177.28
52.37994,-1.517714,133.16,3.17,3,284.4,21 / 21,490429,2019-09-06 18:24:17:111,-0.4737,-0.0261,9.9885,0.0045,0.0226,9.8066,0.1193,-0.0256,0.0927,3.94,-31.94,13.31,28.68,-83.76,-175.63
52.37994,-1.517714,133.16,3.17,3,284.4,21 / 21,490529,2019-09-06 18:24:17:211,-0.7348,-0.4613,10.0998,0.0093,0.0185,9.8066,0.0732,-0.0442,0.0444,3.81,-32.19,13.13,29.58,-83.75,-174.93
52.37994,-1.517714,133.16,3.17,3,284.4,21 / 21,490628,2019-09-06 18:24:17:310,-0.363,-0.0802,9.804,0.0248,0.0085,9.8066,-0.0885,0.093,-0.0606,3.44,-32.31,12.81,22.26,-84.17,-176.14
52.37994,-1.517714,133.16,3.17,3,284.4,21 / 21,490729,2019-09-06 18:24:17:411,-0.1766,0.2287,9.6715,-0.0068,-0.0388,9.8065,-0.0519,-0.0086,-0.0075,3.88,-32.5,12.88,25.41,-84.03,-177.84
52.37994,-1.517714,133.16,3.17,3,284.4,21 / 21,490830,2019-09-06 18:24:17:512,-0.0814,-0.3525,10.0639,-0.006,-0.0063,9.8066,0.0319,-0.0336,0.0336,3.94,-32.12,12.69,25.01,-84,-178.19
52.37994,-1.517714,133.16,3.17,3,284.4,21 / 21,490929,2019-09-06 18:24:17:611,-0.3666,-0.5189,9.9305,0.0063,0.0072,9.8066,-0.0817,-0.0228,-0.0882,3.44,-32,13.63,17.72,-84.08,-178.49
52.37994,-1.517714,133.16,3.17,3,284.4,21 / 21,491028,2019-09-06 18:24:17:710,-0.5916,-0.2712,9.7144,0.0104,0.0261,9.8066,-0.0479,-0.0055,-0.0378,3.75,-32.37,13,25.11,-84.18,-177.92
52.37994,-1.517714,133.16,3.17,3,284.4,21 / 21,491129,2019-09-06 18:24:17:811,-0.2815,0.1882,10.1569,0.0059,0.0096,9.8066,0.0195,-0.01,-0.0175,3.88,-31.62,13.38,24.3,-84.37,-178.37
52.37994,-1.517714,133.16,3.17,3,284.4,21 / 21,491228,2019-09-06 18:24:17:910,-0.0666,-0.3677,9.8584,0.0091,0.0094,9.8066,0.0114,-0.0004,-0.026,3.38,-32.19,12.94,18.36,-84.44,-178.92
52.37994,-1.517714,133.16,3.17,3,284.4,21 / 21,491329,2019-09-06 18:24:18:011,-0.0382,-0.2398,9.7347,-0.0015,-0.0026,9.8066,-0.0247,0.0001,0.0037,4.38,-31.69,13.25,23.1,-84.49,-179.18
52.37994,-1.517714,133.16,3.17,3,284.4,21 / 21,491429,2019-09-06 18:24:18:111,-0.1845,-0.1502,9.9403,-0.0023,-0.0019,9.8066,-0.0116,0.006,0.0114,4.06,-32.12,12.44,25.59,-84.51,-178.96
52.37994,-1.517714,133.16,3.17,3,284.4,21 / 21,491529,2019-09-06 18:24:18:211,-0.3647,-0.4901,9.8254,-0.0045,0.0071,9.8066,0.0245,0.0063,0.0188,4,-31.62,12.75,24.46,-84.58,-178.03
52.37994,-1.517714,133.16,3.17,3,284.4,21 / 21,491629,2019-09-06 18:24:18:311,-0.3695,0.0994,9.8641,-0.0041,0.007,9.8066,0.0215,-0.0085,-0.0121,4.19,-32,13.13,25.42,-84.59,-177.26
52.37994,-1.517714,133.16,3.17,3,284.4,21 / 21,491728,2019-09-06 18:24:18:410,-0.2524,-0.1446,9.7935,0.0057,0.0085,9.8065,-0.0131,-0.0062,-0.0004,4.13,-31.94,13.19,25.52,-84.69,-177.07
52.37994,-1.517714,133.16,3.17,3,284.4,21 / 21,491829,2019-09-06 18:24:18:511,-0.2269,-0.2115,9.7575,0.0028,0.0028,9.8066,-0.0245,-0.0078,-0.0141,4.56,-31.94,12.94,29.95,-84.71,-177.27
52.37994,-1.517714,133.16,3.17,3,284.4,21 / 21,491928,2019-09-06 18:24:18:610,-0.2629,-0.6685,9.6987,0.005,0.0046,9.8066,-0.0041,0.0103,0.0037,4,-32.06,12.69,24.66,-84.79,-177.65
52.37994,-1.517714,133.16,3.17,3,284.4,21 / 21,492028,2019-09-06 18:24:18:710,-0.4232,-0.5966,9.8679,0.0027,0.0048,9.8066,0.0079,0.0025,0.008,4.19,-32.44,12.88,24.28,-84.9,-177.84
52.37994,-1.517714,133.16,3.17,3,284.4,21 / 21,492128,2019-09-06 18:24:18:810,-0.2565,-0.3417,9.9752,0.0003,0.0001,9.8066,-0.0118,0.0036,-0.0158,4.31,-31.81,13.31,24.33,-84.97,-177.73
52.37994,-1.517714,133.16,3.17,3,284.4,21 / 21,492228,2019-09-06 18:24:18:910,-0.3952,-0.6803,9.9797,0.0031,0.0031,9.8066,0.0112,-0.0005,-0.0008,3.81,-31.94,12.56,24.02,-85.06,-177.9
52.37994,-1.517714,133.16,3.17,3,284.4,21 / 21,492329,2019-09-06 18:24:19:011,-0.2557,-0.5673,9.8868,0.0018,0.0087,9.8066,0.0022,0.0024,0.013,3.69,-32.44,12.63,24.14,-85.18,-177.68
52.37994,-1.517714,133.16,3.17,3,284.4,20 / 20,492429,2019-09-06 18:24:19:111,-0.1112,-0.1924,9.8244,-0.0031,0.0078,9.8066,0.0073,-0.0053,0.012,3.69,-32.06,12.69,24.83,-85.25,-177.05
52.37994,-1.517714,133.16,3.17,3,284.4,20 / 20,492528,2019-09-06 18:24:19:210,-0.4588,-0.2971,9.671,-0.0077,0.0022,9.8065,-0.0081,-0.0035,0.0088,4.13,-31.75,12.63,25.92,-85.28,-176.11
52.37994,-1.517714,133.16,3.17,3,284.4,20 / 20,492629,2019-09-06 18:24:19:311,-0.4671,-0.3988,9.7426,-0.005,0.0036,9.8066,0.0113,-0.0033,0.006,4.19,-31.87,12.94,27.65,-85.29,-174.67
52.37994,-1.517714,133.16,3.17,3,284.4,20 / 20,492729,2019-09-06 18:24:19:411,-0.4444,-0.7154,9.9185,0.0004,0.0047,9.8066,0.0151,0.0036,0.0122,3.75,-32.56,13.44,28.23,-85.33,-174.31
52.37994,-1.517714,133.16,3.17,3,284.4,20 / 20,492829,2019-09-06 18:24:19:511,-0.2998,-0.4327,9.7767,-0.002,0.0064,9.8066,-0.0094,-0.0006,-0.0041,3.63,-31.94,12.81,28.67,-85.37,-173.75
52.37994,-1.517714,133.16,3.17,3,284.4,20 / 20,492929,2019-09-06 18:24:19:611,-0.5474,-0.661,9.7621,-0.0002,0.0017,9.8066,0.0002,0.0075,0.0033,3.81,-31.94,13.06,29.27,-85.41,-173.19
52.37994,-1.517714,133.16,3.17,3,284.4,20 / 20,493028,2019-09-06 18:24:19:710,-0.4984,-1.0279,9.8068,0,0.0028,9.8066,0.0201,0.0096,-0.0028,4.13,-31.94,13.81,27.66,-85.44,-173.01
52.37994,-1.517714,133.16,3.17,3,284.4,20 / 20,493129,2019-09-06 18:24:19:811,-0.5218,-0.5076,9.8773,-0.0005,-0.0025,9.8066,-0.0012,-0.0008,0.0154,4.56,-32.06,13,34.27,-85.45,-172.75
52.37994,-1.517714,133.16,3.17,3,284.4,20 / 20,493228,2019-09-06 18:24:19:910,-0.3857,-0.5804,9.7763,-0.0025,-0.0032,9.8066,0.0086,0.0135,0.0099,4.13,-31.75,13.13,29.95,-85.42,-172.61
52.37994,-1.517714,133.16,3.17,3,284.4,20 / 20,493328,2019-09-06 18:24:20:010,-0.5984,-1.0999,9.8287,-0.0031,-0.0009,9.8066,0.0006,-0.0056,-0.0184,4.81,-31.75,13,34.87,-85.41,-172.29
52.37994,-1.517714,133.16,3.17,3,284.4,21 / 21,493428,2019-09-06 18:24:20:110,-0.3748,-0.7516,9.9654,0.0003,-0.0049,9.8066,-0.0248,-0.0242,-0.0033,4.44,-31.75,13.5,28.49,-85.39,-172.37
52.37994,-1.517714,133.16,3.17,3,284.4,21 / 21,493528,2019-09-06 18:24:20:210,-0.3918,-0.466,9.8296,0.0055,0.0091,9.8066,0.0124,-0.0142,0.0101,4.19,-31.69,13.81,28.27,-85.42,-172.52
52.37994,-1.517714,133.16,3.17,3,284.4,21 / 21,493629,2019-09-06 18:24:20:311,0.028,-0.5089,9.6215,0.0008,0.0081,9.8066,-0.0009,0.0018,-0.0168,3.69,-31.75,13.56,28.26,-85.52,-172.43
52.37994,-1.517714,133.16,3.17,3,284.4,21 / 21,493729,2019-09-06 18:24:20:411,-0.3993,-0.5056,9.9148,-0.0021,-0.0011,9.8066,0.0101,-0.0084,-0.0067,3.56,-32.25,12.81,30.32,-85.57,-172.12
52.37994,-1.517714,133.16,3.17,3,284.4,21 / 21,493828,2019-09-06 18:24:20:510,-0.3908,-0.2869,9.9924,0.0036,0.0088,9.8066,0.0169,-0.0068,0.0037,3.75,-31.19,13,30.05,-85.64,-172.11
52.37994,-1.517714,133.16,3.17,3,284.4,21 / 21,493929,2019-09-06 18:24:20:611,-0.0995,-0.0811,9.7887,0.0037,0.0038,9.8066,0.0282,-0.0047,-0.0071,3.44,-31.75,13.75,23.67,-85.66,-172.38
52.37994,-1.517714,133.16,3.17,3,284.4,21 / 21,494029,2019-09-06 18:24:20:711,0.1104,-0.1814,9.9157,0.0063,0.0073,9.8066,0.0215,0.0222,-0.0139,3.56,-31.62,13,29.42,-85.69,-172.74
52.37994,-1.517714,133.16,3.17,3,284.4,21 / 21,494129,2019-09-06 18:24:20:811,0.0515,0.1288,9.9022,0.0001,0.0034,9.8066,-0.0057,-0.0027,-0.0248,3.38,-32.25,13.06,23.96,-85.7,-173.28
52.37994,-1.517714,133.16,3.17,3,284.4,21 / 21,494229,2019-09-06 18:24:20:911,-0.0233,-0.0703,9.6305,0.0027,0.008,9.8066,0.0082,-0.008,0.0201,3.94,-32.19,12.94,28.75,-85.76,-173.22
52.37994,-1.517714,133.16,3.17,3,284.4,21 / 21,494329,2019-09-06 18:24:21:011,-0.2112,0.0622,9.8252,-0.0079,-0.0009,9.8066,-0.0168,0.013,0.0087,4.06,-31.31,13.31,30.25,-85.78,-171.78
52.37994,-1.517714,133.16,3.17,3,284.4,20 / 20,494429,2019-09-06 18:24:21:111,-0.3093,0.1293,9.8712,-0.0037,-0.002,9.8066,-0.0068,0.0037,0.0076,4.44,-31.31,12.69,30.96,-85.79,-171.15
52.37994,-1.517714,133.16,3.17,3,284.4,20 / 20,494529,2019-09-06 18:24:21:211,-0.1106,0.2175,9.8459,-0.0003,0.002,9.8066,-0.01,0.0088,-0.0036,4.38,-31.87,13.5,30.09,-85.8,-170.55
52.37994,-1.517714,133.16,3.17,3,284.4,20 / 20,494629,2019-09-06 18:24:21:311,-0.2569,-0.2568,9.745,0.0049,-0.0016,9.8066,0.0113,0.0105,0.0034,4.25,-31.87,13,31.13,-85.8,-171.16
52.37994,-1.517714,133.16,3.17,3,284.4,20 / 20,494729,2019-09-06 18:24:21:411,-0.2228,-0.5875,9.8754,0.0011,-0.0064,9.8066,0.0283,-0.0058,-0.0168,4.44,-32.06,13.25,29.9,-85.73,-172.29
52.37994,-1.517714,133.16,3.17,3,284.4,20 / 20,494828,2019-09-06 18:24:21:510,-0.2781,-0.6701,9.8671,-0.0011,-0.0044,9.8066,0.0324,-0.0007,-0.0109,4.25,-31.44,13.38,29.47,-85.67,-172.57
52.37994,-1.517714,133.16,3.17,3,284.4,20 / 20,494929,2019-09-06 18:24:21:611,-0.4139,-0.8679,10.0332,-0.0045,-0.0098,9.8066,-0.0018,0.0086,0.0147,3.94,-31.87,13.63,27.66,-85.64,-172.8
52.37994,-1.517714,133.16,3.17,3,284.4,20 / 20,495028,2019-09-06 18:24:21:710,-0.5035,-0.8455,9.7705,-0.0034,-0.0099,9.8065,-0.0182,-0.0022,-0.0199,3.88,-31.5,13.25,29.38,-85.54,-172.79
52.37994,-1.517714,133.16,3.17,3,284.4,20 / 20,495129,2019-09-06 18:24:21:811,-0.7681,-1.2247,9.7766,0.0033,0.0004,9.8066,-0.0122,0.0041,0.0025,3.63,-31.87,13.44,29.09,-85.52,-173.22
52.37994,-1.517714,133.16,3.17,3,284.4,20 / 20,495228,2019-09-06 18:24:21:910,-0.4737,-1.3341,9.7412,0.0017,-0.009,9.8066,0.0073,0.0029,0.0074,3.5,-31.94,13.5,26.68,-85.48,-173.79
52.37994,-1.517714,133.16,3.17,3,284.4,20 / 20,495329,2019-09-06 18:24:22:011,-0.5884,-1.6515,9.7522,-0.0011,-0.0039,9.8066,0.0171,0.0094,-0.0123,4.19,-31.87,13.94,26.46,-85.44,-174.02
52.37994,-1.517714,133.16,3.17,3,284.4,21 / 21,495429,2019-09-06 18:24:22:111,-0.5889,-1.4736,9.6895,0.0015,-0.003,9.8066,0.0026,0.0018,0.0058,3.94,-31.94,13.56,25.97,-85.35,-174.53
52.37994,-1.517714,133.16,3.17,3,284.4,21 / 21,495529,2019-09-06 18:24:22:211,-0.5111,-1.8146,9.5865,-0.002,0.0034,9.8066,-0.0441,-0.0429,-0.0046,3.94,-31.25,13.81,26.07,-85.27,-174.38
52.37994,-1.517714,133.16,3.17,3,284.4,21 / 21,495629,2019-09-06 18:24:22:311,-0.9357,-1.4415,10.0909,-0.0026,0.0012,9.8066,-0.0488,-0.0203,-0.0096,4.56,-31.5,13.75,31.06,-85.24,-173.81
52.37994,-1.517714,133.16,3.17,3,284.4,21 / 21,495729,2019-09-06 18:24:22:411,-0.6652,-0.6146,9.9799,0.0072,0.0097,9.8066,0.0715,-0.0115,0.0287,4.44,-31.5,13.81,26.59,-85.29,-173.93
52.37994,-1.517714,133.16,3.17,3,284.4,21 / 21,495828,2019-09-06 18:24:22:510,-0.6637,-1.0182,9.9418,0.0041,0.0056,9.8066,0.052,0.0094,-0.0279,4.06,-31.5,13.88,26.36,-85.23,-174.17
52.37994,-1.517714,133.16,3.17,3,284.4,21 / 21,495928,2019-09-06 18:24:22:610,-0.4786,-1.0468,9.8138,-0.001,-0.0105,9.8066,-0.001,-0.0174,-0.0064,3.5,-31.94,13,28.01,-85.17,-174.52
52.37994,-1.517714,133.16,3.17,3,284.4,21 / 21,496028,2019-09-06 18:24:22:710,-0.5935,-0.8294,10.1501,0.0037,-0.007,9.8066,0.0074,0.0073,-0.0103,4.06,-31.69,14.25,25.31,-85.1,-175.32
52.37994,-1.517714,133.16,3.17,3,284.4,21 / 21,496129,2019-09-06 18:24:22:811,-0.2354,-0.8187,9.8857,0.003,-0.0094,9.8065,-0.0215,0.0017,-0.0208,3.75,-31.81,14.19,23.3,-85.09,-177
52.37994,-1.517714,133.16,3.17,3,284.4,21 / 21,496228,2019-09-06 18:24:22:910,-0.1945,-1.448,9.3847,-0.0026,-0.0095,9.8065,-0.0268,0,-0.012,5.06,-31.62,13.25,29.33,-85.06,-177.37
52.37994,-1.517714,133.16,3.17,3,284.4,21 / 21,496330,2019-09-06 18:24:23:012,-0.6234,-0.767,9.7314,0.0099,0.0159,9.8066,0.0057,-0.005,-0.0104,4.75,-31.44,13.63,26.92,-85.15,-177.39
52.379963,-1.517913,133.06,2.73,2,282.8,20 / 20,496428,2019-09-06 18:24:23:110,-1.2008,-2.0055,9.9019,-0.0047,-0.0036,9.8066,-0.023,-0.0157,-0.0034,4.88,-31.25,13.56,26.55,-85.13,-177.73
52.379963,-1.517913,133.06,2.73,2,282.8,20 / 20,496529,2019-09-06 18:24:23:211,-0.5098,-1.3508,9.789,0.0028,0.0041,9.8066,-0.0032,-0.0088,-0.008,4.31,-31.5,13.19,24.02,-85.07,-177.74
52.379963,-1.517913,133.06,2.73,2,282.8,20 / 20,496628,2019-09-06 18:24:23:310,-0.9637,-1.4719,9.8892,-0.0039,-0.0108,9.8066,-0.0005,-0.0044,-0.0047,4.31,-31.62,13.19,24.12,-84.98,-177.89
52.379963,-1.517913,133.06,2.73,2,282.8,20 / 20,496728,2019-09-06 18:24:23:410,-0.3294,-0.6782,9.6816,-0.0027,-0.0191,9.8065,-0.0397,-0.0147,-0.006,4.56,-31.87,13.31,28.2,-84.92,-178.45
52.379963,-1.517913,133.06,2.73,2,282.8,20 / 20,496829,2019-09-06 18:24:23:511,-0.4567,-0.409,9.8051,0.0056,0.0105,9.8066,0.0205,-0.0105,0.0145,4.69,-31.94,13.38,27.6,-84.98,-178.87
52.379963,-1.517913,133.06,2.73,2,282.8,20 / 20,496929,2019-09-06 18:24:23:611,-0.8548,-0.968,10.0047,0.0013,0.0051,9.8066,-0.0086,-0.0052,-0.0168,4.56,-31.25,13.38,27.37,-85,-178.87
52.379963,-1.517913,133.06,2.73,2,282.8,20 / 20,497028,2019-09-06 18:24:23:710,-0.2777,-0.3501,9.7512,0.0008,0.0001,9.8066,0.0223,0.0048,0.0077,5.13,-31.87,13.63,25.22,-85.01,-179.09
52.379963,-1.517913,133.06,2.73,2,282.8,20 / 20,497129,2019-09-06 18:24:23:811,-0.2261,-1.0037,9.5375,-0.0007,-0.0056,9.8066,-0.0083,-0.014,-0.0226,4.19,-31.44,12.94,22.59,-84.94,-179.02
52.379963,-1.517913,133.06,2.73,2,282.8,20 / 20,497228,2019-09-06 18:24:23:910,-0.4526,-0.4088,9.7924,0.0015,-0.0088,9.8066,-0.0052,-0.0157,0.0175,4.56,-31.37,13.25,26.75,-84.86,-179.53
52.379963,-1.517913,133.06,2.73,2,282.8,20 / 20,497329,2019-09-06 18:24:24:011,-0.554,-0.5256,9.5884,-0.0024,-0.0042,9.8066,-0.0193,-0.0155,-0.0181,4.63,-31.75,12.88,26.8,-84.83,-179.7
52.379963,-1.517913,133.06,2.73,2,282.8,21 / 21,497429,2019-09-06 18:24:24:111,-0.5918,-0.9829,9.9602,-0.0034,-0.0003,9.8066,-0.0157,-0.0275,-0.0042,5.06,-31.5,13.13,26.7,-84.79,-179.65
52.379963,-1.517913,133.06,2.73,2,282.8,21 / 21,497528,2019-09-06 18:24:24:210,-0.3675,-0.82,10.0983,-0.0035,-0.0014,9.8066,0.0338,-0.0123,0.0232,4.94,-32.25,13.31,27.34,-84.74,-179.36
52.379963,-1.517913,133.06,2.73,2,282.8,21 / 21,497628,2019-09-06 18:24:24:310,-0.707,-0.8834,10.0245,-0.006,-0.0021,9.8065,-0.0082,-0.0265,-0.0011,4.63,-31.75,12.88,28.21,-84.68,-178.71
52.379963,-1.517913,133.06,2.73,2,282.8,21 / 21,497729,2019-09-06 18:24:24:411,-0.5319,-1.1416,9.7807,0.0056,0.0021,9.8066,-0.0112,-0.0097,-0.0061,4.31,-32.25,12.75,23.46,-84.64,-178.76
52.379963,-1.517913,133.06,2.73,2,282.8,21 / 21,497828,2019-09-06 18:24:24:510,-0.7095,-1.3911,9.787,-0.0002,0.0012,9.8066,-0.0559,-0.0228,-0.0058,5.13,-31.75,13.31,27.74,-84.64,-179.14
52.379963,-1.517913,133.06,2.73,2,282.8,21 / 21,497928,2019-09-06 18:24:24:610,-0.5186,-1.2415,9.9391,0.001,-0.0053,9.8066,0.06,0.0015,0.01,5,-31.56,12.81,27.2,-84.56,-179.66
52.379963,-1.517913,133.06,2.73,2,282.8,21 / 21,498029,2019-09-06 18:24:24:711,-0.4207,-0.7101,9.6098,0.0063,0.0091,9.8066,0.0843,-0.0112,0.0377,4.56,-31.62,13.06,26.92,-84.57,-179.88
52.379963,-1.517913,133.06,2.73,2,282.8,21 / 21,498128,2019-09-06 18:24:24:810,-0.362,-1.002,10.1045,-0.0035,-0.0141,9.8066,-0.04,-0.0305,-0.0291,4.13,-31.69,12.75,22.67,-84.37,-179.64
52.379963,-1.517913,133.06,2.73,2,282.8,21 / 21,498229,2019-09-06 18:24:24:911,-0.2503,-0.5087,9.8244,-0.0044,-0.0078,9.8066,-0.0171,-0.0107,-0.0077,4.5,-31.69,13.31,27.63,-84.32,-179.58
52.379963,-1.517913,133.06,2.73,2,282.8,21 / 21,498330,2019-09-06 18:24:25:012,-0.5011,-1.4615,9.756,0.0023,0.0043,9.8066,-0.0107,-0.0002,0.0093,5.13,-31.37,13.5,25.22,-84.3,-179.61
52.379963,-1.517913,133.06,2.73,2,282.8,20 / 20,498429,2019-09-06 18:24:25:111,-0.3778,-0.3804,9.7714,0.0029,0.0021,9.8066,-0.0161,-0.008,-0.0033,5.25,-31.62,13.25,27.46,-84.3,-179.74
52.379963,-1.517913,133.06,2.73,2,282.8,20 / 20,498529,2019-09-06 18:24:25:211,-0.4539,-1.0996,9.7797,0.0054,-0.0053,9.8066,0.0515,-0.017,-0.0262,4.38,-31.69,12.63,21.85,-84.25,179.61
52.379963,-1.517913,133.06,2.73,2,282.8,20 / 20,498628,2019-09-06 18:24:25:310,-0.6159,-1.4999,10.0783,0.0071,0.0041,9.8066,0.0854,0.0066,-0.0028,4.56,-31.62,13.13,25.84,-84.29,178.97
52.379963,-1.517913,133.06,2.73,2,282.8,20 / 20,498729,2019-09-06 18:24:25:411,-0.6878,-1.384,10.0449,-0.0086,-0.0226,9.8066,-0.0952,-0.0124,-0.0133,4.81,-31.56,13.44,25.3,-84.19,178.44
52.379963,-1.517913,133.06,2.73,2,282.8,20 / 20,498829,2019-09-06 18:24:25:511,-0.1528,-0.4295,9.863,-0.0108,-0.0284,9.8066,-0.0775,-0.0108,-0.0045,4.63,-31.5,13.25,24.98,-84.13,178.31
52.379963,-1.517913,133.06,2.73,2,282.8,20 / 20,498929,2019-09-06 18:24:25:611,-0.3297,-0.5068,9.8088,0.0094,0.0092,9.8066,0.0489,-0.0048,-0.0054,4.38,-31.69,13.69,18.04,-84.11,178
52.379963,-1.517913,133.06,2.73,2,282.8,20 / 20,499031,2019-09-06 18:24:25:713,-0.3894,-0.7009,9.8128,0.0057,0.0058,9.8066,0.0238,-0.0066,-0.0139,5.06,-31.31,13.38,23.5,-84.16,177.16
52.379963,-1.517913,133.06,2.73,2,282.8,20 / 20,499129,2019-09-06 18:24:25:811,-0.5607,-0.7808,9.8784,-0.0011,-0.0044,9.8066,0.0129,-0.0066,-0.002,5.44,-31.37,13.38,22.95,-84.13,176.71
52.379963,-1.517913,133.06,2.73,2,282.8,20 / 20,499229,2019-09-06 18:24:25:911,-0.858,-1.3454,9.8551,0.0038,-0.0033,9.8066,0.0293,-0.0004,0.0032,4.69,-31.81,12.75,22.74,-84.1,176.35
52.379963,-1.517913,133.06,2.73,2,282.8,20 / 20,499330,2019-09-06 18:24:26:012,-1.1966,-1.8826,9.9622,-0.0052,-0.0118,9.8066,-0.0397,-0.0157,-0.0028,5,-32,13,22.13,-84.05,175.83
52.379963,-1.517913,133.06,2.73,2,282.8,20 / 20,499429,2019-09-06 18:24:26:111,-1.1218,-1.5924,9.6752,-0.003,-0.0134,9.8066,-0.0489,0.0118,-0.0068,5.81,-31.81,13.25,26.63,-83.95,175.66
52.379963,-1.517913,133.06,2.73,2,282.8,20 / 20,499529,2019-09-06 18:24:26:211,-0.6747,-1.9316,10.0733,0.014,0.015,9.8066,0.0394,0.0189,-0.0389,4.88,-31.62,12.81,20.88,-84.03,174.85
52.379963,-1.517913,133.06,2.73,2,282.8,20 / 20,499629,2019-09-06 18:24:26:311,-0.5464,-0.734,9.6991,0.0104,0.0008,9.8066,0.0428,-0.0035,0.017,4.94,-31.25,13.44,19.76,-83.92,174.04
52.379963,-1.517913,133.06,2.73,2,282.8,20 / 20,499728,2019-09-06 18:24:26:410,-0.7813,-1.7911,9.6985,-0.0034,-0.0083,9.8066,-0.0106,-0.0019,-0.0175,5.81,-31.62,13.25,24.28,-83.77,173.65
52.379963,-1.517913,133.06,2.73,2,282.8,20 / 20,499828,2019-09-06 18:24:26:510,-0.318,-0.8833,10.0491,-0.007,-0.0078,9.8066,-0.0439,-0.0068,0,4.94,-31.44,13.38,19.85,-83.73,173.96
52.379963,-1.517913,133.06,2.73,2,282.8,20 / 20,499931,2019-09-06 18:24:26:613,-0.9542,-1.0532,9.9595,-0.0019,-0.0095,9.8066,0.0113,0.0084,-0.0078,5,-31.69,13.25,19.89,-83.73,173.84
52.379963,-1.517913,133.06,2.73,2,282.8,20 / 20,500028,2019-09-06 18:24:26:710,-1.0615,-0.6803,10.0832,-0.0064,-0.0061,9.8066,0.0316,-0.0298,0.0056,5.94,-31.75,13.63,22.07,-83.65,173.74
52.379963,-1.517913,133.06,2.73,2,282.8,20 / 20,500130,2019-09-06 18:24:26:812,-0.1891,-1.0148,10.1193,0.0019,-0.0123,9.8066,-0.042,-0.0327,0.027,4.88,-31.19,12.75,19.59,-83.6,173.66
52.379963,-1.517913,133.06,2.73,2,282.8,20 / 20,500229,2019-09-06 18:24:26:911,-0.7055,-1.5747,9.4946,-0.012,-0.0245,9.8066,-0.0497,0.0379,-0.008,4.94,-31,12.44,22.34,-83.5,173.7
52.379963,-1.517913,133.06,2.73,2,282.8,20 / 20,500329,2019-09-06 18:24:27:011,-1.1338,-0.4587,9.5978,-0.0029,0.0192,9.8066,0.0601,0.0124,-0.0327,5.38,-31,12.88,20.85,-83.52,174.56
52.379963,-1.517913,133.06,2.73,2,282.8,20 / 20,500428,2019-09-06 18:24:27:110,-0.9002,-0.8396,9.8801,0.0105,0.0138,9.8066,0.0717,-0.06,0.0434,4.88,-31.25,12.69,20.9,-83.51,174.58
52.379963,-1.517913,133.06,2.73,2,282.8,20 / 20,500529,2019-09-06 18:24:27:211,-0.9687,-0.4332,9.9461,-0.0017,-0.0051,9.8066,-0.0756,-0.0232,-0.0005,5.13,-31.44,12.63,20.98,-83.51,174.64
52.379963,-1.517913,133.06,2.73,2,282.8,20 / 20,500628,2019-09-06 18:24:27:310,-0.4364,-0.8447,9.5089,0.0028,0.0067,9.8066,-0.0497,-0.01,0.0165,4.63,-31.81,12.44,23.49,-83.55,174.4
52.379963,-1.517913,133.06,2.73,2,282.8,20 / 20,500728,2019-09-06 18:24:27:410,-0.6084,-0.7725,9.7149,-0.0061,-0.0012,9.8066,-0.0399,-0.0367,-0.013,4.94,-31.12,12,23.91,-83.58,174.94
52.379963,-1.517913,133.06,2.73,2,282.8,20 / 20,500828,2019-09-06 18:24:27:510,-1.0606,-0.5245,9.5654,0.0036,-0.0027,9.8066,0.0032,-0.0707,0.0403,5.31,-31.25,12.5,21.11,-83.61,174.83
52.379963,-1.517913,133.06,2.73,2,282.8,20 / 20,500928,2019-09-06 18:24:27:610,-0.7452,-0.4224,10.1454,0.0077,0.0154,9.8066,0.0245,-0.0368,0.0137,4.94,-31.62,12.69,21.89,-83.68,175.32
52.379963,-1.517913,133.06,2.73,2,282.8,20 / 20,501028,2019-09-06 18:24:27:710,-0.7293,-0.4962,10.0508,0.0016,0,9.8066,0.0615,-0.0624,0.0034,4.94,-31.56,12.75,21.67,-83.65,175.13
52.379963,-1.517913,133.06,2.73,2,282.8,20 / 20,501129,2019-09-06 18:24:27:811,-1.0926,-0.5778,9.763,-0.0049,-0.0189,9.8066,0.0156,-0.0263,0.0141,5.13,-31.69,12.25,24.66,-83.57,175.29
52.379963,-1.517913,133.06,2.73,2,282.8,20 / 20,501229,2019-09-06 18:24:27:911,-0.4892,-0.1928,9.9644,-0.0117,-0.0169,9.8066,0.0037,-0.0463,0.0131,5.13,-31.31,11.56,24.45,-83.34,175.1
52.379963,-1.517913,133.06,2.73,2,282.8,20 / 20,501329,2019-09-06 18:24:28:011,-0.2191,-0.4764,10.1008,0.009,0.0025,9.8066,0.0308,-0.0922,0.0233,5.06,-31.62,12.5,21.87,-83.24,174.91
52.379963,-1.517913,133.06,2.73,2,282.8,20 / 20,501428,2019-09-06 18:24:28:110,-0.6569,-0.692,9.9448,0.0016,0.0056,9.8066,-0.0447,0.0126,-0.035,4.69,-30.44,12.81,21.44,-83.23,174.94
52.379963,-1.517913,133.06,2.73,2,282.8,20 / 20,501529,2019-09-06 18:24:28:211,0.0849,-0.0159,10.0704,0.0071,-0.0017,9.8066,0.0217,-0.0403,-0.0074,4.81,-31.37,12.44,22.55,-83.26,173.63
52.379963,-1.517913,133.06,2.73,2,282.8,20 / 20,501629,2019-09-06 18:24:28:311,-0.5133,-0.515,10.0661,-0.0044,-0.0043,9.8066,-0.0328,-0.0099,-0.0353,5.38,-31.44,12.75,19.8,-83.19,173.5
52.379963,-1.517913,133.06,2.73,2,282.8,20 / 20,501728,2019-09-06 18:24:28:410,-0.4713,-0.0701,10.1029,-0.0035,-0.0178,9.8066,0.0534,-0.0035,-0.0214,4.88,-31.25,12.25,21.39,-83.23,172.74
52.379963,-1.517913,133.06,2.73,2,282.8,20 / 20,501828,2019-09-06 18:24:28:510,-1.0493,-0.9403,9.8915,-0.0086,-0.0091,9.8066,-0.0242,-0.0383,-0.0381,5,-31.12,12.75,18.83,-83.06,172.68
52.379963,-1.517913,133.06,2.73,2,282.8,20 / 20,501929,2019-09-06 18:24:28:611,0.8833,-0.5009,10.06,0.012,0.0077,9.8066,0.0929,-0.0236,0.057,4.31,-31.06,12.38,14.13,-83.13,171.5
52.379963,-1.517913,133.06,2.73,2,282.8,20 / 20,502029,2019-09-06 18:24:28:711,-0.3855,0.3942,10.5897,-0.0007,-0.0124,9.8066,-0.0865,-0.0518,-0.0226,5.38,-31.12,12.63,17.69,-83.04,171.83
52.379963,-1.517913,133.06,2.73,2,282.8,20 / 20,502129,2019-09-06 18:24:28:811,-1.47,-0.192,9.6137,0.0045,0.0054,9.8066,0.0606,-0.0178,0.0821,5.44,-31.12,12.06,19.71,-83.08,171.39
52.379963,-1.517913,133.06,2.73,2,282.8,20 / 20,502229,2019-09-06 18:24:28:911,0.4216,-0.6768,9.3816,0.0047,0.0073,9.8066,0.031,0.0705,-0.039,4.88,-31.25,12.5,16.96,-83.08,171.32
52.379963,-1.517913,133.06,2.73,2,282.8,20 / 20,502329,2019-09-06 18:24:29:011,0.936,-0.6262,10.2375,-0.01,-0.0023,9.8066,0.0157,0.063,-0.0759,5.5,-30.87,12.31,24.88,-82.95,171.29
52.379963,-1.517913,133.06,2.73,2,282.8,20 / 20,502429,2019-09-06 18:24:29:111,-0.3115,-0.1721,10.2022,0.0112,0.0031,9.8066,0.0763,-0.0368,0.0565,5.69,-30.87,12.5,21.5,-82.91,170.95
52.379963,-1.517913,133.06,2.73,2,282.8,20 / 20,502528,2019-09-06 18:24:29:210,0.2865,0.2362,10.2963,-0.0092,-0.0175,9.8065,-0.0567,-0.04,-0.0141,6.25,-30.94,12.19,24.04,-82.87,170.59
52.379963,-1.517913,133.06,2.73,2,282.8,20 / 20,502628,2019-09-06 18:24:29:310,-0.3448,0.0752,10.2581,0.0067,0.0026,9.8066,-0.0398,-0.0901,-0.0108,5.38,-30.87,12.38,18.43,-82.92,170.34
52.379963,-1.517913,133.06,2.73,2,282.8,20 / 20,502729,2019-09-06 18:24:29:411,-0.8983,-0.497,10.3967,0.013,-0.014,9.8066,0.1626,0.0065,0.0525,5.69,-31.06,11.94,23.51,-82.86,170.19
52.379963,-1.517913,133.06,2.73,2,282.8,20 / 20,502829,2019-09-06 18:24:29:511,-0.4479,-0.8847,9.8615,0.0059,0.0037,9.8066,0.0847,0.02,-0.0558,6.19,-30.69,11.81,22.08,-82.72,169.03
52.379963,-1.517913,133.06,2.73,2,282.8,20 / 20,502928,2019-09-06 18:24:29:610,-0.9202,-0.442,10.1284,0.0028,-0.0188,9.8065,0.0445,0.0826,-0.0157,6.38,-30.94,11.56,20.23,-82.54,167.54
52.379963,-1.517913,133.06,2.73,2,282.8,20 / 20,503028,2019-09-06 18:24:29:710,-1.5118,-0.3269,9.4741,0.0138,0.0173,9.8066,0.1092,0.0202,0.0142,5.75,-31.62,11.56,18.64,-82.65,166.33
52.379963,-1.517913,133.06,2.73,2,282.8,20 / 20,503128,2019-09-06 18:24:29:810,0.0989,-0.2782,9.5581,0.021,-0.0066,9.8066,-0.1071,0.0352,-0.0739,6.06,-30.87,11.19,20.36,-82.71,165.32
52.379963,-1.517913,133.06,2.73,2,282.8,20 / 20,503229,2019-09-06 18:24:29:911,0.0047,-0.6141,9.9775,0.0048,-0.0223,9.8066,-0.0896,0.0583,-0.0357,6.06,-31.37,11.63,14.76,-82.64,163.75
52.379963,-1.517913,133.06,2.73,2,282.8,20 / 20,503329,2019-09-06 18:24:30:011,-0.5027,-0.9568,10.1105,-0.0207,-0.0197,9.8065,-0.0401,0.0206,-0.0437,6.19,-30.69,11.94,12.97,-82.6,162.47
52.379963,-1.517913,133.06,2.73,2,282.8,21 / 21,503428,2019-09-06 18:24:30:110,0.2591,-0.1488,10.3034,0.0006,-0.023,9.8066,0.1375,-0.0181,0.0031,5.5,-30.31,11.19,16.52,-82.41,162.61
52.379963,-1.517913,133.06,2.73,2,282.8,21 / 21,503528,2019-09-06 18:24:30:210,0.1439,-0.2769,9.3887,-0.0131,-0.0254,9.8065,-0.1223,0.0235,0.0072,6,-30.62,11.06,17.33,-82.18,162.81
52.379963,-1.517913,133.06,2.73,2,282.8,21 / 21,503628,2019-09-06 18:24:30:310,0.2637,-0.6166,10.0865,-0.0272,-0.0256,9.8065,-0.0435,0.0387,-0.0296,5.25,-30.37,11.25,11.58,-82.14,163.12
52.379963,-1.517913,133.06,2.73,2,282.8,21 / 21,503728,2019-09-06 18:24:30:410,0.0513,-1.9685,10.5585,-0.0039,-0.0286,9.8066,-0.1659,0.0156,0.004,3.88,-29.69,12.44,2.32,-82.1,163.11
52.379963,-1.517913,133.06,2.73,2,282.8,21 / 21,503829,2019-09-06 18:24:30:511,0.6211,0.3006,9.8991,-0.032,-0.0518,9.8064,-0.0806,0.0941,-0.0319,4.81,-29.31,13.31,6.66,-82.07,163.65
52.379963,-1.517913,133.06,2.73,2,282.8,21 / 21,503934,2019-09-06 18:24:30:616,-0.001,-1.4832,9.833,-0.0163,-0.0157,9.8066,-0.0365,0.0988,-0.0198,4.5,-29.25,13.25,5.86,-82.2,163.12
52.379963,-1.517913,133.06,2.73,2,282.8,21 / 21,504031,2019-09-06 18:24:30:713,-0.7119,-0.6606,9.1899,-0.0114,-0.024,9.8066,0.0028,-0.0112,0.0176,6.19,-29.56,13.5,9.91,-82.06,163.93
52.379963,-1.517913,133.06,2.73,2,282.8,21 / 21,504129,2019-09-06 18:24:30:811,0.7813,0.5831,10.5843,0.0078,0.0249,9.8066,-0.0188,0.042,0.0013,5.75,-29.87,13.06,11.81,-82.25,163.62
52.379963,-1.517913,133.06,2.73,2,282.8,21 / 21,504229,2019-09-06 18:24:30:911,-1.417,-0.4697,9.9319,-0.0075,0.0195,9.8066,0.0766,0.0194,0.0136,6.38,-30.12,13.19,13.15,-82.35,164.62
52.379963,-1.517913,133.06,2.73,2,282.8,21 / 21,504328,2019-09-06 18:24:31:010,-0.0129,-0.7426,9.8894,0.0087,-0.0037,9.8066,0.1421,0.0209,0.0386,6.5,-30.44,13.25,18.25,-82.23,164.85
52.379963,-1.517913,133.06,2.73,2,282.8,20 / 20,504429,2019-09-06 18:24:31:111,-1.248,-0.8132,10.1926,0.0016,0.0125,9.8066,0.0108,0.0571,-0.0297,6.56,-30.44,13.63,16.51,-82.08,165.49
52.379963,-1.517913,133.06,2.73,2,282.8,20 / 20,504529,2019-09-06 18:24:31:211,-0.119,-0.6655,10.4841,-0.0161,-0.0242,9.8066,-0.0258,0.0387,-0.0335,6.5,-30.12,13.5,16.38,-82.05,165.37
52.379963,-1.517913,133.06,2.73,2,282.8,20 / 20,504629,2019-09-06 18:24:31:311,-0.3389,-0.9576,10.2844,-0.0041,0.0038,9.8066,0.1421,0.0099,-0.0182,7.25,-30.37,12.81,19.73,-81.97,165.74
52.379963,-1.517913,133.06,2.73,2,282.8,20 / 20,504729,2019-09-06 18:24:31:411,-0.4281,-0.0179,9.4652,0.0061,-0.0145,9.8066,-0.0562,0.021,-0.0093,6.69,-30.62,13.5,17.17,-81.89,165.7
52.379963,-1.517913,133.06,2.73,2,282.8,20 / 20,504829,2019-09-06 18:24:31:511,-0.2481,0.6022,9.2591,0.0024,0.0011,9.8066,-0.0714,0.0832,-0.0589,6.88,-30.44,13.31,18.61,-81.93,164.91
52.379963,-1.517913,133.06,2.73,2,282.8,20 / 20,504929,2019-09-06 18:24:31:611,0.1911,-0.829,9.704,-0.0042,0.0099,9.8065,-0.0699,-0.0822,0.0581,6.75,-30.25,13,16.85,-82.01,163.7
52.379963,-1.517913,133.06,2.73,2,282.8,20 / 20,505029,2019-09-06 18:24:31:711,0.2476,-0.4918,9.6652,-0.0081,0.0074,9.8066,0.0131,0.0442,-0.0538,6,-30.56,12.75,13.28,-82.28,164.55
52.379963,-1.517913,133.06,2.73,2,282.8,20 / 20,505129,2019-09-06 18:24:31:811,0.4992,-0.7562,9.2613,-0.0031,0.0035,9.8066,0.0196,0.0576,-0.0157,6.56,-30.31,13.31,17.69,-82.31,164.49
52.379963,-1.517913,133.06,2.73,2,282.8,20 / 20,505229,2019-09-06 18:24:31:911,-0.394,0.3088,9.5087,-0.0078,-0.0112,9.8066,0.0386,0.0332,-0.0394,6.38,-30.37,13.19,13.5,-82.21,164.8
52.379963,-1.517913,133.06,2.73,2,282.8,20 / 20,505330,2019-09-06 18:24:32:012,-0.4963,-0.4952,9.7,0.0152,0.0254,9.8066,0.0767,0.0056,0.0135,7.38,-29.5,13.13,17.77,-82.29,164.7
52.3801,-1.518735,132.8,9.15,3,283.49,20 / 20,505429,2019-09-06 18:24:32:111,-0.3046,-0.0069,10.2263,0.005,0.0048,9.8065,0.0074,-0.0234,-0.0121,7.31,-29.44,12.44,21.35,-82.21,164.99
52.3801,-1.518735,132.8,9.15,3,283.49,20 / 20,505529,2019-09-06 18:24:32:211,-0.8416,-0.9967,9.6547,0.0056,0.0033,9.8065,0.0953,0.0117,0.0187,7.25,-28.62,11.69,20.03,-82.28,164.08
52.3801,-1.518735,132.8,9.15,3,283.49,20 / 20,505628,2019-09-06 18:24:32:310,-1.6409,0.5968,10.116,-0.0004,-0.0202,9.8065,0.0018,-0.0895,0.0084,6,-28.81,11.5,14.7,-82.21,163.74
52.3801,-1.518735,132.8,9.15,3,283.49,20 / 20,505729,2019-09-06 18:24:32:411,0.486,-0.6211,10.0002,0.001,-0.0131,9.8066,0.0236,0.0043,0.0162,6.06,-28.44,12.19,12.93,-82,162.52
52.3801,-1.518735,132.8,9.15,3,283.49,20 / 20,505828,2019-09-06 18:24:32:510,-1.0881,-1.4321,9.4629,0.007,-0.0237,9.8066,0.1145,0.0063,-0.0292,5.75,-29.31,12.56,9.26,-81.78,161.72
52.3801,-1.518735,132.8,9.15,3,283.49,20 / 20,505928,2019-09-06 18:24:32:610,-1.1763,-0.2263,10.1397,-0.012,-0.0226,9.8066,0.0113,0.0031,0.0336,6.25,-29.19,13.19,8.98,-81.75,161.51
52.3801,-1.518735,132.8,9.15,3,283.49,20 / 20,506029,2019-09-06 18:24:32:711,0.1331,-0.9344,9.7869,0.0008,-0.0264,9.8066,0.0158,-0.0232,0.0009,6.63,-30.37,12.44,17.01,-81.66,161.33
52.3801,-1.518735,132.8,9.15,3,283.49,20 / 20,506128,2019-09-06 18:24:32:810,0.7956,-0.1624,9.8415,-0.0156,-0.015,9.8065,-0.0698,0.0131,-0.0083,6.88,-30.56,12.69,14.12,-81.65,161.41
52.3801,-1.518735,132.8,9.15,3,283.49,20 / 20,506228,2019-09-06 18:24:32:910,-1.2312,0.0184,10.0115,0.0025,0.0009,9.8065,-0.0436,-0.1057,0.0385,6.44,-30,13.13,9.2,-81.6,161.52
52.3801,-1.518735,132.8,9.15,3,283.49,20 / 20,506329,2019-09-06 18:24:33:011,-1.8451,0.0626,10.173,-0.0228,-0.004,9.8066,-0.0125,-0.1168,0.0648,6.63,-30.69,12,18.88,-81.53,162.32
52.3801,-1.518735,132.8,9.15,3,283.49,20 / 20,506428,2019-09-06 18:24:33:110,1.3993,-0.9533,9.7301,0.0102,0.0364,9.8066,-0.135,0.057,0.0556,6.94,-30.56,12.88,15.66,-81.74,162.54
52.3801,-1.518735,132.8,9.15,3,283.49,20 / 20,506529,2019-09-06 18:24:33:211,-1.9381,-0.5659,9.2632,0.0211,0.0202,9.8065,-0.005,0.0842,-0.0955,5.75,-30.44,12.63,10.96,-81.69,162.77
52.3801,-1.518735,132.8,9.15,3,283.49,20 / 20,506629,2019-09-06 18:24:33:311,0.0339,0.208,9.3238,0.01,0.0044,9.8066,0.0005,0.0925,-0.0354,6.06,-30.69,12.56,11.07,-81.69,162.73
52.3801,-1.518735,132.8,9.15,3,283.49,20 / 20,506728,2019-09-06 18:24:33:410,-1.5456,-0.6038,10.2721,-0.0275,-0.0051,9.8065,-0.0193,-0.079,0.1237,5.69,-31.19,12.56,12.75,-81.71,163.89
52.3801,-1.518735,132.8,9.15,3,283.49,20 / 20,506829,2019-09-06 18:24:33:511,-0.1429,0.1676,10.5068,-0.0025,0.0006,9.8066,-0.0643,-0.0031,-0.0013,6.5,-31.12,13,17.08,-81.74,163.53
52.3801,-1.518735,132.8,9.15,3,283.49,20 / 20,506928,2019-09-06 18:24:33:610,-0.735,-0.2393,10.0914,0.0059,0.0043,9.8066,0.0895,0.0032,-0.0454,5.81,-30.81,12.5,12.02,-81.7,163.39
52.3801,-1.518735,132.8,9.15,3,283.49,20 / 20,507028,2019-09-06 18:24:33:710,-1.5074,-1.0794,9.866,-0.0241,-0.0249,9.8065,0.0787,-0.0203,0.0194,6.5,-30.75,12.63,18.34,-81.54,164.27
52.3801,-1.518735,132.8,9.15,3,283.49,20 / 20,507128,2019-09-06 18:24:33:810,0.0391,0.507,9.5516,-0.003,-0.013,9.8066,-0.0545,-0.0549,0.0036,6.25,-30.94,12.88,12.76,-81.63,163.86
52.3801,-1.518735,132.8,9.15,3,283.49,20 / 20,507228,2019-09-06 18:24:33:910,-0.3762,0.3001,10.0277,-0.0138,-0.0085,9.8066,-0.0008,-0.0204,0.0274,5.75,-30.69,12.31,15.78,-81.64,163.8
52.3801,-1.518735,132.8,9.15,3,283.49,20 / 20,507328,2019-09-06 18:24:34:010,-1.4421,0.0031,10.2896,0.0012,-0.0105,9.8066,0.0617,0.0713,-0.0789,6.44,-30.44,12.25,14.91,-81.61,163.37
52.3801,-1.518735,132.8,9.15,3,283.49,20 / 20,507429,2019-09-06 18:24:34:111,-1.144,-0.834,10.0567,0.0078,0.0108,9.8066,0.0643,-0.1006,0.0443,5.69,-30.69,12.63,12.28,-81.51,163.47
52.3801,-1.518735,132.8,9.15,3,283.49,20 / 20,507529,2019-09-06 18:24:34:211,-0.8281,0.5295,10.2959,-0.0005,0.0145,9.8066,0.0601,-0.1354,0.1052,6.31,-30.75,12.19,15.4,-81.5,163.47
52.3801,-1.518735,132.8,9.15,3,283.49,20 / 20,507629,2019-09-06 18:24:34:311,0.555,-2.1853,9.8911,-0.0018,-0.0197,9.8066,0.0385,0.0932,-0.092,6.44,-30.62,12.75,12.33,-81.41,163.46
52.3801,-1.518735,132.8,9.15,3,283.49,20 / 20,507728,2019-09-06 18:24:34:410,1.3528,-1.5703,9.8233,-0.0055,-0.0037,9.8066,0.0088,0.0061,-0.0383,5.5,-30.62,12.5,13.3,-81.41,164.12
52.3801,-1.518735,132.8,9.15,3,283.49,20 / 20,507828,2019-09-06 18:24:34:510,0.06,-1.1576,9.7089,-0.0204,0.0118,9.8066,-0.0197,-0.0246,0.0524,5.94,-30.87,12.31,17,-81.45,164.48
52.3801,-1.518735,132.8,9.15,3,283.49,20 / 20,507928,2019-09-06 18:24:34:610,-1.4047,0.8696,9.6312,0.0111,0.002,9.8066,0.0229,0.0603,-0.066,5.94,-30,12,17.78,-81.56,165.27
52.3801,-1.518735,132.8,9.15,3,283.49,20 / 20,508029,2019-09-06 18:24:34:711,-0.0802,-0.6305,10.3195,-0.007,-0.0074,9.8066,0.0561,-0.0186,0.0553,5.5,-30.5,12.5,15.9,-81.61,166.16
52.3801,-1.518735,132.8,9.15,3,283.49,20 / 20,508129,2019-09-06 18:24:34:811,-1.3513,0.2165,9.6791,0.014,0.0029,9.8066,-0.0348,0.0522,-0.031,6.44,-30.12,12.13,17.81,-81.65,165.36
52.3801,-1.518735,132.8,9.15,3,283.49,20 / 20,508229,2019-09-06 18:24:34:911,-1.2611,0.4119,9.4443,0.0032,-0.0046,9.8066,-0.0103,-0.0847,0.0572,5.44,-29.5,12.38,12.68,-81.66,165.85
52.3801,-1.518735,132.8,9.15,3,283.49,20 / 20,508328,2019-09-06 18:24:35:010,-0.3395,-0.2191,9.7015,0.0073,0.015,9.8066,-0.0002,-0.0213,0.0365,5.56,-29.69,12.25,17.65,-81.81,165.37
52.3801,-1.518735,132.8,9.15,3,283.49,22 / 22,508428,2019-09-06 18:24:35:110,-1.1807,0.3602,10.0649,0.0039,-0.0101,9.8066,0.1091,-0.0304,0.0214,5.75,-30.12,12.06,17.49,-81.8,165.25
52.3801,-1.518735,132.8,9.15,3,283.49,22 / 22,508528,2019-09-06 18:24:35:210,-0.1482,-0.8407,9.5462,-0.0089,-0.0074,9.8066,-0.0676,-0.0619,0.0088,5.56,-30.25,12,17.87,-81.74,165.47
52.3801,-1.518735,132.8,9.15,3,283.49,22 / 22,508628,2019-09-06 18:24:35:310,-1.5234,-0.3499,9.2194,0.0012,0.0168,9.8065,0.0326,-0.1077,0.1226,5.56,-30.69,11.94,20.59,-81.65,167.03
52.3801,-1.518735,132.8,9.15,3,283.49,22 / 22,508728,2019-09-06 18:24:35:410,0.1598,0.1814,9.9599,0.0223,0.0069,9.8066,-0.0906,-0.0245,-0.0259,6.19,-31.06,11.69,19.09,-81.65,166.03
52.3801,-1.518735,132.8,9.15,3,283.49,22 / 22,508829,2019-09-06 18:24:35:511,-1.2787,0.3214,9.4178,0.0295,0.0376,9.8065,0.0796,0.0738,-0.0537,5.44,-30.75,11.06,17.74,-81.55,166.52
52.3801,-1.518735,132.8,9.15,3,283.49,22 / 22,508928,2019-09-06 18:24:35:610,-0.1108,-0.0083,9.5366,0.0282,0.0135,9.8065,0.0121,0.0141,-0.0034,6.06,-31.12,11.81,17.17,-81.78,164.83
52.3801,-1.518735,132.8,9.15,3,283.49,22 / 22,509028,2019-09-06 18:24:35:710,0.0966,0.3308,10.3939,0.0115,0.0029,9.8066,-0.0899,0.0012,0.017,5.81,-30.75,12.25,16.07,-81.63,163.99
52.3801,-1.518735,132.8,9.15,3,283.49,22 / 22,509129,2019-09-06 18:24:35:811,0.0374,-0.4075,10.502,0.0148,0.0108,9.8066,0.0711,0.0149,-0.0643,5.88,-31,12.13,15.95,-81.47,163.81
52.3801,-1.518735,132.8,9.15,3,283.49,22 / 22,509229,2019-09-06 18:24:35:911,-0.2737,-0.6791,10.1553,-0.016,-0.0096,9.8066,0.045,-0.0868,0.1329,5.44,-30.75,11.44,14.99,-81.36,164.66
52.3801,-1.518735,132.8,9.15,3,283.49,22 / 22,509329,2019-09-06 18:24:36:011,0.2546,0.3048,9.8904,0.009,-0.0026,9.8065,-0.0073,0.0133,-0.067,6.06,-30.56,12.44,17.47,-81.34,164.72
52.3801,-1.518735,132.8,9.15,3,283.49,20 / 20,509429,2019-09-06 18:24:36:111,-0.5474,0.7729,9.7087,-0.0078,0.0027,9.8066,-0.009,0.0165,0.0091,5.81,-30.5,12.38,18.1,-81.39,165.37
52.3801,-1.518735,132.8,9.15,3,283.49,20 / 20,509530,2019-09-06 18:24:36:212,-0.2098,0.2059,9.9338,0.0048,-0.0062,9.8066,-0.0031,-0.0046,0.0019,5.75,-30.5,12.44,18.15,-81.32,165.34
52.3801,-1.518735,132.8,9.15,3,283.49,20 / 20,509628,2019-09-06 18:24:36:310,-0.7189,0.188,9.8019,-0.003,-0.0054,9.8066,-0.0729,-0.037,-0.075,6.94,-30,13.25,18.95,-81.36,164.75
52.3801,-1.518735,132.8,9.15,3,283.49,20 / 20,509728,2019-09-06 18:24:36:410,0.1557,-0.8152,9.5641,-0.0029,-0.0049,9.8066,0.0343,0.0779,0.0285,7.19,-29.75,11.5,22.52,-81.34,164.87
52.3801,-1.518735,132.8,9.15,3,283.49,20 / 20,509828,2019-09-06 18:24:36:510,-1.06,-0.6799,9.7097,-0.0128,-0.0292,9.8066,0.1024,-0.0353,0.0052,5.69,-30.62,11.38,21.78,-81.05,164.7
52.3801,-1.518735,132.8,9.15,3,283.49,20 / 20,509929,2019-09-06 18:24:36:611,-0.4895,0.0505,10.392,-0.0208,-0.0211,9.8065,0.0068,-0.0096,-0.0903,5.25,-30.87,12.13,12.07,-81.07,164.87
52.3801,-1.518735,132.8,9.15,3,283.49,20 / 20,510028,2019-09-06 18:24:36:710,0.2951,-1.2127,9.8639,-0.0154,-0.0146,9.8066,-0.0715,0.1069,0.1025,5.81,-30.5,12.88,15.43,-80.88,165.39
52.3801,-1.518735,132.8,9.15,3,283.49,20 / 20,510129,2019-09-06 18:24:36:811,1.7011,-0.4148,10.2586,-0.0214,-0.0072,9.8066,-0.0505,-0.0966,0.0486,5.5,-30.75,12.56,16.42,-80.88,165.87
52.3801,-1.518735,132.8,9.15,3,283.49,20 / 20,510229,2019-09-06 18:24:36:911,0.2328,0.5707,8.1532,0.0177,0.0501,9.8065,-0.141,-0.0826,-0.0187,6,-30.87,12.25,19.58,-80.97,165.8
52.3801,-1.518735,132.8,9.15,3,283.49,20 / 20,510329,2019-09-06 18:24:37:011,-0.7493,-0.5087,11.0539,0.0334,0.091,9.8061,0.3741,-0.0641,-0.0459,5.31,-31.37,12.25,13.45,-81.63,166.06
52.3801,-1.518735,132.8,9.15,3,283.49,20 / 20,510428,2019-09-06 18:24:37:110,-1.6103,-0.8916,10.2542,0.0139,0.0327,9.8065,0.1964,0.0614,0.0075,5.88,-31,12.06,19.13,-81.89,166.25
52.3801,-1.518735,132.8,9.15,3,283.49,20 / 20,510528,2019-09-06 18:24:37:210,-0.2104,-0.585,10.5338,0.0391,0.0581,9.8064,0.2023,0.0768,0.05,6.31,-30.87,11.56,18.81,-82.12,166.21
52.3801,-1.518735,132.8,9.15,3,283.49,20 / 20,510628,2019-09-06 18:24:37:310,-0.5316,0.1989,10.4659,-0.0263,-0.0488,9.8064,0.3411,-0.0621,-0.0524,5.94,-30.37,12.13,18.65,-81.66,165.94
52.3801,-1.518735,132.8,9.15,3,283.49,20 / 20,510729,2019-09-06 18:24:37:411,0.2294,-1.2352,10.6373,0.0138,0.0238,9.8066,0.0255,0.0845,-0.0432,5.94,-30.06,11.94,18.16,-81.69,165.63
52.3801,-1.518735,132.8,9.15,3,283.49,20 / 20,510829,2019-09-06 18:24:37:511,-1.8558,-0.54,10.5421,-0.0271,-0.0368,9.8065,0.2429,-0.0925,0.1289,6.56,-30.31,12,24.22,-81.75,166.42
52.3801,-1.518735,132.8,9.15,3,283.49,20 / 20,510928,2019-09-06 18:24:37:610,-1.5967,-0.736,10.4604,-0.0273,-0.0447,9.8065,-0.1437,0.0455,-0.1854,6.5,-29.75,11.44,27.87,-81.54,166.02
52.3801,-1.518735,132.8,9.15,3,283.49,20 / 20,511029,2019-09-06 18:24:37:711,0.2976,0.1836,9.4181,-0.0259,-0.0224,9.8065,0.2088,-0.063,0.1271,5.44,-29.81,12.06,14.78,-81.4,166.95
52.3801,-1.518735,132.8,9.15,3,283.49,20 / 20,511129,2019-09-06 18:24:37:811,0.76,-1.013,9.4997,-0.0198,-0.0368,9.8065,-0.1479,-0.0169,0.0453,5.5,-30.25,12.06,20.07,-81.35,166.66
52.3801,-1.518735,132.8,9.15,3,283.49,20 / 20,511228,2019-09-06 18:24:37:910,-0.296,0.5858,9.555,0.0041,0.0032,9.8066,-0.0528,-0.1444,-0.0758,6.13,-30.56,12,19.05,-81.43,165.83
52.3801,-1.518735,132.8,9.15,3,283.49,20 / 20,511330,2019-09-06 18:24:38:012,-1.5931,0.073,8.9671,-0.0265,-0.0128,9.8065,0.1385,-0.0207,0.1153,5.94,-30.44,12.25,19.14,-81.47,166.13
52.3801,-1.518735,132.8,9.15,3,283.49,20 / 20,511428,2019-09-06 18:24:38:110,1.8879,0.3131,8.9486,0.0093,-0.0019,9.8066,-0.0508,0.0705,0.0533,5.06,-30.56,11.69,14.35,-81.51,166.57
52.3801,-1.518735,132.8,9.15,3,283.49,20 / 20,511529,2019-09-06 18:24:38:211,-2.4866,-0.0973,9.3736,-0.0002,-0.0154,9.8065,0.0176,0.0861,-0.1402,5.81,-31.12,11.75,19,-81.46,165.82
52.3801,-1.518735,132.8,9.15,3,283.49,20 / 20,511629,2019-09-06 18:24:38:311,0.5876,-0.7853,9.8279,0.0001,0.0097,9.8066,-0.0326,0.0557,0.0187,5.69,-31.31,11.44,25.11,-81.55,167.37
52.3801,-1.518735,132.8,9.15,3,283.49,20 / 20,511729,2019-09-06 18:24:38:411,0.775,0.5578,10.0148,-0.0051,0.0208,9.8065,-0.074,0.0172,0.1059,5.31,-31.31,12.13,17.06,-81.69,168.46
52.3801,-1.518735,132.8,9.15,3,283.49,20 / 20,511828,2019-09-06 18:24:38:510,-0.6437,1.3346,9.8729,-0.0227,-0.0315,9.8066,0.0356,-0.1019,0.0058,5.69,-31.25,11.69,22.92,-81.8,168.76
52.3801,-1.518735,132.8,9.15,3,283.49,20 / 20,511929,2019-09-06 18:24:38:611,-0.931,0.5104,9.9023,-0.0284,-0.0178,9.8065,-0.0055,-0.0237,0.032,6.06,-31.06,12.06,24.25,-81.63,169.5
52.3801,-1.518735,132.8,9.15,3,283.49,20 / 20,512028,2019-09-06 18:24:38:710,-0.8644,0.0318,10.0298,-0.0001,0.0075,9.8066,-0.0092,0.0082,0.0542,5.81,-31.44,11.88,25.37,-81.79,170.44
52.3801,-1.518735,132.8,9.15,3,283.49,20 / 20,512129,2019-09-06 18:24:38:811,0.0626,0.1874,10.3833,-0.0011,-0.0022,9.8066,0.0124,-0.0215,0.0356,5.19,-31.06,11.69,19.58,-81.92,170.32
52.3801,-1.518735,132.8,9.15,3,283.49,20 / 20,512230,2019-09-06 18:24:38:912,-0.3865,1.3325,10.2102,-0.0065,-0.001,9.8066,-0.0898,-0.1133,0.0578,5.63,-32,12,26.64,-81.88,171.14
52.3801,-1.518735,132.8,9.15,3,283.49,20 / 20,512329,2019-09-06 18:24:39:011,1.0964,-0.3815,10.2692,-0.0217,-0.0138,9.8065,-0.0002,0.058,-0.0759,5.38,-31.62,12.13,22.84,-81.82,172.19
52.3801,-1.518735,132.8,9.15,3,283.49,21 / 21,512429,2019-09-06 18:24:39:111,-1.1959,0.5778,10.3821,-0.0104,-0.0204,9.8065,-0.0535,0.1021,0.0173,5,-31.25,12.13,22.73,-81.78,172.32
52.3801,-1.518735,132.8,9.15,3,283.49,21 / 21,512529,2019-09-06 18:24:39:211,0.7335,-0.4169,10.3116,-0.0206,-0.0484,9.8064,-0.1574,-0.0498,0.0169,5.31,-31.06,11.63,23.69,-81.4,172.58
52.3801,-1.518735,132.8,9.15,3,283.49,21 / 21,512630,2019-09-06 18:24:39:312,-0.2324,-0.7661,9.2148,0.0033,0.0078,9.8066,0.0562,-0.0583,-0.0009,5.5,-31.75,12.06,29.24,-81.42,172.36
52.3801,-1.518735,132.8,9.15,3,283.49,21 / 21,512729,2019-09-06 18:24:39:411,-0.4135,0.2133,9.9382,0.0152,0.0111,9.8066,-0.0313,-0.0426,-0.0003,4.94,-31.31,11.69,22.82,-81.46,172.07
52.3801,-1.518735,132.8,9.15,3,283.49,21 / 21,512829,2019-09-06 18:24:39:511,-0.6515,0.1644,9.4445,0.0174,0.0337,9.8065,-0.0528,-0.0245,0.0188,5.25,-31.69,11.25,27.36,-81.58,172.37
52.3801,-1.518735,132.8,9.15,3,283.49,21 / 21,512930,2019-09-06 18:24:39:612,0.1402,0.5521,9.9233,-0.0093,0.0096,9.8066,-0.0304,-0.0264,0.082,5.13,-31.69,11.44,27.2,-81.72,172.45
52.3801,-1.518735,132.8,9.15,3,283.49,21 / 21,513029,2019-09-06 18:24:39:711,-0.6202,0.1178,9.9915,-0.007,0.0017,9.8066,-0.1123,-0.0453,0.0086,4.69,-31.56,10.94,28.9,-81.55,173.33
52.3801,-1.518735,132.8,9.15,3,283.49,21 / 21,513129,2019-09-06 18:24:39:811,-1.2513,0.4389,10.1551,-0.0224,-0.0123,9.8065,0.0175,-0.0638,0.0207,5,-31.62,11.06,30.25,-81.5,174.12
52.3801,-1.518735,132.8,9.15,3,283.49,21 / 21,513228,2019-09-06 18:24:39:910,-0.7525,1.7742,9.7559,-0.0144,-0.0252,9.8065,-0.1168,-0.0603,0.0205,4.63,-31.94,11.25,30.42,-81.38,174.06
52.3801,-1.518735,132.8,9.15,3,283.49,21 / 21,513329,2019-09-06 18:24:40:011,0.7879,0.6226,9.6868,0.0263,0.0198,9.8065,-0.2115,0.0343,-0.0849,4.69,-31.5,11.56,24.67,-81.49,173.32
52.3801,-1.518735,132.8,9.15,3,283.49,21 / 21,513428,2019-09-06 18:24:40:110,-0.6572,0.7254,8.813,-0.001,0.0093,9.8066,-0.1474,-0.0107,-0.0119,4.63,-31.56,10.94,29.85,-81.46,173.81
52.3801,-1.518735,132.8,9.15,3,283.49,21 / 21,513529,2019-09-06 18:24:40:211,0.4827,0.3289,9.6893,0.0618,0.1064,9.8058,0.0317,-0.1931,0.0961,5.31,-31.37,10.69,28.88,-81.54,173.64
52.3801,-1.518735,132.8,9.15,3,283.49,21 / 21,513629,2019-09-06 18:24:40:311,-1.0213,1.1218,10.1293,-0.0113,-0.0515,9.8064,-0.0627,-0.0941,0.032,4.88,-31.94,11.38,27.96,-82.11,173.46
52.3801,-1.518735,132.8,9.15,3,283.49,21 / 21,513729,2019-09-06 18:24:40:411,-0.8839,-0.0002,10.263,-0.0202,-0.0549,9.8065,0.0663,0.0297,-0.0862,4.69,-31.25,10.75,28.98,-81.7,173.92
52.3801,-1.518735,132.8,9.15,3,283.49,21 / 21,513829,2019-09-06 18:24:40:511,-1.9202,-1.2373,10.2786,0.0389,0.055,9.8063,0.3446,-0.0037,-0.0268,5.19,-30.81,10.81,28.96,-81.67,173.87
52.3801,-1.518735,132.8,9.15,3,283.49,21 / 21,513929,2019-09-06 18:24:40:611,-0.2561,0.0685,10.338,0.033,0.0329,9.8065,-0.1328,-0.1015,0.0175,4.69,-31.87,10.5,28.43,-81.72,173.24
52.3801,-1.518735,132.8,9.15,3,283.49,21 / 21,514028,2019-09-06 18:24:40:710,-1.0869,0.1179,9.9085,0.0098,-0.0076,9.8065,-0.005,-0.1115,-0.0807,4.69,-31.94,10.81,28,-81.48,172.65
52.3801,-1.518735,132.8,9.15,3,283.49,21 / 21,514130,2019-09-06 18:24:40:812,-0.2355,-0.0242,10.4669,0.0044,0.0036,9.8066,-0.0421,-0.0491,-0.0554,4.31,-31.62,10.94,19.39,-81.71,171.69
52.3801,-1.518735,132.8,9.15,3,283.49,21 / 21,514228,2019-09-06 18:24:40:910,-0.2329,0.9581,9.66,0.0219,0.0456,9.8065,0.1246,-0.0008,0.0141,5,-31.56,10.94,25.73,-82.17,172.04
52.3801,-1.518735,132.8,9.15,3,283.49,21 / 21,514329,2019-09-06 18:24:41:011,-0.0851,0.4029,9.9258,0.0079,0.0153,9.8066,0.1337,0.0474,-0.0269,4.69,-31.87,10.63,24.55,-82.1,171.18
52.380383,-1.520253,133.21,13.12,3,290.52,21 / 21,514429,2019-09-06 18:24:41:111,-0.5754,-0.3368,10.3458,0.036,0.0886,9.8061,0.1686,0.0684,-0.0029,4.31,-32.12,10.63,19.6,-81.56,171.67
52.380383,-1.520253,133.21,13.12,3,290.52,21 / 21,514529,2019-09-06 18:24:41:211,-0.8718,0.2533,10.8785,-0.0327,-0.0242,9.8066,0.1376,-0.058,0.0418,4.94,-31.62,10.81,27.2,-81.77,172.52
52.380383,-1.520253,133.21,13.12,3,290.52,21 / 21,514629,2019-09-06 18:24:41:311,-0.8001,1.0088,10.253,0.0091,0.0045,9.8066,0.0953,-0.0772,-0.0242,4.75,-31.75,10.56,27.63,-81.74,172.75
52.380383,-1.520253,133.21,13.12,3,290.52,21 / 21,514729,2019-09-06 18:24:41:411,-1.5727,-0.1578,10.4417,-0.0142,-0.0156,9.8066,0.0487,-0.0327,0.02,4.63,-31.56,10.69,27.36,-81.63,172.44
52.380383,-1.520253,133.21,13.12,3,290.52,21 / 21,514828,2019-09-06 18:24:41:510,-0.7141,-0.2166,9.6995,0.0078,0.0047,9.8065,0.1264,-0.0053,0.0054,5.19,-31.75,10.81,26.75,-81.63,172.05
52.380383,-1.520253,133.21,13.12,3,290.52,21 / 21,514928,2019-09-06 18:24:41:610,1.2924,0.1133,9.6761,-0.0064,-0.0262,9.8066,-0.153,0.0398,-0.1105,5.13,-31.31,11,25.61,-81.42,171.37
52.380383,-1.520253,133.21,13.12,3,290.52,21 / 21,515029,2019-09-06 18:24:41:711,-1.2878,0.2118,8.9094,0.0008,-0.0195,9.8066,-0.0417,-0.1089,0.074,5.06,-31.81,10.75,24.27,-81.53,170.35
52.380383,-1.520253,133.21,13.12,3,290.52,21 / 21,515129,2019-09-06 18:24:41:811,1.4224,2.2069,10.1524,0.0335,0.0365,9.8065,0.0343,-0.0734,0.0173,4.31,-31.81,10.25,20.5,-81.81,169.97
52.380383,-1.520253,133.21,13.12,3,290.52,21 / 21,515230,2019-09-06 18:24:41:912,-0.0635,0.4174,9.3608,0.0137,0.0091,9.8066,0.0985,-0.0196,-0.0649,5.13,-31.31,9.69,26.61,-81.79,169.58
52.380383,-1.520253,133.21,13.12,3,290.52,21 / 21,515329,2019-09-06 18:24:42:011,-0.8783,0.6341,9.5702,0.0152,0.0169,9.8065,0.0388,0.0205,0.0564,5.06,-31.37,10.38,27.06,-81.6,169.6
52.380383,-1.520253,133.21,13.12,3,290.52,21 / 22,515429,2019-09-06 18:24:42:111,0.5418,-0.8613,9.2206,-0.031,-0.0095,9.8065,-0.0947,-0.0417,0.0573,4.5,-31.19,9.75,27.53,-81.76,170.11
52.380383,-1.520253,133.21,13.12,3,290.52,21 / 22,515528,2019-09-06 18:24:42:210,-0.3084,2.1425,10.1828,-0.0001,0.0315,9.8066,-0.0221,0.0029,-0.013,5.19,-31.5,10.13,28.6,-82.34,171.61
52.380383,-1.520253,133.21,13.12,3,290.52,21 / 22,515629,2019-09-06 18:24:42:311,-1.1255,1.4355,9.0999,-0.018,0.0264,9.8065,0.3612,0.0359,-0.0769,4.75,-31.75,9.69,30.59,-82.45,172.74
52.380383,-1.520253,133.21,13.12,3,290.52,21 / 22,515728,2019-09-06 18:24:42:410,0.3801,-1.115,10.9028,0.0562,0.1108,9.8058,-0.1725,-0.0344,-0.0191,4.44,-31.25,10.5,19.67,-82.44,172.79
52.380383,-1.520253,133.21,13.12,3,290.52,21 / 22,515828,2019-09-06 18:24:42:510,-0.0966,1.9536,10.6368,0.0492,0.0629,9.8063,0.0443,-0.058,0.0008,4.75,-30.94,9.63,29.87,-82.44,172.61
52.380383,-1.520253,133.21,13.12,3,290.52,21 / 22,515928,2019-09-06 18:24:42:610,0.0175,-0.2102,10.1544,0.0111,0.0213,9.8065,-0.1657,0.0473,0.0471,4.44,-31.31,9.94,23.51,-82.4,172.78
52.380383,-1.520253,133.21,13.12,3,290.52,21 / 22,516028,2019-09-06 18:24:42:710,-0.5001,-0.1497,9.8979,-0.0318,-0.0503,9.8064,-0.0539,-0.0187,-0.0199,5.13,-31.5,9.38,36.96,-81.93,172.85
52.380383,-1.520253,133.21,13.12,3,290.52,21 / 22,516129,2019-09-06 18:24:42:811,-0.2005,-0.094,9.6751,-0.01,0.0089,9.8065,-0.2173,-0.168,0.0262,4.38,-31.69,10.25,25.82,-82.06,173.49
52.380383,-1.520253,133.21,13.12,3,290.52,21 / 22,516233,2019-09-06 18:24:42:915,-0.7317,0.859,9.2547,-0.0123,0.0423,9.8065,-0.1232,-0.2258,0.1726,4.13,-31.69,9.63,27.18,-82.41,174.84
52.380383,-1.520253,133.21,13.12,3,290.52,21 / 22,516328,2019-09-06 18:24:43:010,-0.189,1.2825,10.3002,-0.0232,-0.0226,9.8066,-0.0245,-0.0097,0.0231,4.25,-31.56,9.38,34.96,-82.36,176.38
52.380383,-1.520253,133.21,13.12,3,290.52,21 / 21,516429,2019-09-06 18:24:43:111,-0.0506,1.2045,9.8749,-0.0102,-0.043,9.8065,0.0298,-0.1334,-0.0251,4,-32,9.69,28.36,-82.4,175.57
52.380383,-1.520253,133.21,13.12,3,290.52,21 / 21,516528,2019-09-06 18:24:43:210,-1.2484,0.7619,9.8011,-0.0096,-0.0021,9.8066,0.0983,-0.0718,0.0549,3.88,-32.06,9.31,32.59,-82.68,175.5
52.380383,-1.520253,133.21,13.12,3,290.52,21 / 21,516629,2019-09-06 18:24:43:311,-1.5533,0.7565,10.8919,0.0254,0.0252,9.8066,0.1259,-0.1142,0.0489,4.63,-31.69,9.75,32.25,-82.76,174.36
52.380383,-1.520253,133.21,13.12,3,290.52,21 / 21,516728,2019-09-06 18:24:43:410,0.0711,-0.2223,10.5939,-0.0112,-0.0426,9.8065,0.1541,-0.0153,-0.0908,4.63,-31.81,9.69,29.71,-82.42,172.12
52.380383,-1.520253,133.21,13.12,3,290.52,21 / 21,516828,2019-09-06 18:24:43:510,-0.6532,-0.1311,10.0116,0.0077,-0.01,9.8066,-0.0513,0.0085,0.0028,4.56,-31.87,9.25,33.69,-82.38,171.16
52.380383,-1.520253,133.21,13.12,3,290.52,21 / 21,516928,2019-09-06 18:24:43:610,-0.3991,0.8477,10.1202,-0.0016,-0.0084,9.8066,-0.0017,-0.0675,0.0395,4.25,-32.12,9.56,21.5,-82.36,171.19
52.380383,-1.520253,133.21,13.12,3,290.52,21 / 21,517029,2019-09-06 18:24:43:711,-0.6119,0.3885,9.7672,-0.0072,0.0066,9.8066,-0.116,-0.0327,0.024,4.94,-31.69,9.75,27.89,-82.5,171.04
52.380383,-1.520253,133.21,13.12,3,290.52,21 / 21,517128,2019-09-06 18:24:43:810,0.5983,0.9197,10.0093,0,-0.0008,9.8066,-0.0535,-0.0241,-0.0206,4.75,-31.75,9.25,32.66,-82.58,170.84
52.380383,-1.520253,133.21,13.12,3,290.52,21 / 21,517229,2019-09-06 18:24:43:911,-0.9212,-0.6361,10.09,-0.0134,-0.0243,9.8066,-0.0517,0.0683,-0.0111,4.56,-31.19,9.31,32.69,-82.44,171.02
52.380383,-1.520253,133.21,13.12,3,290.52,21 / 21,517331,2019-09-06 18:24:44:013,0.3857,2.3454,10.0994,0.002,0.0091,9.8066,-0.1208,-0.0246,0.0628,4.13,-31.81,9.38,26.29,-82.45,171.22
52.380383,-1.520253,133.21,13.12,3,290.52,21 / 21,517429,2019-09-06 18:24:44:111,1.0709,-0.1812,10.075,0.0107,0.0081,9.8066,0.0406,-0.0665,-0.044,5,-31.5,9.81,27.06,-82.4,170.67
52.380383,-1.520253,133.21,13.12,3,290.52,21 / 21,517529,2019-09-06 18:24:44:211,0.1519,0.7449,10.2738,-0.0065,-0.0057,9.8066,0.0178,0.0191,-0.0185,4.69,-31.94,9.44,32.18,-82.42,170.25
52.380383,-1.520253,133.21,13.12,3,290.52,21 / 21,517628,2019-09-06 18:24:44:310,0.5974,0.4318,10.3457,0.021,0.027,9.8065,0.1621,-0.0324,0.077,5,-31.94,9.56,27.5,-82.06,170.17
52.380383,-1.520253,133.21,13.12,3,290.52,21 / 21,517729,2019-09-06 18:24:44:411,-0.5443,0.1304,10.052,0.0013,-0.0041,9.8066,-0.0146,0.0525,-0.0597,5.19,-31.62,9.75,27.07,-81.96,169.75
52.380383,-1.520253,133.21,13.12,3,290.52,21 / 21,517830,2019-09-06 18:24:44:512,0.1915,0.4951,10.2863,-0.0221,-0.0314,9.8065,0.1457,-0.0684,-0.0953,6,-31.5,9.56,32.87,-81.76,169.66
52.380383,-1.520253,133.21,13.12,3,290.52,21 / 21,517928,2019-09-06 18:24:44:610,-0.5297,-0.664,9.5123,-0.0086,0.0078,9.8066,-0.1245,-0.0437,0.0865,5.38,-31,9.25,32.98,-81.65,169.83
52.380383,-1.520253,133.21,13.12,3,290.52,21 / 21,518029,2019-09-06 18:24:44:711,0.3461,-0.2038,9.986,-0.0117,-0.0265,9.8066,-0.1835,-0.0587,0.0437,4.5,-31.44,9.06,32.11,-81.77,169.5
52.380383,-1.520253,133.21,13.12,3,290.52,21 / 21,518129,2019-09-06 18:24:44:811,0.1226,0.2677,9.5905,-0.018,-0.0372,9.8065,-0.0864,0.106,-0.0678,5.25,-31.19,9.63,24.99,-81.87,168.65
52.380383,-1.520253,133.21,13.12,3,290.52,21 / 21,518229,2019-09-06 18:24:44:911,0.0581,0.9447,9.5809,-0.0265,-0.0515,9.8064,-0.1577,-0.0384,-0.0394,4.13,-30.87,9.13,22.57,-81.72,168.36
52.380383,-1.520253,133.21,13.12,3,290.52,21 / 21,518331,2019-09-06 18:24:45:013,-0.3488,-0.2317,9.3643,-0.0439,-0.0642,9.8063,0.1949,-0.015,0.0285,4.13,-31.19,9.31,22.48,-81.86,168.49
52.380383,-1.520253,133.21,13.12,3,290.52,21 / 21,518428,2019-09-06 18:24:45:110,-0.5232,0.1109,9.8109,-0.0074,0.0012,9.8066,0.1207,-0.0818,0.0211,4.56,-30.87,9.19,27.97,-82.42,167.95
52.380383,-1.520253,133.21,13.12,3,290.52,21 / 21,518529,2019-09-06 18:24:45:211,-0.7208,-0.0911,10.0677,-0.041,-0.0459,9.8064,0.1654,0.1363,-0.0178,4.75,-30.81,9.38,29.04,-82.37,168.55
52.380383,-1.520253,133.21,13.12,3,290.52,21 / 21,518628,2019-09-06 18:24:45:310,-1.1337,0.4922,10.7531,0.0127,-0.0048,9.8065,0.0376,0.0298,-0.0521,5.25,-31.19,9.75,22.9,-82.48,168.03
52.380383,-1.520253,133.21,13.12,3,290.52,21 / 21,518729,2019-09-06 18:24:45:411,-0.6914,0.4844,10.0208,0.0014,-0.0158,9.8066,-0.0112,-0.0403,-0.0977,5.19,-31.31,9.13,28.15,-82.44,168.09
52.380383,-1.520253,133.21,13.12,3,290.52,21 / 21,518828,2019-09-06 18:24:45:510,-0.3808,0.2656,10.3241,-0.0053,0.0041,9.8066,0.0294,0.0025,0.0427,5.56,-30.75,9,34.63,-82.31,168.07
52.380383,-1.520253,133.21,13.12,3,290.52,21 / 21,518929,2019-09-06 18:24:45:611,0.0208,-0.0794,10.8262,-0.0052,0.0009,9.8066,0.0754,-0.0331,0.0311,5.25,-31.12,9.5,23.72,-82.21,168.25
52.380383,-1.520253,133.21,13.12,3,290.52,21 / 21,519028,2019-09-06 18:24:45:710,-0.8521,0.644,10.2099,0.0265,0.0014,9.8066,0.0636,-0.1006,-0.042,5.13,-30.94,9.81,22.13,-82.13,167.14
52.380383,-1.520253,133.21,13.12,3,290.52,21 / 21,519129,2019-09-06 18:24:45:811,0.9615,-0.3933,10.1439,0.0035,0.0061,9.8066,-0.0553,0.0569,-0.0742,5.19,-31.5,9.56,21.66,-82,166.71
52.380383,-1.520253,133.21,13.12,3,290.52,21 / 21,519229,2019-09-06 18:24:45:911,-0.6967,1.4533,9.5915,0.0144,0.029,9.8065,0.0792,0.2156,-0.0596,5.81,-31.87,9.63,29.7,-82.1,167.72
52.380383,-1.520253,133.21,13.12,3,290.52,21 / 21,519328,2019-09-06 18:24:46:010,-0.761,-0.0095,9.7621,-0.017,-0.0283,9.8066,0.1648,-0.1865,0.1393,5.13,-31.25,9.81,20.43,-82.26,166.2
52.380383,-1.520253,133.21,13.12,3,290.52,22 / 22,519429,2019-09-06 18:24:46:111,1.0262,-0.4307,9.7795,-0.015,-0.0054,9.8066,-0.1183,-0.0889,0.0081,5.13,-31.06,8.88,24.83,-82.28,165.78
52.380383,-1.520253,133.21,13.12,3,290.52,22 / 22,519528,2019-09-06 18:24:46:210,2.3493,-0.6101,9.4126,-0.0306,-0.0046,9.8065,-0.0917,0.0495,0.116,5.19,-31.31,9.06,26.71,-82.29,166.96
52.380383,-1.520253,133.21,13.12,3,290.52,22 / 22,519629,2019-09-06 18:24:46:311,-0.7034,1.2507,9.7812,-0.0135,-0.0546,9.8065,0.0098,0.0175,-0.1104,5.25,-31.19,9.5,20.55,-82.27,166.28
52.380383,-1.520253,133.21,13.12,3,290.52,22 / 22,519728,2019-09-06 18:24:46:410,1.727,-0.1833,9.8056,0.022,0.0299,9.8065,-0.1105,-0.0699,-0.0216,4.75,-31.62,9.5,21.55,-81.9,166.25
52.380383,-1.520253,133.21,13.12,3,290.52,22 / 22,519829,2019-09-06 18:24:46:511,0.8845,0.7129,10.3109,0.0053,0.0076,9.8066,-0.175,-0.0642,0.031,5.31,-30.94,8.69,26.75,-82.09,166.7
52.380383,-1.520253,133.21,13.12,3,290.52,22 / 22,519929,2019-09-06 18:24:46:611,-0.6752,0.5239,9.6544,0.0005,0.0196,9.8065,-0.0262,-0.0283,0.0667,5.19,-31.87,9.19,27.21,-82.3,166.94
52.380383,-1.520253,133.21,13.12,3,290.52,22 / 22,520028,2019-09-06 18:24:46:710,0.0995,1.6781,10.0125,-0.0454,-0.0554,9.8064,-0.0232,-0.0533,-0.0451,5.25,-31.06,9.88,22.38,-82.06,167.23
52.380383,-1.520253,133.21,13.12,3,290.52,22 / 22,520129,2019-09-06 18:24:46:811,0.7202,-0.4451,10.422,-0.0634,-0.0872,9.806,0.3146,0.0604,0.0156,5,-30.87,8.81,24.62,-82.72,166.24
52.380383,-1.520253,133.21,13.12,3,290.52,22 / 22,520229,2019-09-06 18:24:46:911,0.6956,0.9146,10.5539,-0.0884,-0.1056,9.8057,0.0498,0.0765,-0.0077,5.06,-31.5,8.63,25.88,-82.13,166.22
52.380383,-1.520253,133.21,13.12,3,290.52,22 / 22,520329,2019-09-06 18:24:47:011,-0.4368,-0.6798,10.3736,-0.0354,-0.0692,9.8063,0.1757,-0.1292,0.0079,5.56,-31.5,9.19,33.2,-81.67,166.04
52.380383,-1.520253,133.21,13.12,3,290.52,21 / 21,520428,2019-09-06 18:24:47:110,-0.7163,1.4717,9.9227,-0.021,-0.0157,9.8065,-0.1034,-0.1342,0.0966,5.06,-30.81,9.19,26.75,-81.53,165.9
52.380383,-1.520253,133.21,13.12,3,290.52,21 / 21,520528,2019-09-06 18:24:47:210,0.9703,-0.1112,9.9081,0.003,-0.0137,9.8066,-0.0458,0.1567,-0.0648,5.5,-31,9,36.17,-81.1,166.91
52.380383,-1.520253,133.21,13.12,3,290.52,21 / 21,520629,2019-09-06 18:24:47:311,0.115,0.9801,9.6795,0.0248,0.017,9.8065,0.0361,0.0273,-0.063,5.44,-30.62,9.5,22.93,-81.15,166.54
52.380383,-1.520253,133.21,13.12,3,290.52,21 / 21,520728,2019-09-06 18:24:47:410,-0.1126,0.2897,9.769,-0.0063,0.0124,9.8066,0.0553,0.0357,0.032,6.69,-30.5,9.31,40.2,-81.21,166.87
52.380383,-1.520253,133.21,13.12,3,290.52,21 / 21,520829,2019-09-06 18:24:47:511,0.3891,0.1292,9.2481,0.0155,0.0118,9.8065,-0.0377,0.0033,0.0623,5.75,-30.25,7.94,42.67,-81.38,167.65
52.380383,-1.520253,133.21,13.12,3,290.52,21 / 21,520928,2019-09-06 18:24:47:610,0.5543,0.1572,10.0608,0.0088,-0.0036,9.8066,0.0233,-0.0262,-0.0036,3.5,-30.25,7.38,37.99,-81.35,167.68
52.380383,-1.520253,133.21,13.12,3,290.52,21 / 21,521029,2019-09-06 18:24:47:711,-1.0598,0.7596,10.3155,-0.0126,-0.0208,9.8066,-0.0069,-0.039,0.026,3.06,-31.06,9.19,12.85,-81.18,167.87
52.380383,-1.520253,133.21,13.12,3,290.52,21 / 21,521129,2019-09-06 18:24:47:811,0.9328,1.4988,9.9004,0.0136,0.0134,9.8066,-0.019,0.0139,-0.0122,3.88,-30.94,9.13,23.12,-81.08,167.84
52.380383,-1.520253,133.21,13.12,3,290.52,21 / 21,521228,2019-09-06 18:24:47:910,-0.2333,0.0356,9.0773,0.0293,0.0011,9.8066,-0.0294,0.0072,-0.0161,4.63,-31.87,9.94,24.29,-80.96,166.77
52.380383,-1.520253,133.21,13.12,3,290.52,21 / 21,521329,2019-09-06 18:24:48:011,1.0601,-0.1749,9.1348,-0.0039,-0.0006,9.8066,0.0381,-0.0493,0.0683,4.81,-32.06,9.38,31.45,-81,167.32
52.380383,-1.520253,133.21,13.12,3,290.52,20 / 21,521429,2019-09-06 18:24:48:111,-1.3639,1.5468,9.6372,-0.0242,0.0206,9.8065,-0.0047,-0.0728,0.0531,4.81,-31.94,9.63,26.1,-81.31,168.28
52.380383,-1.520253,133.21,13.12,3,290.52,20 / 21,521528,2019-09-06 18:24:48:210,1.2904,-0.4497,9.4797,-0.0162,-0.0357,9.8065,0.2362,0.0979,-0.0019,4.75,-31.94,9.81,27.64,-81.19,169.03
52.380383,-1.520253,133.21,13.12,3,290.52,20 / 21,521629,2019-09-06 18:24:48:311,-0.9099,-1.6881,10.6154,0.0043,0.0622,9.8064,0.3515,0.0088,0.0136,4.63,-31.25,9.56,27.7,-81.7,170.13
52.380383,-1.520253,133.21,13.12,3,290.52,20 / 21,521728,2019-09-06 18:24:48:410,-0.8413,0.9873,10.2035,-0.018,0.0042,9.8066,-0.0674,-0.0606,0.1284,4.31,-31.19,8.81,30.53,-80.93,171.6
52.380383,-1.520253,133.21,13.12,3,290.52,20 / 21,521829,2019-09-06 18:24:48:511,-0.4959,0.6675,10.6801,-0.0124,-0.015,9.8066,-0.0064,-0.0709,-0.0358,4.44,-31.69,9.88,26.86,-80.45,171.84
52.380383,-1.520253,133.21,13.12,3,290.52,20 / 21,521928,2019-09-06 18:24:48:610,0.1945,0.7298,10.02,-0.0478,-0.0475,9.8064,0.0948,-0.0618,0.0327,4.25,-31.62,9.13,32.85,-80.62,171.77
52.380383,-1.520253,133.21,13.12,3,290.52,20 / 21,522029,2019-09-06 18:24:48:711,0.6593,0.6466,9.4112,-0.0391,-0.0339,9.8064,-0.0702,-0.0181,0.1193,4.56,-31.25,9.56,34.58,-80.42,172.38
52.380383,-1.520253,133.21,13.12,3,290.52,20 / 21,522128,2019-09-06 18:24:48:810,-0.4584,-0.1028,9.9007,-0.031,-0.0397,9.8065,0.063,-0.0779,-0.019,4.38,-31.5,9.56,29.31,-80.2,173.22
52.380383,-1.520253,133.21,13.12,3,290.52,20 / 21,522229,2019-09-06 18:24:48:911,0.0796,0.5034,10.0095,0.0121,0.0245,9.8066,0.0516,-0.1428,-0.0045,4.31,-31.94,9.19,35.97,-80.61,173.42
52.380383,-1.520253,133.21,13.12,3,290.52,20 / 21,522329,2019-09-06 18:24:49:011,-0.1772,0.1536,9.2185,-0.0166,0.0164,9.8066,-0.1292,-0.1596,0.1068,4.25,-31.94,9.88,32.95,-80.1,174.56
52.380383,-1.520253,133.21,13.12,3,290.52,20 / 22,522429,2019-09-06 18:24:49:111,0.9849,0.6693,10.2413,-0.0558,-0.0233,9.8064,-0.0563,-0.0292,0.0379,4.13,-31.62,9.13,44.06,-79.88,176.07
52.380383,-1.520253,133.21,13.12,3,290.52,20 / 22,522529,2019-09-06 18:24:49:211,-1.6424,2.7855,10.0305,0.0066,0.002,9.8065,-0.0695,-0.2372,0.0353,4,-32,8.81,40.68,-80.37,175.44
52.380383,-1.520253,133.21,13.12,3,290.52,20 / 22,522628,2019-09-06 18:24:49:310,0.2516,-0.6098,9.5735,0.0148,0.0022,9.8066,0.1573,-0.1334,0.0826,4.63,-31.81,9.31,45.04,-80.5,174.14
52.380383,-1.520253,133.21,13.12,3,290.52,20 / 22,522729,2019-09-06 18:24:49:411,0.3416,2.6419,9.5492,-0.0005,-0.0107,9.8066,0.0509,-0.0336,-0.0068,4.69,-31.37,8.69,42.21,-80.33,172.74
52.380383,-1.520253,133.21,13.12,3,290.52,20 / 22,522829,2019-09-06 18:24:49:511,0.3939,0.2904,9.798,0.0279,-0.0131,9.8065,-0.0053,-0.0299,-0.0708,4.75,-31.44,8.81,38.63,-80.4,170.81
52.380383,-1.520253,133.21,13.12,3,290.52,20 / 22,522929,2019-09-06 18:24:49:611,-0.8441,-0.6877,10.1527,-0.0185,-0.0291,9.8065,0.0844,-0.0282,0.0369,3.88,-31.31,8.75,28.86,-80.57,170.11
52.380383,-1.520253,133.21,13.12,3,290.52,20 / 22,523029,2019-09-06 18:24:49:711,0.4384,0.6207,10.5741,-0.0207,-0.0403,9.8065,0.0254,-0.0571,0.0128,4.75,-31.31,8.75,36.78,-80.38,169.7
52.380383,-1.520253,133.21,13.12,3,290.52,20 / 22,523131,2019-09-06 18:24:49:813,-0.1135,0.7642,9.2845,0.0155,0.0148,9.8066,-0.1186,0.0023,-0.0358,3.88,-31.31,8.44,36.21,-80.51,169.45
52.380383,-1.520253,133.21,13.12,3,290.52,20 / 22,523229,2019-09-06 18:24:49:911,-0.9787,1.0046,10.0883,0.0095,0.0079,9.8065,0.0545,0.0338,0.0241,4.13,-31.5,8.56,27.58,-80.63,169.55
52.380383,-1.520253,133.21,13.12,3,290.52,20 / 22,523329,2019-09-06 18:24:50:011,-2.0198,1.3311,10.1135,0.009,-0.0121,9.8066,0.0553,0.0154,-0.0679,4.19,-31.37,8.81,26.71,-80.7,169.19
52.380836,-1.521876,135.63,13.15,3,296.77,20 / 21,523428,2019-09-06 18:24:50:110,-0.7324,0.4926,10.322,0.0002,0.0051,9.8066,0.0081,0.0224,-0.0642,4.5,-31.69,8.56,35.13,-80.8,169.04
52.380836,-1.521876,135.63,13.15,3,296.77,20 / 21,523529,2019-09-06 18:24:50:211,0.4476,0.2336,10.1148,0.0061,0.0011,9.8066,-0.0437,0.0352,-0.0049,4.63,-31.62,8.81,34.87,-80.78,168.86
52.380836,-1.521876,135.63,13.15,3,296.77,20 / 21,523629,2019-09-06 18:24:50:311,1.5218,1.1031,10.6665,-0.0418,-0.0666,9.8062,-0.2548,0.0619,-0.0258,4.38,-31.25,8.63,28.04,-80.32,169.29
52.380836,-1.521876,135.63,13.15,3,296.77,20 / 21,523728,2019-09-06 18:24:50:410,0.5292,1.1921,10.0919,0.0222,0.0083,9.8066,0.0863,-0.1375,0.032,5,-32.19,8.31,44.77,-80.43,168.78
52.380836,-1.521876,135.63,13.15,3,296.77,20 / 21,523829,2019-09-06 18:24:50:511,0.4818,1.695,10.6291,0.0227,0.0195,9.8065,0.1562,-0.1129,-0.0141,5,-31.81,8.69,35.3,-80.26,168.07
52.380836,-1.521876,135.63,13.15,3,296.77,20 / 21,523929,2019-09-06 18:24:50:611,-0.5955,-0.019,9.6992,-0.0222,-0.0335,9.8065,0.1294,0.0398,-0.0432,4.69,-31.56,8.25,45.62,-80.01,168.11
52.380836,-1.521876,135.63,13.15,3,296.77,20 / 21,524028,2019-09-06 18:24:50:710,0.8844,1.2864,10.0534,-0.0165,-0.0011,9.8066,0.0372,-0.0186,0.0016,4.63,-32,8.69,36.37,-80.04,168.21
52.380836,-1.521876,135.63,13.15,3,296.77,20 / 21,524129,2019-09-06 18:24:50:811,0.1482,2.3522,10.0883,-0.0318,-0.037,9.8065,0.3349,0.0437,-0.0104,4.44,-31.81,8.69,25.75,-80.34,167.73
52.380836,-1.521876,135.63,13.15,3,296.77,20 / 21,524230,2019-09-06 18:24:50:912,-0.4654,1.5062,10.1709,0.0428,0.0092,9.8065,-0.2038,-0.0756,0.0108,4.38,-31.25,8.5,25.29,-80.02,167.47
52.380836,-1.521876,135.63,13.15,3,296.77,20 / 21,524329,2019-09-06 18:24:51:011,1.0358,0.9731,9.8658,-0.0446,-0.0263,9.8065,-0.0157,0.0265,0.0045,4.44,-32.06,8.06,40.27,-79.6,168.37
52.380836,-1.521876,135.63,13.15,3,296.77,21 / 21,524429,2019-09-06 18:24:51:111,-0.2774,0.5956,9.6536,-0.0498,-0.0355,9.8064,-0.1629,-0.001,-0.0411,4.56,-31.75,8.38,48.77,-79.6,168.59
52.380836,-1.521876,135.63,13.15,3,296.77,21 / 21,524529,2019-09-06 18:24:51:211,0.5947,0.1475,9.878,0.0349,0.0217,9.8066,-0.0541,-0.0683,-0.0152,4.88,-31.56,8.5,33.87,-80.09,167
52.380836,-1.521876,135.63,13.15,3,296.77,21 / 21,524630,2019-09-06 18:24:51:312,-0.3526,0.4036,9.6631,0.0165,-0.0115,9.8065,-0.0644,-0.0452,0.0036,4.69,-31.56,7.63,41.05,-80.27,166.38
52.380836,-1.521876,135.63,13.15,3,296.77,21 / 21,524729,2019-09-06 18:24:51:411,1.4644,0.6675,9.3522,0.0376,0.0052,9.8065,0.1005,-0.0489,-0.0611,5.13,-31.5,7.69,36.55,-80.41,165.03
52.380836,-1.521876,135.63,13.15,3,296.77,21 / 21,524829,2019-09-06 18:24:51:511,-0.0565,0.8886,10.1752,0.0244,0.0119,9.8065,-0.0129,0.0796,-0.0067,5.19,-31.62,8.06,37.43,-80.32,164.64
52.380836,-1.521876,135.63,13.15,3,296.77,21 / 21,524928,2019-09-06 18:24:51:610,0.4207,-0.1242,10.4347,-0.0185,-0.0145,9.8066,0.0866,0.02,0.0449,4.94,-31.44,8.69,27.65,-80.19,164.43
52.380836,-1.521876,135.63,13.15,3,296.77,21 / 21,525028,2019-09-06 18:24:51:710,-0.896,0.1521,9.8198,-0.0024,-0.0008,9.8066,0.1229,-0.0994,0.0244,5.19,-31.19,8.44,38.35,-80.03,165.13
52.380836,-1.521876,135.63,13.15,3,296.77,21 / 21,525129,2019-09-06 18:24:51:811,-0.4858,-0.5835,10.2229,-0.0078,-0.0069,9.8065,-0.1287,-0.0294,0.0026,4.63,-31.12,8.06,40.06,-79.97,165.87
52.380836,-1.521876,135.63,13.15,3,296.77,21 / 21,525228,2019-09-06 18:24:51:910,0.7358,1.0642,9.8858,-0.0243,-0.0035,9.8066,0.0057,0.0529,-0.0013,5.31,-31.5,7.88,40.31,-80.05,166.18
52.380836,-1.521876,135.63,13.15,3,296.77,21 / 21,525328,2019-09-06 18:24:52:010,0.7503,0.8495,10.437,0.0009,0.0141,9.8066,-0.0115,0.0196,-0.0033,4,-31.5,8.44,30.86,-80.19,166.23
52.380836,-1.521876,135.63,13.15,3,296.77,21 / 21,525429,2019-09-06 18:24:52:111,0.5204,0.0007,9.9391,0.0045,0.0052,9.8066,-0.0084,0.009,0.02,3.81,-31.81,8.5,23.82,-80.1,166.48
52.380836,-1.521876,135.63,13.15,3,296.77,21 / 21,525528,2019-09-06 18:24:52:210,-0.0023,0.1162,9.4306,-0.0068,0.0101,9.8066,-0.094,0.0718,-0.0605,4.56,-31.37,8.31,41.62,-80.11,167.03
52.380836,-1.521876,135.63,13.15,3,296.77,21 / 21,525628,2019-09-06 18:24:52:310,0.1929,0.3609,10.1758,-0.0122,-0.0326,9.8066,0.2692,0.0374,0.0045,4.38,-30.81,8.13,34.64,-79.78,167.07
52.380836,-1.521876,135.63,13.15,3,296.77,21 / 21,525729,2019-09-06 18:24:52:411,-0.7135,-0.0978,9.7578,-0.0132,-0.0175,9.8065,-0.1452,-0.0148,0.0143,5.06,-30.69,8,44.17,-79.88,167.8
52.380836,-1.521876,135.63,13.15,3,296.77,21 / 21,525829,2019-09-06 18:24:52:511,0.1637,1.2006,9.4056,0.038,0.0094,9.8065,0.0541,-0.0208,-0.0363,4.75,-30.94,7.88,41.66,-80.11,167.03
52.380836,-1.521876,135.63,13.15,3,296.77,21 / 21,525928,2019-09-06 18:24:52:610,0.2945,1.0866,9.332,0.0552,0.0377,9.8064,-0.3552,-0.0173,-0.0143,5.13,-30.81,7.25,51.16,-80.31,166.76
52.380836,-1.521876,135.63,13.15,3,296.77,21 / 21,526029,2019-09-06 18:24:52:711,0.6026,1.1198,10.3861,0.0026,-0.0432,9.8065,0.0265,0.1856,-0.1448,4.25,-30.5,7.69,26.85,-80.31,165.13
52.380836,-1.521876,135.63,13.15,3,296.77,21 / 21,526129,2019-09-06 18:24:52:811,1.015,-0.5067,9.8313,-0.0146,-0.0283,9.8066,0.1359,0.0487,0.0379,4.25,-30.94,8.13,32.58,-79.62,165.84
52.380836,-1.521876,135.63,13.15,3,296.77,21 / 21,526228,2019-09-06 18:24:52:910,2.0465,0.6755,9.7061,0.0442,0.0204,9.8064,0.1948,-0.0107,-0.1042,4.94,-31.5,7.5,40.45,-79.77,165.59
52.380836,-1.521876,135.63,13.15,3,296.77,21 / 21,526329,2019-09-06 18:24:53:011,0.7775,-0.2326,9.9262,0.0324,0.0159,9.8066,-0.0298,0.0364,-0.0898,4.94,-31.19,7.88,41.13,-79.44,165.11
52.380836,-1.521876,135.63,13.15,3,296.77,22 / 22,526429,2019-09-06 18:24:53:111,0.0067,0.6142,9.9416,-0.0248,-0.0222,9.8065,0.057,0.0248,0.1054,4.81,-31.69,8.31,42.8,-79.44,165.11
52.380836,-1.521876,135.63,13.15,3,296.77,22 / 22,526529,2019-09-06 18:24:53:211,0.5832,-0.6389,9.489,-0.0599,-0.0297,9.8064,0.2898,-0.0871,-0.0167,4.81,-31.06,8.19,44.34,-79.09,165.79
52.380836,-1.521876,135.63,13.15,3,296.77,22 / 22,526628,2019-09-06 18:24:53:310,0.2885,1.6794,9.9283,-0.0185,-0.0028,9.8066,0.0081,0.0794,-0.0666,4.63,-31.19,7.25,61.15,-78.8,166.67
52.380836,-1.521876,135.63,13.15,3,296.77,22 / 22,526729,2019-09-06 18:24:53:411,0.0571,0.7089,9.6337,-0.0364,-0.0062,9.8065,0.0864,-0.0233,0.0903,4.56,-32.19,8.38,52.51,-78.7,167.7
52.380836,-1.521876,135.63,13.15,3,296.77,22 / 22,526829,2019-09-06 18:24:53:511,1.0136,0.7441,10.4403,-0.0466,-0.0172,9.8064,-0.0741,-0.0282,0.0064,4.31,-31.5,8.19,43.04,-78.67,167.95
52.380836,-1.521876,135.63,13.15,3,296.77,22 / 22,526928,2019-09-06 18:24:53:610,1.6148,1.1668,9.7138,-0.0009,-0.0106,9.8066,-0.0594,0.0787,-0.0486,4.25,-31.31,8,41.48,-78.86,167.8
52.380836,-1.521876,135.63,13.15,3,296.77,22 / 22,527028,2019-09-06 18:24:53:710,2.354,-0.0517,9.3897,-0.0132,-0.0306,9.8066,-0.0109,0.0632,-0.1187,4.94,-31.75,7.56,51.42,-78.67,167.04
52.380836,-1.521876,135.63,13.15,3,296.77,22 / 22,527130,2019-09-06 18:24:53:812,0.3424,0.9463,10.6786,0.0024,-0.0055,9.8066,0.0241,-0.0434,0.0227,4.94,-31.62,7.75,50.18,-78.58,166.15
52.380836,-1.521876,135.63,13.15,3,296.77,22 / 22,527229,2019-09-06 18:24:53:911,-0.7608,1.3705,9.4107,0.0313,0.0184,9.8065,-0.1542,-0.0606,-0.0276,4.44,-32.19,8.06,39.85,-78.69,165.77
52.380836,-1.521876,135.63,13.15,3,296.77,22 / 22,527329,2019-09-06 18:24:54:011,0.0357,0.5112,9.0945,0.0478,0.0224,9.8064,-0.2341,-0.0868,-0.009,4.31,-32.31,8.13,34.89,-79.1,164.93
52.380836,-1.521876,135.63,13.15,3,296.77,21 / 22,527429,2019-09-06 18:24:54:111,-0.5252,1.8706,9.6094,0.0089,0.0267,9.8065,0.1241,-0.0877,0.1514,4.44,-31.06,7.44,47.64,-79.27,165.11
52.380836,-1.521876,135.63,13.15,3,296.77,21 / 22,527530,2019-09-06 18:24:54:212,1.189,1.4675,9.33,0.0201,0.0293,9.8065,0.0746,-0.0644,-0.0034,4.44,-30.87,7.81,33.49,-79.2,165.34
52.380836,-1.521876,135.63,13.15,3,296.77,21 / 22,527629,2019-09-06 18:24:54:311,1.9828,0.1558,9.1859,-0.0043,0.0044,9.8066,0.0918,-0.1203,0.0515,5.13,-30.75,7.38,56.91,-79.24,166.11
52.380836,-1.521876,135.63,13.15,3,296.77,21 / 22,527728,2019-09-06 18:24:54:410,0.8503,0.2772,10.8289,-0.0203,-0.0086,9.8066,0.0745,0.0358,0.0546,5.31,-30.75,7.44,55.37,-79.63,166.71
52.380836,-1.521876,135.63,13.15,3,296.77,21 / 22,527829,2019-09-06 18:24:54:511,0.8386,1.5604,10.0236,0.0508,0.0101,9.8065,0.2749,0.0631,-0.0902,5.06,-31.25,6.63,55.27,-79.56,166.4
52.380836,-1.521876,135.63,13.15,3,296.77,21 / 22,527928,2019-09-06 18:24:54:610,0.6076,1.0195,9.8682,0.0137,0.016,9.8066,-0.066,-0.0935,0.0302,4.88,-30.87,6.69,58.12,-79.19,166.59
52.380836,-1.521876,135.63,13.15,3,296.77,21 / 22,528028,2019-09-06 18:24:54:710,-0.1371,1.5963,10.2523,0.0218,-0.0127,9.8065,-0.099,-0.0948,0.0107,4.38,-31.69,7.38,53.07,-79.35,166.47
52.380836,-1.521876,135.63,13.15,3,296.77,21 / 22,528129,2019-09-06 18:24:54:811,0.9899,-0.314,10.2388,-0.0659,-0.0439,9.8063,0.1874,0.0002,-0.1016,4.44,-31.37,7.06,47.88,-79.37,165.55
52.380836,-1.521876,135.63,13.15,3,296.77,21 / 22,528228,2019-09-06 18:24:54:910,0.8028,0.7511,9.7402,0.0139,0.0165,9.8065,-0.0542,-0.0948,-0.0066,4.5,-31.56,8.06,45.57,-79.22,165.86
52.380836,-1.521876,135.63,13.15,3,296.77,21 / 22,528329,2019-09-06 18:24:55:011,1.5598,1.1231,9.6848,-0.0221,0.0102,9.8066,0.1777,-0.0954,0.0115,4.31,-31.37,7.63,34.71,-79.14,165.7
52.380836,-1.521876,135.63,13.15,3,296.77,21 / 21,528429,2019-09-06 18:24:55:111,1.6593,0.3863,9.4945,0.034,0.0066,9.8066,0.2052,0.0001,0.042,4.31,-31.06,7.13,51.56,-79.13,166.24
52.380836,-1.521876,135.63,13.15,3,296.77,21 / 21,528528,2019-09-06 18:24:55:210,0.4821,0.4598,9.4109,0.023,0.0197,9.8065,0.0688,-0.0318,-0.004,4.19,-31.56,7.63,34.88,-79.46,165.74
52.380836,-1.521876,135.63,13.15,3,296.77,21 / 21,528629,2019-09-06 18:24:55:311,1.2529,0.9772,10.0887,0.0012,0.0112,9.8066,-0.0901,0.0237,0.0454,4.19,-32.25,7.44,55.06,-79.12,166.41
52.380836,-1.521876,135.63,13.15,3,296.77,21 / 21,528728,2019-09-06 18:24:55:410,0.0502,0.6724,9.9427,-0.0116,-0.0076,9.8066,0.0055,-0.0338,-0.0038,4.5,-31.69,7.81,47.76,-79.12,166.62
52.380836,-1.521876,135.63,13.15,3,296.77,21 / 21,528829,2019-09-06 18:24:55:511,1.861,0.7335,9.8949,-0.0076,0.009,9.8065,-0.0134,-0.0642,0.0138,4.44,-31.5,7.81,37.48,-79.2,166.98
52.380836,-1.521876,135.63,13.15,3,296.77,21 / 21,528929,2019-09-06 18:24:55:611,1.3176,0.5109,9.6523,0.0103,0.0185,9.8066,-0.0776,-0.0039,0.0182,3.56,-31.44,7.38,53.83,-79.11,167.2
52.380836,-1.521876,135.63,13.15,3,296.77,21 / 21,529029,2019-09-06 18:24:55:711,1.2353,1.3775,9.7372,0.001,-0.0025,9.8066,0.0293,-0.0301,0.0238,4,-31.75,7.5,41.52,-79.13,167.66
52.380836,-1.521876,135.63,13.15,3,296.77,21 / 21,529129,2019-09-06 18:24:55:811,0.7904,0.5751,9.8129,0.0132,0.0135,9.8065,0.0073,-0.0554,0.0125,3.69,-31.75,7.88,42.26,-79.19,168.12
52.380836,-1.521876,135.63,13.15,3,296.77,21 / 21,529228,2019-09-06 18:24:55:910,0.7214,1.5809,9.2492,0.0089,0.0216,9.8066,0.0327,-0.0596,0.0708,3.94,-32.25,7.38,58.05,-79.34,168.72
52.380836,-1.521876,135.63,13.15,3,296.77,21 / 21,529328,2019-09-06 18:24:56:010,1.5799,-0.0076,9.284,0.0098,0.0061,9.8066,0.0135,0.0319,-0.0102,3.94,-31.81,7.13,54.18,-79.65,168.24
52.380836,-1.521876,135.63,13.15,3,296.77,21 / 21,529428,2019-09-06 18:24:56:110,2.525,-0.1181,9.4965,0.0108,0.0003,9.8066,0.0934,-0.0502,-0.0053,4.13,-31.31,7.13,50.04,-79.88,168.33
52.380836,-1.521876,135.63,13.15,3,296.77,21 / 21,529529,2019-09-06 18:24:56:211,1.0544,-0.4639,9.2143,-0.0015,-0.0071,9.8066,0.0733,0.0109,-0.075,3.69,-31.5,6.75,48.43,-79.98,167.93
52.380836,-1.521876,135.63,13.15,3,296.77,21 / 21,529628,2019-09-06 18:24:56:310,1.1922,0.6606,10.2306,0.0023,-0.0252,9.8065,0.3051,-0.1133,0.0763,4.13,-31.62,7.75,35.12,-79.88,166.81
52.380836,-1.521876,135.63,13.15,3,296.77,21 / 21,529728,2019-09-06 18:24:56:410,1.4934,0.8312,10.0063,-0.0188,-0.0179,9.8066,0.1103,-0.0191,-0.0451,4.75,-32,7.44,63.73,-78.77,166.45
52.380836,-1.521876,135.63,13.15,3,296.77,21 / 21,529829,2019-09-06 18:24:56:511,1.2942,-0.5253,9.5825,-0.066,-0.0355,9.8063,-0.1427,-0.0039,-0.0185,4.56,-31.44,6.69,60.11,-78.66,165.52
52.380836,-1.521876,135.63,13.15,3,296.77,21 / 21,529928,2019-09-06 18:24:56:610,2.2968,0.4954,9.6267,-0.001,-0.0013,9.8066,-0.0229,-0.0738,-0.0308,4.44,-31.37,7.06,50.73,-78.81,164.7
52.380836,-1.521876,135.63,13.15,3,296.77,21 / 21,530029,2019-09-06 18:24:56:711,2.5632,-0.3921,9.599,0.0394,-0.0017,9.8065,-0.093,0.0093,0.0612,4.19,-31.75,6.88,56.18,-78.68,164.9
52.380836,-1.521876,135.63,13.15,3,296.77,21 / 21,530129,2019-09-06 18:24:56:811,2.0171,0.3777,9.3313,-0.0599,-0.0412,9.8063,0.2888,0.1577,-0.0919,3.94,-32,7,56.39,-78.66,164.91
52.380836,-1.521876,135.63,13.15,3,296.77,21 / 21,530229,2019-09-06 18:24:56:911,1.2592,0.3534,9.7552,0.0003,0.0169,9.8066,-0.0875,0.0016,0.066,4.31,-31.62,7.06,57.05,-78.74,165.54
52.380836,-1.521876,135.63,13.15,3,296.77,21 / 21,530328,2019-09-06 18:24:57:010,2.0971,1.3465,9.9636,-0.0259,-0.0035,9.8065,0.0067,0.049,-0.0081,4.25,-31.62,6.94,63.28,-78.42,166.7
52.380836,-1.521876,135.63,13.15,3,296.77,21 / 21,530430,2019-09-06 18:24:57:112,1.4967,-0.1447,9.694,0.0056,0.0106,9.8066,0.1922,0.0827,-0.0567,3.44,-32.37,6.88,49.6,-78.77,166.78
52.380836,-1.521876,135.63,13.15,3,296.77,21 / 21,530528,2019-09-06 18:24:57:210,2.4055,1.7417,9.2298,0.0278,0.0063,9.8065,-0.0495,-0.0443,0.012,3.44,-31.37,7,44.51,-78.71,166.42
52.380836,-1.521876,135.63,13.15,3,296.77,21 / 21,530629,2019-09-06 18:24:57:311,0.6172,0.6684,9.3213,-0.0104,0.0079,9.8066,-0.0712,-0.0439,-0.0356,4,-31.37,7.19,47.63,-79.45,165.73
52.380836,-1.521876,135.63,13.15,3,296.77,21 / 21,530728,2019-09-06 18:24:57:410,1.0918,1.5413,9.8526,0.0038,-0.0002,9.8066,0.0377,-0.0013,0.0001,4.13,-32.31,7.13,48.86,-79.52,165.36
52.380836,-1.521876,135.63,13.15,3,296.77,21 / 21,530828,2019-09-06 18:24:57:510,1.7243,0.8058,9.4075,0.0001,-0.0135,9.8066,-0.0216,0.0233,-0.0068,3.44,-31.25,6.81,30.38,-79.55,164.75
52.380836,-1.521876,135.63,13.15,3,296.77,21 / 21,530929,2019-09-06 18:24:57:611,2.1842,1.1756,9.5873,0.0111,0.0123,9.8066,-0.0225,0.0074,0.0055,3.81,-31.62,6.5,45.43,-79.66,164.45
52.380836,-1.521876,135.63,13.15,3,296.77,21 / 21,531028,2019-09-06 18:24:57:710,1.4684,0.503,10.2555,0.0192,0.0078,9.8066,-0.0031,-0.0073,-0.0419,3.81,-31.06,7.38,42.76,-79.67,164.41
52.380836,-1.521876,135.63,13.15,3,296.77,21 / 21,531129,2019-09-06 18:24:57:811,2.039,1.5465,10.1916,-0.0153,-0.0152,9.8065,0.0279,-0.0572,-0.0415,3.75,-31.81,6.88,43.1,-79.8,163.95
52.380836,-1.521876,135.63,13.15,3,296.77,21 / 21,531229,2019-09-06 18:24:57:911,1.1477,0.6147,10.2906,-0.0149,-0.0135,9.8066,-0.0874,-0.0278,0.0119,4.38,-31.75,7.06,43.56,-79.67,163.74
52.380836,-1.521876,135.63,13.15,3,296.77,21 / 21,531331,2019-09-06 18:24:58:013,1.0207,1.9545,9.5202,0.0126,0.0105,9.8066,-0.0892,0.0381,0.0274,4.44,-31.75,6.75,43,-79.76,163.8
52.380836,-1.521876,135.63,13.15,3,296.77,21 / 21,531429,2019-09-06 18:24:58:111,2.1393,1.1873,9.1364,0.0161,-0.0004,9.8066,0.0602,0.003,-0.006,4.5,-30.69,7.06,48.6,-79.71,163.42
52.380836,-1.521876,135.63,13.15,3,296.77,21 / 21,531530,2019-09-06 18:24:58:212,1.855,2.0981,9.6152,0.0148,0.0093,9.8066,0.0113,-0.0045,-0.0584,4.06,-31.56,7.5,27.89,-79.66,163.39
52.380836,-1.521876,135.63,13.15,3,296.77,21 / 21,531629,2019-09-06 18:24:58:311,1.5988,0.6514,10.3713,0.0422,0.0424,9.8064,0.2489,-0.0425,-0.0249,3.94,-31.62,7.38,41.46,-79.96,163.8
52.380836,-1.521876,135.63,13.15,3,296.77,21 / 21,531728,2019-09-06 18:24:58:410,1.4953,1.9211,9.2877,-0.0673,-0.0535,9.8062,0.2778,0.0162,0.0802,4.25,-31,7.81,33.51,-79.22,165.39
52.380836,-1.521876,135.63,13.15,3,296.77,21 / 21,531829,2019-09-06 18:24:58:511,1.6159,0.4017,9.75,-0.0149,-0.007,9.8065,0.0709,-0.0859,0.0124,4.13,-31.37,6.94,45.27,-79.63,165.35
52.380836,-1.521876,135.63,13.15,3,296.77,21 / 21,531929,2019-09-06 18:24:58:611,3.0971,0.2046,9.6065,0.0006,0.0228,9.8065,-0.2097,0.0961,-0.0296,4.56,-30.31,7.19,53.95,-79.39,166.29
52.380836,-1.521876,135.63,13.15,3,296.77,21 / 21,532029,2019-09-06 18:24:58:711,2.7328,0.3215,9.9165,0.0175,0.0222,9.8065,0.1092,-0.0029,0.0073,4.44,-30.94,7.31,48.77,-79.71,167.16
52.380836,-1.521876,135.63,13.15,3,296.77,21 / 21,532129,2019-09-06 18:24:58:811,3.6738,1.55,8.9577,0.0078,0.0134,9.8065,0.0201,-0.0068,-0.0694,4.38,-30.12,6.69,50.83,-79.32,167.89
52.380836,-1.521876,135.63,13.15,3,296.77,21 / 21,532229,2019-09-06 18:24:58:911,2.6823,-0.1224,9.8229,-0.0419,-0.0027,9.8064,0.0438,0.1219,0.0025,3.75,-30.62,6,73.72,-79.31,168.66
52.380836,-1.521876,135.63,13.15,3,296.77,21 / 21,532328,2019-09-06 18:24:59:010,2.2908,0.1499,9.5033,0.0627,0.0226,9.8064,-0.0628,-0.0556,-0.0263,2.94,-30.44,6.5,37.92,-79.6,168.18
52.381367,-1.523301,138.3,8.23,3,301.93,21 / 21,532428,2019-09-06 18:24:59:110,2.0309,1.9464,9.719,-0.0428,-0.0313,9.8065,0.0428,0.1023,-0.0143,2.63,-31.44,7.13,48.68,-79.06,169.07
52.381367,-1.523301,138.3,8.23,3,301.93,21 / 21,532528,2019-09-06 18:24:59:210,1.6358,2.2896,9.5585,-0.0072,-0.0083,9.8066,0.0342,-0.0152,0.0084,2.19,-31.56,7.06,21.23,-79.87,168.69
52.381367,-1.523301,138.3,8.23,3,301.93,21 / 21,532629,2019-09-06 18:24:59:311,1.7961,0.9348,9.7788,0.0042,0.0155,9.8066,-0.0487,0.0693,-0.0281,2.94,-32,7.94,29.97,-79.65,169.29
52.381367,-1.523301,138.3,8.23,3,301.93,21 / 21,532729,2019-09-06 18:24:59:411,1.1865,0.8419,9.4697,-0.0028,-0.0017,9.8066,0.0362,0.0153,0.0088,3.13,-31.44,7.44,41.9,-79.85,169.42
52.381367,-1.523301,138.3,8.23,3,301.93,21 / 21,532828,2019-09-06 18:24:59:510,1.906,0.3297,9.9352,-0.0319,-0.014,9.8066,-0.1491,-0.0366,0.0945,3.94,-32.12,7.06,55.66,-79.93,170.12
52.381367,-1.523301,138.3,8.23,3,301.93,21 / 21,532930,2019-09-06 18:24:59:612,1.8017,0.7558,9.6094,0.0379,0.0243,9.8065,-0.0476,-0.0085,0.0075,3.81,-32.62,7,55.85,-80.19,170.07
52.381367,-1.523301,138.3,8.23,3,301.93,21 / 21,533029,2019-09-06 18:24:59:711,1.8762,1.282,9.4111,0.0087,0.0038,9.8066,0.0059,0.0887,0.0136,3.44,-32.5,6.75,43.31,-80.19,170.07
52.381367,-1.523301,138.3,8.23,3,301.93,21 / 21,533128,2019-09-06 18:24:59:810,1.8674,1.0653,9.4944,-0.0158,0.0244,9.8066,0.0493,-0.0626,0.0518,3.44,-32.5,7.38,44.63,-80.57,171.92
52.381367,-1.523301,138.3,8.23,3,301.93,21 / 21,533229,2019-09-06 18:24:59:911,2.2642,1.8105,9.9928,0.007,0.0365,9.8065,0.1211,0.0269,0.0341,3.31,-31.62,7.56,38.01,-80.41,174.34
52.381367,-1.523301,138.3,8.23,3,301.93,21 / 21,533329,2019-09-06 18:25:00:011,0.3664,1.144,10.319,0.0364,0.0724,9.8063,-0.1514,0.0529,-0.035,2.5,-31.81,8,40.77,-80.7,176.41
52.381367,-1.523301,138.3,8.23,3,301.93,21 / 21,533429,2019-09-06 18:25:00:111,0.94,1.4614,9.5963,-0.0189,-0.01,9.8066,-0.0741,0.0677,0.0017,2.31,-31.81,7.69,29.92,-80.62,177.1
52.381367,-1.523301,138.3,8.23,3,301.93,21 / 21,533529,2019-09-06 18:25:00:211,3.2398,1.1567,9.5136,0.0022,0.0145,9.8066,-0.146,0.1042,-0.015,3.5,-31.81,7.38,62.89,-80.7,177.62
52.381367,-1.523301,138.3,8.23,3,301.93,21 / 21,533628,2019-09-06 18:25:00:310,1.6891,2.8019,8.9909,0.0842,0.0601,9.8061,0.1846,-0.0162,-0.1002,3.25,-31.94,7.25,57.14,-80.4,177.1
52.381367,-1.523301,138.3,8.23,3,301.93,21 / 21,533728,2019-09-06 18:25:00:410,2.4316,1.285,8.996,0.0634,0.0549,9.8063,0.1388,0.0226,0.0997,2.63,-31.75,7.25,55.78,-80.57,177.17
52.381367,-1.523301,138.3,8.23,3,301.93,21 / 21,533828,2019-09-06 18:25:00:510,1.5532,1.6246,10.464,0.041,0.0606,9.8063,0.1202,-0.0378,0.0585,2.56,-32.56,8.06,44.26,-81.15,178.7
52.381367,-1.523301,138.3,8.23,3,301.93,21 / 21,533929,2019-09-06 18:25:00:611,1.2419,1.7591,10.077,-0.033,-0.0134,9.8065,-0.0327,0.0513,-0.0065,2.69,-31.75,7.5,43.78,-81.28,179.62
52.381367,-1.523301,138.3,8.23,3,301.93,21 / 21,534029,2019-09-06 18:25:00:711,1.5909,1.1212,10.0202,-0.0158,0.0002,9.8066,0.0197,-0.0011,0.0365,3.25,-32.06,7.5,46.42,-81.17,-179.25
52.381367,-1.523301,138.3,8.23,3,301.93,21 / 21,534129,2019-09-06 18:25:00:811,0.7756,1.7195,9.7233,-0.006,0.0152,9.8066,-0.0167,-0.0143,0.02,2.94,-32.25,7.5,49.01,-81.24,-177.55
52.381367,-1.523301,138.3,8.23,3,301.93,21 / 21,534229,2019-09-06 18:25:00:911,1.5424,0.714,9.4728,-0.0018,-0.0046,9.8066,-0.0259,0.0129,-0.0164,2.88,-32.19,7.31,59.97,-81.24,-177.52
52.381367,-1.523301,138.3,8.23,3,301.93,21 / 21,534329,2019-09-06 18:25:01:011,1.2801,1.4088,9.7004,-0.0001,0.0162,9.8066,0.0482,-0.0031,0.06,2.69,-31.87,7.63,49.56,-81.26,-177.19
52.381367,-1.523301,138.3,8.23,3,301.93,21 / 21,534430,2019-09-06 18:25:01:112,1.513,1.0803,9.8976,0.0033,0.0116,9.8066,0.0057,0.0437,-0.0023,2.63,-31.81,7.56,51.09,-81.32,-176.08
52.381367,-1.523301,138.3,8.23,3,301.93,21 / 21,534529,2019-09-06 18:25:01:211,1.1912,1.4337,9.606,-0.0032,0.0024,9.8066,-0.0023,-0.0137,0.0304,3.06,-32.12,7.63,51.49,-81.36,-175.72
52.381367,-1.523301,138.3,8.23,3,301.93,21 / 21,534628,2019-09-06 18:25:01:310,1.2606,0.7507,9.3899,0.0009,-0.0011,9.8066,0.0009,0.0025,-0.0118,2.5,-32.06,7.38,61.9,-81.44,-175.4
52.381367,-1.523301,138.3,8.23,3,301.93,21 / 21,534728,2019-09-06 18:25:01:410,1.5988,0.6207,9.9441,0.0018,0.0091,9.8066,-0.0314,0.0242,0.0451,3.13,-31.94,6.88,62,-81.55,-174.82
52.381367,-1.523301,138.3,8.23,3,301.93,21 / 21,534828,2019-09-06 18:25:01:510,1.6901,0.9988,10.0123,-0.0056,0.004,9.8066,-0.0147,0.06,0.0139,2.56,-32.25,7.5,52.32,-81.66,-174.17
52.381367,-1.523301,138.3,8.23,3,301.93,21 / 21,534929,2019-09-06 18:25:01:611,1.9806,1.4143,9.5679,0.0109,0.0148,9.8066,-0.0295,0.0257,-0.0279,1.88,-32.31,6.88,51.85,-81.87,-173.85
52.381367,-1.523301,138.3,8.23,3,301.93,21 / 21,535028,2019-09-06 18:25:01:710,1.1239,1.997,9.5147,0.0058,0.0043,9.8066,-0.0353,-0.0181,0.0167,1.31,-32.31,7.25,37.1,-81.96,-173.84
52.381367,-1.523301,138.3,8.23,3,301.93,21 / 21,535128,2019-09-06 18:25:01:810,1.6605,1.6452,9.4627,0.0096,0.0216,9.8065,0.0213,0.0069,-0.0069,2.31,-31.81,7.5,41.3,-82.09,-173.73
52.381367,-1.523301,138.3,8.23,3,301.93,21 / 21,535229,2019-09-06 18:25:01:911,1.6076,1.582,9.9864,0.0156,0.0109,9.8066,0.0129,0.012,-0.0001,1.69,-32.75,6.94,50.99,-82.31,-173.49
52.381367,-1.523301,138.3,8.23,3,301.93,21 / 21,535329,2019-09-06 18:25:02:011,0.9428,1.4969,9.7401,0.0044,-0.0009,9.8066,0.0132,0.014,-0.0049,1.44,-31.94,6.88,34.1,-82.43,-173.86
52.381367,-1.523301,138.3,8.23,3,301.93,20 / 20,535429,2019-09-06 18:25:02:111,0.7365,1.8915,9.779,0.0015,-0.0001,9.8066,0.0084,0.0134,-0.0247,1.25,-31.44,7.69,26.24,-82.48,-173.96
52.381367,-1.523301,138.3,8.23,3,301.93,20 / 20,535529,2019-09-06 18:25:02:211,1.2724,1.705,9.8824,0.0033,0.0064,9.8066,0.0043,0.0141,0.0069,2.31,-31.69,7.81,38.39,-82.57,-174.09
52.381367,-1.523301,138.3,8.23,3,301.93,20 / 20,535628,2019-09-06 18:25:02:310,0.7682,1.8564,9.952,-0.0019,0.0026,9.8066,0.0208,0.0205,0.0105,2.06,-32.44,8.25,38.73,-82.63,-173.74
52.381367,-1.523301,138.3,8.23,3,301.93,20 / 20,535728,2019-09-06 18:25:02:410,1.1952,1.6994,10.0509,-0.004,-0.0033,9.8066,0.0484,-0.0019,-0.0181,1.94,-31.62,8.13,38.76,-82.59,-173.82
52.381367,-1.523301,138.3,8.23,3,301.93,20 / 20,535828,2019-09-06 18:25:02:510,1.0705,1.9361,9.7528,0.0046,-0.0031,9.8066,0.0449,-0.0007,-0.0038,2.19,-32,8.25,38.37,-82.54,-174.19
52.381367,-1.523301,138.3,8.23,3,301.93,20 / 20,535929,2019-09-06 18:25:02:611,0.9044,1.7192,9.6629,-0.0025,-0.0095,9.8066,0.0346,0.0079,-0.0231,1.81,-31.87,8.19,37.4,-82.46,-174.94
52.381367,-1.523301,138.3,8.23,3,301.93,20 / 20,536029,2019-09-06 18:25:02:711,1.4135,1.6286,9.6939,0.0057,-0.0101,9.8066,0.0199,-0.0189,-0.0188,2.81,-31.44,8.38,45.09,-82.42,-175.61
52.381367,-1.523301,138.3,8.23,3,301.93,20 / 20,536129,2019-09-06 18:25:02:811,1.2113,1.434,10.1516,0.006,-0.0057,9.8066,0.0283,-0.0045,-0.0211,3.06,-31.87,8.31,45.18,-82.43,-176.22
52.381367,-1.523301,138.3,8.23,3,301.93,20 / 20,536229,2019-09-06 18:25:02:911,0.8698,1.414,9.8374,0.0073,-0.0069,9.8066,0.0184,0.0095,-0.031,2.25,-32.25,7.44,41.37,-82.42,-177.46
52.381367,-1.523301,138.3,8.23,3,301.93,20 / 20,536328,2019-09-06 18:25:03:010,0.8463,0.9577,9.4698,0.0051,-0.0084,9.8066,0.0128,0.0055,0.0038,2.5,-32.37,8.25,40.95,-82.42,-178.83
52.381367,-1.523301,138.3,8.23,3,301.93,20 / 20,536428,2019-09-06 18:25:03:110,1.1219,1.4751,9.6589,0.0053,-0.0017,9.8066,-0.0013,0.018,-0.0121,2.75,-32,8.5,33.72,-82.46,-179.2
52.381367,-1.523301,138.3,8.23,3,301.93,20 / 20,536529,2019-09-06 18:25:03:211,1.2419,1.6212,9.8856,0.0082,0.0044,9.8066,-0.0053,0.0149,-0.0095,2.69,-31.81,7.88,38.63,-82.59,-179.78
52.381367,-1.523301,138.3,8.23,3,301.93,20 / 20,536628,2019-09-06 18:25:03:310,1.2578,1.3074,9.7964,0.007,0.0029,9.8066,-0.0024,0.0015,0.0115,3.13,-32.12,7.75,37.99,-82.66,-179.97
52.381367,-1.523301,138.3,8.23,3,301.93,20 / 20,536729,2019-09-06 18:25:03:411,0.9402,1.6824,9.7324,0,0.0089,9.8066,0.011,-0.0131,-0.0067,2.38,-32.19,8,27.55,-82.77,-179.76
52.381367,-1.523301,138.3,8.23,3,301.93,20 / 20,536828,2019-09-06 18:25:03:510,1.1124,1.5498,9.8491,0.0057,0.0102,9.8066,-0.0083,0.0029,-0.0013,2.75,-32.25,8,38.04,-82.94,-179.25
52.381367,-1.523301,138.3,8.23,3,301.93,20 / 20,536929,2019-09-06 18:25:03:611,0.6789,1.3069,9.7811,0.0076,0.0109,9.8066,-0.015,0.0445,0.0198,2.69,-32.25,8.31,37.34,-83.18,-179.11
52.381367,-1.523301,138.3,8.23,3,301.93,20 / 20,537029,2019-09-06 18:25:03:711,0.9477,1.5756,9.6742,0.0027,0.0066,9.8066,-0.0249,0.0199,-0.0084,3.06,-32,8.31,37,-83.3,-179.04
52.381367,-1.523301,138.3,8.23,3,301.93,20 / 20,537129,2019-09-06 18:25:03:811,0.8913,1.4053,9.8304,0.0086,0.0085,9.8066,0.0224,0.0022,-0.0166,2.88,-32.94,8.31,36.51,-83.47,-179.4
52.381367,-1.523301,138.3,8.23,3,301.93,20 / 20,537229,2019-09-06 18:25:03:911,0.8099,1.0312,9.852,0.0094,0.0076,9.8066,0.0254,-0.0045,-0.0027,3.13,-33.06,8.38,35.72,-83.57,-179.67
52.381367,-1.523301,138.3,8.23,3,301.93,20 / 20,537329,2019-09-06 18:25:04:011,0.7154,1.0718,9.7834,0.0026,0.0044,9.8066,-0.015,0.0191,0.0071,2.88,-33.31,8.06,35.09,-83.67,-179.84
52.381367,-1.523301,138.3,8.23,3,301.93,20 / 20,537429,2019-09-06 18:25:04:111,0.6061,1.0861,9.7747,0.0022,0.0017,9.8066,-0.0187,0.0122,0.0011,3,-33.56,7.81,35.29,-83.79,-179.85
52.381367,-1.523301,138.3,8.23,3,301.93,20 / 20,537529,2019-09-06 18:25:04:211,0.5607,0.9306,9.7965,0.0079,0.0099,9.8066,0.0155,0.0093,-0.0005,2.88,-33.31,8.31,33.83,-83.98,-179.92
52.381367,-1.523301,138.3,8.23,3,301.93,20 / 20,537629,2019-09-06 18:25:04:311,0.3621,0.7511,9.8163,0.0056,0.0073,9.8066,0.0075,-0.0002,-0.0031,2.38,-33.37,7.44,29.44,-84.05,179.99
52.381367,-1.523301,138.3,8.23,3,301.93,20 / 20,537728,2019-09-06 18:25:04:410,0.2184,0.5837,9.775,0.0032,0.0052,9.8066,0.0002,0.0022,-0.0154,2.56,-32.75,7.94,32.71,-84.15,179.72
52.381367,-1.523301,138.3,8.23,3,301.93,20 / 20,537829,2019-09-06 18:25:04:511,0.3865,0.6607,9.7402,0.0052,0.0039,9.8066,-0.0093,-0.0027,-0.0108,3.19,-32.75,7.5,32.03,-84.25,179.48
52.381367,-1.523301,138.3,8.23,3,301.93,20 / 20,537929,2019-09-06 18:25:04:611,0.2544,0.5819,9.7789,0.0037,0.0084,9.8066,0.0003,0.0011,0.0113,2.38,-33.31,7.63,21.87,-84.35,179.29
52.381367,-1.523301,138.3,8.23,3,301.93,20 / 20,538029,2019-09-06 18:25:04:711,0.174,0.0633,10.0247,0.006,0.0068,9.8066,0.0056,0.0197,0.0139,2.81,-33.5,8,30.59,-84.51,179.07
52.381367,-1.523301,138.3,8.23,3,301.93,20 / 20,538129,2019-09-06 18:25:04:811,-0.3027,-0.1527,9.8373,0.0002,0.0047,9.8066,0.0296,-0.027,-0.0036,3,-33.12,7.31,36.78,-84.61,179.32
52.381367,-1.523301,138.3,8.23,3,301.93,20 / 20,538229,2019-09-06 18:25:04:911,-0.19,-0.5394,9.8319,-0.0021,-0.0007,9.8066,0.0077,-0.0189,-0.0141,2.63,-33.44,7.88,30.94,-84.59,179.47
52.381367,-1.523301,138.3,8.23,3,301.93,20 / 20,538329,2019-09-06 18:25:05:011,-0.2703,-0.5582,9.8195,0.0033,0.0034,9.8066,0.0096,-0.0186,0.0088,2.63,-33,7.63,30.53,-84.66,179.34
52.381367,-1.523301,138.3,8.23,3,301.93,20 / 20,538429,2019-09-06 18:25:05:111,-0.2217,-0.2291,9.9091,0.0061,0.0077,9.8066,-0.0031,0.0076,0.0041,2.56,-32.87,8.06,30.13,-84.75,179.24
52.381367,-1.523301,138.3,8.23,3,301.93,20 / 20,538528,2019-09-06 18:25:05:210,-0.1255,0.0263,9.8356,0.0056,0.0075,9.8066,0.0091,-0.0082,0.0064,2.56,-33.31,7.38,35.51,-84.88,179.2
52.381367,-1.523301,138.3,8.23,3,301.93,20 / 20,538629,2019-09-06 18:25:05:311,-0.021,-0.244,9.9572,0.0025,0.0051,9.8066,0.0006,0.0031,-0.0084,2.75,-33.62,8,29.57,-85,179.05
52.381367,-1.523301,138.3,8.23,3,301.93,20 / 20,538729,2019-09-06 18:25:05:411,-0.1821,-0.3014,9.9159,0.0039,0.0053,9.8066,-0.006,-0.0066,-0.0086,2.94,-33,8.38,28.71,-85.11,178.95
52.381367,-1.523301,138.3,8.23,3,301.93,20 / 20,538828,2019-09-06 18:25:05:510,-0.1297,-0.099,9.9318,0.0053,0.0068,9.8066,-0.0128,0.0264,0.0029,2.88,-32.94,7.69,28.22,-85.2,178.78
52.381367,-1.523301,138.3,8.23,3,301.93,20 / 20,538929,2019-09-06 18:25:05:611,-0.2296,-0.1706,9.9852,0.004,0.0034,9.8066,-0.0006,0.019,0.0068,2.88,-33.25,8.13,27.22,-85.34,178.32
52.381367,-1.523301,138.3,8.23,3,301.93,20 / 20,539028,2019-09-06 18:25:05:710,-0.2729,-0.4017,9.794,0.0028,0.0052,9.8066,-0.0134,0.0506,-0.0069,2.31,-32.81,8.31,17.97,-85.42,178.23
52.381367,-1.523301,138.3,8.23,3,301.93,20 / 20,539129,2019-09-06 18:25:05:811,-0.3385,-0.3048,9.7555,0.0043,0.0062,9.8066,-0.0094,-0.0096,-0.009,3.19,-33.37,7.88,26.84,-85.5,178.33
52.381367,-1.523301,138.3,8.23,3,301.93,20 / 20,539229,2019-09-06 18:25:05:911,-0.266,-0.4295,9.8335,0.0062,0.0078,9.8066,0.005,0.0019,0.0156,2.69,-32.81,7.75,25.95,-85.63,177.94
52.381367,-1.523301,138.3,8.23,3,301.93,20 / 20,539328,2019-09-06 18:25:06:010,-0.364,-0.3236,9.813,0.0028,0.0058,9.8066,0.0173,-0.0349,0.0002,2.75,-33.31,7.81,25.5,-85.75,177.8
52.381367,-1.523301,138.3,8.23,3,301.93,21 / 21,539429,2019-09-06 18:25:06:111,-0.2718,-0.3488,9.7312,0.0023,0.004,9.8066,-0.0037,0.0001,-0.0071,2.88,-33.19,7.88,25.3,-85.81,177.75
52.381367,-1.523301,138.3,8.23,3,301.93,21 / 21,539529,2019-09-06 18:25:06:211,-0.3706,-0.4474,9.8032,-0.0003,0.0065,9.8066,-0.0146,-0.0033,-0.0136,3,-33.06,8.44,24.89,-85.91,177.62
52.381367,-1.523301,138.3,8.23,3,301.93,21 / 21,539628,2019-09-06 18:25:06:310,-0.3293,-0.5034,9.7661,0.0037,0.0049,9.8066,0.0036,0.0078,0.0137,2.56,-33.19,8.13,24.17,-85.99,177.21
52.381367,-1.523301,138.3,8.23,3,301.93,21 / 21,539729,2019-09-06 18:25:06:411,-0.2201,-0.2878,9.8882,-0.0002,0.0017,9.8066,0.0075,-0.0073,-0.0051,2.69,-33.5,7.88,23.94,-86.06,177.15
52.381367,-1.523301,138.3,8.23,3,301.93,21 / 21,539829,2019-09-06 18:25:06:511,-0.1617,-0.578,9.9308,0.003,0.0064,9.8066,-0.0041,-0.0098,-0.0117,2.19,-33.19,7.69,15.26,-86.14,177.12
52.381367,-1.523301,138.3,8.23,3,301.93,21 / 21,539928,2019-09-06 18:25:06:610,-0.1812,-0.3856,9.8947,0.0029,0.0012,9.8066,-0.0098,0.0029,0.0041,2.56,-32.81,7.88,23.01,-86.21,176.68
52.381367,-1.523301,138.3,8.23,3,301.93,21 / 21,540030,2019-09-06 18:25:06:712,-0.2945,-0.4407,9.7493,-0.0005,0.0021,9.8066,-0.014,-0.0051,-0.0124,2.94,-33.44,7.88,22.73,-86.27,176.56
52.381367,-1.523301,138.3,8.23,3,301.93,21 / 21,540129,2019-09-06 18:25:06:811,-0.3075,-0.3905,9.9187,0.0015,0.0046,9.8066,0.0009,0.001,0.007,2.31,-33,8.31,14.11,-86.37,176.51
52.381367,-1.523301,138.3,8.23,3,301.93,21 / 21,540229,2019-09-06 18:25:06:911,-0.086,-0.5155,9.917,0.0032,0.0037,9.8066,0.0149,0.0074,0.0016,2.69,-33.31,8.44,22.12,-86.42,176.32
52.381367,-1.523301,138.3,8.23,3,301.93,21 / 21,540328,2019-09-06 18:25:07:010,-0.1948,-0.2111,9.9345,0.0035,0.0039,9.8066,-0.0068,-0.0167,-0.014,3.19,-33,7.88,21.54,-86.47,175.94
52.381367,-1.523301,138.3,8.23,3,301.93,20 / 21,540429,2019-09-06 18:25:07:111,-0.3863,-0.6499,9.8296,-0.0003,0.0054,9.8066,-0.0034,-0.0004,0.0144,2.31,-32.87,8.25,13.04,-86.55,175.87
52.381367,-1.523301,138.3,8.23,3,301.93,20 / 21,540529,2019-09-06 18:25:07:211,-0.3894,-0.5815,9.7484,0.0034,0.0009,9.8066,0,-0.0001,-0.0017,2.5,-33.12,7.88,21.24,-86.62,175.91
52.381367,-1.523301,138.3,8.23,3,301.93,20 / 21,540629,2019-09-06 18:25:07:311,-0.3134,-0.4927,9.8499,-0.0004,0.0011,9.8066,-0.0038,0.0011,-0.0069,2.31,-33.19,7.69,12.95,-86.63,175.88
52.381367,-1.523301,138.3,8.23,3,301.93,20 / 21,540730,2019-09-06 18:25:07:412,-0.36,-0.6876,9.7721,0.0023,0.0038,9.8066,-0.0155,-0.0141,-0.019,2.81,-33.25,8.13,21.01,-86.69,175.84
52.381367,-1.523301,138.3,8.23,3,301.93,20 / 21,540828,2019-09-06 18:25:07:510,-0.179,-0.3698,9.8384,0.0006,0.0023,9.8066,0.0135,0.0117,0.0078,2.5,-34,8.5,17.89,-86.73,175.83
52.381367,-1.523301,138.3,8.23,3,301.93,20 / 21,540928,2019-09-06 18:25:07:610,-0.3302,-0.6548,9.9312,0.0021,0,9.8066,0.0178,0.0056,0.0076,2.81,-33.25,8.81,17.33,-86.77,175.52
52.381367,-1.523301,138.3,8.23,3,301.93,20 / 21,541029,2019-09-06 18:25:07:711,-0.3052,-0.4555,9.8647,0.0009,0.004,9.8066,-0.0011,-0.0199,-0.017,2.56,-33.19,8,19.94,-86.81,175.16
52.381367,-1.523301,138.3,8.23,3,301.93,20 / 21,541128,2019-09-06 18:25:07:810,-0.2632,-0.5028,9.9749,-0.0021,-0.0007,9.8066,0.0088,0.0169,0.007,2.56,-33.44,7.69,20.27,-86.82,175.43
52.381367,-1.523301,138.3,8.23,3,301.93,20 / 21,541229,2019-09-06 18:25:07:911,-0.4197,-0.5996,9.849,0.0028,0.002,9.8066,0.0023,0.0024,-0.0042,3.5,-33.75,8.38,27.45,-86.86,175.34
52.381367,-1.523301,138.3,8.23,3,301.93,20 / 21,541329,2019-09-06 18:25:08:011,-0.2976,-0.5291,9.8996,0.0023,-0.0006,9.8066,0.0044,-0.0162,-0.0142,2.69,-33.06,8.06,19.7,-86.9,175.08
52.381493,-1.523626,139.06,0,3,298.77,20 / 21,541429,2019-09-06 18:25:08:111,-0.4407,-0.6454,9.8213,-0.0011,-0.0034,9.8066,0.006,0.0035,0.0035,2.44,-33.44,7.94,11.53,-86.92,175.01
52.381493,-1.523626,139.06,0,3,298.77,20 / 21,541530,2019-09-06 18:25:08:212,-0.2472,-0.8103,9.79,0.0003,0.0024,9.8066,0.0046,-0.0052,0.0091,2.56,-33.44,8.81,16.4,-86.96,174.96
52.381493,-1.523626,139.06,0,3,298.77,20 / 21,541629,2019-09-06 18:25:08:311,-0.3458,-0.5457,9.7101,-0.0002,0.0046,9.8066,-0.0149,0.003,-0.0093,2.19,-33.44,7.88,11.66,-86.97,175.15
52.381493,-1.523626,139.06,0,3,298.77,20 / 21,541729,2019-09-06 18:25:08:411,-0.4165,-0.6915,9.8992,0.0003,-0.0013,9.8066,-0.0006,-0.0027,0.0079,2.69,-33.31,7.19,23.82,-87,175.33
52.381493,-1.523626,139.06,0,3,298.77,20 / 21,541829,2019-09-06 18:25:08:511,-0.3063,-0.4553,9.8492,0.0024,0.0034,9.8066,0.013,0.0202,0.0189,2.69,-32.75,8.31,19.25,-87.03,174.88
52.381493,-1.523626,139.06,0,3,298.77,20 / 21,541928,2019-09-06 18:25:08:610,-0.2117,-0.4471,9.903,0.0003,0.0021,9.8066,-0.0179,0.0008,-0.0061,2.44,-33.44,8.06,11.5,-87.05,175.1
52.381493,-1.523626,139.06,0,3,298.77,20 / 21,542029,2019-09-06 18:25:08:711,-0.3347,-0.6745,9.8433,0.0017,0.0013,9.8066,-0.0041,0.0383,-0.0143,2.69,-33.25,8.44,19.14,-87.07,174.86
52.381493,-1.523626,139.06,0,3,298.77,20 / 21,542130,2019-09-06 18:25:08:812,-0.3241,-0.515,9.7895,0.0009,0.003,9.8066,0.018,0.0074,0.0172,2.44,-33.25,8.13,10.73,-87.1,174.52
52.381493,-1.523626,139.06,0,3,298.77,20 / 21,542229,2019-09-06 18:25:08:911,-0.4374,-0.7294,9.8066,-0.0005,-0.0006,9.8066,0.0081,-0.0215,-0.007,2.69,-33.44,7.81,19.45,-87.1,175.13
52.381493,-1.523626,139.06,0,3,298.77,20 / 21,542329,2019-09-06 18:25:09:011,-0.2693,-0.4887,9.7891,-0.0007,-0.0021,9.8066,-0.0136,0.0069,-0.0027,2.5,-32.37,7.94,19.22,-87.08,175.03
52.381493,-1.523626,139.06,0,3,298.77,20 / 21,542429,2019-09-06 18:25:09:111,-0.2734,-0.584,9.9222,0.0013,0.0009,9.8066,0.0032,-0.0014,0.0009,2.88,-33.31,8,19.07,-87.11,174.85
52.381493,-1.523626,139.06,0,3,298.77,20 / 21,542529,2019-09-06 18:25:09:211,-0.409,-0.71,9.7948,-0.0005,-0.005,9.8066,0.0222,-0.0342,0.0135,3,-32.75,7.88,19.11,-87.06,174.81
52.381493,-1.523626,139.06,0,3,298.77,20 / 21,542629,2019-09-06 18:25:09:311,-0.3384,-0.4255,9.9356,-0.0018,-0.0007,9.8066,-0.0133,-0.0285,-0.0109,2.75,-33.25,8.13,19.86,-87.03,175.38
52.381493,-1.523626,139.06,0,3,298.77,20 / 21,542729,2019-09-06 18:25:09:411,-0.3717,-0.479,9.8953,0.0024,-0.0004,9.8066,-0.0087,0.0247,0.0049,2.81,-33.25,7.81,19.37,-87.05,175.01
52.381493,-1.523626,139.06,0,3,298.77,20 / 21,542829,2019-09-06 18:25:09:511,-0.2442,-0.6451,9.904,0.0003,0.001,9.8066,-0.0075,0.0436,0.0109,2.94,-33.31,7.56,18.89,-87.08,174.66
52.381493,-1.523626,139.06,0,3,298.77,20 / 21,542928,2019-09-06 18:25:09:610,-0.2895,-0.4657,9.9016,0.0013,0.0005,9.8066,0.0015,-0.0178,-0.009,2.63,-33.12,8,18.98,-87.09,174.74
52.381493,-1.523626,139.06,0,3,298.77,20 / 21,543029,2019-09-06 18:25:09:711,-0.3947,-0.7677,9.8383,0.0009,-0.0025,9.8066,0.0001,-0.0262,0.003,2.88,-33.81,7.81,18.98,-87.07,174.61
52.381493,-1.523626,139.06,0,3,298.77,20 / 21,543130,2019-09-06 18:25:09:812,-0.4298,-0.5725,9.7837,0,0.0007,9.8066,0.0099,0.0042,0.0153,2.81,-33.81,7.56,18.78,-87.07,174.45
52.381493,-1.523626,139.06,0,3,298.77,20 / 21,543228,2019-09-06 18:25:09:910,-0.4247,-0.6176,9.8398,-0.0014,-0.002,9.8066,-0.0092,-0.0059,-0.0135,2.75,-32.87,8.81,16.26,-87.06,174.95
52.381493,-1.523626,139.06,0,3,298.77,20 / 21,543329,2019-09-06 18:25:10:011,-0.2764,-0.7276,9.822,0.0023,-0.0009,9.8066,0.0146,-0.0236,-0.0069,2.38,-33.87,7.5,10.94,-87.06,174.59
52.381493,-1.523626,139.06,0,3,298.77,19 / 20,543429,2019-09-06 18:25:10:111,-0.4124,-0.55,9.7396,0.0011,0.0004,9.8066,0.0061,-0.0022,0.0097,2.69,-32.94,8.38,18.14,-87.05,174.02
52.381493,-1.523626,139.06,0,3,298.77,19 / 20,543528,2019-09-06 18:25:10:210,-0.2839,-0.6791,9.892,-0.0017,-0.0022,9.8066,-0.0043,0.0022,-0.0097,2.31,-33.87,7.88,10.23,-87.05,174.01
52.381493,-1.523626,139.06,0,3,298.77,19 / 20,543629,2019-09-06 18:25:10:311,-0.3312,-0.4353,9.8677,0.0023,0.0038,9.8066,-0.0051,0.0191,0.0014,2.5,-32.94,7.81,18.02,-87.05,173.92
52.381493,-1.523626,139.06,0,3,298.77,19 / 20,543728,2019-09-06 18:25:10:410,-0.3151,-0.5883,9.89,0.0012,0.0023,9.8066,0.0043,-0.0026,0.0014,2.81,-33.62,7.94,18.25,-87.06,174.01
52.381493,-1.523626,139.06,0,3,298.77,19 / 20,543828,2019-09-06 18:25:10:510,-0.3498,-0.6793,9.7855,-0.0006,-0.0001,9.8066,0.0023,-0.0194,0.0019,2.75,-32.94,8.19,18.49,-87.01,174.25
52.381493,-1.523626,139.06,0,3,298.77,19 / 20,543928,2019-09-06 18:25:10:610,-0.288,-0.4033,9.8335,0.0002,-0.002,9.8066,-0.0103,0.0008,-0.0071,3,-33.25,7.44,22.87,-86.99,174.57
52.381493,-1.523626,139.06,0,3,298.77,19 / 20,544029,2019-09-06 18:25:10:711,-0.4104,-0.587,9.8448,-0.0016,-0.0032,9.8066,0.0098,0.0039,0.012,3,-32.87,7.94,18.83,-86.99,174.5
52.381493,-1.523626,139.06,0,3,298.77,19 / 20,544128,2019-09-06 18:25:10:810,-0.3057,-0.7613,9.7287,-0.0033,-0.003,9.8066,-0.0018,-0.0155,-0.0084,2.38,-33.31,8.25,11.34,-86.94,174.88
52.381493,-1.523626,139.06,0,3,298.77,19 / 20,544229,2019-09-06 18:25:10:911,-0.4305,-0.4108,9.7682,0.0006,-0.0005,9.8066,0.0028,-0.0046,-0.004,2.81,-33,8.56,16.29,-86.91,174.82
52.381493,-1.523626,139.06,0,3,298.77,19 / 20,544329,2019-09-06 18:25:11:011,-0.4824,-0.6988,9.7731,-0.0007,-0.0041,9.8066,0.005,0.0001,0.0174,2.5,-32.94,7.56,19.27,-86.88,174.71
52.381493,-1.523626,139.06,0,3,298.77,20 / 21,544430,2019-09-06 18:25:11:112,-0.2175,-0.3539,9.9218,-0.0023,-0.0022,9.8066,0.0094,-0.044,-0.0115,2.69,-33.19,8.44,19.57,-86.85,174.9
52.381493,-1.523626,139.06,0,3,298.77,20 / 21,544529,2019-09-06 18:25:11:211,-0.1967,-0.5055,9.9573,0.0011,-0.0035,9.8066,-0.009,0.0165,-0.0025,2.44,-33.19,7.69,11.74,-86.78,175.06
52.381493,-1.523626,139.06,0,3,298.77,20 / 21,544629,2019-09-06 18:25:11:311,-0.1629,-0.4577,9.9367,-0.0001,-0.0006,9.8066,0.0057,0.02,0.0142,2.5,-33.25,7.88,19.69,-86.74,174.86
52.381493,-1.523626,139.06,0,3,298.77,20 / 21,544729,2019-09-06 18:25:11:411,-0.3882,-0.4955,9.843,-0.0038,-0.0019,9.8066,-0.0001,-0.02,-0.0135,3.13,-33.25,8.19,20.1,-86.72,175.15
52.381493,-1.523626,139.06,0,3,298.77,20 / 21,544829,2019-09-06 18:25:11:511,-0.3709,-0.6805,9.7665,-0.001,-0.0021,9.8066,-0.0094,-0.0017,-0.0153,2.88,-33.25,8.5,16.89,-86.67,175.06
52.381493,-1.523626,139.06,0,3,298.77,20 / 21,544929,2019-09-06 18:25:11:611,-0.3744,-0.5526,9.8005,0.0002,0.0005,9.8066,0.0156,-0.0324,0.0139,2.69,-32.94,8.31,20.07,-86.65,175.04
52.381493,-1.523626,139.06,0,3,298.77,20 / 21,545030,2019-09-06 18:25:11:712,-0.3373,-0.3958,9.8511,-0.0015,-0.0046,9.8066,0.0011,0.0152,0.0017,2.31,-33.31,7.75,11.99,-86.62,175.13
52.381493,-1.523626,139.06,0,3,298.77,20 / 21,545129,2019-09-06 18:25:11:811,-0.1424,-0.3476,9.9766,-0.0017,-0.0029,9.8066,-0.0128,-0.0145,-0.0108,2.69,-32.94,7.88,20.8,-86.56,175.48
52.381493,-1.523626,139.06,0,3,298.77,20 / 21,545228,2019-09-06 18:25:11:910,-0.2697,-0.6943,9.7242,0.0025,-0.0024,9.8066,0.0077,0.031,0.0055,2,-33.06,8.63,9.99,-86.52,175.28
52.381493,-1.523626,139.06,0,3,298.77,20 / 21,545329,2019-09-06 18:25:12:011,-0.4242,-0.4154,9.7618,0.0003,-0.0015,9.8066,0.0098,0.0027,0.0133,2.56,-33.06,8.06,20.4,-86.49,175.08
52.381493,-1.523626,139.06,0,3,298.77,21 / 21,545429,2019-09-06 18:25:12:111,-0.3472,-0.7748,9.7395,-0.003,-0.0034,9.8065,-0.0235,0.0262,-0.0205,2.69,-32.94,8,21.27,-86.44,175.68
52.381493,-1.523626,139.06,0,3,298.77,21 / 21,545529,2019-09-06 18:25:12:211,-0.2549,-0.2542,9.9343,0.0002,-0.001,9.8066,-0.0012,0.0121,0.007,2.94,-32.87,8.25,21.06,-86.43,175.51
52.381493,-1.523626,139.06,0,3,298.77,21 / 21,545629,2019-09-06 18:25:12:311,-0.1844,-0.4037,10.0012,-0.0042,-0.0019,9.8066,0.0027,0.0355,0.0047,2.56,-33.06,7.81,21.18,-86.41,175.57
52.381493,-1.523626,139.06,0,3,298.77,21 / 21,545729,2019-09-06 18:25:12:411,-0.1092,-0.336,9.8955,-0.0008,-0.003,9.8066,-0.0054,-0.038,-0.0179,2.44,-32.94,8.19,13.65,-86.35,176.15
52.381493,-1.523626,139.06,0,3,298.77,21 / 21,545830,2019-09-06 18:25:12:512,-0.3564,-0.5228,9.7879,-0.0006,-0.0017,9.8066,-0.0008,0.0067,0.0092,2.75,-33.69,8.25,22.51,-86.3,176.27
52.381493,-1.523626,139.06,0,3,298.77,21 / 21,545929,2019-09-06 18:25:12:611,-0.2647,-0.5088,9.7395,-0.0014,-0.0018,9.8066,-0.0049,0.0151,0.0063,2.44,-33.19,8.31,14.16,-86.29,176.46
52.381493,-1.523626,139.06,0,3,298.77,21 / 21,546029,2019-09-06 18:25:12:711,-0.433,-0.4012,9.849,-0.0034,-0.0018,9.8066,-0.0056,0.0023,-0.0146,3,-33.25,8.13,23.37,-86.26,177.03
52.381493,-1.523626,139.06,0,3,298.77,21 / 21,546129,2019-09-06 18:25:12:811,-0.1552,-0.2933,9.8985,-0.0003,-0.003,9.8066,-0.0082,0.031,0.0088,2.75,-32.87,8.06,23.23,-86.23,176.88
52.381493,-1.523626,139.06,0,3,298.77,21 / 21,546228,2019-09-06 18:25:12:910,-0.1357,-0.2937,9.9942,-0.0008,-0.0022,9.8066,0.0067,-0.036,-0.0019,2.06,-32.81,8.25,15.1,-86.22,177.1
52.381493,-1.523626,139.06,0,3,298.77,21 / 21,546329,2019-09-06 18:25:13:011,-0.2421,-0.4813,9.8976,-0.0006,-0.0042,9.8066,-0.0116,0.0013,-0.0124,2.63,-33.75,8,24.02,-86.17,177.19
52.381493,-1.523626,139.06,0,3,298.77,20 / 21,546429,2019-09-06 18:25:13:111,-0.1758,-0.3409,9.9009,-0.0013,-0.0005,9.8066,0.0132,-0.0233,0.0184,2.56,-33.37,8.5,20.27,-86.13,177.13
52.381493,-1.523626,139.06,0,3,298.77,20 / 21,546528,2019-09-06 18:25:13:210,-0.151,-0.1967,9.8834,0.0001,-0.002,9.8066,0.0106,-0.0096,0.0024,3,-33.25,8.19,23.99,-86.1,177.26
52.381493,-1.523626,139.06,0,3,298.77,20 / 21,546629,2019-09-06 18:25:13:311,-0.2201,-0.5556,9.8989,-0.0007,0.0001,9.8066,0.0012,-0.0029,-0.0024,2.38,-33.31,8.19,15.95,-86.06,177.55
52.381493,-1.523626,139.06,0,3,298.77,20 / 21,546729,2019-09-06 18:25:13:411,-0.3071,-0.3409,9.7827,-0.0005,0.0016,9.8066,0.0065,-0.0259,0.017,2.81,-33,8,24.49,-86.06,177.56
52.381493,-1.523626,139.06,0,3,298.77,20 / 21,546829,2019-09-06 18:25:13:511,-0.3728,-0.4373,9.792,-0.002,-0.0031,9.8066,-0.0087,0.001,-0.0123,2.88,-32.69,7.75,24.8,-86.02,177.73
52.381493,-1.523626,139.06,0,3,298.77,20 / 21,546929,2019-09-06 18:25:13:611,-0.2594,-0.3536,9.8171,0,-0.0009,9.8066,-0.0147,0.0311,-0.0086,2.81,-33.06,8.44,24.85,-86,177.74
52.381493,-1.523626,139.06,0,3,298.77,20 / 21,547029,2019-09-06 18:25:13:711,-0.1836,-0.2168,9.9866,-0.0015,0.0002,9.8066,0.0148,-0.0021,0.0084,2.56,-33.12,8.13,24.78,-86,177.67
52.381493,-1.523626,139.06,0,3,298.77,20 / 21,547129,2019-09-06 18:25:13:811,-0.2388,-0.3762,9.8917,-0.0031,-0.0021,9.8066,-0.0055,-0.0037,-0.004,2.69,-33,8.06,25.14,-85.96,177.9
52.381493,-1.523626,139.06,0,3,298.77,20 / 21,547229,2019-09-06 18:25:13:911,-0.2986,-0.3651,9.8586,0.0002,-0.0017,9.8066,-0.0072,-0.0062,-0.0036,2.88,-32.75,7.94,25.41,-85.95,178.07
52.381493,-1.523626,139.06,0,3,298.77,20 / 21,547329,2019-09-06 18:25:14:011,-0.2941,-0.5405,9.7072,-0.0038,-0.0004,9.8066,0.002,-0.0082,0.0034,2.63,-32.94,8.06,25.58,-85.93,178.17
52.381493,-1.523626,139.06,0,3,298.77,21 / 21,547430,2019-09-06 18:25:14:112,-0.211,-0.3031,9.9733,-0.0025,-0.0006,9.8066,-0.0062,0.0172,-0.0104,3.13,-33.25,7.69,26.18,-85.9,178.55
52.381493,-1.523626,139.06,0,3,298.77,21 / 21,547529,2019-09-06 18:25:14:211,-0.1196,-0.2364,9.9118,-0.0009,-0.0003,9.8066,0.0123,0.0158,0.0112,2.94,-33.31,8.06,26.31,-85.88,178.63
52.381493,-1.523626,139.06,0,3,298.77,21 / 21,547629,2019-09-06 18:25:14:311,-0.1734,-0.2646,9.9961,0.001,-0.0019,9.8066,0.0012,-0.0104,0.0006,2.19,-33.75,8.5,15.34,-85.86,178.73
52.381493,-1.523626,139.06,0,3,298.77,21 / 21,547728,2019-09-06 18:25:14:410,-0.1637,-0.4207,9.8609,-0.0024,-0.002,9.8066,-0.0177,0.0202,-0.0149,3.44,-33.31,8.06,26.86,-85.83,178.95
52.381493,-1.523626,139.06,0,3,298.77,21 / 21,547828,2019-09-06 18:25:14:510,-0.3035,-0.3556,9.8517,-0.0019,-0.0001,9.8066,0.0102,-0.0109,0.0109,2.56,-33.37,8.19,26.44,-85.84,178.65
52.381493,-1.523626,139.06,0,3,298.77,21 / 21,547928,2019-09-06 18:25:14:610,-0.3256,-0.5231,9.7228,-0.0021,0.0001,9.8066,0.0027,-0.0122,-0.001,2.25,-32.75,8,18.6,-85.81,179.16
52.381493,-1.523626,139.06,0,3,298.77,21 / 21,548028,2019-09-06 18:25:14:710,-0.1929,-0.1912,9.8857,0.0013,-0.0002,9.8066,0.0075,-0.0023,-0.0039,2.63,-32.56,8,27.52,-85.79,179.38
52.381493,-1.523626,139.06,0,3,298.77,21 / 21,548128,2019-09-06 18:25:14:810,-0.3588,-0.4144,9.8314,0.003,-0.0005,9.8066,0.0037,0.0081,0.0165,2.88,-33.06,8,27.09,-85.78,179.04
52.381493,-1.523626,139.06,0,3,298.77,21 / 21,548231,2019-09-06 18:25:14:913,-0.0189,-0.1297,9.848,-0.0025,-0.0031,9.8066,-0.0116,-0.0077,-0.0145,2.31,-33.25,7.69,18.92,-85.75,179.31
52.381493,-1.523626,139.06,0,3,298.77,21 / 21,548328,2019-09-06 18:25:15:010,-0.2104,-0.4149,9.9559,0.0004,0,9.8066,0.0065,0.0109,0.002,3,-33.62,7.63,27.9,-85.75,179.34
52.381493,-1.523626,139.06,0,3,298.77,21 / 21,548429,2019-09-06 18:25:15:111,-0.2202,-0.3271,9.9868,-0.0029,-0.0026,9.8066,-0.0032,-0.0053,0.0093,2.75,-33.44,7.13,32.77,-85.73,179.43
52.381493,-1.523626,139.06,0,3,298.77,21 / 21,548529,2019-09-06 18:25:15:211,-0.2625,-0.3357,9.7835,-0.0026,-0.0019,9.8066,-0.0026,-0.0048,-0.012,2.06,-33.19,7.75,19.82,-85.69,179.88
52.381493,-1.523626,139.06,0,3,298.77,21 / 21,548628,2019-09-06 18:25:15:310,-0.3508,-0.6457,9.7246,0.0018,0.0008,9.8066,0.0223,0.0066,0.0087,2.88,-33.19,7.88,28,-85.69,179.53
52.381493,-1.523626,139.06,0,3,298.77,21 / 21,548728,2019-09-06 18:25:15:410,-0.1167,-0.1955,9.8112,-0.0044,-0.003,9.8066,-0.0257,0.019,-0.002,2.5,-32.75,8.63,24.55,-85.65,179.75
52.381493,-1.523626,139.06,0,3,298.77,21 / 21,548828,2019-09-06 18:25:15:510,-0.3853,-0.3814,9.8554,-0.0023,-0.0011,9.8066,0.0012,0.0147,-0.0109,2.81,-32.81,8,28.85,-85.64,-179.93
52.381493,-1.523626,139.06,0,3,298.77,21 / 21,548928,2019-09-06 18:25:15:610,-0.1581,-0.1798,9.8874,0.0017,-0.0019,9.8066,0.0073,0.0043,0.01,2.75,-33.12,7.81,28.62,-85.62,179.86
52.381493,-1.523626,139.06,0,3,298.77,21 / 21,549028,2019-09-06 18:25:15:710,-0.2278,-0.4647,9.8882,-0.0003,-0.0004,9.8066,-0.0002,-0.0443,-0.0066,2.56,-32.44,8,28.8,-85.57,-179.84
52.381493,-1.523626,139.06,0,3,298.77,21 / 21,549129,2019-09-06 18:25:15:811,-0.1756,-0.2527,9.7465,0.0042,-0.0013,9.8066,-0.0056,-0.0093,-0.0089,2.31,-33.19,8,20.16,-85.55,179.92
52.381493,-1.523626,139.06,0,3,298.77,21 / 21,549229,2019-09-06 18:25:15:911,-0.2461,-0.4885,9.8913,-0.0027,-0.0035,9.8066,0.0046,0.007,0.014,2.63,-33.19,8,29.41,-85.54,-179.71
52.381493,-1.523626,139.06,0,3,298.77,21 / 21,549329,2019-09-06 18:25:16:011,-0.1271,-0.1648,9.8575,-0.0054,-0.0003,9.8066,-0.0071,-0.0162,0.0027,2.25,-32.75,7.63,21.42,-85.51,-179.25
52.381493,-1.523626,139.06,0,3,298.77,21 / 21,549430,2019-09-06 18:25:16:112,-0.1121,-0.1792,9.8794,0.0016,-0.0007,9.8066,0.014,0.0009,0.0056,2.31,-33.12,7.88,21.6,-85.49,-179.15
52.381493,-1.523626,139.06,0,3,298.77,21 / 21,549529,2019-09-06 18:25:16:211,-0.2408,-0.2335,9.8206,-0.0027,-0.0027,9.8066,-0.0005,-0.0266,0.0113,2.81,-33.06,8.25,30.58,-85.45,-179.04
52.381493,-1.523626,139.06,0,3,298.77,21 / 21,549629,2019-09-06 18:25:16:311,-0.3262,-0.4428,9.7271,-0.0021,-0.0027,9.8066,-0.0105,0.0095,-0.0149,3.06,-33,7.88,31.14,-85.41,-178.71
52.381493,-1.523626,139.06,0,3,298.77,21 / 21,549729,2019-09-06 18:25:16:411,-0.0865,-0.2279,9.954,-0.0023,-0.0008,9.8066,0.01,0.0142,0.0041,2.63,-33.06,8.25,31.3,-85.37,-178.67
52.381493,-1.523626,139.06,0,3,298.77,21 / 21,549829,2019-09-06 18:25:16:511,-0.1745,-0.3434,9.9769,-0.005,-0.0034,9.8066,-0.012,0.0134,-0.005,3.13,-33.19,7.63,31.62,-85.32,-178.55
52.381493,-1.523626,139.06,0,3,298.77,21 / 21,549928,2019-09-06 18:25:16:610,-0.1328,-0.0976,9.8526,-0.0016,-0.0039,9.8066,-0.0136,-0.0178,-0.0133,2.75,-33.12,7.56,31.91,-85.29,-178.39
52.381493,-1.523626,139.06,0,3,298.77,21 / 21,550029,2019-09-06 18:25:16:711,-0.3657,-0.5196,9.7386,0.0007,-0.0005,9.8066,0.0149,0.0183,0.0158,2.38,-33,8,22.93,-85.29,-178.54
52.381493,-1.523626,139.06,0,3,298.77,21 / 21,550129,2019-09-06 18:25:16:811,-0.1293,-0.1539,9.7677,-0.0034,-0.0045,9.8066,-0.0149,-0.0104,-0.0028,3.13,-33.37,8.19,31.82,-85.24,-178.56
52.381493,-1.523626,139.06,0,3,298.77,21 / 21,550229,2019-09-06 18:25:16:911,-0.1879,-0.2551,9.8793,-0.0003,0.0001,9.8066,0.0119,-0.002,-0.0076,2.81,-32.94,8,32.19,-85.22,-178.33
52.381493,-1.523626,139.06,0,3,298.77,21 / 21,550329,2019-09-06 18:25:17:011,-0.3885,-0.4665,9.8173,0.0011,-0.0011,9.8066,0.0222,0.0089,0.0196,3.25,-33.37,8.44,32,-85.21,-178.5
52.381493,-1.523626,139.06,0,3,298.77,22 / 22,550428,2019-09-06 18:25:17:110,-0.0496,-0.1174,9.9034,-0.0029,0.001,9.8066,-0.008,-0.0179,-0.0132,2.31,-32.94,8.19,23.72,-85.16,-178.21
52.381493,-1.523626,139.06,0,3,298.77,22 / 22,550529,2019-09-06 18:25:17:211,-0.0881,-0.29,9.9451,-0.0007,-0.0015,9.8066,0.009,0.0042,0.0057,2.5,-33.31,7.81,32.77,-85.14,-178.1
52.381493,-1.523626,139.06,0,3,298.77,22 / 22,550629,2019-09-06 18:25:17:311,0.0076,-0.0718,9.9286,-0.0005,-0.0004,9.8066,0.0138,0.0205,0.0188,3.06,-33.12,8,32.61,-85.12,-178.26
52.381493,-1.523626,139.06,0,3,298.77,22 / 22,550729,2019-09-06 18:25:17:411,-0.3364,-0.4598,9.7962,-0.0018,-0.0013,9.8066,-0.0171,-0.0134,-0.0143,2.63,-32.81,7.88,33.17,-85.09,-177.91
52.381493,-1.523626,139.06,0,3,298.77,22 / 22,550828,2019-09-06 18:25:17:510,-0.2494,-0.2887,9.642,-0.0003,0.0002,9.8066,0.0091,-0.0122,-0.0024,3.06,-32.87,7.69,33.27,-85.08,-177.86
52.381493,-1.523626,139.06,0,3,298.77,22 / 22,550929,2019-09-06 18:25:17:611,-0.1312,-0.1423,9.7982,-0.0021,-0.0029,9.8066,-0.011,-0.0025,0.0043,3,-32.94,8.13,33.2,-85.06,-177.95
52.381493,-1.523626,139.06,0,3,298.77,22 / 22,551028,2019-09-06 18:25:17:710,-0.2237,-0.3677,9.8108,-0.0009,0.001,9.8066,-0.0065,0.0074,-0.008,2.75,-32.25,7.94,33.16,-85.05,-177.68
52.381493,-1.523626,139.06,0,3,298.77,22 / 22,551129,2019-09-06 18:25:17:811,-0.1538,-0.2275,9.8093,-0.0009,-0.0006,9.8066,0.0067,0.0181,0.0088,2.63,-32.56,7.75,33.83,-85.05,-177.54
52.381493,-1.523626,139.06,0,3,298.77,22 / 22,551229,2019-09-06 18:25:17:911,-0.2811,-0.4789,9.9037,-0.002,-0.0025,9.8066,0.0187,-0.0075,-0.0006,2.81,-32.37,8.19,33.81,-85.01,-177.29
52.381493,-1.523626,139.06,0,3,298.77,22 / 22,551329,2019-09-06 18:25:18:011,-0.264,-0.393,9.8085,-0.0048,-0.0035,9.8066,0.0131,-0.0073,-0.0164,3,-33.12,8.25,34.78,-84.98,-177.02
52.381493,-1.523626,139.06,0,3,298.77,20 / 22,551429,2019-09-06 18:25:18:111,-0.8652,-1.3206,9.8138,-0.0036,-0.0056,9.8066,-0.0099,0.0019,0.0005,2.94,-32.62,8.44,34.63,-84.94,-177.2
52.381493,-1.523626,139.06,0,3,298.77,20 / 22,551529,2019-09-06 18:25:18:211,-0.2944,-0.3311,9.8471,-0.0052,-0.0063,9.8066,-0.0167,-0.0271,0.0016,3.38,-33.19,8,35.03,-84.84,-177.16
52.381493,-1.523626,139.06,0,3,298.77,20 / 22,551629,2019-09-06 18:25:18:311,-0.2027,-0.3007,9.7886,0.0015,0.0007,9.8066,-0.0199,-0.0053,-0.0081,2.5,-33.31,8.44,34.89,-84.79,-177.37
52.381493,-1.523626,139.06,0,3,298.77,20 / 22,551729,2019-09-06 18:25:18:411,-0.3769,-0.3384,9.7852,-0.0036,-0.0042,9.8066,-0.0027,0.0035,0.0064,2.94,-33.12,8,34.86,-84.74,-177.49
52.381493,-1.523626,139.06,0,3,298.77,20 / 22,551829,2019-09-06 18:25:18:511,-0.5116,-0.7566,9.8166,0.0021,0.0043,9.8066,0.0169,-0.0249,-0.0051,2.69,-33.06,7.81,35.19,-84.72,-177.3
52.381493,-1.523626,139.06,0,3,298.77,20 / 22,551929,2019-09-06 18:25:18:611,-1.3246,-2.1168,9.8736,-0.0019,-0.003,9.8066,0.0213,0.0261,-0.0167,2.81,-32.81,8.38,35.41,-84.66,-177.29
52.381493,-1.523626,139.06,0,3,298.77,20 / 22,552029,2019-09-06 18:25:18:711,-1.2312,-2.0925,9.8132,0.0071,-0.0048,9.8066,-0.0049,-0.0087,0.0146,3.13,-32.56,8.31,35.68,-84.6,-177.25
52.381493,-1.523626,139.06,0,3,298.77,20 / 22,552131,2019-09-06 18:25:18:813,-0.7293,-1.0833,9.846,-0.0031,-0.0061,9.8066,-0.0021,-0.0013,-0.0132,2.94,-32.81,8.31,34.66,-84.63,-177.88
52.381493,-1.523626,139.06,0,3,298.77,20 / 22,552229,2019-09-06 18:25:18:911,-0.6363,-1.3186,9.8947,0.0005,-0.0027,9.8065,-0.0227,0.0132,-0.0032,2.94,-32,9,29.36,-84.58,-178.18
52.381493,-1.523626,139.06,0,3,298.77,20 / 22,552329,2019-09-06 18:25:19:011,-0.9678,-1.7166,9.9367,0.0056,0.0017,9.8066,0.0182,0.0294,-0.0002,2.69,-32.56,8.81,28.92,-84.65,-178.65
52.381493,-1.523626,139.06,0,3,298.77,20 / 20,552428,2019-09-06 18:25:19:110,-0.7729,-2.7815,10.0066,-0.0006,-0.0101,9.8066,-0.0171,0.0333,-0.0227,2.63,-32.44,8.94,28.25,-84.57,-178.99
52.381493,-1.523626,139.06,0,3,298.77,20 / 20,552528,2019-09-06 18:25:19:210,-1.1352,-3.0686,10.0669,-0.0034,-0.0154,9.8066,-0.0069,0.0025,-0.0165,2.81,-32.06,9.44,27.86,-84.5,-179.38
52.381493,-1.523626,139.06,0,3,298.77,20 / 20,552628,2019-09-06 18:25:19:310,-1.2134,-3.0243,9.9061,0.0016,-0.0054,9.8066,0.0648,0.0475,-0.0047,3.38,-32.37,9.13,27.54,-84.39,-179.79
52.381493,-1.523626,139.06,0,3,298.77,20 / 20,552729,2019-09-06 18:25:19:411,-1.11,-2.9183,9.9311,0.0009,-0.0039,9.8066,0.0166,0.0542,-0.0267,3.56,-32,9.63,30.41,-84.2,179.73
52.381493,-1.523626,139.06,0,3,298.77,20 / 20,552828,2019-09-06 18:25:19:510,-0.8065,-3.1742,9.9012,0.0018,-0.0071,9.8066,0.0104,0.0695,-0.0084,3.44,-32.06,9.44,26.16,-84.13,178.85
52.381493,-1.523626,139.06,0,3,298.77,20 / 20,552928,2019-09-06 18:25:19:610,-0.8409,-2.2824,9.7526,-0.0007,-0.006,9.8065,-0.0009,0.0867,-0.032,3.75,-32.37,9.25,33.15,-84.07,178.46
52.381493,-1.523626,139.06,0,3,298.77,20 / 20,553029,2019-09-06 18:25:19:711,-0.304,-2.7733,9.7461,0.0057,-0.0128,9.8066,0.0151,0.1463,-0.0304,3.06,-32,10.19,20.31,-83.91,177.02
52.381493,-1.523626,139.06,0,3,298.77,20 / 20,553129,2019-09-06 18:25:19:811,0.3033,-1.5029,9.7496,0.008,-0.0153,9.8066,-0.0237,0.1585,-0.0313,3.25,-31.94,10.63,15.79,-83.83,175.73
52.381493,-1.523626,139.06,0,3,298.77,20 / 20,553229,2019-09-06 18:25:19:911,0.9555,-1.6608,9.6685,0.0166,0.0007,9.8066,-0.0119,0.2247,-0.0715,2.81,-31.56,11.25,13.82,-83.91,174.41
52.381493,-1.523626,139.06,0,3,298.77,20 / 20,553329,2019-09-06 18:25:20:011,1.8941,-1.6153,10.0377,0.0078,0.0159,9.8066,0.0634,0.2629,-0.0107,3.69,-31.25,11.13,17.25,-84.02,172.48
52.381493,-1.523626,139.06,0,3,298.77,20 / 20,553429,2019-09-06 18:25:20:111,0.5056,-2.1544,9.6949,-0.0019,0.0013,9.8066,-0.0141,0.2737,-0.0234,3.5,-31.44,12,16.39,-83.96,173.7
52.381493,-1.523626,139.06,0,3,298.77,20 / 20,553529,2019-09-06 18:25:20:211,-0.0941,-0.6867,9.6052,0.0061,-0.0174,9.8066,-0.0648,0.276,-0.0728,3.81,-31.81,12.06,15.89,-83.87,173.12
52.381493,-1.523626,139.06,0,3,298.77,20 / 20,553629,2019-09-06 18:25:20:311,1.5543,-1.1373,10.5115,0.0393,0.0119,9.8065,0.0214,0.3045,-0.0974,4.31,-31.12,11.94,8.6,-84.04,167.94
52.381493,-1.523626,139.06,0,3,298.77,20 / 20,553729,2019-09-06 18:25:20:411,1.4521,-2.1694,10.0217,0.0379,-0.0016,9.8065,-0.1129,0.4099,-0.1625,4.69,-30.75,13.19,6.78,-84.01,164.13
52.381493,-1.523626,139.06,0,3,298.77,20 / 20,553829,2019-09-06 18:25:20:511,2.7369,-0.9872,10.0107,0.0222,-0.0043,9.8065,0.0025,0.4778,-0.0879,5.19,-30.25,12.94,2.17,-83.85,160.62
52.381493,-1.523626,139.06,0,3,298.77,20 / 20,553929,2019-09-06 18:25:20:611,1.4683,-1.2468,10.0541,0.0026,-0.007,9.8066,0.1167,0.4072,0.0245,5.81,-30.37,14.88,1.34,-83.67,159.25
52.381493,-1.523626,139.06,0,3,298.77,20 / 20,554029,2019-09-06 18:25:20:711,2.462,-0.5683,9.3493,-0.0474,-0.0084,9.8065,0.0075,0.4739,-0.019,5.81,-30.56,15.19,7.01,-83.36,163.61
52.381493,-1.523626,139.06,0,3,298.77,20 / 20,554128,2019-09-06 18:25:20:810,1.0372,-0.6335,9.9235,-0.0163,-0.029,9.8066,0.0716,0.4721,-0.0452,4.75,-30.62,16.06,4.33,-83.16,165.99
52.381493,-1.523626,139.06,0,3,298.77,20 / 20,554228,2019-09-06 18:25:20:910,1.5055,-1.9966,9.6033,-0.0061,-0.0486,9.8064,0.0249,0.4879,-0.0489,5.56,-30.31,18,5.55,-82.49,165.92
52.381493,-1.523626,139.06,0,3,298.77,20 / 20,554329,2019-09-06 18:25:21:011,1.9613,-2.3685,9.8617,0.0004,-0.0432,9.8065,0.0479,0.5919,-0.1666,6.13,-30.44,19.31,4.53,-82.05,166.02
52.381493,-1.523626,139.06,0,3,298.77,20 / 21,554429,2019-09-06 18:25:21:111,2.4386,-1.4903,10.2104,0.0099,-0.0016,9.8065,-0.0792,0.4761,-0.0708,6.13,-30.5,19.81,1.05,-81.82,164.12
52.381493,-1.523626,139.06,0,3,298.77,20 / 21,554528,2019-09-06 18:25:21:210,2.7108,-0.0252,9.8837,0.007,0.024,9.8065,-0.1378,0.5523,-0.113,5.5,-29.87,21.44,358.77,-82.12,163.07
52.381493,-1.523626,139.06,0,3,298.77,20 / 21,554629,2019-09-06 18:25:21:311,3.125,-0.8116,9.9245,0.0084,0.0361,9.8065,0.0286,0.5978,-0.0486,5.44,-30.31,21.94,352.59,-82.64,161.11
52.381493,-1.523626,139.06,0,3,298.77,20 / 21,554729,2019-09-06 18:25:21:411,2.2741,-0.6916,9.4148,-0.0203,0.0148,9.8066,0.0491,0.5441,-0.0016,5.69,-30.06,23.06,356.52,-82.75,162.48
52.381493,-1.523626,139.06,0,3,298.77,20 / 21,554829,2019-09-06 18:25:21:511,2.2594,-1.008,9.6704,-0.0121,0.0085,9.8066,-0.092,0.6163,-0.0383,5.06,-30.06,24.13,356.08,-82.88,164.93
52.381493,-1.523626,139.06,0,3,298.77,20 / 21,554929,2019-09-06 18:25:21:611,2.4078,-0.1066,9.8949,-0.0117,0.0093,9.8066,0.0589,0.6614,-0.0567,4.63,-29.94,24.88,356.7,-82.98,165.89
52.381493,-1.523626,139.06,0,3,298.77,20 / 21,555029,2019-09-06 18:25:21:711,1.9772,-0.6928,10.0117,-0.0057,0.0047,9.8066,0.0084,0.6219,-0.0815,4.06,-29.75,25.31,354.66,-83.03,166.38
52.381493,-1.523626,139.06,0,3,298.77,20 / 21,555129,2019-09-06 18:25:21:811,2.319,-1.5764,9.4255,-0.0001,0.0114,9.8066,-0.0059,0.5636,-0.0568,3.5,-30.12,26.19,354.55,-83.17,166.58
52.381493,-1.523626,139.06,0,3,298.77,20 / 21,555228,2019-09-06 18:25:21:910,2.0133,-1.2139,9.5964,-0.0019,0.009,9.8066,-0.044,0.5471,-0.0442,2.63,-29.25,27.44,352.44,-83.31,167.09
52.381493,-1.523626,139.06,0,3,298.77,20 / 21,555329,2019-09-06 18:25:22:011,1.8405,-1.7381,9.5958,-0.0077,0.0081,9.8066,-0.0261,0.531,-0.0093,2.5,-29.5,28.81,352.62,-83.35,167.61
52.381508,-1.523782,139.12,5.02,3,235.33,20 / 20,555429,2019-09-06 18:25:22:111,1.7627,-1.4397,9.8966,-0.0043,-0.0019,9.8066,-0.0293,0.5241,-0.0366,1.88,-29.69,28.94,351.87,-83.42,168.94
52.381508,-1.523782,139.12,5.02,3,235.33,20 / 20,555529,2019-09-06 18:25:22:211,1.8773,-2.2872,9.7749,-0.0071,0.0068,9.8066,-0.0423,0.5017,-0.0444,0.56,-29.37,29.38,350.94,-83.5,170.05
52.381508,-1.523782,139.12,5.02,3,235.33,20 / 20,555629,2019-09-06 18:25:22:311,2.3895,-2.0751,9.2248,-0.0074,-0.0048,9.8066,-0.056,0.4751,-0.0075,0.94,-29.19,31.06,352.93,-83.48,171.88
52.381508,-1.523782,139.12,5.02,3,235.33,20 / 20,555729,2019-09-06 18:25:22:411,1.4724,-1.8879,9.9269,-0.02,-0.0235,9.8066,-0.0042,0.424,0.0208,-0.62,-30.25,30.69,350.9,-83.47,173.8
52.381508,-1.523782,139.12,5.02,3,235.33,20 / 20,555828,2019-09-06 18:25:22:510,-0.0989,-0.2621,9.79,-0.0134,0.008,9.8066,-0.0549,0.3264,-0.1319,-0.94,-29.69,30.81,352.87,-83.59,175.53
52.381508,-1.523782,139.12,5.02,3,235.33,20 / 20,555928,2019-09-06 18:25:22:610,0.7201,-1.0116,9.9508,0.0059,0.0075,9.8066,-0.0458,0.3032,-0.0538,-0.75,-29.19,32.06,353.42,-83.68,175.91
52.381508,-1.523782,139.12,5.02,3,235.33,20 / 20,556028,2019-09-06 18:25:22:710,1.1835,-1.0924,10.4303,-0.0053,0.0126,9.8066,0.0532,0.2353,0.0259,-1.87,-29.56,32,350.97,-83.79,175.51
52.381508,-1.523782,139.12,5.02,3,235.33,20 / 20,556128,2019-09-06 18:25:22:810,0.8168,-0.3159,10.6081,-0.0068,0.019,9.8065,0.0652,0.2018,-0.042,-2.12,-28.75,31.75,351.84,-83.82,176.26
52.381508,-1.523782,139.12,5.02,3,235.33,20 / 20,556229,2019-09-06 18:25:22:911,0.4964,-1.161,10.2337,-0.0098,-0.0442,9.8065,-0.0465,0.1367,0.0032,-1.87,-29.12,32.69,353.92,-83.65,178.01
52.381508,-1.523782,139.12,5.02,3,235.33,20 / 20,556329,2019-09-06 18:25:23:011,0.6839,-1.4271,9.7195,-0.005,-0.0119,9.8065,0.0298,0.1809,0.0088,-2.62,-29.44,32.81,352.88,-83.73,178.8
52.381508,-1.523782,139.12,5.02,3,235.33,21 / 22,556429,2019-09-06 18:25:23:111,0.3892,-1.454,8.9102,-0.0025,0.0176,9.8066,-0.0749,0.1369,-0.0049,-3.12,-29.5,33.13,354.14,-83.86,179.92
52.381508,-1.523782,139.12,5.02,3,235.33,21 / 22,556528,2019-09-06 18:25:23:210,-0.0589,-0.6132,9.972,-0.0086,0.0083,9.8066,-0.1637,0.0942,-0.0141,-2.44,-29.44,33.75,356.62,-84.02,-179.69
52.381508,-1.523782,139.12,5.02,3,235.33,21 / 22,556629,2019-09-06 18:25:23:311,-0.2183,-1.281,9.872,-0.014,0.0337,9.8065,0.013,0.0642,-0.0088,-2.44,-29.81,33.13,357.6,-84.29,-178.71
52.381508,-1.523782,139.12,5.02,3,235.33,21 / 22,556729,2019-09-06 18:25:23:411,-0.37,-3.2223,10.1002,-0.0201,0.064,9.8064,0.0181,0.057,-0.0315,-3.25,-29.44,33.06,357.88,-84.79,-176.75
52.381508,-1.523782,139.12,5.02,3,235.33,21 / 22,556828,2019-09-06 18:25:23:510,-0.1909,-1.3957,11.1213,-0.0074,-0.0604,9.8064,0.0443,0.0197,-0.0005,-2.81,-29.69,32.69,359.19,-84.49,-175.54
52.381508,-1.523782,139.12,5.02,3,235.33,21 / 22,556929,2019-09-06 18:25:23:611,-0.2171,-2.648,10.1288,-0.0051,-0.0266,9.8065,0.1946,0.0305,-0.0125,-3.62,-29.44,33.25,358.41,-84.44,-174.54
52.381508,-1.523782,139.12,5.02,3,235.33,21 / 22,557029,2019-09-06 18:25:23:711,-0.6658,-1.4992,9.7503,0.0017,-0.0688,9.8063,-0.2115,0.1056,-0.0378,-2.37,-29.37,33.38,2.8,-84.07,-174
52.381508,-1.523782,139.12,5.02,3,235.33,21 / 22,557129,2019-09-06 18:25:23:811,-1.7126,-2.6573,10.0264,0.0065,-0.0738,9.8063,-0.1224,-0.0537,0.1526,-3.25,-29.69,32.5,1.21,-84.05,-173.72
52.381508,-1.523782,139.12,5.02,3,235.33,21 / 22,557229,2019-09-06 18:25:23:911,-2.4895,-0.5074,9.8974,-0.029,0.0431,9.8064,0.019,0.0879,-0.0626,-3.25,-29.56,32.5,2.95,-84.28,-172.13
52.381508,-1.523782,139.12,5.02,3,235.33,21 / 22,557328,2019-09-06 18:25:24:010,0.8805,-2.7385,8.155,-0.0075,0.0353,9.8065,-0.1014,0.0421,0.0704,-3.94,-29.87,32.56,3.21,-84.67,-170.16
52.381508,-1.523782,139.12,5.02,3,235.33,21 / 21,557429,2019-09-06 18:25:24:111,-0.475,-2.1181,8.2035,-0.016,0.0614,9.8064,0.134,-0.0029,-0.0124,-3.75,-29.87,32.44,6.78,-84.9,-166.68
52.381508,-1.523782,139.12,5.02,3,235.33,21 / 21,557529,2019-09-06 18:25:24:211,-1.0706,-1.2623,10.4171,-0.0119,0.0106,9.8066,-0.0112,-0.0399,0.0075,-3.69,-30,32.75,7.48,-84.88,-166.24
52.381508,-1.523782,139.12,5.02,3,235.33,21 / 21,557629,2019-09-06 18:25:24:311,1.0434,-1.0334,9.7242,0.0175,0.0108,9.8066,0.0703,-0.0755,0.0288,-3.37,-29.56,32.19,7.62,-85,-167.67
52.381508,-1.523782,139.12,5.02,3,235.33,21 / 21,557728,2019-09-06 18:25:24:410,-0.2496,-1.4213,8.6911,-0.0025,0.0143,9.8066,-0.0074,-0.0403,-0.0809,-2.94,-29.69,32.38,7.76,-85,-167.54
52.381508,-1.523782,139.12,5.02,3,235.33,21 / 21,557828,2019-09-06 18:25:24:510,0.0179,-1.1744,10.0475,0.0179,-0.0147,9.8066,-0.053,-0.0134,0.1367,-3.56,-29.75,32.25,5.52,-84.94,-167.83
52.381508,-1.523782,139.12,5.02,3,235.33,21 / 21,557928,2019-09-06 18:25:24:610,-0.2733,-0.4889,10.773,-0.0046,-0.0355,9.8066,-0.1024,0.0038,0.0118,-3.25,-30.06,32.5,6.86,-84.76,-168.54
52.381508,-1.523782,139.12,5.02,3,235.33,21 / 21,558028,2019-09-06 18:25:24:710,0.7208,-0.5116,9.9328,0.0025,0.0045,9.8066,0.0263,-0.041,-0.0652,-3.75,-30.12,31.94,4.82,-84.79,-168.48
52.381508,-1.523782,139.12,5.02,3,235.33,21 / 21,558128,2019-09-06 18:25:24:810,-0.3286,-1.1626,9.6871,0.0014,0.0059,9.8066,0.0787,-0.0359,0.0226,-3,-29.5,32.06,6.93,-84.7,-168.32
52.381508,-1.523782,139.12,5.02,3,235.33,21 / 21,558229,2019-09-06 18:25:24:911,-0.0729,-0.6998,9.9142,0.0021,-0.0213,9.8065,0.0091,-0.0079,0.0196,-4,-29.5,32.19,4.84,-84.44,-168.48
52.381508,-1.523782,139.12,5.02,3,235.33,21 / 21,558329,2019-09-06 18:25:25:011,-0.1137,-1.0235,9.341,0.0111,-0.0063,9.8066,-0.0986,0.0507,0.0118,-3.19,-30,32.69,6.46,-84.49,-168.94
52.381508,-1.523782,139.12,5.02,3,235.33,21 / 21,558429,2019-09-06 18:25:25:111,0.5275,-0.0754,9.4061,0.0031,0.0248,9.8066,-0.0487,0.0268,0.0154,-3.56,-30.56,32.13,4.47,-84.58,-168.83
52.381508,-1.523782,139.12,5.02,3,235.33,21 / 21,558528,2019-09-06 18:25:25:210,-0.4219,-0.183,9.4004,-0.0059,0.0004,9.8066,-0.0808,-0.0377,0.0159,-3.25,-30.12,32.38,7.08,-84.68,-168.21
52.381508,-1.523782,139.12,5.02,3,235.33,21 / 21,558629,2019-09-06 18:25:25:311,-0.7149,-0.5593,9.6612,-0.0099,0.024,9.8065,0.1216,-0.0036,0.001,-3.87,-29.75,32.63,7.15,-84.64,-166.57
52.381508,-1.523782,139.12,5.02,3,235.33,21 / 21,558728,2019-09-06 18:25:25:410,-1.1625,-1.6293,9.6495,-0.012,0.0333,9.8065,0.0705,-0.0552,0.0613,-3.44,-29.81,32.75,9.15,-84.58,-166.47
52.381508,-1.523782,139.12,5.02,3,235.33,21 / 21,558828,2019-09-06 18:25:25:510,-0.0932,-1.3741,9.7339,-0.0075,-0.0027,9.8066,0.0711,-0.0604,0.0257,-3.62,-30,32.81,9.85,-84.38,-164.15
52.381508,-1.523782,139.12,5.02,3,235.33,21 / 21,558928,2019-09-06 18:25:25:610,-0.25,-0.4244,9.7481,-0.0115,0.0439,9.8065,0.0353,0.0204,-0.0465,-3.31,-29.94,31.81,13.93,-84.66,-161.97
52.381508,-1.523782,139.12,5.02,3,235.33,21 / 21,559028,2019-09-06 18:25:25:710,0.0237,-0.7885,9.7577,-0.0003,-0.0171,9.8066,-0.0723,0.0679,0.0041,-3.75,-30.44,31.88,13.28,-85,-160.71
52.381508,-1.523782,139.12,5.02,3,235.33,21 / 21,559129,2019-09-06 18:25:25:811,-0.1909,-0.2023,10.0734,-0.003,-0.0298,9.8065,-0.0202,0.0202,-0.0188,-4,-30.19,32.25,13.86,-84.99,-160.18
52.381508,-1.523782,139.12,5.02,3,235.33,21 / 21,559231,2019-09-06 18:25:25:913,0.0428,0.1661,9.2635,0.0039,-0.0135,9.8066,-0.0844,0.0071,0.0402,-3.62,-29.81,32.25,14.05,-84.88,-160.03
52.381508,-1.523782,139.12,5.02,3,235.33,21 / 21,559329,2019-09-06 18:25:26:011,-1.0026,-0.2572,9.9941,0.0016,-0.0361,9.8065,-0.0503,-0.092,0.1177,-3.31,-29.81,32.56,15.62,-84.66,-160.55
52.381508,-1.523782,139.12,5.02,3,235.33,21 / 21,559428,2019-09-06 18:25:26:110,-0.3341,-1.5788,10.1061,-0.0035,0.0079,9.8065,0.0942,0.0058,-0.01,-3.12,-29.25,32.63,17.34,-84.45,-158.99
52.381508,-1.523782,139.12,5.02,3,235.33,21 / 21,559528,2019-09-06 18:25:26:210,0.2095,-1.1618,9.8808,-0.0222,0,9.8066,0.1343,0.0389,0.0967,-3.06,-29.62,32.69,18.52,-84.31,-158.01
52.381508,-1.523782,139.12,5.02,3,235.33,21 / 21,559629,2019-09-06 18:25:26:311,-1.2335,-2.4953,9.2702,-0.0175,-0.0388,9.8065,-0.228,0.0424,-0.0409,-3.56,-29.56,31.56,18.55,-84.19,-156.13
52.381508,-1.523782,139.12,5.02,3,235.33,21 / 21,559729,2019-09-06 18:25:26:411,-1.7303,0.6024,9.583,-0.0044,-0.0223,9.8065,-0.0892,-0.0856,0.0796,-4.19,-29.87,31.81,19.85,-83.91,-155.05
52.381508,-1.523782,139.12,5.02,3,235.33,21 / 21,559829,2019-09-06 18:25:26:511,-1.3748,-0.8264,9.4841,-0.0138,0.0479,9.8065,0.0811,-0.0058,0.0571,-3.44,-29.62,31.75,24.27,-84.01,-152.79
52.381508,-1.523782,139.12,5.02,3,235.33,21 / 21,559928,2019-09-06 18:25:26:610,-0.2742,0.4406,9.6765,-0.0252,0.0332,9.8065,0.0042,0.0076,-0.0234,-3.75,-30.25,32.31,24.16,-83.94,-151.14
52.381508,-1.523782,139.12,5.02,3,235.33,21 / 21,560029,2019-09-06 18:25:26:711,-0.1397,-0.9141,9.4561,0.007,-0.0158,9.8066,-0.0879,-0.0244,-0.0086,-3.37,-30.37,31.69,25.38,-84.03,-151.77
52.381508,-1.523782,139.12,5.02,3,235.33,21 / 21,560129,2019-09-06 18:25:26:811,0.0741,-0.49,9.5726,0.0062,0.0003,9.8066,-0.0265,-0.0594,0.0321,-3.81,-29.56,31.44,23.71,-84.16,-151.3
52.381508,-1.523782,139.12,5.02,3,235.33,21 / 21,560228,2019-09-06 18:25:26:910,-0.5312,-0.8791,9.9237,0.0056,0.0045,9.8066,0.0331,-0.0417,0.0153,-3.06,-30.62,31.81,25.4,-84.18,-151.77
52.381508,-1.523782,139.12,5.02,3,235.33,21 / 21,560330,2019-09-06 18:25:27:012,0.1133,0.1265,9.9304,-0.0021,0.0036,9.8065,0.0825,0.0154,-0.0402,-3.37,-30.5,31.25,24.83,-84.22,-152.09
52.381508,-1.523782,139.12,5.02,3,235.33,21 / 21,560429,2019-09-06 18:25:27:111,-0.6713,-0.766,10.2107,-0.0091,-0.0161,9.8066,-0.0584,-0.0492,-0.0062,-3.62,-30.56,30.94,22.49,-84.06,-152.52
52.381508,-1.523782,139.12,5.02,3,235.33,21 / 21,560529,2019-09-06 18:25:27:211,-0.5519,0.0763,9.765,0.0066,-0.007,9.8066,-0.0737,-0.0428,0.0227,-3.44,-30.19,31.5,24.41,-84.01,-152.66
52.381508,-1.523782,139.12,5.02,3,235.33,21 / 21,560629,2019-09-06 18:25:27:311,-0.4291,0.5251,10.1967,-0.0046,0.0072,9.8066,0.1051,-0.025,0.0654,-4,-30.19,31.5,22.41,-83.93,-152.73
52.381508,-1.523782,139.12,5.02,3,235.33,21 / 21,560729,2019-09-06 18:25:27:411,0.2355,1.3511,10.2126,-0.0206,0.0069,9.8066,0.055,-0.0514,-0.0606,-3.87,-30,31.25,23.51,-83.78,-151.64
52.381508,-1.523782,139.12,5.02,3,235.33,21 / 21,560829,2019-09-06 18:25:27:511,-1.3714,-0.4465,9.6917,0.008,-0.0419,9.8065,-0.0281,-0.0591,0.072,-3.06,-30.5,31.38,26.01,-83.63,-151.29
52.381508,-1.523782,139.12,5.02,3,235.33,21 / 21,560929,2019-09-06 18:25:27:611,-0.0951,0.1361,9.2364,0.0045,-0.0524,9.8065,-0.0992,0.0382,-0.0387,-3.44,-30.31,31.13,23.79,-83.29,-153.43
52.381508,-1.523782,139.12,5.02,3,235.33,21 / 21,561028,2019-09-06 18:25:27:710,-0.7453,0.5445,9.2049,-0.0047,0.0253,9.8065,0.0265,0.0301,-0.0032,-3.69,-30,31.56,21.63,-83.41,-153.63
52.381508,-1.523782,139.12,5.02,3,235.33,21 / 21,561128,2019-09-06 18:25:27:810,-1.0576,0.2029,9.9434,-0.0083,0.0323,9.8066,-0.0181,-0.0632,0.0019,-3,-30.06,31.31,24.2,-83.53,-152.96
52.381508,-1.523782,139.12,5.02,3,235.33,21 / 21,561228,2019-09-06 18:25:27:910,0.0168,0.4705,10.2815,0.0222,-0.0078,9.8066,-0.0106,-0.0329,0.0141,-3.5,-30.5,30.75,23.38,-83.68,-153.63
52.381508,-1.523782,139.12,5.02,3,235.33,21 / 21,561328,2019-09-06 18:25:28:010,-0.3066,1.0217,9.3916,0.0253,-0.0208,9.8065,-0.0563,0.001,-0.0156,-3.81,-30.44,31.19,19.45,-83.73,-155.31
52.381508,-1.523782,139.12,5.02,3,235.33,20 / 20,561429,2019-09-06 18:25:28:111,0.4825,1.2195,8.8241,0.0101,0.0348,9.8066,0.0423,0.0119,-0.0013,-3.06,-30.25,30.69,19.6,-83.7,-157.02
52.381508,-1.523782,139.12,5.02,3,235.33,20 / 20,561529,2019-09-06 18:25:28:211,-0.4081,0.8713,10.1412,-0.0252,0.0349,9.8065,0.0101,0.0089,0.0618,-3.31,-30.62,30.25,21.11,-83.9,-155.55
52.381508,-1.523782,139.12,5.02,3,235.33,20 / 20,561630,2019-09-06 18:25:28:312,-1.0085,0.9282,9.9712,-0.0086,0.0056,9.8066,0.0158,0.0166,-0.0253,-3.19,-30.19,30.5,24.51,-84.1,-152.43
52.381508,-1.523782,139.12,5.02,3,235.33,20 / 20,561728,2019-09-06 18:25:28:410,0.0107,0.5861,9.9551,-0.0043,0.0168,9.8065,0.0616,-0.0223,0.0401,-3.5,-30.19,30.88,25.73,-84.26,-151.26
52.381508,-1.523782,139.12,5.02,3,235.33,20 / 20,561829,2019-09-06 18:25:28:511,-0.4081,0.73,9.5994,-0.0113,-0.0249,9.8066,-0.0611,-0.0098,0.0425,-2.75,-30,30.5,27.52,-84.01,-149.75
52.381508,-1.523782,139.12,5.02,3,235.33,20 / 20,561928,2019-09-06 18:25:28:610,-0.6406,1.2473,10.4266,-0.0131,-0.0392,9.8065,-0.0284,-0.0135,0.0073,-4.12,-30.5,30.31,26.64,-83.84,-148.64
52.381508,-1.523782,139.12,5.02,3,235.33,20 / 20,562028,2019-09-06 18:25:28:710,-0.7916,0.8532,10.2105,-0.0001,-0.0059,9.8066,-0.0156,-0.0149,0.0393,-3.56,-29.62,30.19,27.13,-83.83,-148.2
52.381508,-1.523782,139.12,5.02,3,235.33,20 / 20,562129,2019-09-06 18:25:28:811,-1.108,1.4381,9.9805,-0.0023,-0.0078,9.8066,-0.0157,-0.0539,0.0245,-4.44,-30.75,30.19,27.09,-83.78,-148.36
52.381508,-1.523782,139.12,5.02,3,235.33,20 / 20,562228,2019-09-06 18:25:28:910,0.1878,1.9739,10.1391,0.0079,0.0008,9.8066,0.0679,-0.0602,0.0102,-3.94,-30.12,31,26.43,-83.72,-149.04
52.381508,-1.523782,139.12,5.02,3,235.33,20 / 20,562328,2019-09-06 18:25:29:010,-1.214,1.2308,9.5241,-0.0113,-0.0057,9.8066,0.0666,-0.0006,-0.0423,-4.06,-30.44,31.13,26.83,-83.6,-148.73
52.381508,-1.523782,139.12,5.02,3,235.33,21 / 22,562429,2019-09-06 18:25:29:111,-0.2053,1.4696,9.7926,-0.0007,-0.0153,9.8066,0.0148,-0.0598,0.0863,-3.62,-30.31,31.81,26.96,-83.43,-148.84
52.381508,-1.523782,139.12,5.02,3,235.33,21 / 22,562528,2019-09-06 18:25:29:210,0.6412,1.9661,10.4981,-0.0109,-0.0185,9.8066,-0.0458,0.0506,-0.048,-4.37,-30.87,31,27.73,-83.32,-148.16
52.381508,-1.523782,139.12,5.02,3,235.33,21 / 22,562630,2019-09-06 18:25:29:312,-0.0057,1.9781,9.1983,0.0005,0.0154,9.8066,-0.016,0.0114,-0.0425,-3.87,-30.19,31.5,28.23,-83.43,-147.7
52.381508,-1.523782,139.12,5.02,3,235.33,21 / 22,562729,2019-09-06 18:25:29:411,0.4711,1.9198,10.5297,0.0037,0.0096,9.8066,-0.0001,-0.0305,0.0789,-3.75,-30.81,30.88,28.14,-83.6,-147.65
52.381508,-1.523782,139.12,5.02,3,235.33,21 / 22,562829,2019-09-06 18:25:29:511,-1.9204,1.1652,10.2728,0.0001,-0.0202,9.8066,-0.0445,-0.0384,-0.1162,-3.31,-30.87,30.81,31.72,-83.46,-146.34
52.381508,-1.523782,139.12,5.02,3,235.33,21 / 22,562928,2019-09-06 18:25:29:610,-1.3467,2.1843,9.186,0.0365,-0.0067,9.8065,-0.055,-0.1208,0.0098,-2.94,-30.44,31.44,28.31,-83.62,-149.22
52.381508,-1.523782,139.12,5.02,3,235.33,21 / 22,563028,2019-09-06 18:25:29:710,0.2481,1.2414,9.4118,-0.0034,0.0339,9.8066,0.1033,-0.0958,0.1611,-3.12,-30.25,31,27.47,-83.6,-149.99
52.381508,-1.523782,139.12,5.02,3,235.33,21 / 22,563129,2019-09-06 18:25:29:811,-0.1452,5.3009,12.2813,-0.0272,0.0376,9.8065,0.1634,0.0232,0.0654,-3.62,-29.69,30.63,28.58,-83.42,-147.25
52.381508,-1.523782,139.12,5.02,3,235.33,21 / 22,563230,2019-09-06 18:25:29:912,-0.5226,-2.0076,8.8068,0.036,0.0019,9.8065,0.5334,0.0934,0.0216,-3.81,-30.31,31.44,27.8,-82.52,-148.39
52.381508,-1.523782,139.12,5.02,3,235.33,21 / 22,563329,2019-09-06 18:25:30:011,1.9738,-0.9357,5.7185,0.0136,-0.0401,9.8065,0.3601,0.0544,0.129,-3.94,-29.81,32.44,21.73,-82.24,-154
52.381508,-1.523782,139.12,5.02,3,235.33,21 / 21,563429,2019-09-06 18:25:30:111,0.6457,-0.9437,7.5398,-0.0054,-0.0426,9.8065,-0.0358,-0.0827,0.012,-3.75,-30.37,32.75,20.75,-81.48,-155.27
52.381508,-1.523782,139.12,5.02,3,235.33,21 / 21,563529,2019-09-06 18:25:30:211,-1.7355,-0.4102,8.8632,-0.0292,0.0515,9.8064,-0.2281,-0.1329,0.0642,-3.94,-30.75,31.69,24.15,-81.74,-152.2
52.381508,-1.523782,139.12,5.02,3,235.33,21 / 21,563628,2019-09-06 18:25:30:310,-1.4426,1.9671,10.6186,0,0.0936,9.8061,-0.3113,0.0594,0.0515,-3.81,-30.81,30.56,32.71,-83.23,-143.75
52.381508,-1.523782,139.12,5.02,3,235.33,21 / 21,563728,2019-09-06 18:25:30:410,-1.5526,2.4543,10.4022,0.0097,0.0398,9.8065,-0.1178,-0.0286,0.0342,-3.62,-30.81,29.94,35.24,-83.9,-140.93
52.381508,-1.523782,139.12,5.02,3,235.33,21 / 21,563828,2019-09-06 18:25:30:510,0.2858,2.1192,9.5431,0.0154,-0.0084,9.8065,0.1488,-0.127,-0.0066,-3.75,-31.12,30.56,33.7,-83.84,-142.49
52.381508,-1.523782,139.12,5.02,3,235.33,21 / 21,563928,2019-09-06 18:25:30:610,-0.9778,1.5472,9.2751,0.0002,-0.0501,9.8065,0.1231,-0.0356,0.001,-3.5,-30.12,30.94,30.51,-83.24,-147.44
52.381508,-1.523782,139.12,5.02,3,235.33,21 / 21,564028,2019-09-06 18:25:30:710,-1.6089,-0.431,10.0235,-0.0139,-0.0254,9.8066,0.0875,0.0228,-0.0458,-3.87,-30.44,30.94,27.13,-82.54,-148.98
52.381508,-1.523782,139.12,5.02,3,235.33,21 / 21,564129,2019-09-06 18:25:30:811,-1.6982,0.2505,10.4327,-0.0088,0.012,9.8066,0.0976,-0.0644,0.0313,-3.44,-30.62,30.75,29.93,-82.62,-148.41
52.381508,-1.523782,139.12,5.02,3,235.33,21 / 21,564229,2019-09-06 18:25:30:911,-0.7362,1.648,10.2297,0.0153,0.0224,9.8065,-0.0308,-0.1511,0.0424,-3.25,-30.69,31,31.09,-82.74,-147.32
52.381508,-1.523782,139.12,5.02,3,235.33,21 / 21,564329,2019-09-06 18:25:31:011,-1.0583,0.9007,9.2106,0.0089,0.0136,9.8066,-0.0727,-0.1451,0.0392,-3.06,-30.69,30.56,31.16,-83.03,-147.09
52.380993,-1.52445,139.96,7.2,3,223.15,22 / 22,564432,2019-09-06 18:25:31:114,-1.3047,1.2244,9.9073,-0.0077,-0.0258,9.8066,-0.081,-0.1554,-0.0052,-2.75,-30.69,30.19,31.54,-82.95,-146.73
52.380993,-1.52445,139.96,7.2,3,223.15,22 / 22,564528,2019-09-06 18:25:31:210,-1.0978,-0.2192,9.749,-0.0059,-0.009,9.8066,-0.0072,-0.1373,0.0412,-3,-30.44,30.56,32.35,-83.05,-145.89
52.380993,-1.52445,139.96,7.2,3,223.15,22 / 22,564628,2019-09-06 18:25:31:310,-2.0685,-0.3856,10.3725,-0.0071,-0.0164,9.8066,0.0892,-0.2079,0.0462,-2.69,-30.56,29.94,33.95,-83.07,-144.51
52.380993,-1.52445,139.96,7.2,3,223.15,22 / 22,564729,2019-09-06 18:25:31:411,-1.7954,0.9888,9.8746,0.0048,-0.0096,9.8066,-0.0712,-0.1998,0.0338,-2.44,-30.69,30.13,36.92,-83.09,-143.75
52.380993,-1.52445,139.96,7.2,3,223.15,22 / 22,564828,2019-09-06 18:25:31:510,-1.4045,0.943,9.8003,-0.005,-0.0103,9.8066,-0.0228,-0.102,-0.0054,-3.12,-31,29.56,34.39,-82.96,-144.19
52.380993,-1.52445,139.96,7.2,3,223.15,22 / 22,564928,2019-09-06 18:25:31:610,-1.5198,1.265,9.6423,-0.0176,-0.0107,9.8066,-0.1171,-0.1155,0.0237,-2.69,-30.56,29.5,34.89,-82.84,-143.82
52.380993,-1.52445,139.96,7.2,3,223.15,22 / 22,565029,2019-09-06 18:25:31:711,-1.1051,2.1328,10.3203,-0.0087,-0.0262,9.8066,-0.111,-0.2259,0.0266,-2.5,-31.31,29.19,37.48,-82.76,-143.5
52.380993,-1.52445,139.96,7.2,3,223.15,22 / 22,565128,2019-09-06 18:25:31:810,-0.7829,1.3774,9.7387,0.0017,0.036,9.8066,0.0757,-0.1908,0.0017,-2.69,-29.81,28.25,34.8,-82.79,-143.68
52.380993,-1.52445,139.96,7.2,3,223.15,22 / 22,565228,2019-09-06 18:25:31:910,-1.549,1.091,9.3701,0.0011,0.0104,9.8066,-0.0811,-0.2369,0.0003,-2.44,-30.5,28.94,37.46,-82.83,-143.32
52.380993,-1.52445,139.96,7.2,3,223.15,22 / 22,565329,2019-09-06 18:25:32:011,-1.1926,1.6977,9.5974,0.0075,-0.0087,9.8066,-0.0644,-0.247,0.0411,-2.06,-29.81,27.81,36.75,-82.74,-144.03
52.380993,-1.52445,139.96,7.2,3,223.15,21 / 21,565428,2019-09-06 18:25:32:110,-1.7548,1.0337,9.0699,-0.0029,-0.0193,9.8066,-0.1111,-0.2168,0.0451,-1.75,-30,26.81,36.78,-82.71,-144.05
52.380993,-1.52445,139.96,7.2,3,223.15,21 / 21,565528,2019-09-06 18:25:32:210,-2.0976,1.8238,9.0453,0.0054,0.0429,9.8065,-0.0962,-0.27,-0.0058,-0.81,-30.06,27.31,39.99,-82.7,-143.34
52.380993,-1.52445,139.96,7.2,3,223.15,21 / 21,565629,2019-09-06 18:25:32:311,-2.0519,1.7483,10.194,-0.0053,0.0156,9.8066,-0.082,-0.2387,0.0457,-0.06,-30.31,25.38,44.46,-83.01,-141.64
52.380993,-1.52445,139.96,7.2,3,223.15,21 / 21,565729,2019-09-06 18:25:32:411,-1.6128,0.3873,10.3414,-0.0011,-0.0087,9.8066,-0.0104,-0.268,-0.0121,1.44,-30.19,24.81,47.39,-83.11,-141.2
52.380993,-1.52445,139.96,7.2,3,223.15,21 / 21,565829,2019-09-06 18:25:32:511,-0.7852,0.7506,9.9615,0.0069,-0.0108,9.8066,0.0246,-0.247,0.0035,1.75,-30.06,25.69,48.9,-83.18,-141.63
52.380993,-1.52445,139.96,7.2,3,223.15,21 / 21,565928,2019-09-06 18:25:32:610,-1.5643,0.8054,10.1316,-0.0013,-0.0174,9.8066,-0.0153,-0.1786,-0.0543,2.38,-30.94,26,47.9,-83.14,-142.78
52.380993,-1.52445,139.96,7.2,3,223.15,21 / 21,566028,2019-09-06 18:25:32:710,-0.2648,1.5895,9.9691,0.0094,-0.0198,9.8065,-0.0302,-0.2057,-0.0228,2.06,-30.69,24.88,46.59,-83.18,-144.33
52.380993,-1.52445,139.96,7.2,3,223.15,21 / 21,566128,2019-09-06 18:25:32:810,-0.1989,-0.2265,9.7414,0.0144,0.0029,9.8066,-0.0029,-0.2143,0.0534,2.31,-30.25,25.5,45.31,-83.29,-144.79
52.380993,-1.52445,139.96,7.2,3,223.15,21 / 21,566228,2019-09-06 18:25:32:910,0.2403,0.6489,10.3626,0.0005,0.0028,9.8066,-0.1416,-0.1271,-0.0755,2,-31.44,25.69,44.88,-83.35,-145.31
52.380993,-1.52445,139.96,7.2,3,223.15,21 / 21,566329,2019-09-06 18:25:33:011,0.9665,0.9387,10.3064,0.0182,0.0022,9.8066,0.0798,-0.1203,0.0243,2.19,-30.44,24.88,43.4,-83.58,-146.64
52.380993,-1.52445,139.96,7.2,3,223.15,21 / 21,566429,2019-09-06 18:25:33:111,0.8861,-0.0108,9.7725,0.0106,0.0108,9.8066,0.0363,-0.0463,-0.0442,1.94,-30.44,25.31,42.51,-83.57,-147.45
52.380993,-1.52445,139.96,7.2,3,223.15,21 / 21,566528,2019-09-06 18:25:33:210,0.4556,-0.8196,9.694,0.0027,-0.0288,9.8066,-0.0331,0.023,-0.1207,1.56,-30.19,24.94,40.79,-83.58,-148.99
52.380993,-1.52445,139.96,7.2,3,223.15,21 / 21,566629,2019-09-06 18:25:33:311,-0.0149,0.3695,10.0032,0.0258,-0.0453,9.8064,-0.0207,0.035,-0.0337,1.56,-30.81,24.81,36.63,-83.53,-152.89
52.380993,-1.52445,139.96,7.2,3,223.15,21 / 21,566728,2019-09-06 18:25:33:410,1.2293,0.2437,9.4722,0.0222,0.0027,9.8066,0.0202,0.0839,-0.0221,2.38,-30.31,24.94,32.73,-83.77,-156.03
52.380993,-1.52445,139.96,7.2,3,223.15,21 / 21,566828,2019-09-06 18:25:33:510,0.8135,-0.4338,9.1757,0.0125,0.031,9.8065,-0.0644,0.0997,-0.0689,1.38,-29.75,25.19,29.45,-83.95,-156.54
52.380993,-1.52445,139.96,7.2,3,223.15,21 / 21,566929,2019-09-06 18:25:33:611,1.5865,-2.3582,6.0062,0.0078,0.0574,9.8065,-0.1465,0.0653,0.0453,1.75,-31.12,24.44,34.66,-84.57,-154.2
52.380993,-1.52445,139.96,7.2,3,223.15,21 / 21,567028,2019-09-06 18:25:33:710,2.1183,-0.9976,9.603,0.0243,-0.0086,9.8066,-0.2714,0.249,-0.1963,1.5,-30.81,23.5,36.25,-85.03,-152.4
52.380993,-1.52445,139.96,7.2,3,223.15,21 / 21,567129,2019-09-06 18:25:33:811,0.3719,0.4286,11.8651,0.0313,0.0601,9.8063,-0.279,0.1848,-0.1697,0.94,-29.87,23.81,32.98,-86.15,-152.09
52.380993,-1.52445,139.96,7.2,3,223.15,21 / 21,567228,2019-09-06 18:25:33:910,2.9836,1.5672,11.9638,0.0329,-0.0465,9.8064,-0.2447,0.1054,0.0527,1.75,-29.56,23.94,28.44,-86.7,-158.32
52.380993,-1.52445,139.96,7.2,3,223.15,21 / 21,567331,2019-09-06 18:25:34:013,0.2577,0.5315,9.5244,0.0007,0.0087,9.8066,0.2186,0.2051,-0.0427,1.31,-29.62,25.06,23.67,-86.66,-160.27
52.380993,-1.52445,139.96,7.2,3,223.15,21 / 21,567430,2019-09-06 18:25:34:112,1.0517,-2.1556,9.9342,-0.0061,-0.0421,9.8065,0.4093,0.3588,-0.1351,1.31,-28.81,26.75,18.9,-85.92,-164.68
52.380993,-1.52445,139.96,7.2,3,223.15,21 / 21,567529,2019-09-06 18:25:34:211,0.711,-2.3409,9.6874,-0.0022,-0.0221,9.8065,0.3562,0.2148,0.0628,1.25,-28.31,28.25,11.65,-84.3,-171.6
52.380993,-1.52445,139.96,7.2,3,223.15,21 / 21,567628,2019-09-06 18:25:34:310,0.5278,-1.6395,10.7263,-0.0176,0.0342,9.8065,0.0683,0.182,-0.028,1.25,-28.62,29.25,12.7,-83.8,-170.7
52.380993,-1.52445,139.96,7.2,3,223.15,21 / 21,567728,2019-09-06 18:25:34:410,0.4463,-0.9586,11.1306,0.0043,0.0256,9.8066,-0.163,0.1088,-0.0086,1.25,-28.12,29,13.67,-84.18,-169.7
52.380993,-1.52445,139.96,7.2,3,223.15,21 / 21,567829,2019-09-06 18:25:34:511,0.442,0.2232,10.0221,0.0037,0.0293,9.8065,-0.1122,0.182,-0.0781,1.44,-28.37,28.56,14.62,-84.81,-168.67
52.380993,-1.52445,139.96,7.2,3,223.15,21 / 21,567929,2019-09-06 18:25:34:611,0.5208,-0.5635,9.6086,-0.0014,0.0089,9.8066,0.0188,0.0514,0.055,2.38,-29,29.44,16.53,-85.13,-168.85
52.380993,-1.52445,139.96,7.2,3,223.15,21 / 21,568029,2019-09-06 18:25:34:711,-0.192,-0.3986,9.3459,-0.0153,-0.0157,9.8065,0.0112,0.074,0.0524,2.75,-28.37,28.94,20.1,-84.95,-167.54
52.380993,-1.52445,139.96,7.2,3,223.15,21 / 21,568129,2019-09-06 18:25:34:811,-1.0173,-0.1324,9.4598,-0.0173,0.009,9.8066,0.0759,0.0031,0.0017,2.75,-28.19,29.06,23.55,-84.66,-164.5
52.380993,-1.52445,139.96,7.2,3,223.15,21 / 21,568229,2019-09-06 18:25:34:911,-0.8223,-0.3008,9.9531,-0.0017,0.0316,9.8066,0.0506,-0.0132,0.0385,3.06,-28.81,29.44,24.7,-84.65,-163.52
52.380993,-1.52445,139.96,7.2,3,223.15,21 / 21,568328,2019-09-06 18:25:35:010,-0.8188,-0.3344,10.5009,-0.001,0.0034,9.8066,0.0151,-0.0837,-0.0154,2.63,-28.62,29.31,25.78,-84.65,-162.54
52.380993,-1.52445,139.96,7.2,3,223.15,21 / 21,568429,2019-09-06 18:25:35:111,-0.418,-0.7848,10.0652,0.0092,0.0311,9.8065,0.0809,-0.0477,-0.0008,2.69,-28.56,30.25,25.61,-84.83,-162.34
52.380993,-1.52445,139.96,7.2,3,223.15,21 / 21,568529,2019-09-06 18:25:35:211,-0.2183,-0.7432,9.9241,-0.0002,-0.025,9.8066,-0.0746,-0.0778,0.0445,3.75,-29.19,29.75,26.49,-84.79,-163.43
52.380993,-1.52445,139.96,7.2,3,223.15,21 / 21,568628,2019-09-06 18:25:35:310,-0.5495,-0.4426,9.6377,-0.0104,-0.0183,9.8066,-0.0604,-0.0405,0.0058,4.63,-28,30.25,29.63,-84.82,-162.28
52.380993,-1.52445,139.96,7.2,3,223.15,21 / 21,568728,2019-09-06 18:25:35:410,-0.8152,-0.5633,9.9103,-0.006,0.0171,9.8066,-0.0057,-0.0228,0.0169,6.25,-27.06,30.5,33.15,-84.95,-160.26
52.380993,-1.52445,139.96,7.2,3,223.15,21 / 21,568828,2019-09-06 18:25:35:510,-1.3072,-0.7628,10.2593,0.0028,0.019,9.8066,0.0286,-0.1025,0.0256,8.81,-26.19,30.19,39.64,-84.99,-159.82
52.380993,-1.52445,139.96,7.2,3,223.15,21 / 21,568929,2019-09-06 18:25:35:611,-0.8651,-0.9495,9.8264,-0.0088,-0.0167,9.8065,-0.0153,-0.0689,-0.0109,12,-25.06,30.31,44.88,-85,-159.76
52.380993,-1.52445,139.96,7.2,3,223.15,21 / 21,569029,2019-09-06 18:25:35:711,-0.8112,-0.8226,10.2126,-0.0089,-0.0053,9.8066,0.0106,-0.075,0.0112,16.06,-24.06,28.75,52.58,-84.91,-159.35
52.380993,-1.52445,139.96,7.2,3,223.15,21 / 21,569128,2019-09-06 18:25:35:810,-0.9016,-0.1755,10.0222,-0.0128,0.0058,9.8066,0.0245,-0.046,0.0283,16.31,-24.75,23.38,61.06,-84.84,-157.91
52.380993,-1.52445,139.96,7.2,3,223.15,21 / 21,569228,2019-09-06 18:25:35:910,-1.3856,-0.1728,9.6335,-0.005,0.0135,9.8065,0.0051,-0.088,0.0103,13.56,-24.37,16.69,67.81,-84.76,-157.05
52.380993,-1.52445,139.96,7.2,3,223.15,21 / 21,569329,2019-09-06 18:25:36:011,-1.1025,-1.0578,9.7897,0.0049,0.0097,9.8066,0.0682,-0.0837,0.0167,5.69,-26.44,11.94,59.11,-84.77,-156.31
52.380993,-1.52445,139.96,7.2,3,223.15,20 / 20,569429,2019-09-06 18:25:36:111,-0.2584,-0.8129,9.741,0.0182,0.018,9.8065,-0.0009,-0.0482,-0.0437,-1.19,-28.56,12,23.35,-84.79,-156.94
52.380993,-1.52445,139.96,7.2,3,223.15,20 / 20,569528,2019-09-06 18:25:36:210,0.7711,-0.5314,9.8934,0.0058,0.0092,9.8066,-0.0203,-0.0778,0.0119,-7.87,-29,14.19,351.89,-84.99,-157.07
52.380993,-1.52445,139.96,7.2,3,223.15,20 / 20,569628,2019-09-06 18:25:36:310,1.1066,-0.3433,10.0998,-0.0086,0.0066,9.8066,-0.0037,-0.0439,0.014,-11.75,-31,21.56,354.19,-85.18,-156.57
52.380993,-1.52445,139.96,7.2,3,223.15,20 / 20,569729,2019-09-06 18:25:36:411,0.6335,-0.0827,9.9851,-0.0022,-0.0096,9.8066,0.0062,-0.0345,0.0139,-10.81,-30.37,26.75,1.83,-85.28,-156.17
52.380993,-1.52445,139.96,7.2,3,223.15,20 / 20,569829,2019-09-06 18:25:36:511,0.1897,-1.0024,9.5868,0.0072,-0.0094,9.8066,0.0036,-0.0003,0.0029,-7.62,-30,29.69,9.39,-85.32,-156.45
52.380993,-1.52445,139.96,7.2,3,223.15,20 / 20,569928,2019-09-06 18:25:36:610,0.4633,-0.9341,9.7406,-0.0018,-0.0119,9.8066,-0.0691,-0.0456,0.0069,-4.94,-28.81,29,15.56,-85.18,-155.98
52.380993,-1.52445,139.96,7.2,3,223.15,20 / 20,570029,2019-09-06 18:25:36:711,0.2636,-0.3916,10.0773,-0.0094,-0.0128,9.8066,0.0705,0.0093,0.0183,-3.62,-27.94,28.88,18.64,-85.14,-155.06
52.380993,-1.52445,139.96,7.2,3,223.15,20 / 20,570128,2019-09-06 18:25:36:810,0.203,-0.9908,10.4552,-0.0108,0.0106,9.8066,0.0805,0.0423,0.0172,-3.75,-28.56,29.44,19.46,-85.12,-154.36
52.380993,-1.52445,139.96,7.2,3,223.15,20 / 20,570229,2019-09-06 18:25:36:911,-0.0754,-1.4881,10.0646,-0.008,-0.0021,9.8066,0.0726,-0.015,0.0566,-2.19,-27.5,30.5,25.47,-85.06,-152.77
52.380993,-1.52445,139.96,7.2,3,223.15,20 / 20,570329,2019-09-06 18:25:37:011,1.0627,-0.7152,9.458,-0.0139,-0.005,9.8066,0.0404,0.071,-0.0549,-0.87,-27.62,30.81,28.59,-84.79,-151.91
52.380993,-1.52445,139.96,7.2,3,223.15,20 / 20,570428,2019-09-06 18:25:37:110,-0.1689,-0.7478,9.7005,-0.0079,-0.0015,9.8065,0.0981,-0.0062,0.0706,1.13,-27.87,29.31,32.98,-84.67,-151.91
52.380993,-1.52445,139.96,7.2,3,223.15,20 / 20,570529,2019-09-06 18:25:37:211,-0.3359,-2.3568,9.8692,-0.0075,0.0047,9.8066,-0.0653,0.0251,-0.0225,2.31,-28.62,29.06,37.15,-84.47,-150.26
52.380993,-1.52445,139.96,7.2,3,223.15,20 / 20,570628,2019-09-06 18:25:37:310,-0.3163,-0.727,9.7332,-0.0064,-0.0009,9.8066,-0.009,-0.0116,0.005,1.81,-29.12,27.44,38.9,-84.54,-149.14
52.380993,-1.52445,139.96,7.2,3,223.15,20 / 20,570729,2019-09-06 18:25:37:411,0.1842,-0.9394,9.8161,-0.0125,-0.0012,9.8066,0.0208,-0.0579,0.0617,2,-28.87,27.88,40.62,-84.56,-147.25
52.380993,-1.52445,139.96,7.2,3,223.15,20 / 20,570828,2019-09-06 18:25:37:510,0.331,-1.9173,9.9058,-0.0079,-0.0049,9.8066,0.035,0.0431,-0.0087,2.06,-29.94,27.56,42.46,-84.46,-145.76
52.380993,-1.52445,139.96,7.2,3,223.15,20 / 20,570928,2019-09-06 18:25:37:610,-0.7209,-0.9593,9.6736,-0.01,-0.0038,9.8066,-0.106,0.0469,-0.0348,1.81,-29.56,27.38,43.11,-84.44,-145.48
52.380993,-1.52445,139.96,7.2,3,223.15,20 / 20,571028,2019-09-06 18:25:37:710,-0.002,-1.2523,10.3436,0.0046,-0.012,9.8066,-0.0324,-0.0061,0.0162,2,-30.06,26.38,42.88,-84.48,-145.98
52.380993,-1.52445,139.96,7.2,3,223.15,20 / 20,571128,2019-09-06 18:25:37:810,0.5692,-0.7867,9.0623,-0.0006,0.0167,9.8066,-0.0376,-0.0249,-0.0298,1.75,-29.81,26.81,41.96,-84.48,-146.5
52.380993,-1.52445,139.96,7.2,3,223.15,20 / 20,571228,2019-09-06 18:25:37:910,-0.107,-1.4016,9.6388,0.0026,0.0106,9.8066,-0.0209,-0.0047,-0.025,2,-29.94,26.94,42.76,-84.56,-145.7
52.380993,-1.52445,139.96,7.2,3,223.15,20 / 20,571329,2019-09-06 18:25:38:011,0.5237,-1.5348,9.7486,-0.0042,0.0029,9.8066,0.0732,0.0093,0.0472,2.06,-29.5,26.38,42.61,-84.51,-146.06
52.380993,-1.52445,139.96,7.2,3,223.15,20 / 21,571428,2019-09-06 18:25:38:110,0.1979,-1.609,9.7364,-0.0071,0.0089,9.8066,-0.0074,-0.0368,-0.0228,2.06,-30.06,27.44,43.1,-84.4,-145.52
52.380993,-1.52445,139.96,7.2,3,223.15,20 / 21,571529,2019-09-06 18:25:38:211,0.5494,-1.0108,9.9595,-0.0119,0.0089,9.8066,0.0326,0.0201,0.0092,2.31,-29.5,27.44,44.59,-84.38,-144.01
52.380993,-1.52445,139.96,7.2,3,223.15,20 / 21,571629,2019-09-06 18:25:38:311,-0.4933,-1.0528,10.2703,-0.0004,0.013,9.8066,0.07,-0.0596,0.0544,1.63,-30.25,26.63,46.37,-84.4,-142.5
52.380993,-1.52445,139.96,7.2,3,223.15,20 / 21,571728,2019-09-06 18:25:38:410,-0.2882,0.3319,10.2187,-0.0018,0.0011,9.8066,0.0063,-0.0435,0.0612,2.13,-29.87,26.69,47.68,-84.41,-141.28
52.380993,-1.52445,139.96,7.2,3,223.15,20 / 21,571828,2019-09-06 18:25:38:510,0.9563,-0.5517,9.696,-0.0081,0.0048,9.8066,0.1125,0.0479,-0.0123,1.63,-30,26.69,48.89,-84.31,-140.25
52.380993,-1.52445,139.96,7.2,3,223.15,20 / 21,571928,2019-09-06 18:25:38:610,-0.2099,-0.6814,10.4926,-0.0272,-0.0365,9.8065,-0.0786,0.006,0.0477,1.44,-29.37,27,46.97,-83.94,-140.08
52.380993,-1.52445,139.96,7.2,3,223.15,20 / 21,572029,2019-09-06 18:25:38:711,-0.187,0.4045,10.034,-0.0101,-0.0488,9.8064,-0.0814,-0.0143,0.0236,1.13,-29.94,26.63,47.51,-83.81,-139.86
52.380993,-1.52445,139.96,7.2,3,223.15,20 / 21,572129,2019-09-06 18:25:38:811,-1.1236,-0.167,9.7677,-0.0192,0.0216,9.8065,-0.1156,-0.0354,-0.0313,1.31,-30.25,27,49.12,-83.78,-138.4
52.380993,-1.52445,139.96,7.2,3,223.15,20 / 21,572229,2019-09-06 18:25:38:911,-2.9526,1.3082,9.1666,0.006,-0.0642,9.8064,-0.3849,-0.3203,0.1478,1.63,-31,26.19,49.12,-83.61,-141.22
52.380993,-1.52445,139.96,7.2,3,223.15,20 / 21,572329,2019-09-06 18:25:39:011,-1.1317,-1.63,9.1543,0.0315,0.1414,9.8056,0.3525,-0.0804,0.1631,0.63,-30.25,26.5,45.27,-83.49,-142.18
52.380993,-1.52445,139.96,7.2,3,223.15,20 / 20,572429,2019-09-06 18:25:39:111,-1.0349,3.1691,9.9562,-0.0236,0.1186,9.8058,-0.089,0.0169,-0.0081,0.44,-30.69,26.5,50.01,-84.08,-135.37
52.380993,-1.52445,139.96,7.2,3,223.15,20 / 20,572529,2019-09-06 18:25:39:211,-0.6059,-1.184,9.9428,0.0248,0.0304,9.8065,0.2129,-0.0093,0.113,0.63,-30.75,26.56,53.11,-84.33,-134.36
52.380993,-1.52445,139.96,7.2,3,223.15,20 / 20,572628,2019-09-06 18:25:39:310,0.1734,-1.1079,10.121,0.0016,0.0372,9.8065,0.1594,0.0052,0.001,0.94,-31,26.13,55.02,-84.42,-132.77
52.380993,-1.52445,139.96,7.2,3,223.15,20 / 20,572729,2019-09-06 18:25:39:411,0.4918,-0.068,9.9547,-0.0205,-0.0387,9.8065,-0.0247,0.0224,-0.0243,0.56,-30.31,25.63,54.79,-84.38,-132.86
52.380993,-1.52445,139.96,7.2,3,223.15,20 / 20,572829,2019-09-06 18:25:39:511,0.5895,0.4696,9.946,-0.015,-0.0243,9.8065,0.0898,-0.0497,0.0624,0.56,-31.31,25.81,54.42,-83.96,-133.81
52.380993,-1.52445,139.96,7.2,3,223.15,20 / 20,572929,2019-09-06 18:25:39:611,-0.0269,0.755,10.1618,-0.0057,-0.0122,9.8065,-0.0898,-0.0192,0.0375,0.88,-30.69,26,54.83,-83.77,-133.63
52.380993,-1.52445,139.96,7.2,3,223.15,20 / 20,573029,2019-09-06 18:25:39:711,0.3721,1.0224,10.3105,-0.007,-0.0153,9.8066,0.0381,-0.0139,-0.0387,0.06,-31.37,26.06,52.92,-83.73,-133.23
52.380993,-1.52445,139.96,7.2,3,223.15,20 / 20,573129,2019-09-06 18:25:39:811,0.2545,0.5501,10.1007,-0.0043,0,9.8066,0.036,-0.0332,0.0163,0.31,-30.37,26.06,53.46,-83.65,-132.61
52.380993,-1.52445,139.96,7.2,3,223.15,20 / 20,573229,2019-09-06 18:25:39:911,0.2465,0.561,9.4654,0.0021,-0.0195,9.8066,-0.0617,0.0217,-0.016,0.19,-30.69,26.38,52.26,-83.56,-134.01
52.380993,-1.52445,139.96,7.2,3,223.15,20 / 20,573328,2019-09-06 18:25:40:010,0.8545,1.0828,9.7704,-0.0088,0.0235,9.8066,0.148,-0.0021,0.046,0.38,-30.12,26.44,50.77,-83.5,-135.24
52.380672,-1.525227,140.49,8.7,2,238.29,20 / 20,573429,2019-09-06 18:25:40:111,-0.1371,1.0299,10.0693,-0.0067,0.0218,9.8066,0.0655,0.0409,-0.0365,0.13,-30.69,26.88,51.45,-83.37,-134.71
52.380672,-1.525227,140.49,8.7,2,238.29,20 / 20,573529,2019-09-06 18:25:40:211,1.2459,-0.1053,9.851,0.0017,0.0144,9.8065,0.0039,0.0415,-0.0609,0.63,-30.19,26.56,54.38,-83.46,-133.84
52.380672,-1.525227,140.49,8.7,2,238.29,20 / 20,573629,2019-09-06 18:25:40:311,0.6443,1.144,10.1777,-0.0032,0.0092,9.8066,0.0418,0.0284,0.0302,0.94,-30.62,26.75,54.48,-83.49,-133.93
52.380672,-1.525227,140.49,8.7,2,238.29,20 / 20,573729,2019-09-06 18:25:40:411,0.5707,0.7752,9.6115,-0.0068,0.0117,9.8066,-0.0166,0.0094,0.0387,1.25,-29.5,26.31,55.5,-83.46,-132.92
52.380672,-1.525227,140.49,8.7,2,238.29,20 / 20,573828,2019-09-06 18:25:40:510,0.4575,0.6114,9.7228,-0.0074,-0.0042,9.8066,-0.016,0.0427,-0.0218,1.44,-29.81,26.38,56.41,-83.26,-132.48
52.380672,-1.525227,140.49,8.7,2,238.29,20 / 20,573928,2019-09-06 18:25:40:610,0.7409,1.1314,9.5705,0.001,-0.0009,9.8066,-0.0295,0.0336,0.0437,1.44,-29.25,25.56,56.18,-83.29,-132.44
52.380672,-1.525227,140.49,8.7,2,238.29,20 / 20,574028,2019-09-06 18:25:40:710,0.5704,1.7437,9.7842,-0.0019,0.0079,9.8066,-0.0418,0.0482,-0.0071,0.38,-28.75,24.94,55.21,-83.27,-131.41
52.380672,-1.525227,140.49,8.7,2,238.29,20 / 20,574128,2019-09-06 18:25:40:810,0.8601,2.2358,10.0079,0.0009,-0.0004,9.8066,-0.0014,0.0039,0.0584,-0.37,-29.31,24.56,56,-83.36,-130.59
52.380672,-1.525227,140.49,8.7,2,238.29,20 / 20,574230,2019-09-06 18:25:40:912,0.6005,1.9091,9.5664,0.0044,0.0076,9.8066,0.0489,-0.0214,0.0373,-1,-29,25.63,54.16,-83.37,-129.83
52.380672,-1.525227,140.49,8.7,2,238.29,20 / 20,574329,2019-09-06 18:25:41:011,1.7604,1.907,10.2556,-0.011,-0.0101,9.8066,0.0166,0.0789,-0.0645,-1.19,-29.94,25.63,54.23,-83.24,-130.11
52.380672,-1.525227,140.49,8.7,2,238.29,20 / 21,574429,2019-09-06 18:25:41:111,0.867,1.0057,8.6162,-0.0088,0.0298,9.8065,0.0769,0.1271,0.0607,-1.25,-30.62,27.31,55.26,-83.24,-129.22
52.380672,-1.525227,140.49,8.7,2,238.29,20 / 21,574528,2019-09-06 18:25:41:210,-0.6845,1.5665,9.5533,-0.0197,0.0275,9.8065,0.0292,-0.0022,0.0565,-1.56,-31.31,27.25,54.22,-83.14,-128.14
52.380672,-1.525227,140.49,8.7,2,238.29,20 / 21,574629,2019-09-06 18:25:41:311,1.176,1.8877,10.626,0.014,0.0131,9.8066,-0.028,-0.0037,0.0232,-0.75,-30.37,27.19,58.26,-83.11,-126.34
52.380672,-1.525227,140.49,8.7,2,238.29,20 / 21,574728,2019-09-06 18:25:41:410,0.6676,3.0203,10.13,0.0025,-0.0143,9.8066,-0.0063,0.0413,0.0541,-0.69,-31,27.06,58.34,-83.27,-126.32
52.380672,-1.525227,140.49,8.7,2,238.29,20 / 21,574829,2019-09-06 18:25:41:511,0.4786,1.2306,9.5072,-0.0028,-0.0263,9.8066,0.0307,-0.021,-0.0076,-0.5,-30.62,26.81,59.21,-83.15,-127.76
52.380672,-1.525227,140.49,8.7,2,238.29,20 / 21,574929,2019-09-06 18:25:41:611,0.1891,2.2061,10.5912,-0.0061,-0.0245,9.8066,0.1543,0.0061,-0.0227,-0.62,-30.12,27.13,54.74,-82.93,-129.79
52.380672,-1.525227,140.49,8.7,2,238.29,20 / 21,575029,2019-09-06 18:25:41:711,0.2658,1.0653,10.4584,0.0075,-0.0159,9.8066,0.1558,0.0243,-0.0294,-0.81,-29.75,27.5,51.25,-82.58,-133.17
52.380672,-1.525227,140.49,8.7,2,238.29,20 / 21,575128,2019-09-06 18:25:41:810,0.2648,1.4022,9.9789,0.0125,-0.0032,9.8065,0.075,0.0227,-0.0121,-0.81,-29.94,27.75,49.43,-82.56,-134.85
52.380672,-1.525227,140.49,8.7,2,238.29,20 / 21,575229,2019-09-06 18:25:41:911,0.5631,1.6903,9.6702,0.0094,-0.019,9.8066,0.0143,0.0375,-0.0517,0,-30.31,28.19,50.29,-82.55,-136.11
52.380672,-1.525227,140.49,8.7,2,238.29,20 / 21,575332,2019-09-06 18:25:42:014,0.4493,1.9646,9.7667,0.0072,0.0001,9.8066,0.0274,-0.0116,-0.0105,-0.5,-30.81,28.13,48.73,-82.59,-137.69
52.380672,-1.525227,140.49,8.7,2,238.29,20 / 20,575428,2019-09-06 18:25:42:110,1.2923,1.8535,9.3281,0.0115,0.0159,9.8065,-0.0035,0.0656,0.0105,-0.56,-30.94,27.69,46.05,-82.8,-137.88
52.380672,-1.525227,140.49,8.7,2,238.29,20 / 20,575529,2019-09-06 18:25:42:211,1.2734,3.5533,11.2666,-0.0067,-0.0001,9.8066,-0.0018,-0.0733,0.0739,-0.62,-30.19,28.13,46.28,-82.76,-137.52
52.380672,-1.525227,140.49,8.7,2,238.29,20 / 20,575628,2019-09-06 18:25:42:310,1.7277,2.397,11.0508,-0.0059,0.0035,9.8066,0.1982,0.0501,-0.0652,-0.19,-30.06,28.44,48.78,-82.33,-137.68
52.380672,-1.525227,140.49,8.7,2,238.29,20 / 20,575729,2019-09-06 18:25:42:411,-1.4438,1.5878,9.3179,-0.0069,-0.016,9.8066,0.2573,-0.0497,0.183,-0.75,-30.44,28.63,44.36,-81.86,-139.86
52.380672,-1.525227,140.49,8.7,2,238.29,20 / 20,575829,2019-09-06 18:25:42:511,-1.0936,1.5199,7.8609,-0.0037,-0.0402,9.8065,-0.0224,-0.0179,-0.0509,-1,-30.37,28.25,44.07,-81.44,-140.6
52.380672,-1.525227,140.49,8.7,2,238.29,20 / 20,575929,2019-09-06 18:25:42:611,-0.2545,0.9561,8.938,0.0302,0.0019,9.8066,-0.0423,-0.0597,-0.125,-0.87,-29.87,29.5,41.42,-81.48,-142.63
52.380672,-1.525227,140.49,8.7,2,238.29,20 / 20,576028,2019-09-06 18:25:42:710,1.2679,2.2989,9.5415,0.0193,0.0491,9.8065,-0.067,0.0004,0.0183,-0.19,-31.69,28.63,43.56,-82.17,-142.68
52.380672,-1.525227,140.49,8.7,2,238.29,20 / 20,576128,2019-09-06 18:25:42:810,0.7657,2.4448,11.0112,-0.0054,0.0667,9.8063,-0.1644,-0.0048,0.0019,-0.62,-31,28.44,44.48,-82.6,-139.47
52.380672,-1.525227,140.49,8.7,2,238.29,20 / 20,576229,2019-09-06 18:25:42:911,0.0261,2.9923,10.6573,0.0019,0.0547,9.8064,-0.1417,-0.0627,0.033,-0.94,-31.44,27.81,50.52,-83.36,-133.31
52.380672,-1.525227,140.49,8.7,2,238.29,20 / 20,576328,2019-09-06 18:25:43:010,0.2948,2.0676,9.6319,-0.0087,0.0352,9.8065,-0.0739,-0.0195,0.0602,-0.62,-31.19,27.94,54.07,-83.58,-129.83
52.380672,-1.525227,140.49,8.7,2,238.29,20 / 20,576429,2019-09-06 18:25:43:111,-0.4327,2.2687,8.8889,-0.0006,-0.005,9.8066,-0.0092,-0.0285,-0.0206,-0.62,-31.12,27.06,56.62,-83.57,-127.61
52.380672,-1.525227,140.49,8.7,2,238.29,20 / 20,576529,2019-09-06 18:25:43:211,-0.3256,1.358,9.2854,0.0133,-0.0075,9.8066,0.0382,-0.0289,-0.0165,-0.31,-30.69,27.31,57.17,-83.61,-129.18
52.380672,-1.525227,140.49,8.7,2,238.29,20 / 20,576629,2019-09-06 18:25:43:311,0.5868,2.0545,9.8332,0.0175,0.0022,9.8066,0.0447,-0.0629,-0.0149,-0.37,-31.06,27.63,54.27,-83.77,-131.51
52.380672,-1.525227,140.49,8.7,2,238.29,20 / 20,576730,2019-09-06 18:25:43:412,0.7833,1.5843,10.2247,0.0099,0.0136,9.8066,0.0015,-0.0267,-0.0835,0.06,-30.81,27.5,53.54,-83.86,-132.1
52.380672,-1.525227,140.49,8.7,2,238.29,20 / 20,576829,2019-09-06 18:25:43:511,0.1546,1.1228,10.2209,0.0047,-0.0057,9.8066,0.0009,-0.042,0.019,0.38,-30.31,27.5,52.17,-84.04,-133.04
52.380672,-1.525227,140.49,8.7,2,238.29,20 / 20,576929,2019-09-06 18:25:43:611,0.4142,1.6594,9.6733,0.0039,0.0083,9.8066,0.011,-0.0442,0.0139,0.88,-30.81,27.81,55.28,-84.18,-132.22
52.380672,-1.525227,140.49,8.7,2,238.29,20 / 20,577028,2019-09-06 18:25:43:710,0.0919,2.3391,9.943,-0.0062,0.0041,9.8066,0.0139,-0.0501,0.0057,0.38,-31.19,28.06,53.93,-84.14,-131.47
52.380672,-1.525227,140.49,8.7,2,238.29,20 / 20,577130,2019-09-06 18:25:43:812,0.3069,1.716,9.7057,-0.0011,0.003,9.8066,0.0297,-0.0552,0.0485,0.25,-31.06,27.06,54.85,-84.12,-130.83
52.380672,-1.525227,140.49,8.7,2,238.29,20 / 20,577229,2019-09-06 18:25:43:911,-0.215,2.0243,9.8034,0.0025,-0.0008,9.8066,0.0099,-0.0213,-0.0191,0.56,-30.75,26.63,57.34,-84.1,-130.63
52.380672,-1.525227,140.49,8.7,2,238.29,20 / 20,577329,2019-09-06 18:25:44:011,0.5656,1.4033,9.7702,0.0088,0.0031,9.8066,-0.0635,-0.0415,-0.0681,1.19,-31,26.31,56.84,-84.19,-131.31
52.380672,-1.525227,140.49,8.7,2,238.29,20 / 20,577428,2019-09-06 18:25:44:110,0.3757,1.7064,10.2811,0.0035,-0.0035,9.8066,-0.0345,-0.0593,-0.005,0.88,-30.31,25.81,56.18,-84.29,-131.65
52.380672,-1.525227,140.49,8.7,2,238.29,20 / 20,577529,2019-09-06 18:25:44:211,-0.2309,1.1552,9.5464,0.0059,0.0003,9.8065,-0.032,-0.095,-0.0069,0.25,-30.81,25.94,53.56,-84.42,-131.93
52.380672,-1.525227,140.49,8.7,2,238.29,20 / 20,577628,2019-09-06 18:25:44:310,0.1054,1.2539,9.7588,0.0095,-0.0031,9.8065,-0.0566,-0.065,0.0249,0.88,-30.62,26.44,56.27,-84.54,-131.47
52.380672,-1.525227,140.49,8.7,2,238.29,20 / 20,577729,2019-09-06 18:25:44:411,0.6889,1.618,9.8274,0.0023,-0.0007,9.8066,-0.0183,-0.0715,-0.0243,0.94,-31.44,26.38,56.06,-84.67,-131.54
52.380672,-1.525227,140.49,8.7,2,238.29,20 / 20,577829,2019-09-06 18:25:44:511,0.4737,1.8749,10.1988,-0.0001,0.0084,9.8066,0.0152,-0.0928,-0.0198,0.63,-31.62,26,57.31,-84.72,-130.48
52.380672,-1.525227,140.49,8.7,2,238.29,20 / 20,577929,2019-09-06 18:25:44:611,0.6621,1.7863,10.0826,0.0005,0.0116,9.8066,-0.0598,-0.0796,-0.0042,0.81,-31.31,26.38,57.24,-84.74,-130.37
52.380672,-1.525227,140.49,8.7,2,238.29,20 / 20,578029,2019-09-06 18:25:44:711,0.4842,1.8601,10.3273,0.0006,0.0125,9.8066,0.0682,-0.0433,0.0147,1.13,-31.12,25.88,58.16,-84.8,-129.42
52.380672,-1.525227,140.49,8.7,2,238.29,20 / 20,578129,2019-09-06 18:25:44:811,0.4046,1.4214,9.8932,0.0003,0.0136,9.8066,0.0144,-0.0554,-0.0062,0.75,-30.69,25.44,58.81,-84.82,-129.09
52.380672,-1.525227,140.49,8.7,2,238.29,20 / 20,578229,2019-09-06 18:25:44:911,0.5491,1.1747,9.792,-0.0028,0.0005,9.8066,-0.015,-0.054,-0.0068,1.25,-31.56,25.25,59.71,-84.89,-128.35
52.380672,-1.525227,140.49,8.7,2,238.29,20 / 20,578329,2019-09-06 18:25:45:011,0.3818,0.9391,9.7114,0.0016,0.0025,9.8066,-0.0091,-0.0255,0.0033,1.69,-32,25,62.89,-84.91,-127.59
52.380672,-1.525227,140.49,8.7,2,238.29,21 / 22,578429,2019-09-06 18:25:45:111,0.4334,0.777,9.9699,0,0.0044,9.8066,0.0022,-0.0296,-0.0044,1.31,-32,25,61.2,-84.97,-126.84
52.380672,-1.525227,140.49,8.7,2,238.29,21 / 22,578528,2019-09-06 18:25:45:210,0.4908,0.4442,9.9308,0.0006,0.0053,9.8066,0.0123,-0.0399,0.0144,1.44,-31.87,24.38,61.79,-84.98,-126.61
52.380672,-1.525227,140.49,8.7,2,238.29,21 / 22,578629,2019-09-06 18:25:45:311,0.3952,0.3686,9.977,0.0006,-0.0008,9.8066,0.0054,-0.0144,-0.0007,1.44,-31.31,25.5,60.91,-85,-126.61
52.380672,-1.525227,140.49,8.7,2,238.29,21 / 22,578729,2019-09-06 18:25:45:411,0.3737,0.3602,9.7841,0.001,0.0006,9.8066,-0.0093,-0.0042,0.0034,0.94,-31.25,25.25,61.28,-85.02,-126.53
52.380672,-1.525227,140.49,8.7,2,238.29,21 / 22,578829,2019-09-06 18:25:45:511,0.3302,0.4031,9.815,-0.0008,0.0058,9.8066,0.0046,-0.0054,0.0112,2,-31.19,24.81,64.42,-85.05,-125.78
52.380672,-1.525227,140.49,8.7,2,238.29,21 / 22,578929,2019-09-06 18:25:45:611,0.2981,0.2003,9.8944,-0.0007,0.0047,9.8066,0.0032,0.0063,0.0041,1.38,-31.06,24.44,62.64,-85.08,-125.49
52.380672,-1.525227,140.49,8.7,2,238.29,21 / 22,579029,2019-09-06 18:25:45:711,0.2614,0.0021,9.8699,0.0004,0.0068,9.8066,0.0126,-0.005,-0.003,1.69,-31.44,24.44,66.1,-85.12,-124.5
52.380672,-1.525227,140.49,8.7,2,238.29,21 / 22,579128,2019-09-06 18:25:45:810,0.2135,-0.1203,9.9433,-0.0015,0.006,9.8066,0.0002,-0.0106,-0.0021,1.75,-31.62,25.38,66.53,-85.15,-123.82
52.380672,-1.525227,140.49,8.7,2,238.29,21 / 22,579229,2019-09-06 18:25:45:911,0.1692,-0.103,9.7573,0.0034,0.0061,9.8066,-0.0099,-0.0069,-0.0015,1.13,-31.62,25.5,64.55,-85.18,-123.11
52.380672,-1.525227,140.49,8.7,2,238.29,21 / 22,579328,2019-09-06 18:25:46:010,0.2057,-0.3344,9.8323,0.0002,0.0032,9.8066,-0.0018,0.0016,0.0073,0.75,-31.5,26.44,65.21,-85.24,-122.23
52.380672,-1.525227,140.49,8.7,2,238.29,20 / 20,579429,2019-09-06 18:25:46:111,0.2241,-0.3357,9.8696,0.0002,0.0067,9.8066,0.0073,-0.0022,0.0248,-0.31,-31.62,26.75,64.1,-85.3,-121.01
52.380672,-1.525227,140.49,8.7,2,238.29,20 / 20,579528,2019-09-06 18:25:46:210,0.2054,-0.4904,9.8851,-0.0011,0.0072,9.8066,0.0082,0.0029,-0.01,0.25,-31.25,26.81,64.82,-85.32,-120.13
52.380672,-1.525227,140.49,8.7,2,238.29,20 / 20,579629,2019-09-06 18:25:46:311,0.291,-0.4536,9.8615,0.0037,0.007,9.8066,0.0082,-0.0035,-0.0132,0.19,-30.94,26.69,65.78,-85.39,-119.13
52.380672,-1.525227,140.49,8.7,2,238.29,20 / 20,579728,2019-09-06 18:25:46:410,0.2643,-0.165,9.9804,-0.0001,0.0077,9.8066,-0.0165,-0.0096,-0.0159,-0.19,-30.94,27.56,66.49,-85.42,-118.24
52.380672,-1.525227,140.49,8.7,2,238.29,20 / 20,579828,2019-09-06 18:25:46:510,0.2338,-0.6061,9.9255,-0.0009,0.004,9.8066,0.0071,0.0109,0.008,-0.44,-30.81,27.19,67.6,-85.45,-117.31
52.380672,-1.525227,140.49,8.7,2,238.29,20 / 20,579929,2019-09-06 18:25:46:611,0.2618,-0.7613,9.9186,0.0009,0.0051,9.8066,0.0038,0.014,0.0072,-1.19,-30.5,28.38,66.17,-85.48,-116.29
52.380672,-1.525227,140.49,8.7,2,238.29,20 / 20,580029,2019-09-06 18:25:46:711,0.1718,-0.7479,9.8846,0.0001,0.003,9.8066,-0.0018,-0.0029,0.0106,-1,-30.44,28.44,66.86,-85.53,-115.57
52.380672,-1.525227,140.49,8.7,2,238.29,20 / 20,580128,2019-09-06 18:25:46:810,0.3915,-0.9113,9.863,0.0019,0.0023,9.8066,-0.0059,0.0115,0.0103,-1.44,-30.81,29,67.47,-85.55,-115.02
52.380672,-1.525227,140.49,8.7,2,238.29,20 / 20,580229,2019-09-06 18:25:46:911,0.3534,-0.7265,9.8413,0.0011,0.0092,9.8066,0.0166,0.0199,0.0002,-1.25,-30.44,28.56,68.42,-85.63,-113.87
52.380672,-1.525227,140.49,8.7,2,238.29,20 / 20,580329,2019-09-06 18:25:47:011,0.2937,-0.7512,9.833,0.0009,0.0056,9.8066,-0.0043,0.015,0.0007,-0.81,-30.12,29.19,69.15,-85.65,-113.14
52.380672,-1.525227,140.49,8.7,2,238.29,20 / 20,580429,2019-09-06 18:25:47:111,0.363,-1.1649,9.822,-0.0012,0.0021,9.8066,0.0045,0.0019,0.0007,-1.25,-30.06,29.56,70.12,-85.69,-112.08
52.380672,-1.525227,140.49,8.7,2,238.29,20 / 20,580529,2019-09-06 18:25:47:211,0.6423,-1.0443,9.9404,0,0.0024,9.8066,-0.0184,0.0203,-0.0091,-1.75,-30.19,30,69.11,-85.7,-111.14
52.380672,-1.525227,140.49,8.7,2,238.29,20 / 20,580630,2019-09-06 18:25:47:312,0.4982,-0.8032,9.7917,0.0029,0.0084,9.8066,-0.0113,0.0572,-0.0157,-1.69,-29.94,29.38,70.16,-85.8,-110.02
52.380672,-1.525227,140.49,8.7,2,238.29,20 / 20,580728,2019-09-06 18:25:47:410,0.4174,-0.8081,9.871,0.0034,0.0061,9.8066,-0.0089,0.0642,0.0035,-0.94,-30.25,27.69,72.86,-85.87,-109.36
52.380672,-1.525227,140.49,8.7,2,238.29,20 / 20,580829,2019-09-06 18:25:47:511,0.4682,-1.0955,9.7519,0.003,0.0033,9.8066,0.0012,0.0444,-0.008,-0.62,-30,28.5,73.68,-85.96,-108.41
52.380672,-1.525227,140.49,8.7,2,238.29,20 / 20,580928,2019-09-06 18:25:47:610,0.3765,-0.9156,9.9381,0.0041,0.0036,9.8065,-0.0017,0.089,-0.0231,-0.5,-30.37,28.5,76.11,-86,-107.94
52.380672,-1.525227,140.49,8.7,2,238.29,20 / 20,581029,2019-09-06 18:25:47:711,0.826,-0.9843,9.8643,0.0055,0.0046,9.8066,-0.0102,0.1082,-0.0213,-0.69,-30.06,28.81,75.16,-86.11,-106.79
52.380672,-1.525227,140.49,8.7,2,238.29,20 / 20,581129,2019-09-06 18:25:47:811,0.5412,-1.037,9.8804,0.0042,0.0075,9.8066,-0.0005,0.1093,-0.0024,-0.94,-29.87,28.44,76.51,-86.22,-105.42
52.380672,-1.525227,140.49,8.7,2,238.29,20 / 20,581229,2019-09-06 18:25:47:911,0.4968,-0.9607,9.7047,0.0047,0.0049,9.8066,0.0135,0.14,-0.0083,-0.56,-30.37,28.31,77.54,-86.34,-104.28
52.380672,-1.525227,140.49,8.7,2,238.29,20 / 20,581329,2019-09-06 18:25:48:011,0.6137,-1.7439,9.722,0.0051,0.0023,9.8066,-0.014,0.1758,-0.0015,-0.19,-29.94,27.88,80.34,-86.39,-103.5
52.380672,-1.525227,140.49,8.7,2,238.29,20 / 21,581428,2019-09-06 18:25:48:110,0.5628,-1.3178,9.8042,0.0085,0.0043,9.8066,-0.0182,0.1929,-0.0236,-0.81,-29.87,28.94,79.84,-86.52,-101.75
52.380672,-1.525227,140.49,8.7,2,238.29,20 / 21,581529,2019-09-06 18:25:48:211,0.933,-1.4953,9.4639,0.0092,-0.0013,9.8066,-0.0136,0.1871,-0.0361,-0.94,-29.5,28.44,80.61,-86.62,-100.81
52.380672,-1.525227,140.49,8.7,2,238.29,20 / 21,581628,2019-09-06 18:25:48:310,0.5835,-1.5089,9.5968,0.0174,0.0183,9.8066,0.0035,0.28,-0.0324,-0.75,-29.94,28.19,81.27,-86.78,-100.11
52.380672,-1.525227,140.49,8.7,2,238.29,20 / 21,581728,2019-09-06 18:25:48:410,0.8006,-1.2871,9.7299,0.014,0.011,9.8066,-0.0231,0.2784,-0.0065,-0.44,-30.31,29.63,85.19,-87.09,-97.72
52.380672,-1.525227,140.49,8.7,2,238.29,20 / 21,581829,2019-09-06 18:25:48:511,0.7956,-1.8084,9.7629,0.0153,0.0136,9.8066,0.0043,0.309,-0.0259,-0.87,-29.25,30.06,85,-87.34,-95.67
52.380672,-1.525227,140.49,8.7,2,238.29,20 / 21,581929,2019-09-06 18:25:48:611,0.7545,-0.682,9.8696,0.019,0.0107,9.8066,-0.0068,0.3479,-0.0578,-0.37,-29.44,30.75,88.19,-87.54,-94.11
52.380672,-1.525227,140.49,8.7,2,238.29,20 / 21,582029,2019-09-06 18:25:48:711,0.5487,-0.8015,10.1087,0.0227,0.0016,9.8066,0.0049,0.3446,-0.0084,-1,-29.56,30.63,89.18,-87.97,-90.94
52.380672,-1.525227,140.49,8.7,2,238.29,20 / 21,582128,2019-09-06 18:25:48:810,1.1933,-1.2765,10.0529,0.0179,0.0024,9.8066,-0.0036,0.3784,-0.0356,-1.81,-29.87,30.75,88.53,-88.13,-89.59
52.380672,-1.525227,140.49,8.7,2,238.29,20 / 21,582228,2019-09-06 18:25:48:910,0.8789,-0.7019,9.7922,0.0188,0.0049,9.8066,0.0621,0.3871,-0.0738,-1,-30,30.06,91.5,-88.31,-88.28
52.380672,-1.525227,140.49,8.7,2,238.29,20 / 21,582328,2019-09-06 18:25:49:010,1.3206,-1.4882,9.9724,0.0302,0.004,9.8065,0.0303,0.445,-0.0934,-1.81,-30.75,30.38,91.46,-88.74,-86.02
52.38053,-1.525565,140.43,1.56,2,218.87,20 / 20,582430,2019-09-06 18:25:49:112,0.0189,-1.2223,9.66,0.0289,0.0019,9.8066,0.0078,0.3629,-0.0089,-2.5,-30.25,30.88,91.73,-89.09,-85.45
52.38053,-1.525565,140.43,1.56,2,218.87,20 / 20,582530,2019-09-06 18:25:49:212,-0.0971,-1.2801,9.1113,0.0185,0.0038,9.8066,-0.0059,0.5253,-0.1091,-3.06,-29.62,31,102.77,-89.41,-72.26
52.38053,-1.525565,140.43,1.56,2,218.87,20 / 20,582629,2019-09-06 18:25:49:311,1.4344,-0.824,9.4442,0.0339,-0.0063,9.8065,-0.0002,0.5068,-0.0763,-3.5,-29.44,32.44,141.13,-89.75,-33.65
52.38053,-1.525565,140.43,1.56,2,218.87,20 / 20,582729,2019-09-06 18:25:49:411,1.5463,-1.8079,10.0966,0.0202,-0.0089,9.8065,-0.0761,0.5522,-0.0502,-4.31,-29.44,31.88,208.97,-89.61,36.26
52.38053,-1.525565,140.43,1.56,2,218.87,20 / 20,582829,2019-09-06 18:25:49:511,1.9465,-0.6442,9.6381,0.0161,-0.0141,9.8066,0.0238,0.5462,-0.006,-4.69,-29.12,32.06,235.94,-89.4,65.26
52.38053,-1.525565,140.43,1.56,2,218.87,20 / 20,582928,2019-09-06 18:25:49:610,1.4316,-0.9067,9.6773,-0.0023,0.0297,9.8065,0.0235,0.5845,-0.0354,-5.56,-29.25,33.31,222.36,-89.23,53.11
52.38053,-1.525565,140.43,1.56,2,218.87,20 / 20,583029,2019-09-06 18:25:49:711,1.1979,-1.2846,10.048,0.0197,0.021,9.8066,0.0071,0.5693,-0.0171,-6.19,-29.25,33.25,229.93,-89.06,60.86
52.38053,-1.525565,140.43,1.56,2,218.87,20 / 20,583129,2019-09-06 18:25:49:811,0.8651,-0.6262,10.0428,0.027,-0.01,9.8065,0.0236,0.5647,-0.092,-7.19,-29.31,33.81,243.95,-88.71,76.54
52.38053,-1.525565,140.43,1.56,2,218.87,20 / 20,583228,2019-09-06 18:25:49:910,1.4307,-1.8455,9.611,0.0324,-0.0052,9.8065,0.0198,0.5355,-0.0755,-8.75,-29.37,33.44,246.27,-88.43,82.73
52.38053,-1.525565,140.43,1.56,2,218.87,20 / 20,583330,2019-09-06 18:25:50:012,1.5566,-1.0209,10.0051,0.0133,0.0123,9.8065,0.0114,0.5436,0.0052,-9.06,-29.5,34,250.18,-88.15,86.43
52.38053,-1.525565,140.43,1.56,2,218.87,22 / 22,583429,2019-09-06 18:25:50:111,0.9516,-0.6975,9.7459,0.0107,0.0089,9.8066,0.032,0.5116,-0.0127,-10.12,-29.25,33.94,248.48,-87.96,86.41
52.38053,-1.525565,140.43,1.56,2,218.87,22 / 22,583529,2019-09-06 18:25:50:211,0.4536,-0.48,9.5108,0.0125,0.0039,9.8066,0.0097,0.4759,-0.0421,-10.75,-28.87,34.31,249.32,-87.81,88.9
52.38053,-1.525565,140.43,1.56,2,218.87,22 / 22,583629,2019-09-06 18:25:50:311,0.2134,-0.8832,9.9223,0.0141,0.0018,9.8065,0.0549,0.456,-0.0127,-11.62,-28.81,34.38,251.41,-87.67,92.61
52.38053,-1.525565,140.43,1.56,2,218.87,22 / 22,583728,2019-09-06 18:25:50:410,0.7378,-1.9081,9.8288,0.0123,0.0026,9.8066,0.0517,0.4598,-0.0395,-12.62,-29.31,34.25,251.31,-87.43,94.16
52.38053,-1.525565,140.43,1.56,2,218.87,22 / 22,583829,2019-09-06 18:25:50:511,0.5433,-0.3763,9.6055,0.022,-0.0107,9.8066,-0.0281,0.3531,0.0029,-13.81,-28.87,34.63,252.82,-87.18,96.67
52.38053,-1.525565,140.43,1.56,2,218.87,22 / 22,583928,2019-09-06 18:25:50:610,0.6235,-1.2135,9.617,0.0117,-0.021,9.8066,-0.021,0.3467,-0.0318,-13.62,-29.31,33.94,256.53,-87.02,101.19
52.38053,-1.525565,140.43,1.56,2,218.87,22 / 22,584028,2019-09-06 18:25:50:710,0.5062,-0.9367,9.8019,-0.0012,0.0078,9.8066,0.0089,0.3174,-0.0021,-14.44,-28.94,34.19,256.48,-86.89,101.23
52.38053,-1.525565,140.43,1.56,2,218.87,22 / 22,584129,2019-09-06 18:25:50:811,0.2599,-1.1291,9.796,0.0014,-0.013,9.8066,-0.0511,0.298,-0.0138,-14.94,-29.25,33.75,257.71,-86.91,103.85
52.38053,-1.525565,140.43,1.56,2,218.87,22 / 22,584229,2019-09-06 18:25:50:911,1.259,-2.0045,9.5394,0.017,-0.0159,9.8065,-0.0077,0.24,-0.0085,-15.56,-28.75,34.19,260,-86.72,107.68
52.38053,-1.525565,140.43,1.56,2,218.87,22 / 22,584329,2019-09-06 18:25:51:011,0.7337,-1.9511,9.6251,0.0066,-0.0215,9.8066,0.0234,0.2351,0.0206,-15.62,-29.25,34.19,263.03,-86.67,110.77
52.38053,-1.525565,140.43,1.56,2,218.87,20 / 21,584429,2019-09-06 18:25:51:111,1.0733,-2.7259,9.8786,0.0032,-0.009,9.8066,-0.0367,0.1955,0.0299,-16.19,-29.56,34.31,266.8,-86.67,114.66
52.38053,-1.525565,140.43,1.56,2,218.87,20 / 21,584528,2019-09-06 18:25:51:210,0.5629,-2.0364,9.2751,0.0057,-0.018,9.8065,-0.0517,0.2312,-0.0151,-16.56,-28.75,34.31,269.76,-86.61,118.91
52.38053,-1.525565,140.43,1.56,2,218.87,20 / 21,584629,2019-09-06 18:25:51:311,0.9875,-1.6277,9.5724,-0.0138,-0.0049,9.8066,0.0794,0.1698,-0.0408,-16.81,-28.19,34.31,273.28,-86.58,122.37
52.38053,-1.525565,140.43,1.56,2,218.87,20 / 21,584729,2019-09-06 18:25:51:411,0.8507,-3.1726,9.855,-0.0114,0.0069,9.8065,0.0806,0.109,0.0348,-17.44,-28.81,34.88,275.96,-86.56,124.43
52.38053,-1.525565,140.43,1.56,2,218.87,20 / 21,584829,2019-09-06 18:25:51:511,-0.4135,-1.4224,9.7542,0.0059,-0.0149,9.8066,-0.0196,0.1269,-0.012,-17.5,-29.06,33.81,278.67,-86.52,127.88
52.38053,-1.525565,140.43,1.56,2,218.87,20 / 21,584928,2019-09-06 18:25:51:610,0.393,-1.4458,9.9638,-0.009,0.0146,9.8066,0.1346,0.1114,0.0335,-17.56,-28.87,33.69,275.77,-86.58,126.24
52.38053,-1.525565,140.43,1.56,2,218.87,20 / 21,585029,2019-09-06 18:25:51:711,0.4181,-2.5576,9.7863,0.0152,-0.0255,9.8066,-0.0637,0.0481,-0.0112,-17.81,-28.31,34.31,276.7,-86.65,127.03
52.38053,-1.525565,140.43,1.56,2,218.87,20 / 21,585129,2019-09-06 18:25:51:811,0.3191,-2.0214,9.5447,0.0109,-0.0195,9.8065,-0.0189,0.0558,-0.029,-18,-28.81,34.19,278.38,-86.55,128.87
52.38053,-1.525565,140.43,1.56,2,218.87,20 / 21,585229,2019-09-06 18:25:51:911,0.7956,-1.4633,9.5479,-0.0081,0.0287,9.8066,-0.0017,0.0722,-0.0238,-17.81,-29.37,34.13,275.28,-86.61,125.73
52.38053,-1.525565,140.43,1.56,2,218.87,20 / 21,585330,2019-09-06 18:25:52:012,0.4027,-1.9892,9.9119,0.0034,0.0156,9.8066,0.0169,0.0561,-0.0173,-18.06,-28.81,34.06,275.58,-86.49,126.12
52.38053,-1.525565,140.43,1.56,2,218.87,21 / 21,585428,2019-09-06 18:25:52:110,0.0999,-2.0577,10.2079,0.0102,-0.0296,9.8066,0.0378,0.069,-0.0694,-17.69,-28.69,34.5,277.15,-86.27,127.11
52.38053,-1.525565,140.43,1.56,2,218.87,21 / 21,585528,2019-09-06 18:25:52:210,0.7476,-1.6508,9.963,-0.0037,0.0169,9.8066,0.1705,-0.0033,0.0144,-18.06,-28.75,34.75,274.57,-86.32,124.5
52.38053,-1.525565,140.43,1.56,2,218.87,21 / 21,585628,2019-09-06 18:25:52:310,-0.1649,-2.1066,10.5446,0.0445,-0.0348,9.8064,-0.0887,0.041,-0.0504,-17.69,-28.69,34.13,273.77,-86.34,124.43
52.38053,-1.525565,140.43,1.56,2,218.87,21 / 21,585729,2019-09-06 18:25:52:411,0.3604,-2.3277,10.211,0.0243,-0.0316,9.8066,0.0154,0.03,-0.0208,-17.75,-29.31,34.44,274.93,-85.96,125.88
52.38053,-1.525565,140.43,1.56,2,218.87,21 / 21,585829,2019-09-06 18:25:52:511,0.019,-1.6835,9.1248,-0.0204,0.0293,9.8065,0.0059,0.0599,-0.0126,-17.25,-29.56,33.75,273.76,-85.96,123.53
52.38053,-1.525565,140.43,1.56,2,218.87,21 / 21,585930,2019-09-06 18:25:52:612,-0.9425,-2.446,9.4692,0.0155,0.024,9.8066,-0.084,-0.0654,0.0139,-17.56,-28.69,33.81,270.87,-85.75,121.98
52.38053,-1.525565,140.43,1.56,2,218.87,21 / 21,586028,2019-09-06 18:25:52:710,0.544,-0.1081,9.9543,0.0116,0.041,9.8065,0.2187,-0.0244,-0.0561,-17.12,-28.56,34.25,268.49,-85.52,118.48
52.38053,-1.525565,140.43,1.56,2,218.87,21 / 21,586129,2019-09-06 18:25:52:811,3.9847,-1.4268,8.3438,-0.0094,0.0531,9.8064,0.1217,0.0747,0.0399,-17.5,-29.44,33.81,267.4,-85.34,117.51
52.38053,-1.525565,140.43,1.56,2,218.87,21 / 21,586228,2019-09-06 18:25:52:910,0.3475,-3.0889,7.0601,-0.012,-0.0235,9.8066,-0.3209,0.1641,-0.1343,-17.44,-29.44,33,268.44,-85.72,119.04
52.38053,-1.525565,140.43,1.56,2,218.87,21 / 21,586328,2019-09-06 18:25:53:010,0.4231,0.3283,9.8606,0.0044,0.0003,9.8066,-0.2079,0.1894,-0.0962,-17.56,-29.62,32.63,261.8,-85.89,113.65
52.38053,-1.525565,140.43,1.56,2,218.87,21 / 21,586429,2019-09-06 18:25:53:111,0.7042,-0.1712,12.6049,0.0161,0.0076,9.8066,-0.2074,0.1807,-0.2159,-17.5,-30.06,32.31,248.74,-85.59,100.07
52.38053,-1.525565,140.43,1.56,2,218.87,21 / 21,586529,2019-09-06 18:25:53:211,-3.1353,0.3842,11.7737,0.013,0.0224,9.8065,0.2513,0.0345,-0.0845,-17.56,-28.69,31.38,240.7,-85.22,94.14
52.38053,-1.525565,140.43,1.56,2,218.87,21 / 21,586629,2019-09-06 18:25:53:311,1.0206,0.3931,9.5074,0.0443,-0.0071,9.8065,0.3325,-0.036,-0.0056,-17.25,-29.81,33.25,251.93,-84.92,103.03
52.38053,-1.525565,140.43,1.56,2,218.87,21 / 21,586729,2019-09-06 18:25:53:411,1.7997,-2.1657,9.2589,0.071,-0.045,9.8063,0.3985,0.0582,0.1253,-17.37,-28.44,33.63,265.69,-84.17,116.54
52.38053,-1.525565,140.43,1.56,2,218.87,21 / 21,586828,2019-09-06 18:25:53:510,1.5101,-3.4199,9.3803,-0.0348,0.0387,9.8065,0.1895,0.0109,0.0378,-17.31,-27.81,34.63,274.02,-83.43,124.7
52.38053,-1.525565,140.43,1.56,2,218.87,21 / 21,586929,2019-09-06 18:25:53:611,0.5231,-1.1733,10.0328,-0.0527,0.0849,9.8061,-0.1697,0.0153,-0.1394,-17.19,-29.44,32.94,268.92,-83.81,121.04
52.38053,-1.525565,140.43,1.56,2,218.87,21 / 21,587029,2019-09-06 18:25:53:711,0.1233,-0.503,10.4774,0.0025,0.0551,9.8064,-0.0095,0.0963,-0.0181,-17.31,-29.12,33.19,259.16,-83.92,111.04
52.38053,-1.525565,140.43,1.56,2,218.87,21 / 21,587128,2019-09-06 18:25:53:810,0.4814,-0.7836,9.9324,0.0071,0.0133,9.8066,0.0996,0.0418,0.0692,-16.62,-28.81,32.5,255.81,-83.77,107.72
52.38053,-1.525565,140.43,1.56,2,218.87,21 / 21,587229,2019-09-06 18:25:53:911,0.6117,-1.4427,10.0736,0.0273,-0.039,9.8065,-0.0194,0.0495,-0.0388,-16.69,-28.5,32.5,260.31,-83.69,112.22
52.38053,-1.525565,140.43,1.56,2,218.87,21 / 21,587328,2019-09-06 18:25:54:010,1.2523,-2.1422,9.7088,0.0085,-0.0335,9.8066,0.0952,0.0899,0.0788,-16,-28.62,32.94,264.08,-83.58,114.99
52.38053,-1.525565,140.43,1.56,2,218.87,21 / 21,587429,2019-09-06 18:25:54:111,0.3977,-1.5835,9.5445,-0.0135,0.0018,9.8065,-0.0739,0.0589,0.0016,-16.56,-28.31,33.81,265.75,-83.61,117.01
52.38053,-1.525565,140.43,1.56,2,218.87,21 / 21,587529,2019-09-06 18:25:54:211,1.0712,-2.6722,9.6755,-0.0129,0.0061,9.8066,-0.025,0.0983,-0.0609,-16.87,-28.31,34.38,265.38,-83.84,116.46
52.38053,-1.525565,140.43,1.56,2,218.87,21 / 21,587628,2019-09-06 18:25:54:310,0.6738,-0.4398,9.6767,0.0015,0.0103,9.8066,0.0431,0.0828,0.0237,-17.31,-28.44,33.44,262.71,-83.83,114.56
52.38053,-1.525565,140.43,1.56,2,218.87,21 / 21,587728,2019-09-06 18:25:54:410,0.6267,-0.7629,9.572,0.006,-0.0113,9.8066,0.0427,0.0892,0.0194,-17.06,-27.69,33.06,263.2,-83.79,115.09
52.38053,-1.525565,140.43,1.56,2,218.87,21 / 21,587828,2019-09-06 18:25:54:510,0.0124,-0.7245,10.0962,0.0113,-0.0183,9.8066,-0.1282,-0.0012,-0.0509,-17.44,-28.31,31.44,263.49,-83.72,117.16
52.38053,-1.525565,140.43,1.56,2,218.87,21 / 21,587929,2019-09-06 18:25:54:611,0.8667,-1.0622,10.1524,0.0183,-0.0173,9.8066,-0.0841,0.0483,-0.028,-17.06,-27.69,30.94,263.41,-83.65,117.13
52.38053,-1.525565,140.43,1.56,2,218.87,21 / 21,588029,2019-09-06 18:25:54:711,0.601,-0.2477,11.0009,-0.0191,0.0259,9.8066,0.1798,0.0776,0.0769,-17.12,-28.25,31,264.05,-83.65,117.78
52.38053,-1.525565,140.43,1.56,2,218.87,21 / 21,588131,2019-09-06 18:25:54:813,-1.0138,-1.7232,9.5198,-0.0031,-0.0019,9.8066,0.0131,-0.1001,-0.0114,-17.62,-28.25,31.94,264.47,-83.7,118.6
52.38053,-1.525565,140.43,1.56,2,218.87,21 / 21,588229,2019-09-06 18:25:54:911,-0.2066,-1.7496,9.3947,0.0035,0.0095,9.8066,0.135,0.0029,0.0507,-18.31,-28.94,32.44,265.87,-83.66,120.22
52.38053,-1.525565,140.43,1.56,2,218.87,21 / 21,588329,2019-09-06 18:25:55:011,0.918,-1.3112,9.7306,-0.0096,0.0123,9.8066,0.0746,0.0726,-0.0125,-18.44,-28.5,33.88,268.55,-83.62,121.11
52.38053,-1.525565,140.43,1.56,2,218.87,21 / 21,588429,2019-09-06 18:25:55:111,-0.7714,0.348,10.0209,-0.0096,-0.0133,9.8066,0.0245,0.0359,-0.0253,-18.87,-29,33.5,267.81,-83.56,121.81
52.38053,-1.525565,140.43,1.56,2,218.87,21 / 21,588529,2019-09-06 18:25:55:211,1.0574,-0.4096,10.8757,-0.0081,0.0044,9.8066,0.0681,-0.0002,-0.0062,-19.12,-29.12,33.38,267.34,-83.78,122.01
52.38053,-1.525565,140.43,1.56,2,218.87,21 / 21,588629,2019-09-06 18:25:55:311,-0.3096,-1.9999,10.3584,0.0085,-0.0321,9.8065,-0.0665,0.0804,-0.0605,-19.19,-29,33.31,269.19,-83.85,123.83
52.38053,-1.525565,140.43,1.56,2,218.87,21 / 21,588728,2019-09-06 18:25:55:410,-0.5529,-0.3876,9.6655,0.0155,-0.0201,9.8065,0.0356,0.021,0.061,-18.87,-29.12,33.13,269.57,-83.77,124.26
52.38053,-1.525565,140.43,1.56,2,218.87,21 / 21,588829,2019-09-06 18:25:55:511,-0.353,-0.2655,9.7109,-0.0096,-0.0161,9.8066,-0.0151,0.0606,-0.0012,-19.31,-29.12,32.88,271.11,-83.87,125.74
52.38053,-1.525565,140.43,1.56,2,218.87,21 / 21,588928,2019-09-06 18:25:55:610,-0.5653,-1.0828,9.6362,-0.002,-0.0065,9.8066,0.0247,-0.0285,0.0154,-18.75,-28.37,33.25,272.46,-83.98,126.85
52.38053,-1.525565,140.43,1.56,2,218.87,21 / 21,589028,2019-09-06 18:25:55:710,-0.2069,0.2213,10.2216,-0.0088,0.0148,9.8066,0.0559,-0.0175,0.0368,-18.94,-28.81,33.81,273.68,-84.1,127.31
52.38053,-1.525565,140.43,1.56,2,218.87,21 / 21,589129,2019-09-06 18:25:55:811,-0.2503,-0.3177,9.7525,-0.0151,0.0134,9.8066,0.0956,0.0012,0.0129,-20.06,-28.19,32.56,271.8,-84.17,127.27
52.38053,-1.525565,140.43,1.56,2,218.87,21 / 21,589228,2019-09-06 18:25:55:910,-0.6423,-0.5796,9.8674,0.0086,-0.0233,9.8066,-0.0215,-0.0012,0.0388,-20,-28.75,32.5,275,-84.15,130.65
52.38053,-1.525565,140.43,1.56,2,218.87,21 / 21,589330,2019-09-06 18:25:56:012,0.6647,-1.1707,9.683,-0.0014,-0.0063,9.8066,-0.0583,-0.0738,0.0597,-19.62,-27.44,32.56,275.46,-84.21,130.75
52.38053,-1.525565,140.43,1.56,2,218.87,21 / 21,589429,2019-09-06 18:25:56:111,-0.7669,-0.5256,9.7014,0.0072,-0.0147,9.8065,-0.0752,-0.0543,-0.0065,-20.06,-28.87,32.56,277.14,-84.29,132.67
52.38053,-1.525565,140.43,1.56,2,218.87,21 / 21,589531,2019-09-06 18:25:56:213,-0.6353,-0.7403,9.7642,-0.0016,-0.0151,9.8066,-0.0506,-0.0647,0,-20.44,-27.87,33.38,278.64,-84.29,134.01
52.38053,-1.525565,140.43,1.56,2,218.87,21 / 21,589629,2019-09-06 18:25:56:311,-0.3232,-0.259,9.9901,-0.0174,0.0082,9.8066,0.1051,-0.0672,0.0399,-20,-28.44,32.94,279.67,-84.48,134.9
52.38053,-1.525565,140.43,1.56,2,218.87,21 / 21,589728,2019-09-06 18:25:56:410,-0.0295,-0.6686,9.6242,-0.0129,0.0032,9.8066,0.0547,0.0072,-0.0207,-19.81,-28.06,32.88,280.64,-84.51,135.84
52.38053,-1.525565,140.43,1.56,2,218.87,21 / 21,589829,2019-09-06 18:25:56:511,-0.035,-1.2656,9.9127,-0.0047,-0.0059,9.8066,-0.0497,0.0012,-0.0021,-19.5,-28.31,32.31,282.21,-84.6,136.94
52.38053,-1.525565,140.43,1.56,2,218.87,21 / 21,589933,2019-09-06 18:25:56:615,-0.6728,0.3106,9.8769,0.0035,-0.0023,9.8066,0.0072,0.0286,-0.0335,-19.81,-27.37,32.56,281.51,-84.66,136.44
52.38053,-1.525565,140.43,1.56,2,218.87,21 / 21,590029,2019-09-06 18:25:56:711,-0.9748,-0.6866,10.2236,-0.0213,0.0139,9.8066,0.0775,-0.0211,0.0048,-19.75,-28.44,33,282.92,-84.72,137.93
52.38053,-1.525565,140.43,1.56,2,218.87,21 / 21,590129,2019-09-06 18:25:56:811,0.0832,-1.8691,10.1055,-0.0207,0.0214,9.8065,0.1702,0.0256,0.0397,-19.56,-28.31,33.38,282.51,-84.9,137.4
52.38053,-1.525565,140.43,1.56,2,218.87,21 / 21,590229,2019-09-06 18:25:56:911,-0.3742,-0.8233,10.3773,0.0216,-0.0377,9.8065,-0.0463,-0.0061,-0.0164,-19.44,-28.56,33.56,287.87,-84.65,140.94
52.38053,-1.525565,140.43,1.56,2,218.87,21 / 21,590328,2019-09-06 18:25:57:010,0.9339,-3.771,7.9447,0.03,-0.0335,9.8065,0.0198,-0.066,-0.0222,-18.94,-28.37,34.19,288.76,-84.52,141.78
52.38053,-1.525565,140.43,1.56,2,218.87,20 / 20,590428,2019-09-06 18:25:57:110,0.4127,0.1378,11.198,0.0477,-0.022,9.8064,-0.5432,-0.0041,-0.1336,-18.31,-28.62,34.75,291.62,-83.84,143.19
52.38053,-1.525565,140.43,1.56,2,218.87,20 / 20,590531,2019-09-06 18:25:57:213,-1.5642,1.5731,10.0796,0.1615,-0.1971,9.8033,-0.747,-0.0023,-0.0183,-17.12,-28.31,35.06,295.37,-82.69,146.23
52.38053,-1.525565,140.43,1.56,2,218.87,20 / 20,590629,2019-09-06 18:25:57:311,-4.5387,4.0904,6.2007,-0.0786,0.1202,9.8055,0.1812,-0.0124,-0.1122,-16.81,-26.94,36.06,294.28,-82.77,144.22
52.38053,-1.525565,140.43,1.56,2,218.87,20 / 20,590729,2019-09-06 18:25:57:411,-1.4421,-1.1715,8.4024,-0.0613,0.1288,9.8056,0.213,0.0867,-0.1001,-14.56,-26.87,36.19,295.92,-82.64,143.33
52.38053,-1.525565,140.43,1.56,2,218.87,20 / 20,590830,2019-09-06 18:25:57:512,0.2571,1.0022,9.5051,-0.0899,0.1989,9.8042,0.0989,0.0488,-0.018,-12.31,-26.31,34.06,286.89,-84.27,130.38
52.38053,-1.525565,140.43,1.56,2,218.87,20 / 20,590928,2019-09-06 18:25:57:610,-1.4068,-0.785,10.1692,-0.0494,0.1289,9.8056,0.0632,-0.0925,0.0234,-10.56,-26.12,29.75,279.57,-84.63,124.07
52.38053,-1.525565,140.43,1.56,2,218.87,20 / 20,591028,2019-09-06 18:25:57:710,-1.5383,-1.1327,9.6132,0.0495,-0.076,9.8062,0.1714,0.1411,-0.06,-10.87,-26.06,24.88,275.37,-84.41,124.47
52.38053,-1.525565,140.43,1.56,2,218.87,20 / 20,591128,2019-09-06 18:25:57:810,0.3749,-1.4216,8.3414,-0.0406,-0.0144,9.8065,0.2572,0.0793,0.221,-17.31,-27.87,22.44,267,-84,130.75
52.38053,-1.525565,140.43,1.56,2,218.87,20 / 20,591228,2019-09-06 18:25:57:910,-0.3625,-2.6752,10.9986,-0.0936,0.0364,9.8061,0.3744,0.2604,-0.1484,-23.69,-29,23.19,265.05,-84.82,135.77
52.38053,-1.525565,140.43,1.56,2,218.87,20 / 20,591329,2019-09-06 18:25:58:011,-2.4895,-0.2033,12.8142,-0.1644,0.1548,9.804,0.2627,-0.0857,0.2138,-27.12,-29.94,26.63,255.82,-85.42,124.27
52.38006,-1.525188,140.72,9.9,2,148.17,20 / 21,591429,2019-09-06 18:25:58:111,-2.7871,1.0194,13.8637,-0.1146,0.0637,9.8057,0.6265,-0.0114,-0.0271,-26.81,-29.31,30.44,258.51,-85.79,123.44
52.38006,-1.525188,140.72,9.9,2,148.17,20 / 21,591528,2019-09-06 18:25:58:210,0.5874,1.0006,9.9956,0.1176,-0.1824,9.8042,0.377,0.1248,-0.0923,-24.81,-29.25,34.56,281.6,-84.79,140.64
52.38006,-1.525188,140.72,9.9,2,148.17,20 / 21,591629,2019-09-06 18:25:58:311,1.5641,-3.4144,9.5451,0.0445,-0.1011,9.806,-0.2112,-0.0437,0.0695,-22.25,-27.81,36.13,296.22,-83.66,151.58
52.38006,-1.525188,140.72,9.9,2,148.17,20 / 21,591729,2019-09-06 18:25:58:411,-0.6881,-1.957,9.4478,0.0184,-0.0344,9.8065,-0.2675,-0.0366,-0.0372,-21.81,-28.75,35.75,297.2,-83.71,152.63
52.38006,-1.525188,140.72,9.9,2,148.17,20 / 21,591829,2019-09-06 18:25:58:511,-1.1668,1.0051,9.8535,-0.0357,0.0747,9.8062,-0.0478,-0.0555,0.0334,-20.37,-28.31,34.19,294.25,-84.28,148.54
52.38006,-1.525188,140.72,9.9,2,148.17,20 / 21,591928,2019-09-06 18:25:58:610,-0.2597,-0.2262,9.2677,-0.0131,0.0248,9.8066,0.0859,0.0173,0.0022,-20.12,-28.62,33.81,289.47,-84.82,143.61
52.38006,-1.525188,140.72,9.9,2,148.17,20 / 21,592029,2019-09-06 18:25:58:711,-0.9221,-1.3763,9.7669,0.0036,-0.0083,9.8066,0.127,-0.063,0.0702,-19.62,-28.44,33.75,289.69,-84.66,143.82
52.38006,-1.525188,140.72,9.9,2,148.17,20 / 21,592128,2019-09-06 18:25:58:810,0.5956,-0.4161,9.8219,-0.0104,-0.0014,9.8066,0.1203,0.0764,-0.068,-19.94,-28.31,33.13,290.87,-84.51,145.91
52.38006,-1.525188,140.72,9.9,2,148.17,20 / 21,592228,2019-09-06 18:25:58:910,1.0129,-1.6644,10.4346,0.0064,-0.0224,9.8066,-0.0523,0.0108,-0.049,-20.81,-28.56,32.88,291.23,-84.26,147.78
52.38006,-1.525188,140.72,9.9,2,148.17,20 / 21,592329,2019-09-06 18:25:59:011,-1.1579,-1.5143,10.3303,0.0221,0.0001,9.8066,-0.0766,-0.1235,0.0698,-20,-28.75,32.69,291.17,-84.24,146.55
52.38006,-1.525188,140.72,9.9,2,148.17,19 / 20,592429,2019-09-06 18:25:59:111,-0.8592,-1.646,9.4326,0.0026,0.0173,9.8066,-0.0272,-0.0137,0.0341,-20.69,-29.25,33.38,289.55,-84.39,146.04
52.38006,-1.525188,140.72,9.9,2,148.17,19 / 20,592529,2019-09-06 18:25:59:211,1.1531,-1.2549,9.4589,-0.0083,-0.0085,9.8066,-0.0436,0.0731,-0.0803,-19.25,-29.06,33.38,291.12,-84.41,145.13
52.38006,-1.525188,140.72,9.9,2,148.17,19 / 20,592628,2019-09-06 18:25:59:310,1.3029,-0.368,9.8547,0.0006,0.0066,9.8065,0.126,-0.0515,0.0726,-19.25,-28.81,33.19,290.47,-84.28,144.59
52.38006,-1.525188,140.72,9.9,2,148.17,19 / 20,592729,2019-09-06 18:25:59:411,0.3598,-0.6391,9.7771,0.0011,-0.0076,9.8066,0.0506,0.0104,-0.0356,-19.25,-29.25,33.19,292.38,-84.19,146.51
52.38006,-1.525188,140.72,9.9,2,148.17,19 / 20,592829,2019-09-06 18:25:59:511,0.0634,-0.4806,9.8299,0.0056,-0.014,9.8066,-0.0557,-0.032,0.0024,-19.12,-28.12,32.38,291.55,-84.05,146.53
52.38006,-1.525188,140.72,9.9,2,148.17,19 / 20,592929,2019-09-06 18:25:59:611,-0.4222,-0.5981,10.031,0.0037,0.0047,9.8066,-0.1101,-0.0207,-0.0407,-19.31,-28,32.5,292.36,-84.07,146.45
52.38006,-1.525188,140.72,9.9,2,148.17,19 / 20,593029,2019-09-06 18:25:59:711,0.6257,-1.0974,9.525,0.007,0.0063,9.8066,-0.0077,-0.0175,-0.0068,-19.5,-28.5,32.69,291.41,-84.03,145.55
52.38006,-1.525188,140.72,9.9,2,148.17,19 / 20,593129,2019-09-06 18:25:59:811,0.3291,-0.9409,9.715,0.006,-0.0108,9.8066,-0.0294,0.0119,-0.0137,-19.62,-27.87,32.94,289.78,-83.95,145.24
52.38006,-1.525188,140.72,9.9,2,148.17,19 / 20,593228,2019-09-06 18:25:59:910,0.2084,-1.2847,9.2871,-0.0101,0.0157,9.8066,-0.0227,0.0056,-0.0354,-19.56,-28.19,32.69,290.24,-84.06,145.62
52.38006,-1.525188,140.72,9.9,2,148.17,19 / 20,593328,2019-09-06 18:26:00:010,0.8358,-1.7672,10.0188,-0.0116,0.0086,9.8066,-0.0265,-0.0264,0.0299,-18.94,-28.12,32.75,291.91,-83.99,146.07
52.38006,-1.525188,140.72,9.9,2,148.17,20 / 21,593428,2019-09-06 18:26:00:110,-0.6026,0.6631,9.4023,-0.0099,-0.0037,9.8066,0.0296,-0.0567,-0.0232,-18.62,-28.44,33.31,293.37,-84.07,147.43
52.38006,-1.525188,140.72,9.9,2,148.17,20 / 21,593528,2019-09-06 18:26:00:210,-0.5807,-0.9253,9.4528,-0.0002,0.0014,9.8066,-0.0798,0.0183,-0.0043,-17.56,-27.31,32.75,295.49,-84.07,148.07
52.38006,-1.525188,140.72,9.9,2,148.17,20 / 21,593629,2019-09-06 18:26:00:311,-0.5504,-0.7338,9.9627,-0.0102,0.0002,9.8066,0.0191,0.0313,-0.0309,-17.69,-28.62,31.94,293.95,-84.19,147.63
52.38006,-1.525188,140.72,9.9,2,148.17,20 / 21,593728,2019-09-06 18:26:00:410,-0.6477,-0.1757,10.0826,-0.0033,0.0113,9.8066,-0.0085,-0.0152,-0.0169,-18.81,-28.5,32.69,292.81,-84.25,146.76
52.38006,-1.525188,140.72,9.9,2,148.17,20 / 21,593828,2019-09-06 18:26:00:510,-0.7748,0.7037,10.0855,0.0015,-0.0094,9.8065,0.0094,-0.0284,-0.051,-19.12,-29.19,32.44,293.03,-84.21,148
52.38006,-1.525188,140.72,9.9,2,148.17,20 / 21,593929,2019-09-06 18:26:00:611,0.0752,-0.8168,10.2492,0.0011,-0.0034,9.8066,0.0388,0.0188,0.0126,-19.44,-29.56,32.38,292.92,-84.17,148.06
52.38006,-1.525188,140.72,9.9,2,148.17,20 / 21,594029,2019-09-06 18:26:00:711,-1.1586,1.3564,9.9566,-0.0081,0.0058,9.8066,0.026,-0.0071,-0.0029,-18.94,-28.69,32.5,294.41,-84.21,148.49
52.38006,-1.525188,140.72,9.9,2,148.17,20 / 21,594129,2019-09-06 18:26:00:811,-0.505,-0.1438,10.0509,-0.0045,-0.0011,9.8066,-0.0234,-0.0201,-0.027,-19,-29.44,32.56,295,-84.25,149.02
52.38006,-1.525188,140.72,9.9,2,148.17,20 / 21,594229,2019-09-06 18:26:00:911,-0.716,0.4035,10.3065,0.0026,-0.0068,9.8065,0.0288,-0.0216,0.0687,-19.81,-29.56,33.44,293.65,-84.27,149.07
52.38006,-1.525188,140.72,9.9,2,148.17,20 / 21,594330,2019-09-06 18:26:01:012,-0.6359,0.2824,9.574,0.001,-0.0164,9.8066,-0.0399,0.0271,0.0238,-19.69,-28.87,32.5,295.1,-84.22,150.38
52.38006,-1.525188,140.72,9.9,2,148.17,20 / 20,594429,2019-09-06 18:26:01:111,0.8042,-1.776,9.0751,0.0074,-0.0167,9.8066,-0.1196,-0.0143,-0.0379,-19.81,-29.06,32.63,296.08,-84.29,151.28
52.38006,-1.525188,140.72,9.9,2,148.17,20 / 20,594528,2019-09-06 18:26:01:210,-1.6403,0.773,9.9761,0.0145,-0.0267,9.8066,0.1073,0.0474,-0.0105,-19.25,-29.56,32.06,296.65,-84.27,151.6
52.38006,-1.525188,140.72,9.9,2,148.17,20 / 20,594629,2019-09-06 18:26:01:311,-0.2213,-0.2477,9.8816,-0.0121,0.0173,9.8066,0.0511,-0.0329,0.0368,-19.44,-29.06,32.63,297.02,-84.38,150.89
52.38006,-1.525188,140.72,9.9,2,148.17,20 / 20,594728,2019-09-06 18:26:01:410,-0.7314,0.8757,8.8462,-0.0125,0.017,9.8065,0.0281,0.0019,-0.0207,-19.75,-29.31,32.5,296.25,-84.47,151.31
52.38006,-1.525188,140.72,9.9,2,148.17,20 / 20,594829,2019-09-06 18:26:01:511,-0.5653,1.2639,10.1429,-0.0181,0.0122,9.8066,0.045,-0.0481,0.0572,-19.69,-29.56,32.31,295.59,-84.52,151.63
52.38006,-1.525188,140.72,9.9,2,148.17,20 / 20,594930,2019-09-06 18:26:01:612,-1.0148,0.681,9.9146,-0.0064,0.004,9.8066,-0.0329,-0.0069,0.0181,-19.44,-28.87,32.44,298.17,-84.55,152.73
52.38006,-1.525188,140.72,9.9,2,148.17,20 / 20,595028,2019-09-06 18:26:01:710,0.8953,-0.9346,9.508,0.0013,-0.0166,9.8066,0.101,0.0138,-0.0025,-20.06,-29.19,32.69,298.7,-84.5,153.67
52.38006,-1.525188,140.72,9.9,2,148.17,20 / 20,595130,2019-09-06 18:26:01:812,-0.9572,-0.091,10.1404,0.0144,-0.0208,9.8065,0.0284,-0.0643,0.0141,-19.06,-29.31,32.44,300.82,-84.37,155.42
52.38006,-1.525188,140.72,9.9,2,148.17,20 / 20,595229,2019-09-06 18:26:01:911,-0.6386,0.1766,10.4275,-0.0033,0.0066,9.8066,0.0735,0.0288,-0.0336,-19.56,-28.69,32.56,300.95,-84.38,155.92
52.38006,-1.525188,140.72,9.9,2,148.17,20 / 20,595329,2019-09-06 18:26:02:011,-0.6332,0.2551,9.0341,0.0112,-0.0125,9.8065,-0.0564,0.0352,-0.0224,-19,-29.69,32.81,302.73,-84.17,156.67
52.38006,-1.525188,140.72,9.9,2,148.17,20 / 21,595428,2019-09-06 18:26:02:110,0.3609,0.5534,9.4217,-0.0195,0.0122,9.8065,0.0144,0.0389,-0.0098,-19.5,-29.31,33,302.31,-84.19,156.12
52.38006,-1.525188,140.72,9.9,2,148.17,20 / 21,595528,2019-09-06 18:26:02:210,-1.6821,1.3954,9.469,0.0079,-0.0015,9.8066,-0.1951,-0.0519,-0.0248,-19.19,-29.56,32.69,302.58,-84.11,156.57
52.38006,-1.525188,140.72,9.9,2,148.17,20 / 21,595629,2019-09-06 18:26:02:311,-0.7227,1.2197,9.7877,-0.0112,0.0145,9.8066,-0.0218,0.0049,-0.0218,-19.19,-29.62,33.38,301.22,-84.23,155.17
52.38006,-1.525188,140.72,9.9,2,148.17,20 / 21,595729,2019-09-06 18:26:02:411,-1.4597,1.1821,9.904,-0.0102,0.0113,9.8066,-0.069,0.1148,-0.0821,-19.25,-29.06,32.69,300.01,-84.39,153.77
52.38006,-1.525188,140.72,9.9,2,148.17,20 / 21,595830,2019-09-06 18:26:02:512,-0.2995,-1.1664,10.1913,0.0008,0.0105,9.8066,0.0825,-0.0477,-0.0053,-18.81,-29,32.75,297.91,-84.39,151.74
52.38006,-1.525188,140.72,9.9,2,148.17,20 / 21,595929,2019-09-06 18:26:02:611,0.0059,0.7845,9.9261,-0.0027,0.0163,9.8066,0.0438,0.0697,-0.0872,-18.06,-28.44,32.88,298.25,-84.31,150.72
52.38006,-1.525188,140.72,9.9,2,148.17,20 / 21,596029,2019-09-06 18:26:02:711,-1.158,2.8593,9.5183,-0.0022,0.0072,9.8066,0.146,-0.027,-0.0222,-18.06,-28.31,32.31,296.24,-84.07,149.79
52.38006,-1.525188,140.72,9.9,2,148.17,20 / 21,596129,2019-09-06 18:26:02:811,-0.0999,0.9223,9.3895,-0.0045,0.0285,9.8066,0.1768,0.0704,-0.0248,-18.06,-29.25,32.19,295.92,-84.02,149.66
52.38006,-1.525188,140.72,9.9,2,148.17,20 / 21,596229,2019-09-06 18:26:02:911,-0.9088,1.5039,9.4164,0.0006,-0.0124,9.8066,-0.1419,0.0975,0.003,-18.06,-29.06,32.44,294.96,-83.89,148.83
52.38006,-1.525188,140.72,9.9,2,148.17,20 / 21,596329,2019-09-06 18:26:03:011,-1.5951,1.1567,9.5367,0.0336,-0.0191,9.8065,-0.2256,-0.0162,0.0446,-19.12,-28.81,31.44,292.18,-83.82,148.38
52.38006,-1.525188,140.72,9.9,2,148.17,21 / 21,596429,2019-09-06 18:26:03:111,-2.5607,1.055,9.1718,-0.0277,0.0246,9.8065,0.1044,0.0877,-0.0592,-19.44,-28.69,32.31,292.03,-84.14,147.08
52.38006,-1.525188,140.72,9.9,2,148.17,21 / 21,596529,2019-09-06 18:26:03:211,-3.3063,3.5112,9.9304,-0.0295,0.0471,9.8064,0.127,0.0034,0.0452,-19.19,-27.69,32.88,291.96,-84.09,146.04
52.38006,-1.525188,140.72,9.9,2,148.17,21 / 21,596629,2019-09-06 18:26:03:311,-2.3443,2.5005,9.9623,0.0205,-0.0293,9.8066,-0.0308,-0.0165,-0.0748,-19.25,-27.56,33.38,293.37,-83.89,147.57
52.38006,-1.525188,140.72,9.9,2,148.17,21 / 21,596729,2019-09-06 18:26:03:411,-0.5731,0.9892,10.0713,0.012,0.006,9.8065,0.0475,0.0319,-0.0185,-19.44,-28.12,33.06,291.57,-83.95,145.77
52.38006,-1.525188,140.72,9.9,2,148.17,21 / 21,596829,2019-09-06 18:26:03:511,-0.4257,1.5856,9.8995,0.0325,-0.0446,9.8065,-0.2044,0.0566,-0.011,-19,-28.5,32.63,290.48,-84.04,144.64
52.38006,-1.525188,140.72,9.9,2,148.17,21 / 21,596928,2019-09-06 18:26:03:610,-1.0851,1.839,9.2138,0.0303,-0.0384,9.8064,-0.0746,0.0334,0.048,-18.81,-29.56,33.06,291.01,-83.77,145.66
52.38006,-1.525188,140.72,9.9,2,148.17,21 / 21,597028,2019-09-06 18:26:03:710,-0.579,0.6271,9.4246,-0.0126,0.0186,9.8066,-0.1341,-0.0699,-0.0862,-18.94,-29.5,32.81,290.82,-83.95,145.18
52.38006,-1.525188,140.72,9.9,2,148.17,21 / 21,597129,2019-09-06 18:26:03:811,-0.8344,1.4199,9.7607,0.0053,0.0043,9.8066,-0.2036,-0.0562,0.0177,-18.5,-29.62,32.88,291.53,-83.91,144.79
52.38006,-1.525188,140.72,9.9,2,148.17,21 / 21,597228,2019-09-06 18:26:03:910,-1.853,1.8923,9.7793,-0.0364,0.0441,9.8065,0.2457,0.052,0.0058,-18.44,-29.31,32.56,290.35,-84.22,143.26
52.38006,-1.525188,140.72,9.9,2,148.17,21 / 21,597329,2019-09-06 18:26:04:011,-2.0142,2.9399,9.9583,-0.029,0.0277,9.8065,0.0357,0.0163,-0.0197,-18.5,-29.69,32.56,290.88,-84.19,143.94
52.38006,-1.525188,140.72,9.9,2,148.17,21 / 21,597428,2019-09-06 18:26:04:110,0.675,1.3686,10.0784,0.017,-0.0063,9.8066,-0.0298,-0.0134,0.0679,-18.56,-29.5,32.25,289.23,-84.1,144.38
52.38006,-1.525188,140.72,9.9,2,148.17,21 / 21,597529,2019-09-06 18:26:04:211,-2.5251,2.2067,9.9904,0.0014,-0.0186,9.8066,0.0037,0.0659,-0.0473,-18.25,-30.19,32.56,291.76,-84.14,144.84
52.38006,-1.525188,140.72,9.9,2,148.17,21 / 21,597628,2019-09-06 18:26:04:310,-0.3087,2.3085,9.1848,-0.0171,0.032,9.8065,0.0448,0.0631,-0.0171,-19.06,-29.25,32.31,288.1,-84.19,143.21
52.38006,-1.525188,140.72,9.9,2,148.17,21 / 21,597729,2019-09-06 18:26:04:411,-0.4154,2.2492,9.8277,0.0015,0.0032,9.8066,-0.0453,0.0501,-0.0042,-18.62,-29.56,32.69,289.22,-84.12,143.64
52.38006,-1.525188,140.72,9.9,2,148.17,21 / 21,597829,2019-09-06 18:26:04:511,-0.7801,1.8627,9.5649,-0.007,0.0076,9.8066,0.0296,0.0927,-0.0231,-19.12,-29.37,32.25,288.46,-84.13,143.61
52.38006,-1.525188,140.72,9.9,2,148.17,21 / 21,597928,2019-09-06 18:26:04:610,-0.5264,1.3435,10.0665,-0.0061,0.0059,9.8066,0.0045,0.0248,0.0116,-19.25,-29.19,32.94,289.45,-84.08,143.75
52.38006,-1.525188,140.72,9.9,2,148.17,21 / 21,598029,2019-09-06 18:26:04:711,-0.5487,0.8564,10.0454,0.0068,-0.0094,9.8066,-0.0378,0.117,-0.0109,-19.44,-28.81,32.75,290.17,-84.15,144.4
52.38006,-1.525188,140.72,9.9,2,148.17,21 / 21,598128,2019-09-06 18:26:04:810,0.0178,2.7303,10.0069,-0.0125,0.0065,9.8066,0.0781,0.1451,0.007,-18.69,-28.62,33.31,289.88,-84.19,144.09
52.38006,-1.525188,140.72,9.9,2,148.17,21 / 21,598229,2019-09-06 18:26:04:911,0.1333,1.8064,9.798,0.011,-0.0203,9.8065,-0.0496,0.1503,-0.0546,-18.87,-28.87,32.94,291.35,-84.12,145.57
52.38006,-1.525188,140.72,9.9,2,148.17,21 / 21,598329,2019-09-06 18:26:05:011,-0.4973,3.2817,9.0481,0.0217,-0.0072,9.8065,-0.0394,0.1031,0.0139,-18.37,-28.37,32.38,290.85,-84.08,144.55
52.38006,-1.525188,140.72,9.9,2,148.17,20 / 20,598429,2019-09-06 18:26:05:111,-0.6482,2.9544,10.0397,-0.0237,0.0079,9.8066,-0.0056,0.1545,0.03,-19,-28.81,31.88,290.45,-84.23,145.48
52.38006,-1.525188,140.72,9.9,2,148.17,20 / 20,598528,2019-09-06 18:26:05:210,-1.2563,2.8561,9.526,-0.01,-0.0116,9.8066,-0.0739,0.2672,-0.0312,-19.12,-28.87,30.31,290.09,-84.33,146.89
52.38006,-1.525188,140.72,9.9,2,148.17,20 / 20,598629,2019-09-06 18:26:05:311,-0.2682,2.8873,9.6409,-0.0231,0.0044,9.8066,0.0465,0.1188,0.1971,-20.31,-28.94,30.88,289.82,-84.48,146.83
52.38006,-1.525188,140.72,9.9,2,148.17,20 / 20,598730,2019-09-06 18:26:05:412,-1.0771,1.9718,9.9452,-0.0371,-0.0218,9.8065,-0.0561,0.1386,0.0171,-21.37,-30.25,30.81,293.54,-84.89,151.5
52.38006,-1.525188,140.72,9.9,2,148.17,20 / 20,598828,2019-09-06 18:26:05:510,0.1416,0.7704,10.2317,-0.0147,-0.0196,9.8066,-0.0078,0.1731,0.0347,-21.25,-29.25,29.69,297.73,-85.19,156.18
52.38006,-1.525188,140.72,9.9,2,148.17,20 / 20,598928,2019-09-06 18:26:05:610,-1.6006,1.8919,9.6376,-0.0143,-0.0226,9.8066,-0.0039,0.0987,0.1619,-22.5,-29.06,30.38,299.85,-85.34,159.35
52.38006,-1.525188,140.72,9.9,2,148.17,20 / 20,599029,2019-09-06 18:26:05:711,-1.6647,2.2703,9.6725,-0.0359,0.0013,9.8065,0.0525,0.1215,0.0781,-22.62,-29.44,29.63,306.09,-85.62,166.37
52.38006,-1.525188,140.72,9.9,2,148.17,20 / 20,599129,2019-09-06 18:26:05:811,-0.4463,0.6798,9.976,-0.0312,-0.0016,9.8066,0.0673,0.1903,0.045,-23.19,-29.19,29.63,309.56,-85.7,169.66
52.38006,-1.525188,140.72,9.9,2,148.17,20 / 20,599229,2019-09-06 18:26:05:911,-1.5845,1.6603,9.4783,-0.0063,-0.0348,9.8066,-0.1049,0.1902,0.0048,-23.69,-29.31,29.88,312.44,-85.7,173.58
52.38006,-1.525188,140.72,9.9,2,148.17,20 / 20,599328,2019-09-06 18:26:06:010,-0.8336,0.8646,9.5923,-0.0191,-0.0183,9.8066,0.0337,0.1167,0.1663,-24.25,-29.37,30.13,318.39,-85.74,179.26
52.38006,-1.525188,140.72,9.9,2,148.17,21 / 22,599429,2019-09-06 18:26:06:111,-1.8412,1.5587,10.1958,-0.0348,-0.0162,9.8065,-0.0476,0.0458,0.0344,-24.81,-29,29.63,326.5,-85.74,-171.88
52.38006,-1.525188,140.72,9.9,2,148.17,21 / 22,599528,2019-09-06 18:26:06:210,-1.7774,0.3384,9.9379,-0.0231,-0.0066,9.8066,-0.0431,-0.0039,0.054,-25.56,-28.5,29.5,329.56,-85.74,-167.94
52.38006,-1.525188,140.72,9.9,2,148.17,21 / 22,599629,2019-09-06 18:26:06:311,-1.8201,0.9099,9.4053,-0.0238,-0.0094,9.8066,-0.0021,-0.0883,0.0816,-25.56,-28.87,30.31,333.49,-85.78,-164.16
52.38006,-1.525188,140.72,9.9,2,148.17,21 / 22,599728,2019-09-06 18:26:06:410,-1.8391,0.0759,9.7368,-0.0311,-0.0112,9.8066,-0.0323,-0.0254,-0.0267,-25.25,-28.5,30.75,343.17,-85.77,-157.04
52.38006,-1.525188,140.72,9.9,2,148.17,21 / 22,599829,2019-09-06 18:26:06:511,-2.2669,0.6764,9.8767,-0.006,-0.0038,9.8066,-0.0514,-0.1061,0.0968,-25.87,-28.62,30,343.93,-85.9,-154.29
52.38006,-1.525188,140.72,9.9,2,148.17,21 / 22,599931,2019-09-06 18:26:06:613,-1.6252,0.3615,10.0655,-0.013,-0.006,9.8066,0.0012,-0.1062,-0.002,-25.81,-28.94,30.44,346.89,-85.93,-151.49
52.38006,-1.525188,140.72,9.9,2,148.17,21 / 22,600029,2019-09-06 18:26:06:711,-2.28,1.1039,9.8071,0.0012,0,9.8066,-0.0005,-0.1576,0.0167,-25.5,-28.31,30.69,349.96,-86,-150.64
52.38006,-1.525188,140.72,9.9,2,148.17,21 / 22,600130,2019-09-06 18:26:06:812,-1.327,0.5652,9.8144,-0.0116,0.0068,9.8066,0.0252,-0.1303,0.0359,-24.31,-28.56,31.06,352.42,-86.07,-149.43
52.38006,-1.525188,140.72,9.9,2,148.17,21 / 22,600230,2019-09-06 18:26:06:912,-1.7026,0.5273,10.3488,-0.0043,0.0043,9.8066,0.03,-0.1443,-0.0121,-24.75,-28.44,31.5,352.84,-86.07,-148.81
52.38006,-1.525188,140.72,9.9,2,148.17,21 / 22,600329,2019-09-06 18:26:07:011,-1.5489,0.8679,9.8639,0.0029,-0.0042,9.8066,-0.0123,-0.1707,0.0087,-24.06,-28.87,30.44,352,-86.07,-148.91
52.379387,-1.524499,141.41,4.18,2,140.65,21 / 21,600429,2019-09-06 18:26:07:111,-1.7743,0.3982,10.0717,0.0031,-0.0053,9.8066,-0.0215,-0.1114,-0.0024,-24,-28.81,30.94,353.58,-86.14,-148.34
52.379387,-1.524499,141.41,4.18,2,140.65,21 / 21,600529,2019-09-06 18:26:07:211,-1.3498,1.0685,9.7752,0.0058,0.0026,9.8065,-0.0377,-0.1976,-0.029,-23.56,-28.25,31.63,354.4,-86.18,-148.46
52.379387,-1.524499,141.41,4.18,2,140.65,21 / 21,600628,2019-09-06 18:26:07:310,-1.9983,1.4469,10.1322,-0.0052,0.0035,9.8066,-0.0178,-0.161,0.0444,-23.06,-28.75,32.19,357.02,-86.3,-147.12
52.379387,-1.524499,141.41,4.18,2,140.65,21 / 21,600729,2019-09-06 18:26:07:411,-1.8032,1.3761,10.1799,-0.011,0.0096,9.8066,0.0041,-0.1446,-0.0173,-22.87,-29.44,31.31,357.25,-86.34,-146.04
52.379387,-1.524499,141.41,4.18,2,140.65,21 / 21,600829,2019-09-06 18:26:07:511,-1.7804,1.932,10.1676,-0.0009,0.008,9.8066,0.0427,-0.1207,0.0266,-22.87,-29.56,32.38,358.16,-86.44,-146.04
52.379387,-1.524499,141.41,4.18,2,140.65,21 / 21,600928,2019-09-06 18:26:07:610,-0.3956,-0.1488,9.8866,-0.0043,0.0056,9.8066,0.0394,-0.1337,0.01,-22.94,-29.12,31.38,357.34,-86.44,-145.96
52.379387,-1.524499,141.41,4.18,2,140.65,21 / 21,601029,2019-09-06 18:26:07:711,-0.3205,0.9866,9.7108,0.0134,-0.0163,9.8066,-0.0805,-0.1655,0.011,-23,-28.87,32.31,358.74,-86.45,-145.49
52.379387,-1.524499,141.41,4.18,2,140.65,21 / 21,601128,2019-09-06 18:26:07:810,0.025,0.8287,9.7469,0.0028,-0.0118,9.8066,-0.0218,-0.0501,-0.0424,-22.69,-28.69,32.56,359.68,-86.36,-145.43
52.379387,-1.524499,141.41,4.18,2,140.65,21 / 21,601228,2019-09-06 18:26:07:910,-0.474,0.8986,9.749,-0.0029,0.0044,9.8066,0.0026,-0.0637,0.0381,-22.25,-28.69,32.25,0.33,-86.48,-145.18
52.379387,-1.524499,141.41,4.18,2,140.65,21 / 21,601328,2019-09-06 18:26:08:010,-1.2379,1.4141,9.6691,0.0055,-0.0139,9.8065,-0.0576,-0.0787,0.0523,-22.37,-29,32.5,1.63,-86.44,-144.76
52.379387,-1.524499,141.41,4.18,2,140.65,20 / 20,601429,2019-09-06 18:26:08:111,-0.7012,1.7148,9.5722,-0.018,0.0279,9.8065,-0.121,-0.0467,0.0125,-21.81,-28.94,32.75,2.97,-86.44,-143.48
52.379387,-1.524499,141.41,4.18,2,140.65,20 / 20,601529,2019-09-06 18:26:08:211,-1.0354,1.6821,10.3397,-0.017,0.0283,9.8066,0.0467,-0.0486,-0.0405,-22,-29.37,33,5.94,-86.68,-140.63
52.379387,-1.524499,141.41,4.18,2,140.65,20 / 20,601629,2019-09-06 18:26:08:311,-1.0337,1.4165,10.2308,-0.0035,-0.0034,9.8066,0.0405,-0.0498,0.0284,-21.75,-28.94,32.63,7.38,-86.62,-139.26
52.379387,-1.524499,141.41,4.18,2,140.65,20 / 20,601729,2019-09-06 18:26:08:411,-0.8173,1.4959,9.8933,-0.0024,0.0092,9.8066,-0.0192,-0.0536,-0.0136,-21.81,-29.44,33.13,7.42,-86.63,-139.22
52.379387,-1.524499,141.41,4.18,2,140.65,20 / 20,601829,2019-09-06 18:26:08:511,-0.6699,1.2414,9.8667,0.002,-0.0043,9.8066,0.0114,-0.0398,0.001,-21.56,-29.06,32.63,7.88,-86.63,-138.78
52.379387,-1.524499,141.41,4.18,2,140.65,20 / 20,601929,2019-09-06 18:26:08:611,-0.598,1.2131,10.0273,0.0024,-0.0054,9.8066,-0.0254,-0.0357,-0.008,-21.69,-29.12,32.63,8.51,-86.67,-138.17
52.379387,-1.524499,141.41,4.18,2,140.65,20 / 20,602031,2019-09-06 18:26:08:713,-0.5684,0.5889,9.7127,-0.0056,0.0019,9.8066,-0.016,-0.0349,0,-21.62,-28.94,32.38,8.69,-86.7,-137.19
52.379387,-1.524499,141.41,4.18,2,140.65,20 / 20,602131,2019-09-06 18:26:08:813,-0.331,0.4906,9.8229,-0.004,0.0004,9.8066,-0.0039,-0.0348,0.0022,-21.37,-28.75,32.56,12.15,-86.71,-135.91
52.379387,-1.524499,141.41,4.18,2,140.65,20 / 20,602229,2019-09-06 18:26:08:911,-0.2662,0.4262,9.9016,-0.0033,-0.001,9.8066,0.0246,-0.0367,0.0135,-21.87,-28.94,32.56,12.79,-86.69,-134.08
52.379387,-1.524499,141.41,4.18,2,140.65,20 / 20,602329,2019-09-06 18:26:09:011,-0.2638,0.3987,9.835,-0.0006,0.0025,9.8066,-0.0138,-0.016,-0.0092,-21.31,-28.62,32.81,14.64,-86.72,-133.53
52.379387,-1.524499,141.41,4.18,2,140.65,20 / 20,602429,2019-09-06 18:26:09:111,-0.3716,0.3844,9.839,-0.0045,0.007,9.8066,-0.0105,-0.029,-0.0047,-21.25,-28.81,33.06,16.05,-86.76,-132.17
52.379387,-1.524499,141.41,4.18,2,140.65,20 / 20,602531,2019-09-06 18:26:09:213,-0.0773,0.2615,9.7831,-0.005,0.0073,9.8066,0.0023,-0.0182,0.0033,-21.69,-29,32.13,14.4,-86.8,-131.71
52.379387,-1.524499,141.41,4.18,2,140.65,20 / 20,602628,2019-09-06 18:26:09:310,-0.149,0.1398,10.0112,-0.0052,0.0002,9.8066,0.0009,-0.0271,0.0142,-21.56,-29.19,32.75,16.41,-86.82,-130.58
52.379387,-1.524499,141.41,4.18,2,140.65,20 / 20,602729,2019-09-06 18:26:09:411,-0.0692,0.2069,9.8156,-0.0054,0.0036,9.8066,0.0025,-0.0137,0.0023,-21.5,-28.56,32.13,18.81,-86.85,-128.72
52.379387,-1.524499,141.41,4.18,2,140.65,20 / 20,602828,2019-09-06 18:26:09:510,-0.2468,0.257,9.8741,-0.0058,0.0059,9.8066,0.0018,0.0115,0.0071,-21.69,-28.94,33.19,20.68,-86.89,-126.47
52.379387,-1.524499,141.41,4.18,2,140.65,20 / 20,602929,2019-09-06 18:26:09:611,-0.1949,0.1562,9.9071,-0.0048,0.0058,9.8065,0.0073,-0.0147,-0.0013,-21.44,-28.69,33.31,23.2,-86.92,-125.25
52.379387,-1.524499,141.41,4.18,2,140.65,20 / 20,603029,2019-09-06 18:26:09:711,-0.1597,0.1985,9.8883,-0.0044,0.0073,9.8066,0.0007,-0.009,-0.0033,-21.37,-29.12,32.5,25.29,-86.99,-123.22
52.379387,-1.524499,141.41,4.18,2,140.65,20 / 20,603129,2019-09-06 18:26:09:811,0.1657,-0.3028,9.9716,-0.0053,0.0066,9.8066,0.0017,-0.018,-0.0049,-21.25,-28.75,32.94,26.97,-87.03,-121.59
52.379387,-1.524499,141.41,4.18,2,140.65,20 / 20,603228,2019-09-06 18:26:09:910,0.2685,-0.2981,9.9634,-0.0065,0.0051,9.8066,-0.0045,0.0047,-0.0125,-21.25,-29.06,32.5,28.4,-87.05,-120.2
52.379387,-1.524499,141.41,4.18,2,140.65,20 / 20,603328,2019-09-06 18:26:10:010,0.2674,-0.6226,9.8248,-0.0055,-0.0003,9.8066,0.0055,0.0116,0.0056,-21.44,-29.37,32.69,30.43,-87.02,-118.25
52.379387,-1.524499,141.41,4.18,2,140.65,21 / 21,603429,2019-09-06 18:26:10:111,0.2038,-0.3256,9.8052,-0.004,0.0039,9.8066,0.0062,0.003,0.0187,-21.69,-29.06,32.5,30.87,-87.02,-116.6
52.379387,-1.524499,141.41,4.18,2,140.65,21 / 21,603529,2019-09-06 18:26:10:211,0.1134,-0.3115,10.0298,-0.0023,0.0025,9.8066,0.0052,-0.0087,-0.0083,-21.31,-29.06,32.75,33.62,-87.01,-115.17
52.379387,-1.524499,141.41,4.18,2,140.65,21 / 21,603628,2019-09-06 18:26:10:310,0.2021,-0.2711,10.0232,-0.0046,0.006,9.8066,-0.0009,0.0103,-0.0152,-21.12,-28.81,32.63,35.76,-87.06,-113.08
52.379387,-1.524499,141.41,4.18,2,140.65,21 / 21,603728,2019-09-06 18:26:10:410,0.2312,-0.412,9.7868,-0.0022,0.003,9.8066,-0.0002,-0.0137,-0.0047,-21.5,-29.19,33.06,36.81,-87.07,-112.06
52.379387,-1.524499,141.41,4.18,2,140.65,21 / 21,603829,2019-09-06 18:26:10:511,0.3166,-0.4475,9.9184,-0.0034,0.0056,9.8066,-0.0053,-0.0089,0.0008,-21.44,-28.81,32.81,37.89,-87.09,-111
52.379387,-1.524499,141.41,4.18,2,140.65,21 / 21,603929,2019-09-06 18:26:10:611,0.2786,-0.4986,9.809,-0.0038,0.0025,9.8066,0.0092,0.0104,0.0118,-21.56,-28.56,32.69,38.58,-87.11,-109.08
52.379387,-1.524499,141.41,4.18,2,140.65,21 / 21,604029,2019-09-06 18:26:10:711,0.1384,-0.4368,9.9176,-0.0014,0.0032,9.8066,0.0196,-0.002,-0.005,-22.19,-29,33.06,40.39,-87.14,-107.3
52.379387,-1.524499,141.41,4.18,2,140.65,21 / 21,604128,2019-09-06 18:26:10:810,0.2377,-0.3817,9.7999,-0.0046,0.0056,9.8066,-0.0054,-0.0254,-0.0115,-21.19,-28.81,32.88,43.34,-87.16,-105.67
52.379387,-1.524499,141.41,4.18,2,140.65,21 / 21,604229,2019-09-06 18:26:10:911,0.3134,-0.5658,9.8362,-0.0037,0.0011,9.8066,0.0035,-0.0003,0.0037,-21.37,-28.94,33.06,45.09,-87.15,-103.97
52.379387,-1.524499,141.41,4.18,2,140.65,21 / 21,604329,2019-09-06 18:26:11:011,0.4004,-0.4582,9.8813,-0.0039,0.0045,9.8066,0.0086,0.0271,0.0117,-21.06,-28.75,32.5,46.43,-87.16,-102.67
52.379387,-1.524499,141.41,4.18,2,140.65,21 / 21,604429,2019-09-06 18:26:11:111,0.3314,-0.3653,9.9577,-0.0041,0.0022,9.8066,0.0037,-0.0143,0.0055,-21.75,-29,32.75,46.96,-87.13,-100.91
52.379387,-1.524499,141.41,4.18,2,140.65,21 / 21,604528,2019-09-06 18:26:11:210,0.1777,-0.3165,9.9475,0.0011,-0.0007,9.8066,0.006,-0.003,-0.0049,-22,-28.81,33.38,47.67,-87.15,-100.22
52.379387,-1.524499,141.41,4.18,2,140.65,21 / 21,604628,2019-09-06 18:26:11:310,0.2566,-0.4002,9.8867,-0.0052,0.0044,9.8066,-0.0068,-0.0278,-0.0124,-21.69,-29.06,33,49.93,-87.12,-98.03
52.379387,-1.524499,141.41,4.18,2,140.65,21 / 21,604729,2019-09-06 18:26:11:411,0.3885,-0.6647,9.8534,-0.0067,0.0047,9.8066,0.0014,0.0044,0.008,-21.62,-28.62,33.38,51.4,-87.1,-96.61
52.379387,-1.524499,141.41,4.18,2,140.65,21 / 21,604828,2019-09-06 18:26:11:510,0.3276,-0.4913,9.8478,-0.0024,0.0032,9.8066,0.0082,-0.0123,0.0081,-21.62,-28.94,32.81,52.17,-87.1,-95.86
52.379387,-1.524499,141.41,4.18,2,140.65,21 / 21,604929,2019-09-06 18:26:11:611,0.2377,-0.3849,9.9475,-0.0006,0.001,9.8066,0.015,-0.0042,-0.0003,-21.56,-29.06,32.88,53.52,-87.09,-94.53
52.379387,-1.524499,141.41,4.18,2,140.65,21 / 21,605029,2019-09-06 18:26:11:711,0.5021,-0.7242,9.7272,-0.0042,0.0044,9.8066,-0.015,-0.0273,-0.0134,-21.12,-28.44,32.75,56.62,-87.08,-92.69
52.379387,-1.524499,141.41,4.18,2,140.65,21 / 21,605129,2019-09-06 18:26:11:811,0.426,-0.5522,9.8262,-0.0051,0.0016,9.8066,0.0073,0.0015,0.0086,-21.37,-28.87,32.81,57.59,-87.05,-91.82
52.379387,-1.524499,141.41,4.18,2,140.65,21 / 21,605229,2019-09-06 18:26:11:911,0.3765,-0.5065,9.7869,-0.0039,0.0026,9.8066,0.0086,0.0038,0.0078,-21.44,-29,32.81,59.12,-87.03,-90.34
52.379387,-1.524499,141.41,4.18,2,140.65,21 / 21,605329,2019-09-06 18:26:12:011,0.2302,-0.4106,9.9288,-0.0014,0.0044,9.8066,0.0108,-0.0009,-0.0037,-21.44,-28.44,32.5,59.94,-87.03,-89.46
52.379387,-1.524499,141.41,4.18,2,140.65,19 / 20,605429,2019-09-06 18:26:12:111,0.4555,-0.6677,9.8148,-0.0015,0.0027,9.8066,0.0157,-0.0129,0.0003,-21.62,-28.56,33,59.52,-87.03,-88.69
52.379387,-1.524499,141.41,4.18,2,140.65,19 / 20,605529,2019-09-06 18:26:12:211,0.4298,-0.6931,9.8743,-0.0035,0.0034,9.8066,-0.0072,-0.0167,-0.0105,-21.62,-28.44,33.19,60.83,-87.02,-87.35
52.379387,-1.524499,141.41,4.18,2,140.65,19 / 20,605628,2019-09-06 18:26:12:310,0.2829,-0.5232,9.9113,-0.0026,0.0008,9.8066,-0.0173,-0.0012,0.0003,-21.37,-29.31,33.25,63.27,-86.98,-86.3
52.379387,-1.524499,141.41,4.18,2,140.65,19 / 20,605728,2019-09-06 18:26:12:410,0.4103,-0.6298,9.7578,-0.0024,0.0029,9.8066,-0.0012,0.0061,0.0076,-21.37,-28.56,33.44,63.64,-86.96,-85.95
52.379387,-1.524499,141.41,4.18,2,140.65,19 / 20,605828,2019-09-06 18:26:12:510,0.4782,-0.7362,9.7536,-0.0006,0.0005,9.8066,0.0123,-0.0075,-0.0002,-21.19,-29.12,33.19,64.38,-86.93,-85.24
52.379387,-1.524499,141.41,4.18,2,140.65,19 / 20,605928,2019-09-06 18:26:12:610,0.4992,-0.6993,9.7592,-0.0042,0.0035,9.8066,-0.0093,-0.0131,-0.0149,-21.94,-29,32.25,63.24,-86.91,-84.35
52.379387,-1.524499,141.41,4.18,2,140.65,19 / 20,606028,2019-09-06 18:26:12:710,0.3842,-0.5238,9.9666,-0.0051,0.002,9.8065,-0.0181,0.0025,0.0007,-21.5,-27.87,32.88,65.55,-86.88,-84.04
52.379387,-1.524499,141.41,4.18,2,140.65,19 / 20,606129,2019-09-06 18:26:12:811,0.3785,-0.551,9.8045,-0.0019,0.0029,9.8066,0.0094,-0.0076,0.0109,-21.25,-28.75,32.31,65.83,-86.84,-83.12
52.379387,-1.524499,141.41,4.18,2,140.65,19 / 20,606228,2019-09-06 18:26:12:910,0.4648,-0.6423,9.891,0.0017,-0.005,9.8066,0.0105,-0.0023,0.004,-21.81,-28.87,32.94,65.15,-86.82,-83.31
52.379387,-1.524499,141.41,4.18,2,140.65,19 / 20,606329,2019-09-06 18:26:13:011,0.5106,-0.6807,9.8506,-0.0029,0.002,9.8066,-0.0021,-0.0155,-0.0108,-21.75,-28.75,32.94,65.61,-86.8,-82.86
52.379387,-1.524499,141.41,4.18,2,140.65,20 / 20,606429,2019-09-06 18:26:13:111,0.4476,-0.5901,9.728,-0.0026,0.0022,9.8066,-0.0128,0.008,-0.0149,-21.56,-28,32.88,66.19,-86.78,-82.23
52.379387,-1.524499,141.41,4.18,2,140.65,20 / 20,606529,2019-09-06 18:26:13:211,0.5526,-0.7004,9.7312,-0.0042,0.0022,9.8066,0.0032,-0.0092,0.0125,-21.19,-29.06,32.69,67.77,-86.74,-82.03
52.379387,-1.524499,141.41,4.18,2,140.65,20 / 20,606629,2019-09-06 18:26:13:311,0.5927,-0.6544,9.8074,-0.0013,-0.0001,9.8066,0.01,0.0134,0.003,-21.37,-28.37,33.13,67.32,-86.73,-82.41
52.379387,-1.524499,141.41,4.18,2,140.65,20 / 20,606729,2019-09-06 18:26:13:411,0.5279,-0.6031,9.9191,-0.0025,0.0007,9.8066,0.009,-0.0013,0.0021,-21.5,-29,33.06,67.89,-86.7,-81.94
52.379387,-1.524499,141.41,4.18,2,140.65,20 / 20,606829,2019-09-06 18:26:13:511,0.5029,-0.5494,9.9068,-0.0032,0.0006,9.8066,0.003,-0.0165,-0.0041,-21.44,-28.75,32.5,68.13,-86.66,-81.73
52.379387,-1.524499,141.41,4.18,2,140.65,20 / 20,606928,2019-09-06 18:26:13:610,0.4583,-0.5046,9.9509,-0.0009,-0.0003,9.8066,-0.0133,-0.0117,-0.0086,-21.56,-28.69,32.5,66.81,-86.64,-81.79
52.379387,-1.524499,141.41,4.18,2,140.65,20 / 20,607028,2019-09-06 18:26:13:710,0.298,-0.3569,9.9767,-0.0028,-0.0009,9.8066,-0.005,0.0038,0.0133,-21.25,-28.56,32.63,68.06,-86.61,-81.84
52.379387,-1.524499,141.41,4.18,2,140.65,20 / 20,607128,2019-09-06 18:26:13:810,0.4675,-0.5773,9.9394,-0.0002,-0.0005,9.8066,0.0081,0.0213,0,-21.94,-28.5,33.06,66.65,-86.59,-81.91
52.379387,-1.524499,141.41,4.18,2,140.65,20 / 20,607229,2019-09-06 18:26:13:911,0.5779,-0.604,9.9124,-0.0017,-0.0001,9.8066,0.0032,0.0006,-0.0069,-21.62,-29.06,32.63,66.81,-86.57,-81.85
52.379387,-1.524499,141.41,4.18,2,140.65,20 / 20,607328,2019-09-06 18:26:14:010,0.5821,-0.6987,9.7494,-0.0018,-0.0001,9.8066,-0.0071,0.0007,-0.0021,-21.56,-28.75,33.44,67.04,-86.55,-81.63
52.379387,-1.524499,141.41,4.18,2,140.65,20 / 21,607428,2019-09-06 18:26:14:110,0.5853,-0.5357,9.8472,-0.0031,0.0003,9.8066,-0.0078,0.0154,0.012,-21.44,-28.75,33.25,68.24,-86.51,-81.73
52.379387,-1.524499,141.41,4.18,2,140.65,20 / 21,607529,2019-09-06 18:26:14:211,0.3134,-0.4068,9.9088,-0.0006,-0.0009,9.8066,0.0077,0.0094,0.0022,-21.5,-28.44,32.56,68.04,-86.5,-81.85
52.379387,-1.524499,141.41,4.18,2,140.65,20 / 21,607629,2019-09-06 18:26:14:311,0.7212,-0.7547,9.8679,-0.0018,0.0009,9.8066,-0.0028,0.014,-0.0098,-21.44,-28.94,33,67.86,-86.5,-82.12
52.379387,-1.524499,141.41,4.18,2,140.65,20 / 21,607728,2019-09-06 18:26:14:410,0.5085,-0.675,9.9143,-0.0013,0.0018,9.8066,-0.0107,-0.0168,-0.0089,-21.62,-28.87,33,66.75,-86.48,-81.96
52.379387,-1.524499,141.41,4.18,2,140.65,20 / 21,607829,2019-09-06 18:26:14:511,0.5317,-0.6547,9.8704,0.0008,-0.0013,9.8066,0.0068,0.0199,0.0088,-21.37,-28.56,32.56,67.09,-86.47,-82.89
52.379387,-1.524499,141.41,4.18,2,140.65,20 / 21,607928,2019-09-06 18:26:14:610,0.7558,-1.0081,9.8249,-0.0016,-0.0027,9.8066,0.0172,-0.0168,0.0137,-21.37,-28.44,32.56,66.48,-86.45,-83.43
52.379387,-1.524499,141.41,4.18,2,140.65,20 / 21,608029,2019-09-06 18:26:14:711,0.7691,-0.9235,9.8154,0.0012,-0.0008,9.8066,0.0029,-0.0115,-0.0205,-21.87,-28.44,33.25,64.43,-86.46,-84.19
52.379387,-1.524499,141.41,4.18,2,140.65,20 / 21,608129,2019-09-06 18:26:14:811,0.5909,-1.0169,9.7491,-0.0011,-0.0013,9.8066,-0.0127,-0.008,-0.008,-21.62,-28.5,33.31,63.8,-86.44,-84.81
52.379387,-1.524499,141.41,4.18,2,140.65,20 / 21,608229,2019-09-06 18:26:14:911,0.5293,-0.7198,9.8563,-0.0022,-0.0019,9.8066,-0.0144,-0.0065,0.0213,-22.06,-28,33.88,63.74,-86.42,-85.62
52.379387,-1.524499,141.41,4.18,2,140.65,20 / 21,608329,2019-09-06 18:26:15:011,0.5559,-0.8528,9.7406,-0.0012,-0.002,9.8066,0.0105,-0.0161,0.0094,-23,-27.31,34.75,62.82,-86.38,-85.99
52.379387,-1.524499,141.41,4.18,2,140.65,20 / 20,608428,2019-09-06 18:26:15:110,0.5878,-0.7792,9.7892,-0.0022,-0.0035,9.8066,0.0098,-0.0239,0.0101,-23,-27.31,35.13,62.09,-86.34,-86.74
52.379387,-1.524499,141.41,4.18,2,140.65,20 / 20,608529,2019-09-06 18:26:15:211,0.5921,-1.1138,9.9227,-0.0001,-0.0006,9.8066,0.0205,-0.013,0.0161,-22.56,-27.31,35.06,61.56,-86.33,-87.26
52.379387,-1.524499,141.41,4.18,2,140.65,20 / 20,608628,2019-09-06 18:26:15:310,0.5732,-0.9612,9.7859,0.0016,-0.0023,9.8066,0.0151,-0.0443,0.021,-22.31,-27.12,35,61.54,-86.31,-88.48
52.379387,-1.524499,141.41,4.18,2,140.65,20 / 20,608729,2019-09-06 18:26:15:411,0.5078,-1.1541,9.7761,-0.0023,-0.0069,9.8066,0.0016,-0.0518,0.0047,-21.94,-26.87,34.81,60.62,-86.25,-89.42
52.379387,-1.524499,141.41,4.18,2,140.65,20 / 20,608829,2019-09-06 18:26:15:511,0.7801,-1.8454,9.6985,0.0036,-0.0074,9.8066,0.0002,-0.0741,0.0089,-22,-26.75,35.81,60.49,-86.21,-90.25
52.379387,-1.524499,141.41,4.18,2,140.65,20 / 20,608929,2019-09-06 18:26:15:611,0.4369,-0.9873,9.6486,0.0012,-0.0117,9.8066,0.0181,-0.1073,0.0208,-22.37,-26.94,36.56,58.87,-86.17,-92.51
52.379387,-1.524499,141.41,4.18,2,140.65,20 / 20,609028,2019-09-06 18:26:15:710,0.8794,-2.4817,9.6939,-0.0043,-0.0133,9.8066,0.0358,-0.0939,0.0189,-21.5,-26.94,36.75,58.21,-86.02,-94.42
52.379387,-1.524499,141.41,4.18,2,140.65,20 / 20,609128,2019-09-06 18:26:15:810,0.3981,-1.9327,9.869,-0.0112,-0.0003,9.8066,0.0144,-0.1447,0.0192,-21.19,-27.37,36.5,57.62,-85.91,-95.06
52.379387,-1.524499,141.41,4.18,2,140.65,20 / 20,609229,2019-09-06 18:26:15:911,0.2499,-2.3638,9.8309,-0.0042,-0.0156,9.8066,0.0222,-0.1581,0.0018,-21.19,-27.81,36.63,55.51,-85.71,-97.31
52.379387,-1.524499,141.41,4.18,2,140.65,20 / 20,609330,2019-09-06 18:26:16:012,0.0174,-2.3649,9.9293,-0.0035,-0.0068,9.8066,-0.0065,-0.255,0.0483,-20.56,-28.06,36,53.86,-85.63,-98.34
52.379387,-1.524499,141.41,4.18,2,140.65,20 / 21,609429,2019-09-06 18:26:16:111,0.4688,-2.5483,9.7208,-0.0045,-0.0148,9.8065,-0.01,-0.2687,0.0217,-19.56,-28.44,35.31,53.55,-85.49,-99.31
52.379387,-1.524499,141.41,4.18,2,140.65,20 / 21,609528,2019-09-06 18:26:16:210,0.0544,-2.3097,9.768,-0.002,-0.0128,9.8066,0.0256,-0.3128,0.0411,-19.37,-28.25,35.38,53.37,-85.29,-100.88
52.379387,-1.524499,141.41,4.18,2,140.65,20 / 21,609630,2019-09-06 18:26:16:312,0.1533,-2.4405,10.0623,0.0025,-0.0137,9.8066,-0.0383,-0.3051,-0.017,-18.31,-28.25,35.06,53.12,-85.18,-102.51
52.379387,-1.524499,141.41,4.18,2,140.65,20 / 21,609728,2019-09-06 18:26:16:410,-0.0737,-1.5736,9.9807,0.0103,-0.0098,9.8066,-0.038,-0.3573,-0.0192,-17.75,-28.25,35.25,52.32,-85.21,-103.26
52.379387,-1.524499,141.41,4.18,2,140.65,20 / 21,609828,2019-09-06 18:26:16:510,0.8528,-2.1213,9.9705,0.0103,0.0179,9.8066,0.0875,-0.2664,0.0151,-17.44,-29.12,35.88,53.17,-85.33,-104.37
52.379387,-1.524499,141.41,4.18,2,140.65,20 / 21,609928,2019-09-06 18:26:16:610,0.5796,-1.1224,10.5154,0.0048,0.0141,9.8066,0.0128,-0.3123,-0.0129,-16.56,-28.25,35.75,50.89,-85.43,-106.42
52.379387,-1.524499,141.41,4.18,2,140.65,20 / 21,610029,2019-09-06 18:26:16:711,1.4755,-2.0796,9.1071,0.0261,-0.0074,9.8065,-0.0698,-0.2676,-0.0435,-15.81,-28.81,35.44,50.01,-85.51,-108.1
52.379387,-1.524499,141.41,4.18,2,140.65,20 / 21,610129,2019-09-06 18:26:16:811,1.7156,-1.0774,9.7379,0.0177,-0.0277,9.8065,-0.0616,-0.1657,0.0067,-15.25,-28.62,36,49.38,-85.69,-110.51
52.379387,-1.524499,141.41,4.18,2,140.65,20 / 21,610228,2019-09-06 18:26:16:910,1.184,-1.3514,9.9082,-0.0042,-0.0061,9.8066,-0.0203,-0.1804,-0.0071,-15.69,-28.44,36.38,48.32,-85.74,-110.07
52.379387,-1.524499,141.41,4.18,2,140.65,20 / 21,610329,2019-09-06 18:26:17:011,0.4294,-1.5803,10.1647,0.0094,0.0062,9.8066,0.0514,-0.1219,-0.0728,-15,-28.94,36.13,49.26,-85.78,-110.58
52.379387,-1.524499,141.41,4.18,2,140.65,20 / 20,610429,2019-09-06 18:26:17:111,1.8847,-2.5563,9.3784,0.0248,-0.0009,9.8065,0.0396,-0.0059,-0.0596,-14.81,-28.87,36.31,44.82,-86.04,-114.71
52.379387,-1.524499,141.41,4.18,2,140.65,20 / 20,610529,2019-09-06 18:26:17:211,1.0362,-1.8138,9.4293,0.0369,-0.0099,9.8065,-0.0752,0.0028,-0.1293,-14.44,-28.69,35.38,40.84,-86.28,-119.29
52.379387,-1.524499,141.41,4.18,2,140.65,20 / 20,610629,2019-09-06 18:26:17:311,2.6035,-2.1826,9.6095,0.0305,0.0062,9.8065,0.0023,0.0254,-0.0607,-14.37,-28.94,36,37.63,-86.58,-122.73
52.379387,-1.524499,141.41,4.18,2,140.65,20 / 20,610731,2019-09-06 18:26:17:413,3.1315,-2.2693,9.3541,0.0224,0.0167,9.8066,0.0606,0.0526,-0.0266,-14.06,-28,36.5,32.83,-87.01,-127.63
52.379387,-1.524499,141.41,4.18,2,140.65,20 / 20,610829,2019-09-06 18:26:17:511,2.2592,-2.3841,9.2973,0.016,0.0017,9.8066,-0.1087,0.1222,-0.0715,-13.94,-28.62,35.75,27.67,-87.17,-132.09
52.379387,-1.524499,141.41,4.18,2,140.65,20 / 20,610929,2019-09-06 18:26:17:611,1.5592,-1.032,9.2935,0.0027,0.0161,9.8066,-0.0499,0.1468,0.0124,-14.19,-28.62,34.88,28.22,-87.43,-130.94
52.379387,-1.524499,141.41,4.18,2,140.65,20 / 20,611029,2019-09-06 18:26:17:711,1.5392,0.02,9.9523,0.0077,0.016,9.8066,-0.0656,0.1791,-0.0959,-14.06,-29.06,34.94,33.21,-87.85,-125.91
52.379387,-1.524499,141.41,4.18,2,140.65,20 / 20,611128,2019-09-06 18:26:17:810,2.0604,-0.5302,10.0945,0.017,0.0151,9.8066,-0.0151,0.1812,-0.0478,-14.56,-28.81,34.38,31.06,-88.14,-125.9
52.379387,-1.524499,141.41,4.18,2,140.65,20 / 20,611228,2019-09-06 18:26:17:910,2.4147,-0.1919,9.5287,0.0181,0.0133,9.8065,0.035,0.2017,-0.0666,-15.19,-29.31,34.25,23.39,-88.37,-133.32
52.379387,-1.524499,141.41,4.18,2,140.65,20 / 20,611330,2019-09-06 18:26:18:012,2.216,-0.0526,9.7178,0.0069,0.0137,9.8066,0.0196,0.1499,-0.0703,-15.81,-29.19,34.38,12.79,-88.55,-142.26
52.379307,-1.524451,141.52,3.68,2,165.27,21 / 21,611428,2019-09-06 18:26:18:110,1.8736,-1.4071,9.959,0.0184,-0.0117,9.8066,-0.0374,0.2927,0.0062,-15.44,-29.19,34.75,10.76,-88.62,-146.24
52.379307,-1.524451,141.52,3.68,2,165.27,21 / 21,611529,2019-09-06 18:26:18:211,2.0146,-0.9642,9.9082,0.012,-0.007,9.8066,-0.0191,0.2676,0.0006,-15.75,-28.19,33.56,358.13,-88.58,-156.64
52.379307,-1.524451,141.52,3.68,2,165.27,21 / 21,611629,2019-09-06 18:26:18:311,2.3684,-0.9869,9.8121,0.015,-0.0096,9.8066,0.0707,0.2307,-0.0235,-16.69,-28.75,34.56,349.04,-88.39,-164.82
52.379307,-1.524451,141.52,3.68,2,165.27,21 / 21,611729,2019-09-06 18:26:18:411,3.0159,-1.9857,9.2078,0.0092,-0.007,9.8066,0.0608,0.2797,-0.0149,-17.06,-29.25,33.88,345.71,-88.3,-167.4
52.379307,-1.524451,141.52,3.68,2,165.27,21 / 21,611829,2019-09-06 18:26:18:511,1.6494,-1.3338,9.7617,0.0056,-0.0047,9.8066,-0.0792,0.2068,-0.0157,-17.87,-28.81,34,340.67,-88.28,-171
52.379307,-1.524451,141.52,3.68,2,165.27,21 / 21,611928,2019-09-06 18:26:18:610,1.2798,0.0127,9.988,0.0092,0.0045,9.8066,-0.1005,0.2157,-0.0882,-18.12,-28.19,33.5,337.33,-88.34,-174.3
52.379307,-1.524451,141.52,3.68,2,165.27,21 / 21,612029,2019-09-06 18:26:18:711,2.6752,-0.7765,10.2103,0.001,0.0077,9.8066,0.0653,0.1274,0.0045,-18.69,-29.12,34.56,331.25,-88.37,-179.67
52.379307,-1.524451,141.52,3.68,2,165.27,21 / 21,612129,2019-09-06 18:26:18:811,2.1951,-1.105,9.9365,0.0071,-0.0095,9.8066,-0.0329,0.2099,-0.01,-18.19,-28.75,33.69,332.33,-88.28,-179.16
52.379307,-1.524451,141.52,3.68,2,165.27,21 / 21,612229,2019-09-06 18:26:18:911,1.8119,-0.4438,10.1142,-0.0143,0.0185,9.8066,0.1056,0.1878,0.0067,-18.81,-28.62,33.69,329.44,-88.34,179.27
52.379307,-1.524451,141.52,3.68,2,165.27,21 / 21,612329,2019-09-06 18:26:19:011,1.4588,-2.2958,9.5853,-0.0181,0.02,9.8066,-0.0347,0.1232,-0.0153,-18.75,-28.87,34.56,332.69,-88.22,-178.21
52.379307,-1.524451,141.52,3.68,2,165.27,21 / 21,612429,2019-09-06 18:26:19:111,1.1799,-2.7735,9.9477,-0.0017,-0.0017,9.8066,-0.118,0.0451,0.0216,-19.5,-28.87,33.88,330.96,-88.03,-179.12
52.379307,-1.524451,141.52,3.68,2,165.27,21 / 21,612529,2019-09-06 18:26:19:211,1.6793,0.0087,9.6782,-0.006,0.0001,9.8066,-0.033,0.085,0.0035,-19.25,-28.06,33.94,330.26,-88,-179.82
52.379307,-1.524451,141.52,3.68,2,165.27,21 / 21,612628,2019-09-06 18:26:19:310,2.2159,-2.9109,9.446,-0.0035,0.0073,9.8066,-0.0397,0.0333,-0.0151,-19.44,-29.25,33.81,329.5,-88.05,179.45
52.379307,-1.524451,141.52,3.68,2,165.27,21 / 21,612729,2019-09-06 18:26:19:411,1.2887,-1.5161,9.6272,-0.006,0.0054,9.8066,0.0535,0.0482,0.0192,-20.06,-29.19,34.06,331.35,-88.07,-177.49
52.379307,-1.524451,141.52,3.68,2,165.27,21 / 21,612829,2019-09-06 18:26:19:511,1.7733,-3.3377,9.4584,-0.0037,0.0174,9.8066,0.0501,-0.0159,-0.0564,-18.94,-29,34.38,331.43,-88.08,-178.67
52.379307,-1.524451,141.52,3.68,2,165.27,21 / 21,612928,2019-09-06 18:26:19:610,1.409,-1.193,9.8498,0.0228,-0.0244,9.8066,0.0666,-0.0246,0.0017,-18.81,-28.94,34.25,328.29,-87.8,178.37
52.379307,-1.524451,141.52,3.68,2,165.27,21 / 21,613029,2019-09-06 18:26:19:711,1.4663,-2.9382,11.172,0.0463,-0.0419,9.8064,-0.1887,0.0763,-0.0315,-18.62,-28.06,34.19,326.42,-87.49,176.64
52.379307,-1.524451,141.52,3.68,2,165.27,21 / 21,613128,2019-09-06 18:26:19:810,-0.1255,-1.622,10.4899,0.0646,-0.0288,9.8064,0.165,-0.0814,0.0601,-18.25,-28.69,34.38,323.93,-86.92,173.24
52.379307,-1.524451,141.52,3.68,2,165.27,21 / 21,613228,2019-09-06 18:26:19:910,0.8672,-2.3337,8.1686,0.0613,-0.0571,9.8063,0.0447,-0.1181,-0.0569,-17.69,-28.69,35.19,319.52,-86.33,168.55
52.379307,-1.524451,141.52,3.68,2,165.27,21 / 21,613331,2019-09-06 18:26:20:013,3.8944,-6.8369,8.9494,0.0175,-0.0148,9.8065,-0.2032,0.0866,0.0552,-17.25,-28.31,34.94,320.37,-85.89,168.24
52.379307,-1.524451,141.52,3.68,2,165.27,20 / 20,613429,2019-09-06 18:26:20:111,0.5247,-2.1524,8.3413,-0.0653,0.071,9.8061,-0.1927,-0.1557,0.0902,-18.06,-28.75,33.88,318.94,-86.55,168.6
52.379307,-1.524451,141.52,3.68,2,165.27,20 / 20,613529,2019-09-06 18:26:20:211,2.2202,-0.5013,8.9638,-0.026,0.1038,9.806,-0.1252,-0.1175,0.056,-17.69,-28.81,33.44,299.07,-87.81,149.18
52.379307,-1.524451,141.52,3.68,2,165.27,20 / 20,613629,2019-09-06 18:26:20:311,1.2118,-0.3853,10.2591,0.0137,0.0398,9.8065,0.0915,0.0896,-0.0431,-17.44,-29.44,32.31,286.95,-88.16,136.35
52.379307,-1.524451,141.52,3.68,2,165.27,20 / 20,613729,2019-09-06 18:26:20:411,0.4613,1.0352,10.3737,0.0069,-0.0036,9.8066,-0.0237,-0.1126,-0.0192,-18.12,-28.37,32.81,289.72,-88.03,139.73
52.379307,-1.524451,141.52,3.68,2,165.27,20 / 20,613828,2019-09-06 18:26:20:510,2.963,-2.7175,7.5626,0.0187,-0.041,9.8065,0.0335,-0.0328,0.0048,-18,-29.06,33.19,299.54,-87.58,149.8
52.379307,-1.524451,141.52,3.68,2,165.27,20 / 20,613928,2019-09-06 18:26:20:610,2.9707,-3.867,7.3003,-0.0149,-0.0372,9.8065,0.0319,0.0193,0.1634,-17.94,-28.37,33.31,302.95,-87.49,153.15
52.379307,-1.524451,141.52,3.68,2,165.27,20 / 20,614028,2019-09-06 18:26:20:710,2.3208,-0.1867,7.3736,-0.0201,-0.0129,9.8066,-0.264,-0.2272,0.0359,-18,-29.31,32.31,306.67,-88.17,157.2
52.379307,-1.524451,141.52,3.68,2,165.27,20 / 20,614128,2019-09-06 18:26:20:810,0.3289,0.97,11.7349,-0.0776,0.0812,9.806,-0.1617,0.0929,-0.042,-18.69,-29.31,31.5,305.06,-89.53,156.06
52.379307,-1.524451,141.52,3.68,2,165.27,20 / 20,614229,2019-09-06 18:26:20:911,0.2677,-0.3854,10.2603,-0.0151,0.009,9.8066,0.11,0.0072,0.0311,-18.94,-29.12,31.44,330.02,-89.36,-178.22
52.379307,-1.524451,141.52,3.68,2,165.27,20 / 20,614329,2019-09-06 18:26:21:011,1.9842,-1.9684,10.2397,0.0255,-0.0908,9.8061,0.2826,-0.0432,0.0381,-19.37,-28.69,32.69,334.79,-88.52,-174.8
52.379307,-1.524451,141.52,3.68,2,165.27,21 / 21,614429,2019-09-06 18:26:21:111,2.6845,-3.6587,9.7405,-0.0198,-0.0229,9.8065,0.2805,0.0637,0.0322,-20.31,-27.94,33.75,340.32,-87.08,-168.49
52.379307,-1.524451,141.52,3.68,2,165.27,21 / 21,614530,2019-09-06 18:26:21:212,0.9408,-3.2382,9.9911,-0.0086,0.0021,9.8066,0.0106,-0.0831,0.0453,-19.75,-27.94,33.63,343.5,-86.85,-165.37
52.379307,-1.524451,141.52,3.68,2,165.27,21 / 21,614629,2019-09-06 18:26:21:311,0.0189,-0.2184,10.1825,-0.0222,0.0581,9.8064,-0.0452,-0.0408,-0.0506,-18.56,-28.5,33.75,345.29,-87.58,-165.06
52.379307,-1.524451,141.52,3.68,2,165.27,21 / 21,614728,2019-09-06 18:26:21:410,0.4893,0.3848,9.4972,0.0032,-0.0053,9.8066,-0.0191,-0.0365,0.0053,-19.69,-28.94,33.25,347.42,-88.02,-161.03
52.379307,-1.524451,141.52,3.68,2,165.27,21 / 21,614828,2019-09-06 18:26:21:510,0.5792,-0.7007,9.4242,0.0051,-0.0152,9.8065,0.0547,0.0328,0.0319,-19.25,-28.81,32.94,348.66,-87.97,-161.1
52.379307,-1.524451,141.52,3.68,2,165.27,21 / 21,614929,2019-09-06 18:26:21:611,1.6479,-0.1937,10.0092,0.0073,-0.0307,9.8065,0.073,0.0341,0.0096,-19.19,-28.06,33.13,349.05,-87.54,-160.67
52.379307,-1.524451,141.52,3.68,2,165.27,21 / 21,615029,2019-09-06 18:26:21:711,-0.0016,-1.2817,9.951,0.0109,-0.0322,9.8065,-0.0317,-0.0705,0.0508,-18.81,-29,33.69,348.06,-87.29,-162.31
52.379307,-1.524451,141.52,3.68,2,165.27,21 / 21,615129,2019-09-06 18:26:21:811,1.1759,-0.3379,10.1379,-0.023,0.0408,9.8065,-0.1508,0.0078,-0.0764,-18.56,-27.81,33.63,350.75,-87.45,-159.75
52.379307,-1.524451,141.52,3.68,2,165.27,21 / 21,615229,2019-09-06 18:26:21:911,1.2531,-1.9547,10.2283,-0.006,0.0064,9.8066,0.099,0.0123,0.0327,-18.31,-28.06,32.13,351.07,-87.38,-159.26
52.379307,-1.524451,141.52,3.68,2,165.27,21 / 21,615330,2019-09-06 18:26:22:012,0.274,-1.1227,9.4581,0.0061,0.0107,9.8066,0.008,0.0033,-0.0572,-19.81,-28.25,32.25,347.96,-87.45,-159.62
52.379307,-1.524451,141.52,3.68,2,165.27,20 / 21,615429,2019-09-06 18:26:22:111,2.1646,-1.1902,9.7932,-0.0057,0.0079,9.8066,-0.0062,-0.0339,-0.0191,-20.75,-28.69,31.88,345.01,-87.43,-161.2
52.379307,-1.524451,141.52,3.68,2,165.27,20 / 21,615528,2019-09-06 18:26:22:210,0.7008,-1.1159,10.2111,0.0241,-0.0388,9.8065,0.0842,-0.0312,0.0146,-21.12,-28.69,33.38,341.7,-87.17,-165.15
52.379307,-1.524451,141.52,3.68,2,165.27,20 / 21,615629,2019-09-06 18:26:22:311,2.1308,-1.7363,10.2019,0.0373,-0.0415,9.8064,-0.1037,-0.0967,0.0216,-21.12,-28.56,32.94,339.31,-87.12,-167.44
52.379307,-1.524451,141.52,3.68,2,165.27,20 / 21,615730,2019-09-06 18:26:22:412,-0.3565,0.4664,9.8555,-0.0045,0.0047,9.8066,0.0822,-0.0288,0.0097,-20.56,-28.69,33.38,338.8,-87.27,-167.97
52.379307,-1.524451,141.52,3.68,2,165.27,20 / 21,615829,2019-09-06 18:26:22:511,1.1999,-1.9889,9.03,-0.0058,0.014,9.8066,-0.004,0.0963,-0.0179,-20.69,-28.69,33.44,338.72,-87.22,-168.04
52.379307,-1.524451,141.52,3.68,2,165.27,20 / 21,615929,2019-09-06 18:26:22:611,0.7063,-0.3744,9.6807,0.01,0.0078,9.8066,0.0065,-0.0252,0.022,-19.81,-28.62,33.38,339.94,-87.1,-168.07
52.379307,-1.524451,141.52,3.68,2,165.27,20 / 21,616029,2019-09-06 18:26:22:711,1.3988,-1.6041,9.428,0.0026,-0.0047,9.8066,0.0741,-0.0372,0.0045,-20.56,-28.62,33.13,336.05,-87.09,-170.58
52.379307,-1.524451,141.52,3.68,2,165.27,20 / 21,616128,2019-09-06 18:26:22:810,0.8612,-1.0991,9.124,0.0001,-0.0012,9.8066,0.081,-0.0306,0.0101,-20.44,-29,33.06,335.31,-86.94,-172.48
52.379307,-1.524451,141.52,3.68,2,165.27,20 / 21,616228,2019-09-06 18:26:22:910,0.3377,-1.3878,9.8272,0.008,0.012,9.8066,-0.0555,-0.0308,-0.0676,-19.37,-28.69,34,334.87,-87.01,-174.96
52.379307,-1.524451,141.52,3.68,2,165.27,20 / 21,616328,2019-09-06 18:26:23:010,0.6851,-0.7021,10.0076,0.0049,0.0147,9.8066,-0.0548,-0.0937,-0.031,-18.81,-28.56,34.13,331.06,-87.13,-178.68
52.379307,-1.524451,141.52,3.68,2,165.27,21 / 21,616429,2019-09-06 18:26:23:111,-0.2446,-2.1078,10.3484,0.0133,-0.0109,9.8066,0.0282,0.0058,0.0218,-18.25,-28.19,34.31,329.83,-86.97,178.87
52.379307,-1.524451,141.52,3.68,2,165.27,21 / 21,616529,2019-09-06 18:26:23:211,1.021,-1.8271,9.7308,0.0237,-0.0011,9.8066,0.0464,-0.0035,-0.0637,-17.81,-28.56,33.69,328.45,-86.92,177.6
52.379307,-1.524451,141.52,3.68,2,165.27,21 / 21,616628,2019-09-06 18:26:23:310,0.2453,-1.7174,10.028,-0.0042,-0.0012,9.8066,0.0375,-0.122,0.036,-18.87,-28.37,33.63,325.28,-86.76,175.85
52.379307,-1.524451,141.52,3.68,2,165.27,21 / 21,616731,2019-09-06 18:26:23:413,1.3739,-0.8607,10.2657,0.009,-0.0046,9.8066,-0.0152,0.0419,-0.0545,-18.12,-29.06,33.38,323.56,-86.84,173.67
52.379307,-1.524451,141.52,3.68,2,165.27,21 / 21,616829,2019-09-06 18:26:23:511,-0.1528,0.2189,9.8045,0.0013,0.0006,9.8066,0.0428,0.0465,-0.0318,-18.12,-29.19,33.19,323.23,-86.85,173.33
52.379307,-1.524451,141.52,3.68,2,165.27,21 / 21,616929,2019-09-06 18:26:23:611,0.8613,0.3056,9.2752,0.0045,-0.0069,9.8066,0.0345,-0.0458,0.0692,-17.81,-29.62,32.94,322.42,-86.73,172.67
52.379307,-1.524451,141.52,3.68,2,165.27,21 / 21,617029,2019-09-06 18:26:23:711,-0.0667,-0.9459,9.7338,0.0162,-0.0095,9.8065,-0.0504,-0.0077,-0.0421,-17.87,-29.37,33.5,320.45,-86.7,169.98
52.379307,-1.524451,141.52,3.68,2,165.27,21 / 21,617129,2019-09-06 18:26:23:811,0.3375,-0.8241,10.5913,0.0134,0.0049,9.8066,-0.0452,-0.0808,-0.0318,-17.69,-29.12,33.19,318.25,-86.79,168.56
52.379307,-1.524451,141.52,3.68,2,165.27,21 / 21,617228,2019-09-06 18:26:23:910,-0.9871,0.4254,10.7803,0.0193,-0.0513,9.8065,-0.1654,-0.1202,0.0517,-17.81,-29.69,33,317.17,-86.53,167.71
52.379307,-1.524451,141.52,3.68,2,165.27,21 / 21,617329,2019-09-06 18:26:24:011,-0.2681,0.7486,11.9248,0.0126,-0.0066,9.8066,0.0264,0.1089,-0.0424,-17.5,-28.75,33.06,315.96,-86.58,165.13
52.379307,-1.524451,141.52,3.68,2,165.27,21 / 21,617428,2019-09-06 18:26:24:110,1.8657,-0.2618,9.17,-0.0066,-0.0087,9.8066,-0.0692,-0.1311,0.009,-17.44,-29.56,33.63,319.13,-86.52,167.55
52.379307,-1.524451,141.52,3.68,2,165.27,21 / 21,617528,2019-09-06 18:26:24:210,1.5608,0.2573,11.1343,-0.0113,-0.0278,9.8065,-0.0998,0.1029,-0.0425,-17.87,-30,33.19,313.21,-86.67,163.8
52.379307,-1.524451,141.52,3.68,2,165.27,21 / 21,617630,2019-09-06 18:26:24:312,2.1019,-0.2962,10.2558,0.0059,0.0211,9.8066,0.0056,0.0415,-0.1015,-18.12,-29.25,33.56,317.58,-86.65,167.23
52.379307,-1.524451,141.52,3.68,2,165.27,21 / 21,617729,2019-09-06 18:26:24:411,-0.34,-0.7313,8.9632,-0.021,-0.0063,9.8065,-0.021,-0.0208,0.0411,-18.12,-28.81,32.63,317.65,-86.64,168.05
52.379307,-1.524451,141.52,3.68,2,165.27,21 / 21,617828,2019-09-06 18:26:24:510,0.3005,-0.637,9.0708,-0.0014,0.0102,9.8066,-0.0782,-0.0077,-0.0285,-18.19,-28.75,33.44,318.49,-86.58,168.91
52.379307,-1.524451,141.52,3.68,2,165.27,21 / 21,617929,2019-09-06 18:26:24:611,-0.0963,1.0253,10.8058,-0.0181,0.0056,9.8066,0.1264,-0.0291,0.0912,-17.94,-28.69,34.06,320.04,-86.67,169.6
52.379307,-1.524451,141.52,3.68,2,165.27,21 / 21,618029,2019-09-06 18:26:24:711,1.2079,-0.6058,10.1036,-0.0073,0.021,9.8066,-0.0234,-0.0665,-0.0101,-17.75,-28.19,33.88,320.87,-86.62,170.37
52.379307,-1.524451,141.52,3.68,2,165.27,21 / 21,618129,2019-09-06 18:26:24:811,-0.0268,-0.5112,9.3868,-0.0088,-0.0112,9.8066,-0.0284,0.0462,-0.0095,-17.12,-29,33.19,321.23,-86.63,170.18
52.379307,-1.524451,141.52,3.68,2,165.27,21 / 21,618229,2019-09-06 18:26:24:911,0.2534,0.8204,9.6846,0.0025,0.0213,9.8066,-0.0692,0.0546,-0.0149,-17.31,-28.75,32.63,321.92,-86.68,170.82
52.379307,-1.524451,141.52,3.68,2,165.27,21 / 21,618328,2019-09-06 18:26:25:010,0.1057,-0.4709,9.6152,-0.0058,0.0079,9.8065,-0.0253,0.0356,0.0516,-17.44,-29.06,32.75,322.88,-86.73,171.72
52.379307,-1.524451,141.52,3.68,2,165.27,20 / 21,618428,2019-09-06 18:26:25:110,-0.1969,0.4669,9.3932,0.001,0.0052,9.8066,-0.0299,0.0232,-0.0145,-18.19,-29.69,32.94,320.4,-86.68,170.75
52.379307,-1.524451,141.52,3.68,2,165.27,20 / 21,618528,2019-09-06 18:26:25:210,-0.4104,-0.291,10.0447,-0.0076,0.0248,9.8065,0.0742,0.0545,-0.0273,-18.19,-29.37,33.69,321.03,-86.72,170.53
52.379307,-1.524451,141.52,3.68,2,165.27,20 / 21,618630,2019-09-06 18:26:25:312,2.1009,-0.9418,10.5388,-0.015,0.0128,9.8066,0.081,0.0035,0.053,-18.25,-29.19,33.13,321.75,-86.58,172.04
52.379307,-1.524451,141.52,3.68,2,165.27,20 / 21,618729,2019-09-06 18:26:25:411,1.1288,1.2097,9.9612,0.0129,-0.0391,9.8065,-0.0015,-0.0573,-0.0002,-17.81,-29.44,32.69,320.88,-86.6,171.2
52.379307,-1.524451,141.52,3.68,2,165.27,20 / 21,618828,2019-09-06 18:26:25:510,0.4156,-1.0515,10.5168,0.013,-0.0186,9.8066,-0.0962,-0.0523,-0.0051,-17.94,-29.37,33.25,321.22,-86.39,171.63
52.379307,-1.524451,141.52,3.68,2,165.27,20 / 21,618928,2019-09-06 18:26:25:610,-0.5265,1.7104,10.4332,-0.0078,-0.0009,9.8066,-0.1112,0.0135,0.0334,-18.19,-29.69,32.81,323.22,-86.42,173.6
52.379307,-1.524451,141.52,3.68,2,165.27,20 / 21,619028,2019-09-06 18:26:25:710,-0.2678,0.0682,10.0518,-0.0026,-0.0036,9.8066,0.0107,0.0054,0.0145,-18.19,-29.25,33.13,324.69,-86.33,174.99
52.379307,-1.524451,141.52,3.68,2,165.27,20 / 21,619128,2019-09-06 18:26:25:810,-0.761,0.5406,9.7781,-0.0043,-0.0147,9.8066,0.0052,0.0068,-0.0313,-18.75,-29.44,33.5,324.68,-86.29,175.54
52.379307,-1.524451,141.52,3.68,2,165.27,20 / 21,619231,2019-09-06 18:26:25:913,0.5452,1.2131,10.1195,-0.0043,0.001,9.8066,0.0291,-0.007,-0.0563,-18.19,-29.94,33.63,326.71,-86.31,176.24
52.379307,-1.524451,141.52,3.68,2,165.27,20 / 21,619329,2019-09-06 18:26:26:011,-0.2402,0.4581,9.9684,0.0022,-0.0153,9.8066,0.0585,-0.0352,0.0122,-18.06,-29.87,33.13,324.84,-86.36,175.18
52.379307,-1.524451,141.52,3.68,2,165.27,20 / 20,619428,2019-09-06 18:26:26:110,-1.1126,1.4233,9.6489,0.0064,-0.0036,9.8066,-0.0182,0.0597,-0.0424,-18.5,-29.25,32.75,325.66,-86.3,175.94
52.379307,-1.524451,141.52,3.68,2,165.27,20 / 20,619529,2019-09-06 18:26:26:211,0.8217,0.9378,10.0698,-0.0159,0.0154,9.8066,-0.0397,-0.004,-0.0169,-17.94,-29.19,33,324.36,-86.51,174.59
52.379307,-1.524451,141.52,3.68,2,165.27,20 / 20,619629,2019-09-06 18:26:26:311,0.4241,1.0945,10.1191,0.001,0.0167,9.8065,-0.0239,0.0397,-0.0612,-17.87,-29.75,32.69,322.89,-86.48,173.25
52.379307,-1.524451,141.52,3.68,2,165.27,20 / 20,619730,2019-09-06 18:26:26:412,-2.4795,1.9769,10.5776,-0.0125,-0.0049,9.8066,-0.0805,-0.1471,0.0995,-18.31,-28.19,32.75,324.92,-86.44,175.1
52.379307,-1.524451,141.52,3.68,2,165.27,20 / 20,619828,2019-09-06 18:26:26:510,-0.2315,3.4463,9.7897,0.0139,-0.0049,9.8066,-0.0287,0.1138,-0.0904,-18.94,-29.37,32.25,321.18,-86.38,173.71
52.379307,-1.524451,141.52,3.68,2,165.27,20 / 20,619929,2019-09-06 18:26:26:611,-1.463,1.8305,10.3092,-0.0049,0.0247,9.8066,-0.0505,-0.037,0.0315,-18.69,-28.44,32.38,320.88,-86.54,173.27
52.379307,-1.524451,141.52,3.68,2,165.27,20 / 20,620029,2019-09-06 18:26:26:711,-0.8998,1.8796,9.9081,-0.0001,0.0169,9.8066,-0.1547,-0.0538,0.0396,-18.31,-29.06,32,318.74,-86.73,169.85
52.379307,-1.524451,141.52,3.68,2,165.27,20 / 20,620131,2019-09-06 18:26:26:813,-0.5607,2.0027,9.4288,0.0099,0.0097,9.8066,-0.0782,0.1371,-0.1102,-17.62,-29.25,31.75,314.37,-86.77,165.6
52.379307,-1.524451,141.52,3.68,2,165.27,20 / 20,620229,2019-09-06 18:26:26:911,1.0803,3.0696,9.1828,0.0125,-0.0064,9.8066,-0.0216,0.0986,-0.0834,-19.44,-28.44,30.94,312.8,-86.72,166.2
52.379307,-1.524451,141.52,3.68,2,165.27,20 / 20,620329,2019-09-06 18:26:27:011,-0.7824,1.4216,9.8933,-0.0154,-0.0039,9.8066,0.0354,0.0583,0.0525,-21,-29.12,31.25,310.41,-86.76,166.48
52.378647,-1.523851,142.22,10.27,3,148.87,21 / 21,620428,2019-09-06 18:26:27:110,-0.8054,2.0195,9.6887,-0.0095,0.0098,9.8066,0.028,0.1111,-0.0369,-20.62,-28.69,32.31,311.85,-86.76,166.99
52.378647,-1.523851,142.22,10.27,3,148.87,21 / 21,620529,2019-09-06 18:26:27:211,-0.0835,1.8897,9.8404,-0.0016,-0.0049,9.8066,-0.0858,0.1103,0.0219,-20.19,-29.19,31.94,313.06,-86.76,166.93
52.378647,-1.523851,142.22,10.27,3,148.87,21 / 21,620629,2019-09-06 18:26:27:311,0.9192,1.1794,9.9457,0.0118,-0.0161,9.8065,-0.0767,0.1294,0.0045,-20.37,-28.69,32.25,312.36,-86.79,166.23
52.378647,-1.523851,142.22,10.27,3,148.87,21 / 21,620729,2019-09-06 18:26:27:411,1.3724,1.7854,9.5796,0.0153,-0.0112,9.8066,-0.0646,0.1016,0.0192,-20.62,-28.31,31.63,310.51,-86.64,165.7
52.378647,-1.523851,142.22,10.27,3,148.87,21 / 21,620828,2019-09-06 18:26:27:510,1.1628,1.6182,9.2835,-0.0123,0.0209,9.8066,0.0513,0.1372,0.007,-20.81,-29.37,32,309.67,-86.79,164.87
52.378647,-1.523851,142.22,10.27,3,148.87,21 / 21,620929,2019-09-06 18:26:27:611,1.0051,1.3367,9.8272,-0.0163,-0.0008,9.8066,-0.014,0.1202,0.0929,-20.75,-28.87,32.13,311.87,-86.79,167
52.378647,-1.523851,142.22,10.27,3,148.87,21 / 21,621028,2019-09-06 18:26:27:710,-0.5922,1.3766,9.6046,-0.0187,-0.0125,9.8066,-0.0092,0.1497,-0.0058,-21.12,-29.81,31.75,318.89,-86.91,173.79
52.378647,-1.523851,142.22,10.27,3,148.87,21 / 21,621128,2019-09-06 18:26:27:810,0.966,0.9118,9.575,-0.0162,0.0046,9.8066,0.0616,0.0941,0.0805,-20.81,-29.06,32,321.03,-86.96,175.79
52.378647,-1.523851,142.22,10.27,3,148.87,21 / 21,621228,2019-09-06 18:26:27:910,0.1572,1.1083,9.5277,-0.0192,-0.0488,9.8065,-0.0651,0.172,0.1111,-21,-29.56,31.75,327.86,-86.92,-177.54
52.378647,-1.523851,142.22,10.27,3,148.87,21 / 21,621331,2019-09-06 18:26:28:013,-0.1647,-0.0407,10.1668,-0.0156,-0.0217,9.8065,-0.0189,0.1074,0.1034,-21.44,-29,32.06,338.94,-86.72,-166.86
52.378647,-1.523851,142.22,10.27,3,148.87,20 / 20,621430,2019-09-06 18:26:28:112,1.6443,0.0692,9.7702,0.01,-0.0214,9.8066,-0.207,0.003,0.1397,-21.69,-29.75,31.13,342.27,-86.65,-161.54
52.378647,-1.523851,142.22,10.27,3,148.87,20 / 20,621529,2019-09-06 18:26:28:211,-4.5765,-1.877,13.931,-0.0203,-0.015,9.8066,0.068,-0.188,0.1213,-21.69,-28.62,31.31,348.42,-86.72,-155.7
52.378647,-1.523851,142.22,10.27,3,148.87,20 / 20,621630,2019-09-06 18:26:28:312,0.3575,-0.9562,10.8847,0.0159,-0.0686,9.8063,0.3198,0.3705,-0.144,-21.44,-29.31,32.06,349.83,-85.53,-156.27
52.378647,-1.523851,142.22,10.27,3,148.87,20 / 20,621728,2019-09-06 18:26:28:410,-0.2008,-2.2607,7.3946,0.033,-0.0677,9.8064,0.3566,0.0819,0.1479,-21.56,-28.25,33.56,343.45,-84.74,-162.54
52.378647,-1.523851,142.22,10.27,3,148.87,20 / 20,621829,2019-09-06 18:26:28:511,-0.2209,-3.9713,8.5136,-0.0143,-0.0685,9.8064,-0.5976,0.2222,-0.0095,-21.87,-28.44,33,342.52,-84.17,-162.47
52.378647,-1.523851,142.22,10.27,3,148.87,20 / 20,621929,2019-09-06 18:26:28:611,-1.6102,3.217,8.1089,-0.0317,-0.012,9.8066,-0.2798,-0.1754,0.0892,-22.37,-28.87,31.88,353.81,-84.97,-151.26
52.378647,-1.523851,142.22,10.27,3,148.87,20 / 20,622028,2019-09-06 18:26:28:710,-2.1298,0.2065,10.2245,-0.0649,0.086,9.806,-0.3678,-0.2032,0.0231,-22.81,-29.5,30.94,19.55,-86.39,-124.82
52.378647,-1.523851,142.22,10.27,3,148.87,20 / 20,622128,2019-09-06 18:26:28:810,-1.1403,-0.5044,8.9839,0.0518,-0.0401,9.8064,-0.151,-0.0152,0.0247,-22.56,-28.94,30.44,19.07,-86.51,-124.36
52.378647,-1.523851,142.22,10.27,3,148.87,20 / 20,622230,2019-09-06 18:26:28:912,-2.1804,-1.3525,8.4404,-0.0264,0.0088,9.8066,0.0439,-0.213,0.0224,-22.62,-29.31,31.94,16.89,-86.1,-128.27
52.378647,-1.523851,142.22,10.27,3,148.87,20 / 20,622329,2019-09-06 18:26:29:011,1.099,-1.6947,7.101,0.0029,-0.0194,9.8066,-0.1073,-0.0431,-0.0186,-22.12,-28.44,31.88,13.17,-85.72,-133.06
52.378647,-1.523851,142.22,10.27,3,148.87,20 / 20,622429,2019-09-06 18:26:29:111,-2.4893,-0.2237,11.6727,-0.0749,0.0251,9.8062,-0.3092,-0.1269,0.0624,-22.37,-28.81,31,25.56,-85.99,-120.45
52.378647,-1.523851,142.22,10.27,3,148.87,20 / 20,622528,2019-09-06 18:26:29:210,-2.3162,3.16,11.5316,-0.0244,0.0449,9.8065,-0.1292,-0.0225,-0.0184,-21.19,-28.5,30.38,38.51,-86.3,-108.32
52.378647,-1.523851,142.22,10.27,3,148.87,20 / 20,622630,2019-09-06 18:26:29:312,0.3996,-0.8142,10.4329,0.0386,-0.0274,9.8065,0.1707,-0.1098,-0.0461,-21.56,-28.12,30.38,31.9,-86.45,-113.31
52.378647,-1.523851,142.22,10.27,3,148.87,20 / 20,622729,2019-09-06 18:26:29:411,1.2103,0.5666,8.6137,0.0657,-0.1304,9.8055,0.0715,-0.0188,-0.0253,-21.56,-27.44,32.81,10.89,-85.44,-136.04
52.378647,-1.523851,142.22,10.27,3,148.87,20 / 20,622830,2019-09-06 18:26:29:512,-0.2998,-2.7705,10.0762,-0.0469,0.0172,9.8065,0.1487,-0.1282,0.0812,-21.62,-26.69,32.63,6.52,-84.51,-140.24
52.378647,-1.523851,142.22,10.27,3,148.87,20 / 20,622928,2019-09-06 18:26:29:610,-0.9375,-0.0997,9.8787,-0.0504,0.0791,9.8062,-0.1753,-0.0491,-0.048,-20.81,-27.25,33.19,10.25,-84.56,-137.99
52.378647,-1.523851,142.22,10.27,3,148.87,20 / 20,623028,2019-09-06 18:26:29:710,-0.0088,0.1599,9.6044,-0.012,0.0415,9.8065,-0.0052,-0.0739,-0.0498,-20.5,-28.25,31.81,14.07,-85.31,-134.82
52.378647,-1.523851,142.22,10.27,3,148.87,20 / 20,623128,2019-09-06 18:26:29:810,-0.1384,0.2256,10.4702,0.0086,0.0145,9.8065,0.1124,-0.0518,-0.0334,-20.56,-28.81,33,14.58,-85.54,-133.83
52.378647,-1.523851,142.22,10.27,3,148.87,20 / 20,623229,2019-09-06 18:26:29:911,0.4244,0.3214,9.6413,0.0241,-0.0437,9.8064,-0.0134,-0.0131,0.011,-20.31,-28.37,32.13,13.31,-85.6,-135.47
52.378647,-1.523851,142.22,10.27,3,148.87,20 / 20,623329,2019-09-06 18:26:30:011,1.4929,-2.1461,9.8238,0.016,-0.0437,9.8065,-0.0456,-0.0456,-0.0018,-20.75,-28.31,32.63,9.03,-85.14,-139.08
52.378647,-1.523851,142.22,10.27,3,148.87,20 / 21,623428,2019-09-06 18:26:30:110,-0.1067,-1.1709,10.2819,-0.023,0.0126,9.8066,-0.0354,-0.0195,-0.0095,-21,-28.56,32.88,10.76,-85.09,-137.48
52.378647,-1.523851,142.22,10.27,3,148.87,20 / 21,623529,2019-09-06 18:26:30:211,1.2351,-1.0777,9.3599,-0.0125,0.0119,9.8066,0.0412,-0.1703,0.0747,-20.69,-29.56,33.56,12.76,-85.1,-136.4
52.378647,-1.523851,142.22,10.27,3,148.87,20 / 21,623629,2019-09-06 18:26:30:311,0.4675,0.0364,9.4037,-0.0128,0.0017,9.8066,-0.0791,-0.0341,-0.0362,-20.25,-28.75,32.75,15.27,-85.08,-134.54
52.378647,-1.523851,142.22,10.27,3,148.87,20 / 21,623729,2019-09-06 18:26:30:411,-0.0832,-1.4295,9.6999,-0.0112,0.0149,9.8066,-0.0079,-0.015,0.0983,-21.06,-28.75,33,16.42,-85.09,-132.2
52.378647,-1.523851,142.22,10.27,3,148.87,20 / 21,623829,2019-09-06 18:26:30:511,0.7607,-0.9536,10.001,-0.0042,-0.019,9.8066,0.0293,0.0321,-0.0415,-20.56,-28.62,32.88,17.3,-84.91,-131.41
52.378647,-1.523851,142.22,10.27,3,148.87,20 / 21,623935,2019-09-06 18:26:30:617,-0.5189,1.7239,9.7213,-0.0093,0.0094,9.8066,0.0277,-0.0077,-0.0093,-20.94,-28.94,32.81,16.49,-84.83,-132.19
52.378647,-1.523851,142.22,10.27,3,148.87,20 / 21,624029,2019-09-06 18:26:30:711,1.3005,-0.5815,9.9141,0.0003,0.001,9.8066,0.0018,-0.0365,0.0507,-20.19,-29.25,33.69,17.85,-84.79,-132.92
52.378647,-1.523851,142.22,10.27,3,148.87,20 / 21,624128,2019-09-06 18:26:30:810,0.5344,0.595,10.004,0.0012,0.0145,9.8066,0.0023,-0.0636,0.0789,-21.12,-28.37,33.19,15.36,-84.78,-133.22
52.378647,-1.523851,142.22,10.27,3,148.87,20 / 21,624230,2019-09-06 18:26:30:912,0.6568,-1.005,9.9264,0.0086,0.0028,9.8066,-0.005,-0.0286,-0.0194,-20.44,-28.5,33.38,17.12,-84.75,-132.85
52.378647,-1.523851,142.22,10.27,3,148.87,20 / 21,624330,2019-09-06 18:26:31:012,0.6919,-0.1897,10.0028,-0.0022,0.0122,9.8066,0.0314,0.0687,-0.0102,-20.44,-28.62,33.31,16.45,-84.88,-133.48
52.378647,-1.523851,142.22,10.27,3,148.87,20 / 20,624429,2019-09-06 18:26:31:111,-0.4836,0.5489,10.0458,-0.0058,0.0102,9.8066,0.0469,-0.0407,-0.0088,-21,-28.94,32.81,14.92,-84.96,-133.63
52.378647,-1.523851,142.22,10.27,3,148.87,20 / 20,624528,2019-09-06 18:26:31:210,1.2569,-0.8202,9.5186,0.012,-0.0091,9.8066,-0.0006,-0.0246,0.0651,-20.44,-28.37,32.88,16.32,-85.02,-133.54
52.378647,-1.523851,142.22,10.27,3,148.87,20 / 20,624630,2019-09-06 18:26:31:312,0.3459,-1.5031,9.7902,-0.0158,0.0018,9.8066,-0.0201,-0.0112,0.0131,-20.31,-28.37,32.63,15.8,-84.94,-134.04
52.378647,-1.523851,142.22,10.27,3,148.87,20 / 20,624728,2019-09-06 18:26:31:410,0.1063,0.5518,9.733,0.0007,0.0123,9.8066,-0.002,-0.099,0.0556,-20.62,-29.12,32.5,16.05,-84.9,-132.58
52.378647,-1.523851,142.22,10.27,3,148.87,20 / 20,624829,2019-09-06 18:26:31:511,2.0558,-1.9952,9.963,-0.0157,0.0145,9.8065,0.0282,0.0769,-0.0699,-20.44,-28.44,32.38,18.78,-84.99,-130.47
52.378647,-1.523851,142.22,10.27,3,148.87,20 / 20,624929,2019-09-06 18:26:31:611,1.1919,0.5232,10.0696,-0.0015,-0.0022,9.8066,-0.1278,0.0512,-0.0154,-21.06,-29.5,31.75,18.63,-85.23,-129.31
52.378647,-1.523851,142.22,10.27,3,148.87,20 / 20,625029,2019-09-06 18:26:31:711,-1.3055,1.4509,10.69,0.0152,-0.0225,9.8065,-0.0409,-0.0417,0.0224,-21,-28.37,32.5,18.6,-85.16,-130.09
52.378647,-1.523851,142.22,10.27,3,148.87,20 / 20,625129,2019-09-06 18:26:31:811,1.479,1.457,10.1411,-0.0044,0.004,9.8066,0.2423,-0.1284,0.1314,-20.94,-28.19,32.31,15.56,-84.96,-132.21
52.378647,-1.523851,142.22,10.27,3,148.87,20 / 20,625229,2019-09-06 18:26:31:911,1.4257,-0.0851,17.0603,0.0169,-0.0303,9.8065,0.1943,0.0844,-0.1037,-21.81,-27.69,32.75,10.75,-84.41,-136.34
52.378647,-1.523851,142.22,10.27,3,148.87,20 / 20,625328,2019-09-06 18:26:32:010,6.3211,-3.7048,6.9157,0.0763,-0.1288,9.8054,0.0719,0.0932,-0.3402,-21.37,-27.12,33.94,2.76,-83.53,-145.77
52.378647,-1.523851,142.22,10.27,3,148.87,20 / 20,625429,2019-09-06 18:26:32:111,0.9939,-3.4453,7.8578,0.0302,-0.0265,9.8065,0.1483,-0.0561,0.0838,-21.62,-27.75,34.19,359.74,-83.35,-147.33
52.378647,-1.523851,142.22,10.27,3,148.87,20 / 20,625529,2019-09-06 18:26:32:211,-1.8664,-0.4316,7.7547,-0.077,0.1403,9.8053,-0.1596,0.1099,0.0694,-21.87,-28.37,33.63,3.39,-83.7,-143.98
52.378647,-1.523851,142.22,10.27,3,148.87,20 / 20,625630,2019-09-06 18:26:32:312,-0.5732,-0.21,9.5237,-0.0509,0.0764,9.8062,-0.1759,0.0915,-0.0972,-21.69,-28.69,32.13,13.68,-85.3,-132.69
52.378647,-1.523851,142.22,10.27,3,148.87,20 / 20,625729,2019-09-06 18:26:32:411,0.1055,0.2027,10.0198,0.0152,-0.0197,9.8065,0.0949,-0.0361,-0.0233,-21.37,-28.25,31.81,18.54,-85.68,-129.24
52.378647,-1.523851,142.22,10.27,3,148.87,20 / 20,625829,2019-09-06 18:26:32:511,1.2653,-0.3421,9.5519,0.025,-0.0469,9.8065,0.1585,-0.0394,0.012,-21.12,-28.44,32.44,16.51,-85.4,-131.22
52.378647,-1.523851,142.22,10.27,3,148.87,20 / 20,625928,2019-09-06 18:26:32:610,1.8426,-1.806,10.654,0.0182,-0.0523,9.8065,0.0804,0.0697,-0.1168,-20.75,-28.06,33.38,9.19,-84.64,-138.99
52.378647,-1.523851,142.22,10.27,3,148.87,20 / 20,626029,2019-09-06 18:26:32:711,0.4416,0.1811,10.7113,0.0207,0.0141,9.8065,-0.0059,0.0754,-0.0851,-20.87,-28.56,33.25,5.99,-84.59,-141.99
52.378647,-1.523851,142.22,10.27,3,148.87,20 / 20,626128,2019-09-06 18:26:32:810,0.6353,-0.9816,10.573,-0.0118,0.0534,9.8065,0.1035,-0.1002,-0.0134,-20.81,-28.06,33.19,5.78,-84.7,-142.16
52.378647,-1.523851,142.22,10.27,3,148.87,20 / 20,626229,2019-09-06 18:26:32:911,3.1659,0.0409,8.6101,-0.0344,0.046,9.8064,0.1056,0.1407,-0.1301,-20.87,-28.81,32.75,8.2,-85.12,-139.88
52.378647,-1.523851,142.22,10.27,3,148.87,20 / 20,626329,2019-09-06 18:26:33:011,-0.6252,0.1137,8.0552,-0.0078,-0.0257,9.8065,-0.1661,0.0976,-0.0709,-20.69,-28.44,33,8.39,-85.14,-139.68
52.378647,-1.523851,142.22,10.27,3,148.87,20 / 20,626429,2019-09-06 18:26:33:111,3.087,-0.0313,9.1904,0.0088,0.0178,9.8065,-0.0566,-0.189,0.1717,-20.75,-29,33,8.64,-85.19,-139.45
52.378647,-1.523851,142.22,10.27,3,148.87,20 / 20,626528,2019-09-06 18:26:33:210,-0.122,-1.6118,9.8965,-0.0021,-0.006,9.8066,-0.0942,-0.0368,-0.0585,-20.87,-29.12,32.88,11.32,-84.9,-136.99
52.378647,-1.523851,142.22,10.27,3,148.87,20 / 20,626629,2019-09-06 18:26:33:311,0.5498,-0.5549,9.8664,-0.0034,-0.0063,9.8066,0.0253,0.0143,0.0537,-21.12,-28.19,32.81,11.72,-84.95,-136.59
52.378647,-1.523851,142.22,10.27,3,148.87,20 / 20,626728,2019-09-06 18:26:33:410,3.5876,-1.953,9.495,-0.0135,0.0174,9.8066,-0.0842,-0.0191,-0.0193,-21.12,-28.62,32.44,10.93,-84.93,-136.57
52.378647,-1.523851,142.22,10.27,3,148.87,20 / 20,626828,2019-09-06 18:26:33:510,0.0048,1.09,9.3068,0.0015,0.0037,9.8066,-0.1374,0.0529,0.0253,-21.44,-29.25,33.06,14.53,-85,-133.99
52.378647,-1.523851,142.22,10.27,3,148.87,20 / 20,626928,2019-09-06 18:26:33:610,0.1764,1.3529,9.1445,-0.0213,0.0238,9.8066,0.1203,-0.054,0.111,-20.87,-28.06,32.75,17.15,-85.19,-131.45
52.378647,-1.523851,142.22,10.27,3,148.87,20 / 20,627028,2019-09-06 18:26:33:710,-0.7854,0.7221,10.2696,-0.0135,-0.0138,9.8065,-0.0095,0.1379,-0.1174,-20.75,-28.75,32.63,17.58,-84.96,-131.14
52.378647,-1.523851,142.22,10.27,3,148.87,20 / 20,627129,2019-09-06 18:26:33:811,1.044,0.3827,10.4235,-0.0041,-0.0049,9.8066,0.1821,-0.0138,0.0249,-20.69,-28.06,33.19,17.21,-85,-131.44
52.378647,-1.523851,142.22,10.27,3,148.87,20 / 20,627230,2019-09-06 18:26:33:912,-0.4675,-1.0942,10.4286,0.0222,-0.0009,9.8066,-0.0018,-0.0705,0.0253,-20.62,-27.81,32.69,14.85,-84.93,-133.66
52.378647,-1.523851,142.22,10.27,3,148.87,20 / 20,627329,2019-09-06 18:26:34:011,0.526,1.0304,9.5986,-0.0018,0.007,9.8066,0.1144,0.0733,-0.0868,-21.06,-28.69,32.5,12,-85.02,-136.34
52.378647,-1.523851,142.22,10.27,3,148.87,20 / 20,627429,2019-09-06 18:26:34:111,-0.0842,-0.6194,10.4381,0.0127,-0.0028,9.8066,0.0396,0.1061,-0.036,-20.56,-28.44,33.19,10.03,-85.07,-138.15
52.378647,-1.523851,142.22,10.27,3,148.87,20 / 20,627528,2019-09-06 18:26:34:210,1.6239,-0.7655,9.7145,-0.0127,0.0302,9.8066,0.1138,-0.1177,0.0967,-20.5,-28.62,32.63,12.88,-85.48,-136.7
52.378647,-1.523851,142.22,10.27,3,148.87,20 / 20,627628,2019-09-06 18:26:34:310,-0.0575,2.8018,8.8956,-0.022,0.009,9.8066,-0.1091,0.0401,-0.1328,-20.75,-29,32.13,12.05,-85.4,-135.44
52.378647,-1.523851,142.22,10.27,3,148.87,20 / 20,627728,2019-09-06 18:26:34:410,2.641,0.7341,5.1176,-0.036,0.0173,9.8065,-0.527,0.1201,-0.1411,-20.87,-29.12,31.75,17.62,-85.67,-130.14
52.378647,-1.523851,142.22,10.27,3,148.87,20 / 20,627828,2019-09-06 18:26:34:510,-2.5771,2.8161,9.2126,0.1038,-0.1104,9.8055,-0.9628,-0.1522,0.213,-21.12,-29.19,30.5,12.31,-85.61,-134.34
52.378647,-1.523851,142.22,10.27,3,148.87,20 / 20,627928,2019-09-06 18:26:34:610,-5.8286,5.454,9.4915,-0.13,0.1934,9.8039,-0.107,0.1575,-0.1605,-21.25,-29.75,31,25.04,-86.12,-122.21
52.378647,-1.523851,142.22,10.27,3,148.87,20 / 20,628029,2019-09-06 18:26:34:711,-1.1958,3.8038,11.8408,0.1068,-0.0936,9.8056,-0.4026,-0.0502,0.0549,-20.62,-28.87,32.44,19.2,-86.37,-128.47
52.378647,-1.523851,142.22,10.27,3,148.87,20 / 20,628129,2019-09-06 18:26:34:811,0.9197,-1.6207,9.8635,-0.0162,0.0149,9.8065,0.1895,0.0155,0.0042,-20.75,-28.31,33.13,8.48,-85.48,-139.55
52.378647,-1.523851,142.22,10.27,3,148.87,20 / 20,628228,2019-09-06 18:26:34:910,-0.506,-0.7184,9.8462,-0.019,-0.0059,9.8065,-0.2786,-0.0371,0.0918,-20.87,-28.56,33.31,3.78,-84.83,-144.02
52.378647,-1.523851,142.22,10.27,3,148.87,20 / 20,628329,2019-09-06 18:26:35:011,0.0102,0.7627,8.9009,-0.0519,0.0748,9.8061,0.0089,-0.0154,-0.0007,-20.94,-29.44,32.81,13.15,-85.47,-135.18
52.378647,-1.523851,142.22,10.27,3,148.87,20 / 20,628428,2019-09-06 18:26:35:110,0.135,0.6461,9.0155,-0.0394,0.0607,9.8063,0.0424,0.019,0.0064,-20.94,-28.75,32.06,18.8,-85.85,-128.98
52.378647,-1.523851,142.22,10.27,3,148.87,20 / 20,628528,2019-09-06 18:26:35:210,0.6977,-0.03,9.6555,0.0057,-0.0396,9.8065,0.0615,0.0209,0.0073,-20.69,-29.19,32.44,21.02,-85.96,-126.85
52.378647,-1.523851,142.22,10.27,3,148.87,20 / 20,628628,2019-09-06 18:26:35:310,0.92,-0.1112,9.2201,0.0175,-0.0396,9.8065,0.0704,0.0115,0.0076,-21,-29,32.88,18.28,-85.47,-130.36
52.378647,-1.523851,142.22,10.27,3,148.87,20 / 20,628730,2019-09-06 18:26:35:412,1.3465,-0.866,10.0325,-0.0076,-0.0029,9.8066,0.037,0.0126,0.0876,-20.94,-29,32.69,16.79,-85.19,-131.82
52.378647,-1.523851,142.22,10.27,3,148.87,20 / 20,628829,2019-09-06 18:26:35:511,-0.4726,-0.7001,9.9194,-0.0306,0.0117,9.8065,-0.0894,-0.0383,-0.0493,-21.12,-28.94,32.75,20.38,-85.19,-128.46
52.378647,-1.523851,142.22,10.27,3,148.87,20 / 20,628929,2019-09-06 18:26:35:611,0.3622,0.418,10.3413,-0.0094,0.0292,9.8066,0.0105,0.0225,0.0696,-21.19,-28.87,31.75,26.1,-85.49,-122.2
52.378647,-1.523851,142.22,10.27,3,148.87,20 / 20,629028,2019-09-06 18:26:35:710,0.5373,0.4448,10.7839,-0.0133,-0.0005,9.8066,0.0024,0.033,0.0343,-21.25,-28.81,31.88,27.78,-85.46,-120.62
52.378647,-1.523851,142.22,10.27,3,148.87,20 / 20,629129,2019-09-06 18:26:35:811,1.3194,-0.8344,9.7679,0.0275,-0.0342,9.8065,0.0301,0.0135,0.0145,-21.25,-28.62,32.5,27.58,-85.31,-121.63
52.378647,-1.523851,142.22,10.27,3,148.87,20 / 20,629229,2019-09-06 18:26:35:911,0.2136,0.4486,9.6112,0.0235,-0.0443,9.8065,0.0073,0.0077,-0.0095,-21.56,-28.44,32.31,19.79,-84.97,-127
52.378647,-1.523851,142.22,10.27,3,148.87,20 / 20,629329,2019-09-06 18:26:36:011,1.8649,-0.4695,9.3743,0.0047,0.0233,9.8066,-0.0629,0.017,0.0206,-21.19,-28.62,32.38,20.79,-85.07,-127.33
52.377903,-1.523068,142.29,12.18,2,147.31,21 / 21,629429,2019-09-06 18:26:36:111,1.2377,-0.3416,10.0925,-0.0018,0.0054,9.8066,-0.0948,0.0245,0.0011,-21.87,-28.56,31.94,20.19,-85.13,-126.62
52.377903,-1.523068,142.29,12.18,2,147.31,21 / 21,629529,2019-09-06 18:26:36:211,0.5657,-0.5106,10.1018,-0.004,0.0086,9.8066,0.0264,-0.0424,0.0287,-22.12,-28.37,31.94,21.04,-85.23,-125.75
52.377903,-1.523068,142.29,12.18,2,147.31,21 / 21,629628,2019-09-06 18:26:36:310,1.7335,0.3613,9.6297,-0.0004,-0.0016,9.8066,-0.0568,0.0725,-0.0071,-22.06,-28.5,32.44,20.69,-85.18,-126.09
52.377903,-1.523068,142.29,12.18,2,147.31,21 / 21,629729,2019-09-06 18:26:36:411,1.213,-0.4264,9.5659,0.0099,-0.0289,9.8066,-0.0927,-0.037,0.005,-21.69,-29.19,32,19,-85,-127.77
52.377903,-1.523068,142.29,12.18,2,147.31,21 / 21,629829,2019-09-06 18:26:36:511,0.5528,1.1376,10.0466,0.0073,-0.0204,9.8065,-0.0654,0.0605,-0.1028,-21.5,-28.56,31.69,21.14,-84.95,-127.04
52.377903,-1.523068,142.29,12.18,2,147.31,21 / 21,629929,2019-09-06 18:26:36:611,1.0815,-0.3274,11.5607,0.0208,-0.0264,9.8066,-0.0117,-0.0332,0.0302,-21.81,-28.56,32.5,18.38,-85.01,-129.14
52.377903,-1.523068,142.29,12.18,2,147.31,21 / 21,630029,2019-09-06 18:26:36:711,-0.0558,-0.2467,10.423,0.0161,0.0254,9.8065,0.2347,-0.034,-0.0259,-21.81,-28.62,31.69,16.42,-85.17,-130.15
52.377903,-1.523068,142.29,12.18,2,147.31,21 / 21,630128,2019-09-06 18:26:36:810,1.4794,-0.9261,10.3787,0.0289,-0.0468,9.8064,-0.1199,0.0605,-0.0153,-21.62,-28.12,32.69,14.28,-85.17,-132.92
52.377903,-1.523068,142.29,12.18,2,147.31,21 / 21,630229,2019-09-06 18:26:36:911,-0.5826,0.1227,9.8742,0.0173,0.0087,9.8066,0.0896,-0.0006,0.0712,-22.19,-28.19,32.31,11.71,-85.23,-134.52
52.377903,-1.523068,142.29,12.18,2,147.31,21 / 21,630329,2019-09-06 18:26:37:011,0.6242,-0.3837,9.3055,0.0052,-0.0301,9.8065,-0.1946,0.0806,-0.0227,-22.06,-28.69,32.06,11.31,-85.15,-134.93
52.377903,-1.523068,142.29,12.18,2,147.31,20 / 20,630428,2019-09-06 18:26:37:110,-1.1842,0.6424,9.2387,0.0178,-0.0499,9.8065,-0.0277,-0.0306,0.099,-21.87,-28.75,32.75,12.96,-85.03,-134.21
52.377903,-1.523068,142.29,12.18,2,147.31,20 / 20,630529,2019-09-06 18:26:37:211,2.4582,-2.6617,8.8656,-0.0342,0.0324,9.8065,0.034,0.0167,0.0638,-22.25,-28.31,32.31,12.74,-84.9,-133.61
52.377903,-1.523068,142.29,12.18,2,147.31,20 / 20,630629,2019-09-06 18:26:37:311,0.0099,0.6443,9.1924,-0.0219,-0.0004,9.8065,0.003,0.0028,-0.0466,-22.37,-27.94,32.31,16.27,-84.84,-130.33
52.377903,-1.523068,142.29,12.18,2,147.31,20 / 20,630728,2019-09-06 18:26:37:410,-0.0003,-0.6169,9.9556,-0.0115,0.038,9.8065,0.0623,0.0133,-0.0077,-22.25,-28.69,31.63,19.33,-85.08,-127.45
52.377903,-1.523068,142.29,12.18,2,147.31,20 / 20,630828,2019-09-06 18:26:37:510,-0.0305,0.6034,10.8225,-0.0046,0.0441,9.8064,-0.036,-0.0359,-0.0471,-22.44,-28.12,32,18.33,-85.3,-128.28
52.377903,-1.523068,142.29,12.18,2,147.31,20 / 20,630928,2019-09-06 18:26:37:610,0.1082,-0.3054,10.0176,0.0308,-0.0182,9.8065,0.0826,-0.0568,0.0208,-22.19,-28.62,32.19,13.16,-85.47,-133.14
52.377903,-1.523068,142.29,12.18,2,147.31,20 / 20,631029,2019-09-06 18:26:37:711,1.3647,-1.0014,10.7802,-0.0086,0.0163,9.8066,0.0538,-0.1454,-0.0622,-21.75,-29.06,31.38,12.99,-85.51,-132.46
52.377903,-1.523068,142.29,12.18,2,147.31,20 / 20,631129,2019-09-06 18:26:37:811,2.1202,-0.3972,10.6667,0.0305,-0.0064,9.8065,0.1107,-0.0533,0.0902,-21.69,-28.69,31.5,12.16,-85.45,-134.08
52.377903,-1.523068,142.29,12.18,2,147.31,20 / 20,631229,2019-09-06 18:26:37:911,1.4251,-1.2248,10.5191,-0.0012,-0.0319,9.8066,0.0804,0.0498,0.0529,-22.19,-28.19,32.5,10.49,-85.15,-136.48
52.377903,-1.523068,142.29,12.18,2,147.31,20 / 20,631328,2019-09-06 18:26:38:010,1.3555,-0.1489,9.1711,-0.0048,0.0051,9.8066,-0.006,-0.0089,-0.0201,-22.12,-29,31.75,10.24,-85.07,-135.94
52.377903,-1.523068,142.29,12.18,2,147.31,21 / 21,631428,2019-09-06 18:26:38:110,0.6796,-0.9889,9.7554,0.0062,-0.0103,9.8066,-0.0566,-0.0453,-0.0111,-22.06,-28.81,32.44,10.84,-85.04,-135.39
52.377903,-1.523068,142.29,12.18,2,147.31,21 / 21,631528,2019-09-06 18:26:38:210,0.2712,0.0209,9.2583,-0.0109,0.0237,9.8066,0.0323,0.0623,0.1091,-22.69,-28.87,32.31,10.37,-85.21,-134.59
52.377903,-1.523068,142.29,12.18,2,147.31,21 / 21,631629,2019-09-06 18:26:38:311,-0.0091,-0.9461,10.6022,-0.0068,-0.0108,9.8066,0.0124,-0.0385,0.0116,-22.12,-28.75,31.5,13.76,-85.25,-132.62
52.377903,-1.523068,142.29,12.18,2,147.31,21 / 21,631729,2019-09-06 18:26:38:411,3.0333,-1.7514,10.124,0.033,-0.031,9.8065,-0.0872,-0.0201,0.0235,-22.75,-28.94,32.19,10.04,-85.18,-134.91
52.377903,-1.523068,142.29,12.18,2,147.31,21 / 21,631829,2019-09-06 18:26:38:511,1.5017,-0.1279,9.5619,0.0076,-0.0364,9.8065,-0.0394,-0.0067,0.023,-22.12,-29.31,32.06,11.83,-85.08,-134.46
52.377903,-1.523068,142.29,12.18,2,147.31,21 / 21,631929,2019-09-06 18:26:38:611,0.5628,-0.4061,9.6428,-0.0061,0.0329,9.8066,-0.0502,0.0307,-0.0325,-22.44,-28.69,31.75,14.11,-85.3,-132.28
52.377903,-1.523068,142.29,12.18,2,147.31,21 / 21,632028,2019-09-06 18:26:38:710,0.931,-0.4725,9.1844,0.0178,-0.0003,9.8065,-0.0655,0.05,0.0178,-22.44,-29.25,31.19,12.03,-85.45,-133.36
52.377903,-1.523068,142.29,12.18,2,147.31,21 / 21,632129,2019-09-06 18:26:38:811,0.2836,0.991,9.2467,-0.0307,0.034,9.8065,0.0755,0.0948,-0.0485,-22.56,-29.62,31.38,10.78,-85.55,-133.33
52.377903,-1.523068,142.29,12.18,2,147.31,21 / 21,632229,2019-09-06 18:26:38:911,0.2195,-0.0009,9.3664,-0.0148,0.0308,9.8065,-0.0155,0.0052,0.0193,-22.31,-29.44,31.5,15.31,-85.78,-131.05
52.377903,-1.523068,142.29,12.18,2,147.31,21 / 21,632328,2019-09-06 18:26:39:010,2.4695,0.3128,9.1272,-0.0054,0.0034,9.8066,-0.0213,0.0222,0.1214,-22.94,-28.75,30.69,15.25,-85.74,-129.05
52.377903,-1.523068,142.29,12.18,2,147.31,20 / 20,632428,2019-09-06 18:26:39:110,0.339,-0.5998,10.0148,-0.0304,-0.019,9.8065,-0.0419,0.0632,-0.0079,-23.81,-29,30.88,17.79,-85.5,-125.53
52.377903,-1.523068,142.29,12.18,2,147.31,20 / 20,632529,2019-09-06 18:26:39:211,-0.0015,0.3168,10.233,0.0055,-0.0191,9.8066,0.0066,0.0047,0.0921,-23.44,-29.06,31.44,20.68,-85.4,-124.02
52.377903,-1.523068,142.29,12.18,2,147.31,20 / 20,632629,2019-09-06 18:26:39:311,0.4788,-1.8592,8.9167,0.001,0.0072,9.8066,0.097,-0.0151,0.1007,-23.06,-28.44,31.94,20.76,-85.23,-124.8
52.377903,-1.523068,142.29,12.18,2,147.31,20 / 20,632728,2019-09-06 18:26:39:410,1.1601,-0.2001,9.9696,-0.0126,0.0262,9.8066,0.0152,-0.0708,-0.0162,-23,-28.44,31.75,20.75,-85.18,-124.82
52.377903,-1.523068,142.29,12.18,2,147.31,20 / 20,632828,2019-09-06 18:26:39:510,1.061,1.6315,9.4727,-0.0077,0.0449,9.8065,-0.0125,0.0987,-0.0521,-23.25,-29.06,30.75,20.75,-85.43,-123.95
52.377903,-1.523068,142.29,12.18,2,147.31,20 / 20,632930,2019-09-06 18:26:39:612,1.0042,0.2065,10.3517,0.0013,-0.0085,9.8066,-0.0468,0.0856,-0.0557,-22.69,-28.94,30.94,20.5,-85.57,-124.15
52.377903,-1.523068,142.29,12.18,2,147.31,20 / 20,633029,2019-09-06 18:26:39:711,1.2404,0.1667,9.4317,0.0018,0.0068,9.8066,0.1042,-0.0086,0.0082,-23.44,-28.75,31.19,21.33,-85.71,-123.33
52.377903,-1.523068,142.29,12.18,2,147.31,20 / 20,633129,2019-09-06 18:26:39:811,0.2217,-0.014,10.0501,0.0032,0.0017,9.8066,0.0615,0.0328,0.0441,-23.44,-29.19,30.94,19.46,-85.47,-125.16
52.377903,-1.523068,142.29,12.18,2,147.31,20 / 20,633229,2019-09-06 18:26:39:911,1.4511,1.976,9.5083,0.0289,-0.0185,9.8065,-0.0701,0.1079,0.0683,-23.69,-28.87,30.81,14.58,-85.41,-128.57
52.377903,-1.523068,142.29,12.18,2,147.31,20 / 20,633329,2019-09-06 18:26:40:011,-0.4314,-1.2796,10.4376,-0.0219,-0.0397,9.8065,-0.0317,-0.0368,0.0938,-23.06,-29.19,31.5,19.75,-85.25,-125.78
52.377903,-1.523068,142.29,12.18,2,147.31,21 / 21,633429,2019-09-06 18:26:40:111,0.4738,1.3996,10.0975,0.024,-0.0308,9.8065,-0.1753,-0.0028,0.0319,-23.75,-28.75,30.44,18.67,-85.46,-123.82
52.377903,-1.523068,142.29,12.18,2,147.31,21 / 21,633529,2019-09-06 18:26:40:211,1.2195,-1.0393,9.5119,0.0013,-0.0342,9.8065,-0.0183,0.0063,-0.0273,-23.75,-29.19,30.38,18.04,-85.24,-124.47
52.377903,-1.523068,142.29,12.18,2,147.31,21 / 21,633629,2019-09-06 18:26:40:311,0.6507,1.529,9.9025,0.0224,-0.0047,9.8065,-0.0076,-0.0708,0.0925,-24.31,-29,30.5,16.92,-85.07,-126.45
52.377903,-1.523068,142.29,12.18,2,147.31,21 / 21,633728,2019-09-06 18:26:40:410,0.596,0.2802,10.5096,0.0114,-0.0441,9.8065,0.0308,0.1732,-0.0841,-23.94,-28.94,30.13,14.75,-84.79,-127.65
52.377903,-1.523068,142.29,12.18,2,147.31,21 / 21,633828,2019-09-06 18:26:40:510,0.9517,0.0661,9.5123,0.0024,0.0026,9.8066,-0.1381,0.1104,-0.0898,-23.31,-28.44,30.56,15.56,-84.78,-128.94
52.377903,-1.523068,142.29,12.18,2,147.31,21 / 21,633930,2019-09-06 18:26:40:612,0.7137,1.1119,9.5008,-0.0216,0.0285,9.8065,0.0786,-0.0459,-0.0047,-23.62,-28.81,31.25,12.07,-84.89,-131.02
52.377903,-1.523068,142.29,12.18,2,147.31,21 / 21,634028,2019-09-06 18:26:40:710,3.0766,0.2813,9.5829,0.0104,-0.0546,9.8065,-0.0202,0.1958,-0.04,-24.12,-28.75,30.88,14.13,-85.17,-129.04
52.377903,-1.523068,142.29,12.18,2,147.31,21 / 21,634131,2019-09-06 18:26:40:813,-1.8844,-3.2476,9.014,-0.0084,-0.0168,9.8066,0.0747,-0.052,0.049,-23.75,-29.44,30.56,16.19,-85.12,-127.12
52.377903,-1.523068,142.29,12.18,2,147.31,21 / 21,634228,2019-09-06 18:26:40:910,2.6489,1.6441,9.5225,0.0568,-0.0523,9.8062,-0.3267,-0.1684,0.1102,-23.37,-28.56,30.75,14.57,-84.92,-129.87
52.377903,-1.523068,142.29,12.18,2,147.31,21 / 21,634329,2019-09-06 18:26:41:011,-0.8372,-0.444,10.2028,0.0817,-0.093,9.8058,-0.1049,0.0244,-0.0374,-24.06,-28.94,30.38,10.63,-84.73,-131.49
52.377903,-1.523068,142.29,12.18,2,147.31,20 / 20,634429,2019-09-06 18:26:41:111,0.2569,-0.2157,9.7004,-0.0079,0.0308,9.8065,0.0041,-0.0215,-0.0567,-23.44,-28.94,30.88,12.16,-85.04,-132.1
52.377903,-1.523068,142.29,12.18,2,147.31,20 / 20,634528,2019-09-06 18:26:41:210,0.162,-0.3881,8.8122,0.0213,0.022,9.8066,-0.1912,-0.0059,-0.0346,-22.94,-29,30.38,7.12,-85.07,-135.9
52.377903,-1.523068,142.29,12.18,2,147.31,20 / 20,634628,2019-09-06 18:26:41:310,-1.5893,1.3321,9.137,-0.0112,0.0618,9.8064,0.047,-0.0235,-0.1515,-22.94,-29.44,30.75,6.98,-85.49,-136.88
52.377903,-1.523068,142.29,12.18,2,147.31,20 / 20,634728,2019-09-06 18:26:41:410,1.98,-0.6017,9.0729,0.0319,0.0138,9.8065,-0.2455,-0.0874,-0.1722,-22.56,-29.44,30.56,2.6,-86.1,-140.96
52.377903,-1.523068,142.29,12.18,2,147.31,20 / 20,634829,2019-09-06 18:26:41:511,-1.1924,1.8105,9.4206,0.0137,0.0503,9.8065,0.1503,0.0075,-0.0579,-22.31,-28.81,30.44,356.58,-86.56,-147
52.377903,-1.523068,142.29,12.18,2,147.31,20 / 20,634929,2019-09-06 18:26:41:611,1.7712,-0.279,9.3142,0.0081,0.0129,9.8065,0.0564,0.0675,0.0045,-22.44,-29.25,31.31,350.8,-86.46,-153.39
52.377903,-1.523068,142.29,12.18,2,147.31,20 / 20,635030,2019-09-06 18:26:41:712,1.0478,0.0447,9.1846,0.0065,0.0139,9.8066,-0.1122,0.0545,-0.1437,-22.31,-29.25,31.06,346.69,-86.36,-157.29
52.377903,-1.523068,142.29,12.18,2,147.31,20 / 20,635129,2019-09-06 18:26:41:811,0.3739,-1.3306,9.5108,0.0219,0.0229,9.8065,0.1355,0.0741,-0.1388,-22,-29,31.25,344.91,-86.55,-159.01
52.377903,-1.523068,142.29,12.18,2,147.31,20 / 20,635228,2019-09-06 18:26:41:910,0.2809,1.723,9.6558,-0.0074,0.0652,9.8064,-0.025,-0.1625,0.0163,-21.56,-28.94,30.75,334.85,-86.83,-168.73
52.377903,-1.523068,142.29,12.18,2,147.31,20 / 20,635328,2019-09-06 18:26:42:010,-0.2963,-0.8259,9.5062,0.0047,0.0203,9.8066,0.0995,0.0849,-0.0159,-21.62,-29.5,31,334.19,-86.79,-169.35
52.377903,-1.523068,142.29,12.18,2,147.31,20 / 20,635428,2019-09-06 18:26:42:110,-0.3111,-0.3888,9.9729,0.0232,-0.0131,9.8066,0.0483,0.0075,0.0221,-21.37,-29.81,30.44,328.54,-86.7,-175.02
52.377903,-1.523068,142.29,12.18,2,147.31,20 / 20,635528,2019-09-06 18:26:42:210,2.7113,-0.2045,9.9261,0.0147,0.0042,9.8065,-0.0426,-0.1402,0.0846,-21.62,-29.69,30.94,328.19,-86.75,-175.05
52.377903,-1.523068,142.29,12.18,2,147.31,20 / 20,635628,2019-09-06 18:26:42:310,1.0097,2.0115,10.4056,-0.0028,0.0073,9.8066,0.0959,0.0849,-0.1405,-22,-29.31,29.81,327.3,-86.91,-175.11
52.377903,-1.523068,142.29,12.18,2,147.31,20 / 20,635729,2019-09-06 18:26:42:411,0.287,0.0584,10.1721,-0.0034,-0.0329,9.8065,0.0581,0.1652,-0.1616,-21.75,-29.44,30.31,322.82,-86.89,-179.42
52.377903,-1.523068,142.29,12.18,2,147.31,20 / 20,635829,2019-09-06 18:26:42:511,1.3219,-1.46,10.2822,0.0003,0.0271,9.8066,0.2105,-0.1129,0.1299,-21.56,-29.5,30.19,322.07,-86.74,179.93
52.377903,-1.523068,142.29,12.18,2,147.31,20 / 20,635929,2019-09-06 18:26:42:611,1.8231,-0.1473,10.3641,0.021,-0.0227,9.8066,-0.1654,-0.0356,0.1044,-21.87,-29.75,30.63,328.6,-86.49,-174.55
52.377903,-1.523068,142.29,12.18,2,147.31,20 / 20,636029,2019-09-06 18:26:42:711,-1.0769,-0.0104,9.9805,-0.0128,-0.0334,9.8065,-0.0885,0.0479,-0.0458,-21.62,-29.12,30.31,331.06,-86.81,-171.44
52.377903,-1.523068,142.29,12.18,2,147.31,20 / 20,636129,2019-09-06 18:26:42:811,0.0509,1.8869,9.4561,0.0059,0.0312,9.8065,-0.0514,0.0725,-0.0542,-22.06,-28.5,28.88,328.88,-87.13,-172.77
52.377903,-1.523068,142.29,12.18,2,147.31,20 / 20,636229,2019-09-06 18:26:42:911,1.7217,-1.5367,9.5767,0.0338,-0.0061,9.8066,-0.1016,0.0475,-0.0388,-23.12,-28.37,29.31,322.32,-86.9,-177.78
52.377903,-1.523068,142.29,12.18,2,147.31,20 / 20,636330,2019-09-06 18:26:43:012,-0.308,1.1357,9.8122,-0.0479,0.0753,9.8062,0.1393,0.0201,-0.0472,-22.62,-28.87,29.94,320.95,-86.65,-179.91
52.377903,-1.523068,142.29,12.18,2,147.31,20 / 20,636431,2019-09-06 18:26:43:113,-1.0409,-1.1142,9.8273,-0.0453,0.0402,9.8065,-0.1317,0.0119,0.0574,-21.94,-27.81,30,321.04,-87.17,178.66
52.377903,-1.523068,142.29,12.18,2,147.31,20 / 20,636529,2019-09-06 18:26:43:211,2.2918,0.3477,9.7474,-0.0284,0.0034,9.8065,0.0976,0.0512,-0.1095,-22.69,-28.25,28.81,327.02,-87.3,-173.42
52.377903,-1.523068,142.29,12.18,2,147.31,20 / 20,636629,2019-09-06 18:26:43:311,1.9331,0.6335,9.6831,-0.0297,0.0365,9.8065,0.3126,0.2866,-0.0269,-23,-28.94,28.44,327.77,-87.46,-171.72
52.377903,-1.523068,142.29,12.18,2,147.31,20 / 20,636728,2019-09-06 18:26:43:410,1.9552,-1.4197,9.664,0.064,-0.1052,9.8058,-0.3136,0.2292,-0.1109,-23.19,-29.56,29.13,328.35,-86.71,-171.79
52.377903,-1.523068,142.29,12.18,2,147.31,20 / 20,636829,2019-09-06 18:26:43:511,-2.5198,-2.3774,9.2476,0.0923,-0.0767,9.8059,0.1063,-0.1407,0.2131,-22.5,-29.31,29.44,323.06,-86.79,-178.17
52.377903,-1.523068,142.29,12.18,2,147.31,20 / 20,636929,2019-09-06 18:26:43:611,2.3192,0.1934,9.898,0.0311,0.018,9.8065,-0.2785,0.031,0.0051,-22.56,-29.44,29.13,323.49,-87.07,-176.69
52.377903,-1.523068,142.29,12.18,2,147.31,20 / 20,637029,2019-09-06 18:26:43:711,0.9105,1.4525,9.0971,0.0636,-0.0478,9.8062,-0.312,0.0935,0.017,-22.31,-29.25,29.38,316.99,-86.77,175.97
52.377903,-1.523068,142.29,12.18,2,147.31,20 / 20,637129,2019-09-06 18:26:43:811,1.1052,1.8248,9.1895,-0.0501,0.0899,9.8061,0.0024,0.1137,-0.1616,-22.81,-29.19,28.69,312.06,-87.29,172.08
52.377903,-1.523068,142.29,12.18,2,147.31,20 / 20,637229,2019-09-06 18:26:43:911,1.0678,3.164,10.8298,0.0055,0.0389,9.8065,0.1686,0.0838,-0.0552,-23.19,-29.69,28.88,306.24,-87.12,166.58
52.377903,-1.523068,142.29,12.18,2,147.31,20 / 20,637328,2019-09-06 18:26:44:010,1.2936,-1.0158,10.9398,-0.012,0.0189,9.8066,0.1716,0.0267,0.0197,-22.19,-28,29.63,308.71,-87.08,166.71
52.377903,-1.523068,142.29,12.18,2,147.31,20 / 21,637428,2019-09-06 18:26:44:110,-0.1339,0.9069,10.2162,-0.0337,0.0167,9.8066,0.0789,0.0695,0.0427,-22.37,-28.62,29.25,309.9,-87.05,168.93
52.377903,-1.523068,142.29,12.18,2,147.31,20 / 21,637528,2019-09-06 18:26:44:210,1.1802,0.4243,10.467,0.0045,0.0062,9.8066,-0.0848,0.0523,0.0336,-23.37,-29.06,28.63,309.13,-86.87,169.5
52.377903,-1.523068,142.29,12.18,2,147.31,20 / 21,637629,2019-09-06 18:26:44:311,0.6616,0.2641,9.9073,-0.017,0.0126,9.8066,0.1609,0.1062,-0.0954,-24.5,-28.56,28,306.5,-87.1,168.97
52.377903,-1.523068,142.29,12.18,2,147.31,20 / 21,637728,2019-09-06 18:26:44:410,0.5202,0.7979,9.2331,0.0396,-0.0163,9.8065,-0.187,0.0024,0.0367,-24.5,-28.44,29.25,301.51,-86.97,163.08
52.377903,-1.523068,142.29,12.18,2,147.31,20 / 21,637828,2019-09-06 18:26:44:510,2.1657,1.1482,9.0073,0.0247,-0.0454,9.8065,-0.2199,0.2157,-0.0909,-23.19,-29.37,29.25,303.04,-86.99,163.47
52.377903,-1.523068,142.29,12.18,2,147.31,20 / 21,637934,2019-09-06 18:26:44:616,0.5857,0.4956,10.1629,-0.0366,0.0508,9.8064,0.1048,0.0229,0.0315,-22.31,-29.37,29.19,301.43,-87.44,160.38
52.377903,-1.523068,142.29,12.18,2,147.31,20 / 21,638029,2019-09-06 18:26:44:711,1.2022,-0.0852,10.135,-0.026,0.0374,9.8065,0.1142,0.0354,0.0303,-22.69,-29.62,28.44,298.77,-87.5,160.01
52.377903,-1.523068,142.29,12.18,2,147.31,20 / 21,638129,2019-09-06 18:26:44:811,1.5447,1.1364,9.8627,-0.0094,-0.0129,9.8065,0.0632,0.0254,0.1054,-23.25,-29.44,28.06,304.63,-87.4,165.76
52.377903,-1.523068,142.29,12.18,2,147.31,20 / 21,638228,2019-09-06 18:26:44:910,1.0686,-0.6321,9.8555,-0.0105,-0.0536,9.8064,-0.0795,0.0729,-0.0023,-23.62,-30.06,28.19,315.55,-87.24,177.75
52.377903,-1.523068,142.29,12.18,2,147.31,20 / 21,638328,2019-09-06 18:26:45:010,0,0.5808,10.0714,-0.0234,0.0289,9.8066,0.0407,0.0062,0.0735,-23.69,-30.25,27.88,320.59,-87.54,-177.51
52.37706,-1.521881,142.36,14.73,2,129.62,20 / 21,638428,2019-09-06 18:26:45:110,-0.2858,0.4392,8.5861,-0.0355,-0.0087,9.8065,-0.0903,0.0169,0.0315,-23.75,-29.5,28.44,326.48,-87.55,-171.83
52.37706,-1.521881,142.36,14.73,2,129.62,20 / 21,638529,2019-09-06 18:26:45:211,0.8601,0.2573,10.5333,-0.0053,0.0056,9.8066,0.0978,0.066,0.0644,-23.87,-29.69,28.5,329.25,-87.34,-170.03
52.37706,-1.521881,142.36,14.73,2,129.62,20 / 21,638629,2019-09-06 18:26:45:311,1.3329,-1.3221,9.4975,-0.0278,0.0235,9.8065,0.162,0.0277,0.0679,-23.94,-29.06,27.81,330.05,-87.39,-168.3
52.37706,-1.521881,142.36,14.73,2,129.62,20 / 21,638729,2019-09-06 18:26:45:411,0.9461,-0.7692,9.4308,0.0049,-0.0058,9.8066,-0.0507,0.0118,0.029,-24.37,-29.5,27.88,331.6,-87.29,-166.76
52.37706,-1.521881,142.36,14.73,2,129.62,20 / 21,638829,2019-09-06 18:26:45:511,-1.3167,0.5349,10.1449,-0.0021,-0.0221,9.8066,-0.0151,0.0222,-0.0492,-24.37,-29.87,27.75,333.97,-87.29,-164.43
52.37706,-1.521881,142.36,14.73,2,129.62,20 / 21,638928,2019-09-06 18:26:45:610,-0.1708,-0.6935,9.4082,-0.0195,0.0026,9.8065,0.1034,-0.0741,0.0788,-24.37,-29.25,27.75,339.02,-87.23,-159.58
52.37706,-1.521881,142.36,14.73,2,129.62,20 / 21,639028,2019-09-06 18:26:45:710,0.8525,-0.056,9.5277,-0.0082,-0.011,9.8066,-0.0505,0.0409,-0.001,-24.31,-29.75,28,342,-87.03,-156.63
52.37706,-1.521881,142.36,14.73,2,129.62,20 / 21,639128,2019-09-06 18:26:45:810,0.0555,1.1228,9.5311,-0.02,-0.0087,9.8066,0.0135,0.0244,0.0753,-25.19,-29.06,27.44,341.21,-86.95,-155.2
52.37706,-1.521881,142.36,14.73,2,129.62,20 / 21,639228,2019-09-06 18:26:45:910,0.6962,-0.7497,9.9814,-0.0182,-0.0125,9.8066,0.0131,0.0121,-0.0061,-24.62,-29.25,28,350.22,-86.82,-147.59
52.37706,-1.521881,142.36,14.73,2,129.62,20 / 21,639328,2019-09-06 18:26:46:010,-0.0033,1.5961,10.2175,0.0104,-0.0195,9.8066,-0.0622,0.0161,-0.0157,-24.87,-29.69,28.38,350.85,-86.7,-146.95
52.37706,-1.521881,142.36,14.73,2,129.62,20 / 20,639429,2019-09-06 18:26:46:111,-0.3931,-1.29,9.6498,0.0105,-0.0112,9.8066,-0.0318,-0.0271,0.0891,-25.06,-29.5,28,352.12,-86.66,-145.75
52.37706,-1.521881,142.36,14.73,2,129.62,20 / 20,639528,2019-09-06 18:26:46:210,-0.7322,0.7442,10.1702,-0.0293,0.0013,9.8065,-0.0549,0.0457,0.0088,-25,-29.31,28.63,357.39,-86.76,-141.73
52.37706,-1.521881,142.36,14.73,2,129.62,20 / 20,639629,2019-09-06 18:26:46:311,0.3122,0.3243,9.7516,-0.0311,0.0217,9.8065,0.0413,0.042,-0.0246,-25.19,-28.94,28.25,358.2,-86.79,-139.96
52.37706,-1.521881,142.36,14.73,2,129.62,20 / 20,639729,2019-09-06 18:26:46:411,1.1412,0.1988,9.8951,0.0198,-0.0047,9.8066,-0.0433,0.0244,0.0967,-25.62,-28.94,27.5,357.19,-86.71,-139.8
52.37706,-1.521881,142.36,14.73,2,129.62,20 / 20,639829,2019-09-06 18:26:46:511,0.03,-0.6094,9.09,-0.0004,-0.011,9.8066,-0.0391,0.0117,0.0542,-25.75,-29.25,27.94,355.77,-86.65,-141.16
52.37706,-1.521881,142.36,14.73,2,129.62,20 / 20,639928,2019-09-06 18:26:46:610,-1.8235,-0.2375,9.7863,-0.0437,0.0426,9.8064,0.0762,0.0303,0.0173,-25.62,-29.31,27.88,2.17,-86.69,-135.05
52.37706,-1.521881,142.36,14.73,2,129.62,20 / 20,640029,2019-09-06 18:26:46:711,1.6017,-0.3647,10.0791,-0.0183,-0.0086,9.8066,-0.0058,-0.1043,0.047,-25.81,-29.19,27.5,2.51,-86.62,-134.73
52.37706,-1.521881,142.36,14.73,2,129.62,20 / 20,640129,2019-09-06 18:26:46:811,0.61,-0.227,9.6782,-0.0083,0.0189,9.8066,0.1288,-0.0208,0.1449,-26.19,-28.94,28,3.11,-86.41,-134.17
52.37706,-1.521881,142.36,14.73,2,129.62,20 / 20,640229,2019-09-06 18:26:46:911,-0.8335,1.4788,10.937,-0.0407,-0.0149,9.8065,0.0081,0.0805,0.0872,-26.31,-28.69,27.69,6.55,-86.08,-130.93
52.37706,-1.521881,142.36,14.73,2,129.62,20 / 20,640328,2019-09-06 18:26:47:010,-0.4521,-0.8833,10.3091,0.0107,-0.0654,9.8064,-0.0329,0.034,-0.0408,-26.5,-29.19,27.81,12.31,-86.02,-125.49
52.37706,-1.521881,142.36,14.73,2,129.62,20 / 20,640429,2019-09-06 18:26:47:111,-1.8945,-0.0815,10.8279,0.0084,0.0171,9.8066,0.0756,-0.0265,0.065,-26.87,-28.94,27.63,11.17,-85.81,-125.51
52.37706,-1.521881,142.36,14.73,2,129.62,20 / 20,640529,2019-09-06 18:26:47:211,0.3144,0.7464,10.1251,0.0061,-0.0379,9.8065,-0.1815,0.1115,-0.1295,-26.62,-28.87,28,8.88,-85.49,-127.7
52.37706,-1.521881,142.36,14.73,2,129.62,20 / 20,640629,2019-09-06 18:26:47:311,1.0161,-0.3405,9.9729,-0.0098,-0.0111,9.8066,0.0126,0.0253,0.0311,-26.94,-28.75,27.88,9.65,-85.54,-126.98
52.37706,-1.521881,142.36,14.73,2,129.62,20 / 20,640728,2019-09-06 18:26:47:410,0.1864,0.7897,10.5387,-0.0245,-0.0095,9.8066,0.0244,0.0323,-0.0593,-27.06,-28.75,27.25,11.48,-85.3,-124.27
52.37706,-1.521881,142.36,14.73,2,129.62,20 / 20,640828,2019-09-06 18:26:47:510,0.6733,0.0931,9.5154,-0.0047,-0.0142,9.8066,-0.0478,-0.1322,0.1278,-27.75,-28.25,27.75,13.3,-85.08,-122.54
52.37706,-1.521881,142.36,14.73,2,129.62,20 / 20,640929,2019-09-06 18:26:47:611,0.51,-0.3514,9.5855,-0.0337,0.0038,9.8065,0.0784,-0.0309,0.1481,-27.69,-28.12,28.06,17.35,-84.77,-118.82
52.37706,-1.521881,142.36,14.73,2,129.62,20 / 20,641028,2019-09-06 18:26:47:710,-0.2488,1.3749,9.7699,-0.0404,-0.0136,9.8065,0.028,0.0904,0.0287,-27.87,-27.75,27.94,22.23,-84.41,-114.36
52.37706,-1.521881,142.36,14.73,2,129.62,20 / 20,641129,2019-09-06 18:26:47:811,0.8366,0.7528,9.0616,0.0277,-0.017,9.8065,-0.0922,0.0468,-0.0437,-28.5,-27.25,27.88,20.56,-84.18,-115.93
52.37706,-1.521881,142.36,14.73,2,129.62,20 / 20,641229,2019-09-06 18:26:47:911,0.2475,0.0262,9.1084,0.031,-0.0215,9.8065,-0.0588,0.0241,0.0439,-28,-27.37,27,18.96,-84.22,-116.39
52.37706,-1.521881,142.36,14.73,2,129.62,20 / 20,641329,2019-09-06 18:26:48:011,-0.4825,0.2254,9.6199,-0.0114,0.0174,9.8066,-0.1504,0.0433,-0.0044,-28.12,-28.19,27,21.39,-84.33,-114.16
52.37706,-1.521881,142.36,14.73,2,129.62,21 / 22,641429,2019-09-06 18:26:48:111,1.1237,1.1808,10.22,0.0133,-0.0092,9.8066,-0.1042,0.1248,-0.0159,-27.5,-28,26.88,22.17,-84.45,-114.46
52.37706,-1.521881,142.36,14.73,2,129.62,21 / 22,641528,2019-09-06 18:26:48:210,0.1825,0.3354,8.367,-0.0022,0.0046,9.8066,-0.0591,-0.0083,0.0307,-28.12,-28,27.44,17.47,-84.44,-117.76
52.37706,-1.521881,142.36,14.73,2,129.62,21 / 22,641629,2019-09-06 18:26:48:311,-1.1465,3.4017,8.0466,-0.0133,0.0184,9.8065,-0.1627,-0.0689,-0.0108,-28.19,-28.19,27.81,17.36,-84.4,-118.89
52.37706,-1.521881,142.36,14.73,2,129.62,21 / 22,641729,2019-09-06 18:26:48:411,-0.5049,0.7605,9.142,-0.0403,0.0626,9.8063,0.0907,0.0336,-0.1007,-28.06,-28,27.81,19.58,-84.4,-116.84
52.37706,-1.521881,142.36,14.73,2,129.62,21 / 22,641828,2019-09-06 18:26:48:510,-0.7277,0.5556,9.8954,-0.0165,0.03,9.8065,0.0601,0.0082,0.0279,-27.69,-28.5,27.31,18.45,-84.63,-116.8
52.37706,-1.521881,142.36,14.73,2,129.62,21 / 22,641929,2019-09-06 18:26:48:611,0.5267,0.5591,9.5035,0.0113,0.0102,9.8066,0.1686,0.061,0.019,-27.69,-28.37,27.75,17.42,-84.78,-118.75
52.37706,-1.521881,142.36,14.73,2,129.62,21 / 22,642029,2019-09-06 18:26:48:711,1.0872,-0.1315,9.0308,0.0043,0.0087,9.8066,0.0038,0.0589,-0.056,-27.94,-28.56,27.31,14.4,-84.82,-120.57
52.37706,-1.521881,142.36,14.73,2,129.62,21 / 22,642128,2019-09-06 18:26:48:810,0.6748,1.8078,9.3538,-0.0174,0.0102,9.8066,-0.1092,0.0802,-0.0473,-28,-28.5,26.88,12.73,-84.81,-122.1
52.37706,-1.521881,142.36,14.73,2,129.62,21 / 22,642229,2019-09-06 18:26:48:911,-3.3899,1.6651,9.9717,0.0334,-0.0185,9.8065,-0.2006,-0.0281,0.067,-27.69,-28.5,26.88,12.2,-84.78,-122.6
52.37706,-1.521881,142.36,14.73,2,129.62,21 / 22,642329,2019-09-06 18:26:49:011,1.3145,1.4393,10.9767,-0.0289,0.03,9.8065,0.1618,0.1154,-0.0542,-27.56,-28.87,27.13,12.8,-84.86,-122.05
52.37706,-1.521881,142.36,14.73,2,129.62,21 / 21,642429,2019-09-06 18:26:49:111,0.6743,-0.9783,10.8089,-0.0363,0.037,9.8064,0.1659,0.069,0.0342,-27.81,-27.69,27.31,12.05,-84.96,-122.71
52.37706,-1.521881,142.36,14.73,2,129.62,21 / 21,642528,2019-09-06 18:26:49:210,0.7376,0.5205,9.6887,0.0133,-0.008,9.8066,-0.065,0.0881,-0.0483,-27.94,-28.62,27.13,9.87,-84.83,-124.79
52.37706,-1.521881,142.36,14.73,2,129.62,21 / 21,642628,2019-09-06 18:26:49:310,-0.3207,0.1439,10.5093,-0.0029,0.0101,9.8066,0.0804,-0.0187,0.0356,-28.44,-28.31,26.56,11.15,-84.98,-123.55
52.37706,-1.521881,142.36,14.73,2,129.62,21 / 21,642729,2019-09-06 18:26:49:411,-0.931,0.7102,10.0177,0.0264,-0.0193,9.8066,-0.0443,0.0535,-0.0362,-28.25,-28.31,27.13,11.75,-85.06,-122.97
52.37706,-1.521881,142.36,14.73,2,129.62,21 / 21,642828,2019-09-06 18:26:49:510,0.967,-0.5369,9.117,0.02,-0.0061,9.8065,-0.0105,0.081,-0.0305,-28.19,-28.87,26.63,8.16,-85.02,-126.36
52.37706,-1.521881,142.36,14.73,2,129.62,21 / 21,642929,2019-09-06 18:26:49:611,-0.0773,0.3848,9.9355,-0.0095,0.022,9.8065,0.0317,0.0607,-0.023,-28.12,-28.62,26.88,8.35,-85.3,-126.14
52.37706,-1.521881,142.36,14.73,2,129.62,21 / 21,643029,2019-09-06 18:26:49:711,0.9311,0.5107,9.5058,0.0002,0.043,9.8065,0.0365,0.0303,-0.0381,-28,-28.62,26.56,6.42,-85.57,-127.92
52.37706,-1.521881,142.36,14.73,2,129.62,21 / 21,643128,2019-09-06 18:26:49:810,1.2693,0.5179,9.583,0.0159,0.0087,9.8066,-0.0515,0.0786,-0.0398,-27.94,-28.69,26.81,2.68,-85.61,-131.44
52.37706,-1.521881,142.36,14.73,2,129.62,21 / 21,643228,2019-09-06 18:26:49:910,-0.3349,-0.8056,10.1979,0.0232,-0.0184,9.8065,-0.0262,-0.0361,-0.0024,-27.5,-28.62,26.88,2.27,-85.6,-132.87
52.37706,-1.521881,142.36,14.73,2,129.62,21 / 21,643330,2019-09-06 18:26:50:012,3.7584,-1.722,9.8852,0.1224,-0.1092,9.8052,-0.6179,-0.329,0.1185,-26.75,-28.06,26.88,6.38,-86.04,-128.95
52.37706,-1.521881,142.36,14.73,2,129.62,21 / 21,643428,2019-09-06 18:26:50:110,-1.2365,-0.5195,8.7594,0.1448,-0.1543,9.8044,-0.2859,0.0548,-0.0858,-27.19,-28.69,26.88,356.44,-85.39,-138.33
52.37706,-1.521881,142.36,14.73,2,129.62,21 / 21,643529,2019-09-06 18:26:50:211,-0.9857,4.2828,9.2242,-0.0747,0.0606,9.8062,-0.3276,0.0802,-0.1783,-26.69,-28.87,27.06,359.78,-85.96,-135.21
52.37706,-1.521881,142.36,14.73,2,129.62,21 / 21,643628,2019-09-06 18:26:50:310,-1.1889,-0.0279,9.0259,0.0272,-0.0158,9.8065,-0.4149,-0.0978,0.0235,-27.75,-28.94,26.75,353.35,-85.71,-140.22
52.37706,-1.521881,142.36,14.73,2,129.62,21 / 21,643729,2019-09-06 18:26:50:411,-0.8265,1.0092,8.8895,-0.051,0.064,9.8063,0.0636,-0.0226,-0.0151,-26.37,-29.06,27.06,1.89,-86.32,-134.29
52.37706,-1.521881,142.36,14.73,2,129.62,21 / 21,643829,2019-09-06 18:26:50:511,-1.3996,-0.3281,9.7007,-0.0311,0.0475,9.8064,0.0197,-0.0826,0.0543,-26.56,-28.75,26.81,1.68,-86.51,-133.4
52.37706,-1.521881,142.36,14.73,2,129.62,21 / 21,643929,2019-09-06 18:26:50:611,0.1123,0.3227,10.1405,-0.0143,0.0155,9.8066,0.1388,-0.1023,0.0481,-27.81,-28.75,26.5,1.24,-86.4,-132.77
52.37706,-1.521881,142.36,14.73,2,129.62,21 / 21,644028,2019-09-06 18:26:50:710,-0.8016,-0.6142,10.5089,-0.0211,0.0008,9.8066,0.1013,-0.0443,-0.0254,-27.62,-29,27.25,3.85,-86.31,-130.3
52.37706,-1.521881,142.36,14.73,2,129.62,21 / 21,644128,2019-09-06 18:26:50:810,0.9318,-1.6212,10.0218,0.0173,-0.035,9.8065,0.0474,-0.023,0.0434,-27.37,-29.06,27.44,2.81,-86.09,-132.34
52.37706,-1.521881,142.36,14.73,2,129.62,21 / 21,644229,2019-09-06 18:26:50:911,-0.3879,-0.2966,9.6319,0.0085,-0.0052,9.8065,0.0066,-0.0331,-0.0206,-26.87,-28.37,27.19,4.24,-86.11,-130.98
52.37706,-1.521881,142.36,14.73,2,129.62,21 / 21,644329,2019-09-06 18:26:51:011,0.4619,-1.4242,9.3771,-0.0068,0.0103,9.8066,-0.0665,-0.0291,-0.049,-26.75,-29,26.94,6.37,-86.22,-128.96
52.37706,-1.521881,142.36,14.73,2,129.62,21 / 21,644430,2019-09-06 18:26:51:112,-0.2179,-0.55,10.1632,0.003,0.0193,9.8066,-0.0366,-0.0659,-0.0128,-26.81,-29.06,26.88,7.68,-86.49,-127.69
52.37706,-1.521881,142.36,14.73,2,129.62,21 / 21,644528,2019-09-06 18:26:51:210,0.2646,-0.0776,9.2088,0.0344,-0.0122,9.8065,-0.0711,-0.0694,-0.0656,-26.56,-28.87,27.63,8.42,-86.64,-128
52.37706,-1.521881,142.36,14.73,2,129.62,21 / 21,644629,2019-09-06 18:26:51:311,0.0064,0.4045,9.642,0.0292,0.0028,9.8066,0.0249,-0.0622,-0.0349,-26.19,-29.37,27.25,3.54,-86.85,-132.7
52.37706,-1.521881,142.36,14.73,2,129.62,21 / 21,644728,2019-09-06 18:26:51:410,-0.6998,-2.1336,9.1085,0.0087,0.0187,9.8065,0.099,-0.1276,0.0923,-26.75,-28.87,27.44,1.82,-87.15,-133.25
52.37706,-1.521881,142.36,14.73,2,129.62,21 / 21,644828,2019-09-06 18:26:51:510,-0.6681,0.3034,10.0012,0.04,-0.0561,9.8064,-0.2928,0.0666,-0.1378,-26.31,-29.5,27.06,359.6,-86.87,-136.46
52.37706,-1.521881,142.36,14.73,2,129.62,21 / 21,644928,2019-09-06 18:26:51:610,0.4308,0.2782,9.979,-0.0061,-0.0341,9.8066,0.1029,0.148,-0.1729,-26.06,-29.56,27.5,359.94,-86.94,-137.18
52.37706,-1.521881,142.36,14.73,2,129.62,21 / 21,645031,2019-09-06 18:26:51:713,-4.3346,-1.3187,9.7709,0.0225,0.0439,9.8065,0.1202,-0.2855,0.2661,-26.37,-29.44,27.63,354.37,-87.07,-142.53
52.37706,-1.521881,142.36,14.73,2,129.62,21 / 21,645130,2019-09-06 18:26:51:812,-0.102,-0.6087,9.8986,0.0172,0.004,9.8065,0.0186,-0.199,0.0161,-25.69,-29.06,28.38,353.59,-86.7,-143.25
52.37706,-1.521881,142.36,14.73,2,129.62,21 / 21,645228,2019-09-06 18:26:51:910,0.5252,-1.6855,9.209,0.0061,0.007,9.8066,0.0354,-0.0434,-0.0118,-26.06,-29.69,28.5,351.38,-86.89,-146.37
52.37706,-1.521881,142.36,14.73,2,129.62,21 / 21,645329,2019-09-06 18:26:52:011,-1.0009,-2.3471,10.3217,-0.0079,-0.0181,9.8066,-0.0438,0.0114,0.0193,-25.12,-29.87,27.94,354.04,-86.85,-143.93
52.37706,-1.521881,142.36,14.73,2,129.62,20 / 20,645428,2019-09-06 18:26:52:110,1.8555,1.3505,11.5052,0.038,-0.0479,9.8064,-0.0075,-0.3133,0.1323,-25.12,-28.75,28.5,355.34,-86.86,-143.7
52.37706,-1.521881,142.36,14.73,2,129.62,20 / 20,645529,2019-09-06 18:26:52:211,-0.9843,2.1034,9.6834,0.0479,-0.0692,9.8062,-0.1537,0.0176,-0.0402,-26,-28.87,28.69,352.13,-86.05,-145.57
52.37706,-1.521881,142.36,14.73,2,129.62,20 / 20,645629,2019-09-06 18:26:52:311,0.2888,-2.1559,8.7013,-0.0151,-0.0191,9.8066,-0.1852,-0.0247,0.0199,-25.69,-28.75,28.88,350.5,-85.82,-147.08
52.37706,-1.521881,142.36,14.73,2,129.62,20 / 20,645728,2019-09-06 18:26:52:410,-2.1878,-0.3489,8.3884,-0.0559,0.0351,9.8063,-0.1665,-0.0693,0.1166,-25.12,-29.69,29.06,358.7,-86.21,-140.47
52.37706,-1.521881,142.36,14.73,2,129.62,20 / 20,645829,2019-09-06 18:26:52:511,-0.9358,-0.348,9.4398,-0.0145,0.04,9.8065,-0.1042,-0.045,-0.0809,-25.62,-29,28.06,4.93,-86.6,-132.42
52.37706,-1.521881,142.36,14.73,2,129.62,20 / 20,645928,2019-09-06 18:26:52:610,-1.0119,0.4012,9.8743,0.0104,-0.005,9.8066,0.02,-0.0736,0.0135,-25.62,-29.56,27.88,5.47,-86.8,-131.9
52.37706,-1.521881,142.36,14.73,2,129.62,20 / 20,646028,2019-09-06 18:26:52:710,-1.0542,-1.2313,10.108,-0.0008,-0.0124,9.8065,0.1009,-0.1546,0.1174,-25.31,-28.87,28.5,4.7,-86.59,-134.76
52.37706,-1.521881,142.36,14.73,2,129.62,20 / 20,646128,2019-09-06 18:26:52:810,-0.0109,0.5432,9.5943,-0.0028,-0.013,9.8066,-0.0442,-0.0122,-0.0133,-25.69,-29,28.44,1.9,-86.25,-135.32
52.37706,-1.521881,142.36,14.73,2,129.62,20 / 20,646228,2019-09-06 18:26:52:910,-0.8897,-0.4257,9.9964,-0.0299,0.0071,9.8066,-0.0449,-0.1125,0.0334,-25.12,-29.06,29.19,8.54,-86.09,-131.15
52.37706,-1.521881,142.36,14.73,2,129.62,20 / 20,646328,2019-09-06 18:26:53:010,-1.6731,0.4903,10.9746,-0.0147,0.0022,9.8066,-0.0095,-0.1388,0.0923,-25.81,-29.5,29.19,11.15,-86.08,-127.56
52.37706,-1.521881,142.36,14.73,2,129.62,20 / 20,646429,2019-09-06 18:26:53:111,-0.5951,-1.921,10.2296,0.0137,-0.0468,9.8065,0.0743,0.0118,0.0761,-25.81,-29.06,29.19,10.16,-85.48,-128.59
52.37706,-1.521881,142.36,14.73,2,129.62,20 / 20,646529,2019-09-06 18:26:53:211,0.3268,2.1024,9.4937,0.0234,-0.0735,9.8063,-0.1999,0.0972,-0.0565,-26.44,-29,30.44,9.94,-85.08,-129.8
52.37706,-1.521881,142.36,14.73,2,129.62,20 / 20,646628,2019-09-06 18:26:53:310,0.9302,-0.121,10.9572,-0.027,0.031,9.8065,0.1683,-0.0417,-0.1211,-25.94,-29.25,30.19,6.74,-84.93,-132.8
52.37706,-1.521881,142.36,14.73,2,129.62,20 / 20,646729,2019-09-06 18:26:53:411,-3.2142,-0.1569,10.232,-0.0019,0.0924,9.8061,0.1806,-0.2552,-0.041,-24.81,-28.87,30.13,8.27,-85.47,-132.43
52.37706,-1.521881,142.36,14.73,2,129.62,20 / 20,646829,2019-09-06 18:26:53:511,1.4436,-1.5528,8.0252,0.0352,0.0091,9.8065,-0.1369,-0.2041,-0.0182,-24.31,-28.81,30.13,3.76,-85.86,-137.8
52.37706,-1.521881,142.36,14.73,2,129.62,20 / 20,646929,2019-09-06 18:26:53:611,-1.3183,-1.8474,10.1143,0.0191,0.0373,9.8065,0.1524,-0.1704,0.0299,-24.81,-29.44,29.19,2.71,-86.38,-136.66
52.37706,-1.521881,142.36,14.73,2,129.62,20 / 20,647030,2019-09-06 18:26:53:712,-0.3375,1.0956,10.9618,0.0427,-0.0202,9.8065,-0.2911,-0.2386,0.0935,-23.25,-28.81,29.44,3.71,-86.65,-138.05
52.37706,-1.521881,142.36,14.73,2,129.62,20 / 20,647128,2019-09-06 18:26:53:810,-0.8225,-2.1987,10.6762,0.0848,-0.0748,9.8059,0.0537,-0.0177,0.1496,-23.5,-28.37,30,358.09,-86.26,-144.34
52.37706,-1.521881,142.36,14.73,2,129.62,20 / 20,647229,2019-09-06 18:26:53:911,-1.101,1.2533,10.036,-0.0057,-0.0306,9.8066,-0.0918,-0.0379,-0.062,-23.69,-28.44,30.63,354.28,-85.74,-147.65
52.37706,-1.521881,142.36,14.73,2,129.62,20 / 20,647329,2019-09-06 18:26:54:011,-0.8926,-1.8876,9.4097,-0.0121,0.007,9.8066,-0.0955,-0.1058,0.0151,-23.37,-27.94,31.25,357.07,-85.51,-146.18
52.376354,-1.520406,141.47,12.72,2,136.31,21 / 21,647429,2019-09-06 18:26:54:111,-1.8159,0.4303,9.1723,-0.01,0.0054,9.8066,-0.1016,-0.0756,-0.0179,-23.31,-27.94,31.13,2.49,-85.85,-141.07
52.376354,-1.520406,141.47,12.72,2,136.31,21 / 21,647528,2019-09-06 18:26:54:210,-0.7615,-0.9403,9.0061,-0.0285,0.0109,9.8066,0.0674,-0.112,0.0555,-23.56,-27.87,30.94,8.06,-86.01,-134.61
52.376354,-1.520406,141.47,12.72,2,136.31,21 / 21,647629,2019-09-06 18:26:54:311,-1.0195,0.1092,10.181,-0.0136,-0.0378,9.8065,-0.0098,-0.1094,0.0323,-24.25,-28.62,30.88,9.75,-85.67,-133.07
52.376354,-1.520406,141.47,12.72,2,136.31,21 / 21,647728,2019-09-06 18:26:54:410,-1.8174,-0.764,10.9555,-0.0081,-0.0215,9.8066,0.1159,-0.0454,0.0224,-23.56,-28.56,31.81,11.19,-85.27,-132.64
52.376354,-1.520406,141.47,12.72,2,136.31,21 / 21,647829,2019-09-06 18:26:54:511,-1.8148,-0.7606,10.1421,-0.0077,0.0024,9.8066,0.1282,-0.185,0.0491,-23.69,-27.94,31.19,9.56,-85.13,-133.31
52.376354,-1.520406,141.47,12.72,2,136.31,21 / 21,647929,2019-09-06 18:26:54:611,-0.1208,-1.6289,10.3355,0.0212,-0.0141,9.8065,-0.0868,-0.1665,-0.045,-23.5,-28.12,31.31,10.22,-84.97,-133.89
52.376354,-1.520406,141.47,12.72,2,136.31,21 / 21,648029,2019-09-06 18:26:54:711,-2.1587,0.7895,10.8115,0.0108,-0.0061,9.8066,0.0632,-0.0452,0.0071,-23.25,-29,31.56,9.59,-85.04,-135.34
52.376354,-1.520406,141.47,12.72,2,136.31,21 / 21,648129,2019-09-06 18:26:54:811,-0.6039,-0.0582,9.5404,0.0017,0.0059,9.8066,0.049,-0.0719,-0.0014,-23.12,-28.25,31.69,8.86,-85.22,-135.98
52.376354,-1.520406,141.47,12.72,2,136.31,21 / 21,648229,2019-09-06 18:26:54:911,-1.7307,-0.958,9.2935,0.013,-0.0058,9.8066,0.013,-0.1112,0.0612,-22.62,-28.25,31.94,7.84,-85.18,-136.95
52.376354,-1.520406,141.47,12.72,2,136.31,21 / 21,648329,2019-09-06 18:26:55:011,-0.3455,-0.7071,10.2059,-0.0213,0.0331,9.8065,0.028,-0.0836,-0.0576,-22.56,-28.5,31.94,9.9,-85.34,-134.99
52.376354,-1.520406,141.47,12.72,2,136.31,20 / 20,648429,2019-09-06 18:26:55:111,-1.5977,0.1182,9.7987,-0.0103,0.029,9.8065,0.0576,-0.0887,-0.0337,-21.81,-28.12,31.88,10.64,-85.44,-135.49
52.376354,-1.520406,141.47,12.72,2,136.31,20 / 20,648531,2019-09-06 18:26:55:213,-0.1948,0.2241,10.3549,0.0095,0.0108,9.8066,-0.0367,-0.1566,0.0874,-21.56,-27.87,31.88,9.05,-85.39,-137
52.376354,-1.520406,141.47,12.72,2,136.31,20 / 20,648630,2019-09-06 18:26:55:312,-1.1313,-0.6177,9.5676,-0.0005,-0.0235,9.8066,-0.0337,-0.1132,-0.041,-21.94,-28.31,31.81,9.31,-85.43,-136.74
52.376354,-1.520406,141.47,12.72,2,136.31,20 / 20,648728,2019-09-06 18:26:55:410,-0.3939,-1.1065,8.8349,-0.0037,0.013,9.8066,-0.0142,-0.0798,-0.0252,-21.5,-28.25,32.06,11.04,-85.53,-136.34
52.376354,-1.520406,141.47,12.72,2,136.31,20 / 20,648828,2019-09-06 18:26:55:510,0.3305,-1.0532,9.6058,-0.0373,0.0231,9.8065,0.0097,-0.1253,0.059,-21.44,-28.69,32.63,14.51,-85.62,-133.87
52.376354,-1.520406,141.47,12.72,2,136.31,20 / 20,648928,2019-09-06 18:26:55:610,-1.3166,1.3837,9.6042,0.0065,-0.0352,9.8065,0.1717,-0.0252,0.0609,-21.69,-28.62,31.81,13.01,-85.36,-133.31
52.376354,-1.520406,141.47,12.72,2,136.31,20 / 20,649032,2019-09-06 18:26:55:714,0.187,-1.5458,9.8486,0.0034,-0.0253,9.8065,-0.0399,-0.0375,0.0319,-21.81,-28.44,31.75,14.78,-85.36,-131.61
52.376354,-1.520406,141.47,12.72,2,136.31,20 / 20,649128,2019-09-06 18:26:55:810,-0.4779,-0.963,10.2645,-0.0187,-0.0113,9.8066,-0.0671,-0.0675,0.0134,-21.69,-28.69,31.75,15.78,-85.37,-130.7
52.376354,-1.520406,141.47,12.72,2,136.31,20 / 20,649228,2019-09-06 18:26:55:910,-0.8655,-0.7871,10.6974,0.0147,-0.0299,9.8066,-0.0669,-0.0631,0.0162,-21.44,-29,31.94,18.33,-85.13,-129.62
52.376354,-1.520406,141.47,12.72,2,136.31,20 / 20,649328,2019-09-06 18:26:56:010,-0.7057,1.0796,11.0333,-0.0197,-0.0137,9.8066,-0.0635,-0.0276,0.0906,-21.69,-28.37,32.63,19.73,-85.16,-127.8
52.376354,-1.520406,141.47,12.72,2,136.31,20 / 21,649429,2019-09-06 18:26:56:111,-1.565,-0.8814,9.6359,-0.0091,0.0142,9.8065,0.0812,-0.0294,-0.0409,-21.31,-28.56,33,20.55,-84.92,-128.37
52.376354,-1.520406,141.47,12.72,2,136.31,20 / 21,649528,2019-09-06 18:26:56:210,-0.435,-1.8251,10.7873,-0.0069,-0.0114,9.8066,0.0185,-0.1013,0.0512,-21.5,-28.5,33.31,18.19,-84.75,-130.58
52.376354,-1.520406,141.47,12.72,2,136.31,20 / 21,649631,2019-09-06 18:26:56:313,-0.0292,-1.002,9.1664,-0.0398,0.0468,9.8064,0.0734,-0.1446,0.0143,-21.37,-27.81,33.06,20.24,-84.69,-128.69
52.376354,-1.520406,141.47,12.72,2,136.31,20 / 21,649729,2019-09-06 18:26:56:411,-1.4451,-2.0985,9.931,0.0085,-0.0157,9.8066,-0.0481,-0.0779,-0.0087,-21.31,-27.62,33.31,18.39,-84.61,-130.43
52.376354,-1.520406,141.47,12.72,2,136.31,20 / 21,649829,2019-09-06 18:26:56:511,0.1597,-0.2389,9.644,-0.0076,0.0085,9.8066,0.0413,-0.0639,0.0359,-21.87,-27.5,34.06,19.94,-84.66,-128.45
52.376354,-1.520406,141.47,12.72,2,136.31,20 / 21,649929,2019-09-06 18:26:56:611,0.1978,-1.3554,10.395,-0.003,-0.0093,9.8066,0.0732,-0.0818,0.0378,-21.56,-27.44,33.44,20.7,-84.64,-126.98
52.376354,-1.520406,141.47,12.72,2,136.31,20 / 21,650029,2019-09-06 18:26:56:711,-0.3422,-0.6799,9.1438,0.0145,-0.0061,9.8066,-0.0953,-0.0603,-0.0532,-21.56,-28.62,32.75,19.88,-84.63,-127.84
52.376354,-1.520406,141.47,12.72,2,136.31,20 / 21,650128,2019-09-06 18:26:56:810,1.1933,-0.9351,9.878,-0.0032,-0.0279,9.8066,0.056,-0.103,0.0839,-21.12,-27.87,33.25,21.16,-84.46,-127.89
52.376354,-1.520406,141.47,12.72,2,136.31,20 / 21,650228,2019-09-06 18:26:56:910,-0.2526,-0.6045,9.3012,0.014,-0.0068,9.8066,-0.078,-0.0878,-0.1041,-20.19,-28.06,33.5,23.29,-84.35,-127.93
52.376354,-1.520406,141.47,12.72,2,136.31,20 / 21,650328,2019-09-06 18:26:57:010,-0.5775,-1.0516,9.8204,-0.0159,0.0153,9.8066,0.0042,-0.0696,-0.0015,-20.62,-28.5,33.5,23.13,-84.29,-126.84
52.376354,-1.520406,141.47,12.72,2,136.31,20 / 20,650429,2019-09-06 18:26:57:111,1.5948,-2.351,10.1708,-0.004,0.0104,9.8066,-0.0298,-0.117,-0.0198,-20.62,-28.06,33.69,22.73,-84.3,-127.21
52.376354,-1.520406,141.47,12.72,2,136.31,20 / 20,650528,2019-09-06 18:26:57:210,1.3485,-0.4362,9.4226,0.0014,-0.0204,9.8066,0.0309,0.0026,-0.0182,-20.5,-28,34.31,22.64,-84.07,-128.62
52.376354,-1.520406,141.47,12.72,2,136.31,20 / 20,650629,2019-09-06 18:26:57:311,-0.1388,-0.9853,9.9943,0.0116,-0.0213,9.8066,-0.0013,-0.1393,-0.0269,-21.31,-27.69,34,21.61,-83.95,-128.36
52.376354,-1.520406,141.47,12.72,2,136.31,20 / 20,650729,2019-09-06 18:26:57:411,-0.7589,0.6724,9.8946,-0.0022,-0.02,9.8066,0.0476,-0.0185,-0.0685,-20.25,-27.81,34.31,22.25,-83.91,-129.04
52.376354,-1.520406,141.47,12.72,2,136.31,20 / 20,650829,2019-09-06 18:26:57:511,-1.4063,-1.2946,9.6062,0.0001,-0.0143,9.8066,-0.0525,-0.0646,0.1424,-20.06,-28,33.88,23.05,-83.83,-128.32
52.376354,-1.520406,141.47,12.72,2,136.31,20 / 20,650928,2019-09-06 18:26:57:610,0.1798,-0.1249,9.9051,0.0076,0.0051,9.8066,-0.0457,0.0234,-0.079,-20.62,-28.37,34.38,21.86,-83.68,-128.21
52.376354,-1.520406,141.47,12.72,2,136.31,20 / 20,651029,2019-09-06 18:26:57:711,-0.2787,0.281,9.5678,-0.0122,-0.0009,9.8066,-0.0731,0.0903,0.0881,-20.25,-28.37,34.25,24.09,-83.7,-127.39
52.376354,-1.520406,141.47,12.72,2,136.31,20 / 20,651129,2019-09-06 18:26:57:811,-0.7413,0.2556,9.2811,-0.0081,0.0226,9.8066,-0.0916,-0.0084,0.1657,-20.37,-28.06,33.69,27.07,-83.54,-124.69
52.376354,-1.520406,141.47,12.72,2,136.31,20 / 20,651229,2019-09-06 18:26:57:911,0.6138,-0.6027,9.6332,-0.0145,0.0072,9.8066,0.0068,-0.0413,-0.1475,-20.62,-27.87,33.69,27.3,-83.6,-123.2
52.376354,-1.520406,141.47,12.72,2,136.31,20 / 20,651328,2019-09-06 18:26:58:010,-0.0854,-2.9,9.0178,-0.0174,0.0025,9.8065,0.0131,-0.1043,0.1065,-20.06,-28.75,34.19,31.45,-83.5,-120.74
52.376354,-1.520406,141.47,12.72,2,136.31,20 / 20,651428,2019-09-06 18:26:58:110,0.1342,0.4551,10.2852,-0.003,0.0277,9.8065,-0.001,-0.0363,-0.0509,-20,-28.62,33.81,31.57,-83.61,-120.58
52.376354,-1.520406,141.47,12.72,2,136.31,20 / 20,651529,2019-09-06 18:26:58:211,-0.3968,0.1184,10.8943,-0.005,-0.0121,9.8066,0.0415,-0.0619,0.0237,-19.94,-29.25,33.5,30.91,-83.64,-121.18
52.376354,-1.520406,141.47,12.72,2,136.31,20 / 20,651629,2019-09-06 18:26:58:311,-0.2101,0.1116,9.9645,-0.01,0.0374,9.8065,0.0926,0.0396,-0.0196,-19.69,-28.31,34.13,30.68,-83.65,-121.31
52.376354,-1.520406,141.47,12.72,2,136.31,20 / 20,651729,2019-09-06 18:26:58:411,0.4878,-1.3298,10.5152,-0.0073,-0.0238,9.8066,-0.0255,-0.1663,0.0975,-19.94,-28.44,34.19,30.51,-83.4,-121.57
52.376354,-1.520406,141.47,12.72,2,136.31,20 / 20,651829,2019-09-06 18:26:58:511,0.2915,-1.0729,10.2269,-0.0037,-0.0039,9.8066,-0.0159,0.0546,0.0198,-20.44,-28.06,33.69,30.63,-83.39,-121.46
52.376354,-1.520406,141.47,12.72,2,136.31,20 / 20,651929,2019-09-06 18:26:58:611,-0.0001,0.2075,9.6183,0.004,-0.0195,9.8066,0.0976,-0.1047,0.0869,-20.44,-29,33.75,32.19,-83.24,-120.17
52.376354,-1.520406,141.47,12.72,2,136.31,20 / 20,652029,2019-09-06 18:26:58:711,0.6723,0.2533,10.4242,0.0092,-0.0297,9.8066,0.001,0.0276,-0.0059,-19.44,-27.94,34.38,32.36,-83.06,-121.3
52.376354,-1.520406,141.47,12.72,2,136.31,20 / 20,652128,2019-09-06 18:26:58:810,0.8805,-1.2576,9.3298,0.0011,0.0077,9.8066,0.0215,-0.0022,0.0036,-19.75,-28.25,34.06,31.32,-82.93,-121.02
52.376354,-1.520406,141.47,12.72,2,136.31,20 / 20,652228,2019-09-06 18:26:58:910,-2.4681,-1.0896,10.89,-0.0096,-0.0118,9.8066,-0.0187,0.1761,-0.0295,-20.19,-28.69,33.88,32.61,-82.86,-119.96
52.376354,-1.520406,141.47,12.72,2,136.31,20 / 20,652329,2019-09-06 18:26:59:011,-0.3547,1.3662,10.6063,0.0109,0.0096,9.8065,0.1096,0.0012,0.0059,-19.75,-29.19,33.81,33.85,-82.66,-118.91
52.376354,-1.520406,141.47,12.72,2,136.31,20 / 21,652429,2019-09-06 18:26:59:111,1.2348,-3.3324,10.6209,0.0231,-0.0794,9.8063,-0.4011,-0.036,-0.0563,-19.87,-28.69,34.13,30.89,-82.43,-121.73
52.376354,-1.520406,141.47,12.72,2,136.31,20 / 21,652528,2019-09-06 18:26:59:210,3.5326,1.0736,7.9179,0.0222,0.0574,9.8064,-0.2681,0.1634,-0.2678,-20.06,-29.06,34.56,29.41,-82.63,-123.64
52.376354,-1.520406,141.47,12.72,2,136.31,20 / 21,652628,2019-09-06 18:26:59:310,-0.0669,0.9918,7.6174,0.0375,-0.029,9.8065,-0.3405,-0.0054,-0.0101,-20.19,-29.19,33.81,26.8,-82.68,-125.34
52.376354,-1.520406,141.47,12.72,2,136.31,20 / 21,652728,2019-09-06 18:26:59:410,-0.725,2.2778,9.9259,-0.0049,0.0783,9.8063,-0.3082,0.1182,-0.0005,-19.25,-28.69,33.56,31.5,-83.2,-122.13
52.376354,-1.520406,141.47,12.72,2,136.31,20 / 21,652829,2019-09-06 18:26:59:511,-0.3182,1.6441,9.1851,0.0231,0.0097,9.8066,-0.0621,-0.0531,-0.0575,-19.06,-28.69,33.69,29.75,-83.43,-123.64
52.376354,-1.520406,141.47,12.72,2,136.31,20 / 21,652928,2019-09-06 18:26:59:610,-0.0272,1.5889,9.4085,-0.0067,0.0249,9.8065,-0.0731,-0.0002,-0.0268,-19.12,-29.25,33.69,27.7,-83.25,-125.6
52.376354,-1.520406,141.47,12.72,2,136.31,20 / 21,653028,2019-09-06 18:26:59:710,0.7931,-0.4709,9.9182,-0.0134,0.0106,9.8065,-0.0544,-0.0113,0.0089,-19.44,-28.5,33.75,27.27,-83.25,-125.92
52.376354,-1.520406,141.47,12.72,2,136.31,20 / 21,653128,2019-09-06 18:26:59:810,0.1527,1.6539,9.9002,-0.0248,0.0369,9.8065,-0.0478,0.0386,0.0216,-19.06,-28.31,34.13,28.11,-83.13,-125.19
52.376354,-1.520406,141.47,12.72,2,136.31,20 / 21,653229,2019-09-06 18:26:59:911,0.8804,-1.0177,10.0354,-0.0344,0.0485,9.8064,0.0239,0.0163,-0.0391,-19.5,-28.69,34,29.56,-83.12,-123.95
52.376354,-1.520406,141.47,12.72,2,136.31,20 / 21,653328,2019-09-06 18:27:00:010,1.5685,-0.5776,9.7152,0.0168,-0.034,9.8065,0.1508,0.0026,-0.0208,-20,-29.06,33.56,27.94,-83.08,-124.15
52.376354,-1.520406,141.47,12.72,2,136.31,21 / 21,653430,2019-09-06 18:27:00:112,-0.3718,-0.2,10.3332,0.0085,-0.0335,9.8065,-0.1549,0.0481,-0.0061,-19.19,-28.81,34,30.74,-83.07,-122.88
52.376354,-1.520406,141.47,12.72,2,136.31,21 / 21,653529,2019-09-06 18:27:00:211,0.3051,-0.2426,9.2424,0.0243,-0.0092,9.8066,-0.1642,0.024,-0.0816,-19.44,-28.62,33.75,32.49,-83.16,-121.24
52.376354,-1.520406,141.47,12.72,2,136.31,21 / 21,653629,2019-09-06 18:27:00:311,0.8588,1.3699,9.9812,0.0453,-0.068,9.8062,-0.1158,-0.0787,0.0231,-20.12,-29.25,34.44,27.1,-83.17,-124.89
52.376354,-1.520406,141.47,12.72,2,136.31,21 / 21,653729,2019-09-06 18:27:00:411,0.0295,1.7092,10.0423,-0.0125,0.0243,9.8066,-0.132,-0.0404,-0.0303,-19.19,-28.94,35,30.13,-83.34,-123.97
52.376354,-1.520406,141.47,12.72,2,136.31,21 / 21,653829,2019-09-06 18:27:00:511,0.684,-0.098,9.529,-0.0101,0.0233,9.8065,0.0489,-0.0013,0.0554,-18.81,-29.12,33.75,29.22,-83.34,-124.17
52.376354,-1.520406,141.47,12.72,2,136.31,21 / 21,653929,2019-09-06 18:27:00:611,0.933,0.21,9.8879,0.0017,-0.0028,9.8066,0.0045,0.0087,-0.0125,-19.81,-29.56,34.13,27.98,-83.39,-124.07
52.376354,-1.520406,141.47,12.72,2,136.31,21 / 21,654029,2019-09-06 18:27:00:711,0.624,0.0023,9.6633,-0.0149,0.0106,9.8066,0.0405,-0.0349,0.0226,-19.87,-28.37,34.06,29.98,-83.43,-122.05
52.376354,-1.520406,141.47,12.72,2,136.31,21 / 21,654129,2019-09-06 18:27:00:811,1.2794,0.4165,9.6075,-0.0144,-0.0006,9.8066,-0.0077,0.004,0.032,-20.25,-29.5,33.56,31.1,-83.3,-121.15
52.376354,-1.520406,141.47,12.72,2,136.31,21 / 21,654229,2019-09-06 18:27:00:911,-0.1452,0.8058,10.238,0.0011,-0.0003,9.8066,-0.0886,0.0098,-0.0047,-20.37,-29.12,33.5,32.74,-83.28,-119.64
52.376354,-1.520406,141.47,12.72,2,136.31,21 / 21,654329,2019-09-06 18:27:01:011,-0.2667,1.4829,9.8638,-0.0077,0.0201,9.8065,-0.0935,-0.0593,-0.0084,-20.19,-29.25,33.81,34.39,-83.33,-118.1
52.376354,-1.520406,141.47,12.72,2,136.31,20 / 21,654429,2019-09-06 18:27:01:111,0.8103,-0.3142,9.5323,-0.0228,0.0038,9.8066,-0.0601,0.0454,0.0089,-19.75,-29.56,33.81,34.47,-83.23,-118.17
52.376354,-1.520406,141.47,12.72,2,136.31,20 / 21,654530,2019-09-06 18:27:01:212,0.4621,1.4728,9.2023,0.0003,0.0145,9.8066,0.0198,0.0148,0.0232,-19.75,-28.94,33.88,34.03,-83.14,-118.51
52.376354,-1.520406,141.47,12.72,2,136.31,20 / 21,654629,2019-09-06 18:27:01:311,0.958,-0.0407,9.9798,-0.014,-0.0188,9.8066,-0.0178,0.0465,-0.0175,-19.62,-29.31,33.94,34.5,-83.08,-118.11
52.376354,-1.520406,141.47,12.72,2,136.31,20 / 21,654728,2019-09-06 18:27:01:410,-0.2144,1.1753,9.5731,-0.0564,0.0413,9.8063,-0.2198,-0.0975,0.0854,-19.37,-29,33.38,37.67,-83.01,-115.86
52.376354,-1.520406,141.47,12.72,2,136.31,20 / 21,654829,2019-09-06 18:27:01:511,0.243,2.0635,8.0324,-0.0748,0.0252,9.8062,0.1745,-0.0874,0.1761,-20.87,-28.25,33.56,36.24,-82.54,-115.39
52.376354,-1.520406,141.47,12.72,2,136.31,20 / 21,654928,2019-09-06 18:27:01:610,1.6973,0.3893,7.5309,-0.0522,0.0882,9.806,-0.191,0.1629,-0.0588,-21.06,-28.62,33.38,39.05,-82.11,-112.43
52.376354,-1.520406,141.47,12.72,2,136.31,20 / 21,655029,2019-09-06 18:27:01:711,-0.7112,3.3162,9.8104,0.0017,-0.0097,9.8065,-0.0176,-0.0256,0.0288,-20.94,-28.12,33.94,37.42,-81.85,-114.63
52.376354,-1.520406,141.47,12.72,2,136.31,20 / 21,655129,2019-09-06 18:27:01:811,0.4407,2.4637,8.1173,-0.0297,0.0949,9.8061,-0.1747,0.0809,-0.0619,-21.31,-28.25,34.19,34.48,-81.33,-117.57
52.376354,-1.520406,141.47,12.72,2,136.31,20 / 21,655229,2019-09-06 18:27:01:911,0.2772,0.4814,8.0394,0.0226,0.0052,9.8066,0.0144,-0.0894,-0.1008,-21.44,-27.69,34.25,33.48,-81.59,-118.35
52.376354,-1.520406,141.47,12.72,2,136.31,20 / 21,655328,2019-09-06 18:27:02:010,0.8836,-0.8282,10.1965,-0.0194,0.0761,9.8063,-0.0465,-0.0744,0.0328,-20.75,-28.06,34.31,33.92,-81.82,-117.85
52.376354,-1.520406,141.47,12.72,2,136.31,21 / 21,655430,2019-09-06 18:27:02:112,0.1936,0.0336,9.816,-0.0047,0.0588,9.8064,0.0329,-0.0156,-0.0336,-21.06,-28,34.38,33.57,-82.21,-117.99
52.376354,-1.520406,141.47,12.72,2,136.31,21 / 21,655529,2019-09-06 18:27:02:211,0.8627,1.0939,9.6467,0.0102,-0.0038,9.8065,-0.0545,-0.0567,-0.0325,-19.87,-28.37,34.44,32.93,-82.33,-119.8
52.376354,-1.520406,141.47,12.72,2,136.31,21 / 21,655628,2019-09-06 18:27:02:310,-0.118,-0.3258,9.8995,-0.0015,-0.0065,9.8066,-0.0192,-0.0391,-0.0122,-20.69,-28.44,34.13,31.49,-82.35,-119.84
52.376354,-1.520406,141.47,12.72,2,136.31,21 / 21,655729,2019-09-06 18:27:02:411,0.5868,1.2132,10.5694,0.0032,-0.0096,9.8066,0.1661,0.0292,-0.0116,-20.44,-28.06,34.44,32.43,-82.25,-120.29
52.376354,-1.520406,141.47,12.72,2,136.31,21 / 21,655829,2019-09-06 18:27:02:511,0.969,-0.9499,10.5432,-0.015,0.0233,9.8066,-0.0757,-0.0693,-0.0069,-20.19,-28.37,34.56,33.49,-82.2,-120
52.376354,-1.520406,141.47,12.72,2,136.31,21 / 21,655929,2019-09-06 18:27:02:611,0.4866,-0.0569,9.6629,0.0184,-0.0306,9.8065,-0.0333,-0.0027,-0.0229,-20.25,-28.56,34.63,31.01,-82.1,-122.42
52.376354,-1.520406,141.47,12.72,2,136.31,21 / 21,656028,2019-09-06 18:27:02:710,-0.6365,0.5372,9.0085,0.0046,0.0041,9.8066,-0.0048,-0.0129,-0.0056,-20.06,-28.44,34.38,31.4,-82.24,-121.24
52.376354,-1.520406,141.47,12.72,2,136.31,21 / 21,656129,2019-09-06 18:27:02:811,0.6416,0.0214,9.1655,-0.005,0.0397,9.8065,-0.0803,-0.0244,-0.0173,-19.94,-28.69,34.19,33.08,-82.55,-119.66
52.376354,-1.520406,141.47,12.72,2,136.31,21 / 21,656229,2019-09-06 18:27:02:911,0.3692,0.8819,10.7229,-0.0031,0.0155,9.8066,-0.06,-0.0398,-0.0395,-20.5,-28.5,34.44,33.99,-82.72,-118.65
52.376354,-1.520406,141.47,12.72,2,136.31,21 / 21,656329,2019-09-06 18:27:03:011,-0.2971,1.2442,9.7766,0.0069,-0.0192,9.8065,0.0531,-0.0772,0.0295,-19.87,-28.31,34.25,34.68,-82.75,-117.99
52.375492,-1.519616,140.26,11.27,3,155.21,20 / 20,656429,2019-09-06 18:27:03:111,-0.3872,0.7566,10.269,-0.0124,-0.0057,9.8066,0.0064,-0.0768,0.0617,-19.62,-28.81,34.5,34.3,-82.7,-119.13
52.375492,-1.519616,140.26,11.27,3,155.21,20 / 20,656528,2019-09-06 18:27:03:210,-1.7175,1.8338,10.2706,-0.007,-0.0061,9.8066,0.0291,-0.0655,-0.0208,-20.69,-29,34.25,32.23,-82.49,-119.2
52.375492,-1.519616,140.26,11.27,3,155.21,20 / 20,656629,2019-09-06 18:27:03:311,1.4594,0.6778,9.9828,-0.0211,0.0157,9.8065,0.1189,-0.0282,0.0222,-19.94,-28.75,34.19,35.27,-82.54,-117.66
52.375492,-1.519616,140.26,11.27,3,155.21,20 / 20,656729,2019-09-06 18:27:03:411,1.4238,0.7484,10.5051,0.0097,-0.0268,9.8065,0.0046,0.0469,-0.0721,-20.06,-28.62,34.44,35.06,-82.6,-117.82
52.375492,-1.519616,140.26,11.27,3,155.21,20 / 20,656828,2019-09-06 18:27:03:510,0.4823,1.274,10.9024,-0.0055,-0.0083,9.8066,0.0232,0.0274,0.03,-20.56,-28.69,34.63,34.95,-82.44,-117.4
52.375492,-1.519616,140.26,11.27,3,155.21,20 / 20,656929,2019-09-06 18:27:03:611,-0.6413,1.2932,10.559,-0.0222,-0.0176,9.8066,0.1077,-0.0411,0.1355,-20,-28.44,33.5,37.13,-82.39,-115.91
52.375492,-1.519616,140.26,11.27,3,155.21,20 / 20,657029,2019-09-06 18:27:03:711,-1.0923,1.0313,10.5635,-0.0076,0.0476,9.8065,0.0826,0.0481,-0.0329,-20.37,-28.56,34.31,38.5,-82.52,-114.7
52.375492,-1.519616,140.26,11.27,3,155.21,20 / 20,657129,2019-09-06 18:27:03:811,-0.9293,1.673,10.5593,0.0202,-0.024,9.8066,0.0301,-0.0771,-0.0228,-20.12,-28.31,33.69,36.11,-82.38,-116.85
52.375492,-1.519616,140.26,11.27,3,155.21,20 / 20,657229,2019-09-06 18:27:03:911,-1.4633,4.7397,9.9134,0.0057,-0.0182,9.8066,0.0855,0.0303,0.048,-20.37,-28.44,34.63,36.04,-82.31,-117.6
52.375492,-1.519616,140.26,11.27,3,155.21,20 / 20,657328,2019-09-06 18:27:04:010,-0.7143,1.3002,9.772,0,0.0049,9.8066,0.0429,0.1231,0.0931,-20.06,-28,34,34.81,-82.29,-118.1
52.375492,-1.519616,140.26,11.27,3,155.21,20 / 20,657428,2019-09-06 18:27:04:110,0.4906,5.6354,9.5661,0.031,0.0056,9.8065,-0.2279,0.0212,-0.1802,-20.56,-28.25,34.69,32.08,-82.47,-119.93
52.375492,-1.519616,140.26,11.27,3,155.21,20 / 20,657531,2019-09-06 18:27:04:213,5.1727,2.1322,9.1779,0.0159,0.0665,9.8063,0.1011,-0.0458,0.1279,-19.81,-27.75,33.88,31.69,-82.87,-120.7
52.375492,-1.519616,140.26,11.27,3,155.21,20 / 20,657629,2019-09-06 18:27:04:311,-0.3453,1.562,9.2801,0.0082,0.0332,9.8065,0.0264,0.0438,-0.0621,-20.31,-27.69,33.81,31.33,-82.93,-121
52.375492,-1.519616,140.26,11.27,3,155.21,20 / 20,657728,2019-09-06 18:27:04:410,-0.7035,2.817,12.2117,-0.0033,-0.0271,9.8065,-0.0514,0.1021,-0.0567,-19.62,-28.19,34.06,31.86,-83.14,-120.43
52.375492,-1.519616,140.26,11.27,3,155.21,20 / 20,657828,2019-09-06 18:27:04:510,-0.7436,2.4251,10.8358,0.0073,0.0376,9.8065,0.1346,0.1133,-0.0289,-20.37,-28.56,33.44,32.19,-83.07,-119.56
52.375492,-1.519616,140.26,11.27,3,155.21,20 / 20,657928,2019-09-06 18:27:04:610,0.8211,0.5516,9.8743,0.018,-0.0301,9.8066,0.1204,-0.0172,-0.0378,-20.44,-28.19,33.81,33,-83.13,-119.38
52.375492,-1.519616,140.26,11.27,3,155.21,20 / 20,658028,2019-09-06 18:27:04:710,0.2956,-0.3264,10.0121,0.0012,-0.0246,9.8066,-0.059,-0.0239,0.0517,-20.87,-28.25,33.63,30.09,-82.93,-120.88
52.375492,-1.519616,140.26,11.27,3,155.21,20 / 20,658128,2019-09-06 18:27:04:810,1.0384,0.4372,10.1017,0.004,0.0007,9.8066,-0.0205,0.0679,-0.036,-20.56,-28.44,33.31,30.41,-82.89,-119.88
52.375492,-1.519616,140.26,11.27,3,155.21,20 / 20,658229,2019-09-06 18:27:04:911,1.0227,0.7253,9.7362,-0.0047,-0.005,9.8066,0.0115,-0.0401,0.0163,-20.87,-27.56,33.5,31.72,-82.88,-119.4
52.375492,-1.519616,140.26,11.27,3,155.21,20 / 20,658329,2019-09-06 18:27:05:011,-0.3396,1.2677,9.8448,-0.0104,0.0127,9.8066,0.0553,0.0687,0.0286,-21.5,-27.62,33.88,32.4,-82.9,-118.77
52.375492,-1.519616,140.26,11.27,3,155.21,21 / 21,658429,2019-09-06 18:27:05:111,0.4035,0.6246,9.8995,-0.0092,0.0153,9.8065,0.0262,0.0474,0.0293,-21.69,-27.12,33.88,30.96,-82.93,-118.76
52.375492,-1.519616,140.26,11.27,3,155.21,21 / 21,658529,2019-09-06 18:27:05:211,0.0697,0.6221,10.42,-0.0023,-0.0237,9.8066,0.0246,0.0395,-0.0382,-21.5,-27.25,34.81,33.68,-82.93,-118.15
52.375492,-1.519616,140.26,11.27,3,155.21,21 / 21,658630,2019-09-06 18:27:05:312,1.1504,0.6519,9.3057,0.0027,0.0036,9.8066,-0.0001,0.0746,-0.0524,-20.69,-26.69,35.19,33.58,-82.86,-118.28
52.375492,-1.519616,140.26,11.27,3,155.21,21 / 21,658729,2019-09-06 18:27:05:411,1.788,-0.1948,9.3864,-0.007,-0.0029,9.8066,-0.0188,-0.0659,0.0847,-21.25,-27.25,34.88,34.17,-82.89,-117.71
52.375492,-1.519616,140.26,11.27,3,155.21,21 / 21,658829,2019-09-06 18:27:05:511,1.683,-0.4295,9.6985,-0.018,0.0119,9.8065,-0.0156,-0.0156,0.0231,-20.06,-27.12,34.25,36.36,-82.79,-116.32
52.375492,-1.519616,140.26,11.27,3,155.21,21 / 21,658929,2019-09-06 18:27:05:611,0.4974,0.5519,9.231,-0.0005,-0.0013,9.8066,-0.022,0.0072,-0.0051,-20.31,-27.62,33.81,37.4,-82.87,-115.42
52.375492,-1.519616,140.26,11.27,3,155.21,21 / 21,659029,2019-09-06 18:27:05:711,-0.2027,0.2689,10.0246,-0.0018,-0.0224,9.8065,-0.0564,0.0262,-0.0826,-19.75,-27.75,33.69,37.75,-82.81,-115.14
52.375492,-1.519616,140.26,11.27,3,155.21,21 / 21,659128,2019-09-06 18:27:05:810,1.7346,-0.6683,10.0931,0.0065,0.0034,9.8066,0.0287,-0.0065,0.0127,-20.62,-27.31,34.38,36.57,-82.89,-114.8
52.375492,-1.519616,140.26,11.27,3,155.21,21 / 21,659228,2019-09-06 18:27:05:910,0.3614,0.2208,10.2786,0.0152,-0.0256,9.8065,-0.0327,-0.0268,0.0155,-19.81,-26.87,33.56,36.14,-82.85,-116.49
52.375492,-1.519616,140.26,11.27,3,155.21,21 / 21,659329,2019-09-06 18:27:06:011,0.4649,0.1921,9.0317,-0.0054,0.035,9.8065,0.0414,-0.0166,-0.0726,-20.06,-27.44,34.06,36.08,-82.86,-116.54
52.375492,-1.519616,140.26,11.27,3,155.21,21 / 21,659428,2019-09-06 18:27:06:110,0.1816,-0.2681,9.4612,-0.0032,0.0261,9.8065,-0.0053,-0.078,0.0056,-20.25,-27.44,33.88,34.69,-82.96,-117.79
52.375492,-1.519616,140.26,11.27,3,155.21,21 / 21,659531,2019-09-06 18:27:06:213,1.0014,0.4415,9.4438,0.0036,0.0248,9.8066,-0.1082,-0.047,0.0432,-20.25,-27.19,33.94,35.14,-83.15,-117.29
52.375492,-1.519616,140.26,11.27,3,155.21,21 / 21,659628,2019-09-06 18:27:06:310,1.0451,-0.0532,10.0742,-0.0013,0.0034,9.8066,-0.1208,0.0262,-0.0573,-20.12,-28.06,33.63,36.44,-83.21,-116.15
52.375492,-1.519616,140.26,11.27,3,155.21,21 / 21,659730,2019-09-06 18:27:06:412,-0.7326,0.414,10.0375,-0.0032,0.0201,9.8065,0.0759,-0.039,0.082,-19.87,-27.87,33.81,36.46,-83.4,-116.04
52.375492,-1.519616,140.26,11.27,3,155.21,21 / 21,659829,2019-09-06 18:27:06:511,1.6237,-0.9838,9.7597,-0.0061,0.0065,9.8066,0.0595,0.0393,-0.0179,-19.75,-28.44,33.56,35.83,-83.43,-116.61
52.375492,-1.519616,140.26,11.27,3,155.21,21 / 21,659929,2019-09-06 18:27:06:611,0.321,-0.6568,9.5505,0.0074,-0.0274,9.8065,-0.0448,0.0671,-0.0649,-19.56,-27.94,33.69,33.67,-83.2,-118.73
52.375492,-1.519616,140.26,11.27,3,155.21,21 / 21,660029,2019-09-06 18:27:06:711,0.2594,-1.7221,10.3526,0.0114,0.001,9.8066,0.0115,-0.0863,0.1261,-20.37,-28.19,34,33.5,-83.28,-118.85
52.375492,-1.519616,140.26,11.27,3,155.21,21 / 21,660129,2019-09-06 18:27:06:811,0.8901,-1.0017,10.6486,0.0098,0.0018,9.8066,-0.0697,0.0043,-0.0436,-20.06,-28.12,34,34.54,-83.19,-117.93
52.375492,-1.519616,140.26,11.27,3,155.21,21 / 21,660229,2019-09-06 18:27:06:911,-0.1338,0.9307,9.5025,0.026,-0.0481,9.8064,-0.1083,0.0301,-0.0273,-19.81,-28.81,34.06,32.81,-83.24,-119.6
52.375492,-1.519616,140.26,11.27,3,155.21,21 / 21,660328,2019-09-06 18:27:07:010,2.2863,-0.4104,9.4657,-0.0259,0.0387,9.8065,0.0764,-0.0526,0.0195,-20,-28.06,33.75,34.22,-83.36,-118.14
52.375492,-1.519616,140.26,11.27,3,155.21,21 / 21,660429,2019-09-06 18:27:07:111,2.0301,0.0454,8.7835,-0.0059,0.0118,9.8066,-0.0963,0.0814,-0.0964,-20.12,-28.56,34,33.19,-83.21,-119.26
52.375492,-1.519616,140.26,11.27,3,155.21,21 / 21,660528,2019-09-06 18:27:07:210,0.5575,0.409,9.4422,-0.0254,0.05,9.8065,0.012,0.0766,0.0132,-19.94,-27.69,33.75,35.62,-83.53,-116.76
52.375492,-1.519616,140.26,11.27,3,155.21,21 / 21,660629,2019-09-06 18:27:07:311,-1.05,-0.754,8.1562,0.0182,-0.0265,9.8065,0.0996,-0.1468,0.0666,-20.19,-27.81,34.56,34.07,-83.42,-118.93
52.375492,-1.519616,140.26,11.27,3,155.21,21 / 21,660729,2019-09-06 18:27:07:411,0.72,3.5677,13.9138,0.0377,-0.0553,9.8063,-0.2296,0.0012,-0.0101,-20.12,-27.56,33.81,28.01,-83.06,-124.01
52.375492,-1.519616,140.26,11.27,3,155.21,21 / 21,660831,2019-09-06 18:27:07:513,1.0024,0.559,6.4004,0.0854,-0.1298,9.8054,-0.2494,0.0356,-0.0132,-20.81,-26.5,35.75,16.64,-82.06,-134.67
52.375492,-1.519616,140.26,11.27,3,155.21,21 / 21,660929,2019-09-06 18:27:07:611,-0.2177,-2.3327,9.2711,-0.0816,0.1135,9.8056,-0.2728,-0.0287,0.0191,-20.5,-27.06,35.94,16.82,-81.92,-135.81
52.375492,-1.519616,140.26,11.27,3,155.21,21 / 21,661028,2019-09-06 18:27:07:710,2.8427,-1.27,7.0991,-0.06,0.1256,9.8056,-0.8382,-0.0332,0.0572,-20.87,-28.06,35.06,18.86,-82.42,-132.01
52.375492,-1.519616,140.26,11.27,3,155.21,21 / 21,661129,2019-09-06 18:27:07:811,-1.9533,1.2779,9.1751,-0.0631,0.1252,9.8056,-0.027,0.0734,-0.0438,-20,-28.5,33.56,38.3,-83.99,-114.03
52.375492,-1.519616,140.26,11.27,3,155.21,21 / 21,661229,2019-09-06 18:27:07:911,-0.1925,-0.2028,10.1656,-0.0161,0.0681,9.8063,-0.0531,-0.1002,0.0084,-20.19,-27.69,33.19,42.45,-84.44,-109.19
52.375492,-1.519616,140.26,11.27,3,155.21,21 / 21,661328,2019-09-06 18:27:08:010,2.3608,-0.0564,7.3189,0.0279,-0.0099,9.8065,0.1116,-0.0537,0.0538,-19.62,-27.94,33.81,39.03,-84.47,-113.1
52.375492,-1.519616,140.26,11.27,3,155.21,20 / 20,661428,2019-09-06 18:27:08:110,1.5611,-1.1372,10.3768,-0.0152,-0.0372,9.8065,0.149,0.0479,-0.0398,-19.94,-28.37,33.81,31.41,-84.02,-120.48
52.375492,-1.519616,140.26,11.27,3,155.21,20 / 20,661528,2019-09-06 18:27:08:210,0.6204,-1.6743,10.8789,-0.0167,0.0193,9.8066,-0.0187,0.0342,-0.0158,-19.56,-27.12,34.13,28.6,-83.68,-123.15
52.375492,-1.519616,140.26,11.27,3,155.21,20 / 20,661629,2019-09-06 18:27:08:311,0.9073,-2.3574,10.9774,-0.0394,0.0616,9.8063,0.0501,0.0289,-0.1247,-20.37,-28.12,34.69,33.2,-83.94,-119.51
52.375492,-1.519616,140.26,11.27,3,155.21,20 / 20,661729,2019-09-06 18:27:08:411,0.5672,0.5202,9.7045,0.0316,-0.0303,9.8064,0.017,0.0962,-0.0407,-20,-28.06,34.13,33.68,-84.17,-118.28
52.375492,-1.519616,140.26,11.27,3,155.21,20 / 20,661829,2019-09-06 18:27:08:511,2.6708,-0.546,9.2193,0.0264,-0.041,9.8065,0.0782,0.0484,-0.0801,-20.81,-28.37,34.38,28.1,-84.16,-122.25
52.375492,-1.519616,140.26,11.27,3,155.21,20 / 20,661929,2019-09-06 18:27:08:611,0.3416,-1.8256,9.615,0.0019,-0.0032,9.8066,-0.1109,-0.012,0.0392,-20.12,-28.25,34.94,28.88,-84.15,-123.46
52.375492,-1.519616,140.26,11.27,3,155.21,20 / 20,662029,2019-09-06 18:27:08:711,0.6086,-0.133,10.2352,0.0081,-0.0139,9.8066,0.0905,0.0669,0.0102,-19.37,-28.31,34.44,28.69,-84.15,-124.25
52.375492,-1.519616,140.26,11.27,3,155.21,20 / 20,662128,2019-09-06 18:27:08:810,0.479,-0.6279,10.3871,-0.0226,0.0279,9.8065,0.1181,0.0656,-0.0352,-19.56,-28.25,35,30.38,-84.37,-121.98
52.375492,-1.519616,140.26,11.27,3,155.21,20 / 20,662228,2019-09-06 18:27:08:910,1.2108,-0.3224,9.87,0.0059,0.0214,9.8065,0.043,-0.0633,0.0456,-19.12,-28.12,34.94,30.52,-84.4,-123.1
52.375492,-1.519616,140.26,11.27,3,155.21,20 / 20,662329,2019-09-06 18:27:09:011,0.3176,-1.455,10.0004,0.0054,0.0029,9.8066,0.0835,0.0395,-0.0506,-18.5,-27.81,35.19,30.95,-84.3,-124.04
52.375492,-1.519616,140.26,11.27,3,155.21,19 / 19,662431,2019-09-06 18:27:09:113,-0.1339,-2.3333,9.9086,0.0034,0.0131,9.8066,-0.0028,-0.1523,0.0651,-19.12,-28.37,34.94,29.2,-84.49,-124.31
52.375492,-1.519616,140.26,11.27,3,155.21,19 / 19,662528,2019-09-06 18:27:09:210,2.1415,-0.6095,9.5324,0.0417,-0.0236,9.8065,-0.0752,-0.1273,0.0982,-18.75,-27.69,34.5,28.37,-84.63,-125.04
52.375492,-1.519616,140.26,11.27,3,155.21,19 / 19,662628,2019-09-06 18:27:09:310,0.9804,0.0848,9.4489,0.0061,-0.0363,9.8065,-0.0665,0.1605,-0.1002,-18.31,-28,34.06,30.04,-84.69,-124.1
52.375492,-1.519616,140.26,11.27,3,155.21,19 / 19,662729,2019-09-06 18:27:09:411,1.2409,-1.0841,9.5536,-0.0031,0.028,9.8066,-0.0837,0.0847,-0.0479,-19,-28.06,34,28.94,-84.87,-123.74
52.375492,-1.519616,140.26,11.27,3,155.21,19 / 19,662829,2019-09-06 18:27:09:511,1.505,-0.888,9.8155,0.0067,-0.0009,9.8066,-0.1374,0.0543,0.0492,-18,-27.75,33.44,28.87,-85.04,-124.39
52.375492,-1.519616,140.26,11.27,3,155.21,19 / 19,662929,2019-09-06 18:27:09:611,1.0582,-1.6523,9.4722,-0.0126,-0.0017,9.8066,0.0456,0.0014,-0.0421,-18.56,-28.06,34.06,28.06,-84.97,-124.53
52.375492,-1.519616,140.26,11.27,3,155.21,19 / 19,663028,2019-09-06 18:27:09:710,1.4964,-1.4684,9.4563,-0.0132,0.035,9.8065,0.0669,-0.092,-0.0384,-18.19,-28.31,33.94,31.15,-85.04,-122.91
52.375492,-1.519616,140.26,11.27,3,155.21,19 / 19,663128,2019-09-06 18:27:09:810,0.0026,-1.6149,9.9052,0.0129,-0.0238,9.8066,-0.1036,0.0073,0.0803,-18.75,-28.5,34.13,28.41,-84.9,-124.23
52.375492,-1.519616,140.26,11.27,3,155.21,19 / 19,663229,2019-09-06 18:27:09:911,1.4059,0.2416,9.7162,-0.0076,-0.0373,9.8066,-0.0944,0.096,-0.0076,-18.75,-28.19,34.5,29.87,-84.79,-123.57
52.375492,-1.519616,140.26,11.27,3,155.21,19 / 19,663329,2019-09-06 18:27:10:011,1.7897,-1.1874,9.1871,-0.0086,-0.0068,9.8066,-0.0358,-0.0579,0.0403,-19.12,-28,33.5,29.78,-84.75,-123
52.375492,-1.519616,140.26,11.27,3,155.21,20 / 20,663429,2019-09-06 18:27:10:111,0.953,-0.207,10.1906,-0.0066,-0.0101,9.8066,-0.0104,-0.0279,0.0303,-18.56,-27.69,33.75,31.4,-84.54,-121.56
52.375492,-1.519616,140.26,11.27,3,155.21,20 / 20,663528,2019-09-06 18:27:10:210,1.166,-1.7579,8.1914,-0.028,0.0417,9.8065,-0.0739,-0.0712,0.1303,-19.5,-27.69,33.63,35.76,-84.55,-117.46
52.375492,-1.519616,140.26,11.27,3,155.21,20 / 20,663630,2019-09-06 18:27:10:312,1.1084,-2.2579,5.4809,-0.0317,0.0088,9.8065,-0.3113,0.0524,0.0133,-19.37,-28.25,33.13,38.01,-84.28,-114.79
52.375492,-1.519616,140.26,11.27,3,155.21,20 / 20,663728,2019-09-06 18:27:10:410,2.8134,-1.9694,7.3855,0.0478,-0.0659,9.8062,-0.7528,-0.1888,0.0939,-20,-28.44,33,40.67,-84.57,-110.81
52.375492,-1.519616,140.26,11.27,3,155.21,20 / 20,663829,2019-09-06 18:27:10:511,-3.0035,3.8969,11.9747,0.0727,-0.149,9.8052,0.0422,0.2006,-0.0938,-19.5,-28.81,33.44,48.48,-84.58,-104.81
52.375492,-1.519616,140.26,11.27,3,155.21,20 / 20,663929,2019-09-06 18:27:10:611,4.7505,-1.8216,10.7838,0.1079,-0.187,9.8042,-0.2585,0.0607,-0.1868,-19.25,-28.31,34.06,46.76,-85.04,-106.75
52.375492,-1.519616,140.26,11.27,3,155.21,20 / 20,664029,2019-09-06 18:27:10:711,3.3756,-3.1538,9.191,0.1379,-0.2182,9.8032,0.1564,-0.0473,0.0991,-18.81,-28,35.19,22.12,-84.06,-131.07
52.375492,-1.519616,140.26,11.27,3,155.21,20 / 20,664128,2019-09-06 18:27:10:810,1.7317,-3.4822,9.2498,-0.0335,0.013,9.8065,-0.4994,-0.0648,-0.0074,-19.19,-27.87,35.06,25.01,-83.7,-128.5
52.375492,-1.519616,140.26,11.27,3,155.21,20 / 20,664230,2019-09-06 18:27:10:912,0.9542,0.2749,7.5032,0.013,-0.0119,9.8066,-0.0235,-0.0253,0.1681,-18.69,-28.87,34.44,28.8,-83.98,-124.29
52.375492,-1.519616,140.26,11.27,3,155.21,20 / 20,664328,2019-09-06 18:27:11:010,1.1583,1.9951,7.6071,-0.0551,0.0481,9.8063,-0.1884,0.0376,-0.0766,-19.12,-28.19,33.69,37.65,-84.28,-115.81
52.375492,-1.519616,140.26,11.27,3,155.21,20 / 20,664430,2019-09-06 18:27:11:112,0.2423,-2.194,8.7382,0.0036,-0.0187,9.8065,0.1191,0.0774,-0.0279,-19.75,-27.81,34.31,35.3,-84.1,-116.8
52.375492,-1.519616,140.26,11.27,3,155.21,20 / 20,664528,2019-09-06 18:27:11:210,0.3514,-2.159,9.7901,-0.0101,-0.0113,9.8066,-0.0007,-0.066,0.1136,-19.06,-27.69,34.19,35.47,-83.66,-118.14
52.375492,-1.519616,140.26,11.27,3,155.21,20 / 20,664629,2019-09-06 18:27:11:311,2.3092,0.8162,10.8371,0.0178,0.0146,9.8066,0.0023,0.1003,-0.1705,-19.06,-28,34.56,33.79,-83.72,-120.33
52.375492,-1.519616,140.26,11.27,3,155.21,20 / 20,664729,2019-09-06 18:27:11:411,-0.1149,-0.2226,10.6427,-0.0323,0.0493,9.8064,-0.0718,-0.0236,0.1631,-19.75,-27.75,34.94,32.06,-83.73,-120.66
52.375492,-1.519616,140.26,11.27,3,155.21,20 / 20,664828,2019-09-06 18:27:11:510,1.1074,-1.6846,8.8547,-0.031,0.0996,9.806,0.0074,-0.0912,-0.0377,-19.5,-28,34.13,37.55,-84.13,-115.97
52.375492,-1.519616,140.26,11.27,3,155.21,20 / 20,664928,2019-09-06 18:27:11:610,1.9683,-1.8924,9.831,0.0104,-0.0019,9.8066,0.0708,0.05,-0.18,-19.94,-28.56,34.13,35.11,-84.41,-116.92
52.375492,-1.519616,140.26,11.27,3,155.21,20 / 20,665029,2019-09-06 18:27:11:711,0.3077,-0.0757,9.6279,-0.0186,0.0047,9.8066,0.0633,0.017,0.1456,-19.56,-27.94,34.13,36.17,-84.21,-115.93
52.375492,-1.519616,140.26,11.27,3,155.21,20 / 20,665128,2019-09-06 18:27:11:810,0.0979,1.5643,10.0563,-0.0063,-0.0091,9.8066,-0.0053,-0.0105,0.0197,-19.5,-28.25,34.25,37.85,-84.07,-115.72
52.375492,-1.519616,140.26,11.27,3,155.21,20 / 20,665228,2019-09-06 18:27:11:910,0.4359,1.4969,9.776,-0.0036,-0.0064,9.8066,-0.0484,-0.0606,-0.0844,-19.87,-28.25,33.63,37.94,-83.99,-114.37
52.375492,-1.519616,140.26,11.27,3,155.21,20 / 20,665328,2019-09-06 18:27:12:010,0.27,-0.297,10.1475,0.01,-0.0338,9.8065,-0.005,0.1012,0.113,-19.19,-28.12,34.13,40.85,-83.89,-112.99
52.37477,-1.519049,138.66,12.2,3,155.66,21 / 21,665428,2019-09-06 18:27:12:110,1.8523,-1.8053,9.1639,0.0155,-0.0256,9.8065,0.1889,-0.0213,0.1148,-19.75,-27.69,33.44,36.64,-83.8,-114.99
52.37477,-1.519049,138.66,12.2,3,155.66,21 / 21,665529,2019-09-06 18:27:12:211,-0.0254,0.9351,9.22,-0.0008,0.0055,9.8066,-0.1322,0.0292,0.0028,-19.87,-28.37,33.69,37.27,-84,-115
52.37477,-1.519049,138.66,12.2,3,155.66,21 / 21,665629,2019-09-06 18:27:12:311,-0.4987,2.2905,9.2862,0.0101,0.0012,9.8066,-0.0661,0.0092,-0.0855,-19,-28.37,33.81,38.28,-84.06,-115.32
52.37477,-1.519049,138.66,12.2,3,155.66,21 / 21,665729,2019-09-06 18:27:12:411,-0.1192,1.5356,9.8723,-0.0106,0.0319,9.8065,0.0875,0.0048,0.0545,-19.75,-28.44,33.81,36.86,-84.23,-115.27
52.37477,-1.519049,138.66,12.2,3,155.66,21 / 21,665829,2019-09-06 18:27:12:511,0.4481,-1.0779,9.7316,-0.0089,0.0129,9.8066,-0.0001,0.0489,0.0181,-19.69,-28.44,34.06,37.61,-84.3,-114.54
52.37477,-1.519049,138.66,12.2,3,155.66,21 / 21,665929,2019-09-06 18:27:12:611,1.6057,-0.0139,9.308,-0.0169,0.0323,9.8065,0.1722,0.0549,-0.0169,-19.31,-28.06,34.25,39.64,-84.34,-113.89
52.37477,-1.519049,138.66,12.2,3,155.66,21 / 21,666029,2019-09-06 18:27:12:711,0.0326,0.575,9.8459,-0.0133,0.0359,9.8065,0.0156,-0.0387,-0.0342,-19.56,-28.19,34.81,38.61,-84.32,-114.24
52.37477,-1.519049,138.66,12.2,3,155.66,21 / 21,666129,2019-09-06 18:27:12:811,0.5222,0.8414,10.2745,0.0117,0.0028,9.8066,0.0573,-0.0124,0.0308,-19.37,-28.31,33.88,38.21,-84.44,-115.2
52.37477,-1.519049,138.66,12.2,3,155.66,21 / 21,666228,2019-09-06 18:27:12:910,0.8561,0.6562,10.4282,0.0102,-0.0024,9.8066,0.0839,0.0123,-0.0268,-18.94,-29,34.19,37.41,-84.55,-115.99
52.37477,-1.519049,138.66,12.2,3,155.66,21 / 21,666329,2019-09-06 18:27:13:011,0.7414,-0.1813,9.4042,0.0208,-0.028,9.8065,-0.0393,0.0288,0.0038,-19.5,-28.31,34,35.93,-84.58,-117.28
52.37477,-1.519049,138.66,12.2,3,155.66,19 / 20,666428,2019-09-06 18:27:13:110,0.8688,1.8466,9.7396,0.0257,-0.0287,9.8065,-0.0631,-0.0608,0.0542,-19.19,-29,34,33.49,-84.56,-119.67
52.37477,-1.519049,138.66,12.2,3,155.66,19 / 20,666529,2019-09-06 18:27:13:211,0.1877,0.2285,9.6773,0.0104,0.0207,9.8065,-0.0253,0.0709,-0.1221,-19.31,-28.44,33.56,34,-84.79,-119.01
52.37477,-1.519049,138.66,12.2,3,155.66,19 / 20,666628,2019-09-06 18:27:13:310,1.8741,-0.8463,9.3515,0.0162,0.0067,9.8065,0.0127,0.0449,-0.0466,-19,-28.62,33.56,32.32,-84.98,-120.58
52.37477,-1.519049,138.66,12.2,3,155.66,19 / 20,666733,2019-09-06 18:27:13:415,0.8925,0.8036,9.6185,0.0042,0.0238,9.8066,-0.0354,0.0157,-0.1017,-18.81,-28.75,33.13,32.49,-85.3,-119.59
52.37477,-1.519049,138.66,12.2,3,155.66,19 / 20,666829,2019-09-06 18:27:13:511,0.5123,1.9139,9.973,0.0238,0.0217,9.8065,-0.0856,0.0135,-0.0149,-19.25,-29.31,33.63,31.26,-85.57,-121.33
52.37477,-1.519049,138.66,12.2,3,155.66,19 / 20,666928,2019-09-06 18:27:13:610,0.1079,1.4286,10.2341,0.0013,0.0098,9.8066,0.0952,0.0497,-0.0669,-19.19,-29.06,33.5,30.73,-85.73,-121.77
52.37477,-1.519049,138.66,12.2,3,155.66,19 / 20,667028,2019-09-06 18:27:13:710,0.9896,-0.2943,9.8321,0.007,0.0072,9.8066,0.1005,0.0234,-0.0394,-19.37,-28.87,33.75,28.43,-85.79,-123.93
52.37477,-1.519049,138.66,12.2,3,155.66,19 / 20,667129,2019-09-06 18:27:13:811,0.9977,1.5586,9.8893,0.006,0.0052,9.8066,0.0975,0.0504,0.0004,-18.87,-28.5,33.88,25.41,-85.8,-126.75
52.37477,-1.519049,138.66,12.2,3,155.66,19 / 20,667228,2019-09-06 18:27:13:910,1.0943,0.9734,9.9501,0.0141,0.011,9.8066,-0.0198,0.035,0.0047,-19.06,-29.06,33.38,23.22,-85.88,-128.14
52.37477,-1.519049,138.66,12.2,3,155.66,19 / 20,667330,2019-09-06 18:27:14:012,1.0138,0.4335,9.4276,0.0035,-0.0018,9.8066,0.019,0.0187,-0.0115,-19.31,-27.87,32.69,23.17,-85.97,-128.11
52.37477,-1.519049,138.66,12.2,3,155.66,20 / 21,667428,2019-09-06 18:27:14:110,2.0473,1.2237,9.3756,-0.0049,0.0229,9.8065,-0.0125,0.113,-0.0409,-19.94,-28.19,32.63,23.15,-86.24,-126.75
52.37477,-1.519049,138.66,12.2,3,155.66,20 / 21,667529,2019-09-06 18:27:14:211,1.229,-1.3311,9.8802,-0.0033,0.0107,9.8066,-0.035,0.0795,-0.0261,-20.62,-28.56,33,23.31,-86.34,-125.33
52.37477,-1.519049,138.66,12.2,3,155.66,20 / 21,667629,2019-09-06 18:27:14:311,1.0445,1.1414,10.0911,0.0142,-0.0691,9.8064,-0.0667,0.1666,-0.0237,-20.87,-28.5,33.5,20.8,-86.27,-128.46
52.37477,-1.519049,138.66,12.2,3,155.66,20 / 21,667728,2019-09-06 18:27:14:410,0.1232,1.7122,11.0172,0.0052,-0.0218,9.8065,-0.0754,0.0979,0.034,-20,-28.5,33.38,22.53,-86.31,-127.32
52.37477,-1.519049,138.66,12.2,3,155.66,20 / 21,667828,2019-09-06 18:27:14:510,0.7194,-1.1524,9.7655,-0.0048,-0.0637,9.8063,-0.0419,0.1367,-0.053,-20,-29.12,33.31,25.17,-86.39,-124.81
52.37477,-1.519049,138.66,12.2,3,155.66,20 / 21,667929,2019-09-06 18:27:14:611,-0.0769,2.3735,10.105,-0.0056,-0.0086,9.8066,0.0827,0.0742,0.0478,-20,-28.5,32.44,24.72,-86.01,-124.57
52.37477,-1.519049,138.66,12.2,3,155.66,20 / 21,668029,2019-09-06 18:27:14:711,1.3117,0.0376,10.4444,-0.0131,-0.0387,9.8065,-0.0176,0.0965,0.0223,-20.44,-29.25,32.44,26.99,-85.68,-122.57
52.37477,-1.519049,138.66,12.2,3,155.66,20 / 21,668129,2019-09-06 18:27:14:811,2.2939,-0.0312,9.9491,-0.004,-0.0259,9.8066,0.041,0.1042,-0.0025,-20.5,-29.25,33,28.95,-85.48,-121.55
52.37477,-1.519049,138.66,12.2,3,155.66,20 / 21,668228,2019-09-06 18:27:14:910,0.9084,0.4505,9.7345,-0.0083,-0.0205,9.8066,-0.0866,0.0428,0.0511,-20.75,-28.75,32.38,28.96,-85.26,-119.58
52.37477,-1.519049,138.66,12.2,3,155.66,20 / 21,668331,2019-09-06 18:27:15:013,0.0273,0.7337,8.7065,-0.0021,-0.0089,9.8066,-0.0935,0.0152,0.0636,-20.87,-29.06,32.06,29.55,-85.11,-119.09
52.37477,-1.519049,138.66,12.2,3,155.66,21 / 21,668429,2019-09-06 18:27:15:111,-0.4704,1.0013,9.4819,-0.0102,0.006,9.8066,-0.038,0.0725,0.0023,-21.44,-28.87,32.63,32.92,-85.01,-116.72
52.37477,-1.519049,138.66,12.2,3,155.66,21 / 21,668529,2019-09-06 18:27:15:211,-0.2451,0.87,10.0319,-0.0149,0.0037,9.8065,0.0292,-0.0264,0.0155,-20.94,-29.12,32.44,34.55,-85.04,-114.41
52.37477,-1.519049,138.66,12.2,3,155.66,21 / 21,668628,2019-09-06 18:27:15:310,-1.7295,0.9905,9.5205,-0.0005,-0.0013,9.8066,-0.0578,-0.0101,0.0868,-21.37,-28.44,31.69,35.52,-84.9,-113.48
52.37477,-1.519049,138.66,12.2,3,155.66,21 / 21,668729,2019-09-06 18:27:15:411,-2.5238,1.9907,10.1215,-0.0199,-0.0252,9.8066,0.0086,0.1263,-0.0753,-21.31,-28.25,32.44,37.37,-84.74,-111.81
52.37477,-1.519049,138.66,12.2,3,155.66,21 / 21,668828,2019-09-06 18:27:15:510,-2.2168,1.0763,10.1489,-0.0111,0.0134,9.8066,0.1058,-0.1594,0.1584,-21.5,-28.87,32.38,36.81,-84.65,-112.46
52.37477,-1.519049,138.66,12.2,3,155.66,21 / 21,668929,2019-09-06 18:27:15:611,-1.5579,3.3695,10.5364,-0.0149,0.0129,9.8066,0.0453,-0.0034,-0.0276,-21.19,-29.37,32.44,38.51,-84.5,-110.94
52.37477,-1.519049,138.66,12.2,3,155.66,21 / 21,669030,2019-09-06 18:27:15:712,-0.6503,1.5447,9.6994,0.0263,-0.0277,9.8065,-0.0856,-0.0284,0.0401,-21.31,-29.25,31.88,35.68,-84.51,-113.59
52.37477,-1.519049,138.66,12.2,3,155.66,21 / 21,669130,2019-09-06 18:27:15:812,-0.4449,2.5174,10.0238,0.0106,-0.0276,9.8065,0.0054,-0.0176,-0.0547,-21.37,-29.06,32.63,36.73,-84.47,-113.38
52.37477,-1.519049,138.66,12.2,3,155.66,21 / 21,669230,2019-09-06 18:27:15:912,-2.0818,3.0245,10.4758,0.0039,0.0144,9.8066,-0.0808,-0.0073,-0.0164,-21.44,-29,32.56,37.44,-84.58,-112.65
52.37477,-1.519049,138.66,12.2,3,155.66,21 / 21,669330,2019-09-06 18:27:16:012,-2.0646,2.8233,9.7635,0.0047,0.0061,9.8066,-0.0655,-0.0729,0.1237,-21.12,-29.25,32.75,36.91,-84.73,-113.08
52.37477,-1.519049,138.66,12.2,3,155.66,19 / 19,669428,2019-09-06 18:27:16:110,-2.531,2.4496,9.8545,-0.019,0.0082,9.8066,0.0339,0.0161,-0.0948,-20.75,-28.44,33,36.29,-84.54,-113.68
52.37477,-1.519049,138.66,12.2,3,155.66,19 / 19,669529,2019-09-06 18:27:16:211,-1.6964,2.2902,10.5766,-0.0016,0.0198,9.8066,0.1324,-0.1044,0.0815,-21.75,-29.56,32.81,35.51,-84.56,-113.32
52.37477,-1.519049,138.66,12.2,3,155.66,19 / 19,669628,2019-09-06 18:27:16:310,-0.7253,0.9327,9.9996,0.016,-0.0181,9.8066,-0.0362,-0.126,-0.0379,-20.87,-28.56,32.69,34.3,-84.46,-115.67
52.37477,-1.519049,138.66,12.2,3,155.66,19 / 19,669728,2019-09-06 18:27:16:410,-0.7917,1.8461,9.5463,0.004,-0.0016,9.8066,0.0456,-0.0121,-0.0376,-21.19,-29.12,33.25,34.05,-84.47,-115.9
52.37477,-1.519049,138.66,12.2,3,155.66,19 / 19,669829,2019-09-06 18:27:16:511,-2.8341,1.4956,10.2945,-0.0123,0.006,9.8066,-0.0242,-0.0562,0.1587,-20.56,-29.06,32.75,34.79,-84.5,-115.19
52.37477,-1.519049,138.66,12.2,3,155.66,19 / 19,669929,2019-09-06 18:27:16:611,-1.5633,2.7497,10.2501,-0.0111,0.0293,9.8066,-0.0472,-0.058,-0.0546,-20.87,-28.25,32.88,36.33,-84.56,-113.63
52.37477,-1.519049,138.66,12.2,3,155.66,19 / 19,670029,2019-09-06 18:27:16:711,-1.7556,1.4493,10.179,0.0123,-0.0079,9.8066,0.042,-0.0209,-0.0984,-20.69,-28.5,32.31,35.25,-84.74,-113.81
52.37477,-1.519049,138.66,12.2,3,155.66,19 / 19,670128,2019-09-06 18:27:16:810,-1.3737,2.1006,10.2271,-0.0052,-0.0046,9.8066,0.0481,-0.0222,0.0031,-20.75,-27.81,32.63,36.6,-84.84,-113.24
52.37477,-1.519049,138.66,12.2,3,155.66,19 / 19,670229,2019-09-06 18:27:16:911,-4.1171,3.2489,12.933,-0.001,-0.0866,9.8062,-0.1516,0.1796,0.0134,-21,-28.12,32.94,30.61,-84.38,-119.09
52.37477,-1.519049,138.66,12.2,3,155.66,19 / 19,670329,2019-09-06 18:27:17:011,-0.7664,-0.168,8.5388,0.0486,-0.0539,9.8064,0.3355,0.0331,-0.2639,-20.87,-27.5,33.06,23.36,-84.16,-125.88
52.37477,-1.519049,138.66,12.2,3,155.66,19 / 20,670428,2019-09-06 18:27:17:110,-0.2863,-0.3662,6.1741,0.0327,0.0146,9.8066,0.1447,-0.1438,0.0208,-20.31,-27.62,35.13,14.48,-83.79,-136.93
52.37477,-1.519049,138.66,12.2,3,155.66,19 / 20,670529,2019-09-06 18:27:17:211,1.4297,2.8725,7.1676,-0.01,0.0208,9.8066,-0.0892,-0.0976,0.0845,-20.69,-28.31,34.38,10.83,-83.7,-138.37
52.37477,-1.519049,138.66,12.2,3,155.66,19 / 20,670629,2019-09-06 18:27:17:311,0.9564,1.4778,8.9218,-0.1101,0.141,9.8049,-0.1187,-0.1826,0.1622,-21.19,-28.62,33.63,24.5,-84.52,-125.54
52.37477,-1.519049,138.66,12.2,3,155.66,19 / 20,670729,2019-09-06 18:27:17:411,-0.3892,2.8075,11.3483,-0.1025,0.1574,9.8048,-0.1491,0.0829,-0.1395,-21.56,-28.81,32.94,39.28,-85.02,-109.44
52.37477,-1.519049,138.66,12.2,3,155.66,19 / 20,670829,2019-09-06 18:27:17:511,-0.5466,3.3572,12.2475,0.0071,-0.0094,9.8066,0.0385,0.0734,-0.0429,-20.5,-28.94,32.31,49.33,-85.51,-101.38
52.37477,-1.519049,138.66,12.2,3,155.66,19 / 20,670929,2019-09-06 18:27:17:611,0.2237,0.717,9.764,0.0163,-0.0411,9.8065,0.2209,-0.0125,0.0134,-20.12,-28.37,33,42.57,-85.41,-108.55
52.37477,-1.519049,138.66,12.2,3,155.66,19 / 20,671028,2019-09-06 18:27:17:710,1.1088,-0.4369,8.3152,0.04,-0.0987,9.806,0.0842,-0.0872,0.0508,-19.81,-28.31,34.25,27.07,-84.55,-124.33
52.37477,-1.519049,138.66,12.2,3,155.66,19 / 20,671128,2019-09-06 18:27:17:810,-0.6858,0.3777,8.6087,0.0335,-0.0786,9.8062,-0.019,-0.075,-0.0157,-20.37,-28.5,34.81,23.17,-84.05,-128.82
52.37477,-1.519049,138.66,12.2,3,155.66,19 / 20,671229,2019-09-06 18:27:17:911,-0.6019,2.3357,9.478,-0.036,0.0566,9.8063,-0.1428,-0.0894,0.0574,-19.44,-28.12,34.13,27.6,-84.2,-125.26
52.37477,-1.519049,138.66,12.2,3,155.66,19 / 20,671329,2019-09-06 18:27:18:011,-1.197,1.7818,10.1988,-0.0048,0.0194,9.8066,-0.2528,-0.1087,0.001,-20.25,-28.44,34.25,28.43,-84.32,-123.14
52.37477,-1.519049,138.66,12.2,3,155.66,20 / 20,671429,2019-09-06 18:27:18:111,-0.5552,1.0008,10.0463,-0.0152,0.0459,9.8065,0.0594,-0.0484,-0.0301,-21.31,-28.75,34.31,29.26,-84.5,-121.1
52.37477,-1.519049,138.66,12.2,3,155.66,20 / 20,671529,2019-09-06 18:27:18:211,-0.5338,1.0963,9.4508,-0.0232,0.0268,9.8065,0.0487,0.0181,0.0036,-21.37,-27.87,34.13,31.7,-84.7,-118.66
52.37477,-1.519049,138.66,12.2,3,155.66,20 / 20,671629,2019-09-06 18:27:18:311,-0.6577,0.0118,10.3038,0.0152,-0.0335,9.8065,0.1001,-0.0459,0.033,-22.62,-27.12,33.69,26.13,-84.53,-121.48
52.37477,-1.519049,138.66,12.2,3,155.66,20 / 20,671729,2019-09-06 18:27:18:411,0.1571,-0.2571,10.2312,-0.0048,-0.0061,9.8066,0.1177,-0.0268,-0.0869,-21.25,-27.81,32.44,28.16,-84.55,-120.55
52.37477,-1.519049,138.66,12.2,3,155.66,20 / 20,671829,2019-09-06 18:27:18:511,-0.6026,0.2695,10.5288,0.0143,-0.0173,9.8066,-0.1134,-0.0378,-0.0131,-18.5,-28.62,32.56,32.2,-84.71,-121.47
52.37477,-1.519049,138.66,12.2,3,155.66,20 / 20,671931,2019-09-06 18:27:18:613,-0.9164,1.5948,9.8401,0.0163,-0.0049,9.8066,-0.1404,-0.0771,-0.0375,-17.06,-28.06,32.94,33.19,-84.88,-121.77
52.37477,-1.519049,138.66,12.2,3,155.66,20 / 20,672029,2019-09-06 18:27:18:711,-0.1682,0.2926,9.2884,0.0051,0.0136,9.8066,0.0434,-0.0443,0.0428,-16.44,-28.37,35.19,35.84,-84.95,-121.86
52.37477,-1.519049,138.66,12.2,3,155.66,20 / 20,672129,2019-09-06 18:27:18:811,-0.2719,1.2723,9.4368,-0.0022,0.0045,9.8066,0.0702,-0.0049,0.0306,-17.44,-27.5,35.94,34.88,-85.04,-121.87
52.37477,-1.519049,138.66,12.2,3,155.66,20 / 20,672229,2019-09-06 18:27:18:911,0.165,1.4215,9.7927,0.0015,-0.0137,9.8066,0.0039,-0.0552,-0.0226,-19.06,-27.56,35.88,31.69,-85,-122.39
52.37477,-1.519049,138.66,12.2,3,155.66,20 / 20,672329,2019-09-06 18:27:19:011,-0.4505,1.3997,9.8812,0.0058,-0.0118,9.8066,0.0638,-0.0654,-0.0339,-20.81,-27.25,34.88,28.62,-84.96,-122.1
52.37477,-1.519049,138.66,12.2,3,155.66,20 / 20,672429,2019-09-06 18:27:19:111,-0.4394,0.318,9.7064,0.0108,-0.0052,9.8066,-0.1236,-0.0307,-0.0326,-20.19,-28.75,33.38,28.21,-85.09,-122.41
52.37477,-1.519049,138.66,12.2,3,155.66,20 / 20,672529,2019-09-06 18:27:19:211,0.1918,0.8896,10.164,0.0172,-0.0029,9.8066,0.075,-0.037,-0.014,-19.06,-28.25,33.5,29.16,-85.22,-123.4
52.37477,-1.519049,138.66,12.2,3,155.66,20 / 20,672629,2019-09-06 18:27:19:311,-0.3019,0.6126,9.537,-0.0006,0.0023,9.8066,0.0287,-0.0535,0.0022,-18.94,-28.5,33.31,27.85,-85.23,-123.94
52.37477,-1.519049,138.66,12.2,3,155.66,20 / 20,672728,2019-09-06 18:27:19:410,0.3042,0.4589,9.2823,-0.0044,0.0126,9.8066,0.0078,-0.0399,-0.0184,-18.06,-28.44,32.75,29.35,-85.27,-123.85
52.37477,-1.519049,138.66,12.2,3,155.66,20 / 20,672828,2019-09-06 18:27:19:510,-0.2487,0.8798,10.0315,0.0046,-0.0007,9.8066,-0.045,-0.0683,-0.0144,-17.81,-28.94,33.63,29.6,-85.31,-124.33
52.37477,-1.519049,138.66,12.2,3,155.66,20 / 20,672928,2019-09-06 18:27:19:610,0.4785,0.1812,9.8361,0.0088,-0.0012,9.8065,0.0162,-0.0191,0.0181,-18.5,-29.69,33.81,29.84,-85.41,-124.12
52.37477,-1.519049,138.66,12.2,3,155.66,20 / 20,673029,2019-09-06 18:27:19:711,-0.0184,-0.1301,9.7046,-0.0009,-0.0118,9.8066,-0.0131,-0.0325,-0.0082,-17.69,-29.25,33.69,30.02,-85.37,-123.91
52.37477,-1.519049,138.66,12.2,3,155.66,20 / 20,673129,2019-09-06 18:27:19:811,0.414,0.1237,9.7758,0.007,0.0106,9.8066,0.001,-0.0429,-0.0184,-17.62,-28.81,33.81,29.35,-85.45,-124.51
52.37477,-1.519049,138.66,12.2,3,155.66,20 / 20,673230,2019-09-06 18:27:19:912,0.2169,-0.3508,9.6005,-0.0008,-0.0031,9.8066,0.0047,-0.0698,0.0065,-17.37,-28.19,33.5,30.61,-85.46,-124.61
52.37477,-1.519049,138.66,12.2,3,155.66,20 / 20,673329,2019-09-06 18:27:20:011,0.7026,0.0439,9.4863,0.0094,-0.0094,9.8066,-0.028,-0.0477,0.0053,-18,-29.19,34.69,30.05,-85.44,-124.5
52.37477,-1.519049,138.66,12.2,3,155.66,20 / 20,673429,2019-09-06 18:27:20:111,0.2999,-0.0816,9.9267,0.0071,0.0017,9.8066,-0.0366,-0.021,-0.026,-18.12,-29.87,34.19,30.94,-85.51,-123.05
52.37477,-1.519049,138.66,12.2,3,155.66,20 / 20,673528,2019-09-06 18:27:20:210,0.1366,0.6174,9.978,0.0015,0.0111,9.8066,-0.0449,-0.0307,-0.0116,-17.06,-28.75,34.63,32.32,-85.64,-123.59
52.37477,-1.519049,138.66,12.2,3,155.66,20 / 20,673629,2019-09-06 18:27:20:311,0.9543,-0.799,10.1647,-0.0083,0.0051,9.8066,0.0483,-0.0046,0.0196,-17.06,-28.75,34.75,33.36,-85.64,-122.6
52.37477,-1.519049,138.66,12.2,3,155.66,20 / 20,673729,2019-09-06 18:27:20:411,0.2749,-0.6761,9.7683,-0.01,0.0164,9.8066,0.0284,-0.0525,0.0505,-17.25,-28.75,34.56,34.73,-85.67,-121.28
52.37477,-1.519049,138.66,12.2,3,155.66,20 / 20,673829,2019-09-06 18:27:20:511,0.3076,-0.6512,10.0817,0.0041,0.0006,9.8066,0.0023,-0.0532,0.0089,-17.06,-28.62,34.69,35.29,-85.63,-120.77
52.37477,-1.519049,138.66,12.2,3,155.66,20 / 20,673928,2019-09-06 18:27:20:610,0.3196,-0.8102,10.255,0.0043,0.003,9.8066,0.0023,-0.0178,-0.0282,-17.25,-29.12,34.94,35.28,-85.72,-120.73
52.37477,-1.519049,138.66,12.2,3,155.66,20 / 20,674029,2019-09-06 18:27:20:711,0.5382,-0.3339,9.6514,0.0023,-0.0066,9.8066,0.0252,-0.0345,0.0155,-17.06,-28.56,34.69,34.88,-85.81,-121.07
52.37477,-1.519049,138.66,12.2,3,155.66,20 / 20,674129,2019-09-06 18:27:20:811,1.1426,-1.4171,10.172,0.0071,-0.0147,9.8065,0.0117,-0.0489,-0.0078,-16.37,-28.37,35.13,35.11,-85.75,-122.18
52.37477,-1.519049,138.66,12.2,3,155.66,20 / 20,674229,2019-09-06 18:27:20:911,0.9262,-1.3928,9.476,-0.0115,0.0111,9.8066,-0.0081,-0.0633,0.0382,-16.81,-28.56,34.06,34.61,-85.76,-120.74
52.37477,-1.519049,138.66,12.2,3,155.66,20 / 20,674329,2019-09-06 18:27:21:011,0.4405,-1.1132,9.5889,-0.0086,0.0023,9.8066,-0.0639,-0.0548,0.0225,-17.31,-28.69,35.44,35.57,-85.65,-120.49
52.374146,-1.518546,137.91,4.21,3,163.27,20 / 20,674429,2019-09-06 18:27:21:111,0.7542,-1.5415,9.5467,-0.0068,-0.0051,9.8066,-0.045,-0.0584,0.0321,-17.37,-29,35.19,36.05,-85.65,-120.03
52.374146,-1.518546,137.91,4.21,3,163.27,20 / 20,674528,2019-09-06 18:27:21:210,0.3913,-1.9414,9.4232,0.0099,-0.0181,9.8065,-0.0366,-0.0997,0.0425,-16.62,-28.81,35.06,35.94,-85.42,-120.25
52.374146,-1.518546,137.91,4.21,3,163.27,20 / 20,674629,2019-09-06 18:27:21:311,0.4443,-2.262,9.7299,0.003,-0.0204,9.8066,-0.1078,-0.1348,0.0415,-16.19,-28.25,34.88,37.69,-85.35,-119.9
52.374146,-1.518546,137.91,4.21,3,163.27,20 / 20,674729,2019-09-06 18:27:21:411,0.7363,-1.6399,10.01,-0.0128,0.0337,9.8066,-0.0118,-0.1405,-0.006,-16.81,-28.44,35.69,37.46,-85.3,-119.36
52.374146,-1.518546,137.91,4.21,3,163.27,20 / 20,674829,2019-09-06 18:27:21:511,0.2178,-2.1931,10.0721,-0.0144,0.0114,9.8066,-0.0224,-0.1188,0.0092,-15.94,-28.56,35.63,42.4,-85.36,-116.04
52.374146,-1.518546,137.91,4.21,3,163.27,20 / 20,674933,2019-09-06 18:27:21:615,1.9249,-1.8188,9.3127,-0.0045,0.0165,9.8066,0.0828,-0.2007,0.0762,-16,-28.37,35.81,42.02,-85.38,-116.31
52.374146,-1.518546,137.91,4.21,3,163.27,20 / 20,675029,2019-09-06 18:27:21:711,0.7296,-3.0747,9.1342,-0.0323,0.0232,9.8066,-0.238,-0.1495,-0.0012,-15.81,-28.37,35.44,44.27,-85.2,-113.71
52.374146,-1.518546,137.91,4.21,3,163.27,20 / 20,675129,2019-09-06 18:27:21:811,0.3492,-2.2291,8.9083,0.0203,-0.021,9.8065,-0.1784,-0.1391,0.0549,-16.06,-28.75,34.75,43.5,-85.22,-114.52
52.374146,-1.518546,137.91,4.21,3,163.27,20 / 20,675228,2019-09-06 18:27:21:910,1.0172,-2.7929,8.9239,-0.0068,-0.0165,9.8066,-0.1618,-0.0831,-0.037,-15.81,-29.25,34.31,46.77,-85.24,-110.8
52.374146,-1.518546,137.91,4.21,3,163.27,20 / 20,675328,2019-09-06 18:27:22:010,-0.7471,-0.4255,10.3552,-0.0247,0.0576,9.8064,-0.0689,-0.2885,0.0734,-14.69,-29.25,34.25,56.06,-85.49,-103.14
52.374146,-1.518546,137.91,4.21,3,163.27,21 / 21,675430,2019-09-06 18:27:22:112,-0.6645,-0.0262,11.4892,0.03,0.1063,9.8059,-0.2075,-0.3222,0.0844,-14.94,-29.19,33.88,66.33,-86.02,-92.76
52.374146,-1.518546,137.91,4.21,3,163.27,21 / 21,675533,2019-09-06 18:27:22:215,0.4551,-1.5142,11.1059,-0.0233,0.062,9.8064,0.3072,-0.046,-0.0682,-14.56,-29.12,34.31,65.93,-85.86,-93.27
52.374146,-1.518546,137.91,4.21,3,163.27,21 / 21,675629,2019-09-06 18:27:22:311,-0.9098,-0.7872,8.9815,0.0126,0.0327,9.8065,0.2805,-0.1623,0.1369,-14.19,-28.25,34.94,60.1,-86.1,-100.68
52.374146,-1.518546,137.91,4.21,3,163.27,21 / 21,675730,2019-09-06 18:27:22:412,1.313,-0.9164,8.6514,0.0293,-0.0435,9.8065,0.3736,-0.016,-0.067,-14.25,-28.5,36,42.92,-85.77,-118
52.374146,-1.518546,137.91,4.21,3,163.27,21 / 21,675829,2019-09-06 18:27:22:511,2.0447,-4.856,8.9754,0.0501,0.0213,9.8064,0.0778,-0.0423,-0.0486,-14.06,-28.56,36.06,32.18,-85.78,-128.32
52.374146,-1.518546,137.91,4.21,3,163.27,21 / 21,675929,2019-09-06 18:27:22:611,1.7791,-1.4338,10.291,-0.0152,0.0349,9.8065,-0.1149,-0.0011,-0.1114,-13.81,-28.44,36.25,31.83,-85.73,-128.62
52.374146,-1.518546,137.91,4.21,3,163.27,21 / 21,676029,2019-09-06 18:27:22:711,1.7804,0.0421,10.4642,0.0106,0.0541,9.8065,-0.08,-0.0142,0.0243,-14.19,-29.12,35.69,38.79,-86.31,-121.75
52.374146,-1.518546,137.91,4.21,3,163.27,21 / 21,676129,2019-09-06 18:27:22:811,2.3815,-1.1879,9.5411,0.0124,-0.002,9.8066,0.0211,0.1018,0.0129,-13.5,-29.06,35.44,40.15,-86.69,-121.18
52.374146,-1.518546,137.91,4.21,3,163.27,21 / 21,676229,2019-09-06 18:27:22:911,2.1848,-1.4259,9.4359,0.0035,-0.0241,9.8066,0.071,0.0185,-0.0256,-13.37,-28.31,35.81,38.6,-86.58,-123.15
52.374146,-1.518546,137.91,4.21,3,163.27,21 / 21,676329,2019-09-06 18:27:23:011,2.8917,-1.7605,9.7161,0.015,-0.0108,9.8066,0.0029,0.0313,0.0224,-13.94,-29.06,35.38,31.84,-86.4,-127.87
52.374146,-1.518546,137.91,4.21,3,163.27,20 / 21,676429,2019-09-06 18:27:23:111,2.7323,-1.8849,9.7159,0.0068,-0.0142,9.8066,0.1067,0.1136,0.0488,-13.87,-28.25,35.38,29.74,-86.31,-129.87
52.374146,-1.518546,137.91,4.21,3,163.27,20 / 21,676529,2019-09-06 18:27:23:211,2.0652,-0.6173,9.4134,-0.0152,0.018,9.8066,0.0087,0.1011,-0.072,-13.87,-28.94,36,33.78,-86.28,-126.58
52.374146,-1.518546,137.91,4.21,3,163.27,20 / 21,676628,2019-09-06 18:27:23:310,0.6659,-2.6815,9.6809,0.0028,0.0247,9.8066,0.0458,0.0499,0.0932,-14.12,-28.5,35.25,33.76,-86.36,-125.99
52.374146,-1.518546,137.91,4.21,3,163.27,20 / 21,676728,2019-09-06 18:27:23:410,2.49,-2.2402,10.4216,-0.0019,-0.0155,9.8066,-0.005,0.1584,-0.0575,-14,-27.5,35.88,35.48,-86.28,-124.83
52.374146,-1.518546,137.91,4.21,3,163.27,20 / 21,676829,2019-09-06 18:27:23:511,1.2702,-1.1114,9.8245,0.0011,0.0011,9.8066,0.0206,0.0718,0.0278,-14.37,-28.87,35.38,35.28,-86.37,-124.58
52.374146,-1.518546,137.91,4.21,3,163.27,20 / 21,676929,2019-09-06 18:27:23:611,1.4225,-1.3842,9.9071,-0.0062,-0.0057,9.8066,0.0408,0.0491,-0.0044,-13.69,-27.75,34.94,35.6,-86.35,-124.23
52.374146,-1.518546,137.91,4.21,3,163.27,20 / 21,677028,2019-09-06 18:27:23:710,1.7202,-1.1527,10.4328,0.0026,-0.0005,9.8066,-0.049,0.0824,-0.0553,-14.81,-27.69,34.69,33.37,-86.28,-124.99
52.374146,-1.518546,137.91,4.21,3,163.27,20 / 21,677128,2019-09-06 18:27:23:810,1.5798,-1.7297,10.0395,0.0069,0.0045,9.8066,0.04,0.1647,0.0042,-14.87,-27.37,33.88,31.16,-86.47,-126.41
52.374146,-1.518546,137.91,4.21,3,163.27,20 / 21,677228,2019-09-06 18:27:23:910,1.2629,-0.2494,9.9379,0.0092,-0.0114,9.8066,-0.0225,0.0351,0.001,-16.44,-26.75,33.94,27.15,-86.46,-128.86
52.374146,-1.518546,137.91,4.21,3,163.27,20 / 21,677329,2019-09-06 18:27:24:011,1.3964,0.1224,9.4096,-0.0026,0.018,9.8065,0.0308,0.067,-0.0042,-16.81,-27.62,35.13,26.12,-86.43,-129.15
52.374146,-1.518546,137.91,4.21,3,163.27,21 / 21,677429,2019-09-06 18:27:24:111,1.6666,-0.1395,9.7541,-0.0013,0.0238,9.8066,0.0143,0.0833,0.0921,-16.56,-28.5,35.63,27.19,-86.55,-128.69
52.374146,-1.518546,137.91,4.21,3,163.27,21 / 21,677528,2019-09-06 18:27:24:210,1.6013,-0.6623,9.6038,-0.0111,0.0085,9.8065,0.0303,0.0169,0.0309,-15.75,-28.31,35.06,31.75,-86.53,-125.06
52.374146,-1.518546,137.91,4.21,3,163.27,21 / 21,677629,2019-09-06 18:27:24:311,1.4001,-1.1371,9.5157,-0.0209,0.0045,9.8065,0.1144,0.0411,-0.0112,-16.5,-28.19,35.88,35.28,-86.41,-122.29
52.374146,-1.518546,137.91,4.21,3,163.27,21 / 21,677730,2019-09-06 18:27:24:412,1.2526,-0.0334,9.2264,-0.0024,-0.0196,9.8065,-0.0335,0.0629,0.0046,-15.62,-28.44,35,32.34,-86.18,-124.63
52.374146,-1.518546,137.91,4.21,3,163.27,21 / 21,677829,2019-09-06 18:27:24:511,0.1801,-1.104,10.0291,0.0012,-0.0387,9.8065,-0.1049,-0.0455,0.0743,-16.81,-28.69,35.63,31.66,-85.97,-124.67
52.374146,-1.518546,137.91,4.21,3,163.27,21 / 21,677929,2019-09-06 18:27:24:611,0.9004,-2.0116,9.751,-0.0159,0.0186,9.8065,0.0063,0.0058,0.034,-16.31,-28.62,35.06,34.84,-85.85,-122.44
52.374146,-1.518546,137.91,4.21,3,163.27,21 / 21,678028,2019-09-06 18:27:24:710,1.1216,-0.2284,9.3953,-0.0148,0.0144,9.8066,-0.0283,0.0236,-0.0147,-16.06,-29.12,35.56,39.05,-85.87,-118.98
52.374146,-1.518546,137.91,4.21,3,163.27,21 / 21,678128,2019-09-06 18:27:24:810,2.5081,-1.1262,9.6522,-0.01,-0.0115,9.8065,0.0273,0.0344,-0.0278,-16,-28.69,35.13,38.63,-85.8,-118.86
52.374146,-1.518546,137.91,4.21,3,163.27,21 / 21,678229,2019-09-06 18:27:24:911,1.7898,-1.7204,9.6554,-0.0034,-0.0079,9.8066,0.071,-0.0377,-0.0081,-16.75,-28.56,35.75,38.19,-85.64,-118.58
52.374146,-1.518546,137.91,4.21,3,163.27,21 / 21,678329,2019-09-06 18:27:25:011,0.9897,-2.3238,9.6943,-0.015,-0.0121,9.8066,-0.0314,0.0374,-0.0278,-16.44,-28.81,35.56,40.04,-85.54,-118.19
52.374146,-1.518546,137.91,4.21,3,163.27,21 / 21,678429,2019-09-06 18:27:25:111,0.3089,-0.4086,10.0352,-0.0052,-0.0121,9.8065,-0.0396,-0.0272,0.0527,-16.94,-28.94,35.75,39.23,-85.39,-117.71
52.374146,-1.518546,137.91,4.21,3,163.27,21 / 21,678529,2019-09-06 18:27:25:211,0.9726,-0.5995,9.9399,-0.0221,0.0022,9.8066,0.0802,0.0215,0.023,-16.5,-28.81,34.69,41.59,-85.17,-116.36
52.374146,-1.518546,137.91,4.21,3,163.27,21 / 21,678629,2019-09-06 18:27:25:311,1.1034,-1.918,10.1386,-0.0188,-0.013,9.8066,0.0412,0.005,0.0348,-16.81,-27.87,35.44,39.47,-84.9,-117.07
52.374146,-1.518546,137.91,4.21,3,163.27,21 / 21,678729,2019-09-06 18:27:25:411,1.0805,-1.0566,9.7237,-0.007,-0.0097,9.8066,0.0353,-0.0377,0.0638,-16.31,-27.5,35.19,39.51,-84.55,-118.49
52.374146,-1.518546,137.91,4.21,3,163.27,21 / 21,678829,2019-09-06 18:27:25:511,0.5064,-2.0073,8.9657,-0.0164,-0.0007,9.8066,-0.1095,-0.0307,-0.0135,-16.56,-28.75,35.19,39.06,-84.35,-117.82
52.374146,-1.518546,137.91,4.21,3,163.27,21 / 21,678929,2019-09-06 18:27:25:611,-0.7043,-1.3272,9.5212,-0.0104,0.0049,9.8066,-0.0499,0.0095,0.0841,-16.44,-28.31,35.31,41.72,-84.2,-116.67
52.374146,-1.518546,137.91,4.21,3,163.27,21 / 21,679031,2019-09-06 18:27:25:713,-0.8071,-0.9291,10.3466,0.003,0.0045,9.8066,-0.0814,-0.1063,0.0543,-16.31,-28.56,34.69,43.59,-84.26,-114.97
52.374146,-1.518546,137.91,4.21,3,163.27,21 / 21,679135,2019-09-06 18:27:25:817,-0.3757,0.0297,10.1924,0.0135,-0.011,9.8066,0.0272,-0.0796,-0.05,-16.94,-28.87,34.69,41.78,-84.33,-115.27
52.374146,-1.518546,137.91,4.21,3,163.27,21 / 21,679229,2019-09-06 18:27:25:911,2.4315,-2.8102,9.9376,0.0126,-0.0056,9.8066,-0.0869,-0.0594,-0.0007,-16.75,-29.06,34.38,39.45,-84.39,-116.84
52.374146,-1.518546,137.91,4.21,3,163.27,21 / 21,679329,2019-09-06 18:27:26:011,1.198,-1.6885,11.0657,0.0227,-0.0272,9.8065,-0.0043,-0.0087,-0.0076,-16.5,-28.44,35.06,34.95,-84.34,-122.98
52.374146,-1.518546,137.91,4.21,3,163.27,22 / 22,679428,2019-09-06 18:27:26:110,0.3077,-2.5996,9.253,0.0195,-0.0331,9.8066,-0.0495,-0.1524,-0.004,-16.25,-28.37,36.13,33.18,-84.27,-125.22
52.374146,-1.518546,137.91,4.21,3,163.27,22 / 22,679529,2019-09-06 18:27:26:211,-0.3305,-1.3376,10.2503,0.0025,0.0134,9.8066,-0.0931,-0.0815,0.0095,-16.75,-29.19,35.88,31.9,-84.15,-125.21
52.374146,-1.518546,137.91,4.21,3,163.27,22 / 22,679629,2019-09-06 18:27:26:311,0.7107,0.7383,9.21,-0.0105,0.0233,9.8066,-0.141,-0.1129,-0.0184,-15.19,-28.06,35.13,35.96,-84.41,-123.39
52.374146,-1.518546,137.91,4.21,3,163.27,22 / 22,679729,2019-09-06 18:27:26:411,-1.0715,-1.8659,9.3124,0.0291,-0.0083,9.8066,-0.0661,-0.026,-0.0766,-15.19,-28.37,35.06,34.87,-84.54,-124.35
52.374146,-1.518546,137.91,4.21,3,163.27,22 / 22,679828,2019-09-06 18:27:26:510,-0.3409,-4.0708,9.4458,0.0473,-0.0266,9.8064,-0.0594,-0.1935,0.0721,-15.37,-28.25,35.56,32.04,-84.94,-127.36
52.374146,-1.518546,137.91,4.21,3,163.27,22 / 22,679929,2019-09-06 18:27:26:611,1.4921,-3.0151,10.1773,-0.0284,0.0313,9.8065,0.0187,-0.0245,0.0302,-15.44,-28.06,35,31.63,-84.83,-127.27
52.374146,-1.518546,137.91,4.21,3,163.27,22 / 22,680029,2019-09-06 18:27:26:711,-0.3649,-0.0512,9.923,-0.007,0.0198,9.8066,-0.1037,-0.1149,-0.0951,-15.62,-28.56,35.19,29.05,-84.7,-128.43
52.374146,-1.518546,137.91,4.21,3,163.27,22 / 22,680129,2019-09-06 18:27:26:811,-0.963,-1.3837,9.7655,-0.0032,0.0098,9.8066,0.0423,-0.099,0.1227,-15.25,-28.94,35.63,32.21,-84.6,-127.43
52.374146,-1.518546,137.91,4.21,3,163.27,22 / 22,680231,2019-09-06 18:27:26:913,-0.7067,-0.2964,10.3883,-0.027,-0.011,9.8065,0.0102,0.057,0.0241,-15.5,-28.87,35.25,34.02,-84.49,-125.25
52.374146,-1.518546,137.91,4.21,3,163.27,22 / 22,680329,2019-09-06 18:27:27:011,1.5825,-2.4375,9.3671,-0.0026,0.0012,9.8066,0.1702,-0.0446,0.0194,-15.75,-28.81,35.56,32.66,-84.33,-125.76
52.374146,-1.518546,137.91,4.21,3,163.27,21 / 21,680429,2019-09-06 18:27:27:111,1.6175,-2.0338,9.8803,-0.0074,-0.006,9.8066,0.0923,-0.0101,-0.0759,-15.25,-28.94,34.94,32.72,-84.12,-126.64
52.374146,-1.518546,137.91,4.21,3,163.27,21 / 21,680529,2019-09-06 18:27:27:211,0.7699,-0.4805,9.5985,-0.0034,0.0036,9.8066,-0.1079,-0.081,0.0235,-15.81,-28.62,35.44,31.95,-84.2,-125.93
52.374146,-1.518546,137.91,4.21,3,163.27,21 / 21,680629,2019-09-06 18:27:27:311,1.057,-1.7952,9.956,-0.0039,-0.0057,9.8066,-0.1434,-0.058,-0.0813,-15.81,-28.81,35.38,33.21,-84.19,-124.76
52.374146,-1.518546,137.91,4.21,3,163.27,21 / 21,680730,2019-09-06 18:27:27:412,0.567,-1.8229,10.3511,0.0059,-0.002,9.8066,0.1619,-0.0482,0.0923,-15.37,-28.62,35.19,34.91,-84.3,-124.51
52.374146,-1.518546,137.91,4.21,3,163.27,21 / 21,680829,2019-09-06 18:27:27:511,1.2637,-1.2561,10.1938,-0.0031,-0.0302,9.8065,0.0038,-0.0175,-0.0367,-15.44,-29.06,35.38,32.12,-83.97,-127.26
52.374146,-1.518546,137.91,4.21,3,163.27,21 / 21,680929,2019-09-06 18:27:27:611,0.5858,-0.7036,9.9443,0.0052,-0.0188,9.8066,-0.0246,-0.0997,0.0899,-15.19,-29.5,35.63,30.26,-83.87,-129.56
52.374146,-1.518546,137.91,4.21,3,163.27,21 / 21,681028,2019-09-06 18:27:27:710,0.0489,-0.2866,9.837,-0.0063,-0.0051,9.8066,-0.1634,-0.0087,-0.0536,-15.56,-29.94,35.44,29.25,-83.82,-128.68
52.374146,-1.518546,137.91,4.21,3,163.27,21 / 21,681128,2019-09-06 18:27:27:810,-0.1801,-1.3439,9.1548,0.0065,0.0266,9.8066,0.0305,-0.1009,0.0104,-15.25,-29.31,35,32.05,-84.09,-127.28
52.374146,-1.518546,137.91,4.21,3,163.27,21 / 21,681228,2019-09-06 18:27:27:910,-0.0864,-0.7165,8.9846,0.0073,-0.02,9.8065,0.0054,-0.1135,-0.0282,-15,-29.37,35.63,32.1,-84.08,-127.76
52.374146,-1.518546,137.91,4.21,3,163.27,21 / 21,681330,2019-09-06 18:27:28:012,0.2069,-0.3761,10.562,-0.0079,0.0618,9.8064,0.0943,-0.0324,0.0665,-14.5,-29.25,35.13,31.29,-83.89,-129.5
52.374146,-1.518546,137.91,4.21,3,163.27,19 / 19,681429,2019-09-06 18:27:28:111,0.6524,0.918,9.5395,-0.0113,0.0393,9.8065,0.1118,-0.1018,-0.0211,-14.56,-29,35.69,32.34,-84.24,-127.47
52.374146,-1.518546,137.91,4.21,3,163.27,19 / 19,681529,2019-09-06 18:27:28:211,2.2261,-1.3251,10.3156,-0.0178,0.0276,9.8065,0.184,0.0443,-0.1026,-14.75,-28.5,35.75,30.24,-84.14,-129.39
52.374146,-1.518546,137.91,4.21,3,163.27,19 / 19,681629,2019-09-06 18:27:28:311,-0.242,-0.8964,9.641,-0.0061,0.0457,9.8065,0.1651,0.0272,0.1057,-13.81,-28.25,36.13,29.44,-84.08,-131.54
52.374146,-1.518546,137.91,4.21,3,163.27,19 / 19,681729,2019-09-06 18:27:28:411,-0.5328,2.2539,10.3785,0,-0.0287,9.8065,-0.1165,-0.0118,-0.0827,-14.69,-29.06,35.81,25.33,-83.75,-134.17
52.374146,-1.518546,137.91,4.21,3,163.27,19 / 19,681828,2019-09-06 18:27:28:510,-0.6137,2.5646,10.2656,-0.0086,-0.0017,9.8066,0.0712,0.0233,-0.0184,-14.44,-28.94,35.69,27.75,-83.73,-133.33
52.374146,-1.518546,137.91,4.21,3,163.27,19 / 19,681929,2019-09-06 18:27:28:611,-0.5129,-1.1589,10.0449,-0.0017,-0.0513,9.8065,-0.0824,-0.1137,0.1247,-13.87,-28.5,35.63,27.94,-83.78,-133.06
52.374146,-1.518546,137.91,4.21,3,163.27,19 / 19,682029,2019-09-06 18:27:28:711,0.0797,2.0532,9.6615,-0.0113,-0.0346,9.8065,-0.0911,-0.112,-0.125,-14.25,-28.94,35.88,27.92,-83.32,-133.34
52.374146,-1.518546,137.91,4.21,3,163.27,19 / 19,682129,2019-09-06 18:27:28:811,-1.1507,0.29,9.6002,-0.0017,-0.0023,9.8066,0.0379,-0.0547,0.0344,-14.06,-29.19,35.38,27.57,-83.27,-133.18
52.374146,-1.518546,137.91,4.21,3,163.27,19 / 19,682229,2019-09-06 18:27:28:911,-0.0016,-0.1897,9.4344,0.0051,0.0059,9.8066,-0.062,-0.0716,0.0369,-14.25,-28.69,35.44,27.59,-83.36,-133.13
52.374146,-1.518546,137.91,4.21,3,163.27,19 / 19,682329,2019-09-06 18:27:29:011,0.1705,-1.0775,9.3051,0.0042,0.0069,9.8066,-0.1151,-0.0674,0.0062,-14.12,-29.44,35,28.4,-83.44,-132.35
52.374146,-1.518546,137.91,4.21,3,163.27,19 / 19,682429,2019-09-06 18:27:29:111,-0.4109,1.4906,9.9281,-0.0139,0.0239,9.8066,-0.0181,-0.0784,-0.033,-13.94,-29.5,34.81,30.72,-83.62,-130.14
52.374146,-1.518546,137.91,4.21,3,163.27,19 / 19,682529,2019-09-06 18:27:29:211,0.2641,-1.1037,9.8706,-0.0031,-0.0016,9.8066,0.0062,-0.0524,0.0405,-13.81,-29.12,35.25,30.16,-83.55,-130.69
52.374146,-1.518546,137.91,4.21,3,163.27,19 / 19,682628,2019-09-06 18:27:29:310,0.1449,0.0769,9.4295,0.002,-0.0029,9.8066,-0.0025,-0.0634,-0.0035,-13.5,-28.69,35.19,30.91,-83.53,-131.45
52.374146,-1.518546,137.91,4.21,3,163.27,19 / 19,682729,2019-09-06 18:27:29:411,0.4096,1.9471,9.9408,0.0025,-0.0185,9.8066,-0.0129,-0.1361,-0.0046,-13.62,-29.12,34.88,28.32,-83.4,-132.44
52.374146,-1.518546,137.91,4.21,3,163.27,19 / 19,682828,2019-09-06 18:27:29:510,-0.405,1.1245,10.2354,0.0141,-0.0001,9.8065,0.0385,-0.032,-0.0094,-13.12,-29.19,35.56,29.24,-83.58,-133.43
52.374146,-1.518546,137.91,4.21,3,163.27,19 / 19,682929,2019-09-06 18:27:29:611,0.8315,1.0698,9.4618,0.0251,-0.0153,9.8065,0.0045,-0.0262,-0.0123,-13.06,-29.06,35.38,25.78,-83.7,-136.11
52.374146,-1.518546,137.91,4.21,3,163.27,19 / 19,683028,2019-09-06 18:27:29:710,0.4754,0.0919,9.777,0.0056,0.0062,9.8066,0.0206,-0.0497,-0.0128,-13.44,-29,35.25,24.11,-83.8,-137.6
52.374146,-1.518546,137.91,4.21,3,163.27,19 / 19,683128,2019-09-06 18:27:29:810,-0.0283,1.0846,9.7239,0.0019,0.012,9.8066,0.0394,0.0232,-0.025,-13,-29.06,35.63,24.02,-83.81,-138.16
52.374146,-1.518546,137.91,4.21,3,163.27,19 / 19,683231,2019-09-06 18:27:29:913,1.0883,1.0752,9.5596,0,-0.0058,9.8066,0.0359,0.0235,-0.0272,-13,-29.44,35.88,22.59,-83.8,-139.47
52.374146,-1.518546,137.91,4.21,3,163.27,19 / 19,683329,2019-09-06 18:27:30:011,-0.2509,1.3943,10.2928,-0.0067,0.0022,9.8066,-0.0077,-0.0145,0.0224,-13.56,-29.69,35.25,20.95,-83.75,-139.14
52.373413,-1.518295,136.77,12.27,2,175.85,20 / 20,683429,2019-09-06 18:27:30:111,-0.9249,0.5001,9.8355,-0.0114,0.0073,9.8066,0.0215,-0.0315,-0.0879,-13,-29.87,35.88,22.83,-83.58,-139.39
52.373413,-1.518295,136.77,12.27,2,175.85,20 / 20,683529,2019-09-06 18:27:30:211,-0.222,0.1811,9.8615,0.0012,-0.0058,9.8066,0.0086,-0.0532,-0.0442,-12.56,-29,35.63,21.88,-83.53,-140.21
52.373413,-1.518295,136.77,12.27,2,175.85,20 / 20,683629,2019-09-06 18:27:30:311,-0.5067,0.9085,9.8012,0.003,0.0191,9.8066,0.1163,-0.0017,-0.0276,-12.69,-28.69,35.75,21.49,-83.64,-140.54
52.373413,-1.518295,136.77,12.27,2,175.85,20 / 20,683728,2019-09-06 18:27:30:410,-0.6652,0.4881,10.0823,0.0063,0.0434,9.8065,-0.1016,0.0743,-0.0875,-12.69,-29,35.81,20.35,-83.81,-141.53
52.373413,-1.518295,136.77,12.27,2,175.85,20 / 20,683828,2019-09-06 18:27:30:510,0.1791,-0.9092,9.4833,0.0153,-0.0308,9.8065,-0.1968,-0.0276,-0.028,-12.5,-29.19,35.25,20.27,-83.92,-142.56
52.373413,-1.518295,136.77,12.27,2,175.85,20 / 20,683929,2019-09-06 18:27:30:611,1.2831,1.7811,10.4743,0.0125,-0.0034,9.8066,-0.0189,0.0253,-0.0002,-12.62,-29.69,35.31,16.64,-83.92,-144.47
52.373413,-1.518295,136.77,12.27,2,175.85,20 / 20,684029,2019-09-06 18:27:30:711,1.0302,-1.562,8.9517,0.0027,-0.0484,9.8064,-0.1388,-0.1478,0.1077,-12.25,-29.12,34.75,18.31,-83.71,-144.41
52.373413,-1.518295,136.77,12.27,2,175.85,20 / 20,684128,2019-09-06 18:27:30:810,0.2645,0.5272,9.9355,0.0219,-0.0315,9.8065,-0.048,-0.0031,-0.0379,-12.25,-29.87,35.13,18.9,-83.75,-143.92
52.373413,-1.518295,136.77,12.27,2,175.85,20 / 20,684229,2019-09-06 18:27:30:911,-0.3659,2.4435,10.0804,-0.0201,0.0117,9.8066,0.0436,0.0226,-0.0177,-13,-29.31,34.88,19.19,-83.85,-142.1
52.373413,-1.518295,136.77,12.27,2,175.85,20 / 20,684330,2019-09-06 18:27:31:012,0.9211,-0.9703,9.9785,0.0141,-0.005,9.8066,0.0387,-0.049,-0.0114,-12,-30,34.88,19.61,-83.8,-143.26
52.373413,-1.518295,136.77,12.27,2,175.85,21 / 21,684429,2019-09-06 18:27:31:111,-0.1713,0.1751,9.8638,0.0149,-0.0157,9.8065,-0.0032,0.0151,-0.1116,-12,-29.25,35.75,17.69,-83.75,-145.43
52.373413,-1.518295,136.77,12.27,2,175.85,21 / 21,684529,2019-09-06 18:27:31:211,0.0102,1.1444,10.1944,0.0172,0.0232,9.8066,-0.0831,-0.0983,0.0303,-11.94,-29.31,35.88,16.03,-83.97,-146.89
52.373413,-1.518295,136.77,12.27,2,175.85,21 / 21,684628,2019-09-06 18:27:31:310,-0.1159,0.4573,10.8671,0.018,-0.0187,9.8065,-0.0161,0.0242,0.0122,-12,-28.94,35.38,12.26,-84.12,-149.85
52.373413,-1.518295,136.77,12.27,2,175.85,21 / 21,684728,2019-09-06 18:27:31:410,0.9062,0.3762,9.8167,0.0121,-0.0262,9.8066,0.1618,0.0229,0.0146,-10.62,-29.06,34.81,12.25,-84.03,-151.36
52.373413,-1.518295,136.77,12.27,2,175.85,21 / 21,684828,2019-09-06 18:27:31:510,0.5473,0.9348,9.6498,-0.0106,0.0156,9.8066,0.1348,-0.0594,0.0129,-11.56,-29.25,35.5,10.23,-83.8,-152.23
52.373413,-1.518295,136.77,12.27,2,175.85,21 / 21,684929,2019-09-06 18:27:31:611,0.557,1.2545,10.3268,-0.0183,0.0515,9.8064,0.153,0.0734,-0.0488,-11.19,-28.62,35.56,13,-83.9,-151.13
52.373413,-1.518295,136.77,12.27,2,175.85,21 / 21,685028,2019-09-06 18:27:31:710,1.3247,0.1205,10.1956,0.0051,-0.0338,9.8065,0.0217,0.0366,-0.0127,-10.94,-28.19,35.38,11.61,-83.8,-151.96
52.373413,-1.518295,136.77,12.27,2,175.85,21 / 21,685128,2019-09-06 18:27:31:810,0.4867,1.2346,9.9393,-0.0007,-0.0167,9.8066,-0.0252,-0.0516,-0.0205,-11.25,-29.12,34.81,12.18,-83.81,-151.47
52.373413,-1.518295,136.77,12.27,2,175.85,21 / 21,685229,2019-09-06 18:27:31:911,0.2899,0.3316,9.9826,0.0001,-0.0112,9.8066,0.084,0.0109,0.0534,-12.12,-28.94,35.19,11.39,-83.76,-150.71
52.373413,-1.518295,136.77,12.27,2,175.85,21 / 21,685329,2019-09-06 18:27:32:011,0.8826,-0.3335,9.6827,-0.0042,-0.005,9.8066,-0.0346,0.0358,0.0037,-11.81,-29,35.19,11.66,-83.73,-150.48
52.373413,-1.518295,136.77,12.27,2,175.85,20 / 20,685429,2019-09-06 18:27:32:111,0.076,1.4075,9.3167,-0.0121,0.0303,9.8065,0.0382,-0.0198,-0.0091,-11.81,-28.81,35,11.92,-83.65,-150.25
52.373413,-1.518295,136.77,12.27,2,175.85,20 / 20,685528,2019-09-06 18:27:32:210,0.2331,-0.0016,9.8284,-0.0167,0.0352,9.8065,0.029,-0.0078,-0.0195,-11.81,-29.12,34.69,13.56,-83.9,-148.71
52.373413,-1.518295,136.77,12.27,2,175.85,20 / 20,685629,2019-09-06 18:27:32:311,0.6638,0.8187,10.2201,0.0215,-0.0037,9.8066,-0.0134,-0.0184,0.0404,-11.62,-29.06,35.5,13.04,-83.91,-149.64
52.373413,-1.518295,136.77,12.27,2,175.85,20 / 20,685729,2019-09-06 18:27:32:411,0.8621,0.4149,10.0615,-0.0009,-0.0282,9.8066,0.0049,0.0527,-0.0159,-11.56,-28.75,34.38,11.92,-83.85,-149.72
52.373413,-1.518295,136.77,12.27,2,175.85,20 / 20,685829,2019-09-06 18:27:32:511,0.6558,0.7583,9.4933,0.0006,-0.0051,9.8066,0.0074,0.0238,0.0021,-11.56,-28.94,35.88,12.98,-83.78,-149.72
52.373413,-1.518295,136.77,12.27,2,175.85,20 / 20,685929,2019-09-06 18:27:32:611,-0.2653,1.1579,9.4308,-0.0054,-0.0031,9.8066,-0.0442,-0.0348,0.0527,-12.37,-28.75,35.63,13.4,-83.75,-149.35
52.373413,-1.518295,136.77,12.27,2,175.85,20 / 20,686029,2019-09-06 18:27:32:711,0.9552,-0.1316,9.8408,-0.0136,0.0022,9.8066,-0.0278,-0.0189,0.0308,-12.37,-28.44,35.38,13.72,-83.72,-148.56
52.373413,-1.518295,136.77,12.27,2,175.85,20 / 20,686129,2019-09-06 18:27:32:811,0.462,0.0653,9.5708,0.0025,0.0042,9.8066,0.0299,-0.0105,0.0225,-12.19,-29.06,35.44,15.07,-83.76,-147.36
52.373413,-1.518295,136.77,12.27,2,175.85,20 / 20,686228,2019-09-06 18:27:32:910,-0.5943,0.6943,9.7658,-0.0137,-0.0027,9.8066,0.0234,0.0201,-0.004,-12.12,-29.25,35.25,16.06,-83.63,-146.49
52.373413,-1.518295,136.77,12.27,2,175.85,20 / 20,686328,2019-09-06 18:27:33:010,0.0462,1.4882,9.8936,-0.0072,0.0254,9.8066,0.0442,0.0076,-0.0034,-11.81,-28.94,35.88,16.58,-83.68,-146.45
52.373413,-1.518295,136.77,12.27,2,175.85,20 / 20,686429,2019-09-06 18:27:33:111,1.7336,1.3059,10.4807,-0.0216,0.017,9.8066,0.1243,0.0443,-0.016,-12.25,-27.94,35.25,16.02,-83.69,-146.46
52.373413,-1.518295,136.77,12.27,2,175.85,20 / 20,686529,2019-09-06 18:27:33:211,-0.013,0.4027,9.8614,-0.0082,0.0385,9.8065,0.168,-0.0344,0.0397,-11.62,-28.06,34.88,16.29,-83.61,-146.23
52.373413,-1.518295,136.77,12.27,2,175.85,20 / 20,686630,2019-09-06 18:27:33:312,-0.29,-0.6197,9.2911,-0.0022,-0.0177,9.8066,-0.1476,-0.0132,-0.0622,-11.81,-28.25,34.63,15.55,-83.46,-146.95
52.373413,-1.518295,136.77,12.27,2,175.85,20 / 20,686729,2019-09-06 18:27:33:411,-0.1646,1.3034,9.8776,-0.006,-0.0034,9.8066,-0.118,-0.0432,0.0592,-13.25,-27.62,34.88,14.83,-83.49,-146.14
52.373413,-1.518295,136.77,12.27,2,175.85,20 / 20,686828,2019-09-06 18:27:33:510,-0.5014,1.2248,9.9878,-0.0084,0.0097,9.8066,0.0532,-0.0579,0.0649,-14.06,-28.06,34.25,14.88,-83.63,-144.07
52.373413,-1.518295,136.77,12.27,2,175.85,20 / 20,686929,2019-09-06 18:27:33:611,1.3353,-0.6917,9.7177,-0.0116,0.0124,9.8066,0.0576,0.0207,-0.0723,-14.37,-28.31,35.19,16.5,-83.62,-143.14
52.373413,-1.518295,136.77,12.27,2,175.85,20 / 20,687028,2019-09-06 18:27:33:710,-0.9416,0.5703,9.8071,-0.0003,-0.0062,9.8066,0.0208,-0.0404,0.0752,-13.94,-29,36.63,17.47,-83.54,-143.33
52.373413,-1.518295,136.77,12.27,2,175.85,20 / 20,687129,2019-09-06 18:27:33:811,0.8596,0.2917,9.7167,0.0021,-0.016,9.8066,-0.1258,-0.0268,-0.0369,-12.37,-28.87,36,19.98,-83.38,-143.44
52.373413,-1.518295,136.77,12.27,2,175.85,20 / 20,687228,2019-09-06 18:27:33:910,0.363,0.6378,9.7921,-0.0017,0.0093,9.8066,0.089,0.0451,0.0173,-12.81,-28.5,35.88,18.09,-83.38,-143.67
52.373413,-1.518295,136.77,12.27,2,175.85,20 / 20,687329,2019-09-06 18:27:34:011,-0.4039,0.1334,9.6076,0.0003,0.013,9.8066,0.0262,-0.0882,0.0705,-12.56,-28.69,35.81,17.93,-83.41,-143.86
52.373413,-1.518295,136.77,12.27,2,175.85,19 / 19,687428,2019-09-06 18:27:34:110,0.1295,0.8871,9.6949,0.0053,0.0127,9.8065,-0.009,-0.0478,-0.0321,-12.31,-28.5,35.88,19.79,-83.32,-143.56
52.373413,-1.518295,136.77,12.27,2,175.85,19 / 19,687529,2019-09-06 18:27:34:211,0.4727,-0.0839,9.7023,0.0062,-0.0062,9.8066,-0.0242,-0.0146,-0.0327,-12.62,-28.25,35.44,17.13,-83.45,-144.04
52.373413,-1.518295,136.77,12.27,2,175.85,19 / 19,687628,2019-09-06 18:27:34:310,0.9275,0.3773,9.8747,-0.0025,0.0167,9.8066,0.013,-0.0373,0.0439,-12.06,-28.87,35.94,19.43,-83.63,-143.86
52.373413,-1.518295,136.77,12.27,2,175.85,19 / 19,687729,2019-09-06 18:27:34:411,0.6364,1.0325,9.758,-0.0033,0.0121,9.8066,0.0018,-0.01,-0.0593,-12.75,-28.44,35.81,17.8,-83.59,-143.88
52.373413,-1.518295,136.77,12.27,2,175.85,19 / 19,687829,2019-09-06 18:27:34:511,1.2388,-0.9181,10.0555,0.01,-0.022,9.8066,-0.0603,0.0197,-0.0131,-11.87,-28.62,34.88,18.52,-83.72,-144.22
52.373413,-1.518295,136.77,12.27,2,175.85,19 / 19,687928,2019-09-06 18:27:34:610,1.0313,0.4381,9.5337,0.02,-0.0067,9.8066,-0.052,0.0337,0.0275,-12.12,-28.5,34.13,16.34,-83.73,-145.68
52.373413,-1.518295,136.77,12.27,2,175.85,19 / 19,688029,2019-09-06 18:27:34:711,1.0608,0.4498,10.1886,-0.0031,0.0079,9.8066,-0.0471,0.0506,-0.0357,-13.87,-28.56,34.25,13.22,-83.84,-145.58
52.373413,-1.518295,136.77,12.27,2,175.85,19 / 19,688129,2019-09-06 18:27:34:811,1.7508,-0.6859,10.2277,0.0036,0.0124,9.8066,0.0523,-0.0047,0.0179,-14.44,-28.5,34.75,13.74,-83.94,-145.6
52.373413,-1.518295,136.77,12.27,2,175.85,19 / 19,688228,2019-09-06 18:27:34:910,0.2677,-0.2302,10.185,0.0055,0.0057,9.8066,-0.0052,0.0458,-0.0489,-14.75,-28.5,36.38,12.73,-83.95,-145.68
52.373413,-1.518295,136.77,12.27,2,175.85,19 / 19,688329,2019-09-06 18:27:35:011,1.7494,-0.4311,9.976,0.0026,-0.0048,9.8066,0.0726,0.0648,-0.0523,-14,-28.62,36.81,14.06,-83.96,-146.36
52.373413,-1.518295,136.77,12.27,2,175.85,20 / 20,688429,2019-09-06 18:27:35:111,0.3285,-0.5265,10.6088,0.0101,-0.0127,9.8065,0.0262,0.0121,0.0404,-12.37,-28.87,37.38,16.76,-83.84,-146.69
52.373413,-1.518295,136.77,12.27,2,175.85,20 / 20,688529,2019-09-06 18:27:35:211,0.796,-0.1967,9.9625,-0.0095,-0.003,9.8066,0.0148,0.0389,-0.0367,-12.75,-28.25,36.81,15.25,-83.82,-146.63
52.373413,-1.518295,136.77,12.27,2,175.85,20 / 20,688628,2019-09-06 18:27:35:310,0.7767,1.501,9.649,-0.0057,0.0181,9.8066,0.0182,0.0029,0.0426,-12.94,-28.5,35.94,15.42,-83.92,-145.99
52.373413,-1.518295,136.77,12.27,2,175.85,20 / 20,688729,2019-09-06 18:27:35:411,1.3824,-1.1637,10.1049,-0.0191,0.0191,9.8066,-0.0282,0.1025,-0.0446,-12.06,-28.62,36,18.67,-83.96,-144.47
52.373413,-1.518295,136.77,12.27,2,175.85,20 / 20,688829,2019-09-06 18:27:35:511,0.8382,1.8095,10.4413,-0.0109,-0.0025,9.8066,0.1019,0.0402,0.0167,-12.44,-28.81,35.63,19.21,-84.03,-143.95
52.373413,-1.518295,136.77,12.27,2,175.85,20 / 20,688928,2019-09-06 18:27:35:610,0.7642,-0.1887,9.4843,-0.0018,-0.0049,9.8066,-0.0139,-0.0492,0.0135,-12.81,-28.75,35.44,18.18,-83.89,-143.02
52.373413,-1.518295,136.77,12.27,2,175.85,20 / 20,689029,2019-09-06 18:27:35:711,1.2034,1.2132,10.4478,-0.017,0.0222,9.8065,-0.002,0.0476,-0.0414,-12.06,-28.94,35.13,22.45,-83.95,-140.55
52.373413,-1.518295,136.77,12.27,2,175.85,20 / 20,689128,2019-09-06 18:27:35:810,0.5291,-0.6105,9.2817,-0.009,0.039,9.8065,-0.0249,-0.0127,0.0427,-12.81,-28.75,34.81,21.14,-84.02,-140.26
52.373413,-1.518295,136.77,12.27,2,175.85,20 / 20,689228,2019-09-06 18:27:35:910,1.44,-1.3288,9.8069,-0.0008,-0.0144,9.8066,-0.0022,-0.0175,0.0276,-13.44,-28.81,35.44,21.47,-83.88,-140.01
52.373413,-1.518295,136.77,12.27,2,175.85,20 / 20,689329,2019-09-06 18:27:36:011,0.8466,-1.82,10.2656,-0.0072,-0.0142,9.8066,0.0202,0.0294,-0.0184,-12.37,-29.12,35.13,24.37,-83.84,-138.82
52.373413,-1.518295,136.77,12.27,2,175.85,21 / 21,689428,2019-09-06 18:27:36:110,1.4276,-1.7413,9.4318,0.0049,-0.0045,9.8066,-0.0584,0.0652,0.0345,-13.25,-28.81,34.81,23.41,-83.84,-138.24
52.373413,-1.518295,136.77,12.27,2,175.85,21 / 21,689529,2019-09-06 18:27:36:211,1.1438,1.1012,10.5631,0.0047,-0.0345,9.8066,-0.0561,0.1259,-0.0978,-13.25,-29.06,35.69,23.39,-83.73,-138.76
52.373413,-1.518295,136.77,12.27,2,175.85,21 / 21,689629,2019-09-06 18:27:36:311,1.3127,1.2893,9.5751,0.0063,-0.0162,9.8065,-0.0354,0.0541,0.088,-12.5,-28.81,35.38,23.08,-83.79,-140.02
52.373413,-1.518295,136.77,12.27,2,175.85,21 / 21,689729,2019-09-06 18:27:36:411,0.1345,0.7597,9.6432,0.0006,-0.0385,9.8065,0.0111,0.1111,-0.0974,-12.94,-28.94,35.25,21.47,-83.57,-140.1
52.373413,-1.518295,136.77,12.27,2,175.85,21 / 21,689828,2019-09-06 18:27:36:510,0.4228,1.0966,10.2488,-0.002,0.0102,9.8066,0.0204,0.0748,0.15,-13.25,-28.81,35.56,22.91,-83.8,-139.18
52.373413,-1.518295,136.77,12.27,2,175.85,21 / 21,689929,2019-09-06 18:27:36:611,1.175,1.0994,8.8178,-0.007,-0.014,9.8066,-0.0916,-0.004,0.0384,-13.69,-29,35.13,21.71,-83.73,-138.39
52.373413,-1.518295,136.77,12.27,2,175.85,21 / 21,690029,2019-09-06 18:27:36:711,1.275,-0.2984,9.1515,-0.0003,0.0316,9.8066,0.0377,0.0702,-0.0106,-13.31,-29,35.75,24.17,-83.65,-138.07
52.373413,-1.518295,136.77,12.27,2,175.85,21 / 21,690129,2019-09-06 18:27:36:811,0.364,-0.8815,9.4489,0.0031,-0.0024,9.8066,-0.0041,-0.0244,0.044,-13.69,-28.81,36.19,21.84,-83.75,-138.77
52.373413,-1.518295,136.77,12.27,2,175.85,21 / 21,690228,2019-09-06 18:27:36:910,1.6278,0.1959,9.6391,0.0022,0.013,9.8066,0.0204,-0.0233,-0.0069,-13.94,-28.62,35.31,21.08,-83.86,-138.93
52.373413,-1.518295,136.77,12.27,2,175.85,21 / 21,690328,2019-09-06 18:27:37:010,0.4283,0.5227,10.1365,-0.0039,0.027,9.8066,0.0226,0.0264,-0.01,-13.31,-28.5,35.38,23.7,-84.04,-137.83
52.373413,-1.518295,136.77,12.27,2,175.85,20 / 20,690428,2019-09-06 18:27:37:110,1.4253,0.055,9.453,0.0093,-0.0056,9.8066,-0.0615,0.0097,0.004,-13.62,-28.87,35.25,21.47,-84.09,-138.49
52.373413,-1.518295,136.77,12.27,2,175.85,20 / 20,690529,2019-09-06 18:27:37:211,1.1736,0.9287,10.2794,-0.0081,-0.0221,9.8066,-0.0072,-0.0043,0.0361,-13.81,-28.37,35.13,22.29,-83.98,-137.72
52.373413,-1.518295,136.77,12.27,2,175.85,20 / 20,690629,2019-09-06 18:27:37:311,0.9609,-0.3466,10.3042,-0.0019,-0.0141,9.8066,0.0418,0.0677,-0.006,-13.75,-28.31,35.63,23.59,-83.85,-137.06
52.373413,-1.518295,136.77,12.27,2,175.85,20 / 20,690729,2019-09-06 18:27:37:411,0.4677,-1.3418,11.0976,0.0059,-0.0252,9.8066,-0.0165,0.0235,-0.0544,-14.12,-28.81,35.63,21.9,-83.57,-138.78
52.373413,-1.518295,136.77,12.27,2,175.85,20 / 20,690829,2019-09-06 18:27:37:511,1.3581,-0.0793,9.2109,0.0126,-0.0227,9.8066,0.0511,0.0404,0.0251,-14.31,-29,35.63,19.32,-83.42,-141.18
52.373413,-1.518295,136.77,12.27,2,175.85,20 / 20,690929,2019-09-06 18:27:37:611,0.5482,-1.3894,10.1456,-0.0154,0.0164,9.8066,0.1683,-0.0264,0.0675,-14.56,-28.87,35.5,19.04,-83.51,-140.03
52.373413,-1.518295,136.77,12.27,2,175.85,20 / 20,691029,2019-09-06 18:27:37:711,0.9396,-0.2229,10.5699,0.0112,-0.0341,9.8065,-0.1205,-0.0282,-0.0501,-14.25,-29.12,35.31,20.74,-83.45,-139.37
52.373413,-1.518295,136.77,12.27,2,175.85,20 / 20,691129,2019-09-06 18:27:37:811,2.8329,1.046,9.311,0.0119,-0.03,9.8065,0.0335,0.2032,0.0349,-14.5,-29.37,35,20.94,-83.5,-139.17
52.373413,-1.518295,136.77,12.27,2,175.85,20 / 20,691229,2019-09-06 18:27:37:911,2.9605,-2.1385,9.6512,-0.0126,-0.0217,9.8066,-0.001,0.0954,-0.0056,-14.94,-29.12,35.13,19.57,-83.48,-139.01
52.373413,-1.518295,136.77,12.27,2,175.85,20 / 20,691329,2019-09-06 18:27:38:011,3.4194,0.1676,8.7159,-0.0192,0.0085,9.8066,0.2163,0.1521,-0.1569,-15.12,-28.69,35.56,21.87,-83.35,-137.48
52.373413,-1.518295,136.77,12.27,2,175.85,19 / 19,691428,2019-09-06 18:27:38:110,1.4384,-1.5844,10.5685,0.012,-0.0061,9.8066,-0.2647,0.1992,-0.0177,-14.94,-29,35.31,19.86,-83.35,-138.79
52.373413,-1.518295,136.77,12.27,2,175.85,19 / 19,691529,2019-09-06 18:27:38:211,0.4184,2.3115,9.8037,0.0232,-0.0438,9.8065,-0.1049,-0.0214,0.0733,-15.44,-29.37,35,19.66,-83.45,-138.94
52.373413,-1.518295,136.77,12.27,2,175.85,19 / 19,691628,2019-09-06 18:27:38:310,0.3069,1.2274,9.9932,-0.017,0.0323,9.8065,-0.0029,-0.0382,0.0218,-15.44,-29.37,34.94,23.76,-83.76,-135.08
52.373413,-1.518295,136.77,12.27,2,175.85,19 / 19,691729,2019-09-06 18:27:38:411,1.1263,1.111,10.3403,-0.0072,0.031,9.8065,0.1638,0.0769,0.0074,-15.37,-28.69,35.5,24.53,-83.71,-134.92
52.373413,-1.518295,136.77,12.27,2,175.85,19 / 19,691829,2019-09-06 18:27:38:511,1.3565,-0.511,10.3308,0.0103,-0.0188,9.8066,0.2499,0.1029,0.0161,-15.69,-28.69,35.44,20.38,-83.66,-136.83
52.373413,-1.518295,136.77,12.27,2,175.85,19 / 19,691928,2019-09-06 18:27:38:610,2.3453,-2.7549,10.4121,-0.0262,0.0277,9.8065,0.2192,0.0237,0.0797,-15.87,-29.06,35.63,20.44,-83.52,-137.39
52.373413,-1.518295,136.77,12.27,2,175.85,19 / 19,692029,2019-09-06 18:27:38:711,2.5504,-1.4258,9.2354,0.0091,-0.0256,9.8065,-0.1458,0.0874,0.019,-16.37,-29.12,35.06,21.02,-83.36,-136.34
52.373413,-1.518295,136.77,12.27,2,175.85,19 / 19,692129,2019-09-06 18:27:38:811,1.4281,-0.7287,10.7424,0.0033,-0.0376,9.8065,-0.0647,0.0919,0.0412,-16.06,-28.87,35.13,23.02,-83.39,-134.5
52.373413,-1.518295,136.77,12.27,2,175.85,19 / 19,692229,2019-09-06 18:27:38:911,0.4412,0.6843,10.0015,-0.01,-0.0125,9.8066,-0.042,0.0032,0.0508,-16.69,-28.94,34.56,23.67,-83.33,-132.56
52.373413,-1.518295,136.77,12.27,2,175.85,19 / 19,692329,2019-09-06 18:27:39:011,1.6233,-1.8178,9.687,-0.0203,0.0168,9.8065,0.0109,0.0542,0.0391,-16.5,-29.06,35.75,27.04,-83.25,-131.41
52.37244,-1.518132,136.47,13.63,2,166.12,20 / 21,692429,2019-09-06 18:27:39:111,0.7688,0.7353,10.3296,-0.0128,0.0156,9.8066,0.1274,0.0904,-0.0298,-17.19,-28.87,35.06,24.47,-83.07,-131.92
52.37244,-1.518132,136.47,13.63,2,166.12,20 / 21,692529,2019-09-06 18:27:39:211,1.6133,-0.9286,11.0387,-0.0093,0.0205,9.8065,-0.1842,0.0615,0.0149,-16.06,-28.69,35.25,26.21,-83.12,-131.67
52.37244,-1.518132,136.47,13.63,2,166.12,20 / 21,692628,2019-09-06 18:27:39:310,2.5351,-1.867,9.9271,0.0292,-0.0555,9.8064,-0.1805,0.0405,-0.0643,-16.44,-29.12,34.94,23.63,-83.03,-134.06
52.37244,-1.518132,136.47,13.63,2,166.12,20 / 21,692729,2019-09-06 18:27:39:411,2.0075,1.172,8.4198,0.0299,-0.0367,9.8065,-0.0511,0.0458,0.0324,-16.94,-29.37,34.5,22.29,-83.19,-133.87
52.37244,-1.518132,136.47,13.63,2,166.12,20 / 21,692829,2019-09-06 18:27:39:511,1.3701,-0.3824,9.3759,-0.0166,0.0402,9.8065,-0.0874,0.0644,0.002,-17.25,-29.31,34.88,23.78,-83.57,-132.38
52.37244,-1.518132,136.47,13.63,2,166.12,20 / 21,692929,2019-09-06 18:27:39:611,2.2077,-0.824,9.6476,0.0005,0.0227,9.8066,-0.0405,0.0402,-0.0527,-17.25,-29.12,34.31,25.36,-83.91,-130.19
52.37244,-1.518132,136.47,13.63,2,166.12,20 / 21,693029,2019-09-06 18:27:39:711,1.4315,0.7062,9.8048,0.0254,-0.0252,9.8065,0.0308,0.0649,-0.0409,-17.12,-29,34.44,22.57,-83.98,-132.74
52.37244,-1.518132,136.47,13.63,2,166.12,20 / 21,693128,2019-09-06 18:27:39:810,2.59,0.2684,8.8705,0.0202,-0.0239,9.8066,-0.0245,0.1291,-0.0511,-16.69,-29.06,34.5,21.17,-83.93,-134.66
52.37244,-1.518132,136.47,13.63,2,166.12,20 / 21,693228,2019-09-06 18:27:39:910,2.2693,-0.1594,8.9924,-0.0115,0.0397,9.8065,-0.1356,0.0523,0.0283,-16.56,-28.81,34.38,21.05,-84.1,-134.1
52.37244,-1.518132,136.47,13.63,2,166.12,20 / 21,693328,2019-09-06 18:27:40:010,1.5851,0.0236,9.2642,-0.0195,0.0193,9.8066,-0.1719,0.1398,0.0378,-17.69,-29.12,34.19,21.71,-84.22,-132.11
52.37244,-1.518132,136.47,13.63,2,166.12,21 / 21,693429,2019-09-06 18:27:40:111,1.1545,0.5796,10.3189,-0.0329,0.0287,9.8065,0.1347,0.0721,0.0218,-17.62,-29.44,34.06,23.93,-84.23,-130.05
52.37244,-1.518132,136.47,13.63,2,166.12,21 / 21,693528,2019-09-06 18:27:40:210,1.3465,-0.2878,10.2303,-0.0139,0.0398,9.8065,0.1923,0.0146,0.0286,-18.12,-29.06,34.06,26.29,-84.27,-127.83
52.37244,-1.518132,136.47,13.63,2,166.12,21 / 21,693629,2019-09-06 18:27:40:311,2.0268,-1.6273,9.9458,0.03,-0.0439,9.8064,0.0183,0.1226,0.0095,-18.06,-29.06,34.06,21.71,-83.87,-132.21
52.37244,-1.518132,136.47,13.63,2,166.12,21 / 21,693729,2019-09-06 18:27:40:411,1.9757,1.1936,9.5091,0.0248,-0.0507,9.8065,-0.1914,0.177,-0.0117,-18.44,-29.19,34,19.95,-83.77,-133.86
52.37244,-1.518132,136.47,13.63,2,166.12,21 / 21,693828,2019-09-06 18:27:40:510,1.0787,0.4962,9.27,-0.0332,0.0571,9.8064,-0.0731,0.0297,-0.108,-18.31,-28.69,34.31,24.01,-84.21,-129.97
52.37244,-1.518132,136.47,13.63,2,166.12,21 / 21,693929,2019-09-06 18:27:40:611,1.6573,2.4396,10.7542,-0.004,0.0497,9.8065,0.0014,0.0262,0.0212,-18.5,-28.94,33.94,23.96,-84.37,-129.97
52.37244,-1.518132,136.47,13.63,2,166.12,21 / 21,694029,2019-09-06 18:27:40:711,0.6227,-0.94,10.2883,-0.0098,-0.0142,9.8066,0.1563,0.0484,-0.1263,-17.75,-28.81,34.5,23.26,-84.3,-131.29
52.37244,-1.518132,136.47,13.63,2,166.12,21 / 21,694129,2019-09-06 18:27:40:811,1.7883,-0.5774,9.448,-0.0096,0.035,9.8065,0.1556,0.089,0.0427,-18.5,-28.62,33.56,22.09,-84.25,-131.74
52.37244,-1.518132,136.47,13.63,2,166.12,21 / 21,694229,2019-09-06 18:27:40:911,1.6298,-0.8427,9.7557,-0.0049,0.003,9.8066,-0.0557,0.0777,-0.0033,-18.5,-28.87,33.94,22.02,-84.1,-131.85
52.37244,-1.518132,136.47,13.63,2,166.12,21 / 21,694329,2019-09-06 18:27:41:011,1.058,0.5931,9.4476,-0.0001,-0.0037,9.8066,-0.0738,0.0249,0.0471,-19.31,-28.94,33.56,21.78,-84.19,-130.73
52.37244,-1.518132,136.47,13.63,2,166.12,21 / 21,694429,2019-09-06 18:27:41:111,0.981,-0.8513,10.0258,-0.0103,-0.0151,9.8066,-0.0485,-0.039,0.0546,-19.37,-29.31,33.75,25.89,-84.19,-126.92
52.37244,-1.518132,136.47,13.63,2,166.12,21 / 21,694529,2019-09-06 18:27:41:211,2.6445,1.3364,10.0956,0.0137,-0.0202,9.8066,-0.0097,0.1515,-0.0089,-19.62,-28.81,33.94,25.14,-84.17,-126.33
52.37244,-1.518132,136.47,13.63,2,166.12,21 / 21,694628,2019-09-06 18:27:41:310,1.1673,0.8137,8.8859,0.0075,0.0142,9.8066,-0.048,0.1922,-0.0419,-18.94,-28.87,33.69,24.39,-84.09,-128.34
52.37244,-1.518132,136.47,13.63,2,166.12,21 / 21,694729,2019-09-06 18:27:41:411,-0.1857,0.1111,9.9407,0.0011,0.0157,9.8065,-0.061,0.0436,0.068,-19.44,-29,33.94,22.68,-84.17,-129.9
52.37244,-1.518132,136.47,13.63,2,166.12,21 / 21,694828,2019-09-06 18:27:41:510,1.4522,-0.719,9.3426,-0.0146,0.0477,9.8064,0.1278,0.0674,-0.0312,-19.62,-29.31,33.13,22.05,-84.31,-128.43
52.37244,-1.518132,136.47,13.63,2,166.12,21 / 21,694929,2019-09-06 18:27:41:611,0.9638,1.9626,9.9809,-0.0174,0.0368,9.8065,0.0856,0.0387,-0.0977,-19.31,-29.25,33.75,25.17,-84.54,-127.46
52.37244,-1.518132,136.47,13.63,2,166.12,21 / 21,695029,2019-09-06 18:27:41:711,1.061,-0.9056,9.0858,0.0354,-0.013,9.8065,0.0095,0.0504,0.0562,-19.81,-29.62,33.81,20.2,-84.79,-130.78
52.37244,-1.518132,136.47,13.63,2,166.12,21 / 21,695129,2019-09-06 18:27:41:811,1.2995,0.6561,10.2109,0.0187,-0.0281,9.8065,-0.0608,0.042,-0.079,-19.62,-29.25,33.88,19.78,-84.88,-131.1
52.37244,-1.518132,136.47,13.63,2,166.12,21 / 21,695228,2019-09-06 18:27:41:910,2.0349,-0.0371,9.6092,0.0109,0.0043,9.8066,-0.0499,0.103,0,-19.19,-28.81,33.06,20.43,-85.02,-131.04
52.37244,-1.518132,136.47,13.63,2,166.12,21 / 21,695330,2019-09-06 18:27:42:012,1.0339,1.2195,9.8082,0.0042,-0.0095,9.8066,-0.0755,0.0536,0.0245,-19.69,-28.56,33.06,17.47,-85.11,-132.47
52.37244,-1.518132,136.47,13.63,2,166.12,20 / 21,695428,2019-09-06 18:27:42:110,2.2534,-0.1385,10.1006,-0.0037,0.0323,9.8066,0.1052,0.0382,0.0065,-20.31,-28.94,32.94,18.29,-85.18,-131.69
52.37244,-1.518132,136.47,13.63,2,166.12,20 / 21,695529,2019-09-06 18:27:42:211,-1.0481,1.483,10.493,0.0205,-0.0315,9.8065,0.3612,0.0041,0.0657,-20.56,-28.44,32.69,12.85,-84.91,-135.54
52.37244,-1.518132,136.47,13.63,2,166.12,20 / 21,695628,2019-09-06 18:27:42:310,0.4601,0.9935,11.0024,-0.0563,0.0778,9.8061,0.069,-0.0028,-0.0312,-20.31,-28.69,33.31,15.18,-84.99,-134.64
52.37244,-1.518132,136.47,13.63,2,166.12,20 / 21,695729,2019-09-06 18:27:42:411,0.3543,1.9954,8.265,-0.07,0.1236,9.8056,-0.1334,0.0309,0.1022,-20.69,-28.44,32.94,16.62,-85.23,-131.94
52.37244,-1.518132,136.47,13.63,2,166.12,20 / 21,695828,2019-09-06 18:27:42:510,-0.241,0.9084,9.2661,-0.0466,0.0543,9.8063,0.2805,0.2254,-0.0894,-20.69,-28.37,32.56,17.18,-85.03,-131.46
52.37244,-1.518132,136.47,13.63,2,166.12,20 / 21,695929,2019-09-06 18:27:42:611,2.9695,-0.3444,10.7068,-0.0403,0.0654,9.8063,0.2435,0.0494,0.1276,-20.62,-28.56,32.69,22.74,-85.4,-126.18
52.37244,-1.518132,136.47,13.63,2,166.12,20 / 21,696028,2019-09-06 18:27:42:710,2.2064,0.917,10.8191,0.0421,-0.054,9.8064,0.0672,-0.0653,-0.0845,-20.81,-28.94,33.13,14.79,-84.7,-133.8
52.37244,-1.518132,136.47,13.63,2,166.12,20 / 21,696131,2019-09-06 18:27:42:813,1.6054,-2.4864,12.5108,0.0517,-0.0484,9.8064,0.275,0.0656,-0.0558,-21.37,-28.81,33.19,10.61,-84.47,-137.72
52.37244,-1.518132,136.47,13.63,2,166.12,20 / 21,696229,2019-09-06 18:27:42:911,2.4444,-1.5443,8.6387,0.0431,-0.0024,9.8065,-0.214,0.0817,-0.1397,-21.31,-29.31,33.5,3.28,-84.72,-145.25
52.37244,-1.518132,136.47,13.63,2,166.12,20 / 21,696330,2019-09-06 18:27:43:012,-0.6264,3.9601,9.2878,-0.0227,0.1372,9.8056,0.0983,0.0664,-0.1348,-20.56,-29.81,32.13,358.58,-85.38,-148.05
52.37244,-1.518132,136.47,13.63,2,166.12,19 / 20,696429,2019-09-06 18:27:43:111,-1.2362,4.0674,10.3115,-0.0291,0.1096,9.8059,0.2116,0.1749,-0.091,-20.19,-29.94,32.63,357.52,-86.21,-151.13
52.37244,-1.518132,136.47,13.63,2,166.12,19 / 20,696528,2019-09-06 18:27:43:210,3.0586,2.7523,8.5366,-0.0559,0.0617,9.8062,0.1414,0.1175,-0.026,-19.81,-28.25,31.94,355.11,-86.72,-152.67
52.37244,-1.518132,136.47,13.63,2,166.12,19 / 20,696629,2019-09-06 18:27:43:311,2.2195,-1.5592,10.2096,0.0197,-0.0563,9.8064,0.1911,-0.0774,0.233,-20.5,-28.62,32.06,354.52,-85.84,-153.15
52.37244,-1.518132,136.47,13.63,2,166.12,19 / 20,696729,2019-09-06 18:27:43:411,2.1522,-0.0228,11.6833,-0.0242,-0.058,9.8064,-0.2043,0.0537,0.0424,-21.19,-28.69,32.31,358.84,-85.29,-147.81
52.37244,-1.518132,136.47,13.63,2,166.12,19 / 20,696828,2019-09-06 18:27:43:510,1.422,-0.0772,10.0511,0.0049,-0.0312,9.8065,-0.1868,0.1692,-0.0217,-21.44,-28.94,32.44,0.58,-84.97,-146.19
52.37244,-1.518132,136.47,13.63,2,166.12,19 / 20,696928,2019-09-06 18:27:43:610,0.9626,0.1735,9.7213,0.0052,0.0019,9.8066,-0.0375,0.0983,0.0479,-21.5,-29.06,32.25,1.6,-85.2,-145.23
52.37244,-1.518132,136.47,13.63,2,166.12,19 / 20,697030,2019-09-06 18:27:43:712,1.1075,1.1175,9.4408,-0.0078,0.0372,9.8065,0.0067,0.0466,-0.0561,-21.81,-28.81,32.06,1.08,-85.43,-144.48
52.37244,-1.518132,136.47,13.63,2,166.12,19 / 20,697130,2019-09-06 18:27:43:812,0.3551,1.4037,9.874,0.0017,0.0239,9.8066,0.0671,0.0524,-0.0235,-21.5,-28.81,31.44,0.39,-85.74,-145.52
52.37244,-1.518132,136.47,13.63,2,166.12,19 / 20,697229,2019-09-06 18:27:43:911,1.1641,2.0407,10.1205,0.0191,-0.021,9.8066,0.0122,0.041,0.0213,-21.87,-28.87,31.25,355.99,-85.52,-148.4
52.37244,-1.518132,136.47,13.63,2,166.12,19 / 20,697329,2019-09-06 18:27:44:011,1.2107,2.0502,10.2337,-0.0091,0.0037,9.8066,0.0154,0.085,0.0121,-21.62,-29.25,31.88,357.68,-85.47,-147.67
52.37244,-1.518132,136.47,13.63,2,166.12,20 / 20,697429,2019-09-06 18:27:44:111,1.4087,0.9391,9.3258,-0.0156,0.0053,9.8066,-0.0491,0.0647,-0.0055,-22.19,-28.87,31.56,1.35,-85.46,-144.23
52.37244,-1.518132,136.47,13.63,2,166.12,20 / 20,697528,2019-09-06 18:27:44:210,0.1878,1.8567,9.8131,0.0027,-0.0042,9.8066,-0.0892,0.05,0.0062,-23.19,-29.62,31.38,359.93,-85.48,-143.5
52.37244,-1.518132,136.47,13.63,2,166.12,20 / 20,697629,2019-09-06 18:27:44:311,-1.2685,2.6548,9.8957,-0.0055,0.015,9.8065,0.016,0.1036,-0.018,-22.81,-29.5,31.13,359.93,-85.56,-143.49
52.37244,-1.518132,136.47,13.63,2,166.12,20 / 20,697729,2019-09-06 18:27:44:411,-1.4615,1.4351,9.8973,-0.0054,0.0113,9.8066,-0.0013,0.1643,-0.0319,-22.44,-29.44,31.63,1.61,-85.7,-143.97
52.37244,-1.518132,136.47,13.63,2,166.12,20 / 20,697829,2019-09-06 18:27:44:511,0.7384,4.6109,10.0426,0.0019,0.0089,9.8065,0.0573,0.0485,-0.0554,-22.75,-29.56,31.44,357.92,-85.76,-145.38
52.37244,-1.518132,136.47,13.63,2,166.12,20 / 20,697929,2019-09-06 18:27:44:611,-1.7861,2.1662,9.3655,0.0114,0.0201,9.8066,-0.041,-0.0001,-0.0018,-22.06,-29.75,31.25,358.18,-85.82,-146.35
52.37244,-1.518132,136.47,13.63,2,166.12,20 / 20,698029,2019-09-06 18:27:44:711,-0.8482,1.137,9.9253,0.0187,-0.0103,9.8066,-0.0011,-0.0247,-0.0039,-22.81,-29.94,30.56,354.59,-85.86,-148.52
52.37244,-1.518132,136.47,13.63,2,166.12,20 / 20,698129,2019-09-06 18:27:44:811,-0.0287,2.3216,9.5186,0.0203,-0.013,9.8066,0.0273,0.0162,-0.0236,-23.94,-29.81,30.69,352.66,-85.95,-149.18
52.37244,-1.518132,136.47,13.63,2,166.12,20 / 20,698228,2019-09-06 18:27:44:910,0.8153,0.5186,9.1514,0.0017,0.0249,9.8065,-0.1057,0.0362,0.0254,-23,-29.37,30.81,353.37,-86,-149.69
52.37244,-1.518132,136.47,13.63,2,166.12,20 / 20,698328,2019-09-06 18:27:45:010,-0.9783,2.4264,9.5674,0.0052,-0.0238,9.8065,-0.1533,0.1459,-0.03,-22.69,-29.12,30.44,351.26,-86.16,-150.8
52.37244,-1.518132,136.47,13.63,2,166.12,20 / 21,698429,2019-09-06 18:27:45:111,-0.014,1.5742,9.3967,-0.0144,0.0097,9.8066,-0.0136,0.0715,0.0197,-23.12,-29.87,30.13,353.28,-86.45,-148.9
52.37244,-1.518132,136.47,13.63,2,166.12,20 / 21,698528,2019-09-06 18:27:45:210,0.5072,1.1999,9.8016,-0.0098,-0.0096,9.8065,0.0622,-0.0493,-0.0076,-23.12,-30.37,30.75,355.19,-86.38,-147.99
52.37244,-1.518132,136.47,13.63,2,166.12,20 / 21,698629,2019-09-06 18:27:45:311,-1.2718,1.6953,10.4023,-0.0115,0.0118,9.8066,0.1081,0.0392,-0.0732,-23.25,-29.37,30.56,354.75,-86.31,-148.41
52.37244,-1.518132,136.47,13.63,2,166.12,20 / 21,698729,2019-09-06 18:27:45:411,1.9753,0.2164,12.2328,-0.0057,-0.0081,9.8066,-0.0289,-0.073,0.1018,-23.37,-29.19,31,354.89,-86.27,-148.27
52.37244,-1.518132,136.47,13.63,2,166.12,20 / 21,698828,2019-09-06 18:27:45:510,2.7925,-0.4541,8.2854,0.0493,-0.0643,9.8063,-0.0539,0.1083,0.0372,-23.12,-29.12,30.31,349.25,-85.97,-152.67
52.37244,-1.518132,136.47,13.63,2,166.12,20 / 21,698928,2019-09-06 18:27:45:610,4.5305,-4.5082,11.4256,0.0046,-0.0431,9.8065,0.3874,-0.0142,0.022,-23.69,-29.37,30.56,354.64,-86.11,-147.34
52.37244,-1.518132,136.47,13.63,2,166.12,20 / 21,699028,2019-09-06 18:27:45:710,-2.0732,1.3499,7.8929,0.0444,-0.0442,9.8064,-0.4597,0.0248,0.1567,-23.37,-29.25,30.38,3.56,-86.63,-139.13
52.37244,-1.518132,136.47,13.63,2,166.12,20 / 21,699129,2019-09-06 18:27:45:811,-0.3227,2.073,9.4696,0.0437,-0.0898,9.8061,-0.1775,0.1214,-0.0569,-23.31,-29,29.75,3.93,-86.45,-138.79
52.37244,-1.518132,136.47,13.63,2,166.12,20 / 21,699229,2019-09-06 18:27:45:911,-0.7992,0.9247,10.2525,-0.0099,0.0007,9.8066,-0.0194,0.0157,-0.0718,-24,-29.75,29.75,3.58,-86.52,-137.93
52.37244,-1.518132,136.47,13.63,2,166.12,20 / 21,699329,2019-09-06 18:27:46:011,-0.4007,1.0875,9.7759,0.0274,-0.0233,9.8065,0.0407,0.0566,0.0707,-23.75,-29.31,30.44,357.28,-86.23,-143.92
52.37244,-1.518132,136.47,13.63,2,166.12,19 / 19,699428,2019-09-06 18:27:46:110,0.9487,1.0751,10.4254,-0.0139,-0.0001,9.8066,0.0715,0.0149,-0.0789,-24.19,-29.25,29.81,355.58,-85.94,-145.52
52.37244,-1.518132,136.47,13.63,2,166.12,19 / 19,699528,2019-09-06 18:27:46:210,1.2926,0.222,10.1528,-0.022,0.0346,9.8065,0.0283,0.0349,-0.0586,-23.87,-29.87,30,355.93,-86.04,-145.18
52.37244,-1.518132,136.47,13.63,2,166.12,19 / 19,699628,2019-09-06 18:27:46:310,-0.7689,2.2217,9.5849,-0.0055,0.0007,9.8066,-0.0432,0.0343,-0.0068,-24.06,-29.5,29.69,356.4,-86.36,-144.76
52.37244,-1.518132,136.47,13.63,2,166.12,19 / 19,699729,2019-09-06 18:27:46:411,-0.1069,2.276,10.5085,-0.0015,0.0101,9.8066,0.0021,0.0805,-0.054,-24.12,-29.37,29.56,358.54,-86.43,-142.73
52.37244,-1.518132,136.47,13.63,2,166.12,19 / 19,699828,2019-09-06 18:27:46:510,1.1035,1.0257,9.7852,0.017,-0.0272,9.8065,-0.0437,0.0832,-0.1043,-24.12,-29.94,29.06,354.61,-86.42,-145.5
52.37244,-1.518132,136.47,13.63,2,166.12,19 / 19,699929,2019-09-06 18:27:46:611,-0.9658,0.6759,9.5551,0.0368,-0.0096,9.8065,-0.0703,-0.0389,0.0538,-23.81,-29.56,29.63,352.04,-86.4,-148.89
52.37244,-1.518132,136.47,13.63,2,166.12,19 / 19,700029,2019-09-06 18:27:46:711,0.0228,1.8361,9.6852,-0.0321,0.0172,9.8066,0.0501,0.1669,-0.1244,-24.25,-29.62,29.19,355.89,-86.6,-144.3
52.37244,-1.518132,136.47,13.63,2,166.12,19 / 19,700129,2019-09-06 18:27:46:811,0.8621,0.5176,9.6233,-0.0108,0.0394,9.8065,0.0207,-0.0298,0.0298,-24.37,-30.25,29.81,354.68,-86.84,-146.42
52.37244,-1.518132,136.47,13.63,2,166.12,19 / 19,700228,2019-09-06 18:27:46:910,-0.0013,0.2849,9.7336,0.0205,-0.0118,9.8066,-0.1106,0.0182,0.0021,-24.37,-30,29.5,355.91,-86.97,-145.26
52.37244,-1.518132,136.47,13.63,2,166.12,19 / 19,700329,2019-09-06 18:27:47:011,0.2232,0.9401,9.9982,0.0216,-0.0267,9.8066,-0.1122,0.0209,-0.0122,-24.19,-29.75,29.38,353.01,-86.94,-147.07
52.37244,-1.518132,136.47,13.63,2,166.12,20 / 20,700428,2019-09-06 18:27:47:110,-0.3434,0.6104,9.8684,-0.0159,0.0228,9.8066,0.1388,-0.022,0.0477,-23.44,-28.75,29.94,356.26,-87.07,-146.11
52.37244,-1.518132,136.47,13.63,2,166.12,20 / 20,700529,2019-09-06 18:27:47:211,0.0692,1.6103,10.7928,-0.0085,0.007,9.8066,0.1206,0.0432,-0.029,-24.19,-29.06,29.5,353.93,-86.88,-147.15
52.37244,-1.518132,136.47,13.63,2,166.12,20 / 20,700628,2019-09-06 18:27:47:310,-0.8743,-0.0152,10.0182,0.0238,-0.024,9.8065,-0.0019,0.0887,-0.0668,-23.69,-28.94,29.88,347.93,-86.57,-152.85
52.37244,-1.518132,136.47,13.63,2,166.12,20 / 20,700729,2019-09-06 18:27:47:411,-2.5219,0.6194,9.9105,0.0281,-0.0078,9.8065,-0.0169,-0.0853,-0.0161,-23.56,-29.56,29.38,343.8,-86.65,-155.82
52.37244,-1.518132,136.47,13.63,2,166.12,20 / 20,700830,2019-09-06 18:27:47:512,-1.3013,1.0923,10.081,0.0004,0.0517,9.8065,-0.073,-0.0414,-0.0136,-23.5,-29.5,29.31,344.37,-86.79,-156.52
52.37244,-1.518132,136.47,13.63,2,166.12,20 / 20,700929,2019-09-06 18:27:47:611,0.0144,1.3474,9.5436,0.011,0.0282,9.8066,-0.0152,0.0927,-0.106,-23.19,-29.56,28.88,336.73,-87.29,-163.96
52.37244,-1.518132,136.47,13.63,2,166.12,20 / 20,701028,2019-09-06 18:27:47:710,0.2836,0.5668,9.8189,0.0033,-0.0007,9.8066,0.0199,0.0611,-0.0259,-23.5,-30.12,29.5,331.9,-87.39,-169.62
52.37244,-1.518132,136.47,13.63,2,166.12,20 / 20,701129,2019-09-06 18:27:47:811,-1.6231,1.454,9.9929,0.009,0.0192,9.8066,-0.0337,-0.0593,0.0682,-24.44,-29,29.44,326.16,-87.52,-173.13
52.37244,-1.518132,136.47,13.63,2,166.12,20 / 20,701230,2019-09-06 18:27:47:912,-1.0088,0.9895,10.5493,0.0112,-0.0129,9.8066,0.0429,-0.0519,-0.0376,-23.37,-30,28.69,327.97,-87.45,-172.5
52.37244,-1.518132,136.47,13.63,2,166.12,20 / 20,701328,2019-09-06 18:27:48:010,0.1378,0.8011,10.9604,0.0182,-0.0093,9.8066,0.072,0.0816,-0.054,-23.37,-29.44,28.44,325.7,-87.31,-173.66
52.37148,-1.517149,135.73,10.56,3,134.14,20 / 20,701429,2019-09-06 18:27:48:111,-0.6499,-0.3414,9.6761,0.0218,-0.0051,9.8066,0.0804,-0.018,-0.0431,-23.56,-29.44,28.94,326.69,-87.26,-172.51
52.37148,-1.517149,135.73,10.56,3,134.14,20 / 20,701529,2019-09-06 18:27:48:211,-1.059,0.5758,9.2321,0.034,-0.0329,9.8065,-0.0632,-0.0258,-0.0797,-23.62,-29.81,29.88,322.77,-87.04,-177.14
52.37148,-1.517149,135.73,10.56,3,134.14,20 / 20,701628,2019-09-06 18:27:48:310,-0.8818,0.3337,9.0701,-0.0145,0.0476,9.8065,-0.0917,-0.0228,-0.0067,-23.12,-29.94,28.69,318.88,-87.51,178.65
52.37148,-1.517149,135.73,10.56,3,134.14,20 / 20,701728,2019-09-06 18:27:48:410,-0.4416,0.679,9.4168,-0.0123,0.0251,9.8065,-0.0756,-0.0181,0.0147,-23.44,-30.75,29.13,315.22,-87.76,174.98
52.37148,-1.517149,135.73,10.56,3,134.14,20 / 20,701828,2019-09-06 18:27:48:510,-1.3363,1.1327,10.0667,-0.0286,0.0186,9.8065,0.0322,0.0129,0.0228,-23.44,-29.75,28.69,318.48,-88.1,177.93
52.37148,-1.517149,135.73,10.56,3,134.14,20 / 20,701929,2019-09-06 18:27:48:611,-0.9069,0.0342,10.8342,-0.0157,-0.0079,9.8066,0.0665,-0.0391,0.0321,-23.94,-30.69,29.38,321.45,-88.06,-177.93
52.37148,-1.517149,135.73,10.56,3,134.14,20 / 20,702029,2019-09-06 18:27:48:711,0.0156,-0.1125,9.8059,0.0199,-0.0241,9.8065,0.0679,0.0147,0.0049,-23.87,-29.87,28.13,320.88,-87.82,-177.38
52.37148,-1.517149,135.73,10.56,3,134.14,20 / 20,702129,2019-09-06 18:27:48:811,0.03,-0.287,9.2122,0.0053,-0.0342,9.8065,0.0569,-0.0278,0.0852,-24.06,-30.12,29.69,325.46,-87.43,-174.71
52.37148,-1.517149,135.73,10.56,3,134.14,20 / 20,702228,2019-09-06 18:27:48:910,-1.5702,-0.1533,10.14,-0.0288,0.0063,9.8065,-0.1168,-0.0029,0.0254,-23.75,-29.69,29.06,334.91,-87.5,-164.61
52.37148,-1.517149,135.73,10.56,3,134.14,20 / 20,702328,2019-09-06 18:27:49:010,-1.1941,0.7186,10.6022,-0.0222,0.0083,9.8065,0.0412,-0.0559,0.0088,-23.5,-29.69,29.69,341.88,-87.72,-160.07
52.37148,-1.517149,135.73,10.56,3,134.14,19 / 19,702429,2019-09-06 18:27:49:111,-1.1113,0.1761,10.1732,-0.0076,-0.004,9.8066,0.0453,-0.0771,0.0136,-24.06,-29.81,29.44,344.4,-87.69,-155.49
52.37148,-1.517149,135.73,10.56,3,134.14,19 / 19,702529,2019-09-06 18:27:49:211,-0.6157,-0.8697,9.7532,-0.012,-0.0166,9.8066,0.1044,-0.077,0.032,-24,-29.37,30.38,346.44,-87.39,-154.43
52.37148,-1.517149,135.73,10.56,3,134.14,19 / 19,702629,2019-09-06 18:27:49:311,-1.6275,-0.8092,10.506,-0.003,-0.0193,9.8066,0.102,-0.0375,0.0242,-23.69,-30.19,30.06,346.52,-87.05,-154.26
52.37148,-1.517149,135.73,10.56,3,134.14,19 / 19,702729,2019-09-06 18:27:49:411,-0.3037,-1.722,9.6383,-0.0142,-0.0016,9.8066,0.0223,-0.139,0.0097,-23.44,-29.5,31.19,350.82,-86.87,-152.22
52.37148,-1.517149,135.73,10.56,3,134.14,19 / 19,702829,2019-09-06 18:27:49:511,0.0515,-1.3761,9.1118,0.008,-0.0061,9.8066,-0.0645,-0.0542,-0.0486,-23.81,-29.37,30.88,350.46,-86.93,-151.4
52.37148,-1.517149,135.73,10.56,3,134.14,19 / 19,702929,2019-09-06 18:27:49:611,-1.2673,-0.4182,9.8695,0.0009,-0.0031,9.8065,-0.0554,-0.1117,0.0637,-23.25,-29.56,30.75,352.71,-87.11,-150.42
52.37148,-1.517149,135.73,10.56,3,134.14,19 / 19,703028,2019-09-06 18:27:49:710,-0.7219,-0.8052,9.9016,-0.0011,0.0041,9.8066,-0.0696,-0.1074,-0.0217,-23.62,-29.25,30.38,356.37,-87.31,-144.83
52.37148,-1.517149,135.73,10.56,3,134.14,19 / 19,703129,2019-09-06 18:27:49:811,0.2097,0.0743,9.2018,0.0069,0.0029,9.8066,-0.0067,-0.0628,-0.0251,-23.12,-29.06,30,358.18,-87.48,-144.28
52.37148,-1.517149,135.73,10.56,3,134.14,19 / 19,703228,2019-09-06 18:27:49:910,-0.8463,-0.5638,9.9138,-0.0115,-0.0097,9.8066,0.0559,-0.0346,-0.0166,-23.44,-29.12,30.19,357.32,-87.4,-145.1
52.37148,-1.517149,135.73,10.56,3,134.14,19 / 19,703328,2019-09-06 18:27:50:010,-0.4342,-0.9868,10.5217,0.0043,-0.0017,9.8066,0.0952,-0.0866,0.0495,-23.06,-28.62,30.69,358.48,-87.18,-144.89
52.37148,-1.517149,135.73,10.56,3,134.14,20 / 20,703429,2019-09-06 18:27:50:111,-0.2769,-1.1638,9.5049,0.0126,-0.0094,9.8066,-0.065,-0.0697,0.0048,-23.56,-29.94,30.5,354.57,-87.1,-147.47
52.37148,-1.517149,135.73,10.56,3,134.14,20 / 20,703528,2019-09-06 18:27:50:210,0.8252,0.1952,10.1165,0.0173,-0.009,9.8066,-0.0722,-0.0276,-0.0432,-22.94,-29.06,31.25,354.27,-87.06,-148.93
52.37148,-1.517149,135.73,10.56,3,134.14,20 / 20,703629,2019-09-06 18:27:50:311,0.7104,-2.6404,10.2738,0.004,0.0157,9.8066,0.0586,-0.0854,-0.0497,-23.12,-29.37,30.88,351.64,-87.26,-151.48
52.37148,-1.517149,135.73,10.56,3,134.14,20 / 20,703728,2019-09-06 18:27:50:410,0.6235,0.335,9.7138,0.0061,0.0094,9.8066,0.0758,-0.0321,-0.0771,-22.69,-28.75,30.94,347.63,-87.32,-155.35
52.37148,-1.517149,135.73,10.56,3,134.14,20 / 20,703828,2019-09-06 18:27:50:510,0.4605,-2.177,9.8676,0.0167,0.0107,9.8066,0.1092,-0.017,0.0188,-22.94,-29.12,31.81,345.8,-87.26,-157.99
52.37148,-1.517149,135.73,10.56,3,134.14,20 / 20,703929,2019-09-06 18:27:50:611,1.4433,-0.3422,9.6627,0.0162,0.0157,9.8066,0.0373,0.1329,-0.1266,-22.25,-29.31,31.63,339.52,-87.26,-165.23
52.37148,-1.517149,135.73,10.56,3,134.14,20 / 20,704028,2019-09-06 18:27:50:710,1.6816,0.1189,10.2792,0.0099,0.0238,9.8066,-0.0074,-0.0141,-0.0047,-21.87,-29.69,31.13,325.9,-87.53,-177.62
52.37148,-1.517149,135.73,10.56,3,134.14,20 / 20,704129,2019-09-06 18:27:50:811,-0.4236,0.7356,9.6975,0.0174,0.033,9.8065,0.0792,0.0498,-0.19,-22.5,-29.19,31,318.82,-87.69,175.37
52.37148,-1.517149,135.73,10.56,3,134.14,20 / 20,704229,2019-09-06 18:27:50:911,2.9379,-0.5383,9.8269,0.0466,0.0013,9.8065,-0.0832,0.0406,-0.0885,-21.5,-30.25,31.5,305.47,-87.46,160.4
52.37148,-1.517149,135.73,10.56,3,134.14,20 / 20,704329,2019-09-06 18:27:51:011,1.9535,-1.102,9.8594,0.0489,-0.0027,9.8065,-0.009,0.0763,-0.0466,-21.69,-29.62,31.69,296.37,-87.26,152.8
52.37148,-1.517149,135.73,10.56,3,134.14,21 / 21,704431,2019-09-06 18:27:51:113,1.4434,-0.3624,9.7606,0.0221,0.0181,9.8065,-0.0124,0.0381,-0.0764,-21.19,-29.56,31.38,294.02,-87.08,150.3
52.37148,-1.517149,135.73,10.56,3,134.14,21 / 21,704529,2019-09-06 18:27:51:211,1.6693,0.7718,10.437,-0.0028,0.0172,9.8065,-0.0841,0.1364,-0.0576,-21.37,-29.12,31.56,289.17,-86.78,144.78
52.37148,-1.517149,135.73,10.56,3,134.14,21 / 21,704628,2019-09-06 18:27:51:310,2.1559,-1.6936,9.6478,-0.0318,0.018,9.8065,0.0935,0.0879,0.0237,-21.69,-28.62,30.69,287.91,-86.9,145.56
52.37148,-1.517149,135.73,10.56,3,134.14,21 / 21,704729,2019-09-06 18:27:51:411,2.207,-1.1258,9.1256,0.0026,-0.0037,9.8066,-0.0485,0.1512,-0.075,-21.5,-29.56,31.25,292.52,-86.79,149.04
52.37148,-1.517149,135.73,10.56,3,134.14,21 / 21,704828,2019-09-06 18:27:51:510,0.9936,-0.2159,9.1688,-0.0058,-0.001,9.8066,-0.0157,0.1075,0.0693,-21.37,-29.5,30.75,293.03,-86.84,149.43
52.37148,-1.517149,135.73,10.56,3,134.14,21 / 21,704929,2019-09-06 18:27:51:611,1.5975,0.1143,9.7903,-0.0032,0.0132,9.8066,-0.0608,0.1598,-0.0194,-21.94,-29.31,29.69,287.99,-87.13,146.39
52.37148,-1.517149,135.73,10.56,3,134.14,21 / 21,705029,2019-09-06 18:27:51:711,1.7269,-0.6049,10.0984,0.0023,0.0098,9.8066,-0.0027,0.1625,-0.0654,-22.25,-29.25,28.69,282.97,-87.3,142.27
52.37148,-1.517149,135.73,10.56,3,134.14,21 / 21,705129,2019-09-06 18:27:51:811,1.7939,-0.1684,10.0336,0.0015,-0.0053,9.8066,0.0685,0.128,0.0066,-22.69,-29,28.44,278.97,-87.19,140.6
52.37148,-1.517149,135.73,10.56,3,134.14,21 / 21,705229,2019-09-06 18:27:51:911,2.0406,-1.2089,9.9194,0.011,-0.0188,9.8066,0.0571,0.0406,0.0574,-23.19,-28.81,28.56,283.51,-87.06,144.19
52.37148,-1.517149,135.73,10.56,3,134.14,21 / 21,705329,2019-09-06 18:27:52:011,1.3131,0.2169,9.8436,-0.0077,0.0014,9.8066,-0.0809,0.1103,0.011,-23.94,-29.25,28.88,284.17,-87.06,145.99
52.37148,-1.517149,135.73,10.56,3,134.14,20 / 20,705428,2019-09-06 18:27:52:110,0.9624,-0.898,9.6137,-0.0015,0.0169,9.8066,-0.0652,0.1332,-0.0967,-23.56,-28.75,29.75,282.69,-87.14,143.47
52.37148,-1.517149,135.73,10.56,3,134.14,20 / 20,705528,2019-09-06 18:27:52:210,1.7661,-0.2211,9.6416,0.0003,0.0357,9.8065,-0.0405,0.1268,-0.0946,-23.62,-29.12,29,271.55,-87.24,133.29
52.37148,-1.517149,135.73,10.56,3,134.14,20 / 20,705628,2019-09-06 18:27:52:310,3.2376,-0.3288,10.0373,0.0043,0.0047,9.8066,-0.0389,0.0637,0.01,-23,-29.87,28.81,271.73,-87.13,132.48
52.37148,-1.517149,135.73,10.56,3,134.14,20 / 20,705728,2019-09-06 18:27:52:410,0.989,-0.4594,10.5492,0.014,-0.0102,9.8066,-0.0092,0.0976,-0.0261,-22.87,-29.81,28.88,267.98,-86.96,128.86
52.37148,-1.517149,135.73,10.56,3,134.14,20 / 20,705829,2019-09-06 18:27:52:511,2.8747,0.0023,10.0993,0.0181,-0.0065,9.8066,-0.0224,0.1486,-0.059,-22.62,-29.94,28.5,270.01,-86.66,131.14
52.37148,-1.517149,135.73,10.56,3,134.14,20 / 20,705929,2019-09-06 18:27:52:611,2.1908,-1.8722,9.0534,0.006,-0.0144,9.8066,-0.0458,0.0916,-0.0474,-22.56,-30.06,28.75,273.33,-86.58,134.52
52.37148,-1.517149,135.73,10.56,3,134.14,20 / 20,706029,2019-09-06 18:27:52:711,1.6754,-0.1591,10.3004,-0.0047,0.0131,9.8066,-0.0872,0.0633,0.0341,-22.69,-29.56,28.44,269.91,-86.64,132.1
52.37148,-1.517149,135.73,10.56,3,134.14,20 / 20,706129,2019-09-06 18:27:52:811,1.0891,-1.1371,9.2261,-0.0068,0.0159,9.8066,-0.0147,0.0032,0.0208,-23.19,-29.44,27.75,267.68,-86.83,129.62
52.37148,-1.517149,135.73,10.56,3,134.14,20 / 20,706229,2019-09-06 18:27:52:911,1.057,-0.8391,8.9024,0.0119,-0.0122,9.8066,0.0373,0.1174,0.0065,-23.25,-30.12,27.94,265.83,-86.76,127.9
52.37148,-1.517149,135.73,10.56,3,134.14,20 / 20,706328,2019-09-06 18:27:53:010,1.251,-0.0458,10.0193,-0.0155,0.0122,9.8065,0.0447,0.0169,0.1148,-23.94,-29.62,28,267.47,-86.71,130.75
52.37148,-1.517149,135.73,10.56,3,134.14,19 / 19,706429,2019-09-06 18:27:53:111,0.8492,-1.3704,9.6735,-0.0249,0.0035,9.8066,0.0623,-0.0249,-0.0187,-23.62,-29.81,27.81,267.12,-86.92,130.22
52.37148,-1.517149,135.73,10.56,3,134.14,19 / 19,706529,2019-09-06 18:27:53:211,2.2401,-2.1085,8.6932,0.0031,-0.0147,9.8066,0.0031,-0.0333,0.0449,-23.56,-29.69,27.94,272.63,-86.78,135.85
52.37148,-1.517149,135.73,10.56,3,134.14,19 / 19,706629,2019-09-06 18:27:53:311,0.8039,-0.6568,10.3167,0.0007,-0.0013,9.8066,-0.0379,-0.0327,-0.0237,-23.37,-29.44,27.38,271.68,-86.85,134.68
52.37148,-1.517149,135.73,10.56,3,134.14,19 / 19,706729,2019-09-06 18:27:53:411,0.6095,-0.7053,9.9696,-0.0204,0.0071,9.8066,-0.0482,0.0715,0.0107,-24.06,-29.94,27,272.05,-87.12,136.08
52.37148,-1.517149,135.73,10.56,3,134.14,19 / 19,706829,2019-09-06 18:27:53:511,0.7741,-0.481,10.4882,-0.0106,0.0053,9.8066,-0.0118,-0.0124,0.0009,-23.94,-30.5,28.38,271.02,-87.3,133.81
52.37148,-1.517149,135.73,10.56,3,134.14,19 / 19,706928,2019-09-06 18:27:53:610,1.2474,-0.7582,9.9616,0.0076,-0.0056,9.8066,-0.0517,0.0467,-0.113,-24.31,-30.06,26.88,268.62,-87.38,132.43
52.37148,-1.517149,135.73,10.56,3,134.14,19 / 19,707029,2019-09-06 18:27:53:711,2.5082,-2.0111,9.407,0.0058,-0.0381,9.8065,0.0606,0.0357,0.0872,-24.06,-29.44,27.5,275.81,-87.36,138.48
52.37148,-1.517149,135.73,10.56,3,134.14,19 / 19,707129,2019-09-06 18:27:53:811,-0.2435,-1.7329,10.0775,-0.0025,-0.0103,9.8066,-0.0358,-0.0837,-0.0249,-24.5,-29.81,27.38,278.01,-87.5,141.7
52.37148,-1.517149,135.73,10.56,3,134.14,19 / 19,707229,2019-09-06 18:27:53:911,0.5111,1.0087,9.0901,-0.0216,0.009,9.8066,-0.0007,0.0034,0.0871,-24,-29.87,27.5,275.58,-87.68,138.06
52.37148,-1.517149,135.73,10.56,3,134.14,19 / 19,707329,2019-09-06 18:27:54:011,-0.1272,-1.7896,9.2757,-0.0145,-0.0134,9.8065,0.0213,-0.0321,0.1338,-24.12,-29.94,27.13,279.78,-88.02,143.05
52.37148,-1.517149,135.73,10.56,3,134.14,21 / 21,707429,2019-09-06 18:27:54:111,1.2744,-1.006,10.0747,-0.0148,-0.0016,9.8066,0.0234,-0.0424,-0.0322,-24.44,-30.19,27.31,276.71,-88.32,139.73
52.37148,-1.517149,135.73,10.56,3,134.14,21 / 21,707529,2019-09-06 18:27:54:211,-0.2232,-1.3822,9.7861,-0.02,-0.0156,9.8066,-0.0178,-0.1543,0.0513,-24.69,-29.56,27.25,284.45,-88.36,148.54
52.37148,-1.517149,135.73,10.56,3,134.14,21 / 21,707628,2019-09-06 18:27:54:310,1.0768,-1.3728,9.8087,-0.0139,-0.0272,9.8065,0.0415,-0.0368,0.147,-25.31,-29.75,27.31,297.94,-88.45,161.86
52.37148,-1.517149,135.73,10.56,3,134.14,21 / 21,707729,2019-09-06 18:27:54:411,-0.3246,-1.1462,10.867,-0.0058,0.0073,9.8066,-0.0136,0.0157,0.0523,-24.81,-29.81,27,311.38,-88.52,175.09
52.37148,-1.517149,135.73,10.56,3,134.14,21 / 21,707829,2019-09-06 18:27:54:511,0.6102,-1.2968,8.7042,-0.0108,0.0181,9.8066,0.019,-0.0014,-0.0765,-24.69,-30,26.63,307.86,-88.62,171.55
52.37148,-1.517149,135.73,10.56,3,134.14,21 / 21,707929,2019-09-06 18:27:54:611,0.7338,-0.763,9.8665,-0.0322,0.0171,9.8065,-0.1041,-0.0861,0.0239,-25,-30.12,27.5,311.63,-88.78,174.13
52.37148,-1.517149,135.73,10.56,3,134.14,21 / 21,708029,2019-09-06 18:27:54:711,1.2701,-1.4366,9.991,-0.0339,0.0081,9.8065,0.0488,-0.0417,0.0432,-24.75,-29.44,27.25,322.66,-89.04,-174.08
52.37148,-1.517149,135.73,10.56,3,134.14,21 / 21,708129,2019-09-06 18:27:54:811,2.0439,-1.7821,9.4476,-0.015,-0.0111,9.8066,0.0357,-0.0111,0.0156,-25.62,-30.37,27.56,326.26,-88.95,-170.4
52.37148,-1.517149,135.73,10.56,3,134.14,21 / 21,708229,2019-09-06 18:27:54:911,0.0491,-1.3727,9.8002,-0.0076,-0.0378,9.8065,-0.0218,0.0049,0.0732,-25.62,-29.31,26.81,343.43,-88.63,-152.34
52.37148,-1.517149,135.73,10.56,3,134.14,21 / 21,708329,2019-09-06 18:27:55:011,-0.1504,-1.7492,10.1431,0.0029,-0.0189,9.8066,0.1236,-0.075,0.0634,-25.37,-29.37,27.13,349.61,-88.33,-147.35
52.37148,-1.517149,135.73,10.56,3,134.14,21 / 21,708428,2019-09-06 18:27:55:110,1.6385,-2.3492,10.1905,-0.0051,-0.0074,9.8066,0.0103,-0.1026,0.0188,-25.06,-29.12,27.5,353.03,-88.34,-145.05
52.37148,-1.517149,135.73,10.56,3,134.14,21 / 21,708528,2019-09-06 18:27:55:210,1.0857,-1.1172,9.6957,-0.0017,-0.007,9.8066,-0.0269,-0.0002,-0.039,-25.87,-29.56,27.56,353.32,-88.28,-143.64
52.37148,-1.517149,135.73,10.56,3,134.14,21 / 21,708628,2019-09-06 18:27:55:310,1.4481,-0.6731,9.3843,-0.0015,-0.0125,9.8066,-0.059,0.0361,-0.051,-25.81,-29.37,27.06,356.51,-88.21,-139.48
52.37148,-1.517149,135.73,10.56,3,134.14,21 / 21,708729,2019-09-06 18:27:55:411,-0.8263,-1.5533,9.8254,-0.0087,-0.0048,9.8065,0.0207,-0.0869,0.0834,-25.87,-29.5,27.25,358.94,-88.32,-137.11
52.37148,-1.517149,135.73,10.56,3,134.14,21 / 21,708829,2019-09-06 18:27:55:511,0.812,-0.6978,9.859,0.0215,-0.0157,9.8066,0.0298,-0.0416,0.0075,-25.62,-28.81,27.88,357.08,-88.3,-139.98
52.37148,-1.517149,135.73,10.56,3,134.14,21 / 21,708929,2019-09-06 18:27:55:611,1.8706,-0.8981,9.2525,-0.0163,0.015,9.8066,0.0228,0.0276,-0.0104,-25.56,-29.87,28,357.05,-88.23,-140
52.37148,-1.517149,135.73,10.56,3,134.14,21 / 21,709028,2019-09-06 18:27:55:710,-0.3065,-1.4841,9.1469,-0.025,0.0054,9.8065,-0.0021,-0.0703,0.0666,-25.25,-29.44,26.94,0.52,-88.23,-136.7
52.37148,-1.517149,135.73,10.56,3,134.14,21 / 21,709128,2019-09-06 18:27:55:810,3.7635,0.2002,9.5284,0.0007,0.0198,9.8066,0.0412,0.1898,-0.0978,-24.56,-29.94,27.63,9.3,-88.52,-129.13
52.37148,-1.517149,135.73,10.56,3,134.14,21 / 21,709229,2019-09-06 18:27:55:911,0.2899,-0.1766,9.0817,0.0103,-0.0126,9.8066,-0.1138,0.0549,-0.0783,-24.19,-29.31,27.63,12.23,-88.38,-127.45
52.37148,-1.517149,135.73,10.56,3,134.14,21 / 21,709329,2019-09-06 18:27:56:011,-0.294,-1.0057,10.6731,0.0107,-0.0281,9.8065,0.0244,-0.1278,0.1088,-24.87,-29.37,28.13,10.73,-88.35,-127.75
52.37148,-1.517149,135.73,10.56,3,134.14,19 / 20,709429,2019-09-06 18:27:56:111,1.8393,-0.3812,9.4238,0.0092,0.0035,9.8066,-0.1598,-0.2035,0.0216,-25.5,-29.25,28.06,5.46,-88.14,-132.92
52.37148,-1.517149,135.73,10.56,3,134.14,19 / 20,709529,2019-09-06 18:27:56:211,0.6753,-2.2394,9.4407,0.0156,-0.0514,9.8064,0.1195,0.069,0.066,-25.56,-29.31,26.81,6.29,-87.94,-129.97
52.37148,-1.517149,135.73,10.56,3,134.14,19 / 20,709628,2019-09-06 18:27:56:310,0.7222,0.4668,10.8716,-0.0673,-0.0003,9.8063,0.1251,0.0342,0.0021,-25.94,-29,27.13,10.88,-87.99,-125.5
52.37148,-1.517149,135.73,10.56,3,134.14,19 / 20,709728,2019-09-06 18:27:56:410,1.62,-1.0562,10.023,-0.0157,0.0222,9.8065,0.1149,-0.0354,-0.0026,-26.31,-29.31,27.38,18.07,-87.68,-118.58
52.37148,-1.517149,135.73,10.56,3,134.14,19 / 20,709829,2019-09-06 18:27:56:511,-0.3775,-1.6745,10.1777,0.015,-0.0229,9.8066,-0.0239,-0.0037,-0.0494,-25.75,-29.12,27.63,11.31,-87.33,-126.22
52.37148,-1.517149,135.73,10.56,3,134.14,19 / 20,709930,2019-09-06 18:27:56:612,1.5051,-0.6208,9.7703,0.0052,0.019,9.8066,-0.0101,-0.0002,-0.0115,-25.94,-29.31,27.94,9.22,-87.52,-128.21
52.37148,-1.517149,135.73,10.56,3,134.14,19 / 20,710029,2019-09-06 18:27:56:711,0.6478,-1.7317,10.6775,-0.0002,-0.0017,9.8066,0.0488,0.0183,-0.0526,-26.12,-29.44,26.94,5.94,-87.44,-130.35
52.37148,-1.517149,135.73,10.56,3,134.14,19 / 20,710131,2019-09-06 18:27:56:813,0.8272,-0.4253,10.3009,0.0174,-0.0287,9.8066,0.0785,-0.0433,0.0212,-25.37,-28.62,27.44,6.06,-87.38,-131.37
52.37148,-1.517149,135.73,10.56,3,134.14,19 / 20,710229,2019-09-06 18:27:56:911,0.6582,-0.631,10.1848,-0.0017,-0.0163,9.8066,0.039,-0.099,0.0578,-25.62,-29.06,27.44,6.47,-87.22,-129.86
52.37148,-1.517149,135.73,10.56,3,134.14,19 / 20,710329,2019-09-06 18:27:57:011,0.0488,-0.3971,9.9135,-0.007,-0.0191,9.8065,-0.1018,0.0124,-0.0151,-26,-29.12,27.88,6.38,-86.75,-131.02
52.370888,-1.516033,134.2,15.49,3,129.67,18 / 19,710429,2019-09-06 18:27:57:111,0.2171,-2.1971,10.3153,-0.0024,-0.0319,9.8066,-0.0269,0.0323,0.0022,-25.81,-29.06,28.25,6.82,-86.71,-130.61
52.370888,-1.516033,134.2,15.49,3,129.67,18 / 19,710528,2019-09-06 18:27:57:210,0.1273,-0.7673,10.7212,0.0116,-0.0106,9.8066,0.0131,-0.0495,0.0022,-26.56,-28.87,27.75,5.9,-86.43,-130.42
52.370888,-1.516033,134.2,15.49,3,129.67,18 / 19,710628,2019-09-06 18:27:57:310,0.372,-0.3807,9.1336,-0.0075,0.0213,9.8065,-0.0976,-0.0238,-0.0709,-26.19,-28.81,28.13,5.49,-86.37,-131.91
52.370888,-1.516033,134.2,15.49,3,129.67,18 / 19,710728,2019-09-06 18:27:57:410,0.681,-0.7871,8.8741,-0.0198,0.0233,9.8065,0.0629,-0.0328,-0.0437,-26.25,-29.19,27.94,6.33,-86.54,-131.09
52.370888,-1.516033,134.2,15.49,3,129.67,18 / 19,710829,2019-09-06 18:27:57:511,0.8604,0.5326,9.9787,-0.0059,-0.0117,9.8066,-0.0211,-0.0658,0.1166,-26,-28.75,28.25,8.65,-86.65,-128.87
52.370888,-1.516033,134.2,15.49,3,129.67,18 / 19,710928,2019-09-06 18:27:57:610,0.0746,-0.3898,9.5026,-0.0084,0.0142,9.8066,-0.1144,0.0206,-0.0471,-26.12,-29.44,28.38,10.27,-86.71,-127.31
52.370888,-1.516033,134.2,15.49,3,129.67,18 / 19,711029,2019-09-06 18:27:57:711,-0.7,-0.1905,10.4351,0.0091,-0.0246,9.8066,0.0591,-0.0479,0.0505,-26.31,-28.37,27.81,10.37,-86.5,-127.23
52.370888,-1.516033,134.2,15.49,3,129.67,18 / 19,711128,2019-09-06 18:27:57:810,-0.1661,0.1499,11.0063,0.0175,-0.0065,9.8066,-0.0747,-0.0108,-0.0561,-25.62,-28.56,27.94,9.46,-86.51,-128.12
52.370888,-1.516033,134.2,15.49,3,129.67,18 / 19,711229,2019-09-06 18:27:57:911,-0.6841,-0.333,9.4444,0.0168,-0.0069,9.8065,-0.0183,-0.0663,0.0152,-26.31,-29.62,28.75,8.24,-86.5,-130.28
52.370888,-1.516033,134.2,15.49,3,129.67,18 / 19,711328,2019-09-06 18:27:58:010,0.7543,-0.989,8.869,0.0109,0.0003,9.8066,-0.0722,-0.0752,-0.0242,-25.75,-29.44,28.44,3.01,-86.59,-134.25
52.370888,-1.516033,134.2,15.49,3,129.67,19 / 20,711429,2019-09-06 18:27:58:111,0.167,-0.1339,10.3283,-0.0395,0.0056,9.8066,0.0331,-0.0697,0.1321,-26.31,-29.31,28.75,10.65,-86.48,-127.98
52.370888,-1.516033,134.2,15.49,3,129.67,19 / 20,711529,2019-09-06 18:27:58:211,-0.1966,-1.3901,9.897,-0.0532,0.019,9.8064,0.0003,0.0305,-0.051,-26.19,-28.75,29.25,14.77,-86.28,-124.09
52.370888,-1.516033,134.2,15.49,3,129.67,19 / 20,711628,2019-09-06 18:27:58:310,1.0392,-1.7584,9.9274,0.0477,-0.0573,9.8063,0.1332,0.0002,0.0258,-26.44,-28.44,28.63,9.35,-85.81,-129.29
52.370888,-1.516033,134.2,15.49,3,129.67,19 / 20,711729,2019-09-06 18:27:58:411,-0.1278,-0.9892,9.8445,0.0163,0.0023,9.8065,0.0076,0.0037,-0.0158,-25.87,-28.56,28,8.58,-85.91,-129.03
52.370888,-1.516033,134.2,15.49,3,129.67,19 / 20,711829,2019-09-06 18:27:58:511,0.4638,1.16,8.5327,-0.0251,0.0386,9.8065,-0.0933,0.0902,-0.0164,-25.94,-29.12,28.69,9.38,-85.87,-129.27
52.370888,-1.516033,134.2,15.49,3,129.67,19 / 20,711929,2019-09-06 18:27:58:611,-0.1938,-0.6963,10.3589,0.0004,-0.0056,9.8066,0.0706,-0.0051,-0.0087,-26.62,-29.06,29.06,10.27,-85.95,-127.33
52.370888,-1.516033,134.2,15.49,3,129.67,19 / 20,712028,2019-09-06 18:27:58:710,0.2579,-0.7571,9.5782,0.0114,-0.0193,9.8066,0.0989,-0.0437,-0.0182,-26.44,-28.87,28.31,7.84,-85.75,-129.74
52.370888,-1.516033,134.2,15.49,3,129.67,19 / 20,712128,2019-09-06 18:27:58:810,-0.4182,-1.0712,10.8587,0.0202,-0.0253,9.8066,-0.0076,-0.0669,-0.0089,-26,-29.06,28.81,6.85,-85.66,-131.67
52.370888,-1.516033,134.2,15.49,3,129.67,19 / 20,712229,2019-09-06 18:27:58:911,-0.9675,0.1176,9.07,-0.02,0.0173,9.8065,0.0071,-0.0103,0.0172,-26.31,-28.75,29.13,9.34,-85.82,-129.31
52.370888,-1.516033,134.2,15.49,3,129.67,19 / 20,712329,2019-09-06 18:27:59:011,0.1306,0.3864,8.5362,-0.0124,0.0041,9.8066,-0.1819,-0.024,0.0395,-26.56,-29.62,29.13,9.27,-85.78,-128.31
52.370888,-1.516033,134.2,15.49,3,129.67,20 / 20,712429,2019-09-06 18:27:59:111,-1.2328,-0.0581,10.3953,0.0168,-0.0598,9.8064,0.0031,-0.038,0.0188,-26.25,-28.75,28.06,15.39,-85.81,-122.61
52.370888,-1.516033,134.2,15.49,3,129.67,20 / 20,712529,2019-09-06 18:27:59:211,-0.8697,-1.3317,10.6075,0.0357,-0.0349,9.8065,-0.0194,-0.0634,0.0106,-26.69,-28.81,29.44,12.77,-85.43,-125.06
52.370888,-1.516033,134.2,15.49,3,129.67,20 / 20,712628,2019-09-06 18:27:59:310,-1.2211,-0.0072,10.3502,0.0217,0.0507,9.8064,-0.2019,-0.0698,-0.116,-26.31,-28.94,29.69,9.11,-85.76,-130.49
52.370888,-1.516033,134.2,15.49,3,129.67,20 / 20,712728,2019-09-06 18:27:59:410,-0.3468,-0.109,9.7968,0.0123,-0.0017,9.8065,0.1941,0.0945,-0.0697,-25.25,-29,29.19,3.84,-85.81,-135.62
52.370888,-1.516033,134.2,15.49,3,129.67,20 / 20,712829,2019-09-06 18:27:59:511,1.4684,-1.294,10.169,-0.0209,0.0364,9.8065,-0.0859,-0.0245,0.0465,-25.06,-28.75,29.63,7.32,-86.07,-133.26
52.370888,-1.516033,134.2,15.49,3,129.67,20 / 20,712928,2019-09-06 18:27:59:610,-0.609,0.7626,9.5475,-0.037,0.0326,9.8065,-0.0727,0.0375,-0.0322,-25.31,-28.25,28.63,8.36,-86.08,-131.31
52.370888,-1.516033,134.2,15.49,3,129.67,20 / 20,713029,2019-09-06 18:27:59:711,-0.2798,-1.1138,9.9144,0.0328,-0.0291,9.8065,0.0775,-0.0792,0.0003,-25.44,-28.94,29.13,7.74,-86.07,-131.92
52.370888,-1.516033,134.2,15.49,3,129.67,20 / 20,713129,2019-09-06 18:27:59:811,1.0099,0.2245,8.4615,0.0042,0.0176,9.8066,-0.2232,-0.0813,-0.0003,-25.37,-28.87,28.81,4.58,-86.01,-134.91
52.370888,-1.516033,134.2,15.49,3,129.67,20 / 20,713229,2019-09-06 18:27:59:911,-0.1487,-1.2961,9.8706,0.0452,-0.0488,9.8064,0.0496,-0.0008,-0.0617,-25.62,-28.62,29.44,0.11,-85.8,-138.02
52.370888,-1.516033,134.2,15.49,3,129.67,20 / 20,713329,2019-09-06 18:28:00:011,-0.2477,0.7397,10.2811,0.0086,0.0112,9.8066,0.1245,-0.0577,-0.0008,-25.19,-29,29,0.26,-86.11,-138.99
52.370888,-1.516033,134.2,15.49,3,129.67,20 / 20,713428,2019-09-06 18:28:00:110,-0.3721,0.204,10.3309,-0.0205,0.0473,9.8065,0.0376,-0.0287,-0.0843,-24.94,-29.44,29.38,358.65,-86.29,-140.51
52.370888,-1.516033,134.2,15.49,3,129.67,20 / 20,713528,2019-09-06 18:28:00:210,1.8015,-1.357,9.0733,-0.0009,0.0154,9.8066,0.0751,-0.0099,-0.0308,-25.19,-29.69,28.94,355.01,-86.4,-143.97
52.370888,-1.516033,134.2,15.49,3,129.67,20 / 20,713629,2019-09-06 18:28:00:311,-1.836,-0.7905,10.2776,-0.0369,0.0475,9.8064,0.1144,-0.1599,0.187,-24.94,-29.25,29.13,357.52,-86.63,-141.6
52.370888,-1.516033,134.2,15.49,3,129.67,20 / 20,713728,2019-09-06 18:28:00:410,-1.3989,1.9528,10.9238,0.0107,-0.0199,9.8066,0.1242,-0.0897,0.0978,-25.31,-29.37,29.63,3.23,-86.37,-137.13
52.370888,-1.516033,134.2,15.49,3,129.67,20 / 20,713828,2019-09-06 18:28:00:510,-0.0757,1.3002,9.0613,0.0077,-0.0181,9.8066,0.1116,-0.028,-0.0031,-24.75,-29,30,1.92,-86.11,-138.38
52.370888,-1.516033,134.2,15.49,3,129.67,20 / 20,713928,2019-09-06 18:28:00:610,-0.1105,-1.2692,9.8912,0.0126,-0.0406,9.8065,-0.1681,-0.0289,-0.052,-25.12,-29.31,30.06,1.6,-85.89,-138.68
52.370888,-1.516033,134.2,15.49,3,129.67,20 / 20,714029,2019-09-06 18:28:00:711,-0.6838,-0.8808,9.3594,0.0339,-0.0147,9.8065,-0.1165,-0.0023,0.0368,-24.44,-29.44,29.56,2.41,-85.83,-139.07
52.370888,-1.516033,134.2,15.49,3,129.67,20 / 20,714128,2019-09-06 18:28:00:810,-2.8906,-0.154,9.6394,-0.0345,0.0343,9.8065,-0.048,-0.123,0.0333,-25,-29.5,29.31,5.89,-86.25,-133.65
52.370888,-1.516033,134.2,15.49,3,129.67,20 / 20,714229,2019-09-06 18:28:00:911,-1.0112,1.652,9.9896,-0.0043,0.0227,9.8065,-0.0766,0.0336,-0.1544,-24.56,-29.12,28.88,4.58,-86.32,-134.89
52.370888,-1.516033,134.2,15.49,3,129.67,20 / 20,714329,2019-09-06 18:28:01:011,0.6868,-0.8566,10.0564,0.0228,-0.0136,9.8066,0.1074,0.0151,-0.0245,-24.69,-29,29,356.93,-86.3,-142.15
52.370888,-1.516033,134.2,15.49,3,129.67,20 / 20,714428,2019-09-06 18:28:01:110,0.7608,-2.0904,10.4085,0.0113,0.0107,9.8066,0.0775,-0.1669,0.0132,-24.31,-29.25,29.5,356.13,-86.2,-145.01
52.370888,-1.516033,134.2,15.49,3,129.67,20 / 20,714529,2019-09-06 18:28:01:211,0.4694,-1.171,9.255,0.0414,-0.0326,9.8065,-0.1297,-0.0171,-0.0452,-24.5,-29.69,29,354.59,-86.44,-145.52
52.370888,-1.516033,134.2,15.49,3,129.67,20 / 20,714629,2019-09-06 18:28:01:311,-0.3316,0.6891,9.5244,-0.0186,0.0069,9.8066,-0.071,0.0039,-0.0172,-24.37,-29.69,29.38,355.54,-86.56,-144.63
52.370888,-1.516033,134.2,15.49,3,129.67,20 / 20,714729,2019-09-06 18:28:01:411,-0.3845,0.8209,10.2417,-0.0081,-0.0092,9.8066,-0.0322,-0.0414,0.0296,-24.31,-30.19,29.94,0.42,-86.67,-140.94
52.370888,-1.516033,134.2,15.49,3,129.67,20 / 20,714828,2019-09-06 18:28:01:510,-1.2537,-0.2808,9.6537,0.0206,-0.026,9.8066,-0.0411,-0.1181,0.0758,-24.19,-29.5,30.06,359.64,-86.46,-141.68
52.370888,-1.516033,134.2,15.49,3,129.67,20 / 20,714928,2019-09-06 18:28:01:610,-0.9346,0.1763,9.3441,-0.0007,0.0289,9.8065,-0.0193,-0.1288,-0.0403,-24.12,-28.5,29.75,356.58,-86.09,-144.58
52.370888,-1.516033,134.2,15.49,3,129.67,20 / 20,715029,2019-09-06 18:28:01:711,-0.7505,-0.8641,9.2536,0.0206,0.0164,9.8066,-0.0921,-0.0324,-0.0537,-23.56,-29.44,28.94,348.86,-86.2,-150.94
52.370888,-1.516033,134.2,15.49,3,129.67,20 / 20,715128,2019-09-06 18:28:01:810,0.6617,-0.2952,9.9657,0.0083,0.0199,9.8065,0.0656,0.0083,-0.1621,-23.25,-29.62,29.44,341.59,-86.37,-159.03
52.370888,-1.516033,134.2,15.49,3,129.67,20 / 20,715229,2019-09-06 18:28:01:911,-1.3596,0.071,11.7131,-0.0222,0.0808,9.8062,-0.0906,0.0176,-0.0607,-23.25,-30.19,30,339.36,-86.84,-162.25
52.370888,-1.516033,134.2,15.49,3,129.67,20 / 20,715328,2019-09-06 18:28:02:010,-0.4803,-0.8811,8.1708,0.0251,0.0052,9.8066,0.1546,-0.0378,0.0239,-23.56,-30.62,29.94,333.57,-86.82,-166.59
52.370888,-1.516033,134.2,15.49,3,129.67,20 / 21,715428,2019-09-06 18:28:02:110,1.9902,0.2031,9.6957,-0.0128,-0.0138,9.8065,0.1173,0.1165,0.0422,-22.62,-30.5,30.38,336.2,-86.98,-165.33
52.370888,-1.516033,134.2,15.49,3,129.67,20 / 21,715529,2019-09-06 18:28:02:211,-0.6967,-0.3622,10.1719,-0.0073,-0.0627,9.8063,-0.2265,0.0385,0.0651,-23,-29.94,29.69,344.1,-87.24,-157.81
52.370888,-1.516033,134.2,15.49,3,129.67,20 / 21,715629,2019-09-06 18:28:02:311,-0.527,1.6257,10.2522,-0.0034,-0.0687,9.8063,-0.0305,-0.0605,0.1279,-23.81,-29.62,29.75,353.42,-86.7,-147.62
52.370888,-1.516033,134.2,15.49,3,129.67,20 / 21,715729,2019-09-06 18:28:02:411,-0.8158,-0.0704,9.9117,-0.0296,-0.0239,9.8065,0.0326,-0.1161,0.1572,-23.69,-28.87,30,4.06,-86.11,-137.5
52.370888,-1.516033,134.2,15.49,3,129.67,20 / 21,715828,2019-09-06 18:28:02:510,-0.5556,0.4592,11.468,0.0083,-0.0531,9.8064,-0.0004,-0.0189,0.0308,-24.37,-29,30.13,5.45,-85.51,-136.23
52.370888,-1.516033,134.2,15.49,3,129.67,20 / 21,715928,2019-09-06 18:28:02:610,-1.7257,0.4911,9.7687,0.0182,0.0077,9.8066,0.0711,-0.0176,-0.0291,-23.94,-28.87,30.13,2.72,-85.47,-138.79
52.370888,-1.516033,134.2,15.49,3,129.67,20 / 21,716029,2019-09-06 18:28:02:711,-1.4842,0.2292,9.1331,0.0018,0.0184,9.8066,-0.1012,-0.0204,-0.0591,-23.31,-29.06,30.38,1.05,-85.6,-141.54
52.370888,-1.516033,134.2,15.49,3,129.67,20 / 21,716129,2019-09-06 18:28:02:811,-1.1133,1.1447,9.8204,0.0045,0.004,9.8065,-0.0707,0.0491,-0.0966,-23.56,-29,30.25,357.79,-85.91,-143.43
52.370888,-1.516033,134.2,15.49,3,129.67,20 / 21,716228,2019-09-06 18:28:02:910,-1.176,1.6623,10.0039,0.0074,0.0198,9.8066,-0.0217,-0.0369,-0.0696,-22.81,-29.56,30.06,357.52,-86.2,-144.87
52.370888,-1.516033,134.2,15.49,3,129.67,20 / 21,716329,2019-09-06 18:28:03:011,0.3684,1.3791,9.8258,0.0292,-0.0118,9.8066,0.0099,-0.0062,-0.0279,-23.37,-30,30.38,351.58,-86.33,-150.5
52.370888,-1.516033,134.2,15.49,3,129.67,18 / 18,716429,2019-09-06 18:28:03:111,-1.9433,1.1355,9.2056,0.0252,-0.0068,9.8065,-0.0793,-0.1162,0.0418,-22.44,-29.44,31,351.82,-86.31,-152.4
52.370888,-1.516033,134.2,15.49,3,129.67,18 / 18,716529,2019-09-06 18:28:03:211,0.0349,0.5922,9.4687,-0.0104,0.0103,9.8066,-0.0234,-0.1021,0.0637,-22.12,-29.62,30.25,351.66,-86.27,-151.63
52.370888,-1.516033,134.2,15.49,3,129.67,18 / 18,716629,2019-09-06 18:28:03:311,-1.1005,1.5644,10.4237,-0.0163,0.0038,9.8066,-0.0125,-0.0718,0.0497,-23.25,-29.62,30.13,354.84,-86.36,-147.41
52.370888,-1.516033,134.2,15.49,3,129.67,18 / 18,716729,2019-09-06 18:28:03:411,-1.522,1.1935,9.8906,-0.0102,0.0023,9.8066,0.0121,-0.0923,0.0399,-22.56,-29,30.88,357.47,-86.3,-145.83
52.370888,-1.516033,134.2,15.49,3,129.67,18 / 18,716828,2019-09-06 18:28:03:510,-0.655,0.7097,10.0744,-0.0014,-0.007,9.8066,0.0083,-0.0707,0.0021,-22.87,-29.06,30.69,357.91,-86.14,-145.41
52.370888,-1.516033,134.2,15.49,3,129.67,18 / 18,716929,2019-09-06 18:28:03:611,-0.9678,0.6752,9.8809,0.0057,0.006,9.8065,0.0305,-0.0496,-0.0201,-22.31,-29.44,30.38,356.69,-86.03,-146.87
52.370888,-1.516033,134.2,15.49,3,129.67,18 / 18,717029,2019-09-06 18:28:03:711,-0.4131,0.5033,10.2914,0.0042,0.0138,9.8065,0.0304,-0.0295,-0.0082,-22.31,-29.19,30.5,356.24,-86.15,-148.2
52.370888,-1.516033,134.2,15.49,3,129.67,18 / 18,717129,2019-09-06 18:28:03:811,0.2875,1.8507,9.621,0.0105,0.0085,9.8066,-0.0774,-0.0651,-0.0412,-22.37,-30.12,31.13,355.05,-86.27,-149.32
52.370888,-1.516033,134.2,15.49,3,129.67,18 / 18,717229,2019-09-06 18:28:03:911,0.7682,0.5738,10.4887,0.0186,-0.0112,9.8066,-0.0853,-0.0775,0,-22.69,-29.5,30.81,351.91,-86.29,-151.11
52.370888,-1.516033,134.2,15.49,3,129.67,18 / 18,717329,2019-09-06 18:28:04:011,-0.4391,-0.1749,10.1278,0.0024,0.0087,9.8066,0.0902,-0.1071,0.0927,-21.81,-29,30.69,352.82,-86.35,-151.45
52.370888,-1.516033,134.2,15.49,3,129.67,19 / 20,717429,2019-09-06 18:28:04:111,-0.304,0.6599,8.6297,-0.0299,0.0145,9.8065,-0.0648,-0.0128,0.044,-22.81,-28.75,30.19,352.83,-86.19,-149.31
52.370888,-1.516033,134.2,15.49,3,129.67,19 / 20,717528,2019-09-06 18:28:04:210,0.2719,0.3708,9.5887,-0.0346,-0.0019,9.8065,-0.0714,0.0077,0.0491,-22.75,-29.5,31,357.23,-86.06,-146.05
52.370888,-1.516033,134.2,15.49,3,129.67,19 / 20,717628,2019-09-06 18:28:04:310,-1.3488,0.9921,9.8164,-0.0239,0.0086,9.8066,-0.0789,-0.0254,0.0851,-23.19,-29.94,30.44,3.44,-86.08,-139.28
52.370888,-1.516033,134.2,15.49,3,129.67,19 / 20,717729,2019-09-06 18:28:04:411,0.5983,0.6268,9.4163,-0.0103,0.0078,9.8066,0.0449,0.0145,-0.0135,-23.12,-29.5,30.13,4.4,-86.08,-138.36
52.370888,-1.516033,134.2,15.49,3,129.67,19 / 20,717829,2019-09-06 18:28:04:511,-0.4839,0.8539,10.0253,-0.0013,0.011,9.8066,-0.0389,-0.0171,-0.0438,-23.5,-30.06,29.88,4.58,-85.96,-138.21
52.370888,-1.516033,134.2,15.49,3,129.67,19 / 20,717928,2019-09-06 18:28:04:610,-0.2929,0.7185,8.8978,-0.0002,0.0173,9.8066,0.0183,0.0092,-0.0004,-23.25,-29.62,30.88,5.76,-86.09,-137.99
52.370888,-1.516033,134.2,15.49,3,129.67,19 / 20,718029,2019-09-06 18:28:04:711,-0.2244,0.4854,9.8368,-0.0022,0.0116,9.8066,0.0082,0.0296,-0.013,-23.5,-29.94,31.06,4.22,-86.19,-139.43
52.370888,-1.516033,134.2,15.49,3,129.67,19 / 20,718128,2019-09-06 18:28:04:810,0.0933,0.1791,8.8879,-0.0077,0.0091,9.8066,-0.0813,0.0222,0.0553,-23.25,-30.25,30.25,5.27,-86.32,-137.53
52.370888,-1.516033,134.2,15.49,3,129.67,19 / 20,718228,2019-09-06 18:28:04:910,-1.1995,2.0641,10.0878,-0.0161,0.0097,9.8066,0.0227,-0.0113,0.0437,-22.81,-30,30.13,8.53,-86.39,-134.44
52.370888,-1.516033,134.2,15.49,3,129.67,19 / 20,718329,2019-09-06 18:28:05:011,0.2262,0.0965,10.0864,-0.0335,0.0165,9.8065,-0.0259,-0.0277,0.0293,-23.25,-29.44,30.75,11.64,-86.31,-132.37
52.370888,-1.516033,134.2,15.49,3,129.67,20 / 20,718428,2019-09-06 18:28:05:110,-0.9464,0.0998,10.0896,0.0209,-0.0314,9.8065,0.0923,-0.0814,0.0279,-23.19,-29.19,30.88,8.6,-86.02,-135.3
52.370888,-1.516033,134.2,15.49,3,129.67,20 / 20,718529,2019-09-06 18:28:05:211,0.6685,0.2931,10.1752,-0.0119,0.0051,9.8066,0.0796,0.0068,-0.0199,-22.5,-29.56,31.38,9.73,-86.01,-135.46
52.370888,-1.516033,134.2,15.49,3,129.67,20 / 20,718629,2019-09-06 18:28:05:311,-0.5493,0.2324,9.6302,0.0344,-0.0054,9.8065,0.1337,0.0036,-0.0234,-22.19,-28.87,31.06,6.57,-86.03,-138.43
52.370888,-1.516033,134.2,15.49,3,129.67,20 / 20,718728,2019-09-06 18:28:05:410,-0.9856,0.9079,9.0368,-0.0074,0.0163,9.8065,-0.1016,-0.0435,-0.006,-22.81,-29.5,30,6.28,-86.32,-136.57
52.370888,-1.516033,134.2,15.49,3,129.67,20 / 20,718828,2019-09-06 18:28:05:510,-1.6419,1.9502,10.3558,0.0117,0.0103,9.8066,0.0827,0.0179,-0.0365,-22.62,-29.81,30.75,10.17,-86.55,-133.74
52.370888,-1.516033,134.2,15.49,3,129.67,20 / 20,718928,2019-09-06 18:28:05:610,0.4708,2.152,10.4167,0.0185,0.0119,9.8065,-0.0146,0.0708,-0.0852,-22.31,-29.62,30.25,5.78,-86.82,-138.23
52.370888,-1.516033,134.2,15.49,3,129.67,20 / 20,719028,2019-09-06 18:28:05:710,-0.2099,0.3018,8.8119,0.032,-0.0101,9.8065,0.0947,-0.0062,-0.0076,-22.87,-29.75,30.31,353.46,-86.54,-148.74
52.370888,-1.516033,134.2,15.49,3,129.67,20 / 20,719129,2019-09-06 18:28:05:811,0.894,1.046,8.8121,0.0025,0.0045,9.8066,0.0455,0.0073,0.0456,-22.25,-29.31,31.13,353.53,-86.64,-150.81
52.370888,-1.516033,134.2,15.49,3,129.67,20 / 20,719228,2019-09-06 18:28:05:910,-1.0567,3.0477,10.9314,-0.0244,0.0326,9.8065,-0.0594,0.0958,-0.0093,-22.62,-29.69,30.13,356.72,-87,-145.67
52.370888,-1.516033,134.2,15.49,3,129.67,20 / 20,719328,2019-09-06 18:28:06:010,0.8785,1.5075,10.2682,0.0038,0.0159,9.8066,0.012,0.0789,-0.0234,-22.44,-29.69,29.38,358.33,-87.21,-144.42
52.37006,-1.514596,133.05,11.24,2,137.59,19 / 19,719429,2019-09-06 18:28:06:111,1.0361,1.1936,9.4971,0.0548,-0.0648,9.8062,-0.0106,0.0061,-0.015,-22.81,-29.06,30.5,351.99,-86.93,-151.1
52.37006,-1.514596,133.05,11.24,2,137.59,19 / 19,719529,2019-09-06 18:28:06:211,-0.5398,1.4884,8.5901,-0.0158,0.0193,9.8065,-0.0319,0.128,-0.0013,-23.37,-30.06,29.88,349.63,-86.7,-152.41
52.37006,-1.514596,133.05,11.24,2,137.59,19 / 19,719628,2019-09-06 18:28:06:310,0.0237,2.3808,10.0015,-0.0224,0.0244,9.8065,-0.0279,0.0473,-0.015,-23.06,-29.44,30.19,350.93,-86.89,-151.2
52.37006,-1.514596,133.05,11.24,2,137.59,19 / 19,719729,2019-09-06 18:28:06:411,-0.1486,1.581,9.7747,-0.0094,0.039,9.8066,0.1223,0.0188,0.0209,-22.5,-29.94,29.75,353.14,-87.22,-150.33
52.37006,-1.514596,133.05,11.24,2,137.59,19 / 19,719828,2019-09-06 18:28:06:510,2.7495,1.5591,10.0189,-0.0248,0.0302,9.8065,0.2277,0.2143,-0.0457,-23.19,-30.44,30.38,354.49,-87.46,-147.84
52.37006,-1.514596,133.05,11.24,2,137.59,19 / 19,719928,2019-09-06 18:28:06:610,0.4859,3.6397,9.6987,0.0069,-0.0271,9.8066,-0.1839,0.1873,0.0449,-23.31,-30.06,29.5,353.88,-87.35,-148.41
52.37006,-1.514596,133.05,11.24,2,137.59,19 / 19,720031,2019-09-06 18:28:06:713,-0.2465,1.837,9.8626,-0.0306,0.0134,9.8066,0.0117,0.2002,-0.0565,-24.25,-30.75,29.63,355.86,-87.28,-145.32
52.37006,-1.514596,133.05,11.24,2,137.59,19 / 19,720128,2019-09-06 18:28:06:810,1.874,1.9361,8.8529,-0.0224,0.0057,9.8066,-0.0275,0.1774,0.0055,-24.5,-30,29,358.55,-87.31,-141.78
52.37006,-1.514596,133.05,11.24,2,137.59,19 / 19,720229,2019-09-06 18:28:06:911,0.0405,2.473,10.1353,-0.0115,0.0018,9.8066,-0.0827,0.1093,0.1152,-24.94,-30.06,28.56,3.58,-87.3,-135.8
52.37006,-1.514596,133.05,11.24,2,137.59,19 / 19,720328,2019-09-06 18:28:07:010,1.3117,2.6919,9.441,-0.0238,-0.0051,9.8066,0.083,0.2206,0.0333,-24.62,-29.12,28.44,10.28,-87.1,-128.37
52.37006,-1.514596,133.05,11.24,2,137.59,20 / 20,720429,2019-09-06 18:28:07:111,0.7154,2.6867,9.9474,0.0036,-0.0413,9.8065,-0.0082,0.1985,-0.0054,-25.75,-29.94,28.75,11.12,-86.78,-127.5
52.37006,-1.514596,133.05,11.24,2,137.59,20 / 20,720529,2019-09-06 18:28:07:211,0.6835,2.1279,8.9927,-0.0002,-0.0074,9.8066,0.0275,0.1476,-0.0021,-25.56,-29.56,28.38,9.36,-86.59,-128.21
52.37006,-1.514596,133.05,11.24,2,137.59,20 / 20,720629,2019-09-06 18:28:07:311,1.7393,1.8579,9.4142,-0.0075,-0.0044,9.8066,-0.071,0.2624,-0.0426,-26,-29.12,27.06,10.18,-86.53,-126.39
52.37006,-1.514596,133.05,11.24,2,137.59,20 / 20,720729,2019-09-06 18:28:07:411,0.3507,1.6099,9.3379,-0.0467,0.0383,9.8064,0.0379,0.1967,0.0088,-26.5,-29.37,26.5,13.54,-86.53,-123.19
52.37006,-1.514596,133.05,11.24,2,137.59,20 / 20,720829,2019-09-06 18:28:07:511,0.903,1.3232,9.2885,-0.0462,0.0438,9.8064,0.1369,0.2431,0.0239,-26.69,-30.06,26.25,23.46,-86.85,-111.5
52.37006,-1.514596,133.05,11.24,2,137.59,20 / 20,720929,2019-09-06 18:28:07:611,1.1841,1.6926,10.0375,0.0209,-0.0322,9.8066,-0.063,0.249,-0.0278,-26.94,-29.75,26.19,22.77,-86.69,-112.21
52.37006,-1.514596,133.05,11.24,2,137.59,20 / 20,721029,2019-09-06 18:28:07:711,1.5911,1.2484,9.7812,0.0039,-0.0276,9.8066,0.0459,0.2315,0.0481,-27,-30.37,25.25,24.4,-86.66,-109.56
52.37006,-1.514596,133.05,11.24,2,137.59,20 / 20,721129,2019-09-06 18:28:07:811,1.2934,1.4883,9.7232,0.0174,-0.0144,9.8066,-0.0787,0.2181,0.0084,-27.25,-30.69,25.88,24.23,-86.54,-110.9
52.37006,-1.514596,133.05,11.24,2,137.59,20 / 20,721228,2019-09-06 18:28:07:910,0.4213,2.3235,10.4578,0.0152,-0.0109,9.8066,-0.1095,0.2414,0.0091,-27.56,-31.06,25.63,23.24,-86.54,-110.79
52.37006,-1.514596,133.05,11.24,2,137.59,20 / 20,721329,2019-09-06 18:28:08:011,0.7512,0.462,9.7653,0.0154,-0.0055,9.8065,-0.0195,0.277,-0.0419,-27.69,-29.56,25.94,24.32,-86.65,-109.68
52.37006,-1.514596,133.05,11.24,2,137.59,19 / 21,721429,2019-09-06 18:28:08:111,1.0097,2.1754,9.7752,0.0145,-0.0098,9.8066,-0.0068,0.2298,-0.0103,-28,-29.44,25.31,19.48,-86.78,-113.14
52.37006,-1.514596,133.05,11.24,2,137.59,19 / 21,721529,2019-09-06 18:28:08:211,1.4723,2.6273,9.9285,0.0224,0.0076,9.8066,-0.0362,0.2262,-0.0548,-28.06,-29.37,24.56,16.07,-86.93,-116.37
52.37006,-1.514596,133.05,11.24,2,137.59,19 / 21,721628,2019-09-06 18:28:08:310,0.9502,2.0625,9.8778,-0.0037,0.0072,9.8066,0.0177,0.2251,0.0097,-27.87,-29.44,24.94,17.2,-87.12,-115.23
52.37006,-1.514596,133.05,11.24,2,137.59,19 / 21,721728,2019-09-06 18:28:08:410,0.0868,0.6221,9.5786,0.0116,0.0026,9.8066,-0.083,0.1794,-0.0319,-28.19,-29.56,24.25,17.21,-87.24,-114.07
52.37006,-1.514596,133.05,11.24,2,137.59,19 / 21,721828,2019-09-06 18:28:08:510,0.6532,2.4255,9.5142,-0.0135,0.0093,9.8066,0.0567,0.2215,-0.0533,-28,-29.62,24.06,19.85,-87.4,-111.49
52.37006,-1.514596,133.05,11.24,2,137.59,19 / 21,721929,2019-09-06 18:28:08:611,-0.2972,0.9646,10.3706,0.0188,0.0173,9.8066,-0.0252,0.0928,0.0224,-28.69,-29.56,23.06,18.02,-87.48,-111.04
52.37006,-1.514596,133.05,11.24,2,137.59,19 / 21,722028,2019-09-06 18:28:08:710,0.3835,2.0827,9.5443,0.0104,0.0011,9.8066,-0.0339,0.2249,-0.0287,-27.56,-29.5,22.69,15.48,-87.72,-114.42
52.37006,-1.514596,133.05,11.24,2,137.59,19 / 21,722129,2019-09-06 18:28:08:811,-0.3733,2.5648,9.7189,-0.0011,0.0156,9.8066,0.1338,0.1922,-0.0141,-28.5,-30,21.88,10.75,-87.92,-117.74
52.37006,-1.514596,133.05,11.24,2,137.59,19 / 21,722228,2019-09-06 18:28:08:910,1.0708,2.1208,9.8516,0.0022,0.0176,9.8066,0.0401,0.1468,-0.0252,-28.37,-28.94,22,7.29,-88.01,-121.08
52.37006,-1.514596,133.05,11.24,2,137.59,19 / 21,722329,2019-09-06 18:28:09:011,-1.8023,0.6001,10.0274,0.0103,0.0055,9.8066,-0.0967,0.271,-0.0518,-28.69,-29.5,21.75,4.15,-88.13,-123.15
52.37006,-1.514596,133.05,11.24,2,137.59,19 / 20,722428,2019-09-06 18:28:09:110,-0.1349,2.9047,9.8821,0.0156,0.006,9.8066,-0.0302,0.2518,0.0238,-28.81,-29.81,21.94,1.42,-88.4,-125.8
52.37006,-1.514596,133.05,11.24,2,137.59,19 / 20,722530,2019-09-06 18:28:09:212,0.3478,2.1125,10.193,0.0124,-0.0133,9.8066,0.023,0.2141,-0.0386,-28.5,-29.56,21.5,358.99,-88.39,-129.14
52.37006,-1.514596,133.05,11.24,2,137.59,19 / 20,722628,2019-09-06 18:28:09:310,-0.2215,1.2787,9.9327,0.0241,0.0072,9.8065,0.0293,0.1504,0.0198,-28.94,-29.44,22,349.88,-88.33,-137.07
52.37006,-1.514596,133.05,11.24,2,137.59,19 / 20,722729,2019-09-06 18:28:09:411,-0.886,1.5768,10.14,-0.0095,0.0103,9.8066,0.0544,0.229,-0.0871,-28.62,-29.19,20.88,341.97,-88.41,-143.53
52.37006,-1.514596,133.05,11.24,2,137.59,19 / 20,722829,2019-09-06 18:28:09:511,-0.515,2.3098,10.3198,0.0118,0.014,9.8066,0.0128,0.1437,0.0008,-28.5,-29.37,21.19,335.44,-88.36,-150.85
52.37006,-1.514596,133.05,11.24,2,137.59,19 / 20,722928,2019-09-06 18:28:09:610,0.1013,2.0157,10.2748,0.0152,0.0127,9.8066,0.1117,0.2281,-0.0576,-28.75,-29.94,20.63,322.52,-88.4,-162.57
52.37006,-1.514596,133.05,11.24,2,137.59,19 / 20,723028,2019-09-06 18:28:09:710,-0.2833,1.5218,9.8092,0.0054,0.0216,9.8066,0.1119,0.1652,-0.0258,-29.19,-29.62,20.69,314.07,-88.42,-170.87
52.37006,-1.514596,133.05,11.24,2,137.59,19 / 20,723129,2019-09-06 18:28:09:811,-0.2523,1.7625,9.7057,0.012,0.0178,9.8065,-0.0068,0.2111,-0.0504,-29.19,-29.69,19.81,307.11,-88.29,-176.3
52.37006,-1.514596,133.05,11.24,2,137.59,19 / 20,723228,2019-09-06 18:28:09:910,-0.2296,1.5319,9.9914,0.0092,0.0189,9.8066,0.0513,0.2157,-0.0434,-29.56,-30.12,19.81,292.94,-88.29,170.58
52.37006,-1.514596,133.05,11.24,2,137.59,19 / 20,723329,2019-09-06 18:28:10:011,-0.8621,1.0845,10.0022,0.0107,0.0091,9.8066,-0.0235,0.2479,-0.0856,-29.12,-29.56,19.31,284.46,-88.19,162.76
52.37006,-1.514596,133.05,11.24,2,137.59,21 / 21,723429,2019-09-06 18:28:10:111,-0.6459,1.7809,10.0691,0.0176,0.0213,9.8065,0.0199,0.2341,-0.0153,-28.75,-29.19,19,275.36,-88.05,153.76
52.37006,-1.514596,133.05,11.24,2,137.59,21 / 21,723529,2019-09-06 18:28:10:211,-0.7719,2.0475,10.1267,0.0262,0.0158,9.8066,-0.0326,0.2042,-0.0861,-28.87,-30.75,18.56,266.63,-87.8,145.35
52.37006,-1.514596,133.05,11.24,2,137.59,21 / 21,723628,2019-09-06 18:28:10:310,-0.7447,2.4142,9.8545,0.0309,0.017,9.8065,-0.0557,0.2181,-0.0835,-28.56,-30,17.88,259.46,-87.56,139.74
52.37006,-1.514596,133.05,11.24,2,137.59,21 / 21,723728,2019-09-06 18:28:10:410,-0.9551,2.2925,10.1639,0.0014,0.0132,9.8066,0.0477,0.2602,-0.0194,-27.87,-30.12,17.81,255.93,-87.36,135.49
52.37006,-1.514596,133.05,11.24,2,137.59,21 / 21,723830,2019-09-06 18:28:10:512,-0.8861,1.0049,9.9839,0.0092,0.0084,9.8066,0.003,0.2478,-0.0591,-28.62,-30.87,16.69,252.29,-87.13,134.41
52.37006,-1.514596,133.05,11.24,2,137.59,21 / 21,723929,2019-09-06 18:28:10:611,-1.1684,1.6639,10.1181,0.0134,0.0099,9.8066,0.0433,0.2289,-0.0169,-28.75,-31,16.63,250.55,-86.8,132.93
52.37006,-1.514596,133.05,11.24,2,137.59,21 / 21,724029,2019-09-06 18:28:10:711,-0.9207,1.1092,9.6503,0.0042,0.0164,9.8066,-0.0155,0.2659,-0.0675,-28.44,-31.19,16.44,248.2,-86.65,131.42
52.37006,-1.514596,133.05,11.24,2,137.59,21 / 21,724129,2019-09-06 18:28:10:811,-0.8146,1.2788,9.8777,0.0132,0.0252,9.8065,0.0026,0.2654,-0.0546,-27.94,-31.06,16.25,243.76,-86.26,127.2
52.37006,-1.514596,133.05,11.24,2,137.59,21 / 21,724229,2019-09-06 18:28:10:911,-0.6715,1.3474,10.3307,0.0196,0.0183,9.8066,0.0219,0.2484,-0.0305,-27.5,-31.44,15.94,242.37,-86,125.17
52.37006,-1.514596,133.05,11.24,2,137.59,21 / 21,724329,2019-09-06 18:28:11:011,-0.8754,1.157,10.1965,0.0144,0.005,9.8066,-0.0155,0.2357,-0.0462,-27.75,-31.75,15.38,238.88,-85.75,124.3
52.37006,-1.514596,133.05,11.24,2,137.59,21 / 21,724429,2019-09-06 18:28:11:111,-0.9435,1.1717,9.9383,0.0136,0.0044,9.8066,0.0527,0.236,-0.0216,-27.37,-31.62,14.5,240.15,-85.5,125.07
52.37006,-1.514596,133.05,11.24,2,137.59,21 / 21,724528,2019-09-06 18:28:11:210,-0.2519,0.4284,9.4714,0.0182,0.0062,9.8066,0.0296,0.2608,-0.035,-27.31,-31.19,14.63,241.04,-85.23,126.1
52.37006,-1.514596,133.05,11.24,2,137.59,21 / 21,724629,2019-09-06 18:28:11:311,-0.0613,0.0425,9.5953,0.01,0.0054,9.8066,0.0368,0.2485,-0.0412,-26.69,-30.75,14.38,239.77,-85.03,126.66
52.37006,-1.514596,133.05,11.24,2,137.59,21 / 21,724729,2019-09-06 18:28:11:411,-0.0235,0.7371,9.864,0.0236,0.0137,9.8065,0.0262,0.291,-0.106,-27.12,-30.94,14.13,239.71,-84.6,126.96
52.37006,-1.514596,133.05,11.24,2,137.59,21 / 21,724829,2019-09-06 18:28:11:511,0.2291,0.5024,10.3866,0.0174,0.0246,9.8065,0.0191,0.2656,-0.073,-27.37,-31,13.56,238.72,-84.24,126.22
52.37006,-1.514596,133.05,11.24,2,137.59,21 / 21,724929,2019-09-06 18:28:11:611,0.3127,1.0599,10.1554,0.0238,0.0138,9.8065,-0.0314,0.2746,-0.0513,-27.06,-31.62,13.38,235.51,-83.93,125.01
52.37006,-1.514596,133.05,11.24,2,137.59,21 / 21,725029,2019-09-06 18:28:11:711,0.0384,0.8072,10.0203,0.0155,0.0031,9.8066,-0.0233,0.297,-0.0323,-26.56,-31.62,12.31,233.48,-83.62,124.92
52.37006,-1.514596,133.05,11.24,2,137.59,21 / 21,725129,2019-09-06 18:28:11:811,-0.2392,0.8541,10.0002,-0.0015,0.0073,9.8066,0.0187,0.2985,-0.0175,-26.12,-31.37,11.38,231.84,-83.51,124.35
52.37006,-1.514596,133.05,11.24,2,137.59,21 / 21,725228,2019-09-06 18:28:11:910,-0.3203,0.5326,10.1145,0.0123,0.0002,9.8066,-0.0037,0.3083,-0.0359,-25.81,-30.87,11.63,234.24,-83.39,125.12
52.37006,-1.514596,133.05,11.24,2,137.59,21 / 21,725328,2019-09-06 18:28:12:010,0.6102,0.529,9.8898,0.0282,-0.0008,9.8065,0.0628,0.3498,-0.0255,-26.06,-31.69,11.38,234,-83.07,127.25
52.37006,-1.514596,133.05,11.24,2,137.59,20 / 20,725429,2019-09-06 18:28:12:111,0.8434,0.212,9.9078,0.0285,0.0012,9.8066,0.1006,0.3555,-0.0435,-25.81,-31.94,10.19,233.25,-82.79,128.66
52.37006,-1.514596,133.05,11.24,2,137.59,20 / 20,725530,2019-09-06 18:28:12:212,1.1786,0.6299,10.0346,0.0492,0.0065,9.8064,-0.0238,0.3618,-0.0685,-25.31,-31.56,10.06,234.63,-82.45,129.95
52.37006,-1.514596,133.05,11.24,2,137.59,20 / 20,725629,2019-09-06 18:28:12:311,0.6944,0.7043,9.9462,0.0395,-0.0032,9.8065,0.0312,0.3817,-0.0491,-25.19,-31.56,9.13,234.12,-81.93,131.97
52.37006,-1.514596,133.05,11.24,2,137.59,20 / 20,725729,2019-09-06 18:28:12:411,0.5013,0.7083,9.8951,0.0207,0.0065,9.8065,-0.0297,0.4258,-0.0647,-24.62,-31.37,9,235.08,-81.55,133.12
52.37006,-1.514596,133.05,11.24,2,137.59,20 / 20,725828,2019-09-06 18:28:12:510,-0.111,1.1805,10.0659,0.0249,0.0022,9.8066,-0.1304,0.4217,-0.0715,-24.12,-31.75,8.5,235.59,-81.27,133.79
52.37006,-1.514596,133.05,11.24,2,137.59,20 / 20,725928,2019-09-06 18:28:12:610,1.992,0.0185,10.029,-0.0054,0.0063,9.8066,0.1238,0.416,-0.0743,-23.69,-32.5,6.94,231.81,-81.05,134.29
52.37006,-1.514596,133.05,11.24,2,137.59,20 / 20,726028,2019-09-06 18:28:12:710,2.3114,2.045,10.6806,-0.027,0.0208,9.8066,0.0696,0.4795,-0.1284,-23.31,-32.25,7,231.68,-80.76,134.12
52.37006,-1.514596,133.05,11.24,2,137.59,20 / 20,726128,2019-09-06 18:28:12:810,1.5438,1.0832,10.3943,0.0646,-0.0155,9.8064,0.0437,0.4739,-0.032,-23.06,-32.56,5.88,229.85,-80.63,134.88
52.37006,-1.514596,133.05,11.24,2,137.59,20 / 20,726229,2019-09-06 18:28:12:911,1.7727,0.5371,9.9593,0.0512,-0.0066,9.8064,0.0347,0.478,-0.0075,-22.12,-32.19,5.63,232.9,-80.23,138.3
52.37006,-1.514596,133.05,11.24,2,137.59,20 / 20,726329,2019-09-06 18:28:13:011,-0.7493,1.5601,9.9355,0.0024,-0.0255,9.8066,-0.1059,0.4783,-0.026,-22.12,-32.31,5.56,234.84,-80.21,140.54
52.37006,-1.514596,133.05,11.24,2,137.59,20 / 20,726429,2019-09-06 18:28:13:111,0.7289,1.7905,9.6657,0.0078,-0.0112,9.8065,-0.1776,0.4841,-0.0387,-21.94,-32.75,3.56,231.36,-80.18,142.09
52.37006,-1.514596,133.05,11.24,2,137.59,20 / 20,726529,2019-09-06 18:28:13:211,0.4105,0.7149,10.2689,-0.0155,-0.0059,9.8066,0.0907,0.404,-0.0059,-21.37,-32.31,3.75,232.9,-80.07,143.69
52.37006,-1.514596,133.05,11.24,2,137.59,20 / 20,726629,2019-09-06 18:28:13:311,0.6368,2.2035,10.4462,0.006,0.0184,9.8066,0.0385,0.5303,-0.1801,-20.37,-32.56,3.19,230.16,-79.82,144.11
52.37006,-1.514596,133.05,11.24,2,137.59,20 / 20,726730,2019-09-06 18:28:13:412,1.6257,2.148,9.9927,0.0569,-0.0094,9.8064,-0.0528,0.5463,-0.0497,-19,-32.62,3.38,231.08,-79.33,146.08
52.37006,-1.514596,133.05,11.24,2,137.59,20 / 20,726829,2019-09-06 18:28:13:511,0.8513,2.2291,9.8145,0.0463,-0.0046,9.8064,0.0815,0.5003,-0.0139,-19.12,-33.44,1.56,229.35,-79.22,147.16
52.37006,-1.514596,133.05,11.24,2,137.59,20 / 20,726928,2019-09-06 18:28:13:610,0.4778,2.0555,9.9498,0.0036,-0.0259,9.8065,0.0824,0.485,-0.0108,-18.37,-32.81,1.69,230.47,-79.2,149.06
52.37006,-1.514596,133.05,11.24,2,137.59,20 / 20,727029,2019-09-06 18:28:13:711,0.883,1.7696,9.392,0.0122,-0.0206,9.8065,0.0463,0.4199,-0.0189,-17.94,-32.62,1.25,229.57,-79.05,151.39
52.37006,-1.514596,133.05,11.24,2,137.59,20 / 20,727129,2019-09-06 18:28:13:811,1.7293,1.3961,10.2903,0.0331,-0.0228,9.8065,0.1795,0.5481,-0.0081,-17.75,-33,1.13,231.39,-78.89,153.87
52.37006,-1.514596,133.05,11.24,2,137.59,20 / 20,727229,2019-09-06 18:28:13:911,1.7883,0.414,10.7602,-0.0102,-0.0263,9.8066,0.1914,0.4762,0.023,-16.94,-32.87,0.5,232.65,-78.87,156.28
52.37006,-1.514596,133.05,11.24,2,137.59,20 / 20,727329,2019-09-06 18:28:14:011,0.8562,1.908,10.6519,0.0378,0.0045,9.8065,-0.1196,0.4218,-0.0184,-16.06,-32.94,0,230.36,-78.77,158.05
52.37006,-1.514596,133.05,11.24,2,137.59,20 / 20,727431,2019-09-06 18:28:14:113,0.5717,0.3654,9.7922,0.0178,-0.0214,9.8066,0.0541,0.397,-0.0487,-15.19,-33,-0.12,230.34,-78.96,158.96
52.37006,-1.514596,133.05,11.24,2,137.59,20 / 20,727530,2019-09-06 18:28:14:212,0.8472,0.2651,10.0654,0.0174,-0.0037,9.8066,0.0381,0.441,-0.017,-14.5,-33.06,-0.25,230.46,-78.82,160.81
52.37006,-1.514596,133.05,11.24,2,137.59,20 / 20,727629,2019-09-06 18:28:14:311,0.1715,-0.21,9.6151,0.0028,-0.0226,9.8066,0.1234,0.3065,0.1394,-15.06,-33.87,-0.25,231.66,-78.68,161.79
52.37006,-1.514596,133.05,11.24,2,137.59,20 / 20,727728,2019-09-06 18:28:14:410,0.5752,1.3631,10.3154,0.0619,-0.0084,9.8064,-0.0152,0.3488,-0.1251,-13.87,-32.62,0.06,232.65,-78.51,164.31
52.37006,-1.514596,133.05,11.24,2,137.59,20 / 20,727829,2019-09-06 18:28:14:511,0.7667,-0.1296,10.5018,0.0341,0.0041,9.8065,0.0471,0.2305,0.1063,-14.25,-33.56,0.38,233.18,-78.18,166.4
52.37006,-1.514596,133.05,11.24,2,137.59,20 / 20,727929,2019-09-06 18:28:14:611,0.4905,2.2025,10.3871,0.015,-0.0149,9.8066,0.024,0.3175,-0.1415,-13.37,-33.37,0.5,236.79,-78.13,168.07
52.37006,-1.514596,133.05,11.24,2,137.59,20 / 20,728028,2019-09-06 18:28:14:710,1.2125,-1.0076,9.9463,-0.0033,-0.025,9.8065,0.0947,0.26,-0.051,-12.87,-32.87,0.63,237.28,-78.15,168.66
52.37006,-1.514596,133.05,11.24,2,137.59,20 / 20,728128,2019-09-06 18:28:14:810,0.3248,0.7955,10.3649,0.007,-0.0001,9.8066,0.1095,0.1191,0.1845,-13.31,-33.12,0.5,237.33,-77.99,169.11
52.37006,-1.514596,133.05,11.24,2,137.59,20 / 20,728229,2019-09-06 18:28:14:911,1.0645,2.0094,10.1986,0.0137,-0.0252,9.8066,0.0768,0.2075,-0.1259,-12.37,-33.31,0.38,233.48,-77.93,170.82
52.37006,-1.514596,133.05,11.24,2,137.59,20 / 20,728329,2019-09-06 18:28:15:011,0.6136,0.4278,9.7104,0.0128,-0.0127,9.8065,-0.0934,0.0484,0.0042,-12.44,-32.81,0.31,233.68,-77.96,171.02
52.370026,-1.513954,132.11,6.45,2,357.95,20 / 20,728428,2019-09-06 18:28:15:110,0.9882,-0.5909,10.414,0.0096,0.0028,9.8066,0.0757,0.0405,-0.0358,-13,-33.5,0.63,239.47,-78.01,171.93
52.370026,-1.513954,132.11,6.45,2,357.95,20 / 20,728529,2019-09-06 18:28:15:211,2.099,-0.4207,9.6757,0.0115,-0.0032,9.8066,-0.0878,-0.0741,0.0877,-11.94,-32.87,0.38,234.28,-77.78,172.34
52.370026,-1.513954,132.11,6.45,2,357.95,20 / 20,728628,2019-09-06 18:28:15:310,-0.2938,0.5649,9.9667,0.0015,0.0002,9.8066,-0.0715,0.0931,-0.1225,-12.25,-33.69,1.06,236.9,-77.69,172.35
52.370026,-1.513954,132.11,6.45,2,357.95,20 / 20,728729,2019-09-06 18:28:15:411,1.6839,-1.3323,10.2298,0.0052,0.0103,9.8066,0.01,0.1464,-0.046,-12.12,-33.62,0.06,233.4,-77.64,172.38
52.370026,-1.513954,132.11,6.45,2,357.95,20 / 20,728828,2019-09-06 18:28:15:510,2.2916,0.1191,9.6747,-0.0057,0.0052,9.8066,0.086,-0.0543,0.1359,-12.12,-33.06,0.44,233.99,-77.57,172.43
52.370026,-1.513954,132.11,6.45,2,357.95,20 / 20,728929,2019-09-06 18:28:15:611,1.2219,-1.2967,9.672,-0.0068,0.0087,9.8065,0.0602,0.0368,-0.0977,-12.31,-33.75,0.5,236.15,-77.59,171.57
52.370026,-1.513954,132.11,6.45,2,357.95,20 / 20,729028,2019-09-06 18:28:15:710,1.2533,0.0984,10.0345,0.0132,0.008,9.8066,0.0561,0.0011,0.0582,-11.56,-33.25,0.19,233.33,-77.48,171.74
52.370026,-1.513954,132.11,6.45,2,357.95,20 / 20,729129,2019-09-06 18:28:15:811,1.7502,-0.9104,10.0412,0.0078,-0.0003,9.8065,-0.0434,-0.0231,0.0991,-12.44,-33.06,0.31,233.39,-77.47,171.84
52.370026,-1.513954,132.11,6.45,2,357.95,20 / 20,729229,2019-09-06 18:28:15:911,0.8388,0.1732,9.923,-0.0134,0.0072,9.8066,0.0057,-0.0279,-0.0979,-11.69,-33.56,0.56,235.67,-77.4,171.39
52.370026,-1.513954,132.11,6.45,2,357.95,20 / 20,729329,2019-09-06 18:28:16:011,0.5264,-0.5491,10.0639,0.0083,-0.0081,9.8066,-0.0052,-0.0437,-0.0066,-12,-33.5,0.38,233.12,-77.43,171.54
52.370026,-1.513954,132.11,6.45,2,357.95,20 / 21,729429,2019-09-06 18:28:16:111,0.7213,-0.3554,10.3604,0.0065,0.0113,9.8066,0.0712,-0.0302,0.0232,-11.87,-33.5,0.44,233.09,-77.35,171.69
52.370026,-1.513954,132.11,6.45,2,357.95,20 / 21,729529,2019-09-06 18:28:16:211,1.3397,0.0128,9.8107,-0.0007,-0.0044,9.8066,-0.0332,0.0361,-0.0095,-11.56,-33.69,0.69,235.77,-77.38,171.57
52.370026,-1.513954,132.11,6.45,2,357.95,20 / 21,729629,2019-09-06 18:28:16:311,1.2105,-0.9547,9.9808,0.0096,0.0152,9.8065,-0.0647,-0.0698,0.035,-12.19,-33.19,1.19,236.67,-77.29,172.07
52.370026,-1.513954,132.11,6.45,2,357.95,20 / 21,729729,2019-09-06 18:28:16:411,0.3336,-0.0952,10.8019,0.0244,-0.0004,9.8065,0.1018,-0.1004,0.0256,-12.25,-33.31,1.31,236.39,-77.17,172
52.370026,-1.513954,132.11,6.45,2,357.95,20 / 21,729830,2019-09-06 18:28:16:512,2.2062,0.1968,9.2541,0.0058,0.012,9.8066,-0.0113,0.0875,-0.1681,-12.12,-33.31,0.81,236.04,-77.14,171.57
52.370026,-1.513954,132.11,6.45,2,357.95,20 / 21,729930,2019-09-06 18:28:16:612,1.0352,0.3161,9.8465,0.0313,0.0113,9.8066,-0.0405,0.125,0.0154,-11.94,-32.87,0.94,236.19,-77.1,171.9
52.370026,-1.513954,132.11,6.45,2,357.95,20 / 21,730030,2019-09-06 18:28:16:712,0.9659,0.5796,9.5444,-0.0141,-0.0024,9.8066,-0.0507,0.0122,0.0658,-12,-33.19,0.38,232.8,-77.2,171.64
52.370026,-1.513954,132.11,6.45,2,357.95,20 / 21,730129,2019-09-06 18:28:16:811,-0.2274,-0.8382,10.2598,0.0089,0.014,9.8066,-0.0408,-0.0176,-0.0825,-11.87,-33.25,0.25,232.28,-77.1,171.12
52.370026,-1.513954,132.11,6.45,2,357.95,20 / 21,730229,2019-09-06 18:28:16:911,0.4498,0.1806,9.4891,-0.0146,0.0032,9.8066,0.0598,0.0486,-0.0415,-12.19,-33.5,0.5,235.58,-77.08,171.09
52.370026,-1.513954,132.11,6.45,2,357.95,20 / 21,730328,2019-09-06 18:28:17:010,1.4775,-1.0133,9.9203,-0.0164,-0.004,9.8066,0.017,0.0651,-0.0362,-11.81,-33.44,0.44,231.97,-77.16,170.52
52.370026,-1.513954,132.11,6.45,2,357.95,21 / 21,730428,2019-09-06 18:28:17:110,1.0427,-0.2699,9.8754,0.0023,0.0075,9.8066,-0.0411,0.0402,-0.0306,-11.75,-32.81,0.63,234.96,-77.06,170.24
52.370026,-1.513954,132.11,6.45,2,357.95,21 / 21,730529,2019-09-06 18:28:17:211,-0.1109,-0.3366,9.8681,0.0075,0.0065,9.8066,0.0238,-0.0322,0.0428,-11.56,-33.56,1.19,234.3,-77.14,170.11
52.370026,-1.513954,132.11,6.45,2,357.95,21 / 21,730629,2019-09-06 18:28:17:311,-0.3659,0.0648,9.2537,-0.0165,-0.005,9.8066,-0.0114,-0.0316,-0.0009,-11.75,-33.31,0.38,231.76,-77.28,169.95
52.370026,-1.513954,132.11,6.45,2,357.95,21 / 21,730728,2019-09-06 18:28:17:410,0.2277,-0.4509,10.1469,0.0165,-0.0003,9.8066,-0.0976,-0.0002,-0.0461,-11.5,-33.94,0.63,232.84,-77.18,170.53
52.370026,-1.513954,132.11,6.45,2,357.95,21 / 21,730828,2019-09-06 18:28:17:510,1.153,0.1174,10.6213,-0.007,-0.0126,9.8066,0.1125,0.0423,0.0137,-11.56,-33,0.5,235.2,-77.18,170.27
52.370026,-1.513954,132.11,6.45,2,357.95,21 / 21,730928,2019-09-06 18:28:17:610,-0.0241,-0.7794,10.6818,-0.0308,-0.0244,9.8065,0.1433,0.0092,0.0508,-11.81,-33.44,0.25,232.36,-77.3,170.75
52.370026,-1.513954,132.11,6.45,2,357.95,21 / 21,731029,2019-09-06 18:28:17:711,0.9308,-1.322,9.9263,0.057,0.0101,9.8064,-0.1066,0.0004,-0.0692,-11.94,-33.25,0.13,232.71,-77.07,171.83
52.370026,-1.513954,132.11,6.45,2,357.95,21 / 21,731128,2019-09-06 18:28:17:810,-1.2363,-0.5355,9.9328,0.0111,0.0052,9.8065,0.1213,0.0395,0.0125,-12,-34.37,0.44,232.36,-77.23,171.92
52.370026,-1.513954,132.11,6.45,2,357.95,21 / 21,731228,2019-09-06 18:28:17:910,-0.6664,-0.2832,9.2464,0.0214,-0.0076,9.8065,-0.1531,0.0053,-0.0078,-11.87,-34,0.44,232.75,-77.23,172.48
52.370026,-1.513954,132.11,6.45,2,357.95,21 / 21,731329,2019-09-06 18:28:18:011,1.4943,-0.1607,10.2615,0.0198,0.0135,9.8066,-0.1894,0.0547,0.0217,-11.5,-34,0.56,234.19,-77.13,172.73
52.370026,-1.513954,132.11,6.45,2,357.95,21 / 21,731428,2019-09-06 18:28:18:110,0.3918,-0.2524,9.982,-0.0364,-0.0406,9.8065,0.1359,0.0115,-0.0348,-12.19,-34.19,0.5,237.05,-77.35,173.5
52.370026,-1.513954,132.11,6.45,2,357.95,21 / 21,731528,2019-09-06 18:28:18:210,0.8531,0.2514,9.2129,-0.0309,-0.0203,9.8066,0.1039,0.0272,0.011,-11.81,-33.37,0.44,234.46,-77.35,173.65
52.370026,-1.513954,132.11,6.45,2,357.95,21 / 21,731629,2019-09-06 18:28:18:311,0.3095,-0.2662,10.9643,0.0008,-0.018,9.8066,0.1534,0.0144,0.0452,-12.44,-33.5,0.44,234.83,-77.22,174.52
52.370026,-1.513954,132.11,6.45,2,357.95,21 / 21,731729,2019-09-06 18:28:18:411,3.1059,-2.2138,9.8889,-0.0083,0.0004,9.8066,0.0747,-0.1559,0.1669,-12.44,-32.94,0.38,235.04,-77.25,174.76
52.370026,-1.513954,132.11,6.45,2,357.95,21 / 21,731828,2019-09-06 18:28:18:510,0.3103,1.9378,9.8015,0.01,-0.0054,9.8066,0.0484,0.0943,-0.17,-12.5,-33.5,0.19,235.46,-77.19,175.5
52.370026,-1.513954,132.11,6.45,2,357.95,21 / 21,731928,2019-09-06 18:28:18:610,0.9174,-0.9187,9.5011,0.0203,0.0193,9.8066,0.0054,-0.0595,0.0253,-12.75,-33.81,0,236.49,-77.16,175.37
52.370026,-1.513954,132.11,6.45,2,357.95,21 / 21,732030,2019-09-06 18:28:18:712,1.6972,0.7682,10.2846,-0.0064,0.0039,9.8066,-0.0767,-0.02,0.0274,-11.87,-33.31,0,235.11,-77.15,175.11
52.370026,-1.513954,132.11,6.45,2,357.95,21 / 21,732129,2019-09-06 18:28:18:811,-0.5498,-0.5764,10.5751,-0.0026,-0.0027,9.8066,0.0389,0.0374,0.097,-12.69,-33.56,0.44,236.16,-77.12,175.01
52.370026,-1.513954,132.11,6.45,2,357.95,21 / 21,732228,2019-09-06 18:28:18:910,1.2743,1.0435,9.7573,0.0256,-0.0009,9.8066,-0.1132,-0.1014,0.0371,-12.56,-32.56,0.38,236.6,-77.02,174.9
52.370026,-1.513954,132.11,6.45,2,357.95,21 / 21,732329,2019-09-06 18:28:19:011,-0.3185,-1.7693,9.614,-0.0029,-0.0048,9.8066,-0.0605,-0.0432,-0.0889,-11.81,-33.37,0.31,235.27,-77.1,175.47
52.370026,-1.513954,132.11,6.45,2,357.95,21 / 21,732430,2019-09-06 18:28:19:112,0.8776,0.4329,10.6851,-0.0091,0,9.8066,0.0615,0.0042,0.0823,-12.25,-33.37,0.25,234.76,-77.08,174.77
52.370026,-1.513954,132.11,6.45,2,357.95,21 / 21,732529,2019-09-06 18:28:19:211,1.5837,-1.5256,9.1709,-0.0106,-0.0213,9.8065,-0.002,0.0722,-0.1097,-12.44,-33.19,0.38,235.06,-77.11,175.12
52.370026,-1.513954,132.11,6.45,2,357.95,21 / 21,732629,2019-09-06 18:28:19:311,-0.6836,-0.1649,8.9257,-0.0167,-0.0067,9.8066,0.02,-0.0491,0.0495,-12.75,-33.37,0.25,236.89,-77.1,175.1
52.370026,-1.513954,132.11,6.45,2,357.95,21 / 21,732729,2019-09-06 18:28:19:411,-1.6401,-1.4477,10.1246,-0.0206,-0.011,9.8065,0.0339,0.1385,-0.0303,-12.37,-32.87,0.13,235.25,-77.21,175.15
52.370026,-1.513954,132.11,6.45,2,357.95,21 / 21,732829,2019-09-06 18:28:19:511,-0.9947,-0.2347,9.4818,0.0247,0.0086,9.8066,-0.0468,0.0204,-0.0262,-12.25,-33.25,0.25,234.77,-77.04,174.89
52.370026,-1.513954,132.11,6.45,2,357.95,21 / 21,732928,2019-09-06 18:28:19:610,-1.7085,-1.0215,9.7271,0.0363,0.0273,9.8065,-0.1174,0.0016,-0.0077,-12.06,-33.62,0.69,237.15,-76.93,174.81
52.370026,-1.513954,132.11,6.45,2,357.95,21 / 21,733028,2019-09-06 18:28:19:710,0.7583,-0.6617,9.6008,-0.0274,-0.0262,9.8065,0.1133,0.0141,-0.0296,-12.12,-33.06,0.13,234.34,-76.83,174.81
52.370026,-1.513954,132.11,6.45,2,357.95,21 / 21,733129,2019-09-06 18:28:19:811,1.6475,0.3616,9.5154,-0.0519,-0.0227,9.8064,0.1794,0.0459,0.0315,-12.06,-33.25,0.31,234.63,-77.03,174.73
52.370026,-1.513954,132.11,6.45,2,357.95,21 / 21,733229,2019-09-06 18:28:19:911,1.4144,0.4272,9.6617,0.0135,0.0055,9.8066,-0.0606,0.0471,0.0154,-12.87,-33.19,0.19,236.12,-76.82,174.71
52.370026,-1.513954,132.11,6.45,2,357.95,21 / 21,733328,2019-09-06 18:28:20:010,-0.1383,-0.1325,9.7092,0.0052,-0.0014,9.8066,0.0265,0.0314,0.0507,-12,-33,0,234.35,-76.87,174.73
52.370026,-1.513954,132.11,6.45,2,357.95,21 / 21,733429,2019-09-06 18:28:20:111,2.0768,0.66,9.9198,-0.0061,-0.0046,9.8066,0.0352,0.0362,0.0373,-11.75,-33.25,0.38,234.53,-76.79,175.2
52.370026,-1.513954,132.11,6.45,2,357.95,21 / 21,733528,2019-09-06 18:28:20:210,0.3988,-0.5028,9.3446,-0.0108,-0.02,9.8066,0.111,0.0383,0.0156,-12.31,-33.06,0.44,234.83,-76.86,175.45
52.370026,-1.513954,132.11,6.45,2,357.95,21 / 21,733629,2019-09-06 18:28:20:311,-0.3419,-0.3435,10.0296,0.0015,0.0053,9.8066,-0.004,0.015,-0.0093,-12.12,-33.31,0.44,234.89,-76.73,175.89
52.370026,-1.513954,132.11,6.45,2,357.95,21 / 21,733729,2019-09-06 18:28:20:411,1.2061,0.9687,11.8275,0.0366,0.0095,9.8066,0.1816,-0.0123,0.0277,-12.69,-33.81,0.88,239.38,-76.61,176.31
52.370026,-1.513954,132.11,6.45,2,357.95,21 / 21,733829,2019-09-06 18:28:20:511,1.4275,-0.823,10.2673,0.1305,0.0497,9.8056,-0.0727,0.2259,-0.0392,-12,-33.75,1.06,236.39,-75.82,176.84
52.370026,-1.513954,132.11,6.45,2,357.95,21 / 21,733929,2019-09-06 18:28:20:611,5.7864,0.7787,9.5696,0.0729,0.0323,9.8063,0.251,-0.1838,0.1862,-12.19,-33.19,0.88,237.23,-75.7,177.23
52.370026,-1.513954,132.11,6.45,2,357.95,21 / 21,734029,2019-09-06 18:28:20:711,-0.0511,-0.3041,9.1044,0.027,0.0036,9.8065,-0.2047,-0.018,-0.1412,-11.69,-33.25,1.19,238.46,-75.91,178.46
52.370026,-1.513954,132.11,6.45,2,357.95,21 / 21,734129,2019-09-06 18:28:20:811,0.74,0.119,9.0127,-0.0059,0.0025,9.8066,0.0577,0.0507,0.0336,-13.31,-31.25,1.19,242.87,-76.47,178.21
52.370026,-1.513954,132.11,6.45,2,357.95,21 / 21,734228,2019-09-06 18:28:20:910,0.3183,-0.5762,9.387,0.0207,-0.002,9.8066,-0.1723,0.0276,0.0136,-13,-31.69,0,239.21,-76.75,178.15
52.370026,-1.513954,132.11,6.45,2,357.95,21 / 21,734328,2019-09-06 18:28:21:010,-0.2138,-0.3614,10.5289,0.0451,0.016,9.8065,-0.141,-0.0105,0.0299,-12.25,-33.56,-0.06,235.88,-76.5,179.04
52.370026,-1.513954,132.11,6.45,2,357.95,22 / 22,734429,2019-09-06 18:28:21:111,-2.374,-1.3336,10.5767,-0.0013,-0.0142,9.8066,0.1115,-0.0618,-0.0209,-12.94,-33.56,0.69,241.28,-76.41,179.49
52.370026,-1.513954,132.11,6.45,2,357.95,22 / 22,734529,2019-09-06 18:28:21:211,-1.0999,-0.5615,10.4272,-0.0132,0.0021,9.8066,-0.0074,0.0152,-0.0172,-12.75,-33.5,1.13,241.61,-76.18,179.47
52.370026,-1.513954,132.11,6.45,2,357.95,22 / 22,734629,2019-09-06 18:28:21:311,0.5435,-0.6073,10.0009,-0.0201,-0.0071,9.8066,0.0761,0.0153,0.0774,-12.5,-33.37,1.38,239.49,-76.22,179.05
52.370026,-1.513954,132.11,6.45,2,357.95,22 / 22,734729,2019-09-06 18:28:21:411,1.7198,-1.2357,9.2947,-0.0363,-0.0248,9.8065,-0.1317,0.0313,-0.1572,-12.81,-32.75,1.69,245.05,-76.29,179.17
52.370026,-1.513954,132.11,6.45,2,357.95,22 / 22,734828,2019-09-06 18:28:21:510,0.8684,0.186,9.7546,0.0058,0.0244,9.8066,-0.0086,0.0464,0.075,-12.37,-33.37,1.13,239.53,-76.29,178.91
52.370026,-1.513954,132.11,6.45,2,357.95,22 / 22,734928,2019-09-06 18:28:21:610,-0.114,-3.3251,10.7382,0.0159,0.005,9.8066,0.1206,-0.1773,0.1898,-12.75,-33.62,0.75,239.93,-76.09,178.46
52.370026,-1.513954,132.11,6.45,2,357.95,22 / 22,735029,2019-09-06 18:28:21:711,0.3553,-1.3861,10.4173,0.0349,0.0209,9.8065,-0.0865,-0.1286,-0.0019,-12.87,-32.75,1.38,240.91,-75.82,179.44
52.370026,-1.513954,132.11,6.45,2,357.95,22 / 22,735129,2019-09-06 18:28:21:811,0.5772,-0.5276,9.5345,0.0256,0.0133,9.8066,0.156,0.008,0.066,-12.62,-33.37,0.63,241.21,-75.94,179.54
52.370026,-1.513954,132.11,6.45,2,357.95,22 / 22,735229,2019-09-06 18:28:21:911,2.3186,0.5494,11.4366,0.0088,0.0148,9.8065,-0.1136,0.0335,0.0008,-12.75,-33.12,1.56,244.35,-75.78,179.64
52.370026,-1.513954,132.11,6.45,2,357.95,22 / 22,735328,2019-09-06 18:28:22:010,3.684,2.5949,8.6516,0.0539,-0.009,9.8064,0.2397,-0.0961,0.0361,-12.94,-33.62,2,243.9,-75.71,-179.58
52.370026,-1.513954,132.11,6.45,2,357.95,20 / 20,735429,2019-09-06 18:28:22:111,0.6154,-3.0702,9.8907,-0.0016,0.0134,9.8065,-0.0318,0.1695,-0.0532,-13.19,-33.37,1.31,242.01,-75.73,-178.78
52.370026,-1.513954,132.11,6.45,2,357.95,20 / 20,735529,2019-09-06 18:28:22:211,0.2421,2.4843,8.9186,0.0488,0.0275,9.8064,-0.1916,-0.1288,0.0922,-12.62,-33.75,1.38,240.25,-75.58,-179.68
52.370026,-1.513954,132.11,6.45,2,357.95,20 / 20,735628,2019-09-06 18:28:22:310,0.1407,0.533,9.0119,0.0275,0.0022,9.8065,-0.0778,0.053,-0.1772,-12.56,-33.44,1.69,245.18,-75.57,-178.66
52.370026,-1.513954,132.11,6.45,2,357.95,20 / 20,735728,2019-09-06 18:28:22:410,-0.2943,-2.0374,9.8146,0.0274,0.0223,9.8065,-0.0942,-0.0963,0.0877,-12.81,-33.94,1.56,243.94,-75.58,-179.15
52.370026,-1.513954,132.11,6.45,2,357.95,20 / 20,735828,2019-09-06 18:28:22:510,-1.8541,-2.0416,9.2614,-0.0321,-0.0182,9.8065,0.0772,0.0527,-0.0054,-12.69,-33.31,1.56,245.52,-75.83,-178.92
52.370026,-1.513954,132.11,6.45,2,357.95,20 / 20,735928,2019-09-06 18:28:22:610,-0.2024,-1.5498,10.0325,-0.0338,-0.0275,9.8065,0.0932,-0.2105,0.1148,-13.87,-33.94,1.75,246.69,-75.88,-178.53
52.370026,-1.513954,132.11,6.45,2,357.95,20 / 20,736029,2019-09-06 18:28:22:711,-0.8521,-0.427,10.5565,0.0415,0.0115,9.8065,-0.0036,-0.0848,-0.1618,-13.12,-33.37,1.75,246.47,-75.86,-177.71
52.370026,-1.513954,132.11,6.45,2,357.95,20 / 20,736129,2019-09-06 18:28:22:811,-1.7215,-1.319,11.7736,0.019,0.0206,9.8065,0.3045,0.0438,0.15,-13.12,-33.31,1.25,242.28,-75.44,-177.61
52.370026,-1.513954,132.11,6.45,2,357.95,20 / 20,736228,2019-09-06 18:28:22:910,-1.6141,-1.9134,10.9211,-0.0438,-0.0209,9.8065,-0.0137,-0.0683,0.0562,-13.37,-33.12,1.5,246.12,-75.68,-177.66
52.370026,-1.513954,132.11,6.45,2,357.95,20 / 20,736328,2019-09-06 18:28:23:010,0.6325,-0.7086,9.4867,-0.0462,-0.0217,9.8064,0.0311,-0.0184,-0.1182,-13.5,-33.12,1.38,242.84,-75.74,-177.65
52.370026,-1.513954,132.11,6.45,2,357.95,21 / 21,736429,2019-09-06 18:28:23:111,-1.4742,-1.5678,9.782,-0.0235,0.0028,9.8065,0.0552,-0.1266,-0.085,-13.44,-33.5,2.38,245.63,-75.71,-178.43
52.370026,-1.513954,132.11,6.45,2,357.95,21 / 21,736528,2019-09-06 18:28:23:210,0.8076,-0.015,9.8605,-0.046,-0.0066,9.8065,0.0946,-0.008,-0.0179,-12.62,-33.56,1.88,244.59,-75.81,-178.9
52.370026,-1.513954,132.11,6.45,2,357.95,21 / 21,736629,2019-09-06 18:28:23:311,-0.8793,-0.6338,9.543,0.0058,0.0122,9.8066,0.021,0.0863,0.1911,-13.06,-33.19,2.06,244.86,-75.77,-179.63
52.370026,-1.513954,132.11,6.45,2,357.95,21 / 21,736728,2019-09-06 18:28:23:410,0.5068,-1.776,10.2111,0.0141,-0.0212,9.8066,0.0472,-0.1019,0.0094,-13.12,-33.5,1.81,245.19,-75.72,-179.04
52.370026,-1.513954,132.11,6.45,2,357.95,21 / 21,736829,2019-09-06 18:28:23:511,1.3118,-1.8885,10.8559,0.0319,0.0424,9.8064,0.0546,0.0347,-0.0557,-12.87,-33.87,2.31,243.54,-75.38,-179.12
52.370026,-1.513954,132.11,6.45,2,357.95,21 / 21,736929,2019-09-06 18:28:23:611,1.9636,-1.4579,12.3956,0.0483,0.027,9.8065,0.0311,-0.0629,0.0882,-12.94,-33.19,2,243.62,-75.16,-179.66
52.370026,-1.513954,132.11,6.45,2,357.95,21 / 21,737028,2019-09-06 18:28:23:710,-0.3899,-0.0268,7.9338,-0.0045,0.0245,9.8066,0.0018,-0.0104,-0.1193,-12.62,-33.81,2.63,244.99,-74.93,179.38
52.370026,-1.513954,132.11,6.45,2,357.95,21 / 21,737129,2019-09-06 18:28:23:811,-0.2959,-0.9029,9.2397,0.0156,0.0114,9.8066,-0.0795,-0.0008,-0.0753,-12.75,-33.25,2.13,242.17,-74.94,178.91
52.370026,-1.513954,132.11,6.45,2,357.95,21 / 21,737229,2019-09-06 18:28:23:911,-1.1631,-1.4839,9.0607,-0.0069,0.0099,9.8066,-0.0803,-0.0658,-0.042,-12.44,-33.5,1.88,240.4,-75.21,178.23
52.370026,-1.513954,132.11,6.45,2,357.95,21 / 21,737330,2019-09-06 18:28:24:012,-0.7559,-0.4578,10.146,0.0016,0.0087,9.8066,0.1587,-0.0504,0.0279,-12.12,-33.87,1.44,235.97,-75.34,177.59
52.370853,-1.514043,131.73,12.09,4,357.78,21 / 21,737429,2019-09-06 18:28:24:111,0.1137,-1.6213,10.006,0.011,0.0096,9.8066,0.0562,-0.148,0.0509,-12.69,-34.06,1.88,240.74,-75.31,177.09
52.370853,-1.514043,131.73,12.09,4,357.78,21 / 21,737529,2019-09-06 18:28:24:211,-0.7216,-2.3795,9.8826,0.0047,0.022,9.8066,-0.0336,-0.1505,-0.0901,-12.69,-33.87,2.5,243.09,-75.06,176.3
52.370853,-1.514043,131.73,12.09,4,357.78,21 / 21,737628,2019-09-06 18:28:24:310,-0.5147,0.6671,9.4971,-0.0234,-0.0156,9.8065,-0.0926,0.0241,-0.0613,-11.62,-33.5,2.31,238.88,-75.06,176.41
52.370853,-1.514043,131.73,12.09,4,357.78,21 / 21,737729,2019-09-06 18:28:24:411,0.362,-0.9159,9.038,-0.0378,-0.0131,9.8065,-0.0643,0.0356,0.0074,-11.94,-33.25,1.44,236.11,-75.38,176.43
52.370853,-1.514043,131.73,12.09,4,357.78,21 / 21,737829,2019-09-06 18:28:24:511,0.1421,0.0438,9.863,-0.001,0.0042,9.8066,-0.0463,0.0299,-0.0029,-12.12,-32.81,2,239.55,-75.59,175.84
52.370853,-1.514043,131.73,12.09,4,357.78,21 / 21,737929,2019-09-06 18:28:24:611,0.3549,0.5416,10.0137,0.0075,0.0164,9.8066,0.0354,-0.0572,-0.1016,-11.69,-33.44,1.69,239.25,-75.57,175.48
52.370853,-1.514043,131.73,12.09,4,357.78,21 / 21,738029,2019-09-06 18:28:24:711,-0.2429,-2.5484,9.6851,-0.0144,-0.0027,9.8066,-0.1398,-0.1521,-0.1796,-11.75,-33.19,2.38,238.84,-75.66,174.6
52.370853,-1.514043,131.73,12.09,4,357.78,21 / 21,738128,2019-09-06 18:28:24:810,-0.17,-1.0682,8.8475,-0.0315,-0.0162,9.8066,-0.0548,-0.0266,0.04,-11.62,-32.81,1.06,235.52,-75.7,174.65
52.370853,-1.514043,131.73,12.09,4,357.78,21 / 21,738228,2019-09-06 18:28:24:910,0.6754,-0.9523,9.6063,-0.0637,-0.0352,9.8063,-0.1565,-0.0221,0.0753,-11.81,-32.62,1.25,235.44,-75.83,174.19
52.370853,-1.514043,131.73,12.09,4,357.78,21 / 21,738329,2019-09-06 18:28:25:011,-0.9258,-0.3588,8.5053,-0.0867,-0.0478,9.8061,0.1399,0,0.0274,-11.87,-33.56,1.5,239.18,-76.56,173.72
52.370853,-1.514043,131.73,12.09,4,357.78,21 / 21,738428,2019-09-06 18:28:25:110,-1.2539,-1.0222,9.5205,0.0277,0.0019,9.8065,0.2438,-0.0223,0.0542,-11.69,-32.94,0.88,236.99,-76.52,174.6
52.370853,-1.514043,131.73,12.09,4,357.78,21 / 21,738528,2019-09-06 18:28:25:210,-0.454,-1.0445,10.0576,-0.0254,-0.0235,9.8065,0.0628,0.0171,-0.0171,-11.69,-33.5,0.94,238.02,-76.93,174.95
52.370853,-1.514043,131.73,12.09,4,357.78,21 / 21,738628,2019-09-06 18:28:25:310,0.4479,-1.2689,10.242,0.0353,0.0133,9.8065,0.0336,-0.0824,0.0107,-12.31,-32.81,1.13,238.45,-77.06,175.2
52.370853,-1.514043,131.73,12.09,4,357.78,21 / 21,738729,2019-09-06 18:28:25:411,0.6329,-0.6574,9.3882,0.024,0.0105,9.8066,-0.079,0.0071,0.0272,-12.12,-33.19,0.88,238.48,-77.03,175.33
52.370853,-1.514043,131.73,12.09,4,357.78,21 / 21,738828,2019-09-06 18:28:25:510,0.1605,-0.0869,9.2791,-0.0225,0.0071,9.8066,-0.0244,0.0544,-0.0172,-11.81,-33.19,0.88,238.37,-77.28,174.5
52.370853,-1.514043,131.73,12.09,4,357.78,21 / 21,738929,2019-09-06 18:28:25:611,-0.2697,-0.284,9.6512,0.0018,0.0095,9.8066,-0.0829,-0.0367,-0.0294,-11.69,-33.69,0,234.04,-77.36,174.01
52.370853,-1.514043,131.73,12.09,4,357.78,21 / 21,739029,2019-09-06 18:28:25:711,-0.7752,-0.142,8.5972,-0.0185,-0.0198,9.8066,-0.0713,-0.1539,-0.016,-11.87,-33.31,0.25,235.17,-77.77,173.61
52.370853,-1.514043,131.73,12.09,4,357.78,21 / 21,739129,2019-09-06 18:28:25:811,0.9675,-0.7476,9.2401,0.003,-0.0008,9.8066,-0.1209,-0.0283,-0.0237,-11.81,-32.87,-0.06,235.47,-77.97,173.52
52.370853,-1.514043,131.73,12.09,4,357.78,21 / 21,739228,2019-09-06 18:28:25:910,0.4168,0.3998,9.0221,-0.0041,-0.0183,9.8065,0.0345,0.0471,0.0583,-11.69,-33,0.13,236.5,-78.16,174.44
52.370853,-1.514043,131.73,12.09,4,357.78,21 / 21,739328,2019-09-06 18:28:26:010,-1.0078,-0.0115,9.2948,0.0079,-0.009,9.8065,-0.1648,0.0556,-0.077,-12.25,-33,0,237.84,-78.42,175.62
52.370853,-1.514043,131.73,12.09,4,357.78,22 / 22,739429,2019-09-06 18:28:26:111,-0.5853,-1.2932,9.1016,-0.0024,-0.0281,9.8066,-0.0686,-0.0159,0.1266,-12.19,-32.62,0.13,239.68,-78.84,176.98
52.370853,-1.514043,131.73,12.09,4,357.78,22 / 22,739529,2019-09-06 18:28:26:211,0.1433,-0.394,9.297,0.0131,0.0194,9.8065,-0.2045,-0.0606,0.0101,-12.06,-32.94,-0.69,235.89,-78.79,176.69
52.370853,-1.514043,131.73,12.09,4,357.78,22 / 22,739628,2019-09-06 18:28:26:310,2.0004,-0.7309,9.2895,-0.0489,-0.0607,9.8063,-0.0568,-0.0813,0.0804,-12.5,-33,-0.75,236.07,-78.94,176.56
52.370853,-1.514043,131.73,12.09,4,357.78,22 / 22,739729,2019-09-06 18:28:26:411,-0.3082,-1.3042,9.9352,-0.0682,-0.0575,9.8062,0.0443,0.0694,0.0394,-12.75,-32.62,-1.44,240.7,-79.8,178
52.370853,-1.514043,131.73,12.09,4,357.78,22 / 22,739829,2019-09-06 18:28:26:511,-1.4137,0.345,9.4141,0.0208,0.0125,9.8066,0.0076,0.1033,-0.0693,-12.31,-32.75,-1.25,239.56,-79.91,178.69
52.370853,-1.514043,131.73,12.09,4,357.78,22 / 22,739928,2019-09-06 18:28:26:610,1.4016,1.232,8.4234,0.0469,0.0212,9.8064,-0.1936,0.0482,-0.0225,-12.94,-32.25,-1.62,239.59,-79.99,179.6
52.370853,-1.514043,131.73,12.09,4,357.78,22 / 22,740033,2019-09-06 18:28:26:715,-0.6863,-1.6815,9.2841,-0.0268,-0.0251,9.8065,0.1706,0.0035,-0.0264,-13,-32.06,-2,241.31,-80.49,-179.41
52.370853,-1.514043,131.73,12.09,4,357.78,22 / 22,740128,2019-09-06 18:28:26:810,-0.6499,-0.999,9.0188,-0.0248,-0.0092,9.8066,0.0106,-0.0258,-0.0549,-12.75,-32.5,-2.19,241.37,-80.65,-179.69
52.370853,-1.514043,131.73,12.09,4,357.78,22 / 22,740228,2019-09-06 18:28:26:910,-1.129,-0.2233,9.9951,-0.0477,-0.0083,9.8065,-0.0073,0.0563,-0.0721,-13.06,-32.69,-1.25,243.79,-80.58,179.96
52.370853,-1.514043,131.73,12.09,4,357.78,22 / 22,740329,2019-09-06 18:28:27:011,-1.088,-0.0423,10.4401,-0.0369,-0.0102,9.8065,0.1181,-0.0742,-0.0256,-12.56,-32,-1.44,244.01,-80.82,178.93
52.370853,-1.514043,131.73,12.09,4,357.78,21 / 21,740429,2019-09-06 18:28:27:111,-1.7632,-0.3255,10.5094,0.0003,0.0016,9.8066,0.1032,-0.0766,0.0361,-12.19,-32.5,-1.5,241.51,-80.8,178.11
52.370853,-1.514043,131.73,12.09,4,357.78,21 / 21,740529,2019-09-06 18:28:27:211,1.011,-0.1093,9.4795,-0.0484,-0.0118,9.8064,0.0145,0.0793,-0.0728,-11.81,-32.5,-1.31,241.22,-81.05,177.14
52.370853,-1.514043,131.73,12.09,4,357.78,21 / 21,740629,2019-09-06 18:28:27:311,-1.0117,-1.2284,10.4883,0.0186,0.012,9.8065,0.0855,-0.0305,0.0765,-11.81,-32.5,-1.69,237.87,-81.13,177.29
52.370853,-1.514043,131.73,12.09,4,357.78,21 / 21,740729,2019-09-06 18:28:27:411,1.222,0.3544,9.4583,0.0123,0.0089,9.8066,-0.0983,0.0238,0.0461,-11.87,-31.69,-1.87,237.66,-81.11,177.08
52.370853,-1.514043,131.73,12.09,4,357.78,21 / 21,740829,2019-09-06 18:28:27:511,0.3966,1.0335,9.0841,-0.0078,0.0014,9.8065,0.0583,-0.0108,-0.0346,-11.69,-32.31,-1.75,237.3,-81.07,176.71
52.370853,-1.514043,131.73,12.09,4,357.78,21 / 21,740928,2019-09-06 18:28:27:610,0.2105,-0.5942,9.1566,-0.0212,-0.0172,9.8066,-0.0211,-0.0523,0.035,-11.62,-33,-2,237.44,-81.24,177.16
52.370853,-1.514043,131.73,12.09,4,357.78,21 / 21,741029,2019-09-06 18:28:27:711,0.522,0.4491,9.5721,-0.002,0.0004,9.8065,-0.0225,0.0241,-0.0612,-11.44,-32.25,-2.31,236.08,-81.3,177.31
52.370853,-1.514043,131.73,12.09,4,357.78,21 / 21,741128,2019-09-06 18:28:27:810,0.4704,0.1077,10.4584,0.0099,-0.0005,9.8066,0.082,0.0555,0.0052,-12,-32.37,-2.12,238.25,-81.3,177.35
52.370853,-1.514043,131.73,12.09,4,357.78,21 / 21,741228,2019-09-06 18:28:27:910,-2.4557,-0.9126,10.4967,-0.0441,-0.0161,9.8065,-0.1266,-0.034,-0.04,-11.5,-32.44,-1.87,235.98,-81.33,177.1
52.370853,-1.514043,131.73,12.09,4,357.78,21 / 21,741328,2019-09-06 18:28:28:010,0.52,-0.3207,10.4723,-0.0282,-0.0156,9.8066,-0.042,0.0285,-0.024,-11.69,-32.12,-1.44,241.8,-81.26,177.33
52.370853,-1.514043,131.73,12.09,4,357.78,22 / 22,741428,2019-09-06 18:28:28:110,0.2515,0.8663,10.0581,0.0463,0.022,9.8064,0.0838,0.044,-0.0434,-11.62,-32.94,-2.31,237.51,-81.05,177.68
52.370853,-1.514043,131.73,12.09,4,357.78,22 / 22,741528,2019-09-06 18:28:28:210,0.0334,0.0204,9.3273,0.045,0.0205,9.8065,-0.2204,0.0048,0.003,-12.06,-33,-1.94,237.89,-81,178.28
52.370853,-1.514043,131.73,12.09,4,357.78,22 / 22,741628,2019-09-06 18:28:28:310,-1.2989,-0.5337,10.9264,0.0043,-0.0017,9.8066,0.0086,0.0085,0.0161,-10.94,-32.06,-2.25,236.93,-81.23,178.56
52.370853,-1.514043,131.73,12.09,4,357.78,22 / 22,741729,2019-09-06 18:28:28:411,-0.9746,-0.0479,9.4532,0.0292,0.0123,9.8065,-0.0654,-0.0375,-0.0174,-11.5,-32.06,-1.75,237.68,-81.3,179.33
52.370853,-1.514043,131.73,12.09,4,357.78,22 / 22,741829,2019-09-06 18:28:28:511,-1.4598,-0.0774,10.0818,-0.0286,-0.0251,9.8065,-0.3663,-0.0197,-0.064,-11.94,-32.56,-2.19,238.66,-81.34,178.42
52.370853,-1.514043,131.73,12.09,4,357.78,22 / 22,741929,2019-09-06 18:28:28:611,0.9054,0.6215,8.7177,0.0058,-0.0189,9.8066,0.3492,0.0218,0.0785,-11.75,-32.19,-2.12,239.71,-81.12,179.58
52.370853,-1.514043,131.73,12.09,4,357.78,22 / 22,742028,2019-09-06 18:28:28:710,-0.2248,0.7631,9.925,0.0299,0.0208,9.8065,0.0428,0.1733,-0.149,-11.81,-32.37,-1.87,239.25,-81.17,178.9
52.370853,-1.514043,131.73,12.09,4,357.78,22 / 22,742129,2019-09-06 18:28:28:811,-1.0026,0.3491,10.469,0.022,-0.0249,9.8066,-0.1055,-0.2298,0.1748,-11.62,-32.75,-2.19,241.1,-81.28,-178.43
52.370853,-1.514043,131.73,12.09,4,357.78,22 / 22,742229,2019-09-06 18:28:28:911,-2.7913,-1.1832,10.269,0.0017,-0.0194,9.8065,-0.0922,-0.0308,-0.0985,-12,-32.56,-2.31,241.12,-81.52,-179.01
52.370853,-1.514043,131.73,12.09,4,357.78,22 / 22,742329,2019-09-06 18:28:29:011,0.1141,-1.4162,10.0382,0.0086,-0.0277,9.8065,0.236,-0.0019,0.1438,-12.25,-32.94,-1.31,247.13,-81.4,-175.93
52.370853,-1.514043,131.73,12.09,4,357.78,22 / 22,742429,2019-09-06 18:28:29:111,1.058,0.2912,10.9044,-0.0019,0.0023,9.8066,0.0071,-0.0261,-0.0523,-12.19,-32.56,-1.87,243.3,-81.21,-175.56
52.370853,-1.514043,131.73,12.09,4,357.78,22 / 22,742529,2019-09-06 18:28:29:211,-0.4631,-1.2156,10.0606,0.0062,-0.0235,9.8066,-0.0146,0.0259,0.1009,-12.31,-32.06,-1.87,245.13,-81.22,-174.09
52.370853,-1.514043,131.73,12.09,4,357.78,22 / 22,742628,2019-09-06 18:28:29:310,-0.4024,0.2613,9.8924,-0.0005,-0.0131,9.8066,-0.1033,0.0285,0.0596,-12.37,-32.75,-2.06,246.58,-81.49,-172.35
52.370853,-1.514043,131.73,12.09,4,357.78,22 / 22,742729,2019-09-06 18:28:29:411,-1.3831,-2.2476,9.7247,0.039,-0.0002,9.8065,-0.0227,-0.064,0.0772,-12.69,-31.81,-2.25,250.3,-81.4,-170.92
52.370853,-1.514043,131.73,12.09,4,357.78,22 / 22,742828,2019-09-06 18:28:29:510,-0.3676,-0.1499,10.5924,0.0081,-0.0105,9.8066,0.0204,0.0593,0.0034,-12.94,-32.75,-1.56,250.39,-81.38,-170.09
52.370853,-1.514043,131.73,12.09,4,357.78,22 / 22,742929,2019-09-06 18:28:29:611,0.2411,-0.0134,10.7729,0.0012,0.0119,9.8065,0.0383,-0.0094,-0.0615,-12.75,-32.75,-1.56,249.69,-81.11,-170.24
52.370853,-1.514043,131.73,12.09,4,357.78,22 / 22,743028,2019-09-06 18:28:29:710,-0.5298,-0.6885,9.6467,0.0224,0.0121,9.8066,0.0828,-0.0896,-0.015,-12.81,-32.06,-2.19,248.43,-80.72,-171.43
52.370853,-1.514043,131.73,12.09,4,357.78,22 / 22,743129,2019-09-06 18:28:29:811,2.2595,0.8346,9.9536,-0.0042,-0.0021,9.8066,-0.04,-0.1273,0.0766,-12,-32.62,-1.94,245.81,-80.85,-171.56
52.370853,-1.514043,131.73,12.09,4,357.78,22 / 22,743229,2019-09-06 18:28:29:911,-0.0432,-0.3662,9.3273,-0.021,-0.0077,9.8065,0.0158,0.059,-0.0139,-11.81,-32.56,-1.12,250.31,-81.1,-171.35
52.370853,-1.514043,131.73,12.09,4,357.78,22 / 22,743329,2019-09-06 18:28:30:011,0.9362,0.0328,10.6183,-0.0076,-0.0153,9.8066,0.1767,0.0432,0.0468,-12.12,-32.44,-1.75,247.59,-81.13,-170.92
52.370853,-1.514043,131.73,12.09,4,357.78,21 / 21,743428,2019-09-06 18:28:30:110,-0.5346,-0.9885,9.9399,0.0118,0.0005,9.8066,0.0878,-0.0021,-0.0138,-12.06,-32.31,-1.56,247.48,-81.04,-170.83
52.370853,-1.514043,131.73,12.09,4,357.78,21 / 21,743529,2019-09-06 18:28:30:211,0.6123,1.208,9.1805,0.0068,-0.0192,9.8066,0.1293,0.0553,0.0865,-12.37,-32.06,-2.06,248.16,-80.85,-169.52
52.370853,-1.514043,131.73,12.09,4,357.78,21 / 21,743628,2019-09-06 18:28:30:310,0.8174,0.1275,10.283,0.0377,0.0006,9.8065,0.0078,0.0902,-0.02,-11.69,-31.56,-2.37,249.03,-80.61,-167.85
52.370853,-1.514043,131.73,12.09,4,357.78,21 / 21,743729,2019-09-06 18:28:30:411,-0.3335,-1.1136,11.0581,0.0534,0.0274,9.8064,-0.2068,0.0207,0.025,-12.19,-31.87,-1.06,253.5,-80.44,-166.59
52.370853,-1.514043,131.73,12.09,4,357.78,21 / 21,743829,2019-09-06 18:28:30:511,2.1937,0.114,9.4341,0.0309,-0.0182,9.8066,-0.025,0.0578,0.1182,-12.94,-33.19,-1.56,254.1,-80.46,-163.47
52.370853,-1.514043,131.73,12.09,4,357.78,21 / 21,743928,2019-09-06 18:28:30:610,0.3064,0.6383,10.5327,0.0115,0.0017,9.8066,0.0038,-0.0298,-0.0416,-13.37,-32.56,-1.31,258.14,-80.39,-162.85
52.370853,-1.514043,131.73,12.09,4,357.78,21 / 21,744029,2019-09-06 18:28:30:711,0.6936,1.3301,10.403,-0.0194,-0.0094,9.8066,0.0862,-0.0357,0.0631,-12.56,-32.56,-1.5,258.36,-80.39,-162.6
52.370853,-1.514043,131.73,12.09,4,357.78,21 / 21,744128,2019-09-06 18:28:30:810,-0.5217,-0.6363,9.8778,-0.0279,0.0011,9.8065,0.1194,-0.0314,-0.0137,-13.06,-32.56,-2.12,254.83,-80.56,-162.9
52.370853,-1.514043,131.73,12.09,4,357.78,21 / 21,744229,2019-09-06 18:28:30:911,1.9831,0.9871,9.5721,-0.0003,0.0219,9.8066,0.0056,-0.0019,-0.1233,-13.31,-32.75,-1.5,256.44,-80.69,-165.58
52.370853,-1.514043,131.73,12.09,4,357.78,21 / 21,744329,2019-09-06 18:28:31:011,1.5878,0.261,9.2567,-0.0356,0.0009,9.8065,0.0313,0.0613,-0.0673,-12.19,-32.62,-0.87,253.58,-80.85,-166.83
52.370853,-1.514043,131.73,12.09,4,357.78,21 / 22,744428,2019-09-06 18:28:31:110,0.4712,-1.496,9.2099,0.0023,0.0386,9.8065,0.0972,-0.0789,0.0383,-12.19,-32.19,-1.31,251.6,-80.69,-169.47
52.370853,-1.514043,131.73,12.09,4,357.78,21 / 22,744528,2019-09-06 18:28:31:210,-0.385,-1.2592,9.2399,-0.016,0.0272,9.8065,-0.1245,0.0645,-0.1134,-11.94,-32.75,-2.12,245.81,-81.03,-172.05
52.370853,-1.514043,131.73,12.09,4,357.78,21 / 22,744628,2019-09-06 18:28:31:310,-0.4041,0.0828,8.9549,-0.04,-0.0087,9.8065,-0.1943,0.0575,0.0421,-12.12,-32.37,-2.12,247.06,-81.26,-171.9
52.370853,-1.514043,131.73,12.09,4,357.78,21 / 22,744728,2019-09-06 18:28:31:410,0.0587,-1.1119,8.8242,-0.0157,-0.0051,9.8066,0.01,-0.0053,0.0187,-12.5,-32.87,-1.62,246.97,-81.66,-172.37
52.370853,-1.514043,131.73,12.09,4,357.78,21 / 22,744828,2019-09-06 18:28:31:510,-0.8091,-0.3945,9.407,-0.0258,-0.0195,9.8066,0.0023,-0.0279,-0.0341,-12.12,-32.62,-2,248.18,-81.86,-171.47
52.370853,-1.514043,131.73,12.09,4,357.78,21 / 22,744929,2019-09-06 18:28:31:611,-0.0629,-1.9647,9.1583,-0.0006,-0.026,9.8066,0.0542,-0.0745,0.1786,-12.5,-32.5,-1.81,249.95,-81.88,-170.15
52.370853,-1.514043,131.73,12.09,4,357.78,21 / 22,745028,2019-09-06 18:28:31:710,0.1153,-1.1398,10.4919,-0.0088,-0.0055,9.8066,-0.0984,-0.0404,-0.0081,-12.62,-32.19,-2.31,254.19,-82.13,-168.34
52.370853,-1.514043,131.73,12.09,4,357.78,21 / 22,745129,2019-09-06 18:28:31:811,1.2502,2.5834,9.7685,0.0121,-0.0098,9.8065,-0.2727,-0.054,0.0625,-12.69,-32.69,-3.06,250.97,-82.13,-167.37
52.370853,-1.514043,131.73,12.09,4,357.78,21 / 22,745228,2019-09-06 18:28:31:910,0.4576,-1.1013,10.1496,0.0293,-0.0101,9.8065,-0.2251,0.0454,0.0285,-13.12,-32.44,-2.81,252.02,-82.2,-166.95
52.370853,-1.514043,131.73,12.09,4,357.78,21 / 22,745329,2019-09-06 18:28:32:011,-0.8806,-1.1141,9.8816,0.0193,0.0119,9.8066,0.08,-0.0206,-0.1361,-13.06,-32.56,-2.56,252.6,-82.12,-165.53
52.370853,-1.514043,131.73,12.09,4,357.78,21 / 21,745428,2019-09-06 18:28:32:110,-2.6587,-2.9974,9.0003,-0.026,-0.0596,9.8063,-0.1049,-0.0466,0.0487,-12.69,-32.44,-2.44,259.6,-82.17,-162.54
52.370853,-1.514043,131.73,12.09,4,357.78,21 / 21,745529,2019-09-06 18:28:32:211,0.936,-1.2779,10.3189,-0.0439,-0.0352,9.8064,0.0755,-0.0186,0.0462,-12.5,-32.56,-2.56,254.12,-82.16,-161.33
52.370853,-1.514043,131.73,12.09,4,357.78,21 / 21,745629,2019-09-06 18:28:32:311,-0.3525,-0.4349,9.739,-0.0358,-0.0148,9.8065,-0.0267,-0.0118,-0.039,-13.12,-32.19,-2.37,260.53,-82.41,-162.15
52.370853,-1.514043,131.73,12.09,4,357.78,21 / 21,745729,2019-09-06 18:28:32:411,0.9053,0.4662,9.5783,-0.0182,0.0009,9.8066,-0.0454,-0.0109,-0.075,-12.62,-32.69,-2.31,259.01,-82.34,-163
52.370853,-1.514043,131.73,12.09,4,357.78,21 / 21,745829,2019-09-06 18:28:32:511,0.5736,1.5319,9.6931,0.0229,0.0013,9.8065,0.1221,-0.0111,0.1381,-12.81,-32.62,-2.37,259.24,-82.38,-162.86
52.370853,-1.514043,131.73,12.09,4,357.78,21 / 21,745929,2019-09-06 18:28:32:611,-0.2619,-0.9427,9.419,-0.0031,0.0219,9.8066,-0.0511,0.1127,-0.1915,-12.94,-32.5,-2.19,259.27,-82.5,-163.75
52.370853,-1.514043,131.73,12.09,4,357.78,21 / 21,746029,2019-09-06 18:28:32:711,0.1487,-0.6352,9.058,-0.0258,-0.0185,9.8065,0.083,-0.0923,0.0678,-13.06,-32.44,-3.31,257.17,-82.82,-162.81
52.370853,-1.514043,131.73,12.09,4,357.78,21 / 21,746130,2019-09-06 18:28:32:812,1.2066,0.9268,9.9424,-0.0315,-0.0106,9.8065,0.0217,-0.0463,-0.0493,-13.06,-32.87,-3,256.98,-82.95,-162.79
52.370853,-1.514043,131.73,12.09,4,357.78,21 / 21,746228,2019-09-06 18:28:32:910,-1.0561,0.5685,9.5508,0.0561,0.0109,9.8064,0.079,0.098,0.0417,-12.81,-32.75,-2.31,260.85,-82.62,-161.77
52.370853,-1.514043,131.73,12.09,4,357.78,21 / 21,746328,2019-09-06 18:28:33:010,0.2058,0.7096,9.7861,0.0212,0.0025,9.8065,-0.0697,-0.1268,0.0571,-12.87,-32.5,-2.87,259.04,-82.71,-160.53
52.372097,-1.514108,134.05,16.48,4,358.98,20 / 20,746429,2019-09-06 18:28:33:111,0.0382,0.2024,9.5848,-0.0055,-0.0289,9.8065,0.0355,0.0288,0.1149,-13.06,-32,-3.19,259.89,-82.82,-159.9
52.372097,-1.514108,134.05,16.48,4,358.98,20 / 20,746529,2019-09-06 18:28:33:211,0.0456,0.7253,10.1843,0.0002,-0.0121,9.8066,0.1485,0.0222,0.0462,-12.94,-31.75,-2.44,266.98,-82.88,-156.63
52.372097,-1.514108,134.05,16.48,4,358.98,20 / 20,746629,2019-09-06 18:28:33:311,-0.0154,-0.4827,9.9156,-0.0103,-0.0042,9.8066,0.0214,0.0213,0.0907,-12.94,-32.12,-3.06,263.53,-82.83,-156.08
52.372097,-1.514108,134.05,16.48,4,358.98,20 / 20,746729,2019-09-06 18:28:33:411,-0.1298,0.5514,9.821,-0.0123,-0.0099,9.8065,0.0396,-0.0055,-0.0181,-12.81,-31.44,-3.25,264.61,-82.87,-155.61
52.372097,-1.514108,134.05,16.48,4,358.98,20 / 20,746828,2019-09-06 18:28:33:510,-0.2355,0.6378,9.7843,-0.0018,-0.0038,9.8066,0.0073,-0.0276,-0.087,-13.06,-31.87,-2.75,264.47,-82.81,-155.06
52.372097,-1.514108,134.05,16.48,4,358.98,20 / 20,746928,2019-09-06 18:28:33:610,-1.0824,-0.2532,9.5851,-0.0201,-0.0179,9.8065,-0.0047,0.0341,0.0161,-13.25,-32.62,-3.56,260.24,-82.88,-155.35
52.372097,-1.514108,134.05,16.48,4,358.98,20 / 20,747028,2019-09-06 18:28:33:710,-0.0844,-0.5646,9.8945,-0.0169,-0.0161,9.8065,0.0376,0.0016,0.0427,-13.31,-32,-2.81,265.93,-83.02,-154.07
52.372097,-1.514108,134.05,16.48,4,358.98,20 / 20,747129,2019-09-06 18:28:33:811,-0.7374,-0.3307,10.1158,0.0046,0.0036,9.8066,-0.0275,0.0847,0.0209,-13,-32.31,-3.06,265.71,-82.93,-154.07
52.372097,-1.514108,134.05,16.48,4,358.98,20 / 20,747228,2019-09-06 18:28:33:910,-0.0033,-0.6162,9.7436,0.0109,0.0034,9.8066,-0.0201,-0.0624,0.0268,-13.37,-32.19,-2.94,265.89,-82.93,-153.88
52.372097,-1.514108,134.05,16.48,4,358.98,20 / 20,747329,2019-09-06 18:28:34:011,0.2593,-0.6111,10.2103,-0.0054,0.0112,9.8066,0.0296,0.073,-0.1567,-12.31,-32.06,-2.69,263.26,-82.98,-154.3
52.372097,-1.514108,134.05,16.48,4,358.98,21 / 21,747429,2019-09-06 18:28:34:111,1.7408,-0.4349,10.8088,0.0017,0.0424,9.8065,0.0943,-0.0761,0.1449,-12.44,-32.19,-2.62,260.26,-82.99,-157.51
52.372097,-1.514108,134.05,16.48,4,358.98,21 / 21,747529,2019-09-06 18:28:34:211,-2.0743,0.0431,10.0889,0.011,0.0082,9.8065,-0.1294,0.0421,-0.0578,-12.31,-32.44,-2.69,259.98,-82.91,-157.6
52.372097,-1.514108,134.05,16.48,4,358.98,21 / 21,747629,2019-09-06 18:28:34:311,0.4357,0.1277,9.6486,-0.0065,-0.0068,9.8066,-0.0494,-0.0198,-0.0085,-12.19,-31.87,-2.75,260.25,-82.97,-157.47
52.372097,-1.514108,134.05,16.48,4,358.98,21 / 21,747730,2019-09-06 18:28:34:412,-0.1604,-0.8574,9.6893,-0.0226,-0.0095,9.8065,0.0356,-0.0666,0.0057,-12.62,-32.19,-2.81,263.81,-83.17,-156.64
52.372097,-1.514108,134.05,16.48,4,358.98,21 / 21,747829,2019-09-06 18:28:34:511,-2.2571,0.1234,10.6445,-0.0284,-0.0205,9.8066,0.0673,-0.0184,0.0684,-12.5,-32,-3.06,261.81,-83.24,-156.55
52.372097,-1.514108,134.05,16.48,4,358.98,21 / 21,747929,2019-09-06 18:28:34:611,-0.6348,-0.1746,11.0952,0.0243,-0.0006,9.8066,-0.0078,-0.1605,-0.0966,-12.81,-32.06,-3.19,263.74,-82.92,-156.1
52.372097,-1.514108,134.05,16.48,4,358.98,21 / 21,748029,2019-09-06 18:28:34:711,-1.0445,0.9149,9.7559,-0.0177,0.0001,9.8066,0.0012,-0.0455,0.1667,-12.69,-32.19,-3.37,263.8,-82.92,-156.04
52.372097,-1.514108,134.05,16.48,4,358.98,21 / 21,748129,2019-09-06 18:28:34:811,0.7419,0.3599,9.759,0.0184,-0.0046,9.8065,-0.0923,0.0278,-0.0253,-12.62,-31.56,-2.25,267.57,-82.96,-156.24
52.372097,-1.514108,134.05,16.48,4,358.98,21 / 21,748229,2019-09-06 18:28:34:911,-1.0699,-0.2556,9.6397,0.0075,0.0094,9.8066,-0.1012,-0.0198,-0.0108,-12.94,-32.31,-3.19,264.27,-82.91,-155.51
52.372097,-1.514108,134.05,16.48,4,358.98,21 / 21,748328,2019-09-06 18:28:35:010,0.8651,0.2412,9.6728,-0.0215,-0.0109,9.8065,0.0563,0.0138,0.0098,-12.56,-32.25,-3.12,265.92,-83.14,-154.38
52.372097,-1.514108,134.05,16.48,4,358.98,21 / 21,748429,2019-09-06 18:28:35:111,1.3708,1.0181,9.6877,-0.0181,-0.0248,9.8066,0.1371,0.0034,-0.0388,-12.81,-32,-2.69,266.92,-83.23,-153.6
52.372097,-1.514108,134.05,16.48,4,358.98,21 / 21,748528,2019-09-06 18:28:35:210,0.6877,0.0184,8.9839,-0.0032,0.0066,9.8066,-0.0089,0.0418,0.0377,-12.56,-32.06,-2.69,266.94,-83.2,-153.51
52.372097,-1.514108,134.05,16.48,4,358.98,21 / 21,748629,2019-09-06 18:28:35:311,1.3275,-1.2124,9.0222,0.0123,-0.0016,9.8066,0.014,-0.0705,0.0786,-12.75,-32.06,-3.44,267.01,-83.29,-153.65
52.372097,-1.514108,134.05,16.48,4,358.98,21 / 21,748728,2019-09-06 18:28:35:410,-1.2739,-0.8568,10.0629,-0.0395,-0.0181,9.8065,-0.0125,0.0491,0.0309,-12.5,-31.87,-3.44,267.37,-83.5,-151.47
52.372097,-1.514108,134.05,16.48,4,358.98,21 / 21,748829,2019-09-06 18:28:35:511,1.7778,-0.0491,9.6555,0.0116,-0.0019,9.8066,-0.0518,0.0673,-0.0479,-12.56,-32.44,-2.81,269.62,-83.48,-151.48
52.372097,-1.514108,134.05,16.48,4,358.98,21 / 21,748929,2019-09-06 18:28:35:611,-0.2884,-0.7547,9.8173,-0.0114,0.0162,9.8066,0.0668,0.0543,-0.0864,-12.75,-32.37,-3.12,267.75,-83.54,-153.53
52.372097,-1.514108,134.05,16.48,4,358.98,21 / 21,749028,2019-09-06 18:28:35:710,-1.2682,-0.6252,9.2979,-0.0161,0.0241,9.8066,-0.0648,0.0089,-0.0254,-11.75,-32.44,-2.81,263.11,-83.68,-156.38
52.372097,-1.514108,134.05,16.48,4,358.98,21 / 21,749128,2019-09-06 18:28:35:810,-0.4338,1.6745,8.7452,-0.0339,0.0036,9.8066,0.0328,0.0606,-0.0105,-12.25,-32.25,-3.25,262.01,-83.93,-158.2
52.372097,-1.514108,134.05,16.48,4,358.98,21 / 21,749229,2019-09-06 18:28:35:911,-0.5456,-1.2023,10.2975,-0.0059,0.0088,9.8066,-0.0164,-0.1179,0.001,-12.12,-32.19,-3.5,262.57,-84.26,-158.49
52.372097,-1.514108,134.05,16.48,4,358.98,21 / 21,749328,2019-09-06 18:28:36:010,-0.1428,0.3822,9.5787,0.0152,0.0249,9.8065,-0.1359,0.0136,-0.0257,-12.19,-32.31,-3.69,258.37,-84.4,-159.2
52.372097,-1.514108,134.05,16.48,4,358.98,20 / 21,749428,2019-09-06 18:28:36:110,-1.6386,-0.9926,9.8144,0.0244,0.0185,9.8065,-0.0331,-0.006,0.061,-11.75,-31.94,-3.44,261.63,-84.44,-159.94
52.372097,-1.514108,134.05,16.48,4,358.98,20 / 21,749529,2019-09-06 18:28:36:211,-1.0688,-0.3077,9.0348,-0.0178,-0.0025,9.8066,-0.0939,-0.0774,0.0142,-12,-32.06,-3.75,258.83,-84.58,-159.18
52.372097,-1.514108,134.05,16.48,4,358.98,20 / 21,749628,2019-09-06 18:28:36:310,-0.1714,-0.356,8.9562,-0.0194,-0.009,9.8065,-0.003,0.0484,0.0155,-11.62,-31.5,-3.31,263.62,-84.67,-158.92
52.372097,-1.514108,134.05,16.48,4,358.98,20 / 21,749729,2019-09-06 18:28:36:411,-1.3315,-0.2431,9.9142,-0.003,-0.0112,9.8066,-0.0374,-0.0612,0.0002,-11.37,-31.56,-4.69,253.43,-84.82,-158.9
52.372097,-1.514108,134.05,16.48,4,358.98,20 / 21,749829,2019-09-06 18:28:36:511,-2.2665,0.5666,10.0415,-0.0155,-0.0181,9.8065,-0.0683,0.0426,-0.0697,-11.44,-32,-3.81,259.84,-84.9,-156.32
52.372097,-1.514108,134.05,16.48,4,358.98,20 / 21,749928,2019-09-06 18:28:36:610,-1.4244,1.0329,9.5115,-0.0015,-0.0122,9.8065,0.0623,-0.0014,0.0718,-11.19,-31.69,-4.19,260.04,-85.03,-156.48
52.372097,-1.514108,134.05,16.48,4,358.98,20 / 21,750029,2019-09-06 18:28:36:711,-0.1677,-0.0882,10.4449,0.0139,-0.0128,9.8065,0.0175,0.0568,-0.038,-10.94,-31.56,-4.12,262.15,-84.92,-153.98
52.372097,-1.514108,134.05,16.48,4,358.98,20 / 21,750128,2019-09-06 18:28:36:810,0.9921,-1.2115,11.3906,0.0455,0.0227,9.8065,-0.0162,0.1512,-0.1207,-11,-32.56,-3.87,260.04,-84.7,-155.09
52.372097,-1.514108,134.05,16.48,4,358.98,20 / 21,750229,2019-09-06 18:28:36:911,-0.3828,-0.5643,10.3839,0.0213,0.0317,9.8065,-0.0076,0.0131,-0.0258,-11.44,-32,-4.06,257.95,-84.75,-157.89
52.372097,-1.514108,134.05,16.48,4,358.98,20 / 21,750329,2019-09-06 18:28:37:011,0.5214,1.1773,9.449,-0.0074,0.0269,9.8066,-0.1305,-0.0831,0.0956,-10.94,-31.69,-3,261.53,-84.86,-158.79
52.372097,-1.514108,134.05,16.48,4,358.98,21 / 21,750428,2019-09-06 18:28:37:110,-0.8445,-0.6161,9.2579,0.0273,0.0145,9.8065,-0.106,0.0167,-0.0363,-10.31,-31.87,-4.06,253.48,-84.92,-160.1
52.372097,-1.514108,134.05,16.48,4,358.98,21 / 21,750529,2019-09-06 18:28:37:211,0.69,0.0728,9.8597,-0.026,-0.0176,9.8065,0.1049,-0.0288,0.1138,-11,-31.94,-3.75,257.28,-85.17,-159.77
52.372097,-1.514108,134.05,16.48,4,358.98,21 / 21,750629,2019-09-06 18:28:37:311,0.5131,1.7399,9.4301,-0.0103,-0.0233,9.8065,-0.0334,0.0706,0.0153,-10.81,-32.12,-3.94,258.16,-85.07,-158.55
52.372097,-1.514108,134.05,16.48,4,358.98,21 / 21,750729,2019-09-06 18:28:37:411,-0.4069,-0.3272,10.0913,0.0033,0.0014,9.8066,0.0284,0.045,-0.0105,-11.31,-31.94,-4.06,259.35,-84.96,-156.99
52.372097,-1.514108,134.05,16.48,4,358.98,21 / 21,750829,2019-09-06 18:28:37:511,-0.2932,0.4851,9.6443,0.0194,0.0221,9.8066,-0.0322,0.0492,-0.0287,-10.62,-32,-3.81,258.15,-84.92,-158.14
52.372097,-1.514108,134.05,16.48,4,358.98,21 / 21,750928,2019-09-06 18:28:37:610,-0.9673,0.9898,9.6757,0.0082,0.008,9.8065,-0.0465,0.0326,-0.0058,-10.56,-31.75,-3.19,259.91,-84.89,-160.55
52.372097,-1.514108,134.05,16.48,4,358.98,21 / 21,751028,2019-09-06 18:28:37:710,-0.2205,-0.2148,9.9806,0.013,0.0178,9.8065,-0.0671,-0.0366,0.0366,-10.75,-32.06,-3.69,255.05,-84.79,-161.08
52.372097,-1.514108,134.05,16.48,4,358.98,21 / 21,751129,2019-09-06 18:28:37:811,-0.8671,-0.2787,10.3628,0.0123,0.0024,9.8065,-0.0223,-0.0448,0.0206,-10.87,-32.12,-3.69,255.84,-84.75,-160.14
52.372097,-1.514108,134.05,16.48,4,358.98,21 / 21,751229,2019-09-06 18:28:37:911,-0.1802,-0.465,9.9156,-0.0093,-0.0218,9.8065,0.1214,-0.0246,0.0393,-11.12,-31.87,-3.75,257.64,-84.8,-158.36
52.372097,-1.514108,134.05,16.48,4,358.98,21 / 21,751328,2019-09-06 18:28:38:010,0.3614,0.8547,9.6202,0.0302,0.0025,9.8066,-0.0553,-0.0408,0.0796,-11.12,-32.25,-3.5,263.24,-84.63,-156.35
52.372097,-1.514108,134.05,16.48,4,358.98,20 / 21,751429,2019-09-06 18:28:38:111,0.5747,-0.5253,9.5979,0.0133,-0.0098,9.8066,0.1155,-0.0455,0.1014,-11.87,-32.25,-3.44,267.78,-84.46,-153.66
52.372097,-1.514108,134.05,16.48,4,358.98,20 / 21,751529,2019-09-06 18:28:38:211,-0.8494,-0.2653,9.845,0.0015,-0.0172,9.8066,-0.1022,-0.0307,0.0335,-11.25,-31.81,-3.37,268.56,-84.36,-150.12
52.372097,-1.514108,134.05,16.48,4,358.98,20 / 21,751628,2019-09-06 18:28:38:310,-1.0773,-1.0854,9.9435,0.0113,-0.0104,9.8066,-0.0564,0.0046,0.0898,-12,-31.25,-4.06,268.32,-84.18,-148.8
52.372097,-1.514108,134.05,16.48,4,358.98,20 / 21,751728,2019-09-06 18:28:38:410,0.7772,-0.4882,10.4128,0.0361,-0.0049,9.8065,0.0644,0.0159,-0.0223,-12.5,-32.5,-3.56,267.93,-83.83,-147.79
52.372097,-1.514108,134.05,16.48,4,358.98,20 / 21,751829,2019-09-06 18:28:38:511,-0.857,0.2436,10.0118,0.0182,0.0112,9.8066,0.023,-0.0283,0.0235,-11.81,-32.12,-2.81,271.88,-83.72,-147.55
52.372097,-1.514108,134.05,16.48,4,358.98,20 / 21,751930,2019-09-06 18:28:38:612,0.3341,0.4151,10.8076,-0.0139,-0.0099,9.8065,0.1119,-0.0691,0.0035,-11.75,-31.94,-3,271.48,-83.72,-147.94
52.372097,-1.514108,134.05,16.48,4,358.98,20 / 21,752029,2019-09-06 18:28:38:711,0.1772,0.0682,10.0136,-0.0426,-0.0125,9.8065,-0.0442,-0.0071,-0.0064,-11.75,-32,-2.31,276.4,-83.82,-147.66
52.372097,-1.514108,134.05,16.48,4,358.98,20 / 21,752128,2019-09-06 18:28:38:810,-0.7227,-0.0927,9.6652,0.0162,0.0105,9.8066,-0.1433,0.0239,0.0121,-12.06,-31.94,-2.81,270.35,-83.69,-148.99
52.372097,-1.514108,134.05,16.48,4,358.98,20 / 21,752229,2019-09-06 18:28:38:911,0.5586,-0.2833,9.999,0.0125,-0.0063,9.8066,-0.072,-0.0093,0.0173,-12.06,-32.12,-3.81,267.19,-83.7,-148.19
52.372097,-1.514108,134.05,16.48,4,358.98,20 / 21,752329,2019-09-06 18:28:39:011,0.4892,0.1982,9.5225,0.0106,0.0059,9.8066,-0.0456,-0.0178,-0.0112,-12.19,-32.19,-3.25,271.49,-83.68,-147.83
52.372097,-1.514108,134.05,16.48,4,358.98,21 / 21,752429,2019-09-06 18:28:39:111,-0.4806,-1.1174,9.729,-0.0057,-0.0026,9.8066,0.0447,0.0195,0.0219,-11.44,-31.94,-2.81,269.38,-83.79,-147.58
52.372097,-1.514108,134.05,16.48,4,358.98,21 / 21,752528,2019-09-06 18:28:39:210,-0.9965,-1.8347,10.2279,-0.0152,0.0045,9.8066,-0.0759,-0.0976,0.0686,-11.31,-31.56,-3.44,269.18,-83.83,-147.89
52.372097,-1.514108,134.05,16.48,4,358.98,21 / 21,752628,2019-09-06 18:28:39:310,0.223,-0.8599,9.86,-0.0019,0.0001,9.8066,0.0065,-0.0475,0.0129,-11.81,-32.44,-2.94,271.49,-83.79,-148.13
52.372097,-1.514108,134.05,16.48,4,358.98,21 / 21,752729,2019-09-06 18:28:39:411,0.3562,0.7015,10.2006,-0.0147,0.0059,9.8066,0.0786,-0.0373,-0.014,-11.37,-32.56,-3.19,267.53,-83.81,-148.96
52.372097,-1.514108,134.05,16.48,4,358.98,21 / 21,752828,2019-09-06 18:28:39:510,0.7782,0.261,9.61,-0.0109,0.0039,9.8066,0.0578,0.0083,-0.0162,-11.25,-32.19,-3.12,267.24,-83.76,-149.68
52.372097,-1.514108,134.05,16.48,4,358.98,21 / 21,752929,2019-09-06 18:28:39:611,-0.5007,0.0797,10.1201,0.0175,0.0141,9.8066,-0.1484,0.0655,-0.0324,-11.19,-32.25,-2.81,266.62,-83.83,-150.51
52.372097,-1.514108,134.05,16.48,4,358.98,21 / 21,753029,2019-09-06 18:28:39:711,0.1003,0.2667,10.0177,0.0136,0.01,9.8066,-0.0956,0.0084,-0.0578,-11.19,-32.37,-3.56,261.36,-83.75,-151.5
52.372097,-1.514108,134.05,16.48,4,358.98,21 / 21,753129,2019-09-06 18:28:39:811,0.2118,0.1393,9.8519,-0.0244,0.0098,9.8065,0.048,-0.0066,0.074,-11.37,-32.75,-2.87,263.93,-83.97,-153.15
52.372097,-1.514108,134.05,16.48,4,358.98,21 / 21,753229,2019-09-06 18:28:39:911,0.2757,0.8387,9.5335,0.0085,-0.0061,9.8066,0.0469,0.0834,-0.003,-11.12,-32.19,-2.62,264.4,-83.9,-153.01
52.372097,-1.514108,134.05,16.48,4,358.98,21 / 21,753329,2019-09-06 18:28:40:011,0.0858,0.9756,10.1319,0.0254,0.0056,9.8066,-0.0003,0.0583,-0.0524,-11.25,-32.62,-2.94,264.05,-83.94,-152.92
52.372097,-1.514108,134.05,16.48,4,358.98,19 / 19,753429,2019-09-06 18:28:40:111,1.2139,0.0047,10.8292,0.017,0.0026,9.8065,0.1507,0.0644,0.0234,-11.44,-32,-2.69,264.93,-83.77,-152.07
52.372097,-1.514108,134.05,16.48,4,358.98,19 / 19,753529,2019-09-06 18:28:40:211,-1.0788,1.9767,9.6908,-0.0061,-0.0214,9.8066,0.0426,0.0455,-0.0862,-11.62,-32.44,-2.44,271.79,-83.81,-152.16
52.372097,-1.514108,134.05,16.48,4,358.98,19 / 19,753628,2019-09-06 18:28:40:310,-1.6796,-0.8607,9.8633,-0.0592,-0.0234,9.8064,-0.1226,-0.0654,0.0086,-11.12,-32.69,-3.06,265.78,-83.99,-151.3
52.372097,-1.514108,134.05,16.48,4,358.98,19 / 19,753729,2019-09-06 18:28:40:411,-2.3782,1.0298,8.3744,-0.0016,0.0159,9.8066,-0.0456,0.1571,-0.2055,-11.12,-32.44,-2.94,266.23,-84.28,-152.25
52.372097,-1.514108,134.05,16.48,4,358.98,19 / 19,753829,2019-09-06 18:28:40:511,-1.008,0.3863,9.9796,0.0516,0.0477,9.8063,-0.1228,0.0473,0.0635,-10.06,-32.25,-3.44,259.88,-84.23,-155.72
52.372097,-1.514108,134.05,16.48,4,358.98,19 / 19,753929,2019-09-06 18:28:40:611,-0.135,0.8412,10.0658,0.0039,-0.0141,9.8066,0.0541,0.0704,0.0167,-10.25,-32.81,-3.25,259.61,-84.45,-156.15
52.372097,-1.514108,134.05,16.48,4,358.98,19 / 19,754029,2019-09-06 18:28:40:711,-0.1456,-0.6145,10.8593,-0.0298,-0.0222,9.8065,-0.0156,0.06,-0.0431,-10.81,-32.25,-2.62,264.21,-84.41,-154.7
52.372097,-1.514108,134.05,16.48,4,358.98,19 / 19,754128,2019-09-06 18:28:40:810,-0.1082,0.3136,10.0925,-0.0082,0.0096,9.8065,-0.0465,-0.0432,0.0205,-10.44,-32.62,-2.62,259.13,-84.25,-156.03
52.372097,-1.514108,134.05,16.48,4,358.98,19 / 19,754229,2019-09-06 18:28:40:911,-1.4852,1.6511,9.4638,-0.0024,-0.0105,9.8066,0.0228,0.175,-0.0906,-10.75,-32.5,-2.62,263.37,-84.27,-155.18
52.372097,-1.514108,134.05,16.48,4,358.98,19 / 19,754329,2019-09-06 18:28:41:011,0.0247,-0.759,9.0628,-0.0041,-0.0138,9.8066,0.006,-0.0053,-0.0158,-10.25,-32.94,-2.56,260.46,-84.45,-155.25
52.372097,-1.514108,134.05,16.48,4,358.98,20 / 20,754429,2019-09-06 18:28:41:111,-0.3294,-0.6102,9.7784,0.0135,0.0223,9.8066,-0.1153,0.0574,-0.0332,-9.94,-32.12,-2.69,260.52,-84.38,-155.51
52.372097,-1.514108,134.05,16.48,4,358.98,20 / 20,754528,2019-09-06 18:28:41:210,-0.038,2.503,9.4389,0.0141,-0.0026,9.8066,-0.0038,0.1417,-0.0144,-10.25,-32.81,-3.31,260.29,-84.45,-155.43
52.372097,-1.514108,134.05,16.48,4,358.98,20 / 20,754628,2019-09-06 18:28:41:310,-0.158,1.4902,9.0299,-0.0006,-0.0007,9.8066,0.05,0.0631,0.0073,-10.06,-31.56,-2.87,261.08,-84.43,-155.08
52.372097,-1.514108,134.05,16.48,4,358.98,20 / 20,754729,2019-09-06 18:28:41:411,-1.5209,0.135,10.7797,-0.0009,-0.0195,9.8066,-0.02,-0.0072,-0.0029,-10.19,-32.56,-3.12,262.13,-84.35,-153.18
52.372097,-1.514108,134.05,16.48,4,358.98,20 / 20,754828,2019-09-06 18:28:41:510,-0.3685,0.7436,11.0569,-0.0043,-0.0246,9.8066,0.1389,0.0745,0.0523,-10.81,-32.19,-2.87,268.01,-84.34,-150.6
52.372097,-1.514108,134.05,16.48,4,358.98,20 / 20,754928,2019-09-06 18:28:41:610,-0.1979,1.2597,10.2022,0.0211,0.0063,9.8066,-0.0146,0.0683,0.0267,-10.75,-32.56,-2.94,267.07,-84.08,-150.25
52.372097,-1.514108,134.05,16.48,4,358.98,20 / 20,755029,2019-09-06 18:28:41:711,-1.4798,0.0639,10.3726,0.022,-0.0017,9.8066,0.1175,0.0771,-0.0518,-10.31,-32.31,-3.25,265.7,-84.02,-148.94
52.372097,-1.514108,134.05,16.48,4,358.98,20 / 20,755129,2019-09-06 18:28:41:811,-0.0789,0.826,9.1986,-0.0031,0.0047,9.8066,-0.0171,0.1385,0.0691,-10,-32.06,-3.31,265.74,-84.14,-149.29
52.372097,-1.514108,134.05,16.48,4,358.98,20 / 20,755229,2019-09-06 18:28:41:911,-1.6633,-0.793,10.5609,0.02,0.0123,9.8066,-0.127,0.074,0.0765,-9.62,-32.69,-2.25,269.1,-84.09,-150.01
52.372097,-1.514108,134.05,16.48,4,358.98,20 / 20,755329,2019-09-06 18:28:42:011,0.8969,0.0113,10.787,0.0058,-0.0037,9.8066,0.1374,0.1097,-0.1764,-9.87,-32.75,-2.19,268.66,-84.16,-150.71
52.373524,-1.514302,135.88,17.43,4,350.19,19 / 20,755428,2019-09-06 18:28:42:110,-1.013,0.9441,9.6703,-0.0285,-0.0051,9.8065,0.1066,0.074,0.0276,-9.81,-32.5,-2.56,263.21,-84.11,-151.83
52.373524,-1.514302,135.88,17.43,4,350.19,19 / 20,755528,2019-09-06 18:28:42:210,-0.3374,0.4574,10.5028,-0.0042,-0.0018,9.8066,0.0873,0.0681,-0.0303,-9.69,-32.31,-2.56,264.1,-84.25,-151.36
52.373524,-1.514302,135.88,17.43,4,350.19,19 / 20,755629,2019-09-06 18:28:42:311,-0.0369,2.2815,9.4406,0.0084,-0.0111,9.8066,-0.0284,0.0997,0.0222,-9.75,-33.06,-2.19,269.24,-84.33,-150.71
52.373524,-1.514302,135.88,17.43,4,350.19,19 / 20,755729,2019-09-06 18:28:42:411,-1.5241,0.6473,9.2799,0.0555,0.0185,9.8064,-0.0068,0.023,0.1047,-9.62,-32.25,-2.56,265.88,-84.06,-148.89
52.373524,-1.514302,135.88,17.43,4,350.19,19 / 20,755829,2019-09-06 18:28:42:511,-1.4086,0.2213,10.4961,-0.012,-0.0319,9.8065,0.0997,-0.0514,-0.061,-9.37,-33.12,-2.5,271.73,-84.27,-144.7
52.373524,-1.514302,135.88,17.43,4,350.19,19 / 20,755929,2019-09-06 18:28:42:611,-1.1878,1.8568,9.6806,-0.0043,-0.0123,9.8066,0.0201,-0.0099,0.0687,-9.37,-32.31,-2.56,266.37,-84.24,-145.38
52.373524,-1.514302,135.88,17.43,4,350.19,19 / 20,756028,2019-09-06 18:28:42:710,-1.0887,0.4577,10.3669,0.0108,0.0023,9.8066,0.046,0.1361,-0.0167,-9.19,-32.44,-2.31,268.53,-84.06,-147.8
52.373524,-1.514302,135.88,17.43,4,350.19,19 / 20,756128,2019-09-06 18:28:42:810,-0.534,2.0092,9.3479,0.0073,0.0175,9.8066,0.0346,0.0469,0.0432,-8.81,-32.81,-2.44,266.45,-83.97,-148.88
52.373524,-1.514302,135.88,17.43,4,350.19,19 / 20,756228,2019-09-06 18:28:42:910,-0.5433,0.701,9.5492,-0.003,-0.0022,9.8066,-0.089,0.107,-0.0693,-9.25,-33,-2,266.88,-84,-148.56
52.373524,-1.514302,135.88,17.43,4,350.19,19 / 20,756329,2019-09-06 18:28:43:011,-1.0656,1.2604,9.5916,-0.0205,0.0027,9.8066,-0.1101,0.0242,-0.0296,-8.69,-32.69,-2.25,268.24,-84.29,-148.27
52.373524,-1.514302,135.88,17.43,4,350.19,20 / 20,756429,2019-09-06 18:28:43:111,-0.529,1.5881,10.1422,0.0029,0.0217,9.8066,0.0284,0.121,0.0047,-8.75,-32.94,-2.37,267.05,-84.4,-149.92
52.373524,-1.514302,135.88,17.43,4,350.19,20 / 20,756529,2019-09-06 18:28:43:211,0.1968,1.5066,9.8974,0.011,0.0002,9.8066,-0.0554,0.0991,-0.0675,-8.56,-32.87,-2,266.57,-84.39,-150.39
52.373524,-1.514302,135.88,17.43,4,350.19,20 / 20,756629,2019-09-06 18:28:43:311,-0.8044,1.4524,10.1009,0.0256,0.0207,9.8065,-0.0551,0.0314,-0.0232,-8.25,-33.12,-1.62,260.45,-84.1,-151.52
52.373524,-1.514302,135.88,17.43,4,350.19,20 / 20,756729,2019-09-06 18:28:43:411,-0.283,0.8987,9.471,0.0086,0.017,9.8065,-0.0492,0.072,0.0154,-8.56,-32.75,-1.69,264.46,-84.16,-151.68
52.373524,-1.514302,135.88,17.43,4,350.19,20 / 20,756829,2019-09-06 18:28:43:511,-1.8786,0.7338,9.742,-0.0321,-0.0079,9.8065,-0.018,0.0873,-0.0849,-7.81,-32.87,-2.12,260.83,-84.29,-151.92
52.373524,-1.514302,135.88,17.43,4,350.19,20 / 20,756929,2019-09-06 18:28:43:611,-0.6677,0.5758,10.0482,-0.031,0.0123,9.8066,-0.0278,0.0048,-0.0216,-7.44,-32.25,-1.94,256.67,-84.7,-154.06
52.373524,-1.514302,135.88,17.43,4,350.19,20 / 20,757029,2019-09-06 18:28:43:711,-1.2038,0.8481,9.6518,-0.0171,0.0095,9.8065,0.0937,0.0938,-0.0723,-7.37,-32.94,-2.12,253.59,-84.85,-157.44
52.373524,-1.514302,135.88,17.43,4,350.19,20 / 20,757128,2019-09-06 18:28:43:810,-0.9786,1.1358,10.0514,-0.0153,0.0054,9.8066,0.0038,0.0263,-0.0005,-6.94,-32.31,-1.62,252.34,-84.84,-159.56
52.373524,-1.514302,135.88,17.43,4,350.19,20 / 20,757228,2019-09-06 18:28:43:910,-1.4782,1.2129,10.239,0.0099,0.0038,9.8066,0.0177,0.0551,0.0647,-7.12,-32.19,-1.69,252.68,-84.93,-159.59
52.373524,-1.514302,135.88,17.43,4,350.19,20 / 20,757329,2019-09-06 18:28:44:011,-1.0509,0.9624,9.9271,0.0055,-0.0112,9.8066,0.024,0.0955,0.0203,-6.62,-32.81,-2.06,253.53,-84.91,-157.84
52.373524,-1.514302,135.88,17.43,4,350.19,19 / 19,757428,2019-09-06 18:28:44:110,-0.7756,0.7609,9.968,-0.0038,-0.0195,9.8066,-0.0074,0.001,0.0338,-7.19,-32.81,-2.44,253.89,-84.75,-156.66
52.373524,-1.514302,135.88,17.43,4,350.19,19 / 19,757529,2019-09-06 18:28:44:211,-0.6712,2.242,9.0852,0.0124,0.0123,9.8066,0.1247,0.032,0.0419,-7.06,-32.69,-2.19,254.65,-84.66,-155.34
52.373524,-1.514302,135.88,17.43,4,350.19,19 / 19,757629,2019-09-06 18:28:44:311,-1.3763,-0.2859,9.6153,-0.0252,-0.0252,9.8066,0.0725,0.0881,-0.0377,-7.12,-33.19,-1.62,256.15,-84.85,-154.58
52.373524,-1.514302,135.88,17.43,4,350.19,19 / 19,757729,2019-09-06 18:28:44:411,-0.6056,1.7246,9.7257,-0.0097,-0.0045,9.8066,-0.0944,0.0535,0.0291,-6.87,-32.56,-1.87,255.82,-84.87,-155.04
52.373524,-1.514302,135.88,17.43,4,350.19,19 / 19,757828,2019-09-06 18:28:44:510,-0.4071,1.5299,10.2355,0.0271,0.0149,9.8066,-0.0035,0.0748,0.0563,-6.37,-32.94,-1.81,249.06,-84.77,-156.08
52.373524,-1.514302,135.88,17.43,4,350.19,19 / 19,757929,2019-09-06 18:28:44:611,-0.8937,0.7693,9.6582,0.0328,0.0127,9.8065,-0.0237,0.0223,0.0133,-6.25,-32.75,-2.19,249.49,-84.64,-154.88
52.373524,-1.514302,135.88,17.43,4,350.19,19 / 19,758028,2019-09-06 18:28:44:710,-0.5014,-0.0468,9.9556,-0.0009,-0.0056,9.8066,-0.0103,-0.0033,0.0233,-6.31,-32.75,-1.87,250.88,-84.59,-152.97
52.373524,-1.514302,135.88,17.43,4,350.19,19 / 19,758129,2019-09-06 18:28:44:811,0.6841,0.1414,10.2238,0.0122,0.004,9.8066,0.0458,0.0031,0.0383,-6.44,-33.25,-1.31,257.4,-84.5,-152.54
52.373524,-1.514302,135.88,17.43,4,350.19,19 / 19,758230,2019-09-06 18:28:44:912,-1.1167,1.3074,9.7075,-0.0063,-0.0012,9.8066,0.0605,-0.0571,0.0869,-6.37,-32.81,-1.5,257.82,-84.61,-152.74
52.373524,-1.514302,135.88,17.43,4,350.19,19 / 19,758329,2019-09-06 18:28:45:011,0.308,0.8069,9.9842,-0.0346,-0.0303,9.8065,0.0746,-0.009,-0.0167,-6.19,-32.31,-1.12,260.33,-84.68,-151.41
52.373524,-1.514302,135.88,17.43,4,350.19,19 / 20,758428,2019-09-06 18:28:45:110,-1.1526,1.3649,9.4846,-0.0055,0.0059,9.8066,-0.0361,-0.0303,0.0486,-6.44,-32.87,-1.56,252.06,-84.6,-151.58
52.373524,-1.514302,135.88,17.43,4,350.19,19 / 20,758529,2019-09-06 18:28:45:211,-0.6887,-0.5007,10.3893,0.0188,-0.0057,9.8066,-0.0254,-0.0114,0.008,-6.56,-32.69,-0.87,264.56,-84.48,-150.64
52.373524,-1.514302,135.88,17.43,4,350.19,19 / 20,758629,2019-09-06 18:28:45:311,0.3266,0.3854,9.5297,0.0075,0.0067,9.8066,0.0811,0.0538,-0.0081,-6.62,-32.69,-0.56,263.66,-84.36,-150.96
52.373524,-1.514302,135.88,17.43,4,350.19,19 / 20,758729,2019-09-06 18:28:45:411,1.0419,0.5039,10.1105,0.0279,0.0167,9.8065,-0.0838,-0.0346,-0.0153,-6.56,-32.75,-1.19,262.22,-84.25,-151.94
52.373524,-1.514302,135.88,17.43,4,350.19,19 / 20,758829,2019-09-06 18:28:45:511,-0.6046,-0.2804,10.1228,-0.0205,-0.0063,9.8065,0.0592,0.0071,-0.0381,-6.69,-32.44,-1.19,263.19,-84.35,-152.32
52.373524,-1.514302,135.88,17.43,4,350.19,19 / 20,758928,2019-09-06 18:28:45:610,0.0581,0.5313,9.6866,-0.0191,-0.0142,9.8066,-0.0321,-0.0514,0.0382,-6.87,-33.06,-0.62,261.66,-84.3,-152.8
52.373524,-1.514302,135.88,17.43,4,350.19,19 / 20,759028,2019-09-06 18:28:45:710,1.1382,-0.2035,9.6466,-0.0142,0,9.8066,0.0441,0.0165,-0.0003,-6.81,-33.25,-0.5,268.52,-84.2,-152.91
52.373524,-1.514302,135.88,17.43,4,350.19,19 / 20,759128,2019-09-06 18:28:45:810,0.3617,0.9853,9.6722,0.0141,-0.0093,9.8066,0.0422,-0.0023,-0.0287,-6.81,-32.31,-0.44,270.44,-84.29,-152.37
52.373524,-1.514302,135.88,17.43,4,350.19,19 / 20,759229,2019-09-06 18:28:45:911,0.8084,-0.6562,10.015,-0.0171,-0.0052,9.8066,0.0284,-0.0251,0.0481,-6.75,-32.5,-1.06,263.38,-84.34,-152.04
52.373524,-1.514302,135.88,17.43,4,350.19,19 / 20,759329,2019-09-06 18:28:46:011,-0.1013,-0.537,9.8446,-0.001,-0.0065,9.8066,0.0954,0.0501,0.0248,-7,-32.37,-0.69,262.9,-84.29,-152.32
52.373524,-1.514302,135.88,17.43,4,350.19,18 / 19,759429,2019-09-06 18:28:46:111,0.1612,0.1117,9.4209,0.0114,0.0147,9.8066,-0.082,-0.0407,-0.044,-6.44,-32.5,-0.06,263.65,-84.14,-153.45
52.373524,-1.514302,135.88,17.43,4,350.19,18 / 19,759529,2019-09-06 18:28:46:211,-0.4441,0.0461,9.772,-0.0014,0.0125,9.8066,-0.068,-0.0028,-0.0093,-6.69,-33.31,-0.75,260.4,-84.26,-153.99
52.373524,-1.514302,135.88,17.43,4,350.19,18 / 19,759628,2019-09-06 18:28:46:310,0.0397,0.6094,9.6443,-0.0099,0.0021,9.8066,0.0506,0.0365,-0.0326,-6.69,-33.06,-1.06,259.82,-84.36,-155.14
52.373524,-1.514302,135.88,17.43,4,350.19,18 / 19,759728,2019-09-06 18:28:46:410,-0.2673,0.7319,9.442,0.0063,0.0138,9.8066,-0.0229,-0.0501,0.0375,-6.81,-32.94,-1.56,252.34,-84.36,-156.57
52.373524,-1.514302,135.88,17.43,4,350.19,18 / 19,759828,2019-09-06 18:28:46:510,-0.8693,-0.6468,10.0452,-0.0021,-0.0015,9.8066,-0.0158,0.0136,-0.0422,-6.69,-32.94,-0.69,258.8,-84.39,-156.41
52.373524,-1.514302,135.88,17.43,4,350.19,18 / 19,759929,2019-09-06 18:28:46:611,0.4375,-0.248,10.1496,-0.0164,0.0036,9.8066,0.0107,-0.0222,0.0092,-6.5,-32.94,-0.69,253.15,-84.48,-157.38
52.373524,-1.514302,135.88,17.43,4,350.19,18 / 19,760029,2019-09-06 18:28:46:711,-0.1324,-0.6747,9.8185,0.0136,0.014,9.8066,-0.0495,-0.0605,0.0451,-6.56,-32.62,-0.94,257.51,-84.45,-158.13
52.373524,-1.514302,135.88,17.43,4,350.19,18 / 19,760129,2019-09-06 18:28:46:811,0.6378,-0.4854,10.207,0.0084,0.0078,9.8066,0.0167,0.0639,-0.0426,-6.44,-33.19,-1.25,252.32,-84.45,-158.15
52.373524,-1.514302,135.88,17.43,4,350.19,18 / 19,760228,2019-09-06 18:28:46:910,-0.3448,0.4914,9.6448,0.0054,0.0067,9.8066,-0.0697,-0.0079,0.0519,-6.19,-32.69,-0.44,259.11,-84.41,-159.01
52.373524,-1.514302,135.88,17.43,4,350.19,18 / 19,760328,2019-09-06 18:28:47:010,-0.4108,0.0945,10.1046,-0.0021,-0.0148,9.8066,-0.0103,0.0349,-0.0031,-6.12,-32.94,-0.69,251.82,-84.36,-158.21
52.373524,-1.514302,135.88,17.43,4,350.19,19 / 21,760429,2019-09-06 18:28:47:111,-0.0717,-0.2148,10.1627,0.0092,-0.0057,9.8066,0.034,0.0128,-0.0393,-7.06,-32.81,-0.31,263.96,-84.24,-157.86
52.373524,-1.514302,135.88,17.43,4,350.19,19 / 21,760529,2019-09-06 18:28:47:211,0.5939,0.5041,9.5754,0.001,0.0109,9.8066,0.0471,-0.0529,0.0154,-6,-32.81,-0.69,251.67,-84.27,-157.87
52.373524,-1.514302,135.88,17.43,4,350.19,19 / 21,760629,2019-09-06 18:28:47:311,0.0867,-0.1018,9.7335,-0.001,-0.0002,9.8066,-0.0073,0.0357,-0.0572,-6.31,-32.62,-0.81,251.36,-84.31,-158.45
52.373524,-1.514302,135.88,17.43,4,350.19,19 / 21,760728,2019-09-06 18:28:47:410,0.0254,-0.7153,9.6195,-0.0206,0.0015,9.8066,0.0187,-0.0293,0.0144,-6.81,-32.87,-0.94,256.14,-84.42,-159.54
52.373524,-1.514302,135.88,17.43,4,350.19,19 / 21,760828,2019-09-06 18:28:47:510,-0.3488,-0.5369,9.6206,-0.0008,0.009,9.8066,-0.0761,-0.0186,0.0055,-6.56,-32.87,-0.12,262.19,-84.47,-160.96
52.373524,-1.514302,135.88,17.43,4,350.19,19 / 21,760929,2019-09-06 18:28:47:611,-0.8345,-1.0259,9.9492,-0.003,0.0039,9.8065,-0.057,-0.0318,-0.0192,-6.12,-32.62,-1.12,250.05,-84.52,-161.32
52.373524,-1.514302,135.88,17.43,4,350.19,19 / 21,761029,2019-09-06 18:28:47:711,0.1973,-0.1317,9.6302,-0.0021,0.0041,9.8066,0.022,-0.0217,-0.0255,-6.75,-32.25,-0.81,255.02,-84.53,-162.16
52.373524,-1.514302,135.88,17.43,4,350.19,19 / 21,761129,2019-09-06 18:28:47:811,-0.8201,-0.7731,10.5884,-0.0068,-0.0005,9.8066,0.0942,0.0022,0.0504,-6.12,-32.69,-0.81,248.44,-84.47,-162.95
52.373524,-1.514302,135.88,17.43,4,350.19,19 / 21,761229,2019-09-06 18:28:47:911,0.1447,-0.1552,9.6506,0.0012,-0.0056,9.8066,-0.0114,-0.087,0.0267,-5.87,-32.62,-1.37,248.67,-84.46,-162.65
52.373524,-1.514302,135.88,17.43,4,350.19,19 / 21,761330,2019-09-06 18:28:48:012,0.2377,-1.181,9.5518,-0.0051,-0.0152,9.8066,-0.0524,-0.0429,0.0463,-4.75,-32.19,-1.25,245.08,-84.56,-160.93
52.373524,-1.514302,135.88,17.43,4,350.19,19 / 19,761428,2019-09-06 18:28:48:110,0.099,-0.779,9.7932,-0.0017,-0.0037,9.8066,-0.0345,-0.0276,0.0374,-5.94,-31.87,-0.44,260.53,-84.67,-160.13
52.373524,-1.514302,135.88,17.43,4,350.19,19 / 19,761528,2019-09-06 18:28:48:210,-0.3164,-0.7163,9.4411,0.0093,0.0091,9.8066,0.0367,-0.0049,-0.0009,-6.87,-32.69,-0.94,256.84,-84.69,-160.1
52.373524,-1.514302,135.88,17.43,4,350.19,19 / 19,761628,2019-09-06 18:28:48:310,0.0907,-0.448,9.2139,-0.0142,-0.0125,9.8066,-0.0187,-0.005,-0.0183,-6.69,-32.56,-0.94,256.96,-84.73,-160.16
52.373524,-1.514302,135.88,17.43,4,350.19,19 / 19,761729,2019-09-06 18:28:48:411,0.9496,0.2977,9.4242,-0.0151,-0.0089,9.8066,-0.0665,0.0128,0.0454,-6.87,-32.75,-1.37,257.26,-84.73,-159.83
52.373524,-1.514302,135.88,17.43,4,350.19,19 / 19,761829,2019-09-06 18:28:48:511,-0.1025,-0.6031,10.5687,0.0072,0.0004,9.8066,0.0247,-0.0135,0.0435,-6.69,-32.31,-1.06,258.94,-84.77,-158.99
52.373524,-1.514302,135.88,17.43,4,350.19,19 / 19,761929,2019-09-06 18:28:48:611,-0.027,-0.2805,10.0123,0.0042,-0.0011,9.8066,0.0539,-0.055,-0.0301,-7.12,-33.25,-1.19,258.33,-84.7,-158.49
52.373524,-1.514302,135.88,17.43,4,350.19,19 / 19,762029,2019-09-06 18:28:48:711,0.6427,-0.7883,10.1019,-0.0083,0.0005,9.8066,0.0328,-0.0845,0.0089,-7,-32.62,-1.12,257.8,-84.69,-159.06
52.373524,-1.514302,135.88,17.43,4,350.19,19 / 19,762128,2019-09-06 18:28:48:810,0.1877,-0.1429,10.0502,-0.0137,-0.0057,9.8066,-0.0025,-0.0026,-0.0371,-6.75,-32.81,-1.25,257.88,-84.73,-159.18
52.373524,-1.514302,135.88,17.43,4,350.19,19 / 19,762228,2019-09-06 18:28:48:910,0.2823,-0.3096,9.5849,0.0017,0.0052,9.8066,-0.0337,-0.0188,-0.0085,-6.19,-32,-1.44,253.02,-84.84,-160.59
52.373524,-1.514302,135.88,17.43,4,350.19,19 / 19,762329,2019-09-06 18:28:49:011,0.4239,-0.2653,9.6468,0,0.003,9.8066,-0.0487,-0.0161,-0.0319,-6.19,-32.12,-1.44,253.25,-84.91,-160.69
52.373524,-1.514302,135.88,17.43,4,350.19,19 / 19,762432,2019-09-06 18:28:49:114,-0.1501,-0.988,9.9342,-0.0088,-0.0017,9.8066,0.0478,-0.0081,0.0078,-6.56,-32.25,-0.81,257.83,-85,-161.33
52.373524,-1.514302,135.88,17.43,4,350.19,19 / 19,762529,2019-09-06 18:28:49:211,-0.0008,-0.336,9.7616,-0.0038,0.0011,9.8066,0.0625,0.0158,0.0176,-6.62,-32.25,-1.06,256.95,-85,-162.31
52.373524,-1.514302,135.88,17.43,4,350.19,19 / 19,762628,2019-09-06 18:28:49:310,0.1467,-0.2955,10.1997,0.0022,0.0009,9.8066,0.0122,-0.0169,0.0758,-6.69,-32.37,-1.25,256.33,-84.87,-162.36
52.373524,-1.514302,135.88,17.43,4,350.19,19 / 19,762729,2019-09-06 18:28:49:411,0.3941,0.3749,9.6244,-0.0173,-0.01,9.8065,-0.0417,-0.0207,-0.0212,-7,-32.62,-1.12,255.92,-84.93,-162.34
52.373524,-1.514302,135.88,17.43,4,350.19,19 / 19,762828,2019-09-06 18:28:49:510,-0.2351,0.0199,9.0366,-0.0056,-0.0193,9.8066,-0.0288,0.0768,-0.0245,-7.19,-32.25,-1.44,257.83,-84.95,-161.1
52.373524,-1.514302,135.88,17.43,4,350.19,19 / 19,762928,2019-09-06 18:28:49:610,0.2651,0.6754,9.022,-0.018,-0.0139,9.8066,0.1227,-0.033,-0.044,-6.87,-32.75,-1.94,252.23,-85.02,-159.77
52.373524,-1.514302,135.88,17.43,4,350.19,19 / 19,763028,2019-09-06 18:28:49:710,0.3637,0.6522,10.5835,0.0175,-0.0021,9.8066,0.0063,0.0098,-0.038,-7.19,-32.5,-1.94,254.01,-85.22,-159.4
52.373524,-1.514302,135.88,17.43,4,350.19,19 / 19,763128,2019-09-06 18:28:49:810,1.8701,0.6005,9.3418,0.0141,0.0343,9.8065,-0.2065,0.0569,-0.0264,-7,-32.56,-1.87,252.87,-85.21,-159.95
52.373524,-1.514302,135.88,17.43,4,350.19,19 / 19,763229,2019-09-06 18:28:49:911,-0.0264,0.1793,10.3682,-0.002,0.0159,9.8066,-0.081,0.0148,-0.0611,-7.25,-32.37,-1.62,252.53,-85.49,-162.29
52.373524,-1.514302,135.88,17.43,4,350.19,19 / 19,763330,2019-09-06 18:28:50:012,0.3435,-0.032,10.2443,0.0012,0.0064,9.8066,0.0617,0.0172,-0.0286,-6.81,-32.25,-1.06,257.95,-85.44,-163.27
52.373524,-1.514302,135.88,17.43,4,350.19,21 / 21,763429,2019-09-06 18:28:50:111,0.4425,0.979,9.0822,0.0052,-0.0104,9.8066,0.0438,0.0247,-0.0031,-6.44,-32.87,-1.31,252.67,-85.38,-163.16
52.373524,-1.514302,135.88,17.43,4,350.19,21 / 21,763529,2019-09-06 18:28:50:211,0.5918,-0.0321,10.1141,-0.0252,-0.0221,9.8065,0.0509,-0.02,0.0003,-7.62,-32.37,-1.31,263.61,-85.46,-161.03
52.373524,-1.514302,135.88,17.43,4,350.19,21 / 21,763628,2019-09-06 18:28:50:310,0.6032,-0.2726,9.9377,0.0333,0.0022,9.8065,0.1586,-0.0099,0.0674,-7,-32.62,-1.62,254.92,-85.37,-158.44
52.373524,-1.514302,135.88,17.43,4,350.19,21 / 21,763729,2019-09-06 18:28:50:411,1.4018,0.2448,10.1931,0.006,0.0012,9.8066,-0.0668,0.0384,-0.0072,-6.81,-32.31,-2,256.07,-85.23,-157.18
52.373524,-1.514302,135.88,17.43,4,350.19,21 / 21,763828,2019-09-06 18:28:50:510,-0.1446,-1.0612,10.3781,-0.0268,-0.0173,9.8065,-0.1511,-0.0101,-0.0131,-6.56,-32.75,-1.25,262.63,-85.27,-156.76
52.373524,-1.514302,135.88,17.43,4,350.19,21 / 21,763929,2019-09-06 18:28:50:611,0.6034,-0.6761,10.1398,-0.0252,0.0078,9.8065,0.0687,0,-0.0925,-6.19,-32.56,-0.94,255.75,-85.19,-158.57
52.373524,-1.514302,135.88,17.43,4,350.19,21 / 21,764028,2019-09-06 18:28:50:710,1.0833,0.0691,10.0804,0.003,0.0146,9.8066,0.0071,0.082,-0.0374,-7.12,-32.62,-1.56,253.06,-85.19,-159.66
52.373524,-1.514302,135.88,17.43,4,350.19,21 / 21,764128,2019-09-06 18:28:50:810,-0.1508,0.3104,9.5776,-0.0306,-0.0139,9.8065,0.1072,-0.0608,0.0286,-7,-32.25,-1.5,258.07,-85.2,-161.99
52.373524,-1.514302,135.88,17.43,4,350.19,21 / 21,764228,2019-09-06 18:28:50:910,-1.4739,1.1557,8.8155,0.0065,0.0054,9.8066,-0.0424,0.1299,-0.1275,-6.62,-32.19,-2.06,249.48,-85.12,-164.07
52.373524,-1.514302,135.88,17.43,4,350.19,21 / 21,764329,2019-09-06 18:28:51:011,-0.2409,0.3478,9.6401,0.0198,0.0009,9.8066,0.0064,0.0421,0.1527,-6.12,-32.44,-1.62,247.57,-85.25,-161.19
52.37484,-1.515069,136.15,17.1,4,340.4,19 / 20,764429,2019-09-06 18:28:51:111,-1.0129,0.2181,8.6109,-0.0309,-0.019,9.8065,-0.1699,0.0246,-0.0635,-6.5,-32.25,-1.44,256.99,-85.58,-160.24
52.37484,-1.515069,136.15,17.1,4,340.4,19 / 20,764529,2019-09-06 18:28:51:211,1.0288,-1.6328,10.1282,-0.0051,-0.0211,9.8066,0.1582,0.0608,0.0911,-6.62,-32.06,-1.69,256.19,-85.52,-158.38
52.37484,-1.515069,136.15,17.1,4,340.4,19 / 20,764628,2019-09-06 18:28:51:310,0.1701,-1.3196,11.0984,0.0337,0.0037,9.8065,0.1315,-0.0019,0.1265,-7.44,-32.44,-1.19,266.75,-85.45,-154.05
52.37484,-1.515069,136.15,17.1,4,340.4,19 / 20,764729,2019-09-06 18:28:51:411,-0.051,-0.0742,10.7341,0.0086,0.0141,9.8066,0.09,-0.0154,-0.0174,-7.12,-32.94,-1.69,256.65,-85.19,-155.67
52.37484,-1.515069,136.15,17.1,4,340.4,19 / 20,764829,2019-09-06 18:28:51:511,0.3219,0.2813,11.3224,0.0239,0.0229,9.8065,0.0024,-0.0892,0.0165,-7.12,-32.44,-1.19,259.96,-84.71,-157.6
52.37484,-1.515069,136.15,17.1,4,340.4,19 / 20,764929,2019-09-06 18:28:51:611,1.7602,-0.0655,10.3389,-0.0158,0.0008,9.8066,-0.0131,0.0578,-0.0599,-6.69,-32.81,-0.75,257.67,-84.73,-159.4
52.37484,-1.515069,136.15,17.1,4,340.4,19 / 20,765029,2019-09-06 18:28:51:711,0.2139,0.1537,9.5775,-0.0007,0.0246,9.8066,0.01,0.0712,0.0533,-7.12,-32.31,-0.81,256.57,-84.73,-161.42
52.37484,-1.515069,136.15,17.1,4,340.4,19 / 20,765128,2019-09-06 18:28:51:810,-0.1652,0.5018,8.5383,-0.011,0.0173,9.8066,-0.0557,0.0256,-0.0616,-6.56,-32.12,-1.31,256.47,-85.07,-163.13
52.37484,-1.515069,136.15,17.1,4,340.4,19 / 20,765229,2019-09-06 18:28:51:911,-1.614,0.0324,9.4244,-0.0325,-0.0181,9.8065,0.0094,-0.0135,0.0249,-6.44,-32.44,-1.69,245.49,-85.28,-163.82
52.37484,-1.515069,136.15,17.1,4,340.4,19 / 20,765328,2019-09-06 18:28:52:010,-0.8576,-0.4033,10.6586,-0.009,-0.0182,9.8065,0.1547,0.0172,0.051,-6.5,-32.44,-1.69,247.59,-85.48,-162.36
52.37484,-1.515069,136.15,17.1,4,340.4,20 / 21,765428,2019-09-06 18:28:52:110,0.881,-0.1346,9.5228,0.0248,0.0152,9.8066,0.0441,0.0371,-0.088,-6.75,-32.19,-1.75,250.86,-85.16,-162.66
52.37484,-1.515069,136.15,17.1,4,340.4,20 / 21,765528,2019-09-06 18:28:52:210,0.4532,0.0983,9.9572,0.0322,-0.0022,9.8065,0.0061,0.0207,0.1027,-6.94,-32.37,-1.37,258.42,-85,-160.67
52.37484,-1.515069,136.15,17.1,4,340.4,20 / 21,765628,2019-09-06 18:28:52:310,-1.2336,1.2999,10.1381,-0.0463,-0.0206,9.8064,-0.037,0.0849,-0.0433,-7.19,-32.25,-1.19,259.7,-85.15,-160
52.37484,-1.515069,136.15,17.1,4,340.4,20 / 21,765729,2019-09-06 18:28:52:411,0.083,0.7261,9.0379,-0.0162,-0.0287,9.8066,0,0.0383,0.0414,-7.19,-32.5,-1.62,254.05,-85.07,-158.67
52.37484,-1.515069,136.15,17.1,4,340.4,20 / 21,765828,2019-09-06 18:28:52:510,0.0996,0.5107,9.126,0.0085,0.0049,9.8066,0.0305,0.0454,0.007,-7.12,-31.94,-1,261.86,-85.06,-157.27
52.37484,-1.515069,136.15,17.1,4,340.4,20 / 21,765929,2019-09-06 18:28:52:611,-2.5691,-1.7866,9.4575,0.0298,0.0013,9.8065,-0.1252,0.017,0.0345,-7.25,-31.87,-1.75,256.36,-84.96,-155.61
52.37484,-1.515069,136.15,17.1,4,340.4,20 / 21,766029,2019-09-06 18:28:52:711,-0.5097,0.7281,9.0265,-0.0617,-0.0596,9.8063,-0.2444,0.0727,-0.0065,-6.94,-31.87,-2,260.48,-85.15,-152.05
52.37484,-1.515069,136.15,17.1,4,340.4,20 / 21,766129,2019-09-06 18:28:52:811,0.793,1.7032,9.1112,-0.0551,-0.0445,9.8064,0.1957,0.0269,0.0109,-7.25,-31.37,-1.5,264.49,-84.77,-153.88
52.37484,-1.515069,136.15,17.1,4,340.4,20 / 21,766228,2019-09-06 18:28:52:910,-1.5038,-0.2619,10.7321,0.0011,-0.0187,9.8066,-0.0846,0.0086,-0.0945,-7.37,-32.25,-0.94,267.7,-84.88,-150.29
52.37484,-1.515069,136.15,17.1,4,340.4,20 / 21,766329,2019-09-06 18:28:53:011,0.5482,0.4411,10.4987,0.0303,0.0324,9.8065,0.0873,0.0547,0.0801,-7.06,-31.87,-1.06,265.67,-84.83,-152.12
52.37484,-1.515069,136.15,17.1,4,340.4,19 / 21,766429,2019-09-06 18:28:53:111,0.5668,0.3459,10.5265,0.0113,0.016,9.8066,0.156,0.0468,0.0351,-7.12,-31.56,-1.62,257.78,-84.78,-153.2
52.37484,-1.515069,136.15,17.1,4,340.4,19 / 21,766529,2019-09-06 18:28:53:211,0.7859,0.5877,9.6117,0.0291,0.0094,9.8065,-0.156,-0.037,-0.0841,-6.94,-32.12,-0.87,263.48,-84.69,-153.7
52.37484,-1.515069,136.15,17.1,4,340.4,19 / 21,766629,2019-09-06 18:28:53:311,-0.774,0.7727,9.708,-0.0038,0.0059,9.8066,-0.0133,0.0609,-0.0408,-6.75,-32.25,-0.87,265.59,-84.94,-152.73
52.37484,-1.515069,136.15,17.1,4,340.4,19 / 21,766729,2019-09-06 18:28:53:411,-0.0743,0.9915,10.042,0.0004,-0.0119,9.8065,0.0105,-0.0305,-0.0021,-5.81,-31.81,-1.31,261.12,-85,-152.43
52.37484,-1.515069,136.15,17.1,4,340.4,19 / 21,766828,2019-09-06 18:28:53:510,-0.0258,0.2652,9.8622,0.0008,-0.0095,9.8066,0.0158,0.0022,0.0528,-6.69,-32.75,-1.44,265.28,-84.94,-152.31
52.37484,-1.515069,136.15,17.1,4,340.4,19 / 21,766928,2019-09-06 18:28:53:610,-0.2468,0.4257,10.1971,0.0027,-0.005,9.8066,-0.0103,0.0563,0.024,-6.62,-32.19,-0.94,265.68,-84.75,-151.69
52.37484,-1.515069,136.15,17.1,4,340.4,19 / 21,767029,2019-09-06 18:28:53:711,-0.4908,0.8312,9.7448,0.0011,-0.004,9.8066,0.0538,0.0276,0.0267,-6.94,-32.69,-1,264.75,-84.61,-151.17
52.37484,-1.515069,136.15,17.1,4,340.4,19 / 21,767129,2019-09-06 18:28:53:811,-0.4515,-0.011,9.618,-0.0159,-0.0041,9.8066,-0.0457,0.0023,-0.0265,-6.69,-32.62,-1.12,265.6,-84.73,-150.88
52.37484,-1.515069,136.15,17.1,4,340.4,19 / 21,767229,2019-09-06 18:28:53:911,0.0993,0.2225,10.2013,-0.0352,-0.0126,9.8065,0.1097,0.032,0.0002,-6.25,-33.12,-1.31,261.44,-84.94,-150.78
52.37484,-1.515069,136.15,17.1,4,340.4,19 / 21,767329,2019-09-06 18:28:54:011,-0.5771,1.4811,9.4753,0.003,0.0209,9.8066,0.1041,0.0727,-0.0495,-6.5,-33.12,-0.81,259.35,-84.93,-153
52.37484,-1.515069,136.15,17.1,4,340.4,21 / 21,767428,2019-09-06 18:28:54:110,-0.7901,0.0769,9.9375,0.0155,0.0166,9.8066,-0.1022,-0.0217,0.0002,-6.37,-31.94,-0.94,259.95,-84.95,-153.41
52.37484,-1.515069,136.15,17.1,4,340.4,21 / 21,767529,2019-09-06 18:28:54:211,-0.907,1.1963,10.2893,-0.0019,0.0013,9.8066,0.0077,0.0223,0.0333,-5.5,-32.44,-0.94,254.4,-85.14,-153.44
52.37484,-1.515069,136.15,17.1,4,340.4,21 / 21,767628,2019-09-06 18:28:54:310,-0.8348,1.2029,9.4026,0.0141,0.015,9.8066,-0.0369,0.0256,-0.0053,-5.31,-32.81,-1.31,252.33,-85.04,-154.08
52.37484,-1.515069,136.15,17.1,4,340.4,21 / 21,767729,2019-09-06 18:28:54:411,-0.9687,0.5374,9.6557,0.0026,-0.0214,9.8066,0.0014,0.0305,0.0197,-5.62,-33.06,-1.06,260.15,-85.04,-152.76
52.37484,-1.515069,136.15,17.1,4,340.4,21 / 21,767828,2019-09-06 18:28:54:510,-0.1795,0.3828,9.9424,-0.0072,-0.0082,9.8066,0.0455,0.0802,-0.0094,-5.87,-32.81,-0.75,261.12,-85.07,-151.9
52.37484,-1.515069,136.15,17.1,4,340.4,21 / 21,767929,2019-09-06 18:28:54:611,-0.4255,1.2027,9.7738,0.0038,0.0008,9.8066,0.0343,0.0548,0.0436,-5.5,-33.31,-0.75,254.13,-85.01,-151.71
52.37484,-1.515069,136.15,17.1,4,340.4,21 / 21,768029,2019-09-06 18:28:54:711,-0.7077,0.5766,9.0806,0.016,0.0058,9.8066,-0.0554,0.0977,-0.0419,-5.94,-32.87,-1.44,261.54,-84.96,-150.8
52.37484,-1.515069,136.15,17.1,4,340.4,21 / 21,768129,2019-09-06 18:28:54:811,-0.8184,1.0065,9.7157,-0.0115,-0.02,9.8066,-0.1031,0.1155,0.0317,-5.44,-32.25,-0.87,256.1,-84.95,-150.07
52.37484,-1.515069,136.15,17.1,4,340.4,21 / 21,768228,2019-09-06 18:28:54:910,0.9926,0.6434,10.1593,-0.0105,0.0082,9.8066,0.0077,0.0447,-0.0542,-5.69,-33.19,-1.06,262.79,-85.05,-150.01
52.37484,-1.515069,136.15,17.1,4,340.4,21 / 21,768329,2019-09-06 18:28:55:011,0.3731,0.4084,10.2362,0.0008,0.0121,9.8066,0.0358,-0.0112,-0.0839,-5.5,-32.44,-0.75,255.24,-85.14,-152.47
52.37484,-1.515069,136.15,17.1,4,340.4,21 / 22,768429,2019-09-06 18:28:55:111,-0.8574,0.9349,9.9129,0.0017,0.007,9.8066,-0.0218,0.0987,-0.0162,-5.44,-33.25,-0.75,253.14,-85.12,-153.68
52.37484,-1.515069,136.15,17.1,4,340.4,21 / 22,768528,2019-09-06 18:28:55:210,1.1071,0.5534,10.0213,-0.0032,-0.0039,9.8066,-0.0061,0.0611,-0.0005,-5.19,-32.81,-0.44,261.44,-85.09,-154.5
52.37484,-1.515069,136.15,17.1,4,340.4,21 / 22,768629,2019-09-06 18:28:55:311,0.357,-0.7619,10.1946,-0.0098,-0.0085,9.8066,0.0031,0.0411,-0.078,-5.06,-32.75,-0.87,252.57,-85.13,-154.44
52.37484,-1.515069,136.15,17.1,4,340.4,21 / 22,768729,2019-09-06 18:28:55:411,0.3829,0.0588,9.889,0.0048,0.0051,9.8066,-0.0431,0.0473,-0.0069,-4.69,-33.19,-0.81,252.74,-85.18,-154.62
52.37484,-1.515069,136.15,17.1,4,340.4,21 / 22,768828,2019-09-06 18:28:55:510,-0.5198,-0.3507,9.6577,0.0041,0.0007,9.8066,-0.0245,-0.0114,0.0135,-5.31,-32.69,-1.31,252.96,-85.19,-154.42
52.37484,-1.515069,136.15,17.1,4,340.4,21 / 22,768929,2019-09-06 18:28:55:611,0.1522,0.0564,10.0322,-0.0232,-0.0192,9.8065,0.0871,-0.0177,0.0394,-5.19,-32.81,-0.69,254.99,-85.29,-152.74
52.37484,-1.515069,136.15,17.1,4,340.4,21 / 22,769029,2019-09-06 18:28:55:711,0.5485,-0.053,10.1672,-0.0189,-0.0223,9.8065,0.0355,-0.0219,0.0331,-5.06,-33.25,-0.62,254.41,-85.19,-152.69
52.37484,-1.515069,136.15,17.1,4,340.4,21 / 22,769129,2019-09-06 18:28:55:811,-0.272,-0.1616,10.068,0.0148,0.0055,9.8066,-0.0197,-0.0189,-0.0001,-5.37,-32.87,-0.94,253.44,-85.03,-152.69
52.37484,-1.515069,136.15,17.1,4,340.4,21 / 22,769228,2019-09-06 18:28:55:910,-1.1918,0.5092,9.5502,-0.0026,-0.0075,9.8066,-0.0352,0.0739,-0.0747,-5.19,-33.25,-0.94,253.63,-85.01,-152.3
52.37484,-1.515069,136.15,17.1,4,340.4,21 / 22,769328,2019-09-06 18:28:56:010,-0.4288,-0.6856,10.3344,0.0117,0.0055,9.8066,-0.0669,-0.0401,0.0145,-5.19,-32.87,-0.62,254.2,-85.11,-152.39
52.37484,-1.515069,136.15,17.1,4,340.4,20 / 21,769429,2019-09-06 18:28:56:111,-0.1494,1.1427,9.2108,-0.0147,-0.0119,9.8066,0.0563,0.0504,-0.034,-5.19,-32.69,-0.62,254.75,-85.13,-151.82
52.37484,-1.515069,136.15,17.1,4,340.4,20 / 21,769528,2019-09-06 18:28:56:210,-0.3557,0.0063,9.8355,0.0002,-0.0028,9.8066,-0.0877,-0.0058,-0.018,-4.75,-32.75,-0.37,264.06,-85.07,-151.49
52.37484,-1.515069,136.15,17.1,4,340.4,20 / 21,769628,2019-09-06 18:28:56:310,-0.3888,0.408,9.8682,0.0191,0.0105,9.8065,-0.0227,0.0122,-0.017,-5.06,-32.75,-1,254.8,-85.03,-151.06
52.37484,-1.515069,136.15,17.1,4,340.4,20 / 21,769729,2019-09-06 18:28:56:411,-0.9181,0.2164,9.821,-0.0062,-0.0047,9.8066,-0.0434,0.0112,-0.0034,-5.19,-33.12,-0.06,264.89,-85.11,-150.9
52.37484,-1.515069,136.15,17.1,4,340.4,20 / 21,769829,2019-09-06 18:28:56:511,-0.9922,-0.7221,9.9469,-0.0134,-0.0066,9.8066,-0.058,-0.0441,0.0277,-5.44,-33.25,-0.37,264.42,-85.08,-151.15
52.37484,-1.515069,136.15,17.1,4,340.4,20 / 21,769929,2019-09-06 18:28:56:611,-0.3563,-0.1555,10.4657,0.0078,0.0008,9.8066,-0.0193,-0.0174,0.0143,-5.5,-33.06,-0.25,265.52,-85.09,-150.1
52.37484,-1.515069,136.15,17.1,4,340.4,20 / 21,770028,2019-09-06 18:28:56:710,0.3173,0.5102,10.314,-0.0031,0.0028,9.8066,0.0531,0.0192,-0.0154,-5.25,-32.37,-0.44,266.51,-85.07,-150.03
52.37484,-1.515069,136.15,17.1,4,340.4,20 / 21,770128,2019-09-06 18:28:56:810,0.3389,0.3439,9.6917,0.0203,0.0213,9.8066,-0.1097,-0.0082,-0.0258,-5,-32.75,-0.56,254.46,-85.07,-151.78
52.37484,-1.515069,136.15,17.1,4,340.4,20 / 21,770229,2019-09-06 18:28:56:911,0.0437,0.6913,9.6576,-0.0185,0.0021,9.8066,0.008,-0.0073,-0.0321,-4.94,-33.25,-0.87,256.29,-85.33,-151.54
52.37484,-1.515069,136.15,17.1,4,340.4,20 / 21,770329,2019-09-06 18:28:57:011,-0.5117,0.0444,9.1536,-0.0134,-0.0043,9.8066,-0.0816,-0.0441,-0.012,-5,-33,-0.81,257.52,-85.58,-151.95
52.37484,-1.515069,136.15,17.1,4,340.4,22 / 22,770429,2019-09-06 18:28:57:111,-0.2733,0.3483,10.085,-0.0302,-0.016,9.8066,-0.0099,0.0326,0.0334,-4.75,-32.94,-0.69,259.18,-85.78,-151.54
52.37484,-1.515069,136.15,17.1,4,340.4,22 / 22,770529,2019-09-06 18:28:57:211,-1.0553,-0.1458,10.2039,0.0121,0.0035,9.8066,-0.019,0.0033,0.0234,-5.25,-32.62,-0.69,258.94,-85.74,-151.55
52.37484,-1.515069,136.15,17.1,4,340.4,22 / 22,770628,2019-09-06 18:28:57:310,-0.7804,0.458,10.2479,0.0108,0.0036,9.8066,-0.0593,0.0331,0.034,-4.75,-32.94,-0.19,267.49,-85.51,-151.35
52.37484,-1.515069,136.15,17.1,4,340.4,22 / 22,770729,2019-09-06 18:28:57:411,0.5522,-0.2535,10.1706,0.0122,-0.0089,9.8066,0.0378,0.0172,-0.0405,-4.81,-32.69,-0.69,257.55,-85.33,-150.14
52.37484,-1.515069,136.15,17.1,4,340.4,22 / 22,770829,2019-09-06 18:28:57:511,-0.3616,0.1957,9.7968,-0.0136,-0.0174,9.8066,0.0962,0.0543,0.0121,-5,-32.25,-1.31,259.65,-85.38,-149.19
52.37484,-1.515069,136.15,17.1,4,340.4,22 / 22,770929,2019-09-06 18:28:57:611,-0.5268,0.0388,9.7889,0.0089,-0.0066,9.8066,-0.0824,0.0261,0.0044,-3.87,-32.25,-1.06,251.28,-85.32,-147.71
52.37484,-1.515069,136.15,17.1,4,340.4,22 / 22,771028,2019-09-06 18:28:57:710,-0.6004,-0.2252,9.4265,0.0098,0.0132,9.8066,-0.0926,0.027,0.0015,-4.69,-32.44,-0.81,260.43,-85.25,-147.39
52.37484,-1.515069,136.15,17.1,4,340.4,22 / 22,771128,2019-09-06 18:28:57:810,-0.9794,-1.0122,10.211,0.0035,-0.0144,9.8066,-0.0639,0.0272,-0.0162,-5.06,-32.69,-1.19,258.98,-85.2,-147.48
52.37484,-1.515069,136.15,17.1,4,340.4,22 / 22,771229,2019-09-06 18:28:57:911,-0.1321,-0.937,10.7354,-0.0087,-0.0223,9.8066,0.0249,-0.0194,0.0234,-5.06,-32.94,-0.56,260.75,-85.21,-145.64
52.37484,-1.515069,136.15,17.1,4,340.4,22 / 22,771328,2019-09-06 18:28:58:010,0.0471,-0.1484,10.6922,0.019,0.0158,9.8066,0.0607,0.029,0.0039,-5.5,-33.06,-0.62,259.99,-85.13,-145.85
52.37484,-1.515069,136.15,17.1,4,340.4,21 / 22,771429,2019-09-06 18:28:58:111,-0.66,-0.1355,9.7086,0.0302,0.0307,9.8065,0.0024,-0.0614,0.0082,-5.37,-33.12,0.25,267.82,-85.05,-147.32
52.37484,-1.515069,136.15,17.1,4,340.4,21 / 22,771528,2019-09-06 18:28:58:210,0.078,-0.1256,9.535,-0.0062,0.0122,9.8066,-0.0881,-0.048,-0.0114,-4.87,-33.31,-0.75,257.78,-85.2,-148.86
52.37484,-1.515069,136.15,17.1,4,340.4,21 / 22,771629,2019-09-06 18:28:58:311,-0.4361,-0.3859,9.4613,-0.0027,0.0187,9.8065,-0.1387,-0.0302,-0.0381,-4.87,-32.94,-0.25,267.5,-85.32,-149.8
52.37484,-1.515069,136.15,17.1,4,340.4,21 / 22,771728,2019-09-06 18:28:58:410,-0.3795,-0.0974,10.4056,-0.0396,-0.0101,9.8065,0.2091,0.0444,-0.0273,-4.62,-32.56,-0.56,256.87,-85.41,-151.44
52.37484,-1.515069,136.15,17.1,4,340.4,21 / 22,771829,2019-09-06 18:28:58:511,-0.0613,0.4236,9.9774,-0.0382,0.0022,9.8065,0.11,0.0172,0.0303,-4.56,-32.69,-0.56,255.89,-85.7,-154.68
52.37484,-1.515069,136.15,17.1,4,340.4,21 / 22,771929,2019-09-06 18:28:58:611,1.3613,0.5631,9.9024,0.0577,0.0148,9.8064,-0.1119,0.0166,-0.0431,-4.19,-32.69,-0.37,254.46,-85.28,-154.55
52.37484,-1.515069,136.15,17.1,4,340.4,21 / 22,772028,2019-09-06 18:28:58:710,-0.8577,-0.3407,9.2872,-0.0056,0.0192,9.8066,-0.0593,0.008,-0.0234,-4.25,-32.81,-0.44,255.08,-85.38,-154.84
52.37484,-1.515069,136.15,17.1,4,340.4,21 / 22,772128,2019-09-06 18:28:58:810,0.4874,0.7723,9.6586,-0.0083,0.0065,9.8066,-0.0618,0.0482,-0.0511,-5,-32.56,-0.5,263.79,-85.52,-155.31
52.37484,-1.515069,136.15,17.1,4,340.4,21 / 22,772229,2019-09-06 18:28:58:911,0.507,-0.5622,10.0891,-0.0131,0.0115,9.8065,0.0726,-0.0178,0.0228,-4.25,-32.06,-0.5,257.32,-85.72,-156.97
52.37484,-1.515069,136.15,17.1,4,340.4,21 / 22,772330,2019-09-06 18:28:59:012,0.2012,-0.8132,10.0394,-0.0037,0.0115,9.8066,0.0482,0.0581,-0.0683,-4.37,-32.37,-0.75,244.58,-85.7,-159.62
52.37484,-1.515069,136.15,17.1,4,340.4,21 / 22,772430,2019-09-06 18:28:59:112,0.1533,0.1192,10.7398,0.0121,0.015,9.8066,0.0778,-0.006,0.0269,-3.87,-32.44,-0.06,251.17,-85.57,-162.95
52.37484,-1.515069,136.15,17.1,4,340.4,21 / 22,772528,2019-09-06 18:28:59:210,-0.2712,-0.3486,10.0511,0.0139,0.0101,9.8066,-0.093,-0.0177,-0.0573,-3.94,-32.81,-0.31,248.66,-85.39,-163.14
52.37484,-1.515069,136.15,17.1,4,340.4,21 / 22,772628,2019-09-06 18:28:59:310,0.5137,-0.2665,9.7524,-0.0027,0.0043,9.8066,0.0258,-0.0335,0.0639,-4.62,-32.62,-0.37,256.32,-85.51,-163.51
52.37484,-1.515069,136.15,17.1,4,340.4,21 / 22,772729,2019-09-06 18:28:59:411,-1.0213,-1.6944,11.0605,0.0139,0.0036,9.8066,-0.1299,-0.0592,-0.0563,-4.12,-33.12,0,249.76,-85.47,-162.54
52.37484,-1.515069,136.15,17.1,4,340.4,21 / 22,772829,2019-09-06 18:28:59:511,0.0867,-0.4168,10.093,-0.0063,0.0083,9.8066,-0.0885,-0.0061,-0.0574,-4.44,-32.44,-0.31,250.2,-85.49,-163.4
52.37484,-1.515069,136.15,17.1,4,340.4,21 / 22,772928,2019-09-06 18:28:59:610,-0.3676,-1.025,10.998,0.0042,0.0149,9.8066,0.0823,-0.0868,0.029,-4,-32.81,-0.37,247.57,-85.46,-165.25
52.37484,-1.515069,136.15,17.1,4,340.4,21 / 22,773028,2019-09-06 18:28:59:710,-0.9053,-2.6255,9.3127,0.0273,0.0416,9.8064,-0.4349,0.0625,-0.0791,-3.5,-32.06,0,234.61,-85.17,-168.24
52.37484,-1.515069,136.15,17.1,4,340.4,21 / 22,773129,2019-09-06 18:28:59:811,-3.0698,-2.241,10.3434,-0.0779,-0.0402,9.8062,0.1773,-0.0677,-0.1416,-4,-33.19,-0.44,243.93,-85.77,-172.96
52.37484,-1.515069,136.15,17.1,4,340.4,21 / 22,773229,2019-09-06 18:28:59:911,1.2021,0.1515,9.2675,-0.0925,-0.0596,9.806,0.1658,-0.0941,-0.0453,-4.06,-32.81,-0.81,233.54,-85.97,-175.53
52.37484,-1.515069,136.15,17.1,4,340.4,21 / 22,773328,2019-09-06 18:29:00:010,0.4621,-0.1868,9.7858,0.0145,0.0336,9.8066,-0.0756,-0.0205,0.0042,-3.75,-32.62,-1.44,232.47,-86.09,-177.85
52.376087,-1.516014,137.17,16.49,3,334.35,20 / 20,773431,2019-09-06 18:29:00:113,0.541,-0.5407,9.927,0.0352,0.0122,9.8066,-0.0204,-0.0265,-0.0297,-4,-32.19,-0.75,232.02,-86.16,-179.78
52.376087,-1.516014,137.17,16.49,3,334.35,20 / 20,773529,2019-09-06 18:29:00:211,0.9191,-0.2948,10.4998,0.0313,0.0118,9.8065,-0.0319,-0.0049,0.0376,-3.81,-32.69,-0.75,231.66,-85.87,-177.44
52.376087,-1.516014,137.17,16.49,3,334.35,20 / 20,773629,2019-09-06 18:29:00:311,0.4739,-0.3684,9.4555,0.0435,0.0183,9.8065,-0.065,-0.0638,0.0265,-4.25,-32.81,-0.81,232.55,-85.78,-175.55
52.376087,-1.516014,137.17,16.49,3,334.35,20 / 20,773728,2019-09-06 18:29:00:410,1.4064,-1.3935,9.9485,-0.0292,-0.0413,9.8064,0.0392,-0.1168,0.0835,-4.44,-32.37,-1.37,235.29,-85.84,-173.1
52.376087,-1.516014,137.17,16.49,3,334.35,20 / 20,773828,2019-09-06 18:29:00:510,0.4602,-0.2002,9.3818,-0.0185,-0.0309,9.8065,-0.0911,-0.0156,0.0048,-4.31,-32.25,-1.06,239.22,-86.13,-170.02
52.376087,-1.516014,137.17,16.49,3,334.35,20 / 20,773928,2019-09-06 18:29:00:610,1.4446,0.8204,9.714,-0.0107,-0.0045,9.8066,0.2091,-0.0902,-0.0775,-4.19,-32.5,-1.12,238.11,-86.11,-171.34
52.376087,-1.516014,137.17,16.49,3,334.35,20 / 20,774029,2019-09-06 18:29:00:711,1.5331,2.8473,9.0578,-0.0428,0.0075,9.8065,0.1736,0.1129,0.0796,-4.06,-32.62,-1.12,235.18,-86.14,-174.51
52.376087,-1.516014,137.17,16.49,3,334.35,20 / 20,774129,2019-09-06 18:29:00:811,1.3202,-2.5113,8.9719,0.0124,-0.0236,9.8066,-0.17,0.0165,-0.2283,-4.69,-32.31,-1.37,243.23,-86.3,-174.3
52.376087,-1.516014,137.17,16.49,3,334.35,20 / 20,774228,2019-09-06 18:29:00:910,0.7418,-1.0203,9.4099,-0.0195,0.0157,9.8066,-0.0851,-0.0486,-0.0391,-4.19,-32.56,-1.44,235.02,-86.39,-176.56
52.376087,-1.516014,137.17,16.49,3,334.35,20 / 20,774329,2019-09-06 18:29:01:011,0.6102,-0.1494,10.3655,0.0056,-0.0037,9.8066,0.1033,-0.0483,0.0454,-4.56,-32.81,-1.06,238.58,-86.18,-178.54
52.376087,-1.516014,137.17,16.49,3,334.35,20 / 22,774428,2019-09-06 18:29:01:110,1.0573,-0.5551,10.6408,0.0201,-0.0249,9.8065,0.0423,-0.0812,0.0444,-4.69,-32.5,-0.5,250.26,-85.94,-174.49
52.376087,-1.516014,137.17,16.49,3,334.35,20 / 22,774529,2019-09-06 18:29:01:211,2.2988,-0.7784,9.8585,0.0255,-0.0177,9.8065,-0.0712,-0.1846,0.1042,-5.12,-32.31,-1.19,247.58,-85.91,-166.66
52.376087,-1.516014,137.17,16.49,3,334.35,20 / 22,774628,2019-09-06 18:29:01:310,2.2198,-0.252,8.9539,0.0335,0.0003,9.8065,-0.1193,-0.07,0.0307,-5.94,-32.5,-1.37,256.18,-85.89,-162.87
52.376087,-1.516014,137.17,16.49,3,334.35,20 / 22,774729,2019-09-06 18:29:01:411,2.1724,-2.761,10.6176,-0.023,-0.0466,9.8065,0.0824,-0.1661,0.0801,-5.81,-32.62,-1.56,256.75,-86.25,-155.38
52.376087,-1.516014,137.17,16.49,3,334.35,20 / 22,774829,2019-09-06 18:29:01:511,2.2507,-0.4649,9.73,-0.0505,-0.0424,9.8063,0.0049,-0.0393,0.0352,-6.25,-32.62,-1.31,267.19,-86.4,-153.41
52.376087,-1.516014,137.17,16.49,3,334.35,20 / 22,774928,2019-09-06 18:29:01:610,-0.0813,-0.7608,9.7932,0.0216,0.0212,9.8065,0.0346,-0.154,-0.0442,-6,-32.19,-1.19,265.82,-86.39,-155.39
52.376087,-1.516014,137.17,16.49,3,334.35,20 / 22,775028,2019-09-06 18:29:01:710,-0.4131,-0.1722,10.2232,0.027,0.041,9.8065,-0.0637,-0.0716,-0.0978,-5.81,-31.87,-1.44,260.23,-86.07,-159.48
52.376087,-1.516014,137.17,16.49,3,334.35,20 / 22,775129,2019-09-06 18:29:01:811,1.4451,-1.3947,10.1228,-0.0165,-0.0119,9.8066,-0.0019,-0.0552,-0.0548,-5.87,-31.94,-2.19,251.86,-86.21,-161.18
52.376087,-1.516014,137.17,16.49,3,334.35,20 / 22,775229,2019-09-06 18:29:01:911,1.9197,-1.143,9.7601,-0.0286,-0.0007,9.8066,0.0117,-0.1216,0.008,-5.94,-32.12,-2,250.26,-86.31,-163.47
52.376087,-1.516014,137.17,16.49,3,334.35,20 / 22,775329,2019-09-06 18:29:02:011,1.4724,-0.3036,9.2686,-0.004,0.004,9.8066,0.0419,-0.0629,-0.025,-6.06,-32.69,-2,247.97,-86.43,-166.08
52.376087,-1.516014,137.17,16.49,3,334.35,20 / 21,775430,2019-09-06 18:29:02:112,1.6611,-0.6789,8.9436,-0.0162,-0.006,9.8066,-0.0014,-0.1221,0.0051,-6.75,-32.19,-2.12,253.2,-86.6,-166.42
52.376087,-1.516014,137.17,16.49,3,334.35,20 / 21,775529,2019-09-06 18:29:02:211,1.2667,-0.3257,9.5869,-0.0084,-0.0139,9.8066,-0.0053,-0.0964,0.1068,-6.75,-32.81,-2,254.19,-86.53,-164.58
52.376087,-1.516014,137.17,16.49,3,334.35,20 / 21,775629,2019-09-06 18:29:02:311,-0.2505,-1.9356,10.8351,0.0194,-0.0055,9.8066,-0.0542,-0.1482,0.0321,-7.5,-32.25,-2,257.41,-86.46,-161.27
52.376087,-1.516014,137.17,16.49,3,334.35,20 / 21,775729,2019-09-06 18:29:02:411,0.2252,-2.1923,11.3201,0.0308,0.0304,9.8065,0.0325,-0.0081,-0.029,-7.75,-32.5,-1.75,260.88,-86.15,-160.18
52.376087,-1.516014,137.17,16.49,3,334.35,20 / 21,775829,2019-09-06 18:29:02:511,0.3169,-2.1524,9.2049,0.0306,0.0372,9.8064,0.0024,-0.0205,0.0485,-6.75,-32.31,-2.12,254.28,-86.14,-163.21
52.376087,-1.516014,137.17,16.49,3,334.35,20 / 21,775929,2019-09-06 18:29:02:611,0.8459,-0.7003,8.9497,-0.0118,-0.0116,9.8066,-0.1833,-0.1058,-0.1297,-7.06,-32.37,-2.5,254.83,-86.37,-163.63
52.376087,-1.516014,137.17,16.49,3,334.35,20 / 21,776028,2019-09-06 18:29:02:710,-0.2259,-1.6379,10.2624,-0.0281,0.0084,9.8066,0.0153,-0.047,-0.0254,-6.87,-32.56,-2.31,253.25,-86.63,-166.01
52.376087,-1.516014,137.17,16.49,3,334.35,20 / 21,776129,2019-09-06 18:29:02:811,0.8641,-0.259,9.7316,0.0163,0.0211,9.8065,0.0498,-0.0247,-0.0706,-6.12,-32.12,-2.31,249.59,-86.72,-166.25
52.376087,-1.516014,137.17,16.49,3,334.35,20 / 21,776229,2019-09-06 18:29:02:911,1.047,-2.5497,9.0246,-0.0054,0.0007,9.8066,-0.0537,-0.2505,0.0936,-7.06,-31.94,-2.56,244.52,-86.67,-169.58
52.376087,-1.516014,137.17,16.49,3,334.35,20 / 21,776330,2019-09-06 18:29:03:012,0.2178,-1.1953,9.9275,-0.0159,-0.0383,9.8066,0.0281,-0.098,0.0285,-7.69,-31.19,-2.94,256.78,-86.85,-161.46
52.376087,-1.516014,137.17,16.49,3,334.35,21 / 21,776428,2019-09-06 18:29:03:110,0.0835,-0.3757,10.2214,0.0372,-0.0084,9.8065,0.0723,-0.0309,0.0176,-7.69,-32.44,-3.12,259.61,-86.93,-158.45
52.376087,-1.516014,137.17,16.49,3,334.35,21 / 21,776528,2019-09-06 18:29:03:210,0.8414,0.231,10.4924,0.0113,-0.0103,9.8066,0.0963,0.0011,0.0155,-7.75,-32.12,-2.5,269.86,-86.69,-153.12
52.376087,-1.516014,137.17,16.49,3,334.35,21 / 21,776629,2019-09-06 18:29:03:311,1.1447,-1.5145,8.938,0.034,-0.0175,9.8065,-0.171,-0.0303,0.028,-7.94,-32.31,-2.56,267.82,-86.37,-147.89
52.376087,-1.516014,137.17,16.49,3,334.35,21 / 21,776728,2019-09-06 18:29:03:410,-0.8669,-1.5854,8.6563,0.0346,0.0295,9.8065,0.0615,-0.1457,0.0477,-8.37,-32.19,-3.06,268.22,-86.35,-147.4
52.376087,-1.516014,137.17,16.49,3,334.35,21 / 21,776829,2019-09-06 18:29:03:511,-0.325,-2.293,10.1518,-0.0374,-0.0336,9.8065,0.1261,-0.1226,-0.0159,-8.81,-32.44,-3.81,273.44,-86.67,-141.7
52.376087,-1.516014,137.17,16.49,3,334.35,21 / 21,776928,2019-09-06 18:29:03:610,1.4293,-0.7751,9.9845,-0.0206,-0.0082,9.8066,0.0553,-0.1234,-0.0886,-8.69,-32.12,-3.44,276.97,-86.6,-143.1
52.376087,-1.516014,137.17,16.49,3,334.35,21 / 21,777029,2019-09-06 18:29:03:711,1.3521,-2.198,10.375,-0.0038,0.0234,9.8066,-0.0233,-0.1482,0.0888,-8.5,-32.19,-3.19,269.44,-86.6,-147.14
52.376087,-1.516014,137.17,16.49,3,334.35,21 / 21,777128,2019-09-06 18:29:03:810,-0.3014,-1.1978,9.9779,-0.0151,-0.0013,9.8065,-0.0473,-0.0429,-0.0672,-9,-32.56,-2.94,268.33,-86.6,-151.31
52.376087,-1.516014,137.17,16.49,3,334.35,21 / 21,777229,2019-09-06 18:29:03:911,-0.0902,-0.4576,9.1563,0.0035,0.0075,9.8066,-0.0575,-0.0801,-0.124,-8.62,-32.56,-2.75,265.38,-86.72,-154.74
52.376087,-1.516014,137.17,16.49,3,334.35,21 / 21,777329,2019-09-06 18:29:04:011,0.5463,-1.0973,10.3586,-0.0093,0.007,9.8066,0.0396,-0.0612,-0.0069,-8.5,-32.56,-3.56,257.25,-87.01,-155.37
52.376087,-1.516014,137.17,16.49,3,334.35,20 / 21,777429,2019-09-06 18:29:04:111,1.2372,0.0646,9.6532,-0.0145,0.0025,9.8065,-0.0033,-0.1082,0.0268,-8.5,-32.25,-3.31,262.59,-87.17,-156.29
52.376087,-1.516014,137.17,16.49,3,334.35,20 / 21,777528,2019-09-06 18:29:04:210,1.6858,-0.8713,9.681,-0.0045,0.0103,9.8066,0.0131,-0.0619,-0.0147,-9.06,-32.25,-3.19,262.17,-87.14,-159.79
52.376087,-1.516014,137.17,16.49,3,334.35,20 / 21,777628,2019-09-06 18:29:04:310,-0.3951,-0.5091,9.1994,0.0049,-0.0091,9.8066,0.0066,-0.0345,-0.0313,-9.37,-32.25,-3.56,259.03,-87.17,-157.96
52.376087,-1.516014,137.17,16.49,3,334.35,20 / 21,777729,2019-09-06 18:29:04:411,0.1452,-0.9908,9.8392,-0.0323,-0.0315,9.8065,-0.0942,-0.1151,0.0359,-9.37,-31.81,-3.31,269.63,-87.39,-153.07
52.376087,-1.516014,137.17,16.49,3,334.35,20 / 21,777829,2019-09-06 18:29:04:511,0.6603,-1.5858,10.1143,-0.0161,-0.0218,9.8066,0.0048,-0.0409,0.0217,-9.37,-32.19,-3.81,266.45,-87.31,-150.81
52.376087,-1.516014,137.17,16.49,3,334.35,20 / 21,777929,2019-09-06 18:29:04:611,0.2829,-0.5003,10.4517,0.0294,0.0138,9.8066,0.0428,-0.0713,-0.0181,-9.81,-32.06,-3.25,275.01,-87.23,-149.8
52.376087,-1.516014,137.17,16.49,3,334.35,20 / 21,778029,2019-09-06 18:29:04:711,1.8041,-0.6943,9.5079,0.0205,-0.006,9.8066,0.0531,-0.1041,0.1053,-9.62,-32.25,-3.19,273.84,-86.99,-150.21
52.376087,-1.516014,137.17,16.49,3,334.35,20 / 21,778128,2019-09-06 18:29:04:810,0.3001,-0.7215,9.5554,-0.0029,0.0008,9.8066,-0.0789,-0.0591,-0.0371,-10.12,-32.25,-3.44,273.63,-86.97,-150.36
52.376087,-1.516014,137.17,16.49,3,334.35,20 / 21,778229,2019-09-06 18:29:04:911,0.3243,-0.8213,9.3317,-0.0058,-0.0106,9.8066,0.0476,-0.0506,0.0035,-9.5,-32.25,-3.31,273.69,-87.04,-147.86
52.376087,-1.516014,137.17,16.49,3,334.35,20 / 21,778329,2019-09-06 18:29:05:011,1.4371,-0.8198,10.0644,0.0195,0.0035,9.8066,0.1149,-0.0612,0.0002,-9.87,-31.94,-3.56,271.4,-87.04,-147.96
52.376087,-1.516014,137.17,16.49,3,334.35,20 / 21,778428,2019-09-06 18:29:05:110,0.5324,-0.0874,9.8225,-0.004,0.0057,9.8066,-0.048,-0.058,-0.0641,-9.44,-31.81,-3.94,269.01,-87.17,-147.78
52.376087,-1.516014,137.17,16.49,3,334.35,20 / 21,778528,2019-09-06 18:29:05:210,0.2373,-1.327,10.2478,0.0096,0.0058,9.8065,0.0141,-0.0095,-0.0143,-9.31,-32.37,-4,267.98,-87.12,-148.67
52.376087,-1.516014,137.17,16.49,3,334.35,20 / 21,778629,2019-09-06 18:29:05:311,-0.2309,-0.7466,10.1157,0.0069,0.0048,9.8066,0.0127,-0.0788,0.0482,-9.94,-32.06,-3.94,269.28,-86.99,-149.92
52.376087,-1.516014,137.17,16.49,3,334.35,20 / 21,778728,2019-09-06 18:29:05:410,1.4835,-0.7766,9.9391,-0.0404,0.0023,9.8065,0.1317,-0.0333,-0.0773,-9.87,-32,-4.31,267.56,-87.06,-151.87
52.376087,-1.516014,137.17,16.49,3,334.35,20 / 21,778829,2019-09-06 18:29:05:511,1.5582,-1.4475,9.8551,-0.0147,-0.0228,9.8065,0.1436,-0.1142,0.0565,-10.25,-31.94,-3.69,267.56,-86.94,-151.52
52.376087,-1.516014,137.17,16.49,3,334.35,20 / 21,778929,2019-09-06 18:29:05:611,-0.5532,0.5355,8.6888,0.0074,0.0052,9.8066,0.1044,-0.059,0.0027,-10.5,-32.44,-4.37,267.02,-86.97,-152.14
52.376087,-1.516014,137.17,16.49,3,334.35,20 / 21,779029,2019-09-06 18:29:05:711,0.9551,-0.9766,10.1995,0.0323,0.0073,9.8065,-0.0718,-0.0896,-0.0472,-11.06,-31.75,-4.56,267.32,-86.91,-150.03
52.376087,-1.516014,137.17,16.49,3,334.35,20 / 21,779128,2019-09-06 18:29:05:810,0.7297,-1.7859,10.8995,0.0354,0.0201,9.8065,0.2168,-0.1539,0.0607,-10.5,-32,-3.75,270.22,-87.13,-149.41
52.376087,-1.516014,137.17,16.49,3,334.35,20 / 21,779228,2019-09-06 18:29:05:910,0.484,1.4379,9.4564,-0.0006,0.0269,9.8066,-0.0169,0.0224,-0.117,-10.37,-31.69,-3.69,263.18,-87.01,-156.16
52.376087,-1.516014,137.17,16.49,3,334.35,20 / 21,779328,2019-09-06 18:29:06:010,0.5266,-1.2256,10.0327,0.017,0.0026,9.8065,0.0054,-0.129,0.0953,-10.31,-31.81,-3.5,267.09,-86.91,-156.7
52.376087,-1.516014,137.17,16.49,3,334.35,20 / 20,779428,2019-09-06 18:29:06:110,-0.5389,-0.783,9.3361,-0.0014,0.0001,9.8066,-0.1234,-0.0971,-0.0059,-10.25,-31.87,-3.37,268.65,-87.07,-155.62
52.376087,-1.516014,137.17,16.49,3,334.35,20 / 20,779529,2019-09-06 18:29:06:211,1.788,-0.9564,9.5988,-0.0074,-0.0319,9.8065,0.0758,-0.0865,0.0542,-10.94,-31.31,-4.12,268.9,-87.08,-153.35
52.376087,-1.516014,137.17,16.49,3,334.35,20 / 20,779629,2019-09-06 18:29:06:311,-0.4159,0.9232,9.3933,0.0075,-0.0313,9.8066,0.0844,0.0334,0.0117,-11.5,-31.37,-4.62,274.37,-87.07,-143.66
52.376087,-1.516014,137.17,16.49,3,334.35,20 / 20,779729,2019-09-06 18:29:06:411,1.7778,-2.6061,10.4678,-0.0127,-0.0596,9.8064,0.1625,-0.2216,0.1361,-11.81,-31.69,-4.25,292.18,-86.83,-131.89
52.376087,-1.516014,137.17,16.49,3,334.35,20 / 20,779829,2019-09-06 18:29:06:511,1.4491,0.7202,9.5519,-0.0413,-0.0449,9.8064,0.036,-0.1383,0.0835,-12.69,-31.56,-4.56,292.59,-86.34,-128.54
52.376087,-1.516014,137.17,16.49,3,334.35,20 / 20,779928,2019-09-06 18:29:06:610,-0.3047,-0.0008,10.4195,0.0487,0.0149,9.8065,-0.0807,-0.1127,0.1748,-12.44,-32.06,-4.62,287.06,-85.84,-130.43
52.376087,-1.516014,137.17,16.49,3,334.35,20 / 20,780028,2019-09-06 18:29:06:710,0.8011,-1.2218,10.0451,0.0475,0.0115,9.8065,-0.0858,-0.1632,-0.0588,-12.69,-31.87,-4.12,294.63,-85.65,-128.85
52.376087,-1.516014,137.17,16.49,3,334.35,20 / 20,780129,2019-09-06 18:29:06:811,0.6337,0.2977,9.6962,-0.0222,0.0095,9.8066,-0.1812,-0.086,0.0114,-13.31,-32.12,-4.31,294.3,-85.68,-129.23
52.376087,-1.516014,137.17,16.49,3,334.35,20 / 20,780229,2019-09-06 18:29:06:911,0.4588,-0.3105,8.9823,-0.0489,-0.0033,9.8065,0.0596,-0.1731,-0.0244,-12.37,-32.06,-4,295,-85.94,-127.15
52.376087,-1.516014,137.17,16.49,3,334.35,20 / 20,780329,2019-09-06 18:29:07:011,3.1495,-1.4019,9.4667,-0.0471,-0.0195,9.8064,-0.2839,0.0539,-0.0733,-12.62,-31.31,-4.12,299.53,-86.14,-125.63
52.376087,-1.516014,137.17,16.49,3,334.35,19 / 19,780429,2019-09-06 18:29:07:111,-0.1982,0.6789,9.3756,0.0504,0.0393,9.8064,-0.2014,-0.0489,-0.0443,-12.5,-31.81,-4.19,298,-86.37,-125.38
52.376087,-1.516014,137.17,16.49,3,334.35,19 / 19,780528,2019-09-06 18:29:07:210,0.256,0.2783,8.9095,0.028,0.0245,9.8065,-0.0363,-0.101,-0.0206,-13.06,-31.31,-4.31,294.3,-86.3,-130.84
52.376087,-1.516014,137.17,16.49,3,334.35,19 / 19,780628,2019-09-06 18:29:07:310,-0.0831,-1.7313,10.2507,-0.0176,-0.0052,9.8066,-0.1585,-0.1764,0.0052,-12.94,-32,-4.5,298.8,-86.49,-126.79
52.376087,-1.516014,137.17,16.49,3,334.35,19 / 19,780728,2019-09-06 18:29:07:410,0.8682,-0.6676,10.1671,-0.012,-0.0172,9.8066,0.0578,-0.0189,0.0146,-13.12,-31.56,-4.44,300.37,-86.48,-125.3
52.376087,-1.516014,137.17,16.49,3,334.35,19 / 19,780829,2019-09-06 18:29:07:511,0.1267,-0.3557,10.0852,0.0196,-0.0013,9.8066,0.0699,-0.1121,0.064,-13.44,-31.56,-4,301.55,-86.44,-124.14
52.376087,-1.516014,137.17,16.49,3,334.35,19 / 19,780929,2019-09-06 18:29:07:611,1.1547,-0.66,10.3617,-0.0033,-0.008,9.8066,0.0036,-0.1434,0.0414,-13.5,-31.44,-4.5,302.67,-86.34,-123.13
52.376087,-1.516014,137.17,16.49,3,334.35,19 / 19,781029,2019-09-06 18:29:07:711,1.723,-1.156,9.7173,0.0277,0.0003,9.8065,-0.0104,-0.013,-0.0793,-13.75,-30.81,-4.75,300.76,-86.24,-122.78
52.376087,-1.516014,137.17,16.49,3,334.35,19 / 19,781129,2019-09-06 18:29:07:811,-2.4442,-0.753,10.1408,0.0324,0.0071,9.8066,-0.136,0.0493,-0.0823,-13.25,-31.12,-5,297.54,-86.12,-123.67
52.376087,-1.516014,137.17,16.49,3,334.35,19 / 19,781228,2019-09-06 18:29:07:910,-1.4944,-2.5384,9.8567,0.0244,-0.0073,9.8066,-0.1046,-0.0891,0.0411,-13.62,-31.06,-4.5,305.44,-86.17,-121.89
52.376087,-1.516014,137.17,16.49,3,334.35,19 / 19,781329,2019-09-06 18:29:08:011,0.2006,-0.8679,9.5991,0.0132,-0.0127,9.8066,-0.0368,-0.0709,-0.0237,-14.06,-31,-4.94,302.63,-86.06,-120.71
52.376087,-1.516014,137.17,16.49,3,334.35,19 / 20,781428,2019-09-06 18:29:08:110,-0.3431,0.3567,10.1196,0.0008,-0.0009,9.8066,0.1031,-0.1339,0.0723,-14.25,-31.5,-4.19,305.84,-85.83,-120.92
52.376087,-1.516014,137.17,16.49,3,334.35,19 / 20,781529,2019-09-06 18:29:08:211,0.204,0.2069,9.6757,0.02,-0.0221,9.8066,0.0623,0.0164,0.0006,-15.06,-31.19,-4.5,307.51,-85.55,-120.41
52.376087,-1.516014,137.17,16.49,3,334.35,19 / 20,781629,2019-09-06 18:29:08:311,-1.8724,-0.8595,9.8561,-0.0132,-0.0217,9.8066,0.0283,-0.0654,0.0723,-14.81,-31.06,-4.37,306.88,-85.36,-120.66
52.376087,-1.516014,137.17,16.49,3,334.35,19 / 20,781729,2019-09-06 18:29:08:411,0.5729,0.24,9.6143,-0.0096,-0.0253,9.8065,-0.0816,-0.0433,0.0264,-15,-31.62,-4.5,309.84,-85.1,-117.34
52.376087,-1.516014,137.17,16.49,3,334.35,19 / 20,781828,2019-09-06 18:29:08:510,-2.8081,1.0276,7.963,0.0725,0.0615,9.8061,-0.6064,0.1618,-0.2098,-15.25,-31.69,-4.94,300.62,-84.83,-121.79
52.376087,-1.516014,137.17,16.49,3,334.35,19 / 20,781929,2019-09-06 18:29:08:611,1.3727,-1.1202,9.7675,0.124,0.077,9.8055,-0.2945,-0.061,0.0851,-15.25,-31.19,-4.56,298.3,-85.21,-124.87
52.376087,-1.516014,137.17,16.49,3,334.35,19 / 20,782029,2019-09-06 18:29:08:711,-0.3591,-0.5389,8.8824,-0.0657,-0.0623,9.8062,0.1155,-0.171,-0.0323,-15.37,-31.5,-4.81,307.5,-85.61,-117.13
52.376087,-1.516014,137.17,16.49,3,334.35,19 / 20,782128,2019-09-06 18:29:08:810,0.5339,-0.2754,10.2566,-0.0556,-0.0386,9.8063,0.0163,-0.1485,-0.0479,-15.12,-31.44,-4.44,312.89,-85.43,-115.38
52.376087,-1.516014,137.17,16.49,3,334.35,19 / 20,782229,2019-09-06 18:29:08:911,0.7336,-0.5162,10.0272,0.0197,-0.0017,9.8065,0.2341,-0.104,0.0876,-15.19,-31.25,-4.44,312.29,-85.5,-116.02
52.376087,-1.516014,137.17,16.49,3,334.35,19 / 20,782329,2019-09-06 18:29:09:011,-0.2139,0.981,8.3219,-0.0221,-0.0077,9.8065,-0.2179,-0.1706,-0.0144,-14.94,-30.81,-4.56,307.86,-85.34,-116.37
52.377384,-1.516324,137.61,16.88,3,11.94,20 / 21,782428,2019-09-06 18:29:09:110,0.6606,0.079,10.118,0.0296,0.0278,9.8065,-0.0484,-0.0742,0.0711,-15.12,-30.87,-4.81,308.56,-85.31,-115.7
52.377384,-1.516324,137.61,16.88,3,11.94,20 / 21,782528,2019-09-06 18:29:09:210,-0.2988,-1.8293,10.664,0.0248,0.022,9.8065,-0.046,-0.1904,0.0686,-16,-30.5,-3.56,310.7,-85.26,-118.62
52.377384,-1.516324,137.61,16.88,3,11.94,20 / 21,782629,2019-09-06 18:29:09:311,-0.2148,0.4612,9.5767,-0.0089,-0.0058,9.8066,0.0577,-0.1114,0.092,-16.25,-30.94,-4.31,309.96,-85.05,-118.75
52.377384,-1.516324,137.61,16.88,3,11.94,20 / 21,782729,2019-09-06 18:29:09:411,-0.0566,-0.8696,10.1982,-0.0142,-0.0164,9.8066,-0.0149,-0.0609,0.0101,-16.37,-31.44,-5.06,306.97,-84.91,-118.01
52.377384,-1.516324,137.61,16.88,3,11.94,20 / 21,782828,2019-09-06 18:29:09:510,1.7082,0.0654,8.4278,0.0326,0.0302,9.8065,-0.13,-0.0804,0.0348,-16.87,-31.19,-4.81,310.04,-84.8,-116.47
52.377384,-1.516324,137.61,16.88,3,11.94,20 / 21,782929,2019-09-06 18:29:09:611,-0.4053,-0.9325,8.5931,0.0395,0.0126,9.8065,0.0398,0.0017,0.0289,-17,-31.44,-3.75,311.68,-84.82,-118.08
52.377384,-1.516324,137.61,16.88,3,11.94,20 / 21,783029,2019-09-06 18:29:09:711,0.0423,0.2179,9.4839,0.003,-0.005,9.8066,-0.1095,0.0149,-0.0959,-16.44,-31.56,-4.62,306.76,-84.81,-117.8
52.377384,-1.516324,137.61,16.88,3,11.94,20 / 21,783128,2019-09-06 18:29:09:810,-0.0147,-0.1792,10.1065,0.0291,0.0155,9.8066,-0.0832,-0.0535,-0.0224,-17.06,-31.31,-4.37,310.92,-84.89,-118.85
52.377384,-1.516324,137.61,16.88,3,11.94,20 / 21,783229,2019-09-06 18:29:09:911,-0.1615,-1.3978,10.353,-0.0382,-0.0099,9.8065,0.15,-0.0158,-0.0404,-16.25,-31.44,-4.44,308.25,-84.99,-120.18
52.377384,-1.516324,137.61,16.88,3,11.94,20 / 21,783329,2019-09-06 18:29:10:011,0.0986,-0.2768,9.9818,-0.0362,-0.0145,9.8065,0.1624,-0.0416,-0.05,-16.56,-31.44,-4.25,311.02,-85.21,-119.2
52.377384,-1.516324,137.61,16.88,3,11.94,20 / 21,783429,2019-09-06 18:29:10:111,-0.6561,-1.6233,9.8028,0.0081,0.0279,9.8066,-0.1354,-0.1695,0.0313,-16.31,-31,-3.81,306.6,-85.4,-122.3
52.377384,-1.516324,137.61,16.88,3,11.94,20 / 21,783529,2019-09-06 18:29:10:211,1.4182,1.2315,7.8878,-0.0087,0.0098,9.8066,-0.0977,-0.0921,0.0366,-16.31,-31.25,-4.31,307.81,-85.57,-121.47
52.377384,-1.516324,137.61,16.88,3,11.94,20 / 21,783628,2019-09-06 18:29:10:310,-1.481,0.858,9.8721,-0.054,-0.0498,9.8063,-0.1238,-0.125,0.1112,-16.56,-30.94,-4.62,313.19,-85.23,-114.22
52.377384,-1.516324,137.61,16.88,3,11.94,20 / 21,783729,2019-09-06 18:29:10:411,0.4123,0.4147,10.508,0.0223,-0.0148,9.8066,-0.1971,-0.3901,0.2001,-17.37,-31.25,-4.12,316.52,-84.83,-113.79
52.377384,-1.516324,137.61,16.88,3,11.94,20 / 21,783829,2019-09-06 18:29:10:511,-0.0562,-1.8791,12.0263,0.0035,0.0037,9.8066,0.3334,-0.039,-0.0627,-17.19,-30.69,-4.25,314.3,-84.36,-115.13
52.377384,-1.516324,137.61,16.88,3,11.94,20 / 21,783928,2019-09-06 18:29:10:610,0.9211,0.8788,10.2112,-0.0269,0.0153,9.8065,0.1457,-0.0274,0.0496,-17.5,-31.44,-3.81,309.44,-84.44,-119.53
52.377384,-1.516324,137.61,16.88,3,11.94,20 / 21,784028,2019-09-06 18:29:10:710,-0.3072,-0.5792,10.1168,-0.0054,0.0133,9.8066,0.0114,-0.074,0.0384,-17.25,-31.37,-3.56,308.89,-84.54,-120.16
52.377384,-1.516324,137.61,16.88,3,11.94,20 / 21,784128,2019-09-06 18:29:10:810,-1.3353,0.6715,9.5562,-0.0305,-0.0256,9.8066,0.041,0.0668,-0.1642,-17.31,-31.62,-3.56,311.96,-84.59,-117.27
52.377384,-1.516324,137.61,16.88,3,11.94,20 / 21,784229,2019-09-06 18:29:10:911,-3.4113,2.1663,11.0451,0.0019,0.0206,9.8065,0.1011,-0.1194,0.1103,-17.25,-30.94,-4.12,310.72,-84.76,-118.84
52.377384,-1.516324,137.61,16.88,3,11.94,20 / 21,784329,2019-09-06 18:29:11:011,-1.7855,-0.4009,11.2927,0.0737,0.0143,9.8063,-0.1157,0.076,-0.0896,-17.31,-31.31,-4.25,307.83,-84.36,-120.85
52.377384,-1.516324,137.61,16.88,3,11.94,21 / 22,784429,2019-09-06 18:29:11:111,-3.0912,1.2094,9.4597,-0.0095,-0.0227,9.8066,0.0476,0.1344,-0.1121,-17.44,-31.94,-4.69,304.32,-84.56,-121.02
52.377384,-1.516324,137.61,16.88,3,11.94,21 / 22,784529,2019-09-06 18:29:11:211,-2.3536,-1.6996,10.7136,-0.0207,0.012,9.8065,0.075,0.0523,-0.0419,-16.87,-31.44,-3.75,308.84,-84.65,-120.37
52.377384,-1.516324,137.61,16.88,3,11.94,21 / 22,784628,2019-09-06 18:29:11:310,-1.1399,0.4097,9.4641,0.0041,0.0167,9.8066,-0.0334,-0.0349,0.069,-17.06,-31.87,-3.69,309.08,-84.73,-120.04
52.377384,-1.516324,137.61,16.88,3,11.94,21 / 22,784729,2019-09-06 18:29:11:411,-1.2586,-1.5771,9.5326,0.0046,-0.0224,9.8065,0.1652,0.1291,-0.0926,-16.56,-31.12,-4.06,309.45,-84.69,-119.87
52.377384,-1.516324,137.61,16.88,3,11.94,21 / 22,784828,2019-09-06 18:29:11:510,-2.8415,1.9217,10.0106,-0.0089,-0.0172,9.8066,0.1314,-0.0561,0.0555,-17.12,-32,-3.69,308.28,-84.61,-120.56
52.377384,-1.516324,137.61,16.88,3,11.94,21 / 22,784929,2019-09-06 18:29:11:611,-2.4148,-1.1443,9.5739,-0.0043,0.0152,9.8066,-0.1239,-0.0786,0.0127,-17,-31.12,-3.81,307.08,-84.47,-121.68
52.377384,-1.516324,137.61,16.88,3,11.94,21 / 22,785028,2019-09-06 18:29:11:710,-2.4734,-0.3523,9.7111,-0.0018,-0.0007,9.8066,-0.042,-0.0131,-0.0624,-17.5,-31.69,-3.69,308.72,-84.49,-119.99
52.377384,-1.516324,137.61,16.88,3,11.94,21 / 22,785128,2019-09-06 18:29:11:810,-1.775,0.0692,10.1102,-0.0231,-0.0119,9.8065,0.1018,0.0148,-0.021,-18.19,-31.31,-3.94,312.3,-84.6,-118.31
52.377384,-1.516324,137.61,16.88,3,11.94,21 / 22,785228,2019-09-06 18:29:11:910,-2.4829,-0.119,10.1244,0.0268,-0.0029,9.8065,0.0519,0.0336,0.0098,-17.37,-31,-3.81,309.79,-84.5,-119.31
52.377384,-1.516324,137.61,16.88,3,11.94,21 / 22,785329,2019-09-06 18:29:12:011,-2.0413,-0.3845,10.5229,0.0021,-0.0061,9.8066,0.0167,0.0134,-0.0408,-17.31,-31.31,-3.25,314.03,-84.43,-118.61
52.377384,-1.516324,137.61,16.88,3,11.94,21 / 21,785429,2019-09-06 18:29:12:111,-2.2944,0.6349,11.0506,0,0.0088,9.8066,0.0445,-0.1099,0.0123,-17.31,-31.12,-3.37,313.54,-84.21,-118.74
52.377384,-1.516324,137.61,16.88,3,11.94,21 / 21,785529,2019-09-06 18:29:12:211,-2.8312,-0.0677,9.7819,0.0235,-0.0026,9.8066,-0.0171,0.1539,-0.0754,-17.12,-31.56,-3.87,307.83,-84.04,-120.11
52.377384,-1.516324,137.61,16.88,3,11.94,21 / 21,785628,2019-09-06 18:29:12:310,-2.147,0.3746,10.0627,0.0059,-0.0042,9.8066,-0.0234,0.1038,0.0493,-17.25,-31.69,-4.44,309.05,-84.11,-119.14
52.377384,-1.516324,137.61,16.88,3,11.94,21 / 21,785729,2019-09-06 18:29:12:411,-1.0862,-0.5557,10.3778,-0.0159,-0.0352,9.8065,-0.2784,0.0556,-0.028,-17.06,-31.56,-3.81,312.36,-84.03,-116.12
52.377384,-1.516324,137.61,16.88,3,11.94,21 / 21,785828,2019-09-06 18:29:12:510,-2.7406,1.7216,9.5575,0.0577,0.0088,9.8064,-0.0487,0.0187,-0.0258,-17,-31,-4,309.98,-83.86,-118.22
52.377384,-1.516324,137.61,16.88,3,11.94,21 / 21,785929,2019-09-06 18:29:12:611,-1.2069,0.7699,9.8714,0.0387,0.0205,9.8065,0.1645,0.0025,-0.0094,-17.62,-30.87,-4.31,312.08,-83.78,-117.43
52.377384,-1.516324,137.61,16.88,3,11.94,21 / 21,786029,2019-09-06 18:29:12:711,-3.9033,0.8581,8.8139,0.0206,0.0323,9.8066,-0.2221,0.068,0.0323,-17.56,-31.12,-4,313.59,-83.78,-116.11
52.377384,-1.516324,137.61,16.88,3,11.94,21 / 21,786128,2019-09-06 18:29:12:810,-3.2694,-0.1273,9.5221,0.0711,0.0162,9.8064,-0.1928,0.0659,0.0616,-16.75,-31.69,-4.87,305.04,-83.81,-119.21
52.377384,-1.516324,137.61,16.88,3,11.94,21 / 21,786229,2019-09-06 18:29:12:911,-2.0216,1.2389,9.5928,-0.0408,-0.0265,9.8065,0.0637,0.0214,-0.1111,-16.94,-31.69,-3.25,314.24,-83.85,-117.38
52.377384,-1.516324,137.61,16.88,3,11.94,21 / 21,786329,2019-09-06 18:29:13:011,-2.8526,-0.1568,9.4808,-0.0139,-0.0131,9.8065,-0.0766,0.0505,0.03,-16.87,-31.37,-4,309.75,-83.86,-118.43
52.377384,-1.516324,137.61,16.88,3,11.94,20 / 21,786428,2019-09-06 18:29:13:110,-2.0642,1.0358,10.0225,-0.0165,-0.0225,9.8066,0.1663,0.0152,0.0063,-17.25,-31.5,-3.87,310.38,-83.7,-117.64
52.377384,-1.516324,137.61,16.88,3,11.94,20 / 21,786529,2019-09-06 18:29:13:211,-1.3318,-1.7177,11.9005,0.0522,0.0243,9.8064,-0.3852,0.1687,-0.2549,-16.56,-31.87,-3.81,307.32,-83.71,-120.04
52.377384,-1.516324,137.61,16.88,3,11.94,20 / 21,786628,2019-09-06 18:29:13:310,-2.594,3.614,9.2002,0.0844,0.0148,9.8062,-0.0894,-0.0037,0.2082,-17,-31.69,-3.75,306.82,-83.78,-120.6
52.377384,-1.516324,137.61,16.88,3,11.94,20 / 21,786728,2019-09-06 18:29:13:410,-1.6244,1.06,7.7609,0.0194,0.0014,9.8066,-0.1146,-0.015,-0.0151,-16.56,-31.69,-4.56,305.97,-83.71,-118.22
52.377384,-1.516324,137.61,16.88,3,11.94,20 / 21,786828,2019-09-06 18:29:13:510,-3.4196,0.3224,10.5046,0.0889,0.0048,9.8062,-0.1835,-0.0879,0.0964,-16.62,-31.62,-4.06,311.39,-83.68,-116.46
52.377384,-1.516324,137.61,16.88,3,11.94,20 / 21,786929,2019-09-06 18:29:13:611,-4.0808,-0.4344,9.587,-0.0022,-0.0017,9.8066,0.0206,0.146,-0.073,-17.31,-31.19,-4.37,314.88,-83.77,-113.84
52.377384,-1.516324,137.61,16.88,3,11.94,20 / 21,787029,2019-09-06 18:29:13:711,-1.2263,-0.3519,9.1931,0.065,-0.0143,9.8064,0.0261,-0.0746,0.1914,-16.81,-32.19,-4.31,312.59,-83.34,-114.95
52.377384,-1.516324,137.61,16.88,3,11.94,20 / 21,787129,2019-09-06 18:29:13:811,-1.4439,0.4837,10.3783,-0.0168,-0.0164,9.8065,-0.0956,0.0303,-0.111,-17,-31.5,-3.62,312.35,-83.28,-115.35
52.377384,-1.516324,137.61,16.88,3,11.94,20 / 21,787229,2019-09-06 18:29:13:911,-1.767,-0.2205,9.2632,-0.0204,-0.0197,9.8066,0.0236,-0.0629,0.0247,-17.5,-31.56,-4,312.27,-83.16,-114.96
52.377384,-1.516324,137.61,16.88,3,11.94,20 / 21,787329,2019-09-06 18:29:14:011,-2.3331,0.8865,10.3551,0.0049,-0.0053,9.8066,-0.0177,0.0827,-0.1394,-16.75,-31.75,-3.87,313.16,-83.3,-114.4
52.377384,-1.516324,137.61,16.88,3,11.94,19 / 21,787429,2019-09-06 18:29:14:111,-0.6813,1.671,9.7931,-0.0201,-0.0028,9.8066,0.0267,0.0636,0.0851,-16.75,-31.37,-3.37,318.53,-83.35,-113.32
52.377384,-1.516324,137.61,16.88,3,11.94,19 / 21,787528,2019-09-06 18:29:14:210,-1.3208,0.3527,9.7728,-0.018,-0.0041,9.8066,-0.118,0.0523,0.0775,-16.5,-31.37,-4.19,312.43,-83.18,-113.81
52.377384,-1.516324,137.61,16.88,3,11.94,19 / 21,787628,2019-09-06 18:29:14:310,-2.7045,1.3017,9.7,-0.0312,-0.0068,9.8065,0.0154,0.1162,0.0084,-16.5,-31.31,-3.44,317.73,-83.37,-112.93
52.377384,-1.516324,137.61,16.88,3,11.94,19 / 21,787729,2019-09-06 18:29:14:411,-2.2555,-0.99,9.7743,-0.0324,-0.0019,9.8066,-0.0074,-0.0116,0.042,-16.31,-31.56,-4,314.7,-83.18,-111.6
52.377384,-1.516324,137.61,16.88,3,11.94,19 / 21,787829,2019-09-06 18:29:14:511,-2.1308,0.0864,9.6752,-0.0106,-0.0163,9.8066,-0.0495,-0.086,0.0986,-16.06,-32.25,-3.06,318.5,-83.2,-111.77
52.377384,-1.516324,137.61,16.88,3,11.94,19 / 21,787928,2019-09-06 18:29:14:610,-2.5265,0.2164,9.4079,0.0251,-0.0006,9.8066,0.0072,0.202,-0.1028,-16.19,-31.75,-3.37,317.16,-83.07,-112.7
52.377384,-1.516324,137.61,16.88,3,11.94,19 / 21,788028,2019-09-06 18:29:14:710,-2.9827,1.3627,9.9568,0.0724,0.0183,9.8063,-0.098,0.0908,-0.0487,-16.87,-31.62,-4.06,313.13,-82.79,-113.7
52.377384,-1.516324,137.61,16.88,3,11.94,19 / 21,788129,2019-09-06 18:29:14:811,-0.0949,-1.5424,9.6495,0.0042,-0.0564,9.8064,0.0764,-0.1313,0.218,-16.5,-31.69,-3.5,319.22,-82.9,-110.78
52.377384,-1.516324,137.61,16.88,3,11.94,19 / 21,788228,2019-09-06 18:29:14:910,-1.5077,0.0949,10.5268,-0.0455,-0.0268,9.8065,0.1349,0.0561,-0.0008,-16.69,-31.94,-3.81,321.7,-82.69,-106.5
52.377384,-1.516324,137.61,16.88,3,11.94,19 / 21,788328,2019-09-06 18:29:15:010,-0.6356,3.1538,9.5947,0.0442,0.0204,9.8064,0.2257,0.1566,-0.0351,-16.06,-31.44,-4.44,319.82,-82.65,-106.96
52.377384,-1.516324,137.61,16.88,3,11.94,20 / 20,788429,2019-09-06 18:29:15:111,-2.031,0.4688,9.4202,0.0256,0.0291,9.8065,-0.0878,0.1057,-0.0522,-16.31,-32.19,-3.75,319.66,-82.67,-106.82
52.377384,-1.516324,137.61,16.88,3,11.94,20 / 20,788528,2019-09-06 18:29:15:210,-0.6441,1.0558,10.1703,0.0161,-0.0072,9.8066,-0.0003,0.1035,0.0556,-16.19,-31.31,-3.87,320.48,-82.58,-106.34
52.377384,-1.516324,137.61,16.88,3,11.94,20 / 20,788628,2019-09-06 18:29:15:310,-1.645,0.9109,9.6536,0.0059,0.0149,9.8066,-0.0672,0.0632,0.0202,-15.69,-30.81,-4.06,320.11,-82.53,-106.57
52.377384,-1.516324,137.61,16.88,3,11.94,20 / 20,788728,2019-09-06 18:29:15:410,-2.0684,1.2171,10.26,-0.0434,-0.0214,9.8065,-0.1244,0.0872,-0.072,-16.12,-31.87,-4.44,322.85,-82.6,-104.17
52.377384,-1.516324,137.61,16.88,3,11.94,20 / 20,788828,2019-09-06 18:29:15:510,-2.8879,0.9732,10.2637,-0.0203,-0.0061,9.8066,0.1404,0.0978,0.0452,-15.81,-31.19,-4.5,322.75,-82.55,-104.46
52.377384,-1.516324,137.61,16.88,3,11.94,20 / 20,788928,2019-09-06 18:29:15:610,-0.3581,-0.6319,10.2199,0.0233,0.0076,9.8066,0.1043,-0.0224,0.016,-16,-31.56,-4.37,319.94,-82.42,-106.26
52.377384,-1.516324,137.61,16.88,3,11.94,20 / 20,789029,2019-09-06 18:29:15:711,-0.2258,1.2208,10.0945,0.0268,0.0149,9.8066,-0.0587,0.1339,-0.0179,-15.87,-30.94,-3.81,318.91,-82.48,-107.48
52.377384,-1.516324,137.61,16.88,3,11.94,20 / 20,789128,2019-09-06 18:29:15:810,-1.1345,1.1813,9.9343,0.0104,0.0106,9.8066,-0.046,0.004,0.0214,-15.62,-31.56,-4.31,319,-82.64,-107.32
52.377384,-1.516324,137.61,16.88,3,11.94,20 / 20,789229,2019-09-06 18:29:15:911,-1.5433,-0.077,9.7779,0.0122,-0.0106,9.8066,-0.1027,-0.0013,0.0439,-15.81,-30.94,-4.81,315.79,-82.64,-107.07
52.377384,-1.516324,137.61,16.88,3,11.94,20 / 20,789328,2019-09-06 18:29:16:010,-2.2105,0.5105,9.3094,-0.0338,0.0014,9.8066,-0.1441,0.1196,0.0104,-16.31,-30.69,-5.12,317.97,-82.69,-105.35
52.377384,-1.516324,137.61,16.88,3,11.94,21 / 21,789428,2019-09-06 18:29:16:110,-2.2477,0.355,9.2899,-0.0096,0.0031,9.8066,0.0246,0.096,0.0183,-16.69,-30.87,-5.06,319.9,-82.79,-105.33
52.377384,-1.516324,137.61,16.88,3,11.94,21 / 21,789528,2019-09-06 18:29:16:210,-2.5715,-0.6832,10.122,-0.0052,-0.0033,9.8066,0.0476,0.0538,0.0573,-16.62,-30.31,-5.94,316.71,-82.75,-105.31
52.377384,-1.516324,137.61,16.88,3,11.94,21 / 21,789628,2019-09-06 18:29:16:310,-1.5823,0.5721,9.9392,-0.0099,-0.0041,9.8066,0.0308,0.0523,0.0848,-17.75,-29.56,-5.56,319.09,-82.85,-104.82
52.377384,-1.516324,137.61,16.88,3,11.94,21 / 21,789728,2019-09-06 18:29:16:410,-2.0649,1.7826,10.2574,0.0076,0.0319,9.8066,0.1609,0.1264,-0.0689,-18,-28.44,-5.31,323.66,-82.72,-104.12
52.377384,-1.516324,137.61,16.88,3,11.94,21 / 21,789828,2019-09-06 18:29:16:510,-1.6411,1.0931,9.5847,0.0329,0.0089,9.8065,-0.0832,0.0313,0.0012,-19.12,-27.81,-4.56,324.03,-82.89,-105.05
52.377384,-1.516324,137.61,16.88,3,11.94,21 / 21,789928,2019-09-06 18:29:16:610,-1.4802,2.3267,9.6032,0.0005,-0.0079,9.8066,-0.0589,0.2157,-0.1025,-18.44,-27.37,-3.31,331.84,-83.09,-103.7
52.377384,-1.516324,137.61,16.88,3,11.94,21 / 21,790029,2019-09-06 18:29:16:711,-2.1624,1.2119,10.3543,-0.0034,0.0092,9.8066,-0.0467,0.1498,-0.0129,-18.44,-27.87,-2.81,332.99,-83.03,-102.52
52.377384,-1.516324,137.61,16.88,3,11.94,21 / 21,790129,2019-09-06 18:29:16:811,-2.3547,-0.3096,9.5871,-0.0219,-0.013,9.8065,-0.0567,-0.0319,0.0088,-16.31,-28.69,-2.62,333.29,-83.05,-100.35
52.377384,-1.516324,137.61,16.88,3,11.94,21 / 21,790228,2019-09-06 18:29:16:910,-1.1063,0.666,9.9884,-0.0097,-0.0212,9.8066,0.0713,0.0117,0.0218,-16.25,-29.37,-2.62,333.27,-83.01,-100.33
52.377384,-1.516324,137.61,16.88,3,11.94,21 / 21,790328,2019-09-06 18:29:17:010,-1.2061,1.4207,9.8114,0.0229,-0.0002,9.8066,0.0759,0.0562,0.0587,-15.5,-30.25,-2.62,330.12,-83.02,-101.56
52.377384,-1.516324,137.61,16.88,3,11.94,20 / 20,790429,2019-09-06 18:29:17:111,-1.2612,-0.808,10.2486,0.016,0.0117,9.8066,-0.0361,0.1038,-0.0859,-14.94,-30.94,-2.44,332.14,-82.9,-103.28
52.377384,-1.516324,137.61,16.88,3,11.94,20 / 20,790528,2019-09-06 18:29:17:210,-2.6289,0.185,10.0289,-0.0085,-0.0008,9.8066,-0.0205,0.0446,0.0216,-15.12,-31.25,-2.56,327.94,-82.97,-102.97
52.377384,-1.516324,137.61,16.88,3,11.94,20 / 20,790628,2019-09-06 18:29:17:310,-2.3269,0.3762,10.1251,-0.0154,-0.0067,9.8065,0.0822,0.058,-0.0269,-14.31,-31.5,-2.75,326,-82.96,-103.15
52.377384,-1.516324,137.61,16.88,3,11.94,20 / 20,790729,2019-09-06 18:29:17:411,-1.9491,1.0914,10.1706,0.0265,0.0096,9.8066,0.0826,0.0177,0.0156,-14.69,-31.56,-3.19,325.72,-82.98,-104.47
52.377384,-1.516324,137.61,16.88,3,11.94,20 / 20,790829,2019-09-06 18:29:17:511,-1.9421,0.7134,9.5942,0.0141,0.0109,9.8066,-0.0604,0.0772,-0.0444,-14.69,-31.75,-3.19,325.62,-83.05,-104.64
52.377384,-1.516324,137.61,16.88,3,11.94,20 / 20,790929,2019-09-06 18:29:17:611,-1.3834,-0.2242,9.433,0.0092,0.0101,9.8066,-0.0081,-0.0065,0.0311,-13.62,-31.81,-2.5,329.78,-83.05,-103.97
52.377384,-1.516324,137.61,16.88,3,11.94,20 / 20,791029,2019-09-06 18:29:17:711,-2.0401,-0.0285,9.1819,-0.0075,0.0151,9.8066,-0.0249,0.0098,-0.011,-14.62,-32.19,-3.37,326.98,-83.27,-103.83
52.377384,-1.516324,137.61,16.88,3,11.94,20 / 20,791128,2019-09-06 18:29:17:810,-1.7287,0.7583,10.3262,-0.0377,-0.0006,9.8065,-0.0506,0.0712,-0.0539,-13.81,-32.19,-3.19,328.77,-83.53,-101.47
52.377384,-1.516324,137.61,16.88,3,11.94,20 / 20,791228,2019-09-06 18:29:17:910,-2.3318,0.1526,10.5916,-0.036,-0.0169,9.8065,0.0329,0.0228,0.0153,-13.87,-31.81,-3.75,326.8,-83.56,-99.31
52.377384,-1.516324,137.61,16.88,3,11.94,20 / 20,791328,2019-09-06 18:29:18:010,-1.4575,0.296,9.8844,0.0189,0.0136,9.8066,0.0758,0.0629,-0.0092,-14.25,-31.87,-3.75,327.72,-83.62,-98.66
52.37837,-1.515957,135.62,5.9,3,1.14,20 / 20,791429,2019-09-06 18:29:18:111,-1.9116,0.1816,9.6664,-0.0174,-0.0005,9.8065,-0.0664,0.0298,-0.0153,-13.94,-32.12,-3.81,328.06,-83.73,-98.53
52.37837,-1.515957,135.62,5.9,3,1.14,20 / 20,791529,2019-09-06 18:29:18:211,-1.8415,0.2156,9.78,-0.0151,-0.0109,9.8066,0.0553,0.0092,-0.0019,-13.62,-32.12,-3.69,329.99,-83.8,-97.09
52.37837,-1.515957,135.62,5.9,3,1.14,20 / 20,791629,2019-09-06 18:29:18:311,-2.0623,-0.0745,10.4831,-0.0094,-0.0029,9.8066,0.026,0.0297,-0.0344,-13.37,-31.69,-3.12,332.31,-83.8,-97.63
52.37837,-1.515957,135.62,5.9,3,1.14,20 / 20,791729,2019-09-06 18:29:18:411,-1.8656,0.4591,10.1493,-0.0045,0.0141,9.8066,0.0386,0.0276,0.0267,-14.19,-31.69,-4.06,328.86,-84,-98.22
52.37837,-1.515957,135.62,5.9,3,1.14,20 / 20,791829,2019-09-06 18:29:18:511,-1.3747,-0.0369,9.5626,0.0092,0.0028,9.8066,0.0373,0.0204,-0.0268,-13.56,-31.81,-3.62,328.36,-84.01,-98.63
52.37837,-1.515957,135.62,5.9,3,1.14,20 / 20,791928,2019-09-06 18:29:18:610,-1.4461,-0.2544,9.996,0.0002,0.0054,9.8066,-0.0171,0.0326,-0.0149,-13,-31.87,-4.12,326.98,-84.07,-98.16
52.37837,-1.515957,135.62,5.9,3,1.14,20 / 20,792028,2019-09-06 18:29:18:710,-1.7261,-0.0408,10.2134,0.0038,0.0121,9.8065,-0.0082,0.0267,-0.0058,-12.81,-32.19,-2.81,331.86,-84.2,-98.45
52.37837,-1.515957,135.62,5.9,3,1.14,20 / 20,792128,2019-09-06 18:29:18:810,-1.4894,0.0143,9.6824,-0.007,0,9.8066,0.0263,0.0073,0.0135,-13.31,-33.19,-3.62,326.88,-84.32,-98.34
52.37837,-1.515957,135.62,5.9,3,1.14,20 / 20,792229,2019-09-06 18:29:18:911,-1.7242,0.141,9.9846,-0.0055,-0.0027,9.8066,0.0138,0.0216,0.0016,-13.25,-32.44,-3.37,332.14,-84.33,-98.39
52.37837,-1.515957,135.62,5.9,3,1.14,20 / 20,792329,2019-09-06 18:29:19:011,-1.6584,0.009,9.7821,-0.0044,-0.0042,9.8066,-0.0057,0.0319,-0.0029,-12.87,-32.5,-3.5,333.3,-84.35,-97.5
52.37837,-1.515957,135.62,5.9,3,1.14,19 / 21,792429,2019-09-06 18:29:19:111,-1.8355,-0.0123,9.9172,-0.0023,-0.0023,9.8066,0.013,0.022,0.0229,-12.25,-31.87,-3.25,331.86,-84.33,-97.06
52.37837,-1.515957,135.62,5.9,3,1.14,19 / 21,792529,2019-09-06 18:29:19:211,-1.4843,0.0024,9.9665,-0.0003,-0.0006,9.8066,0.0332,0.0066,0.0027,-12.75,-32,-3.94,329.34,-84.36,-96.65
52.37837,-1.515957,135.62,5.9,3,1.14,19 / 21,792628,2019-09-06 18:29:19:310,-0.6451,0.3656,10.0793,-0.0007,0.0015,9.8066,0.0106,0.0073,-0.0325,-12.81,-32.56,-2.94,333.46,-84.36,-97.2
52.37837,-1.515957,135.62,5.9,3,1.14,19 / 21,792728,2019-09-06 18:29:19:410,-0.1292,0.2161,10.0752,-0.0052,0.0136,9.8066,0.046,0.0208,-0.0025,-13,-32.12,-2.75,333.4,-84.54,-97.63
52.37837,-1.515957,135.62,5.9,3,1.14,19 / 21,792829,2019-09-06 18:29:19:511,-0.4674,0.5296,9.7734,-0.0063,0.0111,9.8066,0.0131,0.0151,-0.0383,-13.12,-31.94,-3.5,333.37,-84.69,-97.83
52.37837,-1.515957,135.62,5.9,3,1.14,19 / 21,792929,2019-09-06 18:29:19:611,-0.4962,0.7519,9.7095,-0.0069,0.0053,9.8066,-0.0021,0.0041,-0.0036,-12,-33,-3.25,331.95,-84.87,-97.47
52.37837,-1.515957,135.62,5.9,3,1.14,19 / 21,793029,2019-09-06 18:29:19:711,-0.0161,0.6035,9.6421,-0.0097,-0.0006,9.8066,0.0137,-0.0072,0.0068,-12.44,-31.87,-4,327.96,-84.94,-96.7
52.37837,-1.515957,135.62,5.9,3,1.14,19 / 21,793128,2019-09-06 18:29:19:810,0.217,0.7331,9.8116,-0.0036,-0.0039,9.8066,0.0137,0.0053,0.0269,-12.44,-32.31,-2.87,333.42,-84.91,-96.55
52.37837,-1.515957,135.62,5.9,3,1.14,19 / 21,793229,2019-09-06 18:29:19:911,0.7129,0.5145,10.0043,-0.0031,-0.0035,9.8066,0.0542,0.0047,0.0237,-12.62,-32.62,-3.12,336,-84.86,-95.75
52.37837,-1.515957,135.62,5.9,3,1.14,19 / 21,793329,2019-09-06 18:29:20:011,0.4508,0.6985,9.8177,-0.007,0.0012,9.8065,0.0024,0.0242,-0.0251,-12.44,-31.87,-2.44,340,-84.89,-95.86
52.37837,-1.515957,135.62,5.9,3,1.14,19 / 20,793429,2019-09-06 18:29:20:111,0.3406,0.6741,9.7607,-0.0099,0.0039,9.8066,0.0446,0.0119,-0.0016,-12.31,-31.94,-3.44,335.01,-84.97,-95.36
52.37837,-1.515957,135.62,5.9,3,1.14,19 / 20,793529,2019-09-06 18:29:20:211,0.4915,0.8446,9.9578,0.0051,0.0082,9.8066,-0.009,0.0189,0.0008,-12.06,-32.37,-3.44,334.31,-85.09,-96.06
52.37837,-1.515957,135.62,5.9,3,1.14,19 / 20,793629,2019-09-06 18:29:20:311,0.5673,0.6155,9.9801,0.0012,0.0038,9.8066,0.0154,0.0067,0.0039,-12.25,-32.06,-2.94,335.27,-85.13,-95.34
52.37837,-1.515957,135.62,5.9,3,1.14,19 / 20,793729,2019-09-06 18:29:20:411,0.5954,0.7363,9.822,-0.0055,0.0059,9.8066,-0.0376,0.0038,-0.0069,-12.19,-32.25,-3.44,336.6,-85.18,-94.33
52.37837,-1.515957,135.62,5.9,3,1.14,19 / 20,793828,2019-09-06 18:29:20:510,0.436,0.6493,9.8203,-0.0011,0.0038,9.8066,-0.0339,0.0064,-0.0054,-11.94,-31.56,-3.06,338.23,-85.29,-93.14
52.37837,-1.515957,135.62,5.9,3,1.14,19 / 20,793929,2019-09-06 18:29:20:611,0.6959,0.6401,9.6928,-0.0095,0.0036,9.8066,0.0336,0.0118,0.0053,-11.44,-31.56,-3.19,338.23,-85.39,-91.65
52.37837,-1.515957,135.62,5.9,3,1.14,19 / 20,794029,2019-09-06 18:29:20:711,0.7217,0.6683,9.7229,-0.0034,0.0047,9.8066,-0.0065,0.0156,-0.0184,-11.87,-31.62,-3.37,340.12,-85.46,-91.79
52.37837,-1.515957,135.62,5.9,3,1.14,19 / 20,794129,2019-09-06 18:29:20:811,0.1832,0.483,10.0236,-0.0044,0.0074,9.8066,0.018,0.0164,-0.001,-12.37,-32.31,-3.06,339.92,-85.58,-92.06
52.37837,-1.515957,135.62,5.9,3,1.14,19 / 20,794230,2019-09-06 18:29:20:912,0.6061,0.5797,10.0234,0.0003,0.008,9.8066,0.0091,0.0052,-0.0029,-12.56,-32.19,-3,341.53,-85.68,-92.14
52.37837,-1.515957,135.62,5.9,3,1.14,19 / 20,794329,2019-09-06 18:29:21:011,1.3846,0.8508,9.7534,-0.0017,0.0069,9.8066,-0.0243,0.0018,-0.0241,-12.06,-31.94,-3,340.66,-85.76,-91.62
52.37837,-1.515957,135.62,5.9,3,1.14,19 / 20,794429,2019-09-06 18:29:21:111,0.6422,0.7801,9.6578,-0.0033,0.0074,9.8066,0.0463,0.0055,0.0042,-11.87,-32.12,-2.81,340.97,-85.9,-91.49
52.37837,-1.515957,135.62,5.9,3,1.14,19 / 20,794528,2019-09-06 18:29:21:210,1.0437,0.8054,9.6618,-0.0043,0.0032,9.8066,0.0184,0.0143,-0.0011,-11.5,-32.25,-2.56,338.9,-85.98,-91.74
52.37837,-1.515957,135.62,5.9,3,1.14,19 / 20,794628,2019-09-06 18:29:21:310,1.1599,0.7425,9.793,0.0003,-0.0005,9.8066,-0.0113,-0.004,0.0002,-11.31,-32.19,-3.06,338.29,-86,-92.25
52.37837,-1.515957,135.62,5.9,3,1.14,19 / 20,794729,2019-09-06 18:29:21:411,1.6259,0.8974,9.7454,-0.0102,0.0014,9.8066,0.0469,0.0112,0.0027,-11.81,-32.75,-3.19,341.18,-86.07,-91.35
52.37837,-1.515957,135.62,5.9,3,1.14,19 / 20,794828,2019-09-06 18:29:21:510,2.0596,1.2588,9.7778,0.0009,0.0046,9.8066,0.0658,0.0277,0.0161,-11.75,-32.44,-3.12,341.85,-86.12,-90.95
52.37837,-1.515957,135.62,5.9,3,1.14,19 / 20,794929,2019-09-06 18:29:21:611,1.159,0.6467,9.7741,-0.0027,0.0053,9.8066,-0.0244,0.0027,-0.0176,-11.69,-32.12,-3.19,342.82,-86.16,-90.17
52.37837,-1.515957,135.62,5.9,3,1.14,19 / 20,795028,2019-09-06 18:29:21:710,1.4712,0.746,9.6117,0.0066,0.0066,9.8066,-0.016,-0.0009,-0.023,-11.69,-32.06,-3.19,343.07,-86.25,-90.04
52.37837,-1.515957,135.62,5.9,3,1.14,19 / 20,795129,2019-09-06 18:29:21:811,1.4782,0.6651,9.5503,0.0124,0.0065,9.8066,-0.0263,0.0177,0.0228,-11.62,-32.25,-3.19,343.2,-86.29,-89.95
52.37837,-1.515957,135.62,5.9,3,1.14,19 / 20,795229,2019-09-06 18:29:21:911,1.1042,0.6316,9.6381,-0.0132,0.0035,9.8066,-0.0354,0.0084,0.0001,-11.44,-31.56,-2.75,342.82,-86.34,-88.86
52.37837,-1.515957,135.62,5.9,3,1.14,19 / 20,795328,2019-09-06 18:29:22:010,1.3777,0.8325,10.1714,0.0024,0.0102,9.8066,0.0001,-0.0113,-0.0401,-11.69,-32.87,-3.19,345.47,-86.49,-88.11
52.37837,-1.515957,135.62,5.9,3,1.14,20 / 22,795429,2019-09-06 18:29:22:111,1.577,0.9012,9.8125,-0.0118,0.0064,9.8066,-0.0302,-0.0131,-0.041,-11.62,-32.44,-3.31,346.8,-86.67,-87.18
52.37837,-1.515957,135.62,5.9,3,1.14,20 / 22,795529,2019-09-06 18:29:22:211,1.3345,1.0045,9.6645,-0.0075,0.0019,9.8066,0.0886,0.0153,0.0228,-12,-31.81,-2.75,345.56,-86.73,-88.28
52.37837,-1.515957,135.62,5.9,3,1.14,20 / 22,795629,2019-09-06 18:29:22:311,2.2577,1.056,9.9831,0.0146,0.0054,9.8066,0.096,0.022,0.0119,-11.37,-32.12,-2.87,340.14,-86.8,-91.53
52.37837,-1.515957,135.62,5.9,3,1.14,20 / 22,795728,2019-09-06 18:29:22:410,1.8139,0.4335,9.9736,-0.0004,0.003,9.8066,-0.0176,0.0002,-0.0092,-11.06,-32.31,-2.5,345.59,-86.82,-91.82
52.37837,-1.515957,135.62,5.9,3,1.14,20 / 22,795829,2019-09-06 18:29:22:511,1.768,0.7191,9.8748,0.0057,0.0069,9.8065,-0.0113,-0.001,-0.0167,-11.62,-32.56,-3.12,342.44,-86.87,-90.98
52.37837,-1.515957,135.62,5.9,3,1.14,20 / 22,795928,2019-09-06 18:29:22:610,0.9634,0.3736,9.9381,0.0111,0.0086,9.8066,0.0002,-0.0209,-0.0136,-11.25,-32.56,-2.25,345.6,-86.95,-91.84
52.37837,-1.515957,135.62,5.9,3,1.14,20 / 22,796029,2019-09-06 18:29:22:711,1.4936,0.7275,9.5999,-0.0156,0.0015,9.8066,-0.0269,-0.006,-0.0091,-11.31,-32.44,-2.5,347.47,-87.12,-90.42
52.37837,-1.515957,135.62,5.9,3,1.14,20 / 22,796128,2019-09-06 18:29:22:810,2.8466,1.2762,9.4818,-0.012,0.0019,9.8066,-0.0117,-0.0209,-0.015,-11.31,-32.25,-2.75,341.46,-87.17,-90.73
52.37837,-1.515957,135.62,5.9,3,1.14,20 / 22,796229,2019-09-06 18:29:22:911,2.3372,1.0085,9.5624,0.0063,0.0047,9.8066,0,-0.0152,-0.0103,-12,-32.94,-2.69,342.69,-87.25,-91.07
52.37837,-1.515957,135.62,5.9,3,1.14,20 / 22,796328,2019-09-06 18:29:23:010,1.8011,0.8308,9.6353,0.0035,0.0078,9.8066,-0.0295,-0.0106,-0.027,-12.06,-32.56,-2.31,347.2,-87.3,-91.7
52.37837,-1.515957,135.62,5.9,3,1.14,20 / 21,796429,2019-09-06 18:29:23:111,1.991,0.7978,9.3639,0.0028,-0.0042,9.8066,-0.0198,-0.0062,0.0049,-11.44,-32.37,-2.25,345.29,-87.35,-92.47
52.37837,-1.515957,135.62,5.9,3,1.14,20 / 21,796529,2019-09-06 18:29:23:211,1.7508,0.6103,9.683,0.0056,-0.0018,9.8066,-0.0686,-0.0022,0.017,-11.25,-32.37,-2.69,340,-87.3,-92.13
52.37837,-1.515957,135.62,5.9,3,1.14,20 / 21,796629,2019-09-06 18:29:23:311,1.4187,0.9977,9.5692,-0.0165,-0.0067,9.8066,-0.08,0.0302,-0.0156,-11.44,-32,-3.06,346.48,-87.3,-86.48
52.37837,-1.515957,135.62,5.9,3,1.14,20 / 21,796729,2019-09-06 18:29:23:411,1.7671,1.047,9.6926,-0.0128,-0.0063,9.8066,0.0456,0.0183,0.019,-11.56,-33.06,-2.94,350.11,-87.24,-84.58
52.37837,-1.515957,135.62,5.9,3,1.14,20 / 21,796829,2019-09-06 18:29:23:511,1.441,0.7406,9.7115,-0.0025,-0.0032,9.8066,-0.0121,-0.0117,-0.0139,-11.31,-32.25,-3.19,350.03,-87.21,-83.35
52.37837,-1.515957,135.62,5.9,3,1.14,20 / 21,796929,2019-09-06 18:29:23:611,1.7853,0.4262,9.8221,-0.0043,-0.0049,9.8066,0.0012,-0.0303,-0.0161,-11.31,-32,-3.5,350.97,-87.2,-82.53
52.37837,-1.515957,135.62,5.9,3,1.14,20 / 21,797028,2019-09-06 18:29:23:710,1.219,1.3124,9.7459,0.0111,0.0043,9.8066,0.0474,0.0291,0.006,-11.69,-32,-3.62,347.65,-87.23,-82.41
52.37837,-1.515957,135.62,5.9,3,1.14,20 / 21,797129,2019-09-06 18:29:23:811,0.8793,1.1743,9.8815,0.0233,0.009,9.8066,-0.0185,0.0329,-0.0172,-10.94,-31.87,-3.19,347.2,-87.21,-85.8
52.37837,-1.515957,135.62,5.9,3,1.14,20 / 21,797228,2019-09-06 18:29:23:910,1.3039,0.4022,9.6912,-0.0008,-0.005,9.8066,-0.0013,-0.0104,0.0205,-10.69,-31.94,-3.12,346.07,-87.17,-86.75
52.37837,-1.515957,135.62,5.9,3,1.14,20 / 21,797328,2019-09-06 18:29:24:010,1.9771,1.2242,9.7629,-0.0048,0.013,9.8066,-0.0131,-0.0108,0.0192,-11.62,-32.06,-2.94,346.52,-87.27,-87.79
52.37837,-1.515957,135.62,5.9,3,1.14,19 / 21,797429,2019-09-06 18:29:24:111,0.8628,0.9772,9.8974,-0.0036,0.0053,9.8066,-0.0689,-0.0134,0.0069,-11.12,-32.37,-2.87,343.87,-87.32,-88.77
52.37837,-1.515957,135.62,5.9,3,1.14,19 / 21,797528,2019-09-06 18:29:24:210,1.4493,0.6152,9.6272,-0.0046,-0.0071,9.8066,0.0427,-0.0145,-0.0171,-10.81,-32.12,-2.94,343.11,-87.3,-89.42
52.37837,-1.515957,135.62,5.9,3,1.14,19 / 21,797629,2019-09-06 18:29:24:311,1.3129,0.6341,9.8178,0.001,0.0045,9.8066,0.0131,0.014,-0.0037,-11.5,-31.87,-2.94,340.2,-87.3,-91.96
52.37837,-1.515957,135.62,5.9,3,1.14,19 / 21,797729,2019-09-06 18:29:24:411,1.075,0.9839,9.5303,0.007,0.0039,9.8066,-0.0267,-0.0099,0.0318,-11,-31.62,-2.94,337.18,-87.34,-94.65
52.37837,-1.515957,135.62,5.9,3,1.14,19 / 21,797828,2019-09-06 18:29:24:510,1.5271,0.5629,9.7428,-0.0022,0.0002,9.8066,-0.0061,-0.0154,0.0112,-10.31,-32.06,-2.69,334.53,-87.29,-95.18
52.37837,-1.515957,135.62,5.9,3,1.14,19 / 21,797928,2019-09-06 18:29:24:610,1.2649,0.415,9.9757,-0.002,0.0048,9.8066,0.0135,0.0047,0.0079,-11.94,-31.94,-2.5,343.59,-87.36,-94.97
52.37837,-1.515957,135.62,5.9,3,1.14,19 / 21,798029,2019-09-06 18:29:24:711,1.5439,0.8986,9.5521,-0.0145,-0.0016,9.8066,-0.0743,0.0246,0.0245,-11.25,-31.87,-2.44,342.65,-87.36,-94.78
52.37837,-1.515957,135.62,5.9,3,1.14,19 / 21,798129,2019-09-06 18:29:24:811,1.1123,0.5343,9.8701,-0.0044,-0.0022,9.8065,0.0198,-0.0037,-0.0239,-11.06,-32.06,-2.62,335.77,-87.33,-95.88
52.37837,-1.515957,135.62,5.9,3,1.14,19 / 21,798229,2019-09-06 18:29:24:911,1.5291,0.1695,9.5008,0.0113,0,9.8066,0.0372,0.0037,0.022,-11.94,-31.87,-2.94,336.89,-87.36,-96.37
52.37837,-1.515957,135.62,5.9,3,1.14,19 / 21,798329,2019-09-06 18:29:25:011,1.3174,0.5202,10.2425,-0.0242,-0.0024,9.8066,0.0743,0.0102,-0.0139,-11.44,-32,-2.81,333.62,-87.4,-97.86
52.37837,-1.515957,135.62,5.9,3,1.14,21 / 22,798429,2019-09-06 18:29:25:111,1.2306,0.4729,9.7522,0.0136,0.006,9.8066,0.027,0.0163,-0.0191,-11.81,-32.25,-2.87,329.77,-87.37,-102.74
52.37837,-1.515957,135.62,5.9,3,1.14,21 / 22,798528,2019-09-06 18:29:25:210,1.5143,1.2194,9.8368,-0.0203,-0.0055,9.8065,0.0812,-0.0022,0.0192,-11.44,-31.81,-2.62,328,-87.4,-102.86
52.37837,-1.515957,135.62,5.9,3,1.14,21 / 22,798629,2019-09-06 18:29:25:311,2.8453,1.2015,9.8807,0.0368,0.0166,9.8065,0.1467,-0.0007,-0.0101,-11,-32.31,-2.62,327.36,-87.41,-103.44
52.37837,-1.515957,135.62,5.9,3,1.14,21 / 22,798731,2019-09-06 18:29:25:413,2.3593,0.7453,9.7623,0.0133,0.0103,9.8066,-0.1299,-0.0187,0.008,-11.69,-32.44,-3.12,324.5,-87.47,-107.63
52.37837,-1.515957,135.62,5.9,3,1.14,21 / 22,798829,2019-09-06 18:29:25:511,0.9363,0.8175,9.3136,0.0077,0.0007,9.8066,-0.0782,0.0053,0.015,-10.81,-32.37,-2.56,324.14,-87.53,-106.52
52.37837,-1.515957,135.62,5.9,3,1.14,21 / 22,798929,2019-09-06 18:29:25:611,0.9142,0.4688,9.4357,0.0263,0.0066,9.8066,-0.0815,0.0207,0.0017,-11.37,-32,-2.62,324.25,-87.5,-106.37
52.37837,-1.515957,135.62,5.9,3,1.14,21 / 22,799028,2019-09-06 18:29:25:710,2.4595,1.0253,10.1374,-0.0187,-0.0092,9.8066,-0.0044,0.0615,-0.0004,-10.94,-32.25,-3.31,327.77,-87.45,-103.13
52.37837,-1.515957,135.62,5.9,3,1.14,21 / 22,799129,2019-09-06 18:29:25:811,1.2929,1.4463,9.8341,-0.0097,-0.0069,9.8066,0.0385,-0.0046,0.0148,-10.62,-32.62,-3.5,327.35,-87.42,-103.34
52.37837,-1.515957,135.62,5.9,3,1.14,21 / 22,799228,2019-09-06 18:29:25:910,2.4212,1.8856,9.9312,0.0223,0.0081,9.8065,0.0634,0.022,-0.0345,-11.31,-33.06,-2.75,325.26,-87.48,-105.3
52.37837,-1.515957,135.62,5.9,3,1.14,21 / 22,799329,2019-09-06 18:29:26:011,2.5139,1.1821,10.2905,0.0176,-0.0076,9.8066,0.0073,0.0187,0.0306,-10.87,-32.87,-3.69,315.08,-87.27,-109.45
52.37837,-1.515957,135.62,5.9,3,1.14,20 / 20,799429,2019-09-06 18:29:26:111,0.9718,0.7077,9.7249,-0.0085,-0.0022,9.8066,0.0242,0.0256,-0.0225,-12.62,-33.12,-3,322.56,-87.18,-110.17
52.37837,-1.515957,135.62,5.9,3,1.14,20 / 20,799529,2019-09-06 18:29:26:211,1.0071,0.6892,10.1377,-0.0005,-0.004,9.8066,0.0343,0.0037,0.0084,-12.62,-32.75,-2.37,325.53,-87.07,-111.52
52.37837,-1.515957,135.62,5.9,3,1.14,20 / 20,799629,2019-09-06 18:29:26:311,1.8139,-0.0244,10.2014,0.024,0.0011,9.8066,0.0307,0.001,0.0159,-13.06,-33.37,-1.75,323.66,-87,-113.09
52.37837,-1.515957,135.62,5.9,3,1.14,20 / 20,799728,2019-09-06 18:29:26:410,1.3314,1.0935,9.6013,0.0138,0.0155,9.8065,0.0862,0.034,-0.0177,-11.44,-32.06,-1.31,321.18,-86.98,-118.09
52.37837,-1.515957,135.62,5.9,3,1.14,20 / 20,799829,2019-09-06 18:29:26:511,1.6606,-0.2494,9.8043,-0.0023,-0.0006,9.8066,0.0043,-0.0355,0.0026,-11.44,-31.69,-0.81,317.59,-86.82,-120.94
52.37837,-1.515957,135.62,5.9,3,1.14,20 / 20,799930,2019-09-06 18:29:26:612,2.2156,1.2564,9.231,-0.0133,-0.0033,9.8066,-0.0378,0.0035,0.001,-11.31,-31.37,-1.75,311.21,-86.8,-121.74
52.37837,-1.515957,135.62,5.9,3,1.14,20 / 20,800029,2019-09-06 18:29:26:711,1.6034,-0.6459,10.1181,-0.0282,-0.0069,9.8066,-0.0028,-0.0458,-0.0047,-10.62,-32.06,-2.5,314.19,-86.94,-119.16
52.37837,-1.515957,135.62,5.9,3,1.14,20 / 20,800128,2019-09-06 18:29:26:810,0.4001,-0.1315,10.5416,-0.0124,0.0137,9.8066,0.0496,0.0144,-0.0078,-11,-32.12,-2.69,307.79,-86.99,-120.22
52.37837,-1.515957,135.62,5.9,3,1.14,20 / 20,800229,2019-09-06 18:29:26:911,1.5448,0.9419,10.2337,0.0254,0.0128,9.8066,0.1062,-0.0546,-0.0071,-10.5,-32.12,-2.19,308.22,-87.03,-123.09
52.37837,-1.515957,135.62,5.9,3,1.14,20 / 20,800329,2019-09-06 18:29:27:011,1.9287,-0.9725,9.4023,-0.0002,0.0087,9.8066,0.1198,-0.1161,0.1039,-10.12,-32.12,-1.62,299.33,-86.94,-130.92
52.37877,-1.515995,133.93,8.86,3,355.46,19 / 20,800429,2019-09-06 18:29:27:111,0.5962,0.5111,9.9576,-0.0172,0.0148,9.8065,0.0757,-0.0288,-0.0202,-10.37,-32.25,-2.31,295.98,-86.82,-133.67
52.37877,-1.515995,133.93,8.86,3,355.46,19 / 20,800528,2019-09-06 18:29:27:210,2.0517,0.9008,10.6272,0.0132,0.0164,9.8066,-0.0502,0.015,-0.0256,-10.37,-32.19,-1.94,298.23,-87.05,-132.24
52.37877,-1.515995,133.93,8.86,3,355.46,19 / 20,800629,2019-09-06 18:29:27:311,1.0339,-0.0901,10.6179,0.0064,0.0044,9.8066,0.0894,-0.0242,0.0107,-10.44,-32.31,-2.37,302.41,-87.26,-128.97
52.37877,-1.515995,133.93,8.86,3,355.46,19 / 20,800729,2019-09-06 18:29:27:411,0.4485,1.3952,9.6924,0.0425,0.0325,9.8065,-0.0174,-0.0317,0.0267,-10.5,-32.81,-2.19,298.88,-87.32,-132.18
52.37877,-1.515995,133.93,8.86,3,355.46,19 / 20,800828,2019-09-06 18:29:27:510,1.2803,0.6581,9.5557,0.0469,0.013,9.8064,0.0074,0.0033,-0.0001,-10.5,-32.19,-2.12,288.54,-86.94,-140.98
52.37877,-1.515995,133.93,8.86,3,355.46,19 / 20,800928,2019-09-06 18:29:27:610,1.7461,0.4733,9.9302,-0.005,0.0004,9.8066,-0.0248,-0.0006,0.0015,-11.25,-32.56,-2.19,289.25,-86.88,-141.69
52.37877,-1.515995,133.93,8.86,3,355.46,19 / 20,801028,2019-09-06 18:29:27:710,0.8969,0.3249,10.2418,-0.0212,-0.0149,9.8066,-0.0472,-0.0111,-0.005,-10.12,-32.19,-2.56,285.33,-87.02,-139.11
52.37877,-1.515995,133.93,8.86,3,355.46,19 / 20,801129,2019-09-06 18:29:27:811,0.7238,0.1568,10.0233,-0.0063,0.0069,9.8066,-0.0221,-0.0152,-0.0075,-11,-32,-2.75,289.3,-87.22,-138.03
52.37877,-1.515995,133.93,8.86,3,355.46,19 / 20,801229,2019-09-06 18:29:27:911,0.4015,0.1478,9.1418,0.0109,0.0007,9.8066,0.0403,-0.0497,-0.0317,-10.12,-32.06,-2.62,285.51,-87.19,-139.42
52.37877,-1.515995,133.93,8.86,3,355.46,19 / 20,801329,2019-09-06 18:29:28:011,0.6301,0.2846,9.2797,-0.0081,0.0032,9.8066,0.0463,-0.0356,0.0158,-10.44,-31.31,-2.06,287.78,-87.12,-142.52
52.37877,-1.515995,133.93,8.86,3,355.46,19 / 21,801429,2019-09-06 18:29:28:111,-0.1498,-0.3452,10.0136,-0.0104,-0.0121,9.8066,-0.0245,-0.0203,0.0102,-10.12,-30.87,-2.5,289.41,-87.19,-141.17
52.37877,-1.515995,133.93,8.86,3,355.46,19 / 21,801528,2019-09-06 18:29:28:210,0.4237,-0.3742,10.2964,0.0022,0.0102,9.8066,0.0193,-0.0145,-0.0416,-10.12,-31.87,-3,284.75,-87.34,-140.63
52.37877,-1.515995,133.93,8.86,3,355.46,19 / 21,801628,2019-09-06 18:29:28:310,0.58,0.0087,9.9934,0.004,0.0067,9.8066,0.0702,-0.0677,-0.023,-9.31,-31.25,-2.25,287,-87.41,-142.09
52.37877,-1.515995,133.93,8.86,3,355.46,19 / 21,801728,2019-09-06 18:29:28:410,0.8383,0.6265,9.6382,0.0258,0.0138,9.8065,-0.0095,-0.0419,0.0308,-9.37,-30.62,-2.37,280.62,-87.21,-147.56
52.37877,-1.515995,133.93,8.86,3,355.46,19 / 21,801834,2019-09-06 18:29:28:516,1.1888,0.2623,9.8462,0.0213,-0.0044,9.8066,-0.0338,-0.0912,0.0224,-9.75,-31.31,-2.19,283.09,-87.04,-146.79
52.37877,-1.515995,133.93,8.86,3,355.46,19 / 21,801929,2019-09-06 18:29:28:611,-0.0363,-0.0723,9.9969,0.0145,0.0092,9.8066,-0.0925,-0.001,-0.0604,-10.31,-30.94,-1.75,282.65,-86.95,-146.93
52.37877,-1.515995,133.93,8.86,3,355.46,19 / 21,802028,2019-09-06 18:29:28:710,0.5911,-0.2301,9.7703,0.012,0.0157,9.8066,0.0047,-0.0266,0.0214,-10.75,-31.5,-2,280.72,-86.96,-150.63
52.37877,-1.515995,133.93,8.86,3,355.46,19 / 21,802128,2019-09-06 18:29:28:810,-0.2734,0.4836,9.363,-0.0024,0.004,9.8066,-0.0261,-0.0554,-0.0173,-10.25,-31.69,-2,276.48,-87.01,-152.82
52.37877,-1.515995,133.93,8.86,3,355.46,19 / 21,802229,2019-09-06 18:29:28:911,0.0517,0.4214,9.5258,0.0099,-0.0042,9.8066,-0.0439,-0.0352,-0.004,-10.56,-32.31,-2.37,278.13,-86.86,-152.6
52.37877,-1.515995,133.93,8.86,3,355.46,19 / 21,802329,2019-09-06 18:29:29:011,-0.4578,-0.0058,9.8968,-0.0116,-0.0087,9.8066,0.0112,-0.0143,0.0285,-10.69,-31.94,-1.94,279.8,-86.84,-150.93
52.37877,-1.515995,133.93,8.86,3,355.46,20 / 21,802429,2019-09-06 18:29:29:111,0.6112,-0.1281,9.8896,0.0007,0.0009,9.8066,0.0013,-0.0367,-0.0069,-10.87,-32.12,-3,274.05,-86.73,-151.49
52.37877,-1.515995,133.93,8.86,3,355.46,20 / 21,802528,2019-09-06 18:29:29:210,0.0282,0.6578,9.3377,-0.0065,0.0016,9.8066,-0.002,-0.0176,0.0119,-11.12,-31.56,-2.69,271.81,-86.66,-153.52
52.37877,-1.515995,133.93,8.86,3,355.46,20 / 21,802629,2019-09-06 18:29:29:311,-0.1424,0.1423,9.8162,-0.0001,-0.0096,9.8066,-0.0013,0.01,0.0177,-12.12,-32.37,-3.94,269.89,-86.6,-153.04
52.37877,-1.515995,133.93,8.86,3,355.46,20 / 21,802728,2019-09-06 18:29:29:410,-0.3065,0.18,9.9779,-0.0054,-0.008,9.8066,-0.0046,-0.0235,0.0336,-12.19,-33.12,-4.19,270.86,-86.61,-151.81
52.37877,-1.515995,133.93,8.86,3,355.46,20 / 21,802829,2019-09-06 18:29:29:511,-0.1771,-0.5927,9.6992,0.0006,-0.0059,9.8066,-0.0711,-0.0435,0.0163,-12.5,-34.44,-4.87,268.23,-86.58,-150.17
52.37877,-1.515995,133.93,8.86,3,355.46,20 / 21,802928,2019-09-06 18:29:29:610,0.3119,0.2756,10.1429,0.0006,-0.0006,9.8065,0.0912,0.0091,0.0142,-12.81,-34.94,-3.44,278.5,-86.62,-149.68
52.37877,-1.515995,133.93,8.86,3,355.46,20 / 21,803028,2019-09-06 18:29:29:710,0.62,-0.2807,9.6865,0.007,-0.0006,9.8066,0.0968,-0.0559,0.0138,-13.81,-35.75,-3.62,275.44,-86.53,-150.03
52.37877,-1.515995,133.93,8.86,3,355.46,20 / 21,803129,2019-09-06 18:29:29:811,0.053,0.483,9.2879,-0.0018,0.0077,9.8066,-0.0581,0.0101,0.0077,-13.19,-35.25,-1.87,281.59,-86.46,-150.36
52.37877,-1.515995,133.93,8.86,3,355.46,20 / 21,803229,2019-09-06 18:29:29:911,0.1666,-0.4709,9.7006,0.0081,0.0024,9.8066,-0.0273,0.0374,-0.0508,-13.12,-34.62,-1.31,284.65,-86.44,-151.63
52.37877,-1.515995,133.93,8.86,3,355.46,20 / 21,803329,2019-09-06 18:29:30:011,-1.0619,0.0041,9.6917,-0.0211,0.01,9.8066,-0.0631,-0.0196,0.0389,-12.94,-34.62,-1.94,278.26,-86.59,-153.94
52.37877,-1.515995,133.93,8.86,3,355.46,21 / 21,803429,2019-09-06 18:29:30:111,-0.8701,0.885,9.5469,-0.0035,-0.0083,9.8066,-0.0572,-0.0027,-0.0511,-12.62,-34.62,-1.56,277.91,-86.54,-154.16
52.37877,-1.515995,133.93,8.86,3,355.46,21 / 21,803529,2019-09-06 18:29:30:211,0.3384,0.2626,9.6222,-0.0003,-0.0049,9.8066,0.0473,-0.017,0.02,-12.56,-34.31,-1.12,281.28,-86.42,-155.09
52.37877,-1.515995,133.93,8.86,3,355.46,21 / 21,803628,2019-09-06 18:29:30:310,-0.5531,0.5487,10.125,-0.0091,-0.0126,9.8066,0.0194,0.0461,-0.0025,-12.25,-34.06,-0.31,286.94,-86.41,-153.25
52.37877,-1.515995,133.93,8.86,3,355.46,21 / 21,803730,2019-09-06 18:29:30:412,-0.1207,0.6737,10.1594,0.0221,-0.0009,9.8065,-0.0049,0.0351,-0.008,-12.31,-33.37,0.19,286.97,-86.44,-153.59
52.37877,-1.515995,133.93,8.86,3,355.46,21 / 21,803828,2019-09-06 18:29:30:510,-0.5782,0.0219,10.0511,0.0185,-0.0059,9.8066,0.0771,-0.019,0.005,-11.69,-31.25,1.06,291.76,-86.26,-153.97
52.37877,-1.515995,133.93,8.86,3,355.46,21 / 21,803928,2019-09-06 18:29:30:610,0.0084,0.2245,9.6547,0.0137,0.0065,9.8065,-0.0481,-0.015,0.0118,-11.31,-29.62,1.19,289.13,-86,-155.69
52.37877,-1.515995,133.93,8.86,3,355.46,21 / 21,804028,2019-09-06 18:29:30:710,0.1295,0.1164,9.8423,0.0201,-0.0046,9.8066,-0.01,0.0062,-0.004,-9.75,-28.62,-0.25,282.37,-85.84,-155.71
52.37877,-1.515995,133.93,8.86,3,355.46,21 / 21,804128,2019-09-06 18:29:30:810,0.2335,0.3772,9.7123,-0.0094,-0.0002,9.8066,0.003,-0.0283,0.0415,-9.87,-28.62,-2.19,270.45,-85.91,-156.5
52.37877,-1.515995,133.93,8.86,3,355.46,21 / 21,804228,2019-09-06 18:29:30:910,-0.3867,0.2376,10.0819,-0.0041,-0.0135,9.8066,0.0121,-0.0002,-0.0102,-10.06,-29.56,-3,267.2,-85.95,-154.39
52.37877,-1.515995,133.93,8.86,3,355.46,21 / 21,804328,2019-09-06 18:29:31:010,-0.8481,-0.2084,10.3253,0.0045,0.004,9.8066,-0.0098,0.0123,-0.0045,-10.62,-30.19,-3.62,266.14,-86.03,-153.67
52.37877,-1.515995,133.93,8.86,3,355.46,21 / 21,804429,2019-09-06 18:29:31:111,-0.3531,0.2895,9.6252,0.0178,0.0027,9.8066,-0.011,-0.0073,0.0349,-9.94,-30.87,-3.81,262.77,-85.93,-153.73
52.37877,-1.515995,133.93,8.86,3,355.46,21 / 21,804528,2019-09-06 18:29:31:210,-0.1887,0.4124,9.7393,0.0086,0.0004,9.8066,0.0629,0.0201,0.0135,-10.75,-31.5,-2.69,269.88,-85.75,-153.2
52.37877,-1.515995,133.93,8.86,3,355.46,21 / 21,804629,2019-09-06 18:29:31:311,-0.2751,-0.2186,9.7981,0.0098,-0.0028,9.8065,0.0321,-0.0173,0.0448,-10.06,-31,-3.19,267.55,-85.65,-152.71
52.37877,-1.515995,133.93,8.86,3,355.46,21 / 21,804729,2019-09-06 18:29:31:411,-0.5889,0.2227,9.8274,-0.0109,-0.0041,9.8066,-0.0255,0.0138,-0.0285,-10.87,-32.31,-2.87,270.59,-85.63,-151.78
52.37877,-1.515995,133.93,8.86,3,355.46,21 / 21,804828,2019-09-06 18:29:31:510,-1.0412,0.2832,9.5822,-0.0075,-0.0043,9.8066,-0.0211,0.0003,0.0212,-10.75,-31.25,-3.37,271.37,-85.71,-151.6
52.37877,-1.515995,133.93,8.86,3,355.46,21 / 21,804929,2019-09-06 18:29:31:611,-1.0503,-0.9,9.9682,0.0033,-0.0059,9.8066,-0.0335,-0.0034,0.0428,-10.81,-32.06,-3.25,272.82,-85.61,-149.49
52.37877,-1.515995,133.93,8.86,3,355.46,21 / 21,805029,2019-09-06 18:29:31:711,-0.8349,0.3355,9.2828,0.0125,0.0049,9.8066,-0.0628,-0.0005,0.054,-11.19,-32.31,-3.12,272.95,-85.48,-148.99
52.37877,-1.515995,133.93,8.86,3,355.46,21 / 21,805129,2019-09-06 18:29:31:811,-0.8401,-0.3055,9.411,0.0085,-0.0046,9.8066,-0.028,0.042,-0.0518,-11.44,-32.56,-2.81,272.82,-85.35,-148.32
52.37877,-1.515995,133.93,8.86,3,355.46,21 / 21,805228,2019-09-06 18:29:31:910,-1.0377,0.9219,9.3747,-0.0045,-0.0032,9.8066,0.025,0.0853,-0.0009,-12.19,-32.69,-3,275,-85.36,-148.5
52.37877,-1.515995,133.93,8.86,3,355.46,21 / 21,805329,2019-09-06 18:29:32:011,-0.653,-0.6545,10.0727,0.0055,-0.0101,9.8066,-0.0245,-0.0157,0.0543,-11.81,-32.69,-2.31,281.35,-85.31,-146.56
52.37877,-1.515995,133.93,8.86,3,355.46,22 / 22,805429,2019-09-06 18:29:32:111,-2.4446,-0.1752,10.3936,0.008,0.0073,9.8066,0.2305,-0.056,0.0372,-12.25,-32.5,-2.31,282.54,-85.32,-145.82
52.37877,-1.515995,133.93,8.86,3,355.46,22 / 22,805529,2019-09-06 18:29:32:211,-0.9219,1.5142,10.0744,-0.0167,-0.0103,9.8065,0.1829,0.0956,-0.0361,-11.31,-32.31,-1.69,279.93,-85.27,-146.26
52.37877,-1.515995,133.93,8.86,3,355.46,22 / 22,805628,2019-09-06 18:29:32:310,-0.5331,-0.0585,9.718,-0.0103,-0.0085,9.8066,0.1471,0.0219,-0.0034,-12.25,-32.25,-2.06,282.04,-85.29,-146.23
52.37877,-1.515995,133.93,8.86,3,355.46,22 / 22,805729,2019-09-06 18:29:32:411,-0.3172,-0.0882,9.9003,0.0196,0.0091,9.8066,-0.0383,0.0907,0.0295,-12.06,-32,-2,279.73,-85.03,-147.75
52.37877,-1.515995,133.93,8.86,3,355.46,22 / 22,805829,2019-09-06 18:29:32:511,-1.4126,0.5346,9.7662,0.0508,0.0071,9.8064,-0.096,-0.015,-0.0093,-11.62,-32.25,-1.87,279.12,-84.83,-147.8
52.37877,-1.515995,133.93,8.86,3,355.46,22 / 22,805928,2019-09-06 18:29:32:610,-1.8783,-0.2016,9.9138,-0.0292,0.0007,9.8065,-0.0436,0.0064,-0.0208,-12.5,-32.25,-1.06,284.87,-84.84,-146.91
52.37877,-1.515995,133.93,8.86,3,355.46,22 / 22,806029,2019-09-06 18:29:32:711,-1.1524,-0.1173,9.065,-0.0231,0.0008,9.8066,-0.0392,-0.0126,0.0395,-12,-31.44,-1.31,285.63,-85.08,-147.22
52.37877,-1.515995,133.93,8.86,3,355.46,22 / 22,806128,2019-09-06 18:29:32:810,-1.7463,0.5823,9.0477,-0.0087,-0.0026,9.8065,0.0155,-0.0458,0.0294,-12.12,-30.94,-1.44,287.27,-85.07,-145.66
52.37877,-1.515995,133.93,8.86,3,355.46,22 / 22,806229,2019-09-06 18:29:32:911,-1.1277,-0.1414,10.1091,-0.0112,-0.0124,9.8066,0.0848,0.0437,-0.0414,-12.19,-31,-1.25,288.89,-85.09,-144.22
52.37877,-1.515995,133.93,8.86,3,355.46,22 / 22,806329,2019-09-06 18:29:33:011,-1.8705,0.3169,10.1842,0.0133,-0.001,9.8066,-0.0373,0.0203,0.0214,-12,-30.62,-2.12,284.1,-85.07,-144.07
52.37877,-1.515995,133.93,8.86,3,355.46,22 / 22,806432,2019-09-06 18:29:33:114,-1.6028,-0.2073,9.6514,0.0064,0.0047,9.8066,-0.0146,0.0181,0.0208,-12.94,-30,-2.62,282.26,-85.04,-143.7
52.37877,-1.515995,133.93,8.86,3,355.46,22 / 22,806528,2019-09-06 18:29:33:210,-1.615,-0.4292,9.3038,0.0072,-0.0035,9.8066,-0.0482,0.0021,0.0013,-12.25,-31.31,-3.25,280.52,-85.05,-143.08
52.37877,-1.515995,133.93,8.86,3,355.46,22 / 22,806629,2019-09-06 18:29:33:311,-1.9829,-0.4368,9.8553,0.0049,-0.0105,9.8066,-0.0112,0.0507,0.0034,-12.31,-30.94,-3.44,281.58,-84.96,-141.83
52.37877,-1.515995,133.93,8.86,3,355.46,22 / 22,806728,2019-09-06 18:29:33:410,-2.1101,-0.4468,10.0831,-0.0082,-0.0068,9.8066,0.0094,0.0198,0.0171,-12.19,-31.06,-3.94,278.47,-84.98,-140.77
52.37877,-1.515995,133.93,8.86,3,355.46,22 / 22,806828,2019-09-06 18:29:33:510,-2.0089,-0.5839,10.2546,-0.0013,-0.0065,9.8066,0.0265,0.0037,-0.0059,-12.87,-31.06,-3.69,281.25,-84.96,-140.22
52.37877,-1.515995,133.93,8.86,3,355.46,22 / 22,806928,2019-09-06 18:29:33:610,-1.6915,-0.2155,9.6409,0.0053,-0.0063,9.8066,-0.0255,0.0228,0.0194,-12.19,-31.75,-4,279.51,-84.91,-139.17
52.37877,-1.515995,133.93,8.86,3,355.46,22 / 22,807029,2019-09-06 18:29:33:711,-1.7648,-0.4483,9.4112,0.005,-0.0095,9.8066,-0.0191,0.0374,0.0354,-11.56,-32.06,-3.81,280.48,-84.83,-138.04
52.37877,-1.515995,133.93,8.86,3,355.46,22 / 22,807128,2019-09-06 18:29:33:810,-1.3867,-0.3146,9.78,0.0085,-0.0111,9.8066,0.0138,0.0049,0.0255,-12.81,-32.94,-3.81,284.08,-84.81,-136.41
52.37877,-1.515995,133.93,8.86,3,355.46,22 / 22,807229,2019-09-06 18:29:33:911,-1.6306,-0.4158,10.3059,-0.0012,-0.0075,9.8065,-0.005,0.0265,0.0209,-12.75,-32.5,-3.94,285.99,-84.7,-134.74
52.37877,-1.515995,133.93,8.86,3,355.46,22 / 22,807329,2019-09-06 18:29:34:011,-1.6906,-0.3154,10.1903,0.0038,-0.0004,9.8065,0.0225,0.0387,0.0108,-12.25,-33,-4.19,283.99,-84.74,-134.04
52.37877,-1.515995,133.93,8.86,3,355.46,21 / 22,807429,2019-09-06 18:29:34:111,-1.1745,-0.1555,9.6766,-0.0008,-0.0085,9.8066,0.0116,0.012,0.0092,-11.94,-33.37,-3.62,285.56,-84.76,-132.62
52.37877,-1.515995,133.93,8.86,3,355.46,21 / 22,807528,2019-09-06 18:29:34:210,-1.0548,-0.5059,10.5233,0.0081,-0.0055,9.8066,-0.0367,0.0306,0.0301,-12.81,-34.56,-3.94,289.77,-84.79,-130.31
52.37877,-1.515995,133.93,8.86,3,355.46,21 / 22,807629,2019-09-06 18:29:34:311,-1.375,-1.0498,9.9507,0.0119,0.0042,9.8066,-0.0181,0.0339,-0.0291,-12.5,-35.19,-4.56,283.33,-84.72,-129.99
52.37877,-1.515995,133.93,8.86,3,355.46,21 / 22,807729,2019-09-06 18:29:34:411,-1.639,-0.0476,9.8599,0.0011,0.0046,9.8065,0.0311,0.0003,0.0109,-12.19,-35,-3.94,285.94,-84.72,-131.34
52.37877,-1.515995,133.93,8.86,3,355.46,21 / 22,807828,2019-09-06 18:29:34:510,-1.626,-0.218,9.7471,0.0001,0.0063,9.8066,-0.0081,0.0423,-0.0401,-11.12,-36.12,-2.31,290.97,-84.67,-132.36
52.37877,-1.515995,133.93,8.86,3,355.46,21 / 22,807929,2019-09-06 18:29:34:611,-1.599,-0.3615,9.6362,0.0012,0.0039,9.8066,0.0432,0.0407,-0.0014,-11,-35.12,-1.19,295.86,-84.68,-133.45
52.37877,-1.515995,133.93,8.86,3,355.46,21 / 22,808028,2019-09-06 18:29:34:710,-1,0.1381,9.5043,0.0024,0.0025,9.8066,0.0214,0.0196,-0.0055,-11,-34.44,-1.69,290.38,-84.68,-133.84
52.37877,-1.515995,133.93,8.86,3,355.46,21 / 22,808129,2019-09-06 18:29:34:811,-0.94,0.2337,9.415,0.0129,-0.0028,9.8066,-0.0004,0.0063,0.0024,-10.62,-33.81,-1.12,294.79,-84.61,-134.64
52.37877,-1.515995,133.93,8.86,3,355.46,21 / 22,808228,2019-09-06 18:29:34:910,-0.9681,-0.4068,9.7576,0.0087,-0.0035,9.8066,-0.0006,0.0676,0.0171,-9.87,-33.25,-0.25,298.9,-84.43,-134.63
52.37877,-1.515995,133.93,8.86,3,355.46,21 / 22,808328,2019-09-06 18:29:35:010,-1.1608,-0.1748,9.7749,-0.0008,0.003,9.8066,-0.0073,0.0323,0.015,-9.25,-33.37,-0.31,296.8,-84.49,-134.72
52.37877,-1.515995,133.93,8.86,3,355.46,22 / 22,808428,2019-09-06 18:29:35:110,-1.3494,-0.2093,9.9647,-0.0078,0.0043,9.8066,-0.0214,0.0216,-0.0342,-9.37,-32.62,-0.37,297.1,-84.56,-134.7
52.37877,-1.515995,133.93,8.86,3,355.46,22 / 22,808528,2019-09-06 18:29:35:210,-1.7416,-0.164,9.9275,-0.0073,0.0089,9.8066,0.018,0.019,-0.0187,-9.5,-32.62,0.13,297.06,-84.67,-135.11
52.37877,-1.515995,133.93,8.86,3,355.46,22 / 22,808629,2019-09-06 18:29:35:311,-1.6279,0.1556,9.968,-0.0087,0.0017,9.8066,-0.0313,0.0314,-0.0308,-10.25,-33.19,-0.69,292.78,-84.82,-135.51
52.37877,-1.515995,133.93,8.86,3,355.46,22 / 22,808728,2019-09-06 18:29:35:410,-1.4288,0.1123,9.7347,-0.0079,-0.0025,9.8066,0.014,0.0452,0.0046,-10.37,-32.44,-0.87,294.31,-84.96,-135.08
52.37877,-1.515995,133.93,8.86,3,355.46,22 / 22,808828,2019-09-06 18:29:35:510,-1.3663,-0.0481,9.7756,-0.0026,-0.0049,9.8066,-0.0156,0.0226,0.0118,-10.81,-32.56,-0.62,296.71,-84.98,-134.46
52.37877,-1.515995,133.93,8.86,3,355.46,22 / 22,808928,2019-09-06 18:29:35:610,-1.2435,0.243,10.0103,-0.0064,-0.0049,9.8066,-0.0201,0.0653,-0.0129,-10.75,-32.12,-0.87,299.25,-84.99,-132.67
52.37877,-1.515995,133.93,8.86,3,355.46,22 / 22,809029,2019-09-06 18:29:35:711,-1.1962,-0.4043,9.7677,-0.0107,0.0009,9.8066,0.0415,0.0365,0.0173,-10.5,-32.25,-0.75,298.52,-85.13,-131.9
52.37877,-1.515995,133.93,8.86,3,355.46,22 / 22,809128,2019-09-06 18:29:35:810,-0.8415,0.2344,9.6872,0.0005,-0.0006,9.8066,-0.0165,-0.0028,0.0272,-10.87,-31.87,-1,301.22,-85.12,-131.28
52.37877,-1.515995,133.93,8.86,3,355.46,22 / 22,809229,2019-09-06 18:29:35:911,-1.1362,-0.1393,9.9485,0.0056,0.0017,9.8066,-0.027,0.0441,-0.0044,-10.62,-32.12,-1.06,301.8,-85.11,-130.75
52.37877,-1.515995,133.93,8.86,3,355.46,22 / 22,809329,2019-09-06 18:29:36:011,-1.023,-0.0437,9.9099,-0.0117,-0.0037,9.8066,-0.0018,0.036,-0.0114,-10.81,-32,-0.75,303.26,-85.24,-129.83
52.37933,-1.516049,132.67,1.72,3,351.77,21 / 22,809429,2019-09-06 18:29:36:111,-0.7974,-0.1116,9.775,-0.0094,-0.0003,9.8066,-0.0191,0.0293,-0.0126,-10.56,-31.87,-0.62,303.21,-85.25,-129.89
52.37933,-1.516049,132.67,1.72,3,351.77,21 / 22,809529,2019-09-06 18:29:36:211,-1.1156,0.1295,9.9376,-0.013,-0.0038,9.8066,-0.0124,0.0283,0.0024,-10.56,-32.19,-0.81,305.05,-85.38,-128.63
52.37933,-1.516049,132.67,1.72,3,351.77,21 / 22,809629,2019-09-06 18:29:36:311,-1.0447,-0.0059,10.0249,-0.0017,-0.0007,9.8066,0.0276,0.0424,-0.0035,-10.81,-32.87,-1,305.41,-85.45,-128.15
52.37933,-1.516049,132.67,1.72,3,351.77,21 / 22,809728,2019-09-06 18:29:36:410,-0.6256,-0.1379,9.8791,-0.0037,-0.0015,9.8066,0.0224,0.0243,0.0052,-11.19,-32.62,-1.5,306.12,-85.48,-127.62
52.37933,-1.516049,132.67,1.72,3,351.77,21 / 22,809829,2019-09-06 18:29:36:511,-0.5786,-0.1823,10.0118,-0.003,0.0016,9.8066,-0.0096,0.015,0.0016,-10.94,-32.81,-0.94,306.9,-85.5,-126.99
52.37933,-1.516049,132.67,1.72,3,351.77,21 / 22,809928,2019-09-06 18:29:36:610,-0.3992,0.1805,9.8937,-0.0018,0.0024,9.8066,-0.015,0.0171,-0.0056,-11.06,-32.56,-1.75,301.81,-85.57,-126.61
52.37933,-1.516049,132.67,1.72,3,351.77,21 / 22,810029,2019-09-06 18:29:36:711,-0.2028,0.1941,9.8383,-0.0093,0.0008,9.8066,0.0106,0.0136,-0.0086,-11.37,-32.06,-1.69,303.18,-85.68,-126.04
52.37933,-1.516049,132.67,1.72,3,351.77,21 / 22,810129,2019-09-06 18:29:36:811,-0.0015,0.0962,9.751,-0.0064,-0.0002,9.8066,0.0026,0.0142,-0.0113,-10.94,-32.12,-0.94,309.31,-85.74,-125.82
52.37933,-1.516049,132.67,1.72,3,351.77,21 / 22,810229,2019-09-06 18:29:36:911,-0.0783,0.2195,9.8527,-0.0055,0.0002,9.8066,0.0108,0.0032,-0.0017,-11.44,-32.19,-1,310.24,-85.81,-125.18
52.37933,-1.516049,132.67,1.72,3,351.77,21 / 22,810329,2019-09-06 18:29:37:011,-0.0943,0.2358,9.9008,-0.0045,-0.0005,9.8066,-0.0011,0.0125,-0.006,-11.5,-32.69,-1.25,310.47,-85.85,-124.78
52.37933,-1.516049,132.67,1.72,3,351.77,21 / 22,810429,2019-09-06 18:29:37:111,0.0612,0.1281,9.8404,-0.0054,0.0011,9.8066,0.0069,0.0107,0.0112,-10.87,-32.19,-1.37,311.65,-85.91,-124.19
52.37933,-1.516049,132.67,1.72,3,351.77,21 / 22,810529,2019-09-06 18:29:37:211,0.0931,0.158,9.8892,-0.0031,-0.0011,9.8066,0.0034,0.0066,0.001,-10.69,-32.62,-1.06,312.26,-85.96,-123.49
52.37933,-1.516049,132.67,1.72,3,351.77,21 / 22,810628,2019-09-06 18:29:37:310,-0.1488,0.1518,9.9167,-0.0058,0.0011,9.8066,0.0086,0.016,0.0061,-10.62,-32.56,-1.37,313.49,-86.03,-122.6
52.37933,-1.516049,132.67,1.72,3,351.77,21 / 22,810729,2019-09-06 18:29:37:411,0.0027,0.092,9.8165,-0.0061,-0.0005,9.8066,0.0136,0.0119,0.004,-10.81,-32.06,-1.37,314.79,-86.08,-121.86
52.37933,-1.516049,132.67,1.72,3,351.77,21 / 22,810829,2019-09-06 18:29:37:511,0.0183,0.1652,9.8691,-0.0056,0.0016,9.8066,-0.0036,-0.0144,-0.0021,-10.62,-32.31,-1.44,315.67,-86.14,-121.24
52.37933,-1.516049,132.67,1.72,3,351.77,21 / 22,810929,2019-09-06 18:29:37:611,-0.0751,0.2302,9.8685,-0.0022,-0.0002,9.8066,-0.0024,-0.0049,-0.0035,-10.87,-32.06,-1.5,316.29,-86.17,-120.76
52.37933,-1.516049,132.67,1.72,3,351.77,21 / 22,811028,2019-09-06 18:29:37:710,0.0279,0.2476,9.8373,-0.0061,0.0011,9.8066,0.0089,0.009,0.0063,-10.69,-32.19,-1,317.16,-86.23,-120.13
52.37933,-1.516049,132.67,1.72,3,351.77,21 / 22,811128,2019-09-06 18:29:37:810,0.2055,0.297,9.8757,-0.0042,0.0001,9.8066,-0.0044,0.0034,-0.003,-10.75,-32.62,-1.25,318.25,-86.29,-119.1
52.37933,-1.516049,132.67,1.72,3,351.77,21 / 22,811229,2019-09-06 18:29:37:911,0.1828,0.2018,9.9046,-0.0025,-0.0001,9.8066,0.0063,0.0137,0.0064,-9.81,-32.62,-1.19,317.96,-86.35,-118.21
52.37933,-1.516049,132.67,1.72,3,351.77,21 / 22,811329,2019-09-06 18:29:38:011,0.1125,0.1668,9.8185,-0.0022,0.0008,9.8066,0.0027,0.0026,0.0098,-10.37,-32.12,-1.75,312.44,-86.37,-117.75
52.37933,-1.516049,132.67,1.72,3,351.77,21 / 21,811428,2019-09-06 18:29:38:110,-0.0489,0.1432,9.8359,-0.0056,-0.0011,9.8066,0.0027,-0.0024,0.0028,-10.62,-32.12,-1.37,321.65,-86.42,-116.64
52.37933,-1.516049,132.67,1.72,3,351.77,21 / 21,811529,2019-09-06 18:29:38:211,0.1809,0.2281,9.7732,-0.0048,-0.0008,9.8066,0.0048,-0.008,-0.0038,-10.44,-32.19,-1.25,321.15,-86.44,-115.96
52.37933,-1.516049,132.67,1.72,3,351.77,21 / 21,811629,2019-09-06 18:29:38:311,0.5753,0.2963,9.8132,-0.0027,0.0004,9.8066,-0.003,-0.0123,-0.0118,-10.69,-32.12,-1.5,323.13,-86.46,-115.46
52.37933,-1.516049,132.67,1.72,3,351.77,21 / 21,811729,2019-09-06 18:29:38:411,0.8504,0.3323,9.7681,-0.0017,0.0012,9.8066,0.0048,-0.013,-0.0059,-10.44,-32.75,-1.44,322.17,-86.51,-115.01
52.37933,-1.516049,132.67,1.72,3,351.77,21 / 21,811829,2019-09-06 18:29:38:511,0.8128,0.3743,9.632,-0.0013,0.0016,9.8066,0.0197,0.0003,0.0169,-10.69,-32,-1.31,323.42,-86.53,-115.34
52.37933,-1.516049,132.67,1.72,3,351.77,21 / 21,811929,2019-09-06 18:29:38:611,0.8322,0.3188,9.653,-0.0013,0.0002,9.8066,0.0069,0.001,0.01,-10.69,-32.44,-1.37,323.49,-86.54,-115.29
52.37933,-1.516049,132.67,1.72,3,351.77,21 / 21,812029,2019-09-06 18:29:38:711,0.3204,0.3509,10.0124,-0.0002,-0.0015,9.8066,0.0075,-0.0075,-0.0141,-10.12,-32.12,-1.5,323.32,-86.56,-114.36
52.37933,-1.516049,132.67,1.72,3,351.77,21 / 21,812128,2019-09-06 18:29:38:810,0.3507,0.2259,9.8528,-0.0037,0.0007,9.8066,-0.0074,-0.0207,-0.0067,-10.25,-32.19,-1.31,323.67,-86.58,-114.1
52.37933,-1.516049,132.67,1.72,3,351.77,21 / 21,812228,2019-09-06 18:29:38:910,0.7603,0.3351,9.7128,-0.0029,0.0003,9.8066,-0.005,0.0031,0.0108,-10.87,-32.56,-0.75,325.14,-86.6,-113.8
52.37933,-1.516049,132.67,1.72,3,351.77,21 / 21,812329,2019-09-06 18:29:39:011,0.5054,0.2411,9.9522,-0.0013,0.0002,9.8066,-0.0047,0.0002,0.0088,-11,-31.69,-1.06,326.08,-86.63,-113.22
52.37933,-1.516049,132.67,1.72,3,351.77,20 / 20,812429,2019-09-06 18:29:39:111,0.338,0.2758,9.9738,-0.0041,-0.0006,9.8066,0.0179,-0.0024,0.0022,-10.44,-32.12,-0.75,326.11,-86.67,-112.2
52.37933,-1.516049,132.67,1.72,3,351.77,20 / 20,812529,2019-09-06 18:29:39:211,0.7832,0.3513,9.7415,-0.0018,0,9.8066,-0.0177,-0.0182,-0.0093,-10.31,-32.31,-0.62,326.4,-86.66,-111.96
52.37933,-1.516049,132.67,1.72,3,351.77,20 / 20,812628,2019-09-06 18:29:39:310,0.6256,0.2381,9.7567,-0.0035,0.0003,9.8066,-0.0065,0.0073,0.0099,-10.5,-32.44,-0.94,327.49,-86.7,-111.1
52.37933,-1.516049,132.67,1.72,3,351.77,20 / 20,812728,2019-09-06 18:29:39:410,0.7239,0.2449,9.7145,-0.006,0.0001,9.8066,0.0174,-0.0061,0.0157,-10.62,-32.12,-1.31,329.54,-86.72,-110.41
52.37933,-1.516049,132.67,1.72,3,351.77,20 / 20,812829,2019-09-06 18:29:39:511,0.7751,0.4207,9.7466,-0.0016,0.0004,9.8066,0.0137,0.0029,0.0001,-10.87,-32.06,-1.56,324.27,-86.72,-109.89
52.37933,-1.516049,132.67,1.72,3,351.77,20 / 20,812929,2019-09-06 18:29:39:611,0.4612,0.3156,9.8526,0.0003,-0.0001,9.8066,-0.0171,-0.0128,-0.0082,-11.06,-32.5,-1.06,330.63,-86.73,-109.48
52.37933,-1.516049,132.67,1.72,3,351.77,20 / 20,813029,2019-09-06 18:29:39:711,0.6948,0.299,9.8893,-0.0055,-0.0004,9.8066,0.0058,0.0034,0.007,-10.62,-32.62,-1.37,331.82,-86.76,-108.37
52.37933,-1.516049,132.67,1.72,3,351.77,20 / 20,813129,2019-09-06 18:29:39:811,0.4065,0.1868,9.896,-0.0051,0.0007,9.8066,0.0229,0.0067,0.0266,-11.37,-32.31,-1.31,332.64,-86.79,-107.85
52.37933,-1.516049,132.67,1.72,3,351.77,20 / 20,813229,2019-09-06 18:29:39:911,0.71,0.2634,9.8802,-0.0029,-0.0009,9.8066,-0.0123,-0.0262,-0.0201,-10.75,-32.06,-1.06,333.16,-86.78,-107.39
52.37933,-1.516049,132.67,1.72,3,351.77,20 / 20,813329,2019-09-06 18:29:40:011,0.7311,0.2136,9.6764,-0.005,0.0007,9.8066,0.009,0.007,0.0178,-10.87,-32.12,-1.56,327.94,-86.8,-106.85
52.37933,-1.516049,132.67,1.72,3,351.77,20 / 20,813429,2019-09-06 18:29:40:111,0.7441,0.2304,9.79,0.0001,-0.0008,9.8066,0.0023,0.0086,0.017,-10.69,-31.87,-1.62,328.25,-86.79,-106.57
52.37933,-1.516049,132.67,1.72,3,351.77,20 / 20,813529,2019-09-06 18:29:40:211,1.0726,0.2163,9.6885,-0.003,0.0017,9.8066,-0.017,-0.0154,-0.0193,-10.62,-32.37,-1.25,335.07,-86.84,-105.83
52.37933,-1.516049,132.67,1.72,3,351.77,20 / 20,813628,2019-09-06 18:29:40:310,0.7156,0.2063,9.723,0.0021,-0.0018,9.8066,0.0126,0.0086,0.0082,-10.69,-31.94,-1.31,335.35,-86.83,-105.59
52.37933,-1.516049,132.67,1.72,3,351.77,20 / 20,813728,2019-09-06 18:29:40:410,0.7573,0.4067,9.8945,-0.0035,-0.0007,9.8066,0.0035,-0.0097,0.0055,-10.75,-31.62,-1.12,335.62,-86.82,-105.35
52.37933,-1.516049,132.67,1.72,3,351.77,20 / 20,813829,2019-09-06 18:29:40:511,0.5257,0.2829,9.9081,-0.0045,0.0017,9.8066,-0.0203,-0.0163,-0.0236,-10.62,-31.75,-1.19,336.51,-86.86,-104.63
52.37933,-1.516049,132.67,1.72,3,351.77,20 / 20,813929,2019-09-06 18:29:40:611,0.5232,0.2238,9.9316,-0.0024,-0.001,9.8066,0.0108,0.007,0.0059,-10.87,-32.06,-1.06,336.86,-86.86,-104.34
52.37933,-1.516049,132.67,1.72,3,351.77,20 / 20,814028,2019-09-06 18:29:40:710,0.7005,0.4821,9.9545,-0.0025,-0.0006,9.8066,0.0049,-0.0139,0.003,-10.5,-32.81,-1.62,329.61,-86.86,-103.9
52.37933,-1.516049,132.67,1.72,3,351.77,20 / 20,814128,2019-09-06 18:29:40:810,0.593,0.2974,9.8563,0.0012,0.0008,9.8066,-0.0108,-0.0179,-0.0221,-10.5,-32.5,-0.81,336.4,-86.89,-103.88
52.37933,-1.516049,132.67,1.72,3,351.77,20 / 20,814228,2019-09-06 18:29:40:910,1.0596,0.2509,9.6365,0,-0.0024,9.8066,0.0099,0.0124,0.0235,-10.5,-32.56,-1,336.39,-86.87,-103.75
52.37933,-1.516049,132.67,1.72,3,351.77,20 / 20,814328,2019-09-06 18:29:41:010,0.8642,0.1581,9.6427,-0.004,0.0013,9.8066,-0.0141,-0.0219,-0.0172,-10.62,-32.06,-0.56,337.56,-86.86,-103.75
52.37933,-1.516049,132.67,1.72,3,351.77,20 / 21,814429,2019-09-06 18:29:41:111,0.84,0.1931,9.8567,0.0003,-0.0005,9.8066,-0.001,-0.0008,-0.0145,-11,-32.12,-1.12,338.19,-86.88,-103.23
52.37933,-1.516049,132.67,1.72,3,351.77,20 / 21,814528,2019-09-06 18:29:41:210,0.5129,0.2994,9.8847,0.0023,-0.001,9.8066,0.0211,0.0103,0.0238,-10.69,-32.25,-0.87,337.97,-86.86,-103.39
52.37933,-1.516049,132.67,1.72,3,351.77,20 / 21,814629,2019-09-06 18:29:41:311,0.7035,0.3133,9.936,-0.0027,0.0013,9.8066,-0.0107,-0.0171,-0.0131,-10.94,-32,-1.12,338.3,-86.87,-103.12
52.37933,-1.516049,132.67,1.72,3,351.77,20 / 21,814729,2019-09-06 18:29:41:411,0.7227,0.3458,9.8191,0.0008,-0.0013,9.8066,-0.0014,-0.0041,-0.0128,-10.87,-32,-0.94,338.31,-86.88,-103.12
52.37933,-1.516049,132.67,1.72,3,351.77,20 / 21,814829,2019-09-06 18:29:41:511,0.7832,0.2664,9.8615,0.0036,-0.0005,9.8066,0.0064,0.0098,0.0189,-10.62,-32.25,-1.37,338.03,-86.85,-103.33
52.37933,-1.516049,132.67,1.72,3,351.77,20 / 21,814928,2019-09-06 18:29:41:610,0.7447,0.1957,9.7778,-0.0007,0.0019,9.8066,-0.0031,-0.017,-0.0102,-10.75,-32.19,-1,338.21,-86.86,-103.18
52.37933,-1.516049,132.67,1.72,3,351.77,20 / 21,815028,2019-09-06 18:29:41:710,0.614,0.2903,9.9853,0.0025,-0.0008,9.8066,0.0134,-0.0047,0.0096,-10.87,-32,-1.06,338.12,-86.87,-103.27
52.37933,-1.516049,132.67,1.72,3,351.77,20 / 21,815129,2019-09-06 18:29:41:811,0.656,0.2411,9.7675,-0.0013,-0.0009,9.8066,-0.0007,0.0128,0.0168,-10.44,-32.31,-1.19,336.92,-86.84,-103.38
52.37933,-1.516049,132.67,1.72,3,351.77,20 / 21,815229,2019-09-06 18:29:41:911,1.0171,0.2213,9.6869,-0.0019,0.0009,9.8066,-0.0236,-0.0074,-0.0132,-10.87,-32,-1.25,337.93,-86.85,-103.42
52.37933,-1.516049,132.67,1.72,3,351.77,20 / 21,815328,2019-09-06 18:29:42:010,0.6712,0.1539,9.7282,-0.0009,-0.0007,9.8065,0.0065,-0.003,0.0048,-11.12,-32,-1.31,337.35,-86.83,-103.88
52.37933,-1.516049,132.67,1.72,3,351.77,20 / 22,815430,2019-09-06 18:29:42:112,0.8297,0.3359,9.8873,-0.0019,-0.0001,9.8066,0.0034,0.0041,-0.0013,-10.69,-32.12,-0.44,343.35,-86.83,-103.98
52.37933,-1.516049,132.67,1.72,3,351.77,20 / 22,815528,2019-09-06 18:29:42:210,0.5319,0.2499,9.8447,0.0056,-0.0006,9.8066,0.0012,0.002,0.0025,-10.69,-32.56,-0.69,336.99,-86.83,-104.08
52.37933,-1.516049,132.67,1.72,3,351.77,20 / 22,815629,2019-09-06 18:29:42:311,0.829,0.4118,9.8505,0.0026,0.0003,9.8066,0.0143,-0.0213,0.005,-10.87,-31.75,-1.37,336.17,-86.81,-104.87
52.37933,-1.516049,132.67,1.72,3,351.77,20 / 22,815729,2019-09-06 18:29:42:411,0.6206,0.1588,9.8229,-0.0004,-0.0006,9.8066,-0.0178,0.0028,-0.0138,-10.87,-32,-0.56,335.96,-86.81,-105.05
52.37933,-1.516049,132.67,1.72,3,351.77,20 / 22,815828,2019-09-06 18:29:42:510,0.7923,0.3136,9.8518,0.0022,0,9.8066,0.0123,0.0032,0.0144,-10.5,-32,-1,334.13,-86.79,-105.66
52.37933,-1.516049,132.67,1.72,3,351.77,20 / 22,815928,2019-09-06 18:29:42:610,0.4936,0.2582,9.975,0.0014,0.0025,9.8066,0.0022,-0.0202,-0.0086,-10.25,-32,-1.12,333.41,-86.8,-106.27
52.37933,-1.516049,132.67,1.72,3,351.77,20 / 22,816029,2019-09-06 18:29:42:711,0.8924,0.3232,9.6901,0.0055,-0.0011,9.8066,0.0091,0.0077,0.0039,-10.94,-31.94,-0.75,333.95,-86.79,-106.73
52.37933,-1.516049,132.67,1.72,3,351.77,20 / 22,816129,2019-09-06 18:29:42:811,0.6584,0.1688,9.717,-0.0012,-0.0018,9.8066,-0.005,0.0123,0.0174,-11.25,-32,-0.44,339.59,-86.76,-107.09
52.37933,-1.516049,132.67,1.72,3,351.77,20 / 22,816229,2019-09-06 18:29:42:911,0.9758,0.2037,9.7334,-0.0015,0.0006,9.8066,-0.0113,-0.0151,-0.0135,-10.87,-32.44,-1.31,333.17,-86.75,-107.35
52.37933,-1.516049,132.67,1.72,3,351.77,20 / 22,816328,2019-09-06 18:29:43:010,0.8405,0.3085,9.7839,0.001,-0.0003,9.8066,0.006,0.0165,0.0027,-10.94,-32.31,-1.25,332.39,-86.73,-107.98
52.37933,-1.516049,132.67,1.72,3,351.77,20 / 20,816429,2019-09-06 18:29:43:111,0.6507,0.3594,9.8047,0.0022,0.0015,9.8066,0.006,-0.0074,0.0108,-10.31,-32.37,-1.62,324.17,-86.73,-108.45
52.37933,-1.516049,132.67,1.72,3,351.77,20 / 20,816528,2019-09-06 18:29:43:210,0.725,0.4126,9.8091,0.0024,-0.0005,9.8066,-0.0139,-0.018,-0.0166,-11.12,-32.69,-0.94,330.92,-86.74,-109.11
52.37933,-1.516049,132.67,1.72,3,351.77,20 / 20,816628,2019-09-06 18:29:43:310,0.4482,0.2074,9.9141,0.0016,-0.004,9.8066,0.0083,0.0133,0.0162,-10.69,-31.69,-1.37,330.9,-86.7,-109.21
52.37933,-1.516049,132.67,1.72,3,351.77,20 / 20,816728,2019-09-06 18:29:43:410,0.8386,0.2478,9.7318,-0.001,0.0012,9.8066,0.0029,-0.0131,0.0097,-10.87,-32.37,-0.87,330.2,-86.66,-109.75
52.37933,-1.516049,132.67,1.72,3,351.77,20 / 20,816829,2019-09-06 18:29:43:511,0.6339,0.2629,9.73,-0.0001,0.0005,9.8066,-0.0008,-0.0012,-0.0141,-10.56,-32.06,-1,330.07,-86.67,-109.88
52.37933,-1.516049,132.67,1.72,3,351.77,20 / 20,816928,2019-09-06 18:29:43:610,0.9036,0.2859,9.7635,0.0062,-0.001,9.8066,0.0083,0.0078,0.0136,-10.94,-32.06,-1.12,329.04,-86.64,-110.71
52.37933,-1.516049,132.67,1.72,3,351.77,20 / 20,817029,2019-09-06 18:29:43:711,0.3977,0.2259,9.835,0.006,0.0016,9.8066,-0.0045,-0.0149,0.0008,-10.75,-32.5,-1.25,328.68,-86.63,-111
52.37933,-1.516049,132.67,1.72,3,351.77,20 / 20,817129,2019-09-06 18:29:43:811,0.509,0.3122,9.9725,0.0006,-0.0006,9.8066,-0.0001,0.0113,-0.0051,-11,-32.62,-0.94,328.38,-86.63,-111.1
52.37933,-1.516049,132.67,1.72,3,351.77,20 / 20,817228,2019-09-06 18:29:43:910,0.4995,0.2969,9.9097,0.0038,-0.0002,9.8066,0.0138,0.0068,0.0113,-11,-31.87,-1.12,327.46,-86.59,-111.98
52.37933,-1.516049,132.67,1.72,3,351.77,20 / 20,817328,2019-09-06 18:29:44:010,0.7135,0.2531,9.7727,0.0038,0.0017,9.8065,-0.0121,-0.0087,-0.0136,-11,-31.81,-1.37,327.23,-86.59,-112.17
52.37933,-1.516049,132.67,1.72,3,351.77,20 / 21,817429,2019-09-06 18:29:44:111,0.8565,0.2394,9.6597,0.002,-0.0003,9.8066,-0.0115,0.0065,-0.003,-11,-32.06,-1.06,326.62,-86.58,-112.68
52.37933,-1.516049,132.67,1.72,3,351.77,20 / 21,817529,2019-09-06 18:29:44:211,0.6109,0.2222,9.8362,0.0018,-0.001,9.8066,-0.0034,0.0024,0.014,-10.87,-32.19,-1.62,319.93,-86.54,-113.33
52.37933,-1.516049,132.67,1.72,3,351.77,20 / 21,817629,2019-09-06 18:29:44:311,0.4321,0.3989,9.8483,0.0022,0.0023,9.8066,-0.0095,0,-0.0149,-10.94,-32.31,-1.25,325.18,-86.54,-113.84
52.37933,-1.516049,132.67,1.72,3,351.77,20 / 21,817729,2019-09-06 18:29:44:411,0.3807,0.2546,9.981,0.0004,-0.0014,9.8066,-0.0028,0.0052,0.0023,-11,-32.62,-0.69,324.55,-86.52,-114.17
52.37933,-1.516049,132.67,1.72,3,351.77,20 / 21,817828,2019-09-06 18:29:44:510,0.5683,0.4216,9.9199,0.0034,-0.0014,9.8066,0.0206,-0.0175,0.0187,-10.62,-31.75,-0.69,324,-86.49,-114.77
52.37933,-1.516049,132.67,1.72,3,351.77,20 / 21,817929,2019-09-06 18:29:44:611,0.6333,0.1866,9.7778,0.0021,0.0008,9.8066,-0.0112,-0.0013,-0.0129,-11.19,-32,-1.37,323.34,-86.48,-115.31
52.37933,-1.516049,132.67,1.72,3,351.77,20 / 21,818029,2019-09-06 18:29:44:711,0.8983,0.3327,9.6775,0.0026,0,9.8066,-0.0046,0.0004,0.0035,-11.37,-31.56,-1.37,322.62,-86.47,-115.9
52.37933,-1.516049,132.67,1.72,3,351.77,20 / 21,818128,2019-09-06 18:29:44:810,0.5321,0.2299,9.7596,0.0042,0.0007,9.8066,0.0257,-0.021,0.0191,-10.75,-32.69,-1.75,315.25,-86.41,-116.9
52.37933,-1.516049,132.67,1.72,3,351.77,20 / 21,818229,2019-09-06 18:29:44:911,0.6194,0.4237,9.935,-0.0007,0.0005,9.8066,-0.0065,0.0047,-0.0151,-10.44,-32.5,-1.06,319.75,-86.42,-117.09
52.37933,-1.516049,132.67,1.72,3,351.77,20 / 21,818328,2019-09-06 18:29:45:010,0.2599,0.2049,9.8904,0.0074,-0.0016,9.8066,-0.0022,-0.003,0.0177,-11.12,-32.44,-1.06,320.26,-86.37,-117.74
52.37933,-1.516049,132.67,1.72,3,351.77,20 / 20,818428,2019-09-06 18:29:45:110,0.8016,0.3509,9.7632,-0.0005,0.0015,9.8066,-0.0035,0.0024,-0.0004,-10.62,-31.37,-0.87,320.11,-86.36,-118.08
52.37933,-1.516049,132.67,1.72,3,351.77,20 / 20,818529,2019-09-06 18:29:45:211,0.4328,0.1543,9.794,0.0042,0.0015,9.8066,0.0049,-0.0158,0.0111,-10.94,-31.81,-1,319.53,-86.35,-118.35
52.37933,-1.516049,132.67,1.72,3,351.77,20 / 20,818628,2019-09-06 18:29:45:310,0.5193,0.4166,9.9085,0.0054,-0.0001,9.8066,-0.0133,-0.0001,-0.0079,-10.37,-31.87,-1.56,310.8,-86.32,-119.05
52.37933,-1.516049,132.67,1.72,3,351.77,20 / 20,818728,2019-09-06 18:29:45:410,0.6301,0.2627,9.7706,0.0042,0,9.8066,-0.0146,-0.0051,0.002,-11.19,-31.94,-1.69,312.34,-86.29,-119.41
52.37933,-1.516049,132.67,1.72,3,351.77,20 / 20,818829,2019-09-06 18:29:45:511,0.546,0.3449,9.9047,-0.0005,0.0006,9.8066,0.0102,0.007,0.0095,-10.5,-31.87,-1.31,316.59,-86.3,-119.51
52.37933,-1.516049,132.67,1.72,3,351.77,20 / 20,818929,2019-09-06 18:29:45:611,0.5475,0.3592,9.7746,0.0027,-0.0005,9.8066,-0.0011,-0.0025,-0.0095,-10.94,-31.94,-1.37,317.41,-86.25,-119.97
52.37933,-1.516049,132.67,1.72,3,351.77,20 / 20,819029,2019-09-06 18:29:45:711,0.4374,0.2314,9.833,0.004,0.002,9.8066,-0.013,-0.0021,0.0003,-10.75,-32.12,-0.75,316.67,-86.23,-120.56
52.37933,-1.516049,132.67,1.72,3,351.77,20 / 20,819129,2019-09-06 18:29:45:811,0.5907,0.3647,9.734,0.0032,0.0005,9.8066,0.0119,0.0099,0.01,-10.44,-32.25,-0.94,314.89,-86.23,-120.81
52.37933,-1.516049,132.67,1.72,3,351.77,20 / 20,819228,2019-09-06 18:29:45:910,0.3745,0.1951,9.8529,0.0046,0,9.8066,-0.009,-0.0143,-0.013,-10.25,-31.37,-1.44,314.3,-86.19,-121.48
52.37933,-1.516049,132.67,1.72,3,351.77,20 / 20,819328,2019-09-06 18:29:46:010,0.4446,0.5027,9.9289,-0.003,0.0006,9.8066,0.0216,-0.0089,0.0107,-10.44,-32.31,-1.75,307.07,-86.17,-121.91
52.37933,-1.516049,132.67,1.72,3,351.77,20 / 21,819428,2019-09-06 18:29:46:110,0.2443,0.2116,9.9289,0.0016,0.0013,9.8066,0.0303,0.0063,0.026,-10.44,-32.19,-1.37,312.73,-86.16,-122.47
52.37933,-1.516049,132.67,1.72,3,351.77,20 / 21,819529,2019-09-06 18:29:46:211,0.6466,0.325,9.8332,0.0058,-0.0003,9.8066,-0.0319,-0.0206,-0.0284,-10.87,-32.37,-1.12,313.19,-86.09,-123.26
52.37933,-1.516049,132.67,1.72,3,351.77,20 / 21,819629,2019-09-06 18:29:46:311,0.553,0.3015,9.7368,0,0.0011,9.8066,0.0123,-0.0048,-0.0016,-10.62,-32.06,-1,312.84,-86.09,-123.56
52.37933,-1.516049,132.67,1.72,3,351.77,20 / 21,819729,2019-09-06 18:29:46:411,0.5722,0.3093,9.8214,0.0015,0.0001,9.8066,0.0164,0.0048,0.022,-10.81,-32.06,-1.12,311.97,-86.08,-124.28
52.37933,-1.516049,132.67,1.72,3,351.77,20 / 21,819828,2019-09-06 18:29:46:510,0.4058,0.3166,9.7283,0.0033,-0.0021,9.8066,-0.0238,-0.0206,-0.0216,-10.75,-32.12,-1.06,311.55,-86.02,-124.53
52.37933,-1.516049,132.67,1.72,3,351.77,20 / 21,819929,2019-09-06 18:29:46:611,0.3658,0.426,9.9971,0.0032,0.0021,9.8066,0.0157,0.0183,0.0099,-10.69,-31.44,-1.12,311.32,-85.99,-124.94
52.37933,-1.516049,132.67,1.72,3,351.77,20 / 21,820029,2019-09-06 18:29:46:711,0.6818,0.3161,9.7806,0.0041,0.0004,9.8066,-0.0101,-0.0025,-0.0031,-10.75,-32.37,-1.25,310.64,-86,-125.25
52.37933,-1.516049,132.67,1.72,3,351.77,20 / 21,820128,2019-09-06 18:29:46:810,0.4341,0.2458,9.8139,0.0034,-0.0001,9.8066,-0.0119,-0.0161,-0.0177,-10.87,-32.06,-1.31,309.62,-85.92,-125.95
52.37933,-1.516049,132.67,1.72,3,351.77,20 / 21,820229,2019-09-06 18:29:46:911,1.0201,0.3976,9.6789,0.0025,0.0025,9.8066,0.0123,0.0071,0.0059,-10.94,-32.5,-1.06,309.08,-85.91,-126.4
52.37933,-1.516049,132.67,1.72,3,351.77,20 / 21,820329,2019-09-06 18:29:47:011,0.8531,0.4648,9.7494,0.0056,0.0015,9.8066,-0.0053,-0.0022,0.0045,-10.37,-32,-1.25,306.15,-85.88,-127.4
52.37933,-1.516049,132.67,1.72,3,351.77,20 / 21,820430,2019-09-06 18:29:47:112,0.6115,0.3318,9.7956,0.003,0.0012,9.8066,-0.0016,-0.0043,-0.0099,-10.75,-32.31,-0.87,307.33,-85.86,-127.81
52.37933,-1.516049,132.67,1.72,3,351.77,20 / 21,820529,2019-09-06 18:29:47:211,0.5514,0.2211,9.796,0.0009,0.0026,9.8066,0.014,-0.0046,0.0064,-11.06,-32.31,-1.37,306.44,-85.83,-128.52
52.37933,-1.516049,132.67,1.72,3,351.77,20 / 21,820629,2019-09-06 18:29:47:311,0.6904,0.4869,9.8116,0.0037,0.0011,9.8066,0.0001,0.0089,-0.0029,-10.31,-31.87,-0.81,303.82,-85.82,-129.26
52.37933,-1.516049,132.67,1.72,3,351.77,20 / 21,820729,2019-09-06 18:29:47:411,0.7132,0.3334,9.7861,0.0047,0.003,9.8066,0.0002,0.0092,0.005,-10.75,-31.94,-1.31,304.51,-85.79,-130.12
52.37933,-1.516049,132.67,1.72,3,351.77,20 / 21,820828,2019-09-06 18:29:47:510,0.4722,0.4315,9.839,0.0058,0.0017,9.8066,0.015,-0.0112,0.0096,-10.81,-32,-0.87,303.94,-85.77,-130.56
52.37933,-1.516049,132.67,1.72,3,351.77,20 / 21,820929,2019-09-06 18:29:47:611,0.5189,0.3138,9.924,0.004,0.0007,9.8066,0.0062,0.0073,-0.0028,-10.75,-32.5,-0.81,303.29,-85.75,-131.09
52.37933,-1.516049,132.67,1.72,3,351.77,20 / 21,821028,2019-09-06 18:29:47:710,0.3676,0.33,9.8991,0.0053,0.0021,9.8066,-0.0079,-0.0073,-0.0105,-10.44,-32.06,-1.12,300.9,-85.73,-131.55
52.37933,-1.516049,132.67,1.72,3,351.77,20 / 21,821129,2019-09-06 18:29:47:811,0.8655,0.3828,9.6922,0.0012,0.0031,9.8066,0.0045,0.0147,0.011,-10,-32.31,-1.37,300.41,-85.71,-131.93
52.37933,-1.516049,132.67,1.72,3,351.77,20 / 21,821229,2019-09-06 18:29:47:911,0.5941,0.4633,9.7994,0.0047,0.0002,9.8066,0.0168,0.0056,0.0019,-10.44,-31.75,-1,299.55,-85.69,-132.62
52.37933,-1.516049,132.67,1.72,3,351.77,20 / 21,821328,2019-09-06 18:29:48:010,0.5478,0.2323,9.8855,0.0059,0.0015,9.8066,0.0045,0.0054,-0.0044,-10.12,-32.31,-1.31,298.8,-85.66,-133.2
52.37933,-1.516049,132.67,1.72,3,351.77,21 / 21,821429,2019-09-06 18:29:48:111,0.4172,0.3379,9.8343,0.0042,0.0017,9.8066,-0.0089,0.0067,-0.0026,-10.44,-31.87,-0.69,298.18,-85.63,-133.67
52.37933,-1.516049,132.67,1.72,3,351.77,21 / 21,821530,2019-09-06 18:29:48:212,0.5275,0.3095,9.7504,0.0041,0.0013,9.8066,-0.0095,0.0027,-0.0023,-10.25,-31.69,-1.12,298.05,-85.62,-133.76
52.37933,-1.516049,132.67,1.72,3,351.77,21 / 21,821628,2019-09-06 18:29:48:310,0.2619,0.3258,9.8464,0.0008,0.0002,9.8066,0.008,0.0171,0.0052,-10.81,-32.25,-0.87,299.29,-85.6,-134.24
52.37933,-1.516049,132.67,1.72,3,351.77,21 / 21,821728,2019-09-06 18:29:48:410,0.1957,0.0974,9.6758,-0.0006,0.001,9.8066,0.0053,0.0055,0.0161,-10.31,-31.94,-1.12,296.92,-85.59,-134.66
52.37933,-1.516049,132.67,1.72,3,351.77,21 / 21,821828,2019-09-06 18:29:48:510,0.0556,0.2612,9.7354,0.0055,0,9.8066,-0.0131,0.0164,-0.0132,-10.12,-31.56,-0.87,296.67,-85.57,-134.82
52.37933,-1.516049,132.67,1.72,3,351.77,21 / 21,821928,2019-09-06 18:29:48:610,0.1171,0.1826,9.7363,0.0022,0.0015,9.8066,0.0056,-0.0063,-0.0073,-10.5,-31.69,-1.31,296.14,-85.55,-135.22
52.37933,-1.516049,132.67,1.72,3,351.77,21 / 21,822028,2019-09-06 18:29:48:710,0.0308,0.1711,9.8784,0.0031,0.0019,9.8066,-0.0049,-0.0052,0.0082,-10.06,-31.81,-0.69,295.5,-85.51,-135.69
52.37933,-1.516049,132.67,1.72,3,351.77,21 / 21,822129,2019-09-06 18:29:48:811,-0.0547,0.1782,9.7807,0,0.0009,9.8066,0.0034,0.0134,0.015,-10.25,-31.87,-1.94,289.06,-85.49,-136.04
52.37933,-1.516049,132.67,1.72,3,351.77,21 / 21,822228,2019-09-06 18:29:48:910,-0.0371,0.1654,9.7901,-0.0003,0.0002,9.8066,0.012,0.0044,0.0005,-10.12,-32.37,-1.5,294.81,-85.48,-136.19
52.37933,-1.516049,132.67,1.72,3,351.77,21 / 21,822328,2019-09-06 18:29:49:010,-0.1501,0.0475,9.9185,0.0033,0.0015,9.8066,0.0067,0.0069,0.0007,-10.31,-31.5,-1.75,288.74,-85.45,-136.66
52.37933,-1.516049,132.67,1.72,3,351.77,22 / 22,822429,2019-09-06 18:29:49:111,0.1859,0.209,9.6954,0.0056,0.0016,9.8066,-0.0012,-0.011,-0.006,-10.37,-31.94,-1,293.74,-85.42,-136.99
52.37933,-1.516049,132.67,1.72,3,351.77,22 / 22,822528,2019-09-06 18:29:49:210,0.0579,0.1721,9.8652,-0.0001,0.0007,9.8066,0.0048,-0.0074,-0.0056,-10.12,-32.37,-1.25,293.25,-85.39,-137.34
52.37933,-1.516049,132.67,1.72,3,351.77,22 / 22,822628,2019-09-06 18:29:49:310,-0.1549,-0.0112,9.9225,0.0021,0.0018,9.8066,-0.0204,0.0002,-0.0018,-9.94,-31.19,-1.31,293.27,-85.38,-137.71
52.37933,-1.516049,132.67,1.72,3,351.77,22 / 22,822729,2019-09-06 18:29:49:411,0.1227,0.1363,9.705,0.001,0.0008,9.8066,0.0189,0,0.0141,-10,-31.5,-1.37,293.12,-85.39,-137.89
52.37933,-1.516049,132.67,1.72,3,351.77,22 / 22,822829,2019-09-06 18:29:49:511,0.0822,0.1949,9.7393,0.003,0.0012,9.8066,0.0091,0.0031,-0.0032,-9.94,-31.56,-1.25,292.22,-85.37,-138.19
52.37933,-1.516049,132.67,1.72,3,351.77,22 / 22,822929,2019-09-06 18:29:49:611,0.2594,0.3281,9.8347,0.001,0.0019,9.8066,0.0061,-0.0158,-0.0055,-9.5,-31.56,-2,282.94,-85.35,-138.54
52.37933,-1.516049,132.67,1.72,3,351.77,22 / 22,823029,2019-09-06 18:29:49:711,0.3419,0.2817,9.6932,0.0016,0.0022,9.8066,-0.0045,-0.0081,0.002,-10,-31.94,-1,291.23,-85.33,-138.98
52.37933,-1.516049,132.67,1.72,3,351.77,22 / 22,823129,2019-09-06 18:29:49:811,0.5883,0.2726,9.7095,0.0037,0.0023,9.8066,-0.0063,-0.0037,0.008,-10.37,-31,-1.5,291.03,-85.29,-139.48
52.37933,-1.516049,132.67,1.72,3,351.77,22 / 22,823229,2019-09-06 18:29:49:911,0.3912,0.3252,9.8294,0.0028,0.0009,9.8066,0.0036,0.0124,0.0065,-10.37,-31.56,-1.12,290.3,-85.28,-139.67
52.37933,-1.516049,132.67,1.72,3,351.77,22 / 22,823328,2019-09-06 18:29:50:010,0.1389,0.1566,9.9207,0.0011,-0.0002,9.8066,0.0098,-0.0101,0.0013,-9.81,-32.12,-1.25,290.2,-85.29,-139.77
52.37933,-1.516049,132.67,1.72,3,351.77,21 / 22,823429,2019-09-06 18:29:50:111,0.1457,0.2541,9.8472,0.001,0.0005,9.8066,-0.0032,-0.0022,-0.0056,-10.06,-31.69,-1.44,289.93,-85.27,-139.97
52.37933,-1.516049,132.67,1.72,3,351.77,21 / 22,823528,2019-09-06 18:29:50:210,0.0998,0.1836,9.9901,0.0045,0.0017,9.8066,-0.0105,-0.0143,-0.0094,-10.81,-31.81,-1.81,285.98,-85.24,-140.41
52.37933,-1.516049,132.67,1.72,3,351.77,21 / 22,823628,2019-09-06 18:29:50:310,0.0541,0.108,9.9676,-0.0002,0.0008,9.8066,0.0014,-0.0012,0.0068,-10.06,-31.44,-1.62,283.79,-85.23,-140.61
52.37933,-1.516049,132.67,1.72,3,351.77,21 / 22,823729,2019-09-06 18:29:50:411,0.1934,0.244,9.9226,0.0002,0.0016,9.8066,0.0054,-0.0019,0.0082,-10.37,-31.75,-1.69,282.87,-85.23,-140.98
52.37933,-1.516049,132.67,1.72,3,351.77,21 / 22,823829,2019-09-06 18:29:50:511,0.1736,0.1772,9.7907,0.0025,0.0012,9.8066,-0.0042,0.0022,-0.0048,-10.06,-31.81,-1.25,288.46,-85.22,-141.13
52.37933,-1.516049,132.67,1.72,3,351.77,21 / 22,823928,2019-09-06 18:29:50:610,0.0456,0.0821,9.9012,0.0023,0.0007,9.8066,-0.0039,-0.006,-0.0055,-10.06,-31.87,-1.69,282.26,-85.18,-141.41
52.37933,-1.516049,132.67,1.72,3,351.77,21 / 22,824029,2019-09-06 18:29:50:711,0.4558,0.4598,9.7117,0.0015,0.0025,9.8066,-0.0082,0.0006,0.0099,-10.19,-32,-1.69,281.82,-85.17,-141.79
52.37933,-1.516049,132.67,1.72,3,351.77,21 / 22,824128,2019-09-06 18:29:50:810,0.2418,0.2398,9.732,0.0013,0.0011,9.8066,0.0061,0.0065,0.0059,-9.81,-31.87,-1.87,281.6,-85.17,-142
52.37933,-1.516049,132.67,1.72,3,351.77,21 / 22,824228,2019-09-06 18:29:50:910,0.2069,0.1911,9.7759,0.0008,-0.0005,9.8066,0.0066,0.0003,-0.0095,-10.37,-31.75,-1.25,287.23,-85.16,-142.09
52.37933,-1.516049,132.67,1.72,3,351.77,21 / 22,824329,2019-09-06 18:29:51:011,0.2526,0.3174,9.8492,0.0009,0.0017,9.8066,-0.002,-0.0128,-0.0071,-10.06,-31.75,-1.94,281.25,-85.15,-142.26
52.37933,-1.516049,132.67,1.72,3,351.77,20 / 21,824429,2019-09-06 18:29:51:111,-0.0237,0.2048,9.908,0.0016,0.0015,9.8066,-0.0038,0.0082,0.0106,-10,-31.81,-1.87,280.69,-85.14,-142.75
52.37933,-1.516049,132.67,1.72,3,351.77,20 / 21,824529,2019-09-06 18:29:51:211,0.049,0.1074,9.9121,0.0031,0.0003,9.8066,-0.0011,0.0002,0.0025,-10.37,-31.69,-1.19,286.18,-85.12,-142.91
52.37933,-1.516049,132.67,1.72,3,351.77,20 / 21,824628,2019-09-06 18:29:51:310,0.1855,0.3102,9.8778,0.0016,0.0003,9.8066,0.0028,0.0036,-0.0103,-10.44,-32.37,-1.69,280.33,-85.11,-142.99
52.37933,-1.516049,132.67,1.72,3,351.77,20 / 21,824728,2019-09-06 18:29:51:410,0.0998,0.0539,9.8449,0.0017,0.0019,9.8066,-0.0101,-0.0138,0.0019,-10.44,-31.56,-1.31,285.8,-85.08,-143.15
52.37933,-1.516049,132.67,1.72,3,351.77,20 / 21,824829,2019-09-06 18:29:51:511,0.2092,0.2161,9.9138,0.002,0.0017,9.8066,0.0045,0.0155,0.0185,-9.56,-31.31,-1.25,285.94,-85.08,-143.51
52.37933,-1.516049,132.67,1.72,3,351.77,20 / 21,824928,2019-09-06 18:29:51:610,0.3433,0.2183,9.7906,0.0037,0.0004,9.8066,-0.007,-0.0185,-0.0057,-9.44,-31.69,-0.87,282.57,-85.06,-143.7
52.37933,-1.516049,132.67,1.72,3,351.77,20 / 21,825028,2019-09-06 18:29:51:710,0.1896,0.1142,9.7906,0.001,0.0017,9.8066,-0.0027,-0.0116,-0.0197,-10.19,-31.56,-1,285.03,-85.05,-143.75
52.37933,-1.516049,132.67,1.72,3,351.77,20 / 21,825129,2019-09-06 18:29:51:811,0.5162,0.319,9.7217,-0.0008,0.0029,9.8066,0.0029,0.0042,0.0217,-10.06,-32.31,-1.44,284.36,-85.05,-144.39
52.37933,-1.516049,132.67,1.72,3,351.77,20 / 21,825228,2019-09-06 18:29:51:910,0.0829,0.1103,9.7845,0.0028,0.0005,9.8066,0.0049,-0.0043,0.0071,-10,-31.81,-1.25,284.31,-85.05,-144.42
52.37933,-1.516049,132.67,1.72,3,351.77,20 / 21,825328,2019-09-06 18:29:52:010,0.1827,0.2621,9.9897,0.0035,0.0003,9.8066,-0.0105,-0.0131,-0.022,-10.62,-31.69,-1.25,286.33,-85.03,-144.44
52.37933,-1.516049,132.67,1.72,3,351.77,21 / 21,825429,2019-09-06 18:29:52:111,0.1487,0.2131,9.898,0.0026,-0.0002,9.8066,0.0035,0.0003,0.0092,-10.62,-31.87,-0.94,286,-85.03,-144.73
52.37933,-1.516049,132.67,1.72,3,351.77,21 / 21,825529,2019-09-06 18:29:52:211,0.2667,0.0258,9.7446,0.0027,0.0001,9.8066,0.0257,0.009,0.0257,-10.75,-31.56,-1.25,285.85,-85.01,-144.81
52.37933,-1.516049,132.67,1.72,3,351.77,21 / 21,825628,2019-09-06 18:29:52:310,0.516,0.3245,9.6514,-0.0024,0.0012,9.8066,-0.0117,-0.0125,-0.0132,-10.37,-31.44,-1.56,278.29,-85.01,-145.15
52.37933,-1.516049,132.67,1.72,3,351.77,21 / 21,825729,2019-09-06 18:29:52:411,0.1721,0.1044,9.7299,0.0013,-0.0003,9.8066,0.0021,-0.0001,-0.0074,-10.56,-31.5,-1.25,285.82,-85.01,-145.31
52.37933,-1.516049,132.67,1.72,3,351.77,21 / 21,825830,2019-09-06 18:29:52:512,0.1696,-0.0417,9.7532,0.0029,-0.0007,9.8066,0.0039,-0.0058,0.0274,-10.19,-31.87,-0.94,283.14,-84.97,-145.29
52.37933,-1.516049,132.67,1.72,3,351.77,21 / 21,825928,2019-09-06 18:29:52:610,0.0335,0.0746,9.9889,0.0003,0.0014,9.8066,0.0217,0.0002,-0.0015,-9.94,-31.06,-1.94,277.78,-84.97,-145.52
52.37933,-1.516049,132.67,1.72,3,351.77,21 / 21,826028,2019-09-06 18:29:52:710,0.5001,0.3221,9.61,0.0005,0.0014,9.8066,-0.0166,-0.0145,-0.0232,-10.12,-31.62,-1.37,282.51,-84.98,-145.89
52.37933,-1.516049,132.67,1.72,3,351.77,21 / 21,826129,2019-09-06 18:29:52:811,-0.0084,0.0814,9.7858,0.0049,0.0003,9.8066,0.0202,0.0026,0.0136,-10.25,-31.69,-1,282.36,-84.95,-145.95
52.37933,-1.516049,132.67,1.72,3,351.77,21 / 21,826228,2019-09-06 18:29:52:910,0.2833,0.1557,9.8039,0.0006,0.0011,9.8066,0.0144,0.0039,0.0204,-9.87,-31.44,-0.94,282.74,-84.94,-146.05
52.37933,-1.516049,132.67,1.72,3,351.77,21 / 21,826329,2019-09-06 18:29:53:011,0.293,0.163,9.8383,-0.0015,0.0009,9.8066,0.0032,-0.0195,-0.0181,-9.87,-31.75,-1.37,281.96,-84.96,-146.33
52.37933,-1.516049,132.67,1.72,3,351.77,20 / 22,826428,2019-09-06 18:29:53:110,0.0884,0.0722,9.748,0.0023,0.0016,9.8066,-0.0218,0.0099,0,-10.12,-30.81,-0.69,282.23,-84.94,-146.54
52.37933,-1.516049,132.67,1.72,3,351.77,20 / 22,826529,2019-09-06 18:29:53:211,0.0122,0.1959,9.9481,0.0039,0.0008,9.8066,0.023,-0.0043,0.0207,-10.25,-31.69,-1,281.6,-84.93,-146.57
52.37933,-1.516049,132.67,1.72,3,351.77,20 / 22,826628,2019-09-06 18:29:53:310,0.0617,0.1745,9.8398,-0.0001,0.0019,9.8066,0.0125,-0.0046,-0.0001,-9.87,-31.19,-0.87,281.86,-84.93,-146.85
52.37933,-1.516049,132.67,1.72,3,351.77,20 / 22,826729,2019-09-06 18:29:53:411,-0.1908,0.0473,10.006,0.0008,0.0009,9.8066,-0.0128,-0.0099,-0.0141,-10.19,-31.25,-0.69,281.75,-84.92,-146.93
52.37933,-1.516049,132.67,1.72,3,351.77,20 / 22,826829,2019-09-06 18:29:53:511,0.2583,0.1665,9.8797,0.004,0.0009,9.8066,0.0198,-0.013,0.0156,-9.94,-31.62,-0.62,281.18,-84.91,-146.9
52.37933,-1.516049,132.67,1.72,3,351.77,20 / 22,826929,2019-09-06 18:29:53:611,0.0313,0.0876,9.8661,0.0021,0.0025,9.8066,0.0068,-0.0008,0.0031,-10.25,-31.31,-1.12,281.41,-84.88,-147.12
52.37933,-1.516049,132.67,1.72,3,351.77,20 / 22,827028,2019-09-06 18:29:53:710,0.4591,0.2413,9.7615,0,0.0006,9.8066,-0.0167,-0.0153,-0.0175,-10.12,-31.44,-1.19,281.28,-84.91,-147.33
52.37933,-1.516049,132.67,1.72,3,351.77,20 / 22,827128,2019-09-06 18:29:53:810,0.163,0.0556,9.76,0.0044,0.0004,9.8066,0.007,0.0064,0.0155,-10,-31.25,-1.25,281.07,-84.86,-147.38
52.37933,-1.516049,132.67,1.72,3,351.77,20 / 22,827229,2019-09-06 18:29:53:911,0.2761,0.2451,9.8809,-0.0035,0.0002,9.8066,0.0037,0.0098,0.0152,-10,-31.44,-1.44,281.02,-84.86,-147.43
52.37933,-1.516049,132.67,1.72,3,351.77,20 / 22,827328,2019-09-06 18:29:54:010,0.0215,0.1155,9.888,-0.0014,0.0019,9.8066,-0.0037,-0.0142,-0.018,-9.69,-31.81,-1.19,280.23,-84.88,-147.72
52.37933,-1.516049,132.67,1.72,3,351.77,20 / 20,827429,2019-09-06 18:29:54:111,0.085,0.2081,9.9428,0.0023,-0.0004,9.8066,0.0079,0.0058,0.0141,-9.31,-30.94,-1.06,278.02,-84.85,-147.84
52.37933,-1.516049,132.67,1.72,3,351.77,20 / 20,827528,2019-09-06 18:29:54:210,0.2344,0.1393,9.7861,-0.001,0.0009,9.8066,-0.0073,-0.0133,-0.0047,-9.69,-31.69,-1.87,274.28,-84.84,-147.98
52.37933,-1.516049,132.67,1.72,3,351.77,20 / 20,827628,2019-09-06 18:29:54:310,0.2554,0.1083,9.8347,0.0012,-0.0001,9.8066,-0.0223,-0.01,-0.0194,-9.87,-31.87,-1,279.54,-84.85,-148.28
52.37933,-1.516049,132.67,1.72,3,351.77,20 / 20,827729,2019-09-06 18:29:54:411,0.2469,0.2414,9.7974,0.0013,-0.0019,9.8066,0.0177,0.0069,0.0243,-10.12,-31.44,-1.06,280.11,-84.83,-148.18
52.37933,-1.516049,132.67,1.72,3,351.77,20 / 20,827828,2019-09-06 18:29:54:510,-0.0384,-0.0173,9.8132,0.0005,0.0016,9.8066,0.0055,-0.0057,0.0093,-9.94,-31.44,-1.37,279.83,-84.82,-148.43
52.37933,-1.516049,132.67,1.72,3,351.77,20 / 20,827928,2019-09-06 18:29:54:610,0.1846,0.2566,9.9504,-0.0026,0.0002,9.8066,-0.0086,-0.0055,-0.0125,-9.62,-31.56,-1.56,273.64,-84.83,-148.59
52.37933,-1.516049,132.67,1.72,3,351.77,20 / 20,828029,2019-09-06 18:29:54:711,-0.0225,0.0568,9.9019,0.0021,-0.0006,9.8066,-0.0064,-0.0098,0.0115,-9.87,-31.87,-0.75,279.09,-84.81,-148.56
52.37933,-1.516049,132.67,1.72,3,351.77,20 / 20,828129,2019-09-06 18:29:54:811,-0.0881,0.0853,9.9708,0.0002,0.0018,9.8066,0.022,0.0024,0.0091,-9.69,-30.81,-1.44,279.39,-84.78,-148.71
52.37933,-1.516049,132.67,1.72,3,351.77,20 / 20,828228,2019-09-06 18:29:54:910,0.2982,0.1648,9.7055,0.0005,0.0023,9.8066,-0.0168,-0.0116,-0.0161,-10.62,-31.19,-1.62,276.06,-84.79,-149.06
52.37933,-1.516049,132.67,1.72,3,351.77,20 / 20,828328,2019-09-06 18:29:55:010,0.184,0.0343,9.7793,-0.0001,-0.0009,9.8066,0.0068,-0.002,0.0109,-10.12,-31.37,-1.94,273.55,-84.79,-149.07
52.37933,-1.516049,132.67,1.72,3,351.77,20 / 20,828429,2019-09-06 18:29:55:111,0.1963,0.0383,9.7972,-0.0014,0.001,9.8067,-0.0023,0.008,0.0042,-9.94,-32,-1.19,278.43,-84.77,-149.06
52.37933,-1.516049,132.67,1.72,3,351.77,20 / 20,828529,2019-09-06 18:29:55:211,0.1799,0.1803,9.781,0.0004,0.0014,9.8065,-0.0012,-0.0169,-0.0191,-9.94,-31.56,-1.75,272.84,-84.79,-149.23
52.37933,-1.516049,132.67,1.72,3,351.77,20 / 20,828628,2019-09-06 18:29:55:310,-0.209,0.039,9.9296,0.0056,0.0006,9.8066,0.0015,0.0022,-0.0001,-10.31,-31.75,-1.25,278.08,-84.75,-149.35
52.37933,-1.516049,132.67,1.72,3,351.77,20 / 20,828729,2019-09-06 18:29:55:411,0.0357,0.1438,9.9526,0.0024,0.0015,9.8066,0.0054,0.0008,0.0106,-9.81,-31.56,-1.5,277.96,-84.74,-149.42
52.37933,-1.516049,132.67,1.72,3,351.77,20 / 20,828829,2019-09-06 18:29:55:511,-0.0829,0.1227,9.8894,-0.0016,0.0019,9.8066,0.0033,-0.0113,-0.0097,-9.5,-31.44,-1.87,269.8,-84.75,-149.68
52.37933,-1.516049,132.67,1.72,3,351.77,20 / 20,828929,2019-09-06 18:29:55:611,0.2512,0.1255,9.9007,0.0029,-0.0007,9.8066,-0.0002,-0.0001,0.0032,-10.37,-31.94,-1.44,277.72,-84.74,-149.66
52.37933,-1.516049,132.67,1.72,3,351.77,20 / 20,829028,2019-09-06 18:29:55:710,0.1548,0.1526,9.8082,0.0009,0.0002,9.8066,0.0066,-0.0034,0.0169,-10.25,-31.81,-1.31,277.63,-84.72,-149.68
52.37933,-1.516049,132.67,1.72,3,351.77,20 / 20,829128,2019-09-06 18:29:55:810,0.0011,-0.0894,9.8173,-0.0008,0.0016,9.8066,0.0029,0.0024,-0.012,-9.5,-31.94,-1.25,274.85,-84.72,-149.82
52.37933,-1.516049,132.67,1.72,3,351.77,20 / 20,829229,2019-09-06 18:29:55:911,0.2891,0.2294,9.7273,-0.0012,-0.0004,9.8066,-0.0234,-0.0169,-0.0051,-10.19,-31.31,-1.75,272.49,-84.74,-149.95
52.37933,-1.516049,132.67,1.72,3,351.77,20 / 20,829328,2019-09-06 18:29:56:010,0.0579,0.0676,9.7545,0.0051,0.0005,9.8066,0.02,0.017,0.0262,-10.37,-31.87,-1,277.28,-84.7,-149.96
52.37933,-1.516049,132.67,1.72,3,351.77,21 / 22,829430,2019-09-06 18:29:56:112,0.1634,0.1734,9.8507,-0.0016,0.0013,9.8066,0.0116,-0.0053,0.0101,-10.25,-31.81,-1.75,271.64,-84.7,-150.14
52.37933,-1.516049,132.67,1.72,3,351.77,21 / 22,829529,2019-09-06 18:29:56:211,0.4116,0.0635,9.7059,-0.0017,0.0013,9.8066,-0.0277,-0.0112,-0.0188,-10.37,-31.56,-1.12,277,-84.73,-150.3
52.37933,-1.516049,132.67,1.72,3,351.77,21 / 22,829629,2019-09-06 18:29:56:311,-0.0414,0.1208,9.9176,0.0015,-0.0004,9.8066,0.0156,0.0134,0.0147,-10.44,-31.69,-0.87,277.04,-84.7,-150.16
52.37933,-1.516049,132.67,1.72,3,351.77,21 / 22,829728,2019-09-06 18:29:56:410,-0.0424,0.1443,9.9554,-0.0012,0.0012,9.8066,0.0066,-0.0197,0.0079,-9.87,-31.81,-0.94,276.96,-84.7,-150.26
52.37933,-1.516049,132.67,1.72,3,351.77,21 / 22,829829,2019-09-06 18:29:56:511,0.0762,0.2152,9.9153,-0.0007,0.0003,9.8066,-0.0102,-0.0025,-0.0184,-9.94,-31.81,-1.06,276.78,-84.72,-150.48
52.37933,-1.516049,132.67,1.72,3,351.77,21 / 22,829929,2019-09-06 18:29:56:611,-0.0189,-0.0785,9.8294,-0.0008,0.0003,9.8066,-0.0157,-0.002,0.0061,-10.37,-32.12,-1.12,276.8,-84.72,-150.46
52.37933,-1.516049,132.67,1.72,3,351.77,21 / 22,830029,2019-09-06 18:29:56:711,0.5062,0.2104,9.7399,-0.0005,0.0012,9.8066,0.0213,0.0006,0.0183,-10.37,-31.37,-1.31,277.32,-84.7,-150.46
52.37933,-1.516049,132.67,1.72,3,351.77,21 / 22,830129,2019-09-06 18:29:56:811,0.1508,0.0344,9.7308,-0.0004,0.001,9.8066,-0.0081,-0.0185,-0.0112,-10,-31.37,-1.5,277.07,-84.71,-150.73
52.37933,-1.516049,132.67,1.72,3,351.77,21 / 22,830228,2019-09-06 18:29:56:910,0.1301,0.2354,9.9449,0.002,0.0001,9.8066,-0.0169,-0.0152,-0.0098,-10.25,-31.75,-1.31,276.41,-84.71,-150.83
52.37933,-1.516049,132.67,1.72,3,351.77,21 / 22,830328,2019-09-06 18:29:57:010,0.0917,0.1379,9.8415,0.0001,-0.0009,9.8066,0.0179,0.0059,0.0293,-10.44,-31.75,-1.56,271.01,-84.69,-150.71
52.37933,-1.516049,132.67,1.72,3,351.77,21 / 22,830428,2019-09-06 18:29:57:110,-0.2409,-0.0399,9.9748,-0.0024,0.0014,9.8066,-0.0025,-0.0109,-0.0096,-10.31,-31.44,-1.62,271.38,-84.71,-150.96
52.37933,-1.516049,132.67,1.72,3,351.77,21 / 22,830528,2019-09-06 18:29:57:210,0.3119,0.186,9.7823,0.0009,-0.0002,9.8066,0.0107,-0.0057,-0.0028,-10.56,-31.19,-1.56,273.84,-84.71,-151.01
52.37933,-1.516049,132.67,1.72,3,351.77,21 / 22,830630,2019-09-06 18:29:57:312,-0.078,-0.0382,9.8472,0.0011,0,9.8066,0.0133,-0.0111,0.0209,-9.81,-31.5,-1.44,276.82,-84.7,-150.92
52.37933,-1.516049,132.67,1.72,3,351.77,21 / 22,830728,2019-09-06 18:29:57:410,0.2525,0.0539,9.824,-0.0011,0.0019,9.8066,-0.0013,-0.0042,-0.0117,-9.75,-31.69,-1.56,270.61,-84.7,-151.17
52.37933,-1.516049,132.67,1.72,3,351.77,21 / 22,830828,2019-09-06 18:29:57:510,0.1691,-0.0024,9.754,0.0003,-0.0002,9.8066,-0.0052,-0.0091,-0.0123,-9.87,-31.56,-1.44,275.96,-84.71,-151.25
52.37933,-1.516049,132.67,1.72,3,351.77,21 / 22,830929,2019-09-06 18:29:57:611,0.0933,0.0919,9.857,0.0038,-0.0001,9.8066,0.0275,-0.0064,0.0246,-9.87,-31.94,-1.19,275.9,-84.69,-151.24
52.37933,-1.516049,132.67,1.72,3,351.77,21 / 22,831028,2019-09-06 18:29:57:710,0.1913,0.2559,9.7847,-0.0009,0.0025,9.8066,0.0171,0.0093,0.0067,-10.19,-31.31,-1.56,270.74,-84.67,-151.47
52.37933,-1.516049,132.67,1.72,3,351.77,21 / 22,831129,2019-09-06 18:29:57:811,-0.37,-0.0026,10.014,-0.0001,0.0019,9.8066,-0.0195,-0.0185,-0.0247,-10.62,-31.62,-1.12,277.62,-84.68,-151.66
52.37933,-1.516049,132.67,1.72,3,351.77,21 / 22,831229,2019-09-06 18:29:57:911,0.1605,0.1056,9.9615,0.0029,-0.0002,9.8066,0.0032,0.0185,0.0219,-10.12,-32.37,-1.44,275.44,-84.69,-151.67
52.37933,-1.516049,132.67,1.72,3,351.77,21 / 22,831329,2019-09-06 18:29:58:011,-0.0826,0.0117,9.9546,0.0016,-0.0002,9.8066,0.0126,-0.0014,0.014,-10.44,-32.06,-1.31,275.49,-84.66,-151.56
52.37933,-1.516049,132.67,1.72,3,351.77,20 / 21,831429,2019-09-06 18:29:58:111,0.4079,0.1866,9.8001,-0.0012,0.0017,9.8066,-0.0044,-0.0156,-0.0193,-10.31,-32.06,-1.62,269.84,-84.69,-151.89
52.37933,-1.516049,132.67,1.72,3,351.77,20 / 21,831529,2019-09-06 18:29:58:211,0.2733,0.1813,9.6568,0.0007,0,9.8066,-0.011,0.0054,0.0031,-9.81,-31.87,-2.12,269.81,-84.68,-151.9
52.37933,-1.516049,132.67,1.72,3,351.77,20 / 21,831628,2019-09-06 18:29:58:310,0.0406,-0.0374,9.7769,0.0014,0.0011,9.8066,0.0254,-0.0141,0.018,-10.37,-31.37,-1.56,270.25,-84.66,-151.95
52.37933,-1.516049,132.67,1.72,3,351.77,20 / 21,831728,2019-09-06 18:29:58:410,0.0788,0.1529,9.8908,0.0008,0.0022,9.8066,-0.0048,0.0055,-0.0119,-10.19,-31.37,-1.25,275.52,-84.67,-152.09
52.37933,-1.516049,132.67,1.72,3,351.77,20 / 21,831828,2019-09-06 18:29:58:510,-0.2257,-0.0244,9.9299,-0.0018,0.0001,9.8066,-0.0208,-0.0149,-0.0157,-10.31,-31.81,-1.87,269.56,-84.68,-152.14
52.37933,-1.516049,132.67,1.72,3,351.77,20 / 21,831929,2019-09-06 18:29:58:611,0.0038,0.0664,9.9772,0.0005,0.0001,9.8066,0.01,0.013,0.0172,-10.37,-31.81,-1.37,274.86,-84.67,-152.19
52.37933,-1.516049,132.67,1.72,3,351.77,20 / 21,832029,2019-09-06 18:29:58:711,0.1712,0.0492,9.79,-0.0019,0.0011,9.8066,0.0136,0.0021,0.0063,-9.81,-31.81,-1.5,274.7,-84.68,-152.37
52.37933,-1.516049,132.67,1.72,3,351.77,20 / 21,832129,2019-09-06 18:29:58:811,0.1193,-0.112,9.8088,-0.0006,0.0002,9.8066,-0.0191,-0.0111,-0.0143,-10.19,-31.81,-1.75,269.26,-84.68,-152.45
52.37933,-1.516049,132.67,1.72,3,351.77,20 / 21,832229,2019-09-06 18:29:58:911,0.3966,0.2101,9.7357,-0.0011,-0.0006,9.8066,-0.0041,0.0172,0.0119,-9.87,-31.87,-1.69,269.33,-84.67,-152.33
52.37933,-1.516049,132.67,1.72,3,351.77,20 / 21,832329,2019-09-06 18:29:59:011,0.0753,0.0689,9.8798,-0.0022,0.0013,9.8066,-0.001,-0.0135,-0.0006,-10.06,-31.94,-1.06,274.59,-84.66,-152.43
52.37933,-1.516049,132.67,1.72,3,351.77,20 / 21,832429,2019-09-06 18:29:59:111,-0.0182,-0.0511,9.8126,0.0008,-0.0001,9.8066,-0.0077,-0.0076,-0.0154,-10.31,-32.19,-1.06,274.44,-84.69,-152.66
52.37933,-1.516049,132.67,1.72,3,351.77,20 / 21,832529,2019-09-06 18:29:59:211,0.3713,0.1674,9.7395,-0.0003,-0.0011,9.8066,0.0043,-0.0088,0.0119,-9.56,-31.31,-1.37,275.06,-84.68,-152.59
52.37933,-1.516049,132.67,1.72,3,351.77,20 / 21,832628,2019-09-06 18:29:59:310,-0.2449,-0.15,9.8851,0.0001,-0.0003,9.8066,0.0005,-0.0124,0.0123,-10.25,-32.19,-1.37,274.31,-84.66,-152.71
52.37933,-1.516049,132.67,1.72,3,351.77,20 / 21,832730,2019-09-06 18:29:59:412,0.3006,0.2119,9.8674,-0.0036,0.0002,9.8066,-0.0047,0.0029,-0.0172,-9.69,-31.81,-1.44,274.32,-84.68,-152.76
52.37933,-1.516049,132.67,1.72,3,351.77,20 / 21,832829,2019-09-06 18:29:59:511,0.0971,0.1166,9.9356,0.0044,0.0012,9.8066,0.0058,-0.0082,0.0037,-9.37,-32.44,-1.31,271.48,-84.66,-152.9
52.37933,-1.516049,132.67,1.72,3,351.77,20 / 21,832929,2019-09-06 18:29:59:611,-0.0851,0.087,9.9667,0.0029,0.0021,9.8066,0.0163,-0.0031,0.0105,-9.06,-32.37,-1.19,271.37,-84.66,-152.99
52.37933,-1.516049,132.67,1.72,3,351.77,20 / 21,833028,2019-09-06 18:29:59:710,0.6065,0.3639,9.6581,-0.0007,-0.0011,9.8066,-0.0159,-0.006,-0.0023,-9.25,-32.94,-1.37,270.57,-84.66,-153.17
52.37933,-1.516049,132.67,1.72,3,351.77,20 / 21,833129,2019-09-06 18:29:59:811,0.5555,0.3758,9.7592,0.0057,0.0012,9.8066,0.0216,-0.0108,0.0001,-9.94,-33.06,-1.87,267.73,-84.61,-153.23
52.37933,-1.516049,132.67,1.72,3,351.77,20 / 21,833229,2019-09-06 18:29:59:911,0.7546,0.3046,9.7759,0.0025,-0.0007,9.8066,0.0029,-0.0021,-0.0011,-9.69,-33,-0.56,272.56,-84.55,-153.47
52.37933,-1.516049,132.67,1.72,3,351.77,20 / 21,833329,2019-09-06 18:30:00:011,1.0344,0.4131,9.9843,0.0066,0.0052,9.8066,0.0046,0.0027,-0.0042,-9.12,-32.69,-0.5,275.43,-84.48,-153.9
52.37933,-1.516049,132.67,1.72,3,351.77,20 / 21,833428,2019-09-06 18:30:00:110,2.18,1.3154,9.823,0.0071,0.0059,9.8066,0.0096,0.0121,0.0035,-9.62,-32.81,-0.44,276.66,-84.42,-154.63
52.37933,-1.516049,132.67,1.72,3,351.77,20 / 21,833528,2019-09-06 18:30:00:210,2.318,1.2784,9.8199,0.012,0.0066,9.8066,-0.0126,-0.0064,-0.0007,-9.56,-32.37,-0.44,276.58,-84.35,-155.08
52.37933,-1.516049,132.67,1.72,3,351.77,20 / 21,833629,2019-09-06 18:30:00:311,1.383,0.902,9.7142,-0.005,0.0004,9.8066,-0.0342,0.017,-0.0202,-9.31,-32.5,-0.94,267.68,-84.32,-155.42
52.37933,-1.516049,132.67,1.72,3,351.77,20 / 21,833729,2019-09-06 18:30:00:411,2.8132,1.2013,9.9452,-0.0037,-0.0018,9.8066,0.0517,0.0157,0.0019,-9.12,-33.25,-0.44,273.1,-84.32,-155.53
52.37933,-1.516049,132.67,1.72,3,351.77,20 / 21,833829,2019-09-06 18:30:00:511,2.0792,0.8832,9.8921,0.0108,0.0074,9.8066,0.0571,0.0276,-0.0118,-9.12,-33,-0.12,271.76,-84.2,-156.36
52.37933,-1.516049,132.67,1.72,3,351.77,20 / 21,833929,2019-09-06 18:30:00:611,3.2125,1.8936,9.8145,0.0086,0.0048,9.8066,-0.0024,0.0311,-0.0075,-8.69,-33.69,-0.56,264.35,-84.14,-156.78
52.37933,-1.516049,132.67,1.72,3,351.77,20 / 21,834028,2019-09-06 18:30:00:710,1.7832,1.173,9.8365,-0.0036,0.0017,9.8066,-0.0122,0.0328,-0.0201,-9.37,-33.19,-0.81,264.31,-84.13,-157.48
52.37933,-1.516049,132.67,1.72,3,351.77,20 / 21,834128,2019-09-06 18:30:00:810,1.7379,1.0926,9.8405,-0.0077,0.0004,9.8066,0.0049,0.0513,0.0017,-8.87,-33.87,-0.87,263.55,-84.16,-157.72
52.37933,-1.516049,132.67,1.72,3,351.77,20 / 21,834229,2019-09-06 18:30:00:911,2.6185,1.8368,9.9421,0.0062,0.0039,9.8066,0.011,0.0686,0.0083,-9,-33.44,-1.12,264.23,-84.18,-157.76
52.37933,-1.516049,132.67,1.72,3,351.77,20 / 21,834329,2019-09-06 18:30:01:011,1.8156,1.3216,9.8489,0.0083,0.0009,9.8066,0.0063,0.0532,0.0067,-7.94,-33,-1.19,260.44,-84.1,-157.82
52.37933,-1.516049,132.67,1.72,3,351.77,20 / 21,834428,2019-09-06 18:30:01:110,0.7654,0.4842,9.8199,0.001,-0.0041,9.8066,0.0144,0.0543,0.0099,-8.37,-33.62,-1.5,260.5,-84.09,-156.93
52.37933,-1.516049,132.67,1.72,3,351.77,20 / 21,834528,2019-09-06 18:30:01:210,0.7958,0.4053,10.0773,-0.0056,-0.0049,9.8066,0.0026,0.0441,-0.0021,-8.25,-33.37,-1.5,262.06,-84.16,-156.36
52.37933,-1.516049,132.67,1.72,3,351.77,20 / 21,834629,2019-09-06 18:30:01:311,0.4535,0.3226,10.0458,0.0071,0.0026,9.8066,0.0161,0.0256,0.0082,-8.31,-33.31,-2.25,256.5,-84.12,-155.92
52.37933,-1.516049,132.67,1.72,3,351.77,20 / 21,834728,2019-09-06 18:30:01:410,-0.3602,-0.041,9.9529,0.004,0.0035,9.8065,0.0132,0.0396,0.0003,-8.94,-32.87,-2,260.38,-84.13,-155.86
52.37933,-1.516049,132.67,1.72,3,351.77,20 / 21,834828,2019-09-06 18:30:01:510,-0.5016,0.0665,9.9488,0.0009,-0.0013,9.8066,0.0063,0.0135,-0.007,-9.06,-34.12,-1.75,259.53,-84.08,-155.91
52.37933,-1.516049,132.67,1.72,3,351.77,20 / 21,834928,2019-09-06 18:30:01:610,-0.1806,-0.2176,9.8894,-0.0098,-0.0024,9.8066,0.0225,0.0126,-0.0051,-9.25,-33.25,-1.44,265.49,-84.08,-156.07
52.37933,-1.516049,132.67,1.72,3,351.77,20 / 21,835029,2019-09-06 18:30:01:711,-0.4522,-0.4754,10.0538,0.0075,0.0048,9.8066,0.0358,0.0187,-0.0014,-9.44,-33.31,-1.44,264.98,-84.02,-156.36
52.37933,-1.516049,132.67,1.72,3,351.77,20 / 21,835129,2019-09-06 18:30:01:811,-0.2722,-0.0392,10.0781,0.0032,0.0039,9.8066,-0.0138,0.0066,-0.0062,-9.06,-33.44,-1.69,259.65,-84.05,-156.36
52.37933,-1.516049,132.67,1.72,3,351.77,20 / 21,835229,2019-09-06 18:30:01:911,-0.4829,-0.2751,9.8187,0.0004,0.0033,9.8066,0.0292,0.0124,-0.0201,-9,-33.06,-1.56,259.27,-84.07,-156.84
52.37933,-1.516049,132.67,1.72,3,351.77,20 / 21,835328,2019-09-06 18:30:02:010,-0.5472,-0.3546,9.7522,-0.0055,0.0008,9.8066,0.0151,0.0164,-0.0203,-9.06,-32.87,-1.44,264.18,-84.06,-157.37
52.37933,-1.516049,132.67,1.72,3,351.77,20 / 21,835429,2019-09-06 18:30:02:111,-0.4363,-0.3298,9.7213,0.0043,0.0016,9.8066,0.0402,0.0194,0.022,-9.62,-33.19,-1.31,266.62,-84.05,-157.71
52.37933,-1.516049,132.67,1.72,3,351.77,20 / 21,835528,2019-09-06 18:30:02:210,-0.6176,-0.1683,9.8365,-0.0076,-0.0007,9.8066,-0.0284,0.0177,0.0023,-9.81,-33.12,-1.37,266.77,-84.1,-157.74
52.37933,-1.516049,132.67,1.72,3,351.77,20 / 21,835629,2019-09-06 18:30:02:311,-0.6863,-0.2122,9.8085,0.0082,0.0009,9.8066,0.0017,0.0306,0.0077,-9.62,-33.31,-1.62,261.87,-84.08,-157.46
52.37933,-1.516049,132.67,1.72,3,351.77,20 / 21,835728,2019-09-06 18:30:02:410,-1.0017,-0.4577,9.8915,0.0047,-0.0022,9.8066,0.0026,0.0239,0.0205,-9.12,-33.06,-1.25,264.65,-84.08,-156.92
52.37933,-1.516049,132.67,1.72,3,351.77,20 / 21,835828,2019-09-06 18:30:02:510,-0.8183,-0.4693,9.9224,0.0004,-0.0006,9.8066,-0.0037,0.0293,0.0061,-9.56,-33.56,-1.44,267.17,-84.07,-156.57
52.37933,-1.516049,132.67,1.72,3,351.77,20 / 21,835929,2019-09-06 18:30:02:611,-0.7241,-0.4166,9.6911,-0.0069,0.0021,9.8066,0.0049,-0.0015,-0.0071,-9.37,-33.12,-1,264.75,-84.1,-156.9
52.37933,-1.516049,132.67,1.72,3,351.77,20 / 21,836029,2019-09-06 18:30:02:711,-0.6894,-0.5121,9.6915,0.0053,0.0051,9.8066,0.0008,0.0202,-0.0011,-9.25,-32.37,-1.75,259.23,-84.02,-157.38
52.37933,-1.516049,132.67,1.72,3,351.77,20 / 21,836129,2019-09-06 18:30:02:811,-1.2517,-0.6907,9.6916,0.0013,0.0054,9.8065,-0.0068,0.0315,0.013,-8.81,-32.81,-1,263.64,-84.03,-157.78
52.37933,-1.516049,132.67,1.72,3,351.77,20 / 21,836230,2019-09-06 18:30:02:912,-1.1662,-0.7491,9.8264,-0.0024,0.0028,9.8066,-0.0025,0.0112,-0.0107,-9.56,-33.12,-1.19,266.28,-84.07,-158.14
52.37933,-1.516049,132.67,1.72,3,351.77,20 / 21,836328,2019-09-06 18:30:03:010,-1.4383,-0.9359,9.7715,-0.0032,0.0018,9.8066,-0.015,0.0132,-0.0268,-9.37,-33.06,-0.94,263.35,-84.11,-158.41
52.37933,-1.516049,132.67,1.72,3,351.77,22 / 22,836429,2019-09-06 18:30:03:111,-1.6431,-0.7918,9.838,0.002,0.0035,9.8066,0.015,0.0154,-0.0059,-9.31,-32.81,-1.06,263.13,-84.14,-158.78
52.37933,-1.516049,132.67,1.72,3,351.77,22 / 22,836528,2019-09-06 18:30:03:210,-1.3231,-0.555,9.8133,-0.0025,0.0029,9.8066,-0.0008,0.0146,-0.0076,-9.25,-32.69,-1.12,262.63,-84.15,-159.33
52.37933,-1.516049,132.67,1.72,3,351.77,22 / 22,836629,2019-09-06 18:30:03:311,-1.3798,-0.7938,9.9459,0.0007,0.001,9.8066,-0.0046,-0.0064,-0.0061,-9.19,-32.12,-1.44,263.23,-84.18,-159.5
52.37933,-1.516049,132.67,1.72,3,351.77,22 / 22,836728,2019-09-06 18:30:03:410,-1.5715,-0.7419,9.9685,-0.0006,0.0007,9.8066,0.0175,0.0006,0.0063,-8.75,-32.94,-1,262.56,-84.19,-159.56
52.37933,-1.516049,132.67,1.72,3,351.77,22 / 22,836829,2019-09-06 18:30:03:511,-1.1481,-0.7814,9.8219,0.0037,-0.0003,9.8066,-0.0036,0.0046,0.0014,-9.06,-33.12,-1.31,262.58,-84.15,-159.4
52.37933,-1.516049,132.67,1.72,3,351.77,22 / 22,836928,2019-09-06 18:30:03:610,-1.2348,-0.5482,9.8932,0.004,-0.0013,9.8066,0.0008,0.0008,0.0123,-8.81,-33.25,-0.87,262.75,-84.14,-159.16
52.37933,-1.516049,132.67,1.72,3,351.77,22 / 22,837028,2019-09-06 18:30:03:710,-0.8572,-0.4208,9.8694,0.0035,0.0021,9.8066,0.0067,0.0025,-0.0067,-9.69,-33,-0.69,265.43,-84.12,-159.19
52.37933,-1.516049,132.67,1.72,3,351.77,22 / 22,837128,2019-09-06 18:30:03:810,-0.5612,-0.3152,9.6784,0.003,0.0005,9.8066,0.0179,0.0078,0.0179,-9.31,-33.12,-1.56,257.19,-84.08,-159.15
52.37933,-1.516049,132.67,1.72,3,351.77,22 / 22,837228,2019-09-06 18:30:03:910,-0.2781,-0.1368,9.792,0.0003,0.0009,9.8066,0.008,0.0061,0.0031,-9,-32.87,-1.19,262.43,-84.05,-159.17
52.37933,-1.516049,132.67,1.72,3,351.77,22 / 22,837329,2019-09-06 18:30:04:011,-0.0784,-0.1403,9.858,0.0025,-0.0007,9.8065,0.0235,-0.0036,0.0109,-8.87,-32.81,-0.94,262.35,-84.02,-159.13
52.37933,-1.516049,132.67,1.72,3,351.77,21 / 22,837428,2019-09-06 18:30:04:110,0.0969,-0.038,9.7793,0.0019,0.0014,9.8066,0.0096,-0.0063,-0.0069,-8.87,-32.75,-0.94,261.96,-83.95,-159.26
52.37933,-1.516049,132.67,1.72,3,351.77,21 / 22,837529,2019-09-06 18:30:04:211,0.2952,0.0223,9.8079,0.0032,0.0011,9.8066,0.0056,0.0071,0.0018,-8.69,-32.44,-1.62,257.13,-83.93,-159.32
52.37933,-1.516049,132.67,1.72,3,351.77,21 / 22,837629,2019-09-06 18:30:04:311,0.0656,-0.0183,9.829,-0.0005,0.0021,9.8065,-0.003,-0.0005,-0.0026,-8.5,-33.31,-1.12,258.11,-83.89,-159.46
52.37933,-1.516049,132.67,1.72,3,351.77,21 / 22,837729,2019-09-06 18:30:04:411,0.38,0.1811,9.8436,0.0013,0.0031,9.8066,0.0121,-0.0023,0.0059,-8.87,-32.87,-0.62,261.02,-83.87,-159.94
52.37933,-1.516049,132.67,1.72,3,351.77,21 / 22,837829,2019-09-06 18:30:04:511,0.515,0.4086,9.8933,0.0013,0.0021,9.8066,0.0004,0.0101,-0.0077,-8.56,-32.44,-1.06,261.31,-83.83,-160.2
52.37933,-1.516049,132.67,1.72,3,351.77,21 / 22,837929,2019-09-06 18:30:04:611,0.1998,0.1739,9.8358,0.0068,-0.0002,9.8066,0.0203,-0.0079,0.0142,-8.56,-32.75,-0.94,260.48,-83.77,-160.12
52.37933,-1.516049,132.67,1.72,3,351.77,21 / 22,838029,2019-09-06 18:30:04:711,1.0387,0.484,9.8444,-0.0002,0.0006,9.8066,0.0004,-0.0289,-0.0035,-8.87,-33,-0.87,260.3,-83.74,-160.21
52.37933,-1.516049,132.67,1.72,3,351.77,21 / 22,838129,2019-09-06 18:30:04:811,1.6022,0.6453,9.864,0.0119,0.0031,9.8066,-0.0045,-0.0001,0.0156,-8.75,-32.5,-1.06,260.45,-83.63,-160.4
52.37933,-1.516049,132.67,1.72,3,351.77,21 / 22,838228,2019-09-06 18:30:04:910,1.1846,0.6487,9.8565,0.0025,0.0037,9.8066,0.0101,-0.0004,0.0127,-9.12,-32.5,-0.5,266.04,-83.58,-160.47
52.37933,-1.516049,132.67,1.72,3,351.77,21 / 22,838328,2019-09-06 18:30:05:010,0.968,0.4593,9.7609,0.0068,0.0063,9.8066,-0.004,-0.0022,-0.0063,-8.87,-32.69,-0.31,264.4,-83.51,-161.12
52.37933,-1.516049,132.67,1.72,3,351.77,21 / 21,838428,2019-09-06 18:30:05:110,3.112,1.5269,9.8605,-0.0081,-0.0021,9.8066,-0.0085,0.0139,-0.0064,-8.94,-32.69,-0.31,264.04,-83.48,-161.35
52.37933,-1.516049,132.67,1.72,3,351.77,21 / 21,838529,2019-09-06 18:30:05:211,3.2948,1.2698,9.8579,-0.0031,0.0034,9.8066,-0.009,0.0086,0.0028,-8.94,-32.37,-0.12,264.76,-83.6,-161.86
52.37933,-1.516049,132.67,1.72,3,351.77,21 / 21,838628,2019-09-06 18:30:05:310,1.5949,0.669,9.7495,-0.0045,0.0038,9.8066,-0.0114,0.0146,-0.0234,-8.81,-32.31,-0.06,264.74,-83.67,-162.15
52.37933,-1.516049,132.67,1.72,3,351.77,21 / 21,838728,2019-09-06 18:30:05:410,1.8806,1.0502,10.1179,-0.0075,0.0068,9.8066,-0.0104,0.0308,-0.0086,-8.37,-33,-0.06,260.53,-83.72,-162.94
52.37933,-1.516049,132.67,1.72,3,351.77,21 / 21,838828,2019-09-06 18:30:05:510,1.4364,1.1043,9.9683,-0.0073,0.0002,9.8066,-0.0167,0.0179,-0.0087,-8.37,-32.81,-0.81,253.69,-83.78,-163.93
52.37933,-1.516049,132.67,1.72,3,351.77,21 / 21,838928,2019-09-06 18:30:05:610,1.4437,0.9458,9.9379,-0.0003,0.0022,9.8066,0.0136,0.0409,-0.0151,-8.81,-32.69,-1.25,256.58,-83.74,-164.28
52.37933,-1.516049,132.67,1.72,3,351.77,21 / 21,839028,2019-09-06 18:30:05:710,2.1286,1.3057,9.8083,-0.0056,0.0058,9.8066,-0.02,0.0253,0.0099,-8.12,-32.87,-0.81,252.8,-83.79,-165.02
52.37933,-1.516049,132.67,1.72,3,351.77,21 / 21,839129,2019-09-06 18:30:05:811,1.4188,0.9476,9.7922,-0.008,0.0035,9.8066,-0.0107,0.0382,-0.0238,-8.44,-32.37,-0.62,253.32,-83.9,-165.67
52.37933,-1.516049,132.67,1.72,3,351.77,21 / 21,839229,2019-09-06 18:30:05:911,1.3293,1.3814,9.6363,0.0005,0.0098,9.8066,-0.0221,0.0447,-0.0363,-8.25,-32.81,-0.87,251.86,-83.88,-166.48
52.37933,-1.516049,132.67,1.72,3,351.77,21 / 21,839329,2019-09-06 18:30:06:011,0.762,1.2008,9.149,0.0067,0.0073,9.8066,-0.0549,0.0881,-0.0276,-8.37,-32.19,-0.31,258.44,-83.96,-167.15
52.379414,-1.516086,132.32,3.36,2,342.23,20 / 21,839429,2019-09-06 18:30:06:111,2.4766,2.523,9.9945,0.0099,0.0102,9.8066,-0.0298,0.0016,0.0101,-8.19,-32.5,-0.87,252.43,-84.06,-167.37
52.379414,-1.516086,132.32,3.36,2,342.23,20 / 21,839528,2019-09-06 18:30:06:210,1.6613,1.5607,10.0613,0.0049,-0.0035,9.8066,-0.0084,0.1341,-0.0802,-8,-32.37,-1.31,252.21,-84.08,-167.7
52.379414,-1.516086,132.32,3.36,2,342.23,20 / 21,839630,2019-09-06 18:30:06:312,1.724,1.9865,9.5491,0.0088,0.0164,9.8065,-0.0439,0.1205,-0.0177,-7.25,-32.94,-0.37,252.84,-84.05,-169.25
52.379414,-1.516086,132.32,3.36,2,342.23,20 / 21,839729,2019-09-06 18:30:06:411,1.9394,1.8388,9.7839,0.0041,0.0101,9.8066,0.0113,0.1104,-0.0038,-6.87,-31.81,-0.37,252.35,-83.97,-170.36
52.379414,-1.516086,132.32,3.36,2,342.23,20 / 21,839829,2019-09-06 18:30:06:511,0.8382,1.1031,10.0348,-0.0081,0.0038,9.8066,-0.0045,0.0938,-0.0291,-7.31,-32.06,-0.75,244.96,-84.01,-171.57
52.379414,-1.516086,132.32,3.36,2,342.23,20 / 21,839929,2019-09-06 18:30:06:611,1.3813,1.1743,9.8326,-0.002,0.0073,9.8066,0.0242,0.1105,-0.0311,-6.75,-32.81,-0.19,250.08,-84.02,-172.37
52.379414,-1.516086,132.32,3.36,2,342.23,20 / 21,840028,2019-09-06 18:30:06:710,1.6873,1.2531,9.894,0.0042,0.0081,9.8066,0.0266,0.0786,-0.002,-6.87,-32.81,-0.25,248.69,-83.98,-173.83
52.379414,-1.516086,132.32,3.36,2,342.23,20 / 21,840128,2019-09-06 18:30:06:810,0.8004,0.824,9.6431,0.0103,0.0094,9.8066,-0.0235,0.0901,-0.0593,-6.06,-32.44,-0.12,244.73,-83.85,-174.14
52.379414,-1.516086,132.32,3.36,2,342.23,20 / 21,840229,2019-09-06 18:30:06:911,1.5275,1.0543,9.7905,-0.0191,0.0068,9.8065,0.031,0.1263,-0.015,-6,-32.25,-0.12,243.67,-83.82,-175.35
52.379414,-1.516086,132.32,3.36,2,342.23,20 / 21,840329,2019-09-06 18:30:07:011,1.7901,0.9749,9.8692,-0.0194,0.0098,9.8065,0.0042,0.0903,-0.0439,-5.75,-32.5,0,242.15,-83.96,-178.12
52.379414,-1.516086,132.32,3.36,2,342.23,22 / 22,840429,2019-09-06 18:30:07:111,1.8698,1.7786,9.3037,-0.0192,0.0088,9.8066,-0.0452,0.0763,-0.0712,-5.5,-32.62,-0.19,235.38,-84.05,179.67
52.379414,-1.516086,132.32,3.36,2,342.23,22 / 22,840529,2019-09-06 18:30:07:211,1.9509,1.0862,9.5207,-0.0169,-0.0002,9.8065,0.0135,0.086,0.0365,-4.87,-31.81,0.44,235.95,-84.2,178.33
52.379414,-1.516086,132.32,3.36,2,342.23,22 / 22,840628,2019-09-06 18:30:07:310,1.0448,0.1738,10.2419,-0.0044,0.0108,9.8066,0.0152,0.0391,-0.0491,-5.19,-31.56,0.06,235.5,-84.29,177.15
52.379414,-1.516086,132.32,3.36,2,342.23,22 / 22,840729,2019-09-06 18:30:07:411,1.8137,2.4191,9.9212,-0.0095,0.0138,9.8066,0.0579,0.1008,-0.0563,-4.5,-30.87,0,229.35,-84.26,175.31
52.379414,-1.516086,132.32,3.36,2,342.23,22 / 22,840828,2019-09-06 18:30:07:510,1.4862,1.0668,9.8112,-0.0012,0.0106,9.8066,-0.0395,0.0896,-0.0444,-4.19,-30.5,0,229.08,-84.21,173.95
52.379414,-1.516086,132.32,3.36,2,342.23,22 / 22,840928,2019-09-06 18:30:07:610,0.7298,1.0282,9.7898,0.0066,0.0164,9.8065,-0.0055,0.0871,-0.038,-4.87,-30.25,-0.44,232.63,-84.09,171.97
52.379414,-1.516086,132.32,3.36,2,342.23,22 / 22,841028,2019-09-06 18:30:07:710,0.9986,1.416,9.9126,0.0067,0.0053,9.8066,0.0064,0.0728,-0.004,-3.94,-30.75,-0.87,218.17,-83.96,171.39
52.379414,-1.516086,132.32,3.36,2,342.23,22 / 22,841128,2019-09-06 18:30:07:810,0.5986,1.3833,10.3933,0.0067,0.0054,9.8066,0.0061,0.0661,-0.0269,-3.75,-31.25,-1.5,217.87,-83.86,171.43
52.379414,-1.516086,132.32,3.36,2,342.23,22 / 22,841229,2019-09-06 18:30:07:911,0.6734,1.4566,9.9952,0.0019,0.0006,9.8066,0.0308,0.0933,-0.0032,-3.75,-32.44,-0.94,217,-83.77,171.42
52.379414,-1.516086,132.32,3.36,2,342.23,22 / 22,841328,2019-09-06 18:30:08:010,0.2431,0.6302,9.8769,0.0041,-0.0005,9.8066,-0.0381,0.0882,0.0109,-3.37,-32.25,-0.75,209.77,-83.66,171.8
52.379414,-1.516086,132.32,3.36,2,342.23,21 / 21,841429,2019-09-06 18:30:08:111,0.3211,0.8503,10.5459,0.0258,0.0112,9.8066,0.0204,0.085,-0.037,-3.69,-32.25,0.19,223.72,-83.44,172.82
52.379414,-1.516086,132.32,3.36,2,342.23,21 / 21,841528,2019-09-06 18:30:08:210,0.2457,1.1701,10.3322,0.0079,0.0047,9.8066,0.0589,0.0964,0.0076,-3.5,-32.31,-0.12,216.05,-83.31,173.01
52.379414,-1.516086,132.32,3.36,2,342.23,21 / 21,841629,2019-09-06 18:30:08:311,1.1444,1.6336,9.3974,0.022,0.0084,9.8066,-0.0417,0.0625,-0.0153,-3.12,-32.12,0.88,224.09,-83.09,173.7
52.379414,-1.516086,132.32,3.36,2,342.23,21 / 21,841729,2019-09-06 18:30:08:411,0.3361,1.444,10.1872,0.0076,0.0023,9.8066,0.0239,0.0721,0.0333,-2.94,-32.87,0.75,222.98,-83.04,174.27
52.379414,-1.516086,132.32,3.36,2,342.23,21 / 21,841828,2019-09-06 18:30:08:510,0.7231,1.6543,10.1832,0.0066,-0.0036,9.8066,0.0015,0.0547,-0.0039,-3.06,-32.62,0.44,215.13,-83.07,174.91
52.379414,-1.516086,132.32,3.36,2,342.23,21 / 21,841929,2019-09-06 18:30:08:611,-0.3705,0.6472,10.1085,0.0111,-0.0005,9.8066,-0.0861,0.0724,-0.0563,-2.81,-32.19,1.13,224.68,-83.04,175.95
52.379414,-1.516086,132.32,3.36,2,342.23,21 / 21,842029,2019-09-06 18:30:08:711,-0.1317,1.0185,9.9454,-0.0028,-0.0095,9.8066,0.0497,0.0799,0.0625,-2.75,-32.69,0.5,223.81,-83.06,176.29
52.379414,-1.516086,132.32,3.36,2,342.23,21 / 21,842129,2019-09-06 18:30:08:811,1.5618,-0.4525,10.6218,0.0053,-0.018,9.8066,0.0741,-0.0144,0.0583,-3.06,-32.56,1.44,223.74,-82.94,177.93
52.379414,-1.516086,132.32,3.36,2,342.23,21 / 21,842228,2019-09-06 18:30:08:910,-0.3547,1.9898,10.4884,0.0278,0.0447,9.8064,0.0418,0.0197,0.1386,-3.25,-33.12,0.81,221.53,-82.48,178.29
52.379414,-1.516086,132.32,3.36,2,342.23,21 / 21,842329,2019-09-06 18:30:09:011,-0.0231,1.7031,9.779,0.0376,0.0178,9.8065,-0.0139,0.1331,-0.0365,-2.81,-32.31,1.13,222.51,-82.38,179.44
52.379414,-1.516086,132.32,3.36,2,342.23,21 / 21,842429,2019-09-06 18:30:09:111,-0.7026,2.3533,10.0436,-0.0152,-0.0252,9.8065,-0.011,0.1871,-0.131,-3.06,-32.5,1.75,233.9,-82.49,-179.47
52.379414,-1.516086,132.32,3.36,2,342.23,21 / 21,842528,2019-09-06 18:30:09:210,0.3315,1.498,9.3863,-0.0196,-0.0144,9.8065,-0.0491,0.0932,0.0734,-2.62,-32.69,1.63,232.18,-82.51,179.58
52.379414,-1.516086,132.32,3.36,2,342.23,21 / 21,842628,2019-09-06 18:30:09:310,0.529,1.1177,9.7978,0.0121,0,9.8066,-0.0067,0.0552,-0.0134,-2.75,-33.19,1.69,232.27,-82.48,-179.36
52.379414,-1.516086,132.32,3.36,2,342.23,21 / 21,842729,2019-09-06 18:30:09:411,1.0109,0.3287,9.7965,0.0081,-0.012,9.8065,-0.0673,0.0091,-0.0627,-2.62,-32.62,1.88,233.28,-82.58,-178.31
52.379414,-1.516086,132.32,3.36,2,342.23,21 / 21,842828,2019-09-06 18:30:09:510,0.4362,1.1395,9.7947,-0.0116,-0.0019,9.8066,-0.0645,0.066,0.0387,-2.31,-33,1.94,222.04,-82.69,-178.86
52.379414,-1.516086,132.32,3.36,2,342.23,21 / 21,842929,2019-09-06 18:30:09:611,-0.4394,0.1665,9.6879,0.0171,0.0098,9.8066,-0.1125,0.0638,0.0491,-2.12,-32.94,1.19,212.11,-82.71,-178.82
52.379414,-1.516086,132.32,3.36,2,342.23,21 / 21,843029,2019-09-06 18:30:09:711,0.123,0.3891,9.8207,-0.0085,-0.0127,9.8066,-0.0154,0.0887,0.0077,-2.37,-33.06,2.06,222.43,-82.75,-178.24
52.379414,-1.516086,132.32,3.36,2,342.23,21 / 21,843129,2019-09-06 18:30:09:811,-0.5619,0.0482,9.4937,0.0102,-0.0025,9.8065,-0.0601,0.0518,0.0222,-2.25,-32.87,1.75,221.81,-82.67,-177.93
52.379414,-1.516086,132.32,3.36,2,342.23,21 / 21,843228,2019-09-06 18:30:09:910,-0.8472,0.607,9.7583,-0.0051,-0.0151,9.8066,0.1032,-0.0136,0.0169,-1.94,-33.06,1.5,222.17,-82.73,-177.22
52.379414,-1.516086,132.32,3.36,2,342.23,21 / 21,843329,2019-09-06 18:30:10:011,0.8319,1.1891,9.7084,-0.0151,-0.0178,9.8065,0.1081,0.0611,-0.0426,-2,-32.37,2,224.22,-82.77,-176.9
52.379414,-1.516086,132.32,3.36,2,342.23,20 / 22,843428,2019-09-06 18:30:10:110,-0.1541,0.38,10.0792,0.022,0.0156,9.8065,-0.1824,0.0544,0.0043,-2.12,-33.12,2.69,239.85,-82.78,-177.07
52.379414,-1.516086,132.32,3.36,2,342.23,20 / 22,843528,2019-09-06 18:30:10:210,0.1599,0.2368,10.0436,0.0103,0.0143,9.8066,-0.0656,-0.0053,0.014,-2.06,-32.69,1.94,222.4,-82.76,-177.25
52.379414,-1.516086,132.32,3.36,2,342.23,20 / 22,843629,2019-09-06 18:30:10:311,0.0208,0.4458,9.5338,-0.0012,0.0101,9.8066,-0.0698,-0.0078,0.0045,-1.81,-33.06,2.25,222.38,-82.75,-177.44
52.379414,-1.516086,132.32,3.36,2,342.23,20 / 22,843728,2019-09-06 18:30:10:410,-0.0627,1.033,9.3153,0.0082,0.0055,9.8066,-0.0025,0.0572,0.0086,-2.31,-32.81,1.56,222.16,-82.73,-177.42
52.379414,-1.516086,132.32,3.36,2,342.23,20 / 22,843829,2019-09-06 18:30:10:511,-0.0348,-0.0271,10.2469,-0.0081,-0.0095,9.8066,0.0245,-0.013,0.0058,-1.94,-33,1.81,221.87,-82.7,-176.89
52.379414,-1.516086,132.32,3.36,2,342.23,20 / 22,843929,2019-09-06 18:30:10:611,-0.1072,0.5585,9.7678,-0.0082,-0.0096,9.8066,0.0555,0.0019,0.0011,-2,-31.62,1.81,223.56,-82.69,-176.76
52.379414,-1.516086,132.32,3.36,2,342.23,20 / 22,844029,2019-09-06 18:30:10:711,0.2422,0.552,9.99,-0.001,-0.0043,9.8066,0.0194,0.0291,0.0051,-1.69,-33.31,1.69,221.58,-82.66,-176.89
52.379414,-1.516086,132.32,3.36,2,342.23,20 / 22,844128,2019-09-06 18:30:10:810,0.2535,-0.0017,10.2365,-0.0025,-0.0055,9.8066,0.0494,-0.007,0.0213,-1.75,-32.31,1.81,223.91,-82.73,-176.77
52.379414,-1.516086,132.32,3.36,2,342.23,20 / 22,844228,2019-09-06 18:30:10:910,-0.2749,-0.1995,10.4002,0.0101,0.0122,9.8066,-0.0334,0.0236,-0.0202,-1.56,-33.19,2.06,221.09,-82.6,-176.44
52.379414,-1.516086,132.32,3.36,2,342.23,20 / 22,844328,2019-09-06 18:30:11:010,0.0979,-0.1306,9.7574,0.0132,0.0177,9.8065,-0.034,-0.0246,0.0037,-1.87,-32.37,1.81,222.82,-82.6,-176.54
52.379414,-1.516086,132.32,3.36,2,342.23,20 / 21,844428,2019-09-06 18:30:11:110,-0.0951,-0.6877,9.8462,-0.009,-0.0041,9.8066,-0.0162,0.0149,0.0104,-1.75,-33.56,2.13,219.56,-82.61,-176.67
52.379414,-1.516086,132.32,3.36,2,342.23,20 / 21,844528,2019-09-06 18:30:11:210,-0.1838,-0.2722,9.8029,-0.0011,-0.0022,9.8066,-0.039,-0.0094,0.0332,-1.56,-32.69,2.31,220.9,-82.57,-176.67
52.379414,-1.516086,132.32,3.36,2,342.23,20 / 21,844628,2019-09-06 18:30:11:310,0.1765,-0.9044,9.8951,0.0049,-0.0075,9.8066,0.0277,-0.0219,0.0069,-1.62,-33.06,1.69,220.32,-82.51,-175.9
52.379414,-1.516086,132.32,3.36,2,342.23,20 / 21,844729,2019-09-06 18:30:11:411,0.784,-0.3857,10.1566,-0.004,-0.0187,9.8065,-0.0799,-0.0394,0.015,-2.37,-32.56,2.06,220.97,-82.62,-174.95
52.379414,-1.516086,132.32,3.36,2,342.23,20 / 21,844828,2019-09-06 18:30:11:510,0.3045,-1.5363,10.0931,0.0223,0.0114,9.8065,-0.0429,-0.0755,0.0834,-2.69,-32.44,2.38,235.32,-82.46,-174.22
52.379414,-1.516086,132.32,3.36,2,342.23,20 / 21,844928,2019-09-06 18:30:11:610,0.2932,-0.9301,9.4069,0.0189,0.0128,9.8066,-0.0173,-0.0532,-0.0015,-2.37,-33,2.38,219.01,-82.39,-173.53
52.379414,-1.516086,132.32,3.36,2,342.23,20 / 21,845029,2019-09-06 18:30:11:711,0.292,-0.6061,9.6694,0.0061,-0.0144,9.8066,-0.0026,-0.1271,0.0684,-2.25,-33.06,1.5,218.59,-82.37,-172.43
52.379414,-1.516086,132.32,3.36,2,342.23,20 / 21,845129,2019-09-06 18:30:11:811,1.1701,-0.8167,9.9284,-0.0048,-0.0161,9.8065,0.0238,-0.0831,0.0154,-2.94,-32.81,1.94,233.52,-82.38,-171.55
52.379414,-1.516086,132.32,3.36,2,342.23,20 / 21,845228,2019-09-06 18:30:11:910,0.1283,-0.4093,10.0688,-0.0078,-0.0122,9.8066,0.011,-0.1234,0.0314,-2.62,-32.75,1.19,223.63,-82.38,-171.61
52.379414,-1.516086,132.32,3.36,2,342.23,20 / 21,845328,2019-09-06 18:30:12:010,0.8358,-1.8205,10.0732,-0.0043,-0.006,9.8065,-0.011,-0.1393,0.0043,-3.19,-32.81,1.81,234.47,-82.48,-170.98
52.379414,-1.516086,132.32,3.36,2,342.23,19 / 20,845430,2019-09-06 18:30:12:112,0.2776,-1.6519,9.9681,-0.0024,-0.0026,9.8066,0.0077,-0.102,0.0093,-2.94,-33,1.56,234.73,-82.53,-171.37
52.379414,-1.516086,132.32,3.36,2,342.23,19 / 20,845529,2019-09-06 18:30:12:211,1.2125,-1.9539,10.2697,-0.019,-0.0138,9.8066,0.1547,-0.2184,0.044,-3.75,-32.69,1.31,234.55,-82.55,-171.47
52.379414,-1.516086,132.32,3.36,2,342.23,19 / 20,845628,2019-09-06 18:30:12:310,1.6538,-1.902,9.7962,0.0074,0.0225,9.8066,0.0082,-0.2009,0.0596,-3.31,-32.5,1.19,224.19,-82.26,-171.88
52.379414,-1.516086,132.32,3.36,2,342.23,19 / 20,845729,2019-09-06 18:30:12:411,0.1905,-2.249,10.2371,0.0293,0.0155,9.8066,-0.0082,-0.1783,-0.0293,-3.75,-33.19,1.44,231.87,-82.09,-171.8
52.379414,-1.516086,132.32,3.36,2,342.23,19 / 20,845828,2019-09-06 18:30:12:510,-0.067,-1.4416,9.975,-0.0067,0.0069,9.8066,-0.0132,-0.2472,0.0869,-3.5,-32.62,0.75,221.51,-82.01,-172.35
52.379414,-1.516086,132.32,3.36,2,342.23,19 / 20,845929,2019-09-06 18:30:12:611,0.7613,-2.2451,9.9595,0.0204,0.0043,9.8066,0.0224,-0.1851,0.0095,-4.12,-33.37,1.44,230.64,-81.88,-172.12
52.379414,-1.516086,132.32,3.36,2,342.23,19 / 20,846029,2019-09-06 18:30:12:711,1.3235,-1.7221,9.2655,-0.0023,-0.004,9.8066,-0.0588,-0.2499,0.0374,-4.06,-32.62,0.06,223.75,-81.82,-171.94
52.379414,-1.516086,132.32,3.36,2,342.23,19 / 20,846129,2019-09-06 18:30:12:811,1.5562,-2.3299,9.2162,0.0053,-0.0003,9.8065,-0.0436,-0.246,0.0644,-4.75,-32.81,0.31,231.15,-81.8,-171.63
52.379414,-1.516086,132.32,3.36,2,342.23,19 / 20,846229,2019-09-06 18:30:12:911,0.6752,-2.8402,9.9236,-0.0228,-0.0188,9.8066,-0.0026,-0.2254,0.0305,-4.81,-32.94,0,232.29,-82.02,-171.18
52.379414,-1.516086,132.32,3.36,2,342.23,19 / 20,846328,2019-09-06 18:30:13:010,1.4842,-2.6041,10.0996,-0.0266,-0.0181,9.8066,0.0574,-0.2876,0.0446,-5.75,-32.44,0.31,239.71,-82.19,-171.45
52.379414,-1.516086,132.32,3.36,2,342.23,19 / 20,846429,2019-09-06 18:30:13:111,0.2811,-2.8567,9.8159,0.0126,0.0164,9.8066,-0.0786,-0.2427,0.021,-5.75,-33.12,0,237.65,-82.03,-172.14
52.379414,-1.516086,132.32,3.36,2,342.23,19 / 20,846529,2019-09-06 18:30:13:211,1.0063,-2.7525,9.506,0.0235,0.0279,9.8065,0.0773,-0.2815,0.0131,-6.19,-32.31,0,237.62,-81.9,-172.88
52.379414,-1.516086,132.32,3.36,2,342.23,19 / 20,846628,2019-09-06 18:30:13:310,1.3367,-2.4637,9.2878,-0.0087,-0.0031,9.8066,0.0051,-0.3162,0.0158,-6.56,-32.69,-0.69,235.04,-81.76,-173.62
52.379414,-1.516086,132.32,3.36,2,342.23,19 / 20,846729,2019-09-06 18:30:13:411,0.8707,-2.8356,9.3266,-0.0184,-0.012,9.8066,-0.008,-0.3013,0.0486,-7.31,-32.94,-0.37,240.49,-81.82,-173.74
52.379414,-1.516086,132.32,3.36,2,342.23,19 / 20,846829,2019-09-06 18:30:13:511,0.4553,-2.2925,9.716,-0.0216,-0.0049,9.8065,-0.0153,-0.2901,0.04,-7.87,-33,-0.44,244.25,-82.04,-174.73
52.379414,-1.516086,132.32,3.36,2,342.23,19 / 20,846929,2019-09-06 18:30:13:611,1.4378,-3.5981,9.3204,-0.004,0.0036,9.8066,0.0164,-0.2582,-0.0697,-7.87,-32.37,-0.87,240.08,-82.24,-175.13
52.379414,-1.516086,132.32,3.36,2,342.23,19 / 20,847029,2019-09-06 18:30:13:711,0.0884,-2.6343,9.4839,-0.0325,-0.003,9.8065,0.071,-0.2825,0.0461,-8.19,-32.69,-1.31,238.36,-82.37,-177.01
52.379414,-1.516086,132.32,3.36,2,342.23,19 / 20,847128,2019-09-06 18:30:13:810,0.0523,-2.9232,9.6327,0.0163,0.0012,9.8065,-0.0341,-0.297,0.0024,-8.44,-32.62,-0.87,237.49,-82.07,-176.99
52.379414,-1.516086,132.32,3.36,2,342.23,19 / 20,847229,2019-09-06 18:30:13:911,1.1978,-3.7149,9.2167,-0.0083,0.0011,9.8066,0.0335,-0.3758,0.072,-9.62,-33.19,-1.44,242.44,-81.96,-177.86
52.379414,-1.516086,132.32,3.36,2,342.23,19 / 20,847329,2019-09-06 18:30:14:011,0.793,-2.4385,9.7403,0.0034,-0.0034,9.8066,-0.0864,-0.2743,0.0371,-9.94,-32.5,-0.87,243.16,-81.92,-177.61
52.379414,-1.516086,132.32,3.36,2,342.23,20 / 20,847430,2019-09-06 18:30:14:112,0.3131,-3.3218,9.6778,-0.0291,-0.0124,9.8066,0.0178,-0.3551,0.0691,-10.69,-32.25,-1.37,245.88,-82.02,-177.42
52.379414,-1.516086,132.32,3.36,2,342.23,20 / 20,847529,2019-09-06 18:30:14:211,1.0792,-3.3087,9.6117,-0.0107,-0.0087,9.8066,-0.0257,-0.3764,0.0662,-11.31,-32.31,-1.06,246.48,-82.22,-177.26
52.379414,-1.516086,132.32,3.36,2,342.23,20 / 20,847628,2019-09-06 18:30:14:310,0.9591,-3.6099,9.8615,0.0244,0.0165,9.8066,-0.0397,-0.3913,0.0664,-12.44,-32.37,-1.31,248.01,-82.12,-177.5
52.379414,-1.516086,132.32,3.36,2,342.23,20 / 20,847728,2019-09-06 18:30:14:410,1.1144,-2.7361,9.7994,0.0131,0.0144,9.8066,-0.0065,-0.3592,0.0536,-12.69,-32.62,-1.75,245.4,-82.17,-177.8
52.379414,-1.516086,132.32,3.36,2,342.23,20 / 20,847829,2019-09-06 18:30:14:511,1.0602,-3.7145,9.1713,-0.0182,-0.0023,9.8066,-0.0508,-0.3056,-0.0358,-13.87,-32.37,-1.25,251.24,-82.31,-177.91
52.379414,-1.516086,132.32,3.36,2,342.23,20 / 20,847929,2019-09-06 18:30:14:611,1.2084,-3.6096,9.4944,-0.0136,0.0051,9.8066,-0.031,-0.3456,0.0113,-14.06,-32.44,-1.69,247.1,-82.43,-178.89
52.379414,-1.516086,132.32,3.36,2,342.23,20 / 20,848029,2019-09-06 18:30:14:711,1.0799,-2.8097,10.2023,-0.0284,0.0041,9.8065,-0.0162,-0.4131,-0.0008,-14.56,-31.87,-1.56,248.88,-82.55,-178.76
52.379414,-1.516086,132.32,3.36,2,342.23,20 / 20,848128,2019-09-06 18:30:14:810,0.2335,-2.4154,9.4278,-0.0223,0.0057,9.8066,-0.0047,-0.3552,0.015,-15.37,-32.12,-1,251.1,-82.86,179.37
52.379414,-1.516086,132.32,3.36,2,342.23,20 / 20,848229,2019-09-06 18:30:14:911,0.7019,-2.9192,9.4381,0.0004,-0.0108,9.8066,0.0153,-0.3252,0.0654,-15.94,-32.25,-1.37,252.94,-82.96,-179.99
52.379414,-1.516086,132.32,3.36,2,342.23,20 / 20,848329,2019-09-06 18:30:15:011,0.6412,-3.1022,9.7529,-0.0094,-0.0054,9.8066,-0.0208,-0.3559,0.0216,-16.19,-31.81,-1.75,250.25,-83.07,-179.64
52.37995,-1.516546,131.17,8.52,3,12.78,19 / 21,848429,2019-09-06 18:30:15:111,0.8408,-2.945,9.9792,-0.0013,-0.0074,9.8066,-0.0763,-0.3363,0.0527,-17.12,-32.69,-1.75,251.64,-83.25,-179.27
52.37995,-1.516546,131.17,8.52,3,12.78,19 / 21,848528,2019-09-06 18:30:15:210,-0.4645,-2.8518,9.9115,-0.0015,-0.0055,9.8066,-0.0344,-0.3171,0.0301,-17.69,-31.56,-0.81,256.62,-83.33,-178.65
52.37995,-1.516546,131.17,8.52,3,12.78,19 / 21,848629,2019-09-06 18:30:15:311,0.3336,-3.4935,9.991,0.0105,-0.0071,9.8066,0.0309,-0.3184,0.0692,-17.56,-31.69,-0.44,260.33,-83.33,-177.91
52.37995,-1.516546,131.17,8.52,3,12.78,19 / 21,848728,2019-09-06 18:30:15:410,0.5699,-2.4721,9.5611,0.0022,-0.0066,9.8066,-0.0001,-0.3543,0.0417,-19.31,-31.94,-0.69,258.95,-83.24,-176.83
52.37995,-1.516546,131.17,8.52,3,12.78,19 / 21,848829,2019-09-06 18:30:15:511,0.5601,-3.2979,9.8036,-0.0069,-0.0047,9.8066,0.0121,-0.3395,0.0638,-19,-31.94,-0.12,262.6,-83.29,-176.12
52.37995,-1.516546,131.17,8.52,3,12.78,19 / 21,848928,2019-09-06 18:30:15:610,0.0709,-2.9632,9.7846,-0.0111,-0.0052,9.8066,0.0056,-0.2918,0.0467,-19.75,-31.56,-0.44,263.72,-83.41,-175.74
52.37995,-1.516546,131.17,8.52,3,12.78,19 / 21,849029,2019-09-06 18:30:15:711,0.0097,-2.3349,9.657,-0.0014,0.0007,9.8066,-0.0111,-0.2925,0.0093,-20.37,-31.75,0.06,263.92,-83.5,-175.67
52.37995,-1.516546,131.17,8.52,3,12.78,19 / 21,849128,2019-09-06 18:30:15:810,-0.0136,-2.5923,9.9248,0.0004,-0.0005,9.8066,0.0034,-0.3158,0.0549,-20.44,-31.69,-0.81,261.11,-83.51,-175.73
52.37995,-1.516546,131.17,8.52,3,12.78,19 / 21,849228,2019-09-06 18:30:15:910,0.0827,-2.2185,9.7671,0.0032,0.0086,9.8066,0.0344,-0.2661,0.0254,-20.75,-31.37,0.75,267.4,-83.47,-175.63
52.37995,-1.516546,131.17,8.52,3,12.78,19 / 21,849329,2019-09-06 18:30:16:011,-0.3055,-1.1332,9.8478,0.0047,0.0075,9.8066,0.0047,-0.1755,-0.0075,-20.94,-31.75,-0.06,263.3,-83.39,-176.65
52.37995,-1.516546,131.17,8.52,3,12.78,20 / 21,849429,2019-09-06 18:30:16:111,-0.0711,-0.9619,9.4565,0.0073,-0.0006,9.8066,-0.0376,-0.1645,-0.0064,-20.94,-31.75,1.06,264.86,-83.39,-177.78
52.37995,-1.516546,131.17,8.52,3,12.78,20 / 21,849529,2019-09-06 18:30:16:211,-0.5442,-0.8026,9.6856,-0.001,0.001,9.8066,-0.0291,-0.1517,0.05,-21.37,-31.5,0.56,265.31,-83.41,-177.67
52.37995,-1.516546,131.17,8.52,3,12.78,20 / 21,849628,2019-09-06 18:30:16:310,-0.0815,-1.4102,10.2382,-0.012,-0.0069,9.8066,0.0649,-0.1046,0.0269,-20.75,-31.12,0.88,266.4,-83.52,-176.73
52.37995,-1.516546,131.17,8.52,3,12.78,20 / 21,849728,2019-09-06 18:30:16:410,-0.0049,-1.186,10.0527,-0.0135,-0.004,9.8066,0.0508,-0.1434,-0.0287,-22.06,-32,0.69,266.57,-83.49,-176.53
52.37995,-1.516546,131.17,8.52,3,12.78,20 / 21,849829,2019-09-06 18:30:16:511,-0.2678,-0.5663,9.419,0.0026,0.0004,9.8066,0.0016,-0.0873,0.018,-21.81,-31.62,1.25,266.38,-83.41,-176.6
52.37995,-1.516546,131.17,8.52,3,12.78,20 / 21,849928,2019-09-06 18:30:16:610,-0.3799,-1.2427,9.8435,0.0028,-0.0065,9.8066,0.0057,-0.1124,0.0607,-21.56,-32.06,1,267.02,-83.39,-175.92
52.37995,-1.516546,131.17,8.52,3,12.78,20 / 21,850029,2019-09-06 18:30:16:711,-1.407,-0.7531,10.4179,-0.0002,-0.0039,9.8066,-0.0512,-0.0676,-0.0453,-22.12,-31.5,1.56,271.19,-83.51,-174.81
52.37995,-1.516546,131.17,8.52,3,12.78,20 / 21,850129,2019-09-06 18:30:16:811,-0.5322,-0.4963,10.6053,-0.0128,0.0112,9.8066,0.028,-0.0906,-0.0177,-22.69,-31.5,1.25,268.32,-83.66,-175.59
52.37995,-1.516546,131.17,8.52,3,12.78,20 / 21,850229,2019-09-06 18:30:16:911,-0.5048,-0.5285,9.6608,0.0377,0.0001,9.8066,-0.0706,-0.062,0.0278,-22.12,-30.75,1.25,267.14,-83.42,-176.15
52.37995,-1.516546,131.17,8.52,3,12.78,20 / 21,850329,2019-09-06 18:30:17:011,-1.4681,-0.0332,9.5635,0.0315,-0.0122,9.8066,-0.0565,-0.0429,-0.0161,-22.25,-30.87,1.94,270.39,-83.28,-175.28
52.37995,-1.516546,131.17,8.52,3,12.78,21 / 21,850429,2019-09-06 18:30:17:111,-1.3232,-0.7019,9.4407,-0.0055,-0.0107,9.8066,0.0128,-0.068,0.0382,-22.25,-31.37,1.13,268.16,-83.31,-174.96
52.37995,-1.516546,131.17,8.52,3,12.78,21 / 21,850529,2019-09-06 18:30:17:211,-1.7324,0.1099,9.8547,-0.0422,-0.014,9.8065,-0.0005,-0.0177,0.0566,-22.56,-31.62,1.56,273.05,-83.63,-173.02
52.37995,-1.516546,131.17,8.52,3,12.78,21 / 21,850629,2019-09-06 18:30:17:311,-1.6247,-1.0374,10.4349,0.017,-0.0155,9.8065,-0.0056,0.0227,-0.0204,-22.31,-31.56,0.81,273.24,-83.75,-170.2
52.37995,-1.516546,131.17,8.52,3,12.78,21 / 21,850729,2019-09-06 18:30:17:411,-1.8116,-0.1544,9.6566,0.0019,-0.0089,9.8066,-0.059,0.0063,0.028,-22,-30.94,1.13,275.1,-83.88,-168.83
52.37995,-1.516546,131.17,8.52,3,12.78,21 / 21,850828,2019-09-06 18:30:17:510,-2.338,-0.7464,9.8124,0.0176,-0.008,9.8066,-0.0643,-0.0611,0.0683,-23.37,-31.81,0.75,276.95,-83.68,-166.71
52.37995,-1.516546,131.17,8.52,3,12.78,21 / 21,850928,2019-09-06 18:30:17:610,-1.976,0.6798,9.6389,0.0338,-0.0081,9.8066,-0.0878,0.0723,-0.0266,-22.5,-31.31,0.81,276.93,-83.41,-166.33
52.37995,-1.516546,131.17,8.52,3,12.78,21 / 21,851028,2019-09-06 18:30:17:710,-1.1931,0.4001,10.0339,0.0081,-0.0009,9.8066,0.0994,0.0661,-0.0218,-22.5,-31.69,1.88,278.46,-83.09,-166.67
52.37995,-1.516546,131.17,8.52,3,12.78,21 / 21,851129,2019-09-06 18:30:17:811,-0.6816,-0.5366,9.8688,0.0268,0.0043,9.8065,0.1332,0.0337,-0.0647,-22.56,-31.19,1.94,277.55,-82.74,-167.6
52.37995,-1.516546,131.17,8.52,3,12.78,21 / 21,851229,2019-09-06 18:30:17:911,-0.9868,0.8367,9.4053,0.0059,0.0163,9.8066,-0.0892,0.1042,-0.0431,-22,-31.56,2.25,274.18,-82.64,-170.23
52.37995,-1.516546,131.17,8.52,3,12.78,21 / 21,851328,2019-09-06 18:30:18:010,-1.8239,0.806,9.7368,-0.0035,0.0063,9.8066,-0.1287,0.0957,-0.0252,-22.44,-32,1.44,271.1,-82.75,-170.84
52.37995,-1.516546,131.17,8.52,3,12.78,22 / 22,851430,2019-09-06 18:30:18:112,-1.3032,0.3782,10.308,-0.0138,-0.0041,9.8066,0.0352,0.105,-0.0451,-22,-31.44,1.25,272.16,-83.04,-170.53
52.37995,-1.516546,131.17,8.52,3,12.78,22 / 22,851529,2019-09-06 18:30:18:211,-1.2121,1.6361,10.1521,-0.0172,0.0201,9.8066,0.0211,0.1418,-0.055,-22,-31.69,1.19,270.72,-83.17,-171.85
52.37995,-1.516546,131.17,8.52,3,12.78,22 / 22,851628,2019-09-06 18:30:18:310,-0.8368,1.2168,9.6739,-0.0027,0.0084,9.8066,0.0923,0.1431,-0.0317,-21.44,-31.56,0.38,266.61,-83.11,-172.82
52.37995,-1.516546,131.17,8.52,3,12.78,22 / 22,851729,2019-09-06 18:30:18:411,-1.4633,1.1876,9.5086,-0.0036,0.0015,9.8066,-0.0072,0.2175,-0.046,-21,-31.75,0.56,268.39,-83.07,-173.69
52.37995,-1.516546,131.17,8.52,3,12.78,22 / 22,851829,2019-09-06 18:30:18:511,-1.4392,2.3292,10.0776,-0.0037,0,9.8066,0.0364,0.1597,0.0128,-21,-32,0.75,268.14,-82.96,-173.76
52.37995,-1.516546,131.17,8.52,3,12.78,22 / 22,851929,2019-09-06 18:30:18:611,-1.5322,1.173,9.9364,0.0054,-0.0119,9.8066,-0.038,0.2037,0.0026,-20.37,-31.56,-0.31,265.81,-82.87,-172.71
52.37995,-1.516546,131.17,8.52,3,12.78,22 / 22,852028,2019-09-06 18:30:18:710,-0.6403,1.109,9.7039,-0.0031,-0.0078,9.8066,0.0594,0.2222,-0.0068,-20.19,-31.12,-0.12,267.64,-82.82,-171.13
52.37995,-1.516546,131.17,8.52,3,12.78,22 / 22,852128,2019-09-06 18:30:18:810,-1.095,0.9547,9.5708,-0.0106,-0.0073,9.8066,0.0625,0.2425,-0.0062,-20,-31.81,-0.44,267.81,-82.85,-170.63
52.37995,-1.516546,131.17,8.52,3,12.78,22 / 22,852229,2019-09-06 18:30:18:911,-0.8998,1.5153,10.0985,-0.0022,-0.0058,9.8066,-0.0414,0.234,-0.0327,-19.06,-31.19,-0.94,264.91,-82.83,-170.34
52.37995,-1.516546,131.17,8.52,3,12.78,22 / 22,852329,2019-09-06 18:30:19:011,-0.9483,1.1659,10.441,-0.0082,-0.011,9.8066,0.0444,0.2147,-0.0142,-18.62,-31.69,-0.37,268.59,-82.91,-169.33
52.37995,-1.516546,131.17,8.52,3,12.78,21 / 21,852429,2019-09-06 18:30:19:111,-0.9172,1.2384,9.5985,0.0048,-0.0089,9.8066,0.1059,0.2375,0.001,-18.56,-32.06,-0.87,266.45,-82.79,-168.3
52.37995,-1.516546,131.17,8.52,3,12.78,21 / 21,852528,2019-09-06 18:30:19:210,-0.516,0.8035,9.6667,0.0052,-0.0152,9.8066,0.1167,0.2173,0.0097,-18.06,-31.44,-1.62,263.92,-82.66,-167.11
52.37995,-1.516546,131.17,8.52,3,12.78,21 / 21,852629,2019-09-06 18:30:19:311,-0.7297,0.5887,9.8144,0.0298,0.003,9.8065,-0.0793,0.187,-0.0144,-17.31,-31.87,-0.75,265.55,-82.32,-166.48
52.37995,-1.516546,131.17,8.52,3,12.78,21 / 21,852729,2019-09-06 18:30:19:411,-1.0341,0.7673,10.3624,0.0406,0.0019,9.8065,-0.0803,0.1998,-0.0574,-17.81,-32.31,-1,266.75,-82.18,-166
52.37995,-1.516546,131.17,8.52,3,12.78,21 / 21,852829,2019-09-06 18:30:19:511,-0.2297,1.1949,9.7437,-0.021,-0.0032,9.8065,0.032,0.1543,-0.0273,-17.31,-32,-1.37,265.55,-82.25,-166.34
52.37995,-1.516546,131.17,8.52,3,12.78,21 / 21,852929,2019-09-06 18:30:19:611,-0.2698,1.5699,9.525,-0.0116,-0.0055,9.8066,-0.0065,0.1769,-0.0276,-16.87,-32.37,-0.87,265.98,-82.35,-166.12
52.37995,-1.516546,131.17,8.52,3,12.78,21 / 21,853028,2019-09-06 18:30:19:710,-0.1685,1.6998,9.6246,-0.0033,0.0009,9.8066,-0.0313,0.161,-0.0263,-16.75,-31.87,-1.19,266.18,-82.37,-165.94
52.37995,-1.516546,131.17,8.52,3,12.78,21 / 21,853129,2019-09-06 18:30:19:811,0.5911,1.4128,9.6524,0.0033,-0.0007,9.8066,-0.0207,0.1509,-0.0224,-16.5,-32.19,-1.12,265.39,-82.38,-165.65
52.37995,-1.516546,131.17,8.52,3,12.78,21 / 21,853229,2019-09-06 18:30:19:911,-0.2758,0.7995,10.0476,-0.0042,-0.0029,9.8066,-0.0142,0.1096,-0.0159,-15.62,-32.12,-0.87,266.07,-82.45,-165.08
52.37995,-1.516546,131.17,8.52,3,12.78,21 / 21,853328,2019-09-06 18:30:20:010,0.9683,1.1756,10.016,-0.0108,-0.0085,9.8066,-0.0212,0.114,0.0087,-16.06,-32.06,-1.69,263.24,-82.48,-164.62
52.37995,-1.516546,131.17,8.52,3,12.78,21 / 21,853428,2019-09-06 18:30:20:110,-0.261,1.1597,9.6546,-0.0109,-0.0106,9.8066,-0.0066,0.1148,0.0208,-16.12,-32.12,-2.37,264.03,-82.5,-163.85
52.37995,-1.516546,131.17,8.52,3,12.78,21 / 21,853529,2019-09-06 18:30:20:211,0.7954,1.0327,9.7872,0.0051,-0.0109,9.8066,-0.012,0.1318,-0.0134,-15.44,-32.81,-1.25,266.98,-82.53,-162.52
52.37995,-1.516546,131.17,8.52,3,12.78,21 / 21,853628,2019-09-06 18:30:20:310,0.1988,1.4266,9.6768,-0.0112,-0.0139,9.8066,0.0371,0.1242,-0.0023,-15.44,-32.19,-1.25,268.62,-82.47,-161.24
52.37995,-1.516546,131.17,8.52,3,12.78,21 / 21,853728,2019-09-06 18:30:20:410,0.7642,1.5531,9.8221,-0.0061,-0.0077,9.8066,-0.0021,0.1625,0.001,-14.94,-32,-1.06,268.76,-82.38,-160.9
52.37995,-1.516546,131.17,8.52,3,12.78,21 / 21,853828,2019-09-06 18:30:20:510,0.0608,1.2679,10.2032,0.0166,-0.0151,9.8066,-0.0005,0.1432,0.0193,-15.31,-31.94,-0.87,269.9,-82.22,-159.39
52.37995,-1.516546,131.17,8.52,3,12.78,21 / 21,853929,2019-09-06 18:30:20:611,0.514,1.6349,9.9155,0.0101,-0.0117,9.8066,0.0438,0.1126,0.0225,-15.37,-31.75,-1.87,267.06,-82.12,-158.39
52.37995,-1.516546,131.17,8.52,3,12.78,21 / 21,854029,2019-09-06 18:30:20:711,0.0025,1.2327,9.743,0.0047,-0.0181,9.8066,0.0471,0.1458,0.0203,-15,-32.44,-0.31,275.55,-81.98,-156.98
52.37995,-1.516546,131.17,8.52,3,12.78,21 / 21,854129,2019-09-06 18:30:20:811,0.0757,1.9484,10.0451,0.0041,-0.0199,9.8066,0.0774,0.1422,0.0224,-14.75,-32.12,-0.56,273.58,-81.84,-154.84
52.37995,-1.516546,131.17,8.52,3,12.78,21 / 21,854228,2019-09-06 18:30:20:910,0.6899,1.8904,9.9545,0.0201,-0.0128,9.8066,-0.0359,0.1421,0.029,-14.62,-31.75,-0.56,275.02,-81.67,-153.03
52.37995,-1.516546,131.17,8.52,3,12.78,21 / 21,854329,2019-09-06 18:30:21:011,0.2134,1.4953,10.504,0.0265,-0.0136,9.8066,0.0196,0.1589,0.0245,-14.69,-31.87,-1.25,276.37,-81.56,-151.46
52.37995,-1.516546,131.17,8.52,3,12.78,21 / 21,854428,2019-09-06 18:30:21:110,0.9505,1.7992,9.8429,0.0178,-0.0107,9.8065,-0.0294,0.1797,-0.0049,-14.62,-31.81,-0.56,277.32,-81.34,-150.03
52.37995,-1.516546,131.17,8.52,3,12.78,21 / 21,854529,2019-09-06 18:30:21:211,0.1404,2.1955,9.7938,0.0271,-0.0009,9.8065,0.0428,0.0712,0.0613,-15,-32.25,-0.87,277.09,-81.18,-149.88
52.37995,-1.516546,131.17,8.52,3,12.78,21 / 21,854628,2019-09-06 18:30:21:310,0.061,-0.6259,10.1057,-0.0031,-0.006,9.8066,0.0243,0.2173,-0.1337,-15.19,-32.37,-1.06,276.93,-81,-149.61
52.37995,-1.516546,131.17,8.52,3,12.78,21 / 21,854729,2019-09-06 18:30:21:411,1.7925,2.7319,10.3478,-0.0231,0.011,9.8065,0.0689,0.0615,0.0243,-13.62,-31.87,-0.75,274.35,-81.12,-150.72
52.37995,-1.516546,131.17,8.52,3,12.78,21 / 21,854828,2019-09-06 18:30:21:510,0.0121,1.852,10.2385,0.0278,0.0261,9.8065,-0.013,0.2065,-0.1085,-14.25,-31.87,-0.81,272.7,-81.03,-152.11
52.37995,-1.516546,131.17,8.52,3,12.78,21 / 21,854928,2019-09-06 18:30:21:610,0.6202,0.8567,10.0409,0.0128,0.0159,9.8066,0.0894,0.1137,0.0259,-13.12,-32.12,-0.5,274.89,-81.15,-152.61
52.37995,-1.516546,131.17,8.52,3,12.78,21 / 21,855028,2019-09-06 18:30:21:710,0.4616,1.7478,10.1445,0.0105,0.0101,9.8066,-0.0719,0.1673,-0.0585,-12.81,-32.37,-0.69,269.92,-81.12,-153.13
52.37995,-1.516546,131.17,8.52,3,12.78,21 / 21,855128,2019-09-06 18:30:21:810,-0.0214,1.5748,9.7458,0.0109,0.009,9.8066,-0.0148,0.1069,0.0201,-12.25,-31.94,-0.31,271.96,-81.18,-153.59
52.37995,-1.516546,131.17,8.52,3,12.78,21 / 21,855228,2019-09-06 18:30:21:910,-0.5896,0.0638,9.8641,-0.0173,-0.015,9.8066,0.042,0.1354,-0.0479,-12.69,-32.25,-0.87,270.12,-81.19,-153.13
52.37995,-1.516546,131.17,8.52,3,12.78,21 / 21,855328,2019-09-06 18:30:22:010,-0.9651,0.7228,9.489,-0.0146,-0.0087,9.8066,0.001,0.1036,0.0061,-12.5,-32.31,-0.56,268.6,-81.3,-152.66
52.37995,-1.516546,131.17,8.52,3,12.78,21 / 21,855429,2019-09-06 18:30:22:111,1.8785,1.3548,9.7844,0.0189,0.0052,9.8065,0.0182,0.0553,-0.0109,-12.19,-32.81,-0.5,271.69,-81.12,-152.84
52.37995,-1.516546,131.17,8.52,3,12.78,21 / 21,855528,2019-09-06 18:30:22:210,-0.3705,1.106,9.2122,0.0082,0.0051,9.8066,-0.0339,0.0936,-0.0097,-12.37,-32.06,-0.25,272.7,-81.15,-152.77
52.37995,-1.516546,131.17,8.52,3,12.78,21 / 21,855628,2019-09-06 18:30:22:310,-0.4257,0.6267,11.0241,-0.0244,-0.0101,9.8065,-0.0368,0.0038,0.0414,-12.06,-32.12,0,273.01,-81.17,-152.52
52.37995,-1.516546,131.17,8.52,3,12.78,21 / 21,855728,2019-09-06 18:30:22:410,-0.7548,1.2938,10.0945,-0.0039,-0.0072,9.8066,-0.059,0.1404,-0.1006,-11.94,-32.37,-0.44,274.33,-81.31,-151.66
52.37995,-1.516546,131.17,8.52,3,12.78,21 / 21,855829,2019-09-06 18:30:22:511,0.2139,1.3573,9.8205,-0.0006,-0.014,9.8066,0.0702,0.0429,0.0672,-11.87,-32.44,-0.5,274.59,-81.36,-151.53
52.37995,-1.516546,131.17,8.52,3,12.78,21 / 21,855929,2019-09-06 18:30:22:611,0.1108,1.2944,9.545,-0.0104,-0.0097,9.8066,0.0294,-0.0244,0.0865,-11.81,-32.12,-0.56,269.73,-81.13,-151.01
52.37995,-1.516546,131.17,8.52,3,12.78,21 / 21,856028,2019-09-06 18:30:22:710,0.7487,-0.4994,9.6706,-0.0003,-0.0121,9.8066,-0.0432,0.0917,-0.1065,-11.75,-32.31,-0.62,269.76,-81.13,-150.98
52.37995,-1.516546,131.17,8.52,3,12.78,21 / 21,856129,2019-09-06 18:30:22:811,0.4723,1.0447,10.047,-0.048,-0.008,9.8064,0.0085,-0.0498,0.0551,-11.87,-32.81,-0.5,274.5,-81.4,-150.95
52.37995,-1.516546,131.17,8.52,3,12.78,21 / 21,856230,2019-09-06 18:30:22:912,0.0435,-0.2976,10.4953,-0.0156,-0.0059,9.8066,0.1366,0.0875,-0.0507,-11.69,-32.81,-1,269.66,-81.39,-151.05
52.37995,-1.516546,131.17,8.52,3,12.78,21 / 21,856329,2019-09-06 18:30:23:011,0.4558,-0.6814,11.2548,-0.0124,0.0109,9.8066,0.1211,-0.0568,-0.011,-11.12,-32.56,-0.19,270.92,-81.46,-152.3
52.37995,-1.516546,131.17,8.52,3,12.78,19 / 19,856428,2019-09-06 18:30:23:110,0.8376,3.1192,9.0646,0.0487,0.0526,9.8063,-0.083,0.067,-0.1041,-11.19,-32.94,0,265.98,-81.18,-156.4
52.37995,-1.516546,131.17,8.52,3,12.78,19 / 19,856529,2019-09-06 18:30:23:211,2.065,-0.001,10.245,0.0297,0.0326,9.8065,-0.0539,-0.0828,0.0639,-11.56,-32.62,-0.12,267.37,-81.2,-157.48
52.37995,-1.516546,131.17,8.52,3,12.78,19 / 19,856628,2019-09-06 18:30:23:310,1.4212,0.1698,9.3171,-0.0291,0.0064,9.8065,-0.111,0.0351,-0.1411,-10.94,-33.19,-0.75,261.12,-81.65,-158.11
52.37995,-1.516546,131.17,8.52,3,12.78,19 / 19,856729,2019-09-06 18:30:23:411,0.4364,0.2337,10.087,0.0007,0.0074,9.8066,0.0404,-0.1205,0.075,-11.19,-33.06,-1,262.24,-82.03,-158.15
52.37995,-1.516546,131.17,8.52,3,12.78,19 / 19,856828,2019-09-06 18:30:23:510,-0.1143,0.7702,9.4551,0.0055,0.0185,9.8066,-0.1989,-0.0622,0.0038,-11.56,-33,-1.12,266.77,-82.34,-156.91
52.37995,-1.516546,131.17,8.52,3,12.78,19 / 19,856928,2019-09-06 18:30:23:610,0.2778,1.482,9.4596,0.032,0.0313,9.8064,-0.02,-0.0099,0.0043,-11,-32.62,-1.44,262.31,-82.22,-158.71
52.37995,-1.516546,131.17,8.52,3,12.78,19 / 19,857028,2019-09-06 18:30:23:710,0.6225,-0.8813,11.3961,0.0261,-0.018,9.8065,0.0964,0.0248,0.0162,-11.44,-32.62,-1.12,261.84,-81.88,-158.09
52.37995,-1.516546,131.17,8.52,3,12.78,19 / 19,857129,2019-09-06 18:30:23:811,2.8679,0.3649,11.1497,-0.0154,-0.0174,9.8066,0.1521,-0.0222,-0.0091,-11.5,-33.25,-1.06,261.27,-81.77,-158.34
52.37995,-1.516546,131.17,8.52,3,12.78,19 / 19,857229,2019-09-06 18:30:23:911,1.906,-1.1821,10.4648,0.0061,0.0167,9.8065,0.0754,-0.1843,0.0932,-11.06,-32.62,-0.62,259.75,-81.67,-159.66
52.37995,-1.516546,131.17,8.52,3,12.78,19 / 19,857330,2019-09-06 18:30:24:012,0.587,0.5352,9.886,-0.0342,-0.0073,9.8066,-0.0985,-0.0368,-0.0404,-11.87,-32.81,-1.44,262.58,-81.68,-159.31
52.38058,-1.516288,131.42,10.89,2,355.1,20 / 20,857428,2019-09-06 18:30:24:110,0.6194,0.5849,9.4327,0,-0.0072,9.8066,0.0793,-0.0227,-0.0275,-11.19,-33.06,-0.87,260,-81.78,-159.76
52.38058,-1.516288,131.42,10.89,2,355.1,20 / 20,857529,2019-09-06 18:30:24:211,0.4987,2.0383,9.2474,-0.0244,-0.0033,9.8066,-0.0609,0.0361,-0.017,-11.69,-33.62,-0.62,262.53,-81.93,-159.4
52.38058,-1.516288,131.42,10.89,2,355.1,20 / 20,857628,2019-09-06 18:30:24:310,1.0906,-0.2426,10.1144,0.0108,-0.0062,9.8066,-0.0185,-0.1196,0.0752,-12,-33.19,-1,263.25,-81.87,-159.19
52.38058,-1.516288,131.42,10.89,2,355.1,20 / 20,857728,2019-09-06 18:30:24:410,-0.3506,1.2739,9.9188,0.0283,0.0004,9.8066,0.0131,-0.0044,0.0494,-11.94,-33.56,-0.56,262.23,-81.66,-158.88
52.38058,-1.516288,131.42,10.89,2,355.1,20 / 20,857829,2019-09-06 18:30:24:511,1.4455,-0.2235,9.7614,-0.0077,0.0009,9.8066,0.0223,0.091,-0.0315,-11.81,-33.75,-0.25,267.12,-81.51,-157.93
52.38058,-1.516288,131.42,10.89,2,355.1,20 / 20,857929,2019-09-06 18:30:24:611,0.3267,1.6991,10.4598,0.0057,-0.0039,9.8066,-0.0195,-0.0979,0.0967,-11.75,-33,0.06,267.91,-81.41,-157.6
52.38058,-1.516288,131.42,10.89,2,355.1,20 / 20,858029,2019-09-06 18:30:24:711,0.8984,0.1079,10.057,0.0789,0.0185,9.8063,-0.0051,-0.0397,0.1145,-11.62,-32.94,0,266.87,-81.26,-158.19
52.38058,-1.516288,131.42,10.89,2,355.1,20 / 20,858129,2019-09-06 18:30:24:811,0.9182,0.6903,11.2145,0.0511,0.0271,9.8064,-0.0095,0.0477,-0.0846,-11.75,-33.06,0.13,266.8,-81.22,-158.14
52.38058,-1.516288,131.42,10.89,2,355.1,20 / 20,858229,2019-09-06 18:30:24:911,-2.2154,0.8844,10.5322,-0.0176,-0.0015,9.8066,-0.1163,0.0544,-0.089,-11.25,-33.75,0.31,262.44,-81.4,-160.06
52.38058,-1.516288,131.42,10.89,2,355.1,20 / 20,858329,2019-09-06 18:30:25:011,1.1857,-1.0433,11.2528,-0.0868,-0.0585,9.806,0.0324,-0.0155,0.1153,-11.94,-32.69,0.06,267.39,-81.45,-158.24
52.38058,-1.516288,131.42,10.89,2,355.1,18 / 20,858429,2019-09-06 18:30:25:111,0.9587,3.0285,9.3932,-0.0069,0.003,9.8066,0.0554,-0.0149,0.1066,-12.31,-33.19,-0.25,266.81,-81.45,-158.83
52.38058,-1.516288,131.42,10.89,2,355.1,18 / 20,858528,2019-09-06 18:30:25:210,1.9564,2.775,10.06,-0.0376,0.0007,9.8065,0.2876,0.189,-0.0316,-11.31,-32.62,-0.31,265.39,-81.63,-158.55
52.38058,-1.516288,131.42,10.89,2,355.1,18 / 20,858629,2019-09-06 18:30:25:311,2.4618,0.7128,10.0749,0.012,0.02,9.8065,0.1269,-0.034,-0.0329,-11.06,-32.31,-0.37,265.59,-81.53,-158.87
52.38058,-1.516288,131.42,10.89,2,355.1,18 / 20,858729,2019-09-06 18:30:25:411,0.6874,1.4654,9.5754,0.0369,0.0104,9.8065,-0.2093,-0.0021,-0.0025,-11.81,-32.5,0.06,265.5,-81.15,-160.11
52.38058,-1.516288,131.42,10.89,2,355.1,18 / 20,858829,2019-09-06 18:30:25:511,1.0724,0.9735,9.904,-0.0226,-0.0115,9.8066,-0.2662,0.0571,-0.0637,-10.94,-32.87,-0.44,263.14,-81.34,-159.96
52.38058,-1.516288,131.42,10.89,2,355.1,18 / 20,858928,2019-09-06 18:30:25:610,-0.6532,0.7223,10.156,-0.0317,-0.0061,9.8065,0.0247,0.0013,-0.0027,-11.62,-32.94,-0.81,261.34,-81.47,-160.01
52.38058,-1.516288,131.42,10.89,2,355.1,18 / 20,859029,2019-09-06 18:30:25:711,1.3582,0.0561,9.443,0.0112,0.0039,9.8066,0.1361,-0.0396,0.012,-11.56,-33,-0.56,261.35,-81.5,-160.11
52.38058,-1.516288,131.42,10.89,2,355.1,18 / 20,859128,2019-09-06 18:30:25:810,0.2154,-1.3124,9.821,0.0134,0.0042,9.8066,0.0539,0.0848,0.0308,-11.31,-33.12,-0.5,263.6,-81.54,-160.14
52.38058,-1.516288,131.42,10.89,2,355.1,18 / 20,859229,2019-09-06 18:30:25:911,0.7771,1.036,10.5294,0.0098,0.0145,9.8066,-0.0144,-0.0303,-0.019,-11.31,-32.44,-0.12,264.3,-81.27,-159.37
52.38058,-1.516288,131.42,10.89,2,355.1,18 / 20,859329,2019-09-06 18:30:26:011,1.3586,-1.115,10.734,-0.01,0.0078,9.8065,0.0274,0.0601,-0.1566,-11.31,-32.69,0.06,262.17,-81.36,-161.08
52.38058,-1.516288,131.42,10.89,2,355.1,20 / 20,859429,2019-09-06 18:30:26:111,1.2159,-0.3121,10.3324,0.0444,0.0208,9.8065,0.1419,-0.1268,0.1167,-10.87,-32.81,-0.12,260.83,-80.94,-161.12
52.38058,-1.516288,131.42,10.89,2,355.1,20 / 20,859529,2019-09-06 18:30:26:211,1.1612,0.5647,9.3827,0.019,0.0082,9.8066,-0.0522,0.0547,0.0339,-10.75,-32.37,-0.62,257.06,-80.99,-161.31
52.38058,-1.516288,131.42,10.89,2,355.1,20 / 20,859628,2019-09-06 18:30:26:310,2.2912,0.1487,9.198,0.0044,0.0067,9.8066,0.0612,-0.0557,0.1067,-11.75,-32.75,-0.25,263.77,-81.02,-160.7
52.38058,-1.516288,131.42,10.89,2,355.1,20 / 20,859729,2019-09-06 18:30:26:411,-1.6887,0.4337,10.8655,0.0112,0.0049,9.8066,-0.0677,-0.0173,-0.0776,-11.94,-32.69,-1,260.11,-81.21,-160.59
52.38058,-1.516288,131.42,10.89,2,355.1,20 / 20,859829,2019-09-06 18:30:26:511,0.7481,-0.8334,10.1273,0.0166,0.0009,9.8065,0.185,0.0235,0.078,-11.75,-31.75,-0.19,265.5,-80.97,-159.58
52.38058,-1.516288,131.42,10.89,2,355.1,20 / 20,859928,2019-09-06 18:30:26:610,0.6217,1.1876,10.3096,-0.0028,-0.0083,9.8066,-0.0221,-0.0138,0.0499,-11.81,-32.31,-0.12,265.87,-80.92,-159.04
52.38058,-1.516288,131.42,10.89,2,355.1,20 / 20,860029,2019-09-06 18:30:26:711,0.9994,0.2176,10.7412,0.0154,0.0084,9.8066,0.0119,-0.0952,-0.0597,-11.25,-32.31,-0.31,264.01,-81.08,-159.07
52.38058,-1.516288,131.42,10.89,2,355.1,20 / 20,860128,2019-09-06 18:30:26:810,0.2399,0.6756,10.2853,-0.0059,0.0004,9.8066,0.0353,0.137,-0.0661,-11.37,-32.19,-0.12,263.94,-81.13,-159.31
52.38058,-1.516288,131.42,10.89,2,355.1,20 / 20,860228,2019-09-06 18:30:26:910,0.6759,0.0181,10.0138,0.014,0.0141,9.8066,0.0231,0.0299,0.1728,-11.12,-32.69,-0.25,262.11,-80.92,-159.64
52.38058,-1.516288,131.42,10.89,2,355.1,20 / 20,860329,2019-09-06 18:30:27:011,1.4648,-0.7515,10.5372,0.006,0.0187,9.8066,0.0167,0.0615,-0.1182,-11.81,-32.5,-0.75,259.92,-80.86,-160.56
52.38058,-1.516288,131.42,10.89,2,355.1,20 / 20,860429,2019-09-06 18:30:27:111,-0.1654,0.0021,9.9223,0.001,0.0051,9.8065,0.0534,-0.0746,-0.0393,-11.75,-32.37,-0.5,263.89,-81.06,-161.53
52.38058,-1.516288,131.42,10.89,2,355.1,20 / 20,860529,2019-09-06 18:30:27:211,-1.1266,-0.4875,10.0191,-0.0012,0.0101,9.8066,0.0294,-0.0759,-0.024,-11.31,-32.19,-0.69,257.24,-81.28,-162.05
52.38058,-1.516288,131.42,10.89,2,355.1,20 / 20,860628,2019-09-06 18:30:27:310,0.3196,1.1009,9.4617,-0.006,-0.004,9.8066,0.0041,0.125,-0.0852,-11.5,-32.81,-0.69,255.71,-81.29,-162.95
52.38058,-1.516288,131.42,10.89,2,355.1,20 / 20,860729,2019-09-06 18:30:27:411,1.0942,-0.9294,9.6379,-0.0045,0.0047,9.8066,0.0804,-0.0157,0.1131,-11.75,-32.87,0.13,261.04,-81.22,-164.26
52.38058,-1.516288,131.42,10.89,2,355.1,20 / 20,860828,2019-09-06 18:30:27:510,0.1776,0.1154,9.042,-0.0144,-0.0208,9.8065,0.0304,-0.0438,-0.0102,-11.62,-32.81,-0.56,257.52,-81.18,-163.36
52.38058,-1.516288,131.42,10.89,2,355.1,20 / 20,860929,2019-09-06 18:30:27:611,-0.6788,0.2293,10.5327,-0.046,-0.013,9.8064,-0.036,-0.033,0.0579,-10.87,-32.37,-0.25,261.07,-81.34,-163.08
52.38058,-1.516288,131.42,10.89,2,355.1,20 / 20,861028,2019-09-06 18:30:27:710,0.0345,0.3017,9.6818,0.0324,0.0134,9.8065,-0.0532,0.0203,-0.0554,-11.19,-32.37,-0.31,261.42,-81.38,-162.82
52.38058,-1.516288,131.42,10.89,2,355.1,20 / 20,861128,2019-09-06 18:30:27:810,0.885,-0.5681,9.861,0.0084,0.0222,9.8065,0.0918,-0.0763,0.0953,-11.62,-32.75,-1.25,256.9,-81.15,-163.94
52.38058,-1.516288,131.42,10.89,2,355.1,20 / 20,861228,2019-09-06 18:30:27:910,-0.1222,-1.05,10.4863,-0.0038,-0.0072,9.8066,-0.0185,-0.0745,-0.0182,-11.25,-33.12,-1,254.2,-80.98,-163.68
52.38058,-1.516288,131.42,10.89,2,355.1,20 / 20,861328,2019-09-06 18:30:28:010,-0.5383,0.0435,10.2031,-0.0127,0.0081,9.8066,-0.0096,-0.024,-0.0464,-11.31,-33.06,-0.56,253.44,-80.95,-164.45
52.38058,-1.516288,131.42,10.89,2,355.1,20 / 21,861429,2019-09-06 18:30:28:111,0.1243,-0.4097,10.0087,0.0241,0.0218,9.8066,-0.0392,-0.027,0.0746,-11.62,-32.69,-0.31,259.4,-80.86,-164.98
52.38058,-1.516288,131.42,10.89,2,355.1,20 / 21,861529,2019-09-06 18:30:28:211,-0.2508,0.9379,10.0466,0.0405,0.0022,9.8065,-0.0683,0.0431,-0.0584,-11.75,-33.69,-0.25,257.65,-80.57,-165.16
52.38058,-1.516288,131.42,10.89,2,355.1,20 / 21,861629,2019-09-06 18:30:28:311,-0.2331,-1.475,9.4642,-0.0133,-0.0088,9.8066,-0.1576,-0.0518,0.0155,-11.62,-33.06,-0.75,254.89,-80.67,-164.78
52.38058,-1.516288,131.42,10.89,2,355.1,20 / 21,861728,2019-09-06 18:30:28:410,-0.3018,-0.3287,9.1604,0.0027,0.0135,9.8066,-0.1673,-0.0091,0.0279,-11.56,-33.06,-0.81,254.47,-80.72,-165.43
52.38058,-1.516288,131.42,10.89,2,355.1,20 / 21,861829,2019-09-06 18:30:28:511,0.5114,-0.737,9.084,-0.0219,-0.0157,9.8066,0.084,-0.0178,-0.0572,-11.37,-32.87,-0.31,256.71,-80.75,-165.1
52.38058,-1.516288,131.42,10.89,2,355.1,20 / 21,861928,2019-09-06 18:30:28:610,-0.1569,-0.8133,9.1271,-0.0555,-0.0234,9.8064,0.0948,-0.0345,-0.003,-12,-32.94,-0.19,258.83,-80.84,-165.55
52.38058,-1.516288,131.42,10.89,2,355.1,20 / 21,862029,2019-09-06 18:30:28:711,-0.2147,-0.8587,10.274,0.0294,0.0114,9.8066,-0.1334,0.0105,-0.0061,-11.5,-32.94,-0.62,252.23,-80.86,-165.57
52.38058,-1.516288,131.42,10.89,2,355.1,20 / 21,862129,2019-09-06 18:30:28:811,0.1433,0.0845,10.0324,0.0093,0.0059,9.8066,0.0399,0.0148,0.0571,-11.81,-32.75,-0.12,258.79,-80.81,-165.5
52.38058,-1.516288,131.42,10.89,2,355.1,20 / 21,862228,2019-09-06 18:30:28:910,-0.4728,-0.0328,9.8164,0.0115,-0.0009,9.8066,-0.035,-0.0918,0.0493,-12.31,-32.75,-1,254.72,-80.63,-164.89
52.38058,-1.516288,131.42,10.89,2,355.1,20 / 21,862328,2019-09-06 18:30:29:010,-0.1302,-1.0066,10.8033,0.0237,0.0099,9.8066,0.0324,0.052,-0.0596,-12.37,-32.62,-0.87,254.18,-80.39,-164.8
52.38058,-1.516288,131.42,10.89,2,355.1,20 / 21,862428,2019-09-06 18:30:29:110,-0.1964,-0.1354,10.2102,-0.0044,-0.0017,9.8066,-0.0211,-0.0111,-0.0481,-12.31,-33.12,-0.19,257.34,-80.22,-165.3
52.38058,-1.516288,131.42,10.89,2,355.1,20 / 21,862528,2019-09-06 18:30:29:210,1.2179,-0.9256,9.5689,-0.0305,-0.007,9.8065,-0.0238,-0.0082,-0.0508,-12.31,-33.44,-0.37,256.88,-80.18,-165.73
52.38058,-1.516288,131.42,10.89,2,355.1,20 / 21,862629,2019-09-06 18:30:29:311,-0.9554,0.7529,9.9431,-0.0064,0.0042,9.8066,0.021,0.0572,-0.0609,-12.06,-32.69,-0.44,257.52,-80.47,-165.88
52.38058,-1.516288,131.42,10.89,2,355.1,20 / 21,862728,2019-09-06 18:30:29:410,-0.0606,-0.4547,9.7915,-0.0218,-0.0007,9.8066,-0.0538,0.0429,-0.0396,-11.81,-33.19,-0.19,257.84,-80.68,-166.17
52.38058,-1.516288,131.42,10.89,2,355.1,20 / 21,862829,2019-09-06 18:30:29:511,0.1847,0.6522,9.7018,0.0274,0.0272,9.8065,-0.0053,-0.0047,0.034,-12.56,-33.31,-0.62,254.24,-80.32,-167.07
52.38058,-1.516288,131.42,10.89,2,355.1,20 / 21,862929,2019-09-06 18:30:29:611,-1.0307,-0.5555,10.0958,0.0446,0.0185,9.8065,-0.056,-0.0666,0.0082,-12.06,-33.37,-0.37,255.33,-80.11,-167.26
52.38058,-1.516288,131.42,10.89,2,355.1,20 / 21,863028,2019-09-06 18:30:29:710,-0.285,-1.4131,9.4323,-0.0239,-0.0253,9.8065,-0.0825,-0.1257,0.068,-12.06,-33.31,-1.06,252.51,-80.34,-166.59
52.38058,-1.516288,131.42,10.89,2,355.1,20 / 21,863128,2019-09-06 18:30:29:810,-0.5154,-0.4162,9.3963,-0.0421,-0.0194,9.8065,0.081,-0.0624,-0.0114,-12.12,-32.81,-1.19,252.55,-80.5,-167.02
52.38058,-1.516288,131.42,10.89,2,355.1,20 / 21,863229,2019-09-06 18:30:29:911,0.3039,0.5929,11.5958,0.0275,0.0194,9.8065,0.1774,-0.0278,-0.0404,-12,-33.87,0,255.99,-80.5,-166.82
52.38058,-1.516288,131.42,10.89,2,355.1,20 / 21,863328,2019-09-06 18:30:30:010,1.0346,0.7179,9.9763,-0.0026,-0.012,9.8066,0.0133,-0.1117,0.1388,-11.81,-33.94,0.94,259.25,-80.22,-167.13
52.38058,-1.516288,131.42,10.89,2,355.1,20 / 21,863428,2019-09-06 18:30:30:110,0.1966,2.081,9.1628,0.0429,0.0258,9.8064,-0.0065,0.1523,-0.1093,-11.56,-32.75,0.06,254.15,-79.76,-167.59
52.38058,-1.516288,131.42,10.89,2,355.1,20 / 21,863528,2019-09-06 18:30:30:210,-1.3074,-0.2659,9.014,0.0451,0.0271,9.8064,-0.2025,0.0777,-0.0841,-11.87,-33.06,-1,251.73,-80.04,-166.6
52.38058,-1.516288,131.42,10.89,2,355.1,20 / 21,863629,2019-09-06 18:30:30:311,0.0437,-2.7196,9.3454,-0.0355,-0.0242,9.8065,-0.1566,-0.1689,0.1351,-12,-32.75,-1,253.08,-80.33,-165.9
52.38058,-1.516288,131.42,10.89,2,355.1,20 / 21,863729,2019-09-06 18:30:30:411,0.6991,1.0048,10.0297,-0.0234,-0.0081,9.8066,0.1332,0.0181,-0.0433,-12.19,-33.44,0,257.24,-80.55,-166.44
52.38058,-1.516288,131.42,10.89,2,355.1,20 / 21,863829,2019-09-06 18:30:30:511,0.7636,1.2497,10.4269,-0.0044,0.0049,9.8066,0.0286,-0.0371,-0.0022,-12.12,-32.69,-0.75,252.1,-80.4,-167.24
52.38058,-1.516288,131.42,10.89,2,355.1,20 / 21,863929,2019-09-06 18:30:30:611,-0.443,0.0811,11.0166,0.0277,0.0226,9.8065,-0.0056,-0.0977,-0.0431,-12.44,-32.69,-0.06,255.27,-80.2,-167.63
52.38058,-1.516288,131.42,10.89,2,355.1,20 / 21,864029,2019-09-06 18:30:30:711,-0.4078,-1.4868,9.8434,0.0206,0.0279,9.8065,0.0708,-0.1078,0.0318,-11.94,-33.37,-0.31,253.72,-79.96,-168.7
52.38058,-1.516288,131.42,10.89,2,355.1,20 / 21,864128,2019-09-06 18:30:30:810,0.4677,-0.126,8.9655,-0.0392,-0.0291,9.8065,-0.0831,0.0079,-0.0648,-11.5,-33,-0.75,247.78,-80.13,-168.62
52.38058,-1.516288,131.42,10.89,2,355.1,20 / 21,864229,2019-09-06 18:30:30:911,0.0915,-0.3256,9.482,-0.0252,-0.0148,9.8066,-0.0599,-0.0286,-0.0183,-12.12,-32.94,-0.69,250.7,-80.36,-168.78
52.38058,-1.516288,131.42,10.89,2,355.1,20 / 21,864329,2019-09-06 18:30:31:011,-0.1148,-0.5775,9.7692,0.0084,0.0019,9.8066,-0.0155,-0.0529,-0.0301,-12.81,-32.62,-1.12,253.5,-80.57,-168.59
52.38058,-1.516288,131.42,10.89,2,355.1,19 / 19,864428,2019-09-06 18:30:31:110,-0.4779,-0.5641,10.0196,0.0202,0.016,9.8066,-0.0058,-0.0505,0.0156,-12.31,-32.56,-0.5,254.63,-80.41,-168.98
52.38058,-1.516288,131.42,10.89,2,355.1,19 / 19,864529,2019-09-06 18:30:31:211,0.6288,-0.4307,10.8306,0.0139,0.0124,9.8065,0.0334,-0.1162,-0.0144,-11.94,-32.5,-0.25,254.05,-80.09,-169.59
52.38058,-1.516288,131.42,10.89,2,355.1,19 / 19,864628,2019-09-06 18:30:31:310,-0.2377,-1.2291,10.5503,0.0124,-0.0119,9.8066,0.1895,-0.083,0.0428,-12.5,-32.75,-0.19,252.3,-79.73,-169.68
52.38058,-1.516288,131.42,10.89,2,355.1,19 / 19,864729,2019-09-06 18:30:31:411,1.4508,0.1599,9.9444,-0.0062,-0.0042,9.8066,0.0157,0.0421,-0.0112,-13,-33.19,-0.06,254.47,-79.74,-169.52
52.38058,-1.516288,131.42,10.89,2,355.1,19 / 19,864828,2019-09-06 18:30:31:510,-1.3239,-0.0596,9.1647,-0.02,0.0017,9.8065,-0.1192,0.0334,-0.1131,-12.44,-33.44,-0.12,253.25,-79.95,-169.22
52.38058,-1.516288,131.42,10.89,2,355.1,19 / 19,864929,2019-09-06 18:30:31:611,0.1356,-0.9432,9.694,0.0199,0.0141,9.8065,-0.016,-0.1042,0.0416,-12.25,-32.75,-0.44,252.64,-80.01,-170.13
52.38058,-1.516288,131.42,10.89,2,355.1,19 / 19,865029,2019-09-06 18:30:31:711,-0.6256,-0.6751,9.9439,0.0161,0.0002,9.8065,0.0854,-0.0851,0.0306,-12.62,-32.94,-0.25,254.46,-79.92,-170.04
52.38058,-1.516288,131.42,10.89,2,355.1,19 / 19,865129,2019-09-06 18:30:31:811,0.2564,-0.0073,9.1698,-0.0407,-0.0363,9.8064,-0.1879,-0.0383,0.04,-12.62,-33.19,0,252.74,-79.49,-170.87
52.38058,-1.516288,131.42,10.89,2,355.1,19 / 19,865228,2019-09-06 18:30:31:910,-0.0715,0.4593,10.8999,-0.0524,-0.042,9.8063,0.197,0.031,-0.0069,-12.56,-33.31,0.44,254.29,-79.62,-169.42
52.38058,-1.516288,131.42,10.89,2,355.1,19 / 19,865329,2019-09-06 18:30:32:011,-0.0674,-0.1744,10.0523,-0.0055,-0.0188,9.8065,0.2396,0.0326,0.0689,-13.44,-32.69,-0.31,256.47,-79.84,-167.51
52.38058,-1.516288,131.42,10.89,2,355.1,19 / 20,865429,2019-09-06 18:30:32:111,1.3862,-0.5719,10.4914,-0.0676,-0.0285,9.8063,0.0187,0.048,-0.1032,-13.25,-32.94,-0.94,253.67,-80.18,-167.33
52.38058,-1.516288,131.42,10.89,2,355.1,19 / 20,865529,2019-09-06 18:30:32:211,-1.3865,0.0507,9.1052,0.0691,0.0233,9.8063,0.0017,-0.0364,0.0537,-13,-32.87,0,256.83,-79.98,-167.51
52.38058,-1.516288,131.42,10.89,2,355.1,19 / 20,865629,2019-09-06 18:30:32:311,0.4889,-1.7334,9.6308,0.0585,0.0207,9.8064,-0.0745,-0.0892,0.0576,-13.5,-33.62,0.44,254.43,-79.4,-167.73
52.38058,-1.516288,131.42,10.89,2,355.1,19 / 20,865728,2019-09-06 18:30:32:410,-2.1463,-0.8325,10.632,-0.0438,-0.0342,9.8064,-0.2604,0.0461,-0.0163,-13.06,-33.31,-0.06,256.45,-79.58,-166.79
52.38058,-1.516288,131.42,10.89,2,355.1,19 / 20,865828,2019-09-06 18:30:32:510,-4.0549,-1.7233,10.6808,-0.0402,-0.012,9.8065,0.3196,0.011,-0.0518,-13.62,-33.31,0.44,258.42,-79.58,-166.66
52.38058,-1.516288,131.42,10.89,2,355.1,19 / 20,865929,2019-09-06 18:30:32:611,2.4494,-0.8474,9.6989,0.1577,0.0738,9.805,-0.5937,0.0643,-0.0118,-13.06,-33.44,0.69,258.24,-79.01,-167.64
52.38058,-1.516288,131.42,10.89,2,355.1,19 / 20,866028,2019-09-06 18:30:32:710,2.2499,1.916,6.9755,0.0643,0.0342,9.8063,-0.4676,-0.1319,0.017,-13.06,-33.37,0.19,255.09,-79.28,-167.53
52.38058,-1.516288,131.42,10.89,2,355.1,19 / 20,866128,2019-09-06 18:30:32:810,-0.1299,-1.9165,9.8071,0.0338,0.0119,9.8065,-0.1538,-0.0774,-0.0569,-13,-33.06,-0.31,255.57,-79.66,-168.04
52.38058,-1.516288,131.42,10.89,2,355.1,19 / 20,866228,2019-09-06 18:30:32:910,-0.9817,-0.828,9.7392,0.062,0.0367,9.8063,-0.0689,-0.0035,-0.0045,-13,-33.31,0,255.26,-79.62,-168.29
52.38058,-1.516288,131.42,10.89,2,355.1,19 / 20,866329,2019-09-06 18:30:33:011,-0.6654,0.7683,9.93,-0.0135,-0.0053,9.8066,0.1291,-0.001,0.0468,-13.19,-33.87,0.19,255.17,-79.76,-167.91
52.381676,-1.516394,133.66,14.74,3,0.61,19 / 20,866428,2019-09-06 18:30:33:110,-0.3774,-0.4875,9.8895,0.0149,-0.0052,9.8066,-0.0191,-0.0074,-0.01,-13.56,-33.37,0.06,257.49,-79.5,-167.49
52.381676,-1.516394,133.66,14.74,3,0.61,19 / 20,866529,2019-09-06 18:30:33:211,-0.1705,0.1363,9.9573,0.0094,0.0051,9.8066,0.0756,0.0066,-0.014,-13.37,-32.94,-0.19,255.54,-79.38,-167.27
52.381676,-1.516394,133.66,14.74,3,0.61,19 / 20,866629,2019-09-06 18:30:33:311,-0.1394,-1.4579,10.2745,-0.0131,-0.0026,9.8066,0.0539,0.0128,-0.045,-13.56,-32.87,0.19,257.3,-79.39,-167.42
52.381676,-1.516394,133.66,14.74,3,0.61,19 / 20,866728,2019-09-06 18:30:33:410,0.4747,0.875,9.164,-0.0178,0.013,9.8065,-0.0445,0.0148,-0.0351,-13.12,-33.44,0.31,254.36,-79.5,-169
52.381676,-1.516394,133.66,14.74,3,0.61,19 / 20,866830,2019-09-06 18:30:33:512,-0.1142,-0.8395,10.2442,-0.0158,-0.003,9.8066,0.0305,-0.0129,0.0239,-13.06,-33.12,0,254.14,-79.57,-169.44
52.381676,-1.516394,133.66,14.74,3,0.61,19 / 20,866929,2019-09-06 18:30:33:611,-0.6789,0.1374,10.0189,0.0135,0.0209,9.8065,0.0466,0.0343,-0.0352,-13.37,-33,0.31,253.45,-79.55,-170.2
52.381676,-1.516394,133.66,14.74,3,0.61,19 / 20,867029,2019-09-06 18:30:33:711,-0.1315,-0.2382,10.1124,0.0348,0.0058,9.8065,-0.0512,-0.0227,0.038,-13.44,-33.19,0.31,253.28,-79.39,-169.93
52.381676,-1.516394,133.66,14.74,3,0.61,19 / 20,867128,2019-09-06 18:30:33:810,-0.8813,-0.5723,9.783,0.0073,-0.0067,9.8066,-0.0288,-0.0254,0.0565,-13.44,-33.12,0.69,257.51,-79.39,-169.56
52.381676,-1.516394,133.66,14.74,3,0.61,19 / 20,867229,2019-09-06 18:30:33:911,0.5851,-1.127,10.1341,0.0087,-0.0052,9.8066,0.0486,-0.0161,0.0638,-13.12,-33.37,0.5,257.77,-79.31,-169.04
52.381676,-1.516394,133.66,14.74,3,0.61,19 / 20,867328,2019-09-06 18:30:34:010,-0.4356,-0.0931,9.3384,-0.0174,-0.0049,9.8066,0.0799,-0.085,0.0249,-13.25,-33.06,0.31,254.85,-79.24,-167.7
52.381676,-1.516394,133.66,14.74,3,0.61,21 / 21,867428,2019-09-06 18:30:34:110,-0.2269,-1.9278,9.9202,0.005,-0.0235,9.8066,-0.0494,-0.1808,0.1042,-13.5,-33.31,0.38,255.06,-79.09,-167.02
52.381676,-1.516394,133.66,14.74,3,0.61,21 / 21,867529,2019-09-06 18:30:34:211,-0.1948,0.118,9.0754,-0.0215,-0.0126,9.8065,-0.002,-0.0589,-0.0064,-14.12,-33.19,0.63,262.17,-79.25,-165.81
52.381676,-1.516394,133.66,14.74,3,0.61,21 / 21,867629,2019-09-06 18:30:34:311,-0.2588,-1.0821,9.2836,-0.0317,-0.0067,9.8065,-0.0321,0.0214,-0.0109,-14,-33.19,0.19,258.76,-79.4,-165.81
52.381676,-1.516394,133.66,14.74,3,0.61,21 / 21,867729,2019-09-06 18:30:34:411,0.2071,-0.702,10.2784,-0.01,0.0038,9.8066,0.0842,-0.0255,0.0314,-13.87,-33.5,0.56,262.69,-79.52,-165.96
52.381676,-1.516394,133.66,14.74,3,0.61,21 / 21,867829,2019-09-06 18:30:34:511,0.3348,0.2668,9.877,-0.0168,0.0011,9.8066,0.0595,-0.0058,-0.0509,-13.5,-33.19,-0.37,256.32,-79.58,-166.94
52.381676,-1.516394,133.66,14.74,3,0.61,21 / 21,867929,2019-09-06 18:30:34:611,0.6038,-0.4724,10.4013,0.0187,0.0054,9.8066,0.0396,-0.0266,0.0046,-13.31,-33,0.63,259.38,-79.31,-167.22
52.381676,-1.516394,133.66,14.74,3,0.61,21 / 21,868029,2019-09-06 18:30:34:711,-0.131,0.3192,9.8135,-0.0362,-0.0033,9.8066,-0.0394,-0.0138,-0.0313,-13.81,-33.75,-0.19,256.73,-79.52,-167.59
52.381676,-1.516394,133.66,14.74,3,0.61,21 / 21,868128,2019-09-06 18:30:34:810,-1.603,0.4056,9.4137,-0.0287,-0.0149,9.8065,-0.0391,0.0717,-0.0235,-14.5,-34.06,-0.37,257.03,-79.68,-167.67
52.381676,-1.516394,133.66,14.74,3,0.61,21 / 21,868229,2019-09-06 18:30:34:911,-0.3013,-0.9585,10.0939,-0.0295,-0.0189,9.8065,0.052,-0.0287,0.0085,-14.25,-33.56,0.19,257.72,-79.72,-167.02
52.381676,-1.516394,133.66,14.74,3,0.61,21 / 21,868329,2019-09-06 18:30:35:011,0.3725,-0.5414,10.7964,0.0682,0.0082,9.8063,0.1912,-0.0834,0.0409,-13.69,-33.44,0.63,262.87,-79.94,-166.87
52.381676,-1.516394,133.66,14.74,3,0.61,21 / 21,868429,2019-09-06 18:30:35:111,-1.2324,-0.3902,10.3804,0.0204,-0.0066,9.8065,-0.0857,-0.0594,0.0612,-14.31,-33.19,0.13,259.04,-79.54,-165.85
52.381676,-1.516394,133.66,14.74,3,0.61,21 / 21,868529,2019-09-06 18:30:35:211,0.0618,0.947,10.4567,0.0313,0.0273,9.8065,-0.0093,0.0739,-0.1345,-13.75,-32.62,0,257.73,-79.43,-167.04
52.381676,-1.516394,133.66,14.74,3,0.61,21 / 21,868628,2019-09-06 18:30:35:310,-1.1517,-0.8778,9.9906,0.0355,0.0256,9.8065,-0.0669,0.0421,-0.0315,-14.56,-33.5,0.25,258.87,-79.31,-167.3
52.381676,-1.516394,133.66,14.74,3,0.61,21 / 21,868729,2019-09-06 18:30:35:411,-0.1825,-0.7637,9.6218,-0.0353,-0.007,9.8065,-0.0702,-0.0437,0.0418,-13.5,-33,0.63,259.51,-79.53,-167.7
52.381676,-1.516394,133.66,14.74,3,0.61,21 / 21,868829,2019-09-06 18:30:35:511,-0.8214,-0.2403,10.9498,0.011,-0.0045,9.8066,0.0944,-0.0413,0.0317,-13.75,-33.44,0.44,256.79,-79.34,-167.85
52.381676,-1.516394,133.66,14.74,3,0.61,21 / 21,868929,2019-09-06 18:30:35:611,0.2375,0.0857,8.979,0.0078,-0.0075,9.8065,-0.0145,0.0076,-0.0037,-13.87,-32.94,0.5,260.49,-79.38,-168.01
52.381676,-1.516394,133.66,14.74,3,0.61,21 / 21,869029,2019-09-06 18:30:35:711,0.1357,-0.2778,9.9114,0.0071,-0.017,9.8066,-0.166,-0.0101,-0.0439,-14,-33.12,0.19,258.16,-79.31,-166.24
52.381676,-1.516394,133.66,14.74,3,0.61,21 / 21,869129,2019-09-06 18:30:35:811,1.0015,-1.4454,9.8338,0.0536,0.0105,9.8064,0.0738,-0.0664,0.0684,-14.5,-33.75,-0.31,257.89,-79.39,-165.93
52.381676,-1.516394,133.66,14.74,3,0.61,21 / 21,869229,2019-09-06 18:30:35:911,-1.3242,-1.179,10.351,0.1321,0.0387,9.8056,-0.4718,0.0323,-0.0357,-14.12,-33.25,0.19,258.3,-79.13,-165.62
52.381676,-1.516394,133.66,14.74,3,0.61,21 / 21,869329,2019-09-06 18:30:36:011,-2.0699,0.9817,9.095,0.0154,0.0238,9.8065,-0.2842,0.1101,-0.0531,-14.12,-32.44,0.19,258.71,-79.26,-166.35
52.381676,-1.516394,133.66,14.74,3,0.61,21 / 21,869429,2019-09-06 18:30:36:111,-1.0084,-0.2799,8.8575,0.0871,0.0549,9.806,-0.2848,-0.1141,-0.0443,-14.06,-33.25,0.31,256.4,-78.89,-167.15
52.381676,-1.516394,133.66,14.74,3,0.61,21 / 21,869528,2019-09-06 18:30:36:210,-1.4489,-0.5366,8.7558,-0.0927,-0.0462,9.806,-0.2973,-0.0156,-0.0523,-14.5,-33.12,0.44,256.96,-79.06,-166.95
52.381676,-1.516394,133.66,14.74,3,0.61,21 / 21,869629,2019-09-06 18:30:36:311,-0.1675,-0.3319,8.6359,-0.0238,-0.0086,9.8066,-0.0637,-0.0742,0.0799,-14.69,-32.56,0.5,264.08,-79.57,-166.13
52.381676,-1.516394,133.66,14.74,3,0.61,21 / 21,869729,2019-09-06 18:30:36:411,-0.9347,-1.0223,9.3222,-0.0277,-0.011,9.8066,-0.013,-0.0269,-0.036,-14.81,-32.69,0.19,261.83,-79.96,-165.62
52.381676,-1.516394,133.66,14.74,3,0.61,21 / 21,869829,2019-09-06 18:30:36:511,0.2093,0.5928,9.9001,-0.0145,-0.0071,9.8065,0.1014,0.0643,0.0045,-14.56,-32.69,-0.12,261.95,-80.02,-165.64
52.381676,-1.516394,133.66,14.74,3,0.61,21 / 21,869929,2019-09-06 18:30:36:611,0.0503,-0.5982,10.36,0.0169,0.0106,9.8066,0.0727,0.0366,0.008,-14.19,-32.69,-0.62,255.97,-79.89,-166.18
52.381676,-1.516394,133.66,14.74,3,0.61,21 / 21,870029,2019-09-06 18:30:36:711,-0.9066,0.1301,10.3375,0.0214,0.0024,9.8066,0.0554,-0.028,0.0103,-14.37,-32.44,0.56,263.85,-79.71,-166.03
52.381676,-1.516394,133.66,14.74,3,0.61,21 / 21,870128,2019-09-06 18:30:36:810,0.617,-1.8653,9.5585,0.0009,-0.0093,9.8066,0.091,-0.1018,0.0728,-15,-32.56,0.25,260.84,-79.57,-165.76
52.381676,-1.516394,133.66,14.74,3,0.61,21 / 21,870229,2019-09-06 18:30:36:911,1.1506,-0.5886,10.3947,-0.0392,-0.0185,9.8065,-0.097,0.0414,-0.0311,-14.56,-32.62,0.06,261.36,-79.76,-165.64
52.381676,-1.516394,133.66,14.74,3,0.61,21 / 21,870329,2019-09-06 18:30:37:011,-0.7855,-1.5719,11.0354,0.0324,0.026,9.8066,0.0314,-0.1045,0.0204,-14.69,-31.94,-0.5,261.55,-79.6,-165.82
52.381676,-1.516394,133.66,14.74,3,0.61,21 / 21,870430,2019-09-06 18:30:37:112,-1.6139,-0.0996,9.3781,-0.0225,0.022,9.8065,0.0417,-0.0945,0.0784,-14.37,-32.69,0.56,262.54,-79.63,-166.44
52.381676,-1.516394,133.66,14.74,3,0.61,21 / 21,870529,2019-09-06 18:30:37:211,0.3755,-0.913,10.4262,0.0164,-0.0011,9.8066,-0.0425,0.0005,0.0296,-14.37,-32.19,0,258.51,-79.52,-167.21
52.381676,-1.516394,133.66,14.74,3,0.61,21 / 21,870628,2019-09-06 18:30:37:310,0.9003,0.8913,9.5939,0.0096,0.0091,9.8066,0.018,0.0789,-0.0642,-14.81,-32.37,0.63,263.65,-79.58,-167.37
52.381676,-1.516394,133.66,14.74,3,0.61,21 / 21,870728,2019-09-06 18:30:37:410,0.582,-0.7193,9.7676,0.0046,0.0003,9.8066,0.0543,-0.0454,-0.0188,-14.62,-32,0.19,260.3,-79.75,-167.51
52.381676,-1.516394,133.66,14.74,3,0.61,21 / 21,870828,2019-09-06 18:30:37:510,-0.6468,0.3879,9.4808,-0.011,0.006,9.8066,-0.1834,-0.0545,0.0279,-14.75,-32.56,0.06,259.07,-79.76,-168.16
52.381676,-1.516394,133.66,14.74,3,0.61,21 / 21,870929,2019-09-06 18:30:37:611,0.1622,-0.4863,10.4547,0.0229,0.0106,9.8065,0.2474,0.0233,0.0091,-14.12,-32.56,0.38,257,-79.64,-168.41
52.381676,-1.516394,133.66,14.74,3,0.61,21 / 21,871029,2019-09-06 18:30:37:711,-0.494,-0.4567,9.8789,-0.0328,-0.0254,9.8065,0.1287,-0.0156,0.0306,-14.25,-32.5,0.31,257.95,-79.56,-167.94
52.381676,-1.516394,133.66,14.74,3,0.61,21 / 21,871128,2019-09-06 18:30:37:810,-1.3455,-0.2375,10.605,-0.0316,-0.0259,9.8065,0.1426,0.0331,-0.0313,-14.25,-33,0.44,258.54,-79.72,-166.89
52.381676,-1.516394,133.66,14.74,3,0.61,21 / 21,871229,2019-09-06 18:30:37:911,0.295,-0.6958,10.4738,0.0304,0.0079,9.8065,0.0592,-0.0307,0.0014,-14.81,-33.06,0.69,262.83,-79.21,-166.6
52.381676,-1.516394,133.66,14.74,3,0.61,21 / 21,871328,2019-09-06 18:30:38:010,-0.356,0.6874,9.3635,-0.0046,0.007,9.8065,-0.1005,0.0468,-0.0835,-14.56,-33.56,0.94,261.71,-79.19,-166.97
52.381676,-1.516394,133.66,14.74,3,0.61,20 / 20,871429,2019-09-06 18:30:38:111,1.0801,0.0573,8.3996,-0.0054,-0.0117,9.8066,-0.1533,0.0316,-0.0389,-14.37,-32.81,0.44,257.85,-79.46,-166.99
52.381676,-1.516394,133.66,14.74,3,0.61,20 / 20,871529,2019-09-06 18:30:38:211,-0.4849,-0.1561,10.323,-0.0528,-0.0002,9.8064,-0.0577,-0.0737,0.0741,-14.37,-32.69,0,259.23,-79.97,-166.76
52.381676,-1.516394,133.66,14.74,3,0.61,20 / 20,871628,2019-09-06 18:30:38:310,-0.8649,-0.8438,9.3995,-0.0178,0.0004,9.8066,0.2328,0.0408,-0.0107,-14.44,-32.62,0.13,258.72,-80.04,-167.52
52.381676,-1.516394,133.66,14.74,3,0.61,20 / 20,871729,2019-09-06 18:30:38:411,0.4014,-1.3412,10.5277,-0.0088,-0.0158,9.8066,0.1755,-0.0871,0.0349,-14.31,-32.81,0.06,258.32,-79.89,-167.57
52.381676,-1.516394,133.66,14.74,3,0.61,20 / 20,871829,2019-09-06 18:30:38:511,1.5463,0.0586,9.8672,0.0612,0.0318,9.8063,-0.0585,-0.0631,0.0466,-14.5,-32.94,0.13,257.1,-79.55,-168.05
52.381676,-1.516394,133.66,14.74,3,0.61,20 / 20,871929,2019-09-06 18:30:38:611,-0.6137,0.9254,10.0994,0.0338,0.0047,9.8065,0.038,0.0366,-0.0191,-14.75,-33.06,0,259.78,-79.72,-167.28
52.381676,-1.516394,133.66,14.74,3,0.61,20 / 20,872029,2019-09-06 18:30:38:711,-2.1058,-0.5092,9.1409,0.0269,-0.0005,9.8065,-0.2243,0.0637,-0.0071,-14.25,-32.75,0.06,259.63,-79.81,-165.92
52.381676,-1.516394,133.66,14.74,3,0.61,20 / 20,872128,2019-09-06 18:30:38:810,-0.7546,-0.7043,8.9659,0.0388,0.0127,9.8065,-0.1278,-0.0512,0.1334,-14.87,-32.25,-0.31,262.14,-79.8,-165.65
52.381676,-1.516394,133.66,14.74,3,0.61,20 / 20,872229,2019-09-06 18:30:38:911,-0.5561,-1.2562,9.7265,-0.0533,-0.0126,9.8064,0.0937,-0.019,-0.0301,-15,-33.37,0,262.29,-79.82,-164.78
52.381676,-1.516394,133.66,14.74,3,0.61,20 / 20,872329,2019-09-06 18:30:39:011,-0.2718,-0.1676,10.2158,-0.0173,-0.0032,9.8066,-0.0238,0.0228,-0.0483,-14.75,-32.87,0,262.32,-80.02,-165.23
52.381676,-1.516394,133.66,14.74,3,0.61,20 / 20,872429,2019-09-06 18:30:39:111,-1.2289,-1.6267,9.3865,-0.0137,-0.0219,9.8066,0.1027,0.0193,-0.0003,-14.69,-33.31,0.06,262.29,-80.07,-165.38
52.381676,-1.516394,133.66,14.74,3,0.61,20 / 20,872529,2019-09-06 18:30:39:211,0.7834,-0.3541,10.5238,-0.0407,-0.0245,9.8065,-0.1437,0.0258,-0.0145,-15.31,-32.87,0.31,262.61,-80.04,-164.97
52.381676,-1.516394,133.66,14.74,3,0.61,20 / 20,872629,2019-09-06 18:30:39:311,0.9173,0.1864,10.566,0.0594,0.0325,9.8064,-0.0308,-0.0661,0.0835,-14.5,-32.56,0.38,261.79,-80.19,-164.55
52.381676,-1.516394,133.66,14.74,3,0.61,20 / 20,872729,2019-09-06 18:30:39:411,-1.2427,-0.6109,9.0443,0.0258,0.0091,9.8066,0.0896,-0.0465,-0.0372,-15.25,-32.44,0.19,262.94,-79.9,-165.01
52.381676,-1.516394,133.66,14.74,3,0.61,20 / 20,872828,2019-09-06 18:30:39:510,0.8954,-1.2639,10.2159,0.0048,0.0073,9.8066,0.0169,-0.1333,0.1582,-14.94,-32.37,0,262.41,-79.82,-165.41
52.381676,-1.516394,133.66,14.74,3,0.61,20 / 20,872928,2019-09-06 18:30:39:610,-1.0061,0.3134,10.2165,0.0408,-0.0071,9.8065,-0.0734,0.0636,-0.0834,-15,-31.94,0,262.67,-79.55,-164.48
52.381676,-1.516394,133.66,14.74,3,0.61,20 / 20,873028,2019-09-06 18:30:39:710,-0.9891,-0.7202,10.2591,-0.004,-0.0158,9.8066,0.0607,-0.0254,0.0128,-15.5,-32.25,0.25,263.44,-79.59,-163.75
52.381676,-1.516394,133.66,14.74,3,0.61,20 / 20,873128,2019-09-06 18:30:39:810,-0.521,0.3728,8.9278,-0.0005,-0.0259,9.8066,-0.0616,0.0526,0.0449,-15.37,-32.69,0.31,263.68,-79.53,-162.59
52.381676,-1.516394,133.66,14.74,3,0.61,20 / 20,873228,2019-09-06 18:30:39:910,-1.8259,-1.1763,10.1296,-0.0281,-0.0461,9.8065,-0.0381,0.0999,-0.0976,-15.44,-32.69,0.25,265.21,-79.44,-160.76
52.381676,-1.516394,133.66,14.74,3,0.61,20 / 20,873329,2019-09-06 18:30:40:011,0.2598,1.3293,11.6518,-0.0295,0.0078,9.8066,0.0962,-0.0703,0.0459,-15.5,-32.56,0.25,266.13,-79.6,-160.19
52.381676,-1.516394,133.66,14.74,3,0.61,20 / 20,873428,2019-09-06 18:30:40:110,0.3931,0.231,11.1281,0.0327,0.0358,9.8064,0.1437,-0.0606,-0.1077,-15.56,-32.94,1.06,268.01,-79.03,-162.1
52.381676,-1.516394,133.66,14.74,3,0.61,20 / 20,873529,2019-09-06 18:30:40:211,-0.1012,0.5091,9.7005,-0.0194,0.0024,9.8066,-0.0364,-0.0577,0.0689,-15.56,-33.25,0.75,266.97,-79.01,-163.12
52.381676,-1.516394,133.66,14.74,3,0.61,20 / 20,873629,2019-09-06 18:30:40:311,0.1295,-0.0541,9.3478,-0.0174,-0.008,9.8066,-0.1216,0.035,-0.0366,-15.25,-32.87,0.31,262.2,-79.22,-163.44
52.381676,-1.516394,133.66,14.74,3,0.61,20 / 20,873729,2019-09-06 18:30:40:411,-1.2768,0.4073,9.09,-0.0142,0.0039,9.8066,-0.1283,-0.0138,-0.0076,-15.62,-32.37,0.75,268.8,-79.52,-163.14
52.381676,-1.516394,133.66,14.74,3,0.61,20 / 20,873829,2019-09-06 18:30:40:511,-0.2443,-0.4003,9.2609,-0.0199,-0.0101,9.8066,0.1177,0.0249,0.0294,-15.81,-32.31,0.44,266.19,-79.7,-162.61
52.381676,-1.516394,133.66,14.74,3,0.61,20 / 20,873928,2019-09-06 18:30:40:610,-0.7987,-0.4704,9.5757,-0.0118,-0.0087,9.8066,0.046,-0.0619,0.0756,-15.81,-32.87,0.06,266.41,-79.85,-162.02
52.381676,-1.516394,133.66,14.74,3,0.61,20 / 20,874028,2019-09-06 18:30:40:710,-0.4938,0.4415,10.8528,0.0222,-0.0051,9.8066,0.0713,0.022,-0.008,-15.69,-33.12,0.25,266.5,-79.57,-161.3
52.381676,-1.516394,133.66,14.74,3,0.61,20 / 20,874128,2019-09-06 18:30:40:810,0.2672,-0.9248,10.7387,0.0006,-0.0012,9.8066,0.1098,-0.0691,0.1014,-15.75,-32.37,0.5,270.84,-79.5,-161.02
52.381676,-1.516394,133.66,14.74,3,0.61,20 / 20,874229,2019-09-06 18:30:40:911,-0.8799,-1.104,11.4853,-0.0064,-0.0104,9.8066,0.0904,0.0346,0.0971,-16.62,-32.25,0.94,273,-79.48,-159.92
52.381676,-1.516394,133.66,14.74,3,0.61,20 / 20,874329,2019-09-06 18:30:41:011,1.9586,-0.35,8.5615,-0.0047,-0.0057,9.8066,0.0524,0.0694,-0.0527,-16.31,-33,0.38,267.8,-79.49,-159.75
52.381676,-1.516394,133.66,14.74,3,0.61,20 / 20,874429,2019-09-06 18:30:41:111,-0.4478,1.1665,9.63,-0.0139,-0.0012,9.8066,-0.1583,-0.267,0.1438,-15.56,-33.25,0.38,267.25,-79.44,-160.2
52.381676,-1.516394,133.66,14.74,3,0.61,20 / 20,874529,2019-09-06 18:30:41:211,1.4983,-2.2301,10.489,-0.0446,-0.0075,9.8065,0.272,0.0201,-0.0642,-16.69,-32.81,0.13,269.58,-79.56,-159.48
52.381676,-1.516394,133.66,14.74,3,0.61,20 / 20,874628,2019-09-06 18:30:41:310,-1.3096,-1.0531,10.8945,-0.0534,-0.0332,9.8064,0.2867,-0.0504,-0.058,-16.06,-33,0,268.73,-79.98,-159.91
52.381676,-1.516394,133.66,14.74,3,0.61,20 / 20,874729,2019-09-06 18:30:41:411,-0.6088,1.5086,10.2618,-0.1067,-0.0542,9.8059,0.3299,0.0776,-0.1303,-16,-32.87,0.69,273.39,-80.18,-159.3
52.381676,-1.516394,133.66,14.74,3,0.61,20 / 20,874829,2019-09-06 18:30:41:511,0.4112,0.6885,9.2211,0.0572,0.0189,9.8064,0.0564,0.0343,0.0079,-15.69,-32.31,0,268.19,-79.78,-160.71
52.381676,-1.516394,133.66,14.74,3,0.61,20 / 20,874928,2019-09-06 18:30:41:610,-1.8486,-0.7708,10.5043,0.0363,0.0139,9.8065,-0.0036,-0.0198,-0.0202,-16.06,-32.94,-0.5,267.96,-79.81,-160.31
52.381676,-1.516394,133.66,14.74,3,0.61,20 / 20,875028,2019-09-06 18:30:41:710,-1.2437,-1.1118,9.4639,-0.0151,-0.0154,9.8066,0.032,-0.0116,0.0548,-16.06,-32.94,0.31,268.75,-80.03,-160.02
52.381676,-1.516394,133.66,14.74,3,0.61,20 / 20,875128,2019-09-06 18:30:41:810,-0.8957,-0.9796,10.7304,-0.0415,-0.0228,9.8065,-0.0354,-0.1131,0.1059,-15.62,-32.81,0.56,273.84,-80.17,-158.82
52.381676,-1.516394,133.66,14.74,3,0.61,20 / 20,875228,2019-09-06 18:30:41:910,2.0254,0.5236,9.5478,0.0296,-0.0138,9.8065,0.2206,-0.0534,0.1315,-16.31,-31.81,0.31,271.88,-79.95,-157.35
52.381676,-1.516394,133.66,14.74,3,0.61,20 / 20,875329,2019-09-06 18:30:42:011,0.2238,-2.1498,13.6421,0.0043,-0.0392,9.8065,0.161,-0.0226,0.0197,-16.81,-32.19,0.56,279.26,-79.88,-154.65
52.38288,-1.516246,137.44,14.56,2,8.09,21 / 21,875429,2019-09-06 18:30:42:111,-4.6039,0.1726,8.8754,-0.1534,-0.0139,9.8054,0.1646,-0.2959,0.0859,-16.25,-32.5,-0.06,272.71,-79.6,-155.74
52.38288,-1.516246,137.44,14.56,2,8.09,21 / 21,875529,2019-09-06 18:30:42:211,-0.3588,-3.9427,11.3495,0.0364,0.0044,9.8065,0.7335,0.0629,-0.0671,-16.25,-32.56,-0.5,274.05,-80.28,-155.26
52.38288,-1.516246,137.44,14.56,2,8.09,21 / 21,875629,2019-09-06 18:30:42:311,0.616,-0.3273,9.7028,0.0986,0.0607,9.8059,-0.4261,-0.1099,-0.0035,-16.12,-32.12,0.25,272.25,-80.42,-158.02
52.38288,-1.516246,137.44,14.56,2,8.09,21 / 21,875729,2019-09-06 18:30:42:411,-0.1407,1.0245,10.7862,0.0988,0.0373,9.806,-0.0227,-0.0084,-0.0389,-16.5,-33.12,-0.31,268.82,-80.06,-160
52.38288,-1.516246,137.44,14.56,2,8.09,21 / 21,875828,2019-09-06 18:30:42:510,-1.0917,0.1003,9.3201,0.0178,0.0085,9.8065,-0.1812,-0.0133,0.029,-16.62,-32.56,-0.06,270.44,-80.13,-159.81
52.38288,-1.516246,137.44,14.56,2,8.09,21 / 21,875929,2019-09-06 18:30:42:611,-0.3544,-0.811,9.3734,0.0471,0.0066,9.8065,0.027,0.0145,0.0463,-16.69,-32.94,-0.06,270.56,-80.01,-159.44
52.38288,-1.516246,137.44,14.56,2,8.09,21 / 21,876029,2019-09-06 18:30:42:711,-1.0555,0.866,8.6408,-0.0162,-0.0112,9.8066,-0.2069,0.0496,0.0003,-16.81,-32.75,-0.25,272.12,-80.31,-158.52
52.38288,-1.516246,137.44,14.56,2,8.09,21 / 21,876128,2019-09-06 18:30:42:810,-4.713,-0.5785,8.8438,0.0019,-0.0254,9.8066,-0.1733,0.0006,0.0518,-16.81,-31.94,-0.62,271.68,-80.54,-156.69
52.38288,-1.516246,137.44,14.56,2,8.09,21 / 21,876228,2019-09-06 18:30:42:910,-4.0812,2.1798,8.3599,-0.1944,-0.0235,9.8047,-0.0189,-0.5146,0.1954,-16.37,-32,-1.44,271.18,-80.16,-154.97
52.38288,-1.516246,137.44,14.56,2,8.09,21 / 21,876329,2019-09-06 18:30:43:011,1.9731,2.4507,9.0417,-0.0779,-0.054,9.8061,0.1729,0.3403,-0.0558,-16.87,-31.94,-0.81,275.99,-80.89,-153.13
52.38288,-1.516246,137.44,14.56,2,8.09,21 / 21,876429,2019-09-06 18:30:43:111,0.1193,2.7449,10.3464,-0.0212,-0.0982,9.8061,0.5337,0.3608,-0.0363,-17.37,-32.37,-0.81,278.69,-80.9,-150.54
52.38288,-1.516246,137.44,14.56,2,8.09,21 / 21,876529,2019-09-06 18:30:43:211,-4.194,-0.668,12.7386,-0.0656,-0.0272,9.8063,-0.1561,0.1537,-0.2479,-16.94,-32.37,-0.25,281.47,-80.59,-150.58
52.38288,-1.516246,137.44,14.56,2,8.09,21 / 21,876628,2019-09-06 18:30:43:310,-1.0987,1.7219,8.7721,0.0447,0.0273,9.8064,0.2673,-0.2044,0.0159,-16.56,-32.56,-0.25,275.46,-80.42,-155.43
52.38288,-1.516246,137.44,14.56,2,8.09,21 / 21,876729,2019-09-06 18:30:43:411,-1.1198,2.9186,9.8711,-0.1305,0.0069,9.8057,-0.2224,-0.1494,0.1417,-16.25,-32.19,-0.19,274.72,-80.75,-156.28
52.38288,-1.516246,137.44,14.56,2,8.09,21 / 21,876830,2019-09-06 18:30:43:512,1.1769,-2.286,9.6667,0.03,0.018,9.8065,-0.0176,0.107,-0.1134,-16.75,-32.81,-0.56,272.01,-80.65,-156
52.38288,-1.516246,137.44,14.56,2,8.09,21 / 21,876928,2019-09-06 18:30:43:610,1.7743,-0.9337,7.6217,-0.0182,-0.0179,9.8065,0.214,-0.1207,0.0678,-16.5,-32.12,-1,271.47,-80.92,-156.33
52.38288,-1.516246,137.44,14.56,2,8.09,21 / 21,877029,2019-09-06 18:30:43:711,-2.4975,2.7871,8.792,-0.0863,0.0032,9.8062,0.218,-0.3338,0.1962,-16.12,-32.75,-0.5,275.87,-81.2,-155.54
52.38288,-1.516246,137.44,14.56,2,8.09,21 / 21,877129,2019-09-06 18:30:43:811,-1.9041,-0.0957,11.767,-0.0674,-0.027,9.8064,0.1619,0.3169,-0.0845,-16,-32.25,-0.56,272.74,-81.08,-155.42
52.38288,-1.516246,137.44,14.56,2,8.09,21 / 21,877229,2019-09-06 18:30:43:911,0.5874,-0.6784,9.7767,0.0033,-0.025,9.8066,0.1682,0.2156,-0.1647,-15.62,-32.25,-0.87,271.51,-81.08,-156.65
52.38288,-1.516246,137.44,14.56,2,8.09,21 / 21,877329,2019-09-06 18:30:44:011,-1.3206,-0.0728,9.9681,-0.0763,0.0009,9.8063,0.1848,-0.0551,-0.0822,-15.81,-32.44,-0.44,275,-81.52,-157.67
52.38288,-1.516246,137.44,14.56,2,8.09,21 / 21,877429,2019-09-06 18:30:44:111,-1.0428,-0.9895,10.3759,0.0323,0.0397,9.8064,-0.0935,-0.0649,0.0159,-15.62,-32.31,-1,268.96,-81.74,-160.64
52.38288,-1.516246,137.44,14.56,2,8.09,21 / 21,877529,2019-09-06 18:30:44:211,-1.0391,0.2474,9.821,0.0136,0.0197,9.8065,-0.0034,0.0258,0.0149,-15.94,-32,-0.87,268.97,-81.97,-161.11
52.38288,-1.516246,137.44,14.56,2,8.09,21 / 21,877628,2019-09-06 18:30:44:310,-2.1089,-1.1443,9.8395,-0.012,-0.0094,9.8066,0.0115,-0.0427,0.031,-16,-32.44,-1.37,269.94,-82.11,-160.44
52.38288,-1.516246,137.44,14.56,2,8.09,21 / 21,877728,2019-09-06 18:30:44:410,-0.189,-0.1656,9.8664,-0.0101,-0.0218,9.8066,0.0637,-0.0135,-0.0296,-15.62,-31.94,-1.37,270.71,-82.07,-159.56
52.38288,-1.516246,137.44,14.56,2,8.09,21 / 21,877829,2019-09-06 18:30:44:511,-0.8515,-0.7134,10.3673,-0.0209,-0.0045,9.8066,0.0394,-0.0081,-0.0478,-15.44,-32.25,-1.69,265.24,-82,-159.98
52.38288,-1.516246,137.44,14.56,2,8.09,21 / 21,877929,2019-09-06 18:30:44:611,-0.7207,0.9812,9.3928,-0.0507,-0.0101,9.8064,0.0894,0.069,-0.0123,-15.81,-31.87,-0.87,270.2,-82.29,-160.53
52.38288,-1.516246,137.44,14.56,2,8.09,21 / 21,878028,2019-09-06 18:30:44:710,-1.5209,-1.4214,9.6185,-0.0158,-0.0097,9.8065,0.0441,0.019,-0.0304,-15.87,-32.81,-1.69,266.62,-82.32,-160.29
52.38288,-1.516246,137.44,14.56,2,8.09,21 / 21,878129,2019-09-06 18:30:44:811,0.1209,-0.6825,9.2574,-0.0424,-0.0136,9.8065,0.072,-0.0732,0.0039,-14.94,-31.94,-1.62,265.83,-82.51,-160.51
52.38288,-1.516246,137.44,14.56,2,8.09,21 / 21,878229,2019-09-06 18:30:44:911,-1.7256,-0.7427,10.0156,-0.0085,-0.0036,9.8066,-0.0185,0.0159,0.0701,-15.44,-32.69,-1.25,270.08,-82.62,-159.58
52.38288,-1.516246,137.44,14.56,2,8.09,21 / 21,878329,2019-09-06 18:30:45:011,-0.6228,0.525,9.1882,-0.0005,-0.0094,9.8065,-0.0858,0.0501,-0.0087,-15.44,-31.94,-1.94,268.12,-82.69,-158.57
52.38288,-1.516246,137.44,14.56,2,8.09,20 / 20,878428,2019-09-06 18:30:45:110,-0.9359,-0.3559,9.9016,0.044,0.0013,9.8065,-0.0953,0.001,0.0127,-15,-32.56,-1.69,267.53,-82.44,-158.08
52.38288,-1.516246,137.44,14.56,2,8.09,20 / 20,878529,2019-09-06 18:30:45:211,-0.8541,0.0198,10.1858,0.041,0.0082,9.8065,-0.0097,0.0232,0.0008,-15.19,-32.37,-1.12,271.82,-82.32,-157.68
52.38288,-1.516246,137.44,14.56,2,8.09,20 / 20,878629,2019-09-06 18:30:45:311,-1.0706,0.8141,9.5673,-0.0057,-0.001,9.8066,-0.0531,0.0191,0.0829,-15.56,-32.06,-1.31,272.83,-82.24,-157.8
52.38288,-1.516246,137.44,14.56,2,8.09,20 / 20,878728,2019-09-06 18:30:45:410,-1.1383,-1.1976,9.1151,0.0109,-0.0114,9.8066,-0.145,-0.0135,-0.0054,-15.81,-32,-1.56,270.41,-82.12,-156.53
52.38288,-1.516246,137.44,14.56,2,8.09,20 / 20,878828,2019-09-06 18:30:45:510,-0.8249,-0.6662,9.1945,-0.0442,-0.0142,9.8065,0.0499,-0.0617,0.0916,-16.06,-32.69,-1.44,274.75,-82.23,-155.37
52.38288,-1.516246,137.44,14.56,2,8.09,20 / 20,878929,2019-09-06 18:30:45:611,-0.9286,-0.2787,9.7289,-0.0273,-0.0212,9.8065,-0.0221,-0.0106,0.0671,-16.44,-32.44,-1.37,278.11,-82.56,-153.3
52.38288,-1.516246,137.44,14.56,2,8.09,20 / 20,879028,2019-09-06 18:30:45:710,-0.0834,0.3502,10.3688,0.0507,0.0179,9.8064,-0.1081,0.0275,-0.1073,-16.25,-32,-1.94,274.91,-82.31,-152.43
52.38288,-1.516246,137.44,14.56,2,8.09,20 / 20,879129,2019-09-06 18:30:45:811,0.4148,0.4805,11.309,0.023,0.0317,9.8065,0.0012,-0.0186,0.0711,-15.56,-32.37,-1.25,277.11,-82.43,-153.99
52.38288,-1.516246,137.44,14.56,2,8.09,20 / 20,879228,2019-09-06 18:30:45:910,0.1923,1.1663,10.1085,0.043,0.0146,9.8065,-0.0809,-0.0535,0.016,-15.75,-32.25,-1.25,275.17,-82.26,-155.54
52.38288,-1.516246,137.44,14.56,2,8.09,20 / 20,879328,2019-09-06 18:30:46:010,0.9101,1.5732,8.6353,0.0266,0.0216,9.8065,-0.1784,0.0319,-0.0827,-16.06,-32.19,-1.37,274.81,-82.18,-155.73
52.38288,-1.516246,137.44,14.56,2,8.09,20 / 20,879429,2019-09-06 18:30:46:111,-1.8785,-2.698,7.6929,0.1389,-0.0025,9.8056,-1.1458,0.2613,0.0918,-15.87,-32.31,-1.44,279.41,-82.64,-152.21
52.38288,-1.516246,137.44,14.56,2,8.09,20 / 20,879528,2019-09-06 18:30:46:210,-5.1563,-0.2584,8.8776,0.3431,0.0624,9.8004,-0.7073,0.1985,-0.238,-16.12,-32.25,-2.19,272.43,-81.58,-153.37
52.38288,-1.516246,137.44,14.56,2,8.09,20 / 20,879628,2019-09-06 18:30:46:310,-0.088,0.1579,8.3594,-0.0707,0.0185,9.8063,-0.6707,0.0808,-0.2038,-16,-31.94,-1.62,271.5,-82.06,-155.29
52.38288,-1.516246,137.44,14.56,2,8.09,20 / 20,879728,2019-09-06 18:30:46:410,-1.7895,-0.6981,8.469,0.2056,0.0965,9.804,-0.6731,0.0602,0.0826,-15.81,-32.12,-1.25,267.79,-81.31,-160.91
52.38288,-1.516246,137.44,14.56,2,8.09,20 / 20,879829,2019-09-06 18:30:46:511,-1.4694,-0.0038,7.7539,-0.163,-0.0396,9.8052,-0.2982,0.0484,-0.2051,-14.69,-32.69,-1.19,268.6,-82.62,-161.09
52.38288,-1.516246,137.44,14.56,2,8.09,20 / 20,879929,2019-09-06 18:30:46:611,-2.5368,-0.6845,8.4188,-0.0467,0.0354,9.8064,-0.4252,-0.0454,-0.0577,-14.19,-32.75,-1.31,264.47,-82.95,-164.66
52.38288,-1.516246,137.44,14.56,2,8.09,20 / 20,880028,2019-09-06 18:30:46:710,-0.4357,0.8489,9.0699,-0.0729,-0.0077,9.8063,0.1531,0.0493,-0.0635,-14.5,-32.25,-2.19,260.08,-83.24,-166.54
52.38288,-1.516246,137.44,14.56,2,8.09,20 / 20,880129,2019-09-06 18:30:46:811,-0.7369,-0.2784,9.8772,-0.0228,-0.0032,9.8066,0,-0.0234,0.0547,-14.62,-33,-2.12,260.3,-83.6,-168.22
52.38288,-1.516246,137.44,14.56,2,8.09,20 / 20,880229,2019-09-06 18:30:46:911,1.2731,0.3046,9.1301,0.03,-0.0073,9.8065,0.1668,-0.0303,-0.005,-14.44,-32.81,-1.5,262.95,-83.4,-167.36
52.38288,-1.516246,137.44,14.56,2,8.09,20 / 20,880329,2019-09-06 18:30:47:011,0.1517,-0.1219,10.8195,-0.0258,-0.0208,9.8065,0.138,-0.0032,-0.0098,-14.62,-32.25,-1.5,266.97,-83.61,-165.47
52.38288,-1.516246,137.44,14.56,2,8.09,21 / 21,880429,2019-09-06 18:30:47:111,-1.5239,-1.6041,11.6974,-0.0607,-0.031,9.8064,0.2402,-0.0537,0.0419,-14.31,-32.44,-2.25,262.47,-83.77,-165.28
52.38288,-1.516246,137.44,14.56,2,8.09,21 / 21,880529,2019-09-06 18:30:47:211,-0.3933,-0.9977,12.0237,-0.1294,-0.06,9.8055,0.1667,-0.0488,-0.0091,-14.06,-31.62,-1.62,266.1,-84.39,-162.98
52.38288,-1.516246,137.44,14.56,2,8.09,21 / 21,880628,2019-09-06 18:30:47:310,-0.7089,-1.3664,8.9055,0.0302,-0.0235,9.8066,0.4313,-0.0144,-0.0331,-14.06,-31.37,-1.44,270.72,-84.12,-162.04
52.38288,-1.516246,137.44,14.56,2,8.09,21 / 21,880729,2019-09-06 18:30:47:411,0.0564,0.152,11.6024,-0.113,-0.0396,9.8059,0.5134,-0.091,0.0811,-14.69,-31.69,-2.56,266.21,-84.33,-160.54
52.38288,-1.516246,137.44,14.56,2,8.09,21 / 21,880829,2019-09-06 18:30:47:511,1.1552,0.8398,11.0408,0.1021,0.0099,9.8061,-0.0079,-0.0621,0.0155,-15.12,-31.94,-2.31,268.24,-83.73,-160.74
52.38288,-1.516246,137.44,14.56,2,8.09,21 / 21,880929,2019-09-06 18:30:47:611,0.6812,0.9114,10.5372,0.0052,-0.0151,9.8065,-0.2231,-0.0278,0.0734,-15,-31.56,-2.19,271.64,-83.88,-157.64
52.38288,-1.516246,137.44,14.56,2,8.09,21 / 21,881028,2019-09-06 18:30:47:710,0.2492,-0.0842,10.0298,0.0474,0.0084,9.8065,-0.2232,0.0422,0.0333,-15.62,-31.94,-3,272.14,-84.09,-155.5
52.38288,-1.516246,137.44,14.56,2,8.09,21 / 21,881129,2019-09-06 18:30:47:811,-0.5741,0.2908,9.8072,0.0549,0.0034,9.8064,-0.1603,-0.0184,0.084,-15.19,-31.94,-2.37,274.58,-83.78,-154.52
52.38288,-1.516246,137.44,14.56,2,8.09,21 / 21,881228,2019-09-06 18:30:47:910,-0.3542,-0.7239,10.4663,0.0009,-0.0209,9.8066,0.1054,-0.0369,0.0285,-15.06,-31.75,-2.81,273.64,-83.78,-151.88
52.38288,-1.516246,137.44,14.56,2,8.09,21 / 21,881328,2019-09-06 18:30:48:010,0.8319,0.0925,9.5336,-0.0049,-0.0079,9.8066,0.0955,0.0109,0.0231,-15.31,-32,-2.25,277.41,-83.64,-151.42
52.38288,-1.516246,137.44,14.56,2,8.09,21 / 21,881429,2019-09-06 18:30:48:111,0.4901,-1.1048,10.2223,0.0196,-0.012,9.8065,-0.0128,-0.0007,0.052,-15.75,-31.06,-2,279.52,-83.34,-150.5
52.38288,-1.516246,137.44,14.56,2,8.09,21 / 21,881528,2019-09-06 18:30:48:210,0.3613,-0.8581,10.9894,0.0031,-0.0147,9.8066,-0.1112,0.0266,-0.1133,-16.19,-31.87,-2.31,280.88,-83.42,-148.95
52.38288,-1.516246,137.44,14.56,2,8.09,21 / 21,881629,2019-09-06 18:30:48:311,-0.2595,0.8066,9.7899,0.0305,0.0366,9.8064,-0.1333,0.0434,0.0172,-15.25,-31.69,-2.5,279.6,-83.54,-149.1
52.38288,-1.516246,137.44,14.56,2,8.09,21 / 21,881729,2019-09-06 18:30:48:411,-0.8022,0.1613,9.9237,0.0662,0.0233,9.8064,0.0497,0.0097,-0.0321,-15.56,-31.69,-2.81,273.64,-83.21,-152.22
52.38288,-1.516246,137.44,14.56,2,8.09,21 / 21,881829,2019-09-06 18:30:48:511,0.5052,-0.5146,10.1164,0.0093,0.0199,9.8066,-0.0269,-0.0083,-0.0406,-15.25,-31.94,-2.19,274.31,-83.27,-153.66
52.38288,-1.516246,137.44,14.56,2,8.09,21 / 21,881928,2019-09-06 18:30:48:610,0.1735,0.9534,9.5785,0.0188,0.0171,9.8066,-0.0834,0.0823,-0.0473,-15.19,-31.75,-1.75,273.26,-83.34,-154.85
52.38288,-1.516246,137.44,14.56,2,8.09,21 / 21,882028,2019-09-06 18:30:48:710,-0.7911,0.4956,9.0046,-0.0332,-0.0082,9.8065,-0.0798,0.0444,-0.0888,-14.81,-31.69,-2.69,271.05,-83.81,-154.53
52.38288,-1.516246,137.44,14.56,2,8.09,21 / 21,882128,2019-09-06 18:30:48:810,-1.0158,0.539,9.6004,-0.0099,-0.0013,9.8066,-0.0849,0.0462,-0.0682,-15.19,-32.06,-3.12,271.12,-84,-154.86
52.38288,-1.516246,137.44,14.56,2,8.09,21 / 21,882228,2019-09-06 18:30:48:910,-1.4125,0.0978,9.4212,-0.0244,-0.0083,9.8066,0.0729,0.0497,0.0157,-15,-31.94,-2.56,271.02,-84.12,-155.22
52.38288,-1.516246,137.44,14.56,2,8.09,21 / 21,882329,2019-09-06 18:30:49:011,-0.4394,0.009,9.7134,-0.0003,-0.0072,9.8065,-0.0103,-0.0215,0.036,-15.56,-32.12,-2.12,276.94,-84.11,-154.17
52.38288,-1.516246,137.44,14.56,2,8.09,21 / 21,882428,2019-09-06 18:30:49:110,-1.1787,-0.5551,10.1933,0.015,-0.0021,9.8066,-0.0099,-0.0002,-0.002,-15.5,-32,-2.87,272.46,-84.02,-153.56
52.38288,-1.516246,137.44,14.56,2,8.09,21 / 21,882529,2019-09-06 18:30:49:211,-1.0346,-0.3643,10.174,-0.0044,-0.004,9.8066,-0.0005,0.0249,-0.0038,-14.62,-31.62,-2.69,272.36,-83.96,-153.54
52.38288,-1.516246,137.44,14.56,2,8.09,21 / 21,882629,2019-09-06 18:30:49:311,-0.3785,0.6803,9.4267,-0.0048,0.0045,9.8066,0.0432,0.0168,0.0452,-15.37,-32.31,-2.12,275.39,-83.95,-154.08
52.38288,-1.516246,137.44,14.56,2,8.09,21 / 21,882729,2019-09-06 18:30:49:411,-0.2785,-0.5785,10.3376,-0.0195,-0.0005,9.8066,-0.0148,-0.0124,-0.0285,-15.62,-32.31,-2.25,277.28,-83.92,-153.45
52.38288,-1.516246,137.44,14.56,2,8.09,21 / 21,882829,2019-09-06 18:30:49:511,0.4012,0.0365,10.518,-0.0172,0.0021,9.8066,0.0372,0.0077,-0.0319,-15.69,-32.19,-2.19,276.17,-83.97,-154.64
52.38288,-1.516246,137.44,14.56,2,8.09,21 / 21,882929,2019-09-06 18:30:49:611,0.1521,0.464,10.2064,0.0314,0.0198,9.8065,0.0903,0.0104,-0.0087,-14.75,-31.87,-1.62,272.31,-83.85,-156.93
52.38288,-1.516246,137.44,14.56,2,8.09,21 / 21,883028,2019-09-06 18:30:49:710,-0.0817,0.0905,9.9458,0.0136,0.0109,9.8066,-0.0457,0.0289,-0.0608,-14.87,-32.31,-1.87,271.87,-83.88,-157.42
52.38288,-1.516246,137.44,14.56,2,8.09,21 / 21,883129,2019-09-06 18:30:49:811,-0.2964,0.8605,9.6806,0.0288,0.0144,9.8065,0.0062,0.0373,-0.0095,-14.56,-32.25,-2.37,270.98,-84.1,-158.81
52.38288,-1.516246,137.44,14.56,2,8.09,21 / 21,883229,2019-09-06 18:30:49:911,-0.3623,0.0731,9.5684,0.0338,0.0154,9.8065,-0.1114,0.0146,-0.0349,-15.31,-32,-2,270.13,-84.01,-159.47
52.38288,-1.516246,137.44,14.56,2,8.09,21 / 21,883329,2019-09-06 18:30:50:011,-0.2181,0.672,9.6428,-0.0328,-0.0278,9.8065,-0.0675,0.0034,0.0174,-14.81,-31.81,-2.06,273.3,-84.37,-157.08
52.38288,-1.516246,137.44,14.56,2,8.09,21 / 21,883428,2019-09-06 18:30:50:110,-0.2419,0.0494,10.5476,-0.0061,-0.0112,9.8066,0.0963,-0.0446,0.0439,-15.31,-31.94,-2.87,270.47,-84.29,-156.14
52.38288,-1.516246,137.44,14.56,2,8.09,21 / 21,883529,2019-09-06 18:30:50:211,-0.3748,1.1762,9.7855,0.0094,-0.0138,9.8066,-0.0485,-0.0875,0.0956,-14.5,-32.37,-2.37,272.35,-84.17,-156.15
52.38288,-1.516246,137.44,14.56,2,8.09,21 / 21,883629,2019-09-06 18:30:50:311,0.093,0.0783,9.5577,-0.008,0.0029,9.8065,0.0052,-0.0022,0.0027,-14.94,-32,-2.75,271.16,-84.07,-154.97
52.38288,-1.516246,137.44,14.56,2,8.09,21 / 21,883728,2019-09-06 18:30:50:410,-0.1352,0.4187,10.1317,-0.0145,-0.0196,9.8065,-0.0461,0.0346,-0.0057,-14.87,-32.25,-2.37,276.48,-84.04,-153.21
52.38288,-1.516246,137.44,14.56,2,8.09,21 / 21,883828,2019-09-06 18:30:50:510,-0.3878,-0.0784,9.6095,-0.0221,-0.0042,9.8066,0.0156,0.0016,-0.002,-14.56,-32.25,-2.06,277.13,-84.09,-152.7
52.38288,-1.516246,137.44,14.56,2,8.09,21 / 21,883928,2019-09-06 18:30:50:610,0.5358,0.6587,9.7935,-0.0007,-0.0051,9.8066,0.0275,0.0148,0.0289,-14.44,-31.87,-1.81,275.06,-84,-153.09
52.38288,-1.516246,137.44,14.56,2,8.09,21 / 21,884028,2019-09-06 18:30:50:710,-0.0137,0.39,9.2815,-0.0006,-0.0074,9.8066,-0.0724,-0.011,-0.01,-14.81,-32.25,-2.56,273.68,-83.97,-152.25
52.38288,-1.516246,137.44,14.56,2,8.09,21 / 21,884129,2019-09-06 18:30:50:811,-0.6491,0.3198,9.9634,-0.0328,-0.016,9.8065,-0.1458,-0.0471,0.0227,-14.44,-31.87,-1.81,275.88,-84.1,-152.52
52.38288,-1.516246,137.44,14.56,2,8.09,21 / 21,884229,2019-09-06 18:30:50:911,-0.1732,0.7143,9.3532,-0.0391,-0.0147,9.8065,0.1397,-0.0276,0.0354,-15.25,-31.19,-2.06,277.72,-84.17,-152.68
52.38288,-1.516246,137.44,14.56,2,8.09,21 / 21,884329,2019-09-06 18:30:51:011,-0.3308,0.0613,9.0778,-0.0071,-0.0093,9.8066,-0.0401,0.0143,0.0123,-14.87,-31.87,-1.87,277.48,-84.04,-152.24
52.383945,-1.51601,140.57,12.57,3,4.72,21 / 21,884428,2019-09-06 18:30:51:110,0.2522,0.5352,9.4462,-0.021,-0.0218,9.8065,-0.0392,0.025,-0.006,-14.62,-31.94,-1.87,277.73,-84.03,-151.98
52.383945,-1.51601,140.57,12.57,3,4.72,21 / 21,884528,2019-09-06 18:30:51:210,1.1478,0.3152,10.11,-0.0337,-0.0102,9.8065,0.0304,0.0269,0.0403,-15.06,-31.69,-2.56,277.48,-84.31,-149.25
52.383945,-1.51601,140.57,12.57,3,4.72,21 / 21,884629,2019-09-06 18:30:51:311,-0.0774,0.8483,10.342,0.0267,0.0143,9.8065,0.096,0.0757,0.0131,-14.5,-31.75,-2.56,276.05,-84.37,-149.17
52.383945,-1.51601,140.57,12.57,3,4.72,21 / 21,884729,2019-09-06 18:30:51:411,0.0634,-0.9646,10.8713,0.0381,-0.0038,9.8065,-0.146,0.0127,0.0178,-14.56,-32.19,-2.44,280.57,-84.03,-149.23
52.383945,-1.51601,140.57,12.57,3,4.72,21 / 21,884829,2019-09-06 18:30:51:511,0.5165,0.6602,9.5398,0.0241,0.0334,9.8065,0.1432,-0.0159,0.0148,-14.44,-32,-1.87,276.87,-83.94,-151.15
52.383945,-1.51601,140.57,12.57,3,4.72,21 / 21,884928,2019-09-06 18:30:51:610,1.3183,-0.4171,10.1881,0.02,0.0081,9.8066,-0.1284,-0.0275,-0.0668,-14.69,-31.62,-2,278.25,-84.06,-151.55
52.383945,-1.51601,140.57,12.57,3,4.72,21 / 21,885029,2019-09-06 18:30:51:711,0.9953,-1.0882,10.21,0.0244,0.0117,9.8066,0.0916,0.0087,0.0487,-14.31,-32.12,-2.56,273.74,-84.19,-151.03
52.383945,-1.51601,140.57,12.57,3,4.72,21 / 21,885129,2019-09-06 18:30:51:811,-0.0705,-0.034,10.3761,0.0137,0.0262,9.8065,-0.0382,-0.0462,-0.016,-14.06,-32.44,-1.62,276.67,-84.44,-152.53
52.383945,-1.51601,140.57,12.57,3,4.72,21 / 21,885231,2019-09-06 18:30:51:913,-0.9823,0.7454,9.3748,-0.0215,-0.0115,9.8066,0.0888,0.0136,0.0715,-14.31,-32.25,-2,276.06,-84.5,-153.26
52.383945,-1.51601,140.57,12.57,3,4.72,21 / 21,885329,2019-09-06 18:30:52:011,0.3564,0.2678,10.0993,-0.0204,-0.019,9.8065,0.0552,-0.0292,0.0636,-14.12,-32,-2.06,278.42,-84.59,-151.18
52.383945,-1.51601,140.57,12.57,3,4.72,21 / 21,885430,2019-09-06 18:30:52:112,-0.8809,-0.1221,10.4632,0.0018,-0.0061,9.8066,-0.1179,-0.0413,-0.0842,-14.75,-31.56,-2.62,277.73,-84.62,-149.68
52.383945,-1.51601,140.57,12.57,3,4.72,21 / 21,885528,2019-09-06 18:30:52:210,-0.2669,0.6659,10.7797,0.0088,-0.0078,9.8066,0.0995,0.0107,0.0865,-14.75,-31.94,-1.75,282.25,-84.54,-148.72
52.383945,-1.51601,140.57,12.57,3,4.72,21 / 21,885629,2019-09-06 18:30:52:311,1.0961,0.8666,10.1994,0.0152,0.0202,9.8065,-0.021,-0.0015,-0.0365,-14.5,-31.5,-2.12,278.74,-84.45,-150.92
52.383945,-1.51601,140.57,12.57,3,4.72,21 / 21,885729,2019-09-06 18:30:52:411,0.3314,-0.1955,9.9713,0.0113,0.0042,9.8066,0.0617,0.0422,-0.0885,-14.69,-32.12,-2.5,278.38,-84.42,-152.2
52.383945,-1.51601,140.57,12.57,3,4.72,21 / 21,885829,2019-09-06 18:30:52:511,0.7272,0.8838,9.7233,0.0038,0.0101,9.8066,0.0088,0.0139,0.0274,-14.62,-32.5,-2.06,278.57,-84.45,-152.07
52.383945,-1.51601,140.57,12.57,3,4.72,21 / 21,885928,2019-09-06 18:30:52:610,-0.0372,0.2086,9.8681,0.0164,-0.0086,9.8065,-0.0441,0.0071,0.0089,-15.12,-32.37,-1.69,280.29,-84.55,-150.63
52.383945,-1.51601,140.57,12.57,3,4.72,21 / 21,886028,2019-09-06 18:30:52:710,0.1496,0.6478,9.7835,-0.0062,-0.0033,9.8066,0.048,-0.0291,0.0051,-14.94,-32.62,-2.5,280.82,-84.74,-150.17
52.383945,-1.51601,140.57,12.57,3,4.72,21 / 21,886128,2019-09-06 18:30:52:810,0.5077,-2.1861,11.7317,0.0592,-0.0462,9.8064,0.1236,-0.0095,0.1216,-14.19,-32.56,-2.06,280.33,-84.21,-148.03
52.383945,-1.51601,140.57,12.57,3,4.72,21 / 21,886228,2019-09-06 18:30:52:910,0.4172,0.7577,10.1131,0.0419,0.0453,9.8064,0.1323,-0.0364,0.0633,-14.37,-31.75,-1.69,277.21,-83.85,-150.61
52.383945,-1.51601,140.57,12.57,3,4.72,21 / 21,886329,2019-09-06 18:30:53:011,-1.2203,-2.6031,8.4628,0.0372,0.0054,9.8065,-0.1031,-0.0314,0.0007,-14.25,-31.44,-2.25,277.39,-83.81,-150.79
52.383945,-1.51601,140.57,12.57,3,4.72,20 / 21,886428,2019-09-06 18:30:53:110,-0.4559,-0.4921,9.8036,-0.0484,-0.0306,9.8065,-0.23,-0.0309,0.0007,-14.19,-31.62,-2.62,274.23,-84.18,-150.51
52.383945,-1.51601,140.57,12.57,3,4.72,20 / 21,886529,2019-09-06 18:30:53:211,-0.7259,-1.3811,9.8925,-0.015,0.0203,9.8065,0.1446,-0.0538,0.0461,-14.75,-32.06,-2.31,281.33,-84.63,-149.79
52.383945,-1.51601,140.57,12.57,3,4.72,20 / 21,886628,2019-09-06 18:30:53:310,-1.1526,1.4849,9.5501,0.0008,0.016,9.8066,0.0483,0.054,-0.0933,-13.62,-32.31,-2.25,275.41,-84.72,-154.42
52.383945,-1.51601,140.57,12.57,3,4.72,20 / 21,886729,2019-09-06 18:30:53:411,0.4241,0.582,9.7568,0.0039,0.0031,9.8066,0.0641,0.0069,-0.0223,-14.75,-32.56,-2.69,271.23,-84.39,-155.23
52.383945,-1.51601,140.57,12.57,3,4.72,20 / 21,886829,2019-09-06 18:30:53:511,0.5272,0.009,9.7802,-0.0158,-0.0158,9.8066,0.0062,-0.0241,0.0691,-14.37,-32.12,-2.44,274.05,-84.48,-155.19
52.383945,-1.51601,140.57,12.57,3,4.72,20 / 21,886928,2019-09-06 18:30:53:610,-0.5253,0.1279,9.6615,-0.0502,-0.0259,9.8064,-0.0215,-0.0368,0.0345,-14.06,-32.44,-2.44,276.93,-84.69,-152.86
52.383945,-1.51601,140.57,12.57,3,4.72,20 / 21,887029,2019-09-06 18:30:53:711,-1.0471,-0.2618,9.696,-0.0191,-0.016,9.8065,0.0212,-0.0257,0.0262,-13.81,-32.19,-2.81,275.27,-84.76,-150.83
52.383945,-1.51601,140.57,12.57,3,4.72,20 / 21,887129,2019-09-06 18:30:53:811,-0.3413,0.2479,10.1966,-0.0144,-0.0262,9.8065,0.0582,0.0034,0.0415,-14.37,-32.56,-3,277.64,-84.76,-148.14
52.383945,-1.51601,140.57,12.57,3,4.72,20 / 21,887229,2019-09-06 18:30:53:911,0.0177,-0.2934,9.6193,0.0161,-0.0028,9.8066,0.0571,0.0334,-0.0047,-14.94,-32.56,-2.19,282.96,-84.48,-147.53
52.383945,-1.51601,140.57,12.57,3,4.72,20 / 21,887329,2019-09-06 18:30:54:011,-0.6542,0.3278,9.8206,0.0035,-0.0023,9.8066,0.0271,-0.0211,0.0652,-14.25,-31.87,-2.69,278.9,-84.45,-146.58
52.383945,-1.51601,140.57,12.57,3,4.72,21 / 21,887428,2019-09-06 18:30:54:110,-1.5929,-0.0987,10.0624,-0.0325,-0.0028,9.8065,-0.0517,0.018,-0.0574,-14.25,-32.25,-2.62,279.06,-84.34,-146.16
52.383945,-1.51601,140.57,12.57,3,4.72,21 / 21,887529,2019-09-06 18:30:54:211,0.0816,-0.3791,10.0862,0.01,0.0054,9.8066,0.0538,-0.0167,0.0328,-13.94,-32,-2.37,282.12,-84.37,-147.1
52.383945,-1.51601,140.57,12.57,3,4.72,21 / 21,887628,2019-09-06 18:30:54:310,-1.5072,0.0992,9.8014,-0.0184,-0.0073,9.8066,-0.0708,0.0302,-0.0083,-14.75,-32.44,-2.12,283.23,-84.47,-147.62
52.383945,-1.51601,140.57,12.57,3,4.72,21 / 21,887729,2019-09-06 18:30:54:411,-0.5688,0.2923,9.6756,-0.0374,-0.0143,9.8065,0.0643,0.0252,0.0231,-14.69,-32.19,-2.31,284.69,-84.58,-146.46
52.383945,-1.51601,140.57,12.57,3,4.72,21 / 21,887828,2019-09-06 18:30:54:510,0.5821,-0.1171,10.0553,0.0076,-0.0007,9.8066,0.0385,0.0889,-0.0786,-15.37,-32.44,-2.44,286.07,-84.52,-145.04
52.383945,-1.51601,140.57,12.57,3,4.72,21 / 21,887928,2019-09-06 18:30:54:610,-0.6283,-0.7464,11.4395,0.0299,0.0252,9.8065,0.1348,0.0494,-0.0124,-14.62,-32.75,-2.75,280.74,-84.49,-146.1
52.383945,-1.51601,140.57,12.57,3,4.72,21 / 21,888028,2019-09-06 18:30:54:710,-2.1087,0.3467,9.8256,0.0338,0.0361,9.8065,0.1322,-0.0284,-0.0854,-14.31,-32.12,-1.94,280.78,-84.48,-148.65
52.383945,-1.51601,140.57,12.57,3,4.72,21 / 21,888129,2019-09-06 18:30:54:811,-0.3759,0.7188,9.4191,0.0271,0.0196,9.8066,-0.1239,0.0935,-0.1133,-14.5,-33,-2.31,275.34,-84.14,-152.72
52.383945,-1.51601,140.57,12.57,3,4.72,21 / 21,888229,2019-09-06 18:30:54:911,-1.1301,-1.696,9.8603,0.0013,0.0066,9.8066,0.0398,-0.0311,0.0578,-14.31,-32.37,-2,276.63,-84.43,-152.54
52.383945,-1.51601,140.57,12.57,3,4.72,21 / 21,888329,2019-09-06 18:30:55:011,-1.4904,0.5673,9.6653,-0.0085,0.0067,9.8066,-0.0252,-0.0212,0.0369,-14.25,-32.56,-2.31,276.22,-84.63,-153.04
52.383945,-1.51601,140.57,12.57,3,4.72,21 / 21,888429,2019-09-06 18:30:55:111,-0.999,-0.0021,8.9669,0.0037,0.0052,9.8066,-0.0025,-0.0624,0.0151,-14.31,-32.31,-2.81,272.1,-84.72,-153.89
52.383945,-1.51601,140.57,12.57,3,4.72,21 / 21,888528,2019-09-06 18:30:55:210,-1.8517,-0.8738,8.928,0.0219,0.0079,9.8066,-0.105,0.087,-0.0139,-14.25,-32.37,-2.19,275.26,-84.64,-154.37
52.383945,-1.51601,140.57,12.57,3,4.72,21 / 21,888629,2019-09-06 18:30:55:311,-0.4683,0.0078,9.0456,-0.0698,-0.0237,9.8063,-0.1346,0.0167,0.0641,-13.94,-32.31,-2.06,277.48,-84.67,-152.27
52.383945,-1.51601,140.57,12.57,3,4.72,21 / 21,888728,2019-09-06 18:30:55:410,-1.0271,-1.3137,9.4053,-0.048,-0.0218,9.8065,-0.0075,0.0064,-0.0244,-14.81,-32.37,-3,280.23,-85.2,-148.47
52.383945,-1.51601,140.57,12.57,3,4.72,21 / 21,888829,2019-09-06 18:30:55:511,-1.4691,-0.0495,10.1045,-0.009,-0.0032,9.8066,-0.0056,-0.0031,0.0334,-14.75,-32.12,-2.62,280.78,-85.14,-147.8
52.383945,-1.51601,140.57,12.57,3,4.72,21 / 21,888929,2019-09-06 18:30:55:611,-0.3794,-0.6193,9.6444,-0.0147,0.0007,9.8066,0.1273,0.0012,-0.0527,-14.56,-32.12,-2.37,282.67,-85.07,-149.45
52.383945,-1.51601,140.57,12.57,3,4.72,21 / 21,889029,2019-09-06 18:30:55:711,0.4049,-0.8383,10.0603,0.0298,0.0033,9.8065,0.099,-0.0083,0.0284,-14.44,-32.94,-2.69,274.81,-84.65,-150.67
52.383945,-1.51601,140.57,12.57,3,4.72,21 / 21,889129,2019-09-06 18:30:55:811,-0.8204,-0.727,9.4623,0.0084,0.0115,9.8066,-0.0292,-0.0083,-0.0086,-14.44,-32.12,-2.75,275,-84.77,-151.12
52.383945,-1.51601,140.57,12.57,3,4.72,21 / 21,889229,2019-09-06 18:30:55:911,-0.4601,-0.7475,9.7908,-0.0202,-0.0035,9.8065,-0.0453,-0.0682,-0.0261,-14.69,-32.37,-2,280.88,-84.74,-150.46
52.383945,-1.51601,140.57,12.57,3,4.72,21 / 21,889328,2019-09-06 18:30:56:010,0.0654,-0.1672,9.9159,-0.0195,-0.0127,9.8066,0.0375,-0.0978,0.0617,-14.44,-32.31,-2.37,280.69,-84.95,-149.81
52.383945,-1.51601,140.57,12.57,3,4.72,20 / 20,889429,2019-09-06 18:30:56:111,-1.6084,-0.7074,10.8527,0.0139,0.017,9.8066,0.0571,-0.0328,-0.0278,-13.94,-32.25,-1.81,278.99,-84.88,-151.29
52.383945,-1.51601,140.57,12.57,3,4.72,20 / 20,889528,2019-09-06 18:30:56:210,0.4503,0.4899,8.7015,-0.0577,-0.025,9.8064,-0.1484,-0.0039,0.0221,-14.69,-32.44,-1.87,282.48,-85.13,-149.75
52.383945,-1.51601,140.57,12.57,3,4.72,20 / 20,889629,2019-09-06 18:30:56:311,0.4398,-0.1953,9.6838,0.0652,0.0103,9.8064,0.0698,-0.0001,0.0747,-14.56,-32.44,-2.5,281.57,-84.7,-149.7
52.383945,-1.51601,140.57,12.57,3,4.72,20 / 20,889729,2019-09-06 18:30:56:411,-0.6132,-2.7728,10.7767,0.02,0.0108,9.8066,0.0274,0.139,-0.0874,-14.06,-31.87,-2.62,279.35,-85,-147.39
52.383945,-1.51601,140.57,12.57,3,4.72,20 / 20,889828,2019-09-06 18:30:56:510,-0.5828,-0.748,10.0699,-0.0099,-0.0124,9.8065,0.0094,-0.0289,0.0855,-14.94,-32.31,-2.94,282.95,-84.88,-145.17
52.383945,-1.51601,140.57,12.57,3,4.72,20 / 20,889929,2019-09-06 18:30:56:611,-0.1212,-1.7948,10.1424,0.0172,0.0015,9.8066,0.0509,-0.0655,0.0638,-15,-32.75,-2.19,287.41,-84.59,-143.57
52.383945,-1.51601,140.57,12.57,3,4.72,20 / 20,890028,2019-09-06 18:30:56:710,0.1138,-0.4051,9.5377,-0.0097,-0.0029,9.8066,0.0233,-0.0503,0.0347,-14.56,-31.94,-2.31,287.07,-84.57,-144.18
52.383945,-1.51601,140.57,12.57,3,4.72,20 / 20,890128,2019-09-06 18:30:56:810,-1.0281,-0.145,10.4627,0.0211,-0.0039,9.8065,0.0337,0.084,-0.026,-14.81,-32.69,-2.19,285.81,-84.58,-145.04
52.383945,-1.51601,140.57,12.57,3,4.72,20 / 20,890229,2019-09-06 18:30:56:911,-1.2728,-0.3554,9.9795,0.0016,0.0147,9.8066,0.0035,0.087,-0.0308,-14.5,-32.37,-1.94,284.41,-84.49,-145.2
52.383945,-1.51601,140.57,12.57,3,4.72,20 / 20,890329,2019-09-06 18:30:57:011,-0.6499,-1.0062,9.9202,0.0075,-0.0078,9.8066,-0.0267,-0.0483,0.0364,-15.12,-32.5,-2.87,282.75,-84.49,-144.53
52.383945,-1.51601,140.57,12.57,3,4.72,21 / 21,890429,2019-09-06 18:30:57:111,-0.9336,-0.7095,9.9478,-0.0117,-0.0015,9.8066,-0.0437,0.0228,-0.0078,-14.44,-32.06,-1.75,285.72,-84.57,-144.13
52.383945,-1.51601,140.57,12.57,3,4.72,21 / 21,890528,2019-09-06 18:30:57:210,-0.7858,0.1275,9.3232,-0.0195,-0.0026,9.8066,-0.0566,0.0372,-0.0031,-15.12,-32.37,-1.94,288.34,-84.7,-143.26
52.383945,-1.51601,140.57,12.57,3,4.72,21 / 21,890629,2019-09-06 18:30:57:311,-0.681,-1.0082,10.2233,0.0056,-0.0154,9.8066,0.0517,-0.0527,-0.0158,-14.81,-32.87,-2.69,284.82,-84.58,-142.41
52.383945,-1.51601,140.57,12.57,3,4.72,21 / 21,890729,2019-09-06 18:30:57:411,-0.1233,-0.4297,9.6342,0,0.0069,9.8066,0.0227,-0.0027,-0.0338,-15,-32.19,-2.62,285.28,-84.82,-142.8
52.383945,-1.51601,140.57,12.57,3,4.72,21 / 21,890829,2019-09-06 18:30:57:511,-0.3424,0.0499,10.8098,0.0092,0.005,9.8066,0.004,0.044,-0.0831,-14.69,-32.75,-2.44,287.72,-84.83,-143.77
52.383945,-1.51601,140.57,12.57,3,4.72,21 / 21,890928,2019-09-06 18:30:57:610,-0.7771,-0.8413,9.6099,0.0245,0.0291,9.8065,0.0527,-0.056,0.0094,-14,-32.12,-2.5,283.54,-84.95,-147.07
52.383945,-1.51601,140.57,12.57,3,4.72,21 / 21,891029,2019-09-06 18:30:57:711,-0.7619,0.6438,9.7835,0.0106,0.0122,9.8066,0.0231,-0.0744,0.0645,-14.31,-32.06,-2.19,281.62,-85.04,-149.12
52.383945,-1.51601,140.57,12.57,3,4.72,21 / 21,891129,2019-09-06 18:30:57:811,0.064,-1.1501,9.9801,0.0008,0.0007,9.8066,0.0175,0.0021,-0.0243,-13.81,-32.56,-2.25,282.79,-85.09,-147.77
52.383945,-1.51601,140.57,12.57,3,4.72,21 / 21,891229,2019-09-06 18:30:57:911,-1.3635,0.7294,9.884,-0.0136,0.0058,9.8066,0.0185,0.0384,-0.0342,-14.37,-31.94,-3,279.63,-85.3,-147.79
52.383945,-1.51601,140.57,12.57,3,4.72,21 / 21,891329,2019-09-06 18:30:58:011,-0.2112,-0.323,9.4918,0.0085,-0.0057,9.8066,0.0198,-0.0625,0.0872,-14.06,-32.31,-2.81,278.76,-85.31,-148.68
52.383945,-1.51601,140.57,12.57,3,4.72,21 / 21,891428,2019-09-06 18:30:58:110,1.9943,-2.1427,11.048,0.0432,-0.0144,9.8065,0.2801,-0.1052,0.0763,-14,-32.12,-2.44,284.01,-85.03,-146.8
52.383945,-1.51601,140.57,12.57,3,4.72,21 / 21,891529,2019-09-06 18:30:58:211,1.7059,0.6896,8.8806,0.0534,0.0003,9.8064,-0.2401,-0.1161,0.0717,-15.19,-32,-2.94,281.1,-84.83,-146.84
52.383945,-1.51601,140.57,12.57,3,4.72,21 / 21,891628,2019-09-06 18:30:58:310,0.1652,-0.4591,10.4788,0.018,0.0205,9.8065,-0.0519,0.1436,0.0159,-14.5,-31.37,-2.69,281.05,-84.98,-146.06
52.383945,-1.51601,140.57,12.57,3,4.72,21 / 21,891729,2019-09-06 18:30:58:411,-0.6356,-1.935,9.6407,-0.0533,0.0052,9.8064,0.2153,0.1051,-0.0513,-14.56,-32.12,-2.87,285.95,-85.15,-142.85
52.383945,-1.51601,140.57,12.57,3,4.72,21 / 21,891829,2019-09-06 18:30:58:511,-2.6531,-0.3257,10.6011,0.0292,0.0092,9.8066,0.3349,0.0548,-0.0803,-14.19,-32.44,-2.31,285.35,-84.88,-145.19
52.383945,-1.51601,140.57,12.57,3,4.72,21 / 21,891928,2019-09-06 18:30:58:610,0.2011,-0.7979,10.1727,0.027,0.0024,9.8066,0.1688,-0.0474,-0.0091,-14.62,-32.19,-2.19,282.98,-84.73,-148.42
52.383945,-1.51601,140.57,12.57,3,4.72,21 / 21,892029,2019-09-06 18:30:58:711,0.6668,-0.3511,9.1128,-0.0004,-0.0045,9.8065,0.0016,-0.0501,0.0282,-14.56,-32.94,-1.94,280.61,-84.45,-149.73
52.383945,-1.51601,140.57,12.57,3,4.72,21 / 21,892129,2019-09-06 18:30:58:811,0.2588,0.1277,9.8188,-0.0013,-0.0018,9.8066,-0.0449,-0.0011,0.0028,-14.5,-32.25,-2.56,277.18,-84.52,-148.4
52.383945,-1.51601,140.57,12.57,3,4.72,21 / 21,892228,2019-09-06 18:30:58:910,0.4768,-0.4258,9.8195,-0.0111,0.0007,9.8066,-0.0988,-0.027,-0.0604,-14.5,-32.75,-3,279.1,-84.8,-146.81
52.383945,-1.51601,140.57,12.57,3,4.72,21 / 21,892328,2019-09-06 18:30:59:010,0.9304,-0.6173,10.3033,-0.0027,0.0346,9.8065,-0.0561,0.0888,-0.1224,-14.5,-32.5,-3.06,276.48,-84.8,-149.74
52.383945,-1.51601,140.57,12.57,3,4.72,21 / 21,892429,2019-09-06 18:30:59:111,-0.1622,1.1794,8.1863,0.0882,0.0553,9.806,0.0062,-0.0037,0.0072,-14.25,-32.69,-2.19,273.91,-84.6,-155.23
52.383945,-1.51601,140.57,12.57,3,4.72,21 / 21,892528,2019-09-06 18:30:59:210,2.1654,-1.3278,10.3718,0.0197,-0.053,9.8064,0.0743,-0.0882,0.1182,-14.44,-32.25,-2.12,278.11,-84.28,-150.75
52.383945,-1.51601,140.57,12.57,3,4.72,21 / 21,892629,2019-09-06 18:30:59:311,1.0013,-1.2077,10.6983,-0.0846,-0.0349,9.8062,0.0883,0.0593,-0.0462,-14.69,-31.94,-2.12,285.41,-84.73,-146.09
52.383945,-1.51601,140.57,12.57,3,4.72,21 / 21,892729,2019-09-06 18:30:59:411,0.5509,-1.3043,10.9505,0.0364,0.0121,9.8065,-0.0801,0.0622,-0.0407,-14.44,-32,-2.44,283.13,-84.85,-147.25
52.383945,-1.51601,140.57,12.57,3,4.72,21 / 21,892829,2019-09-06 18:30:59:511,-0.1657,-0.8713,9.8402,0.0088,0.0093,9.8066,-0.0545,-0.0451,0.0983,-14.44,-32.31,-2.5,281.55,-84.67,-148.35
52.383945,-1.51601,140.57,12.57,3,4.72,21 / 21,892929,2019-09-06 18:30:59:611,1.8122,0.6018,9.7954,0.0282,0.0236,9.8065,0.0502,-0.1334,-0.1008,-14.31,-32.06,-1.69,277.95,-84.46,-151.34
52.383945,-1.51601,140.57,12.57,3,4.72,21 / 21,893028,2019-09-06 18:30:59:710,-0.0676,-0.6092,9.8807,0.0178,0.0291,9.8065,-0.0315,-0.0319,-0.0617,-14.56,-32.12,-2,274.83,-84.25,-155.29
52.383945,-1.51601,140.57,12.57,3,4.72,21 / 21,893128,2019-09-06 18:30:59:810,-1.0439,1.4704,8.8246,-0.006,0.0034,9.8066,-0.0037,0.0584,0.0618,-13.75,-33,-2.31,274.57,-84.64,-154.67
52.383945,-1.51601,140.57,12.57,3,4.72,21 / 21,893228,2019-09-06 18:30:59:910,1.1536,0.3513,9.0533,-0.0158,0.0093,9.8066,-0.0495,0.0154,-0.0537,-14.37,-32.31,-2.37,276.04,-85.1,-154.69
52.383945,-1.51601,140.57,12.57,3,4.72,21 / 21,893329,2019-09-06 18:31:00:011,0.0441,0.2307,8.9829,-0.0182,-0.0054,9.8065,-0.0576,-0.0058,0.0262,-13.75,-31.56,-2.5,278.13,-85.25,-152.99
52.38489,-1.515938,142.38,10.72,2,2.01,20 / 20,893428,2019-09-06 18:31:00:110,-0.0579,-0.3387,10.0592,0.0054,-0.0072,9.8066,0.1402,-0.0161,0.0025,-13.62,-32.25,-2,277.83,-85.16,-153.07
52.38489,-1.515938,142.38,10.72,2,2.01,20 / 20,893529,2019-09-06 18:31:00:211,0.9582,1.0086,10.451,0.0088,0.002,9.8066,0.171,0.0186,-0.0756,-14,-32.44,-2,276.39,-84.88,-153.85
52.38489,-1.515938,142.38,10.72,2,2.01,20 / 20,893628,2019-09-06 18:31:00:310,2.0564,0.7345,10.6308,-0.0216,-0.0058,9.8065,0.1623,-0.0197,-0.0159,-13.56,-32.56,-1.81,275.2,-84.83,-154.52
52.38489,-1.515938,142.38,10.72,2,2.01,20 / 20,893729,2019-09-06 18:31:00:411,0.8928,0.9658,10.0899,0.0289,0.023,9.8065,-0.0865,-0.0539,0.0349,-13.44,-31.94,-1.94,271.19,-84.76,-157.16
52.38489,-1.515938,142.38,10.72,2,2.01,20 / 20,893828,2019-09-06 18:31:00:510,-0.2741,-0.2557,9.3155,0.0232,0.0231,9.8066,-0.2161,-0.005,-0.0652,-13.69,-32.19,-2.25,271.99,-84.81,-158.02
52.38489,-1.515938,142.38,10.72,2,2.01,20 / 20,893928,2019-09-06 18:31:00:610,0.7983,1.6323,9.502,-0.0216,-0.0026,9.8065,0.0509,-0.0223,-0.0235,-13.37,-32.31,-2.69,266.1,-85.01,-158.86
52.38489,-1.515938,142.38,10.72,2,2.01,20 / 20,894028,2019-09-06 18:31:00:710,0.3619,0.7333,9.4996,-0.0309,-0.0043,9.8066,0.0741,-0.0343,-0.0795,-13.25,-32.19,-2.75,266.52,-85.21,-158.91
52.38489,-1.515938,142.38,10.72,2,2.01,20 / 20,894128,2019-09-06 18:31:00:810,1.3063,-0.9724,9.966,0.0244,0.0026,9.8066,-0.0621,-0.0423,0.0973,-14.12,-31.75,-2.62,268.13,-85.16,-158.87
52.38489,-1.515938,142.38,10.72,2,2.01,20 / 20,894228,2019-09-06 18:31:00:910,1.3357,0.8279,9.647,0.0001,-0.0072,9.8066,0.0124,0.0167,0.0296,-13.06,-31.81,-1.87,272.54,-85.31,-157.2
52.38489,-1.515938,142.38,10.72,2,2.01,20 / 20,894328,2019-09-06 18:31:01:010,-0.512,0.063,10.9382,0.0152,-0.0201,9.8065,-0.0909,-0.0239,-0.0119,-14,-31.81,-2.25,277.16,-85.18,-153.77
52.38489,-1.515938,142.38,10.72,2,2.01,21 / 21,894430,2019-09-06 18:31:01:112,1.6039,0.9698,10.5922,-0.0138,-0.0163,9.8065,0.1007,0.0181,0.0475,-13.69,-32.12,-2.31,279.25,-85.26,-151.92
52.38489,-1.515938,142.38,10.72,2,2.01,21 / 21,894529,2019-09-06 18:31:01:211,1.9091,1.1084,9.4514,0.018,0.0033,9.8066,0.0573,-0.0301,0.0946,-13.81,-32.06,-2,279.22,-85.18,-151.76
52.38489,-1.515938,142.38,10.72,2,2.01,21 / 21,894629,2019-09-06 18:31:01:311,1.242,-1.5246,9.7305,0.0284,-0.0012,9.8066,-0.0454,-0.0064,0.0496,-14.25,-32.19,-2,279.33,-84.9,-151
52.38489,-1.515938,142.38,10.72,2,2.01,21 / 21,894729,2019-09-06 18:31:01:411,-1.1146,0.1791,8.4759,-0.0005,0.0052,9.8066,-0.1427,0.0283,-0.0714,-13.87,-32.5,-2.5,279.95,-85.2,-151.09
52.38489,-1.515938,142.38,10.72,2,2.01,21 / 21,894829,2019-09-06 18:31:01:511,0.091,0.937,9.8696,-0.0084,-0.002,9.8066,0.0751,-0.0843,0.0126,-13.75,-32.12,-2.62,276.13,-85.31,-151.24
52.38489,-1.515938,142.38,10.72,2,2.01,21 / 21,894929,2019-09-06 18:31:01:611,-0.8707,0.8863,8.6599,0.1042,0.0448,9.8059,-0.0324,0.1291,-0.0545,-13.37,-32.81,-1.94,271.41,-84.81,-156.66
52.38489,-1.515938,142.38,10.72,2,2.01,21 / 21,895028,2019-09-06 18:31:01:710,-1.1915,-0.7753,10.6743,0.1843,0.0572,9.8047,0.0115,0.0149,-0.0586,-13.37,-33.19,-1.62,266.33,-84.48,-160.94
52.38489,-1.515938,142.38,10.72,2,2.01,21 / 21,895129,2019-09-06 18:31:01:811,-2.0879,-1.0174,9.2637,0.0123,-0.0115,9.8066,-0.4448,-0.0755,0.0084,-13.25,-32.5,-1.62,267.6,-84.66,-160.53
52.38489,-1.515938,142.38,10.72,2,2.01,21 / 21,895228,2019-09-06 18:31:01:910,-0.322,2.9226,7.9248,-0.0432,-0.0292,9.8065,-0.3198,0.2133,-0.2003,-13.75,-32.44,-2.25,273.98,-85.01,-156.5
52.38489,-1.515938,142.38,10.72,2,2.01,21 / 21,895329,2019-09-06 18:31:02:011,-4.03,1.6292,6.7669,-0.0901,-0.0407,9.8061,-0.2511,0.0394,-0.0667,-13.5,-31.31,-2.62,274.39,-85.88,-153
52.38489,-1.515938,142.38,10.72,2,2.01,20 / 21,895428,2019-09-06 18:31:02:110,-2.6654,-1.6568,9.2911,0.0543,0.0396,9.8063,-0.4951,-0.0668,0.0182,-13.06,-32.06,-3.25,271,-85.62,-155.41
52.38489,-1.515938,142.38,10.72,2,2.01,20 / 21,895529,2019-09-06 18:31:02:211,-1.5277,2.7686,8.4034,-0.0976,-0.0272,9.806,0.1474,0.1315,-0.0803,-12.87,-31.44,-2.06,277.79,-86.04,-154.13
52.38489,-1.515938,142.38,10.72,2,2.01,20 / 21,895628,2019-09-06 18:31:02:310,1.6923,-1.0805,10.2865,0.0425,0.0144,9.8065,-0.0343,-0.0813,0.0059,-12.75,-31.44,-1.62,272.56,-85.49,-157.98
52.38489,-1.515938,142.38,10.72,2,2.01,20 / 21,895728,2019-09-06 18:31:02:410,1.0024,0.1153,9.973,-0.0038,0.0091,9.8066,-0.0951,-0.0776,0.0246,-12.81,-31.94,-2.12,272.66,-85.31,-157.08
52.38489,-1.515938,142.38,10.72,2,2.01,20 / 21,895828,2019-09-06 18:31:02:510,0.0434,0.1326,9.5523,0.0314,0.0073,9.8066,-0.157,0.0637,0.0283,-12.81,-31.44,-2,272.04,-85.26,-157.93
52.38489,-1.515938,142.38,10.72,2,2.01,20 / 21,895929,2019-09-06 18:31:02:611,0.5788,0.3686,9.9507,-0.0445,-0.0114,9.8065,0.053,0.0118,-0.0228,-13.75,-32.31,-2,275.83,-85.6,-156.04
52.38489,-1.515938,142.38,10.72,2,2.01,20 / 21,896029,2019-09-06 18:31:02:711,0.091,-0.3452,9.673,-0.0351,-0.0152,9.8065,0.072,-0.0182,0.0218,-13.19,-32.44,-3.19,271.23,-85.74,-155.49
52.38489,-1.515938,142.38,10.72,2,2.01,20 / 21,896129,2019-09-06 18:31:02:811,0.1262,0.4249,9.9722,0.0044,0.0049,9.8066,-0.0192,-0.0143,0.0532,-12.94,-31.94,-2.69,271.25,-85.73,-155.44
52.38489,-1.515938,142.38,10.72,2,2.01,20 / 21,896228,2019-09-06 18:31:02:910,1.3792,1.0431,9.9532,0.0155,0.005,9.8066,0.0546,0.0284,-0.076,-12.75,-31.5,-2.87,271.99,-85.73,-155.02
52.38489,-1.515938,142.38,10.72,2,2.01,20 / 21,896328,2019-09-06 18:31:03:010,1.0713,-0.0863,10.4527,0.095,0.0221,9.8061,-0.2743,0.0612,-0.0468,-13.69,-31.69,-2.19,277.44,-85.98,-155.35
52.38489,-1.515938,142.38,10.72,2,2.01,20 / 20,896429,2019-09-06 18:31:03:111,0.1727,1.3385,9.8171,0.0621,0.0255,9.8064,0.0971,-0.0207,0.0757,-12.94,-31.81,-2.5,271.43,-85.47,-158.72
52.38489,-1.515938,142.38,10.72,2,2.01,20 / 20,896529,2019-09-06 18:31:03:211,-0.6625,0.8861,9.9564,0.0214,-0.0237,9.8066,-0.0696,0.0766,-0.0691,-13.5,-32.75,-2.12,274.95,-85.4,-154.68
52.38489,-1.515938,142.38,10.72,2,2.01,20 / 20,896628,2019-09-06 18:31:03:310,0.132,-0.1783,9.0469,-0.0056,-0.009,9.8066,0.0162,-0.0322,0.0917,-13.87,-31.75,-2.44,279.24,-85.52,-152.53
52.38489,-1.515938,142.38,10.72,2,2.01,20 / 20,896729,2019-09-06 18:31:03:411,-0.1243,0.1136,9.153,-0.0194,-0.0229,9.8065,-0.0517,0.0142,0.0126,-13.62,-31.81,-2.19,284.81,-85.54,-147.19
52.38489,-1.515938,142.38,10.72,2,2.01,20 / 20,896829,2019-09-06 18:31:03:511,0.1097,-0.0372,9.343,-0.0391,-0.0294,9.8065,-0.1223,-0.0075,0.0605,-13.81,-32.31,-2.56,284.76,-85.55,-143.43
52.38489,-1.515938,142.38,10.72,2,2.01,20 / 20,896929,2019-09-06 18:31:03:611,0.6251,0.0606,9.7084,-0.0139,-0.0145,9.8066,0.0272,0.0426,0.0131,-14.19,-32.25,-2.94,286.11,-85.47,-141.96
52.38489,-1.515938,142.38,10.72,2,2.01,20 / 20,897029,2019-09-06 18:31:03:711,0.3419,-0.1506,9.5497,-0.0016,-0.0013,9.8066,-0.0146,-0.0069,0.0543,-14,-31.44,-2.87,286.89,-85.35,-141.27
52.38489,-1.515938,142.38,10.72,2,2.01,20 / 20,897129,2019-09-06 18:31:03:811,0.6165,0.0116,9.9282,0.0164,0.002,9.8066,0.0813,-0.011,-0.037,-14.5,-32.19,-2.5,290.3,-85.32,-141.51
52.38489,-1.515938,142.38,10.72,2,2.01,20 / 20,897229,2019-09-06 18:31:03:911,0.5309,0.8638,9.8393,-0.0157,0.0116,9.8066,-0.0191,0.0109,0.014,-13.31,-32.19,-2.69,283.29,-85.36,-142.76
52.38489,-1.515938,142.38,10.72,2,2.01,20 / 20,897329,2019-09-06 18:31:04:011,0.4842,0.4871,9.9457,0.0294,0.0136,9.8065,-0.0146,0.0376,-0.0501,-13.75,-32.06,-2.56,282.29,-85.36,-145.36
52.38489,-1.515938,142.38,10.72,2,2.01,20 / 20,897428,2019-09-06 18:31:04:110,-1.0531,0.5287,9.9599,-0.0093,0.0119,9.8066,-0.0534,0.0946,-0.0563,-13.62,-32.12,-2.25,282.93,-85.45,-148.78
52.38489,-1.515938,142.38,10.72,2,2.01,20 / 20,897529,2019-09-06 18:31:04:211,0.7118,-0.022,10.6431,0.0023,-0.0126,9.8066,0.0794,-0.0388,-0.0422,-13.62,-32.12,-2.06,282.65,-85.25,-148.61
52.38489,-1.515938,142.38,10.72,2,2.01,20 / 20,897629,2019-09-06 18:31:04:311,0.2177,1.8369,8.7721,0.0032,0.026,9.8065,-0.0453,0.1998,-0.2,-13.37,-32.25,-1.94,277.05,-85.43,-153.04
52.38489,-1.515938,142.38,10.72,2,2.01,20 / 20,897730,2019-09-06 18:31:04:412,0.668,-1.6061,9.6429,0.0088,0.0015,9.8066,-0.0575,-0.0817,0.0636,-12.87,-32.37,-1.81,276.78,-85.32,-153.05
52.38489,-1.515938,142.38,10.72,2,2.01,20 / 20,897829,2019-09-06 18:31:04:511,-0.7403,0.7214,9.3439,-0.0275,0.0046,9.8066,-0.1118,0.1076,-0.177,-12.56,-32.25,-1.87,276.22,-85.48,-153.99
52.38489,-1.515938,142.38,10.72,2,2.01,20 / 20,897929,2019-09-06 18:31:04:611,-1.4272,0.9833,10.42,-0.0046,0.0039,9.8066,0.2027,-0.0502,0.0505,-12.94,-31.87,-1.94,275.99,-85.62,-154.56
52.38489,-1.515938,142.38,10.72,2,2.01,20 / 20,898028,2019-09-06 18:31:04:710,-0.2361,0.5946,9.7247,0.01,-0.003,9.8066,0.0477,0.0375,-0.0292,-13.06,-32.56,-1.94,275.48,-85.63,-154.75
52.38489,-1.515938,142.38,10.72,2,2.01,20 / 20,898129,2019-09-06 18:31:04:811,-0.35,-0.0301,9.9163,0.0034,-0.0022,9.8066,0.0606,-0.093,0.0589,-12.81,-31.81,-1.94,275.92,-85.46,-154.24
52.38489,-1.515938,142.38,10.72,2,2.01,20 / 20,898228,2019-09-06 18:31:04:910,-0.2224,0.8813,9.8712,-0.0186,-0.0109,9.8066,-0.045,0.0168,-0.1192,-13.19,-32.06,-2,277.52,-85.51,-152.79
52.38489,-1.515938,142.38,10.72,2,2.01,20 / 20,898329,2019-09-06 18:31:05:011,-0.7566,-0.782,10.1718,-0.0163,-0.0135,9.8065,0.0439,0.0538,0.0173,-12.62,-31.94,-2.56,275.07,-85.47,-151.01
52.38489,-1.515938,142.38,10.72,2,2.01,21 / 21,898429,2019-09-06 18:31:05:111,0.4612,0.1871,10.1057,0.0168,0.0162,9.8066,-0.0144,-0.0015,-0.0188,-12.44,-32.19,-2.12,275.89,-85.44,-152.58
52.38489,-1.515938,142.38,10.72,2,2.01,21 / 21,898528,2019-09-06 18:31:05:210,0.0534,0.1334,9.7625,0.0257,0.0153,9.8066,-0.0203,0.0064,-0.0387,-13.06,-31.56,-2.56,270.78,-85.29,-154.82
52.38489,-1.515938,142.38,10.72,2,2.01,21 / 21,898629,2019-09-06 18:31:05:311,1.5521,0.8487,9.4502,0.0074,-0.005,9.8066,0.0665,0.0137,0.0101,-12.69,-32.44,-2.06,273.48,-85.06,-155.64
52.38489,-1.515938,142.38,10.72,2,2.01,21 / 21,898730,2019-09-06 18:31:05:412,-0.0357,-0.2558,9.5195,-0.0044,-0.0068,9.8066,-0.1421,0.0039,0.0438,-12.75,-31.56,-2.5,274.5,-85.06,-154.63
52.38489,-1.515938,142.38,10.72,2,2.01,21 / 21,898829,2019-09-06 18:31:05:511,-0.5163,-0.3916,9.871,-0.0203,-0.0027,9.8066,-0.0994,-0.0086,-0.0167,-13,-31.94,-1.94,277.12,-85.26,-152.56
52.38489,-1.515938,142.38,10.72,2,2.01,21 / 21,898928,2019-09-06 18:31:05:610,-0.2582,0.361,10.0507,0.008,-0.0101,9.8066,0.0023,-0.0585,0.0251,-12.19,-31.75,-1.94,277.14,-85.36,-151.15
52.38489,-1.515938,142.38,10.72,2,2.01,21 / 21,899029,2019-09-06 18:31:05:711,0.3024,-0.3613,10.0314,0.0059,0.0149,9.8066,0.0143,0.0112,-0.0294,-12.69,-31.37,-1.62,277.31,-85.28,-152.79
52.38489,-1.515938,142.38,10.72,2,2.01,21 / 21,899129,2019-09-06 18:31:05:811,-0.5665,0.1564,9.6105,0.022,0.0071,9.8065,-0.0044,0.0079,-0.0189,-12.94,-32,-2.5,274.82,-85.07,-154.34
52.38489,-1.515938,142.38,10.72,2,2.01,21 / 21,899228,2019-09-06 18:31:05:910,0.0013,0.1823,9.5239,-0.0144,-0.0089,9.8065,0.0182,-0.029,0.0251,-12.94,-32.06,-2,274.7,-85.02,-154.35
52.38489,-1.515938,142.38,10.72,2,2.01,21 / 21,899328,2019-09-06 18:31:06:010,-0.0342,0.0444,9.2805,-0.0228,-0.007,9.8066,-0.1011,-0.0239,0.0254,-12.37,-32.06,-1.75,273.76,-85.09,-153.73
52.38489,-1.515938,142.38,10.72,2,2.01,20 / 20,899429,2019-09-06 18:31:06:111,-0.8137,-1.4335,10.3301,0.0086,-0.0017,9.8066,-0.0286,-0.0495,0.0618,-12.75,-32.62,-2.12,276.69,-85.18,-152.43
52.38489,-1.515938,142.38,10.72,2,2.01,20 / 20,899529,2019-09-06 18:31:06:211,1.1456,-0.5891,10.8457,-0.0178,-0.0052,9.8065,0.0118,0.0753,-0.0507,-12.44,-32.56,-1.75,275.45,-85.22,-152.03
52.38489,-1.515938,142.38,10.72,2,2.01,20 / 20,899628,2019-09-06 18:31:06:310,-0.0714,-1.3286,10.6801,0.0616,0.041,9.8064,0.1067,0.0187,-0.0129,-12.06,-32.75,-2.62,266.92,-84.87,-155.21
52.38489,-1.515938,142.38,10.72,2,2.01,20 / 20,899728,2019-09-06 18:31:06:410,1.5919,3.0008,10.3918,-0.0207,0.0012,9.8065,0.142,-0.0172,-0.0676,-12.31,-32.69,-1.37,277.15,-85.13,-154.67
52.38489,-1.515938,142.38,10.72,2,2.01,20 / 20,899829,2019-09-06 18:31:06:511,2.6723,0.122,10.7386,0.0856,0.0275,9.8061,0.2384,0.0116,0.0064,-12.06,-32.19,-2.19,267.78,-84.9,-159.2
52.38489,-1.515938,142.38,10.72,2,2.01,20 / 20,899928,2019-09-06 18:31:06:610,-1.9315,2.2491,9.7064,0.0356,0.0273,9.8065,-0.1352,0.115,-0.1317,-12.56,-32.06,-2,270.54,-85.19,-158.9
52.38489,-1.515938,142.38,10.72,2,2.01,20 / 20,900029,2019-09-06 18:31:06:711,0.6867,-0.0627,9.5366,0.0194,-0.0044,9.8066,-0.0224,0.0204,0.0573,-12.87,-31.94,-2.5,271.12,-85.38,-158.79
52.38489,-1.515938,142.38,10.72,2,2.01,20 / 20,900129,2019-09-06 18:31:06:811,-0.6195,-0.5304,9.5507,0.0198,0.0046,9.8066,0.0015,-0.0126,0.0483,-12.69,-32,-2.25,271.45,-85.25,-158.14
52.38489,-1.515938,142.38,10.72,2,2.01,20 / 20,900229,2019-09-06 18:31:06:911,0.318,0.3038,9.5158,-0.0214,-0.0095,9.8065,-0.0454,0.0539,-0.0215,-12.37,-32,-2.06,270.56,-85.4,-157.74
52.38489,-1.515938,142.38,10.72,2,2.01,20 / 20,900329,2019-09-06 18:31:07:011,-0.4204,-1.0203,9.9585,-0.0074,-0.0069,9.8066,0.0593,-0.0122,-0.0212,-12.75,-32.06,-2.19,272.54,-85.33,-157.26
52.38489,-1.515938,142.38,10.72,2,2.01,20 / 20,900428,2019-09-06 18:31:07:110,-0.3017,0.3084,10.2016,-0.0229,0.0037,9.8066,-0.0133,0.0194,-0.0417,-12.31,-31.81,-2.31,269.86,-85.37,-158.37
52.38489,-1.515938,142.38,10.72,2,2.01,20 / 20,900529,2019-09-06 18:31:07:211,-0.3266,-0.2566,10.5925,-0.0142,0.0109,9.8065,0.0212,-0.016,-0.046,-11.69,-31.94,-2.69,263.36,-85.45,-160.83
52.38489,-1.515938,142.38,10.72,2,2.01,20 / 20,900628,2019-09-06 18:31:07:310,0.7004,0.2059,9.6874,0.0136,0.0203,9.8066,-0.0088,-0.0163,-0.0633,-11.56,-32.81,-1.5,267.41,-85.37,-165.02
52.38489,-1.515938,142.38,10.72,2,2.01,20 / 20,900729,2019-09-06 18:31:07:411,-0.0564,-0.3397,9.5134,0.0164,0.0037,9.8065,0.0039,-0.048,0.0224,-11.94,-32.5,-2,262.31,-85.26,-165.76
52.38489,-1.515938,142.38,10.72,2,2.01,20 / 20,900829,2019-09-06 18:31:07:511,0.1124,0.0701,9.8144,-0.0234,-0.0217,9.8066,-0.0684,-0.0091,-0.0027,-12.37,-32.37,-2.37,264.3,-85.49,-164.33
52.38489,-1.515938,142.38,10.72,2,2.01,20 / 20,900928,2019-09-06 18:31:07:610,-0.2577,0.052,9.6524,-0.0276,-0.0121,9.8066,0.1575,0.0162,-0.0318,-12.06,-32.5,-2.06,264.13,-85.5,-164.54
52.38489,-1.515938,142.38,10.72,2,2.01,20 / 20,901028,2019-09-06 18:31:07:710,-0.5198,0.7707,8.7073,0.0651,0.011,9.8063,0.0923,-0.0417,0.0658,-12.25,-32.69,-2.12,264.65,-85.43,-163.43
52.38489,-1.515938,142.38,10.72,2,2.01,20 / 20,901128,2019-09-06 18:31:07:810,-0.9826,0.4379,12.042,0.0995,0.0276,9.8061,0.1101,0.0319,-0.0777,-12.56,-32.87,-1.5,268.52,-84.83,-163.85
52.38489,-1.515938,142.38,10.72,2,2.01,20 / 20,901229,2019-09-06 18:31:07:911,-1.6236,-0.4068,8.8637,0.01,-0.0086,9.8066,-0.0346,-0.0493,0.0714,-13.12,-32.87,-1.94,266.23,-84.9,-162.13
52.38489,-1.515938,142.38,10.72,2,2.01,20 / 20,901328,2019-09-06 18:31:08:010,-0.5535,0.1466,10.1051,-0.0298,-0.0149,9.8065,-0.242,-0.0379,0.0073,-12.31,-32,-0.87,269.88,-84.77,-161.28
52.38489,-1.515938,142.38,10.72,2,2.01,20 / 20,901428,2019-09-06 18:31:08:110,-0.5492,-0.0575,9.6573,-0.0054,-0.017,9.8066,-0.1412,0.0115,0.0269,-12.56,-32.06,-1.94,271.87,-85.13,-157.42
52.38489,-1.515938,142.38,10.72,2,2.01,20 / 20,901528,2019-09-06 18:31:08:210,0.1302,0.127,9.3265,0.0068,-0.0085,9.8066,-0.0849,-0.0129,0.0147,-12.81,-32.19,-2.19,274.96,-85.26,-154.69
52.38489,-1.515938,142.38,10.72,2,2.01,20 / 20,901629,2019-09-06 18:31:08:311,-0.0037,-0.208,9.8387,0.0074,-0.0039,9.8066,-0.0849,-0.0121,-0.0269,-12.5,-32.19,-2.25,274.19,-85.2,-153.61
52.38489,-1.515938,142.38,10.72,2,2.01,20 / 20,901728,2019-09-06 18:31:08:410,-0.0675,0.0842,10.2481,0.0075,-0.0047,9.8066,0.0192,0.0109,0.0193,-12.44,-32.31,-2.62,269.99,-85.16,-153.31
52.38489,-1.515938,142.38,10.72,2,2.01,20 / 20,901829,2019-09-06 18:31:08:511,-0.5935,-0.3891,10.2307,0.0016,0.001,9.8066,0.0068,-0.0139,-0.0416,-12.31,-32.31,-2.56,270.46,-85.12,-152.75
52.38489,-1.515938,142.38,10.72,2,2.01,20 / 20,901929,2019-09-06 18:31:08:611,-0.7887,0.0537,9.8295,-0.0021,0.0027,9.8066,-0.0148,0.0208,0.0089,-12.69,-32,-2.19,275.62,-85.15,-153.76
52.38489,-1.515938,142.38,10.72,2,2.01,20 / 20,902029,2019-09-06 18:31:08:711,0.9551,0.3167,11.8382,0.0156,-0.001,9.8065,0.108,-0.0088,0.0463,-12.87,-31.87,-2.62,270.86,-84.98,-153.99
52.38489,-1.515938,142.38,10.72,2,2.01,20 / 20,902129,2019-09-06 18:31:08:811,2.5102,0.7877,9.386,0.1904,0.0699,9.8045,-0.2553,0.0315,-0.0302,-12.19,-32.19,-1.94,269.12,-84.25,-156.06
52.38489,-1.515938,142.38,10.72,2,2.01,20 / 20,902228,2019-09-06 18:31:08:910,3.7964,1.2295,11.9725,0.1393,0.0452,9.8055,0.1013,0.0104,0.0195,-13,-32.5,-2.06,272.23,-84.32,-155.03
52.38489,-1.515938,142.38,10.72,2,2.01,20 / 20,902328,2019-09-06 18:31:09:010,2.468,-0.2645,11.1166,0.0915,0.0413,9.8061,-0.2999,0.0343,-0.1193,-12.5,-32.25,-2,274.73,-84.81,-152.02
52.38584,-1.515933,143.51,11.98,2,358.45,20 / 20,902430,2019-09-06 18:31:09:112,1.0344,0.1613,10.3937,0.079,0.0526,9.8061,0.009,-0.0502,-0.0211,-12.19,-32.56,-1.44,272.88,-84.45,-156.91
52.38584,-1.515933,143.51,11.98,2,358.45,20 / 20,902528,2019-09-06 18:31:09:210,0.2167,-0.3797,9.4813,0.0052,0.0191,9.8066,-0.1226,-0.0079,-0.0266,-12.37,-32.75,-1.75,266.67,-84.59,-159.03
52.38584,-1.515933,143.51,11.98,2,358.45,20 / 20,902628,2019-09-06 18:31:09:310,-1.1304,-0.8753,9.3166,0.0156,0.0197,9.8066,-0.1017,0.0213,-0.0784,-11.94,-33.06,-2.37,264.67,-84.64,-161.22
52.38584,-1.515933,143.51,11.98,2,358.45,20 / 20,902729,2019-09-06 18:31:09:411,-0.1678,0.0391,9.8534,-0.0173,0.0145,9.8066,-0.0229,-0.0069,0.0386,-11.94,-32.62,-2.31,263.25,-84.8,-163.12
52.38584,-1.515933,143.51,11.98,2,358.45,20 / 20,902829,2019-09-06 18:31:09:511,0.9601,-0.1907,9.7073,-0.0141,-0.0124,9.8066,-0.0508,0.0597,-0.0246,-11.69,-32.87,-1.75,262.76,-84.97,-164.09
52.38584,-1.515933,143.51,11.98,2,358.45,20 / 20,902929,2019-09-06 18:31:09:611,-0.2216,1.3502,8.8132,0.0334,0.0225,9.8065,-0.1827,0.0966,-0.0406,-12.87,-32.5,-2.25,263.86,-84.91,-164.97
52.38584,-1.515933,143.51,11.98,2,358.45,20 / 20,903029,2019-09-06 18:31:09:711,0.6147,0.4474,10.2182,-0.0269,-0.0082,9.8066,-0.0996,0.0369,-0.0017,-12.25,-32.5,-2,262.43,-84.94,-164.78
52.38584,-1.515933,143.51,11.98,2,358.45,20 / 20,903129,2019-09-06 18:31:09:811,-0.1603,-1.0277,10.0454,-0.0063,0.015,9.8066,0.021,0.1139,-0.077,-11.81,-32.37,-1.06,265.94,-84.98,-165.85
52.38584,-1.515933,143.51,11.98,2,358.45,20 / 20,903228,2019-09-06 18:31:09:910,0.1174,0.5154,10.4017,-0.0178,-0.0077,9.8066,0.0001,-0.0016,0.0372,-11.56,-32.31,-1.56,259.38,-84.87,-167.79
52.38584,-1.515933,143.51,11.98,2,358.45,20 / 20,903330,2019-09-06 18:31:10:012,1.2987,0.1117,10.6605,-0.0817,-0.041,9.8062,0.1569,-0.1022,0.1124,-11.69,-32.5,-1.5,265.57,-85.15,-166.67
52.38584,-1.515933,143.51,11.98,2,358.45,21 / 21,903428,2019-09-06 18:31:10:110,-0.3175,0.3192,10.5055,0.0402,0.0266,9.8065,0.1156,-0.0075,-0.1256,-11.75,-31.5,-1.25,265.4,-84.94,-166.73
52.38584,-1.515933,143.51,11.98,2,358.45,21 / 21,903529,2019-09-06 18:31:10:211,0.0586,-0.5112,10.631,0.0169,0.0056,9.8066,0.1417,-0.0438,0.1629,-11.69,-32.19,-1.5,264.57,-84.91,-167.07
52.38584,-1.515933,143.51,11.98,2,358.45,21 / 21,903628,2019-09-06 18:31:10:310,0.2383,0.6875,9.6394,0.0148,0.0101,9.8066,0.1012,0.0829,-0.0403,-11.69,-32.25,-0.94,262.67,-84.49,-167.88
52.38584,-1.515933,143.51,11.98,2,358.45,21 / 21,903728,2019-09-06 18:31:10:410,0.3099,-0.6912,10.2428,0.0096,0.0065,9.8066,-0.0318,0.043,-0.0568,-11.94,-33,-1.06,261.02,-84.16,-168.2
52.38584,-1.515933,143.51,11.98,2,358.45,21 / 21,903828,2019-09-06 18:31:10:510,-0.786,0.6374,9.3196,-0.0013,-0.0048,9.8066,-0.0135,0.0208,0.0577,-11.31,-32,-1.62,255.17,-84.29,-168.54
52.38584,-1.515933,143.51,11.98,2,358.45,21 / 21,903929,2019-09-06 18:31:10:611,0.8413,-0.3142,9.2315,0.0054,0.0081,9.8066,-0.0009,-0.022,-0.0703,-11.19,-32.31,-1,259.66,-84.34,-168.79
52.38584,-1.515933,143.51,11.98,2,358.45,21 / 21,904029,2019-09-06 18:31:10:711,1.3124,0.3296,9.8714,-0.0067,0.01,9.8066,0.0594,0.037,-0.0185,-11.69,-33.06,-1.06,259.59,-84.38,-170.32
52.38584,-1.515933,143.51,11.98,2,358.45,21 / 21,904128,2019-09-06 18:31:10:810,-0.8189,-0.6616,10.7917,0.024,0.0218,9.8066,-0.0637,0.0038,0.0058,-11.25,-32.06,-1.12,256.83,-84.27,-171.61
52.38584,-1.515933,143.51,11.98,2,358.45,21 / 21,904228,2019-09-06 18:31:10:910,0.1414,-0.86,10.7418,0.0154,-0.0076,9.8065,-0.0753,-0.1086,0.0676,-11.31,-32.44,-1.25,256.64,-84.16,-171.48
52.38584,-1.515933,143.51,11.98,2,358.45,21 / 21,904328,2019-09-06 18:31:11:010,0.271,-0.2188,10.1575,-0.0073,-0.0205,9.8066,0.2028,-0.0225,0.0169,-11.56,-33,-0.94,257.93,-83.81,-170.49
52.38584,-1.515933,143.51,11.98,2,358.45,20 / 20,904429,2019-09-06 18:31:11:111,1.1195,-0.9546,9.8983,0.0279,-0.0212,9.8065,0.2202,-0.1252,0.1769,-12.44,-32.19,-1,261.7,-83.52,-166.2
52.38584,-1.515933,143.51,11.98,2,358.45,20 / 20,904528,2019-09-06 18:31:11:210,1.5899,0.3511,9.9374,-0.0867,-0.0381,9.8061,0.0201,-0.0654,-0.029,-12.19,-32.25,-0.5,269.23,-84,-164.5
52.38584,-1.515933,143.51,11.98,2,358.45,20 / 20,904628,2019-09-06 18:31:11:310,0.9423,-0.3528,10.5359,0.0284,-0.0019,9.8065,0.1212,-0.0659,-0.0619,-12.75,-31.94,-1.56,263.9,-84.35,-163.54
52.38584,-1.515933,143.51,11.98,2,358.45,20 / 20,904729,2019-09-06 18:31:11:411,1.4549,-0.5271,9.7719,-0.0529,-0.0264,9.8065,0.1219,-0.0518,0.1319,-12.44,-32.37,-1.69,264.73,-84.57,-161.41
52.38584,-1.515933,143.51,11.98,2,358.45,20 / 20,904829,2019-09-06 18:31:11:511,0.4535,-0.0958,9.9292,0.0242,0.0095,9.8066,0.0698,-0.0069,-0.0421,-11.69,-32.62,-0.94,267.63,-84.37,-161.95
52.38584,-1.515933,143.51,11.98,2,358.45,20 / 20,904928,2019-09-06 18:31:11:610,-0.6888,-0.1381,10.7604,0.0128,-0.0098,9.8066,0.1404,-0.0893,0.1062,-12.56,-32.56,-1.69,265.89,-84.36,-161.09
52.38584,-1.515933,143.51,11.98,2,358.45,20 / 20,905028,2019-09-06 18:31:11:710,0.8601,-1.2386,11.288,0.0492,0.0097,9.8065,0.2748,-0.0188,0.0412,-12.62,-32.5,-0.94,269.71,-83.96,-160.84
52.38584,-1.515933,143.51,11.98,2,358.45,20 / 20,905128,2019-09-06 18:31:11:810,0.6614,1.3954,10.0006,0.0175,0.0153,9.8066,-0.0897,-0.1481,0.0724,-12.12,-32.44,-1.75,262.96,-84.02,-161.76
52.38584,-1.515933,143.51,11.98,2,358.45,20 / 20,905228,2019-09-06 18:31:11:910,0.1371,-0.5482,10.3207,0.0055,0.0006,9.8066,0.0802,-0.0794,0.0003,-12.25,-32.44,-1.12,267.09,-83.87,-161.59
52.38584,-1.515933,143.51,11.98,2,358.45,20 / 20,905328,2019-09-06 18:31:12:010,0.3838,0.7658,9.4758,-0.0174,0.0104,9.8066,-0.0331,-0.0155,-0.022,-11.87,-32.75,-1.12,265.22,-83.98,-163.32
52.38584,-1.515933,143.51,11.98,2,358.45,21 / 21,905429,2019-09-06 18:31:12:111,0.0366,0.4876,9.5144,-0.0076,0.0095,9.8066,0.0072,0.0028,-0.0376,-11.69,-31.94,-1,264.8,-84.11,-164.62
52.38584,-1.515933,143.51,11.98,2,358.45,21 / 21,905528,2019-09-06 18:31:12:210,0.5313,-0.4446,9.4002,-0.0066,-0.001,9.8066,-0.1291,0.0315,-0.0352,-12,-32.5,-1.19,265.71,-84.32,-164.25
52.38584,-1.515933,143.51,11.98,2,358.45,21 / 21,905629,2019-09-06 18:31:12:311,-0.1471,0.2872,9.0879,-0.0011,0.0088,9.8065,0.0738,0.0219,0.0158,-11.56,-32.62,-1.87,261.33,-84.52,-164.34
52.38584,-1.515933,143.51,11.98,2,358.45,21 / 21,905729,2019-09-06 18:31:12:411,-0.0165,-0.1555,9.5685,0.0275,0.016,9.8065,-0.1214,-0.1018,0.0099,-11.69,-31.25,-1.69,262.35,-84.63,-164.48
52.38584,-1.515933,143.51,11.98,2,358.45,21 / 21,905828,2019-09-06 18:31:12:510,-1.6563,-1.4738,10.3423,-0.0119,-0.0229,9.8066,-0.065,0.0686,-0.0146,-11.5,-32.19,-2,259.92,-84.6,-164.38
52.38584,-1.515933,143.51,11.98,2,358.45,21 / 21,905928,2019-09-06 18:31:12:610,-0.6857,-0.3213,10.1803,-0.002,0.0106,9.8066,0.0645,-0.0264,-0.0224,-11.19,-32.19,-1.5,264.14,-84.41,-164.3
52.38584,-1.515933,143.51,11.98,2,358.45,21 / 21,906029,2019-09-06 18:31:12:711,0.0793,0.3083,9.7621,0.0226,0.0018,9.8066,0.0089,0.0166,0.0135,-11.69,-32.31,-1.19,263.79,-84.18,-165.84
52.38584,-1.515933,143.51,11.98,2,358.45,21 / 21,906128,2019-09-06 18:31:12:810,-0.6528,-0.0001,9.6662,-0.0157,-0.0043,9.8066,-0.0056,0.0358,0.0237,-11.31,-32.81,-1.44,261.96,-84.26,-165.59
52.38584,-1.515933,143.51,11.98,2,358.45,21 / 21,906228,2019-09-06 18:31:12:910,0.7296,0.2218,9.5467,0.0091,0.0084,9.8066,0.0206,-0.0247,-0.0027,-11.94,-32.44,-1.62,259.86,-84.46,-166.18
52.38584,-1.515933,143.51,11.98,2,358.45,21 / 21,906328,2019-09-06 18:31:13:010,-0.1653,-0.2597,9.8708,0.0188,0.0099,9.8065,-0.0559,0.0314,-0.0037,-11.19,-31.5,-2.06,258.2,-84.49,-166.38
52.38584,-1.515933,143.51,11.98,2,358.45,21 / 21,906428,2019-09-06 18:31:13:110,0.1299,0.4339,9.4453,-0.0222,-0.0036,9.8065,-0.0827,0.0435,0.0165,-11.19,-31.94,-1.94,257.53,-84.4,-166.32
52.38584,-1.515933,143.51,11.98,2,358.45,21 / 21,906529,2019-09-06 18:31:13:211,0.261,0.1185,10.0829,-0.0059,0.0036,9.8066,0.1121,-0.0132,-0.0285,-11.31,-31.87,-1.56,256.53,-84.37,-167.31
52.38584,-1.515933,143.51,11.98,2,358.45,21 / 21,906628,2019-09-06 18:31:13:310,-1.1016,0.0275,9.9808,-0.0046,0.0004,9.8066,-0.0108,0.0298,-0.0602,-11.5,-31.75,-1.31,260.63,-84.33,-167.72
52.38584,-1.515933,143.51,11.98,2,358.45,21 / 21,906729,2019-09-06 18:31:13:411,-0.3094,0.0605,9.9979,0.0021,0.0047,9.8066,-0.0172,-0.0206,0.0543,-11.56,-31.87,-1.62,257.73,-84.3,-168
52.38584,-1.515933,143.51,11.98,2,358.45,21 / 21,906829,2019-09-06 18:31:13:511,0.5035,-0.5374,10.2278,-0.0099,0.0064,9.8066,0.0298,0.0059,-0.0729,-12,-32.12,-1.75,257.05,-84.42,-169.04
52.38584,-1.515933,143.51,11.98,2,358.45,21 / 21,906929,2019-09-06 18:31:13:611,-0.3374,-0.7579,10.6124,0.0116,0.0024,9.8065,0.0167,0.0131,-0.0489,-11.94,-31.75,-1.62,256.77,-84.31,-169.05
52.38584,-1.515933,143.51,11.98,2,358.45,21 / 21,907029,2019-09-06 18:31:13:711,1.0667,0.0563,9.9804,0.0083,0.0208,9.8066,0.1148,0.0121,-0.0585,-11.87,-32.12,-1.12,260.13,-84.29,-169.99
52.38584,-1.515933,143.51,11.98,2,358.45,21 / 21,907128,2019-09-06 18:31:13:810,-0.4341,0.4198,10.8197,0.0059,-0.0156,9.8066,0.0966,-0.1199,0.0074,-11.25,-32.06,-1.87,253.26,-84.24,-170.47
52.38584,-1.515933,143.51,11.98,2,358.45,21 / 21,907229,2019-09-06 18:31:13:911,0.1867,0.6382,9.365,0.0258,0.0009,9.8065,0.0774,-0.0103,-0.0634,-12.44,-31.69,-1.75,253.67,-84.12,-171.89
52.38584,-1.515933,143.51,11.98,2,358.45,21 / 21,907329,2019-09-06 18:31:14:011,-0.2725,-0.3931,9.9065,0.0225,0.0045,9.8066,-0.0573,0.0343,-0.0368,-11.56,-30.56,-1.37,259.14,-84.16,-171.17
52.38584,-1.515933,143.51,11.98,2,358.45,21 / 21,907429,2019-09-06 18:31:14:111,-0.0322,0.1891,9.7238,-0.0105,-0.0131,9.8066,-0.0337,0.0051,0.0025,-11.87,-29.87,-0.75,261.28,-84.48,-170.23
52.38584,-1.515933,143.51,11.98,2,358.45,21 / 21,907528,2019-09-06 18:31:14:210,-0.9062,-0.0131,9.3565,-0.012,-0.0147,9.8066,0.0168,-0.0275,0.0324,-11.44,-29.5,-1,261.62,-84.54,-168.84
52.38584,-1.515933,143.51,11.98,2,358.45,21 / 21,907629,2019-09-06 18:31:14:311,1.1584,-0.0604,10.0486,0.0106,0.0005,9.8066,0.0694,-0.0516,-0.0105,-10.69,-30.06,-1.12,260.84,-84.54,-169.17
52.38584,-1.515933,143.51,11.98,2,358.45,21 / 21,907729,2019-09-06 18:31:14:411,-0.2912,-0.5556,9.9752,0.0011,-0.0074,9.8066,0.0736,0.0129,0.0391,-11.37,-31.87,-1.81,255.48,-84.43,-168.61
52.38584,-1.515933,143.51,11.98,2,358.45,21 / 21,907829,2019-09-06 18:31:14:511,0.1598,0.3859,9.9131,0.0026,-0.0014,9.8066,-0.0119,0.0585,0.004,-11.5,-31.25,-1.44,261.45,-84.36,-167.48
52.38584,-1.515933,143.51,11.98,2,358.45,21 / 21,907929,2019-09-06 18:31:14:611,0.1039,0.0721,10.2513,0.0071,0.0031,9.8066,0.0453,0.0029,-0.0112,-10.75,-32.12,-1.06,261.43,-84.38,-167.04
52.38584,-1.515933,143.51,11.98,2,358.45,21 / 21,908029,2019-09-06 18:31:14:711,0.6982,0.0308,9.4793,-0.0077,-0.0144,9.8066,0.0697,0.0098,0.0198,-11.81,-31.87,-2.06,260.02,-84.46,-166.01
52.38584,-1.515933,143.51,11.98,2,358.45,21 / 21,908129,2019-09-06 18:31:14:811,-0.2339,0.0051,9.5178,-0.0023,-0.0065,9.8066,-0.0646,-0.0038,-0.0124,-11.25,-32.69,-1.69,258.14,-84.51,-165.5
52.38584,-1.515933,143.51,11.98,2,358.45,21 / 21,908229,2019-09-06 18:31:14:911,0.3224,-0.5937,10.341,-0.0014,-0.0053,9.8066,-0.0142,-0.034,-0.0013,-11.25,-31.87,-1.44,263.61,-84.63,-165.52
52.38584,-1.515933,143.51,11.98,2,358.45,21 / 21,908331,2019-09-06 18:31:15:013,0.548,-0.1082,9.7316,-0.0147,-0.0118,9.8066,0.023,0.0804,0.0244,-12.19,-32.69,-1.87,261.52,-84.73,-164.73
52.38584,-1.515933,143.51,11.98,2,358.45,20 / 20,908429,2019-09-06 18:31:15:111,0.4037,0.0642,10.2421,0.0249,0.0066,9.8065,-0.0037,0.0003,0.0539,-11.5,-32.44,-1.19,263.8,-84.38,-164.57
52.38584,-1.515933,143.51,11.98,2,358.45,20 / 20,908529,2019-09-06 18:31:15:211,-0.481,0.2704,9.4224,0.0074,0.0101,9.8066,0.0496,0.0859,-0.0472,-11.44,-32,-1.31,263.5,-84.41,-164.99
52.38584,-1.515933,143.51,11.98,2,358.45,20 / 20,908629,2019-09-06 18:31:15:311,0.6585,-0.4909,9.5822,-0.0008,-0.0021,9.8066,0.0486,0.0122,0.05,-12.12,-32.37,-1.81,261.66,-84.4,-164.14
52.38584,-1.515933,143.51,11.98,2,358.45,20 / 20,908728,2019-09-06 18:31:15:410,-0.2692,1.6013,9.1687,-0.0163,0.0012,9.8066,0.1187,0.1242,-0.1251,-11.06,-32.56,-1,264.15,-84.57,-164.27
52.38584,-1.515933,143.51,11.98,2,358.45,20 / 20,908829,2019-09-06 18:31:15:511,0.5115,-0.259,9.7232,0.028,0.0161,9.8066,-0.1715,0.0346,-0.0155,-11.5,-32.37,-1.56,257.63,-84.51,-166.55
52.38584,-1.515933,143.51,11.98,2,358.45,20 / 20,908929,2019-09-06 18:31:15:611,0.6391,-0.3102,9.7572,0.0422,0.0123,9.8065,-0.0929,0.0097,0.045,-11.12,-32.37,-1.94,258.27,-84.47,-165.75
52.38584,-1.515933,143.51,11.98,2,358.45,20 / 20,909028,2019-09-06 18:31:15:710,-0.9824,0.4886,9.8063,-0.0212,-0.0079,9.8066,-0.138,0.0184,-0.0205,-11,-32.5,-1.25,262.12,-84.4,-166.4
52.38584,-1.515933,143.51,11.98,2,358.45,20 / 20,909128,2019-09-06 18:31:15:810,0.5627,-0.4079,9.8576,0.0005,-0.0239,9.8065,0.092,-0.0121,0.0987,-11.69,-32.06,-1.56,261.73,-84.43,-164.14
52.38584,-1.515933,143.51,11.98,2,358.45,20 / 20,909228,2019-09-06 18:31:15:910,0.8967,-0.4986,10.3065,-0.0055,-0.01,9.8066,-0.0171,-0.0487,0.0319,-11.87,-32.37,-2.12,263.61,-84.41,-162.12
52.38584,-1.515933,143.51,11.98,2,358.45,20 / 20,909328,2019-09-06 18:31:16:010,-0.6639,0.0104,9.9902,0.0055,-0.0152,9.8066,0.0726,0.0063,0.08,-12.25,-31.94,-1.75,264.39,-84.34,-161.15
52.38584,-1.515933,143.51,11.98,2,358.45,21 / 21,909429,2019-09-06 18:31:16:111,0.671,-1.6167,9.9104,0.0043,0.0131,9.8066,0.0377,-0.025,-0.0331,-11.87,-31.87,-1.37,269.13,-84.33,-160.82
52.38584,-1.515933,143.51,11.98,2,358.45,21 / 21,909529,2019-09-06 18:31:16:211,-0.2094,0.2636,9.2522,0.0203,0.0022,9.8065,-0.084,-0.0254,0.0231,-11.87,-32.37,-1.87,265.23,-84.37,-160.37
52.38584,-1.515933,143.51,11.98,2,358.45,21 / 21,909629,2019-09-06 18:31:16:311,-0.09,0.1107,9.2552,-0.0203,-0.0041,9.8066,-0.0427,0.0084,-0.0067,-10.75,-32.12,-1.94,263.03,-84.52,-160.88
52.38584,-1.515933,143.51,11.98,2,358.45,21 / 21,909729,2019-09-06 18:31:16:411,-0.1355,0.7255,9.6026,-0.0153,0.0003,9.8066,0.0298,0.0541,-0.0259,-11.56,-31.56,-2.19,265.21,-84.73,-161.37
52.38584,-1.515933,143.51,11.98,2,358.45,21 / 21,909829,2019-09-06 18:31:16:511,-0.1647,-0.0382,10.1319,0.0031,0.0067,9.8066,0.0784,0.0171,-0.0361,-11.56,-32.12,-1.81,264.08,-84.89,-162.96
52.38584,-1.515933,143.51,11.98,2,358.45,21 / 21,909929,2019-09-06 18:31:16:611,-1.126,0.4128,10.16,0.0001,0.0094,9.8066,-0.075,0.0206,-0.012,-10.94,-32,-2.12,261.52,-84.86,-163.47
52.38584,-1.515933,143.51,11.98,2,358.45,21 / 21,910028,2019-09-06 18:31:16:710,-0.2854,-0.1428,9.9824,-0.0178,-0.0072,9.8066,0.0021,0.0718,-0.0303,-11.62,-32.25,-2.06,263.55,-84.81,-163.27
52.38584,-1.515933,143.51,11.98,2,358.45,21 / 21,910129,2019-09-06 18:31:16:811,-0.0554,0.1511,10.1057,-0.0128,-0.0054,9.8066,0.0014,-0.0012,0.017,-11.69,-32.12,-1.87,263.87,-84.79,-162.9
52.38584,-1.515933,143.51,11.98,2,358.45,21 / 21,910228,2019-09-06 18:31:16:910,0.3045,-0.5628,9.9181,0.0228,0.0035,9.8066,-0.0301,-0.0374,-0.025,-11.62,-32.81,-1.5,268.36,-84.84,-162.56
52.38584,-1.515933,143.51,11.98,2,358.45,21 / 21,910328,2019-09-06 18:31:17:010,0.4526,-0.302,9.5755,0.0101,0.0048,9.8066,0.0506,0.0088,0.0316,-11.69,-32.25,-2.44,263.97,-84.78,-162.78
52.38584,-1.515933,143.51,11.98,2,358.45,21 / 21,910429,2019-09-06 18:31:17:111,-0.7567,-1.4282,10.6632,0.0129,-0.0071,9.8065,-0.064,0.0162,-0.0052,-12,-31.44,-1.69,265.21,-84.76,-161.87
52.38584,-1.515933,143.51,11.98,2,358.45,21 / 21,910528,2019-09-06 18:31:17:210,-0.5313,-0.1638,10.3503,0.0063,0.0093,9.8066,0.0626,-0.037,0.01,-12.25,-31.75,-2.19,263.99,-84.65,-162.4
52.38584,-1.515933,143.51,11.98,2,358.45,21 / 21,910628,2019-09-06 18:31:17:310,0.5103,0.2052,10.2736,0.0125,-0.0076,9.8066,0.0146,0.0543,-0.0131,-12,-31.56,-1.69,264.19,-84.57,-161.97
52.38584,-1.515933,143.51,11.98,2,358.45,21 / 21,910729,2019-09-06 18:31:17:411,-0.0719,0.6925,9.2034,-0.0087,-0.0071,9.8066,-0.0261,-0.0239,0.0352,-11.87,-31.31,-1,269.73,-84.48,-161.11
52.38584,-1.515933,143.51,11.98,2,358.45,21 / 21,910829,2019-09-06 18:31:17:511,-0.4644,-0.3338,10.0622,0.004,-0.0107,9.8066,0.025,-0.0082,0.0197,-11.44,-30.87,-0.81,267.25,-84.39,-161.59
52.38584,-1.515933,143.51,11.98,2,358.45,21 / 21,910929,2019-09-06 18:31:17:611,-0.2366,0.5004,10.0623,-0.0276,0.0054,9.8066,-0.0106,0.047,-0.0444,-11.19,-31.37,-1.87,262.86,-84.53,-161.61
52.38584,-1.515933,143.51,11.98,2,358.45,21 / 21,911028,2019-09-06 18:31:17:710,0.077,-1.1739,10.1268,-0.0039,0.0044,9.8066,-0.0321,-0.0948,0.0253,-11.12,-31.44,-1.25,267.84,-84.58,-161.55
52.38584,-1.515933,143.51,11.98,2,358.45,21 / 21,911129,2019-09-06 18:31:17:811,-0.6639,-0.4809,10.204,0.0013,0.0028,9.8066,0.0163,0.0288,0.0057,-11.37,-32.56,-1.69,261.02,-84.52,-162.48
52.38584,-1.515933,143.51,11.98,2,358.45,21 / 21,911229,2019-09-06 18:31:17:911,1.8694,0.1654,9.901,-0.0077,0.0108,9.8066,0.0027,0.0111,-0.056,-11.31,-32.12,-1.87,260.61,-84.48,-163.3
52.38584,-1.515933,143.51,11.98,2,358.45,21 / 21,911328,2019-09-06 18:31:18:010,0.2515,0.9148,9.7296,0.005,0.0029,9.8066,-0.0616,-0.0188,0.0063,-11.37,-31.75,-1.81,259.82,-84.39,-163.86
52.38679,-1.516029,144.88,11.4,3,355.56,21 / 21,911430,2019-09-06 18:31:18:112,1.453,-0.9621,9.6778,0.0205,-0.0047,9.8065,-0.1185,0.049,-0.1109,-10.87,-31.69,-1,264.54,-84.41,-163.9
52.38679,-1.516029,144.88,11.4,3,355.56,21 / 21,911529,2019-09-06 18:31:18:211,-1.1161,0.4296,9.889,0.01,0.0051,9.8066,0.2053,-0.0249,0.0354,-11.19,-31.94,-1,264.35,-84.33,-163.86
52.38679,-1.516029,144.88,11.4,3,355.56,21 / 21,911629,2019-09-06 18:31:18:311,0.1641,-0.7258,10.0796,-0.0338,-0.001,9.8065,0.1314,-0.0033,0.03,-11.44,-32.56,-2.12,260.07,-84.58,-163.66
52.38679,-1.516029,144.88,11.4,3,355.56,21 / 21,911728,2019-09-06 18:31:18:410,-0.5158,0.4425,9.3462,-0.0301,-0.0168,9.8065,0.1701,0.0172,-0.0101,-11.5,-32.12,-1.75,260.33,-84.62,-164.01
52.38679,-1.516029,144.88,11.4,3,355.56,21 / 21,911828,2019-09-06 18:31:18:510,-1.3078,-0.4593,10.1633,0.0157,0.0204,9.8066,-0.1073,-0.0132,0.0617,-11.31,-32.56,-1.81,258.59,-84.52,-165.03
52.38679,-1.516029,144.88,11.4,3,355.56,21 / 21,911928,2019-09-06 18:31:18:610,-0.8758,-0.3272,9.834,0.0208,0.0024,9.8066,-0.0258,0.0123,-0.0342,-11.69,-32.5,-1.81,260.12,-84.34,-165.58
52.38679,-1.516029,144.88,11.4,3,355.56,21 / 21,912028,2019-09-06 18:31:18:710,0.1398,0.2292,10.4649,-0.0154,-0.0097,9.8066,0.1276,-0.0421,0.0257,-10.94,-32.56,-1.19,262.36,-84.31,-165.33
52.38679,-1.516029,144.88,11.4,3,355.56,21 / 21,912129,2019-09-06 18:31:18:811,1.0331,0.5161,9.52,0.005,-0.0078,9.8066,0.0617,0.0033,0.0102,-11.5,-32,-1.25,263.01,-84.2,-164.85
52.38679,-1.516029,144.88,11.4,3,355.56,21 / 21,912230,2019-09-06 18:31:18:912,0.0457,-0.8364,9.5513,0.0076,-0.0071,9.8066,-0.0932,0.0295,0.0215,-11.81,-32.87,-1.56,261.39,-84.13,-163.2
52.38679,-1.516029,144.88,11.4,3,355.56,21 / 21,912329,2019-09-06 18:31:19:011,0.424,-0.0635,9.7136,0.0186,-0.0044,9.8066,-0.1954,-0.06,0.0015,-11.62,-32.56,-1.56,262.75,-84.2,-161.97
52.38679,-1.516029,144.88,11.4,3,355.56,21 / 21,912429,2019-09-06 18:31:19:111,0.9891,0.5662,9.2402,-0.021,-0.0109,9.8066,0.0516,0.0064,0.0087,-12.31,-32.56,-1.12,268.89,-84.36,-160.64
52.38679,-1.516029,144.88,11.4,3,355.56,21 / 21,912528,2019-09-06 18:31:19:210,0.4186,-0.7815,10.3572,0.0002,-0.0096,9.8066,0.0307,-0.0472,0.0959,-12.25,-32.5,-1.44,270.93,-84.43,-159.28
52.38679,-1.516029,144.88,11.4,3,355.56,21 / 21,912629,2019-09-06 18:31:19:311,0.4499,0.9376,9.5087,-0.0233,-0.0094,9.8066,0.1159,-0.1067,0.0717,-11.87,-32,-1.62,268.6,-84.47,-157.18
52.38679,-1.516029,144.88,11.4,3,355.56,21 / 21,912729,2019-09-06 18:31:19:411,0.0563,0.2434,10.1014,-0.0202,-0.0101,9.8065,-0.0943,-0.0193,-0.0167,-12.56,-33.19,-1.94,270.01,-84.39,-156.98
52.38679,-1.516029,144.88,11.4,3,355.56,21 / 21,912829,2019-09-06 18:31:19:511,1.198,0.581,9.8822,0.0182,0.0077,9.8065,-0.0301,-0.0505,0.029,-12.12,-32.56,-1.62,267.94,-84.32,-156.98
52.38679,-1.516029,144.88,11.4,3,355.56,21 / 21,912929,2019-09-06 18:31:19:611,-1.5215,-0.5823,9.7636,0.0199,0.0142,9.8065,0.0474,-0.0043,-0.0559,-12.5,-32.31,-1.56,268.15,-84.29,-157.16
52.38679,-1.516029,144.88,11.4,3,355.56,21 / 21,913028,2019-09-06 18:31:19:710,-0.5541,-0.3965,9.778,-0.0298,-0.0097,9.8066,0.0761,-0.0486,0.0062,-12.25,-32.31,-1.37,272.54,-84.18,-156.99
52.38679,-1.516029,144.88,11.4,3,355.56,21 / 21,913129,2019-09-06 18:31:19:811,1.0924,-0.3472,9.9801,-0.0199,-0.0194,9.8065,0.0188,-0.0453,0.038,-11.69,-32.31,-1.06,273.5,-84.22,-156.14
52.38679,-1.516029,144.88,11.4,3,355.56,21 / 21,913228,2019-09-06 18:31:19:910,0.4859,-0.0001,9.5108,-0.0031,0.0096,9.8066,0.019,-0.033,0.0099,-12.87,-31.62,-2.69,266.63,-84.15,-156.19
52.38679,-1.516029,144.88,11.4,3,355.56,21 / 21,913328,2019-09-06 18:31:20:010,1.3497,-0.0016,10.1104,-0.0056,0.0024,9.8066,0.0853,-0.0062,0.0001,-12.25,-32.87,-1.62,268.32,-84.27,-156.43
52.38679,-1.516029,144.88,11.4,3,355.56,21 / 21,913429,2019-09-06 18:31:20:111,-0.0278,-0.1125,9.8297,-0.0089,0.0046,9.8066,0.0869,-0.0714,-0.0558,-12.06,-32.62,-1.62,266.63,-84.27,-158.16
52.38679,-1.516029,144.88,11.4,3,355.56,21 / 21,913528,2019-09-06 18:31:20:210,-0.042,-0.1902,10.0972,-0.0022,0.0103,9.8066,0.0645,-0.0252,-0.0201,-12.06,-32.25,-1.37,269.95,-84.16,-159.51
52.38679,-1.516029,144.88,11.4,3,355.56,21 / 21,913629,2019-09-06 18:31:20:311,0.3089,1.0558,10.0756,0.007,0.0197,9.8065,-0.0879,-0.0519,0.0557,-12.06,-31.69,-1,268.61,-84.21,-161.01
52.38679,-1.516029,144.88,11.4,3,355.56,21 / 21,913729,2019-09-06 18:31:20:411,0.7742,-1.2938,9.6361,0.0245,-0.0077,9.8065,0.0004,0.08,-0.0904,-11.44,-32.37,-1,266.63,-84.2,-161.12
52.38679,-1.516029,144.88,11.4,3,355.56,21 / 21,913828,2019-09-06 18:31:20:510,1.235,1.7146,9.2271,-0.0217,0.0053,9.8066,-0.0199,0.0126,0.0815,-12.37,-32.19,-2.06,263.78,-84.5,-162.21
52.38679,-1.516029,144.88,11.4,3,355.56,21 / 21,913928,2019-09-06 18:31:20:610,-0.3226,-0.4877,9.8374,0.0032,-0.0005,9.8066,-0.0574,-0.0138,0.0229,-11.44,-31.94,-1.69,262.7,-84.61,-161.49
52.38679,-1.516029,144.88,11.4,3,355.56,21 / 21,914028,2019-09-06 18:31:20:710,-0.4928,0.5079,9.8944,0.0041,-0.0036,9.8066,-0.0445,0.047,-0.0674,-11.75,-32.19,-1.5,270.63,-84.7,-160.33
52.38679,-1.516029,144.88,11.4,3,355.56,21 / 21,914128,2019-09-06 18:31:20:810,0.6383,0.497,10.3431,0.0055,0.01,9.8066,0.0268,0.0137,0.1047,-11.75,-32.25,-1.81,265.26,-84.7,-161.21
52.38679,-1.516029,144.88,11.4,3,355.56,21 / 21,914229,2019-09-06 18:31:20:911,1.9789,0.4022,10.0745,0.0368,0.0094,9.8065,-0.0655,0.0111,-0.09,-11.75,-32.37,-1.62,265.67,-84.63,-160.62
52.38679,-1.516029,144.88,11.4,3,355.56,21 / 21,914329,2019-09-06 18:31:21:011,-0.8837,-0.4245,9.8224,0.0086,0.0035,9.8066,-0.0614,-0.0008,-0.0275,-11.62,-32.5,-1.56,264.28,-84.4,-161.41
52.38679,-1.516029,144.88,11.4,3,355.56,20 / 20,914429,2019-09-06 18:31:21:111,0.1714,0.4972,10.0054,-0.0129,-0.001,9.8065,0.0049,-0.009,0.0704,-11.56,-32.56,-1.81,264.63,-84.6,-161.14
52.38679,-1.516029,144.88,11.4,3,355.56,20 / 20,914528,2019-09-06 18:31:21:210,-0.1625,0.8926,9.4817,-0.0071,-0.0074,9.8066,-0.0682,-0.0386,-0.0515,-11.5,-32.37,-1.44,268.33,-84.61,-160.63
52.38679,-1.516029,144.88,11.4,3,355.56,20 / 20,914629,2019-09-06 18:31:21:311,0.483,-0.7589,9.7369,-0.0017,0.0003,9.8066,-0.0055,-0.0128,0.0465,-11.62,-32.25,-2.12,266.48,-84.57,-159.62
52.38679,-1.516029,144.88,11.4,3,355.56,20 / 20,914728,2019-09-06 18:31:21:410,2.3359,0.8959,9.3775,-0.0052,0.0036,9.8066,0.019,0.0061,0.0292,-11.5,-32.12,-0.81,269.25,-84.66,-159.84
52.38679,-1.516029,144.88,11.4,3,355.56,20 / 20,914828,2019-09-06 18:31:21:510,0.4607,-0.6856,9.9131,-0.0072,-0.0171,9.8066,0.005,-0.0262,-0.0687,-12.12,-32.44,-2.19,266.61,-84.55,-159.45
52.38679,-1.516029,144.88,11.4,3,355.56,20 / 20,914929,2019-09-06 18:31:21:611,-0.2884,0.2847,9.7063,-0.0302,0.0064,9.8065,-0.0758,0.0725,-0.0985,-11.56,-32.69,-2.06,266.65,-84.66,-159.24
52.38679,-1.516029,144.88,11.4,3,355.56,20 / 20,915029,2019-09-06 18:31:21:711,0.0156,0.3645,10.0901,0.0046,-0.0031,9.8066,0.0359,0.0508,0.0852,-11.5,-32.5,-1.81,263.15,-84.59,-160.97
52.38679,-1.516029,144.88,11.4,3,355.56,20 / 20,915128,2019-09-06 18:31:21:810,-0.8215,0.0877,10.0703,0.0008,-0.0062,9.8066,-0.0544,-0.0271,-0.0019,-11.56,-32.06,-2.37,265.8,-84.5,-160.13
52.38679,-1.516029,144.88,11.4,3,355.56,20 / 20,915229,2019-09-06 18:31:21:911,0.366,1.0713,9.3675,0.0077,-0.0114,9.8066,0.056,0.069,-0.0904,-11.81,-32.25,-1.81,267.01,-84.35,-158.48
52.38679,-1.516029,144.88,11.4,3,355.56,20 / 20,915328,2019-09-06 18:31:22:010,1.9513,0.2008,9.7981,-0.0106,-0.0034,9.8066,0.0373,0.0076,0.102,-11.75,-31.75,-2,267.27,-84.4,-158.35
52.38679,-1.516029,144.88,11.4,3,355.56,20 / 20,915430,2019-09-06 18:31:22:112,0.078,-0.0413,9.9608,0.0127,-0.0048,9.8066,0.0063,-0.0323,0.0066,-12.19,-31.75,-2.12,267.85,-84.48,-157.98
52.38679,-1.516029,144.88,11.4,3,355.56,20 / 20,915529,2019-09-06 18:31:22:211,-1.2954,-0.8319,10.1306,0.0102,0.0137,9.8066,-0.0454,0.0038,0.0271,-12.19,-32.06,-1.69,267.97,-84.4,-157.63
52.38679,-1.516029,144.88,11.4,3,355.56,20 / 20,915628,2019-09-06 18:31:22:310,0.3761,0.406,9.744,0.0205,0.0072,9.8066,0.0809,-0.0212,0.0096,-11.25,-32.31,-1.75,263.16,-84.22,-159.86
52.38679,-1.516029,144.88,11.4,3,355.56,20 / 20,915728,2019-09-06 18:31:22:410,0.7977,-0.2982,9.1775,0.016,0.0068,9.8066,-0.0114,0.003,-0.0248,-11.69,-32.44,-1.25,268.84,-84.09,-160.46
52.38679,-1.516029,144.88,11.4,3,355.56,20 / 20,915828,2019-09-06 18:31:22:510,1.0297,0.2604,9.5095,-0.0178,-0.0184,9.8066,-0.0242,0.0188,0.0517,-12,-31.94,-1.87,266.23,-84.12,-158.65
52.38679,-1.516029,144.88,11.4,3,355.56,20 / 20,915928,2019-09-06 18:31:22:610,0.476,0.184,9.5243,-0.0208,-0.0244,9.8066,-0.1738,0.0222,0.0059,-11.5,-32.25,-1.69,266.78,-84.34,-156.47
52.38679,-1.516029,144.88,11.4,3,355.56,20 / 20,916029,2019-09-06 18:31:22:711,-1.2463,-2.4029,9.8784,0.0118,-0.0012,9.8066,-0.0917,-0.1202,0.0561,-12.19,-31.5,-1.25,275.58,-84.49,-155.31
52.38679,-1.516029,144.88,11.4,3,355.56,20 / 20,916128,2019-09-06 18:31:22:810,0.313,0.7373,9.5831,0.0098,0.0053,9.8066,-0.001,-0.0465,-0.0339,-12.44,-31.75,-2.31,270.19,-84.5,-155.69
52.38679,-1.516029,144.88,11.4,3,355.56,20 / 20,916229,2019-09-06 18:31:22:911,-0.0571,0.4131,10.0717,0.0178,-0.0005,9.8065,-0.0072,-0.0019,0.0311,-12.44,-31.69,-2.12,269.81,-84.38,-155.72
52.38679,-1.516029,144.88,11.4,3,355.56,20 / 20,916329,2019-09-06 18:31:23:011,0.0514,0.4912,9.7563,0.0167,0.0267,9.8066,-0.0592,-0.0085,-0.0283,-11.81,-32.44,-1.44,272.26,-84.32,-157.64
52.38679,-1.516029,144.88,11.4,3,355.56,21 / 21,916429,2019-09-06 18:31:23:111,1.1797,-0.0499,10.4493,-0.0505,-0.0155,9.8065,0.2117,-0.0807,0.0051,-11.62,-32.56,-0.81,271.93,-84.59,-158.27
52.38679,-1.516029,144.88,11.4,3,355.56,21 / 21,916528,2019-09-06 18:31:23:210,-0.0061,0.4114,10.1781,-0.0426,-0.006,9.8065,0.0685,-0.0298,-0.05,-11.81,-32.06,-1.87,266.45,-84.52,-159.52
52.38679,-1.516029,144.88,11.4,3,355.56,21 / 21,916628,2019-09-06 18:31:23:310,-0.4648,-0.7452,10.4634,0.0287,0.0067,9.8065,0.0728,-0.0572,0.0296,-11.75,-32.31,-2.12,266.09,-84.55,-159.98
52.38679,-1.516029,144.88,11.4,3,355.56,21 / 21,916728,2019-09-06 18:31:23:410,-0.7032,0.3207,9.3256,0.0037,-0.0092,9.8066,-0.0522,-0.1166,0.033,-12.12,-32.37,-2.19,265.95,-84.35,-159.56
52.38679,-1.516029,144.88,11.4,3,355.56,21 / 21,916829,2019-09-06 18:31:23:511,-0.8125,0.3001,9.6855,0.0104,-0.0218,9.8065,0.0143,0.0044,0.0738,-12.44,-32.06,-2.25,268,-84.34,-157.46
52.38679,-1.516029,144.88,11.4,3,355.56,21 / 21,916929,2019-09-06 18:31:23:611,-1.0781,-0.9955,9.8935,0.0108,-0.0136,9.8066,-0.0228,0.0024,0.1335,-12.25,-32.12,-1.56,270.14,-84.31,-155.19
52.38679,-1.516029,144.88,11.4,3,355.56,21 / 21,917028,2019-09-06 18:31:23:710,-0.0804,1.6626,8.6609,-0.0171,-0.0075,9.8066,-0.1858,0.1417,-0.0242,-12.25,-31.75,-1.87,272.07,-84.44,-153.63
52.38679,-1.516029,144.88,11.4,3,355.56,21 / 21,917129,2019-09-06 18:31:23:811,0.1348,0.3998,9.5246,0.0233,0.0214,9.8066,0.0094,0.0008,-0.0715,-12.69,-31.56,-2,273.88,-84.36,-153.48
52.38679,-1.516029,144.88,11.4,3,355.56,21 / 21,917230,2019-09-06 18:31:23:912,-2.5538,-2.0956,9.4296,-0.0954,-0.0409,9.806,0.2881,0.0257,-0.0533,-12.62,-31.94,-2.87,269.52,-84.32,-153.7
52.38679,-1.516029,144.88,11.4,3,355.56,21 / 21,917328,2019-09-06 18:31:24:010,0.1337,-0.6619,9.5653,-0.0424,-0.0012,9.8065,0.1219,0.0813,-0.0237,-11.81,-32.37,-1.87,273.17,-84.7,-153.26
52.38679,-1.516029,144.88,11.4,3,355.56,21 / 21,917428,2019-09-06 18:31:24:110,1.0659,-0.223,10.1506,-0.0072,0.0032,9.8066,0.1062,-0.036,0.014,-11.5,-32.19,-2.12,267.72,-84.69,-156.56
52.38679,-1.516029,144.88,11.4,3,355.56,21 / 21,917529,2019-09-06 18:31:24:211,0.7166,0.1767,9.7534,-0.0169,-0.0051,9.8066,-0.0433,0.0311,-0.0496,-11.94,-31.87,-2.12,268.73,-84.64,-157.53
52.38679,-1.516029,144.88,11.4,3,355.56,21 / 21,917629,2019-09-06 18:31:24:311,1.0564,-0.5793,10.2659,-0.001,-0.0165,9.8066,-0.0214,-0.0031,0.1131,-11.81,-32.62,-1.94,270.27,-84.63,-155.48
52.38679,-1.516029,144.88,11.4,3,355.56,21 / 21,917729,2019-09-06 18:31:24:411,-0.4086,-1.3542,10.1457,-0.0255,-0.0159,9.8065,0.0682,-0.027,0.0099,-12,-32.12,-2.37,272.8,-84.84,-154.01
52.38679,-1.516029,144.88,11.4,3,355.56,21 / 21,917828,2019-09-06 18:31:24:510,-0.1714,0.3236,9.9328,0.0457,0.0083,9.8065,0.1163,0.0019,-0.0276,-12.25,-31.94,-1.62,273.99,-84.87,-152.91
52.38679,-1.516029,144.88,11.4,3,355.56,21 / 21,917928,2019-09-06 18:31:24:610,0.3702,-0.628,10.4557,0.0455,0.0072,9.8064,0.0005,0.0579,0.0201,-12.31,-32.25,-2.25,273.38,-84.49,-152.48
52.38679,-1.516029,144.88,11.4,3,355.56,21 / 21,918029,2019-09-06 18:31:24:711,0.6206,0.8135,10.0801,0.0135,0.0169,9.8066,-0.0237,0.0626,0.0041,-12.62,-32.62,-1.87,273.38,-84.29,-153.36
52.38679,-1.516029,144.88,11.4,3,355.56,21 / 21,918128,2019-09-06 18:31:24:810,-0.49,-0.5922,10.4173,0.0477,0.0177,9.8065,-0.0665,0.0052,-0.0604,-12.44,-32.37,-1.75,271.49,-84.16,-153.45
52.38679,-1.516029,144.88,11.4,3,355.56,21 / 21,918228,2019-09-06 18:31:24:910,-0.3193,-0.6591,8.8696,-0.0589,-0.0154,9.8064,-0.0018,-0.0068,-0.0049,-12,-32.25,-1.87,274.53,-84.59,-151.59
52.38679,-1.516029,144.88,11.4,3,355.56,21 / 21,918330,2019-09-06 18:31:25:012,-0.4847,-0.3236,9.3759,-0.0201,-0.0063,9.8066,0.0469,-0.0394,0.0081,-12.62,-31.75,-2.31,275.57,-84.58,-152.39
52.38679,-1.516029,144.88,11.4,3,355.56,21 / 21,918429,2019-09-06 18:31:25:111,0.396,-0.3452,10.0274,0.0138,0.0007,9.8066,0.1247,0.0179,-0.035,-12.06,-31.56,-1.69,275.08,-84.71,-151.38
52.38679,-1.516029,144.88,11.4,3,355.56,21 / 21,918528,2019-09-06 18:31:25:210,-0.2957,-0.6535,10.5585,-0.0086,0.0039,9.8066,0.0486,0.0171,0.014,-12.37,-31.44,-2.25,275.2,-84.69,-151.68
52.38679,-1.516029,144.88,11.4,3,355.56,21 / 21,918629,2019-09-06 18:31:25:311,0.394,-0.2932,10.1775,0.0142,0.0231,9.8066,0.0173,-0.0299,0.0217,-12.25,-32.37,-1.94,273.14,-84.59,-152.98
52.38679,-1.516029,144.88,11.4,3,355.56,21 / 21,918728,2019-09-06 18:31:25:410,0.1261,-0.2282,9.5805,0.0232,0.021,9.8066,-0.0046,0.0054,-0.0422,-12.44,-32.12,-1.94,271.55,-84.58,-154.52
52.38679,-1.516029,144.88,11.4,3,355.56,21 / 21,918828,2019-09-06 18:31:25:510,-0.4307,-0.8246,9.6978,-0.0097,-0.0021,9.8066,-0.0297,-0.0319,-0.0228,-11.81,-32.19,-2,272.06,-84.73,-154.43
52.38679,-1.516029,144.88,11.4,3,355.56,21 / 21,918929,2019-09-06 18:31:25:611,-0.4121,0.2632,10.2022,-0.0057,-0.0079,9.8066,0.0488,-0.0368,0.0531,-11.56,-31.94,-2.5,273.27,-84.84,-153.53
52.38679,-1.516029,144.88,11.4,3,355.56,21 / 21,919030,2019-09-06 18:31:25:712,-0.2563,-0.3989,9.8196,0.0102,0.0152,9.8065,-0.0608,-0.0371,-0.0455,-12.25,-32.06,-2.5,272.05,-84.84,-154.75
52.38679,-1.516029,144.88,11.4,3,355.56,21 / 21,919129,2019-09-06 18:31:25:811,0.5815,-0.5111,9.3803,0.0094,0.0119,9.8066,0.1028,-0.0125,0.0178,-12.19,-32.56,-2.75,266.2,-84.79,-155.73
52.38679,-1.516029,144.88,11.4,3,355.56,21 / 21,919229,2019-09-06 18:31:25:911,0.5836,-0.1388,10.1145,-0.0031,0.0038,9.8066,-0.155,-0.004,0.0073,-12.25,-32.44,-2.31,269.58,-84.77,-157.01
52.38679,-1.516029,144.88,11.4,3,355.56,21 / 21,919329,2019-09-06 18:31:26:011,0.171,-0.6047,9.3337,-0.0286,0.0053,9.8066,-0.0151,-0.0071,0.0098,-12.37,-32,-2.19,269.84,-85.02,-157.45
52.38679,-1.516029,144.88,11.4,3,355.56,21 / 21,919428,2019-09-06 18:31:26:110,-0.3035,0.2364,9.6155,0.0173,0.0078,9.8065,0.0036,-0.0662,0.0076,-12.25,-32.25,-2.56,266.47,-85.33,-157.32
52.38679,-1.516029,144.88,11.4,3,355.56,21 / 21,919529,2019-09-06 18:31:26:211,0.8953,-0.6942,9.8768,0.0139,0.006,9.8066,-0.1007,-0.0088,-0.0218,-12.5,-32.19,-3.06,266.52,-85.42,-157.52
52.38679,-1.516029,144.88,11.4,3,355.56,21 / 21,919628,2019-09-06 18:31:26:310,-0.7749,-0.4102,10.0143,0.0011,0.003,9.8066,-0.0819,-0.0222,0.0204,-11.75,-31.5,-2.31,271.82,-85.41,-156.91
52.38679,-1.516029,144.88,11.4,3,355.56,21 / 21,919729,2019-09-06 18:31:26:411,-0.5291,0.0613,9.5312,0.0134,0.0034,9.8066,0.1138,-0.0387,0.0266,-12.37,-32.31,-3.12,266.17,-85.25,-157.43
52.38679,-1.516029,144.88,11.4,3,355.56,21 / 21,919829,2019-09-06 18:31:26:511,-0.4191,-0.4257,10.051,0.0054,-0.0117,9.8066,-0.0269,-0.0209,0.0491,-12.19,-32.62,-2.25,270.53,-85.18,-156.79
52.38679,-1.516029,144.88,11.4,3,355.56,21 / 21,919929,2019-09-06 18:31:26:611,-0.9295,-1.2662,10.4447,-0.0197,-0.0061,9.8066,0.1521,0.0112,-0.0134,-12.37,-32.37,-2.19,272.04,-85.21,-155.76
52.38679,-1.516029,144.88,11.4,3,355.56,21 / 21,920029,2019-09-06 18:31:26:711,-0.562,0.1739,10.386,0.0186,0.0005,9.8066,0.0852,-0.0037,-0.023,-12.31,-32.19,-2.75,267.8,-85.04,-155.21
52.38679,-1.516029,144.88,11.4,3,355.56,21 / 21,920129,2019-09-06 18:31:26:811,-0.4535,-0.014,9.606,0.0281,-0.0017,9.8066,-0.0299,0.0186,0.0096,-12.56,-32.06,-2.75,270.56,-84.86,-153.98
52.38679,-1.516029,144.88,11.4,3,355.56,21 / 21,920229,2019-09-06 18:31:26:911,0.0906,0.2836,9.4774,-0.0054,-0.0025,9.8066,-0.0374,-0.0383,-0.0005,-12.94,-32.56,-2.75,270.54,-84.82,-153.5
52.38679,-1.516029,144.88,11.4,3,355.56,21 / 21,920329,2019-09-06 18:31:27:011,0.3097,-0.2596,9.3404,-0.0092,-0.0086,9.8066,-0.0548,-0.0294,0.0563,-12.69,-32.31,-2.5,276.14,-84.86,-152.51
52.3878,-1.516171,146,12.73,3,356.87,21 / 21,920429,2019-09-06 18:31:27:111,-0.5927,-0.5384,10.4057,0.013,-0.0002,9.8066,-0.0627,-0.0162,-0.016,-12.81,-32.19,-2.06,276.7,-84.77,-151.75
52.3878,-1.516171,146,12.73,3,356.87,21 / 21,920528,2019-09-06 18:31:27:210,0.8497,-0.7785,10.0212,-0.0043,-0.0094,9.8066,0.0982,-0.0394,0.0071,-12.5,-32.19,-1.87,275.08,-84.7,-151.38
52.3878,-1.516171,146,12.73,3,356.87,21 / 21,920629,2019-09-06 18:31:27:311,-0.112,-0.5064,9.2149,-0.0135,-0.001,9.8066,0.0551,-0.0181,0.0516,-12.37,-31.94,-1.94,274.01,-84.64,-152.26
52.3878,-1.516171,146,12.73,3,356.87,21 / 21,920728,2019-09-06 18:31:27:410,0.5965,-0.9871,9.3893,-0.0006,-0.0131,9.8066,-0.0032,0.02,-0.0592,-12.56,-31.94,-2.12,276.01,-84.45,-151.61
52.3878,-1.516171,146,12.73,3,356.87,21 / 21,920829,2019-09-06 18:31:27:511,-0.1496,-0.7437,9.7026,-0.0235,-0.0042,9.8066,-0.0348,-0.0457,0.0549,-12.94,-31.75,-2.69,272.61,-84.53,-151.13
52.3878,-1.516171,146,12.73,3,356.87,21 / 21,920928,2019-09-06 18:31:27:610,-0.8885,-0.4492,9.9214,0.0068,-0.0052,9.8066,-0.0202,-0.0526,-0.0146,-12.5,-31.81,-2.25,275.41,-84.61,-150.81
52.3878,-1.516171,146,12.73,3,356.87,21 / 21,921028,2019-09-06 18:31:27:710,-0.479,-0.5388,9.7723,0.0023,0.0129,9.8066,-0.0704,-0.0215,-0.0299,-13.19,-31.69,-2.62,273.9,-84.65,-150.13
52.3878,-1.516171,146,12.73,3,356.87,21 / 21,921129,2019-09-06 18:31:27:811,-0.631,-0.2968,9.46,-0.0127,0.0061,9.8066,-0.0735,-0.0161,-0.0038,-13.06,-31.25,-3,273.27,-84.81,-151.56
52.3878,-1.516171,146,12.73,3,356.87,21 / 21,921229,2019-09-06 18:31:27:911,-1.5142,-1.2844,9.5853,0.0262,0.0053,9.8066,-0.0479,-0.0142,-0.0483,-12.87,-31.31,-2.87,272.68,-84.72,-151.94
52.3878,-1.516171,146,12.73,3,356.87,21 / 21,921328,2019-09-06 18:31:28:010,1.2907,1.0473,9.6246,-0.0112,0.0077,9.8066,-0.0409,-0.0576,0.0238,-12.75,-31.44,-2.12,274.76,-84.82,-154.17
52.3878,-1.516171,146,12.73,3,356.87,21 / 21,921429,2019-09-06 18:31:28:111,-1.5561,-0.2019,10.1309,0.0124,-0.004,9.8066,-0.0445,0.0103,-0.0871,-12.75,-31.56,-2.81,270.76,-84.82,-153.68
52.3878,-1.516171,146,12.73,3,356.87,21 / 21,921529,2019-09-06 18:31:28:211,0.2884,0.5426,9.9855,0.0249,0.0014,9.8066,0.0237,0.005,0.055,-12.69,-32.44,-3.25,270.31,-84.89,-154.29
52.3878,-1.516171,146,12.73,3,356.87,21 / 21,921630,2019-09-06 18:31:28:312,-0.1107,-0.0288,10.0751,0.0207,0.0042,9.8066,-0.1789,0.0656,0.0054,-12.19,-31.94,-1.87,272.56,-84.66,-153.74
52.3878,-1.516171,146,12.73,3,356.87,21 / 21,921729,2019-09-06 18:31:28:411,0.5042,0.8394,9.9643,0.0643,0.0104,9.8064,-0.1669,-0.0338,0.0768,-13.12,-31.81,-2.56,270.8,-84.45,-152.72
52.3878,-1.516171,146,12.73,3,356.87,21 / 21,921828,2019-09-06 18:31:28:510,0.9504,-0.1147,10.4601,0.0491,0.0039,9.8065,-0.054,0.0251,0.0279,-13.06,-31.87,-2.87,273.36,-84.41,-150.06
52.3878,-1.516171,146,12.73,3,356.87,21 / 21,921928,2019-09-06 18:31:28:610,-0.4202,-0.689,9.6831,0.0229,0.0048,9.8065,-0.1345,0.0032,0.0163,-12.94,-31.56,-2.62,274.95,-84.5,-148.73
52.3878,-1.516171,146,12.73,3,356.87,21 / 21,922028,2019-09-06 18:31:28:710,-1.5945,-0.2002,9.7202,0.0073,0.0189,9.8066,-0.11,0.0512,-0.0434,-12.81,-32.12,-2.75,275.28,-84.66,-148.81
52.3878,-1.516171,146,12.73,3,356.87,21 / 21,922128,2019-09-06 18:31:28:810,-0.6777,-0.2215,9.9113,-0.0233,0.0013,9.8066,0.0864,0.0037,-0.0403,-12.87,-32.12,-2.56,274.91,-84.82,-149.57
52.3878,-1.516171,146,12.73,3,356.87,21 / 21,922228,2019-09-06 18:31:28:910,0.1372,0.1083,9.5792,-0.0196,0.0153,9.8066,0.0369,-0.0239,-0.0285,-12.12,-31.87,-2.19,275.47,-85.05,-151.93
52.3878,-1.516171,146,12.73,3,356.87,21 / 21,922329,2019-09-06 18:31:29:011,0.1356,0.0851,9.7799,-0.009,0.0009,9.8066,0.0521,-0.0157,-0.013,-12.37,-31.31,-3.25,270.7,-85.13,-152.94
52.3878,-1.516171,146,12.73,3,356.87,21 / 21,922428,2019-09-06 18:31:29:110,-0.6673,0.4997,10.0134,-0.0183,0.0043,9.8066,0.0091,0.0122,-0.0186,-12.12,-31.94,-2.81,269.72,-85.18,-153.65
52.3878,-1.516171,146,12.73,3,356.87,21 / 21,922529,2019-09-06 18:31:29:211,-0.0935,-0.2036,10.0657,0.0112,0.0007,9.8066,-0.0169,0.0498,-0.0032,-11.75,-31.56,-3.25,269.46,-85.31,-154.26
52.3878,-1.516171,146,12.73,3,356.87,21 / 21,922628,2019-09-06 18:31:29:310,0.626,1.0902,10.1728,0.0165,0.0038,9.8065,0.0016,0.0717,-0.0236,-13,-31.69,-4.19,267.02,-85.15,-154.4
52.3878,-1.516171,146,12.73,3,356.87,21 / 21,922729,2019-09-06 18:31:29:411,0.7054,0.1958,9.7132,-0.0184,-0.009,9.8065,0.1528,0.0254,0.0391,-13.69,-31.44,-3.81,268.83,-85.04,-154.58
52.3878,-1.516171,146,12.73,3,356.87,21 / 21,922828,2019-09-06 18:31:29:510,0.4253,-0.1276,9.699,-0.0045,-0.0154,9.8065,0.0452,0.0037,0.055,-14.19,-30.87,-1.5,279.72,-84.83,-154.79
52.3878,-1.516171,146,12.73,3,356.87,21 / 21,922929,2019-09-06 18:31:29:611,-0.0454,0.2929,9.3038,-0.0117,0.0011,9.8066,-0.0583,0.0306,-0.0358,-12.87,-30.94,-1.31,279.54,-84.85,-153.82
52.3878,-1.516171,146,12.73,3,356.87,21 / 21,923028,2019-09-06 18:31:29:710,0.659,0.1648,9.6231,-0.0313,-0.002,9.8065,0.0153,-0.0168,0.0838,-12.37,-32.12,-2.25,273.76,-85.07,-153.68
52.3878,-1.516171,146,12.73,3,356.87,21 / 21,923128,2019-09-06 18:31:29:810,-0.0539,-0.1722,9.7835,-0.0047,-0.0105,9.8066,0.0343,0.0587,-0.0496,-11.81,-32.06,-2.31,274.68,-85.14,-152.96
52.3878,-1.516171,146,12.73,3,356.87,21 / 21,923229,2019-09-06 18:31:29:911,0.1895,0.5183,9.2276,-0.0262,0.0034,9.8066,0.0611,0.0215,0.0376,-11.69,-31.75,-2.81,270.14,-85.23,-153.36
52.3878,-1.516171,146,12.73,3,356.87,21 / 21,923329,2019-09-06 18:31:30:011,0.8032,-0.0783,10.303,0.009,0.0018,9.8066,0.0514,0.041,-0.0589,-12.12,-32.19,-2.81,268.67,-84.95,-154.1
52.3878,-1.516171,146,12.73,3,356.87,21 / 21,923428,2019-09-06 18:31:30:110,0.3384,1.0945,10.2124,0.0132,0.0082,9.8066,0.0463,0.0364,0.0492,-11.62,-31.87,-2.12,271.47,-84.88,-155.43
52.3878,-1.516171,146,12.73,3,356.87,21 / 21,923529,2019-09-06 18:31:30:211,-1.2701,1.8775,9.2532,-0.031,-0.0044,9.8065,-0.0302,0.0075,-0.0422,-11.94,-32.25,-2.31,271.72,-84.93,-155.32
52.3878,-1.516171,146,12.73,3,356.87,21 / 21,923628,2019-09-06 18:31:30:310,1.6908,0.0318,9.643,-0.016,0.0005,9.8066,0.0357,0.027,0.0163,-11.94,-32.5,-2.5,271.44,-84.88,-155.45
52.3878,-1.516171,146,12.73,3,356.87,21 / 21,923728,2019-09-06 18:31:30:410,1.275,1.1817,10.2488,-0.0001,0.0009,9.8066,0.0942,-0.0022,-0.0188,-11.69,-32,-1.87,270.56,-84.92,-156.45
52.3878,-1.516171,146,12.73,3,356.87,21 / 21,923829,2019-09-06 18:31:30:511,-0.5977,0.8002,9.676,0.0036,0.0179,9.8066,0.0367,0.0038,-0.0767,-11.25,-31.81,-2.06,267.13,-84.85,-157.64
52.3878,-1.516171,146,12.73,3,356.87,21 / 21,923929,2019-09-06 18:31:30:611,1.6803,0.4469,9.8419,-0.0008,-0.0042,9.8066,-0.0444,0.0286,0.0259,-11.75,-31.94,-2.25,268.47,-84.83,-158.31
52.3878,-1.516171,146,12.73,3,356.87,21 / 21,924028,2019-09-06 18:31:30:710,0.0113,0.25,9.7786,-0.0053,-0.0117,9.8065,-0.0422,0.0271,-0.0095,-11.19,-32.56,-2,266.18,-84.83,-158.07
52.3878,-1.516171,146,12.73,3,356.87,21 / 21,924128,2019-09-06 18:31:30:810,0.3402,-0.1256,9.5596,0.0076,-0.0144,9.8066,-0.0179,0.0704,0.053,-11.12,-32.37,-1.94,268.56,-84.88,-156.28
52.3878,-1.516171,146,12.73,3,356.87,21 / 21,924228,2019-09-06 18:31:30:910,1.3096,-1.2399,9.8097,-0.0106,-0.0123,9.8066,0.0874,-0.1086,0.072,-11.56,-32.06,-2.31,272.75,-85.01,-154.51
52.3878,-1.516171,146,12.73,3,356.87,21 / 21,924328,2019-09-06 18:31:31:010,0.2924,-0.4046,9.98,0.0047,-0.0085,9.8065,-0.076,-0.0806,-0.0939,-11.69,-32,-2.75,271.6,-85.11,-151.57
52.3878,-1.516171,146,12.73,3,356.87,21 / 21,924429,2019-09-06 18:31:31:111,1.4329,-0.1689,9.8099,0.0046,0.0104,9.8066,-0.0347,-0.0567,0.0332,-11.37,-32,-2.5,274.55,-85.15,-151.11
52.3878,-1.516171,146,12.73,3,356.87,21 / 21,924528,2019-09-06 18:31:31:210,0.6364,0.5817,9.7028,-0.0043,0.0031,9.8066,0.1101,0.0476,0.0191,-11.87,-32.19,-2.62,271.74,-85.22,-151.74
52.3878,-1.516171,146,12.73,3,356.87,21 / 21,924628,2019-09-06 18:31:31:310,0.2833,-1.2311,10.874,0.0117,0.0023,9.8066,0.0845,-0.0472,0.0043,-11.69,-31.56,-2.75,270.92,-85.1,-152.23
52.3878,-1.516171,146,12.73,3,356.87,21 / 21,924728,2019-09-06 18:31:31:410,0.5761,-0.8559,10.149,-0.0087,0.0101,9.8066,0.034,0.0111,-0.0645,-11.87,-32.19,-2.69,269.56,-85.09,-153.56
52.3878,-1.516171,146,12.73,3,356.87,21 / 21,924829,2019-09-06 18:31:31:511,2.4421,1.1392,8.7353,-0.003,0.0119,9.8066,-0.2647,-0.0636,0.0546,-11.5,-32,-2.31,268.28,-85.05,-157.09
52.3878,-1.516171,146,12.73,3,356.87,21 / 21,924929,2019-09-06 18:31:31:611,1.7825,0.37,9.3056,0.058,-0.0078,9.8064,-0.2851,-0.0475,-0.0225,-11.69,-31.87,-3.06,267.55,-84.9,-155.1
52.3878,-1.516171,146,12.73,3,356.87,21 / 21,925029,2019-09-06 18:31:31:711,1.4644,-0.2066,9.9495,0.0519,0.0423,9.8063,-0.2266,-0.0432,0.1159,-11.12,-31.75,-3.12,267.81,-85.18,-153.26
52.3878,-1.516171,146,12.73,3,356.87,21 / 21,925128,2019-09-06 18:31:31:810,-1.8089,-0.6288,9.5903,-0.0087,-0.0204,9.8065,-0.1508,-0.0104,-0.0093,-12.19,-31.19,-2.94,276.76,-85.48,-147.85
52.3878,-1.516171,146,12.73,3,356.87,21 / 21,925229,2019-09-06 18:31:31:911,-0.697,-1.1733,10.7607,0.0391,0.0213,9.8065,0.1946,0.0056,0.07,-12.06,-32.31,-3.12,274.4,-85.24,-149.16
52.3878,-1.516171,146,12.73,3,356.87,21 / 21,925328,2019-09-06 18:31:32:010,0.0484,-1.3574,10.8111,0.0254,-0.0083,9.8065,0.1626,-0.0172,0.0075,-12.5,-32.06,-2.56,272.73,-85.04,-150.25
52.3878,-1.516171,146,12.73,3,356.87,21 / 21,925428,2019-09-06 18:31:32:110,-0.1747,-1.0718,9.6035,0.01,-0.0096,9.8066,0.0031,-0.0576,-0.0395,-12.12,-32.12,-2.12,277.27,-84.7,-149.23
52.3878,-1.516171,146,12.73,3,356.87,21 / 21,925528,2019-09-06 18:31:32:210,0.5951,0.1507,9.5771,-0.0186,-0.0078,9.8066,-0.0037,-0.0184,0.0757,-12.69,-32.06,-2.5,280.82,-84.91,-148.11
52.3878,-1.516171,146,12.73,3,356.87,21 / 21,925628,2019-09-06 18:31:32:310,-0.5805,-0.9862,10.3167,0.0093,-0.0165,9.8066,0.0232,-0.0708,0.0452,-12.81,-32,-2.69,279.47,-84.97,-145.47
52.3878,-1.516171,146,12.73,3,356.87,21 / 21,925728,2019-09-06 18:31:32:410,-0.5193,-1.6957,10.1616,0.0034,0.0073,9.8066,-0.0322,-0.0829,0.0636,-12.5,-31.37,-2.5,283.19,-84.85,-144.38
52.3878,-1.516171,146,12.73,3,356.87,21 / 21,925828,2019-09-06 18:31:32:510,0.434,-1.3238,10.3513,0.0237,0.0118,9.8065,0.0202,-0.0804,0.063,-13.31,-31.81,-2.69,278.14,-84.64,-145.97
52.3878,-1.516171,146,12.73,3,356.87,21 / 21,925929,2019-09-06 18:31:32:611,0.9646,0.2228,10.1369,0.0265,0.0179,9.8065,-0.01,-0.0452,-0.0313,-13.06,-32.37,-2.5,281.65,-84.46,-146.19
52.3878,-1.516171,146,12.73,3,356.87,21 / 21,926029,2019-09-06 18:31:32:711,-0.6456,-0.4296,10.4568,0.0619,0.0283,9.8063,0.1036,-0.1172,0.0773,-12.94,-31.5,-2.25,280.03,-84.25,-147.67
52.3878,-1.516171,146,12.73,3,356.87,21 / 21,926129,2019-09-06 18:31:32:811,0.4069,0.8994,9.7414,-0.0274,-0.004,9.8066,0.0096,-0.0279,-0.0344,-13.25,-31.69,-2.69,277.55,-84.74,-146.78
52.3878,-1.516171,146,12.73,3,356.87,21 / 21,926228,2019-09-06 18:31:32:910,-1.849,1.169,9.0392,0.0227,0.0127,9.8066,-0.1314,0.0162,-0.1216,-13.44,-31.94,-3.25,276.5,-84.55,-147.34
52.3878,-1.516171,146,12.73,3,356.87,21 / 21,926328,2019-09-06 18:31:33:010,0.1273,0.275,9.5672,-0.0134,-0.0116,9.8066,0.0372,0.0182,-0.0532,-13.19,-32.12,-2.56,277.06,-84.67,-147.08
52.3878,-1.516171,146,12.73,3,356.87,21 / 21,926428,2019-09-06 18:31:33:110,1.0602,0.4925,9.5706,-0.0192,0.006,9.8066,-0.0086,-0.0413,0.0037,-12.87,-31.75,-2.62,275.57,-84.67,-148.54
52.3878,-1.516171,146,12.73,3,356.87,21 / 21,926529,2019-09-06 18:31:33:211,1.4898,-0.5317,9.959,-0.007,0.0049,9.8066,0.0604,-0.0884,0.026,-13.56,-32.56,-2.19,280.18,-84.59,-149.08
52.3878,-1.516171,146,12.73,3,356.87,21 / 21,926628,2019-09-06 18:31:33:310,-0.013,-0.2634,9.4924,0.0131,0.0008,9.8066,0.048,-0.0255,-0.0077,-13.62,-32,-2.44,280.39,-84.54,-149.17
52.3878,-1.516171,146,12.73,3,356.87,21 / 21,926728,2019-09-06 18:31:33:410,1.1831,0.2141,9.7267,-0.0017,-0.0111,9.8066,-0.06,-0.0665,0.0827,-13.81,-32.62,-2.56,276.72,-84.65,-148.77
52.3878,-1.516171,146,12.73,3,356.87,21 / 21,926828,2019-09-06 18:31:33:510,0.171,0.2488,9.1982,-0.0121,-0.0161,9.8065,-0.0502,-0.048,-0.0095,-14.25,-31.5,-2.62,279.49,-84.66,-146.87
52.3878,-1.516171,146,12.73,3,356.87,21 / 21,926929,2019-09-06 18:31:33:611,-0.24,-1.0028,10.2162,-0.0188,-0.0208,9.8066,0.0438,-0.045,0.0062,-14.5,-32,-2.81,283.24,-84.76,-143.1
52.3878,-1.516171,146,12.73,3,356.87,21 / 21,927029,2019-09-06 18:31:33:711,1.6126,-0.4232,10.5702,-0.0345,0.0003,9.8065,0.0368,-0.0565,0.0716,-14.12,-31.87,-2.44,287.47,-84.84,-143.1
52.3878,-1.516171,146,12.73,3,356.87,21 / 21,927129,2019-09-06 18:31:33:811,0.6345,-0.4778,10.3133,0.04,0.015,9.8065,0.0264,-0.0118,0.003,-14.5,-32,-2.81,281.24,-84.68,-144.85
52.3878,-1.516171,146,12.73,3,356.87,21 / 21,927228,2019-09-06 18:31:33:910,2.5989,-0.5744,9.3979,0.0202,0.0183,9.8065,0.0341,-0.0502,-0.0192,-13.87,-31.94,-2.69,278.28,-84.39,-147.04
52.3878,-1.516171,146,12.73,3,356.87,21 / 21,927328,2019-09-06 18:31:34:010,-0.3654,-1.6762,10.0407,-0.0112,0.0033,9.8066,-0.0699,-0.087,0.0306,-14.5,-31.87,-2.44,282,-84.62,-147.79
52.3878,-1.516171,146,12.73,3,356.87,21 / 21,927429,2019-09-06 18:31:34:111,0.0306,0.613,9.8615,0.01,-0.0051,9.8066,-0.059,0.0872,-0.0687,-13.87,-31.12,-2.06,283.97,-84.75,-146.58
52.3878,-1.516171,146,12.73,3,356.87,21 / 21,927528,2019-09-06 18:31:34:210,0.0553,-0.4612,10.3828,0.0052,-0.0043,9.8066,0.0873,0,0.0495,-14.25,-31.69,-2.31,284.36,-84.85,-146.05
52.3878,-1.516171,146,12.73,3,356.87,21 / 21,927628,2019-09-06 18:31:34:310,2.0057,-0.2476,9.4225,-0.0007,-0.0179,9.8066,0.1406,-0.1184,0.0474,-14.75,-31.94,-2.19,286.64,-84.74,-144.95
52.3878,-1.516171,146,12.73,3,356.87,21 / 21,927728,2019-09-06 18:31:34:410,0.3735,-0.8797,11.7567,0.0372,0.0094,9.8065,-0.0317,-0.0808,0.0494,-14.81,-31.94,-1.87,287.22,-84.63,-144.17
52.3878,-1.516171,146,12.73,3,356.87,21 / 21,927828,2019-09-06 18:31:34:510,1.5665,-0.9444,10.8592,-0.0107,-0.0075,9.8066,0.2394,-0.0347,-0.0255,-14.56,-31.56,-1.69,287.68,-84.61,-143.69
52.3878,-1.516171,146,12.73,3,356.87,21 / 21,927929,2019-09-06 18:31:34:611,-0.1879,-1.0268,9.441,0.0075,0.0263,9.8066,-0.188,-0.0573,0.0349,-14.56,-31.87,-2.44,284.99,-84.54,-146.1
52.3878,-1.516171,146,12.73,3,356.87,21 / 21,928028,2019-09-06 18:31:34:710,-0.1267,-0.1988,9.8728,0.0378,-0.0002,9.8065,-0.1364,0.0593,0.0089,-14.44,-31.75,-2,283.71,-84.54,-145.98
52.3878,-1.516171,146,12.73,3,356.87,21 / 21,928128,2019-09-06 18:31:34:810,-0.0665,-1.128,9.3256,-0.0164,-0.0184,9.8066,0.0695,-0.0804,-0.0246,-14.81,-32.37,-2.31,287.4,-84.83,-144.43
52.3878,-1.516171,146,12.73,3,356.87,21 / 21,928229,2019-09-06 18:31:34:911,-0.6304,0.8357,9.6395,-0.0256,0.0036,9.8065,-0.0368,0.0251,-0.1175,-14.56,-32.37,-2.19,287.4,-84.92,-144.61
52.3878,-1.516171,146,12.73,3,356.87,21 / 21,928329,2019-09-06 18:31:35:011,0.0086,-0.7969,10.5088,0.0243,-0.0068,9.8066,0.0803,-0.0021,0.0056,-14.87,-31.56,-2.25,285.15,-85.02,-146.97
52.3878,-1.516171,146,12.73,3,356.87,21 / 21,928429,2019-09-06 18:31:35:111,0.4762,0.8004,10.0206,0.0134,0.0119,9.8065,-0.058,-0.0672,0.0112,-14.06,-32.31,-2.25,281.84,-84.78,-148.31
52.3878,-1.516171,146,12.73,3,356.87,21 / 21,928529,2019-09-06 18:31:35:211,0.2205,0.1162,9.6571,-0.0087,0.0063,9.8066,-0.0906,0.0105,0.0423,-14.12,-32.06,-2,280.66,-84.72,-149.32
52.3878,-1.516171,146,12.73,3,356.87,21 / 21,928628,2019-09-06 18:31:35:310,-0.7372,-0.7586,9.6692,0.0116,0.0051,9.8066,-0.0893,0.0354,0.0552,-14.5,-32.37,-2.56,276.8,-84.73,-149.26
52.3878,-1.516171,146,12.73,3,356.87,21 / 21,928729,2019-09-06 18:31:35:411,1.3198,0.5518,9.1397,-0.0048,-0.0198,9.8066,0.0516,-0.0162,-0.116,-14.94,-32.19,-1.56,283.56,-84.72,-147.83
52.3878,-1.516171,146,12.73,3,356.87,21 / 21,928829,2019-09-06 18:31:35:511,-0.348,0.2049,9.3837,-0.0064,0.0152,9.8066,-0.0256,-0.0596,0.0141,-14.44,-31.31,-2,281.13,-84.64,-149.06
52.3878,-1.516171,146,12.73,3,356.87,21 / 21,928928,2019-09-06 18:31:35:610,-1.0597,-0.8012,10.6443,-0.021,-0.0199,9.8066,0.0474,-0.0208,0.0655,-14.81,-32.19,-1.69,281.85,-84.56,-149.13
52.3878,-1.516171,146,12.73,3,356.87,21 / 21,929028,2019-09-06 18:31:35:710,-1.4909,-0.3526,10.4762,0.0136,-0.0025,9.8066,-0.0532,-0.0202,-0.0796,-15.06,-31.62,-2.12,283.34,-84.49,-147.56
52.3878,-1.516171,146,12.73,3,356.87,21 / 21,929129,2019-09-06 18:31:35:811,0.1496,0.36,10.055,0.0498,0.0056,9.8065,-0.0589,0.0148,-0.0689,-14.69,-32.19,-1.69,281.63,-84.27,-148.73
52.3878,-1.516171,146,12.73,3,356.87,21 / 21,929229,2019-09-06 18:31:35:911,0.8232,-0.4051,9.3976,0.0224,0.0234,9.8065,0.031,0.0176,-0.0019,-15,-31.81,-1.5,284.28,-84.33,-150.02
52.3878,-1.516171,146,12.73,3,356.87,21 / 21,929328,2019-09-06 18:31:36:010,0.1697,0.7969,10.0595,-0.0237,0.0039,9.8066,0.012,-0.1133,0.0564,-14.94,-32,-2.19,281.21,-84.34,-149.29
52.388836,-1.516205,146.44,13.03,3,5.36,21 / 21,929429,2019-09-06 18:31:36:111,0.2696,-0.6967,10.5974,-0.0037,-0.0026,9.8065,-0.0062,-0.019,0.0474,-14.87,-32.56,-1.56,281.6,-84.34,-148.54
52.388836,-1.516205,146.44,13.03,3,5.36,21 / 21,929529,2019-09-06 18:31:36:211,1.579,-0.8288,10.0129,0.0227,0.0173,9.8066,0.0042,-0.0763,0.0786,-14.94,-31.5,-1.69,280.55,-84.36,-150.34
52.388836,-1.516205,146.44,13.03,3,5.36,21 / 21,929629,2019-09-06 18:31:36:311,0.5189,-0.147,10.1797,0.0208,0.0109,9.8066,0.0898,-0.0397,0.001,-14.87,-31.94,-1.94,279.95,-84.36,-150.55
52.388836,-1.516205,146.44,13.03,3,5.36,21 / 21,929728,2019-09-06 18:31:36:410,2.0222,-0.5729,10.3158,0.0505,0.0168,9.8064,-0.2413,0.0213,-0.0665,-15.25,-31.94,-2.19,277.61,-84.05,-152.13
52.388836,-1.516205,146.44,13.03,3,5.36,21 / 21,929828,2019-09-06 18:31:36:510,-0.7929,-1.1731,9.2456,0.0394,0.0163,9.8065,-0.0871,-0.0743,0.0782,-15,-31.62,-2.25,277.72,-84.15,-152.25
52.388836,-1.516205,146.44,13.03,3,5.36,21 / 21,929928,2019-09-06 18:31:36:610,-0.6635,-0.3511,10.2383,-0.0195,-0.0092,9.8066,0.0042,-0.0547,0.0235,-15.62,-31.81,-2.06,280.61,-84.15,-150.68
52.388836,-1.516205,146.44,13.03,3,5.36,21 / 21,930029,2019-09-06 18:31:36:711,-0.5444,0.3753,10.0904,-0.0083,-0.0003,9.8066,0.0109,-0.104,0.034,-15.56,-31.94,-1.62,281.24,-84.21,-150.19
52.388836,-1.516205,146.44,13.03,3,5.36,21 / 21,930129,2019-09-06 18:31:36:811,-0.16,-0.5647,9.6943,0.0054,-0.0032,9.8066,0.0545,-0.0128,-0.0198,-15.94,-32.44,-1.44,284.43,-83.96,-150.11
52.388836,-1.516205,146.44,13.03,3,5.36,21 / 21,930229,2019-09-06 18:31:36:911,0.3376,-0.7778,10.0209,-0.0071,-0.0002,9.8066,0.0468,-0.0434,0.0426,-15.87,-31.81,-1.44,283.82,-83.95,-150.68
52.388836,-1.516205,146.44,13.03,3,5.36,21 / 21,930329,2019-09-06 18:31:37:011,-0.3659,-0.2827,9.6252,-0.0084,-0.0073,9.8066,-0.0574,-0.0572,-0.0279,-15.37,-31.81,-1.37,282.91,-83.95,-150.51
52.388836,-1.516205,146.44,13.03,3,5.36,20 / 21,930429,2019-09-06 18:31:37:111,-0.1313,-1.0109,10.4763,-0.0231,0.0022,9.8065,0.1197,-0.1579,0.0545,-15.69,-32,-1.81,281.43,-84.1,-149.8
52.388836,-1.516205,146.44,13.03,3,5.36,20 / 21,930529,2019-09-06 18:31:37:211,0.2137,0.0413,10.2105,0.0142,0.013,9.8066,0.0141,-0.1495,0.0548,-15.31,-32.06,-1.87,279.96,-84.17,-150.12
52.388836,-1.516205,146.44,13.03,3,5.36,20 / 21,930628,2019-09-06 18:31:37:310,0.2352,-0.5586,9.9502,0.0062,0.0036,9.8066,0.0956,-0.0301,-0.0292,-15.81,-32.12,-1.31,283.89,-84.05,-150.8
52.388836,-1.516205,146.44,13.03,3,5.36,20 / 21,930729,2019-09-06 18:31:37:411,0.0556,-0.7393,10.3996,0.0357,0.01,9.8065,-0.0379,-0.0293,-0.0191,-15.31,-32,-1.75,277.52,-83.93,-151.96
52.388836,-1.516205,146.44,13.03,3,5.36,20 / 21,930829,2019-09-06 18:31:37:511,-0.0804,-0.4795,10.1803,-0.001,0.0016,9.8066,0.0343,-0.0293,0.0224,-15.75,-32.25,-1.56,278.98,-84.03,-152.01
52.388836,-1.516205,146.44,13.03,3,5.36,20 / 21,930929,2019-09-06 18:31:37:611,-0.0559,-0.8186,10.3098,0.0223,-0.0069,9.8066,0.0192,-0.0491,0.063,-15.75,-32.31,-1.94,279.36,-83.94,-151.47
52.388836,-1.516205,146.44,13.03,3,5.36,20 / 21,931028,2019-09-06 18:31:37:710,0.8223,0.5254,10.1482,0.0052,-0.0084,9.8066,0.0679,-0.0036,-0.0351,-16.12,-32.19,-1.62,280.46,-83.91,-150.34
52.388836,-1.516205,146.44,13.03,3,5.36,20 / 21,931129,2019-09-06 18:31:37:811,0.0464,-0.2818,10.3867,0.0632,-0.0005,9.8064,-0.1425,0.0146,-0.0352,-16.06,-32.31,-1.31,284.03,-83.98,-150.53
52.388836,-1.516205,146.44,13.03,3,5.36,20 / 21,931229,2019-09-06 18:31:37:911,-1.0099,-0.3813,9.3359,0.0345,0.0203,9.8065,0.0101,0.0362,0.0095,-15.37,-32,-1.25,280.82,-83.63,-151.81
52.388836,-1.516205,146.44,13.03,3,5.36,20 / 21,931330,2019-09-06 18:31:38:012,-0.5513,0.4911,9.2517,-0.0031,0.0044,9.8066,-0.0778,0.0109,0.0211,-16.37,-31.62,-1.31,281.61,-83.62,-152.11
52.388836,-1.516205,146.44,13.03,3,5.36,20 / 20,931429,2019-09-06 18:31:38:111,-0.0712,-0.2478,9.0811,0.0121,0.0079,9.8066,-0.1235,-0.0109,0,-16.19,-32.56,-1.31,281.15,-83.61,-152.15
52.388836,-1.516205,146.44,13.03,3,5.36,20 / 20,931528,2019-09-06 18:31:38:210,-1.1184,0.5206,9.6542,-0.0373,-0.0089,9.8066,0.0743,-0.0579,0.0473,-16.44,-32.19,-1.44,282.38,-83.87,-151.88
52.388836,-1.516205,146.44,13.03,3,5.36,20 / 20,931629,2019-09-06 18:31:38:311,-1.6465,0.5615,9.2125,-0.0145,-0.0031,9.8066,-0.0132,0.0043,-0.0398,-15.94,-31.94,-1.12,282.26,-83.77,-151.8
52.388836,-1.516205,146.44,13.03,3,5.36,20 / 20,931729,2019-09-06 18:31:38:411,-0.8269,-0.5643,10.1144,-0.0089,-0.0075,9.8066,0.0593,-0.0681,0.0963,-16.31,-32.75,-0.94,281.59,-83.65,-151.8
52.388836,-1.516205,146.44,13.03,3,5.36,20 / 20,931829,2019-09-06 18:31:38:511,-0.2508,-0.7495,9.7163,-0.0118,-0.0188,9.8066,0.0273,-0.0458,0.0548,-16.69,-31.94,-0.69,284.8,-83.61,-150.01
52.388836,-1.516205,146.44,13.03,3,5.36,20 / 20,931929,2019-09-06 18:31:38:611,-0.8987,-0.6121,10.0509,-0.0031,-0.0015,9.8066,-0.0353,-0.0648,-0.0304,-16.94,-32.44,-0.69,285.56,-83.47,-149.01
52.388836,-1.516205,146.44,13.03,3,5.36,20 / 20,932029,2019-09-06 18:31:38:711,-0.8521,-0.1451,10.7812,-0.0006,0.0018,9.8066,0.0015,-0.0111,-0.0624,-16.06,-31.81,-1.5,285.03,-83.55,-148.72
52.388836,-1.516205,146.44,13.03,3,5.36,20 / 20,932129,2019-09-06 18:31:38:811,-0.1964,-0.3809,9.9014,0.0347,0.0054,9.8065,-0.0284,-0.0206,0.0599,-16.19,-31.94,-1.06,283.96,-83.57,-149.78
52.388836,-1.516205,146.44,13.03,3,5.36,20 / 20,932228,2019-09-06 18:31:38:910,-0.5263,-0.7652,10.2862,0.0206,0.0038,9.8065,-0.0827,0.0387,-0.0876,-16.44,-31.87,-1.12,283.51,-83.46,-149.97
52.388836,-1.516205,146.44,13.03,3,5.36,20 / 20,932329,2019-09-06 18:31:39:011,0.0962,0.3597,9.7955,0.0012,0.0063,9.8066,0.1103,0.0042,-0.0023,-16.19,-32.31,-1,282.51,-83.49,-150.98
52.388836,-1.516205,146.44,13.03,3,5.36,21 / 21,932428,2019-09-06 18:31:39:110,0.556,-0.2695,9.4748,0.0068,0.0045,9.8066,0.0123,-0.0121,0.0263,-16,-31.94,-0.56,281.11,-83.36,-152.07
52.388836,-1.516205,146.44,13.03,3,5.36,21 / 21,932529,2019-09-06 18:31:39:211,-0.9704,0.1413,9.6347,-0.0466,-0.0044,9.8065,0.0444,0.0308,-0.0424,-16.06,-31.75,-1,282.24,-83.63,-151.54
52.388836,-1.516205,146.44,13.03,3,5.36,21 / 21,932628,2019-09-06 18:31:39:310,-0.109,-0.033,10.0698,-0.0334,-0.01,9.8065,0.0583,-0.0189,0.0095,-16.19,-32.37,-1,281.97,-83.62,-151.77
52.388836,-1.516205,146.44,13.03,3,5.36,21 / 21,932729,2019-09-06 18:31:39:411,-0.1146,-0.2516,9.9438,0.0248,0.001,9.8066,-0.026,0.026,-0.0036,-16.31,-31.94,-0.44,284.19,-83.4,-152.77
52.388836,-1.516205,146.44,13.03,3,5.36,21 / 21,932828,2019-09-06 18:31:39:510,-0.9651,0.8631,9.7186,0.0098,-0.0019,9.8066,0.0575,0.0353,-0.0611,-16.37,-31.75,-0.44,284.2,-83.35,-152.64
52.388836,-1.516205,146.44,13.03,3,5.36,21 / 21,932929,2019-09-06 18:31:39:611,-1.7169,-0.8467,10.4659,-0.0212,-0.0076,9.8066,0.0716,-0.1022,0.0614,-16.12,-32.31,-1,279.4,-83.25,-153.48
52.388836,-1.516205,146.44,13.03,3,5.36,21 / 21,933028,2019-09-06 18:31:39:710,0.3464,-0.0948,10.4808,-0.0487,-0.02,9.8065,0.1332,-0.0257,-0.0538,-16.06,-32.19,-1.06,281.72,-83.41,-151.58
52.388836,-1.516205,146.44,13.03,3,5.36,21 / 21,933128,2019-09-06 18:31:39:810,-1.1703,1.2002,9.3458,0.0109,0.0197,9.8066,-0.0119,-0.0203,0.1285,-15.87,-32,-1.06,280.32,-83.43,-152.96
52.388836,-1.516205,146.44,13.03,3,5.36,21 / 21,933229,2019-09-06 18:31:39:911,-0.1228,-1.2063,10.3377,0.0326,-0.0137,9.8065,0.0543,0.0324,-0.0374,-16.06,-32.12,-1.25,281.49,-83.29,-151.56
52.388836,-1.516205,146.44,13.03,3,5.36,21 / 21,933329,2019-09-06 18:31:40:011,-2.6701,-0.4668,10.3499,-0.0401,-0.0075,9.8065,0.2494,-0.0565,-0.0277,-16.62,-31.87,-0.62,284.61,-83.42,-149.83
52.388836,-1.516205,146.44,13.03,3,5.36,21 / 21,933429,2019-09-06 18:31:40:111,-0.9287,-1.2035,10.0138,-0.0251,-0.0076,9.8066,-0.029,-0.0054,0.0204,-16.62,-32.12,-0.69,282.67,-83.19,-151.23
52.388836,-1.516205,146.44,13.03,3,5.36,21 / 21,933528,2019-09-06 18:31:40:210,1.3894,0.5706,10.3081,-0.025,-0.0051,9.8066,0.0962,-0.0789,0.0307,-16.25,-31.75,-0.81,280.81,-83.1,-151.81
52.388836,-1.516205,146.44,13.03,3,5.36,21 / 21,933628,2019-09-06 18:31:40:310,-1.3116,1.071,9.4524,-0.032,-0.005,9.8065,0.0191,0.0879,-0.1177,-16.62,-32.69,-1.06,282.43,-83.19,-151.06
52.388836,-1.516205,146.44,13.03,3,5.36,21 / 21,933729,2019-09-06 18:31:40:411,0.0834,0.3068,9.1399,-0.0074,0.0017,9.8066,-0.0225,-0.0123,0.0504,-16.19,-31.87,-0.69,280.91,-83.28,-152.1
52.388836,-1.516205,146.44,13.03,3,5.36,21 / 21,933828,2019-09-06 18:31:40:510,0.6262,0.6015,9.1586,0.0269,-0.0082,9.8065,-0.0524,0.0169,-0.0361,-16.44,-32.5,-1,281.18,-83.06,-151.38
52.388836,-1.516205,146.44,13.03,3,5.36,21 / 21,933928,2019-09-06 18:31:40:610,-0.395,-0.2956,9.5168,-0.0064,-0.0169,9.8066,-0.1145,0.025,0.0542,-16.62,-32,-1.19,283.01,-83.09,-150.71
52.388836,-1.516205,146.44,13.03,3,5.36,21 / 21,934029,2019-09-06 18:31:40:711,0.2331,0.0409,10.0367,0.0012,-0.0193,9.8066,-0.0059,-0.0502,0.0095,-16.31,-33.06,-0.69,283.23,-83.01,-148.88
52.388836,-1.516205,146.44,13.03,3,5.36,21 / 21,934128,2019-09-06 18:31:40:810,1.4935,-0.3103,9.6786,-0.0033,0.0012,9.8066,0.1055,0.0098,0.0343,-16.69,-31.94,-0.25,288.76,-82.93,-148.35
52.388836,-1.516205,146.44,13.03,3,5.36,21 / 21,934229,2019-09-06 18:31:40:911,0.3306,-1.0304,10.1029,-0.0131,-0.002,9.8066,0.1076,-0.0548,0.0456,-16.5,-32.44,-0.94,283.93,-82.96,-148.55
52.388836,-1.516205,146.44,13.03,3,5.36,21 / 21,934329,2019-09-06 18:31:41:011,1.2494,0.9152,9.6485,0.0196,0.026,9.8066,-0.1825,-0.0544,0.0299,-16.75,-32.12,-0.81,284.33,-82.87,-149.05
52.388836,-1.516205,146.44,13.03,3,5.36,21 / 21,934429,2019-09-06 18:31:41:111,-1.474,-0.2964,9.9509,-0.0478,0.0058,9.8065,-0.0745,-0.0815,0.1012,-16.94,-32.12,-0.56,285.97,-83.34,-148.39
52.388836,-1.516205,146.44,13.03,3,5.36,21 / 21,934528,2019-09-06 18:31:41:210,-0.7632,-1.2226,10.4632,-0.0093,-0.0182,9.8065,-0.1054,-0.0835,0.0443,-16.31,-32.69,-1.31,285.26,-83.24,-147.45
52.388836,-1.516205,146.44,13.03,3,5.36,21 / 21,934629,2019-09-06 18:31:41:311,-1.6338,0.3572,10.3944,-0.0223,0.0127,9.8066,0.0757,0.0003,0.0056,-16.94,-31.75,-1.12,287.04,-83.29,-147.29
52.388836,-1.516205,146.44,13.03,3,5.36,21 / 21,934728,2019-09-06 18:31:41:410,-1.35,-0.4764,9.4658,0.0053,-0.0031,9.8066,0.074,0.0206,0.0394,-16.56,-31.5,-1.25,285.62,-83.07,-148.59
52.388836,-1.516205,146.44,13.03,3,5.36,21 / 21,934829,2019-09-06 18:31:41:511,0.6822,-0.9839,9.5852,-0.0102,0.0052,9.8066,0.029,-0.0061,-0.0873,-16.75,-32.19,-0.94,284.47,-82.73,-148.63
52.388836,-1.516205,146.44,13.03,3,5.36,21 / 21,934928,2019-09-06 18:31:41:610,-1.0827,0.0153,10.2281,-0.0257,0.0047,9.8065,-0.0225,0.007,0.0474,-16.75,-32.37,-0.75,283.97,-82.99,-149.61
52.388836,-1.516205,146.44,13.03,3,5.36,21 / 21,935028,2019-09-06 18:31:41:710,-0.2893,-0.0666,10.0002,-0.0067,-0.0014,9.8066,0.0214,-0.0303,-0.0229,-16.31,-32.06,-0.94,283.76,-83.06,-148.92
52.388836,-1.516205,146.44,13.03,3,5.36,21 / 21,935128,2019-09-06 18:31:41:810,-1.1299,-0.3534,10.0956,-0.0018,0.0017,9.8066,0.0039,-0.0195,0.003,-15.75,-32.12,-0.87,283.62,-83.07,-149.08
52.388836,-1.516205,146.44,13.03,3,5.36,21 / 21,935229,2019-09-06 18:31:41:911,-0.7588,1.197,9.4741,-0.0111,0.005,9.8066,0.0844,-0.0818,0.1134,-16.75,-32.37,-0.94,284.73,-83.09,-149.09
52.388836,-1.516205,146.44,13.03,3,5.36,21 / 21,935329,2019-09-06 18:31:42:011,0.5923,0.0976,9.4339,-0.0105,-0.02,9.8065,0.0375,-0.0014,-0.039,-16.44,-32.44,-0.87,284.61,-83,-148
52.388836,-1.516205,146.44,13.03,3,5.36,21 / 21,935428,2019-09-06 18:31:42:110,-0.6886,-0.2862,9.582,-0.0001,0.0111,9.8065,-0.0616,-0.0161,-0.0007,-16.87,-31.62,-1.31,285.99,-83.05,-147.81
52.388836,-1.516205,146.44,13.03,3,5.36,21 / 21,935529,2019-09-06 18:31:42:211,-0.3134,-0.4343,10.208,-0.0011,0.0079,9.8066,-0.0211,0.0105,-0.0011,-17.06,-32.12,-1.12,285.79,-83.22,-148.34
52.388836,-1.516205,146.44,13.03,3,5.36,21 / 21,935628,2019-09-06 18:31:42:310,-0.6842,0.0155,10.0332,0.0022,-0.0001,9.8066,0.1344,-0.0379,-0.0103,-16.69,-32.81,-1.12,284.65,-83.35,-149.26
52.388836,-1.516205,146.44,13.03,3,5.36,21 / 21,935728,2019-09-06 18:31:42:410,0.8183,0.1855,10.173,-0.0154,0.0027,9.8066,0.1817,-0.0641,0.0234,-16.69,-32.37,-0.81,284.78,-83.32,-149.48
52.388836,-1.516205,146.44,13.03,3,5.36,21 / 21,935829,2019-09-06 18:31:42:511,-0.3891,-0.0405,10.5209,0.028,-0.0052,9.8065,-0.0215,0.0483,0.0225,-16.44,-32.06,-1.25,283.35,-83.07,-149.32
52.388836,-1.516205,146.44,13.03,3,5.36,21 / 21,935929,2019-09-06 18:31:42:611,-0.5352,1.3283,8.7469,0.0105,0.0005,9.8066,-0.0475,0.0425,0.0832,-16.62,-32.06,-1.25,285.79,-83.13,-148.15
52.388836,-1.516205,146.44,13.03,3,5.36,21 / 21,936028,2019-09-06 18:31:42:710,-1.2695,-1.437,11.5256,-0.0182,-0.0308,9.8066,0.0315,0.0039,-0.0988,-16.56,-32,-1.62,283.76,-82.87,-146.3
52.388836,-1.516205,146.44,13.03,3,5.36,21 / 21,936128,2019-09-06 18:31:42:810,-0.7008,0.4186,9.1569,-0.0259,0.0261,9.8065,0.1591,0.0293,-0.0452,-16.81,-32.69,-0.5,290.04,-83.06,-147.01
52.388836,-1.516205,146.44,13.03,3,5.36,21 / 21,936228,2019-09-06 18:31:42:910,1.0502,0.0768,9.7215,0.0446,0.002,9.8065,-0.057,0.0008,0.0261,-17.37,-32.19,-0.56,282.41,-82.56,-150.27
52.388836,-1.516205,146.44,13.03,3,5.36,21 / 21,936330,2019-09-06 18:31:43:012,-0.381,-0.4202,9.4949,-0.0105,0.0054,9.8066,-0.0781,-0.007,-0.0131,-16.69,-32.62,-1.06,283.1,-82.77,-149.59
52.388836,-1.516205,146.44,13.03,3,5.36,21 / 21,936429,2019-09-06 18:31:43:111,0.2078,0.7468,9.5956,-0.016,0.0019,9.8066,-0.0466,0.0019,-0.0081,-17.19,-32.75,-1.19,284.38,-83.18,-149.18
52.388836,-1.516205,146.44,13.03,3,5.36,21 / 21,936529,2019-09-06 18:31:43:211,-0.3097,0.1081,9.9045,-0.0119,-0.005,9.8065,-0.0475,-0.0491,0.0289,-16,-32.56,-1.56,282.26,-83.55,-147.48
52.388836,-1.516205,146.44,13.03,3,5.36,21 / 21,936628,2019-09-06 18:31:43:310,-0.4469,0.1185,9.9072,0.0134,-0.0033,9.8066,-0.0892,-0.0616,0.0524,-17,-32.94,-1.37,287.95,-83.5,-146.46
52.388836,-1.516205,146.44,13.03,3,5.36,21 / 21,936729,2019-09-06 18:31:43:411,-1.7034,-0.603,9.7809,0.0231,0.0021,9.8065,0.1849,-0.061,0.0148,-17.25,-32.56,-2.06,284.64,-83.42,-146.14
52.388836,-1.516205,146.44,13.03,3,5.36,21 / 21,936828,2019-09-06 18:31:43:510,-0.7902,-0.9187,10.2789,-0.0297,-0.0135,9.8066,0.1802,0.0001,-0.0559,-16.5,-32.62,-1.75,284.37,-83.51,-145.39
52.388836,-1.516205,146.44,13.03,3,5.36,21 / 21,936929,2019-09-06 18:31:43:611,-0.1314,-0.1522,9.7618,-0.0515,-0.0088,9.8065,-0.1186,-0.0081,-0.0257,-16.37,-32.19,-1.56,284.25,-83.61,-146.11
52.388836,-1.516205,146.44,13.03,3,5.36,21 / 21,937029,2019-09-06 18:31:43:711,-0.1969,-0.0324,9.6895,0.0197,0.0092,9.8066,-0.094,-0.0034,-0.0402,-17.25,-32.12,-1.69,285.42,-83.63,-146.18
52.388836,-1.516205,146.44,13.03,3,5.36,21 / 21,937129,2019-09-06 18:31:43:811,-1.3405,-1.5942,9.7148,0.0023,0.0038,9.8066,0.1079,-0.0772,0.1032,-17.31,-32.25,-1.94,285.5,-83.72,-146.27
52.388836,-1.516205,146.44,13.03,3,5.36,21 / 21,937228,2019-09-06 18:31:43:910,-1.7933,1.1877,8.7736,-0.0457,-0.0122,9.8065,-0.0933,-0.0601,-0.0167,-16.81,-32.06,-2.19,290.06,-83.96,-142.43
52.388836,-1.516205,146.44,13.03,3,5.36,21 / 21,937328,2019-09-06 18:31:44:010,-2.4483,-0.9199,9.4101,-0.0186,-0.006,9.8066,-0.1557,-0.0279,-0.0254,-16.75,-32.19,-1.75,291.56,-84.03,-141.17
52.388836,-1.516205,146.44,13.03,3,5.36,21 / 21,937428,2019-09-06 18:31:44:110,-0.627,-0.488,10.2324,-0.0305,-0.007,9.8066,0.1216,-0.0158,0.0007,-16.62,-31.81,-2,293.74,-84.19,-139.43
52.388836,-1.516205,146.44,13.03,3,5.36,21 / 21,937528,2019-09-06 18:31:44:210,-0.3111,-0.2975,10.5197,-0.0067,0.0083,9.8066,0.0474,0.0176,-0.013,-16.44,-31.81,-1,294.33,-84.12,-141.2
52.388836,-1.516205,146.44,13.03,3,5.36,21 / 21,937628,2019-09-06 18:31:44:310,0.4931,0.1045,10.1299,0.0491,0.019,9.8065,-0.0242,0.0127,-0.0264,-17,-31.69,-1.25,293.02,-83.89,-142.83
52.388836,-1.516205,146.44,13.03,3,5.36,21 / 21,937729,2019-09-06 18:31:44:411,-0.5498,-0.6378,10.2249,0.0276,0.0096,9.8065,0.0149,-0.0449,0.0265,-16.56,-32.19,-1.62,286.36,-83.67,-145.36
52.388836,-1.516205,146.44,13.03,3,5.36,21 / 21,937829,2019-09-06 18:31:44:511,-2.6008,0.8335,9.3896,-0.0129,0.0046,9.8066,-0.0849,0.0789,-0.0991,-16.87,-31.81,-1.94,287.37,-83.9,-144.84
52.388836,-1.516205,146.44,13.03,3,5.36,21 / 21,937929,2019-09-06 18:31:44:611,-2.1126,-1.0309,10.128,0.0061,0.0084,9.8066,0.0687,0.0106,0.0609,-17.25,-32.56,-1.62,286.83,-84.03,-145.25
52.388836,-1.516205,146.44,13.03,3,5.36,21 / 21,938028,2019-09-06 18:31:44:710,-2.5163,-0.649,9.7093,-0.0254,-0.0142,9.8065,0.0759,-0.0034,-0.0032,-17.37,-31.56,-2.06,289.78,-84.09,-142.92
52.388836,-1.516205,146.44,13.03,3,5.36,21 / 21,938129,2019-09-06 18:31:44:811,-1.5014,0.2626,10.3662,-0.0155,-0.0115,9.8066,-0.0369,0.0041,0.0363,-17.25,-32.31,-1.31,293.04,-83.96,-142.95
52.388836,-1.516205,146.44,13.03,3,5.36,21 / 21,938229,2019-09-06 18:31:44:911,-1.8565,-0.2827,10.3128,0.0414,-0.0028,9.8065,-0.0679,0.0198,-0.0086,-17,-32.44,-1.62,289.06,-83.85,-143.17
52.388836,-1.516205,146.44,13.03,3,5.36,21 / 21,938328,2019-09-06 18:31:45:010,-2.0904,-0.7487,9.6798,0.0178,-0.0007,9.8066,0.0258,-0.0461,0.0411,-17.06,-32.25,-1.31,292.02,-83.55,-143.14
52.389755,-1.515921,147.02,8.23,3,10.9,21 / 21,938428,2019-09-06 18:31:45:110,-1.345,-0.1458,9.7633,0.0091,-0.0026,9.8066,0.0005,0.0137,0.0095,-16.87,-32.5,-1,292.58,-83.46,-142.46
52.389755,-1.515921,147.02,8.23,3,10.9,21 / 21,938529,2019-09-06 18:31:45:211,-2.028,-0.2495,10.0639,-0.0127,-0.0044,9.8065,0.011,0.0814,-0.0364,-16.44,-31.5,-1.19,292.52,-83.66,-142.33
52.389755,-1.515921,147.02,8.23,3,10.9,21 / 21,938628,2019-09-06 18:31:45:310,-1.7635,0.8818,10.2617,-0.0297,0.007,9.8065,0.0373,0.0081,0.0182,-17.19,-32.44,-1.44,294.56,-83.95,-141.53
52.389755,-1.515921,147.02,8.23,3,10.9,21 / 21,938729,2019-09-06 18:31:45:411,-1.6501,0.559,9.5785,0.0029,0.0207,9.8066,-0.0403,0.0531,-0.025,-16.62,-32.06,-1.06,293.14,-84.1,-143.11
52.389755,-1.515921,147.02,8.23,3,10.9,21 / 21,938828,2019-09-06 18:31:45:510,-1.9624,0.7911,9.6462,0.0331,0.0166,9.8065,-0.0608,0.1081,-0.0087,-16.12,-32.25,-1.31,290.67,-84.1,-144.53
52.389755,-1.515921,147.02,8.23,3,10.9,21 / 21,938929,2019-09-06 18:31:45:611,-2.7484,0.936,9.9499,-0.0245,0.0083,9.8065,0.0918,0.1664,-0.0796,-15.75,-32.37,-1.37,289.83,-84.33,-145.77
52.389755,-1.515921,147.02,8.23,3,10.9,21 / 21,939029,2019-09-06 18:31:45:711,-3.1274,1.0958,10.2446,-0.0385,0.0008,9.8066,-0.0011,0.1856,-0.0459,-15.5,-31.87,-1.12,287.48,-84.48,-147.32
52.389755,-1.515921,147.02,8.23,3,10.9,21 / 21,939129,2019-09-06 18:31:45:811,-2.7676,1.5339,9.8553,0.0041,0.0282,9.8066,0.02,0.25,-0.0731,-15,-32.69,-0.44,289.92,-84.55,-148.62
52.389755,-1.515921,147.02,8.23,3,10.9,21 / 21,939229,2019-09-06 18:31:45:911,-2.4512,1.79,9.4759,-0.0065,0.0161,9.8066,-0.0956,0.299,-0.0876,-14.44,-32.31,-1.37,281.95,-84.79,-152.19
52.389755,-1.515921,147.02,8.23,3,10.9,21 / 21,939329,2019-09-06 18:31:46:011,-3.1583,2.6944,9.382,-0.0154,0.0184,9.8065,-0.0302,0.3035,-0.0331,-13.75,-31.69,-0.81,280.04,-85.17,-154.92
52.389755,-1.515921,147.02,8.23,3,10.9,21 / 21,939428,2019-09-06 18:31:46:110,-3.0309,2.297,9.8322,-0.0083,0.0052,9.8066,-0.0126,0.324,-0.027,-13.06,-32.37,-1.31,279.35,-85.37,-154.92
52.389755,-1.515921,147.02,8.23,3,10.9,21 / 21,939528,2019-09-06 18:31:46:210,-2.4099,1.7843,9.9763,-0.0059,0.0164,9.8066,-0.0371,0.3987,-0.0917,-13.31,-32.25,-1.12,278.48,-85.52,-156.13
52.389755,-1.515921,147.02,8.23,3,10.9,21 / 21,939629,2019-09-06 18:31:46:311,-2.8788,1.8905,9.9426,-0.0018,0.0185,9.8065,0.0372,0.4276,-0.0488,-12.31,-32.12,-0.87,275.03,-85.66,-158.62
52.389755,-1.515921,147.02,8.23,3,10.9,21 / 21,939729,2019-09-06 18:31:46:411,-3.122,2.1122,9.9069,-0.0042,0.0172,9.8066,0.0558,0.4897,-0.0913,-11.37,-32.19,-0.69,271.4,-85.69,-160.8
52.389755,-1.515921,147.02,8.23,3,10.9,21 / 21,939828,2019-09-06 18:31:46:510,-2.1446,2.9952,9.8086,-0.0088,0.0199,9.8066,0.0599,0.506,-0.0882,-10.56,-32,-0.75,266.83,-85.76,-165.61
52.389755,-1.515921,147.02,8.23,3,10.9,21 / 21,939929,2019-09-06 18:31:46:611,-1.6736,2.8316,9.6097,0.0091,0.0249,9.8065,-0.0093,0.5386,-0.0833,-9.81,-32.44,-1.06,260.24,-85.73,-170.52
52.389755,-1.515921,147.02,8.23,3,10.9,21 / 21,940029,2019-09-06 18:31:46:711,-1.2886,2.1982,9.3815,0.0037,0.0158,9.8066,-0.0433,0.5286,-0.0793,-8.25,-31.81,-0.69,253.6,-85.76,-172.9
52.389755,-1.515921,147.02,8.23,3,10.9,21 / 21,940129,2019-09-06 18:31:46:811,-1.5165,2.2621,9.4735,-0.0173,0.0158,9.8066,-0.0521,0.5606,-0.1163,-7.44,-31.44,-0.19,255.33,-85.81,-176.42
52.389755,-1.515921,147.02,8.23,3,10.9,21 / 21,940229,2019-09-06 18:31:46:911,-2.1697,2.6907,9.7877,-0.014,0.0177,9.8065,-0.0332,0.5985,-0.0813,-6.25,-32.12,0.13,248.75,-85.9,179.56
52.389755,-1.515921,147.02,8.23,3,10.9,21 / 21,940328,2019-09-06 18:31:47:010,-2.2051,2.9062,10.1857,-0.0146,0.0258,9.8066,0.0023,0.6481,-0.1127,-5.56,-31.69,0.31,245.65,-85.98,175.53
52.389755,-1.515921,147.02,8.23,3,10.9,21 / 21,940429,2019-09-06 18:31:47:111,-1.7555,2.4676,10.2132,0.0036,0.0224,9.8065,0.0227,0.6522,-0.0416,-3.87,-31.56,0.88,243.69,-85.93,169.26
52.389755,-1.515921,147.02,8.23,3,10.9,21 / 21,940529,2019-09-06 18:31:47:211,-1.6455,3.0826,9.8519,0.0036,0.0166,9.8065,0.0447,0.6796,-0.0949,-2.75,-31.75,1.88,251.4,-85.67,167.19
52.389755,-1.515921,147.02,8.23,3,10.9,21 / 21,940629,2019-09-06 18:31:47:311,-0.4365,3.1381,9.7105,0.0108,0.0096,9.8066,0.019,0.7161,-0.0617,-2.19,-31.75,2.56,267.19,-85.43,165.95
52.389755,-1.515921,147.02,8.23,3,10.9,21 / 21,940728,2019-09-06 18:31:47:410,-0.5717,3.0122,9.8402,0.0154,0.0015,9.8066,0.0302,0.7385,-0.0345,-1.5,-31.5,3.38,270.72,-85.15,165.4
52.389755,-1.515921,147.02,8.23,3,10.9,21 / 21,940829,2019-09-06 18:31:47:511,1.1618,3.2386,10.0756,0.0146,-0.0058,9.8066,0.0169,0.7193,-0.0599,-0.94,-31.62,4.31,292.02,-85.03,164.86
52.389755,-1.515921,147.02,8.23,3,10.9,21 / 21,940929,2019-09-06 18:31:47:611,2.9228,1.4397,10.1312,0.0068,-0.0022,9.8066,0.0313,0.753,-0.0773,0.56,-31.12,4.63,351.77,-84.91,164.92
52.389755,-1.515921,147.02,8.23,3,10.9,21 / 21,941029,2019-09-06 18:31:47:711,3.0816,1.8449,10.0696,0.0061,-0.0153,9.8066,0.0772,0.7593,-0.0293,0.88,-31.44,6.5,346.04,-84.71,163.57
52.389755,-1.515921,147.02,8.23,3,10.9,21 / 21,941128,2019-09-06 18:31:47:810,2.6815,1.6943,9.8678,-0.0009,0.0031,9.8066,-0.0082,0.73,-0.063,1.44,-31.56,7.06,347.05,-84.57,164.49
52.389755,-1.515921,147.02,8.23,3,10.9,21 / 21,941229,2019-09-06 18:31:47:911,2.4853,-0.0231,9.7163,-0.0024,0.0027,9.8065,0.0177,0.7447,-0.0522,2.81,-31.75,8.19,8.79,-84.45,165.02
52.389755,-1.515921,147.02,8.23,3,10.9,21 / 21,941329,2019-09-06 18:31:48:011,2.326,-0.4119,9.8888,-0.0069,-0.0101,9.8066,0.0072,0.7432,-0.0453,3.19,-31.37,9.06,7.12,-84.27,166.33
52.389755,-1.515921,147.02,8.23,3,10.9,21 / 21,941428,2019-09-06 18:31:48:110,2.5095,-0.2762,9.6458,0.0042,-0.0194,9.8065,0.0104,0.7621,-0.0999,3.25,-31.69,10.94,1.51,-84.08,165.81
52.389755,-1.515921,147.02,8.23,3,10.9,21 / 21,941529,2019-09-06 18:31:48:211,2.5911,-1.3104,10.6503,-0.0086,-0.0216,9.8066,0.0378,0.7773,-0.0809,3.94,-31.87,11.69,6.37,-83.74,166.14
52.389755,-1.515921,147.02,8.23,3,10.9,21 / 21,941629,2019-09-06 18:31:48:311,2.9258,-1.6772,10.4876,-0.0095,-0.0114,9.8066,0.0195,0.8319,-0.0823,3.81,-32.25,13.19,5.44,-83.57,166.87
52.389755,-1.515921,147.02,8.23,3,10.9,21 / 21,941729,2019-09-06 18:31:48:411,2.706,-0.6902,10.1401,-0.0067,-0.0038,9.8066,-0.0088,0.789,-0.0668,3.81,-31.81,15.13,4.05,-83.41,168.13
52.389755,-1.515921,147.02,8.23,3,10.9,21 / 21,941828,2019-09-06 18:31:48:510,2.4573,-0.4863,9.8064,0.0016,-0.0167,9.8066,-0.0144,0.8166,-0.091,4,-31.12,16.19,2.9,-83.26,168.2
52.389755,-1.515921,147.02,8.23,3,10.9,21 / 21,941929,2019-09-06 18:31:48:611,2.9918,-2.2598,9.8147,0.009,-0.0242,9.8066,0.0723,0.8565,-0.1289,4.69,-31.5,17.25,4.72,-83.03,167.29
52.389755,-1.515921,147.02,8.23,3,10.9,21 / 21,942029,2019-09-06 18:31:48:711,3.0739,-1.4071,9.7091,0.009,-0.0162,9.8066,0.0308,0.8334,-0.1499,3.81,-31.19,19.31,357.52,-82.63,166.16
52.389755,-1.515921,147.02,8.23,3,10.9,21 / 21,942129,2019-09-06 18:31:48:811,3.2092,-1.1018,9.9294,0.0041,-0.0094,9.8066,-0.0269,0.8099,-0.1323,4.25,-31.37,20.56,354.72,-82.36,165
52.389755,-1.515921,147.02,8.23,3,10.9,21 / 21,942228,2019-09-06 18:31:48:910,3.1843,-0.7004,9.6851,0.0022,-0.0026,9.8066,-0.1493,0.8208,-0.0867,4.19,-30.94,21.56,353.98,-82.38,164.84
52.389755,-1.515921,147.02,8.23,3,10.9,21 / 21,942328,2019-09-06 18:31:49:010,3.0961,-0.4497,10.1384,-0.0069,0.0147,9.8066,-0.1639,0.7605,-0.0587,3.63,-31.37,23.25,353.42,-82.6,164.73
52.389755,-1.515921,147.02,8.23,3,10.9,21 / 21,942428,2019-09-06 18:31:49:110,2.6373,0.095,10.0189,-0.0069,0.0116,9.8066,-0.0281,0.7455,-0.0742,2.38,-31.06,23.94,347.93,-82.78,165.2
52.389755,-1.515921,147.02,8.23,3,10.9,21 / 21,942529,2019-09-06 18:31:49:211,3.1022,-0.3192,10.1217,-0.0072,-0.0069,9.8066,-0.0162,0.6698,-0.0657,2.19,-31.19,24.75,348.96,-82.81,166.17
52.389755,-1.515921,147.02,8.23,3,10.9,21 / 21,942630,2019-09-06 18:31:49:312,1.7274,-1.1094,9.4158,-0.0177,-0.0098,9.8066,-0.0384,0.6328,0.0252,1.81,-29.81,26.38,350.76,-82.66,167.79
52.389755,-1.515921,147.02,8.23,3,10.9,21 / 21,942728,2019-09-06 18:31:49:410,1.5771,-1.1109,10.0744,-0.0153,-0.0416,9.8065,0.0823,0.6251,-0.0196,0.44,-30.62,27.25,350.17,-82.31,171.76
52.389755,-1.515921,147.02,8.23,3,10.9,21 / 21,942828,2019-09-06 18:31:49:510,2.496,-0.633,10.2116,-0.0268,-0.0371,9.8065,-0.0431,0.5237,0.0495,-0.06,-30.75,27.56,352.65,-82.2,173.82
52.389755,-1.515921,147.02,8.23,3,10.9,21 / 21,942929,2019-09-06 18:31:49:611,0.2386,0.3493,9.6148,-0.0304,-0.0044,9.8065,0.0153,0.4587,0.0657,-1.25,-31.06,29,356.67,-82.1,179.17
52.389755,-1.515921,147.02,8.23,3,10.9,21 / 21,943028,2019-09-06 18:31:49:710,1.9431,0.0385,8.8847,-0.0227,-0.017,9.8066,0.0392,0.3266,0.0188,-1.56,-31.06,29.63,357.08,-82.05,-178.66
52.389755,-1.515921,147.02,8.23,3,10.9,21 / 21,943128,2019-09-06 18:31:49:810,0.5221,0.1967,9.0766,-0.0334,0.0453,9.8065,-0.0655,0.3474,0.0002,-2.19,-31,29.75,359.39,-81.84,-176.7
52.389755,-1.515921,147.02,8.23,3,10.9,21 / 21,943229,2019-09-06 18:31:49:911,1.8825,-0.9811,9.1437,-0.0033,0.0277,9.8065,0.0095,0.4158,-0.0591,-3.31,-31.06,30.44,359.93,-81.99,-174.35
52.389755,-1.515921,147.02,8.23,3,10.9,21 / 21,943329,2019-09-06 18:31:50:011,-1.6881,-1.47,10.2554,-0.0285,-0.0029,9.8066,0.0373,0.0484,0.1924,-3.44,-31.31,30.19,5.56,-82.01,-169.58
52.389755,-1.515921,147.02,8.23,3,10.9,21 / 21,943428,2019-09-06 18:31:50:110,-1.8368,-1.0919,10.3701,-0.0087,-0.0119,9.8065,-0.0654,0.1851,-0.0872,-4.25,-32.44,30,4.3,-82.16,-168.76
52.389755,-1.515921,147.02,8.23,3,10.9,21 / 21,943528,2019-09-06 18:31:50:210,-1.9757,-1.8604,9.0493,0.0022,0.0066,9.8066,0.0463,0.0782,0.08,-4.19,-31.25,31.63,6.14,-82.22,-167.59
52.389755,-1.515921,147.02,8.23,3,10.9,21 / 21,943629,2019-09-06 18:31:50:311,2.0213,-0.7929,9.0048,-0.0076,0.0118,9.8065,0.074,0.0235,0.1272,-4.31,-31.94,31.25,5.9,-82.09,-167.63
52.389755,-1.515921,147.02,8.23,3,10.9,21 / 21,943729,2019-09-06 18:31:50:411,0.919,-1.2714,10.0055,-0.0029,-0.0023,9.8066,0.051,0.0697,-0.0192,-4.31,-32,31.63,5.73,-81.98,-168
52.389755,-1.515921,147.02,8.23,3,10.9,21 / 21,943828,2019-09-06 18:31:50:510,-0.9721,-1.3117,8.7625,-0.0114,0.0134,9.8066,-0.0342,-0.0315,0.0783,-4.81,-31.81,32.75,5.14,-81.93,-166.98
52.389755,-1.515921,147.02,8.23,3,10.9,21 / 21,943928,2019-09-06 18:31:50:610,0.4616,-0.4248,9.9262,0.0122,0.0144,9.8066,-0.0906,0.0555,-0.1302,-4.44,-31.25,32.25,6.09,-82.03,-167.66
52.389755,-1.515921,147.02,8.23,3,10.9,21 / 21,944029,2019-09-06 18:31:50:711,-0.0388,-0.5414,9.9479,-0.0077,-0.0102,9.8066,0.0539,0.051,0.0699,-3.94,-30.31,33.13,6.81,-81.93,-167.21
52.389755,-1.515921,147.02,8.23,3,10.9,21 / 21,944129,2019-09-06 18:31:50:811,-0.7025,-1.0883,9.4199,0.0008,0.0193,9.8066,-0.0814,-0.0455,0.0183,-3.37,-30.37,33.19,9.67,-81.83,-166.47
52.389755,-1.515921,147.02,8.23,3,10.9,21 / 21,944228,2019-09-06 18:31:50:910,-0.6135,-0.542,9.5565,0.0012,0.0047,9.8066,0.0942,-0.0055,0.0056,-3.12,-29.75,32.31,8.92,-81.76,-167.01
52.389755,-1.515921,147.02,8.23,3,10.9,21 / 21,944329,2019-09-06 18:31:51:011,0.0688,-0.4649,10.07,0.0147,-0.0069,9.8066,0.0675,-0.0675,-0.0161,-2.5,-29.81,33.19,11.05,-81.72,-167.03
52.389755,-1.515921,147.02,8.23,3,10.9,20 / 21,944428,2019-09-06 18:31:51:110,-1.2249,-0.8663,9.5345,-0.0067,0.0001,9.8066,-0.0153,-0.0459,0.0943,-2.31,-29.44,32.44,10.38,-81.8,-167.48
52.389755,-1.515921,147.02,8.23,3,10.9,20 / 21,944529,2019-09-06 18:31:51:211,-0.3347,-0.2157,9.734,0.0054,0.0051,9.8066,-0.0295,-0.0019,-0.0265,-1.81,-29.25,32.75,10.6,-81.9,-167.34
52.389755,-1.515921,147.02,8.23,3,10.9,20 / 21,944628,2019-09-06 18:31:51:310,-0.2013,0.18,10.2919,0.0045,-0.0044,9.8066,0.0358,-0.0227,0.0268,-1.12,-28.37,32.25,12.34,-81.92,-167.49
52.389755,-1.515921,147.02,8.23,3,10.9,20 / 21,944729,2019-09-06 18:31:51:411,-0.9578,-0.2096,10.2002,0.0034,-0.0048,9.8066,0.0948,0.0134,-0.075,-0.94,-27.62,31.25,11.74,-81.81,-168.03
52.389755,-1.515921,147.02,8.23,3,10.9,20 / 21,944829,2019-09-06 18:31:51:511,-0.2752,0.0598,9.7359,0.0088,0.0036,9.8066,0.0661,-0.0614,-0.0384,-0.94,-28.31,29.88,10.61,-81.76,-169
52.389755,-1.515921,147.02,8.23,3,10.9,20 / 21,944929,2019-09-06 18:31:51:611,0.1028,-1.3561,9.5317,0.0066,0.0073,9.8066,-0.0811,0.0021,-0.0087,-1.44,-27.87,29.38,9.76,-81.7,-169.72
52.389755,-1.515921,147.02,8.23,3,10.9,20 / 21,945029,2019-09-06 18:31:51:711,-0.3109,0.0238,9.922,0.0028,0.0106,9.8065,-0.0556,-0.0168,0.013,-2.06,-29.5,29.06,6.68,-81.8,-170.39
52.389755,-1.515921,147.02,8.23,3,10.9,20 / 21,945129,2019-09-06 18:31:51:811,-0.207,-0.3764,9.9131,0.0074,-0.0059,9.8065,-0.0273,0.0316,-0.0215,-1.94,-29.12,29.25,5.7,-81.79,-171.22
52.389755,-1.515921,147.02,8.23,3,10.9,20 / 21,945229,2019-09-06 18:31:51:911,0.6981,-0.5875,9.9539,0.0099,-0.004,9.8065,0.0321,0.0859,-0.0818,-2.75,-30,29.56,3.01,-81.8,-171.74
52.389755,-1.515921,147.02,8.23,3,10.9,20 / 21,945329,2019-09-06 18:31:52:011,-0.0833,-1.0734,9.544,0.0043,-0.019,9.8066,0.0671,-0.0195,0.0279,-2.69,-29.5,29.31,2.02,-81.66,-172.39
52.389755,-1.515921,147.02,8.23,3,10.9,20 / 21,945428,2019-09-06 18:31:52:110,-0.6975,-0.142,10.1545,-0.0051,-0.0378,9.8065,-0.0574,0.0005,0.0476,-2.81,-30.94,29.56,2.74,-81.51,-172
52.389755,-1.515921,147.02,8.23,3,10.9,20 / 21,945528,2019-09-06 18:31:52:210,-0.7014,-1.8226,9.6264,0.0083,-0.0182,9.8066,-0.0781,-0.0121,0.0056,-3.44,-30.62,29.69,2.37,-81.52,-172.3
52.389755,-1.515921,147.02,8.23,3,10.9,20 / 21,945628,2019-09-06 18:31:52:310,-0.1183,-3.7036,9.7999,-0.0069,-0.0169,9.8066,0.0552,-0.1217,0.0817,-3.31,-31,30.13,2.95,-81.37,-171.83
52.389755,-1.515921,147.02,8.23,3,10.9,20 / 21,945728,2019-09-06 18:31:52:410,0.4758,0.9651,10.159,-0.0001,-0.0324,9.8065,-0.0681,0.0709,-0.0917,-3.19,-30.56,30.25,2.12,-81.5,-172.52
52.389755,-1.515921,147.02,8.23,3,10.9,20 / 21,945828,2019-09-06 18:31:52:510,-0.1933,1.2203,9.9768,0,-0.0238,9.8066,-0.088,-0.0778,0.0654,-3.69,-31.25,30.69,0.73,-81.32,-172.04
52.389755,-1.515921,147.02,8.23,3,10.9,20 / 21,945928,2019-09-06 18:31:52:610,0.6441,0.1455,9.65,-0.0119,0.0141,9.8066,-0.0859,0.0908,-0.1246,-3.56,-30.62,30.88,0.36,-81.37,-172.34
52.389755,-1.515921,147.02,8.23,3,10.9,20 / 21,946028,2019-09-06 18:31:52:710,0.3081,-0.497,9.9647,-0.0045,0.0047,9.8065,0.0754,0.0151,0.0138,-3.31,-30.56,31.25,3.37,-81.16,-171.65
52.389755,-1.515921,147.02,8.23,3,10.9,20 / 21,946129,2019-09-06 18:31:52:811,0.0675,-0.3708,9.4131,-0.0044,-0.0076,9.8066,-0.0142,-0.0898,0.0686,-2.87,-30.56,31.56,3.12,-80.99,-172.03
52.389755,-1.515921,147.02,8.23,3,10.9,20 / 21,946228,2019-09-06 18:31:52:910,-0.8343,0.0651,10.0205,0.0095,0.0258,9.8065,0.0859,0.0179,-0.0311,-3.12,-30.87,30.63,2.69,-81.04,-172.23
52.389755,-1.515921,147.02,8.23,3,10.9,20 / 21,946329,2019-09-06 18:31:53:011,-0.4492,0.7306,9.0116,0.0023,-0.002,9.8066,-0.0908,-0.0139,0.0229,-3.37,-30.5,31.19,2.75,-81.02,-172.17
52.389755,-1.515921,147.02,8.23,3,10.9,20 / 20,946429,2019-09-06 18:31:53:111,-1.0682,-1.031,9.3391,0.0008,-0.0043,9.8066,0.0102,0.0238,0.0748,-3.31,-30.31,31.06,2.54,-81.05,-172.34
52.389755,-1.515921,147.02,8.23,3,10.9,20 / 20,946528,2019-09-06 18:31:53:210,-0.0259,-0.8167,9.6588,0.0143,0.0299,9.8065,-0.0468,0.0118,-0.0889,-2.81,-30.87,31.06,1.3,-81.15,-173.39
52.389755,-1.515921,147.02,8.23,3,10.9,20 / 20,946629,2019-09-06 18:31:53:311,-1.0994,-0.3053,10.1575,-0.0033,0.0338,9.8065,0.1169,-0.0149,0.054,-2.12,-30.12,30.56,3.08,-81.21,-173.72
52.389755,-1.515921,147.02,8.23,3,10.9,20 / 20,946729,2019-09-06 18:31:53:411,0.1133,-0.6421,10.2606,0.0213,-0.0214,9.8065,-0.1241,0.0089,-0.0021,-2.62,-29.62,31.31,0.44,-81.14,-174.1
52.389755,-1.515921,147.02,8.23,3,10.9,20 / 20,946829,2019-09-06 18:31:53:511,-0.2284,0.8406,9.6332,0.0133,-0.0425,9.8065,-0.0786,0.0072,0.0058,-2.44,-30.5,30.81,0.85,-80.91,-175.6
52.389755,-1.515921,147.02,8.23,3,10.9,20 / 20,946929,2019-09-06 18:31:53:611,-0.2561,0.9549,9.3158,0.0114,0.0106,9.8066,0.0967,-0.013,-0.0433,-2.19,-29.94,30,359.48,-80.96,-176.62
52.389755,-1.515921,147.02,8.23,3,10.9,20 / 20,947028,2019-09-06 18:31:53:710,-0.0641,0.4968,9.4112,0.0012,0.0204,9.8065,0.0409,0.0622,-0.0441,-2.44,-30.81,30.63,359.1,-81,-177.06
52.389755,-1.515921,147.02,8.23,3,10.9,20 / 20,947129,2019-09-06 18:31:53:811,-0.9007,0.4156,9.6401,-0.0088,0.0093,9.8066,0.0654,-0.0915,0.0829,-2.87,-30.19,29.88,357.25,-81.15,-176.59
52.389755,-1.515921,147.02,8.23,3,10.9,20 / 20,947229,2019-09-06 18:31:53:911,-1.1117,-0.0467,9.6449,-0.0068,0.0067,9.8066,-0.0038,-0.0098,0.0034,-2.87,-31.12,30.25,357.65,-81.36,-176.25
52.389755,-1.515921,147.02,8.23,3,10.9,20 / 20,947330,2019-09-06 18:31:54:012,0.8368,1.2073,8.9821,-0.0144,0.0191,9.8065,-0.1354,0.0854,0.0396,-2.94,-30.75,30,358.05,-81.35,-175.92
52.3896,-1.516396,147.94,10.95,3,214.21,21 / 21,947429,2019-09-06 18:31:54:111,-1.2863,0.7747,9.7339,-0.0025,0.0271,9.8066,0.1871,0.0034,-0.102,-3.25,-30.94,30.38,359.02,-81.32,-175.11
52.3896,-1.516396,147.94,10.95,3,214.21,21 / 21,947528,2019-09-06 18:31:54:210,-0.0975,0.921,9.9692,-0.0145,-0.0301,9.8066,0.1433,-0.148,0.0812,-3.06,-30.44,30.44,359.59,-80.89,-174.63
52.3896,-1.516396,147.94,10.95,3,214.21,21 / 21,947629,2019-09-06 18:31:54:311,-1.8013,-0.2114,10.0059,0.0004,-0.0196,9.8066,-0.0368,-0.1109,0.0645,-3.12,-30,29.94,359.55,-80.7,-174.66
52.3896,-1.516396,147.94,10.95,3,214.21,21 / 21,947728,2019-09-06 18:31:54:410,1.0761,0.6717,9.4114,0.0062,-0.0052,9.8066,-0.1074,0.0774,-0.1347,-2.69,-30.62,30.38,358.77,-80.76,-175.3
52.3896,-1.516396,147.94,10.95,3,214.21,21 / 21,947828,2019-09-06 18:31:54:510,-0.7996,0.9303,9.4764,-0.0062,-0.0023,9.8066,0.0452,0.0132,-0.0113,-3,-30.06,30.81,359.59,-80.77,-174.81
52.3896,-1.516396,147.94,10.95,3,214.21,21 / 21,947930,2019-09-06 18:31:54:612,-0.2081,0.5528,9.665,-0.001,0.026,9.8066,0.0044,-0.0149,0.021,-3,-30.69,30.13,359.04,-80.97,-175.08
52.3896,-1.516396,147.94,10.95,3,214.21,21 / 21,948028,2019-09-06 18:31:54:710,-1.1447,0.7995,10.1022,0.0069,0.0142,9.8066,0.0043,0.0071,-0.0192,-3,-30.31,30.75,358.48,-80.96,-175.74
52.3896,-1.516396,147.94,10.95,3,214.21,21 / 21,948129,2019-09-06 18:31:54:811,-0.4998,-1.1072,9.9308,0.009,-0.0148,9.8066,0.0245,-0.0486,-0.0013,-2.62,-30.5,29.94,357.9,-80.81,-176.03
52.3896,-1.516396,147.94,10.95,3,214.21,21 / 21,948229,2019-09-06 18:31:54:911,-1.6403,0.1895,9.6452,0.0001,-0.0213,9.8066,0.0602,-0.0795,0.0544,-2.69,-30.62,30.19,357.75,-80.77,-176.14
52.3896,-1.516396,147.94,10.95,3,214.21,21 / 21,948328,2019-09-06 18:31:55:010,-1.3602,-0.2436,10.3731,0.0088,-0.0078,9.8066,0.0105,-0.0477,-0.0143,-1.87,-30,30.38,359.47,-80.8,-176.63
52.3896,-1.516396,147.94,10.95,3,214.21,21 / 21,948428,2019-09-06 18:31:55:110,0.0062,1.457,9.6555,-0.0017,-0.0265,9.8066,-0.0352,-0.0844,0.0492,-2.69,-30,29.56,356.71,-80.73,-177.01
52.3896,-1.516396,147.94,10.95,3,214.21,21 / 21,948529,2019-09-06 18:31:55:211,-0.6461,0.1408,9.938,-0.0036,0.0216,9.8066,-0.0462,-0.012,-0.0164,-2.12,-30.31,29.81,358.4,-80.9,-177.52
52.3896,-1.516396,147.94,10.95,3,214.21,21 / 21,948629,2019-09-06 18:31:55:311,0.0529,0.4205,9.8575,0.0017,0.0281,9.8065,0.0603,-0.022,-0.0422,-2.44,-30.06,29.75,358.17,-80.84,-177.7
52.3896,-1.516396,147.94,10.95,3,214.21,21 / 21,948729,2019-09-06 18:31:55:411,-2.2084,-0.4681,10.0588,-0.007,-0.037,9.8065,0.0806,-0.0843,0.0703,-2.56,-30.37,29.56,356.3,-80.56,-177.34
52.3896,-1.516396,147.94,10.95,3,214.21,21 / 21,948829,2019-09-06 18:31:55:511,-0.3125,1.4398,9.7131,0.0069,-0.0157,9.8066,-0.0854,-0.0282,-0.0479,-1.87,-29.87,30.63,358.32,-80.57,-177.7
52.3896,-1.516396,147.94,10.95,3,214.21,21 / 21,948929,2019-09-06 18:31:55:611,-1.3777,-0.3661,9.4545,-0.0066,0.0258,9.8065,0.0188,-0.02,0.0101,-2.06,-29.69,29.75,358.46,-80.62,-177.45
52.3896,-1.516396,147.94,10.95,3,214.21,21 / 21,949029,2019-09-06 18:31:55:711,-1.1807,1.0195,8.9481,0.0027,0.0156,9.8066,-0.0725,-0.0125,-0.0043,-2,-29.81,29.75,358.31,-80.87,-177.59
52.3896,-1.516396,147.94,10.95,3,214.21,21 / 21,949128,2019-09-06 18:31:55:810,-1.9293,1.4563,9.9697,0.0108,0.0168,9.8066,0.0249,-0.0365,-0.0104,-2.06,-29.44,29.56,357.87,-81.02,-177.97
52.3896,-1.516396,147.94,10.95,3,214.21,21 / 21,949228,2019-09-06 18:31:55:910,-1.2854,0.0323,9.6646,0.013,-0.0043,9.8066,0.0017,-0.0279,0.0215,-1.81,-29.37,28.63,356.79,-80.94,-178.72
52.3896,-1.516396,147.94,10.95,3,214.21,21 / 21,949329,2019-09-06 18:31:56:011,-0.3367,-0.7501,9.8483,0.0062,0.0029,9.8066,-0.0246,-0.0156,-0.0176,-1.69,-29.75,29.31,356.02,-80.9,-179.34
52.3896,-1.516396,147.94,10.95,3,214.21,20 / 21,949429,2019-09-06 18:31:56:111,-1.4066,0.9124,10.143,0.0004,-0.0013,9.8066,0.0685,-0.0518,0.055,-1.75,-30,29.75,356.08,-80.8,-179.43
52.3896,-1.516396,147.94,10.95,3,214.21,20 / 21,949529,2019-09-06 18:31:56:211,-0.0187,0.0138,9.5431,0.0058,-0.0042,9.8066,-0.0034,-0.0238,0.0529,-1.37,-29.87,29,357.88,-80.68,-179.77
52.3896,-1.516396,147.94,10.95,3,214.21,20 / 21,949628,2019-09-06 18:31:56:310,-1.1015,1.7571,9.0878,-0.0056,-0.0038,9.8065,-0.0147,-0.0088,-0.0015,-1.12,-30.25,29.88,358.43,-80.68,-179.39
52.3896,-1.516396,147.94,10.95,3,214.21,20 / 21,949729,2019-09-06 18:31:56:411,-1.1235,1.6832,9.6143,-0.0003,0.0127,9.8066,0.0531,-0.024,0.0164,-2,-30.62,29.38,356.12,-80.82,-179.23
52.3896,-1.516396,147.94,10.95,3,214.21,20 / 21,949829,2019-09-06 18:31:56:511,-0.9885,0.6805,10.2087,-0.0028,0.0015,9.8066,-0.0616,-0.0579,0.0373,-2.44,-30.56,28.44,355.88,-80.91,-179.27
52.3896,-1.516396,147.94,10.95,3,214.21,20 / 21,949929,2019-09-06 18:31:56:611,-0.6379,1.1677,10.829,-0.0057,0.024,9.8066,-0.0405,0.0159,0.0059,-2.31,-30.56,29.69,356.91,-80.8,-178.72
52.3896,-1.516396,147.94,10.95,3,214.21,20 / 21,950029,2019-09-06 18:31:56:711,-1.1866,-0.0648,10.3306,0.0158,0.0259,9.8065,0.1555,0.0117,-0.0392,-1.62,-29.94,29.75,356.25,-80.84,-179.29
52.3896,-1.516396,147.94,10.95,3,214.21,20 / 21,950129,2019-09-06 18:31:56:811,-0.4189,-0.4164,10.6407,0.0153,-0.0084,9.8066,0.0104,-0.0554,-0.0835,-1.69,-29.56,30.06,354.28,-80.57,179.1
52.3896,-1.516396,147.94,10.95,3,214.21,20 / 21,950228,2019-09-06 18:31:56:910,-1.2602,0.0908,10.5589,-0.0004,0.0223,9.8066,-0.0003,0.0165,0.019,-1.37,-29.75,30.31,356.2,-80.52,178.79
52.3896,-1.516396,147.94,10.95,3,214.21,20 / 21,950329,2019-09-06 18:31:57:011,-0.7007,0.016,9.6899,0.0155,0.0245,9.8065,-0.0064,0.0079,-0.0056,-1,-29.31,30.13,354.9,-80.63,177.68
52.3896,-1.516396,147.94,10.95,3,214.21,20 / 21,950429,2019-09-06 18:31:57:111,-0.2202,-0.0453,9.4515,-0.0011,0.014,9.8066,0.0134,-0.014,-0.013,-0.94,-29.94,30.19,354.66,-80.62,177.51
52.3896,-1.516396,147.94,10.95,3,214.21,20 / 21,950528,2019-09-06 18:31:57:210,-0.4847,0.0661,10.0964,-0.0046,-0.0023,9.8066,-0.0003,-0.0123,-0.0354,-0.94,-28.87,29.75,354.57,-80.67,177.4
52.3896,-1.516396,147.94,10.95,3,214.21,20 / 21,950629,2019-09-06 18:31:57:311,-0.2702,0.126,9.9831,-0.0091,0,9.8066,-0.0327,-0.0671,0.0772,-1,-29.62,29.56,355.53,-80.65,178.22
52.3896,-1.516396,147.94,10.95,3,214.21,20 / 21,950730,2019-09-06 18:31:57:412,-0.8325,0.1758,9.4158,0.0026,-0.0117,9.8066,-0.0071,-0.0702,0.0361,-1.12,-29.81,29.19,355.56,-80.6,178.35
52.3896,-1.516396,147.94,10.95,3,214.21,20 / 21,950828,2019-09-06 18:31:57:510,-1.8084,-0.3086,9.7513,-0.015,-0.01,9.8066,-0.0773,-0.1118,0.0409,-0.69,-29.31,29.75,357.06,-80.63,179.47
52.3896,-1.516396,147.94,10.95,3,214.21,20 / 21,950929,2019-09-06 18:31:57:611,-1.9537,2.6239,9.5478,-0.0022,0.0296,9.8065,0.0667,-0.1057,0.0042,-1.19,-29.5,28.88,357.52,-80.92,179.92
52.3896,-1.516396,147.94,10.95,3,214.21,20 / 21,951029,2019-09-06 18:31:57:711,-1.9707,0.8112,9.7057,-0.0065,0.0273,9.8066,0.0748,-0.1086,0.0117,-0.75,-30.06,28.44,358.21,-81.03,-179.42
52.3896,-1.516396,147.94,10.95,3,214.21,20 / 21,951129,2019-09-06 18:31:57:811,-2.1529,0.8496,9.8319,-0.0014,-0.0058,9.8065,0.0851,-0.0841,0.0069,-1.19,-30.75,29.25,358.63,-81.23,-179.15
52.3896,-1.516396,147.94,10.95,3,214.21,20 / 21,951229,2019-09-06 18:31:57:911,-0.6512,0.5227,9.6362,-0.0026,0.0029,9.8066,-0.0425,-0.1359,0.0579,-1.19,-30.37,28.88,358.95,-81.29,-178.9
52.3896,-1.516396,147.94,10.95,3,214.21,20 / 21,951329,2019-09-06 18:31:58:011,-1.4033,-1.7119,9.784,0.008,0.0095,9.8066,-0.0551,-0.0179,-0.0579,-1.31,-30.44,28.38,357.39,-81.37,179.88
52.3896,-1.516396,147.94,10.95,3,214.21,20 / 21,951428,2019-09-06 18:31:58:110,-1.5833,0.6455,9.8177,-0.0079,-0.0089,9.8066,-0.0611,-0.0286,0.0178,-1.06,-30.87,28.44,358.11,-81.3,-179.51
52.3896,-1.516396,147.94,10.95,3,214.21,20 / 21,951529,2019-09-06 18:31:58:211,-1.7215,1.0357,9.5905,-0.0033,0.0318,9.8065,0.0566,-0.0297,0.0098,-1.5,-30.56,28,358.18,-81.51,-179.46
52.3896,-1.516396,147.94,10.95,3,214.21,20 / 21,951628,2019-09-06 18:31:58:310,-1.7887,-0.2264,10.0912,-0.0184,0.019,9.8065,0.046,-0.0432,0.0236,-1.75,-30.81,27.38,356.84,-81.43,-178.35
52.3896,-1.516396,147.94,10.95,3,214.21,20 / 21,951729,2019-09-06 18:31:58:411,-1.7771,1.5725,9.9718,-0.002,-0.0186,9.8066,-0.0192,-0.0903,0.0272,-0.94,-31.31,28.44,359.62,-81.5,-178.27
52.3896,-1.516396,147.94,10.95,3,214.21,20 / 21,951829,2019-09-06 18:31:58:511,-2.1656,1.022,10.5164,-0.0059,0.0033,9.8066,0.04,0.0125,0.0268,-1,-31.75,28.25,0.22,-81.44,-177.78
52.3896,-1.516396,147.94,10.95,3,214.21,20 / 21,951929,2019-09-06 18:31:58:611,-1.7202,1.4596,9.864,0.0086,-0.0062,9.8066,-0.0901,-0.1255,0.0258,-1.5,-31.25,28.13,0.84,-81.66,-177.26
52.3896,-1.516396,147.94,10.95,3,214.21,20 / 21,952029,2019-09-06 18:31:58:711,-1.2998,1.0832,8.7144,-0.0098,-0.0136,9.8066,-0.0936,-0.101,0.0275,-1.75,-31.31,28,358.85,-81.8,-176.87
52.3896,-1.516396,147.94,10.95,3,214.21,20 / 21,952129,2019-09-06 18:31:58:811,-2.7588,0.9646,9.7763,0.0013,0.0298,9.8066,-0.0806,-0.1577,0.069,-1.06,-31,27.75,1.74,-82.2,-176.49
52.3896,-1.516396,147.94,10.95,3,214.21,20 / 21,952229,2019-09-06 18:31:58:911,-2.4895,0.9183,9.051,0.0055,0.0146,9.8066,-0.0833,-0.0251,-0.0746,0,-30.37,27.44,3.51,-82.35,-177.04
52.3896,-1.516396,147.94,10.95,3,214.21,20 / 21,952329,2019-09-06 18:31:59:011,-1.3453,1.7502,9.175,0,0.0314,9.8065,-0.0571,-0.1119,0.0804,-0.06,-30.81,26.75,2.87,-82.34,-177.6
52.3896,-1.516396,147.94,10.95,3,214.21,21 / 21,952428,2019-09-06 18:31:59:110,-2.165,2.7961,10.3405,0.0102,0.0276,9.8065,-0.0544,-0.2443,-0.0355,0,-30.94,26.75,1.58,-82.68,-178.67
52.3896,-1.516396,147.94,10.95,3,214.21,21 / 21,952528,2019-09-06 18:31:59:210,0.9097,1.3144,9.2817,0.0136,0.0457,9.8065,-0.2395,0.029,-0.1234,0.75,-30.5,26.25,1.67,-82.99,179.22
52.3896,-1.516396,147.94,10.95,3,214.21,21 / 21,952629,2019-09-06 18:31:59:311,-0.3105,0.7212,9.1621,-0.0041,0.0298,9.8066,0.1042,-0.1362,0.0838,1,-30.75,25.5,2.98,-82.93,-179.68
52.3896,-1.516396,147.94,10.95,3,214.21,21 / 21,952728,2019-09-06 18:31:59:410,-2.339,1.3545,10.5037,-0.0135,0.0435,9.8065,-0.1565,-0.3492,0.0398,0.75,-30.62,25.25,3.77,-83.16,-179.1
52.3896,-1.516396,147.94,10.95,3,214.21,21 / 21,952828,2019-09-06 18:31:59:510,-2.95,-1.0946,10.1299,-0.0057,0.0403,9.8065,0.1445,-0.2201,0.099,0.25,-31.06,25.25,1.47,-83.06,-178.76
52.3896,-1.516396,147.94,10.95,3,214.21,21 / 21,952929,2019-09-06 18:31:59:611,-2.6776,0.272,9.2985,-0.0001,-0.0037,9.8066,0.1271,-0.0893,0.0626,0.56,-30.75,25.94,4.86,-82.79,-178.11
52.3896,-1.516396,147.94,10.95,3,214.21,21 / 21,953028,2019-09-06 18:31:59:710,-1.9542,-0.2567,9.4791,0.0127,0.0254,9.8065,-0.1439,-0.1753,-0.003,0.63,-31.06,25.06,4.21,-82.92,-178.75
52.3896,-1.516396,147.94,10.95,3,214.21,21 / 21,953129,2019-09-06 18:31:59:811,-1.1103,0.7513,9.7231,-0.0002,-0.0184,9.8066,0.0171,-0.0707,-0.0976,0.06,-31.87,25,0.45,-83.22,-179.62
52.3896,-1.516396,147.94,10.95,3,214.21,21 / 21,953229,2019-09-06 18:31:59:911,-2.9998,-0.3933,10.0778,0.0055,-0.0336,9.8066,-0.1424,0.0105,-0.0529,0.75,-30.94,24.5,3.32,-83.35,-179.47
52.3896,-1.516396,147.94,10.95,3,214.21,21 / 21,953328,2019-09-06 18:32:00:010,-1.8809,3.754,9.5881,0.0227,0.0048,9.8066,-0.1428,-0.042,0.0173,0.19,-32.06,24.56,0.18,-83.21,-179.85
52.3896,-1.516396,147.94,10.95,3,214.21,20 / 20,953428,2019-09-06 18:32:00:110,-2.1179,-0.204,9.5876,0.018,-0.0195,9.8066,0.1092,-0.1386,-0.0659,0.06,-31.44,25.75,356.54,-82.97,177.07
52.3896,-1.516396,147.94,10.95,3,214.21,20 / 20,953529,2019-09-06 18:32:00:211,-2.5062,-0.082,10.2384,0.0336,0.0582,9.8064,0.1516,0.0057,-0.2061,0.44,-31.69,25.25,354.57,-82.48,175.53
52.3896,-1.516396,147.94,10.95,3,214.21,20 / 20,953628,2019-09-06 18:32:00:310,-1.7673,-0.2763,10.7858,-0.0046,0.0389,9.8065,0.1818,-0.3102,0.0693,1.44,-30.44,26,354.09,-82.59,172.81
52.3896,-1.516396,147.94,10.95,3,214.21,20 / 20,953729,2019-09-06 18:32:00:411,-1.8397,0.8686,8.7879,-0.0383,0.0422,9.8065,0.0366,-0.1715,0.1072,2.5,-30.62,25.75,1.37,-82.85,174.57
52.3896,-1.516396,147.94,10.95,3,214.21,20 / 20,953829,2019-09-06 18:32:00:511,-4.0033,2.3348,10.005,0.0032,0.0658,9.8064,0.1992,-0.0264,-0.0183,2.56,-30.62,24.69,2.24,-83.22,175.05
52.3896,-1.516396,147.94,10.95,3,214.21,20 / 20,953929,2019-09-06 18:32:00:611,-2.3188,0.0075,10.0857,-0.0228,-0.0419,9.8065,-0.1082,-0.0788,0.0449,2.44,-30.81,24.69,3.62,-83.01,178.47
52.3896,-1.516396,147.94,10.95,3,214.21,20 / 20,954029,2019-09-06 18:32:00:711,-2.4028,1.3601,9.6536,-0.0136,-0.0169,9.8066,-0.0331,-0.1549,0.0074,2.31,-30.5,23.94,4.54,-83.02,179.06
52.3896,-1.516396,147.94,10.95,3,214.21,20 / 20,954128,2019-09-06 18:32:00:810,-1.9075,-0.3898,9.2093,-0.0082,0.0166,9.8066,-0.0313,-0.0888,0.0056,2.44,-30.69,23.94,4.84,-83,179.29
52.3896,-1.516396,147.94,10.95,3,214.21,20 / 20,954228,2019-09-06 18:32:00:910,-1.7648,0.8626,10.0155,-0.0015,0.0221,9.8065,-0.043,-0.0733,-0.0054,2.06,-30.69,22.81,6.72,-83.31,-179.35
52.3896,-1.516396,147.94,10.95,3,214.21,20 / 20,954328,2019-09-06 18:32:01:010,-0.9401,-0.7612,10.0424,-0.0049,-0.0201,9.8066,0.1496,-0.0632,-0.0047,1.69,-31.69,22.94,7.32,-83.47,-178.85
52.3896,-1.516396,147.94,10.95,3,214.21,20 / 20,954429,2019-09-06 18:32:01:111,-0.7448,1.5962,9.9297,-0.0164,-0.0223,9.8065,-0.0194,0.0321,0.0028,1.63,-30.94,22.88,8.99,-83.51,-177.4
52.3896,-1.516396,147.94,10.95,3,214.21,20 / 20,954528,2019-09-06 18:32:01:210,-0.8445,-0.4058,9.4949,0.003,-0.0173,9.8066,0.1019,-0.0202,0.0298,2.06,-31.12,22.38,8.28,-83.52,-178.27
52.3896,-1.516396,147.94,10.95,3,214.21,20 / 20,954628,2019-09-06 18:32:01:310,-1.9317,0.8362,10.3134,-0.0001,-0.0302,9.8066,-0.0591,-0.0253,-0.0271,1.63,-31.06,22.56,8.18,-83.46,-178.09
52.3896,-1.516396,147.94,10.95,3,214.21,20 / 20,954729,2019-09-06 18:32:01:411,-2.0052,0.722,9.7083,0.0025,0.0032,9.8066,0.1166,0.0446,-0.0812,2.31,-31.12,23.13,8.5,-83.44,-177.83
52.3896,-1.516396,147.94,10.95,3,214.21,20 / 20,954828,2019-09-06 18:32:01:510,-0.5583,1.3718,9.4223,-0.0132,-0.007,9.8066,0.1436,-0.1271,0.0863,2.31,-31.12,22.38,8.88,-83.36,-177.81
52.3896,-1.516396,147.94,10.95,3,214.21,20 / 20,954929,2019-09-06 18:32:01:611,-1.1197,0.5199,9.8426,0.0019,0.0165,9.8066,0.045,-0.1883,0.1556,2.69,-31.06,22.44,12,-83.38,-177.76
52.3896,-1.516396,147.94,10.95,3,214.21,20 / 20,955029,2019-09-06 18:32:01:711,-1.2771,-0.4181,9.9825,0.0057,0.0108,9.8065,-0.0261,0.0228,-0.0268,1.69,-31.19,22.63,9.61,-83.18,-176.95
52.3896,-1.516396,147.94,10.95,3,214.21,20 / 20,955128,2019-09-06 18:32:01:810,0.1077,2.7537,10.1778,0.0017,-0.0094,9.8066,-0.109,0.0524,-0.0715,1.5,-31.81,22.94,10.93,-82.99,-175.96
52.3896,-1.516396,147.94,10.95,3,214.21,20 / 20,955228,2019-09-06 18:32:01:910,-0.9739,1.0233,10.4547,-0.0269,-0.042,9.8065,0.0489,0.0075,0.0253,1.75,-31.69,22.5,13.25,-82.7,-174.13
52.3896,-1.516396,147.94,10.95,3,214.21,20 / 20,955328,2019-09-06 18:32:02:010,-1.034,-1.5993,9.8942,-0.0103,0.031,9.8065,-0.0434,-0.0276,0.006,1.75,-31,23.5,13.2,-82.57,-173.85
52.3896,-1.516396,147.94,10.95,3,214.21,20 / 20,955429,2019-09-06 18:32:02:111,-0.9971,1.6693,9.9469,-0.0136,0.0183,9.8065,0.0822,-0.0771,0.0244,1.88,-31.44,23.19,16.08,-82.64,-171.75
52.3896,-1.516396,147.94,10.95,3,214.21,20 / 20,955529,2019-09-06 18:32:02:211,-0.2199,0.7469,10.8618,-0.0129,0.0013,9.8065,0.093,0.0237,0.0115,1.44,-31.75,22.88,15.09,-82.62,-170.19
52.3896,-1.516396,147.94,10.95,3,214.21,20 / 20,955628,2019-09-06 18:32:02:310,-0.0704,0.9752,10.1038,-0.012,0.0108,9.8066,-0.0768,0.0508,-0.0277,1.75,-31.62,22.44,20.58,-82.62,-168.53
52.3896,-1.516396,147.94,10.95,3,214.21,20 / 20,955729,2019-09-06 18:32:02:411,-0.762,-0.4308,9.9206,-0.0216,-0.0624,9.8064,0.1639,-0.0417,0.03,2.06,-31.37,22.94,19.67,-82.26,-168.96
52.3896,-1.516396,147.94,10.95,3,214.21,20 / 20,955828,2019-09-06 18:32:02:510,-1.2025,0.7306,10.2887,0.0056,-0.0548,9.8064,-0.1201,0.0156,-0.1061,1.31,-31.19,22.56,16,-82.24,-169.5
52.3896,-1.516396,147.94,10.95,3,214.21,20 / 20,955929,2019-09-06 18:32:02:611,-0.0594,0.455,9.3506,0.0015,-0.0043,9.8066,-0.052,-0.1006,0.0728,1.63,-31.56,22.31,19.99,-82.32,-169.17
52.3896,-1.516396,147.94,10.95,3,214.21,20 / 20,956029,2019-09-06 18:32:02:711,-1.7457,1.6016,10.192,0.0129,-0.0364,9.8065,0.0796,-0.0412,0.0177,2.31,-31.75,22.69,17.48,-82.29,-170.84
52.3896,-1.516396,147.94,10.95,3,214.21,20 / 20,956128,2019-09-06 18:32:02:810,0.2778,1.1221,9.9032,0.0312,0.0246,9.8065,-0.0468,0.0567,-0.1386,2.31,-31.19,22.5,15.2,-82.41,-172.56
52.3896,-1.516396,147.94,10.95,3,214.21,20 / 20,956228,2019-09-06 18:32:02:910,-1.1958,0.6472,11.2023,-0.0029,0.0068,9.8066,0.1209,0.1235,-0.0266,2.56,-30.75,22.56,18.03,-82.21,-172.77
52.3896,-1.516396,147.94,10.95,3,214.21,20 / 20,956328,2019-09-06 18:32:03:010,-0.7269,0.2693,9.6102,-0.0139,-0.0321,9.8066,0.1166,-0.0138,0.0517,2.38,-31.06,22.75,14.16,-82.07,-173.54
52.388916,-1.51762,147.33,14.21,3,243.96,20 / 21,956428,2019-09-06 18:32:03:110,-0.0391,0.2257,9.828,-0.0055,-0.0148,9.8065,-0.1477,-0.0308,-0.0518,2.38,-30.81,22.63,14.88,-82.25,-172.88
52.388916,-1.51762,147.33,14.21,3,243.96,20 / 21,956528,2019-09-06 18:32:03:210,-1.8231,2.4149,11.5985,-0.0048,-0.0272,9.8066,0.0659,-0.0554,0.0448,2.31,-31.06,22.06,14.92,-82.29,-173.18
52.388916,-1.51762,147.33,14.21,3,243.96,20 / 21,956629,2019-09-06 18:32:03:311,0.4409,-0.0341,10.5375,0.0303,-0.0297,9.8065,0.0469,-0.0539,-0.0179,2.88,-30.37,22.56,13.47,-81.97,-176.5
52.388916,-1.51762,147.33,14.21,3,243.96,20 / 21,956728,2019-09-06 18:32:03:410,-0.5002,0.476,10.242,0.0031,-0.0352,9.8065,-0.0363,-0.0145,-0.071,2.75,-30.44,23.19,10.18,-81.47,-179.3
52.388916,-1.51762,147.33,14.21,3,243.96,20 / 21,956828,2019-09-06 18:32:03:510,-0.7695,0.7339,9.8444,0.0147,0.0085,9.8066,-0.0232,0.0395,-0.0423,3.25,-30.75,22.81,9.41,-81.64,-179.94
52.388916,-1.51762,147.33,14.21,3,243.96,20 / 21,956929,2019-09-06 18:32:03:611,-0.4601,0.4075,9.8621,-0.0032,-0.013,9.8066,-0.0079,-0.012,0.0224,3.13,-31.19,22.75,8.77,-81.65,179.55
52.388916,-1.51762,147.33,14.21,3,243.96,20 / 21,957029,2019-09-06 18:32:03:711,-0.3461,0.7733,9.5934,-0.0041,0.0041,9.8066,0.019,-0.0246,-0.0009,3,-30.94,23.88,8.19,-81.72,179.47
52.388916,-1.51762,147.33,14.21,3,243.96,20 / 21,957129,2019-09-06 18:32:03:811,0.4104,1.0942,9.1606,0.0007,0.0019,9.8065,0.0174,-0.0019,0.0083,3.13,-30.81,23.44,8.92,-81.68,179.68
52.388916,-1.51762,147.33,14.21,3,243.96,20 / 21,957228,2019-09-06 18:32:03:910,-0.1266,1.3014,10.0051,0.0012,-0.0115,9.8066,-0.0035,0.028,-0.0242,3.13,-30.5,23.38,8.31,-81.69,179.25
52.388916,-1.51762,147.33,14.21,3,243.96,20 / 21,957329,2019-09-06 18:32:04:011,0.3342,-0.7791,10.1599,-0.0155,0.0182,9.8066,0.0659,0.0515,0.0421,2.88,-30.87,24,10.43,-81.81,-178.69
52.388916,-1.51762,147.33,14.21,3,243.96,20 / 20,957428,2019-09-06 18:32:04:110,-0.0413,0.9876,10.4793,-0.0114,0.0144,9.8066,0.0978,0.0518,0.0634,2.5,-30.56,23.63,11.89,-81.61,-177.57
52.388916,-1.51762,147.33,14.21,3,243.96,20 / 20,957529,2019-09-06 18:32:04:211,1.1046,-1.6366,9.654,0.0062,-0.0325,9.8065,-0.1206,0.0306,-0.0541,3,-30.94,23.38,12.42,-81.32,-177.64
52.388916,-1.51762,147.33,14.21,3,243.96,20 / 20,957628,2019-09-06 18:32:04:310,0.408,0.9727,9.5926,-0.0121,-0.0198,9.8066,-0.0903,0.1096,0.0075,2.81,-31,23.75,12.92,-81.28,-176.84
52.388916,-1.51762,147.33,14.21,3,243.96,20 / 20,957729,2019-09-06 18:32:04:411,0.2658,-0.322,9.0939,0.0059,0.0255,9.8066,-0.1422,0.0756,-0.0637,2.63,-31,23.5,13.26,-81.56,-176.48
52.388916,-1.51762,147.33,14.21,3,243.96,20 / 20,957828,2019-09-06 18:32:04:510,0.0857,0.3231,9.1107,-0.0059,0.0224,9.8066,-0.0781,0.0162,0.054,2.56,-30.5,23.63,12.99,-81.97,-176.49
52.388916,-1.51762,147.33,14.21,3,243.96,20 / 20,957928,2019-09-06 18:32:04:610,1.182,1.6964,9.9135,-0.0106,0.0128,9.8065,0.0132,0.0936,0.0392,2.81,-30.87,23.56,15.44,-82.15,-174.5
52.388916,-1.51762,147.33,14.21,3,243.96,20 / 20,958028,2019-09-06 18:32:04:710,0.4687,0.8328,10.3494,-0.017,-0.0145,9.8065,0.031,0.0203,0.0011,1.75,-31.31,23.88,14.06,-81.98,-173.34
52.388916,-1.51762,147.33,14.21,3,243.96,20 / 20,958128,2019-09-06 18:32:04:810,0.925,0.6336,10.1512,-0.0084,-0.01,9.8065,0.0472,0.0785,-0.0425,1.94,-31.31,24.63,14.86,-81.59,-172.52
52.388916,-1.51762,147.33,14.21,3,243.96,20 / 20,958228,2019-09-06 18:32:04:910,0.3206,0.5617,9.6817,0.01,0.0153,9.8066,0.0308,0.1097,-0.0758,2.13,-30.69,24.75,14.65,-81.56,-172.71
52.388916,-1.51762,147.33,14.21,3,243.96,20 / 20,958328,2019-09-06 18:32:05:010,0.0813,1.1553,10.3345,0.0026,-0.0155,9.8065,0.1009,-0.0354,0.0127,2.38,-30.12,24.13,14.52,-81.67,-172.98
52.388916,-1.51762,147.33,14.21,3,243.96,20 / 21,958428,2019-09-06 18:32:05:110,0.0657,0.3763,10.38,0.02,-0.0004,9.8065,-0.0275,0.0936,-0.0361,2.38,-30.19,24.38,11.92,-81.82,-175.06
52.388916,-1.51762,147.33,14.21,3,243.96,20 / 21,958528,2019-09-06 18:32:05:210,0.2941,1.462,9.8133,0.0088,-0.0196,9.8065,0.0513,-0.0254,0.0159,2.19,-30.56,24.38,10.72,-81.89,-176.09
52.388916,-1.51762,147.33,14.21,3,243.96,20 / 21,958629,2019-09-06 18:32:05:311,-0.2105,-0.4468,9.7687,-0.0187,-0.0155,9.8066,-0.0064,-0.0005,0.0094,2.56,-29.87,24.25,13.77,-81.92,-175.87
52.388916,-1.51762,147.33,14.21,3,243.96,20 / 21,958729,2019-09-06 18:32:05:411,3.2031,-0.1441,9.954,-0.0115,-0.026,9.8066,0.0099,0.1955,-0.1024,2.63,-30.56,24.88,13.88,-81.85,-175.5
52.388916,-1.51762,147.33,14.21,3,243.96,20 / 21,958828,2019-09-06 18:32:05:510,0.4011,1.0321,10.4333,-0.0389,-0.0406,9.8064,-0.0959,0.1099,0.0375,2.38,-30.87,25,14.97,-81.69,-172.4
52.388916,-1.51762,147.33,14.21,3,243.96,20 / 21,958928,2019-09-06 18:32:05:610,1.6411,0.754,9.3539,-0.0249,0.0052,9.8066,-0.0797,-0.0018,0.0691,1.31,-30.62,25,13.13,-81.79,-171.6
52.388916,-1.51762,147.33,14.21,3,243.96,20 / 21,959028,2019-09-06 18:32:05:710,-0.2825,1.9681,9.4955,0.0055,-0.0036,9.8066,-0.0062,0.1964,-0.1694,1.44,-30.44,25.88,14.37,-81.8,-170.31
52.388916,-1.51762,147.33,14.21,3,243.96,20 / 21,959129,2019-09-06 18:32:05:811,0.7084,0.9262,9.0954,0.0002,0.0146,9.8065,0.0512,0.0691,0.0345,2,-30.25,25.19,17.27,-81.95,-170.32
52.388916,-1.51762,147.33,14.21,3,243.96,20 / 21,959229,2019-09-06 18:32:05:911,0.8145,0.7893,9.9463,0.0099,0.0215,9.8066,-0.0147,0.0253,-0.0325,2.25,-30.37,25.44,16.72,-81.95,-170.78
52.388916,-1.51762,147.33,14.21,3,243.96,20 / 21,959328,2019-09-06 18:32:06:010,0.2089,0.7788,10.1858,-0.0041,-0.004,9.8066,-0.0161,-0.0043,-0.0022,2,-30.12,24.88,15.74,-81.9,-171.6
52.388916,-1.51762,147.33,14.21,3,243.96,20 / 20,959429,2019-09-06 18:32:06:111,1.1914,0.9296,9.7501,-0.0019,0.0088,9.8065,0.0235,0.088,0.0283,2.13,-30.31,25.69,15.61,-82.03,-171.4
52.388916,-1.51762,147.33,14.21,3,243.96,20 / 20,959528,2019-09-06 18:32:06:210,0.6835,0.0972,9.7065,-0.0107,0.0038,9.8066,-0.022,0.1514,-0.017,1.81,-30,25.31,16.47,-82.12,-170.92
52.388916,-1.51762,147.33,14.21,3,243.96,20 / 20,959629,2019-09-06 18:32:06:311,0.7003,1.8927,9.9545,-0.0294,0.0062,9.8065,-0.0727,0.0873,0.0321,2.31,-29.56,26.25,18.73,-82.16,-168.73
52.388916,-1.51762,147.33,14.21,3,243.96,20 / 20,959728,2019-09-06 18:32:06:410,0.505,-0.2639,10.3302,-0.0192,-0.009,9.8066,0.0607,0.0855,0.063,1.94,-30.37,25.94,21.8,-82.03,-166.19
52.388916,-1.51762,147.33,14.21,3,243.96,20 / 20,959828,2019-09-06 18:32:06:510,0.6715,0.4059,9.9154,-0.0085,-0.0308,9.8065,-0.0585,0.0536,-0.0127,1.81,-29.69,25,22.76,-81.88,-165.77
52.388916,-1.51762,147.33,14.21,3,243.96,20 / 20,959928,2019-09-06 18:32:06:610,-0.2822,2.7754,10.4123,0.0073,0.0051,9.8066,-0.0977,0.014,0.0061,1.44,-30.69,25.13,19.59,-81.97,-166.21
52.388916,-1.51762,147.33,14.21,3,243.96,20 / 20,960029,2019-09-06 18:32:06:711,1.7265,2.3179,10.1557,0.0117,0.0054,9.8066,0.1489,-0.0577,0.0142,1.75,-30.62,25.13,20.56,-81.96,-167.68
52.388916,-1.51762,147.33,14.21,3,243.96,20 / 20,960129,2019-09-06 18:32:06:811,2.3169,0.2449,9.0963,0.0287,0.0057,9.8065,-0.0646,0.1551,-0.2024,1.38,-31.37,25.19,14.86,-82,-170.1
52.388916,-1.51762,147.33,14.21,3,243.96,20 / 20,960228,2019-09-06 18:32:06:910,0.1955,-0.6946,10.3014,-0.0095,-0.0077,9.8066,0.096,0.1044,0.025,1,-32,25.88,13.83,-81.98,-170.85
52.388916,-1.51762,147.33,14.21,3,243.96,20 / 20,960328,2019-09-06 18:32:07:010,1.0218,1.3933,9.8304,0.0032,-0.0035,9.8066,0.0349,0.0562,0.0217,0.63,-31.56,26.63,13.63,-82.06,-170.83
52.388916,-1.51762,147.33,14.21,3,243.96,21 / 21,960428,2019-09-06 18:32:07:110,1.6463,1.3748,9.5685,-0.0344,-0.0168,9.8065,0.0306,-0.0292,0.084,1.06,-31.31,27.19,15.66,-81.88,-169.12
52.388916,-1.51762,147.33,14.21,3,243.96,21 / 21,960528,2019-09-06 18:32:07:210,0.9748,0.4983,9.1859,-0.0187,0.0518,9.8065,-0.1445,0.0273,0.0192,1,-31.5,27.19,19.77,-82.13,-165.57
52.388916,-1.51762,147.33,14.21,3,243.96,21 / 21,960629,2019-09-06 18:32:07:311,-0.8389,1.1855,10.3898,-0.0272,0.036,9.8065,0.1351,0.0688,0.0066,0.44,-31.37,27.13,20.2,-82.03,-163.14
52.388916,-1.51762,147.33,14.21,3,243.96,21 / 21,960728,2019-09-06 18:32:07:410,0.3857,1.3208,10.4606,0.0103,-0.0176,9.8065,0.1722,0.0971,0.0006,0.38,-30.56,27.31,20.12,-81.81,-163.3
52.388916,-1.51762,147.33,14.21,3,243.96,21 / 21,960829,2019-09-06 18:32:07:511,1.1781,0.5982,9.6865,0.0016,-0.0043,9.8066,-0.0993,0.0893,-0.0386,0.38,-30.69,27.38,19.71,-81.79,-163.65
52.388916,-1.51762,147.33,14.21,3,243.96,21 / 21,960929,2019-09-06 18:32:07:611,1.144,0.1382,8.8231,0.0082,0.009,9.8066,-0.0986,0.0628,-0.0324,1.13,-30.37,27.56,21.26,-81.81,-164.16
52.388916,-1.51762,147.33,14.21,3,243.96,21 / 21,961029,2019-09-06 18:32:07:711,0.876,0.5734,9.5678,0.0122,-0.0106,9.8066,-0.0292,0.012,-0.0014,0.88,-30.44,27.75,20.01,-81.95,-165.16
52.388916,-1.51762,147.33,14.21,3,243.96,21 / 21,961129,2019-09-06 18:32:07:811,-0.9778,1.1659,10.8857,0.021,0.0264,9.8065,-0.0513,0.0981,-0.0547,1.19,-29.94,27.69,19.21,-82.06,-165.8
52.388916,-1.51762,147.33,14.21,3,243.96,21 / 21,961229,2019-09-06 18:32:07:911,1.929,-0.5927,8.9734,0.0343,0.0638,9.8063,0.2411,-0.0507,0.0674,1.88,-29.5,27.13,19.57,-82.13,-167.66
52.388916,-1.51762,147.33,14.21,3,243.96,21 / 21,961328,2019-09-06 18:32:08:010,0.4452,0.9604,10.5762,0.0125,0.026,9.8065,0.1016,-0.0102,-0.0444,1.88,-29.56,27.13,17.7,-81.91,-169.42
52.388916,-1.51762,147.33,14.21,3,243.96,19 / 21,961428,2019-09-06 18:32:08:110,0.7994,-0.3032,10.1576,-0.0083,-0.0461,9.8065,-0.0008,-0.0054,0.011,1.69,-30.19,27.69,16.72,-81.92,-170
52.388916,-1.51762,147.33,14.21,3,243.96,19 / 21,961529,2019-09-06 18:32:08:211,1.0826,0.3694,9.6762,-0.0133,0.0158,9.8066,-0.1434,0.004,-0.04,0.94,-29.62,27.19,16.02,-82.23,-168.61
52.388916,-1.51762,147.33,14.21,3,243.96,19 / 21,961629,2019-09-06 18:32:08:311,1.7506,-0.0032,10.0816,-0.0356,-0.0385,9.8064,0.0324,0.013,0.0579,0.94,-30.12,26.81,18.19,-81.99,-166.86
52.388916,-1.51762,147.33,14.21,3,243.96,19 / 21,961729,2019-09-06 18:32:08:411,0.3162,1.09,9.3706,-0.0062,-0.0249,9.8065,-0.0885,0.0734,0.0128,0.19,-30.56,27.44,17.02,-81.98,-165.83
52.388916,-1.51762,147.33,14.21,3,243.96,19 / 21,961829,2019-09-06 18:32:08:511,-0.1601,0.6389,10.4965,-0.0112,0.0163,9.8066,-0.2099,-0.0297,0.0143,0.38,-30.44,27.5,17.68,-81.96,-165.1
52.388916,-1.51762,147.33,14.21,3,243.96,19 / 21,961930,2019-09-06 18:32:08:612,-0.4769,0.2056,10.603,-0.0093,0.019,9.8065,0.1665,-0.0313,0.0643,0.44,-30.25,28.5,19.06,-82.08,-163.78
52.388916,-1.51762,147.33,14.21,3,243.96,19 / 21,962029,2019-09-06 18:32:08:711,-0.9924,-0.2139,11.0718,0.0092,0.0106,9.8066,-0.0154,0.0596,-0.0654,0.38,-30.87,28.31,18.57,-81.99,-164.42
52.388916,-1.51762,147.33,14.21,3,243.96,19 / 21,962128,2019-09-06 18:32:08:810,1.9504,-0.7646,9.4624,-0.0004,0.0534,9.8065,-0.0769,-0.011,-0.065,0.75,-30.5,27.94,21.39,-82.03,-163.95
52.388916,-1.51762,147.33,14.21,3,243.96,19 / 21,962229,2019-09-06 18:32:08:911,-1.7765,0.3772,10.3706,-0.0001,-0.0089,9.8066,-0.0534,-0.0075,-0.0053,0.38,-30.06,28.44,17.21,-81.96,-165.49
52.388916,-1.51762,147.33,14.21,3,243.96,19 / 21,962328,2019-09-06 18:32:09:010,1.3635,-0.1344,10.1479,0.0323,0.0572,9.8064,0.1932,0.0413,-0.1968,1.19,-30.44,28.19,17.4,-82.34,-167.24
52.388916,-1.51762,147.33,14.21,3,243.96,19 / 20,962429,2019-09-06 18:32:09:111,-1.5457,-0.6213,9.7492,0.0047,-0.0197,9.8065,-0.2385,0.1364,0.0253,0.88,-30.25,28.31,17.31,-82.28,-167.34
52.388916,-1.51762,147.33,14.21,3,243.96,19 / 20,962528,2019-09-06 18:32:09:210,-0.1303,0.4134,10.0033,-0.01,0.0302,9.8065,-0.183,0.0197,0.0758,0.38,-30.56,27.81,15,-82.59,-167.24
52.388916,-1.51762,147.33,14.21,3,243.96,19 / 20,962628,2019-09-06 18:32:09:310,0.7701,1.1221,9.3536,-0.0131,-0.0611,9.8064,0.1281,-0.0244,0.0768,0.19,-30.81,26.69,16.52,-82.61,-166.02
52.388916,-1.51762,147.33,14.21,3,243.96,19 / 20,962729,2019-09-06 18:32:09:411,-0.5805,1.2501,9.6169,-0.0127,-0.0619,9.8064,-0.1478,0.0148,0.0013,0.13,-30.75,27.44,17.56,-82.66,-165.11
52.388916,-1.51762,147.33,14.21,3,243.96,19 / 20,962829,2019-09-06 18:32:09:511,0.6347,0.4223,10.569,-0.0083,-0.0015,9.8066,-0.0846,0.0256,0.0133,0.13,-30.19,27.69,20.28,-82.63,-162.6
52.388916,-1.51762,147.33,14.21,3,243.96,19 / 20,962929,2019-09-06 18:32:09:611,0.5301,1.9433,9.8309,-0.0106,-0.0205,9.8066,-0.0316,-0.0536,0.0719,-0.5,-30.37,27.06,21,-82.34,-162.22
52.388916,-1.51762,147.33,14.21,3,243.96,19 / 20,963028,2019-09-06 18:32:09:710,0.9378,1.6364,9.2775,-0.011,0.0482,9.8065,-0.1588,0.0446,0.0164,0.31,-30.5,27.75,20.9,-82.13,-162.28
52.388916,-1.51762,147.33,14.21,3,243.96,19 / 20,963128,2019-09-06 18:32:09:810,-1.7467,1.2734,10.2609,0.0071,0.0127,9.8066,0.0761,0.0238,-0.1099,-0.19,-31.19,28.13,22.39,-82.29,-161.04
52.388916,-1.51762,147.33,14.21,3,243.96,19 / 20,963228,2019-09-06 18:32:09:910,0.0776,0.6791,8.9233,0.0174,0.0121,9.8066,0.047,-0.0725,0.0275,-0.06,-30.81,27.56,20.46,-82.5,-162.6
52.388916,-1.51762,147.33,14.21,3,243.96,19 / 20,963329,2019-09-06 18:32:10:011,-1.0578,0.9161,8.9856,0.0057,-0.0074,9.8066,-0.0363,-0.0273,0.0232,0.06,-30.44,27.38,19.48,-82.48,-163.45
52.388916,-1.51762,147.33,14.21,3,243.96,18 / 19,963429,2019-09-06 18:32:10:111,1.0962,1.0268,9.1811,0.0132,0.0333,9.8065,-0.1292,0.0475,-0.013,0,-30.75,27,19.22,-82.93,-163.59
52.388916,-1.51762,147.33,14.21,3,243.96,18 / 19,963529,2019-09-06 18:32:10:211,0.7059,0.4739,8.8433,0.0148,0.012,9.8065,0.0458,0.0289,-0.0295,0,-30.37,27.31,18.36,-82.9,-164.26
52.388916,-1.51762,147.33,14.21,3,243.96,18 / 19,963628,2019-09-06 18:32:10:310,-0.2367,-0.1871,10.0321,-0.0091,-0.0095,9.8066,0.1035,-0.0085,-0.0001,0.38,-30.25,27.19,18.08,-82.9,-164.5
52.388916,-1.51762,147.33,14.21,3,243.96,18 / 19,963729,2019-09-06 18:32:10:411,0.2719,0.0954,9.743,-0.0061,-0.0069,9.8066,-0.0561,-0.0215,0.0113,0.25,-30.37,27.75,18.76,-82.78,-163.86
52.388916,-1.51762,147.33,14.21,3,243.96,18 / 19,963828,2019-09-06 18:32:10:510,-0.3141,0.2511,9.3911,-0.013,-0.0257,9.8065,0.0086,0.0112,0.0571,0.31,-30.31,28,19.8,-82.59,-163.04
52.388916,-1.51762,147.33,14.21,3,243.96,18 / 19,963928,2019-09-06 18:32:10:610,0.1772,1.9068,9.7068,-0.003,-0.0288,9.8065,-0.0464,-0.0081,-0.0151,-0.06,-30.56,27.13,20.94,-82.55,-162.27
52.388916,-1.51762,147.33,14.21,3,243.96,18 / 19,964029,2019-09-06 18:32:10:711,0.2801,0.9555,9.5703,-0.0055,0.0055,9.8066,-0.0261,0.0531,0.0196,-0.25,-30.81,27.63,21.56,-82.78,-161.53
52.388916,-1.51762,147.33,14.21,3,243.96,18 / 19,964129,2019-09-06 18:32:10:811,-0.0243,-1.3252,9.5525,-0.0064,0.0161,9.8066,0.0776,0.0905,-0.0198,-0.25,-30.56,27.38,22.47,-82.89,-160.8
52.388916,-1.51762,147.33,14.21,3,243.96,18 / 19,964229,2019-09-06 18:32:10:911,-0.5517,0.351,10.3278,-0.0193,-0.0232,9.8065,0.067,-0.0036,0.0716,-0.19,-31.19,27.63,23.55,-83.11,-159.65
52.388916,-1.51762,147.33,14.21,3,243.96,18 / 19,964329,2019-09-06 18:32:11:011,-0.4286,-0.2316,10.0352,0.0131,-0.0159,9.8066,-0.237,0.097,-0.0589,-0.12,-31.19,27,24.04,-82.99,-159.4
52.388916,-1.51762,147.33,14.21,3,243.96,19 / 20,964429,2019-09-06 18:32:11:111,-0.8051,1.1481,9.5134,-0.0143,-0.0181,9.8066,-0.1644,-0.0275,0.1012,-0.25,-30.19,27.56,23.81,-82.95,-159.4
52.388916,-1.51762,147.33,14.21,3,243.96,19 / 20,964528,2019-09-06 18:32:11:210,0.4178,2.3068,9.1636,0.0083,-0.0233,9.8066,0.0575,-0.0545,0.0697,-0.06,-30.62,27.88,22.89,-82.98,-160.29
52.388916,-1.51762,147.33,14.21,3,243.96,19 / 20,964629,2019-09-06 18:32:11:311,-0.6412,2.1223,9.0414,0.0199,0.068,9.8064,-0.1779,-0.0221,-0.0271,-0.12,-30.5,27.75,21.92,-83.19,-160.94
52.388916,-1.51762,147.33,14.21,3,243.96,19 / 20,964728,2019-09-06 18:32:11:410,0.0625,-0.2322,10.2952,0.0243,0.0483,9.8065,0.2228,0.0445,-0.1201,0.75,-30.31,27.44,21.6,-83.13,-163.47
52.388916,-1.51762,147.33,14.21,3,243.96,19 / 20,964829,2019-09-06 18:32:11:511,-1.4428,1.2259,9.8159,0.0168,0.0111,9.8065,-0.1404,-0.0233,-0.0541,0.5,-30.62,27.63,20.32,-83.05,-164.53
52.388916,-1.51762,147.33,14.21,3,243.96,19 / 20,964928,2019-09-06 18:32:11:610,0.8894,-0.4779,9.7394,-0.0013,0.0419,9.8065,0.0544,-0.1014,0.1021,0.25,-30.81,27.56,16.9,-83.44,-165.32
52.388916,-1.51762,147.33,14.21,3,243.96,19 / 20,965028,2019-09-06 18:32:11:710,-1.3231,0.1858,9.8739,0.0097,0.0075,9.8066,-0.0888,-0.0451,-0.0173,0.56,-30.37,27.44,21.7,-83.49,-163.21
52.388916,-1.51762,147.33,14.21,3,243.96,19 / 20,965129,2019-09-06 18:32:11:811,-0.5991,0.3748,9.9473,-0.0183,-0.0016,9.8066,0.0268,-0.072,0.0463,0.69,-30.25,27.06,23.1,-83.54,-161.96
52.388916,-1.51762,147.33,14.21,3,243.96,19 / 20,965228,2019-09-06 18:32:11:910,-1.5688,0.2189,10.28,-0.0366,-0.0307,9.8064,0.1518,-0.0307,0.0654,0.44,-30.06,26.81,23.61,-83.36,-159.49
52.388916,-1.51762,147.33,14.21,3,243.96,19 / 20,965329,2019-09-06 18:32:12:011,0.1076,1.2098,9.9546,0,-0.0164,9.8065,-0.0545,0.0495,-0.0342,0.31,-30.69,26.5,24.73,-83.41,-158.58
52.388256,-1.519105,146.34,14.21,2,229.87,20 / 20,965428,2019-09-06 18:32:12:110,-0.0244,0.367,10.336,0.0075,-0.0332,9.8065,0.0055,-0.0435,0.0221,0.13,-30.44,26.88,24.07,-83.19,-159.17
52.388256,-1.519105,146.34,14.21,2,229.87,20 / 20,965529,2019-09-06 18:32:12:211,0.2748,-0.4506,9.839,-0.0009,0.0007,9.8066,-0.0235,0.0705,-0.0479,0.13,-30.75,26.5,24.06,-83.26,-159.24
52.388256,-1.519105,146.34,14.21,2,229.87,20 / 20,965628,2019-09-06 18:32:12:310,-0.7368,0.9728,9.907,0.0071,-0.0152,9.8066,-0.0283,-0.0636,-0.0204,0.06,-31.06,26.75,23.06,-83.34,-160.07
52.388256,-1.519105,146.34,14.21,2,229.87,20 / 20,965729,2019-09-06 18:32:12:411,0.0447,1.3698,9.7353,0.0078,0.0011,9.8066,-0.1108,-0.0124,0.0548,0.06,-31.19,26.38,21.58,-83.52,-161.39
52.388256,-1.519105,146.34,14.21,2,229.87,20 / 20,965828,2019-09-06 18:32:12:510,0.0753,1.0062,9.732,-0.0198,-0.0226,9.8066,-0.1747,0.1193,-0.0449,-0.31,-31.25,26.44,24.02,-83.43,-159.3
52.388256,-1.519105,146.34,14.21,2,229.87,20 / 20,965929,2019-09-06 18:32:12:611,-0.9066,0.7358,10.8192,-0.0092,-0.0323,9.8065,0.1292,0.1707,-0.0284,-0.25,-30.87,26.38,24.23,-83.64,-159.02
52.388256,-1.519105,146.34,14.21,2,229.87,20 / 20,966029,2019-09-06 18:32:12:711,0.9913,0.5227,10.2893,0.0099,-0.035,9.8065,-0.0225,0.0556,0.0983,0,-29.94,27,22.71,-83.46,-160.22
52.388256,-1.519105,146.34,14.21,2,229.87,20 / 20,966129,2019-09-06 18:32:12:811,-0.5571,0.4303,9.7935,0.0033,-0.0485,9.8065,-0.0754,0.0126,-0.0494,-0.37,-31.31,27.31,22.51,-83.24,-160.6
52.388256,-1.519105,146.34,14.21,2,229.87,20 / 20,966229,2019-09-06 18:32:12:911,0.5023,1.3244,9.3085,0.0224,-0.0036,9.8065,-0.0671,-0.0755,0.0215,0.06,-30.94,26.94,21.48,-83.23,-161.5
52.388256,-1.519105,146.34,14.21,2,229.87,20 / 20,966328,2019-09-06 18:32:13:010,0.3721,0.7099,9.6218,0.0139,0.005,9.8066,-0.0207,0.0039,-0.0209,0.5,-30.44,27.56,21.43,-83.36,-163.34
52.388256,-1.519105,146.34,14.21,2,229.87,20 / 20,966428,2019-09-06 18:32:13:110,-0.2232,1.2964,10.3853,0.0037,0.0049,9.8066,0.0371,-0.045,-0.0211,0,-30.94,27.31,18.8,-83.43,-163.74
52.388256,-1.519105,146.34,14.21,2,229.87,20 / 20,966529,2019-09-06 18:32:13:211,0.7317,0.9368,10.4977,0.007,0.0113,9.8066,0.0372,0.0047,-0.022,0,-31.06,27.13,18.31,-83.39,-164.19
52.388256,-1.519105,146.34,14.21,2,229.87,20 / 20,966629,2019-09-06 18:32:13:311,-0.4175,-0.6913,10.473,-0.0065,-0.0528,9.8065,-0.091,0.0062,0.0656,-0.12,-30.75,27.06,17.98,-82.99,-164.63
52.388256,-1.519105,146.34,14.21,2,229.87,20 / 20,966728,2019-09-06 18:32:13:410,-0.9552,1.0924,9.4999,-0.0194,-0.0423,9.8065,-0.0582,0.013,-0.022,0.38,-30.62,27.5,18.73,-82.9,-163.92
52.388256,-1.519105,146.34,14.21,2,229.87,20 / 20,966828,2019-09-06 18:32:13:510,0.6985,1.4416,10.105,-0.0131,0.0101,9.8065,0.0217,0.0031,-0.0322,0.63,-30.94,27.06,21.72,-82.97,-163.54
52.388256,-1.519105,146.34,14.21,2,229.87,20 / 20,966928,2019-09-06 18:32:13:610,-0.8065,0.9929,10.254,-0.0002,0.0131,9.8066,0.0406,-0.0783,0.0117,0.31,-30.31,27.81,20.58,-82.98,-162.2
52.388256,-1.519105,146.34,14.21,2,229.87,20 / 20,967028,2019-09-06 18:32:13:710,-0.776,-0.8478,9.5477,0.0127,-0.0031,9.8066,0.0093,0.0268,0.0225,-0.44,-31.06,27.25,19.64,-83.01,-163.19
52.388256,-1.519105,146.34,14.21,2,229.87,20 / 20,967129,2019-09-06 18:32:13:811,-0.8075,1.2411,9.809,0.0049,-0.0303,9.8065,-0.0392,-0.0417,-0.0849,0.44,-30.44,27.81,18.11,-82.93,-164.37
52.388256,-1.519105,146.34,14.21,2,229.87,20 / 20,967228,2019-09-06 18:32:13:910,-1.0151,1.3667,9.5615,0.0228,0.0192,9.8065,0.0772,-0.042,-0.1055,0.56,-30.62,26.5,17.92,-83.18,-166.72
52.388256,-1.519105,146.34,14.21,2,229.87,20 / 20,967328,2019-09-06 18:32:14:010,-0.0417,0.8298,9.3227,0.0395,0.0238,9.8065,-0.0129,0.035,-0.0216,0.56,-31.06,27.25,13.81,-83.29,-170.24
52.388256,-1.519105,146.34,14.21,2,229.87,20 / 21,967428,2019-09-06 18:32:14:110,-0.2374,0.8686,10.4558,0.0246,-0.0217,9.8065,-0.0326,-0.0441,-0.0728,0.19,-31.25,27.19,8.78,-83.37,-172.43
52.388256,-1.519105,146.34,14.21,2,229.87,20 / 21,967529,2019-09-06 18:32:14:211,0.6978,0.1284,10.4985,0.025,-0.0119,9.8065,-0.007,-0.0535,0.0091,0,-32.06,27.63,4.27,-83.37,-176.32
52.388256,-1.519105,146.34,14.21,2,229.87,20 / 21,967629,2019-09-06 18:32:14:311,-0.2562,-0.6621,9.5319,0.0104,0.0052,9.8066,0.0331,0.0697,-0.0723,1.06,-32,27.44,3.89,-83.33,-178.79
52.388256,-1.519105,146.34,14.21,2,229.87,20 / 21,967729,2019-09-06 18:32:14:411,-0.1172,-0.13,8.8476,0.03,0.0149,9.8065,-0.1011,-0.0304,-0.0318,0.88,-31.5,27.75,0.9,-83.36,178.73
52.388256,-1.519105,146.34,14.21,2,229.87,20 / 21,967829,2019-09-06 18:32:14:511,-0.7343,1.2442,9.8367,0.0218,0.007,9.8066,-0.0764,-0.0425,0.0024,1.75,-31,28.5,0.07,-83.41,176.11
52.388256,-1.519105,146.34,14.21,2,229.87,20 / 21,967929,2019-09-06 18:32:14:611,-0.9,0.7011,9.5949,0.0232,0.0142,9.8066,-0.012,0.0527,-0.1451,2.5,-30.44,28.25,359.83,-83.68,173.74
52.388256,-1.519105,146.34,14.21,2,229.87,20 / 21,968028,2019-09-06 18:32:14:710,-0.0188,0.2311,9.1165,0.0277,0.0015,9.8066,0.0058,0.0252,-0.0297,3.13,-29.94,27.38,355.02,-83.79,169.31
52.388256,-1.519105,146.34,14.21,2,229.87,20 / 21,968129,2019-09-06 18:32:14:811,-0.9594,0.7571,9.915,0.0137,-0.0192,9.8066,0.0414,-0.0556,-0.0227,3.25,-29.87,27.31,351.46,-83.7,166.2
52.388256,-1.519105,146.34,14.21,2,229.87,20 / 21,968228,2019-09-06 18:32:14:910,0.0174,1.1713,9.6608,0.0279,0.0058,9.8066,-0.035,-0.0353,-0.0914,3,-30.12,26.88,347.23,-83.6,162.53
52.388256,-1.519105,146.34,14.21,2,229.87,20 / 21,968328,2019-09-06 18:32:15:010,0.6143,1.5897,9.3808,0.0115,0.0071,9.8066,-0.0463,0.0156,0.0084,3.44,-29.81,26.94,345.62,-83.51,161.14
52.388256,-1.519105,146.34,14.21,2,229.87,21 / 21,968429,2019-09-06 18:32:15:111,0.2478,-0.776,8.9563,0,0.0242,9.8065,-0.0131,-0.0674,-0.0096,3.56,-29.37,26.38,346.66,-83.75,159.58
52.388256,-1.519105,146.34,14.21,2,229.87,21 / 21,968529,2019-09-06 18:32:15:211,-0.1635,1.4919,10.159,-0.0112,0.0246,9.8065,-0.1015,-0.0376,-0.0196,3,-30.31,27.06,344.66,-83.99,160.15
52.388256,-1.519105,146.34,14.21,2,229.87,21 / 21,968628,2019-09-06 18:32:15:310,-0.4846,1.1731,9.9735,-0.0137,-0.01,9.8066,0.0353,0.0408,0.0905,3.44,-30.25,27,344,-84.3,159.47
52.388256,-1.519105,146.34,14.21,2,229.87,21 / 21,968729,2019-09-06 18:32:15:411,-0.3819,0.8639,9.3383,-0.0422,-0.032,9.8064,-0.0162,-0.0308,0.0114,3.25,-29.69,26.38,348.83,-84.31,163.57
52.388256,-1.519105,146.34,14.21,2,229.87,21 / 21,968829,2019-09-06 18:32:15:511,0.0991,2.1474,9.6294,-0.0164,0.0151,9.8066,0.0194,-0.0368,0.0486,3.13,-29.69,27.25,352.72,-84.45,167.19
52.388256,-1.519105,146.34,14.21,2,229.87,21 / 21,968928,2019-09-06 18:32:15:610,-0.9319,0.8023,9.7846,-0.0276,0.015,9.8065,-0.0001,-0.0653,0.0834,3.38,-29.69,27.06,356.35,-84.44,170.42
52.388256,-1.519105,146.34,14.21,2,229.87,21 / 21,969029,2019-09-06 18:32:15:711,-0.907,0.7595,9.1413,-0.002,0.0469,9.8065,-0.0426,0.0208,0.0442,3.56,-29.31,26.75,1.9,-84.75,173.28
52.388256,-1.519105,146.34,14.21,2,229.87,21 / 21,969128,2019-09-06 18:32:15:810,0.4296,1.3271,9.6366,-0.0125,0.0372,9.8065,-0.1202,0.045,0.0221,2.69,-29.5,25.94,1,-84.87,174.32
52.388256,-1.519105,146.34,14.21,2,229.87,21 / 21,969229,2019-09-06 18:32:15:911,1.3357,-0.0684,9.33,-0.0152,0,9.8066,-0.0804,0.0705,0.0146,2.88,-29.75,26.31,3.36,-85.11,176.44
52.388256,-1.519105,146.34,14.21,2,229.87,21 / 21,969329,2019-09-06 18:32:16:011,-0.574,1.9563,9.3332,-0.0219,-0.0237,9.8066,-0.1259,0.0472,0.0165,3.13,-30.19,25.44,6.41,-85.16,178.9
52.388256,-1.519105,146.34,14.21,2,229.87,20 / 20,969428,2019-09-06 18:32:16:110,1.2565,0.6626,8.9556,-0.0098,0.0145,9.8065,-0.0406,0.0299,0.0424,1.88,-30.94,24.63,6.11,-85.36,-179.1
52.388256,-1.519105,146.34,14.21,2,229.87,20 / 20,969529,2019-09-06 18:32:16:211,-1.0502,-0.2544,10.2499,-0.0373,-0.0269,9.8065,0.0289,-0.0249,0.0943,1.38,-31,25.13,8.36,-85.11,-174.84
52.388256,-1.519105,146.34,14.21,2,229.87,20 / 20,969628,2019-09-06 18:32:16:310,-0.1308,0.5698,9.5323,0.0011,0.0212,9.8066,-0.0263,-0.0432,-0.0232,1,-31,25.69,10.38,-85.18,-172.89
52.388256,-1.519105,146.34,14.21,2,229.87,20 / 20,969728,2019-09-06 18:32:16:410,0.9202,0.4013,9.1969,0.0091,0.0351,9.8065,-0.0651,0.0704,-0.0698,1.31,-31.44,25.13,9.88,-85.31,-173.44
52.388256,-1.519105,146.34,14.21,2,229.87,20 / 20,969829,2019-09-06 18:32:16:511,-0.146,1.3644,9.6904,0.0083,0.0157,9.8066,0.1059,0.0823,-0.0765,1.25,-31.5,25.13,8.29,-85.7,-174.79
52.388256,-1.519105,146.34,14.21,2,229.87,20 / 20,969928,2019-09-06 18:32:16:610,-0.0278,-0.3875,10.0934,0.0242,0.0518,9.8064,0.1107,0.044,-0.0573,1.56,-31.19,25.25,7.03,-86.17,-178.14
52.388256,-1.519105,146.34,14.21,2,229.87,20 / 20,970029,2019-09-06 18:32:16:711,2.2844,0.1914,9.9824,0.0117,-0.0129,9.8066,-0.036,0.0643,0.0572,1.31,-32.12,25.56,358.42,-86.28,176.35
52.388256,-1.519105,146.34,14.21,2,229.87,20 / 20,970129,2019-09-06 18:32:16:811,-1.0755,1.9921,12.8312,-0.0123,-0.0607,9.8064,-0.0588,-0.0517,0.1065,0.5,-31.94,25.31,0.68,-86.11,178.33
52.388256,-1.519105,146.34,14.21,2,229.87,20 / 20,970228,2019-09-06 18:32:16:910,-0.3771,-1.1719,9.3778,0.0052,-0.0227,9.8066,0.1368,0.0368,0.1101,0.94,-32,26.44,3.34,-85.87,-179.16
52.388256,-1.519105,146.34,14.21,2,229.87,20 / 20,970329,2019-09-06 18:32:17:011,0.824,0.0192,9.07,0.0061,0.0003,9.8066,-0.1084,0.0076,0.0341,1.31,-31.31,27.06,2.88,-85.64,-179.5
52.388256,-1.519105,146.34,14.21,2,229.87,21 / 21,970429,2019-09-06 18:32:17:111,1.7703,-0.3228,10.5106,0.0057,0.0221,9.8066,0.0994,0.0939,-0.0049,0.81,-31.12,27.13,2.71,-85.83,-179.65
52.388256,-1.519105,146.34,14.21,2,229.87,21 / 21,970529,2019-09-06 18:32:17:211,-1.3603,-0.3322,10.616,-0.0101,0.0601,9.8064,-0.2102,0.1879,-0.0857,1.63,-30.62,27.06,7.19,-86.33,-177.59
52.388256,-1.519105,146.34,14.21,2,229.87,21 / 21,970628,2019-09-06 18:32:17:310,1.1658,-1.5053,8.9927,-0.0065,-0.0611,9.8064,-0.1461,0.0753,0.0481,1.38,-30.56,27.38,8.49,-85.9,-174.35
52.388256,-1.519105,146.34,14.21,2,229.87,21 / 21,970728,2019-09-06 18:32:17:410,2.2717,1.2643,9.1245,-0.0161,-0.0372,9.8065,-0.1245,0.1369,0.1404,1.31,-30.62,27.5,11.06,-85.96,-171.87
52.388256,-1.519105,146.34,14.21,2,229.87,21 / 21,970828,2019-09-06 18:32:17:510,-1.3296,1.9134,10.4267,-0.0344,0.0155,9.8065,0.232,0.2479,-0.0996,0.88,-29.81,27,20.05,-85.98,-163.65
52.388256,-1.519105,146.34,14.21,2,229.87,21 / 21,970928,2019-09-06 18:32:17:610,-3.3243,-0.2462,11.366,-0.0008,0.0131,9.8066,0.0476,0.0654,0.0956,1,-29.87,26.94,21.05,-86.04,-162.69
52.388256,-1.519105,146.34,14.21,2,229.87,21 / 21,971028,2019-09-06 18:32:17:710,1.3355,2.1157,10.2279,-0.0248,-0.035,9.8065,0.0985,0.2782,-0.0386,0.31,-30.19,26.31,20.58,-86.05,-161.06
52.388256,-1.519105,146.34,14.21,2,229.87,21 / 21,971128,2019-09-06 18:32:17:810,2.4132,-2.8141,9.4752,-0.0013,0.0175,9.8066,0.1521,-0.0084,0.0923,-0.25,-30.5,26,22.82,-85.92,-159.06
52.388256,-1.519105,146.34,14.21,2,229.87,21 / 21,971228,2019-09-06 18:32:17:910,2.342,-1.3849,9.3711,-0.0248,-0.0135,9.8065,-0.1398,0.1668,0.0634,-0.69,-30.37,25.94,25.82,-85.6,-154.26
52.388256,-1.519105,146.34,14.21,2,229.87,21 / 21,971329,2019-09-06 18:32:18:011,-4.1567,3.3525,11.4469,-0.0132,-0.096,9.8061,-0.0931,-0.1488,0.2131,-1.06,-30.56,26.19,28.18,-85.33,-152.33
52.388256,-1.519105,146.34,14.21,2,229.87,21 / 21,971428,2019-09-06 18:32:18:110,3.4791,2.5104,11.2295,0.0074,0.0074,9.8066,-0.0583,-0.1803,0.1688,-1.44,-31.5,26.69,29.22,-85.58,-151.2
52.388256,-1.519105,146.34,14.21,2,229.87,21 / 21,971529,2019-09-06 18:32:18:211,2.1914,0.6867,9.1964,-0.0106,-0.0338,9.8065,-0.2939,0.039,0.1469,-1.94,-30.87,27.44,28.54,-85.04,-150.03
52.388256,-1.519105,146.34,14.21,2,229.87,21 / 21,971628,2019-09-06 18:32:18:310,-1.4276,-0.3136,11.4249,-0.0084,-0.0561,9.8064,-0.0652,-0.0699,0.233,-1.31,-30.87,27.31,29.74,-85.12,-151.01
52.388256,-1.519105,146.34,14.21,2,229.87,21 / 21,971729,2019-09-06 18:32:18:411,-0.989,1.9971,9.5902,-0.04,0.003,9.8065,-0.1297,-0.0257,-0.0327,-1.56,-31.31,27.38,32.14,-84.93,-146.81
52.388256,-1.519105,146.34,14.21,2,229.87,21 / 21,971828,2019-09-06 18:32:18:510,-2.2739,1.2784,9.5155,0.0132,0.0267,9.8066,0.0457,-0.0047,0.0082,-1.69,-31,27.38,37.56,-85.38,-141.52
52.388256,-1.519105,146.34,14.21,2,229.87,21 / 21,971928,2019-09-06 18:32:18:610,-0.5125,-1.4682,8.5771,-0.0062,0.0229,9.8065,0.2564,0.0604,0.0737,-1.31,-31.31,27.13,41.03,-85.72,-140.15
52.388256,-1.519105,146.34,14.21,2,229.87,21 / 21,972029,2019-09-06 18:32:18:711,-0.2114,1.2979,10.5788,0.0175,-0.0114,9.8065,-0.0575,-0.0525,0.028,-1.5,-31.44,27.06,38.95,-85.61,-142.18
52.388256,-1.519105,146.34,14.21,2,229.87,21 / 21,972129,2019-09-06 18:32:18:811,-0.2829,1.6701,10.6336,0.0045,-0.0072,9.8066,0.2765,-0.0736,0.1109,-1,-30.94,27.38,38.61,-85.66,-142.45
52.388256,-1.519105,146.34,14.21,2,229.87,21 / 21,972228,2019-09-06 18:32:18:910,0.1871,3.1301,9.3755,0.0059,-0.043,9.8065,-0.1726,-0.0082,-0.062,-0.44,-31,26.63,39.02,-85.42,-144.38
52.388256,-1.519105,146.34,14.21,2,229.87,21 / 21,972328,2019-09-06 18:32:19:010,0.2431,0.1859,8.7997,0.0012,-0.0055,9.8066,0.0041,0.122,-0.0176,-1.19,-30.94,27.31,34.63,-85.36,-146.36
52.388256,-1.519105,146.34,14.21,2,229.87,21 / 21,972429,2019-09-06 18:32:19:111,0.1153,4.3861,10.3862,0.0066,-0.0001,9.8066,-0.083,0.0074,-0.0823,-0.81,-31.06,27.56,32.7,-85.57,-147.98
52.388256,-1.519105,146.34,14.21,2,229.87,21 / 21,972528,2019-09-06 18:32:19:210,0.2833,1.8522,9.6498,0.0081,0.011,9.8066,0.1422,0.0653,0.0807,-0.44,-31.5,26.56,34.85,-85.84,-147.95
52.388256,-1.519105,146.34,14.21,2,229.87,21 / 21,972629,2019-09-06 18:32:19:311,-1.1628,3.6945,9.4522,0.0015,-0.0139,9.8066,-0.0681,0.0627,-0.0755,-0.87,-31.75,27.06,31.85,-85.84,-148.69
52.388256,-1.519105,146.34,14.21,2,229.87,21 / 21,972729,2019-09-06 18:32:19:411,0.2821,-0.2651,9.1154,-0.0014,-0.017,9.8065,-0.0347,-0.0338,0.0263,-0.94,-31.25,27.63,30.18,-85.89,-150.13
52.388256,-1.519105,146.34,14.21,2,229.87,21 / 21,972829,2019-09-06 18:32:19:511,-0.4028,1.0925,10.7328,0.0047,-0.0034,9.8066,0.1287,0.0521,0.0217,-1,-31.37,27.06,30.4,-85.83,-149.97
52.388256,-1.519105,146.34,14.21,2,229.87,21 / 21,972928,2019-09-06 18:32:19:610,-0.6054,1.5372,10.9456,-0.0074,-0.0355,9.8066,-0.0258,-0.0423,0.0415,-0.44,-31.31,27.31,30.79,-85.6,-151.87
52.388256,-1.519105,146.34,14.21,2,229.87,21 / 21,973028,2019-09-06 18:32:19:710,-1.6264,1.1546,10.3396,0.0035,0.02,9.8066,0.1416,-0.0718,0.0238,-0.94,-31.5,27.81,28.97,-85.56,-151.43
52.388256,-1.519105,146.34,14.21,2,229.87,21 / 21,973128,2019-09-06 18:32:19:810,0.2036,2.4578,9.6034,-0.0084,0.0309,9.8066,0.158,0.0267,-0.0104,-1.25,-30.87,28,28.8,-85.5,-151.63
52.388256,-1.519105,146.34,14.21,2,229.87,21 / 21,973228,2019-09-06 18:32:19:910,-0.1307,-0.2866,10.0463,-0.012,-0.0216,9.8066,-0.1179,0.0491,-0.0064,-0.81,-30.87,27.81,29.92,-85.41,-150.64
52.388256,-1.519105,146.34,14.21,2,229.87,21 / 21,973329,2019-09-06 18:32:20:011,-0.5219,1.53,9.749,0.0124,-0.0618,9.8064,-0.1898,-0.1502,0.0615,-1.06,-31.5,27.63,30.16,-85.45,-150.4
52.388256,-1.519105,146.34,14.21,2,229.87,21 / 21,973428,2019-09-06 18:32:20:110,-0.3119,3.4353,10.3118,0.0134,0.0482,9.8064,0.061,-0.12,0.1386,-0.94,-31.44,27.56,32.95,-85.63,-147.72
52.388256,-1.519105,146.34,14.21,2,229.87,21 / 21,973528,2019-09-06 18:32:20:210,1.2137,2.3558,9.9488,-0.0233,0.019,9.8065,-0.0289,0.0819,-0.0758,-1.37,-30.87,28.06,35.18,-85.65,-145.62
52.388256,-1.519105,146.34,14.21,2,229.87,21 / 21,973628,2019-09-06 18:32:20:310,-0.1585,0.7292,10.0458,-0.0117,-0.0346,9.8065,0.1494,0.0304,-0.0118,-1.5,-31.06,28.06,35.34,-85.33,-145.7
52.388256,-1.519105,146.34,14.21,2,229.87,21 / 21,973729,2019-09-06 18:32:20:411,0.1024,1.28,10.5209,0.0039,-0.0145,9.8065,0.0195,-0.0177,0.0253,-1.25,-30.87,28.5,33.87,-85.2,-147.1
52.388256,-1.519105,146.34,14.21,2,229.87,21 / 21,973829,2019-09-06 18:32:20:511,-0.4456,1.7417,9.5481,-0.0024,-0.0152,9.8066,-0.038,-0.0257,-0.0313,-1.25,-31.44,28,33.69,-85.02,-147.42
52.388256,-1.519105,146.34,14.21,2,229.87,21 / 21,973929,2019-09-06 18:32:20:611,0.983,2.0643,9.5921,0.01,-0.0003,9.8066,0.0398,-0.0692,0.061,-1,-31.44,27.88,33,-85.11,-148
52.388256,-1.519105,146.34,14.21,2,229.87,21 / 21,974029,2019-09-06 18:32:20:711,-0.2682,2.9562,10.723,-0.0037,0.0069,9.8066,0.0026,0.0082,-0.0904,-1.81,-30.75,28.25,31.13,-85.24,-147.59
52.388256,-1.519105,146.34,14.21,2,229.87,21 / 21,974128,2019-09-06 18:32:20:810,-0.5507,2.7701,11.2538,0.007,-0.001,9.8066,0.0114,-0.0737,-0.0453,-0.94,-30.81,27.69,33.13,-85.33,-147.74
52.388256,-1.519105,146.34,14.21,2,229.87,21 / 21,974228,2019-09-06 18:32:20:910,-0.2233,-1.2347,10.1222,0.0208,-0.0289,9.8065,0.1897,0.0102,-0.0187,-1.25,-30.62,28.44,27.28,-85.16,-153.21
52.388256,-1.519105,146.34,14.21,2,229.87,21 / 21,974328,2019-09-06 18:32:21:010,-0.6138,0.2466,8.9099,0.0087,0.0002,9.8065,0.1802,-0.0361,0.0915,-0.44,-30,28.75,26.69,-85.06,-155.69
52.387615,-1.520373,145.82,9.23,3,226.26,21 / 21,974428,2019-09-06 18:32:21:110,-0.8397,0.9564,9.3368,0.0047,-0.003,9.8066,0.1579,-0.0142,0.1225,-0.94,-30.12,28.44,26.14,-84.99,-154.26
52.387615,-1.520373,145.82,9.23,3,226.26,21 / 21,974529,2019-09-06 18:32:21:211,0.0246,-3.3146,9.9159,0.016,0.021,9.8066,-0.1489,-0.0772,0.0798,-0.19,-30.69,27.63,30.69,-85.36,-152.01
52.387615,-1.520373,145.82,9.23,3,226.26,21 / 21,974629,2019-09-06 18:32:21:311,-0.0452,0.3343,10.8702,-0.0018,-0.0067,9.8066,-0.1963,0.0021,-0.0482,-1.06,-30.75,26.94,31.91,-85.74,-148.63
52.387615,-1.520373,145.82,9.23,3,226.26,21 / 21,974728,2019-09-06 18:32:21:410,-0.2128,0.3982,9.9556,-0.0121,-0.0659,9.8064,-0.0239,-0.0258,0.1081,-0.5,-30.75,27.06,34.16,-85.59,-148.76
52.387615,-1.520373,145.82,9.23,3,226.26,21 / 21,974829,2019-09-06 18:32:21:511,-1.4291,0.5585,13.9849,-0.0203,-0.0845,9.8062,0.2662,-0.0585,-0.0256,-1.06,-31.12,27.88,32.14,-85.23,-148.72
52.387615,-1.520373,145.82,9.23,3,226.26,21 / 21,974928,2019-09-06 18:32:21:610,-1.1742,-2.8158,10.6176,0.0008,-0.0548,9.8065,0.4724,0.1002,0.1063,-1.19,-30.56,28.31,26.4,-84.08,-154.59
52.387615,-1.520373,145.82,9.23,3,226.26,21 / 21,975028,2019-09-06 18:32:21:710,-0.0269,-0.8271,7.5585,-0.0329,-0.0776,9.8062,-0.0999,0.0099,0.0254,-1.81,-31.06,29.19,25.66,-82.66,-153.97
52.387615,-1.520373,145.82,9.23,3,226.26,21 / 21,975128,2019-09-06 18:32:21:810,-2.4691,-0.7307,6.8659,0.0062,-0.037,9.8065,-0.286,-0.1015,0.0228,-0.94,-31.06,28.75,28.24,-82.55,-153.75
52.387615,-1.520373,145.82,9.23,3,226.26,21 / 21,975229,2019-09-06 18:32:21:911,-2.7489,1.8474,8.3177,0.0202,0.2015,9.8045,-0.5625,-0.1766,0.0708,-1.19,-32.19,26.75,38.18,-85.1,-143.39
52.387615,-1.520373,145.82,9.23,3,226.26,21 / 21,975329,2019-09-06 18:32:22:011,0.621,4.8154,9.6209,0.0253,0.1023,9.8061,0.1429,-0.1903,0.0257,-1.5,-32.31,25.81,49.64,-86.15,-131.83
52.387615,-1.520373,145.82,9.23,3,226.26,21 / 21,975428,2019-09-06 18:32:22:110,-2.2426,3.9393,12.3358,0.0147,0.1082,9.806,0.3203,0.1717,-0.2292,-1.56,-32.06,25,58.61,-86.85,-120.29
52.387615,-1.520373,145.82,9.23,3,226.26,21 / 21,975529,2019-09-06 18:32:22:211,0.182,-1.1164,12.408,0.0305,-0.0282,9.8065,0.5569,-0.0779,0.0455,0.06,-31.12,26,50.18,-87.25,-132.37
52.387615,-1.520373,145.82,9.23,3,226.26,21 / 21,975628,2019-09-06 18:32:22:310,1.059,-2.8877,10.396,0.0046,-0.0928,9.8062,0.4663,-0.0324,-0.0119,-0.94,-30.94,27.69,21.42,-85.05,-158.6
52.387615,-1.520373,145.82,9.23,3,226.26,21 / 21,975729,2019-09-06 18:32:22:411,-1.3196,-0.4755,10.3737,-0.0327,0.0235,9.8066,0.1711,-0.0889,0.0918,-0.44,-31,28.19,23.81,-84.26,-158.86
52.387615,-1.520373,145.82,9.23,3,226.26,21 / 21,975829,2019-09-06 18:32:22:511,-1.958,0.0949,10.0802,0.0002,0.0106,9.8066,-0.2296,-0.1201,-0.083,-0.94,-32.12,27.5,25.66,-84.55,-155.09
52.387615,-1.520373,145.82,9.23,3,226.26,21 / 21,975928,2019-09-06 18:32:22:610,-0.6192,0.0632,9.4905,0.0199,0.0389,9.8065,-0.0573,-0.0796,-0.0833,-0.69,-32.81,27.19,28.02,-85.41,-152.57
52.387615,-1.520373,145.82,9.23,3,226.26,21 / 21,976029,2019-09-06 18:32:22:711,0.2908,0.2118,9.6725,0.0112,-0.0017,9.8066,-0.0384,-0.1129,0.0157,-0.94,-32,26.75,27.99,-85.85,-152.25
52.387615,-1.520373,145.82,9.23,3,226.26,21 / 21,976128,2019-09-06 18:32:22:810,-0.5138,0.2419,9.4552,0.001,-0.0338,9.8065,0.0251,-0.0766,0.0083,-0.56,-32.75,27.31,25.59,-85.61,-154.67
52.387615,-1.520373,145.82,9.23,3,226.26,21 / 21,976229,2019-09-06 18:32:22:911,-0.7423,-0.5949,10.7084,-0.0077,-0.0241,9.8065,0.1824,-0.1319,-0.0056,-0.69,-33.06,28.63,23.52,-85.06,-156.83
52.387615,-1.520373,145.82,9.23,3,226.26,21 / 21,976329,2019-09-06 18:32:23:011,-0.0466,-1.6097,10.425,0.0052,0.0088,9.8066,0.0619,-0.0466,0.0184,-0.19,-31.75,28.75,24.76,-84.8,-157.73
52.387615,-1.520373,145.82,9.23,3,226.26,20 / 21,976429,2019-09-06 18:32:23:111,-0.618,0.2887,10.673,-0.0284,-0.0282,9.8065,-0.2,-0.0598,-0.0489,-0.19,-31.19,29.13,25.65,-84.76,-156.86
52.387615,-1.520373,145.82,9.23,3,226.26,20 / 21,976528,2019-09-06 18:32:23:210,-1.0047,-1.2653,9.6179,-0.0038,0.0305,9.8065,0.1239,-0.2102,0.1332,0.75,-30.81,28.5,30.62,-85.08,-154.12
52.387615,-1.520373,145.82,9.23,3,226.26,20 / 21,976628,2019-09-06 18:32:23:310,-0.7572,-0.4928,10.0955,0.0062,-0.0204,9.8066,-0.0046,-0.1802,0.0838,0.06,-30.87,28.31,32.13,-85.11,-150.85
52.387615,-1.520373,145.82,9.23,3,226.26,20 / 21,976728,2019-09-06 18:32:23:410,-1.8737,-2.0496,9.8092,-0.0177,-0.0591,9.8064,-0.0427,-0.2002,0.0301,1.13,-29.94,27.63,34.22,-84.76,-151.1
52.387615,-1.520373,145.82,9.23,3,226.26,20 / 21,976829,2019-09-06 18:32:23:511,-2.1103,0.6714,9.2998,0.0091,-0.0004,9.8066,-0.0451,-0.1519,0.1069,0.81,-29.37,27.63,35.16,-84.68,-150.18
52.387615,-1.520373,145.82,9.23,3,226.26,20 / 21,976929,2019-09-06 18:32:23:611,-2.2447,0.537,9.8628,-0.0114,-0.0257,9.8065,0.1576,-0.0128,-0.0154,2.06,-29.25,26.69,37.79,-84.52,-150.18
52.387615,-1.520373,145.82,9.23,3,226.26,20 / 21,977029,2019-09-06 18:32:23:711,-0.2818,0.5088,10.085,0.0076,0.0284,9.8066,0.1565,-0.2561,0.0072,1,-28.87,25.69,35.79,-84.7,-149.99
52.387615,-1.520373,145.82,9.23,3,226.26,20 / 21,977129,2019-09-06 18:32:23:811,-0.869,3.286,10.8557,0.0097,0.0026,9.8066,-0.0515,-0.3041,0.0765,1.56,-29.31,24.38,38.6,-84.65,-150.31
52.387615,-1.520373,145.82,9.23,3,226.26,20 / 21,977228,2019-09-06 18:32:23:910,-0.0449,-0.622,10.0602,0.0039,0.0125,9.8066,0.1176,-0.2538,0.1313,0.94,-30.19,24.06,37.83,-84.7,-148.74
52.387615,-1.520373,145.82,9.23,3,226.26,20 / 21,977329,2019-09-06 18:32:24:011,0.039,-0.2658,9.9233,-0.0057,0.0031,9.8066,-0.0226,-0.2903,0.0487,0.69,-31.25,24.25,40.83,-84.69,-146.17
52.387615,-1.520373,145.82,9.23,3,226.26,20 / 20,977428,2019-09-06 18:32:24:110,-2.4625,-0.2579,9.1949,0.0032,-0.0256,9.8066,-0.0238,-0.1775,0.0186,0.56,-31.75,24.5,42.37,-84.66,-144.66
52.387615,-1.520373,145.82,9.23,3,226.26,20 / 20,977529,2019-09-06 18:32:24:211,-1.4614,0.7255,9.5528,-0.0156,-0.0362,9.8065,-0.011,-0.123,0.035,0.88,-31.81,23.69,43.57,-84.66,-143.86
52.387615,-1.520373,145.82,9.23,3,226.26,20 / 20,977628,2019-09-06 18:32:24:310,-1.6509,-0.2987,9.3725,-0.0062,0.008,9.8066,-0.046,-0.0978,-0.0173,0.63,-31.62,23.81,43.59,-84.64,-143.85
52.387615,-1.520373,145.82,9.23,3,226.26,20 / 20,977729,2019-09-06 18:32:24:411,-1.3625,1.9276,9.6686,0.0179,0.0063,9.8066,-0.0362,-0.1433,0.0287,0.25,-32.19,24.69,39.18,-84.58,-145.34
52.387615,-1.520373,145.82,9.23,3,226.26,20 / 20,977828,2019-09-06 18:32:24:510,-0.9061,0.9518,9.6804,0.0121,0.0151,9.8066,0.0727,-0.1295,-0.0772,0.94,-31.56,24.63,39.46,-84.59,-147.36
52.387615,-1.520373,145.82,9.23,3,226.26,20 / 20,977928,2019-09-06 18:32:24:610,-1.9597,0.4229,9.7847,0.0145,0.0195,9.8066,0.0593,-0.1929,0.0355,0.94,-31.56,24.63,37.9,-84.76,-148.63
52.387615,-1.520373,145.82,9.23,3,226.26,20 / 20,978028,2019-09-06 18:32:24:710,-1.1423,0.3685,9.8484,0.003,0.009,9.8066,0.0229,-0.1098,0.0495,2,-31.37,24.31,40.59,-84.82,-148.63
52.387615,-1.520373,145.82,9.23,3,226.26,20 / 20,978129,2019-09-06 18:32:24:811,-1.7325,0.9238,9.856,-0.0007,0.02,9.8066,0.0209,-0.1632,0.0387,1.69,-31.87,23.56,41.75,-84.86,-147.68
52.387615,-1.520373,145.82,9.23,3,226.26,20 / 20,978228,2019-09-06 18:32:24:910,-0.2735,0.8752,10.5085,0.0019,-0.0058,9.8065,0.0522,-0.1808,0.065,2.38,-31.62,23.38,43.41,-84.96,-146.47
52.387615,-1.520373,145.82,9.23,3,226.26,20 / 20,978328,2019-09-06 18:32:25:010,-1.3607,0.2335,10.4725,-0.0158,-0.0215,9.8065,0.0002,-0.0938,0.0195,1.56,-31.31,23.25,44.86,-84.84,-145.13
52.387615,-1.520373,145.82,9.23,3,226.26,20 / 20,978428,2019-09-06 18:32:25:110,-1.7119,0.6505,9.9522,-0.0109,0.016,9.8066,-0.025,-0.156,-0.0168,2.5,-31.69,22.75,48.3,-84.78,-144.64
52.387615,-1.520373,145.82,9.23,3,226.26,20 / 20,978529,2019-09-06 18:32:25:211,-1.686,-0.2193,9.8559,-0.0038,0.0078,9.8066,-0.0418,-0.1612,0.0144,2,-32,21.69,47.88,-84.75,-143.09
52.387615,-1.520373,145.82,9.23,3,226.26,20 / 20,978628,2019-09-06 18:32:25:310,-1.1005,1.918,10.7021,-0.0088,0.0117,9.8066,0.0518,-0.1368,0.0435,2.06,-31.87,22.19,50.5,-84.77,-140.68
52.387615,-1.520373,145.82,9.23,3,226.26,20 / 20,978729,2019-09-06 18:32:25:411,-1.3728,0.9158,10.8781,-0.0058,-0.0009,9.8066,0.1097,-0.1378,0.0131,1.81,-31.69,22.13,51.18,-84.69,-140.14
52.387615,-1.520373,145.82,9.23,3,226.26,20 / 20,978829,2019-09-06 18:32:25:511,-1.4369,0.9202,9.7948,-0.0058,-0.021,9.8065,0.0021,-0.1408,-0.0171,2.63,-31.44,22.44,51.75,-84.46,-142.24
52.387615,-1.520373,145.82,9.23,3,226.26,20 / 20,978929,2019-09-06 18:32:25:611,-1.6311,-0.0538,10.1089,0.0038,0.0019,9.8066,0.0859,-0.1303,-0.0268,1.81,-31.56,21.94,47.77,-84.37,-143.62
52.387615,-1.520373,145.82,9.23,3,226.26,20 / 20,979028,2019-09-06 18:32:25:710,-1.1133,0.9704,9.7343,-0.0127,-0.0248,9.8065,-0.1042,-0.1007,-0.0077,2.88,-31.62,22.19,49.79,-84.36,-144.34
52.387615,-1.520373,145.82,9.23,3,226.26,20 / 20,979129,2019-09-06 18:32:25:811,-1.7952,0.0136,10.5113,-0.0049,-0.0219,9.8066,-0.0733,-0.0991,0.0217,2.13,-31.69,21.81,47.31,-84.3,-144.11
52.387615,-1.520373,145.82,9.23,3,226.26,20 / 20,979229,2019-09-06 18:32:25:911,-1.0735,2.1292,10.3965,0.0078,0.0084,9.8066,0.0604,-0.1036,-0.0544,2.81,-31.06,21.75,49.8,-84.52,-143.96
52.387615,-1.520373,145.82,9.23,3,226.26,20 / 20,979328,2019-09-06 18:32:26:010,-1.5844,0.1004,9.5445,0.0137,-0.0111,9.8066,0.0917,-0.0978,0.006,3,-31.37,21.06,48.07,-84.48,-146.21
52.387615,-1.520373,145.82,9.23,3,226.26,21 / 21,979429,2019-09-06 18:32:26:111,-1.1554,0.3442,9.3407,-0.0159,-0.0105,9.8066,0.0126,-0.1058,0.0387,3.06,-31.75,21.31,46.43,-84.24,-148.15
52.387615,-1.520373,145.82,9.23,3,226.26,21 / 21,979529,2019-09-06 18:32:26:211,-0.9241,0.2446,9.5688,0.0052,0.0039,9.8066,-0.0209,-0.1205,-0.0112,3.13,-31.5,20.56,46.39,-84.2,-148.04
52.387615,-1.520373,145.82,9.23,3,226.26,21 / 21,979628,2019-09-06 18:32:26:310,-1.488,0.4387,10.209,0.0013,0.0327,9.8065,0.0466,-0.0768,-0.029,3,-31.44,21.19,46.85,-84.24,-147.58
52.387615,-1.520373,145.82,9.23,3,226.26,21 / 21,979729,2019-09-06 18:32:26:411,-1.1692,-0.3366,10.0649,0.0101,0.0284,9.8065,-0.0208,-0.0399,-0.0349,3.38,-31.81,20.81,48.31,-84.48,-146.19
52.387615,-1.520373,145.82,9.23,3,226.26,21 / 21,979828,2019-09-06 18:32:26:510,-2.1863,-0.8563,9.749,-0.0117,-0.0336,9.8065,0.1357,-0.1646,0.1208,3.31,-31.5,20.5,47.03,-84.32,-147.33
52.387615,-1.520373,145.82,9.23,3,226.26,21 / 21,979929,2019-09-06 18:32:26:611,-0.745,-0.3924,10.222,-0.033,-0.0126,9.8065,-0.1316,-0.0912,-0.0578,3,-31.94,20.19,50.38,-84.05,-145.59
52.387615,-1.520373,145.82,9.23,3,226.26,21 / 21,980028,2019-09-06 18:32:26:710,-0.7313,0.1407,10.2092,-0.0041,-0.0012,9.8065,-0.0254,-0.1115,0.0432,3.31,-31.06,19.88,49.75,-84.08,-145.89
52.387615,-1.520373,145.82,9.23,3,226.26,21 / 21,980129,2019-09-06 18:32:26:811,-0.9786,-1.0411,10.2308,-0.0118,0.0189,9.8066,0.0411,-0.1466,0.0504,2.75,-32.12,19.81,51.89,-84,-144.3
52.387615,-1.520373,145.82,9.23,3,226.26,21 / 21,980228,2019-09-06 18:32:26:910,-1.4134,0.7166,9.9559,-0.0173,0.0214,9.8065,-0.0063,-0.0706,-0.0012,3,-31.44,19.56,55.83,-83.73,-140.85
52.387615,-1.520373,145.82,9.23,3,226.26,21 / 21,980329,2019-09-06 18:32:27:011,-1.8775,1.0468,9.778,0.0308,0.0263,9.8065,0.0729,-0.1854,0.0196,2.88,-31.5,19,57.07,-83.96,-140.27
52.387615,-1.520373,145.82,9.23,3,226.26,20 / 20,980428,2019-09-06 18:32:27:110,0.66,1.231,10.6476,0.0012,-0.0122,9.8066,0.041,-0.1202,0.0815,3.63,-31.94,19.31,59.02,-84.05,-141.46
52.387615,-1.520373,145.82,9.23,3,226.26,20 / 20,980529,2019-09-06 18:32:27:211,-0.824,1.561,10.1989,-0.0133,0.0042,9.8066,0.026,0.0458,-0.0589,3.31,-31.81,19,57.35,-84.05,-140.14
52.387615,-1.520373,145.82,9.23,3,226.26,20 / 20,980628,2019-09-06 18:32:27:310,1.1364,1.4741,12.4245,-0.0191,-0.045,9.8064,0.1422,0.0192,-0.0172,3.63,-31.31,19.5,57.63,-83.94,-141.65
52.387615,-1.520373,145.82,9.23,3,226.26,20 / 20,980728,2019-09-06 18:32:27:410,5.4233,1.7434,12.5192,0.006,0.0027,9.8066,0.1022,-0.0146,-0.1719,3.25,-30.62,19.5,50.76,-83.39,-145.85
52.387615,-1.520373,145.82,9.23,3,226.26,20 / 20,980829,2019-09-06 18:32:27:511,-2.546,-4.3392,9.406,-0.0819,-0.0763,9.806,0.226,-0.0472,0.2658,3,-31,20.44,50.3,-81.97,-148.04
52.387615,-1.520373,145.82,9.23,3,226.26,20 / 20,980929,2019-09-06 18:32:27:611,-2.9924,0.6919,9.5128,-0.044,0.0508,9.8064,-0.4937,0.0795,-0.1347,2.69,-31.12,20.06,55.71,-81.58,-143.87
52.387615,-1.520373,145.82,9.23,3,226.26,20 / 20,981028,2019-09-06 18:32:27:710,0.1534,-6.534,3.0591,0.0406,0.0916,9.806,-0.602,-0.2329,0.1741,2.56,-31.87,18.5,64.23,-83.43,-134.82
52.387615,-1.520373,145.82,9.23,3,226.26,20 / 20,981129,2019-09-06 18:32:27:811,-1.2568,1.3207,11.2789,0.0301,0.1969,9.8046,-0.3176,-0.0109,0.0635,2.44,-32.37,16.38,81.82,-84.27,-116.71
52.387615,-1.520373,145.82,9.23,3,226.26,20 / 20,981229,2019-09-06 18:32:27:911,-0.4556,4.3824,13.7609,0.0342,0.002,9.8066,0.3999,0.1102,-0.3389,3.38,-32.44,16.19,92.4,-84.48,-109.14
52.387615,-1.520373,145.82,9.23,3,226.26,20 / 20,981329,2019-09-06 18:32:28:011,-0.9297,-1.7878,12.159,0.0306,-0.0802,9.8062,0.8712,-0.1303,0.0957,3.13,-31.75,17.56,73.97,-84.89,-124.21
52.387615,-1.520373,145.82,9.23,3,226.26,20 / 20,981428,2019-09-06 18:32:28:110,-0.4284,-6.9856,11.0143,-0.0802,-0.2113,9.804,0.2289,-0.113,-0.0438,3.44,-31.44,18.88,50.65,-82.57,-147.87
52.387615,-1.520373,145.82,9.23,3,226.26,20 / 20,981529,2019-09-06 18:32:28:211,-0.417,-0.8678,9.5392,0.0007,-0.0207,9.8066,-0.333,-0.0409,0.0796,3.38,-31.62,18.63,51.94,-82.36,-147.36
52.387615,-1.520373,145.82,9.23,3,226.26,20 / 20,981628,2019-09-06 18:32:28:310,-0.3431,1.0361,9.0021,0.0312,0.0575,9.8064,-0.378,-0.1211,0.0154,3.44,-32.06,17.69,58.85,-83.17,-141.12
52.387615,-1.520373,145.82,9.23,3,226.26,20 / 20,981730,2019-09-06 18:32:28:412,0.297,1.5845,8.9651,0.0178,-0.0241,9.8066,-0.2166,0.0103,-0.0791,3.25,-32,16.63,62.09,-83.98,-137.98
52.387615,-1.520373,145.82,9.23,3,226.26,20 / 20,981829,2019-09-06 18:32:28:511,0.688,1.1665,9.6948,0.0003,-0.0163,9.8066,0.2846,-0.0653,0.0139,2.94,-31.31,17.38,58.58,-83.97,-140.88
52.387615,-1.520373,145.82,9.23,3,226.26,20 / 20,981929,2019-09-06 18:32:28:611,-1.6214,-1.4613,9.7149,-0.0106,-0.0412,9.8065,0.2395,-0.1214,0.0262,3.19,-31.69,18.25,53.9,-83.39,-145.17
52.387615,-1.520373,145.82,9.23,3,226.26,20 / 20,982029,2019-09-06 18:32:28:711,-0.9647,-1.598,10.299,-0.011,-0.0376,9.8065,-0.0711,0.0035,0.0316,3.06,-31.69,18.44,51.42,-82.68,-148.39
52.387615,-1.520373,145.82,9.23,3,226.26,20 / 20,982129,2019-09-06 18:32:28:811,-1.2132,-0.9934,10.2452,-0.0075,0.0046,9.8066,-0.0882,-0.0443,0.0658,3.19,-32.44,18,52.79,-82.9,-146.88
52.387615,-1.520373,145.82,9.23,3,226.26,20 / 20,982228,2019-09-06 18:32:28:910,-1.8378,0.3232,9.5407,0.0159,0.0432,9.8065,-0.0685,-0.1221,0.0331,3.06,-32.31,17,57.64,-83.2,-143.28
52.387615,-1.520373,145.82,9.23,3,226.26,20 / 20,982329,2019-09-06 18:32:29:011,0.2972,2.994,8.9204,0.0034,-0.0072,9.8066,-0.1027,-0.0563,-0.1018,3.25,-32,17.31,58.86,-83.56,-141.62
52.387615,-1.520373,145.82,9.23,3,226.26,20 / 20,982429,2019-09-06 18:32:29:111,-0.0609,-0.2888,9.7306,0.0148,-0.0004,9.8066,0.208,-0.0197,-0.0661,3.75,-31.31,17.44,58.69,-83.69,-144.34
52.387615,-1.520373,145.82,9.23,3,226.26,20 / 20,982528,2019-09-06 18:32:29:210,0.3742,-1.2952,9.3897,0.0233,-0.006,9.8065,-0.0862,-0.1174,-0.0147,3.63,-32.37,17.31,56.37,-83.51,-147.02
52.387615,-1.520373,145.82,9.23,3,226.26,20 / 20,982628,2019-09-06 18:32:29:310,-1.1372,-1.0536,9.8928,0.0096,-0.0456,9.8065,-0.0982,0.0343,-0.0756,4.13,-31.31,16.94,51.88,-83.32,-150.95
52.387615,-1.520373,145.82,9.23,3,226.26,20 / 20,982729,2019-09-06 18:32:29:411,-0.7146,-0.473,9.8498,-0.0048,-0.0221,9.8065,-0.1188,-0.0147,-0.0005,4.31,-31.44,16.81,50.14,-83.51,-152.18
52.387615,-1.520373,145.82,9.23,3,226.26,20 / 20,982829,2019-09-06 18:32:29:511,-0.3608,-0.1404,9.8168,0.0187,0.0228,9.8066,0.015,-0.0684,-0.0671,4.88,-31.81,16.56,52.25,-83.73,-153.32
52.387615,-1.520373,145.82,9.23,3,226.26,20 / 20,982929,2019-09-06 18:32:29:611,0.8181,-1.6537,9.3133,0.0335,0.0091,9.8066,-0.001,-0.1679,0.0493,4.75,-30.87,16.06,51.54,-83.92,-154.83
52.387615,-1.520373,145.82,9.23,3,226.26,20 / 20,983029,2019-09-06 18:32:29:711,-1.5495,-1.8548,9.0423,-0.0039,-0.0161,9.8066,-0.0539,-0.0103,0.0034,5.13,-31.31,16.25,50.26,-83.77,-156.18
52.387615,-1.520373,145.82,9.23,3,226.26,20 / 20,983128,2019-09-06 18:32:29:810,-0.6929,-0.3046,9.9321,-0.0148,-0.0076,9.8066,-0.0783,-0.1117,0.0163,4.19,-30.75,15.69,47.43,-83.76,-155.46
52.387615,-1.520373,145.82,9.23,3,226.26,20 / 20,983228,2019-09-06 18:32:29:910,-1.4374,0.0254,9.4954,0.0325,0.0285,9.8065,0.0507,-0.0717,0.071,4.19,-31.69,15.63,48.45,-84.01,-154.48
52.387615,-1.520373,145.82,9.23,3,226.26,20 / 20,983329,2019-09-06 18:32:30:011,-1.1058,-0.8253,9.9739,-0.0119,0.0127,9.8066,0.1488,0.0313,-0.0412,4.88,-31.56,15.56,52.38,-83.92,-154.38
52.38736,-1.52139,144.09,10.22,6,270.5,20 / 21,983430,2019-09-06 18:32:30:112,-0.8505,1.9272,10.0721,0.0207,0.011,9.8066,0.1003,-0.0796,0.0776,4.5,-31.5,14.88,53.27,-83.84,-155.07
52.38736,-1.52139,144.09,10.22,6,270.5,20 / 21,983528,2019-09-06 18:32:30:210,-0.6356,-0.5858,10.4182,0.0007,-0.0079,9.8066,0.0247,-0.0047,0.0153,4.56,-31.62,15.88,51.03,-83.73,-155.86
52.38736,-1.52139,144.09,10.22,6,270.5,20 / 21,983629,2019-09-06 18:32:30:311,-0.7555,-0.8525,9.5483,-0.0008,-0.0117,9.8066,-0.004,-0.1085,0.0516,4.63,-31.12,15.94,49.76,-83.62,-156.83
52.38736,-1.52139,144.09,10.22,6,270.5,20 / 21,983729,2019-09-06 18:32:30:411,-1.0598,-0.7335,9.734,0.001,0.0148,9.8066,-0.0099,-0.0389,0.034,4.63,-31.19,15.56,50.54,-83.57,-156.22
52.38736,-1.52139,144.09,10.22,6,270.5,20 / 21,983829,2019-09-06 18:32:30:511,-0.9832,0.0871,9.8909,-0.008,0.0097,9.8066,-0.0108,-0.0626,0.0436,4.56,-32.06,15.94,52.72,-83.66,-154.49
52.38736,-1.52139,144.09,10.22,6,270.5,20 / 21,983929,2019-09-06 18:32:30:611,-0.5981,0.2941,9.8793,-0.0158,-0.0083,9.8065,-0.0387,-0.0742,0.0258,4.63,-31.75,15.69,54.69,-83.65,-152.79
52.38736,-1.52139,144.09,10.22,6,270.5,20 / 21,984029,2019-09-06 18:32:30:711,-1.1002,-0.2922,9.5456,-0.0119,-0.002,9.8066,0.001,-0.0146,0.0278,4.31,-31.56,15.13,54.08,-83.62,-151.76
52.38736,-1.52139,144.09,10.22,6,270.5,20 / 21,984128,2019-09-06 18:32:30:810,-0.5122,0.4391,9.8423,-0.0044,0.0089,9.8066,0.0333,-0.0576,0.0183,4.31,-31.25,14.81,54.56,-83.59,-151.06
52.38736,-1.52139,144.09,10.22,6,270.5,20 / 21,984229,2019-09-06 18:32:30:911,-1.3042,-0.889,9.8167,0.0137,0.0228,9.8066,0.0177,0.0152,-0.0564,4.75,-31.12,15.06,58.82,-83.64,-150.53
52.38736,-1.52139,144.09,10.22,6,270.5,20 / 21,984329,2019-09-06 18:32:31:011,0.0134,-0.4469,9.8821,-0.0095,-0.006,9.8066,-0.0585,-0.0799,0.0428,4.38,-31.62,14.38,56.59,-83.66,-151.26
52.38736,-1.52139,144.09,10.22,6,270.5,20 / 21,984429,2019-09-06 18:32:31:111,-0.2938,-0.004,9.1521,-0.0059,0.0016,9.8066,0.0271,-0.0174,-0.0284,5.13,-31.44,14.81,59.15,-83.6,-150.32
52.38736,-1.52139,144.09,10.22,6,270.5,20 / 21,984529,2019-09-06 18:32:31:211,-0.581,0.2044,9.8335,0.0024,0.0126,9.8066,0.0395,-0.048,0.0437,4.81,-31.62,14.25,61.81,-83.64,-150.18
52.38736,-1.52139,144.09,10.22,6,270.5,20 / 21,984628,2019-09-06 18:32:31:310,-0.7898,-0.7056,9.3215,0.0115,0.0316,9.8065,0.035,-0.0457,0.0012,5,-31.94,14.31,62.94,-83.68,-149.11
52.38736,-1.52139,144.09,10.22,6,270.5,20 / 21,984729,2019-09-06 18:32:31:411,-0.6606,0.3532,10.1677,-0.0031,0.0308,9.8065,0.0086,-0.088,0.0608,5,-31.06,14.13,64.88,-83.77,-146.79
52.38736,-1.52139,144.09,10.22,6,270.5,20 / 21,984828,2019-09-06 18:32:31:510,-1.2005,-1.4443,10.077,-0.0013,0.0324,9.8065,0.0499,-0.0102,-0.0203,4.5,-31.44,14,67.44,-83.78,-144.45
52.38736,-1.52139,144.09,10.22,6,270.5,20 / 21,984928,2019-09-06 18:32:31:610,0.3803,-0.8227,10.3705,-0.0239,-0.0078,9.8065,0.0254,-0.0449,0.0362,4.88,-32.06,14.31,68.08,-83.69,-144.45
52.38736,-1.52139,144.09,10.22,6,270.5,20 / 21,985029,2019-09-06 18:32:31:711,-1.1746,-1.5942,9.9279,-0.0129,-0.0078,9.8066,0.0513,-0.0252,0.0176,4.88,-31.94,14.31,69.44,-83.4,-143.82
52.38736,-1.52139,144.09,10.22,6,270.5,20 / 21,985129,2019-09-06 18:32:31:811,1.4387,1.2998,9.7246,-0.0134,-0.0004,9.8066,-0.0909,0.0099,-0.0068,4.88,-31.87,13.63,70.23,-83.29,-143.32
52.38736,-1.52139,144.09,10.22,6,270.5,20 / 21,985228,2019-09-06 18:32:31:910,-0.3756,1.2485,10.0843,-0.0068,0.0064,9.8066,-0.0948,-0.0912,-0.011,4,-32.81,13.5,68.19,-83.32,-142.15
52.38736,-1.52139,144.09,10.22,6,270.5,20 / 21,985329,2019-09-06 18:32:32:011,0.1898,0.6432,9.3184,-0.0055,-0.0097,9.8065,-0.0149,-0.0353,0.0268,4.19,-32.44,13.56,67.88,-83.26,-142.13
52.38736,-1.52139,144.09,10.22,6,270.5,20 / 21,985428,2019-09-06 18:32:32:110,0.0817,1.0034,9.2507,-0.0259,-0.037,9.8064,-0.0416,-0.0479,0.004,3.63,-32.5,13.75,67.91,-83.07,-142.48
52.38736,-1.52139,144.09,10.22,6,270.5,20 / 21,985529,2019-09-06 18:32:32:211,0.1482,-0.8591,9.6411,0.0206,0.0255,9.8066,-0.0848,-0.0493,0.04,3.44,-32.31,13.25,65.08,-82.96,-143.64
52.38736,-1.52139,144.09,10.22,6,270.5,20 / 21,985628,2019-09-06 18:32:32:310,2.4271,1.8094,8.2879,0.0086,0.0525,9.8064,-0.2026,-0.066,-0.0283,3.31,-32.62,13.56,66.45,-83.25,-140.27
52.38736,-1.52139,144.09,10.22,6,270.5,20 / 21,985729,2019-09-06 18:32:32:411,0.2059,1.1075,11.4956,0.0451,0.0568,9.8064,0.4524,-0.0061,0.0206,3.94,-32.75,12.88,74.88,-83.59,-137.57
52.38736,-1.52139,144.09,10.22,6,270.5,20 / 21,985829,2019-09-06 18:32:32:511,1.8279,0.9534,11.2521,0.0398,0.0799,9.8062,0.208,0.1041,0.0101,3.75,-32.12,12.94,74.99,-83.57,-137.04
52.38736,-1.52139,144.09,10.22,6,270.5,20 / 21,985929,2019-09-06 18:32:32:611,-1.9752,2.6077,10.045,-0.0479,-0.0132,9.8064,0.3128,0.0925,-0.0417,3.38,-32.44,13.44,69.67,-82.89,-139.74
52.38736,-1.52139,144.09,10.22,6,270.5,20 / 21,986029,2019-09-06 18:32:32:711,-0.2237,-1.2872,10.3264,0.0127,0.0427,9.8065,-0.1593,-0.1924,0.0942,3.25,-32.62,12.31,73.54,-82.79,-139.5
52.38736,-1.52139,144.09,10.22,6,270.5,20 / 21,986128,2019-09-06 18:32:32:810,-0.6331,2.7185,9.8976,-0.011,-0.0047,9.8065,-0.0959,-0.1149,0.0768,3.19,-33.19,12.69,71.1,-82.58,-139.77
52.38736,-1.52139,144.09,10.22,6,270.5,20 / 21,986228,2019-09-06 18:32:32:910,1.4032,1.0741,9.2563,-0.0226,-0.0055,9.8066,-0.1027,0.0555,-0.1306,2.75,-32.56,12.88,72.71,-82.53,-138.44
52.38736,-1.52139,144.09,10.22,6,270.5,20 / 21,986329,2019-09-06 18:32:33:011,1.4777,2.1739,8.8893,0.0165,0.0267,9.8065,-0.0459,-0.1031,0.0053,2.06,-32.75,11.94,71.13,-82.82,-137.31
52.38736,-1.52139,144.09,10.22,6,270.5,20 / 21,986428,2019-09-06 18:32:33:110,0.5862,0.7856,9.6241,0.0076,0.002,9.8066,-0.1194,-0.0787,0.0456,2.75,-33.25,12.75,73.53,-82.88,-136.81
52.38736,-1.52139,144.09,10.22,6,270.5,20 / 21,986529,2019-09-06 18:32:33:211,2.1525,0.2303,9.284,-0.0077,-0.0087,9.8066,-0.0062,0.0896,-0.0965,2.81,-32.19,12.19,75.89,-82.89,-136.48
52.38736,-1.52139,144.09,10.22,6,270.5,20 / 21,986629,2019-09-06 18:32:33:311,-0.0282,2.9599,9.6258,0.0058,-0.0149,9.8066,-0.0107,-0.1642,0.0847,2.75,-32.69,12.06,74.76,-83,-137.81
52.38736,-1.52139,144.09,10.22,6,270.5,20 / 21,986729,2019-09-06 18:32:33:411,1.4878,1.5646,8.9394,0.0283,-0.0094,9.8065,-0.0505,-0.202,0.133,3.75,-31.56,12.63,75.62,-82.87,-138.14
52.38736,-1.52139,144.09,10.22,6,270.5,20 / 21,986829,2019-09-06 18:32:33:511,1.6398,1.8155,9.739,-0.0079,0.0134,9.8066,-0.0253,0.0636,-0.0387,3.19,-32.75,11.81,74.54,-82.95,-138.14
52.38736,-1.52139,144.09,10.22,6,270.5,20 / 21,986928,2019-09-06 18:32:33:610,2.7506,0.6341,9.4663,-0.0228,0.0039,9.8066,0.0274,0.0909,-0.1482,3.13,-32.37,11.56,74.54,-82.87,-137.77
52.38736,-1.52139,144.09,10.22,6,270.5,20 / 21,987029,2019-09-06 18:32:33:711,0.0541,2.8855,9.662,-0.0128,-0.0167,9.8066,0.0722,-0.1361,0.0549,3.31,-32.56,11.56,75.22,-82.86,-137.76
52.38736,-1.52139,144.09,10.22,6,270.5,20 / 21,987129,2019-09-06 18:32:33:811,1.0432,-0.807,9.4743,0.0198,-0.0135,9.8066,-0.1218,-0.1202,0.1165,3.19,-32.69,11.25,77.74,-82.98,-137.98
52.38736,-1.52139,144.09,10.22,6,270.5,20 / 21,987229,2019-09-06 18:32:33:911,1.8222,1.7576,10.32,-0.0076,0.0008,9.8066,0.129,-0.1437,-0.0284,3,-32.06,10.56,77.56,-83.01,-137.42
52.38736,-1.52139,144.09,10.22,6,270.5,20 / 21,987329,2019-09-06 18:32:34:011,-0.1487,2.9726,10.3872,-0.0108,-0.009,9.8066,0.0575,-0.0669,-0.0274,2.88,-32.75,11.25,79.74,-82.82,-136.63
52.38736,-1.52139,144.09,10.22,6,270.5,20 / 21,987428,2019-09-06 18:32:34:110,-0.1005,1.4145,9.7847,-0.0186,-0.0325,9.8066,0.0104,-0.1038,0.0853,2.81,-32.75,11.44,78.29,-82.68,-138.4
52.38736,-1.52139,144.09,10.22,6,270.5,20 / 21,987528,2019-09-06 18:32:34:210,1.3897,2.2804,9.6828,-0.0048,0.0235,9.8065,-0.0515,-0.1317,-0.0969,2.38,-33.31,11.13,75.02,-82.57,-137.23
52.38736,-1.52139,144.09,10.22,6,270.5,20 / 21,987629,2019-09-06 18:32:34:311,1.3774,2.3309,9.6218,0.0146,0.0219,9.8066,-0.0223,-0.1612,0.092,2.75,-33.19,11,80.63,-82.7,-136.15
52.38736,-1.52139,144.09,10.22,6,270.5,20 / 21,987728,2019-09-06 18:32:34:410,0.0536,1.2783,9.7826,0.0142,0.0174,9.8066,-0.0968,-0.0338,-0.0805,2.38,-32.44,10.88,76.56,-82.88,-134.17
52.38736,-1.52139,144.09,10.22,6,270.5,20 / 21,987829,2019-09-06 18:32:34:511,2.251,0.6232,9.2037,0.0114,-0.001,9.8066,-0.0771,0.0087,0.0356,2.75,-32.12,10.5,80.42,-82.96,-134.9
52.38736,-1.52139,144.09,10.22,6,270.5,20 / 21,987929,2019-09-06 18:32:34:611,0.2373,0.7142,9.1502,-0.009,-0.0142,9.8066,0.0257,-0.0586,-0.0243,2.56,-32.37,11.56,76.61,-82.86,-135.9
52.38736,-1.52139,144.09,10.22,6,270.5,20 / 21,988028,2019-09-06 18:32:34:710,-0.3541,0.4558,9.5415,-0.007,-0.0165,9.8066,-0.0131,-0.1302,0.0435,3.25,-32.81,10.69,79.25,-82.68,-137.5
52.38736,-1.52139,144.09,10.22,6,270.5,20 / 21,988128,2019-09-06 18:32:34:810,-0.4445,0.3211,10.1242,0.0018,0.0007,9.8066,0.0874,-0.1129,-0.0067,2.38,-32.31,10.69,74.02,-82.53,-137.54
52.38736,-1.52139,144.09,10.22,6,270.5,20 / 21,988228,2019-09-06 18:32:34:910,0.2879,1.0582,9.7819,-0.0049,-0.0209,9.8066,0.0382,-0.0881,0.0304,3.13,-32.81,11,78.61,-82.44,-138.85
52.38736,-1.52139,144.09,10.22,6,270.5,20 / 21,988328,2019-09-06 18:32:35:010,1.9137,-3.0976,13.5364,-0.0503,-0.0462,9.8063,-0.202,-0.1278,0.1532,3,-32.37,10.88,76.34,-81.83,-142.07
52.38736,-1.52139,144.09,10.22,6,270.5,20 / 21,988429,2019-09-06 18:32:35:111,0.8492,-0.038,7.5449,-0.1673,-0.1298,9.8043,-0.2421,-0.0785,0.1709,2.69,-32.56,11.25,80.56,-80.72,-142.64
52.38736,-1.52139,144.09,10.22,6,270.5,20 / 21,988529,2019-09-06 18:32:35:211,-1.5178,1.8763,6.2892,0.0073,0.0271,9.8065,-0.1681,0.0204,-0.0609,1.81,-32.69,11.69,73.26,-80.24,-142.95
52.38736,-1.52139,144.09,10.22,6,270.5,20 / 21,988629,2019-09-06 18:32:35:311,0.0719,-1.4449,5.5752,0.0122,0.0068,9.8065,-0.6856,-0.0421,0.0813,1.81,-33.62,10.19,82.78,-80.55,-142.03
52.38736,-1.52139,144.09,10.22,6,270.5,20 / 21,988728,2019-09-06 18:32:35:410,1.5499,2.9642,7.3497,0.1581,0.1582,9.804,-0.3945,-0.0673,-0.0002,1.81,-33.12,8.25,99.03,-82.6,-125.81
52.38736,-1.52139,144.09,10.22,6,270.5,20 / 21,988829,2019-09-06 18:32:35:511,1.3564,2.6732,10.546,0.1156,0.1015,9.8054,-0.4241,-0.1471,-0.0724,1.63,-32.87,7.13,108.96,-83.51,-116.04
52.38736,-1.52139,144.09,10.22,6,270.5,20 / 21,988929,2019-09-06 18:32:35:611,2.36,0.4827,12.6595,0.0378,-0.017,9.8065,0.3397,-0.0581,-0.1,2.06,-32.87,6.88,108.36,-84.28,-113.03
52.38736,-1.52139,144.09,10.22,6,270.5,20 / 21,989029,2019-09-06 18:32:35:711,2.2671,0.1063,11.6493,-0.0487,-0.0566,9.8064,0.598,0.1494,0.036,3,-31.81,8.88,95.43,-83.8,-124.38
52.38736,-1.52139,144.09,10.22,6,270.5,20 / 21,989128,2019-09-06 18:32:35:810,-1.1469,-2.0712,8.6041,-0.1064,-0.0916,9.8055,0.2319,-0.0476,0.0596,2.81,-31.81,10.31,82.58,-82.47,-137.89
52.38736,-1.52139,144.09,10.22,6,270.5,20 / 21,989228,2019-09-06 18:32:35:910,-0.9367,-1.0934,9.5676,-0.0024,0.0247,9.8066,0.0319,-0.0781,-0.0338,1.63,-32.81,9.88,78.77,-81.34,-141.56
52.38736,-1.52139,144.09,10.22,6,270.5,20 / 21,989329,2019-09-06 18:32:36:011,-0.2186,-0.0272,9.9962,0.0394,0.0437,9.8064,-0.1541,-0.1574,-0.0075,1.94,-32.25,8.63,85.77,-81.97,-136.03
52.38736,-1.52139,144.09,10.22,6,270.5,20 / 20,989430,2019-09-06 18:32:36:112,1.2264,1.0136,9.5608,0.0412,0.0259,9.8065,-0.0449,-0.0579,-0.0049,1.44,-33.06,7.31,93.44,-82.51,-132.41
52.38736,-1.52139,144.09,10.22,6,270.5,20 / 20,989528,2019-09-06 18:32:36:210,0.5031,0.5693,9.1837,-0.0155,-0.032,9.8066,-0.0164,-0.0481,0.0143,1.19,-33.19,7.19,90.93,-82.68,-133.99
52.38736,-1.52139,144.09,10.22,6,270.5,20 / 20,989629,2019-09-06 18:32:36:311,0.0648,-0.0604,9.5255,-0.046,-0.0554,9.8063,0.0198,-0.1082,-0.0192,1.06,-33.44,7.94,83.24,-82.31,-137.24
52.38736,-1.52139,144.09,10.22,6,270.5,20 / 20,989729,2019-09-06 18:32:36:411,0.378,-0.3357,10.053,-0.0143,-0.0028,9.8065,0.0372,-0.0576,-0.0862,1.25,-33.31,8.44,83.37,-81.91,-139.12
52.38736,-1.52139,144.09,10.22,6,270.5,20 / 20,989828,2019-09-06 18:32:36:510,-1.8586,-0.0428,10.3863,0.0298,0.0066,9.8065,-0.0145,-0.1771,0.1021,0.31,-33.44,8.63,69.32,-81.89,-140.08
52.38736,-1.52139,144.09,10.22,6,270.5,20 / 20,989929,2019-09-06 18:32:36:611,-0.7965,-0.5858,9.9583,0.0211,0.0136,9.8065,-0.0662,-0.0851,-0.0304,1.38,-32.94,9.06,76.28,-82.11,-139.54
52.38736,-1.52139,144.09,10.22,6,270.5,20 / 20,990028,2019-09-06 18:32:36:710,-1.052,-0.9009,9.6792,0.0244,0.0159,9.8065,0.0261,-0.0515,-0.0848,0.88,-34.12,8,81.69,-82.39,-139.39
52.38736,-1.52139,144.09,10.22,6,270.5,20 / 20,990128,2019-09-06 18:32:36:810,-0.7671,1.3333,9.8025,0.0037,-0.0157,9.8066,-0.0297,-0.032,0.0187,1.25,-32.87,7.81,78.62,-82.52,-140.37
52.38736,-1.52139,144.09,10.22,6,270.5,20 / 20,990229,2019-09-06 18:32:36:911,-0.2146,-1.1117,9.9511,-0.0048,-0.0261,9.8065,-0.0191,-0.0514,-0.0492,1.31,-33.87,9.06,72.37,-82.57,-141.9
52.38736,-1.52139,144.09,10.22,6,270.5,20 / 20,990329,2019-09-06 18:32:37:011,-1.3303,-0.0355,9.8324,0.0271,-0.0107,9.8066,0.0276,-0.0651,0.0384,2.5,-32.5,8.25,85.95,-82.53,-143.97
52.38736,-1.52139,144.09,10.22,6,270.5,20 / 20,990428,2019-09-06 18:32:37:110,-0.0839,0.0147,8.6009,0.0023,0.0151,9.8065,-0.0863,0.0127,-0.1181,2.06,-33.25,7.5,79.56,-82.68,-144.9
52.38736,-1.52139,144.09,10.22,6,270.5,20 / 20,990529,2019-09-06 18:32:37:211,1.4772,-1.6923,8.8758,0.0663,0.04,9.8062,-0.1151,-0.0823,0.1358,1.88,-33,7.31,83.11,-83.2,-145.33
52.38736,-1.52139,144.09,10.22,6,270.5,20 / 20,990629,2019-09-06 18:32:37:311,-0.4331,0.3003,9.685,0.0173,0.0122,9.8066,-0.2846,-0.0742,-0.0937,1.25,-32.81,7.19,77.12,-83.09,-144.54
52.38736,-1.52139,144.09,10.22,6,270.5,20 / 20,990729,2019-09-06 18:32:37:411,-0.13,-0.3978,10.9805,0.0378,0.0065,9.8065,0.3767,-0.1319,0.0585,2.19,-32.37,8.13,74.21,-83.29,-145.96
52.38736,-1.52139,144.09,10.22,6,270.5,20 / 20,990830,2019-09-06 18:32:37:512,-1.4855,-2.4355,9.9984,0.0478,0.0553,9.8064,-0.0746,-0.0614,-0.0219,2.13,-32.56,8.06,74.93,-83.14,-146.89
52.38736,-1.52139,144.09,10.22,6,270.5,20 / 20,990928,2019-09-06 18:32:37:610,0.6721,1.4225,10.5148,-0.0048,-0.0305,9.8065,0.0589,-0.0567,-0.0009,2.38,-31.19,8,73.1,-83.01,-147.23
52.38736,-1.52139,144.09,10.22,6,270.5,20 / 20,991029,2019-09-06 18:32:37:711,-1.6607,-1.211,10.2441,0.0146,0.0105,9.8066,0.1373,-0.0498,-0.045,2.75,-32.37,7.44,85.2,-83.16,-148.16
52.38736,-1.52139,144.09,10.22,6,270.5,20 / 20,991129,2019-09-06 18:32:37:811,-0.4829,-1.9012,10.3216,0.0007,-0.0469,9.8065,-0.1078,-0.0411,0.0212,3.13,-31.69,7.94,75.99,-83.24,-150.17
52.38736,-1.52139,144.09,10.22,6,270.5,20 / 20,991228,2019-09-06 18:32:37:910,0.7719,-1.0374,10.5631,-0.056,-0.063,9.8062,-0.2074,-0.0784,0.1362,2.81,-31.69,7.5,74.56,-82.99,-152.47
52.38736,-1.52139,144.09,10.22,6,270.5,20 / 20,991329,2019-09-06 18:32:38:011,-1.5582,-1.164,8.9446,0.0465,0.0624,9.8063,0.1354,-0.1229,-0.1316,2.69,-31.5,7.63,77.2,-82.58,-150.9
52.38736,-1.52139,144.09,10.22,6,270.5,21 / 21,991428,2019-09-06 18:32:38:110,-0.437,-0.6826,8.7778,0.0625,0.0351,9.8064,0.0309,0.1068,-0.0727,3.06,-30.94,7.63,77.59,-82.94,-149.09
52.38736,-1.52139,144.09,10.22,6,270.5,21 / 21,991528,2019-09-06 18:32:38:210,0.63,-0.0889,9.7217,0.0024,0.0132,9.8066,-0.1108,-0.0363,0.1219,2.13,-31.31,7.13,76.71,-83.09,-149.48
52.38736,-1.52139,144.09,10.22,6,270.5,21 / 21,991629,2019-09-06 18:32:38:311,-1.5589,-0.8717,10.466,-0.0293,0.0212,9.8065,0.0252,-0.029,-0.0351,2,-31.81,7.31,81.62,-83.08,-146.23
52.38736,-1.52139,144.09,10.22,6,270.5,21 / 21,991729,2019-09-06 18:32:38:411,-0.0022,-0.1304,9.2513,0.0083,-0.0106,9.8066,0.0317,-0.0249,-0.0018,2.38,-32,7.31,82.22,-83.03,-145.92
52.38736,-1.52139,144.09,10.22,6,270.5,21 / 21,991829,2019-09-06 18:32:38:511,0.5714,-1.6024,9.6371,-0.0146,-0.0259,9.8066,-0.1071,0.0412,-0.0765,2.38,-31.94,7.75,73.95,-82.85,-148.07
52.38736,-1.52139,144.09,10.22,6,270.5,21 / 21,991929,2019-09-06 18:32:38:611,-0.1778,-0.8721,10.4862,0.0024,0.0129,9.8065,-0.0435,0.0045,0.0344,2.88,-31.56,6.94,85.78,-83.03,-148.28
52.38736,-1.52139,144.09,10.22,6,270.5,21 / 21,992028,2019-09-06 18:32:38:710,0.68,1.358,10.6936,-0.0111,-0.0063,9.8066,-0.0517,-0.0379,0.0516,2.69,-32.19,7.63,80.56,-83,-147.04
52.38736,-1.52139,144.09,10.22,6,270.5,21 / 21,992128,2019-09-06 18:32:38:810,-0.8546,-1.3903,10.1729,-0.0207,0.0066,9.8066,-0.0134,0.0348,0.0726,2.5,-31.69,7.63,82.17,-82.87,-146.12
52.38736,-1.52139,144.09,10.22,6,270.5,21 / 21,992229,2019-09-06 18:32:38:911,0.3654,-1.5811,9.4864,-0.0242,0.0114,9.8065,-0.0177,-0.0116,0.0524,2.31,-32.25,7.69,78.85,-82.56,-145.11
52.38736,-1.52139,144.09,10.22,6,270.5,21 / 21,992329,2019-09-06 18:32:39:011,-0.0461,0.4336,9.4143,-0.0298,0.0315,9.8065,0.0225,-0.0181,0.0797,2.38,-31.31,7.06,90.93,-82.05,-141.47
52.387516,-1.522788,141.29,10.71,4,295.69,21 / 21,992428,2019-09-06 18:32:39:110,-0.7887,-0.8383,9.431,-0.0032,0.0463,9.8065,-0.1498,0.0375,0.0433,1.81,-31.69,6.94,94.26,-82.03,-139.52
52.387516,-1.522788,141.29,10.71,4,295.69,21 / 21,992529,2019-09-06 18:32:39:211,-0.1047,2.2153,10.7425,0.0126,0.0419,9.8064,0.1185,0.0411,-0.0173,0.69,-32.5,5.81,100.39,-82,-135.64
52.387516,-1.522788,141.29,10.71,4,295.69,21 / 21,992628,2019-09-06 18:32:39:310,-0.9766,1.5677,11.8636,-0.0357,-0.058,9.8063,0.1646,0.2033,-0.0681,0.81,-34.19,6.19,104.2,-81.5,-139.16
52.387516,-1.522788,141.29,10.71,4,295.69,21 / 21,992729,2019-09-06 18:32:39:411,4.1711,2.2606,11.4876,-0.0847,-0.1837,9.8045,-0.3038,0.2658,-0.0612,0.69,-34.06,7.69,81.74,-81,-146.84
52.387516,-1.522788,141.29,10.71,4,295.69,21 / 21,992829,2019-09-06 18:32:39:511,-3.6138,-0.8862,10.1389,0.0016,0.0115,9.8066,0.0127,0.1,-0.2711,0.88,-34.31,8.69,72.07,-80.98,-148.99
52.387516,-1.522788,141.29,10.71,4,295.69,21 / 21,992928,2019-09-06 18:32:39:610,-3.6866,1.4477,10.2283,-0.022,-0.0346,9.8065,0.3055,-0.1642,-0.0615,1.75,-33.62,8,82.96,-81.32,-149.79
52.387516,-1.522788,141.29,10.71,4,295.69,21 / 21,993029,2019-09-06 18:32:39:711,3.6987,-4.5509,9.1386,0.0205,0.006,9.8065,-0.4588,-0.3333,0.3069,1.5,-34.12,8,83.08,-82.06,-145.84
52.387516,-1.522788,141.29,10.71,4,295.69,21 / 21,993128,2019-09-06 18:32:39:810,-0.6762,1.3768,10.5339,-0.0811,-0.0292,9.8063,0.0643,-0.0032,-0.0169,1.75,-33.06,8.19,83.3,-82.14,-144.1
52.387516,-1.522788,141.29,10.71,4,295.69,21 / 21,993229,2019-09-06 18:32:39:911,1.2861,-0.6251,10.4212,-0.0656,-0.0604,9.8061,0.0161,-0.0949,0.0297,1.5,-32.62,8.5,80.13,-81.91,-142.56
52.387516,-1.522788,141.29,10.71,4,295.69,21 / 21,993329,2019-09-06 18:32:40:011,-0.6879,0.218,11.071,-0.0034,-0.0215,9.8065,-0.0511,-0.042,0.0852,1.38,-33.31,8.94,75.7,-80.85,-145.45
52.387516,-1.522788,141.29,10.71,4,295.69,21 / 21,993429,2019-09-06 18:32:40:111,-0.5777,0.9401,10.1296,-0.0138,-0.0323,9.8066,-0.1475,-0.0459,-0.045,1.38,-32.69,8.44,81.72,-80.79,-146.53
52.387516,-1.522788,141.29,10.71,4,295.69,21 / 21,993528,2019-09-06 18:32:40:210,0.4425,-0.1877,9.6388,0.0405,-0.0031,9.8065,-0.0077,-0.0532,-0.0326,1.63,-33.37,8.25,85.86,-81.14,-146.71
52.387516,-1.522788,141.29,10.71,4,295.69,21 / 21,993629,2019-09-06 18:32:40:311,0.7849,-0.435,9.3681,0.0184,0.008,9.8065,0.0011,0.0168,-0.0505,1.63,-32.75,7.69,82.92,-81.63,-146.92
52.387516,-1.522788,141.29,10.71,4,295.69,21 / 21,993728,2019-09-06 18:32:40:410,0.9833,-0.1287,9.2147,-0.0105,-0.0045,9.8066,-0.0589,0.0319,0.0135,1.94,-32.69,6.88,89.7,-81.81,-146.95
52.387516,-1.522788,141.29,10.71,4,295.69,21 / 21,993829,2019-09-06 18:32:40:511,0.6643,0.73,9.9344,-0.0164,-0.0172,9.8065,-0.0283,-0.0129,0.0018,1.13,-33,7.5,74.97,-81.81,-146.94
52.387516,-1.522788,141.29,10.71,4,295.69,21 / 21,993929,2019-09-06 18:32:40:611,0.7096,-0.708,10.8865,-0.0076,-0.0049,9.8066,0.0864,0.0274,-0.0108,1.63,-33,7.69,81.38,-81.74,-147.81
52.387516,-1.522788,141.29,10.71,4,295.69,21 / 21,994028,2019-09-06 18:32:40:710,0.8571,-1.7351,9.9523,0.0091,0.0106,9.8066,0.1232,0.0714,0.0039,1.69,-32.12,7.5,79.77,-81.67,-148.37
52.387516,-1.522788,141.29,10.71,4,295.69,21 / 21,994129,2019-09-06 18:32:40:811,-0.2787,-0.5298,9.8727,-0.0259,-0.0118,9.8065,-0.1008,0.0346,0.006,0.75,-32.56,7.63,75.81,-81.49,-147.88
52.387516,-1.522788,141.29,10.71,4,295.69,21 / 21,994229,2019-09-06 18:32:40:911,0.8237,-0.6699,9.4895,-0.0064,-0.004,9.8066,-0.1042,0.0707,-0.0225,1.25,-31.62,7.88,75.11,-81.5,-147.13
52.387516,-1.522788,141.29,10.71,4,295.69,21 / 21,994329,2019-09-06 18:32:41:011,1.1296,0.4568,9.376,0.0174,0.0226,9.8066,-0.0523,0.0244,-0.022,1.63,-31.75,8.69,75.68,-81.92,-145.49
52.387516,-1.522788,141.29,10.71,4,295.69,21 / 21,994428,2019-09-06 18:32:41:110,1.8132,0.1063,9.7156,0.0125,0.0153,9.8066,-0.0487,0.0474,-0.0324,1,-31.62,8.75,68.85,-82.03,-145.12
52.387516,-1.522788,141.29,10.71,4,295.69,21 / 21,994528,2019-09-06 18:32:41:210,1.1561,0.3583,9.3967,-0.0173,-0.0025,9.8066,0.026,0.0432,0.0248,1.81,-31.62,7.63,81.21,-82.14,-144.87
52.387516,-1.522788,141.29,10.71,4,295.69,21 / 21,994630,2019-09-06 18:32:41:312,0.9011,0.1001,10.2676,-0.012,-0.0119,9.8066,0.0113,0.0264,-0.0043,1.5,-32.06,7.56,82.33,-81.95,-144.72
52.387516,-1.522788,141.29,10.71,4,295.69,21 / 21,994729,2019-09-06 18:32:41:411,1.2098,0.4169,9.884,0.004,0,9.8066,0.0601,-0.0188,0.0268,2.19,-31.75,7.94,81.62,-82.07,-144.81
52.387516,-1.522788,141.29,10.71,4,295.69,21 / 21,994829,2019-09-06 18:32:41:511,1.3961,-0.1171,10.1197,-0.0081,-0.0009,9.8066,-0.0036,0.0404,-0.0321,1.81,-32.69,7.81,83.22,-81.92,-145.23
52.387516,-1.522788,141.29,10.71,4,295.69,21 / 21,994928,2019-09-06 18:32:41:610,1.7043,-0.1298,9.9024,-0.0062,0.011,9.8066,0.0929,0.0301,0.0391,0.94,-32.69,8.44,77.82,-81.81,-144.57
52.387516,-1.522788,141.29,10.71,4,295.69,21 / 21,995028,2019-09-06 18:32:41:710,0.3136,-0.5513,9.0868,-0.0164,0.0092,9.8066,0.0382,0.0113,0.0746,1.06,-32.62,7.56,80.14,-81.56,-143.84
52.387516,-1.522788,141.29,10.71,4,295.69,21 / 21,995128,2019-09-06 18:32:41:810,0.3668,0.7487,9.3265,0.0084,0.027,9.8066,-0.0905,0.0693,-0.0495,0.31,-34.19,8.06,76.55,-81.43,-142.08
52.387516,-1.522788,141.29,10.71,4,295.69,21 / 21,995229,2019-09-06 18:32:41:911,1.5691,0.5281,9.287,0.0182,0.0265,9.8065,-0.0421,0.0604,-0.0068,0.25,-33.25,7.56,76.13,-81.69,-139.76
52.387516,-1.522788,141.29,10.71,4,295.69,21 / 21,995329,2019-09-06 18:32:42:011,1.1771,2.1493,9.587,0.0056,-0.0048,9.8066,-0.0828,-0.0025,-0.0019,0.5,-33.31,7.88,84.6,-81.87,-138.18
52.387516,-1.522788,141.29,10.71,4,295.69,21 / 21,995429,2019-09-06 18:32:42:111,1.5955,1.0133,10.1044,-0.0082,-0.0197,9.8065,-0.0802,0.0546,-0.0745,0.06,-32.69,8.06,75.78,-81.98,-138.63
52.387516,-1.522788,141.29,10.71,4,295.69,21 / 21,995528,2019-09-06 18:32:42:210,1.763,-0.3377,9.7966,0.0114,-0.005,9.8066,0.1634,0.0529,-0.0204,0.44,-32.75,8.88,67.11,-82.17,-140.72
52.387516,-1.522788,141.29,10.71,4,295.69,21 / 21,995628,2019-09-06 18:32:42:310,0.756,0.4722,9.9526,0.0118,0.0165,9.8066,0.1305,-0.0157,0.0254,0.19,-33.12,8.13,71.93,-82.17,-140.81
52.387516,-1.522788,141.29,10.71,4,295.69,21 / 21,995729,2019-09-06 18:32:42:411,0.6604,0.6778,9.9566,-0.0048,-0.0154,9.8066,-0.1495,0.0225,-0.013,-0.31,-32.69,7.94,72.11,-82.28,-140.14
52.387516,-1.522788,141.29,10.71,4,295.69,21 / 21,995828,2019-09-06 18:32:42:510,1.2098,1.5101,10.0089,-0.0034,-0.024,9.8066,-0.0936,0.0279,-0.0049,-0.31,-33.06,7.94,70.83,-82.35,-140.83
52.387516,-1.522788,141.29,10.71,4,295.69,21 / 21,995928,2019-09-06 18:32:42:610,1.1172,-0.6398,10.157,-0.0127,-0.0674,9.8063,0.1465,0.0136,0.0068,0.38,-32.44,9.56,59.46,-82.26,-142.72
52.387516,-1.522788,141.29,10.71,4,295.69,21 / 21,996028,2019-09-06 18:32:42:710,-0.9701,0.5461,9.6049,-0.0145,-0.0542,9.8064,0.4635,-0.0352,0.0431,0.44,-32.06,10,59.15,-82.26,-142.95
52.387516,-1.522788,141.29,10.71,4,295.69,21 / 21,996128,2019-09-06 18:32:42:810,-0.2472,-1.8817,8.0085,0.0034,-0.0571,9.8064,-0.3868,0.0504,-0.084,-0.12,-32.31,10.19,58.07,-82.08,-144.32
52.387516,-1.522788,141.29,10.71,4,295.69,21 / 21,996229,2019-09-06 18:32:42:911,1.9468,2.4123,9.2161,0.016,-0.0498,9.8065,-0.3353,-0.0074,0.0444,2,-31.62,9.69,67.59,-82.48,-146.37
52.387516,-1.522788,141.29,10.71,4,295.69,21 / 21,996329,2019-09-06 18:32:43:011,0.7354,-0.3956,8.6887,0.0623,0.0598,9.8063,-0.0035,-0.0986,-0.0072,1.69,-31.69,10.06,67.09,-82.6,-146.41
52.387516,-1.522788,141.29,10.71,4,295.69,20 / 20,996429,2019-09-06 18:32:43:111,2.3418,-1.695,9.4816,0.0057,0.0098,9.8065,0.099,0.1152,-0.0544,3,-31.25,9.31,76.71,-83.04,-144.65
52.387516,-1.522788,141.29,10.71,4,295.69,20 / 20,996529,2019-09-06 18:32:43:211,0.9424,-3.2861,9.6224,0.0328,0.0149,9.8065,0.0865,0.1428,0.0361,2.56,-30.94,9.56,71.21,-83.46,-144.4
52.387516,-1.522788,141.29,10.71,4,295.69,20 / 20,996628,2019-09-06 18:32:43:310,1.4791,-1.4784,10.968,0.0219,0.0392,9.8065,0.0152,0.1704,-0.1066,3.19,-30.56,8.75,75.21,-83.78,-143.45
52.387516,-1.522788,141.29,10.71,4,295.69,20 / 20,996729,2019-09-06 18:32:43:411,-0.2844,-1.0233,10.7714,-0.0687,-0.0453,9.8063,-0.0095,0.2108,-0.0139,3.31,-30.94,8.81,78.05,-83.96,-140.23
52.387516,-1.522788,141.29,10.71,4,295.69,20 / 20,996829,2019-09-06 18:32:43:511,2.248,-2.1864,10.3715,-0.052,-0.0216,9.8064,0.0423,0.3231,0.0042,3.13,-30.87,8.63,79.7,-83.48,-140.37
52.387516,-1.522788,141.29,10.71,4,295.69,20 / 20,996928,2019-09-06 18:32:43:610,0.6183,-2.3128,8.8955,-0.0279,-0.0314,9.8065,-0.1612,0.3062,-0.1401,3.5,-31.5,9.19,83.8,-83,-142.81
52.387516,-1.522788,141.29,10.71,4,295.69,20 / 20,997028,2019-09-06 18:32:43:710,1.9327,-2.0386,8.6998,-0.009,-0.0419,9.8065,-0.0724,0.1397,0.087,3.63,-32,10.25,78.58,-82.99,-144.28
52.387516,-1.522788,141.29,10.71,4,295.69,20 / 20,997129,2019-09-06 18:32:43:811,1.9007,-2.976,9.5717,0.0435,0.0233,9.8064,-0.1269,0.1612,-0.1107,3.63,-32.25,10.13,78.82,-82.89,-144.39
52.387516,-1.522788,141.29,10.71,4,295.69,20 / 20,997228,2019-09-06 18:32:43:910,1.0443,-1.6878,9.9266,0.0503,-0.0262,9.8064,0.0263,0.1437,-0.0624,4,-32.25,11.06,71.12,-83.5,-146.1
52.387516,-1.522788,141.29,10.71,4,295.69,20 / 20,997328,2019-09-06 18:32:44:010,0.3661,-0.7725,10.9078,0.0204,-0.011,9.8065,0.1059,0.147,-0.0675,4.06,-31.81,10.88,65.91,-83.86,-149.76
52.387516,-1.522788,141.29,10.71,4,295.69,20 / 21,997428,2019-09-06 18:32:44:110,2.1582,-1.1242,10.0598,0.0143,-0.0067,9.8065,0.0651,0.1417,-0.074,4.44,-31.69,12,58.99,-83.82,-153.15
52.387516,-1.522788,141.29,10.71,4,295.69,20 / 21,997529,2019-09-06 18:32:44:211,-2.709,-1.1929,11.9343,-0.0332,0.0341,9.8065,0.5857,0.2224,0.0493,4.44,-31.56,12.56,54.52,-83.65,-155.04
52.387516,-1.522788,141.29,10.71,4,295.69,20 / 21,997628,2019-09-06 18:32:44:310,2.6705,-3.1515,9.5301,0.034,0.0924,9.8061,0.3574,0.3939,-0.0952,4.19,-31.44,12.81,58.73,-83.74,-150.83
52.387516,-1.522788,141.29,10.71,4,295.69,20 / 21,997728,2019-09-06 18:32:44:410,5.2556,-2.1336,8.4554,-0.031,-0.0421,9.8064,-0.1635,0.3523,0.006,3.44,-30.44,13.56,50.44,-83.55,-152.34
52.387516,-1.522788,141.29,10.71,4,295.69,20 / 21,997828,2019-09-06 18:32:44:510,-1.4195,-0.9194,9.6525,-0.0266,-0.0781,9.8062,-0.2466,-0.0156,0.2612,4.13,-31.12,13.25,57.87,-83.28,-152.52
52.387516,-1.522788,141.29,10.71,4,295.69,20 / 21,997928,2019-09-06 18:32:44:610,-0.518,0.2372,9.7768,-0.005,0.0582,9.8064,0.1128,0.0883,-0.0615,3.81,-30.56,13.69,62.76,-83.17,-146.44
52.387516,-1.522788,141.29,10.71,4,295.69,20 / 21,998028,2019-09-06 18:32:44:710,0.6386,-1.428,9.641,0.0239,0.0309,9.8065,0.0058,0.0846,0.032,3.13,-30.5,13.5,57.92,-83.18,-146.59
52.387516,-1.522788,141.29,10.71,4,295.69,20 / 21,998128,2019-09-06 18:32:44:810,0.3006,-1.524,10.0056,0.0003,0.0018,9.8066,-0.0394,0.064,-0.0237,3.75,-30.06,14.31,62.62,-83.34,-145.8
52.387516,-1.522788,141.29,10.71,4,295.69,20 / 21,998229,2019-09-06 18:32:44:911,0.2152,-0.812,10.2153,-0.0022,0.0114,9.8066,0.0968,0.077,0.0225,3,-30.19,14.38,59.31,-83.45,-144.86
52.387516,-1.522788,141.29,10.71,4,295.69,20 / 21,998329,2019-09-06 18:32:45:011,0.4896,-0.1183,10.3319,-0.0224,-0.0305,9.8065,0.0186,0.0309,0.0181,3.75,-30.12,14.5,61.74,-83.26,-144.95
52.387516,-1.522788,141.29,10.71,4,295.69,21 / 21,998429,2019-09-06 18:32:45:111,-0.117,0.0124,10.6788,-0.0371,-0.0235,9.8065,-0.0163,0.0106,0.0436,3.5,-30.19,14.19,64.11,-82.78,-145.58
52.387516,-1.522788,141.29,10.71,4,295.69,21 / 21,998528,2019-09-06 18:32:45:210,0.4413,-1.408,10.3187,-0.0037,-0.0093,9.8066,0.0364,0.0263,-0.0111,3.31,-30.5,14.25,60.34,-82.62,-145.57
52.387516,-1.522788,141.29,10.71,4,295.69,21 / 21,998629,2019-09-06 18:32:45:311,0.6594,-0.1448,10.0711,-0.0101,-0.0209,9.8066,0.0455,0.0081,0.0295,4.13,-30.69,14.81,62.22,-82.46,-146.42
52.387516,-1.522788,141.29,10.71,4,295.69,21 / 21,998728,2019-09-06 18:32:45:410,0.1203,-0.3485,9.6911,-0.0057,0.0151,9.8066,-0.0032,0.0759,0.0762,4.13,-31.87,14.88,63.96,-82.3,-145.66
52.387516,-1.522788,141.29,10.71,4,295.69,21 / 21,998829,2019-09-06 18:32:45:511,0.1439,-0.6397,9.5371,-0.0114,0.0009,9.8066,0.0282,0.0626,0.0049,3.63,-31.62,15.31,64.48,-82.18,-145.44
52.387516,-1.522788,141.29,10.71,4,295.69,21 / 21,998928,2019-09-06 18:32:45:610,0.4979,-0.5298,10.0745,0.0046,0.0109,9.8066,0.15,0.0481,-0.0114,3.5,-31.87,14.75,64.12,-82.3,-145.52
52.387516,-1.522788,141.29,10.71,4,295.69,21 / 21,999029,2019-09-06 18:32:45:711,0.28,-0.6897,10.68,0.0171,0.0184,9.8066,-0.1214,0.051,-0.0256,3.75,-31.69,14.88,63.7,-82.29,-145.91
52.387516,-1.522788,141.29,10.71,4,295.69,21 / 21,999129,2019-09-06 18:32:45:811,-0.6892,-0.4381,10.7103,-0.0292,-0.0348,9.8065,0.0354,-0.0085,0.0629,3,-32,14.94,59.84,-82.22,-145.98
52.387516,-1.522788,141.29,10.71,4,295.69,21 / 21,999230,2019-09-06 18:32:45:912,0.2235,-0.1575,10.7521,-0.0259,-0.035,9.8065,0.0227,0.0204,0.0292,3.81,-31.62,16,61.55,-81.71,-147.11
52.387516,-1.522788,141.29,10.71,4,295.69,21 / 21,999329,2019-09-06 18:32:46:011,-0.7257,-0.5216,10.1191,0.0055,0.0108,9.8066,0.0892,-0.0746,0.0187,3.31,-32.56,15.63,57.37,-81.72,-147.88
52.387516,-1.522788,141.29,10.71,4,295.69,21 / 21,999429,2019-09-06 18:32:46:111,-0.6146,0.0786,10.8078,0.0084,0.0313,9.8066,0.0073,-0.04,-0.0056,3.44,-32.44,15.75,57.51,-81.62,-147.48
52.387516,-1.522788,141.29,10.71,4,295.69,21 / 21,999528,2019-09-06 18:32:46:210,0.9681,0.3388,10.0787,0.0013,0.0046,9.8066,0.0967,0.0163,0.0299,3.44,-32.69,15.63,58.13,-81.6,-147.45
52.387516,-1.522788,141.29,10.71,4,295.69,21 / 21,999628,2019-09-06 18:32:46:310,0.3014,-0.3397,10.2002,0.0139,-0.0115,9.8066,0.0598,0.0049,-0.0005,4.56,-32.19,15.88,63.67,-81.47,-148.77
52.387516,-1.522788,141.29,10.71,4,295.69,21 / 21,999729,2019-09-06 18:32:46:411,-0.0401,-0.3362,10.0305,-0.015,-0.0162,9.8066,0.0066,-0.0239,0.0179,3.88,-30.87,16.31,58.8,-81.22,-149.86
52.387516,-1.522788,141.29,10.71,4,295.69,21 / 21,999830,2019-09-06 18:32:46:512,1.1424,0.4033,9.9373,-0.0055,-0.0207,9.8066,-0.0436,0.0453,-0.0313,3.19,-31.94,16.81,53.27,-81.03,-150.58
52.387516,-1.522788,141.29,10.71,4,295.69,21 / 21,999929,2019-09-06 18:32:46:611,-0.5092,0.4507,10.6266,-0.0045,0.0077,9.8065,0.0266,-0.079,0.0378,3.19,-31.81,17.13,53.44,-80.98,-150.51
52.387516,-1.522788,141.29,10.71,4,295.69,21 / 21,1000029,2019-09-06 18:32:46:711,0.7537,-0.5171,9.5435,0.0075,0.0085,9.8066,-0.0388,-0.0265,0.0219,3.44,-32.19,16.56,53.14,-80.89,-150.9
52.387516,-1.522788,141.29,10.71,4,295.69,21 / 21,1000128,2019-09-06 18:32:46:810,0.7646,0.6128,10.3453,-0.0069,-0.0166,9.8065,-0.031,-0.018,-0.0418,3.25,-32.25,17.44,52.67,-81.03,-151.08
52.387516,-1.522788,141.29,10.71,4,295.69,21 / 21,1000229,2019-09-06 18:32:46:911,0.1307,0.6248,9.5819,0.0194,-0.0155,9.8065,-0.0751,-0.0059,-0.0332,3.69,-32.31,17.19,54.97,-81.1,-152.13
52.387516,-1.522788,141.29,10.71,4,295.69,21 / 21,1000329,2019-09-06 18:32:47:011,-0.087,-0.0004,9.9054,0.0074,-0.0082,9.8066,0.0098,0.0612,-0.0175,3.63,-32.31,16.88,53.51,-81.11,-153.33
52.387516,-1.522788,141.29,10.71,4,295.69,20 / 20,1000429,2019-09-06 18:32:47:111,-0.5268,0.1461,9.2584,0.0097,-0.0032,9.8066,0.0069,-0.0576,0.026,4,-32.06,17.38,52.46,-81.24,-153.98
52.387516,-1.522788,141.29,10.71,4,295.69,20 / 20,1000528,2019-09-06 18:32:47:210,0.2562,-0.4108,9.7517,0.009,0.0047,9.8066,-0.1592,-0.0603,0.0284,3.38,-32.12,16.63,48.65,-81.37,-153.81
52.387516,-1.522788,141.29,10.71,4,295.69,20 / 20,1000628,2019-09-06 18:32:47:310,0.9794,1.3657,10.1639,-0.0285,-0.0056,9.8066,-0.0874,0.0438,-0.0188,2.94,-32.87,16.25,52.37,-81.45,-152.47
52.387516,-1.522788,141.29,10.71,4,295.69,20 / 20,1000729,2019-09-06 18:32:47:411,-0.2222,0.303,9.849,0.0121,-0.0065,9.8065,0.0982,-0.0107,0.08,3.38,-32,16.69,49.27,-81.44,-153.2
52.387516,-1.522788,141.29,10.71,4,295.69,20 / 20,1000828,2019-09-06 18:32:47:510,0.2517,0.6161,10.2072,-0.0063,0.0151,9.8066,0.0658,-0.0223,-0.0004,3.5,-32.87,16.63,53.94,-81.41,-152.89
52.387516,-1.522788,141.29,10.71,4,295.69,20 / 20,1000928,2019-09-06 18:32:47:610,0.6817,1.8188,10.421,0.0076,0.0003,9.8066,0.0637,0.0083,-0.0482,3.38,-32.56,16.75,49.83,-81.4,-153.2
52.387516,-1.522788,141.29,10.71,4,295.69,20 / 20,1001028,2019-09-06 18:32:47:710,0.7648,-0.4885,9.6639,0.0281,0.0253,9.8065,0.1852,-0.0036,0.0106,2.63,-32.44,16.56,48.2,-81.52,-153.95
52.387516,-1.522788,141.29,10.71,4,295.69,20 / 20,1001129,2019-09-06 18:32:47:811,0.0442,-1.0675,9.8356,-0.0218,-0.0497,9.8064,-0.1241,-0.0259,0.0791,3.13,-32.31,16.94,48.1,-81.33,-154.32
52.387516,-1.522788,141.29,10.71,4,295.69,20 / 20,1001228,2019-09-06 18:32:47:910,1.504,0.743,9.4789,-0.007,-0.0324,9.8065,-0.1433,0.0798,-0.045,3.5,-32,16.31,53.46,-81.09,-154.99
52.387516,-1.522788,141.29,10.71,4,295.69,20 / 20,1001330,2019-09-06 18:32:48:012,1.495,2.2697,9.922,0.0034,0.0223,9.8066,-0.0411,0.0331,-0.0418,3.25,-32.94,17,48.49,-81.38,-154.31
52.387764,-1.524157,140.73,10.25,4,273.4,21 / 21,1001429,2019-09-06 18:32:48:111,1.1845,1.3223,9.3126,0.0071,0.0111,9.8066,-0.0517,-0.0238,-0.0045,3.44,-31.62,16.5,47.42,-81.37,-154.8
52.387764,-1.524157,140.73,10.25,4,273.4,21 / 21,1001528,2019-09-06 18:32:48:210,0.1786,0.4487,9.4781,0.0204,0.0032,9.8066,0.0464,-0.0077,-0.0097,3.63,-31.87,17.06,49.92,-81.38,-155.86
52.387764,-1.524157,140.73,10.25,4,273.4,21 / 21,1001629,2019-09-06 18:32:48:311,0.9857,1.5585,9.7931,0.0269,0.0146,9.8065,-0.0585,-0.0177,-0.0038,3.81,-32.25,17,48.37,-81.51,-156.91
52.387764,-1.524157,140.73,10.25,4,273.4,21 / 21,1001729,2019-09-06 18:32:48:411,0.7888,0.7728,9.7931,0.0126,-0.0026,9.8066,0.0512,-0.0637,-0.0397,3.81,-32,15.88,49.04,-81.67,-157.62
52.387764,-1.524157,140.73,10.25,4,273.4,21 / 21,1001828,2019-09-06 18:32:48:510,1.6616,-0.1598,9.4977,0.0125,0.0013,9.8066,0.0695,0.0531,-0.0041,4.25,-31.75,16.81,46.28,-81.74,-158.29
52.387764,-1.524157,140.73,10.25,4,273.4,21 / 21,1001929,2019-09-06 18:32:48:611,-0.8378,0.6394,10.1493,-0.0213,-0.0166,9.8066,-0.1028,0.0318,-0.0236,3.94,-31.87,16.56,46.56,-81.8,-157.97
52.387764,-1.524157,140.73,10.25,4,273.4,21 / 21,1002029,2019-09-06 18:32:48:711,0.6912,1.5615,9.6759,-0.0078,-0.0023,9.8066,-0.1402,0.0127,0.0344,3.63,-31.87,17,47.1,-81.74,-157.61
52.387764,-1.524157,140.73,10.25,4,273.4,21 / 21,1002129,2019-09-06 18:32:48:811,-0.2458,0.3597,9.2606,0.0055,0.018,9.8065,0.1204,0.0271,-0.0213,3.81,-32.12,16.19,50.49,-81.81,-156.22
52.387764,-1.524157,140.73,10.25,4,273.4,21 / 21,1002228,2019-09-06 18:32:48:910,-0.6141,-1.2168,10.0046,0.015,0.0242,9.8065,0.1288,0.0635,-0.0598,3.25,-32.5,16.38,45.81,-81.91,-156.59
52.387764,-1.524157,140.73,10.25,4,273.4,21 / 21,1002328,2019-09-06 18:32:49:010,1.6751,-0.2641,10.6757,0.008,-0.0161,9.8066,-0.0054,-0.0696,0.0868,2.81,-30.75,15.5,42.68,-82.13,-158.43
52.387764,-1.524157,140.73,10.25,4,273.4,21 / 21,1002428,2019-09-06 18:32:49:110,-0.3765,0.3521,10.4324,-0.0291,-0.0343,9.8065,0.0782,0.0237,-0.0817,2.94,-31.25,16.81,42.44,-82.02,-157.57
52.387764,-1.524157,140.73,10.25,4,273.4,21 / 21,1002529,2019-09-06 18:32:49:211,1.141,0.6372,8.9172,0.0119,-0.0045,9.8066,-0.0584,-0.0037,0.026,3.31,-32.31,17.06,42.08,-81.88,-158.37
52.387764,-1.524157,140.73,10.25,4,273.4,21 / 21,1002628,2019-09-06 18:32:49:310,1.3602,1.1651,9.7518,-0.0169,-0.0085,9.8066,-0.1062,-0.0115,0.032,3.5,-32.12,17.31,45.67,-81.62,-158.96
52.387764,-1.524157,140.73,10.25,4,273.4,21 / 21,1002728,2019-09-06 18:32:49:410,-0.1966,-0.1989,9.5117,-0.0062,0.0316,9.8066,-0.1218,0.0187,-0.0407,2.94,-32.81,17.13,44.23,-81.64,-157.33
52.387764,-1.524157,140.73,10.25,4,273.4,21 / 21,1002828,2019-09-06 18:32:49:510,-0.4295,-0.6521,9.2327,0.0155,0.0397,9.8065,0.0007,0.0341,-0.0398,2.81,-32.56,17.06,44.97,-81.98,-156.23
52.387764,-1.524157,140.73,10.25,4,273.4,21 / 21,1002929,2019-09-06 18:32:49:611,1.3257,1.4879,9.9448,0.0337,0.0085,9.8065,-0.0126,0.0574,-0.095,3.44,-32.56,16.38,42.36,-82.53,-158.77
52.387764,-1.524157,140.73,10.25,4,273.4,21 / 21,1003028,2019-09-06 18:32:49:710,0.8793,-1.5352,10.0308,0.0214,0.0011,9.8066,-0.0305,-0.0468,-0.0371,4.06,-32.44,16.38,43.91,-82.73,-160.2
52.387764,-1.524157,140.73,10.25,4,273.4,21 / 21,1003129,2019-09-06 18:32:49:811,-0.6038,0.9138,9.7769,0.0004,-0.0456,9.8065,-0.0915,0.0465,-0.204,3.88,-32.06,16.44,42.12,-82.78,-161.6
52.387764,-1.524157,140.73,10.25,4,273.4,21 / 21,1003228,2019-09-06 18:32:49:910,1.1604,1.2087,8.311,-0.0238,-0.0421,9.8064,-0.192,0.025,0.2448,3.69,-32.5,17.19,37.19,-82.37,-164.78
52.387764,-1.524157,140.73,10.25,4,273.4,21 / 21,1003328,2019-09-06 18:32:50:010,-2.3414,0.2015,13.3536,0.023,0.1458,9.8055,0.7526,0.1218,-0.0253,3.44,-32.37,16.94,40.57,-82.03,-159.37
52.387764,-1.524157,140.73,10.25,4,273.4,21 / 21,1003428,2019-09-06 18:32:50:110,-7.8585,-1.6344,12.1304,0.0918,0.1693,9.8047,0.4543,-0.5026,0.1849,3.13,-32.06,18.06,36.62,-81.74,-161.8
52.387764,-1.524157,140.73,10.25,4,273.4,21 / 21,1003529,2019-09-06 18:32:50:211,-0.6353,-4.264,6.7762,-0.0042,-0.097,9.8061,0.0753,-0.0284,0.2169,3.5,-32.31,17.69,41.49,-80.96,-161.85
52.387764,-1.524157,140.73,10.25,4,273.4,21 / 21,1003628,2019-09-06 18:32:50:310,-1.9679,2.0024,7.5403,0.0261,0.1555,9.8053,-0.0527,0.2723,-0.1492,4.06,-33.19,16.5,46.82,-82.45,-157.16
52.387764,-1.524157,140.73,10.25,4,273.4,21 / 21,1003728,2019-09-06 18:32:50:410,6.2064,-1.8006,7.4653,0.1285,0.0873,9.8053,-0.4651,-0.28,-0.0496,4.5,-32.19,15.5,49.12,-83.58,-157.73
52.387764,-1.524157,140.73,10.25,4,273.4,21 / 21,1003829,2019-09-06 18:32:50:511,1.5018,1.6676,10.8294,0.109,0.0682,9.8057,0.0716,-0.0241,-0.1471,4.56,-32.06,15.19,44.94,-85.45,-160.1
52.387764,-1.524157,140.73,10.25,4,273.4,21 / 21,1003928,2019-09-06 18:32:50:610,0.8065,-4.8558,12.1827,-0.042,-0.1226,9.8057,0.5156,0.09,-0.3638,5,-31.69,15.25,35.18,-84.17,-170.21
52.387764,-1.524157,140.73,10.25,4,273.4,21 / 21,1004029,2019-09-06 18:32:50:711,-1.4476,-4.7186,9.7244,0.0033,-0.0262,9.8066,-0.2598,-0.0334,0.2992,4.63,-31.12,17.06,28.55,-83.31,-173.6
52.387764,-1.524157,140.73,10.25,4,273.4,21 / 21,1004129,2019-09-06 18:32:50:811,-3.2876,-2.0949,9.5782,-0.1016,-0.084,9.8057,-0.482,-0.1596,-0.0763,4.38,-31.5,16.69,32.31,-81.97,-168.82
52.387764,-1.524157,140.73,10.25,4,273.4,21 / 21,1004228,2019-09-06 18:32:50:910,1.1204,0.5659,9.6355,0.0257,0.0185,9.8065,0.0059,0.1705,-0.1449,4.13,-32.12,16.25,34.89,-82.97,-167.17
52.387764,-1.524157,140.73,10.25,4,273.4,21 / 21,1004329,2019-09-06 18:32:51:011,1.3714,-1.4361,8.3695,0.0207,0.0469,9.8065,-0.1287,-0.1698,0.1255,4.88,-32.19,15.75,37.18,-83.53,-167.83
52.387764,-1.524157,140.73,10.25,4,273.4,21 / 21,1004429,2019-09-06 18:32:51:111,-0.1798,-1.5605,7.8887,-0.0636,-0.0433,9.8063,-0.1401,0.1954,-0.095,4.56,-32.31,15.69,42.02,-83.34,-164.07
52.387764,-1.524157,140.73,10.25,4,273.4,21 / 21,1004529,2019-09-06 18:32:51:211,-0.8006,1.4569,10.017,-0.026,-0.0135,9.8065,-0.1036,0.0432,-0.0752,4.38,-31.69,16.5,37.03,-83.09,-164.06
52.387764,-1.524157,140.73,10.25,4,273.4,21 / 21,1004628,2019-09-06 18:32:51:310,-0.1136,-1.4746,9.9568,0.0074,-0.0391,9.8065,-0.0401,0.0658,-0.1061,4.81,-31.75,16.38,39,-82.91,-167.12
52.387764,-1.524157,140.73,10.25,4,273.4,21 / 21,1004728,2019-09-06 18:32:51:410,-0.1065,-1.5742,10.6684,0.0132,0.0544,9.8064,-0.0211,0.0335,-0.0086,4.38,-31.56,16.94,32.68,-83.19,-167.5
52.387764,-1.524157,140.73,10.25,4,273.4,21 / 21,1004828,2019-09-06 18:32:51:510,-2.4539,-0.8395,10.0303,0.046,0.0557,9.8064,-0.0154,0.0863,-0.1305,5.31,-31.87,16.38,36.83,-83.52,-168.14
52.387764,-1.524157,140.73,10.25,4,273.4,21 / 21,1004929,2019-09-06 18:32:51:611,0.3541,-0.3841,9.6712,0.025,0.0175,9.8065,0.107,-0.0006,-0.124,4.75,-31.37,15.69,35.19,-83.71,-169.04
52.387764,-1.524157,140.73,10.25,4,273.4,21 / 21,1005029,2019-09-06 18:32:51:711,-0.3752,-0.921,9.55,0.0227,0.0082,9.8066,0.15,-0.0397,0.0375,5.38,-31.19,15.5,32.06,-83.92,-171.42
52.387764,-1.524157,140.73,10.25,4,273.4,21 / 21,1005128,2019-09-06 18:32:51:810,-1.3322,-1.296,10.3415,-0.0222,-0.0323,9.8065,-0.0312,-0.0461,0.0679,5.69,-31.12,15.19,38.14,-83.52,-171.54
52.387764,-1.524157,140.73,10.25,4,273.4,21 / 21,1005228,2019-09-06 18:32:51:910,0.1554,-0.5435,10.1359,-0.0134,-0.0218,9.8066,-0.0457,0.0226,-0.042,4.88,-31.37,15.31,34.93,-83.43,-171.08
52.387764,-1.524157,140.73,10.25,4,273.4,21 / 21,1005329,2019-09-06 18:32:52:011,-0.0965,0.704,10.1301,-0.0078,0.0108,9.8066,0.0222,-0.0192,0.0373,5.13,-31.62,15.25,36.44,-83.44,-170.09
52.387764,-1.524157,140.73,10.25,4,273.4,20 / 21,1005428,2019-09-06 18:32:52:110,-0.0456,-0.2693,9.3135,-0.0035,0.0182,9.8066,-0.07,-0.0113,0.0296,4.94,-31.5,15.88,35.24,-83.44,-169.31
52.387764,-1.524157,140.73,10.25,4,273.4,20 / 21,1005528,2019-09-06 18:32:52:210,-0.1314,-0.781,9.7449,0.0075,0.0186,9.8065,0.0297,0.0067,-0.0331,4.44,-32.06,15.44,34.49,-83.56,-168.16
52.387764,-1.524157,140.73,10.25,4,273.4,20 / 21,1005629,2019-09-06 18:32:52:311,-0.5124,-0.056,10.0113,0.0196,0.0205,9.8066,0.0198,-0.0697,0.0177,4.31,-31.87,15.81,32.18,-83.68,-168.56
52.387764,-1.524157,140.73,10.25,4,273.4,20 / 21,1005728,2019-09-06 18:32:52:410,-0.0338,-1.2369,9.8414,-0.0074,-0.0388,9.8065,-0.0006,-0.0519,0.0657,4.13,-31.31,15.44,33.11,-83.46,-169.14
52.387764,-1.524157,140.73,10.25,4,273.4,20 / 21,1005828,2019-09-06 18:32:52:510,-0.9163,-2.1449,10.125,-0.0141,-0.0188,9.8066,-0.0197,0.0453,-0.0084,4.5,-31.62,15.75,35.78,-83.38,-169.17
52.387764,-1.524157,140.73,10.25,4,273.4,20 / 21,1005928,2019-09-06 18:32:52:610,-0.2541,-0.9331,9.3283,-0.0133,0.0041,9.8066,-0.048,0.0524,-0.0373,4.25,-31.69,15.63,32.28,-83.48,-168.7
52.387764,-1.524157,140.73,10.25,4,273.4,20 / 21,1006028,2019-09-06 18:32:52:710,-0.9633,-0.0633,9.8204,0.0086,0.0017,9.8066,-0.1214,-0.0075,-0.0075,4.31,-31.69,15.06,34.76,-83.59,-167.89
52.387764,-1.524157,140.73,10.25,4,273.4,20 / 21,1006129,2019-09-06 18:32:52:811,0.3361,0.6414,10.2135,0.0205,0.0255,9.8065,0.0867,0.048,-0.0575,4.19,-31.44,15.88,30.42,-84.04,-169.44
52.387764,-1.524157,140.73,10.25,4,273.4,20 / 21,1006229,2019-09-06 18:32:52:911,-0.0272,-0.638,9.509,0.0117,0.0148,9.8066,0.1016,-0.0055,-0.0063,4.56,-31.5,15.31,34.48,-83.94,-170.85
52.387764,-1.524157,140.73,10.25,4,273.4,20 / 21,1006329,2019-09-06 18:32:53:011,-0.6461,-0.8793,9.9383,-0.0344,-0.0379,9.8065,-0.0799,0.0254,0.0182,4.38,-32.19,15.81,30.47,-83.39,-170.24
52.387764,-1.524157,140.73,10.25,4,273.4,20 / 20,1006430,2019-09-06 18:32:53:112,0.4525,-0.4802,9.2564,-0.0203,-0.0384,9.8065,0.0271,0.0426,0.0771,4.88,-31.5,15.75,34.99,-83.38,-169.58
52.387764,-1.524157,140.73,10.25,4,273.4,20 / 20,1006528,2019-09-06 18:32:53:210,-0.0199,0.4312,10.4467,-0.0036,0.0436,9.8065,-0.0315,-0.1123,0.1158,4.94,-32,15.25,39.32,-83.56,-167.59
52.387764,-1.524157,140.73,10.25,4,273.4,20 / 20,1006629,2019-09-06 18:32:53:311,-0.1988,0.5957,10.7565,-0.0254,0.0038,9.8065,0.0218,0.0978,-0.1382,4.63,-31.87,16.06,42.29,-83.51,-163.62
52.387764,-1.524157,140.73,10.25,4,273.4,20 / 20,1006729,2019-09-06 18:32:53:411,-1.1618,-0.9688,10.9335,0.0003,-0.0335,9.8066,-0.0492,-0.002,-0.0262,4.88,-31.5,15.44,39.48,-83.27,-167.57
52.387764,-1.524157,140.73,10.25,4,273.4,20 / 20,1006829,2019-09-06 18:32:53:511,-0.9005,-0.572,9.5084,0.015,-0.0126,9.8065,0.0204,-0.06,-0.0216,5.06,-31.81,16.5,35.23,-83.11,-168.55
52.387764,-1.524157,140.73,10.25,4,273.4,20 / 20,1006929,2019-09-06 18:32:53:611,1.0413,0.526,8.9561,0.0366,-0.0176,9.8065,-0.0638,0.045,-0.0612,5.44,-30.94,16.13,30.47,-83.26,-173.39
52.387764,-1.524157,140.73,10.25,4,273.4,20 / 20,1007028,2019-09-06 18:32:53:710,0.7735,-0.9286,9.5945,0.0092,-0.0232,9.8066,-0.1541,0.0398,-0.1412,6.19,-30.87,15.88,31.19,-83.36,-175.79
52.387764,-1.524157,140.73,10.25,4,273.4,20 / 20,1007128,2019-09-06 18:32:53:810,-0.1357,-1.5305,9.2647,-0.0014,0.0021,9.8066,0.0119,0.0477,-0.0183,5.5,-30.94,15.69,28.16,-83.61,-178.02
52.387764,-1.524157,140.73,10.25,4,273.4,20 / 20,1007228,2019-09-06 18:32:53:910,-0.5713,1.1408,10.6164,-0.014,-0.0365,9.8065,-0.0412,-0.0925,0.0859,5.75,-30.94,15.88,28.09,-83.49,-178.18
52.387764,-1.524157,140.73,10.25,4,273.4,20 / 20,1007328,2019-09-06 18:32:54:010,1.2263,-1.7029,10.6306,-0.012,-0.0188,9.8065,0.0459,-0.1338,0.0971,5.44,-31.56,15.56,26.27,-83.26,-176.94
52.387764,-1.524157,140.73,10.25,4,273.4,20 / 20,1007429,2019-09-06 18:32:54:111,-0.4964,-0.8689,10.0641,-0.0266,-0.0139,9.8065,0.0583,0.0415,-0.0013,5.19,-30.25,15.94,29.14,-83.04,-174.47
52.387764,-1.524157,140.73,10.25,4,273.4,20 / 20,1007529,2019-09-06 18:32:54:211,0.7945,0.2601,10.3324,-0.0083,0.0073,9.8066,-0.2398,-0.0113,0.0213,5.19,-31.12,15.44,32.42,-83.21,-173.35
52.387764,-1.524157,140.73,10.25,4,273.4,20 / 20,1007628,2019-09-06 18:32:54:310,-1.2795,-0.5025,10.226,0.0087,-0.0021,9.8066,-0.0861,-0.0526,0.0261,4.94,-31.37,15.5,30.97,-83.42,-172.82
52.387764,-1.524157,140.73,10.25,4,273.4,20 / 20,1007728,2019-09-06 18:32:54:410,0.391,0.5323,8.9592,-0.0074,-0.0118,9.8066,-0.0795,-0.1101,0.0779,5,-31.06,15.75,30.05,-83.57,-173.42
52.387764,-1.524157,140.73,10.25,4,273.4,20 / 20,1007828,2019-09-06 18:32:54:510,-1.5788,-2.438,9.3002,-0.0248,-0.0165,9.8066,-0.0893,0.0402,-0.0316,4.75,-31.44,15.63,31.3,-83.25,-172.73
52.387764,-1.524157,140.73,10.25,4,273.4,20 / 20,1007929,2019-09-06 18:32:54:611,0.2068,0.1467,10.1327,0.0161,0.0437,9.8065,0.1221,-0.1758,0.1304,4.19,-32.31,15.38,30.58,-83.31,-171.56
52.387764,-1.524157,140.73,10.25,4,273.4,20 / 20,1008028,2019-09-06 18:32:54:710,-1.4732,0.5099,11.1121,-0.0335,0.0133,9.8065,-0.0498,0.0464,-0.0381,4.06,-31.62,15.81,32.64,-83.13,-168.79
52.387764,-1.524157,140.73,10.25,4,273.4,20 / 20,1008129,2019-09-06 18:32:54:811,0.2849,1.0051,9.8826,-0.0248,-0.0497,9.8064,-0.1776,-0.1282,-0.0112,4.69,-31.87,15.38,38.92,-83.1,-168.53
52.387764,-1.524157,140.73,10.25,4,273.4,20 / 20,1008228,2019-09-06 18:32:54:910,-0.6388,1.3916,10.9013,-0.0274,-0.0357,9.8065,0.0779,-0.0567,0.0322,4.06,-31.69,15.06,36.52,-83.15,-167.04
52.387764,-1.524157,140.73,10.25,4,273.4,20 / 20,1008330,2019-09-06 18:32:55:012,-0.4123,1.4894,10.6229,-0.0116,-0.0351,9.8065,-0.0542,-0.0497,0.0426,4.44,-32,15.88,33.88,-83.32,-167.59
52.387764,-1.524157,140.73,10.25,4,273.4,20 / 21,1008429,2019-09-06 18:32:55:111,1.5344,0.5619,10.7135,0.0099,0.0218,9.8066,0.0908,0.0226,-0.0373,4.19,-32.06,15.38,35.43,-83.22,-167.82
52.387764,-1.524157,140.73,10.25,4,273.4,20 / 21,1008529,2019-09-06 18:32:55:211,-0.0066,0.0725,11.0685,-0.0189,-0.0373,9.8065,0.0072,-0.0351,-0.0552,4.25,-31.81,16.06,33.28,-82.97,-168.46
52.387764,-1.524157,140.73,10.25,4,273.4,20 / 21,1008629,2019-09-06 18:32:55:311,-0.2226,0.2436,9.8636,0.0021,-0.0046,9.8066,0.1066,0.0361,-0.0116,4.13,-31.94,15.94,32.81,-83.06,-168.74
52.387764,-1.524157,140.73,10.25,4,273.4,20 / 21,1008729,2019-09-06 18:32:55:411,0.4064,0.1624,9.9192,-0.014,-0.0111,9.8066,-0.1084,0.0071,-0.0302,4,-31.81,15.44,34.69,-82.91,-168.79
52.387764,-1.524157,140.73,10.25,4,273.4,20 / 21,1008829,2019-09-06 18:32:55:511,-0.0281,-0.4515,9.455,-0.0065,0.0019,9.8066,-0.0314,0.0057,0.073,4.19,-31.81,15.69,33.51,-83.04,-168.19
52.387764,-1.524157,140.73,10.25,4,273.4,20 / 21,1008929,2019-09-06 18:32:55:611,-0.4261,0.0556,9.5396,-0.0036,0.0416,9.8065,-0.0086,-0.0296,-0.0022,4.25,-31,15.69,34.72,-83.04,-166.99
52.387764,-1.524157,140.73,10.25,4,273.4,20 / 21,1009028,2019-09-06 18:32:55:710,-0.3489,0.4654,9.7753,0.0127,0.0125,9.8066,-0.0227,-0.0096,-0.0135,4.19,-31.62,15.5,36.53,-83.16,-165.63
52.387764,-1.524157,140.73,10.25,4,273.4,20 / 21,1009128,2019-09-06 18:32:55:810,0.4417,0.8835,10.9476,-0.0062,0.0085,9.8066,0.1017,0.0033,0.102,4.06,-31.5,15.75,36.03,-83.04,-165.93
52.387764,-1.524157,140.73,10.25,4,273.4,20 / 21,1009229,2019-09-06 18:32:55:911,-0.0728,-0.3859,9.7658,-0.016,0.0022,9.8066,0.0093,-0.0928,-0.0355,4.63,-31.69,15.5,41.68,-82.8,-165.09
52.387764,-1.524157,140.73,10.25,4,273.4,20 / 21,1009328,2019-09-06 18:32:56:010,0.5376,0.6869,10.3009,-0.0209,0.0006,9.8065,0.0583,0.0403,0.0091,3.88,-31.56,15.75,39.35,-82.6,-164.07
52.387764,-1.524157,140.73,10.25,4,273.4,21 / 21,1009429,2019-09-06 18:32:56:111,-0.2198,0.5074,9.9188,-0.017,0.0209,9.8065,0.072,-0.0115,0.1271,3.5,-32.06,16,41.36,-82.53,-162.54
52.387764,-1.524157,140.73,10.25,4,273.4,21 / 21,1009529,2019-09-06 18:32:56:211,-0.0368,0.6962,9.6643,-0.0149,-0.0266,9.8065,-0.1629,-0.0491,0.1106,3,-31.81,15.63,39.36,-82.19,-161.31
52.387764,-1.524157,140.73,10.25,4,273.4,21 / 21,1009628,2019-09-06 18:32:56:310,-0.3876,2.8054,10.1693,-0.0325,-0.0132,9.8066,-0.1246,-0.007,0.0335,3.5,-32.37,15.94,45.43,-82.23,-159.69
52.387764,-1.524157,140.73,10.25,4,273.4,21 / 21,1009729,2019-09-06 18:32:56:411,0.202,2.8715,10.4588,0.0105,0.0443,9.8065,0.2555,0.0301,-0.0016,3.25,-32.12,16,44.81,-82.28,-156.84
52.387764,-1.524157,140.73,10.25,4,273.4,21 / 21,1009828,2019-09-06 18:32:56:510,-0.6264,-1.4605,9.775,0.0201,0.0301,9.8065,0.1384,-0.0381,0.1174,2.88,-32.19,15.69,44.26,-82.16,-157.47
52.387764,-1.524157,140.73,10.25,4,273.4,21 / 21,1009928,2019-09-06 18:32:56:610,1.4838,1.9172,10.5447,-0.0179,-0.0033,9.8066,-0.0091,0.1174,-0.0924,3.69,-31.94,15.88,49.82,-81.96,-156.53
52.387764,-1.524157,140.73,10.25,4,273.4,21 / 21,1010029,2019-09-06 18:32:56:711,-0.7647,-0.838,10.5392,0.0145,0.0414,9.8065,0.2261,0.0275,0.0393,3.13,-31.62,16.06,46.25,-82.07,-156
52.387764,-1.524157,140.73,10.25,4,273.4,21 / 21,1010128,2019-09-06 18:32:56:810,0.6311,-0.1816,9.8585,-0.0148,-0.0591,9.8065,-0.045,-0.0704,0.1008,3.25,-32.25,15.69,45.6,-81.72,-157.05
52.387764,-1.524157,140.73,10.25,4,273.4,21 / 21,1010228,2019-09-06 18:32:56:910,1.6423,3.2568,11.0008,-0.0219,-0.0301,9.8065,-0.063,0.0199,-0.0119,2.94,-32.25,16,45.88,-81.64,-156.95
52.387764,-1.524157,140.73,10.25,4,273.4,21 / 21,1010328,2019-09-06 18:32:57:010,0.6283,0.1369,9.583,0.0086,0.0255,9.8065,0.2005,0.0392,0.0199,3.13,-31.69,16,46.59,-81.76,-156.21
52.387844,-1.52556,140.82,10.78,4,276.79,20 / 20,1010429,2019-09-06 18:32:57:111,0.4203,1.0291,10.1829,-0.0138,-0.0178,9.8065,0.0564,-0.0361,-0.0286,3.63,-31.81,16.38,50.34,-81.65,-156.6
52.387844,-1.52556,140.82,10.78,4,276.79,20 / 20,1010529,2019-09-06 18:32:57:211,0.8345,0.2114,8.8802,0.0014,-0.0038,9.8066,-0.0606,-0.0754,0.0318,3.19,-32.12,15.13,48.08,-81.7,-156.59
52.387844,-1.52556,140.82,10.78,4,276.79,20 / 20,1010628,2019-09-06 18:32:57:310,-0.3935,-0.3171,9.6319,0.0077,0.0043,9.8066,-0.1795,0.0311,-0.012,2.75,-32,14.5,48.16,-82.07,-155.9
52.387844,-1.52556,140.82,10.78,4,276.79,20 / 20,1010729,2019-09-06 18:32:57:411,-0.2494,1.6117,10.1759,0.0053,0.0149,9.8066,0.0503,0.0443,-0.0214,2.38,-32.87,14.94,44.35,-82.37,-155.23
52.387844,-1.52556,140.82,10.78,4,276.79,20 / 20,1010829,2019-09-06 18:32:57:511,0.7197,-0.085,10.0354,-0.0097,-0.016,9.8066,0.0673,-0.0128,-0.0002,2.63,-32.94,15.31,48.68,-82.3,-155.5
52.387844,-1.52556,140.82,10.78,4,276.79,20 / 20,1010929,2019-09-06 18:32:57:611,0.7628,0.9302,9.9758,0.0064,-0.003,9.8066,0.0487,-0.0177,0.0245,2.81,-32.75,15.25,48.31,-82.02,-156.27
52.387844,-1.52556,140.82,10.78,4,276.79,20 / 20,1011028,2019-09-06 18:32:57:710,-0.1099,0.9422,9.7578,-0.0138,-0.009,9.8066,0.0206,-0.0537,0.0511,2.44,-33.19,16.13,42.26,-81.79,-156.55
52.387844,-1.52556,140.82,10.78,4,276.79,20 / 20,1011128,2019-09-06 18:32:57:810,0.6067,2.426,9.8027,-0.011,-0.0108,9.8066,-0.1618,-0.0432,-0.052,2.5,-33.19,15.88,47.32,-81.63,-156.2
52.387844,-1.52556,140.82,10.78,4,276.79,20 / 20,1011228,2019-09-06 18:32:57:910,-0.3239,1.2939,9.9851,0.0022,0.0192,9.8065,0.1298,0.0576,-0.0472,2.69,-32.5,15.81,47.36,-81.89,-155.38
52.387844,-1.52556,140.82,10.78,4,276.79,20 / 20,1011329,2019-09-06 18:32:58:011,-0.2194,1.061,9.4406,0.0172,0.0311,9.8066,-0.1098,0.0654,-0.0104,2.69,-32.37,16,47.31,-82.03,-155.21
52.387844,-1.52556,140.82,10.78,4,276.79,20 / 20,1011428,2019-09-06 18:32:58:110,0.0304,2.5085,10.3696,0.0118,-0.0168,9.8066,-0.011,-0.1049,0.0523,2.63,-33.44,15.75,49.19,-82.02,-154.08
52.387844,-1.52556,140.82,10.78,4,276.79,20 / 20,1011529,2019-09-06 18:32:58:211,0.9928,0.3958,9.7599,-0.0048,-0.0064,9.8066,0.0357,0.0289,-0.026,3,-32.06,16.19,47.38,-82,-155.2
52.387844,-1.52556,140.82,10.78,4,276.79,20 / 20,1011628,2019-09-06 18:32:58:310,0.7757,1.7604,9.2854,-0.0145,-0.011,9.8066,-0.0348,0.0008,-0.016,2.94,-32.37,15.75,48.29,-81.73,-154.89
52.387844,-1.52556,140.82,10.78,4,276.79,20 / 20,1011728,2019-09-06 18:32:58:410,0.569,1.0808,9.3978,-0.009,-0.0035,9.8066,-0.0776,0.0368,0.0494,3.06,-32.31,15.38,50.58,-81.68,-154.64
52.387844,-1.52556,140.82,10.78,4,276.79,20 / 20,1011829,2019-09-06 18:32:58:511,0.6293,3.1715,9.6261,0.0138,0.0521,9.8065,0.2675,0.0281,-0.0332,2.31,-32,15.63,46.87,-81.97,-152.27
52.387844,-1.52556,140.82,10.78,4,276.79,20 / 20,1011928,2019-09-06 18:32:58:610,-0.382,-0.0311,11.2897,0.0392,0.0946,9.8061,0.2533,-0.0818,0.029,2.81,-32.37,15.44,53.05,-82.05,-151.97
52.387844,-1.52556,140.82,10.78,4,276.79,20 / 20,1012028,2019-09-06 18:32:58:710,-0.4978,-1.407,10.5879,-0.0246,-0.0755,9.8063,0.0646,-0.0763,-0.0028,2.94,-32.06,14.94,52.44,-81.85,-152.84
52.387844,-1.52556,140.82,10.78,4,276.79,20 / 20,1012129,2019-09-06 18:32:58:811,0.3014,-1.0105,9.452,-0.0168,-0.0343,9.8065,0.0682,-0.005,-0.0802,2.94,-32.69,15.75,49.58,-81.31,-154.95
52.387844,-1.52556,140.82,10.78,4,276.79,20 / 20,1012228,2019-09-06 18:32:58:910,0.878,1.6167,8.8738,0.0095,0.0052,9.8066,-0.1971,-0.022,-0.0217,2.81,-31.81,14.69,50.54,-81.49,-154.99
52.387844,-1.52556,140.82,10.78,4,276.79,20 / 20,1012328,2019-09-06 18:32:59:010,0.9392,1.2644,9.4792,-0.0029,-0.0133,9.8065,-0.1652,-0.0492,-0.0101,2.88,-32.56,15.63,49.04,-81.63,-154.84
52.387844,-1.52556,140.82,10.78,4,276.79,20 / 21,1012429,2019-09-06 18:32:59:111,1.1508,2.4015,9.3687,0.0153,0.0383,9.8065,0.1193,-0.0077,0.0107,3,-32.56,15.06,52.5,-81.9,-153.14
52.387844,-1.52556,140.82,10.78,4,276.79,20 / 21,1012529,2019-09-06 18:32:59:211,0.8885,0.9112,10.0191,0.0052,0.0245,9.8065,0.0022,-0.0404,0.0497,2.69,-32.56,14.88,52.85,-81.8,-153.04
52.387844,-1.52556,140.82,10.78,4,276.79,20 / 21,1012628,2019-09-06 18:32:59:310,-0.6358,0.4663,9.8878,-0.0154,-0.0133,9.8066,-0.0125,-0.0255,0.035,2.25,-32.94,15.44,49.44,-81.66,-152.44
52.387844,-1.52556,140.82,10.78,4,276.79,20 / 21,1012729,2019-09-06 18:32:59:411,0.8756,0.8447,10.3488,-0.0009,-0.0023,9.8066,0,-0.0406,0.0191,2.56,-32.37,15.44,53.93,-81.52,-152.23
52.387844,-1.52556,140.82,10.78,4,276.79,20 / 21,1012828,2019-09-06 18:32:59:510,0.9179,1.5772,10.0614,-0.0063,-0.0051,9.8066,-0.0142,0.0366,-0.0603,2.38,-32.5,15.56,47.94,-81.38,-152.35
52.387844,-1.52556,140.82,10.78,4,276.79,20 / 21,1012929,2019-09-06 18:32:59:611,-0.4679,1.5734,9.7045,0.0009,-0.0002,9.8066,0.0326,-0.0906,0.0638,2.25,-33.06,15.81,47.88,-81.33,-152.89
52.387844,-1.52556,140.82,10.78,4,276.79,20 / 21,1013029,2019-09-06 18:32:59:711,0.6874,0.7537,9.3481,0.0125,0.0286,9.8065,0.094,-0.0033,0.0186,2.69,-32.12,16.13,52.12,-81.33,-152.45
52.387844,-1.52556,140.82,10.78,4,276.79,20 / 21,1013128,2019-09-06 18:32:59:810,0.4737,0.3338,10.3181,0.0186,0.0351,9.8065,0.0681,-0.0186,0.0049,2.5,-32.94,15.81,52.84,-81.39,-152.19
52.387844,-1.52556,140.82,10.78,4,276.79,20 / 21,1013229,2019-09-06 18:32:59:911,0.3842,0.5589,10.4893,-0.0202,-0.0255,9.8065,0.0505,-0.1061,0.0746,2.56,-32.37,16,52.48,-81.38,-152.06
52.387844,-1.52556,140.82,10.78,4,276.79,20 / 21,1013329,2019-09-06 18:33:00:011,-0.095,0.48,9.6791,-0.0095,0.0031,9.8066,0.0996,-0.0137,0.0058,2.31,-32.94,16.44,50.17,-81.14,-151.4
52.387844,-1.52556,140.82,10.78,4,276.79,20 / 21,1013429,2019-09-06 18:33:00:111,0.5059,-0.0774,10.0684,-0.0065,-0.0094,9.8066,0.0413,0.0238,-0.0394,2.19,-32.06,16.56,48.07,-81,-151.65
52.387844,-1.52556,140.82,10.78,4,276.79,20 / 21,1013528,2019-09-06 18:33:00:210,-1.0742,0.832,10.0076,0.0154,0.0331,9.8065,0.2137,-0.121,0.0764,2.38,-32.37,15.88,50.04,-81.19,-150.99
52.387844,-1.52556,140.82,10.78,4,276.79,20 / 21,1013629,2019-09-06 18:33:00:311,1.0601,1.2196,10.1604,0.0028,0.0071,9.8066,0.0056,-0.06,0.0766,2.19,-32.62,16.06,51.9,-81.16,-149.99
52.387844,-1.52556,140.82,10.78,4,276.79,20 / 21,1013729,2019-09-06 18:33:00:411,-0.642,0.7503,10.5688,-0.0159,0.0044,9.8066,-0.0017,0.0598,-0.0519,1.81,-32.37,15.81,52.59,-81.09,-149.11
52.387844,-1.52556,140.82,10.78,4,276.79,20 / 21,1013828,2019-09-06 18:33:00:510,-0.5216,-0.3066,10.5332,-0.0261,-0.0471,9.8065,0.0849,-0.0385,0.0015,2.25,-32.06,15.88,52.31,-81.19,-149.18
52.387844,-1.52556,140.82,10.78,4,276.79,20 / 21,1013928,2019-09-06 18:33:00:610,0.2041,0.3327,10.0665,0.007,-0.0042,9.8066,0.1137,0.0032,-0.0443,1.94,-32.56,16.13,52.46,-81.01,-149.8
52.387844,-1.52556,140.82,10.78,4,276.79,20 / 21,1014029,2019-09-06 18:33:00:711,0.5124,0.3327,9.5634,-0.0004,-0.0254,9.8066,-0.1411,-0.0189,-0.0221,2.19,-32.5,15.75,50.22,-81.01,-151.15
52.387844,-1.52556,140.82,10.78,4,276.79,20 / 21,1014129,2019-09-06 18:33:00:811,-0.9892,0.0688,10.6369,-0.0107,-0.0307,9.8065,-0.0283,-0.0253,0.0619,2.69,-32.62,16.44,55.04,-81.05,-151.01
52.387844,-1.52556,140.82,10.78,4,276.79,20 / 21,1014229,2019-09-06 18:33:00:911,0.3885,1.4492,10.3862,-0.0047,-0.0053,9.8066,0.0723,-0.0077,0.0378,2.13,-32.19,16.31,49.49,-81.09,-151.59
52.387844,-1.52556,140.82,10.78,4,276.79,20 / 21,1014328,2019-09-06 18:33:01:010,1.0651,1.392,12.7389,0.0153,0.006,9.8066,-0.0676,-0.0545,-0.0585,2.13,-32.56,16.81,47.85,-81.06,-152.13
52.387844,-1.52556,140.82,10.78,4,276.79,21 / 21,1014429,2019-09-06 18:33:01:111,-1.0112,0.3782,13.0613,0.0415,0.0757,9.8062,0.6126,0.0219,-0.103,2.5,-32.31,16.69,50.09,-80.81,-153.51
52.387844,-1.52556,140.82,10.78,4,276.79,21 / 21,1014528,2019-09-06 18:33:01:210,1.4572,-0.7671,11.1436,-0.0372,-0.0937,9.8061,0.3916,0.0699,-0.0117,2.56,-31.81,18.13,46.49,-79.75,-156.62
52.387844,-1.52556,140.82,10.78,4,276.79,21 / 21,1014628,2019-09-06 18:33:01:310,-0.2858,-2.9157,11.2605,-0.0134,-0.0177,9.8066,-0.2532,-0.06,-0.025,2.63,-32.62,18.44,48.54,-79.39,-156.01
52.387844,-1.52556,140.82,10.78,4,276.79,21 / 21,1014729,2019-09-06 18:33:01:411,-1.3091,-0.4589,7.021,0.0148,0.0952,9.8061,-0.1556,-0.1344,0.0423,2.5,-31.87,17.19,47.63,-79.83,-156.94
52.387844,-1.52556,140.82,10.78,4,276.79,21 / 21,1014829,2019-09-06 18:33:01:511,-1.519,-2.1193,7.4404,0.0909,0.1269,9.8054,-0.3031,-0.1089,-0.0722,3.25,-33.06,15.5,52.43,-81.68,-152.03
52.387844,-1.52556,140.82,10.78,4,276.79,21 / 21,1014929,2019-09-06 18:33:01:611,1.7517,1.3361,9.9519,0.0684,0.0877,9.8059,-0.401,-0.0621,-0.133,3.31,-33.12,13.38,59.08,-83.67,-147.65
52.387844,-1.52556,140.82,10.78,4,276.79,21 / 21,1015029,2019-09-06 18:33:01:711,-0.3063,3.4763,12.3006,-0.0047,-0.0077,9.8066,0.0883,0.0284,0.0395,2.56,-32.94,13.81,58.01,-84.06,-145.93
52.387844,-1.52556,140.82,10.78,4,276.79,21 / 21,1015128,2019-09-06 18:33:01:810,0.459,2.0332,11.9045,-0.0018,-0.0465,9.8065,0.2203,0.0817,0.029,2.69,-32.12,14.81,51.08,-83.09,-151.79
52.387844,-1.52556,140.82,10.78,4,276.79,21 / 21,1015229,2019-09-06 18:33:01:911,0.0413,-3.3463,9.1072,-0.0401,-0.1772,9.8049,0.2602,0.073,-0.0626,3,-31.37,17.19,40.47,-81.15,-160.26
52.387844,-1.52556,140.82,10.78,4,276.79,21 / 21,1015329,2019-09-06 18:33:02:011,-1.7269,-1.0804,9.0725,-0.008,0.0043,9.8066,-0.127,-0.0688,0.0938,3.38,-32.06,16.88,40.46,-79.87,-162.29
52.387844,-1.52556,140.82,10.78,4,276.79,21 / 21,1015429,2019-09-06 18:33:02:111,0.401,1.5325,9.2475,0.0185,0.0688,9.8063,0.033,-0.0013,-0.0541,3,-31.81,17.13,41.53,-80.22,-161.02
52.387844,-1.52556,140.82,10.78,4,276.79,21 / 21,1015528,2019-09-06 18:33:02:210,0.3765,-1.2968,9.7288,0.0248,0.0603,9.8064,-0.0378,-0.0737,0.0365,3.75,-32.06,16.19,47.14,-81.42,-159.55
52.387844,-1.52556,140.82,10.78,4,276.79,21 / 21,1015628,2019-09-06 18:33:02:310,-0.0493,1.6088,9.473,0.0366,0.0253,9.8065,0.1652,-0.026,-0.0405,3.56,-31.44,16.5,43.58,-81.79,-160.07
52.387844,-1.52556,140.82,10.78,4,276.79,21 / 21,1015729,2019-09-06 18:33:02:411,-0.811,-1.8624,9.7834,-0.0072,-0.0465,9.8065,0.1091,0.0571,-0.073,3.25,-31.94,16,39.69,-81.41,-162.1
52.387844,-1.52556,140.82,10.78,4,276.79,21 / 21,1015828,2019-09-06 18:33:02:510,0.0209,-2.7482,10.2528,-0.0102,-0.0452,9.8065,0.1107,-0.0138,-0.0098,3.63,-31.37,16.75,40.17,-81.08,-163.69
52.387844,-1.52556,140.82,10.78,4,276.79,21 / 21,1015928,2019-09-06 18:33:02:610,-1.2018,0.5755,10.2332,0.0133,0.0172,9.8066,-0.1093,-0.1275,-0.0086,4,-32,16.75,39.98,-80.89,-164.42
52.387844,-1.52556,140.82,10.78,4,276.79,21 / 21,1016028,2019-09-06 18:33:02:710,0.3929,-0.9188,9.9974,0.0173,0.0282,9.8066,0.0046,-0.0345,0.0675,3.75,-31.31,16.38,40.13,-81.21,-164.96
52.387844,-1.52556,140.82,10.78,4,276.79,21 / 21,1016128,2019-09-06 18:33:02:810,0.4328,-0.4929,10.4528,0.02,0.0283,9.8066,-0.1525,0.0772,-0.0001,3.63,-32,16.63,38.48,-81.58,-164.71
52.387844,-1.52556,140.82,10.78,4,276.79,21 / 21,1016228,2019-09-06 18:33:02:910,-0.2357,-1.5068,9.8605,0.0129,0.0115,9.8066,0.0661,-0.0007,-0.1212,3.88,-31.87,16.25,40.07,-81.49,-164.98
52.387844,-1.52556,140.82,10.78,4,276.79,21 / 21,1016328,2019-09-06 18:33:03:010,-0.077,-1.1981,9.3559,-0.0242,-0.0304,9.8065,0.0171,0.0406,-0.0003,3.69,-31.69,16.69,38.92,-81.02,-165.07
52.387844,-1.52556,140.82,10.78,4,276.79,21 / 21,1016428,2019-09-06 18:33:03:110,1.6691,-1.1497,9.479,-0.0056,-0.0315,9.8065,0.0098,0.1372,-0.1432,3.75,-32.06,16.44,41.2,-80.83,-165.02
52.387844,-1.52556,140.82,10.78,4,276.79,21 / 21,1016529,2019-09-06 18:33:03:211,-0.9105,-0.2351,10.6688,0.0084,0.0421,9.8065,0.1057,0.0893,-0.0081,3.63,-32.25,17.19,39.14,-80.89,-165.06
52.387844,-1.52556,140.82,10.78,4,276.79,21 / 21,1016628,2019-09-06 18:33:03:310,-0.6119,0.6333,9.0573,0.0288,0.0505,9.8064,0.0523,0.0377,-0.0198,4.31,-31.75,16.94,39.71,-81.27,-164.15
52.387844,-1.52556,140.82,10.78,4,276.79,21 / 21,1016729,2019-09-06 18:33:03:411,-1.2267,-1.075,10.3594,0.0167,-0.0346,9.8065,0.0451,-0.0531,-0.0378,4.13,-31.56,16.5,37.37,-81.29,-165.92
52.387844,-1.52556,140.82,10.78,4,276.79,21 / 21,1016829,2019-09-06 18:33:03:511,0.9758,-0.059,9.3229,0.0103,-0.0217,9.8065,-0.1374,-0.0628,0.0213,4.56,-31.62,16.5,38.97,-81.35,-167.62
52.387844,-1.52556,140.82,10.78,4,276.79,21 / 21,1016928,2019-09-06 18:33:03:610,-2.0955,-1.4316,9.8745,0.0015,-0.0168,9.8066,-0.1621,0.0218,-0.1472,4.63,-31.69,16.88,36.27,-81.45,-169.6
52.387844,-1.52556,140.82,10.78,4,276.79,21 / 21,1017028,2019-09-06 18:33:03:710,1.1287,-1.2791,10.0513,0.0269,-0.0017,9.8066,-0.0567,-0.0661,-0.0334,4.44,-31.5,16.19,31.22,-81.66,-171.23
52.387844,-1.52556,140.82,10.78,4,276.79,21 / 21,1017128,2019-09-06 18:33:03:810,-1.177,0.334,10.612,0.0013,-0.0164,9.8066,0.0377,0.0939,-0.1392,4.63,-31.69,16.38,34.19,-81.72,-172.37
52.387844,-1.52556,140.82,10.78,4,276.79,21 / 21,1017229,2019-09-06 18:33:03:911,0.5332,-1.763,10.1416,0.0238,-0.0228,9.8066,0.0643,-0.0256,-0.0088,4.88,-30.69,16.06,30.08,-81.62,-175.32
52.387844,-1.52556,140.82,10.78,4,276.79,21 / 21,1017329,2019-09-06 18:33:04:011,-1.7405,-1.5467,10.0057,0.0182,-0.0135,9.8065,0.0074,-0.0361,-0.0127,4.81,-31.62,15.88,27.7,-81.61,-177.36
52.387844,-1.52556,140.82,10.78,4,276.79,21 / 21,1017429,2019-09-06 18:33:04:111,0.4253,-0.0906,9.5351,0.0224,-0.0205,9.8065,-0.0374,-0.0179,0.0243,5.5,-30.5,16.06,29.76,-81.67,-178.33
52.387844,-1.52556,140.82,10.78,4,276.79,21 / 21,1017528,2019-09-06 18:33:04:210,0.0497,-0.5732,8.742,0.0187,0.0041,9.8066,-0.1489,-0.0568,-0.0107,4.69,-31.12,16,23.12,-81.71,179.53
52.387844,-1.52556,140.82,10.78,4,276.79,21 / 21,1017629,2019-09-06 18:33:04:311,1.4045,-0.4234,9.5763,-0.0166,-0.0215,9.8066,-0.2161,0.0877,-0.1674,5,-30.87,16.38,22.84,-81.81,179.39
52.387844,-1.52556,140.82,10.78,4,276.79,21 / 21,1017728,2019-09-06 18:33:04:410,-1.2573,-2.0581,9.6242,0.0245,0.0077,9.8066,-0.0238,-0.0722,0.1285,4.5,-30.31,15.63,20.08,-82.2,177.77
52.387844,-1.52556,140.82,10.78,4,276.79,21 / 21,1017829,2019-09-06 18:33:04:511,0.2609,-2.2257,9.1827,-0.014,0.0203,9.8066,-0.1035,-0.0911,-0.0272,4.19,-29.81,15.94,18.29,-82.52,179.85
52.387844,-1.52556,140.82,10.78,4,276.79,21 / 21,1017929,2019-09-06 18:33:04:611,1.282,-0.0013,10.0662,-0.0052,0.0021,9.8066,0.0469,-0.0001,0.0115,4.31,-30.62,15.25,21.88,-82.46,-178.83
52.387844,-1.52556,140.82,10.78,4,276.79,21 / 21,1018029,2019-09-06 18:33:04:711,-2.342,-1.3019,8.9189,-0.051,-0.0386,9.8064,-0.1666,0.0177,0.0985,4.06,-30.5,16,21.96,-82.45,-177.38
52.387844,-1.52556,140.82,10.78,4,276.79,21 / 21,1018129,2019-09-06 18:33:04:811,0.8935,0.0757,10.4023,-0.0281,-0.018,9.8066,-0.2119,0.0194,0.0154,4.06,-30.19,15.94,25.76,-82.18,-174.67
52.387844,-1.52556,140.82,10.78,4,276.79,21 / 21,1018230,2019-09-06 18:33:04:912,-1.5182,0.4958,10.8326,0.0174,0.0365,9.8065,0.0079,-0.1009,0.0381,4.38,-30.81,16.06,27.08,-82.51,-173.57
52.387844,-1.52556,140.82,10.78,4,276.79,21 / 21,1018328,2019-09-06 18:33:05:010,0.5175,1.0975,9.9169,0.0179,-0.0005,9.8066,-0.0411,0.0186,-0.0668,4.31,-30.62,16.31,26.57,-82.43,-174.04
52.387844,-1.52556,140.82,10.78,4,276.79,21 / 21,1018429,2019-09-06 18:33:05:111,-0.5592,0.1407,9.9873,0.0212,-0.0002,9.8066,0.1604,-0.0241,-0.0363,5.13,-30.81,16.75,25.83,-82.29,-176.64
52.387844,-1.52556,140.82,10.78,4,276.79,21 / 21,1018528,2019-09-06 18:33:05:210,0.0062,-3.0471,10.4846,0.0362,0.0354,9.8065,0.2469,0.0831,-0.0695,5.38,-30.94,17.06,23.28,-82.23,-178.67
52.387844,-1.52556,140.82,10.78,4,276.79,21 / 21,1018629,2019-09-06 18:33:05:311,-1.4629,-0.8705,9.9308,-0.0077,-0.0413,9.8065,-0.0499,-0.0712,0.092,5.88,-31.31,16.19,27.39,-82.2,-179.9
52.387844,-1.52556,140.82,10.78,4,276.79,21 / 21,1018729,2019-09-06 18:33:05:411,1.6309,-0.3103,9.4132,-0.0176,-0.0137,9.8066,-0.1237,0.0235,-0.0979,5.44,-31.31,16.44,23.44,-82.09,-179.94
52.387844,-1.52556,140.82,10.78,4,276.79,21 / 21,1018828,2019-09-06 18:33:05:510,-0.1848,0.8377,9.2736,-0.006,0.0426,9.8065,0.0554,0.0623,0.128,5.06,-30.62,16.06,25.51,-82.51,-178
52.387844,-1.52556,140.82,10.78,4,276.79,21 / 21,1018928,2019-09-06 18:33:05:610,-0.5098,1.8712,10.1001,-0.0203,0.0197,9.8065,-0.143,0.0208,0.0759,5.06,-31.69,16.06,28.07,-82.49,-176.24
52.387844,-1.52556,140.82,10.78,4,276.79,21 / 21,1019029,2019-09-06 18:33:05:711,1.3863,-1.43,9.4243,-0.0011,0.0162,9.8065,0.0473,-0.0779,0.0568,4.69,-31,16.06,29.85,-82.7,-174.44
52.387844,-1.52556,140.82,10.78,4,276.79,21 / 21,1019128,2019-09-06 18:33:05:810,-3.1725,-0.2789,11.1881,-0.0064,0.015,9.8066,0.2181,-0.1586,0.0855,4.88,-31.06,16.13,32.23,-82.68,-172.57
52.387844,-1.52556,140.82,10.78,4,276.79,21 / 21,1019229,2019-09-06 18:33:05:911,-1.8955,0.6257,10.5987,-0.0121,-0.061,9.8064,-0.101,-0.0902,0.036,4.81,-31.69,16.19,32.96,-82.49,-172.44
52.387844,-1.52556,140.82,10.78,4,276.79,21 / 21,1019329,2019-09-06 18:33:06:011,-0.1789,0.3433,9.9127,-0.0075,-0.0152,9.8066,-0.0326,-0.0284,-0.0611,5.06,-31.69,15.63,31.34,-82.27,-173.95
52.387924,-1.526766,142.04,9.61,4,278,21 / 21,1019430,2019-09-06 18:33:06:112,-1.5412,-0.8987,8.4316,0.0007,0.0085,9.8066,-0.1445,0.0121,0.075,4.19,-31.87,15.75,26.73,-82.5,-174.06
52.387924,-1.526766,142.04,9.61,4,278,21 / 21,1019529,2019-09-06 18:33:06:211,0.2102,-0.1294,10.6751,0.0256,0.0354,9.8065,-0.1411,0.0232,0.0242,4.81,-31.44,16.06,31.28,-82.94,-173.07
52.387924,-1.526766,142.04,9.61,4,278,21 / 21,1019628,2019-09-06 18:33:06:310,0.1268,0.7369,9.3196,-0.0049,0.0053,9.8066,0.0118,-0.0256,-0.0023,4.88,-32,15.69,30.75,-83.08,-173.55
52.387924,-1.526766,142.04,9.61,4,278,21 / 21,1019729,2019-09-06 18:33:06:411,1.3774,0.4867,9.0484,-0.0012,-0.0104,9.8066,-0.0004,-0.1437,0.0305,4.5,-31.75,14.94,33.28,-83.04,-173.1
52.387924,-1.526766,142.04,9.61,4,278,21 / 21,1019829,2019-09-06 18:33:06:511,-0.9877,-1.6685,10.4306,0.0146,0.0279,9.8065,0.0249,-0.0405,0.0307,4.81,-31.06,15.13,32.23,-83.2,-173.51
52.387924,-1.526766,142.04,9.61,4,278,21 / 21,1019929,2019-09-06 18:33:06:611,-1.0857,1.3752,10.5619,-0.0205,-0.0105,9.8066,-0.0686,-0.0964,0.0665,4.38,-31.62,15.13,29.74,-83.17,-172.37
52.387924,-1.526766,142.04,9.61,4,278,21 / 21,1020028,2019-09-06 18:33:06:710,0.513,-0.0597,9.2192,0.0016,0.0166,9.8066,-0.0091,-0.0424,0.012,4.5,-31.75,14.94,36.04,-83.41,-170.45
52.387924,-1.526766,142.04,9.61,4,278,21 / 21,1020129,2019-09-06 18:33:06:811,0.0829,0.5448,9.9135,-0.0038,0.0103,9.8065,-0.0383,0.0072,0.0555,4.31,-32,15.19,33.17,-83.41,-169.39
52.387924,-1.526766,142.04,9.61,4,278,21 / 21,1020229,2019-09-06 18:33:06:911,-0.4811,1.6599,10.2743,-0.0035,0.0047,9.8066,0.1447,0.05,0.0064,3.81,-31.69,15.06,34.57,-83.46,-168.21
52.387924,-1.526766,142.04,9.61,4,278,21 / 21,1020329,2019-09-06 18:33:07:011,1.5162,1.596,9.7657,0.0082,0.0195,9.8066,0.0715,0.0076,0.0011,4.5,-31.56,14.13,41.21,-83.53,-167.85
52.387924,-1.526766,142.04,9.61,4,278,21 / 21,1020429,2019-09-06 18:33:07:111,-0.7169,1.7204,9.8043,-0.0044,-0.0096,9.8066,-0.0495,-0.149,0.0559,4.13,-31.94,14.75,35.45,-83.47,-167.5
52.387924,-1.526766,142.04,9.61,4,278,21 / 21,1020528,2019-09-06 18:33:07:210,1.2343,0.6565,9.0984,-0.0017,0.0015,9.8066,0.0226,-0.0777,0.0329,4.31,-31.94,14.06,38.32,-83.51,-166.69
52.387924,-1.526766,142.04,9.61,4,278,21 / 21,1020629,2019-09-06 18:33:07:311,0.1781,0.8194,9.9348,0.0045,0.0213,9.8065,0.0368,-0.0008,-0.0053,4.31,-32.12,14.38,38.32,-83.62,-166.52
52.387924,-1.526766,142.04,9.61,4,278,21 / 21,1020729,2019-09-06 18:33:07:411,0.4879,0.4669,9.6207,0.0122,0.0209,9.8066,0.0927,-0.0246,0.0237,3.94,-31.75,14.75,36.63,-83.82,-166.08
52.387924,-1.526766,142.04,9.61,4,278,21 / 21,1020829,2019-09-06 18:33:07:511,-0.5324,-0.3744,9.5507,-0.0179,-0.0254,9.8066,-0.0925,0.0087,-0.0083,4.44,-32,13.81,39.37,-83.56,-165.78
52.387924,-1.526766,142.04,9.61,4,278,21 / 21,1020929,2019-09-06 18:33:07:611,0.2679,0.8714,9.7645,-0.0144,-0.0171,9.8066,0.0294,-0.056,0.0611,4.31,-31.56,14.31,39.86,-83.59,-165.34
52.387924,-1.526766,142.04,9.61,4,278,21 / 21,1021028,2019-09-06 18:33:07:710,0.4106,1.437,9.6467,0.0007,0.0204,9.8066,-0.0604,-0.0066,-0.0256,3.5,-31.94,14.63,38.62,-83.56,-164.8
52.387924,-1.526766,142.04,9.61,4,278,21 / 21,1021129,2019-09-06 18:33:07:811,0.6765,0.5993,9.5516,0.0121,-0.0006,9.8066,-0.0906,-0.0034,-0.0121,4.31,-31.19,14.94,37.89,-83.7,-164.95
52.387924,-1.526766,142.04,9.61,4,278,21 / 21,1021229,2019-09-06 18:33:07:911,0.9487,0.575,9.7704,0.0131,0.0232,9.8066,0.0811,0.0247,0.0092,4.56,-30.5,14.63,41.43,-83.86,-164.9
52.387924,-1.526766,142.04,9.61,4,278,21 / 21,1021328,2019-09-06 18:33:08:010,-0.7894,1.31,10.398,0.0053,0.0255,9.8065,0.0951,-0.0215,0.0117,4.69,-29.87,14.63,41.8,-83.9,-164.54
52.387924,-1.526766,142.04,9.61,4,278,21 / 21,1021428,2019-09-06 18:33:08:110,0.2745,0.9454,9.9265,-0.0056,-0.0253,9.8066,-0.033,0.0018,-0.0088,4.75,-29.94,14.13,43.47,-83.87,-164.9
52.387924,-1.526766,142.04,9.61,4,278,21 / 21,1021529,2019-09-06 18:33:08:211,0.3626,1.5378,9.8332,-0.0104,-0.0268,9.8065,-0.0031,-0.0021,-0.0235,4.25,-30.44,14.69,36.31,-83.72,-165.99
52.387924,-1.526766,142.04,9.61,4,278,21 / 21,1021629,2019-09-06 18:33:08:311,-0.5149,-0.0507,9.323,0.0144,0.0059,9.8066,-0.0015,-0.0056,0.0003,5.31,-30.5,13.56,42.22,-83.73,-166.14
52.387924,-1.526766,142.04,9.61,4,278,21 / 21,1021729,2019-09-06 18:33:08:411,0.0206,1.1425,9.5735,-0.0007,0.0027,9.8066,-0.0487,-0.0404,0.0366,4.44,-31.12,13.31,40.12,-83.75,-166.39
52.387924,-1.526766,142.04,9.61,4,278,21 / 21,1021829,2019-09-06 18:33:08:511,-0.2522,0.7599,9.5996,0.0022,0.0021,9.8066,0.0058,-0.0254,0.0218,4.06,-31.31,12.94,41.23,-83.76,-165.46
52.387924,-1.526766,142.04,9.61,4,278,21 / 21,1021929,2019-09-06 18:33:08:611,0.2449,2.2951,10.1675,-0.0044,0.0047,9.8066,-0.0573,0.0124,-0.0323,3.75,-31.94,12.81,41.95,-83.86,-165.03
52.387924,-1.526766,142.04,9.61,4,278,21 / 21,1022029,2019-09-06 18:33:08:711,-0.4914,0.1232,10.2815,-0.0083,-0.0244,9.8066,0.0237,-0.0165,0.0101,4.44,-31.75,12.56,41.22,-83.89,-165.56
52.387924,-1.526766,142.04,9.61,4,278,21 / 21,1022129,2019-09-06 18:33:08:811,0.2176,0.2998,9.6961,-0.0162,-0.0204,9.8066,0.052,-0.0275,0.0338,3.94,-31.62,13.63,38.38,-83.68,-166.39
52.387924,-1.526766,142.04,9.61,4,278,21 / 21,1022229,2019-09-06 18:33:08:911,0.079,1.4979,9.1093,0.0004,0.0037,9.8066,-0.0955,-0.0438,-0.0326,3.44,-31.75,13.75,35.34,-83.63,-165.19
52.387924,-1.526766,142.04,9.61,4,278,21 / 21,1022329,2019-09-06 18:33:09:011,0.3728,0.6524,9.8052,0.0087,-0.0004,9.8065,-0.0899,0.0219,0.0084,4.19,-32,14,39.04,-83.77,-165.73
52.387924,-1.526766,142.04,9.61,4,278,21 / 21,1022429,2019-09-06 18:33:09:111,0.412,1.2288,8.9599,-0.0032,0.0221,9.8066,-0.0301,-0.0157,-0.0214,4.25,-32.19,13.31,41.34,-84.19,-164.98
52.387924,-1.526766,142.04,9.61,4,278,21 / 21,1022529,2019-09-06 18:33:09:211,0.2957,0.8249,9.9633,0.0062,0.0266,9.8065,-0.0346,-0.0505,0.018,3.31,-32.31,14,36.2,-84.34,-163.53
52.387924,-1.526766,142.04,9.61,4,278,21 / 21,1022629,2019-09-06 18:33:09:311,-0.0632,0.4669,9.7474,0.0102,0.0058,9.8066,-0.0173,0.0393,-0.0231,3.88,-32.5,12.63,42.85,-84.51,-163.2
52.387924,-1.526766,142.04,9.61,4,278,21 / 21,1022729,2019-09-06 18:33:09:411,0.0798,0.2344,10.0112,-0.0021,-0.0163,9.8066,0.0201,-0.04,0.0466,3.56,-32.62,13.56,39.61,-84.58,-164.32
52.387924,-1.526766,142.04,9.61,4,278,21 / 21,1022828,2019-09-06 18:33:09:510,0.1267,0.5696,9.7332,-0.002,0.0063,9.8066,0.025,-0.0169,0.0039,3.94,-32.19,13.75,40.13,-84.54,-163.7
52.387924,-1.526766,142.04,9.61,4,278,21 / 21,1022929,2019-09-06 18:33:09:611,0.3242,0.3108,9.7906,-0.0012,0.0081,9.8065,-0.0573,-0.0446,0.0038,3.81,-32.62,13.38,43.19,-84.54,-163.15
52.387924,-1.526766,142.04,9.61,4,278,21 / 21,1023028,2019-09-06 18:33:09:710,-0.0242,0.3891,9.9439,0.0052,0.0044,9.8066,-0.0671,-0.0134,-0.0228,3.69,-32.44,12.88,42.96,-84.67,-162.85
52.387924,-1.526766,142.04,9.61,4,278,21 / 21,1023129,2019-09-06 18:33:09:811,0.5188,0.6961,9.7501,0.011,0.0043,9.8066,-0.0109,0.0138,-0.0171,4.19,-31.94,13.5,40.21,-84.84,-163.19
52.387924,-1.526766,142.04,9.61,4,278,21 / 21,1023229,2019-09-06 18:33:09:911,1.1881,-0.1479,9.8993,0.0049,0.002,9.8066,0.015,0.0077,0.0372,3.81,-32.62,13.13,41.89,-84.97,-163.5
52.387924,-1.526766,142.04,9.61,4,278,21 / 21,1023328,2019-09-06 18:33:10:010,0.732,0.3641,9.6186,-0.0079,0.0006,9.8066,0.0596,-0.003,0.0482,3.75,-31.44,13.06,42.41,-84.99,-162.53
52.387924,-1.526766,142.04,9.61,4,278,21 / 21,1023428,2019-09-06 18:33:10:110,0.5293,0.7103,9.422,-0.0074,0.0051,9.8066,-0.0406,0.0383,-0.0101,4.31,-32.12,12.81,46.08,-84.85,-159.91
52.387924,-1.526766,142.04,9.61,4,278,21 / 21,1023529,2019-09-06 18:33:10:211,0.5831,-0.3159,9.2914,-0.0054,0.0029,9.8066,0.0534,0.0189,0.0557,3.69,-31.56,13.25,46.64,-84.83,-159.46
52.387924,-1.526766,142.04,9.61,4,278,21 / 21,1023628,2019-09-06 18:33:10:310,0.8135,0.128,10.162,-0.0118,0.0306,9.8066,0.0397,-0.0334,0.0884,3,-32.19,13.81,42.62,-84.78,-157.52
52.387924,-1.526766,142.04,9.61,4,278,21 / 21,1023728,2019-09-06 18:33:10:410,0.3704,0.8196,9.986,-0.0226,0.0215,9.8065,-0.0039,-0.0173,0.0427,3.06,-31.75,12.75,50.71,-84.72,-152.27
52.387924,-1.526766,142.04,9.61,4,278,21 / 21,1023828,2019-09-06 18:33:10:510,0.1877,0.886,10.2934,-0.0219,-0.0065,9.8065,0.0761,-0.032,0.0649,2.88,-32.75,12.94,54.71,-84.46,-149.68
52.387924,-1.526766,142.04,9.61,4,278,21 / 21,1023928,2019-09-06 18:33:10:610,-0.2874,0.8974,10.287,-0.0128,-0.0118,9.8066,0.0194,-0.0584,0.0437,2.81,-33.25,13.06,55.77,-84.26,-149.19
52.387924,-1.526766,142.04,9.61,4,278,21 / 21,1024028,2019-09-06 18:33:10:710,0.8911,0.3443,10.038,-0.0119,0.0074,9.8065,0.0835,0.0745,0.0023,2.69,-33,13.5,55.03,-84.11,-148.42
52.387924,-1.526766,142.04,9.61,4,278,21 / 21,1024128,2019-09-06 18:33:10:810,0.4495,0.5651,10.3419,0.0025,0.0219,9.8066,0.1313,-0.0132,0.0195,3.06,-32.94,12.81,57.94,-84.06,-147.77
52.387924,-1.526766,142.04,9.61,4,278,21 / 21,1024229,2019-09-06 18:33:10:911,0.0668,1.5526,10.0086,-0.0114,-0.0223,9.8066,-0.0058,0.0179,0.0256,2.44,-32.5,13.25,54.06,-83.83,-147.11
52.387924,-1.526766,142.04,9.61,4,278,21 / 21,1024328,2019-09-06 18:33:11:010,-0.3656,1.7849,10.065,-0.0059,0.0028,9.8065,0.1027,0.0656,-0.0718,3.19,-32.56,13.56,57.41,-83.71,-147.17
52.387924,-1.526766,142.04,9.61,4,278,21 / 21,1024429,2019-09-06 18:33:11:111,0.8412,-0.3207,9.4965,0.0579,0.0021,9.8064,0.1327,-0.1054,0.1023,3.19,-31.69,13.44,53.6,-83.99,-151.25
52.387924,-1.526766,142.04,9.61,4,278,21 / 21,1024529,2019-09-06 18:33:11:211,-1.9128,1.582,9.086,-0.0084,0.0002,9.8066,-0.1176,0.0405,-0.0216,3.13,-32.31,13.81,51.69,-83.91,-151.32
52.387924,-1.526766,142.04,9.61,4,278,21 / 21,1024628,2019-09-06 18:33:11:310,0.148,5.2175,12.9308,-0.0418,-0.0541,9.8064,-0.0234,-0.0298,0.0055,3.94,-31.87,13.69,56.6,-83.82,-150.93
52.387924,-1.526766,142.04,9.61,4,278,21 / 21,1024729,2019-09-06 18:33:11:411,5.388,-0.1395,12.333,-0.0934,-0.1615,9.8048,-0.1449,0.3863,-0.3431,3.88,-31.62,14.13,54.2,-82.87,-154.81
52.387924,-1.526766,142.04,9.61,4,278,21 / 21,1024829,2019-09-06 18:33:11:511,-2.0365,-1.1278,7.277,-0.0322,-0.098,9.806,-0.0067,0.1097,-0.1165,4.13,-31.75,14.5,45.29,-82.44,-161.05
52.387924,-1.526766,142.04,9.61,4,278,21 / 21,1024928,2019-09-06 18:33:11:610,-0.6317,-0.8365,8.4522,-0.0373,-0.0954,9.806,0.039,0.1284,-0.0249,4,-31.44,16,38.66,-81.04,-166.3
52.387924,-1.526766,142.04,9.61,4,278,21 / 21,1025029,2019-09-06 18:33:11:711,-1.7223,-0.5668,8.2578,0.0279,0.1454,9.8055,-0.3468,0.0311,0.0481,3.69,-31.69,14.69,45.15,-81.96,-161.93
52.387924,-1.526766,142.04,9.61,4,278,21 / 21,1025128,2019-09-06 18:33:11:810,-0.0154,2.4126,9.8156,0.0546,0.1589,9.8052,-0.4501,0.0687,-0.1249,3.63,-32.06,13,55.16,-83.57,-154.65
52.387924,-1.526766,142.04,9.61,4,278,21 / 21,1025228,2019-09-06 18:33:11:910,1.979,1.8087,11.5605,0.0868,0.0618,9.8061,-0.0522,-0.0204,-0.053,4.06,-31.12,11.56,57.6,-85.74,-149.75
52.387924,-1.526766,142.04,9.61,4,278,21 / 21,1025329,2019-09-06 18:33:12:011,1.8132,0.6247,9.0901,0.0231,0.0258,9.8065,0.2591,-0.0452,0.0701,3.5,-32.31,11.5,56.4,-85.88,-150.83
52.387924,-1.526766,142.04,9.61,4,278,21 / 21,1025429,2019-09-06 18:33:12:111,0.9344,-1.3728,6.5833,-0.0114,0.0322,9.8065,0.099,-0.0713,0.0714,3.63,-32.12,11.69,56.6,-85.35,-151.8
52.387924,-1.526766,142.04,9.61,4,278,21 / 21,1025528,2019-09-06 18:33:12:210,-0.5676,1.1964,12.1029,0.0016,0.034,9.8066,-0.0419,-0.0272,-0.0517,3,-32.5,11.38,57.92,-84.98,-149.47
52.387924,-1.526766,142.04,9.61,4,278,21 / 21,1025629,2019-09-06 18:33:12:311,1.79,2.6712,14.6049,0.0446,-0.0107,9.8064,0.0334,-0.0082,-0.1572,3.94,-32.06,11,58.23,-85.71,-151.86
52.387924,-1.526766,142.04,9.61,4,278,21 / 21,1025729,2019-09-06 18:33:12:411,2.0969,1.1956,10.909,0.0264,0.0161,9.8066,0.0639,-0.0582,-0.0147,3.63,-32.19,11.31,53.25,-85.95,-155.72
52.387924,-1.526766,142.04,9.61,4,278,21 / 21,1025828,2019-09-06 18:33:12:510,-0.5493,2.3879,11.5851,-0.1018,-0.1341,9.8051,0.3433,0.011,0.0335,3.88,-33.19,12.75,44.39,-85.01,-161.32
52.387924,-1.526766,142.04,9.61,4,278,21 / 21,1025929,2019-09-06 18:33:12:611,-5.6426,-0.1952,8.6022,0.0294,0.0236,9.8065,0.5601,0.3574,-0.1415,3.13,-32.75,14.56,37.02,-82.87,-163.8
52.387924,-1.526766,142.04,9.61,4,278,21 / 21,1026029,2019-09-06 18:33:12:711,-1.9152,-1.6309,10.0286,0.0395,0.0564,9.8064,-0.1263,-0.1053,0.2187,3.38,-32.5,15.31,38.78,-82.19,-163.08
52.387924,-1.526766,142.04,9.61,4,278,21 / 21,1026129,2019-09-06 18:33:12:811,1.8899,-1.1494,9.6406,0.0779,0.1543,9.8051,-0.0674,0.0524,-0.0122,3.31,-33.06,13.88,39.92,-83.16,-162.55
52.387924,-1.526766,142.04,9.61,4,278,21 / 21,1026229,2019-09-06 18:33:12:911,5.0147,-4.9871,9.8365,0.0128,-0.0196,9.8066,-0.0161,0.4539,-0.2835,3.31,-32.94,13.75,41.34,-83.7,-160.57
52.387924,-1.526766,142.04,9.61,4,278,21 / 21,1026329,2019-09-06 18:33:13:011,-2.7907,0.3636,10.034,-0.0092,-0.0433,9.8065,-0.1043,0.1464,-0.0494,3.13,-32.75,13.38,48.25,-83.8,-156.45
52.387924,-1.526766,142.04,9.61,4,278,21 / 21,1026428,2019-09-06 18:33:13:110,-0.1339,0.4915,10.2204,0.0016,-0.0129,9.8066,0.0156,-0.0543,-0.0405,3.38,-32.94,13.88,45.25,-83.61,-157.56
52.387924,-1.526766,142.04,9.61,4,278,21 / 21,1026529,2019-09-06 18:33:13:211,-0.5774,-1.4643,10.0556,-0.0149,-0.0136,9.8066,0.0528,-0.0713,0.0471,3.69,-32.37,13.88,47.94,-83.17,-159.44
52.387924,-1.526766,142.04,9.61,4,278,21 / 21,1026628,2019-09-06 18:33:13:310,-0.5827,-1.2964,9.6878,0.0011,0.0183,9.8066,0.0207,0.0397,0.0575,3,-32.69,14.06,44.35,-83.12,-159.12
52.387924,-1.526766,142.04,9.61,4,278,21 / 21,1026729,2019-09-06 18:33:13:411,-0.9426,-2.4043,10.4697,0.0058,0.0124,9.8066,-0.0161,0.0003,-0.0135,3.31,-32.87,14.25,44.9,-83.2,-158.54
52.387924,-1.526766,142.04,9.61,4,278,21 / 21,1026829,2019-09-06 18:33:13:511,-0.1864,-0.3642,9.42,-0.003,-0.022,9.8066,-0.0176,-0.0454,-0.0305,3.38,-32.5,14.19,43.98,-83.19,-158.95
52.387924,-1.526766,142.04,9.61,4,278,21 / 21,1026930,2019-09-06 18:33:13:612,-0.0752,-0.4826,9.47,0.0066,-0.0253,9.8066,0.0114,-0.0058,-0.0137,3.19,-32.37,14.06,42.48,-83.24,-160.07
52.387924,-1.526766,142.04,9.61,4,278,21 / 21,1027028,2019-09-06 18:33:13:710,0.1889,-0.4035,10.2226,0.0082,0.0121,9.8066,-0.0005,0.0406,-0.0117,3.94,-32.31,14.38,46.54,-83.12,-160.67
52.387924,-1.526766,142.04,9.61,4,278,21 / 21,1027129,2019-09-06 18:33:13:811,-0.8243,-0.9523,10.0882,0.0048,-0.0089,9.8066,-0.0085,-0.0242,-0.0008,3.5,-32.06,14.75,43.94,-83.17,-161.02
52.387924,-1.526766,142.04,9.61,4,278,21 / 21,1027229,2019-09-06 18:33:13:911,0.0715,0.477,10.251,0.0129,0.0217,9.8066,0.0201,-0.002,-0.0411,3.06,-32.87,14.5,38.82,-83.33,-161.73
52.387924,-1.526766,142.04,9.61,4,278,21 / 21,1027328,2019-09-06 18:33:14:010,0.8666,0.7322,10.1884,0.0131,0.0181,9.8066,0.1177,-0.0312,0.0463,3.88,-32.06,14.63,42.33,-83.38,-162.03
52.387924,-1.526766,142.04,9.61,4,278,21 / 21,1027428,2019-09-06 18:33:14:110,-0.9844,0.42,10.015,0.006,-0.001,9.8066,0.011,-0.0452,-0.0446,3.63,-32.62,13.81,43.52,-83.42,-162.95
52.387924,-1.526766,142.04,9.61,4,278,21 / 21,1027529,2019-09-06 18:33:14:211,0.4036,0.8778,10.3469,-0.0163,0.007,9.8066,0.0733,-0.0173,0.0441,4.25,-31.87,13.69,44.96,-83.37,-161.53
52.387924,-1.526766,142.04,9.61,4,278,21 / 21,1027628,2019-09-06 18:33:14:310,-0.1327,0.4447,10.1797,-0.0098,-0.0283,9.8065,0.0823,-0.0285,0.0266,3.69,-31.94,14.31,44.98,-83.37,-161.53
52.387924,-1.526766,142.04,9.61,4,278,21 / 21,1027729,2019-09-06 18:33:14:411,0.0148,-0.0407,9.5734,-0.0113,-0.0257,9.8065,-0.0116,-0.0246,-0.0145,3.63,-32.87,14.06,44.73,-83.22,-162.31
52.387924,-1.526766,142.04,9.61,4,278,21 / 21,1027829,2019-09-06 18:33:14:511,-0.1941,0.7769,9.8145,-0.0095,0.0165,9.8066,-0.0211,-0.0435,0.0561,3.31,-31.87,14.13,42.05,-83.16,-160.55
52.387924,-1.526766,142.04,9.61,4,278,21 / 21,1027929,2019-09-06 18:33:14:611,0.032,0.5675,9.6127,0.0045,0.0208,9.8066,-0.0024,-0.0356,0.0125,3.69,-32.5,14,47.49,-83.19,-159.77
52.387924,-1.526766,142.04,9.61,4,278,21 / 21,1028029,2019-09-06 18:33:14:711,-0.1804,-0.1005,9.7637,-0.0038,0.0015,9.8066,-0.0141,-0.065,0.032,4.13,-32.12,13.81,48.52,-83.21,-158.9
52.387924,-1.526766,142.04,9.61,4,278,21 / 21,1028129,2019-09-06 18:33:14:811,-0.2747,0.5069,10.0083,-0.0146,0.0044,9.8066,0.016,-0.0332,0.0593,3.81,-32.5,13.69,50.02,-83.19,-157.7
52.387924,-1.526766,142.04,9.61,4,278,21 / 21,1028229,2019-09-06 18:33:14:911,0.1283,0.1698,9.8477,-0.0016,0.0071,9.8066,-0.0008,-0.0008,0.0188,3.44,-31.94,13.19,49.01,-83.12,-156.76
52.387924,-1.526766,142.04,9.61,4,278,21 / 21,1028328,2019-09-06 18:33:15:010,0.1541,0.2077,9.9512,-0.0032,0.0111,9.8066,0.0523,0.0031,-0.0084,4.13,-32.37,13.69,52.43,-83.09,-155.87
52.388023,-1.527928,143.24,7.6,4,281.64,21 / 21,1028429,2019-09-06 18:33:15:111,0.1736,0.298,9.7436,0.0058,0.0054,9.8066,0.0543,-0.0232,0.0095,4.94,-32.69,12.94,60.34,-83.09,-155.3
52.388023,-1.527928,143.24,7.6,4,281.64,21 / 21,1028529,2019-09-06 18:33:15:211,0.3558,1.0799,9.9961,-0.006,0.001,9.8066,-0.0774,-0.0445,0.037,4.13,-32,14.44,53.66,-83.14,-154.75
52.388023,-1.527928,143.24,7.6,4,281.64,21 / 21,1028628,2019-09-06 18:33:15:310,0.8227,1.1745,9.7592,0.0051,0.0136,9.8065,-0.055,-0.0062,-0.006,4.81,-31.62,14.25,58.14,-83.18,-154.3
52.388023,-1.527928,143.24,7.6,4,281.64,21 / 21,1028729,2019-09-06 18:33:15:411,0.9028,0.9758,9.3632,0.0184,0.026,9.8066,0.1194,-0.0284,0.0408,3.5,-31.19,14.13,54.03,-83.35,-153.67
52.388023,-1.527928,143.24,7.6,4,281.64,21 / 21,1028829,2019-09-06 18:33:15:511,-0.1579,-1.3676,9.2979,-0.0238,-0.0142,9.8065,0.1327,-0.0254,0.0455,2.88,-31.94,13.38,53.92,-83.1,-152.81
52.388023,-1.527928,143.24,7.6,4,281.64,21 / 21,1028928,2019-09-06 18:33:15:610,0.4322,1.5346,11.1339,-0.0328,0.0053,9.8065,0.0526,0.0882,-0.0249,3.56,-31.44,13,61.3,-83.05,-150.06
52.388023,-1.527928,143.24,7.6,4,281.64,21 / 21,1029028,2019-09-06 18:33:15:710,1.2169,2.6784,12.2985,-0.0021,0.0361,9.8066,-0.1063,-0.0984,0.0604,2.81,-31.81,12.81,61.77,-82.83,-146.8
52.388023,-1.527928,143.24,7.6,4,281.64,21 / 21,1029128,2019-09-06 18:33:15:810,-1.2788,-0.9285,10.2612,0.0084,0.0536,9.8065,0.3238,-0.0158,0.065,2.88,-31.81,13.44,62.41,-82.41,-147.2
52.388023,-1.527928,143.24,7.6,4,281.64,21 / 21,1029229,2019-09-06 18:33:15:911,-2.5979,0.4233,9.1686,-0.0306,-0.0513,9.8064,0.2118,-0.1448,0.0006,2.13,-32.62,14.25,56.6,-82.02,-147.59
52.388023,-1.527928,143.24,7.6,4,281.64,21 / 21,1029329,2019-09-06 18:33:16:011,0.8666,-2.557,5.7172,0.0254,0.0181,9.8065,-0.4691,-0.2327,0.169,2.81,-32.94,12.69,61.94,-81.92,-149.3
52.388023,-1.527928,143.24,7.6,4,281.64,21 / 21,1029429,2019-09-06 18:33:16:111,0.2436,1.2879,9.4467,0.0356,0.0986,9.806,-0.3958,0.0127,-0.0659,1.25,-33.06,11.5,59.96,-83.36,-140.98
52.388023,-1.527928,143.24,7.6,4,281.64,21 / 21,1029529,2019-09-06 18:33:16:211,0.1277,2.8566,12.9358,0.0079,0.0613,9.8064,-0.1381,-0.1221,-0.0281,2.69,-32.69,10.75,81.2,-84.02,-131.52
52.388023,-1.527928,143.24,7.6,4,281.64,21 / 21,1029629,2019-09-06 18:33:16:311,0.9648,1.0315,12.5618,0.0185,-0.0535,9.8064,0.0976,0.0224,-0.1869,2.63,-31.87,11.19,79.11,-84.59,-131.32
52.388023,-1.527928,143.24,7.6,4,281.64,21 / 21,1029729,2019-09-06 18:33:16:411,-0.54,0.0153,9.7524,-0.0329,-0.1178,9.8058,0.2985,-0.0292,0.0256,2.69,-32.44,11.88,68.04,-84.09,-140.46
52.388023,-1.527928,143.24,7.6,4,281.64,21 / 21,1029829,2019-09-06 18:33:16:511,-0.9735,-2.0326,9.3047,-0.0274,-0.0925,9.8061,0.1644,-0.0323,-0.07,3,-32.06,13.13,57.83,-83.1,-149.55
52.388023,-1.527928,143.24,7.6,4,281.64,21 / 21,1029929,2019-09-06 18:33:16:611,-0.3468,-1.8606,8.8628,-0.0183,0.0084,9.8065,-0.0959,-0.0337,0.0896,2.63,-32.75,13.25,56.86,-82.29,-152.6
52.388023,-1.527928,143.24,7.6,4,281.64,21 / 21,1030030,2019-09-06 18:33:16:712,-0.739,-0.0458,9.6321,0.0577,0.0692,9.8062,-0.2652,0.0279,-0.0252,2.88,-32.62,11.69,62.03,-83.5,-147.7
52.388023,-1.527928,143.24,7.6,4,281.64,21 / 21,1030129,2019-09-06 18:33:16:811,0.1382,0.1135,9.8885,0.0477,0.0554,9.8063,-0.144,0.003,-0.0714,2.75,-32.62,11.38,66.49,-84.38,-143.98
52.388023,-1.527928,143.24,7.6,4,281.64,21 / 21,1030228,2019-09-06 18:33:16:910,-0.1172,-1.306,9.4695,0.0153,0.0066,9.8066,-0.003,0.0056,-0.0349,3,-32.87,11.5,63.05,-84.97,-143.14
52.388023,-1.527928,143.24,7.6,4,281.64,21 / 21,1030328,2019-09-06 18:33:17:010,-0.6252,-0.6281,9.4517,-0.0025,-0.0123,9.8066,0.1818,-0.0313,0.0407,3.13,-32.31,11.06,62.89,-84.75,-145.73
52.388023,-1.527928,143.24,7.6,4,281.64,21 / 21,1030429,2019-09-06 18:33:17:111,-0.5531,-1.8441,10.113,-0.0197,-0.0438,9.8064,0.1203,-0.0192,-0.0168,2.38,-33.06,12,53.31,-84.33,-148.74
52.388023,-1.527928,143.24,7.6,4,281.64,21 / 21,1030529,2019-09-06 18:33:17:211,-0.969,-0.2966,9.6893,-0.0197,-0.0153,9.8066,-0.094,-0.0566,0.0419,2.94,-32.69,12.56,56.32,-83.89,-149.52
52.388023,-1.527928,143.24,7.6,4,281.64,21 / 21,1030629,2019-09-06 18:33:17:311,-0.4289,0.0363,9.4364,0.0173,0.0418,9.8065,-0.1657,-0.0375,0.0343,2.56,-32.81,12.56,58.93,-84.18,-146.65
52.388023,-1.527928,143.24,7.6,4,281.64,21 / 21,1030728,2019-09-06 18:33:17:410,0.48,-0.0963,9.841,0.0154,0.0249,9.8066,0.023,-0.0307,0.0001,3.25,-32.62,12.13,61.88,-84.38,-145.64
52.388023,-1.527928,143.24,7.6,4,281.64,21 / 21,1030828,2019-09-06 18:33:17:510,-0.2622,-0.2949,9.9343,-0.0003,-0.0079,9.8066,0.0591,-0.0291,-0.0257,2.56,-32.06,11.69,60.52,-84.63,-145.83
52.388023,-1.527928,143.24,7.6,4,281.64,21 / 21,1030929,2019-09-06 18:33:17:611,-0.7263,0.0068,9.6226,0.008,0.0058,9.8066,0.018,-0.0085,0.0232,2.81,-32.81,11.38,63.78,-84.73,-145.4
52.388023,-1.527928,143.24,7.6,4,281.64,21 / 21,1031029,2019-09-06 18:33:17:711,0.0281,0.141,9.8935,0.0154,-0.0035,9.8066,-0.0087,-0.026,-0.0398,2.81,-32.06,11.25,61.44,-84.79,-146.9
52.388023,-1.527928,143.24,7.6,4,281.64,21 / 21,1031129,2019-09-06 18:33:17:811,-0.261,0.5183,10.4117,0.0015,-0.0043,9.8066,0.068,-0.0395,-0.0269,2.63,-32.37,11.06,59.86,-84.87,-148.07
52.388023,-1.527928,143.24,7.6,4,281.64,21 / 21,1031229,2019-09-06 18:33:17:911,-0.2101,-0.2439,9.9928,0.0169,-0.0003,9.8066,-0.0237,-0.0187,-0.0518,3.88,-31.87,11.38,62.63,-84.82,-150.14
52.388023,-1.527928,143.24,7.6,4,281.64,21 / 21,1031329,2019-09-06 18:33:18:011,1.6161,-0.067,9.0386,0.0139,0.0284,9.8065,0.224,-0.0737,0.0972,2.88,-32.12,11.13,56.56,-84.81,-151.06
52.388023,-1.527928,143.24,7.6,4,281.64,21 / 21,1031429,2019-09-06 18:33:18:111,-2.1798,-0.8759,11.3141,-0.0451,-0.038,9.8065,0.2422,-0.0629,0.0363,2.94,-31.56,11.31,58.99,-84.37,-150.07
52.388023,-1.527928,143.24,7.6,4,281.64,21 / 21,1031528,2019-09-06 18:33:18:210,0.894,-0.5598,10.6224,-0.0025,-0.0178,9.8066,-0.2053,0.0385,-0.1208,2.94,-32.19,11.63,56.19,-84.49,-149.91
52.388023,-1.527928,143.24,7.6,4,281.64,21 / 21,1031628,2019-09-06 18:33:18:310,-0.7563,1.9901,10.5483,-0.0128,-0.0461,9.8065,0.0995,-0.1659,0.0107,3.38,-31.81,11.44,55.42,-84.81,-152.04
52.388023,-1.527928,143.24,7.6,4,281.64,21 / 21,1031728,2019-09-06 18:33:18:410,-1.37,-0.728,10.3053,0.0173,-0.0154,9.8065,0.1025,-0.0458,0.0101,3.31,-31.69,11.56,46.62,-84.55,-157.85
52.388023,-1.527928,143.24,7.6,4,281.64,21 / 21,1031828,2019-09-06 18:33:18:510,0.4392,-1.2102,9.9791,-0.0239,-0.0565,9.8064,0.146,0.0697,-0.1236,3.88,-31.81,11.63,48.89,-84.22,-160.8
52.388023,-1.527928,143.24,7.6,4,281.64,21 / 21,1031929,2019-09-06 18:33:18:611,-0.758,0.7023,10.5498,0.0064,-0.0103,9.8066,-0.1153,0.001,-0.064,3.88,-32,11.31,50.41,-84.34,-161.74
52.388023,-1.527928,143.24,7.6,4,281.64,21 / 21,1032028,2019-09-06 18:33:18:710,0.2095,0.5012,9.9786,0.0116,-0.0192,9.8065,-0.0933,-0.0197,-0.0722,4.31,-32,10.69,46.65,-84.61,-164.25
52.388023,-1.527928,143.24,7.6,4,281.64,21 / 21,1032129,2019-09-06 18:33:18:811,1.6357,0.3441,9.7173,0.016,0.0117,9.8066,0.0634,-0.0887,0.0532,4.25,-32,11.06,43.7,-84.83,-166.21
52.388023,-1.527928,143.24,7.6,4,281.64,21 / 21,1032228,2019-09-06 18:33:18:910,1.0582,0.1097,9.3149,-0.005,0.0047,9.8066,-0.0352,-0.0449,-0.0004,3.81,-32.31,10.56,44.79,-84.65,-165.69
52.388023,-1.527928,143.24,7.6,4,281.64,21 / 21,1032329,2019-09-06 18:33:19:011,-1.241,-0.1681,9.9213,-0.0139,-0.0007,9.8065,-0.0691,-0.0914,0.04,3.63,-32.31,10.44,51.68,-84.6,-162.95
52.388023,-1.527928,143.24,7.6,4,281.64,21 / 21,1032428,2019-09-06 18:33:19:110,-0.0069,1.5241,7.7552,0.0209,0.0004,9.8066,-0.2128,0.0221,-0.0765,3.56,-32.12,10.81,46.94,-84.78,-163.66
52.388023,-1.527928,143.24,7.6,4,281.64,21 / 21,1032529,2019-09-06 18:33:19:211,3.5834,0.2862,10.4142,0.0763,0.0882,9.8059,0.124,0.1176,-0.0685,4.06,-32.12,11.56,38.25,-85.61,-167.16
52.388023,-1.527928,143.24,7.6,4,281.64,21 / 21,1032629,2019-09-06 18:33:19:311,2.2624,1.9727,10.8684,0.0308,0.0633,9.8064,0.134,-0.0046,-0.0154,3.88,-31.81,10.81,40.43,-85.72,-167.25
52.388023,-1.527928,143.24,7.6,4,281.64,21 / 21,1032729,2019-09-06 18:33:19:411,0.0609,1.0768,9.466,-0.0043,-0.0306,9.8066,0.1209,-0.0299,-0.04,4.44,-31.44,10.69,37.34,-85.32,-170.28
52.388023,-1.527928,143.24,7.6,4,281.64,21 / 21,1032829,2019-09-06 18:33:19:511,0.5398,0.2408,10.1617,-0.015,-0.0777,9.8063,0.2327,0.0055,0.017,5.19,-30.87,11.44,39.44,-84.8,-173.63
52.388023,-1.527928,143.24,7.6,4,281.64,21 / 21,1032929,2019-09-06 18:33:19:611,2.1962,0.5216,9.7578,-0.0263,-0.0261,9.8065,-0.0321,0.0689,-0.025,4.5,-31.69,11.38,37.36,-84.4,-176.25
52.388023,-1.527928,143.24,7.6,4,281.64,21 / 21,1033028,2019-09-06 18:33:19:710,0.826,1.5896,9.4571,-0.0116,-0.0086,9.8066,-0.0229,0.0787,-0.0527,5,-32.06,11.19,38.79,-84.15,-175.55
52.388023,-1.527928,143.24,7.6,4,281.64,21 / 21,1033128,2019-09-06 18:33:19:810,1.7767,1.7318,9.5967,0.0123,0.0238,9.8066,-0.0993,0.0228,0.0441,4.38,-31.06,10.94,33.18,-84.5,-174.92
52.388023,-1.527928,143.24,7.6,4,281.64,21 / 21,1033228,2019-09-06 18:33:19:910,2.0181,1.2104,9.7022,0.0001,0.0091,9.8066,-0.09,0.085,-0.0408,4.25,-31.94,11.31,34.1,-84.65,-174.23
52.388023,-1.527928,143.24,7.6,4,281.64,21 / 21,1033328,2019-09-06 18:33:20:010,2.0763,1.6149,9.529,0.0039,0.0183,9.8066,0.0818,0.0254,0.0257,4.5,-31.25,11.31,39.48,-84.76,-173.66
52.388023,-1.527928,143.24,7.6,4,281.64,20 / 20,1033430,2019-09-06 18:33:20:112,1.9452,1.172,9.8498,-0.0076,0.0153,9.8066,0.0137,0.0084,0.0829,3.63,-31.31,11.31,36.43,-84.67,-172.09
52.388023,-1.527928,143.24,7.6,4,281.64,20 / 20,1033529,2019-09-06 18:33:20:211,1.7868,2.1068,10.2275,-0.0209,-0.0031,9.8066,0.0376,0.0696,-0.0034,4.13,-32.12,12,35.83,-84.55,-170.82
52.388023,-1.527928,143.24,7.6,4,281.64,20 / 20,1033628,2019-09-06 18:33:20:310,1.1347,0.833,10.1237,-0.0139,0.0034,9.8065,0.0435,0.0562,0.0206,4.31,-31.56,11.69,39.31,-84.37,-168.32
52.388023,-1.527928,143.24,7.6,4,281.64,20 / 20,1033729,2019-09-06 18:33:20:411,1.9224,1.7848,9.4378,-0.0241,-0.0194,9.8065,-0.0883,0.0908,0.0413,3.69,-31.25,12.19,41.36,-84.16,-166.73
52.388023,-1.527928,143.24,7.6,4,281.64,20 / 20,1033829,2019-09-06 18:33:20:511,2.3204,2.67,10.0518,-0.0171,-0.0074,9.8066,-0.082,0.1149,0.0049,3.31,-32,12.31,38.69,-84.23,-164.87
52.388023,-1.527928,143.24,7.6,4,281.64,20 / 20,1033928,2019-09-06 18:33:20:610,1.6619,2.042,9.7359,-0.0165,0.0346,9.8066,0.1057,0.1467,0.005,3.94,-31.81,11.94,47.47,-84.36,-161.69
52.388023,-1.527928,143.24,7.6,4,281.64,20 / 20,1034028,2019-09-06 18:33:20:710,1.6496,1.085,9.7757,0.0066,0.0291,9.8066,0.1004,0.0979,0.0775,3.25,-32.06,12.94,42.64,-84.45,-159.55
52.388023,-1.527928,143.24,7.6,4,281.64,20 / 20,1034128,2019-09-06 18:33:20:810,1.7931,2.2605,9.5226,-0.0107,0.015,9.8066,-0.0753,0.1531,0.0212,3.06,-32.69,12.25,47.64,-84.46,-157.52
52.388023,-1.527928,143.24,7.6,4,281.64,20 / 20,1034229,2019-09-06 18:33:20:911,1.9272,1.9819,9.9477,-0.0203,-0.0035,9.8066,-0.0961,0.1341,0.0331,2.63,-32.5,13.25,48.9,-84.42,-154.38
52.388023,-1.527928,143.24,7.6,4,281.64,20 / 20,1034329,2019-09-06 18:33:21:011,1.5398,1.1754,10.1347,-0.0023,0.0173,9.8066,0.0543,0.1397,0.008,3.38,-32.25,13,52.02,-84.39,-151.78
52.388023,-1.527928,143.24,7.6,4,281.64,20 / 20,1034428,2019-09-06 18:33:21:110,1.2499,2.0266,10.2361,-0.0073,0.0292,9.8066,0.0938,0.1354,0.0642,3.13,-32.37,14.13,52.14,-84.35,-150.13
52.388023,-1.527928,143.24,7.6,4,281.64,20 / 20,1034528,2019-09-06 18:33:21:210,0.7285,1.7753,10.0419,-0.0152,-0.0174,9.8065,0.041,0.1405,-0.0073,2.06,-32.5,14.56,48.08,-84.04,-149.1
52.388023,-1.527928,143.24,7.6,4,281.64,20 / 20,1034629,2019-09-06 18:33:21:311,0.8575,1.4314,9.4792,-0.01,-0.0167,9.8066,0.0585,0.1168,-0.0134,2.44,-32.75,14.5,48.63,-83.91,-149.16
52.388023,-1.527928,143.24,7.6,4,281.64,20 / 20,1034729,2019-09-06 18:33:21:411,1.1374,1.8412,9.901,-0.0031,-0.0116,9.8066,0.0093,0.124,-0.007,3,-32.25,14.44,54.01,-83.81,-149.54
52.388023,-1.527928,143.24,7.6,4,281.64,20 / 20,1034829,2019-09-06 18:33:21:511,1.1139,1.9737,10.1128,0.002,-0.0154,9.8066,0.0402,0.1099,-0.0287,2.56,-31.69,15.19,50.8,-83.69,-150.97
52.388023,-1.527928,143.24,7.6,4,281.64,20 / 20,1034929,2019-09-06 18:33:21:611,0.9947,1.9768,9.9764,-0.0012,-0.0038,9.8066,0.0529,0.0914,-0.0247,2.69,-32.87,15.56,48.92,-83.58,-151.76
52.388023,-1.527928,143.24,7.6,4,281.64,20 / 20,1035029,2019-09-06 18:33:21:711,1.0069,1.6744,9.516,0.0075,0.001,9.8066,0.0543,0.105,-0.0128,2.88,-32.25,16.13,47.82,-83.55,-152.44
52.388023,-1.527928,143.24,7.6,4,281.64,20 / 20,1035128,2019-09-06 18:33:21:810,0.7554,1.4947,9.5731,0.0013,-0.004,9.8066,0.0022,0.0979,-0.0191,3,-32.87,15.56,47.29,-83.51,-153.23
52.388023,-1.527928,143.24,7.6,4,281.64,20 / 20,1035229,2019-09-06 18:33:21:911,0.6561,1.6847,10.0476,0.0039,0.003,9.8066,0.0346,0.0843,-0.0076,3.06,-32.31,16,46.73,-83.58,-153.31
52.388023,-1.527928,143.24,7.6,4,281.64,20 / 20,1035329,2019-09-06 18:33:22:011,0.7923,1.6304,10.0081,0.0075,-0.0055,9.8066,-0.0069,0.0554,-0.0255,2.75,-31.94,15.63,46.53,-83.63,-153.4
52.388023,-1.527928,143.24,7.6,4,281.64,21 / 21,1035429,2019-09-06 18:33:22:111,0.8823,1.3183,9.8115,0.0042,-0.0046,9.8066,-0.0195,0.0936,-0.0438,3.06,-31.19,16.31,44.89,-83.68,-154.43
52.388023,-1.527928,143.24,7.6,4,281.64,21 / 21,1035530,2019-09-06 18:33:22:212,0.5147,1.6074,9.7212,0.0021,0.0027,9.8066,0.0209,0.0574,0.0171,3.31,-31.69,16.75,43.29,-83.78,-154.82
52.388023,-1.527928,143.24,7.6,4,281.64,21 / 21,1035628,2019-09-06 18:33:22:310,0.5208,1.7989,10.0145,0.0016,0.0036,9.8066,-0.0289,0.0519,-0.0316,3.31,-32.5,17.19,43.44,-83.81,-154.65
52.388023,-1.527928,143.24,7.6,4,281.64,21 / 21,1035729,2019-09-06 18:33:22:411,0.6462,1.7417,10.1189,0.0092,0.0102,9.8066,0.0263,0.0586,0.0009,2.94,-32.06,17.06,43.06,-84,-154.72
52.388023,-1.527928,143.24,7.6,4,281.64,21 / 21,1035828,2019-09-06 18:33:22:510,0.3617,0.9571,9.6099,0.0059,0.0041,9.8066,-0.0077,0.0513,0.0064,3.13,-32.06,17.25,42.64,-84.07,-154.99
52.388023,-1.527928,143.24,7.6,4,281.64,21 / 21,1035928,2019-09-06 18:33:22:610,0.5806,1.3607,9.7668,0.0041,0.0088,9.8066,-0.0171,0.0455,-0.0129,2.94,-32.25,16.88,42.81,-84.17,-154.72
52.388023,-1.527928,143.24,7.6,4,281.64,21 / 21,1036029,2019-09-06 18:33:22:711,0.3211,1.4565,9.9561,0.0042,0.0043,9.8065,-0.0098,0.0369,0,3.25,-32.12,16.88,42.98,-84.31,-154.38
52.388023,-1.527928,143.24,7.6,4,281.64,21 / 21,1036128,2019-09-06 18:33:22:810,0.4848,1.2516,9.9216,0.0009,0.002,9.8065,-0.0285,0.0388,-0.01,3.63,-32.25,17.06,46.59,-84.42,-154.25
52.388023,-1.527928,143.24,7.6,4,281.64,21 / 21,1036228,2019-09-06 18:33:22:910,0.1953,1.2285,9.8781,0.0039,0.0028,9.8066,-0.0247,0.0164,-0.0069,3.44,-31.69,16.63,43.01,-84.47,-154.15
52.388023,-1.527928,143.24,7.6,4,281.64,21 / 21,1036328,2019-09-06 18:33:23:010,0.2572,1.0024,9.8935,0.0069,0.0089,9.8066,0.0243,0.0187,-0.0108,3,-31.31,16.81,42.36,-84.61,-154.31
52.388023,-1.527928,143.24,7.6,4,281.64,20 / 20,1036429,2019-09-06 18:33:23:111,0.4015,0.955,9.8363,0.0094,0.0113,9.8066,0.0153,0.0163,-0.0076,3.75,-31.87,16.69,45.91,-84.71,-154.44
52.388023,-1.527928,143.24,7.6,4,281.64,20 / 20,1036528,2019-09-06 18:33:23:210,0.1862,0.681,9.7724,0.0038,0.002,9.8066,0.0101,0.0231,-0.012,3.5,-31.25,17.75,43.84,-84.77,-154.91
52.388023,-1.527928,143.24,7.6,4,281.64,20 / 20,1036628,2019-09-06 18:33:23:310,0.0304,0.5203,9.8296,0.0063,0.0065,9.8066,0.0134,0.0181,-0.0013,3.31,-31.56,16.63,41.3,-84.85,-155.15
52.388023,-1.527928,143.24,7.6,4,281.64,20 / 20,1036729,2019-09-06 18:33:23:411,0.0204,0.1956,9.8534,0.004,0.0013,9.8066,0.0136,0.023,0.0023,3.25,-32.25,16.88,40.81,-84.93,-155.46
52.388023,-1.527928,143.24,7.6,4,281.64,20 / 20,1036829,2019-09-06 18:33:23:511,-0.0734,0.0352,9.809,0.0039,0.0009,9.8066,0.0032,0.0014,0.0006,3.31,-31.44,16.88,40.23,-84.98,-155.72
52.388023,-1.527928,143.24,7.6,4,281.64,20 / 20,1036929,2019-09-06 18:33:23:611,-0.1539,0.031,9.8668,0.0008,0.0008,9.8066,-0.008,-0.0008,-0.0138,3.19,-31.62,17.69,39.58,-85,-155.59
52.388023,-1.527928,143.24,7.6,4,281.64,20 / 20,1037029,2019-09-06 18:33:23:711,0.1072,0.031,9.9895,0.0044,0.0014,9.8066,-0.01,0.0072,-0.0073,3.63,-32.12,17.13,44,-85.07,-155.63
52.388023,-1.527928,143.24,7.6,4,281.64,20 / 20,1037129,2019-09-06 18:33:23:811,-0.0282,0.126,9.9726,0.004,0.007,9.8066,-0.0013,0.017,0.0018,3.44,-31.5,17.81,39.13,-85.24,-155.54
52.388023,-1.527928,143.24,7.6,4,281.64,20 / 20,1037228,2019-09-06 18:33:23:910,-0.0903,0.1319,9.8407,0.0034,0.0061,9.8066,-0.0087,0.0053,0.0073,3.5,-31.69,18,42.76,-85.31,-155.4
52.388023,-1.527928,143.24,7.6,4,281.64,20 / 20,1037329,2019-09-06 18:33:24:011,-0.1745,-0.0641,9.8359,0.0016,0.0036,9.8066,0.0072,-0.005,-0.0033,3.06,-31.06,17.31,40.31,-85.39,-155.16
52.388126,-1.52867,145.01,0,3,268.78,20 / 20,1037428,2019-09-06 18:33:24:110,-0.1983,-0.1086,9.7913,0.0006,0.0013,9.8066,-0.006,0.0117,-0.0095,3.38,-31.44,17.63,39.42,-85.44,-155.07
52.388126,-1.52867,145.01,0,3,268.78,20 / 20,1037529,2019-09-06 18:33:24:211,-0.131,-0.0681,9.8596,0,0.0025,9.8066,0.0031,0.0052,0.0001,3.63,-31.19,17.38,43.94,-85.48,-154.97
52.388126,-1.52867,145.01,0,3,268.78,20 / 20,1037628,2019-09-06 18:33:24:310,-0.055,-0.0388,9.8661,0.0039,0.0055,9.8066,0.0012,-0.0015,0.0001,3.31,-31.69,17.5,39.66,-85.58,-154.83
52.388126,-1.52867,145.01,0,3,268.78,20 / 20,1037728,2019-09-06 18:33:24:410,-0.1222,-0.0609,9.8574,0.002,0.0021,9.8066,-0.0009,-0.0099,-0.0016,3.13,-31.56,18.44,39.66,-85.61,-154.8
52.388126,-1.52867,145.01,0,3,268.78,20 / 20,1037828,2019-09-06 18:33:24:510,-0.085,0.1216,9.7783,0.0031,0.0066,9.8066,-0.0058,-0.002,-0.0006,3.69,-31.62,17.44,44.21,-85.66,-154.66
52.388126,-1.52867,145.01,0,3,268.78,20 / 20,1037928,2019-09-06 18:33:24:610,-0.1456,-0.0575,9.8228,0.0025,0.004,9.8066,0.0051,-0.0036,0.0089,3.44,-31.25,17.38,40.75,-85.76,-154.31
52.388126,-1.52867,145.01,0,3,268.78,20 / 20,1038028,2019-09-06 18:33:24:710,-0.1706,-0.0876,9.7955,0.002,0.0049,9.8066,0.0072,0.0034,0.0153,3.56,-32,17.94,43.47,-85.86,-154.08
52.388126,-1.52867,145.01,0,3,268.78,20 / 20,1038129,2019-09-06 18:33:24:811,-0.0694,-0.0905,9.8656,0.0004,0.0033,9.8066,-0.0062,-0.0033,-0.0043,3,-31.5,18.06,40.26,-85.9,-153.78
52.388126,-1.52867,145.01,0,3,268.78,20 / 20,1038228,2019-09-06 18:33:24:910,-0.163,-0.1852,9.9212,0.0012,0.0001,9.8066,0.0066,-0.0109,-0.003,3.5,-31.69,17.69,43.63,-85.96,-153.81
52.388126,-1.52867,145.01,0,3,268.78,20 / 20,1038328,2019-09-06 18:33:25:010,-0.2317,-0.56,9.7812,0.0009,0.0004,9.8066,-0.0109,-0.0098,-0.0125,3.06,-31.25,17.19,41.13,-86,-153.67
52.388126,-1.52867,145.01,0,3,268.78,20 / 20,1038429,2019-09-06 18:33:25:111,-0.263,-0.6051,9.7078,0.001,0.0019,9.8066,0.0145,-0.0005,0.0029,3.44,-31.12,17.81,40.07,-86.04,-153.79
52.388126,-1.52867,145.01,0,3,268.78,20 / 20,1038528,2019-09-06 18:33:25:210,-0.2223,-0.4423,9.8869,0.0013,0.0013,9.8066,-0.0006,0.0027,0.0017,3.75,-31.37,17.5,43.27,-86.04,-153.9
52.388126,-1.52867,145.01,0,3,268.78,20 / 20,1038628,2019-09-06 18:33:25:310,-0.2167,-0.3994,9.9644,0.0022,0.0049,9.8066,0.0022,0.0018,0.0092,3.31,-31.5,17.31,40.87,-86.12,-153.77
52.388126,-1.52867,145.01,0,3,268.78,20 / 20,1038728,2019-09-06 18:33:25:410,-0.2886,-0.4393,9.7564,0.0016,0.0027,9.8066,0.0039,0.0006,-0.0017,3.63,-31.44,18.13,43.4,-86.16,-153.63
52.388126,-1.52867,145.01,0,3,268.78,20 / 20,1038828,2019-09-06 18:33:25:510,-0.2206,-0.4149,9.8176,0.0018,0.0023,9.8066,0.0023,-0.0109,-0.0047,3.44,-31.81,17.5,40.05,-86.19,-153.78
52.388126,-1.52867,145.01,0,3,268.78,20 / 20,1038928,2019-09-06 18:33:25:610,-0.192,-0.4605,9.8694,-0.0014,-0.0013,9.8066,0.0024,-0.0056,-0.0042,3.25,-31.62,17.69,40.06,-86.22,-153.74
52.388126,-1.52867,145.01,0,3,268.78,20 / 20,1039028,2019-09-06 18:33:25:710,-0.3716,-0.6361,9.8412,0.0026,0.0017,9.8066,0.0165,0.0045,0.0252,3.75,-31.37,17.5,43.39,-86.33,-153.43
52.388126,-1.52867,145.01,0,3,268.78,20 / 20,1039128,2019-09-06 18:33:25:810,-0.2894,-0.4932,9.9142,0.0017,0.0037,9.8066,0.0528,-0.0007,0.0027,3.31,-30.94,17.81,40.43,-86.39,-153.07
52.388126,-1.52867,145.01,0,3,268.78,20 / 20,1039228,2019-09-06 18:33:25:910,-0.2861,-0.4308,9.907,0.0014,-0.002,9.8066,-0.0121,-0.0012,-0.0056,3.44,-31.69,17.94,40.54,-86.39,-153.09
52.388126,-1.52867,145.01,0,3,268.78,20 / 20,1039328,2019-09-06 18:33:26:010,-0.2304,-0.3837,9.7709,-0.0002,-0.006,9.8066,-0.0206,-0.0208,0.0025,3.56,-31.37,17.5,43.47,-86.41,-153.27
52.388126,-1.52867,145.01,0,3,268.78,20 / 21,1039428,2019-09-06 18:33:26:110,-0.2707,-0.3629,9.8737,0.0018,0.0073,9.8066,-0.0049,-0.0019,-0.0012,3.31,-32,17.25,41.63,-86.5,-152.75
52.388126,-1.52867,145.01,0,3,268.78,20 / 21,1039530,2019-09-06 18:33:26:212,-0.2608,-0.3231,9.9009,0.0026,0.0056,9.8066,0.021,0.0017,-0.0015,3.19,-31.19,17.44,41.45,-86.53,-152.74
52.388126,-1.52867,145.01,0,3,268.78,20 / 21,1039628,2019-09-06 18:33:26:310,-0.1806,-0.2122,9.927,0.002,0.0033,9.8066,0.0214,0.0006,0.0072,4.25,-31.44,17.56,43.82,-86.55,-152.77
52.388126,-1.52867,145.01,0,3,268.78,20 / 21,1039729,2019-09-06 18:33:26:411,-0.251,-0.5204,9.8791,0.0024,0.004,9.8066,0.009,-0.0009,-0.0012,2.94,-31.12,17.38,41.44,-86.6,-152.65
52.388126,-1.52867,145.01,0,3,268.78,20 / 21,1039829,2019-09-06 18:33:26:511,-0.3116,-0.5413,9.9217,0,-0.0033,9.8066,0.0012,-0.0138,-0.0142,3,-31.25,17.81,40.28,-86.61,-152.96
52.388126,-1.52867,145.01,0,3,268.78,20 / 21,1039928,2019-09-06 18:33:26:610,-0.434,-0.8296,9.8893,0.0017,0,9.8066,-0.0109,-0.0087,0.0067,3.81,-31.44,17.56,43.2,-86.62,-153.27
52.388126,-1.52867,145.01,0,3,268.78,20 / 21,1040029,2019-09-06 18:33:26:711,-0.3235,-0.5902,9.9022,0.0017,0.0001,9.8066,-0.0043,-0.0011,-0.0004,3.69,-31.25,17.75,43.43,-86.68,-152.99
52.388126,-1.52867,145.01,0,3,268.78,20 / 21,1040128,2019-09-06 18:33:26:810,-0.3013,-0.4629,9.815,0.0007,0,9.8066,0.0044,-0.0002,0.0075,3.56,-31.37,17.63,43.28,-86.7,-153.1
52.388126,-1.52867,145.01,0,3,268.78,20 / 21,1040228,2019-09-06 18:33:26:910,-0.3447,-0.6827,9.7942,0.001,0.0001,9.8066,0.003,-0.0097,0.0026,3.88,-31.5,17.81,43.45,-86.73,-152.91
52.388126,-1.52867,145.01,0,3,268.78,20 / 21,1040329,2019-09-06 18:33:27:011,-0.279,-0.8565,9.8098,0.0015,-0.0007,9.8066,0.0047,-0.0211,-0.001,3.31,-30.94,17.88,39.92,-86.75,-153.14
52.388126,-1.52867,145.01,0,3,268.78,20 / 20,1040429,2019-09-06 18:33:27:111,-0.4634,-1.0788,9.8052,0.0013,-0.001,9.8066,-0.012,0.0109,-0.0037,4,-31.81,17.94,42.87,-86.77,-153.51
52.388126,-1.52867,145.01,0,3,268.78,20 / 20,1040529,2019-09-06 18:33:27:211,-0.482,-1.0538,9.8792,0.0017,-0.0017,9.8066,-0.0039,0.009,0.0121,3.5,-31.44,17.63,42.4,-86.79,-153.82
52.388126,-1.52867,145.01,0,3,268.78,20 / 20,1040628,2019-09-06 18:33:27:310,-0.4056,-0.8403,9.7739,0.0015,0.002,9.8066,-0.0013,-0.0203,0.0008,3.31,-31.19,18.38,39.3,-86.82,-153.63
52.388126,-1.52867,145.01,0,3,268.78,20 / 20,1040729,2019-09-06 18:33:27:411,-0.3169,-1.5888,9.8931,-0.0016,-0.0016,9.8066,-0.0153,-0.0054,-0.0119,3.19,-31.06,17.63,39.27,-86.82,-153.66
52.388126,-1.52867,145.01,0,3,268.78,20 / 20,1040828,2019-09-06 18:33:27:510,-0.2995,-0.7377,9.8733,0.003,0.0006,9.8066,0.0172,0.0091,0.0091,3.56,-31.37,18.13,42.2,-86.84,-153.94
52.388126,-1.52867,145.01,0,3,268.78,20 / 20,1040928,2019-09-06 18:33:27:610,-0.3798,-0.8907,9.8868,0.0009,-0.0037,9.8066,0.014,0.0105,0.0008,3.63,-31.31,17.75,41.52,-86.84,-154.58
52.388126,-1.52867,145.01,0,3,268.78,20 / 20,1041029,2019-09-06 18:33:27:711,-0.4764,-1.2154,9.8349,-0.0003,-0.0033,9.8066,0.0056,0.0083,-0.0057,4,-31.56,18.13,41.14,-86.83,-155.06
52.388126,-1.52867,145.01,0,3,268.78,20 / 20,1041129,2019-09-06 18:33:27:811,-0.615,-2.0833,9.825,-0.0009,-0.007,9.8066,0.0306,0.0281,-0.0114,3.94,-31.19,17.69,40.62,-86.85,-155.4
52.388126,-1.52867,145.01,0,3,268.78,20 / 20,1041229,2019-09-06 18:33:27:911,-0.4954,-1.0738,9.7399,0.0008,-0.0028,9.8066,-0.0107,0.022,0.0094,3.25,-31.37,18.5,35.87,-86.81,-156.16
52.388126,-1.52867,145.01,0,3,268.78,20 / 20,1041329,2019-09-06 18:33:28:011,-0.6396,-1.3434,9.7573,-0.0004,-0.0056,9.8066,0.0051,0.0402,0.0061,3.94,-31.5,17.75,39.28,-86.81,-156.69
52.388126,-1.52867,145.01,0,3,268.78,20 / 20,1041429,2019-09-06 18:33:28:111,-0.6246,-1.738,9.9073,0.0015,-0.0038,9.8066,0.0029,0.033,-0.0175,3.56,-31.69,18.75,38.14,-86.86,-156.99
52.388126,-1.52867,145.01,0,3,268.78,20 / 20,1041528,2019-09-06 18:33:28:210,-0.1632,-1.0029,9.8859,0.0038,0.0075,9.8066,-0.0197,0.0508,-0.0084,3.31,-31.44,18.88,33.9,-86.86,-157.93
52.388126,-1.52867,145.01,0,3,268.78,20 / 20,1041629,2019-09-06 18:33:28:311,-0.3149,-1.0848,9.9007,0.0066,-0.0047,9.8066,0.0082,0.0496,-0.0297,3.31,-31.81,18.38,33.13,-86.83,-159.42
52.388126,-1.52867,145.01,0,3,268.78,20 / 20,1041729,2019-09-06 18:33:28:411,-0.3686,-1.6739,9.7386,0.008,-0.0063,9.8066,0.0042,0.0351,-0.0479,4.06,-32.12,18.25,34.01,-86.84,-161.63
52.388126,-1.52867,145.01,0,3,268.78,20 / 20,1041829,2019-09-06 18:33:28:511,-0.3179,-1.4641,9.6856,0.0041,-0.004,9.8066,0.0021,0.0703,-0.0055,3.94,-31.56,19.38,30.26,-86.78,-164.34
52.388126,-1.52867,145.01,0,3,268.78,20 / 20,1041928,2019-09-06 18:33:28:610,-0.2456,-2.13,9.743,0.0003,-0.0042,9.8066,0.0309,0.0768,0.018,3.94,-31.69,18.63,29.48,-86.8,-165.04
52.388126,-1.52867,145.01,0,3,268.78,20 / 20,1042029,2019-09-06 18:33:28:711,-0.3664,-1.7975,9.9623,-0.0009,-0.0038,9.8066,-0.0257,0.0777,-0.0155,4.06,-31.37,19,29.46,-86.77,-165
52.388126,-1.52867,145.01,0,3,268.78,20 / 20,1042128,2019-09-06 18:33:28:810,-0.2534,-1.4116,10.0847,-0.0048,-0.0059,9.8066,-0.0052,0.0597,-0.0028,2.75,-31.19,20,26.4,-86.7,-164.42
52.388126,-1.52867,145.01,0,3,268.78,20 / 20,1042228,2019-09-06 18:33:28:910,-0.2317,-1.739,9.6311,-0.0039,-0.0061,9.8066,-0.0045,0.1139,0.0046,3.25,-30.62,19.88,26.92,-86.67,-163.97
52.388126,-1.52867,145.01,0,3,268.78,20 / 20,1042329,2019-09-06 18:33:29:011,-0.2998,-1.4935,9.8599,0.0008,0.0001,9.8066,-0.0037,0.1277,0.0136,3.81,-31,20.13,29.98,-86.61,-163.94
52.388126,-1.52867,145.01,0,3,268.78,20 / 20,1042428,2019-09-06 18:33:29:110,-0.1957,-1.3821,9.8938,0.002,-0.0006,9.8065,0.0449,0.1449,-0.0355,4.31,-31.75,20.38,29.44,-86.58,-164.55
52.388126,-1.52867,145.01,0,3,268.78,20 / 20,1042529,2019-09-06 18:33:29:211,-0.1761,-1.9832,9.7416,0.0062,-0.0099,9.8066,-0.0404,0.1703,-0.0234,3.44,-31.62,20.75,23.94,-86.52,-166.36
52.388126,-1.52867,145.01,0,3,268.78,20 / 20,1042628,2019-09-06 18:33:29:310,0.7543,-1.7908,9.438,0.0082,-0.01,9.8065,-0.0452,0.1841,-0.0495,3.5,-32.25,21,24.39,-86.48,-168.6
52.388126,-1.52867,145.01,0,3,268.78,20 / 20,1042729,2019-09-06 18:33:29:411,0.4365,-1.8385,9.8507,0.0027,0.0011,9.8066,-0.0386,0.177,-0.0239,3.13,-31.81,21.06,19.78,-86.46,-170.19
52.388126,-1.52867,145.01,0,3,268.78,20 / 20,1042828,2019-09-06 18:33:29:510,0.4605,-1.5954,10.086,0.0108,0.0079,9.8066,0.0285,0.207,-0.0239,2.75,-31.19,21.75,17.73,-86.54,-171.54
52.388126,-1.52867,145.01,0,3,268.78,20 / 20,1042929,2019-09-06 18:33:29:611,0.3347,-1.5457,9.8794,0.0111,-0.0008,9.8066,-0.05,0.225,-0.062,2.81,-31.5,21.94,15.8,-86.56,-173.3
52.388126,-1.52867,145.01,0,3,268.78,20 / 20,1043029,2019-09-06 18:33:29:711,0.7747,-1.0954,9.4788,0.0106,-0.0138,9.8065,-0.0284,0.2523,-0.0313,2.81,-30.81,22.94,11.24,-86.62,-177.1
52.388126,-1.52867,145.01,0,3,268.78,20 / 20,1043129,2019-09-06 18:33:29:811,0.7468,-1.3867,9.8694,0.0007,-0.0062,9.8066,0.0316,0.2491,-0.0094,3.63,-31.44,23.06,13.7,-86.56,-177.27
52.388126,-1.52867,145.01,0,3,268.78,20 / 20,1043229,2019-09-06 18:33:29:911,0.6098,-1.5022,9.761,-0.0056,-0.0026,9.8066,-0.0073,0.2853,-0.011,3.69,-31,24,13.66,-86.5,-176.88
52.388126,-1.52867,145.01,0,3,268.78,20 / 20,1043328,2019-09-06 18:33:30:010,0.5116,-2.2677,10.0657,-0.0124,-0.0141,9.8065,-0.0123,0.2798,0.0036,3,-30.87,24.38,12.74,-86.31,-175.45
52.388126,-1.52867,145.01,0,3,268.78,20 / 20,1043429,2019-09-06 18:33:30:111,0.6439,-0.9491,9.4485,0.0145,-0.0242,9.8066,-0.0649,0.346,-0.1021,2.38,-30.56,25.19,8.14,-86.21,-177.11
52.388126,-1.52867,145.01,0,3,268.78,20 / 20,1043528,2019-09-06 18:33:30:210,0.6596,-1.8379,10.1465,0.0149,-0.0116,9.8066,-0.0161,0.3142,-0.0584,2.44,-29.75,25.38,4.86,-86.21,179.89
52.388126,-1.52867,145.01,0,3,268.78,20 / 20,1043628,2019-09-06 18:33:30:310,1.3112,-0.8466,10.1912,0.0137,-0.0111,9.8066,-0.0193,0.3384,-0.0629,2.19,-28.5,26.44,0.31,-86.02,175.88
52.388126,-1.52867,145.01,0,3,268.78,20 / 20,1043729,2019-09-06 18:33:30:411,1.3005,-0.6721,10.0233,0.0079,0.0121,9.8066,-0.0198,0.3583,-0.0472,2.13,-28.75,26.63,356.61,-86.01,172.64
52.388126,-1.52867,145.01,0,3,268.78,20 / 20,1043828,2019-09-06 18:33:30:510,1.4637,-0.8501,10.0183,0.0066,-0.0016,9.8066,0.0548,0.3678,-0.0179,1,-29.31,26.81,353.24,-85.92,171.65
52.388126,-1.52867,145.01,0,3,268.78,20 / 20,1043929,2019-09-06 18:33:30:611,1.049,-0.6533,9.8936,0.0022,-0.0101,9.8066,0.0172,0.3928,-0.0498,0.44,-28.31,27.25,350.87,-85.79,171.59
52.388126,-1.52867,145.01,0,3,268.78,20 / 20,1044029,2019-09-06 18:33:30:711,0.8623,-0.5645,9.5335,-0.0031,-0.0046,9.8066,0.0162,0.4001,-0.016,0.06,-28.25,27.56,351.14,-85.68,171.83
52.388126,-1.52867,145.01,0,3,268.78,20 / 20,1044130,2019-09-06 18:33:30:812,1.0113,-1.7723,9.8495,0.0057,-0.0243,9.8066,0.0872,0.3975,-0.0115,-0.19,-28.62,27.44,351.53,-85.36,172.29
52.388126,-1.52867,145.01,0,3,268.78,20 / 20,1044228,2019-09-06 18:33:30:910,0.8116,-0.4324,10.1447,0.0088,-0.0269,9.8065,-0.0008,0.4046,-0.071,-0.62,-29.25,28.56,348.41,-85.21,171.39
52.388126,-1.52867,145.01,0,3,268.78,20 / 20,1044329,2019-09-06 18:33:31:011,1.8249,-0.744,9.8285,0.0093,-0.0004,9.8066,0.0442,0.3984,-0.0366,-1.25,-29.62,28.94,346.53,-85.01,169.76
52.388126,-1.52867,145.01,0,3,268.78,20 / 20,1044428,2019-09-06 18:33:31:110,1.5237,-1.4819,9.7274,0.0066,-0.0047,9.8066,-0.0166,0.4743,-0.073,-1.56,-29.5,29.69,344.17,-84.84,169.4
52.388126,-1.52867,145.01,0,3,268.78,20 / 20,1044529,2019-09-06 18:33:31:211,1.4842,0.5852,10.4279,0.0022,-0.0051,9.8066,0.0338,0.4442,-0.0465,-2,-29.5,30.13,344.6,-84.7,169.84
52.388126,-1.52867,145.01,0,3,268.78,20 / 20,1044628,2019-09-06 18:33:31:310,1.3772,-0.7041,9.7922,0.0145,0.0001,9.8066,0.0378,0.4608,-0.1169,-2.25,-30.44,31.5,343.45,-84.53,168.55
52.388126,-1.52867,145.01,0,3,268.78,20 / 20,1044728,2019-09-06 18:33:31:410,2.548,-0.7696,9.8365,0.0166,-0.0234,9.8065,0.0779,0.5303,-0.1279,-2.44,-30,32.31,340.81,-84.12,166.29
52.388126,-1.52867,145.01,0,3,268.78,20 / 20,1044828,2019-09-06 18:33:31:510,2.1936,-0.8448,10.085,0.0075,-0.0236,9.8066,-0.016,0.5058,-0.0282,-2.75,-29.94,33.25,339.2,-83.89,166.46
52.388126,-1.52867,145.01,0,3,268.78,20 / 20,1044929,2019-09-06 18:33:31:611,2.1324,-0.4734,9.6814,-0.01,-0.0131,9.8066,-0.0275,0.4913,-0.0249,-3.5,-29.19,33.94,340.01,-83.7,167
52.388126,-1.52867,145.01,0,3,268.78,20 / 20,1045028,2019-09-06 18:33:31:710,2.0351,1.0962,9.4827,-0.0113,-0.0136,9.8066,0.0587,0.4989,-0.0221,-3.62,-28.62,34.5,340.18,-83.6,168.6
52.388126,-1.52867,145.01,0,3,268.78,20 / 20,1045129,2019-09-06 18:33:31:811,1.3267,-0.6335,10.3528,0,-0.0119,9.8066,-0.0517,0.5392,-0.0981,-4.5,-28.75,34.44,341.56,-83.53,170.11
52.388126,-1.52867,145.01,0,3,268.78,20 / 20,1045228,2019-09-06 18:33:31:910,1.8756,-0.5578,10.054,0.0097,-0.008,9.8066,-0.0463,0.5376,-0.0738,-5.87,-28.56,34.19,337.35,-83.33,169.65
52.388126,-1.52867,145.01,0,3,268.78,20 / 20,1045328,2019-09-06 18:33:32:010,1.8089,-0.2952,9.8206,0.0058,0.0029,9.8066,-0.0596,0.5468,-0.0704,-6.19,-28.56,34.25,337.08,-83.23,169.44
52.388126,-1.52867,145.01,0,3,268.78,20 / 21,1045428,2019-09-06 18:33:32:110,1.7029,0.0292,10.2052,0.0148,-0.0053,9.8065,-0.1069,0.534,-0.0818,-6.69,-28.12,34.88,334.22,-83.22,168
52.388126,-1.52867,145.01,0,3,268.78,20 / 21,1045529,2019-09-06 18:33:32:211,1.9636,0.5603,9.4698,-0.0161,0.0181,9.8065,-0.1567,0.5354,-0.0534,-7.56,-28.06,34.94,331.98,-83.36,167.45
52.388126,-1.52867,145.01,0,3,268.78,20 / 21,1045628,2019-09-06 18:33:32:310,2.226,0.6632,9.9741,-0.0141,-0.0039,9.8066,0.0932,0.481,-0.0148,-9.12,-29.19,35.5,332.99,-83.2,169.6
52.388126,-1.52867,145.01,0,3,268.78,20 / 21,1045728,2019-09-06 18:33:32:410,1.0545,-0.2281,9.9049,-0.0298,-0.0181,9.8065,-0.0094,0.4279,0.0337,-9.94,-28.37,35.44,333.83,-83.07,172.29
52.388126,-1.52867,145.01,0,3,268.78,20 / 21,1045828,2019-09-06 18:33:32:510,1.1347,-0.9381,10.1771,-0.0128,0.0028,9.8066,0.0926,0.4557,-0.0473,-11,-27.81,35.5,336.56,-82.96,175.79
52.388126,-1.52867,145.01,0,3,268.78,20 / 21,1045928,2019-09-06 18:33:32:610,0.7554,-0.2496,10.368,0.0067,-0.0302,9.8066,0.0761,0.4163,-0.0507,-11,-28.25,36.25,337.27,-82.72,176.51
52.388126,-1.52867,145.01,0,3,268.78,20 / 21,1046028,2019-09-06 18:33:32:710,1.2767,-1.0966,10.5348,0.0008,-0.0155,9.8066,-0.0158,0.3803,-0.0414,-12.19,-28.12,35.63,336.14,-82.74,176.91
52.388126,-1.52867,145.01,0,3,268.78,20 / 21,1046128,2019-09-06 18:33:32:810,0.682,-0.6063,9.7605,-0.0073,-0.029,9.8066,0.0227,0.3137,0.0112,-12.62,-28.25,35.31,334.98,-82.67,177.86
52.388126,-1.52867,145.01,0,3,268.78,20 / 21,1046228,2019-09-06 18:33:32:910,-0.2493,0.0562,9.6566,-0.0103,-0.0402,9.8065,-0.0158,0.2846,0.0112,-13.62,-28.06,35.94,336.67,-82.59,-179.78
52.388126,-1.52867,145.01,0,3,268.78,20 / 21,1046329,2019-09-06 18:33:33:011,0.9348,-0.0634,9.6893,-0.0241,0.0285,9.8066,-0.0996,0.2972,-0.0132,-14.31,-28.56,36.69,338.75,-82.45,-178.35
52.388042,-1.528829,145.96,4.79,3,178.09,21 / 21,1046429,2019-09-06 18:33:33:111,0.3446,-0.0283,9.4952,-0.0101,0.0266,9.8066,-0.107,0.2475,-0.0379,-14.5,-28.5,36.19,339.12,-82.38,-177.5
52.388042,-1.528829,145.96,4.79,3,178.09,21 / 21,1046529,2019-09-06 18:33:33:211,0.923,-0.055,9.7332,0.0084,-0.0067,9.8066,-0.0457,0.2385,-0.0402,-14.5,-27.94,36.06,338.42,-82.55,-178.18
52.388042,-1.528829,145.96,4.79,3,178.09,21 / 21,1046628,2019-09-06 18:33:33:310,0.4513,-0.0004,9.9604,-0.0039,0.0005,9.8066,-0.0273,0.2303,-0.0258,-15,-28.87,36,337.24,-82.69,-177.88
52.388042,-1.528829,145.96,4.79,3,178.09,21 / 21,1046729,2019-09-06 18:33:33:411,0.9471,0.0844,10.2396,-0.0029,0.0088,9.8066,0.0127,0.1898,-0.0084,-15.44,-28.37,35.44,336.69,-82.78,-177.85
52.388042,-1.528829,145.96,4.79,3,178.09,21 / 21,1046830,2019-09-06 18:33:33:512,0.4279,-0.3968,9.8795,-0.005,-0.0138,9.8066,0.0442,0.1272,-0.0068,-15.19,-28.25,36.25,338.2,-82.75,-177.09
52.388042,-1.528829,145.96,4.79,3,178.09,21 / 21,1046928,2019-09-06 18:33:33:610,0.371,-1.0654,9.7506,0.0017,-0.0135,9.8066,0.0422,0.1382,0.0119,-16,-28.62,35.38,336.88,-82.54,-176.17
52.388042,-1.528829,145.96,4.79,3,178.09,21 / 21,1047028,2019-09-06 18:33:33:710,0.0764,-0.5321,10.0798,0.0026,-0.0306,9.8066,0.005,0.1133,0.0183,-16.5,-27.94,35.81,338.38,-82.3,-175.47
52.388042,-1.528829,145.96,4.79,3,178.09,21 / 21,1047129,2019-09-06 18:33:33:811,-0.5067,-1.2036,10.0365,-0.0036,-0.0205,9.8066,0.0059,0.1035,-0.0331,-15.81,-27.5,36.38,339.98,-82.06,-174.02
52.388042,-1.528829,145.96,4.79,3,178.09,21 / 21,1047228,2019-09-06 18:33:33:910,0.3657,-0.2332,10.2247,-0.0055,0.0161,9.8066,0.066,0.0636,-0.0022,-16.5,-27.87,36.13,339.77,-82.03,-174.14
52.388042,-1.528829,145.96,4.79,3,178.09,21 / 21,1047328,2019-09-06 18:33:34:010,0.099,-1.4483,9.897,0.0106,-0.0185,9.8065,0.0036,0.0259,0.0108,-16.69,-27.87,36.19,338.33,-81.94,-174.1
52.388042,-1.528829,145.96,4.79,3,178.09,20 / 21,1047429,2019-09-06 18:33:34:111,0.4233,-0.606,9.6772,-0.0015,-0.0262,9.8066,-0.0754,0.0592,0.0068,-16.37,-27.69,37.13,341.09,-81.79,-173.5
52.388042,-1.528829,145.96,4.79,3,178.09,20 / 21,1047528,2019-09-06 18:33:34:210,-1.061,0.4461,10.3338,-0.022,0.0144,9.8066,-0.0323,-0.0432,0.012,-16.81,-27.75,36.63,341.95,-81.98,-171.5
52.388042,-1.528829,145.96,4.79,3,178.09,20 / 21,1047629,2019-09-06 18:33:34:311,-0.5643,-0.568,9.8181,-0.0124,0.014,9.8066,-0.0215,-0.0495,-0.014,-16.62,-27.69,36.13,341.95,-81.93,-170.85
52.388042,-1.528829,145.96,4.79,3,178.09,20 / 21,1047728,2019-09-06 18:33:34:410,-1.0655,-0.886,9.8861,0.0022,-0.0173,9.8066,0.0441,-0.0746,0.0647,-16.5,-27.5,37,344.55,-81.76,-170.45
52.388042,-1.528829,145.96,4.79,3,178.09,20 / 21,1047828,2019-09-06 18:33:34:510,-1.5959,-1.403,9.6981,0.0009,-0.018,9.8065,-0.0353,-0.0936,0.0313,-16.69,-27.56,36.44,342.74,-81.66,-170.07
52.388042,-1.528829,145.96,4.79,3,178.09,20 / 21,1047929,2019-09-06 18:33:34:611,-1.0624,-1.0209,9.3456,-0.024,0.017,9.8066,0.0435,-0.145,0.02,-17.06,-27.19,36.63,344.48,-81.62,-169.2
52.388042,-1.528829,145.96,4.79,3,178.09,20 / 21,1048029,2019-09-06 18:33:34:711,-1.6617,-0.9355,9.3795,-0.0388,0.048,9.8064,-0.1512,-0.1818,0.1146,-16.25,-27.81,36.63,348.68,-82.03,-166.75
52.388042,-1.528829,145.96,4.79,3,178.09,20 / 21,1048129,2019-09-06 18:33:34:811,-2.6936,-0.9826,10.4571,-0.0217,-0.0037,9.8066,-0.1227,-0.2711,0.0983,-16.62,-27.94,36.13,350.08,-82.28,-163.62
52.388042,-1.528829,145.96,4.79,3,178.09,20 / 21,1048229,2019-09-06 18:33:34:911,-1.1067,-0.4482,11.2794,-0.0266,-0.0103,9.8065,0.0657,-0.1579,-0.022,-16.12,-27.75,35.75,354.87,-82.48,-160.64
52.388042,-1.528829,145.96,4.79,3,178.09,20 / 21,1048329,2019-09-06 18:33:35:011,-1.8702,0.519,10.349,0.0184,-0.0856,9.8062,-0.165,-0.1371,-0.0943,-15.87,-27.81,35.88,354.64,-82.18,-160.83
52.388042,-1.528829,145.96,4.79,3,178.09,20 / 21,1048428,2019-09-06 18:33:35:110,-1.8333,-1.6006,9.2203,0.0577,-0.0784,9.8061,0.0984,-0.3354,0.0002,-15.5,-27.81,36,354.28,-81.94,-162.47
52.388042,-1.528829,145.96,4.79,3,178.09,20 / 21,1048529,2019-09-06 18:33:35:211,-2.1886,-2.2332,9.5136,0.0366,-0.043,9.8064,-0.1484,-0.3057,0.1347,-14.56,-28,36.94,352.85,-81.59,-164.27
52.388042,-1.528829,145.96,4.79,3,178.09,20 / 21,1048628,2019-09-06 18:33:35:310,-0.6586,-1.7088,9.7727,0.0328,-0.0723,9.8062,-0.194,-0.1754,-0.0193,-14.19,-27.5,37.25,351.74,-80.84,-166.54
52.388042,-1.528829,145.96,4.79,3,178.09,20 / 21,1048729,2019-09-06 18:33:35:411,-2.5147,-0.5354,10.2347,-0.0098,0.0233,9.8066,-0.049,-0.2675,-0.0894,-14,-27.37,38.56,352.66,-81.1,-166.76
52.388042,-1.528829,145.96,4.79,3,178.09,20 / 21,1048829,2019-09-06 18:33:35:511,-2.7281,-1.6575,9.9851,0.0121,0.0612,9.8064,-0.0805,-0.3326,0.0517,-13.19,-28.19,36.75,351.13,-81.48,-168.48
52.388042,-1.528829,145.96,4.79,3,178.09,20 / 21,1048929,2019-09-06 18:33:35:611,-2.6286,-0.4209,9.6584,0.0196,0.0261,9.8065,0.1155,-0.227,-0.0374,-12.37,-27.94,37,350.1,-81.71,-170.81
52.388042,-1.528829,145.96,4.79,3,178.09,20 / 21,1049030,2019-09-06 18:33:35:712,-1.6381,-2.0059,10.105,0.0041,0.0292,9.8066,0.0755,-0.3279,0.0466,-12,-28.25,37.19,348.15,-81.8,-172.56
52.388042,-1.528829,145.96,4.79,3,178.09,20 / 21,1049128,2019-09-06 18:33:35:810,-1.7742,-0.9066,10.018,0.0202,-0.0009,9.8065,0.0997,-0.3176,0.0948,-12.19,-27.81,37.56,348.13,-81.65,-173.02
52.388042,-1.528829,145.96,4.79,3,178.09,20 / 21,1049229,2019-09-06 18:33:35:911,-1.006,-1.7363,10.0851,-0.0091,0.0119,9.8065,-0.0774,-0.2277,-0.0042,-11.62,-28.25,37.81,347.55,-81.62,-173.53
52.388042,-1.528829,145.96,4.79,3,178.09,20 / 21,1049329,2019-09-06 18:33:36:011,-2.4582,-0.8457,9.7687,0.0013,0.0041,9.8066,0.0357,-0.2116,0.0319,-11.25,-28.19,36.81,347.96,-81.6,-174.1
52.388042,-1.528829,145.96,4.79,3,178.09,19 / 20,1049429,2019-09-06 18:33:36:111,-1.8654,-1.0132,10.212,-0.0019,0.0146,9.8066,0.0252,-0.239,0.0346,-10.62,-28.06,37.56,348.08,-81.63,-174.43
52.388042,-1.528829,145.96,4.79,3,178.09,19 / 20,1049528,2019-09-06 18:33:36:210,-2.7715,-1.0263,9.8633,-0.005,0.0102,9.8066,-0.0273,-0.2281,-0.0245,-10.12,-28,36.56,349.61,-81.65,-174.06
52.388042,-1.528829,145.96,4.79,3,178.09,19 / 20,1049628,2019-09-06 18:33:36:310,-1.9987,-0.7445,9.4514,0.0135,0.0096,9.8066,-0.0111,-0.2697,0.0574,-9.37,-27.5,37.06,350.2,-81.61,-175.02
52.388042,-1.528829,145.96,4.79,3,178.09,19 / 20,1049728,2019-09-06 18:33:36:410,-1.3719,-0.2895,9.7139,-0.0042,0.0185,9.8065,0.0776,-0.2788,0.0082,-9.19,-28.37,36.13,349.23,-81.47,-175.42
52.388042,-1.528829,145.96,4.79,3,178.09,19 / 20,1049829,2019-09-06 18:33:36:511,-2.8559,-0.4955,9.8306,0.0012,0.0277,9.8066,0.0463,-0.3045,0.0194,-8.56,-28.87,36.19,348.86,-81.59,-175.73
52.388042,-1.528829,145.96,4.79,3,178.09,19 / 20,1049929,2019-09-06 18:33:36:611,-2.1918,0.3579,9.376,0.018,0.0268,9.8066,-0.0543,-0.2042,-0.0094,-7.81,-28.87,36.13,348.54,-81.78,-177.54
52.388042,-1.528829,145.96,4.79,3,178.09,19 / 20,1050029,2019-09-06 18:33:36:711,-1.6406,-0.7076,9.78,0.0148,0.0286,9.8065,-0.012,-0.1861,-0.0591,-7.12,-28.56,35.88,348.4,-81.98,-179.21
52.388042,-1.528829,145.96,4.79,3,178.09,19 / 20,1050129,2019-09-06 18:33:36:811,-1.5548,0.2675,9.7801,0.0176,0.0098,9.8066,-0.001,-0.1774,-0.017,-5.94,-29.5,35.81,346.81,-82.15,177.81
52.388042,-1.528829,145.96,4.79,3,178.09,19 / 20,1050228,2019-09-06 18:33:36:910,-1.4027,0.195,9.6938,0.0065,0.0051,9.8066,0.0488,-0.1072,-0.0218,-6.62,-29.06,35.75,343.93,-82.21,176.78
52.388042,-1.528829,145.96,4.79,3,178.09,19 / 20,1050329,2019-09-06 18:33:37:011,-1.7309,-1.0151,9.7153,0.0145,-0.0125,9.8066,-0.0353,-0.1645,-0.0041,-5.5,-29.75,36.19,345.84,-82.22,175.44
52.388042,-1.528829,145.96,4.79,3,178.09,20 / 21,1050428,2019-09-06 18:33:37:110,-0.2998,-0.3102,9.3155,0.0039,-0.0015,9.8066,-0.023,-0.1108,-0.0446,-5.81,-28.87,35.5,342.72,-82.15,174.19
52.388042,-1.528829,145.96,4.79,3,178.09,20 / 21,1050530,2019-09-06 18:33:37:212,-2.0439,0.2185,10.16,-0.0103,0.0481,9.8065,0.0925,-0.1434,0.0839,-4.81,-29.06,35.75,344.76,-82.45,174.37
52.388042,-1.528829,145.96,4.79,3,178.09,20 / 21,1050629,2019-09-06 18:33:37:311,-1.6556,-0.0933,10.539,-0.0267,0.0344,9.8065,0.0049,-0.0908,0.1054,-5.81,-29.62,35.5,344.16,-82.49,175.44
52.388042,-1.528829,145.96,4.79,3,178.09,20 / 21,1050729,2019-09-06 18:33:37:411,-1.5228,-0.1507,9.9351,-0.0024,-0.0253,9.8066,0.0466,-0.0796,-0.0814,-5.31,-28.75,35.81,347.69,-82.3,177.01
52.388042,-1.528829,145.96,4.79,3,178.09,20 / 21,1050829,2019-09-06 18:33:37:511,-1.3944,-0.4877,9.7524,0.0226,0.0057,9.8065,0.1507,-0.1571,0.0603,-5.19,-29.31,35.63,346.57,-82.21,176.04
52.388042,-1.528829,145.96,4.79,3,178.09,20 / 21,1050929,2019-09-06 18:33:37:611,-0.8634,-0.1197,9.396,-0.007,0.0006,9.8066,-0.0504,-0.0463,0.0383,-5.5,-28.44,35.25,345.99,-82.08,175.76
52.388042,-1.528829,145.96,4.79,3,178.09,20 / 21,1051028,2019-09-06 18:33:37:710,-1.4015,-0.4646,9.7823,0.0047,0.0168,9.8066,-0.0519,-0.0595,-0.0284,-5.25,-29.12,35,345.85,-82.28,175.65
52.388042,-1.528829,145.96,4.79,3,178.09,20 / 21,1051128,2019-09-06 18:33:37:810,-1.0141,0,9.4913,0.0085,0.0277,9.8066,-0.0866,-0.0006,-0.0438,-4.94,-29.12,34.63,343.74,-82.68,173.67
52.388042,-1.528829,145.96,4.79,3,178.09,20 / 21,1051229,2019-09-06 18:33:37:911,-1.0937,0.3031,9.6175,0.0104,-0.0005,9.8066,0.0277,-0.0376,-0.0632,-4.56,-29.69,34.81,341.98,-82.71,172.16
52.388042,-1.528829,145.96,4.79,3,178.09,20 / 21,1051328,2019-09-06 18:33:38:010,-0.5284,-0.102,9.3263,0.0157,0.0082,9.8066,0.0157,-0.0521,-0.0259,-4.44,-28.37,34.63,341.95,-82.64,170.42
52.388042,-1.528829,145.96,4.79,3,178.09,19 / 20,1051428,2019-09-06 18:33:38:110,-0.1943,-0.1474,10.5033,0.0098,0.0028,9.8066,0.0103,-0.021,0.0013,-4.44,-28.94,34.5,340.78,-82.49,169.48
52.388042,-1.528829,145.96,4.79,3,178.09,19 / 20,1051529,2019-09-06 18:33:38:211,-0.9942,-0.3021,9.536,0.0158,-0.0031,9.8066,0.0143,-0.0606,-0.0364,-4.37,-29.19,34.25,339.33,-82.37,168.49
52.388042,-1.528829,145.96,4.79,3,178.09,19 / 20,1051628,2019-09-06 18:33:38:310,-0.1054,-0.4956,9.5949,0.003,-0.0124,9.8066,-0.0062,-0.0192,-0.0591,-4.31,-29.06,34.25,338.01,-82.32,167.33
52.388042,-1.528829,145.96,4.79,3,178.09,19 / 20,1051729,2019-09-06 18:33:38:411,-0.3162,-0.8305,10.2287,-0.0068,0.0167,9.8066,0.0484,-0.0269,0.0204,-4,-28.87,34.56,337.46,-82.56,166.5
52.388042,-1.528829,145.96,4.79,3,178.09,19 / 20,1051829,2019-09-06 18:33:38:511,-1.0896,-0.5006,10.2011,0.012,0.0148,9.8065,-0.0591,-0.0466,-0.0045,-4.06,-29.25,34.56,336.85,-82.68,165.9
52.388042,-1.528829,145.96,4.79,3,178.09,19 / 20,1051929,2019-09-06 18:33:38:611,-0.7993,-0.5474,9.6481,0.0099,-0.0118,9.8066,-0.0601,0.0545,-0.0819,-3.62,-28.81,34.63,335.1,-82.55,164.38
52.388042,-1.528829,145.96,4.79,3,178.09,19 / 20,1052029,2019-09-06 18:33:38:711,-0.1378,-0.2973,9.7493,-0.0003,-0.0186,9.8065,0.0029,-0.0254,0.0359,-4.06,-28.81,34.44,334.52,-82.47,164.17
52.388042,-1.528829,145.96,4.79,3,178.09,19 / 20,1052129,2019-09-06 18:33:38:811,-0.923,0.2623,10.0479,-0.0048,-0.0057,9.8066,-0.0655,0.0296,-0.0105,-3.87,-28.94,34.31,335.54,-82.52,165.05
52.388042,-1.528829,145.96,4.79,3,178.09,19 / 20,1052229,2019-09-06 18:33:38:911,-1.5077,0.2031,9.7501,0.0056,0.0147,9.8066,-0.004,-0.0634,0.0177,-3.69,-28.75,34.31,335.11,-82.62,164.63
52.388042,-1.528829,145.96,4.79,3,178.09,19 / 20,1052328,2019-09-06 18:33:39:010,1.1219,1.4971,9.9203,0.0064,0.0001,9.8066,0.1228,-0.0877,0.0737,-3.81,-28.56,34.31,333.79,-82.6,163.45
52.388042,-1.528829,145.96,4.79,3,178.09,19 / 19,1052428,2019-09-06 18:33:39:110,-0.2391,-0.5906,10.0783,-0.0147,0.0055,9.8066,-0.1504,-0.0032,0.042,-4.31,-28.75,34.75,335.81,-82.66,164.98
52.388042,-1.528829,145.96,4.79,3,178.09,19 / 19,1052528,2019-09-06 18:33:39:210,-0.7113,1.6679,9.9109,-0.0079,-0.005,9.8065,-0.1081,0.1288,-0.0035,-3.75,-29.19,33.75,336.72,-82.78,166.01
52.388042,-1.528829,145.96,4.79,3,178.09,19 / 19,1052629,2019-09-06 18:33:39:311,-0.5704,0.814,9.6179,-0.0069,-0.0044,9.8066,-0.0267,-0.0566,0.0785,-3.87,-29.06,33.94,337.04,-82.87,166.27
52.388042,-1.528829,145.96,4.79,3,178.09,19 / 19,1052728,2019-09-06 18:33:39:410,-0.3989,0.0563,9.3932,-0.0149,0.014,9.8066,0.0283,0.0103,0.0646,-4.44,-29.94,33.31,338.79,-82.9,168.16
52.388042,-1.528829,145.96,4.79,3,178.09,19 / 19,1052828,2019-09-06 18:33:39:510,-0.9033,-0.098,9.5445,-0.0282,0.0104,9.8066,0.0259,-0.0216,0.0856,-4.62,-29.25,34.31,340.12,-83.11,170.59
52.388042,-1.528829,145.96,4.79,3,178.09,19 / 19,1052929,2019-09-06 18:33:39:611,0.1445,0.6931,9.6501,-0.0228,0.0253,9.8065,0.005,-0.0411,0.094,-5,-29.56,33.38,343.62,-83.34,174.03
52.388042,-1.528829,145.96,4.79,3,178.09,19 / 19,1053029,2019-09-06 18:33:39:711,-1.1003,-0.5107,10.3259,-0.0438,0.0262,9.8065,0.0844,0.0087,0.0558,-5.19,-29.31,33.69,347.82,-83.5,177.41
52.388042,-1.528829,145.96,4.79,3,178.09,19 / 19,1053128,2019-09-06 18:33:39:810,-0.4932,0.7762,10.2012,-0.0234,-0.0355,9.8065,-0.0351,-0.0225,0.1393,-5.44,-29.56,33.69,353.2,-83.31,-177.7
52.388042,-1.528829,145.96,4.79,3,178.09,19 / 19,1053228,2019-09-06 18:33:39:910,0.1147,-0.6206,9.9367,-0.0383,-0.0012,9.8065,0.0018,0.0062,0.0149,-5.62,-29.06,34.31,355.6,-83.37,-173.94
52.388042,-1.528829,145.96,4.79,3,178.09,19 / 19,1053328,2019-09-06 18:33:40:010,-0.5796,0.6117,10.4173,-0.0125,-0.0511,9.8064,0.1026,0.0505,0.0788,-6.06,-29.37,33.81,358.33,-83.2,-171.49
52.388042,-1.528829,145.96,4.79,3,178.09,17 / 19,1053429,2019-09-06 18:33:40:111,-0.9695,-0.4714,10.5986,-0.0039,-0.0397,9.8065,0.1965,-0.0023,0.0519,-6.25,-29.12,34.06,1.3,-82.47,-168.85
52.388042,-1.528829,145.96,4.79,3,178.09,17 / 19,1053529,2019-09-06 18:33:40:211,-0.6828,0.6086,10.4459,0.0049,-0.065,9.8064,-0.0342,0.053,-0.0396,-7,-29.25,34.25,0.42,-82.26,-167.99
52.388042,-1.528829,145.96,4.79,3,178.09,17 / 19,1053628,2019-09-06 18:33:40:310,-1.6466,-0.4439,9.6998,-0.011,-0.0065,9.8066,0.0002,-0.0579,0.0459,-6.44,-27.87,34.69,3.47,-82.18,-167.2
52.388042,-1.528829,145.96,4.79,3,178.09,17 / 19,1053729,2019-09-06 18:33:40:411,-0.6716,3.058,10.8641,0.0013,0.0286,9.8065,0.3767,0.0515,-0.0468,-6.25,-28.75,34.44,1.98,-81.81,-168.27
52.388042,-1.528829,145.96,4.79,3,178.09,17 / 19,1053829,2019-09-06 18:33:40:511,-0.9184,0.4996,8.0514,-0.0164,0.1194,9.8059,-0.1303,-0.0394,0.0175,-6.37,-28.75,34.69,2.36,-81.79,-168.21
52.388042,-1.528829,145.96,4.79,3,178.09,17 / 19,1053929,2019-09-06 18:33:40:611,-0.7473,4.7392,5.359,-0.0551,0.179,9.8048,0.538,-0.0708,-0.0076,-6.75,-28.44,34.94,2.14,-82.09,-166.8
52.388042,-1.528829,145.96,4.79,3,178.09,17 / 19,1054028,2019-09-06 18:33:40:710,-1.2455,-0.0101,11.2859,-0.0381,0.2185,9.8041,0.0012,-0.0035,0.0434,-6.19,-29.37,33.75,6.2,-83.61,-164.41
52.388042,-1.528829,145.96,4.79,3,178.09,17 / 19,1054128,2019-09-06 18:33:40:810,-1.1925,0.7917,11.9238,-0.0261,0.2761,9.8026,0.4105,0.0099,-0.1003,-6.31,-30,33.38,7.18,-84.65,-163.14
52.388042,-1.528829,145.96,4.79,3,178.09,17 / 19,1054228,2019-09-06 18:33:40:910,2.1587,-0.8248,11.8789,0.076,-0.1419,9.8053,0.6323,0.1161,-0.162,-6.56,-29.19,33.06,2.11,-84.59,-166.09
52.388042,-1.528829,145.96,4.79,3,178.09,17 / 19,1054329,2019-09-06 18:33:41:011,0.5502,-1.24,10.9816,0.021,-0.0574,9.8064,0.2426,-0.0539,0.0733,-5.94,-28.87,35.13,357.44,-82.9,-172.56
52.388042,-1.528829,145.96,4.79,3,178.09,18 / 20,1054429,2019-09-06 18:33:41:111,-0.0169,-3.4249,10.2671,0.0033,-0.136,9.8057,-0.2763,0.012,0.0111,-5.19,-28.44,34.19,358.34,-81.34,-173.07
52.388042,-1.528829,145.96,4.79,3,178.09,18 / 20,1054529,2019-09-06 18:33:41:211,-0.588,-0.0501,9.2664,-0.0043,-0.0287,9.8065,-0.3352,0.0204,-0.0039,-5.62,-28.44,34.81,358.22,-81.69,-171.83
52.388042,-1.528829,145.96,4.79,3,178.09,18 / 20,1054628,2019-09-06 18:33:41:310,0.1338,0.1689,9.2811,-0.0016,0.0448,9.8065,-0.265,0.0031,0.0205,-5.75,-28.87,33.63,358.45,-82.3,-171.35
52.388042,-1.528829,145.96,4.79,3,178.09,18 / 20,1054728,2019-09-06 18:33:41:410,0.2868,-0.3782,9.3149,0.0064,-0.0188,9.8066,-0.0932,-0.0688,0.0353,-5.81,-28.69,33.38,357.81,-82.67,-171.63
52.388042,-1.528829,145.96,4.79,3,178.09,18 / 20,1054828,2019-09-06 18:33:41:510,0.1597,-0.6558,9.1601,-0.0061,-0.003,9.8065,0.0108,0.0066,0.0498,-5.75,-29.19,33.81,359.67,-82.62,-170.28
52.388042,-1.528829,145.96,4.79,3,178.09,18 / 20,1054929,2019-09-06 18:33:41:611,-0.9192,-1.4721,9.6241,-0.014,-0.029,9.8065,-0.0293,-0.0036,0.0691,-6.12,-29.19,34.38,1.18,-82.38,-168.95
52.388042,-1.528829,145.96,4.79,3,178.09,18 / 20,1055028,2019-09-06 18:33:41:710,-0.1152,0.0587,10.4055,-0.0037,0.0284,9.8065,0.018,-0.0245,0.0102,-6.12,-28.75,34.19,1.34,-82.35,-168.82
52.388042,-1.528829,145.96,4.79,3,178.09,18 / 20,1055128,2019-09-06 18:33:41:810,0.0552,-0.7901,10.2932,-0.0149,0.0403,9.8065,0.1114,0.0345,-0.0232,-6.19,-29.19,34.75,2.94,-82.7,-167.66
52.388042,-1.528829,145.96,4.79,3,178.09,18 / 20,1055229,2019-09-06 18:33:41:911,-0.1467,-1.3796,10.0377,0.01,-0.0231,9.8066,-0.049,0.0394,0.0092,-5.94,-29.5,34.06,2.09,-82.61,-168.15
52.388042,-1.528829,145.96,4.79,3,178.09,18 / 20,1055328,2019-09-06 18:33:42:010,-0.8556,-1.0323,9.6463,0.007,-0.0098,9.8066,-0.0777,-0.0134,-0.0644,-6.19,-28.87,34.81,2.16,-82.63,-168.35
52.38748,-1.529079,148.22,9.29,3,204.27,18 / 20,1055428,2019-09-06 18:33:42:110,-1.0286,0.405,9.6219,0.0245,0.0029,9.8066,-0.0024,0.0363,-0.0456,-6.12,-29.5,33.88,0.17,-82.63,-169.84
52.38748,-1.529079,148.22,9.29,3,204.27,18 / 20,1055529,2019-09-06 18:33:42:211,-0.2394,-0.5311,9.5069,-0.0002,0.015,9.8066,0.0406,-0.0344,0.0091,-5.81,-28.56,34.31,0.07,-82.8,-169.93
52.38748,-1.529079,148.22,9.29,3,204.27,18 / 20,1055629,2019-09-06 18:33:42:311,0.4915,-0.7523,9.4526,0.0036,0.0009,9.8065,-0.0071,0.0306,-0.0361,-6.06,-28.75,34.06,0.05,-82.84,-169.95
52.38748,-1.529079,148.22,9.29,3,204.27,18 / 20,1055728,2019-09-06 18:33:42:410,-0.7056,-0.7916,10.0135,-0.0138,-0.0109,9.8066,-0.0246,0.0723,0.0415,-6,-28.69,34.25,1.21,-82.84,-168.92
52.38748,-1.529079,148.22,9.29,3,204.27,18 / 20,1055828,2019-09-06 18:33:42:510,-0.2969,-0.721,9.689,-0.008,-0.026,9.8065,-0.0382,0.0084,0.0583,-5.5,-28.87,33.44,3.54,-82.72,-168.26
52.38748,-1.529079,148.22,9.29,3,204.27,18 / 20,1055929,2019-09-06 18:33:42:611,-1.3535,-0.8277,9.5924,-0.0188,0.0213,9.8065,0.0946,0.0824,0.014,-5.75,-29.06,34.06,3.58,-82.49,-166.83
52.38748,-1.529079,148.22,9.29,3,204.27,18 / 20,1056029,2019-09-06 18:33:42:711,-0.9335,-0.1288,10.1512,-0.0123,0.0121,9.8066,0.092,-0.0521,0.0606,-5.31,-28.75,33.69,6.72,-82.45,-165.72
52.38748,-1.529079,148.22,9.29,3,204.27,18 / 20,1056129,2019-09-06 18:33:42:811,-0.0233,-0.8528,9.8269,-0.0081,0.0104,9.8066,0.1122,0.0513,0.0048,-5.44,-28.44,34.19,8.44,-82.23,-164.19
52.38748,-1.529079,148.22,9.29,3,204.27,18 / 20,1056228,2019-09-06 18:33:42:910,-1.2977,-2.3427,9.7621,-0.0139,0.0314,9.8065,0.1277,-0.0748,0.0782,-5.87,-28.56,34.44,7.2,-82.25,-163.67
52.38748,-1.529079,148.22,9.29,3,204.27,18 / 20,1056329,2019-09-06 18:33:43:011,-0.6253,1.8028,9.9333,-0.0024,0.0124,9.8065,0.0762,-0.0328,0.0148,-6.37,-29.44,34.38,8.55,-82.17,-162.5
52.38748,-1.529079,148.22,9.29,3,204.27,19 / 20,1056428,2019-09-06 18:33:43:110,-0.769,-0.2007,9.9913,-0.0028,-0.0113,9.8066,-0.0918,-0.0356,0.0362,-6.12,-28.56,34.44,8.98,-82.07,-162.13
52.38748,-1.529079,148.22,9.29,3,204.27,19 / 20,1056529,2019-09-06 18:33:43:211,-0.3614,0.034,9.8655,0.0038,0.0095,9.8066,-0.0463,0.0598,-0.0006,-5.81,-28.62,34.38,9.6,-82.17,-161.58
52.38748,-1.529079,148.22,9.29,3,204.27,19 / 20,1056628,2019-09-06 18:33:43:310,-0.313,-0.654,9.9866,0.0024,0.0011,9.8066,-0.0115,-0.0567,0.0322,-6.31,-28.94,34.75,10.65,-82.22,-160.89
52.38748,-1.529079,148.22,9.29,3,204.27,19 / 20,1056729,2019-09-06 18:33:43:411,-0.6199,0.0285,9.6782,-0.0062,-0.0155,9.8066,-0.0056,0.0052,0.0264,-6.5,-29.06,34.19,10.55,-82.25,-160.72
52.38748,-1.529079,148.22,9.29,3,204.27,19 / 20,1056829,2019-09-06 18:33:43:511,-1.3938,0.2381,9.7589,-0.0018,-0.0015,9.8066,0.0271,-0.053,0.1032,-6,-29.31,34.31,11.37,-82.28,-160
52.38748,-1.529079,148.22,9.29,3,204.27,19 / 20,1056929,2019-09-06 18:33:43:611,-0.6485,-0.5495,9.8533,0.0044,0.0014,9.8066,-0.0133,0.0094,-0.0548,-5.37,-29,33.81,12.42,-82.35,-160.71
52.38748,-1.529079,148.22,9.29,3,204.27,19 / 20,1057028,2019-09-06 18:33:43:710,0.0779,0.135,10.5809,-0.0049,0.0071,9.8066,-0.0616,-0.0079,-0.0145,-5.94,-29.75,34.19,11.47,-82.3,-159.95
52.38748,-1.529079,148.22,9.29,3,204.27,19 / 20,1057128,2019-09-06 18:33:43:810,-1.1358,0.4453,10.1756,-0.0084,0.0251,9.8065,-0.0154,0.0669,-0.0013,-6,-29.37,33.5,12.01,-82.35,-159.42
52.38748,-1.529079,148.22,9.29,3,204.27,19 / 20,1057230,2019-09-06 18:33:43:912,-0.5124,0.0637,9.6114,0.01,-0.0155,9.8066,-0.0709,-0.0521,0.0268,-6.56,-29.37,33.31,9.14,-82.26,-160.02
52.38748,-1.529079,148.22,9.29,3,204.27,19 / 20,1057329,2019-09-06 18:33:44:011,-0.3198,-0.0224,10.0194,0.0101,0.003,9.8066,-0.0003,-0.0151,0.0002,-6.25,-29.12,34.31,10.83,-82.31,-160.47
52.38748,-1.529079,148.22,9.29,3,204.27,20 / 20,1057428,2019-09-06 18:33:44:110,-0.9017,1.6794,10.0577,-0.0037,-0.0114,9.8066,0.006,-0.0412,-0.0089,-6.19,-29.75,33.38,10.81,-82.19,-160.29
52.38748,-1.529079,148.22,9.29,3,204.27,20 / 20,1057529,2019-09-06 18:33:44:211,0.0105,-0.6478,10.0401,-0.0046,-0.0062,9.8066,0.0363,0.0627,0.0293,-6.06,-29.06,34.13,11.75,-82.21,-159.68
52.38748,-1.529079,148.22,9.29,3,204.27,20 / 20,1057628,2019-09-06 18:33:44:310,-0.1334,1.0464,9.224,-0.011,0.0101,9.8066,0.0023,0.0161,0.1399,-6.62,-29.69,33.69,9.91,-82.12,-159.72
52.38748,-1.529079,148.22,9.29,3,204.27,20 / 20,1057728,2019-09-06 18:33:44:410,0.8468,-0.3301,9.2225,-0.0044,-0.003,9.8066,-0.0085,0.0029,-0.0441,-6.94,-29.56,33.25,10.5,-82.11,-158.9
52.38748,-1.529079,148.22,9.29,3,204.27,20 / 20,1057830,2019-09-06 18:33:44:512,-0.3721,0.6207,9.9195,-0.0175,0.018,9.8066,-0.0315,-0.0543,0.0796,-7.56,-28.75,33.69,10.33,-82.11,-157.7
52.38748,-1.529079,148.22,9.29,3,204.27,20 / 20,1057929,2019-09-06 18:33:44:611,0.0471,0.2757,10.194,-0.0101,0.0119,9.8066,0.0139,0.0191,-0.0184,-7.62,-29.25,33.94,11.51,-82.1,-156.66
52.38748,-1.529079,148.22,9.29,3,204.27,20 / 20,1058028,2019-09-06 18:33:44:710,-0.0411,-0.939,9.4216,-0.0002,-0.0429,9.8065,0.0848,0.032,0.0349,-7.12,-29.31,34.06,13.57,-81.92,-156.51
52.38748,-1.529079,148.22,9.29,3,204.27,20 / 20,1058128,2019-09-06 18:33:44:810,0.081,0.5846,9.4682,0.0009,-0.022,9.8065,0.0156,-0.0352,0.0812,-7,-29.37,33.88,14.1,-81.98,-156.02
52.38748,-1.529079,148.22,9.29,3,204.27,20 / 20,1058228,2019-09-06 18:33:44:910,-0.6749,0.1653,10.0248,-0.0031,0.0157,9.8066,-0.052,-0.0203,0.0049,-6.75,-28.94,34.25,14.74,-82.09,-155.44
52.38748,-1.529079,148.22,9.29,3,204.27,20 / 20,1058329,2019-09-06 18:33:45:011,-0.3666,-0.3916,10.1181,0.0047,0.0079,9.8066,0.0032,0.0094,-0.0506,-6.62,-28.81,33.44,14.4,-82.24,-155.41
52.38748,-1.529079,148.22,9.29,3,204.27,20 / 20,1058428,2019-09-06 18:33:45:110,0.7185,0.8394,10.1175,0.007,-0.0032,9.8066,0.0928,-0.0303,-0.0723,-6.31,-29.75,34,16.05,-82.28,-155.93
52.38748,-1.529079,148.22,9.29,3,204.27,20 / 20,1058529,2019-09-06 18:33:45:211,-0.4975,-0.1405,9.9359,-0.0124,0.0036,9.8066,0.0363,0.0193,0.0484,-6.87,-28.94,33.88,14.98,-82.25,-155.19
52.38748,-1.529079,148.22,9.29,3,204.27,20 / 20,1058628,2019-09-06 18:33:45:310,-0.4043,1.4165,9.3314,0.0089,-0.0257,9.8065,0.0257,-0.1008,0.0718,-6.37,-29.62,33.25,16.24,-82.2,-155.54
52.38748,-1.529079,148.22,9.29,3,204.27,20 / 20,1058729,2019-09-06 18:33:45:411,0.1634,1.1993,9.8564,-0.0006,-0.0261,9.8065,0.0852,-0.087,0.0183,-6.75,-29.5,33.81,14.22,-82.29,-155.85
52.38748,-1.529079,148.22,9.29,3,204.27,20 / 20,1058828,2019-09-06 18:33:45:510,-0.1645,0.2006,9.8848,-0.0056,0.012,9.8066,-0.001,-0.0241,0.0225,-6.87,-29.06,33.69,14.26,-82.26,-155.82
52.38748,-1.529079,148.22,9.29,3,204.27,20 / 20,1058928,2019-09-06 18:33:45:610,0.0982,0.6101,9.7734,-0.0066,0.0157,9.8066,-0.0672,0.035,0.0251,-7.12,-29.19,34.13,15.31,-82.34,-154.87
52.38748,-1.529079,148.22,9.29,3,204.27,20 / 20,1059028,2019-09-06 18:33:45:710,-0.1071,0.154,9.8497,-0.0043,-0.0013,9.8066,-0.002,0.0221,0.0327,-6.56,-29.44,33.44,15.51,-82.3,-154.42
52.38748,-1.529079,148.22,9.29,3,204.27,20 / 20,1059128,2019-09-06 18:33:45:810,-1.2279,0.9745,10.1973,0.0103,-0.0177,9.8066,0.0427,0.0314,-0.0994,-7.37,-28.81,34.31,15.7,-82.25,-154.55
52.38748,-1.529079,148.22,9.29,3,204.27,20 / 20,1059229,2019-09-06 18:33:45:911,3.1497,0.3054,14.4704,-0.0163,0.0058,9.8065,0.237,0.0622,0.0088,-7.12,-27.94,34.75,16.01,-82.32,-154.48
52.38748,-1.529079,148.22,9.29,3,204.27,20 / 20,1059328,2019-09-06 18:33:46:010,0.4432,-3.8188,9.0703,-0.0814,0.1421,9.8053,0.8446,0.0676,0.1148,-7.37,-28.12,34.56,18.93,-82.23,-151.9
52.38748,-1.529079,148.22,9.29,3,204.27,21 / 21,1059429,2019-09-06 18:33:46:111,-1.4342,-3.6239,8.9756,0.0105,-0.1013,9.806,-0.5231,-0.0309,0.0239,-8,-27.62,35.13,15.24,-80.61,-154
52.38748,-1.529079,148.22,9.29,3,204.27,21 / 21,1059529,2019-09-06 18:33:46:211,2.7507,-4.9666,6.5502,0.0569,0.0149,9.8065,-0.93,-0.1888,0.0121,-6.87,-28.94,34.75,15.2,-81.1,-155.56
52.38748,-1.529079,148.22,9.29,3,204.27,21 / 21,1059628,2019-09-06 18:33:46:310,-0.2998,2.3272,8.2755,-0.0294,-0.0335,9.8065,-0.1815,-0.0048,0.0994,-7.19,-30.06,32.81,21.94,-82.25,-148.84
52.38748,-1.529079,148.22,9.29,3,204.27,21 / 21,1059729,2019-09-06 18:33:46:411,-0.1728,-0.0542,10.7863,0.0471,-0.1249,9.8057,-0.1274,0.0823,-0.1797,-7.31,-29.19,32.13,23.35,-82.87,-146.97
52.38748,-1.529079,148.22,9.29,3,204.27,21 / 21,1059828,2019-09-06 18:33:46:510,0.5683,0.9669,9.8739,0.0265,-0.0097,9.8065,-0.0015,0.0069,-0.0559,-6.69,-29,33,18,-82.7,-152.1
52.38748,-1.529079,148.22,9.29,3,204.27,21 / 21,1059929,2019-09-06 18:33:46:611,0.9988,-1.8135,10.0098,0.0034,-0.0456,9.8065,0.2296,-0.0343,0.0385,-6.44,-28,34.44,14.93,-81.76,-156.93
52.38748,-1.529079,148.22,9.29,3,204.27,21 / 21,1060029,2019-09-06 18:33:46:711,-0.5587,-0.7112,10.2604,-0.0315,0.0152,9.8065,-0.0479,-0.0322,0.0546,-6.5,-29.06,34.13,16.43,-81.22,-155.82
52.38748,-1.529079,148.22,9.29,3,204.27,21 / 21,1060129,2019-09-06 18:33:46:811,-0.6339,-0.226,10.4115,-0.0078,0.0496,9.8065,-0.026,-0.0512,0.0729,-6.31,-28.87,33.69,18.34,-81.56,-154.07
52.38748,-1.529079,148.22,9.29,3,204.27,21 / 21,1060229,2019-09-06 18:33:46:911,0.2965,-0.1463,9.5221,0.0154,0.0214,9.8065,-0.038,0.046,-0.1196,-6.25,-29.25,33.31,18.02,-82.05,-153.96
52.38748,-1.529079,148.22,9.29,3,204.27,21 / 21,1060329,2019-09-06 18:33:47:011,-0.4804,-1.2544,9.2809,0.0114,0.0026,9.8065,0.0806,0.067,-0.0904,-6.5,-28.94,34.19,17.6,-82.04,-154.57
52.38748,-1.529079,148.22,9.29,3,204.27,20 / 20,1060428,2019-09-06 18:33:47:110,-0.5266,-1.0594,9.9433,0.0122,-0.0405,9.8065,0.1661,-0.0127,0.0522,-6.87,-28.62,33.94,15.31,-81.77,-155.02
52.38748,-1.529079,148.22,9.29,3,204.27,20 / 20,1060529,2019-09-06 18:33:47:211,-0.1681,0.2985,10.5064,0.0198,-0.0361,9.8066,-0.0771,-0.0076,-0.0454,-7.12,-28.94,34.25,12.92,-81.49,-157.17
52.38748,-1.529079,148.22,9.29,3,204.27,20 / 20,1060629,2019-09-06 18:33:47:311,-0.8146,-0.224,9.9086,0.0107,-0.0035,9.8066,-0.0001,-0.0646,-0.0098,-6.19,-28.69,34.06,12.6,-81.63,-159.05
52.38748,-1.529079,148.22,9.29,3,204.27,20 / 20,1060729,2019-09-06 18:33:47:411,-0.1845,-0.0739,10.1875,-0.0045,-0.0067,9.8065,0.0253,-0.0046,-0.0317,-6.56,-29.19,34.13,10.74,-81.62,-159.04
52.38748,-1.529079,148.22,9.29,3,204.27,20 / 20,1060829,2019-09-06 18:33:47:511,0.1283,-0.2634,9.8624,0.0011,-0.0093,9.8066,0.049,0.0254,-0.0033,-6.56,-29,33.75,10.5,-81.8,-159.21
52.38748,-1.529079,148.22,9.29,3,204.27,20 / 20,1060928,2019-09-06 18:33:47:610,-0.1101,-0.6015,9.2315,0.0089,0.0004,9.8066,-0.0561,0.0075,0.0282,-6.56,-30,32.63,9.86,-81.91,-159.48
52.38748,-1.529079,148.22,9.29,3,204.27,20 / 20,1061029,2019-09-06 18:33:47:711,0.2079,-0.9887,10.4579,0.0011,0,9.8066,0.0293,-0.0181,-0.0124,-6.56,-29.37,34,9.65,-81.96,-159.93
52.38748,-1.529079,148.22,9.29,3,204.27,20 / 20,1061128,2019-09-06 18:33:47:810,-0.1517,-0.8224,9.9102,0.0055,-0.0061,9.8066,-0.07,0.0246,-0.014,-6.37,-28.81,33.44,10.79,-81.98,-160.3
52.38748,-1.529079,148.22,9.29,3,204.27,20 / 20,1061228,2019-09-06 18:33:47:910,0.6696,-0.3099,9.7063,0.0046,0.0024,9.8066,-0.0188,0.0862,-0.0058,-6.5,-29.62,33.25,10.84,-81.96,-160.31
52.38748,-1.529079,148.22,9.29,3,204.27,20 / 20,1061329,2019-09-06 18:33:48:011,-0.8753,0.8104,9.4488,-0.0049,-0.0095,9.8066,-0.0358,0.0361,-0.0056,-6.75,-29.37,34.13,9.7,-81.87,-159.9
52.38748,-1.529079,148.22,9.29,3,204.27,21 / 21,1061428,2019-09-06 18:33:48:110,0.6404,0.7203,9.8591,-0.0071,0.036,9.8065,-0.0697,-0.0612,0.0315,-6.69,-29.31,34.13,9.86,-82.05,-159.73
52.38748,-1.529079,148.22,9.29,3,204.27,21 / 21,1061529,2019-09-06 18:33:48:211,-2.0465,0.2481,9.9741,-0.0149,0.0343,9.8065,0.0521,0.0371,-0.0121,-6.62,-29.12,34.31,10.01,-82.02,-159.61
52.38748,-1.529079,148.22,9.29,3,204.27,21 / 21,1061629,2019-09-06 18:33:48:311,-0.0319,-0.708,10.1277,0.0032,-0.0042,9.8066,0.0027,-0.059,0.0461,-5.94,-29.31,34.13,13.05,-81.96,-158.59
52.38748,-1.529079,148.22,9.29,3,204.27,21 / 21,1061729,2019-09-06 18:33:48:411,-1.2972,-1.6376,9.5478,-0.0185,0.0071,9.8066,0.0583,-0.0456,0.0941,-6.06,-29,33.63,13.76,-81.96,-157.96
52.38748,-1.529079,148.22,9.29,3,204.27,21 / 21,1061828,2019-09-06 18:33:48:510,0.7414,-0.6983,9.5189,-0.0078,0.0073,9.8066,0.017,0.1052,-0.0163,-6.06,-29.62,33.63,14.57,-81.9,-157.33
52.38748,-1.529079,148.22,9.29,3,204.27,21 / 21,1061929,2019-09-06 18:33:48:611,-0.7104,-0.4792,10.0823,-0.01,-0.0133,9.8066,-0.016,0.0906,-0.0264,-6.5,-28.81,33.75,15.74,-81.79,-156.27
52.38748,-1.529079,148.22,9.29,3,204.27,21 / 21,1062028,2019-09-06 18:33:48:710,-1.7736,0.7294,9.8411,-0.0148,0.0104,9.8066,-0.0134,-0.0785,0.1314,-6.56,-29.06,34,15.47,-81.81,-154.86
52.38748,-1.529079,148.22,9.29,3,204.27,21 / 21,1062128,2019-09-06 18:33:48:810,-1.3471,0.0159,9.2495,0.0009,-0.0103,9.8066,-0.0098,0.0758,-0.04,-7.12,-29.62,34.56,15.3,-81.7,-155.38
52.38748,-1.529079,148.22,9.29,3,204.27,21 / 21,1062229,2019-09-06 18:33:48:911,-1.4229,-0.7957,9.9953,0.0015,-0.0082,9.8066,-0.0836,0.0493,-0.0789,-7.25,-29.31,34,16.36,-81.49,-154.18
52.38748,-1.529079,148.22,9.29,3,204.27,21 / 21,1062329,2019-09-06 18:33:49:011,-1.3612,0.1776,9.5341,-0.0138,-0.0033,9.8066,-0.1217,-0.065,-0.03,-7.56,-29.25,34.69,14.65,-81.44,-154.37
52.38748,-1.529079,148.22,9.29,3,204.27,20 / 20,1062429,2019-09-06 18:33:49:111,-0.5441,1.0581,10.0869,0.0085,0.0074,9.8066,-0.0087,0.0039,0.0138,-6.44,-28.87,34.88,17.69,-81.62,-154.83
52.38748,-1.529079,148.22,9.29,3,204.27,20 / 20,1062528,2019-09-06 18:33:49:210,-0.8869,0.8016,10.2199,0.0241,-0.0346,9.8065,-0.1538,-0.053,0.0145,-6.81,-29,34.25,15.21,-81.7,-155.12
52.38748,-1.529079,148.22,9.29,3,204.27,20 / 20,1062628,2019-09-06 18:33:49:310,-0.5533,-0.3494,9.6485,0.0093,-0.0127,9.8065,0.0354,0.0239,-0.1052,-6.75,-29.19,34,13.42,-81.68,-156.69
52.38748,-1.529079,148.22,9.29,3,204.27,20 / 20,1062728,2019-09-06 18:33:49:410,0.7818,-0.5739,8.9959,0.0162,0.0012,9.8065,-0.1539,-0.0782,0.0494,-5.75,-28.81,34.94,13.63,-81.8,-158.35
52.38748,-1.529079,148.22,9.29,3,204.27,20 / 20,1062829,2019-09-06 18:33:49:511,-0.338,0.6614,9.7154,0.0125,-0.013,9.8066,0.0952,0.0098,0.0221,-6.12,-29.12,34.38,12.89,-81.87,-158.75
52.38748,-1.529079,148.22,9.29,3,204.27,20 / 20,1062929,2019-09-06 18:33:49:611,0.4702,0.288,9.5148,-0.0067,0.0303,9.8066,0.1132,-0.0052,-0.002,-6.5,-29.31,33.94,12.97,-82.08,-158.63
52.38748,-1.529079,148.22,9.29,3,204.27,20 / 20,1063028,2019-09-06 18:33:49:710,0.0831,0.0496,9.8613,-0.0007,0.018,9.8065,0.074,0.0267,-0.0427,-6.19,-29.19,33.88,13.32,-82.05,-158.33
52.38748,-1.529079,148.22,9.29,3,204.27,20 / 20,1063129,2019-09-06 18:33:49:811,0.9882,-0.7612,10.2226,0.0048,-0.0176,9.8066,-0.0599,-0.0541,0.0789,-6.19,-28.94,34.25,12.54,-82.09,-159
52.38748,-1.529079,148.22,9.29,3,204.27,20 / 20,1063229,2019-09-06 18:33:49:911,-0.5074,0.3611,9.6226,-0.0149,-0.0202,9.8065,-0.0609,-0.0271,-0.0731,-5.69,-29.37,33.94,13.53,-81.89,-158.19
52.38748,-1.529079,148.22,9.29,3,204.27,20 / 20,1063329,2019-09-06 18:33:50:011,-0.9662,0.9937,10.0113,-0.0039,0.0104,9.8066,0.0659,-0.0034,0.1055,-6.5,-28.81,34,13.76,-82.03,-157.95
52.38748,-1.529079,148.22,9.29,3,204.27,21 / 21,1063429,2019-09-06 18:33:50:111,-0.762,-0.1401,10.244,-0.0159,-0.0031,9.8066,-0.103,0.0316,-0.0561,-6.87,-29.19,33.5,13.16,-82,-156.84
52.38748,-1.529079,148.22,9.29,3,204.27,21 / 21,1063528,2019-09-06 18:33:50:210,-1.5602,0.8412,9.8929,0.005,-0.0023,9.8066,0.0801,-0.0732,0.0355,-6.69,-29,34.31,13.49,-82.09,-156.54
52.38748,-1.529079,148.22,9.29,3,204.27,21 / 21,1063628,2019-09-06 18:33:50:310,-0.5982,0.3975,9.6035,-0.0011,-0.0194,9.8066,0.0674,0.0004,-0.0908,-5.75,-29.62,33.44,15.15,-82.03,-156.54
52.38748,-1.529079,148.22,9.29,3,204.27,21 / 21,1063728,2019-09-06 18:33:50:410,-0.3124,0.6313,9.4689,0.0147,0.022,9.8066,-0.0672,-0.0111,-0.0009,-6.25,-29.19,33.75,14.66,-82.07,-157.15
52.38748,-1.529079,148.22,9.29,3,204.27,21 / 21,1063829,2019-09-06 18:33:50:511,-0.3111,1.786,9.4906,0.0143,0.0117,9.8066,-0.028,0.0211,-0.0485,-5,-29.37,33.63,14.52,-82.35,-158.85
52.38748,-1.529079,148.22,9.29,3,204.27,21 / 21,1063929,2019-09-06 18:33:50:611,-0.242,0.1798,10.6613,0.0118,0.0139,9.8066,0.1673,0.0255,-0.088,-5.5,-29.5,34.06,12.74,-82.45,-160.4
52.38748,-1.529079,148.22,9.29,3,204.27,21 / 21,1064029,2019-09-06 18:33:50:711,0.0242,0.9919,10.2179,0.0227,-0.0051,9.8066,0.0257,-0.0743,-0.0252,-5.81,-28.81,34.38,8.53,-82.39,-162.48
52.38748,-1.529079,148.22,9.29,3,204.27,21 / 21,1064128,2019-09-06 18:33:50:810,0.0195,1.8183,10.1128,0.0032,0.0079,9.8065,-0.0223,0.0478,0.0101,-5.62,-28.56,33.69,7.92,-82.21,-163.04
52.38748,-1.529079,148.22,9.29,3,204.27,21 / 21,1064229,2019-09-06 18:33:50:911,-0.2976,0.0397,9.5316,0.0026,0.0178,9.8066,0.0573,0.0252,0.0534,-5.5,-29.12,34.44,9.13,-82.17,-163.63
52.38748,-1.529079,148.22,9.29,3,204.27,21 / 21,1064329,2019-09-06 18:33:51:011,-0.2921,0.178,9.5491,-0.0294,0.0177,9.8065,0.0738,0.0035,-0.0084,-6.06,-29,34,7.47,-82.03,-163.46
52.386665,-1.529671,148.92,12.01,3,204.61,21 / 21,1064429,2019-09-06 18:33:51:111,-0.5396,0.5909,10.1163,0.003,-0.0039,9.8066,0.0916,-0.0017,0.0491,-6,-28.94,33.94,10.95,-82.01,-160.42
52.386665,-1.529671,148.92,12.01,3,204.61,21 / 21,1064529,2019-09-06 18:33:51:211,-1.2892,1.2043,10.1194,-0.0123,0.0176,9.8066,-0.0137,-0.0242,0.0706,-5.62,-28.75,34.19,12.32,-82.06,-159.2
52.386665,-1.529671,148.92,12.01,3,204.61,21 / 21,1064628,2019-09-06 18:33:51:310,-0.9219,0.4418,9.8626,-0.0079,0.0064,9.8066,-0.0566,-0.0131,0.0253,-6.12,-29.25,34.19,13.69,-82,-158.02
52.386665,-1.529671,148.92,12.01,3,204.61,21 / 21,1064728,2019-09-06 18:33:51:410,-0.4065,1.0046,9.7563,-0.012,0.0243,9.8066,0.0386,-0.0165,0.0052,-6.06,-29.5,33.69,15.05,-82.13,-156.79
52.386665,-1.529671,148.92,12.01,3,204.61,21 / 21,1064829,2019-09-06 18:33:51:511,-0.695,0.7513,9.9471,0.0026,-0.0075,9.8066,-0.023,-0.0132,-0.0105,-5.69,-29.31,33.81,14.65,-82.14,-157.14
52.386665,-1.529671,148.92,12.01,3,204.61,21 / 21,1064929,2019-09-06 18:33:51:611,-0.7667,0.3699,10.0633,0.0108,0.001,9.8066,-0.0114,-0.0017,-0.0053,-6.25,-29.19,33.38,14.07,-82.26,-157.37
52.386665,-1.529671,148.92,12.01,3,204.61,21 / 21,1065029,2019-09-06 18:33:51:711,-0.0877,1.3119,10.2715,-0.0022,-0.0004,9.8066,-0.0039,0.033,-0.0266,-5.69,-29.56,33.69,13.93,-82.31,-157.79
52.386665,-1.529671,148.92,12.01,3,204.61,21 / 21,1065129,2019-09-06 18:33:51:811,-1.0367,0.1851,10.2493,-0.0084,0.0133,9.8065,0.0486,-0.0351,0.0514,-5.31,-28.31,34.31,15.94,-82.22,-157.57
52.386665,-1.529671,148.92,12.01,3,204.61,21 / 21,1065229,2019-09-06 18:33:51:911,-0.1098,0.9416,9.7628,0.0045,-0.0198,9.8066,-0.0335,0.0246,0,-6,-28.81,33.63,13.97,-82.03,-157.77
52.386665,-1.529671,148.92,12.01,3,204.61,21 / 21,1065329,2019-09-06 18:33:52:011,-0.0704,0.6548,9.4008,-0.0012,-0.0096,9.8066,-0.1233,0.0003,0.0025,-5.69,-29.31,34.38,13.61,-81.94,-158.1
52.386665,-1.529671,148.92,12.01,3,204.61,20 / 20,1065429,2019-09-06 18:33:52:111,-0.373,0.4864,9.1659,0.0128,0.0006,9.8066,0.1022,-0.0072,-0.0185,-6.06,-29,33.94,12.84,-81.98,-158.77
52.386665,-1.529671,148.92,12.01,3,204.61,20 / 20,1065529,2019-09-06 18:33:52:211,-1.1695,1.4697,9.4727,0.0118,-0.0128,9.8066,-0.0653,0.0546,-0.0849,-5.94,-29.44,33.75,12.31,-82.23,-159.18
52.386665,-1.529671,148.92,12.01,3,204.61,20 / 20,1065628,2019-09-06 18:33:52:310,0.1032,0.2502,10.034,0.0046,-0.0008,9.8066,-0.0456,0.0529,-0.0415,-6,-28.25,33.13,11.03,-82.51,-159.95
52.386665,-1.529671,148.92,12.01,3,204.61,20 / 20,1065729,2019-09-06 18:33:52:411,0.1201,1.126,9.5602,0.0093,0.0052,9.8065,0.0232,0.018,-0.0105,-6.25,-28.5,33,10.48,-82.65,-160.42
52.386665,-1.529671,148.92,12.01,3,204.61,20 / 20,1065829,2019-09-06 18:33:52:511,0.1161,1.6603,9.9047,-0.0105,-0.0152,9.8066,-0.0168,0.0274,0.0868,-6.94,-28.87,33.13,7.76,-82.71,-161.17
52.386665,-1.529671,148.92,12.01,3,204.61,20 / 20,1065929,2019-09-06 18:33:52:611,0.4073,1.4247,10.4744,-0.0042,-0.0057,9.8066,-0.0525,0.041,0.0034,-7.69,-26.94,33.88,6.76,-82.52,-160.74
52.386665,-1.529671,148.92,12.01,3,204.61,20 / 20,1066029,2019-09-06 18:33:52:711,0.4323,0.7312,10.5181,0.0023,-0.0123,9.8066,0.0176,0.0856,-0.0446,-7.19,-26.94,34.44,8.61,-82.42,-160.71
52.386665,-1.529671,148.92,12.01,3,204.61,20 / 20,1066129,2019-09-06 18:33:52:811,-0.0236,1.5551,9.951,-0.0058,0.002,9.8066,0.0128,0.0839,0.0174,-6.75,-25.75,34.19,9.06,-82.38,-160.28
52.386665,-1.529671,148.92,12.01,3,204.61,20 / 20,1066228,2019-09-06 18:33:52:910,0.6319,1.3692,9.8654,-0.0019,-0.0042,9.8066,-0.0347,0.0274,-0.0218,-6.25,-27,34.13,12.16,-82.33,-159.2
52.386665,-1.529671,148.92,12.01,3,204.61,20 / 20,1066329,2019-09-06 18:33:53:011,0.0878,-0.4498,9.9169,-0.0056,-0.0094,9.8066,0.0586,0.0206,0.0343,-6.56,-27.87,34.31,11.39,-82.37,-158.28
52.386665,-1.529671,148.92,12.01,3,204.61,20 / 20,1066428,2019-09-06 18:33:53:110,-0.3755,2.2954,9.5223,-0.0102,0.0087,9.8066,-0.0224,0.0205,0.0789,-6.44,-28.44,34.31,13.36,-82.36,-158.17
52.386665,-1.529671,148.92,12.01,3,204.61,20 / 20,1066529,2019-09-06 18:33:53:211,0.0901,1.0084,9.4887,-0.0049,0.005,9.8066,0.0731,0.0443,-0.005,-6.75,-29,34.13,12.45,-82.34,-157.4
52.386665,-1.529671,148.92,12.01,3,204.61,20 / 20,1066628,2019-09-06 18:33:53:310,0.1825,0.5019,10.0588,-0.0049,-0.0115,9.8066,0.0904,0.0427,0.0024,-7,-28.06,34.38,12.93,-82.21,-156.96
52.386665,-1.529671,148.92,12.01,3,204.61,20 / 20,1066729,2019-09-06 18:33:53:411,-0.7108,0.9365,9.607,-0.0048,-0.0057,9.8066,-0.1145,0.0417,0.042,-6.69,-29.25,34,14,-82.21,-156.06
52.386665,-1.529671,148.92,12.01,3,204.61,20 / 20,1066830,2019-09-06 18:33:53:512,-0.0991,0.9417,9.5479,-0.0083,0.0162,9.8066,-0.0201,0.0097,0.0298,-7.37,-29.37,34.56,15.92,-82.16,-154.66
52.386665,-1.529671,148.92,12.01,3,204.61,20 / 20,1066929,2019-09-06 18:33:53:611,-1.2364,0.6471,9.3778,-0.0146,0.0223,9.8065,0.0715,-0.0716,0.0332,-6.81,-28.44,34.06,16.98,-82.23,-153.36
52.386665,-1.529671,148.92,12.01,3,204.61,20 / 20,1067029,2019-09-06 18:33:53:711,0.2702,0.5086,9.7635,-0.0152,-0.024,9.8066,-0.006,-0.1041,0.0672,-7.5,-29.06,34.19,18.22,-82.08,-152.38
52.386665,-1.529671,148.92,12.01,3,204.61,20 / 20,1067129,2019-09-06 18:33:53:811,-1.1332,0.7296,9.4244,0.0025,0.0025,9.8066,0.0156,-0.0623,0.059,-7.12,-28.69,33.88,18.72,-82.14,-151.91
52.386665,-1.529671,148.92,12.01,3,204.61,20 / 20,1067229,2019-09-06 18:33:53:911,0.0106,0.2367,9.6939,-0.0015,0.0216,9.8065,-0.0262,-0.0428,0.0145,-7.37,-29.19,33,18.81,-82.13,-151.56
52.386665,-1.529671,148.92,12.01,3,204.61,20 / 20,1067328,2019-09-06 18:33:54:010,0.6722,0.6348,9.254,-0.0076,0.0073,9.8066,-0.0277,0.0368,-0.0477,-7.37,-28.62,34.25,19.44,-82.13,-151.28
52.386665,-1.529671,148.92,12.01,3,204.61,21 / 21,1067428,2019-09-06 18:33:54:110,-0.153,-0.4285,7.6626,0.0411,-0.0959,9.8061,-0.0046,-0.0978,0.0591,-6.69,-28.62,33.94,18.94,-81.84,-151.81
52.386665,-1.529671,148.92,12.01,3,204.61,21 / 21,1067529,2019-09-06 18:33:54:211,-1.4269,-0.2311,10.6199,0.0986,-0.2749,9.8023,-0.2781,0.0017,-0.052,-7.06,-28.75,34.38,9.08,-81.01,-160.58
52.386665,-1.529671,148.92,12.01,3,204.61,21 / 21,1067629,2019-09-06 18:33:54:311,-4.1229,0.116,14.9459,-0.0125,0.1359,9.8057,-0.5775,0.264,-0.0989,-6.69,-28.37,34.75,13.16,-81.81,-157.12
52.386665,-1.529671,148.92,12.01,3,204.61,21 / 21,1067728,2019-09-06 18:33:54:410,2.5706,-0.4248,7.3591,-0.0746,0.3604,9.7997,0.066,-0.0628,-0.0475,-6.81,-29.75,33.56,21.03,-82.82,-149.71
52.386665,-1.529671,148.92,12.01,3,204.61,21 / 21,1067829,2019-09-06 18:33:54:511,-2.8067,2.4986,8.9765,-0.0145,0.0504,9.8065,0.4362,-0.1146,-0.0232,-6.56,-29.69,33.06,24.48,-83.52,-146.07
52.386665,-1.529671,148.92,12.01,3,204.61,21 / 21,1067929,2019-09-06 18:33:54:611,0.7651,-0.4675,9.9932,0.0098,-0.0322,9.8065,0.0342,-0.0479,0.1291,-6.37,-29.12,33.13,22.84,-83.35,-149.22
52.386665,-1.529671,148.92,12.01,3,204.61,21 / 21,1068029,2019-09-06 18:33:54:711,0.7452,-0.3238,10.2797,0.0063,-0.1244,9.8058,0.1854,0.0517,0.0057,-6.62,-29.12,34.81,17.82,-82.7,-152.81
52.386665,-1.529671,148.92,12.01,3,204.61,21 / 21,1068128,2019-09-06 18:33:54:810,-0.823,-1.5179,10.9706,-0.0029,-0.0907,9.8062,-0.1297,0.0023,0.0164,-6.69,-28.56,34.31,15.35,-81.3,-155.1
52.386665,-1.529671,148.92,12.01,3,204.61,21 / 21,1068228,2019-09-06 18:33:54:910,-1.4728,0.2032,10.237,-0.0045,0.0547,9.8064,-0.2008,-0.0504,0.0237,-6.5,-28.69,34.38,19.18,-81.75,-153.27
52.386665,-1.529671,148.92,12.01,3,204.61,21 / 21,1068328,2019-09-06 18:33:55:010,0.7061,0.7577,9.2894,0.0103,0.0613,9.8064,0.0056,-0.0474,-0.0367,-6.12,-28.87,33.88,19.08,-82.29,-153.19
52.386665,-1.529671,148.92,12.01,3,204.61,21 / 21,1068429,2019-09-06 18:33:55:111,0.4629,-0.7103,8.5959,0.0042,-0.0021,9.8066,0.0505,-0.0506,0.005,-6.37,-29.62,33.5,17.65,-82.54,-154.45
52.386665,-1.529671,148.92,12.01,3,204.61,21 / 21,1068528,2019-09-06 18:33:55:210,-0.2534,0.0931,9.9771,0.0164,-0.0432,9.8065,-0.0034,0.0064,-0.0068,-6.81,-28.69,33.69,13.98,-82.31,-156.06
52.386665,-1.529671,148.92,12.01,3,204.61,21 / 21,1068628,2019-09-06 18:33:55:310,-0.6043,-0.3478,10.2644,-0.0006,-0.0102,9.8066,0.0242,0.0128,0.0254,-6.19,-29.37,34.63,15.22,-82.06,-156.89
52.386665,-1.529671,148.92,12.01,3,204.61,21 / 21,1068729,2019-09-06 18:33:55:411,-0.2911,-1.0023,10.3838,0.0133,0.0271,9.8065,0.1532,-0.0138,-0.0236,-5.87,-29.12,34.94,13.69,-82.08,-158.23
52.386665,-1.529671,148.92,12.01,3,204.61,21 / 21,1068829,2019-09-06 18:33:55:511,-0.6494,-0.8481,10.4426,0.0084,-0.017,9.8066,-0.1329,-0.0821,-0.0308,-5.56,-28.75,34.63,12.57,-82.03,-159.23
52.386665,-1.529671,148.92,12.01,3,204.61,21 / 21,1068928,2019-09-06 18:33:55:610,0.0808,0.6023,9.5053,0.019,0.0095,9.8065,-0.0527,-0.0171,-0.0208,-5.56,-29.19,34.13,12.14,-82.25,-159.33
52.386665,-1.529671,148.92,12.01,3,204.61,21 / 21,1069028,2019-09-06 18:33:55:710,-0.867,-0.4621,9.7497,-0.0029,0.0365,9.8065,-0.1456,-0.0825,0.0285,-5.75,-28.81,34.69,10.94,-82.56,-160.57
52.386665,-1.529671,148.92,12.01,3,204.61,21 / 21,1069128,2019-09-06 18:33:55:810,0.2674,-0.9764,9.3197,0.0087,0.0283,9.8066,0.1002,-0.0096,-0.0531,-5.81,-28.81,34.06,9.28,-82.53,-161.8
52.386665,-1.529671,148.92,12.01,3,204.61,21 / 21,1069228,2019-09-06 18:33:55:910,-0.1498,-2.1542,9.7207,0,-0.023,9.8066,0.1349,-0.0489,0.0244,-5.87,-28.25,34.31,8.66,-82.53,-162.32
52.386665,-1.529671,148.92,12.01,3,204.61,21 / 21,1069329,2019-09-06 18:33:56:011,-1.1601,-0.1657,9.5517,-0.0082,-0.0101,9.8066,-0.0695,-0.1042,0.0471,-5,-27.87,33.94,11.55,-82.49,-161.41
52.386665,-1.529671,148.92,12.01,3,204.61,20 / 21,1069428,2019-09-06 18:33:56:110,0.2475,0.2078,10.162,-0.019,0.0048,9.8066,-0.1121,0.0293,0.0123,-5.87,-28.56,33.63,11.09,-82.54,-160.2
52.386665,-1.529671,148.92,12.01,3,204.61,20 / 21,1069528,2019-09-06 18:33:56:210,-0.8942,-0.1393,10.3125,-0.0053,0.0142,9.8066,0.0685,0.0112,0.0194,-5.44,-28.12,33.5,13.9,-82.5,-159.31
52.386665,-1.529671,148.92,12.01,3,204.61,20 / 21,1069629,2019-09-06 18:33:56:311,-0.8305,-0.0692,10.275,0.0016,-0.003,9.8066,0.0255,-0.0936,0.0282,-4.94,-28.44,33.56,14.12,-82.45,-159.13
52.386665,-1.529671,148.92,12.01,3,204.61,20 / 21,1069728,2019-09-06 18:33:56:410,-1.5678,0.1486,10.388,-0.0052,-0.0257,9.8065,-0.0575,-0.1194,0.0722,-5.19,-29.06,34,14.12,-82.32,-159.21
52.386665,-1.529671,148.92,12.01,3,204.61,20 / 21,1069828,2019-09-06 18:33:56:510,-0.1957,-0.7075,9.8271,0.0081,0.012,9.8066,-0.0488,0.0083,-0.0643,-5.12,-29.25,33.06,13.57,-82.32,-159.5
52.386665,-1.529671,148.92,12.01,3,204.61,20 / 21,1069929,2019-09-06 18:33:56:611,-0.0314,-0.7617,10.2436,-0.0023,0.013,9.8065,0.0157,-0.0575,-0.0088,-5,-29,33.63,13.65,-82.35,-159.63
52.386665,-1.529671,148.92,12.01,3,204.61,20 / 21,1070030,2019-09-06 18:33:56:712,-0.5659,-0.1768,9.9669,-0.0001,-0.0171,9.8066,-0.0224,-0.0568,0.005,-5.56,-28.75,34.06,11.11,-82.35,-160.22
52.386665,-1.529671,148.92,12.01,3,204.61,20 / 21,1070129,2019-09-06 18:33:56:811,-0.6522,0.1646,9.8148,0.0048,-0.0282,9.8065,-0.028,-0.0723,0.0367,-5.06,-29.19,34.38,12.83,-82.3,-160.36
52.386665,-1.529671,148.92,12.01,3,204.61,20 / 21,1070229,2019-09-06 18:33:56:911,-0.1138,-0.1305,10.3361,-0.003,0.0204,9.8066,0.098,-0.0672,0.0108,-4.81,-29.25,34,13.78,-82.34,-159.51
52.386665,-1.529671,148.92,12.01,3,204.61,20 / 21,1070329,2019-09-06 18:33:57:011,-0.1952,-0.9603,9.9679,-0.0076,0.015,9.8066,-0.019,-0.016,-0.0069,-5.25,-28.56,33.63,14.33,-82.31,-159.03
52.386665,-1.529671,148.92,12.01,3,204.61,21 / 21,1070428,2019-09-06 18:33:57:110,-1.1055,-0.273,9.7525,-0.0007,-0.0054,9.8065,-0.0017,-0.0517,0.0626,-4.81,-29.56,33.38,14.94,-82.35,-158.34
52.386665,-1.529671,148.92,12.01,3,204.61,21 / 21,1070529,2019-09-06 18:33:57:211,-0.691,-0.8077,9.9355,-0.0051,-0.0131,9.8066,-0.0517,-0.0022,-0.0366,-4.44,-29.19,33.69,17.44,-82.32,-157.94
52.386665,-1.529671,148.92,12.01,3,204.61,21 / 21,1070628,2019-09-06 18:33:57:310,0.7389,-0.7563,9.199,0.0032,0.0274,9.8066,-0.0513,-0.0942,0.0546,-4.81,-29,33.88,15.17,-82.56,-158.22
52.386665,-1.529671,148.92,12.01,3,204.61,21 / 21,1070728,2019-09-06 18:33:57:410,-1.1323,0.4299,10.495,-0.0041,0.0153,9.8066,-0.0174,0.0246,-0.0189,-4.44,-28.81,33.56,17.78,-82.59,-157.56
52.386665,-1.529671,148.92,12.01,3,204.61,21 / 21,1070829,2019-09-06 18:33:57:511,1.0097,-1.0645,9.4645,-0.0046,-0.0286,9.8065,-0.0223,-0.0012,-0.0364,-4.75,-28.62,34,15.23,-82.57,-158.17
52.386665,-1.529671,148.92,12.01,3,204.61,21 / 21,1070928,2019-09-06 18:33:57:610,-0.3795,-1.9293,9.7179,-0.0018,-0.0363,9.8065,-0.0787,0.0372,-0.01,-4.69,-28.81,33.5,15.85,-82.56,-157.62
52.386665,-1.529671,148.92,12.01,3,204.61,21 / 21,1071028,2019-09-06 18:33:57:710,-0.5228,0.3627,9.7456,-0.0221,0.0205,9.8066,-0.0133,0.0421,-0.0885,-4.94,-28.87,33.44,16.07,-82.75,-157.18
52.386665,-1.529671,148.92,12.01,3,204.61,21 / 21,1071129,2019-09-06 18:33:57:811,-1.6614,-1.437,10.0933,0.0006,0.0443,9.8065,0.2645,-0.0971,0.037,-4.94,-28.69,33.25,17.37,-83.12,-155.91
52.386665,-1.529671,148.92,12.01,3,204.61,21 / 21,1071228,2019-09-06 18:33:57:910,-0.9403,-0.6981,10.9733,0.0543,-0.055,9.8063,-0.1419,-0.0424,-0.2086,-4.44,-29.69,33,14.44,-82.87,-160.36
52.386665,-1.529671,148.92,12.01,3,204.61,21 / 21,1071329,2019-09-06 18:33:58:011,0.2136,-1.7961,10.4135,0.0694,-0.0763,9.806,0.1131,-0.1513,0.0022,-3.37,-28.62,33,9.88,-82.84,-166.08
52.386665,-1.529671,148.92,12.01,3,204.61,20 / 20,1071429,2019-09-06 18:33:58:111,1.1169,-0.963,8.1291,0.0639,-0.0346,9.8063,-0.2467,0.0399,-0.1445,-3.37,-28.94,33.5,1.28,-82.67,-173.83
52.386665,-1.529671,148.92,12.01,3,204.61,20 / 20,1071528,2019-09-06 18:33:58:210,0.4842,-1.9632,10.5198,0.008,-0.0478,9.8065,-0.255,0.0179,-0.0314,-3.5,-29.19,32.94,359.15,-82.79,-175.55
52.386665,-1.529671,148.92,12.01,3,204.61,20 / 20,1071629,2019-09-06 18:33:58:311,0.4221,2.4312,8.9506,0.0016,0.0399,9.8065,-0.198,-0.0227,0.1245,-3.25,-29.75,33.81,0.44,-83.31,-174.57
52.386665,-1.529671,148.92,12.01,3,204.61,20 / 20,1071729,2019-09-06 18:33:58:411,-1.2475,1.6846,10.4556,-0.022,-0.0255,9.8065,-0.0932,-0.1136,0.1197,-3.5,-28.94,33.06,3.44,-83.54,-171.73
52.386665,-1.529671,148.92,12.01,3,204.61,20 / 20,1071829,2019-09-06 18:33:58:511,-0.0378,-0.4766,9.448,-0.0157,-0.0282,9.8066,0.0431,-0.0066,0.0851,-3.31,-28.81,32.75,7.99,-83.33,-167.68
52.386665,-1.529671,148.92,12.01,3,204.61,20 / 20,1071928,2019-09-06 18:33:58:610,-0.7561,-0.5086,10.3216,-0.0087,-0.0668,9.8063,-0.0567,-0.056,0.0455,-3.69,-28.62,33.75,7.63,-82.87,-166.51
52.386665,-1.529671,148.92,12.01,3,204.61,20 / 20,1072028,2019-09-06 18:33:58:710,-0.1013,0.6766,10.8871,-0.0056,0.0436,9.8065,0.0985,-0.021,-0.0038,-3.75,-29.06,33.88,8.8,-83.06,-165.45
52.386665,-1.529671,148.92,12.01,3,204.61,20 / 20,1072128,2019-09-06 18:33:58:810,0.0027,0.0273,9.635,0.0086,0.0444,9.8065,0.0826,-0.0147,-0.0376,-3.44,-29.37,34,10.36,-83.19,-165.7
52.386665,-1.529671,148.92,12.01,3,204.61,20 / 20,1072229,2019-09-06 18:33:58:911,-0.1159,0.7382,9.8333,0.0055,-0.002,9.8066,-0.0859,-0.0342,0.0002,-4,-29.62,33.56,8.08,-83.35,-166.08
52.386665,-1.529671,148.92,12.01,3,204.61,20 / 20,1072329,2019-09-06 18:33:59:011,0.5801,1.4917,9.6872,0.0047,0.0041,9.8066,-0.0886,0.0132,-0.0279,-3.5,-29.56,33.06,9.32,-83.43,-166.51
52.386665,-1.529671,148.92,12.01,3,204.61,20 / 20,1072428,2019-09-06 18:33:59:110,-0.1706,-0.275,9.9444,-0.0027,-0.0064,9.8066,0.0531,0.0269,-0.0347,-3.5,-29.19,33.31,9.41,-83.46,-166.39
52.386665,-1.529671,148.92,12.01,3,204.61,20 / 20,1072529,2019-09-06 18:33:59:211,-0.2689,1.74,10.6689,-0.0003,-0.0074,9.8066,0.0912,-0.0426,0.0668,-4,-28.94,33.5,7.73,-83.43,-166.36
52.386665,-1.529671,148.92,12.01,3,204.61,20 / 20,1072628,2019-09-06 18:33:59:310,0.14,0.8159,10.4713,0.001,0.0094,9.8066,0.0245,0.0402,-0.0473,-4.31,-28.87,33.19,7.94,-83.46,-165.98
52.386665,-1.529671,148.92,12.01,3,204.61,20 / 20,1072728,2019-09-06 18:33:59:410,-0.9957,0.6155,10.1304,0.0094,0.0238,9.8065,0.1926,-0.0461,0.0382,-4.19,-29.19,33.63,7.23,-83.44,-166.8
52.386665,-1.529671,148.92,12.01,3,204.61,20 / 20,1072828,2019-09-06 18:33:59:510,-0.5468,0.5082,10.4826,0.0153,-0.0259,9.8065,-0.1304,-0.0221,0.0062,-3.87,-29.06,33.56,6.21,-83.43,-167.72
52.386665,-1.529671,148.92,12.01,3,204.61,20 / 20,1072929,2019-09-06 18:33:59:611,0.164,0.6518,9.9724,0.0078,-0.0032,9.8066,0.0292,0.0487,-0.099,-3.37,-28.81,33.38,6.2,-83.44,-169.26
52.386665,-1.529671,148.92,12.01,3,204.61,20 / 20,1073028,2019-09-06 18:33:59:710,0.5977,1.6242,10.0489,0.0256,0.006,9.8065,0.0567,-0.0091,0.0139,-2.94,-29.5,33.31,2.39,-83.58,-172.66
52.386665,-1.529671,148.92,12.01,3,204.61,20 / 20,1073129,2019-09-06 18:33:59:811,-0.1522,1.0968,10.335,0.0035,-0.007,9.8066,0.0837,0.0212,-0.0331,-2.81,-28.75,33.44,1.35,-83.57,-173.6
52.386665,-1.529671,148.92,12.01,3,204.61,20 / 20,1073228,2019-09-06 18:33:59:910,0.328,1.3983,9.9984,0.0128,0.0014,9.8066,0.0173,0.0131,0.0087,-3.12,-28.5,32.25,359.23,-83.54,-175.33
52.386665,-1.529671,148.92,12.01,3,204.61,20 / 20,1073329,2019-09-06 18:34:00:011,1.0456,0.2906,10.4937,0.0043,-0.0198,9.8065,0.0018,0.0679,-0.0637,-3.62,-28.31,32.25,356.78,-83.44,-175.76
52.385822,-1.530322,150.73,11.28,2,208.01,21 / 21,1073429,2019-09-06 18:34:00:111,0.8767,1.1554,8.9815,-0.006,-0.0022,9.8066,-0.0696,0.0374,0.012,-4.87,-28.37,32.5,353.68,-83.42,-177.06
52.385822,-1.530322,150.73,11.28,2,208.01,21 / 21,1073529,2019-09-06 18:34:00:211,-0.2487,1.8541,11.1048,-0.0177,0.0176,9.8066,0.196,0.0585,0.011,-5.44,-27.81,33,355.9,-83.4,-175.06
52.385822,-1.530322,150.73,11.28,2,208.01,21 / 21,1073629,2019-09-06 18:34:00:311,-0.5717,1.638,9.5614,-0.0101,0.0029,9.8066,0.0942,0.1386,-0.006,-5.56,-28.75,34.13,356.77,-83.49,-172.89
52.385822,-1.530322,150.73,11.28,2,208.01,21 / 21,1073729,2019-09-06 18:34:00:411,0.3741,3.143,8.6479,-0.0267,-0.0143,9.8066,-0.2105,0.0915,0.0895,-4.94,-28.12,33.75,0.67,-83.6,-171.03
52.385822,-1.530322,150.73,11.28,2,208.01,21 / 21,1073828,2019-09-06 18:34:00:510,-0.2584,0.5574,10.0114,-0.0198,-0.0228,9.8066,-0.171,0.0816,0.1184,-4.62,-29,34.25,5,-83.61,-167.13
52.385822,-1.530322,150.73,11.28,2,208.01,21 / 21,1073929,2019-09-06 18:34:00:611,-1.4181,2.7274,11.219,-0.0219,-0.0489,9.8064,-0.1775,-0.0238,0.0598,-4.94,-28.69,33.75,7.81,-83.51,-164.62
52.385822,-1.530322,150.73,11.28,2,208.01,21 / 21,1074029,2019-09-06 18:34:00:711,-0.8512,1.9855,10.6807,-0.0137,0.0105,9.8066,0.0375,-0.044,0.0463,-5.06,-28.56,33.81,10.07,-83.47,-162.59
52.385822,-1.530322,150.73,11.28,2,208.01,21 / 21,1074129,2019-09-06 18:34:00:811,0.129,0.9886,9.3712,-0.023,0.0227,9.8065,0.0664,0.0151,0.0224,-5,-28.12,33.75,12.69,-83.33,-160.22
52.385822,-1.530322,150.73,11.28,2,208.01,21 / 21,1074228,2019-09-06 18:34:00:910,0.2909,1.4816,10.0149,-0.0145,0.0131,9.8066,0.136,0.0544,0.0241,-5,-28.87,33,14.62,-83.15,-158.37
52.385822,-1.530322,150.73,11.28,2,208.01,21 / 21,1074329,2019-09-06 18:34:01:011,-0.6814,1.4285,9.5318,-0.0149,0.0324,9.8065,0.0663,-0.0112,0.0654,-5.31,-28.69,33.94,16.32,-83.2,-157.03
52.385822,-1.530322,150.73,11.28,2,208.01,20 / 21,1074429,2019-09-06 18:34:01:111,-0.567,2.6416,10.1279,0.0025,-0.0158,9.8065,0.0577,0.0108,0.0653,-4.56,-29.06,33.75,18.07,-83.21,-155.46
52.385822,-1.530322,150.73,11.28,2,208.01,20 / 21,1074528,2019-09-06 18:34:01:210,0.2329,2.4951,9.8384,-0.0014,-0.0092,9.8065,-0.0748,-0.0106,-0.0251,-4.87,-29.19,33.88,18.68,-83.23,-154.9
52.385822,-1.530322,150.73,11.28,2,208.01,20 / 21,1074628,2019-09-06 18:34:01:310,-0.3108,1.2421,9.974,-0.0013,-0.0058,9.8066,0.0532,-0.0675,-0.0289,-5.5,-28.75,33.94,19.33,-83.26,-154.31
52.385822,-1.530322,150.73,11.28,2,208.01,20 / 21,1074728,2019-09-06 18:34:01:410,-1.1897,0.0772,10.5447,-0.0192,-0.0231,9.8065,-0.0353,-0.0545,0.1138,-5.56,-29.19,34.19,18.34,-83.07,-153.61
52.385822,-1.530322,150.73,11.28,2,208.01,20 / 21,1074828,2019-09-06 18:34:01:510,-1.489,0.8661,9.9803,0.0094,-0.0178,9.8066,-0.0088,-0.1006,-0.0146,-5.19,-29.19,34.13,19.04,-83.05,-154.63
52.385822,-1.530322,150.73,11.28,2,208.01,20 / 21,1074928,2019-09-06 18:34:01:610,0.0292,2.3874,10.249,-0.0026,-0.0203,9.8066,0.0062,-0.0313,0.0272,-5.31,-29.25,33.75,18.82,-83.09,-154.82
52.385822,-1.530322,150.73,11.28,2,208.01,20 / 21,1075029,2019-09-06 18:34:01:711,-0.5756,1.1309,9.2353,0.0099,-0.0152,9.8066,0.0239,-0.025,-0.001,-5,-29.06,33.63,18.32,-83.12,-155.26
52.385822,-1.530322,150.73,11.28,2,208.01,20 / 21,1075129,2019-09-06 18:34:01:811,-0.3355,1.3341,9.9172,-0.0055,-0.0314,9.8065,-0.0437,-0.0543,0.0304,-4.81,-29.31,33.94,19.16,-83.2,-154.48
52.385822,-1.530322,150.73,11.28,2,208.01,20 / 21,1075228,2019-09-06 18:34:01:910,-0.2917,1.7662,10.188,-0.0075,0.0214,9.8065,-0.0662,-0.0461,-0.016,-4.62,-29.56,33.69,20.23,-83.3,-153.55
52.385822,-1.530322,150.73,11.28,2,208.01,20 / 21,1075328,2019-09-06 18:34:02:010,-0.4995,0.8123,9.2552,-0.0074,0.0074,9.8066,-0.0237,-0.0153,0.0387,-4.81,-29.94,33.81,21.95,-83.37,-151.98
52.385822,-1.530322,150.73,11.28,2,208.01,21 / 21,1075429,2019-09-06 18:34:02:111,-0.4014,0.8594,9.6773,-0.0089,0.0137,9.8066,0.0034,-0.0677,0.0427,-4.94,-29.19,33.13,23.3,-83.41,-150.48
52.385822,-1.530322,150.73,11.28,2,208.01,21 / 21,1075529,2019-09-06 18:34:02:211,-0.8247,1.3455,10.3822,-0.0092,0.0124,9.8066,0.039,-0.0043,-0.0225,-5.06,-29.19,33.56,24.52,-83.34,-149.59
52.385822,-1.530322,150.73,11.28,2,208.01,21 / 21,1075628,2019-09-06 18:34:02:310,-0.2126,1.0346,9.8808,0.0018,-0.0197,9.8066,0.0922,-0.019,-0.0006,-4.94,-29.5,33.06,24.25,-83.23,-149.7
52.385822,-1.530322,150.73,11.28,2,208.01,21 / 21,1075729,2019-09-06 18:34:02:411,1.7556,4.2919,13.7645,-0.004,-0.0368,9.8065,0.5576,-0.1759,-0.0406,-5.37,-28.56,33.88,22.41,-82.61,-151.77
52.385822,-1.530322,150.73,11.28,2,208.01,21 / 21,1075828,2019-09-06 18:34:02:510,1.0395,1.9592,7.3005,-0.0301,0.062,9.8063,0.1506,-0.0499,-0.0216,-4.56,-29.56,34.56,16.34,-82,-157.58
52.385822,-1.530322,150.73,11.28,2,208.01,21 / 21,1075929,2019-09-06 18:34:02:611,-1.3245,-0.438,4.12,-0.0433,0.1618,9.8051,0.1724,-0.0056,0.0168,-5.37,-29.37,35.25,21.06,-82.14,-153.3
52.385822,-1.530322,150.73,11.28,2,208.01,21 / 21,1076029,2019-09-06 18:34:02:711,0.2275,2.1388,8.8938,-0.0246,0.3266,9.8012,-0.8727,0.0513,-0.1323,-5.31,-30.19,33.69,27.27,-83.47,-147.13
52.385822,-1.530322,150.73,11.28,2,208.01,21 / 21,1076128,2019-09-06 18:34:02:810,-0.5608,4.4129,10.9442,-0.0294,0.2414,9.8036,0.2593,0.035,-0.068,-5.56,-30.81,32.25,30.55,-84.36,-141.69
52.385822,-1.530322,150.73,11.28,2,208.01,21 / 21,1076229,2019-09-06 18:34:02:911,-1.0064,7.4578,11.0916,0.0052,0.0673,9.8064,0.1614,-0.0726,0.0472,-5.62,-30.37,32.13,35.51,-84.99,-136.66
52.385822,-1.530322,150.73,11.28,2,208.01,21 / 21,1076329,2019-09-06 18:34:03:011,-0.2545,0.8637,9.1424,-0.0008,-0.0665,9.8064,0.3648,-0.0523,0.0386,-4.31,-30,33.25,31.1,-84.13,-144.86
52.385822,-1.530322,150.73,11.28,2,208.01,20 / 21,1076428,2019-09-06 18:34:03:110,0.6103,0.085,9.1642,-0.0017,-0.1187,9.8058,0.2598,-0.0145,-0.0378,-4.94,-28.62,34.06,20.33,-82.34,-153.71
52.385822,-1.530322,150.73,11.28,2,208.01,20 / 21,1076529,2019-09-06 18:34:03:211,0.0381,1.0539,9.9225,-0.0206,-0.0315,9.8065,-0.1114,-0.0423,0.1103,-4.69,-29.69,34.56,21.7,-81.94,-152.89
52.385822,-1.530322,150.73,11.28,2,208.01,20 / 21,1076628,2019-09-06 18:34:03:310,-1.1341,2.7861,10.2654,-0.0001,0.0764,9.8063,-0.2015,0.0331,-0.0553,-4.81,-28.94,33.56,25.11,-82.71,-149.31
52.385822,-1.530322,150.73,11.28,2,208.01,20 / 21,1076728,2019-09-06 18:34:03:410,-0.1666,3.3504,10.2779,-0.002,0.0453,9.8065,0.002,-0.0501,-0.0044,-5.12,-29.75,33.5,27.08,-83.16,-147.44
52.385822,-1.530322,150.73,11.28,2,208.01,20 / 21,1076829,2019-09-06 18:34:03:511,-0.1329,1.8734,9.2714,0.0135,-0.0168,9.8066,-0.008,-0.0501,-0.0049,-4.94,-29.75,32.88,26.06,-83.42,-148.07
52.385822,-1.530322,150.73,11.28,2,208.01,20 / 21,1076928,2019-09-06 18:34:03:610,-0.1259,2.0036,8.9666,0.0107,-0.0335,9.8065,-0.0152,0.0105,-0.0003,-4.62,-28.75,33.56,23.42,-83.16,-150.66
52.385822,-1.530322,150.73,11.28,2,208.01,20 / 21,1077029,2019-09-06 18:34:03:711,-0.5928,2.2677,9.0725,-0.0019,0.0061,9.8066,-0.0458,-0.0306,0.0228,-5.25,-29.5,33.44,22.56,-83.02,-151.3
52.385822,-1.530322,150.73,11.28,2,208.01,20 / 21,1077128,2019-09-06 18:34:03:810,-0.4658,2.0836,10.305,-0.0122,0.013,9.8066,0.0253,0.0098,0.0193,-4.62,-30.31,33.06,23.35,-83.01,-150.68
52.385822,-1.530322,150.73,11.28,2,208.01,20 / 21,1077229,2019-09-06 18:34:03:911,-0.7249,2.7908,9.9459,0.0091,-0.0121,9.8066,-0.0587,0.006,-0.0328,-4.62,-29.37,32.75,23.36,-83.01,-150.59
52.385822,-1.530322,150.73,11.28,2,208.01,20 / 21,1077328,2019-09-06 18:34:04:010,-0.3538,2.8346,9.6281,0.0144,-0.0225,9.8065,-0.0029,-0.0125,-0.0242,-4.62,-29.69,33.31,22.64,-83.13,-151.26
52.385822,-1.530322,150.73,11.28,2,208.01,20 / 20,1077428,2019-09-06 18:34:04:110,-0.1529,2.2928,9.3057,0.0042,0.0192,9.8065,-0.0174,-0.0237,-0.0212,-5.25,-30.19,33.56,21.79,-83.38,-152.12
52.385822,-1.530322,150.73,11.28,2,208.01,20 / 20,1077529,2019-09-06 18:34:04:211,0.1577,2.357,9.202,-0.0035,0.0077,9.8066,0.0271,0.0057,-0.015,-4.12,-29.44,32.94,23.06,-83.34,-152.44
52.385822,-1.530322,150.73,11.28,2,208.01,20 / 20,1077629,2019-09-06 18:34:04:311,-0.105,2.496,9.4222,-0.0054,0.009,9.8066,-0.0363,0.0284,0.0119,-4.5,-29.44,33.75,24.04,-83.32,-151.7
52.385822,-1.530322,150.73,11.28,2,208.01,20 / 20,1077729,2019-09-06 18:34:04:411,-0.2693,2.3471,9.7632,0.0027,-0.0035,9.8066,-0.0089,-0.0078,0.0177,-5.44,-29.56,33.94,22.52,-83.29,-151.5
52.385822,-1.530322,150.73,11.28,2,208.01,20 / 20,1077829,2019-09-06 18:34:04:511,-0.1474,2.5756,9.8711,0.0051,0.0242,9.8066,-0.038,-0.0075,-0.0364,-4.37,-29.44,33.19,23.92,-83.41,-151.64
52.385822,-1.530322,150.73,11.28,2,208.01,20 / 20,1077929,2019-09-06 18:34:04:611,0.2185,1.7074,9.5973,-0.0021,0.0213,9.8066,0.0634,0.001,0.0042,-4.31,-29.81,33.19,24.21,-83.6,-151.38
52.385822,-1.530322,150.73,11.28,2,208.01,20 / 20,1078028,2019-09-06 18:34:04:710,0.27,1.7069,9.5463,-0.0069,-0.0017,9.8066,0.0471,0.0172,0.0231,-4.62,-28.94,33.69,23.3,-83.62,-150.59
52.385822,-1.530322,150.73,11.28,2,208.01,20 / 20,1078129,2019-09-06 18:34:04:811,-0.4992,2.2687,10.0368,-0.0065,0.0007,9.8066,-0.0539,0.0138,-0.0061,-4.81,-29.44,33.75,24.44,-83.63,-149.55
52.385822,-1.530322,150.73,11.28,2,208.01,20 / 20,1078229,2019-09-06 18:34:04:911,-0.2197,2.0187,10.2996,-0.0032,-0.0048,9.8066,-0.0052,-0.0364,0.0293,-5.12,-29.81,33.94,25.39,-83.66,-148.75
52.385822,-1.530322,150.73,11.28,2,208.01,20 / 20,1078329,2019-09-06 18:34:05:011,0.002,1.744,9.8306,0.0023,0.0009,9.8066,-0.0074,-0.0216,-0.0238,-5.12,-29.37,33.25,25.31,-83.7,-148.54
52.385822,-1.530322,150.73,11.28,2,208.01,21 / 21,1078428,2019-09-06 18:34:05:110,-0.1758,1.1042,9.6282,-0.0049,0.0041,9.8066,-0.0046,-0.0085,-0.0096,-4.5,-29.56,33.63,27.81,-83.76,-148.16
52.385822,-1.530322,150.73,11.28,2,208.01,21 / 21,1078528,2019-09-06 18:34:05:210,-0.1062,1.1478,10.0433,-0.0041,0.0104,9.8066,0.011,-0.0073,0.0252,-5,-29.44,33.25,26.55,-83.77,-147.39
52.385822,-1.530322,150.73,11.28,2,208.01,21 / 21,1078628,2019-09-06 18:34:05:310,-0.0984,1.3303,10.3114,-0.0059,0.0006,9.8066,-0.0125,-0.0133,-0.0003,-4.19,-28.81,33.56,29.54,-83.84,-146.46
52.385822,-1.530322,150.73,11.28,2,208.01,21 / 21,1078728,2019-09-06 18:34:05:410,-0.2822,1.4447,10.1399,-0.002,-0.0046,9.8066,0.006,0.0132,0.0153,-5.37,-29.69,33.38,28.12,-83.82,-146.02
52.385822,-1.530322,150.73,11.28,2,208.01,21 / 21,1078829,2019-09-06 18:34:05:511,-0.1496,0.6772,9.5338,-0.0014,0.0058,9.8066,-0.0113,-0.0136,-0.0026,-4.81,-29.94,33.5,29.47,-83.9,-144.92
52.385822,-1.530322,150.73,11.28,2,208.01,21 / 21,1078928,2019-09-06 18:34:05:610,-0.4629,0.4862,9.992,-0.0033,-0.0016,9.8066,0.0046,-0.0048,0.0016,-4.94,-29.56,33.44,29.74,-83.9,-144.51
52.385822,-1.530322,150.73,11.28,2,208.01,21 / 21,1079028,2019-09-06 18:34:05:710,-0.1696,0.3792,9.8773,-0.0028,0.0032,9.8065,0.0155,-0.0005,0.0283,-4.75,-29.69,33.38,30,-83.9,-144.27
52.385822,-1.530322,150.73,11.28,2,208.01,21 / 21,1079128,2019-09-06 18:34:05:810,0.0667,0.4635,9.8595,0.0008,0.0018,9.8066,-0.005,-0.0006,-0.0265,-4.62,-29.31,33,30.14,-83.91,-144.04
52.385822,-1.530322,150.73,11.28,2,208.01,21 / 21,1079229,2019-09-06 18:34:05:911,-0.0955,0.4914,9.84,-0.0011,0.003,9.8066,0.0338,0.0041,0.0241,-4.44,-29.5,33.63,32.28,-83.93,-143.9
52.385822,-1.530322,150.73,11.28,2,208.01,21 / 21,1079329,2019-09-06 18:34:06:011,-0.0079,0.4215,9.7216,-0.0005,0.0059,9.8066,-0.0012,-0.01,0.0024,-4.25,-29.31,33.81,32.55,-83.98,-143.63
52.385822,-1.530322,150.73,11.28,2,208.01,21 / 21,1079429,2019-09-06 18:34:06:111,0.0299,0.5696,9.6744,-0.001,0.0096,9.8066,-0.0231,-0.0072,-0.0202,-4.94,-29.5,34,31.18,-84.07,-143.18
52.385822,-1.530322,150.73,11.28,2,208.01,21 / 21,1079528,2019-09-06 18:34:06:210,0.0185,0.4995,9.9137,-0.0048,0.0096,9.8066,0.0343,0.001,0.0111,-5.25,-28.87,33.94,31.91,-84.11,-142.49
52.385822,-1.530322,150.73,11.28,2,208.01,21 / 21,1079630,2019-09-06 18:34:06:312,-0.1536,0.7145,9.9662,0.0006,0.0078,9.8066,-0.0056,0.0005,-0.0121,-4.62,-28.87,33.44,32.34,-84.17,-141.89
52.385822,-1.530322,150.73,11.28,2,208.01,21 / 21,1079729,2019-09-06 18:34:06:411,-0.3531,0.3527,9.6171,-0.0055,0.0013,9.8065,0.0463,-0.0117,0.036,-4.69,-29.37,33.56,33.15,-84.19,-141.3
52.385822,-1.530322,150.73,11.28,2,208.01,21 / 21,1079828,2019-09-06 18:34:06:510,-0.1592,0.1668,9.5718,0.0034,0.0063,9.8066,-0.002,-0.0094,-0.0162,-4.25,-29.06,32.94,34.94,-84.27,-141.15
52.385822,-1.530322,150.73,11.28,2,208.01,21 / 21,1079928,2019-09-06 18:34:06:610,-0.2141,0.247,9.896,-0.0051,0.001,9.8066,0.0271,-0.001,0.0184,-4.87,-28.69,33.63,33.87,-84.29,-140.58
52.385822,-1.530322,150.73,11.28,2,208.01,21 / 21,1080029,2019-09-06 18:34:06:711,-0.029,0.7366,9.8336,0.0004,0.0129,9.8066,0.014,0.0061,0.0187,-5.37,-28.44,33.81,34.83,-84.38,-139.55
52.385822,-1.530322,150.73,11.28,2,208.01,21 / 21,1080129,2019-09-06 18:34:06:811,-0.0882,0.1508,9.8375,-0.0035,0.0062,9.8066,0.0107,-0.0141,-0.0052,-4.56,-29,34.13,35.63,-84.41,-138.88
52.385822,-1.530322,150.73,11.28,2,208.01,21 / 21,1080228,2019-09-06 18:34:06:910,0.1937,0.2729,9.8757,0.0019,0.0076,9.8066,-0.012,-0.0102,-0.0334,-4.94,-29.87,33.31,35.7,-84.46,-138.72
52.385822,-1.530322,150.73,11.28,2,208.01,21 / 21,1080329,2019-09-06 18:34:07:011,0.0268,0.3138,9.9472,-0.0021,0.0037,9.8066,0.016,0.0043,0.0163,-5.31,-29.56,33.5,36.53,-84.51,-138.08
52.385822,-1.530322,150.73,11.28,2,208.01,21 / 21,1080428,2019-09-06 18:34:07:110,0.0216,-0.0553,9.8535,-0.0012,0.0052,9.8066,0.0006,0.0021,0.0102,-4.69,-29,33.5,36.97,-84.59,-137.54
52.385822,-1.530322,150.73,11.28,2,208.01,21 / 21,1080529,2019-09-06 18:34:07:211,-0.157,-0.019,9.7564,-0.0028,0.0087,9.8066,0.0143,-0.0076,-0.0064,-4.31,-29.69,33.69,39.47,-84.63,-136.94
52.385822,-1.530322,150.73,11.28,2,208.01,21 / 21,1080629,2019-09-06 18:34:07:311,0.004,-0.6176,9.8352,-0.0011,-0.0001,9.8066,0.0196,-0.0102,0.0041,-4.06,-29.81,33.13,39.64,-84.63,-136.66
52.385822,-1.530322,150.73,11.28,2,208.01,21 / 21,1080728,2019-09-06 18:34:07:410,-0.2338,-0.2297,9.8275,-0.0007,-0.0081,9.8065,-0.0171,-0.0276,0.0183,-4.25,-29,33.25,39.8,-84.62,-136.42
52.385822,-1.530322,150.73,11.28,2,208.01,21 / 21,1080829,2019-09-06 18:34:07:511,0.032,0.1717,9.9405,-0.0007,0.0041,9.8066,-0.0328,0.0003,-0.0095,-3.94,-28.75,33.13,40.24,-84.7,-135.96
52.385822,-1.530322,150.73,11.28,2,208.01,21 / 21,1080928,2019-09-06 18:34:07:610,0.0105,-0.3106,9.8677,-0.0039,-0.0013,9.8066,-0.0183,-0.0095,0.0225,-4.25,-29.12,34.25,41.14,-84.71,-135.23
52.385822,-1.530322,150.73,11.28,2,208.01,21 / 21,1081029,2019-09-06 18:34:07:711,-0.2997,-1.2924,10.0438,0.0014,0.0174,9.8066,-0.0021,-0.001,-0.0173,-5,-29.56,33.63,40.79,-84.82,-133.92
52.385822,-1.530322,150.73,11.28,2,208.01,21 / 21,1081129,2019-09-06 18:34:07:811,-0.0098,-0.8878,10.1046,-0.0039,0.0047,9.8066,0.0832,-0.0197,0.0298,-5.06,-29.44,33.25,40.44,-84.78,-134
52.385822,-1.530322,150.73,11.28,2,208.01,21 / 21,1081229,2019-09-06 18:34:07:911,-0.0256,-1.6005,9.8681,0.0021,-0.0042,9.8066,0.0229,-0.0084,-0.0113,-4.5,-29.37,33.88,41.47,-84.7,-134.92
52.385822,-1.530322,150.73,11.28,2,208.01,21 / 21,1081329,2019-09-06 18:34:08:011,-0.0421,-1.3365,9.7229,-0.0004,0.0012,9.8066,0.0271,-0.0022,0.0095,-4.94,-29.31,33.94,39.26,-84.66,-135.35
52.385822,-1.530322,150.73,11.28,2,208.01,21 / 21,1081428,2019-09-06 18:34:08:110,0.0522,-2.2021,9.6631,0.0063,-0.0027,9.8066,0.0135,-0.0037,0.0001,-4.56,-29.81,33.56,39.33,-84.66,-135.39
52.385822,-1.530322,150.73,11.28,2,208.01,21 / 21,1081529,2019-09-06 18:34:08:211,0.1481,-2.2462,9.7374,-0.0009,-0.0004,9.8066,0.0007,-0.0123,0.0015,-4.75,-28.81,33.38,38.58,-84.7,-135.8
52.385822,-1.530322,150.73,11.28,2,208.01,21 / 21,1081628,2019-09-06 18:34:08:310,0.2407,-1.6652,9.7748,0.0016,0.0018,9.8065,-0.005,0.0141,-0.0028,-4.31,-28.75,33.44,40.39,-84.67,-135.84
52.385822,-1.530322,150.73,11.28,2,208.01,21 / 21,1081729,2019-09-06 18:34:08:411,0.116,-2.7646,9.7113,-0.0032,0.0076,9.8066,0.0135,0.0072,0.0299,-4.75,-28.56,33.56,39.43,-84.69,-135.17
52.385822,-1.530322,150.73,11.28,2,208.01,21 / 21,1081829,2019-09-06 18:34:08:511,-0.0051,-1.4606,9.9461,-0.0029,0.0031,9.8066,-0.0299,-0.015,0.0137,-4.75,-29.37,33.81,40.02,-84.72,-134.6
52.385822,-1.530322,150.73,11.28,2,208.01,21 / 21,1081929,2019-09-06 18:34:08:611,0.0659,-1.2478,9.6469,0.0052,0.0008,9.8066,0.0017,-0.0038,-0.0171,-4.87,-29,34.06,39.63,-84.74,-134.95
52.385822,-1.530322,150.73,11.28,2,208.01,21 / 21,1082029,2019-09-06 18:34:08:711,0.1099,-1.4599,9.9684,0.0014,0.0045,9.8066,-0.011,-0.0104,-0.0067,-4.62,-28.81,34,39.4,-84.77,-135.15
52.385822,-1.530322,150.73,11.28,2,208.01,21 / 21,1082128,2019-09-06 18:34:08:810,0.1394,-1.0127,9.9738,0.0018,0.0077,9.8066,0.0355,-0.0095,-0.0286,-4.44,-29.12,33.94,41.47,-84.85,-134.82
52.385822,-1.530322,150.73,11.28,2,208.01,21 / 21,1082228,2019-09-06 18:34:08:910,0.0574,-1.5532,9.9653,0.0049,-0.0111,9.8066,0.0187,-0.0281,0.0008,-4.5,-29.44,33.94,40.48,-84.87,-135.75
52.385822,-1.530322,150.73,11.28,2,208.01,21 / 21,1082328,2019-09-06 18:34:09:010,0.2845,-1.7181,10.0196,0.0022,0.0034,9.8066,-0.0227,-0.0195,0.0039,-4.44,-28.44,34,40.56,-84.94,-135.53
52.385414,-1.530679,151.59,3.65,3,209.46,21 / 21,1082428,2019-09-06 18:34:09:110,-0.1706,-0.4642,10.0404,-0.0052,0.0084,9.8066,0.0241,0.0516,-0.0267,-4.62,-28.44,34.69,39.33,-84.96,-135.18
52.385414,-1.530679,151.59,3.65,3,209.46,21 / 21,1082529,2019-09-06 18:34:09:211,0.2834,-1.6072,10.141,0.0008,0.0142,9.8066,0.0686,-0.0087,-0.0151,-4.75,-29,34.44,40.19,-85.04,-134.26
52.385414,-1.530679,151.59,3.65,3,209.46,21 / 21,1082629,2019-09-06 18:34:09:311,0.2731,-1.3633,9.7768,0.001,-0.0052,9.8066,-0.0174,-0.0118,0.0172,-4.12,-29.37,33.44,40.72,-84.98,-135.34
52.385414,-1.530679,151.59,3.65,3,209.46,21 / 21,1082728,2019-09-06 18:34:09:410,0.0577,-1.0723,9.4564,0,-0.0077,9.8066,-0.005,-0.0194,-0.0001,-4.12,-29.25,34,40.59,-84.94,-135.6
52.385414,-1.530679,151.59,3.65,3,209.46,21 / 21,1082829,2019-09-06 18:34:09:511,-0.2535,-0.7746,9.8985,0.0015,0.0167,9.8066,0.032,-0.0066,-0.018,-4.31,-28.62,33.81,40.15,-84.94,-136.02
52.385414,-1.530679,151.59,3.65,3,209.46,21 / 21,1082928,2019-09-06 18:34:09:610,0.0866,-1.3113,9.8162,0.0056,0.009,9.8066,0.0275,0.0237,0.0048,-4.44,-29.06,34.56,40.32,-85.06,-135.9
52.385414,-1.530679,151.59,3.65,3,209.46,21 / 21,1083028,2019-09-06 18:34:09:710,0.3372,-1.2103,9.8777,-0.0048,-0.0048,9.8066,0.0416,-0.0057,0.0015,-4.81,-29.25,34.63,38.03,-85.05,-136.45
52.385414,-1.530679,151.59,3.65,3,209.46,21 / 21,1083129,2019-09-06 18:34:09:811,0.1889,-1.2472,9.8578,0.001,-0.0087,9.8066,-0.0193,-0.0122,-0.0067,-4.62,-29.06,33.44,37.15,-84.97,-136.98
52.385414,-1.530679,151.59,3.65,3,209.46,21 / 21,1083229,2019-09-06 18:34:09:911,0.0727,-1.3795,9.85,0.0003,0.0047,9.8066,0.0057,-0.0084,0.0257,-4,-29.19,33.31,38.91,-84.94,-137.06
52.385414,-1.530679,151.59,3.65,3,209.46,21 / 21,1083328,2019-09-06 18:34:10:010,0.0249,-1.2961,10.0878,-0.0037,0.0032,9.8066,0.0224,0.0121,0.0185,-4.25,-29.19,33.94,39.29,-84.93,-136.84
52.385414,-1.530679,151.59,3.65,3,209.46,21 / 21,1083428,2019-09-06 18:34:10:110,0.2946,-1.6801,10.0587,0.004,-0.0118,9.8066,0.0114,-0.0023,-0.0173,-4.5,-28.69,34.88,40.03,-84.91,-136.26
52.385414,-1.530679,151.59,3.65,3,209.46,21 / 21,1083529,2019-09-06 18:34:10:211,0.0036,-0.8825,9.7802,0.0037,-0.0166,9.8066,-0.0056,-0.0323,0.0017,-4.37,-29.25,34.06,38.72,-84.86,-137.41
52.385414,-1.530679,151.59,3.65,3,209.46,21 / 21,1083629,2019-09-06 18:34:10:311,0.043,-0.5674,9.8186,-0.0018,0.0027,9.8066,-0.0743,-0.0038,-0.007,-4.62,-28.75,34.06,37.21,-84.9,-137.13
52.385414,-1.530679,151.59,3.65,3,209.46,21 / 21,1083729,2019-09-06 18:34:10:411,0.1477,-0.6403,9.8646,0.0028,0.0004,9.8066,-0.0622,0.0008,0.0108,-4.06,-28.94,33.69,38.77,-84.93,-137.32
52.385414,-1.530679,151.59,3.65,3,209.46,21 / 21,1083828,2019-09-06 18:34:10:510,0.0963,-0.8551,9.7012,-0.0042,0.0127,9.8065,0.0128,0.0046,-0.0222,-4.62,-28.25,34.06,37.84,-85.02,-136.39
52.385414,-1.530679,151.59,3.65,3,209.46,21 / 21,1083929,2019-09-06 18:34:10:611,-0.0254,-0.0274,9.9302,-0.0015,0.0156,9.8066,-0.0208,-0.0053,-0.0089,-4.12,-29.25,34.5,40.19,-85.02,-136.05
52.385414,-1.530679,151.59,3.65,3,209.46,21 / 21,1084029,2019-09-06 18:34:10:711,0.2903,-0.1811,9.8583,0.0016,0.0031,9.8066,0.0353,-0.0104,0.0272,-3.87,-28.62,34.25,39.84,-85.03,-136.25
52.385414,-1.530679,151.59,3.65,3,209.46,21 / 21,1084128,2019-09-06 18:34:10:810,0.3756,-0.3653,9.7362,-0.0038,0.0111,9.8065,0.0213,0.0067,-0.0005,-3.37,-28.44,33.75,41.97,-85.03,-135.82
52.385414,-1.530679,151.59,3.65,3,209.46,21 / 21,1084228,2019-09-06 18:34:10:910,-0.0353,-0.4469,10.0482,0.0025,-0.0036,9.8066,0.0031,-0.0212,0.0069,-4.75,-29.12,34.38,38.64,-85.02,-135.72
52.385414,-1.530679,151.59,3.65,3,209.46,21 / 21,1084328,2019-09-06 18:34:11:010,0.1033,-0.4591,9.9188,-0.0004,-0.0044,9.8066,0.0257,-0.0135,-0.023,-4.25,-28.81,34.31,40.81,-85.05,-135.33
52.385414,-1.530679,151.59,3.65,3,209.46,21 / 21,1084428,2019-09-06 18:34:11:110,0.1448,-0.1292,9.8386,0.0017,0.0002,9.8066,-0.0527,-0.0138,0.0081,-4,-29.37,33.56,40.5,-85.08,-135.61
52.385414,-1.530679,151.59,3.65,3,209.46,21 / 21,1084529,2019-09-06 18:34:11:211,-0.1571,-0.4943,9.5288,-0.0039,-0.0051,9.8066,0.0308,0.0013,0.001,-3.37,-28.25,34,42.15,-85.05,-135.64
52.385414,-1.530679,151.59,3.65,3,209.46,21 / 21,1084628,2019-09-06 18:34:11:310,-0.1926,-0.845,9.5958,-0.0014,0.0124,9.8066,0.0315,0.016,0.0066,-3.94,-28.31,34.38,40.3,-85,-135.74
52.385414,-1.530679,151.59,3.65,3,209.46,21 / 21,1084729,2019-09-06 18:34:11:411,-0.1935,-0.4427,10.1865,-0.0039,0.0207,9.8066,-0.0091,0.0253,0.0075,-4.25,-28.06,34,41.58,-85.1,-134.48
52.385414,-1.530679,151.59,3.65,3,209.46,21 / 21,1084828,2019-09-06 18:34:11:510,0.4298,-1.3072,9.7666,0.0042,-0.0163,9.8066,0.0213,-0.0041,0.0013,-4.25,-29.87,33.81,40.68,-85.04,-135.55
52.385414,-1.530679,151.59,3.65,3,209.46,21 / 21,1084929,2019-09-06 18:34:11:611,0.2273,-1.2291,9.7286,0.0006,-0.0202,9.8065,-0.0526,-0.0032,0.025,-3.94,-28.81,33.63,40.52,-85.02,-135.62
52.385414,-1.530679,151.59,3.65,3,209.46,21 / 21,1085029,2019-09-06 18:34:11:711,0.1385,-0.2124,9.6549,-0.005,0.0079,9.8066,-0.0949,0.0027,-0.0022,-4.25,-28.37,34.13,41.75,-85.03,-134.36
52.385414,-1.530679,151.59,3.65,3,209.46,21 / 21,1085128,2019-09-06 18:34:11:810,0.0751,-0.3282,9.8822,-0.0016,-0.0054,9.8066,-0.1154,-0.0056,0.0145,-3.87,-28.87,34.25,41.9,-84.99,-134.34
52.385414,-1.530679,151.59,3.65,3,209.46,21 / 21,1085228,2019-09-06 18:34:11:910,-0.0251,-1.0337,9.8717,-0.0005,0.0137,9.8066,0.1307,0.0017,-0.0289,-4.19,-28.62,33.88,41.57,-84.94,-134.67
52.385414,-1.530679,151.59,3.65,3,209.46,21 / 21,1085328,2019-09-06 18:34:12:010,0.0293,-1.6031,10.121,-0.0002,0.0154,9.8066,0.136,-0.0377,0.0142,-3.56,-28.81,34.31,41.5,-84.99,-134.71
52.385414,-1.530679,151.59,3.65,3,209.46,21 / 21,1085429,2019-09-06 18:34:12:111,-0.0735,-0.8007,9.4658,0.0018,-0.0215,9.8066,-0.105,-0.0246,0.0422,-4.19,-28.37,34.31,39.97,-84.8,-136.17
52.385414,-1.530679,151.59,3.65,3,209.46,21 / 21,1085529,2019-09-06 18:34:12:211,0.0768,-0.5408,9.9535,-0.0053,-0.0355,9.8066,0.0776,-0.0148,0.0131,-4.37,-28.75,33.94,40.36,-84.69,-135.96
52.385414,-1.530679,151.59,3.65,3,209.46,21 / 21,1085628,2019-09-06 18:34:12:310,-0.1476,-0.5952,9.7437,-0.0059,0.0175,9.8066,0.0665,-0.0006,-0.0086,-4.62,-28.44,33.81,40.1,-84.71,-134.44
52.385414,-1.530679,151.59,3.65,3,209.46,21 / 21,1085728,2019-09-06 18:34:12:410,-0.0878,-1.9973,9.8911,-0.0009,0.0144,9.8066,0.046,-0.0243,0.0167,-4.25,-28.87,34.56,41.66,-84.66,-134.87
52.385414,-1.530679,151.59,3.65,3,209.46,21 / 21,1085828,2019-09-06 18:34:12:510,0.3098,-1.2052,9.7144,0.0021,-0.0126,9.8066,-0.0478,0.0186,0.0143,-4.44,-28.25,34.5,42.27,-84.65,-134.2
52.385414,-1.530679,151.59,3.65,3,209.46,21 / 21,1085928,2019-09-06 18:34:12:610,-0.2246,-1.6322,10.1427,-0.0007,-0.0234,9.8066,-0.0769,-0.0134,0.0365,-4.12,-28.19,34,41.36,-84.54,-135.01
52.385414,-1.530679,151.59,3.65,3,209.46,21 / 21,1086028,2019-09-06 18:34:12:710,0.0638,-1.1399,9.8954,0.0017,0.0088,9.8066,0.035,-0.0109,-0.0075,-4.56,-28.56,34.13,40.11,-84.53,-134.63
52.385414,-1.530679,151.59,3.65,3,209.46,21 / 21,1086128,2019-09-06 18:34:12:810,0.0937,-1.4278,9.8295,-0.0034,0.0038,9.8066,0.0291,-0.0099,0.0392,-4.44,-27.69,33.31,41.44,-84.49,-134.85
52.385414,-1.530679,151.59,3.65,3,209.46,21 / 21,1086228,2019-09-06 18:34:12:910,0.1577,-1.3593,9.548,-0.0004,-0.0036,9.8066,0.0019,0.0064,-0.0067,-4.12,-27.69,34.13,41.48,-84.43,-134.97
52.385414,-1.530679,151.59,3.65,3,209.46,21 / 21,1086329,2019-09-06 18:34:13:011,-0.0512,-1.6079,9.8948,-0.0061,-0.0064,9.8066,-0.0404,0.0108,-0.0076,-4.69,-27.75,34.88,39.94,-84.34,-134.95
52.385414,-1.530679,151.59,3.65,3,209.46,21 / 21,1086428,2019-09-06 18:34:13:110,0.5261,-1.1292,9.7756,-0.0008,-0.009,9.8065,-0.0066,0.0139,0.027,-4.31,-27.81,34.44,41.34,-84.33,-135.15
52.385414,-1.530679,151.59,3.65,3,209.46,21 / 21,1086529,2019-09-06 18:34:13:211,-0.0727,-1.4435,9.8007,0.0037,-0.0162,9.8065,-0.0378,-0.0556,0.0406,-4.69,-27.37,33.75,38.98,-84.23,-135.65
52.385414,-1.530679,151.59,3.65,3,209.46,21 / 21,1086628,2019-09-06 18:34:13:310,-0.2414,-0.8135,9.9547,-0.0021,0.0244,9.8065,0.0375,-0.0061,-0.0209,-4.44,-27.81,34.06,41.99,-84.23,-134.61
52.385414,-1.530679,151.59,3.65,3,209.46,21 / 21,1086728,2019-09-06 18:34:13:410,0.2211,-1.2687,9.8185,0.002,0.032,9.8066,0.0369,0.0142,0.0076,-4.12,-28.5,33.25,41.71,-84.31,-134.72
52.385414,-1.530679,151.59,3.65,3,209.46,21 / 21,1086829,2019-09-06 18:34:13:511,-0.1861,-0.5732,9.8909,0.0005,-0.0136,9.8066,0.0044,-0.0229,-0.0038,-4.87,-27.69,33.94,38.95,-84.19,-135.81
52.385414,-1.530679,151.59,3.65,3,209.46,21 / 21,1086928,2019-09-06 18:34:13:610,-0.1633,-0.0285,9.9528,0.0037,0.0012,9.8066,-0.0012,-0.0301,-0.0352,-4.75,-28.06,33.69,38.95,-84.25,-135.78
52.385414,-1.530679,151.59,3.65,3,209.46,21 / 21,1087028,2019-09-06 18:34:13:710,0.2954,-0.9665,10.3419,0.0015,-0.0107,9.8066,-0.0092,-0.0116,0.0615,-4.81,-28.56,33.06,39.04,-84.29,-135.61
52.385414,-1.530679,151.59,3.65,3,209.46,21 / 21,1087129,2019-09-06 18:34:13:811,0.0909,0.0318,10.1928,0.001,-0.0144,9.8066,-0.0294,-0.0182,-0.0046,-4.81,-28.81,33,38.86,-84.23,-135.81
52.385414,-1.530679,151.59,3.65,3,209.46,21 / 21,1087229,2019-09-06 18:34:13:911,-0.1037,-0.5347,9.3648,0.0029,0.0005,9.8066,-0.0436,-0.0088,0.0156,-4.5,-28.44,33.56,40.92,-84.24,-135.6
52.385414,-1.530679,151.59,3.65,3,209.46,21 / 21,1087329,2019-09-06 18:34:14:011,-0.1309,0.1372,9.49,-0.0001,-0.0091,9.8065,-0.0604,0.0056,0.005,-5.12,-28.81,33.69,39.08,-84.21,-135.77
52.385414,-1.530679,151.59,3.65,3,209.46,21 / 21,1087428,2019-09-06 18:34:14:110,0.078,-0.9109,9.7747,0.0005,0.0076,9.8066,0.017,-0.0415,-0.0248,-4.69,-29.06,34,38.89,-84.26,-135.93
52.385414,-1.530679,151.59,3.65,3,209.46,21 / 21,1087529,2019-09-06 18:34:14:211,-0.0688,-0.3477,10.0773,-0.0003,0.0099,9.8066,0.0389,-0.0029,-0.0027,-4.5,-28.87,34.06,40.3,-84.25,-136.28
52.385414,-1.530679,151.59,3.65,3,209.46,21 / 21,1087628,2019-09-06 18:34:14:310,0.0733,0.1995,10.5102,-0.0019,-0.0034,9.8066,0.1218,0.0262,-0.0218,-4.87,-28.87,33.75,37.48,-84.23,-137.26
52.385414,-1.530679,151.59,3.65,3,209.46,21 / 21,1087729,2019-09-06 18:34:14:411,0.3552,-1.5303,9.4706,0.0083,0.0235,9.8066,-0.1216,-0.0084,0.0127,-4.5,-28.94,33.81,38.53,-84.29,-137.92
52.385414,-1.530679,151.59,3.65,3,209.46,21 / 21,1087829,2019-09-06 18:34:14:511,0.1444,-0.1024,9.4888,0.0021,-0.0307,9.8066,-0.1194,0.0064,-0.024,-4.62,-28.69,33.56,35.1,-84.08,-139.55
52.385414,-1.530679,151.59,3.65,3,209.46,21 / 21,1087929,2019-09-06 18:34:14:611,-0.2568,-0.8044,10.0348,0.0051,-0.0248,9.8065,0.1446,0.0025,0.001,-5.12,-29,34,34.66,-84.08,-139.96
52.385414,-1.530679,151.59,3.65,3,209.46,21 / 21,1088028,2019-09-06 18:34:14:710,0.1103,-0.1317,9.6908,0.0016,0.0335,9.8065,0.1098,0.0042,0.0148,-5.19,-29.44,33.75,34.99,-84.23,-139.57
52.385414,-1.530679,151.59,3.65,3,209.46,21 / 21,1088129,2019-09-06 18:34:14:811,-0.1477,-1.0775,9.8207,0.0031,0.0289,9.8066,0.0998,-0.0081,0.0229,-4.56,-28.44,33.5,34.03,-84.23,-140.37
52.385414,-1.530679,151.59,3.65,3,209.46,21 / 21,1088229,2019-09-06 18:34:14:911,0.1267,-1.1556,10.1941,0.0017,-0.0132,9.8066,0.0101,-0.0131,-0.0588,-4.81,-29.37,33.81,33.18,-84.14,-141.3
52.385414,-1.530679,151.59,3.65,3,209.46,21 / 21,1088328,2019-09-06 18:34:15:010,-0.0745,-1.0898,9.9306,0.0118,0.0009,9.8066,0.018,-0.0461,-0.011,-5,-29.56,33.25,31.51,-84.12,-142.77
52.385414,-1.530679,151.59,3.65,3,209.46,21 / 21,1088429,2019-09-06 18:34:15:111,0.502,-1.8692,9.7462,0.0052,-0.0157,9.8065,0.005,0.0313,0.0156,-4.06,-28.87,34.06,31.69,-84.09,-144.37
52.385414,-1.530679,151.59,3.65,3,209.46,21 / 21,1088528,2019-09-06 18:34:15:210,0.0767,-0.8782,9.8348,0.0072,-0.0145,9.8066,-0.021,-0.0168,0.0463,-4.56,-29.56,34.63,29.58,-84.07,-144.91
52.385414,-1.530679,151.59,3.65,3,209.46,21 / 21,1088629,2019-09-06 18:34:15:311,-0.0175,-0.1671,9.6915,0.0023,0.0054,9.8066,0.0021,0.0219,-0.0594,-4.44,-29.19,34.31,30.79,-84.12,-145.18
52.385414,-1.530679,151.59,3.65,3,209.46,21 / 21,1088729,2019-09-06 18:34:15:411,0.1089,-1.7254,10.118,0.0064,0.0091,9.8066,0.0539,0.032,-0.0104,-4.56,-28.5,34.19,27.74,-84.14,-146.24
52.385414,-1.530679,151.59,3.65,3,209.46,21 / 21,1088829,2019-09-06 18:34:15:511,-0.1986,-0.1234,9.9527,0.007,-0.0176,9.8066,-0.0064,-0.0631,0.0239,-4.94,-29.56,34,27.04,-84.11,-147.05
52.385414,-1.530679,151.59,3.65,3,209.46,21 / 21,1088929,2019-09-06 18:34:15:611,0.1097,-0.3945,9.7767,0.0041,-0.0185,9.8065,0.0114,-0.0162,-0.0478,-4,-28.75,33.31,27.52,-84.01,-148.11
52.385414,-1.530679,151.59,3.65,3,209.46,21 / 21,1089028,2019-09-06 18:34:15:710,-0.1325,0.0547,9.8854,0.009,0.0179,9.8066,0.0291,0.0066,0.0215,-4.12,-28.62,33.69,26.93,-84.21,-148.7
52.385414,-1.530679,151.59,3.65,3,209.46,21 / 21,1089128,2019-09-06 18:34:15:810,-0.0565,-0.8422,9.8212,0.0042,0.012,9.8066,0.0298,-0.0022,0.013,-3.5,-29.19,33.81,27.78,-84.25,-149.57
52.385414,-1.530679,151.59,3.65,3,209.46,21 / 21,1089228,2019-09-06 18:34:15:910,0.5111,-0.8137,9.7021,0.0159,-0.0177,9.8066,-0.0401,-0.0097,-0.0646,-3.62,-28.94,33.75,23.88,-84.23,-151.5
52.385414,-1.530679,151.59,3.65,3,209.46,21 / 21,1089329,2019-09-06 18:34:16:011,-1.0498,-1.7219,10.0287,0.0144,-0.0416,9.8065,-0.0387,-0.0436,0.0484,-3.94,-29,34,22.47,-84.2,-152.8
52.385414,-1.530679,151.59,3.65,3,209.46,21 / 21,1089429,2019-09-06 18:34:16:111,0.1462,0.5352,9.854,0.003,0.0288,9.8065,0.0149,0.0176,-0.0471,-3.81,-29.62,34,21.84,-84.37,-153.38
52.385414,-1.530679,151.59,3.65,3,209.46,21 / 21,1089528,2019-09-06 18:34:16:210,-0.2393,0.1207,9.539,0.0084,0.0214,9.8066,-0.0308,-0.0329,-0.0415,-3.5,-28.37,33.06,22.3,-84.54,-154.34
52.385414,-1.530679,151.59,3.65,3,209.46,21 / 21,1089629,2019-09-06 18:34:16:311,0.1623,-0.5318,9.8828,0.011,-0.0107,9.8066,-0.0074,-0.0034,-0.0083,-3.56,-28.75,33.13,17.72,-84.54,-156.89
52.385414,-1.530679,151.59,3.65,3,209.46,21 / 21,1089729,2019-09-06 18:34:16:411,0.1462,0.5294,9.609,0.0143,-0.0021,9.8065,0.0196,0.0027,-0.046,-2.94,-29,32.69,17.85,-84.53,-158.5
52.385414,-1.530679,151.59,3.65,3,209.46,21 / 21,1089828,2019-09-06 18:34:16:510,0.4626,0.4352,9.7549,0.0072,-0.0057,9.8066,-0.0087,0.0482,-0.0436,-3,-29.37,33.19,15.07,-84.52,-161.04
52.385414,-1.530679,151.59,3.65,3,209.46,21 / 21,1089929,2019-09-06 18:34:16:611,1.6482,0.6436,9.9155,-0.0109,0.0429,9.8065,0.1268,0.0026,0.066,-3.31,-29.62,33.75,15.92,-84.71,-160.38
52.385414,-1.530679,151.59,3.65,3,209.46,21 / 21,1090029,2019-09-06 18:34:16:711,1.1792,0.2448,10.5193,-0.0008,-0.0198,9.8066,-0.0186,0.1463,-0.0882,-3.06,-29.5,32.88,16.93,-84.48,-159.36
52.385414,-1.530679,151.59,3.65,3,209.46,21 / 21,1090129,2019-09-06 18:34:16:811,1.049,0.6049,10.1347,0.0229,0.0082,9.8066,0.0651,0.0098,-0.0116,-3.37,-29,34.25,14.69,-84.47,-161.52
52.385414,-1.530679,151.59,3.65,3,209.46,21 / 21,1090228,2019-09-06 18:34:16:910,1.7996,-0.7527,9.8008,0.0382,-0.0235,9.8065,-0.0595,0.1348,-0.0538,-3.25,-29.5,34.38,9.21,-84.38,-166.56
52.385414,-1.530679,151.59,3.65,3,209.46,21 / 21,1090329,2019-09-06 18:34:17:011,2.703,1.4236,9.9339,0.0113,-0.0127,9.8066,0.0339,0.1062,-0.0439,-4.37,-29,34.75,5.52,-84.54,-168.41
52.385414,-1.530679,151.59,3.65,3,209.46,22 / 22,1090428,2019-09-06 18:34:17:110,2.3282,0.3447,9.7667,0.0191,0.01,9.8066,-0.0151,0.2703,-0.0188,-4.19,-28.81,34.13,3.52,-84.77,-170.05
52.385414,-1.530679,151.59,3.65,3,209.46,22 / 22,1090529,2019-09-06 18:34:17:211,2.6187,0.7905,10.2971,0.0079,0.0191,9.8066,-0.0426,0.3404,-0.0751,-5.06,-29.56,34.19,0.69,-85.05,-171
52.385414,-1.530679,151.59,3.65,3,209.46,22 / 22,1090628,2019-09-06 18:34:17:310,3.9498,1.4843,9.8815,0.0241,0.0217,9.8066,-0.0265,0.3324,-0.0362,-4.81,-29.12,33.63,357.48,-85.27,-173.97
52.385414,-1.530679,151.59,3.65,3,209.46,22 / 22,1090728,2019-09-06 18:34:17:410,2.5429,1.1659,9.6816,-0.0027,-0.0011,9.8066,-0.0001,0.3936,-0.0569,-5.06,-29.25,33,354.86,-85.4,-176.15
52.385414,-1.530679,151.59,3.65,3,209.46,22 / 22,1090829,2019-09-06 18:34:17:511,2.7798,0.8953,9.4185,0.0081,0.0052,9.8066,0.0292,0.4975,-0.0741,-5.81,-29.62,35.31,352.4,-85.35,-177.33
52.385414,-1.530679,151.59,3.65,3,209.46,22 / 22,1090929,2019-09-06 18:34:17:611,2.8558,1.2817,9.7931,0.0067,0.0222,9.8066,0.0656,0.4395,-0.0061,-6.25,-29.56,34.56,350.24,-85.34,-179.34
52.385414,-1.530679,151.59,3.65,3,209.46,22 / 22,1091029,2019-09-06 18:34:17:711,3.1116,1.3684,10.1568,0.0076,-0.026,9.8065,-0.0713,0.499,-0.0923,-7.69,-28.62,35.44,347.37,-85.3,-178.88
52.385414,-1.530679,151.59,3.65,3,209.46,22 / 22,1091129,2019-09-06 18:34:17:811,2.6269,1.6874,10.2561,0.0003,-0.024,9.8066,-0.0233,0.482,-0.0245,-8.37,-29.06,35.38,346.98,-85.16,-179.22
52.385414,-1.530679,151.59,3.65,3,209.46,22 / 22,1091229,2019-09-06 18:34:17:911,3.507,1.1165,9.0576,0.0051,0.0205,9.8065,0.0646,0.5583,-0.0914,-8.5,-29.37,34.38,345.8,-85.24,-179.94
52.385414,-1.530679,151.59,3.65,3,209.46,22 / 22,1091328,2019-09-06 18:34:18:010,3.1204,1.197,9.4657,-0.0017,0.0085,9.8066,0.0034,0.5424,-0.0354,-9.56,-28.31,34.5,341.5,-85.16,178.69
52.385044,-1.531004,151.77,6.23,3,182.08,21 / 21,1091429,2019-09-06 18:34:18:111,2.7103,1.4803,10.1974,-0.0149,0.0092,9.8066,-0.0526,0.5169,-0.0627,-9.94,-29.12,34.56,343.66,-85.14,-179.25
52.385044,-1.531004,151.77,6.23,3,182.08,21 / 21,1091528,2019-09-06 18:34:18:210,2.8843,1.4485,9.936,0.0007,-0.0132,9.8066,-0.0032,0.5238,0.0084,-10.87,-30.56,32.38,339.95,-85.18,-179.5
52.385044,-1.531004,151.77,6.23,3,182.08,21 / 21,1091629,2019-09-06 18:34:18:311,1.5532,0.0402,10.437,-0.0019,-0.0094,9.8066,0.0112,0.6173,-0.1347,-10.87,-30.56,33,342.98,-85.08,-177.25
52.385044,-1.531004,151.77,6.23,3,182.08,21 / 21,1091728,2019-09-06 18:34:18:410,2.6792,0.7634,9.9529,0.0135,0.0067,9.8066,0.0919,0.5041,-0.0375,-11.25,-32.25,33.44,340.75,-84.95,-179.22
52.385044,-1.531004,151.77,6.23,3,182.08,21 / 21,1091828,2019-09-06 18:34:18:510,2.3496,0.5759,9.4778,0.0263,-0.0245,9.8065,-0.049,0.5955,-0.1446,-13.12,-33.94,33.13,335.72,-84.61,179.44
52.385044,-1.531004,151.77,6.23,3,182.08,21 / 21,1091928,2019-09-06 18:34:18:610,3.3445,1.8007,9.3314,0.0224,-0.0029,9.8066,-0.049,0.5917,-0.0515,-14.25,-34.56,34.25,331.37,-84.53,176.35
52.385044,-1.531004,151.77,6.23,3,182.08,21 / 21,1092028,2019-09-06 18:34:18:710,2.5763,2.2733,10.1473,-0.0019,-0.0014,9.8066,-0.072,0.5456,-0.0583,-15.19,-35.81,35.31,330.73,-84.58,176.55
52.385044,-1.531004,151.77,6.23,3,182.08,21 / 21,1092129,2019-09-06 18:34:18:811,2.9759,1.6005,10.1777,0.0057,-0.0063,9.8066,-0.0287,0.542,0.0094,-18.5,-36.5,36.13,326.95,-84.6,176.27
52.385044,-1.531004,151.77,6.23,3,182.08,21 / 21,1092229,2019-09-06 18:34:18:911,2.0123,1.6016,9.9702,-0.02,-0.0073,9.8065,0.0053,0.5743,-0.0429,-19.25,-35.12,36.88,327.69,-84.67,177.38
52.385044,-1.531004,151.77,6.23,3,182.08,21 / 21,1092329,2019-09-06 18:34:19:011,2.4992,1.4814,9.4038,0.0096,-0.0082,9.8066,-0.0406,0.5594,-0.0818,-20.62,-33,37.56,327.73,-84.59,178.97
52.385044,-1.531004,151.77,6.23,3,182.08,20 / 20,1092429,2019-09-06 18:34:19:111,3.4946,1.3997,9.7572,0.0086,0.0062,9.8066,0.0342,0.5703,-0.0567,-21.19,-31.81,36.81,324.87,-84.49,176.96
52.385044,-1.531004,151.77,6.23,3,182.08,20 / 20,1092529,2019-09-06 18:34:19:211,3.4847,1.9435,9.1823,0.0026,-0.0059,9.8066,-0.0456,0.5379,-0.0115,-21.87,-30.69,35.81,322.86,-84.41,176.9
52.385044,-1.531004,151.77,6.23,3,182.08,20 / 20,1092628,2019-09-06 18:34:19:310,3.0059,0.6697,9.5142,-0.0278,0.001,9.8065,-0.0579,0.5175,-0.0023,-22.44,-29.19,33.63,323.76,-84.56,179.09
52.385044,-1.531004,151.77,6.23,3,182.08,20 / 20,1092729,2019-09-06 18:34:19:411,2.0792,1.7916,9.8811,-0.0184,-0.0169,9.8066,-0.0754,0.5374,-0.0423,-23.56,-28.37,33,323.68,-84.63,-177.99
52.385044,-1.531004,151.77,6.23,3,182.08,20 / 20,1092828,2019-09-06 18:34:19:510,2.4048,0.1857,10.1222,-0.0259,0.0013,9.8065,0.0458,0.461,0.0371,-24.19,-28.75,32.56,325.48,-84.73,-176.26
52.385044,-1.531004,151.77,6.23,3,182.08,20 / 20,1092929,2019-09-06 18:34:19:611,2.2301,-0.2011,9.9721,-0.0152,-0.0018,9.8066,0.0312,0.4249,-0.0227,-25.31,-26.81,31.25,326.08,-84.8,-172.96
52.385044,-1.531004,151.77,6.23,3,182.08,20 / 20,1093028,2019-09-06 18:34:19:710,2.6593,0.0557,9.6883,0.0025,-0.0123,9.8065,-0.0036,0.3812,-0.001,-25.81,-26.81,30.75,325.48,-84.7,-172.41
52.385044,-1.531004,151.77,6.23,3,182.08,20 / 20,1093128,2019-09-06 18:34:19:810,1.0275,0.4369,9.9419,0.0063,-0.0144,9.8066,0.0047,0.3316,-0.0353,-25.44,-26.19,30.38,326.43,-84.61,-171.66
52.385044,-1.531004,151.77,6.23,3,182.08,20 / 20,1093229,2019-09-06 18:34:19:911,1.7155,0.6547,9.9536,0.0056,-0.0029,9.8066,-0.049,0.3279,-0.0742,-27.12,-24.5,29.13,322.43,-84.59,-172.49
52.385044,-1.531004,151.77,6.23,3,182.08,20 / 20,1093328,2019-09-06 18:34:20:010,1.4461,-0.0627,10.1293,-0.0135,-0.0036,9.8066,-0.0501,0.2477,0.0481,-27.25,-25.44,28.38,321.87,-84.65,-171.93
52.385044,-1.531004,151.77,6.23,3,182.08,21 / 21,1093428,2019-09-06 18:34:20:110,1.685,-0.7783,9.7718,-0.0126,0.0027,9.8066,-0.0202,0.204,-0.0191,-27.81,-24.75,28.13,321.62,-84.74,-171.2
52.385044,-1.531004,151.77,6.23,3,182.08,21 / 21,1093528,2019-09-06 18:34:20:210,1.5244,-0.3951,9.872,-0.0029,-0.0115,9.8066,-0.0041,0.1748,-0.0105,-28.06,-24.19,27.13,321.95,-84.66,-169.86
52.385044,-1.531004,151.77,6.23,3,182.08,21 / 21,1093629,2019-09-06 18:34:20:311,1.5361,-1.1209,9.7182,0.0034,-0.0106,9.8066,-0.0315,0.1614,-0.002,-27.81,-24.44,26.69,322.77,-84.56,-169.03
52.385044,-1.531004,151.77,6.23,3,182.08,21 / 21,1093729,2019-09-06 18:34:20:411,1.8189,-0.7398,9.5054,-0.0055,-0.0098,9.8066,-0.0117,0.1185,0.0342,-28.56,-24.12,26.88,322.78,-84.55,-168.06
52.385044,-1.531004,151.77,6.23,3,182.08,21 / 21,1093828,2019-09-06 18:34:20:510,0.3009,-1.0004,10.2745,-0.0101,-0.0185,9.8066,0.0392,0.0604,0.0294,-29.25,-24.06,26.44,324.31,-84.41,-165.43
52.385044,-1.531004,151.77,6.23,3,182.08,21 / 21,1093930,2019-09-06 18:34:20:612,0.892,-1.4817,10.0806,0.0069,-0.0171,9.8066,0.061,0.0303,0.0285,-29.81,-23.75,26.31,324.73,-84.27,-164.05
52.385044,-1.531004,151.77,6.23,3,182.08,21 / 21,1094028,2019-09-06 18:34:20:710,0.7125,-0.4191,10.0821,-0.0014,-0.0173,9.8066,0.0583,0.0145,0.0552,-30.12,-24.44,26.75,326.84,-84.23,-163.14
52.385044,-1.531004,151.77,6.23,3,182.08,21 / 21,1094128,2019-09-06 18:34:20:810,0.1992,-1.7098,9.8622,0.0001,-0.0091,9.8066,0.0082,0.0281,0.0023,-30.19,-24.06,26.5,328.39,-84.14,-161.64
52.385044,-1.531004,151.77,6.23,3,182.08,21 / 21,1094228,2019-09-06 18:34:20:910,0.5159,-0.2688,9.5872,-0.0137,0.009,9.8066,0.0415,-0.0037,0.0154,-30.56,-23.75,26.94,327.83,-84.24,-161.3
52.385044,-1.531004,151.77,6.23,3,182.08,21 / 21,1094329,2019-09-06 18:34:21:011,1.6086,-1.82,9.7021,0.012,-0.001,9.8066,0.0807,0.0187,-0.0426,-30.56,-24.37,26.63,327.41,-84.33,-161.74
52.385044,-1.531004,151.77,6.23,3,182.08,20 / 21,1094429,2019-09-06 18:34:21:111,1.0452,-1.7995,10.7546,-0.0007,0.0096,9.8066,-0.0206,-0.0228,0.0138,-30.62,-23.62,26.56,326.28,-84.43,-162.84
52.385044,-1.531004,151.77,6.23,3,182.08,20 / 21,1094528,2019-09-06 18:34:21:210,1.7656,-1.6532,9.9212,0.0125,0.009,9.8065,0.0929,0.0046,-0.0417,-29.94,-23.56,26.5,324.75,-84.47,-165.21
52.385044,-1.531004,151.77,6.23,3,182.08,20 / 21,1094629,2019-09-06 18:34:21:311,0.7697,-0.882,9.3674,0.0168,0.0056,9.8065,-0.0326,0.0194,-0.0162,-29.5,-23,26.31,322.77,-84.42,-166.99
52.385044,-1.531004,151.77,6.23,3,182.08,20 / 21,1094729,2019-09-06 18:34:21:411,-0.6777,-0.7552,10.6518,0.0097,-0.0012,9.8066,0.1335,0.0262,0.023,-30.31,-23.81,25.88,320.61,-84.26,-167.97
52.385044,-1.531004,151.77,6.23,3,182.08,20 / 21,1094828,2019-09-06 18:34:21:510,0.6116,-0.9879,10.2447,0.0079,0.0004,9.8066,0.0155,-0.0156,0.0163,-30.81,-23.69,25.13,318.43,-84.31,-168.04
52.385044,-1.531004,151.77,6.23,3,182.08,20 / 21,1094929,2019-09-06 18:34:21:611,1.1004,-0.6511,9.2792,-0.0022,0.0085,9.8066,0.0212,0.0132,-0.0355,-31.12,-24.5,25.5,318.48,-84.21,-169.08
52.385044,-1.531004,151.77,6.23,3,182.08,20 / 21,1095028,2019-09-06 18:34:21:710,-0.2305,-0.5329,9.9176,-0.004,0.0105,9.8066,0.2239,-0.0164,-0.0316,-31.19,-24.81,26.88,318.32,-84.06,-170.18
52.385044,-1.531004,151.77,6.23,3,182.08,20 / 21,1095128,2019-09-06 18:34:21:810,0.9019,-1.5083,10.1218,0.0018,-0.0082,9.8066,0.1198,0.0251,0.0257,-31.5,-24.94,27.38,319.16,-83.74,-169.23
52.385044,-1.531004,151.77,6.23,3,182.08,20 / 21,1095228,2019-09-06 18:34:21:910,1.7614,-1.4529,9.9796,-0.0165,0.0302,9.8066,0.0099,0.0576,-0.0957,-30.06,-23.06,27.25,319.67,-83.83,-169.88
52.385044,-1.531004,151.77,6.23,3,182.08,20 / 21,1095329,2019-09-06 18:34:22:011,0.0344,-1.4252,10.0671,0.0161,-0.0071,9.8066,0.0886,-0.0537,0.0278,-30.5,-24.06,26.25,316.78,-83.75,-171.38
52.385044,-1.531004,151.77,6.23,3,182.08,21 / 21,1095429,2019-09-06 18:34:22:111,1.2855,-1.1289,10.0056,0.0233,-0.005,9.8065,0.0383,-0.022,-0.0182,-30.19,-24.62,26.81,316.49,-83.78,-172.67
52.385044,-1.531004,151.77,6.23,3,182.08,21 / 21,1095528,2019-09-06 18:34:22:210,0.8773,-1.0568,9.6028,0.0066,0.0007,9.8066,0.0243,-0.0161,-0.0237,-30.19,-25.19,26.5,315.54,-83.67,-173.52
52.385044,-1.531004,151.77,6.23,3,182.08,21 / 21,1095628,2019-09-06 18:34:22:310,1.9805,-0.9461,9.9596,0.0006,0.004,9.8066,-0.0443,-0.0448,0.0562,-30.5,-24.75,27.06,315.1,-83.66,-173.93
52.385044,-1.531004,151.77,6.23,3,182.08,21 / 21,1095729,2019-09-06 18:34:22:411,0.0763,0.4177,9.8193,0.0066,-0.0021,9.8066,0.038,-0.0489,0.028,-29.75,-24.37,26.81,315.01,-83.72,-174.16
52.385044,-1.531004,151.77,6.23,3,182.08,21 / 21,1095828,2019-09-06 18:34:22:510,0.0834,-1.3469,10.0286,0.0098,-0.0111,9.8066,0.0004,0.0321,-0.0017,-29.81,-24.37,26.38,314.03,-83.71,-173.98
52.385044,-1.531004,151.77,6.23,3,182.08,21 / 21,1095929,2019-09-06 18:34:22:611,0.8213,-1.0594,9.6694,-0.0022,0.0037,9.8066,0.0229,0.0563,-0.0313,-30.75,-23.87,26.56,314.97,-83.64,-173.28
52.385044,-1.531004,151.77,6.23,3,182.08,21 / 21,1096028,2019-09-06 18:34:22:710,-0.0449,-1.0273,10.1582,0.0027,-0.0148,9.8066,0.0395,-0.0826,0.0479,-30.25,-24.44,26.38,314.83,-83.53,-173.13
52.385044,-1.531004,151.77,6.23,3,182.08,21 / 21,1096129,2019-09-06 18:34:22:811,1.5398,-0.5019,9.8275,0.0024,-0.0154,9.8066,0.0444,0.0401,-0.036,-30.25,-24,27.25,316.7,-83.49,-172.45
52.385044,-1.531004,151.77,6.23,3,182.08,21 / 21,1096228,2019-09-06 18:34:22:910,0.6608,-1.5579,9.7672,0.0041,-0.0071,9.8066,-0.1005,0.0237,0.0108,-29.31,-24.44,26.75,318.63,-83.44,-171.51
52.385044,-1.531004,151.77,6.23,3,182.08,21 / 21,1096329,2019-09-06 18:34:23:011,0.113,-0.9772,9.9891,-0.0088,-0.0017,9.8065,-0.0323,-0.0136,0.06,-29.56,-24.37,26.69,318.8,-83.49,-170.45
52.385044,-1.531004,151.77,6.23,3,182.08,21 / 21,1096428,2019-09-06 18:34:23:110,1.5399,-0.7993,9.5181,-0.0059,0.0121,9.8066,0.0068,0.021,-0.0278,-29.06,-24,26.69,319.48,-83.47,-170.72
52.385044,-1.531004,151.77,6.23,3,182.08,21 / 21,1096528,2019-09-06 18:34:23:210,0.0251,-1.8353,10.45,0.0156,0.0038,9.8066,0.0009,-0.0439,-0.0232,-29.31,-24.19,26.13,318.34,-83.31,-170.6
52.385044,-1.531004,151.77,6.23,3,182.08,21 / 21,1096630,2019-09-06 18:34:23:312,2.0472,-1.3447,9.3845,0.0136,0.0117,9.8066,-0.1113,-0.005,-0.0293,-29.25,-25.06,26.88,316.53,-83.23,-173.28
52.385044,-1.531004,151.77,6.23,3,182.08,21 / 21,1096729,2019-09-06 18:34:23:411,1.4882,-1.0868,9.2588,0.0009,0.0216,9.8065,0.0099,-0.0363,0.0166,-28.94,-24.62,26.94,313.33,-83.13,-176.26
52.385044,-1.531004,151.77,6.23,3,182.08,21 / 21,1096829,2019-09-06 18:34:23:511,1.9,-0.3626,8.6066,0.0074,0.0296,9.8065,-0.0654,0.0544,-0.1132,-29.12,-24.81,27.25,310.89,-83.19,-178.61
52.385044,-1.531004,151.77,6.23,3,182.08,21 / 21,1096929,2019-09-06 18:34:23:611,0.439,-1.4471,8.9758,-0.0129,0.0074,9.8066,0.0095,-0.0316,0.0521,-28.75,-24.12,26.56,309.71,-83.25,-179.89
52.385044,-1.531004,151.77,6.23,3,182.08,21 / 21,1097029,2019-09-06 18:34:23:711,0.3103,0.4257,10.1866,-0.0054,0.0147,9.8065,-0.0824,-0.0145,-0.0455,-28.94,-24.19,26.25,308.1,-83.51,179.55
52.385044,-1.531004,151.77,6.23,3,182.08,21 / 21,1097129,2019-09-06 18:34:23:811,0.9049,-0.4283,10.0853,-0.0129,-0.0074,9.8066,0.1175,-0.0327,0.1097,-28.12,-25,25.69,309.33,-83.54,179.91
52.385044,-1.531004,151.77,6.23,3,182.08,21 / 21,1097229,2019-09-06 18:34:23:911,-0.0449,-0.9756,10.0391,-0.0028,0.0157,9.8066,0.0879,-0.0102,-0.0548,-27.69,-24.87,26.31,308.98,-83.44,179.63
52.385044,-1.531004,151.77,6.23,3,182.08,21 / 21,1097329,2019-09-06 18:34:24:011,0.1614,-0.9946,10.5225,0.0148,-0.018,9.8066,0.0254,-0.0107,-0.0515,-28.25,-24.31,27.5,310.91,-83.29,179.19
52.385044,-1.531004,151.77,6.23,3,182.08,21 / 21,1097429,2019-09-06 18:34:24:111,0.587,-0.2046,10.2543,0.0001,-0.0006,9.8066,0.0249,0.0102,0.067,-28.19,-23.75,26.75,309.96,-83.26,179.39
52.385044,-1.531004,151.77,6.23,3,182.08,21 / 21,1097529,2019-09-06 18:34:24:211,0.6171,-0.7785,9.6921,0.009,0.0015,9.8066,-0.0263,0.0067,-0.0732,-28.69,-22.87,25.81,306.87,-83.28,178.36
52.385044,-1.531004,151.77,6.23,3,182.08,21 / 21,1097628,2019-09-06 18:34:24:310,0.9571,-1.1655,9.5747,0.0038,-0.0021,9.8066,0.0528,-0.0517,0.0303,-27.56,-23.62,25.56,307.05,-83.22,177.77
52.385044,-1.531004,151.77,6.23,3,182.08,21 / 21,1097729,2019-09-06 18:34:24:411,0.5793,-0.5432,10.0414,0.0044,-0.0051,9.8065,-0.0443,-0.0266,0.0484,-27.62,-24.25,25.44,305.62,-83.05,177.69
52.385044,-1.531004,151.77,6.23,3,182.08,21 / 21,1097828,2019-09-06 18:34:24:510,-0.0074,-0.8054,10.4094,0.0248,-0.0144,9.8066,0.0205,0.0139,0.0124,-27.31,-24.75,25.69,307.5,-82.93,177.55
52.385044,-1.531004,151.77,6.23,3,182.08,21 / 21,1097929,2019-09-06 18:34:24:611,1.5392,-0.8623,8.7621,-0.0267,0.0369,9.8065,-0.0317,-0.1116,-0.0254,-26.62,-25.62,27,307.62,-83.06,176.58
52.385044,-1.531004,151.77,6.23,3,182.08,21 / 21,1098028,2019-09-06 18:34:24:710,0.7454,-1.4961,9.1428,-0.0107,0.0233,9.8066,0.02,0.0335,-0.0948,-26.81,-24.75,27.44,306.74,-83.03,175.62
52.385044,-1.531004,151.77,6.23,3,182.08,21 / 21,1098128,2019-09-06 18:34:24:810,0.1004,-0.9088,9.1966,-0.0138,0.0005,9.8066,0.0091,0.0018,0.0784,-27.69,-24.62,27,306.36,-83.11,176.17
52.385044,-1.531004,151.77,6.23,3,182.08,21 / 21,1098229,2019-09-06 18:34:24:911,-0.084,-0.4564,10.1389,-0.0086,0.0034,9.8066,-0.0277,-0.0027,0.0585,-27.12,-24.81,25.63,306.88,-83.36,176.7
52.385044,-1.531004,151.77,6.23,3,182.08,21 / 21,1098329,2019-09-06 18:34:25:011,0.1288,-1.024,10.4099,0.0184,-0.0226,9.8065,0.0505,-0.0218,0.0058,-27.87,-25.06,26.75,307.72,-83.28,177.38
52.385044,-1.531004,151.77,6.23,3,182.08,21 / 21,1098428,2019-09-06 18:34:25:110,-0.1578,-0.3342,10.8197,0.0193,-0.0314,9.8065,0.0319,0.0184,0.0349,-28,-24.69,26.69,308.68,-83.08,178.4
52.385044,-1.531004,151.77,6.23,3,182.08,21 / 21,1098529,2019-09-06 18:34:25:211,0.6229,-0.6605,9.8397,-0.0081,-0.0024,9.8066,0.0285,0.0009,0.0509,-27.44,-24.5,25.5,309.4,-82.93,179.2
52.385044,-1.531004,151.77,6.23,3,182.08,21 / 21,1098628,2019-09-06 18:34:25:310,-0.4853,-0.3843,9.5706,-0.0016,0.0026,9.8066,-0.0647,0.051,-0.025,-27.25,-24.31,26,309.81,-82.92,179.6
52.385044,-1.531004,151.77,6.23,3,182.08,21 / 21,1098729,2019-09-06 18:34:25:411,-0.3766,-0.7331,9.7634,-0.0191,0.0097,9.8065,0.0278,0.025,0.0194,-27.5,-24.62,27.06,311.25,-83.21,179.8
52.385044,-1.531004,151.77,6.23,3,182.08,21 / 21,1098829,2019-09-06 18:34:25:511,0.1618,-0.7566,9.9172,-0.037,0.0202,9.8065,0.0907,-0.0234,0.0463,-28.5,-24.62,26.44,309.98,-83.38,-179.38
52.385044,-1.531004,151.77,6.23,3,182.08,21 / 21,1098928,2019-09-06 18:34:25:610,-0.2295,-0.1599,10.7484,0.0323,-0.0196,9.8065,0.048,-0.0121,-0.0646,-27.87,-24.25,26.44,309.81,-83.21,-179.58
52.385044,-1.531004,151.77,6.23,3,182.08,21 / 21,1099028,2019-09-06 18:34:25:710,0.067,-0.297,10.9698,0.0349,-0.034,9.8065,0.119,0.0187,0.0523,-27.87,-23.94,25.88,309.58,-82.95,-179.67
52.385044,-1.531004,151.77,6.23,3,182.08,21 / 21,1099129,2019-09-06 18:34:25:811,0.5317,-0.8862,9.1916,-0.0066,0.0096,9.8066,-0.1095,0.0215,-0.0149,-28.06,-24,26.25,309.66,-82.78,-179.5
52.385044,-1.531004,151.77,6.23,3,182.08,21 / 21,1099228,2019-09-06 18:34:25:910,-0.3064,0.6435,9.5151,-0.0036,-0.0061,9.8066,-0.0552,-0.0244,-0.0028,-27.75,-24.87,25.5,310.04,-82.89,-179.05
52.385044,-1.531004,151.77,6.23,3,182.08,21 / 21,1099328,2019-09-06 18:34:26:010,-0.7029,-0.3568,9.1788,-0.0308,0.0111,9.8065,-0.0734,-0.0316,0.026,-27.94,-25.37,25.75,311.42,-83.27,-177.96
52.385044,-1.531004,151.77,6.23,3,182.08,20 / 20,1099428,2019-09-06 18:34:26:110,0.5373,-0.6022,9.7008,-0.0383,0.0287,9.8065,0.1486,0.0104,0.0201,-27.81,-24.69,25.81,311.67,-83.3,-177.73
52.385044,-1.531004,151.77,6.23,3,182.08,20 / 20,1099529,2019-09-06 18:34:26:211,0.0313,-1.4393,9.9879,0.0354,-0.0282,9.8065,0.1825,-0.0143,-0.0048,-27.62,-23.94,26.31,311.85,-82.82,-177.44
52.385044,-1.531004,151.77,6.23,3,182.08,20 / 20,1099628,2019-09-06 18:34:26:310,0.2668,-0.1547,10.4274,0.0421,-0.0474,9.8064,-0.0586,0.0029,0.0737,-27.5,-24.25,26.63,314.01,-82.7,-177.46
52.385044,-1.531004,151.77,6.23,3,182.08,20 / 20,1099729,2019-09-06 18:34:26:411,0.2813,0.1768,9.5633,-0.0126,0.0169,9.8065,-0.1522,0.0455,-0.0056,-27.25,-24,26,313.2,-82.79,-177.12
52.385044,-1.531004,151.77,6.23,3,182.08,20 / 20,1099828,2019-09-06 18:34:26:510,0.4072,-0.4387,9.9642,0.0006,-0.0052,9.8066,0.038,-0.0098,-0.0081,-28.06,-24.12,25.88,312.47,-82.83,-176.86
52.385044,-1.531004,151.77,6.23,3,182.08,20 / 20,1099928,2019-09-06 18:34:26:610,0.336,0.0175,9.6612,-0.0108,-0.0009,9.8066,0.0394,0.0312,0.0073,-27.81,-24.94,25.25,311.32,-82.83,-176.62
52.385044,-1.531004,151.77,6.23,3,182.08,20 / 20,1100029,2019-09-06 18:34:26:711,-0.6137,-1.0074,9.2976,-0.0106,0.0184,9.8066,0.0646,0.0491,-0.0815,-27.31,-25.81,26.38,313.32,-82.76,-176.71
52.385044,-1.531004,151.77,6.23,3,182.08,20 / 20,1100129,2019-09-06 18:34:26:811,1.7511,-1.107,10.2364,0.0058,-0.0143,9.8066,0.1731,-0.0591,0.0581,-27.25,-25,26.69,314.68,-82.77,-176.72
52.385044,-1.531004,151.77,6.23,3,182.08,20 / 20,1100228,2019-09-06 18:34:26:910,0.0415,-1.1489,9.8419,-0.0008,0.0067,9.8066,-0.0771,0.0223,-0.0322,-27.5,-24.75,25.38,311.91,-82.8,-177.02
52.385044,-1.531004,151.77,6.23,3,182.08,20 / 20,1100329,2019-09-06 18:34:27:011,0.1886,-1.4617,9.0559,0.0165,-0.0061,9.8066,-0.1285,0.052,-0.0333,-26.5,-24.81,26.5,315.09,-82.66,-177.29
52.38459,-1.529901,151.57,15.57,3,119.45,20 / 20,1100429,2019-09-06 18:34:27:111,-0.0346,-0.8695,9.7119,0.0217,-0.0206,9.8066,-0.0512,-0.0047,-0.0298,-27.62,-24.25,26.31,312.05,-82.79,-177.24
52.38459,-1.529901,151.57,15.57,3,119.45,20 / 20,1100528,2019-09-06 18:34:27:210,0.0484,-0.8077,9.5919,0.0076,-0.0129,9.8065,0.0193,-0.0467,0.0601,-27.5,-25,25.38,311.83,-82.69,-177.02
52.38459,-1.529901,151.57,15.57,3,119.45,20 / 20,1100629,2019-09-06 18:34:27:311,0.0032,0.4573,10.1146,-0.0104,-0.0051,9.8066,0.0298,0.0847,-0.0379,-27.62,-24.62,26.31,312.47,-82.74,-176.66
52.38459,-1.529901,151.57,15.57,3,119.45,20 / 20,1100730,2019-09-06 18:34:27:412,-1.2517,-0.4067,10.9125,-0.0045,-0.0015,9.8066,-0.0814,0.0068,0.029,-28.44,-25,25.88,313.95,-82.72,-175.27
52.38459,-1.529901,151.57,15.57,3,119.45,20 / 20,1100829,2019-09-06 18:34:27:511,-1.1594,1.1547,10.8751,-0.0264,0.0133,9.8066,-0.0089,-0.0064,-0.0359,-28.44,-24.12,25.69,314.16,-82.59,-175.14
52.38459,-1.529901,151.57,15.57,3,119.45,20 / 20,1100928,2019-09-06 18:34:27:610,-0.2537,-0.4457,10.2016,-0.0161,0.0234,9.8066,0.0723,-0.0085,-0.0066,-27.56,-24.25,25.63,313.6,-82.45,-175.59
52.38459,-1.529901,151.57,15.57,3,119.45,20 / 20,1101029,2019-09-06 18:34:27:711,0.7609,-1.1273,9.4511,0.018,-0.0173,9.8065,-0.1267,-0.0109,-0.0047,-27.69,-24.56,25.63,313.15,-82.29,-175.79
52.38459,-1.529901,151.57,15.57,3,119.45,20 / 20,1101128,2019-09-06 18:34:27:810,0.8171,-0.7751,9.6061,0.0136,-0.008,9.8066,0.0367,0.0488,-0.0039,-27.69,-24.31,25.88,313.45,-82.44,-175.72
52.38459,-1.529901,151.57,15.57,3,119.45,20 / 20,1101229,2019-09-06 18:34:27:911,-0.8976,0.784,10.199,0.0011,-0.0098,9.8066,-0.0359,-0.0714,-0.0296,-27,-24.19,26.31,314.11,-82.52,-176.12
52.38459,-1.529901,151.57,15.57,3,119.45,20 / 20,1101329,2019-09-06 18:34:28:011,0.1137,0.5612,10.263,0.0144,-0.0093,9.8066,-0.0274,0.0036,-0.0914,-27.62,-24,25.94,313.52,-82.28,-175.58
52.38459,-1.529901,151.57,15.57,3,119.45,20 / 20,1101429,2019-09-06 18:34:28:111,-0.1827,-0.3347,9.5081,0.0008,-0.0003,9.8066,0.048,0.0189,0.0208,-28.44,-23.94,25.94,312.54,-82.25,-176.48
52.38459,-1.529901,151.57,15.57,3,119.45,20 / 20,1101528,2019-09-06 18:34:28:210,-0.1149,-0.1234,10.5427,-0.0071,0.0161,9.8066,0.0743,-0.0152,0.007,-27.62,-23.75,25.63,312.18,-82.2,-176.79
52.38459,-1.529901,151.57,15.57,3,119.45,20 / 20,1101628,2019-09-06 18:34:28:310,-0.8048,-0.4324,10.4138,-0.0132,0.01,9.8066,0.0825,-0.0194,-0.0417,-27.5,-24.69,25,311.95,-82.43,-176.76
52.38459,-1.529901,151.57,15.57,3,119.45,20 / 20,1101729,2019-09-06 18:34:28:411,-0.17,-0.1636,9.4722,-0.0049,-0.001,9.8066,0.0052,-0.0141,0.0094,-27.87,-24.31,25.06,310.97,-82.34,-176.82
52.38459,-1.529901,151.57,15.57,3,119.45,20 / 20,1101828,2019-09-06 18:34:28:510,-0.0778,-0.9944,9.2221,-0.009,0.0121,9.8066,0.0476,-0.0119,0.066,-27.75,-25.12,25.5,311.48,-82.35,-177.38
52.38459,-1.529901,151.57,15.57,3,119.45,20 / 20,1101929,2019-09-06 18:34:28:611,-1.0854,-0.4645,9.5861,-0.0158,0.0032,9.8066,0.0717,-0.0549,0.0229,-28.12,-24.37,25.94,311.96,-82.51,-177.17
52.38459,-1.529901,151.57,15.57,3,119.45,20 / 20,1102029,2019-09-06 18:34:28:711,-0.2848,0.3169,10.5075,0.008,0.0035,9.8066,0.0371,-0.0017,-0.0176,-27.31,-25,25.88,313.45,-82.45,-176.55
52.38459,-1.529901,151.57,15.57,3,119.45,20 / 20,1102129,2019-09-06 18:34:28:811,-0.419,-0.0668,9.888,0.0175,-0.0128,9.8066,0.0723,0.0144,0.0333,-27.62,-24.31,25.81,311.96,-82.33,-177.07
52.38459,-1.529901,151.57,15.57,3,119.45,20 / 20,1102228,2019-09-06 18:34:28:910,0.4412,-0.2737,9.957,0.0128,-0.0082,9.8066,-0.0398,-0.0212,-0.032,-27.69,-23.87,26,311.57,-82.09,-177.31
52.38459,-1.529901,151.57,15.57,3,119.45,20 / 20,1102329,2019-09-06 18:34:29:011,-1.0326,-0.996,9.8787,0.0056,0.0089,9.8066,-0.0121,-0.0654,0.049,-27.37,-23.69,25.31,310.89,-82.11,-177.73
52.38459,-1.529901,151.57,15.57,3,119.45,20 / 20,1102429,2019-09-06 18:34:29:111,-0.4771,0.1443,9.5096,0.0073,-0.0064,9.8066,-0.0678,0.0064,-0.0094,-27.12,-23.5,25.25,311.12,-82.26,-177.76
52.38459,-1.529901,151.57,15.57,3,119.45,20 / 20,1102528,2019-09-06 18:34:29:210,-0.5254,0.1211,9.5992,0.0089,-0.0114,9.8065,-0.0753,0.0184,-0.0353,-28.25,-24.69,25.25,310.07,-82.25,-177.47
52.38459,-1.529901,151.57,15.57,3,119.45,20 / 20,1102628,2019-09-06 18:34:29:310,-0.1295,0.5765,9.3268,-0.0154,0.0033,9.8066,0.1012,-0.0481,0.0693,-27.62,-25.44,25.13,310.62,-82.27,-176.96
52.38459,-1.529901,151.57,15.57,3,119.45,20 / 20,1102728,2019-09-06 18:34:29:410,-0.403,-0.2969,10.2606,-0.0241,0.009,9.8066,0.0557,0.0461,-0.0504,-27.69,-25.75,26,312.63,-82.16,-176.05
52.38459,-1.529901,151.57,15.57,3,119.45,20 / 20,1102828,2019-09-06 18:34:29:510,0.1273,-0.3509,9.6911,-0.0081,0.0022,9.8066,0.0533,0.0419,0.0223,-27.62,-24.37,26.13,312.99,-82.06,-175.96
52.38459,-1.529901,151.57,15.57,3,119.45,20 / 20,1102928,2019-09-06 18:34:29:610,0.5953,-0.3947,9.9643,-0.0224,0.0069,9.8066,-0.1297,0.0121,-0.0356,-27.81,-24.12,25.94,313.72,-82.14,-175.31
52.38459,-1.529901,151.57,15.57,3,119.45,20 / 20,1103029,2019-09-06 18:34:29:711,-0.8011,0.1343,9.9683,0.0263,-0.0112,9.8065,-0.0334,-0.0284,0.0085,-27.75,-24,25.63,314.1,-82.16,-174.97
52.38459,-1.529901,151.57,15.57,3,119.45,20 / 20,1103129,2019-09-06 18:34:29:811,-0.3398,-0.1879,9.2843,0.0137,-0.0073,9.8066,-0.0008,0.009,-0.0217,-27.69,-23.56,25.38,312.09,-81.94,-175.55
52.38459,-1.529901,151.57,15.57,3,119.45,20 / 20,1103229,2019-09-06 18:34:29:911,0.5479,-0.6383,9.4996,-0.0038,0.0073,9.8066,-0.1052,-0.0292,-0.0169,-27.81,-23.5,25.75,313.35,-81.98,-175.73
52.38459,-1.529901,151.57,15.57,3,119.45,20 / 20,1103329,2019-09-06 18:34:30:011,-0.2717,0.1078,9.5643,0.0038,0.0033,9.8066,-0.0846,-0.0292,0.0431,-28.31,-24.31,24.94,311.42,-82.02,-176.22
52.38459,-1.529901,151.57,15.57,3,119.45,20 / 20,1103429,2019-09-06 18:34:30:111,0.0794,-0.3472,10.4326,0.007,-0.0129,9.8066,0.0822,-0.022,0.042,-28.44,-24.56,25.25,311.71,-81.99,-175.78
52.38459,-1.529901,151.57,15.57,3,119.45,20 / 20,1103529,2019-09-06 18:34:30:211,-0.5667,-0.2942,9.8833,0.0073,-0.0053,9.8066,0.0003,-0.0309,-0.0079,-28.12,-25.31,26,313.36,-81.82,-175.32
52.38459,-1.529901,151.57,15.57,3,119.45,20 / 20,1103629,2019-09-06 18:34:30:311,0.2248,0.6242,9.1076,-0.0063,0.0007,9.8066,-0.0348,0.0569,-0.0725,-27.75,-25.06,26.5,314.39,-81.68,-175.44
52.38459,-1.529901,151.57,15.57,3,119.45,20 / 20,1103729,2019-09-06 18:34:30:411,-1.0007,-0.3954,9.3171,-0.0086,0.0098,9.8066,-0.0637,0.0288,0.0231,-27.75,-24.87,25.94,313.27,-81.9,-175.45
52.38459,-1.529901,151.57,15.57,3,119.45,20 / 20,1103828,2019-09-06 18:34:30:510,-0.1071,0.0046,10.0933,-0.0044,0.0068,9.8066,-0.0269,-0.0511,0.0314,-28.25,-24.87,26.63,314.99,-82,-175.05
52.38459,-1.529901,151.57,15.57,3,119.45,20 / 20,1103929,2019-09-06 18:34:30:611,0.1253,-0.0914,10.0926,-0.0083,0.0014,9.8066,0.1077,-0.0044,-0.0126,-27.87,-23.81,25.44,312.84,-81.99,-174.87
52.38459,-1.529901,151.57,15.57,3,119.45,20 / 20,1104029,2019-09-06 18:34:30:711,0.0995,-1.2368,9.8162,0.0191,-0.0216,9.8065,-0.1325,0.017,-0.0021,-28.06,-24.56,25.19,313,-81.65,-174.38
52.38459,-1.529901,151.57,15.57,3,119.45,20 / 20,1104129,2019-09-06 18:34:30:811,-0.5743,-1.188,10.0934,0.0039,-0.0083,9.8066,-0.0242,-0.0213,0.0837,-27.94,-24.31,25.69,314.88,-81.78,-174.04
52.38459,-1.529901,151.57,15.57,3,119.45,20 / 20,1104229,2019-09-06 18:34:30:911,-0.5802,0.2753,9.9031,0.0179,-0.0269,9.8065,-0.0801,-0.0323,-0.036,-28,-24.62,26.25,315.35,-81.8,-173.45
52.38459,-1.529901,151.57,15.57,3,119.45,20 / 20,1104329,2019-09-06 18:34:31:011,-1.3065,-0.0276,10.6008,0.0255,-0.0242,9.8065,-0.0191,-0.0766,0.0378,-27.75,-23.25,26.06,316.31,-81.55,-172.74
52.38459,-1.529901,151.57,15.57,3,119.45,20 / 20,1104429,2019-09-06 18:34:31:111,-2.3777,0.0206,10.6274,0.0258,-0.0166,9.8065,0.0018,-0.0705,0.0489,-28.12,-23.31,25.56,316.26,-81.38,-172.7
52.38459,-1.529901,151.57,15.57,3,119.45,20 / 20,1104528,2019-09-06 18:34:31:210,-1.8796,0.6096,10.0488,0.0064,-0.0062,9.8066,0.0266,0.004,-0.0289,-28.25,-23.31,25.56,316.3,-81.4,-172.67
52.38459,-1.529901,151.57,15.57,3,119.45,20 / 20,1104629,2019-09-06 18:34:31:311,-0.9763,-0.4672,10.2801,-0.0218,0.0202,9.8065,0.0762,-0.0068,0.0049,-28.31,-24.12,25.44,315.2,-81.49,-172.4
52.38459,-1.529901,151.57,15.57,3,119.45,20 / 20,1104728,2019-09-06 18:34:31:410,-1.1732,-0.3425,10.8645,-0.0201,0.0206,9.8065,-0.0881,-0.0252,-0.0016,-29,-25.25,25.19,313.62,-81.51,-172.8
52.38459,-1.529901,151.57,15.57,3,119.45,20 / 20,1104829,2019-09-06 18:34:31:511,-1.0829,0.9213,10.5254,0.046,-0.0208,9.8065,-0.0604,-0.0133,-0.0469,-28.5,-26.19,25.94,314.9,-81.3,-173.45
52.38459,-1.529901,151.57,15.57,3,119.45,20 / 20,1104929,2019-09-06 18:34:31:611,-0.9932,0.1087,10.0679,0.0035,-0.0058,9.8066,0.0543,0.0231,-0.0215,-27.69,-26.69,26.06,313.62,-81.01,-174.29
52.38459,-1.529901,151.57,15.57,3,119.45,20 / 20,1105029,2019-09-06 18:34:31:711,-1.9986,1.2623,10.1117,-0.0103,0.0176,9.8066,0.0791,0.014,0.0442,-27.06,-27.44,27.31,315.21,-81.05,-174.97
52.38459,-1.529901,151.57,15.57,3,119.45,20 / 20,1105129,2019-09-06 18:34:31:811,-0.203,-0.1616,9.6677,-0.0137,0.0155,9.8065,0.0689,-0.0046,-0.037,-27.12,-27,26.88,314.9,-81.07,-175.27
52.38459,-1.529901,151.57,15.57,3,119.45,20 / 20,1105229,2019-09-06 18:34:31:911,-0.5558,-0.4729,9.9245,0.027,-0.0104,9.8066,-0.027,-0.0332,-0.0553,-26.94,-27,26.94,313.57,-80.89,-176.39
52.38459,-1.529901,151.57,15.57,3,119.45,20 / 20,1105329,2019-09-06 18:34:32:011,-1.6456,1.4201,10.0344,0.0301,-0.0091,9.8066,-0.1302,0.0077,-0.0551,-26.87,-27.44,27.13,312.57,-80.85,-177.29
52.38459,-1.529901,151.57,15.57,3,119.45,21 / 21,1105429,2019-09-06 18:34:32:111,-1.1718,0.5663,9.6935,0.01,-0.0091,9.8065,0.0542,0.0029,0.0199,-26.37,-27.62,27.31,312.64,-80.86,-178.03
52.38459,-1.529901,151.57,15.57,3,119.45,21 / 21,1105529,2019-09-06 18:34:32:211,-1.3939,0.7757,10.1944,0.0143,-0.0127,9.8066,-0.0696,-0.011,0.0395,-27,-27.12,27,311.75,-80.71,-177.95
52.38459,-1.529901,151.57,15.57,3,119.45,21 / 21,1105628,2019-09-06 18:34:32:310,-1.3232,0.3745,9.7736,-0.0152,0.0059,9.8066,0.0285,0.0009,-0.021,-26.81,-26.44,27.81,313.82,-80.74,-177.36
52.38459,-1.529901,151.57,15.57,3,119.45,21 / 21,1105729,2019-09-06 18:34:32:411,-0.7669,0.6282,9.6474,-0.0066,0.0057,9.8066,0.015,-0.0306,0.0477,-26.94,-25.06,27.75,314.07,-80.7,-177.28
52.38459,-1.529901,151.57,15.57,3,119.45,21 / 21,1105829,2019-09-06 18:34:32:511,-1.0035,0.8748,9.9775,-0.0165,-0.0054,9.8066,0.0709,0.054,-0.0352,-28.25,-24,26,311.42,-80.72,-176.7
52.38459,-1.529901,151.57,15.57,3,119.45,21 / 21,1105929,2019-09-06 18:34:32:611,-1.7611,-0.3298,10.2718,-0.0262,0.0183,9.8065,0.1452,-0.0565,0.0456,-27.81,-25.19,25.31,310.26,-80.77,-176.42
52.38459,-1.529901,151.57,15.57,3,119.45,21 / 21,1106029,2019-09-06 18:34:32:711,-1.5645,0.8825,9.6155,0.0195,-0.0184,9.8066,-0.0898,-0.0258,-0.001,-28.31,-26.37,25.69,311.48,-80.73,-176.28
52.38459,-1.529901,151.57,15.57,3,119.45,21 / 21,1106128,2019-09-06 18:34:32:810,-2.0955,0.8828,9.6485,0.0081,-0.0188,9.8066,-0.1232,0.0005,0.016,-27.31,-28,26.19,312.56,-80.53,-175.73
52.38459,-1.529901,151.57,15.57,3,119.45,21 / 21,1106229,2019-09-06 18:34:32:911,-1.1813,1.148,10.1565,-0.0208,0.0101,9.8066,0.1128,-0.0453,0.0607,-26.87,-28,27.38,315,-80.72,-174.79
52.38459,-1.529901,151.57,15.57,3,119.45,21 / 21,1106329,2019-09-06 18:34:33:011,-1.8699,0.4184,9.799,-0.0063,0.0107,9.8066,0.0513,-0.0351,-0.0278,-26.94,-27.69,27.88,316.29,-80.66,-174.71
52.38459,-1.529901,151.57,15.57,3,119.45,21 / 21,1106429,2019-09-06 18:34:33:111,-0.6077,0.4147,8.8696,-0.0004,-0.0018,9.8066,-0.0325,-0.0189,0.027,-26.5,-27.5,27.63,317.6,-80.52,-174.59
52.38459,-1.529901,151.57,15.57,3,119.45,21 / 21,1106528,2019-09-06 18:34:33:210,-0.5165,0.5153,9.5791,-0.0024,0.0017,9.8066,0.0066,0.0328,-0.0096,-26.5,-26.87,27.06,316.53,-80.55,-174.47
52.38459,-1.529901,151.57,15.57,3,119.45,21 / 21,1106629,2019-09-06 18:34:33:311,-0.7333,1.2003,9.1859,-0.0026,-0.0072,9.8066,-0.0853,0.0551,-0.0416,-26.75,-27.31,26.88,315.59,-80.64,-174.38
52.38459,-1.529901,151.57,15.57,3,119.45,21 / 21,1106729,2019-09-06 18:34:33:411,-1.4082,0.6011,10.0812,0.0061,-0.0113,9.8066,0.0387,-0.0462,0.0646,-26.94,-26.94,26.81,316.22,-80.73,-173.86
52.38459,-1.529901,151.57,15.57,3,119.45,21 / 21,1106829,2019-09-06 18:34:33:511,-0.666,1.1902,9.4824,0.0057,-0.0129,9.8066,-0.0193,0.0349,-0.022,-27.31,-27.06,27.31,317.1,-80.57,-172.96
52.38459,-1.529901,151.57,15.57,3,119.45,21 / 21,1106928,2019-09-06 18:34:33:610,-1.0049,-0.0098,9.2988,0.0123,-0.0205,9.8066,-0.0543,-0.0309,-0.0006,-27.56,-26.69,26.81,316.29,-80.44,-172.67
52.38459,-1.529901,151.57,15.57,3,119.45,21 / 21,1107029,2019-09-06 18:34:33:711,-0.81,-0.3888,9.6172,-0.019,0.0097,9.8066,0.0322,-0.018,0.0393,-27.31,-26.94,26.81,318.51,-80.54,-171.66
52.38459,-1.529901,151.57,15.57,3,119.45,21 / 21,1107129,2019-09-06 18:34:33:811,-0.9593,0.5612,9.7112,-0.0164,0.0023,9.8066,0.1059,0.0415,0.0134,-27.12,-27.06,26.81,319.31,-80.7,-171.02
52.38459,-1.529901,151.57,15.57,3,119.45,21 / 21,1107229,2019-09-06 18:34:33:911,-1.3322,0.7922,9.8215,-0.0093,0.0022,9.8066,0.0089,-0.04,0.023,-27.56,-26.56,26.69,318.37,-80.69,-170.91
52.38459,-1.529901,151.57,15.57,3,119.45,21 / 21,1107329,2019-09-06 18:34:34:011,-0.653,0.6861,9.2811,-0.0104,0.0075,9.8066,-0.0326,-0.0052,-0.0272,-27.69,-26.37,26.5,319.1,-80.68,-170.39
52.38459,-1.529901,151.57,15.57,3,119.45,21 / 21,1107429,2019-09-06 18:34:34:111,-1.9399,0.9791,9.9088,-0.0145,0.0014,9.8066,0.0671,0.0395,0.0066,-27.12,-26.81,26.19,319.19,-80.66,-169.95
52.38459,-1.529901,151.57,15.57,3,119.45,21 / 21,1107529,2019-09-06 18:34:34:211,-0.3095,0.8029,10.3641,-0.0033,-0.0034,9.8066,-0.0324,-0.0121,0.0499,-27.87,-27,25.63,318.42,-80.61,-169.66
52.38459,-1.529901,151.57,15.57,3,119.45,21 / 21,1107629,2019-09-06 18:34:34:311,-1.5599,-0.818,10.8865,0.0286,-0.0308,9.8065,-0.0677,0.0188,-0.0251,-27.75,-27.44,24.56,317.8,-80.39,-168.91
52.38459,-1.529901,151.57,15.57,3,119.45,21 / 21,1107729,2019-09-06 18:34:34:411,-1.6389,1.1247,9.983,0.0457,-0.0252,9.8064,0.1928,-0.0153,0.0439,-27.75,-27.94,25,316.92,-80.29,-169.46
52.38459,-1.529901,151.57,15.57,3,119.45,21 / 21,1107828,2019-09-06 18:34:34:510,-1.1211,1.2303,10.0504,-0.0353,0.0231,9.8065,-0.007,-0.004,-0.0338,-27.44,-27.81,25.19,317.91,-80.17,-169.44
52.38459,-1.529901,151.57,15.57,3,119.45,21 / 21,1107929,2019-09-06 18:34:34:611,-0.6737,0.8878,9.5008,-0.0149,0.0059,9.8066,0.0173,-0.0281,0.0485,-27.12,-28.25,25.63,319.92,-80.32,-168.92
52.38459,-1.529901,151.57,15.57,3,119.45,21 / 21,1108029,2019-09-06 18:34:34:711,-1.1168,0.8506,9.6196,-0.0046,-0.0109,9.8066,-0.0589,0.0206,-0.0035,-26.81,-28,24.44,318.22,-80.29,-167.97
52.38459,-1.529901,151.57,15.57,3,119.45,21 / 21,1108129,2019-09-06 18:34:34:811,-1.7204,0.8096,10.8506,0.0025,-0.0076,9.8065,0.0187,-0.004,0.0523,-26.69,-28.31,23.94,318.83,-80.36,-167.47
52.38459,-1.529901,151.57,15.57,3,119.45,21 / 21,1108229,2019-09-06 18:34:34:911,-0.1973,-0.6954,10.1221,0.0055,-0.0059,9.8066,0.1359,0.0683,-0.0139,-26.19,-29.37,23,318.51,-80.31,-167.2
52.38459,-1.529901,151.57,15.57,3,119.45,21 / 21,1108329,2019-09-06 18:34:35:011,-1.1691,0.2438,10.2282,-0.0088,0.006,9.8066,0.1462,0.029,-0.0143,-25.94,-30.5,21.44,314.95,-80.3,-167.38
52.38459,-1.529901,151.57,15.57,3,119.45,21 / 21,1108428,2019-09-06 18:34:35:110,-1.515,-0.3481,10.0475,0.0273,0.0004,9.8066,-0.0683,-0.028,-0.0631,-25.12,-34.06,20.38,312.73,-80.22,-167.83
52.38459,-1.529901,151.57,15.57,3,119.45,21 / 21,1108528,2019-09-06 18:34:35:210,-0.1427,0.0646,8.7004,0.0227,0.0148,9.8065,-0.0461,0.0155,-0.0708,-24.19,-44.19,21.88,312.19,-80.2,-170.01
52.38459,-1.529901,151.57,15.57,3,119.45,21 / 21,1108629,2019-09-06 18:34:35:311,-0.9069,0.5498,7.9528,-0.0424,0.0721,9.8062,-0.09,0.0024,-0.0569,-23.44,-49.62,33.13,326.38,-80.86,-172.11
52.38459,-1.529901,151.57,15.57,3,119.45,21 / 21,1108729,2019-09-06 18:34:35:411,0.1609,-0.701,9.1011,-0.0066,0.0609,9.8064,-0.1152,-0.0006,-0.0766,-25,-43.94,48.44,335.28,-81.2,-173.97
52.38459,-1.529901,151.57,15.57,3,119.45,21 / 21,1108829,2019-09-06 18:34:35:511,-1.04,1.8684,9.7802,0.0117,0.0104,9.8066,0.0413,-0.0142,-0.0145,-26.94,-22.75,57.63,337.73,-81.56,-175.94
52.38459,-1.529901,151.57,15.57,3,119.45,21 / 21,1108929,2019-09-06 18:34:35:611,-0.5509,0.5148,10.0718,0.0189,-0.0019,9.8066,0.0733,-0.0213,-0.0367,-26.62,-6.25,50.88,334.41,-81.6,-177.08
52.38459,-1.529901,151.57,15.57,3,119.45,21 / 21,1109029,2019-09-06 18:34:35:711,-0.6842,0.7132,8.8465,0.0115,0.0048,9.8066,-0.1046,0.0002,-0.034,-25.94,1.31,33.38,323.44,-81.6,-178.15
52.38459,-1.529901,151.57,15.57,3,119.45,21 / 21,1109129,2019-09-06 18:34:35:811,-0.5361,-0.2696,8.732,0.0032,0.0073,9.8066,-0.1311,-0.0414,-0.0157,-23.75,-13.06,13.88,297.22,-81.76,-179.35
52.38459,-1.529901,151.57,15.57,3,119.45,21 / 21,1109230,2019-09-06 18:34:35:912,-0.6559,0.6007,8.5093,-0.0507,0.0315,9.8064,-0.0228,-0.0445,0.0152,-23.56,-25.25,14.19,293.84,-82.51,179.97
52.38459,-1.529901,151.57,15.57,3,119.45,21 / 21,1109328,2019-09-06 18:34:36:010,-0.1509,-0.0081,8.0234,-0.0457,0.0291,9.8065,-0.1485,0.0108,0.0057,-24.94,-27.25,19.13,301.51,-83.01,179.62
52.383915,-1.527936,151.42,16.4,3,119.11,21 / 21,1109429,2019-09-06 18:34:36:111,-0.2444,0.005,8.8854,-0.0314,0.0204,9.8065,0.0175,-0.0357,0.0345,-25.44,-26.87,20.25,303.23,-83.4,179.42
52.383915,-1.527936,151.42,16.4,3,119.11,21 / 21,1109528,2019-09-06 18:34:36:210,-1.1005,0.1416,9.7835,-0.0412,0.0151,9.8065,0.1508,-0.0522,0.0359,-27.19,-27.25,21.06,304.59,-83.79,-179.09
52.383915,-1.527936,151.42,16.4,3,119.11,21 / 21,1109629,2019-09-06 18:34:36:311,0.2485,0.3564,10.1323,-0.0411,0.0109,9.8065,0.0996,0.0347,-0.0165,-27.31,-27.5,22,307.35,-83.73,-177.78
52.383915,-1.527936,151.42,16.4,3,119.11,21 / 21,1109729,2019-09-06 18:34:36:411,-0.1232,-0.2534,10.3762,0.0216,-0.0214,9.8066,-0.0039,-0.0443,0.0262,-27.06,-27.19,22.81,309.75,-83.44,-176.64
52.383915,-1.527936,151.42,16.4,3,119.11,21 / 21,1109828,2019-09-06 18:34:36:510,0.0575,0.4025,9.0849,0.0174,-0.0095,9.8066,-0.0359,-0.0092,-0.0305,-26.75,-27.37,23.25,309.99,-83.43,-176.41
52.383915,-1.527936,151.42,16.4,3,119.11,21 / 21,1109928,2019-09-06 18:34:36:610,-0.5138,-0.4982,9.2304,-0.0046,0.0007,9.8066,-0.1392,0.0176,-0.0235,-26.56,-27.44,23.75,311.1,-83.69,-176.8
52.383915,-1.527936,151.42,16.4,3,119.11,21 / 21,1110029,2019-09-06 18:34:36:711,-0.7716,-0.203,9.6908,0.0037,-0.001,9.8066,-0.0727,-0.0408,0.0205,-26.19,-27.75,24,312.14,-83.94,-176.85
52.383915,-1.527936,151.42,16.4,3,119.11,21 / 21,1110129,2019-09-06 18:34:36:811,-0.1259,-1.1716,9.3818,-0.0071,0.0083,9.8066,0.098,-0.0251,0.0372,-26.19,-28.12,23.88,312.6,-84.11,-176.52
52.383915,-1.527936,151.42,16.4,3,119.11,21 / 21,1110229,2019-09-06 18:34:36:911,0.0153,-0.1759,9.2802,-0.0081,-0.0105,9.8066,0.0037,0.002,0.0023,-25.81,-27.81,24.63,314.58,-84.03,-175.83
52.383915,-1.527936,151.42,16.4,3,119.11,21 / 21,1110329,2019-09-06 18:34:37:011,-1.2425,0.2302,9.7489,-0.0141,0.0083,9.8065,0.0619,-0.0321,0.0135,-26.62,-27.81,25.38,314.95,-84.06,-174.49
52.383915,-1.527936,151.42,16.4,3,119.11,21 / 21,1110428,2019-09-06 18:34:37:110,-1.2602,0.2385,9.4601,-0.0045,0.0172,9.8066,0.0597,-0.0424,0.0072,-25.81,-27.81,24.75,315.55,-84.16,-175
52.383915,-1.527936,151.42,16.4,3,119.11,21 / 21,1110529,2019-09-06 18:34:37:211,-0.7096,-0.0899,9.3549,-0.0098,0.0251,9.8066,-0.0659,-0.0436,-0.0204,-25.81,-27.87,24.31,313.06,-84.26,-176.19
52.383915,-1.527936,151.42,16.4,3,119.11,21 / 21,1110628,2019-09-06 18:34:37:310,-0.0958,0.5308,9.3345,-0.0142,0.0247,9.8066,-0.0044,0.0098,-0.0552,-25.75,-27.81,24.31,311.77,-84.39,-177.49
52.383915,-1.527936,151.42,16.4,3,119.11,21 / 21,1110729,2019-09-06 18:34:37:411,-1.5071,0.4885,10.0769,0.0108,-0.0032,9.8066,-0.1127,-0.0213,0.0039,-25.37,-27.62,24.25,311.87,-84.52,-178.53
52.383915,-1.527936,151.42,16.4,3,119.11,21 / 21,1110829,2019-09-06 18:34:37:511,-1.1725,0.4946,10.2639,0.0154,-0.0104,9.8065,0.0937,-0.0009,-0.0268,-25.81,-28.06,24.31,310.31,-84.53,-178.96
52.383915,-1.527936,151.42,16.4,3,119.11,21 / 21,1110929,2019-09-06 18:34:37:611,0.1761,-0.9868,10.0704,-0.0054,0.001,9.8066,0.144,-0.0372,0.0257,-25.87,-28.25,24.44,310.18,-84.49,-179.06
52.383915,-1.527936,151.42,16.4,3,119.11,21 / 21,1111029,2019-09-06 18:34:37:711,-0.044,-0.6074,9.4028,-0.0178,0.0118,9.8065,0.0538,-0.0412,-0.0002,-25.75,-28.75,23.88,310.56,-84.44,-178.55
52.383915,-1.527936,151.42,16.4,3,119.11,21 / 21,1111128,2019-09-06 18:34:37:810,-1.0764,0.2275,10.1555,0.0124,-0.0035,9.8066,-0.0676,-0.0096,-0.0353,-26.31,-28.19,24.69,311.46,-84.35,-178.99
52.383915,-1.527936,151.42,16.4,3,119.11,21 / 21,1111228,2019-09-06 18:34:37:910,-1.4501,0.3353,10.213,0.0125,0.0039,9.8066,-0.0285,0.0154,-0.0495,-26.12,-28.56,24.81,310.05,-84.4,179.76
52.383915,-1.527936,151.42,16.4,3,119.11,21 / 21,1111329,2019-09-06 18:34:38:011,-0.7062,0.2434,9.4536,0.0067,-0.0093,9.8066,-0.0809,0.0196,-0.0751,-25.12,-28,24.63,309.8,-84.4,178.35
52.383915,-1.527936,151.42,16.4,3,119.11,20 / 20,1111428,2019-09-06 18:34:38:110,-1.4343,0.213,9.1415,0.0108,0.0173,9.8066,-0.0781,-0.0562,0.065,-25.5,-28.62,24.94,307.7,-84.53,176.38
52.383915,-1.527936,151.42,16.4,3,119.11,20 / 20,1111528,2019-09-06 18:34:38:210,-0.1571,0.4452,9.1031,-0.0283,0.0343,9.8065,-0.0022,-0.0439,-0.0272,-25.37,-28.56,23.88,305.25,-84.93,175
52.383915,-1.527936,151.42,16.4,3,119.11,20 / 20,1111628,2019-09-06 18:34:38:310,-0.7503,0.4693,9.9493,-0.0168,0.0081,9.8066,0.0489,0.0334,-0.0208,-26,-28.69,23.94,304.32,-84.89,175.19
52.383915,-1.527936,151.42,16.4,3,119.11,20 / 20,1111729,2019-09-06 18:34:38:411,-0.5427,0.0543,10.4466,0.0119,-0.0135,9.8065,0.0512,-0.031,-0.0237,-26.19,-29.25,24.44,304.26,-84.64,175.31
52.383915,-1.527936,151.42,16.4,3,119.11,20 / 20,1111828,2019-09-06 18:34:38:510,-0.5075,-0.3392,10.7154,-0.0002,-0.0043,9.8066,0.1122,-0.0413,-0.0302,-25.75,-28.81,24.81,305.76,-84.6,175.54
52.383915,-1.527936,151.42,16.4,3,119.11,20 / 20,1111929,2019-09-06 18:34:38:611,1.1029,-0.9562,10.0558,0.0526,-0.0311,9.8064,-0.1735,-0.0161,0.0051,-26.31,-28.75,25,304.45,-84.68,174.22
52.383915,-1.527936,151.42,16.4,3,119.11,20 / 20,1112029,2019-09-06 18:34:38:711,-2.4044,0.0604,9.8432,0.0328,-0.0304,9.8065,-0.1424,-0.0435,-0.015,-25.31,-28.62,24.44,303.95,-84.4,174.14
52.383915,-1.527936,151.42,16.4,3,119.11,20 / 20,1112128,2019-09-06 18:34:38:810,-0.4252,-0.041,9.5059,-0.0253,0.0192,9.8065,0.0819,-0.0627,0.0633,-25.12,-28.94,25.19,304.65,-84.78,173.29
52.383915,-1.527936,151.42,16.4,3,119.11,20 / 20,1112229,2019-09-06 18:34:38:911,-0.5108,0.4143,10.2276,-0.0197,0.0049,9.8065,0.0823,0.0281,-0.0584,-25.12,-28.31,25.13,305.87,-84.84,174.3
52.383915,-1.527936,151.42,16.4,3,119.11,20 / 20,1112329,2019-09-06 18:34:39:011,-0.2409,0.6316,10.085,0.0191,-0.0104,9.8066,0.0335,0.0493,-0.0289,-24.87,-29.25,24.63,304.4,-84.68,173.12
52.383915,-1.527936,151.42,16.4,3,119.11,20 / 20,1112429,2019-09-06 18:34:39:111,-1.0502,-0.2792,8.8973,0.0071,0.002,9.8066,-0.0025,-0.0472,0.056,-25.12,-29.44,25.31,303.58,-84.6,172.4
52.383915,-1.527936,151.42,16.4,3,119.11,20 / 20,1112529,2019-09-06 18:34:39:211,-1.4967,0.5294,9.9058,-0.0248,0.0224,9.8065,-0.0139,-0.0288,-0.0067,-24.69,-29.44,25.25,304.74,-84.87,173.32
52.383915,-1.527936,151.42,16.4,3,119.11,20 / 20,1112628,2019-09-06 18:34:39:310,-1.2708,0.4669,9.8135,-0.0087,0.0223,9.8066,-0.0359,0.0647,-0.0407,-24.62,-29.56,25.06,303.43,-85.01,172.07
52.383915,-1.527936,151.42,16.4,3,119.11,20 / 20,1112729,2019-09-06 18:34:39:411,-1.5253,0.768,10.2543,0.001,-0.0009,9.8066,0.0945,-0.0406,-0.0052,-24.94,-29.56,25.56,303.37,-85,170.82
52.383915,-1.527936,151.42,16.4,3,119.11,20 / 20,1112829,2019-09-06 18:34:39:511,-1.339,-0.6221,10.4073,0.0158,-0.0033,9.8066,0.0489,0.0035,-0.0541,-24.75,-29.69,25,301.73,-84.85,170.55
52.383915,-1.527936,151.42,16.4,3,119.11,20 / 20,1112928,2019-09-06 18:34:39:610,-0.4324,-0.1518,9.9445,0.0081,0.0034,9.8066,0.0234,-0.023,-0.0032,-25.19,-29.56,25.06,299.75,-84.69,168.78
52.383915,-1.527936,151.42,16.4,3,119.11,20 / 20,1113028,2019-09-06 18:34:39:710,-0.6268,-0.2982,9.821,-0.0061,0.0112,9.8066,0.0502,-0.0325,-0.0243,-24.81,-29.69,25.56,299.67,-84.68,167.51
52.383915,-1.527936,151.42,16.4,3,119.11,20 / 20,1113129,2019-09-06 18:34:39:811,-0.4955,-0.9764,9.4884,0.0029,-0.0014,9.8066,-0.151,-0.0024,-0.0306,-24.56,-30,25.75,298.68,-84.76,166.49
52.383915,-1.527936,151.42,16.4,3,119.11,20 / 20,1113229,2019-09-06 18:34:39:911,-0.6481,-0.5309,9.5885,-0.0029,0.0081,9.8066,0.04,-0.0388,-0.0056,-24.44,-30,25.25,297.23,-84.96,165.04
52.383915,-1.527936,151.42,16.4,3,119.11,20 / 20,1113329,2019-09-06 18:34:40:011,-1.5675,0.0456,9.857,-0.0047,0.0101,9.8066,0.1154,-0.0133,-0.0111,-24.31,-29.31,25.25,296.14,-85.09,163.75
52.383915,-1.527936,151.42,16.4,3,119.11,20 / 20,1113429,2019-09-06 18:34:40:111,-0.7984,0.1137,10.2318,-0.0041,0.021,9.8065,0.0968,-0.0786,-0.0013,-23.81,-29.75,25.31,294.33,-85.04,162.16
52.383915,-1.527936,151.42,16.4,3,119.11,20 / 20,1113528,2019-09-06 18:34:40:210,0.0249,-0.8985,9.5563,0.0363,-0.0242,9.8065,-0.1365,-0.0463,0.0092,-24.19,-30.19,25.44,295.14,-84.98,163
52.383915,-1.527936,151.42,16.4,3,119.11,20 / 20,1113629,2019-09-06 18:34:40:311,-1.0623,0.597,10.2837,0.0263,-0.0292,9.8065,-0.1296,0.0493,0.0085,-23.81,-29.69,25.75,297.03,-84.68,163.87
52.383915,-1.527936,151.42,16.4,3,119.11,20 / 20,1113729,2019-09-06 18:34:40:411,0.0975,-0.1963,9.0756,-0.0221,0.0138,9.8065,0.0107,-0.0218,-0.0604,-24.56,-30.06,25.94,295.58,-84.78,163.48
52.383915,-1.527936,151.42,16.4,3,119.11,20 / 20,1113829,2019-09-06 18:34:40:511,-0.0413,-0.5346,9.7041,-0.0067,0.014,9.8066,-0.0348,-0.0705,0.0038,-24.12,-29.81,25.75,296.09,-84.8,162.86
52.383915,-1.527936,151.42,16.4,3,119.11,20 / 20,1113929,2019-09-06 18:34:40:611,0.1943,0.4627,9.8003,0.004,0.0146,9.8066,0.0295,0.004,-0.0498,-23.94,-29.69,25.56,294.62,-84.91,161.35
52.383915,-1.527936,151.42,16.4,3,119.11,20 / 20,1114029,2019-09-06 18:34:40:711,-0.6008,-1.5421,10.0756,-0.0246,0.0124,9.8066,0.1581,-0.0254,-0.013,-24.25,-29.81,25.63,293.74,-85.01,160.42
52.383915,-1.527936,151.42,16.4,3,119.11,20 / 20,1114129,2019-09-06 18:34:40:811,-0.4681,-1.6872,9.982,0.0382,-0.0297,9.8064,-0.0461,-0.0619,0.0592,-24.19,-29.75,25.38,291.53,-85.07,159.41
52.383915,-1.527936,151.42,16.4,3,119.11,20 / 20,1114229,2019-09-06 18:34:40:911,-0.682,-0.2265,10.5528,0.0295,-0.0334,9.8065,-0.0555,-0.0266,-0.0521,-24.12,-30.37,25.31,292.35,-84.8,160.44
52.383915,-1.527936,151.42,16.4,3,119.11,20 / 20,1114329,2019-09-06 18:34:41:011,-0.5736,-0.7719,10.2003,-0.0049,0.0194,9.8066,0.2307,-0.0426,0.0148,-24.19,-29.81,25.88,292.39,-84.84,159.24
52.383915,-1.527936,151.42,16.4,3,119.11,20 / 20,1114429,2019-09-06 18:34:41:111,0.4416,-1.3775,9.2278,-0.0095,0.0159,9.8066,0.1708,-0.0458,-0.0194,-24.25,-30,25.81,292.1,-84.7,159.07
52.383915,-1.527936,151.42,16.4,3,119.11,20 / 20,1114528,2019-09-06 18:34:41:210,0.1184,0.0378,9.9152,0.018,0.0071,9.8066,-0.0797,-0.0235,-0.0021,-24.12,-29.5,25.94,290.6,-84.65,157.51
52.383915,-1.527936,151.42,16.4,3,119.11,20 / 20,1114628,2019-09-06 18:34:41:310,-1.5892,0.9553,8.739,0.0129,0.0091,9.8066,-0.0986,0.0695,-0.0457,-24.5,-30.19,25.56,288.63,-84.86,155.56
52.383915,-1.527936,151.42,16.4,3,119.11,20 / 20,1114729,2019-09-06 18:34:41:411,-1.9287,0.5475,9.8236,-0.0077,0.0118,9.8066,-0.0988,0.0025,0.0164,-23.44,-30.31,26.44,287.77,-84.73,153.68
52.383915,-1.527936,151.42,16.4,3,119.11,20 / 20,1114829,2019-09-06 18:34:41:511,0.7315,-0.5939,10.4411,0.0305,-0.0431,9.8064,0.1529,-0.0049,-0.0576,-23.44,-30.31,26.44,288.56,-84.48,154.68
52.383915,-1.527936,151.42,16.4,3,119.11,20 / 20,1114929,2019-09-06 18:34:41:611,0.7657,-0.7964,9.2885,0.0034,-0.002,9.8066,0.0762,-0.0193,0.0604,-23.5,-29.81,26.19,289.99,-84.29,156.23
52.383915,-1.527936,151.42,16.4,3,119.11,20 / 20,1115029,2019-09-06 18:34:41:711,-1.5726,-1.1054,10.1729,-0.0047,-0.0116,9.8066,0.0098,-0.0587,0.0568,-23.56,-29.62,26.5,291.29,-84.45,157.32
52.383915,-1.527936,151.42,16.4,3,119.11,20 / 20,1115129,2019-09-06 18:34:41:811,-0.3365,-0.6082,9.6731,0.0108,0.0032,9.8066,-0.151,-0.0315,-0.0267,-23.81,-29.69,26.13,288.12,-84.6,155.27
52.383915,-1.527936,151.42,16.4,3,119.11,20 / 20,1115228,2019-09-06 18:34:41:910,-0.9959,-1.276,10.0966,0.0035,-0.004,9.8066,0.0195,0.0333,-0.0411,-23,-30.06,26.81,289.7,-84.62,154.51
52.383915,-1.527936,151.42,16.4,3,119.11,20 / 20,1115329,2019-09-06 18:34:42:011,-0.3203,-0.1306,9.4406,0.0097,-0.0068,9.8066,0.0256,-0.0387,0.0113,-23.37,-30.06,26.69,289.35,-84.52,154.24
52.383915,-1.527936,151.42,16.4,3,119.11,21 / 21,1115429,2019-09-06 18:34:42:111,0.1557,-1.0343,10.3771,0.0167,0.0002,9.8065,-0.032,-0.0282,-0.0111,-23.06,-29.69,26.69,288.77,-84.37,153.81
52.383915,-1.527936,151.42,16.4,3,119.11,21 / 21,1115529,2019-09-06 18:34:42:211,-0.6881,0.7746,9.4896,-0.0188,0.0264,9.8065,0.0778,0.021,-0.0201,-22.87,-29.94,26.88,286.43,-84.46,151.43
52.383915,-1.527936,151.42,16.4,3,119.11,21 / 21,1115628,2019-09-06 18:34:42:310,0.2695,-0.8306,9.9009,-0.0272,0.0196,9.8065,0.0395,-0.0738,0.0333,-23.06,-30.19,26.31,284.86,-84.56,150.98
52.383915,-1.527936,151.42,16.4,3,119.11,21 / 21,1115729,2019-09-06 18:34:42:411,-0.5873,0.3462,10.0871,0.001,-0.0022,9.8066,0.085,-0.004,0.0135,-22.37,-30.12,26.44,287.78,-84.62,152.62
52.383915,-1.527936,151.42,16.4,3,119.11,21 / 21,1115828,2019-09-06 18:34:42:510,-0.8335,-0.5507,10.2913,-0.0183,0.0013,9.8066,0.1417,-0.0793,0.0954,-23.62,-30.06,26.56,288.17,-84.63,154.12
52.383915,-1.527936,151.42,16.4,3,119.11,21 / 21,1115928,2019-09-06 18:34:42:610,0.7453,-0.4065,9.8612,0.0272,-0.0419,9.8064,-0.1343,-0.0047,-0.0032,-23.56,-30.06,26.38,289.64,-84.68,156.69
52.383915,-1.527936,151.42,16.4,3,119.11,21 / 21,1116028,2019-09-06 18:34:42:710,-1.0241,-0.3716,9.3777,0.0333,-0.0296,9.8065,-0.0233,-0.0402,0.0418,-23.56,-30.31,26.75,293.15,-84.44,159.14
52.383915,-1.527936,151.42,16.4,3,119.11,21 / 21,1116129,2019-09-06 18:34:42:811,-1.2913,-1.0534,9.8897,-0.0183,0.007,9.8066,-0.0771,0.0145,-0.1094,-23.44,-29.87,26.5,294.62,-84.8,159.15
52.383915,-1.527936,151.42,16.4,3,119.11,21 / 21,1116229,2019-09-06 18:34:42:911,-1.0724,0.7841,9.6745,0.0025,0.0233,9.8066,-0.0027,-0.0662,0.0343,-23.62,-30.12,26.38,289.9,-84.82,156.83
52.383915,-1.527936,151.42,16.4,3,119.11,21 / 21,1116330,2019-09-06 18:34:43:012,-0.6506,-0.2461,9.6237,-0.0061,0.0048,9.8066,0.0241,-0.0437,0.0469,-23.56,-29.87,27,291.18,-84.73,156.99
52.383915,-1.527936,151.42,16.4,3,119.11,21 / 21,1116430,2019-09-06 18:34:43:112,-0.4282,0.7654,10.5028,-0.0115,0.0096,9.8065,0.1,-0.04,-0.0499,-23.5,-29.56,27.25,292.42,-84.74,157.06
52.383915,-1.527936,151.42,16.4,3,119.11,21 / 21,1116528,2019-09-06 18:34:43:210,0.1453,-0.4101,9.8939,0.0263,-0.029,9.8065,0.0081,-0.0131,0.0095,-23,-29.81,27.19,292.22,-84.68,156.92
52.383915,-1.527936,151.42,16.4,3,119.11,21 / 21,1116629,2019-09-06 18:34:43:311,-0.3288,0.174,9.4472,0.0021,-0.014,9.8066,-0.0013,0.0254,0.0413,-23.44,-29.75,27.38,293.82,-84.55,158.57
52.383915,-1.527936,151.42,16.4,3,119.11,21 / 21,1116729,2019-09-06 18:34:43:411,-0.8498,-0.1009,9.8363,-0.0273,0.0062,9.8065,-0.0527,-0.0379,0.0028,-23.25,-29.44,26.69,294.71,-84.9,159.02
52.383915,-1.527936,151.42,16.4,3,119.11,21 / 21,1116828,2019-09-06 18:34:43:510,-0.8504,-0.445,10.0857,-0.0169,0.0106,9.8066,-0.026,-0.0993,0.0064,-23.06,-30,27.19,295.39,-85.01,159.72
52.383915,-1.527936,151.42,16.4,3,119.11,21 / 21,1116929,2019-09-06 18:34:43:611,-0.3735,0.259,9.71,0.0085,-0.0032,9.8066,0.0571,-0.0384,0.0658,-23.19,-29.44,27.38,296.46,-84.91,160.71
52.383915,-1.527936,151.42,16.4,3,119.11,21 / 21,1117028,2019-09-06 18:34:43:710,0.1309,0.1921,9.5009,0.0041,-0.0173,9.8066,-0.0164,0.0042,-0.0084,-23.12,-29.69,26.81,297.84,-84.85,162.23
52.383915,-1.527936,151.42,16.4,3,119.11,21 / 21,1117129,2019-09-06 18:34:43:811,-0.1906,0.1386,9.6624,-0.0131,0.0036,9.8066,-0.0458,-0.0098,-0.0108,-23.19,-29.94,27.38,298.73,-84.9,163.05
52.383915,-1.527936,151.42,16.4,3,119.11,21 / 21,1117231,2019-09-06 18:34:43:913,-0.6363,1.0816,10.4099,-0.008,-0.0073,9.8066,0.1066,-0.0696,0.0673,-23.12,-29.94,27.25,300.07,-85.04,164.22
52.383915,-1.527936,151.42,16.4,3,119.11,21 / 21,1117330,2019-09-06 18:34:44:012,0.3732,-0.2193,10.729,0.0084,-0.0318,9.8065,-0.0114,0.0232,-0.0186,-22.94,-30.12,27.25,302.71,-84.98,166.81
52.383915,-1.527936,151.42,16.4,3,119.11,21 / 21,1117429,2019-09-06 18:34:44:111,-0.0824,-0.9758,9.0738,0.005,-0.0002,9.8066,0.1101,-0.0006,0.0723,-23.12,-30.12,27.63,303.97,-85.08,166.86
52.383915,-1.527936,151.42,16.4,3,119.11,21 / 21,1117528,2019-09-06 18:34:44:210,-1.0777,-0.9545,9.0895,-0.0083,-0.0079,9.8066,-0.2051,0.0418,-0.0501,-23.5,-30,27.44,303.22,-85.26,167.09
52.383915,-1.527936,151.42,16.4,3,119.11,21 / 21,1117628,2019-09-06 18:34:44:310,-0.1922,-0.7417,11.0384,0.0077,-0.011,9.8065,-0.0867,-0.0263,0.0263,-22.81,-29.69,28,304.02,-85.27,166.76
52.383915,-1.527936,151.42,16.4,3,119.11,21 / 21,1117729,2019-09-06 18:34:44:411,0.6405,-1.2081,10.5416,0.0273,-0.0336,9.8065,0.0935,-0.0924,-0.0097,-23,-29.19,27.31,301.76,-85.3,165.55
52.383915,-1.527936,151.42,16.4,3,119.11,21 / 21,1117828,2019-09-06 18:34:44:510,-0.3382,-0.2312,9.8686,0.0129,-0.0015,9.8066,0.029,-0.0131,-0.0425,-23.12,-29.44,27.81,303.68,-85.06,166.48
52.383915,-1.527936,151.42,16.4,3,119.11,21 / 21,1117928,2019-09-06 18:34:44:610,-0.04,0.6358,9.4596,-0.0105,0.0138,9.8066,-0.0121,-0.0238,0.0748,-23.37,-27.81,28.06,302.45,-85.26,165.03
52.383915,-1.527936,151.42,16.4,3,119.11,21 / 21,1118030,2019-09-06 18:34:44:712,-0.5097,0.8532,10.3188,-0.005,-0.0035,9.8066,-0.1019,-0.0817,0.0436,-23.44,-27.19,26.94,302.64,-85.28,166.19
52.383915,-1.527936,151.42,16.4,3,119.11,21 / 21,1118128,2019-09-06 18:34:44:810,-3.0949,-0.3201,10.4499,-0.0081,0.0112,9.8066,0.095,-0.0566,-0.0175,-24.5,-28.06,26.94,304.44,-85.2,169.24
52.383915,-1.527936,151.42,16.4,3,119.11,21 / 21,1118228,2019-09-06 18:34:44:910,1.0292,-1.8502,9.4744,-0.021,0.0338,9.8065,0.2048,-0.0313,0.0449,-25.19,-28.37,26.94,301.2,-85.19,167.22
52.383915,-1.527936,151.42,16.4,3,119.11,21 / 21,1118329,2019-09-06 18:34:45:011,-0.1603,0.4918,10.4442,-0.0006,0.0151,9.8065,0.1033,-0.1141,-0.0097,-25.37,-28.81,26.81,301.59,-84.98,167.86
52.383156,-1.526137,150.56,16.92,3,129.53,21 / 21,1118429,2019-09-06 18:34:45:111,0.0595,0.3474,9.8078,0.0037,0.0162,9.8066,-0.0133,-0.0355,0.0282,-25.62,-28.69,28.06,300.52,-85.01,166.76
52.383156,-1.526137,150.56,16.92,3,129.53,21 / 21,1118528,2019-09-06 18:34:45:210,-2.0807,1.3678,10.4585,-0.0192,0.0046,9.8066,0.0049,0.0216,0.0323,-25.19,-29.06,28.25,302.07,-84.76,167.38
52.383156,-1.526137,150.56,16.92,3,129.53,21 / 21,1118628,2019-09-06 18:34:45:310,-0.7302,0.1417,9.3691,0.0033,-0.0194,9.8066,-0.0809,0.0035,0.0413,-25.25,-28.62,27.81,303.92,-84.65,169.23
52.383156,-1.526137,150.56,16.92,3,129.53,21 / 21,1118729,2019-09-06 18:34:45:411,-1.89,1.0981,9.51,-0.0128,0.0051,9.8066,-0.1602,-0.0659,-0.0004,-25.37,-29.5,27.56,305.17,-84.97,170.21
52.383156,-1.526137,150.56,16.92,3,129.53,21 / 21,1118829,2019-09-06 18:34:45:511,-1.221,0.3409,9.9096,-0.0179,0.0119,9.8066,0.0495,0.021,-0.0604,-25.06,-29,28.13,305.37,-85.18,170.27
52.383156,-1.526137,150.56,16.92,3,129.53,21 / 21,1118929,2019-09-06 18:34:45:611,-0.6309,-0.4147,10.0891,0.0219,-0.0178,9.8066,0.0476,0.0078,0.0182,-24.44,-29.44,27.94,305.25,-85.05,169.14
52.383156,-1.526137,150.56,16.92,3,129.53,21 / 21,1119029,2019-09-06 18:34:45:711,-0.2884,-0.6272,10.0221,-0.0081,0.0034,9.8066,0.1855,0.0141,-0.009,-24.5,-29.31,28.19,304.8,-85.08,168.69
52.383156,-1.526137,150.56,16.92,3,129.53,21 / 21,1119129,2019-09-06 18:34:45:811,-0.1104,-0.61,9.8757,0.023,-0.025,9.8065,-0.1037,-0.0511,0.0082,-24.94,-28.81,27.69,304.26,-85.03,169.3
52.383156,-1.526137,150.56,16.92,3,129.53,21 / 21,1119228,2019-09-06 18:34:45:910,-0.1368,-0.0545,9.8305,0.0192,-0.01,9.8066,-0.0617,0.0065,-0.0127,-25,-28.62,27.69,304.13,-84.97,169.22
52.383156,-1.526137,150.56,16.92,3,129.53,21 / 21,1119329,2019-09-06 18:34:46:011,-0.2116,0.2356,9.2601,-0.0124,0.0098,9.8066,-0.0518,0.0075,-0.0308,-24.81,-29.12,27.94,302.93,-85.1,167.97
52.383156,-1.526137,150.56,16.92,3,129.53,20 / 20,1119428,2019-09-06 18:34:46:110,-0.1767,0.3593,9.8654,-0.0006,0.0085,9.8066,-0.0246,-0.0218,0.032,-24.62,-29.19,27.44,301.09,-85.17,167.24
52.383156,-1.526137,150.56,16.92,3,129.53,20 / 20,1119529,2019-09-06 18:34:46:211,-0.2457,0.1677,10.413,-0.0103,0.0113,9.8066,0.1523,-0.0779,0.0155,-24.37,-28.75,27.94,303.06,-85.23,166.9
52.383156,-1.526137,150.56,16.92,3,129.53,20 / 20,1119628,2019-09-06 18:34:46:310,-0.1652,-0.001,10.0949,-0.003,-0.0001,9.8066,0.0726,0.0009,-0.0024,-24.62,-28.56,28.19,302.9,-85.08,167.96
52.383156,-1.526137,150.56,16.92,3,129.53,20 / 20,1119729,2019-09-06 18:34:46:411,0.3194,0.7455,9.6258,0.0021,-0.009,9.8066,-0.1007,0.0116,-0.0044,-24.56,-29.19,28.13,303.21,-84.96,168.34
52.383156,-1.526137,150.56,16.92,3,129.53,20 / 20,1119829,2019-09-06 18:34:46:511,-1.4204,0.4351,9.9574,-0.016,0.0076,9.8065,0.036,-0.0017,0.016,-24.44,-29.12,28.44,305.45,-85.01,169.36
52.383156,-1.526137,150.56,16.92,3,129.53,20 / 20,1119929,2019-09-06 18:34:46:611,-0.3678,-0.0149,8.9127,-0.0048,0.003,9.8066,-0.1114,-0.0319,0.0042,-24.44,-29.44,28.38,306.03,-85.15,169.82
52.383156,-1.526137,150.56,16.92,3,129.53,20 / 20,1120029,2019-09-06 18:34:46:711,-1.0726,0.0319,10.1269,-0.0105,0.0032,9.8066,0.013,0.0114,-0.0341,-24.81,-29.06,28,305.52,-85.41,170.26
52.383156,-1.526137,150.56,16.92,3,129.53,20 / 20,1120128,2019-09-06 18:34:46:810,-0.199,0.0041,10.535,-0.0114,-0.0013,9.8066,0.0442,-0.0596,-0.0387,-24.75,-29.81,28.31,305.6,-85.44,170.41
52.383156,-1.526137,150.56,16.92,3,129.53,20 / 20,1120229,2019-09-06 18:34:46:911,-0.3099,-1.095,10.0082,0.0191,-0.0224,9.8065,-0.0134,-0.0326,0.0551,-24.75,-28.69,27.56,306.7,-85.11,171.6
52.383156,-1.526137,150.56,16.92,3,129.53,20 / 20,1120328,2019-09-06 18:34:47:010,-0.1171,-0.2306,9.993,0.0089,-0.023,9.8066,-0.0185,0.0229,0.0076,-24.44,-29.25,28.75,309.97,-85.06,172.61
52.383156,-1.526137,150.56,16.92,3,129.53,20 / 21,1120428,2019-09-06 18:34:47:110,-0.808,-0.587,10.2906,-0.0091,-0.0051,9.8066,0.086,-0.0329,-0.0269,-24.87,-29.69,28.94,309.03,-85.08,172.9
52.383156,-1.526137,150.56,16.92,3,129.53,20 / 21,1120529,2019-09-06 18:34:47:211,-0.3953,-0.0069,9.9295,-0.0091,0.0201,9.8066,0.0976,-0.0195,-0.0144,-24.12,-28.69,29.13,310.44,-85.22,172.95
52.383156,-1.526137,150.56,16.92,3,129.53,20 / 21,1120629,2019-09-06 18:34:47:311,-1.7004,1.2218,10.1163,0.0062,-0.0084,9.8066,-0.0824,-0.0013,-0.0041,-24.25,-27.87,28.63,310.71,-85.24,173.1
52.383156,-1.526137,150.56,16.92,3,129.53,20 / 21,1120728,2019-09-06 18:34:47:410,-0.834,0.7063,9.4712,0.0106,-0.0052,9.8066,-0.2037,-0.0076,-0.0162,-24.25,-28.62,28.31,309.23,-85.16,172.88
52.383156,-1.526137,150.56,16.92,3,129.53,20 / 21,1120829,2019-09-06 18:34:47:511,-0.6798,-0.7307,9.7753,-0.0198,0.02,9.8065,0.06,-0.0398,0.0054,-24.56,-28.31,28.75,309.21,-85.25,172.76
52.383156,-1.526137,150.56,16.92,3,129.53,20 / 21,1120929,2019-09-06 18:34:47:611,-0.5618,0.6796,9.7288,-0.0208,0.0152,9.8066,-0.0144,-0.0502,0.0032,-24.44,-28.44,28.5,310.36,-85.28,172.74
52.383156,-1.526137,150.56,16.92,3,129.53,20 / 21,1121030,2019-09-06 18:34:47:712,-0.8605,0.3118,10.1057,0.0071,-0.0103,9.8066,-0.0144,-0.0232,-0.0175,-24.25,-28.87,28.94,310.41,-85.32,172.86
52.383156,-1.526137,150.56,16.92,3,129.53,20 / 21,1121129,2019-09-06 18:34:47:811,-0.0968,0.5238,9.6723,0.0057,-0.0106,9.8066,0.114,-0.0209,-0.0027,-24.69,-28.81,28.56,309.71,-85.23,173.35
52.383156,-1.526137,150.56,16.92,3,129.53,20 / 21,1121229,2019-09-06 18:34:47:911,-1.3197,1.8202,10.1629,0.0031,-0.0109,9.8066,-0.1879,-0.0081,-0.0288,-24.31,-28.94,28.69,311.56,-85.11,174.1
52.383156,-1.526137,150.56,16.92,3,129.53,20 / 21,1121328,2019-09-06 18:34:48:010,-1.1934,-0.0228,9.148,0.0087,-0.0012,9.8066,-0.0329,-0.0756,0.0697,-24.62,-28.69,28.69,310.22,-85.08,173.93
52.383156,-1.526137,150.56,16.92,3,129.53,21 / 21,1121429,2019-09-06 18:34:48:111,-1.0217,-0.6864,9.4914,-0.0199,0.0062,9.8065,-0.0326,-0.0169,-0.0529,-24.19,-29.06,28.81,312.93,-85.36,175.26
52.383156,-1.526137,150.56,16.92,3,129.53,21 / 21,1121529,2019-09-06 18:34:48:211,-1.1489,-1.0833,10.267,-0.028,0.0353,9.8065,-0.1814,0.0497,-0.0544,-24.94,-29.25,29,310.9,-85.53,174.31
52.383156,-1.526137,150.56,16.92,3,129.53,21 / 21,1121629,2019-09-06 18:34:48:311,0.6122,-0.3528,9.3278,0.0389,-0.0247,9.8065,-0.1488,-0.0559,0.0299,-24.37,-29,28.88,311.81,-85.54,174.07
52.383156,-1.526137,150.56,16.92,3,129.53,21 / 21,1121729,2019-09-06 18:34:48:411,0.1847,0.0054,10.0038,0.0192,-0.0199,9.8066,-0.1236,-0.0216,-0.0357,-23.75,-28.37,28.88,311.26,-85.35,173.57
52.383156,-1.526137,150.56,16.92,3,129.53,21 / 21,1121828,2019-09-06 18:34:48:510,0.9746,-0.5565,9.8609,-0.0133,0.0206,9.8066,0.1397,0.0089,-0.0075,-24.06,-29.19,28.81,309.77,-85.47,172.15
52.383156,-1.526137,150.56,16.92,3,129.53,21 / 21,1121929,2019-09-06 18:34:48:611,-0.5583,0.0334,10.6986,-0.0037,0.0085,9.8066,0.0604,-0.0824,0.0394,-24.37,-28.62,28.75,309.71,-85.35,172.18
52.383156,-1.526137,150.56,16.92,3,129.53,21 / 21,1122028,2019-09-06 18:34:48:710,0.44,0.2223,10.3521,0.0078,-0.0195,9.8066,0.0514,0.0638,-0.0367,-23.75,-28.75,28.81,311.5,-85.17,174
52.383156,-1.526137,150.56,16.92,3,129.53,21 / 21,1122128,2019-09-06 18:34:48:810,-0.0172,0.2616,9.7461,-0.0086,0.0121,9.8066,-0.0349,-0.0275,0.0788,-23.94,-28.69,28.94,311.02,-85.23,173.5
52.383156,-1.526137,150.56,16.92,3,129.53,21 / 21,1122229,2019-09-06 18:34:48:911,0.5274,-1.2093,9.0472,-0.0001,-0.0077,9.8066,-0.1121,-0.0468,0.0233,-23.94,-28.75,28.81,313.12,-85.29,175.48
52.383156,-1.526137,150.56,16.92,3,129.53,21 / 21,1122328,2019-09-06 18:34:49:010,0.4626,-0.2778,9.7554,0.0212,-0.0443,9.8064,-0.0457,0.0942,-0.0393,-24.37,-28.94,28.25,314.28,-85.33,177.61
52.383156,-1.526137,150.56,16.92,3,129.53,20 / 20,1122429,2019-09-06 18:34:49:111,0.2696,0.087,9.5412,-0.0008,0.0003,9.8066,-0.0064,-0.0041,-0.0608,-24.31,-28.69,29,315.79,-85.46,177.93
52.383156,-1.526137,150.56,16.92,3,129.53,20 / 20,1122529,2019-09-06 18:34:49:211,-0.4904,1.1401,9.9532,-0.0201,0.0141,9.8066,0.1171,-0.0023,0.086,-23.62,-28.75,28.56,315.7,-85.51,177.81
52.383156,-1.526137,150.56,16.92,3,129.53,20 / 20,1122629,2019-09-06 18:34:49:311,-0.7308,0.2083,10.3373,-0.0024,-0.0038,9.8066,0.1142,0.0308,-0.0272,-23.87,-28.94,28.63,316.43,-85.34,178.61
52.383156,-1.526137,150.56,16.92,3,129.53,20 / 20,1122728,2019-09-06 18:34:49:410,0.2048,1.0866,10.9014,0.0067,-0.0343,9.8065,0.0505,0.0276,-0.0271,-24,-28.19,29.31,318.17,-85.27,-179.77
52.383156,-1.526137,150.56,16.92,3,129.53,20 / 20,1122828,2019-09-06 18:34:49:510,-0.5165,-0.1511,9.7099,-0.0439,0.0236,9.8065,0.0421,-0.0678,0.1186,-24.56,-28.5,29,319.64,-85.44,-177.34
52.383156,-1.526137,150.56,16.92,3,129.53,20 / 20,1122929,2019-09-06 18:34:49:611,-0.3373,0.2283,8.9942,0.009,-0.0128,9.8065,-0.1914,-0.0066,0.0088,-24,-28.69,29.13,322.58,-85.46,-175.6
52.383156,-1.526137,150.56,16.92,3,129.53,20 / 20,1123028,2019-09-06 18:34:49:710,-0.9627,1.6224,9.9658,0.0256,-0.029,9.8065,-0.0519,-0.035,-0.0255,-24.94,-29.25,29.31,322.13,-85.45,-174.9
52.383156,-1.526137,150.56,16.92,3,129.53,20 / 20,1123129,2019-09-06 18:34:49:811,-0.0147,0.3837,10.347,-0.0117,-0.0131,9.8066,0.0005,-0.0061,0.0382,-24.31,-28.81,29.69,327.26,-85.65,-172.23
52.383156,-1.526137,150.56,16.92,3,129.53,20 / 20,1123229,2019-09-06 18:34:49:911,-1.3673,0.4709,9.8624,-0.0055,-0.0212,9.8066,-0.0825,-0.0285,0.0465,-24.94,-27.75,28.69,327.45,-85.56,-169.96
52.383156,-1.526137,150.56,16.92,3,129.53,20 / 20,1123328,2019-09-06 18:34:50:010,-0.3594,1.2836,9.4519,-0.0277,0.0123,9.8066,-0.1554,-0.0053,-0.0456,-24.75,-29.19,29.31,328.53,-85.72,-168.94
52.383156,-1.526137,150.56,16.92,3,129.53,20 / 20,1123429,2019-09-06 18:34:50:111,0.2248,-0.2325,9.4448,-0.0314,0.025,9.8065,0.1799,-0.0586,0.0891,-24.31,-28.81,29.31,331.19,-85.8,-167.58
52.383156,-1.526137,150.56,16.92,3,129.53,20 / 20,1123528,2019-09-06 18:34:50:210,-0.3528,-0.2224,10.5555,0.0137,-0.0158,9.8066,0.2249,-0.0596,0.0375,-24.56,-28.56,28.69,331.17,-85.84,-166.48
52.383156,-1.526137,150.56,16.92,3,129.53,20 / 20,1123628,2019-09-06 18:34:50:310,0.2869,0.3652,10.1471,0.0013,-0.0145,9.8065,-0.06,-0.1081,0.0315,-24.75,-29,29.44,331.04,-85.7,-166.55
52.383156,-1.526137,150.56,16.92,3,129.53,20 / 20,1123729,2019-09-06 18:34:50:411,0.2847,0.5104,9.6145,-0.0139,-0.0082,9.8066,-0.108,0.0027,-0.0128,-25,-28.81,28.94,333.18,-85.54,-164.46
52.383156,-1.526137,150.56,16.92,3,129.53,20 / 20,1123829,2019-09-06 18:34:50:511,-0.2021,0.9726,9.8105,-0.026,-0.0036,9.8066,0.084,0.0075,0.0942,-24.56,-28.87,28.94,336.58,-85.47,-161.23
52.383156,-1.526137,150.56,16.92,3,129.53,20 / 20,1123928,2019-09-06 18:34:50:610,-0.1629,0.4243,9.4174,0.0001,0.0009,9.8066,-0.01,0.0368,-0.0342,-24.87,-29.62,29.56,338.41,-85.53,-160.47
52.383156,-1.526137,150.56,16.92,3,129.53,20 / 20,1124029,2019-09-06 18:34:50:711,-0.2955,0.0695,9.7468,0.0084,-0.0101,9.8066,0.0058,0.0223,0.0004,-24.87,-29,28.81,337.84,-85.57,-160.07
52.383156,-1.526137,150.56,16.92,3,129.53,20 / 20,1124129,2019-09-06 18:34:50:811,-0.5166,0.2336,9.8913,0.0059,-0.0005,9.8066,0.0155,0.0061,-0.0241,-25,-29.06,28.56,337.82,-85.58,-160.09
52.383156,-1.526137,150.56,16.92,3,129.53,20 / 20,1124229,2019-09-06 18:34:50:911,0.3569,0.1111,9.3391,0.0063,-0.0092,9.8066,0.0124,0.0005,0.0217,-24.94,-28.87,28.69,337,-85.64,-160.89
52.383156,-1.526137,150.56,16.92,3,129.53,20 / 20,1124328,2019-09-06 18:34:51:010,-0.0794,0.4058,9.7831,-0.0043,0.0038,9.8066,0.021,0.0205,-0.0207,-24.75,-28.62,28.56,337.05,-85.66,-160.84
52.383156,-1.526137,150.56,16.92,3,129.53,20 / 20,1124428,2019-09-06 18:34:51:110,0.331,1.2805,10.2242,-0.0084,0.0051,9.8066,0.0708,-0.0684,0.086,-24.62,-29.06,28.75,337.56,-85.61,-160.35
52.383156,-1.526137,150.56,16.92,3,129.53,20 / 20,1124528,2019-09-06 18:34:51:210,0.1873,0.5011,9.8566,-0.0177,-0.0014,9.8066,-0.0234,0.0371,0.007,-25.62,-29.87,28.75,339.08,-85.62,-157.78
52.383156,-1.526137,150.56,16.92,3,129.53,20 / 20,1124628,2019-09-06 18:34:51:310,-0.3532,-0.1209,10.21,-0.0048,-0.0206,9.8066,-0.0868,0.0711,-0.0643,-25,-30,28.13,342.3,-85.59,-154.82
52.383156,-1.526137,150.56,16.92,3,129.53,20 / 20,1124728,2019-09-06 18:34:51:410,-1.2658,0.6054,9.5235,-0.0044,0.0161,9.8066,-0.0328,-0.1001,0.0782,-25.12,-29.75,28.75,343.38,-85.73,-154.86
52.383156,-1.526137,150.56,16.92,3,129.53,20 / 20,1124829,2019-09-06 18:34:51:511,-0.5616,0.2372,9.8226,0.0182,-0.0021,9.8066,-0.0036,-0.0447,0.0524,-25.12,-28.69,29.13,343.19,-85.61,-155.04
52.383156,-1.526137,150.56,16.92,3,129.53,20 / 20,1124929,2019-09-06 18:34:51:611,0.4805,0.9134,9.8282,-0.013,-0.0119,9.8066,0.0467,0.1019,-0.0113,-25.75,-28.87,28.31,342.83,-85.59,-153.25
52.383156,-1.526137,150.56,16.92,3,129.53,20 / 20,1125029,2019-09-06 18:34:51:711,-0.611,0.0393,10.5117,-0.0095,-0.0187,9.8065,-0.0563,0.0644,-0.0405,-25.44,-28.37,28.81,346.14,-85.56,-152.28
52.383156,-1.526137,150.56,16.92,3,129.53,20 / 20,1125129,2019-09-06 18:34:51:811,0.7899,2.4307,9.6605,0.0383,-0.0348,9.8065,-0.1841,-0.0803,0.0691,-25.37,-28.75,28.56,346.7,-85.31,-151.68
52.383156,-1.526137,150.56,16.92,3,129.53,20 / 20,1125229,2019-09-06 18:34:51:911,-1.3746,-0.7235,9.5335,-0.0082,0.003,9.8066,-0.017,0.1141,-0.0426,-25.56,-29.06,28.63,347.89,-85.4,-149.47
52.383156,-1.526137,150.56,16.92,3,129.53,20 / 20,1125329,2019-09-06 18:34:52:011,-0.1319,0.6632,9.6331,-0.0072,0.002,9.8066,0.0161,-0.0352,0.0893,-25.5,-28.56,29.25,348.41,-85.46,-150.1
52.383156,-1.526137,150.56,16.92,3,129.53,20 / 20,1125429,2019-09-06 18:34:52:111,-0.3333,-1.3027,9.89,0.0025,0.0051,9.8066,0.1217,-0.1076,0.1036,-25.06,-30.12,29.88,350.39,-85.38,-149.18
52.383156,-1.526137,150.56,16.92,3,129.53,20 / 20,1125529,2019-09-06 18:34:52:211,0.1744,2.2178,10.8594,0.0026,-0.0196,9.8066,0.0359,-0.0553,0.0786,-25.5,-29.94,29.19,350.42,-85.25,-148.17
52.383156,-1.526137,150.56,16.92,3,129.53,20 / 20,1125628,2019-09-06 18:34:52:310,-1.0837,-0.6964,9.5321,0.0029,-0.029,9.8066,-0.1138,0.092,-0.0895,-25.31,-29.5,29.19,350.57,-85.4,-148.07
52.383156,-1.526137,150.56,16.92,3,129.53,20 / 20,1125729,2019-09-06 18:34:52:411,-1.2741,1.4012,10.2013,0.0187,0.008,9.8066,0.2077,0.0455,-0.0587,-25.62,-29.44,29.13,348.46,-85.38,-148.94
52.383156,-1.526137,150.56,16.92,3,129.53,20 / 20,1125829,2019-09-06 18:34:52:511,-1.4066,0.9412,8.9815,-0.0239,0.0529,9.8064,0.1431,-0.1183,0.1047,-24.81,-28.44,29.31,351.14,-85.49,-147.56
52.383156,-1.526137,150.56,16.92,3,129.53,20 / 20,1125928,2019-09-06 18:34:52:610,-0.0452,1.6533,10.5552,-0.0424,0.006,9.8065,0.032,0.1131,-0.0338,-25.5,-28.69,28.06,352.1,-85.39,-145.62
52.383156,-1.526137,150.56,16.92,3,129.53,20 / 20,1126028,2019-09-06 18:34:52:710,3.538,1.7777,9.7751,-0.0083,-0.0264,9.8066,0.1382,0.2308,-0.1571,-24.44,-29.12,29.06,355.72,-85.33,-144.39
52.383156,-1.526137,150.56,16.92,3,129.53,20 / 20,1126129,2019-09-06 18:34:52:811,-1.0289,-2.5836,10.116,0.038,-0.008,9.8065,0.0727,-0.2835,0.1569,-25.19,-29.69,28.31,351.03,-85.28,-146.59
52.383156,-1.526137,150.56,16.92,3,129.53,20 / 20,1126229,2019-09-06 18:34:52:911,1.5718,1.613,9.609,0.0174,0.0082,9.8066,-0.1647,-0.2397,0.1356,-24.75,-29.12,28.69,353.89,-85.16,-144.94
52.383156,-1.526137,150.56,16.92,3,129.53,20 / 20,1126329,2019-09-06 18:34:53:011,0.8906,1.5104,9.3619,0.0001,-0.0307,9.8065,-0.1115,0.1639,-0.104,-25,-29.44,28.06,353.58,-85.15,-144.21
52.383156,-1.526137,150.56,16.92,3,129.53,21 / 21,1126428,2019-09-06 18:34:53:110,-3.1021,-0.4138,9.0068,-0.0406,-0.0083,9.8065,-0.0082,0.1465,-0.2054,-25.44,-29,29.25,357.17,-85.29,-141.88
52.383156,-1.526137,150.56,16.92,3,129.53,21 / 21,1126528,2019-09-06 18:34:53:210,-1.4062,0.2441,10.0365,-0.0165,0.0622,9.8064,-0.056,0.0899,-0.1102,-25.94,-29.56,28.25,353.15,-85.45,-143.52
52.383156,-1.526137,150.56,16.92,3,129.53,21 / 21,1126629,2019-09-06 18:34:53:311,0.132,0.9764,9.7772,0.0306,-0.0063,9.8065,-0.0297,-0.1799,0.0838,-25.12,-29.31,28.94,355.29,-85.37,-143.64
52.383156,-1.526137,150.56,16.92,3,129.53,21 / 21,1126729,2019-09-06 18:34:53:411,-1.1174,2.892,9.8336,0.0142,-0.0274,9.8065,-0.0579,-0.2214,0.09,-25.19,-29.25,28.69,354.24,-85.25,-144.61
52.383156,-1.526137,150.56,16.92,3,129.53,21 / 21,1126829,2019-09-06 18:34:53:511,-2.1477,1.0083,9.5358,-0.0236,0.0105,9.8066,-0.0194,-0.0207,-0.002,-25.75,-29.5,28.31,353.67,-85.35,-143.04
52.383156,-1.526137,150.56,16.92,3,129.53,21 / 21,1126929,2019-09-06 18:34:53:611,-1.3016,2.4039,10.2658,-0.0146,-0.0087,9.8066,-0.1289,0.0617,-0.05,-24.87,-29.87,28.56,356.6,-85.28,-142.41
52.383156,-1.526137,150.56,16.92,3,129.53,21 / 21,1127028,2019-09-06 18:34:53:710,-2.4814,0.8615,9.5994,-0.0218,-0.0032,9.8066,0.0747,0.048,-0.0425,-25.44,-29.37,28.69,359.66,-85.32,-139.56
52.383156,-1.526137,150.56,16.92,3,129.53,21 / 21,1127129,2019-09-06 18:34:53:811,-0.4949,-0.0606,9.4068,-0.0039,0.0048,9.8066,-0.0913,-0.0415,0.0605,-25.69,-28.19,29.31,357.76,-85.24,-140.22
52.383156,-1.526137,150.56,16.92,3,129.53,21 / 21,1127229,2019-09-06 18:34:53:911,-0.6323,1.6904,9.9775,-0.0002,-0.0262,9.8066,0.0565,0.0954,0.0004,-25.62,-28.69,29.06,358.38,-85.17,-139.63
52.383156,-1.526137,150.56,16.92,3,129.53,21 / 21,1127329,2019-09-06 18:34:54:011,-0.4167,1.5973,9.4973,-0.004,0.0308,9.8066,-0.1321,-0.089,0.0407,-26,-28.25,28.63,358.9,-85.16,-139.15
52.382244,-1.524545,148.58,14.14,3,135.29,20 / 21,1127429,2019-09-06 18:34:54:111,-1.4743,0.5975,9.8667,-0.0224,0.0002,9.8066,0.1034,-0.0997,-0.0964,-25.5,-27.87,28.5,1.26,-85.02,-138.06
52.382244,-1.524545,148.58,14.14,3,135.29,20 / 21,1127528,2019-09-06 18:34:54:210,-1.0652,1.0728,10.1016,-0.0082,0.0086,9.8066,-0.015,0.0212,0.0327,-25.06,-28.37,28.94,0.39,-85.16,-138.87
52.382244,-1.524545,148.58,14.14,3,135.29,20 / 21,1127629,2019-09-06 18:34:54:311,-0.9888,0.4511,9.9916,-0.0012,-0.0121,9.8066,-0.0064,-0.0515,-0.0896,-25.12,-27.87,29,0.43,-85.1,-138.83
52.382244,-1.524545,148.58,14.14,3,135.29,20 / 21,1127728,2019-09-06 18:34:54:410,-1.6727,-0.06,9.8833,0.0039,0.0077,9.8066,-0.0117,-0.0527,0.0061,-24.25,-28.75,29.31,2.08,-84.98,-138.46
52.382244,-1.524545,148.58,14.14,3,135.29,20 / 21,1127829,2019-09-06 18:34:54:511,-1.3747,0.3789,9.4452,-0.0111,0.0237,9.8065,0.0899,0.066,0.1263,-23.94,-28.06,29.13,1.62,-85.16,-138.88
52.382244,-1.524545,148.58,14.14,3,135.29,20 / 21,1127928,2019-09-06 18:34:54:610,-1.6293,1.0257,10.2915,0.0137,-0.0288,9.8066,-0.0762,-0.1409,-0.0285,-23.19,-29.37,29.63,3.79,-85.02,-139
52.382244,-1.524545,148.58,14.14,3,135.29,20 / 21,1128028,2019-09-06 18:34:54:710,-0.8053,2.3967,10.225,0.0159,-0.0208,9.8066,-0.0664,-0.0179,-0.1798,-24,-28.81,29.38,2.4,-85,-138.16
52.382244,-1.524545,148.58,14.14,3,135.29,20 / 21,1128128,2019-09-06 18:34:54:810,-0.7425,1.677,9.9803,0.003,0.0093,9.8066,0.0165,0.0501,0.1567,-24.19,-28.25,29.44,1.31,-85.16,-139.16
52.382244,-1.524545,148.58,14.14,3,135.29,20 / 21,1128228,2019-09-06 18:34:54:910,-2.859,0.848,9.7566,0.003,0.0062,9.8066,0,-0.1229,0.0519,-23.12,-28.12,29.25,2.96,-85.26,-138.82
52.382244,-1.524545,148.58,14.14,3,135.29,20 / 21,1128329,2019-09-06 18:34:55:011,-0.4889,0.947,10.2133,0.0102,0.0356,9.8065,0.02,-0.0108,-0.1447,-23.37,-28.81,29.44,3.35,-85.2,-138.46
52.382244,-1.524545,148.58,14.14,3,135.29,20 / 20,1128428,2019-09-06 18:34:55:110,-1.0302,-0.1626,10.1176,0.0046,0.0172,9.8066,0.1579,-0.0271,0.1289,-23.19,-28.69,29.5,1.19,-85.6,-141.41
52.382244,-1.524545,148.58,14.14,3,135.29,20 / 20,1128529,2019-09-06 18:34:55:211,1.2704,2.2886,10.5959,-0.0083,-0.0081,9.8066,0.0558,0.1005,-0.1602,-23.19,-29.31,28.75,359.38,-85.37,-142.16
52.382244,-1.524545,148.58,14.14,3,135.29,20 / 20,1128628,2019-09-06 18:34:55:310,-1.4227,-0.4005,10.6906,-0.0035,-0.0073,9.8066,0.1408,-0.147,0.1391,-23.75,-29.75,29.81,357.7,-85.24,-143.48
52.382244,-1.524545,148.58,14.14,3,135.29,20 / 20,1128729,2019-09-06 18:34:55:411,-0.3921,0.4935,9.9937,0.0033,-0.0057,9.8065,0.0799,-0.05,-0.0407,-23.19,-30,29.88,359.52,-85.02,-142.97
52.382244,-1.524545,148.58,14.14,3,135.29,20 / 20,1128828,2019-09-06 18:34:55:510,-0.9477,0.0153,8.4113,-0.008,0.0178,9.8066,0,-0.0544,-0.049,-22.87,-29.56,30,358.9,-84.98,-143.55
52.382244,-1.524545,148.58,14.14,3,135.29,20 / 20,1128929,2019-09-06 18:34:55:611,-1.2862,1.7979,9.719,-0.0139,0.0171,9.8066,-0.1595,0.013,-0.0087,-23.12,-30,28.94,0.44,-85.27,-141.17
52.382244,-1.524545,148.58,14.14,3,135.29,20 / 20,1129029,2019-09-06 18:34:55:711,-1.0192,1.3142,9.7734,0.0109,0.014,9.8066,-0.0711,0.0075,0.0651,-23.37,-30.37,28.94,3.23,-85.69,-138.56
52.382244,-1.524545,148.58,14.14,3,135.29,20 / 20,1129128,2019-09-06 18:34:55:810,-0.4175,0.5376,8.9817,-0.0158,-0.0014,9.8066,-0.0402,0.0251,-0.0888,-23.19,-29.69,28.69,6.39,-85.88,-135.58
52.382244,-1.524545,148.58,14.14,3,135.29,20 / 20,1129229,2019-09-06 18:34:55:911,0.6697,1.2917,10.4721,-0.0029,0.0018,9.8066,0.0135,0.011,0.052,-24.06,-30.56,28.88,4.32,-85.77,-136.34
52.382244,-1.524545,148.58,14.14,3,135.29,20 / 20,1129329,2019-09-06 18:34:56:011,-0.9527,0.7367,10.0885,0.0038,-0.0087,9.8066,0.0257,0.0285,0.0094,-23.87,-30.75,29.44,3.5,-85.59,-137.12
52.382244,-1.524545,148.58,14.14,3,135.29,21 / 21,1129429,2019-09-06 18:34:56:111,-0.4261,0.9017,10.0282,-0.0003,0.0008,9.8066,0.081,-0.0442,-0.0236,-23.81,-30.25,29.13,2.49,-85.56,-138.06
52.382244,-1.524545,148.58,14.14,3,135.29,21 / 21,1129528,2019-09-06 18:34:56:210,-1.4924,1.41,10.1749,0.0184,0.0009,9.8065,0.0028,0.0845,-0.0435,-24.25,-30.94,29.81,3.2,-85.41,-138.36
52.382244,-1.524545,148.58,14.14,3,135.29,21 / 21,1129628,2019-09-06 18:34:56:310,-1.877,1.4355,9.1534,0.004,0.0053,9.8066,0.0797,0.031,0.065,-23.87,-29.94,29.06,358.12,-85.57,-142.14
52.382244,-1.524545,148.58,14.14,3,135.29,21 / 21,1129729,2019-09-06 18:34:56:411,-0.861,0.8269,8.8825,-0.0055,0.0396,9.8065,-0.0419,-0.0277,0.08,-23.56,-29.56,29,0.04,-85.72,-140.35
52.382244,-1.524545,148.58,14.14,3,135.29,21 / 21,1129829,2019-09-06 18:34:56:511,-0.7991,2.3004,8.6392,-0.0066,-0.0158,9.8066,-0.1622,0.1179,-0.0626,-24.19,-30.37,29.19,1.62,-85.76,-138.87
52.382244,-1.524545,148.58,14.14,3,135.29,21 / 21,1129929,2019-09-06 18:34:56:611,-0.4524,1.4921,9.7615,-0.0365,0.0291,9.8065,0.0766,0.1444,-0.0614,-24.12,-29.94,29,6.21,-85.97,-134.54
52.382244,-1.524545,148.58,14.14,3,135.29,21 / 21,1130029,2019-09-06 18:34:56:711,-1.6965,0.8227,10.3092,-0.0205,0.0335,9.8065,0.1576,-0.0555,0.1102,-25,-29.87,29.5,5.66,-86.08,-134.84
52.382244,-1.524545,148.58,14.14,3,135.29,21 / 21,1130129,2019-09-06 18:34:56:811,-1.1998,0.1339,10.5923,0.0313,-0.0363,9.8065,-0.0295,-0.0858,0.0435,-24.19,-30.44,29.25,7.58,-85.94,-133.26
52.382244,-1.524545,148.58,14.14,3,135.29,21 / 21,1130228,2019-09-06 18:34:56:910,0.5871,1.7081,9.5078,0.0076,-0.0159,9.8066,0.0544,0.1038,-0.1201,-25.12,-30,28.94,4.57,-85.75,-134.94
52.382244,-1.524545,148.58,14.14,3,135.29,21 / 21,1130328,2019-09-06 18:34:57:010,-1.0942,0.8461,9.9824,-0.0194,0.0082,9.8065,-0.0725,0.1346,-0.0296,-24.69,-29.94,29.13,5.48,-85.9,-134.08
52.382244,-1.524545,148.58,14.14,3,135.29,20 / 20,1130429,2019-09-06 18:34:57:111,-1.0107,2.328,9.4327,0.0076,-0.0009,9.8066,0.1162,0.0417,0.0251,-24.56,-29.62,28.88,4.96,-85.95,-134.56
52.382244,-1.524545,148.58,14.14,3,135.29,20 / 20,1130529,2019-09-06 18:34:57:211,-0.5541,1.7113,9.6099,-0.0314,0.0398,9.8064,0.129,-0.0058,-0.0326,-24.56,-29,28.25,4.18,-85.97,-134.3
52.382244,-1.524545,148.58,14.14,3,135.29,20 / 20,1130628,2019-09-06 18:34:57:310,-1.6562,2.7179,10.1672,-0.0163,0.0234,9.8065,-0.0249,0.0177,-0.0498,-24.06,-28.87,28.31,7.98,-86.19,-131.85
52.382244,-1.524545,148.58,14.14,3,135.29,20 / 20,1130729,2019-09-06 18:34:57:411,-1.5893,1.6451,9.8982,0.0018,0.0137,9.8066,0.0921,0.0037,0.0961,-24.5,-29.5,28.75,7.87,-86.37,-132.91
52.382244,-1.524545,148.58,14.14,3,135.29,20 / 20,1130829,2019-09-06 18:34:57:511,-1.0327,1.555,9.7941,-0.0096,0.0059,9.8066,0.0315,0.0193,-0.051,-24.44,-29.44,28.63,8.34,-86.35,-132.48
52.382244,-1.524545,148.58,14.14,3,135.29,20 / 20,1130929,2019-09-06 18:34:57:611,-0.3638,1.3679,10.1646,0.022,-0.0181,9.8066,-0.0327,0.0269,0.0396,-24.56,-30,28.13,4.01,-86.23,-134.45
52.382244,-1.524545,148.58,14.14,3,135.29,20 / 20,1131028,2019-09-06 18:34:57:710,-0.7053,1.7233,10.0987,0.018,-0.0145,9.8066,-0.066,0.0485,0.0631,-24,-29.62,28.56,7.63,-86.39,-133.16
52.382244,-1.524545,148.58,14.14,3,135.29,20 / 20,1131128,2019-09-06 18:34:57:810,-0.5807,0.9369,9.6006,-0.0128,0.01,9.8066,0.0357,0.0201,-0.0308,-24.62,-29.81,28,6.56,-86.31,-132.03
52.382244,-1.524545,148.58,14.14,3,135.29,20 / 20,1131229,2019-09-06 18:34:57:911,-0.5288,1.3229,9.8158,-0.0042,0.0059,9.8066,0.1078,0.0372,-0.0067,-24.19,-29.44,27.94,8.79,-86.36,-131.07
52.382244,-1.524545,148.58,14.14,3,135.29,20 / 20,1131329,2019-09-06 18:34:58:011,0.1256,2.481,9.5438,0.0034,0.002,9.8066,0.0982,-0.0508,0.115,-25.12,-28.81,28.13,4.58,-86.24,-133.9
52.382244,-1.524545,148.58,14.14,3,135.29,21 / 21,1131428,2019-09-06 18:34:58:110,-0.5398,2.0008,9.5887,-0.0088,-0.0041,9.8065,-0.0669,0.1052,-0.0656,-25,-29.12,28.31,5.28,-86.06,-133.26
52.382244,-1.524545,148.58,14.14,3,135.29,21 / 21,1131528,2019-09-06 18:34:58:210,0.3113,1.7577,9.807,-0.0282,0.0126,9.8066,0.0784,0.0734,-0.0388,-24.62,-28.44,28.38,8.7,-86.24,-129.98
52.382244,-1.524545,148.58,14.14,3,135.29,21 / 21,1131628,2019-09-06 18:34:58:310,-0.8364,0.9764,10.343,-0.0134,0.026,9.8065,0.038,-0.0252,-0.0152,-24.5,-29.5,27.94,11.87,-86.31,-128.15
52.382244,-1.524545,148.58,14.14,3,135.29,21 / 21,1131731,2019-09-06 18:34:58:413,-1.1528,1.6003,9.9143,0.0081,0.0033,9.8066,0.0248,0.0338,0.0247,-24.19,-29.31,28.13,11.86,-86.42,-128.14
52.382244,-1.524545,148.58,14.14,3,135.29,21 / 21,1131829,2019-09-06 18:34:58:511,-0.8868,1.4349,9.754,0.0051,-0.0029,9.8066,0.0319,0.0115,0.0106,-24.94,-29.5,29.13,10.58,-86.51,-129.16
52.382244,-1.524545,148.58,14.14,3,135.29,21 / 21,1131928,2019-09-06 18:34:58:610,-0.356,1.6406,9.2942,-0.0141,0.0222,9.8065,0.0028,0.0351,-0.0518,-24.62,-29.62,28.75,11.76,-86.61,-128.04
52.382244,-1.524545,148.58,14.14,3,135.29,21 / 21,1132029,2019-09-06 18:34:58:711,-0.7802,1.5495,9.5222,-0.0011,0.013,9.8066,0.0514,0.0158,0.0556,-25.31,-28.56,28.38,10.49,-86.7,-128.24
52.382244,-1.524545,148.58,14.14,3,135.29,21 / 21,1132129,2019-09-06 18:34:58:811,-0.8303,1.5458,9.6809,-0.0133,0.0225,9.8066,0.052,-0.0193,0.0027,-25.19,-28.5,28.13,12.14,-86.83,-126.62
52.382244,-1.524545,148.58,14.14,3,135.29,21 / 21,1132229,2019-09-06 18:34:58:911,-0.1081,1.3807,9.8848,-0.0198,0.0105,9.8065,-0.0209,-0.044,0.0626,-24.69,-28.94,27.56,13.42,-86.81,-125.41
52.382244,-1.524545,148.58,14.14,3,135.29,21 / 21,1132329,2019-09-06 18:34:59:011,-1.1652,1.3606,10.8057,0.0149,-0.0232,9.8065,0.0755,-0.0038,0.0004,-25.62,-29.12,27.63,12.14,-86.88,-125.5
52.382244,-1.524545,148.58,14.14,3,135.29,21 / 21,1132428,2019-09-06 18:34:59:110,-0.2603,0.9309,10.3257,-0.0027,0.002,9.8066,0.1435,0.0634,-0.0101,-24.62,-29.44,28.13,12.57,-86.81,-126.22
52.382244,-1.524545,148.58,14.14,3,135.29,21 / 21,1132529,2019-09-06 18:34:59:211,-0.2032,1.1308,9.6348,0.0132,-0.0205,9.8065,-0.0589,0.0212,-0.012,-24.62,-29.06,28.13,10.57,-86.68,-128.16
52.382244,-1.524545,148.58,14.14,3,135.29,21 / 21,1132628,2019-09-06 18:34:59:310,0.6468,1.0894,8.9378,0.0105,-0.0055,9.8066,0.0334,0.1074,-0.0114,-25.25,-28.81,28.19,12.9,-86.75,-125.92
52.382244,-1.524545,148.58,14.14,3,135.29,21 / 21,1132729,2019-09-06 18:34:59:411,-0.1236,1.8062,10.1342,-0.0261,-0.0024,9.8066,-0.1589,0.0656,-0.0865,-24.81,-29.69,28.44,13.66,-86.91,-125.18
52.382244,-1.524545,148.58,14.14,3,135.29,21 / 21,1132828,2019-09-06 18:34:59:510,-1.9007,1.2167,10.5711,-0.0023,0.0107,9.8066,-0.0863,-0.0375,0.021,-25.19,-28.56,27.94,19.52,-86.91,-119.54
52.382244,-1.524545,148.58,14.14,3,135.29,21 / 21,1132929,2019-09-06 18:34:59:611,-0.6706,0.6694,9.9421,-0.0045,0.0139,9.8066,0.0675,-0.0036,-0.0196,-25.19,-29,27.5,20.97,-87.06,-118.11
52.382244,-1.524545,148.58,14.14,3,135.29,21 / 21,1133030,2019-09-06 18:34:59:712,0.1847,1.1704,9.7034,0.0022,-0.0043,9.8066,-0.0678,0.0018,-0.0447,-24.62,-28.56,27.56,19.8,-87.05,-119.24
52.382244,-1.524545,148.58,14.14,3,135.29,21 / 21,1133128,2019-09-06 18:34:59:810,-0.6415,0.8076,10.3483,0.0283,-0.0216,9.8066,-0.0348,0.0377,0.0019,-24.56,-28.87,27.88,11.99,-87.14,-126.73
52.382244,-1.524545,148.58,14.14,3,135.29,21 / 21,1133228,2019-09-06 18:34:59:910,-0.8694,1.1986,9.8066,0.0321,-0.0245,9.8065,-0.0844,-0.0299,0.0119,-24.75,-29.75,27.75,9.97,-87.17,-128.67
52.382244,-1.524545,148.58,14.14,3,135.29,21 / 21,1133328,2019-09-06 18:35:00:010,-0.8669,1.0036,9.9395,-0.0178,0.0291,9.8065,-0.0023,0.0147,0.0005,-24.31,-30.62,28.13,12.63,-87.28,-127.28
52.382244,-1.524545,148.58,14.14,3,135.29,21 / 21,1133429,2019-09-06 18:35:00:111,-0.6599,1.0841,9.6765,-0.0218,0.0175,9.8066,-0.0019,0.0014,-0.0049,-24.25,-30,28,18.81,-87.49,-121.26
52.382244,-1.524545,148.58,14.14,3,135.29,21 / 21,1133529,2019-09-06 18:35:00:211,-0.51,1.049,10.0945,-0.0016,0.004,9.8066,0.0324,0.0071,-0.006,-24.56,-30.87,28.19,19.27,-87.59,-119.64
52.382244,-1.524545,148.58,14.14,3,135.29,21 / 21,1133628,2019-09-06 18:35:00:310,-0.7043,0.912,9.6244,0.0121,0.0043,9.8066,0.0159,0.0003,0.0124,-24.62,-29.81,27.88,18.23,-87.64,-120.61
52.382244,-1.524545,148.58,14.14,3,135.29,21 / 21,1133729,2019-09-06 18:35:00:411,-0.8017,1.3211,9.6831,-0.0088,0.0132,9.8066,-0.0117,0.0114,-0.0399,-24.56,-29.31,28,18.61,-87.73,-120.2
52.382244,-1.524545,148.58,14.14,3,135.29,21 / 21,1133828,2019-09-06 18:35:00:510,-0.7183,0.9736,9.7084,-0.0076,0.0111,9.8066,-0.031,0.0069,-0.0302,-24.44,-29.31,27.94,18.75,-87.75,-121.23
52.382244,-1.524545,148.58,14.14,3,135.29,21 / 21,1133929,2019-09-06 18:35:00:611,-0.8536,1.1631,10.3315,0.0014,-0.001,9.8066,0.0398,-0.0055,0.0244,-25.19,-29.25,28.13,17.74,-87.83,-121.02
52.382244,-1.524545,148.58,14.14,3,135.29,21 / 21,1134029,2019-09-06 18:35:00:711,-0.863,1.1413,10.1762,0.0024,0.0021,9.8066,-0.0151,-0.0204,-0.0086,-25.12,-29.69,27.75,17.26,-87.84,-121.5
52.382244,-1.524545,148.58,14.14,3,135.29,21 / 21,1134128,2019-09-06 18:35:00:810,-0.7107,0.9076,9.5723,-0.0101,0.0084,9.8066,0.0107,-0.0047,0.0199,-24.37,-29.37,27.88,21.44,-87.88,-118.58
52.382244,-1.524545,148.58,14.14,3,135.29,21 / 21,1134228,2019-09-06 18:35:00:910,-0.9316,1.2289,9.8062,-0.0091,0.0032,9.8065,-0.0221,0.0102,0.0082,-24.62,-29.44,27.56,22.84,-87.87,-116.05
52.382244,-1.524545,148.58,14.14,3,135.29,21 / 21,1134328,2019-09-06 18:35:01:010,-1.1122,1.328,10.0049,-0.0109,0.0095,9.8066,0.0355,0.0038,0.0067,-25,-29.44,27.81,27.62,-87.88,-111.39
52.382244,-1.524545,148.58,14.14,3,135.29,21 / 21,1134429,2019-09-06 18:35:01:111,-0.7557,0.8483,9.9854,-0.0085,0.0126,9.8066,-0.0313,0.015,-0.0089,-25.12,-29.19,27.94,29.87,-87.92,-109.18
52.382244,-1.524545,148.58,14.14,3,135.29,21 / 21,1134529,2019-09-06 18:35:01:211,-0.5642,0.5335,9.5707,0.0082,-0.0015,9.8066,0.0095,-0.0127,0.0269,-24.62,-28.81,27.44,27.8,-87.97,-110.16
52.382244,-1.524545,148.58,14.14,3,135.29,21 / 21,1134629,2019-09-06 18:35:01:311,-0.7644,0.842,9.8606,0.0036,-0.0055,9.8066,-0.014,-0.0096,0.005,-24.81,-28.94,27.63,29.56,-87.96,-109.47
52.382244,-1.524545,148.58,14.14,3,135.29,21 / 21,1134728,2019-09-06 18:35:01:410,-0.7137,0.8319,10.0319,-0.0058,0.0087,9.8066,-0.0046,-0.0003,-0.0121,-24.44,-28.25,27.88,32,-87.98,-108.23
52.382244,-1.524545,148.58,14.14,3,135.29,21 / 21,1134829,2019-09-06 18:35:01:511,-0.7077,0.8162,10.1799,-0.0041,0.0045,9.8066,0.0108,0.0017,0.0032,-25,-29.69,28.06,33.99,-88.02,-105.15
52.382244,-1.524545,148.58,14.14,3,135.29,21 / 21,1134929,2019-09-06 18:35:01:611,-0.5172,0.5824,9.8125,0.0066,-0.0025,9.8066,-0.0097,-0.001,0.0044,-25.25,-29.44,28,33.17,-88.04,-105.92
52.382244,-1.524545,148.58,14.14,3,135.29,21 / 21,1135028,2019-09-06 18:35:01:710,-0.6446,0.6582,9.8036,0.0018,0.0008,9.8066,-0.0088,0.0017,0.0083,-24.81,-29.37,27.69,33.93,-88.07,-105.16
52.382244,-1.524545,148.58,14.14,3,135.29,21 / 21,1135129,2019-09-06 18:35:01:811,-0.5019,0.8315,9.9965,0.0011,0.0013,9.8066,-0.0071,-0.0114,-0.0339,-24.94,-29.31,27.56,36.67,-88.13,-102.45
52.382244,-1.524545,148.58,14.14,3,135.29,21 / 21,1135229,2019-09-06 18:35:01:911,-0.5048,0.6991,10.0472,0.0044,0.0014,9.8066,0.0039,0.0098,-0.006,-25,-29,27.25,36.17,-88.18,-101.89
52.382244,-1.524545,148.58,14.14,3,135.29,21 / 21,1135328,2019-09-06 18:35:02:010,-0.5555,0.438,9.6103,-0.0036,0.0076,9.8066,0.0149,0.0029,0.0292,-24.12,-28.56,27.25,38.57,-88.21,-100.71
52.382244,-1.524545,148.58,14.14,3,135.29,21 / 21,1135428,2019-09-06 18:35:02:110,-0.228,0.3134,9.719,-0.0042,0.0011,9.8066,-0.022,0.0072,0.0023,-25.12,-29,27.19,39.87,-88.22,-98.24
52.382244,-1.524545,148.58,14.14,3,135.29,21 / 21,1135529,2019-09-06 18:35:02:211,-0.319,0.4978,9.9087,-0.0078,0.0045,9.8066,0.024,0.0089,0.0122,-24.25,-28.62,27.31,45.08,-88.18,-94.33
52.382244,-1.524545,148.58,14.14,3,135.29,21 / 21,1135629,2019-09-06 18:35:02:311,-0.4599,0.3922,9.9102,-0.0029,0.0033,9.8066,0.0178,-0.0136,0.0192,-24.75,-29.37,27.5,47.1,-88.17,-92.19
52.382244,-1.524545,148.58,14.14,3,135.29,21 / 21,1135729,2019-09-06 18:35:02:411,-0.4704,0.3747,10.0308,0.0025,-0.0003,9.8066,0.0001,-0.0048,-0.0336,-25.44,-28.94,27.94,47.98,-88.14,-91.35
52.382244,-1.524545,148.58,14.14,3,135.29,21 / 21,1135828,2019-09-06 18:35:02:510,-0.0558,0.3979,9.6117,0.0039,0.002,9.8066,-0.0054,-0.0047,-0.008,-25.19,-29.75,27.94,50.08,-88.21,-89.27
52.382244,-1.524545,148.58,14.14,3,135.29,21 / 21,1135928,2019-09-06 18:35:02:610,0.1108,0.5051,9.7383,0.0042,0.0068,9.8066,-0.104,-0.0432,-0.0043,-25,-29.19,27.38,53.99,-88.25,-84.34
52.382244,-1.524545,148.58,14.14,3,135.29,21 / 21,1136029,2019-09-06 18:35:02:711,0.1606,1.0155,10.2527,0.0086,0.0045,9.8066,-0.1171,0.0145,-0.0172,-25.12,-28.62,27.5,59.56,-88.3,-79.82
52.382244,-1.524545,148.58,14.14,3,135.29,21 / 21,1136128,2019-09-06 18:35:02:810,-0.3075,0.3658,10.218,-0.0118,0.0104,9.8066,0.093,0.0186,0.0164,-25.25,-29.06,27.19,63.61,-88.31,-74.8
52.382244,-1.524545,148.58,14.14,3,135.29,21 / 21,1136228,2019-09-06 18:35:02:910,-0.2148,0.1213,9.9949,-0.0046,0.0071,9.8066,0.0605,0.0003,0.0107,-25.12,-28.87,27.38,62.51,-88.32,-75.88
52.382244,-1.524545,148.58,14.14,3,135.29,21 / 21,1136329,2019-09-06 18:35:03:011,-0.1462,0.1992,9.8362,0.0024,-0.0032,9.8066,-0.0084,-0.0167,0.017,-25.12,-28.62,27.19,61.75,-88.32,-76.63
52.381817,-1.523797,147.68,1.54,2,129.42,21 / 21,1136429,2019-09-06 18:35:03:111,-0.0307,0.0063,9.7157,-0.0014,-0.0005,9.8066,-0.0144,-0.0136,-0.0036,-24.94,-28.94,27.5,63.1,-88.29,-76.33
52.381817,-1.523797,147.68,1.54,2,129.42,21 / 21,1136528,2019-09-06 18:35:03:210,0.2121,-0.1221,9.8808,0.001,0.005,9.8066,0.0154,0.0084,-0.0075,-24.12,-29.06,26.63,65.08,-88.34,-74.5
52.381817,-1.523797,147.68,1.54,2,129.42,21 / 21,1136629,2019-09-06 18:35:03:311,-0.0125,0.137,9.9363,0.0022,0.0028,9.8066,0.0019,-0.0094,-0.0053,-24.25,-28.94,27.38,66.15,-88.38,-73.41
52.381817,-1.523797,147.68,1.54,2,129.42,21 / 21,1136729,2019-09-06 18:35:03:411,-0.2436,0.2012,9.8462,-0.0043,0.0062,9.8066,0.0013,-0.0036,0.0008,-24.44,-28.87,27,69.05,-88.38,-70.54
52.381817,-1.523797,147.68,1.54,2,129.42,21 / 21,1136829,2019-09-06 18:35:03:511,-0.0278,0.0982,9.8576,-0.0048,0.0079,9.8066,0.0058,0.0047,0.014,-24.56,-29.06,27.75,70.86,-88.38,-68.57
52.381817,-1.523797,147.68,1.54,2,129.42,21 / 21,1136929,2019-09-06 18:35:03:611,-0.313,0.06,10.0749,-0.0003,-0.0009,9.8066,0.0031,0.0124,-0.0049,-24.87,-29.06,27.31,71.41,-88.38,-67.01
52.381817,-1.523797,147.68,1.54,2,129.42,21 / 21,1137029,2019-09-06 18:35:03:711,-0.0057,-0.0838,9.8226,-0.0007,0.0042,9.8066,0.0231,-0.0015,0.0078,-24.87,-28.44,28,74.09,-88.37,-65.33
52.381817,-1.523797,147.68,1.54,2,129.42,21 / 21,1137129,2019-09-06 18:35:03:811,0.064,0.1946,9.8354,0.0013,-0.0019,9.8066,-0.0131,0.0075,-0.009,-25.12,-29,27.56,75.53,-88.37,-63.94
52.381817,-1.523797,147.68,1.54,2,129.42,21 / 21,1137229,2019-09-06 18:35:03:911,0.0791,0.0487,9.7632,0.0007,0.0023,9.8066,-0.0057,0.001,0.0008,-25.5,-29.62,27.63,77.73,-88.35,-61.8
52.381817,-1.523797,147.68,1.54,2,129.42,21 / 21,1137328,2019-09-06 18:35:04:010,-0.046,0.1876,9.9036,-0.007,0.0063,9.8066,0.0058,-0.0076,0.0159,-24.75,-29.12,27.63,80.37,-88.32,-59.15
52.381817,-1.523797,147.68,1.54,2,129.42,20 / 20,1137428,2019-09-06 18:35:04:110,0.0377,-0.1035,9.8252,-0.0038,0.0034,9.8066,-0.0062,-0.0071,0.0009,-25.19,-29.87,27.5,81.42,-88.28,-58.18
52.381817,-1.523797,147.68,1.54,2,129.42,20 / 20,1137529,2019-09-06 18:35:04:211,-0.1589,-0.0887,9.7924,-0.0029,0.0052,9.8066,0.0021,-0.0103,0.0024,-25.56,-29.25,27.75,80.96,-88.25,-57.48
52.381817,-1.523797,147.68,1.54,2,129.42,20 / 20,1137628,2019-09-06 18:35:04:310,-0.0153,-0.0422,9.7999,-0.0024,0.0043,9.8066,0.0017,-0.0078,0.0094,-24.75,-29.25,27.63,85.11,-88.22,-54.5
52.381817,-1.523797,147.68,1.54,2,129.42,20 / 20,1137730,2019-09-06 18:35:04:412,0.1078,-0.1654,9.7681,-0.0019,0.0032,9.8066,0.015,-0.0002,0.0054,-25.06,-28.81,27.06,85.93,-88.18,-52.7
52.381817,-1.523797,147.68,1.54,2,129.42,20 / 20,1137829,2019-09-06 18:35:04:511,0.0854,-0.0592,9.8356,-0.0015,0.0026,9.8066,0.0101,-0.0012,-0.0021,-25.31,-29.37,27.31,87.23,-88.17,-51.41
52.381817,-1.523797,147.68,1.54,2,129.42,20 / 20,1137929,2019-09-06 18:35:04:611,-0.1314,0.0287,9.9059,-0.0031,0.0031,9.8066,0.0015,-0.0104,-0.0052,-24.81,-29.06,27.19,88.92,-88.13,-49.76
52.381817,-1.523797,147.68,1.54,2,129.42,20 / 20,1138029,2019-09-06 18:35:04:711,0.0828,-0.1036,9.7289,-0.0028,0.0034,9.8066,-0.005,-0.0037,-0.0029,-25.06,-29.5,27.44,89.75,-88.11,-48.95
52.381817,-1.523797,147.68,1.54,2,129.42,20 / 20,1138128,2019-09-06 18:35:04:810,0.0626,-0.1611,9.7895,-0.0026,0.0019,9.8066,-0.0084,0.006,0.0083,-25.19,-29.44,27.06,91,-88.08,-47.72
52.381817,-1.523797,147.68,1.54,2,129.42,20 / 20,1138228,2019-09-06 18:35:04:910,0.1216,-0.0401,9.8326,-0.0039,0.0039,9.8066,0.0079,0.0063,0.0069,-24.75,-29.5,27.19,92.65,-88.03,-46.11
52.381817,-1.523797,147.68,1.54,2,129.42,20 / 20,1138328,2019-09-06 18:35:05:010,0.1371,-0.1217,10.0018,-0.0014,0.0007,9.8066,-0.0014,-0.0021,-0.0041,-25.06,-29.44,27.25,93.65,-87.99,-45.13
52.381817,-1.523797,147.68,1.54,2,129.42,20 / 20,1138428,2019-09-06 18:35:05:110,0.7027,-0.7559,9.7968,-0.0004,0.0018,9.8066,0.0043,-0.0057,-0.009,-25.19,-29.44,27,94.29,-87.98,-44.5
52.381817,-1.523797,147.68,1.54,2,129.42,20 / 20,1138529,2019-09-06 18:35:05:211,0.5423,-0.5606,9.8369,0.0003,-0.0022,9.8066,-0.0186,-0.0048,-0.0003,-25.56,-29.25,26.75,93.31,-87.97,-44.34
52.381817,-1.523797,147.68,1.54,2,129.42,20 / 20,1138628,2019-09-06 18:35:05:310,0.3165,-0.5516,9.6405,0.0003,-0.0009,9.8066,-0.0064,0.0116,0.0036,-24.69,-28.87,26.94,94.57,-87.96,-44.23
52.381817,-1.523797,147.68,1.54,2,129.42,20 / 20,1138729,2019-09-06 18:35:05:411,0.3692,-0.4653,9.8905,-0.0042,0.0051,9.8066,0.027,0.0022,0.012,-24.94,-28.87,26.81,95.13,-87.94,-43.69
52.381817,-1.523797,147.68,1.54,2,129.42,20 / 20,1138828,2019-09-06 18:35:05:510,0.5306,-0.5132,10.028,-0.0027,0.0019,9.8066,0.0216,-0.0016,-0.0065,-25.19,-29.44,27.13,96.04,-87.91,-42.8
52.381817,-1.523797,147.68,1.54,2,129.42,20 / 20,1138929,2019-09-06 18:35:05:611,0.3701,-0.425,9.8414,0.0009,-0.0004,9.8066,-0.0216,-0.0125,-0.0094,-24.94,-29.56,26.81,96.22,-87.92,-42.67
52.381817,-1.523797,147.68,1.54,2,129.42,20 / 20,1139028,2019-09-06 18:35:05:710,0.4094,-0.5028,9.8606,-0.0007,0.0023,9.8066,0.0034,0.0008,0.0063,-24.56,-29.56,27.13,97.21,-87.89,-41.69
52.381817,-1.523797,147.68,1.54,2,129.42,20 / 20,1139128,2019-09-06 18:35:05:810,0.4238,-0.479,10.0137,-0.0037,0.0029,9.8066,0.0149,-0.0062,0.0121,-25.37,-29.81,26.94,98.12,-87.86,-40.8
52.381817,-1.523797,147.68,1.54,2,129.42,20 / 20,1139228,2019-09-06 18:35:05:910,0.3561,-0.649,9.7611,-0.0037,0.0018,9.8066,-0.0114,-0.0048,-0.0108,-24.75,-29.25,27,98.3,-87.82,-40.6
52.381817,-1.523797,147.68,1.54,2,129.42,20 / 20,1139328,2019-09-06 18:35:06:010,0.3835,-0.5509,9.8453,-0.001,0.0019,9.8066,-0.0055,-0.0017,-0.0149,-24.56,-29.25,26.56,98.35,-87.82,-40.55
52.381817,-1.523797,147.68,1.54,2,129.42,21 / 21,1139429,2019-09-06 18:35:06:111,0.5589,-0.7235,9.7739,-0.0005,0.0024,9.8066,0.0105,-0.001,0.0102,-24.69,-29.31,26.94,99.24,-87.82,-39.65
52.381817,-1.523797,147.68,1.54,2,129.42,21 / 21,1139528,2019-09-06 18:35:06:210,0.3864,-0.5325,9.7964,-0.0034,0.0022,9.8066,0.0049,-0.003,0.0093,-24.94,-29.56,27.44,100.07,-87.78,-38.91
52.381817,-1.523797,147.68,1.54,2,129.42,21 / 21,1139629,2019-09-06 18:35:06:311,0.5974,-0.8332,9.6806,-0.0023,0.0013,9.8066,0.0098,0.001,-0.0099,-24.44,-29.69,27.75,102.42,-87.76,-38.76
52.381817,-1.523797,147.68,1.54,2,129.42,21 / 21,1139729,2019-09-06 18:35:06:411,0.4361,-0.492,9.9219,-0.0005,0.0013,9.8066,-0.0083,-0.0166,-0.0061,-25.06,-29.56,27.81,101.38,-87.75,-38.62
52.381817,-1.523797,147.68,1.54,2,129.42,21 / 21,1139828,2019-09-06 18:35:06:510,0.4002,-0.4216,9.98,-0.0001,0.0029,9.8066,0.0022,0.0142,0.0149,-25.12,-29.56,27.06,100.8,-87.75,-38.2
52.381817,-1.523797,147.68,1.54,2,129.42,21 / 21,1139929,2019-09-06 18:35:06:611,0.5964,-0.5408,9.9324,-0.0005,0.0004,9.8066,0.0062,-0.0052,0.0049,-25.56,-29.44,26.25,99.13,-87.73,-37.64
52.381817,-1.523797,147.68,1.54,2,129.42,21 / 21,1140028,2019-09-06 18:35:06:710,0.3392,-0.6745,9.7147,-0.0002,-0.0005,9.8066,-0.0103,-0.0144,-0.0237,-24.87,-29.19,26.75,101.09,-87.72,-37.87
52.381817,-1.523797,147.68,1.54,2,129.42,21 / 21,1140128,2019-09-06 18:35:06:810,0.6155,-0.766,9.7634,0.0001,0.0008,9.8066,0.0032,0.0089,0.0079,-25.31,-29.12,27.38,101.31,-87.72,-37.65
52.381817,-1.523797,147.68,1.54,2,129.42,21 / 21,1140229,2019-09-06 18:35:06:911,0.5602,-0.665,9.7963,0.0003,0.0016,9.8066,0.0061,0.0024,0.0212,-24.56,-29.19,26.19,100.72,-87.71,-37.2
52.381817,-1.523797,147.68,1.54,2,129.42,21 / 21,1140328,2019-09-06 18:35:07:010,0.3136,-0.6705,9.7406,0.0011,-0.0034,9.8066,-0.0089,-0.0035,-0.0141,-24.94,-29.69,27.13,101.46,-87.7,-37.57
52.381817,-1.523797,147.68,1.54,2,129.42,19 / 20,1140429,2019-09-06 18:35:07:111,0.6708,-0.7428,9.7776,0.0006,0,9.8066,-0.0065,-0.0135,-0.0024,-25.19,-29.69,27.5,102.38,-87.71,-37.64
52.381817,-1.523797,147.68,1.54,2,129.42,19 / 20,1140529,2019-09-06 18:35:07:211,0.3796,-0.5085,9.8315,0.0004,0.0014,9.8066,0.0253,0.0111,0.0213,-25.31,-29.69,27.44,102.01,-87.71,-37.02
52.381817,-1.523797,147.68,1.54,2,129.42,19 / 20,1140628,2019-09-06 18:35:07:310,0.4882,-0.5595,9.9246,-0.0003,-0.0015,9.8066,0.0035,-0.0001,0.0028,-24.37,-29.5,27.31,103.14,-87.71,-37
52.381817,-1.523797,147.68,1.54,2,129.42,19 / 20,1140729,2019-09-06 18:35:07:411,0.4264,-0.439,9.9015,0.0002,-0.0025,9.8066,-0.0239,-0.0165,-0.0202,-24.94,-29.44,27.25,100.9,-87.73,-38.05
52.381817,-1.523797,147.68,1.54,2,129.42,19 / 20,1140829,2019-09-06 18:35:07:511,0.3683,-0.3982,9.9483,0.0014,0.0017,9.8066,0.0212,0.0127,0.0286,-24.87,-29.19,27.38,101.38,-87.72,-37.57
52.381817,-1.523797,147.68,1.54,2,129.42,19 / 20,1140929,2019-09-06 18:35:07:611,0.5661,-0.9553,9.5773,-0.0004,-0.0013,9.8066,0.0108,-0.0124,0.0095,-25.06,-29.25,27.5,102.63,-87.73,-37.32
52.381817,-1.523797,147.68,1.54,2,129.42,19 / 20,1141029,2019-09-06 18:35:07:711,0.4094,-0.6326,9.7794,0.0019,-0.0037,9.8066,-0.0216,-0.0142,-0.0275,-24.69,-28.62,26.88,100.75,-87.74,-38.19
52.381817,-1.523797,147.68,1.54,2,129.42,19 / 20,1141128,2019-09-06 18:35:07:810,0.6712,-0.8594,9.6875,0.0014,0.0015,9.8066,0.0036,0.0083,0.0229,-24.69,-28.81,27.38,101,-87.74,-37.94
52.381817,-1.523797,147.68,1.54,2,129.42,19 / 20,1141231,2019-09-06 18:35:07:913,0.388,-0.6561,9.8321,0.0023,-0.003,9.8066,0.0204,-0.0062,0.0152,-24.94,-29.56,27.63,102.2,-87.75,-37.79
52.381817,-1.523797,147.68,1.54,2,129.42,19 / 20,1141328,2019-09-06 18:35:08:010,0.3565,-0.6578,9.7483,0.0009,0.0044,9.8066,-0.0054,-0.0193,-0.0173,-25,-30.12,27.31,101.08,-87.76,-37.9
52.381817,-1.523797,147.68,1.54,2,129.42,19 / 20,1141428,2019-09-06 18:35:08:110,0.4019,-0.699,9.7654,-0.001,-0.0013,9.8066,-0.0028,0.0029,0.0087,-24.56,-29.5,27.88,101.68,-87.75,-38.25
52.381817,-1.523797,147.68,1.54,2,129.42,19 / 20,1141528,2019-09-06 18:35:08:210,0.4446,-0.4748,9.9232,-0.0012,-0.0006,9.8066,0.013,-0.0125,0.0018,-24.5,-28.31,27.25,101.94,-87.77,-38.11
52.381817,-1.523797,147.68,1.54,2,129.42,19 / 20,1141629,2019-09-06 18:35:08:311,0.3579,-0.3869,10.0491,0,-0.0016,9.8066,-0.0164,-0.0147,-0.0207,-24.81,-29.31,27.5,100.62,-87.78,-39.3
52.381817,-1.523797,147.68,1.54,2,129.42,19 / 20,1141728,2019-09-06 18:35:08:410,0.5236,-0.5053,9.9219,-0.0003,0.0014,9.8066,0.0156,-0.0032,0.0252,-25,-28.44,27.56,101.01,-87.79,-38.84
52.381817,-1.523797,147.68,1.54,2,129.42,19 / 20,1141829,2019-09-06 18:35:08:511,0.3216,-0.4427,9.9289,-0.0023,-0.0008,9.8066,-0.016,-0.0056,-0.0145,-25.12,-28.25,27.81,100.49,-87.78,-39.37
52.381817,-1.523797,147.68,1.54,2,129.42,19 / 20,1141928,2019-09-06 18:35:08:610,0.6136,-0.6869,9.7736,0.0023,-0.0012,9.8066,-0.0174,0.0086,-0.0042,-25.44,-29.5,27.13,98.5,-87.8,-40.41
52.381817,-1.523797,147.68,1.54,2,129.42,19 / 20,1142028,2019-09-06 18:35:08:710,0.514,-0.7132,9.674,0.0013,0.001,9.8066,0.0122,0.0029,0.023,-25.44,-29.94,27.38,99.14,-87.8,-39.83
52.381817,-1.523797,147.68,1.54,2,129.42,19 / 20,1142130,2019-09-06 18:35:08:812,0.398,-0.6667,9.7524,0.0002,-0.0028,9.8066,-0.011,-0.0039,-0.0189,-25.12,-29.75,26.88,98.56,-87.82,-40.4
52.381817,-1.523797,147.68,1.54,2,129.42,19 / 20,1142229,2019-09-06 18:35:08:911,0.4569,-0.5379,9.856,0.0017,-0.0005,9.8066,-0.0172,-0.0027,-0.0062,-25.37,-29.56,27.13,97.97,-87.84,-40.97
52.381817,-1.523797,147.68,1.54,2,129.42,19 / 20,1142328,2019-09-06 18:35:09:010,0.4989,-0.7823,9.6802,0.0003,-0.0002,9.8066,0.0236,0.0058,0.0189,-24.69,-28.75,27.38,98.13,-87.85,-40.74
52.381817,-1.523797,147.68,1.54,2,129.42,21 / 21,1142428,2019-09-06 18:35:09:110,0.3695,-0.5868,9.8479,0.0002,-0.0043,9.8065,-0.0066,-0.0059,-0.0129,-24.31,-29.75,27.38,98.44,-87.86,-41.68
52.381817,-1.523797,147.68,1.54,2,129.42,21 / 21,1142529,2019-09-06 18:35:09:211,0.5086,-0.5091,9.9432,0.0029,0.0002,9.8066,-0.0121,-0.0099,0.0031,-25.37,-28.87,27.13,96.38,-87.88,-42.47
52.381817,-1.523797,147.68,1.54,2,129.42,21 / 21,1142628,2019-09-06 18:35:09:310,0.3169,-0.2691,9.9883,0.0027,-0.0008,9.8066,0.0151,0.0131,0.0282,-25,-28.94,27.69,97.72,-87.89,-42.13
52.381817,-1.523797,147.68,1.54,2,129.42,21 / 21,1142728,2019-09-06 18:35:09:410,0.4198,-0.4707,9.9719,0.0011,-0.0049,9.8066,-0.0123,-0.0228,-0.0158,-25.37,-29.94,27.25,95.99,-87.9,-42.91
52.381817,-1.523797,147.68,1.54,2,129.42,21 / 21,1142828,2019-09-06 18:35:09:510,0.5002,-0.8203,9.6415,0.0019,-0.0017,9.8066,-0.0179,-0.0087,-0.0156,-25.25,-29.56,27.56,95.52,-87.93,-44.37
52.381817,-1.523797,147.68,1.54,2,129.42,21 / 21,1142929,2019-09-06 18:35:09:611,0.4701,-0.7491,9.7325,0.0017,-0.0004,9.8066,0.0137,0.0014,0.0226,-24.37,-29.62,26.94,95.87,-87.95,-44.19
52.381817,-1.523797,147.68,1.54,2,129.42,21 / 21,1143029,2019-09-06 18:35:09:711,0.643,-0.799,9.6539,0.0026,-0.0044,9.8066,0.0066,-0.0085,-0.0107,-25.25,-29.5,27.25,93.72,-87.97,-45.08
52.381817,-1.523797,147.68,1.54,2,129.42,21 / 21,1143128,2019-09-06 18:35:09:810,0.3318,-0.5698,9.7603,0.0006,-0.0025,9.8066,-0.0107,-0.0006,-0.0181,-25.19,-29.06,26.94,92.02,-87.99,-46.77
52.381817,-1.523797,147.68,1.54,2,129.42,21 / 21,1143228,2019-09-06 18:35:09:910,0.487,-0.441,9.9653,0.0025,0.0008,9.8066,-0.0061,-0.0059,0.011,-24.87,-29.06,27.44,91.9,-88.02,-46.86
52.381817,-1.523797,147.68,1.54,2,129.42,21 / 21,1143329,2019-09-06 18:35:10:011,0.3665,-0.2957,9.9802,-0.0001,-0.0011,9.8066,0.0278,-0.0052,0.012,-25.5,-29.69,27.13,91.79,-88.04,-47.01
52.381817,-1.523797,147.68,1.54,2,129.42,21 / 21,1143429,2019-09-06 18:35:10:111,0.2793,-0.4144,9.8885,0.0018,-0.0049,9.8066,0.0186,0.0067,0.0252,-24.19,-28.87,27.19,90.77,-88.06,-49.16
52.381817,-1.523797,147.68,1.54,2,129.42,21 / 21,1143529,2019-09-06 18:35:10:211,0.5644,-0.532,9.9563,0.0012,0.0006,9.8066,0.0057,0.0048,0.0012,-25.25,-29.5,26.94,88.5,-88.09,-50.21
52.381817,-1.523797,147.68,1.54,2,129.42,21 / 21,1143629,2019-09-06 18:35:10:311,0.3426,-0.5345,9.8122,0.0017,-0.0005,9.8066,-0.0158,-0.0158,-0.0106,-25.06,-29.56,27.94,89.35,-88.12,-50.4
52.381817,-1.523797,147.68,1.54,2,129.42,21 / 21,1143729,2019-09-06 18:35:10:411,0.4547,-0.5288,9.8668,0.0007,-0.0034,9.8066,0.0206,0.0173,0.0225,-25.69,-29.94,27.25,85.29,-88.14,-52.27
52.381817,-1.523797,147.68,1.54,2,129.42,21 / 21,1143829,2019-09-06 18:35:10:511,0.527,-0.6293,9.7195,0.002,-0.0004,9.8066,-0.0039,-0.0177,-0.0078,-24.87,-29.69,27.44,85.29,-88.17,-53.41
52.381817,-1.523797,147.68,1.54,2,129.42,21 / 21,1143929,2019-09-06 18:35:10:611,0.3446,-0.4744,9.8781,0.0021,-0.0034,9.8066,-0.0184,-0.0113,-0.0229,-24.75,-28.62,26.88,84.28,-88.21,-54.33
52.381817,-1.523797,147.68,1.54,2,129.42,21 / 21,1144028,2019-09-06 18:35:10:710,0.685,-0.7675,9.7591,-0.0009,-0.002,9.8066,0.0159,0.004,0.0279,-24.87,-28.87,27.06,82.97,-88.22,-55.63
52.381817,-1.523797,147.68,1.54,2,129.42,21 / 21,1144128,2019-09-06 18:35:10:810,0.2028,-0.3096,9.9327,0.0026,-0.0009,9.8066,0.0032,-0.0104,0.0055,-24.94,-28.81,26.75,81.45,-88.25,-57.12
52.381817,-1.523797,147.68,1.54,2,129.42,21 / 21,1144228,2019-09-06 18:35:10:910,0.5355,-0.5421,9.8549,0.0035,-0.0025,9.8066,-0.0111,0.0037,-0.0129,-25.25,-29.12,27.63,81.86,-88.28,-57.7
52.381817,-1.523797,147.68,1.54,2,129.42,21 / 21,1144329,2019-09-06 18:35:11:011,0.2941,-0.4023,9.8457,0.0015,-0.0039,9.8066,0.004,-0.0041,0.0185,-25.06,-29.75,27.38,79.31,-88.29,-59.26
52.381817,-1.523797,147.68,1.54,2,129.42,20 / 20,1144428,2019-09-06 18:35:11:110,0.3481,-0.3703,9.9,0,0.0005,9.8066,0.0256,-0.009,0.0057,-25.12,-29.56,27.88,79.06,-88.32,-60.51
52.381817,-1.523797,147.68,1.54,2,129.42,20 / 20,1144529,2019-09-06 18:35:11:211,0.4551,-0.6817,9.6814,0.0026,-0.0008,9.8066,-0.014,-0.002,-0.0263,-25.5,-28.56,27.44,77.25,-88.35,-61.22
52.381817,-1.523797,147.68,1.54,2,129.42,20 / 20,1144628,2019-09-06 18:35:11:310,0.277,-0.4619,9.9231,0.0032,-0.0056,9.8066,0.0129,-0.0027,0.0166,-25.19,-28.69,27.69,76.73,-88.36,-62.75
52.381817,-1.523797,147.68,1.54,2,129.42,20 / 20,1144729,2019-09-06 18:35:11:411,0.5526,-0.6143,9.7953,0.0041,-0.0019,9.8066,0.0229,-0.0009,0.0135,-26.06,-28.12,27.63,73.31,-88.39,-64.95
52.381817,-1.523797,147.68,1.54,2,129.42,20 / 20,1144828,2019-09-06 18:35:11:510,0.466,-0.6926,9.6245,0.0036,-0.0015,9.8066,-0.0204,-0.0165,-0.0174,-26.44,-27.69,27.56,73.44,-88.41,-64.81
52.381817,-1.523797,147.68,1.54,2,129.42,20 / 20,1144929,2019-09-06 18:35:11:611,0.2556,-0.2669,10.0759,0.0014,-0.0028,9.8066,0.0151,0.0011,0.0036,-26.69,-27.94,26.81,69.42,-88.41,-66.68
52.381817,-1.523797,147.68,1.54,2,129.42,20 / 20,1145029,2019-09-06 18:35:11:711,0.4893,-0.3624,10.0131,0.0016,-0.0015,9.8066,0.0071,-0.0021,0.0103,-25.94,-27.94,26.31,67.18,-88.42,-68.94
52.381817,-1.523797,147.68,1.54,2,129.42,20 / 20,1145129,2019-09-06 18:35:11:811,0.236,-0.0823,10.0978,0.0022,-0.0008,9.8066,-0.0204,-0.0206,-0.0281,-25.25,-28.87,26.63,69.15,-88.45,-69.2
52.381817,-1.523797,147.68,1.54,2,129.42,20 / 20,1145229,2019-09-06 18:35:11:911,0.6693,-0.8783,9.5355,0.0029,-0.0061,9.8066,0.0228,0.0089,0.0225,-24.75,-28.87,26.81,67.26,-88.45,-71.08
52.381817,-1.523797,147.68,1.54,2,129.42,20 / 20,1145328,2019-09-06 18:35:12:010,0.3161,-0.5213,9.7177,0.0002,0.0006,9.8066,0.0056,0.0026,0.0186,-24.44,-29.37,26.13,65.24,-88.45,-73.22
52.381817,-1.523797,147.68,1.54,2,129.42,19 / 19,1145428,2019-09-06 18:35:12:110,0.4787,-0.761,9.6825,0.0031,-0.0002,9.8066,-0.0227,-0.0178,-0.0248,-24.19,-29.25,26.19,64.29,-88.48,-74.13
52.381817,-1.523797,147.68,1.54,2,129.42,19 / 19,1145529,2019-09-06 18:35:12:211,0.2001,-0.1119,9.99,0.0014,-0.0047,9.8066,0.0048,0.0102,0.0072,-23.31,-28.44,26.31,64.37,-88.48,-75.24
52.381817,-1.523797,147.68,1.54,2,129.42,19 / 19,1145628,2019-09-06 18:35:12:310,0.3637,-0.2414,10.0471,0.0008,-0.0006,9.8066,0.0115,-0.0149,0.0091,-23.06,-28.25,27.25,63.02,-88.48,-77.63
52.381817,-1.523797,147.68,1.54,2,129.42,19 / 19,1145728,2019-09-06 18:35:12:410,0.2742,-0.227,9.9504,0.0021,-0.0015,9.8066,-0.0256,-0.0169,-0.0266,-23.25,-28.5,27.88,63.11,-88.52,-78.52
52.381817,-1.523797,147.68,1.54,2,129.42,19 / 19,1145828,2019-09-06 18:35:12:510,0.3068,-0.6204,9.7291,-0.0009,-0.0023,9.8066,0.0159,0.0067,0.021,-23.62,-28.5,28.31,59.99,-88.5,-80.4
52.381817,-1.523797,147.68,1.54,2,129.42,19 / 19,1145929,2019-09-06 18:35:12:611,0.4764,-0.7598,9.6021,0.0035,-0.0027,9.8066,0.0184,-0.0075,0.0148,-24.5,-29.44,28,57.26,-88.5,-83.14
52.381817,-1.523797,147.68,1.54,2,129.42,19 / 19,1146028,2019-09-06 18:35:12:710,0.2423,-0.4398,9.8196,0.0025,-0.0016,9.8066,-0.0131,-0.002,-0.0166,-24.5,-29,27.88,56.88,-88.52,-83.5
52.381817,-1.523797,147.68,1.54,2,129.42,19 / 19,1146129,2019-09-06 18:35:12:811,0.2793,-0.197,9.9405,0.0012,-0.0044,9.8066,0.0019,0.0004,0.0163,-25.19,-29.56,27.75,54.66,-88.51,-84.57
52.381817,-1.523797,147.68,1.54,2,129.42,19 / 19,1146229,2019-09-06 18:35:12:911,0.1469,-0.0761,10.0197,0.0013,-0.0003,9.8066,0.0088,-0.0085,0.0013,-24.62,-29,28.06,52.41,-88.5,-86.75
52.381817,-1.523797,147.68,1.54,2,129.42,19 / 19,1146329,2019-09-06 18:35:13:011,0.4471,-0.3321,9.9233,0.0023,-0.0014,9.8066,-0.0042,0.0016,-0.0197,-25,-28.75,27.44,50.29,-88.53,-87.82
52.381817,-1.523797,147.68,1.54,2,129.42,20 / 20,1146428,2019-09-06 18:35:13:110,0.1698,-0.4616,9.771,0.0019,-0.0054,9.8066,0.0149,-0.0012,0.0236,-24.75,-28.87,27,48.82,-88.51,-89.28
52.381817,-1.523797,147.68,1.54,2,129.42,20 / 20,1146529,2019-09-06 18:35:13:211,0.5572,-0.7098,9.6666,0.0019,0.0002,9.8066,-0.0122,-0.0079,-0.0163,-25.19,-28.87,27.38,47.22,-88.51,-90.85
52.381817,-1.523797,147.68,1.54,2,129.42,20 / 20,1146628,2019-09-06 18:35:13:310,0.2084,-0.364,9.803,0.0011,-0.0023,9.8066,-0.0104,0.0033,-0.0052,-24.87,-29.12,27.25,46.8,-88.51,-91.26
52.381817,-1.523797,147.68,1.54,2,129.42,20 / 20,1146728,2019-09-06 18:35:13:410,0.4752,-0.3579,9.9116,-0.0001,-0.0017,9.8066,-0.0023,-0.0008,-0.0195,-25,-29.31,27.31,45.32,-88.49,-92.74
52.381817,-1.523797,147.68,1.54,2,129.42,20 / 20,1146829,2019-09-06 18:35:13:511,0.3575,-0.2173,9.9886,0.003,-0.0004,9.8066,-0.0025,-0.0093,0.0142,-25.12,-28.81,26.63,43.53,-88.5,-94.5
52.381817,-1.523797,147.68,1.54,2,129.42,20 / 20,1146929,2019-09-06 18:35:13:611,0.0755,0.0402,10.0874,0.0011,-0.0024,9.8066,0.0155,-0.0089,-0.0049,-25.12,-29.62,27.44,43.04,-88.5,-95.01
52.381817,-1.523797,147.68,1.54,2,129.42,20 / 20,1147028,2019-09-06 18:35:13:710,0.396,-0.2461,9.9719,0.0008,-0.002,9.8066,-0.0118,0,-0.022,-24.94,-28.87,27.31,41.57,-88.48,-96.44
52.381817,-1.523797,147.68,1.54,2,129.42,20 / 20,1147128,2019-09-06 18:35:13:810,0.1503,-0.4394,9.7028,0.0012,0.0032,9.8066,0.0209,0.0021,0.0289,-25.25,-29.06,27.06,40.68,-88.5,-97.3
52.381817,-1.523797,147.68,1.54,2,129.42,20 / 20,1147228,2019-09-06 18:35:13:910,0.482,-0.7057,9.6837,-0.0003,-0.0025,9.8066,0.0162,-0.0072,0.0022,-25.37,-28.62,27.88,40.92,-88.48,-98.1
52.381817,-1.523797,147.68,1.54,2,129.42,20 / 20,1147329,2019-09-06 18:35:14:011,0.2338,-0.4406,9.7258,0.0015,-0.0014,9.8066,-0.0173,-0.0023,-0.0111,-25.12,-29.12,27.19,38.18,-88.45,-99.79
52.381817,-1.523797,147.68,1.54,2,129.42,20 / 20,1147429,2019-09-06 18:35:14:111,0.4213,-0.3203,9.9544,0.0005,0.0002,9.8066,0.0208,-0.0007,0.0167,-25.06,-29.12,27.25,37.23,-88.46,-100.71
52.381817,-1.523797,147.68,1.54,2,129.42,20 / 20,1147529,2019-09-06 18:35:14:211,0.1769,-0.1052,9.9443,-0.0003,-0.0041,9.8066,-0.0001,-0.0058,-0.0079,-25,-29.69,27.63,36.9,-88.44,-102.1
52.381817,-1.523797,147.68,1.54,2,129.42,20 / 20,1147628,2019-09-06 18:35:14:310,0.1973,-0.1082,10.0007,0.0013,-0.0024,9.8066,-0.0241,0.0013,-0.023,-25.12,-29.62,27.31,34.46,-88.41,-103.49
52.381817,-1.523797,147.68,1.54,2,129.42,20 / 20,1147728,2019-09-06 18:35:14:410,0.31,-0.6107,9.5998,0.0029,0.0001,9.8066,0.0323,-0.0063,0.0315,-25,-29.69,27,33.29,-88.44,-104.62
52.381817,-1.523797,147.68,1.54,2,129.42,20 / 20,1147829,2019-09-06 18:35:14:511,0.3202,-0.3856,9.8808,0.002,-0.006,9.8066,-0.0271,-0.0047,-0.023,-25.19,-28.94,27.38,32.31,-88.42,-105.56
52.381817,-1.523797,147.68,1.54,2,129.42,20 / 20,1147928,2019-09-06 18:35:14:610,0.2774,-0.3749,9.8539,0.0032,-0.0001,9.8066,-0.01,0.002,0.0062,-25.44,-29.06,27.69,32.54,-88.4,-106.37
52.381817,-1.523797,147.68,1.54,2,129.42,20 / 20,1148029,2019-09-06 18:35:14:711,0.2924,-0.246,9.9168,0.0012,0.0003,9.8066,0.0222,-0.0127,0.0244,-24.5,-29.31,27.38,32.21,-88.42,-106.84
52.381817,-1.523797,147.68,1.54,2,129.42,20 / 20,1148129,2019-09-06 18:35:14:811,0.3546,-0.396,9.7028,-0.0004,-0.0021,9.8066,-0.0105,0.0037,-0.0247,-24.69,-29,27.44,29.67,-88.38,-108.17
52.381817,-1.523797,147.68,1.54,2,129.42,20 / 20,1148229,2019-09-06 18:35:14:911,0.3153,-0.4169,9.9318,0.0017,0.0003,9.8066,0.0198,-0.0019,0.0213,-25.06,-29.25,27.56,29.82,-88.39,-109.05
52.381817,-1.523797,147.68,1.54,2,129.42,20 / 20,1148329,2019-09-06 18:35:15:011,0.1306,-0.1168,9.9576,-0.001,-0.0037,9.8066,0.0048,-0.0191,-0.002,-25.31,-29.25,27.44,28.63,-88.39,-109.19
52.381817,-1.523797,147.68,1.54,2,129.42,20 / 20,1148429,2019-09-06 18:35:15:111,0.1801,-0.0734,10.0449,-0.0008,-0.001,9.8066,-0.0154,0.0101,-0.0093,-25.12,-29.06,27.31,28.17,-88.36,-109.65
52.381817,-1.523797,147.68,1.54,2,129.42,20 / 20,1148529,2019-09-06 18:35:15:211,0.2726,-0.4194,9.6804,0.0009,0.0008,9.8066,0.0177,-0.0014,0.0267,-24.94,-29.75,27.88,28.11,-88.38,-110.74
52.381817,-1.523797,147.68,1.54,2,129.42,20 / 20,1148628,2019-09-06 18:35:15:310,0.2915,-0.5253,9.7227,0.0008,-0.0032,9.8066,-0.0022,-0.0145,-0.0074,-25.12,-29.06,27,26.04,-88.36,-111.74
52.381817,-1.523797,147.68,1.54,2,129.42,20 / 20,1148729,2019-09-06 18:35:15:411,0.3238,-0.5723,9.6074,0.0009,0.0011,9.8066,-0.0047,0.0083,-0.0004,-25.31,-29,26.31,24.2,-88.34,-112.48
52.381817,-1.523797,147.68,1.54,2,129.42,20 / 20,1148829,2019-09-06 18:35:15:511,0.122,-0.3253,9.8372,0.0005,0.0005,9.8066,0.0113,0.0075,0.0234,-24.62,-28.94,27.63,26.04,-88.36,-112.77
52.381817,-1.523797,147.68,1.54,2,129.42,20 / 20,1148928,2019-09-06 18:35:15:610,0.2678,-0.13,9.9848,0.001,-0.0035,9.8066,-0.0139,-0.0148,-0.0245,-24.37,-29.31,27.44,25.12,-88.33,-113.83
52.381817,-1.523797,147.68,1.54,2,129.42,20 / 20,1149029,2019-09-06 18:35:15:711,0.065,0.0578,10.0754,0.0005,0.0005,9.8066,-0.0023,0.011,-0.0011,-25.31,-29.5,27.63,24.57,-88.32,-114.21
52.381817,-1.523797,147.68,1.54,2,129.42,20 / 20,1149128,2019-09-06 18:35:15:810,0.4625,-0.3832,9.8753,0.0017,-0.0034,9.8066,-0.0014,-0.0196,0.0211,-25.37,-30.06,27.56,24.49,-88.34,-114.31
52.381817,-1.523797,147.68,1.54,2,129.42,20 / 20,1149229,2019-09-06 18:35:15:911,0.2343,-0.4003,9.6989,0.0002,-0.0069,9.8066,-0.0092,-0.0081,-0.0229,-25.37,-29.94,28.13,23.77,-88.28,-115.03
52.381817,-1.523797,147.68,1.54,2,129.42,20 / 20,1149329,2019-09-06 18:35:16:011,0.126,-0.1383,9.9029,0.0009,0.0014,9.8066,0.0189,0.0088,0.0161,-24.75,-29.56,27.5,23.27,-88.28,-115.52
52.381817,-1.523797,147.68,1.54,2,129.42,20 / 20,1149428,2019-09-06 18:35:16:110,0.4073,-0.4819,9.7776,-0.0008,-0.0006,9.8066,0.0251,-0.0138,0.0161,-25,-29.06,26.94,21.81,-88.28,-115.9
52.381817,-1.523797,147.68,1.54,2,129.42,20 / 20,1149528,2019-09-06 18:35:16:210,0.273,-0.4403,9.6841,0.0006,-0.0016,9.8065,-0.007,-0.0055,-0.016,-24.69,-29.19,27.13,20.8,-88.24,-116.9
52.381817,-1.523797,147.68,1.54,2,129.42,20 / 20,1149629,2019-09-06 18:35:16:311,0.2981,-0.4551,9.7854,0.0038,-0.0013,9.8066,0.0081,0.0123,0.0152,-25,-29.25,27.5,21.16,-88.25,-117.58
52.381817,-1.523797,147.68,1.54,2,129.42,20 / 20,1149729,2019-09-06 18:35:16:411,0.3667,-0.4763,9.7531,-0.0017,-0.0005,9.8066,-0.0007,-0.0149,-0.0072,-25.25,-28.87,27.5,20.78,-88.24,-117.95
52.381817,-1.523797,147.68,1.54,2,129.42,20 / 20,1149828,2019-09-06 18:35:16:510,0.0391,-0.1981,9.9365,-0.0014,0.0012,9.8066,0.0067,-0.0018,-0.0149,-24.94,-29.87,27.13,19.61,-88.21,-118.09
52.381817,-1.523797,147.68,1.54,2,129.42,20 / 20,1149928,2019-09-06 18:35:16:610,0.324,-0.2333,9.9298,0.0007,0,9.8066,0.0178,0.0048,0.0202,-24.94,-29.81,27.25,18.61,-88.22,-119.06
52.381817,-1.523797,147.68,1.54,2,129.42,20 / 20,1150028,2019-09-06 18:35:16:710,0.1462,-0.2286,9.8486,0.0007,-0.0039,9.8066,-0.0127,-0.0134,-0.0165,-25.06,-30,27.63,18.7,-88.19,-120.01
52.381817,-1.523797,147.68,1.54,2,129.42,20 / 20,1150129,2019-09-06 18:35:16:811,0.363,-0.5427,9.6431,0.0022,0.0001,9.8066,0.0097,0.0005,0.0075,-24.94,-29.37,27.69,18.11,-88.18,-120.58
52.381817,-1.523797,147.68,1.54,2,129.42,20 / 20,1150228,2019-09-06 18:35:16:910,0.1224,-0.3087,9.7932,0.0017,-0.0033,9.8066,0.0081,0.0049,0.0175,-25.25,-29.19,27.69,17.42,-88.17,-121.25
52.381817,-1.523797,147.68,1.54,2,129.42,20 / 20,1150328,2019-09-06 18:35:17:010,0.3742,-0.5959,9.7119,0,-0.0028,9.8066,-0.0207,-0.0045,-0.022,-25.37,-29.19,26.88,15.78,-88.13,-121.83
52.381817,-1.523797,147.68,1.54,2,129.42,20 / 20,1150428,2019-09-06 18:35:17:110,0.1684,-0.0606,9.9317,0.0018,0.0013,9.8066,0.0432,-0.0034,0.0283,-24.94,-29.06,27.44,15.17,-88.14,-122.42
52.381817,-1.523797,147.68,1.54,2,129.42,20 / 20,1150529,2019-09-06 18:35:17:211,0.1261,-0.0177,10.0675,0.0023,-0.0048,9.8066,-0.0141,-0.0092,-0.0103,-25.31,-29,27,14.02,-88.1,-123.55
52.381817,-1.523797,147.68,1.54,2,129.42,20 / 20,1150628,2019-09-06 18:35:17:310,0.1799,0.0235,9.9665,0.002,-0.0022,9.8066,-0.0285,-0.013,-0.0173,-25.06,-29.5,27.31,13.43,-88.07,-124.13
52.381817,-1.523797,147.68,1.54,2,129.42,20 / 20,1150729,2019-09-06 18:35:17:411,0.1945,-0.4056,9.7707,0.0021,0.0001,9.8066,0.0317,0.0019,0.0259,-25.19,-29.62,27.38,13.29,-88.11,-124.27
52.381817,-1.523797,147.68,1.54,2,129.42,20 / 20,1150829,2019-09-06 18:35:17:511,0.2576,-0.541,9.5828,0.0002,-0.0053,9.8066,-0.0108,-0.007,-0.0105,-25.12,-29.69,27.63,13.66,-88.05,-124.96
52.381817,-1.523797,147.68,1.54,2,129.42,20 / 20,1150929,2019-09-06 18:35:17:611,0.0913,-0.2612,9.8191,-0.0019,0.0045,9.8066,0.0254,-0.0078,0.0022,-25.37,-29.06,26.88,11.74,-88.01,-125.78
52.381817,-1.523797,147.68,1.54,2,129.42,20 / 20,1151029,2019-09-06 18:35:17:711,0.3416,-0.4279,9.7266,0.002,-0.0005,9.8066,0.0258,-0.0005,0.0256,-25.56,-29.19,27.25,10.13,-88.04,-126.22
52.381817,-1.523797,147.68,1.54,2,129.42,20 / 20,1151128,2019-09-06 18:35:17:810,0.0432,0.1388,10.0678,0.0018,-0.0048,9.8066,-0.0338,-0.008,-0.0197,-24.69,-28.94,27.44,10.19,-87.97,-127.3
52.381817,-1.523797,147.68,1.54,2,129.42,20 / 20,1151228,2019-09-06 18:35:17:910,0.4131,-0.2816,9.8202,-0.0004,0.0027,9.8066,0.0189,-0.0037,0.0048,-25,-29.06,26.69,10.18,-87.98,-127.31
52.381817,-1.523797,147.68,1.54,2,129.42,20 / 20,1151328,2019-09-06 18:35:18:010,-0.0384,0.0056,9.9288,-0.0001,-0.0016,9.8066,0.0124,0.0001,0.0072,-25.37,-29.37,27.13,9.56,-87.97,-127.91
52.381817,-1.523797,147.68,1.54,2,129.42,19 / 20,1151428,2019-09-06 18:35:18:110,0.3335,-0.3792,9.77,0.0009,-0.0042,9.8066,-0.0395,-0.0086,-0.0257,-24.44,-29.37,27.63,10.94,-87.91,-128.77
52.381817,-1.523797,147.68,1.54,2,129.42,19 / 20,1151529,2019-09-06 18:35:18:211,-0.0076,-0.1072,9.8944,0.0021,0.0006,9.8066,0.0224,0.0019,0.0239,-24.94,-29.81,27.25,8.53,-87.93,-128.92
52.381817,-1.523797,147.68,1.54,2,129.42,19 / 20,1151629,2019-09-06 18:35:18:311,0.2319,-0.1697,9.9916,0.0009,-0.0039,9.8066,-0.001,-0.0023,0.0064,-24.69,-29.81,27.31,7.9,-87.91,-129.54
52.381817,-1.523797,147.68,1.54,2,129.42,19 / 20,1151729,2019-09-06 18:35:18:411,0.0007,-0.0658,9.9018,0.0018,-0.0012,9.8066,-0.015,-0.0131,-0.0111,-24.25,-29.19,27.31,8.49,-87.87,-130.14
52.381817,-1.523797,147.68,1.54,2,129.42,19 / 20,1151828,2019-09-06 18:35:18:510,0.3503,-0.4027,9.7404,0.0016,0.0015,9.8066,0.0234,0.0087,0.0234,-25.44,-29.19,27.5,8.16,-87.89,-130.32
52.381817,-1.523797,147.68,1.54,2,129.42,19 / 20,1151929,2019-09-06 18:35:18:611,0.1394,-0.3169,9.6851,0.0002,-0.0049,9.8066,-0.0146,-0.0051,-0.0152,-25.12,-29.06,27.06,6.45,-87.85,-130.95
52.381817,-1.523797,147.68,1.54,2,129.42,19 / 20,1152029,2019-09-06 18:35:18:711,0.2441,-0.1349,9.9795,0.0019,-0.002,9.8066,-0.0261,-0.0137,-0.0095,-24.25,-28.69,27.56,8.36,-87.82,-131.3
52.381817,-1.523797,147.68,1.54,2,129.42,19 / 20,1152129,2019-09-06 18:35:18:811,0.078,0.0121,9.9756,0.0009,-0.0012,9.8066,0.0268,0.0039,0.0241,-24.62,-29.25,26.81,6.33,-87.84,-131.07
52.381817,-1.523797,147.68,1.54,2,129.42,19 / 20,1152229,2019-09-06 18:35:18:911,0.1049,0.0172,10.0292,0.0003,-0.0031,9.8066,-0.0005,-0.0149,-0.0135,-25.19,-30.12,27.44,5.85,-87.8,-131.54
52.381817,-1.523797,147.68,1.54,2,129.42,19 / 20,1152329,2019-09-06 18:35:19:011,0.2521,-0.3515,9.6367,-0.0006,0.0024,9.8066,0.0091,0.0042,-0.0001,-24.75,-29.37,27.44,5.75,-87.79,-131.63
52.381817,-1.523797,147.68,1.54,2,129.42,21 / 21,1152429,2019-09-06 18:35:19:111,0.0683,-0.2312,9.7816,0.0022,-0.0004,9.8066,0.0208,0.0114,0.0287,-25.31,-29.94,27.56,6.31,-87.8,-132.12
52.381817,-1.523797,147.68,1.54,2,129.42,21 / 21,1152528,2019-09-06 18:35:19:210,0.3199,-0.5311,9.5667,-0.0005,-0.0023,9.8066,-0.0271,-0.0158,-0.0276,-25.37,-29.19,26.94,4.88,-87.75,-132.48
52.381817,-1.523797,147.68,1.54,2,129.42,21 / 21,1152629,2019-09-06 18:35:19:311,0.0697,0.0437,10.0629,-0.0011,0.0039,9.8066,0.0085,0.0105,0.0234,-25.25,-28.56,27.25,4.77,-87.75,-132.59
52.381817,-1.523797,147.68,1.54,2,129.42,21 / 21,1152729,2019-09-06 18:35:19:411,0.1966,0.0568,10.0076,-0.0001,-0.0023,9.8066,0.0185,0.0009,0.0179,-25.06,-28.69,28.13,5.23,-87.76,-133.17
52.381817,-1.523797,147.68,1.54,2,129.42,21 / 21,1152829,2019-09-06 18:35:19:511,-0.0643,-0.333,9.7402,0.0014,-0.0046,9.8066,-0.015,-0.0119,-0.0184,-24.56,-28.75,27.19,3.63,-87.69,-133.69
52.381817,-1.523797,147.68,1.54,2,129.42,21 / 21,1152928,2019-09-06 18:35:19:610,0.2433,-0.4794,9.6138,0.0027,-0.0003,9.8066,0.0147,0.0113,0.0195,-24.69,-29.06,27.06,3.25,-87.7,-134.06
52.381817,-1.523797,147.68,1.54,2,129.42,21 / 21,1153029,2019-09-06 18:35:19:711,0.0431,-0.2596,9.7578,0.0007,-0.0021,9.8066,0.0125,0.0031,0.0123,-25.06,-29.31,27.13,2.97,-87.7,-134.33
52.381817,-1.523797,147.68,1.54,2,129.42,21 / 21,1153128,2019-09-06 18:35:19:810,0.4032,-0.5574,9.7235,0.0028,-0.0036,9.8066,-0.0287,-0.0072,-0.0239,-24.87,-30.06,27,2.16,-87.63,-135.12
52.381817,-1.523797,147.68,1.54,2,129.42,21 / 21,1153228,2019-09-06 18:35:19:910,-0.1008,0.3271,10.1108,0.0022,0.0016,9.8066,0.0211,0.0086,0.025,-25.12,-29.81,27.19,1.97,-87.66,-135.3
52.381817,-1.523797,147.68,1.54,2,129.42,21 / 21,1153329,2019-09-06 18:35:20:011,0.3123,-0.176,9.8983,0.0015,-0.0041,9.8066,-0.0153,-0.0136,-0.01,-25.31,-29.06,27.25,1.84,-87.66,-135.42
52.381817,-1.523797,147.68,1.54,2,129.42,21 / 21,1153429,2019-09-06 18:35:20:111,-0.0505,0.0238,9.8833,0.0008,-0.0001,9.8066,-0.0131,-0.0237,-0.0168,-24.81,-29.56,27.75,2.54,-87.62,-135.79
52.381817,-1.523797,147.68,1.54,2,129.42,21 / 21,1153528,2019-09-06 18:35:20:210,-0.0229,0.2617,10.0546,0.0026,0.0003,9.8066,0.0273,0.0028,0.0292,-25.19,-29.12,27.38,0.64,-87.64,-136.59
52.381817,-1.523797,147.68,1.54,2,129.42,21 / 21,1153629,2019-09-06 18:35:20:311,0.3155,-0.4418,9.6429,0.0021,-0.0052,9.8066,-0.0043,-0.0139,-0.0047,-25,-28.94,26.81,0.28,-87.6,-136.94
52.381817,-1.523797,147.68,1.54,2,129.42,21 / 21,1153728,2019-09-06 18:35:20:410,0.0211,-0.2615,9.6716,-0.0011,0.0027,9.8066,0.0064,-0.0033,-0.006,-24.75,-29.37,27.19,0.29,-87.57,-136.92
52.381817,-1.523797,147.68,1.54,2,129.42,21 / 21,1153829,2019-09-06 18:35:20:511,0.2289,-0.3713,9.7324,0.0011,0.0022,9.8066,0.0269,-0.0017,0.0335,-25.12,-29.37,27.13,359.96,-87.61,-137.24
52.381817,-1.523797,147.68,1.54,2,129.42,21 / 21,1153929,2019-09-06 18:35:20:611,0.0201,0.2125,10.0331,-0.0006,-0.0027,9.8066,-0.0052,-0.0188,-0.0205,-25.06,-29.75,27.38,0.05,-87.56,-137.16
52.381817,-1.523797,147.68,1.54,2,129.42,21 / 21,1154029,2019-09-06 18:35:20:711,0.0857,0.0557,10.0587,-0.0002,0.002,9.8066,0.0035,-0.002,-0.0137,-24.87,-29.12,27.13,359.86,-87.55,-137.33
52.381817,-1.523797,147.68,1.54,2,129.42,21 / 21,1154128,2019-09-06 18:35:20:810,0.1802,-0.0303,9.9696,0.0003,0.0011,9.8066,0.0202,-0.0118,0.0276,-24.81,-28.69,27.25,359.3,-87.57,-137.88
52.381817,-1.523797,147.68,1.54,2,129.42,21 / 21,1154229,2019-09-06 18:35:20:911,0.0824,-0.345,9.7118,-0.0005,-0.0026,9.8066,0.0011,-0.013,-0.0166,-25,-29.37,26.81,359.41,-87.55,-137.77
52.381817,-1.523797,147.68,1.54,2,129.42,21 / 21,1154328,2019-09-06 18:35:21:010,0.3323,-0.4248,9.6563,0.0005,0.001,9.8066,-0.0085,0.0053,-0.0025,-25.12,-29.06,26.88,359.21,-87.52,-137.96
52.381817,-1.523797,147.68,1.54,2,129.42,21 / 21,1154428,2019-09-06 18:35:21:110,0.011,-0.195,9.7219,-0.0011,0.0029,9.8066,0.0231,-0.0006,0.0247,-24.87,-29.06,26.69,359.07,-87.55,-138.1
52.381817,-1.523797,147.68,1.54,2,129.42,21 / 21,1154529,2019-09-06 18:35:21:211,0.2539,-0.0556,9.9558,0,-0.0041,9.8066,-0.0105,-0.0088,-0.0144,-24.62,-29.25,27.44,359.19,-87.52,-137.98
52.381817,-1.523797,147.68,1.54,2,129.42,21 / 21,1154628,2019-09-06 18:35:21:310,-0.0491,0.2559,10.056,0.001,-0.0006,9.8066,-0.0235,0.0011,-0.0137,-25.06,-29.12,27.19,359.06,-87.5,-138.11
52.381817,-1.523797,147.68,1.54,2,129.42,21 / 21,1154729,2019-09-06 18:35:21:411,0.3508,-0.4589,9.6686,0.0013,-0.0004,9.8066,0.0185,-0.0071,0.0242,-24.94,-29.44,26.81,358.84,-87.53,-138.33
52.381817,-1.523797,147.68,1.54,2,129.42,21 / 21,1154828,2019-09-06 18:35:21:510,0.0711,-0.2239,9.6757,0.0014,-0.0032,9.8066,-0.0121,-0.003,-0.0046,-25.12,-30.06,27.25,358.76,-87.51,-138.39
52.381817,-1.523797,147.68,1.54,2,129.42,21 / 21,1154928,2019-09-06 18:35:21:610,0.222,-0.3521,9.7412,-0.0005,0.0019,9.8066,-0.0016,0.0003,-0.0001,-25.06,-29.37,27.25,358.83,-87.48,-138.34
52.381817,-1.523797,147.68,1.54,2,129.42,21 / 21,1155028,2019-09-06 18:35:21:710,0.1047,-0.3022,9.6913,0.0002,0.0009,9.8066,0.0174,0,0.0256,-24.56,-29.37,27.25,358.94,-87.51,-138.23
52.381817,-1.523797,147.68,1.54,2,129.42,21 / 21,1155128,2019-09-06 18:35:21:810,0.1031,0.0707,10.0497,0.0015,-0.0045,9.8066,-0.0249,-0.0075,-0.0164,-25,-28.56,26.94,358.9,-87.47,-138.27
52.381817,-1.523797,147.68,1.54,2,129.42,21 / 21,1155230,2019-09-06 18:35:21:912,0.1535,0.0208,9.9128,0.0011,-0.0006,9.8066,0.0221,0.0044,0.0099,-25.12,-29.25,26.56,358.72,-87.46,-138.44
52.381817,-1.523797,147.68,1.54,2,129.42,21 / 21,1155329,2019-09-06 18:35:22:011,0.1406,-0.2996,9.7349,-0.0014,0.0024,9.8066,0.038,0.0071,0.0199,-25.12,-29.12,27.31,358.69,-87.49,-138.47
52.381817,-1.523797,147.68,1.54,2,129.42,21 / 22,1155429,2019-09-06 18:35:22:111,0.3186,-0.4631,9.6974,0.0015,-0.0044,9.8066,-0.0216,-0.0235,-0.0141,-24.94,-29.69,27.13,358.3,-87.44,-138.84
52.381817,-1.523797,147.68,1.54,2,129.42,21 / 22,1155528,2019-09-06 18:35:22:210,0.0142,-0.1378,9.7541,0.0013,0.0018,9.8066,0.0027,-0.0003,0.0044,-25.5,-29.31,27.38,358.32,-87.43,-138.82
52.381817,-1.523797,147.68,1.54,2,129.42,21 / 22,1155629,2019-09-06 18:35:22:311,0.2566,-0.3695,9.7239,0.0004,0.0016,9.8066,0.0269,0.0086,0.0273,-24.94,-29.5,27,357.94,-87.46,-139.19
52.381817,-1.523797,147.68,1.54,2,129.42,21 / 22,1155729,2019-09-06 18:35:22:411,0.1519,0.019,9.9084,-0.0012,-0.0004,9.8066,0.0048,-0.014,-0.0166,-24.56,-29.19,27.19,357.92,-87.43,-139.21
52.381817,-1.523797,147.68,1.54,2,129.42,21 / 22,1155829,2019-09-06 18:35:22:511,-0.1178,0.2194,10.0494,0.0004,-0.0007,9.8066,-0.0181,0.0035,-0.0008,-25.37,-28.69,27.13,357.76,-87.42,-139.36
52.381817,-1.523797,147.68,1.54,2,129.42,21 / 22,1155928,2019-09-06 18:35:22:610,0.1745,0.0132,9.9982,0.0002,0.0021,9.8066,0.023,0.0052,0.026,-25.12,-28.94,26.44,356.07,-87.43,-139.91
52.381817,-1.523797,147.68,1.54,2,129.42,21 / 22,1156028,2019-09-06 18:35:22:710,-0.1225,-0.0329,9.7991,-0.001,-0.0014,9.8066,-0.0061,-0.0066,-0.0103,-25.06,-28.56,26.88,357.29,-87.42,-139.81
52.381817,-1.523797,147.68,1.54,2,129.42,21 / 22,1156128,2019-09-06 18:35:22:810,0.1943,-0.255,9.8223,0.0003,-0.0009,9.8066,-0.0213,-0.0136,-0.0216,-25.31,-28.94,26.75,357.1,-87.38,-139.99
52.381817,-1.523797,147.68,1.54,2,129.42,21 / 22,1156228,2019-09-06 18:35:22:910,0.2286,-0.253,9.7397,0.001,0.0012,9.8066,0.0088,0.0057,0.0109,-24.75,-29.06,26.5,356.68,-87.39,-140.4
52.381817,-1.523797,147.68,1.54,2,129.42,21 / 22,1156329,2019-09-06 18:35:23:011,-0.0282,0.0137,9.925,-0.0004,-0.0005,9.8066,0.0092,-0.0034,0.0127,-25,-28.94,26.19,355.42,-87.39,-140.53
52.381817,-1.523797,147.68,1.54,2,129.42,21 / 22,1156429,2019-09-06 18:35:23:111,0.3397,-0.2053,9.8074,-0.0032,-0.0001,9.8066,-0.0034,-0.018,-0.0242,-25,-29.75,27.19,356.8,-87.35,-140.28
52.381817,-1.523797,147.68,1.54,2,129.42,21 / 22,1156528,2019-09-06 18:35:23:210,-0.1573,0.2439,10,0.0009,0.0003,9.8066,0.0015,0.0066,0.0102,-24.75,-29.12,27.25,356.44,-87.34,-140.63
52.381817,-1.523797,147.68,1.54,2,129.42,21 / 22,1156628,2019-09-06 18:35:23:310,0.2908,-0.2198,9.8604,0.0008,-0.0012,9.8066,0.0055,-0.0076,0.0205,-24.37,-28.87,26.94,357.46,-87.35,-140.81
52.381817,-1.523797,147.68,1.54,2,129.42,21 / 22,1156731,2019-09-06 18:35:23:413,-0.042,0.071,9.932,-0.0007,-0.0024,9.8066,-0.0099,-0.0048,-0.0124,-24.69,-28.94,27.19,356.27,-87.35,-140.79
52.381817,-1.523797,147.68,1.54,2,129.42,21 / 22,1156828,2019-09-06 18:35:23:510,-0.032,0.1136,9.9238,0.0001,-0.0011,9.8066,0.0182,-0.0011,0.0136,-24.5,-28.75,26.5,357.28,-87.34,-140.98
52.381817,-1.523797,147.68,1.54,2,129.42,21 / 22,1156929,2019-09-06 18:35:23:611,0.3741,-0.4904,9.6796,-0.0009,-0.0016,9.8066,-0.0054,-0.0185,-0.0188,-24.62,-29.25,27.06,356.24,-87.31,-140.82
52.381817,-1.523797,147.68,1.54,2,129.42,21 / 22,1157028,2019-09-06 18:35:23:710,-0.0258,-0.0877,9.7222,-0.001,0.0031,9.8066,0.0121,0.0113,0.0049,-25,-30.06,26.25,355.02,-87.32,-140.9
52.381817,-1.523797,147.68,1.54,2,129.42,21 / 22,1157128,2019-09-06 18:35:23:810,0.1995,-0.3482,9.7066,0.0017,-0.0005,9.8066,0.0202,0.0114,0.0295,-25.12,-30.25,26.75,355.75,-87.33,-141.28
52.381817,-1.523797,147.68,1.54,2,129.42,21 / 22,1157229,2019-09-06 18:35:23:911,-0.0589,0.3938,10.0557,0,-0.0037,9.8066,-0.0203,-0.0189,-0.0289,-25,-29.19,26.5,355.8,-87.3,-141.25
52.381817,-1.523797,147.68,1.54,2,129.42,21 / 22,1157329,2019-09-06 18:35:24:011,0.0008,0.1499,10.046,0.0003,0.0033,9.8066,0.0009,0.004,-0.0085,-25.25,-29.37,26.81,355.49,-87.3,-141.54
52.381817,-1.523797,147.68,1.54,2,129.42,21 / 21,1157430,2019-09-06 18:35:24:112,0.1241,0.0673,9.9727,-0.0034,0.003,9.8066,0.027,-0.0026,0.0295,-24.87,-29.44,26.75,355.43,-87.32,-141.6
52.381817,-1.523797,147.68,1.54,2,129.42,21 / 21,1157529,2019-09-06 18:35:24:211,-0.0162,-0.2057,9.7976,-0.0016,-0.002,9.8066,-0.0082,-0.0113,-0.0231,-25.19,-29.5,26.94,355.59,-87.29,-141.45
52.381817,-1.523797,147.68,1.54,2,129.42,21 / 21,1157628,2019-09-06 18:35:24:310,0.386,-0.5749,9.5534,0.0034,-0.0018,9.8066,-0.0242,0.0065,-0.0076,-25.25,-28.81,27.44,355.39,-87.27,-141.63
52.381817,-1.523797,147.68,1.54,2,129.42,21 / 21,1157728,2019-09-06 18:35:24:410,-0.0919,-0.0867,9.8428,0.0001,0.0026,9.8066,0.0202,-0.0074,0.0297,-25.94,-29.75,27,353.67,-87.3,-142.16
52.381817,-1.523797,147.68,1.54,2,129.42,21 / 21,1157829,2019-09-06 18:35:24:511,0.1413,0.0669,9.9403,-0.0003,-0.0027,9.8066,-0.009,-0.0102,-0.0207,-25.06,-28.94,27.25,355.03,-87.27,-141.98
52.381817,-1.523797,147.68,1.54,2,129.42,21 / 21,1157928,2019-09-06 18:35:24:610,-0.1587,0.3468,10.088,0.0001,0,9.8066,-0.0171,0.0083,-0.0096,-25.69,-30,27.38,353.71,-87.26,-142.12
52.381817,-1.523797,147.68,1.54,2,129.42,21 / 21,1158028,2019-09-06 18:35:24:710,0.3618,-0.1544,9.9079,0.0004,-0.0014,9.8066,0.014,-0.0064,0.0185,-25.44,-28.94,27.13,354.78,-87.28,-142.22
52.381817,-1.523797,147.68,1.54,2,129.42,21 / 21,1158128,2019-09-06 18:35:24:810,-0.0687,-0.1101,9.7596,0.0012,-0.0045,9.8066,-0.0191,-0.0087,-0.0202,-26.06,-28.56,27.13,353.69,-87.25,-142.15
52.381817,-1.523797,147.68,1.54,2,129.42,21 / 21,1158228,2019-09-06 18:35:24:910,0.2857,-0.3796,9.7423,0.0023,0.0008,9.8066,0.0066,-0.0033,0.0164,-25.62,-29.06,26.94,353.67,-87.24,-142.17
52.381817,-1.523797,147.68,1.54,2,129.42,21 / 21,1158328,2019-09-06 18:35:25:010,-0.0148,-0.159,9.767,-0.0009,0.0005,9.8066,0.0205,-0.0065,0.0205,-25.31,-28.37,26.56,354.71,-87.25,-142.3
52.381817,-1.523797,147.68,1.54,2,129.42,20 / 20,1158428,2019-09-06 18:35:25:110,0.2469,-0.0525,9.9616,0.0009,-0.0019,9.8066,-0.0134,-0.0068,-0.0221,-25.62,-28.75,27,353.55,-87.2,-142.28
52.381817,-1.523797,147.68,1.54,2,129.42,20 / 20,1158529,2019-09-06 18:35:25:211,0.0686,-0.0121,9.9491,0.0017,0.0012,9.8066,-0.0082,-0.0172,0.0097,-25,-29.25,27.31,354.54,-87.21,-142.45
52.381817,-1.523797,147.68,1.54,2,129.42,20 / 20,1158628,2019-09-06 18:35:25:310,-0.1864,0.3093,9.9877,-0.0007,0.0006,9.8066,0.0291,-0.001,0.0162,-24.62,-29.69,27.06,354.58,-87.24,-142.4
52.381817,-1.523797,147.68,1.54,2,129.42,20 / 20,1158728,2019-09-06 18:35:25:410,0.2812,-0.3671,9.7194,-0.0002,-0.004,9.8066,-0.0181,-0.0186,-0.0231,-25.56,-29.12,27.69,354.47,-87.19,-142.44
52.381817,-1.523797,147.68,1.54,2,129.42,20 / 20,1158829,2019-09-06 18:35:25:511,0.1463,-0.1988,9.6787,-0.0006,0.0012,9.8066,-0.0009,0.0136,0.0072,-25.87,-28.81,26.31,352.19,-87.19,-142.49
52.381817,-1.523797,147.68,1.54,2,129.42,20 / 20,1158929,2019-09-06 18:35:25:611,-0.0234,-0.1797,9.7565,0.0016,0,9.8066,0.0086,-0.0036,0.0258,-25.12,-28.81,26.88,354.38,-87.2,-142.6
52.381817,-1.523797,147.68,1.54,2,129.42,20 / 20,1159029,2019-09-06 18:35:25:711,0.2677,-0.1443,9.8542,-0.0023,0.0023,9.8066,0.0289,-0.0147,-0.0057,-25.37,-29.19,27.44,354.86,-87.2,-142.14
52.381817,-1.523797,147.68,1.54,2,129.42,20 / 20,1159129,2019-09-06 18:35:25:811,-0.0957,0.1338,9.8867,-0.0003,-0.0013,9.8066,-0.0146,-0.0185,-0.0201,-25.44,-29.12,26.81,354.7,-87.17,-142.29
52.381817,-1.523797,147.68,1.54,2,129.42,20 / 20,1159228,2019-09-06 18:35:25:910,0.1865,-0.004,9.9287,0.0003,0.0037,9.8066,0.0095,0.0043,0.0193,-25.25,-28.87,27.5,355.43,-87.19,-142.64
52.381817,-1.523797,147.68,1.54,2,129.42,20 / 20,1159329,2019-09-06 18:35:26:011,0.2361,-0.2813,9.7365,-0.0015,0.0016,9.8066,0.029,-0.006,0.0192,-25.56,-29.87,27.69,354.28,-87.21,-142.61
52.381817,-1.523797,147.68,1.54,2,129.42,20 / 21,1159429,2019-09-06 18:35:26:111,0.2453,-0.1113,9.8797,-0.0017,0.0013,9.8066,0.0185,-0.0173,-0.015,-25.19,-29.56,26.75,354.55,-87.17,-142.43
52.381817,-1.523797,147.68,1.54,2,129.42,20 / 21,1159528,2019-09-06 18:35:26:210,-0.122,0.229,10.0204,0.0018,-0.0014,9.8066,-0.0277,-0.0057,0.002,-24.75,-29.87,27.94,355.41,-87.16,-142.65
52.381817,-1.523797,147.68,1.54,2,129.42,20 / 21,1159628,2019-09-06 18:35:26:310,0.2166,-0.0209,9.9799,0.0004,0.0013,9.8066,0.0087,-0.0013,0.0232,-25.06,-29.44,27.19,353.81,-87.17,-143.15
52.381817,-1.523797,147.68,1.54,2,129.42,20 / 21,1159728,2019-09-06 18:35:26:410,-0.1382,-0.0474,9.775,0.0005,-0.0017,9.8066,0.0186,-0.0002,0.0054,-25.5,-29.06,26.94,353.89,-87.16,-143.06
52.381817,-1.523797,147.68,1.54,2,129.42,20 / 21,1159829,2019-09-06 18:35:26:511,0.1828,-0.2809,9.7605,-0.0011,0.0022,9.8066,-0.0149,-0.0207,-0.0231,-24.87,-28.81,26.81,353.63,-87.12,-143.31
52.381817,-1.523797,147.68,1.54,2,129.42,20 / 21,1159929,2019-09-06 18:35:26:611,0.1223,-0.209,9.672,-0.0031,0.0045,9.8066,0.0164,0.006,0.017,-25.44,-29.19,27,353.59,-87.16,-143.35
52.381817,-1.523797,147.68,1.54,2,129.42,20 / 21,1160028,2019-09-06 18:35:26:710,0.1082,-0.0114,9.9954,0.0029,-0.0054,9.8066,-0.0081,-0.0036,0.004,-25.31,-28.81,27.19,353.32,-87.14,-143.61
52.381817,-1.523797,147.68,1.54,2,129.42,20 / 21,1160128,2019-09-06 18:35:26:810,0.1541,0.0362,9.8915,-0.0008,-0.0005,9.8066,-0.0143,-0.0113,-0.0283,-25,-29.75,27.25,353.51,-87.13,-143.42
52.381817,-1.523797,147.68,1.54,2,129.42,20 / 21,1160228,2019-09-06 18:35:26:910,-0.114,0.2614,10.1355,0.0001,0.0031,9.8066,0.0235,0.0095,0.0278,-25.12,-29.81,27.06,353.18,-87.15,-143.73
52.381817,-1.523797,147.68,1.54,2,129.42,20 / 21,1160328,2019-09-06 18:35:27:010,0.1123,-0.2249,9.7041,0.0014,-0.0036,9.8065,-0.0069,0.0042,0.0089,-25.19,-29.94,27.13,353.09,-87.14,-143.82
52.381817,-1.523797,147.68,1.54,2,129.42,20 / 20,1160428,2019-09-06 18:35:27:110,0.0756,-0.2473,9.7643,0.0003,-0.0002,9.8065,-0.0212,-0.0125,-0.0187,-25.37,-29.25,26.81,353.36,-87.11,-143.57
52.381817,-1.523797,147.68,1.54,2,129.42,20 / 20,1160529,2019-09-06 18:35:27:211,0.169,-0.3483,9.673,0.0014,0.0012,9.8066,0.0179,0.0077,0.0204,-25.25,-29,27.06,353.15,-87.14,-143.77
52.381817,-1.523797,147.68,1.54,2,129.42,20 / 20,1160628,2019-09-06 18:35:27:310,-0.071,0.2494,10.0843,0.0004,-0.0031,9.8066,-0.0053,-0.0169,-0.0112,-25,-29.12,27.19,353,-87.11,-143.92
52.381817,-1.523797,147.68,1.54,2,129.42,20 / 20,1160728,2019-09-06 18:35:27:410,0.0546,0.1645,10.0014,0.0026,-0.0009,9.8066,-0.0233,-0.0106,-0.0131,-25.12,-28.87,27.81,353.77,-87.08,-144.22
52.381817,-1.523797,147.68,1.54,2,129.42,20 / 20,1160829,2019-09-06 18:35:27:511,-0.2295,0.3572,10.0589,-0.0006,0.0008,9.8066,0.0277,0.0076,0.0249,-25.69,-28.62,26.88,351.56,-87.12,-144.18
52.381817,-1.523797,147.68,1.54,2,129.42,20 / 20,1160928,2019-09-06 18:35:27:610,0.3535,-0.5221,9.6333,-0.0005,-0.0027,9.8066,-0.0069,-0.0131,-0.0094,-25.5,-29.62,27.31,352.69,-87.09,-144.2
52.381817,-1.523797,147.68,1.54,2,129.42,20 / 20,1161028,2019-09-06 18:35:27:710,-0.1068,-0.0423,9.7579,0.0003,0.0028,9.8066,0.0018,0.0031,-0.0003,-24.75,-29.5,27.13,352.74,-87.08,-144.17
52.381817,-1.523797,147.68,1.54,2,129.42,20 / 20,1161128,2019-09-06 18:35:27:810,0.3436,-0.5405,9.6885,0.001,0.0012,9.8066,0.0268,0.0112,0.0327,-25.44,-29.94,26.94,352.4,-87.11,-144.48
52.381817,-1.523797,147.68,1.54,2,129.42,20 / 20,1161229,2019-09-06 18:35:27:911,-0.1553,0.3206,9.9954,-0.003,0.0005,9.8066,-0.0082,-0.0224,-0.0191,-25.06,-29.12,26.56,352.76,-87.07,-144.14
52.381817,-1.523797,147.68,1.54,2,129.42,20 / 20,1161329,2019-09-06 18:35:28:011,0.1177,0.1124,10.0371,-0.0006,0.0019,9.8066,0.0016,0.0091,-0.0115,-25.12,-29.31,26.94,352.68,-87.07,-144.22
52.381817,-1.523797,147.68,1.54,2,129.42,20 / 21,1161428,2019-09-06 18:35:28:110,-0.0006,0.1354,9.9379,0.0002,-0.0013,9.8066,0.0097,-0.0022,0.018,-25,-28.94,26.94,352.32,-87.09,-144.56
52.381817,-1.523797,147.68,1.54,2,129.42,20 / 21,1161528,2019-09-06 18:35:28:210,0.1922,-0.3462,9.7543,-0.002,-0.0014,9.8066,0.0085,-0.0177,-0.0195,-25.44,-29.06,27.19,352.51,-87.06,-144.39
52.381817,-1.523797,147.68,1.54,2,129.42,20 / 21,1161629,2019-09-06 18:35:28:311,0.2352,-0.3203,9.65,0.0008,0.002,9.8066,0.0042,0.0094,0.0093,-25.12,-29.56,27.44,352.01,-87.05,-144.85
52.381817,-1.523797,147.68,1.54,2,129.42,20 / 21,1161728,2019-09-06 18:35:28:410,-0.0847,0.0705,9.9257,0.0013,-0.0027,9.8066,-0.0072,0.0039,0.016,-25.31,-29.44,26.81,351.93,-87.05,-144.93
52.381817,-1.523797,147.68,1.54,2,129.42,20 / 21,1161829,2019-09-06 18:35:28:511,-0.0057,0.2135,9.9509,0.0003,-0.0031,9.8066,-0.0208,-0.005,-0.0229,-25.56,-29.56,27.31,350.93,-87.03,-144.77
52.381817,-1.523797,147.68,1.54,2,129.42,20 / 21,1161928,2019-09-06 18:35:28:610,-0.1165,0.2535,10.0458,0.0004,0.0023,9.8066,0.0037,0.0121,0.003,-25.25,-29.5,26.81,351.91,-87.05,-144.95
52.381817,-1.523797,147.68,1.54,2,129.42,20 / 21,1162029,2019-09-06 18:35:28:711,0.2105,-0.0139,9.8877,-0.0008,-0.0002,9.8066,0.0206,-0.0183,0.0117,-25.44,-29.5,26.75,351.58,-87.06,-145.28
52.381817,-1.523797,147.68,1.54,2,129.42,20 / 21,1162128,2019-09-06 18:35:28:810,-0.0909,0.0004,9.8845,0.0021,-0.004,9.8066,-0.0204,-0.0056,-0.0212,-25.19,-28.81,27,351.73,-87.03,-145.13
52.381817,-1.523797,147.68,1.54,2,129.42,20 / 21,1162228,2019-09-06 18:35:28:910,-0.0277,-0.1793,9.8012,0.0027,-0.001,9.8066,-0.0057,-0.0038,0.0174,-25.12,-28.62,27.25,351.32,-87.03,-145.52
52.381817,-1.523797,147.68,1.54,2,129.42,20 / 21,1162329,2019-09-06 18:35:29:011,0.3135,-0.4729,9.593,0.001,-0.0011,9.8066,0.0084,-0.0062,-0.0064,-25.37,-29.31,26.75,351.36,-87.05,-145.48
52.381817,-1.523797,147.68,1.54,2,129.42,20 / 21,1162428,2019-09-06 18:35:29:110,-0.1962,0.1499,9.9622,-0.0025,0.0028,9.8066,0,-0.0088,-0.0174,-25.56,-29.62,26.88,350.28,-87.02,-145.39
52.381817,-1.523797,147.68,1.54,2,129.42,20 / 21,1162528,2019-09-06 18:35:29:210,0.1475,0.0317,9.9783,0.0002,0.0016,9.8066,-0.0107,-0.0118,0.0084,-25.31,-29.75,26.88,351.25,-87.02,-145.57
52.381817,-1.523797,147.68,1.54,2,129.42,20 / 21,1162629,2019-09-06 18:35:29:311,-0.0451,0.272,9.993,0.0003,-0.0003,9.8066,0.0165,0.0021,0.0128,-25.06,-29.62,27.13,351.08,-87.03,-145.73
52.381817,-1.523797,147.68,1.54,2,129.42,20 / 21,1162729,2019-09-06 18:35:29:411,0.0115,0.1648,10.0804,-0.0006,-0.0029,9.8065,-0.01,-0.0124,-0.0231,-25.56,-28.75,26.63,350.16,-87,-145.51
52.381817,-1.523797,147.68,1.54,2,129.42,20 / 21,1162828,2019-09-06 18:35:29:510,0.1225,-0.2334,9.6765,-0.0017,0.0054,9.8066,0.0275,0.0032,0.0122,-24.87,-29.44,26.81,351.01,-87.02,-145.81
52.381817,-1.523797,147.68,1.54,2,129.42,20 / 21,1162929,2019-09-06 18:35:29:611,-0.029,-0.1523,9.8086,-0.0012,-0.0009,9.8066,0.0218,0.0071,0.0235,-25.62,-28.87,26.88,349.83,-87.02,-145.83
52.381817,-1.523797,147.68,1.54,2,129.42,20 / 21,1163029,2019-09-06 18:35:29:711,0.2877,-0.3634,9.638,-0.0004,-0.0013,9.8066,-0.0254,-0.0241,-0.0218,-25.44,-29.19,26.56,351.22,-86.98,-145.61
52.381817,-1.523797,147.68,1.54,2,129.42,20 / 21,1163128,2019-09-06 18:35:29:810,-0.0392,0.1143,9.9771,-0.0017,0.0041,9.8066,0.0154,0.0048,-0.0016,-25.62,-29.19,26.81,350.16,-87,-145.52
52.381817,-1.523797,147.68,1.54,2,129.42,20 / 21,1163229,2019-09-06 18:35:29:911,0.1594,0.0835,9.9874,-0.0002,-0.0018,9.8066,0.016,0.0033,0.0179,-25.25,-29.75,27.06,351,-87.01,-145.81
52.381817,-1.523797,147.68,1.54,2,129.42,20 / 21,1163328,2019-09-06 18:35:30:010,-0.1636,0.3822,10.0528,0.0005,-0.0033,9.8066,-0.0247,-0.0093,-0.0297,-25.56,-29.56,27.06,349.88,-86.97,-145.76
52.381817,-1.523797,147.68,1.54,2,129.42,21 / 21,1163429,2019-09-06 18:35:30:111,-0.1611,0.2007,10.0129,0.0015,0.0016,9.8066,0.0108,0.0041,0.0171,-25.44,-29.81,27.19,350.74,-86.99,-146.05
52.381817,-1.523797,147.68,1.54,2,129.42,21 / 21,1163529,2019-09-06 18:35:30:211,0.1803,-0.1545,9.7246,0.0016,-0.0018,9.8066,0.0014,0.0082,0.0229,-25.56,-29.5,27.31,349.48,-87,-146.16
52.381817,-1.523797,147.68,1.54,2,129.42,21 / 21,1163628,2019-09-06 18:35:30:310,-0.0064,-0.0943,9.8389,0.0007,-0.001,9.8066,-0.0185,-0.0197,-0.0194,-24.81,-28.44,27,350.92,-86.95,-145.9
52.381817,-1.523797,147.68,1.54,2,129.42,21 / 21,1163729,2019-09-06 18:35:30:411,-0.0812,0.1398,9.9211,0.0003,0.003,9.8066,0.031,0.0026,0.0257,-24.94,-29.06,27.06,350.79,-86.98,-146.02
52.381817,-1.523797,147.68,1.54,2,129.42,21 / 21,1163828,2019-09-06 18:35:30:510,0.1009,0.0063,9.9948,0.0008,-0.0028,9.8066,0.0036,-0.006,-0.0019,-25.12,-29.06,26.63,350.55,-86.97,-146.24
52.381817,-1.523797,147.68,1.54,2,129.42,21 / 21,1163929,2019-09-06 18:35:30:611,0.0323,0.1778,9.9398,0.0026,-0.0017,9.8066,-0.0254,-0.0134,-0.0145,-25,-29.06,26.75,350.43,-86.93,-146.36
52.381817,-1.523797,147.68,1.54,2,129.42,21 / 21,1164031,2019-09-06 18:35:30:713,-0.0346,0.2502,10.0497,-0.0001,0.001,9.8066,0.0249,-0.0015,0.0182,-25.37,-29.56,27.13,350.43,-86.97,-146.35
52.381817,-1.523797,147.68,1.54,2,129.42,21 / 21,1164128,2019-09-06 18:35:30:810,0.0021,0.1537,10.0367,-0.0005,-0.0023,9.8066,-0.0105,-0.0069,-0.009,-25.25,-29.5,27.31,350.49,-86.94,-146.3
52.381817,-1.523797,147.68,1.54,2,129.42,21 / 21,1164229,2019-09-06 18:35:30:911,-0.0091,-0.1218,9.7364,-0.0027,0.0034,9.8066,0.0171,-0.0106,0.0084,-25.06,-29.25,26.69,350.46,-86.92,-146.33
52.381817,-1.523797,147.68,1.54,2,129.42,21 / 21,1164329,2019-09-06 18:35:31:011,0.1588,-0.2187,9.795,-0.0007,0.0003,9.8066,0.0207,0.0019,0.0152,-25.56,-29.62,26.88,349.42,-86.95,-146.2
52.381817,-1.523797,147.68,1.54,2,129.42,21 / 21,1164429,2019-09-06 18:35:31:111,0.1039,-0.3096,9.668,0.0005,-0.0039,9.8066,-0.0267,-0.0078,-0.0189,-25.06,-29.25,27.19,350.73,-86.9,-146.07
52.381817,-1.523797,147.68,1.54,2,129.42,21 / 21,1164529,2019-09-06 18:35:31:211,0.0228,0.0848,10.0231,-0.0026,0.0042,9.8066,0.0191,0.003,0.0206,-24.94,-29.25,26.81,350.88,-86.93,-145.93
52.381817,-1.523797,147.68,1.54,2,129.42,21 / 21,1164628,2019-09-06 18:35:31:310,0.0095,0.1903,9.9503,-0.0008,-0.0016,9.8066,-0.002,-0.0014,0.0006,-26,-29.19,26.38,348.39,-86.93,-146.1
52.381817,-1.523797,147.68,1.54,2,129.42,21 / 21,1164729,2019-09-06 18:35:31:411,0.1412,-0.2707,9.756,-0.0008,-0.0016,9.8066,-0.0036,-0.0157,-0.0031,-25.56,-28.87,27,349.8,-86.9,-145.84
52.381817,-1.523797,147.68,1.54,2,129.42,21 / 21,1164828,2019-09-06 18:35:31:510,0.1481,-0.3388,9.65,0.0015,-0.0004,9.8066,0.0221,0.0041,0.0221,-25.44,-29.31,27.25,350.73,-86.92,-146.07
52.381817,-1.523797,147.68,1.54,2,129.42,21 / 21,1164928,2019-09-06 18:35:31:610,-0.04,-0.0064,9.8519,0.0004,-0.0025,9.8066,-0.0005,0.0022,0.0002,-25.56,-29.5,26.81,349.58,-86.9,-146.05
52.381817,-1.523797,147.68,1.54,2,129.42,21 / 21,1165028,2019-09-06 18:35:31:710,0.3006,-0.2785,9.7652,0.0025,-0.0012,9.8066,-0.0175,-0.014,-0.0094,-25,-29,27.06,350.44,-86.87,-146.34
52.381817,-1.523797,147.68,1.54,2,129.42,21 / 21,1165128,2019-09-06 18:35:31:810,-0.177,0.3924,10.0566,0.0008,0.001,9.8066,0.0149,0.0022,0.0199,-25.12,-29.25,27.06,350.45,-86.9,-146.33
52.381817,-1.523797,147.68,1.54,2,129.42,21 / 21,1165229,2019-09-06 18:35:31:911,0.205,-0.1269,9.8325,0.0009,-0.0034,9.8066,-0.0191,-0.0125,-0.0043,-25.31,-28.87,27.13,350.63,-86.9,-146.17
52.381817,-1.523797,147.68,1.54,2,129.42,21 / 21,1165328,2019-09-06 18:35:32:010,-0.1814,0.1612,9.898,0.0019,-0.0007,9.8066,-0.025,-0.0103,-0.0127,-25.62,-28.94,27.25,349.44,-86.88,-146.18
52.381817,-1.523797,147.68,1.54,2,129.42,22 / 22,1165429,2019-09-06 18:35:32:111,0.2802,-0.2471,9.7379,-0.0015,0.0029,9.8065,0.033,0.0069,0.0195,-25.44,-28.62,27.25,350.56,-86.92,-146.23
52.381817,-1.523797,147.68,1.54,2,129.42,22 / 22,1165528,2019-09-06 18:35:32:210,-0.095,-0.0194,9.8051,0.0005,0.0021,9.8066,0.0174,0.0057,0.0191,-25.44,-28.87,27.56,351.58,-86.91,-146.3
52.381817,-1.523797,147.68,1.54,2,129.42,22 / 22,1165629,2019-09-06 18:35:32:311,0.1847,-0.0634,9.9434,-0.0003,-0.0021,9.8066,0.0184,0.0014,0.0121,-25.06,-29.25,27.75,351.58,-86.9,-146.3
52.381817,-1.523797,147.68,1.54,2,129.42,22 / 22,1165729,2019-09-06 18:35:32:411,-0.1523,0.1412,9.8718,0.0013,-0.0001,9.8066,-0.0161,-0.0147,-0.0163,-25.5,-29.06,27.44,350.43,-86.86,-146.35
52.381817,-1.523797,147.68,1.54,2,129.42,22 / 22,1165828,2019-09-06 18:35:32:510,0.1442,-0.0573,9.8438,0.0024,0.0002,9.8066,0.0185,0.017,0.0155,-26.25,-28.87,27.5,350.03,-86.88,-146.67
52.381817,-1.523797,147.68,1.54,2,129.42,22 / 22,1165929,2019-09-06 18:35:32:611,0.0306,-0.0862,9.7178,0.0016,-0.0042,9.8066,-0.0135,-0.008,-0.0062,-25.87,-29,26.75,348.66,-86.88,-146.93
52.381817,-1.523797,147.68,1.54,2,129.42,22 / 22,1166029,2019-09-06 18:35:32:711,0.1673,-0.0369,9.917,0.0011,-0.002,9.8066,0.0134,-0.0073,-0.0009,-25.69,-28.81,26.31,347.51,-86.84,-146.93
52.381817,-1.523797,147.68,1.54,2,129.42,22 / 22,1166129,2019-09-06 18:35:32:811,-0.054,0.183,9.9445,-0.0023,0.0027,9.8066,0.0286,0.0017,0.0167,-25.69,-28.69,26.88,348.7,-86.88,-146.89
52.381817,-1.523797,147.68,1.54,2,129.42,22 / 22,1166229,2019-09-06 18:35:32:911,0.0133,0.0609,9.9957,0.0004,-0.0028,9.8066,-0.0057,-0.0121,-0.0054,-25.31,-28.75,26.69,349.72,-86.85,-147.03
52.381817,-1.523797,147.68,1.54,2,129.42,22 / 22,1166328,2019-09-06 18:35:33:010,0.1018,-0.1331,9.6957,-0.0003,0.0033,9.8066,0.0022,-0.0037,0.0059,-25.12,-28.94,26.63,349.52,-86.85,-147.22
52.381817,-1.523797,147.68,1.54,2,129.42,21 / 21,1166429,2019-09-06 18:35:33:111,-0.033,0.0677,9.8149,0.0002,0.0008,9.8066,-0.0084,0.0108,0.0117,-25.62,-29.5,27.56,349.37,-86.87,-147.3
52.381817,-1.523797,147.68,1.54,2,129.42,21 / 21,1166528,2019-09-06 18:35:33:210,0.0947,-0.0206,9.9029,-0.0029,-0.0002,9.8066,-0.0253,-0.0175,-0.0203,-24.87,-29.69,27.5,350.63,-86.85,-147.18
52.381817,-1.523797,147.68,1.54,2,129.42,21 / 21,1166629,2019-09-06 18:35:33:311,0.1949,-0.2274,9.7165,-0.0002,0.0023,9.8066,0.0166,-0.0054,-0.0053,-25.12,-29.62,27.06,349.81,-86.85,-146.93
52.381817,-1.523797,147.68,1.54,2,129.42,21 / 21,1166730,2019-09-06 18:35:33:412,0.1017,-0.142,9.8803,-0.0001,0.0005,9.8066,0.0094,-0.0038,0.0186,-25.25,-28.75,26.75,349.49,-86.89,-147.25
52.381817,-1.523797,147.68,1.54,2,129.42,21 / 21,1166830,2019-09-06 18:35:33:512,0.0577,0.1149,9.8668,-0.0001,-0.0021,9.8066,-0.0183,-0.0166,-0.0208,-25.69,-28.87,27,348.59,-86.87,-147
52.381817,-1.523797,147.68,1.54,2,129.42,21 / 21,1166929,2019-09-06 18:35:33:611,-0.1842,0.2384,10.0108,-0.002,-0.0009,9.8066,0.0116,0.011,0.0185,-25.19,-29.12,26.94,349.7,-86.88,-147.05
52.381817,-1.523797,147.68,1.54,2,129.42,21 / 21,1167029,2019-09-06 18:35:33:711,0.2366,-0.2983,9.7207,0.0009,0.0025,9.8066,0.0195,0.0056,0.016,-25.19,-29.12,26.5,349.54,-86.87,-147.2
52.381817,-1.523797,147.68,1.54,2,129.42,21 / 21,1167129,2019-09-06 18:35:33:811,-0.1139,-0.0843,9.7751,0.0003,0.0026,9.8066,-0.0289,-0.0069,-0.0158,-25.19,-29.5,26.56,349.39,-86.9,-147.35
52.381817,-1.523797,147.68,1.54,2,129.42,21 / 21,1167228,2019-09-06 18:35:33:910,0.2259,-0.2262,9.7514,-0.0027,0.0005,9.8066,-0.0058,0.0149,0.0146,-25.31,-29.75,27,349.56,-86.9,-147.17
52.381817,-1.523797,147.68,1.54,2,129.42,21 / 21,1167328,2019-09-06 18:35:34:010,-0.247,0.1892,9.9124,-0.001,0.0019,9.8066,-0.0008,-0.0169,0.0058,-25.37,-29.31,27,349.67,-86.89,-147.08
52.381817,-1.523797,147.68,1.54,2,129.42,21 / 21,1167428,2019-09-06 18:35:34:110,0.103,0.0392,9.926,-0.0017,0.002,9.8066,-0.0095,-0.0005,-0.0218,-25.5,-29.5,27.19,349.44,-86.92,-147.31
52.381817,-1.523797,147.68,1.54,2,129.42,21 / 21,1167529,2019-09-06 18:35:34:211,-0.1098,0.0801,9.8502,-0.0028,-0.0006,9.8066,0.0093,0.0014,0.0229,-24.94,-29.06,26.69,349.86,-86.91,-146.9
52.381817,-1.523797,147.68,1.54,2,129.42,21 / 21,1167629,2019-09-06 18:35:34:311,0.2094,-0.1941,9.8082,0.0021,-0.0001,9.8066,0.0084,-0.0138,0.0165,-25.19,-28.62,26.94,349.73,-86.88,-147.02
52.381817,-1.523797,147.68,1.54,2,129.42,21 / 21,1167729,2019-09-06 18:35:34:411,0.0772,-0.1533,9.6737,-0.0008,0.0014,9.8066,-0.0119,0.0027,-0.015,-25.5,-29.06,27.13,349.83,-86.91,-146.93
52.381817,-1.523797,147.68,1.54,2,129.42,21 / 21,1167828,2019-09-06 18:35:34:510,0.1107,-0.174,9.7784,-0.0005,-0.0019,9.8066,0.0104,0.0107,0.0188,-25.56,-29.31,26.44,347.8,-86.89,-146.66
52.381817,-1.523797,147.68,1.54,2,129.42,21 / 21,1167928,2019-09-06 18:35:34:610,0.0654,-0.0154,9.8431,0.002,0.0005,9.8066,0.0117,-0.0047,-0.0037,-25.12,-29.19,27.38,349.89,-86.89,-146.87
52.381817,-1.523797,147.68,1.54,2,129.42,21 / 21,1168028,2019-09-06 18:35:34:710,-0.1461,0.0818,9.9077,0.0007,-0.0034,9.8066,-0.0026,0.0036,-0.0121,-24.62,-29.56,27,350.01,-86.9,-146.74
52.381817,-1.523797,147.68,1.54,2,129.42,21 / 21,1168129,2019-09-06 18:35:34:811,0.1704,-0.0113,9.9293,0.0015,-0.0026,9.8065,0.0118,-0.0017,0.019,-25.56,-30.06,26.94,349.01,-86.88,-146.58
52.381817,-1.523797,147.68,1.54,2,129.42,21 / 21,1168228,2019-09-06 18:35:34:910,-0.0944,0.2864,10.0247,0.0002,0.0028,9.8066,-0.0121,-0.0124,-0.0146,-25.56,-29.75,26.88,348.73,-86.91,-146.85
52.381817,-1.523797,147.68,1.54,2,129.42,21 / 21,1168328,2019-09-06 18:35:35:010,-0.2464,0.1711,9.9782,0.0025,-0.0037,9.8066,0.0034,0.0101,0.0098,-25.19,-28.94,26.38,348.52,-86.89,-147.09
52.381817,-1.523797,147.68,1.54,2,129.42,21 / 21,1168428,2019-09-06 18:35:35:110,0.1536,-0.1644,9.7529,-0.0025,0.0023,9.8066,0.0128,0.0103,0.0178,-25.19,-28.87,26.94,350.18,-86.89,-146.59
52.381817,-1.523797,147.68,1.54,2,129.42,21 / 21,1168529,2019-09-06 18:35:35:211,0.0222,-0.0783,9.8483,-0.0004,0.0032,9.8066,-0.0081,-0.0182,-0.0187,-25.19,-28.25,26.88,349.81,-86.9,-146.96
52.381817,-1.523797,147.68,1.54,2,129.42,21 / 21,1168629,2019-09-06 18:35:35:311,0.1328,-0.2775,9.7372,-0.0003,-0.0019,9.8066,0.0074,-0.0013,0.011,-25.25,-28.5,27.44,349.95,-86.87,-146.83
52.381817,-1.523797,147.68,1.54,2,129.42,21 / 21,1168729,2019-09-06 18:35:35:411,-0.0895,0.1419,9.9727,0.0008,0.003,9.8066,-0.0093,-0.0069,0.0025,-25.56,-28.62,26.88,348.65,-86.88,-146.94
52.381817,-1.523797,147.68,1.54,2,129.42,21 / 21,1168829,2019-09-06 18:35:35:511,0.0918,0.1812,9.8904,-0.0002,-0.0005,9.8066,-0.0226,-0.0116,-0.0189,-26.12,-29.69,26.81,348.41,-86.91,-147.16
52.381817,-1.523797,147.68,1.54,2,129.42,21 / 21,1168928,2019-09-06 18:35:35:610,-0.1645,0.3937,10.1202,-0.0007,-0.0018,9.8066,0.0346,-0.0036,0.0249,-25.94,-29.56,27.06,348.52,-86.88,-147.05
52.381817,-1.523797,147.68,1.54,2,129.42,21 / 21,1169029,2019-09-06 18:35:35:711,0.0491,-0.2919,9.6418,0.0018,0,9.8066,-0.0052,-0.0027,-0.0044,-25.06,-29.81,26.63,349.67,-86.9,-147.06
52.381817,-1.523797,147.68,1.54,2,129.42,21 / 21,1169128,2019-09-06 18:35:35:810,0.0188,-0.1291,9.8139,0.0014,-0.0031,9.8066,0.0081,-0.0042,0.0061,-25.62,-29.44,26.88,348.45,-86.89,-147.13
52.381817,-1.523797,147.68,1.54,2,129.42,21 / 21,1169229,2019-09-06 18:35:35:911,-0.0107,0.1827,9.9294,0.001,0.0022,9.8066,0.0011,0.0091,0.0029,-25.31,-29,27.19,349.46,-86.87,-147.28
52.381817,-1.523797,147.68,1.54,2,129.42,21 / 21,1169329,2019-09-06 18:35:36:011,-0.1898,0.3777,10.038,0.0001,0.0009,9.8066,-0.0161,-0.0129,-0.0187,-25.25,-29.25,26.56,349.34,-86.89,-147.4
52.381817,-1.523797,147.68,1.54,2,129.42,21 / 21,1169429,2019-09-06 18:35:36:111,0.1551,-0.0308,9.899,-0.0019,0.0041,9.8066,-0.0118,-0.0069,-0.0141,-25.25,-28.56,27.19,349.49,-86.88,-147.25
52.381817,-1.523797,147.68,1.54,2,129.42,21 / 21,1169528,2019-09-06 18:35:36:210,-0.1445,0.0867,9.8893,0.0021,-0.0033,9.8066,-0.0119,-0.0205,-0.0099,-25.56,-29.44,27.31,347.96,-86.88,-147.6
52.381817,-1.523797,147.68,1.54,2,129.42,21 / 21,1169629,2019-09-06 18:35:36:311,0.2336,-0.2738,9.7291,0.0015,-0.003,9.8066,0.0311,0.0149,0.0221,-25.56,-29.37,27.19,348.05,-86.86,-147.51
52.381817,-1.523797,147.68,1.54,2,129.42,21 / 21,1169728,2019-09-06 18:35:36:410,-0.1125,-0.0192,9.7947,0.0004,0.0025,9.8066,-0.015,-0.0246,-0.0131,-25.31,-29.37,26.81,348.92,-86.87,-147.8
52.381817,-1.523797,147.68,1.54,2,129.42,21 / 21,1169829,2019-09-06 18:35:36:511,0.0742,0.0084,9.9141,-0.0015,0.0007,9.8066,0.0113,0.0025,0.0034,-25.69,-29.62,26.63,347.63,-86.89,-147.9
52.381817,-1.523797,147.68,1.54,2,129.42,21 / 21,1169928,2019-09-06 18:35:36:610,-0.1581,0.182,9.9146,0.0018,-0.0019,9.8066,0.0342,0.0054,0.0282,-24.94,-28.62,26.5,348.75,-86.85,-147.95
52.381817,-1.523797,147.68,1.54,2,129.42,21 / 21,1170029,2019-09-06 18:35:36:711,-0.0146,0.1345,9.952,0.0024,0.001,9.8066,-0.0186,-0.0056,-0.0216,-24.75,-28.44,26.5,348.63,-86.87,-148.09
52.381817,-1.523797,147.68,1.54,2,129.42,21 / 21,1170128,2019-09-06 18:35:36:810,0.0058,-0.0605,9.7797,-0.0006,-0.0027,9.8066,-0.002,-0.0079,-0.0067,-25.37,-28.94,27.06,348.61,-86.87,-148.09
52.381817,-1.523797,147.68,1.54,2,129.42,21 / 21,1170229,2019-09-06 18:35:36:911,0.112,-0.1379,9.8803,0.0005,-0.002,9.8066,0.0102,0.0013,0.0169,-25.56,-29.5,26.81,347.57,-86.84,-147.97
52.381817,-1.523797,147.68,1.54,2,129.42,21 / 21,1170329,2019-09-06 18:35:37:011,0.0784,0.0922,9.8708,0.0002,0.0042,9.8066,-0.0313,-0.0157,-0.026,-25.56,-29.25,27.13,347.15,-86.86,-148.37
52.381817,-1.523797,147.68,1.54,2,129.42,21 / 22,1170429,2019-09-06 18:35:37:111,-0.146,0.1808,10.0183,0.001,-0.0035,9.8066,0.0198,0.0123,0.0154,-25.12,-29.87,26.94,348.12,-86.85,-148.53
52.381817,-1.523797,147.68,1.54,2,129.42,21 / 22,1170529,2019-09-06 18:35:37:211,0.1913,0.0221,9.9871,-0.0017,0.0045,9.8066,-0.0087,-0.0193,-0.0072,-25.5,-30.06,27,348.27,-86.86,-148.4
52.381817,-1.523797,147.68,1.54,2,129.42,21 / 22,1170628,2019-09-06 18:35:37:310,-0.0795,0.0982,9.8817,-0.0005,0.0033,9.8066,-0.0211,-0.0152,-0.016,-25.31,-29.5,26.88,347.97,-86.89,-148.71
52.381817,-1.523797,147.68,1.54,2,129.42,21 / 22,1170729,2019-09-06 18:35:37:411,0.0718,0.0177,9.9082,-0.0013,-0.0014,9.8066,0.0095,0.0066,0.0146,-25.5,-28.19,26.94,348.09,-86.85,-148.6
52.381817,-1.523797,147.68,1.54,2,129.42,21 / 22,1170829,2019-09-06 18:35:37:511,0.1242,-0.2018,9.7542,-0.0008,0.0028,9.8066,-0.0122,-0.012,-0.0053,-25.75,-29.37,26.75,346.92,-86.86,-148.59
52.381817,-1.523797,147.68,1.54,2,129.42,21 / 22,1170928,2019-09-06 18:35:37:610,-0.1329,0.163,9.8729,0.0015,-0.001,9.8066,-0.0185,-0.0157,-0.0202,-25.44,-29,27.31,347.87,-86.88,-148.8
52.381817,-1.523797,147.68,1.54,2,129.42,21 / 22,1171028,2019-09-06 18:35:37:710,0.2716,-0.3889,9.6916,-0.0022,-0.0006,9.8066,0.0293,0.012,0.0299,-24.81,-29.12,26.63,348.16,-86.86,-148.52
52.381817,-1.523797,147.68,1.54,2,129.42,21 / 22,1171129,2019-09-06 18:35:37:811,-0.0005,-0.1338,9.7123,-0.0017,0.0039,9.8066,-0.0136,-0.0186,-0.0003,-25.37,-29.56,26.56,348.11,-86.89,-148.56
52.381817,-1.523797,147.68,1.54,2,129.42,21 / 22,1171229,2019-09-06 18:35:37:911,-0.0228,-0.0483,9.8664,-0.0008,0.0009,9.8066,0.0063,0.0013,-0.0059,-24.94,-29.75,27.06,347.87,-86.89,-148.78
52.381817,-1.523797,147.68,1.54,2,129.42,21 / 22,1171328,2019-09-06 18:35:38:010,0.0139,0.1503,9.9349,0.0026,-0.0039,9.8066,0.0281,0.0057,0.0276,-24.94,-29.56,26.94,347.9,-86.85,-148.75
52.381817,-1.523797,147.68,1.54,2,129.42,21 / 21,1171430,2019-09-06 18:35:38:112,-0.1621,0.3393,10.0774,0.0016,0,9.8066,0.0025,-0.0165,-0.0163,-25.37,-30,27.06,347.85,-86.87,-148.8
52.381817,-1.523797,147.68,1.54,2,129.42,21 / 21,1171529,2019-09-06 18:35:38:211,0.0852,-0.4786,9.5937,-0.0009,-0.0003,9.8066,0.0137,-0.0163,0.0132,-24.62,-28.81,27,347.49,-86.9,-149.17
52.381817,-1.523797,147.68,1.54,2,129.42,21 / 21,1171628,2019-09-06 18:35:38:310,-0.1018,-0.0377,9.7957,-0.0002,-0.0042,9.8066,-0.0189,-0.0081,-0.0242,-25.12,-29.37,27.19,347.87,-86.86,-148.8
52.381817,-1.523797,147.68,1.54,2,129.42,21 / 21,1171729,2019-09-06 18:35:38:411,0.2719,-0.3197,9.7059,0.0009,0.0025,9.8066,0.0069,0.0007,0.0198,-25.06,-28.94,26.94,347.49,-86.86,-149.16
52.381817,-1.523797,147.68,1.54,2,129.42,21 / 21,1171828,2019-09-06 18:35:38:510,-0.13,0.0215,9.8195,-0.0003,-0.0008,9.8066,0.024,-0.0097,0.0192,-25.19,-29.5,26.69,347.6,-86.88,-149.06
52.381817,-1.523797,147.68,1.54,2,129.42,21 / 21,1171929,2019-09-06 18:35:38:611,0.0747,0.0522,9.93,0.0001,-0.0004,9.8066,-0.0151,0.0054,-0.0194,-25.25,-29.25,26.81,347.78,-86.84,-148.87
52.381817,-1.523797,147.68,1.54,2,129.42,21 / 21,1172029,2019-09-06 18:35:38:711,-0.1934,0.1854,9.8874,0.0004,0.0013,9.8066,0.0154,-0.0052,0.0178,-25.81,-29.75,27.5,347.56,-86.86,-149.01
52.381817,-1.523797,147.68,1.54,2,129.42,21 / 21,1172128,2019-09-06 18:35:38:810,0.0491,0.0621,9.9052,-0.0018,0.0004,9.8066,0.021,-0.0149,0.0014,-24.81,-29.19,26.75,347.43,-86.87,-149.22
52.381817,-1.523797,147.68,1.54,2,129.42,21 / 21,1172229,2019-09-06 18:35:38:911,-0.055,-0.0893,9.7651,0.0003,-0.0015,9.8066,-0.0122,-0.0034,-0.0195,-25.5,-29.06,26.75,347.6,-86.84,-149.05
52.381817,-1.523797,147.68,1.54,2,129.42,21 / 21,1172329,2019-09-06 18:35:39:011,0.1462,-0.0582,9.9436,-0.0007,0.0036,9.8066,0.0157,-0.0022,0.0229,-24.94,-29.06,26.94,347.25,-86.87,-149.39
52.381817,-1.523797,147.68,1.54,2,129.42,21 / 21,1172429,2019-09-06 18:35:39:111,0.0087,0.0849,9.9254,-0.0021,-0.0004,9.8066,0.0184,-0.0145,-0.0044,-24.81,-28.44,26.81,347.49,-86.87,-149.18
52.381817,-1.523797,147.68,1.54,2,129.42,21 / 21,1172528,2019-09-06 18:35:39:210,0.3756,-0.3336,9.7963,-0.0005,0.0016,9.8066,0.0029,0.0028,-0.0037,-25.31,-28.75,27.06,347.49,-86.86,-149.16
52.381817,-1.523797,147.68,1.54,2,129.42,21 / 21,1172629,2019-09-06 18:35:39:311,0.2361,-0.2799,9.7542,0.0003,0.0015,9.8066,0.0191,-0.0084,0.0209,-25.12,-28.81,27,347.24,-86.87,-149.4
52.381817,-1.523797,147.68,1.54,2,129.42,21 / 21,1172729,2019-09-06 18:35:39:411,0.4437,-0.5087,9.7297,-0.0012,-0.0005,9.8066,0.0175,-0.0169,0.0013,-25.19,-29.44,26.31,345.63,-86.83,-149.84
52.381817,-1.523797,147.68,1.54,2,129.42,21 / 21,1172829,2019-09-06 18:35:39:511,0.2298,-0.3591,9.7604,-0.0001,-0.0026,9.8066,0.0017,-0.0058,-0.0228,-24.75,-29.87,26.81,347.06,-86.79,-149.54
52.381817,-1.523797,147.68,1.54,2,129.42,21 / 21,1172929,2019-09-06 18:35:39:611,0.5752,-0.5131,9.8562,0.0021,-0.0017,9.8066,-0.0017,-0.0199,0.0089,-25.06,-29.62,26.94,346.32,-86.77,-150.24
52.381817,-1.523797,147.68,1.54,2,129.42,21 / 21,1173029,2019-09-06 18:35:39:711,0.2418,-0.2631,9.8609,0.0025,-0.0025,9.8066,-0.0089,-0.0075,0.0009,-25.37,-29.44,27.13,346.26,-86.75,-150.31
52.381817,-1.523797,147.68,1.54,2,129.42,21 / 21,1173129,2019-09-06 18:35:39:811,0.4451,-0.5024,9.7874,0.0018,-0.0001,9.8066,0.0077,-0.0059,0.0137,-25.06,-28.81,27.06,345.97,-86.75,-150.59
52.381817,-1.523797,147.68,1.54,2,129.42,21 / 21,1173228,2019-09-06 18:35:39:910,0.5282,-0.6079,9.7737,0.0013,-0.0029,9.8066,0.0083,-0.0045,0.0095,-24.87,-28.62,27.19,345.93,-86.73,-150.62
52.381817,-1.523797,147.68,1.54,2,129.42,21 / 21,1173329,2019-09-06 18:35:40:011,0.3922,-0.4253,9.8615,-0.0006,-0.0003,9.8066,0.0055,-0.0163,-0.0111,-25.25,-28.37,27.25,346.02,-86.7,-150.56
52.381817,-1.523797,147.68,1.54,2,129.42,21 / 21,1173429,2019-09-06 18:35:40:111,0.3477,-0.5128,9.9331,0.0013,-0.0012,9.8066,-0.0085,-0.009,-0.001,-24.62,-29,27.19,345.88,-86.68,-150.66
52.381817,-1.523797,147.68,1.54,2,129.42,21 / 21,1173528,2019-09-06 18:35:40:210,0.2948,-0.5194,9.8518,-0.0013,0.0042,9.8066,-0.007,-0.0073,0.0059,-24.81,-28.75,26.94,345.84,-86.71,-150.71
52.381817,-1.523797,147.68,1.54,2,129.42,21 / 21,1173629,2019-09-06 18:35:40:311,0.2822,-0.3444,9.7962,0.0012,-0.0011,9.8066,-0.0105,0.0134,-0.001,-24.87,-29.69,27.94,346.63,-86.7,-150.98
52.381817,-1.523797,147.68,1.54,2,129.42,21 / 21,1173729,2019-09-06 18:35:40:411,0.4271,-0.5357,9.8182,0.0029,-0.0015,9.8066,0.0131,-0.004,-0.0068,-24.81,-29.75,27.25,344.91,-86.69,-151.56
52.381817,-1.523797,147.68,1.54,2,129.42,21 / 21,1173829,2019-09-06 18:35:40:511,0.6832,-0.6673,9.8908,0.0051,0.0011,9.8066,0.0236,-0.0213,0.0111,-25.06,-29,27.19,344.06,-86.67,-152.4
52.381817,-1.523797,147.68,1.54,2,129.42,21 / 21,1173928,2019-09-06 18:35:40:610,0.6146,-0.8737,9.7723,0.004,-0.0014,9.8066,0.0252,0.0027,-0.0072,-24.81,-28.62,26.69,343.34,-86.63,-153.08
52.381817,-1.523797,147.68,1.54,2,129.42,21 / 21,1174029,2019-09-06 18:35:40:711,0.7791,-1.2065,9.9343,0.0008,-0.0007,9.8066,0.0622,0.0021,-0.0109,-24.56,-29.12,27.69,343.44,-86.58,-154.02
52.381817,-1.523797,147.68,1.54,2,129.42,21 / 21,1174128,2019-09-06 18:35:40:810,0.9901,-1.4854,9.7462,0.0123,-0.0076,9.8066,0.0255,-0.0133,0.0026,-24.5,-28.56,28.06,341.98,-86.45,-156.53
52.381817,-1.523797,147.68,1.54,2,129.42,21 / 21,1174228,2019-09-06 18:35:40:910,0.7083,-0.7462,9.7798,0.0052,-0.0034,9.8066,0.0063,-0.0105,-0.0083,-24.25,-28.75,27.75,341.27,-86.41,-157.18
52.381817,-1.523797,147.68,1.54,2,129.42,21 / 21,1174328,2019-09-06 18:35:41:010,0.7488,-0.7419,10.1548,-0.0072,0.0059,9.8066,0.0229,0.0107,0.0192,-24.44,-29.31,27.56,341.86,-86.44,-156.63
52.381817,-1.523797,147.68,1.54,2,129.42,21 / 22,1174429,2019-09-06 18:35:41:111,1.0989,-1.3152,9.713,-0.0057,0.0073,9.8066,0.0031,0.0113,-0.001,-24.37,-28.94,27.63,342.39,-86.46,-156.13
52.381817,-1.523797,147.68,1.54,2,129.42,21 / 22,1174528,2019-09-06 18:35:41:210,0.5288,-1.1831,9.721,-0.0061,0.0044,9.8066,0.0086,0.0154,0.0084,-24.31,-29,27.31,341.79,-86.5,-155.67
52.381817,-1.523797,147.68,1.54,2,129.42,21 / 22,1174628,2019-09-06 18:35:41:310,0.6145,-0.7243,9.9709,0.0039,0.0044,9.8066,0.0161,-0.018,-0.0112,-25.06,-29.06,28.06,341.4,-86.52,-155.95
52.381817,-1.523797,147.68,1.54,2,129.42,21 / 22,1174729,2019-09-06 18:35:41:411,0.6325,-0.6803,9.6767,0.0049,0,9.8066,-0.0027,0.0098,-0.0053,-24.81,-28.81,27.31,339.67,-86.56,-156.56
52.381817,-1.523797,147.68,1.54,2,129.42,21 / 22,1174829,2019-09-06 18:35:41:511,0.3063,-0.7446,9.7402,-0.0048,0.0101,9.8066,-0.0132,0.0048,-0.0163,-25.75,-29.19,27.25,338.08,-86.57,-156.97
52.381817,-1.523797,147.68,1.54,2,129.42,21 / 22,1174929,2019-09-06 18:35:41:611,0.1255,-0.2159,9.7772,-0.0044,0.0022,9.8066,0.0338,-0.0159,0.0088,-24.25,-29.62,27.31,340.5,-86.67,-156.91
52.381817,-1.523797,147.68,1.54,2,129.42,21 / 22,1175028,2019-09-06 18:35:41:710,0.2285,-0.4599,9.6569,0.0024,0.0034,9.8066,0.0138,-0.0112,-0.0119,-24.94,-28.81,27.06,338.89,-86.67,-157.33
52.381817,-1.523797,147.68,1.54,2,129.42,21 / 22,1175129,2019-09-06 18:35:41:811,-0.1217,0.0699,10.0488,0.0046,-0.0057,9.8066,0.0083,-0.0155,0.0068,-25.06,-29.62,27.38,338.79,-86.65,-157.39
52.381817,-1.523797,147.68,1.54,2,129.42,21 / 22,1175229,2019-09-06 18:35:41:911,0.13,-0.065,9.8585,0.0003,0.0021,9.8066,0.0298,-0.0148,-0.0023,-24.44,-29.87,27.69,340.79,-86.68,-157.69
52.381817,-1.523797,147.68,1.54,2,129.42,21 / 22,1175329,2019-09-06 18:35:42:011,0.0249,-0.0872,9.7108,0.0018,-0.0023,9.8065,-0.0058,-0.02,-0.0086,-24.75,-29.31,27.69,339.27,-86.63,-158.02
52.381817,-1.523797,147.68,1.54,2,129.42,22 / 22,1175428,2019-09-06 18:35:42:110,0.0616,-0.2682,9.8685,-0.0003,-0.0028,9.8066,0.0164,-0.047,-0.0038,-24.37,-29.44,28.19,340.41,-86.61,-158.06
52.381817,-1.523797,147.68,1.54,2,129.42,22 / 22,1175529,2019-09-06 18:35:42:211,0.2034,-0.0558,9.9206,-0.0021,0.0045,9.8066,0.0159,0.0007,-0.013,-24.44,-29.25,27.94,340.56,-86.6,-157.91
52.381817,-1.523797,147.68,1.54,2,129.42,22 / 22,1175628,2019-09-06 18:35:42:310,0.0275,-0.0859,9.8719,0.0041,-0.0053,9.8066,-0.0009,-0.0282,0.0052,-25.12,-28.69,27.81,338.59,-86.59,-158.65
52.381817,-1.523797,147.68,1.54,2,129.42,22 / 22,1175729,2019-09-06 18:35:42:411,-0.1925,0.0361,9.8453,0.0047,-0.0059,9.8065,0.0106,-0.0485,-0.0043,-24.75,-29,27.44,337.64,-86.56,-158.49
52.381817,-1.523797,147.68,1.54,2,129.42,22 / 22,1175828,2019-09-06 18:35:42:510,-0.3128,-0.1506,9.799,-0.0015,0.0059,9.8066,0.0088,-0.029,0.0127,-25.12,-29.25,27.56,338.74,-86.56,-158.51
52.381817,-1.523797,147.68,1.54,2,129.42,22 / 22,1175929,2019-09-06 18:35:42:611,-0.0487,0.0465,9.9306,-0.0007,0.002,9.8066,0.0147,-0.0307,0.0232,-24.06,-29.75,27.81,339.55,-86.57,-158.84
52.381817,-1.523797,147.68,1.54,2,129.42,22 / 22,1176029,2019-09-06 18:35:42:711,-0.0407,-0.141,9.9256,0.0023,0.0006,9.8066,-0.0028,-0.0286,-0.0179,-24.44,-29.5,27.94,339.6,-86.55,-158.82
52.381817,-1.523797,147.68,1.54,2,129.42,22 / 22,1176129,2019-09-06 18:35:42:811,-0.0058,-0.3471,9.6822,0.0028,0.0037,9.8066,0.0248,-0.0532,0.0247,-24.81,-29.75,27.69,337.48,-86.61,-159.68
52.381817,-1.523797,147.68,1.54,2,129.42,22 / 22,1176228,2019-09-06 18:35:42:910,-0.1804,-0.1006,9.6389,-0.0029,0.0037,9.8066,-0.0224,-0.0568,-0.0201,-24,-29.37,27.19,337.9,-86.65,-159.42
52.381817,-1.523797,147.68,1.54,2,129.42,22 / 22,1176328,2019-09-06 18:35:43:010,-0.1873,0.0036,9.7471,-0.0055,0.0035,9.8066,-0.0056,-0.0709,0.012,-23.69,-29.44,28.19,339.3,-86.69,-159.14
52.381817,-1.523797,147.68,1.54,2,129.42,21 / 22,1176429,2019-09-06 18:35:43:111,-0.6953,0.1846,10.1997,0.0007,-0.0015,9.8066,-0.0254,-0.0777,0.0094,-24,-28.94,27.63,340.48,-86.71,-158.03
52.381817,-1.523797,147.68,1.54,2,129.42,21 / 22,1176528,2019-09-06 18:35:43:210,-0.5117,0.7001,10.0354,0.0037,-0.0038,9.8066,-0.0369,-0.0477,-0.0166,-24.44,-28.44,28.06,340.59,-86.73,-157.95
52.381817,-1.523797,147.68,1.54,2,129.42,21 / 22,1176629,2019-09-06 18:35:43:311,-0.7199,0.3526,10.0177,-0.0021,0.0007,9.8066,0.0189,-0.0499,0.0065,-24.56,-29,28.13,339.62,-86.79,-157.73
52.381817,-1.523797,147.68,1.54,2,129.42,21 / 22,1176729,2019-09-06 18:35:43:411,-0.8868,0.3651,9.9078,-0.0007,0.0005,9.8066,0.0104,-0.044,-0.0042,-24.87,-29.94,28,339.58,-86.82,-157.75
52.381817,-1.523797,147.68,1.54,2,129.42,21 / 22,1176829,2019-09-06 18:35:43:511,-0.4101,0.3843,10.0372,-0.0023,0.0004,9.8066,-0.022,-0.0786,0.0012,-24,-29.69,27.94,340.82,-86.81,-157.7
52.381817,-1.523797,147.68,1.54,2,129.42,21 / 22,1176928,2019-09-06 18:35:43:610,-0.7945,0.8244,9.9438,0.0035,0.0016,9.8066,-0.0167,-0.0412,-0.0029,-24.06,-29.44,28.38,340.52,-86.82,-158.01
52.381817,-1.523797,147.68,1.54,2,129.42,21 / 22,1177028,2019-09-06 18:35:43:710,-0.4478,0.5725,9.6681,0.0001,0.0002,9.8066,0.0386,-0.0459,0.0252,-24.44,-29.12,27,338.94,-86.81,-158.48
52.381817,-1.523797,147.68,1.54,2,129.42,21 / 22,1177129,2019-09-06 18:35:43:811,-0.3342,0.6803,9.5243,-0.0004,-0.005,9.8065,0.0047,-0.0351,-0.0077,-24,-28.94,27.31,339.19,-86.75,-158.22
52.381817,-1.523797,147.68,1.54,2,129.42,21 / 22,1177229,2019-09-06 18:35:43:911,-0.6313,1.0268,9.8478,-0.0037,0.0007,9.8066,-0.0212,-0.053,0.0077,-23.81,-28.94,28,340.61,-86.73,-157.9
52.381817,-1.523797,147.68,1.54,2,129.42,21 / 22,1177329,2019-09-06 18:35:44:011,-0.7913,0.7442,10.0043,-0.0024,-0.0047,9.8066,0.0066,-0.0372,0.0291,-23.87,-29.06,28.13,341.86,-86.72,-156.71
52.381817,-1.523797,147.68,1.54,2,129.42,22 / 23,1177428,2019-09-06 18:35:44:110,-0.7625,0.5225,9.8058,-0.0009,-0.0001,9.8066,0.0278,-0.0478,0.0286,-23.56,-29.56,28.25,342.6,-86.69,-155.96
52.381817,-1.523797,147.68,1.54,2,129.42,22 / 23,1177530,2019-09-06 18:35:44:212,-0.5608,0.6945,9.8036,0.0015,-0.0061,9.8066,0.0121,-0.0314,-0.0175,-23.5,-29.56,28.19,344.01,-86.61,-155.79
52.381817,-1.523797,147.68,1.54,2,129.42,22 / 23,1177629,2019-09-06 18:35:44:311,-0.516,0.8656,9.7112,0.0048,-0.0025,9.8066,-0.006,-0.0565,-0.0037,-22.94,-29,28.25,343.39,-86.58,-156.4
52.381817,-1.523797,147.68,1.54,2,129.42,22 / 23,1177728,2019-09-06 18:35:44:410,-0.8013,1.0193,9.9726,0.0031,0.0013,9.8066,0.0305,-0.0162,-0.0152,-23.37,-29.5,28.38,342.44,-86.55,-157.3
52.381817,-1.523797,147.68,1.54,2,129.42,22 / 23,1177828,2019-09-06 18:35:44:510,-0.5373,0.9465,9.7816,0.0016,0.0014,9.8066,0.006,-0.0199,0.0161,-23.56,-28.75,28,339.95,-86.53,-158.48
52.381817,-1.523797,147.68,1.54,2,129.42,22 / 23,1177929,2019-09-06 18:35:44:611,-0.6946,1.0864,9.9866,0.0026,-0.0053,9.8066,0.0222,-0.0168,-0.0153,-23.19,-27.75,28.5,342.28,-86.49,-158.47
52.381817,-1.523797,147.68,1.54,2,129.42,22 / 23,1178028,2019-09-06 18:35:44:710,-0.705,0.7221,10.0113,0.0007,0.0014,9.8066,0.0107,-0.0335,-0.0086,-23.06,-28.44,28.38,340.81,-86.46,-158.86
52.381817,-1.523797,147.68,1.54,2,129.42,22 / 23,1178128,2019-09-06 18:35:44:810,-0.3602,0.6836,10.0073,0.0005,-0.0004,9.8066,0.0013,-0.0038,0.0009,-22.87,-28.44,28.38,340.48,-86.45,-159.16
52.381817,-1.523797,147.68,1.54,2,129.42,22 / 23,1178229,2019-09-06 18:35:44:911,-0.5468,0.4809,9.8103,0.0024,-0.0026,9.8066,0.0158,-0.0111,0.0106,-23.37,-28.81,28.81,341.22,-86.44,-159.43
52.381817,-1.523797,147.68,1.54,2,129.42,22 / 23,1178329,2019-09-06 18:35:45:011,-0.1798,0.3071,9.8354,0.0038,-0.0034,9.8066,0.0184,-0.0166,-0.0128,-24.37,-29.31,29.06,339.68,-86.39,-159.71
52.381767,-1.523696,147.17,0.3,2,135.2,20 / 21,1178429,2019-09-06 18:35:45:111,-0.2203,0.3837,9.8735,0.0012,-0.0002,9.8066,0.0227,-0.0109,0.009,-24.19,-29,29.19,339.17,-86.36,-160.18
52.381767,-1.523696,147.17,0.3,2,135.2,20 / 21,1178529,2019-09-06 18:35:45:211,-0.0821,0.244,9.8754,0.0024,-0.0013,9.8066,0.0046,-0.0205,-0.0111,-24.12,-28.69,29.25,338.77,-86.32,-160.56
52.381767,-1.523696,147.17,0.3,2,135.2,20 / 21,1178629,2019-09-06 18:35:45:311,0.118,0.15,9.9032,-0.0002,-0.0023,9.8066,-0.0013,-0.0177,-0.014,-24.12,-28.62,28.81,338.7,-86.31,-160.61
52.381767,-1.523696,147.17,0.3,2,135.2,20 / 21,1178728,2019-09-06 18:35:45:410,-0.1421,0.1949,9.9629,0.0003,-0.0039,9.8066,-0.005,0.0034,0.0126,-23.69,-29.12,28.81,339.13,-86.27,-160.19
52.381767,-1.523696,147.17,0.3,2,135.2,20 / 21,1178828,2019-09-06 18:35:45:510,-0.2671,0.2372,9.8489,-0.001,0.0015,9.8066,0.0096,0.0005,0.0146,-24.19,-28.69,28.81,339.27,-86.28,-160.07
52.381767,-1.523696,147.17,0.3,2,135.2,20 / 21,1178929,2019-09-06 18:35:45:611,-0.211,0.2065,9.862,0.0008,0.0006,9.8066,0.0094,0.0003,-0.0093,-24.19,-28.75,29.44,339.06,-86.28,-160.26
52.381767,-1.523696,147.17,0.3,2,135.2,20 / 21,1179028,2019-09-06 18:35:45:710,-0.0776,0.2179,9.9053,0.001,-0.0001,9.8066,0.0135,-0.0067,0.0007,-23.5,-29.37,28.63,340.25,-86.28,-160.31
52.381767,-1.523696,147.17,0.3,2,135.2,20 / 21,1179128,2019-09-06 18:35:45:810,-0.3328,0.4598,9.9717,0.0002,-0.0009,9.8066,-0.0103,-0.0192,-0.0045,-24.19,-29.44,29.13,339.18,-86.29,-160.16
52.381767,-1.523696,147.17,0.3,2,135.2,20 / 21,1179229,2019-09-06 18:35:45:911,-0.1271,0.3083,9.9038,-0.0003,-0.0007,9.8066,0.0049,0.0106,0.0108,-24.31,-29.25,28.94,339.14,-86.3,-160.2
52.381767,-1.523696,147.17,0.3,2,135.2,20 / 21,1179328,2019-09-06 18:35:46:010,-0.1557,0.2457,9.9488,0.001,-0.0014,9.8066,0.0056,-0.0095,0.0082,-23.75,-29.37,28.5,339.3,-86.29,-160.04
52.381767,-1.523696,147.17,0.3,2,135.2,22 / 22,1179429,2019-09-06 18:35:46:111,-0.1987,0.1124,9.8302,-0.0007,0.0007,9.8065,0.0147,0.001,-0.0045,-23.62,-29.19,28.13,338.33,-86.31,-159.96
52.381767,-1.523696,147.17,0.3,2,135.2,22 / 22,1179528,2019-09-06 18:35:46:210,0.0981,-0.1547,9.7485,0.0001,-0.0019,9.8066,-0.0058,-0.0121,-0.0001,-24.12,-29,29.13,339.52,-86.31,-159.83
52.381767,-1.523696,147.17,0.3,2,135.2,22 / 22,1179629,2019-09-06 18:35:46:311,0.1437,-0.0961,9.8511,-0.0005,-0.0012,9.8066,0.0099,0.0009,0.0099,-23.44,-28.75,28.63,341.04,-86.3,-159.56
52.381767,-1.523696,147.17,0.3,2,135.2,22 / 22,1179729,2019-09-06 18:35:46:411,-0.1323,0.1652,9.7818,0.0004,0.0003,9.8066,0.0083,-0.0081,0.0083,-23.81,-28.5,28.31,338.76,-86.29,-159.57
52.381767,-1.523696,147.17,0.3,2,135.2,22 / 22,1179828,2019-09-06 18:35:46:510,0.0348,0.0122,9.7962,0.0013,-0.0002,9.8066,0.0137,0.0058,-0.0039,-23.62,-29.44,28.63,339.74,-86.3,-159.63
52.381767,-1.523696,147.17,0.3,2,135.2,22 / 22,1179928,2019-09-06 18:35:46:610,0.0831,-0.0778,9.7392,0.0016,0.0004,9.8066,-0.0095,-0.0037,-0.0102,-24.37,-29.25,28.75,339.64,-86.31,-159.72
52.381767,-1.523696,147.17,0.3,2,135.2,22 / 22,1180028,2019-09-06 18:35:46:710,0.1356,-0.1297,9.8286,0.0003,-0.0025,9.8066,0.0073,0.0081,0.0093,-23.31,-29.31,29.31,341.14,-86.3,-159.47
52.381767,-1.523696,147.17,0.3,2,135.2,22 / 22,1180129,2019-09-06 18:35:46:811,-0.2048,0.2036,9.8454,0.002,0.0003,9.8066,-0.0011,-0.001,0.0076,-23.62,-29.5,28.94,339.89,-86.3,-159.48
52.381767,-1.523696,147.17,0.3,2,135.2,22 / 22,1180228,2019-09-06 18:35:46:910,0.1539,-0.1431,9.7802,-0.0002,0.0022,9.8066,0.0015,0.0014,-0.0128,-23.31,-29.06,28.69,341.15,-86.3,-159.46
52.381767,-1.523696,147.17,0.3,2,135.2,22 / 22,1180330,2019-09-06 18:35:47:012,0.1373,-0.1718,9.7317,-0.0014,0.001,9.8066,-0.0138,-0.0084,-0.0042,-24.12,-28.75,28.63,340.07,-86.33,-159.32
52.381767,-1.523696,147.17,0.3,2,135.2,22 / 23,1180428,2019-09-06 18:35:47:110,0.1596,-0.1747,9.7437,0.0009,-0.0018,9.8066,0.0316,0.0078,0.0177,-24.06,-28.75,28,339.19,-86.31,-159.14
52.381767,-1.523696,147.17,0.3,2,135.2,22 / 23,1180528,2019-09-06 18:35:47:210,-0.1067,0.1342,9.8719,0.0005,0.002,9.8066,-0.0021,-0.0049,-0.0004,-23.81,-28.75,28.25,339.02,-86.33,-159.3
52.381767,-1.523696,147.17,0.3,2,135.2,22 / 23,1180629,2019-09-06 18:35:47:311,0.1503,-0.0037,9.8078,-0.0001,0.0011,9.8066,-0.0037,0.0035,-0.0122,-24,-29.62,29.19,340.1,-86.35,-159.26
52.381767,-1.523696,147.17,0.3,2,135.2,22 / 23,1180729,2019-09-06 18:35:47:411,0.0692,0.0375,9.8887,0.0017,-0.0028,9.8066,0.0005,-0.0145,-0.0006,-23.87,-29.12,28.94,340.28,-86.33,-159.12
52.381767,-1.523696,147.17,0.3,2,135.2,22 / 23,1180828,2019-09-06 18:35:47:510,-0.1693,0.1989,9.9456,0.0008,-0.0028,9.8066,0.0077,0.0092,0.0156,-23.94,-29.31,29.31,340.52,-86.35,-158.89
52.381767,-1.523696,147.17,0.3,2,135.2,22 / 23,1180928,2019-09-06 18:35:47:610,0.1639,-0.0099,9.9128,0.0005,0.0008,9.8066,-0.0033,-0.0034,-0.0032,-23.5,-29.06,28.94,341.79,-86.35,-158.86
52.381767,-1.523696,147.17,0.3,2,135.2,22 / 23,1181028,2019-09-06 18:35:47:710,0.1267,0.0366,9.9174,-0.0003,0.001,9.8066,0.0073,-0.0019,-0.0151,-23.94,-28.81,28.75,340.64,-86.37,-158.79
52.381767,-1.523696,147.17,0.3,2,135.2,22 / 23,1181129,2019-09-06 18:35:47:811,-0.1649,0.1602,9.8858,0.0008,-0.0023,9.8066,-0.0018,-0.0111,0.0075,-24.37,-28.62,28.63,340.73,-86.36,-158.7
52.381767,-1.523696,147.17,0.3,2,135.2,22 / 23,1181229,2019-09-06 18:35:47:911,0.0925,-0.0408,9.8853,-0.0003,0.0003,9.8066,0.0142,0.0111,0.0134,-23.94,-28.87,28.81,340.89,-86.37,-158.55
52.381767,-1.523696,147.17,0.3,2,135.2,22 / 23,1181329,2019-09-06 18:35:48:011,-0.0838,0.0644,9.8566,-0.0004,0.0022,9.8066,0.0008,-0.0091,-0.0025,-23.81,-28.69,28.44,339.85,-86.38,-158.53
52.381767,-1.523696,147.17,0.3,2,135.2,22 / 22,1181428,2019-09-06 18:35:48:110,0.093,-0.0962,9.793,-0.0017,0.0021,9.8066,-0.0084,-0.0133,-0.0177,-23.62,-29.37,28.44,339.77,-86.4,-158.61
52.381767,-1.523696,147.17,0.3,2,135.2,22 / 22,1181528,2019-09-06 18:35:48:210,0.1466,-0.1971,9.7231,-0.0013,-0.0011,9.8066,0.0064,0.013,0.0098,-23.94,-29.5,29.19,341.26,-86.41,-158.21
52.381767,-1.523696,147.17,0.3,2,135.2,22 / 22,1181628,2019-09-06 18:35:48:310,-0.1543,0.0938,9.7981,0.0005,0.0006,9.8066,0.0077,-0.0081,0.0145,-24.12,-29.44,29.06,341.36,-86.4,-158.11
52.381767,-1.523696,147.17,0.3,2,135.2,22 / 22,1181729,2019-09-06 18:35:48:411,0.0992,0.0452,9.9886,-0.0015,0.0036,9.8066,-0.0144,-0.006,-0.0144,-23.94,-29.44,28.81,341.31,-86.43,-158.17
52.381767,-1.523696,147.17,0.3,2,135.2,22 / 22,1181829,2019-09-06 18:35:48:511,0.081,0.1835,9.9247,-0.0013,0,9.8066,-0.0131,-0.0123,0.0069,-24.06,-28.56,28.75,341.62,-86.44,-157.87
52.381767,-1.523696,147.17,0.3,2,135.2,22 / 22,1181928,2019-09-06 18:35:48:610,-0.211,0.2618,9.9904,0.0008,-0.0025,9.8066,0.0167,0.0234,0.0211,-23.69,-28.56,28.94,341.84,-86.43,-157.66
52.381767,-1.523696,147.17,0.3,2,135.2,22 / 22,1182028,2019-09-06 18:35:48:710,0.1148,-0.0893,9.8061,-0.0016,0.0045,9.8066,-0.0049,-0.0082,0.0037,-24,-28.62,28.81,341.85,-86.44,-157.66
52.381767,-1.523696,147.17,0.3,2,135.2,22 / 22,1182129,2019-09-06 18:35:48:811,-0.1363,0.0294,9.8817,-0.003,0.0019,9.8066,-0.0116,0.0065,-0.0131,-24.12,-28.5,28.69,341.99,-86.48,-157.55
52.381767,-1.523696,147.17,0.3,2,135.2,22 / 22,1182228,2019-09-06 18:35:48:910,-0.0865,0.0843,9.9044,-0.0003,-0.0007,9.8066,-0.0021,-0.0123,0.0013,-24,-29.5,28.44,341.21,-86.49,-157.26
52.381767,-1.523696,147.17,0.3,2,135.2,22 / 22,1182329,2019-09-06 18:35:49:011,0.2172,-0.2283,9.6719,0.0001,-0.0004,9.8066,0.0079,0.0135,0.0172,-24.06,-28.87,29.06,342.41,-86.49,-157.13
52.381767,-1.523696,147.17,0.3,2,135.2,22 / 22,1182428,2019-09-06 18:35:49:110,-0.0925,0.0682,9.7643,-0.003,0.0054,9.8066,-0.0047,-0.0093,-0.0021,-23.69,-28.94,29.06,342.47,-86.53,-157.09
52.381767,-1.523696,147.17,0.3,2,135.2,22 / 22,1182529,2019-09-06 18:35:49:211,0.1091,0.04,9.9704,-0.0019,-0.0005,9.8066,-0.0069,-0.0119,-0.008,-24,-29.25,28.44,341.61,-86.54,-156.9
52.381767,-1.523696,147.17,0.3,2,135.2,22 / 22,1182628,2019-09-06 18:35:49:310,-0.0759,0.329,9.9927,-0.0017,0.0001,9.8065,0.0068,0.0151,0.0194,-24,-28.44,28.31,341.94,-86.52,-156.61
52.381767,-1.523696,147.17,0.3,2,135.2,22 / 22,1182729,2019-09-06 18:35:49:411,-0.1063,0.2683,10.05,-0.0008,0.0024,9.8066,0.0029,-0.0111,-0.0046,-24,-28.62,28.13,342.06,-86.54,-156.47
52.381767,-1.523696,147.17,0.3,2,135.2,22 / 22,1182829,2019-09-06 18:35:49:511,0.0773,0.0797,9.9599,-0.0019,0.001,9.8066,-0.0143,-0.0089,-0.0151,-24.06,-28.87,28.63,343.17,-86.57,-156.43
52.381767,-1.523696,147.17,0.3,2,135.2,22 / 22,1182929,2019-09-06 18:35:49:611,-0.1497,0.0223,9.8312,0.0007,-0.0008,9.8066,-0.003,-0.0196,0.0086,-24.37,-28.69,28.25,342.34,-86.58,-156.22
52.381767,-1.523696,147.17,0.3,2,135.2,22 / 22,1183028,2019-09-06 18:35:49:710,0.2304,-0.2694,9.774,-0.0009,0.0013,9.8066,0.0104,0.0065,0.0204,-23.56,-29.31,28.75,343.62,-86.59,-156
52.381767,-1.523696,147.17,0.3,2,135.2,22 / 22,1183129,2019-09-06 18:35:49:811,0.0365,-0.1319,9.7169,-0.0027,0.0052,9.8066,-0.0138,-0.019,-0.0166,-24.25,-29.12,28.13,342.56,-86.63,-156.02
52.381767,-1.523696,147.17,0.3,2,135.2,22 / 22,1183229,2019-09-06 18:35:49:911,0.1017,0.0352,9.9248,-0.0023,-0.003,9.8066,0.0062,0.0007,0.0072,-24.06,-28.87,28.06,342.55,-86.65,-156.03
52.381767,-1.523696,147.17,0.3,2,135.2,22 / 22,1183329,2019-09-06 18:35:50:011,0.0842,0.1197,9.913,-0.0011,-0.002,9.8066,0.0292,0.0066,0.0279,-24.12,-28.25,28.5,344.26,-86.62,-155.42
52.381767,-1.523696,147.17,0.3,2,135.2,22 / 22,1183429,2019-09-06 18:35:50:111,0.0198,0.0828,9.9084,0.0005,0.0024,9.8066,-0.0111,-0.0186,-0.0226,-23.94,-28.62,28.5,344.08,-86.66,-155.58
52.381767,-1.523696,147.17,0.3,2,135.2,22 / 22,1183529,2019-09-06 18:35:50:211,0.1387,-0.1357,9.7565,-0.0009,-0.0004,9.8066,0.006,0.002,-0.0024,-24,-28.75,28.19,343.2,-86.68,-155.42
52.381767,-1.523696,147.17,0.3,2,135.2,22 / 22,1183628,2019-09-06 18:35:50:310,-0.0393,-0.0978,9.7928,-0.0011,0.001,9.8066,0.0321,0.0046,0.028,-23.5,-28.56,28.75,345.91,-86.66,-155.01
52.381767,-1.523696,147.17,0.3,2,135.2,22 / 22,1183728,2019-09-06 18:35:50:410,0.1915,-0.1929,9.7389,-0.0002,0.0016,9.8066,-0.0015,-0.0303,-0.0223,-23.75,-28.75,28.5,344.75,-86.69,-154.95
52.381767,-1.523696,147.17,0.3,2,135.2,22 / 22,1183830,2019-09-06 18:35:50:512,-0.1132,0.1957,9.938,0.0002,-0.0038,9.8066,0.0023,0.0129,0.0149,-23.69,-29.31,28.75,344.86,-86.71,-154.84
52.381767,-1.523696,147.17,0.3,2,135.2,22 / 22,1183929,2019-09-06 18:35:50:611,0.1807,0.0497,9.9684,0.0005,-0.0024,9.8066,0.0102,-0.0072,0.0247,-24.31,-29.12,28.75,345.21,-86.7,-154.51
52.381767,-1.523696,147.17,0.3,2,135.2,22 / 22,1184029,2019-09-06 18:35:50:711,-0.1084,0.4627,10.0281,-0.0009,0.0037,9.8066,-0.0106,-0.0195,-0.0213,-24,-29.25,28.63,345.14,-86.76,-154.59
52.381767,-1.523696,147.17,0.3,2,135.2,22 / 22,1184129,2019-09-06 18:35:50:811,0.201,-0.2532,9.702,-0.0003,-0.0042,9.8066,0.0043,0.0109,0.0124,-23.81,-28.69,28.63,345.37,-86.75,-154.36
52.381767,-1.523696,147.17,0.3,2,135.2,22 / 22,1184229,2019-09-06 18:35:50:911,-0.0285,-0.1119,9.6766,-0.002,0.0038,9.8066,0.0143,-0.0016,0.0208,-24,-28.94,28.06,344.72,-86.75,-153.98
52.381767,-1.523696,147.17,0.3,2,135.2,22 / 22,1184329,2019-09-06 18:35:51:011,0.118,0.0071,9.9716,-0.0023,0.0054,9.8066,-0.0114,-0.0171,-0.0177,-23.69,-28.87,28.69,345.76,-86.8,-154
52.381767,-1.523696,147.17,0.3,2,135.2,21 / 21,1184429,2019-09-06 18:35:51:111,0.1525,0.0237,9.8898,-0.0026,0,9.8066,-0.0024,0.0173,0.0022,-23.69,-28.75,28.44,345.21,-86.8,-153.53
52.381767,-1.523696,147.17,0.3,2,135.2,21 / 21,1184528,2019-09-06 18:35:51:210,0.0194,0.1881,10.0509,0.0003,-0.0007,9.8066,0.0053,-0.0113,0.0182,-23.37,-29,29,347.57,-86.78,-153.45
52.381767,-1.523696,147.17,0.3,2,135.2,21 / 21,1184629,2019-09-06 18:35:51:311,0.1864,0.1159,10.0017,-0.0018,0.0037,9.8066,-0.015,-0.0004,-0.0199,-23.81,-29.06,28.63,346.33,-86.84,-153.46
52.381767,-1.523696,147.17,0.3,2,135.2,21 / 21,1184728,2019-09-06 18:35:51:410,-0.0844,-0.058,9.7532,-0.003,-0.0002,9.8066,0.0061,-0.0105,0.0095,-23.37,-29.5,29,348.04,-86.84,-153.01
52.381767,-1.523696,147.17,0.3,2,135.2,21 / 21,1184829,2019-09-06 18:35:51:511,0.2623,-0.3748,9.7107,0,0.0008,9.8066,0.0219,-0.0048,0.0277,-23.94,-29.5,28.63,346.92,-86.82,-152.9
52.381767,-1.523696,147.17,0.3,2,135.2,21 / 21,1184929,2019-09-06 18:35:51:611,-0.0868,0.1977,10.0024,-0.0016,0.0055,9.8066,-0.0264,-0.0087,-0.0194,-24.19,-28.25,28.44,345.78,-86.87,-153.01
52.381767,-1.523696,147.17,0.3,2,135.2,21 / 21,1185029,2019-09-06 18:35:51:711,0.1433,0.1005,9.9548,0.0019,-0.0046,9.8066,-0.0041,-0.0111,-0.0005,-23.81,-29.06,28.31,346.03,-86.85,-152.75
52.381767,-1.523696,147.17,0.3,2,135.2,21 / 21,1185128,2019-09-06 18:35:51:810,-0.0139,0.2821,9.932,-0.0009,-0.0016,9.8066,0.0326,0.0012,0.0214,-24.06,-28.75,28.13,346.4,-86.84,-152.4
52.381767,-1.523696,147.17,0.3,2,135.2,21 / 21,1185228,2019-09-06 18:35:51:910,0.2325,-0.2607,9.7361,0,0.0015,9.8066,-0.0267,-0.0066,-0.0242,-24.19,-28.62,28.69,347.36,-86.87,-152.48
52.381767,-1.523696,147.17,0.3,2,135.2,21 / 21,1185329,2019-09-06 18:35:52:011,0.0195,-0.0878,9.7616,0.0008,-0.0025,9.8066,0.0105,-0.0044,0.0038,-24,-29,28.31,346.37,-86.86,-152.43
52.381767,-1.523696,147.17,0.3,2,135.2,22 / 22,1185429,2019-09-06 18:35:52:111,0.2114,-0.3426,9.7196,0.0012,0.0001,9.8066,0.0368,0.0036,0.0232,-24,-29.31,28.19,346.49,-86.85,-152.31
52.381767,-1.523696,147.17,0.3,2,135.2,22 / 22,1185529,2019-09-06 18:35:52:211,0.1407,-0.175,9.65,0.0006,0.0009,9.8066,-0.0171,-0.0101,-0.0188,-23.62,-29.5,28.13,346.36,-86.89,-152.44
52.381767,-1.523696,147.17,0.3,2,135.2,22 / 22,1185629,2019-09-06 18:35:52:311,0.1068,0.0605,10.0436,-0.001,-0.002,9.8066,0.0049,-0.0059,-0.0002,-23.75,-29.19,28.63,347.56,-86.86,-152.29
52.381767,-1.523696,147.17,0.3,2,135.2,22 / 22,1185729,2019-09-06 18:35:52:411,0.0793,0.1614,9.9335,-0.0001,0.0002,9.8066,0.0015,0.0061,0.0091,-23.56,-29.37,28.75,347.6,-86.86,-152.25
52.381767,-1.523696,147.17,0.3,2,135.2,22 / 22,1185829,2019-09-06 18:35:52:511,-0.0465,0.3039,10.0481,-0.0011,0.003,9.8066,-0.026,-0.014,-0.0229,-23.62,-29.06,28.5,347.56,-86.91,-152.3
52.381767,-1.523696,147.17,0.3,2,135.2,22 / 22,1185928,2019-09-06 18:35:52:610,0.2542,-0.3717,9.666,0,-0.0048,9.8066,0.0281,0.0069,0.0224,-23.69,-29.25,27.75,346.74,-86.87,-152.08
52.381767,-1.523696,147.17,0.3,2,135.2,22 / 22,1186029,2019-09-06 18:35:52:711,-0.0613,-0.074,9.7844,0.0001,0.0036,9.8066,0.002,-0.0023,0.0081,-23.81,-28.44,28.63,347.74,-86.86,-152.14
52.381767,-1.523696,147.17,0.3,2,135.2,22 / 22,1186128,2019-09-06 18:35:52:810,0.3522,-0.3887,9.6716,-0.002,0.0013,9.8066,-0.0278,-0.0186,-0.0135,-23.56,-28.94,28.31,346.6,-86.9,-152.22
52.381767,-1.523696,147.17,0.3,2,135.2,22 / 22,1186228,2019-09-06 18:35:52:910,-0.1472,0.3494,10.0097,-0.0018,0.0003,9.8066,0.0217,0.0154,0.0201,-23.81,-28.94,28.81,348.12,-86.86,-151.76
52.381767,-1.523696,147.17,0.3,2,135.2,22 / 22,1186329,2019-09-06 18:35:53:011,0.2104,0.098,10.0143,-0.0008,0.0017,9.8066,0.0012,-0.0168,-0.0039,-24.12,-29.12,28.69,348.2,-86.88,-151.68
52.381767,-1.523696,147.17,0.3,2,135.2,22 / 22,1186429,2019-09-06 18:35:53:111,0.0019,-0.1425,9.7416,-0.0005,-0.0014,9.8066,0.0057,0.011,-0.0038,-23.94,-29.12,28.56,348.18,-86.9,-151.7
52.381767,-1.523696,147.17,0.3,2,135.2,22 / 22,1186528,2019-09-06 18:35:53:210,0.2937,-0.4547,9.7144,-0.0017,-0.0017,9.8066,0.0298,0.0041,0.0307,-23.69,-28.94,28.5,348.59,-86.87,-151.31
52.381767,-1.523696,147.17,0.3,2,135.2,22 / 22,1186629,2019-09-06 18:35:53:311,-0.0069,-0.1104,9.7528,0.0012,0.0025,9.8066,-0.0115,-0.005,-0.0039,-24.12,-28.75,27.81,347.4,-86.87,-151.44
52.381767,-1.523696,147.17,0.3,2,135.2,22 / 22,1186728,2019-09-06 18:35:53:410,0.115,-0.0735,9.9234,0.003,-0.0039,9.8066,0.0062,-0.012,-0.0046,-23.62,-28.62,28.19,346.93,-86.86,-151.9
52.381767,-1.523696,147.17,0.3,2,135.2,22 / 22,1186829,2019-09-06 18:35:53:511,-0.0624,0.1873,9.8749,0.0017,-0.0012,9.8066,0.0357,0.0083,0.0282,-24.19,-29,28.94,348.08,-86.82,-151.79
52.381767,-1.523696,147.17,0.3,2,135.2,22 / 22,1186929,2019-09-06 18:35:53:611,0.1923,-0.0083,9.8936,0.0015,0.0017,9.8066,-0.0139,-0.0144,-0.0209,-24.31,-29.19,28,346.89,-86.85,-151.93
52.381767,-1.523696,147.17,0.3,2,135.2,22 / 22,1187029,2019-09-06 18:35:53:711,0.1064,-0.0517,9.7753,0.0005,-0.0035,9.8066,0.006,-0.0021,-0.0086,-24.25,-29.25,28.63,347.85,-86.83,-152.01
52.381767,-1.523696,147.17,0.3,2,135.2,22 / 22,1187128,2019-09-06 18:35:53:810,-0.1119,0.1898,9.9138,0.0016,-0.0031,9.8066,0.0039,-0.0017,0.016,-24.31,-29.87,28.5,348.03,-86.79,-151.81
52.381767,-1.523696,147.17,0.3,2,135.2,22 / 22,1187228,2019-09-06 18:35:53:910,0.3367,-0.3674,9.6845,-0.001,0.0029,9.8066,-0.0295,-0.0103,-0.0248,-23.69,-28.94,28.81,347.77,-86.82,-152.08
52.381767,-1.523696,147.17,0.3,2,135.2,22 / 22,1187329,2019-09-06 18:35:54:011,-0.138,0.0243,9.8196,0.0009,-0.004,9.8066,0.0236,0.0028,0.023,-24.06,-28.94,28.5,347.73,-86.78,-152.12
52.381767,-1.523696,147.17,0.3,2,135.2,22 / 23,1187429,2019-09-06 18:35:54:111,-0.1363,0.0379,9.815,-0.0013,0.0034,9.8066,0.0017,0.0084,0.0109,-24.12,-28.37,28.44,346.88,-86.8,-151.94
52.381767,-1.523696,147.17,0.3,2,135.2,22 / 23,1187528,2019-09-06 18:35:54:210,0.2618,-0.2803,9.7184,-0.0015,0.0026,9.8066,-0.0229,-0.0149,-0.0191,-23.56,-28.5,28.38,346.8,-86.81,-152.02
52.381767,-1.523696,147.17,0.3,2,135.2,22 / 23,1187628,2019-09-06 18:35:54:310,-0.0559,0.3558,9.989,-0.0016,-0.001,9.8066,0.0156,0.0211,0.0178,-23.5,-28.75,28.75,349.24,-86.77,-151.85
52.381767,-1.523696,147.17,0.3,2,135.2,22 / 23,1187729,2019-09-06 18:35:54:411,0.1114,0.0966,10.0459,0.0009,0.0011,9.8066,0.0051,-0.0199,-0.0001,-23.5,-29.25,28.75,349.09,-86.78,-152
52.381767,-1.523696,147.17,0.3,2,135.2,22 / 23,1187829,2019-09-06 18:35:54:511,0.1121,0.086,9.9464,-0.0007,-0.0005,9.8066,-0.0236,-0.0093,-0.0202,-23.69,-29.06,28.44,346.47,-86.79,-152.32
52.381767,-1.523696,147.17,0.3,2,135.2,22 / 23,1187928,2019-09-06 18:35:54:610,0.1101,-0.2132,9.7698,-0.003,0.0002,9.8066,0.0112,0.0001,0.0247,-24.06,-29,28.75,347.82,-86.77,-152.03
52.381767,-1.523696,147.17,0.3,2,135.2,22 / 23,1188028,2019-09-06 18:35:54:710,0.2496,-0.3144,9.625,0.0019,0.0001,9.8066,0.0122,-0.0151,0.0092,-24.06,-29.31,29.06,347.49,-86.75,-152.34
52.381767,-1.523696,147.17,0.3,2,135.2,22 / 23,1188128,2019-09-06 18:35:54:810,-0.1058,0.0441,9.859,-0.0016,0.0014,9.8066,-0.0019,0.0039,-0.0163,-24.19,-28.81,28.88,347.48,-86.77,-152.35
52.381767,-1.523696,147.17,0.3,2,135.2,22 / 23,1188229,2019-09-06 18:35:54:911,0.122,0.107,9.9045,0,-0.0034,9.8066,0.0027,-0.0022,0.0151,-24.06,-28.62,28.75,347.88,-86.75,-151.96
52.381767,-1.523696,147.17,0.3,2,135.2,22 / 23,1188328,2019-09-06 18:35:55:010,-0.0183,0.3474,10.0557,0.0005,-0.0006,9.8066,0.0163,-0.0146,-0.0001,-23.81,-28.25,28.44,346.85,-86.75,-151.97
52.381767,-1.523696,147.17,0.3,2,135.2,22 / 23,1188428,2019-09-06 18:35:55:110,0.2777,-0.0731,9.8893,0.0006,-0.0026,9.8066,-0.006,-0.008,-0.0178,-24.06,-28.31,28.94,347.71,-86.78,-152.15
52.381767,-1.523696,147.17,0.3,2,135.2,22 / 23,1188529,2019-09-06 18:35:55:211,-0.0812,-0.0837,9.7949,0.0001,-0.0041,9.8066,0.0189,-0.0055,0.0282,-23.81,-29.56,29,347.97,-86.74,-151.86
52.381767,-1.523696,147.17,0.3,2,135.2,22 / 23,1188628,2019-09-06 18:35:55:310,0.3339,-0.3719,9.6876,0.001,0.0032,9.8066,0.009,-0.0144,-0.0065,-23.69,-29.12,29.06,347.7,-86.74,-152.14
52.381767,-1.523696,147.17,0.3,2,135.2,22 / 23,1188729,2019-09-06 18:35:55:411,0.2368,-0.3387,9.6222,-0.0012,0.0006,9.8066,-0.0018,0.0009,-0.0045,-24,-29.62,28.63,347.78,-86.75,-152.04
52.381767,-1.523696,147.17,0.3,2,135.2,22 / 23,1188829,2019-09-06 18:35:55:511,0.0279,0.1086,9.9959,0.0008,0,9.8066,-0.0038,-0.0175,0.0115,-24.19,-29.19,28.81,347.76,-86.71,-152.08
52.381767,-1.523696,147.17,0.3,2,135.2,22 / 23,1188930,2019-09-06 18:35:55:612,0.2402,0.0464,9.9133,0.0025,-0.0002,9.8066,-0.0075,0.0006,-0.0126,-23.75,-29.06,28.44,346.4,-86.72,-152.37
52.381767,-1.523696,147.17,0.3,2,135.2,22 / 23,1189029,2019-09-06 18:35:55:711,-0.1258,0.4068,10.0153,-0.0026,0.0023,9.8066,0.0002,-0.0148,0.0094,-23.69,-28.81,28.69,347.51,-86.72,-152.31
52.381767,-1.523696,147.17,0.3,2,135.2,22 / 23,1189128,2019-09-06 18:35:55:810,0.1533,0.0169,9.9693,0.0004,-0.0012,9.8066,0.0213,0.0034,0.0218,-23.94,-29.06,28.88,347.72,-86.71,-152.11
52.381767,-1.523696,147.17,0.3,2,135.2,22 / 23,1189229,2019-09-06 18:35:55:911,0.0821,-0.1961,9.7024,-0.0032,0.0052,9.8066,-0.0047,0.0011,-0.0081,-23.62,-28.94,28.63,347.76,-86.73,-152.08
52.381767,-1.523696,147.17,0.3,2,135.2,22 / 23,1189328,2019-09-06 18:35:56:010,0.0395,-0.2005,9.7728,-0.0005,-0.0003,9.8066,-0.0154,-0.0158,0.0002,-24.19,-29.56,28.81,347.7,-86.73,-152.11
52.381767,-1.523696,147.17,0.3,2,135.2,22 / 23,1189429,2019-09-06 18:35:56:111,0.1339,0.0725,9.8874,-0.002,0.0007,9.8066,0.0276,0.0106,0.0204,-24.06,-29.37,28.69,348,-86.7,-151.84
52.381767,-1.523696,147.17,0.3,2,135.2,22 / 23,1189529,2019-09-06 18:35:56:211,-0.1361,0.2273,9.9571,-0.0023,0.0032,9.8066,-0.0125,-0.0235,-0.0075,-24.12,-29.56,28.69,348.08,-86.72,-151.75
52.381767,-1.523696,147.17,0.3,2,135.2,22 / 23,1189628,2019-09-06 18:35:56:310,0.2677,-0.0115,9.9147,-0.0021,0.001,9.8066,-0.0158,-0.007,-0.0121,-24.06,-28.81,29,347.89,-86.71,-151.95
52.381767,-1.523696,147.17,0.3,2,135.2,22 / 23,1189729,2019-09-06 18:35:56:411,-0.1082,0.0617,9.8252,-0.001,-0.0016,9.8066,0.0151,-0.0111,0.0275,-23.87,-28.62,28.44,347.18,-86.69,-151.62
52.381767,-1.523696,147.17,0.3,2,135.2,22 / 23,1189829,2019-09-06 18:35:56:511,0.1585,-0.0647,9.8555,0.0009,0.001,9.8066,-0.0038,-0.0095,0.0053,-23.69,-28.69,28.38,346.93,-86.69,-151.86
52.381767,-1.523696,147.17,0.3,2,135.2,22 / 23,1189929,2019-09-06 18:35:56:611,0.2148,-0.1879,9.7243,-0.0007,0.0006,9.8066,-0.0146,-0.0058,-0.0227,-23.94,-29.81,28.5,347.8,-86.7,-152.01
52.381767,-1.523696,147.17,0.3,2,135.2,22 / 23,1190029,2019-09-06 18:35:56:711,-0.1391,0.0325,9.8147,0.0009,-0.0029,9.8066,-0.0042,-0.0101,0.0124,-23.5,-28.37,29,349.13,-86.68,-151.96
52.381767,-1.523696,147.17,0.3,2,135.2,22 / 23,1190129,2019-09-06 18:35:56:811,0.3092,-0.1791,9.7854,0.0013,0.0002,9.8066,0.0323,0.0042,0.0124,-24.06,-29.69,28.56,347.61,-86.66,-152.19
52.381767,-1.523696,147.17,0.3,2,135.2,22 / 23,1190229,2019-09-06 18:35:56:911,-0.0894,0.2036,9.8674,0.0003,0.0008,9.8066,-0.0207,-0.0108,-0.0216,-24.44,-29,28.81,347.4,-86.69,-152.42
52.381767,-1.523696,147.17,0.3,2,135.2,22 / 23,1190328,2019-09-06 18:35:57:010,0.1294,0.1069,9.9732,0.0005,-0.0034,9.8066,0.0021,0.0018,0.0117,-23.69,-29.5,28.38,346.45,-86.67,-152.32
52.381767,-1.523696,147.17,0.3,2,135.2,21 / 22,1190429,2019-09-06 18:35:57:111,0.0431,0.0141,9.8298,-0.0001,0.0017,9.8066,0.0278,0.0053,0.0305,-24.19,-29.19,28.56,347.59,-86.65,-152.23
52.381767,-1.523696,147.17,0.3,2,135.2,21 / 22,1190529,2019-09-06 18:35:57:211,-0.0668,0.0877,9.9712,0.0007,0.0005,9.8065,-0.0035,-0.0193,-0.0278,-24.44,-28.31,28.25,346.35,-86.66,-152.43
52.381767,-1.523696,147.17,0.3,2,135.2,21 / 22,1190629,2019-09-06 18:35:57:311,0.3427,-0.1088,9.8278,0.0014,-0.002,9.8066,0.0023,0.0155,-0.0136,-23.81,-28.06,28.25,346.05,-86.65,-152.71
52.381767,-1.523696,147.17,0.3,2,135.2,21 / 22,1190728,2019-09-06 18:35:57:410,-0.0028,0.0879,9.7718,0.0007,-0.0013,9.8066,0.0197,-0.0015,0.0217,-23.75,-28.37,28.5,347.19,-86.64,-152.62
52.381767,-1.523696,147.17,0.3,2,135.2,21 / 22,1190829,2019-09-06 18:35:57:511,0.2168,-0.2362,9.7419,0.0007,0.0004,9.8066,-0.0243,-0.0057,-0.0157,-23.87,-28.69,28.44,345.96,-86.63,-152.77
52.381767,-1.523696,147.17,0.3,2,135.2,21 / 22,1190929,2019-09-06 18:35:57:611,-0.1038,0.2685,9.9458,0.0013,-0.0021,9.8066,-0.006,-0.0105,-0.0085,-23.69,-28.94,28.81,347.02,-86.63,-152.76
52.381767,-1.523696,147.17,0.3,2,135.2,21 / 22,1191029,2019-09-06 18:35:57:711,0.031,0.203,10.0379,0.0008,-0.0017,9.8066,0.0116,-0.0036,0.0156,-24.12,-29.5,29,346.96,-86.61,-152.82
52.381767,-1.523696,147.17,0.3,2,135.2,21 / 22,1191129,2019-09-06 18:35:57:811,0.1252,0.1744,9.91,0.0007,0.0011,9.8066,-0.0039,0.0031,-0.0039,-23.87,-29,28.94,346.63,-86.61,-153.13
52.381767,-1.523696,147.17,0.3,2,135.2,21 / 22,1191229,2019-09-06 18:35:57:911,-0.194,0.4065,10.0361,-0.001,0.0011,9.8066,-0.0217,-0.0165,-0.0212,-23.75,-29.25,28.69,346.62,-86.65,-153.15
52.381767,-1.523696,147.17,0.3,2,135.2,21 / 22,1191329,2019-09-06 18:35:58:011,0.3163,-0.3063,9.6824,0.0009,-0.0047,9.8066,0.0229,0.017,0.021,-24,-29.25,28.31,345.84,-86.62,-152.89
52.381767,-1.523696,147.17,0.3,2,135.2,22 / 23,1191428,2019-09-06 18:35:58:110,-0.1226,0.0364,9.7702,-0.0008,0.0045,9.8066,-0.0084,-0.0061,0.0063,-23.94,-28.62,29.25,347.08,-86.62,-152.7
52.381767,-1.523696,147.17,0.3,2,135.2,22 / 23,1191529,2019-09-06 18:35:58:211,0.1123,0.1881,10.0163,-0.0013,0.0037,9.8066,-0.0212,-0.0091,-0.018,-24.19,-28.62,29.06,346.8,-86.66,-152.98
52.381767,-1.523696,147.17,0.3,2,135.2,22 / 23,1191628,2019-09-06 18:35:58:310,0.0102,0.2215,9.9343,-0.0009,-0.0001,9.8066,0.0111,0.0072,0.0132,-24.31,-29.37,28.5,346.86,-86.63,-152.92
52.381767,-1.523696,147.17,0.3,2,135.2,22 / 23,1191728,2019-09-06 18:35:58:410,-0.0122,0.1886,10.0658,0.0004,-0.0006,9.8066,0.0169,-0.0186,0.0078,-23.5,-28.94,29.44,348.17,-86.62,-152.85
52.381767,-1.523696,147.17,0.3,2,135.2,22 / 23,1191828,2019-09-06 18:35:58:510,0.1873,0.0492,9.9668,-0.0008,0.0017,9.8066,-0.0169,-0.0092,-0.0233,-23.94,-29.37,28.63,346.69,-86.63,-153.08
52.381767,-1.523696,147.17,0.3,2,135.2,22 / 23,1191929,2019-09-06 18:35:58:611,0.1098,-0.2849,9.7907,-0.0004,-0.0027,9.8066,0.0087,-0.008,0.0136,-23.37,-29.5,28.63,348.14,-86.61,-152.88
52.381767,-1.523696,147.17,0.3,2,135.2,22 / 23,1192029,2019-09-06 18:35:58:711,0.5689,-0.6795,9.7234,0.0008,-0.001,9.8066,0.0258,-0.0025,0.0306,-23.62,-29.12,28.13,345.49,-86.55,-153.2
52.381767,-1.523696,147.17,0.3,2,135.2,22 / 23,1192128,2019-09-06 18:35:58:810,0.1556,-0.3584,9.7538,0.0037,-0.0014,9.8066,0.0039,-0.0202,-0.0282,-23.75,-28.62,28.5,346.09,-86.53,-153.63
52.381767,-1.523696,147.17,0.3,2,135.2,22 / 23,1192228,2019-09-06 18:35:58:910,0.4335,-0.3298,10.0124,0.0007,-0.0055,9.8066,-0.0149,-0.0115,-0.0086,-23.75,-29.31,28.5,345.87,-86.5,-153.84
52.381767,-1.523696,147.17,0.3,2,135.2,22 / 23,1192328,2019-09-06 18:35:59:010,0.5352,-0.2749,9.9984,0.0008,0.0003,9.8066,0.0264,-0.0096,0.0222,-23.37,-29.31,28.63,346.93,-86.46,-154
52.381767,-1.523696,147.17,0.3,2,135.2,22 / 23,1192429,2019-09-06 18:35:59:111,0.1774,-0.0611,9.797,0.0028,-0.0013,9.8066,-0.004,-0.0138,-0.0203,-24.19,-28.25,28.94,345.13,-86.48,-154.56
52.381767,-1.523696,147.17,0.3,2,135.2,22 / 23,1192529,2019-09-06 18:35:59:211,0.3582,-0.3914,9.7353,0.0008,-0.0042,9.8066,0.0061,-0.0192,-0.004,-23.37,-29,29.06,346.02,-86.44,-154.86
52.381767,-1.523696,147.17,0.3,2,135.2,22 / 23,1192628,2019-09-06 18:35:59:310,0.3946,-0.5333,9.8699,0.0007,-0.0043,9.8065,0.0098,-0.0094,0.0154,-23.94,-28.81,28.88,344.98,-86.39,-154.66
52.381767,-1.523696,147.17,0.3,2,135.2,22 / 23,1192728,2019-09-06 18:35:59:410,0.3309,-0.2409,10.034,0.0032,-0.0037,9.8066,0.0121,-0.0214,0.0144,-23.69,-28.69,28.5,344.69,-86.36,-154.93
52.381767,-1.523696,147.17,0.3,2,135.2,22 / 23,1192828,2019-09-06 18:35:59:510,0.2443,-0.25,9.8214,0.0023,-0.0007,9.8066,-0.0074,-0.0107,-0.0106,-23.62,-28.25,29.13,344.06,-86.34,-155.55
52.381767,-1.523696,147.17,0.3,2,135.2,22 / 23,1192937,2019-09-06 18:35:59:619,0.3071,-0.3992,9.8056,0.0048,-0.006,9.8066,0.0229,-0.0242,0.0027,-23.31,-28.56,28.19,343.89,-86.33,-155.87
52.381767,-1.523696,147.17,0.3,2,135.2,22 / 23,1193029,2019-09-06 18:35:59:711,0.3812,-0.4503,9.8369,0.002,-0.0007,9.8066,0.0038,-0.022,-0.0054,-23.37,-27.62,27.94,343.23,-86.27,-156.5
52.381767,-1.523696,147.17,0.3,2,135.2,22 / 23,1193129,2019-09-06 18:35:59:811,0.3656,-0.5571,9.8852,0.0007,0.0012,9.8066,0.0009,-0.0322,0.0043,-23.56,-28.25,28.75,342.67,-86.25,-156.85
52.381767,-1.523696,147.17,0.3,2,135.2,22 / 23,1193229,2019-09-06 18:35:59:911,0.608,-0.6428,9.7908,0.0034,-0.0035,9.8066,-0.0123,-0.0212,-0.006,-23.75,-28.12,29.25,342.41,-86.19,-157.09
52.381767,-1.523696,147.17,0.3,2,135.2,22 / 23,1193329,2019-09-06 18:36:00:011,0.6842,-0.9666,9.7824,0.0035,-0.0063,9.8065,0.0486,-0.0205,0.0034,-23.56,-28.25,30.06,343,-86.08,-157.47
52.381767,-1.523696,147.17,0.3,2,135.2,22 / 23,1193428,2019-09-06 18:36:00:110,0.6315,-1.0231,10.0131,0.0002,-0.0089,9.8066,0.0302,-0.0657,0.0304,-23.75,-28.25,30.63,343.77,-85.9,-157.63
52.381767,-1.523696,147.17,0.3,2,135.2,22 / 23,1193528,2019-09-06 18:36:00:210,0.8814,-1.9059,10.003,-0.0026,-0.0049,9.8066,0.0513,-0.0669,0.0119,-23.94,-27.56,30.69,343.84,-85.8,-157.54
52.381767,-1.523696,147.17,0.3,2,135.2,22 / 23,1193628,2019-09-06 18:36:00:310,1.1575,-2.7047,9.7468,0.0066,-0.0195,9.8065,0.0478,-0.1111,0.0332,-23.44,-27.87,30.63,345.01,-85.48,-157.52
52.381767,-1.523696,147.17,0.3,2,135.2,22 / 23,1193729,2019-09-06 18:36:00:411,0.9692,-3.0261,9.6602,-0.0007,-0.0162,9.8066,0.0025,-0.1502,0.0382,-22.94,-27.31,30.81,345.76,-85.33,-156.82
52.381767,-1.523696,147.17,0.3,2,135.2,22 / 23,1193828,2019-09-06 18:36:00:510,0.6233,-2.6075,9.7094,-0.0037,-0.0067,9.8065,0.0023,-0.1799,0.0427,-23.19,-27.94,31.19,346.49,-85.22,-156.08
52.381767,-1.523696,147.17,0.3,2,135.2,22 / 23,1193929,2019-09-06 18:36:00:611,1.1511,-3.1579,9.8055,0.004,-0.001,9.8066,0.0005,-0.1964,-0.0006,-22.62,-27.44,31,346.53,-85.16,-156.06
52.381767,-1.523696,147.17,0.3,2,135.2,22 / 23,1194028,2019-09-06 18:36:00:710,1.7018,-3.8914,9.8164,-0.0021,-0.0087,9.8066,0.0151,-0.2586,0.0607,-22.62,-27.62,31.31,346.53,-85.06,-156.01
52.381767,-1.523696,147.17,0.3,2,135.2,22 / 23,1194128,2019-09-06 18:36:00:810,0.6603,-3.0082,9.9643,-0.0105,-0.0103,9.8065,-0.0259,-0.2974,0.0639,-22.19,-27.75,31.81,349.88,-84.97,-154.94
52.381767,-1.523696,147.17,0.3,2,135.2,22 / 23,1194228,2019-09-06 18:36:00:910,0.1529,-2.7117,10.5478,-0.0101,-0.0117,9.8066,0.0157,-0.297,0.0514,-21.87,-28.25,32.38,352.61,-85,-152.39
52.381767,-1.523696,147.17,0.3,2,135.2,22 / 23,1194328,2019-09-06 18:36:01:010,0.4107,-2.6128,10.2707,-0.0252,0.0045,9.8066,-0.0304,-0.3711,0.0717,-21.31,-27.75,31.75,357.02,-85.05,-149.5
52.381767,-1.523696,147.17,0.3,2,135.2,22 / 23,1194430,2019-09-06 18:36:01:112,-0.0138,-3.9553,9.5054,-0.0154,-0.0144,9.8066,-0.0503,-0.3216,0.0644,-20.75,-27.56,32.13,359.05,-85.04,-147.61
52.381767,-1.523696,147.17,0.3,2,135.2,22 / 23,1194528,2019-09-06 18:36:01:210,-1.1443,-2.6717,10.0276,-0.0009,-0.0151,9.8066,-0.0346,-0.3728,0.0772,-19.94,-27.31,31.88,2.86,-84.88,-145.32
52.381767,-1.523696,147.17,0.3,2,135.2,22 / 23,1194629,2019-09-06 18:36:01:311,-0.0742,-2.4109,10.4588,0.0038,-0.0039,9.8066,-0.0275,-0.322,0.0026,-19.94,-26.81,31.75,3.34,-84.9,-144.88
52.381767,-1.523696,147.17,0.3,2,135.2,22 / 23,1194728,2019-09-06 18:36:01:410,-0.0007,-2.2293,9.9051,-0.0019,-0.0008,9.8066,-0.0158,-0.3545,0.0444,-19.37,-26.69,32.25,4.7,-84.84,-144.92
52.381767,-1.523696,147.17,0.3,2,135.2,22 / 23,1194829,2019-09-06 18:36:01:511,0.0041,-2.5055,9.8744,-0.0042,-0.0177,9.8066,0.0058,-0.3756,0.0684,-17.37,-26.87,31.69,8.24,-84.65,-144.39
52.381767,-1.523696,147.17,0.3,2,135.2,22 / 23,1194928,2019-09-06 18:36:01:610,-0.51,-1.8494,9.2589,-0.0144,-0.0152,9.8065,-0.034,-0.3411,0.0559,-16.69,-28.19,31.44,8.81,-84.47,-143.16
52.381767,-1.523696,147.17,0.3,2,135.2,22 / 23,1195029,2019-09-06 18:36:01:711,-1.3672,-2.1288,9.7939,-0.0155,-0.0076,9.8066,-0.0414,-0.3555,0.0947,-15.94,-28.06,30.88,12.41,-84.23,-141.35
52.381767,-1.523696,147.17,0.3,2,135.2,22 / 23,1195128,2019-09-06 18:36:01:810,-0.834,-1.4522,10.5446,-0.0051,0.0011,9.8066,-0.0014,-0.3543,0.0107,-14.75,-29.94,29.94,14.45,-84.08,-140.38
52.381767,-1.523696,147.17,0.3,2,135.2,22 / 23,1195228,2019-09-06 18:36:01:910,-1.0472,-1.6128,10.6009,-0.0008,-0.0158,9.8066,0.0116,-0.3507,0.0117,-14.12,-31.81,30.19,16.65,-83.88,-140.12
52.381767,-1.523696,147.17,0.3,2,135.2,22 / 23,1195329,2019-09-06 18:36:02:011,-0.5605,-1.1041,10.1379,-0.0013,-0.0016,9.8066,0.0179,-0.303,0.1025,-15.06,-34.25,30.06,15.16,-83.87,-139.98
52.381767,-1.523696,147.17,0.3,2,135.2,22 / 23,1195428,2019-09-06 18:36:02:110,-0.8317,-1.7614,9.4575,0.0074,-0.0055,9.8066,-0.0134,-0.3482,0.0117,-17.94,-37,32.25,11.37,-83.73,-140.58
52.381767,-1.523696,147.17,0.3,2,135.2,22 / 23,1195529,2019-09-06 18:36:02:211,-1.0766,-2.092,9.9051,0.0005,-0.0182,9.8065,0.0608,-0.3023,0.0742,-19.62,-36.56,35,10.1,-83.6,-141.25
52.381767,-1.523696,147.17,0.3,2,135.2,22 / 23,1195628,2019-09-06 18:36:02:310,-1.1921,-1.2937,10.4044,-0.0033,-0.0116,9.8066,0.0049,-0.3129,0.0877,-22.25,-35.87,38.13,10.02,-83.34,-140.93
52.381767,-1.523696,147.17,0.3,2,135.2,22 / 23,1195729,2019-09-06 18:36:02:411,-1.3766,-0.7583,9.7589,-0.0048,-0.01,9.8065,-0.0186,-0.3189,0.0377,-22.5,-31.94,40.5,12.22,-83.11,-140.65
52.381767,-1.523696,147.17,0.3,2,135.2,22 / 23,1195829,2019-09-06 18:36:02:511,-1.6308,0.1783,10.0702,-0.0068,-0.0041,9.8066,-0.0683,-0.3046,0.0421,-20.31,-28.75,42.44,15.62,-82.95,-140.21
52.381767,-1.523696,147.17,0.3,2,135.2,22 / 23,1195929,2019-09-06 18:36:02:611,-2.124,-0.6119,10.303,-0.0028,0.0104,9.8066,-0.0214,-0.2525,0.013,-17.5,-26.56,41,19.34,-82.97,-139.69
52.381767,-1.523696,147.17,0.3,2,135.2,22 / 23,1196029,2019-09-06 18:36:02:711,-1.8929,-0.0244,9.7523,0.0155,0.0189,9.8066,-0.0888,-0.2904,-0.0091,-15.06,-25.5,38.56,20.16,-83.08,-140.36
52.381767,-1.523696,147.17,0.3,2,135.2,22 / 23,1196128,2019-09-06 18:36:02:810,-0.6802,-0.3959,10.054,0.0042,0.0107,9.8066,0.0232,-0.2754,0.004,-13.31,-26.12,37.38,20.77,-83.13,-141.62
52.381767,-1.523696,147.17,0.3,2,135.2,22 / 23,1196229,2019-09-06 18:36:02:911,-1.0548,-0.0423,9.9768,-0.0011,-0.0125,9.8066,-0.0149,-0.259,0.0443,-12.87,-26.69,36.88,20.05,-83.16,-142.34
52.381767,-1.523696,147.17,0.3,2,135.2,22 / 23,1196329,2019-09-06 18:36:03:011,-0.8972,0.1949,10.0865,0.0018,-0.0073,9.8066,-0.0355,-0.1983,0.0311,-12.62,-27.75,36.13,19.56,-83.07,-142.41
52.381664,-1.523641,145.55,5.33,2,183.05,22 / 23,1196429,2019-09-06 18:36:03:111,-1.3291,0.6193,10.0567,-0.0109,-0.0029,9.8066,-0.0089,-0.2145,0.0321,-11.56,-27.69,35.69,22.12,-83.04,-141.52
52.381664,-1.523641,145.55,5.33,2,183.05,22 / 23,1196529,2019-09-06 18:36:03:211,-1.6756,0.4679,9.2636,0.0172,0.0247,9.8065,-0.0595,-0.2169,-0.0634,-10.87,-28.5,35.75,22.63,-83.19,-142.47
52.381664,-1.523641,145.55,5.33,2,183.05,22 / 23,1196629,2019-09-06 18:36:03:311,-0.5379,0.2403,9.1979,0.0309,0.0256,9.8065,-0.0499,-0.1936,-0.0586,-10,-28.81,35,21.14,-83.51,-144.9
52.381664,-1.523641,145.55,5.33,2,183.05,22 / 23,1196729,2019-09-06 18:36:03:411,0.1746,0.7254,9.3962,0.0181,0.0345,9.8065,-0.0722,-0.1592,-0.0366,-9.37,-28.31,34.75,20.33,-83.82,-147.02
52.381664,-1.523641,145.55,5.33,2,183.05,22 / 23,1196829,2019-09-06 18:36:03:511,0.1899,0.6159,9.7138,-0.001,0.0233,9.8065,-0.0853,-0.1291,0.0098,-9.25,-29.56,34.63,20.52,-84.34,-146.8
52.381664,-1.523641,145.55,5.33,2,183.05,22 / 23,1196929,2019-09-06 18:36:03:611,-0.3477,0.7738,10.424,-0.0182,0.0249,9.8066,-0.0012,-0.1052,0.0211,-9.94,-29.56,33.44,22.24,-84.7,-142.74
52.381664,-1.523641,145.55,5.33,2,183.05,22 / 23,1197028,2019-09-06 18:36:03:710,-0.5382,0.3917,9.8352,-0.0043,0.0343,9.8066,0.0563,-0.0713,-0.0316,-9.87,-28.87,33.88,24.22,-84.89,-141.19
52.381664,-1.523641,145.55,5.33,2,183.05,22 / 23,1197129,2019-09-06 18:36:03:811,0.2082,1.0645,10.0457,0.0371,-0.0223,9.8064,-0.0034,-0.0355,-0.0583,-9,-29,34.06,21.01,-84.98,-145.72
52.381664,-1.523641,145.55,5.33,2,183.05,22 / 23,1197228,2019-09-06 18:36:03:910,0.4754,2.2801,9.4417,0.0403,-0.0254,9.8065,0.0065,0.0281,-0.0982,-9,-29.69,34.19,16.37,-85.07,-150.05
52.381664,-1.523641,145.55,5.33,2,183.05,22 / 23,1197329,2019-09-06 18:36:04:011,1.8082,2.8653,9.592,0.013,0.0176,9.8066,0.0114,0.1228,-0.0714,-8.69,-29.19,34,11.1,-85.08,-154.89
52.381664,-1.523641,145.55,5.33,2,183.05,22 / 23,1197429,2019-09-06 18:36:04:111,0.9065,1.7225,9.7655,0.012,0.0108,9.8066,0.0284,0.066,0.0147,-9.12,-28.75,35,8.27,-85.15,-157.89
52.381664,-1.523641,145.55,5.33,2,183.05,22 / 23,1197528,2019-09-06 18:36:04:210,1.2503,2.2438,9.7098,0.006,0.0049,9.8066,0.036,0.1954,-0.0589,-10.19,-29.69,34.69,4.91,-85.14,-159.5
52.381664,-1.523641,145.55,5.33,2,183.05,22 / 23,1197629,2019-09-06 18:36:04:311,1.2379,1.4722,10.2738,-0.0007,0.0104,9.8065,0.0572,0.2388,-0.0156,-11.06,-29.06,35.31,2.57,-85.15,-160.16
52.381664,-1.523641,145.55,5.33,2,183.05,22 / 23,1197729,2019-09-06 18:36:04:411,2.9571,2.0564,10.3361,0.0254,-0.0161,9.8066,-0.0342,0.3092,0.0079,-11.31,-29.12,35.06,358.82,-85.13,-163.65
52.381664,-1.523641,145.55,5.33,2,183.05,22 / 23,1197829,2019-09-06 18:36:04:511,3.5778,2.3924,9.5678,-0.0268,-0.0226,9.8066,0.0437,0.3321,0.045,-12.56,-27.87,35.31,358.7,-85.04,-160.84
52.381664,-1.523641,145.55,5.33,2,183.05,22 / 23,1197929,2019-09-06 18:36:04:611,0.4922,1.6806,10.3934,-0.0424,-0.0463,9.8064,0.0189,0.3514,0.097,-13.37,-28.25,36.31,5.28,-84.91,-155.23
52.381664,-1.523641,145.55,5.33,2,183.05,22 / 23,1198029,2019-09-06 18:36:04:711,1.8313,1.6459,10.1116,-0.0105,-0.0044,9.8066,0.0326,0.4652,-0.0202,-14.69,-28.75,35.63,7.3,-84.51,-150.63
52.381664,-1.523641,145.55,5.33,2,183.05,22 / 23,1198128,2019-09-06 18:36:04:810,1.9979,1.6923,9.6691,0.0112,-0.0155,9.8066,0.026,0.5046,-0.0686,-14.81,-28.12,35.13,6.27,-84.27,-151.02
52.381664,-1.523641,145.55,5.33,2,183.05,22 / 23,1198229,2019-09-06 18:36:04:911,2.137,2.056,8.8433,0.0218,0.0063,9.8066,0.0128,0.5398,-0.0862,-15.94,-27.5,35.44,2.74,-84.35,-152.89
52.381664,-1.523641,145.55,5.33,2,183.05,22 / 23,1198329,2019-09-06 18:36:05:011,2.4478,3.1713,9.9931,0.0029,0.0474,9.8064,0.0543,0.5447,-0.0974,-16.12,-27.19,35.88,359.67,-84.7,-156.35
52.381664,-1.523641,145.55,5.33,2,183.05,21 / 23,1198428,2019-09-06 18:36:05:110,3.2957,3.0202,9.7712,-0.0112,0.0673,9.8064,0.0932,0.631,-0.064,-17.44,-28.5,35.25,357.08,-85.04,-156.82
52.381664,-1.523641,145.55,5.33,2,183.05,21 / 23,1198529,2019-09-06 18:36:05:211,2.9268,2.6022,9.9296,0.0056,-0.0259,9.8066,-0.0604,0.6355,-0.0566,-18.5,-28,34.5,355.5,-85.21,-157
52.381664,-1.523641,145.55,5.33,2,183.05,21 / 23,1198628,2019-09-06 18:36:05:310,2.5094,2.1421,10.5035,-0.0115,-0.036,9.8065,0.1575,0.614,0.0879,-19.56,-27.31,33.75,354.33,-84.97,-154.84
52.381664,-1.523641,145.55,5.33,2,183.05,21 / 23,1198728,2019-09-06 18:36:05:410,1.0528,1.1569,9.7322,-0.0033,-0.0444,9.8065,-0.0821,0.6741,0.0392,-19.81,-27.37,32.81,358.59,-84.41,-150.09
52.381664,-1.523641,145.55,5.33,2,183.05,21 / 23,1198829,2019-09-06 18:36:05:511,2.2851,1.5593,9.4785,0.0011,-0.051,9.8064,-0.0956,0.6681,-0.0649,-20.06,-27.81,32.63,0.59,-84.21,-148.23
52.381664,-1.523641,145.55,5.33,2,183.05,21 / 23,1198929,2019-09-06 18:36:05:611,0.9964,0.1699,9.4477,-0.0167,0.0464,9.8065,0.1473,0.6278,-0.0322,-21.94,-28.19,31.38,357.45,-84.45,-146.99
52.381664,-1.523641,145.55,5.33,2,183.05,21 / 23,1199029,2019-09-06 18:36:05:711,2.2754,1.1047,9.674,-0.0151,0.0534,9.8064,0.0564,0.6493,-0.09,-22,-28.81,30.44,355.01,-84.68,-148.36
52.381664,-1.523641,145.55,5.33,2,183.05,21 / 23,1199129,2019-09-06 18:36:05:811,2.0936,0.7515,10.1764,-0.0116,0.0005,9.8066,-0.0468,0.5634,-0.0537,-22.62,-28.19,29.75,353.42,-84.81,-148.64
52.381664,-1.523641,145.55,5.33,2,183.05,21 / 23,1199229,2019-09-06 18:36:05:911,1.2241,1.0912,9.8193,-0.0132,0.0015,9.8065,-0.0321,0.5066,-0.0263,-23.25,-28.25,29.63,357.5,-85.02,-144.86
52.381664,-1.523641,145.55,5.33,2,183.05,21 / 23,1199329,2019-09-06 18:36:06:011,0.8889,0.8933,9.5475,-0.0241,0.019,9.8066,-0.0298,0.4565,0.0259,-24.19,-28.81,28.63,0.14,-85.35,-140.26
52.381664,-1.523641,145.55,5.33,2,183.05,22 / 23,1199428,2019-09-06 18:36:06:110,0.2513,1.2885,9.9722,-0.0155,0.0085,9.8065,-0.0173,0.4178,-0.0493,-25.25,-28.37,27.75,0.28,-85.43,-137.98
52.381664,-1.523641,145.55,5.33,2,183.05,22 / 23,1199529,2019-09-06 18:36:06:211,1.394,0.4659,9.4933,0.0119,0.0035,9.8066,-0.0255,0.3798,-0.004,-25.12,-28.5,27.19,358.17,-85.57,-138.92
52.381664,-1.523641,145.55,5.33,2,183.05,22 / 23,1199629,2019-09-06 18:36:06:311,0.9352,0.3151,9.5634,-0.0023,-0.0131,9.8066,-0.0227,0.3559,0.0075,-25.25,-28.5,26.56,359.7,-85.59,-137.48
52.381664,-1.523641,145.55,5.33,2,183.05,22 / 23,1199729,2019-09-06 18:36:06:411,0.2593,0.9593,9.7145,-0.0274,0.0148,9.8065,0.0559,0.2698,0.0111,-26.12,-28.69,26.19,358.3,-85.61,-136.59
52.381664,-1.523641,145.55,5.33,2,183.05,22 / 23,1199829,2019-09-06 18:36:06:511,0.5229,0.3289,10.1881,-0.0231,0.0045,9.8066,0.0139,0.2294,0.0207,-26.81,-28.94,25.81,0.87,-85.59,-133.1
52.381664,-1.523641,145.55,5.33,2,183.05,22 / 23,1199929,2019-09-06 18:36:06:611,0.3046,-0.2735,10.0668,0.0012,-0.0218,9.8065,0.0532,0.1746,0.0412,-27.19,-28.87,25.69,2.39,-85.35,-131.69
52.381664,-1.523641,145.55,5.33,2,183.05,22 / 23,1200029,2019-09-06 18:36:06:711,-0.403,-0.1678,9.5724,-0.0138,-0.0137,9.8066,-0.104,0.1385,0.042,-27.25,-28.87,25.63,4.99,-85.25,-129.26
52.381664,-1.523641,145.55,5.33,2,183.05,22 / 23,1200128,2019-09-06 18:36:06:810,-0.4405,-0.1503,9.81,-0.0018,-0.0065,9.8066,-0.0868,0.0782,0.0247,-27.62,-29.25,25.63,6.82,-85.19,-126.52
52.381664,-1.523641,145.55,5.33,2,183.05,22 / 23,1200228,2019-09-06 18:36:06:910,-0.286,0.3429,9.9587,0.0093,-0.0111,9.8066,-0.0715,0.0604,-0.0075,-28,-28.75,25.13,6.51,-85.19,-125.7
52.381664,-1.523641,145.55,5.33,2,183.05,22 / 23,1200329,2019-09-06 18:36:07:011,-0.5609,0.4002,10.1565,-0.0159,-0.0015,9.8065,0.0591,0.0053,0.0412,-27.25,-28.81,24.56,8.44,-85.16,-124.95
52.381664,-1.523641,145.55,5.33,2,183.05,21 / 23,1200428,2019-09-06 18:36:07:110,-0.8748,0.0816,10.0087,-0.0129,-0.0124,9.8066,0.0118,-0.0289,0.0443,-27.62,-28.62,25.44,8.63,-84.93,-123.75
52.381664,-1.523641,145.55,5.33,2,183.05,21 / 23,1200529,2019-09-06 18:36:07:211,-0.6738,0.2406,10.269,-0.0027,-0.0165,9.8066,0.0628,-0.0489,0.0598,-28.37,-28.75,25.5,9.67,-84.6,-123.94
52.381664,-1.523641,145.55,5.33,2,183.05,21 / 23,1200629,2019-09-06 18:36:07:311,-1.1052,-0.0682,10.0172,-0.0026,-0.0204,9.8065,0.055,-0.0735,0.0319,-28.37,-28.62,25.25,8.15,-84.34,-124.27
52.381664,-1.523641,145.55,5.33,2,183.05,21 / 23,1200729,2019-09-06 18:36:07:411,-1.1714,-0.1375,9.7976,0.0145,-0.0058,9.8066,0.0564,-0.0942,0.0182,-27.69,-28.87,25.94,7.13,-84.1,-126.35
52.381664,-1.523641,145.55,5.33,2,183.05,21 / 23,1200828,2019-09-06 18:36:07:510,-0.6595,0.2994,9.7251,0.0102,-0.0072,9.8066,0.0539,-0.1004,-0.0032,-27.81,-28.37,25.81,5.51,-84.05,-127.82
52.381664,-1.523641,145.55,5.33,2,183.05,21 / 23,1200929,2019-09-06 18:36:07:611,-0.6493,1.001,9.9423,0.0135,0.0041,9.8066,-0.0155,-0.0642,-0.0187,-27.94,-28.44,26.38,3.81,-83.97,-129.39
52.381664,-1.523641,145.55,5.33,2,183.05,21 / 23,1201029,2019-09-06 18:36:07:711,-0.3926,0.7619,10.2163,0.0111,-0.0013,9.8066,0.0596,-0.0368,0.0123,-27.75,-28.62,25.88,1.74,-84.03,-131.28
52.381664,-1.523641,145.55,5.33,2,183.05,21 / 23,1201129,2019-09-06 18:36:07:811,0.0469,0.4189,9.7842,-0.0041,-0.0047,9.8066,0.0687,-0.0569,0.017,-27.75,-28.19,26.94,2.1,-83.91,-132.03
52.381664,-1.523641,145.55,5.33,2,183.05,21 / 23,1201229,2019-09-06 18:36:07:911,0.0509,0.0478,9.7492,-0.007,-0.0008,9.8066,0.0387,-0.0595,0.0193,-27.56,-27.75,26,0.81,-83.79,-132.14
52.381664,-1.523641,145.55,5.33,2,183.05,21 / 23,1201329,2019-09-06 18:36:08:011,-0.0063,0.0042,9.6782,0.0042,-0.0051,9.8066,-0.0195,-0.0322,0.0131,-28.06,-27.94,26.69,2.11,-83.72,-132.03
52.381664,-1.523641,145.55,5.33,2,183.05,22 / 23,1201429,2019-09-06 18:36:08:111,-0.1964,0.3524,10.09,0.0051,-0.0038,9.8066,-0.0201,-0.0223,-0.0036,-27.94,-28.19,26.31,1.18,-83.72,-131.8
52.381664,-1.523641,145.55,5.33,2,183.05,22 / 23,1201528,2019-09-06 18:36:08:210,0.2186,0.264,9.9648,0.0021,0.0058,9.8066,-0.0294,-0.0143,-0.0058,-28.44,-28.44,26.25,1.11,-83.8,-131.86
52.381664,-1.523641,145.55,5.33,2,183.05,22 / 23,1201630,2019-09-06 18:36:08:312,0.3077,0.3251,9.5926,0.0009,-0.003,9.8066,0.002,-0.024,0.0146,-27.62,-27.69,26.56,2.29,-83.84,-131.86
52.381664,-1.523641,145.55,5.33,2,183.05,22 / 23,1201729,2019-09-06 18:36:08:411,0.6483,-0.2254,9.3608,-0.022,0.0111,9.8066,0.0357,-0.0126,0.0305,-27.94,-28.19,26.88,3.88,-83.89,-130.39
52.381664,-1.523641,145.55,5.33,2,183.05,22 / 23,1201829,2019-09-06 18:36:08:511,-0.4073,-0.2856,10.6216,0.0046,-0.0055,9.8066,0.0033,-0.0266,-0.0004,-28.5,-28,26.56,3.78,-83.82,-130.49
52.381664,-1.523641,145.55,5.33,2,183.05,22 / 23,1201929,2019-09-06 18:36:08:611,0.9188,-0.5905,9.8893,0.0042,0.0072,9.8066,0.0836,-0.0271,0.005,-28.19,-28.56,26.19,1.38,-83.85,-131.61
52.381664,-1.523641,145.55,5.33,2,183.05,22 / 23,1202029,2019-09-06 18:36:08:711,0.3685,-0.251,9.6488,0.0098,-0.0111,9.8066,0.0328,-0.0179,-0.0182,-27.94,-28,26.06,0.05,-83.71,-132.83
52.381664,-1.523641,145.55,5.33,2,183.05,22 / 23,1202129,2019-09-06 18:36:08:811,1.543,-0.7171,9.5185,0.0097,-0.0052,9.8066,0.0283,-0.0113,0.0122,-27.75,-28.31,27.19,0.07,-83.71,-133.9
52.381664,-1.523641,145.55,5.33,2,183.05,22 / 23,1202228,2019-09-06 18:36:08:910,1.2048,-0.9408,9.8021,0.0008,-0.0119,9.8066,0.0264,-0.0401,0.0329,-27.87,-28.56,27.31,359.38,-83.55,-134.52
52.381664,-1.523641,145.55,5.33,2,183.05,22 / 23,1202329,2019-09-06 18:36:09:011,0.6937,-0.9253,9.9291,-0.0125,-0.0072,9.8066,0.0284,-0.0281,0.0394,-27.69,-27.94,26.81,0.44,-83.39,-133.55
52.381664,-1.523641,145.55,5.33,2,183.05,22 / 23,1202428,2019-09-06 18:36:09:110,1.6541,-1.9881,10.1589,-0.0189,0.0032,9.8066,-0.0309,0.0112,-0.0166,-28.56,-28.37,26.81,359.79,-83.26,-133.14
52.381664,-1.523641,145.55,5.33,2,183.05,22 / 23,1202528,2019-09-06 18:36:09:210,1.5236,-2.0821,9.9016,-0.0019,-0.0067,9.8066,-0.0008,-0.0291,0.0244,-27.62,-27.94,26.88,1.82,-83.28,-132.3
52.381664,-1.523641,145.55,5.33,2,183.05,22 / 23,1202628,2019-09-06 18:36:09:310,0.9612,-0.4364,9.6543,0.0027,0.0072,9.8066,-0.0048,0.0112,-0.0058,-28.31,-28.37,26.63,2.63,-83.4,-131.56
52.381664,-1.523641,145.55,5.33,2,183.05,22 / 23,1202728,2019-09-06 18:36:09:410,0.7077,-0.8116,9.9036,0.0062,-0.0132,9.8066,0.0293,-0.0038,0.0165,-27.44,-28.56,26.88,4.14,-83.48,-131.24
52.381664,-1.523641,145.55,5.33,2,183.05,22 / 23,1202828,2019-09-06 18:36:09:510,0.4519,-0.254,9.9562,0.0048,-0.0082,9.8066,0.0419,0.0059,0.0279,-27.56,-27.75,26.69,2.74,-83.41,-131.47
52.381664,-1.523641,145.55,5.33,2,183.05,22 / 23,1202928,2019-09-06 18:36:09:610,0.5499,0.2716,9.4406,-0.0091,0.0063,9.8066,-0.0037,-0.0372,0.0322,-27.81,-27.75,26.88,3.85,-83.36,-130.46
52.381664,-1.523641,145.55,5.33,2,183.05,22 / 23,1203028,2019-09-06 18:36:09:710,0.4114,-0.4966,10.0757,-0.0056,-0.0128,9.8066,-0.0331,0.0131,0.0062,-28.19,-28.12,26.25,3.61,-83.24,-129.61
52.381664,-1.523641,145.55,5.33,2,183.05,22 / 23,1203130,2019-09-06 18:36:09:812,0.4245,-0.9219,10.0979,0.0023,-0.0093,9.8066,-0.0656,-0.0003,0.0002,-27.56,-27.87,26.13,4.03,-83.19,-129.23
52.381664,-1.523641,145.55,5.33,2,183.05,22 / 23,1203228,2019-09-06 18:36:09:910,0.5043,-0.8143,9.8566,0.0077,-0.0036,9.8066,-0.0145,-0.0235,0.0127,-27.62,-28.06,26.56,5.11,-83.24,-129.32
52.381664,-1.523641,145.55,5.33,2,183.05,22 / 23,1203328,2019-09-06 18:36:10:010,0.787,-0.8043,9.7096,0.0068,0.0026,9.8066,-0.0723,-0.0078,-0.0387,-28.19,-28,27,4.59,-83.23,-129.79
52.381664,-1.523641,145.55,5.33,2,183.05,22 / 23,1203428,2019-09-06 18:36:10:110,0.2642,-0.1935,9.7527,0.0123,-0.0157,9.8066,-0.0015,-0.0641,0.0218,-27.31,-27.75,26.5,5.07,-83.26,-130.4
52.381664,-1.523641,145.55,5.33,2,183.05,22 / 23,1203529,2019-09-06 18:36:10:211,-0.0947,-1.2851,9.9686,-0.0004,0.0057,9.8066,0.0679,-0.0494,0.0271,-27.56,-27.87,27.25,3.59,-83.27,-130.69
52.381664,-1.523641,145.55,5.33,2,183.05,22 / 23,1203628,2019-09-06 18:36:10:310,1.0289,-0.0818,9.8633,0.0038,-0.0039,9.8066,0.0299,0.0336,-0.0054,-28,-28.06,27,2.8,-83.25,-131.41
52.381664,-1.523641,145.55,5.33,2,183.05,22 / 23,1203729,2019-09-06 18:36:10:411,0.671,0.7155,9.6313,-0.0025,-0.0014,9.8066,-0.0445,0.0196,-0.0379,-27.81,-27.31,26.38,1.17,-83.23,-131.82
52.381664,-1.523641,145.55,5.33,2,183.05,22 / 23,1203829,2019-09-06 18:36:10:511,0.2816,-0.5456,9.9997,-0.0052,0.0126,9.8066,0.0164,-0.0317,0.023,-27.12,-27.87,27.19,3.48,-83.27,-131.84
52.381664,-1.523641,145.55,5.33,2,183.05,22 / 23,1203928,2019-09-06 18:36:10:610,-0.0248,-0.2547,10.2842,0.0034,0.0053,9.8066,0.046,0.0289,0.0142,-27.44,-28.69,26.69,3.08,-83.31,-132.21
52.381664,-1.523641,145.55,5.33,2,183.05,22 / 23,1204029,2019-09-06 18:36:10:711,0.699,-0.9939,9.7298,0.0011,-0.0016,9.8066,0.0368,-0.0041,-0.0182,-27.5,-28,26.06,1.43,-83.39,-132.62
52.381664,-1.523641,145.55,5.33,2,183.05,22 / 23,1204128,2019-09-06 18:36:10:810,1.0071,-0.0144,9.5453,0.0096,0.0044,9.8066,-0.0377,-0.0234,-0.001,-27.31,-27.94,26.63,2.07,-83.46,-133.11
52.381664,-1.523641,145.55,5.33,2,183.05,22 / 23,1204228,2019-09-06 18:36:10:910,0.2484,-0.4523,9.7809,0.005,0.0071,9.8066,-0.0211,0.0153,0.024,-27.37,-28.5,26.19,0.43,-83.49,-133.53
52.381664,-1.523641,145.55,5.33,2,183.05,22 / 23,1204328,2019-09-06 18:36:11:010,0.9161,-0.3324,9.9953,-0.0001,-0.0039,9.8066,0.0109,0.0287,-0.0293,-26.87,-27.62,26.5,1.63,-83.49,-133.52
52.381664,-1.523641,145.55,5.33,2,183.05,22 / 23,1204429,2019-09-06 18:36:11:111,-0.0759,-0.0792,10.0107,-0.0001,0.0042,9.8065,-0.0391,0.0256,-0.024,-27.06,-28.25,27.5,2.48,-83.54,-133.77
52.381664,-1.523641,145.55,5.33,2,183.05,22 / 23,1204529,2019-09-06 18:36:11:211,0.2104,-0.8942,10.0077,0.0081,-0.0108,9.8066,0.0232,-0.0167,0.0296,-27.81,-27.37,27.19,0.02,-83.64,-133.94
52.381664,-1.523641,145.55,5.33,2,183.05,22 / 23,1204628,2019-09-06 18:36:11:310,1.0278,-1.0078,9.4354,-0.0021,0.0114,9.8066,-0.0187,-0.0113,-0.0012,-28.12,-27.31,27,359.8,-83.64,-134.14
52.381664,-1.523641,145.55,5.33,2,183.05,22 / 23,1204728,2019-09-06 18:36:11:410,0.9264,-0.7001,9.5868,0.008,-0.0008,9.8066,-0.0263,-0.0411,0.0322,-28.12,-27.56,26.44,357.86,-83.64,-134.84
52.381664,-1.523641,145.55,5.33,2,183.05,22 / 23,1204828,2019-09-06 18:36:11:510,0.7079,-0.6178,9.6094,-0.0043,0.008,9.8066,0.0122,0.004,-0.0082,-27.81,-27.75,26.44,358.34,-83.69,-134.39
52.381664,-1.523641,145.55,5.33,2,183.05,22 / 23,1204929,2019-09-06 18:36:11:611,-0.0219,-0.4794,9.72,-0.0006,0.0056,9.8066,0.0071,-0.0121,0.0122,-28.25,-27.94,26.75,359.02,-83.76,-134.86
52.381664,-1.523641,145.55,5.33,2,183.05,22 / 23,1205029,2019-09-06 18:36:11:711,0.9911,-0.1867,10.0956,0.0019,-0.0068,9.8066,0.0382,-0.0004,0.0161,-28.5,-28.06,26.25,357.53,-83.72,-135.14
52.381664,-1.523641,145.55,5.33,2,183.05,22 / 23,1205129,2019-09-06 18:36:11:811,0.4009,-0.2626,9.987,-0.0005,-0.0064,9.8066,0.0372,-0.0087,0.0175,-27.69,-28.06,26.44,357.22,-83.7,-135.42
52.381664,-1.523641,145.55,5.33,2,183.05,22 / 23,1205229,2019-09-06 18:36:11:911,0.7662,-0.5348,10.012,-0.0078,0.002,9.8066,-0.0391,-0.0168,0.0087,-27.69,-28,26.56,358.68,-83.61,-135.16
52.381664,-1.523641,145.55,5.33,2,183.05,22 / 23,1205329,2019-09-06 18:36:12:011,0.1787,0.014,9.3705,0.0063,-0.0062,9.8066,-0.0455,0.035,0.0541,-27.62,-27.56,26.88,358.29,-83.45,-135.51
52.381386,-1.52325,143.81,7.39,3,124.17,22 / 23,1205429,2019-09-06 18:36:12:111,0.9172,-1.1682,10.1942,0.0092,-0.0194,9.8065,-0.0675,-0.023,0.0468,-27.81,-28,26.88,358.7,-83.37,-135.14
52.381386,-1.52325,143.81,7.39,3,124.17,22 / 23,1205528,2019-09-06 18:36:12:210,-0.1985,-0.9209,9.8168,-0.01,0.0083,9.8066,0.0231,-0.0604,0.038,-28.06,-28.06,26.56,359.82,-83.33,-134.12
52.381386,-1.52325,143.81,7.39,3,124.17,22 / 23,1205628,2019-09-06 18:36:12:310,0.1609,-0.3395,9.7235,-0.0076,0.0028,9.8066,0.0307,0.0007,-0.0313,-28.31,-27.44,27.38,359.97,-83.29,-133.99
52.381386,-1.52325,143.81,7.39,3,124.17,22 / 23,1205729,2019-09-06 18:36:12:411,0.4879,-0.1932,10.0596,0.0106,-0.0071,9.8066,-0.0363,0.0029,-0.0019,-28,-27.69,27.44,359.39,-83.26,-134.51
52.381386,-1.52325,143.81,7.39,3,124.17,22 / 23,1205829,2019-09-06 18:36:12:511,0.3157,-1.168,10.4202,0.0011,0.001,9.8066,-0.0254,-0.0106,-0.0495,-28.75,-26.19,27.56,358.54,-83.21,-135.34
52.381386,-1.52325,143.81,7.39,3,124.17,22 / 23,1205929,2019-09-06 18:36:12:611,-0.1293,-0.3152,10.3344,0.0189,0.0073,9.8066,0.0133,-0.0239,-0.0137,-29,-26.06,27.63,356.66,-83.24,-137.06
52.381386,-1.52325,143.81,7.39,3,124.17,22 / 23,1206028,2019-09-06 18:36:12:710,0.923,-0.7967,10.0846,0.0037,-0.0029,9.8066,-0.0035,0.0552,-0.0249,-28.56,-24.69,27.13,354.51,-83.2,-138
52.381386,-1.52325,143.81,7.39,3,124.17,22 / 23,1206128,2019-09-06 18:36:12:810,0.6254,-0.5291,9.9144,0.0073,-0.0053,9.8066,0.0084,0.0221,-0.0188,-28.37,-24.44,26.5,354.25,-83.19,-139.25
52.381386,-1.52325,143.81,7.39,3,124.17,22 / 23,1206228,2019-09-06 18:36:12:910,0.3908,-0.9808,10.18,0.0024,0.0043,9.8066,-0.0167,-0.0425,0.0161,-28.31,-24.5,26.63,353.91,-83.25,-139.57
52.381386,-1.52325,143.81,7.39,3,124.17,22 / 23,1206328,2019-09-06 18:36:13:010,0.4248,0.7854,9.8131,0.0065,0.0083,9.8066,0.0577,-0.0443,0.0517,-29.12,-26.37,26.31,352.01,-83.27,-139.19
52.381386,-1.52325,143.81,7.39,3,124.17,22 / 23,1206429,2019-09-06 18:36:13:111,0.8712,-0.4013,9.4002,-0.0017,-0.005,9.8066,0.0237,-0.0142,-0.0274,-28.12,-26.62,26.31,352.68,-83.24,-139.55
52.381386,-1.52325,143.81,7.39,3,124.17,22 / 23,1206528,2019-09-06 18:36:13:210,0.1277,-0.3259,9.7692,0.0052,-0.002,9.8066,-0.0234,-0.0177,0.0224,-28.19,-27.94,26.63,353.52,-83.19,-139.84
52.381386,-1.52325,143.81,7.39,3,124.17,22 / 23,1206629,2019-09-06 18:36:13:311,0.4283,-0.7482,9.7033,0.0054,-0.0098,9.8066,-0.0141,-0.0185,-0.0044,-27.87,-27.44,26.69,353.29,-83.11,-140.07
52.381386,-1.52325,143.81,7.39,3,124.17,22 / 23,1206729,2019-09-06 18:36:13:411,0.3986,-0.1503,9.9059,0.0068,0.0095,9.8066,-0.0071,0.0096,0.0136,-27.87,-27.81,27.44,352.97,-83.11,-140.34
52.381386,-1.52325,143.81,7.39,3,124.17,22 / 23,1206829,2019-09-06 18:36:13:511,-0.0949,0.266,9.4961,0.0033,0.0003,9.8066,-0.0452,0.0353,0.0247,-27.56,-28.37,26.88,352.58,-83.16,-140.69
52.381386,-1.52325,143.81,7.39,3,124.17,22 / 23,1206929,2019-09-06 18:36:13:611,1.1911,-0.9377,9.7864,-0.003,-0.0056,9.8066,-0.0082,-0.0001,-0.0381,-27.44,-27.87,26.69,354.5,-83.16,-139.98
52.381386,-1.52325,143.81,7.39,3,124.17,22 / 23,1207028,2019-09-06 18:36:13:710,1.1148,0.0579,9.7385,0.0118,-0.0027,9.8066,-0.0517,0.0135,-0.0014,-28.12,-28.31,26.81,353.14,-83.13,-140.18
52.381386,-1.52325,143.81,7.39,3,124.17,22 / 23,1207128,2019-09-06 18:36:13:810,0.6729,0.107,9.6896,-0.0017,-0.0125,9.8066,-0.056,0.0297,0.0206,-28.06,-28.25,26.88,353.76,-83.05,-139.61
52.381386,-1.52325,143.81,7.39,3,124.17,22 / 23,1207229,2019-09-06 18:36:13:911,-0.0216,-0.355,9.7096,-0.0051,0.0054,9.8066,-0.1216,-0.0484,0.0143,-27.94,-28.44,26.94,354.14,-83.02,-139.27
52.381386,-1.52325,143.81,7.39,3,124.17,22 / 23,1207329,2019-09-06 18:36:14:011,0.84,-0.1806,9.6202,-0.0187,0.0153,9.8066,0.1419,-0.0419,0.0345,-28.31,-28.06,26.88,355.71,-83.02,-137.84
52.381386,-1.52325,143.81,7.39,3,124.17,21 / 22,1207428,2019-09-06 18:36:14:110,0.246,-0.5383,10.5788,-0.0273,0.0129,9.8066,0.1333,-0.0083,0.0187,-27.81,-27.81,26.5,356.04,-82.96,-137.54
52.381386,-1.52325,143.81,7.39,3,124.17,21 / 22,1207529,2019-09-06 18:36:14:211,0.3696,-0.7077,10.2446,0.0187,-0.0228,9.8065,0.0404,0.0489,-0.0383,-27.94,-27.5,26.44,354.42,-82.87,-137.93
52.381386,-1.52325,143.81,7.39,3,124.17,21 / 22,1207629,2019-09-06 18:36:14:311,0.9255,-0.6332,9.8547,0.0191,-0.0161,9.8066,0.088,-0.0132,0.0171,-27.87,-27.75,27.25,353.82,-82.68,-139.53
52.381386,-1.52325,143.81,7.39,3,124.17,21 / 22,1207729,2019-09-06 18:36:14:411,0.2346,-0.3696,9.5457,-0.0124,0.0306,9.8066,-0.0481,0.03,-0.0027,-28.06,-28.31,26,352.49,-82.77,-139.64
52.381386,-1.52325,143.81,7.39,3,124.17,21 / 22,1207829,2019-09-06 18:36:14:511,-0.0105,0.0026,9.9839,-0.0068,0.0152,9.8066,-0.0449,0.0246,-0.038,-27.5,-28.19,26.75,354.16,-82.87,-140.26
52.381386,-1.52325,143.81,7.39,3,124.17,21 / 22,1207929,2019-09-06 18:36:14:611,1.7249,1.3744,9.7079,0.0167,0.0229,9.8065,0.0572,0.1415,-0.1337,-27.44,-27.87,26.63,351.5,-83.02,-142.68
52.381386,-1.52325,143.81,7.39,3,124.17,21 / 22,1208029,2019-09-06 18:36:14:711,1.3949,-1.1149,9.5723,0.028,0.0108,9.8065,0.1775,-0.0365,0.138,-27.69,-28.12,27.13,347.18,-83.12,-145.6
52.381386,-1.52325,143.81,7.39,3,124.17,21 / 22,1208129,2019-09-06 18:36:14:811,1.4232,-1.5276,9.9059,0.0175,-0.0306,9.8065,-0.147,-0.0221,-0.1366,-27.44,-28.25,26.75,347.78,-83,-146.05
52.381386,-1.52325,143.81,7.39,3,124.17,21 / 22,1208229,2019-09-06 18:36:14:911,0.6417,-1.5093,9.3991,0.0059,0.011,9.8065,0.0334,0.0455,0.0134,-27.69,-28.12,26.56,346.33,-83.05,-146.35
52.381386,-1.52325,143.81,7.39,3,124.17,21 / 22,1208329,2019-09-06 18:36:15:011,1.2405,-0.3648,9.566,-0.0262,0.014,9.8065,-0.0432,0.0271,-0.006,-27.44,-27.75,26.63,348.66,-83.31,-145.3
52.381386,-1.52325,143.81,7.39,3,124.17,22 / 23,1208429,2019-09-06 18:36:15:111,-0.0343,-0.6914,9.5737,-0.0241,0.0096,9.8066,0.0033,0.0526,0.0003,-27.06,-28.75,26.63,350.1,-83.32,-143.96
52.381386,-1.52325,143.81,7.39,3,124.17,22 / 23,1208528,2019-09-06 18:36:15:210,-0.187,-0.0778,10.1374,-0.0223,0.0163,9.8066,0.1011,0.0134,0.0519,-27.06,-28.19,26.19,350.78,-83.38,-142.29
52.381386,-1.52325,143.81,7.39,3,124.17,22 / 23,1208629,2019-09-06 18:36:15:311,1.1239,-1.1471,9.3802,-0.0174,0.0097,9.8066,-0.136,-0.0693,0.0198,-26.81,-28,26.31,351.26,-83.39,-141.86
52.381386,-1.52325,143.81,7.39,3,124.17,22 / 23,1208729,2019-09-06 18:36:15:411,0.5899,1.0358,9.9,0.0161,-0.0247,9.8066,-0.1515,0.045,-0.057,-27.25,-28.25,26.25,351.68,-83.37,-141.47
52.381386,-1.52325,143.81,7.39,3,124.17,22 / 23,1208828,2019-09-06 18:36:15:510,0.1579,-0.4191,9.2134,0.0188,-0.0033,9.8065,0.0315,0.0046,0.0959,-26.87,-28.44,26.19,350.42,-83.19,-142.59
52.381386,-1.52325,143.81,7.39,3,124.17,22 / 23,1208928,2019-09-06 18:36:15:610,0.3439,-0.155,9.8314,-0.013,0.0075,9.8066,-0.0036,0.0548,-0.0225,-27.69,-28.62,26.13,349.36,-83.05,-142.47
52.381386,-1.52325,143.81,7.39,3,124.17,22 / 23,1209028,2019-09-06 18:36:15:710,-0.3574,-1.0814,10.2335,-0.0126,0.0027,9.8066,0.0467,-0.0537,0.0409,-27.69,-27.75,27.25,350.85,-83.01,-142.25
52.381386,-1.52325,143.81,7.39,3,124.17,22 / 23,1209128,2019-09-06 18:36:15:810,0.2536,0.1502,9.6829,-0.0181,0.0181,9.8066,0.1029,0.0467,0.0461,-28.06,-28.19,25.56,350.53,-82.99,-141.43
52.381386,-1.52325,143.81,7.39,3,124.17,22 / 23,1209229,2019-09-06 18:36:15:911,0.1406,0.2118,10.1845,-0.0183,0.0115,9.8066,0.1176,-0.0078,0.0079,-27.87,-27.87,26.25,351.32,-83.02,-140.73
52.381386,-1.52325,143.81,7.39,3,124.17,22 / 23,1209330,2019-09-06 18:36:16:012,-0.9807,0.0625,9.6267,0.0113,0.0001,9.8066,-0.1221,0.0031,0.0726,-27.62,-27.62,25.5,351.36,-82.93,-140.68
52.381386,-1.52325,143.81,7.39,3,124.17,22 / 23,1209429,2019-09-06 18:36:16:111,0.4354,-0.2204,10.1624,0.0064,-0.0132,9.8066,-0.0608,0.0492,-0.0031,-27.62,-27.94,25.56,351.31,-82.92,-140.72
52.381386,-1.52325,143.81,7.39,3,124.17,22 / 23,1209529,2019-09-06 18:36:16:211,0.5513,0.0272,10.2564,0.0114,-0.004,9.8066,-0.0361,0.0263,0.0242,-27.87,-28.19,26.25,351.03,-82.91,-140.97
52.381386,-1.52325,143.81,7.39,3,124.17,22 / 23,1209628,2019-09-06 18:36:16:310,0.8327,-0.9911,9.5581,-0.0025,-0.0041,9.8065,0.0116,0.0184,-0.0376,-27.69,-27.87,26.75,352.07,-82.9,-141.13
52.381386,-1.52325,143.81,7.39,3,124.17,22 / 23,1209728,2019-09-06 18:36:16:410,0.1288,-0.0379,9.9427,0.0061,0.0117,9.8066,0.0716,0.0232,0.0198,-27.44,-28.12,25.94,350.93,-82.85,-142.08
52.381386,-1.52325,143.81,7.39,3,124.17,22 / 23,1209828,2019-09-06 18:36:16:510,0.9018,0.1536,10.0639,-0.0057,0,9.8066,-0.0041,0.0376,0.021,-27.81,-27.81,26.13,349.43,-82.81,-142.41
52.381386,-1.52325,143.81,7.39,3,124.17,22 / 23,1209929,2019-09-06 18:36:16:611,0.5461,0.0607,10.0194,0.007,-0.0132,9.8066,-0.0272,0.0351,-0.0211,-27.87,-27.87,26,349.25,-82.8,-142.56
52.381386,-1.52325,143.81,7.39,3,124.17,22 / 23,1210028,2019-09-06 18:36:16:710,-0.1817,0.1611,9.6285,0.0066,0.0022,9.8066,0.0682,-0.0336,0.0321,-28.44,-27.75,25.69,348.77,-82.73,-142.99
52.381386,-1.52325,143.81,7.39,3,124.17,22 / 23,1210128,2019-09-06 18:36:16:810,0.7679,-0.3787,9.7256,-0.0157,0.0146,9.8066,0.039,-0.0257,-0.0023,-28.25,-27.37,25.75,349.54,-82.8,-142.34
52.381386,-1.52325,143.81,7.39,3,124.17,22 / 23,1210228,2019-09-06 18:36:16:910,0.9565,-0.6027,9.8619,-0.0128,0.0129,9.8066,0.1015,0.0303,-0.0083,-28,-27.62,25.13,347.81,-82.77,-142.72
52.381386,-1.52325,143.81,7.39,3,124.17,22 / 23,1210329,2019-09-06 18:36:17:011,0.4265,0.5368,9.999,0.0173,-0.0223,9.8066,-0.0626,-0.011,0.031,-28.06,-27.56,25.56,349.03,-82.62,-142.74
52.381386,-1.52325,143.81,7.39,3,124.17,21 / 22,1210429,2019-09-06 18:36:17:111,-0.5519,0.5961,9.9933,-0.0298,0.0008,9.8066,-0.1449,0.0037,0.0401,-28,-27.69,25.88,350.76,-82.6,-141.18
52.381386,-1.52325,143.81,7.39,3,124.17,21 / 22,1210528,2019-09-06 18:36:17:210,-0.0291,-0.3114,11.09,-0.0176,0.0148,9.8066,0.0986,0.0216,-0.0488,-28.06,-28.12,25.63,351.37,-82.56,-140.62
52.381386,-1.52325,143.81,7.39,3,124.17,21 / 22,1210629,2019-09-06 18:36:17:311,1.5591,-0.7016,8.7375,0.045,-0.0588,9.8063,0.186,0.113,-0.0446,-27.06,-28.87,25.94,349.62,-82.41,-143.15
52.381386,-1.52325,143.81,7.39,3,124.17,21 / 22,1210729,2019-09-06 18:36:17:411,0.1024,-0.989,9.8194,0.0585,-0.0563,9.8062,-0.2759,0.182,-0.1432,-27.44,-28.37,25.5,350.76,-82.17,-142.13
52.381386,-1.52325,143.81,7.39,3,124.17,21 / 22,1210829,2019-09-06 18:36:17:511,0.6213,0.4987,8.9981,-0.0222,0.0112,9.8065,0.065,-0.1514,0.0859,-28.12,-28.25,25.75,351.23,-82.54,-140.74
52.381386,-1.52325,143.81,7.39,3,124.17,21 / 22,1210929,2019-09-06 18:36:17:611,-0.9923,0.1827,10.2682,0.0099,0.0316,9.8066,-0.0309,0.0721,-0.0731,-27.87,-28.5,24.94,350.59,-82.89,-140.23
52.381386,-1.52325,143.81,7.39,3,124.17,21 / 22,1211029,2019-09-06 18:36:17:711,0.0912,-0.3379,9.8367,0.0175,0.0005,9.8066,0.111,-0.0047,0.0069,-27.87,-28.12,25.5,351.18,-82.89,-140.84
52.381386,-1.52325,143.81,7.39,3,124.17,21 / 22,1211129,2019-09-06 18:36:17:811,0.1415,-0.6192,9.7333,0.0318,-0.0152,9.8065,-0.0118,-0.0459,-0.07,-28,-28.31,25.69,348.83,-82.76,-142.94
52.381386,-1.52325,143.81,7.39,3,124.17,21 / 22,1211229,2019-09-06 18:36:17:911,0.7297,-0.6819,10.168,-0.0023,-0.0018,9.8066,0.0758,0.0226,-0.0595,-27.69,-28,25.69,347.82,-82.67,-143.83
52.381386,-1.52325,143.81,7.39,3,124.17,21 / 22,1211329,2019-09-06 18:36:18:011,0.6685,0.1223,9.5946,-0.0187,0.0027,9.8066,-0.0441,0.03,0.1045,-27.62,-28.31,25.38,347.45,-82.64,-143.02
52.381386,-1.52325,143.81,7.39,3,124.17,22 / 23,1211428,2019-09-06 18:36:18:110,-0.0046,0.0449,10.0377,-0.0179,0.0002,9.8066,-0.0927,0.0211,0.0465,-27.75,-28.31,25.31,348.09,-82.58,-142.43
52.381386,-1.52325,143.81,7.39,3,124.17,22 / 23,1211529,2019-09-06 18:36:18:211,0.5104,-0.4541,9.6893,-0.0206,0.0046,9.8066,0.0527,-0.0195,-0.0204,-28.25,-28.37,25.13,349.72,-82.54,-140.96
52.381386,-1.52325,143.81,7.39,3,124.17,22 / 23,1211629,2019-09-06 18:36:18:311,-1.2978,1.0807,10.2521,0.004,-0.0201,9.8066,-0.0055,-0.0172,0.0194,-28.5,-27.75,26.06,350.53,-82.28,-141.34
52.381386,-1.52325,143.81,7.39,3,124.17,22 / 23,1211729,2019-09-06 18:36:18:411,0.3068,0.5516,10.2219,-0.0051,0.012,9.8066,0.0418,-0.021,-0.0355,-28.19,-27.81,25.06,349.19,-82.31,-141.4
52.381386,-1.52325,143.81,7.39,3,124.17,22 / 23,1211828,2019-09-06 18:36:18:510,0.7039,0.5037,9.5878,0.0224,-0.0066,9.8065,-0.0519,0.0557,-0.0923,-27.81,-27.87,26.13,348.73,-82.36,-142.96
52.381386,-1.52325,143.81,7.39,3,124.17,22 / 23,1211929,2019-09-06 18:36:18:611,1.1599,0.2673,9.7234,-0.008,0.0098,9.8066,0.0939,0.0352,-0.0242,-27.62,-26.69,25.69,348.71,-82.37,-143.01
52.381386,-1.52325,143.81,7.39,3,124.17,22 / 23,1212028,2019-09-06 18:36:18:710,-0.2294,2.2037,10.5226,-0.0034,0.0119,9.8066,-0.178,0.0943,-0.0881,-27.56,-27.31,25.25,345.72,-82.44,-144.58
52.381386,-1.52325,143.81,7.39,3,124.17,22 / 23,1212128,2019-09-06 18:36:18:810,-0.4787,-0.1978,10.4628,-0.0145,0.0305,9.8066,0.0396,0.0057,-0.0271,-27.37,-27.5,25.13,346.43,-82.56,-144.98
52.381386,-1.52325,143.81,7.39,3,124.17,22 / 23,1212229,2019-09-06 18:36:18:911,0.2055,0.793,9.3175,-0.0078,0.0068,9.8066,-0.1157,0.1819,-0.136,-28,-27.44,25.13,344.49,-82.61,-145.73
52.381386,-1.52325,143.81,7.39,3,124.17,22 / 23,1212328,2019-09-06 18:36:19:010,-0.5601,0.6248,9.5566,-0.0146,0.0142,9.8066,0.0371,-0.0257,0.06,-27.56,-27.75,25,345.46,-82.63,-144.81
52.381386,-1.52325,143.81,7.39,3,124.17,22 / 23,1212429,2019-09-06 18:36:19:111,-1.3507,0.0459,10.3002,-0.0089,0.0016,9.8066,-0.049,-0.0793,-0.041,-27.5,-28.12,25.19,347.35,-82.84,-144.16
52.381386,-1.52325,143.81,7.39,3,124.17,22 / 23,1212528,2019-09-06 18:36:19:210,-0.0586,-1.1568,10.22,-0.012,-0.0044,9.8066,0.0563,-0.0149,0.0663,-27,-27.81,24.94,348.09,-82.89,-143.51
52.381386,-1.52325,143.81,7.39,3,124.17,22 / 23,1212629,2019-09-06 18:36:19:311,0.161,-0.0396,9.552,0.0222,-0.0254,9.8065,0.1276,0.048,0.0552,-27.5,-28.56,25.38,348.68,-82.8,-142.92
52.381386,-1.52325,143.81,7.39,3,124.17,22 / 23,1212729,2019-09-06 18:36:19:411,-0.4349,0.8208,10.3039,0.0241,-0.0175,9.8065,-0.0732,-0.0207,-0.0086,-27.37,-28,24.88,347.61,-82.64,-143.89
52.381386,-1.52325,143.81,7.39,3,124.17,22 / 23,1212828,2019-09-06 18:36:19:510,0.1288,0.7091,10.3663,-0.0037,-0.0053,9.8066,0.0332,0.0755,-0.0284,-28.06,-28.62,25.38,346.87,-82.57,-143.48
52.381386,-1.52325,143.81,7.39,3,124.17,22 / 23,1212929,2019-09-06 18:36:19:611,-0.0882,-0.508,9.9587,-0.0103,0.0037,9.8065,-0.0314,0.0576,-0.0169,-27.69,-28.19,25.19,347.83,-82.56,-142.66
52.381386,-1.52325,143.81,7.39,3,124.17,22 / 23,1213028,2019-09-06 18:36:19:710,0.278,0.9668,9.2266,-0.0088,0.011,9.8066,-0.0035,0.0665,-0.0088,-28.12,-28.19,25.56,349.51,-82.68,-142.31
52.381386,-1.52325,143.81,7.39,3,124.17,22 / 23,1213128,2019-09-06 18:36:19:810,0.8069,1.4915,10.5033,-0.009,0.0049,9.8066,0.0077,0.0804,-0.058,-27.87,-28.62,25.19,348.29,-82.61,-142.22
52.381386,-1.52325,143.81,7.39,3,124.17,22 / 23,1213229,2019-09-06 18:36:19:911,0.0438,-0.4833,10.5744,0.0076,-0.0104,9.8066,-0.0271,0.0832,-0.0313,-28.19,-28.44,25.06,347.89,-82.59,-142.61
52.381386,-1.52325,143.81,7.39,3,124.17,22 / 23,1213329,2019-09-06 18:36:20:011,0.0314,-0.2331,9.9055,0.0022,-0.0065,9.8066,-0.0417,0.0001,0.0365,-27.81,-28.56,25.5,348.49,-82.46,-143.15
52.381386,-1.52325,143.81,7.39,3,124.17,21 / 22,1213429,2019-09-06 18:36:20:111,-0.033,1.3857,9.9078,0.0109,-0.0071,9.8066,-0.0482,0.0545,0.008,-27.81,-28.31,25,346.55,-82.46,-143.79
52.381386,-1.52325,143.81,7.39,3,124.17,21 / 22,1213529,2019-09-06 18:36:20:211,-0.4845,0.4652,9.9362,0.0134,0.012,9.8065,-0.0223,0.0525,-0.0602,-28.25,-28.12,25.19,346.08,-82.52,-144.22
52.381386,-1.52325,143.81,7.39,3,124.17,21 / 22,1213628,2019-09-06 18:36:20:310,-0.519,0.9366,8.8131,-0.0174,0.0239,9.8065,-0.0933,-0.0045,0.0098,-27.5,-27.94,25.31,347.92,-82.77,-143.63
52.381386,-1.52325,143.81,7.39,3,124.17,21 / 22,1213729,2019-09-06 18:36:20:411,0.0449,0.4285,9.8356,-0.0244,0.0286,9.8066,0.1104,-0.0248,0.027,-27.56,-28.5,24.75,346.9,-82.9,-143.57
52.381386,-1.52325,143.81,7.39,3,124.17,21 / 22,1213828,2019-09-06 18:36:20:510,0.2798,0.9775,9.7474,0.016,-0.0106,9.8066,0.0625,0.0167,-0.0417,-27.75,-28.25,25.13,346.68,-83.02,-143.78
52.381386,-1.52325,143.81,7.39,3,124.17,21 / 22,1213929,2019-09-06 18:36:20:611,0.8719,0.3637,10.1432,-0.0179,0.0185,9.8065,0.1345,-0.0084,-0.0499,-28,-28.25,24.94,346.73,-83.1,-143.76
52.381386,-1.52325,143.81,7.39,3,124.17,21 / 22,1214029,2019-09-06 18:36:20:711,0.3017,0.0947,9.8534,0.0265,-0.0271,9.8065,0.076,0.0563,-0.0115,-27.44,-28.25,24.81,346.5,-82.82,-144.93
52.381386,-1.52325,143.81,7.39,3,124.17,21 / 22,1214129,2019-09-06 18:36:20:811,-0.3836,-0.2859,9.7365,0.0318,-0.0271,9.8065,-0.1204,0.1205,-0.004,-27.87,-28.37,24.06,344.11,-82.65,-144.85
52.381386,-1.52325,143.81,7.39,3,124.17,21 / 22,1214228,2019-09-06 18:36:20:910,-0.1442,0.4369,9.7253,-0.016,0.0196,9.8065,-0.042,-0.0079,0.0137,-28,-28.44,24.38,344.87,-82.77,-144.19
52.381386,-1.52325,143.81,7.39,3,124.17,21 / 22,1214329,2019-09-06 18:36:21:011,-0.3879,-0.3533,10.0556,-0.0122,0.0108,9.8066,0.0014,-0.0571,-0.0307,-27.44,-28.5,24.81,346.99,-82.8,-144.48
52.380917,-1.522006,143.38,12.79,3,118.38,22 / 23,1214428,2019-09-06 18:36:21:110,1.3051,0.2038,10.4203,0.0314,-0.0049,9.8066,-0.0419,-0.0746,0.0402,-27.75,-28.12,24.88,343.88,-82.69,-146.25
52.380917,-1.522006,143.38,12.79,3,118.38,22 / 23,1214528,2019-09-06 18:36:21:210,-0.5804,0.8888,9.9348,0.0044,-0.0098,9.8066,0.0496,0.0203,-0.0251,-28,-28.44,24.88,343.89,-82.64,-146.22
52.380917,-1.522006,143.38,12.79,3,118.38,22 / 23,1214629,2019-09-06 18:36:21:311,-0.5583,0.3924,9.8495,-0.0195,0.0224,9.8065,0.0205,-0.0408,0.0126,-27.62,-28.62,24.69,344.33,-82.79,-145.81
52.380917,-1.522006,143.38,12.79,3,118.38,22 / 23,1214729,2019-09-06 18:36:21:411,0.3366,-0.575,9.4134,0.0191,-0.0045,9.8066,0.0074,-0.0361,0.0162,-27.75,-28.5,24.88,343.96,-82.73,-146.18
52.380917,-1.522006,143.38,12.79,3,118.38,22 / 23,1214828,2019-09-06 18:36:21:510,-0.4181,1.04,9.9301,0.0338,-0.0207,9.8065,-0.0658,0.058,-0.0116,-28.06,-28.62,24.31,342.53,-82.72,-146.22
52.380917,-1.522006,143.38,12.79,3,118.38,22 / 23,1214928,2019-09-06 18:36:21:610,-0.1678,-0.1124,9.2756,-0.0182,0.004,9.8065,0.0017,0.0802,-0.045,-27.81,-28.12,24.63,343.87,-82.74,-146.27
52.380917,-1.522006,143.38,12.79,3,118.38,22 / 23,1215028,2019-09-06 18:36:21:710,0.2073,1.8985,9.5957,-0.0061,0.0117,9.8066,-0.0306,0.081,-0.0247,-27.75,-28.25,24.38,342.99,-82.85,-145.9
52.380917,-1.522006,143.38,12.79,3,118.38,22 / 23,1215128,2019-09-06 18:36:21:810,0.0815,1.7534,9.9641,-0.0277,0.0204,9.8065,0.044,0.0789,-0.0443,-28.31,-28.56,24.56,344.4,-82.95,-145.79
52.380917,-1.522006,143.38,12.79,3,118.38,22 / 23,1215228,2019-09-06 18:36:21:910,-2.6075,1.826,10.0634,-0.0338,0.0399,9.8064,0.1195,0.013,0.0158,-27.87,-28.12,24.56,344.59,-83.11,-145.7
52.380917,-1.522006,143.38,12.79,3,118.38,22 / 23,1215328,2019-09-06 18:36:22:010,-0.0459,0.3266,10.4763,0.018,-0.0132,9.8066,-0.0025,0.0223,0.0147,-27.37,-28.44,24.69,343.76,-82.93,-147.42
52.380917,-1.522006,143.38,12.79,3,118.38,21 / 23,1215428,2019-09-06 18:36:22:110,-0.2855,0.1434,10.0544,-0.0027,0.0018,9.8066,0.013,0.0381,-0.0346,-26.94,-28.81,24.56,344.15,-83.01,-147.03
52.380917,-1.522006,143.38,12.79,3,118.38,21 / 23,1215528,2019-09-06 18:36:22:210,-0.3598,-0.5152,9.7057,0.0208,0.0154,9.8066,-0.0251,0.0499,-0.0763,-27.44,-28.81,24.63,343.81,-83.06,-147.35
52.380917,-1.522006,143.38,12.79,3,118.38,21 / 23,1215628,2019-09-06 18:36:22:310,0.3408,1.9791,10.0175,0.035,-0.02,9.8065,-0.1203,0.1262,-0.1158,-27.69,-29.37,24.44,338.25,-83.25,-150.25
52.380917,-1.522006,143.38,12.79,3,118.38,21 / 23,1215729,2019-09-06 18:36:22:411,1.1189,1.7076,9.4231,-0.0006,0.0178,9.8066,0.0117,0.1696,-0.0453,-27.5,-28.87,24.75,338.65,-83.56,-152.17
52.380917,-1.522006,143.38,12.79,3,118.38,21 / 23,1215829,2019-09-06 18:36:22:511,-1.0262,1.1923,9.8332,0.0067,-0.02,9.8065,0.0361,0.0611,0.0462,-27.87,-29.5,24.5,337.08,-83.46,-152.58
52.380917,-1.522006,143.38,12.79,3,118.38,21 / 23,1215928,2019-09-06 18:36:22:610,-0.5405,1.1224,9.8223,-0.0221,0.0045,9.8066,0.0297,0.0401,0.0399,-27.69,-29,24.25,337.62,-83.4,-150.88
52.380917,-1.522006,143.38,12.79,3,118.38,21 / 23,1216029,2019-09-06 18:36:22:711,-0.2564,-0.0383,10.0205,-0.0254,-0.0084,9.8065,0.0948,0.0205,0.0023,-27,-28.25,24.06,340.59,-83.32,-149.2
52.380917,-1.522006,143.38,12.79,3,118.38,21 / 23,1216129,2019-09-06 18:36:22:811,-0.8889,1.023,10.3795,0.0116,-0.0248,9.8065,-0.086,0.0614,0.0351,-27.81,-28.94,23.75,340.8,-83.27,-147.94
52.380917,-1.522006,143.38,12.79,3,118.38,21 / 23,1216228,2019-09-06 18:36:22:910,-0.4826,1.3095,10.0023,0.0095,-0.0157,9.8066,-0.0444,-0.005,-0.0016,-28.12,-28.87,23.88,341.65,-83.11,-147.12
52.380917,-1.522006,143.38,12.79,3,118.38,21 / 23,1216329,2019-09-06 18:36:23:011,0.1859,0.7248,9.7095,-0.0152,0.007,9.8066,-0.0554,0.0009,0.0206,-27.12,-29.12,23.81,344.38,-83.2,-145.68
52.380917,-1.522006,143.38,12.79,3,118.38,22 / 23,1216428,2019-09-06 18:36:23:110,-0.6083,0.5719,10.0882,-0.0126,0.0138,9.8065,0.1197,0.0463,-0.0022,-28.31,-28.81,24.56,345.23,-83.23,-145.11
52.380917,-1.522006,143.38,12.79,3,118.38,22 / 23,1216529,2019-09-06 18:36:23:211,-0.1131,-0.0695,10.054,0.0156,-0.0104,9.8065,-0.036,0.0222,-0.0502,-27.81,-28.37,24.44,344.46,-83.13,-144.64
52.380917,-1.522006,143.38,12.79,3,118.38,22 / 23,1216628,2019-09-06 18:36:23:310,-0.5602,0.9159,9.82,0.007,-0.0081,9.8065,0.0827,-0.0172,-0.0133,-27.69,-28.44,24.44,344.49,-83.09,-144.61
52.380917,-1.522006,143.38,12.79,3,118.38,22 / 23,1216729,2019-09-06 18:36:23:411,1.736,3.0288,8.5866,0.0372,-0.0072,9.8065,-0.0875,-0.0783,0.1051,-28.12,-29.19,23.13,342.46,-83.15,-145.17
52.380917,-1.522006,143.38,12.79,3,118.38,22 / 23,1216828,2019-09-06 18:36:23:510,-0.5369,1.1382,9.7122,0.0273,-0.0431,9.8064,-0.107,0.068,-0.0154,-28.19,-29.37,23.63,342.72,-83.03,-146.14
52.380917,-1.522006,143.38,12.79,3,118.38,22 / 23,1216929,2019-09-06 18:36:23:611,-0.7231,0.7707,9.0101,-0.0203,0.0096,9.8066,-0.102,0.0211,-0.0327,-27.87,-28.62,23.69,346.55,-82.99,-142.68
52.380917,-1.522006,143.38,12.79,3,118.38,22 / 23,1217028,2019-09-06 18:36:23:710,-0.0406,0.8612,9.062,0.0098,-0.0336,9.8065,-0.16,-0.0042,0.0399,-27.81,-29,23.63,347.97,-82.87,-141.38
52.380917,-1.522006,143.38,12.79,3,118.38,22 / 23,1217129,2019-09-06 18:36:23:811,-1.9312,0.9719,9.6663,-0.0325,0.0156,9.8065,-0.1803,-0.0543,0.0436,-27.44,-28.87,23.5,351.28,-83.01,-139.44
52.380917,-1.522006,143.38,12.79,3,118.38,22 / 23,1217229,2019-09-06 18:36:23:911,-0.4885,0.4814,10.2778,0.0002,0.0112,9.8066,0.1125,-0.0356,-0.0488,-27.06,-28,24.94,351.81,-83.01,-140.17
52.380917,-1.522006,143.38,12.79,3,118.38,22 / 23,1217329,2019-09-06 18:36:24:011,0.194,0.4532,10.1973,0.0102,0.0153,9.8066,0.0715,0.08,-0.0841,-27.56,-27.44,25.25,349.3,-82.98,-141.45
52.380917,-1.522006,143.38,12.79,3,118.38,22 / 23,1217429,2019-09-06 18:36:24:111,0.242,0.5573,9.8011,0.0118,-0.0038,9.8066,0.035,-0.0572,-0.0295,-28.75,-27.81,25.06,345.92,-82.91,-143.49
52.380917,-1.522006,143.38,12.79,3,118.38,22 / 23,1217529,2019-09-06 18:36:24:211,-0.2093,0.8701,9.8197,-0.0065,0.0079,9.8066,0.0379,-0.043,0.0484,-29.37,-27.69,24.81,345.76,-82.88,-143.62
52.380917,-1.522006,143.38,12.79,3,118.38,22 / 23,1217629,2019-09-06 18:36:24:311,-0.3515,0.3459,9.6073,-0.0154,0.01,9.8065,-0.046,-0.0027,0.0232,-29.06,-28.06,23.44,343.9,-82.9,-142.92
52.380917,-1.522006,143.38,12.79,3,118.38,22 / 23,1217729,2019-09-06 18:36:24:411,-0.5793,0.8428,10.0279,-0.0003,-0.0004,9.8066,-0.0226,-0.0313,0.0184,-28.69,-28.06,23.69,346.31,-83.02,-141.98
52.380917,-1.522006,143.38,12.79,3,118.38,22 / 23,1217828,2019-09-06 18:36:24:510,-0.2091,-0.6877,9.4757,-0.0054,0.0015,9.8066,0.1315,-0.053,-0.0073,-29.06,-28.37,23.75,347.64,-83.06,-140.78
52.380917,-1.522006,143.38,12.79,3,118.38,22 / 23,1217929,2019-09-06 18:36:24:611,0.2281,1.241,9.6845,-0.008,0.0139,9.8066,-0.0036,-0.061,0.0442,-28.56,-28.37,23.63,346.9,-83,-141.44
52.380917,-1.522006,143.38,12.79,3,118.38,22 / 23,1218029,2019-09-06 18:36:24:711,-1.2917,0.7712,9.927,0.0082,0.0032,9.8066,-0.0291,-0.0498,0.0021,-28.56,-28.69,23.88,346.34,-83.02,-141.91
52.380917,-1.522006,143.38,12.79,3,118.38,22 / 23,1218128,2019-09-06 18:36:24:810,-0.5573,0.5386,10.5052,0.0072,0.0016,9.8066,0.0468,-0.042,-0.0019,-28.69,-28,24,345.64,-83.05,-142.59
52.380917,-1.522006,143.38,12.79,3,118.38,22 / 23,1218228,2019-09-06 18:36:24:910,0.007,0.9066,11.0873,-0.0083,0.0193,9.8066,0.1894,0.0512,-0.0512,-28.44,-28,23.81,346.14,-83.13,-143.11
52.380917,-1.522006,143.38,12.79,3,118.38,22 / 23,1218329,2019-09-06 18:36:25:011,-0.2512,1.0247,9.2109,0.0294,-0.0297,9.8065,-0.1565,-0.0004,0.0114,-28,-28.94,24.13,343.5,-82.91,-145.4
52.380917,-1.522006,143.38,12.79,3,118.38,22 / 23,1218428,2019-09-06 18:36:25:110,0.4962,0.8665,9.907,0.0032,-0.0103,9.8066,-0.06,-0.0502,0.0333,-28.69,-28.81,24.06,344.11,-83.01,-143.92
52.380917,-1.522006,143.38,12.79,3,118.38,22 / 23,1218529,2019-09-06 18:36:25:211,0.0766,0.5769,9.3566,-0.0154,0.0077,9.8066,-0.0361,0.0198,0.0084,-28.44,-28.69,24,346.55,-83.21,-142.72
52.380917,-1.522006,143.38,12.79,3,118.38,22 / 23,1218628,2019-09-06 18:36:25:310,0.2048,0.5995,9.8379,-0.0145,-0.0019,9.8066,-0.0082,0.0261,-0.047,-28.37,-29.31,24.13,348.74,-83.3,-140.76
52.380917,-1.522006,143.38,12.79,3,118.38,22 / 23,1218729,2019-09-06 18:36:25:411,0.4641,1.2688,9.6846,0.0326,-0.0215,9.8065,-0.0788,0.0302,-0.0221,-28.44,-28.06,23.88,347.13,-83.24,-142.25
52.380917,-1.522006,143.38,12.79,3,118.38,22 / 23,1218829,2019-09-06 18:36:25:511,-1.2231,0.6298,9.9418,0.0363,-0.0213,9.8065,0.1734,0.0129,-0.0019,-28.37,-28.56,24.13,346.39,-83.18,-142.86
52.380917,-1.522006,143.38,12.79,3,118.38,22 / 23,1218928,2019-09-06 18:36:25:610,1.5285,0.6941,9.2412,-0.0256,0.0286,9.8065,0.0977,0.073,-0.034,-28.37,-28.94,23.81,347.44,-83.3,-141.93
52.380917,-1.522006,143.38,12.79,3,118.38,22 / 23,1219029,2019-09-06 18:36:25:711,-0.1572,0.7469,9.5909,-0.0134,0.0077,9.8066,-0.0002,0.0564,0.0081,-29.12,-28.44,23.88,346.71,-83.29,-141.67
52.380917,-1.522006,143.38,12.79,3,118.38,22 / 23,1219129,2019-09-06 18:36:25:811,-1.1348,-1.2303,10.4332,0.0114,-0.0251,9.8065,-0.1356,0.1439,-0.09,-29.19,-28.62,23.06,346.54,-83.39,-140.59
52.380917,-1.522006,143.38,12.79,3,118.38,22 / 23,1219229,2019-09-06 18:36:25:911,0.1246,1.2999,9.3326,0.0442,-0.0221,9.8064,0.0757,-0.0756,0.059,-28.81,-28.87,23.19,345.54,-83.35,-141.48
52.380917,-1.522006,143.38,12.79,3,118.38,22 / 23,1219329,2019-09-06 18:36:26:011,-0.399,-0.5682,9.4937,-0.0317,0.0044,9.8065,-0.0517,0.1387,-0.1594,-28.62,-28.37,23.38,347.77,-83.42,-139.51
52.380917,-1.522006,143.38,12.79,3,118.38,22 / 23,1219428,2019-09-06 18:36:26:110,0.5162,0.2746,9.2585,-0.0127,0.0379,9.8065,0.1381,0.0157,0.0331,-28.37,-28.87,23.13,347.47,-83.7,-140.77
52.380917,-1.522006,143.38,12.79,3,118.38,22 / 23,1219528,2019-09-06 18:36:26:210,-0.4523,1.4145,10.3682,0.0188,-0.0075,9.8066,-0.0415,0.0634,-0.0222,-28.56,-28.31,23.56,346.3,-83.62,-142.1
52.380917,-1.522006,143.38,12.79,3,118.38,22 / 23,1219628,2019-09-06 18:36:26:310,-0.3765,0.0587,10.2373,0.0088,-0.0092,9.8066,0.0025,-0.0237,-0.0126,-28.37,-28.5,23.69,346.57,-83.59,-142.82
52.380917,-1.522006,143.38,12.79,3,118.38,22 / 23,1219729,2019-09-06 18:36:26:411,0.3126,0.5545,10.0225,0.0001,0.0024,9.8066,0.038,0.0013,-0.0017,-28.69,-28.5,23.75,345.09,-83.45,-143.17
52.380917,-1.522006,143.38,12.79,3,118.38,22 / 23,1219828,2019-09-06 18:36:26:510,-0.9361,-0.4316,10.163,-0.0089,0.0038,9.8066,0.0444,-0.0098,0.0095,-28.69,-28.06,23.5,345.02,-83.5,-143.25
52.380917,-1.522006,143.38,12.79,3,118.38,22 / 23,1219928,2019-09-06 18:36:26:610,-0.8987,0.6428,10.1515,0.0034,0.0056,9.8066,0.0668,-0.0136,0.0359,-28.75,-28.06,23.19,342.94,-83.51,-143.94
52.380917,-1.522006,143.38,12.79,3,118.38,22 / 23,1220029,2019-09-06 18:36:26:711,0.8205,1.5082,10.0536,0.0127,-0.0091,9.8066,-0.0097,0.0516,-0.072,-28.81,-28.25,23.19,342.61,-83.49,-144.23
52.380917,-1.522006,143.38,12.79,3,118.38,22 / 23,1220129,2019-09-06 18:36:26:811,-0.9722,1.1014,9.0804,-0.0189,0.0134,9.8066,-0.0078,0.0417,0.0034,-28.44,-28.31,23.25,344.31,-83.58,-143.66
52.380917,-1.522006,143.38,12.79,3,118.38,22 / 23,1220228,2019-09-06 18:36:26:910,0.1949,1.2377,9.9389,-0.0173,0.0048,9.8066,-0.0057,0.0942,-0.0459,-28.06,-28.37,23.31,344.1,-83.58,-143.85
52.380917,-1.522006,143.38,12.79,3,118.38,22 / 23,1220328,2019-09-06 18:36:27:010,0.7671,-0.8468,9.6912,0.0266,-0.0272,9.8065,-0.0984,0.0376,-0.0402,-28.19,-28.12,23.94,345.6,-83.56,-143.7
52.380917,-1.522006,143.38,12.79,3,118.38,22 / 23,1220428,2019-09-06 18:36:27:110,-0.9366,1.1137,9.6651,0.0214,-0.0101,9.8066,0.0071,-0.036,0.0476,-28.44,-28.19,23.5,346,-83.67,-143.36
52.380917,-1.522006,143.38,12.79,3,118.38,22 / 23,1220528,2019-09-06 18:36:27:210,-1.8261,0.7221,9.6481,-0.0242,0.011,9.8065,-0.0561,0.0257,-0.0283,-28.5,-29,23,347.06,-83.9,-141.18
52.380917,-1.522006,143.38,12.79,3,118.38,22 / 23,1220629,2019-09-06 18:36:27:311,-1.4972,2.0485,9.7147,-0.0328,0.0175,9.8065,0.0341,0.0796,-0.0566,-28.62,-28.56,23.25,346.99,-84.01,-140.3
52.380917,-1.522006,143.38,12.79,3,118.38,22 / 23,1220729,2019-09-06 18:36:27:411,-0.0482,-0.7403,9.3367,0.0347,-0.0298,9.8064,-0.0331,-0.032,0.0365,-28.37,-28.06,23.31,347.95,-84.08,-140.43
52.380917,-1.522006,143.38,12.79,3,118.38,22 / 23,1220828,2019-09-06 18:36:27:510,-0.6955,1.6841,10.2969,0.0458,-0.0361,9.8064,-0.1202,0.0161,-0.0478,-28.56,-29.12,23.44,345.44,-83.86,-141.69
52.380917,-1.522006,143.38,12.79,3,118.38,22 / 23,1220929,2019-09-06 18:36:27:611,-1.0949,1.0511,9.597,-0.0115,0.0022,9.8066,-0.0336,0.0138,-0.0283,-28.56,-28.44,23.13,346.91,-84,-140.41
52.380917,-1.522006,143.38,12.79,3,118.38,22 / 23,1221029,2019-09-06 18:36:27:711,-0.84,1.6945,9.9518,0.0039,0.0046,9.8066,-0.0925,-0.04,0.0136,-28.75,-28.44,23,346.18,-83.97,-141.08
52.380917,-1.522006,143.38,12.79,3,118.38,22 / 23,1221128,2019-09-06 18:36:27:810,-1.6444,0.6283,9.6885,-0.0029,0.007,9.8066,0.076,0.0227,-0.0334,-28.87,-29.06,23.81,347.53,-83.96,-141.01
52.380917,-1.522006,143.38,12.79,3,118.38,22 / 23,1221229,2019-09-06 18:36:27:911,-1.3614,1.092,10.1398,-0.0224,0.0145,9.8066,-0.1049,0.075,-0.0278,-28.62,-28.44,23.56,347.47,-84.03,-141.12
52.380917,-1.522006,143.38,12.79,3,118.38,22 / 23,1221329,2019-09-06 18:36:28:011,-1.2745,0.3489,9.8348,0.0297,-0.0106,9.8065,-0.114,-0.0581,0.0601,-28,-28.87,23,347.37,-83.92,-140.9
52.380917,-1.522006,143.38,12.79,3,118.38,21 / 22,1221428,2019-09-06 18:36:28:110,-1.5321,1.8678,9.9415,0.0394,-0.0331,9.8065,-0.172,0.0313,0.0131,-28.25,-28.06,23.44,346.24,-83.79,-141.94
52.380917,-1.522006,143.38,12.79,3,118.38,21 / 22,1221528,2019-09-06 18:36:28:210,-2.1296,0.8695,9.8424,-0.024,0.0022,9.8066,-0.0144,0.0292,-0.0668,-28.56,-28.81,22.69,347.89,-83.91,-139.46
52.380917,-1.522006,143.38,12.79,3,118.38,21 / 22,1221628,2019-09-06 18:36:28:310,-1.2353,0.7945,9.4531,-0.0256,0.0239,9.8066,0.0395,-0.0463,-0.0019,-28.62,-29,23.88,349.61,-84.04,-139.12
52.380917,-1.522006,143.38,12.79,3,118.38,21 / 22,1221729,2019-09-06 18:36:28:411,-1.1457,0.8345,10.752,0.0221,0.0016,9.8065,0.0485,-0.0663,0.0689,-28.19,-28.87,23.13,349.74,-84.05,-138.76
52.380917,-1.522006,143.38,12.79,3,118.38,21 / 22,1221828,2019-09-06 18:36:28:510,-0.7764,1.3962,10.1677,-0.0163,0.0054,9.8066,0.0963,0.0519,0.0173,-28.56,-28.56,23.75,350.18,-84.05,-138.6
52.380917,-1.522006,143.38,12.79,3,118.38,21 / 22,1221928,2019-09-06 18:36:28:610,-1.0669,0.7711,10.2847,0.0146,-0.0142,9.8066,-0.0417,-0.0194,0.0216,-28.81,-28.75,23,348.43,-84.01,-138.99
52.380917,-1.522006,143.38,12.79,3,118.38,21 / 22,1222028,2019-09-06 18:36:28:710,-0.6604,0.2892,9.8364,0.0072,-0.0145,9.8066,-0.0088,0.0088,-0.0755,-29.12,-29.06,24.31,350.61,-84.03,-138.2
52.380917,-1.522006,143.38,12.79,3,118.38,21 / 22,1222128,2019-09-06 18:36:28:810,-1.3547,0.8276,9.5677,-0.0001,0.001,9.8066,-0.1508,0.0032,0.047,-28.25,-28.56,22.44,349.21,-84.12,-138
52.380917,-1.522006,143.38,12.79,3,118.38,21 / 22,1222228,2019-09-06 18:36:28:910,-0.8327,1.9275,10.4776,0.0128,-0.0161,9.8065,-0.1157,0.051,-0.0732,-28.81,-29.19,23.81,351.44,-84.12,-137.46
52.380917,-1.522006,143.38,12.79,3,118.38,21 / 22,1222328,2019-09-06 18:36:29:010,0.327,0.3963,9.355,-0.0035,0.0096,9.8066,0.0121,0.0689,-0.0199,-28.44,-28.81,22.38,348.94,-84.22,-138.26
52.380917,-1.522006,143.38,12.79,3,118.38,22 / 23,1222429,2019-09-06 18:36:29:111,-0.8493,0.5276,9.345,0.0267,-0.003,9.8066,0.1283,-0.0287,-0.0597,-29.25,-29.06,23.5,348.7,-84.27,-140
52.380917,-1.522006,143.38,12.79,3,118.38,22 / 23,1222528,2019-09-06 18:36:29:210,-1.5976,0.7817,9.2127,-0.0192,0.0215,9.8066,0.0206,0.0676,-0.0921,-28.31,-28.62,22.94,348.18,-84.28,-140.22
52.380917,-1.522006,143.38,12.79,3,118.38,22 / 23,1222628,2019-09-06 18:36:29:310,-1.2698,-0.1038,9.8163,-0.0116,0.029,9.8066,0.0936,-0.1188,0.118,-28.75,-28.87,23.44,345.94,-84.42,-141.35
52.380917,-1.522006,143.38,12.79,3,118.38,22 / 23,1222728,2019-09-06 18:36:29:410,-1.3183,0.2426,9.6667,-0.0183,0.013,9.8066,-0.061,0.0372,-0.0558,-28.5,-29.12,23.06,347.73,-84.5,-140.68
52.380917,-1.522006,143.38,12.79,3,118.38,22 / 23,1222828,2019-09-06 18:36:29:510,-0.9864,1.1022,9.8446,-0.0217,0.0237,9.8066,0.0407,-0.0401,0.012,-28.56,-28.5,23.06,347.09,-84.66,-140.38
52.380917,-1.522006,143.38,12.79,3,118.38,22 / 23,1222928,2019-09-06 18:36:29:610,-1.2743,0.3023,9.1937,0.0187,-0.0115,9.8066,-0.0629,0.0048,0.0188,-28.19,-29.06,23.06,348.51,-84.7,-140
52.380917,-1.522006,143.38,12.79,3,118.38,22 / 23,1223028,2019-09-06 18:36:29:710,-1.1856,1.0793,9.5536,0.0097,-0.0163,9.8066,-0.0663,0.0162,0.0287,-28.62,-28.5,23.13,347.07,-84.67,-140.4
52.380917,-1.522006,143.38,12.79,3,118.38,22 / 23,1223129,2019-09-06 18:36:29:811,-1.0679,1.4356,10.1753,-0.0115,0.0139,9.8066,0.0367,-0.0333,0.0817,-28.12,-27.87,22.69,350.32,-84.75,-138.36
52.380917,-1.522006,143.38,12.79,3,118.38,22 / 23,1223229,2019-09-06 18:36:29:911,-1.2686,-0.0531,10.061,-0.0243,0.0002,9.8066,-0.0284,0.025,-0.0172,-28.75,-28.87,23.5,352.24,-84.76,-136.8
52.380917,-1.522006,143.38,12.79,3,118.38,22 / 23,1223330,2019-09-06 18:36:30:012,-0.5531,0.1432,9.5754,0.0057,-0.019,9.8066,0.0823,0.0057,-0.0039,-28.69,-28.56,22.69,350.66,-84.63,-137.03
52.380505,-1.520619,142.02,8.24,3,112.85,22 / 23,1223428,2019-09-06 18:36:30:110,-0.7853,1.3368,9.8626,0.0055,-0.0038,9.8066,0.0356,-0.0266,0.039,-28.37,-28.12,23.56,353.28,-84.52,-136.8
52.380505,-1.520619,142.02,8.24,3,112.85,22 / 23,1223528,2019-09-06 18:36:30:210,-1.8771,1.4225,9.5414,-0.0168,0.0099,9.8066,-0.0656,0.0541,0.0227,-28.56,-28.44,22.81,351.31,-84.52,-136.44
52.380505,-1.520619,142.02,8.24,3,112.85,22 / 23,1223628,2019-09-06 18:36:30:310,-1.3229,0.9937,9.1273,-0.0261,0.0068,9.8066,-0.0396,0.026,-0.0181,-27.94,-26.5,22.5,354.69,-84.66,-134.33
52.380505,-1.520619,142.02,8.24,3,112.85,22 / 23,1223729,2019-09-06 18:36:30:411,-1.4111,0.1173,10.4771,-0.0112,0.0293,9.8066,0.0702,-0.0601,-0.0815,-28.19,-27.87,22.31,353.21,-84.75,-134.44
52.380505,-1.520619,142.02,8.24,3,112.85,22 / 23,1223828,2019-09-06 18:36:30:510,-1.6785,1.6051,10.4026,0.0179,0.0207,9.8066,0.1114,-0.0399,0.06,-28.06,-27.75,22.19,350.32,-84.85,-137.12
52.380505,-1.520619,142.02,8.24,3,112.85,22 / 23,1223928,2019-09-06 18:36:30:610,-0.2267,1.6247,8.8135,0.0009,-0.001,9.8066,-0.0037,0.1357,-0.0998,-28.31,-28.56,22.31,348.53,-84.74,-138.73
52.380505,-1.520619,142.02,8.24,3,112.85,22 / 23,1224029,2019-09-06 18:36:30:711,-0.7036,0.0474,9.3708,0.0036,-0.0219,9.8066,0.0347,-0.0392,0.0447,-28.37,-28.75,22.69,348.82,-84.56,-139.69
52.380505,-1.520619,142.02,8.24,3,112.85,22 / 23,1224128,2019-09-06 18:36:30:810,-0.6063,0.826,9.9969,-0.0061,0.0163,9.8066,-0.0416,0.035,0.0076,-28.44,-27.81,23.19,350.6,-84.58,-138.08
52.380505,-1.520619,142.02,8.24,3,112.85,22 / 23,1224228,2019-09-06 18:36:30:910,-0.042,1.3948,10.4484,-0.0168,0.0098,9.8065,-0.0563,0.0781,-0.029,-28.56,-28.94,22.13,350.62,-84.87,-135.86
52.380505,-1.520619,142.02,8.24,3,112.85,22 / 23,1224328,2019-09-06 18:36:31:010,-1.5193,0.7622,10.7924,-0.008,-0.0104,9.8066,0.0525,0.0941,0.0239,-28.69,-28,21.88,353.79,-85.01,-132.96
52.380505,-1.520619,142.02,8.24,3,112.85,22 / 23,1224428,2019-09-06 18:36:31:110,-1.1595,0.8268,9.9634,-0.0129,-0.0202,9.8065,0.0635,0.0066,0.0472,-28.69,-27.87,22.25,355.35,-84.9,-131.5
52.380505,-1.520619,142.02,8.24,3,112.85,22 / 23,1224529,2019-09-06 18:36:31:211,-0.7676,0.6666,9.7231,0.0085,-0.0106,9.8065,0.0208,0.0298,0.0114,-28.62,-28.69,22.19,355.48,-84.68,-131.35
52.380505,-1.520619,142.02,8.24,3,112.85,22 / 23,1224628,2019-09-06 18:36:31:310,-1.0463,0.4707,9.9381,0.0001,-0.0125,9.8065,-0.0091,0.0179,0.0283,-28.81,-28.5,21.75,355.92,-84.6,-130.95
52.380505,-1.520619,142.02,8.24,3,112.85,22 / 23,1224729,2019-09-06 18:36:31:411,-1.6905,0.5397,9.7394,0.0035,0.0112,9.8066,-0.0657,-0.0438,0.0556,-28.75,-28.62,22.69,358.59,-84.61,-129.72
52.380505,-1.520619,142.02,8.24,3,112.85,22 / 23,1224828,2019-09-06 18:36:31:510,-1.4395,1.4185,9.8718,-0.0019,-0.0071,9.8066,0.0601,0.0044,-0.0194,-29.06,-29.31,21.94,358.56,-84.7,-128.52
52.380505,-1.520619,142.02,8.24,3,112.85,22 / 23,1224929,2019-09-06 18:36:31:611,-1.2116,1.1815,10.089,-0.0141,0.0124,9.8065,0.0675,0.028,0.0287,-29.25,-27.87,21.94,359.91,-84.93,-127.27
52.380505,-1.520619,142.02,8.24,3,112.85,22 / 23,1225029,2019-09-06 18:36:31:711,-1.1133,1.4908,10.0456,-0.0149,0.0063,9.8066,0.0661,-0.0001,0.0029,-29.19,-28.37,22.31,0.52,-84.93,-126.71
52.380505,-1.520619,142.02,8.24,3,112.85,22 / 23,1225128,2019-09-06 18:36:31:810,-0.952,1.0552,9.8506,0.0092,-0.0083,9.8066,-0.0196,0.0053,0.011,-29.19,-29.06,21.94,1.45,-84.88,-125.85
52.380505,-1.520619,142.02,8.24,3,112.85,22 / 23,1225228,2019-09-06 18:36:31:910,-0.9022,0.7756,9.7647,-0.0002,-0.0049,9.8066,0.0369,0.0101,0.0139,-29.25,-28.19,21.88,1.25,-84.8,-126.02
52.380505,-1.520619,142.02,8.24,3,112.85,22 / 23,1225329,2019-09-06 18:36:32:011,-0.7972,0.5884,9.8658,0.0089,-0.0019,9.8066,-0.02,0.0052,-0.0177,-29.12,-28.94,22.63,2.49,-84.83,-126.11
52.380505,-1.520619,142.02,8.24,3,112.85,22 / 23,1225429,2019-09-06 18:36:32:111,-0.9899,1.3934,10.0455,0.004,0.0045,9.8066,-0.0587,0.0193,-0.0069,-29.44,-28.5,21.69,1.48,-84.93,-125.81
52.380505,-1.520619,142.02,8.24,3,112.85,22 / 23,1225529,2019-09-06 18:36:32:211,-1.0368,0.569,9.8596,-0.025,0.0088,9.8066,0.0316,0.0241,-0.0056,-29.44,-28.56,21.63,1.83,-84.97,-125.49
52.380505,-1.520619,142.02,8.24,3,112.85,22 / 23,1225629,2019-09-06 18:36:32:311,-1.5935,0.8282,9.6319,-0.0211,0.0093,9.8066,0.0235,-0.0139,0.0331,-29.31,-28.62,22.19,4.92,-85.03,-122.62
52.380505,-1.520619,142.02,8.24,3,112.85,22 / 23,1225729,2019-09-06 18:36:32:411,-2.014,1.2106,9.9378,0.0045,-0.0026,9.8066,-0.0451,-0.0097,-0.0225,-29.75,-28.37,21.75,5.12,-85.05,-121.49
52.380505,-1.520619,142.02,8.24,3,112.85,22 / 23,1225829,2019-09-06 18:36:32:511,-1.8133,1.1093,10.1609,0.0072,0.0055,9.8066,-0.0037,-0.0115,-0.0118,-30.06,-29,21.94,6.25,-85.19,-120.43
52.380505,-1.520619,142.02,8.24,3,112.85,22 / 23,1225929,2019-09-06 18:36:32:611,-2.0813,1.5647,9.9993,-0.0021,0.014,9.8066,-0.0119,0.0066,-0.023,-29.12,-28.37,21.63,7.24,-85.41,-120.42
52.380505,-1.520619,142.02,8.24,3,112.85,22 / 23,1226029,2019-09-06 18:36:32:711,-1.6116,1.4614,10.1889,0.0019,0.0041,9.8066,-0.0043,0.0063,-0.014,-29.19,-28.06,22.25,7.19,-85.48,-120.45
52.380505,-1.520619,142.02,8.24,3,112.85,22 / 23,1226128,2019-09-06 18:36:32:810,-1.8215,1.1611,10.1586,-0.004,-0.0012,9.8066,-0.0262,-0.0191,0.0198,-29.19,-28.81,22,7.38,-85.53,-120.28
52.380505,-1.520619,142.02,8.24,3,112.85,22 / 23,1226228,2019-09-06 18:36:32:910,-1.6677,1.1757,9.7811,0.0017,-0.0029,9.8066,0.0048,-0.0107,-0.0134,-29.06,-28.5,21.56,8.07,-85.51,-119.62
52.380505,-1.520619,142.02,8.24,3,112.85,22 / 23,1226328,2019-09-06 18:36:33:010,-1.3783,0.6145,9.6053,-0.0029,0.0059,9.8066,0.0117,-0.0077,0.0161,-28.56,-28.56,22.19,8.2,-85.52,-119.52
52.380505,-1.520619,142.02,8.24,3,112.85,22 / 23,1226429,2019-09-06 18:36:33:111,-1.5997,0.4429,9.6507,0.0012,0.0023,9.8066,0.0019,-0.0398,0.0303,-28.94,-28.69,22,8.47,-85.57,-119.26
52.380505,-1.520619,142.02,8.24,3,112.85,22 / 23,1226529,2019-09-06 18:36:33:211,-1.1494,0.5289,9.9623,-0.0035,0.0047,9.8066,-0.0016,-0.0343,-0.0254,-29.25,-28.31,22.63,10.1,-85.59,-118.93
52.380505,-1.520619,142.02,8.24,3,112.85,22 / 23,1226629,2019-09-06 18:36:33:311,-1.5208,0.6645,10.2423,-0.0063,0,9.8066,0.0253,-0.0472,0.0338,-29.56,-28.69,23.19,9.48,-85.58,-118.58
52.380505,-1.520619,142.02,8.24,3,112.85,22 / 23,1226729,2019-09-06 18:36:33:411,-1.302,0.3634,9.9724,-0.0017,-0.0116,9.8066,-0.0176,-0.1036,0.0292,-30.06,-28.56,23.06,10.02,-85.56,-118.08
52.380505,-1.520619,142.02,8.24,3,112.85,22 / 23,1226829,2019-09-06 18:36:33:511,-1.1535,-0.3081,9.9229,-0.0091,-0.01,9.8066,0.0171,-0.1268,0.0436,-30.44,-28.06,23.06,11.24,-85.36,-116.95
52.380505,-1.520619,142.02,8.24,3,112.85,22 / 23,1226929,2019-09-06 18:36:33:611,-1.5792,-0.2408,10.1124,-0.0084,-0.0058,9.8066,0.0288,-0.1566,0.0305,-29.69,-28.25,24.19,14.4,-85.23,-115.17
52.380505,-1.520619,142.02,8.24,3,112.85,22 / 23,1227029,2019-09-06 18:36:33:711,-1.195,-0.2648,9.9472,-0.0054,-0.0002,9.8066,0.003,-0.1582,0.0023,-30.19,-28.06,24.75,15.94,-85.18,-114.86
52.380505,-1.520619,142.02,8.24,3,112.85,22 / 23,1227129,2019-09-06 18:36:33:811,-1.17,-0.3337,10.0793,-0.0022,-0.005,9.8066,0.0258,-0.2185,0.0234,-30.44,-28.31,26.13,17.17,-85.12,-114.82
52.380505,-1.520619,142.02,8.24,3,112.85,22 / 23,1227228,2019-09-06 18:36:33:910,-1.2867,-0.4584,9.8737,-0.004,-0.002,9.8066,-0.0189,-0.248,0.0176,-30.5,-28.25,26.75,18.27,-85.06,-114.85
52.380505,-1.520619,142.02,8.24,3,112.85,22 / 23,1227329,2019-09-06 18:36:34:011,-1.2225,-0.6345,10.0519,-0.0006,-0.0085,9.8066,0.0134,-0.2952,0.0474,-30,-28.19,26.5,18.28,-84.98,-114.86
52.380505,-1.520619,142.02,8.24,3,112.85,21 / 22,1227428,2019-09-06 18:36:34:110,-1.5839,-0.0997,10.0977,0.0024,-0.0096,9.8066,-0.0045,-0.313,0.0105,-30.44,-27.87,28.19,18.92,-84.83,-115.32
52.380505,-1.520619,142.02,8.24,3,112.85,21 / 22,1227529,2019-09-06 18:36:34:211,-1.5182,-0.273,9.783,-0.0009,-0.0015,9.8066,-0.0091,-0.34,0.0282,-30.25,-27.75,30.25,20.63,-84.78,-115.66
52.380505,-1.520619,142.02,8.24,3,112.85,21 / 22,1227629,2019-09-06 18:36:34:311,-1.7997,-0.4801,9.9676,-0.009,-0.0022,9.8066,0.0114,-0.3753,0.0406,-30.19,-27.69,30.38,21.16,-84.72,-115.18
52.380505,-1.520619,142.02,8.24,3,112.85,21 / 22,1227729,2019-09-06 18:36:34:411,-1.7808,-0.0012,10.1378,0.0011,-0.0096,9.8066,-0.0266,-0.4169,0.0134,-29.06,-27.31,29.75,22.76,-84.63,-114.65
52.380505,-1.520619,142.02,8.24,3,112.85,21 / 22,1227828,2019-09-06 18:36:34:510,-1.4636,0.093,10.1161,0.0033,0.0003,9.8066,-0.0052,-0.4173,0.0175,-29.19,-27.62,31.69,24.33,-84.58,-115.03
52.380505,-1.520619,142.02,8.24,3,112.85,21 / 22,1227929,2019-09-06 18:36:34:611,-1.391,0.2888,9.9913,0.0073,-0.0052,9.8066,-0.0269,-0.4511,-0.0036,-29,-27.56,32.5,24.14,-84.6,-116.06
52.380505,-1.520619,142.02,8.24,3,112.85,21 / 22,1228029,2019-09-06 18:36:34:711,-0.73,-0.2866,9.7659,0.0047,0.0006,9.8066,0.0008,-0.4673,-0.0203,-27.06,-27.94,30.13,22.97,-84.6,-116.6
52.380505,-1.520619,142.02,8.24,3,112.85,21 / 22,1228129,2019-09-06 18:36:34:811,-0.8233,-0.0455,9.9296,0.0112,-0.0006,9.8066,0.0032,-0.4465,0.0204,-25.5,-28.44,30.69,24.64,-84.65,-118.14
52.380505,-1.520619,142.02,8.24,3,112.85,21 / 22,1228228,2019-09-06 18:36:34:910,-0.3972,0.0862,9.6087,0.0075,0.0013,9.8066,0.0077,-0.4045,-0.0136,-24.5,-28.62,31.56,25.42,-84.67,-119.47
52.380505,-1.520619,142.02,8.24,3,112.85,21 / 22,1228328,2019-09-06 18:36:35:010,-0.2979,0.1054,9.8518,0.0075,-0.0052,9.8066,-0.0046,-0.431,0.0246,-24.12,-28.5,31.69,23.74,-84.7,-120.97
52.380505,-1.520619,142.02,8.24,3,112.85,22 / 23,1228429,2019-09-06 18:36:35:111,-0.5402,0.0352,9.9305,-0.0027,-0.0085,9.8066,-0.0125,-0.4311,0.0322,-22.94,-28.44,32.69,25.19,-84.62,-121.63
52.380505,-1.520619,142.02,8.24,3,112.85,22 / 23,1228529,2019-09-06 18:36:35:211,-0.4813,0.0706,9.97,-0.0053,-0.0034,9.8066,-0.0189,-0.4065,0.0385,-22.5,-27.94,33.25,27.02,-84.49,-121.16
52.380505,-1.520619,142.02,8.24,3,112.85,22 / 23,1228628,2019-09-06 18:36:35:310,-0.4339,-0.0981,9.8075,-0.0022,-0.0066,9.8066,-0.0211,-0.4128,0.0163,-22.06,-28.06,33.81,27.93,-84.42,-121.08
52.380505,-1.520619,142.02,8.24,3,112.85,22 / 23,1228730,2019-09-06 18:36:35:412,-0.4387,-0.0618,9.9346,0.0011,-0.0026,9.8066,-0.011,-0.4014,0.0105,-21.44,-28.37,33.88,28.99,-84.36,-121.34
52.380505,-1.520619,142.02,8.24,3,112.85,22 / 23,1228829,2019-09-06 18:36:35:511,-0.2853,0.2283,10.0187,0.0051,-0.0014,9.8066,-0.016,-0.3723,0.0105,-21.12,-28.19,33.56,28.47,-84.36,-121.83
52.380505,-1.520619,142.02,8.24,3,112.85,22 / 23,1228929,2019-09-06 18:36:35:611,-0.1176,0.4799,9.9037,0.0034,0.0002,9.8065,-0.005,-0.3875,0.025,-20.56,-28.62,34.13,28.11,-84.42,-122.21
52.380505,-1.520619,142.02,8.24,3,112.85,22 / 23,1229028,2019-09-06 18:36:35:710,0.4413,0.7348,9.8555,0.0015,-0.0157,9.8065,-0.0711,-0.3978,0.0544,-19.81,-28.19,34.94,29.35,-84.33,-122.96
52.380505,-1.520619,142.02,8.24,3,112.85,22 / 23,1229128,2019-09-06 18:36:35:810,-0.3782,0.2697,9.856,-0.032,-0.0228,9.8065,-0.0144,-0.4053,0.1622,-19.75,-28.62,34.88,31.19,-83.89,-121.48
52.380505,-1.520619,142.02,8.24,3,112.85,22 / 23,1229228,2019-09-06 18:36:35:910,-0.1568,0.5561,9.7574,-0.0325,-0.0315,9.8065,-0.0078,-0.3303,0.0563,-19.19,-28.06,35.06,33.85,-83.36,-120.43
52.380505,-1.520619,142.02,8.24,3,112.85,22 / 23,1229329,2019-09-06 18:36:36:011,-0.3873,-0.0211,9.6446,-0.0157,-0.0209,9.8065,0.0179,-0.3352,0.0715,-18.44,-28.44,34.94,35.73,-82.88,-120.22
52.380505,-1.520619,142.02,8.24,3,112.85,22 / 23,1229429,2019-09-06 18:36:36:111,-0.4323,0.2752,9.9834,-0.0138,-0.0134,9.8065,0.0048,-0.3366,0.0716,-18.06,-28.44,36.31,36.94,-82.65,-119.8
52.380505,-1.520619,142.02,8.24,3,112.85,22 / 23,1229529,2019-09-06 18:36:36:211,-0.0995,0.4828,10.1419,-0.0003,-0.0142,9.8066,-0.0162,-0.3401,0.0276,-17.44,-28.37,36.56,38.74,-82.38,-120.11
52.380505,-1.520619,142.02,8.24,3,112.85,22 / 23,1229629,2019-09-06 18:36:36:311,-0.8609,0.3231,10.5745,0.0069,0.0043,9.8066,-0.0236,-0.2695,-0.0838,-16.75,-28.62,36.94,37.43,-82.33,-121.46
52.380505,-1.520619,142.02,8.24,3,112.85,22 / 23,1229729,2019-09-06 18:36:36:411,0.7495,0.9325,9.6755,0.021,-0.0235,9.8065,0.075,-0.317,0.0563,-16.75,-28.5,36.88,32.68,-82.3,-125.74
52.380505,-1.520619,142.02,8.24,3,112.85,22 / 23,1229828,2019-09-06 18:36:36:510,-0.0836,0.6931,9.9714,0.0058,-0.0178,9.8065,0.0775,-0.3118,-0.0023,-15.94,-29.31,37.13,32.88,-82.13,-127.05
52.380505,-1.520619,142.02,8.24,3,112.85,22 / 23,1229928,2019-09-06 18:36:36:610,0.5503,0.8359,9.4997,0.0212,-0.0212,9.8066,-0.0238,-0.2465,-0.0094,-15.06,-28.44,36.56,32.38,-82.06,-128.78
52.380505,-1.520619,142.02,8.24,3,112.85,22 / 23,1230029,2019-09-06 18:36:36:711,0.5441,0.5655,9.687,0.0088,-0.0244,9.8066,0.023,-0.2254,0.0358,-14.75,-28.25,37.19,29.85,-81.95,-131.14
52.380505,-1.520619,142.02,8.24,3,112.85,22 / 23,1230128,2019-09-06 18:36:36:810,0.2548,0.8802,9.8048,0.0003,-0.0088,9.8066,0.0188,-0.2541,0.0092,-14.62,-27.94,36.81,28.66,-81.77,-132.29
52.380505,-1.520619,142.02,8.24,3,112.85,22 / 23,1230229,2019-09-06 18:36:36:911,0.1963,0.5833,9.8602,0.0015,-0.0213,9.8066,0.0077,-0.2198,-0.0017,-14.25,-27.37,36.75,29.12,-81.57,-133.21
52.380505,-1.520619,142.02,8.24,3,112.85,22 / 23,1230328,2019-09-06 18:36:37:010,0.3738,0.6489,9.7835,0.0058,-0.0146,9.8065,0.0321,-0.2035,0.0341,-13.56,-27.62,37,28.43,-81.48,-133.98
52.380505,-1.520619,142.02,8.24,3,112.85,21 / 22,1230429,2019-09-06 18:36:37:111,0.2991,0.5686,9.887,0.0036,-0.0168,9.8065,0.0252,-0.2194,0.0291,-13.19,-27.81,37.5,29.08,-81.29,-135.26
52.380505,-1.520619,142.02,8.24,3,112.85,21 / 22,1230528,2019-09-06 18:36:37:210,0.2917,0.4548,9.8204,0.0032,-0.0099,9.8066,0.0274,-0.2031,0.0105,-13.12,-27.62,37.5,28.22,-81.09,-136.12
52.380505,-1.520619,142.02,8.24,3,112.85,21 / 22,1230628,2019-09-06 18:36:37:310,0.3696,0.2571,9.8064,0.0006,-0.01,9.8066,0.0228,-0.1988,0.0306,-13.19,-27.94,37.63,27.44,-80.95,-136.87
52.380505,-1.520619,142.02,8.24,3,112.85,21 / 22,1230729,2019-09-06 18:36:37:411,0.2868,0.0219,9.8064,0.0018,-0.0174,9.8066,0.0031,-0.1924,0.0222,-12.19,-27.31,37.44,27.86,-80.78,-137.46
52.380505,-1.520619,142.02,8.24,3,112.85,21 / 22,1230829,2019-09-06 18:36:37:511,0.3017,0.116,9.8599,0.0011,-0.0184,9.8065,0.0161,-0.1922,0.0223,-11.44,-27.62,37.5,29.08,-80.56,-138.35
52.380505,-1.520619,142.02,8.24,3,112.85,21 / 22,1230928,2019-09-06 18:36:37:610,0.2516,0.0144,9.9708,-0.0017,-0.0125,9.8066,0.0169,-0.1982,0.0247,-10.75,-27.37,37.81,28.4,-80.36,-138.92
52.380505,-1.520619,142.02,8.24,3,112.85,21 / 22,1231028,2019-09-06 18:36:37:710,0.545,-0.0439,9.9528,0.0035,-0.0121,9.8066,0.0216,-0.183,0.0097,-10.75,-27.62,37.81,27.93,-80.24,-139.5
52.380505,-1.520619,142.02,8.24,3,112.85,21 / 22,1231129,2019-09-06 18:36:37:811,0.8982,-0.2411,9.8524,0.0046,-0.0182,9.8065,0.0211,-0.1736,0.0175,-10.87,-27.69,37.94,26.75,-80.04,-140.62
52.380505,-1.520619,142.02,8.24,3,112.85,21 / 22,1231229,2019-09-06 18:36:37:911,0.7692,-0.1926,9.7858,0.0036,-0.0145,9.8065,0.0087,-0.1795,0.0184,-10.62,-28.12,37.63,26.13,-79.9,-141.22
52.380505,-1.520619,142.02,8.24,3,112.85,21 / 22,1231329,2019-09-06 18:36:38:011,0.5379,0.1262,9.7328,-0.0038,-0.0091,9.8066,0.0205,-0.1802,0.0284,-10.31,-28.06,38.44,27.23,-79.76,-141.73
52.380505,-1.520619,142.02,8.24,3,112.85,21 / 22,1231429,2019-09-06 18:36:38:111,0.5921,-0.2471,9.7503,-0.0082,-0.0098,9.8066,-0.0071,-0.2025,0.0204,-10.31,-27.87,38.94,27.52,-79.55,-141.84
52.380505,-1.520619,142.02,8.24,3,112.85,21 / 22,1231528,2019-09-06 18:36:38:210,1.2,-0.4187,9.9569,0.0055,-0.0083,9.8065,-0.0329,-0.1458,0.0115,-10.44,-27.25,39.38,27.28,-79.46,-141.97
52.380505,-1.520619,142.02,8.24,3,112.85,21 / 22,1231629,2019-09-06 18:36:38:311,0.5021,-0.3473,9.9664,-0.0008,-0.0061,9.8066,-0.0345,-0.1352,0.0296,-10.87,-27.5,39.25,25.79,-79.46,-141.88
52.380505,-1.520619,142.02,8.24,3,112.85,21 / 22,1231729,2019-09-06 18:36:38:411,0.6388,-0.0431,9.6846,0.0098,0.0169,9.8066,-0.0548,-0.148,0.0136,-10,-28.56,38.94,27.78,-79.53,-141.74
52.380505,-1.520619,142.02,8.24,3,112.85,21 / 22,1231828,2019-09-06 18:36:38:510,1.4312,-0.7549,9.4765,-0.0005,0.0155,9.8065,-0.0201,-0.0504,-0.019,-8.62,-28.31,37.81,29.27,-79.78,-141.38
52.380505,-1.520619,142.02,8.24,3,112.85,21 / 22,1231929,2019-09-06 18:36:38:611,1.1301,0.1914,9.6669,-0.0027,0.0059,9.8065,-0.0432,-0.0504,-0.0108,-8,-28.37,37,31.28,-80,-140.75
52.380505,-1.520619,142.02,8.24,3,112.85,21 / 22,1232028,2019-09-06 18:36:38:710,1.1532,-0.2362,9.7843,-0.0008,0.0002,9.8066,-0.0205,-0.0458,0.0336,-8.31,-27.87,37.06,31.38,-80.02,-140.65
52.380505,-1.520619,142.02,8.24,3,112.85,21 / 22,1232129,2019-09-06 18:36:38:811,0.8337,-0.4624,9.7132,-0.0151,-0.0008,9.8066,0.005,-0.0506,0.0316,-7.81,-28,37.06,32.57,-79.91,-139.65
52.380505,-1.520619,142.02,8.24,3,112.85,21 / 22,1232228,2019-09-06 18:36:38:910,0.8325,-0.4412,9.9824,-0.0136,0.0067,9.8066,-0.001,-0.0313,0.0219,-8.25,-27.5,36.5,33.47,-79.85,-138.73
52.380505,-1.520619,142.02,8.24,3,112.85,21 / 22,1232329,2019-09-06 18:36:39:011,0.4978,0.0442,9.9118,-0.0078,0.0105,9.8066,-0.0198,-0.014,0.0178,-8.12,-27.25,36.13,34.1,-79.84,-137.96
52.380367,-1.520279,141.84,1.53,3,193.66,21 / 22,1232429,2019-09-06 18:36:39:111,0.7876,-0.314,10.0875,-0.0037,0.0075,9.8066,-0.0286,-0.0167,0.005,-8.37,-28.06,36.13,35.35,-79.91,-136.97
52.380367,-1.520279,141.84,1.53,3,193.66,21 / 22,1232529,2019-09-06 18:36:39:211,0.6096,-0.134,9.9004,-0.0008,0.008,9.8066,-0.0116,0.0043,-0.0072,-8.19,-28,36.44,35.81,-79.99,-136.53
52.380367,-1.520279,141.84,1.53,3,193.66,21 / 22,1232628,2019-09-06 18:36:39:310,0.9019,-0.248,9.748,0.0036,0.0074,9.8066,-0.0004,0.0467,-0.0037,-8.12,-28.19,36.81,36.08,-80.06,-136.47
52.380367,-1.520279,141.84,1.53,3,193.66,21 / 22,1232729,2019-09-06 18:36:39:411,0.4062,-0.0161,9.9316,0.0018,0.003,9.8066,-0.0231,0.0262,-0.0224,-8.31,-28.44,36.56,36.21,-80.19,-136.28
52.380367,-1.520279,141.84,1.53,3,193.66,21 / 22,1232829,2019-09-06 18:36:39:511,0.6413,-0.7826,9.8626,-0.0029,0.0052,9.8066,-0.0026,-0.0109,-0.0209,-8.37,-28.31,36.5,36.71,-80.24,-135.81
52.380367,-1.520279,141.84,1.53,3,193.66,21 / 22,1232929,2019-09-06 18:36:39:611,0.4091,-0.5144,9.945,-0.0021,0.0018,9.8066,-0.0074,-0.0326,0.0009,-7.94,-27.75,36.81,36.77,-80.28,-135.74
52.380367,-1.520279,141.84,1.53,3,193.66,21 / 22,1233029,2019-09-06 18:36:39:711,0.4418,-1.032,9.8167,0.0064,0.0003,9.8066,-0.0024,0.009,-0.0112,-7.94,-27.62,36.56,36.41,-80.3,-136.04
52.380367,-1.520279,141.84,1.53,3,193.66,21 / 22,1233129,2019-09-06 18:36:39:811,0.2644,-0.0969,9.7904,0.0056,0.0022,9.8066,-0.0044,-0.0493,-0.0115,-7.44,-28.25,35.94,37.66,-80.36,-136.23
52.380367,-1.520279,141.84,1.53,3,193.66,21 / 22,1233228,2019-09-06 18:36:39:910,1.1485,-1.0804,9.8561,0.0086,0.0069,9.8065,-0.009,-0.0281,-0.048,-7.81,-28.06,36.38,35.26,-80.5,-136.75
52.380367,-1.520279,141.84,1.53,3,193.66,21 / 22,1233328,2019-09-06 18:36:40:010,0.3964,-0.8505,9.8398,0.0069,0.0023,9.8066,-0.0003,-0.0677,-0.0098,-8,-27.69,36.81,35.02,-80.63,-137.12
52.380367,-1.520279,141.84,1.53,3,193.66,21 / 22,1233428,2019-09-06 18:36:40:110,0.8229,-0.1897,9.1782,0.0121,-0.0099,9.8066,0.0072,-0.0212,-0.0351,-8.12,-27.19,37,33.52,-80.66,-138.3
52.380367,-1.520279,141.84,1.53,3,193.66,21 / 22,1233529,2019-09-06 18:36:40:211,0.2299,-0.2151,10.0126,0.0119,-0.0282,9.8065,0.0126,-0.1274,0.03,-7.75,-27.31,37.56,32.53,-80.61,-139.44
52.380367,-1.520279,141.84,1.53,3,193.66,21 / 22,1233629,2019-09-06 18:36:40:311,1.0203,0.3407,9.8411,-0.0047,0.0217,9.8065,-0.079,-0.1022,-0.0282,-8.75,-27.06,37.06,30.79,-80.68,-139.26
52.380367,-1.520279,141.84,1.53,3,193.66,21 / 22,1233729,2019-09-06 18:36:40:411,-0.0299,0.3016,10.453,-0.0215,0.0141,9.8066,0.0654,-0.1192,0.0964,-8.06,-28.19,36.69,33.59,-80.55,-138.44
52.380367,-1.520279,141.84,1.53,3,193.66,21 / 22,1233828,2019-09-06 18:36:40:510,-0.389,0.3413,10.3518,0.0011,-0.0139,9.8066,0.0237,-0.1274,0.0177,-7.19,-28,36.44,35.92,-80.45,-137.74
52.380367,-1.520279,141.84,1.53,3,193.66,21 / 22,1233928,2019-09-06 18:36:40:610,-0.1873,0.3397,9.6872,0.0112,-0.0114,9.8066,-0.0075,-0.1582,-0.0063,-7.12,-28.06,36,34.77,-80.38,-138.8
52.380367,-1.520279,141.84,1.53,3,193.66,21 / 22,1234029,2019-09-06 18:36:40:711,0.2386,1.0399,9.6239,0.0134,-0.0006,9.8066,-0.0102,-0.1565,-0.0403,-7.19,-27.87,35.75,33.48,-80.47,-139.9
52.380367,-1.520279,141.84,1.53,3,193.66,21 / 22,1234129,2019-09-06 18:36:40:811,0.5742,1.1879,9.7181,0.0215,0.0072,9.8066,-0.0072,-0.1372,-0.0323,-6.19,-28.75,35.25,34.05,-80.68,-140.84
52.380367,-1.520279,141.84,1.53,3,193.66,21 / 22,1234229,2019-09-06 18:36:40:911,0.5975,0.9378,9.9051,0.0152,0.0088,9.8065,-0.0145,-0.1109,-0.0217,-5.25,-28.56,34.94,34.37,-80.96,-142.02
52.380367,-1.520279,141.84,1.53,3,193.66,21 / 22,1234329,2019-09-06 18:36:41:011,1.0863,1.3601,9.5916,0.015,0.0063,9.8065,-0.0312,-0.1234,-0.0131,-5.37,-27.69,34.75,33.31,-81.15,-142.72
52.380367,-1.520279,141.84,1.53,3,193.66,21 / 22,1234429,2019-09-06 18:36:41:111,1.0033,1.3834,9.8208,0.0044,-0.0033,9.8066,-0.0049,-0.0964,-0.0119,-5.25,-27.94,34.69,32.72,-81.26,-143.19
52.380367,-1.520279,141.84,1.53,3,193.66,21 / 22,1234528,2019-09-06 18:36:41:210,0.8096,1.6237,9.9672,0.0025,0.0051,9.8066,0.004,-0.0686,0.007,-5,-28.44,35.56,32.34,-81.3,-143.63
52.380367,-1.520279,141.84,1.53,3,193.66,21 / 22,1234629,2019-09-06 18:36:41:311,0.6371,1.6375,9.9462,-0.0014,-0.0073,9.8066,-0.0056,-0.0757,0.0127,-5.25,-28.56,35.25,32.09,-81.26,-143.89
52.380367,-1.520279,141.84,1.53,3,193.66,21 / 22,1234728,2019-09-06 18:36:41:410,0.8884,1.7991,9.7462,0.0074,-0.0029,9.8065,0.0042,-0.0238,-0.0138,-5.31,-28.62,35.25,31.79,-81.29,-144.14
52.380367,-1.520279,141.84,1.53,3,193.66,21 / 22,1234828,2019-09-06 18:36:41:510,0.5048,1.6735,9.6919,0.0045,0.0018,9.8065,0.0064,-0.0373,0.0038,-5,-28.31,34.56,31.05,-81.34,-144.65
52.380367,-1.520279,141.84,1.53,3,193.66,21 / 22,1234929,2019-09-06 18:36:41:611,0.6329,1.9108,9.7999,0.0046,0.0008,9.8066,0.0132,-0.0222,0.0003,-5.31,-28.62,34.5,30.79,-81.37,-144.99
52.380367,-1.520279,141.84,1.53,3,193.66,21 / 22,1235029,2019-09-06 18:36:41:711,0.6243,2.0385,9.7778,0.0041,0.0022,9.8066,0.0079,-0.0344,0.005,-5,-28,34.13,30.17,-81.4,-145.27
52.380367,-1.520279,141.84,1.53,3,193.66,21 / 22,1235128,2019-09-06 18:36:41:810,0.7216,1.9515,9.7855,0.0025,0.0002,9.8066,0.0045,-0.0169,-0.0036,-4.56,-28.69,34.38,29.99,-81.44,-145.54
52.380367,-1.520279,141.84,1.53,3,193.66,21 / 22,1235229,2019-09-06 18:36:41:911,0.4747,1.6686,9.8223,-0.001,-0.0025,9.8066,0.016,-0.0037,0.0124,-5,-28.37,34.63,29.98,-81.43,-145.56
52.380367,-1.520279,141.84,1.53,3,193.66,21 / 22,1235329,2019-09-06 18:36:42:011,0.5733,1.5033,9.7495,0.0014,-0.003,9.8066,-0.0063,-0.0071,0.0098,-4.87,-28.56,34.44,29.89,-81.42,-145.62
52.380367,-1.520279,141.84,1.53,3,193.66,21 / 22,1235429,2019-09-06 18:36:42:111,0.6451,1.2391,9.6997,0.0003,0.0039,9.8066,-0.0038,-0.0103,0,-4.69,-28.62,34.38,29.82,-81.43,-145.69
52.380367,-1.520279,141.84,1.53,3,193.66,21 / 22,1235528,2019-09-06 18:36:42:210,0.6317,1.1472,9.8125,0.0045,0.0077,9.8066,0.0134,-0.0045,0.0013,-5.44,-28.75,34.56,29.91,-81.5,-145.7
52.380367,-1.520279,141.84,1.53,3,193.66,21 / 22,1235629,2019-09-06 18:36:42:311,0.5978,0.5947,9.7943,0.0007,0.0006,9.8066,0.0062,-0.01,0.0068,-5.06,-29.25,34.5,29.75,-81.52,-145.84
52.380367,-1.520279,141.84,1.53,3,193.66,21 / 22,1235728,2019-09-06 18:36:42:410,0.5753,0.5256,9.7696,0.0022,-0.0047,9.8066,0.032,-0.0131,-0.0057,-5.5,-28.5,35.06,29.25,-81.47,-146.19
52.380367,-1.520279,141.84,1.53,3,193.66,21 / 22,1235830,2019-09-06 18:36:42:512,0.5942,0.4197,9.8035,0.0035,-0.0012,9.8066,0.0175,-0.0131,-0.0029,-5.25,-28.31,35.75,28.89,-81.45,-146.66
52.380367,-1.520279,141.84,1.53,3,193.66,21 / 22,1235929,2019-09-06 18:36:42:611,0.4677,0.4735,9.9287,0.0014,0.0034,9.8066,-0.0046,0.0024,0.0121,-5.69,-28.31,35.88,27,-81.46,-146.77
52.380367,-1.520279,141.84,1.53,3,193.66,21 / 22,1236028,2019-09-06 18:36:42:710,0.5197,0.4884,9.9842,0.0022,0.0006,9.8066,0.0077,0.006,0.006,-5.44,-27.62,35.69,28.69,-81.51,-146.81
52.380367,-1.520279,141.84,1.53,3,193.66,21 / 22,1236128,2019-09-06 18:36:42:810,0.6627,0.7983,9.8725,0.0026,-0.0006,9.8065,0.0235,0.0002,0.009,-5.44,-27.75,35.63,28.58,-81.56,-146.88
52.380367,-1.520279,141.84,1.53,3,193.66,21 / 22,1236229,2019-09-06 18:36:42:911,0.6381,0.47,9.9366,0.0023,0.0078,9.8066,-0.0165,-0.0008,-0.0183,-5.44,-28.62,34.63,28.47,-81.67,-146.91
52.380367,-1.520279,141.84,1.53,3,193.66,21 / 22,1236328,2019-09-06 18:36:43:010,0.6554,0.6004,9.8314,0.0006,0.0028,9.8066,0.013,-0.0049,0.0106,-4.5,-28.12,34.25,30.02,-81.7,-146.92
52.380367,-1.520279,141.84,1.53,3,193.66,21 / 22,1236429,2019-09-06 18:36:43:111,0.6482,0.4785,9.9059,0.0019,0.0026,9.8066,0.0039,-0.0023,0.0026,-4.75,-28.37,34.25,28.14,-81.75,-146.91
52.380367,-1.520279,141.84,1.53,3,193.66,21 / 22,1236528,2019-09-06 18:36:43:210,0.5926,0.2625,9.7188,0.0046,0.001,9.8066,-0.0067,0.0006,-0.0052,-4.37,-28.37,34.44,29.77,-81.8,-147.1
52.380367,-1.520279,141.84,1.53,3,193.66,21 / 22,1236629,2019-09-06 18:36:43:311,0.5138,0.3236,9.8074,0.0012,0.0039,9.8066,-0.001,-0.0009,0.0103,-5.25,-28.5,34.25,27.88,-81.85,-147.1
52.380367,-1.520279,141.84,1.53,3,193.66,21 / 22,1236730,2019-09-06 18:36:43:412,0.6051,0.2687,9.8324,0.0017,0.0042,9.8066,-0.0009,-0.0128,-0.0009,-4.56,-28.44,34.81,27.9,-81.92,-147.2
52.380367,-1.520279,141.84,1.53,3,193.66,21 / 22,1236828,2019-09-06 18:36:43:510,0.5584,0.4497,9.7447,0.0003,0.0043,9.8065,-0.0078,0.0059,-0.0009,-5.25,-28.75,35,28.11,-81.99,-147.09
52.380367,-1.520279,141.84,1.53,3,193.66,21 / 22,1236928,2019-09-06 18:36:43:610,0.5583,0.5394,9.675,0.0015,0.0052,9.8065,-0.0034,-0.0014,0.0111,-4.62,-28.44,34.63,27.91,-82.02,-147.15
52.380367,-1.520279,141.84,1.53,3,193.66,21 / 22,1237029,2019-09-06 18:36:43:711,0.4557,0.3565,9.7977,0.0028,-0.0017,9.8066,0.018,-0.0077,0.0114,-4.87,-28.31,34.5,27.81,-82.06,-147.22
52.380367,-1.520279,141.84,1.53,3,193.66,21 / 22,1237129,2019-09-06 18:36:43:811,0.6141,0.2847,9.8211,0.003,-0.001,9.8066,-0.0075,0.0007,0.0014,-5.19,-28.12,34.19,27.53,-82.1,-147.3
52.380367,-1.520279,141.84,1.53,3,193.66,21 / 22,1237229,2019-09-06 18:36:43:911,0.524,0.3508,9.7366,0.0007,0.0069,9.8066,0.0011,-0.0147,0.0021,-5,-27.94,35.06,27.7,-82.14,-147.29
52.380367,-1.520279,141.84,1.53,3,193.66,21 / 22,1237328,2019-09-06 18:36:44:010,0.4006,0.5312,9.7049,0.002,0.0039,9.8066,0.0006,-0.0158,-0.0044,-4.81,-28.25,35.19,27.79,-82.22,-147.17
52.380367,-1.520279,141.84,1.53,3,193.66,21 / 22,1237428,2019-09-06 18:36:44:110,0.5467,0.3193,9.8306,0.0016,0.005,9.8065,-0.0152,-0.0098,0.0001,-4.87,-28.31,35.38,27.79,-82.3,-147.14
52.380367,-1.520279,141.84,1.53,3,193.66,21 / 22,1237529,2019-09-06 18:36:44:211,0.5913,0.0844,9.8505,0.002,0.0033,9.8066,-0.002,0.0025,0.0102,-4.19,-28.56,34.88,29.6,-82.32,-147.22
52.380367,-1.520279,141.84,1.53,3,193.66,21 / 22,1237628,2019-09-06 18:36:44:310,0.5238,0.219,9.7793,0.0015,0.001,9.8066,0.01,-0.0005,0.0131,-5.25,-28.37,34.69,27.59,-82.38,-147.28
52.380367,-1.520279,141.84,1.53,3,193.66,21 / 22,1237730,2019-09-06 18:36:44:412,0.4722,0.3942,9.783,0.0025,0.002,9.8066,0.0001,-0.0164,0.0166,-5.37,-27.75,35.19,27.54,-82.42,-147.31
52.380367,-1.520279,141.84,1.53,3,193.66,21 / 22,1237829,2019-09-06 18:36:44:511,0.4173,0.1454,9.7093,0.0027,0.0037,9.8066,-0.0047,-0.0097,-0.0004,-4.75,-28.37,35.19,27.46,-82.43,-147.38
52.380367,-1.520279,141.84,1.53,3,193.66,21 / 22,1237928,2019-09-06 18:36:44:610,0.5292,-0.0453,9.7839,0.0034,0.0025,9.8066,0.0177,0.0058,0.0051,-4.81,-28.06,35.19,27.26,-82.5,-147.53
52.380367,-1.520279,141.84,1.53,3,193.66,21 / 22,1238029,2019-09-06 18:36:44:711,0.4812,0.34,9.8808,0.0022,0.0013,9.8066,0.0135,-0.0163,0.0084,-4.81,-28.31,35.06,27.01,-82.54,-147.74
52.380367,-1.520279,141.84,1.53,3,193.66,21 / 22,1238129,2019-09-06 18:36:44:811,0.3756,0.432,9.8782,-0.0007,-0.0011,9.8066,-0.0122,-0.0088,0.0066,-5,-28.12,34.44,26.84,-82.53,-147.74
52.380367,-1.520279,141.84,1.53,3,193.66,21 / 22,1238228,2019-09-06 18:36:44:910,0.4628,-0.0425,9.783,-0.0003,-0.0004,9.8065,-0.0107,-0.0111,0.0158,-4.25,-28.5,34.94,28.96,-82.53,-147.6
52.380367,-1.520279,141.84,1.53,3,193.66,21 / 22,1238328,2019-09-06 18:36:45:010,0.4689,0.1918,9.9534,-0.0007,0.0015,9.8066,0.0079,-0.0056,0.0135,-4.12,-27.75,34.56,29.11,-82.53,-147.46
52.380367,-1.520279,141.84,1.53,3,193.66,21 / 22,1238430,2019-09-06 18:36:45:112,0.3241,0.2979,9.795,0.0006,-0.0002,9.8066,0.0088,0.0064,0.0139,-5.5,-27.94,34.19,26.98,-82.54,-147.61
52.380367,-1.520279,141.84,1.53,3,193.66,21 / 22,1238529,2019-09-06 18:36:45:211,0.4402,0.3594,9.8616,0.0007,-0.0033,9.8066,0.0107,-0.0168,-0.0071,-4.56,-28.56,34.81,27.16,-82.55,-147.7
52.380367,-1.520279,141.84,1.53,3,193.66,21 / 22,1238628,2019-09-06 18:36:45:310,0.4476,-0.0672,9.9058,0.0035,0.003,9.8066,0.0199,-0.0125,0.003,-4.5,-28.25,34.94,28.46,-82.57,-148.04
52.380367,-1.520279,141.84,1.53,3,193.66,21 / 22,1238729,2019-09-06 18:36:45:411,0.4773,0.1835,9.9703,-0.001,-0.0002,9.8066,0.0007,-0.0141,0.0119,-4.81,-27.62,34.63,26.53,-82.55,-148.17
52.380367,-1.520279,141.84,1.53,3,193.66,21 / 22,1238829,2019-09-06 18:36:45:511,0.3223,-0.0518,9.8478,0.0011,-0.0049,9.8066,-0.0026,0.0018,0.0104,-4.5,-29,35.06,28.22,-82.53,-148.37
52.380367,-1.520279,141.84,1.53,3,193.66,21 / 22,1238929,2019-09-06 18:36:45:611,0.4949,-0.1712,9.8745,0.0006,-0.0045,9.8066,-0.0109,0.0009,0.0074,-4.81,-28.75,34.88,26.32,-82.52,-148.46
52.380367,-1.520279,141.84,1.53,3,193.66,21 / 22,1239028,2019-09-06 18:36:45:710,0.3497,0.192,9.7954,0.0003,0.003,9.8066,-0.0045,-0.0027,0.0171,-4.87,-28.31,35.44,26.08,-82.49,-148.6
52.380367,-1.520279,141.84,1.53,3,193.66,21 / 22,1239129,2019-09-06 18:36:45:811,0.4129,0.0958,9.8514,0.0017,0.0038,9.8066,0.0498,-0.0116,0.006,-4.75,-28.5,35.38,25.85,-82.51,-148.79
52.380367,-1.520279,141.84,1.53,3,193.66,21 / 22,1239228,2019-09-06 18:36:45:910,0.4265,-0.3587,9.8412,0.0016,0.0002,9.8066,-0.0169,-0.0141,-0.0157,-4.87,-28.62,35.44,25.63,-82.51,-149.09
52.380367,-1.520279,141.84,1.53,3,193.66,21 / 22,1239329,2019-09-06 18:36:46:011,0.3693,0.0297,9.7812,-0.0017,0.0038,9.8066,0.0013,-0.0028,0.018,-4.94,-28.62,35.19,25.71,-82.53,-149.01
52.380367,-1.520279,141.84,1.53,3,193.66,21 / 22,1239429,2019-09-06 18:36:46:111,0.4374,-0.4951,9.7965,0.0006,-0.004,9.8066,0.0326,0.0122,0.0294,-5.19,-28.81,35.25,25.72,-82.49,-149.01
52.380367,-1.520279,141.84,1.53,3,193.66,21 / 22,1239528,2019-09-06 18:36:46:210,0.4373,0.1203,9.8891,-0.0002,0.0033,9.8066,-0.0027,-0.0236,-0.0026,-5.5,-28.44,35.31,25.75,-82.54,-148.87
52.380367,-1.520279,141.84,1.53,3,193.66,21 / 22,1239629,2019-09-06 18:36:46:311,0.505,-0.1861,9.9034,-0.003,-0.0015,9.8066,-0.0024,0.0029,0.005,-5.81,-28.69,35.31,24.25,-82.55,-148.7
52.380367,-1.520279,141.84,1.53,3,193.66,21 / 22,1239729,2019-09-06 18:36:46:411,0.3514,0.0442,9.8332,-0.0006,0.0019,9.8066,-0.0025,-0.0106,0.0247,-5.81,-27.44,35.31,24.4,-82.54,-148.4
52.380367,-1.520279,141.84,1.53,3,193.66,21 / 22,1239829,2019-09-06 18:36:46:511,0.168,0.0845,9.6944,0.002,0.0067,9.8066,-0.0024,-0.0164,-0.0025,-5.06,-28.31,34.88,26.44,-82.6,-148.23
52.380367,-1.520279,141.84,1.53,3,193.66,21 / 22,1239928,2019-09-06 18:36:46:610,0.3626,-0.2373,9.6782,-0.0027,0.0022,9.8066,-0.0087,-0.0124,0.0257,-5.37,-28.69,35.06,26.84,-82.63,-147.95
52.380367,-1.520279,141.84,1.53,3,193.66,21 / 22,1240029,2019-09-06 18:36:46:711,0.261,0.674,9.7538,-0.0002,0.002,9.8066,0.0061,-0.0049,0.0142,-5.87,-28.75,35.06,25.29,-82.65,-147.72
52.380367,-1.520279,141.84,1.53,3,193.66,21 / 22,1240129,2019-09-06 18:36:46:811,0.3976,0.3211,9.8417,0.0003,0.004,9.8066,-0.0087,-0.0037,-0.0094,-5.56,-28.87,35.13,25.42,-82.69,-147.59
52.380367,-1.520279,141.84,1.53,3,193.66,21 / 22,1240228,2019-09-06 18:36:46:910,0.3111,0.2637,9.8914,0.0007,0.0055,9.8066,-0.0119,-0.0155,-0.0031,-5.75,-28.56,34.69,25.44,-82.71,-147.57
52.380367,-1.520279,141.84,1.53,3,193.66,21 / 22,1240329,2019-09-06 18:36:47:011,0.2148,0.6412,10.0212,0.0026,-0.0023,9.8066,-0.0036,0.0178,0.0125,-5.25,-28.44,35,27.05,-82.77,-147.61
52.380367,-1.520279,141.84,1.53,3,193.66,21 / 22,1240428,2019-09-06 18:36:47:110,0.4163,-0.0398,9.8618,0.0069,0.0081,9.8065,0.0073,-0.0085,0.0017,-5.44,-28.37,35.38,26.92,-82.87,-147.68
52.380367,-1.520279,141.84,1.53,3,193.66,21 / 22,1240529,2019-09-06 18:36:47:211,0.2753,0.3082,9.76,0.0032,-0.0037,9.8066,-0.0164,-0.0075,0.0099,-5.94,-28.81,35.06,24.88,-82.87,-148.01
52.380367,-1.520279,141.84,1.53,3,193.66,21 / 22,1240629,2019-09-06 18:36:47:311,0.3702,-0.1806,9.8813,0.0001,0.0028,9.8066,0.0138,-0.0148,-0.0013,-5.12,-28.69,35.19,26.7,-82.92,-147.95
52.380367,-1.520279,141.84,1.53,3,193.66,21 / 22,1240728,2019-09-06 18:36:47:410,0.3466,-0.3967,9.8668,0.0011,0.005,9.8066,0.0162,-0.0125,-0.0084,-5.19,-28.06,35.63,26.64,-82.93,-148.07
52.380367,-1.520279,141.84,1.53,3,193.66,21 / 22,1240829,2019-09-06 18:36:47:511,0.461,-0.1319,9.8993,0.0033,-0.0002,9.8065,0.0085,-0.0129,-0.0014,-4.75,-28.44,35.38,26.36,-82.95,-148.16
52.380367,-1.520279,141.84,1.53,3,193.66,21 / 22,1240928,2019-09-06 18:36:47:610,0.4987,-0.6002,9.9938,-0.0009,-0.0006,9.8066,0.0137,-0.0164,0.0164,-5.06,-28.62,35.06,26.24,-82.97,-148.35
52.380367,-1.520279,141.84,1.53,3,193.66,21 / 22,1241028,2019-09-06 18:36:47:710,0.2813,-0.3247,9.8682,-0.0009,0.0068,9.8066,-0.0035,-0.0073,0.0035,-4.44,-28.12,35.44,28.53,-83,-147.78
52.380367,-1.520279,141.84,1.53,3,193.66,21 / 22,1241128,2019-09-06 18:36:47:810,0.366,-0.6753,9.7402,-0.0023,0.01,9.8065,0.0144,-0.0174,0.0167,-4.75,-28.19,35.75,27.25,-83.06,-147.46
52.380367,-1.520279,141.84,1.53,3,193.66,21 / 22,1241229,2019-09-06 18:36:47:911,0.1108,0.1067,9.6987,-0.0028,0.009,9.8066,-0.016,-0.0103,0.0149,-4.94,-28.69,34.75,27.97,-83.05,-146.75
52.380367,-1.520279,141.84,1.53,3,193.66,21 / 22,1241328,2019-09-06 18:36:48:010,0.1611,-0.1561,9.7357,0.0003,0.0049,9.8066,0.0508,0.0042,0.017,-4.94,-29.12,34.56,28.48,-83.14,-146.24
52.380367,-1.520279,141.84,1.53,3,193.66,21 / 22,1241429,2019-09-06 18:36:48:111,0.1332,-0.0667,9.711,0,-0.0056,9.8066,-0.042,-0.0234,-0.0159,-4.81,-28.69,35.13,28.56,-83.17,-146.15
52.380367,-1.520279,141.84,1.53,3,193.66,21 / 22,1241529,2019-09-06 18:36:48:211,0.3154,0.3576,9.9009,0.0028,-0.0006,9.8066,0.0278,0.0021,0.0108,-4.81,-28.69,35.44,28.41,-83.18,-146.29
52.380367,-1.520279,141.84,1.53,3,193.66,21 / 22,1241628,2019-09-06 18:36:48:310,0.3428,-0.0997,9.8821,0.0028,-0.0035,9.8065,0.0189,-0.0005,0.015,-5.06,-28.37,34.94,27.7,-83.17,-146.85
52.380367,-1.520279,141.84,1.53,3,193.66,21 / 22,1241728,2019-09-06 18:36:48:410,0.5489,0.5326,9.9235,-0.0023,-0.0104,9.8066,-0.0182,-0.0227,-0.0174,-5.62,-28.81,35.75,26.05,-83.1,-147.06
52.380367,-1.520279,141.84,1.53,3,193.66,21 / 22,1241828,2019-09-06 18:36:48:510,0.2398,-0.394,9.7811,0,0.0038,9.8066,0.0276,-0.0083,0.0264,-4.94,-29.06,35.5,27.94,-83.07,-146.92
52.380367,-1.520279,141.84,1.53,3,193.66,21 / 22,1241928,2019-09-06 18:36:48:610,0.197,-0.1693,9.7357,-0.0049,0.0045,9.8066,0.0351,-0.0001,0.0261,-5.25,-29,34.94,27.97,-83.03,-146.75
52.380367,-1.520279,141.84,1.53,3,193.66,21 / 22,1242029,2019-09-06 18:36:48:711,0.4114,-0.1859,9.9341,-0.001,-0.0062,9.8066,-0.0056,-0.0054,-0.0064,-5.5,-29.06,34.56,28.2,-82.97,-146.58
52.380367,-1.520279,141.84,1.53,3,193.66,21 / 22,1242128,2019-09-06 18:36:48:810,0.2536,-0.1796,9.9109,0.0003,-0.0051,9.8066,0.0003,-0.0122,0.01,-4.37,-28.69,35.13,29.86,-82.92,-146.71
52.380367,-1.520279,141.84,1.53,3,193.66,21 / 22,1242228,2019-09-06 18:36:48:910,0.1611,0.2548,9.8458,0.0004,-0.0001,9.8066,0.0077,-0.0075,0.0153,-4.87,-28.31,35.25,27.9,-82.92,-146.77
52.380367,-1.520279,141.84,1.53,3,193.66,21 / 22,1242329,2019-09-06 18:36:49:011,0.547,-0.1358,9.763,0.0009,0.0012,9.8066,0.0106,0.0008,-0.0072,-5.62,-29,35.38,26.18,-82.93,-146.81
52.380367,-1.520279,141.84,1.53,3,193.66,20 / 21,1242428,2019-09-06 18:36:49:110,0.227,0.1387,9.8022,0.001,0.0039,9.8066,-0.0011,-0.028,-0.0038,-5.19,-28.37,35.19,27.59,-82.91,-147.06
52.380367,-1.520279,141.84,1.53,3,193.66,20 / 21,1242529,2019-09-06 18:36:49:211,0.4284,-0.369,9.8029,0.0016,-0.0017,9.8066,0.0173,-0.0067,0.0274,-5.25,-28.69,35.56,27.73,-82.94,-147.16
52.380367,-1.520279,141.84,1.53,3,193.66,20 / 21,1242629,2019-09-06 18:36:49:311,-0.0495,0.2573,9.8055,-0.0044,-0.005,9.8066,-0.0004,-0.0168,-0.0087,-5.44,-29.06,35.75,27.94,-82.88,-147
52.380367,-1.520279,141.84,1.53,3,193.66,20 / 21,1242728,2019-09-06 18:36:49:410,0.3065,-0.0814,9.9132,-0.0004,0.0065,9.8066,0.0031,-0.031,-0.0067,-4.62,-28.81,35.31,27.99,-82.91,-146.79
52.380367,-1.520279,141.84,1.53,3,193.66,20 / 21,1242829,2019-09-06 18:36:49:511,0.1405,0.8162,10.0149,-0.0021,0.0003,9.8066,0.0352,-0.0055,0.0335,-4.75,-28.69,35.44,28.29,-82.92,-146.52
52.380367,-1.520279,141.84,1.53,3,193.66,20 / 21,1242929,2019-09-06 18:36:49:611,0.2376,0.035,9.7539,-0.003,-0.0092,9.8066,-0.0056,-0.0265,-0.0002,-5.12,-28.62,35.69,28.52,-82.85,-146.49
52.380367,-1.520279,141.84,1.53,3,193.66,20 / 21,1243028,2019-09-06 18:36:49:710,0.193,0.3352,9.819,-0.0013,-0.0005,9.8066,-0.0036,-0.0111,0.0064,-4.75,-29.06,35.5,28.73,-82.84,-146.3
52.380367,-1.520279,141.84,1.53,3,193.66,20 / 21,1243128,2019-09-06 18:36:49:810,-0.052,0.2442,9.7049,0.0007,-0.0007,9.8066,0.0276,-0.017,0.0219,-5.37,-28.62,36.06,28.72,-82.82,-146.31
52.380367,-1.520279,141.84,1.53,3,193.66,20 / 21,1243228,2019-09-06 18:36:49:910,0.2037,-0.3286,9.8273,-0.0009,-0.005,9.8066,0.0116,-0.0383,0.004,-5.75,-28.31,35.44,26.38,-82.71,-146.63
52.380367,-1.520279,141.84,1.53,3,193.66,20 / 21,1243329,2019-09-06 18:36:50:011,-0.0949,0.5431,9.9507,0.0014,-0.004,9.8066,0.0198,-0.0253,0.0049,-5.69,-28.37,36.19,26.31,-82.66,-146.91
52.380367,-1.520279,141.84,1.53,3,193.66,20 / 21,1243428,2019-09-06 18:36:50:110,-0.0845,0.3784,9.8558,0.0043,-0.0092,9.8066,0.0085,-0.0535,0.0091,-6,-28.37,37.06,26.1,-82.61,-147.3
52.380367,-1.520279,141.84,1.53,3,193.66,20 / 21,1243529,2019-09-06 18:36:50:211,-0.1086,-0.4654,9.8576,0.0048,-0.0058,9.8066,0.0328,-0.0566,-0.0012,-5.31,-28.44,37.06,26.79,-82.53,-148.23
52.380367,-1.520279,141.84,1.53,3,193.66,20 / 21,1243628,2019-09-06 18:36:50:310,-0.1816,0.3774,9.919,0.0085,-0.0025,9.8066,0.0266,-0.054,-0.0197,-4.5,-28.37,35.88,26.95,-82.48,-149.54
52.380367,-1.520279,141.84,1.53,3,193.66,20 / 21,1243729,2019-09-06 18:36:50:411,0.1763,0.0494,9.9691,0.009,-0.0051,9.8066,0.032,-0.0733,0.004,-4.31,-28.56,35.69,25.87,-82.46,-150.62
52.380367,-1.520279,141.84,1.53,3,193.66,20 / 21,1243829,2019-09-06 18:36:50:511,0.4078,-0.0715,9.9058,0.0111,-0.0151,9.8066,-0.0144,-0.0696,-0.0192,-4.31,-28.44,36.19,23.79,-82.38,-152.43
52.380367,-1.520279,141.84,1.53,3,193.66,20 / 21,1243928,2019-09-06 18:36:50:610,0.1563,0.3922,9.9458,0.0053,-0.0177,9.8066,-0.0027,-0.1165,-0.0032,-4.37,-28.56,35.5,22.99,-82.3,-153.26
52.380367,-1.520279,141.84,1.53,3,193.66,20 / 21,1244029,2019-09-06 18:36:50:711,-0.278,-0.7363,9.9669,0.0047,-0.0056,9.8066,0.069,-0.0779,0.0683,-4.06,-28.44,36.88,22.12,-82.2,-154.1
52.380367,-1.520279,141.84,1.53,3,193.66,20 / 21,1244129,2019-09-06 18:36:50:811,0.4747,0.7055,9.5805,-0.0065,-0.0207,9.8065,0.0122,-0.0788,0.0004,-4.94,-28.62,36.69,19.62,-81.93,-154.97
52.380367,-1.520279,141.84,1.53,3,193.66,20 / 21,1244228,2019-09-06 18:36:50:910,0.0339,0.0565,9.5162,-0.009,-0.0142,9.8065,0.1349,-0.165,0.0642,-4.87,-28.62,36.5,19.85,-81.5,-154.89
52.380367,-1.520279,141.84,1.53,3,193.66,20 / 21,1244329,2019-09-06 18:36:51:011,0.0731,-0.4832,9.5804,-0.0108,0.0039,9.8066,0.0241,-0.1503,0.0286,-4.56,-28,37,20.23,-81.31,-154.54
52.380367,-1.520279,141.84,1.53,3,193.66,20 / 22,1244429,2019-09-06 18:36:51:111,-0.214,-0.5254,10.0345,-0.0013,0.0108,9.8066,-0.0306,-0.1458,0.0201,-4.44,-28.5,37,22.53,-81.35,-154.02
52.380367,-1.520279,141.84,1.53,3,193.66,20 / 22,1244529,2019-09-06 18:36:51:211,-0.1327,0.2093,10.0094,0.0138,0.0194,9.8066,-0.047,-0.173,-0.0034,-4.75,-28.56,37,20.31,-81.68,-154.43
52.380367,-1.520279,141.84,1.53,3,193.66,20 / 22,1244628,2019-09-06 18:36:51:310,0.1099,-0.1259,9.7736,0.0135,0.0069,9.8066,-0.0486,-0.2004,-0.0224,-4.75,-28.62,36.5,19.35,-81.85,-155.23
52.380367,-1.520279,141.84,1.53,3,193.66,20 / 22,1244729,2019-09-06 18:36:51:411,0.4134,0.5864,9.8541,0.0059,0.0034,9.8066,-0.0023,-0.2029,0.031,-3.56,-28.5,36.19,20.29,-81.98,-155.7
52.380367,-1.520279,141.84,1.53,3,193.66,20 / 22,1244829,2019-09-06 18:36:51:511,0.2654,0.0869,10.0184,0.0017,0.0098,9.8066,-0.0226,-0.2624,0.0273,-2.69,-28.87,35.75,21.84,-82.09,-155.94
52.380367,-1.520279,141.84,1.53,3,193.66,20 / 22,1244928,2019-09-06 18:36:51:610,0.2819,-0.0475,10.155,-0.0003,0.0021,9.8066,-0.0395,-0.2469,0.0056,-2.62,-29.06,35.69,21.75,-82.17,-156
52.380367,-1.520279,141.84,1.53,3,193.66,20 / 22,1245029,2019-09-06 18:36:51:711,-0.0174,0.3417,9.7695,-0.0005,0.0031,9.8066,-0.0273,-0.277,0.0484,-1.94,-29.06,34.75,23.67,-82.19,-155.84
52.380367,-1.520279,141.84,1.53,3,193.66,20 / 22,1245129,2019-09-06 18:36:51:811,-0.1031,-0.2208,9.5855,0.0076,0.0023,9.8066,-0.0117,-0.2863,-0.0113,-1.06,-28.25,35.13,25.01,-82.28,-156.16
52.380367,-1.520279,141.84,1.53,3,193.66,20 / 22,1245229,2019-09-06 18:36:51:911,0.5141,0.5584,9.8491,0.0079,0.0087,9.8066,-0.0375,-0.3148,-0.0002,-1.37,-28.62,34.44,24.56,-82.38,-156.64
52.380367,-1.520279,141.84,1.53,3,193.66,20 / 22,1245334,2019-09-06 18:36:52:016,0.713,0.1944,9.8094,0.0101,0.0079,9.8066,-0.045,-0.3101,0.0321,-1.25,-28.87,33.69,23.95,-82.45,-157.16
52.380367,-1.520279,141.84,1.53,3,193.66,21 / 22,1245429,2019-09-06 18:36:52:111,0.8536,0.242,9.9129,0.0093,0.0041,9.8066,-0.0317,-0.3108,0.0223,-0.87,-29.19,33.25,22.84,-82.61,-158.11
52.380367,-1.520279,141.84,1.53,3,193.66,21 / 22,1245529,2019-09-06 18:36:52:211,0.6111,0.7563,9.7483,0.0026,0.0056,9.8066,-0.019,-0.3419,0.0258,-0.31,-29.94,32.31,24.47,-82.79,-158.5
52.380367,-1.520279,141.84,1.53,3,193.66,21 / 22,1245629,2019-09-06 18:36:52:311,0.4461,0.0354,9.8435,0.0016,0.0085,9.8065,-0.0292,-0.3097,0.0218,-0.06,-29.81,32.19,24.62,-82.88,-158.33
52.380367,-1.520279,141.84,1.53,3,193.66,21 / 22,1245729,2019-09-06 18:36:52:411,-0.1969,0.5731,9.4906,0.0099,0.01,9.8066,-0.0515,-0.2939,-0.0027,-0.19,-29.75,31.5,24,-83.04,-158.8
52.380367,-1.520279,141.84,1.53,3,193.66,21 / 22,1245828,2019-09-06 18:36:52:510,1.0329,1.1042,10.0664,0.0165,0.0141,9.8065,0.1049,-0.3115,0.0337,0.19,-30.19,30.69,22.64,-83.28,-160.01
52.380367,-1.520279,141.84,1.53,3,193.66,21 / 22,1245929,2019-09-06 18:36:52:611,0.751,-0.2192,10.5059,0.0145,-0.0213,9.8066,-0.105,-0.3325,-0.0726,0.81,-29.5,30.06,22.46,-83.43,-162.01
52.380367,-1.520279,141.84,1.53,3,193.66,21 / 22,1246029,2019-09-06 18:36:52:711,0.8681,0.499,9.9604,-0.0139,-0.0215,9.8065,-0.0086,-0.3191,0.1239,0.94,-29.81,29.69,21.87,-83.28,-162.68
52.380367,-1.520279,141.84,1.53,3,193.66,21 / 22,1246128,2019-09-06 18:36:52:810,0.7801,-0.0057,9.7827,-0.0156,-0.0003,9.8065,-0.0382,-0.3105,0.151,2,-29.75,29.06,27.08,-83.04,-160.31
52.380367,-1.520279,141.84,1.53,3,193.66,21 / 22,1246229,2019-09-06 18:36:52:911,0.0248,-0.2261,9.5455,-0.0295,0.004,9.8066,0.0645,-0.3314,0.0863,1.88,-29.62,28.31,29.78,-82.94,-158.24
52.380367,-1.520279,141.84,1.53,3,193.66,21 / 22,1246328,2019-09-06 18:36:53:010,-0.1727,-0.4282,10.066,-0.0283,-0.0244,9.8065,0.1179,-0.3092,0.0862,1.88,-29.44,27.94,33.41,-82.62,-155.09
52.380367,-1.520279,141.84,1.53,3,193.66,21 / 22,1246428,2019-09-06 18:36:53:110,0.3829,-0.3724,10.5699,0.0005,-0.0117,9.8066,-0.0446,-0.3319,0.0179,2.5,-29.5,27.5,36.22,-82.63,-154.61
52.380367,-1.520279,141.84,1.53,3,193.66,21 / 22,1246529,2019-09-06 18:36:53:211,0.4481,-0.0838,9.8635,0.0215,-0.0162,9.8066,0.0207,-0.282,-0.048,3.38,-30.25,26.5,33.24,-82.59,-157.81
52.380367,-1.520279,141.84,1.53,3,193.66,21 / 22,1246628,2019-09-06 18:36:53:310,0.9992,-0.4359,9.4876,0.0183,-0.0215,9.8066,0.0469,-0.3032,-0.0191,3.63,-29.19,26,33.27,-82.53,-160.22
52.380367,-1.520279,141.84,1.53,3,193.66,21 / 22,1246728,2019-09-06 18:36:53:410,1.1066,-0.3046,9.5198,0.013,-0.0052,9.8066,0.0014,-0.2885,0.0222,3.88,-29.69,24.88,30.96,-82.48,-162.94
52.380367,-1.520279,141.84,1.53,3,193.66,21 / 22,1246828,2019-09-06 18:36:53:510,1.015,-0.7412,10.0469,0.0051,-0.0059,9.8066,0.0248,-0.2526,0.0161,4.5,-30.19,24.69,32.54,-82.41,-163.8
52.380367,-1.520279,141.84,1.53,3,193.66,21 / 22,1246929,2019-09-06 18:36:53:611,0.8341,-0.6229,9.961,0.0008,-0.0171,9.8066,0.0158,-0.2348,0.0389,4.63,-30.19,23.56,32.55,-82.35,-164.49
52.380367,-1.520279,141.84,1.53,3,193.66,21 / 22,1247029,2019-09-06 18:36:53:711,0.3384,-1.105,9.8327,-0.0028,-0.0125,9.8066,0.0027,-0.219,0.0136,4.31,-30.12,23.06,29.88,-82.17,-165.23
52.380367,-1.520279,141.84,1.53,3,193.66,21 / 22,1247129,2019-09-06 18:36:53:811,0.5337,-1.3767,9.7335,0.0057,-0.0094,9.8066,0.0027,-0.2054,0.0014,4.5,-30.12,23.25,31.7,-82.06,-166.13
52.380367,-1.520279,141.84,1.53,3,193.66,21 / 22,1247229,2019-09-06 18:36:53:911,0.5823,-1.0785,9.6803,0.0036,-0.0106,9.8066,0.0189,-0.1562,0.0218,5.06,-30.94,22.75,31.16,-82,-166.81
52.380367,-1.520279,141.84,1.53,3,193.66,21 / 22,1247329,2019-09-06 18:36:54:011,0.6813,-1.0958,9.7582,0.0073,-0.0011,9.8065,0.0002,-0.1407,0.0106,4.88,-31,22.56,30.18,-81.96,-167.66
52.380367,-1.520279,141.84,1.53,3,193.66,21 / 22,1247428,2019-09-06 18:36:54:110,0.6032,-1.0804,9.9897,0.0041,0,9.8066,0.0114,-0.1089,0.0091,5.38,-30.81,22.69,29.65,-81.93,-168.12
52.380367,-1.520279,141.84,1.53,3,193.66,21 / 22,1247528,2019-09-06 18:36:54:210,0.5457,-0.9597,9.8578,0.0011,-0.0079,9.8066,0.0162,-0.1073,-0.0061,5.25,-30.25,22.5,28.95,-81.95,-168.53
52.380367,-1.520279,141.84,1.53,3,193.66,21 / 22,1247629,2019-09-06 18:36:54:311,0.4074,-1.1572,9.8223,-0.0006,0.0011,9.8066,-0.0069,-0.0598,0.016,5.44,-30.19,22.81,28.72,-81.93,-168.73
52.380367,-1.520279,141.84,1.53,3,193.66,21 / 22,1247729,2019-09-06 18:36:54:411,0.4573,-0.576,9.9403,-0.0024,0.0016,9.8066,0.0047,-0.0405,0.0398,4.88,-30.31,23.38,29.06,-81.9,-168.46
52.380367,-1.520279,141.84,1.53,3,193.66,21 / 22,1247829,2019-09-06 18:36:54:511,0.6154,0.2606,9.9206,-0.0025,-0.0007,9.8066,0.0036,-0.0347,0.0028,3.69,-30.12,23.44,26.46,-81.91,-168.26
52.380367,-1.520279,141.84,1.53,3,193.66,21 / 22,1247928,2019-09-06 18:36:54:610,0.3905,0.0646,9.8669,-0.0034,0.0048,9.8066,-0.0211,-0.044,-0.0032,4,-30.19,23.94,26.2,-82,-167.84
52.380367,-1.520279,141.84,1.53,3,193.66,21 / 22,1248028,2019-09-06 18:36:54:710,0.1235,0.0264,9.8177,-0.0021,0.0049,9.8065,-0.0069,-0.0218,0.0316,4,-30.12,23.81,26.62,-82.03,-167.46
52.380367,-1.520279,141.84,1.53,3,193.66,21 / 22,1248128,2019-09-06 18:36:54:810,0.13,-0.2142,9.7812,0.0026,0.0055,9.8066,0.0033,0,0.0255,2.88,-30,24.31,23.87,-82.02,-167.47
52.380367,-1.520279,141.84,1.53,3,193.66,21 / 22,1248229,2019-09-06 18:36:54:911,0.0147,0.1566,9.7222,0.0038,0.004,9.8065,0.0018,-0.0267,-0.0308,3.25,-30.25,24.31,23.69,-82.07,-167.58
52.380367,-1.520279,141.84,1.53,3,193.66,21 / 22,1248329,2019-09-06 18:36:55:011,0.4423,0.0349,10.0394,0.001,-0.0056,9.8066,0.0163,-0.0338,0.002,2.94,-30.31,24.94,22.72,-82.07,-167.97
52.380367,-1.520279,141.84,1.53,3,193.66,21 / 22,1248428,2019-09-06 18:36:55:110,0.4414,-0.3718,9.9506,0.002,0.005,9.8066,0.0052,-0.0166,0.0168,3.25,-30.25,25.06,22.6,-82.11,-168.05
52.380367,-1.520279,141.84,1.53,3,193.66,21 / 22,1248529,2019-09-06 18:36:55:211,0.4554,0.5321,9.8838,0.0035,0.0013,9.8066,-0.0079,-0.0341,-0.0199,2.81,-29.69,25.38,22.11,-82.14,-168.44
52.380367,-1.520279,141.84,1.53,3,193.66,21 / 22,1248628,2019-09-06 18:36:55:310,0.101,-0.4046,9.857,-0.0001,-0.0045,9.8066,0.0047,-0.006,0.0077,2.75,-29.75,24.81,21.92,-82.1,-168.62
52.380367,-1.520279,141.84,1.53,3,193.66,21 / 22,1248728,2019-09-06 18:36:55:410,0.2104,-0.4676,9.9197,0.0027,-0.0009,9.8066,0.011,-0.0023,0.0213,3.19,-29.87,24.63,21.82,-82.09,-168.71
52.380367,-1.520279,141.84,1.53,3,193.66,21 / 22,1248829,2019-09-06 18:36:55:511,0.1681,-0.003,9.8227,0.0024,0.0032,9.8066,-0.0216,-0.0125,-0.0097,2.88,-29.94,24,22.01,-82.1,-168.97
52.380367,-1.520279,141.84,1.53,3,193.66,21 / 22,1248928,2019-09-06 18:36:55:610,0.2069,-0.3121,9.7172,0.0007,-0.0007,9.8066,0.0014,-0.0129,-0.0103,2.94,-30.37,24.88,21.36,-82.12,-169.08
52.380367,-1.520279,141.84,1.53,3,193.66,21 / 22,1249028,2019-09-06 18:36:55:710,-0.2239,-0.088,9.8275,-0.0008,-0.0006,9.8066,0.0007,-0.0075,0.0019,1.75,-29.94,26.19,18.27,-82.12,-169.12
52.380367,-1.520279,141.84,1.53,3,193.66,21 / 22,1249129,2019-09-06 18:36:55:811,0.1449,-0.1236,10.0071,0.0017,0.0015,9.8066,0.0023,-0.0071,0.0219,2.06,-29.37,25.69,18.32,-82.13,-168.99
52.380367,-1.520279,141.84,1.53,3,193.66,21 / 22,1249229,2019-09-06 18:36:55:911,0.1693,0.2838,9.8005,0.0017,-0.0021,9.8066,-0.0029,-0.0197,0.0066,2.69,-30.06,24.31,21.74,-82.12,-169.19
52.380367,-1.520279,141.84,1.53,3,193.66,21 / 22,1249329,2019-09-06 18:36:56:011,0.1922,-0.1914,9.7465,0.0024,-0.002,9.8066,0.0004,-0.032,0.0014,2.69,-30.25,24.88,20.73,-82.13,-169.6
52.380367,-1.520279,141.84,1.53,3,193.66,21 / 22,1249429,2019-09-06 18:36:56:111,-0.049,-0.3595,9.8016,-0.0001,-0.0035,9.8065,-0.0061,-0.0465,-0.0064,2.44,-30.37,25.25,18,-82.12,-169.64
52.380367,-1.520279,141.84,1.53,3,193.66,21 / 22,1249529,2019-09-06 18:36:56:211,0.1329,-0.2087,9.9865,-0.0012,-0.0022,9.8066,-0.0053,-0.0443,0.0118,2.19,-29.62,24.88,17.91,-82.1,-169.73
52.380367,-1.520279,141.84,1.53,3,193.66,21 / 22,1249629,2019-09-06 18:36:56:311,-0.1535,-0.401,9.8938,0.0011,0.0009,9.8066,0.0262,-0.0323,0.0136,2.88,-30.12,24.56,20.5,-82.09,-169.82
52.380367,-1.520279,141.84,1.53,3,193.66,21 / 22,1249729,2019-09-06 18:36:56:411,-0.1207,0.0138,9.9858,0.0022,0.0013,9.8066,0.0081,-0.0649,0.0126,2.56,-29.94,24.81,20.38,-82.06,-169.93
52.380367,-1.520279,141.84,1.53,3,193.66,21 / 22,1249829,2019-09-06 18:36:56:511,-0.4201,-0.9784,9.9087,0.0005,0.004,9.8066,0.0132,-0.0869,0.0141,3.25,-30,23.94,20.8,-82.08,-169.99
52.380367,-1.520279,141.84,1.53,3,193.66,21 / 22,1249928,2019-09-06 18:36:56:610,-0.3848,-0.5218,9.7703,0.0029,0.0025,9.8066,0.0029,-0.1075,0.0183,2.81,-30.31,24.69,20.12,-82.06,-170.15
52.380367,-1.520279,141.84,1.53,3,193.66,21 / 22,1250028,2019-09-06 18:36:56:710,-0.3416,0.0009,9.7998,0,0.0042,9.8066,0.0157,-0.127,0.023,2.56,-29.81,24,20.67,-82.05,-170.12
52.380367,-1.520279,141.84,1.53,3,193.66,21 / 22,1250129,2019-09-06 18:36:56:811,-0.3834,-0.4573,9.9868,0.001,0.0028,9.8066,-0.0035,-0.1717,0.037,4.06,-29.87,22.63,24.28,-82.01,-170.01
52.380367,-1.520279,141.84,1.53,3,193.66,21 / 22,1250228,2019-09-06 18:36:56:910,-0.9993,-1.1661,10.0381,0.0037,0.0005,9.8066,-0.003,-0.1667,-0.0139,4.63,-30.31,21.25,28.72,-81.98,-170.27
52.380367,-1.520279,141.84,1.53,3,193.66,21 / 22,1250328,2019-09-06 18:36:57:010,-1.2086,-1.0575,9.9782,-0.0035,-0.0085,9.8066,0.0337,-0.1967,0.0535,4.69,-30.06,20.81,28.82,-81.98,-170.19
52.380367,-1.520279,141.84,1.53,3,193.66,21 / 22,1250428,2019-09-06 18:36:57:110,-1.2323,-2.0214,10.1068,0.0036,-0.0051,9.8066,0.0179,-0.2533,0.0268,4.44,-30.44,20.56,25.19,-81.85,-170.68
52.380367,-1.520279,141.84,1.53,3,193.66,21 / 22,1250529,2019-09-06 18:36:57:211,-1.2256,-1.6683,10.067,-0.002,-0.0094,9.8066,0.0134,-0.2926,0.0195,4.13,-30.12,20.19,25.8,-81.72,-171.04
52.380367,-1.520279,141.84,1.53,3,193.66,21 / 22,1250629,2019-09-06 18:36:57:311,-1.3617,-1.0624,9.8651,-0.001,-0.0027,9.8066,-0.0354,-0.3387,0.047,5.19,-30.37,20.06,29.16,-81.72,-171.01
52.380367,-1.520279,141.84,1.53,3,193.66,21 / 22,1250729,2019-09-06 18:36:57:411,-1.4657,-1.1775,10.0258,0.0066,0.0105,9.8066,0.0106,-0.3964,0.0464,4.44,-30.25,19.31,26.83,-81.76,-171.04
52.380367,-1.520279,141.84,1.53,3,193.66,21 / 22,1250828,2019-09-06 18:36:57:510,-1.1782,0.1013,9.8699,0.0093,0.0076,9.8066,0.0137,-0.4122,0.0271,5,-30.62,18.31,31.23,-81.9,-171.53
52.380367,-1.520279,141.84,1.53,3,193.66,21 / 22,1250929,2019-09-06 18:36:57:611,-1.4516,-0.8269,9.9987,0.0055,-0.0044,9.8066,-0.0313,-0.4455,0.0413,5.25,-30.94,16.88,31.63,-81.94,-172.43
52.380367,-1.520279,141.84,1.53,3,193.66,21 / 22,1251029,2019-09-06 18:36:57:711,-1.2516,-0.0026,9.8191,0.0039,-0.0043,9.8066,-0.0305,-0.4487,0.0555,5.44,-31,15.63,32.76,-81.94,-172.94
52.380367,-1.520279,141.84,1.53,3,193.66,21 / 22,1251128,2019-09-06 18:36:57:810,-1.5299,-0.049,9.997,-0.0035,-0.0077,9.8066,-0.0151,-0.4767,0.085,5.5,-31.56,14.06,41.83,-81.87,-173.15
52.380367,-1.520279,141.84,1.53,3,193.66,21 / 22,1251229,2019-09-06 18:36:57:911,-0.7996,0.2381,9.9022,0.0089,-0.0116,9.8066,0.0256,-0.4722,0.0229,5.63,-31.69,14,40.7,-81.87,-174.01
52.380367,-1.520279,141.84,1.53,3,193.66,21 / 22,1251328,2019-09-06 18:36:58:010,-0.9473,-0.6296,9.9417,0.0142,-0.0061,9.8065,-0.0231,-0.4638,0.0286,5.94,-31.37,12.75,41.26,-81.89,-175.48
52.380367,-1.520279,141.84,1.53,3,193.66,21 / 22,1251429,2019-09-06 18:36:58:111,-1.0425,-0.6963,9.967,0.0147,-0.0075,9.8066,-0.0377,-0.4353,0.004,5.56,-31.44,12.44,42.17,-81.92,-177.33
52.380367,-1.520279,141.84,1.53,3,193.66,21 / 22,1251528,2019-09-06 18:36:58:210,-0.3309,-0.4065,9.886,0.018,-0.0124,9.8066,0.0261,-0.3785,0.0105,5.38,-30.69,11.5,33.77,-81.89,-179.92
52.380367,-1.520279,141.84,1.53,3,193.66,21 / 22,1251628,2019-09-06 18:36:58:310,-0.7054,-0.436,9.9006,0.0074,-0.007,9.8066,0.0195,-0.353,0.0289,4.94,-30.87,10.69,36.05,-81.89,178.99
52.380367,-1.520279,141.84,1.53,3,193.66,21 / 22,1251729,2019-09-06 18:36:58:411,-0.6774,-0.6689,10.1455,0.0064,-0.0162,9.8066,0.0234,-0.3283,0.0139,4.75,-31.31,10.19,38.46,-81.84,177.39
52.380367,-1.520279,141.84,1.53,3,193.66,21 / 22,1251829,2019-09-06 18:36:58:511,-0.39,-1.1555,10.2209,0.0151,-0.0065,9.8066,0.0481,-0.2635,-0.0171,4.69,-31.75,9.5,36.79,-81.94,175.99
52.380367,-1.520279,141.84,1.53,3,193.66,21 / 22,1251929,2019-09-06 18:36:58:611,-0.2319,-1.0004,9.8508,0.0094,-0.0105,9.8066,0.0219,-0.2403,0.0197,4.94,-31,9.31,39.85,-81.89,174.66
52.380367,-1.520279,141.84,1.53,3,193.66,21 / 22,1252028,2019-09-06 18:36:58:710,0.1036,-0.4111,9.5566,0.0094,-0.0023,9.8066,-0.0125,-0.2223,0.0196,5.5,-32.06,8.69,44.52,-81.84,173.33
52.380367,-1.520279,141.84,1.53,3,193.66,21 / 22,1252129,2019-09-06 18:36:58:811,-0.0332,0.0855,9.8069,-0.0162,-0.0212,9.8066,0.0615,-0.1375,-0.019,4.75,-31.44,8.69,37.63,-81.7,172.83
52.380367,-1.520279,141.84,1.53,3,193.66,21 / 22,1252228,2019-09-06 18:36:58:910,-0.5019,-1.1204,10.411,-0.0065,-0.0116,9.8066,0.0291,-0.1126,0.0049,4.19,-31.25,8.13,36.87,-81.75,172.6
52.380367,-1.520279,141.84,1.53,3,193.66,21 / 22,1252328,2019-09-06 18:36:59:010,-0.6975,-0.442,9.7437,0.0153,-0.0046,9.8065,0.0009,-0.1085,0.0075,4.25,-30.69,8.25,34.75,-81.71,171.31
52.380367,-1.520279,141.84,1.53,3,193.66,21 / 22,1252429,2019-09-06 18:36:59:111,-0.1267,-0.8189,9.6718,0.0117,-0.0303,9.8065,0.0059,-0.0227,-0.0295,4.81,-30.81,7.88,39.71,-81.64,169.55
52.380367,-1.520279,141.84,1.53,3,193.66,21 / 22,1252528,2019-09-06 18:36:59:210,0.4558,-0.3859,9.2799,0.0274,0.0013,9.8066,-0.1108,0.0659,-0.068,5.56,-30.87,8.19,41.94,-81.69,167.26
52.380367,-1.520279,141.84,1.53,3,193.66,21 / 22,1252629,2019-09-06 18:36:59:311,0.7965,-0.6249,9.7291,0.0147,-0.0029,9.8065,-0.0502,0.0328,-0.0091,5.38,-30.56,7.88,32.74,-81.82,165.78
52.380367,-1.520279,141.84,1.53,3,193.66,21 / 22,1252728,2019-09-06 18:36:59:410,-0.0002,-1.0195,10.1216,0.0006,-0.0052,9.8065,-0.0214,0.0782,0.0035,4.63,-30.56,7.5,31.14,-81.87,164.94
52.380367,-1.520279,141.84,1.53,3,193.66,21 / 22,1252829,2019-09-06 18:36:59:511,0.0762,-0.6196,10.1472,-0.0223,-0.0168,9.8065,0.0742,0.0852,0.0095,5.13,-30.37,7.69,31.5,-81.73,165.35
52.380367,-1.520279,141.84,1.53,3,193.66,21 / 22,1252929,2019-09-06 18:36:59:611,-0.0958,-0.7496,9.9008,-0.0043,0.0057,9.8066,0.1014,0.0746,-0.0002,4.88,-30.31,8.25,33.61,-81.57,166.32
52.380367,-1.520279,141.84,1.53,3,193.66,21 / 22,1253029,2019-09-06 18:36:59:711,-0.5564,-1.2022,9.9337,0.0168,0.024,9.8066,0.1359,0.1105,-0.0124,4.94,-30.06,8,35.14,-81.56,167.21
52.380367,-1.520279,141.84,1.53,3,193.66,21 / 22,1253129,2019-09-06 18:36:59:811,-1.3541,-1.33,10.3674,-0.039,-0.046,9.8064,-0.0614,0.0919,-0.0623,5.31,-29.62,8.25,35.91,-81.18,166.9
52.380367,-1.520279,141.84,1.53,3,193.66,21 / 22,1253228,2019-09-06 18:36:59:910,-0.1053,-2.3462,9.7327,-0.0132,-0.0415,9.8065,0.0576,0.1657,-0.0781,4.88,-29.44,8.81,26.3,-81.11,165.83
52.380367,-1.520279,141.84,1.53,3,193.66,21 / 22,1253329,2019-09-06 18:37:00:011,-0.3919,-2.0392,9.7247,0.0034,0.006,9.8065,-0.1037,0.1806,-0.0495,4.63,-29.62,9.06,26.01,-81.01,165.13
52.380367,-1.520279,141.84,1.53,3,193.66,21 / 22,1253429,2019-09-06 18:37:00:111,1.1275,-0.5462,9.7103,0.0004,0.0033,9.8066,-0.1356,0.1515,0.0085,5.13,-29.06,9.94,19.92,-80.96,165.14
52.380367,-1.520279,141.84,1.53,3,193.66,21 / 22,1253529,2019-09-06 18:37:00:211,-0.3437,-1.164,10.1126,-0.0004,0.0051,9.8066,0.0682,0.1023,-0.041,5.56,-29.06,10.13,27.27,-81.04,165.77
52.380367,-1.520279,141.84,1.53,3,193.66,21 / 22,1253629,2019-09-06 18:37:00:311,-1.3605,-2.7917,10.0609,0.0018,-0.0047,9.8066,0.1205,0.1299,-0.0484,5.75,-29.44,10.38,27.12,-81.05,165.69
52.380367,-1.520279,141.84,1.53,3,193.66,21 / 22,1253728,2019-09-06 18:37:00:410,-0.7815,-1.2925,9.5757,-0.0065,0.0061,9.8066,-0.2239,0.1868,-0.0394,5.88,-29.5,10.38,26.88,-81,165.48
52.380367,-1.520279,141.84,1.53,3,193.66,21 / 22,1253830,2019-09-06 18:37:00:512,1.042,-1.0852,9.4864,-0.0103,-0.0062,9.8066,0.2101,0.0928,-0.0053,6.81,-29.69,11.44,28.55,-81.04,165.89
52.380367,-1.520279,141.84,1.53,3,193.66,21 / 22,1253929,2019-09-06 18:37:00:611,0.6661,-1.1214,9.9615,0.0139,0.0227,9.8066,0.2403,0.1179,0.0047,6.13,-30.31,11.5,19.48,-81.18,166.12
52.380367,-1.520279,141.84,1.53,3,193.66,21 / 22,1254028,2019-09-06 18:37:00:710,-0.511,-1.5478,11.0953,0.0349,0.0447,9.8064,0.3288,0.1247,0.0541,6.06,-29.87,10.94,23.37,-81.31,166.25
52.380367,-1.520279,141.84,1.53,3,193.66,21 / 22,1254129,2019-09-06 18:37:00:811,-0.5411,-0.7175,10.4004,-0.0639,-0.0599,9.8062,-0.3108,0.1691,0.0836,6.94,-30.37,11.06,31.71,-80.93,167.89
52.380367,-1.520279,141.84,1.53,3,193.66,21 / 22,1254229,2019-09-06 18:37:00:911,0.2737,-1.5874,9.0342,-0.0689,-0.0543,9.8062,-0.187,0.1859,-0.0076,6.75,-30.75,11.13,33.48,-80.97,168.76
52.380367,-1.520279,141.84,1.53,3,193.66,21 / 22,1254329,2019-09-06 18:37:01:011,1.4196,-0.6436,8.6746,0.0446,0.0559,9.8064,0.0101,0.026,0.014,6.5,-30.62,11.38,34.56,-80.95,169.46
52.380363,-1.520421,141.98,4.99,3,288.18,21 / 22,1254428,2019-09-06 18:37:01:110,0.9203,0.9195,8.8686,0.0265,0.0439,9.8065,-0.071,0.0966,-0.0495,6.56,-30.81,11.38,35.16,-81.05,170.01
52.380363,-1.520421,141.98,4.99,3,288.18,21 / 22,1254529,2019-09-06 18:37:01:211,0.4673,-0.0097,9.4369,0.0074,0.0374,9.8065,0.1292,0.1006,0.0096,6.69,-30.37,12.25,31.76,-81.51,171.54
52.380363,-1.520421,141.98,4.99,3,288.18,21 / 22,1254628,2019-09-06 18:37:01:310,0.5014,-0.0487,10.4962,0.0212,0.0541,9.8064,0.0196,0.0519,0.0824,5.63,-30.81,12.63,24.83,-81.73,172.3
52.380363,-1.520421,141.98,4.99,3,288.18,21 / 22,1254729,2019-09-06 18:37:01:411,-0.1888,-0.0229,10.34,-0.0285,0.0054,9.8066,-0.0192,0.0388,0.0233,6,-31.31,12,29.76,-81.9,173.63
52.380363,-1.520421,141.98,4.99,3,288.18,21 / 22,1254828,2019-09-06 18:37:01:510,-0.0697,-0.4943,9.6039,-0.0061,0.0296,9.8065,0.0567,0.0298,0.0455,5.5,-30.69,11.69,33.57,-82.03,176.52
52.380363,-1.520421,141.98,4.99,3,288.18,21 / 22,1254928,2019-09-06 18:37:01:610,0.4652,0.6174,9.8577,-0.0045,0.0116,9.8065,0.0279,-0.0109,0.0591,5.19,-31.12,12.38,31.07,-82.03,178.35
52.380363,-1.520421,141.98,4.99,3,288.18,21 / 22,1255028,2019-09-06 18:37:01:710,0.0289,1.1717,10.2685,-0.0161,0.0107,9.8066,-0.0277,-0.0359,0.0202,5.38,-30.69,11.75,33.55,-81.94,180
52.380363,-1.520421,141.98,4.99,3,288.18,21 / 22,1255128,2019-09-06 18:37:01:810,0.8924,-0.068,9.489,-0.0004,-0.0045,9.8066,0.0389,-0.0369,0.0642,5.94,-30.94,11.5,39.07,-81.99,-179.53
52.380363,-1.520421,141.98,4.99,3,288.18,21 / 22,1255229,2019-09-06 18:37:01:911,-0.6039,0.8632,9.2514,-0.0223,0.013,9.8065,-0.0698,-0.0162,0.0038,5.81,-31.56,12.25,41.89,-81.9,-177.98
52.380363,-1.520421,141.98,4.99,3,288.18,21 / 22,1255328,2019-09-06 18:37:02:010,0.8017,0.9464,9.384,0.0105,0.0182,9.8066,0.0167,-0.0274,0.0197,5.5,-32.19,12.31,43.08,-81.93,-177.06
52.380363,-1.520421,141.98,4.99,3,288.18,21 / 22,1255428,2019-09-06 18:37:02:110,0.5919,0.7735,9.9428,0.0101,0.0079,9.8066,-0.0505,-0.0478,0.0577,5.69,-30.94,12,42.41,-82.04,-176.94
52.380363,-1.520421,141.98,4.99,3,288.18,21 / 22,1255529,2019-09-06 18:37:02:211,0.3541,0.4713,10.2558,0.0006,0.0101,9.8066,0.0691,-0.0184,-0.0115,5,-31.06,12.75,35.72,-82.14,-175.84
52.380363,-1.520421,141.98,4.99,3,288.18,21 / 22,1255628,2019-09-06 18:37:02:310,0.2853,0.6118,10.4349,-0.0009,0.007,9.8066,0.0739,-0.0654,0.0421,4.69,-31.12,11.69,39.13,-82.13,-175.69
52.380363,-1.520421,141.98,4.99,3,288.18,21 / 22,1255729,2019-09-06 18:37:02:411,0.2999,0.3561,9.8518,-0.0183,-0.0102,9.8066,-0.0419,-0.0508,0.0332,4.75,-31.31,11.63,41.44,-81.96,-174.27
52.380363,-1.520421,141.98,4.99,3,288.18,21 / 22,1255829,2019-09-06 18:37:02:511,0.485,0.271,9.396,-0.0165,-0.0175,9.8066,0.0101,-0.0173,0.0108,5.44,-30.37,11.75,41.73,-81.84,-173.83
52.380363,-1.520421,141.98,4.99,3,288.18,21 / 22,1255929,2019-09-06 18:37:02:611,0.6561,0.6954,10.0931,-0.004,0.0069,9.8066,0.0254,-0.0487,0.0199,4.63,-31.19,12.19,42.97,-81.76,-173.48
52.380363,-1.520421,141.98,4.99,3,288.18,21 / 22,1256029,2019-09-06 18:37:02:711,0.5604,0.5325,10.101,0.0046,0.0086,9.8066,-0.005,-0.0375,0.0179,5,-31.37,11.25,47.72,-81.79,-172.84
52.380363,-1.520421,141.98,4.99,3,288.18,21 / 22,1256129,2019-09-06 18:37:02:811,0.2731,0.3746,9.7962,-0.0031,0.0036,9.8066,-0.0144,-0.0185,0.0149,4.94,-31.37,11.19,48.73,-81.81,-172.05
52.380363,-1.520421,141.98,4.99,3,288.18,21 / 22,1256228,2019-09-06 18:37:02:910,0.4584,0.7493,9.8106,-0.0101,-0.0017,9.8066,-0.0234,-0.0335,0.0373,4.5,-31.06,11.56,45.33,-81.85,-171.56
52.380363,-1.520421,141.98,4.99,3,288.18,21 / 22,1256329,2019-09-06 18:37:03:011,0.3979,0.7823,9.8926,-0.0053,0.0013,9.8065,-0.004,-0.0179,0.0213,4.44,-31.44,10.94,44.82,-81.85,-170.89
52.380363,-1.520421,141.98,4.99,3,288.18,21 / 22,1256429,2019-09-06 18:37:03:111,0.0098,0.3143,9.5615,-0.0099,-0.0034,9.8065,0.0135,-0.0496,-0.0056,4.81,-31.31,11.13,50.9,-81.76,-170.51
52.380363,-1.520421,141.98,4.99,3,288.18,21 / 22,1256530,2019-09-06 18:37:03:212,0.1008,0.4058,9.9955,-0.0053,0.0022,9.8066,0.0462,-0.0376,0.0081,4.88,-30.69,11.06,51.48,-81.71,-170.2
52.380363,-1.520421,141.98,4.99,3,288.18,21 / 22,1256629,2019-09-06 18:37:03:311,-0.0076,-0.2058,9.8366,0.0053,-0.0041,9.8066,0.0352,-0.0319,0.0179,4,-31.31,11.44,46.35,-81.66,-170.18
52.380363,-1.520421,141.98,4.99,3,288.18,21 / 22,1256729,2019-09-06 18:37:03:411,0.213,0.7615,9.6854,-0.0091,0.0036,9.8066,-0.0396,-0.0377,0.0323,4,-31.19,11,47.17,-81.61,-169.68
52.380363,-1.520421,141.98,4.99,3,288.18,21 / 22,1256829,2019-09-06 18:37:03:511,0.2602,0.3316,9.5059,-0.0103,-0.0057,9.8066,-0.0037,-0.061,-0.0026,4.94,-31,10.31,57.71,-81.58,-169.37
52.380363,-1.520421,141.98,4.99,3,288.18,21 / 22,1256929,2019-09-06 18:37:03:611,0.1625,0.7236,9.5123,-0.0005,0.0058,9.8066,-0.0446,-0.0474,-0.0187,4.44,-31.12,10.38,52.76,-81.61,-169.01
52.380363,-1.520421,141.98,4.99,3,288.18,21 / 22,1257028,2019-09-06 18:37:03:710,-0.0759,0.4252,9.665,0.0057,0.0027,9.8066,-0.0116,-0.0409,0.0232,3.75,-32.06,10.31,53.27,-81.64,-169.22
52.380363,-1.520421,141.98,4.99,3,288.18,21 / 22,1257129,2019-09-06 18:37:03:811,0.567,0.6469,10.0187,0.0075,-0.0035,9.8066,0.0159,-0.0709,0.0128,4.25,-31.94,9.88,52.92,-81.61,-169.57
52.380363,-1.520421,141.98,4.99,3,288.18,21 / 22,1257229,2019-09-06 18:37:03:911,0.7425,0.5294,9.9834,-0.0114,0.0053,9.8066,-0.0228,-0.0436,-0.014,4.44,-31.12,10.44,52.4,-81.53,-169.47
52.380363,-1.520421,141.98,4.99,3,288.18,21 / 22,1257329,2019-09-06 18:37:04:011,0.2335,0.4566,9.561,0.0097,-0.0001,9.8065,0.0204,-0.042,0.0433,4.06,-31.81,10.25,53.3,-81.53,-169.49
52.380363,-1.520421,141.98,4.99,3,288.18,21 / 22,1257428,2019-09-06 18:37:04:110,0.7634,0.7816,9.7376,-0.0032,0.0049,9.8066,-0.023,-0.0325,0.0027,3.5,-31.69,10,53.58,-81.52,-169.33
52.380363,-1.520421,141.98,4.99,3,288.18,21 / 22,1257528,2019-09-06 18:37:04:210,0.1498,0.9005,10.0588,0.0091,0.0043,9.8066,0.0405,-0.0707,0.0009,4.06,-31.81,9.88,53.48,-81.53,-169.38
52.380363,-1.520421,141.98,4.99,3,288.18,21 / 22,1257629,2019-09-06 18:37:04:311,0.38,0.4086,9.8641,0.0187,0.0125,9.8065,0.0736,-0.0116,-0.0141,3.94,-31.62,9.69,52.67,-81.61,-169.73
52.380363,-1.520421,141.98,4.99,3,288.18,21 / 22,1257728,2019-09-06 18:37:04:410,0.4054,0.3556,9.983,-0.0103,-0.0114,9.8066,-0.0546,-0.0425,-0.0065,3.81,-32.06,10.25,51.87,-81.66,-170.19
52.380363,-1.520421,141.98,4.99,3,288.18,21 / 22,1257828,2019-09-06 18:37:04:510,0.9552,0.6667,9.5594,-0.0058,-0.0087,9.8066,-0.0117,-0.0588,0.0278,3.56,-32.44,10,52.1,-81.62,-170.12
52.380363,-1.520421,141.98,4.99,3,288.18,21 / 22,1257929,2019-09-06 18:37:04:611,0.0617,0.7999,9.7178,0.0012,0.0053,9.8066,0.0081,-0.0132,0.0068,4,-32.06,9.63,52.54,-81.65,-169.72
52.380363,-1.520421,141.98,4.99,3,288.18,21 / 22,1258029,2019-09-06 18:37:04:711,0.4012,1.0621,10.3755,0,0.0016,9.8066,0.0529,-0.0377,-0.0151,3.56,-32.25,9.56,52.65,-81.61,-169.76
52.380363,-1.520421,141.98,4.99,3,288.18,21 / 22,1258128,2019-09-06 18:37:04:810,0.7481,0.8534,10.09,0.0035,-0.0057,9.8066,0.0299,-0.0576,-0.0302,3.13,-32,9.63,46.21,-81.49,-170.03
52.380363,-1.520421,141.98,4.99,3,288.18,21 / 22,1258228,2019-09-06 18:37:04:910,0.9367,0.4927,9.8074,0.0079,-0.0014,9.8066,0.0173,-0.0144,-0.0112,3.5,-32.25,9.94,52.26,-81.43,-170.49
52.380363,-1.520421,141.98,4.99,3,288.18,21 / 22,1258328,2019-09-06 18:37:05:010,0.2946,0.6185,9.7328,-0.0047,-0.001,9.8066,0.0097,-0.0242,-0.0209,4.06,-32,9.88,51.47,-81.4,-171.13
52.380363,-1.520421,141.98,4.99,3,288.18,21 / 22,1258428,2019-09-06 18:37:05:110,0.3394,0.1302,9.636,-0.0018,-0.0009,9.8066,-0.0617,-0.0398,-0.0373,3.06,-32.12,10.56,40.67,-81.34,-170.97
52.380363,-1.520421,141.98,4.99,3,288.18,21 / 22,1258529,2019-09-06 18:37:05:211,1.0659,1.3638,10.0536,0.0022,0.0046,9.8066,0.0622,-0.0247,0.0636,2.63,-32,9.81,44.84,-81.41,-171.11
52.380363,-1.520421,141.98,4.99,3,288.18,21 / 22,1258628,2019-09-06 18:37:05:310,0.8649,1.0686,10.1426,0.002,0.0098,9.8066,0.0027,-0.0327,-0.0101,3.5,-32.44,10,51.95,-81.44,-170.69
52.380363,-1.520421,141.98,4.99,3,288.18,21 / 22,1258729,2019-09-06 18:37:05:411,0.8076,1.1087,9.5341,-0.0002,-0.0004,9.8066,-0.0422,-0.0421,-0.0076,3.94,-32.19,9.94,51.64,-81.54,-170.65
52.380363,-1.520421,141.98,4.99,3,288.18,21 / 22,1258829,2019-09-06 18:37:05:511,1.4474,0.76,9.6271,0.0043,-0.002,9.8066,0.0291,-0.0361,0.0225,3.81,-32.44,9.88,51.04,-81.65,-170.79
52.380363,-1.520421,141.98,4.99,3,288.18,21 / 22,1258928,2019-09-06 18:37:05:610,0.7037,1.2713,9.8909,-0.0018,0.0029,9.8066,0.0068,-0.0158,-0.0114,3,-32.12,9.38,49.51,-81.76,-170.91
52.380363,-1.520421,141.98,4.99,3,288.18,21 / 22,1259028,2019-09-06 18:37:05:710,0.9058,0.4899,9.7223,0.0114,0.0047,9.8066,0.0043,-0.0238,-0.0109,3.5,-32.62,9.5,50.81,-81.8,-171.2
52.380363,-1.520421,141.98,4.99,3,288.18,21 / 22,1259128,2019-09-06 18:37:05:810,0.7357,0.3113,9.71,-0.0089,0.0027,9.8066,-0.0135,-0.0138,0.0308,4.06,-32.5,9.06,56.5,-81.73,-170.85
52.380363,-1.520421,141.98,4.99,3,288.18,21 / 22,1259229,2019-09-06 18:37:05:911,1.1979,0.8091,9.988,-0.0083,0.0007,9.8066,-0.0292,0.0073,-0.013,3.56,-32.12,9.38,57.31,-81.72,-170.3
52.380363,-1.520421,141.98,4.99,3,288.18,21 / 22,1259328,2019-09-06 18:37:06:010,0.7438,1.0489,10.275,-0.0016,-0.0005,9.8066,0.0064,-0.0052,0.0132,3,-32.25,9.81,44.93,-81.76,-170.23
52.380363,-1.520421,141.98,4.99,3,288.18,21 / 22,1259429,2019-09-06 18:37:06:111,1.0683,0.8563,9.636,-0.0008,-0.0079,9.8066,-0.0356,-0.0203,-0.0101,3.31,-32.06,10.13,44.86,-81.72,-170.38
52.380363,-1.520421,141.98,4.99,3,288.18,21 / 22,1259530,2019-09-06 18:37:06:212,0.7155,0.9397,9.7822,0.0078,0.0011,9.8066,0.0402,-0.015,0.0227,3.38,-32.31,9.69,44.66,-81.73,-170.49
52.380363,-1.520421,141.98,4.99,3,288.18,21 / 22,1259629,2019-09-06 18:37:06:311,1.5355,1.0166,9.6665,0.0048,0.0056,9.8066,0.003,0.021,-0.0118,4.06,-32.12,9.81,50.86,-81.76,-170.64
52.380363,-1.520421,141.98,4.99,3,288.18,21 / 22,1259728,2019-09-06 18:37:06:410,1.0952,1.1964,9.7294,-0.0022,0.0021,9.8066,-0.0184,-0.0258,0.0075,3.38,-31.94,9.81,44.95,-81.72,-170.32
52.380363,-1.520421,141.98,4.99,3,288.18,21 / 22,1259829,2019-09-06 18:37:06:511,0.789,1.3678,9.7239,0.0006,0.0021,9.8065,0.028,-0.0079,0.0296,2.94,-32.37,9.69,44.98,-81.77,-170.18
52.380363,-1.520421,141.98,4.99,3,288.18,21 / 22,1259928,2019-09-06 18:37:06:610,0.9178,1.1301,9.5632,0.0003,0.0045,9.8066,-0.0244,-0.0074,-0.0025,3.13,-32.37,9.44,51.16,-81.76,-169.83
52.380363,-1.520421,141.98,4.99,3,288.18,21 / 22,1260028,2019-09-06 18:37:06:710,0.9848,0.9997,9.4939,0.0075,0.0055,9.8066,-0.0001,0.0089,0.0132,4.06,-31.69,9.75,51.93,-81.87,-169.6
52.380363,-1.520421,141.98,4.99,3,288.18,21 / 22,1260129,2019-09-06 18:37:06:811,1.6422,1.3225,10.1099,-0.0002,0.0066,9.8066,-0.0165,-0.0114,-0.0147,3.75,-31.56,9.19,57.89,-81.94,-169.19
52.380363,-1.520421,141.98,4.99,3,288.18,21 / 22,1260229,2019-09-06 18:37:06:911,1.1694,1.3043,9.7863,0.0046,0.004,9.8066,-0.0219,0.0006,-0.015,3.25,-32.31,9.56,45.81,-81.99,-169.1
52.380363,-1.520421,141.98,4.99,3,288.18,21 / 22,1260329,2019-09-06 18:37:07:011,0.8556,1.4427,9.8676,0.0049,0.0094,9.8066,0.0312,-0.0043,0.0161,3,-32.31,9.56,45.38,-82.1,-169.12
52.380363,-1.520421,141.98,4.99,3,288.18,20 / 21,1260428,2019-09-06 18:37:07:110,0.8469,1.0935,9.947,0.0014,0.0068,9.8066,-0.0014,-0.0059,-0.0236,3.31,-32.06,10.13,45.61,-82.12,-168.92
52.380363,-1.520421,141.98,4.99,3,288.18,20 / 21,1260529,2019-09-06 18:37:07:211,0.9393,1.3814,9.8222,0.0018,-0.0048,9.8066,0.0232,0.0102,0.0182,2.88,-32.44,9.56,45.33,-82.14,-169.05
52.380363,-1.520421,141.98,4.99,3,288.18,20 / 21,1260628,2019-09-06 18:37:07:310,1.5109,1.1263,9.7134,-0.0025,0.0007,9.8066,0.0017,-0.0029,0.0054,3.38,-32.25,9.06,50.44,-82.16,-169.17
52.380363,-1.520421,141.98,4.99,3,288.18,20 / 21,1260729,2019-09-06 18:37:07:411,1.4502,1.0947,9.6297,0.0075,0.0017,9.8066,0.0069,0.0152,-0.0123,3.81,-31.94,9.06,57.01,-82.18,-169.1
52.380363,-1.520421,141.98,4.99,3,288.18,20 / 21,1260829,2019-09-06 18:37:07:511,1.1299,1.2084,9.7674,0.006,0.001,9.8066,-0.002,-0.0194,0.0286,3.81,-32.19,9.63,51.03,-82.22,-169.37
52.380363,-1.520421,141.98,4.99,3,288.18,20 / 21,1260929,2019-09-06 18:37:07:611,0.7304,0.7639,9.7109,-0.0091,-0.0005,9.8066,-0.0239,-0.0139,-0.0243,3.81,-31.62,9.69,51.8,-82.18,-168.91
52.380363,-1.520421,141.98,4.99,3,288.18,20 / 21,1261028,2019-09-06 18:37:07:710,1.3768,0.9624,9.9206,0.0003,-0.0056,9.8066,0.0173,-0.0169,0.0052,3.88,-31.75,9.06,57.05,-82.18,-169.07
52.380363,-1.520421,141.98,4.99,3,288.18,20 / 21,1261129,2019-09-06 18:37:07:811,0.6354,1.2457,9.7854,0.0006,0.0037,9.8066,-0.0077,0.0021,0.0138,2.94,-32.37,9.88,45.04,-82.23,-169.07
52.380363,-1.520421,141.98,4.99,3,288.18,20 / 21,1261229,2019-09-06 18:37:07:911,1.2396,1.4547,9.8536,0,0.0035,9.8065,-0.0326,-0.0091,-0.0152,3,-31.81,9.25,50.41,-82.28,-168.83
52.380363,-1.520421,141.98,4.99,3,288.18,20 / 21,1261329,2019-09-06 18:37:08:011,0.5967,0.8324,9.7679,0.0083,0.0026,9.8066,0.0373,-0.0014,0.0057,3.19,-32.31,9.56,44.58,-82.37,-169.04
52.380363,-1.520421,141.98,4.99,3,288.18,21 / 22,1261429,2019-09-06 18:37:08:111,0.7465,0.7706,9.7445,0,-0.0012,9.8066,0.0146,-0.0005,0.0052,2.88,-32,9.81,44.4,-82.36,-169.2
52.380363,-1.520421,141.98,4.99,3,288.18,21 / 22,1261528,2019-09-06 18:37:08:210,0.9057,0.8937,9.8089,0.0014,0.005,9.8066,0.0039,-0.0129,0.0002,3,-32.06,9.75,44.44,-82.44,-168.99
52.380363,-1.520421,141.98,4.99,3,288.18,21 / 22,1261629,2019-09-06 18:37:08:311,0.9962,0.9829,9.987,0.0015,0.0065,9.8066,-0.0128,0.0006,-0.0044,3.31,-32.37,9.25,49.85,-82.47,-168.67
52.380363,-1.520421,141.98,4.99,3,288.18,21 / 22,1261728,2019-09-06 18:37:08:410,0.8279,0.8527,9.95,-0.0001,0.0026,9.8066,0.0206,-0.0029,0.0253,3.5,-32.06,9.81,51.02,-82.55,-168.54
52.380363,-1.520421,141.98,4.99,3,288.18,21 / 22,1261829,2019-09-06 18:37:08:511,0.5111,0.6383,9.9318,-0.0003,0.0037,9.8066,0.0111,0.0017,-0.0025,3.31,-32.37,9.75,45.18,-82.58,-168.13
52.380363,-1.520421,141.98,4.99,3,288.18,21 / 22,1261929,2019-09-06 18:37:08:611,0.3241,0.3353,9.8702,0.0007,0.0007,9.8066,-0.0067,-0.0086,0.0002,3.31,-32.31,9.25,50.25,-82.65,-167.9
52.380363,-1.520421,141.98,4.99,3,288.18,21 / 22,1262028,2019-09-06 18:37:08:710,0.4164,0.3321,9.7145,-0.0006,-0.0007,9.8066,0.0027,-0.0094,0.0055,3.13,-31.94,9.5,45.25,-82.68,-167.86
52.380363,-1.520421,141.98,4.99,3,288.18,21 / 22,1262129,2019-09-06 18:37:08:811,0.3118,0.3982,9.7311,0.004,0.007,9.8066,0.0184,-0.0148,-0.0035,3.81,-32.06,9.5,51.62,-82.75,-167.58
52.380363,-1.520421,141.98,4.99,3,288.18,21 / 22,1262229,2019-09-06 18:37:08:911,0.1369,0.0891,9.7513,0.002,0.0045,9.8066,0.0086,-0.0057,-0.0047,3.25,-31.81,9.63,45.4,-82.79,-167.48
52.380363,-1.520421,141.98,4.99,3,288.18,21 / 22,1262328,2019-09-06 18:37:09:010,0.2754,0.0491,9.9215,0.0024,0.0023,9.8066,0.0077,0.0011,0.0139,3.5,-31.94,9.44,56.67,-82.83,-167.41
52.380363,-1.520421,141.98,4.99,3,288.18,21 / 22,1262428,2019-09-06 18:37:09:110,0.1187,-0.1464,9.9505,0.0013,0.0031,9.8066,0.0054,-0.0006,-0.0032,4,-31.69,10.25,51.62,-82.89,-167.23
52.380363,-1.520421,141.98,4.99,3,288.18,21 / 22,1262530,2019-09-06 18:37:09:212,-0.1577,-0.2629,9.8088,0.0054,0.0052,9.8066,0.0102,-0.0014,0.006,3.88,-31.62,9.69,51.48,-82.99,-167.09
52.380363,-1.520421,141.98,4.99,3,288.18,21 / 22,1262628,2019-09-06 18:37:09:310,-0.0825,-0.177,9.8815,0.0046,0.0041,9.8066,0.0075,-0.0069,-0.0038,3.88,-32.06,9.5,51.36,-83.06,-167.01
52.380363,-1.520421,141.98,4.99,3,288.18,21 / 22,1262729,2019-09-06 18:37:09:411,-0.0319,-0.1942,9.8642,0.0044,0.0032,9.8066,0.015,-0.0137,0.0006,3.31,-32.31,9.56,44.91,-83.15,-167
52.380363,-1.520421,141.98,4.99,3,288.18,21 / 22,1262828,2019-09-06 18:37:09:510,0.0985,-0.0943,9.8253,0.0054,0.0041,9.8066,0.0088,-0.0125,-0.0057,3.25,-31.69,9.13,49.24,-83.23,-166.98
52.380363,-1.520421,141.98,4.99,3,288.18,21 / 22,1262929,2019-09-06 18:37:09:611,0.1443,-0.153,9.8111,0.0026,0.0042,9.8066,0.0215,-0.0068,0.0092,2.81,-32.06,9.88,44.56,-83.28,-166.97
52.380363,-1.520421,141.98,4.99,3,288.18,21 / 22,1263029,2019-09-06 18:37:09:711,-0.0963,-0.2389,9.7784,-0.0001,0.0049,9.8066,0.0019,-0.0137,0.0028,2.63,-32.06,9.25,49.35,-83.34,-166.61
52.380363,-1.520421,141.98,4.99,3,288.18,21 / 22,1263128,2019-09-06 18:37:09:810,-0.0508,-0.0762,9.8823,0.0004,0.0043,9.8066,-0.0135,-0.0144,0.0022,2.63,-31.44,9.38,49,-83.4,-166.16
52.380363,-1.520421,141.98,4.99,3,288.18,21 / 22,1263229,2019-09-06 18:37:09:911,-0.0202,-0.1939,9.9271,0.0015,0.0053,9.8066,0.0071,0.001,0.004,3.5,-32,9.56,51.58,-83.45,-165.87
52.380363,-1.520421,141.98,4.99,3,288.18,21 / 22,1263328,2019-09-06 18:37:10:010,-0.1797,-0.2857,9.7718,-0.0015,-0.0014,9.8066,0.0004,0.0029,0,3.06,-32.25,9.56,45.73,-83.46,-165.67
52.380512,-1.520928,142.25,0,2,295.81,21 / 22,1263429,2019-09-06 18:37:10:111,-0.0984,-0.1361,9.8651,-0.0009,0.0017,9.8066,-0.0044,-0.0018,-0.0092,3.44,-32.06,9.44,50.16,-83.51,-165.55
52.380512,-1.520928,142.25,0,2,295.81,21 / 22,1263529,2019-09-06 18:37:10:211,-0.2794,-0.3081,9.8103,0.0018,0.0035,9.8066,-0.0019,-0.0123,0.0039,4.13,-32,9.5,51.86,-83.56,-165.36
52.380512,-1.520928,142.25,0,2,295.81,21 / 22,1263628,2019-09-06 18:37:10:310,-0.4731,-0.6459,9.8877,0.0006,0,9.8066,0.0112,-0.0012,0.0067,4.75,-31.69,10.56,53.1,-83.55,-165.34
52.380512,-1.520928,142.25,0,2,295.81,21 / 22,1263729,2019-09-06 18:37:10:411,-0.648,-0.6615,9.8881,-0.0009,-0.0009,9.8066,0.022,-0.0228,-0.001,4,-31.06,11.19,47.76,-83.57,-165.13
52.380512,-1.520928,142.25,0,2,295.81,21 / 22,1263829,2019-09-06 18:37:10:511,-0.3206,-0.2064,9.939,-0.0016,-0.0002,9.8065,0.0086,-0.0372,0.0132,3.88,-30.44,11.44,47.38,-83.61,-164.94
52.380512,-1.520928,142.25,0,2,295.81,21 / 22,1263928,2019-09-06 18:37:10:610,-0.6859,-1.127,9.9254,-0.0014,0.002,9.8066,0.0028,-0.0331,0.0053,3.31,-30.87,11.06,42.61,-83.64,-164.63
52.380512,-1.520928,142.25,0,2,295.81,21 / 22,1264029,2019-09-06 18:37:10:711,-0.2831,-0.141,9.8457,0.0016,0.004,9.8066,0.0186,-0.0714,0.0079,3.13,-31.06,11.06,42.81,-83.65,-164.44
52.380512,-1.520928,142.25,0,2,295.81,21 / 22,1264128,2019-09-06 18:37:10:810,-1.1032,-1.2192,9.8157,-0.0039,0.0008,9.8066,0.0168,-0.0803,0.019,2.69,-31,10.75,43.36,-83.64,-164.05
52.380512,-1.520928,142.25,0,2,295.81,21 / 22,1264228,2019-09-06 18:37:10:910,-0.9568,-1.3125,9.8472,0.0014,0.0025,9.8066,0.0009,-0.0951,-0.0022,2.69,-31.56,10.56,44.05,-83.64,-163.9
52.380512,-1.520928,142.25,0,2,295.81,21 / 22,1264329,2019-09-06 18:37:11:011,-1.2222,-1.7499,9.9223,-0.003,0.0036,9.8066,-0.0012,-0.1249,0.029,2.19,-31.37,10.25,40.49,-83.62,-163.69
52.380512,-1.520928,142.25,0,2,295.81,21 / 22,1264428,2019-09-06 18:37:11:110,-0.7168,-0.7174,10.0015,-0.0023,-0.0015,9.8066,0.0005,-0.1741,0.0289,1.5,-32.06,9.75,41.83,-83.63,-163.11
52.380512,-1.520928,142.25,0,2,295.81,21 / 22,1264528,2019-09-06 18:37:11:210,-0.9355,-0.9843,9.994,-0.0036,-0.0011,9.8066,0.0078,-0.1786,0.0019,2.31,-31.56,9.13,45.7,-83.65,-163.02
52.380512,-1.520928,142.25,0,2,295.81,21 / 22,1264630,2019-09-06 18:37:11:312,-0.8142,-0.3238,9.8358,-0.0035,-0.0015,9.8066,-0.0031,-0.1668,0.0345,2,-31.75,8.88,46.25,-83.56,-162.83
52.380512,-1.520928,142.25,0,2,295.81,21 / 22,1264729,2019-09-06 18:37:11:411,-1.1721,-0.0444,9.6833,0.0014,-0.0003,9.8066,0.0121,-0.2079,0.0209,2.56,-32.44,8.56,53.98,-83.52,-162.64
52.380512,-1.520928,142.25,0,2,295.81,21 / 22,1264828,2019-09-06 18:37:11:510,-1.3359,-0.8851,9.7471,-0.001,-0.0013,9.8066,-0.0011,-0.2279,-0.015,2.63,-32.19,7.88,59.53,-83.49,-162.78
52.380512,-1.520928,142.25,0,2,295.81,21 / 22,1264928,2019-09-06 18:37:11:610,-1.4832,-0.6594,9.7847,-0.0077,-0.0047,9.8066,0.0285,-0.2205,0.0263,2.81,-31.75,8.19,59.09,-83.49,-163.1
52.380512,-1.520928,142.25,0,2,295.81,21 / 22,1265029,2019-09-06 18:37:11:711,-1.245,-0.7676,10.1301,0.0079,0.0037,9.8066,0.0216,-0.2136,0.0437,2.63,-32,7.19,65.76,-83.56,-163.19
52.380512,-1.520928,142.25,0,2,295.81,21 / 22,1265128,2019-09-06 18:37:11:810,-1.0357,-0.9004,10.0135,0.002,-0.0063,9.8066,0.0176,-0.2084,-0.0094,2.25,-32.12,7.31,56.78,-83.56,-163.8
52.380512,-1.520928,142.25,0,2,295.81,21 / 22,1265229,2019-09-06 18:37:11:911,-0.8088,-0.8588,9.9153,0.0037,-0.0015,9.8066,-0.0143,-0.1887,-0.0051,1.56,-32.31,7.19,56.18,-83.6,-164.05
52.380512,-1.520928,142.25,0,2,295.81,21 / 22,1265328,2019-09-06 18:37:12:010,-0.4124,-0.9224,9.7318,0.006,-0.0101,9.8066,-0.0074,-0.1715,0.01,1.19,-31.81,6.5,44.62,-83.59,-164.54
52.380512,-1.520928,142.25,0,2,295.81,21 / 22,1265429,2019-09-06 18:37:12:111,-0.9432,-1.054,9.7882,0.002,-0.011,9.8066,-0.0054,-0.1389,0.0106,1.56,-32.12,6.5,52.99,-83.61,-166.23
52.380512,-1.520928,142.25,0,2,295.81,21 / 22,1265528,2019-09-06 18:37:12:210,-0.2324,-0.5978,9.6824,0.0147,-0.0021,9.8065,0.0431,-0.1167,-0.0334,1.63,-31.56,6.25,59.61,-83.71,-167.68
52.380512,-1.520928,142.25,0,2,295.81,21 / 22,1265628,2019-09-06 18:37:12:310,-0.6403,-1.0494,9.761,0.0137,-0.0049,9.8066,0.04,-0.0869,-0.0205,2.5,-31.81,5.94,66.26,-83.74,-169.01
52.380512,-1.520928,142.25,0,2,295.81,21 / 22,1265729,2019-09-06 18:37:12:411,-0.697,-0.7906,9.9535,0.0118,0.001,9.8066,-0.0419,-0.0436,-0.0082,2.5,-32,5.44,76.06,-83.82,-170.18
52.380512,-1.520928,142.25,0,2,295.81,21 / 22,1265829,2019-09-06 18:37:12:511,-0.3909,-1.0425,9.8448,0.0069,-0.0069,9.8066,-0.0358,-0.0377,-0.0233,2.13,-31.44,5.06,64.48,-83.92,-170.98
52.380512,-1.520928,142.25,0,2,295.81,21 / 22,1265928,2019-09-06 18:37:12:610,-0.2318,-0.9921,9.865,0.0063,0.0004,9.8066,-0.0127,-0.0338,-0.012,1.06,-31.31,4.94,47.49,-84.01,-171.94
52.380512,-1.520928,142.25,0,2,295.81,21 / 22,1266030,2019-09-06 18:37:12:712,-0.8165,-1.2712,9.6743,0.0011,-0.0113,9.8066,0.0071,0.0133,-0.0262,2.06,-31.31,4.88,60.75,-84.01,-172.95
52.380512,-1.520928,142.25,0,2,295.81,21 / 22,1266128,2019-09-06 18:37:12:810,-0.7159,-1.1217,9.6198,0.0113,-0.0079,9.8066,-0.0155,0.0057,-0.0252,2.88,-31.25,4.88,66.59,-84.07,-174.89
52.380512,-1.520928,142.25,0,2,295.81,21 / 22,1266228,2019-09-06 18:37:12:910,-0.4878,-1.0255,9.9579,0.0095,-0.0095,9.8066,0.0149,0.0241,-0.0485,2.25,-31.69,5.31,55.92,-84.13,-176.34
52.380512,-1.520928,142.25,0,2,295.81,21 / 22,1266329,2019-09-06 18:37:13:011,-0.6287,-1.3627,9.728,0.014,-0.0107,9.8066,0.0029,0.0651,-0.0425,1.81,-31.69,4.81,50.99,-84.19,-178.92
52.380512,-1.520928,142.25,0,2,295.81,21 / 22,1266428,2019-09-06 18:37:13:110,-0.3823,-1.3698,9.9832,0.0197,-0.0027,9.8066,-0.0097,0.0615,-0.0519,1.69,-31.37,5.19,46.06,-84.2,179.28
52.380512,-1.520928,142.25,0,2,295.81,21 / 22,1266528,2019-09-06 18:37:13:210,0.1813,-1.8321,9.8161,0.0036,-0.015,9.8066,-0.0027,0.1136,-0.0566,2.31,-30.62,5.44,42.61,-84.21,177.46
52.380512,-1.520928,142.25,0,2,295.81,21 / 22,1266628,2019-09-06 18:37:13:310,0.6685,-0.6412,9.836,0.0055,-0.0051,9.8066,-0.001,0.1047,-0.0294,3.31,-30.87,5.69,39.95,-84.21,175.79
52.380512,-1.520928,142.25,0,2,295.81,21 / 22,1266728,2019-09-06 18:37:13:410,-0.0726,-1.8291,9.9524,0.0033,-0.0168,9.8066,0.0485,0.1316,-0.0496,2.88,-30.94,5.81,36.28,-84.21,173.53
52.380512,-1.520928,142.25,0,2,295.81,21 / 22,1266829,2019-09-06 18:37:13:511,0.1366,-1.1816,10.0393,-0.0058,-0.019,9.8066,-0.03,0.1646,-0.0401,3,-30.69,5.69,35.52,-84.07,172.68
52.380512,-1.520928,142.25,0,2,295.81,21 / 22,1266929,2019-09-06 18:37:13:611,-0.0486,-1.7332,9.9151,0.0017,-0.0014,9.8066,0.0651,0.1581,-0.0099,2.94,-30.31,6.69,25.75,-84.01,172.14
52.380512,-1.520928,142.25,0,2,295.81,21 / 22,1267028,2019-09-06 18:37:13:710,0.7014,-1.5392,9.7612,0.0066,-0.0045,9.8066,0.0507,0.1776,-0.0617,3.38,-30.87,6.75,25.23,-83.97,171.4
52.380512,-1.520928,142.25,0,2,295.81,21 / 22,1267132,2019-09-06 18:37:13:814,-0.1163,-2.0885,9.9069,0.0004,-0.0031,9.8066,-0.0723,0.138,0.0053,4,-30.31,7.63,25.87,-84.02,170.4
52.380512,-1.520928,142.25,0,2,295.81,21 / 22,1267229,2019-09-06 18:37:13:911,-0.2646,-1.7167,9.6598,-0.0004,-0.0162,9.8066,-0.0853,0.1652,-0.0386,4.5,-30.44,7.06,38.54,-83.95,169.57
52.380512,-1.520928,142.25,0,2,295.81,21 / 22,1267329,2019-09-06 18:37:14:011,-0.2107,-1.4053,9.6762,0.0003,0.0066,9.8066,-0.0714,0.123,0.0035,5.06,-30.06,7.69,30.79,-84,168.84
52.380512,-1.520928,142.25,0,2,295.81,21 / 22,1267428,2019-09-06 18:37:14:110,-0.1288,-0.8775,9.7179,0.0048,-0.0004,9.8066,0.0309,0.1247,-0.0426,5.44,-30.06,8.31,30.7,-84.02,168.81
52.380512,-1.520928,142.25,0,2,295.81,21 / 22,1267528,2019-09-06 18:37:14:210,-0.2519,-1.608,10.1947,0.0158,0.0097,9.8065,0.0465,0.1034,0.0204,4.81,-30.75,7.63,29.73,-84.08,167.91
52.380512,-1.520928,142.25,0,2,295.81,21 / 22,1267629,2019-09-06 18:37:14:311,-0.8242,-1.5762,10.1294,0.0152,0.0259,9.8065,0.0696,0.066,-0.0008,5.06,-31.44,8.44,29.92,-84.09,168.06
52.380512,-1.520928,142.25,0,2,295.81,21 / 22,1267728,2019-09-06 18:37:14:410,-1.393,-1.7269,10.2759,-0.0249,-0.0271,9.8065,0.0928,0.0768,-0.0098,5.75,-30.81,8.31,36.3,-84.08,168.35
52.380512,-1.520928,142.25,0,2,295.81,21 / 22,1267828,2019-09-06 18:37:14:510,-1.5349,-2.0023,9.8475,-0.0275,-0.03,9.8065,-0.1563,0.0985,-0.0114,5,-31,8.56,25.64,-83.79,168.34
52.380512,-1.520928,142.25,0,2,295.81,21 / 22,1267928,2019-09-06 18:37:14:610,-0.2636,-0.9754,9.5327,0.0168,0.0214,9.8065,-0.1487,0.0881,-0.0027,5.06,-31.25,8.13,30.51,-83.88,168.09
52.380512,-1.520928,142.25,0,2,295.81,21 / 22,1268029,2019-09-06 18:37:14:711,0.0814,-0.7711,10.0169,0.0169,0.0126,9.8066,0.1704,0.0613,0.0069,5.75,-30.75,8.25,36.75,-83.81,168.15
52.380512,-1.520928,142.25,0,2,295.81,21 / 22,1268129,2019-09-06 18:37:14:811,-0.4777,-1.5386,9.9149,-0.0072,-0.0136,9.8066,0.1289,0.0637,-0.0265,5.13,-30.94,7.69,30.6,-83.72,167.87
52.380512,-1.520928,142.25,0,2,295.81,21 / 22,1268229,2019-09-06 18:37:14:911,-0.5945,-2.0995,9.6842,-0.0019,-0.0121,9.8066,-0.1117,0.0485,-0.0054,5,-30.81,8.94,24.91,-83.67,167.67
52.380512,-1.520928,142.25,0,2,295.81,21 / 22,1268329,2019-09-06 18:37:15:011,-0.1939,-1.0112,9.5027,-0.0073,-0.0025,9.8066,-0.1147,0.0419,-0.0311,5.88,-31,8.56,30.9,-83.65,167.67
52.380512,-1.520928,142.25,0,2,295.81,20 / 22,1268429,2019-09-06 18:37:15:111,0.5776,-0.2311,9.7299,-0.028,-0.0198,9.8065,0.0457,0.0111,0.042,5.44,-31.37,8.63,27.1,-83.47,168.9
52.380512,-1.520928,142.25,0,2,295.81,20 / 22,1268528,2019-09-06 18:37:15:210,-0.8764,-0.4245,10.3858,0.0122,0.016,9.8065,0.0879,-0.0046,0.0623,5.94,-31.5,8.63,31.98,-83.54,168.28
52.380512,-1.520928,142.25,0,2,295.81,20 / 22,1268629,2019-09-06 18:37:15:311,-0.6924,-0.3075,9.8621,0.0149,0.0167,9.8065,0.019,0.0029,-0.0384,6.63,-30.44,8.81,37.05,-83.46,168.57
52.380512,-1.520928,142.25,0,2,295.81,20 / 22,1268729,2019-09-06 18:37:15:411,-1.0165,-1.384,9.9893,0.003,-0.0029,9.8066,0.1336,-0.0221,0.0238,5,-31,8.63,26.79,-83.33,168.49
52.380512,-1.520928,142.25,0,2,295.81,20 / 22,1268828,2019-09-06 18:37:15:510,-0.6535,-1.6925,10.0805,0.0102,0.0155,9.8065,0.1748,0.0385,0.0282,5.69,-31.19,8.75,32.93,-83.36,168.67
52.380512,-1.520928,142.25,0,2,295.81,20 / 22,1268929,2019-09-06 18:37:15:611,0.8271,-0.2857,9.9001,-0.0144,-0.0234,9.8065,-0.1722,0.111,-0.0715,6,-31.19,9.25,32.85,-83.42,168.71
52.380512,-1.520928,142.25,0,2,295.81,20 / 22,1269029,2019-09-06 18:37:15:711,-0.2278,-0.2927,10.2382,-0.0086,-0.0161,9.8066,-0.0868,-0.0479,0.0029,5.69,-31.31,9.31,31.03,-83.26,167.17
52.380512,-1.520928,142.25,0,2,295.81,20 / 22,1269128,2019-09-06 18:37:15:810,-1.0041,-0.6865,9.7355,-0.0063,-0.0017,9.8066,-0.0895,0.0066,-0.0461,6.31,-30.69,9,31.53,-83.33,167.62
52.380512,-1.520928,142.25,0,2,295.81,20 / 22,1269229,2019-09-06 18:37:15:911,-0.1326,-0.5396,9.8079,0.0005,0.002,9.8066,0,-0.0247,0.0964,5.31,-31.06,9.25,25.05,-83.35,167.36
52.380512,-1.520928,142.25,0,2,295.81,20 / 22,1269328,2019-09-06 18:37:16:010,-1.0922,-0.3022,9.5399,0.0027,0.0069,9.8066,0.0407,0.0085,-0.0839,5.94,-31.25,8.88,31.27,-83.33,167.44
52.380512,-1.520928,142.25,0,2,295.81,21 / 22,1269429,2019-09-06 18:37:16:111,-1.141,-1.0269,9.973,0.0157,0.0103,9.8066,0.0889,-0.057,0.0332,5.75,-30.81,8.94,30.38,-83.35,166.84
52.380512,-1.520928,142.25,0,2,295.81,21 / 22,1269528,2019-09-06 18:37:16:210,-0.6502,-0.3049,9.7577,-0.004,-0.0052,9.8066,-0.0236,-0.0224,0.0642,5.56,-31.19,8.81,30.22,-83.24,166.57
52.380512,-1.520928,142.25,0,2,295.81,21 / 22,1269628,2019-09-06 18:37:16:310,-0.2149,-0.8399,9.5951,-0.0126,-0.0035,9.8066,-0.0511,0.022,-0.058,6.19,-31.12,9.25,31.03,-83.28,167.19
52.380512,-1.520928,142.25,0,2,295.81,21 / 22,1269729,2019-09-06 18:37:16:411,0.4328,-0.4147,9.8369,0.0053,-0.0084,9.8066,0.0047,0.0028,-0.0074,5.13,-31.75,8.75,24.6,-83.22,166.6
52.380512,-1.520928,142.25,0,2,295.81,21 / 22,1269829,2019-09-06 18:37:16:511,-0.4577,-0.9596,9.3995,-0.0067,-0.0098,9.8066,-0.013,-0.0055,0.0761,5.44,-31.25,8.38,29.74,-83.19,166.4
52.380512,-1.520928,142.25,0,2,295.81,21 / 22,1269928,2019-09-06 18:37:16:610,-0.7132,-1.024,9.5384,0.011,0.0075,9.8066,0.029,0.0763,-0.0647,5.31,-31.19,8.5,26.02,-83.1,167.66
52.380512,-1.520928,142.25,0,2,295.81,21 / 22,1270029,2019-09-06 18:37:16:711,-0.0379,-0.6255,9.9477,0.0018,0.0019,9.8066,0.0514,-0.0502,0.0172,5.44,-31.44,8.56,24.64,-83.14,166.79
52.380512,-1.520928,142.25,0,2,295.81,21 / 22,1270128,2019-09-06 18:37:16:810,-0.7539,-0.5107,9.8162,-0.0104,-0.0115,9.8066,-0.0397,0.001,0.0363,5.25,-30.56,8.56,26.02,-83.01,167.54
52.380512,-1.520928,142.25,0,2,295.81,21 / 22,1270228,2019-09-06 18:37:16:910,-0.7891,-0.971,9.3592,-0.0063,-0.008,9.8066,0.0394,-0.0004,0.0534,5.13,-31.69,8.69,26.1,-83.07,167.37
52.380512,-1.520928,142.25,0,2,295.81,21 / 22,1270329,2019-09-06 18:37:17:011,-0.8079,-0.4033,10.4487,-0.0011,0.0101,9.8066,0.0136,-0.0179,-0.0464,6,-31.25,8.31,39.13,-83.22,168.67
52.380512,-1.520928,142.25,0,2,295.81,21 / 22,1270429,2019-09-06 18:37:17:111,-0.1227,-0.1412,10.4105,0.0268,0.0056,9.8065,-0.0381,0.0752,0.0319,5.44,-31.31,8.31,31.42,-83.3,167.68
52.380512,-1.520928,142.25,0,2,295.81,21 / 22,1270528,2019-09-06 18:37:17:210,0.7213,-0.1879,10.4402,-0.0087,-0.0036,9.8066,-0.0265,-0.0485,0.048,5.88,-30.69,8.88,31.4,-83.3,167.48
52.380512,-1.520928,142.25,0,2,295.81,21 / 22,1270628,2019-09-06 18:37:17:310,0.1249,-0.1216,10.4793,-0.0147,-0.0106,9.8066,-0.067,-0.0353,-0.0967,5.19,-30.81,8.44,32.83,-83.22,168.48
52.380512,-1.520928,142.25,0,2,295.81,21 / 22,1270729,2019-09-06 18:37:17:411,-1.6187,-0.364,9.3142,0.0137,-0.0021,9.8066,0.1456,0.0162,0.0709,6,-30.37,9.19,32.06,-83.05,167.89
52.380512,-1.520928,142.25,0,2,295.81,21 / 22,1270829,2019-09-06 18:37:17:511,-1.5169,-1.123,9.4219,-0.0006,0.005,9.8066,0.1663,0.0019,0.0248,5.56,-30.69,8.94,32.63,-82.91,167.72
52.380512,-1.520928,142.25,0,2,295.81,21 / 22,1270928,2019-09-06 18:37:17:610,0.0754,-1.3844,10.5159,-0.0057,-0.0144,9.8065,-0.0286,-0.0564,-0.0075,5.75,-30.62,9,33.98,-82.76,168.41
52.380512,-1.520928,142.25,0,2,295.81,21 / 22,1271028,2019-09-06 18:37:17:710,-0.1251,-0.7398,9.6405,-0.0121,-0.0214,9.8065,0.0049,-0.0727,0.07,5.63,-30.81,8.75,33.99,-82.65,168.23
52.380512,-1.520928,142.25,0,2,295.81,21 / 22,1271129,2019-09-06 18:37:17:811,0.485,-0.748,9.2905,0.0164,0.0157,9.8066,-0.0475,-0.0359,0.0166,5.63,-30.75,8.75,33.66,-82.74,168.14
52.380512,-1.520928,142.25,0,2,295.81,21 / 22,1271228,2019-09-06 18:37:17:910,-0.3796,-0.4503,9.6279,0.0017,-0.0007,9.8066,-0.0943,-0.0312,0.0015,6.19,-30.37,9.38,33.66,-82.66,168.4
52.380512,-1.520928,142.25,0,2,295.81,21 / 22,1271329,2019-09-06 18:37:18:011,0.471,-0.9772,9.9364,0.0077,0.0113,9.8066,0.1093,0.0152,-0.0168,5.81,-30.75,8.75,33.88,-82.7,168.23
52.380512,-1.520928,142.25,0,2,295.81,21 / 22,1271429,2019-09-06 18:37:18:111,-1.0787,-0.4124,10.3094,0.0086,0.0142,9.8066,0.0733,-0.0495,0.0452,6.94,-30.12,8.94,39.22,-82.7,168.87
52.380512,-1.520928,142.25,0,2,295.81,21 / 22,1271529,2019-09-06 18:37:18:211,-0.1145,-0.6745,9.3985,-0.0017,-0.0038,9.8066,-0.03,0.0322,0.0073,5.94,-30,7.56,40.67,-82.71,169.14
52.380512,-1.520928,142.25,0,2,295.81,21 / 22,1271628,2019-09-06 18:37:18:310,-0.4275,0.8222,9.8692,-0.0139,0.0009,9.8066,0.009,0.0002,-0.0238,5.56,-30.31,6.81,48.7,-82.69,169.66
52.380512,-1.520928,142.25,0,2,295.81,21 / 22,1271729,2019-09-06 18:37:18:411,-0.3332,-1.126,10.1908,-0.0039,0.0003,9.8066,0.013,0.0486,-0.0124,4.44,-30.19,7.13,35.44,-82.66,169.43
52.380512,-1.520928,142.25,0,2,295.81,21 / 22,1271828,2019-09-06 18:37:18:510,-0.5163,-1.1575,9.9239,-0.0182,-0.0106,9.8066,0.0719,0.0602,0.0045,4.13,-30.44,7.94,28.99,-82.56,170.04
52.380512,-1.520928,142.25,0,2,295.81,21 / 22,1271929,2019-09-06 18:37:18:611,1.0933,0.1655,10.0385,-0.0131,-0.0204,9.8065,-0.047,0.0857,-0.066,3.81,-30.75,8.94,24.25,-82.36,170.19
52.380512,-1.520928,142.25,0,2,295.81,21 / 22,1272029,2019-09-06 18:37:18:711,0.6275,-0.1904,9.7298,-0.014,-0.0243,9.8066,-0.0424,0.0141,-0.0476,5.44,-30.87,9.56,26.28,-82.2,169.9
52.380512,-1.520928,142.25,0,2,295.81,21 / 22,1272129,2019-09-06 18:37:18:811,0.1726,-0.7884,9.6523,0.0114,-0.0017,9.8066,-0.0254,-0.014,0.0073,4.94,-31.25,9.31,30.16,-82.14,168.9
52.380512,-1.520928,142.25,0,2,295.81,21 / 22,1272229,2019-09-06 18:37:18:911,0.5874,-0.7248,9.4275,0,0.0031,9.8066,-0.0188,0.0503,0.0256,5.5,-31.19,9.5,30.2,-82.21,168.54
52.380512,-1.520928,142.25,0,2,295.81,21 / 22,1272329,2019-09-06 18:37:19:011,0.8547,-1.6284,9.67,0.02,0.0332,9.8065,0.0173,0.0513,-0.0047,5.63,-31.69,8.81,35.89,-82.41,168.67
52.380737,-1.521484,140.83,8.86,3,300.05,21 / 22,1272429,2019-09-06 18:37:19:111,-0.36,-0.387,9.7143,0.0056,0.0346,9.8066,0.0958,-0.0949,0.0932,5.94,-31.19,9,36.93,-82.32,169.65
52.380737,-1.521484,140.83,8.86,3,300.05,21 / 22,1272528,2019-09-06 18:37:19:210,-0.4504,-1.1058,10.0897,0.0115,-0.006,9.8066,0.0615,0.0006,0.0863,5.5,-31.62,9.06,38.64,-82.38,170.48
52.380737,-1.521484,140.83,8.86,3,300.05,21 / 22,1272629,2019-09-06 18:37:19:311,-1.6559,0.0622,10.0178,-0.0212,-0.0024,9.8065,-0.0372,0.0246,-0.052,5.38,-31.19,9.38,34.63,-82.25,171.95
52.380737,-1.521484,140.83,8.86,3,300.05,21 / 22,1272729,2019-09-06 18:37:19:411,-0.6845,-1.8154,10.7015,-0.0167,-0.0141,9.8066,0.0054,-0.1142,0.0783,5.81,-31.31,8.44,46.69,-82.24,171.73
52.380737,-1.521484,140.83,8.86,3,300.05,21 / 22,1272828,2019-09-06 18:37:19:510,-1.4659,0.4617,9.7438,-0.017,-0.0085,9.8066,-0.1021,0.0141,-0.0676,5.63,-31.44,8.44,46.85,-82.28,171.94
52.380737,-1.521484,140.83,8.86,3,300.05,21 / 22,1272929,2019-09-06 18:37:19:611,0.8772,-1.5188,9.5475,-0.0188,-0.0236,9.8066,-0.101,0.022,-0.059,5.69,-31.12,9.38,40.57,-82.11,171.72
52.380737,-1.521484,140.83,8.86,3,300.05,21 / 22,1273029,2019-09-06 18:37:19:711,0.5036,0.1616,9.6324,0.026,0.0237,9.8065,0.0286,0.0077,0.0668,4.75,-31.81,8.88,34.55,-82.24,171.43
52.380737,-1.521484,140.83,8.86,3,300.05,21 / 22,1273128,2019-09-06 18:37:19:810,-0.391,0.9696,9.6958,-0.0043,0.0186,9.8066,-0.0451,-0.0551,0.024,5.44,-31.12,8.75,35.71,-82.14,172.44
52.380737,-1.521484,140.83,8.86,3,300.05,21 / 22,1273229,2019-09-06 18:37:19:911,-0.5029,-0.7201,10.2444,0.0013,0.0059,9.8066,0.0694,0.0071,0.004,5.25,-31.56,8.94,38.05,-82.09,173.39
52.380737,-1.521484,140.83,8.86,3,300.05,21 / 22,1273329,2019-09-06 18:37:20:011,-0.5914,-1.0447,10.2282,0.0124,0.0187,9.8066,0.0849,-0.055,0.0854,5.56,-31.37,9.06,43.63,-82.17,173.98
52.380737,-1.521484,140.83,8.86,3,300.05,21 / 22,1273428,2019-09-06 18:37:20:110,-0.4109,0.0811,9.9718,-0.0054,-0.0112,9.8066,-0.0413,-0.0694,0.0181,5.19,-31.25,8.88,39.48,-82.13,174.91
52.380737,-1.521484,140.83,8.86,3,300.05,21 / 22,1273529,2019-09-06 18:37:20:211,0.809,1.1308,10.1878,-0.0033,0.0044,9.8066,0.0022,-0.1071,0.096,5.38,-31.19,9.5,34.38,-82.11,175.12
52.380737,-1.521484,140.83,8.86,3,300.05,21 / 22,1273629,2019-09-06 18:37:20:311,1.2612,-1.1164,9.7658,-0.0049,0.0175,9.8066,-0.0328,0.0835,-0.0516,4.81,-31.44,9.06,42.06,-82.04,176.43
52.380737,-1.521484,140.83,8.86,3,300.05,21 / 22,1273729,2019-09-06 18:37:20:411,-1.4356,0.6277,10.2896,-0.0108,0.0104,9.8066,0.0534,-0.0802,0.1323,4.56,-31.81,8.94,44.48,-82.04,177.52
52.380737,-1.521484,140.83,8.86,3,300.05,21 / 22,1273829,2019-09-06 18:37:20:511,-0.114,-0.1041,9.5055,-0.0168,-0.005,9.8066,-0.1236,-0.078,-0.0809,5.31,-31.37,8.69,45.04,-82.07,178.53
52.380737,-1.521484,140.83,8.86,3,300.05,21 / 22,1273929,2019-09-06 18:37:20:611,0.6354,-0.3051,10.3644,0.0025,-0.0176,9.8066,-0.0464,-0.1138,0.1283,4.69,-31.62,8.81,46.33,-81.98,178.61
52.380737,-1.521484,140.83,8.86,3,300.05,21 / 22,1274029,2019-09-06 18:37:20:711,-0.2538,-0.6716,9.997,0.0233,0.0106,9.8066,0.1595,-0.024,-0.0693,5.13,-31.12,9,43.9,-82,177.58
52.380737,-1.521484,140.83,8.86,3,300.05,21 / 22,1274128,2019-09-06 18:37:20:810,0.3532,-0.784,9.7868,0.011,0.0019,9.8066,0.045,0.0437,-0.1128,4.44,-31.94,8.75,37.61,-81.83,176.94
52.380737,-1.521484,140.83,8.86,3,300.05,21 / 22,1274229,2019-09-06 18:37:20:911,-0.5148,0.5847,9.7555,0.0066,-0.0095,9.8066,-0.087,-0.0735,0.0055,5.5,-30.87,8.94,46.2,-81.85,175.09
52.380737,-1.521484,140.83,8.86,3,300.05,21 / 22,1274329,2019-09-06 18:37:21:011,1.0525,0.0103,10.0693,0.0048,-0.0164,9.8066,-0.0996,-0.031,-0.0792,5.19,-31.37,7.88,45.86,-81.88,173.99
52.380737,-1.521484,140.83,8.86,3,300.05,21 / 22,1274430,2019-09-06 18:37:21:112,0.1175,-0.0894,10.3195,-0.0031,0.0009,9.8066,0.0478,-0.0642,-0.0211,5.94,-31.25,8.63,42.9,-81.97,173.04
52.380737,-1.521484,140.83,8.86,3,300.05,21 / 22,1274528,2019-09-06 18:37:21:210,0.8193,1.7041,10.4156,-0.0023,-0.0074,9.8065,0.066,-0.036,0.0002,5.69,-31.37,8.06,49.98,-81.9,173.16
52.380737,-1.521484,140.83,8.86,3,300.05,21 / 22,1274628,2019-09-06 18:37:21:310,0.09,0.7639,10.6462,-0.0115,-0.0099,9.8066,-0.1052,-0.1248,0.0406,5.13,-30.75,8.06,44.66,-81.78,172.98
52.380737,-1.521484,140.83,8.86,3,300.05,21 / 22,1274729,2019-09-06 18:37:21:411,0.6868,0.1713,9.4315,0.0142,0.0141,9.8066,0.0004,0.0207,-0.0872,5.25,-31.12,8,45.13,-81.82,173.37
52.380737,-1.521484,140.83,8.86,3,300.05,21 / 22,1274829,2019-09-06 18:37:21:511,0.6079,0.0687,10.1255,0.0054,0.0074,9.8066,0.0621,-0.0032,0.0206,5.06,-31.12,8.44,43.32,-81.94,172.53
52.380737,-1.521484,140.83,8.86,3,300.05,21 / 22,1274928,2019-09-06 18:37:21:610,-1.2545,-0.6,10.2195,0.0302,0.0283,9.8066,0.1394,0.0213,0.0188,5.69,-31.25,8.06,47.68,-82.08,172.04
52.380737,-1.521484,140.83,8.86,3,300.05,21 / 22,1275029,2019-09-06 18:37:21:711,0.3414,-0.3203,9.8434,-0.0074,-0.0172,9.8066,-0.0525,-0.0074,-0.0243,4.88,-31.19,7.56,42.25,-82.02,172.03
52.380737,-1.521484,140.83,8.86,3,300.05,21 / 22,1275129,2019-09-06 18:37:21:811,0.4334,0.64,9.5976,-0.016,-0.0187,9.8065,-0.0478,-0.0801,0.0067,4.81,-31.25,8.5,35.74,-81.82,171.86
52.380737,-1.521484,140.83,8.86,3,300.05,21 / 22,1275229,2019-09-06 18:37:21:911,-0.7061,0.4279,9.5969,0.0195,0.0078,9.8065,0.04,-0.0886,0.0899,5.13,-30.81,7.56,41.47,-81.91,171.27
52.380737,-1.521484,140.83,8.86,3,300.05,21 / 22,1275328,2019-09-06 18:37:22:010,1.372,0.5573,9.9657,-0.0106,-0.0067,9.8066,-0.2827,0.0179,-0.0273,5.31,-31.19,7.69,43.13,-81.76,171.96
52.380737,-1.521484,140.83,8.86,3,300.05,21 / 22,1275429,2019-09-06 18:37:22:111,-0.3783,0.8068,9.6992,0.0115,0.0145,9.8066,0.183,0.0317,-0.0712,5.06,-31.06,7.88,41.32,-81.92,171.19
52.380737,-1.521484,140.83,8.86,3,300.05,21 / 22,1275529,2019-09-06 18:37:22:211,1.5793,0.3087,9.9048,0.0365,0.0092,9.8065,-0.053,-0.0327,0.0421,5.56,-31.62,8.13,46.34,-81.92,170.09
52.380737,-1.521484,140.83,8.86,3,300.05,21 / 22,1275629,2019-09-06 18:37:22:311,-0.3997,-0.2243,9.5084,-0.027,-0.0358,9.8065,-0.2173,-0.0738,-0.0174,5.25,-31.37,7.94,40.8,-81.76,170.49
52.380737,-1.521484,140.83,8.86,3,300.05,21 / 22,1275729,2019-09-06 18:37:22:411,-0.3915,0.2592,10.1811,-0.0212,-0.0134,9.8066,0.1728,0.0107,0.033,5.19,-30.87,7.5,41.14,-81.46,170
52.380737,-1.521484,140.83,8.86,3,300.05,21 / 22,1275829,2019-09-06 18:37:22:511,-0.5039,-0.3888,9.9555,0.0183,0.0137,9.8066,0.0833,-0.0315,0.0016,5.25,-31.06,7.56,40.73,-81.53,169.92
52.380737,-1.521484,140.83,8.86,3,300.05,21 / 22,1275929,2019-09-06 18:37:22:611,-0.407,-0.2918,9.9783,0.0153,0.006,9.8066,-0.0183,-0.0878,0.0262,5.38,-31.06,7.75,40.32,-81.58,169.79
52.380737,-1.521484,140.83,8.86,3,300.05,21 / 22,1276028,2019-09-06 18:37:22:710,-0.1411,-0.661,10.012,-0.0012,-0.0098,9.8066,0.0434,0.0163,0.0133,5.31,-31.25,8.06,40.81,-81.48,169.86
52.380737,-1.521484,140.83,8.86,3,300.05,21 / 22,1276128,2019-09-06 18:37:22:810,-1.1109,0.0153,9.5719,-0.0258,-0.0152,9.8066,-0.004,-0.0533,0.046,5.31,-31.31,7.44,50.83,-81.39,170.08
52.380737,-1.521484,140.83,8.86,3,300.05,21 / 22,1276229,2019-09-06 18:37:22:911,0.5596,0.2908,9.6182,0.0172,0.0065,9.8066,-0.0356,-0.0519,0.0115,5.5,-30.94,8,47.55,-81.39,170.21
52.380737,-1.521484,140.83,8.86,3,300.05,21 / 22,1276329,2019-09-06 18:37:23:011,1.0624,-0.4123,10.0325,0.0047,0.0059,9.8066,-0.1309,0.0018,-0.0653,5.13,-31.87,8.06,41.9,-81.51,169.94
52.380737,-1.521484,140.83,8.86,3,300.05,21 / 22,1276428,2019-09-06 18:37:23:110,-0.303,-0.5756,9.7529,0.0179,-0.0016,9.8066,0.081,-0.052,0.0217,5.56,-31.75,7.63,44.55,-81.72,168.42
52.380737,-1.521484,140.83,8.86,3,300.05,21 / 22,1276529,2019-09-06 18:37:23:211,1.2385,-0.8905,10.1073,-0.0004,-0.0171,9.8065,0.1532,-0.1246,0.0954,5.44,-31,7.19,46.09,-81.68,168.05
52.380737,-1.521484,140.83,8.86,3,300.05,21 / 22,1276628,2019-09-06 18:37:23:310,0.4177,0.7751,9.382,0.0211,0.0087,9.8066,0.0517,0.0265,-0.1049,5.56,-31.31,8,41.18,-81.81,167.04
52.380737,-1.521484,140.83,8.86,3,300.05,21 / 22,1276729,2019-09-06 18:37:23:411,0.3075,-0.263,10.0609,0.017,0.0048,9.8066,0.0072,-0.0252,-0.0064,6.13,-31.06,7.94,40.73,-81.72,166.55
52.380737,-1.521484,140.83,8.86,3,300.05,21 / 22,1276828,2019-09-06 18:37:23:510,0.6584,0.2902,10.4518,0.0035,-0.01,9.8066,0.0617,-0.0462,0.0682,5.75,-30.75,7.81,41.47,-81.66,166.89
52.380737,-1.521484,140.83,8.86,3,300.05,21 / 22,1276928,2019-09-06 18:37:23:610,0.5115,0.3625,10.0784,-0.0235,-0.0055,9.8066,-0.1027,-0.0737,-0.0143,5.19,-31.19,8.06,36.88,-81.44,167.44
52.380737,-1.521484,140.83,8.86,3,300.05,21 / 22,1277030,2019-09-06 18:37:23:712,-0.1638,0.4823,9.5639,0.0197,0.0077,9.8066,0.089,-0.0875,0.0767,6.31,-31,7.81,42.87,-81.5,167.42
52.380737,-1.521484,140.83,8.86,3,300.05,21 / 22,1277129,2019-09-06 18:37:23:811,0.3722,-0.0337,9.582,0.0053,0.0088,9.8066,0.0063,-0.0001,-0.0457,5.56,-31.25,7.56,44.04,-81.44,168.04
52.380737,-1.521484,140.83,8.86,3,300.05,21 / 22,1277229,2019-09-06 18:37:23:911,-0.1103,-0.3876,9.7897,-0.0187,-0.0074,9.8066,-0.1025,-0.0174,0.0296,5.25,-31.5,7.44,48.11,-81.37,168.37
52.380737,-1.521484,140.83,8.86,3,300.05,21 / 22,1277328,2019-09-06 18:37:24:010,0.718,0.5607,9.596,-0.0093,-0.0127,9.8066,-0.045,0.0117,0.0206,5.94,-31.06,7.75,44.22,-81.44,168.15
52.380737,-1.521484,140.83,8.86,3,300.05,21 / 22,1277430,2019-09-06 18:37:24:112,0.5528,0.0801,10.367,0.0145,0.0208,9.8066,0.1367,0.0346,-0.0342,4.88,-31.81,8.13,40.13,-81.4,168.64
52.380737,-1.521484,140.83,8.86,3,300.05,21 / 22,1277529,2019-09-06 18:37:24:211,-0.5324,-0.2091,10.1251,0.0165,0.0183,9.8066,0.1191,-0.0343,0.0475,4.69,-31.19,8.25,39.13,-81.56,169.02
52.380737,-1.521484,140.83,8.86,3,300.05,21 / 22,1277628,2019-09-06 18:37:24:310,-0.7107,0.18,9.8425,-0.0116,-0.0085,9.8066,-0.047,0.0389,-0.0131,5.63,-30.12,8.06,45.91,-81.42,169.86
52.380737,-1.521484,140.83,8.86,3,300.05,21 / 22,1277728,2019-09-06 18:37:24:410,0.529,1.1723,9.8454,-0.0204,-0.0053,9.8065,0.046,0.029,-0.0772,4.94,-29.94,7.63,39.83,-81.45,169.79
52.380737,-1.521484,140.83,8.86,3,300.05,21 / 22,1277828,2019-09-06 18:37:24:510,0.7638,-0.9996,9.265,0.019,0.0017,9.8066,0.0642,-0.1411,0.1059,5.31,-30.94,7.69,40.03,-81.6,169.64
52.380737,-1.521484,140.83,8.86,3,300.05,21 / 22,1277929,2019-09-06 18:37:24:611,-0.5172,0.9461,9.7194,0.0229,0.013,9.8066,0.0047,-0.0308,-0.0185,5.38,-30.12,6.81,47.42,-81.7,169.7
52.380737,-1.521484,140.83,8.86,3,300.05,21 / 22,1278029,2019-09-06 18:37:24:711,-0.2155,1.1209,9.8247,-0.011,-0.0155,9.8066,-0.1018,-0.0012,0.0492,5.25,-30.25,7.06,46.85,-81.88,169.83
52.380737,-1.521484,140.83,8.86,3,300.05,21 / 22,1278129,2019-09-06 18:37:24:811,2.6198,-2.4337,10.4173,-0.0223,-0.0072,9.8066,-0.1069,0.0996,-0.1726,5.31,-29.44,6.63,44.87,-81.83,169.19
52.380737,-1.521484,140.83,8.86,3,300.05,21 / 22,1278228,2019-09-06 18:37:24:910,-0.3014,0.979,9.3645,-0.0024,-0.0157,9.8066,0.0593,-0.1476,0.0778,4.63,-30.31,7.13,44.54,-81.77,168.1
52.380737,-1.521484,140.83,8.86,3,300.05,21 / 22,1278329,2019-09-06 18:37:25:011,1.188,-1.4219,9.8988,-0.0255,-0.0163,9.8065,0.036,-0.1407,0.0705,5.25,-30.31,7.06,46.56,-81.59,168.86
52.380737,-1.521484,140.83,8.86,3,300.05,21 / 22,1278428,2019-09-06 18:37:25:110,0.4329,1.3071,10.3083,0.0004,0.0067,9.8066,0.053,0.107,-0.0913,5.56,-31.44,7.75,43.09,-81.6,167.79
52.380737,-1.521484,140.83,8.86,3,300.05,21 / 22,1278529,2019-09-06 18:37:25:211,1.1609,0.7357,9.7845,-0.0057,-0.0257,9.8065,0.0331,0.0136,0.0032,4.88,-30.56,7.31,45.5,-81.48,167.12
52.380737,-1.521484,140.83,8.86,3,300.05,21 / 22,1278628,2019-09-06 18:37:25:310,0.2918,1.5124,9.7749,0.0098,0.0059,9.8066,0.0218,0.0042,0.0165,5.81,-31.12,8.19,42.6,-81.5,167.26
52.380737,-1.521484,140.83,8.86,3,300.05,21 / 22,1278728,2019-09-06 18:37:25:410,0.988,0.0434,10.491,0.0202,0.0211,9.8066,0.0782,-0.0007,0.0093,5.5,-31.37,7.88,41.95,-81.6,167.07
52.380737,-1.521484,140.83,8.86,3,300.05,21 / 22,1278828,2019-09-06 18:37:25:510,-0.3034,0.4648,9.86,-0.0164,-0.0104,9.8065,-0.0097,-0.0382,0.0645,4.94,-30.87,7.56,37.77,-81.55,168.19
52.380737,-1.521484,140.83,8.86,3,300.05,21 / 22,1278929,2019-09-06 18:37:25:611,1.3928,0.5999,9.8565,-0.0166,0.0003,9.8066,-0.0808,0.002,0.0303,5.44,-30.81,7.19,48.25,-81.52,168.9
52.380737,-1.521484,140.83,8.86,3,300.05,21 / 22,1279028,2019-09-06 18:37:25:710,0.3453,-0.0474,9.3819,0.0068,0.0128,9.8066,0.0928,-0.0311,0.001,5.25,-30.94,7.5,40.96,-81.51,170.02
52.380737,-1.521484,140.83,8.86,3,300.05,21 / 22,1279128,2019-09-06 18:37:25:810,0.6806,0.4127,9.8607,0.0101,0.0128,9.8066,0.108,0.0386,-0.0207,5.25,-32.12,7.81,43.08,-81.52,170.67
52.380737,-1.521484,140.83,8.86,3,300.05,21 / 22,1279229,2019-09-06 18:37:25:911,1.335,0.3046,10.286,0.005,-0.0089,9.8066,-0.0597,-0.1092,0.0361,5.13,-31.31,7.69,40.78,-81.48,169.83
52.380737,-1.521484,140.83,8.86,3,300.05,21 / 22,1279335,2019-09-06 18:37:26:017,0.608,0.6039,9.6793,-0.0058,-0.0185,9.8066,-0.068,-0.0053,-0.1096,5,-31,7.31,50.07,-81.29,169.28
52.380737,-1.521484,140.83,8.86,3,300.05,21 / 22,1279429,2019-09-06 18:37:26:111,1.1024,0.3046,9.5975,0.0106,-0.0032,9.8066,0.1128,-0.0043,0.0335,5.88,-31.19,7.81,44.23,-81.2,167.59
52.380737,-1.521484,140.83,8.86,3,300.05,21 / 22,1279528,2019-09-06 18:37:26:210,-0.4553,0.0337,9.3308,0.0204,0.0143,9.8066,-0.1245,-0.0608,-0.0114,5.25,-31.94,7.31,49.14,-81.18,167.52
52.380737,-1.521484,140.83,8.86,3,300.05,21 / 22,1279629,2019-09-06 18:37:26:311,-0.4587,1.5069,9.9406,-0.0089,-0.0111,9.8066,0.0447,-0.0029,0.0133,4.81,-31.37,7.31,48.05,-81.38,168.36
52.380737,-1.521484,140.83,8.86,3,300.05,21 / 22,1279729,2019-09-06 18:37:26:411,1.3054,0.0127,9.4594,0.0225,0.0046,9.8066,-0.1489,-0.0659,0.0625,5.44,-31.25,7.56,34.97,-81.66,166.78
52.380737,-1.521484,140.83,8.86,3,300.05,21 / 22,1279828,2019-09-06 18:37:26:510,0.4388,0.8069,9.9112,-0.0245,-0.0039,9.8066,-0.1084,-0.0803,0.0108,4.94,-31,7.5,35.44,-81.81,167.35
52.380737,-1.521484,140.83,8.86,3,300.05,21 / 22,1279929,2019-09-06 18:37:26:611,1.0353,0.9302,9.5151,-0.0284,-0.0099,9.8065,-0.0873,-0.0449,-0.0024,5.19,-30.37,7.44,45.7,-81.63,168.43
52.380737,-1.521484,140.83,8.86,3,300.05,21 / 22,1280029,2019-09-06 18:37:26:711,1.096,0.514,9.8292,0.0372,0.03,9.8064,0.1556,-0.0039,0.0075,5.56,-30.37,7.88,42.76,-81.72,168.45
52.380737,-1.521484,140.83,8.86,3,300.05,21 / 22,1280128,2019-09-06 18:37:26:810,0.9175,0.3511,10.4431,0.0253,0.0338,9.8065,0.0017,-0.02,-0.0066,6.25,-30.12,7.75,44.06,-81.66,169.19
52.380737,-1.521484,140.83,8.86,3,300.05,21 / 22,1280229,2019-09-06 18:37:26:911,0.1687,-0.0168,9.9161,-0.0409,-0.0118,9.8065,-0.1382,0.0073,-0.0074,5.94,-30.25,6.94,53.65,-81.55,169.94
52.380737,-1.521484,140.83,8.86,3,300.05,21 / 22,1280328,2019-09-06 18:37:27:010,0.4308,0.922,9.8554,-0.0198,-0.0101,9.8066,-0.0184,-0.0374,0.0023,5.13,-30.94,6.13,60.01,-81.66,169.76
52.380737,-1.521484,140.83,8.86,3,300.05,21 / 22,1280429,2019-09-06 18:37:27:111,0.3829,-0.0417,9.7509,-0.0041,0.0008,9.8066,0.0027,-0.0626,0.0454,5,-30.94,6.81,48.12,-81.74,169.49
52.380737,-1.521484,140.83,8.86,3,300.05,21 / 22,1280528,2019-09-06 18:37:27:210,-0.2956,0.7608,10.1379,0.0043,0.0003,9.8066,0.0065,-0.05,0.0506,4.94,-31.31,7.13,48.62,-81.71,169.7
52.380737,-1.521484,140.83,8.86,3,300.05,21 / 22,1280629,2019-09-06 18:37:27:311,0.0059,0.3569,9.9955,-0.0041,-0.0057,9.8066,0.0433,0.0522,0.0114,4.88,-31.12,7.19,47.9,-81.68,169.17
52.380737,-1.521484,140.83,8.86,3,300.05,21 / 22,1280729,2019-09-06 18:37:27:411,0.5693,0.245,10.3282,-0.0049,0.003,9.8066,-0.0893,0.0179,-0.0293,5.44,-30.69,7.38,47.75,-81.66,169
52.380737,-1.521484,140.83,8.86,3,300.05,21 / 22,1280829,2019-09-06 18:37:27:511,0.8065,0.9516,9.5005,-0.0188,-0.0151,9.8065,-0.0496,-0.0454,-0.0136,4.56,-31.31,6.5,48.14,-81.54,168.88
52.380737,-1.521484,140.83,8.86,3,300.05,21 / 22,1280928,2019-09-06 18:37:27:610,1.2416,-0.3168,9.9959,-0.0171,-0.0143,9.8066,-0.092,-0.0191,0.0142,5.06,-30.75,6.94,48.55,-81.51,169.04
52.380737,-1.521484,140.83,8.86,3,300.05,21 / 22,1281028,2019-09-06 18:37:27:710,0.6227,0.0149,9.2195,0.0096,0.0036,9.8066,0.0163,-0.0077,-0.0539,5.06,-30.75,7.06,48,-81.53,168.75
52.380737,-1.521484,140.83,8.86,3,300.05,21 / 22,1281129,2019-09-06 18:37:27:811,0.5048,0.5382,9.526,0.0079,0.0096,9.8065,0.009,-0.0186,0.01,4.69,-30.81,6.63,47.58,-81.6,168.72
52.380737,-1.521484,140.83,8.86,3,300.05,21 / 22,1281229,2019-09-06 18:37:27:911,0.2739,0.0655,9.993,0.0097,0.0099,9.8065,0.0351,-0.0256,0.0058,4.94,-31.44,6.94,47.5,-81.67,168.9
52.380737,-1.521484,140.83,8.86,3,300.05,21 / 22,1281329,2019-09-06 18:37:28:011,0.7772,0.924,9.449,0.0145,0.0041,9.8066,0.016,-0.0431,0.0574,5.06,-30.62,6.75,47.67,-81.67,168.98
52.381184,-1.522753,140.46,10.7,2,303.89,21 / 22,1281429,2019-09-06 18:37:28:111,0.7496,1.0789,9.5985,-0.0021,0.0131,9.8066,0.1097,0.0301,-0.0209,4.31,-31.44,7.19,41.86,-81.7,169.97
52.381184,-1.522753,140.46,10.7,2,303.89,21 / 22,1281528,2019-09-06 18:37:28:210,0.3357,0.203,9.8543,0.0081,0.0049,9.8066,0.0957,-0.054,0.0458,4.88,-31.44,6.25,60.33,-81.67,170
52.381184,-1.522753,140.46,10.7,2,303.89,21 / 22,1281628,2019-09-06 18:37:28:310,1.3756,0.1736,10.2527,0.0066,0.0089,9.8066,0.0304,-0.1268,0.0289,5.25,-31.06,6.88,50.96,-81.6,170.8
52.381184,-1.522753,140.46,10.7,2,303.89,21 / 22,1281728,2019-09-06 18:37:28:410,1.0144,0.0156,9.8962,-0.0037,-0.0008,9.8066,-0.0403,0.0107,-0.0381,4.94,-31.69,6.94,54.1,-81.49,171.58
52.381184,-1.522753,140.46,10.7,2,303.89,21 / 22,1281828,2019-09-06 18:37:28:510,1.3199,0.0111,9.1608,0.0111,0.0154,9.8066,-0.0507,0.0701,-0.0075,4.13,-31.94,7.44,48.33,-81.55,172.29
52.381184,-1.522753,140.46,10.7,2,303.89,21 / 22,1281929,2019-09-06 18:37:28:611,-0.5673,1.6743,9.324,0.0104,0.0129,9.8066,-0.0122,-0.1096,0.0994,4.63,-31.06,6.94,52.9,-81.67,172.29
52.381184,-1.522753,140.46,10.7,2,303.89,21 / 22,1282028,2019-09-06 18:37:28:710,0.2733,0.7678,9.9831,0.0123,-0.0082,9.8066,0.0015,-0.0714,0.0311,5.44,-31.31,6.13,63.46,-81.78,172.64
52.381184,-1.522753,140.46,10.7,2,303.89,21 / 22,1282129,2019-09-06 18:37:28:811,1.1949,0.2848,10.3321,0.0219,0.0153,9.8066,0.0784,0.0277,-0.0204,4.5,-31.44,6.69,51.4,-82.01,172.4
52.381184,-1.522753,140.46,10.7,2,303.89,21 / 22,1282229,2019-09-06 18:37:28:911,0.76,0.3213,9.6188,0.0061,-0.0043,9.8066,-0.0042,-0.0025,-0.0394,4.88,-31.69,6.13,62.83,-82.09,172.44
52.381184,-1.522753,140.46,10.7,2,303.89,21 / 22,1282329,2019-09-06 18:37:29:011,-0.0891,0.0941,9.7488,0.0135,0.0036,9.8066,-0.0004,0.1028,-0.1045,4.75,-31.31,6.19,60.41,-82.11,171.86
52.381184,-1.522753,140.46,10.7,2,303.89,21 / 22,1282428,2019-09-06 18:37:29:110,0.2152,0.3286,10.2052,-0.0071,-0.0219,9.8065,-0.0381,-0.0418,0.0461,4.63,-31.31,6.56,47.37,-82.02,169.83
52.381184,-1.522753,140.46,10.7,2,303.89,21 / 22,1282529,2019-09-06 18:37:29:211,0.962,-0.6356,10.2025,-0.0343,-0.0119,9.8065,0.0241,-0.1086,0.0065,5.19,-31,5.81,59.21,-81.86,170.04
52.381184,-1.522753,140.46,10.7,2,303.89,21 / 22,1282628,2019-09-06 18:37:29:310,-0.1022,0.4772,10.0562,0.0146,0.0081,9.8066,0.1328,-0.0178,-0.0763,5.13,-31.37,6.88,46.11,-81.89,168.68
52.381184,-1.522753,140.46,10.7,2,303.89,21 / 22,1282730,2019-09-06 18:37:29:412,0.3605,0.0898,9.8922,0.0327,-0.006,9.8066,-0.045,-0.0369,-0.0073,5,-31.44,6,56.43,-81.78,167.92
52.381184,-1.522753,140.46,10.7,2,303.89,21 / 22,1282829,2019-09-06 18:37:29:511,0.4501,0.2252,9.9733,-0.0011,-0.0018,9.8066,0.0332,-0.0347,0.0127,4.94,-31.25,6.44,55.63,-81.8,167.49
52.381184,-1.522753,140.46,10.7,2,303.89,21 / 22,1282928,2019-09-06 18:37:29:610,-0.0418,-0.6537,9.6853,0.0138,0.003,9.8066,0.0769,-0.0736,0.0321,5.31,-30.87,6.31,54.73,-81.88,167.21
52.381184,-1.522753,140.46,10.7,2,303.89,21 / 22,1283029,2019-09-06 18:37:29:711,1.0487,0.349,9.3218,-0.0229,-0.0183,9.8066,-0.0654,0.0174,0.0065,4.63,-30.69,6.56,46.23,-81.72,168.27
52.381184,-1.522753,140.46,10.7,2,303.89,21 / 22,1283129,2019-09-06 18:37:29:811,0.4936,-0.0824,9.3765,-0.0309,-0.0079,9.8065,-0.0084,0.0229,0.0724,4.81,-31.06,6.56,46.98,-81.69,168.61
52.381184,-1.522753,140.46,10.7,2,303.89,21 / 22,1283228,2019-09-06 18:37:29:910,0.8528,0.7054,9.9382,0.006,0.0141,9.8066,-0.0944,-0.0204,-0.0619,4.56,-31.44,6.56,47.63,-81.78,169.29
52.381184,-1.522753,140.46,10.7,2,303.89,21 / 22,1283329,2019-09-06 18:37:30:011,0.6201,0.8887,9.9845,0.0166,0.0015,9.8066,-0.0543,-0.0291,-0.0091,4.88,-31.87,5.81,58.46,-81.99,169.07
52.381184,-1.522753,140.46,10.7,2,303.89,21 / 22,1283428,2019-09-06 18:37:30:110,-0.1765,0.2915,10.2822,0.0146,0.0062,9.8066,0.1435,-0.0012,0.045,4.63,-31.87,6.81,47.09,-82.05,169.01
52.381184,-1.522753,140.46,10.7,2,303.89,21 / 22,1283529,2019-09-06 18:37:30:211,0.3051,0.3032,9.8352,0.0268,0.012,9.8066,-0.1365,-0.0656,-0.0462,4.94,-31.75,6,58.1,-82.04,169.04
52.381184,-1.522753,140.46,10.7,2,303.89,21 / 22,1283628,2019-09-06 18:37:30:310,0.3136,-0.4584,10.0157,-0.0204,-0.0282,9.8065,-0.093,-0.0389,-0.0191,4.5,-32,6.56,47.33,-81.87,168.61
52.381184,-1.522753,140.46,10.7,2,303.89,21 / 22,1283728,2019-09-06 18:37:30:410,0.8531,0.3829,9.4428,-0.0401,-0.0168,9.8065,-0.0057,-0.0097,-0.0335,4.88,-31.37,6,56.39,-81.89,168.33
52.381184,-1.522753,140.46,10.7,2,303.89,21 / 22,1283829,2019-09-06 18:37:30:511,1.2588,0.0721,9.2383,0.0349,0.009,9.8065,-0.0591,0.0189,-0.018,4.63,-31.31,6,54.63,-81.95,167.4
52.381184,-1.522753,140.46,10.7,2,303.89,21 / 22,1283928,2019-09-06 18:37:30:610,1.2495,-0.0414,9.4324,0.0183,0.0136,9.8065,-0.0266,-0.0077,0.0023,4.5,-31.44,6.13,52.63,-82.16,166.93
52.381184,-1.522753,140.46,10.7,2,303.89,21 / 22,1284029,2019-09-06 18:37:30:711,0.8448,-0.0217,9.948,-0.0003,-0.0032,9.8066,0.0837,-0.0093,-0.0087,5.25,-31.87,6.56,43.13,-82.13,166.85
52.381184,-1.522753,140.46,10.7,2,303.89,21 / 22,1284129,2019-09-06 18:37:30:811,1.3792,0.0774,10.1809,0.01,0,9.8066,0.0657,0.0078,-0.0308,4.63,-31.31,6.06,52.24,-82.17,166.69
52.381184,-1.522753,140.46,10.7,2,303.89,21 / 22,1284228,2019-09-06 18:37:30:910,0.6031,0.0711,10.0139,-0.02,-0.0163,9.8066,-0.0583,-0.0282,0.0794,4.88,-31.69,6.38,52.76,-82.11,165.9
52.381184,-1.522753,140.46,10.7,2,303.89,21 / 22,1284329,2019-09-06 18:37:31:011,1.0345,0.1616,9.9546,-0.0256,-0.0154,9.8065,-0.0537,-0.0074,-0.0217,4.25,-30.94,6,45.24,-82.07,166.23
52.381184,-1.522753,140.46,10.7,2,303.89,21 / 22,1284428,2019-09-06 18:37:31:110,0.9915,0.192,9.4421,0.024,0.0079,9.8065,0.0899,0.0076,0.0005,5.5,-31,6.5,47.22,-81.97,166.07
52.381184,-1.522753,140.46,10.7,2,303.89,21 / 22,1284528,2019-09-06 18:37:31:210,0.8089,-0.303,9.7466,0.0147,0.0046,9.8066,0.0312,0.0299,0.0302,5.06,-31.12,6.25,50.92,-82.06,165.49
52.381184,-1.522753,140.46,10.7,2,303.89,21 / 22,1284629,2019-09-06 18:37:31:311,0.8577,0.2426,9.9764,-0.0136,0.0092,9.8066,0.03,0.0275,0.0112,5.06,-30.62,6.38,52.66,-82.09,166.7
52.381184,-1.522753,140.46,10.7,2,303.89,21 / 22,1284729,2019-09-06 18:37:31:411,0.6076,-0.2448,9.8029,-0.0018,0.0085,9.8066,0.0249,0.0313,-0.0049,4.38,-31.25,6.5,34.35,-82.19,167.17
52.381184,-1.522753,140.46,10.7,2,303.89,21 / 22,1284828,2019-09-06 18:37:31:510,0.584,0.0676,9.3186,-0.0152,0.0065,9.8066,-0.1271,0.0054,0.0704,5.13,-31.06,7.25,44.14,-82.31,168.63
52.381184,-1.522753,140.46,10.7,2,303.89,21 / 22,1284929,2019-09-06 18:37:31:611,1.7085,-0.3592,10.0243,-0.0262,0.005,9.8066,-0.0253,0.0668,-0.0149,4.56,-31,7.13,46.07,-82.38,170.05
52.381184,-1.522753,140.46,10.7,2,303.89,21 / 22,1285028,2019-09-06 18:37:31:710,1.1842,0.8704,9.4207,-0.0032,0.0223,9.8066,0.0015,0.0092,0.0338,4.81,-30.06,6.69,46.73,-82.38,171.18
52.381184,-1.522753,140.46,10.7,2,303.89,21 / 22,1285128,2019-09-06 18:37:31:810,1.0766,0.0063,10.021,-0.0012,0.014,9.8066,0.0634,0.0682,0.0036,5,-30,6,58.64,-82.47,172.98
52.381184,-1.522753,140.46,10.7,2,303.89,21 / 22,1285228,2019-09-06 18:37:31:910,1.154,0.4359,9.6217,-0.0301,-0.0021,9.8066,-0.0859,0.024,0.0723,4.63,-29.75,5.88,61.18,-82.34,174.3
52.381184,-1.522753,140.46,10.7,2,303.89,21 / 22,1285329,2019-09-06 18:37:32:011,1.1339,0.0544,9.8021,-0.0172,0.0058,9.8065,-0.0024,0.0093,-0.0075,3.69,-30.25,5.13,69.4,-82.45,175.07
52.381184,-1.522753,140.46,10.7,2,303.89,21 / 22,1285428,2019-09-06 18:37:32:110,1.4442,1.1584,9.7123,0.0006,0.0102,9.8066,-0.0573,0.0094,0.0213,2.44,-31.19,6.13,36.47,-82.59,175.66
52.381184,-1.522753,140.46,10.7,2,303.89,21 / 22,1285529,2019-09-06 18:37:32:211,1.1265,0.535,9.453,0,0.0034,9.8066,-0.0036,0.0309,0.0163,3,-31.19,7,37.73,-82.71,175.83
52.381184,-1.522753,140.46,10.7,2,303.89,21 / 22,1285628,2019-09-06 18:37:32:310,0.9853,0.3027,9.7239,-0.0053,0.0025,9.8066,-0.0013,-0.0124,0.0186,3.44,-31.31,7.19,38.25,-82.75,176.23
52.381184,-1.522753,140.46,10.7,2,303.89,21 / 22,1285728,2019-09-06 18:37:32:410,1.2147,0.1821,9.845,0.0051,0.0022,9.8066,-0.0067,0.0001,0.0059,4.13,-31.56,7.56,39.69,-82.84,176.3
52.381184,-1.522753,140.46,10.7,2,303.89,21 / 22,1285828,2019-09-06 18:37:32:510,0.2589,0.3284,10.4285,-0.0268,-0.0047,9.8066,0.0088,0.0113,0.0111,4,-31.44,7.38,48.74,-82.83,177.54
52.381184,-1.522753,140.46,10.7,2,303.89,21 / 22,1285929,2019-09-06 18:37:32:611,0.1828,-0.0664,9.6492,-0.0089,-0.0044,9.8066,0.0605,0.0167,0.0243,3.69,-31.81,7.25,49.93,-82.94,177.95
52.381184,-1.522753,140.46,10.7,2,303.89,21 / 22,1286029,2019-09-06 18:37:32:711,1.474,0.9473,10.4551,-0.0071,0.0214,9.8065,-0.0269,0.0067,0.0182,3.81,-31.12,7,51.1,-83.05,179.84
52.381184,-1.522753,140.46,10.7,2,303.89,21 / 22,1286129,2019-09-06 18:37:32:811,0.8628,0.9172,10.1689,0.0218,0.0319,9.8065,0.0371,-0.0174,0.0317,3.38,-31.62,7.13,44.78,-83.19,-179.26
52.381184,-1.522753,140.46,10.7,2,303.89,21 / 22,1286228,2019-09-06 18:37:32:910,1.2094,0.7703,10.2688,-0.0122,0.0023,9.8066,0.0364,0.0146,0.0317,3.69,-31.81,7.25,54.59,-83.15,-178.16
52.381184,-1.522753,140.46,10.7,2,303.89,21 / 22,1286328,2019-09-06 18:37:33:010,1.1508,0.5505,10.0378,-0.0126,0.0046,9.8066,0.0343,0.0283,-0.003,3.81,-31.81,6.94,57.42,-83.09,-176.39
52.381184,-1.522753,140.46,10.7,2,303.89,21 / 22,1286429,2019-09-06 18:37:33:111,1.2343,0.5068,9.6072,-0.0188,0.0093,9.8065,-0.0577,0.0201,0.0096,3.38,-31.31,7.31,51.7,-83,-174.73
52.381184,-1.522753,140.46,10.7,2,303.89,21 / 22,1286528,2019-09-06 18:37:33:210,1.1622,1.7671,9.3495,-0.0122,0.0071,9.8066,-0.0519,-0.0656,0.1098,3.81,-32.06,7,61.93,-83,-173.4
52.381184,-1.522753,140.46,10.7,2,303.89,21 / 22,1286629,2019-09-06 18:37:33:311,2.2177,0.6254,9.886,0.0107,0.0237,9.8066,0.067,-0.0783,0.0598,2.94,-31.69,7.13,57.72,-83.04,-171.32
52.381184,-1.522753,140.46,10.7,2,303.89,21 / 22,1286729,2019-09-06 18:37:33:411,2.2055,0.1967,10.2332,-0.0084,0.0147,9.8066,-0.0676,-0.0119,0.0471,3.38,-31.69,7,60.93,-83.15,-168.56
52.381184,-1.522753,140.46,10.7,2,303.89,21 / 22,1286829,2019-09-06 18:37:33:511,0.9622,1.7053,9.8635,0.0029,0.0064,9.8066,-0.0291,-0.0481,0.009,2.94,-31.69,6.44,72.01,-83.31,-166.81
52.381184,-1.522753,140.46,10.7,2,303.89,21 / 22,1286929,2019-09-06 18:37:33:611,1.8266,0.9261,9.5603,-0.0132,0.0112,9.8065,-0.0695,0.0485,-0.0099,3.06,-31.44,6.81,62.77,-83.29,-165.77
52.381184,-1.522753,140.46,10.7,2,303.89,21 / 22,1287028,2019-09-06 18:37:33:710,1.3697,1.9161,10.1221,0.0024,0.0287,9.8066,0.109,-0.0494,0.0737,2.94,-32.12,6.88,64.6,-83.29,-165.24
52.381184,-1.522753,140.46,10.7,2,303.89,21 / 22,1287128,2019-09-06 18:37:33:810,2.5768,1.1017,10.1218,0.02,0.0148,9.8066,0.0589,0.0095,-0.0422,2.81,-31.44,6.69,65.62,-83.35,-163.29
52.381184,-1.522753,140.46,10.7,2,303.89,21 / 22,1287228,2019-09-06 18:37:33:910,1.2618,1.6051,10.2473,-0.0278,-0.0019,9.8066,0.0214,0.0101,-0.0184,2.88,-31.06,6.88,67.17,-83.22,-162.64
52.381184,-1.522753,140.46,10.7,2,303.89,21 / 22,1287329,2019-09-06 18:37:34:011,1.7862,0.5271,9.7306,-0.0006,-0.0091,9.8066,0.0136,-0.0516,0.0465,3.31,-32,6.5,68.42,-83.24,-162.48
52.381184,-1.522753,140.46,10.7,2,303.89,21 / 22,1287429,2019-09-06 18:37:34:111,1.4757,2.1544,9.7952,-0.0077,0.0009,9.8066,-0.0478,-0.0318,0.0031,2.94,-31.62,6.56,68.99,-83.29,-161.79
52.381184,-1.522753,140.46,10.7,2,303.89,21 / 22,1287529,2019-09-06 18:37:34:211,1.4614,0.8682,9.7807,0.0046,0.0056,9.8066,0.0317,-0.0107,-0.0277,3.06,-32,6.75,68.7,-83.4,-161.54
52.381184,-1.522753,140.46,10.7,2,303.89,21 / 22,1287628,2019-09-06 18:37:34:310,1.5553,1.1056,10.278,0.015,0.0089,9.8066,0.0505,0.0041,0.0384,3.06,-31.87,6.19,77.93,-83.42,-161.25
52.381184,-1.522753,140.46,10.7,2,303.89,21 / 22,1287729,2019-09-06 18:37:34:411,1.4715,1.7211,10.2389,0.0136,0.009,9.8066,-0.0866,0.0115,-0.025,2.06,-31.81,5.63,69.56,-83.64,-160.88
52.381184,-1.522753,140.46,10.7,2,303.89,21 / 22,1287829,2019-09-06 18:37:34:511,1.9259,0.8493,9.9737,0.0034,-0.0033,9.8066,-0.001,-0.0002,0.0012,2.25,-31.37,5.25,79.43,-83.72,-160.98
52.381184,-1.522753,140.46,10.7,2,303.89,21 / 22,1287928,2019-09-06 18:37:34:610,1.8915,0.8145,9.3962,-0.0012,-0.0042,9.8066,-0.0494,0.002,0.0017,2.63,-31.56,6.13,75.92,-83.75,-161.17
52.381184,-1.522753,140.46,10.7,2,303.89,21 / 22,1288029,2019-09-06 18:37:34:711,1.1926,1.2522,9.5677,0.0139,0.006,9.8066,0.0126,-0.0109,-0.0216,1.38,-32.31,5.81,55.88,-83.89,-161.46
52.381184,-1.522753,140.46,10.7,2,303.89,21 / 22,1288129,2019-09-06 18:37:34:811,1.9041,1.3448,10.141,0.0059,0.0002,9.8066,0.0277,-0.0173,-0.0063,2.19,-32.25,6.19,66.08,-83.91,-162.03
52.381184,-1.522753,140.46,10.7,2,303.89,21 / 22,1288228,2019-09-06 18:37:34:910,1.6105,1.1337,9.7658,-0.0022,-0.0092,9.8066,0.0022,-0.0231,-0.0032,2.38,-31.44,6.44,63.92,-83.94,-162.46
52.381184,-1.522753,140.46,10.7,2,303.89,21 / 22,1288330,2019-09-06 18:37:35:012,1.5372,1.4042,10.0268,-0.0045,-0.0036,9.8066,-0.0028,-0.0293,0.0024,2.19,-31.75,7.13,56.04,-83.88,-163.02
52.381184,-1.522753,140.46,10.7,2,303.89,21 / 22,1288428,2019-09-06 18:37:35:110,1.4794,1.5802,10.1862,0.0045,-0.0068,9.8066,0.0727,-0.0075,-0.0062,2.06,-32,6.88,55.15,-83.86,-163.74
52.381184,-1.522753,140.46,10.7,2,303.89,21 / 22,1288529,2019-09-06 18:37:35:211,0.933,1.2201,9.804,-0.0067,-0.0101,9.8066,0.0366,-0.0101,-0.0217,2.31,-31.87,7.13,54.96,-83.68,-164.57
52.381184,-1.522753,140.46,10.7,2,303.89,21 / 22,1288628,2019-09-06 18:37:35:310,1.2233,1.1993,9.627,-0.0064,-0.0174,9.8066,0.0759,-0.0049,-0.0003,3,-31.44,7.19,61.21,-83.49,-166.11
52.381184,-1.522753,140.46,10.7,2,303.89,21 / 22,1288729,2019-09-06 18:37:35:411,1.1904,0.8664,9.8358,-0.0026,-0.013,9.8065,0.0443,-0.0086,-0.0239,3.38,-31.12,6.88,60.29,-83.4,-167.19
52.381184,-1.522753,140.46,10.7,2,303.89,21 / 22,1288828,2019-09-06 18:37:35:510,1.3318,0.9767,9.7055,0.0089,-0.0147,9.8066,0.0197,-0.0306,-0.0471,2.56,-32.25,6.75,59.97,-83.33,-168.52
52.381184,-1.522753,140.46,10.7,2,303.89,21 / 22,1288928,2019-09-06 18:37:35:610,1.2383,0.5424,9.4606,0.0073,-0.0113,9.8066,0.0463,0.0029,-0.0185,2.81,-32.19,7.31,56.54,-83.33,-170.97
52.381184,-1.522753,140.46,10.7,2,303.89,21 / 22,1289028,2019-09-06 18:37:35:710,1.1069,0.6229,9.751,-0.0008,-0.0045,9.8066,-0.0369,0.0102,0.0013,3.06,-31.81,6.94,55.22,-83.3,-172.01
52.381184,-1.522753,140.46,10.7,2,303.89,21 / 22,1289128,2019-09-06 18:37:35:810,1.7233,0.9389,9.9292,0.0071,0.0105,9.8066,0.0127,-0.0258,0.0458,3.56,-31.75,6.5,61.76,-83.46,-171.75
52.381184,-1.522753,140.46,10.7,2,303.89,21 / 22,1289229,2019-09-06 18:37:35:911,1.2144,1.4562,10.0657,0.0015,0.0132,9.8066,-0.0377,-0.0182,-0.0003,3.31,-32.19,6.69,56.56,-83.6,-169.9
52.381184,-1.522753,140.46,10.7,2,303.89,21 / 22,1289328,2019-09-06 18:37:36:010,1.3927,1.0489,9.7945,0.0113,0.0064,9.8066,-0.0055,-0.0132,0.0196,3.31,-32.75,6.44,66.87,-83.77,-169.39
52.381184,-1.522753,140.46,10.7,2,303.89,21 / 22,1289429,2019-09-06 18:37:36:111,1.5418,1.2899,9.865,0.0075,0.0001,9.8066,-0.0273,-0.0142,-0.0088,3.13,-32.75,6.69,56.54,-83.92,-169.42
52.381184,-1.522753,140.46,10.7,2,303.89,21 / 22,1289528,2019-09-06 18:37:36:210,1.4366,1.1623,9.8305,0.0121,-0.0024,9.8066,0.0164,-0.0093,-0.0105,2.56,-32.69,6.31,62.89,-84.12,-170.59
52.381184,-1.522753,140.46,10.7,2,303.89,21 / 22,1289629,2019-09-06 18:37:36:311,1.2667,0.8023,9.975,0.0053,-0.0014,9.8066,-0.0156,-0.0056,-0.0094,2.69,-32.75,6.56,52.55,-84.18,-171.29
52.381184,-1.522753,140.46,10.7,2,303.89,21 / 22,1289729,2019-09-06 18:37:36:411,0.8779,0.4283,9.6757,0.0094,0.005,9.8066,0.011,-0.0161,-0.0022,2.81,-33.56,6.69,52.62,-84.27,-171.54
52.381184,-1.522753,140.46,10.7,2,303.89,21 / 22,1289828,2019-09-06 18:37:36:510,1.0583,1.0565,9.7847,0.0007,-0.0012,9.8066,-0.0272,-0.0248,0.002,3.13,-32.44,6.25,58.56,-84.39,-171.67
52.381184,-1.522753,140.46,10.7,2,303.89,21 / 22,1289929,2019-09-06 18:37:36:611,1.2368,0.9027,9.7088,0.0089,0.0054,9.8066,0.0407,-0.014,0.0023,3.25,-31.56,6.38,57.73,-84.5,-171.77
52.381184,-1.522753,140.46,10.7,2,303.89,21 / 22,1290029,2019-09-06 18:37:36:711,0.8636,0.6633,9.8594,0.0081,0.0055,9.8066,0.0555,-0.0111,0.0075,3.13,-32.5,6.31,57.19,-84.54,-171.98
52.381184,-1.522753,140.46,10.7,2,303.89,21 / 22,1290128,2019-09-06 18:37:36:810,1.1441,0.8508,9.8524,-0.0017,-0.0045,9.8066,-0.0289,-0.0308,-0.0048,3.63,-32,6.69,55.92,-84.57,-172.13
52.381184,-1.522753,140.46,10.7,2,303.89,21 / 22,1290228,2019-09-06 18:37:36:910,0.7946,0.883,9.8056,-0.002,-0.0053,9.8066,-0.0087,-0.0307,-0.0013,3.63,-31.81,6.5,55.43,-84.61,-172.36
52.381184,-1.522753,140.46,10.7,2,303.89,21 / 22,1290328,2019-09-06 18:37:37:010,0.643,0.6492,9.7855,0.0046,0.0027,9.8066,0.0013,-0.0116,0.0023,3.06,-32.5,6.56,47.77,-84.66,-172.43
52.381516,-1.523614,141.3,1.42,3,304.45,21 / 22,1290428,2019-09-06 18:37:37:110,0.9803,0.4859,9.8469,0.0037,-0.0003,9.8066,0.001,-0.01,0.0095,2.94,-32.62,6.31,56.34,-84.69,-172.66
52.381516,-1.523614,141.3,1.42,3,304.45,21 / 22,1290529,2019-09-06 18:37:37:211,0.8997,0.6331,9.8263,0.0073,0.003,9.8066,0.0037,-0.0165,0.0095,3.25,-32.5,7,46.27,-84.74,-173.24
52.381516,-1.523614,141.3,1.42,3,304.45,21 / 22,1290629,2019-09-06 18:37:37:311,0.7834,0.4722,9.7506,0.0025,0.0015,9.8066,0.018,-0.0136,-0.0041,2.94,-32.19,6.5,45.38,-84.81,-173.67
52.381516,-1.523614,141.3,1.42,3,304.45,21 / 22,1290729,2019-09-06 18:37:37:411,0.6701,0.4261,9.8276,0.0062,0.0045,9.8066,-0.0032,-0.0152,-0.0087,2.69,-32.87,6.44,53.62,-84.88,-173.81
52.381516,-1.523614,141.3,1.42,3,304.45,21 / 22,1290829,2019-09-06 18:37:37:511,0.2992,-0.0581,9.9561,-0.0003,-0.0018,9.8066,0.0105,-0.0141,0.0001,2.5,-32.56,6.44,52.79,-84.95,-174.13
52.381516,-1.523614,141.3,1.42,3,304.45,21 / 22,1290928,2019-09-06 18:37:37:610,0.2124,0.0125,9.8606,0.0007,0.0017,9.8066,0.0168,0.0008,0.0016,2.56,-31.94,7,44.12,-84.96,-174.11
52.381516,-1.523614,141.3,1.42,3,304.45,21 / 22,1291028,2019-09-06 18:37:37:710,-0.0979,-0.2856,9.7308,-0.0003,0.0011,9.8066,0.0175,0.0097,0.0217,3.25,-32.06,6.69,44.04,-84.99,-174.07
52.381516,-1.523614,141.3,1.42,3,304.45,21 / 22,1291129,2019-09-06 18:37:37:811,-0.1212,-0.0806,9.7029,0.0015,0.0014,9.8066,0.019,-0.0141,0.0004,3,-32.56,6.75,44.72,-85.02,-173.95
52.381516,-1.523614,141.3,1.42,3,304.45,21 / 22,1291228,2019-09-06 18:37:37:910,0.0282,-0.1253,9.8557,0.0054,0.0011,9.8066,0.0182,-0.0107,-0.011,3.06,-32.06,6.25,51.25,-85.06,-174.14
52.381516,-1.523614,141.3,1.42,3,304.45,21 / 22,1291329,2019-09-06 18:37:38:011,-0.0873,-0.3253,9.7808,0.0048,0.0011,9.8066,-0.0038,-0.0036,0.0066,3.25,-31.87,6.63,42.82,-85.13,-174.54
52.381516,-1.523614,141.3,1.42,3,304.45,21 / 22,1291429,2019-09-06 18:37:38:111,-0.0861,-0.4252,9.7806,0.0017,0.004,9.8066,-0.0054,0.0047,-0.0017,2.81,-32,6.5,42.37,-85.17,-174.74
52.381516,-1.523614,141.3,1.42,3,304.45,21 / 22,1291528,2019-09-06 18:37:38:210,-0.1388,-0.3007,9.8073,0.0009,0.0003,9.8066,0.0183,0.0058,0.0046,3.63,-32.06,6.81,49.78,-85.2,-174.79
52.381516,-1.523614,141.3,1.42,3,304.45,21 / 22,1291628,2019-09-06 18:37:38:310,-0.1419,-0.4884,9.7684,0.0036,0.0047,9.8066,0.0059,-0.01,0,3.31,-32.37,7.06,41.81,-85.28,-174.84
52.381516,-1.523614,141.3,1.42,3,304.45,21 / 22,1291732,2019-09-06 18:37:38:414,-0.328,-0.6357,9.7516,0.0021,0.0016,9.8066,0.0147,-0.0126,0.0042,3.25,-31.94,7.13,41.63,-85.3,-174.9
52.381516,-1.523614,141.3,1.42,3,304.45,21 / 22,1291829,2019-09-06 18:37:38:511,-0.4448,-0.8161,9.8486,0.0038,0.0042,9.8066,-0.0079,-0.0099,-0.0036,2.69,-31.75,6.75,41.01,-85.38,-175.15
52.381516,-1.523614,141.3,1.42,3,304.45,21 / 22,1291928,2019-09-06 18:37:38:610,-0.3208,-0.5243,9.8604,0.0046,0.0029,9.8066,0.0153,-0.0103,0.0075,2.81,-31.87,6.75,40.82,-85.4,-175.2
52.381516,-1.523614,141.3,1.42,3,304.45,21 / 22,1292029,2019-09-06 18:37:38:711,-0.6342,-1.3241,9.7501,0.0029,0.0003,9.8066,-0.0164,0.0076,-0.0071,3.31,-31.44,6.75,39.7,-85.46,-175.48
52.381516,-1.523614,141.3,1.42,3,304.45,21 / 22,1292128,2019-09-06 18:37:38:810,-0.5163,-0.7429,9.8429,-0.0013,0.0008,9.8066,-0.0051,-0.0215,0.0077,3.19,-31.94,6.81,40.16,-85.5,-175.42
52.381516,-1.523614,141.3,1.42,3,304.45,21 / 22,1292229,2019-09-06 18:37:38:911,-1.0976,-1.6523,9.8224,0.0053,0.0062,9.8065,-0.0209,-0.0103,0.0032,3.88,-31.87,6.94,47.73,-85.49,-175.49
52.381516,-1.523614,141.3,1.42,3,304.45,21 / 22,1292329,2019-09-06 18:37:39:011,-0.8058,-1.4411,9.867,-0.0021,-0.0018,9.8066,-0.0045,-0.0224,0.0016,3.75,-31.81,7.75,42.11,-85.52,-175.36
52.381516,-1.523614,141.3,1.42,3,304.45,21 / 22,1292428,2019-09-06 18:37:39:110,-1.5613,-1.7613,9.7593,-0.0005,0.0011,9.8066,0.0048,-0.0024,-0.013,3.88,-32.12,7.31,47.9,-85.57,-175.09
52.381516,-1.523614,141.3,1.42,3,304.45,21 / 22,1292529,2019-09-06 18:37:39:211,-1.0293,-1.6654,9.7038,0.0052,0.0075,9.8066,0.0275,-0.0051,0.0188,3.94,-32.19,7.5,42.19,-85.55,-175.23
52.381516,-1.523614,141.3,1.42,3,304.45,21 / 22,1292628,2019-09-06 18:37:39:310,-1.1766,-1.1848,9.7981,0.0117,0.0125,9.8065,0.0024,-0.0163,0.0201,3.69,-31.69,6.63,47.55,-85.7,-174.97
52.381516,-1.523614,141.3,1.42,3,304.45,21 / 22,1292729,2019-09-06 18:37:39:411,-1.7705,-2.0631,9.7345,0.0027,0.0015,9.8066,-0.0012,-0.006,-0.0073,3,-32.25,6.06,46.42,-85.8,-174.92
52.381516,-1.523614,141.3,1.42,3,304.45,21 / 22,1292828,2019-09-06 18:37:39:510,-1.314,-2.168,9.6131,0.0104,0.0085,9.8066,0.0109,-0.0022,-0.0038,2.56,-32.44,7.06,38.6,-85.95,-175.36
52.381516,-1.523614,141.3,1.42,3,304.45,21 / 22,1292928,2019-09-06 18:37:39:610,-1.203,-1.5126,9.8619,0.0085,0.0068,9.8066,-0.0673,-0.0363,-0.0298,2.69,-31.62,6.38,43.47,-86.19,-175.75
52.381516,-1.523614,141.3,1.42,3,304.45,21 / 22,1293029,2019-09-06 18:37:39:711,-1.1525,-0.9852,9.6576,0.0098,0.0025,9.8066,0.0336,-0.0151,0.0143,3.56,-31.62,6.19,49.65,-86.33,-176.61
52.381516,-1.523614,141.3,1.42,3,304.45,21 / 22,1293129,2019-09-06 18:37:39:811,-1.129,-1.6013,10.3435,0.0267,0.0123,9.8066,0.0113,0.0072,-0.0167,3.31,-32.19,6.38,39.17,-86.49,-178.09
52.381516,-1.523614,141.3,1.42,3,304.45,21 / 22,1293229,2019-09-06 18:37:39:911,-1.2734,-1.4241,10.6973,0.0157,0.0075,9.8066,0.011,0.0064,-0.0315,3.75,-31.25,5.63,41.55,-86.71,178.37
52.381516,-1.523614,141.3,1.42,3,304.45,21 / 22,1293329,2019-09-06 18:37:40:011,-1.5561,-2.3618,10.1493,-0.0059,-0.0055,9.8066,0.0574,-0.0158,0.043,3.63,-31.37,6.13,43.01,-86.58,179.18
52.381516,-1.523614,141.3,1.42,3,304.45,21 / 22,1293428,2019-09-06 18:37:40:110,-1.6849,-1.8421,9.5682,-0.0161,-0.008,9.8066,0.0816,-0.0197,0.0399,3.75,-31.62,6.88,39.13,-86.42,-179.66
52.381516,-1.523614,141.3,1.42,3,304.45,21 / 22,1293529,2019-09-06 18:37:40:211,-1.9951,-0.9469,9.6498,-0.0105,-0.007,9.8066,0.0244,-0.0702,0.0095,3.63,-32.12,6.38,48.63,-86.24,-177.77
52.381516,-1.523614,141.3,1.42,3,304.45,21 / 22,1293629,2019-09-06 18:37:40:311,-0.9802,-1.7788,9.5478,-0.0075,-0.0189,9.8065,0.0772,-0.046,-0.0152,2.44,-32.44,6.81,25.19,-86.04,-178.23
52.381516,-1.523614,141.3,1.42,3,304.45,21 / 22,1293729,2019-09-06 18:37:40:411,-1.6574,-2.9361,9.5989,-0.0081,-0.0287,9.8065,0.0615,-0.0618,-0.0017,3,-32.06,6.75,33.17,-85.81,-179.78
52.381516,-1.523614,141.3,1.42,3,304.45,21 / 22,1293828,2019-09-06 18:37:40:510,-2.1737,-2.8079,9.7792,-0.0088,-0.019,9.8066,0.0817,-0.0113,-0.046,3.69,-32.25,7,40.62,-85.34,178.64
52.381516,-1.523614,141.3,1.42,3,304.45,21 / 22,1293929,2019-09-06 18:37:40:611,-1.9917,-1.4869,10.2604,-0.0259,-0.0372,9.8065,0.0288,-0.0745,-0.0172,3.88,-31.69,7.5,33.86,-84.87,176.9
52.381516,-1.523614,141.3,1.42,3,304.45,21 / 22,1294028,2019-09-06 18:37:40:710,-1.381,-1.9797,10.2281,-0.0088,-0.0258,9.8066,-0.0254,-0.0744,0.0525,3.44,-32.19,7.13,30.36,-84.71,175.75
52.381516,-1.523614,141.3,1.42,3,304.45,21 / 22,1294129,2019-09-06 18:37:40:811,-0.6903,-1.3138,10.1831,0.0118,0.0283,9.8066,-0.0671,-0.0234,0.0017,2.75,-31,6.81,28.03,-85.06,175.26
52.381516,-1.523614,141.3,1.42,3,304.45,21 / 22,1294229,2019-09-06 18:37:40:911,-0.8865,-1.5463,9.5761,0.023,0.045,9.8064,-0.1061,-0.0383,0.0043,2.56,-31.75,6.75,27.5,-85.45,175.37
52.381516,-1.523614,141.3,1.42,3,304.45,21 / 22,1294329,2019-09-06 18:37:41:011,-1.3586,-1.3785,9.1349,0.0108,0.031,9.8066,-0.0684,-0.0336,0.0263,3.38,-31.94,6,33.46,-85.87,175.91
52.381516,-1.523614,141.3,1.42,3,304.45,21 / 22,1294429,2019-09-06 18:37:41:111,-1.2583,-0.9287,9.5239,0.0121,0.027,9.8066,-0.0676,-0.0363,0.0148,3.44,-31.69,6.38,33.8,-86.38,177.52
52.381516,-1.523614,141.3,1.42,3,304.45,21 / 22,1294529,2019-09-06 18:37:41:211,-0.9059,-1.1693,9.9161,0.0149,0.0024,9.8066,-0.0646,-0.0686,-0.013,2.5,-32.06,5.25,38.89,-86.73,176.53
52.381516,-1.523614,141.3,1.42,3,304.45,21 / 22,1294629,2019-09-06 18:37:41:311,-0.6872,-1.2673,9.7417,0.0147,0.0141,9.8066,-0.1309,-0.0249,-0.047,3.63,-31.87,5.19,44.99,-87,175.64
52.381516,-1.523614,141.3,1.42,3,304.45,21 / 22,1294729,2019-09-06 18:37:41:411,-0.4316,-0.9574,9.3949,0.0189,0.0311,9.8066,-0.0506,-0.0732,0.0545,3.38,-31.69,4.69,30.61,-87.64,173.01
52.381516,-1.523614,141.3,1.42,3,304.45,21 / 22,1294829,2019-09-06 18:37:41:511,-0.7971,-1.985,9.9088,0.014,0.0314,9.8065,-0.0454,-0.1037,0.0428,3.06,-31.75,4.69,33.03,-87.96,175.95
52.381516,-1.523614,141.3,1.42,3,304.45,21 / 22,1294929,2019-09-06 18:37:41:611,-2.0449,-1.5957,9.2506,-0.008,0.0012,9.8066,0.0042,-0.0606,0.0233,2.69,-31.94,4,43.12,-88.23,178.48
52.381516,-1.523614,141.3,1.42,3,304.45,21 / 22,1295029,2019-09-06 18:37:41:711,-1.9502,-0.9626,10.1392,-0.0087,-0.0103,9.8066,-0.0244,-0.1004,0.0053,2.69,-31.81,4.31,46.55,-88.25,-178.49
52.381516,-1.523614,141.3,1.42,3,304.45,21 / 22,1295130,2019-09-06 18:37:41:812,-0.5643,-0.2732,11.0492,0.0282,0.0162,9.8066,0.1047,-0.0331,0.014,3.56,-31.81,4.13,50.95,-88.26,178.27
52.381516,-1.523614,141.3,1.42,3,304.45,21 / 22,1295228,2019-09-06 18:37:41:910,-1.3199,-0.8246,11.0625,-0.026,-0.004,9.8066,0.1357,-0.1076,0.0905,2.69,-32.12,4.69,40.31,-87.82,-178.45
52.381516,-1.523614,141.3,1.42,3,304.45,21 / 22,1295329,2019-09-06 18:37:42:011,-2.6228,-2.0779,8.8614,-0.0231,-0.0433,9.8065,0.1769,-0.163,0.0709,2.75,-31.69,5.31,46.8,-86.92,-176.61
52.381516,-1.523614,141.3,1.42,3,304.45,21 / 22,1295429,2019-09-06 18:37:42:111,-1.9444,-1.6144,8.6379,-0.0551,-0.0474,9.8064,0.0498,-0.1047,0.0389,2.94,-31.87,6.19,45.28,-86.18,-174.43
52.381516,-1.523614,141.3,1.42,3,304.45,21 / 22,1295528,2019-09-06 18:37:42:210,-2.7056,-1.3185,9.4538,-0.0054,0.0009,9.8066,0.0006,-0.0028,-0.1093,2.44,-32.44,5.75,38.21,-85.75,-173.72
52.381516,-1.523614,141.3,1.42,3,304.45,21 / 22,1295629,2019-09-06 18:37:42:311,-1.9535,-1.6526,10.8951,0.0195,0.0493,9.8065,-0.0536,-0.1092,0.0124,1.56,-31.94,5.31,47.05,-86,-172.51
52.381516,-1.523614,141.3,1.42,3,304.45,21 / 22,1295728,2019-09-06 18:37:42:410,-0.8922,-1.1636,10.7586,0.0248,0.0217,9.8065,-0.018,-0.1394,0.0681,2.13,-31.62,4.69,47.48,-86.72,-168.89
52.381516,-1.523614,141.3,1.42,3,304.45,21 / 22,1295829,2019-09-06 18:37:42:511,-1.6341,-1.3469,10.4417,0.0047,-0.0005,9.8066,0.1095,-0.1151,-0.0064,2.25,-32.31,3.88,57.36,-87.06,-167.28
52.381516,-1.523614,141.3,1.42,3,304.45,21 / 22,1295928,2019-09-06 18:37:42:610,0.8058,-0.9041,8.8155,-0.0414,-0.0311,9.8064,-0.2404,0.0714,0.0423,1.56,-32.69,3.69,61.07,-86.87,-166.23
52.381516,-1.523614,141.3,1.42,3,304.45,21 / 22,1296028,2019-09-06 18:37:42:710,0.2445,-0.7271,8.7235,-0.0958,-0.0579,9.8059,-0.2056,0.0103,0.1987,2.13,-32.44,4.31,66.52,-86.34,-164.93
52.381516,-1.523614,141.3,1.42,3,304.45,21 / 22,1296129,2019-09-06 18:37:42:811,-0.0421,1.0713,8.8149,0.0247,0.0843,9.8062,0.1279,-0.0095,0.0803,1.38,-32.44,3.75,64.52,-85.87,-159.98
52.381516,-1.523614,141.3,1.42,3,304.45,21 / 22,1296228,2019-09-06 18:37:42:910,-2.382,-0.8743,10.7227,0.0411,0.0488,9.8064,-0.1187,-0.0745,-0.0282,0.88,-32.87,4.19,74.09,-85.99,-152.67
52.381516,-1.523614,141.3,1.42,3,304.45,21 / 22,1296329,2019-09-06 18:37:43:011,-2.1871,-1.6708,11.0184,0.0029,-0.003,9.8066,0.1948,-0.1219,0.0226,0.94,-32.5,4.5,61.06,-86.03,-152.68
52.381516,-1.523614,141.3,1.42,3,304.45,21 / 22,1296429,2019-09-06 18:37:43:111,-0.7745,-2.1285,9.9252,0.0264,0.0272,9.8065,0.0007,0.065,-0.0252,0.81,-32.56,4.13,74.21,-86.19,-150.72
52.381516,-1.523614,141.3,1.42,3,304.45,21 / 22,1296528,2019-09-06 18:37:43:210,-1.1796,-2.261,9.6251,-0.0413,-0.0277,9.8065,0.0738,-0.0137,0.033,0.75,-32.12,3.56,73.61,-86.25,-149.63
52.381516,-1.523614,141.3,1.42,3,304.45,21 / 22,1296629,2019-09-06 18:37:43:311,-0.2106,0.2767,9.8378,-0.0298,-0.0227,9.8066,-0.1263,-0.0492,0.0004,0.69,-32.5,4,77.67,-85.9,-149.34
52.381516,-1.523614,141.3,1.42,3,304.45,21 / 22,1296729,2019-09-06 18:37:43:411,-0.2913,-1.5292,9.3964,0.0244,0.014,9.8066,-0.0915,0.0417,-0.0622,0.44,-32.56,3.69,59.19,-86.1,-149.74
52.381516,-1.523614,141.3,1.42,3,304.45,21 / 22,1296829,2019-09-06 18:37:43:511,-0.855,-0.0311,9.8856,0.0254,-0.0147,9.8065,0.0397,0.0407,-0.0802,1.13,-32.19,3.88,70.02,-86.18,-153.16
52.381516,-1.523614,141.3,1.42,3,304.45,21 / 22,1296929,2019-09-06 18:37:43:611,-0.5507,-1.8206,10.2082,0.0208,-0.0104,9.8066,0.035,-0.0235,-0.0501,1.25,-32,3.38,77.9,-86.46,-158.32
52.381516,-1.523614,141.3,1.42,3,304.45,21 / 22,1297028,2019-09-06 18:37:43:710,-1.1484,-1.3009,10.2381,0.0349,0.0028,9.8066,0.0165,0.0671,-0.0858,1.56,-32.19,4.5,56.13,-86.59,-162.78
52.381516,-1.523614,141.3,1.42,3,304.45,21 / 22,1297129,2019-09-06 18:37:43:811,-0.34,-1.1755,10.0469,-0.0068,-0.0308,9.8066,0.0595,0.0095,0.0392,2.06,-32.69,4.19,63.71,-86.57,-166.27
52.381516,-1.523614,141.3,1.42,3,304.45,21 / 22,1297229,2019-09-06 18:37:43:911,0.189,-1.2561,9.578,-0.0057,-0.0306,9.8065,-0.098,0.0716,-0.0957,1.94,-31.75,4.44,56.59,-86.37,-172.29
52.381516,-1.523614,141.3,1.42,3,304.45,21 / 22,1297329,2019-09-06 18:37:44:011,-0.6441,-1.6842,9.433,0.0069,-0.0212,9.8065,-0.0106,0.0857,-0.035,2.31,-31.87,4.56,40.62,-86.2,-176.12
52.381516,-1.523614,141.3,1.42,3,304.45,21 / 22,1297428,2019-09-06 18:37:44:110,-0.0713,-1.6069,9.3142,0.0115,-0.0153,9.8066,-0.0819,0.0878,-0.029,2.06,-31.56,3.81,48.57,-86.17,-179.08
52.381516,-1.523614,141.3,1.42,3,304.45,21 / 22,1297528,2019-09-06 18:37:44:210,-0.1875,-1.1085,10.1417,0.0087,0.0089,9.8066,0.0522,0.047,-0.0256,2.94,-31.62,4.19,56.26,-86.27,179.04
52.381516,-1.523614,141.3,1.42,3,304.45,21 / 22,1297628,2019-09-06 18:37:44:310,-0.3656,-1.5238,9.9276,0.0168,0.0045,9.8066,-0.0241,0.0685,-0.1273,2.5,-31.87,4.25,55.29,-86.25,178.23
52.381516,-1.523614,141.3,1.42,3,304.45,21 / 22,1297729,2019-09-06 18:37:44:411,0.4053,-1.8049,10.1264,0.0142,-0.0153,9.8066,0.0348,0.0237,0.1046,3.13,-31.37,4.31,49.4,-86.26,174.59
52.381516,-1.523614,141.3,1.42,3,304.45,21 / 22,1297829,2019-09-06 18:37:44:511,-0.5177,-1.366,9.4829,0.0036,0.0049,9.8066,-0.0207,0.0842,-0.0794,2.56,-31.56,3.69,46.59,-86.28,172.06
52.381516,-1.523614,141.3,1.42,3,304.45,21 / 22,1297928,2019-09-06 18:37:44:610,-0.28,-1.3923,9.6652,0.0018,-0.0098,9.8066,0.0222,0.0911,-0.0904,1.88,-31.25,4.25,31.53,-86.08,170.56
52.381516,-1.523614,141.3,1.42,3,304.45,21 / 22,1298029,2019-09-06 18:37:44:711,-0.0203,-0.9022,10.2371,0.0069,-0.0109,9.8066,0.1029,0.0529,0.0716,1.75,-30.62,5.19,17.87,-85.97,168.9
52.381516,-1.523614,141.3,1.42,3,304.45,21 / 22,1298129,2019-09-06 18:37:44:811,0.5907,-1.2555,9.3836,-0.0101,-0.0052,9.8066,0.0484,0.0659,0.0149,2.56,-30.06,6.38,24.71,-85.67,169.97
52.381516,-1.523614,141.3,1.42,3,304.45,21 / 22,1298228,2019-09-06 18:37:44:910,-0.7707,-1.6868,9.4783,-0.0098,-0.0143,9.8065,-0.0283,0.0132,-0.0004,3.25,-29.44,7,20.68,-85.45,171.29
52.381516,-1.523614,141.3,1.42,3,304.45,21 / 22,1298328,2019-09-06 18:37:45:010,-0.6989,-2.0495,9.1922,0.0183,0.0041,9.8066,-0.1136,0.0165,-0.0208,4.75,-29.37,6.5,35.34,-85.42,170.74
52.381516,-1.523614,141.3,1.42,3,304.45,21 / 22,1298428,2019-09-06 18:37:45:110,0.232,-0.5366,10.0635,0.0169,0.0068,9.8066,-0.1385,0.0857,0.0068,6.25,-29.94,4.25,61.04,-85.59,168.37
52.381516,-1.523614,141.3,1.42,3,304.45,21 / 22,1298528,2019-09-06 18:37:45:210,0.6888,-0.9971,9.8732,0.0434,0.0165,9.8065,0.2459,0.0447,-0.1051,4.88,-30.44,4.06,53.33,-85.83,166.05
52.381516,-1.523614,141.3,1.42,3,304.45,21 / 22,1298628,2019-09-06 18:37:45:310,-1.4351,-1.1005,9.1164,0.0609,0.0074,9.8064,0.2172,0.0432,-0.0346,5.31,-30.37,4.25,52.67,-85.66,164.86
52.381516,-1.523614,141.3,1.42,3,304.45,21 / 22,1298728,2019-09-06 18:37:45:410,0.2657,-2.082,10.2138,-0.0392,-0.0197,9.8065,0.0172,0.0935,-0.0274,4.13,-31,4.69,36.88,-85.15,163.88
52.381516,-1.523614,141.3,1.42,3,304.45,21 / 22,1298828,2019-09-06 18:37:45:510,-1.6927,-0.5803,10.7047,-0.0113,-0.0161,9.8066,0.0729,-0.0932,0.0275,4.38,-31.19,4.81,36.94,-85.14,163.9
52.381516,-1.523614,141.3,1.42,3,304.45,21 / 22,1298928,2019-09-06 18:37:45:610,-2.1734,-0.512,9.8997,-0.0169,-0.0097,9.8066,-0.061,0.1195,-0.0861,4.25,-31.31,5.25,37.48,-85.19,164.42
52.381516,-1.523614,141.3,1.42,3,304.45,21 / 22,1299029,2019-09-06 18:37:45:711,-1.8286,0.7934,9.1491,-0.0189,-0.0094,9.8066,0.0738,-0.0388,0.0565,4.13,-31.31,4.94,37.89,-85.08,164.34
52.381516,-1.523614,141.3,1.42,3,304.45,21 / 22,1299129,2019-09-06 18:37:45:811,-0.8759,-0.8145,9.5612,-0.0164,0.0008,9.8065,-0.162,0.0527,-0.0338,3.88,-31.19,5.38,40.23,-85.11,165.99
52.381516,-1.523614,141.3,1.42,3,304.45,21 / 22,1299229,2019-09-06 18:37:45:911,-0.0495,-0.857,10.1133,-0.012,-0.0103,9.8065,-0.0114,0.0072,-0.0017,4.06,-31.31,4.69,39.2,-85.19,165.55
52.381516,-1.523614,141.3,1.42,3,304.45,21 / 22,1299329,2019-09-06 18:37:46:011,-1.3105,-0.5857,9.8559,-0.0129,-0.0143,9.8066,-0.085,0.0903,0.0145,4,-31.62,5.13,39.74,-85.07,165
52.381752,-1.524096,142.27,9.1,2,308.12,21 / 22,1299429,2019-09-06 18:37:46:111,0.19,-1.233,10.5139,-0.0378,-0.0202,9.8065,-0.0148,0.0402,0.029,3.81,-31.31,5.31,41.32,-84.88,165.96
52.381752,-1.524096,142.27,9.1,2,308.12,21 / 22,1299529,2019-09-06 18:37:46:211,0.6145,-0.9914,9.6238,0.0067,0.0117,9.8066,0.002,0.0703,-0.0407,4.06,-31.81,5.31,44.35,-84.76,166.92
52.381752,-1.524096,142.27,9.1,2,308.12,21 / 22,1299629,2019-09-06 18:37:46:311,-0.9828,-0.001,9.5108,-0.0092,-0.0072,9.8066,-0.1783,-0.0275,0.0113,3.69,-31.56,5.38,45.29,-84.59,166.89
52.381752,-1.524096,142.27,9.1,2,308.12,21 / 22,1299728,2019-09-06 18:37:46:410,-1.0112,-0.5043,9.4183,0.0164,0.019,9.8066,0.0673,-0.0052,-0.0203,4.19,-31.19,5.56,34.98,-84.57,167.66
52.381752,-1.524096,142.27,9.1,2,308.12,21 / 22,1299828,2019-09-06 18:37:46:510,-0.7773,-0.1144,10.0494,0.0184,0.0202,9.8065,0.1067,-0.0296,0.0429,3.56,-31.75,5,44.19,-84.79,166.94
52.381752,-1.524096,142.27,9.1,2,308.12,21 / 22,1299928,2019-09-06 18:37:46:610,-1.1972,-0.8535,9.6816,-0.0385,-0.0197,9.8065,-0.1084,0.0417,-0.0141,4.75,-31.62,5,54.58,-84.5,168.7
52.381752,-1.524096,142.27,9.1,2,308.12,21 / 22,1300029,2019-09-06 18:37:46:711,-0.394,0.2856,10.1675,-0.0294,-0.0261,9.8065,-0.1184,-0.0347,0.0832,3.94,-31.5,5.31,46.69,-84.5,168.12
52.381752,-1.524096,142.27,9.1,2,308.12,21 / 22,1300129,2019-09-06 18:37:46:811,0.2216,-0.3819,10.184,0.0134,0.0061,9.8066,0.0987,-0.0682,0.001,4.13,-31.37,4.63,47.12,-84.63,168.9
52.381752,-1.524096,142.27,9.1,2,308.12,21 / 22,1300229,2019-09-06 18:37:46:911,-0.5911,-1.8837,9.5161,0.0092,0.005,9.8066,0.0788,-0.0016,-0.0011,3.31,-31.31,5.06,38.7,-84.58,169.27
52.381752,-1.524096,142.27,9.1,2,308.12,21 / 22,1300329,2019-09-06 18:37:47:011,-0.9001,0.5239,9.9364,-0.0132,-0.0039,9.8066,-0.0334,-0.082,0.0637,4.19,-30.75,5.13,48.78,-84.48,169.41
52.381752,-1.524096,142.27,9.1,2,308.12,21 / 22,1300429,2019-09-06 18:37:47:111,-0.747,0.8231,10.0166,-0.0168,0.0022,9.8066,0.1315,-0.0256,-0.0255,3.81,-31,4.94,51.38,-84.33,170.56
52.381752,-1.524096,142.27,9.1,2,308.12,21 / 22,1300528,2019-09-06 18:37:47:210,-1.0668,-1.2526,9.6485,-0.0069,0.0052,9.8066,0.1211,-0.0029,0.0376,4,-31.19,5.81,39.89,-84.25,169.98
52.381752,-1.524096,142.27,9.1,2,308.12,21 / 22,1300628,2019-09-06 18:37:47:310,-0.9121,-0.0517,9.9404,-0.0221,-0.0152,9.8066,-0.018,-0.053,-0.0051,3.75,-31.19,5.25,52.63,-84.12,170.54
52.381752,-1.524096,142.27,9.1,2,308.12,21 / 22,1300729,2019-09-06 18:37:47:411,0.064,-0.7038,9.911,0.0133,0.0089,9.8066,0.0498,-0.0772,0.0482,4.44,-31.94,5.5,42.61,-84.11,170.77
52.381752,-1.524096,142.27,9.1,2,308.12,21 / 22,1300828,2019-09-06 18:37:47:510,-0.5672,-0.2895,10.1089,0.0059,0.0089,9.8066,-0.0068,0.0153,-0.015,4.25,-31,4.94,53.36,-84.14,171.1
52.381752,-1.524096,142.27,9.1,2,308.12,21 / 22,1300929,2019-09-06 18:37:47:611,-0.9786,-0.2512,9.706,-0.0049,0.003,9.8066,0.0296,0.0054,0.0375,3.44,-30.87,5.19,45.22,-84.1,171.22
52.381752,-1.524096,142.27,9.1,2,308.12,21 / 22,1301029,2019-09-06 18:37:47:711,-0.4249,-1.4189,9.6586,-0.0064,-0.0019,9.8066,-0.0085,-0.0128,-0.0469,4.25,-31.44,5.13,54.88,-83.99,171.47
52.381752,-1.524096,142.27,9.1,2,308.12,21 / 22,1301129,2019-09-06 18:37:47:811,-1.839,-1.0553,10.1824,-0.0176,-0.0219,9.8066,0.054,-0.0071,0.0284,4,-31.31,5.56,43.22,-83.85,170.93
52.381752,-1.524096,142.27,9.1,2,308.12,21 / 22,1301229,2019-09-06 18:37:47:911,-0.3442,0.0586,10.0491,-0.0157,-0.0224,9.8066,0.011,-0.0521,0.1188,4.31,-31.31,5.19,55.14,-83.76,170.61
52.381752,-1.524096,142.27,9.1,2,308.12,21 / 22,1301329,2019-09-06 18:37:48:011,-0.991,0.3902,8.9982,-0.0007,0.0022,9.8066,-0.1258,-0.0004,-0.1211,4.44,-31.62,5.06,57.43,-83.78,171.36
52.381752,-1.524096,142.27,9.1,2,308.12,21 / 22,1301429,2019-09-06 18:37:48:111,-0.8174,-0.1521,10.2392,0.0125,0.0063,9.8066,0.0201,0.0018,0.0025,4.06,-31.19,5.06,55.48,-83.81,171.08
52.381752,-1.524096,142.27,9.1,2,308.12,21 / 22,1301529,2019-09-06 18:37:48:211,0.1592,-0.6239,9.6729,-0.007,0.0054,9.8066,0.0008,0.0381,0.0085,4.06,-30.87,5.38,55.74,-83.78,171.1
52.381752,-1.524096,142.27,9.1,2,308.12,21 / 22,1301628,2019-09-06 18:37:48:310,-0.203,0.4179,10.3665,0.0006,0.0015,9.8066,-0.0009,-0.0881,0.0298,3.31,-31.31,5.31,49.24,-83.68,171.69
52.381752,-1.524096,142.27,9.1,2,308.12,21 / 22,1301729,2019-09-06 18:37:48:411,-0.6467,-0.3016,9.7421,-0.0057,-0.0003,9.8065,0.0585,-0.0444,0.0071,3.81,-30.81,4.88,59.58,-83.55,172.63
52.381752,-1.524096,142.27,9.1,2,308.12,21 / 22,1301829,2019-09-06 18:37:48:511,-0.655,-0.4519,9.815,-0.0084,0.0001,9.8066,0.0075,0.0069,0.0012,3.38,-30.81,5.88,40.2,-83.42,173.41
52.381752,-1.524096,142.27,9.1,2,308.12,21 / 22,1301929,2019-09-06 18:37:48:611,-0.6865,0.9358,9.991,-0.0017,0.0024,9.8066,-0.0094,-0.0683,0.0396,3.31,-31.5,5.44,55.03,-83.36,173.51
52.381752,-1.524096,142.27,9.1,2,308.12,21 / 22,1302028,2019-09-06 18:37:48:710,1.2525,-0.3999,9.8703,0.0029,0.0004,9.8066,0.0227,-0.0783,0.0566,3.63,-31.69,5.25,65.2,-83.31,174.31
52.381752,-1.524096,142.27,9.1,2,308.12,21 / 22,1302129,2019-09-06 18:37:48:811,-1.1979,0.4513,9.8949,0.0058,0.0024,9.8066,0.0658,0.0833,-0.0345,2.81,-31.5,5.38,59.41,-83.2,175.26
52.381752,-1.524096,142.27,9.1,2,308.12,21 / 22,1302228,2019-09-06 18:37:48:910,-0.2617,-0.8968,10.1456,0.0031,0.0023,9.8066,0.0868,0.0043,0.0597,3.38,-32.06,5.25,61.3,-83.14,174.83
52.381752,-1.524096,142.27,9.1,2,308.12,21 / 22,1302329,2019-09-06 18:37:49:011,-0.714,0.135,9.487,-0.0116,-0.0018,9.8065,-0.0531,-0.0564,0.0443,2.94,-31.5,5.25,61.97,-83.05,176.02
52.381752,-1.524096,142.27,9.1,2,308.12,21 / 22,1302429,2019-09-06 18:37:49:111,-0.1679,-0.5472,9.8381,-0.0308,0.0043,9.8065,-0.0697,-0.0103,-0.0179,2.94,-31.75,5.25,67.69,-82.9,177.37
52.381752,-1.524096,142.27,9.1,2,308.12,21 / 22,1302528,2019-09-06 18:37:49:210,0.1719,0.2593,9.85,0.0217,0.0179,9.8066,0.0662,0.036,0.0255,2.75,-31.62,5.25,68.56,-83.05,178.97
52.381752,-1.524096,142.27,9.1,2,308.12,21 / 22,1302629,2019-09-06 18:37:49:311,-0.9992,-0.7567,9.9474,0.0089,0.0147,9.8065,-0.0261,-0.0343,0.012,2.63,-32.5,5.13,70.96,-82.93,179.82
52.381752,-1.524096,142.27,9.1,2,308.12,21 / 22,1302728,2019-09-06 18:37:49:410,-1.1214,1.1873,10.0339,-0.0238,0.0045,9.8065,-0.0481,-0.0319,0.0228,2.06,-32.06,5.25,69.13,-82.76,-177.61
52.381752,-1.524096,142.27,9.1,2,308.12,21 / 22,1302828,2019-09-06 18:37:49:510,0.096,0.3121,9.3803,-0.012,0.0117,9.8066,-0.0179,0.0596,-0.0292,2.63,-31.94,4.81,76.48,-82.83,-176.76
52.381752,-1.524096,142.27,9.1,2,308.12,21 / 22,1302928,2019-09-06 18:37:49:610,-0.5207,0.4842,9.6809,0.011,0.008,9.8065,-0.0248,-0.0723,0.0542,2.19,-32.06,5.06,69.45,-82.93,-176.08
52.381752,-1.524096,142.27,9.1,2,308.12,21 / 22,1303028,2019-09-06 18:37:49:710,-0.2757,-0.5603,9.4058,0.0135,0.0086,9.8066,-0.0444,0.0194,-0.0564,2.88,-31.62,4.56,75.78,-83.11,-175.25
52.381752,-1.524096,142.27,9.1,2,308.12,21 / 22,1303129,2019-09-06 18:37:49:811,-0.289,-0.4298,9.5561,0.0036,0.0005,9.8066,-0.0155,-0.0178,0.0034,2.38,-32.25,4.88,67.42,-83.14,-175.78
52.381752,-1.524096,142.27,9.1,2,308.12,21 / 22,1303230,2019-09-06 18:37:49:912,0.2133,-0.2601,10.2697,0.0031,0.0011,9.8066,0.0503,-0.0847,0.0595,2.44,-31.31,4.44,87.39,-83.13,-175.69
52.381752,-1.524096,142.27,9.1,2,308.12,21 / 22,1303329,2019-09-06 18:37:50:011,-0.4833,-0.2184,9.147,-0.0232,0.0103,9.8066,-0.1382,0.0284,-0.0688,2.19,-32.06,3.88,93.76,-82.91,-175.49
52.381752,-1.524096,142.27,9.1,2,308.12,21 / 22,1303429,2019-09-06 18:37:50:111,0.0852,0.6765,9.4877,-0.0033,-0.003,9.8066,-0.0222,-0.0769,0.0631,2,-31.94,3.56,93.18,-82.95,-175.44
52.381752,-1.524096,142.27,9.1,2,308.12,21 / 22,1303528,2019-09-06 18:37:50:210,0.9923,-0.2073,10.2152,0.0139,0.0085,9.8066,-0.0319,0,-0.0759,1.94,-31.94,3.94,94.61,-82.88,-174.84
52.381752,-1.524096,142.27,9.1,2,308.12,21 / 22,1303629,2019-09-06 18:37:50:311,-1.1798,0.4877,9.7917,0.0278,-0.0132,9.8065,0.0872,-0.0851,0.093,2.25,-31.56,4.38,92.04,-83.04,-175.31
52.381752,-1.524096,142.27,9.1,2,308.12,21 / 22,1303729,2019-09-06 18:37:50:411,-0.6936,0.7733,9.2112,-0.0201,-0.001,9.8066,-0.1443,-0.0025,-0.0209,1.38,-32.06,3.69,96.67,-82.79,-174.47
52.381752,-1.524096,142.27,9.1,2,308.12,21 / 22,1303828,2019-09-06 18:37:50:510,-0.3245,1.2233,10.5253,-0.0069,-0.0006,9.8066,0.0003,-0.0601,0.0481,2.25,-31.69,4,95.06,-82.84,-175.01
52.381752,-1.524096,142.27,9.1,2,308.12,21 / 22,1303928,2019-09-06 18:37:50:610,-0.4312,-0.1259,9.4161,-0.0068,-0.0157,9.8066,-0.0099,-0.0036,-0.026,1.75,-32.19,3.88,97.03,-82.67,-175.51
52.381752,-1.524096,142.27,9.1,2,308.12,21 / 22,1304028,2019-09-06 18:37:50:710,1.6705,-0.506,10.395,-0.0434,0.0016,9.8065,0.1208,-0.1027,0.0329,1.69,-32.5,4.38,98.51,-82.53,-175.98
52.381752,-1.524096,142.27,9.1,2,308.12,21 / 22,1304129,2019-09-06 18:37:50:811,-0.5093,0.4095,8.6044,0.0331,0.0054,9.8065,0.105,-0.001,0.0064,1.88,-31.62,5.25,72.65,-82.53,-177.32
52.381752,-1.524096,142.27,9.1,2,308.12,21 / 22,1304228,2019-09-06 18:37:50:910,-3.2371,-2.183,8.5831,0.0212,0.0244,9.8066,0.0746,0.1541,-0.0123,2.25,-32,4.31,95.39,-82.72,-176.62
52.381752,-1.524096,142.27,9.1,2,308.12,21 / 22,1304329,2019-09-06 18:37:51:011,-0.6235,-0.9763,10.5797,0.0929,0.0175,9.8062,0.2147,0.1053,-0.052,2.13,-32.62,4.06,91.36,-83.34,-174.7
52.381752,-1.524096,142.27,9.1,2,308.12,21 / 22,1304429,2019-09-06 18:37:51:111,0.5789,0.8585,10.0353,0.1147,-0.0131,9.8059,0.1162,0.0745,-0.0335,2.56,-32.56,4.38,90.23,-83.44,-176.02
52.381752,-1.524096,142.27,9.1,2,308.12,21 / 22,1304529,2019-09-06 18:37:51:211,1.1485,2.2141,10.6002,0.0033,0.0187,9.8066,0.2297,0.0182,-0.0871,1.88,-32.12,4.38,89.92,-83.14,-176.09
52.381752,-1.524096,142.27,9.1,2,308.12,21 / 22,1304629,2019-09-06 18:37:51:311,-0.0146,-1.1007,10.1508,0.0376,-0.0071,9.8065,0.1274,0.0756,-0.1203,1.69,-31.94,3.63,90,-83.11,-176.46
52.381752,-1.524096,142.27,9.1,2,308.12,21 / 22,1304729,2019-09-06 18:37:51:411,0.4884,-0.1094,10.0896,-0.0247,-0.02,9.8066,-0.03,-0.0479,-0.0169,1.88,-32.37,4.13,90.91,-82.82,-179.9
52.381752,-1.524096,142.27,9.1,2,308.12,21 / 22,1304830,2019-09-06 18:37:51:512,0.5165,-0.9625,10.9011,-0.0013,-0.0103,9.8066,-0.0101,-0.0383,0.0173,2.19,-32.19,4.38,89.61,-82.85,179.24
52.381752,-1.524096,142.27,9.1,2,308.12,21 / 22,1304928,2019-09-06 18:37:51:610,-0.2132,0.0514,9.9652,-0.0209,-0.0133,9.8066,0.0135,-0.024,-0.0323,2,-31.69,3.81,88.85,-82.73,176.32
52.381752,-1.524096,142.27,9.1,2,308.12,21 / 22,1305029,2019-09-06 18:37:51:711,-0.3527,-0.1995,9.801,-0.0144,-0.0028,9.8065,-0.0226,0.0036,-0.0969,2.31,-32.06,4.5,59.35,-82.6,175.85
52.381752,-1.524096,142.27,9.1,2,308.12,21 / 22,1305129,2019-09-06 18:37:51:811,0.0732,-0.8114,9.8637,0.0224,-0.0063,9.8066,0.084,-0.0434,0.0272,2,-31.37,4.44,86.61,-82.52,174.66
52.381752,-1.524096,142.27,9.1,2,308.12,21 / 22,1305228,2019-09-06 18:37:51:910,0.6797,-0.5967,9.9819,0.0088,0.0054,9.8066,-0.0125,0.0752,-0.0302,2,-31.87,3.69,90.39,-82.56,174.78
52.381752,-1.524096,142.27,9.1,2,308.12,21 / 22,1305328,2019-09-06 18:37:52:010,-1.0645,-0.7208,9.6346,-0.0007,0.0044,9.8066,0.032,0.0205,-0.0065,2.63,-31.44,3.69,84.56,-82.6,174.41
52.381752,-1.524096,142.27,9.1,2,308.12,21 / 22,1305429,2019-09-06 18:37:52:111,0.1032,-0.7424,9.8434,-0.0147,0.0015,9.8065,-0.0428,0.0379,-0.0398,2.56,-31.31,4.06,85.95,-82.53,174.85
52.381752,-1.524096,142.27,9.1,2,308.12,21 / 22,1305529,2019-09-06 18:37:52:211,-0.6763,-0.5284,9.6499,-0.0013,0.0058,9.8066,0.0053,-0.0547,0.019,2.44,-31.87,3.63,90.56,-82.53,174.32
52.381752,-1.524096,142.27,9.1,2,308.12,21 / 22,1305630,2019-09-06 18:37:52:312,0.8228,-0.2097,10.4417,-0.0023,0.0023,9.8066,-0.0792,0.0342,-0.0626,2.94,-31.87,3.88,89.61,-82.47,174.93
52.381752,-1.524096,142.27,9.1,2,308.12,21 / 22,1305728,2019-09-06 18:37:52:410,0.2821,-1.3708,10.5343,-0.0105,0.0095,9.8066,0.0682,-0.0078,0.0214,2.81,-31.94,3.31,107.69,-82.59,173.74
52.381752,-1.524096,142.27,9.1,2,308.12,21 / 22,1305829,2019-09-06 18:37:52:511,-0.4213,-0.1851,9.9414,-0.0146,0.0069,9.8065,-0.0518,-0.0792,0.0087,2.5,-32.06,3.38,110.03,-82.43,174.93
52.381752,-1.524096,142.27,9.1,2,308.12,21 / 22,1305928,2019-09-06 18:37:52:610,-0.223,-0.5117,9.7108,-0.0219,0.0031,9.8066,-0.0526,-0.0137,-0.038,2.69,-31.5,3.81,89.18,-82.19,174.04
52.381752,-1.524096,142.27,9.1,2,308.12,21 / 22,1306028,2019-09-06 18:37:52:710,-0.6568,0.3664,9.7483,-0.0144,-0.002,9.8065,-0.0288,-0.0091,-0.0051,2.19,-31.69,3.44,126.38,-82.1,173.89
52.381752,-1.524096,142.27,9.1,2,308.12,21 / 22,1306128,2019-09-06 18:37:52:810,0.4624,-0.9153,10.1821,0.0157,-0.0235,9.8066,0.0629,-0.024,0.0612,2.25,-31.81,3.25,124.59,-82.27,172.38
52.381752,-1.524096,142.27,9.1,2,308.12,21 / 22,1306229,2019-09-06 18:37:52:911,-0.7218,-0.2228,9.5627,0.0114,0.0008,9.8066,0.0577,-0.0246,-0.068,3.06,-32.5,4.06,89.35,-82.28,172.27
52.381752,-1.524096,142.27,9.1,2,308.12,21 / 22,1306329,2019-09-06 18:37:53:011,-0.2784,0.0418,9.7465,0.0143,-0.0075,9.8066,0.0636,-0.0283,0.067,2.75,-31,3.5,87.87,-82.17,172.51
52.381752,-1.524096,142.27,9.1,2,308.12,21 / 22,1306429,2019-09-06 18:37:53:111,0.586,-0.2486,10.4623,0.0091,0.009,9.8066,-0.0375,0.0165,0.0071,2.06,-31,3.63,89.99,-82.25,172.76
52.381752,-1.524096,142.27,9.1,2,308.12,21 / 22,1306528,2019-09-06 18:37:53:210,0.5009,0.7345,9.9102,0.0029,0.014,9.8066,-0.044,-0.0667,0.1367,2.38,-31.87,3.13,125.33,-82.18,174.56
52.381752,-1.524096,142.27,9.1,2,308.12,21 / 22,1306629,2019-09-06 18:37:53:311,-0.5646,1.1245,8.8677,0.0112,0.0111,9.8066,-0.1226,-0.0948,0.0166,2.31,-31.5,3.56,93.92,-82.2,176.18
52.381752,-1.524096,142.27,9.1,2,308.12,21 / 22,1306729,2019-09-06 18:37:53:411,0.5999,-0.5965,9.6733,0.0486,-0.0232,9.8064,0.0246,-0.023,-0.0202,2.25,-31.94,2.88,117.83,-82.74,178
52.381752,-1.524096,142.27,9.1,2,308.12,21 / 22,1306829,2019-09-06 18:37:53:511,-1.0654,0.3627,10.1259,0.0421,-0.0315,9.8064,-0.1375,0.0269,0.019,2.06,-31.69,3.31,113.63,-83.04,177.62
52.381752,-1.524096,142.27,9.1,2,308.12,21 / 22,1306928,2019-09-06 18:37:53:610,0.4443,-1.5186,10.4243,-0.055,-0.0154,9.8064,-0.0446,0.0339,-0.114,2.5,-31.37,3.5,79.82,-83.07,175.06
52.381752,-1.524096,142.27,9.1,2,308.12,21 / 22,1307029,2019-09-06 18:37:53:711,-0.5136,-0.2233,10.6318,-0.0582,0.0196,9.8064,0.0322,0.0058,-0.0937,2.69,-31.12,3.25,106.12,-82.49,173.7
52.381752,-1.524096,142.27,9.1,2,308.12,21 / 22,1307128,2019-09-06 18:37:53:810,-1.0633,-0.0743,10.1957,-0.0131,0.0015,9.8066,0.0043,0.0889,0.0183,1.81,-32.06,3.38,125.97,-82.17,172.63
52.381752,-1.524096,142.27,9.1,2,308.12,21 / 22,1307228,2019-09-06 18:37:53:910,-0.4242,0.3759,10.0941,0.0043,-0.0013,9.8066,-0.083,-0.041,0.0909,3.19,-31.44,3.94,88.57,-82.12,172.56
52.381752,-1.524096,142.27,9.1,2,308.12,21 / 22,1307328,2019-09-06 18:37:54:010,0.5312,0.2816,9.0182,0.0179,0.0048,9.8066,-0.0838,0.0142,-0.0785,3.06,-31.56,3.69,89.27,-82.38,173.55
52.381752,-1.524096,142.27,9.1,2,308.12,21 / 22,1307429,2019-09-06 18:37:54:111,-0.28,-0.5567,9.1184,0.0007,-0.0099,9.8066,-0.0635,0.0033,0.0034,1.88,-31.87,3.25,121.36,-82.49,173.26
52.381752,-1.524096,142.27,9.1,2,308.12,21 / 22,1307529,2019-09-06 18:37:54:211,0.1772,-1.0608,9.013,0.0259,0.0064,9.8065,0.0435,-0.0546,-0.0008,2.5,-31.56,3.75,87,-82.5,172.84
52.381752,-1.524096,142.27,9.1,2,308.12,21 / 22,1307628,2019-09-06 18:37:54:310,0.9994,-0.3763,9.3831,0.0271,-0.0063,9.8065,0.0263,-0.0446,-0.0536,2.75,-31.56,3.44,107.13,-82.62,173.44
52.381752,-1.524096,142.27,9.1,2,308.12,21 / 22,1307729,2019-09-06 18:37:54:411,0.3322,0.4669,10.2375,0.0077,-0.0043,9.8066,0.0473,-0.0324,0.0585,2.38,-31.81,3.63,88.56,-82.58,173.24
52.381752,-1.524096,142.27,9.1,2,308.12,21 / 22,1307828,2019-09-06 18:37:54:510,-0.0055,-0.6864,9.789,-0.0067,-0.0062,9.8065,0.0417,0.0378,0.0255,2.69,-31.5,3.13,107.02,-82.37,172.96
52.381752,-1.524096,142.27,9.1,2,308.12,21 / 22,1307929,2019-09-06 18:37:54:611,0.5974,-0.0392,10.1667,-0.0006,0.0027,9.8066,0.0167,-0.057,0.0023,2.94,-32,3.63,91.44,-82.21,173.47
52.381752,-1.524096,142.27,9.1,2,308.12,21 / 22,1308029,2019-09-06 18:37:54:711,-0.0854,-0.8743,9.6026,0.0084,0.0031,9.8066,0.0038,0.0917,-0.1129,2.19,-31.56,3.31,124.89,-82.23,173.63
52.381752,-1.524096,142.27,9.1,2,308.12,21 / 22,1308128,2019-09-06 18:37:54:810,2.2792,-0.1552,9.6628,0.0421,-0.0213,9.8065,0.0696,0.0314,0.0783,2.69,-31.81,2.88,112.95,-82.07,173.2
52.381752,-1.524096,142.27,9.1,2,308.12,21 / 22,1308229,2019-09-06 18:37:54:911,1.3447,-1.3979,9.276,0.0498,0.0104,9.8065,0.0178,0.0546,-0.0419,2.63,-31.75,4,90.98,-82.29,174.06
52.381752,-1.524096,142.27,9.1,2,308.12,21 / 22,1308329,2019-09-06 18:37:55:011,-0.5568,-0.3809,9.8468,0.0106,0.0004,9.8065,0.0908,0.054,-0.0416,2.31,-31.5,3.94,92.34,-82.23,174.86
52.382378,-1.525229,143.03,12.7,2,315.07,21 / 22,1308429,2019-09-06 18:37:55:111,1.0227,-0.429,10.171,0.0019,-0.0085,9.8066,0.0555,0.0083,0.0617,2,-31.44,4,91.54,-82.26,174.62
52.382378,-1.525229,143.03,12.7,2,315.07,21 / 22,1308528,2019-09-06 18:37:55:210,1.8517,-1.2083,9.976,-0.0186,-0.0146,9.8066,-0.0779,-0.0179,-0.0272,2.5,-30.75,3.69,88.02,-82.15,172.51
52.382378,-1.525229,143.03,12.7,2,315.07,21 / 22,1308628,2019-09-06 18:37:55:310,-0.3275,-0.488,9.3826,0.0056,-0.0208,9.8066,0.0169,-0.0429,-0.0571,2.5,-29.87,3.75,84.03,-82.11,171.37
52.382378,-1.525229,143.03,12.7,2,315.07,21 / 22,1308728,2019-09-06 18:37:55:410,0.8593,-1.3744,9.2969,0.0209,-0.0148,9.8065,-0.1035,-0.046,-0.0135,2.81,-30.19,3.38,103.62,-82.26,169.81
52.382378,-1.525229,143.03,12.7,2,315.07,21 / 22,1308829,2019-09-06 18:37:55:511,-0.1109,-1.5843,9.568,-0.0076,-0.0033,9.8066,-0.0812,0.0523,-0.006,3.25,-30.44,2.38,121.05,-82.25,169.63
52.382378,-1.525229,143.03,12.7,2,315.07,21 / 22,1308929,2019-09-06 18:37:55:611,-0.4714,-0.3911,9.9605,0.0266,0.0078,9.8066,0.0714,0.0586,-0.019,3.31,-31.44,3.38,106.93,-82.23,169.72
52.382378,-1.525229,143.03,12.7,2,315.07,21 / 22,1309029,2019-09-06 18:37:55:711,-0.1277,-0.3713,8.8458,-0.003,0.0036,9.8066,-0.015,-0.0288,0.0419,3.19,-31.62,4,88.92,-82.22,171.03
52.382378,-1.525229,143.03,12.7,2,315.07,21 / 22,1309129,2019-09-06 18:37:55:811,1.9715,-0.6762,10.0627,0.0359,-0.0196,9.8065,0.1959,0.062,-0.052,2.56,-31.06,3.31,107.54,-82.28,171.97
52.382378,-1.525229,143.03,12.7,2,315.07,21 / 22,1309229,2019-09-06 18:37:55:911,-0.1664,-1.0353,10.1188,0.034,0,9.8065,0.2036,-0.0694,0.1317,2.88,-31.06,3.44,107.82,-82.25,171.84
52.382378,-1.525229,143.03,12.7,2,315.07,21 / 22,1309329,2019-09-06 18:37:56:011,0.9309,0.2525,10.53,-0.0109,0.001,9.8065,-0.013,-0.0332,0.0158,2.25,-31.56,3.88,97.37,-82.16,173.22
52.382378,-1.525229,143.03,12.7,2,315.07,20 / 21,1309429,2019-09-06 18:37:56:111,1.6603,0.3755,9.5243,-0.0291,0.0324,9.8065,-0.1041,0.0459,-0.0669,2.44,-31.56,2.88,125.69,-82.14,174.72
52.382378,-1.525229,143.03,12.7,2,315.07,20 / 21,1309528,2019-09-06 18:37:56:210,0.706,-1.2435,9.4372,-0.0045,-0.0302,9.8066,-0.2266,0.0421,-0.0442,2.38,-31.56,2.44,139.78,-82.34,172.68
52.382378,-1.525229,143.03,12.7,2,315.07,20 / 21,1309629,2019-09-06 18:37:56:311,2.4595,-0.1613,9.5617,-0.021,0.014,9.8066,-0.2449,-0.2587,0.2294,1.88,-30.44,2.75,116.9,-82.31,171.86
52.382378,-1.525229,143.03,12.7,2,315.07,20 / 21,1309729,2019-09-06 18:37:56:411,1.1435,-0.6999,8.6884,0.0812,-0.0206,9.8062,0.2015,-0.0837,0.039,2.06,-30.69,3.69,84.92,-82.56,173.93
52.382378,-1.525229,143.03,12.7,2,315.07,20 / 21,1309828,2019-09-06 18:37:56:510,1.5841,0.9184,9.1627,0.0583,-0.0107,9.8064,-0.0293,-0.1164,0.1851,2,-30.81,4.75,55.46,-82.36,174.04
52.382378,-1.525229,143.03,12.7,2,315.07,20 / 21,1309929,2019-09-06 18:37:56:611,0.9505,0.2317,9.5898,0.0215,0.0046,9.8066,-0.0293,-0.0665,0.0421,2.69,-30.94,3.81,89.75,-82.32,176.21
52.382378,-1.525229,143.03,12.7,2,315.07,20 / 21,1310028,2019-09-06 18:37:56:710,-0.0269,-0.2753,10.1314,0.0156,0.0033,9.8066,0.0266,-0.0172,-0.0166,3.06,-31.31,3.13,106.72,-82.63,177.12
52.382378,-1.525229,143.03,12.7,2,315.07,20 / 21,1310128,2019-09-06 18:37:56:810,-0.0827,-0.296,10.4971,-0.0649,0.0216,9.8063,-0.1929,0.0094,0.0575,2.13,-31.31,2.81,117.95,-82.5,178.31
52.382378,-1.525229,143.03,12.7,2,315.07,20 / 21,1310228,2019-09-06 18:37:56:910,1.186,-0.3444,9.197,-0.0668,0.0286,9.8063,-0.1001,0.0184,-0.0179,3,-31.75,3.31,112.8,-82.33,178.65
52.382378,-1.525229,143.03,12.7,2,315.07,20 / 21,1310329,2019-09-06 18:37:57:011,-0.6442,0.4039,9.7183,-0.0291,0.0027,9.8066,-0.1416,-0.0145,0.0553,2.13,-31.94,3.31,125.12,-82.14,-179.97
52.382378,-1.525229,143.03,12.7,2,315.07,21 / 22,1310428,2019-09-06 18:37:57:110,-0.2365,-1.205,10.0201,-0.0264,0.0082,9.8065,-0.094,0.1279,-0.075,2.44,-31.87,4.13,100.47,-82.22,-179.87
52.382378,-1.525229,143.03,12.7,2,315.07,21 / 22,1310529,2019-09-06 18:37:57:211,0.8641,-1.1332,9.4055,0.0157,-0.0228,9.8066,-0.0879,0.0312,-0.0616,1.63,-31.69,3.13,120.93,-82.5,178.8
52.382378,-1.525229,143.03,12.7,2,315.07,21 / 22,1310628,2019-09-06 18:37:57:310,0.4591,-0.0957,9.91,0.0018,-0.0226,9.8066,-0.0448,-0.0378,0.0006,2.69,-31.12,3.13,105.46,-82.72,176.58
52.382378,-1.525229,143.03,12.7,2,315.07,21 / 22,1310728,2019-09-06 18:37:57:410,0.2491,-0.4135,9.8521,-0.0189,-0.0105,9.8066,0.0774,0.0024,-0.0591,2.25,-31.75,3.81,90.78,-82.54,174.67
52.382378,-1.525229,143.03,12.7,2,315.07,21 / 22,1310829,2019-09-06 18:37:57:511,0.9661,-0.5381,10.2381,-0.0079,-0.0155,9.8066,0.0794,-0.053,0.0634,2.75,-31.87,3.13,108.31,-82.52,173.49
52.382378,-1.525229,143.03,12.7,2,315.07,21 / 22,1310928,2019-09-06 18:37:57:610,-0.1655,-0.2179,10.5323,0.02,-0.016,9.8066,0.0707,0.0109,-0.0413,2,-31.94,3.75,90.08,-82.5,173.1
52.382378,-1.525229,143.03,12.7,2,315.07,21 / 22,1311028,2019-09-06 18:37:57:710,0.0166,-0.1635,9.5597,0.0178,-0.0075,9.8066,0.0738,-0.0284,0.0325,2.44,-31.62,3.25,121.86,-82.46,172.55
52.382378,-1.525229,143.03,12.7,2,315.07,21 / 22,1311128,2019-09-06 18:37:57:810,1.4421,-0.6878,10.0293,0.001,-0.005,9.8066,-0.001,-0.0421,-0.0408,2.38,-31.69,3.06,122.43,-82.42,172.84
52.382378,-1.525229,143.03,12.7,2,315.07,21 / 22,1311228,2019-09-06 18:37:57:910,-0.3649,-0.7083,10.2769,-0.0139,-0.0023,9.8066,0.0621,0.024,-0.0393,2.13,-31.69,2.94,124.03,-82.32,171.95
52.382378,-1.525229,143.03,12.7,2,315.07,21 / 22,1311328,2019-09-06 18:37:58:010,-0.7331,-0.8394,9.9217,-0.0017,0.0027,9.8066,0.0857,-0.071,-0.0055,3.44,-31.56,3.75,90.68,-82.12,171.53
52.382378,-1.525229,143.03,12.7,2,315.07,21 / 22,1311429,2019-09-06 18:37:58:111,-0.7444,0.4326,10.2796,0.0102,-0.0203,9.8066,0.1332,-0.013,-0.0615,3.06,-31.44,3.38,110.69,-81.97,171.41
52.382378,-1.525229,143.03,12.7,2,315.07,21 / 22,1311528,2019-09-06 18:37:58:210,-0.8976,-2.0067,9.2984,0.0333,-0.0066,9.8065,0.0996,-0.0394,0.1091,2.56,-31.94,3.38,114.24,-81.89,171.24
52.382378,-1.525229,143.03,12.7,2,315.07,21 / 22,1311629,2019-09-06 18:37:58:311,-0.3667,-3.6501,8.1485,0.0514,-0.0112,9.8065,-0.1387,-0.0096,-0.0038,2.31,-31.62,3.5,100.29,-82.01,172.87
52.382378,-1.525229,143.03,12.7,2,315.07,21 / 22,1311729,2019-09-06 18:37:58:411,0.6933,-1.6177,9.7284,0.1015,-0.0782,9.8058,0.2715,-0.0045,0.1319,1.63,-32.75,2.69,130.42,-81.96,175.61
52.382378,-1.525229,143.03,12.7,2,315.07,21 / 22,1311828,2019-09-06 18:37:58:510,1.3654,-1.5245,9.4424,0.1197,-0.0123,9.8058,-0.0854,0.1185,-0.0401,2.06,-32.06,3.44,118.26,-82.71,178.17
52.382378,-1.525229,143.03,12.7,2,315.07,21 / 22,1311929,2019-09-06 18:37:58:611,-0.0511,-1.0031,10.9115,0.032,-0.0116,9.8065,0.0041,0.0535,-0.0402,2.06,-32.19,3.19,118.62,-82.7,179.67
52.382378,-1.525229,143.03,12.7,2,315.07,21 / 22,1312029,2019-09-06 18:37:58:711,-0.083,-0.5596,10.0876,0.0337,-0.0393,9.8064,0.0164,-0.0325,0.0913,2,-32.19,3.44,119.82,-82.59,178.67
52.382378,-1.525229,143.03,12.7,2,315.07,21 / 22,1312129,2019-09-06 18:37:58:811,-0.2481,0.9954,10.2461,-0.0179,-0.0152,9.8065,0.0973,0.0441,-0.1096,2.56,-31.87,3.56,93.82,-82.3,177.32
52.382378,-1.525229,143.03,12.7,2,315.07,21 / 22,1312228,2019-09-06 18:37:58:910,1.0079,0.6442,10.4504,-0.005,-0.0268,9.8066,-0.0185,-0.118,0.0449,2.44,-31.37,3.63,91.93,-82.25,174.9
52.382378,-1.525229,143.03,12.7,2,315.07,21 / 22,1312328,2019-09-06 18:37:59:010,0.3986,-0.0897,10.0342,-0.0209,-0.0006,9.8065,0.0384,-0.0129,-0.0467,2.19,-31.37,3.13,120.81,-82.28,174.21
52.382378,-1.525229,143.03,12.7,2,315.07,21 / 22,1312428,2019-09-06 18:37:59:110,-0.4026,-0.2273,9.7338,0.0061,-0.007,9.8066,0.0856,0.006,0.0278,2.81,-30.44,3.19,106.06,-82.2,172.8
52.382378,-1.525229,143.03,12.7,2,315.07,21 / 22,1312528,2019-09-06 18:37:59:210,-0.0466,0.1869,9.7398,-0.0184,-0.0006,9.8066,-0.0815,0.0198,-0.0121,3.31,-30.75,3.75,89.43,-82.08,172.9
52.382378,-1.525229,143.03,12.7,2,315.07,21 / 22,1312630,2019-09-06 18:37:59:312,0.1999,-0.2812,10.1556,-0.0068,-0.0003,9.8066,0.0361,0.0458,-0.031,3.81,-30.37,3.5,84.17,-82.15,172.45
52.382378,-1.525229,143.03,12.7,2,315.07,21 / 22,1312728,2019-09-06 18:37:59:410,1.7387,-0.3679,10.1263,0.0144,-0.0094,9.8066,0.1163,-0.0043,0.0581,3.88,-30.75,3.19,102,-82.17,172.53
52.382378,-1.525229,143.03,12.7,2,315.07,21 / 22,1312829,2019-09-06 18:37:59:511,0.9513,-0.7747,10.3584,0.023,-0.0051,9.8065,0.0713,0.0069,-0.0235,4.13,-31.12,3.81,86.79,-82.13,172.58
52.382378,-1.525229,143.03,12.7,2,315.07,21 / 22,1312929,2019-09-06 18:37:59:611,-0.5546,-0.5828,10.089,-0.0356,0,9.8065,-0.0537,0.0316,-0.0223,3.75,-31.31,4.38,85.76,-82.23,172.47
52.382378,-1.525229,143.03,12.7,2,315.07,21 / 22,1313028,2019-09-06 18:37:59:710,-0.5439,0.1042,9.9946,-0.0128,-0.0059,9.8066,0.0453,-0.0285,0.0433,4,-31.31,4,85.73,-82.16,171.88
52.382378,-1.525229,143.03,12.7,2,315.07,21 / 22,1313128,2019-09-06 18:37:59:810,-0.0352,0.7178,10.3272,-0.0253,0.0006,9.8065,-0.1054,0.1158,-0.0705,4,-31.31,4.25,86.85,-82.02,171.73
52.382378,-1.525229,143.03,12.7,2,315.07,21 / 22,1313228,2019-09-06 18:37:59:910,0.1586,0.9499,9.6294,-0.0385,0.0182,9.8065,-0.1313,0.0561,-0.0489,4.06,-31.62,4.19,90.2,-81.95,172.02
52.382378,-1.525229,143.03,12.7,2,315.07,21 / 22,1313329,2019-09-06 18:38:00:011,-0.4952,-0.5509,9.8261,0.0265,-0.0089,9.8065,0.0803,-0.0219,0.0454,2.88,-31.19,4.56,62.97,-82.13,170.99
52.382378,-1.525229,143.03,12.7,2,315.07,21 / 22,1313428,2019-09-06 18:38:00:110,-0.2047,-1.7386,9.7895,0.0381,0.0278,9.8065,0.0602,0.1601,-0.124,3,-31.87,4.06,89.57,-82.23,171.82
52.382378,-1.525229,143.03,12.7,2,315.07,21 / 22,1313529,2019-09-06 18:38:00:211,-0.3848,-0.15,9.8305,-0.0075,-0.0027,9.8066,-0.0132,0.0059,-0.0212,3.5,-31.62,3.5,84.5,-82.37,170.51
52.382378,-1.525229,143.03,12.7,2,315.07,21 / 22,1313628,2019-09-06 18:38:00:310,0.4472,0.1045,10.2444,-0.0064,-0.006,9.8066,-0.0345,-0.0075,-0.0383,4,-31.87,3.81,83.95,-82.33,169.66
52.382378,-1.525229,143.03,12.7,2,315.07,21 / 22,1313729,2019-09-06 18:38:00:411,-0.7371,0.059,10.2439,-0.0521,0.0063,9.8064,-0.0119,-0.0141,0.0501,3.31,-31.44,3.88,86.19,-82.1,170.09
52.382378,-1.525229,143.03,12.7,2,315.07,21 / 22,1313828,2019-09-06 18:38:00:510,0.8698,-2.7209,9.9011,-0.0597,-0.0148,9.8064,-0.0194,0.174,-0.1167,3.19,-32.19,4.63,67.93,-81.9,170.5
52.382378,-1.525229,143.03,12.7,2,315.07,21 / 22,1313928,2019-09-06 18:38:00:610,-0.4362,-0.5226,10.2211,0.0185,0.0313,9.8065,0.1172,0.1207,0.0546,3.56,-31.75,4.5,72.97,-81.95,171.71
52.382378,-1.525229,143.03,12.7,2,315.07,21 / 22,1314028,2019-09-06 18:38:00:710,-1.472,-1.1178,9.7043,0.0276,0.0094,9.8065,0.0932,0.0805,0.0004,3.25,-32.25,4.19,94.18,-81.96,172.93
52.382378,-1.525229,143.03,12.7,2,315.07,21 / 22,1314128,2019-09-06 18:38:00:810,0.1317,-1.2222,10.0775,-0.0122,0.0112,9.8066,-0.116,-0.0071,0.0376,3.44,-31.81,4,93.15,-82.08,173.59
52.382378,-1.525229,143.03,12.7,2,315.07,21 / 22,1314228,2019-09-06 18:38:00:910,-1.1293,0.3817,8.9052,0.0266,0.0362,9.8065,0.0011,0.1131,-0.0666,2.94,-32,3.94,94.03,-82.23,176.6
52.382378,-1.525229,143.03,12.7,2,315.07,21 / 22,1314328,2019-09-06 18:38:01:010,-0.147,-3.4475,10.1844,-0.0493,-0.0095,9.8064,-0.0537,0.1081,-0.1142,2.94,-31.87,3.94,95.63,-82.05,176.02
52.382378,-1.525229,143.03,12.7,2,315.07,21 / 22,1314429,2019-09-06 18:38:01:111,-1.0806,-0.4313,10.4096,-0.0107,-0.0141,9.8065,-0.0125,0.0408,-0.0408,3.56,-31.62,4.13,90.57,-82.24,175.17
52.382378,-1.525229,143.03,12.7,2,315.07,21 / 22,1314529,2019-09-06 18:38:01:211,1.4453,-1.4773,10.2276,-0.0283,-0.0004,9.8065,-0.1375,0.1571,-0.1438,3.13,-31.69,3.81,87.75,-82.54,173.97
52.382378,-1.525229,143.03,12.7,2,315.07,21 / 22,1314629,2019-09-06 18:38:01:311,0.5054,-1.864,9.4685,-0.045,-0.0171,9.8065,-0.0892,0.0995,-0.0552,3.19,-31.94,4.25,90.02,-82.21,172.08
52.382378,-1.525229,143.03,12.7,2,315.07,21 / 22,1314729,2019-09-06 18:38:01:411,-0.5161,-0.2453,10.8878,0.0504,0.0045,9.8065,0.1163,-0.0401,0.0421,3.56,-31.25,4.69,67.37,-82.3,171.41
52.382378,-1.525229,143.03,12.7,2,315.07,21 / 22,1314829,2019-09-06 18:38:01:511,0.0381,-0.231,10.1058,0.0637,-0.0006,9.8064,-0.0348,0.0421,-0.0238,3,-31.19,4.38,86.32,-82.27,172.3
52.382378,-1.525229,143.03,12.7,2,315.07,21 / 22,1314929,2019-09-06 18:38:01:611,-0.9011,0.0901,9.418,-0.0286,0.0009,9.8066,-0.0222,0.0036,0.1133,3.31,-31.87,3.81,92.5,-82.09,172.98
52.382378,-1.525229,143.03,12.7,2,315.07,21 / 22,1315029,2019-09-06 18:38:01:711,-0.04,0.5088,9.778,-0.0088,0.0201,9.8066,-0.0932,0.1851,-0.0006,3.31,-31.69,4.19,92.14,-82.19,173.97
52.382378,-1.525229,143.03,12.7,2,315.07,21 / 22,1315129,2019-09-06 18:38:01:811,-0.3069,-0.9715,9.223,0.0322,0.0042,9.8066,0.0737,0.0805,-0.0311,2.94,-31.44,4.38,88.49,-82.24,174.02
52.382378,-1.525229,143.03,12.7,2,315.07,21 / 22,1315228,2019-09-06 18:38:01:910,0.4521,-1.2107,9.5581,0.0028,-0.0003,9.8066,0.0052,0.1032,-0.0312,3.38,-31.94,4.5,68.98,-82.33,174.27
52.382378,-1.525229,143.03,12.7,2,315.07,21 / 22,1315328,2019-09-06 18:38:02:010,-0.8276,0.0065,9.4703,-0.03,0.0016,9.8065,-0.1311,0.0494,-0.0528,3.44,-31.87,4.13,89.4,-82.33,173.03
52.382378,-1.525229,143.03,12.7,2,315.07,21 / 22,1315428,2019-09-06 18:38:02:110,1.235,-0.9117,10.0656,-0.0194,-0.0141,9.8065,-0.0907,0.0374,-0.0541,3.06,-31.69,4.31,87.79,-82.37,171.99
52.382378,-1.525229,143.03,12.7,2,315.07,21 / 22,1315529,2019-09-06 18:38:02:211,-0.4336,-0.4322,9.9352,-0.0443,0.0006,9.8065,-0.1285,0.0199,-0.0224,3.25,-31.5,4.31,85.38,-82.25,171.26
52.382378,-1.525229,143.03,12.7,2,315.07,21 / 22,1315628,2019-09-06 18:38:02:310,-1.3019,-1.0357,9.9984,-0.0132,-0.0074,9.8066,-0.0513,0.0018,-0.0179,3.56,-31.69,4.06,84.62,-82.37,170.64
52.382378,-1.525229,143.03,12.7,2,315.07,21 / 22,1315729,2019-09-06 18:38:02:411,0.3382,-0.9495,9.0926,0.0287,0.0087,9.8066,0.0013,-0.0099,0.0383,3.44,-31.31,4.56,59.03,-82.42,170.57
52.382378,-1.525229,143.03,12.7,2,315.07,21 / 22,1315829,2019-09-06 18:38:02:511,0.2204,-0.5226,9.3958,0.0229,0.0097,9.8065,0.0197,0.0138,0.0708,3.56,-31.56,4.44,83.84,-82.45,170.63
52.382378,-1.525229,143.03,12.7,2,315.07,21 / 22,1315929,2019-09-06 18:38:02:611,-0.4683,1.0661,9.8678,0.0338,0.005,9.8065,0.1282,0.0213,0.0066,3.69,-31.12,4.88,65.88,-82.49,171.45
52.382378,-1.525229,143.03,12.7,2,315.07,21 / 22,1316029,2019-09-06 18:38:02:711,1.4961,-0.2264,10.4512,0.0491,0.0186,9.8064,0.175,-0.0091,-0.0074,3.56,-31.62,5.06,66.5,-82.59,171.14
52.382378,-1.525229,143.03,12.7,2,315.07,21 / 22,1316129,2019-09-06 18:38:02:811,-2.0846,0.0364,10.2151,-0.038,-0.011,9.8065,0.0486,-0.0023,0.0748,3.5,-32.06,5.25,69.51,-82.3,171.47
52.382378,-1.525229,143.03,12.7,2,315.07,21 / 22,1316228,2019-09-06 18:38:02:910,-1.0137,-1.2388,10.5432,0.0018,0.0104,9.8065,0.0718,0.0829,-0.033,3.75,-31,5.44,67.32,-82.36,171.72
52.382378,-1.525229,143.03,12.7,2,315.07,21 / 22,1316328,2019-09-06 18:38:03:010,-0.3721,-0.523,10.2756,-0.0263,0.0048,9.8065,-0.0169,-0.0362,0.0208,3.44,-30.81,4.44,84.61,-82.37,171.97
52.382378,-1.525229,143.03,12.7,2,315.07,21 / 22,1316429,2019-09-06 18:38:03:111,-1.2736,-0.3253,9.9807,-0.0215,0.0044,9.8066,-0.0165,0.0283,-0.0256,3.56,-31.12,4.75,70.11,-82.24,173
52.382378,-1.525229,143.03,12.7,2,315.07,21 / 22,1316528,2019-09-06 18:38:03:210,0.2096,-0.6963,9.4283,0.0346,-0.002,9.8066,0.0576,-0.0151,0.0836,3.69,-30.81,4.94,66.47,-82.42,171.5
52.382378,-1.525229,143.03,12.7,2,315.07,21 / 22,1316628,2019-09-06 18:38:03:310,1.5889,-0.1033,9.6948,0.0323,0.0104,9.8066,0.1275,-0.0027,-0.0225,3.31,-30.19,5.69,40.73,-82.5,171.46
52.382378,-1.525229,143.03,12.7,2,315.07,21 / 22,1316728,2019-09-06 18:38:03:410,-0.5225,-1.0925,9.7362,-0.0393,-0.0254,9.8064,-0.0619,0.0393,-0.0288,4.63,-28.94,5.25,69.63,-82.13,172.42
52.382378,-1.525229,143.03,12.7,2,315.07,21 / 22,1316829,2019-09-06 18:38:03:511,0.1599,-0.1793,9.5897,-0.0497,-0.021,9.8064,-0.0528,-0.0193,0.0742,3.94,-29.12,4.5,66.39,-82.04,172.14
52.382378,-1.525229,143.03,12.7,2,315.07,21 / 22,1316929,2019-09-06 18:38:03:611,-0.6548,0.1253,9.7327,0.019,0.0188,9.8066,-0.0602,0.0682,-0.0459,3.13,-30.75,5.13,69.78,-81.93,173.72
52.382378,-1.525229,143.03,12.7,2,315.07,21 / 22,1317028,2019-09-06 18:38:03:710,-0.4355,-0.1567,9.4594,0.0206,0.018,9.8066,0.0705,-0.0273,0.0514,3.13,-31.81,5.63,51.63,-82.24,174.27
52.382378,-1.525229,143.03,12.7,2,315.07,21 / 22,1317128,2019-09-06 18:38:03:810,-0.3736,-0.5188,9.7899,-0.0084,0.0023,9.8066,-0.1379,0.1161,-0.0881,3.88,-31.37,5.13,71.54,-82.31,174.44
52.382378,-1.525229,143.03,12.7,2,315.07,21 / 22,1317228,2019-09-06 18:38:03:910,0.4202,0.7573,10.2573,-0.0066,-0.0128,9.8066,0.0325,-0.0007,0.0889,3.63,-31.75,4.75,70.85,-82.46,173.42
52.382378,-1.525229,143.03,12.7,2,315.07,21 / 22,1317328,2019-09-06 18:38:04:010,-0.3499,0.5471,10.318,-0.05,0.0038,9.8064,0.0281,0.0215,-0.1278,3.88,-31.12,4.88,72.56,-82.17,174.37
52.383053,-1.526397,143.84,12.36,2,309.42,21 / 22,1317429,2019-09-06 18:38:04:111,-0.6517,-0.5234,9.6544,-0.0121,-0.0069,9.8066,0.0885,-0.0376,-0.0178,3.75,-31.94,5.25,74.09,-82.25,174.48
52.383053,-1.526397,143.84,12.36,2,309.42,21 / 22,1317529,2019-09-06 18:38:04:211,-0.4428,-1.2165,10.28,0.0278,0.0186,9.8065,-0.0154,0.0482,-0.0265,3.44,-31.87,4.94,70.27,-82.26,174.58
52.383053,-1.526397,143.84,12.36,2,309.42,21 / 22,1317629,2019-09-06 18:38:04:311,-0.6401,-0.6012,10.3497,-0.0108,-0.0105,9.8065,-0.0219,-0.0607,0.0388,4.06,-31.25,4.75,68.99,-82.47,173.51
52.383053,-1.526397,143.84,12.36,2,309.42,21 / 22,1317729,2019-09-06 18:38:04:411,0.6037,0.1532,10.2577,-0.0311,-0.0123,9.8065,0.0911,0.0627,-0.0172,4.06,-31.56,5.06,70.25,-82.45,172.93
52.383053,-1.526397,143.84,12.36,2,309.42,21 / 22,1317829,2019-09-06 18:38:04:511,1.6522,-0.4051,10.1539,0.0088,0.001,9.8066,0.0567,0.0454,0.0339,3.44,-31.19,4.88,59.95,-82.44,171.2
52.383053,-1.526397,143.84,12.36,2,309.42,21 / 22,1317929,2019-09-06 18:38:04:611,0.0168,1.6982,9.9639,-0.0227,-0.0065,9.8066,-0.0145,0.1125,-0.0375,3.88,-31.37,5.63,53.44,-82.28,171.68
52.383053,-1.526397,143.84,12.36,2,309.42,21 / 22,1318028,2019-09-06 18:38:04:710,-0.1455,-0.1194,9.4942,0.0347,0.0171,9.8065,0.0686,-0.0645,0.0466,4,-31.5,5.25,66.88,-82.45,171.94
52.383053,-1.526397,143.84,12.36,2,309.42,21 / 22,1318128,2019-09-06 18:38:04:810,-0.021,0.4966,9.3527,0.0248,-0.0267,9.8065,-0.08,-0.1071,-0.0065,3.06,-31.12,4.88,61.23,-82.3,171.12
52.383053,-1.526397,143.84,12.36,2,309.42,21 / 22,1318229,2019-09-06 18:38:04:911,-0.5855,0.7801,9.5988,0.0309,0.001,9.8066,0.1037,-0.0538,0.0702,3.06,-30.56,5.38,59.29,-82.39,170.57
52.383053,-1.526397,143.84,12.36,2,309.42,21 / 22,1318329,2019-09-06 18:38:05:011,-1.2149,-0.2996,9.9092,0.0355,0.0124,9.8065,-0.0161,0.048,-0.1027,3.69,-31,5.75,47.59,-82.5,169.06
52.383053,-1.526397,143.84,12.36,2,309.42,21 / 22,1318428,2019-09-06 18:38:05:110,0.3671,-1.4166,10.4654,0.0202,0.0058,9.8065,0.097,0.0638,-0.0407,4.44,-30.69,5.88,46.14,-82.36,167.76
52.383053,-1.526397,143.84,12.36,2,309.42,21 / 22,1318529,2019-09-06 18:38:05:211,-0.0133,-0.1712,10.5288,-0.0334,-0.0152,9.8065,-0.0194,0.0145,-0.0033,4.13,-31,4.69,64.35,-82.06,168.07
52.383053,-1.526397,143.84,12.36,2,309.42,21 / 22,1318628,2019-09-06 18:38:05:310,-0.8577,-0.1271,10.4804,-0.0089,-0.0057,9.8066,-0.0446,0.0023,-0.053,4.88,-31,4.38,81.72,-81.98,167.88
52.383053,-1.526397,143.84,12.36,2,309.42,21 / 22,1318728,2019-09-06 18:38:05:410,0.1064,-0.6227,9.5698,-0.0079,-0.0103,9.8066,-0.1373,-0.0351,-0.029,5.13,-31,4.94,67.81,-81.83,167.03
52.383053,-1.526397,143.84,12.36,2,309.42,21 / 22,1318828,2019-09-06 18:38:05:510,0.2197,-0.6943,8.7412,-0.0038,-0.0017,9.8066,-0.0264,0.1558,-0.0475,4.88,-29.62,3.75,80.11,-81.78,166.9
52.383053,-1.526397,143.84,12.36,2,309.42,21 / 22,1318928,2019-09-06 18:38:05:610,-1.6214,0.5608,9.189,0.0142,-0.0213,9.8065,-0.0143,0.0178,0.053,6.25,-29.75,3.38,91.26,-81.73,167.32
52.383053,-1.526397,143.84,12.36,2,309.42,21 / 22,1319029,2019-09-06 18:38:05:711,-0.3217,1.2529,9.5767,-0.0032,0.0085,9.8066,-0.1661,0.0738,-0.1104,8.13,-28.31,4.06,75.33,-81.89,166.22
52.383053,-1.526397,143.84,12.36,2,309.42,21 / 22,1319129,2019-09-06 18:38:05:811,0.3795,-1.2493,9.9187,0.0064,0.0142,9.8066,0.0547,0.0649,0.0416,8.69,-27.69,5.63,60.46,-82.17,165.92
52.383053,-1.526397,143.84,12.36,2,309.42,21 / 22,1319228,2019-09-06 18:38:05:910,-0.0848,-0.4926,9.508,-0.0231,0.0181,9.8065,-0.1607,0.0994,0.0964,7.13,-28.31,6.56,50.68,-82.14,167.91
52.383053,-1.526397,143.84,12.36,2,309.42,21 / 22,1319329,2019-09-06 18:38:06:011,0.2175,0.6503,10.6582,-0.0077,-0.0197,9.8065,-0.086,-0.0136,-0.0856,4.63,-30.19,7,43.42,-82.19,168.51
52.383053,-1.526397,143.84,12.36,2,309.42,21 / 22,1319428,2019-09-06 18:38:06:110,0.3714,0.2308,9.1823,-0.0197,-0.0001,9.8065,0.0859,0.088,0.0593,4.88,-29.5,6.75,40.62,-82.35,167.77
52.383053,-1.526397,143.84,12.36,2,309.42,21 / 22,1319529,2019-09-06 18:38:06:211,0.4568,-0.5866,8.5151,0.034,-0.018,9.8065,-0.0727,0.1007,-0.0138,3.5,-30.31,5.88,47.74,-82.27,169.2
52.383053,-1.526397,143.84,12.36,2,309.42,21 / 22,1319629,2019-09-06 18:38:06:311,0.1776,2.0932,10.0412,-0.0011,-0.0238,9.8065,0.0795,0.1015,-0.1778,3.44,-30.12,5.63,29.83,-82.29,165.65
52.383053,-1.526397,143.84,12.36,2,309.42,21 / 22,1319729,2019-09-06 18:38:06:411,1.056,0.4923,10.0433,-0.0003,-0.0144,9.8066,0.0729,0.0163,0.0378,3.19,-30.44,6.13,30,-82.08,165.2
52.383053,-1.526397,143.84,12.36,2,309.42,21 / 22,1319829,2019-09-06 18:38:06:511,1.7075,0.3019,9.3531,-0.0117,-0.0267,9.8066,-0.0069,0.1207,-0.0607,4.06,-30.5,6,41.08,-81.96,164.53
52.383053,-1.526397,143.84,12.36,2,309.42,21 / 22,1319929,2019-09-06 18:38:06:611,0.2069,-1.6779,9.8278,-0.0026,-0.0058,9.8066,0.0792,-0.0555,0.0135,4.63,-30.69,5.94,49.99,-81.83,164.13
52.383053,-1.526397,143.84,12.36,2,309.42,21 / 22,1320029,2019-09-06 18:38:06:711,-0.4693,-0.1845,9.8872,-0.0185,-0.0021,9.8066,-0.1124,0.0393,0.1365,4.56,-31,5.75,49.98,-81.79,164.01
52.383053,-1.526397,143.84,12.36,2,309.42,21 / 22,1320128,2019-09-06 18:38:06:810,0.8211,0.1086,9.8128,0.0026,0.0064,9.8066,-0.0421,0.0936,0.1411,4.06,-31.25,5.69,45.47,-81.77,165.31
52.383053,-1.526397,143.84,12.36,2,309.42,21 / 22,1320229,2019-09-06 18:38:06:911,-0.4184,0.1006,9.5642,0.0029,-0.0093,9.8066,-0.0829,0.0265,-0.0779,4.56,-31.25,5.81,50.67,-81.8,164.45
52.383053,-1.526397,143.84,12.36,2,309.42,21 / 22,1320328,2019-09-06 18:38:07:010,1.6568,-0.3489,10.4257,0.0119,0.0195,9.8065,0.1396,-0.0243,0.0714,5.13,-31.31,5.81,51.3,-81.99,165.48
52.383053,-1.526397,143.84,12.36,2,309.42,21 / 22,1320428,2019-09-06 18:38:07:110,1.5468,-0.2314,9.8741,0.027,0.0069,9.8065,0.0217,0.038,-0.0612,3.94,-30.81,5.13,59.55,-82.08,165.25
52.383053,-1.526397,143.84,12.36,2,309.42,21 / 22,1320528,2019-09-06 18:38:07:210,0.9496,0.1979,9.6938,-0.029,-0.0019,9.8066,0.1143,-0.0101,0.0301,4.63,-31.69,5.25,66.74,-82.01,165.91
52.383053,-1.526397,143.84,12.36,2,309.42,21 / 22,1320628,2019-09-06 18:38:07:310,1.001,0.0818,10.1029,-0.0204,-0.0083,9.8066,-0.0987,0.0009,0.0486,4.5,-32.25,6.06,54.32,-81.95,166.27
52.383053,-1.526397,143.84,12.36,2,309.42,21 / 22,1320728,2019-09-06 18:38:07:410,1.0612,-0.893,10.2482,0.0259,0.009,9.8066,-0.0832,0.0728,-0.053,3.81,-31.69,6,48.31,-81.91,166.36
52.383053,-1.526397,143.84,12.36,2,309.42,21 / 22,1320829,2019-09-06 18:38:07:511,0.2514,0.6569,9.6349,0.0167,0.0207,9.8065,0.104,0.0365,-0.0031,4.25,-31.69,5.63,47.73,-82.07,166.66
52.383053,-1.526397,143.84,12.36,2,309.42,21 / 22,1320929,2019-09-06 18:38:07:611,1.3851,-0.0238,10.4045,-0.0187,0.0031,9.8066,0.0867,0.065,0.0433,4.5,-31.81,5.94,56.74,-81.98,167.89
52.383053,-1.526397,143.84,12.36,2,309.42,21 / 22,1321029,2019-09-06 18:38:07:711,1.9417,1.4739,10.5519,-0.0071,0.004,9.8066,-0.03,-0.0055,0.036,3.75,-31,5.81,48.94,-82.1,168.36
52.383053,-1.526397,143.84,12.36,2,309.42,21 / 22,1321128,2019-09-06 18:38:07:810,1.0336,-0.0203,10.1363,-0.0203,-0.0022,9.8065,0.0725,-0.025,-0.0309,4.06,-31.5,6.06,47.97,-82.15,168
52.383053,-1.526397,143.84,12.36,2,309.42,21 / 22,1321228,2019-09-06 18:38:07:910,0.4043,0.7323,9.7657,-0.0249,-0.0049,9.8065,0.0412,-0.0884,0.0553,4.5,-31.44,6.19,56.15,-82.08,168.88
52.383053,-1.526397,143.84,12.36,2,309.42,21 / 22,1321328,2019-09-06 18:38:08:010,1.2886,-0.5851,9.6818,0.0135,0.0247,9.8065,-0.0656,0.0343,0.0204,3.75,-31.62,5.56,54.72,-81.95,170.07
52.383053,-1.526397,143.84,12.36,2,309.42,21 / 22,1321428,2019-09-06 18:38:08:110,0.3336,0.4659,9.5712,0.0324,0.0153,9.8065,-0.0336,0.0559,-0.0347,3.69,-31.75,6,55.5,-82.13,171.29
52.383053,-1.526397,143.84,12.36,2,309.42,21 / 22,1321529,2019-09-06 18:38:08:211,1.5887,0.2251,10.0652,-0.0036,0.0083,9.8066,-0.0089,-0.0474,0.0704,3.94,-30.87,5.69,53.82,-82.25,171.8
52.383053,-1.526397,143.84,12.36,2,309.42,21 / 22,1321629,2019-09-06 18:38:08:311,0.8335,1.2879,9.4186,-0.0149,-0.015,9.8065,-0.1268,-0.0338,0.022,4.06,-30.87,5.44,67.75,-82.25,171.4
52.383053,-1.526397,143.84,12.36,2,309.42,21 / 22,1321729,2019-09-06 18:38:08:411,0.8916,-0.0977,10.0988,0.046,0.0076,9.8065,0.1471,0.0078,-0.047,4.44,-31.25,4.88,68.72,-82.24,172
52.383053,-1.526397,143.84,12.36,2,309.42,21 / 22,1321828,2019-09-06 18:38:08:510,1.5935,-0.1237,9.6041,0.0337,0.0015,9.8065,0.0797,-0.0308,0.0374,5.25,-30.56,4.94,69.38,-82.39,171.04
52.383053,-1.526397,143.84,12.36,2,309.42,21 / 22,1321929,2019-09-06 18:38:08:611,1.2707,0.3725,10.3476,-0.0117,-0.0018,9.8066,0.0084,0.0236,0.0235,6.94,-29.5,5,71.9,-82.22,171.35
52.383053,-1.526397,143.84,12.36,2,309.42,21 / 22,1322029,2019-09-06 18:38:08:711,-0.0198,0.148,9.7688,-0.0079,-0.0028,9.8066,-0.0263,0.0223,-0.0263,7.63,-28.81,6.19,65.96,-82.11,171.13
52.383053,-1.526397,143.84,12.36,2,309.42,21 / 22,1322128,2019-09-06 18:38:08:810,1.648,0.5696,10.1816,-0.0099,-0.0021,9.8066,0.0918,0.0036,0.0267,6.81,-29.75,7,57.78,-82,171.48
52.383053,-1.526397,143.84,12.36,2,309.42,21 / 22,1322229,2019-09-06 18:38:08:911,1.0851,0.5878,9.7446,0.0034,0.0069,9.8066,-0.0267,-0.0427,0.0284,6.13,-30.19,6.94,54.65,-81.97,171.88
52.383053,-1.526397,143.84,12.36,2,309.42,21 / 22,1322329,2019-09-06 18:38:09:011,1.5144,-0.0713,9.1159,0.0082,0.0022,9.8066,-0.0393,0.0254,-0.0528,4.63,-30.25,6.94,48.78,-82.1,171.73
52.383053,-1.526397,143.84,12.36,2,309.42,20 / 22,1322429,2019-09-06 18:38:09:111,0.4176,0.381,9.4157,0.0019,0.0188,9.8065,-0.0829,-0.0653,0.0537,4.44,-30.37,7.38,42.48,-82.26,172.62
52.383053,-1.526397,143.84,12.36,2,309.42,20 / 22,1322529,2019-09-06 18:38:09:211,1.0035,0.2335,9.7666,0.0095,0.0245,9.8066,-0.0985,-0.0081,0.0189,4.44,-31.56,6.69,43.6,-82.62,172.94
52.383053,-1.526397,143.84,12.36,2,309.42,20 / 22,1322629,2019-09-06 18:38:09:311,0.9298,-0.3848,10.1731,-0.0038,0.0011,9.8066,-0.024,0.0752,-0.0168,4.06,-30.94,5.44,67.21,-82.67,173.4
52.383053,-1.526397,143.84,12.36,2,309.42,20 / 22,1322729,2019-09-06 18:38:09:411,1.1228,0.8231,9.5383,-0.0058,0.0025,9.8066,0.1387,0.0393,-0.0088,4.56,-31.75,5.88,62.19,-82.6,174.17
52.383053,-1.526397,143.84,12.36,2,309.42,20 / 22,1322828,2019-09-06 18:38:09:510,2.1049,-0.6554,9.6516,-0.0208,-0.0013,9.8066,0.1612,-0.0743,0.0339,3.69,-31.94,6.19,60.34,-82.31,175.12
52.383053,-1.526397,143.84,12.36,2,309.42,20 / 22,1322928,2019-09-06 18:38:09:610,1.3203,1.2993,9.5594,-0.0022,0.0192,9.8066,0.0042,-0.0051,0.0011,3.88,-32.12,6.88,52.46,-82,176.3
52.383053,-1.526397,143.84,12.36,2,309.42,20 / 22,1323029,2019-09-06 18:38:09:711,0.7419,0.2791,10.2605,0.035,0.0229,9.8065,0.0461,0.0657,-0.0266,3.44,-31.69,7,45.84,-81.86,176.96
52.383053,-1.526397,143.84,12.36,2,309.42,20 / 22,1323129,2019-09-06 18:38:09:811,-0.4689,0.4661,10.3242,-0.0453,-0.0214,9.8065,0.1367,-0.0207,0.081,3.31,-32.37,6.38,64.02,-81.63,178.2
52.383053,-1.526397,143.84,12.36,2,309.42,20 / 22,1323228,2019-09-06 18:38:09:910,1.027,-1.0881,9.4783,-0.0233,-0.0131,9.8066,-0.2861,-0.0621,0.0365,3.81,-32.19,6.44,68.59,-81.82,178.34
52.383053,-1.526397,143.84,12.36,2,309.42,20 / 22,1323329,2019-09-06 18:38:10:011,2.1563,0.613,9.1948,0.0196,0.0247,9.8066,-0.2105,0.0412,-0.0379,3.19,-32,6.63,46.34,-82.18,178.31
52.383053,-1.526397,143.84,12.36,2,309.42,21 / 22,1323428,2019-09-06 18:38:10:110,1.303,0.9501,9.8934,0.0158,0.0121,9.8066,-0.0009,-0.0282,0.0014,4.06,-31.87,6,63.89,-82.57,178.78
52.383053,-1.526397,143.84,12.36,2,309.42,21 / 22,1323529,2019-09-06 18:38:10:211,1.7292,0.3817,10.1083,0.0172,0.0062,9.8066,0.0986,0.0475,-0.0238,3.38,-32.19,5.44,69.9,-82.83,178.45
52.383053,-1.526397,143.84,12.36,2,309.42,21 / 22,1323628,2019-09-06 18:38:10:310,1.2371,0.0456,9.8821,0.0038,0.0009,9.8065,0.1246,-0.0013,-0.0138,3.63,-32,5.75,62.34,-82.68,178.18
52.383053,-1.526397,143.84,12.36,2,309.42,21 / 22,1323728,2019-09-06 18:38:10:410,0.5784,-0.2151,10.2749,-0.0334,-0.0043,9.8065,0.133,-0.0125,0.0145,2.88,-32,5.75,57.97,-82.3,178.12
52.383053,-1.526397,143.84,12.36,2,309.42,21 / 22,1323829,2019-09-06 18:38:10:511,0.4508,-0.8497,10.3113,-0.0191,-0.0058,9.8066,-0.0363,-0.0163,0.0264,4.06,-32.62,6.38,67.51,-82.18,178.21
52.383053,-1.526397,143.84,12.36,2,309.42,21 / 22,1323929,2019-09-06 18:38:10:611,1.6268,-0.3921,9.7925,-0.0035,-0.002,9.8066,0.0194,0.053,-0.038,2.94,-32.25,5.94,59.46,-82.18,178.39
52.383053,-1.526397,143.84,12.36,2,309.42,21 / 22,1324029,2019-09-06 18:38:10:711,1.8145,0.9165,9.7829,-0.0223,0.0043,9.8066,-0.0114,0.0357,0.0479,3.44,-32.19,6.38,61.08,-82.16,179.26
52.383053,-1.526397,143.84,12.36,2,309.42,21 / 22,1324129,2019-09-06 18:38:10:811,1.5311,-0.3659,9.7286,0.0174,0.0091,9.8065,-0.0317,0.0675,-0.0036,2.94,-31.87,6.56,48.94,-82.25,-179.93
52.383053,-1.526397,143.84,12.36,2,309.42,21 / 22,1324229,2019-09-06 18:38:10:911,1.0525,0.0256,9.7253,0.0081,0.0116,9.8066,0.0417,0.0343,0.0357,3.94,-31.81,7.06,57.96,-82.19,-179.44
52.383053,-1.526397,143.84,12.36,2,309.42,21 / 22,1324328,2019-09-06 18:38:11:010,2.0247,0.081,9.7568,0.0012,0.0103,9.8065,-0.0054,0.1034,-0.0083,3.31,-32.44,7.38,51.79,-82.13,-178.73
52.383053,-1.526397,143.84,12.36,2,309.42,20 / 21,1324429,2019-09-06 18:38:11:111,1.6913,0.2821,10.2003,0.0152,0.0192,9.8065,0.0642,0.0864,0.0177,3.94,-32.06,7.5,51.17,-82.26,-177.82
52.383053,-1.526397,143.84,12.36,2,309.42,20 / 21,1324528,2019-09-06 18:38:11:210,1.8682,0.1165,9.6258,-0.0217,-0.0094,9.8065,0.0655,0.1279,-0.032,2.94,-32.12,7.19,53.11,-82.34,-177.12
52.383053,-1.526397,143.84,12.36,2,309.42,20 / 21,1324628,2019-09-06 18:38:11:310,1.9646,-0.1384,9.3588,-0.0117,0.001,9.8066,0.0415,0.0987,0.0185,3.81,-32.62,7.13,63.04,-82.34,-176.24
52.383053,-1.526397,143.84,12.36,2,309.42,20 / 21,1324728,2019-09-06 18:38:11:410,1.7606,-0.8295,9.3842,0.0143,0.0165,9.8066,-0.0622,0.0596,-0.0002,3.63,-31.87,7.38,61.75,-82.49,-175.58
52.383053,-1.526397,143.84,12.36,2,309.42,20 / 21,1324829,2019-09-06 18:38:11:511,0.7759,-0.4356,9.2273,0.0073,0.0155,9.8066,-0.0249,0.1292,-0.0153,3.56,-31.94,7.56,53.65,-82.61,-175.03
52.383053,-1.526397,143.84,12.36,2,309.42,20 / 21,1324929,2019-09-06 18:38:11:611,1.7131,0.409,9.6146,0.0019,0.0097,9.8066,-0.0856,0.1005,0.0337,3.06,-32.69,7.25,56.35,-82.8,-174.09
52.383053,-1.526397,143.84,12.36,2,309.42,20 / 21,1325028,2019-09-06 18:38:11:710,2.8325,-0.2907,9.2866,0.0185,0.0198,9.8066,-0.0053,0.0506,0.0773,2.94,-31.62,7.44,53.93,-83.06,-173.84
52.383053,-1.526397,143.84,12.36,2,309.42,20 / 21,1325128,2019-09-06 18:38:11:810,1.4118,1.1691,9.9287,0.0012,0.0063,9.8066,0.0204,0.135,-0.0227,4,-32.31,7.44,62.15,-83.16,-172.63
52.383053,-1.526397,143.84,12.36,2,309.42,20 / 21,1325229,2019-09-06 18:38:11:911,1.9771,1.2613,9.4573,0.0132,0.0083,9.8066,0.0226,0.1876,-0.076,3.06,-32.19,7.63,48.14,-83.33,-171.58
52.383053,-1.526397,143.84,12.36,2,309.42,20 / 21,1325329,2019-09-06 18:38:12:011,2.4895,-1.2906,9.7371,0.0104,-0.0054,9.8066,0.0435,0.1083,0.0287,3.63,-32.44,7.38,60.5,-83.46,-172.69
52.383053,-1.526397,143.84,12.36,2,309.42,20 / 21,1325429,2019-09-06 18:38:12:111,2.7458,0.1678,9.9377,0.0108,0.0071,9.8065,-0.0827,0.1441,-0.0076,3.25,-32.06,7.5,44.72,-83.6,-173.16
52.383053,-1.526397,143.84,12.36,2,309.42,20 / 21,1325529,2019-09-06 18:38:12:211,3.3761,0.6543,9.3718,0.0005,0.0135,9.8065,-0.1309,0.2232,-0.0483,3.06,-32.12,8.63,40.65,-83.73,-171.88
52.383053,-1.526397,143.84,12.36,2,309.42,20 / 21,1325628,2019-09-06 18:38:12:310,2.0144,1.2814,9.591,-0.0272,-0.0272,9.8065,0.0103,0.2418,-0.0418,3.69,-31.25,8.56,48.87,-83.57,-170.73
52.383053,-1.526397,143.84,12.36,2,309.42,20 / 21,1325729,2019-09-06 18:38:12:411,2.347,1.0903,9.2216,0.0014,0.0272,9.8065,0.0177,0.1328,0.0641,3.5,-30.56,9.5,46.26,-83.62,-169.13
52.383053,-1.526397,143.84,12.36,2,309.42,20 / 21,1325828,2019-09-06 18:38:12:510,1.1889,1.2642,10.1411,-0.0016,0.0155,9.8065,0.1001,0.1868,-0.0335,4,-31.06,10.5,44.1,-83.44,-168.26
52.383053,-1.526397,143.84,12.36,2,309.42,20 / 21,1325928,2019-09-06 18:38:12:610,1.4821,0.3317,9.6958,-0.0202,-0.0076,9.8066,0.137,0.1091,0.0652,4.31,-30.75,11.56,43.22,-83.26,-166.8
52.383053,-1.526397,143.84,12.36,2,309.42,20 / 21,1326029,2019-09-06 18:38:12:711,1.995,0.8881,10.2038,-0.0071,0.0037,9.8066,-0.1102,0.1631,-0.0125,5.19,-31.06,11.25,52.78,-83.29,-165.73
52.383053,-1.526397,143.84,12.36,2,309.42,20 / 21,1326129,2019-09-06 18:38:12:811,1.886,0.9623,9.7883,-0.0086,0.0134,9.8066,-0.0132,0.1504,0.0462,5.81,-30.69,11.19,58.61,-83.34,-164.42
52.383053,-1.526397,143.84,12.36,2,309.42,20 / 21,1326228,2019-09-06 18:38:12:910,1.3085,1.0219,9.6615,0.0007,0.0097,9.8066,-0.0074,0.1219,-0.0108,5,-31.69,11.25,57.35,-83.32,-162.38
52.383053,-1.526397,143.84,12.36,2,309.42,20 / 21,1326329,2019-09-06 18:38:13:011,2.0565,0.9135,9.7668,-0.0026,0.0156,9.8066,0.0818,0.0695,0.0465,5.25,-31.31,11.19,57.85,-83.38,-161.33
52.383564,-1.527567,145.17,6.46,3,289.3,21 / 22,1326429,2019-09-06 18:38:13:111,1.6359,1.2528,9.5708,0.0086,0.0146,9.8065,-0.0001,0.0808,0.0222,5.44,-31.87,11.5,55.21,-83.29,-161.32
52.383564,-1.527567,145.17,6.46,3,289.3,21 / 22,1326528,2019-09-06 18:38:13:210,1.9725,0.6114,9.6266,0.0035,0.0157,9.8065,0.0357,0.1188,0.0038,5.13,-31.56,11.44,60.22,-83.37,-159.87
52.383564,-1.527567,145.17,6.46,3,289.3,21 / 22,1326628,2019-09-06 18:38:13:310,1.0827,1.1999,9.6469,-0.0099,0.0065,9.8066,-0.0334,0.1012,0.0035,4,-32.81,11.44,58.09,-83.32,-158.3
52.383564,-1.527567,145.17,6.46,3,289.3,21 / 22,1326729,2019-09-06 18:38:13:411,0.9555,1.556,9.7646,-0.0016,0.0046,9.8066,0.0464,0.0666,0.0061,3.75,-32.5,11.44,58.41,-83.38,-157.4
52.383564,-1.527567,145.17,6.46,3,289.3,21 / 22,1326829,2019-09-06 18:38:13:511,1.2971,0.7205,9.5742,0.0168,0.0268,9.8066,0.0864,0.0406,0.0268,4.19,-32,12.06,55.71,-83.43,-156.8
52.383564,-1.527567,145.17,6.46,3,289.3,21 / 22,1326929,2019-09-06 18:38:13:611,0.5683,1.1419,9.9433,0.0076,0.0364,9.8065,0.0766,0.0206,0.0066,3.5,-32.5,11.44,60.97,-83.65,-154.56
52.383564,-1.527567,145.17,6.46,3,289.3,21 / 22,1327028,2019-09-06 18:38:13:710,0.7151,0.7579,10.2971,-0.0106,-0.0097,9.8066,-0.0203,0.0466,0.0269,3.44,-32.44,11.88,53.17,-83.64,-154.36
52.383564,-1.527567,145.17,6.46,3,289.3,21 / 22,1327128,2019-09-06 18:38:13:810,0.5191,0.5547,9.6374,-0.0144,-0.0054,9.8066,0.038,0.0339,0.055,3.69,-32.19,12.38,59.32,-83.64,-153.29
52.383564,-1.527567,145.17,6.46,3,289.3,21 / 22,1327228,2019-09-06 18:38:13:910,0.5115,0.8781,9.435,-0.0141,0.0039,9.8066,-0.0366,0.0283,0.0276,3.31,-32.06,12.5,54.95,-83.49,-151.14
52.383564,-1.527567,145.17,6.46,3,289.3,21 / 22,1327329,2019-09-06 18:38:14:011,0.4533,1.4527,9.8828,-0.0077,0.0051,9.8066,-0.0145,0.0494,0.026,2.56,-32.69,12.69,56.72,-83.45,-150.16
52.383564,-1.527567,145.17,6.46,3,289.3,20 / 21,1327429,2019-09-06 18:38:14:111,0.6612,1.1537,9.8911,-0.0045,0.0098,9.8066,0.0399,-0.0171,0.0179,3.13,-33,12.69,57.56,-83.43,-149.48
52.383564,-1.527567,145.17,6.46,3,289.3,20 / 21,1327529,2019-09-06 18:38:14:211,0.3357,0.8473,9.7203,0.0014,0.0008,9.8066,-0.0195,-0.0087,0.0239,3,-32.87,12.81,58.41,-83.38,-148.88
52.383564,-1.527567,145.17,6.46,3,289.3,20 / 21,1327628,2019-09-06 18:38:14:310,0.7924,1.2657,9.9974,0.0036,0.005,9.8066,-0.0263,0.0268,-0.0021,3.38,-32.87,12.31,61.01,-83.48,-148.63
52.383564,-1.527567,145.17,6.46,3,289.3,20 / 21,1327729,2019-09-06 18:38:14:411,0.4509,1.4999,9.9371,0.0055,0.0119,9.8066,-0.0364,0.004,0.0097,2.31,-33.81,12.19,56.92,-83.62,-147.87
52.383564,-1.527567,145.17,6.46,3,289.3,20 / 21,1327828,2019-09-06 18:38:14:510,0.7279,1.6017,9.686,0.0064,0.0076,9.8065,-0.0099,-0.0276,0.0193,2.44,-33.81,12.5,55.61,-83.75,-146.79
52.383564,-1.527567,145.17,6.46,3,289.3,20 / 21,1327928,2019-09-06 18:38:14:610,0.3598,2.276,9.6641,-0.0005,0.0067,9.8066,-0.0447,-0.0194,-0.01,2.38,-32.69,12.31,57.97,-83.82,-146.05
52.383564,-1.527567,145.17,6.46,3,289.3,20 / 21,1328029,2019-09-06 18:38:14:711,1.1004,1.9516,9.9494,0.017,0.0112,9.8066,0.0226,-0.0173,0.0013,2.75,-32.81,12.31,62.94,-83.96,-145.77
52.383564,-1.527567,145.17,6.46,3,289.3,20 / 21,1328128,2019-09-06 18:38:14:810,0.8438,1.9424,10.0622,0.01,0.0036,9.8066,0.0082,-0.0224,-0.0206,2.69,-32.25,11.88,61.64,-84.18,-145.93
52.383564,-1.527567,145.17,6.46,3,289.3,20 / 21,1328228,2019-09-06 18:38:14:910,0.6303,1.9285,9.513,0.011,0.0037,9.8066,-0.0292,-0.0269,-0.0104,2.5,-32.31,11.75,60.39,-84.33,-146.67
52.383564,-1.527567,145.17,6.46,3,289.3,20 / 21,1328328,2019-09-06 18:38:15:010,0.2565,1.8617,9.4713,0.0107,0.0071,9.8066,0.0112,-0.0373,0.0343,2,-32.81,12.38,55.29,-84.5,-146.67
52.383564,-1.527567,145.17,6.46,3,289.3,21 / 22,1328428,2019-09-06 18:38:15:110,-0.0082,1.7935,9.7204,0.0094,0.0106,9.8066,-0.0536,-0.0605,-0.0378,2,-32.62,11.81,55.64,-84.59,-146.17
52.383564,-1.527567,145.17,6.46,3,289.3,21 / 22,1328528,2019-09-06 18:38:15:210,0.5638,2.0816,10.0376,0.01,0.0114,9.8066,-0.0217,-0.0713,0.0174,1.81,-33.12,12.63,53.62,-84.84,-145.73
52.383564,-1.527567,145.17,6.46,3,289.3,21 / 22,1328629,2019-09-06 18:38:15:311,0.7963,1.9878,9.9641,0.0056,0.0133,9.8066,-0.0075,-0.0852,-0.0195,2.25,-33.44,12.06,56.26,-85.02,-144.63
52.383564,-1.527567,145.17,6.46,3,289.3,21 / 22,1328729,2019-09-06 18:38:15:411,0.3841,1.8301,9.9131,0.009,0.0102,9.8066,-0.0123,-0.0655,-0.0275,2.06,-32.5,12.13,55.9,-85.11,-144.39
52.383564,-1.527567,145.17,6.46,3,289.3,21 / 22,1328829,2019-09-06 18:38:15:511,0.267,1.0904,9.8881,-0.0021,-0.0032,9.8066,0.0114,-0.0774,0.0138,2.25,-32.75,11.38,57.73,-85.21,-144.74
52.383564,-1.527567,145.17,6.46,3,289.3,21 / 22,1328928,2019-09-06 18:38:15:610,0.2968,0.881,9.6996,0.003,-0.0015,9.8066,0.0084,-0.0876,-0.0106,2.5,-32.31,11.44,62.58,-85.26,-144.66
52.383564,-1.527567,145.17,6.46,3,289.3,21 / 22,1329028,2019-09-06 18:38:15:710,0.3317,1.0694,9.7897,0.0085,0.005,9.8066,-0.0322,-0.0708,-0.0057,3.56,-32.62,10.94,67.57,-85.33,-144.76
52.383564,-1.527567,145.17,6.46,3,289.3,21 / 22,1329129,2019-09-06 18:38:15:811,0.624,1.2183,10.0305,0.0057,0.0028,9.8066,-0.0105,-0.0792,0.0165,2.31,-32.44,10.56,56.59,-85.49,-144.66
52.383564,-1.527567,145.17,6.46,3,289.3,21 / 22,1329229,2019-09-06 18:38:15:911,0.6481,1.2925,9.8638,0.0081,0.0086,9.8066,0.0072,-0.064,-0.0144,2.81,-32,10.25,64.56,-85.64,-144.38
52.383564,-1.527567,145.17,6.46,3,289.3,21 / 22,1329328,2019-09-06 18:38:16:010,0.6327,0.8921,9.7102,0.0116,0.0081,9.8065,0.0109,-0.0603,-0.0124,2.63,-33.12,10.5,61.67,-85.74,-144.58
52.383564,-1.527567,145.17,6.46,3,289.3,20 / 21,1329429,2019-09-06 18:38:16:111,0.4423,0.6265,9.9254,0.0038,-0.0017,9.8065,-0.0038,-0.0383,-0.002,3.06,-32.81,9.81,63.48,-85.87,-145.05
52.383564,-1.527567,145.17,6.46,3,289.3,20 / 21,1329528,2019-09-06 18:38:16:210,0.2802,0.3953,9.8486,0.0036,0.0028,9.8066,-0.005,-0.0398,-0.0001,2.94,-32.75,9.94,63.47,-85.95,-144.82
52.383564,-1.527567,145.17,6.46,3,289.3,20 / 21,1329629,2019-09-06 18:38:16:311,0.1469,0.2627,9.8854,0.0038,0.0038,9.8065,-0.0035,-0.0377,0.0008,2.38,-32.12,10.19,57.29,-86.04,-144.61
52.383564,-1.527567,145.17,6.46,3,289.3,20 / 21,1329728,2019-09-06 18:38:16:410,0.0283,0.1616,9.9866,0.004,0.0037,9.8066,0.0097,-0.0364,0.0003,2.25,-32.12,9.88,57.45,-86.15,-144.16
52.383564,-1.527567,145.17,6.46,3,289.3,20 / 21,1329829,2019-09-06 18:38:16:511,-0.0722,0.0715,9.8565,0.0024,0.0055,9.8066,-0.0043,-0.0404,-0.0052,2,-32.37,10.31,57.88,-86.24,-143.54
52.383564,-1.527567,145.17,6.46,3,289.3,20 / 21,1329929,2019-09-06 18:38:16:611,-0.0911,-0.0524,9.8956,0.0013,0.0022,9.8066,0.0047,-0.0253,0.0108,2.31,-32.5,10.06,57.9,-86.28,-143.42
52.383564,-1.527567,145.17,6.46,3,289.3,20 / 21,1330028,2019-09-06 18:38:16:710,-0.1849,-0.3167,9.9017,0.0025,0.0037,9.8066,0.0201,-0.0164,0.0112,2.13,-32.56,10.31,58.35,-86.35,-143.11
52.383564,-1.527567,145.17,6.46,3,289.3,20 / 21,1330128,2019-09-06 18:38:16:810,-0.4739,-0.5596,9.9266,0.0029,0.0066,9.8066,0.0237,-0.0349,0.0044,2.44,-32.81,10.06,58.71,-86.4,-142.67
52.383564,-1.527567,145.17,6.46,3,289.3,20 / 21,1330229,2019-09-06 18:38:16:911,-0.3505,-0.5088,9.7705,0.0044,0.004,9.8066,-0.0109,-0.0223,-0.0086,2.25,-32.62,9.81,58.91,-86.46,-142.33
52.383564,-1.527567,145.17,6.46,3,289.3,20 / 21,1330328,2019-09-06 18:38:17:010,-0.4895,-0.6455,9.7757,0.0012,0.0031,9.8066,0.0004,-0.0398,0.0069,2.56,-32.62,9.81,65.08,-86.59,-141.5
52.383564,-1.527567,145.17,6.46,3,289.3,20 / 21,1330429,2019-09-06 18:38:17:111,-0.4682,-0.6743,9.7992,0.005,0.0074,9.8066,0.0175,-0.0474,0.0046,2.19,-32.37,9.63,59.44,-86.67,-140.96
52.383564,-1.527567,145.17,6.46,3,289.3,20 / 21,1330529,2019-09-06 18:38:17:211,-0.6707,-0.8334,9.8831,0.0014,0.0007,9.8066,-0.0325,-0.0368,-0.0026,2.19,-32.75,9.31,62.49,-86.74,-140.49
52.383564,-1.527567,145.17,6.46,3,289.3,20 / 21,1330629,2019-09-06 18:38:17:311,-0.4461,-0.581,9.9091,-0.0006,-0.0025,9.8066,-0.0088,-0.0388,0.0156,2.94,-32.25,9.69,65.73,-86.81,-139.96
52.383564,-1.527567,145.17,6.46,3,289.3,20 / 21,1330729,2019-09-06 18:38:17:411,-0.8035,-1.9673,9.7285,0.0026,0.008,9.8066,-0.0109,-0.0153,0.0039,2.44,-32.44,9.5,60.91,-86.89,-139.01
52.383564,-1.527567,145.17,6.46,3,289.3,20 / 21,1330829,2019-09-06 18:38:17:511,-0.7556,-0.9434,9.912,0.0032,0.0053,9.8066,0.0335,-0.0416,0.0009,2.63,-32.37,9.5,66.96,-86.91,-138.54
52.383564,-1.527567,145.17,6.46,3,289.3,20 / 21,1330928,2019-09-06 18:38:17:610,-1.3241,-2.4811,9.7848,-0.0053,0.0012,9.8066,0.0027,-0.078,0.0274,2.13,-32.75,10,62.36,-86.83,-138.1
52.383564,-1.527567,145.17,6.46,3,289.3,20 / 21,1331028,2019-09-06 18:38:17:710,-1.1537,-1.8795,9.7478,-0.001,0.0034,9.8066,0.0112,-0.068,0.018,2.19,-32.69,9.88,62.88,-86.81,-137.71
52.383564,-1.527567,145.17,6.46,3,289.3,20 / 21,1331129,2019-09-06 18:38:17:811,-1.4461,-2.1108,9.7951,-0.0059,-0.0093,9.8066,0.0259,-0.0972,0.0201,2.31,-32.94,9.81,63.27,-86.76,-137.48
52.383564,-1.527567,145.17,6.46,3,289.3,20 / 21,1331228,2019-09-06 18:38:17:910,-1.7755,-2.6687,9.8096,-0.0072,-0.0095,9.8066,-0.0476,-0.1318,0.0173,3,-32.25,9.5,68.72,-86.68,-137.55
52.383564,-1.527567,145.17,6.46,3,289.3,20 / 21,1331328,2019-09-06 18:38:18:010,-2.0012,-2.146,10.0374,-0.005,0.0056,9.8066,-0.0214,-0.1704,0.027,1.69,-32.5,9.31,67.86,-86.63,-135.6
52.383564,-1.527567,145.17,6.46,3,289.3,21 / 22,1331429,2019-09-06 18:38:18:111,-1.5919,-1.4312,10.0612,-0.0032,0.0031,9.8066,0.0275,-0.1819,-0.0097,2.06,-32.31,9.25,68.09,-86.62,-135.42
52.383564,-1.527567,145.17,6.46,3,289.3,21 / 22,1331529,2019-09-06 18:38:18:211,-1.087,-1.5758,9.845,0.0012,0.0091,9.8066,0.0804,-0.1592,0.0277,1.81,-32.87,9.31,69.43,-86.62,-134.56
52.383564,-1.527567,145.17,6.46,3,289.3,21 / 22,1331629,2019-09-06 18:38:18:311,-1.7658,-2.3755,9.5635,-0.0216,-0.0062,9.8066,-0.0317,-0.207,0.0304,1.63,-32.94,9,71.19,-86.4,-133.68
52.383564,-1.527567,145.17,6.46,3,289.3,21 / 22,1331729,2019-09-06 18:38:18:411,-1.8194,-0.7636,9.9476,-0.0077,-0.0029,9.8066,-0.0466,-0.1935,-0.0119,1,-33.37,7.94,68.75,-86.32,-132.62
52.383564,-1.527567,145.17,6.46,3,289.3,21 / 22,1331828,2019-09-06 18:38:18:510,-2.3266,-1.5327,10.1633,-0.0123,-0.0038,9.8066,0.0451,-0.2562,0.0617,1.06,-32.87,8,69.86,-86.19,-132.15
52.383564,-1.527567,145.17,6.46,3,289.3,21 / 22,1331929,2019-09-06 18:38:18:611,-1.4924,-0.8685,9.9034,0.0094,-0.0108,9.8065,0.0334,-0.2434,-0.0544,1.13,-33.69,7.25,72.29,-86.25,-133.32
52.383564,-1.527567,145.17,6.46,3,289.3,21 / 22,1332029,2019-09-06 18:38:18:711,-1.5935,-1.7687,9.4925,0.0004,-0.0065,9.8065,-0.0508,-0.2671,0.0275,0.69,-32.31,6.88,69.78,-86.28,-134.41
52.383564,-1.527567,145.17,6.46,3,289.3,21 / 22,1332129,2019-09-06 18:38:18:811,-1.1241,-0.4225,9.4546,-0.012,-0.0199,9.8065,0.0462,-0.2476,0.0449,1.19,-32.25,6.25,74.77,-86.33,-133.74
52.383564,-1.527567,145.17,6.46,3,289.3,21 / 22,1332229,2019-09-06 18:38:18:911,-1.3551,-1.4425,10.1869,-0.0091,-0.0013,9.8066,0.0254,-0.289,0.0372,0.94,-32.75,6.06,76.43,-86.19,-133.6
52.383564,-1.527567,145.17,6.46,3,289.3,21 / 22,1332329,2019-09-06 18:38:19:011,-1.9232,-1.1025,10.0422,-0.0187,0.0013,9.8065,0.0175,-0.3277,0.0604,0.13,-33,6.19,69.39,-85.9,-132.29
52.383564,-1.527567,145.17,6.46,3,289.3,21 / 22,1332428,2019-09-06 18:38:19:110,-1.2379,-0.7575,10.7578,-0.0122,-0.0009,9.8066,-0.0623,-0.3962,0.0168,-0.62,-33,5.56,58.88,-85.74,-131.94
52.383564,-1.527567,145.17,6.46,3,289.3,21 / 22,1332529,2019-09-06 18:38:19:211,-1.7747,-1.8667,10.4223,-0.0207,-0.0205,9.8066,-0.0743,-0.389,0.047,-1.25,-33.5,5,62.76,-85.72,-131.47
52.383564,-1.527567,145.17,6.46,3,289.3,21 / 22,1332628,2019-09-06 18:38:19:310,-1.0187,-1.25,9.4251,0.0123,-0.0091,9.8065,0.0269,-0.3483,0.0204,-0.56,-33.25,4.25,66.69,-85.77,-132.27
52.383564,-1.527567,145.17,6.46,3,289.3,21 / 22,1332729,2019-09-06 18:38:19:411,-1.685,-0.0069,9.3526,-0.0225,-0.0006,9.8065,0.0594,-0.3578,0.0106,-1.19,-33.44,4.81,61.44,-85.55,-133.56
52.383564,-1.527567,145.17,6.46,3,289.3,21 / 22,1332828,2019-09-06 18:38:19:510,-1.0836,0.0336,9.7015,-0.0084,-0.0171,9.8066,0.0724,-0.3983,0.0367,-1.31,-33.19,3.88,70.5,-85.25,-134.32
52.383564,-1.527567,145.17,6.46,3,289.3,21 / 22,1332929,2019-09-06 18:38:19:611,-1.4696,-0.6295,9.5608,-0.0152,-0.0087,9.8066,-0.0681,-0.3564,0.031,-1.44,-33.19,3.5,71.5,-85.02,-135.91
52.383564,-1.527567,145.17,6.46,3,289.3,21 / 22,1333029,2019-09-06 18:38:19:711,-0.6375,-0.5564,9.8964,-0.0136,-0.0128,9.8066,0.0186,-0.3553,0.0972,-2.37,-32.87,3.19,50.07,-84.83,-135.74
52.383564,-1.527567,145.17,6.46,3,289.3,21 / 22,1333128,2019-09-06 18:38:19:810,-0.734,-1.7791,9.9914,-0.0158,-0.0168,9.8065,-0.0559,-0.4148,0.1182,-2.94,-32.87,2.69,1.57,-84.52,-134.6
52.383564,-1.527567,145.17,6.46,3,289.3,21 / 22,1333229,2019-09-06 18:38:19:911,0.1892,-1.3612,10.184,0.0027,0.0059,9.8066,-0.0226,-0.3323,-0.0441,-3.25,-33.31,2.56,7.58,-84.49,-133.11
52.383564,-1.527567,145.17,6.46,3,289.3,21 / 22,1333330,2019-09-06 18:38:20:012,0.7913,-1.1103,9.8124,-0.0194,0.0084,9.8065,-0.0721,-0.347,-0.0267,-3.62,-33.31,1.88,316.82,-84.73,-131.93
52.383564,-1.527567,145.17,6.46,3,289.3,21 / 22,1333429,2019-09-06 18:38:20:111,1.0168,-0.1473,10.3329,-0.0004,0.0048,9.8066,0.0168,-0.3204,0.0474,-4.37,-34.12,0.75,284.45,-84.77,-132.52
52.383564,-1.527567,145.17,6.46,3,289.3,21 / 22,1333528,2019-09-06 18:38:20:210,0.6181,0.0154,9.5907,0.0051,0.0007,9.8066,0.0241,-0.3062,0.0611,-4.37,-32.87,0.13,267.68,-84.72,-132.73
52.383564,-1.527567,145.17,6.46,3,289.3,21 / 22,1333629,2019-09-06 18:38:20:311,-0.186,0.1929,9.8371,0.0119,-0.0001,9.8065,-0.0338,-0.2813,0.0053,-4.5,-32.56,0.63,284.2,-84.62,-132.81
52.383564,-1.527567,145.17,6.46,3,289.3,21 / 22,1333729,2019-09-06 18:38:20:411,0.6656,-0.0508,9.9606,0.0153,-0.0322,9.8065,-0.0729,-0.2953,0.122,-5.31,-33.37,0.81,295.23,-84.46,-131.4
52.383564,-1.527567,145.17,6.46,3,289.3,21 / 22,1333828,2019-09-06 18:38:20:510,1.3842,0.5251,10.1337,0.0236,-0.0223,9.8065,-0.0367,-0.297,0.1011,-6.31,-32.75,-0.25,287.84,-83.96,-128.43
52.383564,-1.527567,145.17,6.46,3,289.3,21 / 22,1333929,2019-09-06 18:38:20:611,0.143,-0.5757,9.7422,0.0047,-0.0065,9.8066,-0.0747,-0.2254,0.0102,-6.5,-32.81,-0.19,285.71,-83.62,-127.93
52.383564,-1.527567,145.17,6.46,3,289.3,21 / 22,1334028,2019-09-06 18:38:20:710,0.4802,0.1304,9.6347,-0.0007,0.0046,9.8066,0.0871,-0.2187,-0.0115,-6.69,-33,-0.44,291.67,-83.55,-128.55
52.383564,-1.527567,145.17,6.46,3,289.3,21 / 22,1334128,2019-09-06 18:38:20:810,0.1888,-0.0869,9.9083,0.0057,0.0126,9.8066,0.0829,-0.2524,-0.0269,-7.37,-33.44,0.19,289.1,-83.63,-130.97
52.383564,-1.527567,145.17,6.46,3,289.3,21 / 22,1334228,2019-09-06 18:38:20:910,0.5173,0.7771,10.3852,-0.0031,0.0216,9.8066,-0.026,-0.1221,-0.0446,-7.25,-33.37,-0.5,288.33,-83.77,-132.37
52.383564,-1.527567,145.17,6.46,3,289.3,21 / 22,1334329,2019-09-06 18:38:21:011,-0.7885,1.5881,9.687,0.0281,-0.0064,9.8065,-0.0112,-0.167,0.0886,-8.31,-33.12,-0.5,292.95,-83.79,-132.56
52.383564,-1.527567,145.17,6.46,3,289.3,21 / 22,1334428,2019-09-06 18:38:21:110,1.0307,0.84,10.1685,0.0351,-0.0018,9.8066,-0.0329,-0.1329,0.0232,-8.25,-33.06,-0.87,283.17,-83.42,-132.28
52.383564,-1.527567,145.17,6.46,3,289.3,21 / 22,1334529,2019-09-06 18:38:21:211,2.1271,1.7485,10.0094,0.0205,-0.0257,9.8065,-0.0243,-0.138,0.089,-7.75,-32.44,-0.75,284.34,-83,-130.28
52.383564,-1.527567,145.17,6.46,3,289.3,21 / 22,1334628,2019-09-06 18:38:21:310,0.5548,-0.2809,10.317,0.0214,-0.0063,9.8066,-0.0214,-0.1386,-0.0472,-8.5,-32.5,0.13,291.34,-82.65,-129.81
52.383564,-1.527567,145.17,6.46,3,289.3,21 / 22,1334729,2019-09-06 18:38:21:411,1.4461,1.8317,9.716,0.0211,0.0331,9.8065,0.0477,-0.1086,-0.0805,-8.56,-33.12,-0.37,292.18,-82.78,-132.22
52.383564,-1.527567,145.17,6.46,3,289.3,21 / 22,1334829,2019-09-06 18:38:21:511,0.0502,2.1622,9.9172,0.0147,0.0189,9.8065,0.0794,-0.0792,-0.0292,-9.25,-32.87,0.38,290.33,-82.79,-133.77
52.383564,-1.527567,145.17,6.46,3,289.3,21 / 22,1334929,2019-09-06 18:38:21:611,1.8744,2.6204,9.5946,0.0144,0.0148,9.8066,0.1022,-0.0026,-0.053,-8.19,-33.12,-0.44,283.99,-82.8,-135.56
52.383564,-1.527567,145.17,6.46,3,289.3,21 / 22,1335029,2019-09-06 18:38:21:711,3.2527,2.1234,10.4051,0.0261,-0.0102,9.8065,-0.0706,0.0397,0.0246,-8.94,-32.19,-0.19,287.81,-82.49,-135.56
52.383564,-1.527567,145.17,6.46,3,289.3,21 / 22,1335128,2019-09-06 18:38:21:810,0.9037,1.5894,10.1626,0.0366,-0.0073,9.8065,0.0207,-0.0254,0.0488,-9.12,-32.81,0.25,286.07,-82.18,-134.89
52.383564,-1.527567,145.17,6.46,3,289.3,21 / 22,1335228,2019-09-06 18:38:21:910,1.3973,1.1741,10.0618,0.0077,-0.0107,9.8066,-0.0018,0.0301,0.0144,-9.06,-33.19,0.31,286.69,-82.04,-133.75
52.383564,-1.527567,145.17,6.46,3,289.3,21 / 22,1335328,2019-09-06 18:38:22:010,1.1131,1.6745,9.8987,-0.0091,0.0056,9.8066,0.0113,0.0602,-0.0382,-8.81,-32.94,0.38,286.59,-82.09,-134.05
52.38367,-1.527815,145.46,4.22,3,346.15,21 / 22,1335428,2019-09-06 18:38:22:110,0.369,1.6238,9.9956,-0.0124,0.0041,9.8066,0.0871,0.0917,-0.0276,-8.81,-33.31,0.75,293.65,-82.08,-134.87
52.38367,-1.527815,145.46,4.22,3,346.15,21 / 22,1335529,2019-09-06 18:38:22:211,0.4125,1.658,9.6298,0.0207,0.0142,9.8066,0.021,0.1289,-0.0098,-8.81,-33.19,0.94,291.35,-82.07,-136.63
52.38367,-1.527815,145.46,4.22,3,346.15,21 / 22,1335628,2019-09-06 18:38:22:310,1.4012,2.8647,9.9636,0.0191,0.0073,9.8066,0.0008,0.1438,-0.0205,-8.37,-33.12,0.63,284.43,-81.84,-137.94
52.38367,-1.527815,145.46,4.22,3,346.15,21 / 22,1335728,2019-09-06 18:38:22:410,0.2098,2.2567,10.2475,0.0193,0.0088,9.8066,-0.0773,0.2136,-0.0308,-8.31,-33,0.94,282.89,-81.71,-138.6
52.38367,-1.527815,145.46,4.22,3,346.15,21 / 22,1335828,2019-09-06 18:38:22:510,1.1213,3.3029,9.6246,-0.022,-0.001,9.8065,0.1437,0.2092,-0.0133,-8.25,-32.81,1.56,291.4,-81.6,-139.12
52.38367,-1.527815,145.46,4.22,3,346.15,21 / 22,1335929,2019-09-06 18:38:22:611,1.9274,3.1724,9.0905,-0.0326,-0.0073,9.8065,-0.1869,0.2593,-0.0663,-7.5,-33.69,2,286.36,-81.78,-139.14
52.38367,-1.527815,145.46,4.22,3,346.15,21 / 22,1336029,2019-09-06 18:38:22:711,-0.2184,3.8291,9.3879,0.0296,0.0274,9.8065,-0.191,0.3534,-0.0775,-7.06,-32.87,1.31,275.98,-81.91,-140.79
52.38367,-1.527815,145.46,4.22,3,346.15,21 / 22,1336128,2019-09-06 18:38:22:810,0.1194,3.129,9.9409,0.0199,0.0221,9.8065,-0.1468,0.303,0.0322,-6.5,-33.12,1.63,282.37,-82.12,-141.15
52.38367,-1.527815,145.46,4.22,3,346.15,21 / 22,1336228,2019-09-06 18:38:22:910,-1.0414,1.7572,10.4481,-0.0431,-0.0381,9.8064,0.1845,0.3308,-0.1014,-6,-33.19,1.56,289.57,-82.47,-138.21
52.38367,-1.527815,145.46,4.22,3,346.15,21 / 22,1336328,2019-09-06 18:38:23:010,0.6096,2.9764,9.7745,-0.0368,0.004,9.8065,0.118,0.2824,-0.0738,-5.5,-33.25,2.13,280.94,-82.59,-139.31
52.38367,-1.527815,145.46,4.22,3,346.15,21 / 22,1336429,2019-09-06 18:38:23:111,1.5699,2.9559,9.7109,0.0421,0.0115,9.8065,-0.0306,0.3352,-0.0467,-4.62,-33.44,2.5,302.95,-82.66,-140.22
52.38367,-1.527815,145.46,4.22,3,346.15,21 / 22,1336529,2019-09-06 18:38:23:211,0.438,3.7784,9.199,0.0192,0.0271,9.8065,0.0049,0.3245,-0.0203,-4.19,-33.25,2.75,287.67,-82.49,-143.14
52.38367,-1.527815,145.46,4.22,3,346.15,21 / 22,1336628,2019-09-06 18:38:23:310,0.8781,2.9913,9.1162,-0.032,-0.0147,9.8065,-0.0063,0.2797,-0.059,-4.37,-33.12,3.31,295.4,-82.75,-142.02
52.38367,-1.527815,145.46,4.22,3,346.15,21 / 22,1336729,2019-09-06 18:38:23:411,2.5838,1.3954,10.0011,-0.0414,0.0205,9.8065,-0.0287,0.2799,-0.0025,-3.87,-33.62,3.81,339.29,-82.95,-140.44
52.38367,-1.527815,145.46,4.22,3,346.15,21 / 22,1336829,2019-09-06 18:38:23:511,0.6999,1.4604,10.3388,-0.0111,-0.005,9.8065,0.0461,0.3353,-0.045,-3.31,-33.06,3.13,314.14,-83.07,-138.11
52.38367,-1.527815,145.46,4.22,3,346.15,21 / 22,1336929,2019-09-06 18:38:23:611,3.1322,-0.6114,9.7738,0.0078,0.0047,9.8066,0.0551,0.2698,-0.0112,-2.94,-33.19,4.38,20.68,-83.15,-138.73
52.38367,-1.527815,145.46,4.22,3,346.15,21 / 22,1337028,2019-09-06 18:38:23:710,2.3073,-1.6428,9.8496,0.0168,-0.0199,9.8065,0.0026,0.307,-0.0698,-3.12,-33.5,3.5,21.38,-83.13,-138.64
52.38367,-1.527815,145.46,4.22,3,346.15,21 / 22,1337129,2019-09-06 18:38:23:811,2.3446,-0.8837,9.4222,0.0091,-0.0165,9.8065,-0.062,0.3608,-0.0739,-2.75,-33.56,4.75,27.29,-83.09,-140.7
52.38367,-1.527815,145.46,4.22,3,346.15,21 / 22,1337230,2019-09-06 18:38:23:912,1.5965,-1.7694,9.949,-0.0025,0.0144,9.8066,-0.0574,0.2015,0.0897,-3.25,-33.44,4.75,26.63,-83.24,-139.95
52.38367,-1.527815,145.46,4.22,3,346.15,21 / 22,1337329,2019-09-06 18:38:24:011,2.5835,-0.4885,10.0991,-0.0055,-0.0179,9.8066,-0.0846,0.3223,-0.1219,-3.06,-33.81,5.38,31.22,-83.2,-139
52.38367,-1.527815,145.46,4.22,3,346.15,21 / 22,1337429,2019-09-06 18:38:24:111,1.7629,-0.8856,9.8615,-0.0012,-0.0051,9.8066,0.0376,0.1883,0.0075,-2.56,-33.87,6.75,34.76,-83.32,-139.48
52.38367,-1.527815,145.46,4.22,3,346.15,21 / 22,1337529,2019-09-06 18:38:24:211,0.9205,-1.7523,10.0505,-0.003,-0.0258,9.8065,0.0576,0.1953,-0.0436,-2.87,-33.75,6.69,33.64,-83.15,-140.54
52.38367,-1.527815,145.46,4.22,3,346.15,21 / 22,1337628,2019-09-06 18:38:24:310,0.3783,-1.6644,10.3544,0.0079,0.0109,9.8066,0.1336,0.1779,0.0522,-2.12,-34.25,7.5,43.96,-83.21,-142.05
52.38367,-1.527815,145.46,4.22,3,346.15,21 / 22,1337729,2019-09-06 18:38:24:411,1.4037,-1.0388,10.3619,0.0089,0.0241,9.8065,0.0518,0.1042,-0.0679,-3.19,-33.81,8,29.84,-83.32,-143.11
52.38367,-1.527815,145.46,4.22,3,346.15,21 / 22,1337828,2019-09-06 18:38:24:510,1.4531,-1.8349,8.9064,0.0166,-0.0284,9.8066,-0.1356,0.1217,-0.0762,-2.81,-33.81,8.63,27.41,-83.32,-145.4
52.38367,-1.527815,145.46,4.22,3,346.15,21 / 22,1337929,2019-09-06 18:38:24:611,0.5248,-0.7654,9.5679,0.0177,-0.002,9.8066,-0.0782,0.1255,0.0411,-3.19,-33.87,9.5,27.52,-83.6,-145.6
52.38367,-1.527815,145.46,4.22,3,346.15,21 / 22,1338029,2019-09-06 18:38:24:711,0.408,-2.364,9.8779,0.0088,0.0399,9.8065,0.0634,0.0007,0.0079,-2.56,-31.94,10.25,26.56,-84.1,-144.98
52.38367,-1.527815,145.46,4.22,3,346.15,21 / 22,1338129,2019-09-06 18:38:24:811,1.3947,-1.4455,10.1504,-0.0023,0.0516,9.8065,0.0849,0.0832,-0.1001,-2.87,-31.75,10.88,28.73,-84.22,-143.96
52.38367,-1.527815,145.46,4.22,3,346.15,21 / 22,1338228,2019-09-06 18:38:24:910,0.6624,-1.8013,9.9564,-0.002,-0.0461,9.8065,-0.1341,0.1426,-0.0533,-2.81,-30.81,11.81,29.05,-84.44,-143.8
52.38367,-1.527815,145.46,4.22,3,346.15,21 / 22,1338329,2019-09-06 18:38:25:011,-0.7128,-2.1523,10.1485,0.0086,-0.0086,9.8066,0.0491,-0.0226,0.1042,-2.25,-30.31,12.69,33.84,-84.4,-144.68
52.38367,-1.527815,145.46,4.22,3,346.15,21 / 22,1338429,2019-09-06 18:38:25:111,1.8901,-1.763,9.3056,0.0235,0.0003,9.8066,-0.091,0.0661,0.0815,-1.94,-28.94,15.19,32.73,-84.58,-145.42
52.38367,-1.527815,145.46,4.22,3,346.15,21 / 22,1338529,2019-09-06 18:38:25:211,-0.4772,-1.4013,9.0523,-0.0079,-0.008,9.8066,-0.0913,0.1255,-0.0634,-1.5,-25,17.88,36.71,-84.61,-144.7
52.38367,-1.527815,145.46,4.22,3,346.15,21 / 22,1338629,2019-09-06 18:38:25:311,1.9273,-0.8526,9.9783,0.0122,0.0184,9.8065,0.0201,0.0284,0.018,-1.19,-14.81,16.88,34.55,-84.97,-144.7
52.38367,-1.527815,145.46,4.22,3,346.15,21 / 22,1338729,2019-09-06 18:38:25:411,0.0387,-1.8403,9.5709,0.0134,-0.009,9.8065,-0.0376,0.0409,-0.0238,-0.81,-8.94,9.5,31.05,-84.91,-145.69
52.38367,-1.527815,145.46,4.22,3,346.15,21 / 22,1338829,2019-09-06 18:38:25:511,-2.122,0.2469,8.8474,-0.0048,-0.0099,9.8066,-0.0321,0.0598,-0.0374,0.63,-7.44,-0.69,171.44,-85.06,-147.17
52.38367,-1.527815,145.46,4.22,3,346.15,21 / 22,1338929,2019-09-06 18:38:25:611,-0.3614,1.0639,8.74,-0.0069,-0.0132,9.8065,0.0714,0.086,0.0126,1.25,-14.94,-16.75,206.98,-85.2,-147.82
52.38367,-1.527815,145.46,4.22,3,346.15,21 / 22,1339028,2019-09-06 18:38:25:710,-0.4766,0.0957,9.4367,0.0101,-0.0684,9.8063,0.0638,0.0897,-0.0352,1.81,-24.87,-23.56,209.5,-85.78,-143.65
52.38367,-1.527815,145.46,4.22,3,346.15,21 / 22,1339129,2019-09-06 18:38:25:811,-1.5389,1.2069,9.9723,-0.0015,-0.0448,9.8065,-0.0366,0.0348,-0.0029,2.44,-36.25,-26.87,210.7,-86,-142.41
52.38367,-1.527815,145.46,4.22,3,346.15,21 / 22,1339229,2019-09-06 18:38:25:911,-0.7367,1.5316,9.8693,-0.0009,0.0428,9.8065,-0.0441,0.1314,-0.0636,2.81,-47.06,-24,208.14,-86.23,-141.34
52.38367,-1.527815,145.46,4.22,3,346.15,21 / 22,1339329,2019-09-06 18:38:26:011,-1.4987,0.3925,9.6176,-0.0121,0.0338,9.8065,0.0717,0.0782,0.0437,3,-56.25,-15.81,200.42,-86,-144.21
52.38367,-1.527815,145.46,4.22,3,346.15,20 / 22,1339429,2019-09-06 18:38:26:111,-0.3044,-0.0263,10.1582,0.0181,0.0141,9.8066,-0.1751,0.0103,0.0063,1.75,-59.06,-4.31,185.6,-85.81,-142.46
52.38367,-1.527815,145.46,4.22,3,346.15,20 / 22,1339528,2019-09-06 18:38:26:210,0.0912,-1.4936,9.1238,-0.0084,-0.0069,9.8066,-0.1722,0.0733,0.0489,0.69,-54.37,9.19,70.57,-85.71,-140.77
52.38367,-1.527815,145.46,4.22,3,346.15,20 / 22,1339629,2019-09-06 18:38:26:311,-0.5263,-1.0098,8.5641,0.0017,0.043,9.8065,0.0014,0.0504,-0.0441,0.5,-47.62,13.94,59.85,-85.82,-136.77
52.38367,-1.527815,145.46,4.22,3,346.15,20 / 22,1339729,2019-09-06 18:38:26:411,-0.3476,-1.7672,9.2998,-0.0103,0.0343,9.8066,-0.084,0.0565,0.0076,0.31,-41.94,15.5,54.42,-85.83,-134.61
52.38367,-1.527815,145.46,4.22,3,346.15,20 / 22,1339829,2019-09-06 18:38:26:511,0.5588,-1.6837,9.8886,0.0117,0.0082,9.8066,-0.0541,0.0229,0.0253,-0.19,-37.75,13.19,58.7,-86,-131.41
52.38367,-1.527815,145.46,4.22,3,346.15,20 / 22,1339929,2019-09-06 18:38:26:611,0.4742,-0.1409,10.346,-0.0156,-0.0039,9.8066,0.0317,0.0152,0.0071,0.25,-35.75,12,61.69,-86.03,-128.92
52.38367,-1.527815,145.46,4.22,3,346.15,20 / 22,1340030,2019-09-06 18:38:26:712,-0.8013,-1.5836,9.71,0.0075,0.0078,9.8066,0.0742,-0.053,0.0274,0.06,-34.56,11.25,64.4,-85.9,-127.52
52.38367,-1.527815,145.46,4.22,3,346.15,20 / 22,1340129,2019-09-06 18:38:26:811,0.7584,-2.1306,10.279,-0.0087,-0.0131,9.8065,0.0223,0.0747,-0.0067,0.56,-33.62,10.25,70.46,-85.73,-129.05
52.38367,-1.527815,145.46,4.22,3,346.15,20 / 22,1340228,2019-09-06 18:38:26:910,1.1568,-1.84,9.1274,-0.0043,0.0136,9.8065,-0.0423,0.0398,0.0046,0.88,-32.94,9.44,70.71,-85.64,-130.88
52.38367,-1.527815,145.46,4.22,3,346.15,20 / 22,1340329,2019-09-06 18:38:27:011,-1.0565,-1.3791,9.2474,0.0095,0.0183,9.8066,-0.0922,0.1084,-0.0662,0.19,-32.94,9.88,62.56,-85.62,-130.45
52.38367,-1.527815,145.46,4.22,3,346.15,19 / 21,1340428,2019-09-06 18:38:27:110,-0.2441,-0.9058,9.6618,-0.0049,-0.0058,9.8066,0.0851,0.0394,0.0741,1.06,-32.81,8.5,72.1,-85.62,-129.68
52.38367,-1.527815,145.46,4.22,3,346.15,19 / 21,1340529,2019-09-06 18:38:27:211,-0.4194,-1.6846,9.4177,0.0245,0.0058,9.8066,-0.1544,0.061,-0.046,0.75,-32.69,9,71.34,-85.88,-129.44
52.38367,-1.527815,145.46,4.22,3,346.15,19 / 21,1340629,2019-09-06 18:38:27:311,-0.3609,0.1516,9.8256,0.0069,-0.0131,9.8066,0.0179,0.0241,0.0146,0.13,-33.19,8.44,65.15,-85.75,-131.07
52.38367,-1.527815,145.46,4.22,3,346.15,19 / 21,1340729,2019-09-06 18:38:27:411,0.5124,-1.5519,9.1931,-0.0047,-0.0066,9.8066,0.0406,-0.0127,0.0282,0.25,-31.81,9.75,60.82,-85.8,-131.08
52.38367,-1.527815,145.46,4.22,3,346.15,19 / 21,1340828,2019-09-06 18:38:27:510,0.075,-1.5467,9.2201,0.0079,0.0049,9.8066,0.0442,0.0224,0.0011,0.19,-28.75,10.25,58.65,-85.78,-131.95
52.38367,-1.527815,145.46,4.22,3,346.15,19 / 21,1340928,2019-09-06 18:38:27:610,-0.3401,-1.0087,9.663,-0.0026,0.0118,9.8066,-0.0605,0.0239,-0.0201,1,-28.44,8.38,70.33,-85.86,-130.52
52.38367,-1.527815,145.46,4.22,3,346.15,19 / 21,1341029,2019-09-06 18:38:27:711,0.3833,-1.2228,9.5033,0.0058,0.0082,9.8066,-0.0155,0.0665,0.0264,1.56,-28.81,7.31,82.52,-85.84,-130.15
52.38367,-1.527815,145.46,4.22,3,346.15,19 / 21,1341129,2019-09-06 18:38:27:811,-0.818,-1.0033,9.7931,-0.0018,-0.007,9.8066,-0.0502,0.0023,-0.0375,2.13,-29.31,6.06,88.19,-85.81,-129.89
52.38367,-1.527815,145.46,4.22,3,346.15,19 / 21,1341228,2019-09-06 18:38:27:910,-0.443,-0.892,9.8098,-0.0042,-0.0018,9.8066,-0.0238,-0.0047,-0.0562,2.69,-29.81,6.56,87.89,-85.75,-132.32
52.38367,-1.527815,145.46,4.22,3,346.15,19 / 21,1341329,2019-09-06 18:38:28:011,0.7481,0.0063,9.9749,-0.0102,-0.0092,9.8066,0.05,0.0131,0.0527,2.56,-29.94,5.94,92.83,-85.6,-133.83
52.38367,-1.527815,145.46,4.22,3,346.15,20 / 21,1341428,2019-09-06 18:38:28:110,-0.8416,-0.3811,10.3467,0.0077,0.012,9.8066,0.0291,-0.0349,0.0052,2.13,-29.69,6.19,85.84,-85.57,-134.1
52.38367,-1.527815,145.46,4.22,3,346.15,20 / 21,1341529,2019-09-06 18:38:28:211,0.0958,-0.064,10.2343,-0.0248,-0.0274,9.8065,-0.078,-0.008,0.0166,2.56,-30.37,5.38,98.59,-85.45,-136.22
52.38367,-1.527815,145.46,4.22,3,346.15,20 / 21,1341629,2019-09-06 18:38:28:311,0.269,-0.3589,9.9049,-0.0192,-0.0252,9.8065,-0.051,0.0122,0.0055,1.63,-29.94,5.5,83.48,-85.49,-136.8
52.38367,-1.527815,145.46,4.22,3,346.15,20 / 21,1341728,2019-09-06 18:38:28:410,0.0426,-0.082,9.795,0.0103,0.0081,9.8065,0.0539,-0.0372,0.0165,1.44,-30.5,5.19,82.45,-85.37,-137.04
52.38367,-1.527815,145.46,4.22,3,346.15,20 / 21,1341829,2019-09-06 18:38:28:511,0.9393,-0.6464,9.6651,0.0064,0.0158,9.8066,0.032,0.023,-0.0313,1.75,-30.81,5,92.95,-85.38,-136.53
52.38367,-1.527815,145.46,4.22,3,346.15,20 / 21,1341929,2019-09-06 18:38:28:611,-0.7234,-0.7742,10.0028,-0.0125,-0.0212,9.8066,-0.0491,-0.0076,0.0649,2.38,-32,5.5,85.19,-85.22,-138.21
52.38367,-1.527815,145.46,4.22,3,346.15,20 / 21,1342029,2019-09-06 18:38:28:711,0.4401,-0.5187,9.9382,-0.0345,-0.0221,9.8065,-0.0933,0.0429,-0.0207,1.44,-31.87,5.75,77.84,-85.08,-137.93
52.38367,-1.527815,145.46,4.22,3,346.15,20 / 21,1342129,2019-09-06 18:38:28:811,0.524,0.2972,9.6204,0.0086,0.0248,9.8066,0.1114,-0.0318,0.024,1.44,-32.06,5.69,78.79,-85.09,-137
52.38367,-1.527815,145.46,4.22,3,346.15,20 / 21,1342228,2019-09-06 18:38:28:910,-0.4025,-0.3989,10.2789,0.0093,0.0089,9.8066,0.0425,0.0113,-0.0255,1.38,-31.75,5.63,78.61,-84.9,-138.32
52.38367,-1.527815,145.46,4.22,3,346.15,20 / 21,1342328,2019-09-06 18:38:29:010,0.1731,-0.3194,9.9482,-0.0165,-0.0133,9.8065,0.032,0.0087,0.0305,1.5,-31.62,6,86.5,-84.85,-139.02
52.38367,-1.527815,145.46,4.22,3,346.15,20 / 21,1342429,2019-09-06 18:38:29:111,0.1902,0.1045,10.1147,-0.014,-0.0084,9.8066,0.0036,0.0068,0.0055,1.38,-32.37,5.5,78.33,-84.65,-140.05
52.38367,-1.527815,145.46,4.22,3,346.15,20 / 21,1342528,2019-09-06 18:38:29:210,-0.1957,-0.6078,9.7986,0.0095,0.0059,9.8066,0.0021,0.0333,0.0384,1.31,-32.5,5.31,87.92,-84.66,-139.28
52.38367,-1.527815,145.46,4.22,3,346.15,20 / 21,1342629,2019-09-06 18:38:29:311,-1.0629,-0.3569,9.7431,-0.0075,0.013,9.8066,0.0257,-0.016,0.0116,0.69,-32.44,5.81,80.19,-84.59,-138.72
52.38367,-1.527815,145.46,4.22,3,346.15,20 / 21,1342729,2019-09-06 18:38:29:411,-0.0407,0.3675,9.6433,-0.0132,-0.0144,9.8066,-0.0616,-0.0342,0.0264,0.69,-33,6.63,74.96,-84.46,-139.17
52.38367,-1.527815,145.46,4.22,3,346.15,20 / 21,1342829,2019-09-06 18:38:29:511,0.1479,-0.2718,9.9451,0.0011,-0.0049,9.8066,0.0011,0.0014,-0.0069,0.25,-32.37,5.69,69.89,-84.37,-139.79
52.38367,-1.527815,145.46,4.22,3,346.15,20 / 21,1342928,2019-09-06 18:38:29:610,0.5039,0.1989,9.5776,0.0003,0.0011,9.8066,0.0504,0.0491,-0.0301,0.88,-32.81,6.69,74.08,-84.4,-140.22
52.38367,-1.527815,145.46,4.22,3,346.15,20 / 21,1343029,2019-09-06 18:38:29:711,-0.2549,-0.3275,9.5947,-0.0012,-0.0174,9.8065,0.012,-0.0068,-0.0222,1.06,-33,6.69,72.13,-84.36,-142.08
52.38367,-1.527815,145.46,4.22,3,346.15,20 / 21,1343129,2019-09-06 18:38:29:811,-0.3674,0.3274,10.0881,-0.009,-0.0075,9.8066,-0.0342,0.0188,-0.0632,1.63,-32.56,5.69,87.11,-84.23,-143.13
52.38367,-1.527815,145.46,4.22,3,346.15,20 / 21,1343229,2019-09-06 18:38:29:911,0.3238,0.2612,10.085,-0.0109,-0.0119,9.8066,-0.0263,-0.0023,0.0431,1.31,-32.12,6.69,69.92,-84.21,-143.8
52.38367,-1.527815,145.46,4.22,3,346.15,20 / 21,1343328,2019-09-06 18:38:30:010,0.7254,0.0403,9.7651,-0.015,-0.002,9.8066,-0.0668,0.0261,0.0029,1.63,-31.81,6,84.09,-84.22,-145.02
52.38367,-1.527815,145.46,4.22,3,346.15,20 / 22,1343429,2019-09-06 18:38:30:111,-0.0506,-0.3004,10.0516,-0.0086,-0.0053,9.8066,0.0742,-0.0197,-0.0058,1.56,-31.69,7.13,77.82,-84.03,-144.9
52.38367,-1.527815,145.46,4.22,3,346.15,20 / 22,1343529,2019-09-06 18:38:30:211,-0.3628,0.0982,10.4734,-0.0182,-0.0103,9.8066,0.0329,0.006,0.033,2.25,-32.5,7,77.94,-83.95,-145.14
52.38367,-1.527815,145.46,4.22,3,346.15,20 / 22,1343629,2019-09-06 18:38:30:311,0.2994,0.2252,9.857,-0.02,-0.0193,9.8066,-0.0172,0.0097,-0.0012,1.69,-32.06,6.69,77.54,-83.84,-146.06
52.38367,-1.527815,145.46,4.22,3,346.15,20 / 22,1343729,2019-09-06 18:38:30:411,0.9042,-0.0358,9.8577,0.0059,-0.0121,9.8066,-0.0305,-0.0264,-0.0264,1,-32,6.44,75.95,-83.71,-147.82
52.38367,-1.527815,145.46,4.22,3,346.15,20 / 22,1343829,2019-09-06 18:38:30:511,0.2474,0.704,9.539,-0.0123,-0.018,9.8065,0.0018,0.0113,-0.0697,1.75,-32.19,6.81,74.83,-83.59,-149.64
52.38367,-1.527815,145.46,4.22,3,346.15,20 / 22,1343929,2019-09-06 18:38:30:611,-0.1176,0.3385,9.6509,0.0137,-0.0161,9.8065,0.0731,0.0268,-0.0028,1.75,-31.81,6.69,74.45,-83.49,-150.48
52.38367,-1.527815,145.46,4.22,3,346.15,20 / 22,1344028,2019-09-06 18:38:30:710,-0.0128,0.4451,10.1468,-0.0059,-0.02,9.8065,-0.0179,-0.0165,0.0253,1.81,-32.44,6.94,71.08,-83.57,-152.89
52.38367,-1.527815,145.46,4.22,3,346.15,20 / 22,1344129,2019-09-06 18:38:30:811,0.3977,1.1023,10.071,0.0013,-0.0116,9.8066,-0.0145,-0.0429,0.0251,1.75,-32.31,6.38,78.68,-83.62,-153.52
52.38367,-1.527815,145.46,4.22,3,346.15,20 / 22,1344229,2019-09-06 18:38:30:911,0.6926,0.6504,9.6491,-0.0152,-0.0142,9.8066,-0.0765,0.0027,-0.0248,1.63,-32.87,5.81,79.69,-83.59,-154.04
52.38367,-1.527815,145.46,4.22,3,346.15,20 / 22,1344329,2019-09-06 18:38:31:011,0.8264,0.5361,10.006,0.0182,-0.0022,9.8065,0.0913,-0.0354,-0.0117,1.38,-32.44,6.56,58.66,-83.66,-155.03
52.38412,-1.528824,147.3,11.55,3,300.04,20 / 22,1344428,2019-09-06 18:38:31:110,0.5571,-0.3687,9.9008,-0.0029,-0.0187,9.8066,-0.0761,-0.0102,-0.0127,2.25,-32.12,6.56,66.37,-83.47,-157.14
52.38412,-1.528824,147.3,11.55,3,300.04,20 / 22,1344528,2019-09-06 18:38:31:210,0.662,-0.2831,9.3149,-0.0045,-0.0107,9.8066,0.0623,0.0471,-0.0262,2.13,-32.25,6.44,75.5,-83.41,-157.44
52.38412,-1.528824,147.3,11.55,3,300.04,20 / 22,1344629,2019-09-06 18:38:31:311,-0.0761,-0.4618,9.5738,0.0089,0.0071,9.8066,0.0207,-0.0245,0.0568,2.81,-32.56,6.69,72.76,-83.49,-158.72
52.38412,-1.528824,147.3,11.55,3,300.04,20 / 22,1344729,2019-09-06 18:38:31:411,-0.1019,1.4285,10.7233,-0.0047,-0.0121,9.8066,-0.0479,0.0668,-0.0813,2.38,-32.19,6.44,72.73,-83.55,-158.87
52.38412,-1.528824,147.3,11.55,3,300.04,20 / 22,1344829,2019-09-06 18:38:31:511,0.7221,1.0433,9.9658,-0.0087,-0.0232,9.8066,0.1173,0.0949,-0.0141,2.69,-32.62,7,71.17,-83.46,-160.19
52.38412,-1.528824,147.3,11.55,3,300.04,20 / 22,1344929,2019-09-06 18:38:31:611,1.0127,0.6483,10.332,-0.0216,-0.0048,9.8066,0.0217,-0.0607,0.0664,2.94,-31.81,7.31,71.1,-83.28,-160.11
52.38412,-1.528824,147.3,11.55,3,300.04,20 / 22,1345028,2019-09-06 18:38:31:710,0.4306,-0.1135,9.6046,-0.0006,-0.0041,9.8066,-0.0523,0.0146,-0.0708,2.5,-31.44,7.81,61.94,-83.43,-160.4
52.38412,-1.528824,147.3,11.55,3,300.04,20 / 22,1345129,2019-09-06 18:38:31:811,0.8795,0.5477,10.1477,-0.0188,0.0039,9.8066,-0.0394,0.0261,0.0182,2.25,-31,7.19,63.17,-83.41,-158.93
52.38412,-1.528824,147.3,11.55,3,300.04,20 / 22,1345229,2019-09-06 18:38:31:911,1.2451,0.8545,10.2742,0.0058,0.0064,9.8066,0.0423,-0.0209,0.0095,3.63,-31.25,7.13,75.9,-83.67,-158.38
52.38412,-1.528824,147.3,11.55,3,300.04,20 / 22,1345330,2019-09-06 18:38:32:012,0.1804,0.7032,10.0884,0.0005,-0.0007,9.8066,0.021,0.0302,-0.0346,2.5,-30.69,6.69,70.57,-83.52,-158.58
52.38412,-1.528824,147.3,11.55,3,300.04,21 / 22,1345429,2019-09-06 18:38:32:111,0.7352,0.2586,10.3893,-0.0406,-0.0203,9.8065,0.1214,-0.004,0.0415,3.13,-30.75,6.94,70.87,-83.16,-159.92
52.38412,-1.528824,147.3,11.55,3,300.04,21 / 22,1345528,2019-09-06 18:38:32:210,1.2872,0.3539,10.0212,-0.012,-0.0269,9.8065,-0.0467,0.0126,-0.0427,3.25,-30.44,7.13,68.48,-83.11,-161.13
52.38412,-1.528824,147.3,11.55,3,300.04,21 / 22,1345629,2019-09-06 18:38:32:311,-0.0551,0.0279,9.8675,0.0066,0.006,9.8066,-0.0256,-0.0047,-0.018,3.19,-29.75,6.5,67.56,-83.07,-162
52.38412,-1.528824,147.3,11.55,3,300.04,21 / 22,1345729,2019-09-06 18:38:32:411,0.323,0.4208,9.5197,0.0337,0.019,9.8065,0.0877,-0.026,-0.0342,4.13,-30.25,6.5,72.31,-83.28,-162.23
52.38412,-1.528824,147.3,11.55,3,300.04,21 / 22,1345829,2019-09-06 18:38:32:511,0.4533,-0.6256,9.4757,-0.0136,-0.0088,9.8065,0.0296,-0.0053,-0.0206,2.56,-30.94,5.63,75.38,-83.38,-162.55
52.38412,-1.528824,147.3,11.55,3,300.04,21 / 22,1345929,2019-09-06 18:38:32:611,-0.7291,2.5584,11.0936,-0.0103,0.0321,9.8066,-0.1042,0.0936,0.03,2.56,-31,6.25,77.57,-83.59,-159.53
52.38412,-1.528824,147.3,11.55,3,300.04,21 / 22,1346029,2019-09-06 18:38:32:711,1.9249,-0.3148,10.5319,-0.0094,-0.0295,9.8065,0.1619,-0.1108,0.0911,2.63,-30.56,6.44,78.39,-83.49,-159.36
52.38412,-1.528824,147.3,11.55,3,300.04,21 / 22,1346129,2019-09-06 18:38:32:811,0.3063,2.9841,10.2625,-0.0262,-0.0275,9.8065,0.0124,-0.1368,0.1212,2.88,-31.12,6.31,76.95,-83.32,-161.52
52.38412,-1.528824,147.3,11.55,3,300.04,21 / 22,1346229,2019-09-06 18:38:32:911,-0.079,0.534,10.002,0.0155,-0.0133,9.8066,0.0777,0.128,-0.1496,3.69,-30.94,7.13,76.38,-82.85,-161.41
52.38412,-1.528824,147.3,11.55,3,300.04,21 / 22,1346329,2019-09-06 18:38:33:011,0.32,0.2994,9.7774,0.0073,-0.002,9.8066,0.0411,-0.0417,0.004,3.38,-30.94,7.13,69,-82.79,-163.08
52.38412,-1.528824,147.3,11.55,3,300.04,21 / 22,1346428,2019-09-06 18:38:33:110,0.9469,0.3754,9.7454,0.0167,0.0129,9.8066,-0.0675,0.0007,0.0053,4,-31.25,6.44,81.74,-82.99,-163.54
52.38412,-1.528824,147.3,11.55,3,300.04,21 / 22,1346529,2019-09-06 18:38:33:211,-0.0318,-0.3396,9.7838,0.022,0.0044,9.8066,0.0632,0.0179,-0.0219,3.88,-30.94,6.88,72.32,-83.1,-163.84
52.38412,-1.528824,147.3,11.55,3,300.04,21 / 22,1346628,2019-09-06 18:38:33:310,0.2715,0.6341,9.9813,-0.0098,-0.0022,9.8066,0.0125,-0.025,0.0094,3.75,-31.94,7.13,73.86,-82.99,-163.96
52.38412,-1.528824,147.3,11.55,3,300.04,21 / 22,1346728,2019-09-06 18:38:33:410,0.482,0.7484,9.4186,-0.0104,-0.0018,9.8065,-0.0206,-0.0123,0.0599,3.19,-31.19,7.25,66.87,-83,-163.82
52.38412,-1.528824,147.3,11.55,3,300.04,21 / 22,1346828,2019-09-06 18:38:33:510,0.4086,0.5842,10.296,-0.0033,-0.0044,9.8066,0.0189,0.0058,0.0045,2.69,-31.44,7.13,67.91,-82.99,-163.02
52.38412,-1.528824,147.3,11.55,3,300.04,21 / 22,1346928,2019-09-06 18:38:33:610,-0.4695,2.087,10.4338,-0.0092,-0.0008,9.8066,-0.0756,0.0128,-0.0167,3.44,-31.19,6.94,68.47,-82.99,-162.61
52.38412,-1.528824,147.3,11.55,3,300.04,21 / 22,1347029,2019-09-06 18:38:33:711,0.5564,-0.5836,10.0735,0.0095,0.0079,9.8065,-0.0417,0.0657,-0.0116,3.31,-31.62,6.81,69.61,-82.91,-163.05
52.38412,-1.528824,147.3,11.55,3,300.04,21 / 22,1347128,2019-09-06 18:38:33:810,1.1604,0.5485,9.6505,0.0093,0.0104,9.8065,0.072,0.035,0.0025,2.94,-31.44,6.81,69.11,-82.79,-162.98
52.38412,-1.528824,147.3,11.55,3,300.04,21 / 22,1347228,2019-09-06 18:38:33:910,-0.1863,0.1327,9.8763,0.0098,0.0089,9.8065,-0.0123,-0.0216,0.0086,3.38,-31.94,6.63,70.16,-82.83,-162.97
52.38412,-1.528824,147.3,11.55,3,300.04,21 / 22,1347329,2019-09-06 18:38:34:011,-0.1497,0.4721,10.3052,0.0215,0.0161,9.8066,0.0676,0.0099,-0.0214,2.88,-32.25,6.5,69.91,-82.96,-162.59
52.38412,-1.528824,147.3,11.55,3,300.04,21 / 22,1347429,2019-09-06 18:38:34:111,-0.2882,-1.0468,9.6574,-0.0347,-0.0346,9.8065,0.1813,0.0513,0.0071,3.44,-32.12,6.88,69.23,-83.03,-162.8
52.38412,-1.528824,147.3,11.55,3,300.04,21 / 22,1347528,2019-09-06 18:38:34:210,-0.2239,-0.1189,9.8169,-0.0314,-0.0222,9.8065,-0.0509,0.0042,-0.0175,2.19,-32.25,6.94,62.62,-82.68,-163.56
52.38412,-1.528824,147.3,11.55,3,300.04,21 / 22,1347629,2019-09-06 18:38:34:311,0.3282,0.4039,10.1576,-0.0088,0.0046,9.8066,-0.0395,-0.0311,0.0135,2.44,-32.87,7.06,65.08,-82.66,-162.97
52.38412,-1.528824,147.3,11.55,3,300.04,21 / 22,1347729,2019-09-06 18:38:34:411,0.7324,0.1301,9.5732,0.0033,-0.0028,9.8066,0.0204,0.0072,0.0432,2.44,-32.75,7.38,64.36,-82.71,-163.25
52.38412,-1.528824,147.3,11.55,3,300.04,21 / 22,1347829,2019-09-06 18:38:34:511,0.2478,0.5607,9.766,0.006,0.0085,9.8066,-0.0003,-0.0475,0.003,2.31,-33.25,6.63,65.01,-82.73,-162.67
52.38412,-1.528824,147.3,11.55,3,300.04,21 / 22,1347928,2019-09-06 18:38:34:610,0.2591,-0.1284,9.7071,0.0094,0.0099,9.8066,-0.0153,-0.0051,0.0261,2.81,-32.69,7.06,72.1,-82.83,-162.44
52.38412,-1.528824,147.3,11.55,3,300.04,21 / 22,1348028,2019-09-06 18:38:34:710,-0.162,0.4331,9.8678,-0.0002,-0.0049,9.8066,0.0498,0,0.029,2.06,-33,7.06,65.76,-82.76,-161.96
52.38412,-1.528824,147.3,11.55,3,300.04,21 / 22,1348128,2019-09-06 18:38:34:810,0.6103,-0.0504,9.6235,-0.0136,-0.0045,9.8066,-0.0262,-0.0231,0.0281,2.44,-32.75,6.63,65.96,-82.75,-161.86
52.38412,-1.528824,147.3,11.55,3,300.04,21 / 22,1348228,2019-09-06 18:38:34:910,0.405,0.6093,9.5976,0.0111,0.0068,9.8066,-0.1108,-0.0271,-0.0371,2.19,-33.06,7.19,65.77,-82.83,-161.62
52.38412,-1.528824,147.3,11.55,3,300.04,21 / 22,1348329,2019-09-06 18:38:35:011,-1.7128,-0.5498,10.0687,0.0009,0.0126,9.8066,0.1719,-0.0057,0.0363,2.13,-33.56,7.06,67.96,-82.81,-161.22
52.38412,-1.528824,147.3,11.55,3,300.04,21 / 22,1348431,2019-09-06 18:38:35:113,-0.2397,0.0158,9.6569,-0.0098,-0.011,9.8066,0.0703,-0.0145,0.0182,2.19,-33,7.63,59.09,-82.72,-161.11
52.38412,-1.528824,147.3,11.55,3,300.04,21 / 22,1348528,2019-09-06 18:38:35:210,-0.4447,-0.28,9.9054,-0.0088,-0.0005,9.8066,-0.0283,-0.0184,-0.0307,1.06,-32.75,6.63,58.66,-82.58,-160.86
52.38412,-1.528824,147.3,11.55,3,300.04,21 / 22,1348628,2019-09-06 18:38:35:310,-0.4738,0.0269,9.9137,-0.0027,0.006,9.8066,-0.0186,-0.0547,0.0398,1.06,-33,6.75,59.52,-82.59,-160.29
52.38412,-1.528824,147.3,11.55,3,300.04,21 / 22,1348729,2019-09-06 18:38:35:411,0.1284,-0.0356,9.7637,-0.0056,-0.0143,9.8066,-0.0716,0.0138,-0.0132,0.88,-32.94,6.81,59.19,-82.59,-160.49
52.38412,-1.528824,147.3,11.55,3,300.04,21 / 22,1348829,2019-09-06 18:38:35:511,-0.8132,-1.403,9.8956,-0.0037,0.0001,9.8065,-0.0698,-0.0723,0.0009,0.69,-33.37,6.81,58.87,-82.62,-160.53
52.38412,-1.528824,147.3,11.55,3,300.04,21 / 22,1348928,2019-09-06 18:38:35:610,-0.3503,0.5658,9.8925,-0.0004,-0.0184,9.8066,-0.057,-0.0326,-0.0197,0.63,-33.94,6.88,59.16,-82.66,-161.24
52.38412,-1.528824,147.3,11.55,3,300.04,21 / 22,1349029,2019-09-06 18:38:35:711,-0.6634,-0.9367,9.8685,0.0089,0.0265,9.8066,0.0671,-0.0151,-0.0058,-0.62,-34.06,6.69,27.39,-82.63,-161.19
52.38412,-1.528824,147.3,11.55,3,300.04,21 / 22,1349129,2019-09-06 18:38:35:811,-0.7304,-0.4727,10.0105,0.0147,0.0355,9.8065,0.0574,-0.0676,-0.0095,0.25,-33.87,7.06,44.21,-82.87,-160.98
52.38412,-1.528824,147.3,11.55,3,300.04,21 / 22,1349229,2019-09-06 18:38:35:911,-0.206,0.0028,9.9127,0.0073,-0.0225,9.8066,-0.0555,-0.0404,-0.0229,0.5,-34.06,7.38,56.48,-82.79,-162.26
52.38412,-1.528824,147.3,11.55,3,300.04,21 / 22,1349328,2019-09-06 18:38:36:010,-1.0048,-0.0498,9.9697,-0.0111,-0.0234,9.8066,-0.0041,-0.0209,-0.0044,0,-34.31,7.44,41.78,-82.76,-162.6
52.38412,-1.528824,147.3,11.55,3,300.04,21 / 22,1349429,2019-09-06 18:38:36:111,0.1333,-0.1897,9.8143,0.0177,0.011,9.8066,-0.0805,-0.0055,-0.02,0.25,-33.56,7.06,39.89,-82.86,-163.18
52.38412,-1.528824,147.3,11.55,3,300.04,21 / 22,1349528,2019-09-06 18:38:36:210,0.2853,-0.2188,9.6712,0.012,0.0107,9.8066,0.0169,-0.0726,0.0239,0.5,-33.25,7.06,51.47,-82.93,-163.7
52.38412,-1.528824,147.3,11.55,3,300.04,21 / 22,1349629,2019-09-06 18:38:36:311,-0.5111,-0.5643,10.1995,-0.0028,-0.002,9.8066,-0.1062,-0.0486,-0.0014,0.81,-33.12,7.38,51.94,-82.88,-163.66
52.38412,-1.528824,147.3,11.55,3,300.04,21 / 22,1349728,2019-09-06 18:38:36:410,0.4478,0.1753,9.8499,0.0001,0.0144,9.8066,0.1144,-0.0112,-0.0128,0.13,-32.94,7.5,32.78,-82.93,-163.4
52.38412,-1.528824,147.3,11.55,3,300.04,21 / 22,1349828,2019-09-06 18:38:36:510,-0.0839,0.3354,9.7664,-0.001,0.0202,9.8066,0.1417,-0.0588,-0.0042,0,-32.5,7,38.11,-82.87,-162.68
52.38412,-1.528824,147.3,11.55,3,300.04,21 / 22,1349929,2019-09-06 18:38:36:611,-0.2773,0.6125,10.328,-0.0188,-0.0193,9.8066,-0.0938,-0.0707,0.0376,0,-32.87,6.81,40.44,-82.79,-162.43
52.38412,-1.528824,147.3,11.55,3,300.04,21 / 22,1350029,2019-09-06 18:38:36:711,0.1963,-0.2808,10.111,-0.005,-0.0043,9.8066,0.126,-0.0308,0.0007,0.56,-32.37,6.56,55.29,-82.62,-161.8
52.38412,-1.528824,147.3,11.55,3,300.04,21 / 22,1350128,2019-09-06 18:38:36:810,-0.2194,0.052,9.5341,-0.0032,0.0089,9.8066,0.0814,-0.0118,0.0119,-0.19,-32.25,6.63,42.12,-82.63,-161.38
52.38412,-1.528824,147.3,11.55,3,300.04,21 / 22,1350228,2019-09-06 18:38:36:910,-0.4341,0.8747,10.0227,0.0049,0.0079,9.8066,0.0846,-0.034,-0.0081,0.06,-31.87,7,42.22,-82.63,-161.31
52.38412,-1.528824,147.3,11.55,3,300.04,21 / 22,1350328,2019-09-06 18:38:37:010,0.0638,0.3733,10.0238,0.0153,0.0082,9.8066,0.0206,-0.0385,0.0393,0.63,-31.69,6.63,56.28,-82.62,-161.17
52.38412,-1.528824,147.3,11.55,3,300.04,21 / 22,1350429,2019-09-06 18:38:37:111,-0.1425,1.4294,9.8335,0.0077,0.016,9.8066,-0.0081,0.0249,-0.0634,0.06,-32.06,5.94,50.86,-82.71,-161.2
52.38412,-1.528824,147.3,11.55,3,300.04,21 / 22,1350528,2019-09-06 18:38:37:210,-0.7568,-0.7917,9.9944,-0.0046,-0.0094,9.8065,-0.0088,-0.1126,0.0628,-0.06,-32.06,6.56,43.14,-82.66,-160.74
52.38412,-1.528824,147.3,11.55,3,300.04,21 / 22,1350628,2019-09-06 18:38:37:310,0.5024,0.4881,9.5963,0.0049,0.0149,9.8066,-0.0307,0.0025,0.0161,-0.06,-31.5,6,50.27,-82.72,-160.36
52.38412,-1.528824,147.3,11.55,3,300.04,21 / 22,1350728,2019-09-06 18:38:37:410,-0.4852,-1.2975,9.6598,0.0102,0.0304,9.8066,0.1667,-0.0004,0.0197,-0.12,-31.31,6.94,42.84,-82.84,-159.51
52.38412,-1.528824,147.3,11.55,3,300.04,21 / 22,1350828,2019-09-06 18:38:37:510,-0.2824,-0.0873,9.7458,0.0222,0.0333,9.8065,0.1035,-0.0386,0.0485,-0.12,-31.5,6.25,50.88,-82.89,-159.23
52.38412,-1.528824,147.3,11.55,3,300.04,21 / 22,1350929,2019-09-06 18:38:37:611,-0.036,-1.0765,10.1101,0.0038,-0.0027,9.8066,-0.0347,-0.0139,0.0409,0,-30.87,6.56,45.18,-82.8,-158.34
52.38412,-1.528824,147.3,11.55,3,300.04,21 / 22,1351028,2019-09-06 18:38:37:710,-0.4266,0.2178,9.8057,-0.011,-0.0114,9.8066,-0.075,-0.0047,0.0009,-0.25,-30.87,6.38,53.58,-82.74,-158.52
52.38412,-1.528824,147.3,11.55,3,300.04,21 / 22,1351129,2019-09-06 18:38:37:811,0.3751,-0.8862,10.0854,0.0055,0.0083,9.8066,0.1497,-0.0357,0.0646,0.44,-30.25,6.94,44.45,-82.7,-158.28
52.38412,-1.528824,147.3,11.55,3,300.04,21 / 22,1351229,2019-09-06 18:38:37:911,0.4927,-0.4472,9.6759,-0.0002,-0.0056,9.8066,0.0518,-0.0678,0.0293,0.81,-30.06,6.56,58.24,-82.55,-158.17
52.38412,-1.528824,147.3,11.55,3,300.04,21 / 22,1351328,2019-09-06 18:38:38:010,0.5007,-0.6531,9.9611,-0.0184,-0.0048,9.8066,-0.0211,0.0394,-0.0716,0.5,-29.94,6.5,59.85,-82.48,-157.37
52.38412,-1.528824,147.3,11.55,3,300.04,21 / 22,1351428,2019-09-06 18:38:38:110,-0.7714,-0.0847,10.246,-0.0028,-0.0133,9.8066,0.0201,-0.0375,0.101,0.69,-30.5,6.5,59.44,-82.45,-157.78
52.38412,-1.528824,147.3,11.55,3,300.04,21 / 22,1351529,2019-09-06 18:38:38:211,0.8292,0.0329,10.5383,-0.0125,-0.0075,9.8066,-0.0956,0.0559,-0.1279,0.81,-30.87,6.63,60.6,-82.44,-158.12
52.38412,-1.528824,147.3,11.55,3,300.04,21 / 22,1351628,2019-09-06 18:38:38:310,-0.0025,-0.2332,9.2599,0.0277,0.0006,9.8065,0.1246,-0.007,0.0262,1.13,-30.56,6.75,59.19,-82.48,-158.89
52.38412,-1.528824,147.3,11.55,3,300.04,21 / 22,1351729,2019-09-06 18:38:38:411,0.2207,-1.7147,9.0819,0.0002,-0.0103,9.8066,-0.0986,-0.073,0.0148,0.88,-30.81,6.38,67.78,-82.45,-160.51
52.38412,-1.528824,147.3,11.55,3,300.04,21 / 22,1351829,2019-09-06 18:38:38:511,-0.6408,-0.6855,9.4319,0.0111,-0.0112,9.8066,-0.0535,0.0105,-0.0407,1.5,-30.5,7.06,64.11,-82.6,-160.74
52.38412,-1.528824,147.3,11.55,3,300.04,21 / 22,1351929,2019-09-06 18:38:38:611,-0.0428,-0.1914,10.1058,0.0288,0.0235,9.8066,0.0836,-0.0631,-0.004,1.88,-30.12,6.88,61.72,-82.9,-161.22
52.38412,-1.528824,147.3,11.55,3,300.04,21 / 22,1352029,2019-09-06 18:38:38:711,-0.3288,-0.3993,9.6819,0.0276,0.0189,9.8065,0.0999,-0.0196,-0.0726,2.31,-30.44,6.81,61.13,-82.96,-161.4
52.38412,-1.528824,147.3,11.55,3,300.04,21 / 22,1352129,2019-09-06 18:38:38:811,1.5076,-0.7868,9.9782,0.0134,-0.0058,9.8066,0.0384,-0.0573,0.052,3,-30.31,7.13,67.33,-83.01,-162.45
52.38412,-1.528824,147.3,11.55,3,300.04,21 / 22,1352229,2019-09-06 18:38:38:911,-0.101,-1.3,9.7119,-0.0081,-0.009,9.8065,-0.0792,0.0743,-0.0745,2.19,-29.75,6.5,58.64,-83,-163.05
52.38412,-1.528824,147.3,11.55,3,300.04,21 / 22,1352329,2019-09-06 18:38:39:011,-0.9359,-0.8866,9.6599,0.0033,-0.0042,9.8066,0.0054,0.0681,0.0443,2.63,-30.56,6.31,75.84,-83.08,-163.75
52.38412,-1.528824,147.3,11.55,3,300.04,21 / 22,1352429,2019-09-06 18:38:39:111,0.1555,-0.2237,10.3145,-0.0031,0.0026,9.8066,0.0348,-0.0141,0.0797,3.38,-30.75,7,66.31,-83.12,-163.72
52.38412,-1.528824,147.3,11.55,3,300.04,21 / 22,1352529,2019-09-06 18:38:39:211,1.0171,-0.1984,9.7689,-0.009,-0.0034,9.8066,-0.0881,0.0267,-0.0579,2.88,-30.5,6.25,75.97,-83.05,-162.63
52.38412,-1.528824,147.3,11.55,3,300.04,21 / 22,1352628,2019-09-06 18:38:39:310,0.6747,-0.1042,9.7921,0.0171,0.0047,9.8065,-0.0393,-0.006,0.0405,2.69,-30.19,6.13,75.57,-83.13,-162.54
52.38412,-1.528824,147.3,11.55,3,300.04,21 / 22,1352728,2019-09-06 18:38:39:410,0.3461,-0.0474,9.8027,-0.0124,-0.0039,9.8066,-0.0323,-0.0162,0.0067,2.94,-31.19,6.25,77.24,-83.12,-162.36
52.38412,-1.528824,147.3,11.55,3,300.04,21 / 22,1352829,2019-09-06 18:38:39:511,-0.1204,-0.7779,9.5581,-0.0086,-0.007,9.8066,-0.0993,0.0208,-0.0284,3.25,-30.5,6.75,67.27,-83.05,-162.34
52.38412,-1.528824,147.3,11.55,3,300.04,21 / 22,1352928,2019-09-06 18:38:39:610,-0.1912,-0.8452,9.5621,0.0095,-0.0021,9.8066,-0.0782,-0.0109,0.0834,3.31,-30.44,7.19,66.27,-83.15,-162.72
52.38412,-1.528824,147.3,11.55,3,300.04,21 / 22,1353028,2019-09-06 18:38:39:710,0.9659,0.2615,9.5374,-0.0108,0,9.8066,-0.1047,0.0586,-0.0198,3.06,-30.31,6.81,67.04,-83.1,-162.33
52.38412,-1.528824,147.3,11.55,3,300.04,21 / 22,1353129,2019-09-06 18:38:39:811,0.0433,-0.4668,9.6748,0.0049,0.0073,9.8066,0.0363,-0.0369,-0.0363,3.19,-30.62,6.25,77.08,-83.22,-161.95
52.38412,-1.528824,147.3,11.55,3,300.04,21 / 22,1353229,2019-09-06 18:38:39:911,-0.0694,-0.431,9.2606,0.0261,0.004,9.8065,-0.0267,0.0809,0.035,3.38,-30.06,6.44,74.86,-83.33,-162.1
52.38412,-1.528824,147.3,11.55,3,300.04,21 / 22,1353328,2019-09-06 18:38:40:010,0.2674,-1.3367,9.8277,-0.0206,-0.0166,9.8066,-0.0837,-0.0458,0.0668,2.75,-29.94,7.13,66.27,-83.4,-161.69
52.384613,-1.530149,147.57,13.32,3,301.1,20 / 22,1353429,2019-09-06 18:38:40:111,-0.5694,0.0687,9.9331,-0.0201,-0.0049,9.8066,-0.0409,0.0363,-0.038,3.25,-30.31,7.25,66.96,-83.43,-161.04
52.384613,-1.530149,147.57,13.32,3,301.1,20 / 22,1353529,2019-09-06 18:38:40:211,-0.0729,-0.3243,9.685,0.0089,0.0198,9.8066,0.0729,-0.0103,0.0772,3,-30.69,6.38,78.36,-83.35,-160.13
52.384613,-1.530149,147.57,13.32,3,301.1,20 / 22,1353628,2019-09-06 18:38:40:310,1.2977,0.508,10.705,-0.0062,0.0216,9.8065,-0.0836,0.0192,-0.0171,2.69,-30.81,6.13,82.1,-83.24,-157.37
52.384613,-1.530149,147.57,13.32,3,301.1,20 / 22,1353729,2019-09-06 18:38:40:411,0.6767,-0.1217,9.8948,0.0556,0.05,9.8063,0.1445,0.0722,-0.0021,3.06,-30.44,6.31,81.61,-83.51,-155.2
52.384613,-1.530149,147.57,13.32,3,301.1,20 / 22,1353829,2019-09-06 18:38:40:511,-0.8182,-0.6184,9.8427,-0.047,-0.0217,9.8065,0.0303,0.0424,-0.0179,2.38,-29.87,6.94,67.65,-83.14,-155.69
52.384613,-1.530149,147.57,13.32,3,301.1,20 / 22,1353928,2019-09-06 18:38:40:610,0.5152,-0.6379,10.3594,0.0019,0.0084,9.8066,0.1344,0.0247,-0.0376,3.31,-30.5,6.88,75.43,-83.14,-155.16
52.384613,-1.530149,147.57,13.32,3,301.1,20 / 22,1354028,2019-09-06 18:38:40:710,0.6692,0.1151,9.5703,-0.0199,-0.0192,9.8066,-0.0885,0.0343,0.0175,2.69,-30.12,6.69,75.67,-83.07,-155.27
52.384613,-1.530149,147.57,13.32,3,301.1,20 / 22,1354129,2019-09-06 18:38:40:811,0.7662,-0.9425,9.7919,-0.0233,-0.027,9.8065,-0.077,0.0444,0.0311,2.56,-29.69,6.44,84.36,-82.93,-155.74
52.384613,-1.530149,147.57,13.32,3,301.1,20 / 22,1354229,2019-09-06 18:38:40:911,0.9923,0.8401,9.3401,-0.0016,0.0087,9.8066,-0.0719,0.0037,-0.0319,2.38,-30.12,6.75,70.09,-83.01,-154.31
52.384613,-1.530149,147.57,13.32,3,301.1,20 / 22,1354329,2019-09-06 18:38:41:011,0.171,-0.5282,9.0299,-0.0138,-0.0163,9.8066,-0.1201,-0.0102,0.0358,2.63,-30.44,6.56,76.81,-82.95,-154.76
52.384613,-1.530149,147.57,13.32,3,301.1,20 / 22,1354429,2019-09-06 18:38:41:111,0.2004,0.106,9.7195,0.0076,0.0045,9.8066,0.0288,0.0571,-0.0058,3.44,-30.94,6.63,79.12,-83.01,-153.49
52.384613,-1.530149,147.57,13.32,3,301.1,20 / 22,1354528,2019-09-06 18:38:41:210,-0.0063,-0.1963,10.4265,0.0071,0.02,9.8065,0.0982,0.042,-0.0127,2.75,-31.31,7.13,79.39,-83.08,-152.91
52.384613,-1.530149,147.57,13.32,3,301.1,20 / 22,1354629,2019-09-06 18:38:41:311,-0.7918,0.0847,10.0017,-0.0462,-0.0256,9.8064,-0.1747,0.0206,-0.0577,2.94,-30.37,7.31,78.23,-83.22,-152.31
52.384613,-1.530149,147.57,13.32,3,301.1,20 / 22,1354729,2019-09-06 18:38:41:411,0.8086,0.0882,10.0192,-0.0122,-0.0259,9.8065,-0.0649,-0.0118,0.0087,2.25,-30,8.19,64.51,-83.09,-153.12
52.384613,-1.530149,147.57,13.32,3,301.1,20 / 22,1354830,2019-09-06 18:38:41:512,0.1083,-0.429,10.2212,-0.0081,-0.0083,9.8066,0.0086,0.0124,0.0618,2.19,-28.81,8.19,63.61,-83.18,-152.67
52.384613,-1.530149,147.57,13.32,3,301.1,20 / 22,1354929,2019-09-06 18:38:41:611,0.9115,0.7089,10.0022,-0.022,-0.0147,9.8065,0.0109,-0.0397,-0.0449,1.13,-29.62,7.5,57.55,-83.07,-152.14
52.384613,-1.530149,147.57,13.32,3,301.1,20 / 22,1355029,2019-09-06 18:38:41:711,-0.5963,0.0798,9.6425,0.0269,0.0191,9.8066,0.1989,-0.0697,0.0191,2.06,-29.56,6.44,80.57,-83.22,-151.74
52.384613,-1.530149,147.57,13.32,3,301.1,20 / 22,1355129,2019-09-06 18:38:41:811,0.365,-0.6279,9.4241,0.0107,0.0143,9.8065,0.0494,0.0289,-0.0163,2.13,-29.87,7.06,72.62,-83.11,-151.78
52.384613,-1.530149,147.57,13.32,3,301.1,20 / 22,1355229,2019-09-06 18:38:41:911,-0.1474,0.6608,9.9197,-0.0058,0.0005,9.8066,0.0201,0.0243,-0.0274,2.06,-30.31,7.13,72.21,-83.12,-152.09
52.384613,-1.530149,147.57,13.32,3,301.1,20 / 22,1355329,2019-09-06 18:38:42:011,-0.0273,0.2724,9.6028,0.0045,0.0029,9.8066,0.0471,-0.0274,-0.0376,2.56,-30.37,6.94,78.91,-83.16,-151.99
52.384613,-1.530149,147.57,13.32,3,301.1,20 / 21,1355428,2019-09-06 18:38:42:110,0.5015,0.1158,9.3285,-0.0144,-0.012,9.8066,-0.0804,0.0565,0.0105,3.19,-30.75,6.56,79.52,-83.11,-152.65
52.384613,-1.530149,147.57,13.32,3,301.1,20 / 21,1355529,2019-09-06 18:38:42:211,0.5141,0.6552,10.3183,-0.0223,-0.0213,9.8066,-0.0877,0.0051,0.0501,3.25,-30.06,7.19,78.3,-83.04,-153.08
52.384613,-1.530149,147.57,13.32,3,301.1,20 / 21,1355628,2019-09-06 18:38:42:310,0.7862,-0.0533,9.4983,0.0133,0.0113,9.8066,-0.0288,-0.0246,-0.0418,3.81,-29.87,7.56,77.15,-83.07,-152.93
52.384613,-1.530149,147.57,13.32,3,301.1,20 / 21,1355729,2019-09-06 18:38:42:411,1.9422,0.9427,10.0913,-0.0012,-0.0099,9.8066,-0.0505,0.015,-0.0188,3.75,-29.75,6.94,82.99,-83.04,-153.61
52.384613,-1.530149,147.57,13.32,3,301.1,20 / 21,1355829,2019-09-06 18:38:42:511,1.0986,-0.187,10.2318,-0.0033,-0.0044,9.8066,-0.0211,-0.0357,0.0388,4.25,-29.31,6.13,88.62,-83.17,-153.89
52.384613,-1.530149,147.57,13.32,3,301.1,20 / 21,1355929,2019-09-06 18:38:42:611,0.1536,-0.7762,9.0912,-0.0301,-0.0179,9.8065,-0.1571,0.0588,-0.0898,2.56,-29.37,5.69,84.35,-82.99,-154.2
52.384613,-1.530149,147.57,13.32,3,301.1,20 / 21,1356029,2019-09-06 18:38:42:711,0.0499,0.3548,9.5845,-0.0039,0.0008,9.8066,-0.0346,0.0737,0.0397,2.5,-29.31,6.44,83.98,-83.06,-154.19
52.384613,-1.530149,147.57,13.32,3,301.1,20 / 21,1356129,2019-09-06 18:38:42:811,0.8805,-0.4096,10.1697,-0.0202,-0.0184,9.8065,-0.0187,0.0038,0.0438,1.88,-29.56,7.13,70.04,-83.01,-154.38
52.384613,-1.530149,147.57,13.32,3,301.1,20 / 21,1356229,2019-09-06 18:38:42:911,1.005,0.0199,8.9934,0.0006,0.0011,9.8066,-0.1201,0.0194,0.0126,3,-29.94,7.06,78.2,-82.96,-153.49
52.384613,-1.530149,147.57,13.32,3,301.1,20 / 21,1356328,2019-09-06 18:38:43:010,1.2705,0.8864,9.8522,-0.0166,-0.0068,9.8066,-0.0579,0.0089,0.0226,3.13,-29.81,7.06,78.82,-82.91,-153.16
52.384613,-1.530149,147.57,13.32,3,301.1,20 / 22,1356429,2019-09-06 18:38:43:111,0.1348,0.4761,9.9917,-0.017,-0.014,9.8065,-0.0825,0.0042,-0.0505,3.25,-30.31,7.63,72.08,-82.96,-152.95
52.384613,-1.530149,147.57,13.32,3,301.1,20 / 22,1356529,2019-09-06 18:38:43:211,0.9556,-0.1857,9.4357,-0.0028,-0.0149,9.8066,-0.0587,0.0389,-0.0879,3,-30.31,7.5,71.06,-82.84,-154.26
52.384613,-1.530149,147.57,13.32,3,301.1,20 / 22,1356629,2019-09-06 18:38:43:311,0.0788,-0.5037,9.3199,-0.0169,-0.0251,9.8065,-0.0523,0.0436,0.0309,2.44,-29.69,7.06,69.43,-82.87,-155.48
52.384613,-1.530149,147.57,13.32,3,301.1,20 / 22,1356729,2019-09-06 18:38:43:411,-1.2898,-1.0521,7.9841,-0.0241,-0.0159,9.8065,-0.181,-0.0158,0.052,2.19,-30.44,7.06,69.48,-83.02,-154.77
52.384613,-1.530149,147.57,13.32,3,301.1,20 / 22,1356828,2019-09-06 18:38:43:510,2.7883,1.1092,10.8529,0.0958,0.0694,9.8059,0.1025,-0.0308,0.0066,2.94,-31.06,6.5,78.54,-83.49,-151.82
52.384613,-1.530149,147.57,13.32,3,301.1,20 / 22,1356929,2019-09-06 18:38:43:611,-0.5332,-1.2027,10.7174,0.0273,0.0195,9.8065,0.2731,0.0117,0.1156,2.94,-31.25,6.56,78.68,-83.33,-152.4
52.384613,-1.530149,147.57,13.32,3,301.1,20 / 22,1357029,2019-09-06 18:38:43:711,0.3652,-0.2602,9.4777,0.0197,0.0384,9.8065,0.2181,-0.0416,0.0238,2.88,-30.69,7.13,79.41,-82.66,-154.9
52.384613,-1.530149,147.57,13.32,3,301.1,20 / 22,1357129,2019-09-06 18:38:43:811,1.0855,-0.0709,10.4168,0.0541,0.045,9.8063,-0.0065,-0.0452,-0.0043,2.63,-30.62,6.81,81.72,-82.65,-152.84
52.384613,-1.530149,147.57,13.32,3,301.1,20 / 22,1357228,2019-09-06 18:38:43:910,-0.1331,0.5853,10.232,0.0023,0.0072,9.8065,0.0489,0.0076,0.042,2.69,-30.81,7.19,80.88,-82.68,-153.47
52.384613,-1.530149,147.57,13.32,3,301.1,20 / 22,1357329,2019-09-06 18:38:44:011,0.137,0.0464,9.7754,0.0375,0.0274,9.8065,0.0312,0.0364,0.0087,3,-30.75,6.75,80.68,-82.95,-152.36
52.384613,-1.530149,147.57,13.32,3,301.1,20 / 22,1357429,2019-09-06 18:38:44:111,-0.7893,0.0251,9.5191,-0.0243,-0.0168,9.8065,-0.0528,0.0176,-0.0447,2.81,-30.81,7.13,80.23,-82.86,-153.21
52.384613,-1.530149,147.57,13.32,3,301.1,20 / 22,1357528,2019-09-06 18:38:44:210,0.2059,0.5846,10.5385,-0.0091,-0.0116,9.8066,0.0061,-0.0104,-0.0283,2.75,-31.31,6.94,79.81,-82.9,-153.38
52.384613,-1.530149,147.57,13.32,3,301.1,20 / 22,1357629,2019-09-06 18:38:44:311,0.3469,-0.2047,10.7374,-0.0153,-0.0163,9.8066,0.0885,0.0125,-0.0384,2.63,-31.06,7.69,71.73,-82.85,-154.53
52.384613,-1.530149,147.57,13.32,3,301.1,20 / 22,1357728,2019-09-06 18:38:44:410,-0.1944,-0.6743,9.8057,-0.006,-0.0136,9.8066,0.0088,-0.0338,0.0398,3.19,-30.19,7.19,77.19,-82.6,-156.02
52.384613,-1.530149,147.57,13.32,3,301.1,20 / 22,1357828,2019-09-06 18:38:44:510,-0.1275,0.9974,9.6496,-0.0021,-0.0002,9.8066,-0.0533,-0.0162,0.0788,2.5,-30.12,7.06,78.12,-82.44,-155.95
52.384613,-1.530149,147.57,13.32,3,301.1,20 / 22,1357929,2019-09-06 18:38:44:611,0.5053,-0.8513,10.0259,-0.0159,0.0103,9.8065,0.0559,-0.0212,0.0136,1.81,-30.69,6.63,74.14,-82.44,-154.84
52.384613,-1.530149,147.57,13.32,3,301.1,20 / 22,1358028,2019-09-06 18:38:44:710,-0.4647,0.4719,9.4506,-0.0078,0.0018,9.8066,-0.0309,-0.0137,0.0029,1.31,-31.19,7,66.99,-82.52,-153.25
52.384613,-1.530149,147.57,13.32,3,301.1,20 / 22,1358128,2019-09-06 18:38:44:810,0.1844,1.0661,11.0307,-0.0071,-0.0108,9.8065,-0.0439,-0.0912,-0.0083,1.63,-31.44,7.19,74.96,-82.72,-152.78
52.384613,-1.530149,147.57,13.32,3,301.1,20 / 22,1358228,2019-09-06 18:38:44:910,0.4576,0.0277,8.83,0.0008,-0.0162,9.8065,-0.1514,0.0496,-0.0279,2.44,-31.69,7.31,75.16,-82.87,-152.98
52.384613,-1.530149,147.57,13.32,3,301.1,20 / 22,1358328,2019-09-06 18:38:45:010,-1.773,0.5195,8.7167,-0.0116,-0.0064,9.8066,-0.0367,-0.0797,0.0348,3.75,-31.56,7.31,84.84,-82.95,-154.19
52.384613,-1.530149,147.57,13.32,3,301.1,20 / 21,1358429,2019-09-06 18:38:45:111,0.3836,0.2779,9.6451,0.0044,-0.0092,9.8066,-0.2312,0.0001,-0.0689,3,-31.56,7.56,71.76,-83.28,-153.69
52.384613,-1.530149,147.57,13.32,3,301.1,20 / 21,1358529,2019-09-06 18:38:45:211,1.1229,1.2921,10.6338,-0.0177,-0.0334,9.8065,-0.0534,-0.033,0.053,2.63,-31.19,7.06,76.52,-83.48,-153.65
52.384613,-1.530149,147.57,13.32,3,301.1,20 / 21,1358629,2019-09-06 18:38:45:311,0.7723,-0.3136,10.0189,-0.0154,0.0074,9.8065,0.0627,-0.0901,0.0059,2.63,-31.56,6.81,77.83,-83.31,-154.26
52.384613,-1.530149,147.57,13.32,3,301.1,20 / 21,1358729,2019-09-06 18:38:45:411,-0.5103,0.2163,10.0907,0.0059,0.0131,9.8065,0.0331,-0.1212,-0.0277,2.38,-31.56,7.25,72.66,-83.06,-154.12
52.384613,-1.530149,147.57,13.32,3,301.1,20 / 21,1358829,2019-09-06 18:38:45:511,-0.4524,0.3516,10.4601,0.0051,-0.0012,9.8066,0.0767,-0.0058,0.0068,2.06,-31.94,7.06,72.93,-83,-154.18
52.384613,-1.530149,147.57,13.32,3,301.1,20 / 21,1358929,2019-09-06 18:38:45:611,-0.9863,-0.8807,9.8376,0.0096,-0.0005,9.8065,-0.1448,-0.0488,0.0068,1.94,-32,6.56,71.41,-83.19,-154.46
52.384613,-1.530149,147.57,13.32,3,301.1,20 / 21,1359029,2019-09-06 18:38:45:711,0.2984,0.3996,9.7397,0.0016,-0.0066,9.8066,-0.0431,-0.0728,-0.0092,2.38,-31.56,7.06,69.71,-83.27,-155.44
52.384613,-1.530149,147.57,13.32,3,301.1,20 / 21,1359128,2019-09-06 18:38:45:810,-0.1714,-0.0079,10.2947,0.016,0.0118,9.8066,0.0484,-0.011,-0.0846,1.75,-32.94,6.5,70.19,-83.36,-155.62
52.384613,-1.530149,147.57,13.32,3,301.1,20 / 21,1359229,2019-09-06 18:38:45:911,-0.1498,1.0954,10.4691,-0.0088,-0.0169,9.8066,0.0326,0.0057,0.0202,2.31,-32.81,7.69,61.69,-83.29,-156.95
52.384613,-1.530149,147.57,13.32,3,301.1,20 / 21,1359329,2019-09-06 18:38:46:011,-0.0987,-0.0552,9.8758,-0.0053,0.0005,9.8066,-0.0408,0.0338,0.0346,2.94,-32.12,7.44,74.44,-83.31,-157.21
52.384613,-1.530149,147.57,13.32,3,301.1,20 / 22,1359429,2019-09-06 18:38:46:111,-0.4492,0.1119,10.3851,-0.0424,-0.0303,9.8065,-0.0762,-0.0593,-0.0153,2.69,-32.12,7.56,68.53,-83.38,-156
52.384613,-1.530149,147.57,13.32,3,301.1,20 / 22,1359528,2019-09-06 18:38:46:210,0.6365,0.527,10.5038,-0.0307,-0.0387,9.8064,-0.0924,-0.0289,-0.0395,2.88,-31.37,7.69,68.09,-83.03,-156.89
52.384613,-1.530149,147.57,13.32,3,301.1,20 / 22,1359628,2019-09-06 18:38:46:310,1.3448,0.5415,9.2329,0.0293,-0.0001,9.8066,-0.0357,-0.0702,0.0692,2.75,-32.44,7.63,67.59,-83.05,-158.05
52.384613,-1.530149,147.57,13.32,3,301.1,20 / 22,1359728,2019-09-06 18:38:46:410,0.7987,-0.4297,9.6079,-0.0128,-0.0051,9.8066,-0.1265,-0.0194,0.0765,2.5,-31.75,7.38,74.94,-82.85,-158.94
52.384613,-1.530149,147.57,13.32,3,301.1,20 / 22,1359828,2019-09-06 18:38:46:510,-0.7843,0.7901,8.5332,0.0318,0.0421,9.8064,0.0801,-0.011,-0.085,1.94,-31.31,6.75,68.56,-83.03,-156.48
52.384613,-1.530149,147.57,13.32,3,301.1,20 / 22,1359929,2019-09-06 18:38:46:611,0.3225,-0.1686,8.9977,0.0322,0.0596,9.8064,-0.0059,-0.0268,0.0104,1.81,-31.25,6.94,69.23,-83.18,-155.26
52.384613,-1.530149,147.57,13.32,3,301.1,20 / 22,1360029,2019-09-06 18:38:46:711,-0.2932,-0.1926,10.9559,-0.0229,0.0215,9.8065,0.0846,0.0152,-0.0093,1.69,-31.81,5.94,81.89,-83.32,-152.53
52.384613,-1.530149,147.57,13.32,3,301.1,20 / 22,1360128,2019-09-06 18:38:46:810,-1.4659,0.3988,11.2176,0.0443,0.0272,9.8064,0.4257,-0.0351,0.0684,2.06,-31.62,5.94,83.81,-83.46,-149.86
52.384613,-1.530149,147.57,13.32,3,301.1,20 / 22,1360228,2019-09-06 18:38:46:910,-1.9425,-1.2163,10.5143,-0.1195,-0.0997,9.8053,-0.0261,-0.0178,-0.0459,1.69,-32.56,5.75,86.47,-82.58,-154.68
52.384613,-1.530149,147.57,13.32,3,301.1,20 / 22,1360328,2019-09-06 18:38:47:010,-2.473,-1.4186,10.1683,-0.0399,-0.0511,9.8064,0.2715,-0.019,-0.039,2.13,-32.37,6.06,82.15,-82.74,-156.02
52.384613,-1.530149,147.57,13.32,3,301.1,21 / 22,1360428,2019-09-06 18:38:47:110,-0.8258,0.0649,10.8858,-0.0592,-0.056,9.8063,-0.299,-0.0209,-0.005,2.81,-32.56,7.13,78.2,-83.09,-156
52.384613,-1.530149,147.57,13.32,3,301.1,21 / 22,1360529,2019-09-06 18:38:47:211,0.0354,-0.1064,9.1771,-0.0338,-0.0317,9.8065,-0.032,-0.0577,0.0089,2.13,-32.37,7.06,67.9,-83.22,-157.13
52.384613,-1.530149,147.57,13.32,3,301.1,21 / 22,1360628,2019-09-06 18:38:47:310,1.1509,0.2239,9.2591,0.0067,-0.0003,9.8066,-0.1027,-0.0251,0.0524,2.13,-31.37,6.94,65.74,-83.52,-156.5
52.384613,-1.530149,147.57,13.32,3,301.1,21 / 22,1360728,2019-09-06 18:38:47:410,-0.9964,-0.092,10.4102,-0.0384,-0.0119,9.8065,0.0834,-0.0009,0.0346,2.5,-31.25,6.69,75.31,-83.38,-155.15
52.384613,-1.530149,147.57,13.32,3,301.1,21 / 22,1360829,2019-09-06 18:38:47:511,-0.0866,0.2236,9.6771,-0.0263,-0.0104,9.8066,-0.0167,-0.0012,0.0197,2.63,-31.87,6.44,86.35,-83.19,-154.88
52.384613,-1.530149,147.57,13.32,3,301.1,21 / 22,1360929,2019-09-06 18:38:47:611,-1.361,-0.7321,10.3081,-0.0201,-0.0019,9.8065,-0.1809,-0.0067,-0.0032,2.94,-32.62,6.06,88.52,-83.15,-154.25
52.384613,-1.530149,147.57,13.32,3,301.1,21 / 22,1361029,2019-09-06 18:38:47:711,-1.3573,-0.5535,10.3424,-0.0289,-0.018,9.8065,-0.1827,0.0405,-0.0242,3.56,-32.31,6.25,91.82,-83.31,-153.19
52.384613,-1.530149,147.57,13.32,3,301.1,21 / 22,1361128,2019-09-06 18:38:47:810,-0.3314,-0.9045,9.0629,-0.0346,-0.0067,9.8066,0.0637,0.0259,0.0064,2.81,-31.75,6.06,87.08,-83.27,-153.7
52.384613,-1.530149,147.57,13.32,3,301.1,21 / 22,1361229,2019-09-06 18:38:47:911,0.0194,0.0312,9.2952,-0.0072,-0.0147,9.8066,-0.1646,0.0249,0.0047,2.56,-31.44,6.75,77.05,-83.29,-154.06
52.384613,-1.530149,147.57,13.32,3,301.1,21 / 22,1361329,2019-09-06 18:38:48:011,-0.5824,0.1785,9.279,-0.0283,-0.018,9.8066,-0.0129,0.0117,-0.015,2.81,-30.81,6.81,76.97,-83.24,-154.35
52.384613,-1.530149,147.57,13.32,3,301.1,20 / 22,1361428,2019-09-06 18:38:48:110,-0.6972,-0.1815,9.5929,-0.0239,-0.0206,9.8066,-0.0922,0.0304,0.0502,1.94,-30.81,6.13,78.88,-83.29,-154.07
52.384613,-1.530149,147.57,13.32,3,301.1,20 / 22,1361528,2019-09-06 18:38:48:210,0.7505,-0.247,9.4709,0.0249,0.0238,9.8065,-0.0134,-0.0382,-0.076,2.19,-30.69,6.44,79.2,-83.27,-153.89
52.384613,-1.530149,147.57,13.32,3,301.1,20 / 22,1361629,2019-09-06 18:38:48:311,0.9508,0.5207,10.1205,0.0051,0.0148,9.8066,-0.0276,-0.0582,-0.0345,2.25,-31.44,5.69,79.74,-83.46,-152.31
52.384613,-1.530149,147.57,13.32,3,301.1,20 / 22,1361729,2019-09-06 18:38:48:411,-0.2439,-0.3564,10.0417,-0.0134,-0.0125,9.8066,0.02,-0.0125,0.0379,2.5,-31.62,5.75,87.47,-83.32,-153.05
52.384613,-1.530149,147.57,13.32,3,301.1,20 / 22,1361829,2019-09-06 18:38:48:511,-0.2373,-0.1766,9.8033,0.0117,-0.0026,9.8066,0.0184,0.0201,0.0112,3.25,-31.12,6.44,86.13,-83.35,-152.99
52.384613,-1.530149,147.57,13.32,3,301.1,20 / 22,1361928,2019-09-06 18:38:48:610,0.8156,0.9648,9.8202,0.0244,0.0026,9.8065,-0.0123,-0.0397,0.0249,2.44,-30.37,6.69,69.94,-83.49,-152.32
52.384613,-1.530149,147.57,13.32,3,301.1,20 / 22,1362029,2019-09-06 18:38:48:711,-0.0427,-0.6823,9.4351,0.0081,0.0014,9.8066,-0.0342,-0.0593,0.0169,2.94,-31.37,5.5,85.67,-83.55,-152.31
52.384613,-1.530149,147.57,13.32,3,301.1,20 / 22,1362129,2019-09-06 18:38:48:811,0.4599,0.0272,9.6473,0.0005,0.0014,9.8066,-0.0551,0.1041,-0.0539,3.44,-31.25,5.94,84.59,-83.56,-153.29
52.384613,-1.530149,147.57,13.32,3,301.1,20 / 22,1362228,2019-09-06 18:38:48:910,0.9614,0.0414,9.9372,0.0176,0.0118,9.8066,0.0775,-0.0117,0.0455,3.25,-30.75,7,75.98,-83.64,-153.41
52.384613,-1.530149,147.57,13.32,3,301.1,20 / 22,1362329,2019-09-06 18:38:49:011,0.9177,-0.5513,9.6848,0.0058,0.0017,9.8066,0.0317,-0.046,0.0577,3,-30.06,6.81,75.7,-83.58,-153.02
52.38515,-1.531693,148.43,14.07,3,300.85,21 / 22,1362428,2019-09-06 18:38:49:110,0.2967,0.5953,9.8631,0.0169,0.0134,9.8065,0.0463,0.0377,-0.0047,2.69,-29.94,6.13,84.15,-83.53,-152.73
52.38515,-1.531693,148.43,14.07,3,300.85,21 / 22,1362529,2019-09-06 18:38:49:211,0.4616,0.8216,10.2907,-0.0059,0.0119,9.8066,0.0006,-0.0074,-0.011,1.94,-29.56,6.44,78.97,-83.58,-151.11
52.38515,-1.531693,148.43,14.07,3,300.85,21 / 22,1362628,2019-09-06 18:38:49:310,-0.1886,0.1782,10.5013,0.0035,0.0028,9.8066,0.0591,-0.0402,-0.0156,2,-28.87,6.94,69.55,-83.55,-151.46
52.38515,-1.531693,148.43,14.07,3,300.85,21 / 22,1362728,2019-09-06 18:38:49:410,-0.8246,-0.0565,9.4847,-0.0287,-0.0162,9.8065,0.0473,0.0279,-0.0055,3.19,-29.87,6.19,85.12,-83.41,-152.43
52.38515,-1.531693,148.43,14.07,3,300.85,21 / 22,1362828,2019-09-06 18:38:49:510,0.1488,-0.7256,9.9669,-0.0035,0.0048,9.8066,-0.1894,-0.0395,0.0447,3.19,-30.81,5.88,86.5,-83.32,-152.77
52.38515,-1.531693,148.43,14.07,3,300.85,21 / 22,1362929,2019-09-06 18:38:49:611,0.6752,-0.3911,9.3931,-0.0029,-0.0106,9.8066,-0.1312,0.0409,-0.0504,2.75,-29.75,6.5,76.15,-83.55,-152.73
52.38515,-1.531693,148.43,14.07,3,300.85,21 / 22,1363029,2019-09-06 18:38:49:711,0.1684,0.1353,9.6402,-0.0294,-0.0263,9.8065,-0.1608,-0.0443,0.0267,3.63,-30.62,5.31,97.99,-83.55,-153.46
52.38515,-1.531693,148.43,14.07,3,300.85,21 / 22,1363129,2019-09-06 18:38:49:811,0.7307,0.1032,9.4785,0.0366,0.0112,9.8065,0.0923,-0.0213,-0.0036,4.06,-31.75,4.44,108.43,-83.84,-151.85
52.38515,-1.531693,148.43,14.07,3,300.85,21 / 22,1363229,2019-09-06 18:38:49:911,0.2862,-0.4936,9.423,0.0219,0.0079,9.8066,-0.0589,0.0124,-0.0103,4.63,-33.25,5.13,102.79,-83.72,-152.21
52.38515,-1.531693,148.43,14.07,3,300.85,21 / 22,1363329,2019-09-06 18:38:50:011,-1.1669,-0.4976,10.1725,0.0015,0.0101,9.8066,0.1014,-0.0325,0.0654,4.38,-33.12,7.06,85.8,-83.64,-151.04
52.38515,-1.531693,148.43,14.07,3,300.85,20 / 22,1363428,2019-09-06 18:38:50:110,0.5109,-0.282,9.8361,0.0386,0.0374,9.8065,0.1073,-0.0107,0.0162,3.56,-32.12,6.56,86.43,-83.76,-148.98
52.38515,-1.531693,148.43,14.07,3,300.85,20 / 22,1363528,2019-09-06 18:38:50:210,0.5537,0.088,10.5098,-0.0461,-0.0299,9.8064,-0.0461,0.0255,-0.0169,2.56,-31.56,6.56,82.86,-83.52,-148.65
52.38515,-1.531693,148.43,14.07,3,300.85,20 / 22,1363629,2019-09-06 18:38:50:311,-0.5769,-0.248,9.7948,-0.0187,-0.0328,9.8065,0.1221,-0.0383,0.0423,2.44,-31.06,6.94,74.66,-83.53,-149.12
52.38515,-1.531693,148.43,14.07,3,300.85,20 / 22,1363729,2019-09-06 18:38:50:411,-0.0189,-1.2756,9.4299,-0.0114,-0.0119,9.8065,-0.245,-0.0925,0.0612,2.13,-31.31,6.5,75.25,-83.33,-149.55
52.38515,-1.531693,148.43,14.07,3,300.85,20 / 22,1363828,2019-09-06 18:38:50:510,1.6803,0.2856,8.8979,-0.0199,-0.0233,9.8066,-0.3013,0.0542,-0.0445,1.56,-31.19,6.63,75.33,-83.23,-149.96
52.38515,-1.531693,148.43,14.07,3,300.85,20 / 22,1363929,2019-09-06 18:38:50:611,0.8695,1.3458,9.437,0.0393,0.034,9.8065,0.0158,0.0346,-0.0122,2.44,-31.94,6.06,84.58,-83.61,-148.22
52.38515,-1.531693,148.43,14.07,3,300.85,20 / 22,1364028,2019-09-06 18:38:50:710,-0.3378,0.6157,10.4002,0.046,0.0423,9.8064,0.0689,-0.0654,0.0399,1.81,-31.81,7.06,75.43,-83.74,-148.39
52.38515,-1.531693,148.43,14.07,3,300.85,20 / 22,1364128,2019-09-06 18:38:50:810,-0.9866,0.889,10.0483,-0.0068,-0.0179,9.8066,0.0529,0.0004,0.0075,1.88,-31.12,6.75,73.53,-83.48,-150.3
52.38515,-1.531693,148.43,14.07,3,300.85,20 / 22,1364229,2019-09-06 18:38:50:911,0.2381,-0.5479,9.6474,0.0074,0.0204,9.8065,0.0858,0.0253,-0.0257,2.25,-30.44,7.5,65.75,-83.55,-150.42
52.38515,-1.531693,148.43,14.07,3,300.85,20 / 22,1364328,2019-09-06 18:38:51:010,-0.2316,-0.1166,9.7532,0.0054,-0.0038,9.8066,0.0064,-0.0235,0.0228,1.44,-30.44,6.88,62.58,-83.62,-150.58
52.38515,-1.531693,148.43,14.07,3,300.85,20 / 22,1364429,2019-09-06 18:38:51:111,0.8991,0.1953,9.5043,-0.0113,-0.0104,9.8066,-0.0792,-0.0597,0.0058,1.31,-29.75,6.88,62.21,-83.64,-150.77
52.38515,-1.531693,148.43,14.07,3,300.85,20 / 22,1364528,2019-09-06 18:38:51:210,-0.0239,-0.6726,9.8292,-0.0115,-0.0075,9.8066,-0.0865,-0.0052,0.0356,1.5,-29.37,6.31,76.69,-83.67,-151.48
52.38515,-1.531693,148.43,14.07,3,300.85,20 / 22,1364629,2019-09-06 18:38:51:311,0.9785,0.7654,10.4131,-0.0131,-0.0008,9.8065,-0.1425,-0.0012,0.0466,1.94,-29.81,5.88,79.16,-83.66,-150.5
52.38515,-1.531693,148.43,14.07,3,300.85,20 / 22,1364728,2019-09-06 18:38:51:410,1.0411,0.6641,10.3588,0.0094,0.0181,9.8066,0.1679,-0.0156,-0.0005,1.63,-30.5,5.5,79.84,-83.61,-150.18
52.38515,-1.531693,148.43,14.07,3,300.85,20 / 22,1364828,2019-09-06 18:38:51:510,0.4596,-0.2503,10.3222,0.02,0.0296,9.8065,0.0981,-0.0152,-0.0143,1.56,-30.69,6.25,82.99,-83.61,-148.51
52.38515,-1.531693,148.43,14.07,3,300.85,20 / 22,1364929,2019-09-06 18:38:51:611,-0.3554,1.2257,10.6129,-0.0171,-0.0198,9.8065,-0.0262,-0.0277,0.0249,2.38,-29.94,6.19,82.35,-83.48,-148.61
52.38515,-1.531693,148.43,14.07,3,300.85,20 / 22,1365029,2019-09-06 18:38:51:711,-0.6219,0.1928,9.6346,0.012,0.0043,9.8066,0.0951,-0.0162,0.0228,2.88,-30.37,6.13,87.57,-83.68,-148.68
52.38515,-1.531693,148.43,14.07,3,300.85,20 / 22,1365128,2019-09-06 18:38:51:810,-0.1045,-0.0391,9.8804,-0.0157,-0.0127,9.8066,-0.0431,0.0388,0.021,2.69,-30.75,6.31,89.26,-83.58,-148.65
52.38515,-1.531693,148.43,14.07,3,300.85,20 / 22,1365229,2019-09-06 18:38:51:911,0.2414,-0.1395,9.9861,-0.0315,-0.0136,9.8065,-0.05,0.0538,-0.0108,2.69,-30.12,6.25,88.03,-83.45,-149.41
52.38515,-1.531693,148.43,14.07,3,300.85,20 / 22,1365329,2019-09-06 18:38:52:011,-0.013,-0.7679,9.6764,-0.0181,-0.0093,9.8065,-0.0891,-0.0127,0.0007,3.19,-30.56,5.94,88.12,-83.51,-150.15
52.38515,-1.531693,148.43,14.07,3,300.85,20 / 22,1365428,2019-09-06 18:38:52:110,1.4044,0.7126,9.7699,-0.0114,-0.0109,9.8066,-0.1404,-0.0323,-0.0216,3.06,-30.81,6.25,88.44,-83.48,-150
52.38515,-1.531693,148.43,14.07,3,300.85,20 / 22,1365528,2019-09-06 18:38:52:210,0.0272,0.0374,9.6966,0.0294,0.0052,9.8065,0.0868,-0.0356,0.0079,3.75,-30.31,5.63,91.32,-83.74,-149.53
52.38515,-1.531693,148.43,14.07,3,300.85,20 / 22,1365629,2019-09-06 18:38:52:311,0.2953,0.1498,9.8657,0.0239,0.0083,9.8065,0.0005,0.0018,0.0048,3.38,-31.37,6.13,87.21,-83.75,-149.73
52.38515,-1.531693,148.43,14.07,3,300.85,20 / 22,1365729,2019-09-06 18:38:52:411,1.1341,0.5725,9.7822,-0.0198,-0.0056,9.8066,0.0439,0.026,0.0394,3.56,-30.94,6.44,91.7,-83.8,-149.82
52.38515,-1.531693,148.43,14.07,3,300.85,20 / 22,1365829,2019-09-06 18:38:52:511,1.0204,-0.1213,10.0045,0.0107,0.007,9.8065,0.0225,0.0026,0.0369,3.88,-31.19,7.06,84.87,-83.74,-149.77
52.38515,-1.531693,148.43,14.07,3,300.85,20 / 22,1365929,2019-09-06 18:38:52:611,0.0754,-0.4533,9.8632,-0.0176,-0.0075,9.8065,-0.1112,-0.0527,-0.0086,2.75,-31.25,6.56,80.9,-83.57,-149.28
52.38515,-1.531693,148.43,14.07,3,300.85,20 / 22,1366029,2019-09-06 18:38:52:711,0.7807,0.3268,9.413,-0.0126,-0.0117,9.8065,0.0097,-0.0209,0.0381,1.94,-29.5,6.69,72.39,-83.56,-149.04
52.38515,-1.531693,148.43,14.07,3,300.85,20 / 22,1366128,2019-09-06 18:38:52:810,0.2366,0.1263,9.2809,0.017,0.019,9.8066,0.0038,0.0144,0.034,1.13,-29.81,6.06,72.97,-83.67,-148.11
52.38515,-1.531693,148.43,14.07,3,300.85,20 / 22,1366228,2019-09-06 18:38:52:910,-0.0888,0.9617,9.7884,0.0157,0.023,9.8065,-0.012,-0.057,0.0351,2.19,-30.12,5.69,82.49,-83.71,-147.19
52.38515,-1.531693,148.43,14.07,3,300.85,20 / 22,1366329,2019-09-06 18:38:53:011,0.7254,0.196,10.0829,0.0014,-0.0054,9.8066,-0.0145,0.0096,-0.0003,1.69,-30.19,5.63,83.41,-83.75,-146.15
52.38515,-1.531693,148.43,14.07,3,300.85,20 / 22,1366429,2019-09-06 18:38:53:111,1.553,0.4609,9.9178,-0.0022,-0.0081,9.8066,-0.0613,0.0032,0.0074,2.5,-30.19,5.38,98.03,-83.73,-146.91
52.38515,-1.531693,148.43,14.07,3,300.85,20 / 22,1366529,2019-09-06 18:38:53:211,0.913,0.7929,10.5886,-0.0344,-0.0171,9.8066,-0.0316,-0.016,-0.0078,1.69,-30.56,5.81,84.97,-83.53,-147.14
52.38515,-1.531693,148.43,14.07,3,300.85,20 / 22,1366628,2019-09-06 18:38:53:310,-0.1218,0.6278,10.1918,0.0019,-0.0127,9.8066,-0.0126,-0.0695,0.0492,2.31,-30.69,5.63,84.53,-83.61,-147.09
52.38515,-1.531693,148.43,14.07,3,300.85,20 / 22,1366728,2019-09-06 18:38:53:410,1.724,1.2562,9.8853,0.0306,0.0197,9.8066,-0.0351,0.0091,-0.0216,2.63,-31.25,6.13,90.38,-83.7,-146.85
52.38515,-1.531693,148.43,14.07,3,300.85,20 / 22,1366829,2019-09-06 18:38:53:511,-0.1053,0.2554,9.4862,0.0125,0.0059,9.8066,0.0169,-0.0167,-0.0036,1.75,-30.5,5.81,82.68,-83.71,-147.05
52.38515,-1.531693,148.43,14.07,3,300.85,20 / 22,1366929,2019-09-06 18:38:53:611,1.0796,0.8364,9.3006,0.0196,0.0079,9.8066,0.0116,0.0317,-0.0104,1.88,-31.19,5.38,94.02,-83.62,-147.74
52.38515,-1.531693,148.43,14.07,3,300.85,20 / 22,1367028,2019-09-06 18:38:53:710,0.7174,0.1819,9.885,0.0196,0.0075,9.8065,0.0406,0.0028,0.0599,2.19,-30.81,5.38,93.03,-83.78,-147.55
52.38515,-1.531693,148.43,14.07,3,300.85,20 / 22,1367129,2019-09-06 18:38:53:811,1.0589,0.7434,10.8518,-0.0069,-0.0048,9.8066,0.1007,-0.023,-0.0218,1.81,-31.25,6.19,83.27,-83.69,-147.79
52.38515,-1.531693,148.43,14.07,3,300.85,20 / 22,1367228,2019-09-06 18:38:53:910,0.2247,-0.8111,9.8661,0.0027,-0.0056,9.8066,0.104,0.0006,-0.0742,2.31,-31.44,6.5,74.92,-83.59,-148.63
52.38515,-1.531693,148.43,14.07,3,300.85,20 / 22,1367329,2019-09-06 18:38:54:011,-0.0946,-0.0561,9.5136,-0.0098,0.0016,9.8065,-0.088,0.0317,0.0539,2,-31.37,5.81,82.91,-83.51,-149.16
52.38515,-1.531693,148.43,14.07,3,300.85,21 / 22,1367430,2019-09-06 18:38:54:112,0.487,0.6587,10.625,0.0209,0.0061,9.8065,0.0668,0.0089,-0.0269,2.44,-31.69,5.63,84.25,-83.69,-148.06
52.38515,-1.531693,148.43,14.07,3,300.85,21 / 22,1367529,2019-09-06 18:38:54:211,0.1916,0.2728,9.1624,0.0125,-0.0129,9.8065,0.0165,0.0304,-0.0067,2.56,-31.25,5.69,87.18,-83.81,-149.43
52.38515,-1.531693,148.43,14.07,3,300.85,21 / 22,1367628,2019-09-06 18:38:54:310,1.3428,0.8762,9.0374,0.0103,0.017,9.8066,0.0321,0.0019,-0.0591,3,-31.56,6.19,88.94,-83.8,-148.82
52.38515,-1.531693,148.43,14.07,3,300.85,21 / 22,1367728,2019-09-06 18:38:54:410,1.0177,1.7771,10.2125,0.0281,0.0166,9.8066,-0.005,0.0326,0.0807,2.31,-30.69,6.25,81.67,-83.84,-148.34
52.38515,-1.531693,148.43,14.07,3,300.85,21 / 22,1367829,2019-09-06 18:38:54:511,2.1742,0.0578,9.5975,0.0111,0.0114,9.8066,-0.0021,0.0557,-0.0015,2.5,-30.94,6.19,87.71,-83.88,-148.54
52.38515,-1.531693,148.43,14.07,3,300.85,21 / 22,1367929,2019-09-06 18:38:54:611,1.5558,0.6661,9.981,0.0073,0.0219,9.8066,0.0558,-0.0164,-0.0393,1.63,-31.25,6,82.63,-83.86,-147.38
52.38515,-1.531693,148.43,14.07,3,300.85,21 / 22,1368029,2019-09-06 18:38:54:711,1.1247,1.7832,10.1015,-0.0214,-0.0353,9.8065,-0.0974,0.0002,0.0381,2.19,-30.81,6,81.72,-83.64,-149.47
52.38515,-1.531693,148.43,14.07,3,300.85,21 / 22,1368129,2019-09-06 18:38:54:811,0.6091,0.0087,9.2684,-0.0049,-0.0083,9.8066,-0.135,-0.0324,0.0024,2.44,-31.44,6.19,80.59,-83.75,-149.9
52.38515,-1.531693,148.43,14.07,3,300.85,21 / 22,1368229,2019-09-06 18:38:54:911,1.2753,0.9053,9.2442,0.0115,0.0023,9.8066,0.0001,-0.0364,0.0051,2.13,-30.81,6.19,81.6,-83.84,-148.41
52.38515,-1.531693,148.43,14.07,3,300.85,21 / 22,1368328,2019-09-06 18:38:55:010,0.4788,1.6757,9.8549,-0.0051,-0.0056,9.8066,-0.0622,-0.0479,0.0753,2.63,-30.69,6.94,80.64,-83.97,-147.7
52.38515,-1.531693,148.43,14.07,3,300.85,21 / 22,1368428,2019-09-06 18:38:55:110,2.1619,0.8838,10.364,0.0234,0.0115,9.8066,0.106,0.01,-0.0091,3.06,-31.06,5.94,88.66,-84.12,-146.33
52.38515,-1.531693,148.43,14.07,3,300.85,21 / 22,1368529,2019-09-06 18:38:55:211,0.6237,0.6012,9.7382,0.005,0.0023,9.8066,0.0556,-0.0231,0.0528,3.13,-31.19,5.88,88.22,-83.92,-147.84
52.38515,-1.531693,148.43,14.07,3,300.85,21 / 22,1368628,2019-09-06 18:38:55:310,-0.02,0.685,9.2452,-0.0121,-0.0056,9.8066,-0.0096,0.048,-0.0443,3.25,-31.44,6,89.11,-83.79,-147.63
52.38515,-1.531693,148.43,14.07,3,300.85,21 / 22,1368728,2019-09-06 18:38:55:410,1.9486,0.5713,10.0581,0.0181,0.0046,9.8066,0.0031,0.0251,0.0635,3.63,-31.87,6.31,93.94,-83.88,-148.04
52.38515,-1.531693,148.43,14.07,3,300.85,21 / 22,1368828,2019-09-06 18:38:55:510,0.6551,0.3507,9.566,0.0049,-0.0024,9.8066,-0.0772,-0.0026,-0.0271,3.56,-31.81,5.31,102.71,-84.06,-146.38
52.38515,-1.531693,148.43,14.07,3,300.85,21 / 22,1368928,2019-09-06 18:38:55:610,1.9361,0.2014,9.8438,0.0031,0.008,9.8066,0.0529,0.0131,-0.0388,3.5,-31.69,5.19,102.94,-84.18,-145.4
52.38515,-1.531693,148.43,14.07,3,300.85,21 / 22,1369028,2019-09-06 18:38:55:710,1.3374,-0.0212,9.7263,0.0222,-0.0043,9.8066,0.0004,0.0227,-0.0277,4.56,-32.44,5.13,105.8,-84.23,-145.22
52.38515,-1.531693,148.43,14.07,3,300.85,21 / 22,1369128,2019-09-06 18:38:55:810,0.8406,0.8163,9.5334,0.0302,0.0091,9.8066,0.0517,-0.0507,-0.0091,4.06,-32.94,4.88,102.91,-84.34,-145.54
52.38515,-1.531693,148.43,14.07,3,300.85,21 / 22,1369229,2019-09-06 18:38:55:911,0.8569,-0.3612,10.0788,0.0138,-0.0152,9.8066,-0.0426,-0.0375,0.0777,4.25,-33,6.69,88.31,-84.19,-146.05
52.38515,-1.531693,148.43,14.07,3,300.85,21 / 22,1369329,2019-09-06 18:38:56:011,1.4422,1.6952,9.3513,-0.0208,-0.0095,9.8066,-0.0766,0.0695,-0.0365,3.31,-32.44,6.94,80.75,-84.32,-146.83
52.38515,-1.531693,148.43,14.07,3,300.85,21 / 22,1369429,2019-09-06 18:38:56:111,0.7559,0.2754,9.5466,-0.0012,0.0143,9.8066,-0.0836,0.0755,-0.0377,3.25,-32.87,7.19,82.26,-84.34,-146.17
52.38515,-1.531693,148.43,14.07,3,300.85,21 / 22,1369529,2019-09-06 18:38:56:211,0.8373,-0.6298,9.7681,-0.0161,-0.0025,9.8066,0.0039,0.0097,-0.0299,3.06,-31.87,7.56,75.21,-84.44,-146.04
52.38515,-1.531693,148.43,14.07,3,300.85,21 / 22,1369629,2019-09-06 18:38:56:311,-0.444,1.3495,10.0098,-0.008,-0.013,9.8066,-0.0339,-0.0885,0.0775,3.38,-31.94,6.38,89.44,-84.32,-145.47
52.38515,-1.531693,148.43,14.07,3,300.85,21 / 22,1369729,2019-09-06 18:38:56:411,0.1515,0.9597,9.9387,-0.0045,0.0144,9.8066,0.0197,0.0267,0.0336,2.94,-32.19,6.13,91.87,-84.34,-142.9
52.38515,-1.531693,148.43,14.07,3,300.85,21 / 22,1369828,2019-09-06 18:38:56:510,-0.073,1.5408,10.2452,-0.0067,0.0147,9.8066,0.0328,-0.0473,0.0212,2.56,-31.31,5.81,91.9,-84.28,-142.24
52.38515,-1.531693,148.43,14.07,3,300.85,21 / 22,1369928,2019-09-06 18:38:56:610,1.3329,0.482,10.3829,-0.0081,-0.0128,9.8066,0.0907,-0.1256,0.041,2.06,-31.75,6.19,86.56,-84.14,-143.1
52.38515,-1.531693,148.43,14.07,3,300.85,21 / 22,1370029,2019-09-06 18:38:56:711,0.4877,-0.4635,10.1837,0.0009,-0.0119,9.8066,0.019,-0.139,0.0731,2.75,-32,7.19,84.63,-84.02,-144.59
52.38515,-1.531693,148.43,14.07,3,300.85,21 / 22,1370129,2019-09-06 18:38:56:811,-0.556,0.4839,9.9694,-0.017,-0.0135,9.8066,-0.0587,-0.0197,-0.0418,2.25,-32.56,6.56,78.2,-83.95,-145.83
52.38515,-1.531693,148.43,14.07,3,300.85,21 / 22,1370228,2019-09-06 18:38:56:910,0.2632,1.9967,10.1577,-0.0018,-0.0241,9.8066,-0.1402,-0.1454,0.0439,1.56,-32.12,6.38,83.77,-83.97,-146.78
52.38515,-1.531693,148.43,14.07,3,300.85,21 / 22,1370329,2019-09-06 18:38:57:011,-0.5382,1.2715,9.8351,0.0236,0.0221,9.8065,0.0877,-0.108,0.0781,1.44,-31.75,5.75,75.49,-84.28,-144.67
52.38515,-1.531693,148.43,14.07,3,300.85,20 / 21,1370428,2019-09-06 18:38:57:110,-0.1953,0.3152,10.407,0.0212,0.0356,9.8065,0.0752,-0.0093,-0.0538,1.38,-31.94,5.56,76.74,-84.31,-143.45
52.38515,-1.531693,148.43,14.07,3,300.85,20 / 21,1370529,2019-09-06 18:38:57:211,-0.0062,0.7516,10.1917,-0.0373,-0.0292,9.8065,-0.0353,0.0198,-0.0783,1.38,-31.87,5.63,76.27,-84.42,-143.2
52.38515,-1.531693,148.43,14.07,3,300.85,20 / 21,1370629,2019-09-06 18:38:57:311,-0.7648,0.7093,10.064,-0.017,-0.0291,9.8066,0.0388,-0.154,0.0802,1.69,-31.75,5.44,94.01,-84.16,-145.05
52.38515,-1.531693,148.43,14.07,3,300.85,20 / 21,1370728,2019-09-06 18:38:57:410,1.7914,0.2003,10.0693,0.0338,0.0119,9.8066,0.0805,-0.0981,0.0684,1.56,-32.94,4.56,95.56,-84.23,-144.22
52.38515,-1.531693,148.43,14.07,3,300.85,20 / 21,1370829,2019-09-06 18:38:57:511,1.0503,0.2091,10.0703,0.0138,0.0084,9.8066,0.1241,-0.1212,0.0284,1.56,-32.06,4.88,94.84,-84.19,-143.99
52.38515,-1.531693,148.43,14.07,3,300.85,20 / 21,1370929,2019-09-06 18:38:57:611,0.6785,1.7692,10.1894,0.0107,0.0018,9.8066,0.1635,0.0484,-0.0573,1.75,-32.81,5.38,95.11,-84.24,-144.65
52.38515,-1.531693,148.43,14.07,3,300.85,20 / 21,1371029,2019-09-06 18:38:57:711,0.2897,0.5426,9.9147,0.0065,0.0076,9.8066,0.144,-0.042,0.0389,1.31,-32.69,6.5,68.52,-84.27,-145.53
52.38515,-1.531693,148.43,14.07,3,300.85,20 / 21,1371128,2019-09-06 18:38:57:810,0.4883,0.6086,9.5855,0.0022,-0.0031,9.8066,-0.0825,-0.0825,0.0257,1.94,-32.62,6.63,76.68,-84.2,-145.93
52.38515,-1.531693,148.43,14.07,3,300.85,20 / 21,1371228,2019-09-06 18:38:57:910,1.045,1.3523,9.4792,0.0193,0.0033,9.8066,-0.1406,-0.0406,-0.0029,1.5,-33.06,6.56,75.98,-84.3,-146.04
52.38515,-1.531693,148.43,14.07,3,300.85,20 / 21,1371328,2019-09-06 18:38:58:010,0.7235,0.8246,10.1236,0.0055,0.0091,9.8066,0.0943,-0.0638,0.0045,1.25,-32.5,6.94,67.33,-84.44,-144.88
52.38568,-1.533178,148.81,10.21,3,303.4,20 / 22,1371429,2019-09-06 18:38:58:111,-0.2449,0.8254,10.1181,0.0225,0.0276,9.8066,0.1156,-0.0952,-0.0167,1.44,-32.37,6.5,67.18,-84.4,-145.15
52.38568,-1.533178,148.81,10.21,3,303.4,20 / 22,1371528,2019-09-06 18:38:58:210,-0.0721,0.1545,9.6706,-0.0148,-0.0694,9.8063,-0.1202,0.054,-0.052,1.06,-32.5,7.19,66.75,-84.7,-144.15
52.38568,-1.533178,148.81,10.21,3,303.4,20 / 22,1371628,2019-09-06 18:38:58:310,1.0088,0.2544,10.5846,-0.0432,-0.0278,9.8064,-0.0557,-0.0471,0.0263,1.94,-32.12,6.56,73.14,-84.51,-146.73
52.38568,-1.533178,148.81,10.21,3,303.4,20 / 22,1371729,2019-09-06 18:38:58:411,0.974,0.5449,9.5395,0.018,0.009,9.8065,0.057,-0.0775,-0.011,1.81,-31.56,6.19,80,-84.69,-146.05
52.38568,-1.533178,148.81,10.21,3,303.4,20 / 22,1371828,2019-09-06 18:38:58:510,-0.3519,1.1912,9.9143,0.0074,-0.0106,9.8065,0.0915,-0.0092,0.0016,2.69,-31.87,6.75,78.06,-84.77,-147.3
52.38568,-1.533178,148.81,10.21,3,303.4,20 / 22,1371928,2019-09-06 18:38:58:610,0.4359,-0.6787,9.3271,0.0278,-0.0003,9.8065,-0.0421,0.0007,-0.0452,2.63,-31.81,5.94,83.9,-84.76,-148.5
52.38568,-1.533178,148.81,10.21,3,303.4,20 / 22,1372028,2019-09-06 18:38:58:710,1.4285,0.3062,9.8188,0.0124,0.0078,9.8066,0.0026,0.0564,-0.0313,3.06,-32.12,5.63,83.5,-84.87,-148.28
52.38568,-1.533178,148.81,10.21,3,303.4,20 / 22,1372129,2019-09-06 18:38:58:811,0.7601,0.8182,9.8977,0.0212,0.0026,9.8065,0.0063,-0.0246,0.0075,2.5,-31.5,5.19,91.58,-84.96,-147.31
52.38568,-1.533178,148.81,10.21,3,303.4,20 / 22,1372228,2019-09-06 18:38:58:910,1.4482,-0.2317,10.0211,-0.0062,0.0028,9.8066,-0.034,-0.0221,0.0474,2.88,-31,4.88,91.18,-85.15,-146.59
52.38568,-1.533178,148.81,10.21,3,303.4,20 / 22,1372329,2019-09-06 18:38:59:011,0.2772,-0.3384,9.4615,-0.0057,0.0059,9.8065,0.0385,-0.0122,0.0034,1.94,-30.5,3.69,95.86,-85.08,-145.75
52.38568,-1.533178,148.81,10.21,3,303.4,21 / 22,1372429,2019-09-06 18:38:59:111,1.0602,0.4305,9.8803,-0.0144,0.0041,9.8066,0.0457,-0.0075,0.0018,2.5,-31.19,2.81,114.68,-85.02,-145.58
52.38568,-1.533178,148.81,10.21,3,303.4,21 / 22,1372529,2019-09-06 18:38:59:211,-0.0433,-0.5669,9.708,0.0193,0.0017,9.8066,0.0339,0.0023,0.0005,1.13,-31.19,2.13,129.75,-84.99,-145.65
52.38568,-1.533178,148.81,10.21,3,303.4,21 / 22,1372628,2019-09-06 18:38:59:310,0.6857,0.4501,9.8929,0.0229,0.0012,9.8066,0.0279,-0.0619,0.0355,0.63,-31.69,1.81,130.55,-85.11,-144.14
52.38568,-1.533178,148.81,10.21,3,303.4,21 / 22,1372728,2019-09-06 18:38:59:410,0.1954,-0.9098,9.5609,0.0156,-0.0081,9.8066,-0.0164,0.0421,-0.0613,0.75,-31.31,1.69,128.3,-85.22,-143.54
52.38568,-1.533178,148.81,10.21,3,303.4,21 / 22,1372830,2019-09-06 18:38:59:512,0.5972,-0.2387,9.9731,0.0016,-0.0051,9.8066,0.0079,0.0115,-0.0172,-0.19,-31.94,2.06,131.12,-85.27,-143.44
52.38568,-1.533178,148.81,10.21,3,303.4,21 / 22,1372929,2019-09-06 18:38:59:611,0.789,-0.2824,9.3381,0.0035,0.0035,9.8066,0.0568,-0.005,0.0442,-0.06,-31.56,3,96.26,-85.31,-144.25
52.38568,-1.533178,148.81,10.21,3,303.4,21 / 22,1373028,2019-09-06 18:38:59:710,-0.184,0.7759,10.0967,0.0068,0.0125,9.8066,0.0469,-0.0364,-0.001,0.19,-31.94,3.94,76.12,-85.33,-143.25
52.38568,-1.533178,148.81,10.21,3,303.4,21 / 22,1373129,2019-09-06 18:38:59:811,0.2916,0.0913,9.7071,-0.0092,0.0041,9.8066,-0.0914,-0.0315,0.0519,-0.19,-31.62,3.56,74.97,-85.57,-141.87
52.38568,-1.533178,148.81,10.21,3,303.4,21 / 22,1373229,2019-09-06 18:38:59:911,1.017,-0.2406,10.5934,-0.0011,0.015,9.8066,0.0116,0.0411,-0.0032,-0.56,-32.56,3.63,60.88,-85.59,-137.77
52.38568,-1.533178,148.81,10.21,3,303.4,21 / 22,1373328,2019-09-06 18:39:00:010,0.0756,0.7407,10.1942,-0.0087,-0.0352,9.8065,0.0774,0.0034,-0.0109,-0.12,-32.5,4.25,81.01,-85.45,-138.01
52.38568,-1.533178,148.81,10.21,3,303.4,21 / 22,1373428,2019-09-06 18:39:00:110,1.0811,-0.5822,9.3446,-0.0114,-0.0387,9.8065,0.0757,-0.0482,0.0217,-0.5,-32.19,4.81,68.86,-85.36,-140.19
52.38568,-1.533178,148.81,10.21,3,303.4,21 / 22,1373529,2019-09-06 18:39:00:211,0.1332,0.7264,9.6273,0.0066,0.0163,9.8066,0.0394,0.0019,-0.0219,0.63,-32,5.13,80.43,-85.28,-141.64
52.38568,-1.533178,148.81,10.21,3,303.4,21 / 22,1373628,2019-09-06 18:39:00:310,0.8499,1.3143,10.5433,0.0164,0.0272,9.8065,0.1467,0.0038,-0.0225,0.44,-32.69,5.19,69.23,-85.35,-140.94
52.38568,-1.533178,148.81,10.21,3,303.4,21 / 22,1373728,2019-09-06 18:39:00:410,0.5207,0.2119,9.7135,0.0038,0.0032,9.8066,0.0756,0.0072,-0.0435,0.75,-32.37,5.5,71.3,-85.67,-140.39
52.38568,-1.533178,148.81,10.21,3,303.4,21 / 22,1373828,2019-09-06 18:39:00:510,-0.3013,-1.0978,10.3571,0.006,0.0227,9.8065,0.0452,-0.0139,0.0009,0.38,-32.31,4.94,67.17,-85.72,-139.08
52.38568,-1.533178,148.81,10.21,3,303.4,21 / 22,1373929,2019-09-06 18:39:00:611,0.8737,-1.0465,10.3334,-0.041,-0.0651,9.8063,0.1356,0.0309,-0.0022,1.06,-32.19,5.31,78.14,-85.54,-141.84
52.38568,-1.533178,148.81,10.21,3,303.4,21 / 22,1374029,2019-09-06 18:39:00:711,0.3161,-0.2411,9.2664,-0.0349,-0.0402,9.8065,-0.1174,0.0147,0.0148,0.5,-32.31,5.31,80.03,-85.51,-140.31
52.38568,-1.533178,148.81,10.21,3,303.4,21 / 22,1374128,2019-09-06 18:39:00:810,0.6226,1.2073,9.2742,0.0061,0.0024,9.8065,-0.084,-0.0291,0.006,1.13,-32.62,5.38,82.44,-85.61,-138.39
52.38568,-1.533178,148.81,10.21,3,303.4,21 / 22,1374228,2019-09-06 18:39:00:910,0.7781,0.2326,9.6729,-0.0099,-0.0078,9.8066,0.0544,0.002,0.0197,0.69,-32.44,4.75,81.43,-85.62,-138.27
52.38568,-1.533178,148.81,10.21,3,303.4,21 / 22,1374329,2019-09-06 18:39:01:011,0.4773,0.0867,9.7535,0.0068,0.0067,9.8066,0.0449,0.014,0.0017,0.81,-31.31,5.75,73.62,-85.62,-137.89
52.38568,-1.533178,148.81,10.21,3,303.4,21 / 22,1374429,2019-09-06 18:39:01:111,0.2099,0.3272,10.3128,0.0081,-0.0034,9.8066,-0.0066,0.0155,-0.0154,0.94,-31.94,4.88,80.69,-85.73,-138.19
52.38568,-1.533178,148.81,10.21,3,303.4,21 / 22,1374528,2019-09-06 18:39:01:210,1.5306,0.5034,10.2646,0.0092,0.0031,9.8066,0.0145,0.056,-0.0317,1.38,-31.94,5.75,71.41,-85.83,-139.41
52.38568,-1.533178,148.81,10.21,3,303.4,21 / 22,1374628,2019-09-06 18:39:01:310,0.7006,-0.3795,10.291,-0.0012,0.0003,9.8066,0.008,-0.0321,0.0122,1.69,-31.37,4.94,87.18,-85.74,-140.02
52.38568,-1.533178,148.81,10.21,3,303.4,21 / 22,1374728,2019-09-06 18:39:01:410,1.2018,0.0801,9.5117,-0.0175,-0.0124,9.8066,-0.0355,0.0139,-0.0229,2,-30.37,5.31,84.86,-85.62,-142.09
52.38568,-1.533178,148.81,10.21,3,303.4,21 / 22,1374828,2019-09-06 18:39:01:510,2.0502,1.6572,8.6799,-0.0255,-0.042,9.8065,-0.0796,0.0631,-0.07,1.13,-30.69,4.81,74.87,-85.5,-144.02
52.38568,-1.533178,148.81,10.21,3,303.4,21 / 22,1374928,2019-09-06 18:39:01:610,1.4021,1.0103,8.8586,0.0609,0.0803,9.8061,-0.1459,-0.0025,0.0336,1.19,-30.37,4.75,73.78,-85.48,-144.11
52.38568,-1.533178,148.81,10.21,3,303.4,21 / 22,1375028,2019-09-06 18:39:01:710,-0.2816,-0.602,10.7162,0.058,0.0873,9.806,0.2673,0.0108,0.0194,1.19,-30.5,5.06,77.2,-86.02,-137.64
52.38568,-1.533178,148.81,10.21,3,303.4,21 / 22,1375129,2019-09-06 18:39:01:811,0.9664,2.4531,10.1893,-0.004,-0.01,9.8066,0.1105,0.0174,0.0223,0.63,-30.81,5.38,79.03,-85.89,-137.68
52.38568,-1.533178,148.81,10.21,3,303.4,21 / 22,1375229,2019-09-06 18:39:01:911,0.5843,0.9101,9.7968,0.003,0.005,9.8066,0.0459,0.0504,0.0065,1.25,-31.37,5.75,73.27,-85.88,-136.8
52.38568,-1.533178,148.81,10.21,3,303.4,21 / 22,1375328,2019-09-06 18:39:02:010,0.9208,-0.1403,9.8521,0.0011,0.0077,9.8066,0.0133,0.0528,-0.0138,0.56,-30.94,5.63,73.55,-85.86,-136.65
52.38568,-1.533178,148.81,10.21,3,303.4,20 / 22,1375428,2019-09-06 18:39:02:110,-0.2632,0.2571,9.8203,-0.0034,-0.0017,9.8066,-0.0173,0.011,0.0318,1.25,-31.5,5.19,80.66,-85.76,-137.11
52.38568,-1.533178,148.81,10.21,3,303.4,20 / 22,1375529,2019-09-06 18:39:02:211,0.3923,0.5539,10.0021,-0.0021,0.0126,9.8066,0.0216,0.008,0.0342,1.13,-32.19,5.31,83.32,-85.63,-136.46
52.38568,-1.533178,148.81,10.21,3,303.4,20 / 22,1375628,2019-09-06 18:39:02:310,0.7644,0.1732,10.0333,0.0071,0.0085,9.8066,-0.0679,0.0297,-0.007,1.56,-32.12,4.69,93.51,-85.61,-135.37
52.38568,-1.533178,148.81,10.21,3,303.4,20 / 22,1375729,2019-09-06 18:39:02:411,0.3277,0.2983,9.6093,-0.004,-0.0084,9.8066,0.0999,0.0208,-0.0185,0.44,-31.94,4.63,71.96,-85.6,-136.02
52.38568,-1.533178,148.81,10.21,3,303.4,20 / 22,1375829,2019-09-06 18:39:02:511,0.683,-0.0634,9.3155,0.0049,0.0052,9.8066,0.0487,-0.0279,0.0206,0,-31.25,4.94,70.47,-85.64,-136.06
52.38568,-1.533178,148.81,10.21,3,303.4,20 / 22,1375929,2019-09-06 18:39:02:611,0.7951,0.3635,10.4116,-0.012,-0.0099,9.8066,-0.0151,0.007,0.0337,0.38,-31.69,5.94,66.46,-85.57,-135.85
52.38568,-1.533178,148.81,10.21,3,303.4,20 / 22,1376029,2019-09-06 18:39:02:711,0.2597,0.2092,9.8874,0.0021,-0.0003,9.8066,-0.0429,0.0173,0.0012,0.19,-31.19,5.88,65.54,-85.62,-135.62
52.38568,-1.533178,148.81,10.21,3,303.4,20 / 22,1376128,2019-09-06 18:39:02:810,0.5938,0.0401,9.8482,0.0086,-0.0011,9.8066,-0.0506,-0.0178,-0.0321,1.38,-31.06,7.06,71.4,-85.6,-135.44
52.38568,-1.533178,148.81,10.21,3,303.4,20 / 22,1376228,2019-09-06 18:39:02:910,-0.1056,0.3489,10.1249,-0.004,0.009,9.8066,0.0931,-0.0238,0.0341,1.63,-31.19,6.69,79.53,-85.66,-134.99
52.38568,-1.533178,148.81,10.21,3,303.4,20 / 22,1376329,2019-09-06 18:39:03:011,0.165,0.1653,9.7646,-0.0035,0.0008,9.8066,0.074,-0.0195,0.0414,2.38,-31.31,6.56,79.69,-85.62,-135.01
52.38568,-1.533178,148.81,10.21,3,303.4,20 / 21,1376428,2019-09-06 18:39:03:110,0.0412,-0.1235,10.1588,-0.0069,-0.0072,9.8066,-0.0212,-0.0372,0.0219,2,-31.75,6,86.47,-85.61,-134.76
52.38568,-1.533178,148.81,10.21,3,303.4,20 / 21,1376528,2019-09-06 18:39:03:210,0.7636,0.7853,10.1546,0.0041,0.0082,9.8066,-0.009,0.0632,-0.0028,1.56,-31.37,5.94,86.74,-85.61,-133.75
52.38568,-1.533178,148.81,10.21,3,303.4,20 / 21,1376628,2019-09-06 18:39:03:310,0.795,0.2679,9.8373,0.008,0.0095,9.8066,0.0523,0.0317,-0.0057,1.94,-31.87,6.5,82.98,-85.63,-132.44
52.38568,-1.533178,148.81,10.21,3,303.4,20 / 21,1376728,2019-09-06 18:39:03:410,0.2043,-0.5785,9.5423,-0.0035,-0.0069,9.8066,0.002,-0.0091,0.0096,1.88,-31.75,5.25,96.25,-85.62,-132.45
52.38568,-1.533178,148.81,10.21,3,303.4,20 / 21,1376828,2019-09-06 18:39:03:510,-0.173,-0.1174,9.7356,-0.006,0.0009,9.8066,0.0509,-0.0223,0.0273,1.56,-31.5,6.06,88.75,-85.58,-131.92
52.38568,-1.533178,148.81,10.21,3,303.4,20 / 21,1376929,2019-09-06 18:39:03:611,0.2287,-0.4698,9.8886,0.0051,-0.0047,9.8066,0.0067,0.0096,-0.0628,2.13,-31.19,5.56,87.26,-85.64,-133.1
52.38568,-1.533178,148.81,10.21,3,303.4,20 / 21,1377028,2019-09-06 18:39:03:710,0.6002,-0.0499,9.6675,-0.0045,-0.0146,9.8066,-0.0326,-0.0079,-0.0248,2.13,-30.37,5.69,85.31,-85.63,-134.32
52.38568,-1.533178,148.81,10.21,3,303.4,20 / 21,1377129,2019-09-06 18:39:03:811,0.2146,0.5701,9.8396,0.0045,0.0066,9.8066,0.0097,-0.0099,0.0199,2.38,-31.75,6,86.96,-85.65,-134.11
52.38568,-1.533178,148.81,10.21,3,303.4,20 / 21,1377228,2019-09-06 18:39:03:910,-0.0473,0.0436,10.1669,0.0099,0.0083,9.8066,-0.0121,-0.0036,-0.0235,2.5,-30.44,5.63,93.29,-85.71,-132.83
52.38568,-1.533178,148.81,10.21,3,303.4,20 / 21,1377329,2019-09-06 18:39:04:011,0.6838,-0.2035,10.0384,-0.0027,-0.0041,9.8065,0.0156,0.0693,-0.0513,2.38,-31.19,5.69,86.65,-85.8,-132.86
52.38568,-1.533178,148.81,10.21,3,303.4,19 / 22,1377428,2019-09-06 18:39:04:110,-0.102,-0.4678,9.6754,0.004,0.0077,9.8066,0.0594,-0.0241,0.0355,2.19,-30.87,5.56,86.2,-85.9,-132.76
52.38568,-1.533178,148.81,10.21,3,303.4,19 / 22,1377528,2019-09-06 18:39:04:210,0.2009,-0.0874,9.8593,-0.015,-0.0114,9.8066,-0.0374,-0.0294,-0.0135,2.44,-31,5.31,91.95,-85.87,-134.37
52.38568,-1.533178,148.81,10.21,3,303.4,19 / 22,1377628,2019-09-06 18:39:04:310,-0.2923,-0.1583,10.0591,-0.0139,-0.0145,9.8066,-0.0233,-0.0093,-0.0033,2.94,-31.25,4.69,98.55,-85.89,-134.57
52.38568,-1.533178,148.81,10.21,3,303.4,19 / 22,1377729,2019-09-06 18:39:04:411,-0.1012,0.2532,9.8074,0.0126,0.0032,9.8066,-0.0076,-0.0066,0.0105,2.75,-31.06,5.19,98.29,-85.91,-134.72
52.38568,-1.533178,148.81,10.21,3,303.4,19 / 22,1377828,2019-09-06 18:39:04:510,0.0689,-0.382,10.0664,0.0099,0.0046,9.8066,0.017,0.0068,-0.0106,3,-31.06,5.31,97.99,-86,-134.57
52.38568,-1.533178,148.81,10.21,3,303.4,19 / 22,1377929,2019-09-06 18:39:04:611,-0.102,-0.1772,9.8132,-0.0101,-0.0037,9.8066,-0.0226,-0.0253,0.0307,2.63,-31.12,4.88,98.1,-86.01,-134.37
52.38568,-1.533178,148.81,10.21,3,303.4,19 / 22,1378028,2019-09-06 18:39:04:710,0.7822,-0.0973,9.9222,0.0026,-0.0069,9.8066,-0.083,0.0207,-0.0163,2.69,-31.12,4.31,106.72,-86.07,-134.19
52.38568,-1.533178,148.81,10.21,3,303.4,19 / 22,1378128,2019-09-06 18:39:04:810,0.5601,0.4706,9.609,0.0143,0.0012,9.8066,-0.0767,-0.0208,-0.0039,2.44,-31.69,3.5,101.68,-86.16,-132.94
52.38568,-1.533178,148.81,10.21,3,303.4,19 / 22,1378229,2019-09-06 18:39:04:911,1.0786,-0.0869,9.6034,-0.0106,-0.0016,9.8066,0.0407,0.0075,0.041,2.06,-30.94,4.25,100.81,-86.1,-133.36
52.38568,-1.533178,148.81,10.21,3,303.4,19 / 22,1378328,2019-09-06 18:39:05:010,-0.179,0.1537,9.9875,0.0219,0.0161,9.8065,-0.0274,-0.0301,0.0252,2.63,-30.94,4.25,108.05,-86.08,-132.57
52.38568,-1.533178,148.81,10.21,3,303.4,21 / 22,1378430,2019-09-06 18:39:05:112,-0.4076,0.089,10.3058,0.0207,0.0183,9.8066,0.0212,-0.0155,-0.0019,2,-30.87,3.88,102.77,-86.19,-130.49
52.38568,-1.533178,148.81,10.21,3,303.4,21 / 22,1378529,2019-09-06 18:39:05:211,0.4237,0.6688,10.0322,-0.0195,-0.0185,9.8066,-0.0918,0.0173,-0.0163,1.69,-30.94,4,101.96,-86.1,-132.12
52.38568,-1.533178,148.81,10.21,3,303.4,21 / 22,1378629,2019-09-06 18:39:05:311,0.3075,0.3712,10.1862,-0.0132,-0.0095,9.8066,-0.0394,-0.053,0.0263,1.5,-31.25,3.44,114.2,-86.14,-131.34
52.38568,-1.533178,148.81,10.21,3,303.4,21 / 22,1378729,2019-09-06 18:39:05:411,0.5152,0.0817,9.5695,0.0065,0.0054,9.8066,0.0011,0.0107,-0.0186,0.56,-31.62,3.94,93.74,-86.16,-131.58
52.38568,-1.533178,148.81,10.21,3,303.4,21 / 22,1378828,2019-09-06 18:39:05:510,0.352,0.1345,9.7833,0.0044,0.0098,9.8066,0.0616,0,0.0135,1.06,-31.25,4,93.39,-86.12,-131.28
52.38568,-1.533178,148.81,10.21,3,303.4,21 / 22,1378929,2019-09-06 18:39:05:611,0.6201,-0.1201,10.2375,0.0027,0.0067,9.8066,0.0016,-0.0023,-0.0115,0.25,-31.94,3.94,80.38,-86.14,-131.79
52.38568,-1.533178,148.81,10.21,3,303.4,21 / 22,1379029,2019-09-06 18:39:05:711,0.0473,0.2261,9.8451,0.0093,0.0035,9.8066,-0.0149,0.0431,-0.0243,1.06,-31.75,4.81,84.55,-86.2,-131.28
52.38568,-1.533178,148.81,10.21,3,303.4,21 / 22,1379129,2019-09-06 18:39:05:811,-0.4211,-0.0981,9.7698,-0.0075,-0.0125,9.8065,0.001,-0.0186,0.0396,0.25,-31.87,4.56,72.71,-86.16,-131.56
52.38568,-1.533178,148.81,10.21,3,303.4,21 / 22,1379228,2019-09-06 18:39:05:910,0.1692,0.7164,10.163,-0.0006,-0.006,9.8066,-0.0477,-0.0049,-0.0016,0.56,-31.06,4.19,92.23,-86.22,-131.54
52.38568,-1.533178,148.81,10.21,3,303.4,21 / 22,1379329,2019-09-06 18:39:06:011,0.2276,-0.0544,9.8179,0.0008,0.0007,9.8066,0.0007,0.0057,0.0266,0.81,-31.69,4.88,84.62,-86.23,-131.03
52.38568,-1.533178,148.81,10.21,3,303.4,21 / 22,1379428,2019-09-06 18:39:06:110,0.4791,-0.1315,10.0452,0.001,0.0033,9.8066,0.0013,-0.0422,0.0195,0.56,-32,4.75,85.2,-86.24,-130.38
52.38568,-1.533178,148.81,10.21,3,303.4,21 / 22,1379528,2019-09-06 18:39:06:210,0.3019,0.1885,10.0799,-0.0059,0.0022,9.8066,0.0213,-0.0001,0.0147,-0.25,-31.87,4.44,81.06,-86.29,-129.82
52.38568,-1.533178,148.81,10.21,3,303.4,21 / 22,1379628,2019-09-06 18:39:06:310,0.7035,0.3335,9.8973,-0.0017,0.0111,9.8066,0.0087,-0.0313,-0.0009,0.38,-31.5,4.75,74.94,-86.2,-128.49
52.38568,-1.533178,148.81,10.21,3,303.4,21 / 22,1379729,2019-09-06 18:39:06:411,-0.1171,0.8605,9.967,-0.0108,-0.0049,9.8066,-0.0157,-0.0765,0.0199,0.19,-31.37,4.06,83.07,-86.16,-128.02
52.38568,-1.533178,148.81,10.21,3,303.4,21 / 22,1379829,2019-09-06 18:39:06:511,0.4452,0.8027,9.9909,0.0058,0.0029,9.8066,0.066,0.017,0.0098,0.19,-31.37,4.13,82.19,-86.24,-128.14
52.38568,-1.533178,148.81,10.21,3,303.4,21 / 22,1379929,2019-09-06 18:39:06:611,-0.4416,0.4533,9.8851,0.0035,0.001,9.8066,0.0903,-0.0471,0.0216,0.63,-31.56,4.88,88.17,-86.17,-127.96
52.38568,-1.533178,148.81,10.21,3,303.4,21 / 22,1380029,2019-09-06 18:39:06:711,0.2349,0.0423,10.0927,0.0026,0.0074,9.8066,-0.0085,-0.0412,-0.0339,0,-31.87,4.5,77.05,-86.19,-127.48
52.38568,-1.533178,148.81,10.21,3,303.4,21 / 22,1380129,2019-09-06 18:39:06:811,0.8034,0.619,9.8749,-0.0101,-0.0064,9.8066,0.0171,-0.0307,0.0529,0.44,-31.75,4.31,84.08,-86.21,-127.7
52.38568,-1.533178,148.81,10.21,3,303.4,21 / 22,1380228,2019-09-06 18:39:06:910,-0.0949,0.9854,9.8177,0.0024,-0.0042,9.8066,-0.0423,-0.0125,0.0165,0.13,-32.06,4.5,76.54,-86.19,-127.98
52.38568,-1.533178,148.81,10.21,3,303.4,21 / 22,1380328,2019-09-06 18:39:07:010,0.7641,0.7497,9.8323,0.0167,0.0168,9.8066,-0.0602,0.028,-0.039,0.19,-32.37,4.63,77.19,-86.29,-126.72
52.386036,-1.534089,148.88,6.03,3,302.09,19 / 20,1380428,2019-09-06 18:39:07:110,0.539,0.0907,10.0004,0.0137,0.0154,9.8066,-0.0666,-0.0065,0.0138,-0.25,-31.62,4.06,83.46,-86.24,-128.04
52.386036,-1.534089,148.88,6.03,3,302.09,19 / 20,1380529,2019-09-06 18:39:07:211,0.8493,0.3979,9.601,-0.0046,-0.0103,9.8066,-0.001,0.0043,0.0303,1.25,-31.62,4.88,88.17,-86.32,-126.91
52.386036,-1.534089,148.88,6.03,3,302.09,19 / 20,1380629,2019-09-06 18:39:07:311,0.6384,0.7644,9.9076,-0.012,-0.0075,9.8066,-0.0378,0.0132,0.012,0.19,-31.62,3.56,83.73,-86.29,-127.29
52.386036,-1.534089,148.88,6.03,3,302.09,19 / 20,1380729,2019-09-06 18:39:07:411,0.5289,0.6398,9.5826,0.012,0.0119,9.8066,0.04,-0.0066,-0.0001,1,-31.62,4.38,97.69,-86.34,-125.77
52.386036,-1.534089,148.88,6.03,3,302.09,19 / 20,1380829,2019-09-06 18:39:07:511,0.5406,0.879,9.7522,-0.0001,0.0035,9.8066,0.0103,0.0127,-0.0204,1.25,-31.31,4.06,96.69,-86.32,-126.03
52.386036,-1.534089,148.88,6.03,3,302.09,19 / 20,1380928,2019-09-06 18:39:07:610,0.7262,0.1953,9.8832,0.0014,-0.0012,9.8066,-0.0123,0.0234,-0.0126,1.75,-31.69,4.31,106.3,-86.39,-125.93
52.386036,-1.534089,148.88,6.03,3,302.09,19 / 20,1381029,2019-09-06 18:39:07:711,1.0708,0.7063,9.7639,0.0038,-0.0008,9.8066,-0.0429,-0.0018,0.0242,1.94,-31.81,4.19,105.74,-86.44,-126.15
52.386036,-1.534089,148.88,6.03,3,302.09,19 / 20,1381129,2019-09-06 18:39:07:811,0.404,0.6296,9.7977,-0.0008,0.0084,9.8066,0.0416,0.0105,-0.0101,2.38,-31.69,4.06,106.18,-86.44,-125.69
52.386036,-1.534089,148.88,6.03,3,302.09,19 / 20,1381229,2019-09-06 18:39:07:911,0.771,0.4913,10.1228,0.0087,0.0114,9.8066,0.0489,0.0075,-0.0207,2.56,-31.44,4.56,105.81,-86.45,-123.62
52.386036,-1.534089,148.88,6.03,3,302.09,19 / 20,1381329,2019-09-06 18:39:08:011,0.392,0.0367,10.1479,-0.0082,-0.0125,9.8066,-0.0242,-0.0267,0.0052,2.56,-31.44,3.75,112.12,-86.48,-125.42
52.386036,-1.534089,148.88,6.03,3,302.09,20 / 21,1381429,2019-09-06 18:39:08:111,0.8493,0.252,9.8365,-0.0148,-0.0132,9.8065,-0.0457,-0.0076,-0.0255,2.13,-30.87,4.75,96.35,-86.48,-126.02
52.386036,-1.534089,148.88,6.03,3,302.09,20 / 21,1381528,2019-09-06 18:39:08:210,0.9779,0.3929,9.5185,0.0211,0.0155,9.8066,0.0427,-0.0133,0.0004,3.13,-31.5,5.63,97.53,-86.62,-124.7
52.386036,-1.534089,148.88,6.03,3,302.09,20 / 21,1381629,2019-09-06 18:39:08:311,0.8615,0.6105,10.1622,0.009,0.0094,9.8066,0.0288,-0.0047,-0.0172,2.75,-32.12,5.44,104.52,-86.62,-124.71
52.386036,-1.534089,148.88,6.03,3,302.09,20 / 21,1381728,2019-09-06 18:39:08:410,0.4229,0.2167,9.9177,-0.0047,-0.0073,9.8066,0.0035,-0.0096,0.0101,2.44,-32.75,4.75,96.86,-86.65,-125.83
52.386036,-1.534089,148.88,6.03,3,302.09,20 / 21,1381828,2019-09-06 18:39:08:510,0.4938,0.2446,9.6505,-0.003,-0.007,9.8066,-0.0116,0.0029,-0.0189,2.13,-32.31,5.25,95.34,-86.64,-126.78
52.386036,-1.534089,148.88,6.03,3,302.09,20 / 21,1381929,2019-09-06 18:39:08:611,0.6497,0.5253,10.1889,0.0068,0.0011,9.8066,-0.0024,-0.0036,0.0099,2.38,-32.44,5.13,95.52,-86.72,-126.09
52.386036,-1.534089,148.88,6.03,3,302.09,20 / 21,1382029,2019-09-06 18:39:08:711,0.7254,0.5918,10.0042,0.0045,0.002,9.8066,0.0038,-0.0173,-0.0017,2.31,-32.5,5.13,95.41,-86.77,-125.86
52.386036,-1.534089,148.88,6.03,3,302.09,20 / 21,1382128,2019-09-06 18:39:08:810,0.3034,0.372,9.8322,-0.0017,-0.0007,9.8066,0.0077,-0.0252,0.0018,1.19,-32.62,4.81,86.76,-86.75,-126.08
52.386036,-1.534089,148.88,6.03,3,302.09,20 / 21,1382229,2019-09-06 18:39:08:911,0.5497,0.3879,9.7346,0.0047,0.0043,9.8066,0.0301,0.0089,0.0182,1.5,-32.56,5.44,96.65,-86.79,-125.08
52.386036,-1.534089,148.88,6.03,3,302.09,20 / 21,1382330,2019-09-06 18:39:09:012,0.1723,0.325,10.0383,-0.0092,0.0016,9.8066,-0.0138,-0.0079,-0.0026,1.56,-32.44,5.13,97.34,-86.8,-123.7
52.386036,-1.534089,148.88,6.03,3,302.09,18 / 22,1382429,2019-09-06 18:39:09:111,0.64,0.2352,10.0827,0.005,0.0022,9.8066,0.0055,-0.0127,-0.0029,1.81,-31.94,5.06,98.47,-86.76,-122.75
52.386036,-1.534089,148.88,6.03,3,302.09,18 / 22,1382529,2019-09-06 18:39:09:211,0.1684,0.2553,10.0571,-0.0015,-0.0038,9.8066,-0.0152,0.0035,0.0103,1.31,-32.94,5.38,90.37,-86.72,-122.68
52.386036,-1.534089,148.88,6.03,3,302.09,18 / 22,1382629,2019-09-06 18:39:09:311,0.2661,0.272,9.7725,-0.0019,-0.0014,9.8066,0.0235,-0.0246,-0.0043,1,-32.62,5.19,90.79,-86.74,-122.15
52.386036,-1.534089,148.88,6.03,3,302.09,18 / 22,1382729,2019-09-06 18:39:09:411,0.5667,0.3212,9.8618,0.0023,0.011,9.8066,0.0203,-0.0081,0.0022,1.31,-32.75,5,90.86,-86.78,-121.77
52.386036,-1.534089,148.88,6.03,3,302.09,18 / 22,1382829,2019-09-06 18:39:09:511,0.5584,0.1465,9.9098,0.0009,0.004,9.8066,-0.0414,-0.0159,0.0182,1,-31.87,5.25,91.7,-86.76,-120.39
52.386036,-1.534089,148.88,6.03,3,302.09,18 / 22,1382929,2019-09-06 18:39:09:611,-0.0642,-0.0502,9.8654,-0.0086,-0.0064,9.8066,-0.0037,0.0156,0.0241,1.44,-32,4.81,91.1,-86.72,-121.29
52.386036,-1.534089,148.88,6.03,3,302.09,18 / 22,1383029,2019-09-06 18:39:09:711,-0.0481,0.5867,9.8682,-0.0054,-0.0048,9.8066,-0.0012,-0.007,0.0017,1.69,-32.5,5.06,100.14,-86.71,-121.31
52.386036,-1.534089,148.88,6.03,3,302.09,18 / 22,1383128,2019-09-06 18:39:09:810,0.1756,0.1338,9.8154,0.0053,0.0002,9.8066,-0.0095,-0.0107,0.0218,0.94,-32.5,4.75,91.35,-86.74,-120.89
52.386036,-1.534089,148.88,6.03,3,302.09,18 / 22,1383228,2019-09-06 18:39:09:910,0.2206,-0.1441,9.6797,-0.0016,0.001,9.8066,0.0039,0.0187,-0.0107,1.5,-32.62,5,101.34,-86.74,-120.48
52.386036,-1.534089,148.88,6.03,3,302.09,18 / 22,1383328,2019-09-06 18:39:10:010,0.2149,-0.0216,9.7793,0.0008,0.0076,9.8066,0.022,0.0021,0.0064,1.31,-32.06,5.06,90.98,-86.74,-121.25
52.386036,-1.534089,148.88,6.03,3,302.09,19 / 21,1383429,2019-09-06 18:39:10:111,-0.0846,-0.1034,9.6661,0.0007,0.0035,9.8066,0.0278,-0.0086,0.0154,1.81,-31.31,6.06,94.02,-86.73,-120.62
52.386036,-1.534089,148.88,6.03,3,302.09,19 / 21,1383529,2019-09-06 18:39:10:211,0.0541,-0.1287,9.8878,-0.0048,0,9.8066,-0.0009,-0.0101,-0.0029,1.56,-31.44,6.06,94.8,-86.65,-120.25
52.386036,-1.534089,148.88,6.03,3,302.09,19 / 21,1383629,2019-09-06 18:39:10:311,-0.0366,-0.2093,9.77,0.0016,0.0012,9.8066,-0.0127,-0.0066,0.011,2.19,-30.94,5.06,101.08,-86.66,-119.96
52.386036,-1.534089,148.88,6.03,3,302.09,19 / 21,1383729,2019-09-06 18:39:10:411,-0.0139,-0.1607,9.7547,0.0034,0.0012,9.8066,0.0112,-0.0079,-0.0153,1.94,-31.19,5.13,100.83,-86.73,-119.79
52.386036,-1.534089,148.88,6.03,3,302.09,19 / 21,1383829,2019-09-06 18:39:10:511,0.1389,-0.2645,10.0434,0.0055,-0.0002,9.8066,-0.002,-0.017,0.0026,1.63,-31.62,5.13,101.11,-86.78,-119.84
52.386036,-1.534089,148.88,6.03,3,302.09,19 / 21,1383928,2019-09-06 18:39:10:610,0.0466,-0.2136,9.8929,-0.0005,-0.003,9.8066,0.0158,0,-0.0031,1.88,-31.81,5.19,100.78,-86.82,-119.96
52.386036,-1.534089,148.88,6.03,3,302.09,19 / 21,1384029,2019-09-06 18:39:10:711,0.2674,-0.2758,9.9167,0.0028,0.0006,9.8066,0.0088,0.0015,-0.0042,1.31,-32.75,5.31,92.1,-86.84,-120.1
52.386036,-1.534089,148.88,6.03,3,302.09,19 / 21,1384130,2019-09-06 18:39:10:812,0.0729,0.067,10.1397,-0.0032,0.0002,9.8066,0.0129,-0.0091,0.003,1.75,-33.06,6,95.36,-86.82,-119.83
52.386036,-1.534089,148.88,6.03,3,302.09,19 / 21,1384229,2019-09-06 18:39:10:911,0.0391,0.0265,9.8629,0.0008,-0.0002,9.8066,0.0285,0.0056,-0.0121,1.31,-32.5,5.63,86.52,-86.82,-119.91
52.386036,-1.534089,148.88,6.03,3,302.09,19 / 21,1384329,2019-09-06 18:39:11:011,-0.0476,0.0969,9.9022,-0.0017,0,9.8066,0.0076,-0.0128,0.0101,1.19,-33,4.69,92.63,-86.8,-119.84
52.386036,-1.534089,148.88,6.03,3,302.09,20 / 21,1384429,2019-09-06 18:39:11:111,-0.1803,-0.3495,10.0206,0.0021,0.0033,9.8066,-0.0049,-0.0034,0.0028,1.19,-32.5,4.38,99.89,-86.81,-119.32
52.386036,-1.534089,148.88,6.03,3,302.09,20 / 21,1384528,2019-09-06 18:39:11:210,-0.0753,-0.0797,10.1926,-0.0037,-0.0085,9.8066,0,-0.0055,-0.0006,1.06,-32.12,5.56,87.15,-86.8,-119.41
52.386036,-1.534089,148.88,6.03,3,302.09,20 / 21,1384628,2019-09-06 18:39:11:310,0.1211,-0.1393,9.9598,0.0016,-0.0041,9.8066,-0.0162,-0.0038,0.0082,1.25,-32.37,5.31,92.11,-86.82,-119.55
52.386036,-1.534089,148.88,6.03,3,302.09,20 / 21,1384729,2019-09-06 18:39:11:411,-0.0168,0.1372,9.9588,-0.0017,0.0021,9.8066,-0.0003,-0.0061,-0.0114,1.63,-32.69,6.06,96.21,-86.83,-118.94
52.386036,-1.534089,148.88,6.03,3,302.09,20 / 21,1384829,2019-09-06 18:39:11:511,0.0669,0.0411,9.9095,0.0038,0.0011,9.8066,0.0071,-0.0153,-0.0016,1.94,-33.56,5.81,97.14,-86.85,-118.38
52.386036,-1.534089,148.88,6.03,3,302.09,20 / 21,1384929,2019-09-06 18:39:11:611,0.0793,-0.0072,9.8547,0.0016,0.0002,9.8066,0.0127,-0.0163,0.0073,1.56,-32.62,4.94,102.54,-86.85,-118.44
52.386036,-1.534089,148.88,6.03,3,302.09,20 / 21,1385028,2019-09-06 18:39:11:710,0.0201,0.0406,9.9425,0.0012,-0.002,9.8066,-0.0021,-0.0154,-0.0056,1.19,-32.81,5.56,88.4,-86.86,-118.36
52.386036,-1.534089,148.88,6.03,3,302.09,20 / 21,1385129,2019-09-06 18:39:11:811,-0.0003,0.0123,10.0268,0.0061,0.0042,9.8066,0.0151,-0.0077,0.0102,1.75,-31.87,6,96.21,-86.94,-117.8
52.386036,-1.534089,148.88,6.03,3,302.09,20 / 21,1385228,2019-09-06 18:39:11:910,-0.1014,-0.3868,9.7501,0.0007,0.0045,9.8066,0.0154,-0.0124,-0.0027,2.31,-31.56,5.63,96.08,-86.93,-117.98
52.386036,-1.534089,148.88,6.03,3,302.09,20 / 21,1385329,2019-09-06 18:39:12:011,0.0415,-0.306,9.7303,-0.0068,-0.0028,9.8066,-0.0107,-0.0224,0.0157,2.19,-31.62,5.75,95.98,-86.93,-118.11
52.386036,-1.534089,148.88,6.03,3,302.09,20 / 22,1385428,2019-09-06 18:39:12:110,0.1362,0.3165,9.9716,-0.0023,-0.0031,9.8066,-0.0191,-0.0056,-0.0024,1.44,-31.5,6.44,87.59,-86.87,-118.06
52.386036,-1.534089,148.88,6.03,3,302.09,20 / 22,1385529,2019-09-06 18:39:12:211,-0.0291,0.0384,9.7955,0.001,0.0054,9.8066,0.006,-0.0136,0.0101,0.75,-31.56,6.81,85.34,-86.9,-116.93
52.386036,-1.534089,148.88,6.03,3,302.09,20 / 22,1385629,2019-09-06 18:39:12:311,-0.0246,0.1409,9.6872,0.0038,0.0042,9.8066,0.0038,-0.0138,0.0094,-0.62,-32.19,6.69,67.85,-86.92,-117.09
52.386036,-1.534089,148.88,6.03,3,302.09,20 / 22,1385729,2019-09-06 18:39:12:411,0.3559,0.2374,9.8932,0.0027,0.0002,9.8066,0.0022,-0.0046,-0.0165,-0.44,-31.81,4.56,82.1,-86.99,-117.39
52.386036,-1.534089,148.88,6.03,3,302.09,20 / 22,1385829,2019-09-06 18:39:12:511,0.2769,-0.1719,9.8462,0.0027,0.0033,9.8066,-0.0104,-0.009,-0.009,0.06,-32.06,4.75,82.14,-87,-117.25
52.386036,-1.534089,148.88,6.03,3,302.09,20 / 22,1385928,2019-09-06 18:39:12:610,0.0582,-0.1686,10.059,-0.0025,-0.0015,9.8065,0.0285,-0.0015,0.0081,0.88,-31.94,4.5,93.4,-87.02,-116.91
52.386036,-1.534089,148.88,6.03,3,302.09,20 / 22,1386028,2019-09-06 18:39:12:710,-0.1382,-0.1722,9.8332,-0.0018,0.0014,9.8066,-0.0043,-0.0103,-0.0088,1.44,-31.62,5.06,93.6,-86.98,-116.97
52.386036,-1.534089,148.88,6.03,3,302.09,20 / 22,1386128,2019-09-06 18:39:12:810,-0.0346,-0.0985,10.0151,0.0037,0.0013,9.8066,0.0252,-0.0007,0.0162,1.63,-32.25,5.06,102.96,-87,-116.49
52.386036,-1.534089,148.88,6.03,3,302.09,20 / 22,1386228,2019-09-06 18:39:12:910,0.1615,-0.0335,9.8783,0.0041,0.0027,9.8066,0.0188,-0.0049,-0.0063,1.75,-32.31,5.44,103.1,-87.03,-116.17
52.386036,-1.534089,148.88,6.03,3,302.09,20 / 22,1386328,2019-09-06 18:39:13:010,0.1115,-0.3369,9.8247,0.0014,-0.0029,9.8066,-0.0105,-0.0182,0.0082,1.88,-33,4.5,103.24,-87.05,-116.42
52.386036,-1.534089,148.88,6.03,3,302.09,20 / 21,1386428,2019-09-06 18:39:13:110,0.1203,-0.079,9.9718,0,0.004,9.8065,0.0135,-0.0093,0.0049,1.44,-32.94,4.81,95.11,-87.06,-115.55
52.386036,-1.534089,148.88,6.03,3,302.09,20 / 21,1386529,2019-09-06 18:39:13:211,0.0805,-0.0772,9.7966,0.0002,0,9.8065,-0.0018,-0.0047,-0.0097,1.06,-32.81,5.19,95.28,-87.05,-115.39
52.386036,-1.534089,148.88,6.03,3,302.09,20 / 21,1386629,2019-09-06 18:39:13:311,-0.0872,0.0313,9.8753,0.0038,0.004,9.8066,0.018,-0.0117,0.013,1.06,-31.69,5.25,94.98,-87.08,-114.91
52.386036,-1.534089,148.88,6.03,3,302.09,20 / 21,1386729,2019-09-06 18:39:13:411,0.0193,-0.318,9.9073,0.0011,-0.0039,9.8066,-0.0125,-0.0094,0.0041,1.38,-31.62,5.25,94.55,-87.1,-115.24
52.386036,-1.534089,148.88,6.03,3,302.09,20 / 21,1386829,2019-09-06 18:39:13:511,0.1451,-0.0683,9.876,-0.0007,0.0001,9.8066,0.0044,-0.0059,-0.0023,2.06,-32.06,5.06,104.23,-87.11,-114.47
52.386036,-1.534089,148.88,6.03,3,302.09,20 / 21,1386928,2019-09-06 18:39:13:610,0.0618,0.0044,9.779,0.0036,0.0054,9.8066,0.0037,0.0085,-0.009,1.63,-32.56,6.13,99.48,-87.11,-114
52.386036,-1.534089,148.88,6.03,3,302.09,20 / 21,1387029,2019-09-06 18:39:13:711,-0.077,-0.2311,9.8954,0.0037,0.0044,9.8066,0.028,0.002,0.0076,1.81,-32.69,5.5,99.58,-87.13,-113.78
52.386036,-1.534089,148.88,6.03,3,302.09,20 / 21,1387129,2019-09-06 18:39:13:811,0.0588,0.0298,9.8636,0.0042,0.0013,9.8066,0.0209,-0.0062,0.0112,1.56,-33.56,5.06,105.38,-87.14,-114.11
52.386036,-1.534089,148.88,6.03,3,302.09,20 / 21,1387228,2019-09-06 18:39:13:910,0.3174,-0.045,9.8612,0.0016,0.0034,9.8066,-0.0272,-0.0158,-0.0073,1.63,-32.75,5.31,105.22,-87.17,-113.58
52.386036,-1.534089,148.88,6.03,3,302.09,20 / 21,1387329,2019-09-06 18:39:14:011,0.2187,-0.128,9.8394,-0.0018,0.0003,9.8066,0.0097,0.0149,-0.0137,1.56,-32.25,5,105.21,-87.16,-113.11
52.386036,-1.534089,148.88,6.03,3,302.09,20 / 21,1387428,2019-09-06 18:39:14:110,0.2402,0.0031,9.8799,0.0049,-0.0027,9.8066,-0.0157,-0.0116,0.0238,1.13,-32.62,4.69,96.39,-87.2,-113.22
52.386036,-1.534089,148.88,6.03,3,302.09,20 / 21,1387529,2019-09-06 18:39:14:211,0.0709,-0.0223,9.7036,0.0011,0.0018,9.8066,0.0065,0.0011,0.006,1.56,-31.69,4.63,105.44,-87.21,-112.55
52.386036,-1.534089,148.88,6.03,3,302.09,20 / 21,1387628,2019-09-06 18:39:14:310,0.0773,-0.0873,9.8835,-0.0004,0.0014,9.8066,0.0161,-0.0097,0.012,1.63,-31.56,5,105.82,-87.21,-112.14
52.386036,-1.534089,148.88,6.03,3,302.09,20 / 21,1387729,2019-09-06 18:39:14:411,0.1651,0.1411,9.8383,0.0016,0.0045,9.8066,0.0012,0.0072,0.0101,1.44,-30.94,5.06,96.46,-87.19,-112.05
52.386036,-1.534089,148.88,6.03,3,302.09,20 / 21,1387829,2019-09-06 18:39:14:511,-0.0327,-0.035,9.995,-0.0021,0.0019,9.8066,0.0017,-0.002,0.0074,1.75,-30.62,5.31,106.53,-87.19,-110.97
52.386036,-1.534089,148.88,6.03,3,302.09,20 / 21,1387928,2019-09-06 18:39:14:610,0.0278,-0.0669,9.8654,0.0009,0.0002,9.8066,-0.0093,-0.0055,-0.011,1.19,-31.62,5.06,98.21,-87.19,-110.83
52.386036,-1.534089,148.88,6.03,3,302.09,20 / 21,1388029,2019-09-06 18:39:14:711,0.0546,-0.3072,9.7737,-0.0009,0.0027,9.8066,-0.0051,-0.0131,0.002,1.69,-31.12,6.06,101.47,-87.19,-110.58
52.386036,-1.534089,148.88,6.03,3,302.09,20 / 21,1388128,2019-09-06 18:39:14:810,0.067,-0.2268,9.8258,-0.0001,-0.0023,9.8066,-0.0077,-0.0031,0.0107,1.63,-32.62,4.88,107.83,-87.18,-110.65
52.386036,-1.534089,148.88,6.03,3,302.09,20 / 21,1388228,2019-09-06 18:39:14:910,-0.2547,-0.3136,9.9051,-0.0032,-0.003,9.8066,0.0008,0.0061,0.0131,1.56,-32.31,6,102.19,-87.18,-110.34
52.386036,-1.534089,148.88,6.03,3,302.09,20 / 21,1388329,2019-09-06 18:39:15:011,0.1597,0.2528,9.9071,0.0025,0.0067,9.8066,0.0178,-0.0102,0.0031,1.75,-32.37,5.13,108.01,-87.17,-109.98
52.386036,-1.534089,148.88,6.03,3,302.09,20 / 21,1388429,2019-09-06 18:39:15:111,0.0731,0.0602,9.942,0.0026,0.0021,9.8066,-0.0116,0.0082,-0.0169,1.19,-32.12,4.94,99.74,-87.18,-109.28
52.386036,-1.534089,148.88,6.03,3,302.09,20 / 21,1388528,2019-09-06 18:39:15:210,0.1201,-0.0427,9.9504,-0.0012,-0.0068,9.8066,-0.0047,0.0062,-0.0015,1.25,-31.81,4.31,105.05,-87.22,-110.34
52.386036,-1.534089,148.88,6.03,3,302.09,20 / 21,1388629,2019-09-06 18:39:15:311,-0.0898,-0.2706,9.6297,0.0017,-0.0016,9.8066,0.0223,-0.0032,0.019,1.44,-31.87,5.44,98.29,-87.25,-110.4
52.386036,-1.534089,148.88,6.03,3,302.09,20 / 21,1388728,2019-09-06 18:39:15:410,0.2559,-0.0361,9.8583,0.0008,0.0001,9.8066,0.0128,0.0046,-0.0011,1.5,-33,5.5,102.44,-87.25,-110.15
52.386036,-1.534089,148.88,6.03,3,302.09,20 / 21,1388829,2019-09-06 18:39:15:511,0.2356,0.1027,10.0699,-0.0017,-0.004,9.8066,-0.0066,0.0004,0.0023,1.75,-33,5.63,101.82,-87.24,-110.85
52.386036,-1.534089,148.88,6.03,3,302.09,20 / 21,1388928,2019-09-06 18:39:15:610,0.2168,-0.022,9.7857,0.0018,0.0035,9.8066,0.0243,0.0127,0.0093,2.06,-32.12,4.94,106.58,-87.23,-111.21
52.386036,-1.534089,148.88,6.03,3,302.09,20 / 21,1389028,2019-09-06 18:39:15:710,0.2801,0.3071,9.7483,0.0019,0.0049,9.8066,0.0003,-0.0143,0.0247,1.19,-32.62,4.94,99.06,-87.23,-110.22
52.386036,-1.534089,148.88,6.03,3,302.09,20 / 21,1389128,2019-09-06 18:39:15:810,0.1753,0.301,9.9166,0.0014,0.0002,9.8066,0.0018,-0.0173,-0.0113,1.5,-31.69,4.63,107.8,-87.22,-109.92
52.386036,-1.534089,148.88,6.03,3,302.09,20 / 21,1389229,2019-09-06 18:39:15:911,0.1033,0.2229,9.9989,0.0009,-0.0018,9.8066,0.0061,-0.0113,-0.0047,1.75,-32.12,5.44,107.49,-87.24,-110.16
52.386036,-1.534089,148.88,6.03,3,302.09,20 / 21,1389329,2019-09-06 18:39:16:011,0.0964,0.194,9.8893,0.0012,-0.0006,9.8066,0.0047,-0.0205,0.0157,1.81,-32.44,5.31,107.03,-87.26,-110.54
52.386166,-1.53443,148.91,0,3,302.2,20 / 21,1389428,2019-09-06 18:39:16:110,0.1838,0.2141,9.9436,-0.0015,-0.0014,9.8066,-0.0024,-0.0076,-0.0066,1.5,-32.12,5,107.21,-87.25,-110.38
52.386166,-1.53443,148.91,0,3,302.2,20 / 21,1389529,2019-09-06 18:39:16:211,0.4253,0.307,9.9431,0.0026,0.0035,9.8066,0.0171,0.0018,0.0094,2.38,-32.87,5.81,102.46,-87.27,-110.01
52.386166,-1.53443,148.91,0,3,302.2,20 / 21,1389628,2019-09-06 18:39:16:310,0.1482,0.1152,9.929,0.002,0.0034,9.8066,0.0142,-0.0153,0.0092,2.31,-32.69,6.13,102.48,-87.26,-110.05
52.386166,-1.53443,148.91,0,3,302.2,20 / 21,1389728,2019-09-06 18:39:16:410,0.1513,0.2278,9.9407,-0.002,-0.003,9.8065,-0.0094,-0.0009,-0.0011,1.5,-32.37,5.5,102.26,-87.25,-109.89
52.386166,-1.53443,148.91,0,3,302.2,20 / 21,1389829,2019-09-06 18:39:16:511,0.2959,0.3348,10.0383,0.0011,-0.0003,9.8066,-0.0102,-0.02,0.0014,1.63,-32.69,5.56,102.2,-87.25,-110.41
52.386166,-1.53443,148.91,0,3,302.2,20 / 21,1389928,2019-09-06 18:39:16:610,0.0866,-0.1024,9.7894,0.0004,0.001,9.8066,0.0086,0.0094,0.005,0.94,-31.87,4.75,98.09,-87.25,-110.58
52.386166,-1.53443,148.91,0,3,302.2,20 / 21,1390029,2019-09-06 18:39:16:711,0.0399,-0.079,9.726,-0.0004,0.0009,9.8066,0.0223,0.0036,0.0189,0.63,-32.56,5,98.64,-87.26,-110.5
52.386166,-1.53443,148.91,0,3,302.2,20 / 21,1390129,2019-09-06 18:39:16:811,0.2086,0.0628,9.9312,-0.002,-0.0014,9.8066,-0.0199,0.0053,-0.0158,1.5,-33.12,4.94,107.26,-87.23,-110.97
52.386166,-1.53443,148.91,0,3,302.2,20 / 21,1390229,2019-09-06 18:39:16:911,0.0258,-0.1688,9.8136,-0.0005,0.0016,9.8066,-0.0109,-0.0161,-0.0139,1,-32.81,5.19,98.58,-87.22,-110.81
52.386166,-1.53443,148.91,0,3,302.2,20 / 21,1390328,2019-09-06 18:39:17:010,0.1454,-0.0379,9.8559,0.0031,0.0015,9.8066,0.0145,0.0096,0.021,1.44,-33.44,4.94,98.44,-87.23,-110.91
52.386166,-1.53443,148.91,0,3,302.2,20 / 21,1390428,2019-09-06 18:39:17:110,0.0364,-0.0614,9.8167,-0.0006,0.0014,9.8066,0.0038,-0.0049,0.0059,0.81,-33.75,4.81,99.18,-87.24,-110.61
52.386166,-1.53443,148.91,0,3,302.2,20 / 21,1390529,2019-09-06 18:39:17:211,0.1792,0.003,9.941,-0.0017,-0.0032,9.8066,-0.0068,-0.0003,-0.0077,1.38,-33.12,4.44,104.99,-87.23,-111.01
52.386166,-1.53443,148.91,0,3,302.2,20 / 21,1390628,2019-09-06 18:39:17:310,0.0823,-0.267,9.8315,-0.0006,-0.0014,9.8066,-0.0046,-0.0182,0,1,-32.81,4.88,98.3,-87.23,-111.07
52.386166,-1.53443,148.91,0,3,302.2,20 / 21,1390730,2019-09-06 18:39:17:412,-0.0164,-0.2331,9.8212,-0.0007,-0.0004,9.8066,0.0019,0.0191,0.0122,1.06,-32.69,4.81,98.03,-87.23,-111.32
52.386166,-1.53443,148.91,0,3,302.2,20 / 21,1390830,2019-09-06 18:39:17:512,-0.2222,-0.5232,9.8668,-0.003,-0.0018,9.8066,0.0162,-0.0106,-0.0006,0.88,-32.62,5.13,97.81,-87.21,-111.7
52.386166,-1.53443,148.91,0,3,302.2,20 / 21,1390928,2019-09-06 18:39:17:610,-0.3583,-0.7703,9.8429,-0.004,-0.0055,9.8066,0.0148,-0.0062,-0.0023,1.38,-32.56,4.75,96.81,-87.16,-113.06
52.386166,-1.53443,148.91,0,3,302.2,20 / 21,1391028,2019-09-06 18:39:17:710,-0.1253,-0.4944,9.8905,-0.0024,-0.0024,9.8066,0.0013,-0.013,-0.0045,1.25,-32.94,4.88,96.29,-87.14,-113.76
52.386166,-1.53443,148.91,0,3,302.2,20 / 21,1391128,2019-09-06 18:39:17:810,-0.0468,-0.1583,10.0236,0.0006,-0.0006,9.8066,-0.0046,0.0156,0.0109,1.31,-33.37,4.81,96.06,-87.14,-113.97
52.386166,-1.53443,148.91,0,3,302.2,20 / 21,1391229,2019-09-06 18:39:17:911,-0.2713,-0.4723,9.8451,0.0002,-0.0006,9.8066,0.0063,0.0017,0.0058,1.5,-32.81,4.88,105.07,-87.15,-113.84
52.386166,-1.53443,148.91,0,3,302.2,20 / 21,1391329,2019-09-06 18:39:18:011,-0.1155,-0.4689,9.8611,-0.0009,0,9.8066,-0.0005,-0.0051,-0.0065,1.13,-33.37,5.5,90.95,-87.15,-114.2
52.386166,-1.53443,148.91,0,3,302.2,21 / 22,1391429,2019-09-06 18:39:18:111,0.0673,-0.1438,10.059,0,0.0014,9.8066,-0.0123,-0.0164,-0.0117,1.06,-33.31,5.38,95.82,-87.13,-114.31
52.386166,-1.53443,148.91,0,3,302.2,21 / 22,1391529,2019-09-06 18:39:18:211,-0.1244,-0.2473,9.9355,0.0011,-0.0015,9.8066,0.006,0.0123,0.0162,1.25,-33.19,5.13,95.47,-87.15,-114.54
52.386166,-1.53443,148.91,0,3,302.2,21 / 22,1391628,2019-09-06 18:39:18:310,-0.1953,-0.4917,9.8573,-0.0001,-0.0005,9.8066,0.0108,0.0073,0.0065,1.44,-32.87,4.94,95.42,-87.16,-114.54
52.386166,-1.53443,148.91,0,3,302.2,21 / 22,1391729,2019-09-06 18:39:18:411,-0.1064,-0.3795,9.9433,-0.0015,-0.0019,9.8066,-0.0015,-0.0044,-0.0084,1.13,-32.5,5.63,89.67,-87.15,-114.98
52.386166,-1.53443,148.91,0,3,302.2,21 / 22,1391828,2019-09-06 18:39:18:510,-0.0399,-0.2358,10.0177,-0.0012,-0.0002,9.8066,-0.0028,-0.0219,-0.0123,0.69,-32.37,4.63,94.49,-87.14,-115.02
52.386166,-1.53443,148.91,0,3,302.2,21 / 22,1391928,2019-09-06 18:39:18:610,-0.2986,-0.4336,9.7871,0.0017,0.0012,9.8066,0.0026,0.0098,0.0069,1.5,-33.31,5.31,103.45,-87.15,-115.62
52.386166,-1.53443,148.91,0,3,302.2,21 / 22,1392029,2019-09-06 18:39:18:711,-0.282,-0.4832,9.7698,0.0015,0.0021,9.8066,0.0106,-0.0049,0.0073,1.38,-32.62,4.69,94.56,-87.16,-115.4
52.386166,-1.53443,148.91,0,3,302.2,21 / 22,1392128,2019-09-06 18:39:18:810,-0.1291,-0.2705,9.8369,-0.0019,-0.0006,9.8066,0.0047,-0.0078,-0.0079,2,-32.69,4.44,110.99,-87.15,-115.6
52.386166,-1.53443,148.91,0,3,302.2,21 / 22,1392228,2019-09-06 18:39:18:910,-0.402,-0.4311,9.7537,-0.0016,-0.001,9.8066,-0.0088,-0.0178,-0.0074,2.94,-32.31,3.88,117.4,-87.14,-115.94
52.386166,-1.53443,148.91,0,3,302.2,21 / 22,1392329,2019-09-06 18:39:19:011,-0.459,-0.4361,9.7501,-0.0007,-0.0021,9.8066,-0.0049,0.0069,0.0173,3.38,-31.31,5,109.39,-87.14,-116.07
52.386166,-1.53443,148.91,0,3,302.2,20 / 22,1392429,2019-09-06 18:39:19:111,-0.1662,-0.3665,9.7516,-0.0001,0.0009,9.8066,0.0174,-0.0017,0.0057,2.69,-30.75,6.19,103.46,-87.14,-116.04
52.386166,-1.53443,148.91,0,3,302.2,20 / 22,1392528,2019-09-06 18:39:19:210,-0.0798,-0.4434,9.9607,-0.0006,-0.0001,9.8066,-0.0034,-0.0065,-0.0149,1.94,-31.19,6.06,96.3,-87.13,-116.24
52.386166,-1.53443,148.91,0,3,302.2,20 / 22,1392629,2019-09-06 18:39:19:311,0.0323,-0.3658,9.9301,-0.0002,-0.0009,9.8066,-0.012,-0.0079,-0.0086,1,-32.06,5.75,88.2,-87.13,-116.54
52.386166,-1.53443,148.91,0,3,302.2,20 / 22,1392728,2019-09-06 18:39:19:410,-0.0898,-0.2854,9.9969,-0.0006,-0.0008,9.8066,0.0103,0.0141,0.0199,0.94,-32.5,5.69,87.98,-87.14,-116.72
52.386166,-1.53443,148.91,0,3,302.2,20 / 22,1392829,2019-09-06 18:39:19:511,-0.0162,-0.3547,10.022,-0.0012,0.001,9.8066,-0.002,-0.0163,-0.0132,0.75,-32.75,5.56,88.63,-87.13,-116.61
52.386166,-1.53443,148.91,0,3,302.2,20 / 22,1392928,2019-09-06 18:39:19:610,-0.0919,-0.3484,9.9191,-0.0003,-0.0011,9.8066,-0.0156,-0.0107,-0.0201,0.5,-32.94,5.13,93.45,-87.11,-116.91
52.386166,-1.53443,148.91,0,3,302.2,20 / 22,1393028,2019-09-06 18:39:19:710,0.0672,-0.2032,9.9972,0.0018,0.0009,9.8066,0.0065,0.0161,0.0122,0.44,-32.44,5.06,81.47,-87.13,-117.06
52.386166,-1.53443,148.91,0,3,302.2,20 / 22,1393129,2019-09-06 18:39:19:811,-0.0522,-0.5796,9.8545,-0.0019,-0.0029,9.8066,-0.004,-0.0025,0.0107,0.25,-32.5,4.69,81.05,-87.13,-117.43
52.386166,-1.53443,148.91,0,3,302.2,20 / 22,1393229,2019-09-06 18:39:19:911,-0.2253,-0.3074,9.7626,-0.0029,-0.0017,9.8066,-0.0132,0.0024,-0.0219,0.13,-32.56,4.06,87.28,-87.11,-117.32
52.386166,-1.53443,148.91,0,3,302.2,20 / 22,1393328,2019-09-06 18:39:20:010,-0.3056,-0.7437,9.6867,0.0034,0,9.8066,-0.0023,-0.0106,0.0144,0.31,-32.75,4,86.95,-87.12,-117.54
52.386166,-1.53443,148.91,0,3,302.2,20 / 21,1393429,2019-09-06 18:39:20:111,0.1841,-0.1323,10.0383,-0.0001,-0.001,9.8066,0.0247,-0.0087,0.0083,0.63,-32.25,3.56,99.17,-87.14,-117.38
52.386166,-1.53443,148.91,0,3,302.2,20 / 21,1393529,2019-09-06 18:39:20:211,-0.0411,-0.3631,10.0607,-0.0036,-0.0014,9.8066,-0.0158,-0.0105,-0.0184,1.13,-32.94,3.75,99.87,-87.12,-117.54
52.386166,-1.53443,148.91,0,3,302.2,20 / 21,1393630,2019-09-06 18:39:20:312,-0.1629,-0.303,9.8977,0.0016,-0.0007,9.8065,-0.0031,-0.001,0.0052,2,-32.44,3.5,108.66,-87.1,-117.95
52.386166,-1.53443,148.91,0,3,302.2,20 / 21,1393728,2019-09-06 18:39:20:410,-0.1255,-0.3307,9.9903,0.0011,0.0002,9.8066,0.0264,-0.0053,0.0135,2.25,-32.94,3.75,109.24,-87.12,-117.83
52.386166,-1.53443,148.91,0,3,302.2,20 / 21,1393831,2019-09-06 18:39:20:513,-0.298,-0.2484,9.7243,-0.0037,-0.0018,9.8066,-0.0168,-0.0074,-0.0166,2.25,-32.62,3.5,108.98,-87.09,-118.35
52.386166,-1.53443,148.91,0,3,302.2,20 / 21,1393928,2019-09-06 18:39:20:610,-0.374,-0.299,9.8593,0.0035,0.0005,9.8065,0.011,-0.0106,0.0155,2.75,-31.81,4.31,115.42,-87.1,-118.44
52.386166,-1.53443,148.91,0,3,302.2,20 / 21,1394029,2019-09-06 18:39:20:711,-0.1546,-0.2905,9.9363,0.0033,0.0013,9.8066,0.0297,-0.0048,0.0142,2.75,-32.06,4.44,115.45,-87.12,-118.32
52.386166,-1.53443,148.91,0,3,302.2,20 / 21,1394128,2019-09-06 18:39:20:810,-0.1259,-0.2845,9.9776,-0.0013,-0.0004,9.8066,-0.016,-0.0009,-0.0177,2.63,-32.19,4,115.13,-87.09,-118.82
52.386166,-1.53443,148.91,0,3,302.2,20 / 21,1394229,2019-09-06 18:39:20:911,-0.2727,-0.4547,9.8192,0.0026,0.0001,9.8066,0.0195,-0.0046,0.0095,2.75,-32.81,4.94,107.68,-87.11,-119.04
52.386166,-1.53443,148.91,0,3,302.2,20 / 21,1394329,2019-09-06 18:39:21:011,-0.2057,-0.2287,9.813,-0.0032,-0.002,9.8066,-0.0053,-0.002,0.0046,2.69,-33.19,5.31,107.28,-87.11,-119.51
52.386166,-1.53443,148.91,0,3,302.2,20 / 21,1394429,2019-09-06 18:39:21:111,-0.5549,-0.5853,9.6958,-0.0017,0.0007,9.8066,-0.027,-0.0099,-0.0231,2.81,-33.06,5.13,107.4,-87.08,-119.5
52.386166,-1.53443,148.91,0,3,302.2,20 / 21,1394528,2019-09-06 18:39:21:210,0.0817,-0.1922,10.0981,0.0037,0.0012,9.8066,0.0311,0.005,0.0278,2.06,-33.19,5.25,99.94,-87.1,-119.67
52.386166,-1.53443,148.91,0,3,302.2,20 / 21,1394628,2019-09-06 18:39:21:310,-0.1005,-0.3648,9.9856,-0.0009,-0.0006,9.8066,0.0014,0.0028,0.0065,1.69,-32.69,4.69,99.83,-87.11,-119.68
52.386166,-1.53443,148.91,0,3,302.2,20 / 21,1394729,2019-09-06 18:39:21:411,-0.1115,-0.2642,9.8415,-0.0012,-0.0026,9.8066,-0.0205,-0.0123,-0.0155,1.69,-32.5,5.06,99.04,-87.07,-120.2
52.386166,-1.53443,148.91,0,3,302.2,20 / 21,1394829,2019-09-06 18:39:21:511,-0.0534,-0.2813,9.941,0,-0.0031,9.8066,0.0076,0.0048,0.0182,1.38,-32,4.88,89.6,-87.1,-120.27
52.386166,-1.53443,148.91,0,3,302.2,20 / 21,1394929,2019-09-06 18:39:21:611,-0.3279,-0.3787,9.675,-0.0029,-0.0012,9.8066,-0.0032,-0.0136,0.0052,2,-31.75,5.31,98.47,-87.09,-120.7
52.386166,-1.53443,148.91,0,3,302.2,20 / 21,1395028,2019-09-06 18:39:21:710,-0.175,-0.2836,9.8573,-0.0022,-0.0006,9.8065,-0.0142,-0.0152,-0.0249,1.44,-32.25,5.56,84.38,-87.07,-120.65
52.386166,-1.53443,148.91,0,3,302.2,20 / 21,1395128,2019-09-06 18:39:21:810,-0.348,-0.6224,9.6974,0.0027,-0.0005,9.8066,0.0062,0.0075,0.0278,1.25,-32.25,5.13,89.22,-87.08,-120.75
52.386166,-1.53443,148.91,0,3,302.2,20 / 21,1395228,2019-09-06 18:39:21:910,-0.0828,-0.2,9.8604,-0.0005,-0.0007,9.8066,0.0167,-0.0134,0.0149,1.38,-32.87,4.88,89.68,-87.11,-120.73
52.386166,-1.53443,148.91,0,3,302.2,20 / 21,1395328,2019-09-06 18:39:22:010,-0.1684,-0.4747,9.8804,-0.0005,-0.0006,9.8066,-0.0102,-0.0069,-0.018,1.81,-32.87,4.69,98.86,-87.06,-121.02
52.386166,-1.53443,148.91,0,3,302.2,21 / 22,1395429,2019-09-06 18:39:22:111,-0.0821,-0.3033,9.8401,0.002,-0.0012,9.8066,0.0181,0.015,0.022,1.38,-33.19,5,89.45,-87.08,-121.12
52.386166,-1.53443,148.91,0,3,302.2,21 / 22,1395529,2019-09-06 18:39:22:211,-0.3259,-0.6059,9.7137,-0.0013,0.0011,9.8066,0.0087,-0.0219,-0.0031,1.13,-32.75,5,89.59,-87.07,-121.03
52.386166,-1.53443,148.91,0,3,302.2,21 / 22,1395628,2019-09-06 18:39:22:310,-0.1114,-0.2275,9.8119,-0.0009,-0.0022,9.8066,-0.0197,-0.0017,-0.0158,1.25,-32.19,4.81,88.67,-87.05,-121.51
52.386166,-1.53443,148.91,0,3,302.2,21 / 22,1395729,2019-09-06 18:39:22:411,-0.114,-0.3571,9.9525,0.0015,-0.0006,9.8065,0.011,-0.0023,0.0166,1.44,-33,4.94,89.2,-87.07,-121.46
52.386166,-1.53443,148.91,0,3,302.2,21 / 22,1395828,2019-09-06 18:39:22:510,-0.0656,-0.3213,9.8517,-0.0012,0.0004,9.8066,0.013,-0.0115,0.0036,1.19,-32.37,5.69,83.28,-87.07,-121.72
52.386166,-1.53443,148.91,0,3,302.2,21 / 22,1395928,2019-09-06 18:39:22:610,-0.1261,-0.3045,9.9538,0.0004,-0.0017,9.8066,-0.0193,0.0068,-0.0076,1.81,-33.75,5.19,98.51,-87.04,-122.1
52.386166,-1.53443,148.91,0,3,302.2,21 / 22,1396029,2019-09-06 18:39:22:711,-0.3584,-0.5277,9.777,0.0021,0.0009,9.8066,0.0266,-0.0048,0.0194,1.94,-33.31,5.06,97.86,-87.07,-122.06
52.386166,-1.53443,148.91,0,3,302.2,21 / 22,1396128,2019-09-06 18:39:22:810,-0.155,-0.2511,9.8059,-0.0036,-0.0021,9.8066,-0.0126,-0.0086,-0.0062,1.25,-33.31,4.69,88.45,-87.05,-122.33
52.386166,-1.53443,148.91,0,3,302.2,21 / 22,1396228,2019-09-06 18:39:22:910,-0.2798,-0.5096,9.7565,-0.0014,-0.0016,9.8066,-0.0309,-0.0127,-0.0197,1.56,-32.62,4.5,97.55,-87.03,-122.63
52.386166,-1.53443,148.91,0,3,302.2,21 / 22,1396329,2019-09-06 18:39:23:011,-0.0859,-0.1815,9.8293,0.0022,0.0018,9.8066,0.0315,0.0077,0.0285,1.19,-32.81,5.25,88.17,-87.05,-122.61
52.386166,-1.53443,148.91,0,3,302.2,21 / 22,1396428,2019-09-06 18:39:23:110,-0.0196,-0.3649,9.97,-0.0023,-0.0008,9.8066,0.0037,0.0011,-0.0011,1.31,-32.62,4.94,88.15,-87.05,-122.67
52.386166,-1.53443,148.91,0,3,302.2,21 / 22,1396529,2019-09-06 18:39:23:211,-0.1013,-0.2394,9.912,-0.001,-0.0028,9.8066,-0.0217,-0.0156,-0.0159,1.06,-32.56,4.75,87.88,-87.02,-123.11
52.386166,-1.53443,148.91,0,3,302.2,21 / 22,1396628,2019-09-06 18:39:23:310,0.0002,-0.18,9.9523,0.0013,-0.0018,9.8066,-0.0123,-0.0198,-0.0201,1,-32.31,5.25,86.97,-87.04,-123.22
52.386166,-1.53443,148.91,0,3,302.2,21 / 22,1396728,2019-09-06 18:39:23:410,-0.3695,-0.5918,9.6797,-0.001,0.0009,9.8066,-0.0124,0.004,0.0032,1.13,-32.75,5.13,87.52,-87.05,-123.25
52.386166,-1.53443,148.91,0,3,302.2,21 / 22,1396829,2019-09-06 18:39:23:511,-0.2211,-0.2838,9.7328,-0.0022,-0.0018,9.8066,0.0212,-0.0056,0.0268,1.25,-32.69,4.56,87.66,-87.03,-123.29
52.386166,-1.53443,148.91,0,3,302.2,21 / 22,1396928,2019-09-06 18:39:23:610,-0.3435,-0.5048,9.7574,0.0012,-0.002,9.8066,0.012,-0.0052,-0.0036,1.63,-32.69,4.31,104.39,-87.04,-123.87
52.386166,-1.53443,148.91,0,3,302.2,21 / 22,1397029,2019-09-06 18:39:23:711,-0.3399,-0.2618,9.7215,0.0002,-0.0009,9.8066,-0.014,-0.0065,-0.0135,1.88,-32.62,4.19,104.28,-87.05,-123.91
52.386166,-1.53443,148.91,0,3,302.2,21 / 22,1397129,2019-09-06 18:39:23:811,-0.1904,-0.3446,9.9975,-0.002,-0.0009,9.8066,0.0165,-0.0051,0.0112,2.19,-32.5,4.81,95.46,-87.02,-124.27
52.386166,-1.53443,148.91,0,3,302.2,21 / 22,1397229,2019-09-06 18:39:23:911,-0.046,-0.3704,9.9385,-0.0012,-0.0023,9.8066,0.0095,-0.0039,0.007,1.5,-32.44,4.94,95.14,-87.02,-124.63
52.386166,-1.53443,148.91,0,3,302.2,21 / 22,1397328,2019-09-06 18:39:24:010,0.1547,-0.0661,10.0681,0.0015,-0.0002,9.8066,-0.0285,-0.0187,-0.0253,1.69,-32.69,4.81,95.28,-87.03,-124.94
52.386166,-1.53443,148.91,0,3,302.2,20 / 21,1397429,2019-09-06 18:39:24:111,-0.4632,-0.4346,9.6037,-0.0034,-0.0015,9.8066,-0.0091,-0.0238,-0.0136,1.94,-33.5,4.88,95.11,-87.01,-125.28
52.386166,-1.53443,148.91,0,3,302.2,20 / 21,1397529,2019-09-06 18:39:24:211,-0.3445,-0.265,9.7595,0.0048,-0.0003,9.8066,0.0102,-0.0091,0.0049,1.06,-33.44,5.06,85.4,-87.01,-125.59
52.386166,-1.53443,148.91,0,3,302.2,20 / 21,1397628,2019-09-06 18:39:24:310,-0.3434,-0.6032,9.7551,0.0009,-0.0011,9.8066,0.0296,0.0151,0.0273,1.38,-33.31,4.63,85.05,-87.03,-125.82
52.386166,-1.53443,148.91,0,3,302.2,20 / 21,1397728,2019-09-06 18:39:24:410,0.137,-0.0734,9.9996,-0.0016,0.0003,9.8066,-0.0156,-0.0146,-0.0218,1.44,-32.19,4.69,84.34,-86.98,-126.23
52.386166,-1.53443,148.91,0,3,302.2,20 / 21,1397828,2019-09-06 18:39:24:510,-0.175,-0.4378,9.9188,0.0028,0.0002,9.8066,0.0148,-0.0046,-0.0027,1.69,-32.31,4.94,93.43,-86.98,-126.6
52.386166,-1.53443,148.91,0,3,302.2,20 / 21,1397928,2019-09-06 18:39:24:610,0.0331,-0.1577,9.9313,-0.0016,-0.0011,9.8066,0.0192,0.0014,0.0209,1.38,-32.37,4.5,83.07,-86.99,-127.36
52.386166,-1.53443,148.91,0,3,302.2,20 / 21,1398028,2019-09-06 18:39:24:710,-0.4143,-0.5348,9.7059,-0.0046,-0.0008,9.8066,-0.0221,-0.019,-0.0196,1.25,-31.75,4.38,90.86,-86.93,-127.76
52.386166,-1.53443,148.91,0,3,302.2,20 / 21,1398129,2019-09-06 18:39:24:811,-0.3053,-0.4169,9.7046,0.0011,-0.0023,9.8066,-0.0026,0.0137,0.0125,1.44,-31.94,5.56,77.25,-86.93,-128.18
52.386166,-1.53443,148.91,0,3,302.2,20 / 21,1398229,2019-09-06 18:39:24:911,-0.1799,-0.2424,9.8063,0.0009,-0.0006,9.8066,0.0163,-0.0032,0.0242,1.38,-32.5,5.56,77.11,-86.95,-128.23
52.386166,-1.53443,148.91,0,3,302.2,20 / 21,1398328,2019-09-06 18:39:25:010,-0.0573,-0.3448,9.9575,-0.0022,-0.0025,9.8066,-0.0094,-0.0138,-0.0165,1.25,-32.69,4.69,82.85,-86.91,-128.77
52.386166,-1.53443,148.91,0,3,302.2,21 / 22,1398429,2019-09-06 18:39:25:111,-0.1473,-0.4246,9.864,-0.0006,-0.0016,9.8066,-0.0194,-0.0038,-0.0087,1.31,-33.06,4.31,90.65,-86.9,-129.08
52.386166,-1.53443,148.91,0,3,302.2,21 / 22,1398528,2019-09-06 18:39:25:210,0.0715,-0.0017,9.9641,-0.0003,-0.0005,9.8066,0.0191,0.0013,0.0201,0.81,-32.81,4.5,82.21,-86.93,-129.26
52.386166,-1.53443,148.91,0,3,302.2,21 / 22,1398629,2019-09-06 18:39:25:311,-0.0624,-0.3292,9.991,-0.0031,-0.0012,9.8066,-0.001,-0.0094,-0.0055,1.31,-32.31,4.19,89.38,-86.89,-129.55
52.386166,-1.53443,148.91,0,3,302.2,21 / 22,1398729,2019-09-06 18:39:25:411,-0.2156,-0.0696,9.8193,0.0002,-0.0015,9.8066,-0.0099,-0.0181,-0.0044,1.56,-32.12,4.38,99.35,-86.86,-129.96
52.386166,-1.53443,148.91,0,3,302.2,21 / 22,1398829,2019-09-06 18:39:25:511,-0.2364,-0.4036,9.8419,0.0012,-0.0025,9.8066,0.02,0.007,0.0255,1.31,-32.5,4.44,88.79,-86.89,-130.23
52.386166,-1.53443,148.91,0,3,302.2,21 / 22,1398928,2019-09-06 18:39:25:610,-0.3022,-0.3258,9.7876,-0.0036,-0.0015,9.8066,-0.0093,-0.0127,-0.0126,1.5,-32.75,4.63,90.89,-86.85,-130.59
52.386166,-1.53443,148.91,0,3,302.2,21 / 22,1399028,2019-09-06 18:39:25:710,-0.2245,-0.2266,9.8916,-0.0009,-0.0002,9.8066,-0.016,-0.0205,-0.0184,2,-32.75,4.31,99.68,-86.83,-130.63
52.386166,-1.53443,148.91,0,3,302.2,21 / 22,1399129,2019-09-06 18:39:25:811,-0.164,-0.4032,9.7898,0.0026,-0.0007,9.8066,0.0211,0.0215,0.0353,1.44,-33,5.06,81.13,-86.85,-130.82
52.386166,-1.53443,148.91,0,3,302.2,21 / 22,1399228,2019-09-06 18:39:25:910,0.0698,-0.0216,10.0045,-0.004,-0.0013,9.8066,-0.0053,-0.0187,-0.0039,1.94,-32.94,4.81,90.61,-86.83,-131.03
52.386166,-1.53443,148.91,0,3,302.2,21 / 22,1399328,2019-09-06 18:39:26:010,-0.1058,-0.4159,9.7931,0.0003,-0.0005,9.8066,0.0007,-0.01,-0.0146,1.31,-32.37,5,80.16,-86.81,-131.35
52.386166,-1.53443,148.91,0,3,302.2,21 / 22,1399430,2019-09-06 18:39:26:112,0.0602,-0.1432,9.9178,0.0037,-0.004,9.8066,0.0285,0.0037,0.034,1.19,-32.62,4.94,80.22,-86.82,-131.83
52.386166,-1.53443,148.91,0,3,302.2,21 / 22,1399529,2019-09-06 18:39:26:211,0.0759,-0.1706,10.0279,-0.0006,0.0013,9.8066,0.0028,-0.0307,-0.0198,2,-32.56,4.69,89.94,-86.79,-131.97
52.386166,-1.53443,148.91,0,3,302.2,21 / 22,1399629,2019-09-06 18:39:26:311,-0.1819,-0.3211,9.6259,0.0005,-0.0007,9.8066,-0.0102,-0.0066,-0.0103,1.81,-32.5,4.5,89.13,-86.77,-132.29
52.386166,-1.53443,148.91,0,3,302.2,21 / 22,1399729,2019-09-06 18:39:26:411,-0.1766,-0.2561,9.8873,-0.0015,-0.0028,9.8066,0.0101,0.0037,0.023,1.94,-32.75,4.75,89.26,-86.79,-132.67
52.386166,-1.53443,148.91,0,3,302.2,21 / 22,1399829,2019-09-06 18:39:26:511,-0.3826,-0.3038,9.768,-0.0024,0.0012,9.8066,-0.0014,-0.029,-0.0165,2.44,-32.94,4.06,98.24,-86.76,-132.76
52.386166,-1.53443,148.91,0,3,302.2,21 / 22,1399929,2019-09-06 18:39:26:611,-0.0016,-0.1768,10.0356,0.0028,-0.0015,9.8066,-0.0043,-0.0068,0.0067,2.94,-32.12,4.94,95.92,-86.75,-133.09
52.386166,-1.53443,148.91,0,3,302.2,21 / 22,1400029,2019-09-06 18:39:26:711,-0.1273,-0.358,9.8919,0.0001,-0.0001,9.8066,-0.0011,0.0081,-0.0192,2.88,-32,5.81,89.33,-86.73,-133.07
52.386166,-1.53443,148.91,0,3,302.2,21 / 22,1400128,2019-09-06 18:39:26:810,-0.1051,-0.1252,9.85,0.0022,-0.0006,9.8066,0.0183,0.0042,0.0211,1.25,-31.87,5.63,72.55,-86.74,-133.55
52.386166,-1.53443,148.91,0,3,302.2,21 / 22,1400228,2019-09-06 18:39:26:910,-0.1356,-0.4101,9.8133,-0.0015,-0.0003,9.8066,0.0061,-0.0246,-0.0079,0.75,-32.81,4.81,78.81,-86.73,-133.78
52.386166,-1.53443,148.91,0,3,302.2,21 / 22,1400329,2019-09-06 18:39:27:011,-0.0294,-0.0414,9.8733,-0.001,-0.0022,9.8066,-0.0151,-0.0014,-0.0198,0.69,-32.37,5,77.87,-86.71,-134.12
52.386166,-1.53443,148.91,0,3,302.2,20 / 22,1400429,2019-09-06 18:39:27:111,-0.0469,-0.2592,9.9376,-0.0003,0.0002,9.8066,0.0082,0.001,0.0224,0.94,-32.19,4.94,77.49,-86.73,-134.33
52.386166,-1.53443,148.91,0,3,302.2,20 / 22,1400529,2019-09-06 18:39:27:211,0.0272,-0.0263,9.8921,-0.0007,0.0014,9.8066,-0.0183,-0.0077,-0.0161,1.5,-33.06,4.75,88.16,-86.71,-134.23
52.386166,-1.53443,148.91,0,3,302.2,20 / 22,1400628,2019-09-06 18:39:27:310,-0.242,-0.3266,9.856,0.0007,-0.0004,9.8066,-0.006,0,-0.0021,1.75,-33.12,4.63,88.2,-86.69,-134.37
52.386166,-1.53443,148.91,0,3,302.2,20 / 22,1400729,2019-09-06 18:39:27:411,-0.1739,-0.244,9.7282,-0.0004,-0.0011,9.8066,0.0106,-0.0024,0.0239,1.69,-33.25,5.06,87.8,-86.7,-134.7
52.386166,-1.53443,148.91,0,3,302.2,20 / 22,1400829,2019-09-06 18:39:27:511,-0.1093,-0.262,9.9325,-0.0036,-0.0004,9.8066,-0.0119,-0.0079,-0.0192,1.88,-33.31,4.69,88.1,-86.67,-134.61
52.386166,-1.53443,148.91,0,3,302.2,20 / 22,1400929,2019-09-06 18:39:27:611,-0.0779,-0.2052,9.8271,-0.0009,-0.0015,9.8066,-0.0091,0.0051,-0.01,1.81,-33.44,5.25,87.98,-86.66,-134.8
52.386166,-1.53443,148.91,0,3,302.2,20 / 22,1401029,2019-09-06 18:39:27:711,0.0733,-0.0952,10.0144,0.0003,-0.0004,9.8066,0.023,-0.0116,0.0249,1.25,-33.06,4.5,77.86,-86.67,-135.06
52.386166,-1.53443,148.91,0,3,302.2,20 / 22,1401128,2019-09-06 18:39:27:810,-0.0263,-0.28,9.9175,-0.0047,-0.0018,9.8066,-0.0107,-0.0079,-0.0138,1.56,-32.62,4.63,87.74,-86.63,-135.2
52.386166,-1.53443,148.91,0,3,302.2,20 / 22,1401229,2019-09-06 18:39:27:911,-0.2965,-0.167,9.7972,0.0025,-0.0002,9.8066,-0.0019,-0.0071,0.0089,1.63,-32.62,4.31,96.92,-86.61,-135.36
52.386166,-1.53443,148.91,0,3,302.2,20 / 22,1401329,2019-09-06 18:39:28:011,-0.5147,-0.3526,9.6531,-0.0005,0.0002,9.8066,0.0223,-0.0168,0.0176,1.63,-32.94,4.88,87.55,-86.64,-135.33
52.386166,-1.53443,148.91,0,3,302.2,20 / 21,1401429,2019-09-06 18:39:28:111,-0.1256,-0.139,9.7814,-0.0014,-0.0015,9.8066,-0.0105,-0.0021,-0.0113,1.5,-33.5,4.81,87.6,-86.6,-135.57
52.386166,-1.53443,148.91,0,3,302.2,20 / 21,1401529,2019-09-06 18:39:28:211,0.0775,-0.264,9.9393,0,-0.0022,9.8066,0.0215,-0.0036,0.0213,1.31,-33.25,5.06,77.67,-86.6,-135.74
52.386166,-1.53443,148.91,0,3,302.2,20 / 21,1401628,2019-09-06 18:39:28:310,0.1863,-0.0025,9.9913,0.0011,0.0019,9.8066,0.0201,-0.0115,0.0038,1.5,-32.87,4.56,87.33,-86.6,-135.82
52.386166,-1.53443,148.91,0,3,302.2,20 / 21,1401729,2019-09-06 18:39:28:411,-0.3961,-0.474,9.6555,-0.0007,0,9.8066,-0.0278,0.0034,-0.0102,1,-32.87,4.88,77.72,-86.58,-135.82
52.386166,-1.53443,148.91,0,3,302.2,20 / 21,1401829,2019-09-06 18:39:28:511,-0.2064,-0.196,9.7543,0.0014,0.0001,9.8066,0.0211,-0.0051,0.0209,1.38,-32.44,4.75,76.48,-86.59,-136.15
52.386166,-1.53443,148.91,0,3,302.2,20 / 21,1401929,2019-09-06 18:39:28:611,-0.3588,-0.4563,9.7251,-0.0008,0.0002,9.8066,-0.0123,-0.003,-0.0104,1.38,-32.94,4.56,77.35,-86.58,-136.15
52.386166,-1.53443,148.91,0,3,302.2,20 / 21,1402029,2019-09-06 18:39:28:711,0.2187,0.0348,9.9928,0.0009,0.0001,9.8066,-0.0146,0.0049,-0.0087,1.81,-33.06,4.81,87.07,-86.55,-136.41
52.386166,-1.53443,148.91,0,3,302.2,20 / 21,1402128,2019-09-06 18:39:28:810,-0.1367,-0.3317,9.9446,0.0019,0.0004,9.8066,0.0123,-0.0045,0.0137,1.69,-33.5,4.94,86.77,-86.57,-136.55
52.386166,-1.53443,148.91,0,3,302.2,20 / 21,1402229,2019-09-06 18:39:28:911,0.138,-0.0739,9.9204,-0.0019,0.0005,9.8066,-0.0013,-0.0041,-0.0046,1.75,-33.19,5.56,79.79,-86.56,-136.63
52.386166,-1.53443,148.91,0,3,302.2,20 / 21,1402329,2019-09-06 18:39:29:011,-0.3772,-0.3665,9.7145,-0.0002,-0.0002,9.8066,-0.0141,-0.0142,0.0019,1.69,-33.25,5.13,86.76,-86.54,-136.77
52.386166,-1.53443,148.91,0,3,302.2,21 / 22,1402429,2019-09-06 18:39:29:111,0.0477,-0.2709,10.0307,0.0007,-0.001,9.8066,0.0243,-0.0084,0.024,1.88,-33.69,5.13,87.26,-86.55,-136.88
52.386166,-1.53443,148.91,0,3,302.2,21 / 22,1402528,2019-09-06 18:39:29:210,-0.2328,-0.0936,9.7485,-0.0034,-0.0004,9.8066,-0.0071,0.0064,-0.0092,1.69,-33.06,4.88,86.48,-86.53,-137.07
52.386166,-1.53443,148.91,0,3,302.2,21 / 22,1402629,2019-09-06 18:39:29:311,-0.4383,-0.3909,9.722,0.0001,-0.003,9.8066,-0.0116,-0.0054,0.0025,1.81,-33,5.69,79.09,-86.52,-137.51
52.386166,-1.53443,148.91,0,3,302.2,21 / 22,1402728,2019-09-06 18:39:29:410,-0.2141,-0.1288,9.7525,-0.0017,-0.0021,9.8066,0.0211,-0.0084,0.0218,1.5,-32.75,5.31,85.99,-86.53,-137.57
52.386166,-1.53443,148.91,0,3,302.2,21 / 22,1402828,2019-09-06 18:39:29:510,0.0131,-0.2585,9.9901,-0.0002,0.0003,9.8066,-0.0104,-0.0013,-0.0178,1.63,-32.5,4.88,85.4,-86.5,-137.65
52.386166,-1.53443,148.91,0,3,302.2,21 / 22,1402928,2019-09-06 18:39:29:610,0.1583,0.0252,9.9165,0.0019,-0.0026,9.8065,-0.0079,0.0035,0.0115,1.5,-32.94,5.31,85.69,-86.5,-138.04
52.386166,-1.53443,148.91,0,3,302.2,21 / 22,1403029,2019-09-06 18:39:29:711,0.2364,0.0613,10.0864,-0.001,0.0012,9.8066,0.0168,-0.0017,-0.0029,1.88,-32.62,5.19,85.55,-86.52,-138.06
52.386166,-1.53443,148.91,0,3,302.2,21 / 22,1403129,2019-09-06 18:39:29:811,0.08,-0.2383,9.9821,-0.0005,-0.0004,9.8066,-0.0142,-0.0008,-0.0195,1.06,-33.5,5.44,75.76,-86.49,-138.2
52.386166,-1.53443,148.91,0,3,302.2,21 / 22,1403228,2019-09-06 18:39:29:910,-0.1957,-0.1493,9.7683,-0.0051,-0.003,9.8066,0.0206,-0.0089,0.0246,1.44,-33.12,5.88,69.36,-86.48,-138.34
52.386166,-1.53443,148.91,0,3,302.2,21 / 22,1403329,2019-09-06 18:39:30:011,-0.2524,-0.1946,9.7984,0.0016,-0.0017,9.8066,-0.0083,-0.0077,-0.0176,1.5,-32.69,4.94,85.2,-86.49,-138.64
52.386166,-1.53443,148.91,0,3,302.2,20 / 21,1403428,2019-09-06 18:39:30:110,-0.1644,-0.0584,9.7906,-0.0006,-0.0006,9.8066,-0.0108,0.0043,-0.0069,1.81,-32.94,5,85.03,-86.5,-138.72
52.386166,-1.53443,148.91,0,3,302.2,20 / 21,1403528,2019-09-06 18:39:30:210,-0.1451,-0.1479,9.783,-0.0002,-0.0003,9.8066,-0.0031,-0.001,-0.0158,1.44,-33.19,5.13,75.25,-86.46,-138.85
52.386166,-1.53443,148.91,0,3,302.2,20 / 21,1403628,2019-09-06 18:39:30:310,0.1805,-0.2019,9.9712,0.0001,-0.0021,9.8066,-0.006,0.0031,0.0102,1.13,-32.75,5.38,74.99,-86.45,-139.14
52.386166,-1.53443,148.91,0,3,302.2,20 / 21,1403728,2019-09-06 18:39:30:410,0.1597,0.0906,10.0461,-0.0014,0.0007,9.8066,0.0087,-0.0113,-0.0008,1.31,-33.31,5.56,68.45,-86.48,-139.11
52.386166,-1.53443,148.91,0,3,302.2,20 / 21,1403829,2019-09-06 18:39:30:511,0.0154,-0.2949,9.9443,-0.0004,-0.0009,9.8066,-0.0121,-0.0022,-0.0196,1.56,-33.31,4.63,84.93,-86.45,-139.15
52.386166,-1.53443,148.91,0,3,302.2,20 / 21,1403929,2019-09-06 18:39:30:611,-0.2392,-0.1689,9.765,0.0037,0.0008,9.8066,0.0294,-0.0126,0.03,1.31,-32.62,4.88,74.44,-86.48,-139.46
52.386166,-1.53443,148.91,0,3,302.2,20 / 21,1404028,2019-09-06 18:39:30:710,-0.3866,-0.3774,9.7424,-0.0011,0.0007,9.8066,-0.0124,-0.0111,-0.0191,1.38,-33.62,4.38,85.16,-86.46,-139.45
52.386166,-1.53443,148.91,0,3,302.2,20 / 21,1404129,2019-09-06 18:39:30:811,-0.1598,-0.1033,9.7912,-0.0004,-0.0025,9.8066,-0.0189,0.0086,-0.0068,1.13,-33.12,4.56,74.52,-86.43,-139.69
52.386166,-1.53443,148.91,0,3,302.2,20 / 21,1404228,2019-09-06 18:39:30:910,-0.1773,-0.2646,9.9408,0.0021,-0.0006,9.8066,0.0203,-0.0048,0.0174,1.31,-32.75,4.25,83.49,-86.46,-140.01
52.386166,-1.53443,148.91,0,3,302.2,20 / 21,1404329,2019-09-06 18:39:31:011,0.1579,0.0358,9.913,-0.0026,-0.0014,9.8066,-0.0042,0.0035,-0.0153,1.69,-32.69,5.06,84.04,-86.43,-140.11
52.386166,-1.53443,148.91,0,3,302.2,21 / 22,1404429,2019-09-06 18:39:31:111,-0.3567,-0.3783,9.7368,-0.0005,-0.0012,9.8066,0.0021,-0.0021,0.0043,1.81,-32.62,4.56,83.92,-86.41,-140.37
52.386166,-1.53443,148.91,0,3,302.2,21 / 22,1404528,2019-09-06 18:39:31:210,-0.3471,-0.2314,9.6814,0.0005,-0.0005,9.8066,0.0278,-0.0004,0.0277,1.56,-32.69,4.94,83.53,-86.44,-140.57
52.386166,-1.53443,148.91,0,3,302.2,21 / 22,1404629,2019-09-06 18:39:31:311,-0.1734,-0.1944,9.8541,-0.0029,-0.0007,9.8066,0.0033,0.0045,-0.0027,1,-32,6.13,66.51,-86.42,-140.54
52.386166,-1.53443,148.91,0,3,302.2,21 / 22,1404729,2019-09-06 18:39:31:411,-0.1386,-0.4616,9.7215,0,-0.003,9.8066,-0.0272,-0.0139,-0.0094,-0.31,-31.69,6.19,55.71,-86.39,-140.46
52.386166,-1.53443,148.91,0,3,302.2,21 / 22,1404829,2019-09-06 18:39:31:511,0.1603,0.1957,10.0665,0.0021,0.0009,9.8066,0.0211,0.0053,0.0285,-1,-31.75,4.81,43.78,-86.42,-140.73
52.386166,-1.53443,148.91,0,3,302.2,21 / 22,1404929,2019-09-06 18:39:31:611,0.0794,-0.5043,9.8479,-0.0019,-0.0028,9.8066,-0.0164,-0.0149,-0.0117,0.06,-31.31,4.19,65.55,-86.38,-140.98
52.386166,-1.53443,148.91,0,3,302.2,21 / 22,1405028,2019-09-06 18:39:31:710,0.1333,0.0197,9.9033,-0.002,-0.0016,9.8066,-0.021,-0.0094,-0.0241,0.5,-32.12,3.38,97,-86.37,-140.95
52.386166,-1.53443,148.91,0,3,302.2,21 / 22,1405129,2019-09-06 18:39:31:811,-0.3377,-0.3827,9.7096,0.0014,0.0006,9.8066,0.0297,0.0161,0.0326,1.19,-32.62,4.25,82.69,-86.41,-141.23
52.386166,-1.53443,148.91,0,3,302.2,21 / 22,1405228,2019-09-06 18:39:31:910,-0.2339,-0.0439,9.6866,-0.0033,0,9.8066,0.0008,-0.0176,-0.0083,2.13,-32.44,4.81,82.54,-86.37,-141.24
52.386166,-1.53443,148.91,0,3,302.2,21 / 22,1405328,2019-09-06 18:39:32:010,-0.1059,-0.2266,9.9389,0.003,0,9.8066,0.0104,-0.0044,0.0007,1.81,-33.19,4.88,83.4,-86.34,-141.34
52.386166,-1.53443,148.91,0,3,302.2,21 / 22,1405429,2019-09-06 18:39:32:111,0.0403,-0.0943,9.9107,0.0003,-0.0027,9.8066,0.0254,0.0085,0.0334,1.56,-33.81,5,83.57,-86.38,-141.66
52.386166,-1.53443,148.91,0,3,302.2,21 / 22,1405529,2019-09-06 18:39:32:211,0.0667,-0.0514,9.9462,-0.0033,-0.0007,9.8066,-0.0187,-0.0232,-0.0261,1.13,-33.5,5.06,73,-86.33,-141.71
52.386166,-1.53443,148.91,0,3,302.2,21 / 22,1405628,2019-09-06 18:39:32:310,-0.2071,-0.4013,9.7843,0.0037,0.0011,9.8066,0.0049,-0.002,-0.0065,0.88,-32.94,4.31,82.64,-86.34,-141.94
52.386166,-1.53443,148.91,0,3,302.2,21 / 22,1405728,2019-09-06 18:39:32:410,-0.2486,-0.103,9.8212,0.0018,0.0011,9.8066,0.0225,-0.0039,0.0249,1.69,-32.62,4.94,82.31,-86.35,-142.28
52.386166,-1.53443,148.91,0,3,302.2,21 / 22,1405829,2019-09-06 18:39:32:511,-0.2866,-0.2805,9.8047,-0.0032,0.0017,9.8066,-0.0197,-0.0127,-0.0228,1.56,-32.69,4,92.75,-86.32,-142.14
52.386166,-1.53443,148.91,0,3,302.2,21 / 22,1405928,2019-09-06 18:39:32:610,-0.0789,0.0211,9.8154,-0.0014,-0.0032,9.8066,-0.0179,0.0048,-0.0006,1.63,-32.37,4.31,91.84,-86.31,-142.2
52.386166,-1.53443,148.91,0,3,302.2,21 / 22,1406029,2019-09-06 18:39:32:711,-0.0858,-0.2372,9.9378,0.0037,0.0015,9.8066,0.0315,-0.0044,0.028,1.63,-32.37,4.56,81.36,-86.34,-142.56
52.386166,-1.53443,148.91,0,3,302.2,21 / 22,1406129,2019-09-06 18:39:32:811,0.0359,-0.0169,9.8779,-0.0028,-0.0004,9.8066,-0.0078,-0.0038,-0.0211,1.13,-32.87,4.56,72.32,-86.3,-142.54
52.386166,-1.53443,148.91,0,3,302.2,21 / 22,1406228,2019-09-06 18:39:32:910,0.045,-0.0054,9.9669,-0.0004,-0.0008,9.8066,-0.0302,-0.0019,-0.0157,1.69,-33.19,4.63,82.28,-86.28,-142.77
52.386166,-1.53443,148.91,0,3,302.2,21 / 22,1406329,2019-09-06 18:39:33:011,-0.2199,-0.16,9.74,-0.0016,-0.0035,9.8066,0.0193,0.003,0.0235,1.44,-33.06,4.81,71.46,-86.31,-143.18
52.386166,-1.53443,148.91,0,3,302.2,19 / 21,1406429,2019-09-06 18:39:33:111,-0.131,-0.1354,9.902,-0.0029,-0.0013,9.8065,-0.0323,-0.0044,-0.0182,1.69,-33.5,4.88,81.82,-86.29,-143.16
52.386166,-1.53443,148.91,0,3,302.2,19 / 21,1406529,2019-09-06 18:39:33:211,-0.0239,-0.1385,9.8563,0.0015,-0.0006,9.8066,0.0017,-0.0116,0.0003,1.56,-33.19,4.69,81.81,-86.28,-143.27
52.386166,-1.53443,148.91,0,3,302.2,19 / 21,1406629,2019-09-06 18:39:33:311,0.2173,0.0232,10.049,-0.0009,-0.0019,9.8066,0.0064,-0.0011,0.0244,1.81,-32.69,5.38,81.58,-86.28,-143.42
52.386166,-1.53443,148.91,0,3,302.2,19 / 21,1406729,2019-09-06 18:39:33:411,-0.0873,-0.2351,9.8763,-0.0041,-0.0023,9.8066,-0.0184,-0.0084,-0.0199,0.69,-32.69,4.81,71.64,-86.26,-143.41
52.386166,-1.53443,148.91,0,3,302.2,19 / 21,1406828,2019-09-06 18:39:33:510,0.0255,0.0576,9.8563,0.0021,-0.0014,9.8066,-0.0141,-0.0189,-0.0073,1.56,-32.56,4.81,81.54,-86.25,-143.68
52.386166,-1.53443,148.91,0,3,302.2,19 / 21,1406929,2019-09-06 18:39:33:611,-0.255,-0.3707,9.7633,0.0007,0.0008,9.8066,0.0381,0.006,0.0289,1.13,-33.62,5.38,71.92,-86.27,-143.81
52.386166,-1.53443,148.91,0,3,302.2,19 / 21,1407028,2019-09-06 18:39:33:710,-0.0355,-0.0253,9.8187,-0.0032,-0.0037,9.8066,-0.0206,-0.0128,-0.0078,1.13,-33.06,4.94,71.27,-86.23,-143.91
52.386166,-1.53443,148.91,0,3,302.2,19 / 21,1407129,2019-09-06 18:39:33:811,-0.1133,-0.1402,9.8934,0.0008,-0.0007,9.8066,-0.0029,0.0037,-0.0035,1.19,-33,5.38,71.21,-86.22,-144
52.386166,-1.53443,148.91,0,3,302.2,19 / 21,1407229,2019-09-06 18:39:33:911,-0.0173,-0.2772,9.8398,0.003,-0.0005,9.8066,0.0194,0.0033,0.0259,1.75,-32.94,5.31,80.9,-86.25,-144.29
52.386166,-1.53443,148.91,0,3,302.2,19 / 21,1407328,2019-09-06 18:39:34:010,0.1522,0.0005,9.9564,-0.0005,0.0005,9.8066,0.0058,-0.0127,-0.0145,1.31,-32.75,5.13,70.71,-86.23,-144.36
52.386166,-1.53443,148.91,0,3,302.2,19 / 20,1407429,2019-09-06 18:39:34:111,0.2126,0.0965,10.0595,0.0001,-0.0009,9.8066,-0.013,0.0028,-0.0112,1,-32.94,4.63,70.79,-86.2,-144.49
52.386166,-1.53443,148.91,0,3,302.2,19 / 20,1407528,2019-09-06 18:39:34:210,-0.0101,-0.1512,9.9614,0.0007,0.0004,9.8066,0.0128,-0.0028,0.0207,1.5,-32.62,5.06,80.74,-86.22,-144.66
52.386166,-1.53443,148.91,0,3,302.2,19 / 20,1407628,2019-09-06 18:39:34:310,-0.1524,-0.0302,9.734,0.0005,0.0013,9.8066,0.0216,-0.0155,-0.0032,1.38,-32.87,5.06,70.59,-86.23,-144.5
52.386166,-1.53443,148.91,0,3,302.2,19 / 20,1407728,2019-09-06 18:39:34:410,-0.3337,-0.3156,9.7879,-0.0004,-0.0007,9.8066,-0.0114,-0.0174,-0.0099,1.5,-33.31,5.13,80.96,-86.18,-144.67
52.386166,-1.53443,148.91,0,3,302.2,19 / 20,1407828,2019-09-06 18:39:34:510,-0.1244,-0.2224,9.8972,0.0008,-0.001,9.8066,0.0074,-0.0023,0.0216,1.94,-33.62,4.69,81.58,-86.19,-144.82
52.386166,-1.53443,148.91,0,3,302.2,19 / 20,1407930,2019-09-06 18:39:34:612,-0.0166,0.1024,9.8228,-0.002,-0.0003,9.8066,0.0012,-0.0001,-0.0027,1.5,-33.06,4.88,80.64,-86.21,-144.82
52.386166,-1.53443,148.91,0,3,302.2,19 / 20,1408029,2019-09-06 18:39:34:711,-0.2228,-0.102,9.7559,0,0.0011,9.8065,-0.0197,-0.0218,-0.0275,1.25,-33.44,4.69,70.61,-86.17,-144.83
52.386166,-1.53443,148.91,0,3,302.2,19 / 20,1408128,2019-09-06 18:39:34:810,-0.5369,-0.2347,9.6724,0.0028,-0.0018,9.8066,0.0256,0.0083,0.0283,1.63,-32.56,4.38,90.77,-86.2,-145.15
52.386166,-1.53443,148.91,0,3,302.2,19 / 20,1408228,2019-09-06 18:39:34:910,-0.1057,-0.0145,9.7384,-0.0022,-0.003,9.8066,-0.0007,0.0034,0.0152,1.19,-32.87,4.75,69.83,-86.18,-145.44
52.386166,-1.53443,148.91,0,3,302.2,19 / 20,1408329,2019-09-06 18:39:35:011,-0.3621,-0.3002,9.7266,-0.003,-0.0012,9.8066,-0.0307,0.006,-0.03,1.38,-33.12,5,70.16,-86.17,-145.21
52.386166,-1.53443,148.91,0,3,302.2,19 / 20,1408428,2019-09-06 18:39:35:110,0.1493,-0.0275,9.9577,0.0025,-0.0008,9.8066,0.0025,0.0116,0.0138,0.56,-33.19,4.88,69.83,-86.18,-145.42
52.386166,-1.53443,148.91,0,3,302.2,19 / 20,1408529,2019-09-06 18:39:35:211,0.1639,0.096,10.1184,-0.0002,0.0001,9.8066,0.018,-0.0186,0.0083,1.19,-32.69,5.5,62.91,-86.19,-145.37
52.386166,-1.53443,148.91,0,3,302.2,19 / 20,1408629,2019-09-06 18:39:35:311,0.0313,-0.158,9.956,-0.0041,-0.0012,9.8066,-0.0189,-0.0043,-0.0236,1.69,-33.12,5,80.46,-86.15,-145.35
52.386166,-1.53443,148.91,0,3,302.2,19 / 20,1408729,2019-09-06 18:39:35:411,-0.1257,-0.0105,9.7811,0.001,-0.0008,9.8066,-0.0063,-0.0019,0.0136,1.19,-33.44,5.19,70.06,-86.15,-145.46
52.386166,-1.53443,148.91,0,3,302.2,19 / 20,1408829,2019-09-06 18:39:35:511,-0.3159,-0.3731,9.6705,0.001,0.0003,9.8066,0.0291,0.0007,0.0214,1.56,-32.75,4.88,80.12,-86.18,-145.49
52.386166,-1.53443,148.91,0,3,302.2,19 / 20,1408929,2019-09-06 18:39:35:611,-0.1227,-0.2576,9.8255,-0.0016,0.0006,9.8066,-0.0096,-0.0116,-0.0185,1.63,-32.56,5,80.29,-86.15,-145.54
52.386166,-1.53443,148.91,0,3,302.2,19 / 20,1409028,2019-09-06 18:39:35:710,0.1599,-0.0528,9.9178,0,-0.0016,9.8066,-0.0125,-0.0092,-0.0023,1.5,-33.81,4.44,91.93,-86.13,-145.6
52.386166,-1.53443,148.91,0,3,302.2,19 / 20,1409129,2019-09-06 18:39:35:811,0.0351,0.0137,9.9685,-0.0006,-0.001,9.8066,0.0104,0.0124,0.0143,0.69,-33.37,4.38,80.34,-86.15,-145.83
52.386166,-1.53443,148.91,0,3,302.2,19 / 20,1409228,2019-09-06 18:39:35:910,-0.3619,-0.1734,9.6929,-0.0032,0.0004,9.8066,-0.0076,-0.0126,-0.0154,1.44,-33.25,4.31,80.64,-86.12,-145.75
52.386166,-1.53443,148.91,0,3,302.2,19 / 20,1409329,2019-09-06 18:39:36:011,-0.0266,0.0236,9.7941,-0.0124,0.0023,9.8066,0.3364,0.0902,-0.0386,1.44,-34.06,4.88,71.21,-85.93,-146.8
52.386166,-1.53443,148.91,0,3,302.2,19 / 20,1409428,2019-09-06 18:39:36:110,-0.3022,-0.181,9.7237,-0.0353,-0.0412,9.8064,0.2414,0.0154,0.0206,0.75,-34.37,5.25,69.27,-85.04,-154.84
52.386166,-1.53443,148.91,0,3,302.2,19 / 20,1409529,2019-09-06 18:39:36:211,0.504,0.3694,10.0699,0.0258,0.0372,9.8065,-0.017,0.0571,-0.0268,0.94,-33.44,4.81,70.69,-84.6,-155.96
52.386166,-1.53443,148.91,0,3,302.2,19 / 20,1409629,2019-09-06 18:39:36:311,0.1118,-0.1286,9.8757,-0.0011,-0.0103,9.8066,0.0326,-0.0101,0.0243,1.06,-33.62,5,72.22,-85,-152.92
52.386166,-1.53443,148.91,0,3,302.2,19 / 20,1409728,2019-09-06 18:39:36:410,0.1691,0.1336,9.7971,-0.0028,-0.0012,9.8066,-0.0058,0.0012,0.0042,0.75,-32.44,4.94,69.29,-84.98,-153.12
52.386166,-1.53443,148.91,0,3,302.2,19 / 20,1409829,2019-09-06 18:39:36:511,-0.0427,-0.1524,9.7848,0.0118,0.0061,9.8066,-0.1186,0.0604,0.0096,-0.12,-32.81,5.19,54.87,-85.03,-153.17
52.386166,-1.53443,148.91,0,3,302.2,19 / 20,1409929,2019-09-06 18:39:36:611,0.1123,0.1582,9.7975,-0.0086,-0.0098,9.8066,0.0873,-0.0074,0.03,0.56,-32.62,5.13,71.29,-84.73,-154.53
52.386166,-1.53443,148.91,0,3,302.2,19 / 20,1410030,2019-09-06 18:39:36:712,0.0873,-0.1043,9.8903,-0.0186,-0.0032,9.8066,-0.0087,0.0191,-0.0137,1.25,-32.69,5.81,61.93,-84.45,-155.35
52.386166,-1.53443,148.91,0,3,302.2,19 / 20,1410128,2019-09-06 18:39:36:810,0.3807,0.09,9.9006,0.0104,0.0157,9.8065,-0.0172,0.002,0.022,0.75,-33,5.06,75.24,-84.42,-153.79
52.386166,-1.53443,148.91,0,3,302.2,19 / 20,1410228,2019-09-06 18:39:36:910,0.3739,0.4087,9.947,0.005,-0.0036,9.8066,0.0124,0.0091,0.0232,0.63,-33.69,5.25,77.33,-84.5,-152.79
52.386166,-1.53443,148.91,0,3,302.2,19 / 20,1410329,2019-09-06 18:39:37:011,0.0447,-0.1207,9.7209,-0.0026,0.0001,9.8066,0.0046,-0.0075,0.0018,1,-33.31,5.13,75.79,-84.49,-152.79
52.386166,-1.53443,148.91,0,3,302.2,19 / 20,1410429,2019-09-06 18:39:37:111,0.1448,0.1095,9.7322,-0.002,0.0021,9.8065,-0.0249,-0.0085,-0.0105,1,-32.31,4.75,74.44,-84.48,-152.66
52.386166,-1.53443,148.91,0,3,302.2,19 / 20,1410528,2019-09-06 18:39:37:210,0.176,0.0918,9.8866,0.0004,-0.0007,9.8066,0.0098,-0.0072,0.0093,0.94,-32.19,4.75,74.31,-84.49,-152.7
52.386166,-1.53443,148.91,0,3,302.2,19 / 20,1410628,2019-09-06 18:39:37:310,-0.1537,-0.1636,9.7323,-0.0011,-0.0022,9.8066,0.0152,0.0088,0.0213,1,-32.75,5.13,75.67,-84.49,-152.95
52.386166,-1.53443,148.91,0,3,302.2,19 / 20,1410728,2019-09-06 18:39:37:410,0.5362,0.3239,9.9649,-0.0053,-0.001,9.8066,-0.0231,-0.0245,-0.018,0.81,-32.69,4.81,76.08,-84.45,-152.9
52.386166,-1.53443,148.91,0,3,302.2,19 / 20,1410829,2019-09-06 18:39:37:511,0.2709,0.0045,9.9398,0.0015,0.0001,9.8066,-0.0007,-0.0021,-0.0002,1,-32.81,4.25,91.99,-84.46,-152.93
52.386166,-1.53443,148.91,0,3,302.2,19 / 20,1410929,2019-09-06 18:39:37:611,0.2227,-0.0427,9.9019,0.0019,0.0001,9.8066,0.0131,-0.0043,0.0084,1.19,-33.44,5.31,75.7,-84.47,-153.08
52.386166,-1.53443,148.91,0,3,302.2,19 / 20,1411029,2019-09-06 18:39:37:711,0.4679,0.2908,9.9718,-0.0004,-0.001,9.8066,0.0093,0.0118,0.0115,1,-33.31,5,75.65,-84.46,-153.13
52.386166,-1.53443,148.91,0,3,302.2,19 / 20,1411128,2019-09-06 18:39:37:810,0.1412,-0.0708,9.8995,-0.0037,-0.0007,9.8066,-0.0244,-0.0263,-0.0129,1.25,-32.94,4.75,75.59,-84.47,-153.11
52.386166,-1.53443,148.91,0,3,302.2,19 / 20,1411228,2019-09-06 18:39:37:910,0.2961,0.088,9.8596,-0.0005,-0.0003,9.8066,-0.009,-0.0058,-0.0171,0.81,-32.87,4.88,75.87,-84.45,-153.09
52.386166,-1.53443,148.91,0,3,302.2,19 / 20,1411329,2019-09-06 18:39:38:011,-0.264,-0.187,9.7014,0.0045,0.0019,9.8066,0.046,0.0063,0.0372,1.38,-32.19,4.88,73.72,-84.49,-153.2
52.386166,-1.53443,148.91,0,3,302.2,19 / 21,1411429,2019-09-06 18:39:38:111,0.0298,0.0386,9.7367,-0.0043,0,9.8066,-0.0197,-0.0235,-0.0088,1.06,-32.87,5.19,75.8,-84.45,-153.13
52.386166,-1.53443,148.91,0,3,302.2,19 / 21,1411529,2019-09-06 18:39:38:211,-0.0265,0.1007,9.6282,0.0014,-0.0026,9.8066,-0.005,0.0025,-0.0086,2.06,-33.25,4.81,85.01,-84.45,-153.21
52.386166,-1.53443,148.91,0,3,302.2,19 / 21,1411628,2019-09-06 18:39:38:310,-0.1192,-0.0411,9.7424,0.0038,0,9.8066,0.0379,0.0112,0.0365,0.88,-33.56,4.75,76.73,-84.49,-153.39
52.386166,-1.53443,148.91,0,3,302.2,19 / 21,1411729,2019-09-06 18:39:38:411,0.4946,0.2121,9.9949,-0.0014,0.0004,9.8066,-0.0088,-0.024,-0.019,0.94,-33.37,5.19,75.25,-84.47,-153.43
52.386166,-1.53443,148.91,0,3,302.2,19 / 21,1411828,2019-09-06 18:39:38:510,0.4505,0.1644,10.0589,0.0003,-0.0012,9.8066,-0.0131,0.0082,-0.0126,1.56,-32.44,4.94,83.43,-84.44,-153.45
52.386166,-1.53443,148.91,0,3,302.2,19 / 21,1411932,2019-09-06 18:39:38:614,0.0826,0.1406,9.69,0.0024,0.0011,9.8066,0.0207,-0.0041,0.0302,1.31,-33,5.19,74.86,-84.49,-153.57
52.386166,-1.53443,148.91,0,3,302.2,19 / 21,1412029,2019-09-06 18:39:38:711,-0.329,-0.1072,9.6792,-0.0029,0.0029,9.8066,-0.0402,-0.0091,-0.0332,1,-32.69,4.63,75.33,-84.47,-153.37
52.386166,-1.53443,148.91,0,3,302.2,19 / 21,1412129,2019-09-06 18:39:38:811,-0.0917,-0.0377,9.6858,0.0024,-0.0014,9.8066,0.0104,0.0104,0.0041,1,-32.69,5.19,75.22,-84.47,-153.46
52.386166,-1.53443,148.91,0,3,302.2,19 / 21,1412229,2019-09-06 18:39:38:911,0.0546,0.1809,9.8002,0.0012,-0.0005,9.8066,0.0245,-0.0031,0.0318,0.75,-32.56,5.19,74.83,-84.49,-153.62
52.386166,-1.53443,148.91,0,3,302.2,19 / 21,1412329,2019-09-06 18:39:39:011,0.3728,-0.0402,9.9426,-0.0036,0.0018,9.8066,-0.0189,-0.0164,-0.0241,1.5,-32.5,5.31,83.16,-84.47,-153.54
52.386166,-1.53443,148.91,0,3,302.2,19 / 21,1412428,2019-09-06 18:39:39:110,0.6907,0.3047,10.0904,-0.0001,-0.003,9.8066,-0.0206,0.0074,-0.0102,1,-33.12,4.94,75.42,-84.45,-153.45
52.386166,-1.53443,148.91,0,3,302.2,19 / 21,1412529,2019-09-06 18:39:39:211,0.2218,-0.0094,9.9449,0.0006,0.0004,9.8066,0.0173,-0.0103,0.0184,0.81,-32.94,5.06,75.03,-84.48,-153.51
52.386166,-1.53443,148.91,0,3,302.2,19 / 21,1412629,2019-09-06 18:39:39:311,0.1591,0.1954,9.7155,-0.0008,0.0014,9.8066,-0.0065,-0.0062,-0.0151,0.94,-33.31,4.94,75.26,-84.46,-153.46
52.386166,-1.53443,148.91,0,3,302.2,19 / 21,1412728,2019-09-06 18:39:39:410,-0.2006,-0.2119,9.7305,0.0019,-0.0008,9.8066,-0.0024,-0.0078,0.0062,0.44,-32.62,5.13,60.74,-84.44,-153.45
52.386166,-1.53443,148.91,0,3,302.2,19 / 21,1412829,2019-09-06 18:39:39:511,0.5375,0.299,10.0103,-0.001,-0.001,9.8066,0.0192,-0.0059,0.0114,0.56,-32.62,4.94,75.09,-84.47,-153.52
52.386166,-1.53443,148.91,0,3,302.2,19 / 21,1412928,2019-09-06 18:39:39:610,0.4218,0.0425,10.014,-0.0033,0.0002,9.8066,-0.0303,0.0039,-0.0215,1.06,-32.75,4.5,75.49,-84.44,-153.48
52.386166,-1.53443,148.91,0,3,302.2,19 / 21,1413028,2019-09-06 18:39:39:710,0.443,0.0281,9.8726,0.0027,-0.0022,9.8066,-0.006,-0.0082,0.0026,1,-33.19,4.19,91.47,-84.45,-153.58
52.386166,-1.53443,148.91,0,3,302.2,19 / 21,1413129,2019-09-06 18:39:39:811,0.3881,0.0772,9.9757,0.0017,0.0017,9.8066,0.0307,0.002,0.0163,0.69,-32.5,4.81,73.14,-84.49,-153.65
52.386166,-1.53443,148.91,0,3,302.2,19 / 21,1413228,2019-09-06 18:39:39:910,0.077,0.1953,9.7486,-0.0023,-0.0002,9.8066,-0.0219,-0.0041,-0.0232,1.13,-33.69,4.75,76.92,-84.45,-153.56
52.386166,-1.53443,148.91,0,3,302.2,19 / 21,1413329,2019-09-06 18:39:40:011,0.1146,0.0917,9.8703,0.0029,-0.001,9.8065,0.0149,-0.0055,0.0221,1.19,-33.5,4.88,74.97,-84.47,-153.66
52.386166,-1.53443,148.91,0,3,302.2,20 / 21,1413428,2019-09-06 18:39:40:110,0.2764,0.2051,9.8823,0.0008,0.0021,9.8066,0.0193,-0.0181,0.0116,1.44,-33.31,5.5,63.83,-84.5,-153.69
52.386166,-1.53443,148.91,0,3,302.2,20 / 21,1413528,2019-09-06 18:39:40:210,0.2243,-0.0491,9.8998,0.0017,0.0004,9.8066,-0.0103,0.0062,-0.0133,0.88,-33.06,4.81,75.06,-84.47,-153.58
52.386166,-1.53443,148.91,0,3,302.2,20 / 21,1413629,2019-09-06 18:39:40:311,0.0787,0.0916,9.729,0.0051,0.001,9.8066,0.0228,-0.0037,0.025,1.31,-33.12,5,74.55,-84.5,-153.75
52.386166,-1.53443,148.91,0,3,302.2,20 / 21,1413728,2019-09-06 18:39:40:410,-0.1018,-0.0017,9.7545,-0.0043,-0.0014,9.8066,-0.0242,-0.0133,-0.0189,1.94,-32.56,4.81,84.16,-84.48,-153.77
52.386166,-1.53443,148.91,0,3,302.2,20 / 21,1413828,2019-09-06 18:39:40:510,0.3286,0.129,9.9185,0.0006,-0.0006,9.8066,-0.0065,0.0211,-0.008,1.5,-32.19,4.5,82.73,-84.49,-153.74
52.386166,-1.53443,148.91,0,3,302.2,20 / 21,1413928,2019-09-06 18:39:40:610,0.4001,0.137,10.0754,-0.0018,-0.0016,9.8066,0.0026,-0.0122,0.0106,0.94,-32.44,5.19,72.4,-84.52,-153.96
52.386166,-1.53443,148.91,0,3,302.2,20 / 21,1414029,2019-09-06 18:39:40:711,0.1456,-0.0093,9.9129,-0.0034,-0.0014,9.8066,-0.0162,-0.0114,-0.0155,1,-33.25,4.88,74.38,-84.49,-153.94
52.386166,-1.53443,148.91,0,3,302.2,20 / 21,1414128,2019-09-06 18:39:40:810,0.4857,0.2474,9.9938,0.0051,-0.0003,9.8066,0.021,0.0072,0.0265,0.88,-32.87,4.63,73.97,-84.52,-154.01
52.386166,-1.53443,148.91,0,3,302.2,20 / 21,1414229,2019-09-06 18:39:40:911,-0.0175,-0.0675,9.7192,-0.0021,-0.0006,9.8066,-0.0046,-0.0235,-0.019,0.75,-33.37,5.06,74.01,-84.52,-154.01
52.386166,-1.53443,148.91,0,3,302.2,20 / 21,1414329,2019-09-06 18:39:41:011,0.03,0.088,9.6437,0,-0.0006,9.8066,-0.0071,0.0097,-0.0181,1.06,-32.87,5.44,74.16,-84.51,-153.99
52.386166,-1.53443,148.91,0,3,302.2,19 / 21,1414428,2019-09-06 18:39:41:110,-0.1855,-0.1446,9.7535,0.0041,-0.0011,9.8066,0.034,0.0042,0.031,0.88,-32.81,4.75,73.47,-84.55,-154.21
52.386166,-1.53443,148.91,0,3,302.2,19 / 21,1414529,2019-09-06 18:39:41:211,0.3744,0.1674,10.0045,-0.0009,0.0017,9.8066,-0.0013,-0.0245,-0.0142,0.75,-32.69,5.19,73.74,-84.53,-154.12
52.386166,-1.53443,148.91,0,3,302.2,19 / 21,1414629,2019-09-06 18:39:41:311,0.3622,-0.0598,10.057,0.0007,0.0002,9.8066,-0.0098,-0.0066,-0.0167,1.38,-32.44,4.31,88.3,-84.51,-153.94
52.386166,-1.53443,148.91,0,3,302.2,19 / 21,1414729,2019-09-06 18:39:41:411,0.4088,0.0981,9.904,-0.0007,-0.0022,9.8066,0.0086,0.0031,0.0205,0.94,-32.69,4.81,73.32,-84.55,-154.3
52.386166,-1.53443,148.91,0,3,302.2,19 / 21,1414829,2019-09-06 18:39:41:511,-0.1764,-0.0582,9.7064,-0.001,0.0025,9.8066,-0.0268,-0.0107,-0.0261,1.69,-33.25,4.5,83.26,-84.54,-154.15
52.386166,-1.53443,148.91,0,3,302.2,19 / 21,1414929,2019-09-06 18:39:41:611,0.1992,0.2814,9.7714,0.0027,-0.0012,9.8066,0.0164,0.0128,0.0146,1.25,-33.5,5.13,73.51,-84.55,-154.15
52.386166,-1.53443,148.91,0,3,302.2,19 / 21,1415029,2019-09-06 18:39:41:711,0.085,0.0995,9.8914,0.0021,0.0014,9.8066,0.0156,0.0029,0.0229,0.56,-33.5,4.56,73.23,-84.57,-154.18
52.386166,-1.53443,148.91,0,3,302.2,19 / 21,1415129,2019-09-06 18:39:41:811,0.302,0.2253,9.8892,-0.0019,-0.0015,9.8065,-0.025,-0.0186,-0.0156,1.19,-33.5,4.69,73.71,-84.55,-154
52.386166,-1.53443,148.91,0,3,302.2,19 / 21,1415229,2019-09-06 18:39:41:911,0.1685,-0.1205,9.8021,0.0017,-0.0031,9.8066,0.006,0.006,0.0128,1.44,-32.06,4.88,71.54,-84.58,-154.2
52.386166,-1.53443,148.91,0,3,302.2,19 / 21,1415329,2019-09-06 18:39:42:011,0.1192,0.188,9.9018,-0.0015,0.0019,9.8066,-0.0027,0.0049,-0.0029,0.75,-32.44,4.63,71.53,-84.58,-154.2
52.386166,-1.53443,148.91,0,3,302.2,19 / 21,1415429,2019-09-06 18:39:42:111,0.1268,0.0597,9.9201,0.0016,0.0014,9.8066,0.001,-0.0166,0.0028,1.06,-33.37,5.13,73.41,-84.57,-154.1
52.386166,-1.53443,148.91,0,3,302.2,19 / 21,1415529,2019-09-06 18:39:42:211,0.4704,0.2789,10.0248,0.004,0.0007,9.8065,0.0363,-0.0021,0.0216,0.81,-33.25,5.13,72.73,-84.62,-154.25
52.386166,-1.53443,148.91,0,3,302.2,19 / 21,1415629,2019-09-06 18:39:42:311,0.2552,-0.0232,10.029,-0.0048,-0.0025,9.8066,-0.0173,-0.0033,-0.015,1.19,-33.06,4.75,72.97,-84.58,-154.34
52.386166,-1.53443,148.91,0,3,302.2,19 / 21,1415728,2019-09-06 18:39:42:410,0.1408,0.174,9.7241,0.0027,0.0002,9.8066,0.006,-0.0058,0.0144,0.63,-33.5,4.81,72.8,-84.59,-154.39
52.386166,-1.53443,148.91,0,3,302.2,19 / 21,1415829,2019-09-06 18:39:42:511,-0.2212,-0.0649,9.8068,0.0017,0.0012,9.8066,0.0207,-0.0102,0.0139,1.19,-33.81,5.25,74.02,-84.63,-154.36
52.386166,-1.53443,148.91,0,3,302.2,19 / 21,1415929,2019-09-06 18:39:42:611,0.1284,0.2295,9.7186,0.0006,0.001,9.8066,-0.0145,0.0021,-0.0143,1.31,-32.81,4.69,72.62,-84.63,-154.24
52.386166,-1.53443,148.91,0,3,302.2,19 / 21,1416029,2019-09-06 18:39:42:711,0.3249,-0.0452,9.9629,0.003,0.0001,9.8066,0.0201,-0.0106,0.0138,1.06,-32.56,5.19,72.26,-84.65,-154.35
52.386166,-1.53443,148.91,0,3,302.2,19 / 21,1416128,2019-09-06 18:39:42:810,0.3686,0.2594,9.9503,-0.0025,-0.0006,9.8066,-0.0111,-0.0041,-0.0075,1,-32.62,4.38,88.08,-84.66,-154.34
52.386166,-1.53443,148.91,0,3,302.2,19 / 21,1416228,2019-09-06 18:39:42:910,0.3726,0.0272,9.9304,0.0024,0.0016,9.8066,-0.0226,0.0067,-0.0168,1.25,-32.81,4.06,88.09,-84.67,-154.2
52.386166,-1.53443,148.91,0,3,302.2,19 / 21,1416329,2019-09-06 18:39:43:011,0.0345,0.1117,9.7101,0.0018,-0.0006,9.8066,0.0309,-0.0029,0.0253,1.13,-33.12,4.69,71.8,-84.7,-154.31
52.386166,-1.53443,148.91,0,3,302.2,19 / 20,1416429,2019-09-06 18:39:43:111,0.2122,0.1192,9.9798,-0.0024,0.0002,9.8066,-0.01,-0.0028,-0.0105,0.88,-33.06,5.06,71.88,-84.71,-154.24
52.386166,-1.53443,148.91,0,3,302.2,19 / 20,1416529,2019-09-06 18:39:43:211,-0.1575,-0.0581,9.7176,0.0021,0.0005,9.8066,-0.0025,-0.0098,0.0039,1.19,-33.31,5.06,71.83,-84.73,-154.13
52.386166,-1.53443,148.91,0,3,302.2,19 / 20,1416629,2019-09-06 18:39:43:311,-0.0156,0.122,9.9963,-0.0007,-0.0014,9.8066,0.0142,-0.0082,0.0281,1,-33.31,4.13,87.28,-84.74,-154.18
52.386166,-1.53443,148.91,0,3,302.2,19 / 20,1416729,2019-09-06 18:39:43:411,0.3161,0.0796,10.0727,-0.0033,0.0003,9.8066,-0.0227,0.005,-0.0268,1.19,-32.94,5.06,72.14,-84.72,-153.95
52.386166,-1.53443,148.91,0,3,302.2,19 / 20,1416828,2019-09-06 18:39:43:510,0.263,0.1747,9.8882,0.0061,-0.0001,9.8066,0.0129,-0.0164,0.0096,1.13,-32.94,4.38,87.16,-84.74,-154.24
52.386166,-1.53443,148.91,0,3,302.2,19 / 20,1416928,2019-09-06 18:39:43:610,0.269,-0.0765,9.849,0.0024,0.0008,9.8066,0.0188,-0.0165,0.0032,1,-33,4.38,86.65,-84.77,-154.34
52.386166,-1.53443,148.91,0,3,302.2,19 / 20,1417031,2019-09-06 18:39:43:713,0.0615,0.205,9.7751,-0.004,-0.0008,9.8066,-0.0148,-0.0023,-0.0239,1.25,-32.75,4.63,71.35,-84.76,-154.21
52.386166,-1.53443,148.91,0,3,302.2,19 / 20,1417129,2019-09-06 18:39:43:811,0.1521,0.0994,9.978,0.0034,0.0007,9.8066,0.0175,-0.0083,0.0264,0.94,-33.25,4.25,86.55,-84.79,-154.22
52.386166,-1.53443,148.91,0,3,302.2,19 / 20,1417229,2019-09-06 18:39:43:911,0.1533,0.1126,9.834,-0.0004,0.002,9.8066,0.0147,-0.0092,0.0058,1.25,-33.37,4.88,71.2,-84.79,-154.1
52.386166,-1.53443,148.91,0,3,302.2,19 / 20,1417329,2019-09-06 18:39:44:011,0.1626,-0.0081,9.8987,0.0034,0.0014,9.8066,-0.0034,-0.0043,-0.0147,1.44,-32.75,4.69,71.48,-84.76,-154.1
52.386166,-1.53443,148.91,0,3,302.2,20 / 21,1417428,2019-09-06 18:39:44:110,0.0963,-0.0615,9.7972,0.0028,0.0013,9.8066,0.0179,-0.0066,0.0179,1.19,-33.25,4.75,70.91,-84.81,-154.22
52.386166,-1.53443,148.91,0,3,302.2,20 / 21,1417528,2019-09-06 18:39:44:210,0.0524,0.1531,9.8102,-0.0027,-0.0009,9.8066,-0.0123,0.0014,-0.0054,1.19,-33.31,4.94,70.99,-84.81,-154.15
52.386166,-1.53443,148.91,0,3,302.2,20 / 21,1417628,2019-09-06 18:39:44:310,0.0386,0.0245,9.817,-0.0017,0.0001,9.8066,-0.0241,0.0044,-0.0147,1.44,-33.19,4.38,86.66,-84.8,-154.03
52.386166,-1.53443,148.91,0,3,302.2,20 / 21,1417728,2019-09-06 18:39:44:410,0.3478,0.1573,10.0719,0.0018,-0.0002,9.8066,0.0187,-0.0105,0.0221,0.88,-32.19,4.94,69.16,-84.85,-154.13
52.386166,-1.53443,148.91,0,3,302.2,20 / 21,1417828,2019-09-06 18:39:44:510,0.2887,-0.01,9.9105,-0.0002,0.0005,9.8066,-0.0071,-0.0081,-0.0082,1,-33.06,5.06,70.67,-84.85,-154.05
52.386166,-1.53443,148.91,0,3,302.2,20 / 21,1417928,2019-09-06 18:39:44:610,-0.0712,0.0437,9.813,0.001,0.0001,9.8066,-0.0005,0.01,0.0063,1,-33.12,5.38,70.83,-84.85,-154
52.386166,-1.53443,148.91,0,3,302.2,20 / 21,1418029,2019-09-06 18:39:44:711,-0.2153,-0.1096,9.7057,0.0004,0.0006,9.8066,0.0061,-0.0109,0.003,0.94,-33.06,5,70.5,-84.89,-153.96
52.386166,-1.53443,148.91,0,3,302.2,20 / 21,1418129,2019-09-06 18:39:44:811,0.0208,0.106,9.7544,-0.0013,-0.0014,9.8066,-0.0251,-0.0001,-0.0171,1.31,-33.5,4.44,86.08,-84.87,-153.82
52.386166,-1.53443,148.91,0,3,302.2,20 / 21,1418228,2019-09-06 18:39:44:910,0.1782,0.0177,9.9289,0.0013,-0.0013,9.8066,0.0049,0,0.0066,1.44,-33.5,5.13,70.6,-84.89,-153.86
52.386166,-1.53443,148.91,0,3,302.2,20 / 21,1418328,2019-09-06 18:39:45:010,0.5651,0.3162,10.0241,0.0024,0.0047,9.8066,0.0277,-0.0144,0.0086,1.25,-32.69,4.56,70.36,-84.93,-153.75
52.386166,-1.53443,148.91,0,3,302.2,19 / 20,1418429,2019-09-06 18:39:45:111,0.3997,-0.0347,9.9756,-0.0011,-0.0001,9.8066,-0.0232,0.0013,-0.0279,1,-32.94,4.63,70.65,-84.89,-153.8
52.386166,-1.53443,148.91,0,3,302.2,19 / 20,1418528,2019-09-06 18:39:45:210,-0.006,0.2087,9.7064,0.003,0.0003,9.8066,0.0201,-0.0024,0.0202,0.88,-32.94,5.13,70.36,-84.92,-153.8
52.386166,-1.53443,148.91,0,3,302.2,19 / 20,1418628,2019-09-06 18:39:45:310,-0.2133,-0.0765,9.7619,0.0004,0.0009,9.8066,0.0184,-0.0022,0.0086,1.44,-32.81,4.94,69.97,-84.95,-153.86
52.386166,-1.53443,148.91,0,3,302.2,19 / 20,1418728,2019-09-06 18:39:45:410,0.1183,0.1485,9.7531,0.003,0.0003,9.8066,-0.0155,-0.0103,-0.0153,2.06,-32.94,4.56,80.19,-84.95,-153.92
52.386166,-1.53443,148.91,0,3,302.2,19 / 20,1418829,2019-09-06 18:39:45:511,0.294,0.0689,10.0028,0.0046,0.001,9.8066,0.0113,-0.0038,0.0162,0.88,-33.12,5.31,69.39,-84.98,-154.1
52.386166,-1.53443,148.91,0,3,302.2,19 / 20,1418928,2019-09-06 18:39:45:610,0.2727,0.1229,9.9649,-0.0025,0.0006,9.8066,-0.0011,-0.0005,-0.0043,1.5,-33.19,4.94,79.59,-85,-154.06
52.386166,-1.53443,148.91,0,3,302.2,19 / 20,1419028,2019-09-06 18:39:45:710,0.2445,0.162,10.0111,0.0007,-0.0006,9.8066,-0.0248,-0.0124,-0.0201,0.63,-33.12,4.63,69.51,-84.97,-154.07
52.386166,-1.53443,148.91,0,3,302.2,19 / 20,1419128,2019-09-06 18:39:45:810,-0.1115,0.0348,9.6752,0.0015,-0.0025,9.8066,0.0228,0.0006,0.0235,1.31,-32.87,4.63,69.07,-85.02,-154.1
52.386166,-1.53443,148.91,0,3,302.2,19 / 20,1419229,2019-09-06 18:39:45:911,0.0783,0.0617,9.9295,-0.0028,-0.0008,9.8066,-0.0081,0.0068,-0.0058,1.44,-32.81,4.44,83.85,-85.01,-154.19
52.386166,-1.53443,148.91,0,3,302.2,19 / 20,1419329,2019-09-06 18:39:46:011,-0.0636,-0.0535,9.814,0.0004,-0.0001,9.8066,-0.013,-0.0082,-0.0046,1,-32.37,4.88,67.68,-85.02,-154.09
52.386166,-1.53443,148.91,0,3,302.2,19 / 20,1419430,2019-09-06 18:39:46:112,0.2984,0.0751,9.9711,0.0017,-0.0012,9.8066,0.0143,0.0028,0.0247,1,-32.19,4.38,81.51,-85.05,-154.19
52.386166,-1.53443,148.91,0,3,302.2,19 / 20,1419528,2019-09-06 18:39:46:210,0.071,-0.0963,9.8472,-0.0003,0.0018,9.8066,-0.0085,-0.0018,-0.0184,0.63,-33.5,4.94,68.93,-85.05,-153.98
52.386166,-1.53443,148.91,0,3,302.2,19 / 20,1419629,2019-09-06 18:39:46:311,0.1137,0.1982,9.808,0.0023,0.0004,9.8066,-0.0099,-0.0075,-0.0075,1.19,-33.12,5.06,68.91,-85.05,-153.98
52.386166,-1.53443,148.91,0,3,302.2,19 / 20,1419729,2019-09-06 18:39:46:411,-0.0278,0.0132,9.783,0.0014,-0.0004,9.8066,0.0255,-0.0053,0.019,1.25,-33.62,4.69,69.72,-85.09,-154.11
52.386166,-1.53443,148.91,0,3,302.2,19 / 20,1419829,2019-09-06 18:39:46:511,0.2929,0.2996,10.0083,-0.0034,-0.0008,9.8066,-0.0346,0.0041,-0.0239,0.5,-32.81,4.81,68.64,-85.07,-154.05
52.386166,-1.53443,148.91,0,3,302.2,19 / 20,1419928,2019-09-06 18:39:46:610,0.3664,0.1763,10.0311,0.0037,0.0021,9.8066,0.0345,0.0067,0.0257,1.19,-32.75,4.69,68.25,-85.11,-154.05
52.386166,-1.53443,148.91,0,3,302.2,19 / 20,1420028,2019-09-06 18:39:46:710,-0.0759,0.0287,9.8076,0.0014,0.0009,9.8066,0.0176,-0.0161,0.0117,1.13,-32.81,4.88,68.18,-85.12,-154.04
52.386166,-1.53443,148.91,0,3,302.2,19 / 20,1420129,2019-09-06 18:39:46:811,-0.1565,-0.0372,9.6314,0.0012,-0.0007,9.8066,-0.0176,0.0033,-0.0137,0.69,-32.69,4.31,82.88,-85.11,-153.97
52.386166,-1.53443,148.91,0,3,302.2,19 / 20,1420229,2019-09-06 18:39:46:911,-0.0323,0.1561,9.7342,0.0037,0.0008,9.8066,0.0223,-0.0097,0.0203,1.44,-32.87,4.63,67.76,-85.15,-154.17
52.386166,-1.53443,148.91,0,3,302.2,19 / 20,1420329,2019-09-06 18:39:47:011,0.2339,0.021,9.9673,-0.0032,-0.001,9.8065,-0.0203,0.0028,-0.012,1.25,-33.44,5.13,67.81,-85.15,-154.09
52.386166,-1.53443,148.91,0,3,302.2,19 / 20,1420429,2019-09-06 18:39:47:111,0.3734,0.2826,10.0174,0.0022,-0.0007,9.8065,-0.0009,-0.0028,0.0064,1.06,-33.31,4.88,68.19,-85.14,-153.87
52.386166,-1.53443,148.91,0,3,302.2,19 / 20,1420529,2019-09-06 18:39:47:211,-0.2872,-0.1696,9.6307,0.002,0,9.8066,0.0208,-0.0136,0.0186,1.13,-33.25,5.19,67.41,-85.19,-154.15
52.386166,-1.53443,148.91,0,3,302.2,19 / 20,1420628,2019-09-06 18:39:47:310,-0.0092,0.088,9.7135,-0.0032,-0.0015,9.8066,-0.0268,-0.0078,-0.0171,0.69,-33.44,5.06,67.64,-85.17,-154.1
52.386166,-1.53443,148.91,0,3,302.2,19 / 20,1420729,2019-09-06 18:39:47:411,-0.2507,-0.1214,9.7291,0.0015,-0.001,9.8066,-0.0003,-0.0065,0.0123,1.13,-32.94,4.81,67.65,-85.18,-154.05
52.386166,-1.53443,148.91,0,3,302.2,19 / 20,1420829,2019-09-06 18:39:47:511,-0.0495,0.1266,9.7692,0.0003,0.0001,9.8066,0.0233,-0.0136,0.022,0.94,-32.69,4.75,67.18,-85.21,-154.17
52.386166,-1.53443,148.91,0,3,302.2,19 / 20,1420928,2019-09-06 18:39:47:610,0.1639,-0.0108,9.9966,-0.0008,0.0008,9.8066,-0.0122,-0.0062,-0.0245,1.25,-32.69,4.56,67.75,-85.18,-153.92
52.386166,-1.53443,148.91,0,3,302.2,19 / 20,1421028,2019-09-06 18:39:47:710,0.299,0.2095,9.9104,0.002,-0.0013,9.8066,-0.0074,-0.0069,0.0113,0.88,-32.31,4.5,66.1,-85.2,-154.1
52.386166,-1.53443,148.91,0,3,302.2,19 / 20,1421129,2019-09-06 18:39:47:811,0.2177,0.1084,9.948,0,0.0011,9.8066,0.0195,-0.0046,0.0114,1.19,-33.25,4.81,67.02,-85.24,-154.06
52.386166,-1.53443,148.91,0,3,302.2,19 / 20,1421228,2019-09-06 18:39:47:910,-0.2239,-0.0267,9.6469,-0.0023,0.0013,9.8066,-0.0359,-0.0147,-0.0258,1.06,-33.5,5,67.58,-85.21,-153.84
52.386166,-1.53443,148.91,0,3,302.2,19 / 20,1421329,2019-09-06 18:39:48:011,0.0344,0.1744,9.8778,0.0036,0.0011,9.8066,0.0221,-0.0028,0.0179,0.94,-33.44,4.88,67.35,-85.23,-153.94
52.386166,-1.53443,148.91,0,3,302.2,19 / 20,1421428,2019-09-06 18:39:48:110,-0.1471,-0.1351,9.7982,-0.0004,-0.0015,9.8066,0.025,0.0091,0.0245,1.25,-33.62,5.44,68.14,-85.26,-154.12
52.386166,-1.53443,148.91,0,3,302.2,19 / 20,1421528,2019-09-06 18:39:48:210,0.3366,0.2324,9.9941,0.001,0.0023,9.8066,-0.0299,-0.0115,-0.0259,1.38,-32.81,4.81,67.5,-85.23,-153.77
52.386166,-1.53443,148.91,0,3,302.2,19 / 20,1421629,2019-09-06 18:39:48:311,0.0101,-0.0947,9.8135,0.005,0.0035,9.8066,0.0217,0.0023,0.0131,1.19,-32.75,4.75,67.13,-85.27,-153.79
52.386166,-1.53443,148.91,0,3,302.2,19 / 20,1421728,2019-09-06 18:39:48:410,0.1,0.2028,9.8471,-0.0029,-0.0019,9.8066,-0.0012,0.0016,0.0024,0.94,-32.81,4.88,66.85,-85.28,-153.97
52.386166,-1.53443,148.91,0,3,302.2,19 / 20,1421828,2019-09-06 18:39:48:510,-0.1277,-0.0854,9.7602,-0.0029,-0.0007,9.8066,-0.0238,0.0004,-0.0231,1,-32.81,4.5,67.28,-85.26,-153.76
52.386166,-1.53443,148.91,0,3,302.2,19 / 20,1421929,2019-09-06 18:39:48:611,0.1944,0.2109,9.9393,0.0038,0.0004,9.8066,0.0228,0.0002,0.0243,1.56,-33.5,4.56,77.62,-85.27,-153.87
52.386166,-1.53443,148.91,0,3,302.2,19 / 20,1422029,2019-09-06 18:39:48:711,0.2544,0.0287,9.9824,-0.003,0.0001,9.8066,-0.0123,-0.0063,-0.0045,0.44,-34.12,5,52.66,-85.29,-153.87
52.386166,-1.53443,148.91,0,3,302.2,19 / 20,1422129,2019-09-06 18:39:48:811,-0.0847,0.02,9.8069,0.0013,-0.0013,9.8066,0.0004,-0.0086,0.0078,0.69,-32.87,5.44,67.01,-85.28,-153.85
52.386166,-1.53443,148.91,0,3,302.2,19 / 20,1422229,2019-09-06 18:39:48:911,-0.288,-0.1322,9.6502,0.001,-0.0006,9.8066,0.0264,-0.015,0.0263,0.56,-33.37,4.56,66.74,-85.3,-153.86
52.386166,-1.53443,148.91,0,3,302.2,19 / 20,1422329,2019-09-06 18:39:49:011,-0.141,0.0458,9.7728,-0.0005,-0.0012,9.8066,-0.0238,0.0038,-0.0203,1.5,-32.37,4.63,76.63,-85.29,-153.68
52.386166,-1.53443,148.91,0,3,302.2,19 / 20,1422429,2019-09-06 18:39:49:111,0.3359,0.1021,9.9756,0.0017,-0.003,9.8066,0.0021,0.0075,0.0138,1.25,-33.12,4.81,66.64,-85.31,-153.87
52.386166,-1.53443,148.91,0,3,302.2,19 / 20,1422528,2019-09-06 18:39:49:210,0.3554,0.2271,10.0235,0.0003,0.0024,9.8066,0.0119,-0.0209,-0.0038,0.75,-33.12,4.69,66.45,-85.33,-153.91
52.386166,-1.53443,148.91,0,3,302.2,19 / 20,1422628,2019-09-06 18:39:49:310,0.1366,-0.0395,9.9396,0.0013,0.0009,9.8066,-0.0092,0.0016,-0.0251,1.06,-32.81,4.56,66.86,-85.32,-153.67
52.386166,-1.53443,148.91,0,3,302.2,19 / 20,1422729,2019-09-06 18:39:49:411,-0.1008,0.1109,9.7478,0.002,0.0012,9.8066,0.0253,-0.0067,0.0292,0.38,-33.44,4.81,50.57,-85.35,-153.96
52.386166,-1.53443,148.91,0,3,302.2,19 / 20,1422828,2019-09-06 18:39:49:510,-0.1989,-0.1382,9.7721,-0.0016,0.0004,9.8066,0.0107,-0.0087,-0.0029,1.19,-32.94,4.88,66.44,-85.34,-153.81
52.386166,-1.53443,148.91,0,3,302.2,19 / 20,1422929,2019-09-06 18:39:49:611,-0.0114,0.3366,10.0161,0.0008,-0.0006,9.8066,-0.0199,0.0006,-0.0088,0.81,-33.44,5.38,66.67,-85.33,-153.74
52.386166,-1.53443,148.91,0,3,302.2,19 / 20,1423028,2019-09-06 18:39:49:710,0.1225,0.0026,9.9692,0.0023,0.0014,9.8066,0.0131,-0.0073,0.0213,1.13,-33,4.88,66.25,-85.36,-153.83
52.386166,-1.53443,148.91,0,3,302.2,19 / 20,1423129,2019-09-06 18:39:49:811,0.2221,0.1946,9.9011,-0.0025,0.0007,9.8066,-0.0029,0.004,-0.0147,0.75,-32.5,4.5,65.01,-85.37,-153.81
52.386166,-1.53443,148.91,0,3,302.2,19 / 20,1423229,2019-09-06 18:39:49:911,0.1726,0.0439,9.9439,0.0025,0.0035,9.8066,-0.0097,-0.0089,-0.0138,0.88,-32.94,4.5,66.55,-85.36,-153.6
52.386166,-1.53443,148.91,0,3,302.2,19 / 20,1423328,2019-09-06 18:39:50:010,-0.2161,0.0096,9.6672,0.0004,-0.002,9.8066,0.016,0.0039,0.0253,1,-32.94,4.75,66,-85.39,-153.84
52.386166,-1.53443,148.91,0,3,302.2,19 / 20,1423429,2019-09-06 18:39:50:111,-0.1572,0.1091,9.6471,-0.0028,-0.0015,9.8066,-0.0173,-0.0026,-0.021,1.19,-33.31,5,66.02,-85.4,-153.77
52.386166,-1.53443,148.91,0,3,302.2,19 / 20,1423528,2019-09-06 18:39:50:210,-0.2106,-0.1101,9.7167,0.0037,0.0021,9.8066,-0.0038,-0.0151,-0.0078,1.25,-33.37,4.81,66.41,-85.37,-153.65
52.386166,-1.53443,148.91,0,3,302.2,19 / 20,1423629,2019-09-06 18:39:50:311,-0.2139,0.0705,9.632,0.0036,0.0018,9.8066,0.0285,0.0021,0.0315,0.63,-33.44,4.56,65.76,-85.44,-153.7
52.386166,-1.53443,148.91,0,3,302.2,19 / 20,1423728,2019-09-06 18:39:50:410,0.1989,0.0162,10.026,-0.0021,0.0005,9.8066,-0.0163,-0.0061,-0.0203,1.44,-33.56,5,67.35,-85.43,-153.47
52.386166,-1.53443,148.91,0,3,302.2,19 / 20,1423828,2019-09-06 18:39:50:510,0.3463,0.2415,9.9622,0.0007,-0.0017,9.8066,-0.0196,0.0005,-0.0048,1.13,-33.19,5,66,-85.43,-153.56
52.386166,-1.53443,148.91,0,3,302.2,19 / 20,1423929,2019-09-06 18:39:50:611,-0.303,-0.1044,9.7223,0.0006,0.0018,9.8066,0.0184,-0.0075,0.0111,1.25,-32.94,4.44,78.87,-85.49,-153.5
52.386166,-1.53443,148.91,0,3,302.2,19 / 20,1424028,2019-09-06 18:39:50:710,-0.0721,0.216,9.7537,-0.0002,0.0014,9.8066,-0.0085,-0.0022,-0.0116,1.38,-32.62,4.25,79.24,-85.47,-153.38
52.386166,-1.53443,148.91,0,3,302.2,19 / 20,1424129,2019-09-06 18:39:50:811,-0.0727,-0.0651,9.9011,0.0034,0.0008,9.8066,0.0163,-0.0035,0.0221,1.13,-32.19,5.13,64.71,-85.48,-153.33
52.386166,-1.53443,148.91,0,3,302.2,19 / 20,1424229,2019-09-06 18:39:50:911,0.1338,0.1519,9.886,-0.0009,0.0015,9.8066,0.0132,-0.0146,0.0048,1.25,-33.12,4.44,79.06,-85.5,-153.24
52.386166,-1.53443,148.91,0,3,302.2,19 / 20,1424329,2019-09-06 18:39:51:011,0.0245,-0.0704,9.879,0.0005,-0.0004,9.8066,-0.0155,0.0077,-0.0105,0.69,-33.25,5,66.18,-85.48,-153.1
52.386166,-1.53443,148.91,0,3,302.2,21 / 22,1424429,2019-09-06 18:39:51:111,-0.1315,-0.0793,9.7426,0.003,0.0017,9.8066,0.021,-0.0008,0.0241,1.13,-33.12,4.5,65.7,-85.51,-153.25
52.386166,-1.53443,148.91,0,3,302.2,21 / 22,1424529,2019-09-06 18:39:51:211,-0.0492,-0.0119,9.9237,-0.0033,-0.0001,9.8066,-0.0112,-0.0102,-0.0187,1.06,-33.37,4.63,65.86,-85.51,-153.11
52.386166,-1.53443,148.91,0,3,302.2,21 / 22,1424628,2019-09-06 18:39:51:310,0.1147,-0.0229,9.8976,0.0005,-0.0014,9.8066,-0.0225,0.0062,-0.008,0.75,-32.87,4.56,66.06,-85.49,-153.11
52.386166,-1.53443,148.91,0,3,302.2,21 / 22,1424729,2019-09-06 18:39:51:411,0.2611,0.2085,10.0117,0.0007,-0.0008,9.8066,0.0216,-0.0102,0.025,1.75,-32.31,4.44,87.3,-85.53,-153.27
52.386166,-1.53443,148.91,0,3,302.2,21 / 22,1424829,2019-09-06 18:39:51:511,0.1407,-0.1404,10.0202,-0.0029,0.0006,9.8066,-0.008,0.0063,-0.0158,1.44,-33.31,4.13,78.9,-85.52,-153.16
52.386166,-1.53443,148.91,0,3,302.2,21 / 22,1424929,2019-09-06 18:39:51:611,-0.0802,0.1195,9.749,0.0025,0.001,9.8066,0.0005,-0.0106,0.005,1.25,-32.94,4.81,65.77,-85.52,-153.14
52.386166,-1.53443,148.91,0,3,302.2,21 / 22,1425028,2019-09-06 18:39:51:710,-0.2304,-0.1655,9.7153,0.002,-0.0006,9.8066,0.022,-0.0035,0.0265,0.69,-33.62,5,66.53,-85.55,-153.24
52.386166,-1.53443,148.91,0,3,302.2,21 / 22,1425129,2019-09-06 18:39:51:811,-0.1425,0.0346,9.679,-0.0028,-0.0001,9.8066,-0.0193,-0.0112,-0.0182,0.94,-33.37,4.5,65.6,-85.55,-153.06
52.386166,-1.53443,148.91,0,3,302.2,21 / 22,1425229,2019-09-06 18:39:51:911,0.0907,-0.0477,9.9587,0.0006,-0.0005,9.8066,-0.0135,-0.0149,-0.0098,1.31,-33.56,4.81,66.93,-85.54,-153.03
52.386166,-1.53443,148.91,0,3,302.2,21 / 22,1425329,2019-09-06 18:39:52:011,0.375,0.0832,9.9866,0.0026,0.0002,9.8066,0.0353,-0.0049,0.027,1.44,-33.44,4.5,65.07,-85.59,-153.17
52.386166,-1.53443,148.91,0,3,302.2,20 / 21,1425429,2019-09-06 18:39:52:111,0.2163,0.116,10.0974,-0.0044,-0.0015,9.8066,-0.0199,-0.0102,-0.0174,1.06,-32.69,5.13,65.52,-85.56,-153.07
52.386166,-1.53443,148.91,0,3,302.2,20 / 21,1425528,2019-09-06 18:39:52:210,-0.1691,0.0862,9.6695,0.0045,0.0002,9.8066,0.0123,-0.0074,0.0116,1.44,-32.81,4.63,65.31,-85.58,-153.06
52.386166,-1.53443,148.91,0,3,302.2,20 / 21,1425629,2019-09-06 18:39:52:311,-0.2254,-0.0923,9.7325,0.0019,-0.0005,9.8066,0.0274,0.0011,0.0256,1.06,-32.87,4.56,64.86,-85.61,-153.23
52.386166,-1.53443,148.91,0,3,302.2,20 / 21,1425729,2019-09-06 18:39:52:411,-0.2694,0.0114,9.6302,-0.002,0.0001,9.8066,-0.0319,-0.0062,-0.026,1.19,-33.19,4.94,65.22,-85.58,-153.15
52.386166,-1.53443,148.91,0,3,302.2,20 / 21,1425829,2019-09-06 18:39:52:511,0.1106,-0.0116,10.027,0.0055,0.0017,9.8066,0.0221,0.0047,0.0057,1.25,-33.19,4.75,65.13,-85.61,-153.05
52.386166,-1.53443,148.91,0,3,302.2,20 / 21,1425928,2019-09-06 18:39:52:610,0.256,0.1441,9.9566,-0.001,0.0009,9.8066,0.0057,0,0.0118,1.25,-33.62,4.81,66.09,-85.62,-153.11
52.386166,-1.53443,148.91,0,3,302.2,20 / 21,1426029,2019-09-06 18:39:52:711,0.2618,0.0439,10.0205,-0.0045,-0.0015,9.8066,-0.0359,0.0013,-0.0248,1.5,-33.31,4.88,76.18,-85.58,-153.02
52.386166,-1.53443,148.91,0,3,302.2,20 / 21,1426129,2019-09-06 18:39:52:811,-0.1313,0.1397,9.7207,0.0017,0.0007,9.8066,0.0175,-0.0045,0.0201,1.44,-33.62,5.19,66.15,-85.62,-153.05
52.386166,-1.53443,148.91,0,3,302.2,20 / 21,1426229,2019-09-06 18:39:52:911,-0.1427,-0.1081,9.8901,-0.0019,0.0019,9.8066,0.002,-0.0064,-0.0016,0.56,-33.06,4.5,65.26,-85.62,-152.83
52.386166,-1.53443,148.91,0,3,302.2,20 / 21,1426329,2019-09-06 18:39:53:011,0.0808,0.0714,9.8896,0.0012,-0.0017,9.8066,0.0009,-0.0128,0.0035,1.06,-32.69,4.63,65.35,-85.61,-152.88
52.386166,-1.53443,148.91,0,3,302.2,19 / 21,1426429,2019-09-06 18:39:53:111,0.1138,0.0332,9.912,-0.0015,-0.0029,9.8066,0.0175,-0.0148,0.0186,1.31,-32.62,5,64.98,-85.62,-153.06
52.386166,-1.53443,148.91,0,3,302.2,19 / 21,1426528,2019-09-06 18:39:53:210,-0.0721,-0.0735,9.6868,0.0002,0.0014,9.8066,-0.0212,-0.0021,-0.0171,1.13,-33.12,5.13,65.47,-85.61,-152.73
52.386166,-1.53443,148.91,0,3,302.2,19 / 21,1426629,2019-09-06 18:39:53:311,-0.1127,0.0868,9.818,0.0026,-0.0003,9.8066,-0.0068,0.0025,0.0097,0.88,-33.31,5.13,65.17,-85.64,-152.82
52.386166,-1.53443,148.91,0,3,302.2,19 / 21,1426728,2019-09-06 18:39:53:410,0.1477,0.0953,9.9018,0.0011,0.0036,9.8066,0.0187,-0.0104,0.0021,1.06,-32.69,5.19,65.05,-85.66,-152.73
52.386166,-1.53443,148.91,0,3,302.2,19 / 21,1426829,2019-09-06 18:39:53:511,-0.0236,0.1597,9.7864,0.0016,0.0022,9.8066,-0.0081,0.0074,-0.0164,1.25,-33.19,4.75,65.53,-85.65,-152.42
52.386166,-1.53443,148.91,0,3,302.2,19 / 21,1426929,2019-09-06 18:39:53:611,-0.0965,-0.0384,9.9453,0.002,0.0015,9.8066,0.0227,-0.0076,0.024,1.38,-32.94,4.75,65.19,-85.66,-152.63
52.386166,-1.53443,148.91,0,3,302.2,19 / 21,1427029,2019-09-06 18:39:53:711,0.1355,0.0824,9.9628,-0.0006,0.0011,9.8066,0.011,-0.0092,-0.0047,0.88,-33,4.81,65.34,-85.66,-152.51
52.386166,-1.53443,148.91,0,3,302.2,19 / 21,1427129,2019-09-06 18:39:53:811,0.1766,0.1292,10.0464,0.0008,-0.0011,9.8066,-0.0088,0.0185,-0.0022,0.88,-33.06,4.75,65.44,-85.64,-152.58
52.386166,-1.53443,148.91,0,3,302.2,19 / 21,1427229,2019-09-06 18:39:53:911,-0.0811,0.1423,9.826,0.0034,0.0023,9.8065,0.0191,-0.0114,0.0254,1.19,-32.94,5,64.98,-85.67,-152.72
52.386166,-1.53443,148.91,0,3,302.2,19 / 21,1427329,2019-09-06 18:39:54:011,0.0649,-0.0928,9.9059,-0.0023,0.0013,9.8066,-0.0085,-0.0064,-0.0162,1.19,-32.87,4.81,65.16,-85.69,-152.49
52.386166,-1.53443,148.91,0,3,302.2,18 / 19,1427428,2019-09-06 18:39:54:110,0.3287,0.1864,9.9915,-0.0006,-0.0017,9.8066,-0.0264,0.0145,-0.0139,1,-33.31,4.63,65.42,-85.68,-152.36
52.386166,-1.53443,148.91,0,3,302.2,18 / 19,1427529,2019-09-06 18:39:54:211,-0.1861,-0.1602,9.6927,0.001,0.0014,9.8066,0.0152,-0.0115,0.0213,1,-33.12,5.13,64.86,-85.73,-152.45
52.386166,-1.53443,148.91,0,3,302.2,18 / 19,1427629,2019-09-06 18:39:54:311,-0.0897,0.1074,9.727,-0.0052,-0.0014,9.8066,-0.0155,-0.0026,-0.0075,1.19,-33.31,4.5,65.3,-85.69,-152.33
52.386166,-1.53443,148.91,0,3,302.2,18 / 19,1427729,2019-09-06 18:39:54:411,-0.3002,-0.1041,9.8049,0.0009,0.0003,9.8066,-0.0108,-0.0065,0.0027,1.19,-33.19,4.75,65.68,-85.67,-152.21
52.386166,-1.53443,148.91,0,3,302.2,18 / 19,1427830,2019-09-06 18:39:54:512,-0.0953,0.1261,10.001,0.0008,-0.0006,9.8066,0.0376,-0.0119,0.0126,1.75,-32.62,4.88,76.09,-85.7,-152.31
52.386166,-1.53443,148.91,0,3,302.2,18 / 19,1427929,2019-09-06 18:39:54:611,0.1863,-0.0499,9.9784,-0.0012,0.0013,9.8065,-0.0106,0.0067,-0.0205,1.06,-32.81,5.06,65.61,-85.69,-152.13
52.386166,-1.53443,148.91,0,3,302.2,18 / 19,1428029,2019-09-06 18:39:54:711,0.0951,0.0568,9.8985,0.0017,-0.0003,9.8066,0.0002,-0.0052,0.0021,0.75,-32.81,4.88,65.42,-85.69,-152.24
52.386166,-1.53443,148.91,0,3,302.2,18 / 19,1428128,2019-09-06 18:39:54:810,0.1178,0.0266,9.9313,0.0004,0.0005,9.8066,0.0191,-0.0151,0.0074,1.06,-33.25,4.88,65.1,-85.72,-152.3
52.386166,-1.53443,148.91,0,3,302.2,18 / 19,1428229,2019-09-06 18:39:54:911,-0.0474,0.1703,9.7778,-0.0032,-0.0021,9.8066,-0.0184,0.0092,-0.0177,0.5,-33.44,4.94,65.34,-85.69,-152.3
52.386166,-1.53443,148.91,0,3,302.2,18 / 19,1428328,2019-09-06 18:39:55:010,-0.1018,0.0149,9.9373,0.0024,0.0002,9.8066,0.016,-0.0045,0.0262,1.69,-33.25,4.94,75.61,-85.73,-152.56
52.386166,-1.53443,148.91,0,3,302.2,18 / 19,1428429,2019-09-06 18:39:55:111,-0.3667,-0.2882,9.7854,-0.0008,0.0014,9.8066,0.0273,-0.0171,0.0043,1.19,-33.5,5.31,64.94,-85.74,-152.32
52.386166,-1.53443,148.91,0,3,302.2,18 / 19,1428529,2019-09-06 18:39:55:211,-0.0885,0.0972,9.8064,-0.0006,-0.0007,9.8066,-0.0121,0.0035,-0.0152,0.94,-33.25,5.19,65.25,-85.71,-152.24
52.386166,-1.53443,148.91,0,3,302.2,18 / 19,1428628,2019-09-06 18:39:55:310,0.1138,-0.117,9.7339,-0.0007,-0.0036,9.8066,-0.0026,-0.0018,0.0283,0.81,-32.75,4.44,77.35,-85.7,-152.69
52.386166,-1.53443,148.91,0,3,302.2,18 / 19,1428728,2019-09-06 18:39:55:410,0.2228,0.1619,9.7536,0.0026,0.0039,9.8066,-0.0074,-0.0063,-0.0103,0.94,-33.31,4.38,77.58,-85.72,-152.32
52.386166,-1.53443,148.91,0,3,302.2,18 / 19,1428829,2019-09-06 18:39:55:511,-0.2607,-0.1598,9.8505,0.0029,0.0028,9.8066,0.026,0.0009,0.0051,1.13,-32.94,4.56,65.2,-85.7,-152.36
52.386166,-1.53443,148.91,0,3,302.2,18 / 19,1428929,2019-09-06 18:39:55:611,-0.0266,0.1863,9.8893,0.0025,0.0035,9.8066,0.0199,-0.0146,0.0138,1.31,-32.56,5.13,65.05,-85.74,-152.25
52.386166,-1.53443,148.91,0,3,302.2,18 / 19,1429029,2019-09-06 18:39:55:711,-0.0167,0.0095,10.027,0.0005,0.004,9.8066,-0.0121,-0.0099,-0.0098,0.56,-33.87,4.94,66.54,-85.73,-151.98
52.386166,-1.53443,148.91,0,3,302.2,18 / 19,1429128,2019-09-06 18:39:55:810,0.141,0.0214,9.9789,-0.0017,-0.0054,9.8066,0.0031,-0.0021,0.0171,1.5,-34.12,4.88,77.26,-85.77,-151.64
52.386166,-1.53443,148.91,0,3,302.2,18 / 19,1429228,2019-09-06 18:39:55:910,-0.0909,-0.1522,9.8419,-0.0037,-0.0045,9.8066,0.0162,-0.0144,0.004,1.25,-33.56,5.44,66.27,-85.77,-151.95
52.386166,-1.53443,148.91,0,3,302.2,18 / 19,1429329,2019-09-06 18:39:56:011,-0.0665,-0.0684,9.7222,-0.0015,-0.0005,9.8066,-0.0233,-0.0025,-0.0142,1.19,-33,5,65.48,-85.76,-151.75
52.386166,-1.53443,148.91,0,3,302.2,18 / 20,1429428,2019-09-06 18:39:56:110,-0.0311,0.1495,9.8178,0.0004,-0.002,9.8066,-0.0142,-0.0073,0.0096,1.13,-32.87,5,65.2,-85.78,-151.86
52.386166,-1.53443,148.91,0,3,302.2,18 / 20,1429529,2019-09-06 18:39:56:211,-0.073,-0.0928,9.8809,0.0025,0.0034,9.8066,0.0231,-0.0097,0.0032,1.56,-32.75,4.75,75.93,-85.83,-151.6
52.386166,-1.53443,148.91,0,3,302.2,18 / 20,1429628,2019-09-06 18:39:56:310,0.1932,0.2466,10.0252,-0.0013,0.0001,9.8066,-0.0182,0.0062,-0.0205,0.94,-33.06,4.75,65.36,-85.79,-151.66
52.386166,-1.53443,148.91,0,3,302.2,18 / 20,1429730,2019-09-06 18:39:56:412,-0.0736,-0.1769,9.8067,0.0036,0.0017,9.8066,0.0246,-0.0066,0.0206,1.13,-32.94,4.75,64.91,-85.81,-151.85
52.386166,-1.53443,148.91,0,3,302.2,18 / 20,1429828,2019-09-06 18:39:56:510,-0.1511,0.0711,9.7809,-0.0012,0.0005,9.8066,0.0394,-0.0016,0.0184,0.81,-33.25,4.5,65.05,-85.81,-151.79
52.386166,-1.53443,148.91,0,3,302.2,18 / 20,1429929,2019-09-06 18:39:56:611,-0.3541,-0.3238,9.7635,-0.0021,-0.0028,9.8066,-0.0346,-0.015,-0.0189,1.25,-33.44,4.81,65.48,-85.77,-151.67
52.386166,-1.53443,148.91,0,3,302.2,18 / 20,1430028,2019-09-06 18:39:56:710,-0.1092,0.0186,9.7398,0.0006,-0.0025,9.8066,-0.0234,-0.0021,-0.0169,0.88,-33.19,5.06,65.13,-85.78,-151.88
52.386166,-1.53443,148.91,0,3,302.2,18 / 20,1430129,2019-09-06 18:39:56:811,0.1226,-0.0453,9.9775,-0.0023,0.0018,9.8066,-0.012,-0.0094,-0.0017,1.13,-33.31,5.06,65.32,-85.81,-151.58
52.386166,-1.53443,148.91,0,3,302.2,18 / 20,1430229,2019-09-06 18:39:56:911,0.2507,0.1625,10.0339,-0.0005,0.0029,9.8066,0.0342,-0.0128,0.0129,0.88,-33.19,5,65.69,-85.78,-151.44
52.386166,-1.53443,148.91,0,3,302.2,18 / 20,1430329,2019-09-06 18:39:57:011,-0.3132,-0.1496,9.6318,-0.0009,-0.0025,9.8066,-0.0192,0.0003,-0.0124,1.06,-32.75,4.31,77.29,-85.8,-151.71
52.386166,-1.53443,148.91,0,3,302.2,18 / 20,1430428,2019-09-06 18:39:57:110,-0.1067,0.1029,9.7639,-0.0044,-0.0032,9.8066,0.0123,-0.0081,0.0183,1.38,-33.56,4.81,66.51,-85.77,-151.71
52.386166,-1.53443,148.91,0,3,302.2,18 / 20,1430529,2019-09-06 18:39:57:211,-0.2478,-0.1552,9.7452,0.0031,0.0023,9.8066,-0.004,-0.0111,-0.0146,1.25,-32.87,4.56,65.41,-85.78,-151.69
52.386166,-1.53443,148.91,0,3,302.2,18 / 20,1430628,2019-09-06 18:39:57:310,-0.0034,0.2253,9.782,0.0003,0.0008,9.8066,0.0001,0.0075,-0.0048,0.69,-33.37,4.81,65.17,-85.81,-151.67
52.386166,-1.53443,148.91,0,3,302.2,18 / 20,1430729,2019-09-06 18:39:57:411,0.0463,-0.1242,9.9529,-0.0021,-0.0007,9.8066,0.0086,-0.0205,0.0184,1.06,-33.62,5.06,66.82,-85.77,-151.53
52.386166,-1.53443,148.91,0,3,302.2,18 / 20,1430829,2019-09-06 18:39:57:511,0.0994,0.0871,9.8921,0.0027,-0.0002,9.8066,-0.0191,-0.0096,-0.0183,1.06,-33.25,4.63,65.4,-85.78,-151.68
52.386166,-1.53443,148.91,0,3,302.2,18 / 20,1430928,2019-09-06 18:39:57:610,-0.0242,-0.117,9.8352,-0.0013,0.0014,9.8066,-0.0147,0.0082,-0.0089,1.06,-32.62,5.25,65.46,-85.78,-151.63
52.386166,-1.53443,148.91,0,3,302.2,18 / 20,1431029,2019-09-06 18:39:57:711,0.0287,0.1421,9.9068,-0.003,-0.0007,9.8066,0.0176,-0.0173,0.0188,0.75,-33.5,4.38,78.18,-85.75,-151.53
52.386166,-1.53443,148.91,0,3,302.2,18 / 20,1431128,2019-09-06 18:39:57:810,0.0687,-0.0274,10.0088,0.0023,0.0013,9.8066,-0.0265,-0.0081,-0.0228,1.31,-32.69,4.56,65.44,-85.77,-151.7
52.386166,-1.53443,148.91,0,3,302.2,18 / 20,1431229,2019-09-06 18:39:57:911,0.169,-0.0001,9.9008,-0.0004,0.0027,9.8066,0.0147,-0.0015,0.0242,1.31,-32.94,4.31,77.85,-85.78,-151.52
52.386166,-1.53443,148.91,0,3,302.2,18 / 20,1431329,2019-09-06 18:39:58:011,-0.0512,-0.0951,9.8752,0.0026,0.0027,9.8065,0.0085,-0.0096,-0.0083,1.19,-33.25,5.19,65.97,-85.76,-151.39
52.386166,-1.53443,148.91,0,3,302.2,19 / 20,1431429,2019-09-06 18:39:58:111,-0.1502,-0.0824,9.7237,0.0028,0.0018,9.8066,-0.0076,0.0006,-0.0193,1.81,-33.5,5.13,76.31,-85.79,-151.53
52.386166,-1.53443,148.91,0,3,302.2,19 / 20,1431529,2019-09-06 18:39:58:211,0.0846,0.0502,10.0066,-0.0065,-0.0015,9.8066,0.0172,-0.0082,0.0264,1.13,-32.87,4.31,78.57,-85.74,-151.28
52.386166,-1.53443,148.91,0,3,302.2,19 / 20,1431629,2019-09-06 18:39:58:311,0.0021,-0.0379,9.863,-0.0002,-0.0009,9.8066,0.0119,-0.0116,0.0046,1.38,-32.87,5,66.34,-85.74,-151.23
52.386166,-1.53443,148.91,0,3,302.2,19 / 20,1431729,2019-09-06 18:39:58:411,0.2512,0.2035,10.0384,0.0006,0.0005,9.8066,-0.0268,-0.0036,-0.0233,0.63,-33,4.75,65.96,-85.76,-151.37
52.386166,-1.53443,148.91,0,3,302.2,19 / 20,1431828,2019-09-06 18:39:58:510,0.1669,-0.0374,9.9781,-0.0039,-0.0016,9.8066,0.0237,-0.0063,0.0249,1,-32.56,5,66.31,-85.74,-151.27
52.386166,-1.53443,148.91,0,3,302.2,19 / 20,1431929,2019-09-06 18:39:58:611,-0.1791,0.0956,9.7679,0.0025,-0.0002,9.8066,0.019,-0.0195,0.0036,1.38,-32.56,4.38,78.54,-85.73,-151.37
52.386166,-1.53443,148.91,0,3,302.2,19 / 20,1432029,2019-09-06 18:39:58:711,-0.3232,-0.115,9.6446,-0.0014,-0.0003,9.8066,-0.0064,-0.0013,-0.004,1.13,-32.75,4.94,66.09,-85.75,-151.34
52.386166,-1.53443,148.91,0,3,302.2,19 / 20,1432128,2019-09-06 18:39:58:810,-0.1421,0.0695,9.7829,-0.0004,0.0004,9.8066,0.0131,-0.0016,0.0225,1,-32.62,4.81,66.63,-85.72,-151.15
52.386166,-1.53443,148.91,0,3,302.2,19 / 20,1432230,2019-09-06 18:39:58:912,0.1869,0.003,9.9658,0.0024,-0.0011,9.8066,-0.0139,-0.0095,-0.0128,1.06,-33.37,5.25,66.32,-85.72,-151.33
52.386166,-1.53443,148.91,0,3,302.2,19 / 20,1432329,2019-09-06 18:39:59:011,0.3544,0.2102,10.0521,0.0007,0.0019,9.8066,-0.0185,0.0074,-0.0148,1.38,-33.25,4.81,66.2,-85.75,-151.28
52.386166,-1.53443,148.91,0,3,302.2,19 / 20,1432428,2019-09-06 18:39:59:110,0.1665,-0.0706,9.9831,-0.0025,-0.0001,9.8066,0.0241,-0.0186,0.0208,1.06,-33.56,5.44,67.84,-85.71,-151.1
52.386166,-1.53443,148.91,0,3,302.2,19 / 20,1432529,2019-09-06 18:39:59:211,-0.162,-0.0009,9.794,0.0018,0.0002,9.8066,-0.0125,-0.0088,-0.0222,1,-32.87,4.38,78.52,-85.74,-151.29
52.386166,-1.53443,148.91,0,3,302.2,19 / 20,1432628,2019-09-06 18:39:59:310,-0.236,-0.1905,9.7521,-0.0006,0.0012,9.8066,0.0107,0.0065,0.0172,1.38,-32.56,4.69,66.33,-85.74,-151.25
52.386166,-1.53443,148.91,0,3,302.2,19 / 20,1432729,2019-09-06 18:39:59:411,0.0225,0.125,9.8312,0.002,0.0014,9.8066,0.005,-0.0041,0.0183,0.94,-33.31,4.56,66.72,-85.71,-151.11
52.386166,-1.53443,148.91,0,3,302.2,19 / 20,1432828,2019-09-06 18:39:59:510,0.1192,-0.0386,9.9797,0.0018,0.0002,9.8066,-0.0146,-0.0005,-0.018,1.19,-32.75,4.69,66.33,-85.75,-151.18
52.386166,-1.53443,148.91,0,3,302.2,19 / 20,1432929,2019-09-06 18:39:59:611,0.1009,0.1688,9.8496,-0.0035,-0.0009,9.8066,0.0075,-0.004,0.0162,1,-32.81,4.56,66.86,-85.72,-150.93
52.386166,-1.53443,148.91,0,3,302.2,19 / 20,1433029,2019-09-06 18:39:59:711,0.0533,-0.0567,9.9323,0.0008,0,9.8066,0.0164,-0.0084,0.0014,1.25,-33.44,5.06,66.8,-85.72,-150.96
52.386166,-1.53443,148.91,0,3,302.2,19 / 20,1433128,2019-09-06 18:39:59:810,-0.1845,-0.0189,9.6723,0.0007,-0.0003,9.8066,-0.0214,-0.003,-0.0255,0.94,-33.19,5.06,66.24,-85.75,-151.25
52.386166,-1.53443,148.91,0,3,302.2,19 / 20,1433229,2019-09-06 18:39:59:911,0.021,0.0642,9.8932,-0.0054,-0.0023,9.8065,0.0199,-0.0003,0.0202,0.81,-33.06,4.75,66.71,-85.72,-151.06
52.386166,-1.53443,148.91,0,3,302.2,19 / 20,1433329,2019-09-06 18:40:00:011,-0.0343,-0.0031,9.8729,0.0015,-0.001,9.8066,0.0186,-0.0018,0.0118,1.25,-32.81,4.5,66.69,-85.71,-151.15
52.386166,-1.53443,148.91,0,3,302.2,18 / 19,1433428,2019-09-06 18:40:00:110,0.1496,0.0412,9.9349,0.0015,-0.0008,9.8066,-0.0173,-0.0006,-0.022,0.56,-32.44,4.5,65.19,-85.74,-151.29
52.386166,-1.53443,148.91,0,3,302.2,18 / 19,1433530,2019-09-06 18:40:00:212,0.0437,-0.015,9.7899,-0.0024,-0.0018,9.8066,0.0214,-0.0042,0.012,1,-33.06,4.75,66.41,-85.74,-151.16
52.386166,-1.53443,148.91,0,3,302.2,18 / 19,1433628,2019-09-06 18:40:00:310,-0.0907,0.0813,9.8503,-0.0005,-0.0009,9.8066,-0.0155,-0.0006,-0.0049,1.31,-32.94,4.69,66.53,-85.71,-151.28
52.386166,-1.53443,148.91,0,3,302.2,18 / 19,1433728,2019-09-06 18:40:00:410,0.0474,0.0413,9.8181,0.0005,-0.0004,9.8066,-0.0172,-0.0023,-0.016,0.75,-33.37,5.31,66.18,-85.74,-151.33
52.386166,-1.53443,148.91,0,3,302.2,18 / 19,1433828,2019-09-06 18:40:00:510,0.1103,0.0763,10.0125,-0.0016,-0.0002,9.8066,0.0167,-0.02,0.0201,1.13,-33.44,4.88,66.45,-85.73,-151.21
52.386166,-1.53443,148.91,0,3,302.2,18 / 19,1433928,2019-09-06 18:40:00:610,0.2287,0.0118,9.9695,0.0032,0.0022,9.8066,-0.0148,0.0029,-0.014,0.94,-33.19,5.13,66.12,-85.76,-151.29
52.386166,-1.53443,148.91,0,3,302.2,18 / 19,1434028,2019-09-06 18:40:00:710,-0.2776,-0.0925,9.7287,-0.0007,0.0023,9.8066,0.0106,0.0018,0.0165,0.63,-32.37,4.5,65.35,-85.75,-151.11
52.386166,-1.53443,148.91,0,3,302.2,18 / 19,1434129,2019-09-06 18:40:00:811,-0.3973,-0.1848,9.6589,0.0014,-0.0013,9.8066,0.016,-0.0145,0.0135,1.13,-32.87,4.44,78.95,-85.72,-151.14
52.386166,-1.53443,148.91,0,3,302.2,18 / 19,1434229,2019-09-06 18:40:00:911,0.023,0.0377,9.8681,-0.0004,-0.0011,9.8066,-0.0049,-0.0093,-0.011,1.38,-33.06,4.25,78.4,-85.75,-151.32
52.386166,-1.53443,148.91,0,3,302.2,18 / 19,1434329,2019-09-06 18:40:01:011,0.1761,0.0082,9.9325,-0.0019,0.0012,9.8066,-0.0013,0.0042,0.0182,1.25,-32.19,4.5,65.57,-85.73,-151.05
52.386166,-1.53443,148.91,0,3,302.2,18 / 20,1434429,2019-09-06 18:40:01:111,0.2794,0.1968,10.0077,0.0014,0.0008,9.8066,0.015,-0.0125,0.0026,0.94,-31.75,4.13,77.47,-85.73,-151.07
52.386166,-1.53443,148.91,0,3,302.2,18 / 20,1434529,2019-09-06 18:40:01:211,-0.2512,-0.1567,9.6728,0.001,0.001,9.8066,-0.0273,-0.0028,-0.0187,0.75,-32.62,4.88,66.3,-85.76,-151.13
52.386166,-1.53443,148.91,0,3,302.2,18 / 20,1434628,2019-09-06 18:40:01:310,-0.1086,0.0535,9.6797,-0.0033,0.0005,9.8066,0.0216,-0.0026,0.0212,1.19,-32.81,4.31,78.8,-85.75,-150.96
52.386166,-1.53443,148.91,0,3,302.2,18 / 20,1434729,2019-09-06 18:40:01:411,-0.2773,-0.1678,9.7188,0.0019,-0.0005,9.8066,0.0071,-0.0073,0.0109,1.25,-32.12,4.81,65.67,-85.71,-151.08
52.386166,-1.53443,148.91,0,3,302.2,18 / 20,1434829,2019-09-06 18:40:01:511,-0.2,0.0269,9.7908,-0.0037,-0.0069,9.8066,-0.0494,-0.0065,-0.0177,1.19,-32.06,4.19,77.24,-85.74,-151.18
52.386166,-1.53443,148.91,0,3,302.2,18 / 20,1434928,2019-09-06 18:40:01:610,0.0968,-0.0665,9.8997,0.0009,0.0027,9.8065,0.0027,-0.0078,0.0097,0.81,-32.25,4.19,77.69,-85.74,-150.74
52.386166,-1.53443,148.91,0,3,302.2,18 / 20,1435028,2019-09-06 18:40:01:710,0.4217,0.1237,9.9786,0.001,-0.0002,9.8066,0.0111,0.0043,-0.0061,1.19,-32.25,4.13,77.73,-85.72,-150.9
52.386166,-1.53443,148.91,0,3,302.2,18 / 20,1435129,2019-09-06 18:40:01:811,0.1569,0.0405,9.9487,0.0011,0.0016,9.8066,-0.0122,-0.0003,-0.0177,2.06,-32.06,4.75,76.19,-85.76,-150.96
52.386166,-1.53443,148.91,0,3,302.2,18 / 20,1435229,2019-09-06 18:40:01:911,-0.1751,0.1226,9.6906,-0.0007,0.0011,9.8066,0.0224,-0.0182,0.0253,1.69,-31.69,4,87.96,-85.74,-150.82
52.386166,-1.53443,148.91,0,3,302.2,18 / 20,1435329,2019-09-06 18:40:02:011,0.0003,0.0026,9.9553,0.004,0.001,9.8066,-0.0193,0.0019,-0.0179,1.88,-32.25,4.81,76.36,-85.72,-151.05
52.386166,-1.53443,148.91,0,3,302.2,19 / 20,1435429,2019-09-06 18:40:02:111,-0.0082,0.0457,9.8975,-0.0006,-0.0004,9.8066,-0.006,-0.0081,0.0017,1.88,-32,5.19,76.16,-85.74,-151.12
52.386166,-1.53443,148.91,0,3,302.2,19 / 20,1435529,2019-09-06 18:40:02:211,-0.0606,0.1128,9.7372,0.0005,0.0005,9.8065,0.015,-0.0153,0.0187,2.06,-32.44,5.19,76.48,-85.71,-151.02
52.386166,-1.53443,148.91,0,3,302.2,19 / 20,1435628,2019-09-06 18:40:02:310,0.0775,-0.1659,9.9689,0.0024,0.0005,9.8066,0.0012,0.0006,-0.0211,1.63,-32.5,5.38,76.15,-85.73,-151.2
52.386166,-1.53443,148.91,0,3,302.2,19 / 20,1435728,2019-09-06 18:40:02:410,0.2212,0.2238,9.9286,-0.004,0.0001,9.8066,-0.0054,-0.0061,0.0115,1.69,-32.37,5.56,68.03,-85.72,-151.02
52.386166,-1.53443,148.91,0,3,302.2,19 / 20,1435829,2019-09-06 18:40:02:511,0.0289,-0.1266,9.8641,0.0009,0.0014,9.8066,0.0042,-0.012,0.0068,1.25,-32.25,5.31,65.84,-85.71,-150.98
52.386166,-1.53443,148.91,0,3,302.2,19 / 20,1435929,2019-09-06 18:40:02:611,-0.1368,0.1163,9.7132,0.0008,-0.0019,9.8066,-0.0087,-0.0074,-0.0262,1.56,-31.75,5.56,67.79,-85.73,-151.16
52.386166,-1.53443,148.91,0,3,302.2,19 / 20,1436029,2019-09-06 18:40:02:711,0.043,-0.0228,9.9468,-0.0049,-0.0008,9.8066,0.0339,-0.0041,0.0293,1.44,-31.81,5.13,65.67,-85.71,-151.09
52.386166,-1.53443,148.91,0,3,302.2,19 / 20,1436129,2019-09-06 18:40:02:811,0.11,0.0305,9.8895,0.0021,-0.0008,9.8066,0.0152,-0.0086,0.0045,1.44,-32.5,5.75,57.87,-85.71,-151.15
52.386166,-1.53443,148.91,0,3,302.2,19 / 20,1436228,2019-09-06 18:40:02:910,0.0249,-0.0239,9.896,0.0002,0,9.8066,-0.016,0.0045,-0.0101,1.06,-32.81,5.44,66.44,-85.74,-151.17
52.386166,-1.53443,148.91,0,3,302.2,19 / 20,1436329,2019-09-06 18:40:03:011,-0.2043,-0.1813,9.7387,-0.0021,-0.0002,9.8065,0.0323,-0.0032,0.0208,1.13,-32.94,5.44,67.01,-85.69,-151.04
52.386166,-1.53443,148.91,0,3,302.2,20 / 21,1436428,2019-09-06 18:40:03:110,-0.0795,0.0698,9.8242,0.0007,-0.0016,9.8066,-0.0116,-0.0042,-0.0082,1.25,-32.19,5.19,65.76,-85.69,-151.14
52.386166,-1.53443,148.91,0,3,302.2,20 / 21,1436528,2019-09-06 18:40:03:210,-0.0542,-0.112,9.8368,-0.0006,0.0002,9.8066,-0.0151,-0.0056,-0.0158,0.81,-32.12,5.38,65.5,-85.72,-151.17
52.386166,-1.53443,148.91,0,3,302.2,20 / 21,1436629,2019-09-06 18:40:03:311,0.1317,0.1553,9.963,-0.0026,-0.0004,9.8066,0.0192,-0.0047,0.0257,1.06,-32.06,5.19,65.85,-85.69,-151.1
52.386166,-1.53443,148.91,0,3,302.2,20 / 21,1436728,2019-09-06 18:40:03:410,0.1268,-0.0579,10.0078,0.0038,0.0029,9.8066,-0.0135,0.0048,-0.0071,0.56,-32.06,4.56,65.66,-85.7,-151.16
52.386166,-1.53443,148.91,0,3,302.2,20 / 21,1436829,2019-09-06 18:40:03:511,-0.1191,0.0701,9.8367,-0.0014,0.0007,9.8066,-0.0114,-0.0043,0.0033,0.31,-32.06,5.44,50.85,-85.7,-151.12
52.386166,-1.53443,148.91,0,3,302.2,20 / 21,1436928,2019-09-06 18:40:03:610,-0.1298,-0.269,9.6513,0.0008,0.0012,9.8066,0.0257,-0.0085,0.0089,0.38,-32.69,4.88,52.26,-85.67,-151.09
52.386166,-1.53443,148.91,0,3,302.2,20 / 21,1437029,2019-09-06 18:40:03:711,-0.1269,0.0061,9.7382,0.005,0.0034,9.8066,-0.0084,-0.0068,-0.0177,0.75,-32.37,5.13,65.51,-85.7,-151.26
52.386166,-1.53443,148.91,0,3,302.2,20 / 21,1437130,2019-09-06 18:40:03:812,0.2045,0.0833,10.0426,-0.0039,-0.0039,9.8066,-0.0049,-0.0023,0.0043,-0.12,-33,4.69,51.69,-85.7,-151.28
52.386166,-1.53443,148.91,0,3,302.2,20 / 21,1437229,2019-09-06 18:40:03:911,0.31,0.2053,10.0103,0.0003,-0.0006,9.8066,0.0023,-0.0141,0.0113,0.94,-32.31,4.63,65.61,-85.66,-151.45
52.386166,-1.53443,148.91,0,3,302.2,20 / 21,1437328,2019-09-06 18:40:04:010,0.1256,-0.0719,9.914,-0.0004,-0.0007,9.8066,-0.0086,-0.005,-0.0187,0.63,-32.31,4.81,65.41,-85.69,-151.42
52.386166,-1.53443,148.91,0,3,302.2,19 / 20,1437429,2019-09-06 18:40:04:111,-0.1794,0.049,9.777,-0.0025,-0.0009,9.8066,0.0328,-0.0112,0.0281,0.5,-32.37,5.25,65.65,-85.67,-151.34
52.386166,-1.53443,148.91,0,3,302.2,19 / 20,1437528,2019-09-06 18:40:04:210,-0.2161,-0.1831,9.7585,0.002,-0.0027,9.8066,0.0139,-0.0034,-0.003,0.63,-31.94,4.13,77.62,-85.67,-151.48
52.386166,-1.53443,148.91,0,3,302.2,19 / 20,1437629,2019-09-06 18:40:04:311,-0.0624,0.1679,9.7186,0.0003,-0.0007,9.8066,-0.0231,0.0092,-0.0134,1.06,-32.25,4.63,65.38,-85.69,-151.45
52.386166,-1.53443,148.91,0,3,302.2,19 / 20,1437728,2019-09-06 18:40:04:410,0.0978,-0.0416,10.0107,-0.002,-0.0016,9.8066,0.0258,-0.0086,0.023,0.13,-32.75,4.69,51.79,-85.68,-151.34
52.386166,-1.53443,148.91,0,3,302.2,19 / 20,1437829,2019-09-06 18:40:04:511,0.2046,0.1636,9.9048,0.0015,0.0003,9.8066,-0.003,-0.0025,-0.0083,0.56,-32.12,4.56,65.54,-85.68,-151.41
52.386166,-1.53443,148.91,0,3,302.2,19 / 20,1437929,2019-09-06 18:40:04:611,-0.3243,-0.346,9.6955,-0.0003,0.0008,9.8066,-0.0076,-0.0053,0.0073,0.31,-32.87,4.75,51.56,-85.71,-151.31
52.386166,-1.53443,148.91,0,3,302.2,19 / 20,1438029,2019-09-06 18:40:04:711,-0.1777,-0.0208,9.6899,-0.0026,-0.0016,9.8066,0.0275,-0.0054,0.0244,0.63,-32.37,5.13,66,-85.67,-151.12
52.386166,-1.53443,148.91,0,3,302.2,19 / 20,1438128,2019-09-06 18:40:04:810,-0.0211,-0.0029,9.9437,0.0052,0.0036,9.8066,-0.0215,-0.0081,-0.017,0.13,-32.06,4.63,50.66,-85.71,-151.17
52.386166,-1.53443,148.91,0,3,302.2,19 / 20,1438228,2019-09-06 18:40:04:910,0.109,0.0691,9.8998,-0.001,0,9.8066,0.0076,-0.0081,0.0061,0,-32.19,5,50.73,-85.7,-151.21
52.386166,-1.53443,148.91,0,3,302.2,19 / 20,1438328,2019-09-06 18:40:05:010,0.0692,-0.0345,9.9213,0.0006,0.0005,9.8066,0.019,-0.0119,0.0192,0,-32,4.75,50.9,-85.68,-151.19
52.386166,-1.53443,148.91,0,3,302.2,20 / 21,1438428,2019-09-06 18:40:05:110,-0.0646,-0.1281,9.7797,0.0029,0.0017,9.8066,-0.0105,-0.0058,-0.016,0.44,-31.69,4.19,59.93,-85.72,-151.34
52.386166,-1.53443,148.91,0,3,302.2,20 / 21,1438529,2019-09-06 18:40:05:211,-0.0864,0.0193,9.8049,-0.0026,0,9.8066,-0.0108,0.0017,0.0051,0.63,-32.19,5.19,65.36,-85.72,-151.29
52.386166,-1.53443,148.91,0,3,302.2,20 / 21,1438629,2019-09-06 18:40:05:311,0.1171,0.0828,9.9101,-0.0001,-0.0005,9.8066,0.0175,-0.0079,0.0048,0.69,-32.06,5.31,65.7,-85.69,-151.22
52.386166,-1.53443,148.91,0,3,302.2,20 / 21,1438729,2019-09-06 18:40:05:411,0.0926,0.1292,10.0312,-0.0008,-0.0012,9.8066,-0.0156,0.0173,-0.0092,0.56,-33,5.31,66.4,-85.71,-151.36
52.386166,-1.53443,148.91,0,3,302.2,20 / 21,1438829,2019-09-06 18:40:05:511,-0.0491,0.0695,9.7292,-0.0038,-0.0023,9.8066,0.0206,-0.0021,0.0236,0.69,-32.19,4.44,77.67,-85.69,-151.27
52.386166,-1.53443,148.91,0,3,302.2,20 / 21,1438928,2019-09-06 18:40:05:610,-0.177,-0.147,9.7761,0.0025,-0.0009,9.8066,0.0064,-0.0213,-0.0038,0.44,-31.56,5.06,50.4,-85.68,-151.5
52.386166,-1.53443,148.91,0,3,302.2,20 / 21,1439029,2019-09-06 18:40:05:711,-0.2492,-0.1054,9.6385,-0.0002,-0.0007,9.8066,-0.0067,0.0076,-0.0016,0.31,-32.31,4.75,50.19,-85.71,-151.52
52.386166,-1.53443,148.91,0,3,302.2,20 / 21,1439128,2019-09-06 18:40:05:810,-0.0569,0.1389,9.8584,0.001,0.0011,9.8066,0.0177,-0.0065,0.0201,0.06,-31.25,4.75,49.54,-85.68,-151.4
52.386166,-1.53443,148.91,0,3,302.2,20 / 21,1439228,2019-09-06 18:40:05:910,0.1424,0.0494,9.9367,0.0005,-0.0018,9.8065,-0.0105,-0.0126,-0.0159,0.69,-31.56,4.5,65.3,-85.69,-151.51
52.386166,-1.53443,148.91,0,3,302.2,20 / 21,1439329,2019-09-06 18:40:06:011,0.3554,0.202,10.0963,-0.0018,0.0023,9.8066,-0.0124,0.0138,-0.0009,0,-32.5,4.44,60.25,-85.69,-151.33
52.386166,-1.53443,148.91,0,3,302.2,19 / 20,1439428,2019-09-06 18:40:06:110,0.0773,-0.056,9.9133,0.0006,-0.0008,9.8066,0.0112,-0.0201,0.0142,0.31,-32,4.94,50.59,-85.68,-151.41
52.386166,-1.53443,148.91,0,3,302.2,19 / 20,1439529,2019-09-06 18:40:06:211,-0.1721,-0.0406,9.7846,0.001,0.0012,9.8066,-0.0132,0.0005,-0.023,0.63,-32.37,4.75,65.03,-85.71,-151.58
52.386166,-1.53443,148.91,0,3,302.2,19 / 20,1439628,2019-09-06 18:40:06:310,-0.1903,-0.1951,9.7784,-0.0034,-0.0007,9.8066,0.0128,0.0015,0.0228,0.94,-31.87,4.94,65.31,-85.69,-151.51
52.386166,-1.53443,148.91,0,3,302.2,19 / 20,1439729,2019-09-06 18:40:06:411,-0.0051,0.2151,9.8082,0.0011,0.0027,9.8066,0.0032,-0.0143,0.0206,0.19,-32.06,4.81,50.72,-85.67,-151.39
52.386166,-1.53443,148.91,0,3,302.2,19 / 20,1439829,2019-09-06 18:40:06:511,0.0082,-0.1202,9.9838,0.003,0.0026,9.8066,-0.0099,0.0001,-0.0196,0.31,-31.87,4.44,59.99,-85.7,-151.42
52.386166,-1.53443,148.91,0,3,302.2,19 / 20,1439930,2019-09-06 18:40:06:612,0.0854,0.0866,9.906,-0.0026,-0.0022,9.8066,0.0037,0.0019,0.0111,0.88,-32,4.63,65.64,-85.67,-151.35
52.386166,-1.53443,148.91,0,3,302.2,19 / 20,1440031,2019-09-06 18:40:06:713,-0.2577,-0.139,9.7052,-0.0005,-0.0019,9.8066,0.0193,-0.0007,0.0057,0.69,-32.19,4.63,65.61,-85.67,-151.42
52.386166,-1.53443,148.91,0,3,302.2,19 / 20,1440129,2019-09-06 18:40:06:811,-0.1992,-0.0071,9.6982,0.0005,0,9.8066,-0.0204,-0.0088,-0.0248,0.25,-32.25,4.81,50.07,-85.7,-151.62
52.386166,-1.53443,148.91,0,3,302.2,19 / 20,1440228,2019-09-06 18:40:06:910,-0.1267,-0.0091,9.8773,-0.0033,-0.0006,9.8066,0.0151,-0.005,0.0275,0.06,-32.44,4.75,50.48,-85.68,-151.46
52.386166,-1.53443,148.91,0,3,302.2,19 / 20,1440328,2019-09-06 18:40:07:010,0.0789,-0.0632,9.8492,0.0024,-0.0005,9.8066,0.0238,0.0012,0.0177,0.56,-32.37,5,65.73,-85.67,-151.31
52.386166,-1.53443,148.91,0,3,302.2,18 / 20,1440429,2019-09-06 18:40:07:111,0.1871,0.153,10.0042,-0.001,-0.0023,9.8066,-0.0162,-0.0073,-0.023,0.31,-32.25,4.5,50.02,-85.69,-151.71
52.386166,-1.53443,148.91,0,3,302.2,18 / 20,1440528,2019-09-06 18:40:07:210,-0.0857,-0.1128,9.7808,-0.0046,-0.0022,9.8066,0.0319,-0.0092,0.0208,0.56,-31.62,4.75,65.55,-85.64,-151.62
52.386166,-1.53443,148.91,0,3,302.2,18 / 20,1440629,2019-09-06 18:40:07:311,-0.0579,0.1115,9.8499,0.0018,-0.0004,9.8066,-0.0053,0.0005,-0.002,0.38,-31.81,4.88,50.41,-85.65,-151.68
52.386166,-1.53443,148.91,0,3,302.2,18 / 20,1440729,2019-09-06 18:40:07:411,-0.0378,-0.0954,9.822,0.0009,0.001,9.8066,-0.0302,-0.0006,-0.0237,0.38,-31.5,4.44,58.13,-85.67,-151.79
52.386166,-1.53443,148.91,0,3,302.2,18 / 20,1440829,2019-09-06 18:40:07:511,0.095,0.3011,10.0015,-0.0028,-0.0021,9.8066,0.02,-0.0046,0.0252,0,-31.81,4.88,50.45,-85.64,-151.7
52.386166,-1.53443,148.91,0,3,302.2,18 / 20,1440929,2019-09-06 18:40:07:611,0.2102,0.0967,9.9841,0.0035,0.0024,9.8066,-0.003,-0.0149,-0.0066,0.38,-32.56,4.69,51.24,-85.67,-151.75
52.386166,-1.53443,148.91,0,3,302.2,18 / 20,1441028,2019-09-06 18:40:07:710,-0.0992,0.0695,9.8327,0.001,0.0014,9.8066,-0.006,-0.007,-0.0015,0.63,-32.44,5,65,-85.68,-151.82
52.386166,-1.53443,148.91,0,3,302.2,18 / 20,1441128,2019-09-06 18:40:07:810,-0.2718,-0.2728,9.7053,-0.0019,-0.0008,9.8066,0.0219,-0.0147,0.0277,0.69,-32.31,5,65.46,-85.64,-151.68
52.386166,-1.53443,148.91,0,3,302.2,18 / 20,1441228,2019-09-06 18:40:07:910,-0.1998,-0.0254,9.734,0.0038,0.0028,9.8066,-0.0272,-0.0015,-0.0222,0.31,-31.62,5.25,49.8,-85.69,-151.89
52.386166,-1.53443,148.91,0,3,302.2,18 / 20,1441328,2019-09-06 18:40:08:010,0.0542,-0.0514,9.9498,-0.002,0.0003,9.8066,0.0002,0.0015,0.0028,0.5,-31.37,5.25,63.81,-85.69,-151.81
52.386166,-1.53443,148.91,0,3,302.2,19 / 20,1441429,2019-09-06 18:40:08:111,0.0465,-0.0611,9.8384,-0.0012,-0.0033,9.8065,0.0259,-0.0054,0.0163,0.69,-31.81,5.38,65.16,-85.66,-151.82
52.386166,-1.53443,148.91,0,3,302.2,19 / 20,1441528,2019-09-06 18:40:08:210,0.2655,0.2523,10.0094,0.0009,0.0002,9.8066,-0.0204,-0.0016,-0.0197,0.38,-31.75,4.25,59.44,-85.69,-151.89
52.386166,-1.53443,148.91,0,3,302.2,19 / 20,1441628,2019-09-06 18:40:08:310,0.1248,-0.0373,9.9548,-0.0025,0.0017,9.8066,0.0193,-0.0088,0.0225,1,-32.19,5,65.12,-85.68,-151.71
52.386166,-1.53443,148.91,0,3,302.2,19 / 20,1441728,2019-09-06 18:40:08:410,-0.2175,-0.011,9.7605,0.003,0.0002,9.8066,0.0249,-0.0133,0.0087,0.81,-32.5,5.19,65.19,-85.66,-151.77
52.386166,-1.53443,148.91,0,3,302.2,19 / 20,1441828,2019-09-06 18:40:08:510,-0.2026,-0.1903,9.647,-0.0013,-0.0015,9.8066,-0.0148,0.0026,-0.0118,0.44,-32.69,4.63,51.07,-85.68,-151.83
52.386166,-1.53443,148.91,0,3,302.2,19 / 20,1441929,2019-09-06 18:40:08:611,0.1896,0.2409,10.0478,-0.0024,-0.0005,9.8066,0.0282,-0.0126,0.023,0.44,-31.94,4.38,60.1,-85.66,-151.69
52.386166,-1.53443,148.91,0,3,302.2,19 / 20,1442029,2019-09-06 18:40:08:711,0.071,-0.0952,9.9647,0.0014,-0.0001,9.8066,-0.0097,-0.0037,-0.0123,0.31,-31.37,4.81,49.34,-85.66,-151.65
52.386166,-1.53443,148.91,0,3,302.2,19 / 20,1442129,2019-09-06 18:40:08:811,0.3541,0.2606,10.0615,0.0006,0.0031,9.8066,-0.0266,0.0077,-0.0119,0.69,-31.69,4.44,77.39,-85.68,-151.55
52.386166,-1.53443,148.91,0,3,302.2,19 / 20,1442229,2019-09-06 18:40:08:911,0.1766,-0.0125,9.9774,-0.0018,-0.0012,9.8066,0.0158,-0.0074,0.0205,0.25,-32.31,5.06,50.66,-85.65,-151.54
52.386166,-1.53443,148.91,0,3,302.2,19 / 20,1442328,2019-09-06 18:40:09:010,-0.1234,0.0391,9.6863,0.003,0.0021,9.8066,-0.012,-0.0033,-0.0159,0.56,-32.12,4.31,77.27,-85.69,-151.6
52.386166,-1.53443,148.91,0,3,302.2,19 / 21,1442429,2019-09-06 18:40:09:111,-0.1927,0.0078,9.738,-0.0009,0.0002,9.8066,0.0166,-0.0071,0.0101,0.06,-32.12,5,50.41,-85.69,-151.48
52.386166,-1.53443,148.91,0,3,302.2,19 / 21,1442529,2019-09-06 18:40:09:211,-0.2387,-0.1534,9.6871,-0.0002,0.0015,9.8066,-0.0165,-0.0071,-0.0167,0.75,-32.44,4.44,78.06,-85.65,-151.31
52.386166,-1.53443,148.91,0,3,302.2,19 / 21,1442628,2019-09-06 18:40:09:310,-0.1675,0.0334,9.6672,0.0036,0.0031,9.8066,0.0225,-0.0032,0.0219,0.5,-32.25,5.19,65.83,-85.67,-151.21
52.386166,-1.53443,148.91,0,3,302.2,19 / 21,1442729,2019-09-06 18:40:09:411,0.1398,-0.0833,9.9601,-0.0029,-0.0016,9.8066,-0.0037,-0.0002,-0.0012,0.5,-32.12,5.13,65.92,-85.67,-151.17
52.386166,-1.53443,148.91,0,3,302.2,19 / 21,1442828,2019-09-06 18:40:09:510,0.3751,0.238,10.0286,-0.0014,-0.0017,9.8066,-0.0326,-0.0037,-0.0281,0.81,-31.87,5.13,66.19,-85.64,-151.14
52.386166,-1.53443,148.91,0,3,302.2,19 / 21,1442929,2019-09-06 18:40:09:611,0.2767,-0.188,9.7317,0.0027,-0.0006,9.8066,0.0309,-0.0064,0.032,0.63,-31.5,4.56,64.47,-85.68,-151.35
52.386166,-1.53443,148.91,0,3,302.2,19 / 21,1443028,2019-09-06 18:40:09:710,-0.2303,-0.0625,9.657,-0.0012,0.0012,9.8066,0.0047,-0.008,-0.0013,0.75,-31,4.69,64.64,-85.69,-151.19
52.386166,-1.53443,148.91,0,3,302.2,19 / 21,1443129,2019-09-06 18:40:09:811,-0.3192,-0.0761,9.7367,0.002,-0.0004,9.8066,-0.0108,-0.0036,-0.0107,1,-31.81,4.31,78.17,-85.65,-151.17
52.386166,-1.53443,148.91,0,3,302.2,19 / 21,1443229,2019-09-06 18:40:09:911,0.1463,0.1554,9.9241,0.0008,-0.0028,9.8066,0.0259,0.0052,0.0242,0.31,-32.5,4.69,50.42,-85.69,-151.44
52.386166,-1.53443,148.91,0,3,302.2,19 / 21,1443329,2019-09-06 18:40:10:011,0.2179,0.1257,10.0441,-0.0028,0.0001,9.8066,-0.0161,-0.0174,-0.0132,0.75,-32.62,5.19,66.67,-85.68,-151.33
52.386166,-1.53443,148.91,0,3,302.2,19 / 21,1443429,2019-09-06 18:40:10:111,0.0459,-0.008,9.9433,0.0002,-0.0001,9.8066,-0.0148,-0.019,-0.0181,0.38,-32.31,4.56,50.84,-85.67,-151.27
52.386166,-1.53443,148.91,0,3,302.2,19 / 21,1443529,2019-09-06 18:40:10:211,0.1672,0.1341,9.9519,0.0036,0.0015,9.8066,0.0402,-0.0014,0.0346,1.13,-32.12,4.56,65.14,-85.72,-151.42
52.386166,-1.53443,148.91,0,3,302.2,19 / 21,1443628,2019-09-06 18:40:10:310,0.3002,0.1305,10.1134,-0.0036,-0.0002,9.8066,-0.0195,-0.0083,-0.016,0.5,-32.06,4.5,65.53,-85.7,-151.28
52.386166,-1.53443,148.91,0,3,302.2,19 / 21,1443729,2019-09-06 18:40:10:411,-0.0867,-0.0921,9.6936,0.0027,0.0016,9.8065,0.0082,-0.0074,0.0033,0.13,-31.87,4.63,50.83,-85.69,-151.2
52.386166,-1.53443,148.91,0,3,302.2,19 / 21,1443829,2019-09-06 18:40:10:511,-0.308,-0.0596,9.726,0.0028,0.0011,9.8066,0.0338,0.011,0.0359,0.81,-31.31,4.63,64.01,-85.74,-151.37
52.386166,-1.53443,148.91,0,3,302.2,19 / 21,1443928,2019-09-06 18:40:10:610,-0.1859,-0.155,9.6157,-0.0023,0.0012,9.8066,-0.0287,-0.0218,-0.0268,0.31,-31.5,4.44,58.99,-85.69,-151.08
52.386166,-1.53443,148.91,0,3,302.2,19 / 21,1444029,2019-09-06 18:40:10:711,0.172,0.0449,10.0674,0.0045,0.0022,9.8066,0.0194,-0.0071,0.0053,0.75,-32.62,4.31,79.01,-85.72,-151.09
52.386166,-1.53443,148.91,0,3,302.2,19 / 21,1444129,2019-09-06 18:40:10:811,0.1663,-0.0212,9.9322,-0.0017,-0.0001,9.8066,0.0023,0.0074,0.0113,0.81,-32.31,5.06,65.21,-85.73,-151.33
52.386166,-1.53443,148.91,0,3,302.2,19 / 21,1444228,2019-09-06 18:40:10:910,0.1441,0.0738,9.9308,-0.0022,0.0015,9.8066,-0.0199,-0.014,-0.0304,0.5,-32.44,4.75,65.92,-85.69,-150.99
52.386166,-1.53443,148.91,0,3,302.2,19 / 21,1444328,2019-09-06 18:40:11:010,-0.0951,-0.1182,9.7983,0.0031,0,9.8066,0.0246,-0.0041,0.0299,0.94,-32.06,4.56,65.5,-85.72,-151.14
52.386166,-1.53443,148.91,0,3,302.2,18 / 19,1444429,2019-09-06 18:40:11:111,-0.1671,-0.0014,9.6509,-0.0032,0.0005,9.8066,0.0023,-0.0008,0.0067,0.56,-31.5,4.44,76.12,-85.73,-151
52.386166,-1.53443,148.91,0,3,302.2,18 / 19,1444528,2019-09-06 18:40:11:210,-0.3513,-0.1972,9.6978,0.0007,0.0008,9.8066,-0.0117,-0.0159,-0.013,1.13,-31.37,4.5,65.05,-85.69,-150.87
52.386166,-1.53443,148.91,0,3,302.2,18 / 19,1444629,2019-09-06 18:40:11:311,-0.1617,-0.0408,9.6938,0.0021,0.0001,9.8066,0.0266,0.0064,0.0222,0.56,-31.81,4.75,65.75,-85.73,-150.91
52.386166,-1.53443,148.91,0,3,302.2,18 / 19,1444729,2019-09-06 18:40:11:411,0.2164,-0.0066,10.0559,-0.003,-0.0008,9.8066,-0.0095,-0.0116,-0.0133,0.5,-32.25,4.44,77.79,-85.72,-150.89
52.386166,-1.53443,148.91,0,3,302.2,18 / 19,1444828,2019-09-06 18:40:11:510,0.2321,0.2096,9.9652,0,-0.0011,9.8066,-0.0211,-0.0118,-0.0125,0,-32.75,4.69,52.3,-85.7,-150.88
52.386166,-1.53443,148.91,0,3,302.2,18 / 19,1444928,2019-09-06 18:40:11:610,0.3397,0.1858,10.0849,0.0027,0.0011,9.8066,0.033,0.0025,0.0304,0.56,-32.87,4.44,78.86,-85.74,-151.01
52.386166,-1.53443,148.91,0,3,302.2,18 / 19,1445029,2019-09-06 18:40:11:711,-0.271,0.0162,9.6507,-0.0045,0.0002,9.8066,-0.0183,-0.0049,-0.0177,0.56,-32.19,4.44,77.96,-85.71,-150.84
52.386166,-1.53443,148.91,0,3,302.2,18 / 19,1445128,2019-09-06 18:40:11:810,-0.0799,-0.0259,9.8802,0.0031,0.0019,9.8066,0.017,-0.0043,0.0039,0.31,-31.94,5,51.21,-85.71,-150.82
52.386166,-1.53443,148.91,0,3,302.2,18 / 19,1445228,2019-09-06 18:40:11:910,-0.0881,-0.0021,9.822,0.0012,0.0018,9.8066,0.0258,-0.0144,0.0197,0.69,-32.12,4.69,65.52,-85.74,-151.03
52.386166,-1.53443,148.91,0,3,302.2,18 / 19,1445328,2019-09-06 18:40:12:010,-0.1039,0.0867,9.7507,-0.0007,-0.0009,9.8066,-0.0146,-0.0035,-0.0121,0.5,-32.62,4.25,79.14,-85.71,-151.04
52.386166,-1.53443,148.91,0,3,302.2,19 / 20,1445429,2019-09-06 18:40:12:111,-0.0928,0.124,9.7838,0.0027,0.0015,9.8066,0.0104,-0.0139,0.0127,0.44,-31.69,4.13,60.04,-85.73,-151.16
52.386166,-1.53443,148.91,0,3,302.2,19 / 20,1445529,2019-09-06 18:40:12:211,0.1425,0.0614,9.9329,-0.0019,-0.0008,9.8066,-0.0167,-0.01,-0.0091,0.19,-31.69,4.63,50.55,-85.72,-151.18
52.386166,-1.53443,148.91,0,3,302.2,19 / 20,1445629,2019-09-06 18:40:12:311,0.2677,0.1624,10.003,0.0004,0.0017,9.8066,-0.0051,0.009,-0.013,0.88,-32.94,4.94,66.66,-85.73,-151.01
52.386166,-1.53443,148.91,0,3,302.2,19 / 20,1445729,2019-09-06 18:40:12:411,-0.3156,-0.257,9.6575,-0.0004,0,9.8066,0.023,-0.0201,0.0229,0.88,-32.25,5.06,65.25,-85.74,-151.2
52.386166,-1.53443,148.91,0,3,302.2,19 / 20,1445829,2019-09-06 18:40:12:511,-0.1276,0.0636,9.7415,-0.0042,-0.0021,9.8066,-0.0123,-0.0046,-0.0102,0.25,-32.19,4.19,60.43,-85.72,-150.98
52.386166,-1.53443,148.91,0,3,302.2,19 / 20,1445928,2019-09-06 18:40:12:610,-0.3654,-0.311,9.6998,0.0023,-0.0008,9.8066,-0.0084,-0.0023,0.0086,0.56,-32.62,4.13,79.13,-85.71,-151.03
52.386166,-1.53443,148.91,0,3,302.2,19 / 20,1446028,2019-09-06 18:40:12:710,-0.0372,0.1115,9.7294,0.0001,-0.0001,9.8066,0.0219,-0.0094,0.0228,0.81,-31.62,4.25,77.32,-85.75,-151.02
52.386166,-1.53443,148.91,0,3,302.2,19 / 20,1446128,2019-09-06 18:40:12:810,0.1264,-0.0649,10.0108,-0.0006,0.001,9.8066,-0.0104,-0.0044,-0.0198,0.69,-31.87,4.38,77.95,-85.72,-150.77
52.386166,-1.53443,148.91,0,3,302.2,19 / 20,1446229,2019-09-06 18:40:12:911,0.1211,0.0753,9.8704,0.0021,0.0009,9.8066,0.0036,-0.0084,0.0046,0.25,-32.12,4.13,60.53,-85.72,-150.91
52.386166,-1.53443,148.91,0,3,302.2,19 / 20,1446328,2019-09-06 18:40:13:010,0.1101,0.0603,9.9965,0.0002,-0.0004,9.8066,0.024,0.0008,0.0134,0.31,-31.44,4.88,49.71,-85.75,-150.93
52.386166,-1.53443,148.91,0,3,302.2,19 / 21,1446428,2019-09-06 18:40:13:110,0.3073,0.1092,10.1071,-0.0032,-0.0016,9.8066,-0.0215,-0.0066,-0.0235,0.44,-32.25,4.5,51.02,-85.72,-150.88
52.386166,-1.53443,148.91,0,3,302.2,19 / 21,1446529,2019-09-06 18:40:13:211,-0.1525,0.0442,9.688,0.0042,0.0013,9.8065,0.0137,-0.0052,0.0163,0.88,-32.25,4.69,65.65,-85.74,-150.89
52.386166,-1.53443,148.91,0,3,302.2,19 / 21,1446629,2019-09-06 18:40:13:311,-0.3251,-0.2989,9.6859,0.0015,0.0015,9.8066,0.0335,0.003,0.0264,0.31,-32.5,4.56,50.49,-85.76,-151.02
52.386166,-1.53443,148.91,0,3,302.2,19 / 21,1446728,2019-09-06 18:40:13:410,-0.1849,0.04,9.6443,0.0002,0.0016,9.8066,-0.0195,-0.0101,-0.0268,0.75,-32.56,4.88,67,-85.72,-150.86
52.386166,-1.53443,148.91,0,3,302.2,19 / 21,1446828,2019-09-06 18:40:13:510,0.0803,-0.1397,10.0468,0.0037,0.001,9.8066,0.0143,-0.0087,0.0224,0.56,-32.37,4.13,77.39,-85.75,-150.94
52.386166,-1.53443,148.91,0,3,302.2,19 / 21,1446928,2019-09-06 18:40:13:610,0.2236,0.1287,9.9115,-0.0033,-0.0009,9.8066,-0.0123,0.0037,0.0016,0.63,-31.81,4.63,65.2,-85.76,-151.13
52.386166,-1.53443,148.91,0,3,302.2,19 / 21,1447028,2019-09-06 18:40:13:710,0.2225,0.0245,10.0046,-0.0011,-0.0003,9.8066,-0.024,-0.0106,-0.0203,0.56,-31.75,4.38,77.62,-85.73,-150.93
52.386166,-1.53443,148.91,0,3,302.2,19 / 21,1447128,2019-09-06 18:40:13:810,-0.2524,-0.0665,9.6677,0.0024,0.0009,9.8066,0.0293,-0.0108,0.0256,0.69,-32.25,4.94,65.31,-85.76,-151.08
52.386166,-1.53443,148.91,0,3,302.2,19 / 21,1447229,2019-09-06 18:40:13:911,-0.0541,0.0156,9.9077,-0.0038,-0.0007,9.8066,-0.0084,-0.0033,-0.0079,0.81,-32.56,5.06,66.73,-85.73,-150.97
52.386166,-1.53443,148.91,0,3,302.2,19 / 21,1447328,2019-09-06 18:40:14:010,-0.0908,-0.2208,9.8084,0.0005,-0.0031,9.8066,-0.0167,-0.0022,-0.0009,0.06,-32.94,4.88,51.88,-85.71,-151.1
52.386166,-1.53443,148.91,0,3,302.2,19 / 20,1447429,2019-09-06 18:40:14:111,-0.1832,-0.0041,9.6946,0.0013,-0.001,9.8066,0.028,-0.0042,0.0298,0.19,-32.44,4.31,59.67,-85.75,-151.24
52.386166,-1.53443,148.91,0,3,302.2,19 / 20,1447529,2019-09-06 18:40:14:211,0.177,0.0174,10.0565,-0.002,-0.0008,9.8066,-0.0139,-0.012,-0.0206,0.75,-32.19,4.63,65.62,-85.71,-151.12
52.386166,-1.53443,148.91,0,3,302.2,19 / 20,1447628,2019-09-06 18:40:14:310,0.2446,0.1538,9.9298,0.0014,0.0005,9.8066,-0.0128,-0.0076,-0.0028,0.56,-32.19,4.69,65.67,-85.71,-151.12
52.386166,-1.53443,148.91,0,3,302.2,19 / 20,1447729,2019-09-06 18:40:14:411,-0.2642,-0.1757,9.79,-0.0001,0.0005,9.8066,0.0281,0.0008,0.0178,0.88,-32,4.5,65.32,-85.75,-151.14
52.386166,-1.53443,148.91,0,3,302.2,19 / 20,1447828,2019-09-06 18:40:14:510,-0.2676,-0.306,9.6178,-0.0023,-0.0004,9.8066,-0.0109,-0.0161,-0.0173,0.44,-32.37,4.56,50.65,-85.72,-151.14
52.386166,-1.53443,148.91,0,3,302.2,19 / 20,1447929,2019-09-06 18:40:14:611,-0.0748,0.045,9.8088,0.0035,0.0026,9.8066,0.0158,-0.0086,0.0114,0.44,-32,4.5,50.67,-85.71,-151.2
52.386166,-1.53443,148.91,0,3,302.2,19 / 20,1448028,2019-09-06 18:40:14:710,-0.1656,0.0559,9.7733,0.0013,0.0013,9.8066,0.0261,0.0042,0.0278,0.88,-32.19,4.5,65.18,-85.75,-151.22
52.386166,-1.53443,148.91,0,3,302.2,19 / 20,1448129,2019-09-06 18:40:14:811,-0.3098,-0.2242,9.6338,-0.0022,0.0006,9.8066,-0.0215,-0.0138,-0.0278,0.81,-32.62,4.63,66.87,-85.71,-151.01
52.386166,-1.53443,148.91,0,3,302.2,19 / 20,1448229,2019-09-06 18:40:14:911,0.1442,0.2191,10.0592,0.0039,0.0008,9.8066,0.0113,-0.0102,-0.0016,0.13,-33.06,4.63,51.73,-85.73,-151.08
52.386166,-1.53443,148.91,0,3,302.2,19 / 20,1448329,2019-09-06 18:40:15:011,0.2091,-0.032,9.9854,-0.003,-0.0016,9.8066,0.0076,0.0053,0.0174,0.38,-31.62,4.25,59.71,-85.74,-151.31
52.386166,-1.53443,148.91,0,3,302.2,19 / 21,1448429,2019-09-06 18:40:15:111,0.2994,0.3655,10.0481,-0.0039,-0.0002,9.8066,-0.0304,-0.0206,-0.0291,0.44,-32.19,4.75,50.86,-85.7,-151.08
52.386166,-1.53443,148.91,0,3,302.2,19 / 21,1448529,2019-09-06 18:40:15:211,-0.3742,-0.2421,9.5922,0.0046,0.0016,9.8066,0.0282,0.0033,0.0279,0.38,-31.62,4.38,59.84,-85.73,-151.27
52.386166,-1.53443,148.91,0,3,302.2,19 / 21,1448628,2019-09-06 18:40:15:310,-0.1512,0.0557,9.7804,-0.0019,0.001,9.8066,0.0122,0.0173,0.0155,0.56,-32,4.13,77.19,-85.74,-151.18
52.386166,-1.53443,148.91,0,3,302.2,19 / 21,1448729,2019-09-06 18:40:15:411,-0.2454,-0.2898,9.7359,-0.0021,-0.0037,9.8066,-0.0364,-0.0157,-0.0218,0.19,-32,4.19,60.74,-85.68,-151.15
52.386166,-1.53443,148.91,0,3,302.2,19 / 21,1448829,2019-09-06 18:40:15:511,0.272,0.2867,10.0328,0.0019,-0.0018,9.8066,0.0165,0.0016,0.0232,0.25,-32.75,4.63,51.63,-85.71,-151.25
52.386166,-1.53443,148.91,0,3,302.2,19 / 21,1448929,2019-09-06 18:40:15:611,0.0356,-0.1511,9.9153,-0.0022,0.0002,9.8066,-0.005,-0.0118,-0.0047,0.94,-32.44,4.63,65.33,-85.71,-151.33
52.386166,-1.53443,148.91,0,3,302.2,19 / 21,1449029,2019-09-06 18:40:15:711,0.2074,0.1435,9.898,-0.0012,-0.0013,9.8066,-0.0243,-0.0112,-0.027,0.44,-32.44,4.56,50.92,-85.68,-151.18
52.386166,-1.53443,148.91,0,3,302.2,19 / 21,1449129,2019-09-06 18:40:15:811,-0.2237,-0.2029,9.7329,0.0017,0.0008,9.8066,0.0379,0.0036,0.0274,0.56,-31.56,4.69,65.02,-85.74,-151.43
52.386166,-1.53443,148.91,0,3,302.2,19 / 21,1449229,2019-09-06 18:40:15:911,0.024,0.1276,9.9134,-0.0049,0.0007,9.8066,-0.0131,-0.0064,-0.0127,0.69,-31.81,4.25,77.68,-85.69,-151.26
52.386166,-1.53443,148.91,0,3,302.2,19 / 21,1449329,2019-09-06 18:40:16:011,0.1075,-0.0903,9.9823,0.0048,0.0015,9.8066,0.0255,-0.0211,0.0121,0.81,-32.5,4.13,77.52,-85.71,-151.22
52.386166,-1.53443,148.91,0,3,302.2,19 / 21,1449428,2019-09-06 18:40:16:110,0.0257,0.0963,9.8339,0.0004,0.0005,9.8066,0.025,-0.0005,0.0222,0.63,-31.75,4.38,77.25,-85.71,-151.38
52.386166,-1.53443,148.91,0,3,302.2,19 / 21,1449529,2019-09-06 18:40:16:211,-0.3053,-0.1664,9.6938,-0.001,0.0002,9.8066,-0.0224,-0.0057,-0.0188,0.69,-32.25,4.5,65.75,-85.67,-151.25
52.386166,-1.53443,148.91,0,3,302.2,19 / 21,1449628,2019-09-06 18:40:16:310,-0.1049,-0.0373,9.7255,0.0026,0.003,9.8066,0.0239,-0.0076,0.0162,0.81,-32.44,4.56,65.59,-85.7,-151.22
52.386166,-1.53443,148.91,0,3,302.2,19 / 21,1449728,2019-09-06 18:40:16:410,0.1904,-0.0374,9.9448,-0.0026,-0.0006,9.8066,-0.0069,0.0004,-0.0067,0.31,-32.69,4.5,51.84,-85.69,-151.24
52.386166,-1.53443,148.91,0,3,302.2,19 / 21,1449829,2019-09-06 18:40:16:511,0.2901,0.283,10.0246,0.0005,-0.0012,9.8066,-0.0252,-0.0025,-0.0147,0.06,-32.75,4.56,51.83,-85.67,-151.36
52.386166,-1.53443,148.91,0,3,302.2,19 / 21,1449928,2019-09-06 18:40:16:610,0.1934,-0.0383,10.0021,0.001,-0.0008,9.8066,0.0235,-0.014,0.0243,0.69,-31.62,4.63,65.25,-85.7,-151.46
52.386166,-1.53443,148.91,0,3,302.2,19 / 21,1450028,2019-09-06 18:40:16:710,0.2176,0.0631,10.0125,-0.0044,-0.0024,9.8066,-0.0114,-0.0105,-0.0112,0.19,-32.12,4.5,50.61,-85.68,-151.38
52.386166,-1.53443,148.91,0,3,302.2,19 / 21,1450129,2019-09-06 18:40:16:811,-0.0165,0.0835,9.8059,0.0002,-0.0011,9.8066,-0.009,-0.0006,0.0034,0.25,-31.69,4.56,50.71,-85.67,-151.38
52.386166,-1.53443,148.91,0,3,302.2,19 / 21,1450229,2019-09-06 18:40:16:911,-0.2975,-0.1676,9.702,0.0016,-0.0006,9.8066,0.0229,-0.0029,0.0263,0.94,-31.81,4.38,77.32,-85.7,-151.47
52.386166,-1.53443,148.91,0,3,302.2,19 / 21,1450329,2019-09-06 18:40:17:011,0.0429,-0.0808,9.8231,-0.0018,0.0006,9.8066,-0.0092,-0.0127,-0.0221,0.31,-32.69,4.81,51.62,-85.69,-151.38
52.386166,-1.53443,148.91,0,3,302.2,19 / 20,1450429,2019-09-06 18:40:17:111,0.0715,0.162,9.8569,0.0019,0.0025,9.8066,-0.013,-0.0056,-0.0111,0.75,-32.56,4.69,66.73,-85.68,-151.28
52.386166,-1.53443,148.91,0,3,302.2,19 / 20,1450528,2019-09-06 18:40:17:210,0.2869,0.0469,10.0535,0.0012,-0.0009,9.8066,0.0284,0.0004,0.0243,0.94,-32.12,4.44,76.97,-85.72,-151.54
52.386166,-1.53443,148.91,0,3,302.2,19 / 20,1450629,2019-09-06 18:40:17:311,-0.4072,-0.079,9.5981,-0.0049,-0.0019,9.8066,-0.0133,-0.0068,-0.0229,0.5,-31.94,4.25,77.45,-85.69,-151.39
52.386166,-1.53443,148.91,0,3,302.2,19 / 20,1450729,2019-09-06 18:40:17:411,-0.114,-0.0122,9.807,0.0057,0.005,9.8066,0.0226,-0.005,0.0167,0.25,-32.19,4.44,59.73,-85.72,-151.44
52.386166,-1.53443,148.91,0,3,302.2,19 / 20,1450829,2019-09-06 18:40:17:511,-0.1702,-0.0903,9.8123,-0.0008,-0.001,9.8066,0.0173,0.0057,0.0288,1.31,-31.5,4,75.54,-85.72,-151.51
52.386166,-1.53443,148.91,0,3,302.2,19 / 20,1450929,2019-09-06 18:40:17:611,0.3242,0.2452,10.0482,-0.0021,0.0004,9.8066,-0.024,-0.0146,-0.027,0.75,-32.06,4.56,65.33,-85.7,-151.42
52.386166,-1.53443,148.91,0,3,302.2,19 / 20,1451029,2019-09-06 18:40:17:711,0.0315,-0.1266,9.9501,0.0039,0.001,9.8066,0.0192,0.0033,0.0083,0.31,-31.75,4.31,60.07,-85.71,-151.33
52.386166,-1.53443,148.91,0,3,302.2,19 / 20,1451129,2019-09-06 18:40:17:811,0.187,0.1368,9.9272,-0.0007,0.0004,9.8066,0.0168,-0.0041,0.0171,0.5,-32.81,4.63,66.21,-85.73,-151.4
52.386166,-1.53443,148.91,0,3,302.2,19 / 20,1451229,2019-09-06 18:40:17:911,-0.267,-0.1931,9.7366,-0.0047,-0.0008,9.8066,-0.0322,-0.02,-0.0333,0.56,-32.69,4.94,66.81,-85.68,-151.22
52.386166,-1.53443,148.91,0,3,302.2,19 / 20,1451328,2019-09-06 18:40:18:010,-0.1843,-0.1303,9.713,0.0029,0.0008,9.8066,0.0115,0.0119,0.0155,0.75,-32.31,4.63,65.35,-85.71,-151.32
52.386166,-1.53443,148.91,0,3,302.2,18 / 20,1451429,2019-09-06 18:40:18:111,-0.0065,0.1218,9.8324,0.0025,0.0032,9.8066,0.0287,-0.0035,0.0223,0.69,-32.25,4.69,65.14,-85.73,-151.39
52.386166,-1.53443,148.91,0,3,302.2,18 / 20,1451529,2019-09-06 18:40:18:211,0.1374,-0.0799,9.962,-0.0024,-0.0014,9.8066,-0.0142,-0.009,-0.0241,0.88,-32.06,4.5,65.63,-85.69,-151.27
52.386166,-1.53443,148.91,0,3,302.2,18 / 20,1451629,2019-09-06 18:40:18:311,0.3109,0.4461,10.0341,-0.0017,-0.0026,9.8066,-0.0222,-0.0007,0.0026,0.38,-31.87,4.5,50.61,-85.68,-151.4
52.386166,-1.53443,148.91,0,3,302.2,18 / 20,1451729,2019-09-06 18:40:18:411,-0.2697,-0.1402,9.7143,-0.0003,0.0007,9.8066,0.0162,0,0.0231,0.56,-32,4.13,77.16,-85.72,-151.42
52.386166,-1.53443,148.91,0,3,302.2,18 / 20,1451828,2019-09-06 18:40:18:510,-0.2427,-0.0326,9.6634,-0.0016,0.0017,9.8066,-0.002,-0.0072,-0.022,0.44,-31.62,4.13,60.32,-85.71,-151.18
52.386166,-1.53443,148.91,0,3,302.2,18 / 20,1451928,2019-09-06 18:40:18:610,-0.2905,-0.1691,9.7865,0.0022,-0.0009,9.8066,0.0003,-0.0162,0.0004,0.75,-32.37,5.06,65.75,-85.68,-151.25
52.386166,-1.53443,148.91,0,3,302.2,18 / 20,1452029,2019-09-06 18:40:18:711,0.1591,0.2032,9.9355,-0.0002,-0.0025,9.8066,0.0292,0.0054,0.0234,0.19,-32.5,4.81,50.17,-85.71,-151.54
52.386166,-1.53443,148.91,0,3,302.2,18 / 20,1452129,2019-09-06 18:40:18:811,0.2407,0.1618,10.0666,-0.0043,-0.0022,9.8066,-0.0212,-0.0168,-0.0171,0.38,-32.81,4.25,62.2,-85.68,-151.34
52.386166,-1.53443,148.91,0,3,302.2,18 / 20,1452229,2019-09-06 18:40:18:911,0.2184,0.0004,9.9538,0.0015,-0.0016,9.8066,-0.0211,-0.017,-0.0152,0.56,-32.62,4.69,66.69,-85.68,-151.37
52.386166,-1.53443,148.91,0,3,302.2,18 / 20,1452328,2019-09-06 18:40:19:010,0.4228,0.2061,10.0785,0.0024,0,9.8066,0.045,0.004,0.0317,0.81,-31.69,4.19,77.17,-85.71,-151.53
52.386166,-1.53443,148.91,0,3,302.2,19 / 20,1452429,2019-09-06 18:40:19:111,-0.3024,-0.2955,9.6759,-0.005,0,9.8065,-0.0257,-0.022,-0.0338,0.13,-32.37,4.44,60.24,-85.67,-151.5
52.386166,-1.53443,148.91,0,3,302.2,19 / 20,1452529,2019-09-06 18:40:19:211,-0.1316,0.0667,9.6916,0.0035,0.0002,9.8066,0.0032,0.0034,0.0013,0.19,-32.31,4.44,60.01,-85.69,-151.5
52.386166,-1.53443,148.91,0,3,302.2,19 / 20,1452629,2019-09-06 18:40:19:311,-0.3194,-0.1443,9.7757,0.0019,-0.0011,9.8066,0.0291,0.0047,0.0343,1,-31.87,4.31,76.78,-85.72,-151.67
52.386166,-1.53443,148.91,0,3,302.2,19 / 20,1452728,2019-09-06 18:40:19:410,0.1888,0.3,9.9855,-0.0008,0.0021,9.8066,-0.007,-0.0242,-0.0209,0.44,-32.25,5,50.22,-85.7,-151.53
52.386166,-1.53443,148.91,0,3,302.2,19 / 20,1452828,2019-09-06 18:40:19:510,0.1389,0.0696,10.0743,0.0007,0.0021,9.8066,-0.0037,-0.002,-0.0098,0.31,-32.62,4.56,51.67,-85.7,-151.29
52.386166,-1.53443,148.91,0,3,302.2,19 / 20,1452929,2019-09-06 18:40:19:611,0.1388,0.0011,9.9437,0.0007,0.0003,9.8066,0.0173,0.0034,0.0283,0.56,-32.5,4.25,77.02,-85.72,-151.49
52.386166,-1.53443,148.91,0,3,302.2,19 / 20,1453028,2019-09-06 18:40:19:710,-0.2693,-0.1822,9.7253,-0.0022,0.0022,9.8066,0.0079,-0.0261,-0.0124,0.44,-32.06,5,50.7,-85.71,-151.16
52.386166,-1.53443,148.91,0,3,302.2,19 / 20,1453129,2019-09-06 18:40:19:811,-0.2847,-0.226,9.6205,0.0017,0.0001,9.8066,-0.0147,0.0018,0.004,0.44,-32.12,4.06,60.46,-85.69,-151.19
52.386166,-1.53443,148.91,0,3,302.2,19 / 20,1453228,2019-09-06 18:40:19:910,-0.1699,0.0774,9.7364,0.0025,0.0008,9.8066,0.0259,0.002,0.033,0.63,-31.94,4.06,77.18,-85.73,-151.26
52.386166,-1.53443,148.91,0,3,302.2,19 / 20,1453329,2019-09-06 18:40:20:011,0.2531,0.0349,9.9628,-0.0031,-0.0005,9.8066,-0.0286,-0.0099,-0.0224,0.81,-31.44,4,75.95,-85.72,-151.22
52.386166,-1.53443,148.91,0,3,302.2,19 / 21,1453428,2019-09-06 18:40:20:110,0.2868,0.1883,10.0357,0.0026,0.0006,9.8066,-0.0005,0.0061,-0.0065,0.75,-32,4.81,65.53,-85.72,-151.16
52.386166,-1.53443,148.91,0,3,302.2,19 / 21,1453529,2019-09-06 18:40:20:211,0.2127,0.0467,10.0658,-0.0011,-0.0014,9.8066,0.0165,-0.016,0.026,1,-32.62,5.13,66.13,-85.72,-151.49
52.386166,-1.53443,148.91,0,3,302.2,19 / 21,1453628,2019-09-06 18:40:20:310,0.1603,0.0218,9.9853,-0.0038,-0.0036,9.8066,-0.013,-0.0097,-0.023,0.25,-32.75,4.81,51.68,-85.7,-151.31
52.386166,-1.53443,148.91,0,3,302.2,19 / 21,1453729,2019-09-06 18:40:20:411,-0.2642,-0.0701,9.6999,0.0042,-0.0007,9.8066,0.011,0.0069,0.0184,0.56,-32.81,4.13,78.57,-85.71,-151.56
52.386166,-1.53443,148.91,0,3,302.2,19 / 21,1453828,2019-09-06 18:40:20:510,-0.2839,-0.0857,9.6336,-0.0019,-0.0003,9.8066,0.007,-0.0224,0.0199,0.75,-31.75,4.25,76.98,-85.72,-151.6
52.386166,-1.53443,148.91,0,3,302.2,19 / 21,1453928,2019-09-06 18:40:20:610,-0.1593,0.0101,9.8226,0.0001,0.0009,9.8066,-0.0078,-0.0012,-0.0235,0.88,-32.44,4.06,77.53,-85.69,-151.35
52.386166,-1.53443,148.91,0,3,302.2,19 / 21,1454029,2019-09-06 18:40:20:711,0.2848,0.0293,9.9716,0.0039,-0.0005,9.8066,0.0188,0.002,0.0268,0.63,-32.19,4.38,76.95,-85.72,-151.56
52.386166,-1.53443,148.91,0,3,302.2,19 / 21,1454129,2019-09-06 18:40:20:811,0.2889,0.0773,10.0654,-0.0003,0.0013,9.8066,0.0095,-0.0248,-0.0047,0.75,-31.87,3.94,77,-85.72,-151.51
52.386166,-1.53443,148.91,0,3,302.2,19 / 21,1454228,2019-09-06 18:40:20:910,0.0787,-0.1221,9.9153,-0.0014,0.0009,9.8066,-0.0115,-0.0005,-0.0251,0.56,-31.81,3.94,77.38,-85.7,-151.37
52.386166,-1.53443,148.91,0,3,302.2,19 / 21,1454329,2019-09-06 18:40:21:011,-0.0836,0.0733,9.7952,0.0035,0.0003,9.8066,0.0246,-0.0097,0.0271,0.44,-32.75,4.5,50.71,-85.74,-151.7
52.386166,-1.53443,148.91,0,3,302.2,19 / 21,1454428,2019-09-06 18:40:21:110,-0.2234,-0.1589,9.7499,-0.0008,0.0015,9.8066,0.0064,-0.0226,-0.0055,0.63,-32.81,3.75,78.28,-85.73,-151.64
52.386166,-1.53443,148.91,0,3,302.2,19 / 21,1454529,2019-09-06 18:40:21:211,0.0497,0.1965,9.89,0.0022,-0.0001,9.8066,-0.0016,0.0062,-0.005,1,-32.69,4.06,78.67,-85.71,-151.47
52.386166,-1.53443,148.91,0,3,302.2,19 / 21,1454629,2019-09-06 18:40:21:311,0.1386,-0.035,9.8853,0.0007,-0.0001,9.8066,0.0178,-0.0087,0.0295,0.81,-32.37,3.75,76.66,-85.73,-151.7
52.386166,-1.53443,148.91,0,3,302.2,19 / 21,1454729,2019-09-06 18:40:21:411,-0.0046,0.1023,9.8427,-0.0042,0,9.8066,-0.0287,-0.0147,-0.0304,0.75,-31.87,3.63,77.25,-85.71,-151.44
52.386166,-1.53443,148.91,0,3,302.2,19 / 21,1454828,2019-09-06 18:40:21:510,-0.1296,-0.2218,9.722,0.0029,-0.0002,9.8066,0.0037,0.016,0.0067,0.25,-32.25,4.38,59.36,-85.74,-151.56
52.386166,-1.53443,148.91,0,3,302.2,19 / 21,1454929,2019-09-06 18:40:21:611,0.0863,0.197,9.9775,-0.0034,-0.001,9.8066,-0.0074,-0.0186,0.0069,0.63,-32.25,3.44,95.39,-85.75,-151.54
52.386166,-1.53443,148.91,0,3,302.2,19 / 21,1455029,2019-09-06 18:40:21:711,0.1598,-0.0425,9.9919,-0.0037,-0.0014,9.8066,-0.0315,-0.0127,-0.0307,0.5,-31.94,4.56,65.27,-85.72,-151.31
52.386166,-1.53443,148.91,0,3,302.2,19 / 21,1455128,2019-09-06 18:40:21:810,0.4022,0.2015,10.0773,0.006,0.0002,9.8066,0.0349,0.0061,0.0342,1.31,-32,3.5,76.74,-85.75,-151.44
52.386166,-1.53443,148.91,0,3,302.2,19 / 21,1455229,2019-09-06 18:40:21:911,-0.3817,-0.2468,9.6724,-0.0035,0.0012,9.8066,-0.0079,-0.0103,0.0002,1.31,-31.75,4.31,76.59,-85.77,-151.43
52.386166,-1.53443,148.91,0,3,302.2,19 / 21,1455329,2019-09-06 18:40:22:011,-0.1613,0.0314,9.7315,0.002,-0.0005,9.8066,0.0057,0.0028,-0.0148,1.06,-32.25,4.56,64.98,-85.76,-151.31
52.386166,-1.53443,148.91,0,3,302.2,19 / 21,1455429,2019-09-06 18:40:22:111,-0.4651,-0.1987,9.7358,0.0032,-0.0009,9.8066,0.0349,0.0085,0.0321,1.13,-31.94,3.38,94.78,-85.79,-151.55
52.386166,-1.53443,148.91,0,3,302.2,19 / 21,1455529,2019-09-06 18:40:22:211,-0.0267,0.0555,9.8241,-0.0009,0.0019,9.8066,-0.0097,-0.0275,-0.0173,1.06,-31.5,4.63,63.82,-85.76,-151.38
52.386166,-1.53443,148.91,0,3,302.2,19 / 21,1455628,2019-09-06 18:40:22:310,0.0906,0.1758,9.9526,0.0012,0.0008,9.8066,-0.0072,-0.0004,-0.0134,1.25,-31.75,3.81,76.73,-85.76,-151.38
52.386166,-1.53443,148.91,0,3,302.2,19 / 21,1455729,2019-09-06 18:40:22:411,0.1599,-0.0194,9.9508,0.0017,0.0007,9.8066,0.0257,-0.0001,0.0255,1.25,-31.25,4,74.57,-85.8,-151.65
52.386166,-1.53443,148.91,0,3,302.2,19 / 21,1455828,2019-09-06 18:40:22:510,0.3488,0.1593,9.9981,-0.0005,0.0023,9.8066,-0.0073,-0.0173,-0.0133,1.44,-31.75,3.81,76.45,-85.78,-151.47
52.386166,-1.53443,148.91,0,3,302.2,19 / 21,1455928,2019-09-06 18:40:22:610,-0.3299,-0.2396,9.733,0.0024,-0.001,9.8066,0.0104,0.012,0.0086,1.44,-31.94,4.06,76.68,-85.76,-151.39
52.386166,-1.53443,148.91,0,3,302.2,19 / 21,1456029,2019-09-06 18:40:22:711,-0.0323,-0.1422,9.8339,-0.0011,-0.0014,9.8066,0.0081,0.0036,0.0256,1.06,-32.25,3.5,76.11,-85.79,-151.68
52.386166,-1.53443,148.91,0,3,302.2,19 / 21,1456129,2019-09-06 18:40:22:811,-0.0179,0.1003,9.8309,-0.0033,-0.0011,9.8066,-0.0325,-0.0172,-0.0277,1.25,-32.25,3.81,76.76,-85.75,-151.43
52.386166,-1.53443,148.91,0,3,302.2,19 / 21,1456228,2019-09-06 18:40:22:910,-0.2278,-0.18,9.7205,0.0026,0.0006,9.8066,0.0053,0.0162,0.0098,0.94,-31.81,4.13,76.38,-85.79,-151.44
52.386166,-1.53443,148.91,0,3,302.2,19 / 21,1456328,2019-09-06 18:40:23:010,-0.1844,0.0652,9.7075,-0.0036,-0.0007,9.8066,-0.0015,-0.0167,0.0053,1.44,-31.69,3.75,76.03,-85.81,-151.57
52.386166,-1.53443,148.91,0,3,302.2,17 / 19,1456429,2019-09-06 18:40:23:111,0.0031,0.0589,9.9255,-0.0024,-0.0007,9.8066,0.0109,-0.0015,-0.0091,1.38,-31.75,4.06,76.69,-85.77,-151.37
52.386166,-1.53443,148.91,0,3,302.2,17 / 19,1456529,2019-09-06 18:40:23:211,-0.1341,-0.0598,9.8065,0.0024,-0.0008,9.8066,0.0201,0.0063,0.0263,1.31,-31.56,4,76.08,-85.8,-151.56
52.386166,-1.53443,148.91,0,3,302.2,17 / 19,1456628,2019-09-06 18:40:23:310,0.1533,0.2039,9.9632,-0.0023,-0.0005,9.8066,0.0017,-0.0181,0.0028,1.44,-31.75,3.81,76.15,-85.79,-151.57
52.386166,-1.53443,148.91,0,3,302.2,17 / 19,1456729,2019-09-06 18:40:23:411,-0.0558,-0.0836,9.7906,0.0021,0.0002,9.8066,-0.0051,0.0002,-0.0079,1.31,-32.69,3.88,77.89,-85.78,-151.44
52.386166,-1.53443,148.91,0,3,302.2,17 / 19,1456828,2019-09-06 18:40:23:510,-0.1601,0.0576,9.7756,0.0046,0.0002,9.8066,0.038,0.0119,0.0342,1.56,-31.87,4.25,86.36,-85.82,-151.7
52.386166,-1.53443,148.91,0,3,302.2,17 / 19,1456929,2019-09-06 18:40:23:611,-0.0771,-0.0595,9.8493,-0.0022,0.0019,9.8066,-0.0189,-0.0249,-0.023,0.88,-32.12,3.88,76.07,-85.79,-151.67
52.386166,-1.53443,148.91,0,3,302.2,17 / 19,1457029,2019-09-06 18:40:23:711,0.1185,0.1025,9.9819,0.0027,0.0002,9.8066,-0.0006,-0.0023,-0.0132,2.13,-31.56,3.56,86.91,-85.8,-151.33
52.386166,-1.53443,148.91,0,3,302.2,17 / 19,1457129,2019-09-06 18:40:23:811,0.17,-0.07,10.0023,0.0012,0.0024,9.8066,0.0178,0.0066,0.0264,1.25,-31.62,4.19,75.74,-85.83,-151.56
52.386166,-1.53443,148.91,0,3,302.2,17 / 19,1457229,2019-09-06 18:40:23:911,-0.0595,0.1327,9.8135,0.0014,0.0036,9.8066,-0.0328,-0.0188,-0.0294,1.5,-31.62,3.81,86.85,-85.81,-151.25
52.386166,-1.53443,148.91,0,3,302.2,17 / 19,1457329,2019-09-06 18:40:24:011,-0.3305,-0.0351,9.6543,0.0022,-0.0022,9.8066,0.0079,0.016,0.0141,1.5,-31.62,3.13,101.62,-85.82,-151.45
52.386166,-1.53443,148.91,0,3,302.2,18 / 21,1457429,2019-09-06 18:40:24:111,-0.1041,-0.1426,9.7769,-0.0023,-0.0015,9.8065,0.0026,0,0.0205,1.38,-32.5,4.31,75.76,-85.83,-151.56
52.386166,-1.53443,148.91,0,3,302.2,18 / 21,1457529,2019-09-06 18:40:24:211,0.0914,0.1104,9.8518,-0.0034,0.0002,9.8066,-0.0169,-0.0079,-0.0297,1.56,-32.62,4.06,87.85,-85.82,-151.34
52.386166,-1.53443,148.91,0,3,302.2,18 / 21,1457628,2019-09-06 18:40:24:310,-0.2486,-0.1189,9.7367,0.0018,-0.0002,9.8066,0.0092,0.0049,0.0132,1,-32.62,4.06,77.57,-85.81,-151.38
52.386166,-1.53443,148.91,0,3,302.2,18 / 21,1457729,2019-09-06 18:40:24:411,0.088,0.1651,9.9723,-0.0024,-0.0009,9.8066,0.0013,-0.0179,0.0073,1.25,-31.37,3.94,74.31,-85.82,-151.65
52.386166,-1.53443,148.91,0,3,302.2,18 / 21,1457828,2019-09-06 18:40:24:510,0.1838,-0.0362,10.0184,-0.003,-0.0016,9.8066,-0.0296,-0.0159,-0.0296,1.38,-31.69,4.25,76.13,-85.8,-151.57
52.386166,-1.53443,148.91,0,3,302.2,18 / 21,1457928,2019-09-06 18:40:24:610,0.3321,0.1608,9.9723,0.0028,-0.0002,9.8066,0.0254,0.0048,0.029,1.31,-31.31,3.94,74.05,-85.84,-151.77
52.386166,-1.53443,148.91,0,3,302.2,18 / 21,1458028,2019-09-06 18:40:24:710,0.1555,-0.0035,10.0337,-0.0015,0.0018,9.8066,0.0002,-0.0133,0.0085,1.56,-30.94,4.19,85.19,-85.83,-151.66
52.386166,-1.53443,148.91,0,3,302.2,18 / 21,1458129,2019-09-06 18:40:24:811,0.0222,-0.0618,9.8367,0.0021,0.0006,9.8066,0.0001,-0.0019,-0.0132,1.56,-31.81,3.63,86.74,-85.81,-151.37
52.386166,-1.53443,148.91,0,3,302.2,18 / 21,1458228,2019-09-06 18:40:24:910,0.0368,0.0976,9.8503,0.0044,-0.0006,9.8066,0.024,0.0085,0.0275,1.5,-32.06,4.25,86.18,-85.84,-151.65
52.386166,-1.53443,148.91,0,3,302.2,18 / 21,1458328,2019-09-06 18:40:25:010,-0.2782,-0.1478,9.7217,-0.0025,0.0016,9.8066,-0.0116,-0.0186,-0.0205,1.5,-32.5,4.31,86.49,-85.83,-151.5
52.386166,-1.53443,148.91,0,3,302.2,19 / 21,1458428,2019-09-06 18:40:25:110,0.0965,0.1938,9.9726,-0.0002,0.0009,9.8066,-0.0066,-0.0064,-0.0154,1.75,-32.12,3.69,86.64,-85.82,-151.38
52.386166,-1.53443,148.91,0,3,302.2,19 / 21,1458529,2019-09-06 18:40:25:211,0.1011,-0.056,9.9828,0.001,0.0001,9.8066,0.0181,0.0006,0.0296,1.19,-31.75,4.06,75.38,-85.85,-151.67
52.386166,-1.53443,148.91,0,3,302.2,19 / 21,1458628,2019-09-06 18:40:25:310,0.3859,0.1199,10.0269,-0.0015,0.0013,9.8066,-0.01,-0.018,-0.0197,1.5,-32.06,4.06,86.39,-85.83,-151.53
52.386166,-1.53443,148.91,0,3,302.2,19 / 21,1458729,2019-09-06 18:40:25:411,-0.3508,-0.0892,9.6601,0.0034,-0.0009,9.8066,0.0127,0.0069,0.0159,1.69,-31.75,3.5,86.17,-85.84,-151.71
52.386166,-1.53443,148.91,0,3,302.2,19 / 21,1458829,2019-09-06 18:40:25:511,-0.0807,0.0886,9.7214,-0.0002,0.0012,9.8066,0.0179,-0.001,0.0056,1.31,-32.12,3.81,75.34,-85.86,-151.69
52.386166,-1.53443,148.91,0,3,302.2,19 / 21,1458929,2019-09-06 18:40:25:611,-0.2365,-0.0889,9.7905,-0.0027,-0.0015,9.8066,-0.0148,-0.0134,-0.0246,1.31,-31.62,4.25,76.11,-85.81,-151.48
52.386166,-1.53443,148.91,0,3,302.2,19 / 21,1459029,2019-09-06 18:40:25:711,0.2836,0.0955,9.9605,0,-0.0022,9.8066,0.015,0.0099,0.0289,1.44,-32.25,3.94,75.88,-85.81,-151.63
52.386166,-1.53443,148.91,0,3,302.2,19 / 21,1459129,2019-09-06 18:40:25:811,0.1907,0.0486,10.088,-0.0014,0.0005,9.8066,0.0115,-0.0181,0.0142,1.44,-31.87,4,75.34,-85.84,-151.85
52.386166,-1.53443,148.91,0,3,302.2,19 / 21,1459229,2019-09-06 18:40:25:911,-0.2157,0.0445,9.6765,-0.0033,-0.0002,9.8065,-0.0085,-0.0043,-0.02,1.75,-32,4.13,86.63,-85.8,-151.59
52.386166,-1.53443,148.91,0,3,302.2,19 / 21,1459329,2019-09-06 18:40:26:011,-0.2491,-0.0467,9.7543,0.0027,-0.0001,9.8066,0.0121,0.0102,0.0244,1.06,-32.12,3.81,75.53,-85.82,-151.81
52.386166,-1.53443,148.91,0,3,302.2,19 / 21,1459430,2019-09-06 18:40:26:112,-0.3686,-0.0668,9.6461,-0.0001,0.0004,9.8066,0.0135,-0.0251,0.0157,1,-32.06,3.94,75.48,-85.83,-151.78
52.386166,-1.53443,148.91,0,3,302.2,19 / 21,1459528,2019-09-06 18:40:26:210,-0.1285,0.0418,9.8,0.0005,-0.0012,9.8065,-0.0103,-0.0057,-0.0156,1.88,-31.62,3.88,86.63,-85.8,-151.61
52.386166,-1.53443,148.91,0,3,302.2,19 / 21,1459629,2019-09-06 18:40:26:311,0.2032,-0.0044,9.9858,0.0021,-0.0022,9.8066,0.0155,0.002,0.0224,1.69,-31.62,3.94,86.15,-85.82,-151.88
52.386166,-1.53443,148.91,0,3,302.2,19 / 21,1459729,2019-09-06 18:40:26:411,0.3591,0.0272,10.0554,-0.0013,0.0025,9.8066,0.0084,-0.0234,-0.0062,1.56,-31.94,3.69,86.21,-85.83,-151.7
52.386166,-1.53443,148.91,0,3,302.2,19 / 21,1459828,2019-09-06 18:40:26:510,-0.0611,-0.1146,9.9204,-0.0016,0,9.8066,-0.0112,-0.0009,-0.0205,1.75,-32.44,3.38,101.67,-85.8,-151.6
52.386166,-1.53443,148.91,0,3,302.2,19 / 21,1459929,2019-09-06 18:40:26:611,-0.1054,0.1011,9.8165,0.0036,0.0025,9.8066,0.0252,-0.0033,0.0248,1.44,-32,3.69,75.44,-85.84,-151.74
52.386166,-1.53443,148.91,0,3,302.2,19 / 21,1460029,2019-09-06 18:40:26:711,-0.214,-0.1065,9.8043,-0.0004,0.0021,9.8066,-0.0224,-0.0118,-0.0226,1.19,-32.06,4,75.81,-85.82,-151.62
52.386166,-1.53443,148.91,0,3,302.2,19 / 21,1460128,2019-09-06 18:40:26:810,0.1306,0.2267,9.8984,0.0027,0.0002,9.8066,-0.0005,0.0207,0.0061,1.56,-32.62,3.63,87.56,-85.82,-151.58
52.386166,-1.53443,148.91,0,3,302.2,19 / 21,1460228,2019-09-06 18:40:26:910,-0.0647,-0.1055,9.8459,0.003,0.001,9.8066,0.0248,-0.0035,0.0213,1.19,-31.81,3.44,93.68,-85.86,-151.69
52.386166,-1.53443,148.91,0,3,302.2,19 / 21,1460328,2019-09-06 18:40:27:010,0.0297,0.1015,9.8646,-0.0043,0,9.8066,-0.0271,-0.0081,-0.0215,1.31,-31.25,3.44,92.49,-85.82,-151.63
52.386166,-1.53443,148.91,0,3,302.2,19 / 20,1460429,2019-09-06 18:40:27:111,-0.1172,-0.0488,9.7988,0.0019,-0.0011,9.8066,0.0194,0.0166,0.0201,1.25,-31.56,3.5,75.5,-85.85,-151.64
52.386166,-1.53443,148.91,0,3,302.2,19 / 20,1460529,2019-09-06 18:40:27:211,0.0647,0.1797,9.886,-0.0022,-0.0001,9.8066,0.0012,-0.0247,0.0128,1.44,-31.44,3.38,91.8,-85.86,-151.75
52.386166,-1.53443,148.91,0,3,302.2,19 / 20,1460628,2019-09-06 18:40:27:310,0.1214,-0.0691,9.9909,-0.0043,-0.0003,9.8066,-0.0292,-0.0072,-0.0306,1.63,-32.44,3.88,86.34,-85.83,-151.59
52.386166,-1.53443,148.91,0,3,302.2,19 / 20,1460729,2019-09-06 18:40:27:411,0.3925,0.0594,9.9992,0.0032,-0.0022,9.8066,0.0242,0.0075,0.026,1.19,-32.44,3.25,93.51,-85.87,-151.79
52.386166,-1.53443,148.91,0,3,302.2,19 / 20,1460829,2019-09-06 18:40:27:511,-0.2299,-0.1204,9.795,-0.0029,0,9.8066,0.0087,-0.0199,0.0153,2.06,-32,4.38,85.99,-85.86,-151.7
52.386166,-1.53443,148.91,0,3,302.2,19 / 20,1460928,2019-09-06 18:40:27:610,-0.2003,0.0091,9.7134,0.0014,0.001,9.8066,0.0014,-0.006,-0.0117,1.56,-31.56,3.44,101.54,-85.83,-151.45
52.386166,-1.53443,148.91,0,3,302.2,19 / 20,1461028,2019-09-06 18:40:27:710,-0.2832,-0.1074,9.7534,0.0013,-0.0013,9.8066,0.0157,0.0079,0.0267,1.5,-31.69,3.69,86.12,-85.85,-151.64
52.386166,-1.53443,148.91,0,3,302.2,19 / 20,1461129,2019-09-06 18:40:27:811,0.3837,-0.0235,10.0042,-0.0014,0.0027,9.8066,-0.0115,-0.0195,-0.0187,1.5,-31.56,3.44,101.15,-85.86,-151.6
52.386166,-1.53443,148.91,0,3,302.2,19 / 20,1461229,2019-09-06 18:40:27:911,0.0122,-0.106,10.0342,0.0027,0.0004,9.8066,-0.0003,-0.0046,-0.0121,1,-31.31,3.19,92.47,-85.84,-151.36
52.386166,-1.53443,148.91,0,3,302.2,19 / 20,1461329,2019-09-06 18:40:28:011,0.25,0.0742,9.9497,0.0022,0.0013,9.8066,0.0229,0.0046,0.0286,1.19,-31.94,4,75.21,-85.88,-151.56
52.386166,-1.53443,148.91,0,3,302.2,18 / 20,1461428,2019-09-06 18:40:28:110,-0.3365,-0.0787,9.7401,-0.0021,0.0024,9.8066,-0.0201,-0.0176,-0.0213,1.5,-32.19,3.88,86.51,-85.85,-151.28
52.386166,-1.53443,148.91,0,3,302.2,18 / 20,1461529,2019-09-06 18:40:28:211,-0.1884,0.0988,9.7077,0.0022,-0.0014,9.8066,0.0096,0.0075,0.0132,1.63,-31.87,4.19,86.53,-85.84,-151.31
52.386166,-1.53443,148.91,0,3,302.2,18 / 20,1461629,2019-09-06 18:40:28:311,-0.0909,0.0337,9.8941,0.001,0.0017,9.8066,0.0164,0.0058,0.0237,1.5,-32.25,3.81,86.12,-85.88,-151.4
52.386166,-1.53443,148.91,0,3,302.2,18 / 20,1461728,2019-09-06 18:40:28:410,0.2596,0.0844,9.9378,-0.0026,-0.0011,9.8066,-0.0179,-0.0186,-0.0291,1.56,-31.69,4,86.61,-85.85,-151.19
52.386166,-1.53443,148.91,0,3,302.2,18 / 20,1461828,2019-09-06 18:40:28:510,0.0608,-0.0626,9.9158,0.0018,-0.001,9.8066,0.0179,0.0152,0.0162,1.38,-31.19,4.19,74.24,-85.87,-151.32
52.386166,-1.53443,148.91,0,3,302.2,18 / 20,1461929,2019-09-06 18:40:28:611,-0.1096,-0.103,9.7338,-0.0032,0.0005,9.8066,-0.0081,-0.0152,0.0002,1.5,-31.06,4.5,73.76,-85.89,-151.49
52.386166,-1.53443,148.91,0,3,302.2,18 / 20,1462029,2019-09-06 18:40:28:711,-0.1327,0.0199,9.8925,-0.002,-0.0004,9.8066,-0.0256,-0.0224,-0.0241,1.19,-31.31,3.13,92.46,-85.85,-151.22
52.386166,-1.53443,148.91,0,3,302.2,18 / 20,1462129,2019-09-06 18:40:28:811,-0.0781,0.0129,9.8282,0.0021,-0.0015,9.8066,0.0259,0.0134,0.0324,1.5,-31.12,3.56,85,-85.89,-151.37
52.386166,-1.53443,148.91,0,3,302.2,18 / 20,1462229,2019-09-06 18:40:28:911,0.1211,0.1801,9.9394,-0.0001,0.0018,9.8066,0.0073,-0.0212,0.0083,1.81,-32.31,4.31,86.4,-85.87,-151.18
52.386166,-1.53443,148.91,0,3,302.2,18 / 20,1462329,2019-09-06 18:40:29:011,-0.1347,-0.1207,9.801,0.0014,-0.0014,9.8066,-0.0134,0.0051,-0.0185,1.63,-31.87,3.25,101.66,-85.85,-151.04
52.386166,-1.53443,148.91,0,3,302.2,18 / 20,1462430,2019-09-06 18:40:29:112,0.0717,0.1244,9.8246,0.0025,-0.0016,9.8066,0.0208,0.0109,0.0316,1.63,-32.69,4.06,87.24,-85.9,-151.25
52.386166,-1.53443,148.91,0,3,302.2,18 / 20,1462528,2019-09-06 18:40:29:210,-0.2274,-0.1666,9.7582,-0.0026,0.002,9.8066,-0.006,-0.0212,-0.0147,1.31,-31.69,3.63,75.64,-85.89,-151.1
52.386166,-1.53443,148.91,0,3,302.2,18 / 20,1462629,2019-09-06 18:40:29:311,0.0755,0.1552,9.8703,0.0016,0.0012,9.8066,-0.0064,-0.0002,-0.0215,1.94,-31.75,3.69,86.88,-85.87,-150.76
52.386166,-1.53443,148.91,0,3,302.2,18 / 20,1462729,2019-09-06 18:40:29:411,0.0125,-0.0895,9.9661,0.0039,0.0004,9.8066,0.0316,-0.006,0.0319,1.31,-31.75,3.5,75.49,-85.9,-151.13
52.386166,-1.53443,148.91,0,3,302.2,18 / 20,1462828,2019-09-06 18:40:29:510,0.1773,-0.0006,9.9437,-0.0023,0.0025,9.8066,-0.0006,-0.0092,-0.0065,1.63,-31.44,3.88,85.45,-85.89,-150.93
52.386166,-1.53443,148.91,0,3,302.2,18 / 20,1462929,2019-09-06 18:40:29:611,-0.0536,-0.0715,9.9058,0.0003,-0.0026,9.8066,-0.0199,0.0101,-0.0073,1.31,-32.19,4.13,76.08,-85.87,-150.97
52.386166,-1.53443,148.91,0,3,302.2,18 / 20,1463029,2019-09-06 18:40:29:711,-0.2872,-0.1491,9.6776,0.0033,0.0007,9.8066,0.0354,-0.0082,0.0296,1.5,-31.87,3.88,86.26,-85.91,-151.01
52.386166,-1.53443,148.91,0,3,302.2,18 / 20,1463128,2019-09-06 18:40:29:810,-0.1826,0.0348,9.8009,-0.0021,0.002,9.8066,-0.0142,-0.0106,-0.0186,1.44,-31.75,3.5,75.68,-85.91,-150.94
52.386166,-1.53443,148.91,0,3,302.2,18 / 20,1463228,2019-09-06 18:40:29:910,0.1982,0.1139,9.9062,0.0001,-0.0002,9.8066,-0.025,0.0068,-0.0109,1.13,-31.94,4.31,76.02,-85.89,-150.8
52.386166,-1.53443,148.91,0,3,302.2,18 / 20,1463328,2019-09-06 18:40:30:010,0.1319,0.1027,10.0309,-0.001,0.0004,9.8065,0.0094,-0.0089,0.0199,1.44,-31.31,3.5,74.3,-85.91,-150.92
52.386166,-1.53443,148.91,0,3,302.2,19 / 20,1463428,2019-09-06 18:40:30:110,0.1987,0.0136,9.946,-0.0024,0.0004,9.8065,-0.0132,-0.0094,-0.0186,1.5,-31.44,3.88,85.59,-85.9,-150.72
52.386166,-1.53443,148.91,0,3,302.2,19 / 20,1463529,2019-09-06 18:40:30:211,-0.3036,-0.0251,9.7751,0.0009,-0.0037,9.8066,0.008,0.011,0.0217,1.56,-31.75,4.38,86.26,-85.91,-151
52.386166,-1.53443,148.91,0,3,302.2,19 / 20,1463628,2019-09-06 18:40:30:310,-0.2263,0.0072,9.6273,-0.0024,-0.0011,9.8066,0.0106,-0.0227,0.0143,1.38,-31.56,4,75.57,-85.92,-150.93
52.386166,-1.53443,148.91,0,3,302.2,19 / 20,1463729,2019-09-06 18:40:30:411,-0.1355,0.0522,9.8548,0.0023,0.0013,9.8066,-0.002,-0.0013,-0.0175,1.44,-31.56,3.5,76.15,-85.89,-150.73
52.386166,-1.53443,148.91,0,3,302.2,19 / 20,1463829,2019-09-06 18:40:30:511,0.1344,0.0533,9.9121,0.0016,-0.001,9.8066,0.0215,0.0098,0.0238,1.81,-31.62,4.31,86.24,-85.92,-150.93
52.386166,-1.53443,148.91,0,3,302.2,19 / 20,1463928,2019-09-06 18:40:30:610,0.3122,0.0002,10.0336,-0.0005,0.0011,9.8066,0.0047,-0.0183,-0.0114,1.5,-32.25,3.69,86.44,-85.91,-150.86
52.386166,-1.53443,148.91,0,3,302.2,19 / 20,1464028,2019-09-06 18:40:30:710,0.1126,-0.0307,10.0408,0.0015,-0.0001,9.8066,-0.0062,-0.0056,-0.0141,1.44,-32,4.31,75.86,-85.89,-150.94
52.386166,-1.53443,148.91,0,3,302.2,19 / 20,1464128,2019-09-06 18:40:30:810,0.1974,0.0174,9.9358,0.0007,-0.001,9.8066,0.0144,-0.0001,0.0266,1.5,-31.75,4,86.1,-85.93,-151.03
52.386166,-1.53443,148.91,0,3,302.2,19 / 20,1464228,2019-09-06 18:40:30:910,-0.3835,-0.0279,9.7592,-0.0021,0.0006,9.8066,-0.0088,-0.0219,-0.0159,1.81,-31.62,3.69,86.35,-85.91,-150.95
52.386166,-1.53443,148.91,0,3,302.2,19 / 20,1464329,2019-09-06 18:40:31:011,-0.1657,0.0886,9.6573,0.0027,-0.0022,9.8066,-0.0002,0.0136,0.0027,1.56,-31.62,3.44,101.09,-85.91,-151.13
52.386166,-1.53443,148.91,0,3,302.2,19 / 20,1464428,2019-09-06 18:40:31:110,-0.0696,0.0457,9.8808,0.0031,0.0015,9.8066,0.0247,0.0056,0.0261,1.88,-31.25,3.75,84.67,-85.94,-151.28
52.386166,-1.53443,148.91,0,3,302.2,19 / 20,1464529,2019-09-06 18:40:31:211,0.1696,0.0183,9.9183,-0.0048,-0.0003,9.8066,-0.0216,-0.0221,-0.0183,1.75,-32.37,3.94,86.45,-85.88,-151.12
52.386166,-1.53443,148.91,0,3,302.2,19 / 20,1464628,2019-09-06 18:40:31:310,0.2347,0.0529,10.0102,-0.0001,-0.0019,9.8066,0,0.0186,0.0132,1.63,-32.31,3.81,86.45,-85.89,-151.02
52.386166,-1.53443,148.91,0,3,302.2,19 / 20,1464729,2019-09-06 18:40:31:411,-0.1165,0.1059,9.7468,-0.0017,0.0013,9.8065,-0.0075,-0.0102,0.0021,1.44,-32.12,4,75.61,-85.9,-151.03
52.386166,-1.53443,148.91,0,3,302.2,19 / 20,1464828,2019-09-06 18:40:31:510,-0.1365,-0.0007,9.9219,-0.0012,0.0015,9.8066,-0.0108,-0.0264,-0.0222,1.5,-32.31,3.94,86.88,-85.87,-150.74
52.386166,-1.53443,148.91,0,3,302.2,19 / 20,1464928,2019-09-06 18:40:31:610,-0.0263,-0.0304,9.8497,0.0023,-0.0017,9.8066,0.0287,0.0006,0.0277,0.94,-31.56,3.5,75.75,-85.89,-151.02
52.386166,-1.53443,148.91,0,3,302.2,19 / 20,1465029,2019-09-06 18:40:31:711,0.1136,0.1764,10.0228,-0.0036,-0.0005,9.8066,-0.0104,-0.0127,0.0034,1.13,-31.81,3.63,76.01,-85.87,-150.95
52.386166,-1.53443,148.91,0,3,302.2,19 / 20,1465128,2019-09-06 18:40:31:810,-0.1722,-0.0785,9.7587,0.0023,0.0001,9.8066,-0.0024,-0.0028,-0.0074,1.69,-31.81,3.69,86.85,-85.88,-150.72
52.386166,-1.53443,148.91,0,3,302.2,19 / 20,1465228,2019-09-06 18:40:31:910,-0.0284,0.1283,9.7842,0.0023,-0.0014,9.8066,0.0243,0.0115,0.0264,1.63,-31.75,3.5,86.33,-85.91,-150.96
52.386166,-1.53443,148.91,0,3,302.2,19 / 20,1465328,2019-09-06 18:40:32:010,-0.2729,-0.0364,9.7227,0.0001,0.0025,9.8066,0.0002,-0.0287,-0.0213,1.5,-32.37,3.5,86.45,-85.89,-151
52.386166,-1.53443,148.91,0,3,302.2,20 / 21,1465429,2019-09-06 18:40:32:111,0.1826,0.1819,9.9702,0.003,0.001,9.8066,0.0042,0.0028,-0.0075,1.69,-31.94,4,86.67,-85.89,-150.83
52.386166,-1.53443,148.91,0,3,302.2,20 / 21,1465528,2019-09-06 18:40:32:210,-0.0382,-0.1222,9.968,-0.0008,-0.0005,9.8066,0.0058,-0.0045,0.0265,1.56,-32.62,3.94,87.42,-85.9,-151.03
52.386166,-1.53443,148.91,0,3,302.2,20 / 21,1465629,2019-09-06 18:40:32:311,0.2924,0.0659,9.9848,-0.0029,0.0013,9.8066,-0.0043,-0.0168,-0.0202,1,-32.5,3.31,94.2,-85.89,-150.7
52.386166,-1.53443,148.91,0,3,302.2,20 / 21,1465729,2019-09-06 18:40:32:411,-0.2578,-0.1108,9.7577,0.0036,-0.0001,9.8066,0.0027,0.0214,0.0103,1.25,-32.19,3.88,76.13,-85.89,-150.72
52.386166,-1.53443,148.91,0,3,302.2,20 / 21,1465828,2019-09-06 18:40:32:510,-0.2587,0.0828,9.6573,0.004,0.0014,9.8066,0.0284,0.0006,0.0294,1.5,-31.75,3.75,86.47,-85.92,-150.77
52.386166,-1.53443,148.91,0,3,302.2,20 / 21,1465928,2019-09-06 18:40:32:610,-0.2691,-0.1903,9.7316,-0.0021,-0.0016,9.8066,-0.0203,-0.02,-0.0223,1.38,-31.25,3.69,75.13,-85.87,-150.61
52.386166,-1.53443,148.91,0,3,302.2,20 / 21,1466028,2019-09-06 18:40:32:710,0.1709,0.0932,9.8861,0.0002,-0.002,9.8066,0.0046,0.0108,0.0212,1.06,-31.94,3.81,76.39,-85.89,-150.54
52.386166,-1.53443,148.91,0,3,302.2,20 / 21,1466128,2019-09-06 18:40:32:810,0.1876,0.0405,10.018,0.0002,0.0006,9.8066,0.0133,-0.0227,0.0201,1.81,-32.69,4.13,87.71,-85.91,-150.65
52.386166,-1.53443,148.91,0,3,302.2,20 / 21,1466228,2019-09-06 18:40:32:910,0.2568,-0.0011,9.9653,-0.0032,0.0007,9.8066,-0.0196,-0.0073,-0.0276,1.69,-32.31,4.13,87.08,-85.88,-150.43
52.386166,-1.53443,148.91,0,3,302.2,20 / 21,1466329,2019-09-06 18:40:33:011,-0.3612,-0.0496,9.7293,0.0044,-0.001,9.8066,0.0268,-0.0026,0.024,1.5,-32.25,4.44,86.87,-85.88,-150.69
52.386166,-1.53443,148.91,0,3,302.2,19 / 21,1466429,2019-09-06 18:40:33:111,-0.209,-0.0591,9.6935,0.0006,-0.0014,9.8066,-0.0061,0.0193,-0.0052,1.31,-31.81,3.81,76.27,-85.89,-150.63
52.386166,-1.53443,148.91,0,3,302.2,19 / 21,1466528,2019-09-06 18:40:33:210,-0.1673,0.0989,9.7695,0.0022,0.0006,9.8066,0.0224,-0.0054,0.0291,1.06,-31.94,3.69,75.91,-85.91,-150.75
52.386166,-1.53443,148.91,0,3,302.2,19 / 21,1466629,2019-09-06 18:40:33:311,0.1085,0.0095,9.93,-0.0026,-0.0019,9.8066,-0.0207,-0.0128,-0.0139,1.38,-31.62,3.75,76.22,-85.9,-150.57
52.386166,-1.53443,148.91,0,3,302.2,19 / 21,1466729,2019-09-06 18:40:33:411,0.2964,0.0667,10.0091,-0.0004,-0.0009,9.8066,0,0.0041,0.0112,1.44,-31.56,3.88,76.23,-85.89,-150.65
52.386166,-1.53443,148.91,0,3,302.2,19 / 21,1466829,2019-09-06 18:40:33:511,0.0689,-0.0955,9.9464,0.0006,-0.0004,9.8066,0.0156,-0.0143,0.0249,1.31,-31.56,3.75,75.93,-85.91,-150.72
52.386166,-1.53443,148.91,0,3,302.2,19 / 21,1466928,2019-09-06 18:40:33:610,-0.1348,0.1447,9.7641,-0.0027,0.0013,9.8066,-0.0033,0.0017,-0.0162,1.25,-32.25,3.38,94.48,-85.88,-150.49
52.386166,-1.53443,148.91,0,3,302.2,19 / 21,1467029,2019-09-06 18:40:33:711,-0.4952,-0.1543,9.6954,0.0012,-0.0022,9.8066,-0.0066,-0.0098,0.0079,1.5,-32.25,4.44,86.85,-85.88,-150.71
52.386166,-1.53443,148.91,0,3,302.2,19 / 21,1467128,2019-09-06 18:40:33:810,-0.0162,0.1041,9.7535,-0.0017,-0.001,9.8065,0.0113,-0.0097,0.0227,1.81,-31.75,3.63,86.67,-85.9,-150.67
52.386166,-1.53443,148.91,0,3,302.2,19 / 21,1467229,2019-09-06 18:40:33:911,-0.0383,-0.1096,9.9751,-0.0014,0.001,9.8066,-0.0105,-0.0052,-0.0197,1.56,-32.06,3.38,101.79,-85.89,-150.5
52.386166,-1.53443,148.91,0,3,302.2,19 / 21,1467329,2019-09-06 18:40:34:011,0.171,0.0457,9.9018,0.0022,-0.0019,9.8066,-0.0093,-0.0077,0.0005,1.31,-31.94,3.56,76.22,-85.9,-150.58
52.386166,-1.53443,148.91,0,3,302.2,19 / 21,1467428,2019-09-06 18:40:34:110,0.3341,0.1844,10.0107,0.0013,0.0024,9.8066,0.0312,-0.0092,0.0084,1.19,-31.94,3.81,76.08,-85.93,-150.44
52.386166,-1.53443,148.91,0,3,302.2,19 / 21,1467529,2019-09-06 18:40:34:211,-0.3094,-0.2097,9.6746,-0.0024,-0.0008,9.8066,-0.0208,0.0055,-0.0156,1.19,-31.81,3.81,76.42,-85.88,-150.53
52.386166,-1.53443,148.91,0,3,302.2,19 / 21,1467628,2019-09-06 18:40:34:310,-0.0858,0.127,9.7533,0.0021,0.0003,9.8066,0.0166,-0.0129,0.0175,1.5,-31.12,3.5,85.62,-85.91,-150.56
52.386166,-1.53443,148.91,0,3,302.2,19 / 21,1467729,2019-09-06 18:40:34:411,-0.4136,-0.1793,9.7222,0.0002,0.0014,9.8066,0.0357,-0.0078,0.0155,1.63,-31.94,3.69,86.68,-85.92,-150.54
52.386166,-1.53443,148.91,0,3,302.2,19 / 21,1467829,2019-09-06 18:40:34:511,-0.0358,0.1795,9.7602,0.0015,0.0013,9.8066,-0.0165,0.0008,-0.0177,1.63,-32.06,3.44,101.9,-85.88,-150.53
52.386166,-1.53443,148.91,0,3,302.2,19 / 21,1467929,2019-09-06 18:40:34:611,-0.1344,0.0826,9.7468,0.003,0.0006,9.8066,0.0182,-0.0157,0.0143,1.5,-32,3.56,86.88,-85.9,-150.47
52.386166,-1.53443,148.91,0,3,302.2,19 / 21,1468029,2019-09-06 18:40:34:711,0.0411,-0.1285,9.9468,-0.0038,0.0008,9.8065,-0.0047,-0.0058,-0.0084,1.81,-32,3.69,87.13,-85.89,-150.36
52.386166,-1.53443,148.91,0,3,302.2,19 / 21,1468129,2019-09-06 18:40:34:811,0.3799,0.0234,10.1044,-0.0003,-0.0002,9.8066,-0.0216,0.0059,-0.0209,1.75,-31.94,3.56,87.31,-85.87,-150.29
52.386166,-1.53443,148.91,0,3,302.2,19 / 21,1468228,2019-09-06 18:40:34:910,0.093,-0.1659,9.9962,0.0007,-0.0004,9.8066,0.028,-0.0165,0.0248,1.25,-31.5,3.44,92.34,-85.91,-150.55
52.386166,-1.53443,148.91,0,3,302.2,19 / 21,1468329,2019-09-06 18:40:35:011,-0.2025,0.0909,9.7507,-0.0033,0.0006,9.8066,-0.0177,-0.0105,-0.0199,1.5,-32.12,3.69,87.19,-85.88,-150.37
52.386166,-1.53443,148.91,0,3,302.2,18 / 20,1468428,2019-09-06 18:40:35:110,-0.2967,-0.1774,9.7666,0.0041,0.0005,9.8066,0.0143,0.0006,0.0159,1.19,-31.94,3.88,76.26,-85.9,-150.53
52.386166,-1.53443,148.91,0,3,302.2,18 / 20,1468529,2019-09-06 18:40:35:211,0.2136,0.1025,9.9999,-0.0027,-0.0014,9.8066,0.0117,-0.0151,-0.004,1.31,-32.25,3.81,76.27,-85.9,-150.55
52.386166,-1.53443,148.91,0,3,302.2,18 / 20,1468629,2019-09-06 18:40:35:311,0.0211,-0.151,9.9295,-0.0009,-0.001,9.8066,-0.0046,0.0035,-0.0149,1.81,-32.31,3.88,87.08,-85.88,-150.43
52.386166,-1.53443,148.91,0,3,302.2,18 / 20,1468728,2019-09-06 18:40:35:410,0.1518,0.1472,9.8991,0.0032,-0.002,9.8066,0.0144,0.0023,0.0213,1.69,-32.12,3.56,86.73,-85.9,-150.64
52.386166,-1.53443,148.91,0,3,302.2,18 / 20,1468828,2019-09-06 18:40:35:510,-0.0533,-0.1071,9.8557,-0.0005,0.0018,9.8066,0.0092,-0.0239,-0.0034,1.31,-31.75,4.31,76.44,-85.9,-150.38
52.386166,-1.53443,148.91,0,3,302.2,18 / 20,1468929,2019-09-06 18:40:35:611,-0.0239,0.1778,9.8528,-0.0016,-0.0016,9.8065,-0.0221,0.0026,-0.0261,1.44,-31.75,4.19,76.81,-85.86,-150.38
52.386166,-1.53443,148.91,0,3,302.2,18 / 20,1469029,2019-09-06 18:40:35:711,0.0946,-0.057,9.9682,0.0029,0.0005,9.8066,0.0323,-0.0043,0.0329,1.75,-32.25,3.56,86.79,-85.89,-150.65
52.386166,-1.53443,148.91,0,3,302.2,18 / 20,1469130,2019-09-06 18:40:35:812,0.2136,0.0402,9.8545,-0.0012,0.0019,9.8066,-0.0292,-0.0065,-0.0299,1.69,-31.12,3.25,100.73,-85.88,-150.41
52.386166,-1.53443,148.91,0,3,302.2,18 / 20,1469228,2019-09-06 18:40:35:910,-0.1602,-0.0699,9.8613,0.0021,-0.0019,9.8066,-0.0092,0.0012,-0.0025,1.75,-31.44,3.69,86.03,-85.86,-150.55
52.386166,-1.53443,148.91,0,3,302.2,18 / 20,1469328,2019-09-06 18:40:36:010,-0.2585,-0.0705,9.7309,0.0019,0.0015,9.8066,-0.0127,0.0009,-0.0223,1.5,-32.12,4,86.93,-85.89,-150.56
52.386166,-1.53443,148.91,0,3,302.2,18 / 20,1469429,2019-09-06 18:40:36:111,-0.1774,0.0668,9.7803,0.0005,-0.0011,9.8066,0.006,-0.0061,0.0121,1.5,-32,4.38,87.2,-85.86,-150.56
52.386166,-1.53443,148.91,0,3,302.2,18 / 20,1469529,2019-09-06 18:40:36:211,-0.102,-0.0932,9.8559,-0.0006,-0.0012,9.8066,0.0179,-0.0063,0.0098,1.56,-32.25,3.75,87.15,-85.85,-150.65
52.386166,-1.53443,148.91,0,3,302.2,18 / 20,1469629,2019-09-06 18:40:36:311,0.2184,0.1198,9.998,0.0013,0.0008,9.8066,-0.0258,-0.0053,-0.0265,1.63,-31.62,3.94,86.62,-85.88,-150.89
52.386166,-1.53443,148.91,0,3,302.2,18 / 20,1469729,2019-09-06 18:40:36:411,0.153,-0.1472,10.0199,-0.0045,0.0002,9.8066,0.0358,-0.0079,0.0286,1.44,-31.56,3.56,76.66,-85.86,-150.58
52.386166,-1.53443,148.91,0,3,302.2,18 / 20,1469828,2019-09-06 18:40:36:510,-0.0744,0.0957,9.8046,0.0002,-0.0011,9.8066,0.0284,-0.0019,0.0167,1.13,-31.44,3.44,93.13,-85.84,-150.64
52.386166,-1.53443,148.91,0,3,302.2,18 / 20,1469929,2019-09-06 18:40:36:611,-0.4406,-0.2292,9.6911,0.001,-0.0003,9.8066,-0.0355,-0.011,-0.0265,1.13,-31.69,3.81,76.26,-85.88,-150.72
52.386166,-1.53443,148.91,0,3,302.2,18 / 20,1470029,2019-09-06 18:40:36:711,-0.2032,-0.0182,9.6754,-0.0033,-0.0006,9.8066,0.0271,-0.0049,0.0172,1.63,-32.44,3.56,87.34,-85.83,-150.6
52.386166,-1.53443,148.91,0,3,302.2,18 / 20,1470128,2019-09-06 18:40:36:810,0.078,0.1848,9.8227,-0.0015,-0.0026,9.8066,0,0.0026,0,1.19,-32,3.75,76.85,-85.83,-150.66
52.386166,-1.53443,148.91,0,3,302.2,18 / 20,1470229,2019-09-06 18:40:36:911,-0.2857,-0.1245,9.76,0.003,0.001,9.8066,-0.0286,-0.0177,-0.0297,1.75,-32.62,4.38,87.94,-85.86,-150.85
52.386166,-1.53443,148.91,0,3,302.2,18 / 20,1470328,2019-09-06 18:40:37:010,-0.0612,0.105,9.7675,-0.0011,0.0015,9.8066,0.0286,0.0204,0.0323,1.44,-32.56,4.06,78.01,-85.85,-150.64
52.386166,-1.53443,148.91,0,3,302.2,20 / 21,1470429,2019-09-06 18:40:37:111,0.0575,-0.0264,10.0056,0.0035,-0.0012,9.8066,0.0104,0.0034,0.0118,1.56,-32,4.13,87.1,-85.85,-150.67
52.386166,-1.53443,148.91,0,3,302.2,20 / 21,1470529,2019-09-06 18:40:37:211,0.2271,0.0187,9.8739,-0.0008,-0.0016,9.8066,-0.0303,-0.0074,-0.0307,1.38,-31.81,3.44,94.3,-85.87,-150.85
52.386166,-1.53443,148.91,0,3,302.2,20 / 21,1470628,2019-09-06 18:40:37:310,0.0626,-0.0063,9.9548,0.0002,0.0027,9.8066,0.0064,0.0138,0.0222,1.56,-31.69,4,87.06,-85.85,-150.75
52.386166,-1.53443,148.91,0,3,302.2,20 / 21,1470729,2019-09-06 18:40:37:411,-0.073,-0.1656,9.7916,0.0045,0.0005,9.8066,0.0097,-0.0284,0.0049,1.31,-31.87,3.56,76.56,-85.87,-150.57
52.386166,-1.53443,148.91,0,3,302.2,20 / 21,1470829,2019-09-06 18:40:37:511,-0.1571,0.0201,9.8308,0.001,0.0018,9.8066,-0.0218,0.0043,-0.0148,1.5,-32.37,3.69,86.55,-85.91,-150.77
52.386166,-1.53443,148.91,0,3,302.2,20 / 21,1470929,2019-09-06 18:40:37:611,-0.2149,-0.1867,9.8836,-0.0036,0.0013,9.8066,0.0257,0.0043,0.0367,1.81,-31.81,4.25,87.21,-85.86,-150.49
52.386166,-1.53443,148.91,0,3,302.2,20 / 21,1471028,2019-09-06 18:40:37:710,0.1703,0.1711,9.9175,0.0009,-0.003,9.8066,0.0021,-0.0165,0.004,1.69,-31.69,4.19,86.7,-85.87,-150.91
52.386166,-1.53443,148.91,0,3,302.2,20 / 21,1471128,2019-09-06 18:40:37:810,-0.1,-0.1173,9.857,0.0002,0.0008,9.8066,-0.0087,0.0003,-0.0166,1.63,-31.94,3.5,86.51,-85.9,-150.9
52.386166,-1.53443,148.91,0,3,302.2,20 / 21,1471228,2019-09-06 18:40:37:910,0.1095,0.0962,9.8346,-0.0018,0.0004,9.8066,0.0046,-0.0018,0.0201,0.81,-32.06,3.5,76.34,-85.88,-150.65
52.386166,-1.53443,148.91,0,3,302.2,20 / 21,1471328,2019-09-06 18:40:38:010,0.0195,-0.0274,9.8982,0.0022,0.0006,9.8066,0.0155,-0.0045,0.0007,0.94,-31.81,3.63,76.42,-85.87,-150.67
52.386166,-1.53443,148.91,0,3,302.2,19 / 20,1471428,2019-09-06 18:40:38:110,-0.1277,0.1118,9.6965,-0.0017,-0.0014,9.8066,0.0186,-0.0063,0.0249,1.69,-31.56,3.44,101.52,-85.88,-150.89
52.386166,-1.53443,148.91,0,3,302.2,19 / 20,1471529,2019-09-06 18:40:38:211,-0.0442,0.0778,9.8539,-0.0041,0.0012,9.8066,-0.0268,-0.0094,-0.0258,1.63,-31.44,3.25,100.64,-85.86,-150.72
52.386166,-1.53443,148.91,0,3,302.2,19 / 20,1471628,2019-09-06 18:40:38:310,-0.074,-0.1213,9.8467,0.0045,-0.0004,9.8066,0,-0.0126,-0.0026,1.5,-32.69,3.81,88.11,-85.86,-150.72
52.386166,-1.53443,148.91,0,3,302.2,19 / 20,1471729,2019-09-06 18:40:38:411,0.3632,0.1265,10.0516,0.0024,-0.001,9.8066,0.0297,-0.0009,0.0315,1.63,-32.69,3.75,87.71,-85.89,-150.89
52.386166,-1.53443,148.91,0,3,302.2,19 / 20,1471829,2019-09-06 18:40:38:511,-0.0554,-0.1551,9.8886,-0.0047,-0.0015,9.8066,-0.0246,-0.0191,-0.0206,1.25,-32.06,4.19,76.23,-85.86,-150.88
52.386166,-1.53443,148.91,0,3,302.2,19 / 20,1471929,2019-09-06 18:40:38:611,0.2093,0.1689,9.9027,-0.001,-0.0013,9.8066,-0.0199,-0.0134,-0.0201,1.06,-32,3.75,76.62,-85.83,-150.82
52.386166,-1.53443,148.91,0,3,302.2,19 / 20,1472030,2019-09-06 18:40:38:712,-0.3674,-0.0987,9.7448,0.0028,0.0008,9.8066,0.038,0.0116,0.0359,1.25,-31.75,3.69,75.82,-85.88,-151.06
52.386166,-1.53443,148.91,0,3,302.2,19 / 20,1472129,2019-09-06 18:40:38:811,-0.2194,-0.077,9.712,-0.0043,0.0014,9.8066,-0.0096,-0.0145,-0.0087,1.31,-32,3.63,76.51,-85.84,-150.83
52.386166,-1.53443,148.91,0,3,302.2,19 / 20,1472228,2019-09-06 18:40:38:910,-0.0247,0.058,9.8566,0.0006,-0.0014,9.8066,-0.0101,-0.002,-0.0109,1.5,-31.69,3.81,87.38,-85.83,-150.59
52.386166,-1.53443,148.91,0,3,302.2,19 / 20,1472328,2019-09-06 18:40:39:010,0.1157,-0.0872,9.9541,0.0014,-0.0024,9.8066,0.019,0.0052,0.0346,1.56,-31.62,3.88,86.71,-85.86,-150.99
52.386166,-1.53443,148.91,0,3,302.2,20 / 21,1472429,2019-09-06 18:40:39:111,0.3708,0.1377,10.0454,-0.0011,0.0019,9.8066,0.0089,-0.0223,-0.0115,1.56,-31.62,4,87.25,-85.84,-150.66
52.386166,-1.53443,148.91,0,3,302.2,20 / 21,1472529,2019-09-06 18:40:39:211,-0.4257,-0.1954,9.6383,0.0007,-0.0005,9.8066,-0.0183,-0.0003,-0.0264,1.25,-32.81,3.81,78.29,-85.81,-150.77
52.386166,-1.53443,148.91,0,3,302.2,20 / 21,1472629,2019-09-06 18:40:39:311,-0.212,0.0491,9.7403,0.0019,-0.0011,9.8066,0.0246,0.0007,0.0298,1.19,-32.69,3.38,96.11,-85.85,-151.13
52.386166,-1.53443,148.91,0,3,302.2,20 / 21,1472729,2019-09-06 18:40:39:411,-0.4297,-0.1974,9.7501,-0.0027,0.0016,9.8066,0.011,-0.0142,0.0018,1.31,-32.56,4.19,77.84,-85.85,-150.85
52.386166,-1.53443,148.91,0,3,302.2,20 / 21,1472828,2019-09-06 18:40:39:510,-0.1129,0.1492,9.7713,0.0013,-0.0013,9.8066,-0.0226,0.0099,-0.0117,1.69,-32,4.13,87.17,-85.83,-150.83
52.386166,-1.53443,148.91,0,3,302.2,20 / 21,1472928,2019-09-06 18:40:39:610,0.092,-0.1221,9.9477,0.0038,0.0019,9.8066,0.0245,-0.0082,0.0314,1.31,-31.75,3.5,76.19,-85.87,-150.89
52.386166,-1.53443,148.91,0,3,302.2,20 / 21,1473029,2019-09-06 18:40:39:711,0.118,0.1034,9.86,-0.0025,0.0011,9.8066,-0.014,-0.0083,-0.0227,1.19,-31.87,3.5,76.83,-85.84,-150.6
52.386166,-1.53443,148.91,0,3,302.2,20 / 21,1473129,2019-09-06 18:40:39:811,0.0145,-0.1145,9.8361,0.0009,-0.0004,9.8066,-0.0163,0.0135,-0.0125,1.5,-31.81,3,102.06,-85.84,-150.7
52.386166,-1.53443,148.91,0,3,302.2,20 / 21,1473229,2019-09-06 18:40:39:911,-0.0011,0.1967,9.8227,-0.002,-0.0017,9.8066,0.0078,-0.0171,0.0263,1.5,-32.31,3.88,86.68,-85.88,-150.87
52.386166,-1.53443,148.91,0,3,302.2,20 / 21,1473329,2019-09-06 18:40:40:011,-0.0171,-0.0466,9.9055,-0.0049,-0.0009,9.8066,-0.0144,-0.005,-0.0277,1.75,-32.25,4.19,87.09,-85.84,-150.83
52.386166,-1.53443,148.91,0,3,302.2,20 / 21,1473429,2019-09-06 18:40:40:111,0.3206,0.0602,9.9842,0.0047,-0.0006,9.8066,0.0159,0.0038,0.0256,1.88,-32.5,4.25,86.72,-85.87,-150.94
52.386166,-1.53443,148.91,0,3,302.2,20 / 21,1473528,2019-09-06 18:40:40:210,-0.2255,-0.1716,9.7748,-0.0033,-0.0012,9.8065,0.0052,-0.0097,0.0142,1.56,-32.44,4.31,86.86,-85.86,-150.83
52.386166,-1.53443,148.91,0,3,302.2,20 / 21,1473628,2019-09-06 18:40:40:310,-0.0847,0.0396,9.7075,0.0013,0.0009,9.8066,-0.0008,-0.0032,-0.0212,1.75,-31.75,4.13,87.29,-85.84,-150.58
52.386166,-1.53443,148.91,0,3,302.2,20 / 21,1473728,2019-09-06 18:40:40:410,-0.2943,-0.0451,9.8198,0.0012,-0.0018,9.8066,0.0106,0.0103,0.0179,2.19,-31.44,3.88,85.68,-85.86,-150.91
52.386166,-1.53443,148.91,0,3,302.2,20 / 21,1473829,2019-09-06 18:40:40:511,0.2066,0.051,9.9346,0.0004,0.0027,9.8066,0.0182,-0.0188,-0.0037,2.13,-31.94,4.44,86.82,-85.86,-150.89
52.386166,-1.53443,148.91,0,3,302.2,20 / 21,1473929,2019-09-06 18:40:40:611,0.1044,-0.0263,10.0426,0.0009,0.0009,9.8066,-0.0046,0.0103,0.0004,2.31,-32.06,4.75,75.92,-85.84,-150.68
52.386166,-1.53443,148.91,0,3,302.2,20 / 21,1474029,2019-09-06 18:40:40:711,0.1356,0.0276,9.9498,0.0009,0.0003,9.8066,0.0093,-0.0036,0.0236,2.38,-32.69,4.75,76.4,-85.87,-150.87
52.386166,-1.53443,148.91,0,3,302.2,20 / 21,1474128,2019-09-06 18:40:40:810,-0.2392,-0.0279,9.7476,-0.0022,0.0009,9.8066,-0.0001,-0.0246,-0.0068,1.75,-32.37,4.88,75.67,-85.86,-150.78
52.386166,-1.53443,148.91,0,3,302.2,20 / 21,1474228,2019-09-06 18:40:40:910,-0.1661,0.0591,9.6643,0.0023,-0.0006,9.8066,0.0029,0.0086,0.0006,2.19,-32.5,4.63,75.63,-85.86,-150.82
52.386166,-1.53443,148.91,0,3,302.2,20 / 21,1474328,2019-09-06 18:40:41:010,-0.2128,-0.0212,9.8365,0.0031,0.0017,9.8066,0.0274,0.0064,0.0303,1.63,-32.94,4.94,76.21,-85.89,-150.95
52.386166,-1.53443,148.91,0,3,302.2,20 / 21,1474429,2019-09-06 18:40:41:111,0.1371,0.1559,9.9339,-0.0013,-0.0014,9.8066,-0.0278,-0.0111,-0.0228,1.38,-32.12,5.06,65.03,-85.85,-150.69
52.386166,-1.53443,148.91,0,3,302.2,20 / 21,1474529,2019-09-06 18:40:41:211,-0.0245,-0.1567,9.8991,0.0006,-0.0036,9.8066,0.0344,0.0065,0.0218,1.5,-32.31,5.19,75.49,-85.87,-150.91
52.386166,-1.53443,148.91,0,3,302.2,20 / 21,1474628,2019-09-06 18:40:41:310,-0.145,-0.1058,9.7611,-0.0037,-0.0011,9.8066,-0.011,-0.004,0.0062,1.38,-32.12,4.81,64.62,-85.86,-150.97
52.386166,-1.53443,148.91,0,3,302.2,20 / 21,1474729,2019-09-06 18:40:41:411,-0.5465,-0.5337,9.8762,0,0.0039,9.8066,-0.0536,-0.0063,-0.024,1.06,-32.06,5.06,64.91,-85.86,-150.73
52.386166,-1.53443,148.91,0,3,302.2,20 / 21,1474829,2019-09-06 18:40:41:511,-0.2244,0.0544,9.8449,0.0011,-0.0011,9.8066,-0.0004,-0.0153,0.0135,1.5,-32.69,4.25,87.92,-85.86,-150.93
52.386166,-1.53443,148.91,0,3,302.2,20 / 21,1474929,2019-09-06 18:40:41:611,-0.0586,-0.0228,9.9793,-0.0037,-0.0043,9.8066,-0.015,0.0164,0.0097,1.56,-33.12,4.56,76.45,-85.84,-151.06
52.386166,-1.53443,148.91,0,3,302.2,20 / 21,1475029,2019-09-06 18:40:41:711,-0.2628,-0.3598,9.944,0.0001,0.0001,9.8066,0.0171,-0.0069,0.0136,1.38,-32.75,4.5,65.53,-85.84,-151.21
52.386166,-1.53443,148.91,0,3,302.2,20 / 21,1475128,2019-09-06 18:40:41:810,-0.2187,-0.0306,9.8711,-0.0007,0.0003,9.8066,0.019,-0.0011,0.0016,1.63,-32.87,5.06,76.35,-85.82,-151.3
52.386166,-1.53443,148.91,0,3,302.2,20 / 21,1475228,2019-09-06 18:40:41:910,-0.5513,-0.4498,9.7923,-0.0012,-0.0014,9.8066,-0.0049,-0.0237,-0.0111,1.94,-32.19,4.31,86.98,-85.77,-151.49
52.386166,-1.53443,148.91,0,3,302.2,20 / 21,1475329,2019-09-06 18:40:42:011,-0.4469,-0.4235,9.8163,0.0008,0.0002,9.8066,0.0109,0.0115,0.0057,0.94,-31.62,4.69,64.51,-85.76,-151.67
52.386166,-1.53443,148.91,0,3,302.2,20 / 21,1475429,2019-09-06 18:40:42:111,0.0285,-0.0953,10.0212,-0.0048,-0.0038,9.8066,-0.0173,0.0028,-0.0043,1.44,-32.5,4.63,64.39,-85.74,-151.92
52.386166,-1.53443,148.91,0,3,302.2,20 / 21,1475528,2019-09-06 18:40:42:210,-0.524,-0.7108,9.7812,0.0016,0.0015,9.8066,-0.0068,-0.0011,-0.0098,1.38,-32.31,4.81,64.37,-85.75,-151.87
52.386166,-1.53443,148.91,0,3,302.2,20 / 21,1475628,2019-09-06 18:40:42:310,-0.4365,-0.4161,9.8865,-0.0017,-0.0027,9.8066,-0.0237,-0.0099,0.0038,1.69,-32.5,4.25,86.7,-85.71,-152.25
52.386166,-1.53443,148.91,0,3,302.2,20 / 21,1475729,2019-09-06 18:40:42:411,-0.4343,-0.27,9.7944,-0.0019,-0.0001,9.8066,-0.0089,0.0007,0.0056,1.5,-31.94,5.13,75.08,-85.72,-152.19
52.386166,-1.53443,148.91,0,3,302.2,20 / 21,1475829,2019-09-06 18:40:42:511,-0.4259,-0.4573,9.8609,0.001,0.0024,9.8066,0.0106,-0.0084,-0.0113,2,-32.62,5.38,76.02,-85.72,-152.22
52.386166,-1.53443,148.91,0,3,302.2,20 / 21,1475929,2019-09-06 18:40:42:611,-0.3867,-0.5236,9.8639,0.0032,0.0016,9.8066,0.008,0.0025,-0.0076,1.75,-31.94,4.5,74.86,-85.7,-152.5
52.386166,-1.53443,148.91,0,3,302.2,20 / 21,1476028,2019-09-06 18:40:42:710,-0.1443,-0.0531,9.9477,-0.0042,-0.0047,9.8066,-0.0184,-0.0157,0.0072,1.81,-31.87,5.06,74.66,-85.69,-152.74
52.386166,-1.53443,148.91,0,3,302.2,20 / 21,1476129,2019-09-06 18:40:42:811,-0.6414,-0.5479,9.7696,0.002,0.0014,9.8066,0.0132,0.015,0.0077,1.56,-31.25,4.69,73.51,-85.68,-152.98
52.386166,-1.53443,148.91,0,3,302.2,20 / 21,1476229,2019-09-06 18:40:42:911,-0.3202,-0.5101,9.8536,0,0.0014,9.8066,0.0189,-0.0159,0.0024,1.38,-31.25,4.5,62.51,-85.67,-152.95
52.386166,-1.53443,148.91,0,3,302.2,20 / 21,1476328,2019-09-06 18:40:43:010,-0.4181,-0.5106,9.842,-0.0025,-0.0008,9.8066,0.0077,0.0137,-0.0078,1.13,-31.87,4.81,63.75,-85.63,-153.08
52.386166,-1.53443,148.91,0,3,302.2,20 / 21,1476429,2019-09-06 18:40:43:111,-0.3629,-0.3098,9.8421,-0.0035,0.0017,9.8066,-0.0167,0.0028,-0.0026,1.44,-31.56,5,63.98,-85.61,-153.05
52.386166,-1.53443,148.91,0,3,302.2,20 / 21,1476529,2019-09-06 18:40:43:211,-0.4295,-0.4249,9.8125,-0.0001,-0.0012,9.8066,-0.0046,0.0013,0.0015,1.69,-31.25,5.31,73.82,-85.61,-153.12
52.386166,-1.53443,148.91,0,3,302.2,20 / 21,1476629,2019-09-06 18:40:43:311,-0.4035,-0.3884,9.8713,0.0024,0.0017,9.8066,-0.0055,0.0104,0.0058,1.94,-31.94,5.13,74.86,-85.6,-153.2
52.386166,-1.53443,148.91,0,3,302.2,20 / 21,1476729,2019-09-06 18:40:43:411,-0.4187,-0.2306,9.8854,0.0042,-0.0001,9.8066,-0.0106,0.0058,0.0208,2.69,-31.31,5.56,73.06,-85.65,-153.22
52.386166,-1.53443,148.91,0,3,302.2,20 / 21,1476829,2019-09-06 18:40:43:511,-0.4647,-0.4314,9.6501,-0.0028,0.0012,9.8066,-0.0043,-0.0091,-0.0023,2.69,-31.06,5.69,73.65,-85.61,-152.85
52.386166,-1.53443,148.91,0,3,302.2,20 / 21,1476928,2019-09-06 18:40:43:610,-0.3909,-0.1508,9.8924,0.0006,0.0021,9.8066,-0.0103,0.0055,-0.015,2.63,-30.94,6.06,73.95,-85.62,-152.52
52.386166,-1.53443,148.91,0,3,302.2,20 / 21,1477028,2019-09-06 18:40:43:710,-0.1195,-0.067,9.9767,0.0012,-0.0012,9.8066,-0.0055,0.0025,0.0078,2.5,-30.75,5.44,81.93,-85.66,-152.62
52.386166,-1.53443,148.91,0,3,302.2,20 / 21,1477129,2019-09-06 18:40:43:811,-0.3975,-0.7055,9.6162,0.001,-0.0002,9.8066,0.0098,0.0117,0.0023,1.94,-30.75,6.13,65.54,-85.65,-152.79
52.386166,-1.53443,148.91,0,3,302.2,20 / 21,1477229,2019-09-06 18:40:43:911,0.1671,0.1029,9.8854,0.0033,0.0051,9.8066,-0.011,-0.0191,-0.0122,1.94,-31.94,6.88,59.74,-85.61,-153.2
52.386166,-1.53443,148.91,0,3,302.2,20 / 21,1477329,2019-09-06 18:40:44:011,0.0091,-0.4008,9.8299,0.0034,0.0037,9.8066,0.0141,0.0222,0.0141,0.69,-31.56,6.81,50.59,-85.66,-153
52.386166,-1.53443,148.91,0,3,302.2,19 / 21,1477428,2019-09-06 18:40:44:110,0.0118,-0.308,9.7715,-0.0003,0.0024,9.8066,0.0309,-0.0125,0.0284,0.81,-31.87,6.38,55.72,-85.67,-153
52.386166,-1.53443,148.91,0,3,302.2,19 / 21,1477529,2019-09-06 18:40:44:211,-0.2784,-0.2154,9.83,-0.0005,0.0032,9.8066,-0.0294,-0.0106,-0.0259,0.69,-31.19,6,55.28,-85.63,-152.92
52.386166,-1.53443,148.91,0,3,302.2,19 / 21,1477628,2019-09-06 18:40:44:310,-0.5489,-0.5532,9.712,0.0013,-0.0049,9.8066,-0.0206,-0.0149,-0.0058,0.06,-31.19,4.75,46.87,-85.6,-153.55
52.386166,-1.53443,148.91,0,3,302.2,19 / 21,1477728,2019-09-06 18:40:44:410,0.026,-0.0166,9.7847,0.0026,-0.0043,9.8066,0.014,0.0144,0.0165,0.5,-31.31,5.25,61.25,-85.63,-154.14
52.386166,-1.53443,148.91,0,3,302.2,19 / 21,1477828,2019-09-06 18:40:44:510,0.1727,0.0503,9.9601,-0.0024,-0.0089,9.8066,0.0091,-0.0121,0.0003,0.19,-31.62,4.69,46.04,-85.63,-154.63
52.386166,-1.53443,148.91,0,3,302.2,19 / 21,1477929,2019-09-06 18:40:44:611,0.178,-0.298,9.8315,-0.0057,-0.0051,9.8066,0,-0.013,-0.015,0.56,-31.81,4.56,62.21,-85.52,-154.94
52.386166,-1.53443,148.91,0,3,302.2,19 / 21,1478029,2019-09-06 18:40:44:711,-0.0504,0.0714,9.6679,-0.004,0.003,9.8066,0.0194,0.0074,0.0372,0.69,-32.31,4.56,63.28,-85.46,-154.49
52.386166,-1.53443,148.91,0,3,302.2,19 / 21,1478129,2019-09-06 18:40:44:811,-0.4438,-0.0162,9.8855,-0.0095,-0.0026,9.8066,-0.0242,-0.0209,0.0209,1,-31.81,5.25,64.54,-85.39,-154.03
52.386166,-1.53443,148.91,0,3,302.2,19 / 21,1478229,2019-09-06 18:40:44:911,0.0678,0.4377,9.8304,0.0043,0.0039,9.8066,-0.0186,0.0003,-0.006,0.63,-32.12,5.06,65.04,-85.44,-153.29
52.386166,-1.53443,148.91,0,3,302.2,19 / 21,1478329,2019-09-06 18:40:45:011,-0.3395,-0.2577,9.7325,0.0016,-0.0037,9.8066,0.0189,-0.0186,-0.0137,1.75,-31.94,4.63,75.31,-85.44,-153.82
52.386166,-1.53443,148.91,0,3,302.2,18 / 21,1478428,2019-09-06 18:40:45:110,-0.3289,-0.3631,9.7613,0.0065,-0.0001,9.8066,0.0444,0.014,0.0125,1.94,-31.62,4.81,74.03,-85.5,-154.54
52.386166,-1.53443,148.91,0,3,302.2,18 / 21,1478529,2019-09-06 18:40:45:211,-0.0074,0.0566,9.7257,0,0.0005,9.8066,-0.0238,-0.0188,-0.0135,1.88,-32.06,5.13,73.65,-85.49,-154.92
52.386166,-1.53443,148.91,0,3,302.2,18 / 21,1478628,2019-09-06 18:40:45:310,-0.1083,-0.0713,9.967,-0.0043,0.0001,9.8066,0.0244,-0.0376,-0.014,1.81,-32.12,4.38,86.72,-85.43,-154.7
52.386166,-1.53443,148.91,0,3,302.2,18 / 21,1478728,2019-09-06 18:40:45:410,-0.0165,-0.0921,9.851,-0.0058,-0.0048,9.8066,-0.0069,0.0057,-0.0114,1.69,-33.25,4.44,88.66,-85.35,-154.74
52.386166,-1.53443,148.91,0,3,302.2,18 / 21,1478828,2019-09-06 18:40:45:510,0.1097,0.1946,9.9793,-0.0055,-0.0029,9.8066,-0.0082,0.0062,0.0256,2.56,-32.37,4.63,82.37,-85.33,-154.98
52.386166,-1.53443,148.91,0,3,302.2,18 / 21,1478928,2019-09-06 18:40:45:610,0.0057,0.0138,9.9506,-0.0025,0.0028,9.8066,-0.0219,-0.0189,-0.0029,2.88,-32.37,4.06,93.66,-85.31,-154.83
52.386166,-1.53443,148.91,0,3,302.2,18 / 21,1479028,2019-09-06 18:40:45:710,-0.1757,-0.1235,9.919,-0.0007,0.0002,9.8066,0.0091,-0.0127,-0.0271,3.31,-31.94,3.94,93.78,-85.29,-154.83
52.386166,-1.53443,148.91,0,3,302.2,18 / 21,1479128,2019-09-06 18:40:45:810,0.3246,-0.009,9.8868,0.0026,-0.0019,9.8065,0.0391,0.0222,0.0209,3.31,-31.12,4.81,81.44,-85.31,-155.11
52.386166,-1.53443,148.91,0,3,302.2,18 / 21,1479228,2019-09-06 18:40:45:910,-0.2411,-0.0582,9.9,-0.0102,-0.0002,9.8066,-0.0036,0.0026,0.0095,3.94,-30.94,6,79.08,-85.24,-155.22
52.386166,-1.53443,148.91,0,3,302.2,18 / 21,1479328,2019-09-06 18:40:46:010,0.035,0.2259,9.85,-0.0047,-0.0022,9.8066,-0.0123,-0.0109,-0.0146,3.31,-30.25,6.31,72.54,-85.22,-155
52.386166,-1.53443,148.91,0,3,302.2,19 / 21,1479429,2019-09-06 18:40:46:111,0.1258,0.3108,9.8331,0.0008,-0.0008,9.8066,-0.0262,-0.0008,-0.0006,2.75,-30.75,6.81,66.54,-85.21,-154.95
52.386166,-1.53443,148.91,0,3,302.2,19 / 21,1479528,2019-09-06 18:40:46:210,-0.0289,0.0912,9.8067,0.0028,0.0025,9.8066,0.0067,0.0175,0.0282,2.44,-31.31,7.44,58.73,-85.25,-154.88
52.386166,-1.53443,148.91,0,3,302.2,19 / 21,1479629,2019-09-06 18:40:46:311,0.0788,-0.175,9.8721,-0.0008,0.003,9.8066,-0.0036,-0.0335,-0.0083,1.56,-31.81,7.69,55.01,-85.25,-154.41
52.386166,-1.53443,148.91,0,3,302.2,19 / 21,1479730,2019-09-06 18:40:46:412,0.0945,0.1898,9.87,0.0009,0.0011,9.8066,-0.0153,0.0064,-0.0013,0.44,-32.12,6.69,40.08,-85.28,-154.07
52.386166,-1.53443,148.91,0,3,302.2,19 / 21,1479829,2019-09-06 18:40:46:511,-0.2364,-0.5732,9.5343,-0.0043,-0.005,9.8066,-0.0189,-0.0017,0.0394,0.44,-32.56,5.88,44.83,-85.27,-153.94
52.386166,-1.53443,148.91,0,3,302.2,19 / 21,1479929,2019-09-06 18:40:46:611,0.3152,0.5242,9.9862,-0.0085,-0.0053,9.8066,0.0438,0.0204,-0.01,0.69,-31.87,5.38,66.47,-85.24,-153.51
52.386166,-1.53443,148.91,0,3,302.2,19 / 21,1480029,2019-09-06 18:40:46:711,0.0439,0.2952,10.0703,0.0027,0.0044,9.8066,0.0186,-0.0225,-0.0154,1.38,-32.31,4.88,66.74,-85.19,-153.65
52.386166,-1.53443,148.91,0,3,302.2,19 / 21,1480129,2019-09-06 18:40:46:811,-0.0174,-0.0692,10.0816,0.0057,0.0011,9.8066,0.0111,-0.0113,-0.0134,1.5,-32.12,4.44,89.66,-85.19,-153.9
52.386166,-1.53443,148.91,0,3,302.2,19 / 21,1480228,2019-09-06 18:40:46:910,0.136,-0.0256,9.8274,-0.0028,-0.0068,9.8066,-0.0147,-0.0047,0.003,1.31,-32.37,5.06,65.35,-85.18,-154.74
52.386166,-1.53443,148.91,0,3,302.2,19 / 21,1480329,2019-09-06 18:40:47:011,0.2531,0.0055,9.7005,-0.0014,-0.0033,9.8066,-0.0064,-0.0006,0.0131,1.44,-32.37,4.56,65,-85.21,-154.86
52.386166,-1.53443,148.91,0,3,302.2,20 / 21,1480430,2019-09-06 18:40:47:112,-0.1531,-0.127,9.8001,0.002,0.0077,9.8066,0.0091,-0.0161,-0.0003,1.13,-32.37,5.19,65.44,-85.2,-154.53
52.386166,-1.53443,148.91,0,3,302.2,20 / 21,1480529,2019-09-06 18:40:47:211,0.2211,0.4228,9.8759,0.0001,0.002,9.8066,-0.0185,-0.0097,-0.0117,1.25,-32.44,5.75,57.46,-85.22,-153.84
52.386166,-1.53443,148.91,0,3,302.2,20 / 21,1480628,2019-09-06 18:40:47:310,-0.3874,-0.3131,9.7765,-0.0015,-0.0041,9.8066,0.0265,0.0047,0.0194,1.69,-32.19,5.63,67.47,-85.22,-154.02
52.386166,-1.53443,148.91,0,3,302.2,20 / 21,1480728,2019-09-06 18:40:47:410,0.1639,0.1073,9.7978,-0.0034,-0.005,9.8066,-0.0093,-0.0138,-0.0037,1.75,-31.81,5.44,76.68,-85.18,-154.33
52.386166,-1.53443,148.91,0,3,302.2,20 / 21,1480829,2019-09-06 18:40:47:511,0.2897,0.0821,10.0033,0.0016,0.0013,9.8066,-0.0168,0.007,-0.0254,2.19,-32.25,5.31,76.34,-85.2,-154.53
52.386166,-1.53443,148.91,0,3,302.2,20 / 21,1480928,2019-09-06 18:40:47:610,0.3214,-0.0757,10.0664,0.0046,0.0009,9.8066,0.0224,-0.0109,0.0389,2.13,-31.56,5.69,66.71,-85.23,-154.6
52.386166,-1.53443,148.91,0,3,302.2,20 / 21,1481028,2019-09-06 18:40:47:710,0.5757,0.3487,10.0201,-0.0028,0.0024,9.8066,0.0272,-0.0069,0.0027,2.06,-32.06,5.75,66.88,-85.24,-154.39
52.386166,-1.53443,148.91,0,3,302.2,20 / 21,1481129,2019-09-06 18:40:47:811,0.1054,0.1779,10.081,-0.0032,0.0003,9.8065,-0.0024,-0.0168,-0.0221,1.94,-33,5.94,68.76,-85.18,-153.93
52.386166,-1.53443,148.91,0,3,302.2,20 / 21,1481229,2019-09-06 18:40:47:911,-0.2012,0.1267,9.7571,0.0018,-0.0022,9.8066,0.0101,0.0092,0.0275,1.69,-32.75,5.25,78,-85.16,-154.31
52.386166,-1.53443,148.91,0,3,302.2,20 / 21,1481330,2019-09-06 18:40:48:012,0.0218,0.3318,9.6763,-0.0007,-0.0007,9.8066,0.0172,-0.0074,-0.0038,1.5,-32.87,4.88,77.92,-85.14,-154.55
52.386166,-1.53443,148.91,0,3,302.2,19 / 21,1481429,2019-09-06 18:40:48:111,-0.3129,-0.127,9.7064,-0.0002,-0.0025,9.8065,-0.0183,-0.0415,-0.0401,1.81,-32.37,4.44,89.64,-85.09,-154.83
52.386166,-1.53443,148.91,0,3,302.2,19 / 21,1481529,2019-09-06 18:40:48:211,0.4952,0.0535,9.8961,0.0048,-0.0022,9.8066,0.0071,0.0099,-0.0141,1.56,-32,4.38,88.83,-85.13,-155.32
52.386166,-1.53443,148.91,0,3,302.2,19 / 21,1481629,2019-09-06 18:40:48:311,0.0191,-0.2499,9.8027,-0.0002,0.0024,9.8066,0.0154,-0.0058,0.0311,1.69,-31.5,4.63,74.35,-85.13,-155.68
52.386166,-1.53443,148.91,0,3,302.2,19 / 21,1481729,2019-09-06 18:40:48:411,-0.0634,-0.0009,9.9419,-0.0018,0.0039,9.8066,-0.0268,-0.0354,-0.0128,3,-31.81,5.19,83.7,-85.1,-155.19
52.386166,-1.53443,148.91,0,3,302.2,19 / 21,1481829,2019-09-06 18:40:48:511,0.2466,0.1609,9.8269,-0.0004,0.0006,9.8066,0.0021,-0.0172,-0.0257,3,-30.94,4.88,83.05,-85.06,-155.07
52.386166,-1.53443,148.91,0,3,302.2,19 / 21,1481928,2019-09-06 18:40:48:610,0.1904,0.189,9.8986,-0.0032,-0.004,9.8066,-0.0026,0.011,0.0048,3.31,-31.44,4.94,82.69,-85.04,-155.51
52.386166,-1.53443,148.91,0,3,302.2,19 / 21,1482029,2019-09-06 18:40:48:711,-0.0362,-0.156,9.7814,-0.0019,-0.0003,9.8066,0.0071,0,0.0168,3.69,-31.25,6.31,79.41,-85.05,-155.77
52.386166,-1.53443,148.91,0,3,302.2,19 / 21,1482129,2019-09-06 18:40:48:811,0.2157,0.109,9.8409,0.0005,0.0003,9.8066,0.0161,-0.0031,-0.0001,4,-31.19,6.69,72.63,-85.03,-155.77
52.386166,-1.53443,148.91,0,3,302.2,19 / 21,1482231,2019-09-06 18:40:48:913,-0.0775,0.1804,9.8289,-0.0029,-0.001,9.8066,-0.0191,-0.0127,-0.0309,3.44,-30.81,7.81,60.88,-85,-155.84
52.386166,-1.53443,148.91,0,3,302.2,19 / 21,1482329,2019-09-06 18:40:49:011,-0.2298,0.2029,9.7612,0.0038,-0.0014,9.8066,0.0104,-0.0143,0.0131,2.38,-30.37,8.19,52.53,-85.01,-156.19
52.386208,-1.534531,149.11,0,3,302.62,20 / 21,1482428,2019-09-06 18:40:49:110,0.1244,0.179,9.8187,0.0008,0.0032,9.8066,0.0035,-0.0091,-0.0149,1.13,-30.94,7.75,44.15,-85,-156.61
52.386208,-1.534531,149.11,0,3,302.62,20 / 21,1482529,2019-09-06 18:40:49:211,-0.0105,-0.3407,9.9473,0.001,-0.0002,9.8066,0.0378,0.001,-0.0004,-0.5,-30.81,7.19,36.33,-85.02,-156.97
52.386208,-1.534531,149.11,0,3,302.62,20 / 21,1482628,2019-09-06 18:40:49:310,0.1126,0.4828,9.9001,0.0017,-0.0053,9.8066,-0.0308,-0.0027,-0.0137,-1.19,-30.87,5.88,23.22,-84.97,-157.55
52.386208,-1.534531,149.11,0,3,302.62,20 / 21,1482729,2019-09-06 18:40:49:411,0.0158,0.3142,9.7155,-0.0031,-0.0009,9.8066,0.0098,-0.0144,0.0021,-0.94,-31.94,4.81,24.59,-84.98,-157.41
52.386208,-1.534531,149.11,0,3,302.62,20 / 21,1482828,2019-09-06 18:40:49:510,-0.1554,0.1499,9.9189,0.0007,0.0056,9.8066,0.0112,0.008,-0.004,-0.56,-32.25,4.06,26.77,-84.97,-157.13
52.386208,-1.534531,149.11,0,3,302.62,20 / 21,1482929,2019-09-06 18:40:49:611,0.0074,0.2411,9.9447,0.0039,0.0023,9.8066,-0.0093,0.0059,0.0013,0.69,-32.06,5,63.32,-85.04,-157.2
52.386208,-1.534531,149.11,0,3,302.62,20 / 21,1483028,2019-09-06 18:40:49:710,0.1614,-0.0239,9.8551,0.001,-0.0039,9.8066,0.0002,-0.0062,0.0021,0.88,-31.62,4.88,62.7,-85.02,-157.74
52.386208,-1.534531,149.11,0,3,302.62,20 / 21,1483128,2019-09-06 18:40:49:810,0.1979,-0.0355,9.7115,-0.0017,-0.0039,9.8066,-0.0099,-0.0065,-0.0138,1.19,-31.94,4.75,62.54,-85.01,-157.91
52.386208,-1.534531,149.11,0,3,302.62,20 / 21,1483229,2019-09-06 18:40:49:911,0.125,0.0309,9.9106,0.0034,0.0054,9.8066,0.0175,-0.0188,0.0008,1.44,-31.81,5.19,62.73,-85.03,-157.66
52.386208,-1.534531,149.11,0,3,302.62,20 / 21,1483329,2019-09-06 18:40:50:011,0.0743,0.1115,9.9395,0.0049,0.0029,9.8066,0.0056,-0.0043,0.0081,1.69,-31.94,5.31,74.08,-85.01,-157.67
52.386208,-1.534531,149.11,0,3,302.62,18 / 20,1483428,2019-09-06 18:40:50:110,-0.1503,0.0469,9.8478,-0.0045,-0.004,9.8066,-0.0036,0.0076,-0.0002,1.38,-32.19,5.31,63.24,-85,-157.47
52.386208,-1.534531,149.11,0,3,302.62,18 / 20,1483529,2019-09-06 18:40:50:211,0.1057,0.1748,9.7432,-0.0004,-0.0016,9.8066,0.0013,0.0038,0.0061,1.25,-32.87,5.06,64.72,-84.98,-157.57
52.386208,-1.534531,149.11,0,3,302.62,18 / 20,1483629,2019-09-06 18:40:50:311,-0.1404,-0.1356,9.6465,-0.0003,-0.0011,9.8066,-0.0077,-0.0249,0.0046,1.69,-32.69,4.06,89.33,-84.98,-157.65
52.386208,-1.534531,149.11,0,3,302.62,18 / 20,1483728,2019-09-06 18:40:50:410,0.2335,0.0529,9.908,0.0003,0.0001,9.8066,-0.0028,-0.0121,-0.0147,2.06,-32.5,3.81,87.84,-84.96,-157.79
52.386208,-1.534531,149.11,0,3,302.62,18 / 20,1483828,2019-09-06 18:40:50:510,0.0403,-0.0956,9.7723,0.0013,-0.001,9.8066,0.0056,0.0004,-0.0253,2.38,-30.94,3.19,103.35,-84.96,-157.8
52.386208,-1.534531,149.11,0,3,302.62,18 / 20,1483929,2019-09-06 18:40:50:611,0.2547,-0.0061,9.8141,0.0042,-0.0027,9.8066,-0.004,0.0002,0.0275,4,-30.62,3.13,106.41,-84.99,-158.05
52.386208,-1.534531,149.11,0,3,302.62,18 / 20,1484028,2019-09-06 18:40:50:710,-0.0717,0.102,9.8673,-0.0075,-0.003,9.8066,-0.0105,0.0112,0.0001,3.69,-30.25,4.69,84.64,-85.02,-158.05
52.386208,-1.534531,149.11,0,3,302.62,18 / 20,1484129,2019-09-06 18:40:50:811,0.199,0.0563,9.7215,-0.0052,-0.0029,9.8065,-0.0198,-0.0035,-0.0035,4.31,-29.94,5.94,76.41,-84.96,-158.2
52.386208,-1.534531,149.11,0,3,302.62,18 / 20,1484228,2019-09-06 18:40:50:910,0.0688,0.0362,9.8008,0.0017,0.0023,9.8065,0.0217,-0.0092,-0.0031,3.88,-30.5,7.13,69.63,-84.97,-158.05
52.386208,-1.534531,149.11,0,3,302.62,18 / 20,1484328,2019-09-06 18:40:51:010,-0.0321,0.0227,9.9913,0.0004,0.0013,9.8066,0.0142,-0.0128,-0.0019,3.81,-31.56,7,71.12,-84.94,-158.09
52.386208,-1.534531,149.11,0,3,302.62,19 / 21,1484429,2019-09-06 18:40:51:111,0.095,0.2941,9.9084,0.003,0.0001,9.8066,-0.0177,-0.0087,-0.001,2.44,-31.31,6.69,56.2,-84.91,-158.2
52.386208,-1.534531,149.11,0,3,302.62,19 / 21,1484528,2019-09-06 18:40:51:210,0.1777,0.1826,9.9599,0.0039,0.001,9.8066,0.0013,0.0143,0.0042,2.5,-31.81,6.19,71.66,-84.96,-158.48
52.386208,-1.534531,149.11,0,3,302.62,19 / 21,1484629,2019-09-06 18:40:51:311,0.2324,0.1683,9.9195,0.003,0.0015,9.8066,0.0217,0.0055,0.0079,2,-32.37,5.94,63.09,-85,-158.65
52.386208,-1.534531,149.11,0,3,302.62,19 / 21,1484728,2019-09-06 18:40:51:410,0.1086,0.0165,9.748,0.0001,0.0004,9.8066,0.0136,-0.0032,-0.0024,2.06,-33,5.56,64.1,-84.98,-158.74
52.386208,-1.534531,149.11,0,3,302.62,19 / 21,1484829,2019-09-06 18:40:51:511,0.0516,0.0291,10.2787,-0.0025,-0.0004,9.8066,-0.0143,-0.0039,-0.0125,1.69,-32,5.25,73.48,-84.95,-158.58
52.386208,-1.534531,149.11,0,3,302.62,19 / 21,1484929,2019-09-06 18:40:51:611,0.2017,0.3042,10.0278,0.0031,-0.0002,9.8066,0.0089,-0.0095,0.0059,1.69,-32,5.06,73.18,-84.98,-158.63
52.386208,-1.534531,149.11,0,3,302.62,19 / 21,1485028,2019-09-06 18:40:51:710,0.1072,0.169,9.7117,0.0033,0.003,9.8066,0.0084,-0.0024,0.0124,1.13,-32.69,4.81,62.8,-85.01,-158.73
52.386208,-1.534531,149.11,0,3,302.62,19 / 21,1485128,2019-09-06 18:40:51:810,-0.1602,-0.1078,9.7845,0.0038,0.0034,9.8066,0.006,0.0008,-0.0042,1.56,-32.37,5.88,62.69,-85.06,-158.69
52.386208,-1.534531,149.11,0,3,302.62,19 / 21,1485229,2019-09-06 18:40:51:911,-0.0382,-0.1792,9.928,0.0001,-0.0011,9.8066,0.0112,-0.0022,0.018,1.44,-32.31,5.63,51.35,-85.05,-159.03
52.386208,-1.534531,149.11,0,3,302.62,19 / 21,1485329,2019-09-06 18:40:52:011,0.1016,0.0453,9.902,-0.0027,-0.0047,9.8066,0.0056,0.0066,0.0061,1.88,-32.12,5.75,62.26,-85.04,-159.11
52.386208,-1.534531,149.11,0,3,302.62,20 / 21,1485429,2019-09-06 18:40:52:111,0.23,0.2971,9.9744,-0.0005,0.0042,9.8066,-0.0127,-0.0224,-0.0036,2.06,-31.56,6.13,62.68,-85.06,-158.69
52.386208,-1.534531,149.11,0,3,302.62,20 / 21,1485529,2019-09-06 18:40:52:211,0.1345,0.1874,9.9586,0.0042,0.0031,9.8066,-0.0049,0.0152,-0.004,2.5,-32.87,5.25,81.39,-85.07,-158.47
52.386208,-1.534531,149.11,0,3,302.62,20 / 21,1485628,2019-09-06 18:40:52:310,0.0115,-0.4546,9.7401,0.0031,-0.0013,9.8066,-0.0003,-0.0153,0.0359,2.06,-32.87,5.88,63.51,-85.08,-158.69
52.386208,-1.534531,149.11,0,3,302.62,20 / 21,1485729,2019-09-06 18:40:52:411,0.2254,0.1176,9.8682,0.0002,0.0028,9.8066,0.0087,0.0247,0.0101,2.06,-32.69,4.88,73.47,-85.09,-158.66
52.386208,-1.534531,149.11,0,3,302.62,20 / 21,1485828,2019-09-06 18:40:52:510,0.0887,0.076,9.9306,-0.0026,0.0015,9.8066,0.0148,0.0088,-0.0055,1.75,-33.25,5.5,63.79,-85.08,-158.5
52.386208,-1.534531,149.11,0,3,302.62,20 / 21,1485929,2019-09-06 18:40:52:611,0.0564,0.2188,9.942,0.0012,0.0006,9.8066,-0.0001,-0.0191,-0.0049,1.94,-32.75,4.94,73.83,-85.08,-158.44
52.386208,-1.534531,149.11,0,3,302.62,20 / 21,1486029,2019-09-06 18:40:52:711,0.0748,0.0927,9.9712,0.0026,-0.0019,9.8066,-0.0169,-0.013,-0.011,1.69,-32.69,5.63,63.5,-85.1,-158.57
52.386208,-1.534531,149.11,0,3,302.62,20 / 21,1486128,2019-09-06 18:40:52:810,0.4105,0.3305,9.965,-0.0013,-0.002,9.8066,-0.0112,-0.0038,0.0092,1.63,-32.37,5,72.08,-85.11,-158.67
52.386208,-1.534531,149.11,0,3,302.62,20 / 21,1486228,2019-09-06 18:40:52:910,0.0697,-0.1311,9.5759,-0.0017,-0.0015,9.8066,-0.0036,0.0087,0.016,2.06,-32.06,4.81,71.86,-85.13,-158.76
52.386208,-1.534531,149.11,0,3,302.62,20 / 21,1486329,2019-09-06 18:40:53:011,0.1387,0.0605,9.875,0.0002,0.0025,9.8066,0.0032,-0.0106,-0.0022,1.88,-31.06,5,71.12,-85.1,-158.56
52.386208,-1.534531,149.11,0,3,302.62,19 / 21,1486430,2019-09-06 18:40:53:112,0.2053,0.2713,9.8646,-0.0003,0.0002,9.8066,0.0029,-0.0027,0.0044,3,-31.87,5.38,80.2,-85.08,-158.54
52.386208,-1.534531,149.11,0,3,302.62,19 / 21,1486528,2019-09-06 18:40:53:210,-0.1404,-0.0024,9.7338,-0.0006,0.0006,9.8066,-0.0202,-0.0131,-0.019,3.06,-31.25,5.31,79.26,-85.08,-158.45
52.386208,-1.534531,149.11,0,3,302.62,19 / 21,1486628,2019-09-06 18:40:53:310,-0.0791,0.1783,9.823,0.0002,-0.0013,9.8066,-0.0036,0.006,0.0034,3.31,-31.94,5.5,70.97,-85.07,-158.55
52.386208,-1.534531,149.11,0,3,302.62,19 / 21,1486729,2019-09-06 18:40:53:411,-0.1117,-0.0259,9.8946,0,-0.0001,9.8066,-0.0049,0.0305,0.0139,3.31,-32.06,6.63,63.55,-85.07,-158.65
52.386208,-1.534531,149.11,0,3,302.62,19 / 21,1486828,2019-09-06 18:40:53:510,-0.0017,-0.018,9.9725,-0.0025,0.0014,9.8066,0.0239,-0.0081,0.008,3.25,-31.62,6.38,70.98,-85.07,-158.52
52.386208,-1.534531,149.11,0,3,302.62,19 / 21,1486929,2019-09-06 18:40:53:611,-0.02,0.244,10.001,0.0014,0.0056,9.8066,0.0041,-0.0087,-0.0134,1.81,-31.31,7,55.64,-85.03,-158.17
52.386208,-1.534531,149.11,0,3,302.62,19 / 21,1487028,2019-09-06 18:40:53:710,0.1085,0.1914,9.8478,-0.0013,-0.006,9.8065,-0.017,-0.0099,-0.0137,0.94,-31,6.81,45.64,-85.01,-158.44
52.386208,-1.534531,149.11,0,3,302.62,19 / 21,1487129,2019-09-06 18:40:53:811,-0.0012,0.1004,9.8407,-0.0005,0.0009,9.8066,-0.0039,-0.0106,0.0003,0.44,-30.44,5.69,36.71,-85.02,-158.45
52.386208,-1.534531,149.11,0,3,302.62,19 / 21,1487229,2019-09-06 18:40:53:911,-0.0369,0.0251,9.8224,0.0044,0.0026,9.8066,0.0055,0.0027,0.0197,0.19,-31.31,5.69,37.41,-85.06,-158.41
52.386208,-1.534531,149.11,0,3,302.62,19 / 21,1487329,2019-09-06 18:40:54:011,-0.1181,0.2815,9.9058,-0.0021,-0.0002,9.8066,0.0212,-0.0099,0.0128,0.81,-31.56,5,61.63,-85.06,-158.28
52.386208,-1.534531,149.11,0,3,302.62,20 / 21,1487429,2019-09-06 18:40:54:111,0.038,0.0847,9.891,0.0017,-0.002,9.8066,0.0224,-0.0041,0.0048,0.94,-31.44,5.5,51.32,-85.05,-158.38
52.386208,-1.534531,149.11,0,3,302.62,20 / 21,1487528,2019-09-06 18:40:54:210,-0.1307,0.0331,9.7977,-0.0026,-0.0021,9.8066,-0.0218,-0.0345,-0.0133,1.81,-31.87,6,63.17,-85.01,-158.53
52.386208,-1.534531,149.11,0,3,302.62,20 / 21,1487628,2019-09-06 18:40:54:310,0.1357,-0.0931,9.7631,0.0039,-0.001,9.8065,0.0109,-0.0216,0.0044,2.06,-32.19,5.81,62.39,-85.05,-158.99
52.386208,-1.534531,149.11,0,3,302.62,20 / 21,1487728,2019-09-06 18:40:54:410,0.177,0.0473,9.785,-0.0034,-0.0001,9.8066,0.0039,-0.0094,-0.0038,2.06,-32.87,5.31,73.87,-85.02,-158.87
52.386208,-1.534531,149.11,0,3,302.62,20 / 21,1487829,2019-09-06 18:40:54:511,-0.0173,0.4299,9.9456,0.0008,-0.0017,9.8066,-0.0093,-0.0194,0.0313,1.19,-32.19,5,61.41,-85,-158.81
52.386208,-1.534531,149.11,0,3,302.62,20 / 21,1487929,2019-09-06 18:40:54:611,-0.2264,0.0505,9.8414,-0.0002,0.0028,9.8066,0.0052,0.0062,0.0037,1.69,-32.56,4.75,74.32,-85,-158.58
52.386208,-1.534531,149.11,0,3,302.62,20 / 21,1488030,2019-09-06 18:40:54:712,-0.0901,-0.2046,9.7866,0.0011,-0.0015,9.8066,-0.015,-0.0256,-0.0026,1.63,-32.12,5.13,73.05,-85.02,-158.52
52.386208,-1.534531,149.11,0,3,302.62,20 / 21,1488131,2019-09-06 18:40:54:813,0.191,-0.0679,9.8309,0.0006,-0.0028,9.8066,-0.0014,-0.0029,-0.0075,1.38,-31.62,4.94,60.97,-85.06,-158.73
52.386208,-1.534531,149.11,0,3,302.62,20 / 21,1488229,2019-09-06 18:40:54:911,0.0438,-0.0176,9.7378,0.001,0.0008,9.8066,-0.0167,-0.0035,-0.0162,1.94,-32.25,5.88,62.58,-85.07,-158.73
52.386208,-1.534531,149.11,0,3,302.62,20 / 21,1488328,2019-09-06 18:40:55:010,-0.2394,0.1156,9.739,0.0034,0.0002,9.8066,-0.0123,-0.0001,0.0271,1.88,-32.12,6.13,62.18,-85.08,-159
52.386208,-1.534531,149.11,0,3,302.62,20 / 21,1488429,2019-09-06 18:40:55:111,-0.0701,-0.0359,9.8465,-0.0018,-0.0012,9.8066,0.0239,0.0002,-0.003,2,-32.12,5.56,62.1,-85.07,-159.09
52.386208,-1.534531,149.11,0,3,302.62,20 / 21,1488529,2019-09-06 18:40:55:211,-0.103,-0.3524,9.7268,0.0017,-0.0009,9.8066,0.0182,-0.0036,-0.0298,2.19,-32.44,6.06,61.77,-85.08,-159.31
52.386208,-1.534531,149.11,0,3,302.62,20 / 21,1488629,2019-09-06 18:40:55:311,0.2326,0.1149,9.6846,0.0011,-0.0022,9.8066,0.0036,-0.0057,0.0036,2.44,-31.94,5.31,70.93,-85.08,-159.86
52.386208,-1.534531,149.11,0,3,302.62,20 / 21,1488728,2019-09-06 18:40:55:410,0.1444,0.1266,9.8342,-0.0011,-0.0044,9.8066,-0.0129,-0.0078,-0.0158,2.25,-31.75,4.81,70.36,-85.09,-160.24
52.386208,-1.534531,149.11,0,3,302.62,20 / 21,1488829,2019-09-06 18:40:55:511,-0.0343,0.1814,9.8447,0.0042,0.0012,9.8066,0.0105,-0.0304,0.0067,2.31,-31.62,4.94,70.18,-85.1,-160.29
52.386208,-1.534531,149.11,0,3,302.62,20 / 21,1488929,2019-09-06 18:40:55:611,-0.0585,-0.0686,9.7351,0.0029,0.0042,9.8066,0.0039,0.0214,0.0127,2,-31.31,5.56,59.38,-85.11,-160.27
52.386208,-1.534531,149.11,0,3,302.62,20 / 21,1489028,2019-09-06 18:40:55:710,0.2274,0.1254,9.9184,-0.0003,0.0013,9.8066,-0.0057,0.0089,-0.0023,1.44,-31.12,5.31,56.93,-85.14,-160.13
52.386208,-1.534531,149.11,0,3,302.62,20 / 21,1489129,2019-09-06 18:40:55:811,0.0321,0.005,9.9106,0.0005,0.0022,9.8066,0.0056,-0.004,0.0011,0.44,-31.44,5.75,34.23,-85.15,-160.1
52.386208,-1.534531,149.11,0,3,302.62,20 / 21,1489228,2019-09-06 18:40:55:910,-0.1255,0.1399,9.7264,-0.0006,0.0006,9.8066,-0.002,0.0043,-0.0157,0.56,-31.69,6.06,49.48,-85.16,-159.82
52.386208,-1.534531,149.11,0,3,302.62,20 / 21,1489329,2019-09-06 18:40:56:011,0.0861,0.1271,9.9646,-0.0013,0.0001,9.8066,0.001,-0.0204,0.0144,0.63,-31.5,5,57.34,-85.15,-159.79
52.386208,-1.534531,149.11,0,3,302.62,19 / 21,1489429,2019-09-06 18:40:56:111,-0.0965,-0.0332,9.7496,-0.0012,0.0007,9.8066,0.0065,0.0036,0.0101,1.44,-31.44,5.38,58.16,-85.11,-159.43
52.386208,-1.534531,149.11,0,3,302.62,19 / 21,1489528,2019-09-06 18:40:56:210,-0.3403,-0.1212,9.6846,0.0028,0.0019,9.8066,0.0304,0.0147,0.0118,1.56,-32.06,4.81,71.18,-85.14,-159.25
52.386208,-1.534531,149.11,0,3,302.62,19 / 21,1489628,2019-09-06 18:40:56:310,0.1497,-0.1438,9.854,0.0019,0.0017,9.8066,0.0011,0.0147,-0.0053,1.56,-32.5,4.69,70.94,-85.17,-159.25
52.386208,-1.534531,149.11,0,3,302.62,19 / 21,1489729,2019-09-06 18:40:56:411,0.0417,0.0249,9.8249,-0.0012,-0.0017,9.8066,0.0065,-0.0172,0.0025,1.63,-32.19,5.25,71,-85.17,-159.21
52.386208,-1.534531,149.11,0,3,302.62,19 / 21,1489829,2019-09-06 18:40:56:511,-0.1514,0.1261,9.8219,-0.0011,0.0005,9.8066,-0.0006,-0.0294,-0.0146,2.25,-32.69,5.19,72.05,-85.17,-159.31
52.386208,-1.534531,149.11,0,3,302.62,19 / 21,1489929,2019-09-06 18:40:56:611,-0.002,0.2053,9.8114,0.0006,0.0027,9.8066,-0.0097,-0.0272,-0.0009,1.94,-32.19,5.63,61.4,-85.17,-159.13
52.386208,-1.534531,149.11,0,3,302.62,19 / 21,1490029,2019-09-06 18:40:56:711,0.1127,0.1162,9.8136,-0.0026,-0.0005,9.8066,0.0134,-0.0016,0.0256,1.63,-33,5.38,72.53,-85.16,-158.96
52.386208,-1.534531,149.11,0,3,302.62,19 / 21,1490129,2019-09-06 18:40:56:811,0.0307,0.2051,9.9033,-0.0019,0.0022,9.8066,-0.0059,0.0049,0.0337,1.81,-32.31,4.88,71.85,-85.15,-158.63
52.386208,-1.534531,149.11,0,3,302.62,19 / 21,1490229,2019-09-06 18:40:56:911,-0.0924,-0.0202,9.8445,-0.0013,0.0033,9.8066,-0.01,-0.021,0.0077,1.06,-31.19,5.19,59.95,-85.16,-157.86
52.386208,-1.534531,149.11,0,3,302.62,19 / 21,1490329,2019-09-06 18:40:57:011,-0.1743,-0.0149,9.9498,-0.0067,0.002,9.8066,-0.005,-0.029,-0.0095,1.56,-31.75,5.69,64.04,-85.14,-157.22
52.386208,-1.534531,149.11,0,3,302.62,19 / 21,1490430,2019-09-06 18:40:57:112,-0.1166,0.3102,10.1437,-0.0022,0.0032,9.8066,-0.0056,-0.0349,0.0223,1.63,-31.44,5.94,63.78,-85.11,-156.8
52.386208,-1.534531,149.11,0,3,302.62,19 / 21,1490528,2019-09-06 18:40:57:210,-0.0182,0.031,10.1137,-0.0027,-0.0011,9.8066,0.0012,-0.0156,0.0076,1.5,-32.25,5.56,65.17,-85.13,-156.34
52.386208,-1.534531,149.11,0,3,302.62,19 / 21,1490629,2019-09-06 18:40:57:311,0.149,0.395,9.9025,-0.0021,-0.0056,9.8066,-0.0085,-0.0243,-0.0049,1.56,-33.12,5.75,66.39,-85.11,-156.25
52.386208,-1.534531,149.11,0,3,302.62,19 / 21,1490728,2019-09-06 18:40:57:410,0.2432,0.2462,9.9554,-0.0017,0.0039,9.8066,-0.0022,-0.0186,0.0185,1,-32.69,5.13,65.33,-85.14,-156.06
52.386208,-1.534531,149.11,0,3,302.62,19 / 21,1490828,2019-09-06 18:40:57:510,0.1844,0.2658,10.2057,0.0006,-0.0024,9.8066,0.0289,-0.0131,-0.0012,1.5,-33,4.5,76.11,-85.11,-156.36
52.386208,-1.534531,149.11,0,3,302.62,19 / 21,1490929,2019-09-06 18:40:57:611,0.0355,-0.0694,10.1004,-0.0029,-0.0031,9.8066,0.0261,-0.0253,-0.0125,0.63,-32.87,4.94,65.27,-85.07,-156.6
52.386208,-1.534531,149.11,0,3,302.62,19 / 21,1491029,2019-09-06 18:40:57:711,-0.2206,0.1712,9.8117,-0.003,-0.0002,9.8066,-0.0206,-0.0458,0.0103,1.25,-32.37,5.19,64.38,-85.05,-156.35
52.386208,-1.534531,149.11,0,3,302.62,19 / 21,1491128,2019-09-06 18:40:57:810,0.2002,0.4057,9.9885,0.0002,0.0026,9.8066,-0.0169,-0.0355,0.0072,1.31,-31.69,4.88,64.81,-85.03,-156.15
52.386208,-1.534531,149.11,0,3,302.62,19 / 21,1491229,2019-09-06 18:40:57:911,0.0042,-0.0157,9.9514,-0.0003,0,9.8066,0.0289,-0.0108,0.0101,1,-32,5.25,64.89,-85.03,-156.07
52.386208,-1.534531,149.11,0,3,302.62,19 / 21,1491328,2019-09-06 18:40:58:010,0.1803,0.0342,9.7822,-0.0017,0.0007,9.8066,-0.0114,-0.0267,0.0146,1.5,-31.75,5.25,76.29,-85.01,-155.84
52.386295,-1.53473,149.23,1.44,3,305.12,18 / 20,1491429,2019-09-06 18:40:58:111,0.1443,-0.0064,9.7459,-0.002,0.0008,9.8066,-0.003,-0.0246,0.0118,1.81,-32,5.31,76.39,-85.01,-155.76
52.386295,-1.53473,149.23,1.44,3,305.12,18 / 20,1491528,2019-09-06 18:40:58:210,-0.031,0.3628,9.8974,-0.0044,0.0013,9.8066,0.0274,-0.0489,0.015,1.94,-32.31,5.69,67.49,-84.98,-155.27
52.386295,-1.53473,149.23,1.44,3,305.12,18 / 20,1491629,2019-09-06 18:40:58:311,0.1094,0.2071,9.7431,0.0001,0.0013,9.8066,0.0065,-0.0435,-0.001,1.56,-32.37,5.69,68.1,-84.91,-155.09
52.386295,-1.53473,149.23,1.44,3,305.12,18 / 20,1491729,2019-09-06 18:40:58:411,-0.1364,0.3533,9.6688,0.0008,0.0025,9.8066,-0.0003,-0.0366,0.0099,1.06,-31.94,5.88,57.81,-84.9,-155.13
52.386295,-1.53473,149.23,1.44,3,305.12,18 / 20,1491829,2019-09-06 18:40:58:511,0.2584,0.0181,9.7459,0.0019,0.0006,9.8066,0.0058,-0.0301,0.03,0.25,-31.94,5,51.49,-84.89,-155.18
52.386295,-1.53473,149.23,1.44,3,305.12,18 / 20,1491928,2019-09-06 18:40:58:610,0.1162,0.1361,9.7735,0.0001,0.0014,9.8066,0.0009,-0.0195,-0.01,0.5,-31.37,5.44,66.11,-84.91,-154.94
52.386295,-1.53473,149.23,1.44,3,305.12,18 / 20,1492029,2019-09-06 18:40:58:711,0.2687,0.6634,9.9243,0.0035,0.0012,9.8066,0.0003,-0.0505,-0.0123,0.19,-32,4.5,50.65,-84.96,-155.28
52.386295,-1.53473,149.23,1.44,3,305.12,18 / 20,1492128,2019-09-06 18:40:58:810,0.3404,0.3277,10.0273,0.0023,-0.0015,9.8066,-0.0169,-0.0331,-0.018,0.13,-31.87,4,63.6,-84.98,-155.49
52.386295,-1.53473,149.23,1.44,3,305.12,18 / 20,1492228,2019-09-06 18:40:58:910,0.1786,0.2915,10.0067,0.0014,-0.0027,9.8066,0.0028,-0.0252,0.0073,0.75,-32.75,4.75,67.16,-84.98,-155.81
52.386295,-1.53473,149.23,1.44,3,305.12,18 / 20,1492328,2019-09-06 18:40:59:010,0.4443,0.5437,9.9312,-0.0017,-0.0019,9.8066,-0.0065,-0.0232,0.0225,0.94,-31.87,4.56,65.52,-84.98,-155.94
52.386295,-1.53473,149.23,1.44,3,305.12,18 / 20,1492429,2019-09-06 18:40:59:111,-0.0002,0.1916,9.8504,0.0018,0.0031,9.8066,0.0238,-0.0367,0.0014,0.69,-31.44,5.38,64.57,-84.97,-155.7
52.386295,-1.53473,149.23,1.44,3,305.12,18 / 20,1492529,2019-09-06 18:40:59:211,-0.0133,0.2184,9.7482,0.0003,0.0005,9.8066,0.0084,-0.0193,-0.0248,0.94,-32.31,5.38,65.97,-84.97,-155.71
52.386295,-1.53473,149.23,1.44,3,305.12,18 / 20,1492628,2019-09-06 18:40:59:310,0.3236,0.3424,9.907,-0.0001,-0.0036,9.8066,-0.0015,-0.0288,-0.0042,0.63,-31.87,5.38,65.43,-84.95,-156.24
52.386295,-1.53473,149.23,1.44,3,305.12,18 / 20,1492729,2019-09-06 18:40:59:411,-0.0764,0.2981,9.9344,0.0046,-0.0023,9.8066,0.0082,-0.0227,0.0189,0.06,-32.25,5.31,48.27,-84.97,-156.66
52.386295,-1.53473,149.23,1.44,3,305.12,18 / 20,1492829,2019-09-06 18:40:59:511,0.2,0.2018,9.8561,-0.0005,0.0005,9.8066,0.0125,-0.0203,0.0176,0.81,-31.94,5.06,64.57,-84.98,-156.63
52.386295,-1.53473,149.23,1.44,3,305.12,18 / 20,1492929,2019-09-06 18:40:59:611,-0.0032,-0.0199,9.8394,-0.0009,0.0003,9.8066,0.0041,-0.0221,-0.0055,0.06,-32.12,4.69,48.46,-84.99,-156.45
52.386295,-1.53473,149.23,1.44,3,305.12,18 / 20,1493029,2019-09-06 18:40:59:711,0.1053,0.3481,9.8283,0.0011,-0.0003,9.8066,-0.0049,-0.0332,-0.005,-0.5,-32.94,4.38,64.79,-84.96,-156.43
52.386295,-1.53473,149.23,1.44,3,305.12,18 / 20,1493128,2019-09-06 18:40:59:810,-0.0415,0.0594,9.907,0.0007,-0.0015,9.8066,-0.0011,-0.0076,0.0218,-0.37,-32.56,3.94,64.09,-85,-156.44
52.386295,-1.53473,149.23,1.44,3,305.12,18 / 20,1493228,2019-09-06 18:40:59:910,0.2184,0.2435,9.849,-0.0011,0.0039,9.8065,-0.0171,-0.0356,0.0094,0.25,-32.69,4.13,63.98,-85.06,-155.93
52.386295,-1.53473,149.23,1.44,3,305.12,18 / 20,1493329,2019-09-06 18:41:00:011,0.2484,0.5124,9.8189,-0.0025,0.0023,9.8066,-0.0394,-0.0529,-0.0137,-0.31,-32.69,3.94,64.89,-85.05,-155.46
52.386295,-1.53473,149.23,1.44,3,305.12,20 / 21,1493429,2019-09-06 18:41:00:111,-0.0423,-0.0104,9.7191,0.0019,0.0008,9.8066,0.004,-0.0346,0.0035,0.44,-31.69,3.94,63.05,-85.05,-155.14
52.386295,-1.53473,149.23,1.44,3,305.12,20 / 21,1493528,2019-09-06 18:41:00:210,-0.097,-0.0309,9.9221,0.002,0.0013,9.8066,0.0203,0.0074,0.0115,0.5,-31.75,3.81,79.8,-85.1,-155.2
52.386295,-1.53473,149.23,1.44,3,305.12,20 / 21,1493629,2019-09-06 18:41:00:311,0.1865,0.3127,9.8021,0.0001,-0.0009,9.8066,-0.0159,-0.0139,0.0106,0.19,-31.87,4.38,61.28,-85.12,-155.59
52.386295,-1.53473,149.23,1.44,3,305.12,20 / 21,1493728,2019-09-06 18:41:00:410,0.2951,0.1562,10.0403,-0.0025,-0.0015,9.8066,-0.0379,-0.0415,-0.0219,0.69,-31.37,4.25,77.09,-85.13,-155.66
52.386295,-1.53473,149.23,1.44,3,305.12,20 / 21,1493828,2019-09-06 18:41:00:510,0.2642,0.1875,9.9523,0.0074,0.0009,9.8066,0.0023,-0.0249,-0.0095,1.06,-32.31,4.31,78.09,-85.16,-156.01
52.386295,-1.53473,149.23,1.44,3,305.12,20 / 21,1493928,2019-09-06 18:41:00:610,0.1038,0.1586,9.7211,0.0041,0.0017,9.8066,0.0328,-0.0145,0.0324,0.81,-32.31,4.38,77.3,-85.21,-156.2
52.386295,-1.53473,149.23,1.44,3,305.12,20 / 21,1494028,2019-09-06 18:41:00:710,0.1124,-0.0466,9.6789,-0.0011,0.0023,9.8066,-0.0153,-0.0421,0.0168,0.69,-33.12,4.44,79.28,-85.21,-156.03
52.386295,-1.53473,149.23,1.44,3,305.12,20 / 21,1494129,2019-09-06 18:41:00:811,-0.0851,0.1379,9.8629,0.0013,0.0026,9.8066,-0.0285,-0.0393,-0.0275,0.5,-32.44,3.69,78.15,-85.22,-155.39
52.386295,-1.53473,149.23,1.44,3,305.12,20 / 21,1494228,2019-09-06 18:41:00:910,0.2105,0.4269,9.9782,0.0021,-0.001,9.8066,-0.0113,-0.0023,-0.0128,0.44,-31.75,2.88,86.16,-85.27,-155.52
52.386295,-1.53473,149.23,1.44,3,305.12,20 / 21,1494329,2019-09-06 18:41:01:011,0.2537,0.105,9.87,0.0069,-0.0032,9.8066,0.0031,-0.0266,0.0242,0.56,-32.37,3.44,97.24,-85.35,-155.96
52.386295,-1.53473,149.23,1.44,3,305.12,19 / 21,1494429,2019-09-06 18:41:01:111,0.5152,0.2278,10.0119,0.0055,-0.0055,9.8066,-0.0066,-0.0206,0.0041,1.44,-31.62,3.25,95.98,-85.41,-156.26
52.386295,-1.53473,149.23,1.44,3,305.12,19 / 21,1494528,2019-09-06 18:41:01:210,0.4301,0.3007,9.9226,0.0014,0.0029,9.8066,0.0072,-0.0312,-0.0111,0.63,-32.19,4,74.45,-85.46,-156.04
52.386295,-1.53473,149.23,1.44,3,305.12,19 / 21,1494629,2019-09-06 18:41:01:311,0.2913,0.4689,9.8879,0.0008,-0.0013,9.8066,-0.009,-0.0225,-0.0016,0.13,-32.25,4.19,55.52,-85.48,-155.91
52.386295,-1.53473,149.23,1.44,3,305.12,19 / 21,1494729,2019-09-06 18:41:01:411,-0.0031,0.4374,9.7365,-0.001,-0.0032,9.8066,-0.0055,-0.0297,0.0077,0,-32.12,3.88,55.3,-85.5,-155.92
52.386295,-1.53473,149.23,1.44,3,305.12,19 / 21,1494829,2019-09-06 18:41:01:511,0.2649,0.1587,9.7672,0.0016,0.0007,9.8066,0.0036,0.001,0.0036,0,-32,3.56,54.34,-85.56,-156.01
52.386295,-1.53473,149.23,1.44,3,305.12,19 / 21,1494929,2019-09-06 18:41:01:611,0.1915,0.3561,9.6933,0.0007,0.0008,9.8066,0.0009,-0.0249,0.0039,0.06,-32.06,3.56,54.11,-85.57,-156.09
52.386295,-1.53473,149.23,1.44,3,305.12,19 / 21,1495028,2019-09-06 18:41:01:710,0.1976,0.3314,9.8434,0.0016,0.0025,9.8066,0.0114,-0.0203,-0.0115,-0.19,-31.81,3.69,54.12,-85.56,-156.11
52.386295,-1.53473,149.23,1.44,3,305.12,19 / 21,1495129,2019-09-06 18:41:01:811,0.1053,0.3074,9.8476,0.0001,0.0026,9.8066,-0.0028,-0.0132,0.0055,-0.25,-31.56,4.19,54.36,-85.56,-156.01
52.386295,-1.53473,149.23,1.44,3,305.12,19 / 21,1495229,2019-09-06 18:41:01:911,0.4562,0.7037,9.9153,-0.0019,0.0003,9.8066,0.0197,-0.0206,0.0308,0,-31.37,3.94,53.13,-85.56,-155.72
52.386295,-1.53473,149.23,1.44,3,305.12,19 / 21,1495329,2019-09-06 18:41:02:011,0.2258,0.469,9.913,-0.0062,-0.0034,9.8066,-0.012,-0.0294,0.0028,0,-32.12,4.13,56.62,-85.51,-155.05
52.386295,-1.53473,149.23,1.44,3,305.12,19 / 21,1495429,2019-09-06 18:41:02:111,0.358,0.5747,9.9837,0.001,-0.0004,9.8066,-0.0063,-0.0177,-0.0047,-0.25,-32.25,4.38,57.29,-85.5,-154.72
52.386295,-1.53473,149.23,1.44,3,305.12,19 / 21,1495529,2019-09-06 18:41:02:211,0.3018,0.4864,9.9053,0.0016,0.0032,9.8066,0.0221,-0.0061,0.0336,0.13,-31.87,4.38,56.88,-85.52,-154.81
52.386295,-1.53473,149.23,1.44,3,305.12,19 / 21,1495628,2019-09-06 18:41:02:310,0.1555,0.2864,9.7635,-0.0039,-0.003,9.8066,-0.0127,-0.0268,-0.01,0.31,-31.81,3.94,57.79,-85.49,-154.54
52.386295,-1.53473,149.23,1.44,3,305.12,19 / 21,1495729,2019-09-06 18:41:02:411,0.2777,0.523,9.9335,-0.0036,-0.0014,9.8066,-0.0157,-0.018,-0.0061,0,-31.44,3.69,56.48,-85.48,-154.31
52.386295,-1.53473,149.23,1.44,3,305.12,19 / 21,1495829,2019-09-06 18:41:02:511,-0.1084,0.1327,9.7385,0.0017,-0.0027,9.8066,0.0128,-0.016,0.0081,0.13,-31.56,4.31,58.35,-85.48,-154.28
52.386295,-1.53473,149.23,1.44,3,305.12,19 / 21,1495929,2019-09-06 18:41:02:611,-0.06,-0.1955,9.7964,0,0.0013,9.8066,0.0278,0.0085,0.0141,-0.25,-32.62,4.44,59.63,-85.48,-154.68
52.386295,-1.53473,149.23,1.44,3,305.12,19 / 21,1496029,2019-09-06 18:41:02:711,-0.0497,0.1253,9.7987,0.0015,-0.0024,9.8066,0.0109,-0.024,0.0008,-0.62,-32.12,4.25,27.73,-85.43,-155.04
52.386295,-1.53473,149.23,1.44,3,305.12,19 / 21,1496128,2019-09-06 18:41:02:810,0.0181,-0.09,9.8708,-0.0023,-0.0023,9.8066,0.0037,-0.0057,-0.0137,-0.06,-32.25,3.63,58.08,-85.39,-155.2
52.386295,-1.53473,149.23,1.44,3,305.12,19 / 21,1496228,2019-09-06 18:41:02:910,-0.251,-0.4986,9.8189,-0.0029,-0.0062,9.8066,0.0061,-0.0062,0.0108,-0.25,-33.37,4.56,47.81,-85.33,-155.81
52.386295,-1.53473,149.23,1.44,3,305.12,19 / 21,1496328,2019-09-06 18:41:03:010,-0.2984,-0.297,9.836,-0.0009,-0.0008,9.8066,0.021,-0.0049,0.0254,-0.37,-32.75,4.06,59.85,-85.33,-155.85
52.386295,-1.53473,149.23,1.44,3,305.12,20 / 21,1496428,2019-09-06 18:41:03:110,0.0439,0.1214,9.9248,-0.0019,0,9.8066,0.0309,0.0003,0.0295,-0.62,-33,4.88,27.26,-85.32,-155.51
52.386295,-1.53473,149.23,1.44,3,305.12,20 / 21,1496528,2019-09-06 18:41:03:210,0.0119,-0.1311,9.8589,-0.0007,0.004,9.8066,-0.011,-0.0068,0.0094,-0.37,-32.37,4.06,58.59,-85.36,-155.13
52.386295,-1.53473,149.23,1.44,3,305.12,20 / 21,1496629,2019-09-06 18:41:03:311,-0.0069,-0.2128,9.8176,-0.0017,0.0018,9.8066,-0.0156,-0.0091,0.0088,-0.75,-32.37,4.75,28.19,-85.38,-154.42
52.386295,-1.53473,149.23,1.44,3,305.12,20 / 21,1496729,2019-09-06 18:41:03:411,-0.0069,0.1389,9.947,-0.0015,0.001,9.8066,0.0323,-0.0165,0.0064,-0.19,-32.19,4.38,59.77,-85.4,-154.04
52.386295,-1.53473,149.23,1.44,3,305.12,20 / 21,1496829,2019-09-06 18:41:03:511,-0.1164,0.2875,9.9863,-0.001,0.0014,9.8066,-0.0232,-0.0113,-0.0088,-1,-32.19,4.31,31.24,-85.45,-153.44
52.386295,-1.53473,149.23,1.44,3,305.12,20 / 21,1496929,2019-09-06 18:41:03:611,-0.0769,0.0651,9.8466,0.0016,0.0026,9.8066,0.0108,-0.0052,0.0022,-1.31,-32.81,4.25,32.2,-85.49,-153.47
52.386295,-1.53473,149.23,1.44,3,305.12,20 / 21,1497029,2019-09-06 18:41:03:711,0.0943,0.3068,9.946,0.0017,-0.0001,9.8066,0.0163,-0.0046,0.0034,-1,-32.62,4.44,31.58,-85.51,-153.63
52.386295,-1.53473,149.23,1.44,3,305.12,20 / 21,1497129,2019-09-06 18:41:03:811,-0.0616,0.5185,9.9349,0.0032,0.0027,9.8066,0.0119,-0.0086,-0.0026,-2.06,-32.37,4.81,7.99,-85.57,-153.89
52.386295,-1.53473,149.23,1.44,3,305.12,20 / 21,1497228,2019-09-06 18:41:03:910,-0.1352,0.1812,9.7155,-0.0004,0.0016,9.8066,-0.0206,-0.023,-0.0111,-2.31,-31.87,4.38,358.9,-85.6,-153.93
52.386295,-1.53473,149.23,1.44,3,305.12,20 / 21,1497329,2019-09-06 18:41:04:011,-0.151,0.1033,9.6918,0.0014,-0.0048,9.8066,0.0109,-0.0027,0.0201,-1.87,-30.56,3.38,338.84,-85.6,-153.62
52.386295,-1.53473,149.23,1.44,3,305.12,20 / 21,1497429,2019-09-06 18:41:04:111,-0.0599,0.4035,9.8613,-0.0005,0.005,9.8066,0.0029,0.0021,0.0213,-0.62,-31,3,31.84,-85.62,-153.06
52.386295,-1.53473,149.23,1.44,3,305.12,20 / 21,1497529,2019-09-06 18:41:04:211,-0.0078,0.0357,9.7987,0.0002,0.0038,9.8066,0.0005,-0.0119,-0.0135,-1.44,-30.69,3.44,31.77,-85.64,-152.97
52.386295,-1.53473,149.23,1.44,3,305.12,20 / 21,1497628,2019-09-06 18:41:04:310,0.0208,0.2203,9.7852,0,0.0033,9.8066,-0.0058,-0.0014,-0.0142,-0.44,-31,3.63,56.78,-85.68,-152.6
52.386295,-1.53473,149.23,1.44,3,305.12,20 / 21,1497729,2019-09-06 18:41:04:411,0.1759,0.1701,9.8447,-0.0008,0.0009,9.8066,0.0119,-0.001,0.023,-0.69,-31.94,3.88,31.41,-85.69,-152.33
52.386295,-1.53473,149.23,1.44,3,305.12,20 / 21,1497828,2019-09-06 18:41:04:510,0.0665,-0.0787,9.716,0.002,0.0029,9.8066,0.0187,0.0131,0.0198,-0.62,-32.06,4.19,31.63,-85.7,-152.21
52.386295,-1.53473,149.23,1.44,3,305.12,20 / 21,1497929,2019-09-06 18:41:04:611,0.3578,0.4452,10.0602,0.0057,0.0014,9.8066,-0.0327,-0.0282,-0.0346,-0.87,-31.62,4.56,29.57,-85.78,-152.38
52.386295,-1.53473,149.23,1.44,3,305.12,20 / 21,1498029,2019-09-06 18:41:04:711,0.1221,0.0714,9.9454,-0.0033,0.0012,9.8066,0.0044,-0.0018,0.0003,-0.56,-31.81,4,31.08,-85.78,-152.09
52.386295,-1.53473,149.23,1.44,3,305.12,20 / 21,1498128,2019-09-06 18:41:04:810,0.1415,0.4348,9.9439,0.0022,0.0021,9.8066,0.0113,-0.0005,0.0197,-1.06,-30.69,3.88,29.93,-85.8,-152.05
52.386295,-1.53473,149.23,1.44,3,305.12,20 / 21,1498228,2019-09-06 18:41:04:910,-0.0947,-0.0669,9.7239,0.0033,0.0016,9.8066,-0.0153,-0.0232,-0.0328,-1.12,-30.94,3.75,28.47,-85.87,-152.51
52.386295,-1.53473,149.23,1.44,3,305.12,20 / 21,1498328,2019-09-06 18:41:05:010,-0.1746,-0.0118,9.7267,-0.0013,0.0023,9.8066,-0.0037,0.0092,0.0043,-1.12,-31,4,28.76,-85.88,-152.33
52.386295,-1.53473,149.23,1.44,3,305.12,20 / 21,1498429,2019-09-06 18:41:05:111,0.1343,0.4286,10.0217,0.0029,0.0026,9.8066,-0.0035,-0.0074,0.0059,-0.94,-31.06,4.31,29.2,-85.88,-152.12
52.386295,-1.53473,149.23,1.44,3,305.12,20 / 21,1498528,2019-09-06 18:41:05:210,0.203,0.3137,9.9398,0.0023,-0.0008,9.8066,-0.0191,-0.008,-0.0171,-1.25,-32,4.13,28.89,-85.94,-152.55
52.386295,-1.53473,149.23,1.44,3,305.12,20 / 21,1498628,2019-09-06 18:41:05:310,0.122,0.6594,9.9979,-0.0016,0.0039,9.8066,-0.0175,-0.0043,-0.0076,-1.25,-31.5,4.69,28.3,-85.96,-152.17
52.386295,-1.53473,149.23,1.44,3,305.12,20 / 21,1498728,2019-09-06 18:41:05:410,0.0744,0.2384,9.9707,-0.0012,0.0008,9.8066,0.0096,0.0079,0.0247,-1.44,-31.25,4.13,28.8,-85.94,-152.1
52.386295,-1.53473,149.23,1.44,3,305.12,20 / 21,1498830,2019-09-06 18:41:05:512,-0.0803,0.2444,9.7788,0.0022,0.0041,9.8066,-0.0121,-0.0143,-0.0175,-1.12,-31.12,3.88,28.71,-85.97,-152.02
52.386295,-1.53473,149.23,1.44,3,305.12,20 / 21,1498930,2019-09-06 18:41:05:612,-0.1202,0.2191,9.7448,0.0011,0.0025,9.8066,-0.0171,-0.0144,-0.0149,-0.81,-30.87,4.38,28.62,-86.01,-151.93
52.386295,-1.53473,149.23,1.44,3,305.12,20 / 21,1499029,2019-09-06 18:41:05:711,-0.0328,-0.023,9.7138,-0.0022,0.0017,9.8066,0.011,0.0129,0.0213,-0.5,-30.62,4.5,46.92,-86,-151.58
52.386295,-1.53473,149.23,1.44,3,305.12,20 / 21,1499129,2019-09-06 18:41:05:811,0.0097,0.0217,9.8658,0.0008,0.0032,9.8066,-0.002,-0.0102,0.0007,-0.94,-30.94,4.81,29.4,-86.02,-151.31
52.386295,-1.53473,149.23,1.44,3,305.12,20 / 21,1499230,2019-09-06 18:41:05:912,-0.0413,0.309,9.7924,-0.0009,0.0015,9.8066,-0.0081,-0.0036,-0.0118,-1.37,-30.37,4.88,28.75,-86.05,-151.24
52.386295,-1.53473,149.23,1.44,3,305.12,20 / 21,1499329,2019-09-06 18:41:06:011,0.1195,-0.4807,9.7177,-0.0003,-0.001,9.8066,0.0005,-0.0101,0.0109,-2.19,-30.94,5.13,11.68,-86.05,-151.15
52.386295,-1.53473,149.23,1.44,3,305.12,20 / 21,1499429,2019-09-06 18:41:06:111,0.1326,-0.3409,9.6934,0.0001,0.0012,9.8066,0.0168,0.0104,0.0179,-2.44,-30.94,4.5,11.86,-86.02,-151.08
52.386295,-1.53473,149.23,1.44,3,305.12,20 / 21,1499528,2019-09-06 18:41:06:210,-0.0101,0.1678,10.0033,0.0012,0.0011,9.8066,0.0031,-0.0242,-0.0143,-2.37,-31,4.5,11.45,-86.02,-151.33
52.386295,-1.53473,149.23,1.44,3,305.12,20 / 21,1499629,2019-09-06 18:41:06:311,0.1185,0.044,10.0254,-0.0008,-0.0006,9.8066,-0.016,-0.0157,-0.0221,-1.94,-30.87,3.63,3.56,-86.05,-151.58
52.386295,-1.53473,149.23,1.44,3,305.12,20 / 21,1499729,2019-09-06 18:41:06:411,0.1767,0.1768,9.9366,-0.0016,0.0001,9.8066,0.0055,0.0035,0.0305,-1.06,-30.56,3.44,30.49,-86.04,-151.22
52.386295,-1.53473,149.23,1.44,3,305.12,20 / 21,1499829,2019-09-06 18:41:06:511,-0.0313,0.0182,9.8358,0.0011,0.0008,9.8066,0.0059,-0.0092,0.016,-1.5,-30.5,3.75,28.72,-86.04,-151.26
52.386295,-1.53473,149.23,1.44,3,305.12,20 / 21,1499929,2019-09-06 18:41:06:611,0.1138,0.019,9.9755,0.0007,0.001,9.8066,-0.0081,-0.0183,-0.0251,-0.87,-31.12,3.63,29.02,-86.06,-151.5
52.386295,-1.53473,149.23,1.44,3,305.12,20 / 21,1500029,2019-09-06 18:41:06:711,0.1104,0.1524,9.9694,-0.0022,0.0002,9.8066,0.0163,0.0025,0.0204,-1.25,-30.87,4.06,29.59,-86.07,-151.18
52.386295,-1.53473,149.23,1.44,3,305.12,20 / 21,1500129,2019-09-06 18:41:06:811,0.1107,0.237,9.9458,-0.0016,0.0021,9.8066,0.021,0.0111,0.0276,-0.81,-31.31,3.81,30.18,-86.06,-150.89
52.386295,-1.53473,149.23,1.44,3,305.12,20 / 21,1500229,2019-09-06 18:41:06:911,-0.1454,-0.2983,9.7429,0.0023,0.0016,9.8066,-0.0129,-0.0159,-0.0204,-0.94,-32.5,4.06,30.84,-86.08,-150.95
52.386295,-1.53473,149.23,1.44,3,305.12,20 / 21,1500329,2019-09-06 18:41:07:011,-0.0075,0.1798,9.6718,-0.0019,-0.0011,9.8066,0.0055,0.005,0.002,-0.62,-31.25,3.75,29.8,-86.1,-150.95
52.386295,-1.53473,149.23,1.44,3,305.12,20 / 21,1500428,2019-09-06 18:41:07:110,-0.0776,-0.2752,9.7868,0.0001,0.0008,9.8066,0.0205,0.0085,0.0291,-1.31,-31.06,3.94,30.54,-86.08,-150.64
52.386295,-1.53473,149.23,1.44,3,305.12,20 / 21,1500529,2019-09-06 18:41:07:211,0.0883,0.0776,9.9675,0.0022,0.002,9.8066,-0.0035,-0.0284,-0.0188,-0.5,-31.12,4.13,54.81,-86.1,-150.78
52.386295,-1.53473,149.23,1.44,3,305.12,20 / 21,1500628,2019-09-06 18:41:07:310,0.1437,0.1166,10.0122,-0.0008,0.0007,9.8066,-0.0072,0.0045,-0.0172,-0.62,-31.75,4,30.67,-86.12,-150.92
52.386295,-1.53473,149.23,1.44,3,305.12,20 / 21,1500729,2019-09-06 18:41:07:411,0.1086,0.3797,9.9786,-0.0006,-0.0034,9.8066,0.0162,-0.0016,0.0298,-0.69,-31.56,3.69,31.51,-86.09,-150.56
52.386295,-1.53473,149.23,1.44,3,305.12,20 / 21,1500829,2019-09-06 18:41:07:511,-0.1621,-0.3065,9.754,0.0026,0.0004,9.8066,0.0037,-0.0282,-0.0104,-0.62,-31.25,3.81,29.88,-86.13,-150.81
52.386295,-1.53473,149.23,1.44,3,305.12,20 / 21,1500929,2019-09-06 18:41:07:611,-0.1715,-0.1431,9.676,-0.0022,-0.0018,9.8066,0.0102,0.0109,0.0008,-0.87,-31.37,4.5,30,-86.12,-150.63
52.386295,-1.53473,149.23,1.44,3,305.12,20 / 21,1501029,2019-09-06 18:41:07:711,0.17,-0.1804,9.944,0.0013,0.0019,9.8066,0.0008,-0.0109,0.0158,-1.06,-31.37,3.75,30.5,-86.11,-150.53
52.386295,-1.53473,149.23,1.44,3,305.12,20 / 21,1501128,2019-09-06 18:41:07:810,0.1638,0.1028,9.918,0.0033,0.0027,9.8066,-0.0285,-0.0151,-0.0285,0.19,-31.31,3.88,54.59,-86.15,-150.63
52.386295,-1.53473,149.23,1.44,3,305.12,20 / 21,1501229,2019-09-06 18:41:07:911,0.1013,-0.2593,9.8739,-0.0012,0.0014,9.8066,0.0077,-0.0024,0.004,-0.62,-30.81,3.81,30.22,-86.13,-150.62
52.386295,-1.53473,149.23,1.44,3,305.12,20 / 21,1501329,2019-09-06 18:41:08:011,0.0106,0.0007,9.8139,0.0016,0.0042,9.8066,0.0061,-0.0043,0.0064,-0.44,-30.69,3.88,55.04,-86.15,-150.31
52.386295,-1.53473,149.23,1.44,3,305.12,19 / 20,1501429,2019-09-06 18:41:08:111,-0.0069,-0.0904,9.9082,-0.0014,-0.0012,9.8066,-0.0145,-0.0031,-0.0143,-0.31,-31.06,4.25,54.75,-86.17,-150.38
52.386295,-1.53473,149.23,1.44,3,305.12,19 / 20,1501528,2019-09-06 18:41:08:210,0.0793,0.1951,9.9402,-0.0025,-0.0016,9.8066,0.0287,-0.0122,0.0218,-0.81,-30.62,4.75,30.69,-86.15,-150.1
52.386295,-1.53473,149.23,1.44,3,305.12,19 / 20,1501629,2019-09-06 18:41:08:311,0.1775,0.0125,10.076,0.0016,0.0019,9.8066,-0.0127,-0.0001,-0.0147,-0.62,-31.19,4,30.52,-86.18,-150.26
52.386295,-1.53473,149.23,1.44,3,305.12,19 / 20,1501729,2019-09-06 18:41:08:411,-0.1517,-0.0635,9.7399,-0.0043,-0.0018,9.8066,0.021,-0.0145,0.0118,-0.5,-32.31,4,56.5,-86.16,-150.15
52.386295,-1.53473,149.23,1.44,3,305.12,19 / 20,1501829,2019-09-06 18:41:08:511,-0.3132,-0.405,9.7125,0.0014,-0.0019,9.8066,0.0295,-0.0114,0.0179,-0.25,-31.87,4.31,56.79,-86.15,-150.02
52.386295,-1.53473,149.23,1.44,3,305.12,19 / 20,1501929,2019-09-06 18:41:08:611,0.1626,0.2862,10.0274,0.0017,-0.0004,9.8066,-0.017,0.0027,-0.0191,-0.69,-31.31,3.94,30.44,-86.18,-150.28
52.386295,-1.53473,149.23,1.44,3,305.12,19 / 20,1502029,2019-09-06 18:41:08:711,0.1563,-0.1505,9.9706,-0.001,-0.0008,9.8066,0.0156,-0.0151,0.023,-0.94,-31.19,4.13,30.96,-86.16,-150.08
52.386295,-1.53473,149.23,1.44,3,305.12,19 / 20,1502128,2019-09-06 18:41:08:810,0.0971,0.2311,9.9312,0.0023,0.0009,9.8066,-0.0169,-0.0054,-0.0127,-0.94,-31,3.88,30.68,-86.17,-150.19
52.386295,-1.53473,149.23,1.44,3,305.12,19 / 20,1502229,2019-09-06 18:41:08:911,0.1427,-0.109,9.9339,-0.0007,0.0032,9.8066,-0.0267,0.0147,-0.0196,-1,-30.62,4.31,30.63,-86.22,-150.01
52.386295,-1.53473,149.23,1.44,3,305.12,19 / 20,1502328,2019-09-06 18:41:09:010,-0.1705,-0.1377,9.7313,-0.0021,-0.0012,9.8066,0.0399,-0.0188,0.0277,-0.94,-31,4.25,31.16,-86.18,-149.88
52.386295,-1.53473,149.23,1.44,3,305.12,20 / 21,1502428,2019-09-06 18:41:09:110,0.0599,-0.0749,9.9755,0.0013,0.0023,9.8066,-0.0203,-0.0031,-0.0165,-0.56,-31.31,4.56,30.26,-86.21,-150.18
52.386295,-1.53473,149.23,1.44,3,305.12,20 / 21,1502528,2019-09-06 18:41:09:210,0.0243,0.0066,9.8942,-0.0012,0.0007,9.8066,-0.0058,0.003,0.0045,-0.75,-31.44,4.25,30.58,-86.21,-150.08
52.386295,-1.53473,149.23,1.44,3,305.12,20 / 21,1502629,2019-09-06 18:41:09:311,0.1157,-0.093,9.9073,0.001,-0.0001,9.8066,0.0104,-0.017,0.0245,-0.94,-31.62,4.38,31.51,-86.2,-150.12
52.386295,-1.53473,149.23,1.44,3,305.12,20 / 21,1502728,2019-09-06 18:41:09:410,0.0155,-0.0501,9.779,0.0022,0.0034,9.8066,-0.0107,0.0038,-0.0249,-1.44,-31.44,3.75,29.94,-86.23,-150.35
52.386295,-1.53473,149.23,1.44,3,305.12,20 / 21,1502828,2019-09-06 18:41:09:510,-0.1085,-0.3043,9.7741,-0.0026,-0.003,9.8066,0.0084,-0.0005,0.0088,-0.81,-30.75,3.63,30.46,-86.21,-150.16
52.386295,-1.53473,149.23,1.44,3,305.12,20 / 21,1502928,2019-09-06 18:41:09:610,0.0133,-0.0989,9.8949,-0.0001,0.0007,9.8066,0.0146,-0.0054,0.0036,-0.44,-30.75,4.44,54.79,-86.21,-150.08
52.386295,-1.53473,149.23,1.44,3,305.12,20 / 21,1503028,2019-09-06 18:41:09:710,0.113,0.0417,10.0792,-0.0002,-0.0012,9.8066,-0.0188,0.0012,-0.0232,-0.12,-31.06,3.56,54.2,-86.24,-150.22
52.386295,-1.53473,149.23,1.44,3,305.12,20 / 21,1503129,2019-09-06 18:41:09:811,0.1879,-0.0056,10.0016,-0.002,-0.0051,9.8065,0.0204,-0.009,0.0231,-0.31,-30.37,4.19,53.29,-86.2,-150.28
52.386295,-1.53473,149.23,1.44,3,305.12,20 / 21,1503229,2019-09-06 18:41:09:911,0.0445,-0.1213,9.8586,0.002,0.0019,9.8066,0.0111,0.0015,0.0089,-0.25,-31.19,4.25,54.36,-86.22,-150.28
52.386295,-1.53473,149.23,1.44,3,305.12,20 / 21,1503329,2019-09-06 18:41:10:011,0.0696,0.0152,9.9428,-0.0001,-0.0005,9.8066,-0.0121,-0.0048,-0.021,-0.56,-31.44,3.75,29.97,-86.23,-150.37
52.386295,-1.53473,149.23,1.44,3,305.12,19 / 20,1503429,2019-09-06 18:41:10:111,0.1138,-0.0777,10.0621,-0.001,-0.0011,9.8066,0.0172,-0.0063,0.0159,-0.69,-31.31,4,30.27,-86.19,-150.33
52.386295,-1.53473,149.23,1.44,3,305.12,19 / 20,1503528,2019-09-06 18:41:10:210,0.1955,0.1061,9.9223,0.0009,0.0001,9.8066,-0.0049,0.0018,0.0003,-0.44,-30.87,4.06,54.56,-86.2,-150.31
52.386295,-1.53473,149.23,1.44,3,305.12,19 / 20,1503629,2019-09-06 18:41:10:311,0.1633,0.0111,9.9997,0.0001,-0.001,9.8066,-0.0167,-0.0049,-0.0241,-0.94,-31.31,3.94,29.76,-86.23,-150.46
52.386295,-1.53473,149.23,1.44,3,305.12,19 / 20,1503728,2019-09-06 18:41:10:410,-0.1628,-0.2466,9.6784,-0.0027,-0.0043,9.8065,0.0163,0.0052,0.0305,-0.69,-30.87,3.81,30.21,-86.18,-150.4
52.386295,-1.53473,149.23,1.44,3,305.12,19 / 20,1503829,2019-09-06 18:41:10:511,-0.1249,-0.0302,9.8554,0.005,0.0028,9.8066,-0.0164,0.0027,-0.0028,-0.56,-30.75,3.44,30.54,-86.22,-150.27
52.386295,-1.53473,149.23,1.44,3,305.12,19 / 20,1503928,2019-09-06 18:41:10:610,-0.0165,-0.2036,9.8095,0.0003,0.0005,9.8066,-0.0052,-0.0085,-0.0076,-0.5,-31.06,4.06,54.28,-86.21,-150.38
52.386295,-1.53473,149.23,1.44,3,305.12,19 / 20,1504028,2019-09-06 18:41:10:710,0.1069,0.0286,9.997,-0.0002,0.0008,9.8066,0.0234,-0.0007,0.0251,-1.12,-32,4.13,31.4,-86.18,-150.27
52.386295,-1.53473,149.23,1.44,3,305.12,19 / 20,1504129,2019-09-06 18:41:10:811,0.1139,-0.2727,9.8065,0.001,0.0025,9.8066,-0.0095,-0.0152,-0.0128,-0.56,-31.44,4.19,30.34,-86.2,-150.25
52.386295,-1.53473,149.23,1.44,3,305.12,19 / 20,1504228,2019-09-06 18:41:10:910,0.0106,0.0642,9.9055,-0.0009,-0.0019,9.8066,-0.0201,-0.0112,-0.0194,-0.94,-31.44,4.25,29.98,-86.22,-150.38
52.386295,-1.53473,149.23,1.44,3,305.12,19 / 20,1504328,2019-09-06 18:41:11:010,-0.0658,-0.3743,9.7506,-0.0018,0,9.8066,0.0346,0.0021,0.0273,0,-31.62,3.69,56.07,-86.18,-150.27
52.386295,-1.53473,149.23,1.44,3,305.12,19 / 20,1504428,2019-09-06 18:41:11:110,-0.021,0.0816,9.9233,0.0023,-0.0013,9.8066,-0.0111,-0.0055,-0.0211,-0.75,-30.56,3.88,29.69,-86.22,-150.56
52.386295,-1.53473,149.23,1.44,3,305.12,19 / 20,1504529,2019-09-06 18:41:11:211,0.1904,-0.039,10.0247,-0.0024,-0.0059,9.8066,0.0275,-0.0046,0.0122,-0.87,-30.62,4,29.93,-86.2,-150.5
52.386295,-1.53473,149.23,1.44,3,305.12,19 / 20,1504628,2019-09-06 18:41:11:310,-0.04,-0.0345,9.8007,0.0008,0.001,9.8066,0.0173,-0.011,0.0209,-0.81,-30.56,3.75,30.05,-86.18,-150.51
52.386295,-1.53473,149.23,1.44,3,305.12,19 / 20,1504729,2019-09-06 18:41:11:411,-0.0389,-0.3634,9.7051,0.0006,-0.0005,9.8066,-0.0193,0.0006,-0.0186,-1.44,-30.44,3.88,28.96,-86.2,-150.56
52.386295,-1.53473,149.23,1.44,3,305.12,19 / 20,1504829,2019-09-06 18:41:11:511,-0.0805,-0.1518,9.7271,-0.0013,-0.0003,9.8066,0.021,-0.0083,0.0136,-1.19,-30.37,3.88,29.42,-86.18,-150.36
52.386295,-1.53473,149.23,1.44,3,305.12,19 / 20,1504928,2019-09-06 18:41:11:610,0.1193,-0.0529,9.9759,0.0012,0.0013,9.8065,-0.0048,-0.003,-0.0021,-1.06,-30.69,3.5,30.36,-86.18,-150.32
52.386295,-1.53473,149.23,1.44,3,305.12,19 / 20,1505028,2019-09-06 18:41:11:710,0.1243,0.2964,10.0345,-0.0006,-0.0008,9.8066,-0.0203,-0.0002,-0.0201,-0.87,-30.87,4.19,29.93,-86.2,-150.48
52.386295,-1.53473,149.23,1.44,3,305.12,19 / 20,1505128,2019-09-06 18:41:11:810,0.1815,-0.0724,10.0258,-0.0016,-0.0021,9.8066,0.0181,-0.0075,0.0256,-1.31,-31.44,4.38,30.36,-86.18,-150.34
52.386295,-1.53473,149.23,1.44,3,305.12,19 / 20,1505229,2019-09-06 18:41:11:911,0.1678,-0.2644,9.7508,0.0034,0.0049,9.8066,-0.0139,0.0025,-0.0101,-0.94,-30.69,3.88,30,-86.16,-150.59
52.386295,-1.53473,149.23,1.44,3,305.12,19 / 20,1505329,2019-09-06 18:41:12:011,-0.0605,-0.1603,9.8206,-0.001,0.0007,9.8066,0.003,-0.0072,-0.0006,-0.87,-31.75,4.63,30.11,-86.2,-150.69
52.386295,-1.53473,149.23,1.44,3,305.12,20 / 21,1505429,2019-09-06 18:41:12:111,-0.0723,-0.3894,9.6802,-0.0008,-0.0006,9.8066,0.0161,-0.0208,0.027,-1.31,-31.06,3.88,30,-86.16,-150.61
52.386295,-1.53473,149.23,1.44,3,305.12,20 / 21,1505528,2019-09-06 18:41:12:210,-0.1114,-0.1334,9.7273,0.0021,0.0044,9.8066,-0.0154,-0.0079,-0.0213,-1.25,-31.25,4.25,29.42,-86.2,-150.78
52.386295,-1.53473,149.23,1.44,3,305.12,20 / 21,1505629,2019-09-06 18:41:12:311,0.1056,-0.0995,9.9734,-0.0024,-0.0032,9.8066,-0.0085,-0.0067,-0.0014,-0.62,-31.06,4.5,29.11,-86.2,-150.96
52.386295,-1.53473,149.23,1.44,3,305.12,20 / 21,1505728,2019-09-06 18:41:12:410,0.1504,0.2971,10.0167,-0.0011,-0.0009,9.8066,0.0228,-0.0063,0.0163,-1.25,-31.94,4.25,30.64,-86.15,-150.79
52.386295,-1.53473,149.23,1.44,3,305.12,20 / 21,1505829,2019-09-06 18:41:12:511,0.1282,-0.0224,10.0255,0.0012,0.0004,9.8066,-0.017,-0.0033,-0.0171,-1.31,-30.62,4.44,29.02,-86.18,-151.05
52.386295,-1.53473,149.23,1.44,3,305.12,20 / 21,1505929,2019-09-06 18:41:12:611,-0.1365,-0.0918,9.7542,-0.0022,-0.0032,9.8066,0.022,-0.0069,0.0139,-1.19,-31.44,3.38,29.59,-86.17,-150.92
52.386295,-1.53473,149.23,1.44,3,305.12,20 / 21,1506029,2019-09-06 18:41:12:711,-0.1496,-0.4192,9.7594,0.0012,-0.0001,9.8066,0.0015,-0.0054,0.0021,-0.87,-30.5,3.88,28.91,-86.16,-150.73
52.386295,-1.53473,149.23,1.44,3,305.12,20 / 21,1506129,2019-09-06 18:41:12:811,-0.1997,-0.2643,9.7054,0.0017,-0.0005,9.8066,-0.0323,0.0039,-0.0234,-0.37,-30.94,3.44,69.43,-86.18,-150.86
52.386295,-1.53473,149.23,1.44,3,305.12,20 / 21,1506229,2019-09-06 18:41:12:911,0.1903,0.0068,9.9807,-0.001,0.0001,9.8066,0.0185,-0.0102,0.0266,-0.94,-31.06,3.13,29.99,-86.16,-150.79
52.386295,-1.53473,149.23,1.44,3,305.12,20 / 21,1506329,2019-09-06 18:41:13:011,0.0715,0.1725,9.9294,0.0021,0.0011,9.8066,0.0019,-0.0035,-0.0025,-0.5,-30.19,4.13,52.76,-86.17,-150.85
52.386295,-1.53473,149.23,1.44,3,305.12,19 / 20,1506429,2019-09-06 18:41:13:111,0.1221,-0.0038,9.9785,-0.0005,-0.0011,9.8066,-0.0194,-0.003,-0.0239,-1,-31,5.06,29.17,-86.19,-150.95
52.386295,-1.53473,149.23,1.44,3,305.12,19 / 20,1506529,2019-09-06 18:41:13:211,0.1505,-0.0404,10.0522,-0.0019,-0.0008,9.8066,0.0176,-0.0099,0.0227,-0.87,-30.62,3.38,30.07,-86.15,-150.79
52.386295,-1.53473,149.23,1.44,3,305.12,19 / 20,1506629,2019-09-06 18:41:13:311,-0.1308,-0.1407,9.6724,0.0024,0.004,9.8066,-0.0114,-0.0033,-0.0054,-1.25,-30.31,3.75,28.21,-86.19,-151.04
52.386295,-1.53473,149.23,1.44,3,305.12,19 / 20,1506728,2019-09-06 18:41:13:410,-0.0818,-0.4211,9.776,-0.0011,-0.0017,9.8066,-0.0059,-0.0008,0.0011,-0.87,-30.75,3.38,28.98,-86.18,-151.12
52.386295,-1.53473,149.23,1.44,3,305.12,19 / 20,1506828,2019-09-06 18:41:13:510,-0.1587,-0.1771,9.6889,-0.0005,-0.0008,9.8066,0.0183,-0.0036,0.0264,-0.62,-30.12,4.44,28.57,-86.15,-150.97
52.386295,-1.53473,149.23,1.44,3,305.12,19 / 20,1506929,2019-09-06 18:41:13:611,0.1691,0.0151,10.0344,0.0032,0.0021,9.8066,-0.0131,-0.0079,-0.0212,-0.69,-30.87,3.75,29.08,-86.16,-151.11
52.386295,-1.53473,149.23,1.44,3,305.12,19 / 20,1507028,2019-09-06 18:41:13:710,0.1483,0.1891,9.9966,-0.0023,-0.0023,9.8066,-0.0149,-0.0047,-0.0085,-0.31,-30.44,3.31,67.53,-86.14,-151.05
52.386295,-1.53473,149.23,1.44,3,305.12,19 / 20,1507129,2019-09-06 18:41:13:811,0.1764,0.0906,10.0466,-0.0024,-0.0008,9.8066,0.0287,0.0042,0.0297,-1,-30.69,4.06,29.84,-86.11,-150.89
52.386295,-1.53473,149.23,1.44,3,305.12,19 / 20,1507229,2019-09-06 18:41:13:911,-0.0436,-0.245,9.8065,0.0032,-0.0015,9.8066,-0.0371,-0.0077,-0.0353,-0.81,-31.94,3.88,30.37,-86.13,-151.02
52.386295,-1.53473,149.23,1.44,3,305.12,19 / 20,1507328,2019-09-06 18:41:14:010,0.1101,-0.0983,10.0081,-0.0029,-0.0044,9.8066,0.0201,-0.0089,0.0134,-1.12,-31.44,4.13,29.28,-86.12,-151.16
52.386295,-1.53473,149.23,1.44,3,305.12,19 / 21,1507428,2019-09-06 18:41:14:110,0.0006,-0.0258,9.842,0.0004,-0.0001,9.8066,0.0292,0.006,0.0333,-0.69,-31.75,4.69,30,-86.09,-151.13
52.386295,-1.53473,149.23,1.44,3,305.12,19 / 21,1507528,2019-09-06 18:41:14:210,0.0429,-0.2872,9.7953,0.0026,-0.0012,9.8066,-0.0316,-0.018,-0.0312,-1.06,-31.12,4.5,28.92,-86.11,-151.34
52.386295,-1.53473,149.23,1.44,3,305.12,19 / 21,1507629,2019-09-06 18:41:14:311,-0.1182,-0.096,9.6957,-0.0026,-0.003,9.8066,0.0123,-0.0082,0.0039,-1,-30.87,3.88,29.37,-86.07,-151.29
52.386295,-1.53473,149.23,1.44,3,305.12,19 / 21,1507729,2019-09-06 18:41:14:411,0.0856,-0.0055,9.9473,0.0015,0.0005,9.8066,0.0068,0.0077,0.0076,-0.87,-30.94,4.06,29.38,-86.07,-151.3
52.386295,-1.53473,149.23,1.44,3,305.12,19 / 21,1507828,2019-09-06 18:41:14:510,0.1167,0.1928,10.0044,0.0013,0.0003,9.8066,-0.0251,-0.0118,-0.0318,-0.94,-31.12,4,28.74,-86.1,-151.52
52.386295,-1.53473,149.23,1.44,3,305.12,19 / 21,1507928,2019-09-06 18:41:14:610,0.1376,-0.0412,10.0273,-0.0024,-0.0022,9.8066,0.0136,0.0065,0.0279,-0.69,-30.81,3.56,28.93,-86.06,-151.58
52.386295,-1.53473,149.23,1.44,3,305.12,19 / 21,1508028,2019-09-06 18:41:14:710,-0.1861,-0.0161,9.6606,0.0029,0.0036,9.8066,0.0036,0.0017,0.0094,-0.69,-31.31,4.06,28.74,-86.06,-151.68
52.386295,-1.53473,149.23,1.44,3,305.12,19 / 21,1508129,2019-09-06 18:41:14:811,-0.1189,-0.4144,9.7234,0.0002,0.0008,9.8066,-0.0114,-0.0161,-0.009,-0.62,-31.06,3.31,28.44,-86.08,-151.81
52.386295,-1.53473,149.23,1.44,3,305.12,19 / 21,1508230,2019-09-06 18:41:14:912,-0.1686,-0.1814,9.6645,-0.0014,0.0001,9.8066,0.016,-0.0021,0.0248,-1.06,-31.5,3.75,28.59,-86.03,-151.85
52.386295,-1.53473,149.23,1.44,3,305.12,19 / 21,1508329,2019-09-06 18:41:15:011,0.1419,-0.0894,10.0044,0.002,0.0035,9.8066,-0.0057,-0.0027,-0.0142,-0.44,-30.94,3.81,53.53,-86.06,-151.95
52.386295,-1.53473,149.23,1.44,3,305.12,19 / 20,1508429,2019-09-06 18:41:15:111,0.2119,0.1006,9.9602,-0.0028,-0.0018,9.8066,0.0078,-0.0008,0.0105,-0.25,-31.06,3.88,53.35,-86.04,-152.19
52.386295,-1.53473,149.23,1.44,3,305.12,19 / 20,1508529,2019-09-06 18:41:15:211,0.1749,0.198,10.0409,-0.0021,-0.0022,9.8066,0.0301,0.0033,0.0286,-0.69,-30.81,3.81,28.54,-86,-152
52.386295,-1.53473,149.23,1.44,3,305.12,19 / 20,1508629,2019-09-06 18:41:15:311,-0.2933,-0.1898,9.621,0.0019,0.0007,9.8066,-0.0202,-0.0064,-0.0197,-0.69,-30.69,3.31,27.83,-86.04,-152.21
52.386295,-1.53473,149.23,1.44,3,305.12,19 / 20,1508729,2019-09-06 18:41:15:411,-0.0835,-0.2235,9.8396,-0.0015,-0.0028,9.8066,0.0201,-0.0097,0.0194,-1.06,-31.37,4.38,27.85,-86.02,-152.29
52.386295,-1.53473,149.23,1.44,3,305.12,19 / 20,1508829,2019-09-06 18:41:15:511,0.1766,0.0961,9.9243,0.0018,-0.0014,9.8066,0.0286,-0.0037,0.0271,-0.5,-31.62,4.13,55.5,-85.98,-152.11
52.386295,-1.53473,149.23,1.44,3,305.12,19 / 20,1508928,2019-09-06 18:41:15:610,0.164,0.1696,10.0255,0.0011,-0.0019,9.8066,-0.0276,-0.0035,-0.0263,-0.81,-31.44,3.75,27.65,-86.01,-152.43
52.386295,-1.53473,149.23,1.44,3,305.12,19 / 20,1509028,2019-09-06 18:41:15:710,0.1033,-0.0637,9.8613,-0.0027,-0.0023,9.8066,0.0116,-0.0072,0.0144,-0.56,-31.62,3.19,30.71,-85.98,-152.19
52.386295,-1.53473,149.23,1.44,3,305.12,19 / 20,1509128,2019-09-06 18:41:15:810,-0.009,0.0805,9.8863,0.0017,0.0001,9.8066,0.0096,-0.0076,0.0013,-0.87,-30.75,4.06,28.1,-85.97,-152.35
52.386295,-1.53473,149.23,1.44,3,305.12,19 / 20,1509228,2019-09-06 18:41:15:910,-0.0796,-0.1868,9.8331,-0.0004,0.001,9.8066,-0.0356,0.0057,-0.0288,-0.25,-30.12,4.06,51.78,-86.01,-152.56
52.386295,-1.53473,149.23,1.44,3,305.12,19 / 20,1509328,2019-09-06 18:41:16:010,0.11,0.2016,10.0137,-0.0031,-0.0029,9.8066,0.0213,-0.0059,0.0257,-0.44,-30.94,3.75,53.81,-85.95,-152.5
52.386295,-1.53473,149.23,1.44,3,305.12,20 / 21,1509430,2019-09-06 18:41:16:112,0.0638,-0.1153,9.7764,0.0018,0.002,9.8066,-0.0176,0.0042,-0.0201,-0.75,-30.25,4.44,27.03,-85.96,-152.47
52.386295,-1.53473,149.23,1.44,3,305.12,20 / 21,1509529,2019-09-06 18:41:16:211,-0.0932,-0.0692,9.8188,-0.0006,-0.0007,9.8066,-0.0024,-0.0051,0.0001,-0.69,-30.75,4.31,27.83,-85.98,-152.46
52.386295,-1.53473,149.23,1.44,3,305.12,20 / 21,1509628,2019-09-06 18:41:16:310,-0.0486,-0.3154,9.6714,-0.0005,0.0015,9.8066,0.0156,-0.0088,0.0278,-0.94,-31.31,4,28.25,-85.95,-152.34
52.386295,-1.53473,149.23,1.44,3,305.12,20 / 21,1509729,2019-09-06 18:41:16:411,-0.1602,-0.2001,9.7212,0.0023,0.0055,9.8066,-0.0192,0.0042,-0.024,-0.94,-31.87,3.75,28.65,-85.98,-152.5
52.386295,-1.53473,149.23,1.44,3,305.12,20 / 21,1509830,2019-09-06 18:41:16:512,0.1264,0.0087,9.9688,-0.0039,-0.0037,9.8066,0.0164,-0.0074,0.0173,-0.56,-31.31,3.88,27.88,-85.94,-152.57
52.386295,-1.53473,149.23,1.44,3,305.12,20 / 21,1509928,2019-09-06 18:41:16:610,0.1626,0.3489,10.0326,-0.0005,-0.0021,9.8066,0.0228,-0.0148,0.0126,-1.25,-31.06,3.75,28.03,-85.93,-152.53
52.386295,-1.53473,149.23,1.44,3,305.12,20 / 21,1510029,2019-09-06 18:41:16:711,0.1669,-0.016,10.0079,-0.0001,-0.0002,9.8066,-0.0184,0.0036,-0.0198,-1,-30.94,3.63,27.46,-85.96,-152.7
52.386295,-1.53473,149.23,1.44,3,305.12,20 / 21,1510129,2019-09-06 18:41:16:811,-0.1744,-0.0809,9.7359,-0.0025,-0.0025,9.8066,0.0202,-0.0108,0.0222,-1.06,-31.62,3.63,28.64,-85.94,-152.66
52.386295,-1.53473,149.23,1.44,3,305.12,20 / 21,1510228,2019-09-06 18:41:16:910,-0.0844,-0.408,9.7516,0.0025,0.0004,9.8066,0.022,-0.0036,0.0076,-0.5,-30.62,3.38,71.51,-85.93,-152.73
52.386295,-1.53473,149.23,1.44,3,305.12,20 / 21,1510329,2019-09-06 18:41:17:011,-0.1763,-0.0881,9.718,0.0007,-0.0009,9.8066,-0.0215,-0.0019,-0.0231,-1.12,-31.19,3.94,27.35,-85.95,-152.79
52.386295,-1.53473,149.23,1.44,3,305.12,20 / 21,1510429,2019-09-06 18:41:17:111,0.032,-0.2444,9.8023,-0.0016,-0.004,9.8066,0.0238,-0.0044,0.0265,-0.87,-31.31,4,27.83,-85.94,-152.58
52.386295,-1.53473,149.23,1.44,3,305.12,20 / 21,1510528,2019-09-06 18:41:17:210,-0.0244,0.0278,9.8277,0.0023,0.0007,9.8066,-0.0064,-0.0004,0.0025,-1.06,-31.75,4.56,28.28,-85.93,-152.66
52.386295,-1.53473,149.23,1.44,3,305.12,20 / 21,1510629,2019-09-06 18:41:17:311,-0.0104,-0.2085,9.7662,-0.0005,0.0027,9.8066,-0.0361,-0.0038,-0.0255,-1.31,-31.44,4.06,27.46,-85.96,-152.71
52.386295,-1.53473,149.23,1.44,3,305.12,20 / 21,1510729,2019-09-06 18:41:17:411,-0.0138,0.273,9.9611,-0.0032,-0.0034,9.8066,0.0243,-0.0023,0.0277,-1.31,-31,3.69,28.11,-85.9,-152.61
52.386295,-1.53473,149.23,1.44,3,305.12,20 / 21,1510829,2019-09-06 18:41:17:511,-0.0211,-0.1367,9.8504,0.0043,0.0008,9.8066,0.0001,0.0009,-0.0031,-0.31,-30.87,3.06,71.34,-85.93,-152.82
52.386295,-1.53473,149.23,1.44,3,305.12,20 / 21,1510929,2019-09-06 18:41:17:611,-0.0746,-0.0477,9.8071,-0.0017,0.0009,9.8066,-0.0029,-0.0079,-0.0088,-1,-30.56,3.13,27.72,-85.94,-152.74
52.386295,-1.53473,149.23,1.44,3,305.12,20 / 21,1511029,2019-09-06 18:41:17:711,-0.008,-0.3041,9.7644,-0.0011,-0.0022,9.8066,0.0225,-0.0024,0.0282,-0.75,-30.75,3.75,27.76,-85.91,-152.75
52.386295,-1.53473,149.23,1.44,3,305.12,20 / 21,1511129,2019-09-06 18:41:17:811,-0.201,-0.0127,9.6883,0.0019,0.0002,9.8066,-0.0222,-0.0006,-0.0192,-0.37,-31,4.19,53.64,-85.91,-152.91
52.386295,-1.53473,149.23,1.44,3,305.12,20 / 21,1511229,2019-09-06 18:41:17:911,0.0879,-0.0622,9.939,-0.0018,-0.0012,9.8066,-0.0157,-0.009,-0.0136,-0.75,-31.5,4.31,27.22,-85.92,-152.99
52.386295,-1.53473,149.23,1.44,3,305.12,20 / 21,1511328,2019-09-06 18:41:18:010,0.1418,0.3399,10.0111,-0.0009,-0.0005,9.8066,0.0389,-0.0007,0.0243,-0.56,-31.06,3.81,27.49,-85.89,-152.95
52.386295,-1.53473,149.23,1.44,3,305.12,20 / 21,1511429,2019-09-06 18:41:18:111,0.1987,0.1248,10.0206,0.0011,-0.0003,9.8066,-0.014,-0.0082,-0.0154,-0.31,-31.12,4.13,27.11,-85.91,-153.08
52.386295,-1.53473,149.23,1.44,3,305.12,20 / 21,1511529,2019-09-06 18:41:18:211,0.0965,-0.051,9.9835,-0.003,-0.001,9.8066,0.0151,-0.0073,0.0136,-0.62,-30.56,3.31,27.49,-85.89,-153.08
52.386295,-1.53473,149.23,1.44,3,305.12,20 / 21,1511629,2019-09-06 18:41:18:311,-0.0624,0.0184,9.8066,0.002,-0.0002,9.8066,0.023,-0.0084,0.0165,0,-30.62,4.44,54.07,-85.86,-153.01
52.386295,-1.53473,149.23,1.44,3,305.12,20 / 21,1511728,2019-09-06 18:41:18:410,-0.0915,-0.2391,9.7467,0.0002,-0.0026,9.8066,-0.0162,-0.0085,-0.0233,-0.31,-30.12,4.06,51.87,-85.88,-153.3
52.386295,-1.53473,149.23,1.44,3,305.12,20 / 21,1511829,2019-09-06 18:41:18:511,-0.0992,0.0142,9.7138,-0.0022,-0.0031,9.8066,0.0125,-0.0031,0.0114,-0.94,-30.5,3.94,26.18,-85.86,-153.26
52.386295,-1.53473,149.23,1.44,3,305.12,20 / 21,1511928,2019-09-06 18:41:18:610,0.1112,-0.057,9.9436,0.0009,0,9.8066,-0.0054,0.0097,0.0069,-0.06,-31.19,4.25,53.71,-85.85,-153.3
52.386295,-1.53473,149.23,1.44,3,305.12,20 / 21,1512028,2019-09-06 18:41:18:710,0.0723,0.2145,9.9879,-0.0005,0.002,9.8066,-0.0292,-0.0095,-0.0227,-1.06,-30.94,4.38,26.97,-85.88,-153.24
52.386295,-1.53473,149.23,1.44,3,305.12,20 / 21,1512128,2019-09-06 18:41:18:810,0.1152,0.1602,10.0307,-0.0027,-0.0013,9.8066,0.021,0.006,0.0258,-0.62,-30.81,4.25,27.55,-85.84,-153.1
52.386295,-1.53473,149.23,1.44,3,305.12,20 / 21,1512229,2019-09-06 18:41:18:911,-0.1149,0.0135,9.7448,0.0026,0.0008,9.8066,0.0075,0.0034,0.0069,-0.5,-31.31,4.06,54.22,-85.83,-153.09
52.386295,-1.53473,149.23,1.44,3,305.12,20 / 21,1512329,2019-09-06 18:41:19:011,-0.1192,-0.4557,9.7397,0.0007,0.0018,9.8066,-0.0201,-0.0134,-0.0157,-0.69,-30.25,3.88,26.18,-85.87,-153.23
52.386295,-1.53473,149.23,1.44,3,305.12,20 / 21,1512429,2019-09-06 18:41:19:111,-0.0893,0.1144,9.8838,0.0021,0.0024,9.8065,0.006,-0.0001,0.0182,-0.87,-30.5,3.44,26.16,-85.82,-153.22
52.386295,-1.53473,149.23,1.44,3,305.12,20 / 21,1512529,2019-09-06 18:41:19:211,0.2033,0.1245,10.0491,-0.0036,-0.0023,9.8066,-0.0098,-0.0092,-0.0112,-0.25,-30.5,4.19,52.74,-85.82,-153.19
52.386295,-1.53473,149.23,1.44,3,305.12,20 / 21,1512628,2019-09-06 18:41:19:310,0.2002,0.1332,9.8862,0.0004,0.0008,9.8066,-0.0044,-0.0189,-0.0204,-0.12,-30.94,3.81,54.4,-85.81,-153.16
52.386295,-1.53473,149.23,1.44,3,305.12,20 / 21,1512729,2019-09-06 18:41:19:411,0.1978,0.0066,10.0741,0.001,0.0019,9.8066,0.0266,-0.0001,0.0254,-1.31,-31.12,4.5,26.81,-85.82,-153.47
52.386295,-1.53473,149.23,1.44,3,305.12,20 / 21,1512828,2019-09-06 18:41:19:510,-0.1685,-0.0533,9.6559,-0.0022,-0.0033,9.8066,-0.0207,0.0031,-0.0175,-0.75,-31.19,4.25,27.39,-85.8,-153.32
52.386295,-1.53473,149.23,1.44,3,305.12,20 / 21,1512928,2019-09-06 18:41:19:610,-0.0754,-0.1938,9.9161,0.0009,0.0018,9.8066,0.0084,0.0024,0.0061,-1.06,-31.37,4.44,27.17,-85.81,-153.38
52.386295,-1.53473,149.23,1.44,3,305.12,20 / 21,1513029,2019-09-06 18:41:19:711,-0.0887,-0.0824,9.7808,0.0008,0.0014,9.8066,0.0265,-0.0085,0.0231,-0.75,-31.75,4.13,27.86,-85.83,-153.46
52.386295,-1.53473,149.23,1.44,3,305.12,20 / 21,1513129,2019-09-06 18:41:19:811,0.136,0.1357,10.0298,-0.0012,-0.0009,9.8066,-0.0259,0.0052,-0.0208,-0.87,-31.12,3.94,27.6,-85.79,-153.27
52.386295,-1.53473,149.23,1.44,3,305.12,20 / 21,1513229,2019-09-06 18:41:19:911,0.0826,-0.1215,9.7721,0.0016,0.0029,9.8066,0.0264,-0.0114,0.0297,-0.69,-31.75,3.75,28.25,-85.81,-153.36
52.386295,-1.53473,149.23,1.44,3,305.12,20 / 21,1513329,2019-09-06 18:41:20:011,0.0878,0.1446,9.9283,-0.0029,-0.0033,9.8066,-0.007,-0.0031,-0.004,-1.37,-31,4.13,27.09,-85.8,-153.45
52.386295,-1.53473,149.23,1.44,3,305.12,20 / 21,1513428,2019-09-06 18:41:20:110,0.1629,-0.0319,9.9873,-0.0006,-0.0019,9.8066,-0.0229,0,-0.0197,-0.62,-30.56,3.81,27.82,-85.76,-153.27
52.386295,-1.53473,149.23,1.44,3,305.12,20 / 21,1513529,2019-09-06 18:41:20:211,-0.1952,0.0296,9.6924,0.0017,0.0023,9.8066,0.0256,-0.0146,0.0281,-1.31,-31.56,4.56,27.67,-85.8,-153.42
52.386295,-1.53473,149.23,1.44,3,305.12,20 / 21,1513629,2019-09-06 18:41:20:311,-0.0419,-0.1163,9.913,-0.0017,-0.0021,9.8066,-0.0024,-0.0006,-0.004,-0.87,-31.19,3.63,27.43,-85.78,-153.38
52.386295,-1.53473,149.23,1.44,3,305.12,20 / 21,1513729,2019-09-06 18:41:20:411,-0.0082,-0.1528,9.8753,0.001,0.0002,9.8066,-0.0081,-0.0098,-0.0035,-0.37,-31.56,4,56.36,-85.75,-153.32
52.386295,-1.53473,149.23,1.44,3,305.12,20 / 21,1513829,2019-09-06 18:41:20:511,0.1829,0.05,9.9605,0.0008,-0.0015,9.8066,0.0177,-0.0061,0.0256,-0.44,-31.69,4.06,55.89,-85.77,-153.46
52.386295,-1.53473,149.23,1.44,3,305.12,20 / 21,1513929,2019-09-06 18:41:20:611,0.0616,-0.0719,9.83,-0.0032,-0.0032,9.8066,-0.0145,-0.0039,-0.0224,-0.87,-31.12,3.94,27.46,-85.77,-153.39
52.386295,-1.53473,149.23,1.44,3,305.12,20 / 21,1514028,2019-09-06 18:41:20:710,-0.1069,0.0476,9.7998,0.0031,-0.0005,9.8066,-0.009,-0.0115,-0.0025,-0.75,-31.19,3.25,28.31,-85.74,-153.54
52.386295,-1.53473,149.23,1.44,3,305.12,20 / 21,1514128,2019-09-06 18:41:20:810,-0.0138,-0.2187,9.8327,-0.0003,-0.0018,9.8066,0.0227,0.0005,0.0192,-1.31,-31.06,4.31,27.06,-85.76,-153.62
52.386295,-1.53473,149.23,1.44,3,305.12,20 / 21,1514228,2019-09-06 18:41:20:910,0.0236,0.1855,9.9334,-0.0028,-0.0029,9.8066,-0.022,-0.0023,-0.019,-0.81,-31.19,4.25,27.65,-85.73,-153.45
52.386295,-1.53473,149.23,1.44,3,305.12,20 / 21,1514328,2019-09-06 18:41:21:010,0.0634,-0.0297,9.9615,0.0023,0.0023,9.8066,0.0116,-0.0049,0.0109,-0.81,-32,4.44,28.45,-85.75,-153.5
52.386295,-1.53473,149.23,1.44,3,305.12,19 / 20,1514428,2019-09-06 18:41:21:110,-0.0359,0.069,9.7946,0.0017,0.002,9.8065,0.0278,0.0109,0.022,-0.81,-31.81,4.13,27.99,-85.78,-153.61
52.386295,-1.53473,149.23,1.44,3,305.12,19 / 20,1514529,2019-09-06 18:41:21:211,0.0062,-0.2433,9.8231,-0.0008,0.0009,9.8066,-0.0169,-0.0209,-0.0259,-0.81,-31.75,4.19,28.4,-85.73,-153.6
52.386295,-1.53473,149.23,1.44,3,305.12,19 / 20,1514628,2019-09-06 18:41:21:310,-0.0041,-0.1864,9.7249,0.001,0.0029,9.8066,0.0223,-0.0015,0.0042,-0.62,-31.37,4.31,27.22,-85.76,-153.56
52.386295,-1.53473,149.23,1.44,3,305.12,19 / 20,1514729,2019-09-06 18:41:21:411,0.0761,0.0119,9.957,-0.0019,-0.0024,9.8066,-0.0018,0.0044,0.0135,-1.06,-30.94,3.94,27.1,-85.76,-153.62
52.386295,-1.53473,149.23,1.44,3,305.12,19 / 20,1514829,2019-09-06 18:41:21:511,0.0029,0.1483,9.9621,-0.0018,-0.0014,9.8066,-0.0183,-0.0181,-0.023,-1.19,-30.81,3.94,27.68,-85.73,-153.44
52.386295,-1.53473,149.23,1.44,3,305.12,19 / 20,1514928,2019-09-06 18:41:21:610,0.1413,0.1662,10.0203,0.0028,0.0034,9.8066,0.0331,0.0051,0.0309,-0.94,-31.06,3.56,27.06,-85.76,-153.62
52.386295,-1.53473,149.23,1.44,3,305.12,19 / 20,1515029,2019-09-06 18:41:21:711,-0.0731,-0.0968,9.7082,-0.002,0.0002,9.8065,0.0087,-0.0013,0.0092,-1.06,-31.25,3.5,27.26,-85.75,-153.56
52.386295,-1.53473,149.23,1.44,3,305.12,19 / 20,1515129,2019-09-06 18:41:21:811,-0.1644,-0.4111,9.7109,-0.0012,-0.0051,9.8066,-0.0347,-0.0136,-0.0226,-1.31,-31.94,4.25,28.99,-85.72,-153.35
52.386295,-1.53473,149.23,1.44,3,305.12,19 / 20,1515228,2019-09-06 18:41:21:910,-0.1279,-0.2574,9.6502,0.0026,-0.0001,9.8066,0.0186,0.015,0.0323,-0.81,-31.44,4.31,27.35,-85.73,-153.57
52.386295,-1.53473,149.23,1.44,3,305.12,19 / 20,1515328,2019-09-06 18:41:22:010,0.0382,0.1937,9.9812,-0.0031,-0.0018,9.8066,-0.0043,-0.014,-0.0069,-1,-31.12,3.38,29.36,-85.72,-153.3
52.386295,-1.53473,149.23,1.44,3,305.12,20 / 21,1515429,2019-09-06 18:41:22:111,0.2556,0.2632,10.0364,-0.0005,-0.0033,9.8066,-0.036,-0.0171,-0.0346,-0.81,-31.31,4.5,27.78,-85.68,-153.32
52.386295,-1.53473,149.23,1.44,3,305.12,20 / 21,1515529,2019-09-06 18:41:22:211,0.2072,0.3888,10.0519,0.0027,0.0027,9.8066,0.034,0.0124,0.0376,-0.81,-31,3.38,28.29,-85.74,-153.55
52.386295,-1.53473,149.23,1.44,3,305.12,20 / 21,1515629,2019-09-06 18:41:22:311,-0.1946,-0.4157,9.6499,-0.0026,-0.0017,9.8066,-0.0033,-0.0073,-0.007,-1,-31.25,3.81,27.91,-85.71,-153.38
52.386295,-1.53473,149.23,1.44,3,305.12,20 / 21,1515728,2019-09-06 18:41:22:410,-0.0059,0.0179,9.8018,0.002,0.0028,9.8066,0.0179,0.0001,-0.0044,-1,-30.87,3.69,28.25,-85.68,-153.33
52.386295,-1.53473,149.23,1.44,3,305.12,20 / 21,1515828,2019-09-06 18:41:22:510,-0.0883,-0.3959,9.767,0.002,0.0009,9.8066,0.0252,0.0041,0.0313,-0.44,-31.44,3.81,54.62,-85.72,-153.68
52.386295,-1.53473,149.23,1.44,3,305.12,20 / 21,1515928,2019-09-06 18:41:22:610,0.1756,0.1736,9.9708,0.0001,0.0023,9.8066,-0.0092,-0.0163,-0.0217,-0.5,-32.06,3.81,57.03,-85.7,-153.33
52.386295,-1.53473,149.23,1.44,3,305.12,20 / 21,1516029,2019-09-06 18:41:22:711,0.1527,-0.1183,10.0118,0.0028,0.0017,9.8066,0.0021,0.0151,0.0177,0,-31.37,4.06,55.29,-85.7,-153.35
52.386295,-1.53473,149.23,1.44,3,305.12,20 / 21,1516128,2019-09-06 18:41:22:810,0.1951,0.2594,9.9131,-0.001,-0.0011,9.8066,0.0162,0.0027,0.0236,-0.62,-31.5,4,27.21,-85.72,-153.7
52.386295,-1.53473,149.23,1.44,3,305.12,20 / 21,1516228,2019-09-06 18:41:22:910,-0.2993,-0.1903,9.7343,-0.0032,-0.0006,9.8066,-0.022,-0.0222,-0.0248,-0.37,-30.94,4.06,55.49,-85.68,-153.41
52.386295,-1.53473,149.23,1.44,3,305.12,20 / 21,1516328,2019-09-06 18:41:23:010,-0.1228,-0.2018,9.6893,0.0033,0.0069,9.8066,0.0113,0.0066,0.015,-0.75,-30.75,4.06,28.26,-85.69,-153.31
52.386295,-1.53473,149.23,1.44,3,305.12,20 / 21,1516429,2019-09-06 18:41:23:111,0.1798,-0.0073,9.9805,0.0003,0,9.8066,-0.0103,-0.0065,0.0093,-1,-30.87,3.94,27.59,-85.77,-153.35
52.386295,-1.53473,149.23,1.44,3,305.12,20 / 21,1516529,2019-09-06 18:41:23:211,0.1462,0.2368,9.9467,-0.0019,-0.0032,9.8066,-0.0304,-0.0192,-0.0256,-0.69,-31.69,4,29.52,-85.73,-153.08
52.386295,-1.53473,149.23,1.44,3,305.12,20 / 21,1516628,2019-09-06 18:41:23:310,0.2064,-0.033,9.9818,0.0017,-0.0009,9.8066,0.001,0.0165,0.0116,-0.44,-31.62,3.25,77.83,-85.74,-153.08
52.386295,-1.53473,149.23,1.44,3,305.12,20 / 21,1516729,2019-09-06 18:41:23:411,0.0239,0.0012,9.8888,-0.0017,-0.0015,9.8066,0.0109,-0.0101,0.0079,-0.81,-31.62,3.5,29.05,-85.75,-153.2
52.386295,-1.53473,149.23,1.44,3,305.12,20 / 21,1516829,2019-09-06 18:41:23:511,-0.0074,-0.1248,9.8925,-0.0022,-0.0031,9.8065,-0.0287,-0.0161,-0.0368,-1.31,-31,3.56,28.62,-85.72,-153.01
52.386295,-1.53473,149.23,1.44,3,305.12,20 / 21,1516929,2019-09-06 18:41:23:611,-0.0411,-0.0804,9.7709,0.0024,-0.0013,9.8066,0.0163,0.0034,0.0296,-0.06,-31.5,3.75,55.1,-85.75,-153.14
52.386295,-1.53473,149.23,1.44,3,305.12,20 / 21,1517029,2019-09-06 18:41:23:711,0.0352,0.1887,9.9771,-0.0026,-0.002,9.8066,0.0053,-0.0198,0.011,-0.31,-30.37,4.31,53.35,-85.75,-153.28
52.386295,-1.53473,149.23,1.44,3,305.12,20 / 21,1517129,2019-09-06 18:41:23:811,0.0149,-0.0351,9.7719,0.0009,0.0038,9.8066,-0.0017,-0.004,-0.0169,-1.25,-30.94,4.63,28.2,-85.73,-152.9
52.386295,-1.53473,149.23,1.44,3,305.12,20 / 21,1517229,2019-09-06 18:41:23:911,0.0101,-0.1284,9.8313,0.0019,0.0041,9.8066,0.0339,0.0099,0.033,-1.75,-30.06,4.44,0.39,-85.77,-153.24
52.386295,-1.53473,149.23,1.44,3,305.12,20 / 21,1517329,2019-09-06 18:41:24:011,0.121,-0.3468,9.6189,-0.0013,-0.0017,9.8066,-0.0256,-0.0189,-0.0232,-1.81,-31.31,3.63,0.77,-85.74,-153.06
52.386295,-1.53473,149.23,1.44,3,305.12,19 / 20,1517429,2019-09-06 18:41:24:111,-0.0049,0.0705,10.0132,0.0004,0.0015,9.8066,0.0094,0.0057,0.0152,-2,-31.25,4.5,9.12,-85.75,-152.98
52.386295,-1.53473,149.23,1.44,3,305.12,19 / 20,1517529,2019-09-06 18:41:24:211,0.0381,0.3023,9.957,-0.0006,0.0006,9.8066,0.0093,0.0023,0.0174,-1.62,-32.06,3.69,0.59,-85.77,-153.16
52.386295,-1.53473,149.23,1.44,3,305.12,19 / 20,1517628,2019-09-06 18:41:24:310,0.15,0.222,9.9934,-0.0022,0.0001,9.8065,-0.0232,-0.016,-0.0223,-1.19,-31.87,3.38,32.62,-85.74,-152.97
52.386295,-1.53473,149.23,1.44,3,305.12,19 / 20,1517729,2019-09-06 18:41:24:411,-0.1773,-0.1808,9.6496,0.002,0.001,9.8066,0.0287,-0.0082,0.0222,-1.62,-31.56,3.56,0.78,-85.76,-153.07
52.386295,-1.53473,149.23,1.44,3,305.12,19 / 20,1517828,2019-09-06 18:41:24:510,-0.0505,-0.0987,9.8735,-0.0021,-0.0021,9.8066,-0.0004,0.0032,0.0043,-1.06,-31.62,3.69,29.47,-85.75,-153.02
52.386295,-1.53473,149.23,1.44,3,305.12,19 / 20,1517928,2019-09-06 18:41:24:610,-0.033,-0.1557,9.794,0.0005,-0.0004,9.8066,-0.0171,-0.014,-0.0097,-1.25,-31.25,3.31,30.71,-85.73,-152.84
52.386295,-1.53473,149.23,1.44,3,305.12,19 / 20,1518028,2019-09-06 18:41:24:710,0.1686,0.1509,9.9762,0.0023,-0.001,9.8066,0.0123,0.0007,0.0267,-1.12,-31.25,3.44,29.71,-85.75,-153.04
52.386295,-1.53473,149.23,1.44,3,305.12,19 / 20,1518128,2019-09-06 18:41:24:810,0.0876,-0.2102,9.8509,-0.0015,-0.0016,9.8066,0.0008,-0.0036,-0.0127,-1.12,-31.12,3.69,28.72,-85.73,-152.91
52.386295,-1.53473,149.23,1.44,3,305.12,19 / 20,1518228,2019-09-06 18:41:24:910,0.0466,0.0283,9.9174,0.0017,-0.0009,9.8066,-0.0248,-0.003,-0.0124,-1.19,-31,3.44,30.08,-85.72,-153.1
52.386295,-1.53473,149.23,1.44,3,305.12,19 / 20,1518329,2019-09-06 18:41:25:011,0.0139,-0.2096,9.816,0.0005,0.0004,9.8066,0.0262,-0.0038,0.0248,-1.06,-32.44,3.56,28.7,-85.76,-153.34
52.386295,-1.53473,149.23,1.44,3,305.12,19 / 20,1518428,2019-09-06 18:41:25:110,0.0334,-0.068,10.0017,-0.0033,-0.003,9.8066,-0.0096,-0.0026,-0.0278,-1.25,-31.62,3.88,29.46,-85.71,-153.16
52.386295,-1.53473,149.23,1.44,3,305.12,19 / 20,1518529,2019-09-06 18:41:25:211,0.167,-0.4215,9.9339,0.0026,-0.0003,9.8066,0.0146,-0.0135,0.0173,-1.5,-31.37,3.94,27.67,-85.72,-153.47
52.386295,-1.53473,149.23,1.44,3,305.12,19 / 20,1518628,2019-09-06 18:41:25:310,0.0238,-0.2115,9.8682,0.0005,-0.0006,9.8066,0.0179,0.002,0.0183,-1.37,-31.25,4.25,27.48,-85.72,-153.57
52.386295,-1.53473,149.23,1.44,3,305.12,19 / 20,1518728,2019-09-06 18:41:25:410,-0.143,-1.046,9.6943,-0.002,-0.0056,9.8066,-0.0309,-0.0103,-0.0305,-0.87,-30.94,3.75,28.16,-85.65,-153.49
52.386295,-1.53473,149.23,1.44,3,305.12,19 / 20,1518829,2019-09-06 18:41:25:511,-0.0283,-0.3911,9.8941,0.0034,-0.0002,9.8066,0.0038,0.014,0.0164,-0.69,-30.94,3.56,27.28,-85.67,-153.83
52.386295,-1.53473,149.23,1.44,3,305.12,19 / 20,1518929,2019-09-06 18:41:25:611,0.025,-0.3247,9.9074,-0.0016,0.0005,9.8066,0.0124,-0.0111,0.0025,-1,-31.12,4.38,26.67,-85.69,-154.07
52.386295,-1.53473,149.23,1.44,3,305.12,19 / 20,1519029,2019-09-06 18:41:25:711,0.1011,-0.8549,9.7932,-0.0005,0.0033,9.8066,0.0036,-0.0063,-0.0246,-1.12,-31.56,3.94,28.17,-85.67,-153.92
52.386295,-1.53473,149.23,1.44,3,305.12,19 / 20,1519129,2019-09-06 18:41:25:811,0.015,-0.7163,9.9171,0.002,-0.0058,9.8066,-0.0301,-0.0143,0.0023,-0.94,-31.94,4.56,26.61,-85.66,-154.44
52.386295,-1.53473,149.23,1.44,3,305.12,19 / 20,1519228,2019-09-06 18:41:25:910,-0.1265,-0.1764,9.8919,0.0019,-0.0008,9.8066,0.0099,0.0049,0.0133,-1.31,-31.62,3.75,26.67,-85.69,-154.54
52.386295,-1.53473,149.23,1.44,3,305.12,19 / 20,1519328,2019-09-06 18:41:26:010,0.0149,-0.6429,9.7753,0.0021,0.0035,9.8066,0.0006,-0.0099,-0.0072,-1.69,-31.5,4.38,357.27,-85.7,-154.74
52.38635,-1.534817,149.5,0.47,3,311.67,20 / 21,1519429,2019-09-06 18:41:26:111,0.0682,-0.0654,9.898,0.0006,0.0088,9.8066,0.0173,-0.0077,-0.0133,-1.06,-31.25,4,24.95,-85.73,-154.73
52.38635,-1.534817,149.5,0.47,3,311.67,20 / 21,1519529,2019-09-06 18:41:26:211,0.0256,0.3369,10.0275,0.0009,-0.0058,9.8066,-0.0097,-0.0102,-0.0043,-0.69,-31.06,4.25,24.02,-85.73,-155.19
52.38635,-1.534817,149.5,0.47,3,311.67,20 / 21,1519628,2019-09-06 18:41:26:310,0.0504,0.2686,9.8865,0.0015,0.0011,9.8066,-0.006,0.0078,0.0056,-1.06,-31.44,4,23.66,-85.78,-155.2
52.38635,-1.534817,149.5,0.47,3,311.67,20 / 21,1519729,2019-09-06 18:41:26:411,0.0728,0.2814,9.8986,-0.0003,0.0026,9.8066,-0.0147,-0.009,-0.0087,-1.06,-31.44,3.69,22.9,-85.83,-155.4
52.38635,-1.534817,149.5,0.47,3,311.67,20 / 21,1519828,2019-09-06 18:41:26:510,0.0976,0.3008,9.8756,-0.0007,0.0044,9.8066,-0.0123,-0.0045,-0.0142,-1.12,-32,3.56,24,-85.87,-155.15
52.38635,-1.534817,149.5,0.47,3,311.67,20 / 21,1519929,2019-09-06 18:41:26:611,0.0287,0.2861,9.9796,0.0013,0.0017,9.8066,0.0038,-0.0157,0.0035,-0.87,-32.12,4,23.32,-85.9,-155.4
52.38635,-1.534817,149.5,0.47,3,311.67,20 / 21,1520029,2019-09-06 18:41:26:711,-0.0205,0.1785,9.9954,-0.0003,0.0026,9.8066,0.002,-0.0007,-0.0071,-1.44,-32.25,4.56,24.06,-85.91,-155.22
52.38635,-1.534817,149.5,0.47,3,311.67,20 / 21,1520128,2019-09-06 18:41:26:810,0.0945,0.1293,9.901,0.0005,0.0027,9.8066,0.0042,0.0084,0.0172,-1.56,-32.31,3.94,355.81,-85.95,-155.49
52.38635,-1.534817,149.5,0.47,3,311.67,20 / 21,1520229,2019-09-06 18:41:26:911,-0.0219,0.1864,9.9618,-0.0009,-0.0005,9.8066,-0.0001,0.0091,0.0103,-1.5,-31.81,3.81,23.29,-85.95,-155.24
52.38635,-1.534817,149.5,0.47,3,311.67,20 / 21,1520329,2019-09-06 18:41:27:011,0.0704,0.2511,9.9401,-0.0023,-0.0006,9.8066,-0.0156,-0.017,-0.0248,-1.44,-30.94,3,20.53,-85.98,-155.03
52.38635,-1.534817,149.5,0.47,3,311.67,20 / 21,1520430,2019-09-06 18:41:27:112,-0.0156,-0.1129,9.8662,-0.0002,0.0051,9.8066,0.0023,-0.0092,-0.0096,-1.62,-31.25,3.06,339.4,-85.99,-154.65
52.38635,-1.534817,149.5,0.47,3,311.67,20 / 21,1520529,2019-09-06 18:41:27:211,-0.0092,-0.1658,9.7439,0.0017,0.0028,9.8066,0.0076,0.0126,0.0219,-1.06,-31.25,2.94,20.72,-86.02,-154.81
52.38635,-1.534817,149.5,0.47,3,311.67,20 / 21,1520628,2019-09-06 18:41:27:310,-0.092,0.0073,9.7596,-0.0001,0.0023,9.8066,0.0097,0.0091,0.0102,-1.06,-32.06,3,22.11,-86.06,-154.68
52.38635,-1.534817,149.5,0.47,3,311.67,20 / 21,1520729,2019-09-06 18:41:27:411,-0.0085,-0.177,9.7979,-0.0007,0.002,9.8066,0.0035,-0.0202,-0.0131,-1,-32.19,3.38,22.86,-86.07,-154.39
52.38635,-1.534817,149.5,0.47,3,311.67,20 / 21,1520829,2019-09-06 18:41:27:511,0.1571,-0.0719,9.7775,0.001,0.001,9.8066,-0.0179,-0.0154,-0.0038,-1.75,-31.56,3.19,339.5,-86.08,-154.48
52.38635,-1.534817,149.5,0.47,3,311.67,20 / 21,1520929,2019-09-06 18:41:27:611,0.0328,0.0933,9.7198,0.0011,0.0021,9.8066,-0.0113,0.0028,0.0075,-0.81,-32.25,3,22.15,-86.11,-154.48
52.38635,-1.534817,149.5,0.47,3,311.67,20 / 21,1521029,2019-09-06 18:41:27:711,0.0144,0.2247,9.9859,0.0009,0.0029,9.8066,0.0185,-0.0075,0.0023,-1.5,-31,2.69,19.96,-86.15,-154.63
52.38635,-1.534817,149.5,0.47,3,311.67,20 / 21,1521129,2019-09-06 18:41:27:811,0.0107,0.1591,9.9256,-0.0025,0.0051,9.8066,0.0151,-0.0121,0.0026,-1.25,-30.94,2.63,20.09,-86.18,-154.47
52.38635,-1.534817,149.5,0.47,3,311.67,20 / 21,1521229,2019-09-06 18:41:27:911,-0.139,0.2303,9.8991,-0.0002,0.0019,9.8066,-0.0001,-0.0177,-0.0143,-1.12,-30.31,2.25,350.99,-86.19,-154.4
52.38635,-1.534817,149.5,0.47,3,311.67,20 / 21,1521328,2019-09-06 18:41:28:010,0.0525,0.3928,9.8746,0.001,0.002,9.8066,-0.0107,-0.0063,0.0058,-0.87,-30.44,2.63,18.61,-86.23,-154.48
52.38635,-1.534817,149.5,0.47,3,311.67,20 / 21,1521428,2019-09-06 18:41:28:110,0.0247,0.4853,9.9594,0.0021,0.0006,9.8066,-0.0136,-0.0001,0.0086,-1.44,-31.31,2.88,19.09,-86.26,-154.6
52.38635,-1.534817,149.5,0.47,3,311.67,20 / 21,1521529,2019-09-06 18:41:28:211,-0.3645,0.4529,9.9049,-0.0029,0.004,9.8066,0.0126,0.0069,0.0008,-1.56,-31.5,2.81,341.3,-86.29,-154.7
52.38635,-1.534817,149.5,0.47,3,311.67,20 / 21,1521628,2019-09-06 18:41:28:310,-0.3609,0.3779,9.9521,-0.0025,0.0041,9.8066,-0.0027,-0.0138,-0.0076,-1.69,-31.75,3,341.26,-86.34,-154.52
52.38635,-1.534817,149.5,0.47,3,311.67,20 / 21,1521728,2019-09-06 18:41:28:410,-0.384,0.0785,9.932,-0.0006,0.0008,9.8066,0.0027,0.0014,0.0024,-1.56,-31.12,2.38,306.02,-86.35,-154.57
52.38635,-1.534817,149.5,0.47,3,311.67,20 / 21,1521828,2019-09-06 18:41:28:510,-0.2403,0.4779,9.9528,0.0001,0.0009,9.8066,0.0056,0.0046,0.0175,-1.37,-31.12,2.31,350.47,-86.37,-154.6
52.38635,-1.534817,149.5,0.47,3,311.67,20 / 21,1521929,2019-09-06 18:41:28:611,-0.3449,0.662,9.9889,-0.0016,0.0006,9.8066,-0.0012,-0.0127,-0.0095,-1.37,-30.25,2.19,354.14,-86.39,-154.34
52.38635,-1.534817,149.5,0.47,3,311.67,20 / 21,1522029,2019-09-06 18:41:28:711,-0.1028,0.0343,9.7536,-0.0009,0.0026,9.8066,-0.0217,-0.0098,-0.0069,-2.12,-30.31,2.94,343.35,-86.4,-154.31
52.38635,-1.534817,149.5,0.47,3,311.67,20 / 21,1522128,2019-09-06 18:41:28:810,-0.2367,0.2936,9.7862,-0.0003,0.0025,9.8066,0.0123,-0.0076,0.0172,-1.12,-30.44,2.38,353.25,-86.4,-154.49
52.38635,-1.534817,149.5,0.47,3,311.67,20 / 21,1522228,2019-09-06 18:41:28:910,-0.2469,0.0294,9.8291,-0.0003,0.0002,9.8066,0.0156,0.0115,0.0152,-2,-31.12,2.63,342.63,-86.43,-154.45
52.38635,-1.534817,149.5,0.47,3,311.67,20 / 21,1522329,2019-09-06 18:41:29:011,0.0281,0.0527,9.9456,0.0012,-0.0027,9.8066,-0.0099,-0.0253,-0.0278,-1.94,-30.75,2.31,307.7,-86.41,-154.3
52.38635,-1.534817,149.5,0.47,3,311.67,19 / 21,1522429,2019-09-06 18:41:29:111,0.2749,0.094,9.9101,0.0018,0.0012,9.8066,0.0093,0.0183,0.0188,-1.25,-30.87,2.81,18.2,-86.39,-154.52
52.38635,-1.534817,149.5,0.47,3,311.67,19 / 21,1522528,2019-09-06 18:41:29:210,0.0856,0.1141,9.9188,-0.0013,0.0004,9.8066,0.0331,-0.0086,0.0328,-2.19,-30.94,2.44,306.24,-86.38,-154.76
52.38635,-1.534817,149.5,0.47,3,311.67,19 / 21,1522629,2019-09-06 18:41:29:311,-0.1775,-0.2994,9.8054,-0.0028,-0.0011,9.8066,-0.019,-0.0119,-0.024,-1.44,-30.62,2.81,18.54,-86.34,-154.54
52.38635,-1.534817,149.5,0.47,3,311.67,19 / 21,1522728,2019-09-06 18:41:29:410,0.1521,-0.3525,9.7356,0.0013,0.0026,9.8066,-0.0028,0.0029,0.0061,-1.75,-30.62,2.81,342.34,-86.36,-154.4
52.38635,-1.534817,149.5,0.47,3,311.67,19 / 21,1522828,2019-09-06 18:41:29:510,-0.0024,-0.1378,9.6802,0.0009,0.001,9.8066,0.0164,-0.008,0.0265,-1.56,-30.06,2.5,342.42,-86.37,-154.71
52.38635,-1.534817,149.5,0.47,3,311.67,19 / 21,1522929,2019-09-06 18:41:29:611,0.3581,-0.328,9.9172,-0.001,-0.0021,9.8066,0.0046,-0.0027,-0.0174,-1.37,-30.5,2.38,351.8,-86.36,-154.64
52.38635,-1.534817,149.5,0.47,3,311.67,19 / 21,1523029,2019-09-06 18:41:29:711,-0.0394,0.159,10.1131,0.0008,0.0005,9.8066,-0.0051,-0.008,-0.0127,-2.06,-30.12,3,342.25,-86.34,-154.7
52.38635,-1.534817,149.5,0.47,3,311.67,19 / 21,1523129,2019-09-06 18:41:29:811,0.4012,-0.3625,9.8697,0.005,-0.0038,9.8066,-0.0032,0.0178,0.0211,-2,-30.5,2.38,306.59,-86.33,-155.28
52.38635,-1.534817,149.5,0.47,3,311.67,19 / 21,1523229,2019-09-06 18:41:29:911,0.2583,-0.1942,9.7557,0.0059,-0.0053,9.8066,-0.013,-0.0143,0.0076,-1.94,-30.31,3.31,340.73,-86.31,-155.37
52.38635,-1.534817,149.5,0.47,3,311.67,19 / 21,1523329,2019-09-06 18:41:30:011,0.1077,-0.1451,9.8307,-0.0066,0.0023,9.8066,0.0113,-0.0105,-0.0105,-1.81,-30.31,1.94,306.89,-86.33,-155.1
52.38635,-1.534817,149.5,0.47,3,311.67,18 / 21,1523428,2019-09-06 18:41:30:110,0.0459,-0.0392,9.9495,-0.0059,0.0021,9.8066,0.0134,-0.0074,-0.0118,-2,-30.5,2.5,341.29,-86.36,-155.22
52.38635,-1.534817,149.5,0.47,3,311.67,18 / 21,1523529,2019-09-06 18:41:30:211,0.4499,-0.6515,9.6975,0.0022,-0.0026,9.8066,-0.0251,-0.0102,-0.0028,-1.12,-30.19,2.25,346.87,-86.35,-155.36
52.38635,-1.534817,149.5,0.47,3,311.67,18 / 21,1523628,2019-09-06 18:41:30:310,0.4662,-0.3638,9.7514,0.0024,-0.0048,9.8066,0.0142,0.0166,0.0114,-1.56,-30.5,2.81,340.71,-86.32,-155.39
52.38635,-1.534817,149.5,0.47,3,311.67,18 / 21,1523729,2019-09-06 18:41:30:411,0.4181,-0.1728,9.8607,0.0028,0.0004,9.8066,-0.0037,-0.0102,-0.0035,-1.75,-30.62,2.13,303.34,-86.31,-155.47
52.38635,-1.534817,149.5,0.47,3,311.67,18 / 21,1523828,2019-09-06 18:41:30:510,0.031,-0.5276,9.8929,0,-0.0051,9.8066,0.0036,0.0012,0.0016,-1.31,-31.37,2.94,15.9,-86.3,-155.68
52.38635,-1.534817,149.5,0.47,3,311.67,18 / 21,1523929,2019-09-06 18:41:30:611,0.7797,-0.7042,9.6407,0.0016,0.0017,9.8066,-0.0076,-0.0241,-0.0071,-1.5,-31.19,2.56,15.58,-86.31,-155.78
52.38635,-1.534817,149.5,0.47,3,311.67,18 / 21,1524029,2019-09-06 18:41:30:711,0.0666,-0.3466,9.8607,0,-0.0053,9.8066,0.0272,0.02,0.0123,-1.12,-30.94,3.44,15.12,-86.28,-156.03
52.38635,-1.534817,149.5,0.47,3,311.67,18 / 21,1524129,2019-09-06 18:41:30:811,0.0024,-0.309,9.9803,0.0006,-0.0022,9.8066,0.0009,-0.0025,0.015,-1.12,-30.44,2.5,14.73,-86.27,-155.9
52.38635,-1.534817,149.5,0.47,3,311.67,18 / 21,1524228,2019-09-06 18:41:30:910,0.0008,-0.4133,9.9136,0.0014,-0.002,9.8066,0.0276,0.014,-0.0046,-1.44,-30.12,2.88,14.15,-86.22,-156.23
52.38635,-1.534817,149.5,0.47,3,311.67,18 / 21,1524329,2019-09-06 18:41:31:011,0.0754,-1.0127,9.7356,0.0038,-0.0026,9.8066,-0.0299,-0.0133,-0.0282,-1,-29.94,2.88,12.74,-86.22,-156.78
52.38635,-1.534817,149.5,0.47,3,311.67,20 / 21,1524429,2019-09-06 18:41:31:111,0.0423,-0.3153,9.8825,-0.0012,-0.003,9.8066,-0.0035,0.0099,0.0116,-1.12,-30.31,2.69,12.58,-86.19,-156.89
52.38635,-1.534817,149.5,0.47,3,311.67,20 / 21,1524528,2019-09-06 18:41:31:210,0.216,-0.7748,9.7698,0.0017,-0.0034,9.8066,0.0226,0.0168,0.0169,-0.87,-30.5,3.06,12.39,-86.14,-157.08
52.38635,-1.534817,149.5,0.47,3,311.67,20 / 21,1524629,2019-09-06 18:41:31:311,0.1787,-0.0232,9.8611,0.0021,-0.0064,9.8066,-0.0238,-0.0115,-0.0244,-0.75,-30.69,3.25,12.31,-86.13,-157.4
52.38635,-1.534817,149.5,0.47,3,311.67,20 / 21,1524729,2019-09-06 18:41:31:411,0.1107,-0.4378,9.9756,-0.0024,-0.0018,9.8066,0.0299,0.0085,0.0146,-1.25,-30.81,3.19,12.25,-86.07,-157.53
52.38635,-1.534817,149.5,0.47,3,311.67,20 / 21,1524829,2019-09-06 18:41:31:511,0.1951,-0.7461,9.7839,-0.0001,-0.0013,9.8066,0.0234,0.0009,0.0132,-0.94,-30.94,2.81,13.01,-86,-157.44
52.38635,-1.534817,149.5,0.47,3,311.67,20 / 21,1524930,2019-09-06 18:41:31:612,-0.188,-0.3235,9.822,0.0024,-0.0004,9.8066,-0.0139,-0.0128,-0.0172,-1.12,-31.06,3.19,11.26,-85.91,-158.18
52.38635,-1.534817,149.5,0.47,3,311.67,20 / 21,1525029,2019-09-06 18:41:31:711,0.608,0.2986,9.7701,0.0036,0.0055,9.8066,-0.0074,-0.017,-0.0234,-0.69,-31,2.25,268.46,-85.88,-158.86
52.38635,-1.534817,149.5,0.47,3,311.67,20 / 21,1525128,2019-09-06 18:41:31:810,0.1773,-0.3982,9.8604,0.0025,-0.0015,9.8066,0.0103,0.0013,-0.0012,-1.19,-30.69,3,7.61,-85.86,-159.36
52.38635,-1.534817,149.5,0.47,3,311.67,20 / 21,1525229,2019-09-06 18:41:31:911,-0.0087,-0.1918,9.9062,0.0021,-0.0049,9.8066,0.0106,-0.0013,0.0185,-1.12,-31.19,3,6.81,-85.82,-159.63
52.38635,-1.534817,149.5,0.47,3,311.67,20 / 21,1525328,2019-09-06 18:41:32:010,0.7499,0.3739,9.811,-0.0016,0.0015,9.8066,0.0044,-0.018,-0.0122,-0.56,-31,2.06,256.91,-85.79,-159.92
52.38635,-1.534817,149.5,0.47,3,311.67,20 / 21,1525429,2019-09-06 18:41:32:111,0.5622,0.2502,9.728,0.0018,0.0019,9.8066,0.004,-0.0061,-0.001,-1.12,-31.37,2.06,254.69,-85.77,-160.37
52.38635,-1.534817,149.5,0.47,3,311.67,20 / 21,1525528,2019-09-06 18:41:32:210,0.2144,0.1524,9.6359,0.0063,0.0074,9.8066,0.0345,0.0116,0.0053,-1.62,-30.87,2.31,279.83,-85.71,-161.02
52.38635,-1.534817,149.5,0.47,3,311.67,20 / 21,1525629,2019-09-06 18:41:32:311,0.189,-0.3561,9.7097,0.0051,-0.0052,9.8066,-0.0206,-0.0188,-0.0089,-0.94,-31.94,2.69,0.24,-85.71,-161.51
52.38635,-1.534817,149.5,0.47,3,311.67,20 / 21,1525729,2019-09-06 18:41:32:411,0.6362,0.4386,9.6237,0.0008,0.0013,9.8066,-0.0129,0.0159,-0.0193,-0.87,-30.69,1.88,247.85,-85.67,-161.91
52.38635,-1.534817,149.5,0.47,3,311.67,20 / 21,1525828,2019-09-06 18:41:32:510,-0.0911,-0.1787,9.8413,-0.0009,-0.005,9.8066,0.0173,-0.0097,0.0203,-1.25,-31.12,2.63,358.82,-85.58,-161.85
52.38635,-1.534817,149.5,0.47,3,311.67,20 / 21,1525929,2019-09-06 18:41:32:611,-0.0225,-0.3643,10.0153,0.0035,-0.0044,9.8066,-0.002,-0.0177,-0.0091,-1.44,-30.62,2.81,357.81,-85.57,-162.09
52.38635,-1.534817,149.5,0.47,3,311.67,20 / 21,1526028,2019-09-06 18:41:32:710,0.0052,-0.0606,10.0492,-0.0003,-0.0059,9.8066,0.0084,-0.0216,0.0012,-0.81,-31.44,2.69,356.65,-85.51,-162.33
52.38635,-1.534817,149.5,0.47,3,311.67,20 / 21,1526128,2019-09-06 18:41:32:810,0.0745,-0.2304,9.9518,0.0036,-0.0025,9.8065,-0.0077,-0.0279,0.0076,-0.87,-31.25,2.88,354.35,-85.45,-162.81
52.38635,-1.534817,149.5,0.47,3,311.67,20 / 21,1526228,2019-09-06 18:41:32:910,0.0574,-0.1518,9.7946,0.0027,0.0058,9.8066,0.0058,-0.0119,-0.0272,-0.75,-32.12,2.94,349.63,-85.44,-163.58
52.38635,-1.534817,149.5,0.47,3,311.67,20 / 21,1526329,2019-09-06 18:41:33:011,-0.0457,-0.2723,9.8998,0.0026,-0.0019,9.8066,0.0167,-0.0207,-0.002,-0.81,-31.62,2.69,346.27,-85.44,-164.23
52.38635,-1.534817,149.5,0.47,3,311.67,19 / 20,1526429,2019-09-06 18:41:33:111,-0.1217,-0.2249,9.8234,0.0035,-0.0063,9.8066,0.0044,-0.0113,0.0363,-0.81,-32.87,3.56,4.26,-85.41,-164.45
52.38635,-1.534817,149.5,0.47,3,311.67,19 / 20,1526529,2019-09-06 18:41:33:211,-0.0468,0.0895,9.8643,0.0007,-0.0009,9.8066,-0.007,0.001,-0.0287,-0.31,-32.37,2.56,67.37,-85.44,-164.46
52.38635,-1.534817,149.5,0.47,3,311.67,19 / 20,1526628,2019-09-06 18:41:33:310,0.0621,0.123,9.7624,0.0064,-0.0009,9.8066,-0.0043,-0.0257,0.0239,-0.87,-32.19,1.69,228.03,-85.41,-164.05
52.38635,-1.534817,149.5,0.47,3,311.67,19 / 20,1526728,2019-09-06 18:41:33:410,0.4287,0.0173,9.9474,-0.0024,-0.0011,9.8066,0.0356,-0.0249,0.0169,-0.5,-32.25,1.63,139.25,-85.41,-163.83
52.38635,-1.534817,149.5,0.47,3,311.67,19 / 20,1526829,2019-09-06 18:41:33:511,-0.3115,0.407,9.6956,-0.0002,-0.0007,9.8066,-0.04,-0.0474,-0.0108,-0.37,-31.69,2.44,138.74,-85.44,-163.96
52.38635,-1.534817,149.5,0.47,3,311.67,19 / 20,1526929,2019-09-06 18:41:33:611,0.0059,-0.1809,9.6365,0.0004,-0.0062,9.8066,-0.0309,-0.0208,0.0072,-0.81,-33.06,2.75,347.65,-85.43,-163.63
52.38635,-1.534817,149.5,0.47,3,311.67,19 / 20,1527029,2019-09-06 18:41:33:711,0.2167,-0.0989,9.9206,-0.0031,0.0054,9.8066,0.025,-0.0413,0.0297,-1,-31.62,2.25,228.18,-85.44,-163.43
52.38635,-1.534817,149.5,0.47,3,311.67,19 / 20,1527129,2019-09-06 18:41:33:811,-0.0733,-0.1372,9.8598,0.0041,-0.0052,9.8066,0.0353,-0.0398,-0.0167,-0.81,-32,2.88,351.36,-85.46,-163.26
52.38635,-1.534817,149.5,0.47,3,311.67,19 / 20,1527229,2019-09-06 18:41:33:911,-0.0521,-0.4193,9.8581,0.0036,-0.0145,9.8066,-0.004,-0.0559,0.0073,-0.56,-32,3.5,7.24,-85.39,-163.26
52.38635,-1.534817,149.5,0.47,3,311.67,19 / 20,1527330,2019-09-06 18:41:34:012,-1.7954,-0.7484,10.1168,-0.0084,0.002,9.8066,0.0487,-0.0778,0.0217,-0.44,-31.75,2.94,77.52,-85.25,-162.51
52.38635,-1.534817,149.5,0.47,3,311.67,19 / 20,1527429,2019-09-06 18:41:34:111,0.5556,-1.6074,10.1603,-0.0028,-0.0038,9.8066,0.116,-0.1004,-0.0003,-1,-32,3.25,352.75,-85.1,-162.53
52.38635,-1.534817,149.5,0.47,3,311.67,19 / 20,1527528,2019-09-06 18:41:34:210,0.9153,-2.8647,10.0008,0.0119,-0.0268,9.8066,0.0898,-0.1204,0.0148,-0.94,-31.81,3.19,344.56,-84.89,-163.06
52.38635,-1.534817,149.5,0.47,3,311.67,19 / 20,1527629,2019-09-06 18:41:34:311,1.3708,1.8063,9.8537,0.0025,0.0164,9.8066,-0.0449,-0.148,0.0302,-1,-32.31,2.31,205.31,-84.59,-163.47
52.38635,-1.534817,149.5,0.47,3,311.67,19 / 20,1527728,2019-09-06 18:41:34:410,2.5981,0.3092,9.804,0.0021,-0.0065,9.8066,-0.0198,-0.142,0.0378,-1.25,-33.12,3.31,255.17,-84.5,-162.77
52.38635,-1.534817,149.5,0.47,3,311.67,19 / 20,1527829,2019-09-06 18:41:34:511,2.0708,3.1852,9.158,0.0018,-0.0157,9.8065,-0.0178,-0.2686,0.0495,-1.62,-32.69,2,242.02,-84.45,-162.09
52.38635,-1.534817,149.5,0.47,3,311.67,19 / 20,1527929,2019-09-06 18:41:34:611,1.9414,0.6828,9.677,0.0041,-0.0175,9.8066,0.0139,-0.224,0.0106,-2.12,-32.87,2.38,240.5,-84.39,-160.2
52.38635,-1.534817,149.5,0.47,3,311.67,19 / 20,1528028,2019-09-06 18:41:34:710,3.5424,1.185,10.5554,-0.0037,-0.0241,9.8066,0.0111,-0.2685,0.0922,-2.12,-32.37,2.38,241.79,-84.29,-158.54
52.38635,-1.534817,149.5,0.47,3,311.67,19 / 20,1528128,2019-09-06 18:41:34:810,1.6725,-1.7822,10.004,0.0209,0.0144,9.8066,0.0048,-0.364,0.0458,-2.87,-32.75,1.81,260.54,-84.26,-158.01
52.38635,-1.534817,149.5,0.47,3,311.67,19 / 20,1528228,2019-09-06 18:41:34:910,1.2457,-0.7618,10.1086,0.0084,-0.0037,9.8066,-0.0738,-0.3632,0.0474,-3.19,-32.75,0.44,232.48,-84.3,-157.23
52.38635,-1.534817,149.5,0.47,3,311.67,19 / 20,1528328,2019-09-06 18:41:35:010,1.393,-0.9893,9.8709,-0.0089,-0.0171,9.8066,-0.0988,-0.3189,0.0384,-3.44,-32.12,0.38,237.54,-84.62,-154.82
52.38635,-1.534817,149.5,0.47,3,311.67,19 / 20,1528428,2019-09-06 18:41:35:110,1.7997,-0.1642,9.8183,0.0083,0.0114,9.8065,0.069,-0.3642,0.0018,-4.5,-32.19,-0.06,249.18,-84.54,-155.28
52.38635,-1.534817,149.5,0.47,3,311.67,19 / 20,1528531,2019-09-06 18:41:35:213,2.2047,-1.2191,9.8696,0.0121,0.0042,9.8066,0.0647,-0.4229,0.0326,-4.06,-33.19,0.63,257.01,-84.33,-156.41
52.38635,-1.534817,149.5,0.47,3,311.67,19 / 20,1528629,2019-09-06 18:41:35:311,3.1348,-0.5352,10.4657,0.0001,0.0079,9.8066,-0.0269,-0.3298,0.029,-5.31,-33.62,-0.25,250.89,-84.11,-157.7
52.38635,-1.534817,149.5,0.47,3,311.67,19 / 20,1528728,2019-09-06 18:41:35:410,1.6893,-1.046,9.8182,-0.0015,0.0045,9.8066,0.015,-0.424,0.0863,-5.69,-33.12,-0.5,257.76,-84.03,-158.15
52.38635,-1.534817,149.5,0.47,3,311.67,19 / 20,1528829,2019-09-06 18:41:35:511,2.7741,-0.5413,9.721,-0.004,-0.0068,9.8066,-0.06,-0.4052,0.0029,-5.37,-32.75,-0.75,244.21,-84.13,-157.83
52.38635,-1.534817,149.5,0.47,3,311.67,19 / 20,1528929,2019-09-06 18:41:35:611,2.5654,-1.4636,9.3261,0.0218,-0.0095,9.8065,-0.0004,-0.4129,0.1501,-7.25,-32.25,-1.5,258.73,-83.94,-155.08
52.38635,-1.534817,149.5,0.47,3,311.67,19 / 20,1529029,2019-09-06 18:41:35:711,1.7577,-1.0864,9.7241,0.009,0.0064,9.8066,-0.0071,-0.4346,0.0201,-7.56,-32.31,-1.56,257.16,-83.82,-154.69
52.38635,-1.534817,149.5,0.47,3,311.67,19 / 20,1529128,2019-09-06 18:41:35:810,2.0742,-1.2142,9.7875,0.0035,-0.0055,9.8066,-0.072,-0.4757,0.0134,-7.62,-32.87,-1.81,256.31,-83.87,-155.06
52.38635,-1.534817,149.5,0.47,3,311.67,19 / 20,1529229,2019-09-06 18:41:35:911,2.5348,-1.5489,9.7422,0.0052,0.0004,9.8066,-0.0474,-0.4328,0.0814,-9.19,-32.62,-2.12,260.68,-83.82,-154.34
52.38635,-1.534817,149.5,0.47,3,311.67,19 / 20,1529328,2019-09-06 18:41:36:010,1.9238,-1.0873,9.6027,-0.0114,0.0044,9.8066,0.0483,-0.4504,0.0585,-10.31,-33.37,-1.81,264.26,-83.81,-154.01
52.38644,-1.534929,149.65,5.6,3,350.01,20 / 21,1529429,2019-09-06 18:41:36:111,3.4565,-1.8029,10.419,0.005,-0.0071,9.8066,-0.001,-0.4351,-0.0002,-10.5,-33.19,-1.94,264.44,-83.7,-153.44
52.38644,-1.534929,149.65,5.6,3,350.01,20 / 21,1529528,2019-09-06 18:41:36:210,2.3977,-1.1748,9.3086,0.0425,-0.0178,9.8064,-0.0155,-0.498,0.161,-12,-32.69,-2.87,265.9,-83.46,-152.32
52.38644,-1.534929,149.65,5.6,3,350.01,20 / 21,1529628,2019-09-06 18:41:36:310,2.0045,-3.4082,9.9997,-0.0076,-0.0236,9.8066,-0.0541,-0.4526,0.0856,-12.94,-32.81,-2.62,270.77,-83.39,-149.58
52.38644,-1.534929,149.65,5.6,3,350.01,20 / 21,1529729,2019-09-06 18:41:36:411,2.0481,-2.3846,9.9411,-0.0023,-0.0095,9.8066,-0.0823,-0.5196,0.0764,-13.62,-32.75,-2.87,274.04,-83.45,-148.53
52.38644,-1.534929,149.65,5.6,3,350.01,20 / 21,1529829,2019-09-06 18:41:36:511,0.8435,-2.8085,10.1533,-0.0146,-0.0055,9.8065,-0.0179,-0.4144,0.0487,-14.94,-33,-3,276.35,-83.52,-148.21
52.38644,-1.534929,149.65,5.6,3,350.01,20 / 21,1529929,2019-09-06 18:41:36:611,1.6945,-2.2649,10.3297,-0.0059,-0.0122,9.8065,-0.0464,-0.4268,0.0828,-15.44,-32.25,-3,276.69,-83.48,-148.23
52.38644,-1.534929,149.65,5.6,3,350.01,20 / 21,1530028,2019-09-06 18:41:36:710,2.0674,-1.5032,9.5697,0.0303,0.0247,9.8065,-0.0727,-0.4559,-0.0026,-15.44,-32.5,-2.31,279.93,-83.43,-148.52
52.38644,-1.534929,149.65,5.6,3,350.01,20 / 21,1530128,2019-09-06 18:41:36:810,1.0343,-2.0821,10.5933,0.0287,0.015,9.8066,0.0493,-0.3577,-0.0206,-17.19,-33.5,-2.87,275.88,-83.18,-150.93
52.38644,-1.534929,149.65,5.6,3,350.01,20 / 21,1530228,2019-09-06 18:41:36:910,1.0031,-1.5321,9.5099,0.0085,0.0125,9.8066,-0.0924,-0.3704,0.0003,-17.12,-32.81,-2.56,273.32,-83.07,-153.24
52.38644,-1.534929,149.65,5.6,3,350.01,20 / 21,1530329,2019-09-06 18:41:37:011,1.2003,-1.6469,10.0716,0.0236,0.0151,9.8065,0.0512,-0.3285,0.0139,-17.56,-33.44,-1.87,276.27,-82.95,-154.41
52.38644,-1.534929,149.65,5.6,3,350.01,19 / 20,1530428,2019-09-06 18:41:37:110,1.8032,-1.1821,10.1666,-0.0184,-0.0112,9.8066,0.0557,-0.3439,0.0548,-18.94,-32.75,-2.06,276.8,-83.02,-155.02
52.38644,-1.534929,149.65,5.6,3,350.01,19 / 20,1530529,2019-09-06 18:41:37:211,1.4973,-1.945,9.9746,-0.0157,-0.0187,9.8065,0.0039,-0.3004,0.0433,-19.44,-32.56,-0.94,279.9,-82.87,-154.67
52.38644,-1.534929,149.65,5.6,3,350.01,19 / 20,1530628,2019-09-06 18:41:37:310,0.765,-1.7846,10.4441,0.003,-0.0015,9.8066,0.0847,-0.3311,0.0771,-19.44,-32.94,-1.19,280.06,-82.8,-154.39
52.38644,-1.534929,149.65,5.6,3,350.01,19 / 20,1530729,2019-09-06 18:41:37:411,1.5861,-1.3751,10.035,-0.0083,-0.0077,9.8066,0.034,-0.2894,-0.0039,-21.06,-32.25,-0.75,282.15,-82.69,-154.03
52.38644,-1.534929,149.65,5.6,3,350.01,19 / 20,1530828,2019-09-06 18:41:37:510,1.2331,-1.4666,10.266,0.022,0.0097,9.8066,-0.0415,-0.3,0.0599,-20.12,-31.87,0,283.43,-82.58,-154.77
52.38644,-1.534929,149.65,5.6,3,350.01,19 / 20,1530928,2019-09-06 18:41:37:610,0.5875,-1.7059,10.1403,0.021,0.0011,9.8066,-0.0638,-0.2459,-0.0109,-20.69,-32.31,0.06,284.08,-82.54,-154.66
52.38644,-1.534929,149.65,5.6,3,350.01,19 / 20,1531028,2019-09-06 18:41:37:710,1.3804,-1.4189,10.1613,0.0022,0.0057,9.8066,-0.0077,-0.2569,0.0528,-21.12,-32.06,-0.19,283.46,-82.58,-155.31
52.38644,-1.534929,149.65,5.6,3,350.01,19 / 20,1531128,2019-09-06 18:41:37:810,0.5051,-0.8552,9.8928,0.0176,0.015,9.8066,-0.0513,-0.1765,-0.022,-21.44,-31.81,0.31,282.29,-82.46,-156.24
52.38644,-1.534929,149.65,5.6,3,350.01,19 / 20,1531229,2019-09-06 18:41:37:911,1.4323,-0.7389,9.6329,0.0024,-0.0011,9.8066,0.036,-0.1758,-0.0278,-21.75,-31.75,0.38,281.28,-82.49,-157.78
52.38644,-1.534929,149.65,5.6,3,350.01,19 / 20,1531328,2019-09-06 18:41:38:010,0.7681,-0.7584,10.3471,0.0049,0.0085,9.8066,-0.0228,-0.1378,-0.021,-21.94,-31.69,0.63,283.17,-82.37,-158.4
52.38644,-1.534929,149.65,5.6,3,350.01,19 / 20,1531429,2019-09-06 18:41:38:111,0.4987,-0.5714,10.3393,-0.0065,0.0115,9.8066,0.1228,-0.133,0.0774,-21.62,-30.81,0.63,282.09,-82.44,-159.89
52.38644,-1.534929,149.65,5.6,3,350.01,19 / 20,1531529,2019-09-06 18:41:38:211,0.9853,-0.386,10.3501,0.0158,-0.0104,9.8066,0.0142,-0.1174,-0.0756,-21.56,-31.81,0.94,281.26,-82.17,-159.94
52.38644,-1.534929,149.65,5.6,3,350.01,19 / 20,1531629,2019-09-06 18:41:38:311,1.6203,-1.5539,9.9114,0.0227,0.0075,9.8065,0.0214,-0.1272,0.1189,-22.31,-31.25,1.56,284.18,-81.99,-159.85
52.38644,-1.534929,149.65,5.6,3,350.01,19 / 20,1531729,2019-09-06 18:41:38:411,1.5738,-2.1772,10.0017,0.0051,-0.0143,9.8066,0.0618,-0.0711,-0.0103,-22.31,-31.81,1.94,283.69,-81.75,-159.59
52.38644,-1.534929,149.65,5.6,3,350.01,19 / 20,1531829,2019-09-06 18:41:38:511,0.5411,-0.3931,10.1054,-0.0342,0.0069,9.8065,0.1596,-0.1643,0.0164,-22.19,-31.31,1.75,284.49,-81.77,-159.24
52.38644,-1.534929,149.65,5.6,3,350.01,19 / 20,1531929,2019-09-06 18:41:38:611,2.3568,-1.5032,10.2113,-0.0402,-0.018,9.8065,0.0332,-0.1437,0.0779,-22.62,-32.12,2.19,285.11,-81.8,-158.6
52.38644,-1.534929,149.65,5.6,3,350.01,19 / 20,1532029,2019-09-06 18:41:38:711,1.2205,-0.1506,10.6619,0.0397,-0.007,9.8065,-0.0199,-0.0696,-0.0841,-22.37,-31.12,1.88,285.8,-81.63,-157.78
52.38644,-1.534929,149.65,5.6,3,350.01,19 / 20,1532129,2019-09-06 18:41:38:811,1.9747,0.1115,10.5899,-0.0158,0.0106,9.8066,0.1763,-0.0478,0.0583,-22.94,-31.19,1.69,286.33,-81.84,-157.84
52.38644,-1.534929,149.65,5.6,3,350.01,19 / 20,1532229,2019-09-06 18:41:38:911,0.6381,-1.2616,10.6761,0.0554,-0.0071,9.8065,-0.0544,0.0389,-0.032,-22.44,-31.56,1.88,285.77,-81.95,-157.91
52.38644,-1.534929,149.65,5.6,3,350.01,19 / 20,1532328,2019-09-06 18:41:39:010,0.7154,-0.4486,9.9111,0.0259,0.0061,9.8066,0.0804,-0.0604,0.0421,-22.62,-30.81,2.56,288.11,-81.66,-158.42
52.38644,-1.534929,149.65,5.6,3,350.01,20 / 21,1532429,2019-09-06 18:41:39:111,0.6587,-0.5246,9.198,0.0162,0.0079,9.8066,-0.0694,-0.0008,-0.0127,-22.81,-30.94,2.13,284.54,-81.39,-158.93
52.38644,-1.534929,149.65,5.6,3,350.01,20 / 21,1532528,2019-09-06 18:41:39:210,0.5503,-0.8305,10.3032,0.0186,0.0009,9.8066,-0.0458,-0.0157,0.0483,-22.87,-31.56,2,283.69,-81.37,-159.35
52.38644,-1.534929,149.65,5.6,3,350.01,20 / 21,1532629,2019-09-06 18:41:39:311,-0.5083,-0.7027,10.0571,-0.0134,0.0067,9.8066,-0.0325,-0.051,-0.0406,-23.25,-31,2.44,284.17,-81.42,-159.32
52.38644,-1.534929,149.65,5.6,3,350.01,20 / 21,1532728,2019-09-06 18:41:39:410,-0.2017,0.3351,9.9009,0.0011,0.0031,9.8066,-0.0088,-0.0086,-0.0754,-22.94,-31.87,1.81,283.18,-81.51,-160.03
52.38644,-1.534929,149.65,5.6,3,350.01,20 / 21,1532829,2019-09-06 18:41:39:511,0.4988,-0.1583,9.6315,0.0225,0.0103,9.8065,-0.0616,0.032,0.0091,-22.69,-31.06,1.94,281.84,-81.4,-161.55
52.38644,-1.534929,149.65,5.6,3,350.01,20 / 21,1532928,2019-09-06 18:41:39:610,0.3764,0.1853,10.3162,0.0276,0.0045,9.8066,-0.0385,-0.0019,0.0479,-23.19,-31.37,2.06,281.17,-81.31,-162.07
52.38644,-1.534929,149.65,5.6,3,350.01,20 / 21,1533028,2019-09-06 18:41:39:710,-0.1444,-0.5599,10.1732,-0.0028,-0.0056,9.8066,-0.0054,-0.0093,-0.0695,-22.81,-30.94,1.94,281.72,-81.3,-161.51
52.38644,-1.534929,149.65,5.6,3,350.01,20 / 21,1533128,2019-09-06 18:41:39:810,1.1233,-0.5249,9.863,-0.0066,0.0007,9.8066,0.0362,-0.0041,0.0223,-22.62,-31.75,2.06,280.89,-81.25,-161.87
52.38644,-1.534929,149.65,5.6,3,350.01,20 / 21,1533229,2019-09-06 18:41:39:911,0.1221,0.0568,9.8482,-0.0099,-0.0088,9.8066,0.0374,-0.0408,-0.0321,-22.75,-30.94,2.38,280.28,-81.15,-162.7
52.38644,-1.534929,149.65,5.6,3,350.01,20 / 21,1533328,2019-09-06 18:41:40:010,0.8012,-0.27,9.9553,-0.0218,0.0061,9.8066,0.0264,-0.0696,-0.087,-22.94,-31.62,2.5,282.64,-81.17,-162.57
52.38644,-1.534929,149.65,5.6,3,350.01,20 / 21,1533429,2019-09-06 18:41:40:111,-0.645,1.1946,10.2647,0.0059,0.0181,9.8066,0.0545,-0.0274,0.1478,-22.25,-31.5,2.69,280.93,-81.07,-164.26
52.38644,-1.534929,149.65,5.6,3,350.01,20 / 21,1533528,2019-09-06 18:41:40:210,1.3682,0.1085,10.0407,0.0195,-0.0057,9.8066,-0.0223,-0.0017,0.0057,-22.75,-31.06,1.94,278.51,-80.88,-164.05
52.38644,-1.534929,149.65,5.6,3,350.01,20 / 21,1533629,2019-09-06 18:41:40:311,0.9721,-0.7697,9.874,0.011,-0.0036,9.8066,0.0075,-0.0221,-0.0499,-22.87,-31.62,2.06,278.29,-80.66,-163.54
52.38644,-1.534929,149.65,5.6,3,350.01,20 / 21,1533729,2019-09-06 18:41:40:411,0.9642,-0.7414,9.7305,0.0088,0.0052,9.8066,-0.029,0.0215,0.0851,-22.75,-31.19,2.06,278.44,-80.66,-163.81
52.38644,-1.534929,149.65,5.6,3,350.01,20 / 21,1533829,2019-09-06 18:41:40:511,-0.6156,-0.3215,10.2611,0.0039,-0.0153,9.8066,-0.044,-0.0631,-0.0431,-22.81,-31.44,1.44,276.22,-80.71,-163.54
52.38644,-1.534929,149.65,5.6,3,350.01,20 / 21,1533929,2019-09-06 18:41:40:611,0.0529,0.9994,9.2455,-0.0191,0.0047,9.8066,0.104,0.0785,-0.0372,-23,-31.37,2.31,279.72,-80.77,-162.71
52.38644,-1.534929,149.65,5.6,3,350.01,20 / 21,1534028,2019-09-06 18:41:40:710,0.4718,-0.5116,9.0074,0.0118,-0.0084,9.8066,-0.0988,0.0371,-0.0466,-22.31,-31.75,1.88,278.38,-80.68,-163.1
52.38644,-1.534929,149.65,5.6,3,350.01,20 / 21,1534128,2019-09-06 18:41:40:810,-0.677,0.7512,10.2497,0.002,0.0144,9.8066,-0.0482,-0.0132,0.0084,-22.87,-31.81,2.69,280.81,-80.64,-163.58
52.38644,-1.534929,149.65,5.6,3,350.01,20 / 21,1534228,2019-09-06 18:41:40:910,0.1462,-1.1471,10.2728,0.0112,0.0028,9.8065,0.0247,0.0854,-0.0052,-22.75,-30.87,2.13,278.36,-80.6,-163.79
52.38644,-1.534929,149.65,5.6,3,350.01,20 / 21,1534329,2019-09-06 18:41:41:011,-0.4001,0.1913,9.8579,0.0209,0.0073,9.8066,0.0285,0.0448,-0.0439,-22.37,-31.75,1.75,276.38,-80.41,-164.65
52.38644,-1.534929,149.65,5.6,3,350.01,19 / 20,1534429,2019-09-06 18:41:41:111,0.6022,0.4287,10.3258,-0.012,-0.0034,9.8065,-0.0206,0.002,-0.0459,-23.25,-31.56,2.31,276.92,-80.36,-164.44
52.38644,-1.534929,149.65,5.6,3,350.01,19 / 20,1534529,2019-09-06 18:41:41:211,0.2445,0.2538,9.8749,-0.0266,0.0038,9.8066,0.0552,-0.0216,0.0769,-22.62,-31.12,2.44,277.28,-80.47,-164.66
52.38644,-1.534929,149.65,5.6,3,350.01,19 / 20,1534628,2019-09-06 18:41:41:310,1.6123,-0.9027,10.3002,0.0494,0.0007,9.8064,-0.0892,0.0497,-0.0823,-22.31,-31.31,1.69,275.59,-80.13,-165.46
52.38644,-1.534929,149.65,5.6,3,350.01,19 / 20,1534728,2019-09-06 18:41:41:410,-0.6985,0.8445,10.1182,0.019,0.0215,9.8066,0.0607,-0.0456,0.0663,-22,-31.62,2.31,274.26,-80.17,-166.37
52.38644,-1.534929,149.65,5.6,3,350.01,19 / 20,1534828,2019-09-06 18:41:41:510,1.4274,-0.6998,9.7983,-0.0014,0.0024,9.8066,-0.0298,0.056,-0.1263,-22.06,-32.12,2.25,273.94,-80.01,-166.45
52.38644,-1.534929,149.65,5.6,3,350.01,19 / 20,1534929,2019-09-06 18:41:41:611,0.6266,-0.6632,10.2672,-0.0066,0.012,9.8065,0.1106,-0.0496,0.0983,-22.25,-32.19,1.69,273.08,-80.14,-167.5
52.38644,-1.534929,149.65,5.6,3,350.01,19 / 20,1535029,2019-09-06 18:41:41:711,0.2279,0.3813,9.3796,0.0206,0.0043,9.8066,-0.0944,0.0401,-0.0525,-22.12,-32.06,1.69,273,-79.97,-167.33
52.38644,-1.534929,149.65,5.6,3,350.01,19 / 20,1535128,2019-09-06 18:41:41:810,0.8079,-0.6479,8.9286,0.0231,0.0135,9.8066,0.0036,-0.0767,0.071,-21.56,-31.75,2.06,272.39,-79.94,-167.89
52.38644,-1.534929,149.65,5.6,3,350.01,19 / 20,1535229,2019-09-06 18:41:41:911,0.4495,0.1667,10.4467,-0.0128,-0.0073,9.8066,0.0554,-0.0168,-0.0358,-22.5,-31.87,2.5,275.37,-79.86,-167.45
52.38644,-1.534929,149.65,5.6,3,350.01,19 / 20,1535328,2019-09-06 18:41:42:010,0.6618,1.1506,9.6705,-0.0221,0.0032,9.8066,0.1688,0.0092,0.0737,-22,-32.06,2.38,272.51,-79.91,-167.73
52.38644,-1.534929,149.65,5.6,3,350.01,18 / 21,1535428,2019-09-06 18:41:42:110,0.9299,-1.3463,9.3729,0.0024,-0.0067,9.8066,-0.0985,0.0252,-0.1085,-21.75,-32.12,2.5,274.87,-79.81,-167.87
52.38644,-1.534929,149.65,5.6,3,350.01,18 / 21,1535529,2019-09-06 18:41:42:211,-0.1137,0.2137,10.2747,-0.0017,0.0082,9.8066,-0.0402,-0.1167,0.1249,-21.94,-31.75,2.06,272.14,-79.97,-168.18
52.38644,-1.534929,149.65,5.6,3,350.01,18 / 21,1535629,2019-09-06 18:41:42:311,-0.0676,0.8098,9.6512,0.0309,0.005,9.8066,-0.0203,0.0822,-0.0298,-22,-32.5,2,270.84,-79.76,-169.17
52.38644,-1.534929,149.65,5.6,3,350.01,18 / 21,1535729,2019-09-06 18:41:42:411,1.5513,-0.9073,10.0135,0.0158,0.0041,9.8066,0.0123,-0.1156,0.0299,-21.56,-32.06,2.44,270.86,-79.65,-168.98
52.38644,-1.534929,149.65,5.6,3,350.01,18 / 21,1535829,2019-09-06 18:41:42:511,-0.3087,0.9039,10.2465,0.0098,-0.0011,9.8066,-0.0237,-0.0436,0.03,-22.31,-32,2.69,272.77,-79.48,-169.45
52.38644,-1.534929,149.65,5.6,3,350.01,18 / 21,1535928,2019-09-06 18:41:42:610,0.9024,0.3283,10.3277,0.0063,-0.0051,9.8066,0.0732,0.0116,0.0887,-22.56,-31.56,3.13,273.29,-79.43,-169.2
52.38644,-1.534929,149.65,5.6,3,350.01,18 / 21,1536029,2019-09-06 18:41:42:711,0.8406,0.3382,9.3192,-0.0257,0.0182,9.8065,-0.1022,-0.0511,-0.1388,-22.56,-31.56,2.44,269.88,-79.54,-170.26
52.38644,-1.534929,149.65,5.6,3,350.01,18 / 21,1536129,2019-09-06 18:41:42:811,0.8083,-0.2828,9.2411,0.0217,0.0087,9.8066,-0.002,0.0022,-0.0373,-21.37,-31.69,3.06,270.43,-79.47,-171.42
52.38644,-1.534929,149.65,5.6,3,350.01,18 / 21,1536229,2019-09-06 18:41:42:911,0.8943,0.5259,9.8321,0.0201,0.0026,9.8065,-0.076,0.0458,0.0367,-21.81,-32.12,2.38,268.21,-79.57,-171.56
52.38644,-1.534929,149.65,5.6,3,350.01,18 / 21,1536328,2019-09-06 18:41:43:010,-0.6855,0.0045,9.7132,-0.0284,-0.01,9.8066,-0.1424,-0.0681,-0.0142,-21.62,-32.25,1.94,268.81,-79.71,-171.17
52.38644,-1.534929,149.65,5.6,3,350.01,19 / 21,1536428,2019-09-06 18:41:43:110,0.3569,0.5569,10.1007,-0.0015,-0.0142,9.8065,0.0806,0.0582,0.0116,-22.62,-31.37,2.81,273.26,-79.83,-170.27
52.38644,-1.534929,149.65,5.6,3,350.01,19 / 21,1536528,2019-09-06 18:41:43:210,0.9705,0.2471,9.9399,0.0141,-0.0043,9.8066,0.1371,-0.0034,0.103,-22.31,-32.62,2.56,272.53,-79.56,-169.31
52.38644,-1.534929,149.65,5.6,3,350.01,19 / 21,1536628,2019-09-06 18:41:43:310,0.893,-0.5947,9.5198,0.0221,0.0052,9.8065,-0.0712,-0.0083,0.0007,-21.69,-31.75,2.69,272.59,-79.47,-169.61
52.38644,-1.534929,149.65,5.6,3,350.01,19 / 21,1536729,2019-09-06 18:41:43:411,0.8489,0.7588,9.3199,-0.0203,0.0058,9.8065,0.0293,0.0502,-0.0335,-22.81,-32.5,2.38,270.29,-79.44,-169.7
52.38644,-1.534929,149.65,5.6,3,350.01,19 / 21,1536829,2019-09-06 18:41:43:511,0.2704,0.0093,10.1266,-0.016,0.0048,9.8066,-0.0742,0.0535,-0.0479,-21.94,-32.31,1.94,269.75,-79.55,-169.95
52.38644,-1.534929,149.65,5.6,3,350.01,19 / 21,1536930,2019-09-06 18:41:43:612,-0.9149,0.2361,10.5223,0.0016,0.0049,9.8066,-0.0569,0.042,0.0019,-22,-31.94,2.06,270.06,-79.64,-169.77
52.38644,-1.534929,149.65,5.6,3,350.01,19 / 21,1537029,2019-09-06 18:41:43:711,-0.1358,0.022,9.9526,-0.0009,0.0038,9.8066,-0.0682,0.0455,-0.0369,-21.56,-31.94,2,269.55,-79.55,-170.15
52.38644,-1.534929,149.65,5.6,3,350.01,19 / 21,1537128,2019-09-06 18:41:43:810,-0.4178,0.2881,9.8708,-0.0119,-0.0143,9.8065,-0.0538,-0.0246,0.08,-22.12,-31.56,2.69,272.9,-79.43,-169.24
52.38644,-1.534929,149.65,5.6,3,350.01,19 / 21,1537228,2019-09-06 18:41:43:910,-0.2874,0.5384,10.4547,-0.001,-0.0082,9.8066,-0.0472,-0.0807,0.0644,-22.25,-31.69,2.75,273.05,-79.36,-168.98
52.38644,-1.534929,149.65,5.6,3,350.01,19 / 21,1537328,2019-09-06 18:41:44:010,-0.241,0.5564,10.1951,-0.0042,-0.0084,9.8066,-0.1595,0.0404,-0.1243,-21.87,-32.56,2,269.98,-79.44,-169.05
52.38644,-1.534929,149.65,5.6,3,350.01,20 / 21,1537429,2019-09-06 18:41:44:111,-0.2588,-0.7997,9.0017,0.0146,-0.0054,9.8065,-0.0646,0.0348,0.0905,-21.44,-31.5,2.06,271.37,-79.42,-168.12
52.38644,-1.534929,149.65,5.6,3,350.01,20 / 21,1537528,2019-09-06 18:41:44:210,-0.427,0.1239,9.3832,-0.0591,-0.0013,9.8064,-0.1041,0.0552,0.0438,-22.12,-31.94,2.25,272.48,-79.68,-167.39
52.38644,-1.534929,149.65,5.6,3,350.01,20 / 21,1537629,2019-09-06 18:41:44:311,-1.4182,-0.0917,9.6778,-0.0295,-0.0054,9.8065,0.1311,-0.0536,-0.0171,-21.62,-31.62,1.94,272.01,-79.59,-167.73
52.38644,-1.534929,149.65,5.6,3,350.01,20 / 21,1537729,2019-09-06 18:41:44:411,-1.5393,0.0398,10.0068,0.001,-0.007,9.8066,-0.0415,0.0796,-0.0338,-21.94,-31.44,1.81,272.41,-79.31,-167.4
52.38644,-1.534929,149.65,5.6,3,350.01,20 / 21,1537828,2019-09-06 18:41:44:510,-0.3088,0.0129,10.1117,-0.0203,-0.0077,9.8066,0.0399,0.0431,0.0431,-21.69,-31.5,1.75,272.82,-79.34,-167.02
52.38644,-1.534929,149.65,5.6,3,350.01,20 / 21,1537928,2019-09-06 18:41:44:610,-0.9366,0.6745,9.226,-0.0142,0.0078,9.8066,-0.0046,0.0497,-0.0239,-21.19,-31.81,2.25,271.55,-79.17,-167
52.38644,-1.534929,149.65,5.6,3,350.01,20 / 21,1538028,2019-09-06 18:41:44:710,-1.1662,0.447,9.1323,0.0042,-0.0025,9.8066,-0.0972,-0.0022,-0.0546,-21.56,-31.62,1.5,272.1,-79.27,-167.13
52.38644,-1.534929,149.65,5.6,3,350.01,20 / 21,1538128,2019-09-06 18:41:44:810,-1.4235,-0.1856,9.4925,-0.0236,-0.0104,9.8065,-0.0777,-0.0193,0.0338,-21.94,-31.87,1.69,272.86,-79.53,-166.78
52.38644,-1.534929,149.65,5.6,3,350.01,20 / 21,1538228,2019-09-06 18:41:44:910,-1.6327,0.0645,9.7998,-0.0111,0.0014,9.8065,0.1022,-0.0231,-0.0007,-22.12,-31.25,1.94,273.38,-79.62,-166.9
52.38644,-1.534929,149.65,5.6,3,350.01,20 / 21,1538329,2019-09-06 18:41:45:011,-1.7265,0.5636,9.7656,0.0124,0.0069,9.8066,0.0354,0.0923,-0.0708,-21.62,-31.62,2.31,271.93,-79.46,-167.6
52.387154,-1.534243,149.84,13.32,3,32.83,19 / 20,1538429,2019-09-06 18:41:45:111,-0.7033,-0.2237,9.7248,0.011,0.0056,9.8066,0.0546,-0.0003,0.034,-21.44,-32.19,2.56,274.2,-79.38,-167.47
52.387154,-1.534243,149.84,13.32,3,32.83,19 / 20,1538528,2019-09-06 18:41:45:210,-0.7104,-0.4526,9.2156,0.0044,-0.0011,9.8066,-0.1133,-0.0083,0.0194,-21.56,-32.75,2.19,271.22,-79.4,-167.72
52.387154,-1.534243,149.84,13.32,3,32.83,19 / 20,1538629,2019-09-06 18:41:45:311,-0.8494,0.4748,9.7669,0.0098,0.0002,9.8066,-0.085,0.0695,-0.002,-22.06,-31.69,1.81,272.27,-79.56,-167.42
52.387154,-1.534243,149.84,13.32,3,32.83,19 / 20,1538728,2019-09-06 18:41:45:410,-1.6671,0.4573,9.082,-0.0398,-0.008,9.8065,0.1064,-0.0036,0.0231,-21.31,-31.37,2.31,272.28,-79.62,-167.51
52.387154,-1.534243,149.84,13.32,3,32.83,19 / 20,1538829,2019-09-06 18:41:45:511,0.0226,0.9179,9.5524,-0.0254,-0.0041,9.8065,-0.1707,-0.0224,-0.0224,-21.37,-31.81,1.38,269.66,-79.77,-167.13
52.387154,-1.534243,149.84,13.32,3,32.83,19 / 20,1538929,2019-09-06 18:41:45:611,-1.2025,-0.093,10.1317,0.0327,0.0025,9.8066,-0.1048,-0.0365,0.0319,-21.44,-31.87,1.56,272.2,-79.66,-167.15
52.387154,-1.534243,149.84,13.32,3,32.83,19 / 20,1539028,2019-09-06 18:41:45:710,-0.3701,0.2552,9.1304,0.0117,0.0024,9.8066,-0.1333,-0.0039,0.0236,-21.56,-31.94,1.94,272.88,-79.66,-166.97
52.387154,-1.534243,149.84,13.32,3,32.83,19 / 20,1539129,2019-09-06 18:41:45:811,0.0471,-1.0834,9.4719,-0.0385,-0.0154,9.8065,0.0701,-0.0704,0.0843,-21.37,-31.56,1.19,271.36,-79.86,-165.55
52.387154,-1.534243,149.84,13.32,3,32.83,19 / 20,1539229,2019-09-06 18:41:45:911,-2.2657,-0.2521,10.0811,-0.0281,-0.0251,9.8065,-0.0311,0.0444,0.0143,-21.19,-31.56,1.19,272.66,-79.94,-164.38
52.387154,-1.534243,149.84,13.32,3,32.83,19 / 20,1539329,2019-09-06 18:41:46:011,-0.0363,0.0927,10.2508,0.0283,0.0028,9.8066,0.0315,0.0324,-0.0219,-21.06,-32.06,1.25,273.52,-80.09,-163.75
52.387154,-1.534243,149.84,13.32,3,32.83,19 / 20,1539429,2019-09-06 18:41:46:111,-0.3258,0.3092,10.5447,0.0223,0.0078,9.8066,0.0739,0.0401,-0.0374,-21.62,-31.06,1.25,273.94,-79.85,-164.03
52.387154,-1.534243,149.84,13.32,3,32.83,19 / 20,1539529,2019-09-06 18:41:46:211,-0.4113,0.3699,10.4219,0.0118,0.0132,9.8066,0.0739,0.0045,0.0183,-21.12,-32.12,1.31,271.55,-79.63,-164.99
52.387154,-1.534243,149.84,13.32,3,32.83,19 / 20,1539629,2019-09-06 18:41:46:311,-0.012,0.5535,9.8321,0.0259,0.0092,9.8066,-0.015,0.0284,0.0044,-20.75,-31.94,1.19,270.93,-79.5,-165.41
52.387154,-1.534243,149.84,13.32,3,32.83,19 / 20,1539729,2019-09-06 18:41:46:411,-0.4614,0.6181,9.8707,-0.0278,-0.0127,9.8065,0.0279,-0.0089,-0.0294,-20.62,-31.56,1.38,271.85,-79.71,-164.81
52.387154,-1.534243,149.84,13.32,3,32.83,19 / 20,1539829,2019-09-06 18:41:46:511,-0.7677,-0.0596,9.7064,-0.0401,-0.0136,9.8065,0.0609,-0.024,0.0467,-20.94,-31.19,0.38,270.38,-79.84,-164.27
52.387154,-1.534243,149.84,13.32,3,32.83,19 / 20,1539930,2019-09-06 18:41:46:612,-0.4292,0.0405,10.007,0.0221,-0.0144,9.8066,-0.0256,0,0.0141,-21.44,-32.06,1.38,273.33,-79.8,-163.48
52.387154,-1.534243,149.84,13.32,3,32.83,19 / 20,1540029,2019-09-06 18:41:46:711,0.0149,0.0989,9.6021,0.007,-0.011,9.8065,0.0306,-0.0241,0.0088,-21.25,-31.44,0.56,274.55,-79.71,-162.63
52.387154,-1.534243,149.84,13.32,3,32.83,19 / 20,1540129,2019-09-06 18:41:46:811,-1.0703,0.0554,9.5701,0.0129,-0.0114,9.8065,-0.103,0.0253,0.0128,-21.44,-31.12,0.5,275.69,-79.6,-161.32
52.387154,-1.534243,149.84,13.32,3,32.83,19 / 20,1540229,2019-09-06 18:41:46:911,-0.8516,-0.5609,10.0988,-0.0218,-0.0065,9.8066,-0.0494,0.0201,0.0491,-21.06,-31.5,0.5,276.75,-79.73,-160.48
52.387154,-1.534243,149.84,13.32,3,32.83,19 / 20,1540329,2019-09-06 18:41:47:011,-0.6015,-0.4602,9.5574,0.0029,0.009,9.8066,-0.0463,-0.0429,-0.0307,-22,-31.94,0.88,276.27,-79.67,-160.98
52.387154,-1.534243,149.84,13.32,3,32.83,20 / 21,1540429,2019-09-06 18:41:47:111,0.3333,1.086,9.8841,-0.0251,-0.0016,9.8066,0.1129,-0.048,0.0009,-21.87,-31.62,0.63,276.15,-79.78,-161.26
52.387154,-1.534243,149.84,13.32,3,32.83,20 / 21,1540529,2019-09-06 18:41:47:211,-0.1454,0.386,9.5001,-0.022,-0.0079,9.8066,0.0878,0.0416,-0.0355,-21.5,-31.31,1.13,276.28,-79.76,-160.99
52.387154,-1.534243,149.84,13.32,3,32.83,20 / 21,1540629,2019-09-06 18:41:47:311,0.6432,0.909,9.2239,0.0173,0.0014,9.8066,0.0585,-0.0143,0.0504,-21.5,-31.5,0.5,276.15,-79.7,-161.03
52.387154,-1.534243,149.84,13.32,3,32.83,20 / 21,1540729,2019-09-06 18:41:47:411,0.2562,-0.2897,9.1588,0.0109,0.0124,9.8065,-0.1665,0.0354,-0.0539,-21.75,-32.06,1.06,276.22,-79.81,-161.24
52.387154,-1.534243,149.84,13.32,3,32.83,20 / 21,1540828,2019-09-06 18:41:47:510,-0.5973,0.1958,9.5704,-0.0229,0.0028,9.8065,-0.0479,0.0205,-0.0145,-21.19,-32.25,0.38,273.16,-79.95,-161.15
52.387154,-1.534243,149.84,13.32,3,32.83,20 / 21,1540928,2019-09-06 18:41:47:610,-0.8866,0.3785,10.004,-0.0122,0.0006,9.8066,0.08,0.0339,-0.0135,-21.44,-31.37,1.19,276.21,-80.09,-161.59
52.387154,-1.534243,149.84,13.32,3,32.83,20 / 21,1541028,2019-09-06 18:41:47:710,-0.7982,-0.5325,10.1282,0.0165,0.0037,9.8066,0.0473,-0.0558,-0.002,-21.62,-31.5,1.13,276.02,-79.95,-162.12
52.387154,-1.534243,149.84,13.32,3,32.83,20 / 21,1541128,2019-09-06 18:41:47:810,0.1084,0.819,10.5637,0.0105,-0.0065,9.8066,0.0352,-0.0326,0.0691,-21.25,-31.31,1,275.59,-79.9,-161.9
52.387154,-1.534243,149.84,13.32,3,32.83,20 / 21,1541228,2019-09-06 18:41:47:910,-0.4017,0.1261,9.5177,-0.0192,-0.0066,9.8066,0.0028,0.0052,0.0339,-21.69,-30.94,1.06,276.72,-79.93,-161.4
52.387154,-1.534243,149.84,13.32,3,32.83,20 / 21,1541329,2019-09-06 18:41:48:011,0.3899,-0.1394,9.5482,-0.0192,-0.0047,9.8066,-0.0156,-0.0397,-0.045,-21.5,-30.44,0.88,276.98,-79.99,-161.17
52.387154,-1.534243,149.84,13.32,3,32.83,20 / 21,1541428,2019-09-06 18:41:48:110,-1.2087,-0.6175,10.0187,0.0018,-0.0066,9.8066,-0.0186,-0.0438,0.006,-21.94,-31.5,1.38,277.17,-80.01,-161.08
52.387154,-1.534243,149.84,13.32,3,32.83,20 / 21,1541529,2019-09-06 18:41:48:211,-0.3358,-0.5473,9.8241,-0.0114,-0.0056,9.8066,0.0583,-0.0329,0.0302,-21.5,-31.37,1,277.04,-80.02,-160.66
52.387154,-1.534243,149.84,13.32,3,32.83,20 / 21,1541628,2019-09-06 18:41:48:310,-0.0194,0.1833,9.5389,-0.004,-0.0012,9.8066,0.0194,0.0102,0.0082,-21.5,-31.31,0.94,277.13,-79.96,-160.47
52.387154,-1.534243,149.84,13.32,3,32.83,20 / 21,1541729,2019-09-06 18:41:48:411,-0.6421,0.4661,9.8296,-0.0279,-0.0004,9.8066,-0.0893,0.0328,-0.0639,-22.37,-31.5,1.56,280.76,-80.1,-160.36
52.387154,-1.534243,149.84,13.32,3,32.83,20 / 21,1541828,2019-09-06 18:41:48:510,-1.9832,-1.0031,9.8943,0.0027,0.0075,9.8066,-0.0574,-0.0588,0.0482,-22.06,-31.81,0.69,277.34,-80.12,-160.61
52.387154,-1.534243,149.84,13.32,3,32.83,20 / 21,1541928,2019-09-06 18:41:48:610,-1.345,0.4141,9.6993,0.0048,0.0003,9.8066,0.0761,-0.0697,0.0188,-22.31,-31.62,1.06,276.98,-80.13,-160.99
52.387154,-1.534243,149.84,13.32,3,32.83,20 / 21,1542029,2019-09-06 18:41:48:711,-0.1037,0.0356,9.8951,-0.0062,-0.0069,9.8066,0.0036,-0.0028,-0.0586,-21.69,-31.31,0.81,277.09,-80.2,-161.45
52.387154,-1.534243,149.84,13.32,3,32.83,20 / 21,1542130,2019-09-06 18:41:48:812,-1.0354,-0.0819,9.554,-0.003,-0.0018,9.8066,-0.0611,-0.0039,-0.0088,-21.69,-31.06,0.38,275.16,-80.26,-160.83
52.387154,-1.534243,149.84,13.32,3,32.83,20 / 21,1542229,2019-09-06 18:41:48:911,-0.5858,-0.8613,9.5967,-0.0047,-0.012,9.8066,0.0493,-0.0065,0.0014,-22,-31.62,0.94,278.24,-80.36,-160.1
52.387154,-1.534243,149.84,13.32,3,32.83,20 / 21,1542328,2019-09-06 18:41:49:010,-0.8173,-0.1592,9.994,-0.0217,-0.0124,9.8066,-0.0084,-0.0123,0.0325,-21.87,-31.44,0.94,279.64,-80.5,-159.41
52.387154,-1.534243,149.84,13.32,3,32.83,20 / 21,1542429,2019-09-06 18:41:49:111,-1.3083,-0.1066,10.0886,-0.0153,-0.0118,9.8066,0.0881,-0.0049,0.0303,-21.87,-31.62,1.06,280.63,-80.56,-158.1
52.387154,-1.534243,149.84,13.32,3,32.83,20 / 21,1542528,2019-09-06 18:41:49:210,0.2964,-0.4203,10.0668,-0.013,-0.0122,9.8065,0.0229,-0.0359,0.024,-22.06,-31.44,0.38,278.79,-80.5,-157.62
52.387154,-1.534243,149.84,13.32,3,32.83,20 / 21,1542629,2019-09-06 18:41:49:311,-0.0243,-0.4363,10.1934,0.0089,-0.0044,9.8065,-0.0537,-0.0073,0.021,-22.62,-31.25,0.56,282.6,-80.51,-157.04
52.387154,-1.534243,149.84,13.32,3,32.83,20 / 21,1542729,2019-09-06 18:41:49:411,-0.6799,0.1317,10.021,0.0071,0.0071,9.8066,0.0129,-0.0177,-0.0231,-22.44,-31.19,0.75,281.83,-80.47,-157.25
52.387154,-1.534243,149.84,13.32,3,32.83,20 / 21,1542829,2019-09-06 18:41:49:511,-1.4466,-0.3735,9.5337,-0.0132,0.0036,9.8066,-0.0051,-0.0171,-0.0198,-22,-30.44,0.81,282.13,-80.63,-157.63
52.387154,-1.534243,149.84,13.32,3,32.83,20 / 21,1542928,2019-09-06 18:41:49:610,-0.0232,0.2246,9.5523,-0.0172,0.0079,9.8066,-0.0598,-0.011,-0.0039,-22.44,-29.81,0.63,281.25,-80.63,-158.47
52.387154,-1.534243,149.84,13.32,3,32.83,20 / 21,1543028,2019-09-06 18:41:49:710,-0.1971,-0.7749,9.3894,-0.0255,0.0016,9.8066,-0.0075,-0.0529,-0.0074,-22.44,-31.31,0.81,280.12,-80.57,-159.04
52.387154,-1.534243,149.84,13.32,3,32.83,20 / 21,1543128,2019-09-06 18:41:49:810,-0.1413,0.4107,9.8232,-0.0164,-0.0061,9.8066,0.0462,-0.0689,0.024,-22.37,-31.75,0.5,280.14,-80.79,-158.93
52.387154,-1.534243,149.84,13.32,3,32.83,20 / 21,1543229,2019-09-06 18:41:49:911,-0.2304,-0.3259,9.4132,0.0103,0.0023,9.8066,0.0691,0.0269,0.0213,-22.25,-31.56,1.06,279.86,-80.73,-159.11
52.387154,-1.534243,149.84,13.32,3,32.83,20 / 21,1543329,2019-09-06 18:41:50:011,0.1397,0.4591,9.5136,-0.0136,0.0046,9.8065,0.0337,0.0392,-0.0194,-21.69,-31.19,0.38,277.79,-80.86,-159.14
52.387154,-1.534243,149.84,13.32,3,32.83,19 / 20,1543430,2019-09-06 18:41:50:112,0.0133,-0.0775,9.625,0.0004,0.0062,9.8066,0.0601,-0.0219,-0.0379,-22.31,-31.94,0.31,277.36,-80.87,-159.15
52.387154,-1.534243,149.84,13.32,3,32.83,19 / 20,1543528,2019-09-06 18:41:50:210,0.0778,0.198,9.7157,0.0207,0.002,9.8066,-0.1077,-0.021,0.0124,-21.94,-31.5,0.38,277.82,-80.86,-159.11
52.387154,-1.534243,149.84,13.32,3,32.83,19 / 20,1543629,2019-09-06 18:41:50:311,-0.8354,0.5171,9.9847,-0.0144,-0.0018,9.8066,-0.0452,-0.0138,0.0288,-21.87,-31,0.75,280.17,-80.87,-159.44
52.387154,-1.534243,149.84,13.32,3,32.83,19 / 20,1543728,2019-09-06 18:41:50:410,0.3599,-0.3413,9.4732,-0.0237,0.001,9.8066,0.0216,-0.0312,-0.0014,-21.87,-31.56,0.25,276.77,-80.92,-159.81
52.387154,-1.534243,149.84,13.32,3,32.83,19 / 20,1543828,2019-09-06 18:41:50:510,-0.7056,1.1442,10.5272,0.0193,0.0125,9.8066,0.07,0.0863,-0.069,-22.06,-31.37,0.44,276.18,-80.83,-160.68
52.387154,-1.534243,149.84,13.32,3,32.83,19 / 20,1543929,2019-09-06 18:41:50:611,-1.6509,0.4614,8.9745,0.0503,0.0249,9.8064,-0.1755,0.1004,-0.0746,-21.75,-31.62,0.5,277.86,-80.77,-161.11
52.387154,-1.534243,149.84,13.32,3,32.83,19 / 20,1544030,2019-09-06 18:41:50:712,0.5011,-0.4916,8.9558,-0.0259,-0.0002,9.8065,0.1273,0.1082,-0.04,-21.69,-31.69,0.75,278.01,-81.03,-161.37
52.387154,-1.534243,149.84,13.32,3,32.83,19 / 20,1544129,2019-09-06 18:41:50:811,-1.9729,-0.0691,9.8131,0.0029,-0.0019,9.8066,0.2029,-0.0093,-0.0027,-21.81,-31.06,0.63,278.29,-81,-161.47
52.387154,-1.534243,149.84,13.32,3,32.83,19 / 20,1544229,2019-09-06 18:41:50:911,-0.5542,1.407,9.4445,-0.0098,-0.008,9.8066,-0.0263,0.0092,-0.0373,-21.44,-31.19,0.69,277.37,-81,-161.87
52.387154,-1.534243,149.84,13.32,3,32.83,19 / 20,1544329,2019-09-06 18:41:51:011,0.081,0.057,9.3363,0.0002,0.0001,9.8066,-0.0166,0.0433,-0.0125,-22.19,-31.75,1.19,277.79,-80.97,-161.5
52.387154,-1.534243,149.84,13.32,3,32.83,18 / 20,1544429,2019-09-06 18:41:51:111,-0.2813,0.0424,9.869,-0.0186,-0.0038,9.8066,0.0039,0.0109,0.0513,-21.25,-31.62,0.69,277.72,-80.96,-161.03
52.387154,-1.534243,149.84,13.32,3,32.83,18 / 20,1544529,2019-09-06 18:41:51:211,-1.3529,-0.067,9.7936,-0.0032,0.0012,9.8066,-0.0912,-0.0156,-0.0075,-21.81,-31.69,1.06,278.39,-81,-160.95
52.387154,-1.534243,149.84,13.32,3,32.83,18 / 20,1544628,2019-09-06 18:41:51:310,-1.5459,-0.303,9.5689,-0.0302,-0.0116,9.8066,-0.0976,-0.0345,-0.007,-21.56,-31.44,1.19,279.26,-81.01,-160.54
52.387154,-1.534243,149.84,13.32,3,32.83,18 / 20,1544729,2019-09-06 18:41:51:411,0.2201,0.3471,9.812,-0.011,-0.0121,9.8066,0.0729,-0.0335,0.063,-22.31,-31.19,0.63,280.59,-81.13,-159.41
52.387154,-1.534243,149.84,13.32,3,32.83,18 / 20,1544828,2019-09-06 18:41:51:510,-1.1215,0.1923,9.348,-0.0089,-0.001,9.8066,-0.0398,0.054,-0.0331,-21.87,-31.12,0.75,280.58,-81.2,-159.54
52.387154,-1.534243,149.84,13.32,3,32.83,18 / 20,1544929,2019-09-06 18:41:51:611,0.8595,0.3613,9.7412,-0.0188,0.0005,9.8066,0.0837,0.0194,-0.0386,-22.44,-31.06,0.38,278.14,-81.27,-159.4
52.387154,-1.534243,149.84,13.32,3,32.83,18 / 20,1545029,2019-09-06 18:41:51:711,-0.2143,0.3228,9.3634,0.0151,0.001,9.8066,0.0708,0.0204,0.0258,-21.94,-31.31,0.63,281.28,-81.31,-159.02
52.387154,-1.534243,149.84,13.32,3,32.83,18 / 20,1545129,2019-09-06 18:41:51:811,-0.6236,-0.5245,9.2365,-0.0009,0.0076,9.8066,-0.0336,0.0249,-0.039,-21.62,-31.75,0.88,280.64,-81.36,-159.31
52.387154,-1.534243,149.84,13.32,3,32.83,18 / 20,1545228,2019-09-06 18:41:51:910,0.402,0.0542,10.0866,-0.0009,0.0013,9.8066,-0.0171,0.0157,-0.0206,-21.69,-31.44,0.5,280.98,-81.39,-159.42
52.387154,-1.534243,149.84,13.32,3,32.83,18 / 20,1545328,2019-09-06 18:41:52:010,-1.1289,0.3858,9.6266,0.0139,0.0002,9.8066,-0.0556,0.0609,-0.001,-21.62,-31.31,0.25,278.08,-81.33,-159.54
52.387154,-1.534243,149.84,13.32,3,32.83,19 / 21,1545428,2019-09-06 18:41:52:110,-1.1215,-0.5003,10.3216,-0.0183,-0.0044,9.8066,-0.1498,-0.0423,0.0571,-21.81,-31.44,0.44,279.09,-81.5,-158.82
52.387154,-1.534243,149.84,13.32,3,32.83,19 / 21,1545528,2019-09-06 18:41:52:210,0.4352,-0.1164,9.3293,-0.0006,-0.0049,9.8066,0.088,0.0177,0.0385,-21.06,-31.37,0.69,281.32,-81.51,-158.82
52.387154,-1.534243,149.84,13.32,3,32.83,19 / 21,1545629,2019-09-06 18:41:52:311,-0.1786,0.3159,9.6694,-0.0254,-0.0065,9.8066,0.0709,0.0323,0.001,-21.06,-31.25,0.19,278.08,-81.44,-159.13
52.387154,-1.534243,149.84,13.32,3,32.83,19 / 21,1545728,2019-09-06 18:41:52:410,0.303,-0.1934,9.6443,-0.0308,-0.0024,9.8066,-0.0434,0.0284,-0.036,-22.19,-31.69,0.56,281.66,-81.62,-158.73
52.387154,-1.534243,149.84,13.32,3,32.83,19 / 21,1545829,2019-09-06 18:41:52:511,-0.8466,0.2194,9.6119,0.023,-0.003,9.8066,-0.0446,-0.0153,0,-21.37,-31.94,0.19,278.17,-81.46,-158.65
52.387154,-1.534243,149.84,13.32,3,32.83,19 / 21,1545929,2019-09-06 18:41:52:611,0.7274,0.0807,9.7476,0.0037,0.0021,9.8066,-0.034,-0.0092,-0.0246,-21.62,-31.94,0,279.02,-81.6,-158.64
52.387154,-1.534243,149.84,13.32,3,32.83,19 / 21,1546029,2019-09-06 18:41:52:711,0.7383,1.2508,9.5277,0.0171,0.0073,9.8065,0.0073,0.0776,-0.0416,-21.62,-31.31,0.88,282.18,-81.63,-158.63
52.387154,-1.534243,149.84,13.32,3,32.83,19 / 21,1546129,2019-09-06 18:41:52:811,-1.7782,-0.4615,10.1333,0.0124,-0.0017,9.8066,-0.0468,-0.0629,0.0407,-21.87,-31.56,0.5,281.94,-81.59,-158.41
52.387154,-1.534243,149.84,13.32,3,32.83,19 / 21,1546229,2019-09-06 18:41:52:911,-0.3511,0.501,9.6369,-0.0279,-0.0112,9.8065,-0.063,0.0132,-0.011,-21.44,-31.56,0.75,281.95,-81.77,-158.23
52.387154,-1.534243,149.84,13.32,3,32.83,19 / 21,1546329,2019-09-06 18:41:53:011,-0.6145,-0.5089,10.083,-0.0114,-0.0015,9.8065,0.0912,0.0363,-0.0081,-21.94,-31.06,0.81,282.45,-81.7,-158.46
52.387154,-1.534243,149.84,13.32,3,32.83,19 / 21,1546428,2019-09-06 18:41:53:110,-0.8394,-0.5664,9.7789,0.0264,0.0084,9.8066,0.0717,-0.007,0.0031,-21.69,-31.31,0.75,282.76,-81.72,-158.2
52.387154,-1.534243,149.84,13.32,3,32.83,19 / 21,1546529,2019-09-06 18:41:53:211,-0.8146,-0.0736,9.7337,0.0146,-0.0002,9.8066,-0.0469,-0.0182,0.0161,-21.5,-31,0.25,279.04,-81.61,-158.46
52.387154,-1.534243,149.84,13.32,3,32.83,19 / 21,1546628,2019-09-06 18:41:53:310,-0.9714,-0.3804,9.5832,-0.033,-0.008,9.8066,-0.1466,-0.0302,-0.0092,-21.81,-31.62,0.44,279.58,-81.85,-158.47
52.387154,-1.534243,149.84,13.32,3,32.83,19 / 21,1546729,2019-09-06 18:41:53:411,0.0118,-0.5523,9.88,-0.0342,-0.0112,9.8065,0.0721,-0.0505,0.0059,-21.06,-31.31,-0.06,279.31,-81.81,-158.5
52.387154,-1.534243,149.84,13.32,3,32.83,19 / 21,1546828,2019-09-06 18:41:53:510,-0.2241,0.7332,9.9681,-0.0036,0.001,9.8065,0.0289,-0.0056,-0.0223,-21.81,-31.62,0.56,281.92,-81.87,-158.85
52.387154,-1.534243,149.84,13.32,3,32.83,19 / 21,1546928,2019-09-06 18:41:53:610,-0.69,-0.6783,10.4927,-0.0065,0.0107,9.8066,0.0206,0.0057,-0.0476,-21.87,-31.56,0.63,281.63,-81.95,-159.25
52.387154,-1.534243,149.84,13.32,3,32.83,19 / 21,1547029,2019-09-06 18:41:53:711,-0.7516,0.0208,9.8754,0.024,0.0049,9.8065,0.1471,-0.0072,0.0066,-22.06,-31.56,0.88,281.43,-81.99,-159.51
52.387154,-1.534243,149.84,13.32,3,32.83,19 / 21,1547129,2019-09-06 18:41:53:811,-0.9092,0.1098,9.8558,0.0181,0.0077,9.8066,0.0088,0.0182,-0.0272,-21.56,-31.5,0.31,278.48,-81.86,-159.94
52.387154,-1.534243,149.84,13.32,3,32.83,19 / 21,1547229,2019-09-06 18:41:53:911,-0.3421,-0.0128,9.9223,-0.0008,-0.0035,9.8066,-0.0302,0.024,0.0397,-21.87,-30.94,0.25,279.1,-81.93,-159.43
52.387154,-1.534243,149.84,13.32,3,32.83,19 / 21,1547329,2019-09-06 18:41:54:011,-0.7727,-0.5835,9.8207,0.0011,0.001,9.8066,-0.0067,0.0516,-0.0294,-22,-31.5,-0.31,279.23,-81.98,-159.38
52.38812,-1.533324,150.06,14.47,3,30.55,19 / 20,1547428,2019-09-06 18:41:54:110,-0.3869,-0.3664,9.5728,-0.0122,-0.0033,9.8066,-0.029,-0.0107,0.0112,-20.75,-31,-0.19,278.7,-82.08,-159.51
52.38812,-1.533324,150.06,14.47,3,30.55,19 / 20,1547529,2019-09-06 18:41:54:211,-0.6051,0.3172,10.0744,-0.023,0,9.8066,0.0019,0.0021,-0.0314,-21.62,-31.37,0.06,279.71,-82.26,-159.33
52.38812,-1.533324,150.06,14.47,3,30.55,19 / 20,1547628,2019-09-06 18:41:54:310,-0.8357,0.148,9.6664,0.0122,-0.0037,9.8066,-0.0316,-0.031,0.0301,-21.69,-31.19,-0.19,279.55,-82.16,-159.33
52.38812,-1.533324,150.06,14.47,3,30.55,19 / 20,1547728,2019-09-06 18:41:54:410,-2.064,-1.1372,9.6042,0.0088,-0.0015,9.8066,0.0651,0.0582,-0.0745,-21.62,-31.25,0,279.38,-82.06,-159.36
52.38812,-1.533324,150.06,14.47,3,30.55,19 / 20,1547828,2019-09-06 18:41:54:510,-0.1192,0.4708,9.6289,0.0143,-0.0046,9.8065,0.0785,-0.1294,0.1265,-21.5,-31.37,0,279.39,-82,-158.71
52.38812,-1.533324,150.06,14.47,3,30.55,19 / 20,1547929,2019-09-06 18:41:54:611,-0.0822,-1.2254,10.0243,0.0106,0.0016,9.8065,-0.0193,0.0013,0.0301,-21.44,-31.69,0,278.91,-82.06,-158.89
52.38812,-1.533324,150.06,14.47,3,30.55,19 / 20,1548030,2019-09-06 18:41:54:712,-1.5108,-0.3017,10.3018,0.0025,0.0079,9.8066,-0.0008,-0.0233,0.0032,-21.25,-30.94,0.19,280.34,-82.15,-158.01
52.38812,-1.533324,150.06,14.47,3,30.55,19 / 20,1548129,2019-09-06 18:41:54:811,-0.4534,0.5796,9.7709,-0.016,0.0041,9.8066,0.0673,-0.0438,-0.002,-21.25,-30.94,0.13,279.88,-82.25,-158.62
52.38812,-1.533324,150.06,14.47,3,30.55,19 / 20,1548229,2019-09-06 18:41:54:911,-0.5118,0.3358,10.2384,0.0064,0.0026,9.8066,0.0096,0.0315,-0.0371,-21.19,-31.69,-0.12,278.83,-82.16,-159.13
52.38812,-1.533324,150.06,14.47,3,30.55,19 / 20,1548329,2019-09-06 18:41:55:011,0.1146,0.74,10.1609,-0.0031,-0.0009,9.8066,-0.081,0.0339,0.0105,-21.94,-31.56,0.19,279.56,-82.13,-158.92
52.38812,-1.533324,150.06,14.47,3,30.55,19 / 20,1548429,2019-09-06 18:41:55:111,0.6638,0.5513,10.1746,0.02,0.0011,9.8065,-0.0246,-0.0089,0.0053,-21.56,-31.44,0,280.03,-82.1,-158.78
52.38812,-1.533324,150.06,14.47,3,30.55,19 / 20,1548528,2019-09-06 18:41:55:210,-0.2979,0.4069,9.4839,0.014,-0.0034,9.8066,0.0046,0.0133,0.0321,-21.69,-31.62,-0.06,280.36,-82.14,-158.16
52.38812,-1.533324,150.06,14.47,3,30.55,19 / 20,1548629,2019-09-06 18:41:55:311,-0.0413,-0.0379,9.6905,-0.0212,-0.0085,9.8065,-0.0482,-0.0191,0.013,-22.06,-31.12,0.38,280.8,-82.09,-158.02
52.38812,-1.533324,150.06,14.47,3,30.55,19 / 20,1548729,2019-09-06 18:41:55:411,-0.1801,0.3603,9.8209,-0.008,-0.0014,9.8066,0.011,-0.042,0.0234,-21.5,-30.75,0,280.59,-82.14,-157.76
52.38812,-1.533324,150.06,14.47,3,30.55,19 / 20,1548828,2019-09-06 18:41:55:510,-0.1437,0.3424,9.9807,-0.0006,-0.0008,9.8066,0.0075,0.0382,-0.018,-21.81,-31.31,-0.19,281.24,-82.1,-157.61
52.38812,-1.533324,150.06,14.47,3,30.55,19 / 20,1548928,2019-09-06 18:41:55:610,0.6687,0.3892,9.9093,0.0121,-0.0024,9.8066,0.09,0.0217,0.0179,-21.44,-32.06,-0.25,280.26,-82.01,-157.49
52.38812,-1.533324,150.06,14.47,3,30.55,19 / 20,1549028,2019-09-06 18:41:55:710,0.5562,0.2333,9.4626,0.0012,-0.003,9.8066,0.0483,0.0249,-0.0109,-21.94,-31.19,0.56,284.19,-81.98,-157.2
52.38812,-1.533324,150.06,14.47,3,30.55,19 / 20,1549129,2019-09-06 18:41:55:811,-0.9681,0.054,9.9117,0.0048,-0.0009,9.8066,0.0495,0.0037,-0.0083,-22.06,-31.37,0.06,281.95,-81.99,-156.75
52.38812,-1.533324,150.06,14.47,3,30.55,19 / 20,1549229,2019-09-06 18:41:55:911,-0.3736,-0.0848,9.6453,0.0052,-0.0053,9.8066,-0.0423,-0.0026,0.0505,-21.87,-30.81,0.31,283.02,-82.05,-155.81
52.38812,-1.533324,150.06,14.47,3,30.55,19 / 20,1549328,2019-09-06 18:41:56:010,-0.6959,0.5097,9.9064,0.0058,0.009,9.8066,-0.0925,0.0682,-0.0501,-21.31,-31.31,0.25,282.07,-82.03,-156.15
52.38812,-1.533324,150.06,14.47,3,30.55,19 / 20,1549429,2019-09-06 18:41:56:111,-0.096,0.1741,9.6795,-0.0049,0.0044,9.8065,-0.0465,-0.0473,0.0003,-21.56,-31.5,0.06,282.31,-82.08,-156.54
52.38812,-1.533324,150.06,14.47,3,30.55,19 / 20,1549529,2019-09-06 18:41:56:211,0.3182,0.2202,10.0297,0.0011,0.0085,9.8066,-0.0156,-0.0054,-0.0202,-21.37,-31.5,0.31,280.68,-82.13,-157.65
52.38812,-1.533324,150.06,14.47,3,30.55,19 / 20,1549629,2019-09-06 18:41:56:311,-0.9283,0.0221,9.999,-0.0005,0.0015,9.8065,0.0283,0.0561,-0.0051,-21.25,-31.37,0,280.13,-82.1,-158.14
52.38812,-1.533324,150.06,14.47,3,30.55,19 / 20,1549729,2019-09-06 18:41:56:411,-0.9479,0.5328,9.7285,0.0052,0.0085,9.8065,-0.0434,0.0513,-0.0266,-20.94,-31.75,-0.94,276.58,-82.1,-158.52
52.38812,-1.533324,150.06,14.47,3,30.55,19 / 20,1549828,2019-09-06 18:41:56:510,-0.8261,-0.4709,9.8958,0.0023,0.0026,9.8066,-0.0129,-0.0008,0.0203,-20.81,-31.44,0,279.55,-82.05,-158.63
52.38812,-1.533324,150.06,14.47,3,30.55,19 / 20,1549929,2019-09-06 18:41:56:611,-0.5721,0.1591,10.0996,0.0007,0.0043,9.8066,0.0478,0.0242,-0.008,-20.44,-31.94,0,278.27,-82.09,-158.95
52.38812,-1.533324,150.06,14.47,3,30.55,19 / 20,1550029,2019-09-06 18:41:56:711,0.288,0.367,9.8146,0.0229,0.011,9.8066,-0.0492,0.008,0.0003,-20.56,-32.31,0.44,278.37,-82.15,-159.56
52.38812,-1.533324,150.06,14.47,3,30.55,19 / 20,1550128,2019-09-06 18:41:56:810,-0.5466,0.089,9.9019,0.0198,0.0096,9.8065,0.0546,0.0352,-0.0458,-19.56,-32.44,0.19,276.68,-82.06,-160.46
52.38812,-1.533324,150.06,14.47,3,30.55,19 / 20,1550228,2019-09-06 18:41:56:910,-0.651,-0.4705,9.87,-0.0048,0.0031,9.8066,0.0352,-0.036,0.016,-20.44,-32.19,0.69,279.21,-82.16,-161.03
52.38812,-1.533324,150.06,14.47,3,30.55,19 / 20,1550328,2019-09-06 18:41:57:010,-1.1832,0.4004,9.9947,-0.0027,0.0065,9.8066,0.0144,0.0175,-0.0358,-20.25,-31.81,1.56,281.74,-82.23,-161.6
52.38812,-1.533324,150.06,14.47,3,30.55,19 / 21,1550429,2019-09-06 18:41:57:111,-0.7828,0.2103,9.9494,0.0103,-0.0004,9.8066,-0.0142,0.031,0.006,-20.5,-31.44,1.94,281.9,-82.21,-161.79
52.38812,-1.533324,150.06,14.47,3,30.55,19 / 21,1550528,2019-09-06 18:41:57:210,-0.2044,0.2834,10.144,0.0081,0.0014,9.8066,-0.0174,-0.0068,0.0019,-21.06,-31.56,1.63,281.78,-82.24,-161.88
52.38812,-1.533324,150.06,14.47,3,30.55,19 / 21,1550629,2019-09-06 18:41:57:311,-0.6697,0.3707,9.9555,0.0039,-0.0007,9.8066,-0.0135,0.0532,-0.028,-21.81,-31.87,0.69,279.16,-82.18,-162
52.38812,-1.533324,150.06,14.47,3,30.55,19 / 21,1550729,2019-09-06 18:41:57:411,0.0211,0.6808,10.0704,0.0062,-0.0039,9.8066,0.0139,0.0078,-0.0112,-21.94,-31.44,1.69,282.03,-82.16,-162.17
52.38812,-1.533324,150.06,14.47,3,30.55,19 / 21,1550829,2019-09-06 18:41:57:511,-0.85,-0.2013,10.5845,-0.0154,-0.0008,9.8066,0.0473,0.0458,0.0053,-21.87,-30.75,1.69,282.36,-82.21,-161.92
52.38812,-1.533324,150.06,14.47,3,30.55,19 / 21,1550929,2019-09-06 18:41:57:611,-0.2522,0.2007,9.3639,0.0128,0.009,9.8066,-0.0126,-0.0284,-0.0204,-22.37,-29.81,0.25,276.79,-82.15,-162.39
52.38812,-1.533324,150.06,14.47,3,30.55,19 / 21,1551029,2019-09-06 18:41:57:711,-0.9499,0.5247,9.4963,0.0189,-0.0014,9.8065,-0.1263,0.0038,-0.0004,-22.25,-30.44,-0.37,277.1,-82.07,-161.98
52.38812,-1.533324,150.06,14.47,3,30.55,19 / 21,1551128,2019-09-06 18:41:57:810,-1.2794,-0.336,9.8885,-0.0373,-0.013,9.8065,0.0523,0.053,-0.0132,-22.5,-30.87,-1,274.7,-82.12,-161.46
52.38812,-1.533324,150.06,14.47,3,30.55,19 / 21,1551229,2019-09-06 18:41:57:911,-0.1601,0.5086,9.5704,-0.0423,-0.0185,9.8065,0.1176,0.007,-0.012,-21.37,-31.56,0,278.27,-82.46,-160.15
52.38812,-1.533324,150.06,14.47,3,30.55,19 / 21,1551329,2019-09-06 18:41:58:011,-1.0441,-0.4683,9.5458,0.0366,0.0059,9.8065,-0.0299,-0.0182,-0.0258,-21.31,-31.31,-0.56,275.28,-82.27,-160.45
52.38812,-1.533324,150.06,14.47,3,30.55,18 / 20,1551430,2019-09-06 18:41:58:112,-0.6527,0.8278,9.8814,0.0316,0.0142,9.8066,0.0329,-0.0341,0.0342,-20.62,-31.81,-1.19,274.8,-82.31,-160.62
52.38812,-1.533324,150.06,14.47,3,30.55,18 / 20,1551528,2019-09-06 18:41:58:210,-0.1917,0.1374,9.7388,-0.0089,-0.0055,9.8066,-0.0397,0.059,-0.0161,-20.87,-31.75,-0.5,277.59,-82.45,-160.8
52.38812,-1.533324,150.06,14.47,3,30.55,18 / 20,1551629,2019-09-06 18:41:58:311,-1.0456,0.6989,9.7929,0.0022,0,9.8066,-0.1256,0.0436,0.0011,-20.31,-31.62,-0.44,276.59,-82.39,-161.09
52.38812,-1.533324,150.06,14.47,3,30.55,18 / 20,1551728,2019-09-06 18:41:58:410,-0.0311,0.1376,10.5638,-0.0251,-0.0148,9.8066,0.1858,-0.0179,0.0261,-20.87,-31.81,0,277.27,-82.33,-160.93
52.38812,-1.533324,150.06,14.47,3,30.55,18 / 20,1551828,2019-09-06 18:41:58:510,0.6481,0.2624,10.18,-0.0348,-0.0169,9.8065,0.138,-0.001,0.0113,-20.81,-31.69,0.44,279.2,-82.45,-159.23
52.38812,-1.533324,150.06,14.47,3,30.55,18 / 20,1551928,2019-09-06 18:41:58:610,-0.7783,0.4425,10.4188,0.0312,0.0046,9.8066,-0.1143,-0.0494,0.0311,-20.87,-31.25,0.44,279,-82.24,-159.46
52.38812,-1.533324,150.06,14.47,3,30.55,18 / 20,1552028,2019-09-06 18:41:58:710,-1.271,0.2326,9.0326,0.0532,0.0086,9.8065,-0.1391,0.0572,-0.0486,-20.75,-31.31,0.06,279.29,-82.19,-159.1
52.38812,-1.533324,150.06,14.47,3,30.55,18 / 20,1552128,2019-09-06 18:41:58:810,-2.0157,1.2835,10.1601,-0.0629,-0.0092,9.8063,0.1739,-0.0819,0.101,-21,-31.44,0,279.46,-82.46,-159.34
52.38812,-1.533324,150.06,14.47,3,30.55,18 / 20,1552229,2019-09-06 18:41:58:911,-0.9802,0.0321,10.1182,-0.0047,-0.0187,9.8065,0.0085,0.0005,-0.026,-21.06,-31.69,-0.19,279.22,-82.06,-158.59
52.38812,-1.533324,150.06,14.47,3,30.55,18 / 20,1552329,2019-09-06 18:41:59:011,0.05,0.7381,9.7827,0,-0.037,9.8065,0.0459,0.0462,0.0093,-21.37,-31.81,0,279.42,-81.94,-158.2
52.38812,-1.533324,150.06,14.47,3,30.55,18 / 20,1552429,2019-09-06 18:41:59:111,0.0272,0.8737,9.8686,-0.0243,-0.0183,9.8065,-0.0912,-0.1453,0.1286,-21.69,-31.25,-0.19,283.43,-81.9,-155.19
52.38812,-1.533324,150.06,14.47,3,30.55,18 / 20,1552529,2019-09-06 18:41:59:211,-1.1078,-0.446,9.6451,-0.0002,0.0005,9.8066,0.0103,-0.018,-0.0025,-20.94,-31.81,0.31,283.77,-82.03,-154.14
52.38812,-1.533324,150.06,14.47,3,30.55,18 / 20,1552628,2019-09-06 18:41:59:310,-1.0766,-0.8173,9.4129,0.0044,0.0047,9.8066,-0.1223,-0.1063,-0.0016,-21.25,-31.75,0.13,284.08,-82.06,-153.89
52.38812,-1.533324,150.06,14.47,3,30.55,18 / 20,1552729,2019-09-06 18:41:59:411,-0.4729,-0.655,9.9605,-0.0148,0.0036,9.8066,0.0084,-0.0466,-0.025,-21.12,-31.44,-0.56,281.51,-82.21,-154.26
52.38812,-1.533324,150.06,14.47,3,30.55,18 / 20,1552829,2019-09-06 18:41:59:511,-0.8099,-0.0729,10.2187,-0.0256,0.0011,9.8065,-0.0968,-0.0155,0.0209,-21.75,-31.69,-0.25,284.47,-82.43,-154.62
52.38812,-1.533324,150.06,14.47,3,30.55,18 / 20,1552929,2019-09-06 18:41:59:611,-0.4212,-0.508,9.7008,0.0386,0.0094,9.8065,0.0039,0.0042,-0.0039,-20.75,-31.87,-0.19,282.06,-82.33,-156.27
52.38812,-1.533324,150.06,14.47,3,30.55,18 / 20,1553029,2019-09-06 18:41:59:711,-0.8162,0.0899,9.7909,0.0227,0.009,9.8066,0.0089,-0.0237,-0.0011,-20.81,-31.56,0.19,282.11,-82.4,-156.32
52.38812,-1.533324,150.06,14.47,3,30.55,18 / 20,1553129,2019-09-06 18:41:59:811,-1.5664,-1.1249,9.5586,-0.0134,0.0022,9.8065,-0.0422,-0.0333,-0.0033,-20.56,-31.94,0.19,282.13,-82.44,-156.37
52.38812,-1.533324,150.06,14.47,3,30.55,18 / 20,1553228,2019-09-06 18:41:59:910,-0.9016,0.9551,9.7986,-0.0168,-0.0058,9.8066,0.0632,0.0266,-0.052,-21.31,-31.69,0.06,281.82,-82.45,-156.67
52.38812,-1.533324,150.06,14.47,3,30.55,18 / 20,1553329,2019-09-06 18:42:00:011,-0.3276,0.4704,9.6406,-0.0027,-0.0098,9.8066,-0.0181,0.0649,-0.0362,-21.44,-31.56,0.06,281.44,-82.33,-156.86
52.38812,-1.533324,150.06,14.47,3,30.55,18 / 19,1553428,2019-09-06 18:42:00:110,-1.0717,-1.5983,9.429,-0.0109,0.0043,9.8066,-0.0023,-0.0836,0.0568,-21.25,-31.81,0.44,281.67,-82.37,-156.71
52.38812,-1.533324,150.06,14.47,3,30.55,18 / 19,1553528,2019-09-06 18:42:00:210,-1.2229,0.0767,9.79,-0.0286,0.0077,9.8066,0.0601,-0.021,0.0385,-21.12,-32.12,0,282.01,-82.58,-156.69
52.38812,-1.533324,150.06,14.47,3,30.55,18 / 19,1553629,2019-09-06 18:42:00:311,-0.3498,-1.6322,10.8274,-0.0204,-0.0123,9.8066,0.097,0.0211,-0.0309,-21,-31.56,0.13,282.7,-82.7,-156.22
52.38812,-1.533324,150.06,14.47,3,30.55,18 / 19,1553729,2019-09-06 18:42:00:411,-1.1724,0.6404,9.8652,0.0312,0.0138,9.8065,-0.0697,-0.1114,0.0504,-21,-32.56,-0.44,280.82,-82.42,-157.24
52.38812,-1.533324,150.06,14.47,3,30.55,18 / 19,1553829,2019-09-06 18:42:00:511,-0.8145,-0.3357,10.1319,0.0111,0.0012,9.8066,-0.0264,-0.0361,-0.0015,-21.31,-32.19,0.44,281.45,-82.34,-156.87
52.38812,-1.533324,150.06,14.47,3,30.55,18 / 19,1553928,2019-09-06 18:42:00:610,-0.497,-1.0144,9.4445,0.0072,-0.0036,9.8065,-0.1185,0.0319,0.0469,-21.5,-32.56,-0.06,281.98,-82.44,-156.14
52.38812,-1.533324,150.06,14.47,3,30.55,18 / 19,1554029,2019-09-06 18:42:00:711,-2.014,-0.1403,9.4956,0.0262,-0.0065,9.8066,-0.2021,0.0065,-0.0152,-21.19,-32,0.75,285.73,-82.44,-155.66
52.38812,-1.533324,150.06,14.47,3,30.55,18 / 19,1554128,2019-09-06 18:42:00:810,-0.7818,0.2173,9.3055,-0.0094,0.0125,9.8066,-0.1667,-0.081,0.007,-21.81,-31.06,-0.12,284.77,-82.63,-154.96
52.38812,-1.533324,150.06,14.47,3,30.55,18 / 19,1554229,2019-09-06 18:42:00:911,-1.9557,-0.1572,9.923,0.0096,0.0115,9.8066,-0.0987,-0.004,-0.0344,-21.87,-31.5,-0.06,284.09,-82.66,-155.67
52.38812,-1.533324,150.06,14.47,3,30.55,18 / 19,1554329,2019-09-06 18:42:01:011,-1.9259,-2.1411,10.2779,-0.0112,-0.0009,9.8066,0.1552,0,0.0114,-21.69,-31.62,0.13,282.96,-82.59,-156.31
52.38812,-1.533324,150.06,14.47,3,30.55,18 / 19,1554428,2019-09-06 18:42:01:110,-0.843,0.0633,9.807,-0.0322,-0.0134,9.8066,0.0282,0.0104,-0.0248,-21.37,-31.81,0.69,284.54,-82.49,-156.87
52.38812,-1.533324,150.06,14.47,3,30.55,18 / 19,1554528,2019-09-06 18:42:01:210,0.2088,-0.4294,10.0552,-0.0044,0.0031,9.8066,0.0506,-0.0449,0.0557,-21.56,-31.56,0.25,282.72,-82.47,-156.36
52.38812,-1.533324,150.06,14.47,3,30.55,18 / 19,1554629,2019-09-06 18:42:01:311,-0.2604,0.228,9.3364,-0.0014,-0.0082,9.8065,0.0239,0.0309,0.0162,-21.75,-31.44,0.06,284.19,-82.57,-155.44
52.38812,-1.533324,150.06,14.47,3,30.55,18 / 19,1554729,2019-09-06 18:42:01:411,-1.4936,-0.2893,9.9037,-0.0131,-0.0114,9.8065,0.0524,-0.0114,-0.0048,-21.81,-31.62,-0.06,285.51,-82.64,-153.94
52.38812,-1.533324,150.06,14.47,3,30.55,18 / 19,1554829,2019-09-06 18:42:01:511,-1.1732,-1.4683,9.9366,-0.028,-0.0055,9.8066,0.1279,-0.0234,-0.021,-21.62,-31.31,0,286.16,-82.69,-153.73
52.38812,-1.533324,150.06,14.47,3,30.55,18 / 19,1554928,2019-09-06 18:42:01:610,-0.2205,0.1699,10.441,-0.0007,0.0053,9.8066,0.0704,-0.0177,0.0068,-21.25,-30.81,-0.06,285.21,-82.64,-154.08
52.38812,-1.533324,150.06,14.47,3,30.55,18 / 19,1555029,2019-09-06 18:42:01:711,-0.2711,0.103,9.5338,0.0047,0.0075,9.8066,-0.0076,-0.0061,0.0443,-21.81,-31.25,0.25,285.06,-82.66,-154.73
52.38812,-1.533324,150.06,14.47,3,30.55,18 / 19,1555128,2019-09-06 18:42:01:810,-0.9811,0.0399,9.3005,-0.014,-0.0063,9.8066,-0.0345,-0.0205,0.025,-21.19,-31.44,0,285.66,-82.77,-153.84
52.38812,-1.533324,150.06,14.47,3,30.55,18 / 19,1555228,2019-09-06 18:42:01:910,-0.7737,-1.3755,10.0614,-0.0119,-0.0031,9.8066,-0.037,-0.0145,-0.0638,-21.37,-31.75,0.81,289.21,-82.84,-152.98
52.38812,-1.533324,150.06,14.47,3,30.55,18 / 19,1555329,2019-09-06 18:42:02:011,-0.4887,-0.0924,9.982,-0.0076,-0.0013,9.8066,0.1439,0.0098,-0.0289,-21.69,-31.56,0.25,286.82,-82.99,-153.21
52.38812,-1.533324,150.06,14.47,3,30.55,19 / 20,1555428,2019-09-06 18:42:02:110,-0.4827,-1.4177,9.8157,-0.0334,-0.0062,9.8065,0.1227,-0.087,0.1325,-21.5,-31.12,0.75,289.86,-83.04,-152.99
52.38812,-1.533324,150.06,14.47,3,30.55,19 / 20,1555529,2019-09-06 18:42:02:211,-0.2525,0.3102,10.3645,0.0278,-0.0017,9.8065,-0.0044,-0.0237,-0.016,-21.31,-31.31,0.19,287.8,-82.96,-152.08
52.38812,-1.533324,150.06,14.47,3,30.55,19 / 20,1555628,2019-09-06 18:42:02:310,-0.6029,-0.8799,10.3801,0.0027,0.0025,9.8066,0.0461,-0.0684,0.0502,-21.69,-31.12,0.31,288.07,-82.8,-152.07
52.38812,-1.533324,150.06,14.47,3,30.55,19 / 20,1555729,2019-09-06 18:42:02:411,-0.5423,-0.9004,10.2291,0.0365,0.012,9.8066,-0.0079,-0.0333,0.0383,-21.69,-31,0.38,286.49,-82.52,-153.16
52.38812,-1.533324,150.06,14.47,3,30.55,19 / 20,1555829,2019-09-06 18:42:02:511,-0.804,-0.1967,10.5145,0.0331,0.0062,9.8066,-0.0356,0.0209,-0.0461,-21.56,-31.12,0.31,285.91,-82.49,-153.68
52.38812,-1.533324,150.06,14.47,3,30.55,19 / 20,1555929,2019-09-06 18:42:02:611,-1.8496,0.2118,10.0172,-0.0041,0.0109,9.8065,0.0195,-0.02,0.0065,-21.69,-31.06,0.5,287.16,-82.45,-155.04
52.38812,-1.533324,150.06,14.47,3,30.55,19 / 20,1556029,2019-09-06 18:42:02:711,0.4028,-0.0118,9.6033,-0.0062,0.0072,9.8065,0.0945,-0.0103,-0.045,-21.44,-31.81,0.88,285.52,-82.28,-155.61
52.38812,-1.533324,150.06,14.47,3,30.55,19 / 20,1556129,2019-09-06 18:42:02:811,-0.9489,0.3943,9.6724,-0.0059,0.0027,9.8066,0.082,0.0632,-0.0149,-21.44,-31.94,0.69,284.81,-82.35,-156.4
52.38812,-1.533324,150.06,14.47,3,30.55,19 / 20,1556228,2019-09-06 18:42:02:910,0.772,-0.4885,9.5179,0.0075,0.0004,9.8066,-0.154,0.0257,-0.0489,-21.44,-31.25,0.31,281.98,-82.47,-156.93
52.38812,-1.533324,150.06,14.47,3,30.55,19 / 20,1556328,2019-09-06 18:42:03:010,-1.8523,-0.0615,9.3124,0.0046,0.0116,9.8066,-0.0688,-0.0003,-0.0243,-21.62,-31.62,0.25,282.07,-82.63,-157.23
52.389164,-1.532392,150.82,13.74,3,30.46,20 / 21,1556428,2019-09-06 18:42:03:110,-0.4768,-0.2142,9.6826,0.0256,0.0017,9.8066,-0.0951,0.0574,-0.0186,-21.69,-32.25,1.25,284.79,-82.68,-157.3
52.389164,-1.532392,150.82,13.74,3,30.46,20 / 21,1556529,2019-09-06 18:42:03:211,-1.2503,0.8816,10.0654,-0.0021,0.002,9.8066,0.0624,-0.1001,0.0875,-21.44,-31.25,1.94,287.55,-82.82,-157.61
52.389164,-1.532392,150.82,13.74,3,30.46,20 / 21,1556628,2019-09-06 18:42:03:310,0.2713,-1.2495,9.9413,-0.0375,0.0151,9.8065,0.0413,0.0329,-0.0932,-20.87,-31.12,1.25,284.2,-82.87,-158.12
52.389164,-1.532392,150.82,13.74,3,30.46,20 / 21,1556728,2019-09-06 18:42:03:410,0.6315,-0.5675,10.2246,0.0288,-0.0051,9.8066,0.0542,-0.0166,-0.0127,-21.37,-31.25,0.5,283.51,-82.63,-158.42
52.389164,-1.532392,150.82,13.74,3,30.46,20 / 21,1556828,2019-09-06 18:42:03:510,0.5042,-0.4266,10.1426,-0.0071,-0.0048,9.8066,-0.0049,0.0166,0.0527,-21.5,-31.5,0.75,284.39,-82.58,-157.51
52.389164,-1.532392,150.82,13.74,3,30.46,20 / 21,1556929,2019-09-06 18:42:03:611,-0.2762,-0.6115,9.6255,-0.0109,-0.0126,9.8066,-0.0659,-0.0724,0.023,-21.75,-31.87,0.88,286.15,-82.8,-156.19
52.389164,-1.532392,150.82,13.74,3,30.46,20 / 21,1557029,2019-09-06 18:42:03:711,-0.4421,-0.3427,10.2138,-0.0115,-0.0022,9.8066,-0.0061,-0.0351,-0.049,-21.81,-31.56,0.88,286.95,-82.8,-155.42
52.389164,-1.532392,150.82,13.74,3,30.46,20 / 21,1557128,2019-09-06 18:42:03:810,-0.7933,0.6363,9.8464,0.0178,-0.0137,9.8066,0.0453,0.0086,0.0295,-21.62,-31.94,1.44,287.13,-82.79,-155.23
52.389164,-1.532392,150.82,13.74,3,30.46,20 / 21,1557228,2019-09-06 18:42:03:910,0.409,-0.3107,10.2062,0.0294,-0.0068,9.8065,-0.0493,0.0062,0.0506,-22.31,-31.5,1.06,287.55,-82.41,-154.61
52.389164,-1.532392,150.82,13.74,3,30.46,20 / 21,1557329,2019-09-06 18:42:04:011,0.7384,-0.5996,10.179,-0.0077,-0.0104,9.8066,-0.0096,-0.0988,0.0454,-22.81,-31.19,1.25,289.24,-82.2,-153.07
52.389164,-1.532392,150.82,13.74,3,30.46,18 / 21,1557429,2019-09-06 18:42:04:111,0.3822,-0.1398,9.6683,-0.0183,-0.024,9.8066,-0.0983,-0.0815,0.0921,-22.31,-32,1.25,289.7,-82.1,-151.8
52.389164,-1.532392,150.82,13.74,3,30.46,18 / 21,1557529,2019-09-06 18:42:04:211,-1.6116,-1.6916,10.382,-0.0328,-0.0091,9.8065,-0.1774,-0.019,-0.0098,-22.19,-31.5,0.56,293.72,-82.42,-148.84
52.389164,-1.532392,150.82,13.74,3,30.46,18 / 21,1557629,2019-09-06 18:42:04:311,0.2748,-0.059,9.589,-0.043,0.0075,9.8065,0.0524,-0.0063,-0.0637,-22,-31.75,0.56,293.71,-82.71,-148.93
52.389164,-1.532392,150.82,13.74,3,30.46,18 / 21,1557728,2019-09-06 18:42:04:410,-0.0222,-0.0257,9.5161,0.0206,0.0315,9.8065,0.0086,-0.001,-0.0648,-22.06,-31.06,0.44,289.48,-82.86,-150.81
52.389164,-1.532392,150.82,13.74,3,30.46,18 / 21,1557829,2019-09-06 18:42:04:511,-0.5402,1.0173,9.425,0.0112,0.0264,9.8066,0.0022,-0.0032,-0.0006,-21.81,-31.37,0.88,288.09,-82.95,-154.86
52.389164,-1.532392,150.82,13.74,3,30.46,18 / 21,1557928,2019-09-06 18:42:04:610,0.1743,-0.2348,10.739,-0.0292,0.0005,9.8066,-0.0434,-0.0105,-0.007,-22.06,-31.19,0.94,287.9,-83.14,-155.32
52.389164,-1.532392,150.82,13.74,3,30.46,18 / 21,1558028,2019-09-06 18:42:04:710,0.1367,0.2889,10.4413,-0.0291,-0.0143,9.8065,0.1008,-0.1075,0.0467,-22.31,-31.5,1.06,287.93,-83.01,-155.11
52.389164,-1.532392,150.82,13.74,3,30.46,18 / 21,1558128,2019-09-06 18:42:04:810,-1.0711,0.0718,9.9325,0.0065,-0.0092,9.8066,0.0221,0.0064,-0.0038,-21.56,-31.12,1.31,287.65,-82.8,-155.07
52.389164,-1.532392,150.82,13.74,3,30.46,18 / 21,1558228,2019-09-06 18:42:04:910,0.2896,-1.0551,9.6868,-0.0199,-0.0142,9.8065,0.0042,-0.0376,0.0269,-22.37,-31.37,0.81,289.31,-82.79,-153.48
52.389164,-1.532392,150.82,13.74,3,30.46,18 / 21,1558328,2019-09-06 18:42:05:010,-1.0032,0.6995,10.4575,-0.0002,-0.0015,9.8066,-0.0115,0.0849,-0.0435,-21.87,-31.44,0.94,290.33,-82.84,-152.6
52.389164,-1.532392,150.82,13.74,3,30.46,19 / 21,1558429,2019-09-06 18:42:05:111,-1.1221,0.8959,10.6581,-0.0037,0.0157,9.8066,0.0617,0.0775,-0.0551,-22.06,-31.12,0.63,290.01,-82.93,-153.01
52.389164,-1.532392,150.82,13.74,3,30.46,19 / 21,1558528,2019-09-06 18:42:05:210,0.5556,0.0876,9.3186,0.0236,0.0248,9.8065,0.1696,0.0464,-0.0869,-22.62,-31.81,1.56,289.41,-82.74,-155.84
52.389164,-1.532392,150.82,13.74,3,30.46,19 / 21,1558629,2019-09-06 18:42:05:311,-2.6652,-0.5238,10.3213,0.0332,0.002,9.8065,0.0267,0.0419,0.0309,-22,-31.87,1.44,285.72,-82.64,-156.37
52.389164,-1.532392,150.82,13.74,3,30.46,19 / 21,1558729,2019-09-06 18:42:05:411,-0.3215,0.1727,9.4518,0.0217,0.0017,9.8066,-0.1781,-0.0396,0.0373,-22.62,-31.56,1.38,286.89,-82.87,-155.91
52.389164,-1.532392,150.82,13.74,3,30.46,19 / 21,1558828,2019-09-06 18:42:05:510,-1.2599,0.7987,9.2888,0.0233,0.009,9.8066,-0.1585,0.0003,-0.0523,-21.87,-30.94,1.13,286.76,-82.88,-156.03
52.389164,-1.532392,150.82,13.74,3,30.46,19 / 21,1558929,2019-09-06 18:42:05:611,-0.7836,0.142,9.5136,-0.0146,-0.0184,9.8066,-0.0415,0.0206,0.0058,-22.5,-31.62,0.5,288.81,-83.01,-153.97
52.389164,-1.532392,150.82,13.74,3,30.46,19 / 21,1559029,2019-09-06 18:42:05:711,-0.5215,0.4376,9.5459,0.0009,-0.0081,9.8066,-0.0262,-0.0011,0.0607,-22,-31.44,1.06,289.52,-82.93,-153.49
52.389164,-1.532392,150.82,13.74,3,30.46,19 / 21,1559130,2019-09-06 18:42:05:812,-0.0242,-0.0546,9.5316,-0.0042,0.0077,9.8066,-0.04,-0.0215,-0.0333,-22,-31.62,1.5,291.27,-82.89,-154.09
52.389164,-1.532392,150.82,13.74,3,30.46,19 / 21,1559229,2019-09-06 18:42:05:911,-0.5461,0.3279,9.7502,0.0037,0.0022,9.8066,0.0079,-0.0021,-0.0158,-21.94,-31.19,1.13,288.15,-82.89,-154.72
52.389164,-1.532392,150.82,13.74,3,30.46,19 / 21,1559329,2019-09-06 18:42:06:011,-0.786,0.6964,9.7594,-0.0123,-0.0021,9.8066,-0.0221,0.0504,0.0172,-22.06,-31.69,1.81,291.59,-82.98,-153.91
52.389164,-1.532392,150.82,13.74,3,30.46,19 / 20,1559428,2019-09-06 18:42:06:110,0.3557,0.4203,10.2149,0.0113,0.0051,9.8066,-0.0185,-0.0179,-0.0227,-21.87,-31.69,0.75,287.83,-82.97,-154.83
52.389164,-1.532392,150.82,13.74,3,30.46,19 / 20,1559529,2019-09-06 18:42:06:211,0.5198,0.7009,9.6181,0.0065,-0.0076,9.8066,-0.0011,0.0167,-0.0146,-21.75,-31.69,1.25,287.45,-82.92,-155.12
52.389164,-1.532392,150.82,13.74,3,30.46,19 / 20,1559629,2019-09-06 18:42:06:311,-0.7783,-0.1406,10.043,0.001,-0.0102,9.8066,0.0792,0.0425,0.0454,-22.12,-31.44,0.44,285.71,-82.82,-154.35
52.389164,-1.532392,150.82,13.74,3,30.46,19 / 20,1559728,2019-09-06 18:42:06:410,0.7888,-0.6699,10.3067,0.0278,-0.002,9.8065,-0.0655,-0.0009,-0.0313,-22.44,-31.56,0.75,289.59,-82.9,-153.07
52.389164,-1.532392,150.82,13.74,3,30.46,19 / 20,1559828,2019-09-06 18:42:06:510,0.7422,0.2101,9.5261,0.0193,-0.0041,9.8065,-0.0252,-0.0264,-0.0064,-22.37,-31.69,1.06,289.12,-82.74,-153.27
52.389164,-1.532392,150.82,13.74,3,30.46,19 / 20,1559929,2019-09-06 18:42:06:611,0.9915,-0.1104,9.2516,-0.0074,-0.0062,9.8066,-0.0214,-0.0108,0.029,-22.5,-31.31,0.88,289.99,-82.68,-152.68
52.389164,-1.532392,150.82,13.74,3,30.46,19 / 20,1560030,2019-09-06 18:42:06:712,0.5424,-0.0033,9.7658,-0.0441,-0.0035,9.8065,-0.0614,-0.0052,-0.0116,-22.06,-31.37,1.38,291,-82.84,-151.96
52.389164,-1.532392,150.82,13.74,3,30.46,19 / 20,1560129,2019-09-06 18:42:06:811,-1.2804,0.1865,9.9959,0.0043,0.0023,9.8066,-0.0734,0.0188,0.0108,-22.62,-31.75,1.56,294,-82.89,-151.73
52.389164,-1.532392,150.82,13.74,3,30.46,19 / 20,1560229,2019-09-06 18:42:06:911,-0.4136,-0.5139,9.8562,-0.0269,0.0032,9.8066,0.222,0.0001,0.0138,-22.12,-31.5,1.5,294.91,-83.03,-151.18
52.389164,-1.532392,150.82,13.74,3,30.46,19 / 20,1560329,2019-09-06 18:42:07:011,-0.2975,-0.9102,10.5152,0.0167,0.0138,9.8066,0.1517,0.0476,-0.0785,-22.5,-31.31,1.56,294.81,-82.91,-151.11
52.389164,-1.532392,150.82,13.74,3,30.46,19 / 21,1560428,2019-09-06 18:42:07:110,-0.2586,0.3297,9.8681,-0.0115,-0.0015,9.8066,0.174,0.0022,0.005,-22.12,-31.37,1.13,291.3,-82.86,-151.7
52.389164,-1.532392,150.82,13.74,3,30.46,19 / 21,1560529,2019-09-06 18:42:07:211,0.8359,-0.222,9.8294,0.0338,0.0066,9.8065,-0.1366,-0.071,0.0201,-22.12,-31.56,1.25,289.25,-82.67,-153.05
52.389164,-1.532392,150.82,13.74,3,30.46,19 / 21,1560628,2019-09-06 18:42:07:310,0.0154,-0.3748,9.7157,-0.0149,0.004,9.8065,-0.016,-0.0217,0.0279,-21.75,-31.31,1.56,293.29,-82.91,-152.52
52.389164,-1.532392,150.82,13.74,3,30.46,19 / 21,1560729,2019-09-06 18:42:07:411,-0.3046,0.4757,9.5523,-0.0022,-0.0006,9.8066,-0.0394,-0.0004,-0.0255,-21.81,-31.69,0.88,290.98,-83.06,-151.99
52.389164,-1.532392,150.82,13.74,3,30.46,19 / 21,1560829,2019-09-06 18:42:07:511,0.0936,0.3584,9.4471,-0.0215,-0.0065,9.8066,0.0508,-0.0134,0.0524,-22.31,-31.44,1.06,292.55,-83.21,-151.01
52.389164,-1.532392,150.82,13.74,3,30.46,19 / 21,1560929,2019-09-06 18:42:07:611,-0.2036,0.2868,9.9601,0.0242,-0.0183,9.8066,0.0125,-0.0151,-0.0097,-22.62,-31.69,1.25,294.15,-83.05,-149.29
52.389164,-1.532392,150.82,13.74,3,30.46,19 / 21,1561029,2019-09-06 18:42:07:711,0.1139,0.5136,10.2229,-0.0017,-0.0091,9.8066,0.1106,-0.0307,0.0364,-22.44,-30.94,1.31,295.22,-83.02,-148.27
52.389164,-1.532392,150.82,13.74,3,30.46,19 / 21,1561128,2019-09-06 18:42:07:810,0.239,0.0703,10.376,0.0226,0.0067,9.8066,-0.0686,-0.0099,-0.0093,-22.31,-31.25,0.63,294.36,-82.78,-148.73
52.389164,-1.532392,150.82,13.74,3,30.46,19 / 21,1561228,2019-09-06 18:42:07:910,0.9376,0.3761,9.7108,0.029,0.0104,9.8066,-0.0564,0.0546,-0.0244,-22.37,-31.25,0.75,293.41,-82.72,-149.53
52.389164,-1.532392,150.82,13.74,3,30.46,19 / 21,1561330,2019-09-06 18:42:08:012,-0.3085,-0.2071,9.7575,-0.0254,-0.0075,9.8066,-0.0552,-0.01,-0.0051,-22.81,-32.19,0.88,292.72,-82.68,-150.14
52.389164,-1.532392,150.82,13.74,3,30.46,19 / 21,1561428,2019-09-06 18:42:08:110,-0.3219,0.3795,9.7891,-0.0418,-0.0071,9.8065,-0.039,0.0111,0.0355,-22.5,-31.19,1,295.63,-83.03,-147.89
52.389164,-1.532392,150.82,13.74,3,30.46,19 / 21,1561530,2019-09-06 18:42:08:212,-0.5683,0.1519,10.0785,-0.007,-0.0084,9.8066,0.1234,0.0473,-0.0043,-22.19,-31.19,0.19,294.1,-83.05,-146.73
52.389164,-1.532392,150.82,13.74,3,30.46,19 / 21,1561629,2019-09-06 18:42:08:311,0.7367,-0.1064,9.4407,-0.0167,-0.0057,9.8065,0.2386,0.0309,0.046,-22.94,-32.06,1.25,296.48,-82.93,-146.98
52.389164,-1.532392,150.82,13.74,3,30.46,19 / 21,1561729,2019-09-06 18:42:08:411,-0.7003,-0.107,9.8659,0.0184,-0.0033,9.8066,-0.083,-0.0219,0.0363,-23,-31.75,1.25,295.79,-82.68,-147.28
52.389164,-1.532392,150.82,13.74,3,30.46,19 / 21,1561829,2019-09-06 18:42:08:511,0.7422,-0.0427,10.3978,-0.009,-0.0082,9.8065,-0.0498,-0.0288,-0.0248,-22.75,-31.5,1.13,297.43,-82.72,-146.1
52.389164,-1.532392,150.82,13.74,3,30.46,19 / 21,1561928,2019-09-06 18:42:08:610,-0.1342,0.4864,9.9989,0.0142,0.0047,9.8066,0.0272,-0.002,0.0128,-22.25,-31.62,1.56,300.19,-82.79,-145.71
52.389164,-1.532392,150.82,13.74,3,30.46,19 / 21,1562029,2019-09-06 18:42:08:711,-0.5348,0.1768,10.1589,0.004,-0.0046,9.8066,0.0648,0.009,0.0363,-22.37,-31.25,1.38,296.86,-82.68,-146.29
52.389164,-1.532392,150.82,13.74,3,30.46,19 / 21,1562128,2019-09-06 18:42:08:810,-0.0174,0.3739,10.2014,-0.0135,0.0047,9.8066,0.0382,-0.0184,0.0159,-22.81,-31.81,1,296.94,-82.64,-146.17
52.389164,-1.532392,150.82,13.74,3,30.46,19 / 21,1562228,2019-09-06 18:42:08:910,-0.1588,1.3249,9.425,-0.0005,-0.0015,9.8066,-0.0548,0.1006,-0.0964,-22.37,-30.69,0.63,296.38,-82.58,-146.58
52.389164,-1.532392,150.82,13.74,3,30.46,19 / 21,1562329,2019-09-06 18:42:09:011,-0.1909,0.6525,9.9075,-0.0284,-0.0005,9.8065,0.0462,0.0053,-0.0565,-22.62,-31.37,0.75,296.14,-82.68,-147.24
52.389164,-1.532392,150.82,13.74,3,30.46,18 / 20,1562428,2019-09-06 18:42:09:110,0.4086,-0.1997,9.3727,-0.0468,0.0123,9.8065,0.0027,-0.0441,-0.0349,-22.56,-30.37,0.75,296.92,-82.99,-147.2
52.389164,-1.532392,150.82,13.74,3,30.46,18 / 20,1562529,2019-09-06 18:42:09:211,-0.4105,0.7508,10.1739,-0.0244,0.0114,9.8066,0.0853,-0.0352,0.0052,-22.87,-30.94,0.75,295.93,-83.15,-148.04
52.389164,-1.532392,150.82,13.74,3,30.46,18 / 20,1562628,2019-09-06 18:42:09:310,-2.2676,0.1383,9.4053,-0.0188,0.0059,9.8065,0.0164,0.0121,-0.0074,-22.19,-30.94,1.5,297.72,-83.2,-148.8
52.389164,-1.532392,150.82,13.74,3,30.46,18 / 20,1562729,2019-09-06 18:42:09:411,-0.0072,-0.356,9.8944,-0.0578,0.0012,9.8065,0.3076,0.04,0.0363,-22.31,-29.31,2.19,295.94,-83.04,-150.82
52.389164,-1.532392,150.82,13.74,3,30.46,18 / 20,1562828,2019-09-06 18:42:09:510,-0.3686,2.2317,9.3277,-0.0649,-0.0144,9.8064,0.1155,0.075,-0.0815,-22.62,-29.75,1,295.41,-83.44,-149.16
52.389164,-1.532392,150.82,13.74,3,30.46,18 / 20,1562929,2019-09-06 18:42:09:611,1.0853,0.8373,10.5698,0.059,-0.0072,9.8064,-0.0121,-0.0135,-0.0317,-22.37,-29.94,1,294.73,-83.23,-149.28
52.389164,-1.532392,150.82,13.74,3,30.46,18 / 20,1563028,2019-09-06 18:42:09:710,0.5715,0.3419,10.0311,0.0008,-0.0054,9.8066,0.1607,0.0008,0.0274,-22.69,-31.37,0.75,296.82,-83.38,-147.51
52.389164,-1.532392,150.82,13.74,3,30.46,18 / 20,1563129,2019-09-06 18:42:09:811,-0.1751,0.0351,10.0397,0.0249,-0.0065,9.8065,-0.0738,0.0314,0.0261,-22,-30.81,0.44,294.45,-83.36,-146.83
52.389164,-1.532392,150.82,13.74,3,30.46,18 / 20,1563228,2019-09-06 18:42:09:910,0.2185,-0.2286,10.3709,0.0253,0.0029,9.8066,-0.0231,-0.0028,0.0346,-22.94,-30.25,1,297.39,-83.15,-146.96
52.389164,-1.532392,150.82,13.74,3,30.46,18 / 20,1563329,2019-09-06 18:42:10:011,0.1557,0.7769,9.5663,0.0151,0.004,9.8066,-0.0268,0.0665,-0.0128,-22.37,-30.19,0.75,296.7,-83.04,-147.2
52.389164,-1.532392,150.82,13.74,3,30.46,18 / 20,1563429,2019-09-06 18:42:10:111,-0.5964,0.4428,10.0051,0.0097,0.0059,9.8066,0.0017,0.0194,-0.0642,-22.31,-31.12,1.06,296.02,-83.02,-147.51
52.389164,-1.532392,150.82,13.74,3,30.46,18 / 20,1563529,2019-09-06 18:42:10:211,-0.1616,0.014,10.2503,-0.018,0.0023,9.8066,0.0153,-0.0323,-0.022,-22.12,-31.12,0.63,296.76,-83.22,-147.1
52.389164,-1.532392,150.82,13.74,3,30.46,18 / 20,1563628,2019-09-06 18:42:10:310,-1.0243,-0.0614,10.3676,0.0011,0.0068,9.8066,0.0083,-0.0318,0.0343,-22.56,-30.94,0.69,296.45,-83.24,-147.67
52.389164,-1.532392,150.82,13.74,3,30.46,18 / 20,1563729,2019-09-06 18:42:10:411,-0.4259,0.6189,9.9022,0.0009,0.0033,9.8066,0.0327,0.0345,0.0012,-21.75,-30.81,0.44,292.67,-83.15,-148.2
52.389164,-1.532392,150.82,13.74,3,30.46,18 / 20,1563829,2019-09-06 18:42:10:511,0.4357,0.7683,9.7725,0.0031,-0.0042,9.8065,0.0369,-0.0026,0.0391,-22,-31.06,0.56,295.03,-83.06,-148.5
52.389164,-1.532392,150.82,13.74,3,30.46,18 / 20,1563929,2019-09-06 18:42:10:611,-1.0873,-0.8059,9.1972,-0.0128,0.0107,9.8065,-0.023,-0.0642,-0.0219,-22.37,-32.19,0.63,294.37,-83.03,-148.76
52.389164,-1.532392,150.82,13.74,3,30.46,18 / 20,1564029,2019-09-06 18:42:10:711,1.0911,-0.5914,9.772,-0.0335,-0.0027,9.8065,-0.0491,-0.0157,0.0653,-23,-31.31,0.88,294.79,-83.14,-149.09
52.389164,-1.532392,150.82,13.74,3,30.46,18 / 20,1564129,2019-09-06 18:42:10:811,-1.053,0.5193,10.8897,0.0074,-0.0067,9.8066,-0.0044,0.0486,-0.08,-21.81,-31.56,0.81,294.45,-83.24,-148.99
52.389164,-1.532392,150.82,13.74,3,30.46,18 / 20,1564229,2019-09-06 18:42:10:911,-1.4267,0.3157,9.2344,-0.021,0.0282,9.8065,-0.16,-0.0055,-0.083,-21.56,-31.56,0.63,292.42,-83.34,-151.03
52.389164,-1.532392,150.82,13.74,3,30.46,18 / 20,1564329,2019-09-06 18:42:11:011,1.6302,1.2511,9.9056,-0.0364,0.0058,9.8065,0.1437,0.0127,-0.0114,-22,-31.5,1.31,290.27,-83.3,-153.28
52.389164,-1.532392,150.82,13.74,3,30.46,19 / 21,1564428,2019-09-06 18:42:11:110,2.2588,-1.1176,10.6762,-0.0724,-0.0168,9.8063,0.0443,-0.0779,0.028,-21.62,-31.37,0.88,291.85,-83.65,-152.28
52.389164,-1.532392,150.82,13.74,3,30.46,19 / 21,1564529,2019-09-06 18:42:11:211,0.8357,0.3645,10.2017,-0.0028,0.0089,9.8066,0.2022,-0.0346,-0.0095,-21.87,-31.94,1.25,290.63,-83.56,-153.03
52.389164,-1.532392,150.82,13.74,3,30.46,19 / 21,1564629,2019-09-06 18:42:11:311,0.2662,-0.3108,10.4568,-0.0328,0.001,9.8065,0.2286,-0.0234,0.0106,-21.56,-31.31,0.81,290.34,-83.58,-153.61
52.389164,-1.532392,150.82,13.74,3,30.46,19 / 21,1564729,2019-09-06 18:42:11:411,0.254,0.3833,10.2595,0.0492,0.0142,9.8064,-0.0538,0.0022,-0.0507,-22,-31.62,1,286.85,-83.3,-156.25
52.389164,-1.532392,150.82,13.74,3,30.46,19 / 21,1564828,2019-09-06 18:42:11:510,-0.2721,0.4661,10.1326,0.0164,0.0155,9.8065,0.0204,0.005,-0.0543,-20.75,-31.5,0.19,282.95,-83.32,-157.27
52.389164,-1.532392,150.82,13.74,3,30.46,19 / 21,1564929,2019-09-06 18:42:11:611,0.7235,0.2575,9.8904,-0.0044,-0.0011,9.8066,0.0019,0.0249,0.0324,-21.44,-31.75,0.56,285.14,-83.46,-157.79
52.389164,-1.532392,150.82,13.74,3,30.46,19 / 21,1565028,2019-09-06 18:42:11:710,0.0391,-0.6811,9.5238,0.0078,-0.0117,9.8066,-0.123,-0.0056,-0.0022,-21,-31.56,0.5,285.84,-83.45,-157.11
52.389164,-1.532392,150.82,13.74,3,30.46,19 / 21,1565128,2019-09-06 18:42:11:810,1.1236,0.18,10.4171,-0.0001,-0.0085,9.8066,0.0951,-0.0223,0.08,-21.5,-31.5,1,287.91,-83.61,-155.67
52.389164,-1.532392,150.82,13.74,3,30.46,19 / 21,1565229,2019-09-06 18:42:11:911,-0.3529,-0.0415,10.0457,-0.0081,-0.0076,9.8066,0.0535,-0.0231,0.0041,-21,-31.37,0.75,289,-83.59,-154.61
52.389164,-1.532392,150.82,13.74,3,30.46,19 / 21,1565328,2019-09-06 18:42:12:010,0.0105,-0.0038,10.2716,0.0323,0.0137,9.8065,-0.0762,-0.0317,0.0135,-21.94,-31.37,0.75,287.5,-83.28,-155.9
52.39012,-1.531439,151.62,15.04,3,30.14,19 / 21,1565429,2019-09-06 18:42:12:111,0.6581,-0.2579,10.0023,0.0213,0.0085,9.8065,-0.0118,-0.0682,0.0356,-20.94,-32,0.38,283.57,-83.26,-156.26
52.39012,-1.531439,151.62,15.04,3,30.14,19 / 21,1565529,2019-09-06 18:42:12:211,-0.0689,1.2275,9.667,-0.0226,-0.0035,9.8065,-0.0164,-0.0591,0.0432,-21.87,-32.12,1,286.6,-83.16,-156.28
52.39012,-1.531439,151.62,15.04,3,30.14,19 / 21,1565629,2019-09-06 18:42:12:311,0.3184,0.5182,9.6957,-0.0078,-0.0111,9.8066,-0.1076,-0.026,-0.0106,-21.5,-31.62,0.94,288.02,-83.23,-154.69
52.39012,-1.531439,151.62,15.04,3,30.14,19 / 21,1565728,2019-09-06 18:42:12:410,1.4409,-0.5415,10.4466,0.0443,-0.0059,9.8065,0.0229,0.0731,0.0497,-21.75,-31.87,1.69,291.02,-83.14,-154.69
52.39012,-1.531439,151.62,15.04,3,30.14,19 / 21,1565828,2019-09-06 18:42:12:510,0.682,2.686,9.039,0.0233,-0.0071,9.8066,-0.0161,0.1302,-0.0511,-21.87,-31.06,0.44,286.94,-83.21,-153.72
52.39012,-1.531439,151.62,15.04,3,30.14,19 / 21,1565928,2019-09-06 18:42:12:610,-0.968,0.0256,10.0036,-0.0173,-0.0022,9.8066,-0.0448,-0.0531,0.0699,-22.19,-31.5,0.75,290.04,-83.23,-153.42
52.39012,-1.531439,151.62,15.04,3,30.14,19 / 21,1566028,2019-09-06 18:42:12:710,1.3438,1.5744,10.4785,0.0056,-0.0091,9.8066,-0.0724,0.0398,-0.0269,-21.87,-31.31,0.31,287.62,-83.06,-152.85
52.39012,-1.531439,151.62,15.04,3,30.14,19 / 21,1566128,2019-09-06 18:42:12:810,-0.8696,-0.8036,10.054,0.0086,-0.0105,9.8066,0.0574,0.0403,-0.0423,-21.69,-31.44,0.81,289.87,-83,-153.25
52.39012,-1.531439,151.62,15.04,3,30.14,19 / 21,1566229,2019-09-06 18:42:12:911,-1.8301,-0.1933,10.6171,0.0181,0.0023,9.8066,0.0442,0.004,0.0338,-22.19,-31.25,0.63,289.91,-82.87,-153.03
52.39012,-1.531439,151.62,15.04,3,30.14,19 / 21,1566329,2019-09-06 18:42:13:011,0.3302,0.2854,9.5334,0.0154,-0.0022,9.8066,-0.0611,-0.0138,-0.0035,-22.12,-31.5,0.94,289.96,-82.9,-153.03
52.39012,-1.531439,151.62,15.04,3,30.14,19 / 20,1566428,2019-09-06 18:42:13:110,0.8197,0.2918,9.4745,-0.0026,0.0039,9.8065,-0.0475,-0.0094,-0.0041,-21.75,-31.5,0.63,290.06,-82.94,-152.98
52.39012,-1.531439,151.62,15.04,3,30.14,19 / 20,1566529,2019-09-06 18:42:13:211,1.115,-0.271,10.0755,-0.0135,-0.0034,9.8065,0.0545,0.0013,0.0319,-21.94,-31.62,0.19,287.56,-83.02,-152.55
52.39012,-1.531439,151.62,15.04,3,30.14,19 / 20,1566629,2019-09-06 18:42:13:311,-0.2643,0.5592,9.3123,-0.0059,-0.0024,9.8066,0.0146,0.0642,-0.0201,-21.87,-32.06,0.19,287.35,-82.99,-152.7
52.39012,-1.531439,151.62,15.04,3,30.14,19 / 20,1566729,2019-09-06 18:42:13:411,0.6031,0.2912,9.1718,-0.0026,0.0001,9.8066,-0.0143,-0.0393,-0.0557,-21.25,-31.37,1,289.54,-82.98,-153.21
52.39012,-1.531439,151.62,15.04,3,30.14,19 / 20,1566829,2019-09-06 18:42:13:511,0.4619,0.6997,9.9278,-0.0066,0.0025,9.8066,0.0084,-0.0018,-0.0341,-21.81,-31.44,1.06,289.79,-82.99,-153.31
52.39012,-1.531439,151.62,15.04,3,30.14,19 / 20,1566930,2019-09-06 18:42:13:612,-0.5347,-0.1998,9.797,-0.0102,-0.0077,9.8066,0.0347,0.0124,0.0384,-21.37,-31.44,0.88,289.53,-83.11,-153.4
52.39012,-1.531439,151.62,15.04,3,30.14,19 / 20,1567029,2019-09-06 18:42:13:711,-0.8615,0.057,9.8993,-0.0097,-0.0086,9.8066,0.0691,-0.046,-0.0254,-21.81,-31.56,0.19,287.18,-83.09,-153.01
52.39012,-1.531439,151.62,15.04,3,30.14,19 / 20,1567129,2019-09-06 18:42:13:811,0.1435,-0.4363,10.1245,0.0014,0.0108,9.8066,0.1001,-0.0455,0.028,-21.81,-31.62,0.94,289.13,-82.99,-153.62
52.39012,-1.531439,151.62,15.04,3,30.14,19 / 20,1567229,2019-09-06 18:42:13:911,1.1718,0.8762,9.9845,-0.0075,0.0015,9.8066,0.0482,0.0438,0.0071,-21.69,-31.5,0.38,286.36,-82.98,-153.94
52.39012,-1.531439,151.62,15.04,3,30.14,19 / 20,1567329,2019-09-06 18:42:14:011,-1.0862,-0.5619,9.9034,0.001,0.0014,9.8066,-0.074,0.0441,-0.0373,-21.81,-31.81,0.44,286.06,-82.98,-153.92
52.39012,-1.531439,151.62,15.04,3,30.14,19 / 20,1567429,2019-09-06 18:42:14:111,-0.3782,0.2022,9.7471,0.0126,0.0047,9.8066,-0.0236,-0.0279,0.034,-21.81,-31.87,0.5,288.73,-83.02,-154.04
52.39012,-1.531439,151.62,15.04,3,30.14,19 / 20,1567528,2019-09-06 18:42:14:210,-0.593,-0.3171,10.0449,-0.0392,-0.0028,9.8065,0.1188,0.0221,0.0374,-21.69,-31.94,0.25,286.45,-83.18,-153.84
52.39012,-1.531439,151.62,15.04,3,30.14,19 / 20,1567629,2019-09-06 18:42:14:311,0.9327,0.2918,9.6778,-0.0166,-0.0096,9.8066,0.1205,-0.0076,-0.0005,-21.75,-31.69,0.56,288.98,-83.09,-153.92
52.39012,-1.531439,151.62,15.04,3,30.14,19 / 20,1567728,2019-09-06 18:42:14:410,-0.2086,-0.5816,10.7325,0.0031,0.004,9.8066,-0.0592,-0.0346,0.0219,-21.06,-31.56,0.94,288.36,-83.01,-154.04
52.39012,-1.531439,151.62,15.04,3,30.14,19 / 20,1567829,2019-09-06 18:42:14:511,-1.1079,-0.2337,9.9532,-0.0196,-0.0039,9.8065,-0.0529,0.0186,-0.0203,-21.31,-31.81,0.88,288.41,-83.07,-154.1
52.39012,-1.531439,151.62,15.04,3,30.14,19 / 20,1567929,2019-09-06 18:42:14:611,0.2389,0.0438,9.147,0.0104,0.0047,9.8065,0.0772,0.015,0.0131,-21.19,-31.69,0.94,287.34,-82.95,-154.93
52.39012,-1.531439,151.62,15.04,3,30.14,19 / 20,1568029,2019-09-06 18:42:14:711,-0.1717,0.9451,9.144,0.0171,0.0046,9.8065,-0.0203,-0.0255,0.0056,-21,-31.75,0,284.26,-82.87,-155
52.39012,-1.531439,151.62,15.04,3,30.14,19 / 20,1568129,2019-09-06 18:42:14:811,-0.5009,-0.5405,9.9019,-0.0235,-0.007,9.8066,-0.025,-0.0069,-0.0462,-22.12,-31.62,1,288.85,-82.96,-153.86
52.39012,-1.531439,151.62,15.04,3,30.14,19 / 20,1568229,2019-09-06 18:42:14:911,-2.5758,-2.4891,11.9902,-0.0928,-0.0115,9.8061,0.2975,-0.1725,0.2053,-21.5,-31.81,1,289.41,-83.23,-153.39
52.39012,-1.531439,151.62,15.04,3,30.14,19 / 20,1568329,2019-09-06 18:42:15:011,1.3486,-2.6764,10.7743,0.1209,0.0173,9.8058,-0.0466,0.322,-0.109,-21.81,-31.44,1.06,291.28,-83.03,-151.96
52.39012,-1.531439,151.62,15.04,3,30.14,19 / 20,1568428,2019-09-06 18:42:15:110,-1.704,-1.4222,9.265,0.0724,0.0164,9.8063,0.0787,-0.0106,0.1371,-22.56,-31.69,1.56,289.44,-82.58,-155.6
52.39012,-1.531439,151.62,15.04,3,30.14,19 / 20,1568529,2019-09-06 18:42:15:211,0.4496,-0.2104,9.6371,0.0001,0.0089,9.8066,-0.164,-0.0563,0.0302,-21.75,-31.81,0.81,287.39,-82.72,-154.88
52.39012,-1.531439,151.62,15.04,3,30.14,19 / 20,1568628,2019-09-06 18:42:15:310,1.1783,0.1874,9.7108,0.019,0.011,9.8066,-0.0676,0.0034,-0.0293,-22,-31.56,0.75,286.83,-82.74,-155.44
52.39012,-1.531439,151.62,15.04,3,30.14,19 / 20,1568728,2019-09-06 18:42:15:410,-0.13,-0.807,9.7179,-0.01,0.0085,9.8066,-0.0293,-0.0424,0.0248,-21.75,-31.56,0.69,286.66,-82.71,-155.57
52.39012,-1.531439,151.62,15.04,3,30.14,19 / 20,1568829,2019-09-06 18:42:15:511,0.3265,-0.7655,9.3433,-0.0093,-0.0077,9.8065,-0.024,-0.0219,-0.0861,-21.5,-31.5,0.69,286.99,-82.86,-155.44
52.39012,-1.531439,151.62,15.04,3,30.14,19 / 20,1568929,2019-09-06 18:42:15:611,0.6371,0.7765,9.8997,-0.0236,-0.0042,9.8065,0.0728,-0.0014,0.0148,-22,-31.87,0.25,286.52,-82.91,-153.38
52.39012,-1.531439,151.62,15.04,3,30.14,19 / 20,1569029,2019-09-06 18:42:15:711,0.015,-0.7634,10.2357,0.0063,-0.0012,9.8065,0.0787,-0.0341,0.0805,-21.75,-31.31,0.75,289.02,-82.86,-153.85
52.39012,-1.531439,151.62,15.04,3,30.14,19 / 20,1569128,2019-09-06 18:42:15:810,0.5649,0.6229,9.8813,0.0366,0.0035,9.8066,-0.0793,-0.0029,-0.0699,-22.56,-31.87,0.81,287.39,-82.59,-155.03
52.39012,-1.531439,151.62,15.04,3,30.14,19 / 20,1569228,2019-09-06 18:42:15:910,-0.0343,0.0171,9.5867,-0.0086,0.0175,9.8066,-0.0289,0.014,0.0106,-21.94,-31.56,1.06,286.78,-82.75,-155.51
52.39012,-1.531439,151.62,15.04,3,30.14,19 / 20,1569329,2019-09-06 18:42:16:011,-0.8686,-0.2529,10.0132,-0.0088,-0.0001,9.8065,0.0197,-0.0135,-0.0035,-21.44,-31.25,0.88,286.18,-82.83,-156.18
52.39012,-1.531439,151.62,15.04,3,30.14,20 / 21,1569429,2019-09-06 18:42:16:111,0.1939,0.036,10.018,0.0014,-0.007,9.8066,-0.0243,0.0032,-0.0854,-22.12,-31.44,0.81,286.73,-82.84,-156
52.39012,-1.531439,151.62,15.04,3,30.14,20 / 21,1569529,2019-09-06 18:42:16:211,1.2121,1.2247,9.984,0.0233,0.0014,9.8065,-0.0322,-0.0203,0.0829,-21.62,-31.62,0.88,285.91,-82.7,-156.27
52.39012,-1.531439,151.62,15.04,3,30.14,20 / 21,1569629,2019-09-06 18:42:16:311,-0.8126,0.1888,10.1163,0.0271,-0.0065,9.8065,-0.0715,0.0305,-0.0024,-21.69,-31.44,0.81,287.04,-82.6,-155.37
52.39012,-1.531439,151.62,15.04,3,30.14,20 / 21,1569729,2019-09-06 18:42:16:411,0.4484,0.3522,9.3516,-0.0052,-0.0089,9.8066,0.0006,0.0324,-0.0054,-22.06,-31.5,0.75,287.97,-82.62,-154.51
52.39012,-1.531439,151.62,15.04,3,30.14,20 / 21,1569829,2019-09-06 18:42:16:511,-1.3796,-0.6641,10.1923,0.0181,-0.0033,9.8066,-0.1114,-0.0358,0.0206,-22,-31.87,0.75,287.64,-82.55,-154.4
52.39012,-1.531439,151.62,15.04,3,30.14,20 / 21,1569929,2019-09-06 18:42:16:611,0.2724,0.0678,9.6986,0.0103,-0.0016,9.8066,-0.0149,-0.0557,-0.0067,-22.12,-31.94,0.75,288.42,-82.63,-153.78
52.39012,-1.531439,151.62,15.04,3,30.14,20 / 21,1570028,2019-09-06 18:42:16:710,-0.8332,0.7275,10.4664,-0.014,0.0084,9.8066,0.0912,0.0653,-0.0052,-22.12,-31.69,0.5,288.27,-82.7,-154.02
52.39012,-1.531439,151.62,15.04,3,30.14,20 / 21,1570129,2019-09-06 18:42:16:811,-0.5049,1.2178,10.1184,0.0035,-0.0076,9.8066,0.015,-0.0112,-0.0887,-22,-31.75,0.56,287.68,-82.64,-154.49
52.39012,-1.531439,151.62,15.04,3,30.14,20 / 21,1570229,2019-09-06 18:42:16:911,0.1895,-0.2589,9.9762,0.0028,0.0107,9.8066,0.0803,0.0202,0.056,-21.62,-31.12,0.94,287.25,-82.53,-155.07
52.39012,-1.531439,151.62,15.04,3,30.14,20 / 21,1570329,2019-09-06 18:42:17:011,-0.7606,-0.0556,9.7905,0.0003,-0.0011,9.8066,0.0077,0.0184,0.0467,-21.62,-30.94,1.06,286.48,-82.59,-155.89
52.39012,-1.531439,151.62,15.04,3,30.14,19 / 21,1570429,2019-09-06 18:42:17:111,0.7145,0.254,9.7044,-0.0014,-0.0068,9.8066,-0.0075,0.0093,-0.0715,-22.31,-30.81,1.56,289.6,-82.55,-155.5
52.39012,-1.531439,151.62,15.04,3,30.14,19 / 21,1570529,2019-09-06 18:42:17:211,-0.5819,-0.3358,9.7748,-0.0106,0.0062,9.8066,0.0468,-0.0568,0.0328,-22.37,-31.37,1.19,286.45,-82.65,-156
52.39012,-1.531439,151.62,15.04,3,30.14,19 / 21,1570629,2019-09-06 18:42:17:311,-0.1962,-0.3661,9.7554,-0.0028,-0.0123,9.8066,0.0515,0.0464,-0.079,-22.62,-31.12,1.06,287.18,-82.61,-155.57
52.39012,-1.531439,151.62,15.04,3,30.14,19 / 21,1570729,2019-09-06 18:42:17:411,-1.0783,0.4687,9.6842,0.0095,0.0016,9.8066,0.0531,-0.0187,0.0517,-22.12,-31.37,0.94,285.75,-82.56,-156.54
52.39012,-1.531439,151.62,15.04,3,30.14,19 / 21,1570828,2019-09-06 18:42:17:510,0.9205,0.1911,10.0967,-0.0032,0.0025,9.8066,0.0672,-0.0243,0.0324,-22.56,-31.81,0.69,286.12,-82.58,-156.23
52.39012,-1.531439,151.62,15.04,3,30.14,19 / 21,1570928,2019-09-06 18:42:17:610,-0.1836,-0.1786,9.7887,-0.0177,-0.0041,9.8066,0.0064,-0.0336,-0.0017,-23.06,-31.56,0.88,286.2,-82.48,-156.01
52.39012,-1.531439,151.62,15.04,3,30.14,19 / 21,1571028,2019-09-06 18:42:17:710,-0.1218,0.5477,9.3275,-0.0112,-0.0027,9.8065,0.0235,0.0395,-0.058,-22.81,-31.06,0.63,287.2,-82.57,-155.51
52.39012,-1.531439,151.62,15.04,3,30.14,19 / 21,1571129,2019-09-06 18:42:17:811,-0.5434,0.3571,9.8563,-0.003,0.0072,9.8066,-0.0235,-0.0389,-0.0094,-22.5,-30.81,0.5,285.79,-82.66,-156.66
52.39012,-1.531439,151.62,15.04,3,30.14,19 / 21,1571229,2019-09-06 18:42:17:911,-0.5212,0.7246,9.7262,0.0167,0.0121,9.8065,0.048,-0.0583,0.0225,-22.12,-31.5,0,282.24,-82.61,-157.39
52.39012,-1.531439,151.62,15.04,3,30.14,19 / 21,1571329,2019-09-06 18:42:18:011,0.068,0.5624,9.9537,0.0018,-0.0078,9.8066,0.0428,0.007,0.0052,-22.5,-31.31,0.56,283.73,-82.58,-158.51
52.39012,-1.531439,151.62,15.04,3,30.14,20 / 21,1571429,2019-09-06 18:42:18:111,-0.8433,-0.5344,9.8846,-0.007,-0.0019,9.8066,-0.0013,-0.0197,0.0212,-22.31,-31.75,0.69,283.8,-82.5,-157.98
52.39012,-1.531439,151.62,15.04,3,30.14,20 / 21,1571528,2019-09-06 18:42:18:210,-1.2432,0.079,9.9588,0.0258,-0.0034,9.8065,-0.0446,-0.0065,-0.0346,-21.19,-31.94,0.13,280.69,-82.43,-157.74
52.39012,-1.531439,151.62,15.04,3,30.14,20 / 21,1571629,2019-09-06 18:42:18:311,0.8009,0.8808,9.604,0.0007,-0.0011,9.8066,-0.067,-0.0149,0.0466,-21.62,-31.81,0.25,281.83,-82.51,-157.29
52.39012,-1.531439,151.62,15.04,3,30.14,20 / 21,1571728,2019-09-06 18:42:18:410,0.1485,0.5746,9.5318,-0.0044,-0.0034,9.8066,-0.0407,-0.0113,0.0294,-21.62,-32.12,0.13,281.93,-82.5,-157.17
52.39012,-1.531439,151.62,15.04,3,30.14,20 / 21,1571828,2019-09-06 18:42:18:510,-0.3588,0.0881,9.992,0.0003,-0.0024,9.8066,-0.0699,-0.0204,-0.0163,-21.31,-31.75,0.13,281.63,-82.45,-156.86
52.39012,-1.531439,151.62,15.04,3,30.14,20 / 21,1571929,2019-09-06 18:42:18:611,-1.2327,-0.5091,9.8343,-0.0064,-0.0018,9.8066,0.036,0.0272,-0.0186,-21.25,-32.19,0.25,282.07,-82.48,-156.49
52.39012,-1.531439,151.62,15.04,3,30.14,20 / 21,1572029,2019-09-06 18:42:18:711,0.1,0.5038,9.5475,-0.0054,0.0001,9.8066,0.0093,0.0038,0.0323,-21.75,-32.12,0.56,284.87,-82.45,-156.89
52.39012,-1.531439,151.62,15.04,3,30.14,20 / 21,1572128,2019-09-06 18:42:18:810,0.8277,0.0682,9.8259,0.0119,-0.0047,9.8066,0.0321,0.0054,-0.0035,-21.44,-32.12,0.81,284.32,-82.31,-156.8
52.39012,-1.531439,151.62,15.04,3,30.14,20 / 21,1572228,2019-09-06 18:42:18:910,-0.3862,0.1132,9.6106,0.0144,0.0013,9.8066,-0.0336,-0.0059,-0.0058,-21.5,-32.12,1,284.48,-82.33,-156.68
52.39012,-1.531439,151.62,15.04,3,30.14,20 / 21,1572330,2019-09-06 18:42:19:012,-0.9745,-0.866,10.2794,-0.0097,0.0031,9.8066,-0.1139,-0.0997,0.071,-21.56,-31.94,1.13,285.3,-82.38,-156.37
52.39012,-1.531439,151.62,15.04,3,30.14,19 / 21,1572429,2019-09-06 18:42:19:111,-1.0177,0.2298,9.6439,-0.0285,-0.0098,9.8066,0.0392,-0.0398,-0.0771,-21.75,-32,0.94,286.3,-82.54,-155.66
52.39012,-1.531439,151.62,15.04,3,30.14,19 / 21,1572529,2019-09-06 18:42:19:211,0.7556,0.2567,10.5554,0.0198,0.0139,9.8066,0.0311,0.0057,0.0209,-21.69,-32,0.94,284.98,-82.44,-156.77
52.39012,-1.531439,151.62,15.04,3,30.14,19 / 21,1572628,2019-09-06 18:42:19:310,1.3727,0.4098,9.2042,0.0044,0.0094,9.8066,0.0632,0.0188,0.074,-21.56,-31.62,0.75,284.57,-82.48,-157.22
52.39012,-1.531439,151.62,15.04,3,30.14,19 / 21,1572729,2019-09-06 18:42:19:411,0.1284,-0.2995,9.4742,-0.016,-0.0106,9.8065,-0.0731,-0.0058,-0.0548,-21.81,-31.94,0.25,282.31,-82.45,-156.74
52.39012,-1.531439,151.62,15.04,3,30.14,19 / 21,1572830,2019-09-06 18:42:19:512,-0.8274,-0.1916,9.7452,0,0.003,9.8065,0.0757,0.0683,-0.0366,-21,-31.44,1.31,285.06,-82.45,-156.67
52.39012,-1.531439,151.62,15.04,3,30.14,19 / 21,1572928,2019-09-06 18:42:19:610,-0.0975,0.4516,9.6585,-0.011,0.0062,9.8066,0.0002,-0.0894,0.1036,-21.94,-31.94,0.31,282.23,-82.53,-156.93
52.39012,-1.531439,151.62,15.04,3,30.14,19 / 21,1573028,2019-09-06 18:42:19:710,-0.3635,0.0685,10.2143,0.0062,-0.0111,9.8066,-0.0423,0.0094,-0.0392,-22.31,-31.44,0.56,285.81,-82.51,-156.41
52.39012,-1.531439,151.62,15.04,3,30.14,19 / 21,1573129,2019-09-06 18:42:19:811,0.4969,0.2394,9.9209,0.0118,-0.0008,9.8065,0.0156,0.0023,-0.0096,-22.12,-31.37,0.69,285.5,-82.51,-156.71
52.39012,-1.531439,151.62,15.04,3,30.14,19 / 21,1573228,2019-09-06 18:42:19:910,1.0116,0.2095,9.908,-0.0069,0.0033,9.8066,0.0116,-0.0422,0.0085,-22.12,-31.44,1,285.53,-82.55,-156.75
52.39012,-1.531439,151.62,15.04,3,30.14,19 / 21,1573329,2019-09-06 18:42:20:011,-1.4277,-0.7039,9.3898,-0.0047,-0.0012,9.8066,-0.0264,0.024,0.0013,-21.75,-31.31,0.75,285.79,-82.5,-156.42
52.39012,-1.531439,151.62,15.04,3,30.14,20 / 21,1573429,2019-09-06 18:42:20:111,-0.1052,-0.4778,9.9093,-0.0259,-0.0007,9.8066,0.0656,-0.0332,0.0595,-21.81,-32.06,0.31,282.72,-82.62,-156.59
52.39012,-1.531439,151.62,15.04,3,30.14,20 / 21,1573528,2019-09-06 18:42:20:210,0.503,-0.0087,10.0752,-0.0003,0.0064,9.8066,0.0177,0.0218,-0.0317,-22.44,-32,0.69,285.5,-82.54,-156.42
52.39012,-1.531439,151.62,15.04,3,30.14,20 / 21,1573628,2019-09-06 18:42:20:310,-0.9205,-0.9422,9.7076,0.0007,0.0083,9.8066,0.0143,-0.0282,0.0601,-21.62,-31.62,0.88,284.88,-82.58,-157.07
52.39012,-1.531439,151.62,15.04,3,30.14,20 / 21,1573729,2019-09-06 18:42:20:411,-0.1565,0.0734,9.6288,0.0006,-0.0012,9.8066,0.0016,0.0191,-0.0289,-21.62,-31.87,0.88,285.23,-82.55,-156.69
52.39012,-1.531439,151.62,15.04,3,30.14,20 / 21,1573829,2019-09-06 18:42:20:511,0.1689,-0.5915,9.9149,-0.0072,-0.0048,9.8066,-0.0437,0.0395,-0.0156,-21.94,-31.56,1.38,285.27,-82.58,-156.7
52.39012,-1.531439,151.62,15.04,3,30.14,20 / 21,1573929,2019-09-06 18:42:20:611,-0.6982,-0.1492,9.6246,0.0003,-0.0039,9.8066,0.0212,-0.0076,0.0013,-21.94,-31.5,0.44,283.52,-82.56,-156.06
52.39012,-1.531439,151.62,15.04,3,30.14,20 / 21,1574029,2019-09-06 18:42:20:711,-0.1224,-0.4221,10.2335,0.0053,-0.0055,9.8066,0.0025,-0.015,0.0028,-21.94,-31.94,1,286.23,-82.51,-155.68
52.39012,-1.531439,151.62,15.04,3,30.14,20 / 21,1574128,2019-09-06 18:42:20:810,-0.1542,0.1098,10.2073,0.0133,0.0077,9.8065,0.0057,-0.0428,0.0745,-21.87,-32.19,0.94,285.56,-82.44,-156.21
52.39012,-1.531439,151.62,15.04,3,30.14,20 / 21,1574228,2019-09-06 18:42:20:910,-0.9356,0.5192,10.2403,0.0082,-0.0033,9.8066,0.0065,-0.0119,-0.0188,-21.56,-31.69,1.5,288.71,-82.42,-155.82
52.39012,-1.531439,151.62,15.04,3,30.14,20 / 21,1574328,2019-09-06 18:42:21:010,0.09,0.0299,9.6751,-0.0141,0.0035,9.8066,0.0928,-0.0001,0.0321,-22,-31.37,1.25,286.43,-82.41,-155.68
52.391224,-1.530367,152.46,16.21,3,30.2,19 / 21,1574429,2019-09-06 18:42:21:111,0.2619,-0.6147,9.9672,-0.0048,-0.0074,9.8065,-0.0604,0.046,-0.0572,-22.06,-32.25,1.06,286.35,-82.36,-155.35
52.391224,-1.530367,152.46,16.21,3,30.2,19 / 21,1574529,2019-09-06 18:42:21:211,-1.3374,-0.2087,9.2804,-0.0067,0.0091,9.8066,-0.0262,-0.0289,0.0671,-22,-31.37,0.69,287.36,-82.34,-154.7
52.391224,-1.530367,152.46,16.21,3,30.2,19 / 21,1574629,2019-09-06 18:42:21:311,-0.5999,-0.4883,9.4627,0.0193,-0.0132,9.8066,-0.084,0.0515,-0.049,-22.12,-31.69,0.5,287.32,-82.3,-154.34
52.391224,-1.530367,152.46,16.21,3,30.2,19 / 21,1574729,2019-09-06 18:42:21:411,0.4858,-0.4121,9.6978,-0.0058,0.003,9.8066,-0.0033,0.0062,0.0217,-21.81,-31.19,0.94,288.06,-82.38,-154.08
52.391224,-1.530367,152.46,16.21,3,30.2,19 / 21,1574828,2019-09-06 18:42:21:510,-0.1569,0.0945,10.1759,0.0094,-0.005,9.8066,-0.0027,-0.0044,-0.0586,-22.37,-31.62,0.38,285.06,-82.39,-154.01
52.391224,-1.530367,152.46,16.21,3,30.2,19 / 21,1574928,2019-09-06 18:42:21:610,0.4349,-0.3638,9.7746,0.006,-0.0012,9.8066,0.0439,0.0112,-0.0076,-21.69,-32.12,1.19,288.28,-82.36,-153.51
52.391224,-1.530367,152.46,16.21,3,30.2,19 / 21,1575029,2019-09-06 18:42:21:711,0.8092,-0.0608,9.2867,-0.0173,-0.0013,9.8066,0.1017,-0.0144,0.0544,-21.81,-31.81,0.56,288.48,-82.46,-153.46
52.391224,-1.530367,152.46,16.21,3,30.2,19 / 21,1575128,2019-09-06 18:42:21:810,0.4499,-0.0358,9.833,0.0104,0.0051,9.8066,-0.0598,-0.0039,0.0029,-21.87,-31.62,1.13,288.79,-82.38,-153.06
52.391224,-1.530367,152.46,16.21,3,30.2,19 / 21,1575228,2019-09-06 18:42:21:910,-0.085,-0.8181,9.7177,-0.0097,-0.0062,9.8065,-0.005,0.0073,-0.0191,-22.12,-31.81,0.88,288.79,-82.44,-153.14
52.391224,-1.530367,152.46,16.21,3,30.2,19 / 21,1575329,2019-09-06 18:42:22:011,-0.3556,0.6913,9.8405,-0.0078,0.0015,9.8065,0.0368,-0.0384,0.0852,-22.19,-31.5,0.88,289.35,-82.43,-152.93
52.391224,-1.530367,152.46,16.21,3,30.2,19 / 21,1575429,2019-09-06 18:42:22:111,0.4451,-0.2624,9.5613,0.0069,-0.0132,9.8065,-0.0083,0.007,0.0013,-22.44,-31.5,1.44,289.97,-82.29,-152.15
52.391224,-1.530367,152.46,16.21,3,30.2,19 / 21,1575529,2019-09-06 18:42:22:211,-0.0256,0.5099,9.8229,-0.005,-0.01,9.8066,-0.0391,0.0357,-0.0291,-22.31,-31.44,0.56,290.85,-82.25,-151.27
52.391224,-1.530367,152.46,16.21,3,30.2,19 / 21,1575628,2019-09-06 18:42:22:310,-0.596,-0.743,9.7774,-0.0204,0.0014,9.8066,0.0132,-0.0377,0.0346,-22.19,-31.5,0.81,291.44,-82.38,-150.91
52.391224,-1.530367,152.46,16.21,3,30.2,19 / 21,1575729,2019-09-06 18:42:22:411,-0.336,-0.1478,9.873,0.0101,0.0049,9.8066,-0.0217,-0.0198,-0.0447,-21.94,-31.31,0.5,291.48,-82.47,-150.99
52.391224,-1.530367,152.46,16.21,3,30.2,19 / 21,1575829,2019-09-06 18:42:22:511,-0.6662,-0.4507,10.0727,0.007,0.0093,9.8066,0.032,-0.0048,-0.0071,-22,-31.19,0.94,290.42,-82.43,-151.93
52.391224,-1.530367,152.46,16.21,3,30.2,19 / 21,1575929,2019-09-06 18:42:22:611,-1.0903,-0.156,10.5096,0.0132,-0.0022,9.8066,0.0347,-0.0131,-0.0025,-22.12,-31.31,0.88,289.32,-82.32,-152.81
52.391224,-1.530367,152.46,16.21,3,30.2,19 / 21,1576029,2019-09-06 18:42:22:711,0.7273,0.469,9.9571,-0.0336,-0.0011,9.8065,0.1066,-0.0059,-0.0186,-21.25,-31.56,1,289.26,-82.47,-152.38
52.391224,-1.530367,152.46,16.21,3,30.2,19 / 21,1576129,2019-09-06 18:42:22:811,-0.6529,-0.2443,10.1928,0.0095,-0.0007,9.8066,-0.0781,0.0322,0.0121,-22.56,-31.75,0.94,290.59,-82.44,-151.8
52.391224,-1.530367,152.46,16.21,3,30.2,19 / 21,1576229,2019-09-06 18:42:22:911,-0.0789,0.5342,9.7735,0.0197,-0.0069,9.8066,-0.0686,0.0123,-0.0207,-21.87,-31.5,0.31,288.64,-82.48,-151.07
52.391224,-1.530367,152.46,16.21,3,30.2,19 / 21,1576329,2019-09-06 18:42:23:011,-0.8351,-1.2053,9.7726,-0.0023,-0.0023,9.8066,-0.0737,-0.0784,0.0789,-22.06,-31.56,0.38,288.64,-82.48,-150.73
52.391224,-1.530367,152.46,16.21,3,30.2,18 / 19,1576428,2019-09-06 18:42:23:110,-1.3557,-0.1359,10.1161,0.0232,-0.006,9.8065,-0.1104,0.0307,-0.0586,-22.44,-31.94,0.94,291.97,-82.42,-150.14
52.391224,-1.530367,152.46,16.21,3,30.2,18 / 19,1576529,2019-09-06 18:42:23:211,-0.6816,0.3986,9.7115,0.0055,0.0035,9.8066,0.0234,-0.0552,0.035,-22.56,-31.87,1.31,292.32,-82.57,-150.36
52.391224,-1.530367,152.46,16.21,3,30.2,18 / 19,1576628,2019-09-06 18:42:23:310,-0.2607,0.2955,9.4461,0.0021,0.0033,9.8066,-0.0052,0.0232,-0.0664,-22.25,-31.31,0.94,292.41,-82.57,-150.26
52.391224,-1.530367,152.46,16.21,3,30.2,18 / 19,1576729,2019-09-06 18:42:23:411,-0.6504,0.2612,9.9421,0.0052,0.0057,9.8066,0.0057,0.0091,-0.026,-22.5,-32,0.44,288.55,-82.71,-151.15
52.391224,-1.530367,152.46,16.21,3,30.2,18 / 19,1576829,2019-09-06 18:42:23:511,-0.2354,-0.3502,9.67,0.0084,0.0071,9.8066,0.06,0.0393,-0.0441,-21.94,-31.62,1.06,290.79,-82.7,-151.65
52.391224,-1.530367,152.46,16.21,3,30.2,18 / 19,1576928,2019-09-06 18:42:23:610,-0.7149,-0.6389,9.9092,-0.0178,0.0082,9.8065,0.0372,-0.043,0.0493,-22.06,-31.5,0.94,290.31,-82.75,-152.49
52.391224,-1.530367,152.46,16.21,3,30.2,18 / 19,1577029,2019-09-06 18:42:23:711,-0.0305,0.0298,10.1721,-0.0118,-0.004,9.8065,0.028,0.0001,-0.0223,-21.44,-31.44,0.44,286.91,-82.84,-152.75
52.391224,-1.530367,152.46,16.21,3,30.2,18 / 19,1577129,2019-09-06 18:42:23:811,-1.0073,-0.5236,10.4041,-0.0034,0.0005,9.8066,0.0581,0.0334,-0.0369,-22.62,-31.19,0.38,287.34,-82.88,-153.29
52.391224,-1.530367,152.46,16.21,3,30.2,18 / 19,1577229,2019-09-06 18:42:23:911,-0.3203,-0.079,10.0808,-0.0046,0.0051,9.8066,0.0861,-0.0237,0.0273,-22.44,-30.81,1.25,289.22,-82.92,-153.76
52.391224,-1.530367,152.46,16.21,3,30.2,18 / 19,1577328,2019-09-06 18:42:24:010,0.3165,0.5016,9.744,-0.0013,0.0073,9.8066,-0.0074,-0.0736,0.0089,-22.37,-31.5,1.25,289.02,-82.92,-153.95
52.391224,-1.530367,152.46,16.21,3,30.2,19 / 21,1577429,2019-09-06 18:42:24:111,-0.5545,0.6462,9.7388,-0.0052,0.0024,9.8066,0.0223,0.0416,-0.0419,-22.12,-31.62,1.06,288.96,-82.97,-153.76
52.391224,-1.530367,152.46,16.21,3,30.2,19 / 21,1577528,2019-09-06 18:42:24:210,-0.9884,0.3191,9.9857,0.0007,-0.0037,9.8066,-0.083,0.0286,0.0338,-22.31,-31.06,1.44,288.9,-82.99,-154.16
52.391224,-1.530367,152.46,16.21,3,30.2,19 / 21,1577629,2019-09-06 18:42:24:311,-0.7525,-0.3745,9.8906,0.0008,-0.0064,9.8066,-0.0873,-0.0035,0.0197,-22.25,-31.69,0.75,289.09,-82.95,-153.61
52.391224,-1.530367,152.46,16.21,3,30.2,19 / 21,1577729,2019-09-06 18:42:24:411,-1.7913,-0.0409,9.928,-0.0199,-0.0072,9.8066,0.0753,-0.046,0.0141,-22.44,-31.69,0.63,290.48,-83.08,-152.48
52.391224,-1.530367,152.46,16.21,3,30.2,19 / 21,1577829,2019-09-06 18:42:24:511,-0.8155,0.253,9.7229,-0.0057,-0.0007,9.8065,-0.0105,0.0283,-0.0352,-22.37,-31.37,1.31,291.06,-83.07,-152.22
52.391224,-1.530367,152.46,16.21,3,30.2,19 / 21,1577928,2019-09-06 18:42:24:610,-1.2846,0.2073,10.0685,0.0095,-0.0008,9.8066,0.0261,-0.0031,-0.0223,-22.31,-31.31,0.81,290.77,-83.11,-152.55
52.391224,-1.530367,152.46,16.21,3,30.2,19 / 21,1578028,2019-09-06 18:42:24:710,-0.0401,-0.1896,9.5926,-0.016,0.0032,9.8065,0.0549,-0.0134,0.0054,-22.37,-31.81,0.25,287.69,-83.15,-152.62
52.391224,-1.530367,152.46,16.21,3,30.2,19 / 21,1578129,2019-09-06 18:42:24:811,-1.5855,-0.0335,10.3542,-0.002,0.0019,9.8066,-0.0277,-0.0204,-0.0062,-22.06,-31,-0.25,287.72,-83.14,-152.88
52.391224,-1.530367,152.46,16.21,3,30.2,19 / 21,1578228,2019-09-06 18:42:24:910,-0.3105,0.3191,9.0571,-0.0243,-0.0047,9.8066,0.1289,0.0547,-0.0405,-21.75,-31.25,0.25,287.99,-83.21,-152.72
52.391224,-1.530367,152.46,16.21,3,30.2,19 / 21,1578329,2019-09-06 18:42:25:011,-0.5295,-0.7308,9.3634,-0.0107,0.0012,9.8066,0.0038,-0.025,0.0135,-22.37,-31.81,0.19,287.03,-83.23,-153.36
52.391224,-1.530367,152.46,16.21,3,30.2,18 / 21,1578428,2019-09-06 18:42:25:110,-1.4875,-0.5125,10.4844,0.0091,0.0035,9.8066,-0.0015,0.0046,-0.0287,-21.94,-31.44,0,287.19,-83.2,-153.46
52.391224,-1.530367,152.46,16.21,3,30.2,18 / 21,1578529,2019-09-06 18:42:25:211,-0.3984,0.1356,9.8222,0.0217,0.0068,9.8065,-0.066,0,0.0121,-22.06,-31.56,-0.06,287.11,-83.35,-153.46
52.391224,-1.530367,152.46,16.21,3,30.2,18 / 21,1578629,2019-09-06 18:42:25:311,-1.4889,-0.0562,10.1706,0.0064,0.0042,9.8066,-0.0482,0.0018,-0.0096,-21.62,-31.12,0.5,289.9,-83.37,-153.74
52.391224,-1.530367,152.46,16.21,3,30.2,18 / 21,1578729,2019-09-06 18:42:25:411,-0.1452,0.2185,9.1782,0.0056,0.0005,9.8066,-0.0074,0.0715,-0.0162,-21.62,-31.81,0.94,289.87,-83.41,-153.54
52.391224,-1.530367,152.46,16.21,3,30.2,18 / 21,1578828,2019-09-06 18:42:25:510,0.3955,-0.1577,8.9481,-0.0085,-0.0014,9.8066,-0.0057,0.0005,0.0355,-21.87,-31.19,0.13,287.69,-83.54,-153.47
52.391224,-1.530367,152.46,16.21,3,30.2,18 / 21,1578929,2019-09-06 18:42:25:611,-0.1044,0.5896,9.6596,-0.0123,0.0003,9.8066,-0.0453,0.0264,-0.0676,-21.69,-31.5,0,288.5,-83.67,-152.87
52.391224,-1.530367,152.46,16.21,3,30.2,18 / 21,1579028,2019-09-06 18:42:25:710,-0.4214,-0.2883,10.0047,-0.0104,0.0093,9.8066,0.0232,-0.0533,0.0189,-21.87,-32,0.63,290.64,-83.89,-153.49
52.391224,-1.530367,152.46,16.21,3,30.2,18 / 21,1579129,2019-09-06 18:42:25:811,-0.659,0.0676,9.5297,0.0112,0.0135,9.8066,0.0227,-0.0511,0.0132,-21.81,-31.81,0,286.46,-83.84,-154.79
52.391224,-1.530367,152.46,16.21,3,30.2,18 / 21,1579228,2019-09-06 18:42:25:910,-0.5814,0.57,9.7256,0.0206,0.0046,9.8066,-0.0238,0.0413,-0.0456,-21.56,-31.31,0.44,286.14,-83.79,-155.31
52.391224,-1.530367,152.46,16.21,3,30.2,18 / 21,1579328,2019-09-06 18:42:26:010,-0.642,-0.2381,9.6306,-0.0046,-0.0024,9.8066,0.0023,-0.0035,-0.0007,-21.37,-31.31,-0.19,285.43,-83.78,-155.56
52.391224,-1.530367,152.46,16.21,3,30.2,18 / 19,1579428,2019-09-06 18:42:26:110,-0.5715,-0.5623,9.8651,-0.005,-0.0039,9.8066,0.0194,-0.0039,0.0107,-21.62,-31.19,0,286.01,-83.78,-155.41
52.391224,-1.530367,152.46,16.21,3,30.2,18 / 19,1579529,2019-09-06 18:42:26:211,-0.4712,0.2541,10.1423,0.0034,0.0002,9.8066,-0.0173,-0.0676,0.0661,-21.94,-31.56,0.13,286.45,-83.81,-154.75
52.391224,-1.530367,152.46,16.21,3,30.2,18 / 19,1579629,2019-09-06 18:42:26:311,-0.8398,0.3488,10.3554,-0.0113,-0.014,9.8065,0.0309,0.0635,-0.0527,-21.87,-31.31,0.5,290.88,-83.78,-153.38
52.391224,-1.530367,152.46,16.21,3,30.2,18 / 19,1579729,2019-09-06 18:42:26:411,-0.9128,0.1214,9.7827,0.0194,-0.0013,9.8066,-0.0904,0.0365,0.0186,-22,-31.56,-0.44,287.57,-83.75,-153.61
52.391224,-1.530367,152.46,16.21,3,30.2,18 / 19,1579828,2019-09-06 18:42:26:510,-1.7214,-0.2062,10.2097,0.0138,0.0001,9.8066,-0.0353,0.0259,0.0402,-21.37,-31.5,0,288.21,-83.79,-152.92
52.391224,-1.530367,152.46,16.21,3,30.2,18 / 19,1579929,2019-09-06 18:42:26:611,-0.7015,-0.2743,9.7121,-0.0188,-0.0072,9.8066,-0.0145,-0.0029,0.0075,-21.62,-31.19,-0.19,289.07,-83.8,-152.5
52.391224,-1.530367,152.46,16.21,3,30.2,18 / 19,1580029,2019-09-06 18:42:26:711,-1.0713,-0.4832,9.867,0.004,-0.0007,9.8065,-0.0111,0.0009,0.0092,-22.19,-31.25,0,289.69,-83.82,-151.94
52.391224,-1.530367,152.46,16.21,3,30.2,18 / 19,1580130,2019-09-06 18:42:26:812,0.0339,0.3429,10.0069,-0.0257,-0.0043,9.8066,0.1366,-0.0079,0.0149,-22.19,-31.5,0.63,293.24,-83.85,-151.24
52.391224,-1.530367,152.46,16.21,3,30.2,18 / 19,1580228,2019-09-06 18:42:26:910,0.5025,-0.5956,9.2935,-0.0247,-0.0007,9.8066,0.0555,-0.0593,0.0264,-21.69,-30.94,-0.19,290.49,-83.8,-151.16
52.391224,-1.530367,152.46,16.21,3,30.2,18 / 19,1580329,2019-09-06 18:42:27:011,-0.2953,-0.4204,9.4268,-0.0167,0.0009,9.8065,-0.017,-0.0317,0.0162,-21.81,-31.31,0,291.4,-83.94,-150.48
52.391224,-1.530367,152.46,16.21,3,30.2,19 / 21,1580428,2019-09-06 18:42:27:110,-1.0804,0.472,9.359,0.02,0.0018,9.8065,-0.0537,0.0079,0.0191,-21.94,-31.5,-0.19,291.44,-83.92,-150.42
52.391224,-1.530367,152.46,16.21,3,30.2,19 / 21,1580529,2019-09-06 18:42:27:211,-1.0119,0.139,9.2773,0.0072,0.0008,9.8066,-0.0301,0.0024,0.0028,-21.75,-31.25,0.25,291.74,-84.02,-150.28
52.391224,-1.530367,152.46,16.21,3,30.2,19 / 21,1580629,2019-09-06 18:42:27:311,-1.1781,0.4705,9.7102,0.003,-0.0003,9.8066,-0.0832,0.0336,-0.0423,-21.31,-31.06,0.13,291.08,-84,-150.49
52.391224,-1.530367,152.46,16.21,3,30.2,19 / 21,1580728,2019-09-06 18:42:27:410,-0.0271,0.4267,9.9006,-0.0051,0.0022,9.8066,-0.0822,-0.0228,0.0219,-21.75,-31,-0.06,291.42,-84.05,-150.62
52.391224,-1.530367,152.46,16.21,3,30.2,19 / 21,1580828,2019-09-06 18:42:27:510,-1.5281,0.5203,9.6883,0.0143,0.005,9.8066,-0.0524,0.0397,-0.0017,-21.56,-31.37,-0.81,288.55,-84.05,-150.76
52.391224,-1.530367,152.46,16.21,3,30.2,19 / 21,1580929,2019-09-06 18:42:27:611,0.3206,0.1716,9.929,-0.0141,-0.0095,9.8066,0.0539,-0.0234,-0.0063,-20.87,-31.12,-0.19,291.1,-84.02,-150.51
52.391224,-1.530367,152.46,16.21,3,30.2,19 / 21,1581029,2019-09-06 18:42:27:711,-1.1728,0.0831,9.6945,-0.0397,-0.0084,9.8065,0.0827,0.0156,-0.01,-21.62,-31.56,0.06,291.91,-84.05,-149.91
52.391224,-1.530367,152.46,16.21,3,30.2,19 / 21,1581128,2019-09-06 18:42:27:810,-0.0932,-0.055,10.4166,-0.0102,-0.0038,9.8066,0.0314,0.0314,0.009,-21.69,-31.31,0.06,291.75,-84.02,-150.26
52.391224,-1.530367,152.46,16.21,3,30.2,19 / 21,1581229,2019-09-06 18:42:27:911,-1.909,0.2381,10.2206,0.0198,-0.0054,9.8065,-0.1732,0.0581,0.0061,-21.56,-31.31,0.25,291.38,-83.95,-150.52
52.391224,-1.530367,152.46,16.21,3,30.2,19 / 21,1581328,2019-09-06 18:42:28:010,-0.2151,-1.0009,10.5741,-0.0136,-0.0052,9.8065,0.1067,0.0935,-0.0981,-21.75,-31.56,-0.06,291.12,-83.97,-150.54
52.391224,-1.530367,152.46,16.21,3,30.2,19 / 20,1581428,2019-09-06 18:42:28:110,1.3733,-0.2557,9.1242,-0.0314,0.001,9.8066,0.0192,-0.1239,0.0784,-22.19,-31.06,0.38,291.72,-84.15,-150.48
52.391224,-1.530367,152.46,16.21,3,30.2,19 / 20,1581529,2019-09-06 18:42:28:211,1.093,0.7287,8.9712,-0.0035,-0.0005,9.8066,0.0627,-0.0202,0.0168,-22.62,-31.12,0.44,292.85,-84.05,-149.61
52.391224,-1.530367,152.46,16.21,3,30.2,19 / 20,1581629,2019-09-06 18:42:28:311,-0.8586,-0.2476,10.0923,0.0259,-0.0039,9.8066,-0.0148,0.0133,0.0293,-21.69,-30.44,-0.44,292.61,-83.92,-149.57
52.391224,-1.530367,152.46,16.21,3,30.2,19 / 20,1581729,2019-09-06 18:42:28:411,-0.6339,0.0113,10.0527,-0.0259,-0.0259,9.8065,-0.0098,0.0563,-0.0158,-21.25,-31.56,-0.37,291.51,-83.81,-149.53
52.391224,-1.530367,152.46,16.21,3,30.2,19 / 20,1581829,2019-09-06 18:42:28:511,0.3033,-0.7255,9.9114,-0.0019,-0.0057,9.8065,0.1071,-0.0356,0.036,-21.94,-31.31,0.06,294.31,-83.84,-147.61
52.391224,-1.530367,152.46,16.21,3,30.2,19 / 20,1581929,2019-09-06 18:42:28:611,-0.2794,0.2205,10.4137,-0.0009,0,9.8066,0.0651,-0.0013,-0.0121,-22.19,-31.25,-0.12,294.65,-83.73,-147.13
52.391224,-1.530367,152.46,16.21,3,30.2,19 / 20,1582029,2019-09-06 18:42:28:711,-0.8527,0.0351,9.2629,-0.0041,-0.0008,9.8066,-0.0395,-0.0119,0.0097,-21.94,-31.5,-0.12,294.63,-83.71,-147.13
52.391224,-1.530367,152.46,16.21,3,30.2,19 / 20,1582129,2019-09-06 18:42:28:811,-0.7138,-0.046,9.8575,-0.0115,0.0082,9.8065,0.0319,0.0176,0.0022,-21.37,-30.94,0,294.65,-83.91,-147.01
52.391224,-1.530367,152.46,16.21,3,30.2,19 / 20,1582229,2019-09-06 18:42:28:911,-0.1112,0.5901,9.7197,0.0017,0.0041,9.8066,0.0972,0.0092,-0.0128,-22.31,-31.19,-0.25,294.22,-83.91,-147.79
52.391224,-1.530367,152.46,16.21,3,30.2,19 / 20,1582329,2019-09-06 18:42:29:011,-0.2402,0.4302,9.9327,-0.0056,-0.0045,9.8066,-0.0275,0.0027,-0.0212,-22.19,-31.06,-0.44,293.97,-83.88,-147.98
52.391224,-1.530367,152.46,16.21,3,30.2,20 / 21,1582429,2019-09-06 18:42:29:111,-0.1199,0.5097,9.3358,-0.0096,-0.0013,9.8066,0.0009,0.037,-0.0067,-21.75,-31.12,-0.31,295.12,-83.97,-147.02
52.391224,-1.530367,152.46,16.21,3,30.2,20 / 21,1582529,2019-09-06 18:42:29:211,-1.4843,-0.7143,10.1679,-0.0084,-0.0162,9.8066,0.0856,0.0296,-0.001,-21.75,-32.06,-0.06,295.93,-83.95,-145.99
52.391224,-1.530367,152.46,16.21,3,30.2,20 / 21,1582628,2019-09-06 18:42:29:310,-0.1917,0.0327,9.7592,-0.0231,-0.0022,9.8066,0.0358,-0.0106,0.0101,-22.12,-30.62,0.25,296.61,-84,-145.66
52.391224,-1.530367,152.46,16.21,3,30.2,20 / 21,1582729,2019-09-06 18:42:29:411,-0.7053,0.164,9.6778,-0.0046,-0.004,9.8066,0.0474,0.0111,-0.0025,-21.87,-31.25,-0.31,298.24,-84.03,-144.18
52.391224,-1.530367,152.46,16.21,3,30.2,20 / 21,1582829,2019-09-06 18:42:29:511,-0.3332,-0.0385,10.2359,0.0074,-0.0007,9.8066,0.0296,-0.0085,0.0264,-22.44,-31.25,0.06,297.86,-83.95,-144.44
52.391224,-1.530367,152.46,16.21,3,30.2,20 / 21,1582928,2019-09-06 18:42:29:610,-0.5983,-0.1026,10.2837,0.0035,-0.0061,9.8066,-0.0165,-0.0097,0.0003,-22,-31.37,-0.56,294.72,-83.86,-144.65
52.391224,-1.530367,152.46,16.21,3,30.2,20 / 21,1583029,2019-09-06 18:42:29:711,0.2499,-0.1614,9.9194,-0.0057,-0.0007,9.8066,0.0143,0.0061,-0.0056,-22.25,-31.56,0.06,298.66,-83.91,-143.4
52.391224,-1.530367,152.46,16.21,3,30.2,20 / 21,1583129,2019-09-06 18:42:29:811,-0.3598,0.2037,10.4675,0.0279,0.0026,9.8066,0.0695,0.032,0.0088,-22.19,-31.62,0.13,297.89,-83.78,-143.92
52.391224,-1.530367,152.46,16.21,3,30.2,20 / 21,1583228,2019-09-06 18:42:29:910,0.4845,-0.0077,10.0323,0.01,0.0055,9.8065,-0.0027,-0.012,0.0216,-21.81,-30.87,-0.44,297.55,-83.74,-144.44
52.391224,-1.530367,152.46,16.21,3,30.2,20 / 21,1583328,2019-09-06 18:42:30:010,0.4055,0.3616,9.3444,-0.0268,-0.0018,9.8066,0.1193,0.026,0.0147,-22.06,-31.62,-0.62,296.04,-83.92,-143.24
52.39226,-1.529365,154.89,13.45,3,30.11,18 / 20,1583429,2019-09-06 18:42:30:111,0.0037,0.1777,9.4109,-0.0024,0.0046,9.8066,0.0337,0.0011,-0.0131,-22.06,-31.37,-0.37,298.38,-83.78,-143.73
52.39226,-1.529365,154.89,13.45,3,30.11,18 / 20,1583528,2019-09-06 18:42:30:210,-0.2819,0.2327,9.8401,0.0073,0.0059,9.8066,-0.0534,-0.0114,-0.0147,-21.94,-31.25,-0.19,297.38,-83.77,-144.64
52.39226,-1.529365,154.89,13.45,3,30.11,18 / 20,1583629,2019-09-06 18:42:30:311,-0.2029,-0.1246,10.0296,-0.008,-0.0008,9.8066,-0.0047,0.0186,0.0071,-22,-31.19,-0.81,295.77,-83.92,-143.75
52.39226,-1.529365,154.89,13.45,3,30.11,18 / 20,1583728,2019-09-06 18:42:30:410,-0.7362,-0.1687,10.4242,0.019,-0.0015,9.8065,-0.0561,0.0025,-0.0193,-22.06,-31.81,0,298.02,-83.88,-143.93
52.39226,-1.529365,154.89,13.45,3,30.11,18 / 20,1583828,2019-09-06 18:42:30:510,0.4303,-0.2995,9.9323,0.0104,0.0045,9.8066,0.0205,0.0209,-0.0144,-22.25,-31.19,0,298.7,-83.9,-143.58
52.39226,-1.529365,154.89,13.45,3,30.11,18 / 20,1583930,2019-09-06 18:42:30:612,-0.5412,-0.4158,10.0762,-0.0105,-0.0016,9.8066,0.0625,0.0259,0.0402,-22.19,-31.5,-0.19,298.8,-83.99,-143.6
52.39226,-1.529365,154.89,13.45,3,30.11,18 / 20,1584029,2019-09-06 18:42:30:711,-0.4452,-0.1399,9.7591,-0.0069,-0.0032,9.8066,-0.0078,-0.0126,0.0125,-21.81,-31.31,-0.44,299.05,-84.02,-143.42
52.39226,-1.529365,154.89,13.45,3,30.11,18 / 20,1584128,2019-09-06 18:42:30:810,-1.1887,0.0725,10.3347,0.0002,0.0014,9.8066,0.0177,0.0197,-0.0633,-22.5,-31,0.13,299.13,-84.04,-143.36
52.39226,-1.529365,154.89,13.45,3,30.11,18 / 20,1584228,2019-09-06 18:42:30:910,-0.0433,0.0686,10.3768,0.0189,0.0061,9.8065,0.0025,0.0145,0.001,-21.75,-31.37,-0.56,296.42,-84.2,-143.51
52.39226,-1.529365,154.89,13.45,3,30.11,18 / 20,1584329,2019-09-06 18:42:31:011,0.6189,-0.0865,9.6212,0.0224,0.0075,9.8065,0.057,-0.0063,-0.0239,-21.62,-31.69,0.13,297.44,-84.13,-144.81
52.39226,-1.529365,154.89,13.45,3,30.11,18 / 20,1584428,2019-09-06 18:42:31:110,0.6729,-0.0721,9.4154,-0.0044,0.0023,9.8066,0.0731,0.0159,0.0197,-22.06,-31.87,-0.06,297.22,-84.25,-145.19
52.39226,-1.529365,154.89,13.45,3,30.11,18 / 20,1584529,2019-09-06 18:42:31:211,1.1941,0.102,9.8656,0.0043,0.0044,9.8066,-0.0039,0.0258,-0.0021,-22.31,-31.56,0.56,299.61,-84.27,-145.59
52.39226,-1.529365,154.89,13.45,3,30.11,18 / 20,1584628,2019-09-06 18:42:31:310,-0.5388,-0.2768,10.2556,-0.0079,0.0011,9.8066,0.0903,0.0071,-0.0013,-21.87,-31.62,0.31,296.27,-84.34,-146.2
52.39226,-1.529365,154.89,13.45,3,30.11,18 / 20,1584729,2019-09-06 18:42:31:411,0.0632,0.2649,9.5727,0.0057,0.0053,9.8066,0.0264,-0.037,0.0283,-21.56,-31,-0.5,295.48,-84.29,-147.1
52.39226,-1.529365,154.89,13.45,3,30.11,18 / 20,1584828,2019-09-06 18:42:31:510,-0.1078,-0.1139,9.7936,-0.0071,0.0011,9.8066,0.0019,-0.0296,-0.0414,-22,-30.75,-0.12,294.92,-84.22,-147.55
52.39226,-1.529365,154.89,13.45,3,30.11,18 / 20,1584929,2019-09-06 18:42:31:611,0.3657,0.8039,10.0188,-0.0053,0.0082,9.8066,0.0596,0.0186,0.0459,-22.19,-31.62,-0.12,294,-84.28,-148.26
52.39226,-1.529365,154.89,13.45,3,30.11,18 / 20,1585028,2019-09-06 18:42:31:710,-0.0958,-0.3793,10.4855,0.0006,0.0028,9.8066,0.0025,-0.0466,0.0168,-21.56,-31.5,0.06,294.14,-84.3,-148.38
52.39226,-1.529365,154.89,13.45,3,30.11,18 / 20,1585128,2019-09-06 18:42:31:810,0.253,-0.0111,9.997,-0.0129,-0.0073,9.8065,0.0377,-0.0321,-0.041,-22.25,-31.69,-0.12,294.28,-84.3,-148.02
52.39226,-1.529365,154.89,13.45,3,30.11,18 / 20,1585228,2019-09-06 18:42:31:910,0.05,0.4788,10.1418,-0.0004,0.0026,9.8066,0.0425,-0.0257,0.0279,-22.44,-30.69,0,294.18,-84.27,-148.31
52.39226,-1.529365,154.89,13.45,3,30.11,18 / 20,1585328,2019-09-06 18:42:32:010,0.2215,0.2703,10.0758,0.0096,-0.0015,9.8066,0.0313,-0.042,0.037,-22.5,-30.87,0.38,294.13,-84.18,-148.23
52.39226,-1.529365,154.89,13.45,3,30.11,20 / 21,1585429,2019-09-06 18:42:32:111,0.6728,-0.5909,10.217,-0.0156,0.0004,9.8066,0.0275,-0.0526,0.0006,-22.75,-31,0.63,297.68,-84.19,-147.72
52.39226,-1.529365,154.89,13.45,3,30.11,20 / 21,1585528,2019-09-06 18:42:32:210,0.2888,-0.3647,10.7482,-0.0106,-0.0031,9.8066,0.0851,-0.0141,-0.0027,-22.44,-31,0,294.7,-84.2,-147.72
52.39226,-1.529365,154.89,13.45,3,30.11,20 / 21,1585628,2019-09-06 18:42:32:310,0.4948,0.1611,10.2113,0.0276,0.016,9.8065,-0.0591,-0.0154,-0.0316,-22.5,-31.19,0,292.09,-84.1,-150.06
52.39226,-1.529365,154.89,13.45,3,30.11,20 / 21,1585729,2019-09-06 18:42:32:411,0.8726,0.781,9.8784,0.0181,0.0127,9.8065,0.0373,0.0018,0.0661,-22,-30.94,0.56,293.87,-84.15,-151.04
52.39226,-1.529365,154.89,13.45,3,30.11,20 / 21,1585828,2019-09-06 18:42:32:510,0.8025,0.4492,10.3811,-0.0132,0.0035,9.8066,0.0377,-0.0227,0.009,-21.56,-31,0.38,290.02,-84.23,-152.21
52.39226,-1.529365,154.89,13.45,3,30.11,20 / 21,1585929,2019-09-06 18:42:32:611,0.1235,0.0173,10.3577,-0.0029,0.0067,9.8066,-0.0579,-0.0516,-0.0683,-21.37,-31,0,289.22,-84.34,-152.76
52.39226,-1.529365,154.89,13.45,3,30.11,20 / 21,1586029,2019-09-06 18:42:32:711,0.2442,-0.1247,9.2689,-0.0165,0.0105,9.8066,0.0236,0.0191,0.0019,-21.06,-31.12,-0.44,288.02,-84.52,-154.17
52.39226,-1.529365,154.89,13.45,3,30.11,20 / 21,1586128,2019-09-06 18:42:32:810,1.7026,0.8799,9.4242,-0.0185,-0.0038,9.8066,0.0649,0.0752,-0.0087,-21.81,-31.62,0.31,287.87,-84.61,-154.56
52.39226,-1.529365,154.89,13.45,3,30.11,20 / 21,1586229,2019-09-06 18:42:32:911,-0.1828,-0.3746,10.0682,-0.0006,0.0047,9.8066,0.0784,0.0494,-0.0373,-20.81,-31.75,-0.37,286.41,-84.61,-155.6
52.39226,-1.529365,154.89,13.45,3,30.11,20 / 21,1586328,2019-09-06 18:42:33:010,0.3286,0.2424,10.5069,-0.0004,0.0023,9.8066,0.0409,0.0186,0.0059,-21.25,-31.19,-0.19,285.22,-84.5,-156.83
52.39226,-1.529365,154.89,13.45,3,30.11,20 / 21,1586429,2019-09-06 18:42:33:111,-0.1549,-0.2444,9.8081,0.0178,-0.0039,9.8066,-0.0205,0.0149,0.0053,-20.19,-32.12,-0.19,283.83,-84.43,-157.4
52.39226,-1.529365,154.89,13.45,3,30.11,20 / 21,1586528,2019-09-06 18:42:33:210,-1.1063,-1.3387,6.7296,0.0424,0.0098,9.8065,-0.5992,-0.0176,0.0179,-20.94,-32.44,0,282.35,-84.08,-158.7
52.39226,-1.529365,154.89,13.45,3,30.11,20 / 21,1586628,2019-09-06 18:42:33:310,-1.1257,-0.6605,9.4426,-0.1921,-0.0132,9.8047,0.466,-0.018,-0.0851,-21.06,-31.94,1.06,288.26,-84.83,-156.88
52.39226,-1.529365,154.89,13.45,3,30.11,20 / 21,1586729,2019-09-06 18:42:33:411,1.0511,-0.8484,10.2199,-0.1558,-0.0209,9.8054,0.0598,0.0803,-0.1598,-21.06,-31.94,0.56,286.47,-84.93,-158.76
52.39226,-1.529365,154.89,13.45,3,30.11,20 / 21,1586830,2019-09-06 18:42:33:512,0.7622,0.3434,10.7273,-0.0265,0.0217,9.8065,0.4629,0.0232,-0.0549,-20.81,-31.94,0.19,278.92,-84.76,-163.11
52.39226,-1.529365,154.89,13.45,3,30.11,20 / 21,1586928,2019-09-06 18:42:33:610,0.7756,0.5623,10.335,-0.0902,0.0002,9.8061,0.2471,-0.0047,-0.0045,-20.37,-32.31,0.13,276.47,-84.83,-165.23
52.39226,-1.529365,154.89,13.45,3,30.11,20 / 21,1587029,2019-09-06 18:42:33:711,0.8637,0.0943,10.541,0.0433,0.0218,9.8065,0.0424,0.0068,-0.0274,-20.5,-32.25,0.38,274.26,-84.59,-167.03
52.39226,-1.529365,154.89,13.45,3,30.11,20 / 21,1587129,2019-09-06 18:42:33:811,0.5051,-0.1066,10.1122,-0.0116,0.0134,9.8065,0.156,-0.0483,0.0137,-19.62,-32.12,0.81,274.26,-84.51,-169.78
52.39226,-1.529365,154.89,13.45,3,30.11,20 / 21,1587228,2019-09-06 18:42:33:910,0.2676,-0.1556,9.8164,0.0165,0.0143,9.8065,-0.0756,-0.0275,-0.0011,-19.69,-31.87,0.63,272.65,-84.43,-171.24
52.39226,-1.529365,154.89,13.45,3,30.11,20 / 21,1587328,2019-09-06 18:42:34:010,0.2153,0.1217,8.7851,0.0073,0.0079,9.8066,-0.0856,-0.0178,0.0067,-19.81,-31.81,0,269.6,-84.6,-171.7
52.39226,-1.529365,154.89,13.45,3,30.11,19 / 21,1587429,2019-09-06 18:42:34:111,-0.6612,-0.0169,9.2837,-0.033,0.0014,9.8065,-0.0743,0.0125,-0.0314,-20.5,-31.94,0.06,270.23,-85.06,-171.83
52.39226,-1.529365,154.89,13.45,3,30.11,19 / 21,1587529,2019-09-06 18:42:34:211,-0.0092,0.1657,9.8009,-0.0065,0.0014,9.8066,0.0157,0.0205,0.0498,-20.25,-32.25,0.13,270.49,-85.26,-171.89
52.39226,-1.529365,154.89,13.45,3,30.11,19 / 21,1587628,2019-09-06 18:42:34:310,0.8136,0.7092,9.7796,0.0109,-0.0125,9.8066,-0.0156,0.0356,0.0035,-20.56,-32.06,0.19,271.48,-85.21,-171.18
52.39226,-1.529365,154.89,13.45,3,30.11,19 / 21,1587729,2019-09-06 18:42:34:411,-0.5875,0.3695,10.1625,0.0543,-0.0108,9.8064,-0.0995,-0.0071,0.0006,-20.62,-32.31,0.38,273.09,-84.84,-169
52.39226,-1.529365,154.89,13.45,3,30.11,19 / 21,1587828,2019-09-06 18:42:34:510,0.3413,-0.4479,10.2382,-0.0397,-0.0034,9.8065,0.1602,-0.0216,0.0383,-20.69,-31.69,0.69,277.5,-84.98,-167.59
52.39226,-1.529365,154.89,13.45,3,30.11,19 / 21,1587929,2019-09-06 18:42:34:611,0.0458,0.3002,9.8016,-0.0287,0.0035,9.8065,-0.0634,-0.0048,-0.0337,-20.94,-31.62,0.44,274.12,-84.92,-168.11
52.39226,-1.529365,154.89,13.45,3,30.11,19 / 21,1588028,2019-09-06 18:42:34:710,0.3096,-0.0198,10.0713,0.0017,0.0085,9.8066,0.0034,0.0042,-0.0086,-21.06,-31.94,-0.06,272.9,-84.98,-169.41
52.39226,-1.529365,154.89,13.45,3,30.11,19 / 21,1588129,2019-09-06 18:42:34:811,-0.325,0.3522,9.2903,-0.0083,0.0012,9.8066,0.0219,-0.0247,0.0179,-20.81,-31.87,0.31,272.8,-85.15,-169.77
52.39226,-1.529365,154.89,13.45,3,30.11,19 / 21,1588228,2019-09-06 18:42:34:910,-0.0034,0.7213,8.9422,-0.03,-0.0084,9.8066,-0.0233,-0.0297,0.0548,-20.12,-31.81,-0.06,273.49,-85.25,-168.88
52.39226,-1.529365,154.89,13.45,3,30.11,19 / 21,1588328,2019-09-06 18:42:35:010,-0.9586,0.5416,9.8862,-0.0055,-0.0299,9.8066,-0.0802,0.0167,0.0265,-20.44,-31.19,-0.56,275.67,-85.48,-164.45
52.39226,-1.529365,154.89,13.45,3,30.11,19 / 20,1588429,2019-09-06 18:42:35:111,0.3868,0.3502,10.2864,0.0231,-0.0246,9.8066,-0.0001,-0.0019,0.0876,-20.69,-31.37,-0.5,283.5,-85.4,-159.82
52.39226,-1.529365,154.89,13.45,3,30.11,19 / 20,1588528,2019-09-06 18:42:35:210,-0.5747,0.3224,10.3738,0.0423,-0.0194,9.8064,-0.0763,0.0178,0.0452,-20.81,-31.31,-0.37,285.88,-85.11,-157.09
52.39226,-1.529365,154.89,13.45,3,30.11,19 / 20,1588629,2019-09-06 18:42:35:311,-0.8771,0.3743,9.9385,0.0064,-0.0082,9.8066,0.0266,-0.0655,0.0562,-20.75,-31.19,-0.56,285.47,-84.86,-154.4
52.39226,-1.529365,154.89,13.45,3,30.11,19 / 20,1588729,2019-09-06 18:42:35:411,-0.5868,-0.8388,9.9797,0.003,-0.0064,9.8066,0.0143,0.0521,-0.0092,-21.37,-30.94,0.19,289.57,-84.79,-153.08
52.39226,-1.529365,154.89,13.45,3,30.11,19 / 20,1588828,2019-09-06 18:42:35:510,-0.8966,0.4477,10.282,-0.0343,-0.0095,9.8066,0.0644,0.0247,-0.0336,-21.5,-31.75,-0.5,288.86,-84.8,-153.54
52.39226,-1.529365,154.89,13.45,3,30.11,19 / 20,1588929,2019-09-06 18:42:35:611,-1.2656,-0.4127,10.4043,-0.0261,0.0111,9.8065,-0.0431,-0.0504,0.011,-21.19,-31.87,0.13,288.79,-84.92,-153.78
52.39226,-1.529365,154.89,13.45,3,30.11,19 / 20,1589029,2019-09-06 18:42:35:711,-0.7632,-0.2616,10.0685,0.0104,0.0073,9.8066,0.0967,0.0209,-0.024,-20.44,-31.44,-0.69,283.8,-84.82,-155.44
52.39226,-1.529365,154.89,13.45,3,30.11,19 / 20,1589129,2019-09-06 18:42:35:811,-0.2129,-0.1625,10.2322,0.0061,-0.0022,9.8066,0.0785,-0.0389,0.0265,-20.81,-31.81,0.31,286.26,-84.73,-155.92
52.39226,-1.529365,154.89,13.45,3,30.11,19 / 20,1589229,2019-09-06 18:42:35:911,-0.9964,0.1492,9.6154,0.0247,0.0052,9.8065,-0.0434,0.0034,-0.0305,-21.12,-31.94,-0.69,282.95,-84.59,-156.18
52.39226,-1.529365,154.89,13.45,3,30.11,19 / 20,1589328,2019-09-06 18:42:36:010,-0.4929,-0.8421,9.6516,0.0029,-0.0003,9.8066,-0.032,-0.0449,-0.016,-21.19,-31.81,0.06,285.96,-84.64,-156.07
52.39226,-1.529365,154.89,13.45,3,30.11,18 / 20,1589429,2019-09-06 18:42:36:111,-0.5778,-0.2256,9.7487,-0.006,0.0041,9.8066,0.0036,0.021,0.0029,-20.81,-31.62,0.06,285.47,-84.77,-156.75
52.39226,-1.529365,154.89,13.45,3,30.11,18 / 20,1589528,2019-09-06 18:42:36:210,-0.8507,-0.7471,10.3327,0.009,0.0077,9.8066,0.0028,-0.0303,0.042,-21.56,-31.94,-0.19,284.71,-84.73,-157.78
52.39226,-1.529365,154.89,13.45,3,30.11,18 / 20,1589629,2019-09-06 18:42:36:311,-0.1089,-0.0179,9.1942,-0.0064,0.013,9.8066,0.053,-0.015,-0.0306,-20.75,-32.12,0,283.28,-84.74,-158.83
52.39226,-1.529365,154.89,13.45,3,30.11,18 / 20,1589728,2019-09-06 18:42:36:410,1.229,0.3867,9.6838,0.0022,0.0052,9.8066,0.1471,0.0099,-0.0409,-21.44,-31.62,0,282.33,-84.72,-159.72
52.39226,-1.529365,154.89,13.45,3,30.11,18 / 20,1589829,2019-09-06 18:42:36:511,1.1306,-0.7895,9.5823,0.0228,0.0052,9.8066,-0.156,0.0279,-0.0763,-21.25,-31.87,-0.19,281.38,-84.86,-160.86
52.39226,-1.529365,154.89,13.45,3,30.11,18 / 20,1589929,2019-09-06 18:42:36:611,-2.0348,-0.9482,9.7209,0.0128,0.0253,9.8065,0.0755,-0.0271,-0.0415,-21.25,-31.62,-0.44,279.08,-84.88,-163.14
52.39226,-1.529365,154.89,13.45,3,30.11,18 / 20,1590028,2019-09-06 18:42:36:710,-0.6655,-0.344,9.8901,-0.0129,0.0093,9.8066,-0.0565,-0.0146,-0.0027,-20.94,-32.12,-0.06,277.47,-85.02,-164.94
52.39226,-1.529365,154.89,13.45,3,30.11,18 / 20,1590128,2019-09-06 18:42:36:810,-0.3441,-0.8219,10.133,0.0262,0.0023,9.8066,-0.03,-0.0622,0.0347,-21.31,-31.69,-0.19,276.3,-84.83,-165.8
52.39226,-1.529365,154.89,13.45,3,30.11,18 / 20,1590229,2019-09-06 18:42:36:911,-0.2887,-1.7324,9.5678,-0.0129,-0.0008,9.8066,0.0626,-0.0945,0.0723,-21.37,-32,0,276.86,-84.78,-165.17
52.39226,-1.529365,154.89,13.45,3,30.11,18 / 20,1590328,2019-09-06 18:42:37:010,-1.0852,-0.0246,9.7244,-0.0008,-0.0028,9.8066,-0.0356,0.0539,-0.1008,-20.87,-31.44,-0.25,277.23,-84.75,-165
52.39226,-1.529365,154.89,13.45,3,30.11,19 / 21,1590429,2019-09-06 18:42:37:111,-0.8149,-0.1455,10.1844,-0.009,0.0042,9.8066,0.0349,-0.0886,0.0585,-20.44,-31.69,0.13,274.77,-84.75,-166.78
52.39226,-1.529365,154.89,13.45,3,30.11,19 / 21,1590529,2019-09-06 18:42:37:211,-0.2114,-0.6715,9.3919,0.0233,0.0093,9.8065,-0.0856,-0.0503,-0.0463,-20.31,-31.31,0.19,274.53,-84.74,-167.27
52.39226,-1.529365,154.89,13.45,3,30.11,19 / 21,1590628,2019-09-06 18:42:37:310,-1.1843,-1.4772,10.5651,-0.0079,0.0099,9.8066,-0.0206,-0.0882,-0.0073,-20.44,-31.56,0.13,273.32,-84.94,-168.54
52.39226,-1.529365,154.89,13.45,3,30.11,19 / 21,1590729,2019-09-06 18:42:37:411,0.0887,-0.5321,10.0697,0.0021,0.0051,9.8066,0.0421,0.0058,-0.0739,-20.44,-31.12,-0.62,269.68,-84.94,-169.58
52.39226,-1.529365,154.89,13.45,3,30.11,19 / 21,1590828,2019-09-06 18:42:37:510,0.5002,-0.7506,9.6696,0.0054,0.013,9.8065,0.0339,-0.0918,0.0437,-19.87,-31.37,-0.25,270.41,-84.87,-171.59
52.39226,-1.529365,154.89,13.45,3,30.11,19 / 21,1590929,2019-09-06 18:42:37:611,-0.4936,-0.2473,10.0003,0.0161,-0.0041,9.8066,-0.0256,-0.0219,-0.0059,-20.31,-31.81,-0.25,270.23,-84.77,-171.35
52.39226,-1.529365,154.89,13.45,3,30.11,19 / 21,1591028,2019-09-06 18:42:37:710,-1.2235,-0.6577,10.1059,-0.0183,-0.0056,9.8066,0.0419,-0.078,0.0489,-20.62,-32.5,0.38,271.11,-84.72,-170.78
52.39226,-1.529365,154.89,13.45,3,30.11,19 / 21,1591129,2019-09-06 18:42:37:811,-0.7261,-0.8674,9.8364,0.0102,-0.0118,9.8066,-0.022,-0.0803,0.0173,-21.25,-32.62,0.31,272.2,-84.69,-169.4
52.39226,-1.529365,154.89,13.45,3,30.11,19 / 21,1591229,2019-09-06 18:42:37:911,-0.3848,-1.3837,9.7271,-0.0136,-0.0128,9.8065,-0.0006,-0.0668,0.0186,-21.44,-31.81,0.63,277.57,-84.76,-167.18
52.39226,-1.529365,154.89,13.45,3,30.11,19 / 21,1591328,2019-09-06 18:42:38:010,-1.7665,-0.645,10.1579,-0.0329,-0.0072,9.8066,0.0138,-0.0645,-0.0128,-21.56,-31.37,0.63,278.65,-84.84,-166.7
52.39226,-1.529365,154.89,13.45,3,30.11,19 / 21,1591428,2019-09-06 18:42:38:110,-1.1547,-0.4872,10.292,0.0175,0.0096,9.8066,0.0437,-0.1226,0.0395,-21.31,-31.19,1.19,276.54,-84.67,-168.31
52.39226,-1.529365,154.89,13.45,3,30.11,19 / 21,1591528,2019-09-06 18:42:38:210,0.3444,-0.644,9.9138,0.0154,0.003,9.8065,0.0533,-0.0572,-0.037,-21.25,-31.87,1.63,278.92,-84.6,-168.35
52.39226,-1.529365,154.89,13.45,3,30.11,19 / 21,1591628,2019-09-06 18:42:38:310,0.1962,-0.7777,9.9073,0.0116,0.0009,9.8066,-0.0863,-0.0561,-0.0556,-21.5,-31.75,1.63,277.98,-84.6,-169.26
52.39226,-1.529365,154.89,13.45,3,30.11,19 / 21,1591729,2019-09-06 18:42:38:411,-0.2306,-0.8428,10.2698,0.0011,0.0106,9.8066,0.1189,-0.0717,-0.0246,-21.31,-31.94,1.44,274.18,-84.62,-170.3
52.39226,-1.529365,154.89,13.45,3,30.11,19 / 21,1591828,2019-09-06 18:42:38:510,-0.3966,-1.131,10.0582,-0.0004,0.0169,9.8065,0.0432,-0.1134,0.0074,-21.44,-32,1.88,275.56,-84.64,-171.71
52.39226,-1.529365,154.89,13.45,3,30.11,19 / 21,1591929,2019-09-06 18:42:38:611,-0.7363,-0.2179,9.8305,0.0191,0.0099,9.8065,-0.0591,-0.0143,-0.0118,-21.69,-31.56,1.69,274.48,-84.52,-172.74
52.39226,-1.529365,154.89,13.45,3,30.11,19 / 21,1592029,2019-09-06 18:42:38:711,-0.332,-1.4641,9.5741,-0.0039,0.0021,9.8066,0.0483,-0.047,-0.0781,-21.75,-31.81,2.31,272.72,-84.48,-174.42
52.39226,-1.529365,154.89,13.45,3,30.11,19 / 21,1592129,2019-09-06 18:42:38:811,-1.6313,-0.7746,10.4722,-0.044,0.0133,9.8065,0.0789,-0.1263,0.0173,-21.62,-31.37,1.81,271.4,-84.59,-176.16
52.39226,-1.529365,154.89,13.45,3,30.11,19 / 21,1592229,2019-09-06 18:42:38:911,0.1994,-1.1679,9.6885,0.0213,0.0151,9.8066,-0.0336,-0.0867,0.0182,-22.19,-31.62,1.94,270.75,-84.45,-176.35
52.39226,-1.529365,154.89,13.45,3,30.11,19 / 21,1592329,2019-09-06 18:42:39:011,0.3448,-1.7748,8.4061,0.0487,0.0023,9.8064,-0.1996,-0.0686,0.0512,-22.44,-31.87,1.63,269.36,-84.28,-177.49
52.39323,-1.528396,155.48,13.71,4,38.81,18 / 21,1592429,2019-09-06 18:42:39:111,0.5845,0.8381,9.6459,0.0289,-0.0119,9.8066,-0.0585,0.1008,-0.0631,-21.94,-31.44,1.69,270.59,-84.55,-176.91
52.39323,-1.528396,155.48,13.71,4,38.81,18 / 21,1592529,2019-09-06 18:42:39:211,-1.4602,0.5266,9.6943,-0.0687,0.0075,9.8064,0.1823,-0.1768,0.0788,-22.5,-30.87,1.94,270.71,-85.16,-177.65
52.39323,-1.528396,155.48,13.71,4,38.81,18 / 21,1592628,2019-09-06 18:42:39:310,-0.1489,-1.2166,10.0175,-0.0209,0.0066,9.8065,0.0141,-0.0324,-0.063,-22,-31.62,2.06,269.52,-84.83,-178.13
52.39323,-1.528396,155.48,13.71,4,38.81,18 / 21,1592728,2019-09-06 18:42:39:410,0.9509,-0.0995,10.0491,0.0108,-0.0019,9.8066,0.1107,-0.0641,-0.0207,-22.25,-31.37,1.94,268.23,-84.58,-179.33
52.39323,-1.528396,155.48,13.71,4,38.81,18 / 21,1592829,2019-09-06 18:42:39:511,0.0855,-0.2725,9.6972,-0.0161,0.0121,9.8066,-0.0789,-0.059,-0.0402,-21.87,-31.37,1.75,267.58,-84.53,-179.91
52.39323,-1.528396,155.48,13.71,4,38.81,18 / 21,1592928,2019-09-06 18:42:39:610,-0.7092,-1.8483,9.8787,-0.0027,0.0137,9.8066,-0.0341,-0.1614,0.0386,-21.56,-31.56,2,265.75,-84.72,178.21
52.39323,-1.528396,155.48,13.71,4,38.81,18 / 21,1593028,2019-09-06 18:42:39:710,-0.8977,-0.2453,9.9308,0.0094,0.0052,9.8066,0.0215,-0.0391,-0.0555,-21.75,-31.5,2.19,265.36,-84.67,177.65
52.39323,-1.528396,155.48,13.71,4,38.81,18 / 21,1593129,2019-09-06 18:42:39:811,-0.6803,-0.9782,10.0641,0.0212,-0.0003,9.8066,0.0142,-0.0708,0.0169,-22.62,-32.44,2.75,266.83,-84.4,177.14
52.39323,-1.528396,155.48,13.71,4,38.81,18 / 21,1593230,2019-09-06 18:42:39:912,-0.6149,-0.5229,9.7569,0.0206,0.0018,9.8066,-0.0201,-0.0772,0.0223,-21.75,-30.94,2.94,266.64,-84.25,176.92
52.39323,-1.528396,155.48,13.71,4,38.81,18 / 21,1593329,2019-09-06 18:42:40:011,0.1918,-0.7427,9.9791,-0.0227,0.0068,9.8066,0.0738,-0.1445,0.0176,-22.06,-31.56,2.56,266.19,-84.16,176.86
52.39323,-1.528396,155.48,13.71,4,38.81,18 / 21,1593428,2019-09-06 18:42:40:110,-0.309,-1.2412,9.8233,-0.0054,0.0013,9.8066,0.0616,-0.0671,-0.0199,-22.06,-31.87,2.63,265.8,-84.23,176.36
52.39323,-1.528396,155.48,13.71,4,38.81,18 / 21,1593531,2019-09-06 18:42:40:213,0.0176,-0.1869,9.8152,-0.0072,-0.0032,9.8065,0.0495,-0.0353,-0.024,-22.81,-31.19,3.56,268.23,-84.23,176.06
52.39323,-1.528396,155.48,13.71,4,38.81,18 / 21,1593628,2019-09-06 18:42:40:310,0.3532,-1.8403,9.3632,-0.0122,-0.0002,9.8066,0.0881,-0.1026,0.0468,-22.37,-32,3.56,267.9,-84.22,175.91
52.39323,-1.528396,155.48,13.71,4,38.81,18 / 21,1593729,2019-09-06 18:42:40:411,-0.0614,-1.1254,9.868,-0.0175,0.0103,9.8065,-0.0421,-0.0882,0.0242,-22.25,-31.37,3.94,267.5,-84.28,175.15
52.39323,-1.528396,155.48,13.71,4,38.81,18 / 21,1593828,2019-09-06 18:42:40:510,-0.3103,-0.2889,10.2896,-0.0127,0.0069,9.8066,-0.0004,-0.08,0.007,-22.12,-31.62,2.63,264.23,-84.29,174.69
52.39323,-1.528396,155.48,13.71,4,38.81,18 / 21,1593929,2019-09-06 18:42:40:611,-0.1344,-0.9574,10.2047,0.0202,-0.0011,9.8066,0.0502,-0.0861,0.0294,-22.75,-31.19,3.88,267.06,-84.24,174.86
52.39323,-1.528396,155.48,13.71,4,38.81,18 / 21,1594028,2019-09-06 18:42:40:710,-0.3389,-0.3045,9.8127,0.0204,-0.0079,9.8065,0.018,-0.0808,-0.0016,-23,-31.44,3.63,267.59,-83.99,175.74
52.39323,-1.528396,155.48,13.71,4,38.81,18 / 21,1594128,2019-09-06 18:42:40:810,-0.1402,-1.5002,9.7322,-0.028,-0.0015,9.8065,0.016,-0.1006,0.085,-23.31,-31.06,3.38,266.19,-84.05,176.72
52.39323,-1.528396,155.48,13.71,4,38.81,18 / 21,1594229,2019-09-06 18:42:40:911,-0.2909,-0.1988,9.8529,-0.0283,-0.0125,9.8065,0.03,-0.0035,-0.0264,-23.75,-31.5,2.94,267.45,-84.13,177.87
52.39323,-1.528396,155.48,13.71,4,38.81,18 / 21,1594329,2019-09-06 18:42:41:011,-0.6074,0.1822,10.2914,0.02,-0.0124,9.8066,-0.0517,-0.0078,-0.0477,-23.69,-31.75,3.38,268.12,-84.02,178.95
52.39323,-1.528396,155.48,13.71,4,38.81,18 / 19,1594429,2019-09-06 18:42:41:111,0.0516,-1.2202,9.7632,-0.0054,0.0001,9.8066,0.0255,-0.0373,0.0411,-23,-32,3.94,270.44,-84.03,178.81
52.39323,-1.528396,155.48,13.71,4,38.81,18 / 19,1594528,2019-09-06 18:42:41:210,0.8123,-0.5277,9.813,0.0111,-0.0074,9.8066,-0.0286,-0.083,0.034,-22.69,-32.44,3.5,271.62,-83.96,-179.9
52.39323,-1.528396,155.48,13.71,4,38.81,18 / 19,1594629,2019-09-06 18:42:41:311,0.1885,-0.7771,10.0285,0.0022,-0.0083,9.8066,-0.0083,-0.0586,-0.0218,-22.69,-31.31,3.63,273.32,-84.11,-178.67
52.39323,-1.528396,155.48,13.71,4,38.81,18 / 19,1594728,2019-09-06 18:42:41:410,-0.1925,-1.276,10.1089,-0.0089,-0.0082,9.8065,-0.0271,-0.0713,0.0038,-22.87,-32.06,4.06,273.31,-84.18,-178.51
52.39323,-1.528396,155.48,13.71,4,38.81,18 / 19,1594829,2019-09-06 18:42:41:511,-1.0361,-0.7576,10.2682,0.0081,0.0027,9.8066,0.0319,-0.0923,-0.0005,-22.94,-31.56,4.25,273.36,-84.18,-178.47
52.39323,-1.528396,155.48,13.71,4,38.81,18 / 19,1594928,2019-09-06 18:42:41:610,0.2441,-0.7999,10.3064,0.0107,-0.0001,9.8065,0.0426,-0.0842,-0.01,-23.31,-31.62,4.75,275.37,-83.98,-178.65
52.39323,-1.528396,155.48,13.71,4,38.81,18 / 19,1595028,2019-09-06 18:42:41:710,1.2586,-0.2572,9.5447,0.0215,-0.0053,9.8065,-0.0272,-0.0525,-0.0208,-22.62,-31.87,5.44,275.31,-83.82,-178.49
52.39323,-1.528396,155.48,13.71,4,38.81,18 / 19,1595128,2019-09-06 18:42:41:810,0.5429,-1.3744,10.0118,-0.0022,-0.0078,9.8066,-0.0022,-0.0559,0.0001,-23.44,-32,5.25,275.56,-83.8,-178.22
52.39323,-1.528396,155.48,13.71,4,38.81,18 / 19,1595228,2019-09-06 18:42:41:910,-0.3414,-0.1006,9.6106,-0.0175,0.0036,9.8065,0.0711,-0.0548,0.001,-22.62,-31.44,5.56,278.1,-83.92,-178.56
52.39323,-1.528396,155.48,13.71,4,38.81,18 / 19,1595328,2019-09-06 18:42:42:010,0.4854,-0.3469,10.4445,0.0182,-0.0026,9.8066,-0.0162,-0.0295,-0.0582,-23.62,-31.69,5.56,277.75,-83.93,-178.41
52.39323,-1.528396,155.48,13.71,4,38.81,19 / 20,1595429,2019-09-06 18:42:42:111,-1.3416,-1.2136,11.3037,0.0212,-0.007,9.8066,0.1134,-0.0298,-0.0506,-23.62,-31.87,5,275.03,-83.82,-178.62
52.39323,-1.528396,155.48,13.71,4,38.81,19 / 20,1595528,2019-09-06 18:42:42:210,0.6744,-2.0195,10.4166,-0.0034,0.0105,9.8066,0.2196,-0.176,0.0673,-23.69,-31.69,6.06,276.61,-83.61,-179.11
52.39323,-1.528396,155.48,13.71,4,38.81,19 / 20,1595629,2019-09-06 18:42:42:311,1.0491,-1.6528,10.1209,0.0067,0.0015,9.8066,0.0131,-0.179,0.0807,-23.56,-31.31,5.88,277.09,-83.33,-178.55
52.39323,-1.528396,155.48,13.71,4,38.81,19 / 20,1595728,2019-09-06 18:42:42:410,-1.3162,0.189,10.0282,0.0022,-0.0088,9.8066,-0.1528,0.0056,-0.057,-23.81,-31.69,6.31,278.14,-83.4,-177.33
52.39323,-1.528396,155.48,13.71,4,38.81,19 / 20,1595829,2019-09-06 18:42:42:511,1.0787,-4.1389,9.7232,0.0245,-0.023,9.8065,-0.1573,0.2301,-0.1418,-24.37,-31.56,6.06,279.06,-83.6,-176.69
52.39323,-1.528396,155.48,13.71,4,38.81,19 / 20,1595929,2019-09-06 18:42:42:611,-1.6335,0.3728,8.147,0.072,0.0017,9.8063,-0.068,0.2583,-0.2383,-24.06,-31.37,6.19,277.79,-83.63,-178.24
52.39323,-1.528396,155.48,13.71,4,38.81,19 / 20,1596028,2019-09-06 18:42:42:710,-1.352,-1.5257,8.8969,-0.0112,0.0193,9.8066,-0.0082,-0.3123,0.165,-23.94,-31.56,5.56,279.06,-83.63,-176.72
52.39323,-1.528396,155.48,13.71,4,38.81,19 / 20,1596129,2019-09-06 18:42:42:811,0.234,0.3085,8.7715,0.0136,-0.0108,9.8066,-0.2279,-0.05,-0.0885,-24.12,-31.31,6.25,280.09,-83.43,-175.71
52.39323,-1.528396,155.48,13.71,4,38.81,19 / 20,1596228,2019-09-06 18:42:42:910,-1.7769,-0.6783,9.8511,-0.0633,0.0012,9.8064,0.1373,-0.0659,0.0104,-24.94,-31.19,6.63,283.01,-83.74,-175.22
52.39323,-1.528396,155.48,13.71,4,38.81,19 / 20,1596329,2019-09-06 18:42:43:011,0.749,-0.4251,10.765,-0.0404,0.008,9.8065,0.0573,-0.1056,0.0724,-25.25,-31.56,6.69,282.74,-83.7,-175.2
52.39323,-1.528396,155.48,13.71,4,38.81,19 / 21,1596429,2019-09-06 18:42:43:111,1.5892,-1.9157,9.9233,0.035,-0.0065,9.8066,0.0358,-0.0878,0.0289,-24.94,-31.31,6.94,282.97,-83.34,-174.78
52.39323,-1.528396,155.48,13.71,4,38.81,19 / 21,1596528,2019-09-06 18:42:43:210,-0.782,-1.1419,9.4312,0.0236,-0.0068,9.8066,0.0042,-0.0633,-0.039,-24.87,-31.37,6.88,283.15,-83.28,-174.54
52.39323,-1.528396,155.48,13.71,4,38.81,19 / 21,1596629,2019-09-06 18:42:43:311,-1.1012,-0.6502,9.6369,-0.0253,-0.0013,9.8065,0.0273,-0.0974,0.011,-24.5,-31.44,7.19,283.66,-83.27,-174.34
52.39323,-1.528396,155.48,13.71,4,38.81,19 / 21,1596728,2019-09-06 18:42:43:410,-0.4367,-1.4879,10.0039,-0.0091,-0.0043,9.8066,-0.0336,-0.1224,0.0514,-25,-31.5,6.88,284.32,-83.39,-173.53
52.39323,-1.528396,155.48,13.71,4,38.81,19 / 21,1596829,2019-09-06 18:42:43:511,-0.4955,-0.299,9.8143,0.0169,-0.0014,9.8065,0.0409,-0.0916,0.0575,-24.44,-31.37,7.69,287.29,-83.31,-173.15
52.39323,-1.528396,155.48,13.71,4,38.81,19 / 21,1596929,2019-09-06 18:42:43:611,0.6294,-0.2278,9.8389,0.0155,-0.0035,9.8066,-0.0583,-0.0575,0.0331,-25.19,-31.31,7.56,287.38,-83.27,-172.62
52.39323,-1.528396,155.48,13.71,4,38.81,19 / 21,1597029,2019-09-06 18:42:43:711,-0.1872,-0.6555,9.9046,-0.005,-0.0051,9.8066,0.0056,-0.0597,-0.1031,-25.37,-31.5,7.69,288.37,-83.25,-171.64
52.39323,-1.528396,155.48,13.71,4,38.81,19 / 21,1597128,2019-09-06 18:42:43:810,0.0748,-1.6694,10.0553,-0.0015,0.0062,9.8066,0.0205,-0.172,0.0356,-25.37,-31.19,8.06,287.72,-83.26,-172.28
52.39323,-1.528396,155.48,13.71,4,38.81,19 / 21,1597229,2019-09-06 18:42:43:911,-0.5167,-1.4937,10.2585,0.0041,0.0055,9.8066,0.0426,-0.1052,0.0672,-24.75,-31.69,7.63,287.42,-83.18,-172.21
52.39323,-1.528396,155.48,13.71,4,38.81,19 / 21,1597328,2019-09-06 18:42:44:010,-0.629,-0.6708,9.868,-0.0111,0.0002,9.8066,0.0508,-0.0554,-0.0083,-25.31,-31.75,7.94,287.17,-83.14,-172.42
52.39323,-1.528396,155.48,13.71,4,38.81,19 / 21,1597428,2019-09-06 18:42:44:110,-0.4384,-0.4452,9.913,0.0113,-0.0015,9.8066,0.0114,-0.1186,0.0273,-25.31,-31,8.69,289.48,-82.99,-172.41
52.39323,-1.528396,155.48,13.71,4,38.81,19 / 21,1597529,2019-09-06 18:42:44:211,0.0177,-0.257,9.1654,0.0187,-0.0141,9.8065,-0.0673,-0.1206,0.0607,-25.94,-31.31,8.19,287.51,-82.92,-171.71
52.39323,-1.528396,155.48,13.71,4,38.81,19 / 21,1597628,2019-09-06 18:42:44:310,-0.5221,-0.6649,9.7082,-0.0082,-0.0124,9.8065,-0.1241,-0.098,-0.0047,-25.81,-30.94,8.44,287.88,-82.98,-171.42
52.39323,-1.528396,155.48,13.71,4,38.81,19 / 21,1597729,2019-09-06 18:42:44:411,-0.3958,-0.7773,9.4913,0.002,-0.0062,9.8066,-0.1393,-0.0817,0.0256,-26.37,-31.37,8.75,291.48,-83.01,-170.1
52.39323,-1.528396,155.48,13.71,4,38.81,19 / 21,1597829,2019-09-06 18:42:44:511,0.3207,-0.5663,10.0592,-0.0093,-0.0023,9.8066,0.0542,-0.0429,-0.005,-26,-31.31,8.75,292.61,-83,-169
52.39323,-1.528396,155.48,13.71,4,38.81,19 / 21,1597929,2019-09-06 18:42:44:611,0.0396,-0.8495,10.1942,0,-0.0061,9.8066,0.0306,-0.0355,0.0052,-26.62,-30.25,8.63,292.45,-82.91,-168.87
52.39323,-1.528396,155.48,13.71,4,38.81,19 / 21,1598029,2019-09-06 18:42:44:711,-1.0804,-0.2553,10.4107,0.0109,-0.0065,9.8065,0.0595,-0.0821,0.0316,-27.37,-31,8.75,292.11,-82.72,-168.76
52.39323,-1.528396,155.48,13.71,4,38.81,19 / 21,1598128,2019-09-06 18:42:44:810,-0.9965,-0.017,9.8321,0.0153,0.0005,9.8066,0.047,-0.0558,-0.0163,-26.44,-31.19,8.88,292.38,-82.59,-168.77
52.39323,-1.528396,155.48,13.71,4,38.81,19 / 21,1598229,2019-09-06 18:42:44:911,-1.0928,-0.4029,9.7691,0.0022,-0.0071,9.8066,-0.0116,-0.0962,0.0466,-26.37,-30.94,9,292.32,-82.56,-168.79
52.39323,-1.528396,155.48,13.71,4,38.81,19 / 21,1598329,2019-09-06 18:42:45:011,-0.6227,-0.9424,9.6656,-0.0021,-0.0014,9.8066,-0.0577,-0.0654,0.048,-25.94,-30.62,8.88,293.03,-82.48,-168.03
52.39323,-1.528396,155.48,13.71,4,38.81,18 / 20,1598428,2019-09-06 18:42:45:110,-0.5181,-0.5362,9.8848,-0.0139,-0.0071,9.8066,0.0648,-0.0655,0.0106,-26.62,-31.5,9.38,294.06,-82.56,-166.73
52.39323,-1.528396,155.48,13.71,4,38.81,18 / 20,1598528,2019-09-06 18:42:45:210,-0.7974,-0.6754,10.1644,-0.0107,-0.0115,9.8066,0.0027,-0.0489,-0.0138,-26.37,-30.87,9.63,297.57,-82.49,-165.82
52.39323,-1.528396,155.48,13.71,4,38.81,18 / 20,1598629,2019-09-06 18:42:45:311,-0.5509,-0.4206,10.1858,0.0135,-0.0113,9.8066,0.0038,-0.0903,0.0988,-26.94,-30.94,9.38,295.85,-82.53,-165.02
52.39323,-1.528396,155.48,13.71,4,38.81,18 / 20,1598729,2019-09-06 18:42:45:411,-1.0632,-0.6719,9.6381,0.0114,-0.0166,9.8066,-0.0096,-0.0889,0.0492,-26.62,-31.31,9.56,299.17,-82.32,-163.67
52.39323,-1.528396,155.48,13.71,4,38.81,18 / 20,1598829,2019-09-06 18:42:45:511,-0.8205,-0.123,9.5915,-0.0019,-0.0131,9.8066,0.0023,-0.0328,-0.0016,-26.87,-30.31,9.44,298.94,-82.25,-162.07
52.39323,-1.528396,155.48,13.71,4,38.81,18 / 20,1598929,2019-09-06 18:42:45:611,-1.1263,-0.529,9.5211,-0.001,-0.0112,9.8065,-0.0057,-0.0629,0.0276,-27.87,-30.25,9.25,299.26,-82.22,-161.36
52.39323,-1.528396,155.48,13.71,4,38.81,18 / 20,1599029,2019-09-06 18:42:45:711,-0.9994,-0.2807,10.0168,-0.0046,-0.0063,9.8066,0.0095,-0.1177,0.0126,-28.19,-30,9.88,302.61,-82.16,-160.09
52.39323,-1.528396,155.48,13.71,4,38.81,18 / 20,1599129,2019-09-06 18:42:45:811,-0.8068,0.0893,10.2957,-0.0074,-0.0014,9.8066,-0.0203,-0.0821,0.0617,-28,-29.94,9.75,303.31,-82.21,-159.49
52.39323,-1.528396,155.48,13.71,4,38.81,18 / 20,1599229,2019-09-06 18:42:45:911,-1.0907,-1.0199,10.029,0.0104,-0.0121,9.8066,-0.0738,-0.0225,-0.0036,-27.06,-30,10,304.39,-82.16,-158.9
52.39323,-1.528396,155.48,13.71,4,38.81,18 / 20,1599329,2019-09-06 18:42:46:011,-0.6298,-0.096,9.6481,0.0038,-0.0085,9.8066,0.0362,-0.056,-0.008,-26.37,-30.69,10.38,304.92,-82.05,-158.56
52.39323,-1.528396,155.48,13.71,4,38.81,18 / 20,1599429,2019-09-06 18:42:46:111,-0.9292,-0.4261,10.2644,-0.0137,0.0004,9.8065,0.0574,-0.043,0.0082,-25.94,-30.87,10.75,308.54,-82.05,-157.26
52.39323,-1.528396,155.48,13.71,4,38.81,18 / 20,1599528,2019-09-06 18:42:46:210,-1.2825,-0.0412,9.9898,0.0048,-0.0058,9.8066,-0.0091,-0.038,0.018,-24.62,-31.06,10.69,309.22,-82.06,-157.24
52.39323,-1.528396,155.48,13.71,4,38.81,18 / 20,1599628,2019-09-06 18:42:46:310,-0.4894,-0.256,9.7041,0.0092,-0.0003,9.8066,0.0448,-0.0489,-0.0004,-24.31,-30.94,10.88,309.97,-82.01,-157.15
52.39323,-1.528396,155.48,13.71,4,38.81,18 / 20,1599729,2019-09-06 18:42:46:411,-1.1912,0.5783,9.716,0.0289,-0.0029,9.8065,0.0609,-0.0118,0.0025,-25.12,-30.81,11.31,308.83,-81.98,-157.52
52.39323,-1.528396,155.48,13.71,4,38.81,18 / 20,1599828,2019-09-06 18:42:46:510,-2.1418,0.1845,9.9085,-0.0068,-0.0001,9.8066,-0.0764,-0.064,0.0434,-26.5,-30.31,10.56,308.63,-82.02,-157.38
52.39323,-1.528396,155.48,13.71,4,38.81,18 / 20,1599928,2019-09-06 18:42:46:610,-1.223,0.4772,10.4251,0.0004,-0.0063,9.8066,-0.0913,-0.0443,0.0415,-27.44,-31.19,10.69,308.51,-82.02,-156.71
52.39323,-1.528396,155.48,13.71,4,38.81,18 / 20,1600028,2019-09-06 18:42:46:710,-1.6878,0.1406,9.3474,-0.0014,-0.0029,9.8066,0.0737,-0.0303,0.004,-27.37,-30.5,11.13,309.43,-82.03,-156.1
52.39323,-1.528396,155.48,13.71,4,38.81,18 / 20,1600129,2019-09-06 18:42:46:811,-1.492,0.2753,10.0084,-0.0165,-0.0165,9.8066,-0.0051,-0.0505,0.0265,-27.94,-30,11.44,309.75,-81.94,-155.22
52.39323,-1.528396,155.48,13.71,4,38.81,18 / 20,1600228,2019-09-06 18:42:46:910,-1.1539,0.0293,10.1661,0.0131,-0.0056,9.8066,-0.0401,-0.0443,0.0023,-29.81,-27.75,11.56,311.99,-81.91,-154.29
52.39323,-1.528396,155.48,13.71,4,38.81,18 / 20,1600330,2019-09-06 18:42:47:012,-1.6722,-0.0115,9.9008,0.0283,-0.0177,9.8066,0.1345,-0.0497,0.0644,-28,-29.12,9.44,307.14,-81.81,-153.92
52.39323,-1.528396,155.48,13.71,4,38.81,19 / 21,1600430,2019-09-06 18:42:47:112,-1.0624,-0.1915,10.6859,-0.0055,-0.0152,9.8066,0.0738,-0.0631,0.0531,-26.69,-30.12,10.94,312.24,-81.74,-153.31
52.39323,-1.528396,155.48,13.71,4,38.81,19 / 21,1600529,2019-09-06 18:42:47:211,-0.9922,0.7249,9.9927,-0.0245,-0.0051,9.8066,0.0523,-0.0242,-0.0107,-27.44,-30.5,11.5,314.99,-81.62,-152.63
52.39323,-1.528396,155.48,13.71,4,38.81,19 / 21,1600628,2019-09-06 18:42:47:310,-0.4273,0.3084,9.7838,0.018,-0.0093,9.8066,-0.0403,-0.0345,0.0528,-28.5,-30.62,11.19,311.36,-81.31,-153
52.39323,-1.528396,155.48,13.71,4,38.81,19 / 21,1600728,2019-09-06 18:42:47:410,-0.6186,0.4466,10.0119,0.0024,-0.0088,9.8066,0.0157,0.0136,0.0392,-28.37,-30.31,10.63,312.51,-81.36,-152.23
52.39323,-1.528396,155.48,13.71,4,38.81,19 / 21,1600828,2019-09-06 18:42:47:510,-0.8613,0.8753,9.157,-0.0125,0.0002,9.8065,-0.0749,-0.0702,-0.0351,-28.12,-30.19,11.38,313.83,-81.54,-151.2
52.39323,-1.528396,155.48,13.71,4,38.81,19 / 21,1600928,2019-09-06 18:42:47:610,-2.5625,0.4248,10.0568,-0.0218,0.0168,9.8065,0.0209,-0.028,-0.0527,-28.19,-30.06,11.31,314.47,-81.74,-150.78
52.39323,-1.528396,155.48,13.71,4,38.81,19 / 21,1601028,2019-09-06 18:42:47:710,-1.4904,0.7964,10.2788,0.0354,0.0026,9.8065,0.0382,-0.004,0.0091,-28.62,-30.12,11.06,311.95,-81.61,-152.45
52.39323,-1.528396,155.48,13.71,4,38.81,19 / 21,1601128,2019-09-06 18:42:47:810,-0.047,0.2467,9.3782,0.0508,-0.0113,9.8065,0.0488,-0.0612,0.0271,-28.44,-30.44,11.25,311.31,-81.46,-153.39
52.39323,-1.528396,155.48,13.71,4,38.81,19 / 21,1601229,2019-09-06 18:42:47:911,-1.5271,0.857,9.6065,-0.0234,-0.0053,9.8066,-0.0042,0.0158,0.0232,-27.75,-30.12,11.69,313.7,-81.25,-152.91
52.39323,-1.528396,155.48,13.71,4,38.81,19 / 21,1601328,2019-09-06 18:42:48:010,0.1202,-0.3366,9.6881,-0.0253,0.0047,9.8065,0.1127,-0.045,0.0781,-27.94,-29.5,10.81,313.41,-81.37,-151.64
52.393852,-1.526917,156.08,12.78,3,69.02,20 / 21,1601429,2019-09-06 18:42:48:111,-2.4287,0.8967,9.9394,-0.0145,-0.0054,9.8066,-0.1098,-0.0368,-0.0651,-28.12,-30.69,11,314.49,-81.36,-150.26
52.393852,-1.526917,156.08,12.78,3,69.02,20 / 21,1601529,2019-09-06 18:42:48:211,-1.2548,1.4491,9.5959,-0.0096,0.0045,9.8065,0.074,-0.0547,0.0694,-27.94,-30.06,11.25,315.02,-81.49,-150.09
52.393852,-1.526917,156.08,12.78,3,69.02,20 / 21,1601628,2019-09-06 18:42:48:310,0.2951,0.153,9.4244,0.006,-0.006,9.8066,-0.0248,0.0295,-0.012,-28.5,-30.06,10.88,314.34,-81.35,-150.59
52.393852,-1.526917,156.08,12.78,3,69.02,20 / 21,1601729,2019-09-06 18:42:48:411,-1.1845,0.7319,9.8019,-0.0049,0.0001,9.8066,0.0021,0.013,0.0321,-28.19,-30.62,11.38,314.28,-81.36,-150.44
52.393852,-1.526917,156.08,12.78,3,69.02,20 / 21,1601829,2019-09-06 18:42:48:511,-0.2108,1.0621,10.0115,0.0121,-0.0062,9.8066,-0.0822,-0.029,0.0032,-28.37,-30.44,11.25,314.66,-81.39,-150.34
52.393852,-1.526917,156.08,12.78,3,69.02,20 / 21,1601929,2019-09-06 18:42:48:611,-0.6469,0.4254,9.7695,0.0208,-0.0081,9.8066,0.0475,-0.0336,0.0115,-28.5,-30.5,11.31,314.94,-81.33,-150.03
52.393852,-1.526917,156.08,12.78,3,69.02,20 / 21,1602028,2019-09-06 18:42:48:710,-1.9073,1.13,9.5772,-0.0014,-0.0015,9.8065,-0.0176,0.0193,-0.0027,-28.12,-30.5,10.88,314.79,-81.39,-150.21
52.393852,-1.526917,156.08,12.78,3,69.02,20 / 21,1602128,2019-09-06 18:42:48:810,-0.8635,0.0855,9.8406,0.0025,0.0028,9.8066,0.0079,-0.0408,0.0314,-28.19,-30.37,11.31,314.54,-81.39,-150.44
52.393852,-1.526917,156.08,12.78,3,69.02,20 / 21,1602228,2019-09-06 18:42:48:910,-0.7449,0.363,9.7758,-0.0092,0.0039,9.8066,-0.0257,0.0022,-0.0386,-28.06,-30.62,11.13,314.37,-81.37,-150.37
52.393852,-1.526917,156.08,12.78,3,69.02,20 / 21,1602328,2019-09-06 18:42:49:010,-1.1329,0.4285,10.1135,0.0051,0.0003,9.8066,-0.0352,-0.0173,0.026,-28.19,-30.5,10.69,314.11,-81.36,-150.8
52.393852,-1.526917,156.08,12.78,3,69.02,19 / 21,1602429,2019-09-06 18:42:49:111,-1.2405,0.5902,10.0394,-0.01,0.0042,9.8066,0.1039,-0.0252,0.0428,-28.31,-30.31,11.88,316.17,-81.31,-150.75
52.393852,-1.526917,156.08,12.78,3,69.02,19 / 21,1602529,2019-09-06 18:42:49:211,-0.26,0.8212,9.6655,-0.0048,-0.0074,9.8066,-0.074,-0.0245,-0.0476,-28.25,-30.44,11.38,314.54,-81.29,-150.36
52.393852,-1.526917,156.08,12.78,3,69.02,19 / 21,1602629,2019-09-06 18:42:49:311,-0.8093,0.3944,9.6174,0.0041,-0.0031,9.8066,0.0007,0.0205,-0.0005,-28.19,-30.56,11.44,314.8,-81.25,-149.89
52.393852,-1.526917,156.08,12.78,3,69.02,19 / 21,1602729,2019-09-06 18:42:49:411,-1.4056,0.2717,9.781,0.0119,-0.002,9.8066,-0.003,-0.025,0.0951,-28.5,-29.56,12,316.78,-81.25,-150.16
52.393852,-1.526917,156.08,12.78,3,69.02,19 / 21,1602828,2019-09-06 18:42:49:510,-0.37,0.3461,9.3842,-0.0079,-0.0059,9.8066,-0.0273,-0.0237,-0.0289,-28.75,-29.94,11.56,316.87,-81.08,-149.42
52.393852,-1.526917,156.08,12.78,3,69.02,19 / 21,1602928,2019-09-06 18:42:49:610,-0.4049,0.9293,10.0682,-0.011,-0.0028,9.8066,0.0608,0.0194,0.0072,-28.69,-30.31,11.13,315.42,-81.09,-148.94
52.393852,-1.526917,156.08,12.78,3,69.02,19 / 21,1603028,2019-09-06 18:42:49:710,-0.1828,0.5217,9.5988,0.0004,-0.0008,9.8066,-0.0996,-0.0515,-0.007,-28,-30,11.75,318.39,-81.08,-148.61
52.393852,-1.526917,156.08,12.78,3,69.02,19 / 21,1603128,2019-09-06 18:42:49:810,-0.1665,0.4474,9.5396,-0.0089,0.0007,9.8066,0.0657,0.0264,-0.0367,-28.31,-30.31,11.63,319.13,-81.16,-148.03
52.393852,-1.526917,156.08,12.78,3,69.02,19 / 21,1603229,2019-09-06 18:42:49:911,-0.8311,0.6303,9.7811,0.0019,-0.0028,9.8066,-0.0301,-0.049,0.0543,-28.19,-30.06,11.5,319.34,-81.27,-147.92
52.393852,-1.526917,156.08,12.78,3,69.02,19 / 21,1603329,2019-09-06 18:42:50:011,-1.0844,0.7702,10.3603,0.0167,-0.0092,9.8065,-0.1521,-0.0573,-0.0413,-28.75,-30.44,11.44,316.69,-81.16,-147.86
52.393852,-1.526917,156.08,12.78,3,69.02,18 / 19,1603428,2019-09-06 18:42:50:110,-0.6461,0.8799,10.1822,0.0039,-0.0023,9.8065,0.0934,-0.0354,0.0149,-28.44,-30.69,11.31,317.24,-81.25,-147.73
52.393852,-1.526917,156.08,12.78,3,69.02,18 / 19,1603529,2019-09-06 18:42:50:211,-0.8867,0.2019,9.8281,-0.0082,0.0018,9.8066,-0.1008,0.0091,-0.0128,-27.87,-30.12,11.56,319.64,-81.25,-147.63
52.393852,-1.526917,156.08,12.78,3,69.02,18 / 19,1603628,2019-09-06 18:42:50:310,-0.8454,0.8066,9.5174,0.0217,-0.0097,9.8066,-0.0815,-0.0098,0.0305,-28.56,-30,11.13,316.91,-81.16,-147.66
52.393852,-1.526917,156.08,12.78,3,69.02,18 / 19,1603729,2019-09-06 18:42:50:411,-0.7567,0.6293,9.6874,-0.025,0.0009,9.8066,-0.0971,-0.0233,0.0163,-28.19,-30.5,11.38,318.82,-81.32,-146.58
52.393852,-1.526917,156.08,12.78,3,69.02,18 / 19,1603828,2019-09-06 18:42:50:510,-0.4311,0.8814,9.6224,-0.021,-0.0028,9.8065,0.1052,0.0059,0.0072,-28.19,-29.87,11.13,319.25,-81.25,-146.16
52.393852,-1.526917,156.08,12.78,3,69.02,18 / 19,1603929,2019-09-06 18:42:50:611,0.1536,1.2491,9.6362,0.011,-0.0124,9.8066,-0.0783,-0.0053,0.016,-28.81,-30.56,10.88,318.83,-81.11,-145.74
52.393852,-1.526917,156.08,12.78,3,69.02,18 / 19,1604028,2019-09-06 18:42:50:710,-0.1185,0.1514,9.7271,0.0058,-0.0117,9.8066,-0.0261,0.0061,0.0304,-28.44,-29.94,11.56,322.31,-81.1,-145.18
52.393852,-1.526917,156.08,12.78,3,69.02,18 / 19,1604129,2019-09-06 18:42:50:811,-1.3967,0.4842,9.8342,-0.0105,0.0044,9.8066,-0.066,-0.0122,0.0078,-29.19,-30.06,11.44,320.49,-81.05,-144.41
52.393852,-1.526917,156.08,12.78,3,69.02,18 / 19,1604229,2019-09-06 18:42:50:911,-0.3246,0.9806,9.7022,-0.0049,-0.0113,9.8065,0.0355,-0.0299,0.0407,-28.44,-30,11.38,322.03,-81.07,-143.59
52.393852,-1.526917,156.08,12.78,3,69.02,18 / 19,1604328,2019-09-06 18:42:51:010,-0.7263,-0.1391,9.721,0.003,0.0018,9.8066,0.0578,0.0287,-0.0251,-28.06,-29.81,11.25,322.36,-81.04,-143.28
52.393852,-1.526917,156.08,12.78,3,69.02,18 / 20,1604429,2019-09-06 18:42:51:111,-0.8859,0.7495,9.7588,0.0098,-0.0159,9.8066,-0.047,0.0178,0.0356,-28.62,-29.87,10.69,322.24,-80.92,-142.79
52.393852,-1.526917,156.08,12.78,3,69.02,18 / 20,1604528,2019-09-06 18:42:51:210,-0.8501,0.3327,9.6236,-0.0067,0.0022,9.8066,-0.0215,-0.0095,0.0223,-28.37,-29.62,11.25,323.19,-80.98,-142.52
52.393852,-1.526917,156.08,12.78,3,69.02,18 / 20,1604629,2019-09-06 18:42:51:311,0.3914,0.5014,9.5714,-0.0032,-0.0028,9.8066,-0.0461,-0.0283,0.0251,-29,-29.75,10.75,322.93,-81.02,-142.26
52.393852,-1.526917,156.08,12.78,3,69.02,18 / 20,1604728,2019-09-06 18:42:51:410,-0.5547,0.4169,10.0153,-0.0004,0.0003,9.8066,0.0523,0.0017,0.0032,-28.94,-29.81,10.94,323.48,-81.09,-141.83
52.393852,-1.526917,156.08,12.78,3,69.02,18 / 20,1604829,2019-09-06 18:42:51:511,-1.2452,0.9913,9.748,-0.0064,0.0005,9.8066,-0.1322,0.061,-0.0124,-28.75,-29.5,10.88,323.81,-81.06,-141.68
52.393852,-1.526917,156.08,12.78,3,69.02,18 / 20,1604929,2019-09-06 18:42:51:611,-0.81,0.265,10.1854,-0.0347,0.0128,9.8065,-0.1313,0.0055,0.0283,-29.31,-30,10.63,324.32,-81.18,-141.15
52.393852,-1.526917,156.08,12.78,3,69.02,18 / 20,1605030,2019-09-06 18:42:51:712,0.2841,0.4293,9.9868,-0.0173,0.0103,9.8066,0.0665,-0.0489,-0.0106,-28.75,-30.19,11.06,323.18,-81.14,-142.12
52.393852,-1.526917,156.08,12.78,3,69.02,18 / 20,1605129,2019-09-06 18:42:51:811,0.2017,0.4933,9.9214,0.021,-0.005,9.8066,-0.0022,0.043,0.0641,-28.94,-29.81,10.69,322.96,-81.14,-142.3
52.393852,-1.526917,156.08,12.78,3,69.02,18 / 20,1605229,2019-09-06 18:42:51:911,-0.9962,0.531,9.6607,0.0195,-0.0078,9.8066,-0.0526,0,-0.0441,-28.87,-30,11.19,322.92,-81.09,-142.31
52.393852,-1.526917,156.08,12.78,3,69.02,18 / 20,1605328,2019-09-06 18:42:52:010,-1.1104,1.1984,9.89,-0.0132,0.0041,9.8066,0.0082,-0.013,-0.0183,-28.87,-29.94,11.13,323.35,-81.23,-142.03
52.393852,-1.526917,156.08,12.78,3,69.02,19 / 20,1605429,2019-09-06 18:42:52:111,0.2696,0.6899,9.464,-0.0179,0.0017,9.8066,0.1115,0.0038,0.0086,-28.31,-29.56,11.19,323.93,-81.2,-142.03
52.393852,-1.526917,156.08,12.78,3,69.02,19 / 20,1605528,2019-09-06 18:42:52:210,-0.0716,0.0474,10.2437,0.0135,-0.0129,9.8066,-0.0164,0.0324,0.0182,-28.87,-29.56,11.69,324.86,-81.03,-142.34
52.393852,-1.526917,156.08,12.78,3,69.02,19 / 20,1605629,2019-09-06 18:42:52:311,-0.3324,0.0064,10.3487,0.0096,-0.0104,9.8066,-0.0028,0.0149,-0.0271,-29.06,-29.87,11.19,323.21,-81.01,-142.01
52.393852,-1.526917,156.08,12.78,3,69.02,19 / 20,1605730,2019-09-06 18:42:52:412,2.0158,1.3552,9.8539,0.0112,-0.0135,9.8065,-0.0468,-0.1231,0.0645,-29.06,-29.56,11,323.69,-81.07,-141.63
52.393852,-1.526917,156.08,12.78,3,69.02,19 / 20,1605829,2019-09-06 18:42:52:511,-0.7944,-1.6569,9.7178,0.0457,0.0069,9.8064,-0.1558,-0.1057,0.1029,-28.87,-30.06,10.75,323.34,-80.86,-141.8
52.393852,-1.526917,156.08,12.78,3,69.02,19 / 20,1605928,2019-09-06 18:42:52:610,-1.1032,0.6107,9.8179,-0.0545,0.0112,9.8064,0.0694,0.0302,-0.0026,-28.56,-29.69,10.81,325.52,-81.12,-140.06
52.393852,-1.526917,156.08,12.78,3,69.02,19 / 20,1606029,2019-09-06 18:42:52:711,0.6139,1.6878,9.6149,-0.0497,-0.0072,9.8064,0.0728,0.1178,-0.1191,-28.06,-30.12,10.5,326.79,-81.1,-139.47
52.393852,-1.526917,156.08,12.78,3,69.02,19 / 20,1606128,2019-09-06 18:42:52:810,-0.0737,0.4354,10.0275,0.0337,-0.0139,9.8065,-0.0151,0.035,0.0467,-27.5,-29.62,12,328.21,-81.03,-140.63
52.393852,-1.526917,156.08,12.78,3,69.02,19 / 20,1606229,2019-09-06 18:42:52:911,-0.8093,0.4814,9.7639,0.0228,-0.0044,9.8066,-0.0186,-0.021,0.04,-28.87,-29.44,13.25,329.29,-81.07,-140.39
52.393852,-1.526917,156.08,12.78,3,69.02,19 / 20,1606329,2019-09-06 18:42:53:011,-0.725,0.2809,10.2356,-0.0211,0.0098,9.8066,0.0454,-0.0038,-0.0344,-31.19,-29,12.31,326.52,-81.09,-140.03
52.393852,-1.526917,156.08,12.78,3,69.02,19 / 21,1606428,2019-09-06 18:42:53:110,-0.8697,0.1235,9.8112,-0.0162,0.0127,9.8065,0.0218,-0.0174,0.0302,-29.31,-29.5,11.38,325.83,-81.25,-140.04
52.393852,-1.526917,156.08,12.78,3,69.02,19 / 21,1606529,2019-09-06 18:42:53:211,0.2757,0.4703,9.7764,0.0218,-0.0008,9.8066,-0.0731,-0.0498,-0.0245,-29.81,-30,11.19,324.07,-81.2,-140.89
52.393852,-1.526917,156.08,12.78,3,69.02,19 / 21,1606629,2019-09-06 18:42:53:311,-0.4061,1.4656,9.7272,0.0118,-0.0074,9.8066,-0.1087,0.0416,-0.0498,-29,-29.5,10.69,325.3,-81.23,-140.48
52.393852,-1.526917,156.08,12.78,3,69.02,19 / 21,1606729,2019-09-06 18:42:53:411,-0.0821,0.4976,10.1279,-0.0078,0.0052,9.8066,0.0233,0.0184,0.0107,-29.25,-29.75,10.5,325.5,-81.44,-140.28
52.393852,-1.526917,156.08,12.78,3,69.02,19 / 21,1606829,2019-09-06 18:42:53:511,-0.5084,0.4388,9.7316,-0.0033,0.0008,9.8066,0.0127,0.0143,-0.0526,-28.81,-30.69,11.13,325.16,-81.48,-140.45
52.393852,-1.526917,156.08,12.78,3,69.02,19 / 21,1606928,2019-09-06 18:42:53:610,-0.392,0.5659,9.3995,0.0024,0.0062,9.8066,-0.0658,-0.0121,-0.0124,-28.69,-29.94,10.5,325.36,-81.53,-140.46
52.393852,-1.526917,156.08,12.78,3,69.02,19 / 21,1607029,2019-09-06 18:42:53:711,0.2038,0.5322,9.5098,-0.0111,0.0069,9.8066,-0.0098,-0.0115,-0.0205,-28.44,-30.06,11.38,326,-81.67,-140.52
52.393852,-1.526917,156.08,12.78,3,69.02,19 / 21,1607128,2019-09-06 18:42:53:810,-0.7567,0.2287,10.0897,0.0173,0.0046,9.8066,-0.0467,0.042,0.0138,-29.12,-30.12,11.31,324.74,-81.78,-141.16
52.393852,-1.526917,156.08,12.78,3,69.02,19 / 21,1607228,2019-09-06 18:42:53:910,-0.4487,0.297,9.9904,0.0157,-0.0011,9.8066,-0.0431,0.0062,0.0055,-28.69,-30.75,11.25,324.53,-81.9,-141.27
52.393852,-1.526917,156.08,12.78,3,69.02,19 / 21,1607329,2019-09-06 18:42:54:011,-1.2332,1.1567,9.6437,-0.0205,0.0167,9.8065,0.0805,-0.0261,0.0019,-28.94,-30.31,11.19,324.9,-82.07,-141.2
52.393852,-1.526917,156.08,12.78,3,69.02,19 / 21,1607428,2019-09-06 18:42:54:110,-0.8202,0.7173,9.7385,-0.0074,0.0111,9.8066,0.0806,-0.0235,0.0078,-28.62,-30.19,11.38,324.08,-82.06,-141.92
52.393852,-1.526917,156.08,12.78,3,69.02,19 / 21,1607529,2019-09-06 18:42:54:211,0.9106,0.351,9.6766,-0.0041,0.013,9.8065,-0.0715,-0.0357,-0.0021,-29.06,-30.25,10.94,323.54,-82.04,-142.38
52.393852,-1.526917,156.08,12.78,3,69.02,19 / 21,1607628,2019-09-06 18:42:54:310,-1.7025,0.9958,9.8321,0.0138,0.002,9.8066,-0.0894,0.0293,-0.0127,-28,-30.75,11.06,323.21,-82.12,-143.1
52.393852,-1.526917,156.08,12.78,3,69.02,19 / 21,1607728,2019-09-06 18:42:54:410,-0.2027,0.3048,10.157,-0.0208,0.009,9.8066,0.137,-0.0263,-0.0138,-28.37,-30.12,11.5,325.59,-82.38,-143.12
52.393852,-1.526917,156.08,12.78,3,69.02,19 / 21,1607828,2019-09-06 18:42:54:510,-0.1394,-0.1451,9.9305,-0.0241,0.0205,9.8065,0.1369,-0.0935,-0.0096,-29.06,-30.31,10.75,322.15,-82.43,-143.88
52.393852,-1.526917,156.08,12.78,3,69.02,19 / 21,1607929,2019-09-06 18:42:54:611,0.3505,1.0159,9.325,0.0181,0.0046,9.8065,0.0394,-0.0819,0.0749,-27.44,-30.44,10.38,319.51,-82.34,-145.37
52.393852,-1.526917,156.08,12.78,3,69.02,19 / 21,1608029,2019-09-06 18:42:54:711,-0.4368,0.8587,9.8387,-0.0104,0.0026,9.8066,0.0762,0.068,-0.0297,-26.81,-30.31,11.13,322.03,-82.39,-145.07
52.393852,-1.526917,156.08,12.78,3,69.02,19 / 21,1608129,2019-09-06 18:42:54:811,-1.5436,1.0769,9.4235,-0.0043,0.006,9.8066,-0.1274,-0.0091,-0.048,-27.12,-29.87,12.25,324.25,-82.5,-145.03
52.393852,-1.526917,156.08,12.78,3,69.02,19 / 21,1608228,2019-09-06 18:42:54:910,-0.6593,0.3755,9.5416,0.0069,-0.0007,9.8066,-0.0642,-0.0493,0.0273,-28.62,-30.56,11.56,322.43,-82.56,-145.33
52.393852,-1.526917,156.08,12.78,3,69.02,19 / 21,1608329,2019-09-06 18:42:55:011,-0.1254,0.6147,10.2688,-0.0102,-0.0034,9.8066,0.1525,-0.0257,-0.0298,-27.94,-30.25,11.19,321.6,-82.52,-144.97
52.393852,-1.526917,156.08,12.78,3,69.02,20 / 21,1608429,2019-09-06 18:42:55:111,-0.3799,0.3286,10.389,-0.0214,0.012,9.8065,0.1448,-0.0483,0.0264,-28.37,-30.37,11.38,321.54,-82.54,-145.04
52.393852,-1.526917,156.08,12.78,3,69.02,20 / 21,1608528,2019-09-06 18:42:55:210,-0.1002,0.2515,10.3885,0.0259,-0.0061,9.8065,-0.0206,-0.0188,-0.0063,-27.75,-30,11.44,321.59,-82.56,-145.01
52.393852,-1.526917,156.08,12.78,3,69.02,20 / 21,1608629,2019-09-06 18:42:55:311,0.088,0.4685,9.1373,0.0204,-0.0036,9.8066,-0.0002,-0.0268,-0.0036,-28.69,-30.56,11.13,319.79,-82.45,-145.86
52.393852,-1.526917,156.08,12.78,3,69.02,20 / 21,1608729,2019-09-06 18:42:55:411,-0.2131,0.5565,9.336,0.0067,0.0042,9.8066,-0.1678,-0.0376,-0.002,-28.37,-30.75,11.94,322.41,-82.49,-145.88
52.393852,-1.526917,156.08,12.78,3,69.02,20 / 21,1608828,2019-09-06 18:42:55:510,-1.009,1.4299,9.2163,0.0156,-0.0039,9.8066,-0.1288,0.0251,-0.0146,-28.37,-30.37,10.88,320.39,-82.54,-146.06
52.393852,-1.526917,156.08,12.78,3,69.02,20 / 21,1608929,2019-09-06 18:42:55:611,-0.2754,-0.101,10.2857,-0.0234,0.0017,9.8066,0.0944,-0.0453,0.0408,-28.06,-30.25,11.06,321.58,-82.54,-145
52.393852,-1.526917,156.08,12.78,3,69.02,20 / 21,1609030,2019-09-06 18:42:55:712,-0.8877,0.2091,9.8383,-0.0132,0.0059,9.8066,0.0072,0.0244,-0.0147,-28.87,-30,11.25,320.95,-82.52,-145.02
52.393852,-1.526917,156.08,12.78,3,69.02,20 / 21,1609129,2019-09-06 18:42:55:811,-0.8571,0.9643,9.7135,-0.0032,-0.0008,9.8066,0.0795,-0.0127,0.0371,-28.31,-30.37,10.94,321.87,-82.47,-144.69
52.393852,-1.526917,156.08,12.78,3,69.02,20 / 21,1609229,2019-09-06 18:42:55:911,-0.774,0.0533,10.1531,-0.0165,0.0072,9.8066,0.0791,-0.0037,-0.0197,-28.87,-29.87,11.69,323.98,-82.54,-144.08
52.393852,-1.526917,156.08,12.78,3,69.02,20 / 21,1609329,2019-09-06 18:42:56:011,-0.5895,0.7681,9.4979,0.0242,-0.0027,9.8066,-0.1271,-0.0088,0.0153,-28.12,-30.75,11.19,321.42,-82.61,-145.04
52.393852,-1.526917,156.08,12.78,3,69.02,20 / 21,1609429,2019-09-06 18:42:56:111,-1.1938,0.8837,9.5776,0.0219,-0.0075,9.8066,-0.1,0.0296,-0.0139,-28.62,-30.37,11.38,321.5,-82.68,-144.63
52.393852,-1.526917,156.08,12.78,3,69.02,20 / 21,1609530,2019-09-06 18:42:56:212,-1.0824,0.9466,9.9846,-0.012,0.0116,9.8066,0.0461,0.0103,0.0091,-28.62,-30.12,11.19,321.72,-82.72,-144.46
52.393852,-1.526917,156.08,12.78,3,69.02,20 / 21,1609628,2019-09-06 18:42:56:310,-0.9981,0.7139,9.5097,-0.0006,0.0083,9.8066,0.0524,0.0231,-0.0544,-28.5,-30.5,10.94,321.77,-82.84,-145.04
52.393852,-1.526917,156.08,12.78,3,69.02,20 / 21,1609729,2019-09-06 18:42:56:411,-1.5451,1.3591,9.3906,-0.0101,0.0052,9.8066,0.0471,0.0053,0.0194,-28.44,-30.5,11.06,320.84,-82.89,-145.91
52.393852,-1.526917,156.08,12.78,3,69.02,20 / 21,1609828,2019-09-06 18:42:56:510,-1.1769,1.4369,9.637,-0.0086,-0.0023,9.8066,-0.0354,0.0571,-0.0309,-28.62,-31.12,10.56,319.66,-82.79,-146.22
52.393852,-1.526917,156.08,12.78,3,69.02,20 / 21,1609928,2019-09-06 18:42:56:610,-0.9575,0.9662,9.915,-0.0092,-0.0016,9.8066,0.0732,0.0903,-0.02,-28.5,-30.37,11.13,320.66,-82.81,-146.01
52.393852,-1.526917,156.08,12.78,3,69.02,20 / 21,1610028,2019-09-06 18:42:56:710,-0.7658,0.4012,9.745,-0.0035,-0.0002,9.8066,0.0222,-0.005,0.0366,-28.62,-30.62,10.88,319.59,-82.78,-146.27
52.393852,-1.526917,156.08,12.78,3,69.02,20 / 21,1610128,2019-09-06 18:42:56:810,-0.3473,1.9809,9.3894,-0.0039,0.0057,9.8066,-0.0334,-0.0236,0.0628,-28.81,-30,11.06,320.14,-82.72,-145.88
52.393852,-1.526917,156.08,12.78,3,69.02,20 / 21,1610228,2019-09-06 18:42:56:910,-0.0604,0.3318,10.1598,-0.0042,-0.0026,9.8066,-0.033,0.0474,-0.0081,-28.25,-30.62,11.69,323.25,-82.72,-145.29
52.393852,-1.526917,156.08,12.78,3,69.02,20 / 21,1610328,2019-09-06 18:42:57:010,-0.9219,1.5504,9.9136,0.0094,-0.009,9.8065,-0.0146,0.0664,-0.0301,-28.56,-29.94,10.69,320.96,-82.71,-145.13
52.39416,-1.525595,157.28,8.14,4,68.07,20 / 21,1610429,2019-09-06 18:42:57:111,-0.2543,1.0361,9.6586,0.0173,-0.0061,9.8066,-0.0696,-0.0053,0.0046,-28.06,-30.31,11.13,322.15,-82.74,-144.63
52.39416,-1.525595,157.28,8.14,4,68.07,20 / 21,1610528,2019-09-06 18:42:57:210,-0.9372,1.0007,10.0586,-0.0102,0.0053,9.8066,0.0596,0.0294,0.0335,-28.31,-30.5,10.56,322.21,-82.71,-144.55
52.39416,-1.525595,157.28,8.14,4,68.07,20 / 21,1610629,2019-09-06 18:42:57:311,-1.2356,0.539,9.8295,-0.0118,-0.0059,9.8065,0.0751,0.0634,-0.0048,-27.94,-30.5,11.25,322.93,-82.72,-143.91
52.39416,-1.525595,157.28,8.14,4,68.07,20 / 21,1610728,2019-09-06 18:42:57:410,-1.4055,0.9124,10.1398,-0.0071,-0.0038,9.8066,0.0098,0.066,-0.019,-28.75,-31.06,10.69,322.32,-82.68,-143.74
52.39416,-1.525595,157.28,8.14,4,68.07,20 / 21,1610829,2019-09-06 18:42:57:511,-0.7972,1.3006,9.8789,-0.0045,-0.0006,9.8066,0.0108,0.0128,0.0081,-27.87,-29.87,10.81,323.5,-82.68,-143.37
52.39416,-1.525595,157.28,8.14,4,68.07,20 / 21,1610928,2019-09-06 18:42:57:610,-0.8376,0.9188,9.6456,-0.0039,-0.001,9.8066,-0.0274,-0.0055,0.0268,-28.25,-30.75,10.5,323.97,-82.66,-142.8
52.39416,-1.525595,157.28,8.14,4,68.07,20 / 21,1611029,2019-09-06 18:42:57:711,-0.5664,1.2057,9.7676,0.0008,-0.0008,9.8066,-0.0156,0.0384,0.0088,-29.25,-30.5,10.31,321.79,-82.61,-142.53
52.39416,-1.525595,157.28,8.14,4,68.07,20 / 21,1611128,2019-09-06 18:42:57:810,-0.4432,0.4186,9.685,-0.0001,-0.0069,9.8065,-0.0089,0.0235,-0.0027,-28.75,-30.69,10.56,324.12,-82.51,-142.03
52.39416,-1.525595,157.28,8.14,4,68.07,20 / 21,1611229,2019-09-06 18:42:57:911,-0.8417,0.9181,9.9845,0.002,-0.0011,9.8066,-0.0438,0.0542,0.0013,-29.5,-30.25,10.25,322.36,-82.49,-141.94
52.39416,-1.525595,157.28,8.14,4,68.07,20 / 21,1611329,2019-09-06 18:42:58:011,-0.4867,0.793,9.7885,-0.006,-0.0013,9.8066,0.0659,-0.0167,0.0245,-28.25,-30,10.31,322.99,-82.51,-141.88
52.39416,-1.525595,157.28,8.14,4,68.07,20 / 21,1611428,2019-09-06 18:42:58:110,-0.576,0.7358,10.3748,-0.0164,-0.0043,9.8066,0.0788,0.0683,-0.0337,-28.37,-30.25,10.69,326.03,-82.5,-141.01
52.39416,-1.525595,157.28,8.14,4,68.07,20 / 21,1611529,2019-09-06 18:42:58:211,-0.8311,0.6122,9.8178,0.0233,-0.0124,9.8066,-0.0335,0.0863,-0.0094,-29.25,-30,10.19,322.79,-82.39,-141.48
52.39416,-1.525595,157.28,8.14,4,68.07,20 / 21,1611629,2019-09-06 18:42:58:311,-0.5723,-0.1212,9.4154,0.0136,-0.0037,9.8066,-0.0302,-0.0321,0.0353,-28.62,-30.37,10.31,322.94,-82.44,-141.39
52.39416,-1.525595,157.28,8.14,4,68.07,20 / 21,1611729,2019-09-06 18:42:58:411,-0.9983,0.5088,9.9789,-0.0068,0.0081,9.8065,-0.002,-0.0208,0.0064,-29,-30.75,10.25,323.39,-82.46,-140.85
52.39416,-1.525595,157.28,8.14,4,68.07,20 / 21,1611829,2019-09-06 18:42:58:511,-0.5735,0.5958,9.9234,-0.0114,0.0048,9.8066,0.0002,0.0443,-0.0283,-29.06,-30.12,10.13,323.82,-82.52,-140.65
52.39416,-1.525595,157.28,8.14,4,68.07,20 / 21,1611929,2019-09-06 18:42:58:611,-0.1843,0.7252,9.8252,0.0032,0.0081,9.8066,-0.0224,0.0152,-0.0029,-28.37,-30.31,10.38,324.44,-82.62,-140.65
52.39416,-1.525595,157.28,8.14,4,68.07,20 / 21,1612029,2019-09-06 18:42:58:711,-1.1128,0.5064,9.7136,0.0041,-0.0019,9.8066,-0.0437,0.0455,-0.0148,-28.81,-30.56,10.13,323.5,-82.67,-140.89
52.39416,-1.525595,157.28,8.14,4,68.07,20 / 21,1612129,2019-09-06 18:42:58:811,-0.4359,0.4211,9.8405,-0.0028,0.0019,9.8066,0.0353,0.0198,0.0105,-28.75,-30.19,9.81,323.15,-82.71,-141.37
52.39416,-1.525595,157.28,8.14,4,68.07,20 / 21,1612229,2019-09-06 18:42:58:911,-0.5674,0.6144,9.4761,-0.0093,-0.0022,9.8066,0.0175,0.0253,0.0164,-28.25,-30.62,10.13,323.93,-82.7,-141.02
52.39416,-1.525595,157.28,8.14,4,68.07,20 / 21,1612329,2019-09-06 18:42:59:011,-1.1305,0.5419,10.1599,-0.0017,0,9.8066,-0.0154,0.0357,-0.0104,-28.56,-30.19,9.63,323.51,-82.65,-141.02
52.39416,-1.525595,157.28,8.14,4,68.07,20 / 21,1612429,2019-09-06 18:42:59:111,-0.2974,0.4964,10.3049,-0.0092,0.0084,9.8066,0.0098,-0.0004,0.0104,-28.62,-29.62,9.88,323.78,-82.76,-140.84
52.39416,-1.525595,157.28,8.14,4,68.07,20 / 21,1612528,2019-09-06 18:42:59:210,-0.6316,0.4694,10.1248,0.0126,0.0052,9.8066,-0.0236,-0.0249,0.0051,-28.25,-30.62,9.88,323.76,-82.81,-141.24
52.39416,-1.525595,157.28,8.14,4,68.07,20 / 21,1612629,2019-09-06 18:42:59:311,-0.3063,0.4003,9.5951,0.0076,0.0029,9.8066,-0.0163,-0.0174,-0.0405,-28.94,-30.37,9.06,321.31,-82.88,-141.31
52.39416,-1.525595,157.28,8.14,4,68.07,20 / 21,1612729,2019-09-06 18:42:59:411,-0.4664,0.2086,9.6063,-0.0113,0.0053,9.8065,0.0119,0.0036,0.0103,-28.94,-30.62,9.75,323.05,-83.02,-141.52
52.39416,-1.525595,157.28,8.14,4,68.07,20 / 21,1612828,2019-09-06 18:42:59:510,-0.42,0.2232,9.8086,-0.0088,0.0013,9.8066,-0.0103,-0.0255,-0.0166,-28.62,-29.94,10.06,323.13,-83.03,-141.6
52.39416,-1.525595,157.28,8.14,4,68.07,20 / 21,1612928,2019-09-06 18:42:59:610,-0.4711,-0.0006,10.2807,0.0022,0.0019,9.8066,0.0378,-0.0048,-0.0171,-28.75,-30.06,9.81,323.17,-83.01,-141.55
52.39416,-1.525595,157.28,8.14,4,68.07,20 / 21,1613029,2019-09-06 18:42:59:711,0.0642,-0.0351,9.8627,-0.0133,0.0109,9.8066,0.0533,-0.0404,0.0321,-28.56,-30.31,9.69,323.24,-83.18,-141.59
52.39416,-1.525595,157.28,8.14,4,68.07,20 / 21,1613129,2019-09-06 18:42:59:811,0.5171,0.7448,9.7794,-0.0027,0.0049,9.8066,-0.0218,-0.0264,-0.0173,-27.87,-30.5,9.88,323.96,-83.29,-141.52
52.39416,-1.525595,157.28,8.14,4,68.07,20 / 21,1613229,2019-09-06 18:42:59:911,-0.5808,0.0048,10.1112,-0.0017,-0.0021,9.8066,-0.0079,0.0119,0.001,-28.62,-30.69,9.88,323.74,-83.31,-141.1
52.39416,-1.525595,157.28,8.14,4,68.07,20 / 21,1613329,2019-09-06 18:43:00:011,0.0801,-0.266,9.583,0.0098,0.0011,9.8066,0.0333,-0.018,0.0559,-28.31,-29.94,9.75,323.4,-83.37,-142.08
52.39416,-1.525595,157.28,8.14,4,68.07,20 / 21,1613428,2019-09-06 18:43:00:110,-0.0197,0.4634,9.5527,0.0097,-0.003,9.8066,-0.0547,0.0173,-0.0594,-28.31,-29.69,10.63,324.83,-83.27,-142.57
52.39416,-1.525595,157.28,8.14,4,68.07,20 / 21,1613528,2019-09-06 18:43:00:210,0.071,0.0494,9.9906,0.011,0.0045,9.8066,0.0117,-0.0148,-0.011,-28.5,-29.81,10.06,320.88,-83.24,-144.27
52.39416,-1.525595,157.28,8.14,4,68.07,20 / 21,1613629,2019-09-06 18:43:00:311,0.5298,0.2706,10.3358,-0.0028,-0.001,9.8066,0.0665,0.0132,0.0308,-28.75,-29.87,9.69,319.74,-83.23,-144.8
52.39416,-1.525595,157.28,8.14,4,68.07,20 / 21,1613729,2019-09-06 18:43:00:411,0.003,0.4055,9.9813,0.0139,-0.0012,9.8066,0.045,-0.0208,0.0065,-28.12,-29.69,10.13,319.42,-83.08,-145.48
52.39416,-1.525595,157.28,8.14,4,68.07,20 / 21,1613829,2019-09-06 18:43:00:511,0.6856,-0.4112,10.0407,0.0129,-0.0001,9.8066,0.0472,-0.0198,-0.0266,-27.87,-29.81,10.06,319.05,-83.05,-145.79
52.39416,-1.525595,157.28,8.14,4,68.07,20 / 21,1613928,2019-09-06 18:43:00:610,0.3163,0.0769,9.7314,0.0055,0.0006,9.8066,-0.1249,-0.0108,-0.0185,-27.81,-30.56,10.19,319.08,-83.19,-145.72
52.39416,-1.525595,157.28,8.14,4,68.07,20 / 21,1614028,2019-09-06 18:43:00:710,-0.2918,0.1439,9.6902,0.0012,0.0152,9.8065,-0.1206,-0.0357,0.0349,-28.12,-29.87,9.69,318.92,-83.37,-146.14
52.39416,-1.525595,157.28,8.14,4,68.07,20 / 21,1614128,2019-09-06 18:43:00:810,-0.0719,0.0643,9.847,-0.037,0.0102,9.8066,0.036,-0.013,0.0355,-28.12,-30.37,10.13,321.31,-83.68,-144.18
52.39416,-1.525595,157.28,8.14,4,68.07,20 / 21,1614228,2019-09-06 18:43:00:910,0.3377,-0.6171,9.8985,-0.0392,0.0106,9.8065,0.0007,0.018,-0.0277,-28.37,-30.37,10.31,322.17,-83.83,-143.5
52.39416,-1.525595,157.28,8.14,4,68.07,20 / 21,1614329,2019-09-06 18:43:01:011,1.2751,0.5507,10.1961,0.0244,-0.0033,9.8065,0.0279,-0.0513,0.042,-27.62,-29.87,10.69,323.27,-83.84,-144.34
52.39416,-1.525595,157.28,8.14,4,68.07,20 / 21,1614428,2019-09-06 18:43:01:110,1.3104,0.0852,10.241,0.0274,-0.0062,9.8066,0.0568,0.0128,-0.0227,-28.12,-30.5,9.88,321.14,-83.77,-144.4
52.39416,-1.525595,157.28,8.14,4,68.07,20 / 21,1614528,2019-09-06 18:43:01:210,0.2496,-0.5298,10.0885,0.0067,-0.0081,9.8066,-0.0617,-0.0526,0.0421,-28.37,-30.12,9.88,320.92,-83.73,-144.57
52.39416,-1.525595,157.28,8.14,4,68.07,20 / 21,1614629,2019-09-06 18:43:01:311,1.0045,0.2042,9.2045,0.0034,-0.0003,9.8066,-0.1118,0.0096,-0.0291,-28.5,-30.44,10.63,322.79,-83.61,-144.63
52.39416,-1.525595,157.28,8.14,4,68.07,20 / 21,1614729,2019-09-06 18:43:01:411,0.2484,-0.3247,9.4356,-0.025,0.0106,9.8066,0.1138,-0.0164,-0.0405,-28,-30.81,10,320.35,-83.73,-144.96
52.39416,-1.525595,157.28,8.14,4,68.07,20 / 21,1614828,2019-09-06 18:43:01:510,1.3426,-0.1174,9.7026,-0.0378,0.0224,9.8065,0.0616,-0.0058,-0.025,-28.06,-30.75,9.81,319.69,-83.84,-145.64
52.39416,-1.525595,157.28,8.14,4,68.07,20 / 21,1614929,2019-09-06 18:43:01:611,0.8286,0.5442,10.0412,0.0119,0.0022,9.8065,-0.0874,0.0084,0.011,-27.87,-30,9.88,319.24,-83.91,-146.24
52.39416,-1.525595,157.28,8.14,4,68.07,20 / 21,1615029,2019-09-06 18:43:01:711,0.0633,0.1403,10.0134,0.0124,-0.0009,9.8066,-0.0768,-0.0134,0.0112,-28.12,-30.31,9.75,320.16,-84.05,-145.49
52.39416,-1.525595,157.28,8.14,4,68.07,20 / 21,1615129,2019-09-06 18:43:01:811,-0.3218,0.1001,10.0299,-0.017,0.0088,9.8065,0.0365,-0.0001,-0.055,-28.31,-30,9.38,318.48,-84.1,-145.19
52.39416,-1.525595,157.28,8.14,4,68.07,20 / 21,1615229,2019-09-06 18:43:01:911,0.2126,0.9199,9.8881,0.0012,0.0038,9.8066,0.0313,0.0359,-0.0349,-28.25,-29.56,10.13,319.66,-84.21,-146.07
52.39416,-1.525595,157.28,8.14,4,68.07,20 / 21,1615328,2019-09-06 18:43:02:010,-0.36,-0.3926,9.7624,0.0127,-0.0039,9.8066,0.0342,0,-0.0094,-27.25,-30.12,10.75,320.29,-84.08,-147.83
52.39416,-1.525595,157.28,8.14,4,68.07,20 / 21,1615428,2019-09-06 18:43:02:110,0.4807,0.5401,9.7707,0.0076,0.0103,9.8066,-0.024,-0.007,-0.0217,-28.12,-30.25,9.81,316.18,-84.08,-149.18
52.39416,-1.525595,157.28,8.14,4,68.07,20 / 21,1615528,2019-09-06 18:43:02:210,0.4336,0.3101,9.8742,-0.0051,-0.0019,9.8066,0.0045,0.0274,-0.0552,-27.62,-30.44,10.44,315.98,-84.13,-149.4
52.39416,-1.525595,157.28,8.14,4,68.07,20 / 21,1615629,2019-09-06 18:43:02:311,0.03,0.2852,10.5831,-0.0208,0.0048,9.8065,0.0146,-0.0099,0.0086,-27.56,-30.87,10.56,318.78,-84.26,-148.62
52.39416,-1.525595,157.28,8.14,4,68.07,20 / 21,1615729,2019-09-06 18:43:02:411,-0.5381,0.0159,10.174,0.0149,-0.0096,9.8065,-0.0889,-0.0005,0.022,-28.87,-30.62,9.63,318.02,-84.45,-147.12
52.39416,-1.525595,157.28,8.14,4,68.07,20 / 21,1615828,2019-09-06 18:43:02:510,-1.0128,0.5217,9.7932,-0.001,-0.007,9.8065,-0.1227,0.0021,-0.0075,-27.62,-29.69,10.19,319.23,-84.4,-146.59
52.39416,-1.525595,157.28,8.14,4,68.07,20 / 21,1615929,2019-09-06 18:43:02:611,-0.5721,-0.0007,10.0948,0.0016,0.0004,9.8066,0.0679,0.0175,0.0045,-28.5,-30.56,10.19,319.95,-84.41,-145.82
52.39416,-1.525595,157.28,8.14,4,68.07,20 / 21,1616029,2019-09-06 18:43:02:711,0.5132,0.8208,9.8667,-0.0141,0.003,9.8066,0.0384,0.0466,0.0043,-28.44,-30,9.44,318.03,-84.5,-145.9
52.39416,-1.525595,157.28,8.14,4,68.07,20 / 21,1616129,2019-09-06 18:43:02:811,0.2648,0.5396,10.168,0.021,-0.0122,9.8065,-0.0009,0.0034,0.023,-27.56,-30.5,9.5,320.63,-84.34,-145.26
52.39416,-1.525595,157.28,8.14,4,68.07,20 / 21,1616228,2019-09-06 18:43:02:910,0.1186,0.2858,9.9284,-0.0008,-0.0068,9.8066,0.0004,0.0151,0.0294,-27.25,-30.56,9.75,322.34,-84.33,-144.11
52.39416,-1.525595,157.28,8.14,4,68.07,20 / 21,1616328,2019-09-06 18:43:03:010,-0.6808,0.4206,10.0822,-0.0145,0.0004,9.8066,0.0441,0.0875,-0.0154,-27.87,-30.75,9.69,322.26,-84.27,-143.59
52.39416,-1.525595,157.28,8.14,4,68.07,19 / 20,1616429,2019-09-06 18:43:03:111,0.5235,1.3211,9.6738,-0.0027,0.0143,9.8066,0.0227,0.0375,-0.0146,-27.37,-30.62,10.25,322.61,-84.38,-143.9
52.39416,-1.525595,157.28,8.14,4,68.07,19 / 20,1616528,2019-09-06 18:43:03:210,0.1182,0.9042,9.915,-0.003,0.0026,9.8066,0.0098,0.0845,-0.0187,-28.19,-31,9.81,321.58,-84.42,-144.32
52.39416,-1.525595,157.28,8.14,4,68.07,19 / 20,1616629,2019-09-06 18:43:03:311,0.3913,0.7975,10.0094,-0.0158,0.0019,9.8066,-0.0035,0.1011,0.0319,-28.06,-30,9.75,322.14,-84.48,-143.97
52.39416,-1.525595,157.28,8.14,4,68.07,19 / 20,1616729,2019-09-06 18:43:03:411,0.3322,0.9484,9.792,-0.0038,-0.0014,9.8066,0.0462,0.1506,-0.0191,-28.06,-29.81,9.56,323.33,-84.53,-142.89
52.39416,-1.525595,157.28,8.14,4,68.07,19 / 20,1616828,2019-09-06 18:43:03:510,0.6441,0.9572,9.22,0.0124,0.0117,9.8066,0.0863,0.1213,-0.0365,-28.06,-30.81,9,320.69,-84.61,-143.4
52.39416,-1.525595,157.28,8.14,4,68.07,19 / 20,1616928,2019-09-06 18:43:03:610,0.4575,0.9702,9.4418,-0.0233,0.0234,9.8065,0.0674,0.1556,-0.0151,-28.44,-30.81,8.56,318.77,-84.65,-145.21
52.39416,-1.525595,157.28,8.14,4,68.07,19 / 20,1617028,2019-09-06 18:43:03:710,0.6602,1.1727,9.3354,-0.0089,0.0136,9.8066,0.0401,0.1606,0.0093,-27.37,-30.12,8.13,315.97,-84.9,-146.64
52.39416,-1.525595,157.28,8.14,4,68.07,19 / 20,1617129,2019-09-06 18:43:03:811,-0.9117,1.4739,9.2895,0.0042,0.004,9.8066,0.0426,0.2668,-0.0362,-27.75,-30.87,8.06,313.85,-84.83,-148
52.39416,-1.525595,157.28,8.14,4,68.07,19 / 20,1617229,2019-09-06 18:43:03:911,1.704,1.4618,9.4099,-0.0114,0.0083,9.8066,0.1043,0.1781,0.0247,-28.06,-30.75,7.5,313.39,-84.9,-148.49
52.39416,-1.525595,157.28,8.14,4,68.07,19 / 20,1617328,2019-09-06 18:43:04:010,0.4602,1.4038,9.7826,0.0154,0.0009,9.8066,-0.0975,0.1949,-0.0523,-27,-30.44,6.81,311.13,-84.89,-149.14
52.39416,-1.525595,157.28,8.14,4,68.07,20 / 21,1617429,2019-09-06 18:43:04:111,-0.3104,1.8575,9.769,0.0033,0.0093,9.8066,-0.0763,0.2189,-0.038,-26.81,-31.19,6.94,311.43,-85.06,-148.88
52.39416,-1.525595,157.28,8.14,4,68.07,20 / 21,1617529,2019-09-06 18:43:04:211,0.6411,1.8743,9.792,-0.024,0.0162,9.8066,0.0643,0.2502,-0.0323,-27.69,-31,6,308.44,-85.21,-149.49
52.39416,-1.525595,157.28,8.14,4,68.07,20 / 21,1617628,2019-09-06 18:43:04:310,-0.186,2.4876,9.5567,-0.0052,0.0079,9.8066,0.0209,0.2853,-0.053,-26.56,-31.31,6.25,308.1,-85.44,-150.31
52.39416,-1.525595,157.28,8.14,4,68.07,20 / 21,1617728,2019-09-06 18:43:04:410,-0.024,2.6191,9.5057,0.0078,0.0118,9.8066,0.0105,0.3343,-0.0383,-26.31,-31.81,5.56,306.04,-85.53,-152.54
52.39416,-1.525595,157.28,8.14,4,68.07,20 / 21,1617829,2019-09-06 18:43:04:511,-0.6456,1.7102,9.5917,0.0122,-0.0013,9.8066,-0.0108,0.3226,-0.0262,-26.06,-31.87,4.94,302.99,-85.52,-153.26
52.39416,-1.525595,157.28,8.14,4,68.07,20 / 21,1617928,2019-09-06 18:43:04:610,0.053,2.8024,9.4945,-0.0141,0.0094,9.8066,-0.0223,0.3778,-0.041,-25.5,-31.75,4.81,303,-85.62,-153.62
52.39416,-1.525595,157.28,8.14,4,68.07,20 / 21,1618029,2019-09-06 18:43:04:711,0.0673,1.9853,9.762,-0.0117,0.0015,9.8065,-0.0569,0.3777,-0.0463,-25.06,-32.25,4.75,303.39,-85.73,-153.36
52.39416,-1.525595,157.28,8.14,4,68.07,20 / 21,1618129,2019-09-06 18:43:04:811,0.1485,2.1338,10.1353,0,0.012,9.8066,-0.0313,0.3332,-0.0694,-25.06,-31.62,3.44,299.03,-85.86,-153.15
52.39416,-1.525595,157.28,8.14,4,68.07,20 / 21,1618228,2019-09-06 18:43:04:910,-0.0788,2.6221,9.8749,0.0011,0.0213,9.8066,0.0062,0.4131,-0.089,-24.37,-31.06,2.69,296.19,-86.1,-156.38
52.39416,-1.525595,157.28,8.14,4,68.07,20 / 21,1618329,2019-09-06 18:43:05:011,-0.0383,3.0409,9.4534,-0.0062,0.016,9.8065,0.0199,0.3827,-0.0187,-23.19,-31.37,2.06,288.26,-86.28,-161.92
52.39416,-1.525595,157.28,8.14,4,68.07,20 / 21,1618428,2019-09-06 18:43:05:110,-0.6524,3.2194,9.3864,-0.0145,-0.0013,9.8066,0.0209,0.4297,-0.0897,-23.56,-31.37,2,287.92,-86.29,-162.25
52.39416,-1.525595,157.28,8.14,4,68.07,20 / 21,1618529,2019-09-06 18:43:05:211,-0.1443,2.6354,9.7795,0.0116,0.0162,9.8065,0.0286,0.4311,-0.0458,-22.94,-31.62,1.25,280.9,-86.21,-166.38
52.39416,-1.525595,157.28,8.14,4,68.07,20 / 21,1618628,2019-09-06 18:43:05:310,-1.0296,3.211,9.5946,0.0064,0.0143,9.8066,-0.0041,0.502,-0.0932,-21.5,-31.87,1,278.1,-86.2,-168.85
52.39416,-1.525595,157.28,8.14,4,68.07,20 / 21,1618728,2019-09-06 18:43:05:410,-0.5211,2.6943,9.7534,-0.0298,0.0138,9.8065,0.0183,0.4878,-0.0576,-21,-31.44,0.56,275.22,-86.28,-172.01
52.39416,-1.525595,157.28,8.14,4,68.07,20 / 21,1618828,2019-09-06 18:43:05:510,-0.5382,2.1462,10.718,-0.0237,0.0053,9.8066,0.001,0.4586,-0.0544,-20.12,-31.81,-0.37,269.24,-86.6,-175.31
52.39416,-1.525595,157.28,8.14,4,68.07,20 / 21,1618928,2019-09-06 18:43:05:610,-0.4407,2.9208,10.1795,0.012,0.0201,9.8065,0.0399,0.479,-0.0227,-19.06,-32.06,-1.37,262.29,-86.64,-179.09
52.39416,-1.525595,157.28,8.14,4,68.07,20 / 21,1619028,2019-09-06 18:43:05:710,0.0459,2.7649,9.6321,0.0153,0.0081,9.8066,0.0595,0.5093,-0.0219,-18.25,-31.5,-1.37,260.53,-86.57,179.53
52.39416,-1.525595,157.28,8.14,4,68.07,20 / 21,1619132,2019-09-06 18:43:05:814,-1.0575,2.5381,9.9193,0.008,0.0028,9.8066,0.0642,0.5343,-0.0851,-17.44,-32.37,-1.56,255.05,-86.38,178.29
52.39416,-1.525595,157.28,8.14,4,68.07,20 / 21,1619229,2019-09-06 18:43:05:911,-0.3678,2.5446,10.2363,0.0149,0.0201,9.8065,0.0037,0.4918,-0.0228,-16.56,-32,-2.31,252.33,-86.1,175.97
52.39416,-1.525595,157.28,8.14,4,68.07,20 / 21,1619328,2019-09-06 18:43:06:010,-0.0828,1.7718,10.2234,0.0358,0.0124,9.8066,-0.011,0.5181,-0.0683,-15.75,-32.5,-2.19,250.28,-85.78,175.28
52.394417,-1.524872,158.98,5.51,4,10.72,20 / 21,1619429,2019-09-06 18:43:06:111,-0.1868,1.9858,10.2481,0.0289,0.0104,9.8066,0.024,0.5014,-0.0424,-15.44,-32.25,-1.5,251.64,-85.5,174.54
52.394417,-1.524872,158.98,5.51,4,10.72,20 / 21,1619528,2019-09-06 18:43:06:210,0.0286,1.9366,9.9682,0.024,0.0007,9.8065,0.0574,0.4417,-0.0211,-14.12,-32.69,-1.62,246.41,-85.09,175.04
52.394417,-1.524872,158.98,5.51,4,10.72,20 / 21,1619629,2019-09-06 18:43:06:311,0.3199,1.6414,10.0069,0.0178,0.0027,9.8066,0.0846,0.4181,-0.0213,-13.44,-32.44,-1.62,246.23,-84.78,176.62
52.394417,-1.524872,158.98,5.51,4,10.72,20 / 21,1619729,2019-09-06 18:43:06:411,-0.0623,1.4559,10.0406,0.0087,-0.0014,9.8066,0.1015,0.4212,-0.023,-13.25,-31.69,-1.87,246.38,-84.64,177.09
52.394417,-1.524872,158.98,5.51,4,10.72,20 / 21,1619829,2019-09-06 18:43:06:511,1.2004,1.8042,10.1261,0.0084,0.0086,9.8066,-0.0412,0.4132,-0.0741,-11.81,-32.5,-2,244.11,-84.4,176.87
52.394417,-1.524872,158.98,5.51,4,10.72,20 / 21,1619929,2019-09-06 18:43:06:611,0.8304,2.4962,10.0116,-0.0009,0.0017,9.8066,-0.0592,0.3518,0.0068,-11.94,-32.62,-2.06,243.15,-84.33,176.41
52.394417,-1.524872,158.98,5.51,4,10.72,20 / 21,1620030,2019-09-06 18:43:06:712,0.7268,1.44,9.8508,0.0104,-0.0077,9.8066,0.0399,0.2795,0.0209,-10.75,-32,-1.56,242.74,-84.26,177.73
52.394417,-1.524872,158.98,5.51,4,10.72,20 / 21,1620129,2019-09-06 18:43:06:811,-0.127,1.1458,9.5826,0.0162,-0.0123,9.8066,0.0154,0.2911,-0.0058,-10.12,-32.5,-1.06,247.1,-84.13,-179.77
52.394417,-1.524872,158.98,5.51,4,10.72,20 / 21,1620228,2019-09-06 18:43:06:910,1.7128,1.3732,9.6167,0.0142,-0.0184,9.8066,-0.0081,0.2779,0.0148,-10.19,-32,-1.37,249.65,-83.95,-176.3
52.394417,-1.524872,158.98,5.51,4,10.72,20 / 21,1620328,2019-09-06 18:43:07:010,2.0148,0.629,9.55,-0.0022,-0.0194,9.8065,-0.0238,0.1536,0.044,-9.94,-32.12,-1.19,251.18,-83.94,-174.54
52.394417,-1.524872,158.98,5.51,4,10.72,20 / 21,1620429,2019-09-06 18:43:07:111,0.1834,0.1214,10.1702,-0.0226,-0.0132,9.8065,-0.0131,0.1329,-0.008,-10.56,-32,-1.62,250.93,-84.11,-172.67
52.394417,-1.524872,158.98,5.51,4,10.72,20 / 21,1620528,2019-09-06 18:43:07:210,-0.091,-0.0206,9.6719,-0.0135,-0.0108,9.8066,-0.0517,0.1246,-0.0014,-10.69,-31.81,-1.75,251.35,-84.17,-172.35
52.394417,-1.524872,158.98,5.51,4,10.72,20 / 21,1620629,2019-09-06 18:43:07:311,1.3065,1.0394,10.0102,-0.0055,-0.0065,9.8066,0.0757,0.0865,-0.014,-9.44,-31.81,-1.5,251.67,-84.19,-172.14
52.394417,-1.524872,158.98,5.51,4,10.72,20 / 21,1620728,2019-09-06 18:43:07:410,0.7474,0.3071,9.6636,-0.0034,-0.0025,9.8066,0.1024,0.0681,0.0129,-9.12,-31,-1.5,252.28,-84.12,-171.84
52.394417,-1.524872,158.98,5.51,4,10.72,20 / 21,1620829,2019-09-06 18:43:07:511,-0.0273,-0.8295,9.9387,0.0269,-0.004,9.8065,-0.0718,0.0485,0.0332,-9.12,-31.12,-1.12,252.32,-83.76,-170.54
52.394417,-1.524872,158.98,5.51,4,10.72,20 / 21,1620928,2019-09-06 18:43:07:610,1.826,-0.2012,9.9117,0.0164,-0.0045,9.8066,-0.0738,0.0033,0.029,-9.06,-31.12,-0.31,258.64,-83.68,-169.46
52.394417,-1.524872,158.98,5.51,4,10.72,20 / 21,1621029,2019-09-06 18:43:07:711,1.0464,0.4489,9.5706,-0.0097,-0.0125,9.8065,0.0419,-0.0023,0.0443,-9.94,-31.25,-0.5,262.39,-83.76,-168.03
52.394417,-1.524872,158.98,5.51,4,10.72,20 / 21,1621128,2019-09-06 18:43:07:810,2.5773,0.9846,9.8182,-0.0169,-0.0173,9.8065,0.0498,0.0062,0.0272,-9.94,-31.75,-0.75,257.76,-83.82,-166.9
52.394417,-1.524872,158.98,5.51,4,10.72,20 / 21,1621228,2019-09-06 18:43:07:910,1.0086,-0.1766,10.0923,0.0046,0.0031,9.8066,0.016,-0.0189,0.0048,-10.06,-32.44,-0.81,258.3,-83.75,-166.11
52.394417,-1.524872,158.98,5.51,4,10.72,20 / 21,1621329,2019-09-06 18:43:08:011,0.8317,0.1617,9.775,0.0049,-0.0019,9.8066,0.0024,-0.011,0.0368,-10.69,-31.94,-0.62,260.37,-83.68,-166.06
52.394417,-1.524872,158.98,5.51,4,10.72,20 / 21,1621429,2019-09-06 18:43:08:111,1.6882,0.112,9.7964,-0.005,-0.0129,9.8066,0.0434,0.0008,0.0699,-10.5,-31.87,-0.56,259.55,-83.63,-164.36
52.394417,-1.524872,158.98,5.51,4,10.72,20 / 21,1621529,2019-09-06 18:43:08:211,1.7402,-0.5457,9.7705,0,-0.0073,9.8066,0.0618,-0.0081,-0.0208,-10.56,-32.62,-0.81,261.52,-83.5,-163.67
52.394417,-1.524872,158.98,5.51,4,10.72,20 / 21,1621629,2019-09-06 18:43:08:311,1.22,0.0197,9.6188,0.0178,0.0051,9.8066,-0.123,-0.0118,-0.0118,-10.06,-32.06,-0.87,259.29,-83.49,-164.16
52.394417,-1.524872,158.98,5.51,4,10.72,20 / 21,1621728,2019-09-06 18:43:08:410,1.229,0.2471,9.9264,-0.0049,0.0018,9.8066,-0.0168,-0.0222,0.0463,-10.25,-32.19,-2.06,254.26,-83.44,-164.22
52.394417,-1.524872,158.98,5.51,4,10.72,20 / 21,1621829,2019-09-06 18:43:08:511,0.718,0.324,9.8613,0.0124,0.0053,9.8066,-0.0231,-0.0357,0.0155,-10.19,-32,-1.37,258.66,-83.38,-164.48
52.394417,-1.524872,158.98,5.51,4,10.72,20 / 21,1621929,2019-09-06 18:43:08:611,1.8451,0.549,9.8563,-0.0032,-0.0013,9.8066,0.0765,-0.0525,0.0192,-10,-32.06,-1.62,254.61,-83.43,-163.79
52.394417,-1.524872,158.98,5.51,4,10.72,20 / 21,1622028,2019-09-06 18:43:08:710,1.8458,0.0272,9.8148,0.0173,0.0084,9.8066,-0.1244,0.0294,0.0294,-11,-32.31,-1.5,261.62,-83.31,-163.6
52.394417,-1.524872,158.98,5.51,4,10.72,20 / 21,1622129,2019-09-06 18:43:08:811,1.8919,0.3033,10.4899,0.0124,-0.0051,9.8066,0.014,-0.0292,0.0942,-9.81,-32.19,-1.56,255.18,-83.37,-162.97
52.394417,-1.524872,158.98,5.51,4,10.72,20 / 21,1622229,2019-09-06 18:43:08:911,1.4791,0.1656,9.7091,0.0239,0.0066,9.8066,-0.0676,0.0261,-0.0265,-10.87,-32.12,-1.62,258.57,-83.3,-161.97
52.394417,-1.524872,158.98,5.51,4,10.72,20 / 21,1622329,2019-09-06 18:43:09:011,1.8016,-1.1621,9.7491,0.0172,0.0078,9.8066,0.0319,-0.0683,0.1264,-10.25,-32.81,-1.37,259.5,-83.12,-161.93
52.394417,-1.524872,158.98,5.51,4,10.72,18 / 21,1622429,2019-09-06 18:43:09:111,2.1742,0.2638,10.1664,0.0071,0.0021,9.8066,0.0224,-0.0425,-0.0415,-10.81,-32.56,-1.12,261.64,-82.91,-161.65
52.394417,-1.524872,158.98,5.51,4,10.72,18 / 21,1622528,2019-09-06 18:43:09:210,1.062,-0.0993,9.348,-0.0132,-0.0031,9.8066,0.0687,-0.0443,0.0149,-10.31,-32.5,-1.5,259.94,-83,-161.77
52.394417,-1.524872,158.98,5.51,4,10.72,18 / 21,1622629,2019-09-06 18:43:09:311,1.4798,-0.0031,10.0117,0.0023,0.0035,9.8066,-0.0757,-0.0141,-0.0119,-11.25,-32.31,-1.5,262.19,-82.99,-161.99
52.394417,-1.524872,158.98,5.51,4,10.72,18 / 21,1622729,2019-09-06 18:43:09:411,0.5924,-0.7208,9.6667,-0.0016,-0.0008,9.8066,-0.0511,-0.0469,-0.0037,-10.12,-32.12,-1.62,255.21,-83.12,-162.12
52.394417,-1.524872,158.98,5.51,4,10.72,18 / 21,1622828,2019-09-06 18:43:09:510,0.5603,-0.4914,10.0865,-0.0289,0.0045,9.8065,0.111,0.0016,-0.014,-10.56,-32.75,-2,256.46,-83,-162.71
52.394417,-1.524872,158.98,5.51,4,10.72,18 / 21,1622929,2019-09-06 18:43:09:611,1.2554,0.9825,9.3587,-0.0051,0.0046,9.8066,0.0551,0.0235,-0.0342,-10.06,-32.5,-1.12,257.18,-83.02,-164.87
52.394417,-1.524872,158.98,5.51,4,10.72,18 / 21,1623030,2019-09-06 18:43:09:712,1.8133,0.8788,10.1075,0.0224,0.0116,9.8065,-0.0607,0.0124,-0.0354,-10.19,-32.87,-1.31,254.77,-82.79,-166.04
52.394417,-1.524872,158.98,5.51,4,10.72,18 / 21,1623128,2019-09-06 18:43:09:810,1.1033,0.3237,10.1486,-0.005,0.0067,9.8066,-0.0487,0.0254,0.0198,-10.5,-32.75,-1.25,254.87,-82.94,-166.44
52.394417,-1.524872,158.98,5.51,4,10.72,18 / 21,1623229,2019-09-06 18:43:09:911,1.5034,0.361,9.8808,-0.0092,0.0013,9.8066,0.0534,0.0136,-0.0502,-10.75,-32.69,-1.75,252.5,-83.04,-167.24
52.394417,-1.524872,158.98,5.51,4,10.72,18 / 21,1623329,2019-09-06 18:43:10:011,1.9117,-0.1693,10.138,-0.001,0.0066,9.8066,0.007,-0.0313,-0.0178,-10.25,-32.94,-0.94,253.7,-83,-167.95
52.394417,-1.524872,158.98,5.51,4,10.72,19 / 21,1623428,2019-09-06 18:43:10:110,0.9399,-0.4153,10.2481,0.0334,0.0309,9.8065,-0.1198,0.0042,0.016,-10.81,-33.37,-0.62,255.52,-83,-168.59
52.394417,-1.524872,158.98,5.51,4,10.72,19 / 21,1623529,2019-09-06 18:43:10:211,1.4835,-0.503,10.2321,0.0146,0.0025,9.8066,-0.0161,0.023,-0.0771,-9.81,-33.06,-0.87,251.7,-82.85,-169.71
52.394417,-1.524872,158.98,5.51,4,10.72,19 / 21,1623628,2019-09-06 18:43:10:310,1.8694,0.2292,9.7501,-0.0028,0.0287,9.8065,0.0354,0.0265,0.0439,-10.56,-32.62,-1.56,247.95,-82.89,-171.97
52.394417,-1.524872,158.98,5.51,4,10.72,19 / 21,1623729,2019-09-06 18:43:10:411,1.4863,0.2725,9.5,0.0175,0.0062,9.8065,-0.1065,0.0289,-0.084,-10.37,-32.87,-0.87,249.19,-82.81,-172.5
52.394417,-1.524872,158.98,5.51,4,10.72,19 / 21,1623829,2019-09-06 18:43:10:511,1.1942,0.5868,10.3155,-0.0095,0.0081,9.8066,-0.0992,-0.0347,-0.0357,-10.25,-33,-0.87,248.29,-82.8,-173.53
52.394417,-1.524872,158.98,5.51,4,10.72,19 / 21,1623929,2019-09-06 18:43:10:611,0.1514,-0.2237,9.7166,-0.0192,0.007,9.8066,0.117,-0.0583,0.0215,-9.62,-33.25,-1,247.34,-82.84,-174.77
52.394417,-1.524872,158.98,5.51,4,10.72,19 / 21,1624028,2019-09-06 18:43:10:710,1.5716,-0.1774,10.2884,0.0108,0.0004,9.8066,0.2027,0.0911,-0.0495,-9.31,-32.94,-1.19,244.15,-82.78,-175.17
52.394417,-1.524872,158.98,5.51,4,10.72,19 / 21,1624129,2019-09-06 18:43:10:811,1.1501,-0.0221,10.1256,-0.0209,-0.0096,9.8065,0.1013,-0.039,0.0489,-9.94,-33,-1.12,246.78,-82.76,-175.16
52.394417,-1.524872,158.98,5.51,4,10.72,19 / 21,1624228,2019-09-06 18:43:10:910,0.4236,-0.1672,10.2553,0.0005,0.0017,9.8066,-0.0534,-0.0182,-0.0022,-9.94,-33,-1.06,247.57,-82.8,-174.37
52.394417,-1.524872,158.98,5.51,4,10.72,19 / 21,1624329,2019-09-06 18:43:11:011,0.3827,0.6269,9.786,0.0128,0.0114,9.8066,-0.0359,0.0317,-0.0369,-9.94,-32.5,-2.06,243.46,-82.73,-174.45
52.394417,-1.524872,158.98,5.51,4,10.72,17 / 21,1624429,2019-09-06 18:43:11:111,1.0735,-1.1859,9.9315,0.0036,-0.0028,9.8066,-0.038,-0.0922,0.0322,-10.19,-32.87,-0.87,246.83,-82.66,-174.79
52.394417,-1.524872,158.98,5.51,4,10.72,17 / 21,1624529,2019-09-06 18:43:11:211,0.0807,0.2319,10.3646,-0.0162,-0.0103,9.8066,-0.0379,0.0849,-0.0746,-9.81,-33.06,-1.06,246.84,-82.61,-174.62
52.394417,-1.524872,158.98,5.51,4,10.72,17 / 21,1624629,2019-09-06 18:43:11:311,0.3693,0.0131,10.0899,-0.0037,-0.0076,9.8066,-0.0083,0.0621,-0.0482,-10,-32.81,-1.75,242.09,-82.69,-175.32
52.394417,-1.524872,158.98,5.51,4,10.72,17 / 21,1624728,2019-09-06 18:43:11:410,1.1431,-0.8067,9.8172,-0.0235,-0.0093,9.8066,0.0858,-0.0462,0.0885,-9.87,-33.06,-1.69,242.39,-82.82,-175.34
52.394417,-1.524872,158.98,5.51,4,10.72,17 / 21,1624828,2019-09-06 18:43:11:510,-0.057,0.1742,9.7342,0.0278,0.0273,9.8066,-0.152,-0.0262,0.005,-10.06,-32.31,-1.56,242.42,-82.59,-175.3
52.394417,-1.524872,158.98,5.51,4,10.72,17 / 21,1624929,2019-09-06 18:43:11:611,-0.105,0.2213,9.2288,0.0412,0.021,9.8065,0.0019,0.0109,-0.0074,-10.5,-33.25,-1.62,241.94,-82.51,-174.96
52.394417,-1.524872,158.98,5.51,4,10.72,17 / 21,1625029,2019-09-06 18:43:11:711,2.4417,-2.2187,10.8226,0.0403,-0.0103,9.8065,-0.0541,0.166,-0.048,-9.81,-32.37,-1.12,247.52,-82.26,-173.4
52.394417,-1.524872,158.98,5.51,4,10.72,17 / 21,1625129,2019-09-06 18:43:11:811,0.0924,-0.555,9.7422,0.0225,0.0237,9.8065,-0.007,-0.109,0.0888,-10.37,-32.44,-1.44,246.9,-82.32,-174.34
52.394417,-1.524872,158.98,5.51,4,10.72,17 / 21,1625228,2019-09-06 18:43:11:910,2.0133,-2.8198,11.0009,-0.0164,-0.0098,9.8066,0.1576,-0.036,0.052,-10.12,-32.69,-1.19,247.65,-82.31,-172.65
52.394417,-1.524872,158.98,5.51,4,10.72,17 / 21,1625328,2019-09-06 18:43:12:010,2.4001,-0.0775,9.4177,-0.0225,-0.0298,9.8065,0.077,0.0493,-0.0383,-10.37,-32.87,-1.31,248.25,-82.49,-172.53
52.394417,-1.524872,158.98,5.51,4,10.72,18 / 21,1625428,2019-09-06 18:43:12:110,1.5756,-0.2087,9.411,0.0085,0.0216,9.8066,-0.026,-0.0152,0.0549,-11.06,-32.87,-1.69,245.88,-82.33,-172.78
52.394417,-1.524872,158.98,5.51,4,10.72,18 / 21,1625529,2019-09-06 18:43:12:211,0.5735,-0.1583,9.6708,0.0198,0.0083,9.8066,-0.032,-0.0282,-0.022,-10.37,-32.94,-1.5,247.45,-82.33,-172.94
52.394417,-1.524872,158.98,5.51,4,10.72,18 / 21,1625628,2019-09-06 18:43:12:310,0.5575,0.1379,10.1107,-0.0038,0.0116,9.8066,0.0385,0.0265,0.0072,-10.12,-32.75,-1.56,242.22,-82.21,-173.68
52.394417,-1.524872,158.98,5.51,4,10.72,18 / 21,1625729,2019-09-06 18:43:12:411,0.4931,-0.5834,9.9078,0.0114,0.009,9.8066,-0.0105,0.0221,-0.0086,-10.19,-33.5,-1.81,242.13,-82.23,-173.86
52.394417,-1.524872,158.98,5.51,4,10.72,18 / 21,1625828,2019-09-06 18:43:12:510,-0.617,-0.754,9.995,-0.0154,-0.0053,9.8066,-0.0303,-0.0129,-0.0387,-9.94,-33.19,-1.37,246.63,-82.4,-174.16
52.394417,-1.524872,158.98,5.51,4,10.72,18 / 21,1625929,2019-09-06 18:43:12:611,-0.2554,0.267,9.6478,-0.0133,-0.0002,9.8066,0.032,-0.0223,0.0156,-10.19,-33.12,-1.69,241.7,-82.36,-174.78
52.394417,-1.524872,158.98,5.51,4,10.72,18 / 21,1626028,2019-09-06 18:43:12:710,0.1763,-1.4629,9.7617,0.0084,0.0016,9.8066,-0.003,-0.0258,0.0317,-10.19,-32.75,-1.44,246.06,-82.21,-174.22
52.394417,-1.524872,158.98,5.51,4,10.72,18 / 21,1626128,2019-09-06 18:43:12:810,-0.339,-0.4412,10.0132,-0.0034,-0.0014,9.8066,0.0062,0.0481,-0.0348,-10.06,-33.12,-1.19,246.16,-82.26,-174.27
52.394417,-1.524872,158.98,5.51,4,10.72,18 / 21,1626229,2019-09-06 18:43:12:911,0.1906,0.0642,9.5383,-0.0018,0.006,9.8066,-0.0201,-0.0107,0.0213,-9.94,-32.56,-2.19,241.55,-82.22,-174.55
52.394417,-1.524872,158.98,5.51,4,10.72,18 / 21,1626329,2019-09-06 18:43:13:011,-0.0768,-0.2976,9.8334,0.0037,-0.0107,9.8066,-0.0175,0.0405,-0.0393,-10.06,-32.69,-1.25,245.86,-82.17,-174.33
52.394417,-1.524872,158.98,5.51,4,10.72,20 / 21,1626429,2019-09-06 18:43:13:111,0.116,-0.0924,9.7291,0.0104,0.0105,9.8066,-0.0224,0.0399,0.0158,-9.37,-32.44,-1.81,238.89,-82.14,-174.65
52.394417,-1.524872,158.98,5.51,4,10.72,20 / 21,1626529,2019-09-06 18:43:13:211,-0.793,-0.9774,9.8569,0.0328,0.0176,9.8065,0.0449,0.0229,-0.0314,-10.37,-32.5,-1.69,242.02,-82.09,-174.31
52.394417,-1.524872,158.98,5.51,4,10.72,20 / 21,1626628,2019-09-06 18:43:13:310,0.3708,-0.4284,9.9776,-0.0096,-0.0076,9.8066,0.0807,-0.0004,-0.0136,-10,-33.06,-1.37,246.13,-82.19,-174.09
52.394417,-1.524872,158.98,5.51,4,10.72,20 / 21,1626728,2019-09-06 18:43:13:410,1.3663,0.3344,9.6843,-0.0039,0.0073,9.8066,0.0565,-0.0165,0.0112,-10.5,-32.94,-1.25,245.19,-82.02,-174.66
52.394417,-1.524872,158.98,5.51,4,10.72,20 / 21,1626829,2019-09-06 18:43:13:511,0.0599,-1.2739,9.9826,0.0072,0.0075,9.8066,-0.0415,0.0272,-0.0274,-9.87,-32.75,-1.37,245.01,-81.94,-174.61
52.394417,-1.524872,158.98,5.51,4,10.72,20 / 21,1626928,2019-09-06 18:43:13:610,1.193,-0.3453,10.1239,-0.0035,0.0109,9.8066,-0.0531,-0.0755,0.038,-9.62,-33.06,-1.12,244.02,-81.9,-175.72
52.394417,-1.524872,158.98,5.51,4,10.72,20 / 21,1627029,2019-09-06 18:43:13:711,0.522,-0.5608,9.5888,-0.0021,0.0035,9.8066,0.0273,0.0557,-0.066,-10.12,-32.87,-1.37,243.91,-81.87,-175.74
52.394417,-1.524872,158.98,5.51,4,10.72,20 / 21,1627128,2019-09-06 18:43:13:810,0.2,-0.7926,9.622,-0.0104,-0.0008,9.8066,0.0944,-0.0525,0.0196,-9.62,-32.62,-1.87,239.3,-81.91,-176.41
52.394417,-1.524872,158.98,5.51,4,10.72,20 / 21,1627228,2019-09-06 18:43:13:910,-0.138,-0.9468,9.8961,0.0199,0.0172,9.8066,-0.0864,-0.0155,-0.0357,-9.12,-32.25,-1,240.37,-81.73,-177.11
52.394417,-1.524872,158.98,5.51,4,10.72,20 / 21,1627328,2019-09-06 18:43:14:010,-0.1867,-0.6391,9.8206,0.0237,0.0155,9.8065,-0.0754,-0.0114,-0.0745,-10.12,-32,-1.25,242.59,-81.66,-177.54
52.394417,-1.524872,158.98,5.51,4,10.72,19 / 21,1627428,2019-09-06 18:43:14:110,0.4229,-0.3045,9.3962,-0.0099,0.0014,9.8066,0.032,-0.0086,0.0143,-9.25,-32.31,-1.06,239.1,-81.66,-178.53
52.394417,-1.524872,158.98,5.51,4,10.72,19 / 21,1627529,2019-09-06 18:43:14:211,0.6958,0.5045,9.4513,0.0007,0.0003,9.8066,0.0388,0.0088,0.0087,-9.37,-32.56,-1.56,234.03,-81.74,-178.97
52.394417,-1.524872,158.98,5.51,4,10.72,19 / 21,1627629,2019-09-06 18:43:14:311,0.07,0.1441,10.2563,-0.0055,-0.0089,9.8066,0.0203,0.0426,-0.0595,-9.44,-32.75,-1.75,234.56,-81.81,-178.48
52.394417,-1.524872,158.98,5.51,4,10.72,19 / 21,1627729,2019-09-06 18:43:14:411,0.153,-0.4761,9.4913,-0.0065,-0.0056,9.8066,-0.0007,0.0227,0.0417,-9.37,-33.37,-1.5,238.81,-81.82,-178.57
52.394417,-1.524872,158.98,5.51,4,10.72,19 / 21,1627828,2019-09-06 18:43:14:510,0.7299,0.1578,9.8149,0.0096,-0.0116,9.8066,0.0081,-0.0416,0.0488,-9.69,-31.94,-1.56,238.67,-81.72,-177.41
52.394417,-1.524872,158.98,5.51,4,10.72,19 / 21,1627928,2019-09-06 18:43:14:610,0.2945,-0.8847,10.3548,0.0137,0.0014,9.8066,-0.0956,0.0076,-0.0139,-9.69,-32.31,-1.81,239.33,-81.69,-176.48
52.394417,-1.524872,158.98,5.51,4,10.72,19 / 21,1628028,2019-09-06 18:43:14:710,-0.2725,-0.3034,9.9696,0.0032,-0.0095,9.8066,0.0814,0.0263,-0.0376,-9.81,-32.69,-1.31,242.84,-81.73,-176.6
52.394417,-1.524872,158.98,5.51,4,10.72,19 / 21,1628129,2019-09-06 18:43:14:811,0.1034,-0.4898,9.7547,0.001,0.0096,9.8066,0.0607,-0.0098,-0.004,-8.87,-32.81,-1.12,239.64,-81.6,-176.69
52.394417,-1.524872,158.98,5.51,4,10.72,19 / 21,1628229,2019-09-06 18:43:14:911,0.3268,-1.3292,9.4942,0.0006,0.0022,9.8066,-0.0497,0.0422,-0.0818,-9.62,-32.19,-1.56,238.38,-81.51,-177.17
52.394417,-1.524872,158.98,5.51,4,10.72,19 / 21,1628328,2019-09-06 18:43:15:010,0.798,0.3272,9.6623,-0.0164,-0.0023,9.8066,-0.0186,-0.0233,0.0171,-9.69,-32.06,-1.19,242.12,-81.58,-177.87
52.395103,-1.525142,160.64,11.9,4,347.84,19 / 20,1628429,2019-09-06 18:43:15:111,-0.7479,-0.1516,9.6908,-0.0154,-0.0031,9.8066,0.0038,-0.004,-0.0205,-10.37,-31.87,-1.31,241.79,-81.57,-178.24
52.395103,-1.525142,160.64,11.9,4,347.84,19 / 20,1628529,2019-09-06 18:43:15:211,0.2783,-0.4797,10.1255,-0.0098,-0.0025,9.8066,0.0167,0.0131,-0.0229,-9.37,-32.5,-1.69,234.84,-81.68,-178.48
52.395103,-1.525142,160.64,11.9,4,347.84,19 / 20,1628629,2019-09-06 18:43:15:311,-0.2319,-0.4447,9.4949,0.0134,0.0026,9.8065,-0.0056,-0.0412,-0.0001,-9.31,-32.87,-1.44,238.21,-81.55,-178.41
52.395103,-1.525142,160.64,11.9,4,347.84,19 / 20,1628729,2019-09-06 18:43:15:411,1.0004,-0.5131,9.2176,0.005,-0.0017,9.8066,-0.1013,0.0071,0.0532,-9.31,-33.06,-0.81,238,-81.48,-178.45
52.395103,-1.525142,160.64,11.9,4,347.84,19 / 20,1628828,2019-09-06 18:43:15:510,-0.0043,-0.3183,9.3296,0.0022,-0.0066,9.8066,-0.0816,0.0328,0.042,-9,-32.62,-1.56,234.36,-81.54,-177.87
52.395103,-1.525142,160.64,11.9,4,347.84,19 / 20,1628928,2019-09-06 18:43:15:610,0.0241,-0.3003,10.0656,-0.0034,-0.0161,9.8065,0.0169,0.0036,-0.0545,-9.81,-33,-1.5,242.75,-81.67,-176.56
52.395103,-1.525142,160.64,11.9,4,347.84,19 / 20,1629028,2019-09-06 18:43:15:710,-0.0715,-0.7122,9.8328,-0.0126,-0.012,9.8066,0.0453,-0.0239,0.0566,-10.19,-31.87,-2.25,239.32,-81.69,-176.5
52.395103,-1.525142,160.64,11.9,4,347.84,19 / 20,1629128,2019-09-06 18:43:15:810,-0.562,-0.5904,9.5443,0.0222,0.0097,9.8065,-0.0242,-0.0222,0.0078,-9.87,-32.81,-1.25,242.86,-81.46,-175.73
52.395103,-1.525142,160.64,11.9,4,347.84,19 / 20,1629228,2019-09-06 18:43:15:910,0.1582,-0.5909,9.4742,0.0236,0.0066,9.8066,0.0209,-0.0111,-0.0068,-10,-33.37,-1.44,243.1,-81.35,-175.07
52.395103,-1.525142,160.64,11.9,4,347.84,19 / 20,1629329,2019-09-06 18:43:16:011,-0.3759,-0.6377,9.8519,0.0018,-0.019,9.8066,0.0308,0.0453,0.0044,-9.62,-33.31,-2.25,238.96,-81.3,-175
52.395103,-1.525142,160.64,11.9,4,347.84,19 / 20,1629429,2019-09-06 18:43:16:111,0.9312,0.0238,9.4761,-0.0022,-0.0143,9.8066,0.0061,0.0017,0.0702,-10.31,-32.94,-1.62,240.12,-81.32,-173.59
52.395103,-1.525142,160.64,11.9,4,347.84,19 / 20,1629529,2019-09-06 18:43:16:211,-0.444,-0.7764,9.9041,0.0083,-0.0071,9.8066,0.0188,-0.0259,-0.0531,-10,-32.81,-1.87,240.73,-81.36,-172.92
52.395103,-1.525142,160.64,11.9,4,347.84,19 / 20,1629628,2019-09-06 18:43:16:310,0.6619,0.5454,9.2399,0.0098,-0.0138,9.8066,0.0966,-0.0354,0.0192,-10,-32.75,-1.62,241.07,-81.55,-173.08
52.395103,-1.525142,160.64,11.9,4,347.84,19 / 20,1629729,2019-09-06 18:43:16:411,0.7125,-1.1946,10.431,0.0257,-0.0003,9.8065,0.078,0.0153,-0.0053,-10.69,-32.94,-1.44,249.15,-81.49,-171.22
52.395103,-1.525142,160.64,11.9,4,347.84,19 / 20,1629829,2019-09-06 18:43:16:511,-0.7963,0.3839,9.1364,0.0179,0.0123,9.8066,0.1883,0.0268,0.0235,-10.31,-32.75,-2,241.97,-81.48,-171.72
52.395103,-1.525142,160.64,11.9,4,347.84,19 / 20,1629928,2019-09-06 18:43:16:610,0.5783,-0.2592,9.903,0.0136,0.0144,9.8066,-0.1037,-0.0378,-0.0789,-10.19,-32.62,-1.69,241.95,-81.5,-171.81
52.395103,-1.525142,160.64,11.9,4,347.84,19 / 20,1630028,2019-09-06 18:43:16:710,-0.0714,0.0788,9.6398,-0.0044,0.0048,9.8066,-0.0289,0.0559,-0.0916,-10.37,-32.37,-1.19,246.35,-81.63,-172.79
52.395103,-1.525142,160.64,11.9,4,347.84,19 / 20,1630129,2019-09-06 18:43:16:811,-0.4336,-0.2291,9.5976,-0.0014,0.0159,9.8066,0.1066,0.028,-0.0313,-9.56,-32.31,-2,241.75,-81.65,-173.33
52.395103,-1.525142,160.64,11.9,4,347.84,19 / 20,1630229,2019-09-06 18:43:16:911,-0.2816,-0.0891,9.5429,0.008,0.0093,9.8066,0.0209,-0.0352,0.0027,-9.75,-32.69,-1.87,240.55,-81.64,-174
52.395103,-1.525142,160.64,11.9,4,347.84,19 / 20,1630329,2019-09-06 18:43:17:011,-0.5341,-0.6882,9.7753,-0.0002,0.0045,9.8066,0.0126,-0.0221,0.0069,-9.5,-32.62,-1.75,237.11,-81.59,-174.37
52.395103,-1.525142,160.64,11.9,4,347.84,19 / 20,1630429,2019-09-06 18:43:17:111,-1.2003,-1.061,9.5843,0.0031,-0.0011,9.8066,-0.0077,-0.0133,0.0075,-10.06,-32.5,-2.06,241.21,-81.6,-173.86
52.395103,-1.525142,160.64,11.9,4,347.84,19 / 20,1630529,2019-09-06 18:43:17:211,-0.6516,-1.0972,9.8864,0.0151,-0.0059,9.8066,-0.0053,-0.0159,0.0206,-10.19,-33.12,-2.12,241.09,-81.55,-173.04
52.395103,-1.525142,160.64,11.9,4,347.84,19 / 20,1630629,2019-09-06 18:43:17:311,-1.4819,-1.7847,10.0376,-0.011,-0.0235,9.8066,-0.0718,-0.0005,0.0556,-9.87,-32.62,-1.75,242.19,-81.69,-172.1
52.395103,-1.525142,160.64,11.9,4,347.84,19 / 20,1630729,2019-09-06 18:43:17:411,-0.0646,-0.0322,9.9203,-0.0198,-0.0152,9.8066,0.0481,0.0041,0.017,-10.44,-32.69,-2,242.46,-81.69,-171.77
52.395103,-1.525142,160.64,11.9,4,347.84,19 / 20,1630830,2019-09-06 18:43:17:512,-0.0658,-1.2552,10.1031,0.0154,0.0112,9.8066,-0.0105,0.0109,-0.0439,-10.25,-32.69,-1.81,242.33,-81.65,-171.8
52.395103,-1.525142,160.64,11.9,4,347.84,19 / 20,1630928,2019-09-06 18:43:17:610,-1.4543,-1.45,9.9249,0.0104,0.0073,9.8066,0.0956,0.013,-0.0126,-9.44,-32.69,-2,238.55,-81.53,-172.25
52.395103,-1.525142,160.64,11.9,4,347.84,19 / 20,1631029,2019-09-06 18:43:17:711,-0.195,-0.1768,9.6236,-0.0053,0.0005,9.8066,0.0765,-0.0088,0.0192,-10.25,-32.37,-2.25,242.41,-81.52,-172.1
52.395103,-1.525142,160.64,11.9,4,347.84,19 / 20,1631128,2019-09-06 18:43:17:810,0.1182,-0.8619,9.179,-0.0064,0.0012,9.8066,-0.1426,-0.0405,-0.0439,-10.44,-33.25,-1.94,241.78,-81.58,-172.28
52.395103,-1.525142,160.64,11.9,4,347.84,19 / 20,1631228,2019-09-06 18:43:17:910,-0.7583,-0.7027,9.7486,-0.0218,-0.0163,9.8065,-0.0558,0.0241,-0.0256,-9.5,-33.06,-2,239.08,-81.8,-172.45
52.395103,-1.525142,160.64,11.9,4,347.84,19 / 20,1631328,2019-09-06 18:43:18:010,-1.0295,-0.4024,9.6266,-0.0207,-0.0057,9.8065,0.0639,-0.0148,0.0009,-9.62,-32.44,-1.75,242.56,-81.82,-172.81
52.395103,-1.525142,160.64,11.9,4,347.84,19 / 20,1631428,2019-09-06 18:43:18:110,-0.32,-0.7843,9.3852,0.003,0.0004,9.8066,-0.0509,-0.0131,-0.0381,-9.81,-32.44,-1.94,242,-81.73,-173.26
52.395103,-1.525142,160.64,11.9,4,347.84,19 / 20,1631529,2019-09-06 18:43:18:211,-0.4511,-0.2073,9.2927,-0.0031,0.0021,9.8066,-0.0048,0.0164,0.0083,-9.44,-32.25,-2.37,238.82,-81.75,-173.5
52.395103,-1.525142,160.64,11.9,4,347.84,19 / 20,1631629,2019-09-06 18:43:18:311,-1.3699,0.2478,9.4804,-0.0129,-0.0001,9.8066,-0.0032,0.079,-0.0578,-9.5,-32.44,-1.81,238.61,-81.81,-173.94
52.395103,-1.525142,160.64,11.9,4,347.84,19 / 20,1631728,2019-09-06 18:43:18:410,-1.2885,-1.4344,10.1203,0.0017,0,9.8066,-0.0497,0.0218,-0.0182,-9.81,-32.75,-3.12,237.63,-81.85,-173.51
52.395103,-1.525142,160.64,11.9,4,347.84,19 / 20,1631829,2019-09-06 18:43:18:511,-1.4128,-1.1664,9.9504,-0.0081,-0.0053,9.8066,-0.0005,-0.0043,-0.0019,-9.19,-32.37,-2.37,238.96,-81.9,-173.8
52.395103,-1.525142,160.64,11.9,4,347.84,19 / 20,1631929,2019-09-06 18:43:18:611,-0.3555,-0.1546,9.9855,-0.0059,-0.0004,9.8066,0.0275,0.0254,-0.0381,-9.5,-32.19,-2.19,238.9,-81.89,-173.83
52.395103,-1.525142,160.64,11.9,4,347.84,19 / 20,1632029,2019-09-06 18:43:18:711,-0.0498,-0.1027,9.9258,0.0206,0.0086,9.8066,-0.0606,-0.0351,0.0108,-9.87,-33.06,-2.56,237.19,-81.79,-173.92
52.395103,-1.525142,160.64,11.9,4,347.84,19 / 20,1632128,2019-09-06 18:43:18:810,-0.9498,-0.74,9.907,0.0052,0.0216,9.8066,0.0175,0.0372,-0.0701,-9.12,-32.94,-1.37,241.61,-81.75,-174.68
52.395103,-1.525142,160.64,11.9,4,347.84,19 / 20,1632228,2019-09-06 18:43:18:910,0.1054,-1.0196,9.5781,0.0093,-0.001,9.8066,0.0341,-0.0077,0.0474,-9.06,-32.31,-2.31,237.75,-81.78,-174.98
52.395103,-1.525142,160.64,11.9,4,347.84,19 / 20,1632328,2019-09-06 18:43:19:010,-0.7496,-0.8062,9.9296,0.0129,0.0044,9.8066,-0.0501,0.032,0.0008,-9,-32.37,-1.81,238.02,-81.82,-174.75
52.395103,-1.525142,160.64,11.9,4,347.84,19 / 20,1632429,2019-09-06 18:43:19:111,-0.3424,-1.0332,9.8333,-0.0047,-0.0062,9.8066,0.0032,-0.0314,0.0253,-9.12,-31.94,-2.06,238.59,-81.93,-174.39
52.395103,-1.525142,160.64,11.9,4,347.84,19 / 20,1632528,2019-09-06 18:43:19:210,-0.973,-0.3749,9.4787,0.0177,0.0062,9.8066,0.0131,0.0037,0.014,-9.37,-32.06,-2.37,238.67,-81.85,-174
52.395103,-1.525142,160.64,11.9,4,347.84,19 / 20,1632629,2019-09-06 18:43:19:311,-0.4348,-0.6971,10.027,0.0004,-0.0201,9.8066,-0.0135,-0.002,0.0733,-9.62,-31.69,-1.44,247.21,-81.82,-172.38
52.395103,-1.525142,160.64,11.9,4,347.84,19 / 20,1632729,2019-09-06 18:43:19:411,-1.0575,-1.3672,10.2802,-0.0243,-0.0154,9.8065,0.0556,-0.0135,0.0093,-9.44,-32.19,-1.56,240.11,-81.86,-172.18
52.395103,-1.525142,160.64,11.9,4,347.84,19 / 20,1632828,2019-09-06 18:43:19:510,-1.1061,-1.1583,9.8638,0.0049,0.0051,9.8066,0.0519,-0.0324,-0.0252,-10,-32.37,-2.12,243.6,-81.87,-171.69
52.395103,-1.525142,160.64,11.9,4,347.84,19 / 20,1632929,2019-09-06 18:43:19:611,0.1525,-0.4576,9.9159,0.0114,-0.0089,9.8066,0.0015,-0.0209,0.0476,-9.25,-32.87,-1.87,240.46,-81.91,-171.05
52.395103,-1.525142,160.64,11.9,4,347.84,19 / 20,1633028,2019-09-06 18:43:19:710,-0.167,-0.0948,9.9075,-0.0026,-0.004,9.8066,0.0393,0.0091,0.0278,-10,-33.06,-2.5,243.82,-81.89,-170.71
52.395103,-1.525142,160.64,11.9,4,347.84,19 / 20,1633128,2019-09-06 18:43:19:810,-0.2985,-1.0818,10.1682,0.0038,-0.0012,9.8066,0.0032,0.0238,-0.0238,-9.19,-32.44,-2.06,241.85,-81.9,-170.12
52.395103,-1.525142,160.64,11.9,4,347.84,19 / 20,1633228,2019-09-06 18:43:19:910,0.0869,-0.3539,9.6156,0.0128,-0.0007,9.8065,0.0399,-0.0102,0.0203,-9.44,-32.12,-1.81,242.13,-81.86,-169.62
52.395103,-1.525142,160.64,11.9,4,347.84,19 / 20,1633328,2019-09-06 18:43:20:010,0.2766,-0.3544,9.257,0.0097,0.0136,9.8065,-0.1493,0.0262,0.0017,-9.81,-32.62,-1.56,244.32,-81.82,-169.85
52.395103,-1.525142,160.64,11.9,4,347.84,19 / 20,1633428,2019-09-06 18:43:20:110,-0.5672,-0.4223,9.5155,-0.0221,-0.0155,9.8066,-0.1017,0.0084,0.0142,-9.87,-32.5,-2.19,246.05,-82.03,-169.22
52.395103,-1.525142,160.64,11.9,4,347.84,19 / 20,1633529,2019-09-06 18:43:20:211,0.939,-0.6839,10.2026,-0.0127,-0.016,9.8066,0.1286,-0.0368,0.0269,-9.62,-32.69,-1.5,250,-82.07,-169.04
52.395103,-1.525142,160.64,11.9,4,347.84,19 / 20,1633628,2019-09-06 18:43:20:310,0.3205,0.227,9.7494,0.0086,0.0177,9.8066,0.0844,-0.0025,-0.0476,-9.69,-32.81,-2.31,245.92,-82.15,-168.99
52.395103,-1.525142,160.64,11.9,4,347.84,19 / 20,1633728,2019-09-06 18:43:20:410,-1.3976,-0.807,9.6068,0.024,0.0119,9.8065,0.0241,-0.012,0.0277,-9.44,-32.56,-2.06,241.98,-82.04,-169.58
52.395103,-1.525142,160.64,11.9,4,347.84,19 / 20,1633829,2019-09-06 18:43:20:511,0.5156,-0.485,9.9909,-0.0074,-0.0112,9.8066,0.0112,-0.0449,0.0392,-8.87,-32.87,-1.75,241.87,-81.99,-169.53
52.395103,-1.525142,160.64,11.9,4,347.84,19 / 20,1633929,2019-09-06 18:43:20:611,0.3111,-0.2473,9.7116,-0.002,0.0153,9.8066,-0.0552,0.1208,-0.0734,-9.31,-33,-1.37,245.5,-81.89,-170.23
52.395103,-1.525142,160.64,11.9,4,347.84,19 / 20,1634029,2019-09-06 18:43:20:711,-0.7529,0.5147,9.5295,-0.0071,0.0074,9.8066,-0.0328,0.0375,-0.0014,-8.56,-32.94,-1.44,244.16,-81.87,-171.85
52.395103,-1.525142,160.64,11.9,4,347.84,19 / 20,1634128,2019-09-06 18:43:20:810,0.2865,0.2113,9.1019,-0.0227,-0.0067,9.8065,-0.0817,-0.0022,-0.0276,-8.56,-32.06,-1.5,244.7,-81.94,-172.32
52.395103,-1.525142,160.64,11.9,4,347.84,19 / 20,1634229,2019-09-06 18:43:20:911,-2.0558,-0.29,9.6382,-0.0448,-0.0057,9.8065,-0.1813,0.0973,-0.1275,-9.06,-32.56,-1.75,239.22,-82.1,-173.3
52.395103,-1.525142,160.64,11.9,4,347.84,19 / 20,1634328,2019-09-06 18:43:21:010,-1.0644,-1.0731,9.8752,-0.0398,-0.0149,9.8065,0.0763,0.0976,-0.0562,-8.75,-32.56,-2.19,238.92,-82.53,-175.12
52.395103,-1.525142,160.64,11.9,4,347.84,19 / 20,1634428,2019-09-06 18:43:21:110,-0.8786,0.9507,9.5978,0.0003,0.0207,9.8066,0.0436,0.0516,-0.027,-8.19,-32.06,-1.5,239.54,-82.46,-176.69
52.395103,-1.525142,160.64,11.9,4,347.84,19 / 20,1634529,2019-09-06 18:43:21:211,0.0179,0.6996,9.2053,0.0113,0.022,9.8066,-0.0503,0.099,-0.0686,-8.69,-32.25,-2.31,237.19,-82.35,-177.5
52.395103,-1.525142,160.64,11.9,4,347.84,19 / 20,1634628,2019-09-06 18:43:21:310,-1.8969,0.116,8.5778,-0.0432,-0.0412,9.8064,-0.1878,0.0238,0.0417,-8.12,-32.12,-2,233.71,-82.37,-177.79
52.395103,-1.525142,160.64,11.9,4,347.84,19 / 20,1634729,2019-09-06 18:43:21:411,-0.8825,0.4094,9.506,-0.0477,-0.056,9.8063,-0.0205,0.0906,0.004,-8.12,-32.12,-3,232.42,-83.12,-176.28
52.395103,-1.525142,160.64,11.9,4,347.84,19 / 20,1634829,2019-09-06 18:43:21:511,-2.1941,0.3125,10.125,0.0032,0.0044,9.8066,-0.0016,0.1284,-0.0461,-8.25,-32.25,-2.19,237.76,-83.47,-176.33
52.395103,-1.525142,160.64,11.9,4,347.84,19 / 20,1634929,2019-09-06 18:43:21:611,-1.4397,0.61,9.8237,0.0272,0.0244,9.8065,0.0355,0.1315,-0.0355,-7.87,-31.62,-2.75,232.95,-83.32,-176.23
52.395103,-1.525142,160.64,11.9,4,347.84,19 / 20,1635029,2019-09-06 18:43:21:711,-0.7324,1.6611,9.1364,-0.002,0.0046,9.8066,-0.0261,0.1277,-0.0257,-7.31,-32.5,-1.44,237.18,-82.95,-176.89
52.395103,-1.525142,160.64,11.9,4,347.84,19 / 20,1635128,2019-09-06 18:43:21:810,-0.1989,0.2452,9.5742,-0.0051,-0.0106,9.8066,-0.0396,0.1912,-0.0499,-6.81,-31.81,-2,231.76,-82.77,-176.62
52.395103,-1.525142,160.64,11.9,4,347.84,19 / 20,1635228,2019-09-06 18:43:21:910,-2.1672,1.5602,8.9965,-0.0458,-0.0146,9.8065,-0.0502,0.1912,-0.039,-6.81,-31.12,-2,232.86,-83.06,-177.07
52.395103,-1.525142,160.64,11.9,4,347.84,19 / 20,1635329,2019-09-06 18:43:22:011,-1.7966,0.4469,9.3262,-0.0163,-0.0219,9.8066,-0.0591,0.1632,-0.0085,-6.69,-30,-3,229.71,-83.61,-177.65
52.395103,-1.525142,160.64,11.9,4,347.84,19 / 21,1635429,2019-09-06 18:43:22:111,-2.0619,1.5229,8.8911,-0.01,-0.0113,9.8066,-0.0298,0.2204,-0.0382,-5.19,-30.31,-3.87,217.04,-83.9,-176.98
52.395103,-1.525142,160.64,11.9,4,347.84,19 / 21,1635528,2019-09-06 18:43:22:210,-2.138,0.7141,9.8716,0.0089,0.0055,9.8066,-0.0038,0.1274,0.0317,-5.62,-31,-5.44,218.48,-83.83,-176.45
52.395103,-1.525142,160.64,11.9,4,347.84,19 / 21,1635628,2019-09-06 18:43:22:310,-2.8256,0.2214,10.2268,0.0099,0.0141,9.8066,-0.0073,0.2169,-0.0303,-5.12,-34.62,-5.37,212.29,-83.54,-175.54
52.395103,-1.525142,160.64,11.9,4,347.84,19 / 21,1635728,2019-09-06 18:43:22:410,-2.4995,0.9244,9.8539,0.0263,0.0245,9.8066,0.0285,0.094,0.0763,-4.81,-36.19,-3.81,214.5,-83.32,-175.23
52.395103,-1.525142,160.64,11.9,4,347.84,19 / 21,1635829,2019-09-06 18:43:22:511,-0.3164,0.7805,9.5915,-0.003,-0.0248,9.8066,-0.059,0.1202,0.0001,-5.06,-35.56,-1.62,222.43,-83.17,-173.4
52.395103,-1.525142,160.64,11.9,4,347.84,19 / 21,1635929,2019-09-06 18:43:22:611,-1.19,1.1206,9.6381,-0.0131,-0.0288,9.8065,0.0366,0.1847,-0.0765,-5,-33.87,-0.37,237.11,-83.47,-172.32
52.395103,-1.525142,160.64,11.9,4,347.84,19 / 21,1636029,2019-09-06 18:43:22:711,-1.4912,2.0217,9.9371,0.0173,-0.0061,9.8066,0.0806,0.145,0.0716,-4,-32.19,0.25,232.8,-83.53,-171.29
52.395103,-1.525142,160.64,11.9,4,347.84,19 / 21,1636128,2019-09-06 18:43:22:810,-1.4937,1.0517,9.5506,0.0217,0.0025,9.8066,-0.0671,0.2215,-0.0628,-5.31,-30.87,0,241.7,-83.47,-169.86
52.395103,-1.525142,160.64,11.9,4,347.84,19 / 21,1636228,2019-09-06 18:43:22:910,-0.6636,1.0592,9.6735,0.0287,-0.0176,9.8066,0.0194,0.1756,0.0764,-4.87,-28.69,-0.94,237.85,-83.35,-166.95
52.395103,-1.525142,160.64,11.9,4,347.84,19 / 21,1636330,2019-09-06 18:43:23:012,-2.1116,1.0518,9.7618,0.0216,0.0051,9.8065,-0.0783,0.1689,0.0145,-4.37,-27.81,-2.94,222.48,-83.38,-164.9
52.395103,-1.525142,160.64,11.9,4,347.84,19 / 21,1636429,2019-09-06 18:43:23:111,-1.6394,0.1976,10.8918,0.0186,-0.0098,9.8065,0.0532,0.1614,0.0314,-5,-28.94,-4.37,226.72,-83.37,-162.35
52.395103,-1.525142,160.64,11.9,4,347.84,19 / 21,1636529,2019-09-06 18:43:23:211,-1.4666,0.3959,12.4268,0.005,0.019,9.8066,0.2355,0.1235,-0.0196,-5.31,-32.94,-4.87,221.15,-83.06,-162.19
52.395103,-1.525142,160.64,11.9,4,347.84,19 / 21,1636628,2019-09-06 18:43:23:310,-0.3462,0.5009,11.6417,0.052,0.1221,9.8056,0.406,0.1086,-0.0641,-4.87,-36.5,-3,219.67,-81.76,-165.09
52.395103,-1.525142,160.64,11.9,4,347.84,19 / 21,1636729,2019-09-06 18:43:23:411,-0.297,1.121,10.8548,0.0212,0.0907,9.8062,-0.0404,0.1577,-0.0035,-4.75,-37.87,-0.44,226.08,-81.19,-166.76
52.395103,-1.525142,160.64,11.9,4,347.84,19 / 21,1636829,2019-09-06 18:43:23:511,-0.1663,1.8615,9.7617,-0.0409,-0.0279,9.8065,-0.0399,0.1532,-0.1087,-4,-36.94,2.56,241.57,-81.46,-168.51
52.395103,-1.525142,160.64,11.9,4,347.84,19 / 21,1636929,2019-09-06 18:43:23:611,-0.8777,0.4243,8.8845,-0.0387,-0.0338,9.8065,-0.0694,0.1086,0.0173,-3.94,-36.06,2.31,234.66,-81.65,-168.36
52.395103,-1.525142,160.64,11.9,4,347.84,19 / 21,1637030,2019-09-06 18:43:23:712,-1.5279,0.7709,9.211,-0.019,-0.0132,9.8066,0.0752,0.1628,-0.0162,-3.81,-35.69,1.88,235.4,-81.74,-168.02
52.395103,-1.525142,160.64,11.9,4,347.84,19 / 21,1637129,2019-09-06 18:43:23:811,-1.3134,1.0504,9.3629,-0.0025,-0.0226,9.8066,0.0284,0.0706,0.0139,-3.31,-34.44,1.44,220.54,-81.91,-167.37
52.395103,-1.525142,160.64,11.9,4,347.84,19 / 21,1637228,2019-09-06 18:43:23:910,-0.5844,0.4536,10.3535,0.0401,0.011,9.8065,0.0885,0.1023,-0.0066,-3.5,-34,1.81,226.5,-81.64,-166.75
52.395103,-1.525142,160.64,11.9,4,347.84,19 / 21,1637329,2019-09-06 18:43:24:011,-0.5706,-0.1339,10.4414,0.0288,-0.01,9.8065,0.0235,0.0653,0.082,-3.75,-33.25,2.06,240.99,-81.63,-164.47
52.396065,-1.525605,162.33,12.23,3,323.55,19 / 21,1637429,2019-09-06 18:43:24:111,-0.2465,0.2469,9.6016,-0.0293,-0.0233,9.8065,0.0593,0.0677,-0.0997,-3.31,-33.12,1.75,228.36,-81.65,-164.09
52.396065,-1.525605,162.33,12.23,3,323.55,19 / 21,1637528,2019-09-06 18:43:24:210,-1.0365,0.9726,11.3078,0.0055,0.041,9.8065,0.0823,0.0503,0.0102,-2.94,-31.81,1.88,231.86,-81.83,-165.28
52.396065,-1.525605,162.33,12.23,3,323.55,19 / 21,1637629,2019-09-06 18:43:24:311,-0.7921,0.7427,8.7907,-0.0046,0.0477,9.8064,0.0796,0.0755,-0.0897,-2.44,-31.87,1.5,213.78,-81.71,-166.91
52.396065,-1.525605,162.33,12.23,3,323.55,19 / 21,1637728,2019-09-06 18:43:24:410,-1.5901,-0.023,9.1082,-0.0185,-0.042,9.8065,0.0087,0.0425,0.0493,-2.56,-32,0.75,221.95,-81.7,-167.97
52.396065,-1.525605,162.33,12.23,3,323.55,19 / 21,1637828,2019-09-06 18:43:24:510,-0.089,-1.5016,9.4103,-0.0133,0.0014,9.8066,-0.278,-0.1147,0.0681,-2.75,-33.5,0.13,216.41,-81.95,-167.36
52.396065,-1.525605,162.33,12.23,3,323.55,19 / 21,1637929,2019-09-06 18:43:24:611,-1.9816,-0.4208,8.0646,-0.0646,-0.0829,9.8061,-0.0898,0.0287,0.0505,-3.06,-34.06,0.88,223.27,-82.37,-165.95
52.396065,-1.525605,162.33,12.23,3,323.55,19 / 21,1638028,2019-09-06 18:43:24:710,0.7125,-1.0271,8.2057,0.0252,0.049,9.8064,-0.0959,-0.0859,0.1247,-2.81,-33.94,1.44,220.32,-81.87,-167.5
52.396065,-1.525605,162.33,12.23,3,323.55,19 / 21,1638129,2019-09-06 18:43:24:811,-1.37,1.2985,9.3937,-0.0182,-0.012,9.8066,-0.1559,0.0062,0.0435,-2.19,-33.81,2.25,209.36,-81.55,-166.16
52.396065,-1.525605,162.33,12.23,3,323.55,19 / 21,1638229,2019-09-06 18:43:24:911,-0.9133,-0.2951,9.7825,0.0004,0.0343,9.8066,-0.1507,0.1248,-0.0619,-2.81,-33.56,2.63,236.91,-81.51,-166.11
52.396065,-1.525605,162.33,12.23,3,323.55,19 / 21,1638330,2019-09-06 18:43:25:012,-2.6145,-0.3476,9.5744,-0.0124,-0.0166,9.8066,0.0812,0.0133,0.0737,-1.81,-32.81,1.75,213.22,-81.86,-167.19
52.396065,-1.525605,162.33,12.23,3,323.55,19 / 20,1638429,2019-09-06 18:43:25:111,-1.7523,-2.0203,10.0551,-0.0076,0.0101,9.8066,-0.0432,0.0998,-0.0432,-2.31,-33,1.75,213.54,-81.92,-167.15
52.396065,-1.525605,162.33,12.23,3,323.55,19 / 20,1638528,2019-09-06 18:43:25:210,-0.4005,2.1347,9.7131,-0.0051,-0.014,9.8066,0.0757,0.0719,-0.0006,-1.94,-32.87,2.44,214.49,-82.02,-167.65
52.396065,-1.525605,162.33,12.23,3,323.55,19 / 20,1638629,2019-09-06 18:43:25:311,-0.9701,-2.6186,10.29,-0.0024,0.0116,9.8066,-0.03,0.0286,0.0453,-2.12,-32.56,2.19,213.62,-81.84,-168.45
52.396065,-1.525605,162.33,12.23,3,323.55,19 / 20,1638729,2019-09-06 18:43:25:411,-1.3693,0.2866,9.439,0.0003,0.0059,9.8066,-0.0387,0.0593,-0.0973,-1.87,-32.44,2.31,214.9,-81.78,-168.55
52.396065,-1.525605,162.33,12.23,3,323.55,19 / 20,1638828,2019-09-06 18:43:25:510,-0.9157,0.1617,9.2296,-0.0056,0.0127,9.8066,0.0071,0.0354,0.0102,-1.69,-32.69,3.19,224.84,-81.81,-169.24
52.396065,-1.525605,162.33,12.23,3,323.55,19 / 20,1638928,2019-09-06 18:43:25:610,1.9102,-0.0575,10.9769,0.0016,-0.0085,9.8065,0.1011,-0.0501,0.0387,-1.75,-32.19,2.94,228.81,-81.89,-169.05
52.396065,-1.525605,162.33,12.23,3,323.55,19 / 20,1639028,2019-09-06 18:43:25:710,-1.1206,-1.596,9.8711,-0.0055,-0.0256,9.8065,0.2299,0.107,-0.1733,-1.62,-32.06,2.31,217.93,-82.19,-168.95
52.396065,-1.525605,162.33,12.23,3,323.55,19 / 20,1639128,2019-09-06 18:43:25:810,2.7098,2.8506,11.0237,0.0054,0.0169,9.8066,0.328,-0.1319,0.1093,-0.62,-31.81,2.5,200.96,-82.1,-170.66
52.396065,-1.525605,162.33,12.23,3,323.55,19 / 20,1639229,2019-09-06 18:43:25:911,-0.0398,-0.8879,10.2401,-0.0001,-0.0289,9.8065,0.1064,-0.0123,-0.1392,-0.37,-31.31,3.13,161.13,-81.87,-170.45
52.396065,-1.525605,162.33,12.23,3,323.55,19 / 20,1639328,2019-09-06 18:43:26:010,-1.3095,-0.1319,10.0735,-0.0111,0.025,9.8065,0.042,0.0454,0.0463,-0.75,-31.81,2.31,195.23,-81.56,-171.9
52.396065,-1.525605,162.33,12.23,3,323.55,19 / 20,1639429,2019-09-06 18:43:26:111,0.0873,-0.7969,9.733,0.0034,0.0238,9.8066,0.004,0.094,0.0649,-0.75,-31.75,2.38,194.96,-81.54,-171.55
52.396065,-1.525605,162.33,12.23,3,323.55,19 / 20,1639529,2019-09-06 18:43:26:211,1.6222,-2.3236,9.1797,0.0115,-0.0269,9.8065,-0.1228,0.0401,-0.0353,-0.5,-31.56,2,173.54,-81.66,-171.24
52.396065,-1.525605,162.33,12.23,3,323.55,19 / 20,1639629,2019-09-06 18:43:26:311,-2.4162,-0.9215,10.646,0.0131,0.0098,9.8066,-0.0633,0.2063,-0.0985,-1.06,-32.25,2.44,194.65,-81.66,-170.62
52.396065,-1.525605,162.33,12.23,3,323.55,19 / 20,1639729,2019-09-06 18:43:26:411,-0.213,-1.1527,9.3658,0.0199,0.036,9.8065,0.0316,0.0319,-0.0133,-0.87,-32.62,2.31,192.61,-81.24,-170.35
52.396065,-1.525605,162.33,12.23,3,323.55,19 / 20,1639829,2019-09-06 18:43:26:511,-1.9944,0.4101,9.8839,0.0057,-0.0045,9.8066,0.1412,0.1174,-0.1494,-0.81,-32.37,3,193.89,-81.25,-169.53
52.396065,-1.525605,162.33,12.23,3,323.55,19 / 20,1639929,2019-09-06 18:43:26:611,-0.5158,1.8963,10.4764,-0.0104,0.0515,9.8064,-0.242,0.0684,-0.0095,-0.56,-32.87,2.5,192.75,-81.24,-169.51
52.396065,-1.525605,162.33,12.23,3,323.55,19 / 20,1640029,2019-09-06 18:43:26:711,-0.3033,-1.2574,9.2483,0.0018,0.0245,9.8065,-0.0392,-0.0251,0.0052,-0.19,-32.5,2.38,172.19,-81.45,-168.87
52.396065,-1.525605,162.33,12.23,3,323.55,19 / 20,1640129,2019-09-06 18:43:26:811,-0.7087,-0.46,9.4406,0.005,-0.021,9.8065,0.0129,-0.0271,0.0266,-1.06,-33.06,2.81,191.91,-81.44,-168.49
52.396065,-1.525605,162.33,12.23,3,323.55,19 / 20,1640228,2019-09-06 18:43:26:910,0.1269,0.3821,9.6711,0.0069,-0.0284,9.8066,0.1652,-0.0241,0.0224,-1.81,-32.75,3.31,220.37,-81.59,-166.76
52.396065,-1.525605,162.33,12.23,3,323.55,19 / 20,1640328,2019-09-06 18:43:27:010,-0.1247,-1.0677,9.9177,0.0024,-0.0248,9.8066,-0.0721,0.101,0.0129,-1.19,-33.12,3.31,187.77,-81.51,-165.9
52.396065,-1.525605,162.33,12.23,3,323.55,20 / 21,1640428,2019-09-06 18:43:27:110,0.0677,-0.9243,8.9812,-0.0078,0.0139,9.8066,0.115,0.0896,-0.0222,-1.5,-33.06,3.44,188.44,-81.65,-166.07
52.396065,-1.525605,162.33,12.23,3,323.55,20 / 21,1640529,2019-09-06 18:43:27:211,0.4888,-0.2589,10.881,0.024,-0.0333,9.8065,0.0688,-0.0108,0.0236,-0.81,-32.56,3.5,180.03,-81.54,-165.97
52.396065,-1.525605,162.33,12.23,3,323.55,20 / 21,1640628,2019-09-06 18:43:27:310,-1.6146,0.0096,9.4208,0.0222,-0.0395,9.8065,0.09,0.2307,-0.0649,-0.69,-32.12,4,166.28,-81.73,-164.17
52.396065,-1.525605,162.33,12.23,3,323.55,20 / 21,1640729,2019-09-06 18:43:27:411,2.4034,2.1309,10.7388,-0.0324,-0.0291,9.8065,-0.0981,0.0732,-0.1048,-0.87,-31.5,4.56,39.65,-81.48,-164.62
52.396065,-1.525605,162.33,12.23,3,323.55,20 / 21,1640828,2019-09-06 18:43:27:510,-0.1999,-0.7198,9.2666,-0.0199,-0.013,9.8066,-0.0004,0.0041,-0.0175,-0.25,-30.12,4.69,76.63,-81.5,-164.24
52.396065,-1.525605,162.33,12.23,3,323.55,20 / 21,1640928,2019-09-06 18:43:27:610,0.7775,-0.4711,11.1181,-0.0177,0.0069,9.8066,-0.0796,0.094,-0.0382,0.19,-27.75,4.13,106.91,-81.5,-163.75
52.396065,-1.525605,162.33,12.23,3,323.55,20 / 21,1641028,2019-09-06 18:43:27:710,1.1056,0.1146,9.2829,0.0142,-0.0027,9.8065,0.0319,-0.0386,-0.0099,0.25,-27.56,2.81,146.88,-81.55,-164.12
52.396065,-1.525605,162.33,12.23,3,323.55,20 / 21,1641129,2019-09-06 18:43:27:811,0.5987,-1.5222,10.3896,-0.0053,-0.0357,9.8066,0.2468,0.0015,0.0252,0.44,-27.5,1.38,175.13,-81.27,-164.46
52.396065,-1.525605,162.33,12.23,3,323.55,20 / 21,1641228,2019-09-06 18:43:27:910,-0.0032,-1.9014,8.5869,-0.0032,-0.0482,9.8065,-0.0607,0.0242,-0.0607,-0.69,-30.25,0.81,192.8,-81.49,-166.41
52.396065,-1.525605,162.33,12.23,3,323.55,20 / 21,1641328,2019-09-06 18:43:28:010,0.5748,-1.5165,9.4385,-0.0067,0.026,9.8066,-0.1498,0.0208,0.0113,0.13,-31.62,1.13,176.47,-81.33,-166.2
52.396065,-1.525605,162.33,12.23,3,323.55,20 / 21,1641429,2019-09-06 18:43:28:111,1.294,-0.8716,8.5204,-0.0059,0.026,9.8066,-0.1176,0.0607,-0.0111,-0.44,-32.62,0.75,176.42,-81.58,-165.99
52.396065,-1.525605,162.33,12.23,3,323.55,20 / 21,1641528,2019-09-06 18:43:28:210,-1.7809,-0.9299,9.1281,0.0206,0.0663,9.8064,-0.2079,0.0807,-0.0523,-0.69,-33.37,1.38,191.95,-81.88,-166.21
52.396065,-1.525605,162.33,12.23,3,323.55,20 / 21,1641629,2019-09-06 18:43:28:311,0.2841,-0.388,9.102,-0.026,0.0577,9.8063,-0.1425,0.0163,0.0857,-1.62,-35.31,0.75,203.87,-81.33,-166
52.396065,-1.525605,162.33,12.23,3,323.55,20 / 21,1641728,2019-09-06 18:43:28:410,-0.8748,-0.234,10.2255,-0.0004,-0.064,9.8064,0.2539,0.0118,0.0274,-2,-37.87,1.19,202.07,-81.48,-166.14
52.396065,-1.525605,162.33,12.23,3,323.55,20 / 21,1641829,2019-09-06 18:43:28:511,2.0678,-1.4338,10.2987,-0.0161,-0.0862,9.8062,0.2414,-0.0046,-0.1189,-2.37,-38.37,3.75,216.07,-81.54,-165.29
52.396065,-1.525605,162.33,12.23,3,323.55,20 / 21,1641929,2019-09-06 18:43:28:611,-2.3004,-1.6302,9.5051,-0.0505,0.0395,9.8064,-0.165,0.0158,0.0045,-1.25,-37.44,5.44,185.26,-81.58,-169.08
52.396065,-1.525605,162.33,12.23,3,323.55,20 / 21,1642029,2019-09-06 18:43:28:711,-0.5036,1.5375,10.8489,0.0058,-0.0062,9.8066,-0.0164,-0.0563,0.0245,-1.12,-36.25,5.5,10.95,-81.72,-169.03
52.396065,-1.525605,162.33,12.23,3,323.55,20 / 21,1642128,2019-09-06 18:43:28:810,-0.1229,0.0165,9.8925,-0.0115,-0.006,9.8066,0.2592,0.1221,-0.1062,-0.44,-34.12,5.88,51.22,-81.63,-169.4
52.396065,-1.525605,162.33,12.23,3,323.55,20 / 21,1642228,2019-09-06 18:43:28:910,-1.3518,-0.0441,10.0249,-0.0113,0.0046,9.8066,0.2255,-0.0465,0.0712,-0.25,-33.56,5.44,105.65,-81.36,-170.13
52.396065,-1.525605,162.33,12.23,3,323.55,20 / 21,1642329,2019-09-06 18:43:29:011,0.1191,-0.647,10.2326,-0.0109,-0.0136,9.8066,-0.1051,-0.0261,0.0276,0,-33.87,4.81,110.81,-81.21,-170.11
52.396065,-1.525605,162.33,12.23,3,323.55,20 / 21,1642429,2019-09-06 18:43:29:111,1.379,1.1189,9.8572,-0.0074,0.0057,9.8066,0.0328,0.0395,-0.0524,0,-33.37,5.13,94.64,-81.39,-169.82
52.396065,-1.525605,162.33,12.23,3,323.55,20 / 21,1642528,2019-09-06 18:43:29:210,0.5666,-0.4258,9.2349,-0.0059,-0.0129,9.8065,-0.0979,0.031,-0.0833,-0.06,-32.94,4.63,89.5,-81.51,-170.75
52.396065,-1.525605,162.33,12.23,3,323.55,20 / 21,1642629,2019-09-06 18:43:29:311,0.6586,-0.159,10.0414,-0.0277,-0.024,9.8065,-0.0743,-0.0043,0.0043,-0.12,-33.12,4.69,91.42,-81.44,-172.11
52.396065,-1.525605,162.33,12.23,3,323.55,20 / 21,1642728,2019-09-06 18:43:29:410,0.6323,-0.2017,9.6652,0.0046,0.0136,9.8065,0.0238,0.0628,-0.001,0.19,-32.44,5.19,77.21,-81.44,-172.74
52.396065,-1.525605,162.33,12.23,3,323.55,20 / 21,1642829,2019-09-06 18:43:29:511,-0.7028,0.5307,9.5279,0.01,-0.0013,9.8065,-0.0869,0,0.0715,0.06,-33,3.94,150.42,-81.44,-171.89
52.396065,-1.525605,162.33,12.23,3,323.55,20 / 21,1642928,2019-09-06 18:43:29:610,0.3138,0.4057,9.7518,0.0032,0.0209,9.8066,-0.0988,0.1125,-0.0239,0.38,-32.44,4.75,78.99,-81.54,-170.22
52.396065,-1.525605,162.33,12.23,3,323.55,20 / 21,1643028,2019-09-06 18:43:29:710,0.6784,-0.8297,9.4269,0.0202,0.0203,9.8065,0.0043,0.1138,0.0134,0,-32.25,4.69,71.42,-81.82,-169.33
52.396065,-1.525605,162.33,12.23,3,323.55,20 / 21,1643129,2019-09-06 18:43:29:811,0.463,0.6981,9.9627,-0.0447,-0.0019,9.8065,-0.0002,0.0545,-0.0276,-0.06,-32.94,4.38,137.95,-81.63,-167.84
52.396065,-1.525605,162.33,12.23,3,323.55,20 / 21,1643228,2019-09-06 18:43:29:910,1.4466,-0.6102,9.2862,-0.0266,0.0116,9.8066,-0.0849,-0.0089,-0.0383,-0.44,-32.69,4.19,139.48,-81.59,-168.27
52.396065,-1.525605,162.33,12.23,3,323.55,20 / 21,1643328,2019-09-06 18:43:30:010,-0.6594,-0.3864,8.5241,0.0205,-0.0295,9.8065,-0.1595,-0.0779,0.0586,0.06,-33.12,4.19,143.45,-81.49,-169.37
52.396065,-1.525605,162.33,12.23,3,323.55,20 / 21,1643428,2019-09-06 18:43:30:110,3.3831,-2.2884,8.7263,-0.1152,-0.0182,9.8059,-0.599,0.0409,-0.0557,-0.06,-32.87,4.19,146.69,-81.22,-169.07
52.396065,-1.525605,162.33,12.23,3,323.55,20 / 21,1643529,2019-09-06 18:43:30:211,2.5318,-1.9303,8.8028,0.1615,-0.1453,9.8042,0.1013,0.0609,0.0186,0.44,-31.56,3.88,112.28,-82.39,-166.73
52.396065,-1.525605,162.33,12.23,3,323.55,20 / 21,1643629,2019-09-06 18:43:30:311,1.3186,2.9917,11.4896,-0.0031,-0.0085,9.8066,-0.3309,-0.1405,0.1471,-0.06,-32,4.56,77,-81.7,-168.53
52.396065,-1.525605,162.33,12.23,3,323.55,20 / 21,1643729,2019-09-06 18:43:30:411,1.6827,0.2845,9.8337,0.0496,0.0077,9.8065,0.1452,0.0137,0.0138,0.06,-32.31,3.81,131.35,-81.65,-166.98
52.396065,-1.525605,162.33,12.23,3,323.55,20 / 21,1643828,2019-09-06 18:43:30:510,1.0642,0.4922,9.8239,0.0499,-0.0027,9.8064,-0.0016,-0.0305,0.0167,-0.56,-32.62,3.94,167.73,-81.86,-164.17
52.396065,-1.525605,162.33,12.23,3,323.55,20 / 21,1643929,2019-09-06 18:43:30:611,0.8663,0.1815,10.0463,-0.0009,-0.0047,9.8066,0.1635,-0.0338,0.0735,-0.87,-32.5,3.69,163.22,-81.78,-163.88
52.396065,-1.525605,162.33,12.23,3,323.55,20 / 21,1644028,2019-09-06 18:43:30:710,0.7713,0.9087,9.9476,0.0069,-0.001,9.8066,0.0682,-0.0694,0.0471,-0.44,-33,3.88,130.91,-81.68,-163.68
52.396065,-1.525605,162.33,12.23,3,323.55,20 / 21,1644128,2019-09-06 18:43:30:810,1.1383,0.6216,9.9262,0.0128,0.005,9.8065,0.0249,-0.1261,0.1364,-0.56,-32.56,4.25,165.89,-81.53,-163.21
52.396065,-1.525605,162.33,12.23,3,323.55,20 / 21,1644228,2019-09-06 18:43:30:910,0.639,-0.8299,9.4178,-0.011,0.0298,9.8065,-0.0302,0.0986,-0.1079,-0.87,-33.19,4.81,86.61,-81.36,-160.98
52.396065,-1.525605,162.33,12.23,3,323.55,20 / 21,1644329,2019-09-06 18:43:31:011,-0.4452,-0.681,9.4381,0.0064,-0.0063,9.8066,-0.053,-0.0383,0.0613,-0.62,-32.31,4.38,150.97,-81.52,-160.91
52.396065,-1.525605,162.33,12.23,3,323.55,19 / 21,1644428,2019-09-06 18:43:31:110,-0.2018,-0.7279,9.4947,0.0012,-0.007,9.8066,-0.0571,-0.0207,-0.0233,-0.69,-33.31,3.56,147.55,-81.74,-159.89
52.396065,-1.525605,162.33,12.23,3,323.55,19 / 21,1644528,2019-09-06 18:43:31:210,0.6213,0.2191,9.3964,-0.0104,-0.0019,9.8065,-0.0505,0.1112,-0.1062,-0.56,-32.56,4.06,141.04,-82.02,-160.12
52.396065,-1.525605,162.33,12.23,3,323.55,19 / 21,1644629,2019-09-06 18:43:31:311,0.0366,0.6177,10.1922,-0.0248,-0.0216,9.8065,-0.0594,-0.0267,-0.0012,-0.19,-31.69,3.06,149.76,-82.08,-162.09
52.396065,-1.525605,162.33,12.23,3,323.55,19 / 21,1644730,2019-09-06 18:43:31:412,1.0136,-0.3384,10.007,-0.0151,-0.0316,9.8065,0.105,0.0407,-0.0893,-0.06,-33.25,3.75,122.64,-82.2,-165.57
52.396065,-1.525605,162.33,12.23,3,323.55,19 / 21,1644829,2019-09-06 18:43:31:511,0.1814,-0.7648,10.0064,-0.0114,-0.0144,9.8066,0.0445,0.0249,-0.0627,-0.25,-33.69,3.56,133.33,-82.12,-167.99
52.396065,-1.525605,162.33,12.23,3,323.55,19 / 21,1644929,2019-09-06 18:43:31:611,0.6592,-0.0478,9.7594,0.0119,-0.0175,9.8065,0.01,0.0126,0.0149,-0.5,-33.69,3.88,135.44,-82.1,-168.84
52.396065,-1.525605,162.33,12.23,3,323.55,19 / 21,1645029,2019-09-06 18:43:31:711,-1.1093,-1.1713,10.0558,-0.0124,-0.0058,9.8066,-0.0361,0.0903,-0.0258,-0.56,-33.56,3.75,207.72,-82.24,-169.74
52.396065,-1.525605,162.33,12.23,3,323.55,19 / 21,1645128,2019-09-06 18:43:31:810,2.3465,-0.2848,10.2159,0.0475,-0.0144,9.8065,0.1854,0.0581,-0.0609,-0.44,-33,4.44,116.52,-82.58,-169.62
52.396065,-1.525605,162.33,12.23,3,323.55,19 / 21,1645228,2019-09-06 18:43:31:910,-0.1754,-0.8945,9.8456,0.0353,-0.0261,9.8065,-0.0326,-0.0185,-0.025,-0.44,-32.94,4.19,121.08,-82.5,-170.5
52.396065,-1.525605,162.33,12.23,3,323.55,19 / 21,1645329,2019-09-06 18:43:32:011,-0.0625,1.094,9.6465,-0.0377,-0.0229,9.8065,-0.1015,-0.0616,0.0337,-0.31,-32.75,4.69,68.45,-82.1,-170.05
52.396065,-1.525605,162.33,12.23,3,323.55,20 / 21,1645428,2019-09-06 18:43:32:110,-0.3862,1.1496,9.2737,0.0024,0.0042,9.8066,-0.0626,0.0809,-0.0058,0.06,-32.12,5,59.26,-82.26,-169.18
52.396065,-1.525605,162.33,12.23,3,323.55,20 / 21,1645529,2019-09-06 18:43:32:211,-0.8473,-2.7089,10.1397,0.0365,0.0096,9.8066,0.002,0.0141,-0.0335,0.13,-32.44,3.5,117.87,-82.39,-171.29
52.396065,-1.525605,162.33,12.23,3,323.55,20 / 21,1645628,2019-09-06 18:43:32:310,0.4685,1.6707,9.6027,0.0446,-0.0162,9.8064,0.0914,-0.0504,0.0415,0.06,-32.12,3.44,152.53,-82.73,-168.72
52.396065,-1.525605,162.33,12.23,3,323.55,20 / 21,1645728,2019-09-06 18:43:32:410,-0.0345,-1.7914,9.7055,0.0062,0.0101,9.8066,0.0841,-0.0307,0.0005,0.63,-32.12,3.44,131,-82.69,-169.56
52.396065,-1.525605,162.33,12.23,3,323.55,20 / 21,1645829,2019-09-06 18:43:32:511,0.1731,2.2761,9.128,0.0046,0.0007,9.8066,0.1113,0.0023,-0.0618,0.19,-32.94,3.5,116.2,-82.54,-168.21
52.396065,-1.525605,162.33,12.23,3,323.55,20 / 21,1645929,2019-09-06 18:43:32:611,1.6309,-2.134,10.4266,0.0487,-0.0162,9.8064,-0.0269,0.1953,-0.1769,0,-33.06,3.88,110.16,-82.76,-170.35
52.396065,-1.525605,162.33,12.23,3,323.55,20 / 21,1646029,2019-09-06 18:43:32:711,-1.0693,-1.1174,8.5947,0.0363,-0.0213,9.8065,-0.019,0.093,-0.0581,0.19,-32.12,3.31,156.03,-82.78,-170.76
52.396065,-1.525605,162.33,12.23,3,323.55,20 / 21,1646128,2019-09-06 18:43:32:810,-0.7679,-3.6133,8.7575,0.0316,-0.0826,9.8062,-0.374,-0.097,-0.0723,0.13,-33.31,2.94,161.64,-82.47,-171.18
52.396065,-1.525605,162.33,12.23,3,323.55,20 / 21,1646229,2019-09-06 18:43:32:911,3.1524,-3.9791,8.6612,-0.049,0.0282,9.8065,-0.762,0.0057,-0.0791,0.38,-34.19,3.13,162.86,-82.74,-172.01
52.396065,-1.525605,162.33,12.23,3,323.55,20 / 21,1646329,2019-09-06 18:43:33:011,-0.7094,-1.4275,7.9467,0.05,-0.1146,9.8058,0.0698,0.0306,-0.1044,0,-33.56,3.56,79.22,-83.51,-172.57
52.396744,-1.526684,162.08,11.55,2,308.54,20 / 21,1646429,2019-09-06 18:43:33:111,1.109,1.514,9.5594,0.0358,-0.0246,9.8065,-0.0058,0.1202,0.0152,0,-33.37,4,90.39,-83.15,-172.03
52.396744,-1.526684,162.08,11.55,2,308.54,20 / 21,1646529,2019-09-06 18:43:33:211,1.4511,0.7142,9.9371,0.0323,0.013,9.8065,-0.0279,0.1052,-0.044,0.19,-33.75,4.31,57.87,-83.65,-175.33
52.396744,-1.526684,162.08,11.55,2,308.54,20 / 21,1646628,2019-09-06 18:43:33:310,-0.102,0.4536,10.2373,0.024,-0.0049,9.8066,-0.0685,-0.0669,-0.0201,0.5,-33.44,4.63,43.77,-83.73,-177.09
52.396744,-1.526684,162.08,11.55,2,308.54,20 / 21,1646728,2019-09-06 18:43:33:410,0.306,0.7291,10.0779,0.0258,0.0062,9.8066,0.1582,0,-0.106,0.63,-32.62,4.75,41.89,-83.65,-178.25
52.396744,-1.526684,162.08,11.55,2,308.54,20 / 21,1646829,2019-09-06 18:43:33:511,-0.1041,1.169,9.5185,0.0305,-0.0028,9.8065,0.137,-0.073,0.112,0.81,-32,4,63.77,-83.7,179.43
52.396744,-1.526684,162.08,11.55,2,308.54,20 / 21,1646928,2019-09-06 18:43:33:610,1.2364,-0.4038,9.5784,-0.017,0.0008,9.8066,-0.1322,0.0791,-0.0444,1.06,-32.75,4.19,75.84,-83.56,-179.33
52.396744,-1.526684,162.08,11.55,2,308.54,20 / 21,1647028,2019-09-06 18:43:33:710,-0.1916,0.1334,10.3503,-0.0046,-0.0049,9.8065,0.0382,0.014,0.0813,0.94,-32.31,4.5,35.77,-83.77,-179.2
52.396744,-1.526684,162.08,11.55,2,308.54,20 / 21,1647129,2019-09-06 18:43:33:811,-1.0202,-0.0812,9.6081,-0.0239,-0.0006,9.8066,-0.0368,0.0359,0.005,0.94,-32.06,4.44,70.01,-83.74,-177.16
52.396744,-1.526684,162.08,11.55,2,308.54,20 / 21,1647229,2019-09-06 18:43:33:911,0.4798,0.094,9.7573,-0.0125,-0.0055,9.8066,-0.0441,-0.0155,0.0526,1.31,-31.75,4.56,43.18,-83.68,-176.59
52.396744,-1.526684,162.08,11.55,2,308.54,20 / 21,1647329,2019-09-06 18:43:34:011,1.0165,0.5569,9.5198,0.0285,0.026,9.8066,0.0544,-0.0038,0.0445,1.38,-31.69,4.31,74.78,-83.7,-175.07
52.396744,-1.526684,162.08,11.55,2,308.54,20 / 21,1647429,2019-09-06 18:43:34:111,0.5327,1.0222,10.1493,0.0396,0.018,9.8065,0.0559,-0.089,0.0563,1.38,-31.31,4.44,68.84,-83.96,-173.17
52.396744,-1.526684,162.08,11.55,2,308.54,20 / 21,1647529,2019-09-06 18:43:34:211,-0.3501,-0.4329,10.6449,-0.0272,-0.0064,9.8065,0.0328,0.0129,-0.0008,1.31,-31.19,4.44,76.1,-83.71,-171.57
52.396744,-1.526684,162.08,11.55,2,308.54,20 / 21,1647629,2019-09-06 18:43:34:311,0.9002,0.3939,9.9581,0.0133,0.0032,9.8066,0.1044,0.0321,0.0315,1.25,-32.06,4.19,78.73,-83.8,-171.17
52.396744,-1.526684,162.08,11.55,2,308.54,20 / 21,1647728,2019-09-06 18:43:34:410,-1.0068,0.7811,10.2132,-0.0479,-0.0133,9.8065,-0.2177,0.0505,0.0013,1.06,-31.81,3.69,84.61,-83.53,-170.72
52.396744,-1.526684,162.08,11.55,2,308.54,20 / 21,1647828,2019-09-06 18:43:34:510,-0.008,-0.5244,9.9074,-0.0032,-0.004,9.8065,-0.0916,0.0236,0.0114,0.88,-31.37,3.56,76.97,-83.78,-170.1
52.396744,-1.526684,162.08,11.55,2,308.54,20 / 21,1647929,2019-09-06 18:43:34:611,1.0993,1.0809,10.4435,0.0167,0.0186,9.8066,0.0821,0.0822,-0.0131,0.06,-31.62,4.25,51.84,-83.87,-170.66
52.396744,-1.526684,162.08,11.55,2,308.54,20 / 21,1648029,2019-09-06 18:43:34:711,1.0139,0.6304,9.9918,0.0019,0.0106,9.8066,0.0073,0.0556,0.0303,0.06,-30.62,4.44,46.06,-83.99,-169.97
52.396744,-1.526684,162.08,11.55,2,308.54,20 / 21,1648128,2019-09-06 18:43:34:810,1.5408,0.7625,9.8107,-0.0072,0.0223,9.8066,-0.0578,0.0462,-0.0329,1,-29.25,4.38,72.27,-83.92,-167.37
52.396744,-1.526684,162.08,11.55,2,308.54,20 / 21,1648228,2019-09-06 18:43:34:910,-0.9718,-0.4074,9.96,0.0327,0.0314,9.8065,0.1101,0.0466,0.0127,1.44,-30.06,4.44,73.91,-84.11,-166.33
52.396744,-1.526684,162.08,11.55,2,308.54,20 / 21,1648328,2019-09-06 18:43:35:010,-0.6244,-0.9732,9.4322,-0.0278,-0.0175,9.8066,-0.1925,-0.0812,0.0008,1.44,-29.25,4.13,73.24,-83.93,-166.62
52.396744,-1.526684,162.08,11.55,2,308.54,20 / 21,1648429,2019-09-06 18:43:35:111,1.5338,0.5053,9.7977,0.0205,0.0427,9.8064,-0.1537,-0.0139,0.1014,2.06,-29.56,4.69,68.9,-84.09,-165.54
52.396744,-1.526684,162.08,11.55,2,308.54,20 / 21,1648528,2019-09-06 18:43:35:210,-0.4908,-0.389,10.0298,0.0368,0.0117,9.8065,0.0511,0.0049,-0.0123,1.81,-30.94,3.75,87.98,-84.03,-165.02
52.396744,-1.526684,162.08,11.55,2,308.54,20 / 21,1648628,2019-09-06 18:43:35:310,0.4834,0.0777,9.7813,-0.0333,-0.0156,9.8066,-0.0054,0.0182,-0.0087,1.69,-31.19,3.31,108.11,-83.87,-166.76
52.396744,-1.526684,162.08,11.55,2,308.54,20 / 21,1648729,2019-09-06 18:43:35:411,0.2312,-0.4448,9.6947,-0.011,-0.0021,9.8066,0.0273,-0.0235,-0.0928,1,-32.06,3.5,81.89,-83.96,-166.6
52.396744,-1.526684,162.08,11.55,2,308.54,20 / 21,1648829,2019-09-06 18:43:35:511,-1.161,-0.2132,10.1846,0.0007,0.0171,9.8066,0.0821,-0.0485,0.0355,0.63,-31.62,4.38,82.04,-83.95,-166.6
52.396744,-1.526684,162.08,11.55,2,308.54,20 / 21,1648929,2019-09-06 18:43:35:611,0.6031,1.4307,9.7888,-0.0048,-0.0109,9.8066,-0.1153,-0.0527,0.0252,0.75,-31.87,4.19,80.87,-84.09,-165.69
52.396744,-1.526684,162.08,11.55,2,308.54,20 / 21,1649028,2019-09-06 18:43:35:710,1.0982,1.5592,9.9281,0.01,0.004,9.8066,-0.0164,-0.0322,-0.0454,0.31,-31.87,3.13,110.61,-84.31,-165.92
52.396744,-1.526684,162.08,11.55,2,308.54,20 / 21,1649129,2019-09-06 18:43:35:811,1.5213,-0.2111,10.3479,-0.0087,0.0125,9.8066,0.0616,-0.1008,0.0428,0.81,-32.19,3.88,78.33,-84.35,-164.55
52.396744,-1.526684,162.08,11.55,2,308.54,20 / 21,1649228,2019-09-06 18:43:35:910,-1.1303,1.7534,10.0318,-0.0174,-0.0009,9.8066,0.0881,-0.1328,0.0819,0.56,-31.87,4.06,80.13,-84.31,-163.63
52.396744,-1.526684,162.08,11.55,2,308.54,20 / 21,1649328,2019-09-06 18:43:36:010,0.4102,0.9273,10.2058,-0.0041,-0.002,9.8066,0.063,-0.0176,-0.008,0.5,-32.44,3.81,80.43,-84.26,-163.98
52.396744,-1.526684,162.08,11.55,2,308.54,19 / 20,1649429,2019-09-06 18:43:36:111,-0.2159,0.6151,10.0573,-0.0073,-0.0048,9.8066,0.0581,-0.0451,0.0245,0.44,-31.31,3.38,112.95,-84.04,-163.87
52.396744,-1.526684,162.08,11.55,2,308.54,19 / 20,1649529,2019-09-06 18:43:36:211,-0.4673,-0.364,9.3989,-0.0173,0.0014,9.8066,-0.1238,-0.043,0.0145,0.63,-31.87,3.81,86.23,-83.93,-163.26
52.396744,-1.526684,162.08,11.55,2,308.54,19 / 20,1649628,2019-09-06 18:43:36:310,-0.9476,0.7384,9.5988,0.0066,0.016,9.8066,0.0103,-0.0422,0.0213,0.25,-32.31,3.94,69.75,-84.15,-160.57
52.396744,-1.526684,162.08,11.55,2,308.54,19 / 20,1649729,2019-09-06 18:43:36:411,-0.1087,0.4545,8.9634,-0.0061,0.0029,9.8066,-0.2228,0,0.0349,-0.19,-32.12,2.56,108.41,-84.36,-159.59
52.396744,-1.526684,162.08,11.55,2,308.54,19 / 20,1649828,2019-09-06 18:43:36:510,0.2383,1.2327,9.9043,0.0283,0.0248,9.8065,-0.1024,-0.0295,0.0362,-0.69,-32.56,3.5,34.84,-84.62,-156.66
52.396744,-1.526684,162.08,11.55,2,308.54,19 / 20,1649928,2019-09-06 18:43:36:610,0.3244,0.7432,9.9022,0.0174,-0.0035,9.8066,0.0369,0.0421,-0.0159,-0.19,-31.81,2.94,103.14,-84.57,-157.54
52.396744,-1.526684,162.08,11.55,2,308.54,19 / 20,1650029,2019-09-06 18:43:36:711,0.6337,1.4322,10.6399,-0.0163,0.0042,9.8066,0.0915,-0.0476,0.0197,-0.94,-32.62,3.19,120.28,-84.31,-157.41
52.396744,-1.526684,162.08,11.55,2,308.54,19 / 20,1650129,2019-09-06 18:43:36:811,-0.2198,1.068,10.2628,0.0057,0.0076,9.8066,0.0803,-0.0891,0.0516,-0.62,-32.5,3.31,124.94,-84.08,-157.32
52.396744,-1.526684,162.08,11.55,2,308.54,19 / 20,1650229,2019-09-06 18:43:36:911,-0.2378,-0.8093,9.5562,-0.0001,0.0014,9.8066,-0.0199,0.0542,-0.056,-0.56,-32.5,3.06,133.94,-83.97,-157.36
52.396744,-1.526684,162.08,11.55,2,308.54,19 / 20,1650329,2019-09-06 18:43:37:011,-0.3448,-0.2487,10.2375,-0.0155,0.0122,9.8066,-0.0303,0.0056,0.0193,-1.12,-32.5,3.5,49.91,-83.99,-154.83
52.396744,-1.526684,162.08,11.55,2,308.54,20 / 21,1650429,2019-09-06 18:43:37:111,0.5143,1.5042,9.4409,-0.0213,0.0015,9.8066,0.0826,-0.1207,0.0737,-1,-32.25,3.44,113.44,-84.07,-153.51
52.396744,-1.526684,162.08,11.55,2,308.54,20 / 21,1650528,2019-09-06 18:43:37:210,1.6966,0.5732,9.7842,-0.0179,-0.0282,9.8065,0.0785,-0.0776,-0.0198,-1.12,-32.19,3.19,107.54,-84.2,-155.34
52.396744,-1.526684,162.08,11.55,2,308.54,20 / 21,1650628,2019-09-06 18:43:37:310,0.3193,-1.0196,10.8797,-0.0145,-0.0067,9.8066,0.1628,0.0442,-0.1027,-0.81,-32.56,3.19,133.24,-84.06,-156.08
52.396744,-1.526684,162.08,11.55,2,308.54,20 / 21,1650729,2019-09-06 18:43:37:411,0.7062,-0.3694,9.3843,0.0309,-0.0198,9.8065,0.075,-0.2028,0.0652,-0.5,-32.87,3.31,124.01,-83.84,-156.65
52.396744,-1.526684,162.08,11.55,2,308.54,20 / 21,1650828,2019-09-06 18:43:37:510,-0.1733,0.8117,10.6262,-0.0574,-0.008,9.8064,0.0238,-0.1036,0.0004,-0.44,-32.69,3.63,92.62,-83.42,-159.31
52.396744,-1.526684,162.08,11.55,2,308.54,20 / 21,1650929,2019-09-06 18:43:37:611,1.0512,-1.6864,8.3465,0.0308,0.0407,9.8064,-0.1664,0.0955,-0.1676,-0.44,-32,3.75,76.41,-83.94,-159.32
52.396744,-1.526684,162.08,11.55,2,308.54,20 / 21,1651028,2019-09-06 18:43:37:710,-0.3486,1.7415,8.9877,0.0261,0.0126,9.8066,-0.1014,0.0007,0.0131,-0.44,-32.69,3.5,75.17,-84.31,-157.47
52.396744,-1.526684,162.08,11.55,2,308.54,20 / 21,1651129,2019-09-06 18:43:37:811,1.1732,0.4041,9.3147,-0.0025,-0.0123,9.8066,-0.0811,-0.0308,0.0217,-0.81,-32.56,2.75,80.16,-84.63,-156.62
52.396744,-1.526684,162.08,11.55,2,308.54,20 / 21,1651229,2019-09-06 18:43:37:911,0.2516,-1.1831,9.975,0.0178,0.0231,9.8065,0.1485,-0.1188,0.0179,-0.31,-31.87,3,94.3,-84.92,-156.75
52.396744,-1.526684,162.08,11.55,2,308.54,20 / 21,1651328,2019-09-06 18:43:38:010,-1.1399,-0.7072,9.8371,0.0056,-0.0093,9.8066,0.1311,-0.024,-0.0123,-0.25,-32.19,3.63,61.91,-84.61,-159.88
52.396744,-1.526684,162.08,11.55,2,308.54,19 / 21,1651429,2019-09-06 18:43:38:111,0.1662,0.3724,9.8714,-0.0088,-0.019,9.8066,0.0397,0.0487,-0.0462,0.44,-32.06,4.31,65.38,-84.23,-162
52.396744,-1.526684,162.08,11.55,2,308.54,19 / 21,1651528,2019-09-06 18:43:38:210,-0.6669,-1.0298,9.4621,0.0145,0.0127,9.8066,-0.1067,0.0632,-0.0165,0.56,-31.12,3.56,79.14,-84.35,-161.87
52.396744,-1.526684,162.08,11.55,2,308.54,19 / 21,1651628,2019-09-06 18:43:38:310,0.1427,0.1003,9.1662,-0.006,-0.0124,9.8066,0.0888,0.0124,0.0169,0.56,-32.12,3.06,105.53,-84.51,-162.24
52.396744,-1.526684,162.08,11.55,2,308.54,19 / 21,1651728,2019-09-06 18:43:38:410,2.0075,-1.115,10.3845,-0.0169,-0.0022,9.8066,-0.1226,0.0033,-0.0835,0.69,-30.69,1.69,129.05,-84.69,-163.77
52.396744,-1.526684,162.08,11.55,2,308.54,19 / 21,1651828,2019-09-06 18:43:38:510,-0.0212,-1.7029,9.4672,0.0091,-0.0144,9.8066,-0.0225,0.0069,0.0211,-0.87,-31.44,0.75,202.99,-84.73,-163.97
52.396744,-1.526684,162.08,11.55,2,308.54,19 / 21,1651928,2019-09-06 18:43:38:610,1.2141,0.0229,9.5603,-0.0072,-0.0165,9.8066,0.0651,0.0524,-0.0439,-3.12,-31.69,1.75,263.84,-84.63,-163.85
52.396744,-1.526684,162.08,11.55,2,308.54,19 / 21,1652028,2019-09-06 18:43:38:710,-0.959,0.8635,9.3389,0.004,-0.0075,9.8066,0.0157,-0.0172,-0.0297,-2.69,-32.12,3.81,314.59,-84.59,-162.92
52.396744,-1.526684,162.08,11.55,2,308.54,19 / 21,1652129,2019-09-06 18:43:38:811,0.3677,-0.2632,9.9746,0.0065,-0.0252,9.8066,-0.1603,-0.0575,0.0808,-1.94,-32.44,4.56,352.63,-84.6,-161.42
52.396744,-1.526684,162.08,11.55,2,308.54,19 / 21,1652229,2019-09-06 18:43:38:911,-0.5048,1.2469,10.0785,-0.0184,0.0306,9.8066,-0.1631,0.0389,0.0176,-0.94,-31.81,3.94,19.74,-84.74,-160.2
52.396744,-1.526684,162.08,11.55,2,308.54,19 / 21,1652329,2019-09-06 18:43:39:011,1.1344,-0.1002,10.3249,0.0004,0.0005,9.8066,0.0594,0.0557,-0.0271,-1.06,-33.31,4.25,27.44,-84.74,-158.38
52.396744,-1.526684,162.08,11.55,2,308.54,20 / 21,1652429,2019-09-06 18:43:39:111,0.1975,0.9401,9.7697,-0.0103,0.0037,9.8066,-0.0806,-0.031,0.0336,-0.62,-32.5,3.94,23.91,-84.74,-158.91
52.396744,-1.526684,162.08,11.55,2,308.54,20 / 21,1652529,2019-09-06 18:43:39:211,1.0774,0.7389,9.6443,-0.0068,0,9.8066,-0.037,0.0155,-0.0034,-0.5,-32.5,4.06,63.41,-84.72,-158.04
52.396744,-1.526684,162.08,11.55,2,308.54,20 / 21,1652628,2019-09-06 18:43:39:310,0.0189,2.3435,9.9888,-0.016,-0.0054,9.8066,0.0316,-0.0382,0.0594,-0.5,-32.19,4.44,69.85,-84.55,-156
52.396744,-1.526684,162.08,11.55,2,308.54,20 / 21,1652728,2019-09-06 18:43:39:410,-0.9386,1.1945,9.4813,-0.0093,-0.0045,9.8066,-0.0758,0.0187,0.0359,-0.12,-32.5,4.5,54.7,-84.6,-154.94
52.396744,-1.526684,162.08,11.55,2,308.54,20 / 21,1652829,2019-09-06 18:43:39:511,-0.1225,0.1546,10.0231,-0.0297,0.0093,9.8066,0.0573,-0.0721,0.0945,-0.37,-32.44,4.13,75.61,-84.44,-153.38
52.396744,-1.526684,162.08,11.55,2,308.54,20 / 21,1652929,2019-09-06 18:43:39:611,-0.9962,0.5561,9.3909,-0.0197,0.0143,9.8066,0.0981,-0.1412,0.0835,-1,-31.37,3.5,57.11,-84.1,-149.68
52.396744,-1.526684,162.08,11.55,2,308.54,20 / 21,1653028,2019-09-06 18:43:39:710,1.2416,1.8044,9.3814,0.0233,0.0122,9.8066,-0.0457,-0.1357,0.0153,-1.06,-32,3.38,108.65,-84.06,-147.33
52.396744,-1.526684,162.08,11.55,2,308.54,20 / 21,1653128,2019-09-06 18:43:39:810,0.8684,0.9185,10.3811,0.0221,0.0271,9.8065,-0.0309,-0.2254,0.0684,-1,-31.75,2.94,105.91,-84.13,-145.68
52.396744,-1.526684,162.08,11.55,2,308.54,20 / 21,1653229,2019-09-06 18:43:39:911,-1.679,1.109,9.5749,-0.0011,0.0013,9.8066,-0.0573,-0.1023,-0.0886,-1.81,-32.87,2.56,38.7,-84.23,-142.99
52.396744,-1.526684,162.08,11.55,2,308.54,20 / 21,1653328,2019-09-06 18:43:40:010,1.538,-1.5157,10.004,0.0043,0.0046,9.8066,0.0668,-0.121,0.042,-2.12,-31.87,2.94,37.96,-84.19,-142.11
52.396744,-1.526684,162.08,11.55,2,308.54,20 / 21,1653428,2019-09-06 18:43:40:110,-1.6085,1.2253,11.1542,-0.0065,0.0211,9.8065,0.086,-0.1849,0.0301,-2.31,-32,2.44,215.9,-84.17,-141.74
52.396744,-1.526684,162.08,11.55,2,308.54,20 / 21,1653529,2019-09-06 18:43:40:211,-1.1454,1.4857,9.4008,0.0032,-0.0374,9.8065,-0.0595,-0.1334,-0.0316,-2.25,-31.5,2.75,25.45,-84.07,-143.43
52.396744,-1.526684,162.08,11.55,2,308.54,20 / 21,1653628,2019-09-06 18:43:40:310,-1.6548,0.7524,8.731,-0.0019,-0.0088,9.8066,-0.0174,-0.1633,0.0666,-2.06,-31.37,2.44,223.69,-83.98,-144.17
52.396744,-1.526684,162.08,11.55,2,308.54,20 / 21,1653729,2019-09-06 18:43:40:411,-1.6758,0.3527,9.0286,-0.0215,0.0042,9.8066,-0.0531,-0.1994,0.036,-2.81,-30.69,3.38,332.76,-84.01,-141.67
52.396744,-1.526684,162.08,11.55,2,308.54,20 / 21,1653828,2019-09-06 18:43:40:510,0.0289,3.8579,8.2425,-0.0633,-0.0503,9.8063,0.1345,-0.1319,0.0008,-2.31,-30,1.88,199.18,-84.33,-136.04
52.396744,-1.526684,162.08,11.55,2,308.54,20 / 21,1653928,2019-09-06 18:43:40:610,-0.0777,-4.4109,11.6916,0.1589,-0.0705,9.8051,-0.5305,0.0541,-0.0896,-3.37,-28.87,1.56,287.03,-83.68,-138.27
52.396744,-1.526684,162.08,11.55,2,308.54,20 / 21,1654029,2019-09-06 18:43:40:711,3.2543,-4.6788,9.6691,0.1265,0.1069,9.8052,0.3461,-0.2297,0.0543,-2.56,-28.25,0.63,256.88,-83.65,-138.04
52.396744,-1.526684,162.08,11.55,2,308.54,20 / 21,1654128,2019-09-06 18:43:40:810,2.1458,-3.3636,12.277,-0.0107,-0.0065,9.8066,0.0691,-0.308,0.033,-3.81,-28.81,-0.81,251.89,-83.7,-136.65
52.396744,-1.526684,162.08,11.55,2,308.54,20 / 21,1654228,2019-09-06 18:43:40:910,1.7196,-0.8163,10.1857,-0.0246,-0.0656,9.8063,-0.2219,-0.2937,-0.0018,-3.25,-29.31,-2.19,232.88,-83.67,-138.35
52.396744,-1.526684,162.08,11.55,2,308.54,20 / 21,1654328,2019-09-06 18:43:41:010,1.5377,-0.7182,9.1622,0.0074,-0.0172,9.8066,-0.018,-0.2783,-0.0295,-4.25,-31.12,-2.69,237.4,-83.42,-138.94
52.396744,-1.526684,162.08,11.55,2,308.54,20 / 21,1654429,2019-09-06 18:43:41:111,1.3363,-1.8247,11.1686,-0.0069,-0.0109,9.8066,0.0272,-0.2577,0.0242,-5,-32.69,-2.25,249.95,-83.4,-136.63
52.396744,-1.526684,162.08,11.55,2,308.54,20 / 21,1654529,2019-09-06 18:43:41:211,2.7691,-2.7503,10.2677,0.0428,0.0351,9.8064,0.0138,-0.0742,0.0193,-6.31,-32.75,-2.19,256.94,-83.11,-136.82
52.396744,-1.526684,162.08,11.55,2,308.54,20 / 21,1654629,2019-09-06 18:43:41:311,2.2214,-0.6018,10.1558,0.0626,0.0449,9.8062,0.071,-0.1812,0.062,-6.19,-33.31,-2.25,255.89,-82.93,-136.9
52.396744,-1.526684,162.08,11.55,2,308.54,20 / 21,1654728,2019-09-06 18:43:41:410,-0.2743,-1.1449,8.4499,0.0236,0.0224,9.8065,-0.272,-0.1311,-0.0197,-7.31,-34.06,-3,256.48,-82.72,-136.78
52.396744,-1.526684,162.08,11.55,2,308.54,20 / 21,1654828,2019-09-06 18:43:41:510,-1.1682,-3.2128,9.1577,0.0549,0.0527,9.8063,-0.3283,-0.1598,0.0413,-7.81,-34.94,-2.12,266.62,-82.65,-136.22
52.396744,-1.526684,162.08,11.55,2,308.54,20 / 21,1654930,2019-09-06 18:43:41:612,2.6941,-1.9915,9.4821,-0.1432,-0.0493,9.8054,0.3188,-0.3237,0.0319,-8.69,-36,-1.5,276.28,-82.55,-136.23
52.396744,-1.526684,162.08,11.55,2,308.54,20 / 21,1655028,2019-09-06 18:43:41:710,0.831,-1.1091,10.1856,-0.0453,-0.0097,9.8065,-0.1518,-0.1022,-0.159,-8.56,-34.69,0.69,292.85,-83.19,-138.22
52.396744,-1.526684,162.08,11.55,2,308.54,20 / 21,1655128,2019-09-06 18:43:41:810,-0.5663,-3.4414,10.2516,0.0009,-0.007,9.8066,0.197,0.0263,-0.1656,-7.44,-33.87,1.75,293.11,-83.16,-141.69
52.396744,-1.526684,162.08,11.55,2,308.54,20 / 21,1655228,2019-09-06 18:43:41:910,1.3142,-1.5853,9.856,-0.0304,-0.0159,9.8065,0.2072,-0.1707,0.0594,-6.81,-32.81,1.13,283.35,-83.31,-142.54
52.396744,-1.526684,162.08,11.55,2,308.54,20 / 21,1655329,2019-09-06 18:43:42:011,0.0358,-1.7692,11.0524,0.1051,0.0801,9.8057,-0.2457,-0.2012,-0.0976,-6.44,-31.06,0.44,265.28,-83.04,-145.81
52.397327,-1.527751,161.91,9.47,2,334.71,20 / 21,1655428,2019-09-06 18:43:42:110,1.2454,0.5932,9.3076,0.0941,0.1185,9.8055,0.4138,-0.2395,0.1327,-5.56,-30.87,-1.06,255.47,-83.39,-150.3
52.397327,-1.527751,161.91,9.47,2,334.71,20 / 21,1655528,2019-09-06 18:43:42:210,-0.1015,0.9124,7.7931,0.0817,0.1066,9.8057,-0.3772,-0.0846,0.0614,-5.94,-30.62,-2.25,248.69,-83.22,-150.16
52.397327,-1.527751,161.91,9.47,2,334.71,20 / 21,1655629,2019-09-06 18:43:42:311,1.3662,2.2802,9.2265,-0.0505,-0.0368,9.8064,-0.374,-0.0504,0.0498,-7.06,-32.37,-3.5,248.69,-83.35,-151.13
52.397327,-1.527751,161.91,9.47,2,334.71,20 / 21,1655729,2019-09-06 18:43:42:411,-0.3035,-0.4619,8.0847,0.0493,0.059,9.8063,-0.4485,-0.055,-0.0686,-7.06,-32.5,-3.94,244.3,-83.31,-151.34
52.397327,-1.527751,161.91,9.47,2,334.71,20 / 21,1655829,2019-09-06 18:43:42:511,-0.0238,-2.1402,9.3473,-0.0947,-0.0422,9.8061,0.1003,-0.0139,-0.1699,-7.81,-33.69,-4.62,247.04,-83.88,-150.24
52.397327,-1.527751,161.91,9.47,2,334.71,20 / 21,1655929,2019-09-06 18:43:42:611,1.471,-3.7196,11.1896,-0.0089,0.0057,9.8066,0.0038,-0.3597,0.1963,-8.56,-33.69,-4,255.71,-84.71,-152.35
52.397327,-1.527751,161.91,9.47,2,334.71,20 / 21,1656028,2019-09-06 18:43:42:710,1.0253,-3.2925,11.8546,-0.0143,-0.0622,9.8064,-0.0923,-0.2076,0.0139,-9.69,-34.44,-2.94,266.82,-84.81,-149.32
52.397327,-1.527751,161.91,9.47,2,334.71,20 / 21,1656128,2019-09-06 18:43:42:810,0.9665,0.0268,10.1637,-0.1066,-0.0615,9.8058,0.5542,-0.0467,0.0341,-8.69,-34.87,-1.19,269.88,-84.73,-152.89
52.397327,-1.527751,161.91,9.47,2,334.71,20 / 21,1656228,2019-09-06 18:43:42:910,0.9459,1.5054,9.366,0.0479,0.0394,9.8064,0.3256,0.1574,-0.1635,-8.5,-33.62,-0.94,258.89,-84.14,-158.92
52.397327,-1.527751,161.91,9.47,2,334.71,20 / 21,1656328,2019-09-06 18:43:43:010,1.049,-1.6671,10.1107,-0.0166,0.0176,9.8066,-0.2624,-0.1537,0.072,-7.94,-32.94,-1.12,261.14,-84.42,-158.49
52.397327,-1.527751,161.91,9.47,2,334.71,19 / 21,1656429,2019-09-06 18:43:43:111,-0.9446,-0.5932,9.7779,0.012,0.0317,9.8065,0.1119,-0.0596,-0.0666,-7.94,-32.81,-1.44,261.42,-84.75,-159.65
52.397327,-1.527751,161.91,9.47,2,334.71,19 / 21,1656528,2019-09-06 18:43:43:210,0.1646,0.0289,10.2149,0.0335,0.0515,9.8064,0.036,-0.0365,-0.0216,-7.19,-32.19,-1.5,252.08,-84.43,-165.05
52.397327,-1.527751,161.91,9.47,2,334.71,19 / 21,1656629,2019-09-06 18:43:43:311,1.4966,0.302,9.4986,-0.0066,-0.0032,9.8066,-0.0711,-0.1259,0.046,-7.31,-31.56,-1.37,249.59,-84.35,-167.57
52.397327,-1.527751,161.91,9.47,2,334.71,19 / 21,1656731,2019-09-06 18:43:43:413,1.9757,-0.0978,9.8755,-0.0067,-0.0184,9.8066,-0.0035,-0.0723,0.0399,-7.31,-32.69,-2,242.95,-84.26,-167.33
52.397327,-1.527751,161.91,9.47,2,334.71,19 / 21,1656828,2019-09-06 18:43:43:510,-0.4684,1.1034,8.6543,-0.0357,-0.0232,9.8065,-0.1461,0.0361,-0.0503,-7.12,-31.69,-2.25,246.25,-84.73,-166.11
52.397327,-1.527751,161.91,9.47,2,334.71,19 / 21,1656928,2019-09-06 18:43:43:610,-0.3676,-0.6473,9.722,-0.0088,-0.0304,9.8066,0.0487,-0.0208,0.0124,-7.25,-31.81,-2.69,243.73,-84.87,-163.39
52.397327,-1.527751,161.91,9.47,2,334.71,19 / 21,1657029,2019-09-06 18:43:43:711,1.4516,0.2622,10.3269,-0.0014,-0.0086,9.8066,0.0596,-0.0247,0.0161,-7.31,-32.19,-1.37,257.28,-84.81,-160.99
52.397327,-1.527751,161.91,9.47,2,334.71,19 / 21,1657129,2019-09-06 18:43:43:811,0.0015,0.3233,10.2237,0.0118,-0.0028,9.8066,0.1007,-0.0619,0.0191,-7.75,-31.5,-2.5,256.24,-84.58,-159.54
52.397327,-1.527751,161.91,9.47,2,334.71,19 / 21,1657229,2019-09-06 18:43:43:911,1.5853,1.8843,9.8723,0.0346,0.0181,9.8065,-0.1266,-0.1392,0.0472,-7.19,-31.62,-1.94,249.08,-84.21,-160.5
52.397327,-1.527751,161.91,9.47,2,334.71,19 / 21,1657329,2019-09-06 18:43:44:011,-0.6854,-1.2438,10.1388,0.0248,0.0363,9.8065,-0.0509,0.0407,-0.0367,-7.06,-31.69,-2.5,248.4,-84.18,-161.16
52.397327,-1.527751,161.91,9.47,2,334.71,19 / 21,1657429,2019-09-06 18:43:44:111,0.3945,-1.5956,9.9244,-0.0263,-0.026,9.8065,-0.1794,-0.1029,0.0478,-7.5,-31.44,-2.44,251.06,-84.45,-160.04
52.397327,-1.527751,161.91,9.47,2,334.71,19 / 21,1657529,2019-09-06 18:43:44:211,1.4536,-0.5477,10.148,-0.0447,-0.0287,9.8065,0.1712,-0.1585,0.052,-7.56,-31.44,-2.25,254.96,-84.58,-160.93
52.397327,-1.527751,161.91,9.47,2,334.71,19 / 21,1657629,2019-09-06 18:43:44:311,0.5742,-2.3073,10.0769,0.0055,-0.021,9.8066,-0.0347,-0.0703,-0.0276,-7.62,-31.69,-2.56,248.44,-84.4,-161.14
52.397327,-1.527751,161.91,9.47,2,334.71,19 / 21,1657728,2019-09-06 18:43:44:410,1.2405,1.2101,9.3606,-0.0245,-0.0142,9.8066,-0.0492,0.0105,-0.0264,-6.81,-31.94,-2.25,250.14,-84.53,-160.69
52.397327,-1.527751,161.91,9.47,2,334.71,19 / 21,1657829,2019-09-06 18:43:44:511,-0.485,-1.4747,8.9771,-0.0169,-0.0092,9.8066,-0.0466,-0.0815,0.015,-8,-32.06,-2.25,255.27,-84.53,-159.72
52.397327,-1.527751,161.91,9.47,2,334.71,19 / 21,1657928,2019-09-06 18:43:44:610,0.4216,-0.1804,10.3808,0.02,-0.0037,9.8066,-0.0584,-0.0184,0.0186,-7.81,-32.5,-3.12,251.78,-84.55,-157.92
52.397327,-1.527751,161.91,9.47,2,334.71,19 / 21,1658028,2019-09-06 18:43:44:710,0.0596,0.7133,10.0233,0.0027,-0.0077,9.8066,-0.0046,0.0856,-0.0213,-7.87,-32.5,-2.69,253.02,-84.6,-156.7
52.397327,-1.527751,161.91,9.47,2,334.71,19 / 21,1658128,2019-09-06 18:43:44:810,0.5948,0.8621,9.3442,-0.014,-0.0048,9.8066,-0.0005,-0.0621,-0.0308,-8.12,-31.81,-2.44,259.02,-84.67,-156.17
52.397327,-1.527751,161.91,9.47,2,334.71,19 / 21,1658229,2019-09-06 18:43:44:911,0.5229,-0.4746,8.9431,0.0319,-0.002,9.8066,0.0841,-0.0137,-0.0064,-7.37,-32.37,-2.12,253.36,-84.54,-157.03
52.397327,-1.527751,161.91,9.47,2,334.71,19 / 21,1658329,2019-09-06 18:43:45:011,0.9942,0.678,11.0857,-0.0139,-0.0275,9.8065,0.0776,-0.0225,-0.0106,-7.94,-31.87,-2.06,259.46,-84.39,-154.56
52.397327,-1.527751,161.91,9.47,2,334.71,19 / 21,1658429,2019-09-06 18:43:45:111,0.1321,0.3475,10.4,0.0245,0.0127,9.8066,0.0906,-0.0116,0.0629,-8.06,-31.87,-1.87,258.98,-84.27,-154.58
52.397327,-1.527751,161.91,9.47,2,334.71,19 / 21,1658528,2019-09-06 18:43:45:210,0.2462,-0.4029,9.9892,0.0054,0.0195,9.8065,-0.0713,-0.0315,-0.0362,-7.25,-32.31,-3.19,249.09,-84.36,-154.99
52.397327,-1.527751,161.91,9.47,2,334.71,19 / 21,1658628,2019-09-06 18:43:45:310,-1.0188,-0.8879,9.8132,-0.0226,-0.0325,9.8065,-0.1469,0.0075,-0.0091,-8.37,-32.25,-3.06,253.71,-84.31,-154.84
52.397327,-1.527751,161.91,9.47,2,334.71,19 / 21,1658729,2019-09-06 18:43:45:411,0.182,0.2541,10.5327,-0.0056,-0.0138,9.8066,0.1322,0.0114,-0.0506,-7.69,-32.19,-2.94,255.13,-84.32,-153.3
52.397327,-1.527751,161.91,9.47,2,334.71,19 / 21,1658829,2019-09-06 18:43:45:511,0.0204,-0.6411,9.7,-0.0159,-0.0086,9.8066,-0.0408,-0.0526,0.031,-7.62,-32.12,-2.81,253.93,-84.26,-154.38
52.397327,-1.527751,161.91,9.47,2,334.71,19 / 21,1658929,2019-09-06 18:43:45:611,0.5573,-0.7438,10.0168,-0.0071,-0.0019,9.8066,-0.0004,-0.0184,0.0465,-8.06,-32.44,-3.12,252.94,-84.15,-155.08
52.397327,-1.527751,161.91,9.47,2,334.71,19 / 21,1659028,2019-09-06 18:43:45:710,0.6957,-2.8748,10.2359,0.0326,0.0171,9.8065,0.1745,-0.0764,0.0474,-8.5,-32.69,-3.12,254.24,-84.02,-152.39
52.397327,-1.527751,161.91,9.47,2,334.71,19 / 21,1659129,2019-09-06 18:43:45:811,-0.2349,0.1774,10.6459,-0.0276,-0.0382,9.8065,0.0297,0.0027,-0.0362,-7.87,-32.06,-3.12,257.87,-84.42,-150.69
52.397327,-1.527751,161.91,9.47,2,334.71,19 / 21,1659228,2019-09-06 18:43:45:910,-1.5134,-1.9969,9.63,0.0358,0.0194,9.8065,0.0197,-0.1888,0.1189,-7.87,-32.56,-3.06,257.38,-84.45,-150.63
52.397327,-1.527751,161.91,9.47,2,334.71,19 / 21,1659328,2019-09-06 18:43:46:010,2.4862,-3.5922,10.2296,0.0042,0.0279,9.8066,0.0762,0.108,-0.0004,-7.44,-32.62,-2.56,248.52,-84.14,-153.96
52.397327,-1.527751,161.91,9.47,2,334.71,20 / 21,1659428,2019-09-06 18:43:46:110,-0.5744,1.063,9.9993,-0.0316,0.0132,9.8066,-0.0977,-0.0606,-0.0282,-7.56,-32.69,-1.56,258.22,-84.02,-153.57
52.397327,-1.527751,161.91,9.47,2,334.71,20 / 21,1659529,2019-09-06 18:43:46:211,2.372,-0.7037,10.0077,-0.0067,-0.028,9.8065,0.1504,-0.1155,0.112,-7.56,-32.31,-2,259.39,-84.07,-153.3
52.397327,-1.527751,161.91,9.47,2,334.71,20 / 21,1659629,2019-09-06 18:43:46:311,2.5053,-0.5041,8.3558,-0.0041,0.0481,9.8065,0.0634,-0.0245,-0.0964,-7.25,-32.12,-2,254.37,-84.14,-154.01
52.397327,-1.527751,161.91,9.47,2,334.71,20 / 21,1659728,2019-09-06 18:43:46:410,-1.7787,0.3262,9.358,0.0599,0.0762,9.8061,-0.1033,-0.0458,0.1009,-7.12,-32.19,-2.19,248.16,-84.01,-160.66
52.397327,-1.527751,161.91,9.47,2,334.71,20 / 21,1659829,2019-09-06 18:43:46:511,2.0021,-0.5408,8.0592,-0.0975,-0.0919,9.8056,-0.4636,0.0661,-0.0645,-7,-31.75,-2,253.89,-84.59,-156.65
52.397327,-1.527751,161.91,9.47,2,334.71,20 / 21,1659929,2019-09-06 18:43:46:611,-2.8013,-1.9589,9.4793,-0.0336,0.0003,9.8066,0.0937,-0.0775,0.0818,-7.94,-31.5,-2.69,251.31,-84.36,-158.4
52.397327,-1.527751,161.91,9.47,2,334.71,20 / 21,1660030,2019-09-06 18:43:46:712,0.605,-0.3012,10.3205,-0.0399,-0.0446,9.8064,0.021,-0.0439,-0.0823,-7,-31.94,-2.75,248.87,-84.71,-156.74
52.397327,-1.527751,161.91,9.47,2,334.71,20 / 21,1660129,2019-09-06 18:43:46:811,-0.4079,1.4518,9.9848,-0.0122,-0.0165,9.8066,0.2039,0.0675,-0.0811,-7,-31.69,-2.94,249.17,-84.72,-156.46
52.397327,-1.527751,161.91,9.47,2,334.71,20 / 21,1660229,2019-09-06 18:43:46:911,-0.6515,-1.461,10.353,0.0079,0.0022,9.8066,0.1468,-0.0412,0.1105,-7.44,-31.81,-2.94,248.05,-84.56,-157.06
52.397327,-1.527751,161.91,9.47,2,334.71,20 / 21,1660329,2019-09-06 18:43:47:011,0.6198,-0.4815,10.4624,0.0011,0.0267,9.8065,-0.1259,-0.0174,-0.0518,-7.25,-31.37,-2.81,246.45,-84.52,-159.5
52.397327,-1.527751,161.91,9.47,2,334.71,19 / 21,1660428,2019-09-06 18:43:47:110,1.0445,0.9555,9.767,-0.0054,-0.0107,9.8066,-0.0161,0.0108,-0.0165,-7.5,-31.12,-3,246.93,-84.42,-158.54
52.397327,-1.527751,161.91,9.47,2,334.71,19 / 21,1660529,2019-09-06 18:43:47:211,-0.4436,0.6574,9.7358,-0.0044,0.0063,9.8066,-0.1096,-0.0579,-0.0172,-7.44,-31.87,-3.5,246.63,-84.48,-158.4
52.397327,-1.527751,161.91,9.47,2,334.71,19 / 21,1660629,2019-09-06 18:43:47:311,0.5749,-0.9296,9.1824,-0.0032,-0.0242,9.8065,-0.1872,-0.0513,0.0734,-7.5,-31.81,-3.69,243.71,-84.71,-157.42
52.397327,-1.527751,161.91,9.47,2,334.71,19 / 21,1660728,2019-09-06 18:43:47:410,-1.2866,-0.7663,10.6209,-0.0205,-0.0059,9.8066,0.0879,0.0472,-0.0841,-7.31,-31.75,-3,247.56,-84.75,-158.44
52.397327,-1.527751,161.91,9.47,2,334.71,19 / 21,1660829,2019-09-06 18:43:47:511,0.5377,1.0005,9.458,0.0149,0.0069,9.8066,-0.1568,-0.0179,0.072,-7.87,-32.12,-3.06,252.37,-84.68,-157.75
52.397327,-1.527751,161.91,9.47,2,334.71,19 / 21,1660928,2019-09-06 18:43:47:610,-0.927,-0.5292,9.9996,0.024,-0.0011,9.8066,-0.011,-0.0152,0.0264,-7.62,-32.06,-3.06,253.3,-84.51,-156.05
52.397327,-1.527751,161.91,9.47,2,334.71,19 / 21,1661028,2019-09-06 18:43:47:710,-0.203,0.4068,10.0099,-0.0236,-0.0417,9.8065,-0.0762,-0.012,0.0359,-8.19,-31.87,-3.12,257.1,-84.58,-152.12
52.397327,-1.527751,161.91,9.47,2,334.71,19 / 21,1661128,2019-09-06 18:43:47:810,-1.2783,-0.7732,10.6113,-0.0093,-0.0241,9.8066,0.0713,-0.0168,0.0032,-7.56,-32.81,-3.06,257.01,-84.45,-151.04
52.397327,-1.527751,161.91,9.47,2,334.71,19 / 21,1661229,2019-09-06 18:43:47:911,-0.4212,-0.5443,9.2238,0.0037,0.0085,9.8066,-0.0946,-0.0058,-0.0545,-7.5,-32.5,-3.75,246.07,-84.42,-153.54
52.397327,-1.527751,161.91,9.47,2,334.71,19 / 21,1661328,2019-09-06 18:43:48:010,-0.1616,-0.4919,9.7298,-0.0165,-0.0129,9.8066,0.1492,-0.013,-0.0604,-8,-31.87,-3.31,255.04,-84.46,-153.95
52.397327,-1.527751,161.91,9.47,2,334.71,19 / 21,1661428,2019-09-06 18:43:48:110,-1.8322,0.5852,9.4859,-0.0081,0.0077,9.8066,0.0184,-0.0349,-0.002,-7.44,-32.62,-2.69,248.8,-84.68,-155.99
52.397327,-1.527751,161.91,9.47,2,334.71,19 / 21,1661529,2019-09-06 18:43:48:211,-2.5757,-1.2443,9.9524,0.0013,0.017,9.8066,-0.1036,0.0397,-0.09,-7.62,-32.12,-3.12,254.12,-84.86,-156.47
52.397327,-1.527751,161.91,9.47,2,334.71,19 / 21,1661628,2019-09-06 18:43:48:310,0.2112,0.2484,8.8305,0.0112,0.0007,9.8066,0.05,-0.0455,0.0538,-7.44,-31.56,-3.06,251.38,-85.13,-155.65
52.397327,-1.527751,161.91,9.47,2,334.71,19 / 21,1661729,2019-09-06 18:43:48:411,-0.2972,-0.1769,9.5382,0.0197,0.0035,9.8066,-0.0177,-0.0527,0.0545,-7.56,-31.81,-2.5,262.15,-85.12,-154.69
52.397327,-1.527751,161.91,9.47,2,334.71,19 / 21,1661828,2019-09-06 18:43:48:510,0.2187,-1.0413,9.9101,0.0022,-0.0207,9.8066,-0.0264,-0.0791,0.0639,-7.75,-31.62,-3.25,258.76,-85.07,-152.25
52.397327,-1.527751,161.91,9.47,2,334.71,19 / 21,1661929,2019-09-06 18:43:48:611,-1.0992,-1.3878,10.4704,-0.0016,-0.0242,9.8066,0.0131,-0.0666,0.0042,-7.44,-31.31,-3.25,257.34,-85.05,-149.39
52.397327,-1.527751,161.91,9.47,2,334.71,19 / 21,1662029,2019-09-06 18:43:48:711,-0.0005,-1.0633,9.5667,0.0172,0.0088,9.8066,0.1051,0.0768,-0.0017,-7.62,-31.06,-4,257.4,-84.91,-148.54
52.397327,-1.527751,161.91,9.47,2,334.71,19 / 21,1662128,2019-09-06 18:43:48:810,-2.6944,-2.703,11.3976,0.0079,0.0064,9.8066,0.3815,0.0644,0.054,-7.75,-31.19,-3.19,262,-84.88,-148.71
52.397327,-1.527751,161.91,9.47,2,334.71,19 / 21,1662228,2019-09-06 18:43:48:910,-0.5937,0.0103,9.5503,0.0021,0.0008,9.8066,0.2569,0.0418,0.0521,-7.25,-31.19,-3.37,256.34,-84.7,-149
52.397327,-1.527751,161.91,9.47,2,334.71,19 / 21,1662329,2019-09-06 18:43:49:011,-1.9733,-3.8686,10.1749,-0.0141,-0.0038,9.8066,-0.1407,-0.1347,0.0971,-8.06,-30.56,-3.56,254.69,-84.58,-150.33
52.397327,-1.527751,161.91,9.47,2,334.71,19 / 21,1662428,2019-09-06 18:43:49:110,0.7186,2.8972,9.1318,-0.0083,-0.0086,9.8066,-0.1133,0.0879,-0.0919,-8,-30.81,-2.56,256.93,-84.37,-152.2
52.397327,-1.527751,161.91,9.47,2,334.71,19 / 21,1662529,2019-09-06 18:43:49:211,-0.568,0.6267,9.691,0.0031,-0.0143,9.8066,0.0538,0.0422,-0.0021,-7.62,-30.44,-2.44,264.41,-84.29,-150.34
52.397327,-1.527751,161.91,9.47,2,334.71,19 / 21,1662629,2019-09-06 18:43:49:311,-0.5821,0.0186,9.8137,-0.0004,-0.0008,9.8066,-0.0316,0.0006,-0.0148,-6.75,-29.81,-3.5,255.28,-84.49,-150.03
52.397327,-1.527751,161.91,9.47,2,334.71,19 / 21,1662729,2019-09-06 18:43:49:411,-0.4845,-1.7538,10.2822,-0.0034,0.0265,9.8065,-0.0514,0.0268,-0.0658,-6.44,-30.5,-3.44,248.33,-84.52,-151.7
52.397327,-1.527751,161.91,9.47,2,334.71,19 / 21,1662828,2019-09-06 18:43:49:510,0.7341,1.7497,9.5002,-0.0037,0.0129,9.8066,0.1292,0.0364,-0.059,-6.25,-31,-4.12,240.52,-84.49,-154.79
52.397327,-1.527751,161.91,9.47,2,334.71,19 / 21,1662929,2019-09-06 18:43:49:611,-1.1907,-0.5798,10.0042,0.009,0.0265,9.8066,-0.1094,0.0279,0.0164,-6.25,-31.62,-3.81,238.56,-84.46,-156.38
52.397327,-1.527751,161.91,9.47,2,334.71,19 / 21,1663029,2019-09-06 18:43:49:711,-0.6051,-2.5601,9.4485,-0.0261,-0.0382,9.8065,-0.0933,-0.0832,0.0925,-6.69,-31.81,-4.37,245.35,-84.49,-154.65
52.397327,-1.527751,161.91,9.47,2,334.71,19 / 21,1663128,2019-09-06 18:43:49:810,-1.9188,0.291,9.8555,-0.0042,-0.0547,9.8065,0.0835,-0.0668,0.0548,-7.19,-31.75,-4.62,246.25,-84.78,-150.17
52.397327,-1.527751,161.91,9.47,2,334.71,19 / 21,1663229,2019-09-06 18:43:49:911,-1.6397,0.0101,9.6615,0.0262,-0.0034,9.8066,-0.0309,0.1201,-0.0177,-7.75,-31.37,-4.75,254.67,-84.95,-147.14
52.397327,-1.527751,161.91,9.47,2,334.71,19 / 21,1663329,2019-09-06 18:43:50:011,-0.8428,-1.4835,10.4268,-0.007,-0.0196,9.8065,0.1469,0.1477,-0.0097,-7.69,-31.19,-5.69,254.78,-84.96,-143.1
52.397327,-1.527751,161.91,9.47,2,334.71,19 / 21,1663428,2019-09-06 18:43:50:110,-0.5359,-1.047,10.3649,-0.0027,0.0175,9.8066,0.0494,-0.0331,0.0292,-8.19,-32.31,-4.81,258.53,-84.96,-142.45
52.397327,-1.527751,161.91,9.47,2,334.71,19 / 21,1663529,2019-09-06 18:43:50:211,-1.2843,-1.7539,8.3124,0.0098,0.0149,9.8065,-0.0114,-0.0261,-0.0258,-9.19,-31.87,-4.56,260.98,-84.95,-144.27
52.397327,-1.527751,161.91,9.47,2,334.71,19 / 21,1663628,2019-09-06 18:43:50:310,-0.5514,0.3951,9.371,-0.0276,-0.0215,9.8065,-0.0838,0.0575,-0.007,-9.31,-32.12,-4.19,263.44,-84.64,-145.01
52.397327,-1.527751,161.91,9.47,2,334.71,19 / 21,1663729,2019-09-06 18:43:50:411,-0.0681,1.1108,9.5795,-0.0186,-0.0163,9.8066,-0.0862,0.0437,0.0172,-8.06,-31.25,-3.06,267.67,-84.97,-143.16
52.397327,-1.527751,161.91,9.47,2,334.71,19 / 21,1663829,2019-09-06 18:43:50:511,-1.9901,0.2799,11.3695,-0.0246,-0.0132,9.8065,-0.0909,-0.0197,-0.0294,-7.44,-31.44,-3.31,265.67,-85.09,-140.75
52.397327,-1.527751,161.91,9.47,2,334.71,19 / 21,1663929,2019-09-06 18:43:50:611,-4.1832,2.7038,11.8235,-0.0516,-0.0667,9.8062,0.5025,-0.1326,-0.0119,-6.62,-30.69,-2.37,271.21,-85.31,-142.37
52.397327,-1.527751,161.91,9.47,2,334.71,19 / 21,1664028,2019-09-06 18:43:50:710,1.2032,-1.0639,10.5388,0.1296,0.057,9.8056,0.4095,-0.0869,0.0476,-7.25,-30.56,-3.5,257.6,-84.4,-146.33
52.397327,-1.527751,161.91,9.47,2,334.71,19 / 21,1664128,2019-09-06 18:43:50:810,-1.3355,-0.007,10.294,0.0284,0.0328,9.8065,-0.1207,0.1365,-0.0295,-7.12,-31.69,-3.5,257.1,-84.34,-145.83
52.397327,-1.527751,161.91,9.47,2,334.71,19 / 21,1664228,2019-09-06 18:43:50:910,-1.5803,0.8538,9.471,-0.027,-0.0133,9.8065,-0.1136,0.0801,-0.0678,-6.87,-30.94,-3.56,253.98,-84.48,-145.42
52.397327,-1.527751,161.91,9.47,2,334.71,19 / 21,1664328,2019-09-06 18:43:51:010,-1.0212,0.4772,9.3715,-0.0043,-0.0293,9.8066,-0.0146,0.0018,0.0718,-7.31,-30.44,-3.31,262.04,-84.64,-143.34
52.398155,-1.528183,160.92,10.87,3,340.71,20 / 21,1664428,2019-09-06 18:43:51:110,-0.254,0.2764,9.5814,-0.0004,-0.0003,9.8066,-0.1204,0.0107,0.0302,-6.12,-30.56,-2.94,257.48,-84.64,-140.95
52.398155,-1.528183,160.92,10.87,3,340.71,20 / 21,1664528,2019-09-06 18:43:51:210,-1.4953,0.252,9.7137,-0.0109,-0.0223,9.8065,0.0041,0.0639,0.0375,-5.87,-29.69,-3.94,255.15,-84.75,-139.54
52.398155,-1.528183,160.92,10.87,3,340.71,20 / 21,1664628,2019-09-06 18:43:51:310,-1.3057,-0.7812,10.5451,0.012,0.0062,9.8066,0.0265,0.0351,0.06,-6.19,-30.44,-3.62,253.51,-84.53,-140.4
52.398155,-1.528183,160.92,10.87,3,340.71,20 / 21,1664729,2019-09-06 18:43:51:411,-0.7646,-0.1352,9.9329,0.0304,0.0188,9.8065,-0.0011,0.0171,0.021,-6.5,-30.06,-3.5,257.54,-84.37,-140.49
52.398155,-1.528183,160.92,10.87,3,340.71,20 / 21,1664828,2019-09-06 18:43:51:510,-1.1169,-0.7424,9.969,0.0143,0.0152,9.8066,0.0468,0.1149,-0.0156,-7.19,-30.56,-4.25,256.51,-84.08,-141.03
52.398155,-1.528183,160.92,10.87,3,340.71,20 / 21,1664929,2019-09-06 18:43:51:611,-2.5253,1.4159,9.4821,-0.0171,-0.0153,9.8066,0.1001,0.0506,0.0507,-6.56,-30.87,-4.06,257.34,-84.26,-140.84
52.398155,-1.528183,160.92,10.87,3,340.71,20 / 21,1665029,2019-09-06 18:43:51:711,-0.6314,0.1515,10.0972,-0.0127,-0.0091,9.8066,0.0766,-0.013,0.0094,-7.25,-31,-3.62,257.03,-84.14,-140.69
52.398155,-1.528183,160.92,10.87,3,340.71,20 / 21,1665128,2019-09-06 18:43:51:810,-2.5431,-1.0849,10.2953,0.0004,0.0125,9.8066,-0.1317,0.0896,-0.006,-7.75,-30.56,-3.06,266.49,-84.14,-141.14
52.398155,-1.528183,160.92,10.87,3,340.71,20 / 21,1665229,2019-09-06 18:43:51:911,-2.5946,-0.3042,10.2496,0.0251,0.0053,9.8065,-0.0716,0.1311,-0.0542,-7,-30.31,-2.69,261.57,-84.06,-141.36
52.398155,-1.528183,160.92,10.87,3,340.71,20 / 21,1665328,2019-09-06 18:43:52:010,-0.2387,2.9756,10.1397,0.0262,0.0338,9.8065,-0.0374,-0.0465,0.0597,-7.06,-30.87,-3.25,260.32,-84.1,-142.03
52.398155,-1.528183,160.92,10.87,3,340.71,20 / 21,1665428,2019-09-06 18:43:52:110,-1.0143,0.0995,9.9417,0.0288,0.009,9.8065,-0.0806,0.1212,-0.171,-6.31,-31.75,-2.69,251.93,-83.8,-142.08
52.398155,-1.528183,160.92,10.87,3,340.71,20 / 21,1665529,2019-09-06 18:43:52:211,-1.978,-0.0141,10.7655,-0.0295,-0.0269,9.8065,0.1758,0.0912,0.039,-6.19,-31.31,-2.69,255.04,-84.14,-141.21
52.398155,-1.528183,160.92,10.87,3,340.71,20 / 21,1665629,2019-09-06 18:43:52:311,-0.9415,-0.9397,9.9682,-0.0242,-0.0105,9.8066,0.0301,-0.011,0.0143,-6,-31.37,-3.19,254.34,-84.17,-142.13
52.398155,-1.528183,160.92,10.87,3,340.71,20 / 21,1665728,2019-09-06 18:43:52:410,-1.7647,-2.7472,9.2169,-0.0005,0.011,9.8066,-0.1288,0.0376,-0.0246,-4.69,-31.62,-2.81,246.26,-84.28,-142.68
52.398155,-1.528183,160.92,10.87,3,340.71,20 / 21,1665828,2019-09-06 18:43:52:510,-0.6626,-1.1127,9.6591,0.0034,0.0036,9.8066,-0.098,0.0692,-0.0763,-4.81,-30.94,-2.94,247.69,-84.4,-142.63
52.398155,-1.528183,160.92,10.87,3,340.71,20 / 21,1665929,2019-09-06 18:43:52:611,-1.7765,0.4879,9.6791,0.0049,0.0098,9.8066,-0.0052,0.0431,-0.0062,-4.81,-30.75,-2.31,253.72,-84.63,-143.27
52.398155,-1.528183,160.92,10.87,3,340.71,20 / 21,1666029,2019-09-06 18:43:52:711,-1.1517,1.1619,10.3055,0.0009,0.0078,9.8066,0.0592,0.1183,-0.0457,-4.75,-31.19,-2.81,247.02,-84.52,-144.16
52.398155,-1.528183,160.92,10.87,3,340.71,20 / 21,1666129,2019-09-06 18:43:52:811,-1.6557,-0.058,9.5876,0.0172,0.0288,9.8066,-0.1549,0.1235,-0.0071,-4.31,-30.5,-3.37,236.43,-84.25,-146.66
52.398155,-1.528183,160.92,10.87,3,340.71,20 / 21,1666229,2019-09-06 18:43:52:911,-0.4007,-0.267,10.0891,0.0186,0.037,9.8065,-0.1208,0.0152,0.001,-4.19,-30.94,-3.06,234.36,-84.1,-147.59
52.398155,-1.528183,160.92,10.87,3,340.71,20 / 21,1666328,2019-09-06 18:43:53:010,-0.4309,1.2511,9.9462,0.0038,0.0088,9.8066,0.0203,-0.007,0.0278,-5.19,-30.94,-3.44,241.51,-84.02,-148.4
52.398155,-1.528183,160.92,10.87,3,340.71,19 / 21,1666428,2019-09-06 18:43:53:110,-0.6083,1.5136,10.6224,-0.0138,-0.0353,9.8065,0.0686,0.1086,-0.0904,-4.56,-30.56,-2.75,243.57,-84.28,-147.13
52.398155,-1.528183,160.92,10.87,3,340.71,19 / 21,1666529,2019-09-06 18:43:53:211,-0.5442,-1.2769,10.8191,0.0234,0.022,9.8065,-0.0014,0.1095,-0.0633,-5.62,-30.31,-2.81,252.2,-84.53,-147.26
52.398155,-1.528183,160.92,10.87,3,340.71,19 / 21,1666628,2019-09-06 18:43:53:310,-0.1885,2.3376,9.5832,0.0097,0.0286,9.8065,0.0165,0.1181,-0.0331,-5.37,-29.31,-2.06,249.25,-84.42,-149.59
52.398155,-1.528183,160.92,10.87,3,340.71,19 / 21,1666729,2019-09-06 18:43:53:411,-0.0623,2.1668,9.4426,-0.0074,0.0003,9.8066,0.0389,0.0844,-0.0241,-4.44,-29.69,-2.5,239.09,-84.51,-150.9
52.398155,-1.528183,160.92,10.87,3,340.71,19 / 21,1666829,2019-09-06 18:43:53:511,0.0437,-0.1298,9.6194,-0.0065,-0.003,9.8066,0.0071,0.1133,-0.0469,-5.37,-30.81,-2.62,241.1,-84.55,-151.73
52.398155,-1.528183,160.92,10.87,3,340.71,19 / 21,1666929,2019-09-06 18:43:53:611,-0.1333,0.9611,9.9206,-0.0144,-0.0047,9.8066,0.0095,0.0547,-0.0728,-4.19,-30.25,-1.94,239.1,-84.67,-152.04
52.398155,-1.528183,160.92,10.87,3,340.71,19 / 21,1667028,2019-09-06 18:43:53:710,-1.1661,1.2646,9.3222,-0.0253,-0.008,9.8066,0.0208,0.0202,0.05,-4.75,-29.69,-2.31,247.38,-84.85,-153.28
52.398155,-1.528183,160.92,10.87,3,340.71,19 / 21,1667129,2019-09-06 18:43:53:811,-0.257,0.5249,9.4354,-0.0123,-0.0127,9.8066,-0.0534,0.03,0.0182,-4.12,-29.25,-1.25,245.11,-84.69,-154.64
52.398155,-1.528183,160.92,10.87,3,340.71,19 / 21,1667230,2019-09-06 18:43:53:912,0.5346,1.144,10.41,-0.0053,-0.0303,9.8065,-0.0154,0.0626,0.0055,-4.44,-28.69,-1.44,247.61,-84.89,-152.89
52.398155,-1.528183,160.92,10.87,3,340.71,19 / 21,1667329,2019-09-06 18:43:54:011,-2.4287,-0.0033,9.3967,0.0036,-0.0019,9.8066,-0.0288,0.1309,-0.0429,-4.94,-28.81,-1.56,249.21,-84.89,-152.34
52.398155,-1.528183,160.92,10.87,3,340.71,19 / 21,1667429,2019-09-06 18:43:54:111,0.0644,0.1154,10.3353,-0.0034,0.0136,9.8066,0.1339,-0.0117,0.0633,-3.94,-28.81,-1.81,241.17,-85.01,-152.65
52.398155,-1.528183,160.92,10.87,3,340.71,19 / 21,1667528,2019-09-06 18:43:54:210,-0.9089,0.5934,9.6348,-0.0002,0.0039,9.8065,-0.0708,-0.0062,0.0146,-4.81,-29.56,-1.5,256.1,-85.04,-152.91
52.398155,-1.528183,160.92,10.87,3,340.71,19 / 21,1667628,2019-09-06 18:43:54:310,-1.2359,0.8568,10.2027,0.0125,-0.0014,9.8066,0.0685,0.1832,-0.1139,-4.37,-29.87,-1.25,246.74,-84.91,-152.76
52.398155,-1.528183,160.92,10.87,3,340.71,19 / 21,1667728,2019-09-06 18:43:54:410,-1.9131,0.5753,9.6027,-0.0023,-0.0034,9.8066,-0.078,0.0838,-0.0065,-4.87,-30.19,-1.5,254.16,-84.94,-154.52
52.398155,-1.528183,160.92,10.87,3,340.71,19 / 21,1667829,2019-09-06 18:43:54:511,-0.4341,-0.4105,10.1277,0.0094,0.001,9.8066,-0.0545,0.007,0.0449,-4.62,-29.56,-0.94,253.36,-84.81,-154.59
52.398155,-1.528183,160.92,10.87,3,340.71,19 / 21,1667928,2019-09-06 18:43:54:610,0.1839,1.5554,8.814,-0.0211,-0.0338,9.8065,0.1437,0.1458,-0.1221,-2.87,-31,0.44,242.19,-84.88,-153.01
52.398155,-1.528183,160.92,10.87,3,340.71,19 / 21,1668029,2019-09-06 18:43:54:711,-1.4424,0.4838,9.1541,-0.041,0.0245,9.8065,-0.0578,0.1074,0.0546,-3.12,-30.69,-0.25,240.48,-85.06,-158.64
52.398155,-1.528183,160.92,10.87,3,340.71,19 / 21,1668128,2019-09-06 18:43:54:810,-1.8706,-0.6427,9.6946,0.0239,-0.066,9.8064,0.2149,0.0113,0.0315,-2,-29.69,-0.44,224.06,-84.87,-156.79
52.398155,-1.528183,160.92,10.87,3,340.71,19 / 21,1668229,2019-09-06 18:43:54:911,-1.703,-0.0296,10.2799,-0.0152,-0.0112,9.8066,0.0758,0.2143,-0.1671,-1.56,-30.37,-0.19,224.23,-84.76,-152.66
52.398155,-1.528183,160.92,10.87,3,340.71,19 / 21,1668329,2019-09-06 18:43:55:011,-1.011,0.6281,10.1469,0.0145,0.0257,9.8065,-0.0336,0.111,-0.0114,-0.62,-29.62,-1.25,202.59,-84.76,-154.37
52.398155,-1.528183,160.92,10.87,3,340.71,19 / 20,1668429,2019-09-06 18:43:55:111,-0.1258,0.0292,8.8652,-0.0102,-0.0029,9.8066,0.0264,-0.0089,0.1301,0.25,-28.56,-1.62,191.47,-84.96,-153.88
52.398155,-1.528183,160.92,10.87,3,340.71,19 / 20,1668528,2019-09-06 18:43:55:210,0.41,-0.1689,9.3496,0.0142,-0.0162,9.8065,-0.1952,0.1003,-0.0831,-1.06,-30.12,-3.5,206.24,-85.09,-151.24
52.398155,-1.528183,160.92,10.87,3,340.71,19 / 20,1668628,2019-09-06 18:43:55:310,-0.9395,0.617,10.0261,-0.0065,0.0054,9.8066,-0.1334,-0.0294,0.0427,-2.19,-31.44,-3.5,218.42,-85.34,-149.62
52.398155,-1.528183,160.92,10.87,3,340.71,19 / 20,1668728,2019-09-06 18:43:55:410,-0.5296,2.1128,10.3762,-0.0044,0.0073,9.8066,0.0515,-0.0314,0.0147,-3.06,-31.12,-2.5,232.51,-85.36,-150.31
52.398155,-1.528183,160.92,10.87,3,340.71,19 / 20,1668829,2019-09-06 18:43:55:511,-1.0625,1.5466,10.1507,0.0062,0.0147,9.8066,0.0625,0.0705,-0.0239,-3.81,-30.81,-1.94,241.76,-85.2,-150.97
52.398155,-1.528183,160.92,10.87,3,340.71,19 / 20,1668928,2019-09-06 18:43:55:610,-1.3883,-1.4459,10.2518,0.0058,-0.0239,9.8066,0.0934,-0.0718,0.0269,-4,-31.5,-1.87,241.66,-85,-149.65
52.398155,-1.528183,160.92,10.87,3,340.71,19 / 20,1669029,2019-09-06 18:43:55:711,-0.2141,2.2133,9.2875,-0.0042,-0.0106,9.8065,0.0918,0.0755,-0.0074,-4.94,-31.12,-1.5,257.41,-84.84,-148.93
52.398155,-1.528183,160.92,10.87,3,340.71,19 / 20,1669129,2019-09-06 18:43:55:811,1.3884,0.7429,8.5066,0.0079,-0.003,9.8066,-0.1736,0.1572,-0.0037,-4.5,-31.87,-0.75,246.42,-84.83,-149.61
52.398155,-1.528183,160.92,10.87,3,340.71,19 / 20,1669228,2019-09-06 18:43:55:910,-0.6979,1.733,10.3475,-0.0209,-0.0198,9.8066,-0.2102,0.1099,-0.0124,-3.69,-31.62,0.38,257.94,-84.95,-148.42
52.398155,-1.528183,160.92,10.87,3,340.71,19 / 20,1669329,2019-09-06 18:43:56:011,1.4047,1.7472,9.4349,0.0094,0.0003,9.8066,0.0348,0.0926,-0.1122,-4.19,-31.37,-0.06,259.16,-84.95,-148.57
52.398155,-1.528183,160.92,10.87,3,340.71,19 / 21,1669428,2019-09-06 18:43:56:110,0.1523,-0.1958,9.1181,-0.0232,0.0151,9.8066,0.0743,-0.0054,0.0986,-3.12,-31.37,-0.19,244.69,-85.03,-151.06
52.398155,-1.528183,160.92,10.87,3,340.71,19 / 21,1669529,2019-09-06 18:43:56:211,-0.0816,-0.3151,10.441,-0.0028,0.01,9.8066,-0.1126,0.0078,0.0361,-3,-31.25,0.13,244.07,-85.01,-151.82
52.398155,-1.528183,160.92,10.87,3,340.71,19 / 21,1669629,2019-09-06 18:43:56:311,-1.485,-0.3024,9.512,-0.0057,-0.0011,9.8066,-0.1496,0.094,-0.0869,-3.19,-30.25,0,246.93,-85.14,-151.67
52.398155,-1.528183,160.92,10.87,3,340.71,19 / 21,1669729,2019-09-06 18:43:56:411,-1.6975,0.097,9.341,-0.0364,-0.0021,9.8066,0.0765,0.0471,-0.0306,-3.12,-29.87,0.56,265.68,-85.38,-152.99
52.398155,-1.528183,160.92,10.87,3,340.71,19 / 21,1669829,2019-09-06 18:43:56:511,-1.4658,-0.0134,9.1956,-0.0148,-0.0145,9.8066,0.0171,-0.0222,0.0383,-1,-29.31,0.69,208.65,-85.71,-153.75
52.398155,-1.528183,160.92,10.87,3,340.71,19 / 21,1669929,2019-09-06 18:43:56:611,0.3035,-3.2207,9.7167,-0.0008,0.0043,9.8066,0.0697,-0.0367,-0.0239,-0.25,-29.5,-0.62,188.41,-85.92,-154.06
52.398155,-1.528183,160.92,10.87,3,340.71,19 / 21,1670028,2019-09-06 18:43:56:710,-0.1261,-1.3179,9.8386,-0.0292,-0.0669,9.8063,0.0491,-0.0709,0.1129,-0.56,-29.56,-0.19,209.46,-86.12,-154.42
52.398155,-1.528183,160.92,10.87,3,340.71,19 / 21,1670129,2019-09-06 18:43:56:811,1.2923,-2.7827,10.4819,0.0002,0.0217,9.8066,0.1495,0.0082,0.0915,-0.37,-29.56,0.06,180,-85.8,-153.64
52.398155,-1.528183,160.92,10.87,3,340.71,19 / 21,1670229,2019-09-06 18:43:56:911,-0.4049,-1.0322,10.2718,-0.0028,-0.0184,9.8066,-0.0551,0.0746,-0.0188,0.44,-28.75,-0.25,180,-85.61,-154.12
52.398155,-1.528183,160.92,10.87,3,340.71,19 / 21,1670329,2019-09-06 18:43:57:011,-0.9112,-2.6635,9.5017,0.016,-0.042,9.8064,0.3169,-0.0588,0.0401,-0.37,-28.37,-0.62,187.52,-85.25,-154.84
52.398155,-1.528183,160.92,10.87,3,340.71,19 / 21,1670429,2019-09-06 18:43:57:111,-0.6716,0.8489,10.2647,0.0177,-0.0479,9.8064,-0.1291,-0.0026,0.0236,0.13,-27.56,-1.5,188.18,-85.31,-152.82
52.398155,-1.528183,160.92,10.87,3,340.71,19 / 21,1670528,2019-09-06 18:43:57:210,1.2709,-1.2127,10.683,-0.0075,-0.0175,9.8066,0.0896,0.0123,0.0866,-0.12,-28.5,-2.75,195.66,-85.52,-153.03
52.398155,-1.528183,160.92,10.87,3,340.71,19 / 21,1670629,2019-09-06 18:43:57:311,-1.0204,0.3845,9.9338,-0.0133,-0.02,9.8066,-0.056,0.0684,-0.1061,-0.81,-29.5,-3.37,205.71,-85.54,-154.75
52.398155,-1.528183,160.92,10.87,3,340.71,19 / 21,1670729,2019-09-06 18:43:57:411,-1.5782,-1.0587,9.2739,0.0024,0.0091,9.8066,0.1674,-0.0269,0.0269,-1.62,-30.81,-3.19,214.37,-85.38,-156.36
52.398155,-1.528183,160.92,10.87,3,340.71,19 / 21,1670828,2019-09-06 18:43:57:510,-0.2678,1.2555,9.087,-0.0244,-0.0562,9.8064,0.1636,0.053,0.0411,-2.75,-31.75,-2.94,225.39,-85.52,-154.84
52.398155,-1.528183,160.92,10.87,3,340.71,19 / 21,1670929,2019-09-06 18:43:57:611,-1.263,0.5798,9.3855,0.0081,0.0018,9.8066,-0.1645,0.088,-0.023,-3,-33.19,-2.12,231.57,-85.7,-152.24
52.398155,-1.528183,160.92,10.87,3,340.71,19 / 21,1671029,2019-09-06 18:43:57:711,-1.4474,-2.3577,10.3127,-0.0133,-0.0151,9.8065,-0.0637,-0.0667,0.0891,-3.62,-33.69,-0.87,251.83,-85.92,-150.2
52.398155,-1.528183,160.92,10.87,3,340.71,19 / 21,1671128,2019-09-06 18:43:57:810,-0.5342,0.7517,11.3403,0.0346,0.0028,9.8065,0.345,0.0986,-0.0133,-3,-33.19,0.25,248.48,-85.59,-149.48
52.398155,-1.528183,160.92,10.87,3,340.71,19 / 21,1671228,2019-09-06 18:43:57:910,0.8466,-0.3956,10.7917,-0.0068,-0.0386,9.8066,0.3572,-0.0226,0.0632,-2.69,-33.37,0.63,263.24,-85.45,-149.64
52.398155,-1.528183,160.92,10.87,3,340.71,19 / 21,1671328,2019-09-06 18:43:58:010,-1.3798,0.5204,9.9425,0.0204,0.0234,9.8065,-0.009,0.0124,0.0409,-2.25,-33.12,1.19,231.08,-85.02,-152.15
52.398155,-1.528183,160.92,10.87,3,340.71,19 / 21,1671428,2019-09-06 18:43:58:110,-0.951,-0.5127,10.6594,-0.0009,-0.0349,9.8065,-0.0225,0.0311,-0.0563,-1.87,-32.25,0.94,234.21,-85.08,-149.03
52.398155,-1.528183,160.92,10.87,3,340.71,19 / 21,1671529,2019-09-06 18:43:58:211,-1.0961,1.407,10.2772,0.0303,0.0728,9.8063,-0.1412,0.0492,0.0455,-2.5,-31.56,1.06,238.1,-85.29,-149.43
52.398155,-1.528183,160.92,10.87,3,340.71,19 / 21,1671629,2019-09-06 18:43:58:311,0.2281,0.9826,10.396,0.0238,0.0281,9.8066,-0.009,0.0065,0.0046,-2.06,-31.5,1.25,232.95,-84.83,-151.07
52.398155,-1.528183,160.92,10.87,3,340.71,19 / 21,1671729,2019-09-06 18:43:58:411,-1.4202,-1.3984,9.9105,0.0201,0.0142,9.8066,0.0156,0.0481,0.0512,-1.81,-32.06,1.63,246.72,-84.55,-150.39
52.398155,-1.528183,160.92,10.87,3,340.71,19 / 21,1671828,2019-09-06 18:43:58:510,0.0014,0.7421,10.178,0.0124,0.0113,9.8065,-0.0287,0.0161,0.0698,-1.87,-32.37,1.25,225.75,-84.54,-148.69
52.398155,-1.528183,160.92,10.87,3,340.71,19 / 21,1671929,2019-09-06 18:43:58:611,0.9648,-0.9979,9.4145,0.0187,0.0223,9.8065,-0.1191,0.0692,0.0572,-1.62,-31.87,1.25,220.7,-84.26,-145.26
52.398155,-1.528183,160.92,10.87,3,340.71,19 / 21,1672029,2019-09-06 18:43:58:711,-1.0334,-0.2047,8.7618,0.0176,-0.0257,9.8066,-0.0043,0.0975,0.0047,-1.94,-32.75,1.81,218.41,-84.34,-142.48
52.398155,-1.528183,160.92,10.87,3,340.71,19 / 21,1672128,2019-09-06 18:43:58:810,-0.6744,-1.0568,10.2732,0.022,-0.0272,9.8065,0.1053,0.0752,-0.0604,-1.44,-31.94,1,185.22,-84.4,-141.4
52.398155,-1.528183,160.92,10.87,3,340.71,19 / 21,1672228,2019-09-06 18:43:58:910,-1.4961,1.0497,10.057,0.0021,-0.0661,9.8064,0.3567,0.1493,-0.0386,-1.12,-31.81,1.06,182.36,-84.77,-137.53
52.398155,-1.528183,160.92,10.87,3,340.71,19 / 21,1672329,2019-09-06 18:43:59:011,1.8736,-2.1216,9.122,-0.0672,0.0602,9.8062,-0.376,0.1215,0.0005,-1.69,-32.44,0.69,222.48,-84.54,-141.32
52.398155,-1.528183,160.92,10.87,3,340.71,19 / 21,1672429,2019-09-06 18:43:59:111,-0.5378,0.4693,8.7248,-0.0647,0.0967,9.8059,-0.0057,0.039,0.0317,-1.19,-31.94,1.25,186.74,-84.27,-143.67
52.398155,-1.528183,160.92,10.87,3,340.71,19 / 21,1672528,2019-09-06 18:43:59:210,0.002,0.8496,9.3373,-0.0204,0.0446,9.8064,-0.2066,0.0239,0.1059,-0.75,-32.06,1,186.48,-84.08,-143.81
52.398155,-1.528183,160.92,10.87,3,340.71,19 / 21,1672628,2019-09-06 18:43:59:310,-1.4276,2.6916,9.4292,-0.041,0.0652,9.8062,0.2861,0.0246,-0.056,-1.87,-31.31,1.06,220.14,-84.21,-141.22
52.398155,-1.528183,160.92,10.87,3,340.71,19 / 21,1672729,2019-09-06 18:43:59:411,-4.1483,0.1968,10.0642,-0.0693,0.0104,9.8063,-0.4451,-0.0153,0.0247,-1,-31.75,1.69,144.91,-84.59,-137.44
52.398155,-1.528183,160.92,10.87,3,340.71,19 / 21,1672829,2019-09-06 18:43:59:511,-0.526,0.1091,9.8681,-0.0861,0.0901,9.8058,-0.1567,-0.0995,0.058,-1,-31.44,1.31,185.5,-84.09,-142.03
52.398155,-1.528183,160.92,10.87,3,340.71,19 / 21,1672928,2019-09-06 18:43:59:610,0.6876,-1.76,10.2745,-0.0052,-0.0026,9.8066,0.0305,-0.0246,-0.0683,-1.56,-30.81,1.38,218.9,-84.08,-141.91
52.398155,-1.528183,160.92,10.87,3,340.71,19 / 21,1673028,2019-09-06 18:43:59:710,0.4438,1.0188,9.7984,-0.0114,-0.0277,9.8065,0.1663,-0.0508,0.0148,-0.69,-31.12,1,187.23,-84.08,-144.36
52.398155,-1.528183,160.92,10.87,3,340.71,19 / 21,1673128,2019-09-06 18:43:59:810,-0.4338,0.07,9.4091,-0.0341,-0.0023,9.8066,-0.117,-0.0672,-0.0167,-1.12,-31.69,0.94,189.44,-84.1,-148.06
52.398155,-1.528183,160.92,10.87,3,340.71,19 / 21,1673229,2019-09-06 18:43:59:911,0.3018,-0.4486,9.4387,-0.0129,0.022,9.8066,0.0251,-0.0501,-0.0265,-1.37,-31.44,1,190.35,-84.14,-148.43
52.398155,-1.528183,160.92,10.87,3,340.71,19 / 21,1673329,2019-09-06 18:44:00:011,-0.9256,0.5321,9.1474,-0.0062,-0.0061,9.8066,-0.2524,-0.0519,-0.0115,-1.19,-32,0.69,190.18,-84.21,-148.69
52.398888,-1.528962,159.68,11.04,3,316.76,19 / 21,1673428,2019-09-06 18:44:00:110,1.3189,1.1989,9.2685,0.0183,0.0061,9.8066,-0.0576,0.058,-0.0965,-1.37,-31.69,1,190.23,-84.41,-147.87
52.398888,-1.528962,159.68,11.04,3,316.76,19 / 21,1673528,2019-09-06 18:44:00:210,-1.3735,-0.2925,10.0335,0.0192,0.0262,9.8065,0.0392,-0.054,-0.1465,-0.69,-32,0.56,188.19,-84.33,-145.41
52.398888,-1.528962,159.68,11.04,3,316.76,19 / 21,1673629,2019-09-06 18:44:00:311,-0.0832,-1.4423,9.8856,-0.0228,-0.0113,9.8065,-0.0769,-0.0823,-0.0786,-1.37,-31.87,0.81,188.78,-84.31,-146.28
52.398888,-1.528962,159.68,11.04,3,316.76,19 / 21,1673728,2019-09-06 18:44:00:410,-0.4496,-1.9714,9.576,0.0007,-0.0289,9.8065,0.2103,-0.1288,0.1109,-1.56,-32,1.06,223.64,-84.4,-148.23
52.398888,-1.528962,159.68,11.04,3,316.76,19 / 21,1673829,2019-09-06 18:44:00:511,-0.8902,0.6448,8.4707,0.0124,-0.0165,9.8065,0.0793,0.0255,-0.1305,-1.37,-32.31,0.69,190.07,-84.14,-148.8
52.398888,-1.528962,159.68,11.04,3,316.76,19 / 21,1673928,2019-09-06 18:44:00:610,-1.3187,-1.315,8.4857,-0.0234,0.023,9.8065,-0.2687,-0.0537,-0.0532,-1.31,-32.06,1.13,190.94,-84.17,-150.01
52.398888,-1.528962,159.68,11.04,3,316.76,19 / 21,1674028,2019-09-06 18:44:00:710,0.9732,-0.1868,8.7161,-0.0101,0.0269,9.8065,-0.0944,-0.0653,0.0672,-1.81,-31.94,0.69,222.6,-84.25,-150.52
52.398888,-1.528962,159.68,11.04,3,316.76,19 / 21,1674128,2019-09-06 18:44:00:810,1.8792,-1.875,9.756,0.0079,-0.005,9.8066,0.0209,0.0434,0.0891,-1.37,-32,0.88,190.71,-84.33,-148.88
52.398888,-1.528962,159.68,11.04,3,316.76,19 / 21,1674229,2019-09-06 18:44:00:911,-1.2783,-0.3255,9.1666,0.0231,-0.0067,9.8065,-0.0106,0.09,-0.0354,-2.19,-32,0.5,222.36,-84.34,-146.8
52.398888,-1.528962,159.68,11.04,3,316.76,19 / 21,1674329,2019-09-06 18:44:01:011,2.5862,-1.2207,11.1932,0.0297,0.0172,9.8065,0.0174,-0.0874,-0.01,-2.31,-32.56,1.19,216.61,-84.12,-144.76
52.398888,-1.528962,159.68,11.04,3,316.76,18 / 21,1674428,2019-09-06 18:44:01:110,-0.2261,-0.7767,10.1692,-0.0269,0.0376,9.8065,0.0584,0.0198,-0.128,-1.44,-32.12,0.94,189.41,-84.25,-147.4
52.398888,-1.528962,159.68,11.04,3,316.76,18 / 21,1674529,2019-09-06 18:44:01:211,-0.0293,0.4753,10.6565,-0.0437,0.0592,9.8063,-0.0559,0.0983,-0.1086,-1.25,-32.31,1.5,176.69,-84.03,-151.8
52.398888,-1.528962,159.68,11.04,3,316.76,18 / 21,1674628,2019-09-06 18:44:01:310,-0.3177,-0.1734,9.4281,-0.0262,-0.0054,9.8066,0.0704,0.0071,-0.123,-1.25,-31.87,1.69,182.07,-83.97,-154.49
52.398888,-1.528962,159.68,11.04,3,316.76,18 / 21,1674729,2019-09-06 18:44:01:411,0.5812,-1.7634,9.9751,-0.0105,-0.0088,9.8066,-0.0486,-0.0782,0.0784,-1.19,-32,1.19,195.05,-84.17,-156.67
52.398888,-1.528962,159.68,11.04,3,316.76,18 / 21,1674829,2019-09-06 18:44:01:511,-1.1568,0.4813,10.1103,-0.0067,-0.0266,9.8065,-0.0164,0.0194,-0.0181,-1.37,-32.12,0.81,196.39,-84.4,-157.29
52.398888,-1.528962,159.68,11.04,3,316.76,18 / 21,1674928,2019-09-06 18:44:01:610,0.1132,-0.3672,10.3226,0.0129,-0.0285,9.8066,0.0477,-0.0108,0.012,-1,-32.44,1.38,195.69,-84.48,-155.42
52.398888,-1.528962,159.68,11.04,3,316.76,18 / 21,1675028,2019-09-06 18:44:01:710,-2.5026,0.4094,8.9878,-0.0229,0.023,9.8066,0.0919,0.1443,-0.1258,-1.44,-31.81,0.38,198.44,-84.35,-157.23
52.398888,-1.528962,159.68,11.04,3,316.76,18 / 21,1675128,2019-09-06 18:44:01:810,0.4895,0.8635,9.591,-0.0146,0.0145,9.8066,-0.1622,0.0167,-0.0307,-0.87,-32.25,0.94,196.38,-84.37,-157.44
52.398888,-1.528962,159.68,11.04,3,316.76,18 / 21,1675229,2019-09-06 18:44:01:911,-1.9171,-2.3001,9.5545,-0.0029,-0.012,9.8066,0.1843,0.0123,-0.0644,-0.87,-32.12,0.56,196.48,-84.47,-156.85
52.398888,-1.528962,159.68,11.04,3,316.76,18 / 21,1675329,2019-09-06 18:44:02:011,0.9969,-0.0976,9.9644,0.0151,-0.0253,9.8065,0.2174,-0.215,0.0678,-1.56,-31.81,0.75,229.51,-84.74,-156.18
52.398888,-1.528962,159.68,11.04,3,316.76,19 / 21,1675429,2019-09-06 18:44:02:111,0.1056,0.592,10.6415,-0.0087,0.0504,9.8064,0.4555,0.0329,-0.052,-1.25,-32.12,0.75,196.29,-84.65,-155.05
52.398888,-1.528962,159.68,11.04,3,316.76,19 / 21,1675528,2019-09-06 18:44:02:210,-0.7991,0.0515,11.256,-0.0051,-0.005,9.8066,0.1715,0.0911,-0.0014,-1.87,-32.69,1.38,230.37,-84.97,-153.51
52.398888,-1.528962,159.68,11.04,3,316.76,19 / 21,1675629,2019-09-06 18:44:02:311,0.8533,-0.9277,11.4792,0.0296,0.0872,9.8061,0.2248,-0.1065,0.0348,-1.81,-32.62,1.56,238.03,-84.31,-156.89
52.398888,-1.528962,159.68,11.04,3,316.76,19 / 21,1675729,2019-09-06 18:44:02:411,-0.464,-0.1061,9.6759,0.0067,0.0247,9.8066,-0.1041,-0.0834,0.0811,-1.56,-31.87,0.88,222.37,-84.09,-158.74
52.398888,-1.528962,159.68,11.04,3,316.76,19 / 21,1675829,2019-09-06 18:44:02:511,-0.2922,-0.7746,9.8782,-0.003,-0.0462,9.8065,-0.1625,0.0593,-0.0598,-1.5,-32.06,1.44,195.71,-84.06,-158.74
52.398888,-1.528962,159.68,11.04,3,316.76,19 / 21,1675929,2019-09-06 18:44:02:611,-0.0706,-0.8156,9.5393,0.0021,-0.0267,9.8066,-0.0245,-0.0083,-0.0125,-1.25,-32.56,1.06,196.53,-84.53,-157.85
52.398888,-1.528962,159.68,11.04,3,316.76,19 / 21,1676028,2019-09-06 18:44:02:710,-1.1534,-0.9193,9.6516,-0.0011,-0.0091,9.8066,0.0164,0.0735,-0.0335,-1.37,-32.81,1.25,197.98,-84.75,-158.36
52.398888,-1.528962,159.68,11.04,3,316.76,19 / 21,1676128,2019-09-06 18:44:02:810,-0.0546,-1.3123,10.0892,-0.011,-0.0214,9.8065,0.1578,0.0433,-0.0299,-0.94,-31.81,0.81,199.63,-84.82,-158.81
52.398888,-1.528962,159.68,11.04,3,316.76,19 / 21,1676228,2019-09-06 18:44:02:910,-0.0318,0.0908,9.6401,-0.0124,0.0276,9.8065,0.0701,-0.0029,-0.0488,-0.56,-31.69,0.81,200.19,-84.6,-162.25
52.398888,-1.528962,159.68,11.04,3,316.76,19 / 21,1676328,2019-09-06 18:44:03:010,-0.4491,-1.3222,10.1224,0.0046,0.0447,9.8065,-0.1039,0.0682,-0.0461,-0.5,-32.06,0.88,172.28,-84.38,-162.82
52.398888,-1.528962,159.68,11.04,3,316.76,20 / 21,1676429,2019-09-06 18:44:03:111,-0.0739,-0.0352,9.7891,0.0121,-0.0178,9.8065,-0.0878,0.1045,-0.0089,-0.25,-31.31,0.69,172.18,-84.42,-163.55
52.398888,-1.528962,159.68,11.04,3,316.76,20 / 21,1676528,2019-09-06 18:44:03:210,0.362,-0.2971,10.0229,0.013,-0.0125,9.8066,-0.0055,0.0508,-0.0406,0,-32,1.25,171.73,-84.43,-161.71
52.398888,-1.528962,159.68,11.04,3,316.76,20 / 21,1676628,2019-09-06 18:44:03:310,0.0635,-0.4059,9.9013,0.0042,-0.0151,9.8066,0.0129,-0.0129,0.0171,-0.06,-31.56,0.81,171.02,-84.59,-160.84
52.398888,-1.528962,159.68,11.04,3,316.76,20 / 21,1676729,2019-09-06 18:44:03:411,0.3327,-1.2233,9.6097,0.0018,0.0024,9.8066,0.0403,0.0033,0.0771,0.38,-30.56,1.56,147.71,-84.59,-160.81
52.398888,-1.528962,159.68,11.04,3,316.76,20 / 21,1676828,2019-09-06 18:44:03:510,0.261,-1.0975,10.1156,-0.0057,-0.0126,9.8066,0.0357,0.0287,-0.0182,-1.19,-30.69,1.13,199.55,-84.55,-159.73
52.398888,-1.528962,159.68,11.04,3,316.76,20 / 21,1676928,2019-09-06 18:44:03:610,-0.8892,0.0451,9.7722,0.0111,0.0006,9.8066,0.025,-0.036,0.018,-0.94,-30.5,2.25,199.38,-84.41,-159.85
52.398888,-1.528962,159.68,11.04,3,316.76,20 / 21,1677028,2019-09-06 18:44:03:710,-0.0167,-1.0671,10.5805,0.0055,0.0216,9.8066,-0.0146,0.0472,0.0033,-1,-30.75,1.94,195.18,-84.29,-159.51
52.398888,-1.528962,159.68,11.04,3,316.76,20 / 21,1677129,2019-09-06 18:44:03:811,-0.7886,-0.3627,10.1563,-0.0356,0.0268,9.8065,-0.0149,0.0951,-0.0278,-0.94,-31.12,1.81,193.29,-84.04,-159.55
52.398888,-1.528962,159.68,11.04,3,316.76,20 / 21,1677229,2019-09-06 18:44:03:911,2.319,-1.9274,10.1395,0.005,-0.0411,9.8065,-0.0364,0.0883,-0.0633,-0.87,-31.25,1.75,188.39,-84.31,-156.66
52.398888,-1.528962,159.68,11.04,3,316.76,20 / 21,1677328,2019-09-06 18:44:04:010,0.1728,0.0828,10.4626,0.013,-0.0274,9.8065,0.0602,0.0477,0.0087,-0.75,-31.56,2.19,188.83,-84.35,-157.13
52.398888,-1.528962,159.68,11.04,3,316.76,20 / 21,1677428,2019-09-06 18:44:04:110,1.6243,-1.048,9.3419,-0.0244,0.0083,9.8066,0.0001,-0.0324,0.0201,0.06,-31.75,2.44,150.93,-84.27,-157.93
52.398888,-1.528962,159.68,11.04,3,316.76,20 / 21,1677529,2019-09-06 18:44:04:211,0.5683,0.3332,10.3802,-0.0227,0.0135,9.8065,0.0835,-0.0472,0.001,0,-31.75,2.13,152.24,-84.25,-159.24
52.398888,-1.528962,159.68,11.04,3,316.76,20 / 21,1677629,2019-09-06 18:44:04:311,0.0242,-0.5694,9.9634,-0.021,-0.0036,9.8065,0.0732,0.0178,-0.0357,0.25,-31.25,2.38,152.23,-84.21,-160.8
52.398888,-1.528962,159.68,11.04,3,316.76,20 / 21,1677729,2019-09-06 18:44:04:411,0.7013,-0.4882,9.8091,-0.0058,0.0091,9.8066,-0.0656,0.0162,0.0309,0,-31.62,1.75,155.96,-84.15,-162.29
52.398888,-1.528962,159.68,11.04,3,316.76,20 / 21,1677829,2019-09-06 18:44:04:511,0.085,-1.4676,10.0739,0.003,-0.0226,9.8066,-0.0962,0.0609,0.0037,-0.5,-31.75,1.81,153.86,-84.36,-162.11
52.398888,-1.528962,159.68,11.04,3,316.76,20 / 21,1677928,2019-09-06 18:44:04:610,0.6832,-0.4589,9.9227,0.0041,-0.0315,9.8065,0.1381,0.0269,-0.04,0.38,-32.06,1.5,153.19,-84.55,-163.36
52.398888,-1.528962,159.68,11.04,3,316.76,20 / 21,1678028,2019-09-06 18:44:04:710,1.54,-0.8034,9.6167,-0.0222,0.0204,9.8066,0.1326,-0.0288,-0.0002,-0.31,-32.31,1.75,155.68,-84.29,-163.19
52.398888,-1.528962,159.68,11.04,3,316.76,20 / 21,1678128,2019-09-06 18:44:04:810,-0.031,-0.6386,10.1157,0.0013,0.0203,9.8066,-0.0427,-0.0735,0.082,-0.25,-31.81,1.94,154.12,-84.35,-162.24
52.398888,-1.528962,159.68,11.04,3,316.76,20 / 21,1678228,2019-09-06 18:44:04:910,0.4509,-0.9968,9.8352,0.0223,-0.0051,9.8066,-0.0084,0.0542,-0.0046,-0.56,-32.37,1.81,195.9,-84.27,-160.65
52.398888,-1.528962,159.68,11.04,3,316.76,20 / 21,1678329,2019-09-06 18:44:05:011,-0.5061,0.3206,9.1719,0.0159,-0.0037,9.8066,0.0747,0.0083,0.0288,-0.69,-32.12,1.63,190.61,-84.3,-158.06
52.398888,-1.528962,159.68,11.04,3,316.76,19 / 21,1678430,2019-09-06 18:44:05:112,0.9843,-0.4654,10.1895,-0.0021,0.0011,9.8066,-0.0161,-0.0505,0.04,-0.75,-31.62,2.06,186.82,-84.23,-156.48
52.398888,-1.528962,159.68,11.04,3,316.76,19 / 21,1678529,2019-09-06 18:44:05:211,-0.4056,-1.9804,10.3423,0.0008,0.0033,9.8066,-0.1466,0.0049,-0.0322,-0.94,-31.87,1.5,186.38,-84.42,-155.98
52.398888,-1.528962,159.68,11.04,3,316.76,19 / 21,1678628,2019-09-06 18:44:05:310,1.0102,-1.4379,9.7178,-0.0168,-0.0024,9.8066,-0.0478,0.0636,-0.0834,-0.44,-32.12,1.5,148,-84.37,-155.45
52.398888,-1.528962,159.68,11.04,3,316.76,19 / 21,1678729,2019-09-06 18:44:05:411,-0.2742,-2.7032,9.7278,0.0039,-0.0039,9.8066,0.0486,-0.0633,0.0031,-0.75,-31.94,2.06,187.71,-84.4,-156.56
52.398888,-1.528962,159.68,11.04,3,316.76,19 / 21,1678828,2019-09-06 18:44:05:510,1.4291,-2.4081,9.8744,0.031,-0.0109,9.8065,0.0174,-0.0665,0.0023,-0.37,-31.62,1.69,149.1,-84.46,-158.15
52.398888,-1.528962,159.68,11.04,3,316.76,19 / 21,1678928,2019-09-06 18:44:05:610,0.4191,-0.6517,10.3775,0.0151,-0.0176,9.8066,-0.0181,-0.0296,0.0649,-0.69,-31.87,2.25,191.53,-84.61,-157.53
52.398888,-1.528962,159.68,11.04,3,316.76,19 / 21,1679029,2019-09-06 18:44:05:711,0.1481,-1.2457,9.5727,-0.0225,0.0066,9.8066,0.0233,0.1396,-0.0652,-0.25,-31.81,2.31,149.29,-84.38,-157.39
52.398888,-1.528962,159.68,11.04,3,316.76,19 / 21,1679129,2019-09-06 18:44:05:811,-0.6537,-1.4336,9.4361,-0.0219,0.0318,9.8066,-0.1281,0.0413,0.0026,-0.75,-31.87,1.5,190.57,-84.27,-158.11
52.398888,-1.528962,159.68,11.04,3,316.76,19 / 21,1679228,2019-09-06 18:44:05:910,-0.61,0.2506,9.0757,0.0377,-0.037,9.8064,-0.08,0.0405,-0.0766,0,-32.06,2.19,145.57,-84.68,-157.15
52.398888,-1.528962,159.68,11.04,3,316.76,19 / 21,1679329,2019-09-06 18:44:06:011,-0.3063,-2.3106,8.4549,-0.0651,0.0434,9.8063,-0.3986,0.2834,-0.245,-0.44,-31.69,2.13,150.93,-84.29,-158.24
52.398888,-1.528962,159.68,11.04,3,316.76,20 / 21,1679428,2019-09-06 18:44:06:110,2.6029,0.4664,9.188,0.0668,-0.0799,9.8061,-0.3078,-0.1982,0.099,-0.12,-31.62,2.38,150.86,-84.57,-161.43
52.398888,-1.528962,159.68,11.04,3,316.76,20 / 21,1679529,2019-09-06 18:44:06:211,-1.5954,3.854,11.144,-0.0174,0.0089,9.8066,0.2603,-0.3136,0.0964,0.25,-30.37,2.5,81,-84.83,-162.39
52.398888,-1.528962,159.68,11.04,3,316.76,20 / 21,1679628,2019-09-06 18:44:06:310,-2.297,-0.1201,10.0913,0.0535,-0.02,9.8064,0.0403,-0.1697,0.0316,-0.06,-30.69,1.94,143.05,-84.98,-162.07
52.398888,-1.528962,159.68,11.04,3,316.76,20 / 21,1679729,2019-09-06 18:44:06:411,-0.2817,0.668,10.3045,0.1006,0.0166,9.806,0.1871,0.0127,-0.0016,0.31,-31.25,3.06,80.8,-85,-162.46
52.398888,-1.528962,159.68,11.04,3,316.76,20 / 21,1679829,2019-09-06 18:44:06:511,-1.4187,0.143,9.9854,-0.027,0.0117,9.8066,0.2136,0.0505,0.0095,-0.5,-30.75,1.94,145.91,-84.8,-161.9
52.398888,-1.528962,159.68,11.04,3,316.76,20 / 21,1679928,2019-09-06 18:44:06:610,0.0988,-2.0425,10.0604,-0.0094,0.0136,9.8065,-0.0641,0.1619,-0.0731,0.06,-29.69,2.25,140.56,-84.88,-160.9
52.398888,-1.528962,159.68,11.04,3,316.76,20 / 21,1680028,2019-09-06 18:44:06:710,-0.279,0.4901,10.0026,0.0035,-0.0024,9.8066,-0.0068,-0.0257,0.0482,-0.31,-29.31,2.94,83.34,-84.69,-159.88
52.398888,-1.528962,159.68,11.04,3,316.76,20 / 21,1680128,2019-09-06 18:44:06:810,-1.1603,-0.015,10.1087,0.0098,0.0031,9.8066,0.0391,0.1287,-0.0734,0.38,-28.31,3.63,48,-84.7,-160.9
52.398888,-1.528962,159.68,11.04,3,316.76,20 / 21,1680229,2019-09-06 18:44:06:911,-0.7741,0.2017,9.8577,-0.004,-0.0206,9.8066,-0.1057,0.1463,-0.0799,1.13,-28.19,4,68.14,-84.57,-162.76
52.398888,-1.528962,159.68,11.04,3,316.76,20 / 21,1680329,2019-09-06 18:44:07:011,-0.0354,-2.307,9.4858,-0.0307,-0.0224,9.8065,-0.1395,0.011,0.0396,2.06,-28.06,3.38,96.83,-84.58,-163.86
52.398888,-1.528962,159.68,11.04,3,316.76,20 / 21,1680429,2019-09-06 18:44:07:111,1.2883,-0.3581,9.9531,-0.005,-0.0029,9.8066,0.0818,-0.0118,0.0236,1.75,-29.19,2.88,98.39,-84.51,-165.2
52.398888,-1.528962,159.68,11.04,3,316.76,20 / 21,1680528,2019-09-06 18:44:07:210,1.0194,-0.8652,10.1635,-0.0012,-0.012,9.8066,-0.0799,-0.0062,-0.0532,2.06,-28.75,2.31,118.45,-84.51,-166.41
52.398888,-1.528962,159.68,11.04,3,316.76,20 / 21,1680629,2019-09-06 18:44:07:311,1.665,-0.8508,9.7848,0.0347,-0.0035,9.8065,-0.0961,-0.0034,0.0526,1.81,-29.81,2.44,120,-84.5,-166.93
52.398888,-1.528962,159.68,11.04,3,316.76,20 / 21,1680729,2019-09-06 18:44:07:411,0.7521,-0.6189,9.5171,0.0596,-0.0233,9.8064,0.0985,-0.0382,0.0352,1.63,-29.5,1.81,115.67,-84.84,-165.69
52.398888,-1.528962,159.68,11.04,3,316.76,20 / 21,1680828,2019-09-06 18:44:07:510,0.976,0.6449,9.5106,0.0007,0.007,9.8066,0.0379,0.0175,-0.015,0.56,-29.94,2.56,93.27,-84.81,-164.42
52.398888,-1.528962,159.68,11.04,3,316.76,20 / 21,1680928,2019-09-06 18:44:07:610,-0.1717,-0.3321,9.9968,0.0078,-0.0068,9.8066,-0.1073,-0.0206,-0.0112,0.44,-29.56,1.88,142.56,-84.95,-163.88
52.398888,-1.528962,159.68,11.04,3,316.76,20 / 21,1681028,2019-09-06 18:44:07:710,0.8943,-1.215,10.6404,-0.0063,0.02,9.8065,0.0209,0.0701,-0.0171,-0.06,-31,1.88,143.58,-85.04,-163.57
52.398888,-1.528962,159.68,11.04,3,316.76,20 / 21,1681129,2019-09-06 18:44:07:811,-0.4791,-0.9299,10.3167,-0.0256,-0.0275,9.8066,-0.102,-0.0431,0.0096,0.63,-30.5,2.38,122.7,-85.02,-163.1
52.398888,-1.528962,159.68,11.04,3,316.76,20 / 21,1681229,2019-09-06 18:44:07:911,0.6905,-0.7597,9.8583,0.021,0.0067,9.8065,0.178,0.0189,0.0161,0.63,-31.56,2.56,96.04,-84.96,-164.91
52.398888,-1.528962,159.68,11.04,3,316.76,20 / 21,1681328,2019-09-06 18:44:08:010,1.1989,0.5092,10.3366,0.01,0.0189,9.8065,0.1314,-0.0388,0.0427,0.63,-31.69,3.06,99.46,-84.84,-163.3
52.398888,-1.528962,159.68,11.04,3,316.76,19 / 21,1681428,2019-09-06 18:44:08:110,0.8839,0.5013,10.4704,-0.0067,-0.0008,9.8066,0.0006,-0.0186,-0.0198,0.38,-31.5,3.06,85.91,-84.79,-164.13
52.398888,-1.528962,159.68,11.04,3,316.76,19 / 21,1681529,2019-09-06 18:44:08:211,0.0769,-1.0256,9.433,-0.0141,0.0034,9.8065,0.011,0.0293,0.0345,1.06,-31.5,3.19,96.5,-84.81,-164.05
52.398888,-1.528962,159.68,11.04,3,316.76,19 / 21,1681629,2019-09-06 18:44:08:311,0.1627,1.1275,9.5157,-0.0053,0.0023,9.8066,-0.0079,-0.0408,0.0436,0.63,-31.5,2.69,95.11,-84.89,-164.03
52.398888,-1.528962,159.68,11.04,3,316.76,19 / 21,1681728,2019-09-06 18:44:08:410,0.8154,0.3106,9.5741,-0.0005,-0.0052,9.8066,0.0245,-0.0046,-0.0854,1.19,-31.69,3.25,95.68,-84.95,-165.61
52.398888,-1.528962,159.68,11.04,3,316.76,19 / 21,1681828,2019-09-06 18:44:08:510,1.8175,1.1088,10.4413,0.0001,0.0074,9.8066,0.0214,-0.0622,0.0179,0.88,-31.94,2.81,94.83,-85.01,-165.34
52.398888,-1.528962,159.68,11.04,3,316.76,19 / 21,1681929,2019-09-06 18:44:08:611,0.6806,-0.14,10.0987,0.0023,0.0055,9.8066,0.0268,-0.0056,-0.0406,1.56,-31.31,3.75,78.18,-85.08,-164.15
52.398888,-1.528962,159.68,11.04,3,316.76,19 / 21,1682028,2019-09-06 18:44:08:710,2.0514,0.0679,9.5832,0.0122,-0.0022,9.8066,-0.0016,0.0384,-0.0932,0.63,-31.69,3.25,91.5,-85.15,-166.04
52.398888,-1.528962,159.68,11.04,3,316.76,19 / 21,1682129,2019-09-06 18:44:08:811,0.6373,0.1663,9.8344,-0.0148,-0.0089,9.8066,0.0537,0.052,-0.0206,1.81,-30.94,3.44,96.7,-84.96,-165.83
52.398888,-1.528962,159.68,11.04,3,316.76,19 / 21,1682228,2019-09-06 18:44:08:910,0.2117,0.1943,9.5044,0.0358,-0.0005,9.8065,0.0153,-0.0003,0.0269,1.56,-31.12,2.75,94.39,-85.2,-165.29
52.398888,-1.528962,159.68,11.04,3,316.76,19 / 21,1682329,2019-09-06 18:44:09:011,2.0777,-0.7824,10.7241,0.0193,0.0038,9.8065,0.0981,-0.1173,0.0395,2.06,-31,2.5,94.36,-85.18,-165.57
52.39948,-1.52997,157.92,8.44,3,311.5,19 / 21,1682428,2019-09-06 18:44:09:110,1.8207,0.0056,9.7593,0.0167,0.0054,9.8066,0.066,-0.1227,0.0206,2.5,-30.56,2.13,112.52,-85.06,-167
52.39948,-1.52997,157.92,8.44,3,311.5,19 / 21,1682528,2019-09-06 18:44:09:210,2.4698,0.0453,10.0335,-0.0381,0.0078,9.8066,-0.2532,-0.1203,0.0698,1.38,-30.87,2,126.25,-84.89,-166.4
52.39948,-1.52997,157.92,8.44,3,311.5,19 / 21,1682629,2019-09-06 18:44:09:311,2.5206,-1.0862,9.7248,-0.0556,0.0158,9.8064,-0.3501,0.0362,0.037,1.81,-30.56,1.56,120.28,-84.71,-165.62
52.39948,-1.52997,157.92,8.44,3,311.5,19 / 21,1682728,2019-09-06 18:44:09:410,2.2935,-1.2136,9.8143,0.0669,-0.0672,9.8061,0.3427,-0.0142,0.0988,0.88,-31.62,1.25,151.17,-84.75,-165.71
52.39948,-1.52997,157.92,8.44,3,311.5,19 / 21,1682828,2019-09-06 18:44:09:510,1.1563,0.3269,9.8204,0.0388,-0.022,9.8065,0.0619,0.0749,-0.1258,0.38,-31.94,0.44,180,-84.96,-162.83
52.39948,-1.52997,157.92,8.44,3,311.5,19 / 21,1682928,2019-09-06 18:44:09:610,1.7121,-0.8071,9.9953,0.0035,-0.0169,9.8066,0.0179,0.0321,0.0081,0.13,-32.69,0.44,180,-85,-162.9
52.39948,-1.52997,157.92,8.44,3,311.5,19 / 21,1683028,2019-09-06 18:44:09:710,0.5819,-2.2598,9.6266,0.0146,-0.0214,9.8066,-0.0545,-0.0008,0.0556,0.25,-32.94,0.81,171.24,-85.1,-163.33
52.39948,-1.52997,157.92,8.44,3,311.5,19 / 21,1683129,2019-09-06 18:44:09:811,-0.6648,0.7935,10.3442,-0.0042,0.0028,9.8066,0.0311,0.0052,-0.1094,-0.87,-33.75,0.75,201.12,-85.06,-162.28
52.39948,-1.52997,157.92,8.44,3,311.5,19 / 21,1683228,2019-09-06 18:44:09:910,-0.9921,1.02,10.6305,-0.0176,0.0036,9.8066,0.1586,0.036,-0.0244,-1.87,-34,1.06,231.77,-85.26,-163.51
52.39948,-1.52997,157.92,8.44,3,311.5,19 / 21,1683329,2019-09-06 18:44:10:011,1.0179,-2.8249,8.4925,0.0262,0.0683,9.8063,-0.1982,-0.1744,0.1777,-1.37,-34.31,1.5,214.35,-85.34,-163.46
52.39948,-1.52997,157.92,8.44,3,311.5,20 / 21,1683428,2019-09-06 18:44:10:110,-1.9791,-0.2185,9.4842,0.1326,0.0238,9.8057,-0.1749,-0.0009,-0.0103,-3.06,-34.69,1.56,258.52,-84.64,-161.99
52.39948,-1.52997,157.92,8.44,3,311.5,20 / 21,1683529,2019-09-06 18:44:10:211,0.175,-1.9577,9.1449,-0.0215,-0.0303,9.8065,-0.0747,-0.1913,0.0384,-2.31,-34.62,2.13,249.82,-85.1,-160.21
52.39948,-1.52997,157.92,8.44,3,311.5,20 / 21,1683629,2019-09-06 18:44:10:311,-1.9172,-2.0364,9.1141,0.035,-0.0016,9.8065,-0.3382,-0.1432,0.0285,-2.12,-33.87,3,294.59,-84.87,-161.34
52.39948,-1.52997,157.92,8.44,3,311.5,20 / 21,1683730,2019-09-06 18:44:10:412,-0.7226,-1.253,10.2153,-0.0776,0.0084,9.8063,0.2555,-0.064,0.1002,-1.87,-34.25,2.88,296.7,-84.95,-161.46
52.39948,-1.52997,157.92,8.44,3,311.5,20 / 21,1683828,2019-09-06 18:44:10:510,-1.4919,0.398,10.3924,-0.072,-0.0061,9.8063,0.1241,0.0134,-0.0375,-1.87,-33.87,3.13,315.64,-85.33,-158.02
52.39948,-1.52997,157.92,8.44,3,311.5,20 / 21,1683928,2019-09-06 18:44:10:610,1.2704,-0.6076,9.5957,0.0332,-0.018,9.8066,-0.0621,-0.0791,-0.0082,-1.94,-33.62,2.94,307.34,-85.02,-158.19
52.39948,-1.52997,157.92,8.44,3,311.5,20 / 21,1684029,2019-09-06 18:44:10:711,-1.0701,0.6479,10.6194,-0.007,0.0163,9.8066,0.1004,0.0169,-0.0316,-0.87,-33.69,2.75,35.62,-85.14,-158.09
52.39948,-1.52997,157.92,8.44,3,311.5,20 / 21,1684128,2019-09-06 18:44:10:810,-0.4782,0.3942,10.5304,0.05,-0.0107,9.8065,0.0036,0.0202,-0.0156,-1.5,-32.75,3.5,13.23,-84.91,-162.14
52.39948,-1.52997,157.92,8.44,3,311.5,20 / 21,1684228,2019-09-06 18:44:10:910,0.1326,-0.1747,9.3251,-0.0058,0.0147,9.8066,0.0849,0.011,-0.0459,-1,-32.69,3.63,12.91,-85.02,-162.04
52.39948,-1.52997,157.92,8.44,3,311.5,20 / 21,1684328,2019-09-06 18:44:11:010,-0.1092,-1.2588,9.7358,-0.0017,-0.0679,9.8064,-0.1164,0.1313,-0.0041,-0.87,-32.19,3.5,11.07,-85.19,-162.11
52.39948,-1.52997,157.92,8.44,3,311.5,20 / 21,1684428,2019-09-06 18:44:11:110,0.4929,0.1141,11.1662,-0.0472,-0.042,9.8064,-0.0285,0.0529,0.0242,-0.56,-32.75,2.88,335.8,-85.01,-163.83
52.39948,-1.52997,157.92,8.44,3,311.5,20 / 21,1684528,2019-09-06 18:44:11:210,-2.9771,-0.0783,9.6967,0.0374,0.0112,9.8065,-0.0709,-0.1507,0.1479,-0.56,-32.31,2.69,353.76,-85.42,-162.75
52.39948,-1.52997,157.92,8.44,3,311.5,20 / 21,1684628,2019-09-06 18:44:11:310,0.9877,0.4118,9.0449,-0.0323,-0.0291,9.8065,-0.1011,-0.0188,-0.0842,-0.31,-32.5,2.5,82.34,-85.07,-163.41
52.39948,-1.52997,157.92,8.44,3,311.5,20 / 21,1684729,2019-09-06 18:44:11:411,-0.2603,1.8379,8.4748,0.0258,0.0285,9.8065,0.0827,0.0908,-0.1391,-0.25,-32.06,3.56,52.85,-84.92,-161.73
52.39948,-1.52997,157.92,8.44,3,311.5,20 / 21,1684828,2019-09-06 18:44:11:510,2.5227,0.3192,9.5106,0.0668,0.0839,9.806,-0.0124,0.012,0.0395,0.31,-31.62,4.25,47.09,-85.05,-163.42
52.39948,-1.52997,157.92,8.44,3,311.5,20 / 21,1684929,2019-09-06 18:44:11:611,-0.8898,2.8727,10.3267,-0.0029,0.0149,9.8066,0.2379,0.0867,-0.0546,1.06,-30.62,4.19,71.01,-85.1,-160.67
52.39948,-1.52997,157.92,8.44,3,311.5,20 / 21,1685029,2019-09-06 18:44:11:711,-1.5,-1.0437,11.6256,0.1326,0.0804,9.8054,0.517,-0.0041,-0.0073,0.31,-29.31,3.25,56.9,-86.01,-157.49
52.39948,-1.52997,157.92,8.44,3,311.5,20 / 21,1685128,2019-09-06 18:44:11:810,-1.5952,-1.8353,11.8593,-0.1886,-0.0735,9.8045,-0.1527,0.0869,-0.0021,0.94,-27.94,3.31,94.13,-85.06,-154.1
52.39948,-1.52997,157.92,8.44,3,311.5,20 / 21,1685229,2019-09-06 18:44:11:911,-2.1397,0.7805,10.7799,-0.0771,-0.04,9.8062,0.3065,-0.1205,0.2261,0,-27.56,3.19,81,-85.18,-150.07
52.39948,-1.52997,157.92,8.44,3,311.5,20 / 21,1685329,2019-09-06 18:44:12:011,-0.2388,-0.0279,8.9593,-0.0622,-0.0017,9.8064,-0.0252,-0.1187,0.0425,-0.06,-26.75,1.69,126.49,-84.75,-148.23
52.39948,-1.52997,157.92,8.44,3,311.5,20 / 21,1685430,2019-09-06 18:44:12:112,0.0421,1.4664,9.6229,-0.0669,0.0635,9.8062,0.2014,-0.1562,0.0629,0.56,-26.5,0.5,149.56,-84.04,-150.93
52.39948,-1.52997,157.92,8.44,3,311.5,20 / 21,1685529,2019-09-06 18:44:12:211,2.4768,-1.2783,9.1501,-0.0014,0.0377,9.8065,-0.325,-0.2187,0.0703,-0.44,-27.5,-0.69,187.66,-83.71,-149.14
52.39948,-1.52997,157.92,8.44,3,311.5,20 / 21,1685628,2019-09-06 18:44:12:310,0.7852,-1.62,9.9043,0.0124,0.0372,9.8066,-0.3097,-0.0146,-0.0331,-1.75,-28.06,-0.62,218.96,-83.79,-146.02
52.39948,-1.52997,157.92,8.44,3,311.5,20 / 21,1685728,2019-09-06 18:44:12:410,-0.5119,-1.8416,10.1996,0.0214,-0.0635,9.8063,0.1234,0.0588,0.0296,-0.87,-30.37,-2.44,207.93,-84.49,-141.56
52.39948,-1.52997,157.92,8.44,3,311.5,20 / 21,1685829,2019-09-06 18:44:12:511,0.712,-0.0898,10.2056,-0.0103,-0.0509,9.8065,0.0307,-0.11,-0.0433,-2.62,-31.75,-2.31,233.81,-84.62,-140.33
52.39948,-1.52997,157.92,8.44,3,311.5,20 / 21,1685929,2019-09-06 18:44:12:611,0.6309,-1.0245,8.2753,-0.0209,0.0055,9.8066,-0.0612,-0.0819,0.0058,-3.06,-33.87,-2.62,229.72,-84.64,-140.48
52.39948,-1.52997,157.92,8.44,3,311.5,20 / 21,1686029,2019-09-06 18:44:12:711,-0.5121,-3.0275,9.5684,0.0073,0.0298,9.8066,-0.2189,0.0257,-0.0133,-3.69,-35.44,-1.81,242.01,-84.73,-141.94
52.39948,-1.52997,157.92,8.44,3,311.5,20 / 21,1686129,2019-09-06 18:44:12:811,1.2364,0.4006,10.2978,-0.0578,-0.0232,9.8064,0.3605,-0.0454,0.0631,-5.37,-36.06,-0.62,259.83,-85.12,-142.52
52.39948,-1.52997,157.92,8.44,3,311.5,20 / 21,1686229,2019-09-06 18:44:12:911,1.1304,0.8338,10.7519,-0.0558,-0.0489,9.8063,0.1901,0.0863,-0.0837,-5.19,-36.06,0.44,267.49,-85.08,-144.28
52.39948,-1.52997,157.92,8.44,3,311.5,20 / 21,1686329,2019-09-06 18:44:13:011,-0.5573,-0.1888,9.9366,0.0351,0.0307,9.8065,-0.032,0.0337,-0.0784,-3.69,-35.5,1.63,286.84,-84.92,-147.89
52.39948,-1.52997,157.92,8.44,3,311.5,20 / 21,1686430,2019-09-06 18:44:13:112,-0.8218,1.1684,9.4977,0.0325,0.007,9.8065,0.0257,0.0082,-0.0402,-4.12,-35.06,2.88,308.28,-84.94,-149.44
52.39948,-1.52997,157.92,8.44,3,311.5,20 / 21,1686528,2019-09-06 18:44:13:210,-1.0598,-0.9326,9.6541,-0.019,0.0226,9.8065,-0.1223,-0.1075,0.0503,-4.06,-34.75,2.56,309.01,-85.15,-150.33
52.39948,-1.52997,157.92,8.44,3,311.5,20 / 21,1686629,2019-09-06 18:44:13:311,-0.7945,1.2155,9.5286,0.0159,0.0061,9.8066,0.2054,-0.0492,0.039,-2.75,-33,3.56,340.14,-85.1,-151.88
52.39948,-1.52997,157.92,8.44,3,311.5,20 / 21,1686729,2019-09-06 18:44:13:411,-1.214,0.3238,9.7264,-0.0276,0.0119,9.8065,0.1281,0.0165,-0.0363,-2.5,-32.25,3.31,341.15,-85.24,-151.34
52.39948,-1.52997,157.92,8.44,3,311.5,20 / 21,1686829,2019-09-06 18:44:13:511,0.1421,-0.1308,9.9965,-0.0429,-0.0154,9.8065,-0.0656,-0.0599,-0.0166,-2.37,-32.25,2.44,276.71,-85.3,-150.76
52.39948,-1.52997,157.92,8.44,3,311.5,20 / 21,1686929,2019-09-06 18:44:13:611,-0.7727,0.2775,9.5525,0.0202,0.014,9.8065,-0.084,-0.0216,0.0114,-1.75,-31.81,2.31,271.68,-85.19,-151.36
52.39948,-1.52997,157.92,8.44,3,311.5,20 / 21,1687029,2019-09-06 18:44:13:711,-0.776,-0.5377,9.9169,0.026,0.0004,9.8066,-0.0578,-0.0221,0.0483,-1.44,-31.37,1.5,167,-85.05,-150.79
52.39948,-1.52997,157.92,8.44,3,311.5,20 / 21,1687128,2019-09-06 18:44:13:810,-0.1865,-1.2885,9.6703,-0.0047,-0.0382,9.8065,0.0471,0.0083,-0.0316,-2.31,-31.25,1.75,282.09,-85.17,-148.02
52.39948,-1.52997,157.92,8.44,3,311.5,20 / 21,1687229,2019-09-06 18:44:13:911,0.8034,-0.5848,10.6298,-0.0136,-0.0392,9.8065,-0.0046,0.0326,-0.0393,-1.5,-31.69,1.19,192.94,-85.17,-147.37
52.39948,-1.52997,157.92,8.44,3,311.5,20 / 21,1687329,2019-09-06 18:44:14:011,0.065,0.6712,9.9004,0.0123,0.0309,9.8065,0.0461,-0.0053,0.0557,-1.56,-31.69,0.5,232.76,-85,-148.26
52.39948,-1.52997,157.92,8.44,3,311.5,20 / 21,1687428,2019-09-06 18:44:14:110,0.1156,0.0693,10.0238,0.0261,0.0154,9.8065,0.0076,0.0023,0.0428,-1.62,-32.44,0.56,230.59,-84.89,-146.91
52.39948,-1.52997,157.92,8.44,3,311.5,20 / 21,1687528,2019-09-06 18:44:14:210,-0.1029,-0.1057,9.6064,0.0179,0.0064,9.8066,0,-0.0112,0.033,-2,-31.44,0.75,231.07,-84.78,-145.49
52.39948,-1.52997,157.92,8.44,3,311.5,20 / 21,1687629,2019-09-06 18:44:14:311,0.0432,0.3719,9.8089,0.0161,0.0068,9.8066,0.0072,0.0128,0.0152,-1.75,-32.25,1.13,224.25,-84.58,-143.33
52.39948,-1.52997,157.92,8.44,3,311.5,20 / 21,1687728,2019-09-06 18:44:14:410,-0.3617,-0.1881,10.3852,0.0097,-0.0069,9.8066,-0.0431,0.0491,0.0623,-2.25,-32.75,1.5,222.29,-84.54,-141.32
52.39948,-1.52997,157.92,8.44,3,311.5,20 / 21,1687829,2019-09-06 18:44:14:511,-0.1231,0.0438,9.7611,0.0098,0.0108,9.8066,-0.056,0.018,0.021,-2.87,-31.81,0.38,243.76,-84.51,-139.58
52.39948,-1.52997,157.92,8.44,3,311.5,20 / 21,1687929,2019-09-06 18:44:14:611,-0.1614,0.6178,9.9037,-0.0104,-0.0139,9.8066,0.0785,-0.0346,0.0565,-2.94,-31.75,0.69,259.92,-84.57,-137.35
52.39948,-1.52997,157.92,8.44,3,311.5,20 / 21,1688028,2019-09-06 18:44:14:710,-0.5465,0.6444,9.2837,0.0112,-0.0097,9.8066,-0.0443,0.1094,-0.0071,-2.62,-32.31,1.63,299.19,-84.48,-136.03
52.39948,-1.52997,157.92,8.44,3,311.5,20 / 21,1688128,2019-09-06 18:44:14:810,-1.722,-0.0821,9.7862,-0.0346,-0.0144,9.8065,-0.0147,0.0841,-0.149,-2.56,-32.19,1.13,252.63,-84.21,-137.52
52.39948,-1.52997,157.92,8.44,3,311.5,20 / 21,1688229,2019-09-06 18:44:14:911,-0.2968,0.3343,8.7185,-0.0267,0.0354,9.8065,-0.0128,0.0014,0.0394,-2.94,-33,2.06,284.32,-84.58,-142.11
52.39948,-1.52997,157.92,8.44,3,311.5,20 / 21,1688328,2019-09-06 18:44:15:010,-3.3268,1.1795,7.8771,-0.0172,-0.0211,9.8066,0.0301,0.0279,0.0635,-1.81,-32.31,2.25,240.33,-84.56,-143.97
52.39948,-1.52997,157.92,8.44,3,311.5,20 / 21,1688429,2019-09-06 18:44:15:111,-0.005,1.0539,10.5505,0.0278,-0.0088,9.8066,-0.1201,0.0956,0.0097,-1.94,-32.69,2.63,40.93,-84.34,-141.86
52.39948,-1.52997,157.92,8.44,3,311.5,20 / 21,1688528,2019-09-06 18:44:15:210,-0.6759,-1.6157,10.8689,0.0022,0.0017,9.8066,0.0997,0.0363,0.0071,-2.62,-32.31,2.31,284.79,-84.29,-139.72
52.39948,-1.52997,157.92,8.44,3,311.5,20 / 21,1688628,2019-09-06 18:44:15:310,0.021,0.738,10.5943,0.0417,-0.0231,9.8064,-0.1024,0.1305,-0.0959,-1.81,-32.69,2.81,34.36,-84.21,-143.53
52.39948,-1.52997,157.92,8.44,3,311.5,20 / 21,1688729,2019-09-06 18:44:15:411,0.8073,-2.0215,8.4816,0.0308,-0.0207,9.8065,0.1413,0.1486,-0.0308,-1.12,-32.44,3.31,94.33,-84.4,-149.14
52.39948,-1.52997,157.92,8.44,3,311.5,20 / 21,1688828,2019-09-06 18:44:15:510,1.7698,-2.2692,8.5284,-0.0015,0.0283,9.8066,0.1102,0.192,0.0246,-1.06,-32.75,4.06,58.16,-84.29,-150.71
52.39948,-1.52997,157.92,8.44,3,311.5,20 / 21,1688929,2019-09-06 18:44:15:611,-0.3217,0.1992,9.4691,-0.0452,0.0205,9.8065,0.0659,0.1502,0.0127,-1.06,-33.25,3.94,76.58,-83.72,-148.45
52.39948,-1.52997,157.92,8.44,3,311.5,20 / 21,1689029,2019-09-06 18:44:15:711,0.4859,-1.0026,10.8071,0.016,0.0426,9.8065,-0.0169,0.1591,0.0266,-1,-33,3.94,83.75,-83.63,-144.98
52.39948,-1.52997,157.92,8.44,3,311.5,20 / 21,1689129,2019-09-06 18:44:15:811,0.3711,0.1998,10.5951,0.0234,-0.0066,9.8065,-0.15,0.1766,-0.1299,-0.69,-32.56,4.25,75.58,-84.01,-144.8
52.39948,-1.52997,157.92,8.44,3,311.5,20 / 21,1689228,2019-09-06 18:44:15:910,1.5192,-1.2602,10.5863,0.0221,-0.0134,9.8065,-0.0421,0.1651,-0.0392,-0.81,-32.87,4.31,65.53,-84.42,-145.87
52.39948,-1.52997,157.92,8.44,3,311.5,20 / 21,1689328,2019-09-06 18:44:16:010,1.6476,0.4068,9.1951,-0.0289,-0.0067,9.8066,-0.0499,0.1147,0.0545,-0.69,-32.56,4.94,54.5,-84.39,-145.4
52.39948,-1.52997,157.92,8.44,3,311.5,20 / 21,1689429,2019-09-06 18:44:16:111,-0.0207,0.8365,9.6757,-0.0462,-0.0122,9.8065,-0.0064,0.1078,0.0266,0.13,-32,5.38,79.04,-83.86,-143.51
52.39948,-1.52997,157.92,8.44,3,311.5,20 / 21,1689528,2019-09-06 18:44:16:210,-0.1162,-0.8359,9.6295,-0.0008,0.0061,9.8066,0.1188,0.0991,-0.0119,-0.69,-31.44,6.44,53.58,-83.79,-143.54
52.39948,-1.52997,157.92,8.44,3,311.5,20 / 21,1689628,2019-09-06 18:44:16:310,0.2331,-0.0032,9.8672,0.0049,-0.0269,9.8065,0.0595,0.0827,-0.0135,-1.37,-31.44,6.56,50.19,-83.67,-143.74
52.39948,-1.52997,157.92,8.44,3,311.5,20 / 21,1689729,2019-09-06 18:44:16:411,0.6519,-0.0696,9.9203,0.0082,-0.0066,9.8066,-0.0863,0.1242,-0.0208,-0.44,-31,6.88,59.59,-83.81,-144.99
52.39948,-1.52997,157.92,8.44,3,311.5,20 / 21,1689828,2019-09-06 18:44:16:510,0.6436,0.2945,10.2087,0.0034,0.0288,9.8066,-0.0598,0.0628,0.0173,0.13,-29.94,6.56,60.22,-84.15,-142.29
52.39948,-1.52997,157.92,8.44,3,311.5,20 / 21,1689929,2019-09-06 18:44:16:611,-0.6832,-0.0873,10.0825,0.0101,0.0203,9.8066,-0.0033,0.0723,-0.0369,-0.69,-28.94,6.56,49.04,-84.3,-140.93
52.39948,-1.52997,157.92,8.44,3,311.5,20 / 21,1690029,2019-09-06 18:44:16:711,-0.5365,0.0145,10.3184,0.0145,-0.035,9.8065,0.1068,0.0299,-0.045,-0.94,-28.81,5.81,46.66,-84.43,-143.73
52.39948,-1.52997,157.92,8.44,3,311.5,20 / 21,1690128,2019-09-06 18:44:16:810,0.227,0.3529,9.6834,0.0158,-0.0226,9.8066,0.0612,0.0607,-0.0239,-0.37,-28.44,5.69,55.23,-84.45,-146.72
52.39948,-1.52997,157.92,8.44,3,311.5,20 / 21,1690228,2019-09-06 18:44:16:910,0.2149,-0.1392,10.0561,0.0116,-0.0245,9.8066,0.1552,0.0996,-0.0579,-0.69,-27.19,5.13,38.22,-84.38,-149.37
52.39948,-1.52997,157.92,8.44,3,311.5,20 / 21,1690329,2019-09-06 18:44:17:011,-0.068,0.1202,9.646,0.0042,-0.0263,9.8065,0.0039,0.1249,-0.0493,-1.19,-28.25,4.88,35.35,-84.04,-152.78
52.39948,-1.52997,157.92,8.44,3,311.5,20 / 21,1690429,2019-09-06 18:44:17:111,0.034,0.2612,10.4117,-0.0025,-0.0091,9.8066,-0.0593,-0.0048,0.0084,0.06,-29.06,4.44,74.06,-83.84,-154.78
52.39948,-1.52997,157.92,8.44,3,311.5,20 / 21,1690529,2019-09-06 18:44:17:211,0.4768,0.0786,9.8094,-0.0103,-0.0258,9.8065,0.0661,-0.009,0.0326,0.31,-28.87,4.69,56.55,-83.67,-156.01
52.39948,-1.52997,157.92,8.44,3,311.5,20 / 21,1690629,2019-09-06 18:44:17:311,-0.138,0.3488,9.8426,0.0156,0.011,9.8066,-0.0358,-0.0238,0.0064,-0.44,-30.44,4.25,77.79,-83.72,-156.02
52.39948,-1.52997,157.92,8.44,3,311.5,20 / 21,1690729,2019-09-06 18:44:17:411,-0.0666,0.1871,10.2569,0.0187,0.0116,9.8066,0.0028,-0.0622,-0.005,0.44,-31,4.31,79.75,-83.82,-155.98
52.39948,-1.52997,157.92,8.44,3,311.5,20 / 21,1690829,2019-09-06 18:44:17:511,-0.2885,0.3752,10.1225,-0.0065,-0.008,9.8066,-0.0007,-0.0634,-0.0368,0.81,-31.31,3.94,90.82,-83.98,-155.64
52.39948,-1.52997,157.92,8.44,3,311.5,20 / 21,1690928,2019-09-06 18:44:17:610,0.0615,0.9546,9.6144,-0.0213,-0.0103,9.8066,-0.046,-0.0651,0.0418,0.94,-31.12,3.94,90.16,-84.01,-155.95
52.39948,-1.52997,157.92,8.44,3,311.5,20 / 21,1691028,2019-09-06 18:44:17:710,-0.3663,0.6512,9.7541,0.0064,0.0012,9.8066,-0.0622,-0.0934,0.0017,0.5,-31.5,4.88,70.47,-84.22,-156.36
52.39948,-1.52997,157.92,8.44,3,311.5,20 / 21,1691128,2019-09-06 18:44:17:810,-0.4358,0.77,9.6767,-0.0172,-0.0058,9.8065,0.0589,-0.0772,0.004,0.5,-31.69,3.69,90.45,-84.09,-156.99
52.39948,-1.52997,157.92,8.44,3,311.5,20 / 21,1691228,2019-09-06 18:44:17:910,-1.403,0.9694,9.8277,-0.0018,0.0125,9.8066,0.0844,-0.1567,0.0973,0.81,-31.56,4.38,93.98,-83.92,-155.63
52.39948,-1.52997,157.92,8.44,3,311.5,20 / 21,1691329,2019-09-06 18:44:18:011,-1.2377,1.5534,9.9255,0.0182,0.0156,9.8066,0.1105,-0.1848,0.0287,0.75,-32.44,4.44,95.77,-83.79,-155.38
52.399822,-1.530552,156.26,4.99,3,307.03,20 / 21,1691428,2019-09-06 18:44:18:110,-2.2097,0.2159,10.1726,0.0103,0.0047,9.8066,0.0974,-0.1333,-0.0153,-0.12,-32.69,4.63,67.44,-83.56,-156.14
52.399822,-1.530552,156.26,4.99,3,307.03,20 / 21,1691529,2019-09-06 18:44:18:211,-1.0354,0.4518,10.1556,0.0112,-0.0227,9.8066,-0.0868,-0.1633,-0.0315,0.31,-33.44,4.31,86.43,-83.75,-158.01
52.399822,-1.530552,156.26,4.99,3,307.03,20 / 21,1691629,2019-09-06 18:44:18:311,-0.6946,0.8933,9.9098,0.0134,0.0014,9.8065,-0.0923,-0.1997,0.0139,0.25,-33.31,4.06,78.68,-84.02,-159.35
52.399822,-1.530552,156.26,4.99,3,307.03,20 / 21,1691728,2019-09-06 18:44:18:410,-1.8164,0.9596,9.8186,0.0067,-0.0128,9.8066,0.0135,-0.227,-0.0167,-0.19,-33.12,4.13,72.44,-84.2,-160.63
52.399822,-1.530552,156.26,4.99,3,307.03,20 / 21,1691829,2019-09-06 18:44:18:511,-1.9765,-0.5256,9.8269,-0.0019,-0.0025,9.8066,-0.0117,-0.2785,0.0254,-0.69,-33.19,3.88,25.79,-84.19,-160.95
52.399822,-1.530552,156.26,4.99,3,307.03,20 / 21,1691928,2019-09-06 18:44:18:610,-2.1731,-0.2697,9.8928,-0.008,-0.0004,9.8066,-0.0197,-0.2955,0.0239,-0.56,-33.37,4.13,28.11,-84.09,-160.86
52.399822,-1.530552,156.26,4.99,3,307.03,20 / 21,1692030,2019-09-06 18:44:18:712,-2.0908,0.2926,9.9199,0.0003,-0.0158,9.8066,0.0015,-0.3216,0.0139,-1.19,-32.81,3.81,27.83,-83.98,-161.35
52.399822,-1.530552,156.26,4.99,3,307.03,20 / 21,1692129,2019-09-06 18:44:18:811,-2.3861,0.5147,9.7142,0.0104,-0.0097,9.8066,-0.0451,-0.3362,-0.0119,-1.25,-33.06,3.81,21.52,-84.05,-162.28
52.399822,-1.530552,156.26,4.99,3,307.03,20 / 21,1692228,2019-09-06 18:44:18:910,-0.4942,-2.2208,9.6423,-0.0137,0.0284,9.8066,-0.0209,-0.3464,-0.0182,-1.62,-33.37,4.19,322.06,-84.24,-164.11
52.399822,-1.530552,156.26,4.99,3,307.03,20 / 21,1692329,2019-09-06 18:44:19:011,-0.2386,-2.3052,9.3747,-0.002,0.0325,9.8065,-0.0058,-0.3924,0.0371,-1.19,-32.25,3,309.92,-84.63,-164.83
52.399822,-1.530552,156.26,4.99,3,307.03,20 / 21,1692428,2019-09-06 18:44:19:110,1.4466,-1.2052,9.8999,0.0018,-0.0145,9.8066,-0.1155,-0.3819,0.0644,-1.81,-32.06,2.06,253.32,-84.86,-164.54
52.399822,-1.530552,156.26,4.99,3,307.03,20 / 21,1692529,2019-09-06 18:44:19:211,1.9024,-1.7571,9.6979,0.021,0.0085,9.8065,-0.0969,-0.3832,0.0918,-1.81,-31.69,1.13,231.99,-84.97,-162.42
52.399822,-1.530552,156.26,4.99,3,307.03,20 / 21,1692628,2019-09-06 18:44:19:310,1.113,-1.3034,9.4501,-0.0073,-0.0549,9.8064,-0.1944,-0.355,0.0345,-2.31,-31.44,-0.25,224.19,-85.18,-160.35
52.399822,-1.530552,156.26,4.99,3,307.03,20 / 21,1692729,2019-09-06 18:44:19:411,2.0708,-0.5547,9.9762,-0.0071,-0.0463,9.8065,0.1389,-0.3512,0.0391,-3.12,-32.31,-1.06,234.7,-85.38,-155.19
52.399822,-1.530552,156.26,4.99,3,307.03,20 / 21,1692830,2019-09-06 18:44:19:512,3.034,-1.0027,10.0255,0.0201,0.014,9.8065,-0.0846,-0.3627,0.0347,-3.87,-32.69,-1.69,238.1,-85.25,-154.08
52.399822,-1.530552,156.26,4.99,3,307.03,20 / 21,1692929,2019-09-06 18:44:19:611,1.7482,-1.0355,10.1163,0.0095,0.0133,9.8066,-0.1432,-0.4155,0.0445,-3.37,-33.56,-1.56,226.05,-85,-153.99
52.399822,-1.530552,156.26,4.99,3,307.03,20 / 21,1693028,2019-09-06 18:44:19:710,1.8447,-0.5923,10.1797,0.0003,-0.0108,9.8066,-0.0764,-0.3909,0.0323,-3.87,-34.19,-1.75,236.44,-84.93,-152.92
52.399822,-1.530552,156.26,4.99,3,307.03,20 / 21,1693128,2019-09-06 18:44:19:810,1.4839,-1.4025,10.1918,-0.0027,-0.0013,9.8066,0.083,-0.3929,0.0386,-4.81,-34.25,-1.12,250.06,-84.79,-153.84
52.399822,-1.530552,156.26,4.99,3,307.03,20 / 21,1693229,2019-09-06 18:44:19:911,2.2589,-1.0679,10.3674,0.0169,0.0096,9.8066,0.0193,-0.4037,-0.0069,-5.19,-33.87,-0.69,248.47,-84.61,-154.53
52.399822,-1.530552,156.26,4.99,3,307.03,20 / 21,1693329,2019-09-06 18:44:20:011,1.0743,-1.4818,9.753,0.0155,0.0045,9.8065,-0.0084,-0.4129,0.0841,-6.19,-34.37,-0.87,255.07,-84.54,-154.44
52.399822,-1.530552,156.26,4.99,3,307.03,20 / 21,1693429,2019-09-06 18:44:20:111,0.6926,-1.3205,9.2353,-0.0138,-0.0106,9.8066,-0.1155,-0.366,0.0095,-7.31,-33.44,-1.19,262.55,-84.68,-153.83
52.399822,-1.530552,156.26,4.99,3,307.03,20 / 21,1693529,2019-09-06 18:44:20:211,0.2897,-1.8233,10.0612,-0.0081,-0.0227,9.8066,-0.0463,-0.4114,0.0302,-7.56,-33,-0.69,269.37,-84.76,-151.45
52.399822,-1.530552,156.26,4.99,3,307.03,20 / 21,1693628,2019-09-06 18:44:20:310,0.9333,-1.6714,10.1217,-0.027,-0.025,9.8065,-0.0013,-0.3719,0.0695,-8.06,-33.25,-1.37,275.06,-85.13,-147.45
52.399822,-1.530552,156.26,4.99,3,307.03,20 / 21,1693729,2019-09-06 18:44:20:411,1.5171,-1.8497,10.567,-0.0492,-0.0083,9.8064,0.0187,-0.2519,-0.0046,-8.69,-32,-1.37,282.09,-85.54,-145.91
52.399822,-1.530552,156.26,4.99,3,307.03,20 / 21,1693829,2019-09-06 18:44:20:511,0.0092,-1.0434,9.7946,0.0341,0.0136,9.8065,0.04,-0.3432,0.0634,-9.19,-32,-1.06,283.04,-85.48,-144.78
52.399822,-1.530552,156.26,4.99,3,307.03,20 / 21,1693928,2019-09-06 18:44:20:610,1.557,-1.9028,9.903,0.0461,0.0001,9.8065,0.0818,-0.2813,0.0873,-9.94,-31.37,-1.81,277.23,-85.06,-146.33
52.399822,-1.530552,156.26,4.99,3,307.03,20 / 21,1694029,2019-09-06 18:44:20:711,0.8364,-0.5051,9.5961,0.005,0.0066,9.8066,0.0773,-0.1943,0.0098,-10.56,-31.12,-1.75,277.83,-84.66,-146.96
52.399822,-1.530552,156.26,4.99,3,307.03,20 / 21,1694129,2019-09-06 18:44:20:811,1.1094,-0.2887,9.8845,0.001,-0.0052,9.8066,0.0372,-0.2038,0.0327,-10.31,-31.12,-1.25,279.92,-84.54,-147.46
52.399822,-1.530552,156.26,4.99,3,307.03,20 / 21,1694229,2019-09-06 18:44:20:911,0.8955,0.1745,9.7755,-0.0005,-0.0101,9.8066,-0.0097,-0.1875,0.0289,-11.06,-31.69,-2.12,276.55,-84.47,-147.15
52.399822,-1.530552,156.26,4.99,3,307.03,20 / 21,1694329,2019-09-06 18:44:21:011,0.6238,-0.3369,10.1253,-0.0064,-0.0236,9.8066,-0.004,-0.1591,0.0251,-12.12,-30.75,-1.56,281.96,-84.5,-144.64
52.399822,-1.530552,156.26,4.99,3,307.03,20 / 21,1694428,2019-09-06 18:44:21:110,0.9434,0.5275,10.5133,0.0069,0.0004,9.8066,-0.0062,-0.087,0.0406,-12.31,-31.69,-2.31,282.73,-84.48,-143.4
52.399822,-1.530552,156.26,4.99,3,307.03,20 / 21,1694528,2019-09-06 18:44:21:210,0.701,1.7088,9.9745,0.009,0.019,9.8066,-0.0032,-0.095,-0.0465,-12.81,-31.19,-2.31,283.05,-84.39,-145.11
52.399822,-1.530552,156.26,4.99,3,307.03,20 / 21,1694629,2019-09-06 18:44:21:311,0.8256,0.3322,10.0039,0.0395,0.0075,9.8065,0.0769,-0.0726,-0.0092,-12.31,-31.19,-1.12,281.68,-84.07,-148.31
52.399822,-1.530552,156.26,4.99,3,307.03,20 / 21,1694728,2019-09-06 18:44:21:410,1.9469,0.8267,10.3501,0.0261,0.0038,9.8066,0.0394,-0.0419,0.0428,-12.87,-31.37,-2.12,277.73,-83.78,-148.72
52.399822,-1.530552,156.26,4.99,3,307.03,20 / 21,1694829,2019-09-06 18:44:21:511,0.3431,0.0643,10.0404,0.029,-0.0019,9.8066,-0.0249,-0.0278,0.0327,-13.19,-30.62,-1.69,276.39,-83.33,-148.92
52.399822,-1.530552,156.26,4.99,3,307.03,20 / 21,1694929,2019-09-06 18:44:21:611,1.0839,0.4002,10.165,0.0163,-0.0057,9.8066,-0.0025,0.0003,0.0493,-12.87,-31.25,-1.12,280.9,-83.18,-148.41
52.399822,-1.530552,156.26,4.99,3,307.03,20 / 21,1695028,2019-09-06 18:44:21:710,1.9666,1.16,9.5352,-0.0123,-0.0116,9.8066,-0.0276,-0.0255,0.0337,-13.19,-31.06,-1.87,277.34,-83.02,-147.23
52.399822,-1.530552,156.26,4.99,3,307.03,20 / 21,1695128,2019-09-06 18:44:21:810,1.048,0.6796,10.0057,-0.002,0.0041,9.8066,-0.0943,0.017,-0.0913,-13.44,-31,-1.87,278.12,-83.12,-146.73
52.399822,-1.530552,156.26,4.99,3,307.03,20 / 21,1695228,2019-09-06 18:44:21:910,0.9323,1.4378,9.653,-0.0027,0.0106,9.8066,-0.0263,0.0102,0.0318,-12.69,-30.87,-2.69,272.91,-83.2,-148.01
52.399822,-1.530552,156.26,4.99,3,307.03,20 / 21,1695328,2019-09-06 18:44:22:010,0.4109,0.8335,9.3559,0.0096,0.0139,9.8066,-0.0445,-0.0391,-0.012,-13.12,-29.94,-2.62,272.63,-83.19,-148.8
52.399822,-1.530552,156.26,4.99,3,307.03,20 / 21,1695429,2019-09-06 18:44:22:111,1.4757,1.1113,10.8593,0.0017,-0.0057,9.8066,-0.0255,0.029,-0.0664,-13.75,-30.5,-2.5,277.77,-83.06,-149.21
52.399822,-1.530552,156.26,4.99,3,307.03,20 / 21,1695529,2019-09-06 18:44:22:211,0.1993,0.5713,10.6372,-0.011,-0.0029,9.8066,0.1428,0.0482,-0.0015,-13.12,-30.06,-2.19,274.66,-82.89,-150.08
52.399822,-1.530552,156.26,4.99,3,307.03,20 / 21,1695628,2019-09-06 18:44:22:310,1.7883,0.9679,10.3414,0.0575,0.0259,9.8064,0.2012,-0.0231,0.0182,-13.75,-30.44,-1.31,278.85,-82.67,-151.24
52.399822,-1.530552,156.26,4.99,3,307.03,20 / 21,1695729,2019-09-06 18:44:22:411,0.346,-0.201,9.6171,0.0322,0.0226,9.8065,0.0236,-0.0664,0.0238,-13.31,-30.44,-2.19,269.69,-82.29,-153.59
52.399822,-1.530552,156.26,4.99,3,307.03,20 / 21,1695828,2019-09-06 18:44:22:510,1.1335,1.5163,9.8162,-0.0006,-0.0005,9.8066,0.0193,0.0321,-0.0372,-13.06,-30.5,-2.44,269.72,-82.32,-153.63
52.399822,-1.530552,156.26,4.99,3,307.03,20 / 21,1695928,2019-09-06 18:44:22:610,-0.2445,0.1157,9.4854,-0.0113,-0.005,9.8066,0.0226,0.0309,-0.0064,-13.44,-32.25,-3.56,261.95,-82.45,-153.04
52.399822,-1.530552,156.26,4.99,3,307.03,20 / 21,1696029,2019-09-06 18:44:22:711,1.3346,0.8738,10.3015,-0.0046,0.0063,9.8066,0.0271,-0.0451,-0.015,-12.56,-32.69,-3.37,265.11,-82.59,-153.26
52.399822,-1.530552,156.26,4.99,3,307.03,20 / 21,1696128,2019-09-06 18:44:22:810,-1.1131,-0.4662,9.2133,-0.0027,0.0116,9.8066,-0.0527,0.0084,-0.0626,-12.62,-33.31,-4.56,257.37,-82.61,-154.25
52.399822,-1.530552,156.26,4.99,3,307.03,20 / 21,1696228,2019-09-06 18:44:22:910,0.6779,0.532,9.657,0.0091,0.0103,9.8065,0.0559,0.0413,-0.0144,-13.12,-34,-2.62,262.87,-82.71,-155.33
52.399822,-1.530552,156.26,4.99,3,307.03,20 / 21,1696329,2019-09-06 18:44:23:011,-0.3435,1.0583,9.0351,-0.0055,0.0078,9.8066,-0.1159,0.0306,0.0085,-13.12,-34.62,-3.19,261.89,-82.83,-156.12
52.399822,-1.530552,156.26,4.99,3,307.03,20 / 21,1696429,2019-09-06 18:44:23:111,0.2557,1.1034,10.0963,0.0152,-0.0031,9.8066,-0.0997,0.0879,-0.0068,-13.37,-34.06,-2.12,268.66,-83.04,-154.22
52.399822,-1.530552,156.26,4.99,3,307.03,20 / 21,1696528,2019-09-06 18:44:23:210,-2.2494,-0.6363,10.6931,-0.0153,0.0005,9.8066,-0.0614,0.0486,0.0236,-12.87,-33.19,-2.69,266.97,-83.32,-153.24
52.399822,-1.530552,156.26,4.99,3,307.03,20 / 21,1696628,2019-09-06 18:44:23:310,-1.2118,0.4111,9.9777,0.0348,0.023,9.8065,-0.1061,-0.017,-0.0072,-12.37,-32.44,-1,271.89,-83.19,-154.83
52.399822,-1.530552,156.26,4.99,3,307.03,20 / 21,1696729,2019-09-06 18:44:23:411,-1.7258,-1.6133,9.7985,-0.003,0.0129,9.8066,0.0795,-0.0437,0.0609,-11.87,-32.31,-1.12,269.75,-82.91,-156.18
52.399822,-1.530552,156.26,4.99,3,307.03,20 / 21,1696829,2019-09-06 18:44:23:511,0.1492,-0.0664,9.8379,0.0113,-0.0002,9.8066,0.0299,0.035,-0.0555,-12.37,-31.69,-0.81,268.1,-82.63,-157.07
52.399822,-1.530552,156.26,4.99,3,307.03,20 / 21,1696928,2019-09-06 18:44:23:610,-0.0983,0.362,9.8065,0.0206,0.0175,9.8066,-0.0863,-0.0101,0.0748,-12.12,-31.94,-1.12,266.12,-82.46,-158.62
52.399822,-1.530552,156.26,4.99,3,307.03,20 / 21,1697028,2019-09-06 18:44:23:710,-1.1992,0.704,10.0074,0.0123,0.0054,9.8066,-0.0991,0.0314,-0.0728,-11.5,-31.37,-0.69,265.18,-82.56,-158.25
52.399822,-1.530552,156.26,4.99,3,307.03,20 / 21,1697128,2019-09-06 18:44:23:810,-0.0371,-1.357,10.472,-0.0193,0.0039,9.8066,0.0744,-0.0488,0.0674,-11.06,-31.94,-1.19,265.18,-82.65,-157.81
52.399822,-1.530552,156.26,4.99,3,307.03,20 / 21,1697228,2019-09-06 18:44:23:910,-0.952,-0.4668,10.2414,-0.0289,-0.0107,9.8066,0.0848,0.1073,-0.0334,-11.37,-31.12,-1.62,261.53,-82.88,-158.21
52.399822,-1.530552,156.26,4.99,3,307.03,20 / 21,1697329,2019-09-06 18:44:24:011,0.2938,1.2565,9.6107,0.0415,0.019,9.8065,-0.0746,0.0428,-0.0767,-10.19,-32.12,-1.56,255.91,-82.73,-160.06
52.399822,-1.530552,156.26,4.99,3,307.03,20 / 21,1697428,2019-09-06 18:44:24:110,-1.8922,-1.2077,10.4589,-0.0216,0.0284,9.8065,-0.3467,-0.0586,0.0429,-10.62,-31.44,-2,258.58,-82.84,-161.26
52.399822,-1.530552,156.26,4.99,3,307.03,20 / 21,1697529,2019-09-06 18:44:24:211,-0.0412,0.1535,9.4475,-0.1168,-0.0714,9.8056,0.3641,0.1007,-0.0577,-10.31,-32.62,-1.62,257.99,-83.41,-159.34
52.399822,-1.530552,156.26,4.99,3,307.03,20 / 21,1697629,2019-09-06 18:44:24:311,-1.8032,-1.1073,9.7978,-0.1027,-0.0775,9.8057,0.1226,0.025,-0.0302,-10.19,-31.69,-2.37,259.57,-83.58,-158.88
52.399822,-1.530552,156.26,4.99,3,307.03,20 / 21,1697728,2019-09-06 18:44:24:410,1.2605,-1.4558,11.4697,0.0151,0.0031,9.8066,0.1792,-0.0976,0.037,-10.81,-31.19,-2.06,262.59,-83.52,-158.96
52.399822,-1.530552,156.26,4.99,3,307.03,20 / 21,1697829,2019-09-06 18:44:24:511,0.2716,0.6151,10.0074,-0.0148,-0.0159,9.8066,0.1314,0.026,-0.0509,-9.94,-31.87,-2.44,258.35,-83.33,-159.35
52.399822,-1.530552,156.26,4.99,3,307.03,20 / 21,1697929,2019-09-06 18:44:24:611,-0.2614,1.5186,9.5178,0.0198,0.0086,9.8066,0.0029,0.1092,0.0541,-10.5,-32.12,-1.94,256.3,-83.05,-160.69
52.399822,-1.530552,156.26,4.99,3,307.03,20 / 21,1698030,2019-09-06 18:44:24:712,-1.3405,-1.116,9.709,0.018,0.003,9.8066,-0.0921,0.0654,-0.0616,-9.94,-32.44,-2.19,256.57,-82.93,-160
52.399822,-1.530552,156.26,4.99,3,307.03,20 / 21,1698128,2019-09-06 18:44:24:810,-0.4825,0.627,9.6494,0.0146,0.01,9.8066,-0.1266,0.0343,-0.0269,-10.19,-32.56,-2.06,256.83,-82.87,-158.76
52.399822,-1.530552,156.26,4.99,3,307.03,20 / 21,1698228,2019-09-06 18:44:24:910,0.5168,0.9864,9.9186,0.0335,0.015,9.8065,-0.0401,0.063,0.0324,-10.75,-32.31,-2.25,260.62,-82.82,-158.33
52.399822,-1.530552,156.26,4.99,3,307.03,20 / 21,1698329,2019-09-06 18:44:25:011,-1.0659,-0.3442,9.7509,-0.0189,-0.0255,9.8066,0.0556,0.0587,0.0569,-10.25,-32.37,-1.94,257.89,-82.79,-158.08
52.399822,-1.530552,156.26,4.99,3,307.03,20 / 21,1698429,2019-09-06 18:44:25:111,-0.031,0.8962,9.4094,-0.0313,-0.0385,9.8065,-0.0273,0.0803,-0.0376,-10.31,-32.44,-2.06,260.04,-82.89,-156.05
52.399822,-1.530552,156.26,4.99,3,307.03,20 / 21,1698528,2019-09-06 18:44:25:210,-0.0512,0.799,10.3039,0.0154,0.0028,9.8066,-0.0445,0.0334,-0.0035,-10.44,-32.06,-1.94,260.14,-82.7,-155.3
52.399822,-1.530552,156.26,4.99,3,307.03,20 / 21,1698628,2019-09-06 18:44:25:310,-0.9696,-0.0587,10.3543,0.0138,0.0029,9.8066,0.0351,0.0566,0.0222,-10.25,-32.69,-2.19,260.55,-82.76,-154.29
52.399822,-1.530552,156.26,4.99,3,307.03,20 / 21,1698729,2019-09-06 18:44:25:411,-0.8987,0.5247,10.2611,0.0083,-0.0004,9.8066,0.0781,0.0633,0.0028,-9.81,-32.19,-1.75,261.61,-82.79,-154.02
52.399822,-1.530552,156.26,4.99,3,307.03,20 / 21,1698828,2019-09-06 18:44:25:510,-1.0249,0.0397,9.7697,0.0119,0.0107,9.8066,-0.0418,-0.0044,-0.0278,-10.5,-32.81,-1.62,260.49,-82.69,-154.13
52.399822,-1.530552,156.26,4.99,3,307.03,20 / 21,1698929,2019-09-06 18:44:25:611,-0.6844,0.4153,9.8334,0.0055,0.0137,9.8066,-0.1078,0.0103,-0.0324,-10.19,-32.5,-1.5,266.05,-82.71,-154.28
52.399822,-1.530552,156.26,4.99,3,307.03,20 / 21,1699028,2019-09-06 18:44:25:710,-1.6826,0.6189,10.385,0.0175,0.0118,9.8066,-0.1045,0.0433,0.0639,-10.87,-31.75,-1.12,267.93,-82.75,-155.27
52.399822,-1.530552,156.26,4.99,3,307.03,20 / 21,1699129,2019-09-06 18:44:25:811,-0.9737,-0.4519,9.6927,-0.0212,0.0045,9.8066,0.1086,0.0287,-0.0104,-11.06,-30.62,-1.5,268.64,-82.9,-155.72
52.399822,-1.530552,156.26,4.99,3,307.03,20 / 21,1699228,2019-09-06 18:44:25:910,0.5154,2.593,9.3299,-0.0003,0.0018,9.8066,0.1255,0.168,-0.096,-11.31,-30.31,-1.06,268.59,-82.88,-156.4
52.399822,-1.530552,156.26,4.99,3,307.03,20 / 21,1699328,2019-09-06 18:44:26:010,-0.628,-1.6221,10.2138,0.0005,-0.01,9.8066,-0.057,0.1157,-0.1066,-11.19,-30.25,-2.37,262.43,-82.85,-157.83
52.399822,-1.530552,156.26,4.99,3,307.03,20 / 21,1699428,2019-09-06 18:44:26:110,-1.6746,-0.0978,10.4924,-0.0032,0.0014,9.8066,0.0779,0.1046,0.0037,-10.37,-30.25,-2.25,259.13,-82.77,-158.15
52.399822,-1.530552,156.26,4.99,3,307.03,20 / 21,1699529,2019-09-06 18:44:26:211,0.0961,0.1537,9.8271,-0.0086,0.0118,9.8066,-0.026,0.1288,-0.0387,-9.56,-30.69,-2.56,253.13,-82.68,-158.92
52.399822,-1.530552,156.26,4.99,3,307.03,20 / 21,1699628,2019-09-06 18:44:26:310,-0.7944,1.259,9.3875,0.0002,0.0062,9.8066,-0.028,0.1247,-0.0867,-9.31,-31.12,-2.44,253.22,-82.58,-159.63
52.399822,-1.530552,156.26,4.99,3,307.03,20 / 21,1699729,2019-09-06 18:44:26:411,-0.1868,0.4589,9.7028,0.0068,-0.0031,9.8066,-0.0914,0.0724,0.0293,-9.62,-31.31,-3.06,251.95,-82.54,-159.82
52.399822,-1.530552,156.26,4.99,3,307.03,20 / 21,1699828,2019-09-06 18:44:26:510,-0.5438,-0.0829,10.1469,-0.0199,0.0019,9.8065,-0.0747,0.0377,-0.0168,-9.06,-32.19,-3.37,248.07,-82.71,-160.07
52.399822,-1.530552,156.26,4.99,3,307.03,20 / 21,1699929,2019-09-06 18:44:26:611,-3.2742,-1.3531,10.3728,-0.0131,-0.0169,9.8066,-0.1423,0.0957,-0.0435,-8.94,-33,-2.5,251.45,-82.82,-160.86
52.399822,-1.530552,156.26,4.99,3,307.03,20 / 21,1700029,2019-09-06 18:44:26:711,0.7444,0.6776,10.1633,-0.039,-0.0415,9.8064,0.2439,0.016,0.0412,-9.62,-31.81,-2.37,256.69,-83.01,-160.12
52.399822,-1.530552,156.26,4.99,3,307.03,20 / 21,1700128,2019-09-06 18:44:26:810,0.0106,1.2239,9.7204,0.0425,0.0279,9.8065,0.1662,0.1082,-0.0753,-9.25,-32.56,-1.5,255.13,-82.74,-162
52.399822,-1.530552,156.26,4.99,3,307.03,20 / 21,1700229,2019-09-06 18:44:26:911,-1.4715,0.2056,10.2242,0.0307,0.0125,9.8065,-0.0812,0.1382,-0.0357,-9.81,-32.75,-1.87,253.51,-82.61,-161.59
52.399822,-1.530552,156.26,4.99,3,307.03,20 / 21,1700329,2019-09-06 18:44:27:011,-1.2417,0.6896,10.113,0.0066,0.0056,9.8066,-0.0446,0.0543,-0.0439,-9.37,-31.81,-0.5,261.35,-82.69,-161.91
52.400387,-1.530712,156.16,7.81,3,346.19,20 / 21,1700428,2019-09-06 18:44:27:110,-1.9846,-0.198,10.0743,0.0102,0.0015,9.8066,0.0209,0.1432,-0.0542,-8.5,-32.5,-0.25,258.52,-82.75,-161.66
52.400387,-1.530712,156.16,7.81,3,346.19,20 / 21,1700529,2019-09-06 18:44:27:211,-1.1992,-0.8966,9.3006,-0.0036,0.0181,9.8065,0.0383,0.2245,-0.0626,-7.94,-32.31,-0.56,252.13,-82.75,-162.17
52.400387,-1.530712,156.16,7.81,3,346.19,20 / 21,1700628,2019-09-06 18:44:27:310,-2.0067,1.363,10.1712,-0.0171,-0.0072,9.8066,0.1326,0.0426,0.0233,-8.44,-32.06,-1.5,252.43,-82.77,-161.9
52.400387,-1.530712,156.16,7.81,3,346.19,20 / 21,1700729,2019-09-06 18:44:27:411,-1.8738,0.8983,9.6861,-0.0077,0.0076,9.8066,0.0646,0.033,-0.0052,-9.19,-32.12,-1.94,250.07,-82.62,-162.57
52.400387,-1.530712,156.16,7.81,3,346.19,20 / 21,1700829,2019-09-06 18:44:27:511,-0.3504,1.1482,9.848,-0.0088,-0.009,9.8066,0.0816,0.0313,0.0392,-9.06,-32,-1.25,254.65,-82.58,-162.8
52.400387,-1.530712,156.16,7.81,3,346.19,20 / 21,1700929,2019-09-06 18:44:27:611,-0.9547,1.6845,10.1105,0.0021,-0.0033,9.8066,-0.0138,0.1477,-0.0558,-10.25,-32.06,-0.12,263.5,-82.57,-162.06
52.400387,-1.530712,156.16,7.81,3,346.19,20 / 21,1701030,2019-09-06 18:44:27:712,-1.1881,0.5323,9.57,-0.0024,-0.0039,9.8066,0.009,0.0463,0.0559,-10.19,-31.56,1.5,275.66,-82.58,-161.6
52.400387,-1.530712,156.16,7.81,3,346.19,20 / 21,1701129,2019-09-06 18:44:27:811,-0.6918,1.1082,9.9268,0.0132,-0.0057,9.8066,-0.0462,0.1081,0.0176,-9.62,-31.56,3.88,289.4,-82.54,-160.74
52.400387,-1.530712,156.16,7.81,3,346.19,20 / 21,1701229,2019-09-06 18:44:27:911,0.1404,1.4231,9.4205,-0.0036,-0.0022,9.8066,0.0382,0.1014,-0.0463,-6.06,-29.62,5.81,316.36,-82.63,-160.1
52.400387,-1.530712,156.16,7.81,3,346.19,20 / 21,1701329,2019-09-06 18:44:28:011,1.1737,0.0455,9.9784,0.0008,-0.0013,9.8066,0.0054,0.1178,-0.0146,-2.44,-29.56,7.13,9.31,-82.56,-159.78
52.400387,-1.530712,156.16,7.81,3,346.19,20 / 21,1701429,2019-09-06 18:44:28:111,0.7936,-0.8317,10.1956,0.0014,0.0052,9.8066,0.0862,0.1449,0.0134,2.19,-28.69,5.13,86.1,-82.59,-160.05
52.400387,-1.530712,156.16,7.81,3,346.19,20 / 21,1701529,2019-09-06 18:44:28:211,-0.4871,-2.0244,9.948,0.01,-0.0046,9.8066,0.0205,0.1108,-0.0137,4.75,-29.5,-0.12,139.09,-82.6,-160.06
52.400387,-1.530712,156.16,7.81,3,346.19,20 / 21,1701629,2019-09-06 18:44:28:311,-0.6017,-0.0517,10.1612,-0.0133,0.0112,9.8066,-0.0223,0.0038,-0.0289,3.06,-30.19,-3,166.93,-82.43,-160.13
52.400387,-1.530712,156.16,7.81,3,346.19,20 / 21,1701728,2019-09-06 18:44:28:410,-1.3694,-1.1751,9.4581,-0.0154,0.0061,9.8066,-0.103,0.0957,-0.0306,1.06,-30.44,-3,180.26,-82.36,-160.99
52.400387,-1.530712,156.16,7.81,3,346.19,20 / 21,1701829,2019-09-06 18:44:28:511,-0.524,-1.1278,9.6524,0.01,-0.0357,9.8066,0.1263,0.1109,-0.0093,-1.56,-30.81,-2.87,205.05,-82.49,-160.36
52.400387,-1.530712,156.16,7.81,3,346.19,20 / 21,1701928,2019-09-06 18:44:28:610,-0.6147,1.2156,9.9073,-0.0093,-0.0576,9.8065,0.1205,0.1311,-0.0353,-3,-30.12,-2.5,216.4,-82.53,-160.06
52.400387,-1.530712,156.16,7.81,3,346.19,20 / 21,1702029,2019-09-06 18:44:28:711,-1.2221,0.4961,10.3272,0.0052,0.0412,9.8065,-0.0822,0.0797,0.0193,-2.75,-31.37,-1.69,215.68,-82.54,-160.1
52.400387,-1.530712,156.16,7.81,3,346.19,20 / 21,1702128,2019-09-06 18:44:28:810,-1.6975,1.0857,9.8687,0.0044,0.0597,9.8064,-0.108,0.0956,-0.0715,-3.5,-31.37,-2.06,214.75,-82.39,-161.15
52.400387,-1.530712,156.16,7.81,3,346.19,20 / 21,1702229,2019-09-06 18:44:28:911,-0.6938,-0.2539,9.848,0.0043,-0.0295,9.8065,0.0017,0.11,0.0657,-3.31,-32,-1.44,218.18,-82.64,-160.13
52.400387,-1.530712,156.16,7.81,3,346.19,20 / 21,1702329,2019-09-06 18:44:29:011,-0.4864,1.65,9.5508,0.0027,-0.0102,9.8065,-0.0575,0.0921,-0.0807,-3.87,-32.37,-1.94,223.57,-82.52,-160.01
52.400387,-1.530712,156.16,7.81,3,346.19,19 / 21,1702429,2019-09-06 18:44:29:111,-0.8996,0.0751,10.5282,-0.0189,-0.0189,9.8065,0.1046,0.1123,0.042,-3.56,-32.12,-1.06,227.35,-82.51,-160.49
52.400387,-1.530712,156.16,7.81,3,346.19,19 / 21,1702529,2019-09-06 18:44:29:211,0.0937,1.0208,10.069,-0.016,-0.0296,9.8065,-0.0718,0.0662,-0.0979,-3.87,-32.94,-0.69,226.55,-82.59,-160.8
52.400387,-1.530712,156.16,7.81,3,346.19,19 / 21,1702629,2019-09-06 18:44:29:311,-0.9818,0.0837,9.8024,0.0089,0.0384,9.8065,-0.0404,0.0843,-0.0072,-4.06,-32.19,-0.81,227.18,-82.47,-160.5
52.400387,-1.530712,156.16,7.81,3,346.19,19 / 21,1702729,2019-09-06 18:44:29:411,-1.7171,-3.0077,9.724,0.0181,0.0286,9.8066,-0.0714,0.0152,0.0272,-4.19,-33,-0.44,230.25,-82.31,-161.41
52.400387,-1.530712,156.16,7.81,3,346.19,19 / 21,1702828,2019-09-06 18:44:29:510,-0.4515,-0.903,10.7674,-0.0372,-0.0313,9.8065,0.2982,0.1009,-0.0492,-3.87,-32.56,-0.69,226.39,-82.63,-161.47
52.400387,-1.530712,156.16,7.81,3,346.19,19 / 21,1702928,2019-09-06 18:44:29:610,0.1393,1.2175,10.22,-0.0163,-0.0358,9.8065,0.1583,0.0377,0.0167,-4.06,-33.19,-1,226.59,-82.77,-162.35
52.400387,-1.530712,156.16,7.81,3,346.19,19 / 21,1703029,2019-09-06 18:44:29:711,-0.8942,1.3575,9.572,0.0163,0.0349,9.8066,-0.0071,0.0658,-0.0679,-4.87,-32.81,-0.75,233.66,-82.61,-162.88
52.400387,-1.530712,156.16,7.81,3,346.19,19 / 21,1703128,2019-09-06 18:44:29:810,2.4182,0.5874,10.7052,-0.0101,0.0033,9.8066,0.11,-0.1431,0.1273,-4.37,-33.19,-0.12,231.68,-82.73,-163.18
52.400387,-1.530712,156.16,7.81,3,346.19,19 / 21,1703228,2019-09-06 18:44:29:910,-1.2427,-0.106,9.8046,-0.0077,0.0153,9.8065,-0.0309,0.0753,0.0166,-5.12,-32.81,-0.25,239.22,-82.58,-163.51
52.400387,-1.530712,156.16,7.81,3,346.19,19 / 21,1703328,2019-09-06 18:44:30:010,0.5026,-0.0789,9.9921,0.0015,-0.0078,9.8066,0.0464,-0.0043,0.0541,-5.19,-32.25,0.13,240.42,-82.64,-163.98
52.400387,-1.530712,156.16,7.81,3,346.19,19 / 21,1703428,2019-09-06 18:44:30:110,0.0727,-0.4097,10.4738,-0.0134,0.01,9.8065,0.0868,0.0902,-0.1174,-6.31,-32.12,0.25,246.93,-82.73,-164.54
52.400387,-1.530712,156.16,7.81,3,346.19,19 / 21,1703529,2019-09-06 18:44:30:211,-0.5382,0.8482,9.8013,-0.0267,0.0047,9.8065,0.1896,0.0235,0.0047,-5.81,-31.5,1.88,264.33,-82.87,-166.57
52.400387,-1.530712,156.16,7.81,3,346.19,19 / 21,1703628,2019-09-06 18:44:30:310,0.4773,0.2175,9.9566,0.0335,0.0283,9.8065,-0.0976,0.0129,0.0125,-4.31,-31,2,250.25,-82.54,-167.82
52.400387,-1.530712,156.16,7.81,3,346.19,19 / 21,1703728,2019-09-06 18:44:30:410,0.1927,1.0937,9.4718,0.0335,0.0273,9.8065,-0.087,0.1001,-0.0241,-4,-31.44,2.94,264.65,-82.57,-168.61
52.400387,-1.530712,156.16,7.81,3,346.19,19 / 21,1703829,2019-09-06 18:44:30:511,-0.7383,0.9922,9.9305,-0.0174,-0.0066,9.8066,0.0678,0.1046,-0.0741,-2.69,-32,2.56,255.09,-82.61,-169.14
52.400387,-1.530712,156.16,7.81,3,346.19,19 / 21,1703928,2019-09-06 18:44:30:610,-0.3034,0.3064,9.8959,-0.0269,-0.0005,9.8065,0.0684,0.0388,0.013,-2.5,-31.44,1.56,225.47,-82.77,-170.58
52.400387,-1.530712,156.16,7.81,3,346.19,19 / 21,1704028,2019-09-06 18:44:30:710,-0.9298,0.0961,10.0384,0.0073,0.0306,9.8065,-0.0428,0.047,-0.0207,-2.19,-31.31,1.69,223.68,-82.56,-171.2
52.400387,-1.530712,156.16,7.81,3,346.19,19 / 21,1704129,2019-09-06 18:44:30:811,-0.2675,0.8592,9.9503,0.0122,0.0233,9.8066,-0.0319,0.0669,-0.0268,-2.81,-31.31,1.63,238.64,-82.56,-172.26
52.400387,-1.530712,156.16,7.81,3,346.19,19 / 21,1704228,2019-09-06 18:44:30:910,-0.6638,0.3576,9.6692,0.0037,-0.0041,9.8066,0.0314,0.0753,0.0305,-1.81,-32.25,2.25,221.85,-82.57,-171.93
52.400387,-1.530712,156.16,7.81,3,346.19,19 / 21,1704329,2019-09-06 18:44:31:011,-0.0719,0.0769,9.8494,0.0016,-0.0032,9.8066,0.0463,0.0623,-0.001,-1.75,-31.69,1.81,221.95,-82.59,-171.58
52.400387,-1.530712,156.16,7.81,3,346.19,20 / 21,1704428,2019-09-06 18:44:31:110,-1.1347,0.6412,9.8307,-0.0065,-0.0082,9.8066,-0.037,0.0271,0.0378,-1.75,-31.37,1.44,214.09,-82.63,-172.1
52.400387,-1.530712,156.16,7.81,3,346.19,20 / 21,1704528,2019-09-06 18:44:31:210,-0.4364,0.1352,10.0061,0.0039,-0.0092,9.8066,0.0236,0.0767,-0.0797,-2.19,-31.25,0.63,214.76,-82.75,-171.6
52.400387,-1.530712,156.16,7.81,3,346.19,20 / 21,1704629,2019-09-06 18:44:31:311,-0.828,-0.1769,9.9648,0.0043,0.0072,9.8066,-0.0148,0.0584,0.0419,-2.81,-30.94,1.13,228.44,-82.79,-172.53
52.400387,-1.530712,156.16,7.81,3,346.19,20 / 21,1704729,2019-09-06 18:44:31:411,-1.2522,-0.2682,9.8874,0.0009,0.0016,9.8066,-0.0235,0.1051,-0.0299,-2.87,-31.37,1.38,228.4,-82.78,-172.57
52.400387,-1.530712,156.16,7.81,3,346.19,20 / 21,1704829,2019-09-06 18:44:31:511,0.5903,1.9597,9.7876,0.0159,0.0012,9.8066,0.0405,0.1366,0.0061,-1.81,-30.44,2.81,249.69,-82.73,-172.58
52.400387,-1.530712,156.16,7.81,3,346.19,20 / 21,1704929,2019-09-06 18:44:31:611,-1.1721,0.9045,10.7444,0.0359,-0.008,9.8065,0.012,-0.0212,0.0771,-1.5,-30.5,3.31,215.55,-82.69,-170.96
52.400387,-1.530712,156.16,7.81,3,346.19,20 / 21,1705028,2019-09-06 18:44:31:710,-0.1674,-0.0743,11.0267,0.0011,0.0323,9.8065,0.0466,0.1752,-0.0592,-1.5,-30.62,3.06,214.77,-82.85,-171.24
52.400387,-1.530712,156.16,7.81,3,346.19,20 / 21,1705129,2019-09-06 18:44:31:811,-0.6584,0.7463,9.0309,0.0085,0.035,9.8065,0.0095,0.0068,0.0002,-0.5,-30.5,2.63,157.56,-82.7,-173.23
52.400387,-1.530712,156.16,7.81,3,346.19,20 / 21,1705229,2019-09-06 18:44:31:911,-1.4201,0.3167,9.6413,0.0075,0.0157,9.8066,-0.1632,0.1426,0.0153,-0.94,-30.12,2.31,202.55,-82.59,-172.66
52.400387,-1.530712,156.16,7.81,3,346.19,20 / 21,1705328,2019-09-06 18:44:32:010,-0.2657,1.1382,10.6869,0.0368,0.0379,9.8065,-0.125,0.0858,0.0297,-0.56,-29.75,2.69,217.21,-82.63,-172.16
52.400387,-1.530712,156.16,7.81,3,346.19,20 / 21,1705428,2019-09-06 18:44:32:110,-1.066,-1.1818,9.6047,-0.0003,-0.0263,9.8066,0.0878,0.1458,-0.0937,0.19,-29.69,2.63,152.67,-82.84,-172.18
52.400387,-1.530712,156.16,7.81,3,346.19,20 / 21,1705529,2019-09-06 18:44:32:211,-2.021,0.1515,9.2775,-0.0068,-0.0056,9.8066,-0.0781,0.0384,-0.0001,0.06,-30.12,2.75,159.64,-82.63,-173.69
52.400387,-1.530712,156.16,7.81,3,346.19,20 / 21,1705629,2019-09-06 18:44:32:311,0.068,-0.9036,9.7395,0,0.0147,9.8066,-0.0847,0.0571,-0.0068,-0.19,-30.62,2.25,173.61,-82.49,-173.3
52.400387,-1.530712,156.16,7.81,3,346.19,20 / 21,1705729,2019-09-06 18:44:32:411,-1.0496,-0.1936,9.6258,0.001,-0.0141,9.8066,-0.0456,0.106,-0.0492,-0.37,-30,3.19,157.98,-82.54,-172.7
52.400387,-1.530712,156.16,7.81,3,346.19,20 / 21,1705830,2019-09-06 18:44:32:512,0.8773,-0.7718,10.8586,0.0018,0.0062,9.8065,0.1848,-0.0014,0.0531,0.13,-31.06,3.38,160.01,-82.66,-172.97
52.400387,-1.530712,156.16,7.81,3,346.19,20 / 21,1705928,2019-09-06 18:44:32:610,0.4323,-0.8711,9.4673,-0.0009,-0.0605,9.8064,0.0568,-0.031,0.0322,0.19,-31.69,2.88,163.67,-82.71,-173.84
52.400387,-1.530712,156.16,7.81,3,346.19,20 / 21,1706029,2019-09-06 18:44:32:711,0.0143,0.6099,10.8881,-0.0005,0.0005,9.8066,0.2025,0.191,-0.0763,0.81,-31.62,3.31,136,-82.38,-172.68
52.400387,-1.530712,156.16,7.81,3,346.19,20 / 21,1706129,2019-09-06 18:44:32:811,0.0462,0.952,10.6776,-0.0056,0.0001,9.8066,0.1071,0.0987,0.075,0.31,-32,3.19,165.51,-82.35,-173.54
52.400387,-1.530712,156.16,7.81,3,346.19,20 / 21,1706229,2019-09-06 18:44:32:911,-0.1522,0.4395,9.9385,0.0359,0.0084,9.8065,0.1555,0.0805,-0.0407,1.38,-31.5,3.75,103.04,-82.29,-173.18
52.400387,-1.530712,156.16,7.81,3,346.19,20 / 21,1706329,2019-09-06 18:44:33:011,-0.9579,-0.6272,10.0271,0.0556,-0.0142,9.8065,-0.1033,-0.0544,0.1147,1,-32.62,3.5,107.92,-82.53,-172.67
52.400387,-1.530712,156.16,7.81,3,346.19,20 / 21,1706429,2019-09-06 18:44:33:111,0.8832,-0.8001,9.3107,-0.045,0.0229,9.8065,-0.175,0.0573,-0.0315,1.44,-32.5,3.5,106.97,-82.34,-173.07
52.400387,-1.530712,156.16,7.81,3,346.19,20 / 21,1706529,2019-09-06 18:44:33:211,0.94,-0.6836,9.8193,-0.0364,0.0187,9.8065,-0.1127,0.0551,-0.087,0.88,-32.12,3.5,103.15,-82.52,-173.36
52.400387,-1.530712,156.16,7.81,3,346.19,20 / 21,1706629,2019-09-06 18:44:33:311,0.3857,-1.7754,10.7641,0.0262,-0.0061,9.8065,0,0.054,0.0988,1,-31.62,4.5,61.58,-82.82,-173.85
52.400387,-1.530712,156.16,7.81,3,346.19,20 / 21,1706729,2019-09-06 18:44:33:411,0.4062,-0.1967,9.1214,-0.0483,-0.0374,9.8064,-0.0645,0.1008,-0.0109,0.56,-31.19,4.5,63.58,-82.52,-173.44
52.400387,-1.530712,156.16,7.81,3,346.19,20 / 21,1706829,2019-09-06 18:44:33:511,-1.2014,-2.0877,9.2474,0.0219,0.0077,9.8066,0.0102,0.1005,-0.1327,1.44,-31.56,4.31,107.43,-82.31,-173.81
52.400387,-1.530712,156.16,7.81,3,346.19,20 / 21,1706928,2019-09-06 18:44:33:610,1.0846,-0.1139,9.1525,-0.0007,-0.0056,9.8066,-0.1523,-0.014,0.0459,0.56,-31.12,4.25,104.31,-82.22,-173.47
52.400387,-1.530712,156.16,7.81,3,346.19,20 / 21,1707029,2019-09-06 18:44:33:711,0.0698,-0.689,9.4307,0.0402,-0.014,9.8066,0.0534,0.0189,-0.0071,0.63,-30.75,3.94,95.67,-82.63,-173.61
52.400387,-1.530712,156.16,7.81,3,346.19,20 / 21,1707129,2019-09-06 18:44:33:811,0.5832,0.0548,9.2653,0.0426,0.0075,9.8065,0.1029,0.0017,-0.0126,0.81,-30,4.44,90.42,-82.66,-173.29
52.400387,-1.530712,156.16,7.81,3,346.19,20 / 21,1707229,2019-09-06 18:44:33:911,0.3671,-0.1167,9.7287,-0.0083,-0.0266,9.8066,-0.085,0.0048,0.0486,0.5,-29.94,4.81,63.43,-82.36,-172.87
52.400387,-1.530712,156.16,7.81,3,346.19,20 / 21,1707328,2019-09-06 18:44:34:010,1.0967,0.0169,9.7481,-0.0147,-0.0066,9.8066,-0.0594,0.0453,0.0028,0.75,-30,4.44,98.12,-82.31,-172.52
52.400387,-1.530712,156.16,7.81,3,346.19,20 / 21,1707429,2019-09-06 18:44:34:111,1.5383,0.3224,9.8214,0.0736,0.0175,9.8064,0.1318,-0.1298,0.0076,1,-30.5,4.94,59.3,-82.46,-174.13
52.400387,-1.530712,156.16,7.81,3,346.19,20 / 21,1707529,2019-09-06 18:44:34:211,0.3785,-0.833,9.8195,0.0428,0.0151,9.8065,0.0932,-0.0046,-0.0147,1.19,-31.12,5.25,68.29,-82.19,-173.93
52.400387,-1.530712,156.16,7.81,3,346.19,20 / 21,1707629,2019-09-06 18:44:34:311,0.6248,0.6739,9.6916,-0.0126,0.0105,9.8066,0.0644,0.0222,0.0115,0.94,-31.5,4.56,71.85,-81.99,-173.9
52.400387,-1.530712,156.16,7.81,3,346.19,20 / 21,1707729,2019-09-06 18:44:34:411,1.0954,-0.2813,10.1264,0.0279,-0.0152,9.8065,-0.1608,0.015,-0.0345,1.94,-30.44,4.19,99.23,-82.1,-173.98
52.400387,-1.530712,156.16,7.81,3,346.19,20 / 21,1707829,2019-09-06 18:44:34:511,0.5403,1.1138,9.9424,0.0035,-0.0069,9.8066,0.0905,-0.0046,0.0009,0.75,-30.31,3.56,102.3,-82.07,-173.7
52.400387,-1.530712,156.16,7.81,3,346.19,20 / 21,1707929,2019-09-06 18:44:34:611,0.9508,-0.6889,9.9169,0.0063,0.0016,9.8066,0.0443,0.006,-0.0421,0.88,-30.31,3.38,134.75,-82.08,-174.48
52.400387,-1.530712,156.16,7.81,3,346.19,20 / 21,1708029,2019-09-06 18:44:34:711,-0.4445,0.135,9.9165,-0.0113,-0.0006,9.8065,0.005,-0.003,0.0112,-0.62,-30.87,3.13,211.65,-82.08,-175.45
52.400387,-1.530712,156.16,7.81,3,346.19,20 / 21,1708128,2019-09-06 18:44:34:810,-1.6497,-0.5019,10.2888,0.0012,-0.01,9.8066,-0.0394,0.031,-0.0024,-1.75,-30.06,3.38,240.9,-82.15,-175.11
52.400387,-1.530712,156.16,7.81,3,346.19,20 / 21,1708228,2019-09-06 18:44:34:910,-0.5388,-0.6068,10.7178,0.0064,-0.0044,9.8066,0.0554,0.0109,-0.0062,-2.06,-30.25,4.63,304.88,-82.15,-174.13
52.400387,-1.530712,156.16,7.81,3,346.19,20 / 21,1708328,2019-09-06 18:44:35:010,0.1985,-0.299,9.5744,0.0098,-0.0137,9.8066,0.0015,0.0326,-0.0063,-1.69,-30.56,6,322.09,-81.99,-174.29
52.400387,-1.530712,156.16,7.81,3,346.19,20 / 21,1708428,2019-09-06 18:44:35:110,0.1631,0.2608,9.6404,0.0006,-0.0201,9.8066,0.065,-0.0119,-0.0067,0.13,-30.37,6.31,18.2,-81.7,-175.02
52.400387,-1.530712,156.16,7.81,3,346.19,20 / 21,1708529,2019-09-06 18:44:35:211,0.6711,0.9305,9.7875,0.0013,-0.0055,9.8066,-0.0423,-0.0545,0.031,0.13,-30.12,5,36.86,-81.6,-175.31
52.400387,-1.530712,156.16,7.81,3,346.19,20 / 21,1708628,2019-09-06 18:44:35:310,0.6016,0.7731,9.8551,0.0103,0.0219,9.8065,-0.0447,-0.0116,-0.0222,0.69,-30.37,4.88,70.32,-81.7,-175.02
52.400387,-1.530712,156.16,7.81,3,346.19,20 / 21,1708729,2019-09-06 18:44:35:411,0.2817,0.4955,9.6427,0.0218,0.0033,9.8065,0.0356,-0.0276,0.0513,0.69,-29.56,4.69,67.74,-81.81,-175.28
52.400387,-1.530712,156.16,7.81,3,346.19,20 / 21,1708828,2019-09-06 18:44:35:510,0.8095,0.2076,10.2584,0.0076,0.0026,9.8066,0.1069,-0.0227,0.0147,0.06,-29.56,4.06,137.51,-81.74,-175.17
52.400387,-1.530712,156.16,7.81,3,346.19,20 / 21,1708929,2019-09-06 18:44:35:611,0.7918,1.0592,9.9072,0.0108,0.0085,9.8066,0.1239,-0.0344,-0.0065,-0.31,-30.44,4.5,42.81,-81.64,-174.06
52.400387,-1.530712,156.16,7.81,3,346.19,20 / 21,1709028,2019-09-06 18:44:35:710,-0.3364,0.0135,9.4377,0.0116,0.0214,9.8065,-0.0227,-0.0584,0.0301,-0.44,-30,3.88,149.05,-81.39,-175.26
52.400387,-1.530712,156.16,7.81,3,346.19,20 / 21,1709128,2019-09-06 18:44:35:810,0.773,-0.0784,9.4438,0.0157,-0.0202,9.8066,-0.0243,-0.0689,0.0212,0.31,-30.5,3.88,151.07,-81.24,-175.01
52.400387,-1.530712,156.16,7.81,3,346.19,20 / 21,1709229,2019-09-06 18:44:35:911,1.0995,-0.3617,9.8223,0.0208,-0.0335,9.8065,-0.0638,-0.0749,-0.0201,0.31,-31,2.75,170.38,-81.54,-174.8
52.400387,-1.530712,156.16,7.81,3,346.19,20 / 21,1709328,2019-09-06 18:44:36:010,0.2254,-0.9213,9.5097,0.0026,-0.0047,9.8066,-0.0395,-0.0343,0.0446,0.5,-30.81,3.5,116.8,-81.59,-175.14
52.40093,-1.531317,156.76,7.54,3,314.9,20 / 21,1709429,2019-09-06 18:44:36:111,1.4153,2.0367,10.6838,-0.0145,0.0167,9.8065,-0.046,0.0146,-0.0684,0.25,-30.62,3.81,150.77,-81.61,-175.33
52.40093,-1.531317,156.76,7.54,3,314.9,20 / 21,1709529,2019-09-06 18:44:36:211,0.8629,-0.408,9.0757,-0.0159,-0.0121,9.8066,0.0301,-0.046,-0.0223,-2.12,-30.75,4.38,251.77,-81.37,-175.78
52.40093,-1.531317,156.76,7.54,3,314.9,20 / 21,1709629,2019-09-06 18:44:36:311,1.3041,-0.8621,9.4112,-0.0233,0.0106,9.8065,0.0253,-0.0809,-0.017,-1.87,-29.56,4.56,291.44,-81.49,-175.74
52.40093,-1.531317,156.76,7.54,3,314.9,20 / 21,1709729,2019-09-06 18:44:36:411,0.489,0.1436,9.9064,-0.0152,0.0204,9.8066,0.0143,0.0267,-0.0491,-2.06,-30.06,4.75,292.74,-81.72,-176.92
52.40093,-1.531317,156.76,7.54,3,314.9,20 / 21,1709828,2019-09-06 18:44:36:510,-0.8046,-0.467,9.9961,-0.0185,0.0182,9.8065,0.0653,-0.0559,0.0414,-1.5,-30.31,4.75,314.75,-82.04,-178.12
52.40093,-1.531317,156.76,7.54,3,314.9,20 / 21,1709929,2019-09-06 18:44:36:611,0.1572,1.5224,9.4058,0.0007,-0.0203,9.8065,-0.067,-0.0691,0.0591,-0.37,-30.19,4.56,9.67,-82.03,-178.46
52.40093,-1.531317,156.76,7.54,3,314.9,20 / 21,1710028,2019-09-06 18:44:36:710,0.1244,0.0777,9.2034,-0.0066,-0.0404,9.8065,-0.0915,-0.0236,-0.053,-0.12,-31.12,4.31,164.7,-81.9,-178.41
52.40093,-1.531317,156.76,7.54,3,314.9,20 / 21,1710129,2019-09-06 18:44:36:811,-1.0562,-0.3893,8.9289,0.0196,-0.0098,9.8065,-0.0372,-0.039,-0.0234,0.56,-31.5,4.06,114.4,-81.8,-179.22
52.40093,-1.531317,156.76,7.54,3,314.9,20 / 21,1710229,2019-09-06 18:44:36:911,0.4017,-1.0499,9.5466,-0.0033,-0.0037,9.8066,-0.0475,-0.008,0.0523,0,-31.94,3.81,176.83,-81.82,-179.53
52.40093,-1.531317,156.76,7.54,3,314.9,20 / 21,1710328,2019-09-06 18:44:37:010,1.9162,0.2226,10.3809,-0.0018,0.0187,9.8065,-0.0035,-0.1155,-0.0058,0.81,-32.06,3.75,118.84,-81.84,-178.47
52.40093,-1.531317,156.76,7.54,3,314.9,20 / 21,1710429,2019-09-06 18:44:37:111,-1.2344,0.786,10.6433,0.0183,-0.0213,9.8066,0.0911,-0.08,-0.0568,2.31,-32,5,78.03,-81.99,-178.76
52.40093,-1.531317,156.76,7.54,3,314.9,20 / 21,1710528,2019-09-06 18:44:37:210,-0.2655,-1.6385,10.5661,-0.0275,-0.0389,9.8065,-0.1856,-0.156,0.06,2.88,-30.94,8.06,35.07,-81.97,177.26
52.40093,-1.531317,156.76,7.54,3,314.9,20 / 21,1710629,2019-09-06 18:44:37:311,-0.1456,1.9257,9.5482,-0.0009,-0.0764,9.8063,-0.3104,-0.003,-0.005,-1.06,-29.37,7.88,339.29,-81.88,176.97
52.40093,-1.531317,156.76,7.54,3,314.9,20 / 21,1710728,2019-09-06 18:44:37:410,-2.8958,1.9758,10.3785,-0.0997,0.0208,9.8061,0.2328,0.17,-0.0853,-1.81,-30,6.13,304.06,-81.77,177.3
52.40093,-1.531317,156.76,7.54,3,314.9,20 / 21,1710829,2019-09-06 18:44:37:511,0.759,-0.0922,9.698,-0.0378,0.0195,9.8065,-0.0151,-0.1447,0.0364,-1.5,-29.94,3.69,253.29,-81.83,178.88
52.40093,-1.531317,156.76,7.54,3,314.9,20 / 21,1710929,2019-09-06 18:44:37:611,1.1487,0.4869,9.5775,-0.0023,0.005,9.8065,0.1122,-0.0167,0.0232,-0.06,-30.5,4.38,196.78,-81.58,178.11
52.40093,-1.531317,156.76,7.54,3,314.9,20 / 21,1711029,2019-09-06 18:44:37:711,0.451,-0.5173,9.6115,0.0305,0.0033,9.8066,0.1628,-0.0819,0.103,0.88,-30.69,4.13,118.19,-81.69,179.31
52.40093,-1.531317,156.76,7.54,3,314.9,20 / 21,1711129,2019-09-06 18:44:37:811,1.2203,-0.4467,10.0645,0.0126,0.0038,9.8066,-0.1162,-0.0802,0.0661,0.5,-29.62,4.25,104.2,-81.93,-179.01
52.40093,-1.531317,156.76,7.54,3,314.9,20 / 21,1711229,2019-09-06 18:44:37:911,-0.6376,-1.1859,9.7847,0.0177,0.0063,9.8066,-0.1456,-0.0496,-0.0068,1.38,-28.87,3.5,90.2,-82.21,-177.96
52.40093,-1.531317,156.76,7.54,3,314.9,20 / 21,1711328,2019-09-06 18:44:38:010,0.7679,1.9213,9.2087,-0.0516,0.0287,9.8064,-0.0909,-0.1869,0.1522,0.63,-28.94,3.44,129.25,-82.39,-177.83
52.40093,-1.531317,156.76,7.54,3,314.9,20 / 21,1711428,2019-09-06 18:44:38:110,0.8521,1.525,9.3167,-0.0671,-0.0049,9.8064,-0.0855,-0.1236,-0.0243,1.44,-28.94,2.94,134.23,-82.02,-177.43
52.40093,-1.531317,156.76,7.54,3,314.9,20 / 21,1711529,2019-09-06 18:44:38:211,1.1966,-3.056,10.0157,-0.0139,-0.0662,9.8063,0.1128,0.0126,-0.0188,0.25,-30.37,2.56,176.82,-82.36,-178.92
52.40093,-1.531317,156.76,7.54,3,314.9,20 / 21,1711629,2019-09-06 18:44:38:311,0.798,-0.3667,9.2568,0.0042,-0.0333,9.8066,0.0317,-0.0647,0.0358,0.38,-30.69,2.19,179.39,-82.34,-179.34
52.40093,-1.531317,156.76,7.54,3,314.9,20 / 21,1711728,2019-09-06 18:44:38:410,1.8053,-0.5724,9.5538,0.0061,-0.0083,9.8066,-0.0128,-0.1999,0.0582,-0.44,-31.69,2,178.09,-82.41,-177.86
52.40093,-1.531317,156.76,7.54,3,314.9,20 / 21,1711829,2019-09-06 18:44:38:511,1.2184,-1.2021,9.0911,0.0101,-0.0098,9.8066,-0.0554,-0.098,0.0661,-0.69,-31.56,2.5,214.86,-82.42,-176.83
52.40093,-1.531317,156.76,7.54,3,314.9,20 / 21,1711929,2019-09-06 18:44:38:611,0.4737,-1.8848,10.0678,0.0056,-0.0373,9.8065,0.0543,-0.1347,-0.0232,-0.62,-32.5,2.31,201.51,-82.47,-175.59
52.40093,-1.531317,156.76,7.54,3,314.9,20 / 21,1712028,2019-09-06 18:44:38:710,1.1223,-1.3674,10.27,-0.0213,-0.0393,9.8065,0.0456,-0.2111,0.0332,-1.44,-32.19,1.94,202.64,-82.76,-175
52.40093,-1.531317,156.76,7.54,3,314.9,20 / 21,1712129,2019-09-06 18:44:38:811,1.2265,-0.2586,9.9702,0.0098,0.0151,9.8065,-0.0498,-0.1771,0.0448,-1.19,-31.69,3.13,213.75,-82.62,-174.42
52.40093,-1.531317,156.76,7.54,3,314.9,20 / 21,1712229,2019-09-06 18:44:38:911,3.0641,-0.5996,9.6154,0.0256,0.0109,9.8066,-0.0439,-0.1837,0.0146,-1.44,-31.87,1.81,200.74,-82.61,-173.57
52.40093,-1.531317,156.76,7.54,3,314.9,20 / 21,1712328,2019-09-06 18:44:39:010,1.0539,-1.0453,9.6425,-0.0089,-0.0047,9.8066,-0.104,-0.2386,0.083,-1.44,-31.25,1.38,197.28,-82.69,-173.83
52.40093,-1.531317,156.76,7.54,3,314.9,20 / 21,1712429,2019-09-06 18:44:39:111,2.0514,-2.2603,9.4937,-0.0011,-0.0068,9.8066,-0.1252,-0.2675,-0.0282,-1.19,-31.44,0.81,197.75,-82.86,-173.64
52.40093,-1.531317,156.76,7.54,3,314.9,20 / 21,1712528,2019-09-06 18:44:39:210,0.5221,-1.4431,10.9255,-0.042,-0.0064,9.8065,0.0657,-0.2048,0.027,-1.44,-31.62,-0.12,194.82,-83.17,-178.39
52.40093,-1.531317,156.76,7.54,3,314.9,20 / 21,1712628,2019-09-06 18:44:39:310,2.5194,-2.5601,11.5715,0.0122,-0.0029,9.8066,0.0556,-0.3133,0.021,-2.44,-32.44,0,207.77,-83.07,-178.05
52.40093,-1.531317,156.76,7.54,3,314.9,20 / 21,1712728,2019-09-06 18:44:39:410,0.4742,-0.9299,8.6995,-0.0015,0.0293,9.8066,0.2162,-0.2789,0.0463,-3,-32.44,-1,211.12,-82.78,-179.43
52.40093,-1.531317,156.76,7.54,3,314.9,20 / 21,1712828,2019-09-06 18:44:39:510,1.048,0.1065,9.4033,-0.0158,0.0081,9.8066,0.1275,-0.2316,0.0242,-2.56,-33.94,-0.69,208.8,-82.54,179.42
52.40093,-1.531317,156.76,7.54,3,314.9,20 / 21,1712928,2019-09-06 18:44:39:610,2.1729,-0.3689,9.6174,-0.0327,-0.0241,9.8065,-0.0334,-0.4,0.045,-4.19,-33.75,-1.06,215.85,-82.6,178.26
52.40093,-1.531317,156.76,7.54,3,314.9,20 / 21,1713029,2019-09-06 18:44:39:711,-0.1217,-3.4436,10.303,-0.0301,-0.0351,9.8065,-0.1606,-0.2669,-0.023,-4.44,-33.56,-0.69,217.58,-83.27,177.65
52.40093,-1.531317,156.76,7.54,3,314.9,20 / 21,1713129,2019-09-06 18:44:39:811,0.2317,-2.0597,8.9283,-0.0161,-0.0054,9.8066,-0.1027,-0.1265,-0.0205,-5.12,-33.25,-1.06,225.04,-83.68,176.55
52.40093,-1.531317,156.76,7.54,3,314.9,20 / 21,1713229,2019-09-06 18:44:39:911,0.3505,-1.125,10.582,0.0109,-0.0013,9.8066,0.0628,-0.1709,0.038,-5.12,-33.31,-0.12,231.77,-83.82,175.7
52.40093,-1.531317,156.76,7.54,3,314.9,20 / 21,1713329,2019-09-06 18:44:40:011,0.1197,-0.9171,10.2732,0.0325,0.0135,9.8065,0.0608,-0.176,0.059,-5.94,-33.12,0.13,235.85,-83.55,176.58
52.40093,-1.531317,156.76,7.54,3,314.9,20 / 21,1713429,2019-09-06 18:44:40:111,0.0266,-1.6619,9.8098,0.028,0.0067,9.8066,-0.0486,-0.1194,-0.0262,-6.25,-32.62,0.31,236.58,-83.46,178.09
52.40093,-1.531317,156.76,7.54,3,314.9,20 / 21,1713528,2019-09-06 18:44:40:210,-0.5374,-3.2015,9.968,-0.0054,-0.0117,9.8066,0.0202,-0.2511,0.1142,-6.5,-32.37,0.75,245.28,-83.39,179.26
52.40093,-1.531317,156.76,7.54,3,314.9,20 / 21,1713628,2019-09-06 18:44:40:310,-0.1038,-2.5274,9.3419,-0.0074,-0.0216,9.8065,-0.097,-0.1913,-0.0127,-7.31,-31.62,-0.5,242.69,-83.33,-179.15
52.40093,-1.531317,156.76,7.54,3,314.9,20 / 21,1713728,2019-09-06 18:44:40:410,0.1545,-0.2424,9.8166,-0.0022,-0.0073,9.8066,0.1103,-0.2195,0.1836,-5.94,-32.12,0,239.62,-83.35,-178.15
52.40093,-1.531317,156.76,7.54,3,314.9,20 / 21,1713829,2019-09-06 18:44:40:511,1.0371,-1.3842,10.5209,-0.0216,-0.0317,9.8065,0.0363,-0.1237,-0.01,-6.81,-31.62,-0.25,245.41,-83.44,-176.22
52.40093,-1.531317,156.76,7.54,3,314.9,20 / 21,1713929,2019-09-06 18:44:40:611,0.6816,-1.0947,10.1266,0.0245,0.0108,9.8065,-0.0082,-0.2051,0.0536,-6.19,-30.87,-0.19,242.31,-83.37,-175.78
52.40093,-1.531317,156.76,7.54,3,314.9,20 / 21,1714029,2019-09-06 18:44:40:711,0.264,-1.2174,10.0144,0.0133,0.0025,9.8066,0.0282,-0.1761,0.0175,-6.5,-31.19,-0.31,243.1,-83.43,-175.05
52.40093,-1.531317,156.76,7.54,3,314.9,20 / 21,1714128,2019-09-06 18:44:40:810,3.2485,-0.2283,9.3004,0.0297,0.0161,9.8066,0.0748,-0.0943,0.096,-6.31,-30.81,-0.37,243.42,-83.47,-174.84
52.40093,-1.531317,156.76,7.54,3,314.9,20 / 21,1714228,2019-09-06 18:44:40:910,0.5838,-0.9507,9.7268,0.05,0.0196,9.8064,-0.0423,-0.1173,-0.0117,-5.81,-30,-0.81,236.9,-83.14,-174.1
52.40093,-1.531317,156.76,7.54,3,314.9,20 / 21,1714329,2019-09-06 18:44:41:011,0.0859,-0.7954,10.0129,-0.0164,-0.0146,9.8066,-0.0628,-0.2381,0.0661,-6.62,-30.44,-1.69,237.92,-83.41,-172.55
52.40093,-1.531317,156.76,7.54,3,314.9,20 / 21,1714428,2019-09-06 18:44:41:110,0.8981,-1.9079,10.7464,0.0067,-0.0032,9.8066,-0.0874,-0.1018,-0.0143,-7.06,-30.44,-2.56,233.64,-83.38,-171.81
52.40093,-1.531317,156.76,7.54,3,314.9,20 / 21,1714529,2019-09-06 18:44:41:211,1.2181,-0.9761,10.3092,-0.008,-0.0158,9.8066,0.138,-0.124,-0.0059,-7.56,-31.31,-3.25,237.13,-83.38,-171.83
52.40093,-1.531317,156.76,7.54,3,314.9,20 / 21,1714628,2019-09-06 18:44:41:310,0.7468,-1.6688,10.7158,0.0049,-0.0031,9.8066,0.107,-0.2156,0.0259,-8,-32.37,-3.75,231.91,-83.19,-172.11
52.40093,-1.531317,156.76,7.54,3,314.9,20 / 21,1714728,2019-09-06 18:44:41:410,2.7592,-2.0183,9.7726,0.0206,0.0117,9.8066,0.1999,-0.4177,0.1209,-9.31,-32.62,-3.25,238.42,-82.87,-171.63
52.40093,-1.531317,156.76,7.54,3,314.9,20 / 21,1714829,2019-09-06 18:44:41:511,-0.6141,0.9619,8.9792,0.0044,-0.02,9.8065,0.0083,-0.3198,0.1246,-10.44,-33.5,-2.81,242.33,-82.56,-169.77
52.40093,-1.531317,156.76,7.54,3,314.9,20 / 21,1714928,2019-09-06 18:44:41:610,1.2708,-1.2351,9.9025,-0.0087,-0.0156,9.8065,0.0882,-0.1752,0.0363,-11.5,-33.56,-2.44,249.23,-82.91,-169.92
52.40093,-1.531317,156.76,7.54,3,314.9,20 / 21,1715028,2019-09-06 18:44:41:710,-0.0414,-1.6343,10.2574,-0.0438,-0.0286,9.8065,0.0286,-0.0879,-0.0158,-11.75,-34.37,-2.19,253.17,-83.31,-169.21
52.40093,-1.531317,156.76,7.54,3,314.9,20 / 21,1715129,2019-09-06 18:44:41:811,-1.3333,-1.109,9.4691,0.0176,0.0074,9.8066,-0.1046,-0.0504,-0.0987,-10.81,-33.06,-1.12,256.11,-83.66,-169.99
52.40093,-1.531317,156.76,7.54,3,314.9,20 / 21,1715229,2019-09-06 18:44:41:911,-0.5726,-0.7028,9.3624,0.0448,0.0359,9.8064,-0.1449,-0.1514,-0.0131,-11.31,-33.12,-0.87,253.88,-83.41,-171.67
52.40093,-1.531317,156.76,7.54,3,314.9,20 / 21,1715329,2019-09-06 18:44:42:011,0.8123,-0.7148,9.7438,-0.0227,-0.0019,9.8066,0.098,-0.0958,0.0151,-10.69,-31.62,-0.31,257.28,-83.14,-172.85
52.40093,-1.531317,156.76,7.54,3,314.9,20 / 21,1715428,2019-09-06 18:44:42:110,0.0421,-0.2725,10.4221,0.0022,0.0059,9.8065,0.0247,-0.0604,-0.0415,-9.5,-31.87,-0.12,251.69,-83.01,-174.02
52.40093,-1.531317,156.76,7.54,3,314.9,20 / 21,1715529,2019-09-06 18:44:42:211,0.9795,0.5682,10.0233,-0.0108,0.0011,9.8066,0.0704,-0.0404,0.0012,-9.31,-30.81,-0.56,245.56,-82.96,-175.66
52.40093,-1.531317,156.76,7.54,3,314.9,20 / 21,1715628,2019-09-06 18:44:42:310,1.0176,0.7362,9.7425,-0.0136,-0.0046,9.8065,0.1195,-0.0634,0.0177,-9.5,-30.31,-1.12,246.16,-82.99,-175.82
52.40093,-1.531317,156.76,7.54,3,314.9,20 / 21,1715728,2019-09-06 18:44:42:410,1.6064,0.6405,9.8939,0.0459,0.0131,9.8065,-0.1573,-0.0151,0.0535,-9,-31.06,-2.75,236.65,-82.72,-174.76
52.40093,-1.531317,156.76,7.54,3,314.9,20 / 21,1715829,2019-09-06 18:44:42:511,-0.6923,-0.9006,9.8883,0.0254,0.0092,9.8065,0.1632,0.0169,-0.0367,-9.81,-30.5,-3.62,237.4,-82.8,-173.81
52.40093,-1.531317,156.76,7.54,3,314.9,20 / 21,1715929,2019-09-06 18:44:42:611,-0.6105,-1.014,10.0169,-0.0177,-0.0144,9.8066,0.1292,0.0605,0.0561,-9.81,-31.87,-3.5,240.63,-82.83,-173.25
52.40093,-1.531317,156.76,7.54,3,314.9,20 / 21,1716029,2019-09-06 18:44:42:711,0.9575,0.5935,9.6922,-0.0086,-0.0257,9.8065,0.0311,0.0171,0.022,-10.31,-32.19,-3.62,238.08,-83,-172.32
52.40093,-1.531317,156.76,7.54,3,314.9,20 / 21,1716128,2019-09-06 18:44:42:810,3.0839,0.0684,8.0421,0.0219,0.0175,9.8065,-0.3665,0.1218,-0.0213,-10.94,-32.94,-4.19,240.84,-82.88,-171.49
52.40093,-1.531317,156.76,7.54,3,314.9,20 / 21,1716229,2019-09-06 18:44:42:911,-0.8118,-1.1883,9.3298,0.045,0.017,9.8065,-0.3814,-0.0339,0.0727,-11.12,-32.62,-4,241.02,-83.04,-171.7
52.40093,-1.531317,156.76,7.54,3,314.9,20 / 21,1716329,2019-09-06 18:44:43:011,0.1281,1.4246,9.802,-0.087,-0.0541,9.8061,0.1359,0.0165,-0.0287,-11.25,-33.69,-3.75,243.9,-83.87,-170
52.40093,-1.531317,156.76,7.54,3,314.9,20 / 21,1716430,2019-09-06 18:44:43:112,-2.4526,-0.0719,10.3798,-0.0209,-0.0235,9.8065,-0.0325,0.1,0.0437,-11.37,-32.94,-4.94,241.18,-83.81,-169.51
52.40093,-1.531317,156.76,7.54,3,314.9,20 / 21,1716529,2019-09-06 18:44:43:211,1.9124,0.5227,11.1452,0.0551,0.0185,9.8064,0.1889,-0.0427,-0.1005,-11.69,-34.44,-4.44,245.59,-83.57,-170.12
52.40093,-1.531317,156.76,7.54,3,314.9,20 / 21,1716628,2019-09-06 18:44:43:310,0.8272,0.6421,9.598,0.0278,0.0528,9.8064,0.2594,0.0069,-0.0671,-11.87,-35.56,-3.19,244.61,-82.59,-171.57
52.40093,-1.531317,156.76,7.54,3,314.9,20 / 21,1716728,2019-09-06 18:44:43:410,-0.0457,1.5392,9.4372,0.0144,0.0158,9.8066,-0.1234,-0.0589,0.034,-12.44,-35.81,-1.81,244.85,-81.95,-173.67
52.40093,-1.531317,156.76,7.54,3,314.9,20 / 21,1716828,2019-09-06 18:44:43:510,1.2031,0.3869,10.1751,-0.0392,-0.0305,9.8065,0.0282,-0.0265,-0.0668,-12.62,-35.12,-1.37,252.97,-82.27,-172.39
52.40093,-1.531317,156.76,7.54,3,314.9,20 / 21,1716929,2019-09-06 18:44:43:611,1.4906,-1.2582,9.2821,0.0376,0.0063,9.8065,-0.2958,0.1653,-0.0374,-13.25,-34.56,-1.44,253.7,-82.53,-172.31
52.40093,-1.531317,156.76,7.54,3,314.9,20 / 21,1717028,2019-09-06 18:44:43:710,1.8446,-0.6823,9.7198,0.025,0.0189,9.8065,-0.1034,-0.011,-0.03,-12.56,-33.44,-1.81,249.87,-82.83,-174.31
52.40093,-1.531317,156.76,7.54,3,314.9,20 / 21,1717129,2019-09-06 18:44:43:811,1.6518,2.0708,9.8869,0.0508,0.0475,9.8064,-0.2355,-0.041,0.1292,-11.81,-34.25,-1.31,250.32,-83.04,-176.13
52.40093,-1.531317,156.76,7.54,3,314.9,20 / 21,1717228,2019-09-06 18:44:43:910,1.7462,-3.2249,9.7315,0.1317,0.0335,9.8057,-0.2082,0.0749,-0.0512,-11.69,-33.31,-1.25,249.26,-82.37,-176.09
52.40093,-1.531317,156.76,7.54,3,314.9,20 / 21,1717329,2019-09-06 18:44:44:011,-2.335,-1.0051,9.2527,-0.1091,-0.0471,9.8058,0.0752,-0.1094,0.1811,-12.37,-33.81,-0.81,250.69,-82.79,-175.02
52.40093,-1.531317,156.76,7.54,3,314.9,20 / 21,1717428,2019-09-06 18:44:44:110,-2.9775,0.1103,8.9539,0.0029,-0.029,9.8066,-0.3958,-0.0038,-0.2238,-11.62,-32.62,-0.31,255.25,-82.26,-173.69
52.40093,-1.531317,156.76,7.54,3,314.9,20 / 21,1717528,2019-09-06 18:44:44:210,2.3489,1.1374,9.5106,-0.0622,-0.0267,9.8064,0.3196,-0.0528,0.1843,-11.37,-32.44,0,253.74,-82.37,-174.43
52.40093,-1.531317,156.76,7.54,3,314.9,20 / 21,1717628,2019-09-06 18:44:44:310,1.1611,-0.365,9.9688,-0.0395,-0.0275,9.8065,0.0476,-0.0493,0.0338,-10.87,-31.75,-0.56,250.79,-82.37,-172.7
52.40093,-1.531317,156.76,7.54,3,314.9,20 / 21,1717729,2019-09-06 18:44:44:411,0.3735,-0.1925,9.9861,-0.0043,0.0124,9.8066,-0.0994,-0.0931,0.0195,-11.12,-32.06,-1.12,251.01,-82.36,-172.42
52.40093,-1.531317,156.76,7.54,3,314.9,20 / 21,1717829,2019-09-06 18:44:44:511,1.4912,0.413,10.2179,-0.0164,-0.0201,9.8066,-0.0017,-0.034,-0.041,-11,-31.31,-1.25,252.2,-82.52,-172.23
52.40093,-1.531317,156.76,7.54,3,314.9,20 / 21,1717928,2019-09-06 18:44:44:610,0.5023,0.4331,10.5107,0.0127,0.0217,9.8066,0.0132,-0.0781,0.0987,-10.25,-31.5,-1.5,249.11,-82.43,-172.85
52.40093,-1.531317,156.76,7.54,3,314.9,20 / 21,1718029,2019-09-06 18:44:44:711,1.0088,0.4541,9.6248,-0.0032,-0.0063,9.8065,-0.1339,-0.0503,0.0466,-9.87,-31.06,-2.25,245.69,-82.63,-172.21
52.40093,-1.531317,156.76,7.54,3,314.9,20 / 21,1718129,2019-09-06 18:44:44:811,-0.3508,-0.3006,9.4231,0.0154,0.0198,9.8066,-0.2944,-0.0229,0.02,-9.44,-31.75,-4.06,234.62,-82.62,-171.63
52.40093,-1.531317,156.76,7.54,3,314.9,20 / 21,1718229,2019-09-06 18:44:44:911,-0.782,0.4122,9.35,0.0455,0.0364,9.8064,-0.2876,0.0552,-0.0228,-9.69,-33.81,-5.25,233.84,-82.6,-171.27
52.40093,-1.531317,156.76,7.54,3,314.9,20 / 21,1718329,2019-09-06 18:44:45:011,0.8609,1.623,9.9184,-0.0581,-0.0554,9.8062,0.2892,0.014,0.0111,-8.87,-36,-4.5,232.6,-82.54,-171.4
52.40152,-1.53167,158.13,10.42,2,359.22,20 / 21,1718429,2019-09-06 18:44:45:111,-1.5007,0.5734,8.8778,-0.0484,-0.0717,9.8062,0.0844,-0.0426,-0.116,-8.75,-37.06,-3.69,231.74,-82.62,-172.15
52.40152,-1.53167,158.13,10.42,2,359.22,20 / 21,1718528,2019-09-06 18:44:45:210,0.3882,1.5766,9.5204,0.0193,0.036,9.8065,-0.0642,-0.0147,0.0351,-8.75,-36.62,-0.81,245.1,-83.05,-171.91
52.40152,-1.53167,158.13,10.42,2,359.22,20 / 21,1718629,2019-09-06 18:44:45:311,-0.324,0.2388,9.3417,0.0221,0.0295,9.8066,0.0699,-0.0299,0.0474,-9.25,-35.12,-0.44,251.1,-83.14,-172.79
52.40152,-1.53167,158.13,10.42,2,359.22,20 / 21,1718729,2019-09-06 18:44:45:411,-1.0252,-0.8993,8.9576,-0.0284,-0.0386,9.8065,-0.0446,-0.008,-0.0377,-9.87,-33.75,-1.87,245.69,-83.29,-172.23
52.40152,-1.53167,158.13,10.42,2,359.22,20 / 21,1718829,2019-09-06 18:44:45:511,0.553,0.6155,10.0728,-0.0224,-0.0183,9.8065,0.0442,-0.0202,-0.0264,-10.94,-34.81,-2.5,250,-83.6,-170.55
52.40152,-1.53167,158.13,10.42,2,359.22,20 / 21,1718929,2019-09-06 18:44:45:611,1.6889,0.0978,9.655,0.0251,0.0146,9.8065,0.1077,0.0039,0.0439,-11.19,-34.37,-1.87,250.33,-83.4,-170.15
52.40152,-1.53167,158.13,10.42,2,359.22,20 / 21,1719029,2019-09-06 18:44:45:711,0.4916,-0.182,10.4778,0.0337,-0.0003,9.8066,0.0628,-0.0505,-0.0216,-11.5,-34.12,-1.25,255.03,-83.36,-169.62
52.40152,-1.53167,158.13,10.42,2,359.22,20 / 21,1719128,2019-09-06 18:44:45:810,-1.1843,0.3919,9.6305,-0.0259,0.0087,9.8066,0.0215,-0.085,0.054,-11,-33.56,-2.37,250.39,-83.28,-169.72
52.40152,-1.53167,158.13,10.42,2,359.22,20 / 21,1719229,2019-09-06 18:44:45:911,0.5743,0.8223,9.6651,-0.0138,-0.013,9.8066,-0.0747,-0.0002,0.0113,-11.5,-34.69,-2.5,249.23,-83.42,-170.86
52.40152,-1.53167,158.13,10.42,2,359.22,20 / 21,1719329,2019-09-06 18:44:46:011,-0.4799,0.4248,9.4866,-0.031,-0.0124,9.8066,0.0442,-0.0035,-0.05,-11.87,-34.62,-2,252.6,-83.71,-170.45
52.40152,-1.53167,158.13,10.42,2,359.22,20 / 21,1719429,2019-09-06 18:44:46:111,-0.144,-0.6417,9.1695,-0.0627,-0.0217,9.8063,0.0149,-0.0657,0.0015,-12.37,-33.94,-1.19,258.08,-84.07,-170.53
52.40152,-1.53167,158.13,10.42,2,359.22,20 / 21,1719528,2019-09-06 18:44:46:210,-2.5748,-1.929,10.6346,-0.0292,-0.0241,9.8065,0.0143,-0.0673,0.0148,-12.69,-32.31,-0.81,263.32,-84.55,-168.86
52.40152,-1.53167,158.13,10.42,2,359.22,20 / 21,1719628,2019-09-06 18:44:46:310,-0.1294,0.6401,10.3409,-0.0996,-0.0604,9.8059,0.1921,0.0306,0.0527,-13.31,-32.5,-1.5,265.43,-84.81,-167.36
52.40152,-1.53167,158.13,10.42,2,359.22,20 / 21,1719729,2019-09-06 18:44:46:411,1.8673,-0.757,10.4984,0.0857,0.0054,9.8062,0.0159,0.0879,-0.1094,-13,-33.25,-1.31,265.43,-84.62,-166.45
52.40152,-1.53167,158.13,10.42,2,359.22,20 / 21,1719829,2019-09-06 18:44:46:511,-1.3647,-2.2308,10.4719,0.009,0.0203,9.8065,0.0021,-0.2287,0.2291,-12.62,-32.25,-1.44,264.14,-84.16,-167.02
52.40152,-1.53167,158.13,10.42,2,359.22,20 / 21,1719928,2019-09-06 18:44:46:610,-1.113,-0.6997,11.0942,0.0132,-0.0048,9.8066,-0.0124,-0.1451,0.0523,-12.06,-32.56,-1.31,264.26,-84.08,-164.58
52.40152,-1.53167,158.13,10.42,2,359.22,20 / 21,1720028,2019-09-06 18:44:46:710,-0.4297,0.2148,10.0147,-0.0291,-0.0136,9.8065,0.1099,-0.0248,-0.0597,-12.5,-31.56,-1.12,266.35,-84.09,-162.98
52.40152,-1.53167,158.13,10.42,2,359.22,20 / 21,1720128,2019-09-06 18:44:46:810,0.4653,-0.8428,9.3813,0.0312,0.0002,9.8065,-0.0697,0.0533,-0.0807,-10.62,-30.75,-1.56,259.19,-84.04,-164.04
52.40152,-1.53167,158.13,10.42,2,359.22,20 / 21,1720228,2019-09-06 18:44:46:910,-1.2636,-0.0995,9.6632,0.013,0.0153,9.8065,-0.1226,-0.0425,0.0082,-11.31,-31.19,-1.69,259.14,-84.12,-164.33
52.40152,-1.53167,158.13,10.42,2,359.22,20 / 21,1720329,2019-09-06 18:44:47:011,-0.233,-1.6021,10.5414,0.0086,-0.0237,9.8066,0.0899,-0.0804,0.0506,-10.75,-30.69,-1.56,261.1,-84.39,-163.04
52.40152,-1.53167,158.13,10.42,2,359.22,20 / 21,1720428,2019-09-06 18:44:47:110,-0.3546,-0.1573,9.8921,0.0098,-0.0073,9.8066,0.1078,0.0472,-0.0541,-10.37,-29.69,-2.37,260.95,-84.22,-160.69
52.40152,-1.53167,158.13,10.42,2,359.22,20 / 21,1720529,2019-09-06 18:44:47:211,-0.0545,-0.208,10.2344,0.0392,-0.0137,9.8065,-0.0322,-0.0874,0.1266,-10.62,-29.44,-2.81,260.29,-83.93,-159.06
52.40152,-1.53167,158.13,10.42,2,359.22,20 / 21,1720629,2019-09-06 18:44:47:311,0.4457,0.5267,9.0616,0.0071,-0.0121,9.8065,-0.0932,0.0131,0.0459,-10.37,-29.5,-3.25,259.73,-83.81,-156.4
52.40152,-1.53167,158.13,10.42,2,359.22,20 / 21,1720728,2019-09-06 18:44:47:410,1.1774,-1.3803,10.9619,-0.0981,-0.0326,9.8061,0.4558,-0.1883,0.1838,-10.69,-30.56,-4.31,256.81,-83.6,-156.49
52.40152,-1.53167,158.13,10.42,2,359.22,20 / 21,1720828,2019-09-06 18:44:47:510,-0.8583,0.7806,10.3638,-0.0251,-0.0365,9.8065,0.105,0.1869,-0.193,-10.69,-31.31,-4.06,256.14,-83.79,-157.7
52.40152,-1.53167,158.13,10.42,2,359.22,20 / 21,1720928,2019-09-06 18:44:47:610,-1.0427,3.1235,9.4061,0.0612,0.0228,9.8064,-0.1309,-0.1429,0.0809,-12,-32.06,-4.5,254.13,-83.29,-160.92
52.40152,-1.53167,158.13,10.42,2,359.22,20 / 21,1721029,2019-09-06 18:44:47:711,2.5745,0.8359,9.8497,0.0117,-0.0014,9.8066,0.1343,-0.0839,-0.0259,-12.87,-32.69,-4.5,260.68,-83.6,-156.7
52.40152,-1.53167,158.13,10.42,2,359.22,20 / 21,1721129,2019-09-06 18:44:47:811,-1.616,-0.9132,10.6813,-0.0017,-0.0177,9.8066,-0.1519,-0.0679,0.0628,-13.19,-32.5,-4.19,265.19,-83.98,-153.43
52.40152,-1.53167,158.13,10.42,2,359.22,20 / 21,1721229,2019-09-06 18:44:47:911,-2.1387,-0.1955,10.4105,0.0003,-0.0171,9.8066,-0.0757,0.0385,0.0384,-13.87,-33,-4.06,268.21,-83.88,-151.8
52.40152,-1.53167,158.13,10.42,2,359.22,20 / 21,1721328,2019-09-06 18:44:48:010,-1.5359,-0.5546,8.6947,-0.0131,-0.0289,9.8065,0.2195,0.0331,-0.005,-13.5,-31.5,-2.62,269.38,-83.48,-152.24
52.40152,-1.53167,158.13,10.42,2,359.22,20 / 21,1721428,2019-09-06 18:44:48:110,1.1994,1.1894,9.4837,-0.0547,-0.0202,9.8064,0.1367,-0.0479,0.021,-12.75,-32,-2.37,273.93,-83.41,-151.01
52.40152,-1.53167,158.13,10.42,2,359.22,20 / 21,1721529,2019-09-06 18:44:48:211,-2.4327,0.0076,9.116,-0.0561,0.0565,9.8063,-0.158,-0.0405,-0.0636,-12.25,-31.75,-2.37,269.12,-83.74,-154.67
52.40152,-1.53167,158.13,10.42,2,359.22,20 / 21,1721628,2019-09-06 18:44:48:310,-2.1668,0.8409,10.8333,-0.025,-0.0034,9.8066,-0.0016,0.0679,0.0468,-11.56,-31.5,-2.75,265.13,-84.12,-155.97
52.40152,-1.53167,158.13,10.42,2,359.22,20 / 21,1721728,2019-09-06 18:44:48:410,0.9706,-2.192,10.894,0.0437,0.0046,9.8065,0.1361,0.267,-0.1458,-11.81,-32.62,-3,264.95,-83.82,-154.32
52.40152,-1.53167,158.13,10.42,2,359.22,20 / 21,1721829,2019-09-06 18:44:48:511,-1.4457,1.6678,9.237,0.0176,0.0174,9.8065,0.1848,0.1854,-0.0448,-11.25,-31.81,-2.44,266.27,-83.89,-155.64
52.40152,-1.53167,158.13,10.42,2,359.22,20 / 21,1721929,2019-09-06 18:44:48:611,-1.3196,1.411,8.2535,-0.0148,-0.0129,9.8066,-0.3072,-0.0195,0.0762,-11.56,-32.12,-2.37,268.82,-83.71,-154.89
52.40152,-1.53167,158.13,10.42,2,359.22,20 / 21,1722029,2019-09-06 18:44:48:711,-1.0663,0.3216,9.2913,0.014,0.0059,9.8066,-0.209,0.0686,0.0576,-10.94,-30.75,-2.06,269.38,-83.8,-152.79
52.40152,-1.53167,158.13,10.42,2,359.22,20 / 21,1722128,2019-09-06 18:44:48:810,-5.7961,-4.3302,11.3923,-0.0501,-0.0692,9.8062,-0.171,0.1627,-0.0388,-10.37,-31.62,-3.56,259.94,-83.93,-150.18
52.40152,-1.53167,158.13,10.42,2,359.22,20 / 21,1722229,2019-09-06 18:44:48:911,-3.1451,0.9242,9.9597,-0.0615,-0.0649,9.8062,0.032,0.1964,-0.2016,-10.69,-31.81,-1.87,270.6,-83.77,-150.88
52.40152,-1.53167,158.13,10.42,2,359.22,20 / 21,1722329,2019-09-06 18:44:49:011,-1.1143,3.6988,10.952,0.0246,0.0251,9.8065,0.2344,0.0315,0.087,-10.19,-30.69,-2.25,262.24,-83.16,-155.31
52.40152,-1.53167,158.13,10.42,2,359.22,20 / 21,1722428,2019-09-06 18:44:49:110,-2.7705,0.8579,10.016,-0.0329,-0.0209,9.8065,0.2158,0.1446,0.0652,-10.19,-30.94,-2.62,260.35,-83.33,-153
52.40152,-1.53167,158.13,10.42,2,359.22,20 / 21,1722529,2019-09-06 18:44:49:211,-2.3005,0.0721,9.9553,0.0025,-0.011,9.8066,-0.1908,0.0864,0.0336,-9.44,-29.75,-2.81,259.21,-83.42,-151.42
52.40152,-1.53167,158.13,10.42,2,359.22,20 / 21,1722628,2019-09-06 18:44:49:310,-2.8608,0.3055,9.3627,0.0288,-0.0055,9.8065,-0.1579,0.1199,0.0295,-9.56,-30.25,-2.94,263.15,-83.18,-150.23
52.40152,-1.53167,158.13,10.42,2,359.22,20 / 21,1722728,2019-09-06 18:44:49:410,-0.5083,0.1003,9.4716,-0.0009,-0.0347,9.8066,0.183,0.1498,-0.0094,-9.37,-29.75,-3.12,260.86,-82.93,-148.01
52.40152,-1.53167,158.13,10.42,2,359.22,20 / 21,1722829,2019-09-06 18:44:49:511,-1.662,1.3391,9.1565,-0.0244,-0.0309,9.8065,0.0565,0.2655,0.0044,-9.81,-31.31,-3.94,259.62,-82.85,-147.86
52.40152,-1.53167,158.13,10.42,2,359.22,20 / 21,1722929,2019-09-06 18:44:49:611,-3.7341,1.2718,7.7962,-0.0085,-0.0527,9.8064,-0.0267,0.1523,0.0462,-10.12,-31.31,-3.87,260.21,-82.78,-147.02
52.40152,-1.53167,158.13,10.42,2,359.22,20 / 21,1723029,2019-09-06 18:44:49:711,-2.1189,-1.9156,10.7651,0.0033,-0.0616,9.8064,0.0013,-0.0568,0.0563,-10.06,-32.19,-3.62,265.7,-82.69,-140.2
52.40152,-1.53167,158.13,10.42,2,359.22,20 / 21,1723128,2019-09-06 18:44:49:810,-4.8436,-0.418,11.6144,-0.0223,0.0149,9.8066,0.4091,0.108,0.0363,-10.12,-32.31,-3.25,271.18,-82.88,-139.62
52.40152,-1.53167,158.13,10.42,2,359.22,20 / 21,1723229,2019-09-06 18:44:49:911,-3.2615,0.8615,10.6455,0.0202,-0.0118,9.8065,0.0241,0.1854,0.0956,-10.19,-33.06,-3,268.69,-82.61,-140.41
52.40152,-1.53167,158.13,10.42,2,359.22,20 / 21,1723329,2019-09-06 18:44:50:011,-1.2701,0.1528,10.3247,0.0707,0.0291,9.8062,-0.0168,0.3473,-0.091,-9.81,-32.44,-1.62,268.69,-81.67,-142.69
52.40152,-1.53167,158.13,10.42,2,359.22,20 / 21,1723429,2019-09-06 18:44:50:111,-2.3528,3.3857,9.1687,0.056,0.0357,9.8064,-0.078,0.3605,-0.1396,-9.94,-32.31,-2.12,268.38,-81.69,-143.07
52.40152,-1.53167,158.13,10.42,2,359.22,20 / 21,1723529,2019-09-06 18:44:50:211,-3.8739,0.6898,9.8946,-0.0596,-0.0342,9.8063,-0.0288,0.2684,-0.0477,-9.12,-32.44,-2,265.21,-81.94,-142.97
52.40152,-1.53167,158.13,10.42,2,359.22,20 / 21,1723629,2019-09-06 18:44:50:311,-3.7323,0.173,9.9354,-0.0225,-0.0057,9.8066,-0.0679,0.1923,0.0436,-8.69,-32.12,-1.87,267.83,-82.4,-142.08
52.40152,-1.53167,158.13,10.42,2,359.22,20 / 21,1723729,2019-09-06 18:44:50:411,-1.6691,2.6311,9.9619,-0.0271,-0.0005,9.8065,0.0616,0.2712,-0.092,-7.81,-32.12,-1.44,268,-82.39,-142.91
52.40152,-1.53167,158.13,10.42,2,359.22,20 / 21,1723829,2019-09-06 18:44:50:511,-1.9789,2.9668,9.8943,0.0216,0.0148,9.8065,0.0726,0.3029,-0.0132,-7.37,-32.19,-2.19,253.59,-82.14,-145.04
52.40152,-1.53167,158.13,10.42,2,359.22,20 / 21,1723928,2019-09-06 18:44:50:610,-1.78,3.4304,10.4607,0.0123,0.0103,9.8066,0.0361,0.3272,-0.0681,-7.19,-32.94,-1.31,256.94,-82.03,-145.54
52.40152,-1.53167,158.13,10.42,2,359.22,20 / 21,1724028,2019-09-06 18:44:50:710,-1.6966,0.953,10.7849,0.0128,0.0212,9.8066,0.1257,0.3023,-0.0527,-6.19,-32.19,-1.31,250.17,-81.95,-146.2
52.40152,-1.53167,158.13,10.42,2,359.22,20 / 21,1724128,2019-09-06 18:44:50:810,-2.7032,2.4797,9.765,-0.0127,-0.0057,9.8066,0.0289,0.2635,-0.0531,-6,-32.81,-0.87,248.64,-81.9,-146.18
52.40152,-1.53167,158.13,10.42,2,359.22,20 / 21,1724228,2019-09-06 18:44:50:910,-2.322,2.4378,9.6879,0.001,0.0076,9.8066,0.0298,0.2758,-0.0337,-5.75,-32.5,-0.69,249.35,-81.85,-146.61
52.40152,-1.53167,158.13,10.42,2,359.22,20 / 21,1724329,2019-09-06 18:44:51:011,-3.3368,0.5403,9.781,0.0146,0.0224,9.8065,-0.091,0.2971,-0.1044,-5.25,-33.12,-0.56,239.39,-81.83,-146.62
52.40152,-1.53167,158.13,10.42,2,359.22,20 / 21,1724428,2019-09-06 18:44:51:110,-2.8177,1.7324,9.4549,0.0068,0.0143,9.8066,0.0338,0.3044,-0.0057,-4.94,-32.5,-0.12,248.04,-82.06,-146.35
52.40152,-1.53167,158.13,10.42,2,359.22,20 / 21,1724529,2019-09-06 18:44:51:211,-3.363,0.8832,10.1641,0.0123,0.0484,9.8065,-0.0136,0.3256,-0.1306,-4.69,-33,0.19,245.41,-82.03,-147.75
52.40152,-1.53167,158.13,10.42,2,359.22,20 / 21,1724629,2019-09-06 18:44:51:311,-2.5846,-0.171,9.9297,-0.0286,-0.0226,9.8066,-0.0008,0.2414,-0.0424,-3.62,-32.62,0.38,233.5,-82.03,-149.12
52.40152,-1.53167,158.13,10.42,2,359.22,20 / 21,1724729,2019-09-06 18:44:51:411,-2.3203,1.6665,10.5025,-0.016,-0.011,9.8066,0.1489,0.2155,-0.0535,-4,-32.81,0.88,240.88,-82.2,-150.44
52.40152,-1.53167,158.13,10.42,2,359.22,20 / 21,1724828,2019-09-06 18:44:51:510,-4.1223,2.4419,9.6275,0.003,0.0363,9.8065,0.2499,0.3208,-0.1218,-2.87,-32.31,1.06,225.53,-82.08,-152.66
52.40152,-1.53167,158.13,10.42,2,359.22,20 / 21,1724929,2019-09-06 18:44:51:611,-2.3727,-0.0973,9.8556,0.0122,0.0209,9.8066,-0.1078,0.2167,-0.0125,-3.19,-32.87,1.25,222.27,-81.87,-152.33
52.40152,-1.53167,158.13,10.42,2,359.22,20 / 21,1725029,2019-09-06 18:44:51:711,-4.4656,-2.7043,8.9457,-0.023,-0.0199,9.8065,-0.1232,0.38,-0.2048,-2.12,-33,1.5,208,-82.19,-155.43
52.40152,-1.53167,158.13,10.42,2,359.22,20 / 21,1725128,2019-09-06 18:44:51:810,-1.901,0.3511,10.1308,0.0134,-0.0178,9.8066,0.1844,0.0964,0.1023,-2.56,-33,1.63,231.22,-82.07,-154.58
52.40152,-1.53167,158.13,10.42,2,359.22,20 / 21,1725229,2019-09-06 18:44:51:911,-3.1279,-1.5108,9.8163,0.0064,0.0101,9.8066,0.0704,0.1748,-0.0287,-0.62,-32.81,2.56,164.34,-82.15,-154.43
52.40152,-1.53167,158.13,10.42,2,359.22,20 / 21,1725329,2019-09-06 18:44:52:011,-2.1212,-0.3199,10.0821,0.0096,-0.0038,9.8066,-0.0733,0.2215,0.0453,-1.5,-33.31,2.69,163.24,-82.28,-154.31
52.40152,-1.53167,158.13,10.42,2,359.22,20 / 21,1725428,2019-09-06 18:44:52:110,-3.4176,-3.1941,10.2654,-0.0053,-0.0084,9.8066,-0.1819,0.342,-0.134,-1.12,-33.06,3,162.61,-82.37,-154.33
52.40152,-1.53167,158.13,10.42,2,359.22,20 / 21,1725529,2019-09-06 18:44:52:211,-1.9806,-1.5189,8.8604,-0.0176,0.0233,9.8066,-0.0073,0.2269,0.069,-0.87,-33.19,3,162.35,-82.23,-153.73
52.40152,-1.53167,158.13,10.42,2,359.22,20 / 21,1725629,2019-09-06 18:44:52:311,-1.9518,-2.1053,8.7634,0.0312,-0.0428,9.8064,-0.184,0.2074,-0.0473,-1.12,-34,3,163.39,-82.31,-153.75
52.40152,-1.53167,158.13,10.42,2,359.22,20 / 21,1725728,2019-09-06 18:44:52:410,-2.5666,-1.4174,8.3888,0.0475,-0.0218,9.8065,-0.0232,0.2124,0.0356,-0.69,-33.87,3.06,155.94,-82.73,-151.71
52.40152,-1.53167,158.13,10.42,2,359.22,20 / 21,1725829,2019-09-06 18:44:52:511,-2.8509,-2.4287,9.3171,0.0233,-0.0327,9.8065,-0.0501,0.4886,-0.06,-1.37,-34.75,3.19,154.38,-82.84,-150.35
52.40152,-1.53167,158.13,10.42,2,359.22,20 / 21,1725929,2019-09-06 18:44:52:611,-0.3732,-3.8715,9.3853,0.0183,0.0126,9.8066,-0.0763,0.249,-0.0762,-0.62,-35.25,4.31,111.47,-82.8,-148.9
52.40152,-1.53167,158.13,10.42,2,359.22,20 / 21,1726030,2019-09-06 18:44:52:712,1.5922,-2.1273,10.0191,-0.044,-0.0117,9.8065,0.065,0.3199,-0.0305,-1.37,-35.19,5.25,88.18,-82.29,-148.73
52.40152,-1.53167,158.13,10.42,2,359.22,20 / 21,1726128,2019-09-06 18:44:52:810,2.3319,-1.2061,10.8686,-0.034,-0.0349,9.8065,0.0249,0.2497,-0.0548,-0.69,-34.75,6.44,69.97,-82.08,-149.42
52.40152,-1.53167,158.13,10.42,2,359.22,20 / 21,1726228,2019-09-06 18:44:52:910,1.1819,-0.3137,10.0977,-0.0128,-0.0209,9.8066,0.116,0.1231,0.0164,-0.19,-34.25,7,70.08,-81.97,-150.14
52.40152,-1.53167,158.13,10.42,2,359.22,20 / 21,1726329,2019-09-06 18:44:53:011,1.5663,-1.255,9.9321,0.0365,-0.0053,9.8065,-0.0456,0.1262,-0.0545,0.44,-32.94,7.56,56.27,-82.02,-152.64
52.40152,-1.53167,158.13,10.42,2,359.22,20 / 21,1726428,2019-09-06 18:44:53:110,1.1806,-1.0204,8.9061,0.0386,0.0248,9.8065,-0.0556,0.083,-0.0169,1.19,-32.25,7.31,69.79,-82.39,-153.05
52.40152,-1.53167,158.13,10.42,2,359.22,20 / 21,1726528,2019-09-06 18:44:53:210,-0.0636,-3.9592,9.7906,0.0287,0.0042,9.8065,-0.0195,0.2099,-0.0663,1,-32.37,7.31,67.99,-82.56,-153.46
52.40152,-1.53167,158.13,10.42,2,359.22,20 / 21,1726628,2019-09-06 18:44:53:310,-1.1537,-1.615,10.3152,-0.0331,-0.0063,9.8065,0.0163,0.0126,0.1027,1.25,-31.62,6.69,70.88,-82.51,-151.59
52.40152,-1.53167,158.13,10.42,2,359.22,20 / 21,1726728,2019-09-06 18:44:53:410,0.5874,0.2722,9.7749,-0.0129,-0.0159,9.8066,-0.0856,0.0082,0.0779,1.5,-31.87,6.94,78.69,-82.56,-151.57
52.40152,-1.53167,158.13,10.42,2,359.22,20 / 21,1726828,2019-09-06 18:44:53:510,0.5174,0.1847,10.0055,-0.0121,0.0275,9.8066,0.0319,0.0649,0.0861,1,-32.56,6.94,73.7,-82.36,-151.48
52.40152,-1.53167,158.13,10.42,2,359.22,20 / 21,1726928,2019-09-06 18:44:53:610,0.4339,-0.7717,9.8254,0.0187,0.0241,9.8065,0.0551,-0.0116,-0.0143,0.44,-32.87,7.69,59.33,-82.28,-149.56
52.40152,-1.53167,158.13,10.42,2,359.22,20 / 21,1727030,2019-09-06 18:44:53:712,0.3117,-1.2996,9.8348,-0.0081,-0.0088,9.8065,0.0347,0.0209,0.0435,0.75,-33.19,7.13,76.81,-82.16,-150.12
52.40152,-1.53167,158.13,10.42,2,359.22,20 / 21,1727129,2019-09-06 18:44:53:811,-0.8699,-1.0821,10.0223,-0.016,0.0082,9.8066,-0.0763,0.0373,-0.0002,1.06,-32.62,7.56,70.76,-82.05,-149.15
52.40152,-1.53167,158.13,10.42,2,359.22,20 / 21,1727229,2019-09-06 18:44:53:911,0.6109,-0.8814,9.4662,0.0136,0.0036,9.8066,-0.0885,0.0258,-0.0361,1.19,-32.94,6.88,77.93,-82.28,-148.53
52.40152,-1.53167,158.13,10.42,2,359.22,20 / 21,1727328,2019-09-06 18:44:54:010,-1.2492,-1.5047,10.1991,-0.0043,0.0161,9.8065,0.0721,0.0021,-0.0053,0.56,-33.37,7.31,79.67,-82.18,-147.65
52.402275,-1.532072,158.13,11.33,3,300.99,20 / 21,1727428,2019-09-06 18:44:54:110,-0.1807,-0.6587,9.8461,-0.0187,-0.018,9.8065,-0.0276,0.0078,-0.0173,0.81,-33.5,7.38,78.11,-82.25,-148.56
52.402275,-1.532072,158.13,11.33,3,300.99,20 / 21,1727529,2019-09-06 18:44:54:211,0.0585,-1.1915,9.5823,0.0051,0.006,9.8066,0.0063,-0.0247,-0.025,0.56,-33.44,7.63,69.55,-82.17,-149.53
52.402275,-1.532072,158.13,11.33,3,300.99,20 / 21,1727628,2019-09-06 18:44:54:310,0.176,0.0101,9.5508,0.0064,-0.0159,9.8065,-0.0714,-0.0151,-0.0716,0.44,-33.12,8.63,51.95,-82.31,-151.18
52.402275,-1.532072,158.13,11.33,3,300.99,20 / 21,1727730,2019-09-06 18:44:54:412,0.8068,-0.5221,8.96,0.013,0.0084,9.8066,-0.0246,-0.0674,0.021,0.94,-32.87,8.63,58.57,-82.57,-151.85
52.402275,-1.532072,158.13,11.33,3,300.99,20 / 21,1727829,2019-09-06 18:44:54:511,0.7743,1.3077,9.5744,0.0294,0.0298,9.8065,0.0776,0.0135,-0.0248,1.5,-32.06,8.81,64.51,-82.56,-152.31
52.402275,-1.532072,158.13,11.33,3,300.99,20 / 21,1727929,2019-09-06 18:44:54:611,-0.6856,-1.3919,9.5903,0.0329,0.019,9.8065,-0.0578,-0.0259,0.0254,1.94,-30.62,8.56,61.73,-82.89,-152.62
52.402275,-1.532072,158.13,11.33,3,300.99,20 / 21,1728028,2019-09-06 18:44:54:710,0.3082,-0.7186,9.5491,-0.0183,-0.0181,9.8066,-0.0774,-0.0601,0.0298,2.69,-30.44,8.13,72.61,-82.57,-153.98
52.402275,-1.532072,158.13,11.33,3,300.99,20 / 21,1728129,2019-09-06 18:44:54:811,-0.5301,-0.0961,9.8657,0.0041,-0.0017,9.8066,-0.0479,-0.008,-0.0102,3,-30.56,8.31,74,-82.6,-153.61
52.402275,-1.532072,158.13,11.33,3,300.99,20 / 21,1728229,2019-09-06 18:44:54:911,0.1785,-0.28,10.0948,-0.0107,-0.0111,9.8066,0.0133,-0.1293,0.1566,3.13,-29.19,7.19,78.5,-82.48,-154.3
52.402275,-1.532072,158.13,11.33,3,300.99,20 / 21,1728328,2019-09-06 18:44:55:010,0.3275,0.2319,9.6274,-0.003,-0.0122,9.8066,-0.0288,0.032,-0.1067,2.94,-30.19,6.44,88.98,-82.42,-154.1
52.402275,-1.532072,158.13,11.33,3,300.99,19 / 21,1728428,2019-09-06 18:44:55:110,0.7792,-0.2032,10.6508,0.0086,-0.0065,9.8066,0.1568,-0.0637,0.0075,2.56,-30.5,6.63,77.59,-82.43,-156.42
52.402275,-1.532072,158.13,11.33,3,300.99,19 / 21,1728529,2019-09-06 18:44:55:211,-0.6338,0.0572,10.2482,-0.0075,-0.0064,9.8066,0.2055,0.0016,-0.0574,2.06,-31.12,6,80.91,-82.32,-158.32
52.402275,-1.532072,158.13,11.33,3,300.99,19 / 21,1728629,2019-09-06 18:44:55:311,1.8001,0.586,10.9155,0.008,-0.0233,9.8065,0.0386,0.0572,-0.0807,1.88,-31.75,6.31,81.46,-82.21,-160.25
52.402275,-1.532072,158.13,11.33,3,300.99,19 / 21,1728729,2019-09-06 18:44:55:411,-0.1239,0.3019,10.4075,-0.0242,-0.0393,9.8065,0.0603,-0.0133,-0.0385,2.5,-32.06,7.13,74.32,-82.15,-162.87
52.402275,-1.532072,158.13,11.33,3,300.99,19 / 21,1728829,2019-09-06 18:44:55:511,-0.9007,0.9736,9.4559,0.0103,-0.0332,9.8065,0.0346,-0.0927,-0.0718,2.19,-32.62,7.19,64.84,-81.98,-166.58
52.402275,-1.532072,158.13,11.33,3,300.99,19 / 21,1728929,2019-09-06 18:44:55:611,-1.1768,-1.5661,10.5275,0.0442,-0.0184,9.8065,0.1156,0.0273,-0.0459,2.31,-32.87,6.88,56.21,-82.16,-171.12
52.402275,-1.532072,158.13,11.33,3,300.99,19 / 21,1729029,2019-09-06 18:44:55:711,-0.8226,1.1348,6.7448,0.0499,-0.0049,9.8065,-0.0816,-0.0789,-0.2355,3.06,-32.81,7.88,48.57,-82.42,-174.8
52.402275,-1.532072,158.13,11.33,3,300.99,19 / 21,1729128,2019-09-06 18:44:55:810,0.4381,-4.2617,7.9591,0.062,-0.0541,9.8062,-0.3274,-0.1966,0.1974,3.63,-32.75,6.31,64.59,-82.78,179.17
52.402275,-1.532072,158.13,11.33,3,300.99,19 / 21,1729228,2019-09-06 18:44:55:910,-2.3074,-1.1533,9.9468,-0.062,0.0542,9.8063,-0.4736,0.0097,0.1968,2.69,-33.06,6.25,62.66,-83.23,-175.28
52.402275,-1.532072,158.13,11.33,3,300.99,19 / 21,1729329,2019-09-06 18:44:56:011,-0.5468,-4.1217,8.4737,-0.0158,-0.0308,9.8065,-0.1004,-0.0711,0.0842,2.94,-32,5.56,62.1,-83.9,-171.36
52.402275,-1.532072,158.13,11.33,3,300.99,20 / 21,1729429,2019-09-06 18:44:56:111,0.0292,1.3623,9.7442,-0.0828,0.0099,9.8062,-0.1413,-0.0699,0.1209,1.56,-33,4.88,74.53,-83.76,-167.56
52.402275,-1.532072,158.13,11.33,3,300.99,20 / 21,1729529,2019-09-06 18:44:56:211,-1.1221,0.9603,9.8367,-0.0293,0.0466,9.8065,0.02,-0.0607,0.1702,0.69,-33.75,5.06,79.92,-83.88,-156.15
52.402275,-1.532072,158.13,11.33,3,300.99,20 / 21,1729628,2019-09-06 18:44:56:310,-0.8024,1.4847,11.6411,-0.0381,0.0115,9.8065,0.0005,0.0227,0.0384,0.5,-33.94,6.5,64.09,-83.8,-152.15
52.402275,-1.532072,158.13,11.33,3,300.99,20 / 21,1729728,2019-09-06 18:44:56:410,0.1567,1.3593,11.8384,-0.0169,-0.0242,9.8065,0.0633,-0.0818,0.0453,0.31,-33.19,6.88,54.03,-83.41,-152.23
52.402275,-1.532072,158.13,11.33,3,300.99,20 / 21,1729828,2019-09-06 18:44:56:510,-1.3638,-0.1729,12.2231,-0.0401,-0.0631,9.8063,0.1548,-0.0088,0.0284,0.06,-33.06,7.75,48.86,-82.65,-154.91
52.402275,-1.532072,158.13,11.33,3,300.99,20 / 21,1729928,2019-09-06 18:44:56:610,-1.0292,-0.5393,10.0584,-0.031,-0.0578,9.8064,0.0236,-0.0489,0.0654,0.69,-33,7.75,59.97,-81.98,-157.26
52.402275,-1.532072,158.13,11.33,3,300.99,20 / 21,1730028,2019-09-06 18:44:56:710,-0.4456,0.16,9.1883,-0.0085,-0.0058,9.8066,-0.0409,-0.0243,-0.0123,1,-33.44,7.31,68.8,-81.71,-158.83
52.402275,-1.532072,158.13,11.33,3,300.99,20 / 21,1730129,2019-09-06 18:44:56:811,-0.4195,0.2444,9.2711,0.03,0.0139,9.8066,-0.04,-0.0406,-0.0386,0.88,-33.31,6.81,66.14,-82.13,-158.27
52.402275,-1.532072,158.13,11.33,3,300.99,20 / 21,1730229,2019-09-06 18:44:56:911,0.2077,1.1765,10.1353,0.0045,-0.0099,9.8066,0.0633,0.0149,-0.0234,1,-32.94,7.13,65.02,-82.2,-158.65
52.402275,-1.532072,158.13,11.33,3,300.99,20 / 21,1730328,2019-09-06 18:44:57:010,1.1638,1.2031,9.2951,-0.0053,-0.0173,9.8066,-0.0583,-0.0152,0.0238,0.5,-33.19,7,64.97,-81.87,-160.49
52.402275,-1.532072,158.13,11.33,3,300.99,20 / 21,1730429,2019-09-06 18:44:57:111,-1.595,1.0062,10.344,-0.0107,-0.0113,9.8065,0.0633,0.0044,-0.0547,0.38,-33.37,7.25,52.67,-81.6,-161.1
52.402275,-1.532072,158.13,11.33,3,300.99,20 / 21,1730529,2019-09-06 18:44:57:211,-0.0312,0.9797,9.7415,0.0225,-0.0051,9.8066,-0.0252,-0.031,0.0823,1.63,-33.56,7.38,76.63,-81.57,-161.74
52.402275,-1.532072,158.13,11.33,3,300.99,20 / 21,1730628,2019-09-06 18:44:57:310,0.3751,-0.1956,9.8622,0.011,-0.0027,9.8066,-0.0792,0.0376,-0.0292,1.38,-33.19,6.44,76.8,-81.84,-161.98
52.402275,-1.532072,158.13,11.33,3,300.99,20 / 21,1730728,2019-09-06 18:44:57:410,1.9445,1.1482,9.4666,0.0248,0.0227,9.8065,-0.1116,0.0518,-0.0179,2.31,-33.06,7.06,68.8,-82.24,-162.43
52.402275,-1.532072,158.13,11.33,3,300.99,20 / 21,1730828,2019-09-06 18:44:57:510,1.2891,1.319,9.2145,0.0337,0.0096,9.8066,0.0765,0.0205,-0.0218,1.94,-32.19,8.44,57.18,-82.25,-163.37
52.402275,-1.532072,158.13,11.33,3,300.99,20 / 21,1730929,2019-09-06 18:44:57:611,-1.4816,1.2161,9.605,-0.0097,-0.0342,9.8065,0.0871,-0.0391,-0.0596,1.25,-32.25,7.25,51.58,-82.13,-166.03
52.402275,-1.532072,158.13,11.33,3,300.99,20 / 21,1731028,2019-09-06 18:44:57:710,1.5423,-0.3766,9.8464,-0.0263,-0.0315,9.8065,-0.0405,-0.079,0.0282,1.44,-32,6.88,51.14,-82.04,-166.64
52.402275,-1.532072,158.13,11.33,3,300.99,20 / 21,1731128,2019-09-06 18:44:57:810,0.0813,-1.0038,10.3508,0.021,0.0045,9.8066,-0.0592,0.0419,-0.0807,1.69,-32.5,6.38,73.79,-82.01,-167.73
52.402275,-1.532072,158.13,11.33,3,300.99,20 / 21,1731229,2019-09-06 18:44:57:911,1.1163,-1.415,10.4197,0.0257,0.0021,9.8065,0.1112,0.0264,-0.1038,1.81,-32.56,7.13,61.3,-82.06,-168.46
52.402275,-1.532072,158.13,11.33,3,300.99,20 / 21,1731329,2019-09-06 18:44:58:011,1.1227,1.4944,9.7486,-0.0282,-0.0129,9.8065,0.0232,-0.0737,0.0075,1.81,-31.94,7.13,59.53,-81.83,-169.53
52.402275,-1.532072,158.13,11.33,3,300.99,20 / 21,1731428,2019-09-06 18:44:58:110,0.2212,1.8382,9.9916,0.0116,0.0102,9.8065,-0.0202,0.0894,-0.0154,1.31,-31.81,7.06,46.47,-81.9,-169.64
52.402275,-1.532072,158.13,11.33,3,300.99,20 / 21,1731529,2019-09-06 18:44:58:211,1.4118,0.9159,9.4248,-0.0132,-0.0087,9.8066,0.023,-0.0105,-0.0357,2.13,-31.56,7.38,57.59,-81.99,-170.01
52.402275,-1.532072,158.13,11.33,3,300.99,20 / 21,1731628,2019-09-06 18:44:58:310,0.5686,0.8636,9.324,0.0155,0.0063,9.8065,0.0184,-0.0069,-0.002,1.75,-31.81,6.69,56.36,-82.12,-170.18
52.402275,-1.532072,158.13,11.33,3,300.99,20 / 21,1731728,2019-09-06 18:44:58:410,1.0389,0.0263,9.0447,0.0117,0.008,9.8066,0.035,-0.019,0.0464,1.38,-32.06,6.56,42.97,-82.17,-170.38
52.402275,-1.532072,158.13,11.33,3,300.99,20 / 21,1731829,2019-09-06 18:44:58:511,-0.101,0.2296,9.83,-0.0222,-0.026,9.8066,-0.1347,0.0743,0.015,2,-31.69,6.81,56.05,-82.13,-170.31
52.402275,-1.532072,158.13,11.33,3,300.99,20 / 21,1731928,2019-09-06 18:44:58:610,1.2521,1.8941,9.7521,-0.0277,-0.0427,9.8065,-0.1585,0.0142,-0.0172,1.31,-31.37,6.56,41.16,-82.11,-170.68
52.402275,-1.532072,158.13,11.33,3,300.99,20 / 21,1732029,2019-09-06 18:44:58:711,0.0674,0.023,10.1462,0.019,0.0151,9.8065,0.0878,-0.0183,-0.0138,0.81,-31.81,6.06,56.26,-82.12,-170.57
52.402275,-1.532072,158.13,11.33,3,300.99,20 / 21,1732129,2019-09-06 18:44:58:811,0.086,0.2925,9.4541,0.011,0.015,9.8066,0.0176,0.008,-0.0176,1.5,-32.69,6.5,56.13,-82.31,-170.5
52.402275,-1.532072,158.13,11.33,3,300.99,20 / 21,1732228,2019-09-06 18:44:58:910,0.6201,0.8972,9.5419,0.0028,-0.0075,9.8066,-0.0589,0.0517,-0.03,2,-32.06,6.19,64.92,-82.42,-171.2
52.402275,-1.532072,158.13,11.33,3,300.99,20 / 21,1732329,2019-09-06 18:44:59:011,2.1907,1.3743,9.6991,-0.0072,-0.0011,9.8066,-0.0433,0.0001,-0.0376,1.69,-31.19,5.69,61.12,-82.55,-171.57
52.402275,-1.532072,158.13,11.33,3,300.99,20 / 21,1732429,2019-09-06 18:44:59:111,0.8077,0.4786,9.7911,-0.0112,-0.0225,9.8065,0.0728,0.0497,-0.0108,1.75,-31.75,6.19,61.36,-82.55,-172.69
52.402275,-1.532072,158.13,11.33,3,300.99,20 / 21,1732528,2019-09-06 18:44:59:210,-0.3609,0.4463,9.2592,-0.006,-0.0095,9.8066,-0.0312,0.0753,-0.0502,1.38,-32.19,6.56,34.92,-82.57,-173.07
52.402275,-1.532072,158.13,11.33,3,300.99,20 / 21,1732635,2019-09-06 18:44:59:317,0.9615,0.2963,9.6467,0.0164,0.0087,9.8066,0.1387,0.0293,-0.0195,1.56,-30.75,7.56,40.51,-82.35,-172.83
52.402275,-1.532072,158.13,11.33,3,300.99,20 / 21,1732728,2019-09-06 18:44:59:410,0.0672,1.2771,9.9216,0.0139,0.0106,9.8066,-0.0183,-0.0696,0.0665,2.38,-29.56,7.75,36.9,-82.43,-174.15
52.402275,-1.532072,158.13,11.33,3,300.99,20 / 21,1732828,2019-09-06 18:44:59:510,0.1064,1.4916,10.3056,-0.0115,-0.0012,9.8066,0.0117,-0.0158,-0.0066,3,-29.37,8.25,46.27,-82.59,-173.04
52.402275,-1.532072,158.13,11.33,3,300.99,20 / 21,1732929,2019-09-06 18:44:59:611,0.9049,0.9546,9.5918,-0.0069,-0.0125,9.8065,-0.0741,0.0167,0.0383,3.5,-29.5,6.88,59.8,-82.73,-173.46
52.402275,-1.532072,158.13,11.33,3,300.99,20 / 21,1733029,2019-09-06 18:44:59:711,0.4131,1.1185,9.2968,0.035,0.0026,9.8065,-0.0705,0.0297,-0.0371,3.19,-29.94,5.38,74.78,-82.94,-174.18
52.402275,-1.532072,158.13,11.33,3,300.99,20 / 21,1733128,2019-09-06 18:44:59:810,0.958,-0.848,9.3635,0.0018,0.0064,9.8066,0.0462,-0.0898,0.0118,2.44,-30,5.31,68.36,-82.89,-173.77
52.402275,-1.532072,158.13,11.33,3,300.99,20 / 21,1733228,2019-09-06 18:44:59:910,-0.1585,0.8749,9.5158,0.0052,0.0205,9.8066,0.0399,0.0483,-0.0676,1.31,-30.12,5.94,36.5,-82.95,-174.34
52.402275,-1.532072,158.13,11.33,3,300.99,20 / 21,1733328,2019-09-06 18:45:00:010,0.9935,0.3066,9.2712,0.0127,0.0145,9.8066,-0.012,0.1182,-0.0549,1.31,-30.37,7.5,23.21,-83.1,-174.22
52.402275,-1.532072,158.13,11.33,3,300.99,20 / 21,1733428,2019-09-06 18:45:00:110,-0.2742,0.7832,10.2412,-0.0172,-0.0182,9.8066,-0.0351,-0.0154,0.0306,1.88,-30.44,7.63,35.15,-83.1,-173.69
52.402275,-1.532072,158.13,11.33,3,300.99,20 / 21,1733529,2019-09-06 18:45:00:211,-0.782,1.4081,10.2504,0.0034,0.0111,9.8066,0.1121,-0.008,0.0498,1.63,-31.12,7.69,36.02,-83.28,-173.22
52.402275,-1.532072,158.13,11.33,3,300.99,20 / 21,1733628,2019-09-06 18:45:00:310,-0.5415,0.1845,10.1862,-0.0318,-0.0058,9.8066,0.0363,-0.0091,0.0486,2.94,-30.56,7.31,54.1,-83.23,-172.26
52.402275,-1.532072,158.13,11.33,3,300.99,20 / 21,1733729,2019-09-06 18:45:00:411,-0.0645,1.4556,10.334,-0.0074,0.0172,9.8066,-0.0126,-0.0242,0.0748,2.63,-30.31,7.06,56.92,-83.1,-169.98
52.402275,-1.532072,158.13,11.33,3,300.99,20 / 21,1733829,2019-09-06 18:45:00:511,0.1895,1.286,9.9121,0.0004,0.0129,9.8066,-0.0011,-0.0014,0.0445,2.25,-29.87,6.88,49.32,-83.23,-168.54
52.402275,-1.532072,158.13,11.33,3,300.99,20 / 21,1733929,2019-09-06 18:45:00:611,-0.219,-0.8983,10.4878,0.0255,0.0275,9.8065,0.0531,-0.1259,0.0721,2.5,-28.94,6.19,65.76,-83.43,-167.9
52.402275,-1.532072,158.13,11.33,3,300.99,20 / 21,1734029,2019-09-06 18:45:00:711,-0.5657,1.7305,10.001,-0.0134,-0.0052,9.8066,0.0191,-0.1116,0.0024,4.19,-28.5,7.88,57,-83.4,-167.4
52.402275,-1.532072,158.13,11.33,3,300.99,20 / 21,1734129,2019-09-06 18:45:00:811,0.3555,0.8472,10.3774,0.0021,-0.0073,9.8066,0.0432,-0.0017,-0.003,3.69,-28.5,6.69,63.41,-83.39,-167.54
52.402275,-1.532072,158.13,11.33,3,300.99,20 / 21,1734229,2019-09-06 18:45:00:911,-0.0984,1.1954,9.5841,0.0018,0.0039,9.8066,0.0305,-0.0386,0.0676,2.88,-29.94,5.94,68.82,-83.3,-167.17
52.402275,-1.532072,158.13,11.33,3,300.99,20 / 21,1734329,2019-09-06 18:45:01:011,0.9834,0.3008,9.1474,0.0026,0.0104,9.8066,-0.0835,-0.1158,0.0648,2.75,-30.5,6.81,60.17,-83.3,-166.84
52.402275,-1.532072,158.13,11.33,3,300.99,19 / 21,1734428,2019-09-06 18:45:01:110,0.4271,1.159,9.5596,0.0281,0.0166,9.8066,-0.1425,0.0083,-0.0517,2.31,-31,6.44,60.32,-83.58,-166.86
52.402275,-1.532072,158.13,11.33,3,300.99,19 / 21,1734529,2019-09-06 18:45:01:211,1.1514,0.5096,9.9983,0.0173,0.011,9.8065,0.0071,0.0784,-0.0509,2,-31.69,6.5,50.96,-83.78,-166.95
52.402275,-1.532072,158.13,11.33,3,300.99,19 / 21,1734628,2019-09-06 18:45:01:310,-0.3029,-0.2151,10.13,0.0148,-0.0025,9.8066,0.0576,0.0153,-0.0276,2.44,-31.06,6.5,48.08,-83.83,-168.01
52.402275,-1.532072,158.13,11.33,3,300.99,19 / 21,1734729,2019-09-06 18:45:01:411,-0.4618,0.5861,9.7832,-0.013,-0.0147,9.8065,-0.0398,0.0103,0.0238,2.31,-31.87,6.19,57.76,-83.68,-169.09
52.402275,-1.532072,158.13,11.33,3,300.99,19 / 21,1734829,2019-09-06 18:45:01:511,0.6817,0.7347,9.7011,-0.013,-0.0116,9.8066,-0.0359,0.0243,-0.0546,2.44,-31.25,6,56.49,-83.48,-169.9
52.402275,-1.532072,158.13,11.33,3,300.99,19 / 21,1734929,2019-09-06 18:45:01:611,0.1531,1.2135,10.0432,-0.0101,-0.0084,9.8066,0.0399,-0.077,0.032,3.06,-30.94,5.38,76.8,-83.52,-170.26
52.402275,-1.532072,158.13,11.33,3,300.99,19 / 21,1735028,2019-09-06 18:45:01:710,1.2615,-0.121,9.8861,-0.0058,0.0027,9.8066,0.0115,-0.0059,0.0145,2.69,-30.81,3.19,105.92,-83.61,-170.88
52.402275,-1.532072,158.13,11.33,3,300.99,19 / 21,1735128,2019-09-06 18:45:01:810,1.1943,-0.8174,9.084,0.0168,-0.0145,9.8065,0.0538,0.019,-0.045,-1.37,-30.5,2.13,210.46,-83.73,-171.24
52.402275,-1.532072,158.13,11.33,3,300.99,19 / 21,1735229,2019-09-06 18:45:01:911,-0.1374,-0.13,10.1124,0.007,0.0084,9.8066,0.0704,-0.0061,-0.0311,-4.06,-31.12,5.19,304.22,-83.69,-170.74
52.402275,-1.532072,158.13,11.33,3,300.99,19 / 21,1735329,2019-09-06 18:45:02:011,0.9313,0.891,9.941,0.0007,-0.0143,9.8066,-0.0581,0.0074,0.0415,-2.94,-31.31,8.44,341.96,-83.72,-170.32
52.402275,-1.532072,158.13,11.33,3,300.99,19 / 21,1735428,2019-09-06 18:45:02:110,0.8688,0.8011,9.7365,0.0032,-0.0082,9.8066,-0.164,0.0667,-0.0619,0.06,-30.19,9.75,14.91,-83.61,-170.11
52.402275,-1.532072,158.13,11.33,3,300.99,19 / 21,1735528,2019-09-06 18:45:02:210,-0.3603,0.7843,9.4531,0.0018,0.0209,9.8065,0.1516,-0.0309,0.0515,2.94,-30.94,9.06,44.15,-83.64,-169.11
52.402275,-1.532072,158.13,11.33,3,300.99,19 / 21,1735628,2019-09-06 18:45:02:310,0.2841,0.1662,9.1111,-0.0287,-0.0123,9.8065,0.0407,-0.0493,0.0616,3.63,-30.62,7.56,58.3,-83.52,-167.97
52.402275,-1.532072,158.13,11.33,3,300.99,19 / 21,1735729,2019-09-06 18:45:02:411,1.058,-0.7899,7.7333,-0.0079,0.007,9.8066,-0.0444,-0.0032,-0.0111,2.38,-32.12,6.81,53.58,-83.39,-166.69
52.402275,-1.532072,158.13,11.33,3,300.99,19 / 21,1735829,2019-09-06 18:45:02:511,0.1705,-0.3226,8.0389,0.0743,0.0499,9.8062,0.0525,0.0803,0.1189,2.31,-31.37,5.81,62.14,-83.99,-163.55
52.402275,-1.532072,158.13,11.33,3,300.99,19 / 21,1735930,2019-09-06 18:45:02:612,5.2008,1.0039,9.8126,0.0141,0.0307,9.8065,0.1434,-0.0973,0.0129,1.75,-31.94,6,66.37,-84.03,-161.16
52.402275,-1.532072,158.13,11.33,3,300.99,19 / 21,1736029,2019-09-06 18:45:02:711,4.3078,1.1019,9.2372,0.0601,0.0446,9.8063,-0.0718,0.2343,-0.3247,1.69,-31.31,6.38,57.26,-84.64,-164.03
52.402275,-1.532072,158.13,11.33,3,300.99,19 / 21,1736129,2019-09-06 18:45:02:811,1.4135,-4.8127,8.9241,0.1258,0.117,9.8051,0.6695,0.1508,-0.238,1.69,-31.31,6.44,57.78,-84.77,-163.02
52.402275,-1.532072,158.13,11.33,3,300.99,19 / 21,1736229,2019-09-06 18:45:02:911,-0.0003,-0.084,11.0345,-0.089,-0.1395,9.8052,0.5146,-0.0712,0.0143,1.63,-30.62,7.5,41.87,-84.43,-166.43
52.402275,-1.532072,158.13,11.33,3,300.99,19 / 21,1736329,2019-09-06 18:45:03:011,-1.1186,-1.8855,10.0198,0.0312,-0.0136,9.8065,-0.2725,0.2127,-0.0114,2.81,-30.56,7.75,47.22,-83.99,-169.72
52.40274,-1.533355,157.49,10.59,3,298.27,20 / 21,1736428,2019-09-06 18:45:03:110,1.0698,-1.6095,10.2728,0.0145,-0.0496,9.8064,-0.1207,0.0186,0.0708,2.63,-30.5,7.75,47.27,-84.23,-168.49
52.40274,-1.533355,157.49,10.59,3,298.27,20 / 21,1736529,2019-09-06 18:45:03:211,0.5762,-0.0008,9.4893,-0.0336,-0.0502,9.8064,-0.1061,0.0133,-0.0511,3.63,-31.37,6.88,57.75,-84.09,-171.79
52.40274,-1.533355,157.49,10.59,3,298.27,20 / 21,1736629,2019-09-06 18:45:03:311,0.6182,0.3865,9.9568,-0.0001,0.0305,9.8065,-0.0647,0.0049,0.1053,3.31,-31.87,7.06,53.1,-83.89,-171.3
52.40274,-1.533355,157.49,10.59,3,298.27,20 / 21,1736729,2019-09-06 18:45:03:411,0.0285,-1.9187,9.8292,0.0202,0.0121,9.8065,0.0966,-0.0245,0.056,2.44,-32,7.44,43.98,-83.87,-171.2
52.40274,-1.533355,157.49,10.59,3,298.27,20 / 21,1736828,2019-09-06 18:45:03:510,-2.0413,0.9717,10.0671,0.006,-0.0112,9.8066,0.0352,0.0542,-0.1946,2.13,-32.12,7.19,45.49,-83.87,-170.23
52.40274,-1.533355,157.49,10.59,3,298.27,20 / 21,1736929,2019-09-06 18:45:03:611,0.4866,-0.4901,9.6701,-0.003,0.0263,9.8065,-0.0896,0.1227,0.1215,2.44,-32,6.94,48.34,-83.99,-167.93
52.40274,-1.533355,157.49,10.59,3,298.27,20 / 21,1737028,2019-09-06 18:45:03:710,1.0063,0.4371,9.8466,0.0088,0.0066,9.8066,-0.0496,0.0145,0.0928,2.63,-31.94,7.31,56.57,-84.22,-167.51
52.40274,-1.533355,157.49,10.59,3,298.27,20 / 21,1737129,2019-09-06 18:45:03:811,-0.2188,-0.8869,9.7639,0.0029,0.0226,9.8066,0.1821,0.0144,-0.0626,2.44,-32.75,7.88,43,-84.23,-167.14
52.40274,-1.533355,157.49,10.59,3,298.27,20 / 21,1737228,2019-09-06 18:45:03:910,0.5362,-1.5631,9.6162,-0.0161,0.0189,9.8066,0.1484,0.1429,0.1002,2.69,-32.56,7.44,59.98,-83.98,-166.63
52.40274,-1.533355,157.49,10.59,3,298.27,20 / 21,1737329,2019-09-06 18:45:04:011,-0.1805,0.4969,9.7415,0.0292,0.0165,9.8066,-0.1529,0.0003,-0.0711,1.75,-32.81,7.69,46.64,-84.03,-165.21
52.40274,-1.533355,157.49,10.59,3,298.27,20 / 21,1737428,2019-09-06 18:45:04:110,0.7064,1.769,10.3369,-0.0154,0.0044,9.8066,-0.0383,0.0361,-0.0167,2.44,-33.5,7.75,46.75,-84.2,-164.61
52.40274,-1.533355,157.49,10.59,3,298.27,20 / 21,1737528,2019-09-06 18:45:04:210,-0.0641,0.7209,10.5393,0.0048,-0.0008,9.8066,-0.0402,0.0413,0.0457,1.81,-33.44,7.81,47.88,-84.31,-163.45
52.40274,-1.533355,157.49,10.59,3,298.27,20 / 21,1737629,2019-09-06 18:45:04:311,2.0661,0.0252,9.3176,0.0116,-0.0032,9.8066,-0.064,0.1121,-0.106,1.75,-32.94,7.75,45.46,-84.36,-165.05
52.40274,-1.533355,157.49,10.59,3,298.27,20 / 21,1737729,2019-09-06 18:45:04:411,0.4977,0.6519,9.1584,-0.0015,0.0127,9.8065,0.0728,-0.0732,0.0738,1.88,-32.81,8.19,46.93,-84.07,-164.9
52.40274,-1.533355,157.49,10.59,3,298.27,20 / 21,1737828,2019-09-06 18:45:04:510,0.571,1.7831,9.7574,0.0108,0.0282,9.8066,-0.0845,-0.0044,-0.0069,2.38,-32.75,8.56,42.74,-83.8,-165.2
52.40274,-1.533355,157.49,10.59,3,298.27,20 / 21,1737929,2019-09-06 18:45:04:611,0.2947,1.9176,10.3045,0.0301,0.0601,9.8063,0.1612,-0.0231,0.0212,2,-32.37,8.69,42.78,-84.01,-164.19
52.40274,-1.533355,157.49,10.59,3,298.27,20 / 21,1738029,2019-09-06 18:45:04:711,-0.0405,-0.1009,9.7007,0.001,-0.0447,9.8065,0.1784,0.0378,-0.1006,2,-32.56,9.06,40.01,-83.92,-166.83
52.40274,-1.533355,157.49,10.59,3,298.27,20 / 21,1738128,2019-09-06 18:45:04:810,0.4958,1.2425,10.1682,-0.0117,-0.0288,9.8065,0.0259,0.0794,-0.0162,2.75,-32.56,8.81,46.68,-83.87,-167.66
52.40274,-1.533355,157.49,10.59,3,298.27,20 / 21,1738229,2019-09-06 18:45:04:911,0.5551,2.4908,10.9131,-0.0061,-0.0361,9.8065,-0.0005,-0.0422,0.0471,2.25,-32.87,8.13,44.25,-83.68,-167.91
52.40274,-1.533355,157.49,10.59,3,298.27,20 / 21,1738329,2019-09-06 18:45:05:011,1.6236,-1.4762,8.9652,-0.0057,-0.0516,9.8065,0.0124,0.1675,-0.1701,3,-33.19,8.06,49.73,-83.75,-169.79
52.40274,-1.533355,157.49,10.59,3,298.27,20 / 21,1738428,2019-09-06 18:45:05:110,0.0174,1.3864,9.3507,0.0323,0.0386,9.8064,0.0128,-0.1073,0.1664,2.81,-33,9.19,42.25,-83.84,-170.92
52.40274,-1.533355,157.49,10.59,3,298.27,20 / 21,1738529,2019-09-06 18:45:05:211,-0.8152,1.7864,9.3192,0.0323,0.0512,9.8065,-0.0921,0.0165,-0.0491,3,-32.19,8.31,45.7,-84.45,-170.06
52.40274,-1.533355,157.49,10.59,3,298.27,20 / 21,1738628,2019-09-06 18:45:05:310,0.5056,0.4974,9.0051,-0.006,-0.0054,9.8066,0.0905,-0.0124,0.0809,2.19,-32.06,8.88,34.89,-84.69,-168.35
52.40274,-1.533355,157.49,10.59,3,298.27,20 / 21,1738729,2019-09-06 18:45:05:411,-1.0093,0.0833,8.5283,-0.0091,0.0383,9.8065,-0.2661,-0.0269,0.0368,1.81,-32.06,7.75,43.89,-85.14,-163.45
52.40274,-1.533355,157.49,10.59,3,298.27,20 / 21,1738828,2019-09-06 18:45:05:510,-0.2508,2.6044,8.6098,-0.0177,0.0797,9.8063,-0.1259,-0.0563,0.1874,1.5,-32.12,7.44,66.46,-85.44,-148.3
52.40274,-1.533355,157.49,10.59,3,298.27,20 / 21,1738928,2019-09-06 18:45:05:610,-0.5465,1.695,10.9044,-0.0247,0.0764,9.8063,0.0318,-0.0392,0.1741,0.5,-32.31,6.75,69,-85.46,-138.78
52.40274,-1.533355,157.49,10.59,3,298.27,20 / 21,1739028,2019-09-06 18:45:05:710,-0.095,2.0114,9.9103,-0.0358,0.0141,9.8066,0.0595,-0.0263,0.1306,0.13,-32.25,7.75,66.31,-85.09,-132.11
52.40274,-1.533355,157.49,10.59,3,298.27,20 / 21,1739128,2019-09-06 18:45:05:810,0.0385,1.9334,10.1201,-0.0321,-0.0023,9.8066,0.0765,-0.062,0.0577,-0.37,-31.56,8.06,72.97,-84.47,-128.83
52.40274,-1.533355,157.49,10.59,3,298.27,20 / 21,1739228,2019-09-06 18:45:05:910,0.1165,1.7353,11.6075,-0.0442,0.0054,9.8065,0.0388,-0.114,0.112,-0.06,-30.75,8.44,76.21,-83.77,-128.11
52.40274,-1.533355,157.49,10.59,3,298.27,20 / 21,1739329,2019-09-06 18:45:06:011,-0.6354,0.2578,10.3711,0.0119,-0.0004,9.8066,0.0698,-0.0944,0.0103,0,-30.5,8.56,70.78,-83.56,-130.11
52.40274,-1.533355,157.49,10.59,3,298.27,19 / 21,1739428,2019-09-06 18:45:06:110,0.14,1.0159,9.722,-0.0182,-0.0312,9.8066,-0.0088,0.0005,-0.0162,0.94,-29.62,7.69,79.19,-83.42,-132.95
52.40274,-1.533355,157.49,10.59,3,298.27,19 / 21,1739529,2019-09-06 18:45:06:211,-0.1912,1.9199,9.3103,-0.0077,-0.0374,9.8065,0.0448,0.0011,-0.0789,0.56,-30.25,7.06,82.29,-83.08,-136.56
52.40274,-1.533355,157.49,10.59,3,298.27,19 / 21,1739628,2019-09-06 18:45:06:310,1.3372,1.0749,9.7596,0.0183,0.0225,9.8065,-0.0368,-0.0503,0.0625,1.13,-29.69,6.81,82.9,-83.06,-136.12
52.40274,-1.533355,157.49,10.59,3,298.27,19 / 21,1739729,2019-09-06 18:45:06:411,-1.0435,-0.1641,10.1238,0.0116,0.0267,9.8065,0.0818,-0.081,0.0365,0.38,-31.06,6.88,75.82,-83.02,-135.96
52.40274,-1.533355,157.49,10.59,3,298.27,19 / 21,1739829,2019-09-06 18:45:06:511,1.2659,1.9657,9.8137,-0.0065,-0.0093,9.8066,-0.1061,-0.0151,0.0055,0.44,-31.44,6.44,84.24,-82.77,-136.52
52.40274,-1.533355,157.49,10.59,3,298.27,19 / 21,1739928,2019-09-06 18:45:06:610,1.1184,1.0845,9.4127,-0.0441,-0.0163,9.8065,-0.1591,-0.0711,-0.0078,-0.37,-31.56,5.94,88.7,-82.54,-135.62
52.40274,-1.533355,157.49,10.59,3,298.27,19 / 21,1740029,2019-09-06 18:45:06:711,0.2195,1.9689,9.5691,0.0066,0.0154,9.8066,0.06,-0.0347,0.0078,-0.37,-32.69,6.25,91.47,-82.46,-135.21
52.40274,-1.533355,157.49,10.59,3,298.27,19 / 21,1740128,2019-09-06 18:45:06:810,0.2399,0.2109,9.7203,-0.0024,0.0065,9.8066,0.0156,-0.1199,0.0398,0.13,-31.81,6.56,82.28,-82.51,-134.31
52.40274,-1.533355,157.49,10.59,3,298.27,19 / 21,1740229,2019-09-06 18:45:06:911,0.8459,2.1765,10.478,0.0083,0.0094,9.8065,-0.0195,-0.137,0.0184,-0.44,-33.44,6.31,92.44,-82.5,-133.86
52.40274,-1.533355,157.49,10.59,3,298.27,19 / 21,1740328,2019-09-06 18:45:07:010,1.4716,1.7359,10.2572,0.0111,0.0137,9.8066,0.0585,-0.0746,0.0421,-0.25,-33.25,6.13,91.91,-82.58,-133.82
52.40274,-1.533355,157.49,10.59,3,298.27,19 / 21,1740429,2019-09-06 18:45:07:111,0.4067,1.3553,9.0656,-0.0086,-0.0077,9.8066,-0.0511,-0.0265,-0.0014,0,-33.12,6,92.23,-82.46,-134.43
52.40274,-1.533355,157.49,10.59,3,298.27,19 / 21,1740528,2019-09-06 18:45:07:210,2.0159,2.2241,9.0395,-0.0288,-0.0162,9.8066,-0.1095,-0.0902,0.0223,-0.5,-34.25,5.5,95.22,-82.32,-134.3
52.40274,-1.533355,157.49,10.59,3,298.27,19 / 21,1740629,2019-09-06 18:45:07:311,1.8834,2.2144,9.4209,0.0124,0.0269,9.8066,-0.1847,0.0204,-0.0557,-0.25,-34,5.5,94.2,-82.48,-134.04
52.40274,-1.533355,157.49,10.59,3,298.27,19 / 21,1740729,2019-09-06 18:45:07:411,2.5084,1.9124,10.9039,-0.0193,0.0161,9.8065,0.0577,-0.0483,0.0665,-0.87,-34.87,5.5,90.97,-82.2,-131.58
52.40274,-1.533355,157.49,10.59,3,298.27,19 / 21,1740829,2019-09-06 18:45:07:511,1.0321,1.4507,9.5386,-0.0051,-0.0001,9.8066,0.0731,-0.0723,-0.016,-1.06,-35.37,5.88,91.75,-82.29,-129.87
52.40274,-1.533355,157.49,10.59,3,298.27,19 / 21,1740928,2019-09-06 18:45:07:610,0.1057,1.1253,8.9852,-0.0075,-0.0065,9.8066,-0.0491,-0.0173,-0.0142,-0.5,-34.94,6.31,101.19,-82.25,-129.8
52.40274,-1.533355,157.49,10.59,3,298.27,19 / 21,1741029,2019-09-06 18:45:07:711,-0.3624,2.3007,9.5587,-0.0013,-0.0073,9.8066,-0.0236,-0.1449,0.0566,-0.81,-35,6.81,83.65,-82.36,-129.58
52.40274,-1.533355,157.49,10.59,3,298.27,19 / 21,1741129,2019-09-06 18:45:07:811,1.064,2.1805,9.9769,-0.0125,-0.0081,9.8066,0.0358,-0.0912,0.0211,-0.56,-35.12,6.19,91.55,-82.37,-129.35
52.40274,-1.533355,157.49,10.59,3,298.27,19 / 21,1741229,2019-09-06 18:45:07:911,1.8077,2.5215,10.0396,0.011,0.0001,9.8065,0.0601,-0.052,0.0073,-0.75,-33.94,6.69,82.86,-82.43,-128.39
52.40274,-1.533355,157.49,10.59,3,298.27,19 / 21,1741329,2019-09-06 18:45:08:011,0.3079,1.9208,10.0399,0.0164,0.0037,9.8066,-0.0782,-0.1181,-0.0191,-0.69,-33.37,6.44,86.48,-82.63,-128.57
52.40274,-1.533355,157.49,10.59,3,298.27,20 / 21,1741429,2019-09-06 18:45:08:111,0.4208,0.7144,9.3423,0.0021,-0.0154,9.8066,0.0164,-0.0433,-0.0481,-0.56,-33.75,6.13,85.89,-82.78,-129.64
52.40274,-1.533355,157.49,10.59,3,298.27,20 / 21,1741528,2019-09-06 18:45:08:210,1.0794,1.3495,9.6779,-0.0009,-0.0096,9.8066,-0.07,-0.1274,0.0262,-0.37,-33.56,5.63,95.18,-82.84,-129.89
52.40274,-1.533355,157.49,10.59,3,298.27,20 / 21,1741629,2019-09-06 18:45:08:311,0.2436,1.2972,10.4888,-0.008,-0.0064,9.8066,0.0336,-0.1127,0.0055,-0.75,-33.31,5.38,92.28,-82.91,-129.95
52.40274,-1.533355,157.49,10.59,3,298.27,20 / 21,1741729,2019-09-06 18:45:08:411,1.0988,1.4329,9.878,0.0055,-0.0064,9.8066,-0.0456,-0.0921,-0.0834,-0.75,-33.69,5.19,94.01,-82.93,-130.23
52.40274,-1.533355,157.49,10.59,3,298.27,20 / 21,1741828,2019-09-06 18:45:08:510,-0.348,1.9959,9.607,-0.0106,-0.0116,9.8066,0.0573,-0.129,0.0269,-1.31,-33.25,5.38,90.57,-83.01,-130.58
52.40274,-1.533355,157.49,10.59,3,298.27,20 / 21,1741929,2019-09-06 18:45:08:611,0.5828,1.7785,9.905,0.023,-0.0041,9.8066,-0.0834,-0.1516,-0.0687,-1.25,-33.31,4.69,87.87,-83.17,-131.62
52.40274,-1.533355,157.49,10.59,3,298.27,20 / 21,1742029,2019-09-06 18:45:08:711,1.1248,1.1305,9.7059,0.0036,-0.0057,9.8066,-0.0286,-0.1627,-0.018,-0.62,-33.5,4.38,100.58,-83.35,-131.85
52.40274,-1.533355,157.49,10.59,3,298.27,20 / 21,1742129,2019-09-06 18:45:08:811,1.696,1.3694,9.9642,0.0039,-0.0049,9.8066,-0.0639,-0.1246,0.0198,-0.5,-32.94,4.31,110.48,-83.42,-132.29
52.40274,-1.533355,157.49,10.59,3,298.27,20 / 21,1742229,2019-09-06 18:45:08:911,0.3046,2.3349,10.0862,0.0096,0.0034,9.8065,-0.0653,-0.1391,-0.0335,-2.19,-32.87,3.5,73.92,-83.59,-132.33
52.40274,-1.533355,157.49,10.59,3,298.27,20 / 21,1742328,2019-09-06 18:45:09:010,0.0982,1.8648,9.7095,-0.008,-0.0099,9.8066,0.0245,-0.1395,0.0283,-1.81,-33.62,3.5,76.64,-83.62,-132.71
52.40274,-1.533355,157.49,10.59,3,298.27,20 / 21,1742429,2019-09-06 18:45:09:111,1.7046,0.916,9.4177,0.0096,0.0013,9.8066,0.0239,-0.1475,-0.0126,-1.44,-33.75,2.63,124.37,-83.59,-133.14
52.40274,-1.533355,157.49,10.59,3,298.27,20 / 21,1742528,2019-09-06 18:45:09:210,1.4876,1.4308,9.6789,0.016,0.0039,9.8066,0.0473,-0.1396,-0.008,-1.69,-33.25,2.81,102,-83.63,-132.97
52.40274,-1.533355,157.49,10.59,3,298.27,20 / 21,1742628,2019-09-06 18:45:09:310,1.4177,0.6143,10.1259,-0.0107,-0.0058,9.8066,-0.0304,-0.1606,0.0282,-1.06,-33.81,2.56,125.79,-83.52,-134.25
52.40274,-1.533355,157.49,10.59,3,298.27,20 / 21,1742729,2019-09-06 18:45:09:411,1.0762,1.4273,9.875,-0.0004,-0.0089,9.8066,0.0168,-0.1203,-0.0321,-1.75,-33.81,3.06,112.38,-83.58,-134.99
52.40274,-1.533355,157.49,10.59,3,298.27,20 / 21,1742829,2019-09-06 18:45:09:511,1.3907,-1.283,9.7476,-0.0166,-0.0051,9.8066,0.0134,-0.1362,-0.0245,-2.44,-34,2.5,112.95,-83.62,-137.15
52.40274,-1.533355,157.49,10.59,3,298.27,20 / 21,1742928,2019-09-06 18:45:09:610,0.7685,-1.4454,9.5841,-0.0125,-0.002,9.8066,-0.0387,-0.1393,-0.0388,-2.19,-33.69,2.25,189.62,-83.7,-138.17
52.40274,-1.533355,157.49,10.59,3,298.27,20 / 21,1743028,2019-09-06 18:45:09:710,-1.4667,-1.4937,9.7842,-0.0081,-0.0127,9.8066,-0.076,-0.1284,0.0013,-2.81,-33.87,2.19,256.58,-83.78,-139.01
52.40274,-1.533355,157.49,10.59,3,298.27,20 / 21,1743128,2019-09-06 18:45:09:810,1.0271,-1.4506,9.9282,-0.0125,-0.0164,9.8066,0.0271,-0.094,0.0042,-2.44,-34,1.69,190.33,-83.89,-137.99
52.40274,-1.533355,157.49,10.59,3,298.27,20 / 21,1743229,2019-09-06 18:45:09:911,0.4376,-1.2561,10.2318,0.0019,-0.0026,9.8066,-0.0623,-0.104,0.0143,-2.19,-34.19,1.38,207.54,-83.96,-136.91
52.40274,-1.533355,157.49,10.59,3,298.27,20 / 21,1743328,2019-09-06 18:45:10:010,1.195,-1.2354,9.9138,0.0025,0.0016,9.8066,-0.0726,-0.1126,0.0088,-2.19,-34.31,1.56,182.99,-84.03,-135.76
52.40274,-1.533355,157.49,10.59,3,298.27,20 / 21,1743429,2019-09-06 18:45:10:111,-0.4825,-1.4488,9.6689,-0.0038,-0.0151,9.8066,-0.0611,-0.1072,-0.0098,-2.62,-34.37,1.44,245.23,-84.15,-134.73
52.40274,-1.533355,157.49,10.59,3,298.27,20 / 21,1743528,2019-09-06 18:45:10:210,-0.8581,-0.8466,10.0204,-0.0095,-0.0117,9.8066,0.0096,-0.0918,0.0271,-2.94,-34.44,1.56,281.94,-84.24,-133.2
52.40274,-1.533355,157.49,10.59,3,298.27,20 / 21,1743629,2019-09-06 18:45:10:311,-1.2158,-0.5424,9.9846,-0.0013,-0.004,9.8066,-0.02,-0.0649,-0.004,-3,-35.06,1.56,280.2,-84.33,-132.05
52.40274,-1.533355,157.49,10.59,3,298.27,20 / 21,1743729,2019-09-06 18:45:10:411,-0.4344,-1.3665,9.9095,-0.0014,-0.006,9.8066,-0.0307,-0.0779,-0.0141,-3.62,-33.87,1.06,279.56,-84.36,-131.08
52.40274,-1.533355,157.49,10.59,3,298.27,20 / 21,1743829,2019-09-06 18:45:10:511,-0.6428,-0.8936,9.7552,-0.002,-0.0153,9.8066,-0.0138,-0.0607,0.0047,-3.69,-34.5,1,284.45,-84.49,-129.17
52.40274,-1.533355,157.49,10.59,3,298.27,20 / 21,1743929,2019-09-06 18:45:10:611,-1.0333,-0.5734,9.8709,-0.0109,-0.0063,9.8065,-0.0137,-0.0645,-0.0097,-3.69,-33.75,0.44,267.65,-84.55,-128.3
52.40274,-1.533355,157.49,10.59,3,298.27,20 / 21,1744028,2019-09-06 18:45:10:710,-1.1209,-0.5256,9.9,0.0024,-0.005,9.8066,-0.0174,-0.0625,-0.0004,-3.87,-34,0.44,269.48,-84.63,-127.45
52.40274,-1.533355,157.49,10.59,3,298.27,20 / 21,1744128,2019-09-06 18:45:10:810,-1.0378,-0.5094,9.9317,-0.0018,-0.0064,9.8066,-0.0079,-0.0547,0.0144,-4.06,-33.94,0.31,270.3,-84.61,-126.33
52.40274,-1.533355,157.49,10.59,3,298.27,20 / 21,1744228,2019-09-06 18:45:10:910,-0.9364,-0.487,10.0228,-0.0051,-0.0091,9.8066,-0.0195,-0.0365,-0.0014,-3.87,-34.44,0.25,271.96,-84.61,-124.82
52.40274,-1.533355,157.49,10.59,3,298.27,20 / 21,1744328,2019-09-06 18:45:11:010,-0.6108,-0.6377,10.0306,-0.0027,-0.0106,9.8066,0.0139,-0.0206,0.0135,-4.06,-33.69,0.56,295.35,-84.61,-123.97
52.40274,-1.533355,157.49,10.59,3,298.27,20 / 21,1744429,2019-09-06 18:45:11:111,-0.5028,-0.2008,9.8841,-0.002,-0.0023,9.8066,0.0141,-0.0357,0.003,-3.87,-34.06,0.88,297.41,-84.62,-123.02
52.40274,-1.533355,157.49,10.59,3,298.27,20 / 21,1744528,2019-09-06 18:45:11:210,-0.2617,-0.089,9.8981,-0.0018,-0.0014,9.8066,0.0019,-0.0273,-0.0018,-4.37,-34.25,0.81,299.3,-84.66,-122.43
52.40274,-1.533355,157.49,10.59,3,298.27,20 / 21,1744629,2019-09-06 18:45:11:311,-0.3297,0.0996,9.7954,-0.0053,-0.0038,9.8066,0.0246,-0.0218,0.0028,-3.94,-33.56,0.94,300.35,-84.66,-121.95
52.40274,-1.533355,157.49,10.59,3,298.27,20 / 21,1744728,2019-09-06 18:45:11:410,-0.2563,-0.0005,9.814,-0.0024,-0.0044,9.8066,-0.0027,-0.0267,0.0031,-4.25,-34.12,1.44,302.95,-84.68,-120.92
52.40274,-1.533355,157.49,10.59,3,298.27,20 / 21,1744828,2019-09-06 18:45:11:510,-0.2271,0.1333,9.8097,-0.005,-0.0066,9.8066,-0.0066,-0.0188,-0.0038,-4.5,-33.81,0.38,278.66,-84.67,-119.71
52.40274,-1.533355,157.49,10.59,3,298.27,20 / 21,1744929,2019-09-06 18:45:11:611,-0.0975,0.0636,9.8728,-0.0037,-0.0066,9.8066,-0.0122,-0.0155,-0.0015,-4.25,-34.19,0.88,307.15,-84.65,-118.88
52.40274,-1.533355,157.49,10.59,3,298.27,20 / 21,1745029,2019-09-06 18:45:11:711,-0.4153,-0.0163,9.8952,-0.001,-0.0041,9.8066,0.0094,-0.0101,0.01,-4.12,-33.69,1.06,309.4,-84.63,-117.81
52.40274,-1.533355,157.49,10.59,3,298.27,20 / 21,1745129,2019-09-06 18:45:11:811,-0.2154,0.1008,9.8382,-0.0021,-0.0049,9.8066,0.0164,-0.0098,0.0107,-4,-33.62,0.56,311.47,-84.63,-116.98
52.40274,-1.533355,157.49,10.59,3,298.27,20 / 21,1745229,2019-09-06 18:45:11:911,-0.1083,0.2709,9.8991,-0.0024,-0.0034,9.8066,0.0197,-0.0095,-0.0017,-3.69,-33.94,0.63,313.92,-84.63,-116.11
52.40274,-1.533355,157.49,10.59,3,298.27,20 / 21,1745329,2019-09-06 18:45:12:011,-0.0332,0.1561,9.9539,-0.0019,-0.0056,9.8066,-0.0026,-0.0122,0.0023,-4.31,-33.87,0.31,283.54,-84.6,-115.1
52.402946,-1.534024,157.37,0,3,320.09,20 / 21,1745429,2019-09-06 18:45:12:111,-0.0534,0.1895,9.8837,0.0028,-0.0017,9.8066,-0.0136,-0.0139,-0.0018,-4.06,-33.75,0.56,317.96,-84.58,-114.41
52.402946,-1.534024,157.37,0,3,320.09,20 / 21,1745528,2019-09-06 18:45:12:210,-0.0691,0.3168,9.8188,0.0015,-0.0042,9.8066,0.0024,0.0031,0.0032,-4.12,-33.94,0.13,285.4,-84.57,-113.33
52.402946,-1.534024,157.37,0,3,320.09,20 / 21,1745629,2019-09-06 18:45:12:311,0.2415,0.255,9.9731,0.003,-0.0001,9.8066,0.0024,-0.0014,0.0076,-3.94,-33.87,0.88,323.21,-84.55,-112.7
52.402946,-1.534024,157.37,0,3,320.09,20 / 21,1745728,2019-09-06 18:45:12:410,0.2614,0.2273,9.8851,-0.0013,-0.0036,9.8065,0.0269,0.0005,0.0053,-3.87,-33.5,0.69,326.02,-84.51,-112.53
52.402946,-1.534024,157.37,0,3,320.09,20 / 21,1745829,2019-09-06 18:45:12:511,0.0118,0.5128,9.7317,-0.0031,-0.0024,9.8066,0.0028,-0.0074,-0.0071,-3.5,-33.5,0.94,262.91,-84.5,-111.89
52.402946,-1.534024,157.37,0,3,320.09,20 / 21,1745928,2019-09-06 18:45:12:610,0.1068,0.413,9.8944,0.0038,-0.0047,9.8066,-0.0113,-0.0257,-0.0029,-3.69,-33.69,0.38,287.39,-84.49,-111.1
52.402946,-1.534024,157.37,0,3,320.09,20 / 21,1746029,2019-09-06 18:45:12:711,0.4359,0.3027,9.7555,-0.0029,-0.0035,9.8066,0.0016,0.0044,0.0067,-4.12,-34.19,0.63,330.95,-84.47,-110.27
52.402946,-1.534024,157.37,0,3,320.09,20 / 21,1746129,2019-09-06 18:45:12:811,0.2024,0.4702,9.6464,0.0001,-0.0043,9.8066,0.0113,-0.0093,0.013,-3.69,-33.5,0.38,292.19,-84.45,-109.86
52.402946,-1.534024,157.37,0,3,320.09,20 / 21,1746229,2019-09-06 18:45:12:911,0.475,0.2121,9.7946,-0.0053,-0.0035,9.8066,0.0047,0.0006,0.0034,-4.56,-33.69,0.69,337.54,-84.43,-109.36
52.402946,-1.534024,157.37,0,3,320.09,20 / 21,1746328,2019-09-06 18:45:13:010,0.4404,0.2441,9.8702,-0.0054,-0.0027,9.8066,0.0004,-0.018,-0.0021,-3.62,-33.44,0.56,340.36,-84.42,-108.41
52.402946,-1.534024,157.37,0,3,320.09,20 / 21,1746429,2019-09-06 18:45:13:111,0.4415,0.2628,9.7603,-0.0049,-0.0019,9.8066,-0.0042,-0.0094,-0.0013,-3.81,-33.62,0.88,340.32,-84.42,-107.95
52.402946,-1.534024,157.37,0,3,320.09,20 / 21,1746528,2019-09-06 18:45:13:210,-0.3031,0.5578,9.7115,-0.0015,-0.0051,9.8066,-0.0061,-0.0059,0.007,-3.5,-33.62,0.31,242.47,-84.4,-107.43
52.402946,-1.534024,157.37,0,3,320.09,20 / 21,1746629,2019-09-06 18:45:13:311,0.1657,0.6057,9.7392,0.0004,-0.003,9.8066,0.014,0.0088,0.0106,-4.19,-34,0.19,292.09,-84.37,-106.95
52.402946,-1.534024,157.37,0,3,320.09,20 / 21,1746728,2019-09-06 18:45:13:410,0.4697,0.1825,9.8401,0.0007,-0.0043,9.8066,0.0134,-0.0076,-0.0005,-3.94,-33.19,0.63,348.02,-84.36,-106.55
52.402946,-1.534024,157.37,0,3,320.09,20 / 21,1746828,2019-09-06 18:45:13:510,0.4127,0.2414,9.7824,-0.0037,-0.0023,9.8066,-0.0081,0.0006,-0.0066,-3.62,-33.87,0.69,348.1,-84.35,-106.24
52.402946,-1.534024,157.37,0,3,320.09,20 / 21,1746929,2019-09-06 18:45:13:611,0.4218,0.1949,9.9653,-0.0028,-0.0019,9.8066,-0.004,-0.0102,0.0078,-4.31,-33.81,0.69,351.16,-84.33,-105.64
52.402946,-1.534024,157.37,0,3,320.09,20 / 21,1747029,2019-09-06 18:45:13:711,0.0049,0.4984,9.933,0.0011,-0.0019,9.8066,0.0053,-0.007,0.0077,-4.06,-34.25,0.13,293.5,-84.3,-105.37
52.402946,-1.534024,157.37,0,3,320.09,20 / 21,1747129,2019-09-06 18:45:13:811,-0.0261,0.3289,9.9333,0.0001,-0.0018,9.8066,0.0086,-0.0041,-0.0018,-3.94,-33.56,0.38,293.72,-84.29,-105.17
52.402946,-1.534024,157.37,0,3,320.09,20 / 21,1747228,2019-09-06 18:45:13:910,0.432,0.2147,9.9956,-0.0039,0,9.8066,-0.0066,-0.0077,-0.0091,-4.12,-33.5,0.69,356.91,-84.29,-104.65
52.402946,-1.534024,157.37,0,3,320.09,20 / 21,1747328,2019-09-06 18:45:14:010,0.4271,0.1412,9.87,-0.0011,-0.0012,9.8066,-0.0148,-0.0002,0.0082,-4.12,-33.94,0.56,357.73,-84.28,-104.43
52.402946,-1.534024,157.37,0,3,320.09,19 / 20,1747429,2019-09-06 18:45:14:111,0.2354,0.1575,9.9025,-0.0048,-0.0001,9.8066,0.0171,0,0.0104,-4.25,-33.75,0.69,359.32,-84.25,-104.15
52.402946,-1.534024,157.37,0,3,320.09,19 / 20,1747529,2019-09-06 18:45:14:211,0.7129,0.09,9.8383,-0.0046,0.0006,9.8066,0.0035,-0.0133,0.0029,-4.06,-34.44,0.56,2.72,-84.26,-103.57
52.402946,-1.534024,157.37,0,3,320.09,19 / 20,1747629,2019-09-06 18:45:14:311,0.5076,0.0135,9.6773,-0.0033,-0.0005,9.8066,-0.0058,-0.0052,-0.013,-3.94,-33.56,0.5,4.62,-84.24,-103.26
52.402946,-1.534024,157.37,0,3,320.09,19 / 20,1747729,2019-09-06 18:45:14:411,0.3419,0.7461,9.7538,-0.0003,-0.0015,9.8066,0.0063,-0.0033,0.0103,-4.37,-33.12,0.31,302.12,-84.24,-102.98
52.402946,-1.534024,157.37,0,3,320.09,19 / 20,1747829,2019-09-06 18:45:14:511,0.3302,0.8367,9.8179,-0.0011,-0.0021,9.8066,0.0099,0.0115,0.0109,-3.87,-33.81,0.31,297.44,-84.23,-102.79
52.402946,-1.534024,157.37,0,3,320.09,19 / 20,1747929,2019-09-06 18:45:14:611,0.2271,0.5941,9.7961,-0.0009,-0.0012,9.8066,-0.0009,-0.014,-0.002,-3.81,-33.44,0.25,302.31,-84.22,-102.76
52.402946,-1.534024,157.37,0,3,320.09,19 / 20,1748029,2019-09-06 18:45:14:711,0.8511,0.1048,9.8161,-0.0035,-0.0006,9.8066,-0.0006,-0.024,-0.0051,-3.69,-33.5,0.56,7,-84.23,-102.7
52.402946,-1.534024,157.37,0,3,320.09,19 / 20,1748129,2019-09-06 18:45:14:811,1.133,-0.2518,9.7964,-0.003,-0.0007,9.8066,0.0031,-0.0045,0.0118,-3.44,-33.37,0.38,236.6,-84.19,-102.43
52.402946,-1.534024,157.37,0,3,320.09,19 / 20,1748228,2019-09-06 18:45:14:910,0.9262,-0.0201,9.7925,-0.0022,0.0011,9.8065,0.007,-0.0008,0.0076,-3.62,-33.44,0.44,301.64,-84.17,-102.48
52.402946,-1.534024,157.37,0,3,320.09,19 / 20,1748329,2019-09-06 18:45:15:011,1.3108,-0.1628,9.8473,0.0007,0.0001,9.8065,-0.0081,0.007,-0.0045,-3.56,-33.75,0.63,9.24,-84.16,-102.58
52.402946,-1.534024,157.37,0,3,320.09,19 / 20,1748429,2019-09-06 18:45:15:111,-0.6646,0.9424,9.7624,0.001,0.0011,9.8065,0.0106,-0.0146,0.0094,-3.5,-33.62,0.25,229.17,-84.13,-102.55
52.402946,-1.534024,157.37,0,3,320.09,19 / 20,1748529,2019-09-06 18:45:15:211,0.5102,1.1297,9.8527,0.0049,0.0006,9.8066,0.0192,-0.0261,0.0045,-3.44,-33.06,0.13,233.61,-84.1,-102.58
52.402946,-1.534024,157.37,0,3,320.09,19 / 20,1748629,2019-09-06 18:45:15:311,0.8118,1.225,9.9433,0.002,-0.0019,9.8066,-0.0046,-0.0101,-0.0039,-4.44,-33.81,0.5,11.1,-84.06,-102.45
52.402946,-1.534024,157.37,0,3,320.09,19 / 20,1748729,2019-09-06 18:45:15:411,1.3839,-0.407,9.8135,-0.001,-0.0032,9.8065,0.0138,-0.0313,0.0174,-3.87,-34.19,0.69,11.07,-84.03,-102.5
52.402946,-1.534024,157.37,0,3,320.09,19 / 20,1748830,2019-09-06 18:45:15:512,0.7609,1.0929,9.8091,0.0069,0.0048,9.8066,-0.0182,-0.0468,0.0042,-3.81,-33.56,0.69,9.05,-83.98,-102.86
52.402946,-1.534024,157.37,0,3,320.09,19 / 20,1748929,2019-09-06 18:45:15:611,1.3009,-0.3705,9.7699,0.0068,-0.002,9.8066,-0.0013,-0.0307,-0.0044,-4,-33.25,0.94,6.06,-83.97,-103.1
52.402946,-1.534024,157.37,0,3,320.09,19 / 20,1749029,2019-09-06 18:45:15:711,1.844,-0.4443,9.73,0.0046,-0.002,9.8066,-0.0057,-0.0446,0.0081,-4.06,-33.12,0.63,2.84,-83.95,-103.61
52.402946,-1.534024,157.37,0,3,320.09,19 / 20,1749129,2019-09-06 18:45:15:811,2.3361,-0.2233,9.6511,0.0085,0.0002,9.8066,0.0168,-0.0523,0.012,-3.69,-33.62,0.94,358.29,-83.95,-104.25
52.402946,-1.534024,157.37,0,3,320.09,19 / 20,1749229,2019-09-06 18:45:15:911,2.7068,-0.1012,9.6431,0.0036,-0.0008,9.8065,-0.0098,-0.0715,-0.0072,-4.25,-33.5,1.13,353.55,-83.95,-105.02
52.402946,-1.534024,157.37,0,3,320.09,19 / 20,1749328,2019-09-06 18:45:16:010,2.097,-0.0017,9.8862,-0.0011,-0.003,9.8066,-0.0202,-0.0721,-0.0164,-4.12,-33.5,0.81,351.64,-83.92,-105.27
52.402946,-1.534024,157.37,0,3,320.09,20 / 21,1749429,2019-09-06 18:45:16:111,2.554,-0.2214,9.7978,-0.0018,-0.0031,9.8066,-0.0286,-0.0795,0.0135,-4.25,-33.69,0.63,352.86,-83.91,-104.9
52.402946,-1.534024,157.37,0,3,320.09,20 / 21,1749528,2019-09-06 18:45:16:210,1.4568,1.3943,10.0456,0.0079,-0.0062,9.8066,0.0357,-0.062,0.0294,-4.69,-34.12,0,311.33,-83.84,-105.17
52.402946,-1.534024,157.37,0,3,320.09,20 / 21,1749629,2019-09-06 18:45:16:311,2.6465,1.7875,9.3674,-0.001,0.0086,9.8066,-0.0108,-0.04,-0.0218,-4.69,-33.25,0.25,312.05,-83.87,-106.11
52.402946,-1.534024,157.37,0,3,320.09,20 / 21,1749728,2019-09-06 18:45:16:410,1.1106,1.1437,9.488,0.0146,0.0068,9.8066,0.0331,-0.0756,0.0245,-4.94,-33.44,-0.19,309.06,-83.84,-107.31
52.402946,-1.534024,157.37,0,3,320.09,20 / 21,1749829,2019-09-06 18:45:16:511,2.5428,0.0496,9.8926,-0.0018,-0.0034,9.8066,0.032,-0.0656,0.03,-4.87,-33.25,0.13,306.03,-83.77,-108.27
52.402946,-1.534024,157.37,0,3,320.09,20 / 21,1749929,2019-09-06 18:45:16:611,2.6344,0.5334,9.6123,-0.0028,-0.0006,9.8066,-0.0253,-0.075,0.0114,-4.75,-33.25,0.5,338.22,-83.81,-107.95
52.402946,-1.534024,157.37,0,3,320.09,20 / 21,1750029,2019-09-06 18:45:16:711,2.9215,0.8269,9.5996,0.0038,-0.0129,9.8066,-0.0045,-0.034,0.0149,-4.94,-32.37,0.88,339.57,-83.68,-107.66
52.402946,-1.534024,157.37,0,3,320.09,20 / 21,1750129,2019-09-06 18:45:16:811,1.9224,1.7863,9.8089,0.0016,-0.0178,9.8066,0.0626,-0.0303,0.0617,-5.44,-33.12,0.06,305.04,-83.44,-106.46
52.402946,-1.534024,157.37,0,3,320.09,20 / 21,1750229,2019-09-06 18:45:16:911,1.7649,0.9367,9.8134,0.0017,-0.0144,9.8066,-0.0297,-0.0445,0.0363,-5.94,-33.5,-0.06,318.15,-83.18,-105.71
52.402946,-1.534024,157.37,0,3,320.09,20 / 21,1750329,2019-09-06 18:45:17:011,2.6095,0.819,10.0459,0.0049,-0.009,9.8066,-0.0275,-0.0532,0.0234,-5.81,-33.37,0,318.4,-83.06,-105.11
52.402946,-1.534024,157.37,0,3,320.09,20 / 21,1750429,2019-09-06 18:45:17:111,2.1634,0.9126,9.6171,0.0083,-0.011,9.8065,-0.058,-0.0016,0.0126,-6.06,-33.06,0.31,320.07,-83,-104.16
52.402946,-1.534024,157.37,0,3,320.09,20 / 21,1750528,2019-09-06 18:45:17:210,1.7857,1.1862,9.8266,-0.0049,-0.0185,9.8066,-0.0013,-0.0375,0.0209,-6,-32.62,-0.31,323.4,-82.8,-102.03
52.402946,-1.534024,157.37,0,3,320.09,20 / 21,1750628,2019-09-06 18:45:17:310,2.1453,1.0489,9.3258,-0.0125,-0.0133,9.8066,-0.038,-0.0593,0.0413,-5.87,-32.81,-0.12,325.31,-82.72,-101.04
52.402946,-1.534024,157.37,0,3,320.09,20 / 21,1750728,2019-09-06 18:45:17:410,0.8403,0.5928,10.2305,-0.0087,-0.0189,9.8066,0.0519,-0.0529,0.0432,-6.69,-33.44,-1.12,316.44,-82.57,-100.5
52.402946,-1.534024,157.37,0,3,320.09,20 / 21,1750829,2019-09-06 18:45:17:511,1.1362,0.7702,10.5611,0.0007,-0.0115,9.8066,0.0621,-0.0783,-0.0045,-7.44,-33.06,-0.69,316.71,-82.41,-99.78
52.402946,-1.534024,157.37,0,3,320.09,20 / 21,1750929,2019-09-06 18:45:17:611,2.0634,1.299,10.4119,0.0323,0.0108,9.8065,0.0797,-0.027,0.0551,-7.31,-32.81,-0.81,314.39,-82.32,-100.62
52.402946,-1.534024,157.37,0,3,320.09,20 / 21,1751029,2019-09-06 18:45:17:711,1.1569,0.9308,9.7013,0.0133,0.018,9.8066,-0.0678,-0.0301,0.0128,-6.81,-33.25,-0.69,312.45,-82.31,-101.56
52.402946,-1.534024,157.37,0,3,320.09,20 / 21,1751128,2019-09-06 18:45:17:810,0.1347,-0.478,9.8929,-0.0052,-0.0072,9.8066,0.0865,-0.0494,-0.0354,-7.75,-33.12,-1.19,319.35,-82.3,-102.24
52.402946,-1.534024,157.37,0,3,320.09,20 / 21,1751229,2019-09-06 18:45:17:911,2.1636,-0.1329,10.7579,-0.0048,-0.0192,9.8066,-0.0088,-0.0168,0.0399,-7.62,-33.5,-0.75,317.38,-82.21,-103.07
52.402946,-1.534024,157.37,0,3,320.09,20 / 21,1751329,2019-09-06 18:45:18:011,2.1101,1.9026,10.3085,0.0712,0.0334,9.8063,-0.0647,-0.1434,-0.0526,-7.75,-33.44,0,325.43,-82.01,-105.25
52.402946,-1.534024,157.37,0,3,320.09,19 / 21,1751429,2019-09-06 18:45:18:111,2.6284,1.0789,9.7941,0.0136,0.0328,9.8065,0.063,-0.0887,-0.0363,-7.62,-34.5,-0.56,303.26,-82.04,-109.89
52.402946,-1.534024,157.37,0,3,320.09,19 / 21,1751528,2019-09-06 18:45:18:210,0.6138,2.0433,8.3207,-0.0309,0.0038,9.8066,-0.1538,-0.1042,0.0171,-8,-34.12,-0.87,300.97,-82.15,-111.84
52.402946,-1.534024,157.37,0,3,320.09,19 / 21,1751628,2019-09-06 18:45:18:310,0.5029,0.2579,10.7341,0.0601,0.0067,9.8064,-0.2017,-0.0047,-0.0509,-7.75,-34.56,-0.31,307.06,-81.83,-112.69
52.402946,-1.534024,157.37,0,3,320.09,19 / 21,1751729,2019-09-06 18:45:18:411,2.4932,1.6099,10.228,0.0523,0.0153,9.8065,-0.0619,0.0421,-0.0644,-7.87,-34.5,0.5,322.7,-81.98,-113.2
52.402946,-1.534024,157.37,0,3,320.09,19 / 21,1751828,2019-09-06 18:45:18:510,1.5476,0.2189,10.7813,0.006,0.0168,9.8066,0.1467,-0.1328,0.0824,-8.44,-35.31,-0.19,308.06,-82.1,-113.25
52.402946,-1.534024,157.37,0,3,320.09,19 / 21,1751929,2019-09-06 18:45:18:611,1.9285,0.7208,9.4703,0.0099,0.026,9.8066,-0.1458,-0.0193,-0.0561,-8,-34.44,-0.25,311,-82.27,-113.04
52.402946,-1.534024,157.37,0,3,320.09,19 / 21,1752028,2019-09-06 18:45:18:710,0.7836,0.1698,10.431,0.0199,0.0066,9.8066,-0.0584,-0.1767,0.0906,-7.12,-33.75,0.19,302.46,-82.39,-114.2
52.402946,-1.534024,157.37,0,3,320.09,19 / 21,1752128,2019-09-06 18:45:18:810,2.6158,0.7929,10.2152,-0.0085,0.0129,9.8066,0.189,-0.0592,-0.0107,-7.25,-34.81,0.06,299.57,-82.31,-114.34
52.402946,-1.534024,157.37,0,3,320.09,19 / 21,1752229,2019-09-06 18:45:18:911,1.6652,-0.0872,10.9869,-0.0289,-0.0263,9.8065,-0.1249,-0.0185,-0.0308,-7.81,-33.75,-0.31,309.58,-82.37,-114.23
52.402946,-1.534024,157.37,0,3,320.09,19 / 21,1752329,2019-09-06 18:45:19:011,0.8482,0.1995,10.115,0.0117,0.0149,9.8066,0.1366,0.0059,-0.0151,-7.37,-34.87,-0.87,287.33,-82.38,-115.23
52.402946,-1.534024,157.37,0,3,320.09,20 / 21,1752429,2019-09-06 18:45:19:111,1.4199,1.2235,10.1737,-0.008,-0.0006,9.8065,0.0694,-0.0798,0.0211,-7.94,-35.56,-2.37,287.4,-82.45,-114.95
52.402946,-1.534024,157.37,0,3,320.09,20 / 21,1752529,2019-09-06 18:45:19:211,0.8289,0.4931,11.1168,0.0141,0.0322,9.8065,-0.076,-0.0997,-0.0679,-8,-35.75,-2.69,282.15,-82.5,-114.36
52.402946,-1.534024,157.37,0,3,320.09,20 / 21,1752628,2019-09-06 18:45:19:310,0.799,1.0658,9.6147,-0.0183,0.0288,9.8066,0.0849,-0.0486,-0.0475,-8.56,-38.5,-2.25,290.43,-82.71,-117.33
52.402946,-1.534024,157.37,0,3,320.09,20 / 21,1752728,2019-09-06 18:45:19:410,-0.3296,2.8149,8.2231,0.0118,-0.004,9.8066,-0.0247,0.0489,-0.007,-9.5,-39.81,-1.25,292.46,-82.74,-119.77
52.402946,-1.534024,157.37,0,3,320.09,20 / 21,1752829,2019-09-06 18:45:19:511,1.8526,-0.7086,9.7373,0.0095,-0.025,9.8066,-0.0004,-0.1034,0.1339,-9.81,-39.19,0.5,314.46,-82.46,-119.6
52.402946,-1.534024,157.37,0,3,320.09,20 / 21,1752928,2019-09-06 18:45:19:610,0.7959,-1.2137,11.2993,-0.0106,0.0152,9.8066,0.0895,-0.0001,0.0126,-9.37,-38.37,2.81,336.98,-82.35,-119.22
52.402946,-1.534024,157.37,0,3,320.09,20 / 21,1753030,2019-09-06 18:45:19:712,2.0289,-1.0597,9.6258,-0.0064,0.0048,9.8065,-0.1561,0.0016,-0.1143,-9.06,-35.44,2.88,341.37,-82.64,-118.23
52.402946,-1.534024,157.37,0,3,320.09,20 / 21,1753129,2019-09-06 18:45:19:811,2.5981,0.1242,9.9636,0.0186,-0.0128,9.8066,-0.0131,-0.0759,0.0354,-7.94,-34.19,3,347.31,-82.71,-116.78
52.402946,-1.534024,157.37,0,3,320.09,20 / 21,1753229,2019-09-06 18:45:19:911,-0.4405,-0.5184,10.2679,0.0326,-0.0094,9.8065,-0.0479,-0.0989,0.025,-7.37,-33.06,1.81,332.12,-82.47,-117.46
52.402946,-1.534024,157.37,0,3,320.09,20 / 21,1753329,2019-09-06 18:45:20:011,1.8389,-0.4541,9.3111,0.0142,-0.0062,9.8066,0.0047,-0.0222,0.0758,-7.87,-32.19,1,318.95,-82.22,-117.17
52.402946,-1.534024,157.37,0,3,320.09,20 / 21,1753428,2019-09-06 18:45:20:110,1.7787,0.5063,9.8765,0.0422,-0.0156,9.8064,-0.0604,-0.0448,-0.0352,-7.94,-32.62,0.25,304.36,-82.05,-117.08
52.402946,-1.534024,157.37,0,3,320.09,20 / 21,1753529,2019-09-06 18:45:20:211,1.3349,0.2444,10.1087,0.0125,0.009,9.8066,-0.0428,-0.0465,0.0381,-8.06,-32.5,-0.19,306.72,-81.99,-116.28
52.402946,-1.534024,157.37,0,3,320.09,20 / 21,1753629,2019-09-06 18:45:20:311,-0.1098,-0.0624,9.5814,0.0217,0.0104,9.8066,-0.1178,-0.0827,0.0869,-7.87,-32.25,-0.5,304.51,-81.92,-117.42
52.402946,-1.534024,157.37,0,3,320.09,20 / 21,1753728,2019-09-06 18:45:20:410,1.2254,0.8413,9.3586,-0.0324,-0.034,9.8065,0.1174,-0.0068,0.0223,-8.19,-32.37,-1.56,287.38,-81.81,-116.22
52.402946,-1.534024,157.37,0,3,320.09,20 / 21,1753828,2019-09-06 18:45:20:510,0.9123,0.0333,9.6801,-0.036,-0.0336,9.8065,0.0186,-0.0849,0.0295,-7.62,-32.06,-0.87,296.23,-81.84,-115.79
52.402946,-1.534024,157.37,0,3,320.09,20 / 21,1753929,2019-09-06 18:45:20:611,0.3186,0.7836,10.0634,0.0067,0.0186,9.8066,0.0085,-0.039,-0.0117,-7.94,-32.5,-1.37,294.56,-81.73,-116.51
52.402946,-1.534024,157.37,0,3,320.09,20 / 21,1754029,2019-09-06 18:45:20:711,0.3213,0.7017,9.6511,0.0027,0.0102,9.8066,-0.0967,-0.0744,0.0243,-8.25,-32.12,-1.19,296.19,-81.85,-115.86
52.402946,-1.534024,157.37,0,3,320.09,20 / 21,1754129,2019-09-06 18:45:20:811,1.2083,0.4269,9.4568,0.0197,0.0153,9.8065,-0.0621,0.0202,-0.056,-8.62,-32.87,-1.06,300.35,-81.79,-116.14
52.402946,-1.534024,157.37,0,3,320.09,20 / 21,1754229,2019-09-06 18:45:20:911,0.6841,1.1304,10.0766,0.0136,0.0148,9.8066,0.071,-0.0277,0.0305,-8.69,-32.44,-1.5,299.62,-81.79,-117.56
52.402946,-1.534024,157.37,0,3,320.09,20 / 21,1754329,2019-09-06 18:45:21:011,0.2476,1.0119,9.9122,0.0254,0.0167,9.8065,-0.1167,-0.0209,-0.0387,-8.62,-32.87,-0.62,295.69,-81.67,-119.04
52.403164,-1.534221,157.93,8.02,3,336.15,20 / 21,1754428,2019-09-06 18:45:21:110,1.2338,0.3892,9.7932,0.0123,0.0209,9.8066,-0.1334,-0.0833,0.0453,-8.56,-32.81,-0.75,296.52,-81.71,-118.6
52.403164,-1.534221,157.93,8.02,3,336.15,20 / 21,1754529,2019-09-06 18:45:21:211,0.0762,-0.107,10.13,-0.0116,-0.0039,9.8066,0.0213,-0.0408,0.0583,-8.5,-32.31,-0.25,300.72,-81.75,-119.19
52.403164,-1.534221,157.93,8.02,3,336.15,20 / 21,1754628,2019-09-06 18:45:21:310,0.6077,0.2846,10.1458,0.013,-0.0066,9.8066,0.1576,-0.0066,-0.0095,-9.37,-32.5,-1.19,296.72,-81.63,-119.1
52.403164,-1.534221,157.93,8.02,3,336.15,20 / 21,1754728,2019-09-06 18:45:21:410,0.691,1.8145,9.2667,-0.025,-0.011,9.8065,-0.2918,-0.0913,0.1109,-8.75,-32.31,-0.62,297.65,-81.65,-118.46
52.403164,-1.534221,157.93,8.02,3,336.15,20 / 21,1754829,2019-09-06 18:45:21:511,0.1114,1.0096,10.5073,0.0462,0.0125,9.8065,-0.1625,-0.1003,0.0179,-8.87,-32.81,-1.5,296.33,-81.77,-118.96
52.403164,-1.534221,157.93,8.02,3,336.15,20 / 21,1754929,2019-09-06 18:45:21:611,1.0429,2.0199,10.0142,0.0437,-0.0049,9.8065,-0.0292,0.04,-0.113,-9.37,-32.37,-0.69,293.47,-81.23,-120.01
52.403164,-1.534221,157.93,8.02,3,336.15,20 / 21,1755028,2019-09-06 18:45:21:710,-0.2494,-0.1605,9.974,0.0171,0.0157,9.8066,-0.0094,-0.054,0.1205,-9,-32.62,-0.5,297.09,-81.09,-121.94
52.403164,-1.534221,157.93,8.02,3,336.15,20 / 21,1755128,2019-09-06 18:45:21:810,1.9056,-0.5647,9.9521,-0.0091,-0.0021,9.8066,-0.0101,-0.1763,0.0907,-9.31,-31.87,-0.44,296.91,-80.95,-122.56
52.403164,-1.534221,157.93,8.02,3,336.15,20 / 21,1755229,2019-09-06 18:45:21:911,0.2857,1.1152,9.8597,-0.0352,-0.001,9.8065,0.107,-0.0901,-0.0065,-9.56,-32.69,-1.31,292.77,-80.92,-122.38
52.403164,-1.534221,157.93,8.02,3,336.15,20 / 21,1755329,2019-09-06 18:45:22:011,1.9618,-0.0259,10.384,-0.0278,-0.018,9.8066,0.0958,-0.1083,0.0718,-9.44,-31.81,0,299.57,-81.07,-121.16
52.403164,-1.534221,157.93,8.02,3,336.15,20 / 21,1755428,2019-09-06 18:45:22:110,0.0996,-0.035,10.5043,-0.0003,0.0113,9.8066,0.1412,-0.0418,-0.0606,-9.31,-32.06,-0.56,290.11,-81.04,-121.83
52.403164,-1.534221,157.93,8.02,3,336.15,20 / 21,1755529,2019-09-06 18:45:22:211,1.1762,0.1734,9.6004,0.0303,0.0319,9.8064,-0.0199,0.0063,-0.0492,-8.81,-32.25,-0.69,288.37,-81.14,-123.6
52.403164,-1.534221,157.93,8.02,3,336.15,20 / 21,1755629,2019-09-06 18:45:22:311,1.9049,0.7756,9.5048,0.0182,0.0301,9.8065,0.0713,-0.0543,0.0088,-8.56,-32.56,-0.87,282.17,-81.04,-127.21
52.403164,-1.534221,157.93,8.02,3,336.15,20 / 21,1755729,2019-09-06 18:45:22:411,0.2953,1.4192,10.2278,0.0039,0.0007,9.8066,-0.0972,0.0699,-0.079,-8.12,-32.37,0.44,284.74,-81.1,-127.84
52.403164,-1.534221,157.93,8.02,3,336.15,20 / 21,1755830,2019-09-06 18:45:22:512,-0.0093,-1.9198,10.2981,-0.0325,-0.0054,9.8065,0.0158,-0.1168,-0.0005,-8.37,-32.87,-1.25,278.42,-81.48,-127.02
52.403164,-1.534221,157.93,8.02,3,336.15,20 / 21,1755929,2019-09-06 18:45:22:611,0.7637,0.4586,9.6047,0.0108,0.0348,9.8065,-0.0861,-0.1188,0.0347,-8.06,-32.12,-0.75,279.49,-81.65,-128.24
52.403164,-1.534221,157.93,8.02,3,336.15,20 / 21,1756030,2019-09-06 18:45:22:712,0.2872,-0.0605,9.4104,0.0143,0.0172,9.8065,-0.0691,-0.0087,-0.0345,-7.94,-32.56,-1.44,278.23,-81.65,-128.1
52.403164,-1.534221,157.93,8.02,3,336.15,20 / 21,1756128,2019-09-06 18:45:22:810,0.6278,0.2294,9.667,-0.0135,0.0071,9.8066,-0.0646,-0.0257,0.026,-8,-31.81,-0.81,278.78,-81.63,-128.75
52.403164,-1.534221,157.93,8.02,3,336.15,20 / 21,1756228,2019-09-06 18:45:22:910,-0.0029,0.9201,9.5753,0.0176,0.0207,9.8066,0.0504,-0.0008,-0.048,-7.81,-32,-1.31,277.4,-81.68,-130.29
52.403164,-1.534221,157.93,8.02,3,336.15,20 / 21,1756329,2019-09-06 18:45:23:011,1.2678,1.1953,9.9505,-0.0102,-0.0132,9.8066,0.0739,-0.0482,0.0395,-8.06,-32.5,-0.75,277.11,-81.59,-130.08
52.403164,-1.534221,157.93,8.02,3,336.15,18 / 21,1756429,2019-09-06 18:45:23:111,0.9938,0.7751,9.7321,-0.0125,-0.0072,9.8066,-0.0782,-0.0355,0.0062,-8.5,-33.25,-1.25,275.12,-81.55,-130.42
52.403164,-1.534221,157.93,8.02,3,336.15,18 / 21,1756528,2019-09-06 18:45:23:210,0.445,0.6976,9.8793,-0.0003,-0.004,9.8066,-0.0143,-0.1086,-0.0069,-8.12,-32.87,-1.37,273.97,-81.44,-130.94
52.403164,-1.534221,157.93,8.02,3,336.15,18 / 21,1756628,2019-09-06 18:45:23:310,0.485,0.7999,9.8441,-0.003,-0.0008,9.8066,-0.0326,-0.0004,-0.0585,-8.31,-32.19,-1.06,275.06,-81.41,-131.1
52.403164,-1.534221,157.93,8.02,3,336.15,18 / 21,1756729,2019-09-06 18:45:23:411,-0.3599,1.4345,10.312,-0.0006,-0.0031,9.8066,0.0758,-0.0591,0.0561,-8.56,-32.62,-1.25,278.9,-81.44,-131.85
52.403164,-1.534221,157.93,8.02,3,336.15,18 / 21,1756829,2019-09-06 18:45:23:511,0.0788,1.3726,10.0895,-0.0025,-0.0131,9.8066,0.0926,-0.0201,-0.1026,-7.75,-32.19,-0.5,281.89,-81.32,-131.29
52.403164,-1.534221,157.93,8.02,3,336.15,18 / 21,1756929,2019-09-06 18:45:23:611,0.7952,-0.0463,9.7428,0.0159,0.0158,9.8066,-0.042,-0.0157,0.0956,-8.75,-32.44,-0.94,279.07,-81.32,-132.32
52.403164,-1.534221,157.93,8.02,3,336.15,18 / 21,1757028,2019-09-06 18:45:23:710,1.543,0.7532,9.7208,0.0295,0.0075,9.8065,-0.0721,-0.0371,-0.013,-8.62,-32.75,-0.69,277.25,-81.21,-132.35
52.403164,-1.534221,157.93,8.02,3,336.15,18 / 21,1757128,2019-09-06 18:45:23:810,-1.3979,1.1984,9.6967,-0.0504,-0.018,9.8064,0.2118,-0.1217,0.1493,-9.12,-32.62,-1.06,278.34,-81.35,-131.97
52.403164,-1.534221,157.93,8.02,3,336.15,18 / 21,1757229,2019-09-06 18:45:23:911,1.0656,0.6069,9.5499,-0.0102,-0.0269,9.8066,-0.0866,-0.0757,-0.047,-8.94,-32.31,-0.31,285.01,-81.12,-132.42
52.403164,-1.534221,157.93,8.02,3,336.15,18 / 21,1757328,2019-09-06 18:45:24:010,2.3403,2.9938,9.4291,0.0195,0.01,9.8066,-0.1085,0.0511,-0.1169,-9.06,-32.44,-1.56,272.76,-81.14,-131.97
52.403164,-1.534221,157.93,8.02,3,336.15,19 / 21,1757428,2019-09-06 18:45:24:110,1.1446,0.5407,10.6699,-0.0036,0.0163,9.8066,0.0363,-0.078,0.1111,-8.81,-32.25,-1.37,278.68,-81.23,-132.27
52.403164,-1.534221,157.93,8.02,3,336.15,19 / 21,1757528,2019-09-06 18:45:24:210,-0.012,1.0398,9.5727,0.0109,0.0165,9.8065,-0.0477,-0.04,0.024,-8.87,-32.31,-0.75,278.05,-81.16,-132.54
52.403164,-1.534221,157.93,8.02,3,336.15,19 / 21,1757629,2019-09-06 18:45:24:311,-1.0641,0.1099,10.3701,0.0242,0.0108,9.8065,-0.0577,0.0602,-0.005,-8.81,-32.75,-1.12,275.27,-81.02,-133.35
52.403164,-1.534221,157.93,8.02,3,336.15,19 / 21,1757728,2019-09-06 18:45:24:410,0.5192,0.9566,10.5498,0.0353,0.0064,9.8066,-0.0026,0.039,-0.056,-8.69,-32.37,-0.87,276.48,-81.03,-133.46
52.403164,-1.534221,157.93,8.02,3,336.15,19 / 21,1757828,2019-09-06 18:45:24:510,0.8109,0.5662,9.826,-0.0042,0.0158,9.8065,0.0538,-0.0586,0.0508,-8.87,-32.06,-1.06,275.38,-80.94,-134.07
52.403164,-1.534221,157.93,8.02,3,336.15,19 / 21,1757929,2019-09-06 18:45:24:611,0.0027,-0.5073,9.9209,-0.001,-0.0179,9.8066,-0.0215,-0.0131,0.0094,-8.94,-32.87,-0.75,274.75,-80.89,-133.24
52.403164,-1.534221,157.93,8.02,3,336.15,19 / 21,1758029,2019-09-06 18:45:24:711,0.2936,0.6124,9.7962,-0.0151,-0.0107,9.8066,0.0036,0.0147,-0.0187,-9.06,-31.75,-1.31,276.78,-80.96,-132.85
52.403164,-1.534221,157.93,8.02,3,336.15,19 / 21,1758129,2019-09-06 18:45:24:811,0.3949,1.0157,9.9481,-0.0053,0.0063,9.8066,0.0782,0.0004,-0.0253,-8.62,-33.25,-1.44,274.12,-80.91,-133.94
52.403164,-1.534221,157.93,8.02,3,336.15,19 / 21,1758229,2019-09-06 18:45:24:911,0.5178,0.2487,9.6507,0.0059,0.0057,9.8066,0.0541,-0.0886,-0.0122,-8.81,-32.94,-1.12,273.05,-80.84,-134.65
52.403164,-1.534221,157.93,8.02,3,336.15,19 / 21,1758328,2019-09-06 18:45:25:010,0.2979,-0.0352,10.0579,0.0015,0.0034,9.8066,-0.0068,-0.0381,0.0429,-8.81,-32.44,-1.75,267.69,-80.74,-135.37
52.403164,-1.534221,157.93,8.02,3,336.15,19 / 21,1758428,2019-09-06 18:45:25:110,0.5502,1.1314,10.7424,0.0103,0,9.8066,-0.1139,0.0042,-0.0143,-9.19,-32.81,-1.31,271.21,-80.65,-135.58
52.403164,-1.534221,157.93,8.02,3,336.15,19 / 21,1758528,2019-09-06 18:45:25:210,0.7916,0.3828,9.517,-0.0036,0.0003,9.8066,0.0904,-0.0129,0.077,-8.25,-32.37,-1.12,267.29,-80.76,-135.47
52.403164,-1.534221,157.93,8.02,3,336.15,19 / 21,1758629,2019-09-06 18:45:25:311,0.2112,0.6146,9.7437,0.0119,0.0115,9.8066,-0.092,-0.0354,0.0025,-8.94,-32.69,-1.44,271.71,-80.71,-135.36
52.403164,-1.534221,157.93,8.02,3,336.15,19 / 21,1758728,2019-09-06 18:45:25:410,-0.7191,-0.9876,10.3893,-0.0094,-0.0149,9.8066,0.0901,0.0051,-0.0385,-9.25,-32.69,-1.44,272.69,-80.78,-134.7
52.403164,-1.534221,157.93,8.02,3,336.15,19 / 21,1758828,2019-09-06 18:45:25:510,-0.3677,0.782,9.9011,-0.0147,-0.0098,9.8066,0.1206,0.0195,0.0412,-9.25,-32.06,-1,273.18,-80.75,-135.35
52.403164,-1.534221,157.93,8.02,3,336.15,19 / 21,1758928,2019-09-06 18:45:25:610,-0.662,1.4331,10.3677,0.0182,0.0225,9.8065,-0.1296,-0.0253,-0.0287,-9.06,-33.19,-1.62,266.22,-80.69,-135.49
52.403164,-1.534221,157.93,8.02,3,336.15,19 / 21,1759031,2019-09-06 18:45:25:713,-0.8802,-0.1353,9.7752,0.0019,0.0043,9.8066,-0.1156,-0.0026,-0.0285,-9.12,-33.19,-1.69,265.77,-80.62,-135.64
52.403164,-1.534221,157.93,8.02,3,336.15,19 / 21,1759130,2019-09-06 18:45:25:812,-0.1294,0.3955,9.4181,0.0196,0.0114,9.8066,-0.0929,0.0411,-0.003,-9.19,-32.69,-1.12,271.41,-80.7,-135.6
52.403164,-1.534221,157.93,8.02,3,336.15,19 / 21,1759228,2019-09-06 18:45:25:910,-0.1532,0.09,10.1442,0.0254,0.0091,9.8065,-0.0763,-0.0619,0.0071,-9.37,-33,-0.81,271.39,-80.6,-135.17
52.403164,-1.534221,157.93,8.02,3,336.15,19 / 21,1759329,2019-09-06 18:45:26:011,0.118,2.2774,9.6705,0.0192,0.0085,9.8066,0.0851,0.1449,-0.0574,-8.44,-33.06,-1.19,264.62,-80.53,-135.54
52.403164,-1.534221,157.93,8.02,3,336.15,19 / 20,1759429,2019-09-06 18:45:26:111,0.9994,-0.4567,9.6724,-0.0059,-0.0038,9.8066,0.0945,-0.06,0.143,-9.25,-32.31,-0.37,278.05,-80.55,-135.96
52.403164,-1.534221,157.93,8.02,3,336.15,19 / 20,1759529,2019-09-06 18:45:26:211,-1.455,0.9813,9.643,0.0076,0.0073,9.8066,0.014,0.0868,-0.061,-9.06,-33.25,-1.06,269.42,-80.27,-135.57
52.403164,-1.534221,157.93,8.02,3,336.15,19 / 20,1759629,2019-09-06 18:45:26:311,-0.9617,-0.0303,9.5628,0.0022,0.0008,9.8066,0.0629,0.0466,0.0751,-8.94,-32.87,-0.75,270.93,-80.48,-135.03
52.403164,-1.534221,157.93,8.02,3,336.15,19 / 20,1759729,2019-09-06 18:45:26:411,0.8516,0.7958,9.2563,0.0017,0.0088,9.8066,-0.1251,0.0276,-0.0158,-9.19,-32.12,-1.37,272.16,-80.47,-135.1
52.403164,-1.534221,157.93,8.02,3,336.15,19 / 20,1759828,2019-09-06 18:45:26:510,0.3644,-0.4589,9.8296,0.0282,0.0309,9.8065,-0.1665,-0.0468,-0.0026,-8.87,-32.56,-1.5,270.11,-80.46,-135.77
52.403164,-1.534221,157.93,8.02,3,336.15,19 / 20,1759929,2019-09-06 18:45:26:611,1.103,1.5842,10.1146,-0.0047,0.0128,9.8066,0.1515,0.0663,0.002,-8.44,-32.5,-1.44,265.39,-80.53,-136.25
52.403164,-1.534221,157.93,8.02,3,336.15,19 / 20,1760029,2019-09-06 18:45:26:711,0.1956,-0.1589,11.1232,0.0091,0.012,9.8065,-0.2025,-0.0485,-0.0634,-8.87,-32.5,-1.44,270.49,-80.59,-137.3
52.403164,-1.534221,157.93,8.02,3,336.15,19 / 20,1760128,2019-09-06 18:45:26:810,1.2373,0.7931,10.6412,0.0493,0.0629,9.8063,-0.068,-0.0159,-0.0229,-9.44,-32.75,-1.69,261.91,-80.24,-138.15
52.403164,-1.534221,157.93,8.02,3,336.15,19 / 20,1760230,2019-09-06 18:45:26:912,-0.572,0.8615,9.1879,0.0267,0.0279,9.8065,0.0501,-0.0145,0.0558,-8.94,-33.25,-0.81,267.71,-80.44,-138.17
52.403164,-1.534221,157.93,8.02,3,336.15,19 / 20,1760329,2019-09-06 18:45:27:011,0.5441,-0.2467,9.6298,-0.0035,-0.0153,9.8065,-0.1108,0.0064,-0.0132,-9.06,-32.44,-1,270.32,-80.38,-136.56
52.403164,-1.534221,157.93,8.02,3,336.15,19 / 21,1760428,2019-09-06 18:45:27:110,-0.4495,-0.2733,9.7687,-0.011,-0.0124,9.8066,-0.042,-0.1194,0.0478,-9.19,-32.31,-0.56,271.4,-80.46,-135.81
52.403164,-1.534221,157.93,8.02,3,336.15,19 / 21,1760529,2019-09-06 18:45:27:211,-0.5121,-0.3641,10.162,0.0002,0.0121,9.8066,0.0341,-0.022,-0.0112,-8.75,-32.56,-0.5,274.8,-80.29,-136.43
52.403164,-1.534221,157.93,8.02,3,336.15,19 / 21,1760628,2019-09-06 18:45:27:310,-0.0925,-0.9621,9.7387,0.0022,0.0108,9.8066,0.0427,-0.0183,0.0954,-9,-32.31,-1,268.79,-80.24,-137.48
52.403164,-1.534221,157.93,8.02,3,336.15,19 / 21,1760729,2019-09-06 18:45:27:411,-0.9049,0.6019,9.9708,0.0067,-0.0013,9.8066,0.0838,0.0581,-0.0837,-8.94,-33.06,-0.5,271.43,-79.94,-138
52.403164,-1.534221,157.93,8.02,3,336.15,19 / 21,1760828,2019-09-06 18:45:27:510,-1.1109,0.4393,9.4765,-0.0221,-0.0165,9.8065,0.079,-0.0269,0.1213,-8.94,-32.94,-0.5,271.45,-79.95,-138
52.403164,-1.534221,157.93,8.02,3,336.15,19 / 21,1760929,2019-09-06 18:45:27:611,0.2242,0.7077,9.6377,0.0017,-0.0102,9.8066,-0.1003,-0.0238,-0.0598,-9.5,-32.5,-1.19,268.33,-79.96,-136.62
52.403164,-1.534221,157.93,8.02,3,336.15,19 / 21,1761029,2019-09-06 18:45:27:711,-0.0329,-0.1977,9.5888,-0.0085,0.0013,9.8066,0.0036,-0.0179,-0.0113,-9.19,-32.69,-1.75,263.02,-80.07,-136.09
52.403164,-1.534221,157.93,8.02,3,336.15,19 / 21,1761129,2019-09-06 18:45:27:811,-1.3822,-0.3167,10.2615,0.0191,0.0098,9.8066,0.0044,0.0032,0.0089,-8.87,-32.75,-0.75,267.26,-80.05,-136.73
52.403164,-1.534221,157.93,8.02,3,336.15,19 / 21,1761228,2019-09-06 18:45:27:910,-0.0984,0.5298,9.9258,0.0097,0.0102,9.8066,-0.0526,0.0085,-0.0148,-8.62,-32.81,-0.62,266.02,-79.89,-137.29
52.403164,-1.534221,157.93,8.02,3,336.15,19 / 21,1761328,2019-09-06 18:45:28:010,-1.0193,-0.8824,9.5563,-0.0064,-0.007,9.8066,0.0439,0.035,0.014,-9,-33.25,-1.19,265.41,-79.81,-137.56
52.403164,-1.534221,157.93,8.02,3,336.15,19 / 21,1761429,2019-09-06 18:45:28:111,0.3333,0.0453,9.9728,-0.026,-0.0261,9.8065,0.0198,-0.0209,0.0191,-8.69,-32.44,-1.12,268.34,-79.96,-136.64
52.403164,-1.534221,157.93,8.02,3,336.15,19 / 21,1761529,2019-09-06 18:45:28:211,-1.8395,-0.3529,9.6328,-0.0159,0.0023,9.8066,-0.0363,0.047,-0.0217,-9.56,-32.44,-1.44,273.74,-80.02,-136.5
52.403164,-1.534221,157.93,8.02,3,336.15,19 / 21,1761629,2019-09-06 18:45:28:311,-1.9898,-1.1083,9.2998,-0.0048,0.0056,9.8066,0.0259,-0.0132,0.0627,-8.37,-33.06,-1.56,256.87,-80.18,-136.88
52.403164,-1.534221,157.93,8.02,3,336.15,19 / 21,1761729,2019-09-06 18:45:28:411,-0.1439,-0.4707,9.9206,-0.0098,-0.0072,9.8066,0.0643,-0.0246,-0.0358,-9.37,-32.94,-1.31,267.28,-80.1,-136.95
52.403164,-1.534221,157.93,8.02,3,336.15,19 / 21,1761829,2019-09-06 18:45:28:511,-0.41,-0.3177,10.2065,-0.0135,-0.0066,9.8066,0.0428,-0.0243,0.0534,-8.81,-32.12,-1.06,268.31,-80.12,-137.42
52.403164,-1.534221,157.93,8.02,3,336.15,19 / 21,1761929,2019-09-06 18:45:28:611,-0.1625,0.9396,9.985,0.0221,0.0244,9.8066,-0.0206,0.0473,-0.0564,-9.31,-33.12,-1.31,264.63,-79.82,-138.44
52.403164,-1.534221,157.93,8.02,3,336.15,19 / 21,1762028,2019-09-06 18:45:28:710,-1.5216,-0.4633,9.4091,0.0417,0.0236,9.8065,-0.0742,0.079,0.0046,-9.25,-33.06,-0.81,263.9,-79.71,-138.7
52.403164,-1.534221,157.93,8.02,3,336.15,19 / 21,1762129,2019-09-06 18:45:28:811,-0.0726,-0.4294,9.9042,-0.0151,-0.0111,9.8066,0.0202,0.0722,0.0216,-9.06,-32,-1,265.71,-79.72,-138.29
52.403164,-1.534221,157.93,8.02,3,336.15,19 / 21,1762228,2019-09-06 18:45:28:910,-1.3579,-0.389,10.0082,0.0102,0.008,9.8066,0.0964,0.0697,0.0059,-8.81,-32.81,-1.37,264.64,-79.8,-138.38
52.403164,-1.534221,157.93,8.02,3,336.15,19 / 21,1762329,2019-09-06 18:45:29:011,0.556,0.2553,9.6829,0.0294,0.0062,9.8065,-0.0785,0.028,-0.1178,-9.31,-32.87,-1.31,263.16,-79.5,-138.53
52.403164,-1.534221,157.93,8.02,3,336.15,19 / 21,1762429,2019-09-06 18:45:29:111,-0.0476,-0.169,10.1906,0,0.0114,9.8066,-0.0155,-0.0454,0.0785,-9.37,-32.69,-1.12,262.96,-79.53,-138.91
52.403164,-1.534221,157.93,8.02,3,336.15,19 / 21,1762528,2019-09-06 18:45:29:210,-0.7201,-0.5978,9.4985,-0.0171,-0.0131,9.8066,-0.0119,0.0145,0.0224,-9.56,-32.19,-2.25,265.48,-79.58,-138.17
52.403164,-1.534221,157.93,8.02,3,336.15,19 / 21,1762628,2019-09-06 18:45:29:310,0.4189,-0.2304,10.4248,-0.0002,-0.0179,9.8066,-0.007,-0.0462,0.0047,-8.87,-33.12,-1.06,264.54,-79.6,-137.46
52.403164,-1.534221,157.93,8.02,3,336.15,19 / 21,1762729,2019-09-06 18:45:29:411,-0.5128,-0.1062,10.3735,0.0113,0.0244,9.8065,0.0179,0.0079,-0.0124,-9.37,-32.62,-1.56,260.47,-79.65,-137.05
52.403164,-1.534221,157.93,8.02,3,336.15,19 / 21,1762829,2019-09-06 18:45:29:511,0.2983,-0.3097,9.9843,-0.0009,0.0116,9.8066,0.0747,-0.0114,0.0121,-9.25,-32.56,-1.75,259.7,-79.65,-137.93
52.403164,-1.534221,157.93,8.02,3,336.15,19 / 21,1762929,2019-09-06 18:45:29:611,-1.6873,0.265,9.9496,0.0319,0.0251,9.8065,-0.0963,-0.007,-0.0442,-9.5,-32.87,-1.44,263.44,-79.63,-138.87
52.403164,-1.534221,157.93,8.02,3,336.15,19 / 21,1763029,2019-09-06 18:45:29:711,-1.2997,-1.3001,10.2548,-0.0039,0.0119,9.8066,-0.0457,0.0123,-0.0347,-9.44,-32.69,-1.06,264.12,-79.74,-138.62
52.403164,-1.534221,157.93,8.02,3,336.15,19 / 21,1763131,2019-09-06 18:45:29:813,-1.9237,-0.0557,10.0375,0.0343,0.0305,9.8065,-0.0426,0.042,-0.029,-9.06,-33.06,-1.5,265.02,-79.97,-138.79
52.403164,-1.534221,157.93,8.02,3,336.15,19 / 21,1763228,2019-09-06 18:45:29:910,-0.9364,-0.2453,10.2583,0.0157,0.0259,9.8065,0.0321,-0.0326,0.0081,-9.62,-33.37,-1.06,268.04,-79.74,-139.83
52.403164,-1.534221,157.93,8.02,3,336.15,19 / 21,1763329,2019-09-06 18:45:30:011,-1.5937,-2.0437,10.0357,-0.0027,-0.0029,9.8066,0.1021,0.116,-0.0318,-9.06,-32.87,-0.81,262.92,-79.8,-140.27
52.403988,-1.534709,158.6,11.74,3,339.95,19 / 21,1763429,2019-09-06 18:45:30:111,-2.4363,0.4084,9.3732,-0.0026,0.0112,9.8066,0.0542,-0.1388,0.1046,-9.06,-33.12,-0.87,262.7,-79.78,-140.4
52.403988,-1.534709,158.6,11.74,3,339.95,19 / 21,1763528,2019-09-06 18:45:30:210,-1.2187,-0.3426,10.102,0.0298,0.009,9.8065,-0.0483,0.0676,-0.0228,-9.37,-33,-1.06,262.6,-79.71,-140.2
52.403988,-1.534709,158.6,11.74,3,339.95,19 / 21,1763629,2019-09-06 18:45:30:311,-0.6682,-0.5356,10.032,-0.0032,-0.0069,9.8066,0.0732,-0.0144,-0.01,-9.56,-32.19,-1.94,264.36,-79.74,-140
52.403988,-1.534709,158.6,11.74,3,339.95,19 / 21,1763729,2019-09-06 18:45:30:411,0.3253,-1.063,9.3839,-0.0145,-0.0112,9.8066,0.237,-0.0712,0.0957,-9.87,-33.5,-1.25,268.41,-79.8,-139.71
52.403988,-1.534709,158.6,11.74,3,339.95,19 / 21,1763828,2019-09-06 18:45:30:510,-0.346,-0.3621,8.914,-0.0094,-0.0175,9.8066,-0.0961,0.0025,-0.0284,-9.44,-32.69,-0.87,263.29,-79.73,-139.5
52.403988,-1.534709,158.6,11.74,3,339.95,19 / 21,1763929,2019-09-06 18:45:30:611,-1.2921,-0.7361,9.3812,-0.015,-0.0013,9.8066,0.1041,-0.0093,-0.0025,-9.25,-32.75,-1.44,264.25,-79.86,-139.05
52.403988,-1.534709,158.6,11.74,3,339.95,19 / 21,1764028,2019-09-06 18:45:30:710,-2.0554,-1.3975,9.5044,-0.0327,-0.0192,9.8065,0.1776,0.064,-0.0831,-9.19,-32.94,-1.06,265.22,-80.02,-138.81
52.403988,-1.534709,158.6,11.74,3,339.95,19 / 21,1764128,2019-09-06 18:45:30:810,-0.4394,0.8511,9.8259,-0.0188,-0.0125,9.8065,0.2188,-0.0075,0.0329,-9.19,-32.62,-1.19,264.04,-79.97,-139.85
52.403988,-1.534709,158.6,11.74,3,339.95,19 / 21,1764228,2019-09-06 18:45:30:910,-1.792,0.0291,11.5191,0.0067,0.0086,9.8066,0.0953,0.0153,0.01,-9.5,-32.5,-1.06,264.35,-79.79,-140.08
52.403988,-1.534709,158.6,11.74,3,339.95,19 / 21,1764329,2019-09-06 18:45:31:011,1.3611,0.8194,9.2562,-0.0529,0.0007,9.8065,0.3473,0.0059,-0.088,-9.06,-32.87,-1.56,257.95,-79.91,-141.22
52.403988,-1.534709,158.6,11.74,3,339.95,18 / 21,1764429,2019-09-06 18:45:31:111,-0.9601,1.3256,9.1777,0.0324,0.0397,9.8065,-0.4036,0.0091,0.0789,-8.62,-33.12,-1.5,260.9,-79.97,-143.39
52.403988,-1.534709,158.6,11.74,3,339.95,18 / 21,1764529,2019-09-06 18:45:31:211,-0.4538,0.0433,9.6071,0.0673,0.0387,9.8063,0.0053,-0.0138,-0.0431,-9.25,-33.06,-1.62,257.26,-79.87,-141.85
52.403988,-1.534709,158.6,11.74,3,339.95,18 / 21,1764628,2019-09-06 18:45:31:310,-0.7234,-1.6282,10.1288,-0.0001,0.0088,9.8066,-0.0526,-0.0488,0.0428,-9.31,-32.87,-1.56,259.05,-80.2,-141.23
52.403988,-1.534709,158.6,11.74,3,339.95,18 / 21,1764729,2019-09-06 18:45:31:411,-1.6981,-0.7115,9.9512,0.0235,0.011,9.8066,-0.1139,-0.0045,0.0045,-8.87,-33.25,-1.62,257.97,-80.04,-141.79
52.403988,-1.534709,158.6,11.74,3,339.95,18 / 21,1764828,2019-09-06 18:45:31:510,-0.0808,0.2309,10.0962,0.018,-0.0043,9.8065,0.1055,0.033,0.0215,-8.81,-33.19,-1.62,257.77,-79.92,-141.47
52.403988,-1.534709,158.6,11.74,3,339.95,18 / 21,1764929,2019-09-06 18:45:31:611,0.0234,-0.8811,9.9407,-0.0039,-0.0168,9.8065,0.0665,-0.0476,0.0452,-9.62,-33,-1.37,267.57,-79.79,-140.53
52.403988,-1.534709,158.6,11.74,3,339.95,18 / 21,1765028,2019-09-06 18:45:31:710,-0.6354,-0.0026,9.5056,-0.0017,0.0103,9.8066,-0.1605,-0.0305,0.0489,-9.31,-33.44,-1.75,258.67,-79.83,-139.99
52.403988,-1.534709,158.6,11.74,3,339.95,18 / 21,1765128,2019-09-06 18:45:31:810,-1.4889,-0.869,10.0876,0.0176,0.016,9.8066,-0.1279,0.0249,0.0502,-9.56,-33.62,-2.19,262.75,-79.84,-139.73
52.403988,-1.534709,158.6,11.74,3,339.95,18 / 21,1765229,2019-09-06 18:45:31:911,-1.1407,-0.4258,9.7125,-0.0246,-0.0324,9.8065,0.1856,-0.0657,0.0167,-9.94,-33.5,-2.19,265.61,-80.02,-138.55
52.403988,-1.534709,158.6,11.74,3,339.95,18 / 21,1765328,2019-09-06 18:45:32:010,-1.3379,-1.6775,9.6173,-0.0231,-0.0248,9.8065,0.0872,-0.0256,-0.0434,-10.12,-33.44,-2.06,265.31,-79.92,-138.5
52.403988,-1.534709,158.6,11.74,3,339.95,19 / 20,1765429,2019-09-06 18:45:32:111,-1.389,-0.4316,10.5106,0.0191,0.0201,9.8065,-0.0592,0.0079,0.04,-10.37,-33.75,-1.94,264.12,-79.99,-138.84
52.403988,-1.534709,158.6,11.74,3,339.95,19 / 20,1765528,2019-09-06 18:45:32:210,-0.3549,-0.5471,9.6711,0.0165,0.0241,9.8065,0.0117,-0.0375,0.0232,-10.12,-33.44,-1.75,264.2,-79.85,-139.41
52.403988,-1.534709,158.6,11.74,3,339.95,19 / 20,1765628,2019-09-06 18:45:32:310,-1.7764,-0.7901,9.063,-0.0271,-0.0292,9.8066,0.0118,-0.0694,0.0187,-10.44,-33.81,-1.31,269.01,-79.94,-138.41
52.403988,-1.534709,158.6,11.74,3,339.95,19 / 20,1765728,2019-09-06 18:45:32:410,-1.3873,0.712,10.358,-0.0209,-0.0276,9.8066,-0.0041,0.0489,-0.0326,-10.94,-33.25,-1.31,274.49,-79.88,-138.12
52.403988,-1.534709,158.6,11.74,3,339.95,19 / 20,1765828,2019-09-06 18:45:32:510,-0.6749,0.3564,9.9592,0.0388,0.0186,9.8065,-0.0409,0.0141,-0.0398,-10.44,-32.75,-1.25,269.83,-79.78,-138.15
52.403988,-1.534709,158.6,11.74,3,339.95,19 / 20,1765930,2019-09-06 18:45:32:612,-0.153,-0.4252,9.9335,-0.0005,-0.0005,9.8066,-0.0955,0.0789,-0.0259,-10.44,-32.81,-0.12,276.56,-79.88,-137.53
52.403988,-1.534709,158.6,11.74,3,339.95,19 / 20,1766028,2019-09-06 18:45:32:710,-1.1406,-0.5756,9.6383,0.0374,0.0287,9.8064,-0.0253,-0.0076,0.0499,-10.31,-32.56,-1,271.49,-79.98,-137.34
52.403988,-1.534709,158.6,11.74,3,339.95,19 / 20,1766128,2019-09-06 18:45:32:810,-0.9768,-1.0466,9.4596,0.0163,0.0185,9.8066,-0.1488,-0.0674,0.027,-9.94,-33.19,-0.81,269.03,-79.67,-138.53
52.403988,-1.534709,158.6,11.74,3,339.95,19 / 20,1766228,2019-09-06 18:45:32:910,-1.9954,0.1907,9.78,-0.0576,-0.0159,9.8064,0.1988,-0.0531,-0.012,-9.87,-33,-0.81,270.72,-79.99,-138.15
52.403988,-1.534709,158.6,11.74,3,339.95,19 / 20,1766328,2019-09-06 18:45:33:010,-1.9708,-0.4206,9.7214,-0.0275,-0.0169,9.8065,0.0463,0.0542,-0.0772,-9.12,-33.31,-1.06,264.8,-79.98,-139.07
52.403988,-1.534709,158.6,11.74,3,339.95,19 / 21,1766431,2019-09-06 18:45:33:113,-0.7557,-1.827,10.17,-0.0148,0.0185,9.8065,0.0628,0.032,-0.0535,-8.56,-32.56,-1,264.32,-80.21,-140.7
52.403988,-1.534709,158.6,11.74,3,339.95,19 / 21,1766528,2019-09-06 18:45:33:210,-1.1697,0.1425,9.7599,-0.0118,0.0068,9.8065,-0.0687,-0.011,-0.0626,-9.12,-32.87,-0.81,263.93,-80.36,-141.84
52.403988,-1.534709,158.6,11.74,3,339.95,19 / 21,1766629,2019-09-06 18:45:33:311,-1.4888,-0.4249,10.0121,0.0146,0.0225,9.8066,0.0557,0.0313,0.0034,-8.69,-32.69,-1.44,263.67,-80.48,-142.69
52.403988,-1.534709,158.6,11.74,3,339.95,19 / 21,1766729,2019-09-06 18:45:33:411,-1.9153,-0.0145,9.3177,0,0.0064,9.8066,-0.0723,-0.0363,-0.0053,-8.44,-33.19,-1.94,252.83,-80.44,-143.35
52.403988,-1.534709,158.6,11.74,3,339.95,19 / 21,1766828,2019-09-06 18:45:33:510,-1.7199,-1.7871,9.9106,-0.0058,-0.0076,9.8066,-0.0662,0.0067,-0.0497,-8.31,-32.87,-1.5,258.38,-80.69,-143.58
52.403988,-1.534709,158.6,11.74,3,339.95,19 / 21,1766929,2019-09-06 18:45:33:611,-0.609,-0.2929,8.8227,-0.0035,0.0097,9.8066,-0.0681,0.0771,-0.0081,-8.37,-33.06,-1.75,254.07,-80.82,-143.69
52.403988,-1.534709,158.6,11.74,3,339.95,19 / 21,1767029,2019-09-06 18:45:33:711,-1.0719,-0.4835,9.6454,-0.0343,-0.0109,9.8065,-0.0842,0.0457,-0.0299,-8.06,-33.44,-1.31,260.63,-81.26,-144.01
52.403988,-1.534709,158.6,11.74,3,339.95,19 / 21,1767128,2019-09-06 18:45:33:810,-1.1208,-0.5827,9.9159,-0.0162,-0.0016,9.8066,-0.0358,0.0634,-0.0447,-8.56,-33.19,-1.87,260.52,-81.38,-144.71
52.403988,-1.534709,158.6,11.74,3,339.95,19 / 21,1767228,2019-09-06 18:45:33:910,-1.1832,-0.4062,9.5779,-0.0123,0.0034,9.8066,-0.0361,0.0177,0.0103,-7.94,-33.69,-0.94,258.79,-81.46,-145.79
52.403988,-1.534709,158.6,11.74,3,339.95,19 / 21,1767328,2019-09-06 18:45:34:010,-1.0081,-0.1779,9.8066,-0.0133,-0.0019,9.8065,0.0627,-0.0067,-0.0377,-7.81,-33.5,-1.56,254.33,-81.57,-147.01
52.403988,-1.534709,158.6,11.74,3,339.95,19 / 21,1767428,2019-09-06 18:45:34:110,-1.9793,-0.0269,9.9859,-0.025,0.0031,9.8066,0.0637,0.0706,-0.0329,-7.94,-33.12,-1.12,258.77,-81.62,-148
52.403988,-1.534709,158.6,11.74,3,339.95,19 / 21,1767528,2019-09-06 18:45:34:210,-1.6356,0.0365,10.2554,-0.0013,0.0144,9.8065,-0.0392,0.059,-0.0127,-7.37,-32.69,-1.12,252.92,-81.69,-148.51
52.403988,-1.534709,158.6,11.74,3,339.95,19 / 21,1767628,2019-09-06 18:45:34:310,-2.6918,-0.8349,8.9733,-0.0027,-0.0108,9.8066,-0.1104,0.1003,0.0211,-7.37,-33.06,-0.5,259.24,-81.74,-148.66
52.403988,-1.534709,158.6,11.74,3,339.95,19 / 21,1767728,2019-09-06 18:45:34:410,-0.8222,-0.3358,8.946,-0.0076,0.01,9.8066,0.0038,0.0422,-0.0263,-7.06,-33.44,-1.19,253.4,-81.83,-148.72
52.403988,-1.534709,158.6,11.74,3,339.95,19 / 21,1767829,2019-09-06 18:45:34:511,-0.6523,-0.1367,8.4296,-0.0253,-0.0276,9.8065,-0.0297,0.0815,0.0128,-7.12,-33.06,-0.31,261.29,-82.04,-148.15
52.403988,-1.534709,158.6,11.74,3,339.95,19 / 21,1767929,2019-09-06 18:45:34:611,-1.7758,0.2802,10.2797,-0.0494,-0.0318,9.8064,0.0634,0.0712,-0.0764,-6.75,-32.94,-0.94,256.35,-82.32,-147.95
52.403988,-1.534709,158.6,11.74,3,339.95,19 / 21,1768028,2019-09-06 18:45:34:710,-1.8232,-1.2402,10.5071,0.0027,0.0045,9.8066,-0.0014,0.0722,-0.0375,-6,-33.44,-1.12,249.93,-82.38,-147.84
52.403988,-1.534709,158.6,11.74,3,339.95,19 / 21,1768129,2019-09-06 18:45:34:811,-1.4809,-0.6873,9.9573,0.0014,0.0193,9.8065,-0.0017,0.0298,-0.014,-6.5,-32.81,-0.87,249.51,-82.45,-148.89
52.403988,-1.534709,158.6,11.74,3,339.95,19 / 21,1768229,2019-09-06 18:45:34:911,-2.1764,-0.6747,9.8541,-0.0012,0.0062,9.8066,0.0166,0.0135,-0.0226,-5.75,-32.87,-0.25,255.54,-82.46,-149.76
52.403988,-1.534709,158.6,11.74,3,339.95,19 / 21,1768328,2019-09-06 18:45:35:010,-1.3992,-0.8297,10.179,0.0056,0.006,9.8066,-0.0003,0.0859,-0.0245,-6.37,-32.62,-1.12,247.64,-82.31,-150.52
52.403988,-1.534709,158.6,11.74,3,339.95,19 / 20,1768428,2019-09-06 18:45:35:110,-0.7767,-0.423,10.1115,-0.0038,0.0104,9.8065,-0.0066,0.0842,-0.0442,-5.62,-32.12,0.19,254.53,-82.26,-151.29
52.403988,-1.534709,158.6,11.74,3,339.95,19 / 20,1768529,2019-09-06 18:45:35:211,-1.7654,-2.4336,9.8209,0.0076,0.0175,9.8066,0.0077,0.0049,-0.011,-5.31,-32.87,-0.69,238.3,-82.24,-152.18
52.403988,-1.534709,158.6,11.74,3,339.95,19 / 20,1768629,2019-09-06 18:45:35:311,-1.5621,-0.0789,9.4863,0.0032,-0.0116,9.8065,0.0186,0.0627,-0.0221,-5.87,-32.87,0.25,251.69,-82.18,-152.7
52.403988,-1.534709,158.6,11.74,3,339.95,19 / 20,1768729,2019-09-06 18:45:35:411,-1.3267,-1.3743,10.32,0.0002,0.0002,9.8066,-0.0371,0.0802,-0.0162,-5.44,-33.25,-0.81,238.08,-82.14,-151.69
52.403988,-1.534709,158.6,11.74,3,339.95,19 / 20,1768828,2019-09-06 18:45:35:510,-1.2028,-0.9939,9.3994,-0.0051,-0.0035,9.8066,-0.0381,0.0033,0.0387,-6,-32.81,-1.25,247.24,-82.39,-151.58
52.403988,-1.534709,158.6,11.74,3,339.95,19 / 20,1768929,2019-09-06 18:45:35:611,-1.6492,-1.6102,9.9811,0.0012,-0.0069,9.8066,0.0314,0.0504,0.0151,-5.12,-32.69,-0.62,240.38,-82.51,-150.93
52.403988,-1.534709,158.6,11.74,3,339.95,19 / 20,1769028,2019-09-06 18:45:35:710,-1.3695,0.382,10.0554,-0.0109,-0.0042,9.8066,0.0927,0.1063,-0.0505,-4.81,-33.06,-1.12,241.24,-82.59,-150.22
52.403988,-1.534709,158.6,11.74,3,339.95,19 / 20,1769128,2019-09-06 18:45:35:810,-0.6911,-1.269,9.9029,0.0011,-0.0019,9.8066,-0.0954,0.0589,-0.021,-4.94,-32.81,-0.19,248.09,-82.63,-149.75
52.403988,-1.534709,158.6,11.74,3,339.95,19 / 20,1769229,2019-09-06 18:45:35:911,-0.7294,-1.3186,9.7619,-0.0047,0.0077,9.8066,0.0011,0.1037,-0.0524,-5.31,-32.94,-0.75,242.06,-82.64,-149.34
52.403988,-1.534709,158.6,11.74,3,339.95,19 / 20,1769331,2019-09-06 18:45:36:013,-2.154,-1.4373,9.7417,0.0111,0.0042,9.8066,0.0426,0.0566,0.0328,-5.12,-32.19,0.06,250.06,-82.69,-149.61
52.403988,-1.534709,158.6,11.74,3,339.95,20 / 21,1769429,2019-09-06 18:45:36:111,-1.5553,-1.139,9.6399,0.0019,-0.0056,9.8066,0.0439,0.0563,0.0203,-5.37,-32.75,0.38,249.49,-82.72,-148.59
52.403988,-1.534709,158.6,11.74,3,339.95,20 / 21,1769528,2019-09-06 18:45:36:210,-1.5469,-0.9189,9.4388,-0.0036,0,9.8066,0.0097,0.0736,-0.0164,-5.37,-32.87,-0.25,249.87,-82.76,-148.41
52.403988,-1.534709,158.6,11.74,3,339.95,20 / 21,1769629,2019-09-06 18:45:36:311,-1.2287,-0.3386,9.5468,-0.0061,0.0108,9.8066,0.086,0.0333,-0.0237,-5.44,-32.31,-0.37,251.46,-82.83,-148.94
52.403988,-1.534709,158.6,11.74,3,339.95,20 / 21,1769728,2019-09-06 18:45:36:410,-0.8521,-1.3329,9.9108,0.0061,0.0098,9.8066,-0.1429,0.0072,0.0066,-5.31,-32.56,-0.56,243.87,-82.92,-148.89
52.403988,-1.534709,158.6,11.74,3,339.95,20 / 21,1769829,2019-09-06 18:45:36:511,-2.0681,-1.3471,9.813,-0.024,-0.0199,9.8066,-0.1577,0.0157,-0.0391,-5.19,-32.62,-1.25,244.37,-82.98,-148.61
52.403988,-1.534709,158.6,11.74,3,339.95,20 / 21,1769929,2019-09-06 18:45:36:611,-1.0499,-2.2233,9.9209,0.0041,-0.0059,9.8066,0.04,0.0022,0.0434,-4.12,-31.69,-0.62,237.12,-83.15,-147.63
52.403988,-1.534709,158.6,11.74,3,339.95,20 / 21,1770028,2019-09-06 18:45:36:710,-1.2467,-1.6484,10.7667,-0.0152,0.0038,9.8066,0.0525,0.0267,-0.0558,-3.94,-32.44,-0.5,244.32,-83.26,-147.52
52.403988,-1.534709,158.6,11.74,3,339.95,20 / 21,1770128,2019-09-06 18:45:36:810,-1.4122,-1.9039,10.3936,0.0032,0.0045,9.8066,-0.0295,0.0041,0.0049,-4.25,-32.62,0.25,242.27,-83.25,-148.3
52.403988,-1.534709,158.6,11.74,3,339.95,20 / 21,1770228,2019-09-06 18:45:36:910,-1.6017,-1.3842,9.027,-0.0075,0.005,9.8066,-0.0322,0.0242,0.0029,-3.62,-32.37,-0.31,243.08,-83.21,-149.13
52.403988,-1.534709,158.6,11.74,3,339.95,20 / 21,1770329,2019-09-06 18:45:37:011,-1.7734,-1.9628,9.755,0.0166,0.0241,9.8065,0.0777,0.0182,-0.0335,-4.19,-32.44,-0.06,241.97,-83.14,-150.2
52.403988,-1.534709,158.6,11.74,3,339.95,20 / 21,1770429,2019-09-06 18:45:37:111,-1.5715,-1.7589,9.4838,-0.0174,-0.0183,9.8066,-0.0102,0.0009,-0.0152,-3.69,-32.81,-0.19,240.05,-83.15,-151.14
52.403988,-1.534709,158.6,11.74,3,339.95,20 / 21,1770528,2019-09-06 18:45:37:210,-1.436,-1.077,10.1089,-0.0164,-0.0143,9.8065,-0.0139,-0.0005,-0.0064,-4.62,-32.62,0.25,251.75,-83.3,-150.96
52.403988,-1.534709,158.6,11.74,3,339.95,20 / 21,1770629,2019-09-06 18:45:37:311,-0.7637,-1.2982,9.8916,-0.0048,-0.0042,9.8066,-0.0135,-0.0203,0.0245,-4,-31.75,-0.31,243.18,-83.32,-150.42
52.403988,-1.534709,158.6,11.74,3,339.95,20 / 21,1770728,2019-09-06 18:45:37:410,-1.0278,-1.0408,9.8441,-0.0049,-0.0042,9.8066,0.0237,0.012,-0.0122,-4.44,-33.19,-0.44,242.99,-83.49,-150.24
52.403988,-1.534709,158.6,11.74,3,339.95,20 / 21,1770829,2019-09-06 18:45:37:511,-0.8642,-0.8815,9.4391,-0.0129,-0.0206,9.8065,-0.0371,-0.0152,0.0002,-4.12,-33.06,-0.56,237.68,-83.63,-149.52
52.403988,-1.534709,158.6,11.74,3,339.95,20 / 21,1770929,2019-09-06 18:45:37:611,-0.9902,-0.8963,9.9702,-0.0114,-0.01,9.8065,0.0061,0.0196,0.0126,-4.56,-32.06,-0.25,256.99,-83.7,-149.62
52.403988,-1.534709,158.6,11.74,3,339.95,20 / 21,1771029,2019-09-06 18:45:37:711,-1.0828,-1.4774,9.8729,-0.0032,-0.0023,9.8066,-0.0162,-0.0247,0.0274,-3.81,-32.94,-0.25,245.45,-83.74,-149.3
52.403988,-1.534709,158.6,11.74,3,339.95,20 / 21,1771129,2019-09-06 18:45:37:811,-1.2596,-0.7637,9.5775,-0.002,0.002,9.8066,0.0016,-0.0089,-0.0081,-4.62,-33.31,-0.5,256.27,-83.78,-149.49
52.403988,-1.534709,158.6,11.74,3,339.95,20 / 21,1771228,2019-09-06 18:45:37:910,-1.3389,-1.5416,9.6641,-0.003,-0.0142,9.8066,-0.0068,0.0333,0.0075,-3.81,-33.06,-0.94,239.08,-83.84,-149.28
52.403988,-1.534709,158.6,11.74,3,339.95,20 / 21,1771328,2019-09-06 18:45:38:010,-1.0253,-1.4108,9.8922,-0.0115,-0.0164,9.8066,0.0346,-0.0046,0.0016,-4.44,-32.69,-0.44,248.04,-83.97,-148.26
52.403988,-1.534709,158.6,11.74,3,339.95,20 / 21,1771429,2019-09-06 18:45:38:111,-1.3408,-0.9708,9.9743,0.0026,0.0017,9.8066,0.0032,-0.0148,-0.0228,-4.62,-32.62,-0.25,259.1,-84.05,-148.51
52.403988,-1.534709,158.6,11.74,3,339.95,20 / 21,1771528,2019-09-06 18:45:38:210,-0.6026,-1.1864,10.0249,-0.0058,-0.0011,9.8066,-0.0033,-0.0038,-0.0029,-3.94,-32.81,-0.62,241.11,-84.08,-148.48
52.403988,-1.534709,158.6,11.74,3,339.95,20 / 21,1771629,2019-09-06 18:45:38:311,-0.9566,-1.2825,10.006,-0.0048,0.0016,9.8066,-0.0082,-0.0158,0.0148,-4.69,-33.75,-0.19,258.14,-84.13,-148.78
52.403988,-1.534709,158.6,11.74,3,339.95,20 / 21,1771729,2019-09-06 18:45:38:411,-0.8052,-1.0233,9.5678,-0.0026,0.0022,9.8066,0.0109,-0.0198,0.0062,-4.87,-33.31,-0.75,251.12,-84.17,-149
52.403988,-1.534709,158.6,11.74,3,339.95,20 / 21,1771828,2019-09-06 18:45:38:510,-1.2973,-1.0761,9.6302,-0.0035,-0.0019,9.8066,-0.0065,-0.0093,0.0044,-4.81,-33.19,-0.5,260.52,-84.28,-148.84
52.403988,-1.534709,158.6,11.74,3,339.95,20 / 21,1771928,2019-09-06 18:45:38:610,-0.9871,-1.0399,10.0569,-0.0012,-0.0006,9.8066,0.0127,-0.0013,-0.0071,-4.62,-33.12,-0.87,252.03,-84.29,-148.8
52.403988,-1.534709,158.6,11.74,3,339.95,20 / 21,1772028,2019-09-06 18:45:38:710,-1.5406,-1.0677,9.8093,-0.0002,-0.0026,9.8066,0.0175,-0.0144,0.0227,-4.56,-33.06,-0.12,261.17,-84.33,-148.57
52.403988,-1.534709,158.6,11.74,3,339.95,20 / 21,1772128,2019-09-06 18:45:38:810,-0.9358,-0.9727,9.9225,-0.0048,-0.001,9.8066,-0.0208,-0.0106,-0.0233,-4.5,-33.69,0,250.28,-84.41,-148.32
52.403988,-1.534709,158.6,11.74,3,339.95,20 / 21,1772228,2019-09-06 18:45:38:910,-0.5683,-0.7001,9.9742,-0.0005,-0.0003,9.8066,-0.0096,0.0066,0.0056,-4.69,-33.87,-0.37,261.89,-84.51,-147.87
52.403988,-1.534709,158.6,11.74,3,339.95,20 / 21,1772329,2019-09-06 18:45:39:011,-0.8984,-0.7996,9.6832,-0.0026,0.0013,9.8066,0.008,-0.0038,0.0028,-4.81,-33.37,-0.81,254.62,-84.58,-147.82
52.404633,-1.535135,158.63,2.84,3,329.97,20 / 21,1772428,2019-09-06 18:45:39:110,-0.9397,-1.0071,9.9023,-0.008,-0.0051,9.8066,-0.0078,0.0097,-0.0084,-4.94,-33.69,-0.94,254.37,-84.66,-147.5
52.404633,-1.535135,158.63,2.84,3,329.97,20 / 21,1772529,2019-09-06 18:45:39:211,-0.8409,-0.9194,9.7851,-0.0065,-0.0086,9.8065,-0.014,0.0027,0.0228,-5.06,-33,-0.75,257.53,-84.85,-146.47
52.404633,-1.535135,158.63,2.84,3,329.97,20 / 21,1772628,2019-09-06 18:45:39:310,-0.8198,-0.6468,9.8572,-0.0104,-0.0022,9.8066,0.0112,-0.0101,0.0098,-4.87,-33.5,0.25,268.36,-84.95,-146
52.404633,-1.535135,158.63,2.84,3,329.97,20 / 21,1772728,2019-09-06 18:45:39:410,-0.9577,-0.5331,9.7453,-0.0053,-0.003,9.8066,-0.0172,-0.0239,-0.0005,-5.12,-33.44,-0.5,269.84,-85.09,-145.64
52.404633,-1.535135,158.63,2.84,3,329.97,20 / 21,1772828,2019-09-06 18:45:39:510,-1.1976,-0.8076,9.7899,-0.01,-0.0097,9.8066,-0.0211,0.0127,0.0118,-4.75,-33.94,-0.62,260.32,-85.21,-144.94
52.404633,-1.535135,158.63,2.84,3,329.97,20 / 21,1772929,2019-09-06 18:45:39:611,-0.9292,-0.7333,10.0422,-0.0131,-0.0068,9.8066,0.0283,0.0043,0.003,-5.12,-34.19,-0.62,261.53,-85.29,-144.27
52.404633,-1.535135,158.63,2.84,3,329.97,20 / 21,1773029,2019-09-06 18:45:39:711,-0.9966,-0.2917,9.9245,-0.0026,0.0054,9.8066,0.0352,-0.0121,-0.0183,-4.75,-34,0,272.32,-85.39,-144.43
52.404633,-1.535135,158.63,2.84,3,329.97,20 / 21,1773129,2019-09-06 18:45:39:811,-0.5557,-0.4513,9.637,0.0002,0.001,9.8066,-0.0127,-0.0033,0.0222,-5.06,-34,-0.25,273.32,-85.44,-143.91
52.404633,-1.535135,158.63,2.84,3,329.97,20 / 21,1773229,2019-09-06 18:45:39:911,-0.7771,-0.4642,9.6246,-0.0101,-0.002,9.8066,0.0149,-0.0037,-0.0045,-5.06,-34,-0.44,274.33,-85.51,-143.48
52.404633,-1.535135,158.63,2.84,3,329.97,20 / 21,1773329,2019-09-06 18:45:40:011,-0.6611,-0.6137,10.0029,-0.0029,-0.0004,9.8066,0.0394,-0.0068,-0.0062,-4.94,-34.12,-0.87,264.89,-85.62,-143.26
52.404633,-1.535135,158.63,2.84,3,329.97,20 / 21,1773429,2019-09-06 18:45:40:111,-0.8224,-0.2503,9.8797,-0.003,0.0003,9.8066,0.0456,-0.0031,0.0026,-4.94,-33.87,-0.37,276.29,-85.68,-143.02
52.404633,-1.535135,158.63,2.84,3,329.97,20 / 21,1773529,2019-09-06 18:45:40:211,-0.6273,-0.2277,9.7855,-0.0031,0.0007,9.8066,-0.0258,0.0215,-0.0095,-5.12,-33.81,-0.37,277.11,-85.75,-142.76
52.404633,-1.535135,158.63,2.84,3,329.97,20 / 21,1773629,2019-09-06 18:45:40:311,-0.6148,-0.2788,9.8037,-0.0038,0.003,9.8066,0.0036,0.0171,0.018,-5,-33.94,-0.12,277.69,-85.81,-142.73
52.404633,-1.535135,158.63,2.84,3,329.97,20 / 21,1773729,2019-09-06 18:45:40:411,-0.7148,-0.0838,9.779,-0.0038,0.0034,9.8065,0.0021,0.0027,-0.0272,-5.81,-33.62,-0.31,283.67,-85.87,-142.88
52.404633,-1.535135,158.63,2.84,3,329.97,20 / 21,1773828,2019-09-06 18:45:40:510,-0.7155,-0.3842,9.8608,-0.0018,-0.0037,9.8066,0.0158,-0.0031,0.001,-5.25,-34,-0.56,267.66,-85.94,-142.81
52.404633,-1.535135,158.63,2.84,3,329.97,20 / 21,1773928,2019-09-06 18:45:40:610,-0.6674,-0.3044,9.8579,-0.0047,-0.0021,9.8066,0.0025,0.0049,0.0128,-5.56,-33.19,0.25,286.13,-85.99,-142.08
52.404633,-1.535135,158.63,2.84,3,329.97,20 / 21,1774029,2019-09-06 18:45:40:711,-0.3266,-0.3263,9.9317,-0.004,-0.0016,9.8066,0.0036,-0.0121,0.0052,-4.75,-33.44,-0.19,281.8,-86.05,-141.65
52.404633,-1.535135,158.63,2.84,3,329.97,20 / 21,1774129,2019-09-06 18:45:40:811,-0.3861,-0.1388,9.8859,-0.0046,-0.0013,9.8066,-0.0042,-0.0089,0.0002,-5,-33.31,-0.06,282.43,-86.07,-141.29
52.404633,-1.535135,158.63,2.84,3,329.97,20 / 21,1774228,2019-09-06 18:45:40:910,-0.2412,-0.0679,9.9161,-0.0045,-0.0008,9.8065,0.0054,-0.0102,0.001,-5.12,-33.69,-0.25,282.25,-86.13,-141.02
52.404633,-1.535135,158.63,2.84,3,329.97,20 / 21,1774328,2019-09-06 18:45:41:010,-0.106,0.0468,9.775,-0.0062,0.0007,9.8066,-0.0058,0.002,-0.0057,-4.94,-33.19,0,283.83,-86.2,-140.94
52.404633,-1.535135,158.63,2.84,3,329.97,19 / 21,1774429,2019-09-06 18:45:41:111,-0.3088,-0.0288,9.9222,-0.005,0.0001,9.8066,0.0042,0.0031,0.0026,-4.69,-33.44,0.19,284.43,-86.25,-140.81
52.404633,-1.535135,158.63,2.84,3,329.97,19 / 21,1774529,2019-09-06 18:45:41:211,-0.242,-0.0303,9.9672,-0.0085,0.0006,9.8066,0.0135,-0.0117,-0.0004,-5.19,-33.81,0.13,284.64,-86.35,-140.56
52.404633,-1.535135,158.63,2.84,3,329.97,19 / 21,1774629,2019-09-06 18:45:41:311,-0.1991,0.0895,9.9175,-0.0055,0.0007,9.8066,-0.0037,-0.012,-0.0146,-4.87,-33.25,0.31,286.36,-86.44,-140.41
52.404633,-1.535135,158.63,2.84,3,329.97,19 / 21,1774729,2019-09-06 18:45:41:411,-0.2026,-0.07,9.8873,-0.003,-0.0005,9.8065,-0.0009,-0.0135,0.001,-4.62,-33.56,0.69,300.71,-86.48,-139.89
52.404633,-1.535135,158.63,2.84,3,329.97,19 / 21,1774828,2019-09-06 18:45:41:510,-0.1459,-0.0611,9.8727,-0.0067,0.0013,9.8066,0.0034,-0.0026,0.0042,-4.56,-33.06,0.63,302.9,-86.57,-139.34
52.404633,-1.535135,158.63,2.84,3,329.97,19 / 21,1774928,2019-09-06 18:45:41:610,-0.1805,-0.0686,9.9192,-0.0023,-0.001,9.8066,0.0079,0.0057,0.0082,-4.69,-33.62,0.19,288.48,-86.61,-139
52.404633,-1.535135,158.63,2.84,3,329.97,19 / 21,1775028,2019-09-06 18:45:41:710,-0.0339,0.0359,9.9466,-0.0035,0.0012,9.8066,0.0121,0.0022,0.0089,-5,-33.69,0.5,303.77,-86.65,-138.6
52.404633,-1.535135,158.63,2.84,3,329.97,19 / 21,1775129,2019-09-06 18:45:41:811,-0.1654,-0.0183,9.9637,-0.0013,0.0003,9.8066,0.0036,0.0062,-0.0072,-5,-33.19,0.5,305.57,-86.72,-138.15
52.404633,-1.535135,158.63,2.84,3,329.97,19 / 21,1775228,2019-09-06 18:45:41:910,-0.2063,-0.0912,9.8507,-0.0058,-0.0013,9.8066,-0.0037,-0.0195,-0.0017,-4.69,-33.81,0.44,292.15,-86.81,-137.29
52.404633,-1.535135,158.63,2.84,3,329.97,19 / 21,1775329,2019-09-06 18:45:42:011,0.2214,0.1423,9.9666,-0.0053,0.0003,9.8066,0.0039,-0.0044,-0.0046,-5.06,-33.06,0.44,293.68,-86.85,-136.88
52.404633,-1.535135,158.63,2.84,3,329.97,19 / 21,1775429,2019-09-06 18:45:42:111,0.4972,0.2768,9.9459,0.0001,-0.0005,9.8066,0.0155,-0.0074,0.0095,-4.69,-33.37,0.25,294.45,-86.9,-136.5
52.404633,-1.535135,158.63,2.84,3,329.97,19 / 21,1775528,2019-09-06 18:45:42:210,0.5624,0.0938,9.8616,0.0005,0.001,9.8066,0.0266,0.0012,0.0074,-4.62,-33.44,0.81,308.72,-86.89,-136.65
52.404633,-1.535135,158.63,2.84,3,329.97,19 / 21,1775629,2019-09-06 18:45:42:311,0.3941,-0.0121,9.7772,-0.0048,-0.0001,9.8066,0.0009,-0.011,-0.0047,-4.81,-33.12,0.88,308.29,-86.9,-136.99
52.404633,-1.535135,158.63,2.84,3,329.97,19 / 21,1775729,2019-09-06 18:45:42:411,0.3104,0.0491,9.9628,-0.0069,0.0003,9.8066,0.001,-0.0126,-0.0101,-3.87,-34.06,0.69,307.89,-86.97,-135.94
52.404633,-1.535135,158.63,2.84,3,329.97,19 / 21,1775828,2019-09-06 18:45:42:510,0.3532,0.0452,9.9689,-0.0002,-0.0007,9.8066,0.0008,-0.0077,0.0088,-5.06,-33.94,0.38,295.94,-87.01,-135.41
52.404633,-1.535135,158.63,2.84,3,329.97,19 / 21,1775928,2019-09-06 18:45:42:610,0.2542,0.1319,9.9463,0.001,-0.0003,9.8066,0.0167,0.0024,0.0119,-5.12,-33.37,0.56,311.4,-87.02,-135.23
52.404633,-1.535135,158.63,2.84,3,329.97,19 / 21,1776029,2019-09-06 18:45:42:711,0.5742,0.0963,9.781,-0.0049,-0.0008,9.8066,0.0063,-0.0064,-0.0097,-4.81,-33.5,0.75,312.77,-87.09,-134.52
52.404633,-1.535135,158.63,2.84,3,329.97,19 / 21,1776128,2019-09-06 18:45:42:810,0.7232,-0.0242,9.7855,-0.0066,-0.0019,9.8066,-0.0073,-0.0155,-0.001,-5.37,-33.69,0.56,313.54,-87.12,-133.67
52.404633,-1.535135,158.63,2.84,3,329.97,19 / 21,1776229,2019-09-06 18:45:42:911,0.4048,0.0467,9.7739,-0.0029,-0.0008,9.8066,-0.0053,-0.0086,0.0079,-4.81,-33.62,0.5,314.39,-87.15,-133.16
52.404633,-1.535135,158.63,2.84,3,329.97,19 / 21,1776330,2019-09-06 18:45:43:012,0.553,0.0175,9.7755,-0.0035,0.0003,9.8066,0.0068,-0.0077,0.0027,-5.19,-33.31,0.38,301.25,-87.18,-132.57
52.404633,-1.535135,158.63,2.84,3,329.97,19 / 20,1776428,2019-09-06 18:45:43:110,0.6662,0.0198,9.7649,0.0011,-0.0012,9.8066,0.0162,0.0096,0.0008,-4.75,-33.44,0.81,315.95,-87.18,-132.52
52.404633,-1.535135,158.63,2.84,3,329.97,19 / 20,1776528,2019-09-06 18:45:43:210,0.6437,0.0055,9.7523,-0.0058,0,9.8066,-0.0112,-0.0215,-0.0077,-5.12,-33,0.81,317.22,-87.22,-131.73
52.404633,-1.535135,158.63,2.84,3,329.97,19 / 20,1776629,2019-09-06 18:45:43:311,0.5073,0.0213,9.7565,-0.0018,-0.0002,9.8066,-0.0123,-0.0067,-0.0079,-5.31,-33.87,0.63,317.53,-87.24,-131.21
52.404633,-1.535135,158.63,2.84,3,329.97,19 / 20,1776729,2019-09-06 18:45:43:411,0.725,0.0724,9.736,-0.0019,-0.0015,9.8066,0.0134,-0.0103,0.0159,-5.44,-34,0.94,318.5,-87.25,-130.52
52.404633,-1.535135,158.63,2.84,3,329.97,19 / 20,1776828,2019-09-06 18:45:43:510,0.5601,0.0174,9.9646,-0.0032,0.0007,9.8066,0.011,-0.0044,0.0029,-5.62,-34.06,0.88,319.3,-87.29,-130.21
52.404633,-1.535135,158.63,2.84,3,329.97,19 / 20,1776929,2019-09-06 18:45:43:611,0.3212,-0.0448,9.9515,-0.0049,0.0009,9.8066,-0.0227,-0.0124,-0.0123,-5.19,-33.62,1.06,320.32,-87.33,-129.5
52.404633,-1.535135,158.63,2.84,3,329.97,19 / 20,1777028,2019-09-06 18:45:43:710,0.6324,-0.0171,9.9221,-0.0004,-0.0013,9.8066,-0.0039,-0.0147,0.0087,-5.69,-33.56,1,321.2,-87.34,-128.88
52.404633,-1.535135,158.63,2.84,3,329.97,19 / 20,1777129,2019-09-06 18:45:43:811,0.3497,-0.097,9.8798,-0.0032,-0.0015,9.8066,0.0091,-0.0063,0.0146,-6.12,-33.75,0.81,322,-87.34,-128.24
52.404633,-1.535135,158.63,2.84,3,329.97,19 / 20,1777228,2019-09-06 18:45:43:910,0.6853,-0.0351,9.8476,-0.0015,0.001,9.8066,0.0048,-0.0017,-0.0083,-6.12,-33.25,0.94,322.6,-87.36,-128.11
52.404633,-1.535135,158.63,2.84,3,329.97,19 / 20,1777329,2019-09-06 18:45:44:011,0.6906,0.005,9.8052,-0.0034,-0.0008,9.8066,-0.0073,-0.013,-0.0105,-5.94,-33.87,1.13,323.1,-87.38,-127.52
52.404633,-1.535135,158.63,2.84,3,329.97,19 / 21,1777429,2019-09-06 18:45:44:111,0.4974,-0.0943,9.9486,0.0007,-0.0028,9.8066,-0.0058,-0.0125,0.008,-6.5,-33.5,1.31,324.02,-87.38,-127.02
52.404633,-1.535135,158.63,2.84,3,329.97,19 / 21,1777528,2019-09-06 18:45:44:210,0.4899,-0.1027,9.7826,-0.0032,-0.0007,9.8066,0.0146,0.004,0.0134,-6.69,-33.81,1.25,324.14,-87.38,-126.57
52.404633,-1.535135,158.63,2.84,3,329.97,19 / 21,1777629,2019-09-06 18:45:44:311,0.795,-0.0708,9.7366,-0.0008,0.0003,9.8066,0.0051,-0.0158,-0.0085,-6.62,-33.81,1.38,324.59,-87.4,-126.25
52.404633,-1.535135,158.63,2.84,3,329.97,19 / 21,1777729,2019-09-06 18:45:44:411,0.7147,-0.0707,9.7364,0.0001,-0.0013,9.8066,-0.0052,-0.0057,-0.0073,-6.56,-34.19,1,325.12,-87.41,-125.85
52.404633,-1.535135,158.63,2.84,3,329.97,19 / 21,1777829,2019-09-06 18:45:44:511,0.5047,-0.1329,9.7607,0.0001,-0.0019,9.8066,-0.0036,-0.0025,0.0186,-6.75,-33.37,1.06,325.76,-87.4,-125.49
52.404633,-1.535135,158.63,2.84,3,329.97,19 / 21,1777928,2019-09-06 18:45:44:610,0.7499,0.0631,9.784,-0.0023,-0.0004,9.8066,0.019,0.0073,0.0014,-7.19,-33.75,1.25,325.62,-87.4,-125.4
52.404633,-1.535135,158.63,2.84,3,329.97,19 / 21,1778029,2019-09-06 18:45:44:711,0.5772,0.0421,9.7611,0.0011,-0.0005,9.8066,0.0018,-0.0241,-0.0101,-7.56,-33.62,0.44,317.27,-87.41,-125.22
52.404633,-1.535135,158.63,2.84,3,329.97,19 / 21,1778129,2019-09-06 18:45:44:811,0.5299,0.0365,9.8533,0.0004,-0.0022,9.8066,0.0049,0.0031,0.0044,-7.06,-33.37,0.81,326.4,-87.4,-124.98
52.404633,-1.535135,158.63,2.84,3,329.97,19 / 21,1778228,2019-09-06 18:45:44:910,0.4378,0.1584,9.9324,0.0023,0.0003,9.8066,0.0133,0.0041,0.0212,-6.87,-33.19,-0.06,316.6,-87.38,-124.86
52.404633,-1.535135,158.63,2.84,3,329.97,19 / 21,1778328,2019-09-06 18:45:45:010,0.2474,0.07,9.9687,-0.0014,-0.0001,9.8066,-0.0017,-0.0189,-0.0129,-7.37,-33.44,0,316.52,-87.39,-124.96
52.404633,-1.535135,158.63,2.84,3,329.97,20 / 21,1778429,2019-09-06 18:45:45:111,0.5975,0.1606,9.9461,0.0009,-0.0016,9.8066,-0.0084,-0.0114,-0.0169,-7.31,-32.87,0.06,316.58,-87.39,-124.91
52.404633,-1.535135,158.63,2.84,3,329.97,20 / 21,1778529,2019-09-06 18:45:45:211,0.7307,-0.0444,9.6661,0.0025,-0.0022,9.8066,0.0247,-0.002,0.0265,-7.87,-33.25,0.13,317.87,-87.37,-124.79
52.404633,-1.535135,158.63,2.84,3,329.97,20 / 21,1778628,2019-09-06 18:45:45:310,0.809,0.0429,9.7702,0.0018,0.0017,9.8065,0.0206,-0.009,0.0074,-7.06,-33.56,0.25,315.68,-87.35,-125.28
52.404633,-1.535135,158.63,2.84,3,329.97,20 / 21,1778729,2019-09-06 18:45:45:411,0.7984,0.0201,9.6585,0.0015,0.0018,9.8066,-0.0393,-0.0145,-0.0225,-7.81,-33.25,0.13,317.39,-87.37,-125.22
52.404633,-1.535135,158.63,2.84,3,329.97,20 / 21,1778829,2019-09-06 18:45:45:511,0.2702,0.1143,9.9769,0.0002,-0.0025,9.8066,0.0021,0.0025,0.0143,-7.25,-33.81,-0.12,316.07,-87.36,-124.96
52.404633,-1.535135,158.63,2.84,3,329.97,20 / 21,1778928,2019-09-06 18:45:45:610,0.4334,0.1962,9.91,-0.0007,0.0004,9.8066,0.023,-0.0044,0.0161,-7.56,-33.56,-0.25,317.35,-87.34,-124.94
52.404633,-1.535135,158.63,2.84,3,329.97,20 / 21,1779029,2019-09-06 18:45:45:711,0.2188,0.1447,9.9999,-0.0001,0.0011,9.8066,-0.0154,-0.0169,-0.0264,-7.62,-33.37,-0.31,317.11,-87.34,-125.37
52.404633,-1.535135,158.63,2.84,3,329.97,20 / 21,1779128,2019-09-06 18:45:45:810,0.8101,0.1155,9.7457,0.0026,-0.0026,9.8066,0.0094,0.0107,0.0181,-7.87,-33.94,-0.06,316.36,-87.3,-125.66
52.404633,-1.535135,158.63,2.84,3,329.97,20 / 21,1779228,2019-09-06 18:45:45:910,0.6364,-0.0149,9.6647,0.0007,0.0009,9.8066,0.0178,-0.0087,0.0208,-7.62,-33.94,-0.56,307.98,-87.27,-125.75
52.404633,-1.535135,158.63,2.84,3,329.97,20 / 21,1779329,2019-09-06 18:45:46:011,0.7797,0.0055,9.7422,0.001,0.0006,9.8066,-0.0151,-0.0059,-0.0203,-7.69,-33.87,-0.12,315.81,-87.28,-126.08
52.404633,-1.535135,158.63,2.84,3,329.97,19 / 21,1779428,2019-09-06 18:45:46:110,0.4494,0.181,9.8964,-0.0003,-0.0007,9.8066,-0.0129,0.005,-0.0005,-7.87,-33.5,-0.81,307.72,-87.27,-126.24
52.404633,-1.535135,158.63,2.84,3,329.97,19 / 21,1779529,2019-09-06 18:45:46:211,0.2449,0.0838,9.9259,0.0023,0.0001,9.8066,0.0121,0.0002,0.0113,-7.69,-34.31,-0.37,315.19,-87.24,-126.48
52.404633,-1.535135,158.63,2.84,3,329.97,19 / 21,1779628,2019-09-06 18:45:46:310,0.5487,0.1764,9.935,-0.0004,0.0007,9.8066,-0.0043,-0.0079,-0.0102,-7.44,-33.75,-0.12,313.56,-87.25,-126.67
52.404633,-1.535135,158.63,2.84,3,329.97,19 / 21,1779729,2019-09-06 18:45:46:411,0.482,0.0677,9.8396,0.0009,-0.0003,9.8066,-0.0108,-0.0099,-0.0034,-7.94,-33.62,-1,306.54,-87.24,-126.89
52.404633,-1.535135,158.63,2.84,3,329.97,19 / 21,1779828,2019-09-06 18:45:46:510,0.4265,0.1026,9.8789,0.0019,-0.0009,9.8066,0.0118,0.017,0.0231,-8.06,-33.5,-1.19,306.17,-87.19,-127.33
52.404633,-1.535135,158.63,2.84,3,329.97,19 / 21,1779929,2019-09-06 18:45:46:611,0.727,0.228,9.6831,0.0017,0.0013,9.8066,0.0101,-0.0179,-0.0012,-7.5,-33.37,-0.69,302.9,-87.17,-127.79
52.404633,-1.535135,158.63,2.84,3,329.97,19 / 21,1780030,2019-09-06 18:45:46:712,0.4635,0.1548,9.769,0.001,-0.0003,9.8065,-0.0062,-0.008,-0.012,-7.62,-33.62,-1.12,304.53,-87.17,-128.41
52.404633,-1.535135,158.63,2.84,3,329.97,19 / 21,1780129,2019-09-06 18:45:46:811,0.8418,0.1442,9.7003,0.0012,-0.0014,9.8066,-0.0145,-0.0027,0.0139,-7.56,-33.62,-1.31,304.23,-87.14,-128.58
52.404633,-1.535135,158.63,2.84,3,329.97,19 / 21,1780228,2019-09-06 18:45:46:910,0.2223,0.1546,9.9555,0.0007,0.001,9.8066,0.0273,0.005,0.0085,-7.25,-33.62,-0.69,300.62,-87.1,-129.13
52.404633,-1.535135,158.63,2.84,3,329.97,19 / 21,1780329,2019-09-06 18:45:47:011,0.3435,0.2178,9.9765,-0.0011,0.0009,9.8066,-0.0014,-0.0182,-0.0154,-7.44,-33.44,-1.12,300.74,-87.1,-129.37
52.404633,-1.535135,158.63,2.84,3,329.97,19 / 21,1780428,2019-09-06 18:45:47:110,0.4714,0.3131,9.8742,0.0048,-0.0008,9.8066,-0.0134,-0.0058,-0.012,-7.37,-33.56,-0.81,299.76,-87.09,-129.83
52.404633,-1.535135,158.63,2.84,3,329.97,19 / 21,1780528,2019-09-06 18:45:47:210,0.4568,0.3025,9.8377,0.0031,0.0004,9.8066,0.0225,0.0097,0.028,-7.44,-33.56,-1.44,298.83,-87.03,-130.38
52.404633,-1.535135,158.63,2.84,3,329.97,19 / 21,1780628,2019-09-06 18:45:47:310,0.2257,0.1237,9.9424,-0.0003,0.0012,9.8066,-0.0063,-0.0107,-0.005,-7.56,-33.19,-1.12,301.44,-87.02,-130.92
52.404633,-1.535135,158.63,2.84,3,329.97,19 / 21,1780728,2019-09-06 18:45:47:410,0.6132,0.2143,9.8021,0.0033,0.0003,9.8066,0.0024,-0.007,-0.007,-7.69,-33.69,-0.94,300.64,-87,-131.24
52.404633,-1.535135,158.63,2.84,3,329.97,19 / 21,1780828,2019-09-06 18:45:47:510,0.2681,0.1025,9.8241,0.0046,0.0014,9.8066,0.0095,-0.0031,0.0184,-7.69,-33,-1.56,292.75,-86.94,-131.8
52.404633,-1.535135,158.63,2.84,3,329.97,19 / 21,1780928,2019-09-06 18:45:47:610,0.5069,0.1893,9.8281,-0.0003,0.0011,9.8066,0.0072,-0.0032,-0.006,-7.31,-33.87,-1.06,296.32,-86.94,-132.19
52.404633,-1.535135,158.63,2.84,3,329.97,19 / 21,1781028,2019-09-06 18:45:47:710,0.5716,0.0856,9.6842,0.0022,0.0016,9.8066,-0.0087,-0.0064,-0.0244,-7.75,-34.31,-1.37,298.93,-86.95,-132.56
52.404633,-1.535135,158.63,2.84,3,329.97,19 / 21,1781128,2019-09-06 18:45:47:810,0.5257,0.2471,9.8357,0.0058,-0.0004,9.8066,0.0215,-0.0024,0.0314,-7.81,-33.75,-1.06,298.11,-86.9,-133.11
52.404633,-1.535135,158.63,2.84,3,329.97,19 / 21,1781229,2019-09-06 18:45:47:911,0.4009,0.2701,9.852,0.0001,0.0021,9.8066,0.0183,-0.0034,0.0075,-7.12,-33.62,-1.56,286.03,-86.87,-133.8
52.404633,-1.535135,158.63,2.84,3,329.97,19 / 21,1781329,2019-09-06 18:45:48:011,0.2693,0.1453,9.9062,0.0033,0.0001,9.8066,-0.0145,-0.016,-0.0179,-7.75,-33.75,-1.31,296.92,-86.86,-134.03
52.404633,-1.535135,158.63,2.84,3,329.97,19 / 21,1781429,2019-09-06 18:45:48:111,0.6254,0.2511,9.7912,0.0044,0.0014,9.8066,0.0268,-0.0064,0.0136,-7.75,-33.75,-1.19,295.86,-86.81,-134.77
52.404633,-1.535135,158.63,2.84,3,329.97,19 / 21,1781528,2019-09-06 18:45:48:210,0.295,0.1365,9.8612,0.0019,0.0027,9.8066,0.0021,-0.0008,0.002,-7.44,-33.69,-1.56,284.13,-86.8,-135.24
52.404633,-1.535135,158.63,2.84,3,329.97,19 / 21,1781629,2019-09-06 18:45:48:311,0.6,0.1823,9.7293,0.0017,0.0013,9.8066,-0.0173,-0.0225,-0.0221,-7.37,-33.87,-1.12,291.91,-86.81,-135.54
52.404633,-1.535135,158.63,2.84,3,329.97,19 / 21,1781729,2019-09-06 18:45:48:411,0.5074,0.2027,9.6913,0.0053,-0.0006,9.8066,0.002,0.0118,0.0243,-7.69,-33.81,-1.75,287.14,-86.76,-135.9
52.404633,-1.535135,158.63,2.84,3,329.97,19 / 21,1781830,2019-09-06 18:45:48:512,0.4468,0.2603,9.8304,-0.0009,0.0016,9.8066,0.0194,0.0015,0.0165,-7.5,-33.69,-2.12,282.4,-86.72,-136.48
52.404633,-1.535135,158.63,2.84,3,329.97,19 / 21,1781929,2019-09-06 18:45:48:611,0.5667,0.2342,9.7138,0.0004,0.0015,9.8066,-0.0162,-0.0185,-0.0216,-8,-33.37,-1.87,286.4,-86.73,-136.86
52.404633,-1.535135,158.63,2.84,3,329.97,19 / 21,1782029,2019-09-06 18:45:48:711,0.2403,0.2674,9.9068,0.0034,0.0008,9.8066,-0.0028,0.006,0.0032,-8.06,-33.5,-2,285.72,-86.68,-137.3
52.404633,-1.535135,158.63,2.84,3,329.97,19 / 21,1782129,2019-09-06 18:45:48:811,0.1906,0.2111,9.9226,0.001,0.002,9.8066,0.0118,-0.0004,0.0135,-7.25,-33.19,-1.81,281.13,-86.65,-137.81
52.404633,-1.535135,158.63,2.84,3,329.97,19 / 21,1782228,2019-09-06 18:45:48:910,0.2936,0.3332,9.9328,0.0007,0.0028,9.8066,-0.0058,-0.0024,-0.0157,-7.5,-33.12,-1.25,288.44,-86.64,-138.34
52.404633,-1.535135,158.63,2.84,3,329.97,19 / 21,1782329,2019-09-06 18:45:49:011,0.3869,0.0634,9.7463,0.0039,0.0009,9.8066,-0.004,-0.0005,0.0088,-7.25,-33.62,-2.06,279.37,-86.62,-138.87
52.404633,-1.535135,158.63,2.84,3,329.97,20 / 21,1782428,2019-09-06 18:45:49:110,0.1448,0.0948,9.9047,-0.001,0.0002,9.8066,0.011,0.006,0.0249,-7.12,-33.31,-2.19,279.24,-86.57,-139.25
52.404633,-1.535135,158.63,2.84,3,329.97,20 / 21,1782529,2019-09-06 18:45:49:211,0.4849,0.3554,9.7136,-0.0047,-0.0015,9.8066,-0.0122,-0.0148,-0.0166,-7.37,-34.25,-2,278.68,-86.58,-139.36
52.404633,-1.535135,158.63,2.84,3,329.97,20 / 21,1782628,2019-09-06 18:45:49:310,0.1863,0.1106,9.8725,0.0028,0.0011,9.8066,-0.0098,-0.0083,-0.0165,-7.5,-33.94,-2.37,277.83,-86.54,-139.99
52.404633,-1.535135,158.63,2.84,3,329.97,20 / 21,1782728,2019-09-06 18:45:49:410,0.4556,0.4287,9.7178,0.0042,0.0026,9.8066,0.032,0.0117,0.0247,-7.19,-33.94,-2.81,270.68,-86.5,-140.28
52.404633,-1.535135,158.63,2.84,3,329.97,20 / 21,1782828,2019-09-06 18:45:49:510,0.3113,0.0842,9.7197,0.0004,0.0011,9.8066,-0.0133,-0.0212,-0.0241,-7.31,-34.25,-2.62,270.49,-86.5,-140.49
52.404633,-1.535135,158.63,2.84,3,329.97,20 / 21,1782928,2019-09-06 18:45:49:610,0.3649,0.3247,9.8813,0.0024,-0.0007,9.8066,0.0062,-0.001,-0.0028,-6.87,-34.25,-2.94,270.09,-86.48,-140.78
52.404633,-1.535135,158.63,2.84,3,329.97,20 / 21,1783029,2019-09-06 18:45:49:711,0.1256,0.145,9.8945,0.0034,0.0022,9.8066,0.0341,0.008,0.0276,-6.69,-33.69,-3.56,263.92,-86.41,-141.08
52.404633,-1.535135,158.63,2.84,3,329.97,20 / 21,1783129,2019-09-06 18:45:49:811,0.1099,0.2462,9.8834,0.0008,0.004,9.8066,-0.0129,-0.0191,-0.0215,-6.69,-33.62,-3.37,269.21,-86.42,-141.37
52.404633,-1.535135,158.63,2.84,3,329.97,20 / 21,1783229,2019-09-06 18:45:49:911,0.2235,0.2849,9.824,0.004,0.0001,9.8066,-0.0075,0.0045,-0.0091,-6.81,-33.75,-3.19,268.73,-86.4,-141.76
52.404633,-1.535135,158.63,2.84,3,329.97,20 / 21,1783329,2019-09-06 18:45:50:011,0.3323,0.2605,9.7811,0.0038,0.0025,9.8066,0.0216,0.0105,0.0213,-6.06,-33.19,-3.25,263.49,-86.36,-141.83
52.404633,-1.535135,158.63,2.84,3,329.97,19 / 21,1783428,2019-09-06 18:45:50:110,0.3888,0.3717,9.7542,-0.0011,0.0011,9.8066,0.0066,-0.012,-0.0076,-6.31,-33.37,-3.31,263.16,-86.36,-142.17
52.404633,-1.535135,158.63,2.84,3,329.97,19 / 21,1783528,2019-09-06 18:45:50:210,0.1872,0.0984,9.8659,0.0029,0.0026,9.8066,-0.0053,0.0047,-0.0015,-6,-33.94,-3.44,262.06,-86.33,-142.62
52.404633,-1.535135,158.63,2.84,3,329.97,19 / 21,1783629,2019-09-06 18:45:50:311,0.1598,0.335,9.8919,0.0012,0.0018,9.8066,0.011,0.0012,0.0203,-5.62,-33.12,-2.81,261.97,-86.28,-143.04
52.404633,-1.535135,158.63,2.84,3,329.97,19 / 21,1783728,2019-09-06 18:45:50:410,0.0536,0.1463,9.8585,-0.0016,0.0028,9.8066,-0.0093,-0.0037,-0.0082,-5.87,-33.37,-3.94,256.25,-86.29,-143.36
52.404633,-1.535135,158.63,2.84,3,329.97,19 / 21,1783828,2019-09-06 18:45:50:510,-0.0091,0.1395,9.9326,-0.0007,-0.0009,9.8066,-0.0187,-0.0076,-0.0172,-5.69,-33.81,-3.62,255.52,-86.29,-143.58
52.404633,-1.535135,158.63,2.84,3,329.97,19 / 21,1783928,2019-09-06 18:45:50:610,0.2976,0.2808,9.7073,0.0053,0.0029,9.8065,0.0124,0.0125,0.0236,-5.94,-33.19,-3.62,255.49,-86.23,-143.86
52.404633,-1.535135,158.63,2.84,3,329.97,19 / 21,1784029,2019-09-06 18:45:50:711,0.2934,0.1799,9.8138,-0.0013,0.0005,9.8066,-0.0001,-0.0017,0.0058,-5.69,-33.69,-3.69,254.78,-86.22,-144.06
52.404633,-1.535135,158.63,2.84,3,329.97,19 / 21,1784129,2019-09-06 18:45:50:811,0.342,0.4445,9.7168,0,0,9.8066,-0.0093,-0.0179,-0.0098,-5.69,-33.44,-3.75,254.97,-86.22,-144.42
52.404633,-1.535135,158.63,2.84,3,329.97,19 / 21,1784230,2019-09-06 18:45:50:912,-0.026,0.0968,9.9683,0.0024,0.001,9.8065,0.0187,0.0103,0.0146,-5.56,-33.12,-3.87,254.47,-86.17,-144.69
52.404633,-1.535135,158.63,2.84,3,329.97,19 / 21,1784328,2019-09-06 18:45:51:010,0.1143,0.3695,9.9545,-0.0014,0.0004,9.8066,-0.008,-0.0228,0.0054,-5.5,-33.62,-3.44,252.19,-86.16,-145
52.404633,-1.535135,158.63,2.84,3,329.97,19 / 21,1784429,2019-09-06 18:45:51:111,-0.0177,0.1241,9.8743,0.003,0.0023,9.8066,-0.0189,-0.0116,-0.0214,-6.12,-33.06,-3.31,258.91,-86.13,-145.51
52.404633,-1.535135,158.63,2.84,3,329.97,19 / 21,1784529,2019-09-06 18:45:51:211,0.516,0.3929,9.6834,0.0033,0.0011,9.8066,0.0243,0.0067,0.0304,-5.62,-33.37,-3.5,258.7,-86.1,-145.55
52.404633,-1.535135,158.63,2.84,3,329.97,19 / 21,1784628,2019-09-06 18:45:51:310,0.3295,0.2315,9.6678,-0.0015,0.001,9.8066,0.005,-0.015,0.0078,-5.56,-33.5,-3.62,253.03,-86.07,-145.83
52.404633,-1.535135,158.63,2.84,3,329.97,19 / 21,1784729,2019-09-06 18:45:51:411,0.0483,0.2041,10.0343,-0.0003,-0.0012,9.8066,0.0006,-0.002,-0.0129,-5.94,-33.25,-3.56,252.83,-86.08,-146.08
52.404633,-1.535135,158.63,2.84,3,329.97,19 / 21,1784828,2019-09-06 18:45:51:510,-0.0528,0.216,9.8896,0.0052,0.0036,9.8066,0.0235,0.0059,0.0254,-6,-33.56,-3.44,257,-86.01,-146.34
52.404633,-1.535135,158.63,2.84,3,329.97,19 / 21,1784929,2019-09-06 18:45:51:611,-0.0568,0.0975,10.0131,0.0009,0.0042,9.8066,0.0009,-0.0132,-0.0126,-5.69,-33.44,-3.62,252.15,-86.02,-146.57
52.404633,-1.535135,158.63,2.84,3,329.97,19 / 21,1785028,2019-09-06 18:45:51:710,-0.0048,0.2013,9.9248,-0.0002,-0.0005,9.8066,-0.0223,-0.0009,-0.0202,-5.75,-33.37,-3.56,251.94,-86.03,-146.83
52.404633,-1.535135,158.63,2.84,3,329.97,19 / 21,1785129,2019-09-06 18:45:51:811,0.2887,0.1758,9.7557,0.0049,0.0019,9.8066,0.0183,-0.0037,0.0231,-5.75,-33.56,-3.62,251.17,-85.98,-146.89
52.404633,-1.535135,158.63,2.84,3,329.97,19 / 21,1785229,2019-09-06 18:45:51:911,0.4146,0.3419,9.7593,-0.0013,0.0019,9.8066,-0.0155,-0.0123,-0.0177,-5.62,-33.94,-3.06,256.09,-85.98,-147.13
52.404633,-1.535135,158.63,2.84,3,329.97,19 / 21,1785329,2019-09-06 18:45:52:011,0.3904,0.3284,9.6788,0.0023,0.0007,9.8066,-0.0082,0.0018,-0.0053,-6.44,-33.94,-3.94,250.8,-85.97,-147.3
52.404633,-1.535135,158.63,2.84,3,329.97,19 / 21,1785429,2019-09-06 18:45:52:111,0.2196,0.1464,9.7473,0.0005,0.0004,9.8066,0.0153,-0.0037,0.0198,-5.81,-33.25,-3.81,251.2,-85.94,-147.27
52.404633,-1.535135,158.63,2.84,3,329.97,19 / 21,1785529,2019-09-06 18:45:52:211,-0.0417,0.2619,9.9728,-0.002,0.0016,9.8066,-0.0099,-0.0045,-0.0176,-6.25,-33.5,-3.12,256.06,-85.94,-147.6
52.404633,-1.535135,158.63,2.84,3,329.97,19 / 21,1785629,2019-09-06 18:45:52:311,-0.1931,-0.0168,10.0447,0.0009,-0.0004,9.8066,-0.0052,-0.01,0.0059,-6.75,-32.94,-4.37,256.26,-85.95,-147.67
52.404633,-1.535135,158.63,2.84,3,329.97,19 / 21,1785728,2019-09-06 18:45:52:410,-0.0779,0.1384,10.0257,0.0017,0.0012,9.8066,0.0264,-0.0021,0.0263,-6,-33.25,-3.5,255.8,-85.91,-147.75
52.404633,-1.535135,158.63,2.84,3,329.97,19 / 21,1785829,2019-09-06 18:45:52:511,0.3608,0.1871,9.6682,-0.0037,-0.0006,9.8066,-0.0078,-0.0045,-0.0095,-5.87,-33.62,-3.5,255.05,-85.93,-148.01
52.404633,-1.535135,158.63,2.84,3,329.97,19 / 21,1785929,2019-09-06 18:45:52:611,0.358,0.2003,9.7399,0,-0.0001,9.8066,-0.0148,-0.0135,-0.0052,-5.94,-33.69,-3.37,255.01,-85.92,-148.04
52.404633,-1.535135,158.63,2.84,3,329.97,19 / 21,1786030,2019-09-06 18:45:52:712,0.4784,0.3254,9.6299,0.0023,0.001,9.8066,0.0224,0.0016,0.031,-6.25,-33.31,-3.44,255.35,-85.86,-147.96
52.404633,-1.535135,158.63,2.84,3,329.97,19 / 21,1786128,2019-09-06 18:45:52:810,-0.0263,0.0357,9.9842,-0.0023,-0.0011,9.8066,-0.016,-0.0148,-0.0096,-5.81,-33.44,-3.12,255.28,-85.87,-148.09
52.404633,-1.535135,158.63,2.84,3,329.97,19 / 21,1786228,2019-09-06 18:45:52:910,-0.0397,0.2531,9.9402,0.0016,-0.0004,9.8066,-0.0237,-0.0112,-0.0205,-5.69,-33.12,-3.81,249.91,-85.87,-148.39
52.404633,-1.535135,158.63,2.84,3,329.97,19 / 21,1786328,2019-09-06 18:45:53:010,-0.1328,0.0531,9.942,0.0015,-0.0015,9.8065,0.0206,0.013,0.028,-5.69,-33.31,-3.69,250.07,-85.84,-148.05
52.404633,-1.535135,158.63,2.84,3,329.97,19 / 21,1786429,2019-09-06 18:45:53:111,-0.0224,0.1537,9.9465,0.0037,0.0011,9.8066,0.0033,0.0061,0.0116,-5.62,-33.12,-3.31,254.84,-85.84,-148.41
52.404633,-1.535135,158.63,2.84,3,329.97,19 / 21,1786529,2019-09-06 18:45:53:211,0.1828,0.2257,9.8039,0.0021,-0.0001,9.8066,0.0068,-0.0152,-0.0006,-6,-33.75,-4.19,249.16,-85.83,-148.49
52.404633,-1.535135,158.63,2.84,3,329.97,19 / 21,1786629,2019-09-06 18:45:53:311,0.2079,0.1867,9.7995,0.0034,0.0019,9.8066,-0.0157,-0.0183,-0.022,-5.81,-33.56,-3.87,248.92,-85.79,-148.56
52.404633,-1.535135,158.63,2.84,3,329.97,19 / 21,1786729,2019-09-06 18:45:53:411,0.3343,0.3727,9.7134,-0.0018,0.001,9.8066,0.0108,0.0192,0.0112,-5.94,-33.94,-4.06,248.64,-85.78,-148.82
52.404633,-1.535135,158.63,2.84,3,329.97,19 / 21,1786829,2019-09-06 18:45:53:511,0.2334,0.0339,9.7364,0.004,0.0037,9.8066,0.0057,-0.0195,0.0055,-6.31,-33.5,-3.44,253.74,-85.74,-149.16
52.404633,-1.535135,158.63,2.84,3,329.97,19 / 21,1786928,2019-09-06 18:45:53:610,0.3408,0.3388,9.8082,0.0018,0.0005,9.8066,-0.0128,-0.018,-0.0275,-6.12,-33.31,-3.81,248.64,-85.72,-149.12
52.404633,-1.535135,158.63,2.84,3,329.97,19 / 21,1787029,2019-09-06 18:45:53:711,0.1354,0.1903,9.7659,-0.0019,0.0006,9.8066,0.0207,0.0183,0.0213,-4.94,-33.5,-3.94,242.14,-85.74,-149.43
52.404633,-1.535135,158.63,2.84,3,329.97,19 / 21,1787129,2019-09-06 18:45:53:811,0.3245,0.2134,9.8631,0.0024,0.0032,9.8066,0.0078,-0.0153,0.0187,-5.81,-33.87,-4,247.67,-85.71,-149.61
52.404633,-1.535135,158.63,2.84,3,329.97,19 / 21,1787229,2019-09-06 18:45:53:911,0.1557,0.3861,9.8566,-0.0021,-0.0014,9.8065,-0.0009,0.0021,-0.0186,-6.37,-33.5,-3.75,247.96,-85.67,-149.67
52.404633,-1.535135,158.63,2.84,3,329.97,19 / 21,1787328,2019-09-06 18:45:54:010,0.1787,0.1701,9.8039,-0.0017,0.0018,9.8065,0.0231,-0.0103,0.0192,-5.37,-33.44,-3.69,241.39,-85.68,-150.05
52.404633,-1.535135,158.63,2.84,3,329.97,19 / 20,1787429,2019-09-06 18:45:54:111,0.5121,0.4633,9.7697,0.0032,0.0019,9.8066,0.0019,-0.0117,-0.0109,-5.62,-33.37,-3.75,247.25,-85.62,-150.27
52.404633,-1.535135,158.63,2.84,3,329.97,19 / 20,1787529,2019-09-06 18:45:54:211,0.971,1.3626,9.9194,0.0015,0.0061,9.8066,0.0096,-0.0103,0.0038,-5.56,-33.5,-3.75,246.48,-85.56,-150.89
52.404633,-1.535135,158.63,2.84,3,329.97,19 / 20,1787628,2019-09-06 18:45:54:310,1.3176,1.5543,9.9274,0.0005,0.0051,9.8066,0.0237,-0.0039,0.0113,-6,-33.37,-3.25,250,-85.45,-151.91
52.404633,-1.535135,158.63,2.84,3,329.97,19 / 20,1787728,2019-09-06 18:45:54:410,1.2197,1.7608,9.7052,0.007,0.0081,9.8066,0.0152,0.0019,-0.0033,-6.25,-33.19,-3.56,244.13,-85.34,-152.66
52.404633,-1.535135,158.63,2.84,3,329.97,19 / 20,1787829,2019-09-06 18:45:54:511,1.2057,1.5,9.8978,0.0032,0.0037,9.8066,0.0179,-0.013,-0.0133,-6.12,-33,-3.06,247.79,-85.23,-153.4
52.404633,-1.535135,158.63,2.84,3,329.97,19 / 20,1787928,2019-09-06 18:45:54:610,1.7513,1.8885,9.8866,-0.0021,0.0002,9.8066,0.0149,-0.0215,0.0139,-6.06,-33.62,-3.06,246.59,-85.2,-153.92
52.404633,-1.535135,158.63,2.84,3,329.97,19 / 20,1788029,2019-09-06 18:45:54:711,1.4431,1.3159,9.8581,0.0107,0.0093,9.8066,-0.0115,-0.0098,-0.0097,-6.62,-33.37,-2.37,257.74,-85.12,-154.15
52.404633,-1.535135,158.63,2.84,3,329.97,19 / 20,1788129,2019-09-06 18:45:54:811,2.2193,1.9254,9.9319,0.0095,0.0082,9.8066,0.0094,0.0187,-0.0161,-6.81,-33.94,-1.94,256.38,-85.05,-154.59
52.404633,-1.535135,158.63,2.84,3,329.97,19 / 20,1788228,2019-09-06 18:45:54:910,1.477,1.0016,9.8887,-0.0022,0.0003,9.8066,0.0272,-0.0102,0.0292,-6.37,-33.87,-2.25,250.31,-85.02,-155.14
52.404633,-1.535135,158.63,2.84,3,329.97,19 / 20,1788329,2019-09-06 18:45:55:011,2.0487,1.9681,9.7687,0.003,-0.0004,9.8066,-0.0026,-0.0177,0.0101,-6.56,-34.06,-1.87,255.33,-84.95,-155.24
52.404633,-1.535135,158.63,2.84,3,329.97,20 / 21,1788429,2019-09-06 18:45:55:111,2.3035,1.6476,9.7877,0.0058,0.0036,9.8066,0.0194,0.0018,-0.0033,-7.25,-34.06,-1.81,254.91,-84.88,-155.38
52.404633,-1.535135,158.63,2.84,3,329.97,20 / 21,1788528,2019-09-06 18:45:55:210,2.0715,0.9832,9.8727,0.0045,0.0043,9.8066,0.0311,-0.0209,0.0224,-7.12,-34.19,-1.31,260.25,-84.78,-156.02
52.404633,-1.535135,158.63,2.84,3,329.97,20 / 21,1788629,2019-09-06 18:45:55:311,2.5975,1.1848,9.905,0.0018,0.0035,9.8066,0.0079,-0.0188,0.0014,-7.94,-33.37,-1.06,264.28,-84.7,-156.43
52.404633,-1.535135,158.63,2.84,3,329.97,20 / 21,1788728,2019-09-06 18:45:55:410,1.9262,1.5576,9.7639,0.0048,0.002,9.8066,0.0387,0.0319,-0.0098,-7.81,-33.31,-0.62,263.49,-84.62,-156.91
52.404633,-1.535135,158.63,2.84,3,329.97,20 / 21,1788829,2019-09-06 18:45:55:511,1.734,0.9719,9.6536,0.0079,0.002,9.8066,-0.0307,0.0204,-0.0118,-7.44,-33.44,-0.31,265.4,-84.48,-157.62
52.404633,-1.535135,158.63,2.84,3,329.97,20 / 21,1788928,2019-09-06 18:45:55:610,1.6194,0.6451,10.0312,0.0087,0.0067,9.8065,0.0268,-0.0008,-0.0009,-7.06,-33.69,0.31,264.48,-84.49,-157.73
52.404633,-1.535135,158.63,2.84,3,329.97,20 / 21,1789028,2019-09-06 18:45:55:710,2.0563,0.5943,10.0375,0.0016,0.0058,9.8066,-0.0074,-0.0139,0.0049,-7.44,-34.06,0.88,272.66,-84.5,-157.89
52.404633,-1.535135,158.63,2.84,3,329.97,20 / 21,1789128,2019-09-06 18:45:55:810,2.0105,1.4847,9.804,0.0002,0.0059,9.8066,0.0206,0.0257,-0.0314,-6.94,-33.75,0.5,271.92,-84.52,-158.74
52.404633,-1.535135,158.63,2.84,3,329.97,20 / 21,1789229,2019-09-06 18:45:55:911,2.3098,1.0774,9.858,-0.0071,-0.0006,9.8066,0.0518,0.0287,-0.013,-7.69,-33.94,0.69,272.56,-84.43,-160.3
52.404633,-1.535135,158.63,2.84,3,329.97,20 / 21,1789329,2019-09-06 18:45:56:011,1.6411,0.4795,9.7518,-0.0093,-0.0047,9.8065,-0.0451,-0.0163,0.0314,-6.75,-32.87,1.19,270.4,-84.42,-160.61
52.404633,-1.535135,158.63,2.84,3,329.97,19 / 21,1789429,2019-09-06 18:45:56:111,2.2022,0.7888,9.6393,-0.003,-0.0047,9.8066,-0.0608,0.0002,-0.0029,-6.62,-32.94,1.63,281.3,-84.43,-158.91
52.404633,-1.535135,158.63,2.84,3,329.97,19 / 21,1789528,2019-09-06 18:45:56:210,1.6981,0.0517,9.9783,0.0015,-0.0032,9.8066,0.0167,0.0304,-0.0073,-6.37,-33.62,1.81,279.77,-84.51,-158.05
52.404633,-1.535135,158.63,2.84,3,329.97,19 / 21,1789629,2019-09-06 18:45:56:311,2.3047,0.2389,9.9758,-0.0064,-0.0002,9.8065,0.0532,-0.0356,0.0306,-6.87,-33.75,2,281.86,-84.42,-157.52
52.404633,-1.535135,158.63,2.84,3,329.97,19 / 21,1789729,2019-09-06 18:45:56:411,1.0198,0.2189,9.4103,-0.003,0.0058,9.8066,-0.0583,0.0132,-0.0155,-6.69,-33.31,1.69,281.87,-84.37,-158.1
52.404633,-1.535135,158.63,2.84,3,329.97,19 / 21,1789829,2019-09-06 18:45:56:511,-0.6856,-0.0336,9.5307,-0.0399,-0.0096,9.8065,-0.0725,0.0212,-0.0147,-5.62,-32.69,1.5,283.5,-84.75,-157.08
52.404633,-1.535135,158.63,2.84,3,329.97,19 / 21,1789929,2019-09-06 18:45:56:611,0.4525,-0.2592,10.0389,-0.042,0.0009,9.8065,0.0582,-0.0485,0.0063,-5.69,-32.69,1.75,286.43,-85.09,-156.46
52.404633,-1.535135,158.63,2.84,3,329.97,19 / 21,1790028,2019-09-06 18:45:56:710,0.5889,0.3342,10.5999,0.0314,0.0066,9.8065,-0.0721,0.0018,0.0167,-5.25,-32.69,1.69,284.73,-85.05,-156.14
52.404633,-1.535135,158.63,2.84,3,329.97,19 / 21,1790129,2019-09-06 18:45:56:811,1.1307,0.7839,9.2412,0.037,0.013,9.8066,-0.0407,-0.0133,0.0556,-5.75,-32.25,1.44,275.28,-84.94,-156.53
52.404633,-1.535135,158.63,2.84,3,329.97,19 / 21,1790229,2019-09-06 18:45:56:911,1.9293,0.5041,9.9492,0.01,-0.0062,9.8066,0.0675,-0.0338,-0.0158,-5.62,-32.56,1.56,284.62,-84.76,-156.2
52.404633,-1.535135,158.63,2.84,3,329.97,19 / 21,1790328,2019-09-06 18:45:57:010,2.809,-0.9414,10.3621,-0.0183,-0.0097,9.8066,-0.1599,-0.0765,0.1197,-5,-32.62,2.69,297.61,-84.66,-155.32
52.4047,-1.535204,159.22,4.53,2,329.46,20 / 21,1790428,2019-09-06 18:45:57:110,2.298,-0.4991,10.2897,0.0741,0.0068,9.8063,-0.0963,0.0993,-0.057,-5.06,-32.94,2.06,276.14,-84.15,-157.01
52.4047,-1.535204,159.22,4.53,2,329.46,20 / 21,1790528,2019-09-06 18:45:57:210,3.264,0.4334,9.3418,-0.0022,0.0017,9.8066,-0.0863,-0.0275,0.0366,-5.56,-32.69,2.06,279.57,-84.16,-157.09
52.4047,-1.535204,159.22,4.53,2,329.46,20 / 21,1790628,2019-09-06 18:45:57:310,1.4444,-0.2196,9.7013,-0.0218,0,9.8066,-0.1009,0.0035,-0.0126,-4.75,-32.5,2.5,292.56,-84.18,-157.25
52.4047,-1.535204,159.22,4.53,2,329.46,20 / 21,1790729,2019-09-06 18:45:57:411,2.0163,0.9255,10.2061,-0.0306,0.0073,9.8065,0.1033,-0.0258,-0.0381,-5.12,-32.37,2.44,276.83,-84.21,-158.23
52.4047,-1.535204,159.22,4.53,2,329.46,20 / 21,1790828,2019-09-06 18:45:57:510,2.2321,0.3122,10.4495,0.0396,0.0064,9.8065,0.064,-0.0155,0.0058,-5.12,-32.87,1.25,260.08,-84.02,-159.41
52.4047,-1.535204,159.22,4.53,2,329.46,20 / 21,1790929,2019-09-06 18:45:57:611,0.9274,0.5611,9.5996,0.049,0.0101,9.8064,-0.1746,0.0097,0.035,-5.37,-32.19,1.75,273.86,-83.99,-159.31
52.4047,-1.535204,159.22,4.53,2,329.46,20 / 21,1791028,2019-09-06 18:45:57:710,0.395,0.8066,9.5196,-0.0541,-0.0174,9.8064,-0.1718,0.0841,-0.0395,-5.06,-32.44,2,274.96,-84,-158.31
52.4047,-1.535204,159.22,4.53,2,329.46,20 / 21,1791128,2019-09-06 18:45:57:810,1.411,0.6609,9.6455,-0.0475,-0.011,9.8064,0.0997,-0.0212,-0.0555,-4.75,-32.31,1.56,277.52,-84.31,-158.29
52.4047,-1.535204,159.22,4.53,2,329.46,20 / 21,1791228,2019-09-06 18:45:57:910,2.7063,0.6842,9.917,0.0403,0.0239,9.8065,0.134,-0.0878,-0.0187,-4.12,-31.81,1.56,266.27,-83.99,-161.53
52.4047,-1.535204,159.22,4.53,2,329.46,20 / 21,1791329,2019-09-06 18:45:58:011,1.004,1.3923,9.9145,0.0484,0.0347,9.8064,-0.1376,0.0314,0.0235,-3.94,-32.87,1.38,249.04,-83.91,-162.22
52.4047,-1.535204,159.22,4.53,2,329.46,20 / 21,1791429,2019-09-06 18:45:58:111,0.3032,0.6823,9.5573,-0.0405,-0.024,9.8064,-0.2168,0.0581,-0.0353,-4.25,-32.62,0.69,251.69,-84.19,-161.84
52.4047,-1.535204,159.22,4.53,2,329.46,20 / 21,1791529,2019-09-06 18:45:58:211,2.2912,0.3171,10.1059,-0.0363,-0.0099,9.8065,0.1368,-0.1109,-0.0429,-4,-32.25,1.25,252.14,-84.19,-163.29
52.4047,-1.535204,159.22,4.53,2,329.46,20 / 21,1791628,2019-09-06 18:45:58:310,1.336,1.1059,10.2571,-0.0012,0.006,9.8066,0.1166,0.0103,-0.0352,-3.62,-32.81,0.56,250.15,-84.29,-165.23
52.4047,-1.535204,159.22,4.53,2,329.46,20 / 21,1791728,2019-09-06 18:45:58:410,0.4778,1.082,9.756,-0.0462,-0.0097,9.8065,-0.0621,0.0109,-0.0517,-3.37,-33.44,-0.19,229.66,-84.56,-167.64
52.4047,-1.535204,159.22,4.53,2,329.46,20 / 21,1791828,2019-09-06 18:45:58:510,0.097,0.4709,10.5189,0.0097,0.0212,9.8066,0.018,-0.0169,-0.0202,-3.12,-32.94,0.38,228.79,-84.6,-169.99
52.4047,-1.535204,159.22,4.53,2,329.46,20 / 21,1791928,2019-09-06 18:45:58:610,0.5613,0.5097,9.8241,0.0051,0.0372,9.8066,-0.0757,0.0446,-0.0737,-3.19,-33.5,-0.37,227.42,-84.55,-172.24
52.4047,-1.535204,159.22,4.53,2,329.46,20 / 21,1792028,2019-09-06 18:45:58:710,0.8151,0.1394,9.4248,0.0008,0.0046,9.8066,0.0132,-0.018,0.0253,-2.87,-33.06,0.75,236.01,-84.35,-173.86
52.4047,-1.535204,159.22,4.53,2,329.46,20 / 21,1792129,2019-09-06 18:45:58:811,0.2698,1.1457,10.3341,-0.0299,0.0067,9.8065,-0.0206,0.0032,-0.1036,-2.62,-33.94,0.19,223,-84.25,-176.21
52.4047,-1.535204,159.22,4.53,2,329.46,20 / 21,1792228,2019-09-06 18:45:58:910,0.1561,1.2279,10.1618,-0.0059,-0.0025,9.8065,0.0076,0.0188,0.0124,-2.87,-33.25,0.31,223.06,-84.24,-177.99
52.4047,-1.535204,159.22,4.53,2,329.46,20 / 21,1792329,2019-09-06 18:45:59:011,1.0622,0.8085,9.7082,-0.0122,-0.0033,9.8066,-0.0855,-0.008,-0.0284,-2.87,-33.62,0.5,232.68,-84.37,-178.62
52.4047,-1.535204,159.22,4.53,2,329.46,20 / 21,1792429,2019-09-06 18:45:59:111,-0.3779,0.0699,9.3503,-0.0067,0.0024,9.8066,0.1055,0.0197,-0.0031,-2.44,-33.81,-0.25,211.39,-84.48,179.83
52.4047,-1.535204,159.22,4.53,2,329.46,20 / 21,1792528,2019-09-06 18:45:59:210,-0.2925,0.1856,10.0979,0.0127,0.0096,9.8065,0.1094,-0.0558,0.0172,-2.25,-34.25,1.25,220.08,-84.31,179.79
52.4047,-1.535204,159.22,4.53,2,329.46,20 / 21,1792629,2019-09-06 18:45:59:311,0.2882,0.3558,10.3324,-0.0125,-0.0018,9.8066,-0.0029,-0.0221,-0.0889,-2.75,-33.25,0.94,232.74,-84.47,177.55
52.4047,-1.535204,159.22,4.53,2,329.46,20 / 21,1792728,2019-09-06 18:45:59:410,1.1245,0.8594,9.3335,-0.0014,-0.0075,9.8066,-0.0722,0.0131,0.0662,-2.62,-32.62,1.44,233.27,-84.53,177.78
52.4047,-1.535204,159.22,4.53,2,329.46,20 / 21,1792829,2019-09-06 18:45:59:511,0.8294,0.0604,10.0131,0.01,-0.0038,9.8066,-0.0803,-0.0522,0.0056,-2.56,-32.87,0.56,234.76,-84.72,178.14
52.4047,-1.535204,159.22,4.53,2,329.46,20 / 21,1792929,2019-09-06 18:45:59:611,-0.3375,-0.1324,9.7139,0.0034,-0.0015,9.8066,-0.1197,-0.0053,-0.0349,-2.5,-32.12,0.06,214.59,-84.85,179.18
52.4047,-1.535204,159.22,4.53,2,329.46,20 / 21,1793028,2019-09-06 18:45:59:710,-0.0564,1.2836,9.3236,0.0177,-0.0197,9.8066,0.0232,-0.0723,0.134,-2.5,-32.81,0.06,215.39,-84.91,-176.6
52.4047,-1.535204,159.22,4.53,2,329.46,20 / 21,1793128,2019-09-06 18:45:59:810,1.3872,-0.6847,9.8642,0.0268,0.0159,9.8066,-0.1167,-0.0342,0.0011,-3.06,-32.12,-0.44,228.46,-84.84,-175.64
52.4047,-1.535204,159.22,4.53,2,329.46,20 / 21,1793229,2019-09-06 18:45:59:911,1.0783,-0.2773,10.4608,-0.0197,-0.0345,9.8065,-0.1864,-0.0584,-0.024,-3.31,-32.12,-0.37,232.2,-85.17,-172.53
52.4047,-1.535204,159.22,4.53,2,329.46,20 / 21,1793329,2019-09-06 18:46:00:011,0.1282,0.9138,9.2633,0.0007,-0.0137,9.8066,0.0228,-0.0643,0.0788,-3.44,-33.12,-1.44,222.57,-85.12,-172.08
52.4047,-1.535204,159.22,4.53,2,329.46,20 / 21,1793429,2019-09-06 18:46:00:111,0.1497,0.6068,9.7217,0.0162,-0.0234,9.8066,-0.0782,-0.1079,0.0362,-2.94,-33,-0.87,223.41,-85.19,-171.2
52.4047,-1.535204,159.22,4.53,2,329.46,20 / 21,1793528,2019-09-06 18:46:00:210,1.175,-0.4096,10.3666,0.0136,0.0071,9.8065,0.0194,-0.0761,0.0479,-3.19,-33.5,-0.5,233.38,-85.13,-168.06
52.4047,-1.535204,159.22,4.53,2,329.46,20 / 21,1793629,2019-09-06 18:46:00:311,0.9208,1.4359,10.0121,0.0189,0.0171,9.8066,0.0799,0.0078,0.0317,-3.44,-32.75,0.44,232.37,-84.86,-166.28
52.4047,-1.535204,159.22,4.53,2,329.46,20 / 21,1793729,2019-09-06 18:46:00:411,1.8945,0.0259,8.0995,0.0363,0.0112,9.8066,-0.0729,-0.1134,-0.0114,-4,-32.62,0.88,252.25,-84.56,-165.37
52.4047,-1.535204,159.22,4.53,2,329.46,20 / 21,1793828,2019-09-06 18:46:00:510,1.03,0.0355,9.1298,0.02,-0.0173,9.8065,-0.0424,-0.1379,0.1044,-4.37,-32.5,0.44,244.39,-84.59,-162.68
52.4047,-1.535204,159.22,4.53,2,329.46,20 / 21,1793928,2019-09-06 18:46:00:610,-0.2164,-1.1917,9.4526,-0.0079,-0.0028,9.8066,-0.1811,-0.1767,0.0385,-4.44,-32.19,-0.5,249.41,-85.02,-159.99
52.4047,-1.535204,159.22,4.53,2,329.46,20 / 21,1794029,2019-09-06 18:46:00:711,-0.3488,-1.476,10.3603,-0.0259,-0.0267,9.8065,-0.071,-0.1259,-0.0061,-4.44,-31.56,-0.69,244.2,-85.43,-157.94
52.4047,-1.535204,159.22,4.53,2,329.46,20 / 21,1794129,2019-09-06 18:46:00:811,0.8773,-0.0297,9.9979,0.0043,0.0205,9.8065,0.0669,-0.0868,0.0067,-4.62,-31.75,-0.37,259.72,-85.37,-159.62
52.4047,-1.535204,159.22,4.53,2,329.46,20 / 21,1794229,2019-09-06 18:46:00:911,1.5763,-0.3205,10.5778,0.0291,0.0034,9.8065,0.0691,-0.0891,0.0515,-4.31,-31.25,-0.25,247.74,-84.72,-160.82
52.4047,-1.535204,159.22,4.53,2,329.46,20 / 21,1794329,2019-09-06 18:46:01:011,0.3227,0.0562,9.9085,0.0085,-0.0262,9.8065,-0.0429,-0.0519,0.0286,-5.25,-31.31,-0.56,246.63,-84.41,-159.06
52.4047,-1.535204,159.22,4.53,2,329.46,20 / 21,1794429,2019-09-06 18:46:01:111,1.5854,-0.8576,9.4271,-0.0054,-0.0113,9.8065,-0.143,-0.0359,-0.0201,-5.81,-31.81,-0.31,262.74,-84.44,-156.32
52.4047,-1.535204,159.22,4.53,2,329.46,20 / 21,1794529,2019-09-06 18:46:01:211,0.7206,-0.3173,9.2549,0.013,-0.0111,9.8065,-0.0721,-0.0671,0.0281,-5.75,-31.56,-1.62,250.15,-84.56,-154.56
52.4047,-1.535204,159.22,4.53,2,329.46,20 / 21,1794628,2019-09-06 18:46:01:310,-0.1237,-0.7237,9.1445,0.0097,-0.0064,9.8066,-0.0813,-0.0663,0.0458,-6.06,-31.44,-1.31,260.04,-84.67,-152.62
52.4047,-1.535204,159.22,4.53,2,329.46,20 / 21,1794729,2019-09-06 18:46:01:411,0.4215,-0.69,9.8925,0.0152,0.0156,9.8066,0.1075,-0.054,-0.0324,-6.25,-31.94,-1.44,259.25,-84.54,-151.75
52.4047,-1.535204,159.22,4.53,2,329.46,20 / 21,1794829,2019-09-06 18:46:01:511,0.8623,-0.3447,9.8488,-0.0033,-0.0119,9.8066,0.0706,-0.098,0.0322,-7.19,-31.94,-1.12,265.49,-84.46,-150.48
52.4047,-1.535204,159.22,4.53,2,329.46,20 / 21,1794928,2019-09-06 18:46:01:610,0.4988,-0.6778,10.2197,-0.012,-0.0097,9.8066,-0.0313,-0.1027,0.0208,-7.56,-31.56,-1.31,268.63,-84.31,-150.96
52.4047,-1.535204,159.22,4.53,2,329.46,20 / 21,1795029,2019-09-06 18:46:01:711,-0.5868,-0.3046,10.1444,0.0095,-0.0006,9.8066,0.0264,-0.1599,0.0655,-7.87,-31.12,-1.69,263.01,-84.28,-151.03
52.4047,-1.535204,159.22,4.53,2,329.46,20 / 21,1795129,2019-09-06 18:46:01:811,1.3107,1.0693,9.6844,-0.0066,-0.0056,9.8066,-0.1748,-0.0754,0.0918,-8.62,-32.37,-2.25,266.69,-84.26,-150.41
52.4047,-1.535204,159.22,4.53,2,329.46,20 / 21,1795229,2019-09-06 18:46:01:911,1.2538,0.3238,10.6317,0.0042,0.0079,9.8066,-0.2613,-0.0248,-0.082,-8.56,-32.19,-2.19,268.47,-84.1,-148
52.4047,-1.535204,159.22,4.53,2,329.46,20 / 21,1795329,2019-09-06 18:46:02:011,0.2703,-2.0929,8.8979,0.0811,0.0521,9.8062,0.0054,-0.1013,0.108,-8,-32.12,-1.81,261.68,-83.83,-149.83
52.4047,-1.535204,159.22,4.53,2,329.46,19 / 21,1795429,2019-09-06 18:46:02:111,2.3759,-0.7557,10.8102,-0.0538,-0.0538,9.8063,-0.2554,-0.1098,0.0247,-7.87,-32.31,-1.69,264.86,-84.07,-147.45
52.4047,-1.535204,159.22,4.53,2,329.46,19 / 21,1795529,2019-09-06 18:46:02:211,0.9137,-1.5189,10.2571,-0.072,-0.0602,9.8061,0.4337,0.0256,-0.027,-8,-31.81,-2.19,263.82,-83.92,-147.9
52.4047,-1.535204,159.22,4.53,2,329.46,19 / 21,1795629,2019-09-06 18:46:02:311,0.9002,-0.3802,10.2486,-0.0196,-0.0012,9.8065,0.1719,-0.107,0.0653,-8.19,-32.19,-2.06,261.68,-83.67,-149.14
52.4047,-1.535204,159.22,4.53,2,329.46,19 / 21,1795729,2019-09-06 18:46:02:411,0.4878,0.2326,10.049,-0.0225,-0.0235,9.8065,0.0507,-0.1366,0.0544,-8.12,-32.75,-2.44,260.65,-83.7,-149.52
52.4047,-1.535204,159.22,4.53,2,329.46,19 / 21,1795829,2019-09-06 18:46:02:511,1.5735,0.9383,10.2789,0.0375,0.0317,9.8064,0.1638,-0.0889,-0.0002,-8.31,-32.94,-2.06,260.51,-83.62,-149.32
52.4047,-1.535204,159.22,4.53,2,329.46,19 / 21,1795929,2019-09-06 18:46:02:611,-1.002,0.3712,9.7083,0.0267,0.0318,9.8065,-0.1037,0.0615,-0.0441,-7.94,-33.62,-1.25,263.01,-83.46,-151.22
52.4047,-1.535204,159.22,4.53,2,329.46,19 / 21,1796028,2019-09-06 18:46:02:710,0.5022,-0.2831,9.2055,0.0019,0.0365,9.8065,0.0569,-0.0523,0.0218,-7.31,-33.37,-1.5,257.48,-83.37,-152.49
52.4047,-1.535204,159.22,4.53,2,329.46,19 / 21,1796128,2019-09-06 18:46:02:810,-1.4067,0.0966,9.8688,0.0416,0.0325,9.8065,0.0368,-0.0577,-0.0823,-7.44,-33.25,-1.69,250.07,-83.36,-154.38
52.4047,-1.535204,159.22,4.53,2,329.46,19 / 21,1796229,2019-09-06 18:46:02:911,0.2482,-1.5489,9.7192,-0.0222,-0.0031,9.8065,-0.0842,-0.0673,-0.0461,-7.12,-33.25,-0.87,254.97,-83.61,-156.67
52.4047,-1.535204,159.22,4.53,2,329.46,19 / 21,1796329,2019-09-06 18:46:03:011,0.3491,-0.4746,9.8394,-0.0285,0.0019,9.8066,0.0994,-0.0103,-0.0462,-7.25,-33,-0.69,253.13,-83.65,-159.07
52.4047,-1.535204,159.22,4.53,2,329.46,19 / 21,1796429,2019-09-06 18:46:03:111,0.8142,0.3075,9.044,-0.0233,0.0071,9.8066,0.1282,-0.0694,0.0139,-7.25,-31.81,-0.81,253.51,-83.75,-160.09
52.4047,-1.535204,159.22,4.53,2,329.46,19 / 21,1796529,2019-09-06 18:46:03:211,1.0001,-1.4413,8.9344,-0.0413,-0.029,9.8065,-0.0426,-0.0587,-0.0713,-6.87,-32,-2.06,249.75,-84.29,-160.04
52.4047,-1.535204,159.22,4.53,2,329.46,19 / 21,1796628,2019-09-06 18:46:03:310,-3.4656,1.9541,8.5577,-0.0039,0.0564,9.8064,-0.0117,0.1313,-0.0917,-7.31,-32.19,-2.37,246.33,-84.58,-165.4
52.4047,-1.535204,159.22,4.53,2,329.46,19 / 21,1796728,2019-09-06 18:46:03:410,-0.3311,-1.2413,9.4085,0.0478,0.0811,9.8061,-0.1862,0.1394,-0.1108,-7.37,-31.62,-3.12,239.32,-84.75,-168.23
52.4047,-1.535204,159.22,4.53,2,329.46,19 / 21,1796829,2019-09-06 18:46:03:511,-0.3001,-0.2967,8.5915,-0.0379,-0.0376,9.8065,-0.2099,0.0849,0.0277,-6.75,-33,-3,243.14,-84.91,-163.64
52.4047,-1.535204,159.22,4.53,2,329.46,19 / 21,1796928,2019-09-06 18:46:03:610,-0.2372,2.8952,9.0276,-0.0542,-0.0752,9.8062,0.0061,0.0391,0.0166,-7.12,-32.5,-3.12,245.52,-85.03,-161.94
52.4047,-1.535204,159.22,4.53,2,329.46,19 / 21,1797029,2019-09-06 18:46:03:711,-0.5095,1.6389,8.9249,0.0116,-0.0434,9.8065,0.0023,0.0675,0.0612,-6.75,-32.94,-3.81,244,-85.33,-158.84
52.4047,-1.535204,159.22,4.53,2,329.46,19 / 21,1797129,2019-09-06 18:46:03:811,-1.1468,0.8022,8.9893,0.0469,-0.0118,9.8065,-0.312,0.0251,0.1432,-7,-32.62,-3.25,259.26,-85.47,-147.87
52.4047,-1.535204,159.22,4.53,2,329.46,19 / 21,1797229,2019-09-06 18:46:03:911,-0.1585,0.5766,9.7065,0.0218,-0.0405,9.8065,-0.161,-0.0362,0.1311,-7.44,-33.12,-3.81,262.35,-85.26,-138.28
52.4047,-1.535204,159.22,4.53,2,329.46,19 / 21,1797329,2019-09-06 18:46:04:011,-0.8968,1.55,9.7415,0.0678,-0.027,9.8063,0.1571,0.0186,0.1856,-7.94,-32.81,-2.94,271.05,-84.59,-136.94
52.4047,-1.535204,159.22,4.53,2,329.46,19 / 21,1797429,2019-09-06 18:46:04:111,2.1647,-1.561,11.0191,0.0623,-0.0198,9.8064,-0.1481,0.0021,0.1315,-9.12,-33.37,-2.37,280.12,-83.51,-133.66
52.4047,-1.535204,159.22,4.53,2,329.46,19 / 21,1797529,2019-09-06 18:46:04:211,-0.3909,-1.0924,11.4352,0.0644,0.0582,9.8062,0.1422,-0.069,0.0892,-8.31,-33.69,-2,269.99,-83.23,-136.65
52.4047,-1.535204,159.22,4.53,2,329.46,19 / 21,1797628,2019-09-06 18:46:04:310,3.3325,0.0878,9.6635,-0.0609,-0.0264,9.8064,-0.0432,-0.0093,-0.1372,-8.06,-33.12,-1.31,272.61,-82.83,-139.31
52.4047,-1.535204,159.22,4.53,2,329.46,19 / 21,1797729,2019-09-06 18:46:04:411,-1.509,1.881,8.7063,-0.0506,-0.0408,9.8064,0.0182,0.1024,-0.0158,-8.5,-32.87,-1.19,272.46,-83.02,-140.35
52.4047,-1.535204,159.22,4.53,2,329.46,19 / 21,1797828,2019-09-06 18:46:04:510,0.3882,0.8261,8.9267,-0.0252,0.005,9.8066,0.007,0.1021,-0.0658,-7.56,-32.56,-0.62,272.96,-83.47,-141.98
52.4047,-1.535204,159.22,4.53,2,329.46,19 / 21,1797928,2019-09-06 18:46:04:610,-0.8567,1.6233,8.4252,-0.0263,-0.0016,9.8066,-0.0431,0.0494,-0.033,-7.37,-32,-2.31,265.31,-83.93,-141.03
52.4047,-1.535204,159.22,4.53,2,329.46,19 / 21,1798029,2019-09-06 18:46:04:711,-0.8705,0.425,10.0961,-0.0011,-0.0187,9.8066,0.0411,0.0306,0.0619,-7.75,-31.44,-1.69,273.84,-84.1,-139.28
52.4047,-1.535204,159.22,4.53,2,329.46,19 / 21,1798128,2019-09-06 18:46:04:810,1.2973,1.2111,9.7117,0.0099,-0.013,9.8066,-0.1478,0.0268,0.0221,-7.44,-31.19,-2.87,262.85,-83.9,-138.43
52.4047,-1.535204,159.22,4.53,2,329.46,19 / 21,1798229,2019-09-06 18:46:04:911,-0.188,-0.3116,10.1776,0.0227,-0.0023,9.8065,-0.1245,0.0926,-0.0083,-7.5,-31.44,-2.62,261.29,-83.56,-138.57
52.4047,-1.535204,159.22,4.53,2,329.46,19 / 21,1798329,2019-09-06 18:46:05:011,1.4822,-0.6193,10.2308,0.0047,0.0079,9.8066,0.013,0.0672,-0.0624,-8.25,-32.62,-2.56,264.48,-83.31,-138.18
52.4047,-1.535204,159.22,4.53,2,329.46,20 / 21,1798429,2019-09-06 18:46:05:111,-1.2016,-0.6002,9.6926,-0.0356,-0.0111,9.8065,0.1173,0.0733,-0.0919,-8.06,-31.87,-1.87,271.65,-83.54,-138.27
52.4047,-1.535204,159.22,4.53,2,329.46,20 / 21,1798529,2019-09-06 18:46:05:211,0.1069,-0.2645,9.225,-0.0203,-0.0006,9.8066,-0.0856,0.0345,-0.0356,-8.19,-31.69,-2.37,270.9,-83.65,-139.47
52.4047,-1.535204,159.22,4.53,2,329.46,20 / 21,1798628,2019-09-06 18:46:05:310,0.126,0.2014,8.7347,-0.0025,0.0156,9.8066,-0.1094,0.0071,-0.0087,-7.5,-31.31,-2.12,265.75,-83.69,-140.33
52.4047,-1.535204,159.22,4.53,2,329.46,20 / 21,1798729,2019-09-06 18:46:05:411,-0.6875,0.8508,9.1404,0.0218,0.0079,9.8066,-0.0776,0.0974,-0.0361,-7.56,-30.06,-2,272.7,-83.74,-139.76
52.4047,-1.535204,159.22,4.53,2,329.46,20 / 21,1798829,2019-09-06 18:46:05:511,-0.2244,-0.3037,10.371,-0.0151,-0.0193,9.8065,0.0389,-0.0442,0.0688,-7.94,-30.56,-2.06,273.43,-83.86,-138.71
52.4047,-1.535204,159.22,4.53,2,329.46,20 / 21,1798929,2019-09-06 18:46:05:611,-0.0534,-0.4613,10.4453,0.0166,-0.0179,9.8066,-0.0856,0.0354,0.0457,-7.62,-31,-2.19,274.37,-83.68,-137.04
52.4047,-1.535204,159.22,4.53,2,329.46,20 / 21,1799029,2019-09-06 18:46:05:711,-1.3296,-0.2671,10.0983,0.0304,0.0322,9.8065,-0.0643,0.0139,0.0465,-6.87,-31.44,-2.25,265.31,-83.41,-139.42
52.4047,-1.535204,159.22,4.53,2,329.46,20 / 21,1799129,2019-09-06 18:46:05:811,0.0009,0.3419,9.8632,0.0143,-0.0228,9.8066,-0.0592,0.0234,-0.052,-7.19,-32.12,-2.5,264.74,-83.27,-138.24
52.4047,-1.535204,159.22,4.53,2,329.46,20 / 21,1799229,2019-09-06 18:46:05:911,0.7639,-0.1118,9.8847,0.0122,-0.0006,9.8065,-0.0071,-0.0183,0.0241,-8.44,-31.81,-2.37,272.1,-83.27,-136.6
52.4047,-1.535204,159.22,4.53,2,329.46,20 / 21,1799328,2019-09-06 18:46:06:010,0.1273,-1.7519,10.0599,-0.0059,-0.0021,9.8066,0.0364,-0.0854,0.0155,-8.19,-32.06,-2.75,268.44,-83.37,-135.23
52.40537,-1.535706,160.8,11.59,2,337.91,20 / 21,1799428,2019-09-06 18:46:06:110,0.5418,-0.0042,10.0006,-0.0095,0.0054,9.8065,0.1419,0.0339,-0.0548,-8.31,-32.37,-2.94,269.22,-83.53,-135.1
52.40537,-1.535706,160.8,11.59,2,337.91,20 / 21,1799528,2019-09-06 18:46:06:210,-0.4159,-0.4136,10.3223,-0.0014,-0.0055,9.8066,-0.0798,-0.023,-0.0113,-7.94,-32.62,-2.44,272.99,-83.48,-135.79
52.40537,-1.535706,160.8,11.59,2,337.91,20 / 21,1799629,2019-09-06 18:46:06:311,-0.6301,0.9561,9.5425,0.0058,0.0131,9.8065,-0.1088,0.0567,-0.0483,-7.81,-32.44,-2.81,266.46,-83.37,-137.24
52.40537,-1.535706,160.8,11.59,2,337.91,20 / 21,1799729,2019-09-06 18:46:06:411,0.6933,0.4668,9.2498,0.0083,0.0071,9.8066,0.015,0.0027,-0.026,-8.19,-32.25,-1.94,270.7,-83.42,-138.69
52.40537,-1.535706,160.8,11.59,2,337.91,20 / 21,1799829,2019-09-06 18:46:06:511,0.5358,1.1195,9.4933,-0.019,-0.014,9.8066,-0.0367,-0.0281,-0.0042,-7.87,-32.06,-2.31,270.58,-83.44,-138.89
52.40537,-1.535706,160.8,11.59,2,337.91,20 / 21,1799928,2019-09-06 18:46:06:610,-0.629,-0.2277,9.2635,-0.0261,-0.0034,9.8065,-0.0703,-0.0633,-0.0012,-7.94,-32.87,-3,266.73,-83.82,-138.06
52.40537,-1.535706,160.8,11.59,2,337.91,20 / 21,1800029,2019-09-06 18:46:06:711,-0.5534,-0.3864,9.3316,0.0154,0.0103,9.8065,-0.1423,0.0087,-0.0604,-8.25,-31.94,-2.87,267.16,-83.78,-138.23
52.40537,-1.535706,160.8,11.59,2,337.91,20 / 21,1800129,2019-09-06 18:46:06:811,-0.2563,-0.2751,10.8525,-0.0262,0.0039,9.8066,0.1529,-0.0902,-0.0161,-8,-33.06,-2.31,271.06,-83.94,-139.76
52.40537,-1.535706,160.8,11.59,2,337.91,20 / 21,1800228,2019-09-06 18:46:06:910,-1.3349,0.0387,10.1255,-0.0091,0.0114,9.8066,0.083,0.0554,-0.0874,-8.37,-33,-2.75,261.32,-83.71,-143.3
52.40537,-1.535706,160.8,11.59,2,337.91,20 / 21,1800328,2019-09-06 18:46:07:010,1.3953,0.7766,9.2303,0.029,0.0403,9.8065,-0.1632,0.0054,-0.0427,-7.19,-33.37,-2.12,258.31,-83.73,-146.63
52.40537,-1.535706,160.8,11.59,2,337.91,20 / 21,1800429,2019-09-06 18:46:07:111,-0.5154,0.1464,9.5211,-0.0041,0.01,9.8066,-0.119,0.0839,-0.058,-7.56,-32.87,-2.37,262.2,-83.74,-148.04
52.40537,-1.535706,160.8,11.59,2,337.91,20 / 21,1800529,2019-09-06 18:46:07:211,-0.9507,-0.6558,9.8528,-0.0092,-0.0092,9.8066,-0.1052,0.0049,-0.0345,-7.94,-32.69,-2.87,260.09,-84.22,-146.74
52.40537,-1.535706,160.8,11.59,2,337.91,20 / 21,1800628,2019-09-06 18:46:07:310,0.8247,-0.2435,9.675,-0.005,-0.0019,9.8066,-0.0428,-0.1118,0.0678,-8.31,-33.31,-2.81,260.51,-84.32,-146.7
52.40537,-1.535706,160.8,11.59,2,337.91,20 / 21,1800729,2019-09-06 18:46:07:411,-0.2449,-0.4573,9.807,0.0128,0.0084,9.8066,0.0077,-0.0678,0.0115,-8.25,-32.56,-2.37,265.85,-84.17,-146.08
52.40537,-1.535706,160.8,11.59,2,337.91,20 / 21,1800829,2019-09-06 18:46:07:511,0.6409,-0.5742,10.0924,0.0167,0.0086,9.8066,-0.0314,0.0215,-0.0071,-8.06,-32.62,-2.31,264.2,-83.92,-146.72
52.40537,-1.535706,160.8,11.59,2,337.91,20 / 21,1800929,2019-09-06 18:46:07:611,1.3938,0.4643,10.16,0.0166,0.0077,9.8066,-0.0742,0.056,0.0341,-8,-33.12,-1.81,263.85,-83.79,-146.47
52.40537,-1.535706,160.8,11.59,2,337.91,20 / 21,1801029,2019-09-06 18:46:07:711,0.3294,-0.871,9.4278,0.0032,0.0003,9.8066,-0.0342,-0.0696,0.0469,-8.44,-32.06,-1.31,271.65,-83.85,-145.91
52.40537,-1.535706,160.8,11.59,2,337.91,20 / 21,1801129,2019-09-06 18:46:07:811,0.5843,-0.4436,8.7992,0.0125,0.004,9.8066,-0.1729,-0.0569,0.0405,-8.56,-31.87,-2,271.54,-83.88,-144.06
52.40537,-1.535706,160.8,11.59,2,337.91,20 / 21,1801229,2019-09-06 18:46:07:911,0.0236,-0.6279,9.7014,0.0334,0.0118,9.8065,0.0974,-0.0975,-0.0407,-7.56,-31.56,-2.19,267.67,-83.79,-143.35
52.40537,-1.535706,160.8,11.59,2,337.91,20 / 21,1801330,2019-09-06 18:46:08:012,0.2707,-0.2619,9.2378,-0.0226,-0.0217,9.8065,0.0863,-0.0077,-0.012,-8,-31,-3,263.78,-83.84,-142.78
52.40537,-1.535706,160.8,11.59,2,337.91,20 / 21,1801429,2019-09-06 18:46:08:111,0.4457,1.2759,9.1506,-0.0038,0.0031,9.8066,-0.0875,-0.0197,-0.0951,-7.12,-31.06,-2.94,259.92,-83.96,-141.83
52.40537,-1.535706,160.8,11.59,2,337.91,20 / 21,1801529,2019-09-06 18:46:08:211,1.3521,0.213,9.6544,0.0016,0.0185,9.8066,-0.1365,0.0118,0.0899,-7.69,-31.87,-3.31,264.26,-84.04,-142.33
52.40537,-1.535706,160.8,11.59,2,337.91,20 / 21,1801628,2019-09-06 18:46:08:310,-0.1447,-0.6283,9.8391,0.0096,-0.0064,9.8065,-0.1548,0.0021,-0.0083,-8.06,-31.44,-3.06,265.35,-83.97,-141.67
52.40537,-1.535706,160.8,11.59,2,337.91,20 / 21,1801729,2019-09-06 18:46:08:411,-0.8021,-0.2858,10.4916,0.0172,0.0157,9.8066,0.272,-0.0193,0.1473,-8.81,-31.5,-3.75,265.36,-83.85,-140.95
52.40537,-1.535706,160.8,11.59,2,337.91,20 / 21,1801828,2019-09-06 18:46:08:510,0.0815,1.0944,10.0691,0.0359,-0.0108,9.8066,-0.0321,0.0953,-0.0657,-8.81,-31.44,-3.12,269.93,-83.71,-140.52
52.40537,-1.535706,160.8,11.59,2,337.91,20 / 21,1801928,2019-09-06 18:46:08:610,0.5576,2.9083,8.9482,0.0141,0.0133,9.8066,-0.0161,-0.0827,-0.1304,-8.87,-31.62,-2.69,268.26,-83.58,-141.03
52.40537,-1.535706,160.8,11.59,2,337.91,20 / 21,1802029,2019-09-06 18:46:08:711,0.2244,-0.4313,9.6234,-0.0276,-0.0086,9.8066,0.0885,-0.0559,0.1025,-9.06,-31.87,-2.94,267.7,-83.71,-142.06
52.40537,-1.535706,160.8,11.59,2,337.91,20 / 21,1802129,2019-09-06 18:46:08:811,0.657,0.5376,9.6708,-0.002,-0.0048,9.8066,0.0008,0.0747,-0.0214,-8.62,-32.06,-2.81,267.62,-83.65,-141.93
52.40537,-1.535706,160.8,11.59,2,337.91,20 / 21,1802229,2019-09-06 18:46:08:911,0.8914,0.6545,10.1164,0.0007,0.0124,9.8065,-0.0581,-0.0211,-0.0037,-8.56,-32.37,-2.37,273.35,-83.86,-142.2
52.40537,-1.535706,160.8,11.59,2,337.91,20 / 21,1802328,2019-09-06 18:46:09:010,-0.1255,-1.4405,9.8332,0.0038,0.0114,9.8066,-0.0432,-0.0257,-0.0743,-8.56,-31.69,-2.87,266.89,-83.88,-143.52
52.40537,-1.535706,160.8,11.59,2,337.91,20 / 21,1802429,2019-09-06 18:46:09:111,-0.6855,-1.3357,9.9534,-0.0219,-0.0055,9.8066,0.0657,0.0008,0.0358,-8.06,-31.44,-2.81,262.32,-84.01,-144.99
52.40537,-1.535706,160.8,11.59,2,337.91,20 / 21,1802528,2019-09-06 18:46:09:210,-0.7378,0.0969,9.7042,-0.0181,-0.003,9.8066,-0.0106,-0.0389,0.0104,-7.81,-31.94,-3.25,260.01,-83.97,-146.55
52.40537,-1.535706,160.8,11.59,2,337.91,20 / 21,1802629,2019-09-06 18:46:09:311,0.7475,-0.567,9.6133,-0.004,0.0076,9.8066,0.1338,-0.0731,0.0313,-7.69,-32,-2.69,259.31,-83.82,-146.73
52.40537,-1.535706,160.8,11.59,2,337.91,20 / 21,1802729,2019-09-06 18:46:09:411,0.8758,-1.7154,9.134,-0.0012,-0.0004,9.8066,-0.0261,-0.1177,-0.0618,-7.37,-32.37,-3.25,253.86,-83.83,-147.19
52.40537,-1.535706,160.8,11.59,2,337.91,20 / 21,1802829,2019-09-06 18:46:09:511,0.3442,2.1954,10.8363,-0.009,0.0214,9.8066,-0.1276,-0.1177,0.0182,-7.31,-32.44,-3,254.14,-84.16,-148.33
52.40537,-1.535706,160.8,11.59,2,337.91,20 / 21,1802929,2019-09-06 18:46:09:611,-0.6274,-3.4279,9.532,0.0532,0.0319,9.8064,0.2679,0.0602,-0.0513,-7.62,-31.37,-3.56,255.09,-83.98,-147.73
52.40537,-1.535706,160.8,11.59,2,337.91,20 / 21,1803028,2019-09-06 18:46:09:710,0.0152,0.4239,9.1407,-0.0409,-0.0415,9.8064,0.0086,-0.0796,0.01,-7.56,-30.62,-2.81,260.92,-84.31,-147.68
52.40537,-1.535706,160.8,11.59,2,337.91,20 / 21,1803129,2019-09-06 18:46:09:811,-1.8073,-2.3175,9.7645,-0.0185,-0.0291,9.8065,-0.135,-0.0108,-0.0217,-8.19,-30.25,-4.25,255.94,-84.16,-148.14
52.40537,-1.535706,160.8,11.59,2,337.91,20 / 21,1803229,2019-09-06 18:46:09:911,1.447,0.4635,10.5412,-0.0147,-0.0106,9.8066,0.0659,0.0145,0.0415,-8.25,-29.81,-3.62,256.33,-84.23,-147.95
52.40537,-1.535706,160.8,11.59,2,337.91,20 / 21,1803329,2019-09-06 18:46:10:011,-0.5644,1.0013,9.9224,-0.024,-0.0215,9.8065,0.0382,0.0765,-0.0727,-8.87,-30.56,-3.94,261.48,-84.49,-147.12
52.40537,-1.535706,160.8,11.59,2,337.91,20 / 21,1803429,2019-09-06 18:46:10:111,0.0995,-0.9539,10.467,0.0167,0.0226,9.8065,-0.1112,0.0307,-0.0787,-8.25,-30.12,-4.06,255.95,-84.44,-149.08
52.40537,-1.535706,160.8,11.59,2,337.91,20 / 21,1803528,2019-09-06 18:46:10:210,-0.854,-0.5476,9.6565,0.0379,0.0556,9.8064,-0.1426,0.021,-0.0397,-8.06,-32,-4.06,253.1,-84.43,-150.91
52.40537,-1.535706,160.8,11.59,2,337.91,20 / 21,1803628,2019-09-06 18:46:10:310,-0.0258,-0.2852,9.7466,0.0083,0.0052,9.8066,0.0583,0.0258,0.0109,-8.56,-31.75,-4,256.84,-84.6,-151.85
52.40537,-1.535706,160.8,11.59,2,337.91,20 / 21,1803728,2019-09-06 18:46:10:410,-0.3373,-0.4825,10.091,0.0132,0.015,9.8066,-0.0535,-0.0702,-0.0595,-8.62,-31.5,-3.81,256.73,-84.52,-152.29
52.40537,-1.535706,160.8,11.59,2,337.91,20 / 21,1803828,2019-09-06 18:46:10:510,0.6133,-0.2099,9.899,-0.0088,-0.0015,9.8065,0.0634,-0.0761,0.0025,-8.75,-32.62,-3.44,259.92,-84.61,-152.86
52.40537,-1.535706,160.8,11.59,2,337.91,20 / 21,1803928,2019-09-06 18:46:10:610,-0.7176,0.1229,10.4466,0.0108,0.0078,9.8066,0.0209,0.0445,-0.007,-8.87,-31.5,-3,260.06,-84.56,-153.69
52.40537,-1.535706,160.8,11.59,2,337.91,20 / 21,1804028,2019-09-06 18:46:10:710,0.3721,0.5086,9.5115,0.0203,0.0041,9.8066,-0.0862,-0.0223,0.0556,-8.94,-31.19,-2.81,259.64,-84.48,-153.87
52.40537,-1.535706,160.8,11.59,2,337.91,20 / 21,1804128,2019-09-06 18:46:10:810,0.1881,0.409,9.2062,-0.0035,-0.0157,9.8065,-0.0954,-0.0757,0.0207,-9.37,-31.31,-2.81,260.71,-84.45,-152.65
52.40537,-1.535706,160.8,11.59,2,337.91,20 / 21,1804228,2019-09-06 18:46:10:910,-0.1735,-0.6618,10.0032,0.0025,-0.0022,9.8066,-0.003,-0.1014,0.0405,-9.31,-31.06,-2.19,267.13,-84.43,-151.25
52.40537,-1.535706,160.8,11.59,2,337.91,20 / 21,1804328,2019-09-06 18:46:11:010,-0.2316,-0.5388,9.6699,0.0021,-0.0128,9.8066,0.0487,0.0208,0.0163,-8.44,-30.31,-2,265.61,-84.46,-149.77
52.40537,-1.535706,160.8,11.59,2,337.91,20 / 21,1804430,2019-09-06 18:46:11:112,-0.2393,0.795,9.5213,0.0144,0.0064,9.8066,-0.0327,0.072,-0.0264,-7.62,-29.75,-2.5,266.43,-84.48,-148.99
52.40537,-1.535706,160.8,11.59,2,337.91,20 / 21,1804529,2019-09-06 18:46:11:211,-0.2708,-0.1157,9.3753,0.018,0.0061,9.8066,-0.0778,-0.0227,0.0486,-7.75,-29.5,-2.62,260.95,-84.38,-149.26
52.40537,-1.535706,160.8,11.59,2,337.91,20 / 21,1804628,2019-09-06 18:46:11:310,-0.9458,-0.4124,9.7237,-0.0037,-0.0067,9.8066,-0.0644,0.0553,-0.0537,-8.31,-28.56,-4.31,257.46,-84.47,-148.2
52.40537,-1.535706,160.8,11.59,2,337.91,20 / 21,1804729,2019-09-06 18:46:11:411,0.2087,-0.1519,9.6068,-0.003,0.0052,9.8066,0.0763,-0.0119,0.0428,-8.31,-27.62,-4.56,253.5,-84.51,-148.7
52.40537,-1.535706,160.8,11.59,2,337.91,20 / 21,1804828,2019-09-06 18:46:11:510,0.154,0.5651,9.28,-0.0099,-0.0259,9.8065,0.0512,0.0151,0.0263,-8.75,-28.94,-4.06,261.27,-84.49,-148.5
52.40537,-1.535706,160.8,11.59,2,337.91,20 / 21,1804929,2019-09-06 18:46:11:611,-0.6849,0.1208,9.9566,0.0046,-0.0034,9.8066,0.016,-0.1104,-0.0042,-9.31,-30.12,-3.75,262.73,-84.48,-146.38
52.40537,-1.535706,160.8,11.59,2,337.91,20 / 21,1805028,2019-09-06 18:46:11:710,-0.2009,-0.4072,10.1281,-0.0134,-0.0114,9.8065,0.1287,0.0112,-0.0165,-9.37,-29.75,-3.94,263.57,-84.57,-145.78
52.40537,-1.535706,160.8,11.59,2,337.91,20 / 21,1805129,2019-09-06 18:46:11:811,-0.2818,-0.6559,9.9571,-0.0071,-0.0119,9.8066,0.1734,-0.0147,0.0397,-9.69,-30,-3.75,266.49,-84.51,-146.23
52.40537,-1.535706,160.8,11.59,2,337.91,20 / 21,1805228,2019-09-06 18:46:11:910,-0.4352,-0.3002,10.097,0.0292,0.023,9.8065,-0.1116,-0.0139,-0.0165,-8.25,-30.25,-3.62,256.91,-84.28,-147.5
52.40537,-1.535706,160.8,11.59,2,337.91,20 / 21,1805329,2019-09-06 18:46:12:011,0.6129,-0.5306,9.6735,0.0184,0.0194,9.8066,-0.076,-0.0666,0.0185,-7.56,-30,-3.56,256.66,-84.29,-147.81
52.40537,-1.535706,160.8,11.59,2,337.91,20 / 21,1805428,2019-09-06 18:46:12:110,-0.7675,0.2217,9.2845,-0.0273,-0.0157,9.8065,-0.0062,-0.0186,-0.0374,-7.37,-30.56,-4.06,251.62,-84.36,-147.6
52.40537,-1.535706,160.8,11.59,2,337.91,20 / 21,1805529,2019-09-06 18:46:12:211,-1.1117,-0.5733,10.1301,0.0054,-0.0007,9.8066,0.0947,-0.0087,0.0114,-7.81,-30.37,-4.5,257.43,-84.55,-147.86
52.40537,-1.535706,160.8,11.59,2,337.91,20 / 21,1805628,2019-09-06 18:46:12:310,-0.1954,0.7639,9.8089,-0.0014,-0.0009,9.8066,0.1382,0.0379,-0.0247,-8.06,-30.25,-4.62,252.61,-84.56,-148.68
52.40537,-1.535706,160.8,11.59,2,337.91,20 / 21,1805728,2019-09-06 18:46:12:410,-0.1799,-0.0479,9.9456,-0.0039,0.002,9.8066,0.0947,0.0498,0.0315,-8.06,-30.56,-4.87,251.36,-84.49,-149.25
52.40537,-1.535706,160.8,11.59,2,337.91,20 / 21,1805829,2019-09-06 18:46:12:511,-1.2902,-1.0771,10.3242,0.0106,-0.0025,9.8065,-0.1171,0.0148,0.0057,-9.56,-30.94,-4.25,263.14,-84.38,-148.76
52.40537,-1.535706,160.8,11.59,2,337.91,20 / 21,1805929,2019-09-06 18:46:12:611,-0.4788,-0.6391,10.4456,-0.0035,-0.0011,9.8065,0.0158,-0.0097,0.0404,-10.37,-31.62,-3,267.45,-84.44,-148.52
52.40537,-1.535706,160.8,11.59,2,337.91,20 / 21,1806029,2019-09-06 18:46:12:711,-1.0215,0.5036,10.0468,-0.0018,0.0104,9.8066,-0.0792,0.0577,-0.0661,-8.75,-31.37,-3.19,264.94,-84.6,-148.71
52.40537,-1.535706,160.8,11.59,2,337.91,20 / 21,1806128,2019-09-06 18:46:12:810,0.1258,0.6684,9.1283,0.0088,0.0024,9.8066,0.0105,0.0898,-0.0307,-9,-30.87,-3.12,263.97,-84.52,-149.46
52.40537,-1.535706,160.8,11.59,2,337.91,20 / 21,1806228,2019-09-06 18:46:12:910,-0.2639,-0.156,9.6493,0.0091,0.0213,9.8066,-0.0052,-0.0274,-0.0031,-8.5,-29.81,-3.69,254.07,-84.54,-151.49
52.40537,-1.535706,160.8,11.59,2,337.91,20 / 21,1806328,2019-09-06 18:46:13:010,0.0171,-0.2139,9.8984,0.012,0.0139,9.8066,-0.0914,-0.0306,-0.0621,-8.37,-29.44,-3.37,259.48,-84.63,-151.74
52.40537,-1.535706,160.8,11.59,2,337.91,20 / 21,1806429,2019-09-06 18:46:13:111,0.4422,-2.9507,8.2616,-0.0163,-0.0701,9.8063,0.3009,0.2899,-0.0626,-8.5,-29.81,-3.62,257.05,-84.74,-148.94
52.40537,-1.535706,160.8,11.59,2,337.91,20 / 21,1806528,2019-09-06 18:46:13:210,-2.7579,-2.7017,9.0129,0.0415,0.0035,9.8065,0.2155,0.204,-0.1221,-8.44,-30.62,-4,255.15,-84.5,-149.53
52.40537,-1.535706,160.8,11.59,2,337.91,20 / 21,1806628,2019-09-06 18:46:13:310,-3.2469,-5.4486,9.8687,-0.1482,-0.1631,9.8041,-0.3519,-0.1304,0.1312,-9.06,-30.62,-3.69,255.76,-84.25,-152.46
52.40537,-1.535706,160.8,11.59,2,337.91,20 / 21,1806728,2019-09-06 18:46:13:410,-0.6674,1.8458,10.2349,-0.1001,-0.152,9.8049,0.6352,0.131,-0.0016,-8.75,-30.31,-3.12,271.23,-85.02,-144.36
52.40537,-1.535706,160.8,11.59,2,337.91,20 / 21,1806829,2019-09-06 18:46:13:511,-1.8186,-0.6253,10.3245,-0.0455,-0.0193,9.8065,-0.0187,-0.0305,-0.0168,-8.94,-30.87,-3.25,266.55,-84.97,-148.36
52.40537,-1.535706,160.8,11.59,2,337.91,20 / 21,1806929,2019-09-06 18:46:13:611,0.8651,0.467,10.4279,-0.0671,-0.0651,9.8062,0.2064,-0.0401,0.0117,-8.81,-31.37,-3.44,266.34,-84.99,-148.62
52.40537,-1.535706,160.8,11.59,2,337.91,20 / 21,1807028,2019-09-06 18:46:13:710,-0.4124,-0.2322,10.657,0.0488,0.0412,9.8064,0.18,-0.0185,0.0202,-8.25,-31.56,-2.87,257.56,-84.54,-151.47
52.40537,-1.535706,160.8,11.59,2,337.91,20 / 21,1807129,2019-09-06 18:46:13:811,-0.5327,0.5636,10.1932,-0.0039,-0.0119,9.8066,-0.0166,-0.0405,0.0493,-7.69,-32.56,-3.94,253.44,-84.64,-150.69
52.40537,-1.535706,160.8,11.59,2,337.91,20 / 21,1807228,2019-09-06 18:46:13:910,0.1823,0.9143,9.9517,0.0241,0.0137,9.8066,0.026,0.035,-0.0199,-7.44,-32.12,-3,255.38,-84.72,-149.39
52.40537,-1.535706,160.8,11.59,2,337.91,20 / 21,1807329,2019-09-06 18:46:14:011,-0.9009,-0.5243,9.6244,0.0258,0.0087,9.8066,-0.0648,0.0873,0.0514,-7.87,-32.25,-3.44,260.44,-84.56,-148.43
52.40537,-1.535706,160.8,11.59,2,337.91,20 / 21,1807429,2019-09-06 18:46:14:111,-0.1505,-0.6053,9.6002,-0.0256,-0.0273,9.8065,-0.0664,0.0172,0.0231,-8.31,-32.44,-3.06,264.63,-84.68,-144.5
52.40537,-1.535706,160.8,11.59,2,337.91,20 / 21,1807529,2019-09-06 18:46:14:211,-1.2086,0.3611,9.6337,-0.0033,-0.0142,9.8066,0.0636,-0.0381,-0.0411,-7.87,-32,-3.37,264.91,-84.59,-143.87
52.40537,-1.535706,160.8,11.59,2,337.91,20 / 21,1807629,2019-09-06 18:46:14:311,-0.0077,-0.4374,9.8929,0.0076,-0.01,9.8066,0.015,-0.0261,0.0091,-7.94,-32.12,-2.81,265.37,-84.47,-142.91
52.40537,-1.535706,160.8,11.59,2,337.91,20 / 21,1807728,2019-09-06 18:46:14:410,-0.2434,-0.2949,10.1152,-0.0188,-0.023,9.8066,0.193,-0.0644,0.0879,-7.75,-32,-3.31,265.26,-84.42,-142.81
52.40537,-1.535706,160.8,11.59,2,337.91,20 / 21,1807829,2019-09-06 18:46:14:511,-0.0722,-0.2421,10.2863,0.0363,0.0196,9.8065,0.1747,-0.0052,-0.0193,-7.87,-31.81,-3.5,265.49,-84.35,-142.3
52.40537,-1.535706,160.8,11.59,2,337.91,20 / 21,1807929,2019-09-06 18:46:14:611,0.4186,0.7675,9.7034,0.0214,0.0079,9.8066,-0.0699,-0.0241,0.0801,-8.81,-31.75,-4.06,264.68,-84.13,-141.95
52.40537,-1.535706,160.8,11.59,2,337.91,20 / 21,1808029,2019-09-06 18:46:14:711,-0.3518,-0.4547,9.6787,-0.0004,-0.0201,9.8065,-0.0931,-0.0249,0.0321,-9.31,-32.56,-4.06,267.09,-84.13,-138.83
52.40537,-1.535706,160.8,11.59,2,337.91,20 / 21,1808128,2019-09-06 18:46:14:810,-0.5376,-1.0123,9.6609,0.0124,-0.0194,9.8065,0.0673,-0.0217,0.1118,-9.5,-33.5,-3.87,267.71,-84,-137.72
52.40537,-1.535706,160.8,11.59,2,337.91,20 / 21,1808228,2019-09-06 18:46:14:910,-0.6528,0.2421,9.2117,0.0263,0.0187,9.8065,0.1612,-0.038,0.0245,-9.75,-33,-3.75,271.86,-83.76,-136.77
52.40537,-1.535706,160.8,11.59,2,337.91,20 / 21,1808328,2019-09-06 18:46:15:010,-0.6898,-0.1042,9.4665,0.0438,0.0167,9.8065,-0.1555,0.0114,0.0594,-9.31,-32.87,-3.31,273.42,-83.64,-135.36
52.406345,-1.536241,160.92,12.56,2,341.62,20 / 21,1808430,2019-09-06 18:46:15:112,0.6748,0.1331,10.598,0.0491,0.0101,9.8065,-0.0939,-0.0333,0.0661,-9.56,-33,-2.94,279.01,-83.51,-133.44
52.406345,-1.536241,160.92,12.56,2,341.62,20 / 21,1808529,2019-09-06 18:46:15:211,0.2408,-0.1741,10.2201,-0.0121,-0.016,9.8065,0.0894,-0.0065,0.0656,-9.87,-32.75,-3.56,276.03,-83.5,-131.82
52.406345,-1.536241,160.92,12.56,2,341.62,20 / 21,1808629,2019-09-06 18:46:15:311,0.1683,-1.3061,9.5655,0.016,-0.0095,9.8066,0.0935,-0.0589,0.0218,-10.56,-32.44,-3.06,284.56,-83.31,-131.52
52.406345,-1.536241,160.92,12.56,2,341.62,20 / 21,1808728,2019-09-06 18:46:15:410,-0.4353,-1.1999,9.8184,-0.0196,-0.0015,9.8066,-0.0208,-0.1496,-0.0022,-10.94,-32.25,-3,283.76,-83.22,-131.99
52.406345,-1.536241,160.92,12.56,2,341.62,20 / 21,1808829,2019-09-06 18:46:15:511,-1.0328,-1.9413,10.0103,-0.0087,-0.018,9.8066,-0.0021,-0.0624,0.0049,-11.19,-31.94,-2.31,290.09,-83.28,-131.03
52.406345,-1.536241,160.92,12.56,2,341.62,20 / 21,1808929,2019-09-06 18:46:15:611,0.1585,-1.099,10.0098,0.0123,0.0182,9.8066,-0.0182,-0.1587,0.0256,-10.5,-31.62,-2.31,286.09,-83.25,-131.6
52.406345,-1.536241,160.92,12.56,2,341.62,20 / 21,1809028,2019-09-06 18:46:15:710,-0.8778,-1.1246,9.7819,0.025,0.0188,9.8065,-0.0886,-0.0865,-0.0449,-10.62,-32,-2.37,288.8,-83.19,-131.9
52.406345,-1.536241,160.92,12.56,2,341.62,20 / 21,1809129,2019-09-06 18:46:15:811,0.2668,-1.2312,10.1187,-0.0119,-0.0008,9.8065,-0.0119,-0.0537,-0.0061,-10.31,-31.62,-3,281.05,-83.4,-131.81
52.406345,-1.536241,160.92,12.56,2,341.62,20 / 21,1809230,2019-09-06 18:46:15:912,-0.1623,-0.829,9.9754,-0.0033,0.0023,9.8066,-0.0178,-0.0342,-0.0176,-10.12,-31.19,-2.62,280.94,-83.42,-132.64
52.406345,-1.536241,160.92,12.56,2,341.62,20 / 21,1809328,2019-09-06 18:46:16:010,-1.2846,-1.6758,9.3296,0.0342,0.0353,9.8065,-0.3105,0.08,-0.1091,-10.44,-31.75,-3.31,279.27,-83.43,-133.58
52.406345,-1.536241,160.92,12.56,2,341.62,20 / 21,1809428,2019-09-06 18:46:16:110,0.0702,-0.284,9.4713,0.0235,0.0552,9.8064,-0.2442,-0.0633,-0.0394,-10.81,-31.81,-4,273.72,-83.58,-138.4
52.406345,-1.536241,160.92,12.56,2,341.62,20 / 21,1809528,2019-09-06 18:46:16:210,-1.5859,-2.7232,10.4219,-0.0532,-0.0184,9.8065,0.0863,0.0212,-0.0524,-10.81,-33.44,-3.69,273.65,-83.94,-138.98
52.406345,-1.536241,160.92,12.56,2,341.62,20 / 21,1809628,2019-09-06 18:46:16:310,0.8957,0.4539,10.2373,-0.0249,0.0136,9.8066,0.0968,-0.1487,0.026,-11.37,-33.5,-2.62,277.31,-84.22,-140.5
52.406345,-1.536241,160.92,12.56,2,341.62,20 / 21,1809729,2019-09-06 18:46:16:411,1.0197,-0.4853,10.1006,0.0138,0.0275,9.8065,0.1893,-0.1614,0.0611,-9.75,-32.37,-1,283.88,-84.14,-141.85
52.406345,-1.536241,160.92,12.56,2,341.62,20 / 21,1809829,2019-09-06 18:46:16:511,-0.9992,-0.6143,11.0456,0.0012,0.0034,9.8066,0.1899,-0.0432,-0.0843,-8.94,-30.75,-0.62,282.11,-84.22,-141.71
52.406345,-1.536241,160.92,12.56,2,341.62,20 / 21,1809929,2019-09-06 18:46:16:611,1.6757,0.5876,10.0536,0.0209,0.0392,9.8064,0.0539,0.0005,-0.0224,-8.56,-29.12,-0.69,282.73,-84.35,-142.86
52.406345,-1.536241,160.92,12.56,2,341.62,20 / 21,1810028,2019-09-06 18:46:16:710,-1.2295,-0.9893,9.8066,-0.0321,0.0046,9.8066,0.0047,-0.0298,-0.0341,-7,-27.37,-1.44,274.26,-84.58,-146.41
52.406345,-1.536241,160.92,12.56,2,341.62,20 / 21,1810129,2019-09-06 18:46:16:811,-0.2918,0.4896,9.8477,-0.0153,0.0065,9.8066,0.0665,0.0141,-0.0386,-6.19,-27.44,-3.94,247.63,-84.68,-149.98
52.406345,-1.536241,160.92,12.56,2,341.62,20 / 21,1810229,2019-09-06 18:46:16:911,-3.1343,-0.0147,11.3407,-0.0179,-0.0069,9.8066,0.3371,0.0491,-0.0299,-5.81,-28.12,-5.87,240.02,-84.87,-150.24
52.406345,-1.536241,160.92,12.56,2,341.62,20 / 21,1810329,2019-09-06 18:46:17:011,-0.6641,1.5037,10.6856,0.0266,0.0724,9.8063,-0.0055,-0.27,0.2067,-6.94,-28.75,-5.94,242.3,-84.55,-151.8
52.406345,-1.536241,160.92,12.56,2,341.62,20 / 21,1810428,2019-09-06 18:46:17:110,-1.847,3.7891,10.0299,0.0523,0.0638,9.8062,0.2938,0.1075,0.1094,-8.81,-30.81,-5.94,250.09,-84.32,-150.79
52.406345,-1.536241,160.92,12.56,2,341.62,20 / 21,1810528,2019-09-06 18:46:17:210,-0.5067,-1.1034,9.3832,0.0138,0.0329,9.8065,-0.1283,-0.1237,0.1193,-8.25,-31.19,-5.19,246.78,-84.24,-153.6
52.406345,-1.536241,160.92,12.56,2,341.62,20 / 21,1810629,2019-09-06 18:46:17:311,-0.6532,3.916,10.2656,0.019,0.0201,9.8065,-0.0166,0.1084,-0.2454,-8.31,-32.19,-4.81,244.88,-84.01,-154.45
52.406345,-1.536241,160.92,12.56,2,341.62,20 / 21,1810728,2019-09-06 18:46:17:410,-3.103,-2.045,8.9041,0.0741,0.1128,9.8056,-0.6957,-0.0412,0.0224,-8.5,-32.19,-5.44,241.28,-83.94,-158.47
52.406345,-1.536241,160.92,12.56,2,341.62,20 / 21,1810829,2019-09-06 18:46:17:511,-2.5402,0.4809,9.6771,0.1125,0.1123,9.8053,-0.1828,0.0438,0.0049,-9,-32.87,-4.62,244.32,-84.1,-159.4
52.406345,-1.536241,160.92,12.56,2,341.62,20 / 21,1810928,2019-09-06 18:46:17:610,0.0789,-0.0971,8.9719,0.0197,0.0125,9.8065,-0.189,-0.0335,0.0354,-9.44,-33.94,-4.25,249.2,-84.3,-158.14
52.406345,-1.536241,160.92,12.56,2,341.62,20 / 21,1811028,2019-09-06 18:46:17:710,0.4762,0.4102,9.8562,0.0396,0.0244,9.8065,-0.1616,0.0079,0.0094,-9.62,-34.31,-4.06,253.11,-84.27,-157.54
52.406345,-1.536241,160.92,12.56,2,341.62,20 / 21,1811129,2019-09-06 18:46:17:811,-1.6118,0.0271,10.007,-0.0328,-0.0205,9.8066,0.144,0.0444,0.0782,-9.87,-33.5,-2.62,259.31,-84.41,-156.34
52.406345,-1.536241,160.92,12.56,2,341.62,20 / 21,1811228,2019-09-06 18:46:17:910,-0.6783,-0.4063,9.878,-0.0162,-0.0169,9.8066,0.0557,0.0505,0.012,-9.06,-33.06,-2.69,257.59,-84.59,-155.28
52.406345,-1.536241,160.92,12.56,2,341.62,20 / 21,1811328,2019-09-06 18:46:18:010,-1.6999,0.2791,9.9471,-0.0015,0.0017,9.8065,0.0612,0.0082,0.0282,-8.81,-32.44,-2.31,263.28,-84.64,-155.34
52.406345,-1.536241,160.92,12.56,2,341.62,19 / 21,1811429,2019-09-06 18:46:18:111,-0.0668,-1.484,9.5946,0.01,-0.0108,9.8066,0.0422,0.1372,-0.0922,-8.87,-31.75,-2.56,258.7,-84.51,-154.37
52.406345,-1.536241,160.92,12.56,2,341.62,19 / 21,1811529,2019-09-06 18:46:18:211,-1.6223,-0.3206,10.1248,0.0069,-0.0107,9.8066,0.0226,0.0475,-0.0124,-8.81,-32.12,-3.81,253.72,-84.54,-155.06
52.406345,-1.536241,160.92,12.56,2,341.62,19 / 21,1811629,2019-09-06 18:46:18:311,-0.4705,0.9622,9.6943,-0.0057,-0.0087,9.8066,-0.0187,0.044,-0.0089,-9.5,-31.25,-3.81,255.01,-84.45,-153.91
52.406345,-1.536241,160.92,12.56,2,341.62,19 / 21,1811729,2019-09-06 18:46:18:411,-1.1695,1.0565,10.2907,0.0006,-0.0136,9.8066,0.0356,0.1369,-0.097,-10.12,-31.06,-3.75,259.25,-84.48,-153.15
52.406345,-1.536241,160.92,12.56,2,341.62,19 / 21,1811829,2019-09-06 18:46:18:511,-0.4298,0.398,9.8801,-0.0297,-0.0105,9.8065,0.1163,0.0381,0.0544,-10.25,-30.81,-2.31,268.66,-84.62,-153.4
52.406345,-1.536241,160.92,12.56,2,341.62,19 / 21,1811929,2019-09-06 18:46:18:611,0.1495,-1.6979,10.2618,0.0227,0.0078,9.8065,-0.0194,0.0867,-0.0565,-9.37,-28.94,-0.94,271.87,-84.4,-153.48
52.406345,-1.536241,160.92,12.56,2,341.62,19 / 21,1812029,2019-09-06 18:46:18:711,-2.5173,-0.3295,9.6361,0.0234,0.0207,9.8066,0.1018,-0.0072,-0.0301,-7.69,-29.75,-1.94,260.51,-84.46,-155.15
52.406345,-1.536241,160.92,12.56,2,341.62,19 / 21,1812129,2019-09-06 18:46:18:811,0.4564,0.2352,9.8637,-0.0316,-0.0199,9.8065,0.0549,-0.0078,-0.0562,-7.31,-29.81,-2.75,251.23,-84.45,-154.4
52.406345,-1.536241,160.92,12.56,2,341.62,19 / 21,1812228,2019-09-06 18:46:18:910,0.4921,-0.3136,9.3027,-0.0322,0.0013,9.8066,0.0764,-0.1212,0.1035,-7.94,-30.25,-3.5,255.32,-84.79,-156.17
52.406345,-1.536241,160.92,12.56,2,341.62,19 / 21,1812328,2019-09-06 18:46:19:010,0.3121,-0.2167,10.5198,0.0115,0.0195,9.8066,-0.011,0.0085,-0.1218,-8.06,-30.31,-3.19,254.06,-84.59,-156.81
52.406345,-1.536241,160.92,12.56,2,341.62,20 / 21,1812429,2019-09-06 18:46:19:111,-1.345,0.81,10.0972,0.0103,0.0347,9.8065,0.0952,-0.021,0.0982,-7.75,-30.12,-2.44,257.54,-84.64,-159.02
52.406345,-1.536241,160.92,12.56,2,341.62,20 / 21,1812529,2019-09-06 18:46:19:211,-1.87,0.1001,9.8998,0.0142,0.0104,9.8066,-0.0787,0.0307,-0.0419,-7.12,-30.31,-2.87,248.47,-84.63,-158.28
52.406345,-1.536241,160.92,12.56,2,341.62,20 / 21,1812628,2019-09-06 18:46:19:310,-1.2378,0.1272,9.7997,0.0135,0.0218,9.8066,-0.1208,0.0504,-0.0712,-6.87,-31.56,-3.75,241.85,-84.46,-158.7
52.406345,-1.536241,160.92,12.56,2,341.62,20 / 21,1812729,2019-09-06 18:46:19:411,-1.0897,0.3719,9.8305,-0.0072,-0.0133,9.8066,0.037,0.0674,-0.0634,-7.44,-31.94,-4.25,242.4,-84.71,-158.96
52.406345,-1.536241,160.92,12.56,2,341.62,20 / 21,1812828,2019-09-06 18:46:19:510,-0.4359,0.6628,9.5272,-0.0139,-0.0064,9.8066,0.0464,-0.0079,0.0231,-7.94,-32.37,-3.94,246.5,-84.74,-159.46
52.406345,-1.536241,160.92,12.56,2,341.62,20 / 21,1812928,2019-09-06 18:46:19:610,-0.4335,-0.8791,9.4841,-0.0009,0.0115,9.8066,-0.0667,0.132,-0.0802,-8.62,-32.69,-3.44,252.87,-84.79,-161.12
52.406345,-1.536241,160.92,12.56,2,341.62,20 / 21,1813028,2019-09-06 18:46:19:710,-0.4712,-0.6274,9.8909,0.0054,0.0139,9.8066,-0.0165,-0.0618,0.089,-7.87,-32.37,-2.37,253.57,-84.85,-162.85
52.406345,-1.536241,160.92,12.56,2,341.62,20 / 21,1813128,2019-09-06 18:46:19:810,1.1433,0.3661,9.7014,-0.016,-0.0012,9.8066,0.097,0.0248,-0.0068,-8.5,-31.5,-2.37,254.04,-84.74,-162.57
52.406345,-1.536241,160.92,12.56,2,341.62,20 / 21,1813228,2019-09-06 18:46:19:910,0.9509,-0.129,9.5634,-0.0228,-0.0115,9.8066,0.1017,-0.0177,0.0378,-8.81,-32.25,-2,256.99,-84.97,-163.21
52.406345,-1.536241,160.92,12.56,2,341.62,20 / 21,1813330,2019-09-06 18:46:20:012,-0.1962,-0.649,10.1514,-0.0142,-0.0064,9.8066,-0.007,-0.0228,0.0652,-8.19,-30.5,-1.75,256.73,-85.12,-161.67
52.406345,-1.536241,160.92,12.56,2,341.62,20 / 21,1813430,2019-09-06 18:46:20:112,0.1941,0.3307,10.0806,-0.0058,-0.0005,9.8066,0.1163,-0.0011,0.0369,-9.19,-30.06,-1.56,260.38,-85.21,-161.52
52.406345,-1.536241,160.92,12.56,2,341.62,20 / 21,1813529,2019-09-06 18:46:20:211,-0.762,-0.0142,9.6243,0.0332,-0.0001,9.8066,-0.0425,0.0294,-0.0372,-7.31,-28.94,-1.56,253.91,-84.97,-160.54
52.406345,-1.536241,160.92,12.56,2,341.62,20 / 21,1813629,2019-09-06 18:46:20:311,-1.6791,0.8502,9.5341,0.0272,0.0142,9.8065,-0.0192,0.0113,0.0521,-6.62,-29.12,-3.06,248.52,-84.84,-159.69
52.406345,-1.536241,160.92,12.56,2,341.62,20 / 21,1813729,2019-09-06 18:46:20:411,0.4692,0.1246,9.7914,0.0133,-0.0139,9.8066,-0.0889,0.0138,-0.0383,-7.25,-31.06,-2.81,247.33,-84.73,-159.3
52.406345,-1.536241,160.92,12.56,2,341.62,20 / 21,1813828,2019-09-06 18:46:20:510,0.6315,-0.7469,9.4197,0.0097,0.0087,9.8066,0.1391,0.0292,-0.0163,-7.19,-30.81,-1.69,253.89,-84.69,-157.91
52.406345,-1.536241,160.92,12.56,2,341.62,20 / 21,1813929,2019-09-06 18:46:20:611,-0.0627,-1.0156,11.1209,-0.0168,-0.0331,9.8065,0.1987,-0.0703,0.0563,-7.62,-30.44,-2.44,261.62,-84.84,-155.41
52.406345,-1.536241,160.92,12.56,2,341.62,20 / 21,1814028,2019-09-06 18:46:20:710,0.7126,0.5082,10.4967,-0.0459,-0.035,9.8064,0.199,-0.0387,-0.0062,-6.75,-31.25,-1.5,264.08,-84.84,-154.64
52.406345,-1.536241,160.92,12.56,2,341.62,20 / 21,1814128,2019-09-06 18:46:20:810,0.7755,-1.3896,9.0989,0.0089,0.0008,9.8065,-0.0461,0.0338,-0.0335,-6.75,-31.5,-1.94,256.77,-84.63,-154.41
52.406345,-1.536241,160.92,12.56,2,341.62,20 / 21,1814229,2019-09-06 18:46:20:911,-0.5214,-0.1967,9.8935,-0.0138,0.0037,9.8065,-0.0558,-0.1032,0.0844,-7,-31.25,-2.12,255.15,-84.71,-156.57
52.406345,-1.536241,160.92,12.56,2,341.62,20 / 21,1814328,2019-09-06 18:46:21:010,0.1132,-2.9075,9.3447,0.02,-0.0038,9.8066,-0.0078,0.0136,-0.0269,-7.44,-30.69,-2.19,256.95,-84.62,-154.19
52.406345,-1.536241,160.92,12.56,2,341.62,20 / 21,1814432,2019-09-06 18:46:21:114,0.2296,1.1612,9.9027,0.0251,0.0266,9.8065,0.0206,-0.0113,0.0026,-7.06,-30.75,-2.87,249.74,-84.45,-155.37
52.406345,-1.536241,160.92,12.56,2,341.62,20 / 21,1814528,2019-09-06 18:46:21:210,-1.8111,0.2668,10.2636,-0.0094,0.0133,9.8065,-0.0286,-0.1677,0.0428,-7.69,-31.5,-2.62,254.76,-84.49,-155.02
52.406345,-1.536241,160.92,12.56,2,341.62,20 / 21,1814629,2019-09-06 18:46:21:311,-0.8481,0.8271,9.5418,0.0267,0.0248,9.8065,-0.1552,0.0417,0.0037,-7.75,-31.5,-2.75,253.63,-84.36,-155.78
52.406345,-1.536241,160.92,12.56,2,341.62,20 / 21,1814729,2019-09-06 18:46:21:411,-0.0325,0.0327,8.7927,-0.0244,-0.0215,9.8065,-0.0014,0.0724,-0.0288,-7.37,-30.87,-3,251.4,-84.64,-154.26
52.406345,-1.536241,160.92,12.56,2,341.62,20 / 21,1814829,2019-09-06 18:46:21:511,-0.5144,-1.2431,10.1784,-0.0442,-0.0279,9.8064,0.0708,0.0403,-0.018,-7.12,-30.19,-3.44,254.99,-85.1,-152.83
52.406345,-1.536241,160.92,12.56,2,341.62,20 / 21,1814929,2019-09-06 18:46:21:611,-0.9838,1.5617,9.3447,0.0187,0.0095,9.8066,0.143,0.0568,-0.0965,-7.31,-30.5,-4.44,251.18,-85.35,-152.51
52.406345,-1.536241,160.92,12.56,2,341.62,20 / 21,1815029,2019-09-06 18:46:21:711,-0.6227,-3.8724,10.0169,0.0268,0.0488,9.8065,0.062,-0.0904,0.0398,-8.25,-30.44,-3.62,253.25,-85.1,-154.27
52.406345,-1.536241,160.92,12.56,2,341.62,20 / 21,1815129,2019-09-06 18:46:21:811,-1.7881,-0.08,8.9676,-0.0099,0.01,9.8066,0.0346,0.0757,0.1924,-9.19,-30.44,-1.81,262.2,-84.85,-158.4
52.406345,-1.536241,160.92,12.56,2,341.62,20 / 21,1815229,2019-09-06 18:46:21:911,-0.6267,1.0121,9.4547,0.0158,-0.0277,9.8066,-0.0741,0.1104,-0.003,-8.87,-30.75,-1.19,267.59,-84.62,-157.28
52.406345,-1.536241,160.92,12.56,2,341.62,20 / 21,1815329,2019-09-06 18:46:22:011,-0.9653,0.3174,9.4209,-0.031,-0.016,9.8065,-0.0335,0.0329,-0.0812,-7.75,-30.87,-2.06,261.5,-84.89,-155.08
52.406345,-1.536241,160.92,12.56,2,341.62,20 / 21,1815428,2019-09-06 18:46:22:110,-0.6411,-0.5195,9.7887,-0.0162,0.0015,9.8066,0.003,0.0101,0.0816,-7.37,-30.81,-2.81,252.74,-85.18,-155
52.406345,-1.536241,160.92,12.56,2,341.62,20 / 21,1815529,2019-09-06 18:46:22:211,-0.9083,0.122,8.9984,-0.0119,-0.0107,9.8065,-0.0263,-0.0556,0,-7.75,-31.31,-3.25,258.15,-85.26,-154.21
52.406345,-1.536241,160.92,12.56,2,341.62,20 / 21,1815628,2019-09-06 18:46:22:310,-0.6982,-1.2393,10.1043,-0.0044,-0.0131,9.8066,-0.0073,-0.0418,-0.0248,-8.19,-30.56,-2.87,258.71,-85.18,-153.33
52.406345,-1.536241,160.92,12.56,2,341.62,20 / 21,1815729,2019-09-06 18:46:22:411,-1.2397,-0.3843,10.7827,0.0021,0.0091,9.8066,0.2025,-0.0035,0.0291,-7.94,-31,-3.5,256.79,-85.04,-154.86
52.406345,-1.536241,160.92,12.56,2,341.62,20 / 21,1815828,2019-09-06 18:46:22:510,-0.5687,0.2799,10.5926,0.0067,-0.0057,9.8066,0.2229,0.0313,-0.0289,-8.69,-30.06,-3.37,261.29,-84.96,-154.3
52.406345,-1.536241,160.92,12.56,2,341.62,20 / 21,1815928,2019-09-06 18:46:22:610,-1.4327,-0.2633,9.9069,0.0244,0.009,9.8065,-0.2157,0.0689,-0.0023,-9.31,-28.69,-2.62,260.7,-84.82,-155.03
52.406345,-1.536241,160.92,12.56,2,341.62,20 / 21,1816028,2019-09-06 18:46:22:710,-0.5698,-2.142,9.2577,0.008,0.0149,9.8066,-0.1517,-0.1114,0.0875,-9.87,-28.44,-3.44,264.12,-84.91,-155.46
52.406345,-1.536241,160.92,12.56,2,341.62,20 / 21,1816128,2019-09-06 18:46:22:810,-2.0006,0.3793,9.2338,-0.0457,-0.0133,9.8064,0.0567,-0.1356,0.0509,-9.5,-28.37,-2.44,266.89,-84.89,-154.87
52.406345,-1.536241,160.92,12.56,2,341.62,20 / 21,1816229,2019-09-06 18:46:22:911,0.0016,-1.4135,10.5695,-0.0269,-0.0296,9.8065,0.0066,0.0161,-0.0789,-8.81,-29.87,-2.37,269.01,-85.13,-152.38
52.406345,-1.536241,160.92,12.56,2,341.62,20 / 21,1816329,2019-09-06 18:46:23:011,-1.7138,-1.0765,9.3003,-0.0011,0.0001,9.8066,0.0766,0.0449,0.0584,-8.44,-29.87,-2,264.97,-85.15,-153.09
52.406345,-1.536241,160.92,12.56,2,341.62,19 / 21,1816428,2019-09-06 18:46:23:110,-0.5661,-1.3633,9.8091,-0.0113,-0.0139,9.8065,0.1101,-0.0722,0.059,-8.25,-29.94,-2.44,265.96,-85.19,-152.24
52.406345,-1.536241,160.92,12.56,2,341.62,19 / 21,1816528,2019-09-06 18:46:23:210,-1.3206,-0.8632,9.7358,0.0164,0.0011,9.8066,-0.0884,0.0034,-0.1244,-8.25,-29.06,-1.06,273.81,-85.07,-151.01
52.406345,-1.536241,160.92,12.56,2,341.62,19 / 21,1816629,2019-09-06 18:46:23:311,0.4911,-0.6725,9.9398,0.0027,0.0075,9.8065,0.102,0.0106,0.0517,-8.44,-28.31,-1.31,274.67,-85.22,-151.35
52.406345,-1.536241,160.92,12.56,2,341.62,19 / 21,1816729,2019-09-06 18:46:23:411,-0.4981,-0.2416,9.9005,0.04,0.006,9.8065,-0.0961,-0.0666,0.0457,-8.94,-28.94,-2.19,272.26,-85.4,-150.57
52.406345,-1.536241,160.92,12.56,2,341.62,19 / 21,1816829,2019-09-06 18:46:23:511,-2.1945,-0.4147,9.3136,0.0487,0.027,9.8065,-0.1912,0.0225,-0.0896,-9.44,-29.19,-3.62,261.07,-85.05,-150.42
52.406345,-1.536241,160.92,12.56,2,341.62,19 / 21,1816928,2019-09-06 18:46:23:610,-0.2709,-1.2342,9.6048,-0.0364,-0.0229,9.8065,0.0257,-0.0588,0.0674,-9.75,-29.06,-1.81,277.77,-85.45,-147.93
52.406345,-1.536241,160.92,12.56,2,341.62,19 / 21,1817029,2019-09-06 18:46:23:711,-0.8568,-0.3749,8.9894,-0.0103,-0.0009,9.8066,-0.0869,-0.0556,-0.0092,-9.44,-27.87,-1.25,281.42,-85.33,-147.88
52.406345,-1.536241,160.92,12.56,2,341.62,19 / 21,1817128,2019-09-06 18:46:23:810,-1.4824,-1.0309,9.953,-0.0301,-0.0237,9.8065,0.0912,-0.0539,0.0085,-8,-27.62,-0.5,289.19,-85.51,-145.73
52.406345,-1.536241,160.92,12.56,2,341.62,19 / 21,1817228,2019-09-06 18:46:23:910,-1.978,-0.6123,9.7377,-0.0231,-0.0136,9.8066,-0.0141,-0.0139,-0.0295,-6.62,-27,-1.87,270.5,-85.45,-146.37
52.406345,-1.536241,160.92,12.56,2,341.62,19 / 21,1817329,2019-09-06 18:46:24:011,-0.9853,0.1348,9.8982,-0.0003,0.001,9.8066,0.0741,0.0165,0.017,-6.44,-28.06,-3.31,257.09,-85.41,-147.31
52.40723,-1.536627,160.37,8.94,2,344,20 / 21,1817429,2019-09-06 18:46:24:111,-0.3033,-0.2655,9.7396,-0.0022,-0.0047,9.8066,0.0289,-0.0302,0.0108,-7.06,-29.06,-3.69,256.85,-85.35,-146.89
52.40723,-1.536627,160.37,8.94,2,344,20 / 21,1817529,2019-09-06 18:46:24:211,-0.4595,-0.7689,10.4773,0.0242,0.0106,9.8066,0.0456,-0.0271,-0.0083,-6.87,-29.5,-3.94,256.89,-85.27,-146.56
52.40723,-1.536627,160.37,8.94,2,344,20 / 21,1817628,2019-09-06 18:46:24:310,-1.113,0.4697,9.9195,-0.0064,-0.0038,9.8066,0.0289,-0.0216,0.0406,-7.75,-30.31,-4.06,261.57,-85.28,-145.99
52.40723,-1.536627,160.37,8.94,2,344,20 / 21,1817729,2019-09-06 18:46:24:411,-0.1992,-0.6975,9.5565,0.022,0.0091,9.8066,-0.1284,-0.0221,-0.0099,-7.75,-30.19,-3.94,262.34,-85.23,-145.01
52.40723,-1.536627,160.37,8.94,2,344,20 / 21,1817829,2019-09-06 18:46:24:511,-1.4158,-0.6124,9.7954,0.0145,0.0134,9.8065,-0.1312,-0.014,-0.0334,-8.44,-30.12,-3.31,266.34,-85.09,-145.58
52.40723,-1.536627,160.37,8.94,2,344,20 / 21,1817929,2019-09-06 18:46:24:611,-0.8735,-0.676,9.8752,-0.0239,-0.0145,9.8066,0.1025,-0.0339,0.0593,-6.94,-29.81,-4,257.47,-85.31,-145.49
52.40723,-1.536627,160.37,8.94,2,344,20 / 21,1818028,2019-09-06 18:46:24:710,-1.3565,-0.1253,10.0141,-0.0106,-0.0117,9.8066,0.0033,0.0153,-0.0083,-7.75,-31.06,-4.44,261.33,-85.23,-145.52
52.40723,-1.536627,160.37,8.94,2,344,20 / 21,1818128,2019-09-06 18:46:24:810,-0.0172,-0.5701,9.6308,0.0109,0.0076,9.8066,-0.0809,0.0426,-0.0179,-7.5,-31,-3.94,256.37,-85.17,-145.51
52.40723,-1.536627,160.37,8.94,2,344,20 / 21,1818229,2019-09-06 18:46:24:911,-0.693,-0.5236,9.8353,0.0059,0.0106,9.8065,-0.0419,-0.0092,-0.011,-7.56,-30.69,-4.69,256.75,-85.22,-145.77
52.40723,-1.536627,160.37,8.94,2,344,20 / 21,1818329,2019-09-06 18:46:25:011,-0.3256,-0.0582,9.8362,0.004,0.0189,9.8066,-0.0826,-0.0806,0.0253,-8.12,-30.69,-5.62,253.51,-85.3,-145.53
52.40723,-1.536627,160.37,8.94,2,344,20 / 21,1818429,2019-09-06 18:46:25:111,-0.0598,-0.5077,9.5029,0.0135,0.0203,9.8066,-0.0444,-0.0002,-0.0106,-8.94,-30.94,-5.94,256.34,-85.25,-146.65
52.40723,-1.536627,160.37,8.94,2,344,20 / 21,1818528,2019-09-06 18:46:25:210,-0.5571,0.1195,9.4396,-0.0232,-0.0103,9.8065,0.0455,-0.0464,0.01,-9.94,-32.25,-6.37,259.65,-85.42,-146.93
52.40723,-1.536627,160.37,8.94,2,344,20 / 21,1818629,2019-09-06 18:46:25:311,-0.5732,-0.3419,9.9868,-0.0154,-0.0219,9.8066,0.0073,0.0271,-0.0247,-11.56,-32.5,-5.75,265.86,-85.43,-146.63
52.40723,-1.536627,160.37,8.94,2,344,20 / 21,1818728,2019-09-06 18:46:25:410,-0.6319,-0.8141,10.7293,0.009,0.0074,9.8066,0.055,-0.0047,-0.0326,-12.06,-33.81,-4.69,268.54,-85.39,-146.67
52.40723,-1.536627,160.37,8.94,2,344,20 / 21,1818829,2019-09-06 18:46:25:511,-0.0033,-0.05,9.9895,-0.0068,0.001,9.8066,0.0976,-0.0409,0.0179,-12.25,-33.69,-5,267.88,-85.41,-147.41
52.40723,-1.536627,160.37,8.94,2,344,20 / 21,1818929,2019-09-06 18:46:25:611,0.5227,-0.2209,9.4054,-0.0076,0.0044,9.8066,-0.167,-0.0321,-0.0095,-13.06,-33.87,-3.5,277.55,-85.52,-148.02
52.40723,-1.536627,160.37,8.94,2,344,20 / 21,1819029,2019-09-06 18:46:25:711,-1.5904,-1.579,9.6301,0.0116,0.0176,9.8065,-0.2198,-0.0207,0.0289,-14.25,-34.12,-3.81,273.43,-85.57,-150.21
52.40723,-1.536627,160.37,8.94,2,344,20 / 21,1819128,2019-09-06 18:46:25:810,-1.1925,0.2331,9.9045,-0.071,-0.0223,9.8063,0.1852,0.0084,0.0044,-15.44,-32.19,-1,291.7,-85.87,-146.23
52.40723,-1.536627,160.37,8.94,2,344,20 / 21,1819230,2019-09-06 18:46:25:912,-0.9595,-0.2808,9.8193,-0.0698,-0.0177,9.8064,0.1281,0.0317,-0.0345,-15.25,-31.62,0.31,296.62,-85.87,-145.42
52.40723,-1.536627,160.37,8.94,2,344,20 / 21,1819328,2019-09-06 18:46:26:010,-0.7427,-0.6805,9.8977,0.0629,0.0066,9.8064,-0.0832,0.0287,-0.0552,-13.31,-30.94,1.69,306.04,-85.97,-144.93
52.40723,-1.536627,160.37,8.94,2,344,20 / 21,1819429,2019-09-06 18:46:26:111,-0.9547,-0.1486,9.9973,0.0376,0.0012,9.8066,-0.1194,-0.0382,-0.0161,-10.69,-30.31,2.5,310.55,-85.96,-146.52
52.40723,-1.536627,160.37,8.94,2,344,20 / 21,1819529,2019-09-06 18:46:26:211,-0.4862,0.1351,9.3073,0.0273,0.0133,9.8065,0.1057,0.0313,0.0157,-8.81,-30.06,0.38,287.66,-85.89,-149.12
52.40723,-1.536627,160.37,8.94,2,344,20 / 21,1819628,2019-09-06 18:46:26:310,-1.3182,-0.0207,9.3558,-0.0262,-0.0182,9.8065,0.0404,-0.0041,0.0162,-8.44,-29.31,-1.31,280.53,-86.02,-148.07
52.40723,-1.536627,160.37,8.94,2,344,20 / 21,1819728,2019-09-06 18:46:26:410,-0.4886,-0.0666,9.8813,-0.0248,-0.0091,9.8066,-0.0096,-0.0102,-0.02,-8.69,-29.31,-1.44,283.28,-86.01,-147.8
52.40723,-1.536627,160.37,8.94,2,344,20 / 21,1819828,2019-09-06 18:46:26:510,0.3178,1.0387,9.7282,-0.0078,0.0056,9.8066,0.0686,-0.0338,0.0361,-9.56,-28.44,-1.5,283.96,-85.98,-149.33
52.40723,-1.536627,160.37,8.94,2,344,20 / 21,1819929,2019-09-06 18:46:26:611,-0.1539,-0.0045,9.8963,-0.0095,-0.0026,9.8066,-0.0096,0.0437,0.0063,-8.94,-28.25,-1.06,282.4,-85.97,-148.94
52.40723,-1.536627,160.37,8.94,2,344,20 / 21,1820028,2019-09-06 18:46:26:710,-0.7818,-0.1422,9.7812,0.0029,-0.001,9.8066,-0.022,-0.0042,-0.0268,-8.69,-29.62,-0.81,280.23,-85.9,-149.89
52.40723,-1.536627,160.37,8.94,2,344,20 / 21,1820129,2019-09-06 18:46:26:811,-1.1592,-0.4066,10.0839,-0.0012,0.0018,9.8066,-0.0377,-0.0317,-0.0322,-8.12,-28.87,-2,271.47,-85.88,-149.83
52.40723,-1.536627,160.37,8.94,2,344,20 / 21,1820229,2019-09-06 18:46:26:911,-1.3022,-1.1523,10.349,-0.0083,-0.0054,9.8066,0.0944,0.0074,0.0314,-7.19,-29.12,-1.94,268.74,-86.01,-149.19
52.40723,-1.536627,160.37,8.94,2,344,20 / 21,1820328,2019-09-06 18:46:27:010,-1.5767,-0.19,10.5413,-0.0112,-0.0085,9.8066,0.0244,-0.0071,-0.017,-7.44,-29.5,-2.81,262.73,-86.06,-148.99
52.40723,-1.536627,160.37,8.94,2,344,20 / 21,1820429,2019-09-06 18:46:27:111,-1.2986,-0.7832,9.2946,-0.0044,-0.001,9.8066,-0.0258,-0.03,0.0045,-7.37,-28.5,-3.5,263.88,-86.07,-148.37
52.40723,-1.536627,160.37,8.94,2,344,20 / 21,1820529,2019-09-06 18:46:27:211,-1.535,-0.6299,9.6187,0.0061,-0.0013,9.8066,-0.0221,0.0119,-0.0348,-7.56,-29.31,-3.19,267.8,-86.06,-148.14
52.40723,-1.536627,160.37,8.94,2,344,20 / 21,1820628,2019-09-06 18:46:27:310,-0.8135,-0.7232,9.9892,0.0077,0.0074,9.8066,0.0281,-0.0096,-0.0055,-7.81,-29.81,-3.62,261.95,-86,-148.07
52.40723,-1.536627,160.37,8.94,2,344,20 / 21,1820729,2019-09-06 18:46:27:411,-0.9264,-0.8033,9.7518,0.0127,0.0121,9.8065,0.0064,0.0239,-0.0034,-7.81,-29.56,-4.12,260.74,-85.96,-149.2
52.40723,-1.536627,160.37,8.94,2,344,20 / 21,1820828,2019-09-06 18:46:27:510,-1.0702,-0.8097,9.9244,-0.0084,-0.0101,9.8066,-0.0109,-0.0129,0.0154,-8.19,-30.19,-3.87,263.05,-86.01,-146.97
52.40723,-1.536627,160.37,8.94,2,344,20 / 21,1820929,2019-09-06 18:46:27:611,-1.3889,-1.0173,10.1708,-0.0033,-0.0085,9.8066,-0.0207,-0.0124,0.008,-9.44,-30.62,-4.12,267.25,-86,-146.1
52.40723,-1.536627,160.37,8.94,2,344,20 / 21,1821029,2019-09-06 18:46:27:711,-0.9579,-0.4344,9.5598,-0.0019,-0.0063,9.8066,0.036,0.0086,0.012,-9.75,-31.12,-4,271.8,-86.02,-144.86
52.40723,-1.536627,160.37,8.94,2,344,20 / 21,1821129,2019-09-06 18:46:27:811,-0.8031,-0.3715,9.6793,-0.0056,-0.0044,9.8066,0.0246,0.0093,0.0104,-9.37,-30.69,-3.25,274.24,-86.02,-144.22
52.40723,-1.536627,160.37,8.94,2,344,20 / 21,1821229,2019-09-06 18:46:27:911,-1.5053,-0.7096,10.1789,0.0061,-0.0042,9.8065,0.0157,0.0274,0.0021,-9.69,-30.94,-3.37,277.82,-86.07,-143.8
52.40723,-1.536627,160.37,8.94,2,344,20 / 21,1821328,2019-09-06 18:46:28:010,-1.2097,-0.6308,10.1843,-0.0018,0.0011,9.8066,-0.0254,0.0264,-0.0129,-9.87,-30.94,-3.69,273.29,-86.04,-143.41
52.40723,-1.536627,160.37,8.94,2,344,20 / 21,1821429,2019-09-06 18:46:28:111,-1.015,-0.8994,9.9428,0.0064,0.0054,9.8066,-0.0249,0.0171,-0.0224,-9.69,-31.25,-3.62,272.81,-86.04,-143.9
52.40723,-1.536627,160.37,8.94,2,344,20 / 21,1821529,2019-09-06 18:46:28:211,-1.1686,-0.404,9.4963,-0.017,-0.0045,9.8065,0.0617,-0.0054,0.028,-9.81,-30.37,-4.19,273.82,-86.17,-143.64
52.40723,-1.536627,160.37,8.94,2,344,20 / 21,1821629,2019-09-06 18:46:28:311,-1.3316,-0.629,9.9776,0.0003,-0.0072,9.8066,-0.0152,0.0018,0.002,-10.25,-30.06,-3.56,273.83,-86.11,-143.46
52.40723,-1.536627,160.37,8.94,2,344,20 / 21,1821729,2019-09-06 18:46:28:411,-0.646,-0.3677,9.9228,-0.0083,-0.0014,9.8066,0.046,0.0053,0.0071,-10.94,-29.87,-3.69,276.96,-86.09,-143.03
52.40723,-1.536627,160.37,8.94,2,344,20 / 21,1821828,2019-09-06 18:46:28:510,-0.6123,-0.6418,9.8234,-0.0061,-0.0027,9.8066,0.0574,-0.0321,0.0203,-11.37,-29.81,-2.5,286.89,-86.13,-142.78
52.40723,-1.536627,160.37,8.94,2,344,20 / 21,1821929,2019-09-06 18:46:28:611,-0.7557,-0.3423,9.6252,0.0034,0.0061,9.8066,-0.0102,-0.0244,-0.0252,-10.87,-28.37,-1.81,286.4,-86.07,-143.76
52.40723,-1.536627,160.37,8.94,2,344,20 / 21,1822029,2019-09-06 18:46:28:711,-1.0294,-0.3859,10.3295,-0.0043,0.0005,9.8066,0.006,0.0096,0.012,-10.5,-28.37,-2.19,284.64,-86.13,-143.67
52.40723,-1.536627,160.37,8.94,2,344,20 / 21,1822129,2019-09-06 18:46:28:811,-1.2563,0.2514,10.0327,-0.0015,0.0023,9.8066,-0.0261,0.0134,-0.0035,-10.69,-28.44,-2.12,286.12,-86.24,-144.44
52.40723,-1.536627,160.37,8.94,2,344,20 / 21,1822229,2019-09-06 18:46:28:911,-1.1507,-0.3222,9.7903,0.0014,-0.0017,9.8066,0.0391,-0.0172,0.0086,-10.19,-29,-2.44,284.3,-86.23,-143.89
52.40723,-1.536627,160.37,8.94,2,344,20 / 21,1822328,2019-09-06 18:46:29:010,-0.6932,-0.3404,9.7204,-0.0047,-0.0039,9.8066,0.0244,-0.0242,0.0142,-11.19,-28.94,-1.81,286.69,-86.19,-143.44
52.40723,-1.536627,160.37,8.94,2,344,20 / 21,1822429,2019-09-06 18:46:29:111,-1.3181,-0.4836,9.6797,0.0015,-0.0072,9.8065,-0.0001,0.0138,-0.0023,-10.56,-29.19,-2.69,283.1,-86.17,-142.06
52.40723,-1.536627,160.37,8.94,2,344,20 / 21,1822528,2019-09-06 18:46:29:210,-1.2861,-0.7981,9.9761,-0.0021,-0.0009,9.8066,0.0096,0.0065,0.0158,-10.75,-28.69,-1.81,289.08,-86.2,-141.22
52.40723,-1.536627,160.37,8.94,2,344,20 / 21,1822628,2019-09-06 18:46:29:310,-0.8912,-0.2493,9.8028,-0.0023,0.0022,9.8066,0.0178,-0.0053,-0.0386,-10.44,-29.69,-1.37,292.86,-86.24,-140.99
52.40723,-1.536627,160.37,8.94,2,344,20 / 21,1822730,2019-09-06 18:46:29:412,-1.2629,-0.0939,9.7434,-0.0063,0.0027,9.8066,-0.0036,-0.0305,0.0328,-10.62,-30.5,-2.06,288.67,-86.27,-141.45
52.40723,-1.536627,160.37,8.94,2,344,20 / 21,1822829,2019-09-06 18:46:29:511,-0.7335,-0.1075,9.857,0.0028,-0.0021,9.8066,-0.0115,0.0095,-0.0156,-10.81,-30.62,-2,289.08,-86.33,-140.9
52.40723,-1.536627,160.37,8.94,2,344,20 / 21,1822930,2019-09-06 18:46:29:612,-1.2248,-0.3322,9.988,-0.0145,-0.0082,9.8066,0.0134,0.0003,0.0232,-10.44,-30.37,-2.06,289.72,-86.41,-138.93
52.40723,-1.536627,160.37,8.94,2,344,20 / 21,1823028,2019-09-06 18:46:29:710,-0.9377,-0.4414,9.7144,-0.0116,-0.0052,9.8066,0.0294,0.0111,0.0259,-11.06,-30.25,-2.12,292.49,-86.45,-138.32
52.40723,-1.536627,160.37,8.94,2,344,20 / 21,1823128,2019-09-06 18:46:29:810,-0.7305,-0.6112,9.7483,0.0009,-0.0043,9.8066,-0.0382,0.0293,-0.0212,-11.87,-29.87,-2.06,295.06,-86.44,-137.46
52.40723,-1.536627,160.37,8.94,2,344,20 / 21,1823229,2019-09-06 18:46:29:911,-1.6771,-0.3931,10.1283,-0.0039,0.0056,9.8066,0.0242,0.0076,0.036,-10.94,-30.31,-1.5,299.74,-86.52,-136.78
52.40723,-1.536627,160.37,8.94,2,344,20 / 21,1823328,2019-09-06 18:46:30:010,-1.2256,-0.0211,9.9821,-0.0055,-0.0035,9.8066,0.0165,-0.0095,-0.0018,-12.5,-30.37,-0.62,301.98,-86.58,-135.96
52.40723,-1.536627,160.37,8.94,2,344,20 / 21,1823429,2019-09-06 18:46:30:111,-1.029,0.0235,9.8175,-0.0038,-0.0049,9.8066,-0.0032,0.018,-0.0289,-12.19,-29.62,-0.69,302.55,-86.55,-135.37
52.40723,-1.536627,160.37,8.94,2,344,20 / 21,1823528,2019-09-06 18:46:30:210,-0.915,-0.4649,9.902,-0.0124,-0.001,9.8066,0.0229,-0.0082,0.0134,-12.69,-29.94,-1,304.91,-86.61,-134.22
52.40723,-1.536627,160.37,8.94,2,344,20 / 21,1823629,2019-09-06 18:46:30:311,-0.6591,-0.2261,9.7336,-0.0134,-0.0001,9.8066,0.0139,0.012,0.0056,-12.37,-29.75,-0.62,304.88,-86.68,-133.5
52.40723,-1.536627,160.37,8.94,2,344,20 / 21,1823728,2019-09-06 18:46:30:410,-0.695,-0.2568,9.7748,0.0012,0.003,9.8066,-0.0213,-0.0146,-0.019,-11,-29.62,-0.12,309.34,-86.71,-133.66
52.40723,-1.536627,160.37,8.94,2,344,20 / 21,1823828,2019-09-06 18:46:30:510,-0.8854,0.2193,9.8493,-0.0021,0.0048,9.8066,0.0435,0.0032,0.0462,-11.94,-29.62,0.06,310.43,-86.83,-133.48
52.40723,-1.536627,160.37,8.94,2,344,20 / 21,1823929,2019-09-06 18:46:30:611,-0.7769,0.2775,9.6722,-0.0015,-0.0028,9.8065,-0.01,-0.0167,-0.0224,-11.06,-29.25,0.25,310.45,-86.83,-133.13
52.40723,-1.536627,160.37,8.94,2,344,20 / 21,1824029,2019-09-06 18:46:30:711,-0.9953,-0.1329,10.1027,-0.0012,0.0005,9.8066,0.0571,-0.0011,0.0351,-11.25,-29.37,0.56,316.93,-86.82,-132.52
52.40723,-1.536627,160.37,8.94,2,344,20 / 21,1824128,2019-09-06 18:46:30:810,-0.827,-0.0437,9.9427,-0.0057,-0.0035,9.8066,-0.0093,-0.0093,0.0092,-11,-28.56,0,312.09,-86.87,-131.73
52.40723,-1.536627,160.37,8.94,2,344,20 / 21,1824228,2019-09-06 18:46:30:910,-0.8664,-0.0418,10.0361,-0.0061,-0.0021,9.8066,-0.0167,-0.0187,-0.02,-10.62,-28.62,0.69,318.56,-86.86,-131.13
52.40723,-1.536627,160.37,8.94,2,344,20 / 21,1824329,2019-09-06 18:46:31:011,-0.4627,0.1676,10.1191,-0.0011,0.0019,9.8066,0.0309,0.0083,0.0301,-10.56,-28.62,0.5,319.15,-86.89,-130.65
52.40723,-1.536627,160.37,8.94,2,344,20 / 21,1824429,2019-09-06 18:46:31:111,-0.1738,0.0722,9.7933,0.0019,-0.0003,9.8066,0.0174,-0.0077,0.019,-10.44,-27.94,0.44,313.13,-86.9,-130.48
52.40723,-1.536627,160.37,8.94,2,344,20 / 21,1824529,2019-09-06 18:46:31:211,-0.1013,-0.0561,9.786,-0.0084,-0.0016,9.8066,0.0012,-0.0012,-0.0142,-10.31,-28.31,0.94,320.75,-86.91,-129.47
52.40723,-1.536627,160.37,8.94,2,344,20 / 21,1824628,2019-09-06 18:46:31:310,0.1387,0.0754,9.7161,-0.0043,0.0016,9.8066,0.0043,0.0099,0.0059,-9.94,-27.69,1.19,320.83,-86.94,-129.44
52.40723,-1.536627,160.37,8.94,2,344,20 / 21,1824729,2019-09-06 18:46:31:411,0.0545,0.0273,9.8858,-0.002,-0.0018,9.8065,0.0104,-0.0008,0.0025,-9.81,-28,1.06,322.03,-86.95,-128.41
52.40723,-1.536627,160.37,8.94,2,344,20 / 21,1824828,2019-09-06 18:46:31:510,0.0014,0.0371,9.7643,-0.0021,0.0002,9.8066,-0.0073,-0.0174,-0.017,-10.12,-28.06,1.88,329.37,-86.97,-127.67
52.40723,-1.536627,160.37,8.94,2,344,20 / 21,1824929,2019-09-06 18:46:31:611,-0.1035,-0.036,9.9269,-0.0053,0.0003,9.8066,0.0137,-0.011,0.0068,-9.19,-28.19,1.75,330.64,-87,-127.39
52.40723,-1.536627,160.37,8.94,2,344,20 / 21,1825028,2019-09-06 18:46:31:710,-0.0137,0.0187,9.936,0.0001,0.001,9.8066,0.0068,-0.0071,-0.0016,-9,-28.56,1.5,331.19,-87.03,-126.81
52.40723,-1.536627,160.37,8.94,2,344,20 / 21,1825128,2019-09-06 18:46:31:810,-0.0394,0.1089,9.8666,-0.0051,0.0009,9.8066,0.0033,0.0075,0.005,-9.69,-28.56,1,324.6,-87.08,-126.19
52.40723,-1.536627,160.37,8.94,2,344,20 / 21,1825228,2019-09-06 18:46:31:910,-0.1756,0.0464,9.7379,-0.0066,0.0009,9.8066,0.0101,-0.0071,0.0064,-9.37,-28.37,1.69,333.04,-87.12,-125.49
52.40723,-1.536627,160.37,8.94,2,344,20 / 21,1825329,2019-09-06 18:46:32:011,-0.0148,0.0894,9.9215,0.0015,0.0007,9.8066,-0.0104,-0.0138,-0.0067,-9.06,-28.69,1.44,326.31,-87.16,-124.94
52.40723,-1.536627,160.37,8.94,2,344,20 / 21,1825429,2019-09-06 18:46:32:111,0.0149,-0.0494,9.7407,0.0025,-0.0006,9.8066,-0.0095,0.0081,-0.0017,-9.44,-28.56,0.94,327,-87.18,-124.38
52.40723,-1.536627,160.37,8.94,2,344,20 / 21,1825528,2019-09-06 18:46:32:210,0.1141,-0.001,9.6861,-0.0069,0.0026,9.8066,-0.0071,0.0137,0.0063,-9.56,-28.37,0.56,328.44,-87.24,-123.21
52.40723,-1.536627,160.37,8.94,2,344,20 / 21,1825628,2019-09-06 18:46:32:310,0.0341,0.1106,9.7911,-0.0038,0.0001,9.8066,0.0041,0.008,0.0104,-8.81,-28.62,0.38,321.87,-87.27,-122.67
52.40723,-1.536627,160.37,8.94,2,344,20 / 21,1825729,2019-09-06 18:46:32:411,-0.1489,0.0502,9.9017,-0.0026,-0.0004,9.8066,0.0047,0.0396,0.0011,-9.31,-28,1.13,330.61,-87.31,-121.62
52.40723,-1.536627,160.37,8.94,2,344,20 / 21,1825828,2019-09-06 18:46:32:510,0.1441,-0.0062,9.8064,-0.0022,-0.0006,9.8066,0.0072,0.0047,-0.0019,-8.81,-28.25,0.44,324.56,-87.33,-120.59
52.40723,-1.536627,160.37,8.94,2,344,20 / 21,1825929,2019-09-06 18:46:32:611,0.1241,0.0661,9.8651,-0.0041,-0.0001,9.8066,-0.0084,-0.008,-0.0054,-8.56,-28.25,0.31,325.45,-87.35,-119.84
52.40723,-1.536627,160.37,8.94,2,344,20 / 21,1826029,2019-09-06 18:46:32:711,0.311,0.0262,9.8389,-0.0025,0.0007,9.8066,-0.0026,-0.0091,-0.0116,-8.44,-28.44,0.31,325.71,-87.38,-119.09
52.40723,-1.536627,160.37,8.94,2,344,20 / 21,1826129,2019-09-06 18:46:32:811,0.5617,0.0056,9.7745,-0.0012,0.0003,9.8066,0.0176,0.0118,0.0166,-7.75,-28.44,0.5,334.74,-87.41,-118.53
52.40723,-1.536627,160.37,8.94,2,344,20 / 21,1826229,2019-09-06 18:46:32:911,0.8114,-0.0078,9.771,0.0015,-0.0021,9.8066,0.0161,0.0348,0.0073,-7.31,-28.19,1.25,335.46,-87.4,-118.37
52.40723,-1.536627,160.37,8.94,2,344,20 / 21,1826329,2019-09-06 18:46:33:011,0.3974,-0.1121,9.8767,-0.0021,-0.0009,9.8066,0.0074,-0.01,-0.0069,-7.44,-27.37,1.56,345.17,-87.38,-118.27
52.40757,-1.536783,160.37,0,2,343.89,20 / 21,1826429,2019-09-06 18:46:33:111,0.6565,-0.1392,9.8121,-0.0034,0.0022,9.8066,-0.0094,-0.0184,-0.0024,-7.62,-27.37,2.25,343.42,-87.38,-118.15
52.40757,-1.536783,160.37,0,2,343.89,20 / 21,1826529,2019-09-06 18:46:33:211,0.5011,-0.1092,9.9711,0.0015,-0.0002,9.8066,0.0065,-0.0313,0.0091,-9.44,-27.5,1.88,342.27,-87.41,-117.94
52.40757,-1.536783,160.37,0,2,343.89,20 / 21,1826628,2019-09-06 18:46:33:310,0.6127,-0.1066,9.9632,-0.005,0.0022,9.8066,0.0064,-0.0028,-0.0046,-9.5,-27.94,1.69,342.91,-87.43,-117.31
52.40757,-1.536783,160.37,0,2,343.89,20 / 21,1826729,2019-09-06 18:46:33:411,0.5543,0.0083,9.9132,-0.0021,0.0024,9.8066,-0.0097,-0.0055,0.0079,-9.62,-27.62,0.94,336.09,-87.46,-116.74
52.40757,-1.536783,160.37,0,2,343.89,20 / 21,1826828,2019-09-06 18:46:33:510,0.4347,0.0053,9.8225,-0.002,-0.0006,9.8066,0.0167,-0.032,0.003,-9,-28.25,1.38,338.28,-87.52,-115.2
52.40757,-1.536783,160.37,0,2,343.89,20 / 21,1826928,2019-09-06 18:46:33:610,0.4106,-0.082,9.9183,-0.0029,-0.0009,9.8066,0.0107,-0.01,0.0019,-9.44,-27.87,1,339.08,-87.51,-114.49
52.40757,-1.536783,160.37,0,2,343.89,20 / 21,1827029,2019-09-06 18:46:33:711,0.5062,-0.0794,9.9233,-0.0035,0.0004,9.8066,0.0009,-0.0073,-0.0036,-9.06,-28.62,0.81,339.42,-87.51,-114.1
52.40757,-1.536783,160.37,0,2,343.89,20 / 21,1827128,2019-09-06 18:46:33:810,0.6802,-0.037,9.935,0.0024,0.0002,9.8066,-0.0119,-0.005,0.0002,-9.5,-28.25,0.38,332.78,-87.53,-113.68
52.40757,-1.536783,160.37,0,2,343.89,20 / 21,1827229,2019-09-06 18:46:33:911,0.4397,0.0278,9.9839,0.0009,0.0007,9.8066,-0.0057,-0.0121,0.0083,-9.06,-28.87,1.19,340.19,-87.53,-113.45
52.40757,-1.536783,160.37,0,2,343.89,20 / 21,1827329,2019-09-06 18:46:34:011,0.4476,-0.069,9.8828,0.0002,0.0015,9.8066,0.0169,0.0076,0.0102,-9.06,-28.06,1.13,341.23,-87.57,-112.67
52.40757,-1.536783,160.37,0,2,343.89,19 / 21,1827429,2019-09-06 18:46:34:111,0.6378,-0.0416,9.8497,-0.0029,-0.0001,9.8066,0.0202,-0.0072,0.0025,-9.31,-28.5,1.31,341.57,-87.58,-112.39
52.40757,-1.536783,160.37,0,2,343.89,19 / 21,1827528,2019-09-06 18:46:34:210,0.6185,-0.0943,9.8118,0,0.0003,9.8066,-0.0128,-0.0111,-0.0055,-9.25,-28.19,0.75,341.52,-87.57,-112.42
52.40757,-1.536783,160.37,0,2,343.89,19 / 21,1827628,2019-09-06 18:46:34:310,0.4367,0.0276,9.9647,-0.0007,0.0007,9.8066,-0.0054,-0.0102,-0.0047,-9.06,-28.62,1.25,341.91,-87.58,-112.01
52.40757,-1.536783,160.37,0,2,343.89,19 / 21,1827729,2019-09-06 18:46:34:411,0.6942,-0.0126,9.7053,-0.0051,0.0013,9.8066,-0.0008,0.0543,0.0127,-9,-28.5,0.94,341.76,-87.59,-112.23
52.40757,-1.536783,160.37,0,2,343.89,19 / 21,1827829,2019-09-06 18:46:34:511,0.7401,-0.1064,9.7326,-0.0037,0.0001,9.8066,0.0034,-0.0085,0.0037,-9.37,-28.31,1.56,350.46,-87.6,-110.85
52.40757,-1.536783,160.37,0,2,343.89,19 / 21,1827929,2019-09-06 18:46:34:611,0.5889,0.0799,9.8495,-0.0014,-0.0008,9.8066,-0.001,0.0117,-0.011,-8.94,-28.44,1.25,343.98,-87.62,-110.31
52.40757,-1.536783,160.37,0,2,343.89,19 / 21,1828028,2019-09-06 18:46:34:710,0.7585,-0.0079,9.7476,-0.0045,-0.0002,9.8066,-0.0082,-0.014,-0.002,-9.25,-28.19,0.94,344.67,-87.62,-109.71
52.40757,-1.536783,160.37,0,2,343.89,19 / 21,1828128,2019-09-06 18:46:34:810,0.7458,-0.1277,9.7823,0.0002,0.0002,9.8066,0.0138,-0.0004,0.0142,-9.37,-28.81,0.56,344.87,-87.64,-109.49
52.40757,-1.536783,160.37,0,2,343.89,19 / 21,1828229,2019-09-06 18:46:34:911,0.5311,-0.0109,9.8764,0.0002,-0.0006,9.8066,0.0184,-0.0192,0.006,-8.94,-28.25,0.88,345.09,-87.65,-109.37
52.40757,-1.536783,160.37,0,2,343.89,19 / 21,1828328,2019-09-06 18:46:35:010,0.7751,0.0439,9.9191,0.0062,-0.0011,9.8066,-0.0225,-0.0025,-0.0092,-9.12,-28.12,0.75,345.28,-87.65,-109.21
52.40757,-1.536783,160.37,0,2,343.89,19 / 20,1828428,2019-09-06 18:46:35:110,0.4615,0.0347,9.8835,0.0001,0.0009,9.8066,-0.0099,0.0014,0.0014,-9.19,-27.94,0.63,345.27,-87.66,-109.22
52.40757,-1.536783,160.37,0,2,343.89,19 / 20,1828529,2019-09-06 18:46:35:211,0.7312,-0.1298,9.7572,-0.002,-0.0006,9.8066,-0.0054,-0.0151,0.0175,-9.44,-28.12,0.75,346.95,-87.66,-107.75
52.40757,-1.536783,160.37,0,2,343.89,19 / 20,1828629,2019-09-06 18:46:35:311,0.7287,-0.1357,9.7096,0.0012,-0.0021,9.8066,-0.0209,-0.0077,-0.0081,-8.87,-27.87,0.69,347.1,-87.65,-107.61
52.40757,-1.536783,160.37,0,2,343.89,19 / 20,1828729,2019-09-06 18:46:35:411,0.6468,-0.0688,9.6574,-0.0068,0.002,9.8066,-0.0067,-0.0094,-0.0028,-8.94,-28,0.5,347.97,-87.67,-106.86
52.40757,-1.536783,160.37,0,2,343.89,19 / 20,1828829,2019-09-06 18:46:35:511,0.6922,0.0354,9.867,-0.0037,0.0012,9.8066,0.0267,-0.0008,0.0223,-8.81,-27.19,0.63,348.24,-87.69,-106.69
52.40757,-1.536783,160.37,0,2,343.89,19 / 20,1828929,2019-09-06 18:46:35:611,0.4408,-0.0011,9.8773,0.0004,-0.001,9.8066,0.0015,-0.0109,-0.0032,-9.31,-26.87,0.88,347.82,-87.69,-107.06
52.40757,-1.536783,160.37,0,2,343.89,19 / 20,1829029,2019-09-06 18:46:35:711,0.6611,0.0293,9.8864,0.0007,-0.0014,9.8066,-0.0106,-0.0238,-0.0149,-8.81,-27.37,1.69,354.83,-87.67,-107.08
52.40757,-1.536783,160.37,0,2,343.89,19 / 20,1829129,2019-09-06 18:46:35:811,0.6396,-0.0228,9.879,0.0004,0.0015,9.8066,0.0083,-0.0017,0.0146,-9.06,-27.69,1,347.23,-87.67,-107.51
52.40757,-1.536783,160.37,0,2,343.89,19 / 20,1829229,2019-09-06 18:46:35:911,0.5477,0.0993,9.9299,-0.0003,0.0011,9.8066,0.0102,0.008,0.0154,-9.12,-27.69,0.44,339.92,-87.69,-107.59
52.40757,-1.536783,160.37,0,2,343.89,19 / 20,1829329,2019-09-06 18:46:36:011,0.7798,-0.0672,9.8177,0.004,-0.0011,9.8066,-0.0144,-0.0048,-0.0172,-8.81,-28.37,1.13,346.59,-87.66,-108.06
52.40757,-1.536783,160.37,0,2,343.89,19 / 20,1829429,2019-09-06 18:46:36:111,0.5961,-0.14,9.8226,0.0005,0.0008,9.8066,-0.0146,0.0205,0.0027,-9.44,-28.25,0.5,346.61,-87.66,-108.05
52.40757,-1.536783,160.37,0,2,343.89,19 / 20,1829528,2019-09-06 18:46:36:210,0.8858,-0.1657,9.805,0,-0.0005,9.8066,0.0107,0.0066,0.0231,-9.31,-28.37,1.38,347.53,-87.68,-107.25
52.40757,-1.536783,160.37,0,2,343.89,19 / 20,1829629,2019-09-06 18:46:36:311,0.7541,-0.061,9.7695,0.0047,-0.002,9.8066,-0.007,-0.0105,-0.0095,-8.56,-28,1.19,347.24,-87.66,-107.49
52.40757,-1.536783,160.37,0,2,343.89,19 / 20,1829729,2019-09-06 18:46:36:411,0.4853,-0.0014,9.9069,-0.0002,0.0013,9.8066,-0.0075,-0.0308,-0.0077,-8.81,-28.25,0.56,347.12,-87.66,-107.6
52.40757,-1.536783,160.37,0,2,343.89,19 / 20,1829829,2019-09-06 18:46:36:511,0.666,0.0671,9.9362,-0.0014,0.0015,9.8066,-0.0019,-0.0072,0.0146,-9.12,-28.56,1.38,346.68,-87.68,-107.93
52.40757,-1.536783,160.37,0,2,343.89,19 / 20,1829929,2019-09-06 18:46:36:611,0.5848,0.0627,9.9177,-0.0007,-0.0003,9.8066,0.0234,0.0039,0.0108,-9.56,-28.5,1.06,346.23,-87.68,-107.93
52.40757,-1.536783,160.37,0,2,343.89,19 / 20,1830030,2019-09-06 18:46:36:712,0.6652,-0.079,9.8523,0.0006,-0.0012,9.8066,-0.0128,-0.0454,-0.0154,-8.44,-28.12,0.75,347.1,-87.65,-108.19
52.40757,-1.536783,160.37,0,2,343.89,19 / 20,1830128,2019-09-06 18:46:36:810,0.7657,-0.1234,9.8528,0.0007,0.0021,9.8066,-0.006,0.0065,0.0083,-9.69,-28.56,0.94,345.06,-87.65,-108.88
52.40757,-1.536783,160.37,0,2,343.89,19 / 20,1830229,2019-09-06 18:46:36:911,0.5511,0.0429,9.8885,0.0027,0.0017,9.8066,0.0132,0.0193,0.0217,-9.31,-28.94,1.31,345.13,-87.67,-109.28
52.40757,-1.536783,160.37,0,2,343.89,19 / 20,1830330,2019-09-06 18:46:37:012,0.4162,0.0905,10.0026,0.0027,-0.0014,9.8066,0.0144,-0.0178,-0.01,-9.62,-28.56,0.56,344.49,-87.65,-109.4
52.40757,-1.536783,160.37,0,2,343.89,19 / 20,1830429,2019-09-06 18:46:37:111,0.5516,-0.0456,10.0249,0.003,-0.0008,9.8066,-0.0108,-0.0159,-0.0091,-9.19,-28.06,0.69,344.29,-87.63,-110.06
52.40757,-1.536783,160.37,0,2,343.89,19 / 20,1830528,2019-09-06 18:46:37:210,0.6683,-0.1458,9.7168,-0.0006,0.0014,9.8066,0.006,0.002,0.0157,-9,-28.56,1.25,344.21,-87.63,-110.05
52.40757,-1.536783,160.37,0,2,343.89,19 / 20,1830629,2019-09-06 18:46:37:311,0.8224,-0.2581,9.7381,0.0014,-0.0005,9.8066,0.0059,0.0025,-0.0088,-9.37,-28.81,1.31,343.79,-87.63,-110.42
52.40757,-1.536783,160.37,0,2,343.89,19 / 20,1830729,2019-09-06 18:46:37:411,0.7488,-0.0073,9.7372,-0.0004,-0.0005,9.8066,-0.0148,-0.014,-0.0219,-9.37,-28.31,0.94,342.67,-87.6,-111.44
52.40757,-1.536783,160.37,0,2,343.89,19 / 20,1830829,2019-09-06 18:46:37:511,0.4916,0.0791,9.9646,-0.002,0.0017,9.8066,0.0015,-0.0045,0.0061,-8.94,-28.81,0.81,342.19,-87.61,-111.79
52.40757,-1.536783,160.37,0,2,343.89,19 / 20,1830929,2019-09-06 18:46:37:611,0.507,0.1613,9.9445,0.0041,-0.0006,9.8066,0.0068,0.0073,0.0125,-9.62,-28.37,0.13,334.48,-87.6,-112.61
52.40757,-1.536783,160.37,0,2,343.89,19 / 20,1831028,2019-09-06 18:46:37:710,0.4312,0.1258,10.0104,0.0021,-0.001,9.8066,-0.0088,-0.0066,-0.0242,-9.12,-28.37,0.13,333.25,-87.56,-113.31
52.40757,-1.536783,160.37,0,2,343.89,19 / 20,1831129,2019-09-06 18:46:37:811,0.8156,-0.0687,9.6665,0,0.0019,9.8066,0.0274,-0.0028,0.0102,-9.5,-28.31,0.75,339.87,-87.57,-113.86
52.40757,-1.536783,160.37,0,2,343.89,19 / 20,1831228,2019-09-06 18:46:37:910,0.7547,-0.0653,9.8796,0.0043,0.0003,9.8066,0.005,0.0083,0.0114,-8.81,-28,0.88,338.53,-87.56,-115.03
52.40757,-1.536783,160.37,0,2,343.89,19 / 20,1831329,2019-09-06 18:46:38:011,0.7898,0.0208,9.8864,0.004,-0.0014,9.8066,-0.0112,-0.0037,-0.0051,-9.56,-28.5,1.06,337.48,-87.54,-115.59
52.40757,-1.536783,160.37,0,2,343.89,18 / 20,1831429,2019-09-06 18:46:38:111,0.5775,-0.0083,9.9309,0.005,-0.0001,9.8066,0.0136,-0.0287,0.0083,-9.31,-28.87,1.38,336.06,-87.5,-117.01
52.40757,-1.536783,160.37,0,2,343.89,18 / 20,1831529,2019-09-06 18:46:38:211,1.0374,0.0184,9.88,0.0043,-0.0019,9.8066,0.0028,-0.0227,0.0004,-9.69,-28.5,0.38,327.9,-87.46,-118.3
52.40757,-1.536783,160.37,0,2,343.89,18 / 20,1831629,2019-09-06 18:46:38:311,0.9619,0.0092,9.9668,0.0066,-0.0007,9.8066,-0.0197,-0.0053,-0.0136,-8.94,-28.31,1,333.43,-87.43,-119.33
52.40757,-1.536783,160.37,0,2,343.89,18 / 20,1831729,2019-09-06 18:46:38:411,0.842,-0.1212,9.7626,0.0016,0.0012,9.8066,0.0169,0.0092,0.0147,-8.56,-28.5,1.19,332.19,-87.43,-120.42
52.40757,-1.536783,160.37,0,2,343.89,18 / 20,1831828,2019-09-06 18:46:38:510,1.0928,-0.0573,9.7733,0.0015,-0.0002,9.8066,0.008,0.0082,0.0058,-9.12,-28.31,1,331.35,-87.41,-121.13
52.40757,-1.536783,160.37,0,2,343.89,18 / 20,1831929,2019-09-06 18:46:38:611,1.0235,0.1316,9.7867,0.0029,0.0011,9.8066,0.0085,-0.0282,-0.0091,-8.81,-28.25,0.25,323.34,-87.39,-121.78
52.40757,-1.536783,160.37,0,2,343.89,18 / 20,1832030,2019-09-06 18:46:38:712,0.7794,-0.1141,9.7952,0.0036,0.0016,9.8066,-0.0016,-0.0289,0.0025,-8.19,-28.12,1.31,329.35,-87.38,-123.1
52.40757,-1.536783,160.37,0,2,343.89,18 / 20,1832128,2019-09-06 18:46:38:810,1.2162,-0.0341,9.7134,0.0057,0,9.8066,-0.0202,-0.0221,0.0027,-8.94,-28.69,1.06,327.01,-87.33,-124.65
52.40757,-1.536783,160.37,0,2,343.89,18 / 20,1832228,2019-09-06 18:46:38:910,1.0725,-0.0334,9.7516,0.0059,0.0001,9.8066,-0.0189,0.0324,0.0074,-8.69,-28.56,0.94,326.13,-87.32,-125.4
52.40757,-1.536783,160.37,0,2,343.89,18 / 20,1832328,2019-09-06 18:46:39:010,0.9532,0.0236,9.9171,0.0038,0.0005,9.8066,0.0007,-0.0077,-0.0072,-8.44,-28.37,1,325.19,-87.29,-126.52
52.40757,-1.536783,160.37,0,2,343.89,20 / 21,1832428,2019-09-06 18:46:39:110,0.8281,-0.0898,9.8291,0.0027,-0.0001,9.8066,0.0112,-0.0069,0.0015,-8.69,-28.56,0.44,317.1,-87.28,-126.88
52.40757,-1.536783,160.37,0,2,343.89,20 / 21,1832530,2019-09-06 18:46:39:212,0.8864,0.0105,9.8912,-0.0025,0.0013,9.8066,-0.0194,-0.0164,0.0004,-8.37,-28.81,0.75,323.58,-87.25,-127.63
52.40757,-1.536783,160.37,0,2,343.89,20 / 21,1832629,2019-09-06 18:46:39:311,0.4921,0.0381,10.0089,0.0043,-0.0003,9.8066,-0.0096,-0.0042,0.0064,-8.5,-28.37,0.19,315.14,-87.25,-128.01
52.40757,-1.536783,160.37,0,2,343.89,20 / 21,1832729,2019-09-06 18:46:39:411,0.3127,0.0057,9.8776,-0.0049,0.0005,9.8066,0.022,-0.0085,0.013,-7.12,-28.31,0.81,322.76,-87.24,-128.71
52.40757,-1.536783,160.37,0,2,343.89,20 / 21,1832829,2019-09-06 18:46:39:511,0.6681,0.0395,9.8235,-0.0023,-0.0001,9.8066,0.0072,-0.0064,-0.0113,-7.75,-28.37,0.5,322.23,-87.22,-128.94
52.40757,-1.536783,160.37,0,2,343.89,20 / 21,1832928,2019-09-06 18:46:39:610,0.4294,0.1182,9.9708,0.0033,0.0004,9.8066,-0.0024,0.0207,-0.0045,-7.44,-28.44,0.31,311.88,-87.2,-129.72
52.40757,-1.536783,160.37,0,2,343.89,20 / 21,1833028,2019-09-06 18:46:39:710,0.3059,-0.1118,9.9043,0.0005,0.001,9.8066,0.0132,0.0123,0.0229,-7.5,-28.12,0.63,321.28,-87.21,-129.89
52.40757,-1.536783,160.37,0,2,343.89,20 / 21,1833128,2019-09-06 18:46:39:810,0.6797,0.0637,9.7796,0.0042,-0.0013,9.8066,-0.0148,0.0009,0.0058,-7.5,-28.56,0,311.11,-87.2,-130.09
52.40757,-1.536783,160.37,0,2,343.89,20 / 21,1833229,2019-09-06 18:46:39:911,0.8774,0.0767,9.7408,0.007,-0.0009,9.8066,-0.0252,-0.005,-0.0123,-6.87,-28.06,0.25,310.62,-87.14,-130.64
52.40757,-1.536783,160.37,0,2,343.89,20 / 21,1833329,2019-09-06 18:46:40:011,0.5834,0.1975,9.8938,0.001,0.001,9.8066,0.0149,-0.0325,0.0058,-6.81,-28.19,0,309.84,-87.13,-131.27
52.40757,-1.536783,160.37,0,2,343.89,20 / 21,1833430,2019-09-06 18:46:40:112,0.9684,0.1421,9.7157,0.0037,0.0026,9.8066,0.0055,-0.0094,0.0041,-6.56,-28.12,-0.06,308.78,-87.11,-132.12
52.40757,-1.536783,160.37,0,2,343.89,20 / 21,1833529,2019-09-06 18:46:40:211,1.2432,0.2202,9.6792,0.0027,0.0008,9.8066,0.0287,0.0068,0.0122,-6.12,-28.31,-0.19,305.99,-87.08,-132.88
52.40757,-1.536783,160.37,0,2,343.89,20 / 21,1833628,2019-09-06 18:46:40:310,0.9259,0.2398,9.7484,0.0065,0.0005,9.8066,-0.0046,-0.0076,-0.0092,-6,-27.69,0.06,305,-87.04,-133.57
52.40757,-1.536783,160.37,0,2,343.89,20 / 21,1833729,2019-09-06 18:46:40:411,0.9685,0.1189,9.9257,0.001,0.0005,9.8066,-0.0051,0.0084,0.0144,-6.06,-28.06,-0.06,304.04,-87.01,-134.29
52.40757,-1.536783,160.37,0,2,343.89,20 / 21,1833828,2019-09-06 18:46:40:510,0.9942,0.2965,9.7012,0.0062,0.0004,9.8066,-0.016,-0.004,0.0035,-5.69,-27.94,-0.19,303.15,-86.97,-134.9
52.40757,-1.536783,160.37,0,2,343.89,20 / 21,1833929,2019-09-06 18:46:40:611,0.9629,0.2307,9.9277,0.0034,0.0013,9.8066,0.0219,0.0003,0.0012,-5.87,-27.19,-0.69,292.39,-86.94,-135.44
52.40757,-1.536783,160.37,0,2,343.89,20 / 21,1834028,2019-09-06 18:46:40:710,0.5649,0.1886,9.9369,0.004,0.0004,9.8066,0.0078,-0.0125,0.0035,-5.12,-28.12,-0.19,298.89,-86.91,-135.75
52.40757,-1.536783,160.37,0,2,343.89,20 / 21,1834129,2019-09-06 18:46:40:811,1.1233,0.2377,9.871,0.0026,0.0008,9.8065,-0.0118,-0.0014,-0.0058,-5.75,-28.19,-0.37,300.71,-86.88,-136.62
52.40757,-1.536783,160.37,0,2,343.89,20 / 21,1834228,2019-09-06 18:46:40:910,1.1194,0.2708,9.7947,0.0046,0.0011,9.8066,-0.0083,0.0028,0.0035,-5.87,-28.62,-0.44,299.44,-86.86,-137.19
52.40757,-1.536783,160.37,0,2,343.89,20 / 21,1834329,2019-09-06 18:46:41:011,0.6309,0.1637,9.8436,0.0075,0.0048,9.8066,0.0076,0.0021,0.0109,-5.44,-28.44,-0.37,296.72,-86.87,-137.38
52.40757,-1.536783,160.37,0,2,343.89,20 / 21,1834429,2019-09-06 18:46:41:111,0.8567,0.2862,9.7279,0.0083,0.0023,9.8066,0.0024,-0.0039,-0.0078,-5.81,-28.94,-0.81,287.13,-86.8,-138.63
52.40757,-1.536783,160.37,0,2,343.89,20 / 21,1834531,2019-09-06 18:46:41:213,0.8343,0.46,9.9319,0.0035,0.0018,9.8066,0.0232,-0.03,0.0099,-5.37,-28.56,-1.06,281.17,-86.78,-139.2
52.40757,-1.536783,160.37,0,2,343.89,20 / 21,1834628,2019-09-06 18:46:41:310,0.4332,0.3918,9.9105,0.0077,0.0019,9.8066,-0.0226,-0.0052,-0.0169,-5.75,-29.44,-2.25,277,-86.73,-139.48
52.40757,-1.536783,160.37,0,2,343.89,20 / 21,1834729,2019-09-06 18:46:41:411,0.9656,0.3543,9.7432,0.002,0.0033,9.8066,0.002,-0.0216,0.0225,-5.94,-29.5,-2.19,276.75,-86.73,-139.7
52.40757,-1.536783,160.37,0,2,343.89,20 / 21,1834829,2019-09-06 18:46:41:511,0.5608,0.7612,9.8124,0.0087,0.0045,9.8065,-0.007,0.0004,-0.0068,-5.81,-29.12,-2.81,268.77,-86.66,-140.06
52.40757,-1.536783,160.37,0,2,343.89,20 / 21,1834929,2019-09-06 18:46:41:611,0.6456,0.6645,9.7681,0.0038,0.0017,9.8066,-0.0049,-0.0193,-0.0044,-5.44,-29.56,-2.75,261,-86.63,-140.62
52.40757,-1.536783,160.37,0,2,343.89,20 / 21,1835028,2019-09-06 18:46:41:710,0.6458,0.774,9.8358,0.0018,0.0034,9.8066,-0.0052,-0.015,-0.0066,-5.25,-29.56,-2.87,260.23,-86.57,-141.14
52.40757,-1.536783,160.37,0,2,343.89,20 / 21,1835129,2019-09-06 18:46:41:811,0.9024,0.9695,9.9345,0.0017,0.0034,9.8066,0.0036,-0.0087,0.0077,-5.25,-29.56,-2.87,259.16,-86.54,-142.09
52.40757,-1.536783,160.37,0,2,343.89,20 / 21,1835229,2019-09-06 18:46:41:911,0.8339,0.5573,9.7938,0.0066,0.0045,9.8066,0.0277,0.0264,-0.0218,-5.94,-29.37,-3.06,265.18,-86.47,-142.85
52.40757,-1.536783,160.37,0,2,343.89,20 / 21,1835328,2019-09-06 18:46:42:010,1.8458,1.2769,9.8658,-0.0024,0.0013,9.8065,0.0474,-0.0339,0.0248,-5.75,-28.69,-3.19,264.1,-86.45,-143.86
52.40757,-1.536783,160.37,0,2,343.89,20 / 21,1835429,2019-09-06 18:46:42:111,0.7394,0.7305,9.7677,-0.0035,-0.0071,9.8066,-0.0022,-0.0047,-0.0132,-5.87,-29,-2.75,263.58,-86.4,-144.17
52.40757,-1.536783,160.37,0,2,343.89,20 / 21,1835529,2019-09-06 18:46:42:211,0.8362,0.3634,9.8804,0.0051,0.0062,9.8066,0.0191,-0.0009,0.0239,-5.87,-29.5,-2.5,269.48,-86.33,-144.96
52.40757,-1.536783,160.37,0,2,343.89,20 / 21,1835628,2019-09-06 18:46:42:310,0.7715,0.4098,9.9475,0.006,0.0039,9.8065,0.0211,-0.0116,-0.0062,-6.06,-29.87,-2.12,267.34,-86.24,-146.06
52.40757,-1.536783,160.37,0,2,343.89,20 / 21,1835728,2019-09-06 18:46:42:410,1.5021,1.2142,9.7854,0.006,0.0036,9.8066,-0.006,-0.0306,0.0097,-6.69,-29.94,-2.37,271.11,-86.16,-146.88
52.40757,-1.536783,160.37,0,2,343.89,20 / 21,1835828,2019-09-06 18:46:42:510,2.1079,1.1444,9.9991,0.0053,-0.0017,9.8066,0.0147,-0.033,0.0194,-6.62,-30.5,-2.56,264.79,-86.12,-146.6
52.40757,-1.536783,160.37,0,2,343.89,20 / 21,1835929,2019-09-06 18:46:42:611,2.085,1.4462,9.9165,-0.0016,0.0001,9.8066,0.0218,-0.0032,-0.0052,-6.81,-30.37,-2.5,271.46,-86.07,-146.13
52.40757,-1.536783,160.37,0,2,343.89,20 / 21,1836029,2019-09-06 18:46:42:711,2.0212,1.6376,9.8534,-0.0045,0.0028,9.8066,0.0144,-0.012,0.0373,-6.69,-30.19,-2.94,264.28,-86.08,-146.95
52.40757,-1.536783,160.37,0,2,343.89,20 / 21,1836128,2019-09-06 18:46:42:810,1.6053,1.1983,9.6903,0.0066,0.0009,9.8066,-0.0306,0.0054,-0.0081,-6.56,-29.81,-2.69,264.77,-86.1,-146.55
52.40757,-1.536783,160.37,0,2,343.89,20 / 21,1836229,2019-09-06 18:46:42:911,0.479,0.5772,9.7147,-0.0016,-0.001,9.8066,-0.0181,-0.0277,0.0201,-7,-29.31,-2.81,265.88,-86.09,-145.89
52.40757,-1.536783,160.37,0,2,343.89,20 / 21,1836329,2019-09-06 18:46:43:011,1.4364,1.1384,10.0466,0.0074,-0.0029,9.8066,-0.0352,-0.0146,0.0086,-6.69,-29.87,-2.56,266.37,-86.06,-144.73
52.40757,-1.536783,160.37,0,2,343.89,19 / 21,1836431,2019-09-06 18:46:43:113,0.937,0.8975,9.7563,0.0065,0.001,9.8066,0.0414,-0.0219,0.0041,-7.06,-30.37,-3.19,266.5,-86.02,-144.42
52.40757,-1.536783,160.37,0,2,343.89,19 / 21,1836528,2019-09-06 18:46:43:210,1.036,0.8901,10.0017,-0.0089,-0.0065,9.8066,0.0318,-0.0041,-0.0105,-7.75,-30.25,-3.69,265.95,-86.05,-144.14
52.40757,-1.536783,160.37,0,2,343.89,19 / 21,1836629,2019-09-06 18:46:43:311,1.2462,0.9451,10.2191,-0.0102,-0.0069,9.8066,0.0468,0.009,-0.0012,-8.06,-29.94,-3.37,271.18,-86.04,-144.21
52.40757,-1.536783,160.37,0,2,343.89,19 / 21,1836729,2019-09-06 18:46:43:411,1.2341,0.8062,9.4459,0.0119,0.0074,9.8066,-0.0347,0.0016,0.0103,-7.75,-29.94,-3.44,271,-86.06,-144.44
52.40757,-1.536783,160.37,0,2,343.89,19 / 21,1836828,2019-09-06 18:46:43:510,1.0362,0.5505,9.8114,0.0109,0.0039,9.8066,-0.0354,-0.0219,-0.0142,-7.69,-29.69,-3.19,269.98,-85.93,-144.99
52.40757,-1.536783,160.37,0,2,343.89,19 / 21,1836928,2019-09-06 18:46:43:610,1.0615,0.6723,10.0655,-0.0038,-0.0026,9.8066,0.026,0.0329,0.0231,-8,-30.62,-2.5,275.56,-85.94,-144.97
52.40757,-1.536783,160.37,0,2,343.89,19 / 21,1837029,2019-09-06 18:46:43:711,0.9849,0.6018,10.0431,-0.0075,-0.0073,9.8066,0.0601,-0.0377,0.0131,-8,-31.12,-2.75,270.14,-85.96,-144.47
52.40757,-1.536783,160.37,0,2,343.89,19 / 21,1837129,2019-09-06 18:46:43:811,1.2561,0.6452,9.9289,0.0104,0.0053,9.8066,-0.0447,-0.0326,0.0024,-8.44,-31.12,-3.75,263.97,-85.82,-144.88
52.40757,-1.536783,160.37,0,2,343.89,19 / 21,1837228,2019-09-06 18:46:43:910,0.7468,0.7539,10.0934,0.0031,0.0038,9.8066,-0.0049,0.0161,0.0162,-8.19,-30.37,-3.62,264.45,-85.82,-144.89
52.40757,-1.536783,160.37,0,2,343.89,19 / 21,1837329,2019-09-06 18:46:44:011,0.4327,0.7398,9.8203,-0.0052,-0.0103,9.8066,0.0157,0.0071,-0.0342,-8.19,-30.56,-3.5,268.75,-85.81,-145.28
52.40757,-1.536783,160.37,0,2,343.89,20 / 21,1837429,2019-09-06 18:46:44:111,1.646,0.9827,9.8466,-0.0103,0.0013,9.8066,0.0679,0.0158,0.0129,-9.12,-31,-3,272.99,-85.87,-144.94
52.40757,-1.536783,160.37,0,2,343.89,20 / 21,1837528,2019-09-06 18:46:44:210,1.1995,1.1748,9.6991,0.0085,0.0142,9.8066,-0.021,0.0033,-0.0052,-10.19,-31.81,-2.81,273.46,-85.82,-146.92
52.40757,-1.536783,160.37,0,2,343.89,20 / 21,1837629,2019-09-06 18:46:44:311,1.4527,1.3537,10.144,0.0211,0.0091,9.8065,-0.0354,-0.0057,-0.0124,-9.31,-30.81,-2.75,270.13,-85.73,-147.3
52.40757,-1.536783,160.37,0,2,343.89,20 / 21,1837729,2019-09-06 18:46:44:411,1.1035,0.697,9.4626,-0.0166,-0.0083,9.8066,0.0267,0.0342,0.015,-9.44,-30.81,-2.31,276.74,-85.79,-146.47
52.40757,-1.536783,160.37,0,2,343.89,20 / 21,1837829,2019-09-06 18:46:44:511,2.0331,1.5833,9.6665,-0.0075,-0.0107,9.8066,0.0461,0.0355,0.0272,-9.25,-31.62,-1.75,276.32,-85.72,-146.17
52.40757,-1.536783,160.37,0,2,343.89,20 / 21,1837928,2019-09-06 18:46:44:610,1.2938,0.8779,9.7078,0.0024,-0.001,9.8066,-0.0086,0.0329,-0.017,-9.44,-31.87,-1.94,275.72,-85.68,-146.61
52.40757,-1.536783,160.37,0,2,343.89,20 / 21,1838028,2019-09-06 18:46:44:710,1.2439,1.3,10.1254,-0.0012,-0.0009,9.8066,0.0032,0.0439,0.0129,-8.94,-32.12,-2.62,270.3,-85.65,-146.4
52.40757,-1.536783,160.37,0,2,343.89,20 / 21,1838128,2019-09-06 18:46:44:810,1.6358,1.334,9.5656,-0.0057,-0.0044,9.8066,0.0494,0.0505,0.0005,-9.56,-32.62,-2.06,277.91,-85.66,-146.67
52.40757,-1.536783,160.37,0,2,343.89,20 / 21,1838229,2019-09-06 18:46:44:911,0.571,1.6144,9.8369,-0.0086,-0.0079,9.8066,0.0052,0.0346,-0.0325,-9.19,-32.56,-1.56,275.41,-85.67,-146.39
52.40757,-1.536783,160.37,0,2,343.89,20 / 21,1838329,2019-09-06 18:46:45:011,2.0513,1.1184,9.8339,-0.0057,-0.0018,9.8066,-0.0002,0.066,0.0903,-9.5,-33.5,-1.69,275.54,-85.59,-145.97
52.40767,-1.536827,160.49,5.07,2,342.28,20 / 21,1838429,2019-09-06 18:46:45:111,1.6738,1.567,9.8383,0.0088,-0.0156,9.8065,0.0324,0.0258,0.0561,-8.69,-32.25,-1.25,283.56,-85.52,-144.45
52.40767,-1.536827,160.49,5.07,2,342.28,20 / 21,1838529,2019-09-06 18:46:45:211,2.2009,1.1019,9.9248,0.0105,-0.0042,9.8066,0.0895,0.073,0.0289,-8.5,-32.56,-0.87,280.31,-85.39,-143.58
52.40767,-1.536827,160.49,5.07,2,342.28,20 / 21,1838629,2019-09-06 18:46:45:311,0.8168,0.2154,9.941,-0.0084,-0.0037,9.8066,0.061,0.0329,-0.0386,-9,-33.5,-0.94,283.55,-85.33,-143.23
52.40767,-1.536827,160.49,5.07,2,342.28,20 / 21,1838729,2019-09-06 18:46:45:411,2.2676,1.2201,9.4822,-0.0228,-0.0184,9.8066,-0.2068,0.0497,-0.0106,-8,-32.44,-1,282.92,-85.42,-141.87
52.40767,-1.536827,160.49,5.07,2,342.28,20 / 21,1838829,2019-09-06 18:46:45:511,0.5889,-0.5041,10.2734,0.0194,0.0025,9.8066,-0.0391,0.0125,0.1021,-9.19,-31.87,-0.94,285.99,-85.33,-141.53
52.40767,-1.536827,160.49,5.07,2,342.28,20 / 21,1838928,2019-09-06 18:46:45:610,1.2333,0.9233,10.0172,0.0129,-0.0161,9.8066,-0.057,0.0471,-0.0425,-8.81,-32.69,-1.06,287.47,-85.23,-139.27
52.40767,-1.536827,160.49,5.07,2,342.28,20 / 21,1839029,2019-09-06 18:46:45:711,1.6945,0.3948,9.5047,0.0125,-0.0004,9.8066,0.0406,0.0006,0.0724,-8.56,-32.19,-1.56,282.23,-85.04,-138.09
52.40767,-1.536827,160.49,5.07,2,342.28,20 / 21,1839128,2019-09-06 18:46:45:810,2.6267,0.7042,9.7586,0.0098,0.0092,9.8066,0.0342,-0.0585,0.0455,-8.12,-32.06,-0.87,285.02,-85.03,-138.34
52.40767,-1.536827,160.49,5.07,2,342.28,20 / 21,1839229,2019-09-06 18:46:45:911,1.1471,-0.007,10.0977,0.0161,0.0107,9.8066,-0.0331,-0.0285,-0.0072,-8.87,-32.44,-1.25,288.8,-84.98,-137.71
52.40767,-1.536827,160.49,5.07,2,342.28,20 / 21,1839329,2019-09-06 18:46:46:011,1.0365,0.8235,9.8195,0.0048,-0.0003,9.8066,0.0151,0.008,0.0591,-8.19,-31.56,-1.31,285.14,-84.97,-137.99
52.40767,-1.536827,160.49,5.07,2,342.28,20 / 21,1839428,2019-09-06 18:46:46:110,0.9417,-0.0212,9.7718,-0.0141,-0.0301,9.8065,0.0166,-0.0045,0.017,-8.44,-31.75,-0.87,289.22,-84.96,-134.28
52.40767,-1.536827,160.49,5.07,2,342.28,20 / 21,1839529,2019-09-06 18:46:46:211,1.5637,0.4766,9.7787,-0.0132,-0.0228,9.8066,0.057,-0.0144,0.0194,-8.56,-32,-1.5,294.63,-84.95,-132.45
52.40767,-1.536827,160.49,5.07,2,342.28,20 / 21,1839628,2019-09-06 18:46:46:310,3.2662,1.5448,9.8736,0.0643,0.0252,9.8064,-0.1467,-0.1122,0.1391,-8.37,-31.5,-1.37,290.49,-84.67,-132.67
52.40767,-1.536827,160.49,5.07,2,342.28,20 / 21,1839729,2019-09-06 18:46:46:411,-0.7742,-0.247,9.5205,0.0611,0.036,9.8063,-0.2482,0.0947,-0.1371,-8.56,-32.69,-2.19,288.8,-84.66,-130.15
52.40767,-1.536827,160.49,5.07,2,342.28,20 / 21,1839828,2019-09-06 18:46:46:510,0.2099,-0.6055,11.4978,0.0543,0.0287,9.8064,-0.3661,-0.1063,0.1338,-8.25,-32.06,-1.94,289.65,-84.97,-127.49
52.40767,-1.536827,160.49,5.07,2,342.28,20 / 21,1839929,2019-09-06 18:46:46:611,1.6008,0.4896,8.6752,0.0536,0.0178,9.8064,0.2433,-0.0916,0.0897,-8.94,-32.06,-0.94,297.95,-84.61,-128.51
52.40767,-1.536827,160.49,5.07,2,342.28,20 / 21,1840029,2019-09-06 18:46:46:711,0.8431,0.6465,9.7605,0.0126,-0.0222,9.8065,-0.0918,0.0132,-0.1227,-9.94,-32.5,-1.56,292.6,-84.13,-128.66
52.40767,-1.536827,160.49,5.07,2,342.28,20 / 21,1840128,2019-09-06 18:46:46:810,-0.3776,0.8626,9.8031,-0.0097,0.0144,9.8066,-0.1439,-0.0129,0.1221,-9.56,-32.25,-1.75,289.73,-84.09,-131.07
52.40767,-1.536827,160.49,5.07,2,342.28,20 / 21,1840228,2019-09-06 18:46:46:910,1.4692,0.3541,9.5217,-0.054,-0.0352,9.8064,-0.0386,-0.0502,-0.0566,-9.31,-32.75,-1.62,289.75,-84.18,-127.56
52.40767,-1.536827,160.49,5.07,2,342.28,20 / 21,1840328,2019-09-06 18:46:47:010,0.4676,-0.8954,9.4951,-0.038,-0.023,9.8064,-0.0554,-0.0454,0.0086,-9.62,-32.12,-2.37,296.72,-84.32,-125.69
52.40767,-1.536827,160.49,5.07,2,342.28,20 / 21,1840429,2019-09-06 18:46:47:111,0.3977,-0.5547,10.119,0.0422,0.0202,9.8065,-0.063,-0.1121,-0.0931,-9.87,-31.62,-1.69,298.47,-84.42,-124.48
52.40767,-1.536827,160.49,5.07,2,342.28,20 / 21,1840529,2019-09-06 18:46:47:211,-0.1029,-0.0452,10.2894,0.0183,0.0294,9.8066,-0.0021,-0.0651,-0.0051,-10.31,-31.5,-2.25,293.98,-84.29,-128.5
52.40767,-1.536827,160.49,5.07,2,342.28,20 / 21,1840628,2019-09-06 18:46:47:310,0.3089,0.2414,10.1511,0.0236,0.0159,9.8066,-0.0349,-0.1,-0.0044,-9.94,-31.56,-1.69,290.34,-84.23,-130.96
52.40767,-1.536827,160.49,5.07,2,342.28,20 / 21,1840729,2019-09-06 18:46:47:411,0.6875,-0.9618,10.6445,0.027,0.023,9.8065,-0.037,-0.0827,-0.0562,-9.56,-32,-1.56,289.04,-84.17,-131.93
52.40767,-1.536827,160.49,5.07,2,342.28,20 / 21,1840829,2019-09-06 18:46:47:511,1.709,0.2291,10.0169,0.002,0.0023,9.8066,0.0263,-0.1321,-0.0159,-9.81,-31.25,-1.87,288.88,-84.31,-133.08
52.40767,-1.536827,160.49,5.07,2,342.28,20 / 21,1840928,2019-09-06 18:46:47:610,0.5638,-0.3465,9.5402,-0.0158,0.0233,9.8066,0.0287,-0.1061,0.0161,-10.06,-32.06,-2.12,286.21,-84.41,-135.25
52.40767,-1.536827,160.49,5.07,2,342.28,20 / 21,1841029,2019-09-06 18:46:47:711,1.9573,0.2085,10.0217,0.0151,0.0145,9.8066,0.0341,-0.1406,-0.0402,-9.25,-31.31,-2.37,282.29,-84.38,-136.25
52.40767,-1.536827,160.49,5.07,2,342.28,20 / 21,1841129,2019-09-06 18:46:47:811,0.9814,0.5354,9.931,0.0135,0.0191,9.8065,0.0502,0.021,-0.0887,-9.44,-31.87,-1.5,285.53,-84.32,-138.27
52.40767,-1.536827,160.49,5.07,2,342.28,20 / 21,1841229,2019-09-06 18:46:47:911,0.2322,0.6464,9.887,0.0099,0.0019,9.8065,-0.1,-0.1041,-0.0543,-9.44,-31.69,-2,277.36,-84.5,-140.72
52.40767,-1.536827,160.49,5.07,2,342.28,20 / 21,1841329,2019-09-06 18:46:48:011,0.9857,-1.2747,10.1217,-0.0079,0.0077,9.8065,-0.0053,-0.162,-0.0174,-10.5,-31.37,-1.69,280.97,-84.52,-141.03
52.40767,-1.536827,160.49,5.07,2,342.28,20 / 21,1841428,2019-09-06 18:46:48:110,-0.1282,-0.2852,9.6157,0.0025,-0.0029,9.8066,-0.0756,-0.0894,0.0316,-10.06,-32.37,-2.37,280.54,-84.61,-141.19
52.40767,-1.536827,160.49,5.07,2,342.28,20 / 21,1841529,2019-09-06 18:46:48:211,0.2472,-0.6682,9.6964,0.0015,-0.0061,9.8066,-0.0508,-0.0739,-0.0788,-10.81,-31.94,-1.06,289.51,-84.54,-140.09
52.40767,-1.536827,160.49,5.07,2,342.28,20 / 21,1841628,2019-09-06 18:46:48:310,-0.297,-0.8048,9.7371,-0.015,0.0045,9.8065,0.0582,-0.0915,0.0065,-10.69,-32.5,-1.25,289.47,-84.83,-140.96
52.40767,-1.536827,160.49,5.07,2,342.28,20 / 21,1841729,2019-09-06 18:46:48:411,0.1114,0.2673,9.3712,-0.0233,-0.0115,9.8066,0.0759,-0.1137,0.0004,-10.44,-31.75,-1.06,288.22,-84.9,-140.35
52.40767,-1.536827,160.49,5.07,2,342.28,20 / 21,1841829,2019-09-06 18:46:48:511,0.2483,-1.0828,10.0661,0.0079,0.0215,9.8065,-0.1018,-0.1859,0.0213,-10.69,-31.75,-1,288.6,-84.86,-141.83
52.40767,-1.536827,160.49,5.07,2,342.28,20 / 21,1841929,2019-09-06 18:46:48:611,0.7852,-0.7734,9.3047,0.0121,0.0101,9.8066,-0.0234,-0.0693,0.0162,-10.81,-30.87,-0.81,289,-84.95,-142.18
52.40767,-1.536827,160.49,5.07,2,342.28,20 / 21,1842028,2019-09-06 18:46:48:710,0.5711,-1.1742,9.3938,-0.0339,-0.0019,9.8065,-0.0163,-0.1086,-0.042,-11.5,-30.44,-0.75,287.35,-84.85,-143.89
52.40767,-1.536827,160.49,5.07,2,342.28,20 / 21,1842128,2019-09-06 18:46:48:810,-0.673,0.7154,10.104,0.0045,0.0002,9.8066,-0.0207,0.0739,-0.1222,-11.62,-29.56,-1.25,288.9,-85.05,-144.5
52.40767,-1.536827,160.49,5.07,2,342.28,20 / 21,1842228,2019-09-06 18:46:48:910,0.9024,0.0596,8.6981,0.0268,-0.002,9.8065,-0.034,-0.129,0.0039,-12.06,-28.69,-0.75,286.76,-85.13,-147.08
52.40767,-1.536827,160.49,5.07,2,342.28,20 / 21,1842329,2019-09-06 18:46:49:011,0.4197,0.5185,9.2248,-0.0359,0.005,9.8065,-0.0082,-0.1591,0.0207,-12.06,-27.87,-2.25,283.3,-85.28,-146.53
52.40767,-1.536827,160.49,5.07,2,342.28,20 / 21,1842429,2019-09-06 18:46:49:111,-0.6,-1.6649,10.1659,-0.0141,0.014,9.8065,-0.0072,-0.0494,-0.0609,-12,-27.87,-2.87,278.9,-85.38,-146.63
52.40767,-1.536827,160.49,5.07,2,342.28,20 / 21,1842529,2019-09-06 18:46:49:211,-1.2108,-0.2979,10.5259,-0.0368,-0.014,9.8065,-0.0742,-0.1691,0.0551,-11.75,-27.69,-4.62,271.84,-85.76,-146.35
52.40767,-1.536827,160.49,5.07,2,342.28,20 / 21,1842628,2019-09-06 18:46:49:310,-0.8179,0.7933,9.788,0.0417,0.0282,9.8064,-0.0554,-0.1978,0.024,-11.37,-28.31,-5.44,272.02,-85.83,-143.8
52.40767,-1.536827,160.49,5.07,2,342.28,20 / 21,1842729,2019-09-06 18:46:49:411,-0.719,-2.9757,10.5205,0.0246,0.0199,9.8066,0.0281,0.0997,-0.0243,-11.5,-30.37,-6.94,262.66,-85.55,-144.65
52.40767,-1.536827,160.49,5.07,2,342.28,20 / 21,1842828,2019-09-06 18:46:49:510,-1.416,-1.1717,10.8218,0.0037,0.0134,9.8066,0.0502,0.0343,-0.0272,-11.75,-32.37,-5.56,265.71,-85.63,-147.25
52.40767,-1.536827,160.49,5.07,2,342.28,20 / 21,1842928,2019-09-06 18:46:49:610,-1.6756,0.6669,9.4218,0.0059,0.0147,9.8066,-0.0478,0.0509,-0.0829,-11,-33.87,-4.81,261.88,-85.46,-150.92
52.40767,-1.536827,160.49,5.07,2,342.28,20 / 21,1843028,2019-09-06 18:46:49:710,-0.8987,-1.7482,9.2498,-0.0063,-0.0115,9.8066,0.098,-0.1496,0.0484,-11.12,-33.12,-3.12,268.66,-85.37,-152.55
52.40767,-1.536827,160.49,5.07,2,342.28,20 / 21,1843129,2019-09-06 18:46:49:811,-0.2622,-0.0186,10.012,-0.0093,-0.0104,9.8066,-0.0331,-0.035,-0.0517,-11.37,-32.81,-1.44,279.44,-85.3,-151.31
52.40767,-1.536827,160.49,5.07,2,342.28,20 / 21,1843228,2019-09-06 18:46:49:910,-1.3028,-0.6936,10.7274,-0.0051,0.0128,9.8066,0.0044,-0.0095,-0.0166,-11.25,-31.5,-2.75,271.39,-85.46,-150.87
52.40767,-1.536827,160.49,5.07,2,342.28,20 / 21,1843329,2019-09-06 18:46:50:011,-0.7039,0.3905,9.4639,-0.0018,0.0117,9.8066,0.0412,-0.0073,-0.0009,-11.25,-30.06,-2.44,275.72,-85.74,-152.49
52.40767,-1.536827,160.49,5.07,2,342.28,20 / 21,1843428,2019-09-06 18:46:50:110,-2.9915,-2.301,8.0269,-0.0418,-0.0098,9.8066,-0.1259,0.0109,0.003,-11.37,-29.69,-2.87,271.74,-86.01,-152.44
52.40767,-1.536827,160.49,5.07,2,342.28,20 / 21,1843529,2019-09-06 18:46:50:211,-0.3498,-0.2038,10.9372,0.0046,-0.01,9.8066,0.2622,0.0236,-0.0715,-11.25,-28.81,-3.31,271.03,-85.95,-153.34
52.40767,-1.536827,160.49,5.07,2,342.28,20 / 21,1843628,2019-09-06 18:46:50:310,-1.7012,1.3579,10.1329,-0.0651,-0.0214,9.8063,0.2648,0.18,-0.0965,-12.31,-28.56,-4.12,271.27,-86.29,-151.73
52.40767,-1.536827,160.49,5.07,2,342.28,20 / 21,1843729,2019-09-06 18:46:50:411,-0.0879,-0.358,10.7979,-0.0713,-0.032,9.8063,0.2142,0.0174,0.0249,-11.69,-28.62,-5.06,264.97,-86.45,-154.49
52.40767,-1.536827,160.49,5.07,2,342.28,20 / 21,1843828,2019-09-06 18:46:50:510,-0.892,1.4297,10.8699,0.0542,0.0656,9.8062,0.0386,0.1527,-0.1219,-11.31,-29.25,-5.25,260.71,-86.63,-156.84
52.40767,-1.536827,160.49,5.07,2,342.28,20 / 21,1843928,2019-09-06 18:46:50:610,-2.0181,2.4844,9.8244,0.0013,0.0308,9.8066,0.1391,0.1818,-0.0745,-10.69,-30.19,-5.81,247.48,-86.41,-165.98
52.40767,-1.536827,160.49,5.07,2,342.28,20 / 21,1844029,2019-09-06 18:46:50:711,-2.0167,1.5359,9.8868,0.0163,0.0507,9.8065,-0.0897,0.2794,-0.1225,-8.87,-31.37,-5.19,238.02,-86.22,-173.28
52.40767,-1.536827,160.49,5.07,2,342.28,20 / 21,1844128,2019-09-06 18:46:50:810,-2.5865,1.0772,9.7053,0.0202,0.0463,9.8065,0.0298,0.2344,-0.0126,-8.25,-32.75,-4.94,229.99,-86.09,-177.52
52.40767,-1.536827,160.49,5.07,2,342.28,20 / 21,1844228,2019-09-06 18:46:50:910,-2.3028,0.3285,9.2883,-0.0135,0.0057,9.8066,-0.0141,0.2383,-0.0359,-7.37,-33.5,-3.06,232.98,-85.99,-179.88
52.40767,-1.536827,160.49,5.07,2,342.28,20 / 21,1844328,2019-09-06 18:46:51:010,-2.586,1.8002,9.4863,-0.0004,0.0059,9.8066,-0.0687,0.3136,-0.0453,-7.69,-32.44,-2.5,240.55,-85.91,178.51
52.40767,-1.536827,160.49,5.07,2,342.28,20 / 21,1844428,2019-09-06 18:46:51:110,-1.8597,1.4441,9.8492,-0.0298,0.0075,9.8065,0.0502,0.2853,-0.0481,-6.81,-32.75,-2.31,236.85,-85.96,178.27
52.40767,-1.536827,160.49,5.07,2,342.28,20 / 21,1844528,2019-09-06 18:46:51:210,-2.1041,1.5574,10.3081,-0.0165,-0.0053,9.8066,0.0224,0.3919,-0.0512,-6.12,-32.12,-2.44,231.18,-86.14,174.98
52.40767,-1.536827,160.49,5.07,2,342.28,20 / 21,1844629,2019-09-06 18:46:51:311,-2.6359,0.5487,10.7778,0.0223,-0.0211,9.8065,0.159,0.3712,0.0109,-6.19,-32.06,-2.62,227.72,-86.27,177.51
52.40767,-1.536827,160.49,5.07,2,342.28,20 / 21,1844729,2019-09-06 18:46:51:411,-1.2731,1.242,9.7415,0.006,-0.0005,9.8066,-0.0026,0.2758,0.072,-5.44,-31.87,-1.69,229.88,-86.15,179.4
52.40767,-1.536827,160.49,5.07,2,342.28,20 / 21,1844829,2019-09-06 18:46:51:511,-2.2701,1.0102,10.0865,-0.0153,0.0043,9.8066,0.0505,0.3998,-0.0732,-4.69,-32.44,-1.06,238.75,-85.89,-177.32
52.40767,-1.536827,160.49,5.07,2,342.28,20 / 21,1844929,2019-09-06 18:46:51:611,-1.4358,1.0793,9.6442,-0.0013,0.0221,9.8065,-0.0224,0.4139,-0.0412,-4.44,-31.75,-0.69,229.24,-85.64,179.78
52.40767,-1.536827,160.49,5.07,2,342.28,20 / 21,1845028,2019-09-06 18:46:51:710,-2.9408,3.6541,9.1153,-0.0087,0.0189,9.8066,0.018,0.5249,-0.1483,-3,-30.56,0.25,226.96,-85.42,174.06
52.40767,-1.536827,160.49,5.07,2,342.28,20 / 21,1845129,2019-09-06 18:46:51:811,-3.3839,2.7442,10.7925,0.004,0.0246,9.8066,-0.0664,0.3082,0.0205,-2.44,-30.87,0.5,229.48,-85.34,171.9
52.40767,-1.536827,160.49,5.07,2,342.28,20 / 21,1845229,2019-09-06 18:46:51:911,-0.0357,1.4643,11.2427,0.0144,0.0028,9.8066,0.1948,0.444,0.146,-2.5,-30.44,0.69,231.58,-85.35,173.61
52.40767,-1.536827,160.49,5.07,2,342.28,20 / 21,1845329,2019-09-06 18:46:52:011,-0.5129,2.308,10.0059,-0.0184,-0.0382,9.8065,-0.1216,0.5414,-0.0553,-1.5,-29.56,0.31,202.24,-85.44,176.8
52.40767,-1.536827,160.49,5.07,2,342.28,20 / 21,1845429,2019-09-06 18:46:52:111,-1.6363,1.2428,10.5309,0.0493,0.0322,9.8064,0.1997,0.5405,-0.0253,-0.87,-30.12,1.94,239.03,-85.04,178.87
52.40767,-1.536827,160.49,5.07,2,342.28,20 / 21,1845529,2019-09-06 18:46:52:211,-0.5,1.0704,9.634,0.0385,0.0397,9.8064,0.011,0.4268,-0.1198,-0.75,-30.94,1.94,226.07,-84.48,178
52.40767,-1.536827,160.49,5.07,2,342.28,20 / 21,1845628,2019-09-06 18:46:52:310,-3.2799,1.8498,9.5959,-0.0001,0.0068,9.8066,-0.0236,0.4711,-0.0957,0.69,-31.12,2.19,143.76,-84.11,174.78
52.40767,-1.536827,160.49,5.07,2,342.28,20 / 21,1845729,2019-09-06 18:46:52:411,-0.7088,-4.5129,10.4926,0.0066,0.0215,9.8066,0.0286,0.3693,0.1018,1.31,-31.12,3.63,42.83,-84.07,176.69
52.40767,-1.536827,160.49,5.07,2,342.28,20 / 21,1845828,2019-09-06 18:46:52:510,-0.6596,-2.575,9.9256,0.0194,0.0192,9.8066,-0.0836,0.4912,-0.0453,1.38,-32.06,3.5,54.63,-84.19,-179.52
52.40767,-1.536827,160.49,5.07,2,342.28,20 / 21,1845929,2019-09-06 18:46:52:611,1.6135,-1.8519,10.107,0.0228,0.0274,9.8065,0.2252,0.6113,-0.0379,1.94,-31.25,5.06,50.2,-84.24,-178.16
52.40767,-1.536827,160.49,5.07,2,342.28,20 / 21,1846029,2019-09-06 18:46:52:711,1.1564,-2.2693,9.1812,-0.0114,-0.011,9.8066,0.1816,0.4494,-0.0582,2.88,-31.31,5.81,51.11,-84.16,-177.12
52.40767,-1.536827,160.49,5.07,2,342.28,20 / 21,1846129,2019-09-06 18:46:52:811,0.85,-2.7451,10.5187,-0.0276,0.0603,9.8064,0.1588,0.5154,0.0594,2.31,-31.62,6.69,38.83,-84.04,-173.94
52.40767,-1.536827,160.49,5.07,2,342.28,20 / 21,1846229,2019-09-06 18:46:52:911,0.5069,-3.4559,10.3131,-0.0137,-0.0361,9.8065,0.0328,0.4228,0.0132,3.19,-31.44,7,51.62,-83.99,-171.32
52.40767,-1.536827,160.49,5.07,2,342.28,20 / 21,1846328,2019-09-06 18:46:53:010,0.7455,-2.1526,9.4532,-0.052,-0.0231,9.8064,-0.161,0.4494,-0.0032,4.13,-31.37,8.5,48.58,-83.65,-170.75
52.40767,-1.536827,160.49,5.07,2,342.28,20 / 21,1846428,2019-09-06 18:46:53:110,1.8847,-2.7472,10.8016,0.0247,0.0384,9.8065,0.2034,0.0798,0.1087,3.94,-32,9.69,47.55,-83.75,-168.28
52.40767,-1.536827,160.49,5.07,2,342.28,20 / 21,1846529,2019-09-06 18:46:53:211,2.9621,-2.5501,9.8801,0.0293,0.0452,9.8065,0.0641,0.4052,-0.1263,4.19,-31.75,10.75,44.25,-83.8,-167.82
52.40767,-1.536827,160.49,5.07,2,342.28,20 / 21,1846628,2019-09-06 18:46:53:310,0.1035,-1.062,9.5403,-0.0414,-0.01,9.8065,0.0926,0.1532,0.2009,3.44,-32.06,10.94,44.97,-83.63,-163.22
52.40767,-1.536827,160.49,5.07,2,342.28,20 / 21,1846729,2019-09-06 18:46:53:411,-0.503,-1.8778,10.2735,-0.0374,-0.0249,9.8065,-0.0389,0.1943,-0.0576,3.38,-31.87,11.19,49.96,-83.34,-159.98
52.40767,-1.536827,160.49,5.07,2,342.28,20 / 21,1846828,2019-09-06 18:46:53:510,-0.8923,-1.0845,9.0456,-0.0017,0.0161,9.8066,-0.0239,0.1387,0.0291,3.56,-31.81,11.88,53.06,-83.26,-159.35
52.40767,-1.536827,160.49,5.07,2,342.28,20 / 21,1846928,2019-09-06 18:46:53:610,-0.2516,-1.6868,9.8809,0.0064,-0.0058,9.8065,0.0942,0.1542,-0.0356,3.13,-31.12,12.63,43.99,-83.22,-160.22
52.40767,-1.536827,160.49,5.07,2,342.28,20 / 21,1847029,2019-09-06 18:46:53:711,0.3317,-1.5023,10.0137,0.0056,-0.0114,9.8066,0.0555,0.1884,-0.0499,3.38,-31.87,12.63,43.07,-83.25,-161.26
52.40767,-1.536827,160.49,5.07,2,342.28,20 / 21,1847129,2019-09-06 18:46:53:811,0.6041,-2.7862,9.7164,-0.0105,-0.0069,9.8066,-0.0843,0.0949,0.0535,3.19,-31.75,13.38,42.71,-83.21,-161.6
52.40767,-1.536827,160.49,5.07,2,342.28,20 / 21,1847229,2019-09-06 18:46:53:911,-0.0617,-0.2676,10.129,-0.017,0.0141,9.8066,-0.1039,0.1167,0.0092,3,-31.87,14,43.39,-83.18,-159.44
52.40767,-1.536827,160.49,5.07,2,342.28,20 / 21,1847329,2019-09-06 18:46:54:011,-1.8517,-2.0344,10.2969,0.0141,0.0468,9.8065,0.3168,0.0874,0.0699,3,-31.69,13.44,46.63,-83.24,-158.45
52.408165,-1.537133,160.16,6.97,2,280.82,20 / 21,1847428,2019-09-06 18:46:54:110,-1.1054,-2.5026,10.6845,-0.0139,-0.0504,9.8065,0.1724,0.0804,-0.0264,3.38,-31.06,13.19,46.87,-83.05,-158.21
52.408165,-1.537133,160.16,6.97,2,280.82,20 / 21,1847529,2019-09-06 18:46:54:211,-0.0857,-0.294,10.5608,0.0057,-0.0022,9.8066,-0.079,-0.0154,-0.0299,2.94,-31.31,13.31,45.58,-82.81,-159.67
52.408165,-1.537133,160.16,6.97,2,280.82,20 / 21,1847628,2019-09-06 18:46:54:310,1.528,-0.3916,9.2364,0.0105,0.0106,9.8066,0.0222,-0.0744,0.1145,3.38,-31.06,12.81,45.32,-83,-159.55
52.408165,-1.537133,160.16,6.97,2,280.82,20 / 21,1847729,2019-09-06 18:46:54:411,0.0454,-0.4459,9.256,-0.004,-0.0141,9.8065,0.1011,0.0544,-0.0317,3.31,-31.19,13.56,43.84,-82.78,-159.38
52.408165,-1.537133,160.16,6.97,2,280.82,20 / 21,1847828,2019-09-06 18:46:54:510,0.3371,-1.5528,9.7499,0.0033,0.028,9.8065,0.0386,-0.0792,0.066,3.44,-30.44,13.56,42.03,-82.91,-160.29
52.408165,-1.537133,160.16,6.97,2,280.82,20 / 21,1847928,2019-09-06 18:46:54:610,-0.7122,0.0244,10.1779,0.0095,0.0365,9.8065,0.0244,0.0439,-0.0373,3.81,-30.69,13.19,51.72,-83.04,-158.17
52.408165,-1.537133,160.16,6.97,2,280.82,20 / 21,1848028,2019-09-06 18:46:54:710,-0.327,-0.5653,10.2593,-0.0077,-0.0142,9.8066,-0.007,0.0928,-0.0188,3.56,-30.62,13.31,50.65,-83.05,-159.03
52.408165,-1.537133,160.16,6.97,2,280.82,20 / 21,1848129,2019-09-06 18:46:54:811,-1.0461,-0.7483,9.8781,-0.0027,-0.0109,9.8065,0.1446,-0.0153,-0.005,3.25,-30.44,13.75,42.69,-82.99,-159.64
52.408165,-1.537133,160.16,6.97,2,280.82,20 / 21,1848228,2019-09-06 18:46:54:910,-1.756,-1.2787,9.5308,0.0037,-0.0217,9.8066,-0.1822,0.077,-0.0667,3.81,-31.75,13.75,47.16,-82.83,-160.67
52.408165,-1.537133,160.16,6.97,2,280.82,20 / 21,1848328,2019-09-06 18:46:55:010,-1.1811,-1.4357,10.0177,-0.0105,-0.02,9.8066,-0.1192,-0.0527,0.1119,4.44,-30.62,13.38,47.2,-82.81,-162.26
52.408165,-1.537133,160.16,6.97,2,280.82,20 / 21,1848429,2019-09-06 18:46:55:111,-1.7641,-0.4027,9.7798,0.0087,0.007,9.8066,-0.0849,0.0241,-0.1305,4.06,-31.31,13.69,45.75,-83.03,-161.11
52.408165,-1.537133,160.16,6.97,2,280.82,20 / 21,1848528,2019-09-06 18:46:55:210,-0.5538,0.3243,9.8277,0.013,-0.0053,9.8066,-0.0864,-0.0841,0.0104,4.25,-30.75,13.69,43.89,-83.24,-162.3
52.408165,-1.537133,160.16,6.97,2,280.82,20 / 21,1848629,2019-09-06 18:46:55:311,-0.1444,-0.4838,10.6676,0.0211,-0.0221,9.8065,0.1529,0.0742,-0.1053,3.69,-31.75,13.94,41.69,-83.28,-164.34
52.408165,-1.537133,160.16,6.97,2,280.82,20 / 21,1848729,2019-09-06 18:46:55:411,-1.5576,-2.5088,9.9166,0.0156,-0.0101,9.8066,0.2366,-0.0354,0.0123,4,-31.06,14.5,35.46,-83.27,-167.48
52.408165,-1.537133,160.16,6.97,2,280.82,20 / 21,1848828,2019-09-06 18:46:55:510,-0.4748,-0.6945,9.5927,-0.0153,-0.0273,9.8065,-0.2009,-0.1227,0.0309,3.56,-32.44,13.69,37.86,-83.12,-167.61
52.408165,-1.537133,160.16,6.97,2,280.82,20 / 21,1848928,2019-09-06 18:46:55:610,0.9125,-0.615,9.4579,-0.01,-0.0242,9.8066,-0.1241,0.2322,-0.0664,4.31,-32,13.25,40.42,-83.01,-167.62
52.408165,-1.537133,160.16,6.97,2,280.82,20 / 21,1849030,2019-09-06 18:46:55:712,1.0498,1.1996,9.9426,0.0069,0.0346,9.8065,0.0518,0.0433,0.039,3.94,-32.06,13.31,39.87,-83.5,-167.27
52.408165,-1.537133,160.16,6.97,2,280.82,20 / 21,1849128,2019-09-06 18:46:55:810,-0.337,-0.1902,9.0741,0.003,0.0124,9.8066,-0.0071,-0.0827,0.0401,3.88,-31.87,13.13,40.54,-83.38,-166.93
52.408165,-1.537133,160.16,6.97,2,280.82,20 / 21,1849228,2019-09-06 18:46:55:910,-0.8858,-1.2752,9.8748,-0.0011,0.002,9.8066,0.1077,-0.0479,0.0204,3.69,-32.44,13.06,42.47,-83.12,-165.85
52.408165,-1.537133,160.16,6.97,2,280.82,20 / 21,1849329,2019-09-06 18:46:56:011,-0.7943,-3.4163,8.6596,0.0093,0.0112,9.8066,-0.2541,-0.0414,0.0405,4,-32.62,12.44,45.22,-83.08,-166.36
52.408165,-1.537133,160.16,6.97,2,280.82,20 / 21,1849428,2019-09-06 18:46:56:110,-4.1905,0.4291,11.0102,-0.099,-0.1225,9.8053,-0.3819,0.2737,-0.1616,4.06,-33.56,12.75,45.39,-82.52,-165.42
52.408165,-1.537133,160.16,6.97,2,280.82,20 / 21,1849529,2019-09-06 18:46:56:211,-0.1428,-4.2088,10.0719,-0.0732,-0.1605,9.805,0.0785,0.0669,-0.0965,4.25,-33.31,13.56,39.4,-82.83,-167.15
52.408165,-1.537133,160.16,6.97,2,280.82,20 / 21,1849628,2019-09-06 18:46:56:310,-0.1551,-0.6525,8.8035,0.0044,-0.0161,9.8066,-0.2499,-0.0595,0.0874,4.06,-33.19,14,37.41,-83.09,-168.3
52.408165,-1.537133,160.16,6.97,2,280.82,20 / 21,1849728,2019-09-06 18:46:56:410,-3.2627,2.1798,10.2198,-0.0205,-0.0724,9.8063,-0.59,-0.3147,0.1215,3.94,-32.37,14.44,36.04,-82.57,-169.79
52.408165,-1.537133,160.16,6.97,2,280.82,20 / 21,1849828,2019-09-06 18:46:56:510,1.7594,-0.4033,9.5361,0.0833,0.111,9.8056,0.2882,-0.1766,0.0871,4.06,-32,14,36.53,-83.24,-168.49
52.408165,-1.537133,160.16,6.97,2,280.82,20 / 21,1849929,2019-09-06 18:46:56:611,-0.2442,-2.1627,9.2371,0.0479,0.0928,9.8061,0.0307,0.0007,0.0068,3.94,-32.56,13.69,37.46,-83.23,-168.05
52.408165,-1.537133,160.16,6.97,2,280.82,20 / 21,1850029,2019-09-06 18:46:56:711,-4.0839,1.432,11.6547,-0.0842,-0.0189,9.8062,0.0887,0.155,-0.1213,3.5,-32.25,13.19,44.83,-83.02,-164.17
52.408165,-1.537133,160.16,6.97,2,280.82,20 / 21,1850128,2019-09-06 18:46:56:810,-2.3973,-1.0681,10.7503,0.0181,0.0191,9.8066,0.3901,-0.0525,0.0443,3.5,-32.87,13.38,44.34,-83.45,-164.15
52.408165,-1.537133,160.16,6.97,2,280.82,20 / 21,1850229,2019-09-06 18:46:56:911,-0.9398,-1.1711,10.596,-0.0349,-0.0596,9.8064,-0.0023,-0.1809,0.0762,3.56,-31.69,13.13,42.57,-83.45,-165.22
52.408165,-1.537133,160.16,6.97,2,280.82,20 / 21,1850329,2019-09-06 18:46:57:011,-2.1288,2.128,10.1299,0.0191,-0.0323,9.8065,0.1918,0.0386,-0.1282,3.25,-31.81,13.06,37.31,-82.88,-166.31
52.408165,-1.537133,160.16,6.97,2,280.82,20 / 21,1850430,2019-09-06 18:46:57:112,0.4165,-1.0071,9.2721,0.0378,0.0683,9.8063,0.2646,-0.2565,0.1562,3.06,-32.5,13.31,34.37,-83.27,-167.96
52.408165,-1.537133,160.16,6.97,2,280.82,20 / 21,1850529,2019-09-06 18:46:57:211,-0.881,-0.0935,10.0077,0.027,0.1067,9.806,-0.0008,-0.0628,0.0286,3.25,-32.37,12.81,35.92,-83.43,-166.54
52.408165,-1.537133,160.16,6.97,2,280.82,20 / 21,1850629,2019-09-06 18:46:57:311,1.0806,-1.0933,9.0491,-0.0026,-0.0105,9.8066,-0.0582,-0.0548,0.0213,3.44,-31.75,13.19,33.06,-83.33,-168.87
52.408165,-1.537133,160.16,6.97,2,280.82,20 / 21,1850729,2019-09-06 18:46:57:411,-0.1233,0.4659,10.056,0.0287,-0.0244,9.8065,0.0918,-0.0555,0.0283,3.75,-31.19,12.88,36.19,-83.31,-170.14
52.408165,-1.537133,160.16,6.97,2,280.82,20 / 21,1850829,2019-09-06 18:46:57:511,-0.1174,-1.0218,11.1147,0.0109,0.0072,9.8065,0.0166,-0.0433,-0.1125,4.06,-32.06,12.13,37.89,-83.2,-171.36
52.408165,-1.537133,160.16,6.97,2,280.82,20 / 21,1850929,2019-09-06 18:46:57:611,-1.3253,-1.3512,10.0376,0.038,0.0189,9.8065,0.232,-0.0281,-0.0223,3.38,-31.81,12.69,26.51,-83.34,-173.78
52.408165,-1.537133,160.16,6.97,2,280.82,20 / 21,1851029,2019-09-06 18:46:57:711,-1.6711,-0.1446,9.8089,-0.0046,-0.0569,9.8064,-0.1651,0.029,-0.0445,4.25,-31.62,11.94,30.09,-82.94,-177.51
52.408165,-1.537133,160.16,6.97,2,280.82,20 / 21,1851128,2019-09-06 18:46:57:810,-0.7807,0.3602,9.1375,-0.0047,-0.0504,9.8065,-0.1065,-0.0837,-0.0249,3.44,-31.37,12.06,21.04,-83.02,-179.43
52.408165,-1.537133,160.16,6.97,2,280.82,20 / 21,1851229,2019-09-06 18:46:57:911,-0.5498,0.4479,9.6565,0.0306,0.0203,9.8065,0.0938,-0.1556,0.0335,3.31,-31.5,11.88,18.12,-83.39,178.82
52.408165,-1.537133,160.16,6.97,2,280.82,20 / 21,1851329,2019-09-06 18:46:58:011,-0.7821,0.4968,9.9124,0.0245,0.0313,9.8065,0.1244,-0.0145,-0.0559,4.56,-31.44,11.63,28.05,-83.55,178.03
52.408165,-1.537133,160.16,6.97,2,280.82,20 / 21,1851428,2019-09-06 18:46:58:110,-0.9848,-1.9537,9.2685,0.0019,-0.0205,9.8066,0.0717,0.0377,-0.1256,4.25,-30.94,11.31,22.74,-83.57,176.04
52.408165,-1.537133,160.16,6.97,2,280.82,20 / 21,1851529,2019-09-06 18:46:58:211,-1.6462,0.8769,9.2031,0.0172,-0.0309,9.8065,0.0277,-0.1649,0.0703,4.06,-30.56,11.19,17.95,-83.41,172.48
52.408165,-1.537133,160.16,6.97,2,280.82,20 / 21,1851628,2019-09-06 18:46:58:310,-0.3065,1.3663,9.8011,0.0517,0.036,9.8064,0.0292,0.0239,-0.029,4.69,-31.37,11.13,20.7,-83.57,170.3
52.408165,-1.537133,160.16,6.97,2,280.82,20 / 21,1851729,2019-09-06 18:46:58:411,-1.9983,-0.8658,9.3086,0.0125,0.0259,9.8065,-0.0486,0.0219,-0.1231,4.38,-31,10.5,12.56,-83.6,168.82
52.408165,-1.537133,160.16,6.97,2,280.82,20 / 21,1851828,2019-09-06 18:46:58:510,-0.5687,-0.4468,9.8493,0.018,0.0001,9.8065,0.0931,-0.1176,0.0317,4.31,-31.31,10.63,11.06,-83.55,167.73
52.408165,-1.537133,160.16,6.97,2,280.82,20 / 21,1851929,2019-09-06 18:46:58:611,0.247,-0.9272,9.2884,0.0009,0.005,9.8066,0.0125,0.029,-0.0368,4.56,-30.81,10.38,20.94,-83.48,167.78
52.408165,-1.537133,160.16,6.97,2,280.82,20 / 21,1852028,2019-09-06 18:46:58:710,-0.8312,0.6528,10.1263,-0.0091,0.0022,9.8066,-0.0237,-0.0545,0.0462,4.75,-31.81,10.31,20.65,-83.58,167.48
52.408165,-1.537133,160.16,6.97,2,280.82,20 / 21,1852129,2019-09-06 18:46:58:811,0.2165,0.3136,9.3442,0.0019,0.0078,9.8066,-0.0154,-0.0044,-0.0419,4.75,-31.5,10.25,21.39,-83.63,168.25
52.408165,-1.537133,160.16,6.97,2,280.82,20 / 21,1852229,2019-09-06 18:46:58:911,0.0892,0.7251,9.8597,0.0113,0.0055,9.8066,-0.0371,-0.0569,0.0038,3.94,-31.44,9.44,16.43,-83.71,166.78
52.408165,-1.537133,160.16,6.97,2,280.82,20 / 21,1852329,2019-09-06 18:46:59:011,-0.6832,1.1644,10.7251,0.0091,0.0244,9.8066,0.2263,-0.0757,0.0688,4.56,-31.37,9,22.67,-83.85,166.35
52.408165,-1.537133,160.16,6.97,2,280.82,19 / 20,1852428,2019-09-06 18:46:59:110,0.58,-0.9921,10.2109,-0.006,-0.0306,9.8065,-0.1398,-0.1181,0.0508,4.25,-31.75,9.81,12.96,-83.59,166.81
52.408165,-1.537133,160.16,6.97,2,280.82,19 / 20,1852529,2019-09-06 18:46:59:211,-2.1753,-1.4395,10.6954,-0.0234,0.0045,9.8065,-0.0889,-0.1601,0.0614,3.5,-32.62,10.5,11.3,-83.5,167.66
52.408165,-1.537133,160.16,6.97,2,280.82,19 / 20,1852629,2019-09-06 18:46:59:311,1.0892,0.4927,10.1002,0.0092,0.0255,9.8066,-0.0379,0.0786,-0.0519,3.75,-31.75,10.44,13.92,-83.65,167.5
52.408165,-1.537133,160.16,6.97,2,280.82,19 / 20,1852728,2019-09-06 18:46:59:410,0.2925,0.9721,9.9886,-0.0172,-0.0092,9.8066,0.1119,-0.037,0.023,4.25,-31.44,10.5,9.47,-83.77,166.72
52.408165,-1.537133,160.16,6.97,2,280.82,19 / 20,1852828,2019-09-06 18:46:59:510,0.0392,-0.3087,10.503,-0.0216,-0.0024,9.8066,-0.0563,0.056,0.0864,3.88,-30.75,9.31,19.75,-83.74,169.02
52.408165,-1.537133,160.16,6.97,2,280.82,19 / 20,1852928,2019-09-06 18:46:59:610,1.0046,-0.6256,8.5718,-0.0392,-0.0672,9.8063,0.014,0.0502,-0.0549,3.69,-30.25,9.75,19.67,-83.36,171.52
52.408165,-1.537133,160.16,6.97,2,280.82,19 / 20,1853028,2019-09-06 18:46:59:710,0.0217,1.5123,10.7204,-0.0517,-0.1113,9.8058,-0.0394,0.0984,0.0405,2.88,-29.87,9.63,13.12,-83.09,171.83
52.408165,-1.537133,160.16,6.97,2,280.82,19 / 20,1853128,2019-09-06 18:46:59:810,-2.1728,-1.5047,12.056,-0.0184,-0.0281,9.8066,-0.014,0.0376,0.0486,0.81,-28.5,11.13,359.08,-83.03,174.17
52.408165,-1.537133,160.16,6.97,2,280.82,19 / 20,1853229,2019-09-06 18:46:59:911,-1.1113,0.9806,9.7663,-0.0244,-0.0556,9.8064,-0.0817,-0.0275,0.1052,1.63,-27.69,12.56,4.38,-82.92,174.45
52.408165,-1.537133,160.16,6.97,2,280.82,19 / 20,1853328,2019-09-06 18:47:00:010,1.3316,-0.5123,9.5807,0.0029,0.0086,9.8066,-0.1958,0.1452,-0.0718,2.81,-28.19,13.13,11.27,-82.97,175.31
52.408165,-1.537133,160.16,6.97,2,280.82,20 / 21,1853428,2019-09-06 18:47:00:110,0.6374,2.2702,9.761,-0.0227,0.0028,9.8066,0.1546,-0.0058,0.0885,5.06,-28.75,12.5,24.78,-82.91,177.39
52.408165,-1.537133,160.16,6.97,2,280.82,20 / 21,1853528,2019-09-06 18:47:00:210,-0.31,0.049,9.8526,-0.0143,-0.011,9.8066,0.0675,0.1334,-0.0871,4.75,-29.5,11.19,33.45,-82.71,179.1
52.408165,-1.537133,160.16,6.97,2,280.82,20 / 21,1853629,2019-09-06 18:47:00:311,0.5717,-0.0751,9.3568,-0.0168,-0.0132,9.8066,0.0137,0.0798,0.0453,3.94,-30,10.69,29.58,-82.75,-179.81
52.408165,-1.537133,160.16,6.97,2,280.82,20 / 21,1853729,2019-09-06 18:47:00:411,0.266,0.3994,9.08,-0.0061,-0.0163,9.8065,-0.1646,0.0021,0.0424,3.06,-29.94,11.69,21.38,-82.67,-179.3
52.408165,-1.537133,160.16,6.97,2,280.82,20 / 21,1853828,2019-09-06 18:47:00:510,0.4121,0.0109,10.1575,-0.0026,-0.0352,9.8066,-0.0846,-0.0509,-0.0814,4.13,-29.81,12.5,23.31,-82.77,179.72
52.408165,-1.537133,160.16,6.97,2,280.82,20 / 21,1853928,2019-09-06 18:47:00:610,0.7802,0.0612,9.6402,0.0056,0.021,9.8065,-0.0686,0.0297,-0.0729,5.06,-29.94,12.75,26.66,-82.89,178.56
52.408165,-1.537133,160.16,6.97,2,280.82,20 / 21,1854029,2019-09-06 18:47:00:711,-0.5123,-1.482,9.8391,-0.0002,0.0109,9.8066,-0.0106,-0.074,0.0719,4.94,-30.06,12.63,27.77,-82.95,179.47
52.408165,-1.537133,160.16,6.97,2,280.82,20 / 21,1854129,2019-09-06 18:47:00:811,-0.5148,-0.0582,9.5949,-0.0036,0.0154,9.8066,-0.0493,-0.0217,-0.0193,5.94,-29.37,11.38,38.21,-83,179.31
52.408165,-1.537133,160.16,6.97,2,280.82,20 / 21,1854228,2019-09-06 18:47:00:910,0.002,0.2139,9.7544,0.0047,0.0129,9.8066,-0.0006,-0.032,0.031,5.88,-29.62,11.5,36.07,-83,-179.96
52.408165,-1.537133,160.16,6.97,2,280.82,20 / 21,1854328,2019-09-06 18:47:01:010,0.4212,1.1764,9.6748,-0.0281,-0.0071,9.8065,0.0878,-0.0247,0.0376,5.5,-30.69,10.75,42.2,-83.02,-178.32
52.408165,-1.537133,160.16,6.97,2,280.82,20 / 21,1854429,2019-09-06 18:47:01:111,-0.6843,-0.3167,9.5929,-0.0059,-0.0089,9.8066,-0.0884,-0.0539,-0.0043,4.63,-30.75,10.75,37.61,-83.1,-177.91
52.408165,-1.537133,160.16,6.97,2,280.82,20 / 21,1854528,2019-09-06 18:47:01:210,-0.0498,0.0985,8.9469,0.0027,0.001,9.8066,-0.0142,-0.023,0.0205,4.75,-30.94,10.94,38.18,-83.17,-177.37
52.408165,-1.537133,160.16,6.97,2,280.82,20 / 21,1854628,2019-09-06 18:47:01:310,0.262,1.2415,9.4987,-0.0197,-0.028,9.8065,-0.0088,-0.1619,0.0895,4.06,-30.69,10.19,36.31,-83.08,-177.56
52.408165,-1.537133,160.16,6.97,2,280.82,20 / 21,1854728,2019-09-06 18:47:01:410,-2.0126,-0.4839,9.6328,0.0337,0.0139,9.8065,0.0097,0.005,-0.105,4.69,-30.5,10.75,34.1,-83.33,-179.84
52.408165,-1.537133,160.16,6.97,2,280.82,20 / 21,1854828,2019-09-06 18:47:01:510,-1.6734,1.0027,9.9353,0.0192,0.013,9.8066,0.0606,-0.1562,0.1013,4.88,-29.69,9.44,41.35,-83.33,179.14
52.408165,-1.537133,160.16,6.97,2,280.82,20 / 21,1854928,2019-09-06 18:47:01:610,0.4647,1.7353,10.7974,0.0079,-0.0074,9.8065,-0.0672,-0.0064,-0.1053,4,-28.5,9.63,27.64,-83.36,177.65
52.408165,-1.537133,160.16,6.97,2,280.82,20 / 21,1855029,2019-09-06 18:47:01:711,-0.0119,1.0562,10.1847,-0.0015,-0.0029,9.8065,0.0643,-0.0333,0.046,4,-27.87,9.88,28.17,-83.3,177.95
52.408165,-1.537133,160.16,6.97,2,280.82,20 / 21,1855128,2019-09-06 18:47:01:810,-0.8803,0.7538,9.577,-0.0042,0.0124,9.8066,-0.0583,-0.0521,0.0324,3.94,-28.69,10.63,25.54,-83.37,178.32
52.408165,-1.537133,160.16,6.97,2,280.82,20 / 21,1855229,2019-09-06 18:47:01:911,-2.0542,1.0351,10.5059,0.0014,0.0295,9.8065,0.1545,-0.0262,0.0609,3.31,-29.44,10.19,24.66,-83.61,-179.59
52.408165,-1.537133,160.16,6.97,2,280.82,20 / 21,1855329,2019-09-06 18:47:02:011,-0.1806,0.5352,8.9646,-0.0544,-0.096,9.806,-0.4493,0.0057,-0.0512,2.75,-29.31,10.38,26.34,-83.2,-178.92
52.408165,-1.537133,160.16,6.97,2,280.82,20 / 21,1855428,2019-09-06 18:47:02:110,-1.4934,2.4912,10.1785,-0.0652,-0.0968,9.8059,-0.3283,-0.0007,0.1284,3.19,-28.5,10.25,28.23,-83.21,-177.28
52.408165,-1.537133,160.16,6.97,2,280.82,20 / 21,1855529,2019-09-06 18:47:02:211,-1.7703,-0.045,11.1724,-0.0493,-0.0662,9.8063,0.0908,-0.0254,0.0455,3.5,-30,10.06,38.5,-83.16,-175.45
52.408165,-1.537133,160.16,6.97,2,280.82,20 / 21,1855628,2019-09-06 18:47:02:310,0.1931,-1.8031,9.2185,-0.0909,-0.0924,9.8057,-0.5768,-0.1879,0.0391,3.19,-30.31,9.38,38.08,-83.32,-173.69
52.408165,-1.537133,160.16,6.97,2,280.82,20 / 21,1855729,2019-09-06 18:47:02:411,1.1121,-0.3416,9.1819,-0.0388,-0.0333,9.8065,-0.0683,-0.0297,0.045,3.94,-30.94,9.69,39.44,-83.88,-173.79
52.408165,-1.537133,160.16,6.97,2,280.82,20 / 21,1855828,2019-09-06 18:47:02:510,1.5758,-1.7988,8.6293,-0.0316,-0.1227,9.8057,-0.4307,-0.1229,-0.1197,3.63,-30.81,9.13,42.27,-83.68,-175.38
52.408165,-1.537133,160.16,6.97,2,280.82,20 / 21,1855929,2019-09-06 18:47:02:611,0.2939,1.0274,9.8061,-0.0175,0.0096,9.8066,0.05,-0.0315,0.0058,3.44,-30.44,9.13,32.96,-83.81,-176.33
52.408165,-1.537133,160.16,6.97,2,280.82,20 / 21,1856029,2019-09-06 18:47:02:711,0.2181,1.3387,9.7347,-0.0103,-0.0289,9.8065,-0.0284,-0.0234,0.029,3.38,-30.06,8.94,32.06,-83.8,-176.98
52.408165,-1.537133,160.16,6.97,2,280.82,20 / 21,1856129,2019-09-06 18:47:02:811,-0.3248,1.1315,9.9055,-0.0026,0.0298,9.8066,0.0984,-0.039,0.0929,3.63,-30.81,9.5,37.84,-83.99,-174.78
52.408165,-1.537133,160.16,6.97,2,280.82,20 / 21,1856229,2019-09-06 18:47:02:911,-2.6998,-0.1856,11.1786,0.0321,0.0276,9.8065,0.0939,0.0021,-0.1188,3.25,-31.69,9.06,33.48,-84.16,-176.02
52.408165,-1.537133,160.16,6.97,2,280.82,20 / 21,1856329,2019-09-06 18:47:03:011,0.1748,0.9204,10.6411,-0.0211,-0.0598,9.8064,0.0333,0.1231,-0.1576,4.19,-30.81,9.25,38.45,-83.98,-177.54
52.408382,-1.538522,158.86,12.72,2,288.8,20 / 21,1856429,2019-09-06 18:47:03:111,-2.8325,0.5123,10.6301,-0.0239,-0.0215,9.8065,0.0572,0.0756,-0.2177,4.44,-31.56,9.69,34.39,-83.66,-178.27
52.408382,-1.538522,158.86,12.72,2,288.8,20 / 21,1856529,2019-09-06 18:47:03:211,-0.2546,0.9732,9.375,-0.0235,-0.0326,9.8065,0.0092,0.006,-0.1117,3.75,-31.12,8.94,37.55,-83.41,-179.34
52.408382,-1.538522,158.86,12.72,2,288.8,20 / 21,1856628,2019-09-06 18:47:03:310,0.9285,-0.0053,9.4873,0.0266,0.0286,9.8065,0.0318,-0.1104,0.0955,4.13,-30.62,8.81,39.1,-83.62,-177.81
52.408382,-1.538522,158.86,12.72,2,288.8,20 / 21,1856729,2019-09-06 18:47:03:411,-1.1767,-0.0253,9.96,0.0042,0.0431,9.8065,0.026,-0.0361,0.0935,2.81,-30.25,7.63,37.8,-83.96,-176.02
52.408382,-1.538522,158.86,12.72,2,288.8,20 / 21,1856828,2019-09-06 18:47:03:510,-1.0538,-0.3193,9.5297,-0.0124,-0.0104,9.8066,0.0053,-0.0292,-0.026,0.69,-30.06,7.88,21.9,-83.91,-173.82
52.408382,-1.538522,158.86,12.72,2,288.8,20 / 21,1856928,2019-09-06 18:47:03:610,-1.7605,-0.5601,10.1408,-0.0008,-0.0136,9.8066,0.0105,-0.0271,-0.0112,0.81,-30.69,10.13,17.6,-83.9,-173.9
52.408382,-1.538522,158.86,12.72,2,288.8,20 / 21,1857028,2019-09-06 18:47:03:710,-1.3211,0.7249,9.8331,0.0046,-0.0035,9.8066,0.004,-0.0341,0.0297,2.13,-31.19,9.88,23.37,-84.04,-175.25
52.408382,-1.538522,158.86,12.72,2,288.8,20 / 21,1857129,2019-09-06 18:47:03:811,-0.9778,-0.8172,9.6803,0.0037,0.0123,9.8066,-0.0157,-0.0276,-0.0836,3.75,-31.69,9.63,36.99,-84.16,-175.45
52.408382,-1.538522,158.86,12.72,2,288.8,20 / 21,1857228,2019-09-06 18:47:03:910,-1.2233,-0.0715,9.9084,-0.0042,-0.0227,9.8066,-0.1229,-0.0106,0.0127,2.69,-31.62,9.63,29.34,-84.36,-175.97
52.408382,-1.538522,158.86,12.72,2,288.8,20 / 21,1857329,2019-09-06 18:47:04:011,-0.2131,0.0882,9.6611,-0.0055,-0.0083,9.8066,0.0457,0.0338,-0.0147,3.25,-32.06,9.19,31.49,-84.41,-176.97
52.408382,-1.538522,158.86,12.72,2,288.8,20 / 21,1857429,2019-09-06 18:47:04:111,-1.4382,-0.027,9.5976,0.0008,0.002,9.8066,-0.0806,-0.0085,-0.0564,2.75,-31.44,9.06,30.19,-84.5,-177.43
52.408382,-1.538522,158.86,12.72,2,288.8,20 / 21,1857529,2019-09-06 18:47:04:211,-0.404,0.1611,9.6784,0.0117,-0.0113,9.8066,-0.0536,-0.0452,0.0163,3.13,-31.44,8.88,27.93,-84.52,-179.03
52.408382,-1.538522,158.86,12.72,2,288.8,20 / 21,1857628,2019-09-06 18:47:04:310,-1.1998,1.0868,9.869,0.0133,0.0141,9.8065,0.0193,-0.1036,0.0031,3.44,-31.69,8.94,26.8,-84.62,-179.95
52.408382,-1.538522,158.86,12.72,2,288.8,20 / 21,1857729,2019-09-06 18:47:04:411,0.5402,1.5449,9.7488,0.0118,0.0069,9.8066,-0.0088,-0.0365,-0.017,3.81,-31.25,8.63,32.61,-84.58,179.31
52.408382,-1.538522,158.86,12.72,2,288.8,20 / 21,1857828,2019-09-06 18:47:04:510,-1.716,0.6513,9.6942,0.003,-0.0033,9.8066,-0.0275,-0.0592,-0.0809,4.38,-31,8.25,36.23,-84.57,178.35
52.408382,-1.538522,158.86,12.72,2,288.8,20 / 21,1857929,2019-09-06 18:47:04:611,0.2009,0.3593,9.2349,-0.0141,-0.0239,9.8066,-0.0807,-0.0366,-0.0481,3.94,-31.31,8.56,29.38,-84.53,176.82
52.408382,-1.538522,158.86,12.72,2,288.8,20 / 21,1858028,2019-09-06 18:47:04:710,-0.5767,1.2739,10.0185,0.0032,-0.0056,9.8066,0.0108,-0.0582,0.028,3.5,-31.19,7.94,30.98,-84.67,174.75
52.408382,-1.538522,158.86,12.72,2,288.8,20 / 21,1858129,2019-09-06 18:47:04:811,0.7625,1.3706,10.4534,-0.0148,0.0044,9.8066,0.0961,-0.0892,0.0049,4.06,-31.56,7.63,32.56,-84.6,175.43
52.408382,-1.538522,158.86,12.72,2,288.8,20 / 21,1858228,2019-09-06 18:47:04:910,-1.8965,-2.5417,9.2758,0.0094,0.0241,9.8066,0.3217,-0.1557,0.0622,3.81,-31.56,8.5,31.29,-84.64,178.13
52.408382,-1.538522,158.86,12.72,2,288.8,20 / 21,1858328,2019-09-06 18:47:05:010,-2.0347,-0.4525,9.4891,0.0211,0.0138,9.8065,0.1797,-0.1774,0.1263,3.56,-31.25,8.13,38.11,-84.68,179.96
52.408382,-1.538522,158.86,12.72,2,288.8,20 / 21,1858429,2019-09-06 18:47:05:111,-1.8544,3.9261,9.3266,-0.0241,-0.0396,9.8065,-0.3132,-0.1944,0.079,3.25,-31.06,8,34.34,-85.01,-176.58
52.408382,-1.538522,158.86,12.72,2,288.8,20 / 21,1858528,2019-09-06 18:47:05:210,-0.0085,0.3759,9.581,-0.0181,-0.0435,9.8064,-0.0663,-0.1075,0.0698,3,-32.37,7.63,33.47,-85.07,-177.43
52.408382,-1.538522,158.86,12.72,2,288.8,20 / 21,1858629,2019-09-06 18:47:05:311,0.7237,2.5434,9.6843,0.0253,0.0301,9.8066,-0.0046,-0.0232,-0.1084,3.31,-31.37,7.25,37.39,-85.31,-177.58
52.408382,-1.538522,158.86,12.72,2,288.8,20 / 21,1858728,2019-09-06 18:47:05:410,-0.823,-0.4446,9.4669,0.0383,0.038,9.8064,0.0799,-0.1187,0.0702,3.25,-31.25,8,29.81,-85.18,-179.56
52.408382,-1.538522,158.86,12.72,2,288.8,20 / 21,1858829,2019-09-06 18:47:05:511,-0.7379,1.2897,10.8846,0.0574,0.1064,9.8059,0.3725,-0.075,0.0201,3.38,-31.31,7.56,32.52,-84.75,-178.43
52.408382,-1.538522,158.86,12.72,2,288.8,20 / 21,1858929,2019-09-06 18:47:05:611,-1.547,1.4852,10.4026,0.101,0.1258,9.8053,0.127,-0.1461,0.0475,3.19,-31.25,7.19,38.99,-85.41,-176.15
52.408382,-1.538522,158.86,12.72,2,288.8,20 / 21,1859029,2019-09-06 18:47:05:711,-1.2577,1.87,10.2301,-0.012,0.0152,9.8066,0.398,0.0004,-0.046,3.75,-31,7.06,51.12,-85.22,-173.18
52.408382,-1.538522,158.86,12.72,2,288.8,20 / 21,1859128,2019-09-06 18:47:05:810,-1.5187,0.3367,10.7054,0.0646,0.081,9.8061,0.4108,-0.1305,0.0856,3.44,-30.75,7.19,44.14,-85.36,-172.43
52.408382,-1.538522,158.86,12.72,2,288.8,20 / 21,1859229,2019-09-06 18:47:05:911,-2.399,0.8105,10.2169,-0.0567,-0.0504,9.8063,-0.0507,-0.0895,0.0311,3.25,-31.12,6.38,56.98,-84.59,-171.2
52.408382,-1.538522,158.86,12.72,2,288.8,20 / 21,1859328,2019-09-06 18:47:06:010,0.0236,0.4534,9.6229,-0.0167,-0.02,9.8065,0.1556,-0.0562,-0.031,3.69,-31.44,6.13,62.76,-84.67,-171.89
52.408382,-1.538522,158.86,12.72,2,288.8,20 / 21,1859429,2019-09-06 18:47:06:111,-1.0855,1.3533,9.7938,-0.0236,-0.0293,9.8065,-0.1561,-0.0728,0.0393,2.94,-31.62,6.31,55.53,-84.52,-173.29
52.408382,-1.538522,158.86,12.72,2,288.8,20 / 21,1859528,2019-09-06 18:47:06:210,-1.0674,0.2114,8.9758,-0.0124,-0.0284,9.8066,-0.0591,-0.0298,-0.035,2.5,-32.06,6.19,53.81,-84.59,-174.21
52.408382,-1.538522,158.86,12.72,2,288.8,20 / 21,1859628,2019-09-06 18:47:06:310,-0.2507,0.6526,9.5426,0.0346,0.0126,9.8066,-0.054,-0.0563,-0.0256,2.63,-31.56,6.06,50.56,-84.89,-175.31
52.408382,-1.538522,158.86,12.72,2,288.8,20 / 21,1859728,2019-09-06 18:47:06:410,-0.6074,1.2414,9.9305,-0.0096,-0.0136,9.8066,-0.1474,-0.005,-0.0527,2.88,-31.81,6.5,42.17,-84.73,-176.19
52.408382,-1.538522,158.86,12.72,2,288.8,20 / 21,1859829,2019-09-06 18:47:06:511,0.1361,0.6021,9.7376,0.0354,0.0172,9.8065,0.1693,-0.0775,-0.0159,3.44,-31.69,5.88,48.17,-84.63,-177.98
52.408382,-1.538522,158.86,12.72,2,288.8,20 / 21,1859931,2019-09-06 18:47:06:613,-0.5481,0.7493,9.6687,0.035,0.0145,9.8065,0.0027,-0.1401,-0.0461,3.56,-31.31,5.75,51.71,-84.78,179.97
52.408382,-1.538522,158.86,12.72,2,288.8,20 / 21,1860028,2019-09-06 18:47:06:710,-0.6399,-0.4528,9.7851,0.0176,-0.0191,9.8066,0.015,-0.1236,0.0154,2.63,-31.94,5.44,51.28,-84.75,177.09
52.408382,-1.538522,158.86,12.72,2,288.8,20 / 21,1860129,2019-09-06 18:47:06:811,-0.9246,2.0145,10.1965,-0.0083,-0.0058,9.8066,0.0385,-0.0322,0.0048,3.19,-32,5.5,38.47,-84.84,176.28
52.408382,-1.538522,158.86,12.72,2,288.8,20 / 21,1860228,2019-09-06 18:47:06:910,-0.7347,0.1876,9.3827,-0.0134,-0.0055,9.8066,0.0034,-0.0292,-0.0235,3.13,-31.56,5.31,48.33,-84.81,175.45
52.408382,-1.538522,158.86,12.72,2,288.8,20 / 21,1860330,2019-09-06 18:47:07:012,-0.2222,0.703,8.2238,-0.006,-0.0189,9.8066,-0.063,-0.0087,-0.0168,2.94,-31.81,6,36.45,-84.8,174.87
52.408382,-1.538522,158.86,12.72,2,288.8,19 / 21,1860429,2019-09-06 18:47:07:111,0.1439,1.8225,9.0639,-0.0011,-0.0115,9.8066,-0.3046,-0.0856,0.0125,3.38,-31.12,5.44,42.53,-84.99,173.15
52.408382,-1.538522,158.86,12.72,2,288.8,19 / 21,1860528,2019-09-06 18:47:07:210,1.6194,-0.5855,9.1149,-0.0432,-0.0626,9.8063,0.4282,-0.1039,0.0331,3,-31.25,5.44,41.32,-84.88,171.97
52.408382,-1.538522,158.86,12.72,2,288.8,19 / 21,1860628,2019-09-06 18:47:07:310,1.7859,1.2382,7.847,0.0758,0.081,9.8059,0.0326,-0.0528,-0.0032,3.13,-31,4.75,33.76,-85.53,169.39
52.408382,-1.538522,158.86,12.72,2,288.8,19 / 21,1860728,2019-09-06 18:47:07:410,-2.7371,2.7033,8.5015,0.046,0.0508,9.8063,0.1826,-0.0512,-0.0573,3.13,-32.12,3.75,54.56,-85.47,173.21
52.408382,-1.538522,158.86,12.72,2,288.8,19 / 21,1860829,2019-09-06 18:47:07:511,0.8961,-1.8504,10.0089,0.0476,-0.0037,9.8064,-0.0428,-0.2717,0.072,3.75,-31.81,4.19,53.06,-85.73,168.3
52.408382,-1.538522,158.86,12.72,2,288.8,19 / 21,1860929,2019-09-06 18:47:07:611,-0.2226,6.3663,10.4103,-0.0933,-0.025,9.8061,-0.3852,-0.1731,0.1325,3.31,-31.44,4.56,41.25,-85.4,173.84
52.408382,-1.538522,158.86,12.72,2,288.8,19 / 21,1861029,2019-09-06 18:47:07:711,-2.152,3.997,7.6811,-0.0042,0.0733,9.8063,-0.0227,0.1838,-0.0401,2.63,-31.44,4.94,37.44,-85.24,170.8
52.408382,-1.538522,158.86,12.72,2,288.8,19 / 21,1861129,2019-09-06 18:47:07:811,-0.0234,0.8215,7.9957,0.0005,0.0449,9.8065,-0.304,-0.0455,0.0834,2.81,-31.19,4.31,56.59,-85.49,175.57
52.408382,-1.538522,158.86,12.72,2,288.8,19 / 21,1861229,2019-09-06 18:47:07:911,-0.3199,1.3556,9.6166,0.1172,0.0325,9.8058,0.1216,-0.1264,0.0853,3.31,-31.31,4.06,53.37,-86.33,177.86
52.408382,-1.538522,158.86,12.72,2,288.8,19 / 21,1861329,2019-09-06 18:47:08:011,-0.717,-0.1084,10.3764,0.051,0.0206,9.8064,0.1584,0.0638,-0.0354,3.06,-31.25,3.69,53.6,-86.39,178.33
52.408382,-1.538522,158.86,12.72,2,288.8,19 / 20,1861429,2019-09-06 18:47:08:111,0.4092,-0.0097,9.4393,-0.014,-0.0147,9.8066,0.1114,-0.0083,0.0427,2.69,-31.25,4,53.98,-86.1,177.08
52.408382,-1.538522,158.86,12.72,2,288.8,19 / 20,1861528,2019-09-06 18:47:08:210,0.3207,-0.7244,9.8431,0.0012,-0.0032,9.8066,0.0749,0.0841,-0.0683,2.75,-31.12,4.19,55.58,-85.98,177.59
52.408382,-1.538522,158.86,12.72,2,288.8,19 / 20,1861629,2019-09-06 18:47:08:311,-0.3119,2.1159,10.9222,-0.0482,0.0043,9.8065,-0.0653,-0.1053,0.0698,2.69,-31.87,3.75,56.51,-86.14,178.49
52.408382,-1.538522,158.86,12.72,2,288.8,19 / 20,1861728,2019-09-06 18:47:08:410,-0.373,0.0921,9.7847,-0.0269,-0.0557,9.8064,-0.1261,0.0189,0.0165,1.94,-31.06,4.38,48.22,-85.89,179.81
52.408382,-1.538522,158.86,12.72,2,288.8,19 / 20,1861828,2019-09-06 18:47:08:510,1.9113,-1.1672,10.538,-0.0142,0.0013,9.8066,-0.1269,0.1659,-0.1094,1.88,-31.44,4.31,53.97,-85.71,-177.51
52.408382,-1.538522,158.86,12.72,2,288.8,19 / 20,1861929,2019-09-06 18:47:08:611,-1.8426,0.5539,8.7787,0.0099,-0.0127,9.8066,-0.0285,0.1007,-0.0639,2.25,-31.81,4.5,38.33,-85.6,-179.98
52.408382,-1.538522,158.86,12.72,2,288.8,19 / 20,1862028,2019-09-06 18:47:08:710,0.332,-0.8481,10.4896,0.0372,0.0106,9.8065,-0.0301,-0.0757,0.1656,1.88,-31.69,3.81,54.39,-85.68,-178.27
52.408382,-1.538522,158.86,12.72,2,288.8,19 / 20,1862129,2019-09-06 18:47:08:811,-1.6739,0.3133,9.7787,-0.0155,0.0231,9.8066,-0.0146,0.0235,-0.0906,2.5,-32.06,4.81,53.98,-85.81,-176.02
52.408382,-1.538522,158.86,12.72,2,288.8,19 / 20,1862229,2019-09-06 18:47:08:911,1.2075,1.4348,10.257,-0.0022,0.0056,9.8066,0.0818,-0.0511,0.1232,3.19,-31.25,3.94,67.57,-85.64,-175.29
52.408382,-1.538522,158.86,12.72,2,288.8,19 / 20,1862328,2019-09-06 18:47:09:010,0.814,1.0374,9.6458,0.0145,0.0315,9.8066,0.1977,0.0453,0.0367,2.5,-31.69,5,60.97,-85.48,-172.35
52.408382,-1.538522,158.86,12.72,2,288.8,20 / 21,1862429,2019-09-06 18:47:09:111,1.2271,0.0187,9.1748,-0.0038,0.0131,9.8066,-0.1106,0.082,-0.0206,2.44,-31.69,4.56,57.76,-85.19,-169.12
52.408382,-1.538522,158.86,12.72,2,288.8,20 / 21,1862529,2019-09-06 18:47:09:211,-0.186,0.3526,9.927,-0.0101,-0.0116,9.8066,-0.1191,-0.0379,0.0342,2.44,-31.87,4.5,58.51,-85.22,-168.45
52.408382,-1.538522,158.86,12.72,2,288.8,20 / 21,1862628,2019-09-06 18:47:09:310,0.518,1.474,9.7232,0.0083,0.0168,9.8066,0.0484,0.0168,-0.0805,2.06,-32.06,4.38,73.24,-85.38,-166.99
52.408382,-1.538522,158.86,12.72,2,288.8,20 / 21,1862728,2019-09-06 18:47:09:410,-0.4335,-0.3909,10.0579,0.0331,0.0131,9.8065,0.0199,-0.0419,0.0079,2.13,-32.12,4.75,58.25,-85.45,-167.31
52.408382,-1.538522,158.86,12.72,2,288.8,20 / 21,1862829,2019-09-06 18:47:09:511,-0.8063,-0.8425,10.0608,-0.006,-0.014,9.8066,-0.0079,-0.091,0.0009,2.38,-31.75,5,57.28,-85.39,-168.35
52.408382,-1.538522,158.86,12.72,2,288.8,20 / 21,1862928,2019-09-06 18:47:09:610,1.5987,0.6199,9.2086,-0.0064,-0.0098,9.8066,-0.08,-0.0456,0.0542,1.94,-31.62,4.69,57.04,-85.3,-169.04
52.408382,-1.538522,158.86,12.72,2,288.8,20 / 21,1863028,2019-09-06 18:47:09:710,1.8618,0.0226,9.0515,-0.0018,0.0013,9.8066,-0.1547,0.1109,-0.0372,2,-31.69,4.38,72.23,-85.27,-168.7
52.408382,-1.538522,158.86,12.72,2,288.8,20 / 21,1863128,2019-09-06 18:47:09:810,-0.4374,1.7137,9.3499,-0.0105,-0.0023,9.8065,-0.1386,-0.0989,0.0686,1.56,-31.75,4.81,57.6,-85.29,-168.66
52.408382,-1.538522,158.86,12.72,2,288.8,20 / 21,1863228,2019-09-06 18:47:09:910,1.0921,0.156,9.2939,0.0464,0.0415,9.8064,0.151,-0.0431,0.072,1.31,-31.81,4.38,58.06,-85.62,-166.33
52.408382,-1.538522,158.86,12.72,2,288.8,20 / 21,1863329,2019-09-06 18:47:10:011,-0.6457,0.0674,9.7403,0.0269,0.0317,9.8065,0.0838,0.0682,-0.0691,2.44,-31.62,4.69,60.84,-85.58,-164.68
52.408382,-1.538522,158.86,12.72,2,288.8,20 / 21,1863429,2019-09-06 18:47:10:111,-0.9178,-0.3279,9.6983,-0.0311,-0.0339,9.8065,-0.0475,0.0305,0.0002,2.25,-31.12,4.63,59,-85.31,-166.77
52.408382,-1.538522,158.86,12.72,2,288.8,20 / 21,1863529,2019-09-06 18:47:10:211,0.1456,1.816,11.1309,-0.0535,-0.0348,9.8064,0.0151,0.197,-0.1036,2.88,-31.44,5,68.14,-85.25,-167.07
52.408382,-1.538522,158.86,12.72,2,288.8,20 / 21,1863629,2019-09-06 18:47:10:311,1.7012,-4.9901,6.899,0.0173,0.0221,9.8066,-0.1659,-0.0251,0.2032,2.56,-31.25,4.31,79.52,-85.41,-166.69
52.408382,-1.538522,158.86,12.72,2,288.8,20 / 21,1863729,2019-09-06 18:47:10:411,4.7069,0.5433,9.6851,-0.1773,-0.0488,9.8049,-0.5184,0.183,-0.049,1.31,-31.37,3.69,80,-84.58,-158.67
52.408382,-1.538522,158.86,12.72,2,288.8,20 / 21,1863829,2019-09-06 18:47:10:511,-0.6599,4.542,11.2489,0.078,0.0633,9.8061,0.0223,-0.4551,0.049,1.81,-31.5,3.75,83.09,-85.62,-155.3
52.408382,-1.538522,158.86,12.72,2,288.8,20 / 21,1863929,2019-09-06 18:47:10:611,1.3532,2.3778,9.9829,0.0254,-0.0174,9.8065,0.4361,0.189,-0.0317,1.81,-31.5,3.94,83.19,-85.24,-158.35
52.408382,-1.538522,158.86,12.72,2,288.8,20 / 21,1864029,2019-09-06 18:47:10:711,0.2219,1.0906,10.0128,0.0794,0.0602,9.8061,0.2304,-0.0352,0.1187,1.5,-32.06,5.31,68.86,-85.51,-158.77
52.408382,-1.538522,158.86,12.72,2,288.8,20 / 21,1864128,2019-09-06 18:47:10:810,-1.7417,0.3327,10.5043,0.0128,0.0378,9.8065,-0.0483,-0.0503,-0.0774,1.19,-32.12,4.75,61.07,-85.2,-157.76
52.408382,-1.538522,158.86,12.72,2,288.8,20 / 21,1864229,2019-09-06 18:47:10:911,0.5696,0.9988,10.1679,0.0085,0.031,9.8065,0.1873,0.0366,-0.1181,1.81,-32.06,4.63,73.19,-85.13,-157.68
52.408382,-1.538522,158.86,12.72,2,288.8,20 / 21,1864329,2019-09-06 18:47:11:011,-3.1759,-0.2318,9.6985,0.0328,0.0216,9.8065,0.1889,-0.0201,0.0729,1.69,-32.12,4.88,74.17,-85.19,-156.45
52.408382,-1.538522,158.86,12.72,2,288.8,20 / 21,1864429,2019-09-06 18:47:11:111,-0.4598,-0.0302,10.5783,0.0034,0.01,9.8066,0.0897,0.0499,-0.0316,1.94,-31.81,5.13,73.68,-85.09,-157.5
52.408382,-1.538522,158.86,12.72,2,288.8,20 / 21,1864528,2019-09-06 18:47:11:210,-0.721,-1.2994,10.4996,0.0365,0.0057,9.8065,0.2933,0.0318,0.001,1.69,-32.12,4.56,72.56,-85.14,-158.08
52.408382,-1.538522,158.86,12.72,2,288.8,20 / 21,1864629,2019-09-06 18:47:11:311,-0.4684,-0.6405,9.9306,-0.0783,-0.0441,9.8062,-0.2461,0.0794,0.0073,1.44,-32.31,4.19,75.2,-85.25,-157.44
52.408382,-1.538522,158.86,12.72,2,288.8,20 / 21,1864729,2019-09-06 18:47:11:411,-0.4382,0.3175,9.8218,-0.0487,-0.0214,9.8065,-0.0597,-0.0073,0.0074,1.25,-32.56,4.31,82.9,-84.82,-157.2
52.408382,-1.538522,158.86,12.72,2,288.8,20 / 21,1864829,2019-09-06 18:47:11:511,-0.3144,1.6629,9.8673,0.1024,0.0568,9.8059,0.1865,-0.1131,0.0453,1.5,-32.62,4.5,75.41,-85.41,-154.89
52.408382,-1.538522,158.86,12.72,2,288.8,20 / 21,1864928,2019-09-06 18:47:11:610,-0.7341,-1.2929,9.2429,0.0885,0.0291,9.8061,-0.027,0.0333,-0.002,1.5,-32.75,3.94,87.07,-85.36,-156.25
52.408382,-1.538522,158.86,12.72,2,288.8,20 / 21,1865028,2019-09-06 18:47:11:710,-2.1423,2.1275,10.1584,-0.0398,-0.002,9.8066,-0.0095,0.2176,-0.1992,1.25,-31.81,4.75,63.58,-85.2,-155.97
52.408382,-1.538522,158.86,12.72,2,288.8,20 / 21,1865128,2019-09-06 18:47:11:810,0.3549,-1.0941,11.3614,0.0145,-0.0009,9.8066,0.267,-0.0596,0.0863,0.88,-32.19,5.06,59.58,-85.34,-157.97
52.408382,-1.538522,158.86,12.72,2,288.8,20 / 21,1865228,2019-09-06 18:47:11:910,-2.1455,-0.8396,11.2765,-0.0557,-0.0316,9.8064,0.0356,-0.0758,0.0539,1.38,-32.12,5.38,64.73,-84.91,-157.04
52.408382,-1.538522,158.86,12.72,2,288.8,20 / 21,1865329,2019-09-06 18:47:12:011,-0.7414,-2.1985,9.6162,-0.0074,-0.0114,9.8066,0.0024,0.0459,-0.0484,1.19,-32.5,4.75,68.05,-84.6,-156.71
52.40892,-1.540181,156.94,15.04,2,302.76,20 / 21,1865429,2019-09-06 18:47:12:111,0.4106,0.4854,11.4926,0.0112,-0.0103,9.8066,-0.0539,-0.0096,-0.0387,1.63,-32.56,5,78.14,-84.83,-156.54
52.40892,-1.540181,156.94,15.04,2,302.76,20 / 21,1865529,2019-09-06 18:47:12:211,0.4491,0.5697,9.4011,-0.0165,-0.0396,9.8065,0.1664,-0.0134,0.0171,1,-32.31,4.56,64.26,-84.73,-158.57
52.40892,-1.540181,156.94,15.04,2,302.76,20 / 21,1865628,2019-09-06 18:47:12:310,1.6992,-0.649,7.4382,-0.0014,0.0111,9.8066,-0.4027,-0.1661,0.0083,1.25,-32.37,4.88,63.7,-84.83,-158.26
52.40892,-1.540181,156.94,15.04,2,302.76,20 / 21,1865729,2019-09-06 18:47:12:411,-0.6413,0.507,10.0821,-0.0608,-0.0765,9.8061,-0.4567,-0.0324,-0.0153,0.88,-32.44,5.06,67.1,-84.45,-158.49
52.40892,-1.540181,156.94,15.04,2,302.76,20 / 21,1865829,2019-09-06 18:47:12:511,0.6232,0.1053,10.2308,0.0619,0.0751,9.8061,0.0945,0.0161,-0.0272,0.94,-32.75,4.94,66.76,-84.97,-156.15
52.40892,-1.540181,156.94,15.04,2,302.76,20 / 21,1865929,2019-09-06 18:47:12:611,0.7047,-0.1448,10.1956,0.0442,0.0446,9.8064,0.042,-0.0658,0.0455,1.5,-32.44,4.69,75.69,-85.01,-156.32
52.40892,-1.540181,156.94,15.04,2,302.76,20 / 21,1866030,2019-09-06 18:47:12:712,-0.8479,-0.8523,9.5202,-0.0004,-0.0127,9.8066,0.0979,-0.0543,0.0057,1.31,-32.56,5,65.02,-84.94,-157.66
52.40892,-1.540181,156.94,15.04,2,302.76,20 / 21,1866129,2019-09-06 18:47:12:811,-0.5931,-0.0663,9.3056,-0.005,-0.0015,9.8066,0.1149,-0.0184,-0.024,1.44,-32,4.44,79.38,-84.92,-157.36
52.40892,-1.540181,156.94,15.04,2,302.76,20 / 21,1866229,2019-09-06 18:47:12:911,0.6535,0.4452,9.3658,0.0057,-0.004,9.8066,-0.1156,0.017,0.0506,1.38,-32.37,4.63,64.93,-84.92,-156.78
52.40892,-1.540181,156.94,15.04,2,302.76,20 / 21,1866329,2019-09-06 18:47:13:011,-0.209,-0.5919,10.1571,-0.0298,-0.0062,9.8066,-0.0906,-0.001,0.0155,1.56,-32.87,4.88,78.05,-84.86,-156.46
52.40892,-1.540181,156.94,15.04,2,302.76,19 / 20,1866428,2019-09-06 18:47:13:110,-1.4308,-0.792,9.7408,0.0188,0.0299,9.8065,0.1887,0.001,-0.0186,1.13,-32.37,4.69,67.99,-84.88,-154.81
52.40892,-1.540181,156.94,15.04,2,302.76,19 / 20,1866528,2019-09-06 18:47:13:210,-0.6809,-0.031,9.7428,0.0244,0.0336,9.8065,0.1087,-0.0992,0.0691,1.31,-32.19,4.94,67.9,-84.93,-154.51
52.40892,-1.540181,156.94,15.04,2,302.76,19 / 20,1866628,2019-09-06 18:47:13:310,0.2489,-0.3981,9.2566,-0.0042,-0.0105,9.8066,-0.0606,-0.0638,0.0139,1.63,-32.69,4.56,81.52,-84.84,-153.5
52.40892,-1.540181,156.94,15.04,2,302.76,19 / 20,1866728,2019-09-06 18:47:13:410,-0.2896,-0.4107,9.4543,-0.0041,-0.0048,9.8066,0.0748,0.001,0.0121,1.06,-31.62,4.31,84.31,-84.95,-152.75
52.40892,-1.540181,156.94,15.04,2,302.76,19 / 20,1866829,2019-09-06 18:47:13:511,-0.0678,-0.692,9.7268,-0.0138,-0.0028,9.8066,-0.0784,0.0495,-0.036,1,-31.81,4.38,84.48,-85.01,-151.97
52.40892,-1.540181,156.94,15.04,2,302.76,19 / 20,1866929,2019-09-06 18:47:13:611,0.1283,0.5133,9.9827,-0.0136,-0.0134,9.8066,-0.0224,-0.0371,0.0397,1.13,-31.44,4.44,84.01,-84.88,-152.11
52.40892,-1.540181,156.94,15.04,2,302.76,19 / 20,1867028,2019-09-06 18:47:13:710,0.7375,0.5412,10.2678,-0.0124,0.0118,9.8066,0.0087,-0.0099,-0.0163,0.75,-32.06,4.69,74.56,-84.75,-150.59
52.40892,-1.540181,156.94,15.04,2,302.76,19 / 20,1867129,2019-09-06 18:47:13:811,-1.2327,-0.3731,10.5181,0.01,0.0217,9.8065,0.0859,-0.0479,0.0598,1.06,-31.87,4.44,90.61,-84.69,-149.58
52.40892,-1.540181,156.94,15.04,2,302.76,19 / 20,1867229,2019-09-06 18:47:13:911,-1.2335,-0.1054,10.5692,-0.019,-0.0235,9.8065,-0.0207,-0.0295,0.0236,0.69,-31.81,5.19,79.06,-84.42,-149.31
52.40892,-1.540181,156.94,15.04,2,302.76,19 / 20,1867329,2019-09-06 18:47:14:011,-0.358,-0.3014,9.6753,-0.0103,-0.0181,9.8066,-0.0168,0.0104,0.0452,0,-31.81,4.75,64.24,-84.41,-150.17
52.40892,-1.540181,156.94,15.04,2,302.76,20 / 21,1867428,2019-09-06 18:47:14:110,0.4795,0.4787,9.9303,0.0193,0.0117,9.8066,-0.0119,-0.0163,-0.0498,0.88,-31.37,5.31,76.57,-84.38,-150.4
52.40892,-1.540181,156.94,15.04,2,302.76,20 / 21,1867529,2019-09-06 18:47:14:211,0.5938,-0.4571,9.4043,0.0293,0.0041,9.8065,0.0064,-0.0018,0.0804,1,-31.56,5.06,75.14,-84.65,-150.82
52.40892,-1.540181,156.94,15.04,2,302.76,20 / 21,1867628,2019-09-06 18:47:14:310,0.3887,-0.5548,9.3816,-0.0116,-0.0235,9.8066,-0.1474,-0.0217,-0.0126,0.69,-31.44,5.25,71.49,-84.7,-152.19
52.40892,-1.540181,156.94,15.04,2,302.76,20 / 21,1867728,2019-09-06 18:47:14:410,-0.5634,-0.6349,10.0129,-0.0294,-0.0221,9.8065,-0.0033,0.022,-0.0782,0.88,-31.94,4.94,74.17,-84.73,-151.07
52.40892,-1.540181,156.94,15.04,2,302.76,20 / 21,1867829,2019-09-06 18:47:14:511,-0.2651,0.149,9.9874,-0.0064,-0.0035,9.8066,0.0191,0.0138,0.0777,0.06,-31,4.75,56.19,-84.79,-151.92
52.40892,-1.540181,156.94,15.04,2,302.76,20 / 21,1867928,2019-09-06 18:47:14:610,-1.1346,0.6805,9.7791,-0.0003,0.005,9.8066,-0.0403,-0.1098,0.1004,1,-31.44,5.44,72.57,-84.68,-151.49
52.40892,-1.540181,156.94,15.04,2,302.76,20 / 21,1868028,2019-09-06 18:47:14:710,0.4141,-0.7007,9.5408,0.0033,-0.0007,9.8066,0.0162,0.0223,0.0325,1.5,-31,6,76.13,-84.57,-149.23
52.40892,-1.540181,156.94,15.04,2,302.76,20 / 21,1868129,2019-09-06 18:47:14:811,-0.1449,0.1132,9.3359,-0.0154,-0.0113,9.8065,-0.0795,0.0351,0.05,2,-31.5,4.94,84.82,-84.72,-149.02
52.40892,-1.540181,156.94,15.04,2,302.76,20 / 21,1868228,2019-09-06 18:47:14:910,0.2448,0.8405,9.3899,0.0238,0.0074,9.8066,0.0036,0.0907,-0.0995,1.63,-31,4.13,97.56,-84.74,-148.18
52.40892,-1.540181,156.94,15.04,2,302.76,20 / 21,1868328,2019-09-06 18:47:15:010,-0.6339,0.1632,10.2884,0.0223,0.0058,9.8066,0.1262,0.0009,0.0775,1.31,-30.75,3.69,87.49,-84.84,-149.24
52.40892,-1.540181,156.94,15.04,2,302.76,20 / 21,1868428,2019-09-06 18:47:15:110,0.3424,1.2586,10.2318,-0.0244,-0.0489,9.8064,-0.1465,-0.0411,-0.0177,0.38,-30.56,4.44,73.7,-84.78,-149.14
52.40892,-1.540181,156.94,15.04,2,302.76,20 / 21,1868529,2019-09-06 18:47:15:211,3.1687,0.5758,7.5046,-0.0034,-0.0456,9.8065,0.5453,-0.0686,-0.0401,1.19,-30.81,5.06,69.44,-84.63,-154.29
52.40892,-1.540181,156.94,15.04,2,302.76,20 / 21,1868628,2019-09-06 18:47:15:310,0.2995,3.2302,11.427,0.1363,0.1154,9.805,0.4442,0.1857,-0.0032,1.81,-30.06,4.94,79.66,-85.14,-149.95
52.40892,-1.540181,156.94,15.04,2,302.76,20 / 21,1868728,2019-09-06 18:47:15:410,-0.6695,-1.6758,11.1804,0.1343,0.0814,9.8054,0.289,-0.094,0.1457,1.31,-30.12,3.94,80.88,-85.3,-149.36
52.40892,-1.540181,156.94,15.04,2,302.76,20 / 21,1868829,2019-09-06 18:47:15:511,-1.7969,0.3506,11.0757,-0.0386,-0.0443,9.8064,0.2198,-0.0666,-0.0041,0.69,-28.94,3.75,83.44,-84.7,-150.98
52.40892,-1.540181,156.94,15.04,2,302.76,20 / 21,1868929,2019-09-06 18:47:15:611,-0.6733,-0.4621,9.6612,0.003,0.0031,9.8066,0.251,-0.0205,0.0168,-1.19,-27.69,3.88,36.31,-84.72,-151.52
52.40892,-1.540181,156.94,15.04,2,302.76,20 / 21,1869029,2019-09-06 18:47:15:711,0.1481,0.7199,9.7629,0.0103,-0.0303,9.8065,-0.164,-0.015,0.0212,-1.31,-27.5,5.5,32.28,-84.74,-150.93
52.40892,-1.540181,156.94,15.04,2,302.76,20 / 21,1869129,2019-09-06 18:47:15:811,-0.3019,0.5409,10.1024,-0.0063,-0.0288,9.8065,-0.0596,-0.0072,-0.0306,0.56,-28.5,6.38,58.73,-84.71,-152.17
52.40892,-1.540181,156.94,15.04,2,302.76,20 / 21,1869229,2019-09-06 18:47:15:911,-0.3877,-0.4729,9.9277,0.0074,-0.003,9.8066,0.0467,-0.0178,-0.0199,1.56,-29.25,5.94,67.9,-84.79,-153.39
52.40892,-1.540181,156.94,15.04,2,302.76,20 / 21,1869329,2019-09-06 18:47:16:011,0.5713,0.1438,10.3868,0,0.0019,9.8066,0.0902,0.0713,-0.0548,2.25,-29.56,5.19,77.45,-84.8,-154.04
52.40892,-1.540181,156.94,15.04,2,302.76,20 / 21,1869429,2019-09-06 18:47:16:111,0.1725,0.0349,9.8434,-0.0147,-0.0084,9.8066,-0.0437,-0.0322,0.0275,2.69,-30.87,4.75,84.3,-84.75,-155.76
52.40892,-1.540181,156.94,15.04,2,302.76,20 / 21,1869529,2019-09-06 18:47:16:211,-0.1203,0.2362,9.8497,-0.0144,-0.0071,9.8066,0.0608,-0.0159,0.01,3,-31,5.06,84.7,-84.71,-155.61
52.40892,-1.540181,156.94,15.04,2,302.76,20 / 21,1869628,2019-09-06 18:47:16:310,-0.3991,0.5986,10.1303,0.0191,0.0122,9.8066,0.0712,-0.0731,0.0471,2.56,-30.94,4.63,84.37,-84.79,-155.46
52.40892,-1.540181,156.94,15.04,2,302.76,20 / 21,1869728,2019-09-06 18:47:16:410,0.4302,-0.4093,9.5831,0.0326,0.0165,9.8065,-0.0052,-0.0182,-0.0305,1.13,-31.62,4.69,68.43,-84.97,-153.81
52.40892,-1.540181,156.94,15.04,2,302.76,20 / 21,1869828,2019-09-06 18:47:16:510,0.4162,0.272,10.0722,-0.0096,-0.0042,9.8066,-0.0067,0.0128,-0.0046,1.44,-31.56,4.44,83.9,-84.98,-152.89
52.40892,-1.540181,156.94,15.04,2,302.76,20 / 21,1869929,2019-09-06 18:47:16:611,0.8142,0.1311,9.9253,-0.032,-0.0187,9.8065,0.1058,0.0058,0.0491,0.81,-31.31,4.38,83.51,-84.88,-152.61
52.40892,-1.540181,156.94,15.04,2,302.76,20 / 21,1870029,2019-09-06 18:47:16:711,-0.3377,-0.1344,10.2356,-0.0048,0.0051,9.8066,0.0168,-0.0163,0.0045,1.25,-30.94,5,70.55,-84.87,-151.77
52.40892,-1.540181,156.94,15.04,2,302.76,20 / 21,1870128,2019-09-06 18:47:16:810,-0.1284,0.0629,10.087,-0.0172,-0.0072,9.8066,0.0391,0.0104,0.0008,1,-31.06,4.88,71.11,-84.79,-151.88
52.40892,-1.540181,156.94,15.04,2,302.76,20 / 21,1870229,2019-09-06 18:47:16:911,-0.1319,0.3604,10.4383,-0.0136,-0.0146,9.8066,-0.0688,0.0008,0.0161,1.38,-31.25,4.81,70.76,-84.86,-151.69
52.40892,-1.540181,156.94,15.04,2,302.76,20 / 21,1870329,2019-09-06 18:47:17:011,0.5364,1.471,9.7156,-0.0303,-0.0449,9.8065,0.1371,0.0462,-0.0395,1.5,-31.19,4.19,93.22,-84.68,-153.43
52.40892,-1.540181,156.94,15.04,2,302.76,20 / 21,1870428,2019-09-06 18:47:17:110,0.1037,-0.0559,8.6886,0.0618,0.0355,9.8063,0.1992,0.0235,-0.0001,1.13,-32.06,4.88,70.77,-85.07,-151.32
52.40892,-1.540181,156.94,15.04,2,302.76,20 / 21,1870529,2019-09-06 18:47:17:211,-0.8134,0.024,9.9988,0.061,0.0325,9.8064,-0.0489,-0.011,-0.0157,1,-31.44,4.5,69.08,-85.04,-151.82
52.40892,-1.540181,156.94,15.04,2,302.76,20 / 21,1870628,2019-09-06 18:47:17:310,-0.1493,-0.1052,9.428,-0.0046,-0.0111,9.8066,-0.0379,-0.0072,0.0115,0.94,-31.06,5,68.37,-84.92,-153.16
52.40892,-1.540181,156.94,15.04,2,302.76,20 / 21,1870729,2019-09-06 18:47:17:411,-0.223,-0.2617,9.4593,-0.0184,-0.0242,9.8066,-0.0235,0.0151,-0.0028,1.5,-31.44,5.38,79.07,-84.86,-153.33
52.40892,-1.540181,156.94,15.04,2,302.76,20 / 21,1870828,2019-09-06 18:47:17:510,0.3922,-1.3213,10.4813,0.0086,0.0122,9.8066,0.1729,-0.0662,0.0065,1.63,-31.62,4.31,94.12,-84.8,-152.92
52.40892,-1.540181,156.94,15.04,2,302.76,20 / 21,1870929,2019-09-06 18:47:17:611,-0.9262,-0.5509,11.047,0.0344,0.0119,9.8065,0.3128,0.0566,-0.0646,1.81,-31.5,5.25,81.41,-84.79,-151.68
52.40892,-1.540181,156.94,15.04,2,302.76,20 / 21,1871029,2019-09-06 18:47:17:711,1.1779,-1.5832,11.0539,-0.1242,-0.0781,9.8055,-0.0868,0.0068,-0.1065,2,-32,5.31,83.2,-84.37,-154.21
52.40892,-1.540181,156.94,15.04,2,302.76,20 / 21,1871129,2019-09-06 18:47:17:811,-1.3653,-2.7317,8.4416,0.0194,-0.0294,9.8065,0.2476,0.0237,-0.1324,2.69,-31.81,4.88,87.92,-84.92,-152.25
52.40892,-1.540181,156.94,15.04,2,302.76,20 / 21,1871229,2019-09-06 18:47:17:911,0.6246,0.3581,9.5534,-0.0682,-0.0355,9.8063,-0.3935,-0.0061,0.0535,2.13,-31.19,3.63,89.06,-84.91,-155.59
52.40892,-1.540181,156.94,15.04,2,302.76,20 / 21,1871329,2019-09-06 18:47:18:011,1.2927,0.1541,9.8203,-0.0577,-0.0968,9.8059,-0.1786,0.0142,-0.0007,1.19,-31.31,4.69,64.08,-84.84,-156.86
52.40892,-1.540181,156.94,15.04,2,302.76,20 / 21,1871429,2019-09-06 18:47:18:111,-0.138,0.4595,9.5474,-0.0026,0.0078,9.8065,-0.0324,0.004,-0.0548,1.44,-32.06,5.63,56.16,-84.81,-156.74
52.40892,-1.540181,156.94,15.04,2,302.76,20 / 21,1871529,2019-09-06 18:47:18:211,0.6713,-0.1985,9.5663,-0.0121,-0.0129,9.8066,0.1085,0.0358,0.1002,1.69,-31.44,5.25,76.05,-84.65,-157.32
52.40892,-1.540181,156.94,15.04,2,302.76,20 / 21,1871628,2019-09-06 18:47:18:310,1.4922,0.9522,9.3409,0.0102,0.0267,9.8065,-0.0437,0.0912,-0.039,1.69,-32,5.56,67.83,-84.85,-155.65
52.40892,-1.540181,156.94,15.04,2,302.76,20 / 21,1871728,2019-09-06 18:47:18:410,0.7622,0.2202,9.1661,0.0324,0.0281,9.8065,-0.0494,-0.0471,-0.034,1.88,-31.44,5,76.51,-84.98,-154.81
52.40892,-1.540181,156.94,15.04,2,302.76,20 / 21,1871828,2019-09-06 18:47:18:510,-1.4114,-0.5709,9.9484,-0.0052,-0.0018,9.8066,0.1108,0.0018,0.0034,1.75,-31.94,4.94,77.71,-84.98,-154.78
52.40892,-1.540181,156.94,15.04,2,302.76,20 / 21,1871929,2019-09-06 18:47:18:611,-0.1408,0.4611,10.0734,0.0001,0.0084,9.8066,0.0858,-0.0297,-0.011,2.13,-31.87,5.5,68.38,-84.96,-154.61
52.40892,-1.540181,156.94,15.04,2,302.76,20 / 21,1872029,2019-09-06 18:47:18:711,-0.0108,-0.1497,10.2784,0.0017,-0.0044,9.8066,0.1035,0.0442,0.0197,1.5,-32.31,5.06,77.75,-84.96,-154.88
52.40892,-1.540181,156.94,15.04,2,302.76,20 / 21,1872128,2019-09-06 18:47:18:810,0.3974,-0.0547,10.2958,0.0115,0.0079,9.8066,0.1305,-0.0168,0.0705,2.31,-32.31,5.13,77.3,-84.94,-155.43
52.40892,-1.540181,156.94,15.04,2,302.76,20 / 21,1872228,2019-09-06 18:47:18:910,-0.2696,-0.1451,9.6026,-0.0184,-0.0096,9.8066,-0.0717,-0.0028,-0.0243,1.63,-31.56,4.31,91.88,-84.8,-155.27
52.40892,-1.540181,156.94,15.04,2,302.76,20 / 21,1872328,2019-09-06 18:47:19:010,0.3629,-0.1664,9.8903,-0.0063,-0.0177,9.8066,-0.08,-0.0418,-0.0158,2.19,-31.37,4.69,76.16,-84.84,-156
52.40892,-1.540181,156.94,15.04,2,302.76,20 / 21,1872428,2019-09-06 18:47:19:110,-0.1432,0.5641,9.6551,0.0041,-0.0035,9.8066,0.0354,0.0456,0.0164,1.81,-31.62,5,76.61,-84.87,-156.52
52.40892,-1.540181,156.94,15.04,2,302.76,20 / 21,1872529,2019-09-06 18:47:19:211,-1.079,0.1455,10.0614,-0.0036,0.0049,9.8066,0.0473,-0.0081,-0.0121,1.69,-31.62,5.25,76.16,-84.84,-157.07
52.40892,-1.540181,156.94,15.04,2,302.76,20 / 21,1872629,2019-09-06 18:47:19:311,-0.6187,-0.4538,9.5005,-0.0106,-0.0184,9.8066,-0.1328,-0.0652,-0.0264,1.94,-31.5,4.75,74.61,-84.87,-157.1
52.40892,-1.540181,156.94,15.04,2,302.76,20 / 21,1872729,2019-09-06 18:47:19:411,0.2013,0.8337,10.0474,-0.0289,-0.0169,9.8065,0.0896,-0.0174,0.0263,1.63,-31.75,5.25,75.04,-84.86,-157.92
52.40892,-1.540181,156.94,15.04,2,302.76,20 / 21,1872829,2019-09-06 18:47:19:511,-1.0668,-1.139,10.1049,0.0005,0.0067,9.8066,0.1528,-0.0156,-0.018,2.25,-31.56,4.88,72.67,-85.09,-158.35
52.40892,-1.540181,156.94,15.04,2,302.76,20 / 21,1872928,2019-09-06 18:47:19:610,0.3769,0.5102,10.6456,-0.0086,-0.0176,9.8066,0.0159,-0.0616,0.0256,2.31,-31.31,5.38,71.12,-84.98,-159.35
52.40892,-1.540181,156.94,15.04,2,302.76,20 / 21,1873028,2019-09-06 18:47:19:710,-0.7797,-0.3033,10.1916,-0.0034,0.004,9.8066,-0.0046,0.0533,0.0315,1.81,-31.25,4.75,72.84,-84.94,-158.13
52.40892,-1.540181,156.94,15.04,2,302.76,20 / 21,1873128,2019-09-06 18:47:19:810,-1.1194,-1.7132,9.2346,0.008,0.0042,9.8066,-0.0031,0.0392,0.0914,1.56,-31.37,5.25,73.05,-84.94,-157.97
52.40892,-1.540181,156.94,15.04,2,302.76,20 / 21,1873229,2019-09-06 18:47:19:911,-0.0287,0.5651,9.8254,-0.0315,-0.0107,9.8065,-0.1901,0.0964,-0.1257,1.63,-31.44,5.19,75.18,-84.96,-156.05
52.40892,-1.540181,156.94,15.04,2,302.76,20 / 21,1873329,2019-09-06 18:47:20:011,0.9421,-0.0522,8.9802,-0.0335,-0.0326,9.8065,-0.1223,0.0895,-0.0128,1.81,-31.5,5.44,75.22,-84.81,-157
52.40892,-1.540181,156.94,15.04,2,302.76,20 / 21,1873429,2019-09-06 18:47:20:111,-1.2922,1.5453,11.1429,0.0653,0.0476,9.8063,0.2152,-0.113,0.0263,2,-31.19,5.63,65.23,-85.17,-155.36
52.40892,-1.540181,156.94,15.04,2,302.76,20 / 21,1873529,2019-09-06 18:47:20:211,0.1481,1.1454,10.4822,0.0623,0.0702,9.8062,-0.0257,0.0493,-0.0226,1.44,-31,5.56,54.2,-85.19,-155.68
52.40892,-1.540181,156.94,15.04,2,302.76,20 / 21,1873628,2019-09-06 18:47:20:310,-0.3568,0.248,10.7915,-0.0279,-0.0527,9.8064,0.0341,0.0471,-0.0202,1.44,-31.12,5.69,52.76,-84.79,-158.48
52.40892,-1.540181,156.94,15.04,2,302.76,20 / 21,1873729,2019-09-06 18:47:20:411,-0.0559,-0.477,10.029,-0.0278,-0.0365,9.8065,-0.0708,-0.0496,0.0675,1.56,-31,4.75,73.3,-84.8,-158.64
52.40892,-1.540181,156.94,15.04,2,302.76,20 / 21,1873828,2019-09-06 18:47:20:510,1.9498,0.8855,9.3342,0.0298,0.0257,9.8065,-0.0835,-0.1341,-0.0028,2.06,-31.06,5.69,63.9,-84.79,-158.25
52.40892,-1.540181,156.94,15.04,2,302.76,20 / 21,1873929,2019-09-06 18:47:20:611,1.1589,0.866,9.8863,0.0208,0.0183,9.8065,-0.07,0.0009,-0.0722,1.44,-30.94,5.13,61.78,-85.11,-156.85
52.40892,-1.540181,156.94,15.04,2,302.76,20 / 21,1874029,2019-09-06 18:47:20:711,0.3299,1.2576,10.6975,-0.005,-0.0018,9.8066,0.0752,0.0021,0.0567,1.31,-30.94,5,59.03,-85.23,-158.12
52.40892,-1.540181,156.94,15.04,2,302.76,20 / 21,1874128,2019-09-06 18:47:20:810,-1.6207,0.1939,11.5506,0.0203,0.0335,9.8065,0.2748,-0.1028,0.0302,1.5,-30.62,6.13,61.25,-85.33,-157.81
52.40892,-1.540181,156.94,15.04,2,302.76,20 / 21,1874228,2019-09-06 18:47:20:910,0.1164,0.3294,9.8586,-0.0595,-0.0813,9.8061,-0.0779,0.0573,-0.1033,2.38,-30,6,59.66,-84.93,-160.16
52.40892,-1.540181,156.94,15.04,2,302.76,20 / 21,1874328,2019-09-06 18:47:21:010,2.2057,-1.2419,8.84,-0.0365,-0.0452,9.8064,0.0102,0.1741,0.0192,2.88,-29.81,4.75,77.4,-85.1,-159.09
52.40962,-1.541953,155.36,16,2,302.49,20 / 21,1874429,2019-09-06 18:47:21:111,-0.1622,0.967,9.3588,-0.0113,0.0175,9.8066,-0.2909,0.0328,-0.0324,2.31,-30.37,3.63,81.78,-85.27,-158.12
52.40962,-1.541953,155.36,16,2,302.49,20 / 21,1874529,2019-09-06 18:47:21:211,-0.7203,0.2231,10.236,-0.0467,-0.0284,9.8064,0.1043,0.0093,-0.0136,2.19,-31.69,4.94,73.22,-85.24,-156.88
52.40962,-1.541953,155.36,16,2,302.49,20 / 21,1874628,2019-09-06 18:47:21:310,0.8391,0.709,10.2378,-0.0068,0.0086,9.8066,0.1086,0.0593,-0.0548,2.31,-31.44,5.31,73.14,-85.15,-156.59
52.40962,-1.541953,155.36,16,2,302.49,20 / 21,1874729,2019-09-06 18:47:21:411,0.3508,-0.286,10.2487,0.0107,-0.0037,9.8066,0.0536,0.0326,0.0084,1.94,-31.19,5.5,64.14,-85.09,-156.63
52.40962,-1.541953,155.36,16,2,302.49,20 / 21,1874828,2019-09-06 18:47:21:510,0.1703,0.8408,9.5429,-0.0161,-0.0164,9.8065,-0.0328,-0.0589,0.0581,1.38,-31.94,4.88,63.94,-85.01,-156.92
52.40962,-1.541953,155.36,16,2,302.49,20 / 21,1874928,2019-09-06 18:47:21:610,0.4547,1.0837,9.8154,-0.0168,-0.0236,9.8066,-0.0519,-0.0195,0.0204,1.63,-31.12,5,74.68,-84.93,-156.66
52.40962,-1.541953,155.36,16,2,302.49,20 / 21,1875029,2019-09-06 18:47:21:711,-0.8915,0.098,9.6409,-0.0151,-0.0225,9.8065,-0.1294,0.0339,-0.0183,1.44,-31.62,4.63,65.21,-85.06,-155.66
52.40962,-1.541953,155.36,16,2,302.49,20 / 21,1875129,2019-09-06 18:47:21:811,0.0501,0.746,9.8655,-0.0226,-0.0245,9.8065,-0.1413,-0.0109,-0.0258,1.25,-31.25,4.94,62.34,-85,-157.16
52.40962,-1.541953,155.36,16,2,302.49,20 / 21,1875228,2019-09-06 18:47:21:910,0.9284,1.2944,9.9021,0.0178,0.0093,9.8066,0.0576,-0.0185,-0.0159,1.5,-31.44,5.19,72.52,-85.22,-156.63
52.40962,-1.541953,155.36,16,2,302.49,20 / 21,1875328,2019-09-06 18:47:22:010,-0.7313,1.31,10.4684,0.0167,0.0225,9.8066,0.0982,-0.0395,0.088,1.06,-30.44,5.38,59.19,-85.25,-157.02
52.40962,-1.541953,155.36,16,2,302.49,20 / 21,1875428,2019-09-06 18:47:22:110,-0.809,-0.2773,9.9645,-0.0353,-0.0223,9.8065,-0.0803,0.0085,-0.0258,2.63,-31.19,5.56,71.74,-84.99,-157.51
52.40962,-1.541953,155.36,16,2,302.49,20 / 21,1875529,2019-09-06 18:47:22:211,0.2418,0.1014,9.4013,-0.0202,-0.0284,9.8066,0.0092,0.0294,-0.0009,2.56,-31.06,5.19,80.31,-85.08,-157.51
52.40962,-1.541953,155.36,16,2,302.49,20 / 21,1875628,2019-09-06 18:47:22:310,0.389,-0.6707,9.5818,0.0338,-0.003,9.8065,0.0276,-0.0116,0.0689,2.56,-31.37,4.94,79.93,-85.15,-157.44
52.40962,-1.541953,155.36,16,2,302.49,20 / 21,1875729,2019-09-06 18:47:22:411,1.2017,1.5817,10.5534,-0.0208,-0.0254,9.8065,0.2635,0.0103,-0.0428,2.5,-30.37,4.63,76.81,-85.2,-159.07
52.40962,-1.541953,155.36,16,2,302.49,20 / 21,1875829,2019-09-06 18:47:22:511,-0.1301,-0.2342,10.0799,0.0345,0.0236,9.8066,0.2077,0.044,-0.0386,1.56,-31.25,4.69,68.97,-85.28,-159.22
52.40962,-1.541953,155.36,16,2,302.49,20 / 21,1875928,2019-09-06 18:47:22:610,0.7852,-0.1661,10.3201,0.0078,0.016,9.8066,0.1379,0.0578,-0.0144,1.5,-31.31,5.25,69.07,-85.06,-160.47
52.40962,-1.541953,155.36,16,2,302.49,20 / 21,1876028,2019-09-06 18:47:22:710,-0.5488,-0.1857,9.8656,-0.0223,-0.0215,9.8066,-0.087,0.0204,0.0684,1.13,-31.31,5.19,58.74,-84.88,-160.42
52.40962,-1.541953,155.36,16,2,302.49,20 / 21,1876128,2019-09-06 18:47:22:810,-1.2611,0.7161,9.2138,-0.02,-0.0124,9.8065,-0.114,-0.015,-0.034,1.5,-31.62,5.31,71.89,-84.94,-159.94
52.40962,-1.541953,155.36,16,2,302.49,20 / 21,1876228,2019-09-06 18:47:22:910,0.7822,1.3502,9.3843,0.0396,0.0249,9.8065,0.0524,-0.0929,0.0436,2.13,-32,5.38,72.36,-85.07,-158.75
52.40962,-1.541953,155.36,16,2,302.49,20 / 21,1876328,2019-09-06 18:47:23:010,0.1496,-0.5217,9.8426,0.0243,0.0203,9.8065,-0.0508,0.0267,0.0086,2.19,-31.5,5.31,69.94,-85.36,-157.92
52.40962,-1.541953,155.36,16,2,302.49,20 / 21,1876428,2019-09-06 18:47:23:110,0.8312,0.5532,9.8784,0.0155,0.0203,9.8066,0.178,0.0158,0.0078,2.19,-32,5.31,72.96,-85.33,-156.53
52.40962,-1.541953,155.36,16,2,302.49,20 / 21,1876529,2019-09-06 18:47:23:211,-1.2145,-0.4929,10.2051,0.0326,0.0413,9.8065,0.1402,-0.0206,-0.0005,1.81,-31.62,5.38,74.9,-85.32,-154.97
52.40962,-1.541953,155.36,16,2,302.49,20 / 21,1876629,2019-09-06 18:47:23:311,-0.0887,1.5192,11.1171,-0.0203,-0.027,9.8065,0.0187,0.0195,0.0076,1.44,-32.12,5.25,64.77,-85.33,-154.24
52.40962,-1.541953,155.36,16,2,302.49,20 / 21,1876728,2019-09-06 18:47:23:410,-0.5189,-0.4043,10.7035,-0.0203,-0.0159,9.8066,0.1062,-0.0007,-0.0021,2.19,-31.06,5,73.69,-85.21,-155.76
52.40962,-1.541953,155.36,16,2,302.49,20 / 21,1876828,2019-09-06 18:47:23:510,2.0813,0.961,9.299,-0.0378,-0.0277,9.8065,-0.3386,0.0515,-0.0361,1.56,-31.37,5.63,65.29,-85,-156.16
52.40962,-1.541953,155.36,16,2,302.49,20 / 21,1876929,2019-09-06 18:47:23:611,1.2272,0.2312,9.8925,-0.0317,-0.0194,9.8065,0.0766,-0.0419,0.072,2.56,-31.25,5,82.48,-85.09,-155.45
52.40962,-1.541953,155.36,16,2,302.49,20 / 21,1877028,2019-09-06 18:47:23:710,0.0777,0.6966,10.1854,0.0158,0.0271,9.8066,0.1571,0.0057,-0.0319,2.25,-31.44,5.25,76,-85.23,-153.6
52.40962,-1.541953,155.36,16,2,302.49,20 / 21,1877129,2019-09-06 18:47:23:811,0.7019,-0.0419,9.8548,0.0147,-0.0009,9.8066,0.0722,-0.0081,0.0306,1.88,-31.06,5.06,75.52,-85.17,-154.44
52.40962,-1.541953,155.36,16,2,302.49,20 / 21,1877229,2019-09-06 18:47:23:911,-0.0156,0.3868,9.7389,0,-0.0034,9.8066,-0.0371,-0.0235,-0.0273,1.88,-31.19,5.19,75.5,-85.19,-154.32
52.40962,-1.541953,155.36,16,2,302.49,20 / 21,1877329,2019-09-06 18:47:24:011,0.377,-0.0393,9.5129,-0.0168,-0.0169,9.8065,-0.1142,0.0831,-0.0208,1.19,-31.25,4.94,63.44,-85.2,-155.09
52.40962,-1.541953,155.36,16,2,302.49,20 / 21,1877429,2019-09-06 18:47:24:111,0.6915,0.0709,10.0634,-0.0008,0.0026,9.8066,-0.0446,-0.0264,0.0132,1.38,-30.94,4.88,62.74,-85.35,-154.72
52.40962,-1.541953,155.36,16,2,302.49,20 / 21,1877528,2019-09-06 18:47:24:210,1.4675,1.0573,9.9804,0.0149,0.0094,9.8066,0.0076,-0.0053,-0.0119,1.69,-31.06,4.94,74.32,-85.39,-154.09
52.40962,-1.541953,155.36,16,2,302.49,20 / 21,1877629,2019-09-06 18:47:24:311,-0.6924,0.1686,10.3643,-0.0196,-0.024,9.8065,-0.056,-0.0002,-0.0155,1.06,-31.62,5.44,63.92,-85.4,-154.39
52.40962,-1.541953,155.36,16,2,302.49,20 / 21,1877728,2019-09-06 18:47:24:410,1.0545,0.1921,9.9992,-0.0217,-0.0347,9.8065,-0.0934,0.0771,-0.0017,1.75,-31.5,5.38,72.93,-85.22,-156.3
52.40962,-1.541953,155.36,16,2,302.49,20 / 21,1877829,2019-09-06 18:47:24:511,0.7161,-1.1161,9.4012,-0.0027,0.0002,9.8066,-0.0155,0.05,-0.0291,1.88,-31.62,5.94,64.97,-85.28,-155.77
52.40962,-1.541953,155.36,16,2,302.49,20 / 21,1877929,2019-09-06 18:47:24:611,1.1637,-0.4336,9.3883,0.0025,-0.0026,9.8066,0.0689,-0.0433,0.0584,1.63,-31.62,5,74.34,-85.27,-155.76
52.40962,-1.541953,155.36,16,2,302.49,20 / 21,1878028,2019-09-06 18:47:24:710,-1.532,-0.6706,9.5913,-0.0165,-0.0073,9.8066,-0.0595,0.0391,-0.0618,1.56,-30.69,5.44,72.7,-85.18,-156.78
52.40962,-1.541953,155.36,16,2,302.49,20 / 21,1878129,2019-09-06 18:47:24:811,1.0969,-0.88,9.2583,-0.0153,-0.014,9.8065,0.0222,0.0338,-0.039,1.63,-31.06,5.94,62.96,-85.12,-157.44
52.40962,-1.541953,155.36,16,2,302.49,20 / 21,1878228,2019-09-06 18:47:24:910,0.5499,1.7645,9.8714,0.0095,0.0146,9.8066,-0.0768,-0.0203,0.1316,1.88,-30.81,5.19,74.8,-85.07,-155.65
52.40962,-1.541953,155.36,16,2,302.49,20 / 21,1878328,2019-09-06 18:47:25:010,1.4008,-0.3677,9.3301,-0.0131,0.0122,9.8066,-0.1322,-0.0122,0.0359,1.25,-31.37,5.44,66.76,-85.06,-153.47
52.40962,-1.541953,155.36,16,2,302.49,20 / 21,1878428,2019-09-06 18:47:25:110,-1.6025,0.8349,11.0955,0.0156,0.0618,9.8064,0.4037,-0.1096,0.0905,0.69,-31.5,6.06,65.32,-85.22,-146.98
52.40962,-1.541953,155.36,16,2,302.49,20 / 21,1878528,2019-09-06 18:47:25:210,-2.3738,-0.7277,9.7162,0.1135,0.078,9.8056,0.0513,-0.1361,-0.0823,1.63,-30.87,6.63,67.98,-85.48,-146.19
52.40962,-1.541953,155.36,16,2,302.49,20 / 21,1878629,2019-09-06 18:47:25:311,-1.7772,0.359,12.413,0.0007,-0.065,9.8064,0.1487,-0.0365,0.0716,1.75,-31,6.88,66.07,-85.46,-147.94
52.40962,-1.541953,155.36,16,2,302.49,20 / 21,1878728,2019-09-06 18:47:25:410,2.2104,-2.4475,9.8753,-0.0169,0.0028,9.8065,0.1739,0.1679,-0.2858,3.31,-30.44,5.5,73.97,-85.51,-152.39
52.40962,-1.541953,155.36,16,2,302.49,20 / 21,1878828,2019-09-06 18:47:25:510,-0.1086,0.6945,11.2499,-0.1144,-0.112,9.8053,-0.3778,-0.0453,0.1099,3.25,-31,4.88,76.11,-85.31,-159.92
52.40962,-1.541953,155.36,16,2,302.49,20 / 21,1878929,2019-09-06 18:47:25:611,1.0111,2.638,9.4727,-0.0558,-0.0438,9.8063,0.0928,-0.0621,0.0774,2.75,-30.87,4.69,76.16,-85.66,-157.92
52.40962,-1.541953,155.36,16,2,302.49,20 / 21,1879028,2019-09-06 18:47:25:710,-1.2775,-1.5462,10.2824,-0.0108,0.0009,9.8066,-0.1455,0.125,-0.028,1.44,-31.31,4.94,58.29,-85.34,-158
52.40962,-1.541953,155.36,16,2,302.49,20 / 21,1879128,2019-09-06 18:47:25:810,1.2546,1.7153,10.0417,-0.0237,-0.0371,9.8065,-0.1609,-0.0756,0.1123,1.63,-31.31,6.38,61.34,-85.11,-158.74
52.40962,-1.541953,155.36,16,2,302.49,20 / 21,1879229,2019-09-06 18:47:25:911,-1.5845,-0.2869,9.6378,0.0286,0.0374,9.8065,0.1079,-0.0082,0.0018,2.13,-31.44,6.81,58.26,-85,-156.25
52.40962,-1.541953,155.36,16,2,302.49,20 / 21,1879329,2019-09-06 18:47:26:011,0.4533,0.0327,9.8749,0.0258,0.0295,9.8066,0.0838,0.0748,0.0088,3.06,-31.19,6,72.98,-85.37,-154.58
52.40962,-1.541953,155.36,16,2,302.49,20 / 21,1879428,2019-09-06 18:47:26:110,0.1467,0.3999,10.3303,-0.0199,-0.0135,9.8066,-0.0486,0.0139,-0.0406,2.44,-31.25,5.56,65.39,-85.39,-154.14
52.40962,-1.541953,155.36,16,2,302.49,20 / 21,1879529,2019-09-06 18:47:26:211,-0.6446,-0.6875,8.8945,-0.021,-0.0357,9.8065,0.0091,-0.002,-0.0091,2.31,-31.69,5.44,74.38,-85.29,-155.61
52.40962,-1.541953,155.36,16,2,302.49,20 / 21,1879628,2019-09-06 18:47:26:310,1.8473,0.5018,9.8123,0.0047,0.016,9.8066,-0.0568,0.023,0.0212,2.44,-31.69,5.19,74.58,-85.41,-154.66
52.40962,-1.541953,155.36,16,2,302.49,20 / 21,1879729,2019-09-06 18:47:26:411,0.9007,0.5753,10.4849,-0.0015,0.001,9.8066,0.2204,0.0444,0.047,1.94,-31.5,5.5,66.07,-85.27,-154.2
52.40962,-1.541953,155.36,16,2,302.49,20 / 21,1879828,2019-09-06 18:47:26:510,-0.118,-0.8039,10.3647,0.0108,0.0115,9.8066,0.0962,-0.0065,0.0209,2.06,-30.19,6.44,64.76,-85.3,-154.39
52.40962,-1.541953,155.36,16,2,302.49,20 / 21,1879929,2019-09-06 18:47:26:611,-0.3177,0.2852,10.7273,0.0134,0.037,9.8065,0.1061,-0.0345,-0.0144,1.31,-31,6.13,56.78,-85.34,-153.09
52.40962,-1.541953,155.36,16,2,302.49,20 / 21,1880029,2019-09-06 18:47:26:711,0.6098,0.2246,8.7183,-0.0408,-0.0466,9.8064,-0.0898,0.0214,0.0255,1.63,-31.31,6.25,66.07,-85.51,-153
52.40962,-1.541953,155.36,16,2,302.49,20 / 21,1880131,2019-09-06 18:47:26:813,1.4431,0.6235,9.0427,-0.0435,-0.0598,9.8063,-0.1073,0.1534,-0.0704,2.63,-30.19,6.56,66.72,-85.05,-154.8
52.40962,-1.541953,155.36,16,2,302.49,20 / 21,1880228,2019-09-06 18:47:26:910,1.2158,0.3498,9.1417,0.0139,0.0363,9.8065,-0.0684,-0.0018,0.0261,1.75,-31.06,6.13,68.52,-85.38,-151.58
52.40962,-1.541953,155.36,16,2,302.49,20 / 21,1880330,2019-09-06 18:47:27:012,0.857,0.4835,8.8478,0.0248,0.0259,9.8065,-0.1838,0.0279,0.037,1.56,-30.94,5.63,68.73,-85.46,-151.02
52.40962,-1.541953,155.36,16,2,302.49,20 / 21,1880429,2019-09-06 18:47:27:111,-0.2283,-0.0832,11.5189,-0.0295,-0.0065,9.8066,0.0933,0.1031,-0.0313,1.56,-30.81,6.88,68.29,-85.27,-146.8
52.40962,-1.541953,155.36,16,2,302.49,20 / 21,1880529,2019-09-06 18:47:27:211,-0.0028,0.1764,10.0593,0.0431,0.0482,9.8063,-0.215,-0.0202,-0.0426,1.38,-31,6.63,59.86,-85.62,-145.22
52.40962,-1.541953,155.36,16,2,302.49,20 / 21,1880628,2019-09-06 18:47:27:310,-1.1181,-0.5584,10.6815,-0.0338,-0.0513,9.8064,-0.2057,0.0289,-0.1266,1.69,-31.5,7.06,68.08,-85.49,-146.08
52.40962,-1.541953,155.36,16,2,302.49,20 / 21,1880729,2019-09-06 18:47:27:411,0.0402,-0.5705,10.3391,-0.0275,-0.0618,9.8064,0.0507,0.0424,0.014,1.63,-31.87,6.38,71.96,-85.4,-149.28
52.40962,-1.541953,155.36,16,2,302.49,20 / 21,1880828,2019-09-06 18:47:27:510,0.0657,-0.2831,10.1592,-0.004,0.0001,9.8066,0.0652,-0.015,-0.0324,1.88,-31.81,6.44,71.51,-85.47,-149.34
52.40962,-1.541953,155.36,16,2,302.49,20 / 21,1880929,2019-09-06 18:47:27:611,0.1657,0.2463,10.3637,0.014,-0.0058,9.8065,0.0504,0.0366,-0.0477,2.31,-31.69,7.31,62.98,-85.42,-151.32
52.40962,-1.541953,155.36,16,2,302.49,20 / 21,1881028,2019-09-06 18:47:27:710,1.1167,-1.0296,9.0379,-0.0265,-0.0287,9.8065,-0.1667,0.1053,-0.0105,2.63,-31.5,7,68.23,-85.3,-153.14
52.40962,-1.541953,155.36,16,2,302.49,20 / 21,1881129,2019-09-06 18:47:27:811,1.1585,-0.1273,9.016,-0.035,-0.0255,9.8065,-0.1318,0.076,-0.0494,2.56,-30.94,7.06,69.42,-85.28,-152.18
52.40962,-1.541953,155.36,16,2,302.49,20 / 21,1881229,2019-09-06 18:47:27:911,0.0397,-0.1869,9.8609,0.0269,0.0331,9.8065,0.0317,0.0052,0.0445,2.81,-31,6.25,76.82,-85.4,-151.02
52.40962,-1.541953,155.36,16,2,302.49,20 / 21,1881329,2019-09-06 18:47:28:011,-0.6301,-1.1202,9.7322,0.0263,0.0337,9.8065,-0.038,0.0175,0.006,2.81,-30.69,5.56,78.62,-85.62,-148.27
52.40962,-1.541953,155.36,16,2,302.49,20 / 21,1881428,2019-09-06 18:47:28:110,0.0217,-0.3439,10.0483,-0.0305,-0.0211,9.8065,0.0203,0.0547,-0.0766,2.69,-31.19,5.94,79.3,-85.39,-148.76
52.40962,-1.541953,155.36,16,2,302.49,20 / 21,1881529,2019-09-06 18:47:28:211,0.5577,-1.535,10.8832,-0.0021,-0.0133,9.8066,0.05,-0.0671,0.0371,2.56,-31.44,6.5,71.85,-85.49,-149.16
52.40962,-1.541953,155.36,16,2,302.49,20 / 21,1881628,2019-09-06 18:47:28:310,0.102,0.373,9.6008,-0.0101,-0.0479,9.8065,-0.2656,-0.0569,-0.0024,2.94,-31.75,6.81,72.03,-85.27,-150.52
52.40962,-1.541953,155.36,16,2,302.49,20 / 21,1881728,2019-09-06 18:47:28:410,0.6924,2.5091,9.2373,-0.0349,-0.0534,9.8064,-0.2228,-0.0026,0.0125,2,-31.06,6.31,69.92,-85.3,-150.81
52.40962,-1.541953,155.36,16,2,302.49,20 / 21,1881828,2019-09-06 18:47:28:510,-0.0829,0.9336,10.0181,0.0209,0.0395,9.8065,0.0279,-0.0082,0.0398,2.25,-31.75,7.06,64.16,-85.42,-150.3
52.40962,-1.541953,155.36,16,2,302.49,20 / 21,1881930,2019-09-06 18:47:28:612,0.2143,-1.6554,10.176,-0.0012,0.0232,9.8066,-0.0376,0.1018,-0.1053,2.44,-31.75,7.63,61.57,-85.53,-147.99
52.40962,-1.541953,155.36,16,2,302.49,20 / 21,1882029,2019-09-06 18:47:28:711,0.2631,-1.4707,9.9778,-0.0026,-0.0226,9.8065,0.0667,0.0273,0.0121,2.69,-31.69,7.56,64.11,-85.52,-151.81
52.40962,-1.541953,155.36,16,2,302.49,20 / 21,1882128,2019-09-06 18:47:28:810,0.7672,-0.8172,9.7534,-0.003,-0.0236,9.8065,-0.0823,0.0105,-0.0398,2.5,-31.37,7.75,62.52,-85.49,-152.8
52.40962,-1.541953,155.36,16,2,302.49,20 / 21,1882228,2019-09-06 18:47:28:910,-0.0079,-0.1813,9.4243,0.0377,0.0301,9.8064,0.0098,0.0026,0.0132,2.81,-32,7.38,66.6,-85.79,-153.14
52.40962,-1.541953,155.36,16,2,302.49,20 / 21,1882329,2019-09-06 18:47:29:011,0.2438,-1.1828,10.1887,0.0132,0.0278,9.8066,0.0773,0.0383,-0.0447,3.19,-31.62,7.5,61.61,-85.85,-152.83
52.40962,-1.541953,155.36,16,2,302.49,20 / 21,1882429,2019-09-06 18:47:29:111,-0.5457,0.7953,9.8389,-0.0222,-0.0381,9.8065,-0.0578,-0.0542,-0.0161,3.63,-31.56,7.81,66.41,-85.84,-154.02
52.40962,-1.541953,155.36,16,2,302.49,20 / 21,1882529,2019-09-06 18:47:29:211,0.0219,0.8124,9.9716,-0.0033,-0.0253,9.8066,0.0675,0.0483,-0.0381,3.13,-32.12,6.69,62.15,-85.74,-157.17
52.40962,-1.541953,155.36,16,2,302.49,20 / 21,1882629,2019-09-06 18:47:29:311,-1.5539,0.3533,9.988,-0.028,-0.0062,9.8066,0.0373,0.0944,0.0434,2.88,-31.5,7.06,59.6,-85.86,-158.39
52.40962,-1.541953,155.36,16,2,302.49,20 / 21,1882728,2019-09-06 18:47:29:410,0.4735,-1.9207,8.4862,-0.0024,-0.0021,9.8066,-0.2217,-0.083,-0.1298,2.81,-31.87,7.63,55.52,-86.03,-157.48
52.40962,-1.541953,155.36,16,2,302.49,20 / 21,1882828,2019-09-06 18:47:29:510,-0.1236,0.8001,8.8922,-0.0087,-0.0444,9.8065,-0.2002,0.0221,0.0542,3.31,-31.69,7.19,60.22,-85.93,-158.07
52.40962,-1.541953,155.36,16,2,302.49,20 / 21,1882929,2019-09-06 18:47:29:611,-0.0652,0.6907,9.861,-0.0645,-0.0705,9.8061,-0.1683,0.0229,0.123,2.69,-31.06,7.56,55.31,-85.74,-158.15
52.40962,-1.541953,155.36,16,2,302.49,20 / 21,1883029,2019-09-06 18:47:29:711,1.0581,-0.1607,9.9435,0.0415,0.0645,9.8063,0.2225,-0.1803,0.0698,2.5,-31.19,7.75,59.29,-85.51,-155.52
52.40962,-1.541953,155.36,16,2,302.49,20 / 21,1883129,2019-09-06 18:47:29:811,0.3021,-2.0329,8.9097,0.0445,0.0465,9.8064,0.0864,0.1604,-0.0731,2.88,-31.69,8,60.49,-85.75,-154.15
52.40962,-1.541953,155.36,16,2,302.49,20 / 21,1883229,2019-09-06 18:47:29:911,-1.0867,-1.3584,8.8899,0.0144,0.0439,9.8065,0.0955,-0.0161,-0.04,2.88,-31.19,7.63,57.43,-85.93,-155.76
52.40962,-1.541953,155.36,16,2,302.49,20 / 21,1883330,2019-09-06 18:47:30:012,-0.2717,-0.3731,11.077,0.0261,-0.0431,9.8064,0.2306,-0.0597,0.0064,3.31,-32.37,7.75,52.54,-85.86,-160.52
52.410263,-1.543733,153.68,15.34,2,295.79,20 / 21,1883429,2019-09-06 18:47:30:111,-2.0151,2.1398,9.4102,-0.0169,-0.0329,9.8066,-0.0451,0.2795,-0.2366,3.25,-31.81,8.44,47.42,-85.92,-164.55
52.410263,-1.543733,153.68,15.34,2,295.79,20 / 21,1883529,2019-09-06 18:47:30:211,-0.5955,-0.7291,8.7482,-0.008,-0.0101,9.8065,-0.0521,-0.0306,-0.0673,3.25,-31.37,8.13,42.1,-85.76,-168.91
52.410263,-1.543733,153.68,15.34,2,295.79,20 / 21,1883628,2019-09-06 18:47:30:310,-1.6313,1.4141,9.1839,0.0471,0.0291,9.8065,-0.0013,-0.075,0.1503,2.81,-31.12,7.38,51.45,-85.76,-165.46
52.410263,-1.543733,153.68,15.34,2,295.79,20 / 21,1883729,2019-09-06 18:47:30:411,0.9034,-0.0663,9.934,-0.0142,0.0107,9.8066,-0.1147,0.0727,0.0541,3.81,-30.62,6.81,57.28,-86.05,-165.42
52.410263,-1.543733,153.68,15.34,2,295.79,20 / 21,1883828,2019-09-06 18:47:30:510,0.1718,-0.9956,9.8944,-0.0023,0.013,9.8066,0.0738,0.0319,-0.0376,3.5,-31.12,7.75,55,-86.05,-162.92
52.410263,-1.543733,153.68,15.34,2,295.79,20 / 21,1883929,2019-09-06 18:47:30:611,-0.6214,0.0515,9.6766,0.0011,0.0069,9.8066,0.039,-0.0591,0.0682,3.38,-31.5,7.69,48.91,-85.95,-162.88
52.410263,-1.543733,153.68,15.34,2,295.79,20 / 21,1884030,2019-09-06 18:47:30:712,-0.3242,-0.3198,9.8239,0.0037,0.0066,9.8066,-0.0039,0.0105,0.0416,3.06,-30.62,7.31,55.38,-85.86,-161.91
52.410263,-1.543733,153.68,15.34,2,295.79,20 / 21,1884129,2019-09-06 18:47:30:811,-0.1025,0.2123,9.5407,-0.006,0.0008,9.8066,-0.0265,0.0566,-0.0213,3,-31,6.75,56.5,-85.9,-160.82
52.410263,-1.543733,153.68,15.34,2,295.79,20 / 21,1884229,2019-09-06 18:47:30:911,-0.4719,0.0082,10.0017,-0.0026,0.0131,9.8066,-0.0419,0.0454,0.0131,2.44,-31.69,6.69,49.88,-86.01,-159.69
52.410263,-1.543733,153.68,15.34,2,295.79,20 / 21,1884328,2019-09-06 18:47:31:010,0.6912,1.3738,10.1324,-0.001,0.0111,9.8066,-0.095,-0.0436,0.0404,2.94,-31.56,7.31,59.89,-86.04,-157.93
52.410263,-1.543733,153.68,15.34,2,295.79,19 / 20,1884429,2019-09-06 18:47:31:111,-1.6241,0.1907,10.765,-0.0104,0.0013,9.8065,0.2076,-0.0784,0.0289,2.56,-31.87,7.25,62.1,-85.89,-156.64
52.410263,-1.543733,153.68,15.34,2,295.79,19 / 20,1884529,2019-09-06 18:47:31:211,-0.768,-1.1182,10.0671,0.0121,0.0153,9.8066,-0.1046,-0.0427,0.0224,2.31,-31.87,7.31,54.44,-85.84,-156.63
52.410263,-1.543733,153.68,15.34,2,295.79,19 / 20,1884628,2019-09-06 18:47:31:310,-0.6208,-1.3638,9.2934,-0.0042,-0.0153,9.8066,-0.1752,-0.0587,0.0521,2.19,-32.06,7.5,49.59,-85.77,-157.13
52.410263,-1.543733,153.68,15.34,2,295.79,19 / 20,1884728,2019-09-06 18:47:31:410,-0.2251,0.0371,9.6563,-0.0031,0.0011,9.8066,-0.0165,0.009,-0.0386,2.69,-31.5,7.63,57.66,-85.95,-155.48
52.410263,-1.543733,153.68,15.34,2,295.79,19 / 20,1884829,2019-09-06 18:47:31:511,0.1054,0.4338,10.2223,-0.0083,-0.0129,9.8065,0.0047,0.0311,-0.028,2.69,-31.5,7.63,56.58,-86.09,-155.99
52.410263,-1.543733,153.68,15.34,2,295.79,19 / 20,1884929,2019-09-06 18:47:31:611,0.8002,0.1717,9.702,-0.0086,-0.0292,9.8066,-0.0934,-0.0396,-0.0421,3.06,-31.81,7.56,54.81,-85.91,-158.46
52.410263,-1.543733,153.68,15.34,2,295.79,19 / 20,1885029,2019-09-06 18:47:31:711,-1.7722,0.381,9.8576,-0.0179,-0.0162,9.8065,0.0315,-0.0052,0.0523,3,-31.31,7.75,54.49,-85.82,-158.58
52.410263,-1.543733,153.68,15.34,2,295.79,19 / 20,1885129,2019-09-06 18:47:31:811,0.1334,-0.5046,10.5586,-0.0158,-0.0242,9.8065,-0.0416,0.0598,-0.0018,2.94,-31.19,7.69,54.15,-85.84,-158.82
52.410263,-1.543733,153.68,15.34,2,295.79,19 / 20,1885228,2019-09-06 18:47:31:910,-1.7355,-1.7782,10.3426,-0.0198,-0.0311,9.8065,-0.1015,-0.0616,-0.0014,2.56,-32.37,7.75,53.96,-85.96,-159.02
52.410263,-1.543733,153.68,15.34,2,295.79,19 / 20,1885329,2019-09-06 18:47:32:011,0.6683,0.6688,9.3695,-0.0127,-0.0301,9.8066,0.0976,-0.0813,0.0324,3.25,-32.31,6.94,57.61,-85.84,-160.59
52.410263,-1.543733,153.68,15.34,2,295.79,20 / 21,1885429,2019-09-06 18:47:32:111,-0.2416,0.2579,9.4827,0.0226,0.0084,9.8066,-0.073,-0.0419,0.0054,2.63,-32.37,7.19,56.39,-85.95,-161.2
52.410263,-1.543733,153.68,15.34,2,295.79,20 / 21,1885528,2019-09-06 18:47:32:210,-1.195,0.3855,9.2306,-0.0024,-0.0133,9.8066,-0.1043,-0.0975,0.0662,3.06,-32,7.31,54.77,-85.93,-162.6
52.410263,-1.543733,153.68,15.34,2,295.79,20 / 21,1885629,2019-09-06 18:47:32:311,-0.2505,-0.0303,9.7645,0.0183,0.0223,9.8066,0.0711,-0.0194,-0.0452,1.81,-32,7.44,45.75,-86.04,-162.84
52.410263,-1.543733,153.68,15.34,2,295.79,20 / 21,1885728,2019-09-06 18:47:32:410,-1.0316,0.8992,10.4389,0.012,0.0123,9.8065,0.0601,-0.0572,-0.0038,3.06,-31.81,7.63,48.32,-86.04,-163.44
52.410263,-1.543733,153.68,15.34,2,295.79,20 / 21,1885828,2019-09-06 18:47:32:510,0.4375,1.6383,9.7507,0.0067,-0.0241,9.8065,-0.0338,-0.0373,-0.0038,3.19,-31.56,6.81,49.53,-86.16,-166.11
52.410263,-1.543733,153.68,15.34,2,295.79,20 / 21,1885929,2019-09-06 18:47:32:611,0.7277,1.099,10.2097,-0.0039,-0.0242,9.8066,0.158,-0.1088,-0.0297,3,-31.94,7.19,45.23,-86.04,-169.94
52.410263,-1.543733,153.68,15.34,2,295.79,20 / 21,1886028,2019-09-06 18:47:32:710,0.6468,-1.1444,10.5524,-0.0003,-0.0079,9.8066,0.1664,-0.1863,0.0773,2.75,-31.81,7,42.38,-85.81,-172.84
52.410263,-1.543733,153.68,15.34,2,295.79,20 / 21,1886129,2019-09-06 18:47:32:811,0.537,0.6995,8.8445,-0.0057,-0.0057,9.8066,0.0303,-0.0664,0.0467,1.94,-31.87,7,37.01,-85.65,-170.6
52.410263,-1.543733,153.68,15.34,2,295.79,20 / 21,1886228,2019-09-06 18:47:32:910,-0.1432,2.8198,10.0937,-0.0292,0.0034,9.8066,-0.0572,0.0012,-0.0805,3.63,-32.25,6.31,60.74,-85.87,-169.23
52.410263,-1.543733,153.68,15.34,2,295.79,20 / 21,1886329,2019-09-06 18:47:33:011,-2.7781,0.6925,11.0347,0.0178,-0.0082,9.8066,0.1566,-0.1014,0.0063,3.13,-31.81,6.69,46.21,-86.06,-169.09
52.410263,-1.543733,153.68,15.34,2,295.79,20 / 21,1886429,2019-09-06 18:47:33:111,-1.6658,0.2563,8.8397,0.0367,-0.0469,9.8064,0.0466,0.1571,-0.0811,3.44,-32,7,32.18,-86.19,-179.62
52.410263,-1.543733,153.68,15.34,2,295.79,20 / 21,1886529,2019-09-06 18:47:33:211,-2.6125,2.8379,8.5275,-0.0026,0.044,9.8065,-0.0571,-0.0665,-0.0606,3.25,-32.56,6,36.68,-86.39,179.39
52.410263,-1.543733,153.68,15.34,2,295.79,20 / 21,1886628,2019-09-06 18:47:33:310,0.6377,2.0382,12.389,-0.0169,-0.0188,9.8066,0.2309,-0.1555,0.3208,2.88,-32.37,6.25,38.65,-86.61,-178.12
52.410263,-1.543733,153.68,15.34,2,295.79,20 / 21,1886729,2019-09-06 18:47:33:411,-2.2122,0.5638,9.3356,-0.0208,0.0371,9.8065,-0.2488,-0.0214,0.0538,2.69,-32.12,6.25,50.16,-86.41,-169.75
52.410263,-1.543733,153.68,15.34,2,295.79,20 / 21,1886828,2019-09-06 18:47:33:510,-3.5801,-0.6805,8.8244,-0.073,-0.087,9.806,-0.0873,-0.1584,0.1824,2.38,-31.81,6.25,48.48,-85.63,-166.84
52.410263,-1.543733,153.68,15.34,2,295.79,20 / 21,1886928,2019-09-06 18:47:33:610,0.5048,0.8,9.6858,-0.0691,-0.0599,9.8062,-0.102,-0.0013,0.0059,2.13,-31.87,6,55.03,-85.57,-162.19
52.410263,-1.543733,153.68,15.34,2,295.79,20 / 21,1887028,2019-09-06 18:47:33:710,-1.2075,1.1383,9.5002,-0.0081,0.0245,9.8066,-0.2136,0.0099,0.004,1.94,-32.56,5.56,61.86,-86.01,-155.32
52.410263,-1.543733,153.68,15.34,2,295.79,20 / 21,1887129,2019-09-06 18:47:33:811,-0.2793,0.7881,9.9869,-0.0134,0.0079,9.8065,-0.1262,-0.1166,0.0948,1.63,-32.25,5,72.98,-86.07,-151.83
52.410263,-1.543733,153.68,15.34,2,295.79,20 / 21,1887229,2019-09-06 18:47:33:911,-1.6634,0.5395,10.1395,0.0006,-0.0013,9.8066,0.0908,-0.0744,0.0986,1.06,-32,4.81,66.69,-85.94,-148.79
52.410263,-1.543733,153.68,15.34,2,295.79,20 / 21,1887329,2019-09-06 18:47:34:011,-0.4381,-0.3431,11.0388,-0.0275,-0.0041,9.8066,0.0235,-0.0359,-0.0452,0.75,-32.56,4.94,70.84,-85.75,-147.52
52.410263,-1.543733,153.68,15.34,2,295.79,20 / 21,1887429,2019-09-06 18:47:34:111,0.2555,-0.2981,10.8057,0.0017,-0.0143,9.8066,0.0401,-0.1238,0.0801,1.38,-32.87,4.63,69.94,-85.81,-147.89
52.410263,-1.543733,153.68,15.34,2,295.79,20 / 21,1887529,2019-09-06 18:47:34:211,-0.8588,1.7753,9.5969,0.0015,-0.0101,9.8066,-0.1484,-0.1265,-0.0437,1,-32.62,4.94,70.28,-85.8,-147.64
52.410263,-1.543733,153.68,15.34,2,295.79,20 / 21,1887628,2019-09-06 18:47:34:310,-0.5075,0.191,9.6032,-0.013,-0.0035,9.8066,-0.1058,0.0017,-0.0631,0.81,-31.87,4.69,71.91,-85.66,-146.38
52.410263,-1.543733,153.68,15.34,2,295.79,20 / 21,1887729,2019-09-06 18:47:34:411,-2.4797,0.8589,9.118,-0.0042,0.0039,9.8066,-0.0335,-0.1561,0.1203,0.63,-32.19,5.06,71.9,-85.68,-146.2
52.410263,-1.543733,153.68,15.34,2,295.79,20 / 21,1887829,2019-09-06 18:47:34:511,-0.7725,-0.4505,9.3964,0.0126,0.028,9.8065,0.0608,-0.125,0.026,0.38,-32.44,4.44,71.73,-85.47,-145.27
52.410263,-1.543733,153.68,15.34,2,295.79,20 / 21,1887929,2019-09-06 18:47:34:611,-0.1336,0.5001,10.4923,0.0396,0.0482,9.8064,0.2265,-0.0653,0.0259,0,-32,4.38,73.9,-85.69,-141.53
52.410263,-1.543733,153.68,15.34,2,295.79,20 / 21,1888029,2019-09-06 18:47:34:711,-2.4436,0.8247,9.6222,-0.0419,-0.0373,9.8064,-0.0958,0.055,-0.09,0.31,-32.62,4.56,67.03,-85.31,-142.91
52.410263,-1.543733,153.68,15.34,2,295.79,20 / 21,1888129,2019-09-06 18:47:34:811,-1.4855,0.7031,9.8379,-0.0176,-0.0175,9.8066,0.0141,-0.084,0.0671,-0.12,-32.56,3.69,77.46,-85.51,-141.75
52.410263,-1.543733,153.68,15.34,2,295.79,20 / 21,1888229,2019-09-06 18:47:34:911,1.0852,0.4877,9.2956,0.0059,-0.0016,9.8066,-0.2278,-0.0197,-0.0224,0.13,-32.44,3.81,75.61,-85.65,-140.54
52.410263,-1.543733,153.68,15.34,2,295.79,20 / 21,1888328,2019-09-06 18:47:35:010,-2.0891,1.0849,9.7481,0.0155,-0.0031,9.8066,-0.1048,-0.2024,0.0555,0.06,-32.37,4.25,74.42,-85.79,-140.2
52.410263,-1.543733,153.68,15.34,2,295.79,20 / 21,1888429,2019-09-06 18:47:35:111,-0.5927,1.5895,10.3303,-0.0013,0.0166,9.8066,0.1442,-0.0751,-0.043,0.06,-31.87,4.56,65.35,-85.72,-140.53
52.410263,-1.543733,153.68,15.34,2,295.79,20 / 21,1888528,2019-09-06 18:47:35:210,-1.2605,-0.1563,10.4847,0.0082,0.0378,9.8065,0.1236,-0.0087,-0.1533,-0.31,-32.12,3.44,93.48,-85.73,-139.1
52.410263,-1.543733,153.68,15.34,2,295.79,20 / 21,1888628,2019-09-06 18:47:35:310,-0.7403,-0.3745,10.4634,-0.0114,-0.0456,9.8065,-0.0153,-0.1761,0.1011,0.19,-32.31,3.88,71.81,-85.6,-143.98
52.410263,-1.543733,153.68,15.34,2,295.79,20 / 21,1888729,2019-09-06 18:47:35:411,-0.7906,0.4893,9.7188,-0.0185,-0.0351,9.8065,-0.0693,-0.0751,0.0432,0.06,-32.62,3.63,74.11,-85.52,-144.37
52.410263,-1.543733,153.68,15.34,2,295.79,20 / 21,1888828,2019-09-06 18:47:35:510,-0.7034,1.338,10.2197,0.0064,0.0047,9.8066,0.039,-0.1169,-0.0609,-0.06,-31.69,3.69,74.81,-85.45,-143.14
52.410263,-1.543733,153.68,15.34,2,295.79,20 / 21,1888929,2019-09-06 18:47:35:611,0.088,0.6898,9.9794,-0.0153,-0.0057,9.8065,0.1198,0.0457,-0.0653,-0.06,-31.69,3.56,73.96,-85.42,-144.04
52.410263,-1.543733,153.68,15.34,2,295.79,20 / 21,1889029,2019-09-06 18:47:35:711,0.4107,2.3844,9.5789,-0.0404,-0.0135,9.8065,-0.2294,-0.087,0.0205,-0.94,-31.94,3.25,65.36,-85.33,-144.94
52.410263,-1.543733,153.68,15.34,2,295.79,20 / 21,1889129,2019-09-06 18:47:35:811,0.5399,0.0838,9.1818,-0.0048,-0.0067,9.8066,-0.1414,-0.0542,-0.0416,-0.12,-32.81,3.56,75.25,-85.49,-143.8
52.410263,-1.543733,153.68,15.34,2,295.79,20 / 21,1889229,2019-09-06 18:47:35:911,-0.0925,1.0872,10.6325,0.016,0.043,9.8065,0.2192,0.0126,-0.0042,-0.44,-31.69,2.81,90.21,-85.79,-141.47
52.410263,-1.543733,153.68,15.34,2,295.79,20 / 21,1889329,2019-09-06 18:47:36:011,0.4044,1.4878,10.5968,0.0462,-0.0027,9.8065,0.1126,-0.094,-0.0154,-0.69,-31.81,2.75,58.86,-85.73,-143.03
52.410263,-1.543733,153.68,15.34,2,295.79,20 / 21,1889429,2019-09-06 18:47:36:111,-0.9436,1.4851,10.7069,-0.0189,-0.005,9.8066,0.0252,-0.0047,-0.0897,-0.31,-32.12,2.75,89.35,-85.67,-144.56
52.410263,-1.543733,153.68,15.34,2,295.79,20 / 21,1889529,2019-09-06 18:47:36:211,-2.351,-0.0619,9.4576,-0.001,-0.0049,9.8066,-0.1713,0.0842,-0.0591,-1.06,-31.5,3.44,55.3,-85.53,-145.36
52.410263,-1.543733,153.68,15.34,2,295.79,20 / 21,1889629,2019-09-06 18:47:36:311,0.6175,0.0955,9.3968,-0.0103,-0.0133,9.8066,-0.2145,-0.0302,0.0649,-0.69,-31.94,4.25,46.9,-85.52,-145.49
52.410263,-1.543733,153.68,15.34,2,295.79,20 / 21,1889728,2019-09-06 18:47:36:410,-0.9129,1.0736,8.9691,0.0057,-0.0259,9.8066,-0.1991,-0.133,0.0784,-0.5,-31.87,2.69,90.6,-85.57,-145.13
52.410263,-1.543733,153.68,15.34,2,295.79,20 / 21,1889829,2019-09-06 18:47:36:511,-0.7313,2.0553,10.1588,0.0358,0.0466,9.8064,0.1273,-0.1814,-0.024,-0.19,-31.25,2.94,85.69,-85.85,-142.68
52.410263,-1.543733,153.68,15.34,2,295.79,20 / 21,1889929,2019-09-06 18:47:36:611,-0.3832,1.998,10.291,0.0269,0.0043,9.8066,0.0669,0.0813,-0.0444,-0.37,-31.94,3.06,86.19,-85.8,-145.19
52.410263,-1.543733,153.68,15.34,2,295.79,20 / 21,1890029,2019-09-06 18:47:36:711,1.6476,0.721,11.2368,-0.002,-0.0015,9.8066,0.224,-0.0878,0.0788,-0.25,-31.31,3.06,81.31,-85.82,-146.98
52.410263,-1.543733,153.68,15.34,2,295.79,20 / 21,1890128,2019-09-06 18:47:36:810,0.7108,-0.1446,9.4601,-0.0163,-0.0194,9.8065,0.024,-0.1045,0.0097,0.06,-32.06,3.19,86.31,-85.7,-146.79
52.410263,-1.543733,153.68,15.34,2,295.79,20 / 21,1890228,2019-09-06 18:47:36:910,-0.2284,1.1324,9.2755,-0.0049,0.002,9.8066,-0.0907,-0.0281,-0.0222,-0.12,-32.19,2.38,121.68,-85.8,-146.95
52.410263,-1.543733,153.68,15.34,2,295.79,20 / 21,1890328,2019-09-06 18:47:37:010,-0.1029,0.9681,10.0744,-0.0053,0.018,9.8065,0.083,-0.0599,-0.0227,-0.56,-32.44,2.81,48.77,-85.94,-145.48
52.410263,-1.543733,153.68,15.34,2,295.79,20 / 21,1890429,2019-09-06 18:47:37:111,-0.4609,-0.3778,10.8021,-0.0347,-0.036,9.8065,-0.0585,-0.0764,0.0077,-0.69,-32.12,2.44,112.75,-85.83,-146.71
52.410263,-1.543733,153.68,15.34,2,295.79,20 / 21,1890528,2019-09-06 18:47:37:210,0.756,2.3752,9.245,-0.0123,-0.0342,9.8065,-0.0742,-0.011,-0.0406,-0.87,-31.94,2.75,50.03,-85.84,-145.93
52.410263,-1.543733,153.68,15.34,2,295.79,20 / 21,1890629,2019-09-06 18:47:37:311,0.0043,1.008,9.3542,0.0074,-0.0032,9.8066,0.0136,-0.0369,0.077,-0.69,-31.87,2.19,105.17,-85.89,-144.99
52.410263,-1.543733,153.68,15.34,2,295.79,20 / 21,1890729,2019-09-06 18:47:37:411,0.4549,0.7341,10.3183,-0.014,0.003,9.8066,-0.0393,0.0051,-0.0432,-0.62,-31.81,2.19,101.13,-85.93,-144.62
52.410263,-1.543733,153.68,15.34,2,295.79,20 / 21,1890828,2019-09-06 18:47:37:510,-0.9276,0.6577,10.1167,0.0027,-0.0014,9.8066,0.092,-0.0429,-0.0161,0.13,-31.37,2.44,116.11,-85.93,-145.46
52.410263,-1.543733,153.68,15.34,2,295.79,20 / 21,1890929,2019-09-06 18:47:37:611,0.745,-0.2922,9.7558,0.0056,0.0019,9.8066,-0.0116,0.0578,-0.0168,0.44,-31.44,2.75,79.86,-85.92,-146.66
52.410263,-1.543733,153.68,15.34,2,295.79,20 / 21,1891029,2019-09-06 18:47:37:711,0.7416,1.1326,9.7682,-0.0117,0.0037,9.8065,-0.0811,0.037,-0.0678,0,-31.25,2.44,117.3,-85.86,-147.35
52.410263,-1.543733,153.68,15.34,2,295.79,20 / 21,1891128,2019-09-06 18:47:37:810,0.822,0.1806,10.0759,0.0068,-0.0048,9.8066,0.0312,-0.078,-0.0068,-0.81,-31.56,1.19,199.78,-86.02,-147.35
52.410263,-1.543733,153.68,15.34,2,295.79,20 / 21,1891228,2019-09-06 18:47:37:910,-0.7026,-0.6959,9.2247,-0.0079,-0.0198,9.8066,-0.017,-0.0467,-0.0053,-1,-31.62,1.44,199.07,-86,-147
52.410263,-1.543733,153.68,15.34,2,295.79,20 / 21,1891329,2019-09-06 18:47:38:011,0.3551,-1.5629,9.1528,0.0095,-0.0117,9.8065,0.0593,-0.0124,0.0402,-1.12,-31.75,2.13,74.84,-86.11,-148.4
52.410263,-1.543733,153.68,15.34,2,295.79,20 / 21,1891430,2019-09-06 18:47:38:112,0.5629,-0.2067,9.6252,-0.0032,0.0187,9.8066,0.0661,-0.0744,-0.0216,-0.87,-31.31,2.88,37.73,-86.27,-146.9
52.410263,-1.543733,153.68,15.34,2,295.79,20 / 21,1891528,2019-09-06 18:47:38:210,-0.0659,-1.1985,9.5156,-0.0014,0.0269,9.8066,0.0906,-0.0659,0.0052,-0.56,-31.44,3.13,41.34,-86.22,-145.58
52.410263,-1.543733,153.68,15.34,2,295.79,20 / 21,1891628,2019-09-06 18:47:38:310,0.0497,-0.222,10.3105,-0.0005,0.008,9.8066,-0.0365,0.0326,0.0636,0.38,-31,2.63,79.73,-86.12,-143.93
52.410263,-1.543733,153.68,15.34,2,295.79,20 / 21,1891728,2019-09-06 18:47:38:410,0.2286,-0.0687,9.8459,-0.0298,0.0032,9.8065,0.0516,0.0199,0.0631,-0.19,-31.37,2.06,116.49,-85.95,-142.4
52.410263,-1.543733,153.68,15.34,2,295.79,20 / 21,1891830,2019-09-06 18:47:38:512,-1.006,0.4251,9.5052,-0.0517,0.0066,9.8064,-0.1877,0.1026,-0.0641,0.06,-31.69,2.25,122.01,-85.82,-140.05
52.410263,-1.543733,153.68,15.34,2,295.79,20 / 21,1891928,2019-09-06 18:47:38:610,-0.5008,-0.3108,9.7188,-0.0524,0.0044,9.8064,-0.1163,-0.0161,0.0323,-0.44,-31.75,2.75,95.11,-85.5,-141.64
52.410263,-1.543733,153.68,15.34,2,295.79,20 / 21,1892029,2019-09-06 18:47:38:711,-0.1149,-0.762,9.3609,0.0068,0.0061,9.8066,-0.0595,-0.0103,-0.0226,-0.06,-31.5,2.19,125.21,-85.49,-140.22
52.410263,-1.543733,153.68,15.34,2,295.79,20 / 21,1892129,2019-09-06 18:47:38:811,0.4647,-0.23,9.5015,-0.0288,-0.0041,9.8066,-0.0803,0.005,0.0104,-0.19,-32.06,2.69,97.45,-85.43,-140.14
52.410263,-1.543733,153.68,15.34,2,295.79,20 / 21,1892229,2019-09-06 18:47:38:911,0.1194,-0.4499,9.9182,0.0278,0.019,9.8065,0.0877,-0.0326,0.0257,-0.5,-32.12,2.38,125.27,-85.65,-138.2
52.410263,-1.543733,153.68,15.34,2,295.79,20 / 21,1892328,2019-09-06 18:47:39:010,-0.8806,-0.7757,9.0784,-0.0078,0.0114,9.8065,-0.0013,-0.016,-0.0417,-0.12,-32.62,2.69,100.25,-85.44,-139.42
52.410934,-1.545311,152.02,13.16,2,314.1,20 / 21,1892429,2019-09-06 18:47:39:111,-1.3124,-1.2365,9.8755,-0.0174,-0.0083,9.8066,-0.0043,0.0197,-0.0181,-0.25,-32.94,3,101.77,-85.3,-140.55
52.410934,-1.545311,152.02,13.16,2,314.1,20 / 21,1892529,2019-09-06 18:47:39:211,0.3939,-0.1093,9.9538,0.002,-0.0024,9.8065,-0.0012,-0.014,0.0043,-0.56,-32.25,2.69,76.38,-85.29,-139.38
52.410934,-1.545311,152.02,13.16,2,314.1,20 / 21,1892628,2019-09-06 18:47:39:310,0.714,1.1148,9.6276,0.0097,0.0043,9.8066,0.0331,0.0462,-0.0244,-0.37,-32.25,3.5,80.03,-85.44,-138.9
52.410934,-1.545311,152.02,13.16,2,314.1,20 / 21,1892729,2019-09-06 18:47:39:411,-0.7328,-0.766,9.9174,0.0028,0.0078,9.8065,-0.0726,0.0271,-0.0643,-0.12,-31.62,2.56,97.64,-85.47,-139.29
52.410934,-1.545311,152.02,13.16,2,314.1,20 / 21,1892829,2019-09-06 18:47:39:511,-0.1417,-0.735,9.4627,0.0332,0.0101,9.8065,0.0364,-0.019,0.0102,-0.56,-31.94,2.75,70.21,-85.56,-139.08
52.410934,-1.545311,152.02,13.16,2,314.1,20 / 21,1892928,2019-09-06 18:47:39:610,-0.156,-0.7941,10.277,-0.0169,-0.0129,9.8066,0.0664,-0.0197,-0.0176,-1,-32.31,3.13,73.56,-85.33,-140.43
52.410934,-1.545311,152.02,13.16,2,314.1,20 / 21,1893029,2019-09-06 18:47:39:711,-0.2431,-1.3095,10.2246,0.0081,0.014,9.8066,0.0987,-0.0383,0.0164,-0.56,-31.75,3.13,74.12,-85.41,-138.94
52.410934,-1.545311,152.02,13.16,2,314.1,20 / 21,1893130,2019-09-06 18:47:39:812,-0.556,-0.0275,10.3788,-0.0453,-0.0262,9.8064,-0.1603,0.0184,-0.0073,-0.37,-32.06,2.81,99.72,-85.45,-136.96
52.410934,-1.545311,152.02,13.16,2,314.1,20 / 21,1893228,2019-09-06 18:47:39:910,0.5493,-0.1942,9.5743,-0.053,-0.0264,9.8064,0.0126,0.0429,0.0144,-0.62,-32.06,3.06,78.46,-85.28,-138.16
52.410934,-1.545311,152.02,13.16,2,314.1,20 / 21,1893329,2019-09-06 18:47:40:011,-1.0156,-1.8285,9.5393,-0.0026,0.0015,9.8066,-0.084,-0.0378,-0.0162,0,-31.75,2.94,101.62,-85.31,-137.35
52.410934,-1.545311,152.02,13.16,2,314.1,21 / 22,1893428,2019-09-06 18:47:40:110,-0.2278,-0.2648,9.2917,-0.0238,-0.0137,9.8066,-0.0591,-0.012,-0.0242,0,-32.06,2.88,102.94,-85.22,-137.43
52.410934,-1.545311,152.02,13.16,2,314.1,21 / 22,1893528,2019-09-06 18:47:40:210,-0.1741,-0.1659,10.1289,0.0212,-0.0008,9.8066,0.0252,0.0101,-0.0028,-0.44,-31.87,2.75,101.98,-85.35,-135.96
52.410934,-1.545311,152.02,13.16,2,314.1,21 / 22,1893629,2019-09-06 18:47:40:311,0.1958,-0.3945,9.2623,0.0222,0.0136,9.8065,0.1036,0.0064,0.0119,-0.19,-32.25,2.69,101.21,-85.41,-135.9
52.410934,-1.545311,152.02,13.16,2,314.1,21 / 22,1893728,2019-09-06 18:47:40:410,0.7321,-1.0242,9.0455,0.0245,0.0029,9.8065,-0.0481,-0.0539,0.0029,-0.12,-32.31,2.56,102.99,-85.27,-136.36
52.410934,-1.545311,152.02,13.16,2,314.1,21 / 22,1893829,2019-09-06 18:47:40:511,0.4356,-1.0008,9.9385,0.0137,0.0136,9.8066,-0.0827,0.1166,-0.0657,-0.25,-32.25,2.63,101.67,-85.39,-135.68
52.410934,-1.545311,152.02,13.16,2,314.1,21 / 22,1893929,2019-09-06 18:47:40:611,-1.1595,-0.7019,9.7966,0.0152,0.0042,9.8066,0.0653,0.0736,-0.0271,-0.37,-32.19,2.25,128.03,-85.49,-135.39
52.410934,-1.545311,152.02,13.16,2,314.1,21 / 22,1894029,2019-09-06 18:47:40:711,-0.7839,-1.5235,9.6097,0.0203,0.0079,9.8066,-0.1241,0.0062,-0.008,-0.37,-31.56,2.75,99.87,-85.57,-134.57
52.410934,-1.545311,152.02,13.16,2,314.1,21 / 22,1894129,2019-09-06 18:47:40:811,1.9043,-2.2568,9.6527,-0.0145,-0.0164,9.8066,-0.074,0.1859,-0.0416,-0.19,-31.44,3.63,81.75,-85.53,-135.1
52.410934,-1.545311,152.02,13.16,2,314.1,21 / 22,1894228,2019-09-06 18:47:40:910,1.0568,-1.8253,9.5108,-0.0129,-0.025,9.8066,-0.0881,0.1224,0.0724,0,-31.37,3.63,80.91,-85.58,-135.34
52.410934,-1.545311,152.02,13.16,2,314.1,21 / 22,1894329,2019-09-06 18:47:41:011,2.0488,-2.5357,10.9215,0.0223,0.0441,9.8065,0.2203,0.0401,0.0702,-0.25,-31.69,3.63,83.3,-85.49,-135.57
52.410934,-1.545311,152.02,13.16,2,314.1,20 / 21,1894429,2019-09-06 18:47:41:111,0.1031,0.6645,10.1852,0.0556,0.048,9.8064,-0.017,0.0469,-0.1425,0.19,-31.12,3.63,83.29,-85.78,-131.29
52.410934,-1.545311,152.02,13.16,2,314.1,20 / 21,1894528,2019-09-06 18:47:41:210,-2.0474,0.0829,11.0499,-0.003,0.0053,9.8066,0.252,0.1335,-0.1414,0.63,-30.31,4.31,95.17,-85.58,-132.9
52.410934,-1.545311,152.02,13.16,2,314.1,20 / 21,1894629,2019-09-06 18:47:41:311,0.5106,1.6989,11.1714,0.0452,0.027,9.8064,0.3805,-0.0349,0.1568,1.5,-30.69,4.5,92.21,-85.9,-133.91
52.410934,-1.545311,152.02,13.16,2,314.1,20 / 21,1894729,2019-09-06 18:47:41:411,0.5067,-1.4645,9.7157,-0.0296,-0.0432,9.8064,-0.0409,0.0342,-0.0512,1.75,-31.37,4.63,92.64,-85.67,-134.98
52.410934,-1.545311,152.02,13.16,2,314.1,20 / 21,1894828,2019-09-06 18:47:41:510,-0.1773,-2.3609,9.6124,-0.0196,-0.0115,9.8065,0.0302,0.022,-0.0135,1.81,-31.62,4.06,102.05,-85.48,-138.03
52.410934,-1.545311,152.02,13.16,2,314.1,20 / 21,1894929,2019-09-06 18:47:41:611,-1.821,-2.2576,9.5986,0.0284,0.0042,9.8066,-0.0696,0.0587,0.013,1.81,-31.81,3.56,101.93,-85.58,-137.32
52.410934,-1.545311,152.02,13.16,2,314.1,20 / 21,1895028,2019-09-06 18:47:41:710,0.7567,-2.2082,8.5256,-0.0039,-0.0043,9.8066,-0.2133,0.03,-0.0176,0.63,-32.31,3.31,109.96,-85.5,-136.82
52.410934,-1.545311,152.02,13.16,2,314.1,20 / 21,1895128,2019-09-06 18:47:41:810,-0.5359,0.75,8.8061,0.0172,0.0197,9.8065,0.0371,0.0056,0.0141,0.94,-32.56,4.25,97.57,-85.58,-134.27
52.410934,-1.545311,152.02,13.16,2,314.1,20 / 21,1895228,2019-09-06 18:47:41:910,1.352,-0.3036,8.9169,0.015,0.0208,9.8065,0.0035,0.0215,0.0539,0.5,-32.37,3.88,96.71,-85.6,-133.72
52.410934,-1.545311,152.02,13.16,2,314.1,20 / 21,1895328,2019-09-06 18:47:42:010,0.3964,1.3192,11.237,-0.0085,0.0055,9.8066,0.1207,-0.0134,-0.0055,0.5,-32,4.44,99.04,-85.34,-133.61
52.410934,-1.545311,152.02,13.16,2,314.1,20 / 21,1895429,2019-09-06 18:47:42:111,0.7768,-0.3964,9.3019,0.0427,0.0197,9.8065,0.1515,0.0173,0.0737,0.75,-32.12,4,98.78,-85.39,-133.42
52.410934,-1.545311,152.02,13.16,2,314.1,20 / 21,1895529,2019-09-06 18:47:42:211,-0.6307,1.7107,9.7942,0.0243,0.0487,9.8065,0.21,-0.0159,0.0666,0.31,-32.19,4.63,81.8,-85.05,-131.48
52.410934,-1.545311,152.02,13.16,2,314.1,20 / 21,1895628,2019-09-06 18:47:42:310,0.9319,0.5678,8.949,0.0561,0.0948,9.806,0.1726,0.0226,0.0529,0.19,-31.62,4.25,96.3,-85.19,-125.67
52.410934,-1.545311,152.02,13.16,2,314.1,20 / 21,1895728,2019-09-06 18:47:42:410,2.2896,1.2501,10.9739,-0.0062,0.0232,9.8066,-0.0393,0.0144,-0.0456,-0.5,-32.37,3.31,116,-84.91,-122.53
52.410934,-1.545311,152.02,13.16,2,314.1,20 / 21,1895828,2019-09-06 18:47:42:510,-0.0682,-1.209,10.6023,-0.0067,0.0273,9.8065,0.2091,-0.0107,0.0494,-0.75,-32.75,3.44,106.13,-84.8,-121.05
52.410934,-1.545311,152.02,13.16,2,314.1,20 / 21,1895929,2019-09-06 18:47:42:611,0.1788,0.18,10.2405,-0.0566,-0.0128,9.8064,0.0861,-0.0014,-0.0029,-0.06,-32.25,3.94,105.25,-84.48,-122.9
52.410934,-1.545311,152.02,13.16,2,314.1,20 / 21,1896028,2019-09-06 18:47:42:710,-0.239,1.1527,9.5347,-0.0281,-0.0096,9.8066,0.0671,-0.0255,0.046,-1.44,-32.75,3.69,98.08,-83.91,-125.62
52.410934,-1.545311,152.02,13.16,2,314.1,20 / 21,1896128,2019-09-06 18:47:42:810,-0.2029,-1.7227,9.5817,-0.0011,0.019,9.8066,-0.1035,-0.1068,0.0752,-1.06,-32.37,3.56,98.81,-83.79,-123.7
52.410934,-1.545311,152.02,13.16,2,314.1,20 / 21,1896228,2019-09-06 18:47:42:910,-0.6899,0.862,9.8654,-0.0113,-0.0005,9.8066,-0.0501,-0.1689,0.0103,-0.81,-32.5,4.06,101.6,-83.65,-122.06
52.410934,-1.545311,152.02,13.16,2,314.1,20 / 21,1896329,2019-09-06 18:47:43:011,0.2483,2.3956,9.3356,0.0421,0.0027,9.8065,-0.04,-0.1919,0.0672,-1.12,-32.12,3.38,118.88,-83.71,-119.66
52.410934,-1.545311,152.02,13.16,2,314.1,20 / 21,1896429,2019-09-06 18:47:43:111,-0.9246,0.3655,9.8262,-0.0129,-0.0107,9.8066,0.1914,-0.1391,0.0368,-1.75,-32.37,3.19,102,-83.59,-121.52
52.410934,-1.545311,152.02,13.16,2,314.1,20 / 21,1896529,2019-09-06 18:47:43:211,-0.8336,1.1966,9.5459,0.0108,0.005,9.8066,0.1765,-0.13,-0.0086,-1.06,-32.69,3.06,121.64,-83.61,-122.98
52.410934,-1.545311,152.02,13.16,2,314.1,20 / 21,1896629,2019-09-06 18:47:43:311,-1.4435,0.8677,9.9921,0.0177,0.009,9.8066,0.0761,-0.1677,-0.0366,-1.37,-32.37,3.69,101.57,-83.6,-122.9
52.410934,-1.545311,152.02,13.16,2,314.1,20 / 21,1896728,2019-09-06 18:47:43:410,-0.7377,0.7784,10.2524,0.0002,-0.023,9.8066,-0.0473,-0.1371,0.0165,-1.87,-32.19,3.06,96.51,-83.76,-124.38
52.410934,-1.545311,152.02,13.16,2,314.1,20 / 21,1896828,2019-09-06 18:47:43:510,-1.4823,-1.2648,9.2503,-0.0147,-0.0295,9.8065,-0.0884,-0.1231,-0.0625,-1.62,-32.62,3.31,101.07,-83.75,-124.71
52.410934,-1.545311,152.02,13.16,2,314.1,20 / 21,1896929,2019-09-06 18:47:43:611,-0.6746,1.0847,9.4796,-0.0204,-0.0283,9.8065,-0.0656,-0.1034,0.001,-2,-33.31,3.13,97.83,-83.85,-126.03
52.410934,-1.545311,152.02,13.16,2,314.1,20 / 21,1897029,2019-09-06 18:47:43:711,-0.6358,-0.2594,10.2123,-0.0212,-0.0203,9.8066,-0.0654,-0.1008,-0.0613,-2,-32.75,3.44,97.88,-83.84,-126.5
52.410934,-1.545311,152.02,13.16,2,314.1,20 / 21,1897129,2019-09-06 18:47:43:811,-1.4719,-0.5337,9.9192,-0.0146,-0.0712,9.8063,-0.3327,0.0154,-0.0312,-2.5,-32.75,3.06,92.66,-84.06,-125.55
52.410934,-1.545311,152.02,13.16,2,314.1,20 / 21,1897229,2019-09-06 18:47:43:911,-0.2701,1.4753,9.2947,-0.0235,-0.0918,9.8061,-0.1977,-0.0825,-0.0717,-1.19,-32.87,3.06,112.16,-84.15,-130.98
52.410934,-1.545311,152.02,13.16,2,314.1,20 / 21,1897329,2019-09-06 18:47:44:011,1.0608,0.9634,8.1729,0.0167,0.0047,9.8065,-0.1739,-0.0125,-0.0088,-1.87,-32.31,3,66.71,-84.47,-131.78
52.410934,-1.545311,152.02,13.16,2,314.1,20 / 21,1897428,2019-09-06 18:47:44:110,-0.2884,0.4585,10.3809,0.0118,0.0043,9.8066,-0.2316,-0.0002,-0.0039,-1.87,-32.94,2.56,70.01,-84.47,-132.78
52.410934,-1.545311,152.02,13.16,2,314.1,20 / 21,1897529,2019-09-06 18:47:44:211,-0.0309,-1.2187,10.0852,0.0134,0.0077,9.8066,-0.0123,-0.0021,-0.0607,-1.5,-32.62,2.75,103.87,-84.52,-133.82
52.410934,-1.545311,152.02,13.16,2,314.1,20 / 21,1897628,2019-09-06 18:47:44:310,-0.9046,0.5618,9.8616,0.0153,-0.0153,9.8066,-0.1197,-0.0463,0.0125,-1.56,-32.81,2.56,61.16,-84.65,-133.83
52.410934,-1.545311,152.02,13.16,2,314.1,20 / 21,1897729,2019-09-06 18:47:44:411,0.9331,0.0321,10.1132,0.0206,0.005,9.8065,0.0459,-0.0653,-0.0354,-2,-33.37,2.56,53.71,-84.77,-135.08
52.410934,-1.545311,152.02,13.16,2,314.1,20 / 21,1897829,2019-09-06 18:47:44:511,1.3501,-0.3643,9.9961,0.0069,-0.0306,9.8066,-0.0227,-0.0768,-0.0247,-1,-32.81,2.13,141.85,-84.89,-137.13
52.410934,-1.545311,152.02,13.16,2,314.1,20 / 21,1897928,2019-09-06 18:47:44:610,-1.5015,-0.3792,9.8936,-0.0144,-0.0054,9.8066,-0.0144,0.0007,-0.0037,-1.25,-32.44,1.94,142.47,-84.9,-139.99
52.410934,-1.545311,152.02,13.16,2,314.1,20 / 21,1898029,2019-09-06 18:47:44:711,1.1945,-0.016,10.1971,-0.0105,-0.018,9.8066,0.0381,0.0858,-0.0572,-1.06,-32.12,1.94,143.72,-84.95,-141.38
52.410934,-1.545311,152.02,13.16,2,314.1,20 / 21,1898129,2019-09-06 18:47:44:811,0.0971,-0.27,8.7181,0.006,-0.0069,9.8065,-0.0407,0.0435,-0.0408,-0.75,-32.62,2.13,147.6,-84.99,-142.02
52.410934,-1.545311,152.02,13.16,2,314.1,20 / 21,1898228,2019-09-06 18:47:44:910,-0.5761,-0.0397,10.2099,0.0439,-0.035,9.8064,0.0457,-0.0128,0.0298,-0.62,-32.5,2.38,138.48,-85.23,-142.69
52.410934,-1.545311,152.02,13.16,2,314.1,20 / 21,1898328,2019-09-06 18:47:45:010,-0.5369,-0.5088,9.5462,-0.0286,-0.0046,9.8065,-0.0747,0.0522,-0.0207,-1,-32.69,2.5,76.96,-85.15,-144.15
52.410934,-1.545311,152.02,13.16,2,314.1,20 / 21,1898429,2019-09-06 18:47:45:111,0.5304,-0.1887,9.734,-0.0071,-0.0136,9.8066,-0.0749,0.064,0.0568,-1.12,-32.94,2.25,146.5,-85.24,-144.29
52.410934,-1.545311,152.02,13.16,2,314.1,20 / 21,1898529,2019-09-06 18:47:45:211,-0.3396,-0.6683,9.1515,0.0096,-0.01,9.8066,0.0566,0.0788,-0.0066,-0.87,-32.5,2.81,67.01,-85.31,-144.39
52.410934,-1.545311,152.02,13.16,2,314.1,20 / 21,1898628,2019-09-06 18:47:45:310,-0.3747,1.0143,10.4239,0.0198,-0.0184,9.8065,0.0239,-0.0094,0.0237,-1,-31.56,2.13,143.56,-85.34,-146.1
52.410934,-1.545311,152.02,13.16,2,314.1,20 / 21,1898729,2019-09-06 18:47:45:411,0.9523,0.6426,10.176,0.0157,-0.0156,9.8066,-0.0306,0.0527,-0.1308,-1.87,-31.5,3.25,359.32,-85.45,-146.52
52.410934,-1.545311,152.02,13.16,2,314.1,20 / 21,1898828,2019-09-06 18:47:45:510,1.3501,0.4808,9.9039,0.027,0.0101,9.8065,-0.0598,0.0948,-0.0029,-0.75,-31.5,4.13,37.01,-85.6,-149.4
52.410934,-1.545311,152.02,13.16,2,314.1,20 / 21,1898929,2019-09-06 18:47:45:611,1.2675,-0.4021,10.227,-0.012,-0.03,9.8065,-0.0643,0.1372,-0.0393,-0.12,-31.44,3.56,58.95,-85.69,-151.1
52.410934,-1.545311,152.02,13.16,2,314.1,20 / 21,1899029,2019-09-06 18:47:45:711,2.1322,-1.8967,10.0126,0,-0.0203,9.8066,-0.052,0.1654,-0.0757,0.75,-31.5,3.5,73.43,-85.81,-152.5
52.410934,-1.545311,152.02,13.16,2,314.1,20 / 21,1899129,2019-09-06 18:47:45:811,0.6118,-0.8027,9.794,0.0019,0.0058,9.8066,0.0405,0.1333,-0.0241,0.88,-32.31,3.44,92.08,-85.86,-153.35
52.410934,-1.545311,152.02,13.16,2,314.1,20 / 21,1899229,2019-09-06 18:47:45:911,0.0505,-1.3415,9.7728,0.006,-0.003,9.8066,-0.0201,0.1018,0.0094,0.75,-32.37,2.44,118.74,-85.84,-153.65
52.410934,-1.545311,152.02,13.16,2,314.1,20 / 21,1899329,2019-09-06 18:47:46:011,1.1429,-0.0076,10.0195,-0.0004,-0.0038,9.8066,-0.0603,0.0626,0.0357,0.94,-32.37,2.63,90.99,-85.95,-153.18
52.410934,-1.545311,152.02,13.16,2,314.1,20 / 21,1899429,2019-09-06 18:47:46:111,0.8856,-1.76,9.5009,-0.0084,-0.0033,9.8065,-0.1776,0.126,-0.0429,1.25,-32.06,2.94,89.66,-85.99,-153.88
52.410934,-1.545311,152.02,13.16,2,314.1,20 / 21,1899528,2019-09-06 18:47:46:210,0.3856,-0.584,9.561,0.0277,0.0035,9.8065,0.0275,0.0626,0.0116,1,-32.5,3.06,86.7,-86.2,-153.9
52.410934,-1.545311,152.02,13.16,2,314.1,20 / 21,1899629,2019-09-06 18:47:46:311,1.4806,-0.9137,10.2343,0.0044,0.0173,9.8066,-0.0061,0.1531,-0.0368,1.06,-32.37,3.5,69.47,-86.17,-153.72
52.410934,-1.545311,152.02,13.16,2,314.1,20 / 21,1899728,2019-09-06 18:47:46:410,1.1316,-1.0696,9.2384,-0.0302,-0.0065,9.8066,0.021,0.129,-0.0334,1.63,-31.81,3.56,79.99,-86.07,-155.52
52.410934,-1.545311,152.02,13.16,2,314.1,20 / 21,1899829,2019-09-06 18:47:46:511,2.5405,0.036,10.267,0.0021,0.0233,9.8066,-0.1326,0.0959,0.1576,1.06,-31.75,2.94,87.66,-86.22,-152.66
52.410934,-1.545311,152.02,13.16,2,314.1,20 / 21,1899929,2019-09-06 18:47:46:611,7.6872,-1.7059,9.9038,0.2697,0.0283,9.8028,0.2676,-0.506,0.1068,0.94,-31.62,2.63,103.13,-85.38,-148.04
52.410934,-1.545311,152.02,13.16,2,314.1,20 / 21,1900029,2019-09-06 18:47:46:711,2.2873,1.5684,12.4973,0.1906,0.0309,9.8047,0.7547,-0.2494,0.2419,0.44,-31.62,3.25,73.61,-86.48,-145.42
52.410934,-1.545311,152.02,13.16,2,314.1,20 / 21,1900129,2019-09-06 18:47:46:811,2.4619,-0.2322,8.6041,0.1758,0.0824,9.8047,0.0106,-0.1542,-0.0204,-0.25,-32.19,3.06,75.45,-86.32,-146.15
52.410934,-1.545311,152.02,13.16,2,314.1,20 / 21,1900228,2019-09-06 18:47:46:910,1.704,1.5628,9.0346,0.0296,0.0402,9.8065,-0.2633,-0.0109,0.0199,-0.25,-31.81,4.25,60.55,-85.96,-148.94
52.410934,-1.545311,152.02,13.16,2,314.1,20 / 21,1900329,2019-09-06 18:47:47:011,1.0549,0.3597,8.6505,0.0284,0.0619,9.8064,0.1121,0.0838,-0.0517,0.31,-31.87,5.13,50.25,-86.29,-148.39
52.410934,-1.545311,152.02,13.16,2,314.1,20 / 21,1900429,2019-09-06 18:47:47:111,1.189,-0.8993,9.8939,0.0351,0.0455,9.8064,0.0887,0.1053,0.0057,0.94,-32.56,4.94,64.26,-86.3,-149.2
52.410934,-1.545311,152.02,13.16,2,314.1,20 / 21,1900529,2019-09-06 18:47:47:211,0.4145,-0.9917,9.7115,-0.026,-0.0281,9.8065,-0.0629,0.1085,-0.0285,1,-32.12,4.75,63.03,-86.31,-149.46
52.410934,-1.545311,152.02,13.16,2,314.1,20 / 21,1900628,2019-09-06 18:47:47:310,0.691,-0.0196,10.1798,-0.0086,-0.0235,9.8065,-0.0746,0.0484,0.0121,1.81,-31.81,4.25,84.64,-86.16,-150.53
52.410934,-1.545311,152.02,13.16,2,314.1,20 / 21,1900729,2019-09-06 18:47:47:411,-0.56,-2.2856,10.2844,0.0316,0.0223,9.8065,0.2541,0.0793,-0.0705,2,-32.81,4.13,85.08,-86.52,-148.05
52.410934,-1.545311,152.02,13.16,2,314.1,20 / 21,1900829,2019-09-06 18:47:47:511,-2.1758,-0.6843,10.6545,0.0472,-0.0039,9.8064,-0.166,0.1952,-0.1112,2.19,-33,5.31,71.93,-86.51,-150.69
52.410934,-1.545311,152.02,13.16,2,314.1,20 / 21,1900928,2019-09-06 18:47:47:610,-0.2932,-0.0526,9.8563,-0.0197,-0.0196,9.8066,-0.0084,0.1395,0.0328,1.63,-32.87,6,63.7,-86.4,-151.86
52.410934,-1.545311,152.02,13.16,2,314.1,20 / 21,1901028,2019-09-06 18:47:47:710,2.854,-0.4486,9.2027,-0.0052,0.0201,9.8066,-0.0937,0.1308,-0.0763,1.63,-32.06,5.94,63.02,-86.13,-153.21
52.410934,-1.545311,152.02,13.16,2,314.1,20 / 21,1901128,2019-09-06 18:47:47:810,-0.7121,0.0634,10.2736,0.012,0.0241,9.8066,0.1067,0.0189,0.0027,2,-31.5,5.31,70.45,-86.15,-152.79
52.410934,-1.545311,152.02,13.16,2,314.1,20 / 21,1901229,2019-09-06 18:47:47:911,-0.9021,-1.4538,9.2811,0.0283,0.0112,9.8065,0.0219,0.0159,0.1225,2.31,-32.25,5.13,69.27,-86.22,-154.13
52.410934,-1.545311,152.02,13.16,2,314.1,20 / 21,1901329,2019-09-06 18:47:48:011,0.2037,-0.4259,9.0655,0.0007,0.0168,9.8065,0.0488,0.0428,-0.0065,2.75,-31.87,5.81,70.63,-86.1,-153.86
52.41162,-1.546534,150.62,11.82,2,305.23,20 / 21,1901429,2019-09-06 18:47:48:111,-0.6903,-1.7297,9.4885,0.0221,0.0102,9.8066,0.052,0.0891,0.01,2.69,-31.19,5.63,71.95,-86.2,-151.6
52.41162,-1.546534,150.62,11.82,2,305.23,20 / 21,1901530,2019-09-06 18:47:48:212,-0.2613,-1.6006,9.903,-0.0112,-0.0109,9.8065,-0.0285,0.0573,-0.067,3.13,-31,5.69,71.95,-86.21,-151.56
52.41162,-1.546534,150.62,11.82,2,305.23,20 / 21,1901629,2019-09-06 18:47:48:311,-0.0095,-1.5793,10.1507,-0.0159,-0.0212,9.8065,-0.0506,-0.0412,0.0656,3.69,-30.81,5.94,77.04,-86.11,-153.21
52.41162,-1.546534,150.62,11.82,2,305.23,20 / 21,1901728,2019-09-06 18:47:48:410,0.0197,0.2031,10.0983,0.008,0.0126,9.8066,0.0216,0.1097,-0.0639,3.13,-30.94,4.56,80.45,-86.14,-151.24
52.41162,-1.546534,150.62,11.82,2,305.23,20 / 21,1901829,2019-09-06 18:47:48:511,-1.2513,-0.4475,10.2506,0.0228,0.0063,9.8066,0.0759,-0.0104,0.077,2.63,-31.31,4.88,78.42,-86.21,-152.73
52.41162,-1.546534,150.62,11.82,2,305.23,20 / 21,1901929,2019-09-06 18:47:48:611,-1.0835,-1.5869,9.4641,-0.0015,-0.002,9.8066,0.0496,0.0572,-0.0288,2.44,-31.25,4.81,70.18,-86.06,-153.53
52.41162,-1.546534,150.62,11.82,2,305.23,20 / 21,1902029,2019-09-06 18:47:48:711,-0.8639,-1.2766,9.1648,0.0089,-0.0012,9.8066,-0.0273,0.0595,-0.0263,1,-31,5.44,56.78,-86.13,-154.72
52.41162,-1.546534,150.62,11.82,2,305.23,20 / 21,1902129,2019-09-06 18:47:48:811,-0.1055,-1.8168,9.3487,0.0205,0.0123,9.8066,0.0162,-0.0045,0.0263,1.56,-31.56,6.63,55.39,-86.1,-154.88
52.41162,-1.546534,150.62,11.82,2,305.23,20 / 21,1902228,2019-09-06 18:47:48:910,-1.1937,-1.0526,9.8928,0.0154,0.0371,9.8065,0.0763,0.0164,-0.0269,2.13,-31.06,6.81,54.61,-86.39,-154.02
52.41162,-1.546534,150.62,11.82,2,305.23,20 / 21,1902329,2019-09-06 18:47:49:011,0.7395,-1.6034,9.2247,0.0087,-0.007,9.8066,0.0136,-0.0212,-0.0215,2.44,-31,6.56,51.39,-86.41,-156.66
52.41162,-1.546534,150.62,11.82,2,305.23,20 / 21,1902429,2019-09-06 18:47:49:111,0.1147,-0.6632,9.8237,0.0176,0.0109,9.8066,0.1058,0.0058,0.043,2.06,-32,6,57.11,-86.46,-156.6
52.41162,-1.546534,150.62,11.82,2,305.23,20 / 21,1902528,2019-09-06 18:47:49:210,-1.0035,-0.8588,10.3469,-0.0028,-0.0035,9.8066,-0.0016,-0.0246,-0.017,3.13,-31.94,7,58.7,-86.38,-157.67
52.41162,-1.546534,150.62,11.82,2,305.23,20 / 21,1902628,2019-09-06 18:47:49:310,0.0839,-1.0599,10.8559,0.0033,-0.0128,9.8066,0.0881,0.0717,-0.0829,3.31,-31.37,6.25,62.49,-86.37,-159.19
52.41162,-1.546534,150.62,11.82,2,305.23,20 / 21,1902729,2019-09-06 18:47:49:411,-0.4872,-1.1981,9.5566,-0.0127,-0.0406,9.8065,-0.0834,0.0069,0.0662,3.31,-31.31,6.63,53.79,-86.37,-161.49
52.41162,-1.546534,150.62,11.82,2,305.23,20 / 21,1902828,2019-09-06 18:47:49:510,0.2673,-1.5203,9.0096,-0.0177,-0.0138,9.8066,0.0106,0.0302,0.0017,3.5,-32,6.69,59.05,-86.21,-163.79
52.41162,-1.546534,150.62,11.82,2,305.23,20 / 21,1902929,2019-09-06 18:47:49:611,0.9031,-0.7701,9.2327,0.0187,0.0323,9.8065,0.0298,0.0233,-0.0654,3.56,-32.06,6.81,59.87,-86.65,-161.5
52.41162,-1.546534,150.62,11.82,2,305.23,20 / 21,1903028,2019-09-06 18:47:49:710,1.2553,-1.1279,10.2392,0.0104,0.0128,9.8066,0.0367,0.0762,-0.0078,3.25,-31.5,6.25,58.99,-86.73,-160.68
52.41162,-1.546534,150.62,11.82,2,305.23,20 / 21,1903128,2019-09-06 18:47:49:810,-0.8659,-2.0946,10.3424,-0.0421,-0.0319,9.8065,-0.0315,0.0625,0.0107,3.25,-31.62,6.13,62.02,-86.4,-159.98
52.41162,-1.546534,150.62,11.82,2,305.23,20 / 21,1903229,2019-09-06 18:47:49:911,-0.7651,-0.8604,10.4587,-0.0408,-0.0251,9.8065,0.0641,0.0003,-0.0191,3.31,-32.06,7,58.92,-86.15,-158.33
52.41162,-1.546534,150.62,11.82,2,305.23,20 / 21,1903329,2019-09-06 18:47:50:011,-0.6039,-1.5154,9.4357,-0.0109,-0.0115,9.8066,-0.1188,-0.0038,0.0967,2.69,-31.5,6.63,59.09,-86.13,-157.82
52.41162,-1.546534,150.62,11.82,2,305.23,20 / 21,1903429,2019-09-06 18:47:50:111,0.2378,-1.5303,9.8564,-0.0149,-0.0182,9.8066,-0.1087,0.0741,-0.0279,2.44,-31.75,7,53.47,-86.09,-156.5
52.41162,-1.546534,150.62,11.82,2,305.23,20 / 21,1903529,2019-09-06 18:47:50:211,-0.684,-0.0048,9.6141,0.0191,0.0214,9.8066,0.0288,0.05,-0.0731,2.63,-31.25,6.56,61.68,-86.43,-154.48
52.41162,-1.546534,150.62,11.82,2,305.23,20 / 21,1903628,2019-09-06 18:47:50:310,-0.0904,0.3417,10.001,0.0018,-0.0052,9.8066,-0.004,0.0279,0.0298,3.44,-32.06,6.56,60.11,-86.43,-156.25
52.41162,-1.546534,150.62,11.82,2,305.23,20 / 21,1903729,2019-09-06 18:47:50:411,0.7396,0.1883,10.3527,-0.0077,-0.0055,9.8066,0.0084,0.0853,0.0035,2.75,-32,6.94,57.64,-86.49,-158.16
52.41162,-1.546534,150.62,11.82,2,305.23,20 / 21,1903828,2019-09-06 18:47:50:510,0.788,-0.4786,10.4956,-0.0093,-0.0034,9.8066,-0.0438,0.0758,-0.0898,2.94,-32.25,7.63,52.5,-86.35,-159.04
52.41162,-1.546534,150.62,11.82,2,305.23,20 / 21,1903928,2019-09-06 18:47:50:610,0.2379,-0.828,10.7561,-0.005,-0.0124,9.8066,-0.0152,0.0336,0.0057,2.63,-32.06,7.25,56.98,-86.26,-159.59
52.41162,-1.546534,150.62,11.82,2,305.23,20 / 21,1904029,2019-09-06 18:47:50:711,0.2093,0.1586,9.4819,-0.015,-0.0219,9.8066,-0.0957,-0.0038,0.0282,3.38,-32.25,6.88,56.9,-86.2,-159.85
52.41162,-1.546534,150.62,11.82,2,305.23,20 / 21,1904128,2019-09-06 18:47:50:810,0.8554,-0.1975,9.4804,0.0241,0.0218,9.8066,0.0909,0.0259,0.0217,2.13,-31.5,7.38,47.29,-86.49,-159.78
52.41162,-1.546534,150.62,11.82,2,305.23,20 / 21,1904229,2019-09-06 18:47:50:911,0.5847,-0.0439,9.6826,0.0047,0.0048,9.8066,0.0255,0.0948,-0.0153,2.63,-31.81,7.19,55.33,-86.43,-160.36
52.41162,-1.546534,150.62,11.82,2,305.23,20 / 21,1904329,2019-09-06 18:47:51:011,0.9785,0.8913,10.4251,-0.0079,-0.0157,9.8066,0.0027,0.0247,-0.0062,3.31,-31.56,7.69,49.81,-86.42,-161.1
52.41162,-1.546534,150.62,11.82,2,305.23,20 / 21,1904428,2019-09-06 18:47:51:110,0.7103,0.2043,10.4452,-0.0036,0.0054,9.8066,-0.0186,0.0321,-0.0095,3.06,-31.62,7.69,49.91,-86.24,-161.54
52.41162,-1.546534,150.62,11.82,2,305.23,20 / 21,1904529,2019-09-06 18:47:51:211,0.5855,-0.3046,10.061,0.0019,0.0034,9.8066,-0.0396,0.0531,0.0317,3.19,-31.06,7.69,49.44,-86.3,-161.42
52.41162,-1.546534,150.62,11.82,2,305.23,20 / 21,1904629,2019-09-06 18:47:51:311,-0.2027,0.1564,10.0934,0.0058,0.0203,9.8066,0.0521,-0.0048,0.0176,3,-31.44,7.44,55.47,-86.31,-160.26
52.41162,-1.546534,150.62,11.82,2,305.23,20 / 21,1904730,2019-09-06 18:47:51:412,-0.5135,-0.0825,10.0253,-0.0004,-0.0083,9.8066,0.0206,-0.0321,0.0421,3.63,-31,7.31,61.47,-86.26,-161.06
52.41162,-1.546534,150.62,11.82,2,305.23,20 / 21,1904829,2019-09-06 18:47:51:511,0.4883,-0.138,9.5079,0.0069,0.0129,9.8066,0.0038,-0.0072,0.0336,3.38,-31.44,8.06,50.89,-86.28,-160.26
52.41162,-1.546534,150.62,11.82,2,305.23,20 / 21,1904929,2019-09-06 18:47:51:611,0.7375,-0.5314,9.5509,0.0004,-0.0018,9.8066,-0.0079,-0.0319,0.0408,2.94,-30.94,7,55.24,-86.31,-160.47
52.41162,-1.546534,150.62,11.82,2,305.23,20 / 21,1905029,2019-09-06 18:47:51:711,0.6665,0.0641,9.9251,-0.0129,-0.0055,9.8066,0.0178,0.0191,-0.0172,2.5,-30.5,7.5,52.07,-86.27,-158.93
52.41162,-1.546534,150.62,11.82,2,305.23,20 / 21,1905128,2019-09-06 18:47:51:810,0.1864,0.6785,9.8377,0.0073,0.0099,9.8066,-0.0441,-0.0295,0.0418,2.38,-30.19,7.63,44.91,-86.34,-158.62
52.41162,-1.546534,150.62,11.82,2,305.23,20 / 21,1905228,2019-09-06 18:47:51:910,0.1149,0.5513,10.1792,-0.0098,-0.0113,9.8066,-0.0416,0.0556,-0.0159,2.44,-28.87,9.06,41.49,-86.19,-159.06
52.41162,-1.546534,150.62,11.82,2,305.23,20 / 21,1905329,2019-09-06 18:47:52:011,-0.2933,0.5457,9.5476,0.0106,0.0102,9.8066,0.0908,0.0057,0.0357,4.44,-28.31,9.69,49.45,-86.19,-159.97
52.41162,-1.546534,150.62,11.82,2,305.23,20 / 21,1905429,2019-09-06 18:47:52:111,0.0614,-0.4367,9.9361,-0.005,-0.005,9.8066,0.0298,0.0755,-0.018,5.25,-28.87,8.88,57.67,-86.09,-160.81
52.41162,-1.546534,150.62,11.82,2,305.23,20 / 21,1905529,2019-09-06 18:47:52:211,-0.4011,0.619,9.5891,-0.0051,-0.007,9.8066,-0.0628,-0.0081,-0.0131,6.19,-30.31,7.56,65.61,-86.17,-161.85
52.41162,-1.546534,150.62,11.82,2,305.23,20 / 21,1905628,2019-09-06 18:47:52:310,-0.0547,0.2014,10.3811,0.0104,-0.0217,9.8065,0.1364,-0.0763,0.0038,5.13,-31.06,6.94,63.31,-86.2,-164.62
52.41162,-1.546534,150.62,11.82,2,305.23,20 / 21,1905729,2019-09-06 18:47:52:411,0.5282,-1.5509,10.0494,-0.005,-0.0239,9.8066,-0.1604,-0.0503,-0.0453,4.31,-31.06,7.31,55.35,-86.13,-166.81
52.41162,-1.546534,150.62,11.82,2,305.23,20 / 21,1905829,2019-09-06 18:47:52:511,-1.1635,-0.1173,10.8112,-0.0284,-0.0602,9.8064,-0.0196,-0.0023,0.0336,3.5,-31.94,7.44,54.93,-85.85,-168.51
52.41162,-1.546534,150.62,11.82,2,305.23,20 / 21,1905929,2019-09-06 18:47:52:611,-1.2215,0.2722,10.597,-0.0005,-0.0154,9.8065,-0.0326,-0.036,0.0925,3.63,-31.87,7.94,46.18,-85.75,-171.51
52.41162,-1.546534,150.62,11.82,2,305.23,20 / 21,1906028,2019-09-06 18:47:52:710,0.7,1.0039,9.6503,0.0073,-0.007,9.8066,-0.0604,0.0539,-0.002,3.63,-31.87,8.13,45.09,-85.61,-172.76
52.41162,-1.546534,150.62,11.82,2,305.23,20 / 21,1906129,2019-09-06 18:47:52:811,-0.2919,0.0943,9.6391,0.0038,-0.0152,9.8066,0.0558,-0.0572,0.0217,3.13,-32.5,7.75,37.29,-85.51,-173.6
52.41162,-1.546534,150.62,11.82,2,305.23,20 / 21,1906229,2019-09-06 18:47:52:911,-0.6298,1.8771,9.7519,0.0002,-0.0137,9.8066,0.0696,-0.0105,-0.1044,3.31,-32.87,8.38,34.47,-85.51,-176.03
52.41162,-1.546534,150.62,11.82,2,305.23,20 / 21,1906328,2019-09-06 18:47:53:010,0.4246,0.4311,9.65,0.0337,-0.0088,9.8065,-0.0201,-0.0512,-0.0586,4.5,-33,8,39.43,-85.72,177.8
52.41162,-1.546534,150.62,11.82,2,305.23,20 / 21,1906429,2019-09-06 18:47:53:111,-0.6148,0.141,9.188,0.0061,0.0066,9.8066,-0.0801,-0.0446,0.0048,4.31,-32.75,9.19,25.9,-85.65,175.49
52.41162,-1.546534,150.62,11.82,2,305.23,20 / 21,1906528,2019-09-06 18:47:53:210,-1.4537,-1.5033,9.5598,0.0107,0.0034,9.8066,0.1108,0.0536,-0.0334,3.63,-31.81,8.75,25.13,-85.5,174.88
52.41162,-1.546534,150.62,11.82,2,305.23,20 / 21,1906629,2019-09-06 18:47:53:311,-1.5231,-0.2436,10.6136,0.0032,0.0299,9.8066,0.1289,-0.0711,0.054,3.88,-31.75,8.94,24.65,-85.65,174.71
52.41162,-1.546534,150.62,11.82,2,305.23,20 / 21,1906729,2019-09-06 18:47:53:411,-0.4591,-0.6137,9.4944,-0.0199,-0.028,9.8066,-0.1034,-0.0505,0.0718,4.19,-31.56,8.75,25.18,-85.82,175.37
52.41162,-1.546534,150.62,11.82,2,305.23,20 / 21,1906828,2019-09-06 18:47:53:510,-1.3806,-0.0306,9.7661,-0.0247,-0.0303,9.8066,-0.0741,-0.0268,0.0791,3.75,-31.62,8.44,32.77,-85.63,177.63
52.41162,-1.546534,150.62,11.82,2,305.23,20 / 21,1906929,2019-09-06 18:47:53:611,-0.073,0.8994,9.4656,-0.0004,0.0186,9.8066,0.0052,-0.0292,-0.0101,3.56,-32.06,8.5,30.52,-85.82,179.58
52.41162,-1.546534,150.62,11.82,2,305.23,20 / 21,1907028,2019-09-06 18:47:53:710,-1.0707,-0.0531,9.5958,-0.0003,0.0234,9.8066,-0.0236,-0.0502,0.0418,3.75,-31.81,8.19,36.55,-85.84,-178.98
52.41162,-1.546534,150.62,11.82,2,305.23,20 / 21,1907128,2019-09-06 18:47:53:810,0.3578,0.8362,9.5675,0.0044,0.0136,9.8066,0.0743,-0.0757,0.026,3.88,-31.62,7.88,38.09,-85.92,-177.58
52.41162,-1.546534,150.62,11.82,2,305.23,20 / 21,1907228,2019-09-06 18:47:53:910,0.1136,-0.5486,9.6849,0.0077,0.0192,9.8066,0.0296,-0.018,-0.0132,3.81,-31.56,7.31,45.3,-86.05,-175.74
52.41162,-1.546534,150.62,11.82,2,305.23,20 / 21,1907329,2019-09-06 18:47:54:011,-0.7152,0.9672,9.9408,-0.0172,-0.0148,9.8065,-0.1475,0.0049,0.0168,3.38,-31.25,7.69,34.22,-86.22,-174.13
52.41162,-1.546534,150.62,11.82,2,305.23,20 / 21,1907429,2019-09-06 18:47:54:111,-0.4529,0.516,9.3721,-0.0165,-0.013,9.8066,-0.0777,-0.1104,0.0772,3.25,-32.19,7.31,41.55,-86.2,-172.36
52.41162,-1.546534,150.62,11.82,2,305.23,20 / 21,1907529,2019-09-06 18:47:54:211,-1.8008,0.1379,9.5308,0.0312,0.0436,9.8065,0.1191,-0.1508,0.0902,2.75,-31.37,7.63,41.26,-86.44,-167.9
52.41162,-1.546534,150.62,11.82,2,305.23,20 / 21,1907628,2019-09-06 18:47:54:310,-0.2168,0.6672,9.8829,0.0101,0.0552,9.8064,0.154,0.0406,0.0592,2.19,-32.25,8,38.73,-86.49,-163.92
52.41162,-1.546534,150.62,11.82,2,305.23,20 / 21,1907729,2019-09-06 18:47:54:411,-0.6437,0.4537,10.0566,-0.0257,-0.0054,9.8066,-0.004,-0.1013,-0.0168,2.56,-31.94,6.81,54.31,-86.37,-161.45
52.41162,-1.546534,150.62,11.82,2,305.23,20 / 21,1907829,2019-09-06 18:47:54:511,-0.1712,0.3143,10.5513,0.0005,0.0024,9.8066,0.0961,-0.0603,-0.0003,2.06,-32,7.63,43.89,-86.24,-160.39
52.41162,-1.546534,150.62,11.82,2,305.23,20 / 21,1907929,2019-09-06 18:47:54:611,-1.3233,0.7086,10.6281,-0.0288,-0.0294,9.8065,0.0195,0.0302,0.036,2.19,-32.5,7.44,48.07,-86,-161.14
52.41162,-1.546534,150.62,11.82,2,305.23,20 / 21,1908029,2019-09-06 18:47:54:711,-1.0092,0.7398,10.8053,-0.0099,-0.0033,9.8065,0.0948,0.0132,0.0516,1.63,-31.81,7.44,49.72,-85.74,-160.74
52.41162,-1.546534,150.62,11.82,2,305.23,20 / 21,1908129,2019-09-06 18:47:54:811,0.6069,0.6193,9.3732,-0.0275,-0.0235,9.8065,-0.3045,-0.0426,-0.0488,1.69,-32,7.25,53.11,-85.67,-158.34
52.41162,-1.546534,150.62,11.82,2,305.23,20 / 21,1908229,2019-09-06 18:47:54:911,-0.437,0.5221,9.4934,-0.0111,-0.029,9.8066,-0.0693,-0.0611,-0.0391,1.56,-31.69,7.06,54.53,-85.85,-156.53
52.41162,-1.546534,150.62,11.82,2,305.23,20 / 21,1908328,2019-09-06 18:47:55:010,0.089,-0.2012,8.5617,0.0257,0.0129,9.8066,-0.1062,-0.0461,0.0876,1.56,-32.12,6.63,54.23,-85.87,-156.68
52.41162,-1.546534,150.62,11.82,2,305.23,20 / 21,1908429,2019-09-06 18:47:55:111,0.6852,1.0516,9.9169,-0.0194,0.0091,9.8066,0.0099,-0.1042,0.1178,1.44,-32.12,7.13,49.17,-85.9,-153.22
52.41162,-1.546534,150.62,11.82,2,305.23,20 / 21,1908529,2019-09-06 18:47:55:211,-0.7153,1.355,9.8399,-0.0106,0.0263,9.8065,-0.0112,-0.1303,0.0621,1.81,-32.19,7.31,61.47,-85.94,-150.42
52.41162,-1.546534,150.62,11.82,2,305.23,20 / 21,1908629,2019-09-06 18:47:55:311,-0.0128,0.5743,9.5904,-0.0267,-0.0112,9.8066,0.0094,-0.0006,0.0256,0.81,-32.56,6.44,62.82,-85.86,-147.14
52.41162,-1.546534,150.62,11.82,2,305.23,20 / 21,1908728,2019-09-06 18:47:55:410,-1.2713,1.7762,9.5177,-0.0082,0.0049,9.8065,-0.0088,-0.0292,-0.0128,0.88,-32.31,6.75,60.84,-85.65,-144.84
52.41162,-1.546534,150.62,11.82,2,305.23,20 / 21,1908828,2019-09-06 18:47:55:510,-1.3849,0.2372,10.1183,-0.0135,-0.0065,9.8065,0.0186,-0.0912,-0.0035,0.88,-32.37,6.69,63.57,-85.64,-142.6
52.41162,-1.546534,150.62,11.82,2,305.23,20 / 21,1908929,2019-09-06 18:47:55:611,-0.385,1.1918,9.8503,-0.0011,-0.0176,9.8066,-0.0272,-0.0002,-0.0305,0.88,-32.19,6.56,62.93,-85.61,-143.3
52.41162,-1.546534,150.62,11.82,2,305.23,20 / 21,1909029,2019-09-06 18:47:55:711,-0.7979,0.8791,10.0243,-0.0011,-0.0068,9.8066,0.0595,-0.02,0.0014,1.38,-32.5,5.75,67.25,-85.64,-143.97
52.41162,-1.546534,150.62,11.82,2,305.23,20 / 21,1909130,2019-09-06 18:47:55:812,-0.8534,0.786,9.3319,-0.002,-0.0122,9.8066,-0.1325,-0.0684,0.0133,0.81,-32.37,5.88,66.05,-85.62,-145.06
52.41162,-1.546534,150.62,11.82,2,305.23,20 / 21,1909229,2019-09-06 18:47:55:911,-3.3649,-1.9012,9.1876,-0.0383,-0.0449,9.8064,-0.2916,0.0131,-0.0594,1.19,-32.37,6.38,66.76,-85.77,-143.68
52.41162,-1.546534,150.62,11.82,2,305.23,20 / 21,1909329,2019-09-06 18:47:56:011,3.088,1.7443,9.5738,-0.0862,-0.1148,9.8056,-0.2445,-0.1969,0.0678,0.25,-32.81,5.25,62.07,-85.4,-145.94
52.41162,-1.546534,150.62,11.82,2,305.23,20 / 21,1909429,2019-09-06 18:47:56:111,-4.8896,2.0998,11.026,-0.0462,0.0063,9.8065,0.2558,-0.197,0.1803,0.44,-33.37,5.94,60.26,-85.46,-142.1
52.41162,-1.546534,150.62,11.82,2,305.23,20 / 21,1909528,2019-09-06 18:47:56:210,-1.4972,1.9446,10.2553,-0.0312,-0.0499,9.8065,-0.185,-0.3156,0.0868,0.63,-33.19,5.44,77.1,-85.54,-143.68
52.41162,-1.546534,150.62,11.82,2,305.23,20 / 21,1909629,2019-09-06 18:47:56:311,-0.181,-0.1912,9.3779,-0.0212,0.0154,9.8066,0.0397,-0.0278,0.0061,0,-32.62,5.44,63.05,-85.59,-143.96
52.41162,-1.546534,150.62,11.82,2,305.23,20 / 21,1909729,2019-09-06 18:47:56:411,-1.3797,1.1105,9.5803,0.0311,0.015,9.8065,-0.0385,-0.0176,-0.0637,0.44,-33.25,5.56,57.06,-85.73,-143.18
52.41162,-1.546534,150.62,11.82,2,305.23,20 / 21,1909828,2019-09-06 18:47:56:510,0.0266,0.2062,9.9922,-0.0052,-0.01,9.8065,0.0249,-0.0188,0.0351,0.63,-32.69,5.88,68.05,-85.67,-143.88
52.41162,-1.546534,150.62,11.82,2,305.23,20 / 21,1909929,2019-09-06 18:47:56:611,-0.1814,0.2242,10.0375,-0.008,-0.0129,9.8065,-0.0749,-0.0657,0.0004,0.69,-32.87,4.88,75.62,-85.63,-144.32
52.41162,-1.546534,150.62,11.82,2,305.23,20 / 21,1910028,2019-09-06 18:47:56:710,-0.4096,0.425,9.8494,0.0002,0.0003,9.8066,-0.0416,-0.0225,0.076,0.94,-32.62,5.5,66.98,-85.71,-144.54
52.41162,-1.546534,150.62,11.82,2,305.23,20 / 21,1910128,2019-09-06 18:47:56:810,-0.6877,0.8189,9.6654,-0.0027,0.0122,9.8066,-0.0751,-0.0242,0.0063,1.06,-32.12,6.06,66.51,-85.71,-144.22
52.41162,-1.546534,150.62,11.82,2,305.23,20 / 21,1910228,2019-09-06 18:47:56:910,-0.3355,1.0647,9.4818,-0.009,-0.0037,9.8066,-0.0594,-0.0485,-0.0351,0.69,-32.81,5.69,69.41,-85.7,-142.56
52.41162,-1.546534,150.62,11.82,2,305.23,20 / 21,1910328,2019-09-06 18:47:57:010,-0.9444,0.2792,9.6237,-0.0064,0.014,9.8066,0.0122,-0.0396,0.0656,0.81,-32.75,5.06,79.05,-85.69,-140.88
52.412136,-1.548022,150.15,11.89,3,305.33,20 / 21,1910428,2019-09-06 18:47:57:110,-0.8745,0.7749,9.7882,-0.0006,-0.0009,9.8066,0.0317,-0.0613,0.0657,0.56,-32.31,5,79.06,-85.69,-139.96
52.412136,-1.548022,150.15,11.89,3,305.33,20 / 21,1910529,2019-09-06 18:47:57:211,-0.6445,0.1939,10.7985,-0.0407,-0.0174,9.8064,-0.1271,-0.0358,0.0612,0,-32.75,4.31,85.69,-85.27,-137.18
52.412136,-1.548022,150.15,11.89,3,305.33,20 / 21,1910628,2019-09-06 18:47:57:310,1.6735,2.709,10.243,-0.0381,-0.0581,9.8064,-0.2597,0.0166,-0.0535,0,-32.81,5.31,75.98,-84.96,-138.45
52.412136,-1.548022,150.15,11.89,3,305.33,20 / 21,1910728,2019-09-06 18:47:57:410,0.0659,-0.0138,8.9832,0.03,0.05,9.8064,0.1969,0.1079,-0.1042,-0.06,-33.06,5.31,73.41,-84.93,-140.79
52.412136,-1.548022,150.15,11.89,3,305.33,20 / 21,1910829,2019-09-06 18:47:57:511,-1.9084,0.6462,8.3411,-0.0042,0.0075,9.8066,-0.0617,-0.07,0.075,0,-34.12,4.56,76.11,-84.95,-139.65
52.412136,-1.548022,150.15,11.89,3,305.33,20 / 21,1910929,2019-09-06 18:47:57:611,-0.3322,0.6972,11.1109,0.1048,0.1068,9.8054,0.1476,-0.13,-0.0454,0.56,-32.5,5.44,86.95,-85.63,-132.97
52.412136,-1.548022,150.15,11.89,3,305.33,20 / 21,1911029,2019-09-06 18:47:57:711,-0.1033,1.129,8.806,0.0421,0.0562,9.8063,0.1498,0.0349,-0.094,-0.19,-33,5.31,72.03,-85.62,-136.72
52.412136,-1.548022,150.15,11.89,3,305.33,20 / 21,1911128,2019-09-06 18:47:57:810,1.0515,-0.8294,9.3686,-0.004,-0.0327,9.8065,-0.0146,-0.0209,-0.0458,0.06,-32.37,5,62.33,-85.45,-144.56
52.412136,-1.548022,150.15,11.89,3,305.33,20 / 21,1911228,2019-09-06 18:47:57:910,-0.711,0.5022,9.5166,0.0045,-0.0232,9.8066,-0.0653,-0.0623,-0.0111,0.38,-32.69,5.31,62,-85.43,-145.82
52.412136,-1.548022,150.15,11.89,3,305.33,20 / 21,1911328,2019-09-06 18:47:58:010,0.1303,0.8278,10.8204,0.0068,-0.0026,9.8066,-0.0356,-0.0823,-0.0519,0.94,-32.19,4.63,73.78,-85.52,-145.71
52.412136,-1.548022,150.15,11.89,3,305.33,20 / 21,1911429,2019-09-06 18:47:58:111,-0.4225,0.0063,10.2562,0.0191,0.0173,9.8065,0.0887,-0.1133,0.0666,0.25,-32.31,4.94,57.71,-85.69,-146.43
52.412136,-1.548022,150.15,11.89,3,305.33,20 / 21,1911529,2019-09-06 18:47:58:211,0.0953,-0.4062,9.328,-0.0053,-0.0055,9.8066,-0.0376,0.0348,-0.0377,1.25,-32.31,4.94,72.45,-85.53,-146.81
52.412136,-1.548022,150.15,11.89,3,305.33,20 / 21,1911629,2019-09-06 18:47:58:311,-1.0609,0.8547,9.5769,0.0006,-0.0103,9.8065,-0.0103,-0.0756,0.0803,0.56,-32.62,4.88,73.04,-85.55,-147.1
52.412136,-1.548022,150.15,11.89,3,305.33,20 / 21,1911728,2019-09-06 18:47:58:410,-0.0267,0.2588,9.8505,0.0085,0.0129,9.8066,0.0513,-0.1048,0.0382,0.13,-32.37,4.63,59.15,-85.56,-146.13
52.412136,-1.548022,150.15,11.89,3,305.33,20 / 21,1911829,2019-09-06 18:47:58:511,-0.4617,0.3281,10.1608,0.0137,0.007,9.8066,0.0501,-0.0422,-0.0611,0.38,-32,4.19,69.29,-85.57,-146.16
52.412136,-1.548022,150.15,11.89,3,305.33,20 / 21,1911929,2019-09-06 18:47:58:611,-0.8032,0.0359,10.1059,-0.0072,-0.0149,9.8065,0.0192,-0.0837,-0.0151,0.19,-32.56,3.63,68.85,-85.58,-147.64
52.412136,-1.548022,150.15,11.89,3,305.33,20 / 21,1912029,2019-09-06 18:47:58:711,-0.4072,0.0746,9.3563,-0.0002,-0.0109,9.8066,-0.0054,-0.0504,-0.015,0.63,-32.44,3.94,81.69,-85.51,-149.48
52.412136,-1.548022,150.15,11.89,3,305.33,20 / 21,1912129,2019-09-06 18:47:58:811,0.4643,1.4991,10.2194,0.0027,-0.0066,9.8066,-0.0518,-0.1044,0.0189,0.5,-32.69,3.56,82.1,-85.62,-149.33
52.412136,-1.548022,150.15,11.89,3,305.33,20 / 21,1912228,2019-09-06 18:47:58:910,-0.0905,0.6551,9.7005,-0.0017,-0.001,9.8066,-0.0201,-0.0663,-0.0177,-0.31,-32.37,3.5,64.01,-85.65,-149.2
52.412136,-1.548022,150.15,11.89,3,305.33,20 / 21,1912328,2019-09-06 18:47:59:010,-0.7666,-1.1186,10.0877,0.0167,0.007,9.8066,0.1486,-0.0351,0.0022,0.19,-32.12,3.5,63.52,-85.68,-149.25
52.412136,-1.548022,150.15,11.89,3,305.33,20 / 21,1912429,2019-09-06 18:47:59:111,-1.2189,-0.9729,9.8219,0.0039,0.0114,9.8066,0.1166,-0.0504,0.038,-0.19,-32.87,4.94,54.6,-85.59,-149.99
52.412136,-1.548022,150.15,11.89,3,305.33,20 / 21,1912529,2019-09-06 18:47:59:211,-0.227,0.5693,10.3993,-0.0079,-0.0226,9.8066,-0.0537,-0.1228,0.0083,0.06,-32.44,4.44,63.31,-85.44,-151.46
52.412136,-1.548022,150.15,11.89,3,305.33,20 / 21,1912629,2019-09-06 18:47:59:311,1.9988,-0.8846,8.7023,0.0044,0.0019,9.8066,-0.2333,0.0671,-0.0317,0.25,-32.81,3.63,66.14,-85.44,-150.93
52.412136,-1.548022,150.15,11.89,3,305.33,20 / 21,1912729,2019-09-06 18:47:59:411,-1.867,0.6137,10.4396,-0.0309,0.0295,9.8065,-0.0219,0.0356,-0.024,-0.31,-32.94,4.19,76.38,-85.32,-144.63
52.412136,-1.548022,150.15,11.89,3,305.33,20 / 21,1912828,2019-09-06 18:47:59:510,-2.9208,1.1543,11.418,0.0159,-0.0221,9.8066,0.0566,-0.1118,-0.0394,0.38,-32.31,3.5,71.74,-85.5,-145.03
52.412136,-1.548022,150.15,11.89,3,305.33,20 / 21,1912929,2019-09-06 18:47:59:611,-1.2582,1.4421,10.4268,0.0042,-0.0261,9.8065,0.1189,-0.0759,0.0251,0.56,-33.44,4,84.1,-85.44,-149.38
52.412136,-1.548022,150.15,11.89,3,305.33,20 / 21,1913029,2019-09-06 18:47:59:711,-3.7278,-1.0475,9.7562,-0.0055,-0.0013,9.8066,0.1349,-0.0484,0.0045,0.25,-33.25,4,64.38,-85.2,-154.29
52.412136,-1.548022,150.15,11.89,3,305.33,20 / 21,1913128,2019-09-06 18:47:59:810,-2.4872,-1.815,8.5527,-0.0372,-0.0554,9.8063,-0.2801,-0.0961,-0.0131,0.44,-33.06,2.94,92.02,-85.07,-159.43
52.412136,-1.548022,150.15,11.89,3,305.33,20 / 21,1913229,2019-09-06 18:47:59:911,1.3587,0.8449,9.2278,-0.0021,-0.0194,9.8066,-0.2639,-0.065,-0.0244,1.19,-32.56,3,91.66,-85.69,-158.53
52.412136,-1.548022,150.15,11.89,3,305.33,20 / 21,1913328,2019-09-06 18:48:00:010,1.3056,0.6154,10.2916,0.0533,0.0023,9.8065,0.131,0.0669,-0.0194,1.13,-32.87,2,113.24,-86.22,-156.83
52.412136,-1.548022,150.15,11.89,3,305.33,20 / 21,1913429,2019-09-06 18:48:00:111,0.3613,0.5187,9.5468,-0.0106,0.0034,9.8066,0.0779,-0.0459,-0.0595,1.06,-34.31,2.31,115,-86.22,-156.9
52.412136,-1.548022,150.15,11.89,3,305.33,20 / 21,1913528,2019-09-06 18:48:00:210,-1.9662,0.2117,10.0161,-0.0372,0.0085,9.8065,0.0328,-0.1279,0.0527,0.81,-35.19,2.5,93.59,-85.77,-159.69
52.412136,-1.548022,150.15,11.89,3,305.33,20 / 21,1913629,2019-09-06 18:48:00:311,-0.6405,0.0636,9.5362,-0.0217,-0.0058,9.8066,-0.0748,-0.0261,-0.0106,-0.19,-35.31,3.25,83.93,-85.6,-159.35
52.412136,-1.548022,150.15,11.89,3,305.33,20 / 21,1913729,2019-09-06 18:48:00:411,-0.0816,-0.8819,9.8523,-0.0342,0.0278,9.8065,-0.0266,-0.0894,0.0096,-1.69,-35.19,3.88,347.79,-85.8,-158.65
52.412136,-1.548022,150.15,11.89,3,305.33,20 / 21,1913828,2019-09-06 18:48:00:510,-0.8211,-0.6737,9.2725,-0.0113,0.0268,9.8065,0.0215,-0.0896,0.0411,-2.5,-33.44,5,6.11,-86.13,-154.63
52.412136,-1.548022,150.15,11.89,3,305.33,20 / 21,1913928,2019-09-06 18:48:00:610,-0.2334,0.251,9.8847,-0.0105,-0.0117,9.8066,-0.0494,-0.0834,-0.0456,-1.75,-33.06,5.06,9.99,-86.03,-152.46
52.412136,-1.548022,150.15,11.89,3,305.33,20 / 21,1914029,2019-09-06 18:48:00:711,-0.5551,-1.1873,9.9556,-0.0063,-0.0037,9.8066,-0.0044,-0.1057,0.0716,-2,-32.81,4.38,3.77,-85.95,-151.64
52.412136,-1.548022,150.15,11.89,3,305.33,20 / 21,1914128,2019-09-06 18:48:00:810,0.676,-1.0353,9.9466,-0.0082,-0.0109,9.8065,0.0667,-0.0872,0.0652,-1.81,-31.62,3.81,8.83,-85.73,-149.31
52.412136,-1.548022,150.15,11.89,3,305.33,20 / 21,1914228,2019-09-06 18:48:00:910,0.7189,-1.4262,9.7144,-0.0215,-0.0094,9.8065,0.0144,-0.0226,0.0088,-1.62,-31.37,2.44,304.2,-85.57,-146.21
52.412136,-1.548022,150.15,11.89,3,305.33,20 / 21,1914329,2019-09-06 18:48:01:011,-0.101,1.6629,10.7713,-0.0719,0.0065,9.8064,0.0477,0.0362,-0.0628,-1.94,-31.5,2.63,6.69,-85.44,-144.21
52.412136,-1.548022,150.15,11.89,3,305.33,20 / 21,1914428,2019-09-06 18:48:01:110,-1.0309,-1.966,9.339,-0.0074,0.0334,9.8065,0.0987,-0.1174,0.0979,-1.56,-31.37,3.31,24.2,-85.26,-139.13
52.412136,-1.548022,150.15,11.89,3,305.33,20 / 21,1914528,2019-09-06 18:48:01:210,-1.2895,-0.0419,9.938,-0.0122,0.0515,9.8064,0.2413,-0.1285,0.0023,-2.19,-31.19,3.25,24.86,-85.08,-139.61
52.412136,-1.548022,150.15,11.89,3,305.33,20 / 21,1914629,2019-09-06 18:48:01:311,-2.2329,3.1648,9.0208,-0.0301,0.0285,9.8065,0.1447,-0.017,-0.1138,-2,-31.56,3.38,22.96,-84.86,-141.53
52.412136,-1.548022,150.15,11.89,3,305.33,20 / 21,1914729,2019-09-06 18:48:01:411,-1.441,-1.1183,9.9205,0.0235,0.031,9.8065,-0.041,-0.1461,0.1338,-2.31,-31.37,2.56,14.62,-84.89,-142.89
52.412136,-1.548022,150.15,11.89,3,305.33,20 / 21,1914828,2019-09-06 18:48:01:510,-0.7701,-0.921,9.4526,-0.005,-0.028,9.8066,-0.1099,-0.0795,0.0973,-1.94,-32.25,1.5,270.02,-84.98,-141.38
52.412136,-1.548022,150.15,11.89,3,305.33,20 / 21,1914929,2019-09-06 18:48:01:611,-0.4571,-1.783,9.0977,0.0302,-0.0541,9.8064,-0.1342,-0.223,0.0156,-2.56,-32.06,2.56,350.93,-84.98,-138.07
52.412136,-1.548022,150.15,11.89,3,305.33,20 / 21,1915029,2019-09-06 18:48:01:711,-0.6199,0.4624,9.9003,-0.0425,0.0667,9.8063,-0.1139,-0.0419,0.0319,-1.81,-31.87,2.38,217.54,-84.51,-138.94
52.412136,-1.548022,150.15,11.89,3,305.33,20 / 21,1915129,2019-09-06 18:48:01:811,1.608,0.5908,10.1316,0.0233,-0.0139,9.8066,0.0646,-0.079,-0.0073,-1.75,-32,2.25,208.05,-84.41,-138.31
52.412136,-1.548022,150.15,11.89,3,305.33,20 / 21,1915230,2019-09-06 18:48:01:912,0.2683,0.7035,10.033,-0.0003,-0.0129,9.8066,-0.0128,-0.0926,-0.0016,-2,-31.94,2.25,208.33,-84.29,-139.1
52.412136,-1.548022,150.15,11.89,3,305.33,20 / 21,1915329,2019-09-06 18:48:02:011,0.509,1.7384,10.2624,-0.0028,0,9.8066,0.044,-0.0549,0.0833,-1.94,-31.81,2.19,217.77,-84.47,-139.32
52.412136,-1.548022,150.15,11.89,3,305.33,20 / 21,1915428,2019-09-06 18:48:02:110,0.3309,0.2672,10.0086,0.0056,0.0141,9.8066,-0.101,-0.1011,-0.0013,-1.56,-32,1.81,214.38,-84.46,-138.93
52.412136,-1.548022,150.15,11.89,3,305.33,20 / 21,1915528,2019-09-06 18:48:02:210,0.3662,1.1385,10.4574,0.0015,-0.0116,9.8066,0.0804,-0.0806,0.0039,-2.19,-31.62,1.38,218.97,-84.5,-137.51
52.412136,-1.548022,150.15,11.89,3,305.33,20 / 21,1915628,2019-09-06 18:48:02:310,0.0865,1.7357,9.6832,-0.0027,-0.0034,9.8066,0.0891,-0.016,0.0055,-1.87,-31.75,1.94,212.26,-84.49,-138.34
52.412136,-1.548022,150.15,11.89,3,305.33,20 / 21,1915729,2019-09-06 18:48:02:411,0.6222,0.9156,10.2042,0.0099,0.0166,9.8066,-0.037,-0.0346,-0.0196,-1.87,-31.44,2.38,225.58,-84.42,-139.28
52.412136,-1.548022,150.15,11.89,3,305.33,20 / 21,1915828,2019-09-06 18:48:02:510,0.3361,1.3888,10.1808,0.004,-0.0044,9.8066,0.0364,-0.0862,0.0176,-1.69,-31.62,1.63,209.08,-84.31,-139.14
52.412136,-1.548022,150.15,11.89,3,305.33,20 / 21,1915929,2019-09-06 18:48:02:611,0.1895,0.7705,9.1208,0.0055,0.0276,9.8065,-0.1521,-0.1019,0.0093,-2,-31.94,0.94,215.39,-84.14,-139.22
52.412136,-1.548022,150.15,11.89,3,305.33,20 / 21,1916029,2019-09-06 18:48:02:711,3.1095,-0.1623,11.4871,-0.0058,0.0625,9.8064,0.0671,0.2302,-0.0436,-2.5,-32.31,1.13,213.92,-84.06,-138.61
52.412136,-1.548022,150.15,11.89,3,305.33,20 / 21,1916129,2019-09-06 18:48:02:811,0.7483,-0.4414,11.5216,0.0241,0.0078,9.8065,0.1587,-0.0301,-0.0229,-2.87,-32.19,0.63,254.86,-84.3,-136.6
52.412136,-1.548022,150.15,11.89,3,305.33,20 / 21,1916228,2019-09-06 18:48:02:910,-0.988,0.2413,9.8291,0.0408,0.0333,9.8064,0.0633,-0.112,-0.1334,-3.31,-33.25,1.75,270.86,-84.01,-139
52.412136,-1.548022,150.15,11.89,3,305.33,20 / 21,1916329,2019-09-06 18:48:03:011,1.2806,1.5931,9.441,0.1014,0.069,9.8058,-0.3611,0.1233,0.0434,-3,-32.31,1.63,285.79,-84.26,-138.74
52.412136,-1.548022,150.15,11.89,3,305.33,20 / 21,1916429,2019-09-06 18:48:03:111,0.0529,1.1235,9.8876,0.0829,0.0532,9.8061,-0.2605,-0.1291,0.1122,-2.69,-32.62,1.19,243.64,-83.96,-143.67
52.412136,-1.548022,150.15,11.89,3,305.33,20 / 21,1916528,2019-09-06 18:48:03:210,-1.4604,-1.9819,10.5774,-0.0694,-0.0418,9.8063,-0.477,-0.348,0.0743,-3.75,-33.5,0.88,274.16,-84.3,-137.09
52.412136,-1.548022,150.15,11.89,3,305.33,20 / 21,1916629,2019-09-06 18:48:03:311,-3.6926,-0.5155,9.1656,-0.0012,0.0545,9.8064,-0.4651,0.1515,-0.1176,-3.37,-33,1,245.81,-84.03,-138.67
52.412136,-1.548022,150.15,11.89,3,305.33,20 / 21,1916730,2019-09-06 18:48:03:412,0.7478,-0.9689,8.8402,-0.0451,-0.1142,9.8058,0.2764,-0.0586,0.0132,-3.25,-32.69,0.75,242.91,-83.9,-142.82
52.412136,-1.548022,150.15,11.89,3,305.33,20 / 21,1916828,2019-09-06 18:48:03:510,4.8742,-0.3823,10.4536,-0.0198,-0.0615,9.8064,-0.0157,-0.2434,0.1014,-2.87,-32.62,1.13,245.24,-84.02,-140.8
52.412136,-1.548022,150.15,11.89,3,305.33,20 / 21,1916929,2019-09-06 18:48:03:611,1.414,1.1058,8.4355,-0.0548,-0.0433,9.8063,0.0737,-0.0497,-0.036,-2.75,-32.69,1.38,251.59,-84.4,-140.79
52.412136,-1.548022,150.15,11.89,3,305.33,20 / 21,1917029,2019-09-06 18:48:03:711,0.0209,0.2691,8.7864,-0.0024,-0.0089,9.8066,-0.1602,0.0664,-0.0757,-3.12,-32.56,0.69,251.4,-84.42,-142.15
52.412136,-1.548022,150.15,11.89,3,305.33,20 / 21,1917129,2019-09-06 18:48:03:811,0.5065,1.2656,8.48,0.0095,-0.0152,9.8066,-0.1422,-0.035,0.1771,-3.69,-32.44,0.63,277.87,-84.62,-139.79
52.412136,-1.548022,150.15,11.89,3,305.33,20 / 21,1917229,2019-09-06 18:48:03:911,0.3318,-2.5402,10.4894,0.0193,-0.0017,9.8066,-0.3911,0.0754,0.0144,-2.94,-32.25,0.25,243.67,-84.44,-137.96
52.412136,-1.548022,150.15,11.89,3,305.33,20 / 21,1917330,2019-09-06 18:48:04:012,-1.2912,-0.5535,9.6521,-0.0518,-0.0481,9.8063,0.2957,-0.2097,0.1195,-3.94,-32.75,0.94,269.23,-84.12,-139.3
52.412136,-1.548022,150.15,11.89,3,305.33,20 / 21,1917428,2019-09-06 18:48:04:110,0.9612,2.3161,10.0801,-0.07,-0.0714,9.8061,0.1571,0.1631,-0.0982,-3.94,-32.69,1.31,275.25,-84.26,-135.49
52.412136,-1.548022,150.15,11.89,3,305.33,20 / 21,1917529,2019-09-06 18:48:04:211,0.2825,1.982,10.8608,0.0464,0.0484,9.8064,0.2653,0.1038,-0.0886,-3.69,-32.69,0.69,265.41,-83.83,-139.06
52.412136,-1.548022,150.15,11.89,3,305.33,20 / 21,1917629,2019-09-06 18:48:04:311,3.4556,-1.6133,9.8958,-0.0536,-0.0181,9.8064,0.438,-0.1587,0.0771,-4.12,-32.06,0.88,275.04,-84.28,-138.2
52.412136,-1.548022,150.15,11.89,3,305.33,20 / 21,1917729,2019-09-06 18:48:04:411,1.0834,0.8324,10.835,0.0742,0.0611,9.8061,-0.0891,-0.0701,0.118,-3.69,-32.19,0.56,267.76,-83.89,-140.19
52.412136,-1.548022,150.15,11.89,3,305.33,20 / 21,1917828,2019-09-06 18:48:04:510,1.2586,1.4487,9.9399,0.0575,0.0347,9.8064,0.0608,-0.0063,0.0058,-4.5,-32.19,0.38,254.98,-83.85,-138.81
52.412136,-1.548022,150.15,11.89,3,305.33,20 / 21,1917929,2019-09-06 18:48:04:611,0.6745,0.144,9.5722,0.0121,0.0079,9.8065,-0.0684,-0.0142,0.0228,-4.5,-32.69,0.38,254.31,-83.87,-137.28
52.412136,-1.548022,150.15,11.89,3,305.33,20 / 21,1918028,2019-09-06 18:48:04:710,0.4185,-0.6774,9.8923,0.013,0.0194,9.8066,-0.066,-0.0363,0.0415,-4.56,-32.19,0.88,280.38,-83.73,-138.15
52.412136,-1.548022,150.15,11.89,3,305.33,20 / 21,1918129,2019-09-06 18:48:04:811,1.1566,0.894,9.9517,-0.0005,-0.0015,9.8065,-0.0232,-0.0494,-0.0012,-3.94,-32.75,0.88,263.36,-83.64,-138.34
52.412136,-1.548022,150.15,11.89,3,305.33,20 / 21,1918229,2019-09-06 18:48:04:911,0.4704,-0.1614,9.7165,-0.0081,-0.0014,9.8066,0.0217,-0.0229,-0.024,-4.37,-32.69,0.88,263.84,-83.68,-138.45
52.412136,-1.548022,150.15,11.89,3,305.33,20 / 21,1918328,2019-09-06 18:48:05:010,0.8247,0.355,10.2059,0.0038,0.0039,9.8066,0.0237,0.0025,-0.0144,-4.31,-32.81,0.88,263.69,-83.69,-138.84
52.412136,-1.548022,150.15,11.89,3,305.33,20 / 21,1918429,2019-09-06 18:48:05:111,0.3977,0.1942,9.9851,0.0053,0.0097,9.8066,-0.0199,0.0317,-0.0394,-4.56,-32.5,0.88,278.96,-83.71,-139.17
52.412136,-1.548022,150.15,11.89,3,305.33,20 / 21,1918529,2019-09-06 18:48:05:211,-0.0233,0.0363,9.6909,0.0043,0.0023,9.8066,0.0297,-0.0494,0.0213,-4.06,-32.25,0.75,263.84,-83.59,-140.14
52.412136,-1.548022,150.15,11.89,3,305.33,20 / 21,1918628,2019-09-06 18:48:05:310,0.6802,0.6258,9.9911,0.0058,0.0043,9.8066,0.04,-0.0421,0.0193,-4.12,-33,0.94,258.66,-83.42,-140.66
52.412136,-1.548022,150.15,11.89,3,305.33,20 / 21,1918729,2019-09-06 18:48:05:411,0.4158,0.0171,10.1198,0.0023,-0.0009,9.8066,-0.0539,-0.0003,0.0088,-4.62,-32,0.38,262.23,-83.38,-140.47
52.412136,-1.548022,150.15,11.89,3,305.33,20 / 21,1918828,2019-09-06 18:48:05:510,0.8623,0.1622,9.3944,0.0124,0.0078,9.8066,-0.05,-0.0212,0.021,-4.81,-32.44,1.38,273.99,-83.34,-140.36
52.412136,-1.548022,150.15,11.89,3,305.33,20 / 21,1918928,2019-09-06 18:48:05:610,-0.2774,-0.5735,9.4124,-0.0108,-0.0128,9.8066,0.0571,-0.0397,0.0401,-4.75,-31.87,0.44,262.5,-83.34,-139.72
52.412136,-1.548022,150.15,11.89,3,305.33,20 / 21,1919029,2019-09-06 18:48:05:711,0.3288,-0.2116,9.727,-0.0032,-0.0068,9.8066,0.0151,-0.0094,0.005,-4.56,-32.37,0.56,273.16,-83.24,-140.14
52.412136,-1.548022,150.15,11.89,3,305.33,20 / 21,1919128,2019-09-06 18:48:05:810,0.1247,0.1903,9.7336,0.0012,-0.0025,9.8066,0.0338,0.0004,-0.0167,-4.37,-32.44,0.56,258.58,-83.22,-140.8
52.412136,-1.548022,150.15,11.89,3,305.33,20 / 21,1919229,2019-09-06 18:48:05:911,0.902,0.0626,9.8181,-0.0106,-0.0024,9.8066,0.0462,-0.0612,0.0016,-4.69,-32.19,0.44,260.4,-83.23,-141.14
52.412136,-1.548022,150.15,11.89,3,305.33,20 / 21,1919329,2019-09-06 18:48:06:011,0.5433,0.5219,10.206,0.003,0.0095,9.8066,0.0018,-0.0572,-0.0088,-4.87,-33.06,1.13,268.51,-83.15,-141.8
52.412857,-1.549123,148.94,14.27,3,328.3,20 / 21,1919428,2019-09-06 18:48:06:110,0.3225,-0.4835,9.6701,0.01,0.0072,9.8066,0.0142,-0.025,-0.0432,-4.75,-32.87,0.75,269,-83.19,-141.74
52.412857,-1.549123,148.94,14.27,3,328.3,20 / 21,1919529,2019-09-06 18:48:06:211,0.2676,-0.3792,10.0822,-0.0012,-0.0051,9.8066,-0.0429,-0.0499,0.0049,-4.87,-31.56,0.81,269.54,-83.12,-142.56
52.412857,-1.549123,148.94,14.27,3,328.3,20 / 21,1919628,2019-09-06 18:48:06:310,-0.2529,-0.2016,10.1054,-0.0005,-0.004,9.8066,-0.0861,-0.0218,0.005,-5.06,-32.19,1.13,268.78,-83.03,-142.48
52.412857,-1.549123,148.94,14.27,3,328.3,20 / 21,1919729,2019-09-06 18:48:06:411,0.388,0.6372,9.7279,0.0127,0.0023,9.8066,0.0149,0.0324,0.008,-4.87,-32.25,0.69,268.33,-82.98,-142.4
52.412857,-1.549123,148.94,14.27,3,328.3,20 / 21,1919828,2019-09-06 18:48:06:510,0.3708,-0.1786,10.3283,0.0115,-0.0066,9.8066,0.091,-0.0369,0.0559,-4.75,-32.12,0.44,256.82,-82.83,-141.72
52.412857,-1.549123,148.94,14.27,3,328.3,20 / 21,1919929,2019-09-06 18:48:06:611,0.7082,-0.0044,10.4954,0.0049,0.0079,9.8066,-0.0256,-0.0092,-0.0289,-4.81,-32,1.13,265.87,-82.64,-141.58
52.412857,-1.549123,148.94,14.27,3,328.3,20 / 21,1920029,2019-09-06 18:48:06:711,0.4192,0.0283,9.6983,0.0238,0.0208,9.8065,-0.0094,-0.0283,-0.011,-4.69,-32.37,0.81,264.25,-82.56,-142.48
52.412857,-1.549123,148.94,14.27,3,328.3,20 / 21,1920129,2019-09-06 18:48:06:811,0.6168,0.3726,9.2463,0,-0.013,9.8065,-0.0911,-0.0249,-0.027,-4,-31.69,1.25,249.81,-82.56,-142.42
52.412857,-1.549123,148.94,14.27,3,328.3,20 / 21,1920229,2019-09-06 18:48:06:911,0.6277,0.5423,8.8312,-0.0231,-0.0103,9.8065,-0.0827,-0.0103,0.0388,-4.75,-31.81,0.94,265.36,-82.67,-142.4
52.412857,-1.549123,148.94,14.27,3,328.3,20 / 21,1920328,2019-09-06 18:48:07:010,-0.2483,-0.7862,10.0778,-0.0129,-0.0182,9.8066,0.0008,-0.0143,0.0174,-4.62,-31.56,0.44,256.35,-82.74,-141.33
52.412857,-1.549123,148.94,14.27,3,328.3,20 / 21,1920428,2019-09-06 18:48:07:110,0.0731,0.0546,10.305,-0.0042,-0.0032,9.8066,-0.0054,0.0095,-0.0316,-5,-31.81,1.06,268.62,-82.84,-140.72
52.412857,-1.549123,148.94,14.27,3,328.3,20 / 21,1920529,2019-09-06 18:48:07:211,-0.1398,0.0515,10.8336,0.0157,0.0242,9.8066,0.0446,0.0015,-0.0069,-4.81,-32.12,1.06,263.99,-82.6,-143.26
52.412857,-1.549123,148.94,14.27,3,328.3,20 / 21,1920629,2019-09-06 18:48:07:311,0.6727,0.7617,9.6313,0.0082,0.0184,9.8066,-0.0043,-0.0093,-0.0076,-5,-31.87,0.81,262.19,-82.53,-144.61
52.412857,-1.549123,148.94,14.27,3,328.3,20 / 21,1920729,2019-09-06 18:48:07:411,-0.3458,-0.353,9.6161,-0.0074,-0.0024,9.8066,-0.0815,-0.0521,0.0271,-4.87,-32.25,0.81,262.5,-82.57,-144.67
52.412857,-1.549123,148.94,14.27,3,328.3,20 / 21,1920828,2019-09-06 18:48:07:510,-1.8602,-0.566,9.6424,0.0014,0.0038,9.8066,-0.2613,0.0103,-0.0287,-4.81,-32,0.81,263.43,-82.65,-144.43
52.412857,-1.549123,148.94,14.27,3,328.3,20 / 21,1920929,2019-09-06 18:48:07:611,-0.9802,-0.003,10.1128,-0.0138,-0.0087,9.8065,0.1441,0.0895,-0.0547,-5.31,-31.87,1,264.9,-82.78,-144.05
52.412857,-1.549123,148.94,14.27,3,328.3,20 / 21,1921029,2019-09-06 18:48:07:711,0.6329,0.9897,9.9837,-0.0085,-0.0118,9.8066,0.0633,-0.0096,0.0332,-4.87,-32.25,1.44,264.29,-82.78,-144.78
52.412857,-1.549123,148.94,14.27,3,328.3,20 / 21,1921129,2019-09-06 18:48:07:811,0.4614,0.3465,9.793,0.0261,0.0185,9.8066,-0.012,-0.0056,-0.0307,-5.19,-32.56,0.81,258.29,-82.43,-145.76
52.412857,-1.549123,148.94,14.27,3,328.3,20 / 21,1921228,2019-09-06 18:48:07:910,-0.6172,-0.3517,9.8765,0.0025,0.0036,9.8066,-0.0077,0.0019,-0.0041,-4.5,-32.06,0.69,248.14,-82.52,-145.17
52.412857,-1.549123,148.94,14.27,3,328.3,20 / 21,1921328,2019-09-06 18:48:08:010,-0.1736,0.3842,10.1035,0.0073,0.0095,9.8066,-0.1966,0.0284,-0.0215,-4.75,-32.12,0.44,253.9,-82.73,-144.6
52.412857,-1.549123,148.94,14.27,3,328.3,20 / 21,1921428,2019-09-06 18:48:08:110,-1.18,-1.6689,8.7973,0.0152,0.0364,9.8065,-0.1376,-0.0398,0.0201,-4.12,-31.87,0.44,241.15,-82.7,-145.37
52.412857,-1.549123,148.94,14.27,3,328.3,20 / 21,1921528,2019-09-06 18:48:08:210,-0.8509,-0.9298,9.5212,-0.0345,-0.0323,9.8064,0.1176,-0.0182,-0.0468,-5,-32.06,1,264.55,-82.79,-144.59
52.412857,-1.549123,148.94,14.27,3,328.3,20 / 21,1921628,2019-09-06 18:48:08:310,-0.3377,-0.436,10.6133,-0.018,-0.0325,9.8065,0.0049,-0.0912,0.0332,-4.69,-31.5,1.06,265.08,-82.68,-145.22
52.412857,-1.549123,148.94,14.27,3,328.3,20 / 21,1921729,2019-09-06 18:48:08:411,-0.8115,-0.9518,10.6146,0.0146,0.0115,9.8065,0.0671,-0.0359,-0.026,-4.44,-31.81,1.25,248.15,-82.53,-145.5
52.412857,-1.549123,148.94,14.27,3,328.3,20 / 21,1921828,2019-09-06 18:48:08:510,-0.1208,-2.6805,11.597,-0.0298,-0.0324,9.8065,0.1928,-0.1613,0.0653,-4.56,-32.12,1.13,263.98,-82.68,-144.11
52.412857,-1.549123,148.94,14.27,3,328.3,20 / 21,1921929,2019-09-06 18:48:08:611,-1.8787,-0.1786,9.4187,0.0531,0.0479,9.8064,-0.2321,0.0365,-0.0675,-4.62,-32.31,1,263.16,-82.62,-144.4
52.412857,-1.549123,148.94,14.27,3,328.3,20 / 21,1922029,2019-09-06 18:48:08:711,-0.6943,-0.4196,10.2855,0.0399,0.0423,9.8064,-0.0811,0.0149,0.014,-4.56,-31.94,0.75,258.81,-82.29,-146.16
52.412857,-1.549123,148.94,14.27,3,328.3,20 / 21,1922129,2019-09-06 18:48:08:811,-0.9064,-0.9262,9.9973,0.0178,-0.0009,9.8065,-0.0946,0.053,0.0242,-5.19,-32.44,0.56,259.55,-82.3,-145.36
52.412857,-1.549123,148.94,14.27,3,328.3,20 / 21,1922228,2019-09-06 18:48:08:910,1.0451,0.0961,8.8575,0.0386,0.0245,9.8065,-0.3032,-0.0223,0.0534,-4.87,-31.87,0.94,257.68,-82.09,-145.33
52.412857,-1.549123,148.94,14.27,3,328.3,20 / 21,1922329,2019-09-06 18:48:09:011,-2.3915,-1.4425,9.0081,0.0164,-0.0162,9.8065,-0.1788,-0.0428,-0.0019,-5.5,-32.62,0.44,248.36,-82.05,-142.94
52.412857,-1.549123,148.94,14.27,3,328.3,20 / 21,1922429,2019-09-06 18:48:09:111,-0.5707,-0.1149,11.0703,0.0221,0.0167,9.8066,0.4181,-0.3068,-0.0066,-5.87,-31.94,0.69,268.25,-81.88,-142.63
52.412857,-1.549123,148.94,14.27,3,328.3,20 / 21,1922528,2019-09-06 18:48:09:210,1.4526,0.4155,9.2761,-0.082,-0.0921,9.8059,0.2991,0.0406,-0.0044,-5.25,-32,0.31,247.26,-81.75,-144.23
52.412857,-1.549123,148.94,14.27,3,328.3,20 / 21,1922628,2019-09-06 18:48:09:310,0.9546,-0.961,10.3992,-0.0578,-0.0492,9.8063,0.0126,-0.0108,0.1135,-5.12,-31.87,0.81,261.21,-82.36,-143.93
52.412857,-1.549123,148.94,14.27,3,328.3,20 / 21,1922729,2019-09-06 18:48:09:411,0.7812,-0.2561,10.5791,-0.0029,-0.0004,9.8066,0.2367,-0.0545,0.0462,-5.37,-31.81,0.31,251.36,-82.39,-144.78
52.412857,-1.549123,148.94,14.27,3,328.3,20 / 21,1922828,2019-09-06 18:48:09:510,1.3133,0.7019,10.5749,-0.0147,-0.0468,9.8065,0.2781,-0.038,-0.0718,-4.94,-31.81,-0.06,252.94,-82.47,-143.33
52.412857,-1.549123,148.94,14.27,3,328.3,20 / 21,1922928,2019-09-06 18:48:09:610,-0.0494,0.2638,10.1239,0.0301,0.0465,9.8064,-0.1536,-0.0909,0.0795,-5.81,-31.94,0.25,259.58,-82.3,-145.37
52.412857,-1.549123,148.94,14.27,3,328.3,20 / 21,1923029,2019-09-06 18:48:09:711,-1.6574,-0.2951,10.1249,0.0471,0.0281,9.8064,-0.1039,-0.0012,-0.063,-6.06,-32.25,0.69,268.37,-82.24,-145.33
52.412857,-1.549123,148.94,14.27,3,328.3,20 / 21,1923128,2019-09-06 18:48:09:810,-0.5992,-0.472,9.3994,-0.0077,0.014,9.8066,-0.1517,-0.0941,-0.0086,-5.62,-31.94,1.06,269.54,-82.37,-145.12
52.412857,-1.549123,148.94,14.27,3,328.3,20 / 21,1923228,2019-09-06 18:48:09:910,-1.1631,-1.2354,9.0109,0.0105,0.0161,9.8066,-0.2481,-0.0696,-0.0184,-5.62,-32.37,0.63,268.25,-82.39,-146.62
52.412857,-1.549123,148.94,14.27,3,328.3,20 / 21,1923328,2019-09-06 18:48:10:010,1.9131,0.7473,10.2554,-0.0145,-0.0286,9.8065,0.1603,-0.0302,-0.0099,-5.25,-32.12,0.63,261.71,-82.59,-145.77
52.412857,-1.549123,148.94,14.27,3,328.3,20 / 21,1923429,2019-09-06 18:48:10:111,0.4288,-0.0403,10.0757,-0.0091,-0.0075,9.8066,0.0955,-0.0087,0.0079,-4.75,-31.31,0.06,254.22,-82.67,-145.81
52.412857,-1.549123,148.94,14.27,3,328.3,20 / 21,1923528,2019-09-06 18:48:10:210,-0.9634,-1.1765,9.8805,0.015,0.0101,9.8066,-0.0142,-0.0172,-0.0259,-5.19,-31.31,-0.19,252.49,-82.5,-146.63
52.412857,-1.549123,148.94,14.27,3,328.3,20 / 21,1923629,2019-09-06 18:48:10:311,-0.5782,-0.1546,10.3999,0.035,0.0459,9.8064,0.0101,-0.0136,0.0332,-5.5,-31.75,0.38,248.14,-82.2,-147.72
52.412857,-1.549123,148.94,14.27,3,328.3,20 / 21,1923729,2019-09-06 18:48:10:411,-0.4907,-0.4045,9.0723,-0.0086,-0.0188,9.8066,-0.0171,-0.0103,-0.0185,-4.94,-31.56,0.44,247.58,-82.16,-148.22
52.412857,-1.549123,148.94,14.27,3,328.3,20 / 21,1923829,2019-09-06 18:48:10:511,-0.2323,-0.0488,9.5648,-0.0104,-0.003,9.8066,0.0001,-0.0898,0.0366,-4.81,-32.31,0.13,249.1,-82.34,-147.6
52.412857,-1.549123,148.94,14.27,3,328.3,20 / 21,1923929,2019-09-06 18:48:10:611,-0.2234,0.1933,9.8098,-0.0148,-0.0205,9.8065,0.0523,-0.0008,-0.0351,-5.81,-32.31,0,260.54,-82.49,-145.63
52.412857,-1.549123,148.94,14.27,3,328.3,20 / 21,1924028,2019-09-06 18:48:10:710,-0.2365,-0.4337,9.7738,-0.0137,-0.0193,9.8066,-0.0229,-0.0279,0.0437,-5.75,-31.75,0.13,260.87,-82.5,-145.36
52.412857,-1.549123,148.94,14.27,3,328.3,20 / 21,1924128,2019-09-06 18:48:10:810,-0.647,-1.287,11.3482,0.0329,0.0225,9.8066,0.0519,0.0447,-0.0139,-6.37,-32.37,0.06,259.09,-82.24,-145.52
52.412857,-1.549123,148.94,14.27,3,328.3,20 / 21,1924228,2019-09-06 18:48:10:910,-0.0771,0.6731,9.8549,0.0236,0.0182,9.8065,0.1439,-0.0225,0.0902,-6.12,-32.44,0.69,267.33,-82.15,-145.74
52.412857,-1.549123,148.94,14.27,3,328.3,20 / 21,1924328,2019-09-06 18:48:11:010,-0.3272,-0.1789,9.1765,0.01,0.0018,9.8066,-0.1047,-0.0112,-0.0239,-5.62,-32.37,1.06,264.66,-81.87,-146.39
52.412857,-1.549123,148.94,14.27,3,328.3,20 / 21,1924429,2019-09-06 18:48:11:111,-0.1824,-1.1669,9.381,-0.0055,0.0054,9.8066,-0.1338,-0.0649,0.0328,-5.69,-32.94,0.31,255.37,-81.94,-145.93
52.412857,-1.549123,148.94,14.27,3,328.3,20 / 21,1924528,2019-09-06 18:48:11:210,-0.1366,-1.1061,9.9677,-0.0249,-0.0006,9.8065,-0.0328,-0.0653,-0.0156,-6.37,-32.87,0.44,259.11,-82.37,-144.64
52.412857,-1.549123,148.94,14.27,3,328.3,20 / 21,1924628,2019-09-06 18:48:11:310,-1.3171,-0.748,10.3652,-0.0147,-0.0053,9.8066,0.0426,-0.0087,-0.032,-5.62,-32.94,0.44,260.65,-82.6,-144.59
52.412857,-1.549123,148.94,14.27,3,328.3,20 / 21,1924728,2019-09-06 18:48:11:410,-0.7257,-0.6737,10.3373,0.0205,0.0331,9.8065,0.0612,0.0137,0.0099,-5.56,-32.25,-0.12,258.89,-82.46,-147.41
52.412857,-1.549123,148.94,14.27,3,328.3,20 / 21,1924829,2019-09-06 18:48:11:511,-0.611,-0.8016,9.908,0.027,0.0274,9.8065,0.0321,-0.0194,-0.0133,-5.75,-32.06,-0.31,256.65,-82.28,-148.76
52.412857,-1.549123,148.94,14.27,3,328.3,20 / 21,1924929,2019-09-06 18:48:11:611,-0.9381,-1.0364,9.7558,-0.002,-0.0074,9.8065,-0.0643,-0.0336,-0.032,-6.06,-32,0.56,264.56,-82.19,-149.03
52.412857,-1.549123,148.94,14.27,3,328.3,20 / 21,1925029,2019-09-06 18:48:11:711,-1.1249,-1.0908,9.6317,-0.0156,-0.0145,9.8066,-0.0709,-0.0044,0.0114,-5.62,-32.37,0.25,257.56,-82.36,-148.23
52.412857,-1.549123,148.94,14.27,3,328.3,20 / 21,1925129,2019-09-06 18:48:11:811,-0.6654,-1.5086,9.8221,-0.0152,-0.011,9.8066,0.0593,-0.013,0.0419,-5.44,-32.37,-0.25,251.14,-82.63,-147.51
52.412857,-1.549123,148.94,14.27,3,328.3,20 / 21,1925229,2019-09-06 18:48:11:911,-0.4522,0.0201,10.0523,-0.0261,-0.0342,9.8065,-0.1675,-0.0206,-0.0641,-5.75,-32.37,-0.5,261.28,-82.8,-147.06
52.412857,-1.549123,148.94,14.27,3,328.3,20 / 21,1925328,2019-09-06 18:48:12:010,-0.0928,0.5364,10.2634,0.0249,0.0565,9.8064,-0.1383,-0.0207,0.0068,-5.44,-32.56,-0.25,248.31,-82.63,-149.47
52.412857,-1.549123,148.94,14.27,3,328.3,20 / 21,1925429,2019-09-06 18:48:12:111,-1.5355,-0.3468,9.481,0.0255,0.0332,9.8065,-0.0919,-0.0282,0.0607,-5.56,-32.5,-0.25,258.1,-82.73,-150.27
52.412857,-1.549123,148.94,14.27,3,328.3,20 / 21,1925529,2019-09-06 18:48:12:211,-1.2428,-1.4402,9.6193,0.0137,0.0164,9.8066,-0.2246,-0.0516,-0.0364,-6.12,-31.75,-1.12,253.4,-82.96,-148.78
52.412857,-1.549123,148.94,14.27,3,328.3,20 / 21,1925629,2019-09-06 18:48:12:311,0.294,-0.2615,11.8387,0.0242,0.0291,9.8066,-0.0497,-0.0006,-0.0032,-6.44,-32.81,-0.62,251.25,-82.86,-149.38
52.412857,-1.549123,148.94,14.27,3,328.3,20 / 21,1925729,2019-09-06 18:48:12:411,-3.4377,-0.3678,10.3256,0.0629,0.033,9.8063,-0.2289,0.0545,0.0273,-6,-32.69,-0.25,256.43,-82.83,-151.46
52.412857,-1.549123,148.94,14.27,3,328.3,20 / 21,1925828,2019-09-06 18:48:12:510,-0.2583,-0.7825,9.3394,0.0492,0.0295,9.8065,-0.192,-0.0756,-0.0665,-5.62,-32.19,-0.12,256.48,-82.56,-151.01
52.412857,-1.549123,148.94,14.27,3,328.3,20 / 21,1925929,2019-09-06 18:48:12:611,-3.1385,-0.1389,9.7239,-0.0314,-0.0107,9.8065,-0.0271,-0.0507,0.1726,-5.25,-33,-0.25,250.06,-82.95,-150.06
52.412857,-1.549123,148.94,14.27,3,328.3,20 / 21,1926028,2019-09-06 18:48:12:710,-2.0598,-1.9967,9.6345,0.0292,-0.0004,9.8066,-0.1827,0.0617,-0.0506,-5.94,-32.44,-0.75,253.45,-82.91,-148.41
52.412857,-1.549123,148.94,14.27,3,328.3,20 / 21,1926128,2019-09-06 18:48:12:810,0.1445,-0.7833,9.4815,-0.0285,-0.0185,9.8065,0.0943,-0.0051,0.0701,-5.44,-32.12,-0.37,254.17,-83.07,-147.54
52.412857,-1.549123,148.94,14.27,3,328.3,20 / 21,1926229,2019-09-06 18:48:12:911,-1.5948,-0.6096,9.8635,-0.0001,-0.0036,9.8066,0.0071,0.0488,0.0014,-5.75,-33.06,-0.37,262.36,-83.22,-147.27
52.412857,-1.549123,148.94,14.27,3,328.3,20 / 21,1926329,2019-09-06 18:48:13:011,-1.1179,-0.1195,9.6844,-0.0055,0.0095,9.8065,0.033,0.0214,-0.0145,-6,-32.12,-0.81,255.36,-83.25,-148.26
52.412857,-1.549123,148.94,14.27,3,328.3,20 / 21,1926430,2019-09-06 18:48:13:112,0.8716,0.019,9.694,0.0045,0.0052,9.8066,0.0569,-0.0364,0.0518,-4.87,-32.31,-0.25,254.59,-83.23,-148.48
52.412857,-1.549123,148.94,14.27,3,328.3,20 / 21,1926529,2019-09-06 18:48:13:211,-1.3096,-1.9006,9.8745,-0.0049,-0.0043,9.8066,0.0268,0.1116,-0.0033,-5.44,-33.19,-0.19,253.76,-83.25,-147.79
52.412857,-1.549123,148.94,14.27,3,328.3,20 / 21,1926628,2019-09-06 18:48:13:310,0.5504,-0.6339,9.9995,-0.0075,-0.0331,9.8066,0.0343,-0.0068,0.0232,-5.44,-32.56,-0.19,254.35,-83.27,-147.16
52.412857,-1.549123,148.94,14.27,3,328.3,20 / 21,1926728,2019-09-06 18:48:13:410,-0.2235,-0.3093,9.6861,0.0233,0.0167,9.8066,-0.072,-0.0513,0.0428,-5.37,-32.81,-0.44,255,-83.22,-145.88
52.412857,-1.549123,148.94,14.27,3,328.3,20 / 21,1926828,2019-09-06 18:48:13:510,-2.6323,-2.4375,9.7857,0.0214,0.0027,9.8066,-0.1014,0.0533,-0.0489,-5.69,-32.69,-0.81,256.02,-83.08,-144.9
52.412857,-1.549123,148.94,14.27,3,328.3,20 / 21,1926929,2019-09-06 18:48:13:611,-3.9253,-0.698,9.3125,-0.004,-0.028,9.8065,0.0106,0.0392,-0.0967,-5.81,-32.69,-0.44,266.07,-83.31,-143.91
52.412857,-1.549123,148.94,14.27,3,328.3,20 / 21,1927028,2019-09-06 18:48:13:710,-2.2654,-0.3156,10.017,-0.0079,-0.0009,9.8066,0.0667,-0.0099,0.0146,-5.62,-33,-0.25,265.75,-83.28,-144
52.412857,-1.549123,148.94,14.27,3,328.3,20 / 21,1927128,2019-09-06 18:48:13:810,0.5643,-0.9651,10.1608,0.0211,0.0051,9.8065,-0.1181,0.0297,-0.0594,-6.31,-32.44,-0.56,257.9,-83.07,-144.07
52.412857,-1.549123,148.94,14.27,3,328.3,20 / 21,1927228,2019-09-06 18:48:13:910,-1.7439,-2.3772,9.8309,0.0019,0.0121,9.8066,0.024,-0.0055,0.005,-6.37,-32.44,0,265.7,-83.17,-144.73
52.412857,-1.549123,148.94,14.27,3,328.3,20 / 21,1927328,2019-09-06 18:48:14:010,-2.2287,-1.2339,9.1544,-0.0139,-0.0147,9.8065,-0.0008,-0.0936,0.0906,-6.12,-32.81,-0.12,264.26,-83.18,-144.88
52.412857,-1.549123,148.94,14.27,3,328.3,20 / 21,1927429,2019-09-06 18:48:14:111,-1.897,-0.6849,9.5734,-0.004,-0.0137,9.8066,-0.122,0.1128,-0.0826,-5.94,-33.19,-0.06,266.19,-83.24,-143.25
52.412857,-1.549123,148.94,14.27,3,328.3,20 / 21,1927529,2019-09-06 18:48:14:211,-2.0703,0.7711,10.1103,-0.0204,-0.0209,9.8065,0.1498,0.1192,-0.1041,-6,-32.5,-0.19,270.7,-83.57,-142.32
52.412857,-1.549123,148.94,14.27,3,328.3,20 / 21,1927628,2019-09-06 18:48:14:310,-0.4438,-2.2059,10.1505,-0.04,-0.0307,9.8064,0.1857,-0.1156,0.0706,-5.44,-32.19,-0.94,255.06,-83.78,-142.39
52.412857,-1.549123,148.94,14.27,3,328.3,20 / 21,1927729,2019-09-06 18:48:14:411,-2.8931,-1.2226,10.0536,0.0411,0.0432,9.8065,-0.1234,0.0401,0.0538,-5.81,-32.06,-0.44,268.12,-83.54,-144.78
52.412857,-1.549123,148.94,14.27,3,328.3,20 / 21,1927828,2019-09-06 18:48:14:510,-1.3843,-1.7073,9.7881,0.0376,0.0244,9.8065,0.014,-0.004,-0.035,-5.44,-32.19,-0.69,252.72,-83.63,-144.14
52.412857,-1.549123,148.94,14.27,3,328.3,20 / 21,1927930,2019-09-06 18:48:14:612,-0.4189,-0.6742,9.75,-0.0226,-0.0027,9.8066,-0.081,0.0258,0.0109,-5.69,-32.81,-0.69,260.39,-83.55,-142.99
52.412857,-1.549123,148.94,14.27,3,328.3,20 / 21,1928028,2019-09-06 18:48:14:710,-1.3465,-0.8212,10.3737,0.0044,0.0066,9.8066,-0.0024,-0.0266,0.097,-5.87,-32.19,0,270.5,-83.7,-143.41
52.412857,-1.549123,148.94,14.27,3,328.3,20 / 21,1928128,2019-09-06 18:48:14:810,-2.284,-0.6905,9.7156,-0.0054,0.0016,9.8066,-0.0334,0.0008,-0.0333,-6.06,-32.25,-0.44,270.2,-83.63,-143.29
52.412857,-1.549123,148.94,14.27,3,328.3,20 / 21,1928228,2019-09-06 18:48:14:910,-0.8865,-0.6887,9.7952,0.0021,-0.0029,9.8066,0.0191,-0.0529,0.0706,-5.81,-32.31,-0.44,270,-83.62,-143.36
52.412857,-1.549123,148.94,14.27,3,328.3,20 / 21,1928329,2019-09-06 18:48:15:011,-2.4791,-0.1361,9.7892,-0.0039,0.0039,9.8066,-0.0234,0.0608,-0.032,-6.25,-32.81,-0.5,268.48,-83.51,-142.8
52.413837,-1.549963,148.91,8.9,2,334.48,19 / 20,1928429,2019-09-06 18:48:15:111,-2.2453,-0.2536,9.4665,-0.017,-0.0168,9.8066,0.0967,-0.016,0.0577,-5.62,-32.5,0,271.59,-83.7,-142.35
52.413837,-1.549963,148.91,8.9,2,334.48,19 / 20,1928528,2019-09-06 18:48:15:210,-1.6755,0.8948,9.9697,0.0132,0.0269,9.8066,-0.1046,-0.0262,0.0122,-5.62,-32.75,-0.75,260.99,-83.68,-143.24
52.413837,-1.549963,148.91,8.9,2,334.48,19 / 20,1928629,2019-09-06 18:48:15:311,-2.3682,-2.1808,9.8279,0.0252,0.0206,9.8065,0.0079,0.1181,-0.0527,-5.5,-32,-0.44,263.73,-83.75,-142.14
52.413837,-1.549963,148.91,8.9,2,334.48,19 / 20,1928729,2019-09-06 18:48:15:411,-2.5372,-0.3544,9.7073,-0.0173,-0.0033,9.8066,-0.0063,0.1101,-0.0371,-5.37,-32.12,-0.19,264.51,-83.9,-142.66
52.413837,-1.549963,148.91,8.9,2,334.48,19 / 20,1928829,2019-09-06 18:48:15:511,-3.0839,0.6262,9.443,-0.006,0.009,9.8066,-0.0867,0.0683,0.0447,-5.06,-32.25,0.13,264.16,-84.02,-144
52.413837,-1.549963,148.91,8.9,2,334.48,19 / 20,1928928,2019-09-06 18:48:15:610,-0.9499,0.2878,10.6073,-0.0083,-0.0001,9.8066,0.0844,0.0404,-0.0501,-5.12,-32.56,0,262.88,-84.07,-144.29
52.413837,-1.549963,148.91,8.9,2,334.48,19 / 20,1929028,2019-09-06 18:48:15:710,-2.3764,-0.1162,9.6978,-0.0384,-0.0227,9.8065,0.1605,0.0866,-0.0182,-4.87,-32.37,-0.31,266.97,-84.33,-143.66
52.413837,-1.549963,148.91,8.9,2,334.48,19 / 20,1929128,2019-09-06 18:48:15:810,-3.4269,-0.7291,9.5431,-0.0046,-0.0113,9.8066,0.0478,0.1457,0.0354,-4.37,-32,-0.12,258.24,-84.43,-141.98
52.413837,-1.549963,148.91,8.9,2,334.48,19 / 20,1929228,2019-09-06 18:48:15:910,-3.0066,-0.598,9.8055,-0.038,-0.0092,9.8065,0.1147,0.1125,0.0005,-4.19,-32.75,-0.12,258.66,-84.62,-141.72
52.413837,-1.549963,148.91,8.9,2,334.48,19 / 20,1929328,2019-09-06 18:48:16:010,-2.4644,2.8577,9.8922,0.0096,0.0107,9.8066,0.0638,0.3354,-0.1097,-4,-32.31,0.5,276.49,-84.87,-143.76
52.413837,-1.549963,148.91,8.9,2,334.48,20 / 21,1929428,2019-09-06 18:48:16:110,-0.767,1.8394,9.6038,0.0298,0.0424,9.8065,-0.0096,0.1292,0.0473,-3.94,-32.25,0.75,272.52,-84.79,-146.46
52.413837,-1.549963,148.91,8.9,2,334.48,20 / 21,1929529,2019-09-06 18:48:16:211,-2.193,1.5696,9.0579,-0.0269,0.0102,9.8066,-0.0724,0.2871,-0.0134,-3.69,-32.5,1.06,275.32,-85.09,-147.14
52.413837,-1.549963,148.91,8.9,2,334.48,20 / 21,1929628,2019-09-06 18:48:16:310,-2.4174,2.7052,9.5234,-0.0209,0.0179,9.8066,-0.0386,0.4063,-0.067,-2.69,-32,1.31,264.37,-85.33,-148.75
52.413837,-1.549963,148.91,8.9,2,334.48,20 / 21,1929728,2019-09-06 18:48:16:410,-4.0051,1.5162,8.6779,0.0101,-0.0035,9.8066,-0.1733,0.3767,-0.1116,-2.31,-32.37,2,292.41,-85.62,-149.4
52.413837,-1.549963,148.91,8.9,2,334.48,20 / 21,1929829,2019-09-06 18:48:16:511,1.8532,-1.7632,8.8653,-0.0159,-0.0153,9.8065,-0.1998,0.3337,0.0435,-1,-32.31,1.56,121.47,-85.81,-148.65
52.413837,-1.549963,148.91,8.9,2,334.48,20 / 21,1929928,2019-09-06 18:48:16:610,-1.254,-1.3643,10.055,0.0039,-0.0904,9.8062,0.1433,0.3898,-0.071,-1.06,-32.19,1.31,200.27,-85.98,-148.16
52.413837,-1.549963,148.91,8.9,2,334.48,20 / 21,1930028,2019-09-06 18:48:16:710,2.0739,-2.7345,9.642,0.0052,0.0665,9.8064,0.0995,0.4557,-0.1114,-0.5,-31.87,2.56,68.48,-86.66,-146.87
52.413837,-1.549963,148.91,8.9,2,334.48,20 / 21,1930129,2019-09-06 18:48:16:811,3.4318,-1.1735,10.4571,-0.0139,-0.0355,9.8065,0.0891,0.4121,0.0197,0,-31.75,2.63,62.68,-86.51,-152.67
52.413837,-1.549963,148.91,8.9,2,334.48,20 / 21,1930228,2019-09-06 18:48:16:910,2.1724,-2.6209,9.1331,0.0021,-0.0314,9.8066,0.1323,0.5263,-0.1316,0.69,-31.25,3.44,79.47,-86.55,-154.45
52.413837,-1.549963,148.91,8.9,2,334.48,20 / 21,1930329,2019-09-06 18:48:17:011,3.8712,-2.5184,9.2578,0.0151,-0.006,9.8066,-0.0766,0.4303,0.0085,1.31,-31.75,4.63,44.42,-86.8,-161.13
52.413837,-1.549963,148.91,8.9,2,334.48,19 / 20,1930429,2019-09-06 18:48:17:111,3.5153,-0.2769,10.5665,-0.0104,-0.0148,9.8066,-0.0938,0.4778,-0.0529,1.13,-31.31,4.44,53.21,-86.76,-160.79
52.413837,-1.549963,148.91,8.9,2,334.48,19 / 20,1930528,2019-09-06 18:48:17:210,2.3607,-0.5737,9.7454,0.0186,-0.0099,9.8066,0.0685,0.4924,-0.0855,1.44,-30.81,6.13,39.23,-86.79,-160.68
52.413837,-1.549963,148.91,8.9,2,334.48,19 / 20,1930629,2019-09-06 18:48:17:311,2.1535,-1.3193,9.4917,0.0154,-0.0356,9.8065,0.0584,0.4933,-0.0951,2.81,-31.69,7.5,37.78,-86.71,-170.39
52.413837,-1.549963,148.91,8.9,2,334.48,19 / 20,1930729,2019-09-06 18:48:17:411,3.2575,-1.2806,9.1276,0.028,-0.0142,9.8065,0.0618,0.4974,-0.1036,3.06,-31.37,7.06,29.36,-86.55,179.21
52.413837,-1.549963,148.91,8.9,2,334.48,19 / 20,1930829,2019-09-06 18:48:17:511,2.9131,-1.6108,9.6686,0.0183,0.0124,9.8065,0.0493,0.4826,0.0213,4,-30.94,8.94,24.5,-86.49,175.92
52.413837,-1.549963,148.91,8.9,2,334.48,19 / 20,1930929,2019-09-06 18:48:17:611,2.4061,-0.8129,10.9706,-0.0048,-0.0031,9.8066,0.0658,0.4917,-0.0273,4.25,-31.06,9.81,22.72,-86.5,176.99
52.413837,-1.549963,148.91,8.9,2,334.48,19 / 20,1931029,2019-09-06 18:48:17:711,1.7996,-0.7593,10.8382,0.0017,0.0054,9.8066,0.0983,0.4712,-0.0519,4.13,-31,10.25,22.88,-86.48,177.1
52.413837,-1.549963,148.91,8.9,2,334.48,19 / 20,1931128,2019-09-06 18:48:17:810,2.7917,-1.0541,10.224,0.0005,-0.0495,9.8064,0.06,0.4851,-0.0419,4.38,-30.25,11.31,17.68,-86.32,174.79
52.413837,-1.549963,148.91,8.9,2,334.48,19 / 20,1931228,2019-09-06 18:48:17:910,2.0488,-1.7658,9.5884,-0.017,-0.0536,9.8064,0.0103,0.4763,-0.0451,5.06,-30.31,12.88,16.67,-85.65,172.91
52.413837,-1.549963,148.91,8.9,2,334.48,19 / 20,1931328,2019-09-06 18:48:18:010,1.9354,-1.4924,9.7057,0.0186,-0.0051,9.8066,0.0303,0.5021,-0.0765,4.56,-30.69,13.63,11.6,-85.45,170.01
52.413837,-1.549963,148.91,8.9,2,334.48,20 / 21,1931429,2019-09-06 18:48:18:111,2.1297,-1.7999,10.427,0.0205,-0.0061,9.8066,-0.0037,0.4666,-0.0781,4.81,-31,14.25,7.95,-85.33,166.93
52.413837,-1.549963,148.91,8.9,2,334.48,20 / 21,1931528,2019-09-06 18:48:18:210,2.3225,-2.1234,10.1913,0.0144,-0.0158,9.8065,0.0001,0.4538,-0.0529,5.94,-30.5,15.56,4.31,-85.24,163.11
52.413837,-1.549963,148.91,8.9,2,334.48,20 / 21,1931629,2019-09-06 18:48:18:311,2.3384,-1.7377,10.1606,0.0073,-0.0236,9.8066,0.0546,0.4932,-0.0502,5.13,-30.44,16.13,358.74,-85.18,161.58
52.413837,-1.549963,148.91,8.9,2,334.48,20 / 21,1931729,2019-09-06 18:48:18:411,1.5276,-1.184,9.7659,0.0131,-0.0284,9.8065,0.0382,0.4326,-0.1191,5.75,-30.06,17.44,358.18,-84.95,159.01
52.413837,-1.549963,148.91,8.9,2,334.48,20 / 21,1931829,2019-09-06 18:48:18:511,2.2835,-2.0077,9.935,0.0061,-0.043,9.8065,-0.0064,0.4537,-0.0789,6.13,-30.12,18.69,354.25,-84.31,157.61
52.413837,-1.549963,148.91,8.9,2,334.48,20 / 21,1931928,2019-09-06 18:48:18:610,1.6362,-1.6435,9.9715,0.0038,-0.0063,9.8066,0.0873,0.3712,-0.0177,6.19,-30.12,20,353.17,-83.98,157.54
52.413837,-1.549963,148.91,8.9,2,334.48,20 / 21,1932028,2019-09-06 18:48:18:710,1.1047,-1.5699,9.8131,0.0025,0.0015,9.8066,0.0771,0.3653,-0.0116,5.94,-30.19,20.19,353.37,-83.85,157.73
52.413837,-1.549963,148.91,8.9,2,334.48,20 / 21,1932129,2019-09-06 18:48:18:811,0.8064,-1.479,10.4677,-0.0059,-0.0209,9.8066,0.0326,0.3264,-0.0275,5.56,-30.12,21.25,353.82,-83.64,158.85
52.413837,-1.549963,148.91,8.9,2,334.48,20 / 21,1932229,2019-09-06 18:48:18:911,1.2168,-0.3306,9.9976,-0.0097,-0.0054,9.8065,-0.004,0.3029,-0.01,5.19,-29.5,22,351.31,-83.56,159.81
52.413837,-1.549963,148.91,8.9,2,334.48,20 / 21,1932328,2019-09-06 18:48:19:010,1.2368,-0.9133,9.5996,-0.0101,-0.0008,9.8066,-0.01,0.3077,-0.0057,5.25,-29.62,22.38,352.4,-83.49,160.78
52.413837,-1.549963,148.91,8.9,2,334.48,19 / 20,1932429,2019-09-06 18:48:19:111,-0.5247,-0.7686,9.6318,-0.0119,0.0118,9.8066,0.0733,0.2041,0.0457,4.63,-30.25,22.94,353.64,-83.53,162.33
52.413837,-1.549963,148.91,8.9,2,334.48,19 / 20,1932528,2019-09-06 18:48:19:210,-0.009,-1.4764,10.1023,-0.0156,0.0115,9.8065,-0.0177,0.1749,-0.0314,4.63,-29.75,23.13,356.06,-83.55,164.38
52.413837,-1.549963,148.91,8.9,2,334.48,19 / 20,1932629,2019-09-06 18:48:19:311,-0.8952,0.0444,9.5371,-0.0123,0.0041,9.8066,-0.0105,0.0963,0.1084,4.31,-30.06,22.81,355.19,-83.53,166.05
52.413837,-1.549963,148.91,8.9,2,334.48,19 / 20,1932729,2019-09-06 18:48:19:411,-0.9213,-0.1223,9.4615,-0.0124,-0.0162,9.8066,-0.015,0.1032,-0.0203,4.06,-29.75,24.31,357.88,-83.46,168.73
52.413837,-1.549963,148.91,8.9,2,334.48,19 / 20,1932828,2019-09-06 18:48:19:510,0.0526,-1.0225,10.0081,-0.0128,-0.0214,9.8066,-0.1171,0.1183,-0.0412,3.69,-30.19,23.44,358.78,-83.37,169.1
52.413837,-1.549963,148.91,8.9,2,334.48,19 / 20,1932928,2019-09-06 18:48:19:610,-1.0435,-2.3048,10.0264,-0.0048,-0.0045,9.8066,0.0977,0.0436,0.0266,4.5,-29.94,23.81,0.52,-83.42,168.68
52.413837,-1.549963,148.91,8.9,2,334.48,19 / 20,1933029,2019-09-06 18:48:19:711,-0.156,-0.0927,10.1183,0.0017,0.0035,9.8066,0.158,0.0332,0.0279,3.31,-30.12,23.94,355.32,-83.46,168.89
52.413837,-1.549963,148.91,8.9,2,334.48,19 / 20,1933129,2019-09-06 18:48:19:811,-0.7012,-1.9869,9.7381,-0.0071,-0.0195,9.8066,-0.149,-0.0206,0.0661,4.31,-29.62,23.5,359.05,-83.37,169.73
52.413837,-1.549963,148.91,8.9,2,334.48,19 / 20,1933229,2019-09-06 18:48:19:911,-1.0768,-0.3853,9.7971,-0.012,-0.0249,9.8065,0.0957,0.0667,-0.031,3.19,-30.5,24.31,357.51,-83.33,170.76
52.413837,-1.549963,148.91,8.9,2,334.48,19 / 20,1933328,2019-09-06 18:48:20:010,-1.1179,-0.7007,9.5745,0.0019,-0.0044,9.8066,0.0703,-0.0362,0.1056,3.19,-30.56,24.13,357.24,-83.25,170.55
52.413837,-1.549963,148.91,8.9,2,334.48,20 / 21,1933429,2019-09-06 18:48:20:111,-0.6694,-1.6775,10.1807,-0.0192,0.0092,9.8066,-0.0679,0.034,-0.0014,3.06,-29.31,24.31,359.33,-83.17,172.3
52.413837,-1.549963,148.91,8.9,2,334.48,20 / 21,1933528,2019-09-06 18:48:20:210,-0.361,-1.7516,10.5145,-0.0029,-0.0294,9.8065,0.0754,-0.0119,0.0421,3.81,-30.31,24.56,1.91,-83.05,172.53
52.413837,-1.549963,148.91,8.9,2,334.48,20 / 21,1933629,2019-09-06 18:48:20:311,-1.1643,-2.3632,9.9525,-0.0076,-0.0055,9.8066,0.0865,-0.0148,0.0507,3.69,-29.44,24.25,3.28,-83.16,173.33
52.413837,-1.549963,148.91,8.9,2,334.48,20 / 21,1933729,2019-09-06 18:48:20:411,-0.6421,0.198,9.3233,-0.0072,0.0044,9.8066,-0.1098,-0.0246,0.0091,2.75,-30.62,23.88,1.59,-83.23,174.22
52.413837,-1.549963,148.91,8.9,2,334.48,20 / 21,1933829,2019-09-06 18:48:20:511,-0.2093,-2.141,8.9477,0.0012,0.0077,9.8066,-0.0422,0.0242,0.0488,3,-29.44,23.69,2.35,-83.33,174.88
52.413837,-1.549963,148.91,8.9,2,334.48,20 / 21,1933929,2019-09-06 18:48:20:611,-0.6885,-0.7928,10.0099,-0.0175,0.0179,9.8065,0.0323,-0.0036,-0.0442,2.94,-30.25,23.94,4.81,-83.4,176.97
52.413837,-1.549963,148.91,8.9,2,334.48,20 / 21,1934029,2019-09-06 18:48:20:711,-0.4745,-0.4808,9.6668,0.0065,0.0298,9.8066,0.1026,-0.0276,0.0097,2.63,-30.06,24.38,4.54,-83.52,176.75
52.413837,-1.549963,148.91,8.9,2,334.48,20 / 21,1934129,2019-09-06 18:48:20:811,-1.985,-2.2218,10.1421,0.0082,-0.0183,9.8066,-0.0574,-0.0119,0.0258,2.69,-30.06,23.69,4.35,-83.5,176.58
52.413837,-1.549963,148.91,8.9,2,334.48,20 / 21,1934228,2019-09-06 18:48:20:910,-1.5824,-2.3475,9.8101,0.0068,0.0112,9.8066,0.0981,0.0052,0.0167,3.13,-29.94,23.75,2.95,-83.64,175.4
52.413837,-1.549963,148.91,8.9,2,334.48,20 / 21,1934328,2019-09-06 18:48:21:010,-1.2446,-1.4034,10.1628,0.0071,-0.0045,9.8066,-0.0805,0.0257,-0.0387,2.63,-29.25,23.69,2.24,-83.7,174.81
52.413837,-1.549963,148.91,8.9,2,334.48,20 / 21,1934429,2019-09-06 18:48:21:111,-0.887,-0.0265,9.8925,0.0232,-0.003,9.8066,-0.0077,-0.0204,-0.0005,2.63,-30.12,23.69,359.49,-83.69,172.44
52.413837,-1.549963,148.91,8.9,2,334.48,20 / 21,1934529,2019-09-06 18:48:21:211,-0.3951,-2.264,10.1904,0.0007,-0.0274,9.8066,0.0152,0.0298,-0.022,3.19,-29.56,24.38,357.57,-83.49,170.8
52.413837,-1.549963,148.91,8.9,2,334.48,20 / 21,1934628,2019-09-06 18:48:21:310,-1.5573,-0.9692,9.5846,0.0131,-0.0257,9.8065,0.0421,-0.063,0.0756,2.94,-29.87,23.31,356.76,-83.37,169.83
52.413837,-1.549963,148.91,8.9,2,334.48,20 / 21,1934729,2019-09-06 18:48:21:411,-1.1813,-0.9719,9.353,0.0058,0.0431,9.8065,0.0692,-0.036,-0.0263,3.63,-30.37,23.63,359.08,-83.26,169.76
52.413837,-1.549963,148.91,8.9,2,334.48,20 / 21,1934829,2019-09-06 18:48:21:511,-1.0278,0.0919,9.1614,0.0106,0.0313,9.8065,-0.034,-0.0056,-0.0072,3.44,-30.12,23.19,355.62,-83.49,168.85
52.413837,-1.549963,148.91,8.9,2,334.48,20 / 21,1934929,2019-09-06 18:48:21:611,-1.5031,0.2465,9.3983,0.0003,0.0279,9.8065,0.0195,-0.0965,0.0256,3.19,-29.62,24.06,353.93,-83.73,167.67
52.413837,-1.549963,148.91,8.9,2,334.48,20 / 21,1935029,2019-09-06 18:48:21:711,-0.2471,-0.6555,9.9386,0.0186,0.0374,9.8065,-0.031,-0.0075,-0.1043,2.94,-30.87,23.38,352.16,-83.89,165.89
52.413837,-1.549963,148.91,8.9,2,334.48,20 / 21,1935130,2019-09-06 18:48:21:812,-1.461,-0.8184,10.252,0.003,-0.015,9.8066,0.0552,-0.0765,0.0024,4.06,-29.62,23.38,352.9,-83.8,164.05
52.413837,-1.549963,148.91,8.9,2,334.48,20 / 21,1935228,2019-09-06 18:48:21:910,-0.4028,-0.1447,10.1006,-0.0083,0.001,9.8066,-0.0034,-0.0029,0.0704,3.69,-30.25,23.13,352.63,-83.86,163.81
52.413837,-1.549963,148.91,8.9,2,334.48,20 / 21,1935329,2019-09-06 18:48:22:011,-0.7919,-0.6221,9.4658,0.0005,-0.0136,9.8066,-0.031,0.0506,-0.0128,4.06,-30.06,23.38,352.02,-83.93,163.28
52.413837,-1.549963,148.91,8.9,2,334.48,20 / 21,1935428,2019-09-06 18:48:22:110,-0.5311,-0.4519,9.4557,-0.0043,-0.009,9.8066,-0.0932,-0.0055,-0.016,3.94,-29.94,23,352.75,-83.93,163.91
52.413837,-1.549963,148.91,8.9,2,334.48,20 / 21,1935528,2019-09-06 18:48:22:210,-0.9641,-0.2909,9.7869,-0.0102,0.0198,9.8066,-0.0935,0,0.0246,4.06,-29.94,22.63,353.04,-84.3,164.09
52.413837,-1.549963,148.91,8.9,2,334.48,20 / 21,1935629,2019-09-06 18:48:22:311,-0.8382,-0.6837,10.0252,-0.0045,0.0343,9.8065,0.0564,-0.023,0.0669,3.81,-30.31,22.56,353.76,-84.5,164.69
52.413837,-1.549963,148.91,8.9,2,334.48,20 / 21,1935729,2019-09-06 18:48:22:411,0.2023,-0.7858,9.5605,0.0055,-0.0191,9.8066,0.0046,0.0619,-0.0917,4,-29.87,22.5,353.56,-84.54,164.51
52.413837,-1.549963,148.91,8.9,2,334.48,20 / 21,1935829,2019-09-06 18:48:22:511,-1.1626,-0.6423,9.1965,-0.0135,-0.0227,9.8065,-0.1245,-0.0371,0.0942,4.06,-30.62,22.38,355.34,-84.52,165.67
52.413837,-1.549963,148.91,8.9,2,334.48,20 / 21,1935928,2019-09-06 18:48:22:610,-0.7117,0.5286,9.9967,0.0066,0.0298,9.8066,-0.2066,-0.0239,-0.0315,3.88,-30.06,21.81,354.32,-84.64,164.75
52.413837,-1.549963,148.91,8.9,2,334.48,20 / 21,1936028,2019-09-06 18:48:22:710,-0.1416,-0.2694,9.837,0.0016,0.0268,9.8066,0.0923,-0.0361,0.0899,4,-30.19,22,353.38,-84.85,163.9
52.413837,-1.549963,148.91,8.9,2,334.48,20 / 21,1936128,2019-09-06 18:48:22:810,-2.2585,-1.3871,9.2635,0.0087,-0.0039,9.8066,0.0522,-0.0222,0.0142,4.19,-30.06,22.19,353.79,-84.87,164.25
52.413837,-1.549963,148.91,8.9,2,334.48,20 / 21,1936228,2019-09-06 18:48:22:910,-1.3662,0.0573,9.4269,-0.0059,-0.0286,9.8065,-0.0553,0.0006,0.0424,3.81,-30.19,22.13,353.97,-84.72,164.43
52.413837,-1.549963,148.91,8.9,2,334.48,20 / 21,1936328,2019-09-06 18:48:23:010,0.0408,-0.2081,8.8614,0.0092,0.0167,9.8066,-0.0785,0.0924,-0.0396,4.13,-30.44,21.5,354.2,-84.7,164.63
52.413837,-1.549963,148.91,8.9,2,334.48,20 / 21,1936429,2019-09-06 18:48:23:111,-0.5347,0.8405,10.4114,0.0002,0.0282,9.8066,0.0739,-0.0266,0.0209,4.19,-30.19,22.06,355.05,-84.72,165.38
52.413837,-1.549963,148.91,8.9,2,334.48,20 / 21,1936528,2019-09-06 18:48:23:210,-1.9456,-1.9927,9.4134,-0.0087,-0.0127,9.8066,-0.1767,0.069,-0.0081,4.25,-29.81,21.13,355.63,-84.81,165.42
52.413837,-1.549963,148.91,8.9,2,334.48,20 / 21,1936629,2019-09-06 18:48:23:311,-1.2728,-0.5282,10.0991,-0.0027,0.0002,9.8066,-0.1606,0.0476,0.005,3.69,-30.69,21.5,355.43,-84.94,165.7
52.413837,-1.549963,148.91,8.9,2,334.48,20 / 21,1936729,2019-09-06 18:48:23:411,-1.4989,-0.4142,9.5169,0.0138,0.0295,9.8065,-0.1898,0.0486,0.0163,3.81,-30.62,21.38,355,-85.26,164.83
52.413837,-1.549963,148.91,8.9,2,334.48,20 / 21,1936829,2019-09-06 18:48:23:511,-0.5079,0.9865,10.0328,-0.0028,0.0025,9.8066,0.0597,-0.0373,-0.0063,4,-31.12,21.19,355.79,-85.3,165.52
52.413837,-1.549963,148.91,8.9,2,334.48,20 / 21,1936929,2019-09-06 18:48:23:611,-0.6042,0.7542,10.229,-0.0065,0.0046,9.8066,0.0579,-0.0032,-0.0258,3.63,-30.31,21.44,354.58,-85.36,164.42
52.413837,-1.549963,148.91,8.9,2,334.48,20 / 21,1937029,2019-09-06 18:48:23:711,-0.5994,-1.1023,9.5394,0.0001,0.0076,9.8066,-0.1316,0.0231,0.0423,4.31,-30.5,21.38,355.27,-85.27,165.05
52.413837,-1.549963,148.91,8.9,2,334.48,20 / 21,1937129,2019-09-06 18:48:23:811,-0.5062,0.0586,9.8351,-0.0087,0.0085,9.8066,-0.0307,0.0606,0.0447,3.63,-30.44,21.31,356.2,-85.32,165.86
52.413837,-1.549963,148.91,8.9,2,334.48,20 / 21,1937229,2019-09-06 18:48:23:911,-0.0716,2.1683,9.4265,-0.0088,0.009,9.8066,-0.0413,0.0161,-0.0168,3.88,-30.75,20.88,358.32,-85.54,167.73
52.413837,-1.549963,148.91,8.9,2,334.48,20 / 21,1937328,2019-09-06 18:48:24:010,-1.1802,0.4257,9.6718,-0.0087,0.0043,9.8066,0.0059,-0.0619,0.0374,3.44,-31.31,20.75,358.79,-85.7,170.79
52.413845,-1.550868,149.09,10.76,3,251.36,20 / 21,1937428,2019-09-06 18:48:24:110,-0.7926,0.0452,10.1603,-0.0171,-0.0116,9.8066,0.0227,0.0473,-0.0088,2.94,-30.81,20.69,0.96,-85.63,172.72
52.413845,-1.550868,149.09,10.76,3,251.36,20 / 21,1937528,2019-09-06 18:48:24:210,-0.9417,-0.3334,10.1181,0.0093,-0.0204,9.8066,0.0486,-0.0045,-0.0147,3.44,-30.94,20.5,1.69,-85.34,173.35
52.413845,-1.550868,149.09,10.76,3,251.36,20 / 21,1937628,2019-09-06 18:48:24:310,-0.0714,-0.0105,9.9652,-0.0028,-0.0357,9.8066,-0.0064,0.062,0.0033,3.38,-31,20.88,1.18,-85.11,172.9
52.413845,-1.550868,149.09,10.76,3,251.36,20 / 21,1937729,2019-09-06 18:48:24:411,-1.6689,0.4606,10.4375,0.003,0.0113,9.8066,-0.0199,0.0489,-0.0903,3.44,-30.62,20.88,359.57,-85.01,171.5
52.413845,-1.550868,149.09,10.76,3,251.36,20 / 21,1937829,2019-09-06 18:48:24:511,-0.4047,0.4273,9.6793,0.0221,0.012,9.8066,0.024,-0.0454,0.0203,3.19,-30.75,20.94,356.78,-85.03,169.07
52.413845,-1.550868,149.09,10.76,3,251.36,20 / 21,1937928,2019-09-06 18:48:24:610,-1.227,0.3411,9.9536,0.0116,0.0018,9.8066,0.0545,-0.0414,0.0238,3.94,-30.44,21.38,358.68,-84.94,168.06
52.413845,-1.550868,149.09,10.76,3,251.36,20 / 21,1938029,2019-09-06 18:48:24:711,0.6168,1.0328,10.5255,0.0109,0.0025,9.8065,0.0728,0.0486,0.0375,3.88,-31,20.25,358.06,-84.82,167.02
52.413845,-1.550868,149.09,10.76,3,251.36,20 / 21,1938128,2019-09-06 18:48:24:810,-1.7533,-0.0178,10.5291,-0.0127,-0.0182,9.8066,0.1918,-0.05,0.0718,3.56,-30.81,22,358.94,-84.56,168.78
52.413845,-1.550868,149.09,10.76,3,251.36,20 / 21,1938229,2019-09-06 18:48:24:911,-1.0771,-2.0525,9.5491,0.0163,-0.0041,9.8065,0.2391,-0.0115,-0.036,3.88,-29.94,21.5,359.04,-84.38,168.86
52.413845,-1.550868,149.09,10.76,3,251.36,20 / 21,1938328,2019-09-06 18:48:25:010,0.6801,0.3997,9.4854,-0.0048,-0.0201,9.8066,-0.2702,-0.0846,0.1306,3.38,-30.62,21.81,354.83,-84.32,167.8
52.413845,-1.550868,149.09,10.76,3,251.36,20 / 21,1938429,2019-09-06 18:48:25:111,-0.7492,-0.0592,8.4197,-0.0294,-0.0352,9.8065,-0.2049,0.0381,0.0221,3.38,-30.44,20.44,359.86,-84.56,171.35
52.413845,-1.550868,149.09,10.76,3,251.36,20 / 21,1938529,2019-09-06 18:48:25:211,1.2099,2.1565,9.6248,0,0.0877,9.8062,-0.0186,0.0472,-0.0959,3.25,-31.12,20.5,359.6,-85.38,171.52
52.413845,-1.550868,149.09,10.76,3,251.36,20 / 21,1938628,2019-09-06 18:48:25:310,-1.2809,1.2382,10.0027,-0.0007,0.0306,9.8065,-0.1557,-0.1581,0.1147,3.5,-31.37,21.13,3.98,-85.2,172.7
52.413845,-1.550868,149.09,10.76,3,251.36,20 / 21,1938729,2019-09-06 18:48:25:411,-1.2171,0.0228,10.3847,-0.0223,-0.0252,9.8065,0.2558,-0.0218,0.0943,3.63,-30,20.75,9.48,-84.88,177.47
52.413845,-1.550868,149.09,10.76,3,251.36,20 / 21,1938829,2019-09-06 18:48:25:511,-1.3761,-0.4861,9.79,-0.0001,0.0293,9.8065,-0.248,-0.0413,-0.0728,2.69,-31.25,20.56,7.75,-84.94,178.59
52.413845,-1.550868,149.09,10.76,3,251.36,20 / 21,1938929,2019-09-06 18:48:25:611,-2.2372,-0.1958,10.5555,-0.0081,-0.0307,9.8066,-0.1115,-0.1832,0.0273,3,-30.56,20.88,10.1,-84.94,-179.36
52.413845,-1.550868,149.09,10.76,3,251.36,20 / 21,1939028,2019-09-06 18:48:25:710,-1.7904,0.0059,11.1698,0.0125,0.0104,9.8066,-0.0339,-0.1646,-0.059,3.56,-30.87,20.56,12.57,-84.84,-179.89
52.413845,-1.550868,149.09,10.76,3,251.36,20 / 21,1939128,2019-09-06 18:48:25:810,-1.048,0.0844,9.3279,0.0238,-0.0347,9.8065,-0.0046,-0.0401,0.0963,2.94,-30.56,20.69,4.8,-84.7,176.01
52.413845,-1.550868,149.09,10.76,3,251.36,20 / 21,1939228,2019-09-06 18:48:25:910,-1.0465,0.2875,9.8046,-0.0005,-0.029,9.8066,-0.2006,-0.0523,-0.017,3.19,-30.25,20.81,4.33,-84.6,175.61
52.413845,-1.550868,149.09,10.76,3,251.36,20 / 21,1939328,2019-09-06 18:48:26:010,-0.3205,-0.0405,9.6701,0.0082,0.0528,9.8065,0.2918,-0.0593,-0.0072,3.19,-30.37,21,3.71,-84.82,175.09
52.413845,-1.550868,149.09,10.76,3,251.36,20 / 21,1939428,2019-09-06 18:48:26:110,1.8229,1.5143,8.8922,0.0008,0.0408,9.8065,0.1101,0.1433,-0.081,2.69,-31.19,21.19,4.59,-84.7,175.82
52.413845,-1.550868,149.09,10.76,3,251.36,20 / 21,1939529,2019-09-06 18:48:26:211,-0.4629,0.3834,8.773,-0.0173,0.0142,9.8066,-0.0405,-0.036,-0.042,3.19,-30.5,21.13,5.74,-84.67,176.83
52.413845,-1.550868,149.09,10.76,3,251.36,20 / 21,1939628,2019-09-06 18:48:26:310,-1.2659,-0.964,8.969,0.0138,0.0317,9.8066,-0.095,-0.1319,0.0054,2.44,-30.5,20.69,3.51,-84.53,177.58
52.413845,-1.550868,149.09,10.76,3,251.36,20 / 21,1939729,2019-09-06 18:48:26:411,-1.7148,-1.2361,9.2483,0.0098,-0.0096,9.8065,0.0091,0.0247,0.015,2.63,-30.25,20.81,7.16,-84.49,178.03
52.413845,-1.550868,149.09,10.76,3,251.36,20 / 21,1939828,2019-09-06 18:48:26:510,0.7504,0.852,9.5507,-0.0001,-0.006,9.8066,-0.185,0.1332,-0.098,2.56,-31.12,20.63,6.05,-84.53,177.05
52.413845,-1.550868,149.09,10.76,3,251.36,20 / 21,1939929,2019-09-06 18:48:26:611,-0.932,0.8188,10.5347,-0.0016,0.0134,9.8066,0.0325,-0.0434,0.03,3.19,-30.56,21,4.16,-84.89,175.48
52.413845,-1.550868,149.09,10.76,3,251.36,20 / 21,1940029,2019-09-06 18:48:26:711,-0.1644,1.5267,10.0834,0.0052,-0.0084,9.8066,0.0456,0.0106,-0.0093,3,-30.06,20.81,4.28,-84.86,175.59
52.413845,-1.550868,149.09,10.76,3,251.36,20 / 21,1940128,2019-09-06 18:48:26:810,-1.2668,-0.2147,9.3359,-0.0124,-0.03,9.8066,0.0552,-0.0071,-0.0312,2.94,-30.62,20.94,5.2,-84.36,176.3
52.413845,-1.550868,149.09,10.76,3,251.36,20 / 21,1940229,2019-09-06 18:48:26:911,-1.1715,-0.4458,9.2897,0.0062,-0.0028,9.8066,-0.0117,-0.0352,-0.0085,3.25,-29.94,21.13,4.62,-84.17,175.8
52.413845,-1.550868,149.09,10.76,3,251.36,20 / 21,1940328,2019-09-06 18:48:27:010,-0.8826,0.6186,9.789,0.016,0.0354,9.8065,0.017,-0.0618,0.0315,3.19,-30.06,20.75,2.33,-84.5,173.87
52.413845,-1.550868,149.09,10.76,3,251.36,20 / 21,1940429,2019-09-06 18:48:27:111,-0.8584,1.1498,10.3845,0.0025,0.0063,9.8066,-0.0305,-0.0278,-0.065,3.38,-29.75,21.5,1.38,-84.56,173.43
52.413845,-1.550868,149.09,10.76,3,251.36,20 / 21,1940528,2019-09-06 18:48:27:210,-0.7685,0.1384,9.9171,0.0023,-0.0309,9.8066,0.0916,-0.0749,0.0208,3.38,-30.25,20.25,0.24,-84.36,171.67
52.413845,-1.550868,149.09,10.76,3,251.36,20 / 21,1940629,2019-09-06 18:48:27:311,-1.0898,-0.4884,10.2784,-0.0082,-0.0306,9.8066,0.0687,-0.0188,-0.0243,3.38,-30,21.06,1.03,-84.07,172.74
52.413845,-1.550868,149.09,10.76,3,251.36,20 / 21,1940729,2019-09-06 18:48:27:411,-1.3892,0.0728,9.357,-0.0174,-0.0167,9.8065,-0.0427,-0.0066,0.0274,2.81,-30.19,20.88,1.48,-83.98,173.12
52.413845,-1.550868,149.09,10.76,3,251.36,20 / 21,1940828,2019-09-06 18:48:27:510,-0.3458,-0.1827,9.4402,-0.0031,0.002,9.8066,-0.0444,0.0107,-0.0301,2.94,-30.12,20.75,1.96,-84.2,173.54
52.413845,-1.550868,149.09,10.76,3,251.36,20 / 21,1940928,2019-09-06 18:48:27:610,-0.8431,0.7828,9.8302,-0.0134,0.0351,9.8065,0.0141,-0.0179,0.016,2.88,-30.37,20.63,2.37,-84.45,173.9
52.413845,-1.550868,149.09,10.76,3,251.36,20 / 21,1941028,2019-09-06 18:48:27:710,-0.5058,-0.2328,9.3311,-0.0084,0.0296,9.8066,0.0409,0.0061,0.0176,2.31,-30.12,20.5,1.87,-84.71,176.18
52.413845,-1.550868,149.09,10.76,3,251.36,20 / 21,1941129,2019-09-06 18:48:27:811,-0.5219,0.0386,9.4966,-0.0176,0.0056,9.8066,0.021,-0.0054,0.0582,2.88,-30.25,20.38,9.26,-84.68,179.43
52.413845,-1.550868,149.09,10.76,3,251.36,20 / 21,1941229,2019-09-06 18:48:27:911,-0.2353,0.1692,9.3039,-0.0124,-0.0048,9.8066,0.0102,0.0268,0.0789,2.25,-30.19,20.31,8.65,-84.7,-178.29
52.413845,-1.550868,149.09,10.76,3,251.36,20 / 21,1941328,2019-09-06 18:48:28:010,-1.2592,0.1389,9.8293,-0.0191,0.0374,9.8065,0.0031,-0.0049,-0.0949,2.06,-30.19,20.88,12.82,-84.93,-174.27
52.413845,-1.550868,149.09,10.76,3,251.36,20 / 21,1941428,2019-09-06 18:48:28:110,-0.259,-0.9764,9.548,0.0056,0.037,9.8065,0.1618,-0.1196,0.0841,2.13,-30.19,20.06,14.17,-84.87,-173.47
52.413845,-1.550868,149.09,10.76,3,251.36,20 / 21,1941529,2019-09-06 18:48:28:211,-0.7642,1.0227,10.3819,0.0066,-0.0419,9.8065,-0.0661,-0.0727,-0.038,2,-30.62,20.56,13.63,-84.47,-173.79
52.413845,-1.550868,149.09,10.76,3,251.36,20 / 21,1941628,2019-09-06 18:48:28:310,-1.0933,0.835,10.4352,-0.0017,-0.0467,9.8065,0.0648,-0.0045,-0.1199,3.19,-31.81,20.5,14.86,-84.05,-175.64
52.413845,-1.550868,149.09,10.76,3,251.36,20 / 21,1941729,2019-09-06 18:48:28:411,0.4823,-1.1622,8.6303,0.0295,0.0171,9.8065,-0.0046,-0.0613,0.0837,3.19,-32.44,20.69,10.18,-84.17,-179.55
52.413845,-1.550868,149.09,10.76,3,251.36,20 / 21,1941829,2019-09-06 18:48:28:511,-1.096,0.3872,9.6425,-0.0103,0.0189,9.8066,-0.0121,0.0185,-0.1117,3.56,-32.19,22.5,12.35,-84.23,-179.27
52.413845,-1.550868,149.09,10.76,3,251.36,20 / 21,1941929,2019-09-06 18:48:28:611,-0.405,-1.3835,9.8045,0.0097,-0.02,9.8066,-0.0656,-0.0787,0.0203,3.31,-31.87,21.06,6.93,-84.4,177.75
52.413845,-1.550868,149.09,10.76,3,251.36,20 / 21,1942028,2019-09-06 18:48:28:710,-0.9409,-0.5622,10.0922,-0.0156,-0.0257,9.8066,0.0608,0.0383,-0.0279,2.81,-32,21.06,8.1,-84.44,178.75
52.413845,-1.550868,149.09,10.76,3,251.36,20 / 21,1942128,2019-09-06 18:48:28:810,-1.2373,0.419,10.2001,-0.0234,-0.0211,9.8066,-0.0391,-0.0334,0.0432,2.63,-31.37,21.31,7.35,-84.58,178.17
52.413845,-1.550868,149.09,10.76,3,251.36,20 / 21,1942228,2019-09-06 18:48:28:910,-0.5059,-0.157,10.5848,-0.0135,-0.0148,9.8066,-0.039,-0.0141,-0.0095,3.63,-30.75,20.5,13.64,-84.38,-179.13
52.413845,-1.550868,149.09,10.76,3,251.36,20 / 21,1942329,2019-09-06 18:48:29:011,-0.9623,1.0226,10.8103,-0.014,-0.0084,9.8066,0.1593,-0.0555,0.0604,3.31,-31.12,20.88,12.91,-84.25,-177.16
52.413845,-1.550868,149.09,10.76,3,251.36,20 / 21,1942428,2019-09-06 18:48:29:110,-1.1842,-1.3007,9.4753,-0.0034,-0.016,9.8066,0.1014,-0.0635,-0.0242,3.19,-31,22.06,12.63,-84.01,-177.03
52.413845,-1.550868,149.09,10.76,3,251.36,20 / 21,1942529,2019-09-06 18:48:29:211,-2.9521,0.152,10.2403,0.0145,0.0659,9.8064,0.1405,-0.2708,0.1643,1.75,-30.5,21.5,9.2,-84.34,-177.27
52.413845,-1.550868,149.09,10.76,3,251.36,20 / 21,1942629,2019-09-06 18:48:29:311,-0.7105,-0.8765,9.738,0.0024,0.1014,9.8061,0.0845,-0.0193,-0.1438,2.5,-31.75,20.69,15.33,-84.52,-175.05
52.413845,-1.550868,149.09,10.76,3,251.36,20 / 21,1942729,2019-09-06 18:48:29:411,-2.8617,0.8536,10.4586,0.0091,-0.0405,9.8065,0.06,-0.1581,0.1324,2.94,-31.56,20.56,14.32,-84.73,-175.83
52.413845,-1.550868,149.09,10.76,3,251.36,20 / 21,1942829,2019-09-06 18:48:29:511,-0.8354,0.3402,10.0912,-0.0092,-0.0247,9.8066,0.096,-0.0509,-0.0577,3.06,-31.62,20.75,13.73,-84.25,-176.52
52.413845,-1.550868,149.09,10.76,3,251.36,20 / 21,1942928,2019-09-06 18:48:29:610,-0.7576,-1.4553,9.6042,0.0025,-0.0282,9.8066,-0.0786,-0.12,-0.0008,3.25,-31.19,20.88,13.71,-83.81,-176.64
52.413845,-1.550868,149.09,10.76,3,251.36,20 / 21,1943029,2019-09-06 18:48:29:711,-1.7958,-0.2005,9.5094,0.0046,-0.0061,9.8066,-0.0634,-0.0233,0.0547,3.13,-31.94,21,13.57,-83.86,-176.81
52.413845,-1.550868,149.09,10.76,3,251.36,20 / 21,1943129,2019-09-06 18:48:29:811,-1.0119,1.2612,10.5711,-0.0172,0.0064,9.8066,-0.0378,-0.165,0.0455,2.94,-31.25,20.88,15.06,-84.16,-175.36
52.413845,-1.550868,149.09,10.76,3,251.36,20 / 21,1943229,2019-09-06 18:48:29:911,-0.2242,-0.7296,11.1315,0.0016,0.0275,9.8065,0.1292,0.0138,-0.1461,3.38,-31.19,20.81,17.37,-84.27,-173.33
52.413845,-1.550868,149.09,10.76,3,251.36,20 / 21,1943329,2019-09-06 18:48:30:011,-2.0281,0.0473,8.6763,-0.0067,-0.0807,9.8063,-0.1357,0.0064,-0.0706,3.06,-31.25,21.44,12.83,-84.28,-177.22
52.413845,-1.550868,149.09,10.76,3,251.36,20 / 21,1943430,2019-09-06 18:48:30:112,-1.6422,-1.1043,10.928,0.035,-0.0094,9.8066,0.0707,-0.0636,0.0338,3.88,-31,20.81,11.39,-83.83,178.78
52.413845,-1.550868,149.09,10.76,3,251.36,20 / 21,1943529,2019-09-06 18:48:30:211,-0.1075,-0.009,11.111,0.0113,-0.017,9.8065,0.0345,0.0088,-0.1687,3.94,-30.62,21.5,5.36,-83.74,174.21
52.413845,-1.550868,149.09,10.76,3,251.36,20 / 21,1943629,2019-09-06 18:48:30:311,0.186,-0.3216,10.114,0.0261,0.0265,9.8065,0.1057,-0.0001,-0.0569,3.75,-30.94,21.38,2.55,-83.81,171.35
52.413845,-1.550868,149.09,10.76,3,251.36,20 / 21,1943728,2019-09-06 18:48:30:410,-0.386,-0.376,9.8872,-0.0007,-0.0107,9.8066,-0.0228,0.0156,0.0154,3.94,-30.56,20.63,1.84,-83.69,170.75
52.413845,-1.550868,149.09,10.76,3,251.36,20 / 21,1943829,2019-09-06 18:48:30:511,-0.4438,0.8291,9.6931,-0.0078,-0.0061,9.8066,-0.0465,-0.0401,0.0607,4.38,-31.06,20.88,2.41,-83.71,171.23
52.413845,-1.550868,149.09,10.76,3,251.36,20 / 21,1943929,2019-09-06 18:48:30:611,-0.3295,0.1806,9.8007,0.0019,0.0088,9.8066,-0.005,-0.0377,-0.0163,3.56,-31.25,21,5.35,-83.78,173.69
52.413845,-1.550868,149.09,10.76,3,251.36,20 / 21,1944029,2019-09-06 18:48:30:711,-0.1064,-0.076,10.2151,-0.0148,-0.0358,9.8065,-0.0145,0.0663,-0.0325,4,-31,20.88,6.09,-83.72,174.31
52.413845,-1.550868,149.09,10.76,3,251.36,20 / 21,1944129,2019-09-06 18:48:30:811,-1.4006,-1.0321,9.6481,-0.0067,-0.0109,9.8066,-0.048,0.0643,-0.05,3.75,-30.69,21.19,5.75,-83.6,174
52.413845,-1.550868,149.09,10.76,3,251.36,20 / 21,1944228,2019-09-06 18:48:30:910,-0.8891,0.5558,9.6687,0.007,-0.0058,9.8066,-0.0906,0.0149,-0.0492,4.13,-30.69,20.75,5.17,-83.66,173.53
52.413845,-1.550868,149.09,10.76,3,251.36,20 / 21,1944329,2019-09-06 18:48:31:011,-0.0086,1.2005,9.9927,-0.0066,0.0122,9.8066,-0.049,0.0011,0.0729,3.81,-31.31,21.19,5.36,-83.86,173.72
52.413845,-1.550868,149.09,10.76,3,251.36,20 / 21,1944428,2019-09-06 18:48:31:110,0.7455,1.156,10.2781,0.0011,0.0122,9.8066,-0.0516,0.042,0.0033,4.19,-30.56,21.44,5.72,-83.93,174.03
52.413845,-1.550868,149.09,10.76,3,251.36,20 / 21,1944529,2019-09-06 18:48:31:211,1.01,1.2622,9.5569,-0.0484,0.025,9.8065,0.0149,-0.0816,0.1145,4.06,-31.19,20.75,9.28,-83.65,176.96
52.413845,-1.550868,149.09,10.76,3,251.36,20 / 21,1944629,2019-09-06 18:48:31:311,-2.5037,0.7338,8.835,-0.0107,0.0307,9.8065,0.0171,-0.1205,0.2146,3.31,-31.12,21.13,15.38,-83.64,-175.31
52.413845,-1.550868,149.09,10.76,3,251.36,20 / 21,1944728,2019-09-06 18:48:31:410,1.147,3.8646,8.4314,-0.0066,0.0655,9.8064,0.0595,-0.3079,0.0764,3.06,-31.5,21.19,19.73,-83.88,-171.52
52.413845,-1.550868,149.09,10.76,3,251.36,20 / 21,1944828,2019-09-06 18:48:31:510,-1.0133,0.2808,10.9094,0.0162,0.0738,9.8063,0.0696,-0.0896,-0.0044,3.13,-31.25,20.38,22.56,-84.09,-169.55
52.413845,-1.550868,149.09,10.76,3,251.36,20 / 21,1944928,2019-09-06 18:48:31:610,-0.7585,0.8136,9.8178,0.0184,-0.0259,9.8065,0.0576,-0.0155,0.0158,3.63,-31.19,20.5,19.85,-84.02,-173.98
52.413845,-1.550868,149.09,10.76,3,251.36,20 / 21,1945029,2019-09-06 18:48:31:711,-0.2033,1.0416,10.068,0.0073,-0.0184,9.8065,0.0949,0.0268,-0.0366,3.19,-31.44,20.44,15.4,-83.94,-175.68
52.413845,-1.550868,149.09,10.76,3,251.36,20 / 21,1945129,2019-09-06 18:48:31:811,-1.4671,0.4222,10.4153,-0.0112,-0.0302,9.8065,0.0743,-0.0543,0.0234,4,-31.19,20.5,16.11,-83.92,-177.2
52.413845,-1.550868,149.09,10.76,3,251.36,20 / 21,1945229,2019-09-06 18:48:31:911,-0.1898,-1.1997,9.4814,0.002,0.0158,9.8066,-0.0172,-0.0639,-0.054,3.25,-31.19,20.56,13.39,-83.86,-176.89
52.413845,-1.550868,149.09,10.76,3,251.36,20 / 21,1945328,2019-09-06 18:48:32:010,-0.668,1.091,11.2143,-0.0063,-0.0002,9.8066,0.1304,0.048,-0.022,3.75,-31.56,20.75,15.68,-83.96,-177.63
52.413845,-1.550868,149.09,10.76,3,251.36,20 / 21,1945429,2019-09-06 18:48:32:111,-0.5932,0.875,10.6677,-0.0002,0.0141,9.8066,0.2552,-0.0384,0.0215,3.31,-31.19,21.38,12.68,-83.94,-177.46
52.413845,-1.550868,149.09,10.76,3,251.36,20 / 21,1945529,2019-09-06 18:48:32:211,-0.42,-1.6446,9.9765,-0.0163,-0.0734,9.8063,-0.1253,-0.057,0.0592,3.25,-30.69,21.31,12.56,-83.11,-177.85
52.413845,-1.550868,149.09,10.76,3,251.36,20 / 21,1945628,2019-09-06 18:48:32:310,-0.3157,0.5317,9.6918,-0.0132,-0.0339,9.8066,-0.1782,0.0194,0.014,3.94,-30.94,20.88,17.04,-83.11,-176.78
52.413845,-1.550868,149.09,10.76,3,251.36,20 / 21,1945728,2019-09-06 18:48:32:410,-0.5812,1.4716,10.3397,0,0.023,9.8066,0.0736,0.0071,-0.0378,3.25,-31.06,21.06,13.98,-83.28,-176.61
52.413845,-1.550868,149.09,10.76,3,251.36,20 / 21,1945829,2019-09-06 18:48:32:511,0.8985,1.1572,10.5404,0.0169,-0.0087,9.8066,-0.0187,0.0848,-0.1143,3.94,-30.87,20.81,15.73,-83.27,-177.8
52.413845,-1.550868,149.09,10.76,3,251.36,20 / 21,1945929,2019-09-06 18:48:32:611,3.1368,-0.178,6.9107,0.0099,0.0804,9.8062,0.3051,-0.241,0.0397,3.69,-30.12,21.25,13.01,-83.32,-179.97
52.413845,-1.550868,149.09,10.76,3,251.36,20 / 21,1946028,2019-09-06 18:48:32:710,-2.5305,0.3134,10.426,0.0799,0.1774,9.8047,-0.1733,-0.2418,0.0812,3.63,-30.94,21.56,12.73,-83.32,-179.7
52.413845,-1.550868,149.09,10.76,3,251.36,20 / 21,1946129,2019-09-06 18:48:32:811,-2.6706,3.0286,10.6602,0.0651,0.1299,9.8055,0.5686,-0.3148,0.2012,4.06,-29.69,21.75,9.49,-83.98,177.81
52.413845,-1.550868,149.09,10.76,3,251.36,20 / 21,1946229,2019-09-06 18:48:32:911,3.1227,3.308,9.2196,0.0608,0.2347,9.8036,0.0344,0.1228,-0.1395,4.69,-28.81,20.44,12.72,-84.36,176.88
52.413845,-1.550868,149.09,10.76,3,251.36,20 / 21,1946328,2019-09-06 18:48:33:010,4.3689,-0.4782,13.2929,-0.0231,0.0133,9.8066,0.6198,0.3308,-0.1764,4.38,-28.44,20.88,9.79,-83.69,177.54
52.41355,-1.552391,148.98,12.88,2,254.65,20 / 21,1946429,2019-09-06 18:48:33:111,2.7746,-0.1312,9.4582,0.0283,0.093,9.8061,0.5216,-0.1155,0.1981,4.31,-27.25,20.94,11.88,-82.66,179.09
52.41355,-1.552391,148.98,12.88,2,254.65,20 / 21,1946528,2019-09-06 18:48:33:210,1.4863,-0.6398,10.8977,-0.0201,0.0613,9.8063,0.1664,0.1924,-0.0215,3.56,-26.19,21.94,14.9,-82.73,-177.69
52.41355,-1.552391,148.98,12.88,2,254.65,20 / 21,1946629,2019-09-06 18:48:33:311,-0.086,1.3151,9.5067,-0.017,-0.0073,9.8066,-0.1725,0.0747,0.0051,3.5,-28.12,21.31,18.25,-83.15,-175.46
52.41355,-1.552391,148.98,12.88,2,254.65,20 / 21,1946728,2019-09-06 18:48:33:410,0.1459,0.9441,8.7184,-0.0068,-0.0106,9.8066,-0.0681,-0.0024,-0.0109,3.13,-29.62,20.88,15.88,-83.47,-174.87
52.41355,-1.552391,148.98,12.88,2,254.65,20 / 21,1946829,2019-09-06 18:48:33:511,-0.1542,1.1796,9.913,0.0024,0.0151,9.8066,-0.0314,-0.0444,-0.1567,2.81,-30.37,20.81,16.36,-83.54,-174.44
52.41355,-1.552391,148.98,12.88,2,254.65,20 / 21,1946928,2019-09-06 18:48:33:610,0.2387,1.1054,9.0871,0.0103,-0.0181,9.8066,-0.1106,-0.0726,0.1039,3.13,-30.81,21.94,13.62,-83.28,-176.44
52.41355,-1.552391,148.98,12.88,2,254.65,20 / 21,1947028,2019-09-06 18:48:33:710,-1.0471,0.5338,9.6793,-0.0125,0.0065,9.8066,0.1183,-0.0444,0.0139,3.25,-30.75,21.5,16.47,-82.94,-174.21
52.41355,-1.552391,148.98,12.88,2,254.65,20 / 21,1947128,2019-09-06 18:48:33:810,0.874,-1.2721,10.9258,-0.0147,0.027,9.8066,0.0946,0.0029,0.0204,3.44,-30.69,21.88,17.47,-82.87,-173.4
52.41355,-1.552391,148.98,12.88,2,254.65,20 / 21,1947229,2019-09-06 18:48:33:911,-0.6473,-1.3875,9.5436,-0.0124,-0.0051,9.8066,-0.0281,-0.0001,-0.0972,3.69,-31.31,22,22.1,-82.71,-172.16
52.41355,-1.552391,148.98,12.88,2,254.65,20 / 21,1947329,2019-09-06 18:48:34:011,-1.3594,-1.1871,9.2102,0.0077,0.0345,9.8065,0.1294,0.0262,0.0178,3.56,-31.12,21.63,22.81,-82.99,-171.41
52.41355,-1.552391,148.98,12.88,2,254.65,20 / 21,1947429,2019-09-06 18:48:34:111,-0.9764,1.5526,9.93,-0.0071,-0.0227,9.8066,-0.2114,-0.0126,0.0178,2.88,-31.5,21.63,20.52,-83.26,-170.67
52.41355,-1.552391,148.98,12.88,2,254.65,20 / 21,1947528,2019-09-06 18:48:34:210,0.9561,1.5195,10.4272,-0.0022,-0.0148,9.8066,-0.0337,0.0249,-0.0907,3.44,-31.12,21.31,21.04,-83.35,-170.7
52.41355,-1.552391,148.98,12.88,2,254.65,20 / 21,1947628,2019-09-06 18:48:34:310,-0.4713,1.5153,10.5264,0.0054,0.0142,9.8066,0.1905,-0.0082,0.0242,3.19,-31.12,20.94,21.37,-83.32,-170.45
52.41355,-1.552391,148.98,12.88,2,254.65,20 / 21,1947729,2019-09-06 18:48:34:411,-1.2393,0.2885,10.0451,-0.0041,-0.0194,9.8065,0.0092,-0.0507,-0.0369,3.06,-31.5,21.25,20.77,-82.9,-171.18
52.41355,-1.552391,148.98,12.88,2,254.65,20 / 21,1947829,2019-09-06 18:48:34:511,-2.1515,-1.4188,9.5989,-0.0072,-0.0033,9.8066,-0.0036,0.0362,-0.107,3.44,-31,21.5,20.26,-82.83,-171.11
52.41355,-1.552391,148.98,12.88,2,254.65,20 / 21,1947929,2019-09-06 18:48:34:611,-0.6115,0.819,9.3895,0.0239,0.0108,9.8066,-0.1079,0.0498,-0.066,3.31,-30.75,21.56,17.97,-83.08,-172.89
52.41355,-1.552391,148.98,12.88,2,254.65,20 / 21,1948029,2019-09-06 18:48:34:711,-0.2496,-0.8471,9.4157,0.0042,-0.0118,9.8066,-0.0243,0.0159,-0.0426,3.5,-30.94,21.19,20.66,-83.27,-173.69
52.41355,-1.552391,148.98,12.88,2,254.65,20 / 21,1948128,2019-09-06 18:48:34:810,-1.6319,-0.5209,9.2743,0.0067,0.0048,9.8066,-0.0023,-0.0888,0.0298,3.5,-31.44,21.69,18.82,-83.39,-174.55
52.41355,-1.552391,148.98,12.88,2,254.65,20 / 21,1948228,2019-09-06 18:48:34:910,-0.8709,-0.204,9.9756,-0.0099,-0.0233,9.8065,-0.1732,-0.0572,0.0315,3.19,-31.06,21.31,17.12,-83.45,-173.93
52.41355,-1.552391,148.98,12.88,2,254.65,20 / 21,1948329,2019-09-06 18:48:35:011,0.2686,0.56,9.8702,-0.0134,-0.0386,9.8065,0.1556,-0.0522,0.0616,3.56,-31.37,20.94,21.01,-83.55,-173.25
52.41355,-1.552391,148.98,12.88,2,254.65,20 / 21,1948429,2019-09-06 18:48:35:111,-0.8828,1.6219,10.0012,-0.0031,0.031,9.8066,0.1025,-0.0347,-0.0369,3.19,-31.56,21.38,20.84,-83.62,-170.83
52.41355,-1.552391,148.98,12.88,2,254.65,20 / 21,1948529,2019-09-06 18:48:35:211,-1.2091,-0.5372,10.2321,-0.0021,-0.0026,9.8066,-0.0789,0.1441,-0.0536,3.44,-30.87,21.56,19.82,-83.39,-171.19
52.41355,-1.552391,148.98,12.88,2,254.65,20 / 21,1948628,2019-09-06 18:48:35:310,-0.3611,-0.4981,10.2721,-0.0052,-0.0566,9.8064,-0.0706,-0.1286,0.0833,4.19,-31.19,21.06,21.71,-83.33,-172.78
52.41355,-1.552391,148.98,12.88,2,254.65,20 / 21,1948728,2019-09-06 18:48:35:410,-1.0508,1.365,9.3216,-0.0154,-0.0287,9.8065,-0.1287,-0.109,-0.0461,3.19,-31.62,21.56,19.23,-82.96,-172.01
52.41355,-1.552391,148.98,12.88,2,254.65,20 / 21,1948829,2019-09-06 18:48:35:511,-0.2184,-0.3591,9.4786,0.0072,0.0281,9.8065,-0.0063,-0.0291,0.1028,3.94,-31.69,21.38,22.88,-83.39,-171.89
52.41355,-1.552391,148.98,12.88,2,254.65,20 / 21,1948929,2019-09-06 18:48:35:611,-1.4492,0.1026,9.8196,-0.0138,0.0389,9.8066,-0.0038,-0.0077,0.0475,3.63,-31.19,20.63,25.21,-83.62,-169.65
52.41355,-1.552391,148.98,12.88,2,254.65,20 / 21,1949029,2019-09-06 18:48:35:711,-1.2025,0.3157,10.0175,-0.0148,-0.0202,9.8065,-0.0047,-0.0208,0.0453,3.06,-31.25,20.69,24.64,-83.52,-167.57
52.41355,-1.552391,148.98,12.88,2,254.65,20 / 21,1949129,2019-09-06 18:48:35:811,-1.2014,-0.1512,10.2848,-0.0218,-0.0362,9.8065,-0.0076,-0.0389,-0.0272,2.81,-31.69,21.19,25.84,-83.35,-166.82
52.41355,-1.552391,148.98,12.88,2,254.65,20 / 21,1949228,2019-09-06 18:48:35:910,-2.3415,-0.8335,10.914,0.0012,0.0018,9.8066,0.1625,-0.1113,0.0154,3.25,-31.62,20.88,25.98,-83.3,-166.73
52.41355,-1.552391,148.98,12.88,2,254.65,20 / 21,1949328,2019-09-06 18:48:36:010,-0.2991,-1.4698,9.1499,0.0152,0.0528,9.8064,0.1559,0.008,0.0206,3.44,-31.56,20.38,26.88,-83.54,-166.42
52.41355,-1.552391,148.98,12.88,2,254.65,20 / 21,1949429,2019-09-06 18:48:36:111,-2.0714,-1.1644,10.7995,-0.0138,-0.029,9.8066,-0.1392,-0.0254,0.0283,2.94,-31.75,20.13,27.66,-83.49,-165.81
52.41355,-1.552391,148.98,12.88,2,254.65,20 / 21,1949528,2019-09-06 18:48:36:210,-0.2153,2.1501,9.7252,-0.0085,0.0023,9.8066,0.1716,-0.0081,-0.0356,3.13,-31.62,20.13,27.98,-83.73,-165.35
52.41355,-1.552391,148.98,12.88,2,254.65,20 / 21,1949628,2019-09-06 18:48:36:310,-1.5261,-0.8408,9.0704,0.0095,-0.0094,9.8066,-0.0654,-0.0537,-0.0034,3.31,-31.56,20.5,27.53,-83.54,-165.26
52.41355,-1.552391,148.98,12.88,2,254.65,20 / 21,1949728,2019-09-06 18:48:36:410,0.0603,0.694,10.357,-0.0168,-0.0303,9.8065,-0.0312,0.0394,0.074,3.31,-31.69,20.56,26.65,-83.39,-166.11
52.41355,-1.552391,148.98,12.88,2,254.65,20 / 21,1949829,2019-09-06 18:48:36:511,-2.3713,0.9486,10.6436,-0.0202,0.0502,9.8065,0.2657,-0.068,-0.1407,3,-31.62,20.69,30.87,-83.55,-162.42
52.41355,-1.552391,148.98,12.88,2,254.65,20 / 21,1949929,2019-09-06 18:48:36:611,0.5688,-0.8932,10.8441,0.0165,0.1401,9.8056,0.28,0.2874,-0.1225,3.25,-31.69,20.31,31.86,-83.82,-161.99
52.41355,-1.552391,148.98,12.88,2,254.65,20 / 21,1950029,2019-09-06 18:48:36:711,-1.109,0.9939,11.4667,-0.0498,-0.0625,9.8063,0.164,0.0944,-0.0679,2.94,-31.87,20.69,29.82,-83.57,-163.29
52.41355,-1.552391,148.98,12.88,2,254.65,20 / 21,1950129,2019-09-06 18:48:36:811,2.6106,0.3487,11.3311,0.0025,0.0614,9.8064,0.2608,0.1914,-0.2889,2.88,-31.62,19.81,31.31,-83.95,-162.34
52.41355,-1.552391,148.98,12.88,2,254.65,20 / 21,1950229,2019-09-06 18:48:36:911,-1.0767,-0.8853,9.9303,-0.0039,-0.0958,9.8061,-0.019,0.0464,-0.0185,3.13,-30.87,20,28.48,-84.05,-164.53
52.41355,-1.552391,148.98,12.88,2,254.65,20 / 21,1950329,2019-09-06 18:48:37:011,-0.6922,0.6176,9.022,0.0011,-0.0513,9.8064,-0.0157,-0.0017,0.0434,3.63,-31.62,20.63,27.31,-83.62,-168
52.41355,-1.552391,148.98,12.88,2,254.65,19 / 20,1950429,2019-09-06 18:48:37:111,-1.0327,0.6646,9.4252,0.0212,0.0385,9.8065,-0.0799,0.0154,-0.0313,4,-32.25,19.5,28,-84.09,-167.79
52.41355,-1.552391,148.98,12.88,2,254.65,19 / 20,1950528,2019-09-06 18:48:37:210,-0.7879,1.695,10.3639,0.0144,0.0113,9.8066,-0.0635,-0.1071,0.0183,3.5,-31.06,19.25,27.08,-84.24,-169.12
52.41355,-1.552391,148.98,12.88,2,254.65,19 / 20,1950628,2019-09-06 18:48:37:310,-1.6007,0.0536,10.2371,-0.0064,-0.0364,9.8065,0.0566,0.0466,-0.0873,4.19,-31.19,19.38,27.19,-84.14,-169.1
52.41355,-1.552391,148.98,12.88,2,254.65,19 / 20,1950729,2019-09-06 18:48:37:411,-0.0159,-0.5543,10.0397,0.0132,-0.0119,9.8065,0.1144,-0.0358,0.1634,4.44,-31.56,19.81,23.17,-83.78,-172.1
52.41355,-1.552391,148.98,12.88,2,254.65,19 / 20,1950829,2019-09-06 18:48:37:511,-1.0655,-0.776,9.1672,-0.0104,-0.0014,9.8066,-0.1506,-0.0368,-0.1264,3.5,-31.62,20.38,25.38,-83.49,-170.45
52.41355,-1.552391,148.98,12.88,2,254.65,19 / 20,1950929,2019-09-06 18:48:37:611,-0.2829,-1.3955,8.5191,0.0173,0.0544,9.8064,0.001,-0.0007,0.0164,3.75,-31.5,19.56,24.86,-83.96,-170.43
52.41355,-1.552391,148.98,12.88,2,254.65,19 / 20,1951029,2019-09-06 18:48:37:711,-0.5752,0.7822,10.3046,0.0025,0.017,9.8065,0.0233,-0.0543,-0.0088,3.94,-31.25,19.38,26.64,-84.14,-169.56
52.41355,-1.552391,148.98,12.88,2,254.65,19 / 20,1951129,2019-09-06 18:48:37:811,0.0511,1.2684,10.2972,0.0108,0.0085,9.8065,0.082,0.0036,-0.0555,3.63,-31.56,19.75,25.3,-84.16,-170.05
52.41355,-1.552391,148.98,12.88,2,254.65,19 / 20,1951228,2019-09-06 18:48:37:910,-0.1671,-1.0943,9.9124,-0.0049,-0.0381,9.8065,-0.035,-0.0749,0.0543,3.88,-31.5,19.81,23.38,-84.08,-171.61
52.41355,-1.552391,148.98,12.88,2,254.65,19 / 20,1951329,2019-09-06 18:48:38:011,-0.3138,0.2107,9.6696,0.0057,-0.0198,9.8066,-0.0627,-0.1208,-0.02,4.25,-31.19,19.13,23.44,-83.86,-172.46
52.41355,-1.552391,148.98,12.88,2,254.65,19 / 20,1951428,2019-09-06 18:48:38:110,-0.6348,1.0422,10.203,0.0255,0.0473,9.8065,0.0982,-0.1162,0.0658,4.44,-32.06,19.25,22.61,-84.28,-173
52.41355,-1.552391,148.98,12.88,2,254.65,19 / 20,1951528,2019-09-06 18:48:38:210,-0.1542,0.2101,9.7959,-0.0036,0.041,9.8066,0.0824,0.029,0.0053,3.5,-31.44,19.94,22.96,-84.33,-171.81
52.41355,-1.552391,148.98,12.88,2,254.65,19 / 20,1951629,2019-09-06 18:48:38:311,-1.1702,1.6866,9.7998,-0.0075,0.0128,9.8066,0.0083,0.0242,-0.0376,3.38,-31.44,19.44,21.67,-84.27,-170.81
52.41355,-1.552391,148.98,12.88,2,254.65,19 / 20,1951728,2019-09-06 18:48:38:410,-0.4298,1.068,10.4016,0.0048,0.0103,9.8066,0.082,0.0078,0.0599,3.56,-31.5,19.75,24.57,-84.28,-170.46
52.41355,-1.552391,148.98,12.88,2,254.65,19 / 20,1951828,2019-09-06 18:48:38:510,-0.6916,-0.2952,9.9567,-0.0149,-0.0077,9.8065,0.0245,-0.0336,-0.0071,3.5,-31,19.75,26.32,-84.03,-169.14
52.41355,-1.552391,148.98,12.88,2,254.65,19 / 20,1951930,2019-09-06 18:48:38:612,-0.663,0.2327,10.0331,0.0041,0.024,9.8065,0.1155,-0.0842,-0.0285,4.19,-31,19.38,28.14,-84.11,-168.31
52.41355,-1.552391,148.98,12.88,2,254.65,19 / 20,1952028,2019-09-06 18:48:38:710,-0.269,0.8604,9.7651,-0.0055,-0.0199,9.8066,-0.1456,-0.03,0.048,4.06,-31.25,19.25,27.8,-84.02,-168.67
52.41355,-1.552391,148.98,12.88,2,254.65,19 / 20,1952129,2019-09-06 18:48:38:811,-1.4868,1.0601,9.8977,-0.0048,-0.0204,9.8065,-0.1283,-0.1209,0.0878,4.13,-31.87,19,28.26,-84.03,-168.42
52.41355,-1.552391,148.98,12.88,2,254.65,19 / 20,1952229,2019-09-06 18:48:38:911,0.2747,0.3532,9.2271,-0.0042,0.0179,9.8066,0.0976,-0.1745,0.0073,4.44,-31,19.13,29.48,-84.08,-167.2
52.41355,-1.552391,148.98,12.88,2,254.65,19 / 20,1952328,2019-09-06 18:48:39:010,-0.4623,-0.6028,10.3298,0.022,0.0494,9.8065,0.0945,-0.1285,0.0228,3.69,-31.5,18.81,31.27,-84.27,-165.5
52.41355,-1.552391,148.98,12.88,2,254.65,19 / 21,1952429,2019-09-06 18:48:39:111,-2.8818,0.2218,10.2517,0.0048,-0.0301,9.8066,0.0025,-0.1498,0.1264,3.13,-31.69,18.69,28.55,-84.23,-165.13
52.41355,-1.552391,148.98,12.88,2,254.65,19 / 21,1952528,2019-09-06 18:48:39:210,0.6657,0.1349,9.7833,-0.0227,-0.0032,9.8066,0.0052,0.0609,-0.0946,3.69,-31,19.13,32.17,-84.03,-164.94
52.41355,-1.552391,148.98,12.88,2,254.65,19 / 21,1952628,2019-09-06 18:48:39:310,-0.7918,1.7555,10.5985,-0.0036,0.0109,9.8066,0.1567,-0.012,0.0234,4.25,-31.81,19.56,31.76,-84.07,-164.59
52.41355,-1.552391,148.98,12.88,2,254.65,19 / 21,1952728,2019-09-06 18:48:39:410,-1.1269,-1.1058,9.2981,-0.0036,0.0047,9.8066,0.0814,-0.0222,-0.032,3.88,-31.5,18.31,34.11,-84.02,-164.2
52.41355,-1.552391,148.98,12.88,2,254.65,19 / 21,1952829,2019-09-06 18:48:39:511,-0.6096,0.4888,10.9255,-0.0108,-0.0146,9.8065,0.0646,0.0463,-0.0796,3.25,-31.75,19.13,29.61,-83.83,-164.58
52.41355,-1.552391,148.98,12.88,2,254.65,19 / 21,1952929,2019-09-06 18:48:39:611,-3.0538,1.8557,8.6263,0.0033,-0.0234,9.8066,-0.1521,-0.1591,-0.0265,3.94,-31.69,18.44,32.65,-83.74,-165.9
52.41355,-1.552391,148.98,12.88,2,254.65,19 / 21,1953029,2019-09-06 18:48:39:711,-0.6298,2.4771,11.4523,-0.0257,0.0049,9.8066,-0.0888,0.1325,-0.0817,3.88,-31.5,18.63,29.12,-83.96,-167.6
52.41355,-1.552391,148.98,12.88,2,254.65,19 / 21,1953129,2019-09-06 18:48:39:811,-1.3753,-0.2828,11.1855,0.0086,0.0557,9.8064,0.0834,0.0714,-0.0203,3.88,-31.75,19.25,30.05,-84.2,-166.75
52.41355,-1.552391,148.98,12.88,2,254.65,19 / 21,1953229,2019-09-06 18:48:39:911,-3.6677,-1.1617,9.5018,-0.058,-0.0648,9.8062,0.0098,0.0788,-0.1531,4.13,-31.12,19,29.85,-83.9,-167.04
52.41355,-1.552391,148.98,12.88,2,254.65,19 / 21,1953329,2019-09-06 18:48:40:011,-0.1897,0.443,10.5721,0.0048,0.0023,9.8066,0.0473,-0.0319,0.0506,4.25,-30.87,18.94,30.02,-84.16,-166.66
52.41355,-1.552391,148.98,12.88,2,254.65,21 / 21,1953430,2019-09-06 18:48:40:112,-0.455,-0.2079,10.8225,-0.0239,-0.0398,9.8065,-0.0371,-0.0703,0.0454,3.5,-30.81,19.13,30.5,-84.22,-166.21
52.41355,-1.552391,148.98,12.88,2,254.65,21 / 21,1953529,2019-09-06 18:48:40:211,-0.7981,0.6077,9.6161,-0.0221,-0.0672,9.8063,0.0703,-0.037,-0.0384,3.44,-30.19,18.75,28.08,-83.67,-165.69
52.41355,-1.552391,148.98,12.88,2,254.65,21 / 21,1953628,2019-09-06 18:48:40:310,-1.6674,-1.2225,9.1593,0.0034,-0.0095,9.8066,0.0449,-0.0444,0.0835,3.19,-30.25,17.94,26.7,-83.59,-167.64
52.41355,-1.552391,148.98,12.88,2,254.65,21 / 21,1953728,2019-09-06 18:48:40:410,0.0142,1.427,9.8128,-0.0124,-0.014,9.8066,-0.2121,-0.0108,-0.0553,4.25,-30.94,16.25,33.52,-83.49,-167.45
52.41355,-1.552391,148.98,12.88,2,254.65,21 / 21,1953828,2019-09-06 18:48:40:510,-0.2764,0.5578,9.8694,0.0229,0.0174,9.8065,0.0256,-0.0047,0.0172,6.19,-31.81,17.63,37.43,-83.88,-167.45
52.41355,-1.552391,148.98,12.88,2,254.65,21 / 21,1953928,2019-09-06 18:48:40:610,-0.4697,-0.2391,9.1983,0.013,-0.0114,9.8065,-0.1404,-0.0395,0.0494,5.94,-30.94,18.44,35.75,-84.04,-168.53
52.41355,-1.552391,148.98,12.88,2,254.65,21 / 21,1954029,2019-09-06 18:48:40:711,-0.6463,0.2772,9.7058,0.0093,0.0095,9.8066,0.0584,-0.033,-0.0737,4.56,-31.37,18.25,32.59,-84.17,-168.28
52.41355,-1.552391,148.98,12.88,2,254.65,21 / 21,1954128,2019-09-06 18:48:40:810,0.5522,-0.6834,9.5598,-0.0094,-0.0169,9.8066,0.0172,0.0602,-0.0564,3.38,-31.37,18.31,25.02,-84.2,-168.73
52.41355,-1.552391,148.98,12.88,2,254.65,21 / 21,1954228,2019-09-06 18:48:40:910,-0.7778,0.7707,10.2833,-0.0053,0.0088,9.8066,0.0328,-0.0137,0.0531,4.38,-31.31,18.31,28.66,-84.14,-168.73
52.41355,-1.552391,148.98,12.88,2,254.65,21 / 21,1954329,2019-09-06 18:48:41:011,-0.1041,1.0396,10.0832,-0.0033,0.0084,9.8066,0.008,-0.0101,-0.0775,4.75,-31,17.88,32.5,-84.06,-168.47
52.41355,-1.552391,148.98,12.88,2,254.65,21 / 21,1954428,2019-09-06 18:48:41:110,-0.1104,0.5718,10.5121,-0.0016,-0.0108,9.8066,0.0583,0.0014,0.108,4.5,-31.62,18.31,32.58,-84.01,-168.61
52.41355,-1.552391,148.98,12.88,2,254.65,21 / 21,1954529,2019-09-06 18:48:41:211,-1.5449,0.3868,10.0914,-0.0135,-0.0163,9.8066,0.0657,-0.0344,0.0296,4.44,-31.37,18.13,29.61,-83.94,-168.1
52.41355,-1.552391,148.98,12.88,2,254.65,21 / 21,1954629,2019-09-06 18:48:41:311,-0.5214,1.0434,9.3503,0.0107,0.026,9.8066,0.0124,-0.0209,0.0035,3.69,-31.25,18,29.47,-83.91,-168.24
52.41355,-1.552391,148.98,12.88,2,254.65,21 / 21,1954728,2019-09-06 18:48:41:410,-0.2006,0.6346,10.1727,-0.0011,0.0143,9.8066,-0.0191,-0.0504,0.0335,4.56,-31.31,17.69,33.37,-83.99,-167.79
52.41355,-1.552391,148.98,12.88,2,254.65,21 / 21,1954828,2019-09-06 18:48:41:510,-0.4361,0.1827,9.7997,-0.0007,0.007,9.8066,0.0423,-0.0406,-0.0187,4.81,-30.94,17.75,34.55,-84.04,-166.74
52.41355,-1.552391,148.98,12.88,2,254.65,21 / 21,1954928,2019-09-06 18:48:41:610,-0.6834,-1.2132,9.2141,0.01,0.0106,9.8066,0.043,-0.0341,-0.0025,5.13,-31.25,17.81,34.2,-84.06,-167.02
52.41355,-1.552391,148.98,12.88,2,254.65,21 / 21,1955028,2019-09-06 18:48:41:710,-0.7046,0.153,9.1731,-0.0033,-0.0103,9.8066,-0.2076,-0.0636,-0.0164,4.56,-31,18.13,34.34,-84.03,-166.92
52.41355,-1.552391,148.98,12.88,2,254.65,21 / 21,1955128,2019-09-06 18:48:41:810,-0.2201,-0.0495,10.031,0.0018,-0.0218,9.8066,-0.1266,-0.0265,-0.0498,4.75,-31.31,17.94,33.61,-84.15,-167.43
52.41355,-1.552391,148.98,12.88,2,254.65,21 / 21,1955229,2019-09-06 18:48:41:911,0.1648,1.6512,10.0789,0.0152,0.0067,9.8066,0.0333,-0.0421,-0.0357,5.31,-30.75,17.31,32.95,-84.28,-169.02
52.41355,-1.552391,148.98,12.88,2,254.65,21 / 21,1955328,2019-09-06 18:48:42:010,0.423,-0.3686,9.5682,0.0059,-0.0018,9.8066,0.0346,-0.0027,-0.0307,5.06,-30.87,17.38,31.16,-84.26,-170.55
52.413372,-1.554053,149.46,12.8,2,267.33,21 / 21,1955428,2019-09-06 18:48:42:110,-0.5051,0.731,10.0518,-0.0132,-0.0037,9.8066,0.0154,-0.0361,0.0197,4.5,-31,17.13,31.77,-84.13,-170.17
52.413372,-1.554053,149.46,12.8,2,267.33,21 / 21,1955528,2019-09-06 18:48:42:210,-0.7635,0.5387,9.8776,-0.0204,-0.0111,9.8066,-0.0693,-0.0619,0.0322,4.94,-31.31,16.94,34.73,-83.97,-167.83
52.413372,-1.554053,149.46,12.8,2,267.33,21 / 21,1955629,2019-09-06 18:48:42:311,-0.7008,1.2891,9.9578,-0.0068,0.0251,9.8065,0.0675,-0.0282,0.0089,4.75,-32,17.38,37.85,-84.08,-165.26
52.413372,-1.554053,149.46,12.8,2,267.33,21 / 21,1955729,2019-09-06 18:48:42:411,-0.9353,0.7562,9.6161,0.0003,0.0141,9.8066,-0.0724,-0.0175,-0.0149,4.19,-31.37,17.38,34.85,-84.03,-164.61
52.413372,-1.554053,149.46,12.8,2,267.33,21 / 21,1955828,2019-09-06 18:48:42:510,-0.4518,1.2091,9.6302,-0.0071,-0.0085,9.8066,-0.0553,-0.0351,0.011,4.31,-32,17.31,35.41,-84,-164.35
52.413372,-1.554053,149.46,12.8,2,267.33,21 / 21,1955928,2019-09-06 18:48:42:610,-0.4415,0.708,9.5937,0.0004,-0.0078,9.8066,-0.0536,-0.0217,0.013,4.94,-31.81,16.56,39.04,-83.98,-164.38
52.413372,-1.554053,149.46,12.8,2,267.33,21 / 21,1956028,2019-09-06 18:48:42:710,-0.5814,0.3607,9.6726,0.0149,0.0221,9.8066,0.0133,-0.0612,-0.0681,4.63,-31.31,17,38,-84.23,-164.76
52.413372,-1.554053,149.46,12.8,2,267.33,21 / 21,1956128,2019-09-06 18:48:42:810,-0.0219,1.445,9.7132,0.0166,0.0168,9.8066,0.0291,-0.0819,-0.0469,4.69,-31.37,16.63,37.4,-84.32,-165.18
52.413372,-1.554053,149.46,12.8,2,267.33,21 / 21,1956228,2019-09-06 18:48:42:910,-0.1097,0.7886,9.6174,0.0018,-0.0085,9.8066,-0.0157,-0.0334,0.0549,5.38,-31.12,16.81,36.06,-84.33,-166.31
52.413372,-1.554053,149.46,12.8,2,267.33,21 / 21,1956328,2019-09-06 18:48:43:010,0.0836,0.8287,9.4593,-0.0081,-0.0355,9.8065,-0.1805,-0.0034,0.0519,4.44,-30.81,16.19,33.55,-84.26,-166.59
52.413372,-1.554053,149.46,12.8,2,267.33,21 / 21,1956429,2019-09-06 18:48:43:111,0.1899,0.1813,9.7522,-0.0051,0.0355,9.8065,0.0745,-0.0231,-0.059,4.25,-31.44,16.5,33.87,-84.31,-165.13
52.413372,-1.554053,149.46,12.8,2,267.33,21 / 21,1956528,2019-09-06 18:48:43:210,-0.0632,0.1138,9.3246,0.0076,0.0152,9.8066,0.0025,0.0033,0.0502,4.13,-31.06,16,36.98,-84.42,-163.52
52.413372,-1.554053,149.46,12.8,2,267.33,21 / 21,1956629,2019-09-06 18:48:43:311,0.1858,1.0622,9.121,-0.0175,0.0316,9.8066,0.032,-0.0428,0.1159,3.69,-31,16.25,40.9,-84.4,-160.18
52.413372,-1.554053,149.46,12.8,2,267.33,21 / 21,1956728,2019-09-06 18:48:43:410,-1.1615,0.2877,9.9842,-0.0138,0.0401,9.8065,-0.0123,-0.0513,0.0158,3.81,-31.44,16.25,45.03,-84.37,-156.66
52.413372,-1.554053,149.46,12.8,2,267.33,21 / 21,1956828,2019-09-06 18:48:43:510,-1.0368,-1.079,10.716,-0.0215,0.0009,9.8066,0.2109,-0.0823,0.0568,4,-31.25,17,47.86,-84.3,-153.05
52.413372,-1.554053,149.46,12.8,2,267.33,21 / 21,1956929,2019-09-06 18:48:43:611,-0.6065,1.3127,9.941,-0.0024,0.0029,9.8065,0.2228,-0.0023,-0.0005,4,-31.25,16.5,49.71,-84.31,-151.4
52.413372,-1.554053,149.46,12.8,2,267.33,21 / 21,1957028,2019-09-06 18:48:43:710,0.416,0.7295,10.4755,-0.0167,-0.0422,9.8065,-0.0724,0.037,-0.0474,4.38,-31.56,16.81,50.14,-84.38,-151.18
52.413372,-1.554053,149.46,12.8,2,267.33,21 / 21,1957129,2019-09-06 18:48:43:811,-0.1893,0.4701,10.2422,0.0008,-0.0355,9.8066,0.0075,0.0304,-0.1153,4.13,-31.44,16.44,48.47,-84.18,-153.95
52.413372,-1.554053,149.46,12.8,2,267.33,21 / 21,1957228,2019-09-06 18:48:43:910,1.3802,1.8379,11.0112,0.0195,-0.008,9.8066,0.1127,-0.0253,0.0466,4.38,-30.81,15.75,43.24,-84.25,-158.37
52.413372,-1.554053,149.46,12.8,2,267.33,21 / 21,1957328,2019-09-06 18:48:44:010,0.1737,1.2927,9.6909,-0.0063,-0.0264,9.8066,-0.071,0.0347,-0.0879,4.5,-31.19,16.06,45.64,-84.1,-159.7
52.413372,-1.554053,149.46,12.8,2,267.33,20 / 20,1957428,2019-09-06 18:48:44:110,-0.079,1.6876,9.5635,0.0098,0.0251,9.8065,0.012,0.0489,-0.032,5,-31.37,16.38,43.7,-84.19,-161.25
52.413372,-1.554053,149.46,12.8,2,267.33,20 / 20,1957529,2019-09-06 18:48:44:211,1.0222,0.7319,9.9876,0.0086,0.0263,9.8066,0.0072,-0.0027,0.0439,4.94,-31.06,16.06,43.77,-84.36,-160.97
52.413372,-1.554053,149.46,12.8,2,267.33,20 / 20,1957628,2019-09-06 18:48:44:310,0.0997,0.7334,10.3235,-0.0186,-0.0118,9.8066,0.0568,-0.0402,0.0216,4.44,-31.12,16.06,40.56,-84.19,-160.75
52.413372,-1.554053,149.46,12.8,2,267.33,20 / 20,1957729,2019-09-06 18:48:44:411,-0.3823,1.2033,9.7635,-0.0185,-0.0107,9.8066,0.0528,-0.0183,-0.0252,4.81,-31.31,16.31,45.97,-84.13,-159.36
52.413372,-1.554053,149.46,12.8,2,267.33,20 / 20,1957828,2019-09-06 18:48:44:510,1.4949,1.5237,8.9029,0.0006,0.0189,9.8065,-0.0887,-0.067,0.0709,4.31,-31.12,15.75,42.03,-84.24,-159.42
52.413372,-1.554053,149.46,12.8,2,267.33,20 / 20,1957929,2019-09-06 18:48:44:611,2.6384,4.2186,9.1717,0.0005,0.0338,9.8065,-0.1072,0.0443,-0.0185,4.5,-31.94,15.81,49.57,-84.47,-155.99
52.413372,-1.554053,149.46,12.8,2,267.33,20 / 20,1958028,2019-09-06 18:48:44:710,1.9747,1.8217,10.6911,-0.0144,0.0025,9.8066,0.0062,0.0018,-0.0554,4.44,-31.25,15.75,47.39,-84.49,-154.44
52.413372,-1.554053,149.46,12.8,2,267.33,20 / 20,1958129,2019-09-06 18:48:44:811,0.7883,2.3649,10.5074,-0.0134,-0.0186,9.8066,0.08,-0.0662,0.1036,3.88,-31.87,15.94,48.72,-84.29,-153.83
52.413372,-1.554053,149.46,12.8,2,267.33,20 / 20,1958229,2019-09-06 18:48:44:911,0.6708,2.8654,10.3291,-0.0284,0.0084,9.8066,0.0844,0.0462,0.0413,4.31,-31.44,15.88,51.42,-83.8,-151.95
52.413372,-1.554053,149.46,12.8,2,267.33,20 / 20,1958328,2019-09-06 18:48:45:010,-0.1676,2.7339,9.559,-0.0192,0.0099,9.8065,0.0003,-0.0198,0.0015,3.63,-32.25,16.06,53.55,-83.48,-150.92
52.413372,-1.554053,149.46,12.8,2,267.33,21 / 21,1958428,2019-09-06 18:48:45:110,-0.1411,2.6098,9.4551,0.0019,0.0105,9.8066,-0.0802,-0.0415,-0.0442,4.13,-32.44,16.69,52.42,-83.47,-150.55
52.413372,-1.554053,149.46,12.8,2,267.33,21 / 21,1958529,2019-09-06 18:48:45:211,0.3353,2.9969,9.6321,0.029,0.015,9.8066,-0.0502,-0.0327,-0.0472,3.69,-31.69,15.94,53.12,-83.96,-150.5
52.413372,-1.554053,149.46,12.8,2,267.33,21 / 21,1958628,2019-09-06 18:48:45:310,0.6517,2.2925,10.235,0.0219,0.0034,9.8066,0.0164,-0.0358,-0.066,4.25,-31.69,15.5,51.18,-84.25,-151.73
52.413372,-1.554053,149.46,12.8,2,267.33,21 / 21,1958728,2019-09-06 18:48:45:410,0.3635,2.0764,9.623,0.0351,-0.0067,9.8065,0.0514,-0.1094,-0.0229,4.25,-31.75,16.31,47.43,-84.35,-154.85
52.413372,-1.554053,149.46,12.8,2,267.33,21 / 21,1958829,2019-09-06 18:48:45:511,0.4809,1.9921,9.4387,0.0131,0.0036,9.8066,-0.1061,0.0261,-0.1258,4.75,-31.81,15.63,46.68,-84.49,-158.49
52.413372,-1.554053,149.46,12.8,2,267.33,21 / 21,1958929,2019-09-06 18:48:45:611,0.3439,2.2177,10.0579,0.016,-0.0015,9.8066,0.0006,-0.0997,0.0669,4.75,-31.87,15.44,45.98,-84.56,-160.53
52.413372,-1.554053,149.46,12.8,2,267.33,21 / 21,1959029,2019-09-06 18:48:45:711,0.2687,3.0092,9.6002,0.0049,0.0109,9.8066,-0.0401,-0.0014,-0.0853,4.81,-31.75,15.06,46.31,-84.76,-159.95
52.413372,-1.554053,149.46,12.8,2,267.33,21 / 21,1959128,2019-09-06 18:48:45:810,1.3255,2.9525,9.6546,0.01,0.0012,9.8066,-0.0183,0.0244,0.0598,4.69,-31.69,15,45.1,-85.01,-160.62
52.413372,-1.554053,149.46,12.8,2,267.33,21 / 21,1959229,2019-09-06 18:48:45:911,0.6783,2.8192,9.739,-0.0028,0.0001,9.8065,-0.0524,-0.0101,0.0807,5.31,-31.12,15.06,45.26,-85.07,-160.17
52.413372,-1.554053,149.46,12.8,2,267.33,21 / 21,1959328,2019-09-06 18:48:46:010,1.2291,1.5689,9.6046,-0.001,0.0052,9.8065,0.0167,0.0116,-0.0982,4.5,-31.69,14.81,46.62,-85.06,-159.22
52.413372,-1.554053,149.46,12.8,2,267.33,21 / 21,1959429,2019-09-06 18:48:46:111,0.6522,1.9915,9.7776,-0.0023,0.0008,9.8066,0.073,-0.0591,0.0213,4.88,-31.69,15.44,46.53,-85.14,-159.17
52.413372,-1.554053,149.46,12.8,2,267.33,21 / 21,1959528,2019-09-06 18:48:46:210,1.2196,1.658,9.969,-0.01,-0.0128,9.8066,-0.0708,-0.0517,0.0883,4.75,-31.62,14.5,47.69,-84.99,-158.37
52.413372,-1.554053,149.46,12.8,2,267.33,21 / 21,1959629,2019-09-06 18:48:46:311,0.3201,2.4954,9.624,-0.0158,-0.0109,9.8066,-0.0421,0.0215,-0.0441,4.13,-31.62,15,45.15,-85.01,-157.21
52.413372,-1.554053,149.46,12.8,2,267.33,21 / 21,1959728,2019-09-06 18:48:46:410,0.7342,0.8465,9.7993,0.0075,0.0251,9.8065,0.0234,-0.0421,0.0399,4.88,-31.56,15.44,51.56,-85.06,-154.85
52.413372,-1.554053,149.46,12.8,2,267.33,21 / 21,1959829,2019-09-06 18:48:46:511,0.1981,0.7726,9.705,-0.002,0.0124,9.8065,0.0072,-0.02,0.0586,4.31,-31.5,15.19,48.34,-84.95,-154.26
52.413372,-1.554053,149.46,12.8,2,267.33,21 / 21,1959929,2019-09-06 18:48:46:611,-0.0208,0.1329,9.7761,-0.0109,0.0058,9.8066,0.0254,-0.0199,0.0019,4.56,-31.31,14.75,53.62,-84.78,-153.2
52.413372,-1.554053,149.46,12.8,2,267.33,21 / 21,1960029,2019-09-06 18:48:46:711,-0.5578,0.423,10.1139,-0.0061,0.0032,9.8066,0.043,-0.0523,0.013,4.69,-31.69,15.38,55.52,-84.62,-152.05
52.413372,-1.554053,149.46,12.8,2,267.33,21 / 21,1960129,2019-09-06 18:48:46:811,-0.1698,-0.0375,9.9966,-0.0024,-0.0087,9.8066,-0.0048,-0.014,0.0122,4.06,-31.87,14.69,51.32,-84.57,-152.52
52.413372,-1.554053,149.46,12.8,2,267.33,21 / 21,1960229,2019-09-06 18:48:46:911,0.0376,0.5988,9.8307,-0.0064,-0.0055,9.8066,-0.0622,-0.0364,-0.0271,5.19,-31.69,15.56,53.7,-84.57,-152.18
52.413372,-1.554053,149.46,12.8,2,267.33,21 / 21,1960329,2019-09-06 18:48:47:011,-0.264,0.1764,9.7773,0.0028,0.0107,9.8066,0.0383,-0.046,0.0105,4.44,-32.06,15.19,52.53,-84.68,-151.27
52.413372,-1.554053,149.46,12.8,2,267.33,20 / 20,1960429,2019-09-06 18:48:47:111,0.6158,0.5914,10.0073,0.01,0.003,9.8066,0.0416,-0.0314,-0.0116,4.38,-31.31,14.56,51.65,-84.72,-151.71
52.413372,-1.554053,149.46,12.8,2,267.33,20 / 20,1960529,2019-09-06 18:48:47:211,-0.17,-0.1135,10.1373,0.0013,-0.0047,9.8066,0.0057,-0.0536,-0.0086,4.63,-30.87,14.75,55.36,-84.74,-151.71
52.413372,-1.554053,149.46,12.8,2,267.33,20 / 20,1960628,2019-09-06 18:48:47:310,0.459,0.0128,9.8639,0.0081,-0.0057,9.8065,0.0239,-0.0207,-0.0217,4.63,-31.44,14.63,54.2,-84.77,-152.71
52.413372,-1.554053,149.46,12.8,2,267.33,20 / 20,1960729,2019-09-06 18:48:47:411,0.0679,0.6652,9.798,-0.0074,-0.0081,9.8065,-0.0169,0.0141,-0.0023,4.19,-30.62,14.75,50.04,-84.71,-153.14
52.413372,-1.554053,149.46,12.8,2,267.33,20 / 20,1960828,2019-09-06 18:48:47:510,-0.0483,0.0247,9.9199,-0.007,-0.0098,9.8065,0.0011,-0.0238,0.0103,4.38,-30.69,15.06,50.24,-84.69,-153
52.413372,-1.554053,149.46,12.8,2,267.33,20 / 20,1960929,2019-09-06 18:48:47:611,-0.6789,-0.5132,10.0922,-0.0024,0.0007,9.8066,-0.0501,-0.0162,0.0036,4.25,-30.62,15.38,50.51,-84.67,-152.79
52.413372,-1.554053,149.46,12.8,2,267.33,20 / 20,1961029,2019-09-06 18:48:47:711,-0.3749,-1.0364,9.815,-0.0063,0.0045,9.8066,0.0315,-0.0572,0.0319,4,-30.19,15.13,50.74,-84.7,-152.28
52.413372,-1.554053,149.46,12.8,2,267.33,20 / 20,1961129,2019-09-06 18:48:47:811,-0.3724,-0.7546,9.8148,-0.007,0.0075,9.8066,0.0221,-0.0384,0.0044,4.75,-29.87,15.81,54.63,-84.64,-150.69
52.413372,-1.554053,149.46,12.8,2,267.33,20 / 20,1961228,2019-09-06 18:48:47:910,-1.2201,-0.9876,9.9361,-0.005,0.0127,9.8066,0.1099,-0.0249,0.0088,4.75,-29.37,15.5,56.65,-84.66,-148.57
52.413372,-1.554053,149.46,12.8,2,267.33,20 / 20,1961328,2019-09-06 18:48:48:010,-0.2025,-0.8955,9.9832,0.012,0.0032,9.8066,-0.0431,-0.0345,0.0232,4.44,-29.25,15.31,53.97,-84.79,-148.98
52.413372,-1.554053,149.46,12.8,2,267.33,21 / 21,1961429,2019-09-06 18:48:48:111,-0.2752,-0.6879,9.9647,-0.0107,-0.0038,9.8066,-0.0772,-0.0219,-0.0081,5.81,-29.94,14.75,61.72,-84.77,-148.78
52.413372,-1.554053,149.46,12.8,2,267.33,21 / 21,1961529,2019-09-06 18:48:48:211,-1.0737,-1.4863,9.774,-0.0002,0.0125,9.8066,0.0579,-0.0131,-0.001,5.31,-30.62,15.19,60.02,-84.79,-147.42
52.413372,-1.554053,149.46,12.8,2,267.33,21 / 21,1961629,2019-09-06 18:48:48:311,-1.431,-1.0069,9.7426,0.0095,0.0187,9.8066,0.0543,-0.0558,0.0463,5.06,-30.87,14.69,60.36,-84.8,-147.09
52.413372,-1.554053,149.46,12.8,2,267.33,21 / 21,1961728,2019-09-06 18:48:48:410,-1.0412,-1.9486,9.7494,0.0062,-0.0043,9.8066,0.0005,-0.0169,-0.0378,5.63,-30.81,14.69,63.97,-84.79,-146.96
52.413372,-1.554053,149.46,12.8,2,267.33,21 / 21,1961828,2019-09-06 18:48:48:510,-1.1603,-1.8325,9.989,0.0059,-0.001,9.8066,0.0134,-0.0255,-0.0185,5.06,-31.12,14.19,61.47,-84.94,-147.62
52.413372,-1.554053,149.46,12.8,2,267.33,21 / 21,1961929,2019-09-06 18:48:48:611,-0.5867,-1.7268,9.9019,0.0056,-0.0037,9.8066,0.0081,-0.0314,0.0147,5.56,-30.62,14.31,63.3,-85.09,-148.96
52.413372,-1.554053,149.46,12.8,2,267.33,21 / 21,1962028,2019-09-06 18:48:48:710,-0.409,-1.3623,10.1925,0.0073,-0.0055,9.8066,0.0363,-0.0013,-0.0313,5.31,-30.81,14.75,57,-85.14,-149.56
52.413372,-1.554053,149.46,12.8,2,267.33,21 / 21,1962128,2019-09-06 18:48:48:810,-0.2781,-1.1015,9.8188,0.0083,0.0025,9.8066,-0.0296,0.0516,-0.1101,5.06,-31.06,13.94,56.77,-85.33,-151.15
52.413372,-1.554053,149.46,12.8,2,267.33,21 / 21,1962228,2019-09-06 18:48:48:910,-0.6935,-1.7847,9.465,0.0259,0.0137,9.8065,0.0254,-0.0129,0.0191,5.69,-30.69,14,58.53,-85.52,-152.56
52.413372,-1.554053,149.46,12.8,2,267.33,21 / 21,1962329,2019-09-06 18:48:49:011,-1.1186,-2.1151,9.7621,-0.0002,-0.0132,9.8066,-0.0871,0.0109,-0.0597,5.19,-31.12,13.63,53.47,-85.57,-153.72
52.413372,-1.554053,149.46,12.8,2,267.33,21 / 21,1962428,2019-09-06 18:48:49:110,-0.0878,-0.8183,10.1942,0.0011,-0.0035,9.8066,0.0208,0.0751,-0.0171,5.63,-30.19,13.31,57.88,-85.65,-154.73
52.413372,-1.554053,149.46,12.8,2,267.33,21 / 21,1962529,2019-09-06 18:48:49:211,0.0474,-2.1073,9.7473,-0.0068,-0.0021,9.8066,-0.0162,0.0153,-0.0013,5.25,-31.19,12.63,54.13,-85.64,-154.88
52.413372,-1.554053,149.46,12.8,2,267.33,21 / 21,1962628,2019-09-06 18:48:49:310,-0.9726,-2.8521,9.4158,0.0015,0.013,9.8066,0.0607,0.0755,-0.0171,4.38,-31.37,13.38,51.24,-85.66,-153.69
52.413372,-1.554053,149.46,12.8,2,267.33,21 / 21,1962729,2019-09-06 18:48:49:411,-1.2245,-1.0151,9.4862,-0.0141,-0.0066,9.8066,-0.0368,-0.0336,-0.0047,3.69,-31.37,14.69,48.9,-85.69,-152.61
52.413372,-1.554053,149.46,12.8,2,267.33,21 / 21,1962828,2019-09-06 18:48:49:510,0.7059,-1.3962,9.6865,-0.0002,-0.0096,9.8066,-0.0934,0.0743,-0.0641,3.06,-31.31,14.88,46.36,-85.72,-151.31
52.413372,-1.554053,149.46,12.8,2,267.33,21 / 21,1962929,2019-09-06 18:48:49:611,0.6071,-1.6469,9.7813,-0.0003,0.0121,9.8065,0.1038,0.0363,0.1214,4.38,-31.06,15.38,50.75,-85.89,-150.62
52.413372,-1.554053,149.46,12.8,2,267.33,21 / 21,1963028,2019-09-06 18:48:49:710,0.9794,-1.8698,9.7434,-0.016,-0.0148,9.8066,0.0438,0.0881,-0.122,4.38,-31.69,15,53.18,-85.78,-148.81
52.413372,-1.554053,149.46,12.8,2,267.33,21 / 21,1963129,2019-09-06 18:48:49:811,0.2177,-1.7097,9.8431,-0.0054,0.0161,9.8066,0.0081,0.0385,0.039,5.06,-30.87,15.69,55.77,-85.72,-148.23
52.413372,-1.554053,149.46,12.8,2,267.33,21 / 21,1963228,2019-09-06 18:48:49:910,-0.9488,-1.4559,10.0654,0.0088,0.0241,9.8066,0.0968,0.0398,0.0772,4.5,-31.31,15.31,58.99,-85.71,-146.75
52.413372,-1.554053,149.46,12.8,2,267.33,21 / 21,1963328,2019-09-06 18:48:50:010,-0.7928,-1.7888,9.3784,-0.0157,-0.0043,9.8066,-0.1217,0.0374,0.0014,5.19,-31.56,15.38,60.16,-85.64,-146.03
52.413372,-1.554053,149.46,12.8,2,267.33,21 / 21,1963429,2019-09-06 18:48:50:111,-0.5073,-0.8374,9.6318,-0.0022,-0.0029,9.8066,-0.0241,0.0014,0.0478,4.44,-31.31,15.38,57.71,-85.65,-144.67
52.413372,-1.554053,149.46,12.8,2,267.33,21 / 21,1963528,2019-09-06 18:48:50:210,-1.074,-0.202,10.4633,-0.0045,0.0107,9.8066,0.1297,0.0395,-0.0429,5.25,-31.06,15.38,62.12,-85.61,-144.02
52.413372,-1.554053,149.46,12.8,2,267.33,21 / 21,1963629,2019-09-06 18:48:50:311,-0.541,-2.1172,9.9177,-0.0018,0.014,9.8066,0.0742,0.0524,-0.0578,4.63,-31.62,15.44,63.51,-85.6,-142.99
52.413372,-1.554053,149.46,12.8,2,267.33,21 / 21,1963729,2019-09-06 18:48:50:411,-0.5028,-1.5821,9.9417,-0.0061,-0.0136,9.8066,-0.0857,-0.0268,0.0032,5.13,-31.25,15.38,61.54,-85.52,-144.71
52.413372,-1.554053,149.46,12.8,2,267.33,21 / 21,1963828,2019-09-06 18:48:50:510,-0.1092,-0.1469,9.8744,0.0057,0.0046,9.8066,-0.037,0.0105,-0.028,5.06,-31.62,15.13,61.94,-85.58,-144.5
52.413372,-1.554053,149.46,12.8,2,267.33,21 / 21,1963929,2019-09-06 18:48:50:611,-0.5164,-0.2836,10.2688,-0.0141,-0.0053,9.8066,-0.0725,-0.0083,0.0157,5.25,-31.31,15.56,60.71,-85.53,-143.96
52.413372,-1.554053,149.46,12.8,2,267.33,21 / 21,1964029,2019-09-06 18:48:50:711,-0.3443,-0.8776,9.8855,0.0016,0.0144,9.8066,0.0604,0.0021,0.0505,4.44,-31.69,15.31,60.42,-85.6,-142.51
52.413372,-1.554053,149.46,12.8,2,267.33,21 / 21,1964129,2019-09-06 18:48:50:811,-0.7706,-1.5129,9.7692,-0.0156,-0.0173,9.8066,0.019,-0.0137,0.0639,5,-31.06,15.63,63.41,-85.54,-141.42
52.413372,-1.554053,149.46,12.8,2,267.33,21 / 21,1964229,2019-09-06 18:48:50:911,-0.8748,-1.6244,9.6038,-0.0111,0.0026,9.8066,0.0635,0.0585,-0.0147,4.44,-31.87,14.69,62.69,-85.4,-140.78
52.413372,-1.554053,149.46,12.8,2,267.33,21 / 21,1964328,2019-09-06 18:48:51:010,-0.289,-0.8876,10.207,-0.0061,-0.0025,9.8066,0.0237,0.0221,0.0129,5.25,-31.75,15.63,65.41,-85.31,-140.2
52.413395,-1.555259,150.25,9.35,3,273.68,21 / 21,1964429,2019-09-06 18:48:51:111,-1.3726,-1.5157,9.8246,-0.0095,-0.0055,9.8066,0.0484,-0.0118,-0.001,4.38,-31.19,15.5,62.24,-85.33,-139.67
52.413395,-1.555259,150.25,9.35,3,273.68,21 / 21,1964528,2019-09-06 18:48:51:210,-1.3333,-2.0619,10.0327,-0.0176,-0.025,9.8066,-0.0395,-0.0213,-0.0241,5.25,-32.44,15.69,65.35,-85.09,-140.66
52.413395,-1.555259,150.25,9.35,3,273.68,21 / 21,1964629,2019-09-06 18:48:51:311,0.2062,-0.5064,9.8071,0.0156,-0.017,9.8065,0.054,-0.0845,0.1084,4.69,-31.5,15.5,63.46,-85.2,-141.95
52.413395,-1.555259,150.25,9.35,3,273.68,21 / 21,1964728,2019-09-06 18:48:51:410,-0.695,-1.0059,10.2154,-0.0044,0.0036,9.8066,0.0422,-0.0858,0.02,4.69,-31.81,15.56,64.74,-85.09,-141.21
52.413395,-1.555259,150.25,9.35,3,273.68,21 / 21,1964829,2019-09-06 18:48:51:511,0.1369,-1.277,9.4095,-0.0046,-0.0026,9.8066,-0.0677,0.0259,-0.0409,4.94,-31.5,15.19,66.82,-84.99,-140.78
52.413395,-1.555259,150.25,9.35,3,273.68,21 / 21,1964929,2019-09-06 18:48:51:611,-0.0961,-0.214,9.7069,0.0045,0.0219,9.8065,-0.0797,-0.0237,-0.0426,4.19,-31.62,15,65.27,-85.06,-139.05
52.413395,-1.555259,150.25,9.35,3,273.68,21 / 21,1965029,2019-09-06 18:48:51:711,-0.5411,-0.0001,9.9312,0.0147,0.0308,9.8066,0.0409,0.0089,0.0139,4.44,-32.06,15.06,65.62,-85.15,-138.55
52.413395,-1.555259,150.25,9.35,3,273.68,21 / 21,1965129,2019-09-06 18:48:51:811,-1.2066,-1.2173,10.2371,-0.0031,-0.0111,9.8066,0.0621,0.021,-0.0483,4.44,-31.75,15.75,64.61,-85.19,-137.97
52.413395,-1.555259,150.25,9.35,3,273.68,21 / 21,1965228,2019-09-06 18:48:51:910,-0.6439,-1.2816,9.8401,-0.0047,0.0165,9.8065,0.2443,-0.0695,0.0482,4.69,-31.69,15.5,68.02,-85.14,-138.05
52.413395,-1.555259,150.25,9.35,3,273.68,21 / 21,1965328,2019-09-06 18:48:52:010,-1.6481,-1.9856,9.4192,0,-0.0173,9.8066,-0.1237,0.0073,-0.047,4.5,-31.69,15.06,69.03,-84.88,-139.23
52.413395,-1.555259,150.25,9.35,3,273.68,21 / 21,1965428,2019-09-06 18:48:52:110,-0.3071,-2.453,9.0296,-0.004,0.0039,9.8066,-0.0718,-0.029,-0.0222,4.25,-32.25,15.13,64.99,-84.98,-139.47
52.413395,-1.555259,150.25,9.35,3,273.68,21 / 21,1965529,2019-09-06 18:48:52:211,-0.7869,-0.4177,9.9184,0.0318,0.0563,9.8064,0.0342,-0.0779,0.0409,4,-32,15.19,68.12,-85.43,-135.67
52.413395,-1.555259,150.25,9.35,3,273.68,21 / 21,1965628,2019-09-06 18:48:52:310,-0.0682,0.5072,10.6455,0.0226,0.0219,9.8065,0.0061,-0.0628,-0.0526,4.69,-32.37,14.13,73.93,-85.55,-135.03
52.413395,-1.555259,150.25,9.35,3,273.68,21 / 21,1965729,2019-09-06 18:48:52:411,-0.7372,-1.1983,10.1739,-0.0032,-0.025,9.8066,0.1816,-0.0544,-0.0014,4.56,-31.12,14.38,68.72,-85.43,-139.94
52.413395,-1.555259,150.25,9.35,3,273.68,21 / 21,1965829,2019-09-06 18:48:52:511,0.9663,-1.5582,9.5419,-0.0043,-0.0171,9.8066,0.1528,-0.014,0.0042,5,-31.56,14.5,64.43,-85.24,-142.83
52.413395,-1.555259,150.25,9.35,3,273.68,21 / 21,1965929,2019-09-06 18:48:52:611,-0.632,-0.7878,9.2953,-0.0064,-0.0167,9.8065,-0.1883,-0.0557,0.0042,4.81,-31.5,14.31,64.46,-85.15,-144.46
52.413395,-1.555259,150.25,9.35,3,273.68,21 / 21,1966029,2019-09-06 18:48:52:711,-0.4278,-0.3074,10.039,0.008,-0.0109,9.8066,0.0966,0.0624,-0.0436,4.75,-31.31,15.13,62.83,-85.34,-143.86
52.413395,-1.555259,150.25,9.35,3,273.68,21 / 21,1966131,2019-09-06 18:48:52:813,-1.7277,-0.5476,9.643,-0.005,0.0008,9.8066,0.0942,-0.1003,0.061,3.94,-31.75,15.06,61.65,-85.32,-141.89
52.413395,-1.555259,150.25,9.35,3,273.68,21 / 21,1966229,2019-09-06 18:48:52:911,0.242,-0.532,9.9457,-0.0237,-0.0166,9.8065,-0.0816,0.0264,-0.1364,4.81,-31.87,15.06,65.8,-85.19,-141.64
52.413395,-1.555259,150.25,9.35,3,273.68,21 / 21,1966329,2019-09-06 18:48:53:011,0.3366,0.1173,10.08,0.0087,0.0072,9.8066,0.081,-0.1122,0.0467,4.06,-31.56,14.19,62.13,-85.27,-143.14
52.413395,-1.555259,150.25,9.35,3,273.68,21 / 21,1966429,2019-09-06 18:48:53:111,-2.8471,-0.6797,9.2501,0.0136,0.0608,9.8064,-0.2288,-0.2194,0.1855,4.38,-31.56,14.63,62.28,-85.36,-141.23
52.413395,-1.555259,150.25,9.35,3,273.68,21 / 21,1966528,2019-09-06 18:48:53:210,1.2612,-0.1284,10.3459,-0.0332,-0.0183,9.8065,-0.1231,0.0922,-0.1359,4.75,-31.62,14.44,65.92,-85.19,-143.33
52.413395,-1.555259,150.25,9.35,3,273.68,21 / 21,1966629,2019-09-06 18:48:53:311,-1.0442,1.3535,9.9156,0.0355,-0.011,9.8065,-0.0485,-0.1784,0.1052,4.19,-31.31,13.88,59.51,-85.44,-144.91
52.413395,-1.555259,150.25,9.35,3,273.68,21 / 21,1966729,2019-09-06 18:48:53:411,-0.0365,1.0531,9.4128,-0.0088,0.0177,9.8066,-0.2359,-0.1057,0.0586,4.69,-31.44,13.88,65.1,-85.5,-143.17
52.413395,-1.555259,150.25,9.35,3,273.68,21 / 21,1966828,2019-09-06 18:48:53:510,-0.8602,1.1094,10.1875,-0.0253,-0.0256,9.8065,-0.3099,0.0271,-0.139,4.25,-30.62,14.13,63.61,-85.2,-141.62
52.413395,-1.555259,150.25,9.35,3,273.68,21 / 21,1966928,2019-09-06 18:48:53:610,1.5868,-0.9487,9.8388,0.0318,0.0445,9.8065,0.1539,-0.1747,0.1229,4.56,-31.31,14.06,67.88,-85.55,-140.49
52.413395,-1.555259,150.25,9.35,3,273.68,21 / 21,1967029,2019-09-06 18:48:53:711,0.7856,-0.2562,9.8662,-0.0139,-0.0007,9.8066,-0.1123,0.0968,-0.1392,4.38,-31.31,13.69,63.78,-85.11,-141.66
52.413395,-1.555259,150.25,9.35,3,273.68,21 / 21,1967129,2019-09-06 18:48:53:811,-0.0857,-1.7334,9.7639,-0.0238,-0.0044,9.8066,-0.0033,0.1106,-0.0274,4.13,-31.56,14,64.38,-85.09,-141.45
52.413395,-1.555259,150.25,9.35,3,273.68,21 / 21,1967228,2019-09-06 18:48:53:910,-1.5377,-0.6671,10.0134,-0.0064,0.005,9.8066,0.011,-0.0763,0.0896,4.63,-31.5,14.13,69.01,-85.15,-140.21
52.413395,-1.555259,150.25,9.35,3,273.68,21 / 21,1967329,2019-09-06 18:48:54:011,0.5618,-0.3249,9.2476,0.0068,0.0086,9.8066,-0.0808,-0.1233,0.0515,4.44,-31.5,13.31,69.86,-85.2,-137.66
52.413395,-1.555259,150.25,9.35,3,273.68,21 / 21,1967429,2019-09-06 18:48:54:111,-0.5427,-0.379,10.5311,-0.0009,-0.0062,9.8066,-0.0676,-0.0876,0.0586,4.31,-31.69,13.56,68.89,-85.12,-137.21
52.413395,-1.555259,150.25,9.35,3,273.68,21 / 21,1967529,2019-09-06 18:48:54:211,-0.5439,-0.6269,9.9212,-0.0298,-0.0255,9.8065,-0.0367,0.0055,-0.0563,4.63,-30.87,14.38,71.75,-85.12,-137.7
52.413395,-1.555259,150.25,9.35,3,273.68,21 / 21,1967629,2019-09-06 18:48:54:311,-0.3759,-0.1604,9.6945,0.0008,-0.0285,9.8066,-0.0721,-0.0251,-0.0058,4.31,-31.44,14.31,65.6,-84.83,-140.54
52.413395,-1.555259,150.25,9.35,3,273.68,21 / 21,1967728,2019-09-06 18:48:54:410,-0.0809,-0.6236,9.6432,-0.0041,0.0124,9.8066,0.0589,0.014,-0.0593,4.94,-31.31,14.13,68.98,-84.88,-140.79
52.413395,-1.555259,150.25,9.35,3,273.68,21 / 21,1967828,2019-09-06 18:48:54:510,-0.1555,-0.2274,8.9844,0.0213,0.0189,9.8065,0.0365,-0.0595,0.0304,4.69,-31.12,14.31,68.57,-85.02,-140.89
52.413395,-1.555259,150.25,9.35,3,273.68,21 / 21,1967929,2019-09-06 18:48:54:611,0.3741,-1.1655,9.6949,0.0098,0.0147,9.8066,0.0365,0.0267,-0.0559,4.81,-31.19,14.19,70.43,-85.05,-139.09
52.413395,-1.555259,150.25,9.35,3,273.68,21 / 21,1968028,2019-09-06 18:48:54:710,0.6023,0.029,9.3505,0.0058,-0.0003,9.8065,0.0682,-0.0597,0.0931,5.44,-31.12,14.19,68.69,-85.09,-140.65
52.413395,-1.555259,150.25,9.35,3,273.68,21 / 21,1968128,2019-09-06 18:48:54:810,-0.8128,-0.5638,8.8565,0.0078,-0.0025,9.8066,-0.0906,-0.0471,0.0057,4.81,-31.31,14.13,68.33,-84.83,-141.5
52.413395,-1.555259,150.25,9.35,3,273.68,21 / 21,1968228,2019-09-06 18:48:54:910,0.0121,0.1793,9.8121,-0.0157,-0.011,9.8066,-0.0825,-0.0277,-0.0033,5.5,-31.44,13.94,70.97,-84.72,-142.55
52.413395,-1.555259,150.25,9.35,3,273.68,21 / 21,1968329,2019-09-06 18:48:55:011,-0.9992,-0.3571,10.0511,0.008,-0.0085,9.8066,0.0779,-0.0433,0.0455,5.38,-31.5,14.19,65.96,-84.71,-143.94
52.413395,-1.555259,150.25,9.35,3,273.68,20 / 21,1968429,2019-09-06 18:48:55:111,-0.2401,-1.2672,9.1944,-0.0144,-0.0203,9.8066,-0.0522,0.0596,-0.0823,5.31,-31.12,14.06,65.3,-84.63,-144.71
52.413395,-1.555259,150.25,9.35,3,273.68,20 / 21,1968529,2019-09-06 18:48:55:211,-0.4379,1.3698,10.1788,0.0161,0.0173,9.8066,0.0073,-0.0545,0.0328,5.88,-30.94,14,69.42,-84.78,-143.88
52.413395,-1.555259,150.25,9.35,3,273.68,20 / 21,1968628,2019-09-06 18:48:55:310,0.8941,-0.3441,9.9745,0.0112,0.0211,9.8066,0.0113,0.017,-0.0588,5.69,-31,14.13,68.5,-84.8,-144.7
52.413395,-1.555259,150.25,9.35,3,273.68,20 / 21,1968728,2019-09-06 18:48:55:410,0.3644,0.1254,9.6162,0.0041,-0.0022,9.8066,0.0049,-0.0643,0.0394,5.88,-30.87,14.13,67.25,-84.64,-146.17
52.413395,-1.555259,150.25,9.35,3,273.68,20 / 21,1968828,2019-09-06 18:48:55:510,0.0236,0.5822,10.2415,-0.0008,0.0209,9.8065,-0.0256,-0.0229,0.0269,5.75,-30.81,13.38,70.87,-84.55,-145.22
52.413395,-1.555259,150.25,9.35,3,273.68,20 / 21,1968929,2019-09-06 18:48:55:611,-1.0957,-0.324,10.5527,0.0006,0.0088,9.8066,0.0769,-0.0683,0.0358,5.81,-30.69,13.56,68.4,-84.55,-145.28
52.413395,-1.555259,150.25,9.35,3,273.68,20 / 21,1969029,2019-09-06 18:48:55:711,-0.666,-0.6394,10.4214,0.0246,0.025,9.8065,0.1369,-0.0387,0.0016,6,-30.31,12.88,71.4,-84.58,-144.3
52.413395,-1.555259,150.25,9.35,3,273.68,20 / 21,1969128,2019-09-06 18:48:55:810,1.1535,-0.2416,10.1921,-0.0002,-0.0048,9.8066,0.0205,-0.0569,-0.0253,6.44,-30.94,13.38,71.13,-84.59,-144.91
52.413395,-1.555259,150.25,9.35,3,273.68,20 / 21,1969229,2019-09-06 18:48:55:911,0.5376,0.0301,9.6899,0.0155,-0.0232,9.8065,0.0473,-0.0838,0.0783,6.19,-30.5,12.69,68.88,-84.54,-146.74
52.413395,-1.555259,150.25,9.35,3,273.68,20 / 21,1969329,2019-09-06 18:48:56:011,0.1669,-1.6146,9.4979,0.0305,0.0388,9.8064,0.103,0.0528,-0.1126,5.94,-30.81,12.5,68.58,-84.49,-147.49
52.413395,-1.555259,150.25,9.35,3,273.68,21 / 21,1969429,2019-09-06 18:48:56:111,-0.4417,0.1027,9.5573,0.0319,0.0237,9.8066,0.1091,-0.0518,-0.0281,6.13,-30.31,12.75,67.9,-84.83,-147.06
52.413395,-1.555259,150.25,9.35,3,273.68,21 / 21,1969528,2019-09-06 18:48:56:210,0.4382,1.3272,10.0043,0.0146,-0.0169,9.8066,0.0031,-0.0354,0.0075,6.44,-30.31,13.06,64.41,-84.91,-150.13
52.413395,-1.555259,150.25,9.35,3,273.68,21 / 21,1969629,2019-09-06 18:48:56:311,0.7669,0.4691,9.6847,-0.0117,0.0005,9.8065,-0.063,-0.0119,-0.0177,5.63,-30.37,12.94,63.69,-84.81,-151
52.413395,-1.555259,150.25,9.35,3,273.68,21 / 21,1969729,2019-09-06 18:48:56:411,-0.4396,0.0588,9.6611,-0.021,-0.028,9.8065,0.0058,-0.024,-0.0031,6.5,-30.25,13.38,67.02,-84.67,-151.41
52.413395,-1.555259,150.25,9.35,3,273.68,21 / 21,1969828,2019-09-06 18:48:56:510,0.0413,-1.4903,9.2077,-0.0126,-0.0329,9.8065,-0.0303,0.0415,0.0338,6.06,-29.94,12.94,62.77,-84.68,-152.1
52.413395,-1.555259,150.25,9.35,3,273.68,21 / 21,1969928,2019-09-06 18:48:56:610,-0.1809,-0.448,9.1983,0.0013,0.024,9.8066,-0.0555,-0.0587,0.0113,5.81,-30.56,13.06,63.82,-84.65,-151.52
52.413395,-1.555259,150.25,9.35,3,273.68,21 / 21,1970029,2019-09-06 18:48:56:711,-0.1961,0.0845,10.5942,0.0185,0.0404,9.8064,0.0718,-0.0407,0.0506,6.25,-31.12,14,63.79,-84.72,-149.21
52.413395,-1.555259,150.25,9.35,3,273.68,21 / 21,1970129,2019-09-06 18:48:56:811,-0.2671,-1.2245,9.9223,-0.0065,-0.0094,9.8065,0.0728,0.0141,0.0198,6.88,-30.12,13.38,69.59,-84.53,-149.29
52.413395,-1.555259,150.25,9.35,3,273.68,21 / 21,1970228,2019-09-06 18:48:56:910,-0.6865,-0.1425,9.684,0.0056,0.0079,9.8066,0.026,-0.0361,0.0811,6.69,-30.19,14.38,67.76,-84.51,-148.71
52.413395,-1.555259,150.25,9.35,3,273.68,21 / 21,1970328,2019-09-06 18:48:57:010,0.2231,0.8609,10.1675,-0.0114,0.0079,9.8066,0.0508,-0.015,0.0099,7,-30.06,13.06,71.73,-84.4,-147.55
52.413395,-1.555259,150.25,9.35,3,273.68,21 / 21,1970429,2019-09-06 18:48:57:111,1.1284,-0.3153,10.0813,0.0025,-0.0046,9.8066,0.0553,-0.0454,0.0358,6.94,-30.37,13.06,72.05,-84.42,-147.22
52.413395,-1.555259,150.25,9.35,3,273.68,21 / 21,1970528,2019-09-06 18:48:57:210,1.3323,1.5992,10.6209,-0.0011,0.0078,9.8066,0.105,0.0239,-0.0289,7.25,-30.31,12.75,71.13,-84.46,-147.99
52.413395,-1.555259,150.25,9.35,3,273.68,21 / 21,1970628,2019-09-06 18:48:57:310,0.8128,-0.0753,9.8252,-0.0169,-0.0151,9.8065,0.0446,-0.0316,0.0209,7.44,-30.25,13.38,70.87,-84.34,-148.47
52.413395,-1.555259,150.25,9.35,3,273.68,21 / 21,1970729,2019-09-06 18:48:57:411,1.2809,-0.3039,9.7746,-0.0083,-0.0099,9.8065,-0.1003,0.0679,-0.0457,7.19,-30.06,13.19,71.59,-84.28,-147.93
52.413395,-1.555259,150.25,9.35,3,273.68,21 / 21,1970828,2019-09-06 18:48:57:510,0.0956,-0.043,10.5218,-0.0052,0.0092,9.8066,0.0157,-0.0119,0.041,7.5,-29.81,12.44,78.16,-84.36,-147.17
52.413395,-1.555259,150.25,9.35,3,273.68,21 / 21,1970929,2019-09-06 18:48:57:611,0.5145,-0.392,9.656,0.0058,-0.0128,9.8066,-0.0657,-0.0279,-0.0333,7.75,-30.44,12.56,75.16,-84.36,-147.34
52.413395,-1.555259,150.25,9.35,3,273.68,21 / 21,1971029,2019-09-06 18:48:57:711,0.3476,-0.0044,10.3477,0.0078,0.0233,9.8066,-0.021,-0.0477,0.005,7.13,-30.19,12.56,73.73,-84.36,-145.74
52.413395,-1.555259,150.25,9.35,3,273.68,21 / 21,1971131,2019-09-06 18:48:57:813,-0.6645,-0.1859,10.0637,0.0297,0.0347,9.8065,-0.0965,0.0475,-0.0083,7.5,-30.12,12.25,80.01,-84.41,-145.3
52.413395,-1.555259,150.25,9.35,3,273.68,21 / 21,1971228,2019-09-06 18:48:57:910,-0.0412,-0.3288,10.128,-0.0192,-0.0323,9.8065,-0.0095,0.0072,0.0203,7.31,-30.31,11.19,78.65,-84.24,-147.02
52.413395,-1.555259,150.25,9.35,3,273.68,21 / 21,1971329,2019-09-06 18:48:58:011,0.036,0.2605,9.6784,-0.0148,-0.0106,9.8066,0.1398,-0.0536,-0.0252,6.63,-30.56,11.38,78.98,-84.27,-147.08
52.413395,-1.555259,150.25,9.35,3,273.68,21 / 21,1971428,2019-09-06 18:48:58:110,-0.1793,0.1345,9.667,-0.0114,0.0038,9.8066,0.0269,-0.0864,0.0584,6.63,-30.69,11.56,75.8,-84.23,-147.14
52.413395,-1.555259,150.25,9.35,3,273.68,21 / 21,1971529,2019-09-06 18:48:58:211,0.3173,1.1164,9.7847,0.0126,-0.0032,9.8066,-0.0057,0.0993,-0.053,5.38,-30.37,11.13,70.95,-84.28,-147.17
52.413395,-1.555259,150.25,9.35,3,273.68,21 / 21,1971628,2019-09-06 18:48:58:310,0.8822,1.112,10.0358,-0.0031,0,9.8066,0.0191,-0.0213,0.0644,5.25,-31.44,11.5,69.21,-84.27,-146.43
52.413395,-1.555259,150.25,9.35,3,273.68,21 / 21,1971728,2019-09-06 18:48:58:410,0.2552,-0.3066,9.3804,-0.0072,-0.0011,9.8066,-0.0653,0.001,0.0606,5.06,-30.87,12.38,69.15,-84.25,-146.52
52.413395,-1.555259,150.25,9.35,3,273.68,21 / 21,1971830,2019-09-06 18:48:58:512,0.4192,0.7509,9.8059,-0.0175,0.0044,9.8066,-0.0079,0.0242,0.0381,4.13,-31.75,12.13,67.16,-83.93,-145.74
52.413395,-1.555259,150.25,9.35,3,273.68,21 / 21,1971929,2019-09-06 18:48:58:611,0.2831,0.6341,10.1151,-0.013,0.0119,9.8065,0.0744,-0.0384,0.087,4.63,-31.37,12.38,72.42,-83.87,-144.41
52.413395,-1.555259,150.25,9.35,3,273.68,21 / 21,1972029,2019-09-06 18:48:58:711,1.3694,0.3794,9.6829,-0.0093,0.0048,9.8066,0.1392,0.0497,0.016,4.13,-31.87,11.88,70.4,-83.84,-143.04
52.413395,-1.555259,150.25,9.35,3,273.68,21 / 21,1972129,2019-09-06 18:48:58:811,0.719,0.2923,8.8807,-0.0184,-0.0039,9.8066,-0.1421,-0.0228,0.0434,3.94,-31.37,12.13,72.1,-83.74,-141.25
52.413395,-1.555259,150.25,9.35,3,273.68,21 / 21,1972228,2019-09-06 18:48:58:910,0.6272,2.2117,10.1057,0.001,0.03,9.8065,-0.1065,0.058,0.0014,3.25,-31.87,12.81,69.82,-83.63,-137.82
52.413395,-1.555259,150.25,9.35,3,273.68,21 / 21,1972328,2019-09-06 18:48:59:010,1.3066,1.0291,10.9611,-0.0218,0.0245,9.8066,0.1549,0.0843,0.0461,3.38,-32.12,12.63,71.99,-83.31,-136.63
52.413395,-1.555259,150.25,9.35,3,273.68,21 / 21,1972428,2019-09-06 18:48:59:110,0.1714,-0.1305,10.4117,-0.0333,-0.0323,9.8065,0.1376,-0.0124,0.0442,3.5,-32.12,13.06,75.52,-82.97,-138.01
52.413395,-1.555259,150.25,9.35,3,273.68,21 / 21,1972528,2019-09-06 18:48:59:210,-0.0488,0.8926,10.2051,-0.0134,-0.0096,9.8066,-0.0928,0.0558,-0.0309,3.06,-31.81,13.25,72.11,-82.81,-137.74
52.413395,-1.555259,150.25,9.35,3,273.68,21 / 21,1972628,2019-09-06 18:48:59:310,0.0531,-0.1044,9.6389,-0.0147,-0.0351,9.8065,0.0503,0.0247,0.0371,3.13,-32.44,13.56,70.34,-82.72,-137.49
52.413395,-1.555259,150.25,9.35,3,273.68,21 / 21,1972729,2019-09-06 18:48:59:411,0.76,0.835,9.7763,-0.0191,-0.0354,9.8065,-0.0876,0.0527,-0.0494,2.63,-32.25,12.75,71.7,-82.55,-138.75
52.413395,-1.555259,150.25,9.35,3,273.68,21 / 21,1972829,2019-09-06 18:48:59:511,0.098,1.9133,9.7492,0.0139,0.0553,9.8065,0.0259,0.0128,-0.0488,3,-32.56,13.69,72.61,-82.74,-135.88
52.413395,-1.555259,150.25,9.35,3,273.68,21 / 21,1972928,2019-09-06 18:48:59:610,1.0814,1.1659,9.737,0.0286,0.0144,9.8066,-0.1599,-0.1342,0.0839,3.06,-31.62,12.88,73.43,-82.8,-136.56
52.413395,-1.555259,150.25,9.35,3,273.68,21 / 21,1973029,2019-09-06 18:48:59:711,0.4251,1.4423,9.2399,0.0073,0.0182,9.8065,-0.24,0.0005,0.016,3.06,-31.81,13,72.37,-83.02,-136.99
52.413395,-1.555259,150.25,9.35,3,273.68,21 / 21,1973128,2019-09-06 18:48:59:810,-0.681,1.2111,8.9715,0.0139,-0.0067,9.8066,-0.0164,-0.022,-0.0617,3.5,-31.75,12.44,78.68,-83.15,-137.17
52.413395,-1.555259,150.25,9.35,3,273.68,21 / 21,1973228,2019-09-06 18:48:59:910,1.1978,1.5662,9.1288,0.0394,0.035,9.8064,0.1406,-0.0771,-0.0946,3.31,-32,12.56,70.23,-83.43,-137.95
52.413395,-1.555259,150.25,9.35,3,273.68,21 / 21,1973329,2019-09-06 18:49:00:011,0.7493,1.7001,9.2039,0.0437,0.0326,9.8064,0.0781,0.0215,-0.0698,2.88,-31.87,12.69,68.25,-83.61,-139.29
52.413536,-1.556718,150.92,9.2,2,280.25,21 / 21,1973428,2019-09-06 18:49:00:110,0.6881,1.8093,9.8275,0.0065,0.0089,9.8066,0.0828,-0.0478,0.0837,3.63,-32.25,13.13,71.49,-83.52,-140.39
52.413536,-1.556718,150.92,9.2,2,280.25,21 / 21,1973529,2019-09-06 18:49:00:211,-0.1222,1.4286,10.0425,0.0454,-0.0039,9.8065,-0.0474,0.0121,-0.0213,3,-32.12,13.38,65.06,-83.83,-141.65
52.413536,-1.556718,150.92,9.2,2,280.25,21 / 21,1973628,2019-09-06 18:49:00:310,0.6474,1.2778,9.5117,-0.0029,-0.0157,9.8065,-0.0821,-0.0049,-0.0333,3.81,-32.19,13.5,65.27,-83.78,-143.35
52.413536,-1.556718,150.92,9.2,2,280.25,21 / 21,1973729,2019-09-06 18:49:00:411,0.4265,1.0712,9.5879,0.0066,-0.0053,9.8066,0.0531,-0.0016,-0.0452,4,-32,13.75,64.34,-83.88,-143.99
52.413536,-1.556718,150.92,9.2,2,280.25,21 / 21,1973829,2019-09-06 18:49:00:511,0.6056,1.7479,9.6098,0.0117,0.0139,9.8066,0.0487,-0.0415,0.0157,4.31,-32.06,13.81,63.58,-83.85,-144.72
52.413536,-1.556718,150.92,9.2,2,280.25,21 / 21,1973928,2019-09-06 18:49:00:610,0.8642,0.8965,10.4558,0.0106,0.0068,9.8066,0.0279,0.0172,-0.0703,3.94,-31.81,13.38,65.72,-84.01,-144.49
52.413536,-1.556718,150.92,9.2,2,280.25,21 / 21,1974029,2019-09-06 18:49:00:711,1.2378,1.6154,9.6209,0.0048,-0.0107,9.8066,-0.0407,0.0108,0.0018,4.13,-31.44,12.88,62.85,-84.14,-146.38
52.413536,-1.556718,150.92,9.2,2,280.25,21 / 21,1974129,2019-09-06 18:49:00:811,-0.019,2.1574,9.9218,-0.0009,-0.0142,9.8065,-0.0012,-0.0843,0.0478,4.38,-32.25,13.63,60.29,-84.17,-147.01
52.413536,-1.556718,150.92,9.2,2,280.25,21 / 21,1974228,2019-09-06 18:49:00:910,0.8967,0.7281,9.9296,0.0129,0.0025,9.8066,0.0811,-0.0217,0.0045,4.19,-31.44,13.06,61.19,-84.22,-147.69
52.413536,-1.556718,150.92,9.2,2,280.25,21 / 21,1974329,2019-09-06 18:49:01:011,0.9965,0.721,10.0811,-0.0067,0.0057,9.8066,-0.0103,0.0208,0.0213,4.63,-31.81,12.81,65.6,-84.12,-147.99
52.413536,-1.556718,150.92,9.2,2,280.25,21 / 21,1974429,2019-09-06 18:49:01:111,0.2788,0.8465,10.0775,-0.0007,-0.0134,9.8066,0.0293,-0.0255,-0.0271,4,-31.5,13.19,61.16,-84.05,-148.07
52.413536,-1.556718,150.92,9.2,2,280.25,21 / 21,1974528,2019-09-06 18:49:01:210,0.5445,0.8111,9.8904,-0.0029,-0.0132,9.8066,-0.0136,0.0005,0.0293,3.94,-31.81,13.94,58.12,-84,-149.26
52.413536,-1.556718,150.92,9.2,2,280.25,21 / 21,1974629,2019-09-06 18:49:01:311,0.874,0.5819,9.6934,-0.0007,0.0143,9.8065,0.0388,0.0249,-0.029,4.19,-32.25,13.75,59.18,-83.99,-148.35
52.413536,-1.556718,150.92,9.2,2,280.25,21 / 21,1974729,2019-09-06 18:49:01:411,0.5437,0.6836,9.8545,0.0025,0.0068,9.8066,0.0436,-0.0045,0.0154,3.94,-31.56,13.25,61.3,-83.97,-148.5
52.413536,-1.556718,150.92,9.2,2,280.25,21 / 21,1974828,2019-09-06 18:49:01:510,0.0978,0.8413,10.2278,-0.0129,-0.0089,9.8066,-0.024,0.0189,0.0077,4.19,-32.06,13.69,59.71,-83.9,-148.06
52.413536,-1.556718,150.92,9.2,2,280.25,21 / 21,1974928,2019-09-06 18:49:01:610,0.0766,0.7093,9.8315,-0.0089,-0.0119,9.8065,-0.0412,-0.0245,0.0034,3.69,-31.12,13.06,61.58,-83.87,-148.08
52.413536,-1.556718,150.92,9.2,2,280.25,21 / 21,1975028,2019-09-06 18:49:01:710,-0.1137,0.2072,9.9216,0.0005,-0.0122,9.8066,0.0325,-0.029,-0.0184,3.5,-31.12,13.69,58.98,-83.92,-148.29
52.413536,-1.556718,150.92,9.2,2,280.25,21 / 21,1975129,2019-09-06 18:49:01:811,2.0141,0.914,12.7375,-0.0145,-0.0473,9.8065,0.1963,-0.0059,0.0021,4.31,-31.62,13.56,56.99,-83.73,-150.78
52.413536,-1.556718,150.92,9.2,2,280.25,21 / 21,1975229,2019-09-06 18:49:01:911,0.7934,0.7063,9.771,-0.0444,-0.0948,9.806,-0.0935,0.0833,-0.0553,3.88,-31.19,14.13,54.37,-82.9,-154.21
52.413536,-1.556718,150.92,9.2,2,280.25,21 / 21,1975329,2019-09-06 18:49:02:011,-1.9138,0.8589,8.0758,-0.0461,-0.078,9.8061,0.0254,-0.0891,0.1387,4.31,-30.69,14.63,50.75,-82.41,-156.27
52.413536,-1.556718,150.92,9.2,2,280.25,20 / 21,1975429,2019-09-06 18:49:02:111,-1.074,0.5783,7.8126,0.0105,0.0325,9.8066,0.0681,0.0272,-0.0681,4.25,-31.37,15,51.99,-82.17,-155.66
52.413536,-1.556718,150.92,9.2,2,280.25,20 / 21,1975528,2019-09-06 18:49:02:210,-0.7093,-0.5352,10.0858,0.0275,0.037,9.8065,0.0019,0.0191,0.0254,4.06,-30.5,14.38,53.04,-82.41,-155.78
52.413536,-1.556718,150.92,9.2,2,280.25,20 / 21,1975629,2019-09-06 18:49:02:311,0.2519,0.4893,10.5248,0.0045,0.0559,9.8064,-0.2903,-0.0204,0.0197,4.31,-30.94,13.19,59.44,-83.45,-150.82
52.413536,-1.556718,150.92,9.2,2,280.25,20 / 21,1975729,2019-09-06 18:49:02:411,-0.3293,0.4455,9.2597,0.044,0.0655,9.8063,-0.2481,0.0641,-0.0113,3.88,-31.25,12.19,70.23,-84.58,-140.92
52.413536,-1.556718,150.92,9.2,2,280.25,20 / 21,1975828,2019-09-06 18:49:02:510,2.078,-0.2532,10.9763,0.0204,0.027,9.8065,0.1834,0.1325,-0.0871,3.5,-30.69,11.81,74.9,-85.48,-134.36
52.413536,-1.556718,150.92,9.2,2,280.25,20 / 21,1975928,2019-09-06 18:49:02:610,0.783,-0.4175,12.4688,0.0428,0.069,9.8063,0.3111,0.0235,-0.0171,3.63,-31.31,12.25,74.56,-85.75,-134.03
52.413536,-1.556718,150.92,9.2,2,280.25,20 / 21,1976029,2019-09-06 18:49:02:711,-0.2274,-0.5689,11.9341,-0.0739,-0.1068,9.8057,0.1522,0.016,0.0375,4.25,-30.81,13.13,66.51,-85.06,-141.07
52.413536,-1.556718,150.92,9.2,2,280.25,20 / 21,1976128,2019-09-06 18:49:02:810,-0.5401,-1.2549,9.964,-0.0391,-0.0456,9.8065,0.2255,0.005,-0.0252,3.75,-30.37,13.06,66,-84.74,-141.89
52.413536,-1.556718,150.92,9.2,2,280.25,20 / 21,1976228,2019-09-06 18:49:02:910,-0.2363,-0.3316,9.2488,-0.0437,-0.0923,9.806,0.0181,0.1033,-0.0169,3.81,-30.12,13.75,62.85,-84.41,-143.53
52.413536,-1.556718,150.92,9.2,2,280.25,20 / 21,1976329,2019-09-06 18:49:03:011,-0.4078,-1.7861,9.4944,-0.0334,-0.0606,9.8064,-0.0908,0.0574,0.0578,3.75,-30.75,13.69,58.16,-83.43,-149.97
52.413536,-1.556718,150.92,9.2,2,280.25,20 / 21,1976428,2019-09-06 18:49:03:110,0.0438,-1.1625,10.268,0.0096,0.0328,9.8065,0.047,0.0075,-0.0393,3.44,-30.25,13.69,54.57,-83.42,-149.04
52.413536,-1.556718,150.92,9.2,2,280.25,20 / 21,1976529,2019-09-06 18:49:03:211,-0.2314,-0.5796,10.4133,0.0233,0.0336,9.8065,-0.0101,0.0021,0.007,4.63,-30.5,13.75,63.56,-83.64,-147.84
52.413536,-1.556718,150.92,9.2,2,280.25,20 / 21,1976629,2019-09-06 18:49:03:311,-0.1243,-1.1893,9.6707,0.0053,-0.01,9.8066,-0.0529,0.0483,-0.0068,3.81,-31.06,12.88,62.89,-83.87,-146.93
52.413536,-1.556718,150.92,9.2,2,280.25,20 / 21,1976729,2019-09-06 18:49:03:411,-0.6026,-0.8286,9.4631,-0.0226,-0.0312,9.8066,0.0225,0.0401,-0.0172,3.63,-30.44,13.38,61.02,-83.66,-148.6
52.413536,-1.556718,150.92,9.2,2,280.25,20 / 21,1976828,2019-09-06 18:49:03:510,-0.4542,-2.2159,9.5651,-0.0148,-0.0089,9.8066,-0.0435,-0.0144,0.0463,3.81,-30.06,14,58.14,-83.34,-149.74
52.413536,-1.556718,150.92,9.2,2,280.25,20 / 21,1976929,2019-09-06 18:49:03:611,-0.5325,0.0808,10.22,-0.0081,-0.013,9.8065,-0.1059,0.0007,0.0096,3.13,-30.94,13.25,57.09,-83.24,-149.44
52.413536,-1.556718,150.92,9.2,2,280.25,20 / 21,1977029,2019-09-06 18:49:03:711,0.104,-1.6178,9.9284,0.0138,0.0182,9.8065,0.0656,0.0202,-0.01,3.31,-30.87,13.56,54.19,-83.52,-149.55
52.413536,-1.556718,150.92,9.2,2,280.25,20 / 21,1977129,2019-09-06 18:49:03:811,-0.6049,-1.8587,9.7871,0.0058,0.0165,9.8065,0.086,-0.0004,0.0003,3.19,-30.69,13.75,54.63,-83.51,-149.19
52.413536,-1.556718,150.92,9.2,2,280.25,20 / 21,1977230,2019-09-06 18:49:03:912,-0.5611,-1.0966,9.3936,-0.0077,-0.0148,9.8066,-0.106,0.0056,0.0338,2.81,-30.87,13.94,54.35,-83.5,-149.45
52.413536,-1.556718,150.92,9.2,2,280.25,20 / 21,1977330,2019-09-06 18:49:04:012,-0.1961,-1.0188,9.4342,-0.0104,-0.0055,9.8066,-0.0918,0.0423,-0.0144,3,-30.25,14.38,54.15,-83.45,-149.33
52.413536,-1.556718,150.92,9.2,2,280.25,20 / 21,1977428,2019-09-06 18:49:04:110,-0.478,-1.3639,9.4467,0.0057,0.0238,9.8066,0.0258,-0.0012,-0.0117,3.44,-30.12,14.63,53.59,-83.55,-148.15
52.413536,-1.556718,150.92,9.2,2,280.25,20 / 21,1977533,2019-09-06 18:49:04:215,0.2317,-2.0013,9.9342,0.0027,0.0041,9.8066,-0.0269,0.021,-0.0016,3,-30.19,14.31,55.07,-83.56,-148.35
52.413536,-1.556718,150.92,9.2,2,280.25,20 / 21,1977628,2019-09-06 18:49:04:310,-1.1722,-0.3257,10.702,-0.0085,0.0173,9.8066,0.0633,-0.0409,0.0722,3.31,-30.06,13.69,57.04,-83.62,-146.53
52.413536,-1.556718,150.92,9.2,2,280.25,20 / 21,1977729,2019-09-06 18:49:04:411,-0.3986,-1.186,10.2587,0.0152,0.0337,9.8065,0.0261,-0.0044,-0.0458,3.44,-29.87,14.13,57.98,-83.66,-145.63
52.413536,-1.556718,150.92,9.2,2,280.25,20 / 21,1977828,2019-09-06 18:49:04:510,-0.2697,-1.6846,9.959,-0.0092,-0.0281,9.8066,-0.0091,-0.0068,-0.0006,3.69,-30.62,14.19,62.12,-83.72,-145.91
52.413536,-1.556718,150.92,9.2,2,280.25,20 / 21,1977928,2019-09-06 18:49:04:610,-0.2822,-2.0474,9.1308,0.0077,0.0098,9.8066,-0.0135,-0.0456,0.0322,4.06,-30.69,14,61.63,-83.7,-146.39
52.413536,-1.556718,150.92,9.2,2,280.25,20 / 21,1978028,2019-09-06 18:49:04:710,0.2108,-0.1853,9.6432,0.0022,-0.0041,9.8066,-0.1516,-0.0446,0.0139,3.25,-30.5,13.69,57.71,-83.63,-145.92
52.413536,-1.556718,150.92,9.2,2,280.25,20 / 21,1978128,2019-09-06 18:49:04:810,-0.291,-1.3774,9.8551,-0.0138,-0.0134,9.8066,-0.1175,0.0003,0.0655,3.81,-30.37,13.56,62.58,-83.61,-145.31
52.413536,-1.556718,150.92,9.2,2,280.25,20 / 21,1978228,2019-09-06 18:49:04:910,0.5698,-0.1211,10.0221,0.0082,0.0331,9.8065,0.0158,-0.0463,-0.0699,3.25,-30.69,12.88,63.53,-83.61,-143.07
52.413536,-1.556718,150.92,9.2,2,280.25,20 / 21,1978328,2019-09-06 18:49:05:010,-0.5764,-1.639,10.0745,0.0206,0.0228,9.8065,0.0737,-0.0222,-0.0085,4.19,-30.75,15.13,62.84,-83.56,-143.79
52.413536,-1.556718,150.92,9.2,2,280.25,20 / 21,1978429,2019-09-06 18:49:05:111,-0.7724,-0.8143,10.0371,0.0015,-0.0102,9.8066,-0.0217,-0.041,0.075,2.75,-31.37,14.06,59.96,-83.48,-144.65
52.413536,-1.556718,150.92,9.2,2,280.25,20 / 21,1978528,2019-09-06 18:49:05:210,-0.9742,-1.729,9.7857,0.0001,0.0154,9.8066,-0.061,-0.0401,-0.0068,3,-31.19,13.88,60.5,-83.39,-144.34
52.413536,-1.556718,150.92,9.2,2,280.25,20 / 21,1978628,2019-09-06 18:49:05:310,0.2456,0.044,9.7708,0.0069,0.008,9.8066,-0.0124,-0.0419,0.0473,3.19,-31.31,14.19,61.73,-83.45,-143.14
52.413536,-1.556718,150.92,9.2,2,280.25,20 / 21,1978729,2019-09-06 18:49:05:411,0.4594,-0.2487,9.8785,-0.0005,-0.0087,9.8066,-0.1373,-0.0253,-0.0011,3.56,-31.31,14,66.05,-83.48,-142.88
52.413536,-1.556718,150.92,9.2,2,280.25,20 / 21,1978828,2019-09-06 18:49:05:510,-1.0513,-1.7365,10.0355,0.0079,0.0263,9.8065,0.0485,0.0597,0.0029,3.81,-31.56,13.44,70.91,-83.55,-140.85
52.413536,-1.556718,150.92,9.2,2,280.25,20 / 21,1978928,2019-09-06 18:49:05:610,-0.5061,0.0695,9.6885,0.0032,0.0029,9.8066,-0.0021,-0.0528,0.0711,3.63,-31.06,13.56,67.38,-83.51,-141.61
52.413536,-1.556718,150.92,9.2,2,280.25,20 / 21,1979029,2019-09-06 18:49:05:711,-0.6702,-1.253,10.0565,-0.0103,0.0014,9.8066,0.0689,-0.0445,-0.0043,3.5,-31.81,14,68.73,-83.25,-141.36
52.413536,-1.556718,150.92,9.2,2,280.25,20 / 21,1979128,2019-09-06 18:49:05:810,-0.9039,-1.6789,9.6331,-0.0017,0.0156,9.8066,0.0909,0.0441,-0.0321,3.13,-31.56,14.31,65.61,-83.12,-140.84
52.413536,-1.556718,150.92,9.2,2,280.25,20 / 21,1979229,2019-09-06 18:49:05:911,-0.5352,-1.4941,10.1051,-0.0288,-0.0247,9.8065,-0.1129,-0.0147,0.0758,2.94,-31.69,14.31,65.71,-82.86,-141.33
52.413536,-1.556718,150.92,9.2,2,280.25,20 / 21,1979329,2019-09-06 18:49:06:011,-0.6013,-0.0915,9.2597,-0.0092,-0.0131,9.8066,-0.156,-0.051,-0.0286,2.75,-32.06,14.06,66.65,-82.87,-140.47
52.413536,-1.556718,150.92,9.2,2,280.25,21 / 21,1979428,2019-09-06 18:49:06:110,-1.3151,-1.0003,9.8654,0.0209,0.0215,9.8066,0.1243,-0.0323,0.0035,2.94,-32.12,14.94,65.14,-83.08,-139.63
52.413536,-1.556718,150.92,9.2,2,280.25,21 / 21,1979529,2019-09-06 18:49:06:211,-1.09,-1.4367,9.7258,0.015,0.0139,9.8065,-0.2191,-0.0065,-0.0164,3,-32.25,14.31,66.46,-83.21,-139.9
52.413536,-1.556718,150.92,9.2,2,280.25,21 / 21,1979628,2019-09-06 18:49:06:310,0.0222,-0.4724,10.294,0.0002,-0.0128,9.8065,-0.0974,-0.0492,0.002,3.5,-32.37,14.44,70.46,-83.36,-139.56
52.413536,-1.556718,150.92,9.2,2,280.25,21 / 21,1979728,2019-09-06 18:49:06:410,-0.2966,-0.9635,9.4673,0.0051,-0.0256,9.8065,-0.107,-0.0514,-0.0112,3.81,-31.5,14.06,68.22,-83.4,-141.07
52.413536,-1.556718,150.92,9.2,2,280.25,21 / 21,1979828,2019-09-06 18:49:06:510,-0.2066,-1.2564,9.3613,0.0089,0.0067,9.8066,-0.0228,-0.1249,0.1018,3.63,-32,13.5,68.32,-83.53,-141.14
52.413536,-1.556718,150.92,9.2,2,280.25,21 / 21,1979929,2019-09-06 18:49:06:611,-0.7029,-0.4744,9.6955,0.0017,0.0007,9.8066,-0.0722,-0.01,-0.0058,3.06,-31.37,14.06,64.07,-83.42,-141.13
52.413536,-1.556718,150.92,9.2,2,280.25,21 / 21,1980029,2019-09-06 18:49:06:711,-0.3374,-0.6782,10.0737,0.004,0.0085,9.8065,0.0944,-0.0455,-0.0131,3.44,-31.37,13.81,64.2,-83.36,-141.14
52.413536,-1.556718,150.92,9.2,2,280.25,21 / 21,1980128,2019-09-06 18:49:06:810,0.229,-0.2715,9.8532,0.0025,0.0061,9.8066,0.028,0.0031,-0.0082,3.19,-31.62,14.25,64.52,-83.3,-141.42
52.413536,-1.556718,150.92,9.2,2,280.25,21 / 21,1980228,2019-09-06 18:49:06:910,-0.111,-2.3016,9.7854,-0.0106,-0.0155,9.8066,-0.0374,-0.1351,0.121,3.75,-31.56,14,69.09,-83.26,-141.03
52.413536,-1.556718,150.92,9.2,2,280.25,21 / 21,1980328,2019-09-06 18:49:07:010,0.3367,-0.2893,9.9495,-0.0034,-0.0027,9.8066,-0.0524,0.0208,-0.0861,3.31,-31.31,14.25,64.94,-83.11,-141
52.413536,-1.556718,150.92,9.2,2,280.25,21 / 21,1980428,2019-09-06 18:49:07:110,-0.7858,-0.24,10.1611,0.0022,0.0153,9.8066,0.1249,-0.0171,0.0637,2.88,-31.94,13.69,65.78,-83.17,-140.58
52.413536,-1.556718,150.92,9.2,2,280.25,21 / 21,1980528,2019-09-06 18:49:07:210,-1.9306,-0.9861,9.9289,0.0017,0.0071,9.8066,-0.0243,-0.0245,-0.0159,3,-31.44,13.81,65.44,-83.11,-140.57
52.413536,-1.556718,150.92,9.2,2,280.25,21 / 21,1980629,2019-09-06 18:49:07:311,-0.688,-0.4699,10.4527,0.0098,0.0087,9.8066,0.0048,-0.0345,-0.0127,2.75,-31.69,14.06,67.52,-82.97,-139.47
52.413536,-1.556718,150.92,9.2,2,280.25,21 / 21,1980729,2019-09-06 18:49:07:411,-0.0735,-0.5375,10.2632,-0.0081,0.0033,9.8066,-0.0479,-0.0079,0.0717,3.56,-31.44,14.19,71.02,-83.01,-139.35
52.413536,-1.556718,150.92,9.2,2,280.25,21 / 21,1980829,2019-09-06 18:49:07:511,-0.4953,-0.5986,10.0796,-0.0246,-0.0343,9.8065,-0.1512,-0.1036,0.0299,2.63,-31.5,13.5,68.2,-83.04,-138.24
52.413536,-1.556718,150.92,9.2,2,280.25,21 / 21,1980928,2019-09-06 18:49:07:610,-0.6547,-0.8199,9.9227,-0.0225,-0.0385,9.8065,-0.065,-0.0365,-0.0194,2.88,-31.87,14.19,68.5,-82.77,-139.03
52.413536,-1.556718,150.92,9.2,2,280.25,21 / 21,1981028,2019-09-06 18:49:07:710,-0.8783,-0.5139,10.1654,0.0182,0.0236,9.8066,0.1291,0.0136,0.0222,3.13,-32,13.5,69.12,-82.87,-138.26
52.413536,-1.556718,150.92,9.2,2,280.25,21 / 21,1981129,2019-09-06 18:49:07:811,0.5109,-0.388,10.3717,-0.0026,0.0087,9.8066,0.0191,0.0449,-0.0294,2.81,-32.19,13.63,68.1,-82.7,-139.55
52.413536,-1.556718,150.92,9.2,2,280.25,21 / 21,1981229,2019-09-06 18:49:07:911,-0.5013,0.1128,10.343,-0.0186,-0.0005,9.8066,0.0754,-0.021,0.0399,3.25,-31.81,13.69,68.73,-82.52,-139.39
52.413536,-1.556718,150.92,9.2,2,280.25,21 / 21,1981328,2019-09-06 18:49:08:010,-0.4228,-0.7087,9.8995,-0.0056,0.0038,9.8066,-0.0029,-0.0469,-0.0028,2.63,-31.81,14.31,69.53,-82.33,-139.09
52.413536,-1.556718,150.92,9.2,2,280.25,21 / 21,1981428,2019-09-06 18:49:08:110,-0.2254,-0.5319,9.9453,-0.0019,0.0042,9.8066,0.0704,-0.0581,0.0609,3.06,-31.69,13.94,69.74,-82.29,-139
52.413536,-1.556718,150.92,9.2,2,280.25,21 / 21,1981529,2019-09-06 18:49:08:211,-0.915,0.2048,9.6035,-0.0138,-0.0082,9.8066,-0.0547,0.0455,-0.043,2.19,-31.5,13.81,65.86,-82.14,-138.48
52.413536,-1.556718,150.92,9.2,2,280.25,21 / 21,1981629,2019-09-06 18:49:08:311,0.2297,1.6335,10.1498,0.0094,0.0058,9.8066,0.0339,-0.1321,0.0871,2.63,-31.69,13.88,70.27,-82.39,-138.31
52.413536,-1.556718,150.92,9.2,2,280.25,21 / 21,1981729,2019-09-06 18:49:08:411,0.9385,0.6207,10.1317,-0.0003,-0.0144,9.8065,-0.0901,-0.033,-0.0841,2.69,-31.31,13.81,69.13,-82.17,-139.28
52.413536,-1.556718,150.92,9.2,2,280.25,21 / 21,1981828,2019-09-06 18:49:08:510,-1.5639,-1.2965,10.2278,-0.0134,-0.0443,9.8065,0.0164,0.076,-0.032,3.19,-32.12,13.81,66.8,-81.93,-142.4
52.413536,-1.556718,150.92,9.2,2,280.25,21 / 21,1981929,2019-09-06 18:49:08:611,0.4941,-0.2476,10.2724,-0.0101,-0.0231,9.8066,0.1223,0.0616,0.0211,3.13,-31.87,14.38,65.69,-81.95,-143.33
52.413536,-1.556718,150.92,9.2,2,280.25,21 / 21,1982029,2019-09-06 18:49:08:711,-1.6416,-0.6056,10.2304,-0.0278,-0.0417,9.8065,-0.0628,0.0118,-0.0194,2.75,-32.12,14.25,64.89,-81.97,-143.97
52.413536,-1.556718,150.92,9.2,2,280.25,21 / 21,1982128,2019-09-06 18:49:08:810,1.3529,0.2314,9.8012,-0.0312,-0.0663,9.8063,-0.1061,0.0047,-0.0598,2.63,-32,14.31,63.31,-81.62,-146.09
52.413536,-1.556718,150.92,9.2,2,280.25,21 / 21,1982229,2019-09-06 18:49:08:911,0.6612,-0.0222,9.6801,0.0082,0.0031,9.8066,-0.0168,-0.0291,-0.0195,3.19,-32.25,14.44,62.24,-81.63,-146.98
52.413536,-1.556718,150.92,9.2,2,280.25,21 / 21,1982329,2019-09-06 18:49:09:011,-0.1349,1.0369,10.4099,0.0021,-0.0176,9.8066,-0.1283,-0.0719,0.0158,3,-32,14.38,61.46,-81.55,-147.81
52.41367,-1.557774,151.88,9.89,2,283.67,21 / 21,1982429,2019-09-06 18:49:09:111,-0.4429,-0.2962,9.742,-0.007,0.0016,9.8066,0.0128,-0.0091,-0.0844,2.56,-31.44,14.69,57.72,-81.63,-148.42
52.41367,-1.557774,151.88,9.89,2,283.67,21 / 21,1982528,2019-09-06 18:49:09:210,0.6464,0.7493,10.8184,-0.0111,-0.0201,9.8066,0.0282,-0.0588,-0.0461,3.38,-31.87,14.75,57.03,-81.46,-149.81
52.41367,-1.557774,151.88,9.89,2,283.67,21 / 21,1982629,2019-09-06 18:49:09:311,0.9483,0.4436,10.1794,-0.0037,-0.0115,9.8066,0.2568,0.0183,0.0542,3.06,-31.81,15.06,56.35,-81.09,-151.06
52.41367,-1.557774,151.88,9.89,2,283.67,21 / 21,1982728,2019-09-06 18:49:09:410,-0.7921,0.1866,10.7582,-0.0168,-0.0046,9.8066,-0.0953,0.0557,-0.0183,3.38,-31.31,14.75,56.07,-80.74,-151.42
52.41367,-1.557774,151.88,9.89,2,283.67,21 / 21,1982829,2019-09-06 18:49:09:511,-1.0893,-0.7069,9.0527,-0.0191,-0.0376,9.8065,-0.1899,-0.0781,0.0867,2.44,-32.06,14.94,55.24,-80.56,-149.43
52.41367,-1.557774,151.88,9.89,2,283.67,21 / 21,1982929,2019-09-06 18:49:09:611,-0.2245,-1.4235,9.3683,-0.0412,-0.0423,9.8064,0.029,-0.1821,0.0683,2.63,-32.94,14.44,64.06,-80.35,-148.94
52.41367,-1.557774,151.88,9.89,2,283.67,21 / 21,1983028,2019-09-06 18:49:09:710,-0.5939,0.79,9.4096,0.0343,0.0321,9.8065,-0.0266,-0.0424,-0.0584,3.44,-32.06,14.69,61.19,-80.97,-147.3
52.41367,-1.557774,151.88,9.89,2,283.67,21 / 21,1983128,2019-09-06 18:49:09:810,1.2995,1.7333,10.3519,0.0175,0.0086,9.8066,-0.0318,0.0474,-0.0098,3.13,-31.87,14.5,60.07,-81.16,-147.87
52.41367,-1.557774,151.88,9.89,2,283.67,21 / 21,1983229,2019-09-06 18:49:09:911,-0.802,-0.2336,9.9032,-0.0003,-0.03,9.8066,0.0255,0.0869,-0.0344,3.44,-31.87,14.19,59.11,-81.18,-150.54
52.41367,-1.557774,151.88,9.89,2,283.67,21 / 21,1983329,2019-09-06 18:49:10:011,-1.0065,-0.6679,9.7989,-0.0101,-0.0281,9.8065,0.0869,-0.0123,-0.0826,3.81,-31.94,14.69,59.19,-81,-152.28
52.41367,-1.557774,151.88,9.89,2,283.67,21 / 21,1983428,2019-09-06 18:49:10:110,1.6624,-0.4027,9.9421,-0.0006,-0.0082,9.8066,-0.0567,0.0073,-0.0491,4.06,-31.94,14.5,57.45,-80.95,-153.82
52.41367,-1.557774,151.88,9.89,2,283.67,21 / 21,1983529,2019-09-06 18:49:10:211,0.7922,0.2717,10.3017,-0.003,-0.01,9.8066,0.0534,-0.0082,0.114,3.56,-31.31,14.94,56.72,-80.89,-154
52.41367,-1.557774,151.88,9.89,2,283.67,21 / 21,1983628,2019-09-06 18:49:10:310,-0.8509,0.3512,10.7179,-0.0216,0.0026,9.8066,0.1234,-0.0807,0.0982,3.81,-32.19,14.94,58.84,-80.82,-152.91
52.41367,-1.557774,151.88,9.89,2,283.67,21 / 21,1983729,2019-09-06 18:49:10:411,0.6682,-0.6788,10.0002,-0.0175,-0.0017,9.8066,0.0433,-0.0242,-0.0241,3.44,-31.81,15,56.17,-80.51,-152.31
52.41367,-1.557774,151.88,9.89,2,283.67,21 / 21,1983828,2019-09-06 18:49:10:510,0.1972,-0.0541,9.8846,-0.0063,-0.0002,9.8066,0.0562,0.0515,0.0814,2.88,-32.37,15.13,56.33,-80.25,-152.7
52.41367,-1.557774,151.88,9.89,2,283.67,21 / 21,1983929,2019-09-06 18:49:10:611,0.7725,1.7105,10.0781,-0.017,-0.0052,9.8066,-0.054,-0.0195,0.0451,3.5,-31.69,15.69,59.02,-80.08,-152.24
52.41367,-1.557774,151.88,9.89,2,283.67,21 / 21,1984029,2019-09-06 18:49:10:711,-0.2806,-0.8628,9.9871,0.006,-0.0021,9.8066,-0.023,0.0412,-0.0521,3.06,-31.94,15.38,58.3,-80.13,-151.36
52.41367,-1.557774,151.88,9.89,2,283.67,21 / 21,1984129,2019-09-06 18:49:10:811,0.3591,0.0279,9.9389,0.006,-0.0159,9.8065,0.0205,0.0067,0.0456,2.81,-31.69,15.25,57.09,-80.26,-152.06
52.41367,-1.557774,151.88,9.89,2,283.67,21 / 21,1984229,2019-09-06 18:49:10:911,0.0088,0.2868,10.4596,-0.0112,-0.002,9.8066,0.0331,-0.0043,-0.0378,1.75,-31.56,15.13,53.11,-80.11,-151.95
52.41367,-1.557774,151.88,9.89,2,283.67,21 / 21,1984329,2019-09-06 18:49:11:011,0.1555,0.4663,10.047,0.0027,-0.0009,9.8066,0.1001,0.0202,-0.0152,2,-30.5,16,49.47,-80.02,-152.4
52.41367,-1.557774,151.88,9.89,2,283.67,21 / 21,1984430,2019-09-06 18:49:11:112,-0.7306,-0.3716,10.6846,-0.0076,-0.0316,9.8066,0.0789,0.0103,0.0573,1.94,-30.69,15.88,49.55,-79.88,-153.05
52.41367,-1.557774,151.88,9.89,2,283.67,21 / 21,1984528,2019-09-06 18:49:11:210,0.29,-2.5644,8.7536,-0.0054,-0.0072,9.8066,0.0424,0.0572,-0.023,2.06,-31.94,15.94,49.54,-79.71,-153.85
52.41367,-1.557774,151.88,9.89,2,283.67,21 / 21,1984628,2019-09-06 18:49:11:310,1.5813,-0.2431,9.1113,0.0104,0.0485,9.8065,-0.2077,-0.0638,0.1074,1.88,-32.5,15.94,52.49,-80.01,-151.07
52.41367,-1.557774,151.88,9.89,2,283.67,21 / 21,1984729,2019-09-06 18:49:11:411,0.5877,2.0579,9.4881,-0.0074,0.0129,9.8065,0.0873,0.0806,0.0031,2.5,-32.56,16.75,57.04,-80.09,-149.57
52.41367,-1.557774,151.88,9.89,2,283.67,21 / 21,1984829,2019-09-06 18:49:11:511,0.6311,0.3294,10.7917,-0.0013,0.0498,9.8065,0.2881,-0.0069,0.0515,2,-32.31,16.81,54.21,-80.57,-147.39
52.41367,-1.557774,151.88,9.89,2,283.67,21 / 21,1984929,2019-09-06 18:49:11:611,0.4524,0.4841,9.703,0.0084,0.05,9.8064,0.0991,0.0075,-0.0076,2.38,-32.94,16.5,55.61,-80.28,-147.22
52.41367,-1.557774,151.88,9.89,2,283.67,21 / 21,1985028,2019-09-06 18:49:11:710,-0.3142,-0.346,10.7116,-0.013,-0.0235,9.8066,0.0306,-0.0244,0.043,2.19,-32.5,17,55.44,-80.02,-147.33
52.41367,-1.557774,151.88,9.89,2,283.67,21 / 21,1985128,2019-09-06 18:49:11:810,0.3777,0.2003,10.5408,0.0008,0.0025,9.8066,0.0054,0.0454,-0.03,2.06,-33.06,16.69,56.25,-79.84,-147.5
52.41367,-1.557774,151.88,9.89,2,283.67,21 / 21,1985229,2019-09-06 18:49:11:911,-0.2211,-1.3288,10.2529,-0.0035,-0.0312,9.8065,-0.09,0.0138,-0.0278,2.81,-32.44,17.19,58.34,-79.98,-148.18
52.41367,-1.557774,151.88,9.89,2,283.67,21 / 21,1985328,2019-09-06 18:49:12:010,0.7293,-0.8328,10.204,-0.0056,-0.0368,9.8065,-0.0452,0.0801,-0.0154,2.31,-32.62,16.56,54.01,-79.92,-149.14
52.41367,-1.557774,151.88,9.89,2,283.67,21 / 21,1985428,2019-09-06 18:49:12:110,0.5059,0.6706,10.1406,-0.0029,0.0048,9.8066,0.187,0.0147,-0.0217,2.63,-32.44,17.31,56.48,-79.78,-150.05
52.41367,-1.557774,151.88,9.89,2,283.67,21 / 21,1985529,2019-09-06 18:49:12:211,0.7163,-0.5518,9.892,0.0098,0.0058,9.8066,-0.0923,0.0305,-0.0081,2.25,-32.19,17.38,52.08,-79.53,-150.8
52.41367,-1.557774,151.88,9.89,2,283.67,21 / 21,1985628,2019-09-06 18:49:12:310,-0.5374,-0.4896,9.8969,-0.0305,-0.0422,9.8064,-0.1013,-0.0151,0.1149,2.75,-33.44,17.38,56.36,-79.02,-152.01
52.41367,-1.557774,151.88,9.89,2,283.67,21 / 21,1985728,2019-09-06 18:49:12:410,1.2135,0.9477,9.6053,-0.0339,-0.0217,9.8065,-0.1308,0.0497,0.0583,1.88,-32.56,17,53.95,-78.85,-151.06
52.41367,-1.557774,151.88,9.89,2,283.67,21 / 21,1985828,2019-09-06 18:49:12:510,0.4065,1.5405,9.8841,-0.0233,0.0293,9.8066,0.1794,-0.0152,0.034,1.56,-32.69,17.63,56.07,-78.7,-148.27
52.41367,-1.557774,151.88,9.89,2,283.67,21 / 21,1985928,2019-09-06 18:49:12:610,1.1062,0.1464,10.2876,-0.003,0.0483,9.8065,0.1336,0.0642,0.0099,1.88,-31.94,17.81,57.12,-78.49,-147.24
52.41367,-1.557774,151.88,9.89,2,283.67,21 / 21,1986028,2019-09-06 18:49:12:710,-0.9245,-1.4117,9.5565,-0.0524,-0.0674,9.8062,-0.0261,-0.0915,0.0934,1.5,-33.12,17.5,58.2,-78.32,-147.23
52.41367,-1.557774,151.88,9.89,2,283.67,21 / 21,1986128,2019-09-06 18:49:12:810,-0.3122,0.6072,10.6543,-0.0367,-0.0474,9.8064,0.01,-0.1378,-0.0339,1.56,-32.69,18.31,59.25,-77.63,-147.63
52.41367,-1.557774,151.88,9.89,2,283.67,21 / 21,1986229,2019-09-06 18:49:12:911,-1.8044,-0.2643,8.9961,-0.025,-0.0221,9.8065,-0.1376,0.1975,-0.016,1.63,-32.81,17.06,62.51,-77.41,-147.1
52.41367,-1.557774,151.88,9.89,2,283.67,21 / 21,1986329,2019-09-06 18:49:13:011,-1.6018,1.7685,9.6016,-0.0078,-0.0337,9.8065,-0.2271,-0.1629,0.1239,2.13,-33.12,17.56,59.15,-77.72,-147.55
52.41367,-1.557774,151.88,9.89,2,283.67,21 / 21,1986430,2019-09-06 18:49:13:112,-1.9118,-0.0896,9.1551,0.0358,0.0184,9.8065,-0.2531,-0.0903,-0.0324,1.5,-32.81,17.31,61.92,-78.37,-145.69
52.41367,-1.557774,151.88,9.89,2,283.67,21 / 21,1986528,2019-09-06 18:49:13:210,-0.0115,2.7529,9.5062,0.0252,0.0359,9.8064,-0.1687,-0.0767,0.1124,1.63,-32.31,16.75,61.6,-78.99,-144.12
52.41367,-1.557774,151.88,9.89,2,283.67,21 / 21,1986629,2019-09-06 18:49:13:311,-0.2519,0.1326,10.5067,0.0086,0.004,9.8066,0.0494,0.0185,-0.136,1.44,-32.75,16.56,58.97,-79.16,-143.3
52.41367,-1.557774,151.88,9.89,2,283.67,21 / 21,1986729,2019-09-06 18:49:13:411,1.3974,0.6899,10.2442,0.0087,-0.0133,9.8066,0.0025,-0.1188,-0.0154,1.63,-32.75,16,62.74,-79.26,-144.92
52.41367,-1.557774,151.88,9.89,2,283.67,21 / 21,1986829,2019-09-06 18:49:13:511,-1.549,0.3744,11.5725,-0.017,-0.0692,9.8063,0.018,0.0903,-0.0852,2.13,-32.56,17.06,57.53,-78.67,-148.6
52.41367,-1.557774,151.88,9.89,2,283.67,21 / 21,1986929,2019-09-06 18:49:13:611,-1.3671,0.443,9.9781,-0.0285,-0.0845,9.8061,-0.039,-0.1001,-0.0277,1.63,-32.37,17.06,54.4,-78.3,-151.09
52.41367,-1.557774,151.88,9.89,2,283.67,21 / 21,1987028,2019-09-06 18:49:13:710,0.6881,1.2062,8.9029,0.0381,0.0133,9.8065,0.0094,-0.0668,-0.0425,2.44,-32.87,17.31,53.56,-78.13,-152.61
52.41367,-1.557774,151.88,9.89,2,283.67,21 / 21,1987128,2019-09-06 18:49:13:810,0.8154,1.3792,10.1762,0.0194,0.029,9.8065,-0.0474,-0.0063,-0.0293,1.81,-32.25,17.69,48.92,-78.29,-153.9
52.41367,-1.557774,151.88,9.89,2,283.67,21 / 21,1987229,2019-09-06 18:49:13:911,-0.4178,-0.3174,10.318,0.0138,0.0107,9.8065,0.2476,-0.0644,-0.049,2.31,-31.87,17.31,49.89,-78.38,-154.35
52.41367,-1.557774,151.88,9.89,2,283.67,21 / 21,1987328,2019-09-06 18:49:14:010,-0.2102,-0.9552,10.587,0.0499,0.0851,9.8061,0.3979,-0.0443,-0.086,2,-32.25,17.13,49.55,-78.8,-153.93
52.41367,-1.557774,151.88,9.89,2,283.67,21 / 21,1987428,2019-09-06 18:49:14:110,0.4728,-2.3541,9.8699,-0.0431,-0.0948,9.806,-0.1856,-0.2062,0.1361,2.69,-32.62,16.88,53.23,-78.44,-155.45
52.41367,-1.557774,151.88,9.89,2,283.67,21 / 21,1987529,2019-09-06 18:49:14:211,0.9093,0.8862,9.9843,-0.0488,-0.0752,9.8061,-0.1406,-0.0732,-0.0108,2.75,-32.19,16.31,55.81,-78.44,-154.64
52.41367,-1.557774,151.88,9.89,2,283.67,21 / 21,1987628,2019-09-06 18:49:14:310,-0.0475,0.0423,10.3138,0.0177,-0.016,9.8066,-0.0836,-0.1139,0.0687,2.63,-32.06,17.13,51.21,-78.83,-155.78
52.41367,-1.557774,151.88,9.89,2,283.67,21 / 21,1987729,2019-09-06 18:49:14:411,1.3286,0.3961,9.9172,-0.0058,-0.0437,9.8065,-0.129,0.0757,-0.1263,2.94,-32.19,16.31,52.51,-78.74,-156.6
52.41367,-1.557774,151.88,9.89,2,283.67,21 / 21,1987829,2019-09-06 18:49:14:511,-0.7612,-1.2294,9.0134,0.0299,0.0375,9.8064,0.1486,0.1159,-0.0563,3.5,-32.69,16.88,53.32,-78.82,-157.74
52.41367,-1.557774,151.88,9.89,2,283.67,21 / 21,1987928,2019-09-06 18:49:14:610,-1.1664,-0.1496,10.0808,-0.0001,-0.0105,9.8066,0.0018,-0.0191,0.001,2.94,-32.25,16.56,47.27,-78.66,-159.01
52.41367,-1.557774,151.88,9.89,2,283.67,21 / 21,1988029,2019-09-06 18:49:14:711,0.2545,-0.016,9.801,0.0087,0.005,9.8066,-0.0505,0.0548,-0.0789,3.19,-32.31,17.06,46.44,-78.7,-159.55
52.41367,-1.557774,151.88,9.89,2,283.67,21 / 21,1988129,2019-09-06 18:49:14:811,0.1993,-0.1163,9.4235,0.0073,-0.0219,9.8065,-0.0709,-0.0738,0.0533,2.63,-32,16.88,45.45,-78.8,-160.12
52.41367,-1.557774,151.88,9.89,2,283.67,21 / 21,1988229,2019-09-06 18:49:14:911,-0.3548,-0.9157,9.4361,0.004,0.0163,9.8066,0.0602,0.0232,-0.0042,3.25,-32.5,17.19,45.49,-78.72,-160.21
52.41367,-1.557774,151.88,9.89,2,283.67,21 / 21,1988329,2019-09-06 18:49:15:011,-0.6856,-0.6481,9.5538,0.0031,0.0196,9.8065,0.1018,-0.0907,0.0159,3,-32.19,17.5,43.79,-78.7,-160.12
52.41367,-1.557774,151.88,9.89,2,283.67,21 / 21,1988428,2019-09-06 18:49:15:110,-1.7609,-1.4088,10.0775,-0.0002,-0.0177,9.8066,-0.0007,-0.0258,0.0895,2.94,-32.44,17,45.79,-78.63,-160.12
52.41367,-1.557774,151.88,9.89,2,283.67,21 / 21,1988529,2019-09-06 18:49:15:211,-1.2439,0.0487,10.0447,-0.0193,0.0033,9.8066,0.0929,-0.043,0.0505,2.81,-32.06,17.31,46.67,-78.75,-159.3
52.41367,-1.557774,151.88,9.89,2,283.67,21 / 21,1988629,2019-09-06 18:49:15:311,-0.8428,-0.4727,10.1551,-0.014,-0.0476,9.8064,-0.1897,0.0468,-0.0007,3.06,-32,16.63,46.12,-78.68,-159.81
52.41367,-1.557774,151.88,9.89,2,283.67,21 / 21,1988728,2019-09-06 18:49:15:410,0.6283,-1.3643,9.5984,-0.037,-0.0651,9.8063,-0.1133,0.0002,-0.0228,3.63,-31.81,17.19,50.15,-78.56,-160.05
52.41367,-1.557774,151.88,9.89,2,283.67,21 / 21,1988828,2019-09-06 18:49:15:510,0.1143,-1.5562,9.3418,0.0229,0.0421,9.8065,0.041,0.0327,-0.016,3.63,-31.75,17.06,50.1,-78.72,-159.84
52.41367,-1.557774,151.88,9.89,2,283.67,21 / 21,1988928,2019-09-06 18:49:15:610,0.6073,0.9692,9.5565,0.0212,0.0254,9.8066,-0.1697,-0.0256,0.045,3.56,-31.94,16.38,52.46,-78.71,-159.87
52.41367,-1.557774,151.88,9.89,2,283.67,21 / 21,1989028,2019-09-06 18:49:15:710,0.1767,0.6798,10.3312,0.0193,0.0332,9.8066,0.3102,-0.0425,-0.0036,3.25,-31.81,16.5,46.12,-78.69,-159.8
52.41367,-1.557774,151.88,9.89,2,283.67,21 / 21,1989129,2019-09-06 18:49:15:811,-0.5708,-0.9927,10.526,0.0127,0.0212,9.8065,0.1942,0.0027,-0.0753,3.38,-32,16.44,48.04,-78.79,-159.83
52.41367,-1.557774,151.88,9.89,2,283.67,21 / 21,1989229,2019-09-06 18:49:15:911,2.1632,-1.4316,10.075,-0.0423,-0.0828,9.8061,-0.159,0.0031,0.0248,3.31,-31.75,17.06,43.76,-78.36,-161.98
52.41367,-1.557774,151.88,9.89,2,283.67,21 / 21,1989329,2019-09-06 18:49:16:011,-0.7147,-1.5006,10.1042,-0.0205,-0.0005,9.8065,0.131,-0.0944,0.1054,3,-32.56,16.31,48.45,-78.39,-160.75
52.41367,-1.557774,151.88,9.89,2,283.67,20 / 20,1989429,2019-09-06 18:49:16:111,-2.6961,-0.5885,9.6085,0.006,0.0122,9.8066,0.0997,0.0235,-0.0516,3.25,-32.56,17.06,47.09,-78.32,-160.17
52.41367,-1.557774,151.88,9.89,2,283.67,20 / 20,1989528,2019-09-06 18:49:16:210,2.5114,-0.2189,8.924,0.0366,0.0445,9.8064,-0.0507,0.1562,-0.1158,3,-32.62,17.25,45.42,-78.65,-160.86
52.41367,-1.557774,151.88,9.89,2,283.67,20 / 20,1989629,2019-09-06 18:49:16:311,-0.6312,0.7826,10.4914,0.0209,0.0322,9.8065,0.0198,0.0296,-0.0266,3.31,-31.87,16.63,43.54,-79.05,-161.15
52.41367,-1.557774,151.88,9.89,2,283.67,20 / 20,1989729,2019-09-06 18:49:16:411,-0.5402,-1.1456,9.1894,0.0311,-0.0116,9.8065,0.0073,0.0365,-0.0711,3.19,-32.06,16,43.44,-79.39,-162.21
52.41367,-1.557774,151.88,9.89,2,283.67,20 / 20,1989829,2019-09-06 18:49:16:511,0.2915,-0.1808,9.6889,0.0156,-0.0042,9.8066,0.0382,-0.0773,-0.0091,4.13,-31.75,16.75,43.11,-79.18,-164.36
52.41367,-1.557774,151.88,9.89,2,283.67,20 / 20,1989928,2019-09-06 18:49:16:610,-0.9162,-2.6953,10.6646,0.0355,0.0216,9.8066,0.0272,0.0325,-0.0481,3.69,-31,16.69,40.8,-79.22,-165.56
52.41367,-1.557774,151.88,9.89,2,283.67,20 / 20,1990029,2019-09-06 18:49:16:711,-0.0024,-1.2007,9.6589,0.0035,0.0034,9.8066,0.0134,-0.0009,0.0058,3.88,-31.37,16.44,42.45,-79.33,-165.78
52.41367,-1.557774,151.88,9.89,2,283.67,20 / 20,1990129,2019-09-06 18:49:16:811,0.3739,-0.6942,9.1649,-0.0115,-0.0224,9.8066,-0.0342,0.0347,-0.0735,4.25,-31.25,16.44,42.55,-79.32,-165.72
52.41367,-1.557774,151.88,9.89,2,283.67,20 / 20,1990229,2019-09-06 18:49:16:911,0.7432,-0.9583,9.9757,-0.0097,-0.0005,9.8065,-0.1828,0.0502,-0.0001,4.06,-31.12,16.5,39.81,-79.43,-166.04
52.41367,-1.557774,151.88,9.89,2,283.67,20 / 20,1990329,2019-09-06 18:49:17:011,-0.4478,0.4552,10.59,-0.015,0.0013,9.8065,-0.0069,-0.0989,0.125,4.63,-30.87,16.69,44.77,-79.42,-165.3
52.41367,-1.557774,151.88,9.89,2,283.67,21 / 21,1990428,2019-09-06 18:49:17:110,-0.1604,-1.3349,9.6221,0.007,0.0194,9.8065,0.0849,-0.0393,-0.0835,4.5,-31.12,16.56,46.47,-79.23,-164.27
52.41367,-1.557774,151.88,9.89,2,283.67,21 / 21,1990529,2019-09-06 18:49:17:211,0.8776,-1.7254,9.9016,0.0217,0.0269,9.8065,0.1352,-0.0384,0.0549,4.25,-31.81,16.31,45.3,-79.15,-164.44
52.41367,-1.557774,151.88,9.89,2,283.67,21 / 21,1990628,2019-09-06 18:49:17:310,0.0019,-0.4006,9.3609,-0.0066,-0.0152,9.8066,-0.085,0.0301,0.0487,4.19,-31.75,15.88,46.01,-78.83,-164.42
52.41367,-1.557774,151.88,9.89,2,283.67,21 / 21,1990728,2019-09-06 18:49:17:410,-1.9408,-1.0662,10.7611,-0.024,-0.0219,9.8066,0.0159,-0.0488,0.0269,2.81,-32.75,15.38,45.45,-78.83,-163.91
52.41367,-1.557774,151.88,9.89,2,283.67,21 / 21,1990829,2019-09-06 18:49:17:511,-1.3883,-1.205,10.21,-0.0285,-0.0581,9.8064,-0.2528,0.0591,-0.0193,3.25,-32.56,16.69,40.54,-79.24,-163.49
52.41367,-1.557774,151.88,9.89,2,283.67,21 / 21,1990928,2019-09-06 18:49:17:610,0.5857,0.3668,9.0201,-0.0131,-0.039,9.8065,-0.1021,-0.0342,-0.0087,3,-32.06,16.19,41.54,-79.09,-164
52.41367,-1.557774,151.88,9.89,2,283.67,21 / 21,1991031,2019-09-06 18:49:17:713,-0.4532,-0.7305,10.0856,0.0051,0.0165,9.8065,0.1095,0.0346,-0.0262,3.31,-32.19,16.44,41.39,-79.18,-163.97
52.41367,-1.557774,151.88,9.89,2,283.67,21 / 21,1991129,2019-09-06 18:49:17:811,-0.1718,-1.544,9.4197,0.018,0.0183,9.8065,0.1603,0.0468,0.0519,3.63,-31.69,16.75,42.87,-79.19,-164.52
52.41367,-1.557774,151.88,9.89,2,283.67,21 / 21,1991229,2019-09-06 18:49:17:911,-0.8246,0.1235,10.4315,0.0038,-0.0002,9.8066,0.0541,-0.0075,-0.0047,3.38,-31.81,16.88,38.08,-79.07,-165.04
52.41367,-1.557774,151.88,9.89,2,283.67,21 / 21,1991329,2019-09-06 18:49:18:011,-1.2703,-1.5788,10.6602,0.0043,0.0274,9.8066,-0.1415,0.0107,-0.0358,3.88,-32.12,16.88,42.24,-79.17,-165
52.413845,-1.559078,154.39,10.89,3,284.81,21 / 21,1991428,2019-09-06 18:49:18:110,-1.2339,-1.0507,10.2464,-0.0283,-0.0187,9.8065,0.0427,-0.0538,0.0678,3.81,-32.31,16.81,42.96,-78.96,-164.78
52.413845,-1.559078,154.39,10.89,3,284.81,21 / 21,1991529,2019-09-06 18:49:18:211,-0.7141,0.0393,9.8025,0.0033,-0.0348,9.8065,-0.0337,-0.0043,0.05,3.88,-32.06,16.44,44.96,-78.72,-165.35
52.413845,-1.559078,154.39,10.89,3,284.81,21 / 21,1991628,2019-09-06 18:49:18:310,1.4897,-0.8197,10.1754,-0.0161,0.0203,9.8066,0.0545,-0.1136,0.0874,3.81,-31.94,16.88,42.53,-78.74,-165.38
52.413845,-1.559078,154.39,10.89,3,284.81,21 / 21,1991728,2019-09-06 18:49:18:410,-0.9402,0.573,10.7136,-0.0207,-0.0093,9.8066,-0.0386,0.0361,-0.0703,3.25,-31.62,16.69,41.42,-78.53,-163.4
52.413845,-1.559078,154.39,10.89,3,284.81,21 / 21,1991828,2019-09-06 18:49:18:510,0.9439,0.3139,11.0159,0.0033,-0.0192,9.8066,0.0858,0.0813,-0.021,4.06,-31.69,16.88,43.74,-78.46,-164.91
52.413845,-1.559078,154.39,10.89,3,284.81,21 / 21,1991928,2019-09-06 18:49:18:610,-0.8728,-0.3518,10.0417,0.0264,-0.0003,9.8066,0.1121,-0.1195,0.0786,3.94,-31.37,16.25,43.8,-78.26,-166.35
52.413845,-1.559078,154.39,10.89,3,284.81,21 / 21,1992029,2019-09-06 18:49:18:711,-1.7972,-0.9437,8.2374,0.0074,0.0146,9.8066,-0.0573,0.0644,-0.0669,3.69,-31.94,16.75,42.41,-78.12,-166.34
52.413845,-1.559078,154.39,10.89,3,284.81,21 / 21,1992129,2019-09-06 18:49:18:811,-0.247,-1.4933,7.8785,0.0384,0.0667,9.8063,-0.0765,0.0799,-0.0591,4.13,-32.62,16.63,42.04,-78.76,-166.16
52.413845,-1.559078,154.39,10.89,3,284.81,21 / 21,1992229,2019-09-06 18:49:18:911,1.9291,-0.4212,8.2114,0.0655,0.0557,9.8062,-0.2166,-0.1468,0.1592,3.5,-32.44,15.63,43.6,-79.7,-164.85
52.413845,-1.559078,154.39,10.89,3,284.81,21 / 21,1992328,2019-09-06 18:49:19:010,0.4329,-0.2254,9.8313,0.0154,0.022,9.8065,0.0117,0.1123,-0.0752,4.5,-31.94,15.13,48.4,-80.77,-164.56
52.413845,-1.559078,154.39,10.89,3,284.81,20 / 20,1992430,2019-09-06 18:49:19:112,0.0041,-0.5199,10.6313,-0.005,-0.0338,9.8065,0.0831,-0.0317,-0.0079,4.44,-31.87,15.75,40.34,-80.47,-166.16
52.413845,-1.559078,154.39,10.89,3,284.81,20 / 20,1992528,2019-09-06 18:49:19:210,-0.7759,-1.5725,10.467,-0.027,-0.0547,9.8064,0.1336,0.0242,-0.0186,4.5,-31.37,16,43.53,-79.89,-167.29
52.413845,-1.559078,154.39,10.89,3,284.81,20 / 20,1992629,2019-09-06 18:49:19:311,-1.1579,-1.3863,10.4169,0,0.0027,9.8066,-0.0687,0.1102,-0.045,4.88,-31.69,16,43.84,-79.59,-167.93
52.413845,-1.559078,154.39,10.89,3,284.81,20 / 20,1992729,2019-09-06 18:49:19:411,-0.1508,0.5295,9.826,0.0147,0.0206,9.8066,-0.1269,-0.0431,0.044,4.25,-31.37,15.94,38.27,-79.9,-168.05
52.413845,-1.559078,154.39,10.89,3,284.81,20 / 20,1992828,2019-09-06 18:49:19:510,-1.4861,0.5495,8.5291,0.0328,0.0435,9.8065,0.0781,-0.1023,0.1134,4.56,-31.56,16.06,43.32,-80.23,-167.38
52.413845,-1.559078,154.39,10.89,3,284.81,20 / 20,1992928,2019-09-06 18:49:19:610,0.3001,-0.2465,8.7409,-0.0061,0.0419,9.8065,-0.0209,0.0978,-0.1064,4.38,-31.75,15.31,42.86,-80.65,-165.7
52.413845,-1.559078,154.39,10.89,3,284.81,20 / 20,1993028,2019-09-06 18:49:19:710,2.1051,-0.3484,9.0416,0.01,0.0124,9.8065,0.0035,-0.0835,0.0987,4.31,-31.94,14.81,42.1,-80.91,-165.88
52.413845,-1.559078,154.39,10.89,3,284.81,20 / 20,1993128,2019-09-06 18:49:19:810,1.1016,0.4476,10.2801,-0.0011,-0.0017,9.8066,0.018,0.0115,-0.0342,4.38,-31.69,15.63,41.08,-80.85,-165.08
52.413845,-1.559078,154.39,10.89,3,284.81,20 / 20,1993229,2019-09-06 18:49:19:911,1.6159,0.3724,10.3942,-0.0178,-0.0263,9.8065,-0.0818,0.0102,-0.0598,4.25,-31.25,15.56,39.98,-80.69,-165.75
52.413845,-1.559078,154.39,10.89,3,284.81,20 / 20,1993329,2019-09-06 18:49:20:011,-0.0252,-0.158,9.3805,-0.0018,-0.0246,9.8065,-0.1186,-0.0361,0.0383,4.13,-31.44,15.19,41.99,-80.58,-166.03
52.413845,-1.559078,154.39,10.89,3,284.81,20 / 21,1993429,2019-09-06 18:49:20:111,0.656,0.9548,10.5782,0.0103,0.0465,9.8065,0.0931,0.0091,-0.0629,3.63,-31.44,15.69,40.66,-80.64,-165.32
52.413845,-1.559078,154.39,10.89,3,284.81,20 / 21,1993528,2019-09-06 18:49:20:210,0.7953,0.0877,8.7506,0.0475,0.0609,9.8063,0.0814,0.0269,-0.008,4.13,-30.87,15.06,42.74,-81.15,-164.64
52.413845,-1.559078,154.39,10.89,3,284.81,20 / 21,1993628,2019-09-06 18:49:20:310,0.418,0.9519,9.5306,-0.0101,-0.0048,9.8066,-0.0619,0.0213,-0.0147,4.38,-31.37,14.31,45.23,-81.22,-164.47
52.413845,-1.559078,154.39,10.89,3,284.81,20 / 21,1993728,2019-09-06 18:49:20:410,0.4376,1.1668,10.6638,0.0248,0.0071,9.8065,0.0831,-0.0125,-0.0159,4.44,-31.37,14.44,44.53,-81.42,-164.68
52.413845,-1.559078,154.39,10.89,3,284.81,20 / 21,1993829,2019-09-06 18:49:20:511,0.0878,-0.5606,9.5429,-0.0123,-0.0392,9.8065,-0.0275,0.0114,-0.0343,5.31,-31.31,15.31,44.41,-81.02,-166.82
52.413845,-1.559078,154.39,10.89,3,284.81,20 / 21,1993929,2019-09-06 18:49:20:611,0.3246,-1.3966,10.0411,-0.0134,-0.0392,9.8065,0.0569,-0.0382,-0.0097,5.5,-31.25,16.19,44.99,-80.82,-167.82
52.413845,-1.559078,154.39,10.89,3,284.81,20 / 21,1994029,2019-09-06 18:49:20:711,0.4039,-0.0728,9.7137,0.0164,0.0359,9.8065,0.1395,0.0515,0,4.75,-30.94,15.63,41.37,-80.59,-167.97
52.413845,-1.559078,154.39,10.89,3,284.81,20 / 21,1994128,2019-09-06 18:49:20:810,-0.0208,-0.669,9.7259,-0.0013,0.0242,9.8066,0.0673,0.0363,0.0046,4.63,-31.69,14.81,45.15,-80.86,-166.91
52.413845,-1.559078,154.39,10.89,3,284.81,20 / 21,1994228,2019-09-06 18:49:20:910,1.2072,0.1881,9.414,-0.0095,0.0009,9.8066,-0.0197,-0.0645,0.0776,5,-30.44,15.44,45.42,-80.83,-165.91
52.413845,-1.559078,154.39,10.89,3,284.81,20 / 21,1994328,2019-09-06 18:49:21:010,0.114,0.5253,10.1021,-0.0179,-0.0141,9.8066,-0.1188,0.0024,-0.0154,4.56,-31,15.31,47.18,-80.61,-165.3
52.413845,-1.559078,154.39,10.89,3,284.81,21 / 21,1994428,2019-09-06 18:49:21:110,-0.0226,0.1416,9.9331,-0.0157,0.0011,9.8066,0.0398,0.091,0.0046,5.13,-30.44,14.63,45.93,-80.71,-165.68
52.413845,-1.559078,154.39,10.89,3,284.81,21 / 21,1994529,2019-09-06 18:49:21:211,-0.4603,-0.2552,10.4671,-0.0007,0.0328,9.8065,-0.0633,0.0321,-0.0597,3.31,-30,14.75,38.84,-80.65,-164.42
52.413845,-1.559078,154.39,10.89,3,284.81,21 / 21,1994629,2019-09-06 18:49:21:311,0.6536,-0.3977,10.0791,-0.0075,-0.0617,9.8064,-0.0706,0.0548,-0.0133,3.31,-29.75,15.06,37.09,-80.4,-166.05
52.413845,-1.559078,154.39,10.89,3,284.81,21 / 21,1994729,2019-09-06 18:49:21:411,-0.8014,-0.9701,8.0821,-0.0194,-0.0646,9.8064,-0.1071,-0.0876,0.0506,3.19,-30.56,15.56,34.8,-80.21,-166.91
52.413845,-1.559078,154.39,10.89,3,284.81,21 / 21,1994829,2019-09-06 18:49:21:511,3.1483,1.5797,10.3951,0.0763,0.1415,9.8052,0.3223,-0.1303,0.2378,3.38,-30.87,16.44,36.03,-80.52,-165.65
52.413845,-1.559078,154.39,10.89,3,284.81,21 / 21,1994928,2019-09-06 18:49:21:610,-0.8486,0.7111,10.1626,-0.0185,0.042,9.8065,-0.4614,0.2604,-0.3232,3.81,-30.87,16.13,43.22,-79.94,-164.35
52.413845,-1.559078,154.39,10.89,3,284.81,21 / 21,1995029,2019-09-06 18:49:21:711,-1.7204,-0.3166,7.6636,-0.0214,0.0362,9.8065,-0.21,0.106,-0.1118,4.13,-31.19,15.5,43,-80.43,-163.83
52.413845,-1.559078,154.39,10.89,3,284.81,21 / 21,1995128,2019-09-06 18:49:21:810,-2.2609,-0.4879,9.0926,0.0253,0.0236,9.8065,0.1346,-0.0418,0.1193,3.94,-31.25,16,42.66,-80.65,-163.77
52.413845,-1.559078,154.39,10.89,3,284.81,21 / 21,1995228,2019-09-06 18:49:21:910,-1.2374,-1.0115,9.8903,-0.0163,-0.0236,9.8066,0.0537,-0.0975,0.0773,4.5,-31.56,15.5,48.68,-80.48,-162.9
52.413845,-1.559078,154.39,10.89,3,284.81,21 / 21,1995329,2019-09-06 18:49:22:011,-0.3198,-1.5495,9.7699,-0.0095,0.005,9.8066,0.055,0.0431,0.0132,3.13,-31.62,15.06,43.91,-80.22,-162.18
52.413845,-1.559078,154.39,10.89,3,284.81,20 / 20,1995428,2019-09-06 18:49:22:110,-0.4473,1.0087,9.3961,-0.0041,0.0266,9.8066,-0.0929,0.1045,-0.0185,4.38,-31.69,15.5,47.53,-80.4,-160.82
52.413845,-1.559078,154.39,10.89,3,284.81,20 / 20,1995529,2019-09-06 18:49:22:211,-2.3251,0.3547,8.3612,0.0072,0.046,9.8065,-0.171,0.1721,-0.1211,3.38,-31.5,14.88,46.12,-80.64,-159.42
52.413845,-1.559078,154.39,10.89,3,284.81,20 / 20,1995628,2019-09-06 18:49:22:310,0.5804,0.2418,8.0372,0.0279,0.0238,9.8065,-0.0896,-0.1196,-0.0193,3.25,-31.37,15,44.96,-81.24,-159.36
52.413845,-1.559078,154.39,10.89,3,284.81,20 / 20,1995728,2019-09-06 18:49:22:410,-0.0812,-0.5209,9.5327,0.0452,0.0324,9.8064,-0.0316,0.048,-0.2226,3.56,-29.75,14.88,46.95,-81.76,-160.02
52.413845,-1.559078,154.39,10.89,3,284.81,20 / 20,1995828,2019-09-06 18:49:22:510,0.0901,2.236,10.816,0.0118,-0.0019,9.8066,-0.0431,0.0586,0.0224,3.69,-29.69,14.25,45.25,-82.33,-162.26
52.413845,-1.559078,154.39,10.89,3,284.81,20 / 20,1995928,2019-09-06 18:49:22:610,0.5945,1.0616,10.9473,0.0042,-0.0442,9.8065,0.0894,0.0418,0.0028,3.81,-30.56,14.44,42.29,-82.23,-165.12
52.413845,-1.559078,154.39,10.89,3,284.81,20 / 20,1996029,2019-09-06 18:49:22:711,-1.3195,-0.856,9.8881,-0.0409,-0.0336,9.8064,0.0316,0.0211,-0.1175,4.06,-30.75,14.88,40.3,-81.76,-165.64
52.413845,-1.559078,154.39,10.89,3,284.81,20 / 20,1996129,2019-09-06 18:49:22:811,-0.5025,-0.7842,10.4823,0.0122,0.0332,9.8065,0.076,-0.0628,0.0814,4.63,-31.62,15.13,45.63,-81.84,-165
52.413845,-1.559078,154.39,10.89,3,284.81,20 / 20,1996228,2019-09-06 18:49:22:910,0.2405,-0.3231,9.5939,-0.0055,0.0004,9.8066,-0.1207,0.0097,0.0386,4.5,-31.69,15,47.68,-82.05,-163.04
52.413845,-1.559078,154.39,10.89,3,284.81,20 / 20,1996329,2019-09-06 18:49:23:011,0.6874,0.1766,10.0898,-0.0064,-0.0134,9.8066,-0.0057,-0.0487,0.0112,3.81,-31.06,14.44,45.87,-82.2,-162.36
52.413845,-1.559078,154.39,10.89,3,284.81,21 / 21,1996428,2019-09-06 18:49:23:110,-0.4546,-0.0799,9.657,0.0021,-0.004,9.8066,-0.0764,-0.0645,-0.0498,4.63,-31.06,14.5,46.82,-82.12,-163.25
52.413845,-1.559078,154.39,10.89,3,284.81,21 / 21,1996529,2019-09-06 18:49:23:211,-1.0923,-0.1717,10.1267,-0.0021,-0.0191,9.8066,0.0849,0.0262,-0.0276,4.19,-31.69,14.69,41.91,-81.78,-164.73
52.413845,-1.559078,154.39,10.89,3,284.81,21 / 21,1996628,2019-09-06 18:49:23:310,0.9441,-0.0199,9.5456,0.0207,0.0136,9.8065,0.0361,0.044,-0.0193,4.69,-31.69,14.5,44.65,-81.8,-165.85
52.413845,-1.559078,154.39,10.89,3,284.81,21 / 21,1996729,2019-09-06 18:49:23:411,0.3648,-1.1171,9.6242,0.0349,0.0402,9.8064,-0.0686,-0.015,-0.0634,4.63,-31.19,14.13,46.35,-82.08,-165.63
52.413845,-1.559078,154.39,10.89,3,284.81,21 / 21,1996828,2019-09-06 18:49:23:510,-0.7133,-0.9469,9.8326,-0.0135,-0.0145,9.8066,0.0476,-0.0706,0.0267,4.63,-31.31,14.63,43.5,-82.21,-165.78
52.413845,-1.559078,154.39,10.89,3,284.81,21 / 21,1996929,2019-09-06 18:49:23:611,0.0865,0.3945,9.0745,-0.0243,-0.0392,9.8065,-0.1605,0.0074,-0.0037,4.88,-31.69,15.25,44.25,-82.23,-165.51
52.413845,-1.559078,154.39,10.89,3,284.81,21 / 21,1997028,2019-09-06 18:49:23:710,-0.4752,0.64,10.1978,0.006,0.0301,9.8066,-0.2141,-0.1425,0.0727,4.56,-31.87,14.19,46.11,-82.16,-166.09
52.413845,-1.559078,154.39,10.89,3,284.81,21 / 21,1997129,2019-09-06 18:49:23:811,-3.8624,0.6152,10.7517,0.0174,0.0391,9.8065,0.2707,0.0014,0.0525,5.31,-31.81,14.94,43.43,-82.29,-166.07
52.413845,-1.559078,154.39,10.89,3,284.81,21 / 21,1997229,2019-09-06 18:49:23:911,-3.1308,0.2055,10.2659,-0.0051,-0.0249,9.8066,-0.2048,-0.0174,-0.0082,4.94,-31,14.13,45.94,-82.21,-165.76
52.413845,-1.559078,154.39,10.89,3,284.81,21 / 21,1997328,2019-09-06 18:49:24:010,-0.0386,0.3174,9.8327,0.015,0.0342,9.8066,-0.1178,-0.1473,0.0507,4.81,-31.5,14.75,45.53,-82.54,-163.66
52.413845,-1.559078,154.39,10.89,3,284.81,21 / 21,1997429,2019-09-06 18:49:24:111,-1.6369,0.1868,9.6926,-0.0275,0.0197,9.8065,-0.0608,-0.2098,0.1627,4.94,-31.44,14.38,49.95,-82.57,-161.91
52.413845,-1.559078,154.39,10.89,3,284.81,21 / 21,1997528,2019-09-06 18:49:24:210,-1.016,-1.1152,9.8566,0.0264,0.0194,9.8065,0.2432,-0.0983,0.0328,4.5,-31.31,14,48.93,-82.57,-162.74
52.413845,-1.559078,154.39,10.89,3,284.81,21 / 21,1997628,2019-09-06 18:49:24:310,-0.5429,-0.2523,9.9011,-0.0084,-0.0262,9.8066,0.1169,-0.0184,-0.1001,4.25,-31.19,14.13,44.5,-82.41,-163.11
52.413845,-1.559078,154.39,10.89,3,284.81,21 / 21,1997729,2019-09-06 18:49:24:411,0.6716,-0.3155,9.6912,-0.0077,-0.0218,9.8065,-0.0648,-0.1979,-0.0151,4.75,-31,14.13,48.84,-82.14,-163.55
52.413845,-1.559078,154.39,10.89,3,284.81,21 / 21,1997829,2019-09-06 18:49:24:511,0.2341,-0.5316,9.018,0.0238,0.015,9.8065,-0.0671,-0.0643,-0.0767,4.63,-31.87,13.81,46.92,-82.48,-164.91
52.413845,-1.559078,154.39,10.89,3,284.81,21 / 21,1997929,2019-09-06 18:49:24:611,0.8501,-1.0919,8.8989,-0.0184,0.0173,9.8065,-0.1268,-0.0261,0.0056,4.63,-31.56,13.69,48.83,-82.5,-163.34
52.413845,-1.559078,154.39,10.89,3,284.81,21 / 21,1998029,2019-09-06 18:49:24:711,0.5061,-1.2232,9.1732,0.0014,0.0039,9.8066,-0.0947,0.0121,0.0206,5.38,-30.94,13.25,49.82,-82.84,-163.74
52.413845,-1.559078,154.39,10.89,3,284.81,21 / 21,1998129,2019-09-06 18:49:24:811,-1.7317,0.8891,9.7926,-0.0011,-0.0219,9.8066,0.0208,-0.0004,-0.0854,5.19,-31.75,12.5,49.84,-82.84,-164.12
52.413845,-1.559078,154.39,10.89,3,284.81,21 / 21,1998228,2019-09-06 18:49:24:910,0.144,-1.0976,10.018,0.0037,0.0083,9.8066,0.1096,-0.0485,0.0173,5,-31.69,12.69,49.76,-82.8,-164.25
52.413845,-1.559078,154.39,10.89,3,284.81,21 / 21,1998329,2019-09-06 18:49:25:011,-1.5164,-0.8207,10.6515,-0.0037,0.0034,9.8066,-0.0305,0.0132,-0.0539,4.56,-31.31,12.13,52.67,-82.71,-164.17
52.413845,-1.559078,154.39,10.89,3,284.81,21 / 21,1998428,2019-09-06 18:49:25:110,-1.2939,-0.1497,10.035,-0.0124,-0.0242,9.8065,0.0451,-0.1696,0.0872,4.56,-31.25,12.75,49.51,-82.56,-164.48
52.413845,-1.559078,154.39,10.89,3,284.81,21 / 21,1998529,2019-09-06 18:49:25:211,-0.0931,0.8043,9.7502,-0.0168,-0.0369,9.8065,-0.0753,-0.0673,0.0015,4.06,-31.06,12.44,46.93,-82.47,-165.39
52.413845,-1.559078,154.39,10.89,3,284.81,21 / 21,1998628,2019-09-06 18:49:25:310,0.2337,-0.0386,9.4711,0.0393,0.0441,9.8064,-0.0546,0.0472,-0.0428,4.06,-30.94,12.44,45.73,-82.73,-165.82
52.413845,-1.559078,154.39,10.89,3,284.81,21 / 21,1998728,2019-09-06 18:49:25:410,-0.4432,-0.56,8.8226,0.0449,0.0367,9.8064,-0.021,0.0402,0.0062,4.38,-31.12,12.25,43.99,-82.82,-167.01
52.413845,-1.559078,154.39,10.89,3,284.81,21 / 21,1998828,2019-09-06 18:49:25:510,0.2709,-1.1881,8.9884,0.0155,-0.0021,9.8066,0.0307,-0.0186,-0.0096,4.38,-31.87,12.69,41.78,-82.66,-167.15
52.413845,-1.559078,154.39,10.89,3,284.81,21 / 21,1998928,2019-09-06 18:49:25:610,-2.1485,-0.7408,9.7161,0.0059,0.0037,9.8066,-0.167,0.0327,-0.0952,4.81,-31.25,13.06,43.95,-83,-168.19
52.413845,-1.559078,154.39,10.89,3,284.81,21 / 21,1999028,2019-09-06 18:49:25:710,0.3189,0.0105,8.2646,0.0163,-0.009,9.8066,-0.0441,0.0128,-0.0419,4.88,-31.06,11.81,43.4,-83.4,-170.29
52.413845,-1.559078,154.39,10.89,3,284.81,21 / 21,1999128,2019-09-06 18:49:25:810,-2.2264,-1.1679,8.9666,0.028,0.0471,9.8064,0.0197,-0.0711,0.0568,5.31,-31,10.88,46.64,-83.89,-169.46
52.413845,-1.559078,154.39,10.89,3,284.81,21 / 21,1999229,2019-09-06 18:49:25:911,0.4303,-1.1649,9.852,-0.0301,-0.0452,9.8065,0.1489,0.1352,-0.0895,4.94,-31.44,11.06,48.9,-83.79,-167.82
52.413845,-1.559078,154.39,10.89,3,284.81,21 / 21,1999329,2019-09-06 18:49:26:011,1.4441,0.1626,11.2275,-0.0781,-0.0692,9.806,0.0829,0.0034,0.1776,4.56,-30.75,11.44,51.96,-83.46,-166.02
52.413845,-1.559078,154.39,10.89,3,284.81,21 / 21,1999429,2019-09-06 18:49:26:111,-1.0595,-1.8095,10.7737,-0.0161,-0.0047,9.8066,-0.0607,0.0115,-0.0559,4.13,-31.75,11.75,47.12,-83.09,-164.47
52.413845,-1.559078,154.39,10.89,3,284.81,21 / 21,1999529,2019-09-06 18:49:26:211,-2.1171,-0.7551,9.8514,-0.0356,0.0019,9.8066,-0.058,-0.0866,0.1322,3.38,-31.19,12.69,43.69,-82.75,-161.26
52.413845,-1.559078,154.39,10.89,3,284.81,21 / 21,1999628,2019-09-06 18:49:26:310,-0.2863,0.2326,9.4058,0.0129,0.0437,9.8065,0.0278,-0.0326,0.0298,3.63,-30.87,12.5,52.09,-83.3,-157.36
52.413845,-1.559078,154.39,10.89,3,284.81,21 / 21,1999728,2019-09-06 18:49:26:410,0.1017,0.6204,8.9542,0.0109,0.0203,9.8066,-0.0212,-0.0955,0.0788,3.69,-30.75,12.31,55.81,-83.55,-156
52.413845,-1.559078,154.39,10.89,3,284.81,21 / 21,1999829,2019-09-06 18:49:26:511,0.6069,0.4785,10.2081,-0.0005,0.0105,9.8066,0.0624,-0.0042,-0.0021,4.69,-29.75,11.69,59.68,-83.43,-156.35
52.413845,-1.559078,154.39,10.89,3,284.81,21 / 21,1999929,2019-09-06 18:49:26:611,-0.3198,-0.0342,9.6178,-0.0278,-0.0193,9.8065,0.0236,0.0316,0.0434,4.5,-30.81,11.25,65.01,-83.1,-155.92
52.413845,-1.559078,154.39,10.89,3,284.81,21 / 21,2000030,2019-09-06 18:49:26:712,-1.7811,0.4033,10.1543,0.0064,0.0084,9.8066,0.0251,0.0032,-0.0486,4.31,-31.25,11,60.84,-82.96,-155.89
52.413845,-1.559078,154.39,10.89,3,284.81,21 / 21,2000129,2019-09-06 18:49:26:811,0.0102,-0.6415,9.783,-0.0062,0.0332,9.8065,-0.0175,-0.0749,0.0818,4.5,-31.44,11.75,62.85,-83.03,-154.95
52.413845,-1.559078,154.39,10.89,3,284.81,21 / 21,2000229,2019-09-06 18:49:26:911,-0.8954,0.8064,9.8299,-0.0117,-0.0262,9.8066,0.0928,-0.0218,0.0239,3.56,-31,11.63,60.34,-82.97,-153.48
52.413845,-1.559078,154.39,10.89,3,284.81,21 / 21,2000329,2019-09-06 18:49:27:011,0.2009,-0.0282,9.5612,-0.0286,-0.0154,9.8066,-0.123,-0.0746,0.0231,3.19,-31.87,11.44,59.99,-82.92,-152.98
52.41407,-1.560499,158.58,11.77,3,290.44,21 / 21,2000429,2019-09-06 18:49:27:111,0.3411,1.231,9.7551,-0.0056,0.0147,9.8065,-0.0807,0.0063,-0.0081,3.38,-32.25,11.63,58.27,-83.08,-151.4
52.41407,-1.560499,158.58,11.77,3,290.44,21 / 21,2000528,2019-09-06 18:49:27:210,0.3971,1.3091,10.2704,0.0087,0.0078,9.8066,-0.0399,-0.0788,0.0006,2.88,-31.75,11.5,58.65,-83.08,-151.1
52.41407,-1.560499,158.58,11.77,3,290.44,21 / 21,2000628,2019-09-06 18:49:27:310,-0.3062,0.68,10.1526,-0.0114,-0.0038,9.8066,-0.0166,-0.0676,-0.0018,3.88,-32.06,11.31,67.11,-83.08,-150.79
52.41407,-1.560499,158.58,11.77,3,290.44,21 / 21,2000728,2019-09-06 18:49:27:410,-0.0158,-0.248,9.9333,-0.0093,0.0035,9.8066,0.0366,-0.0506,0.0572,3.31,-31.81,11.06,62.79,-83.02,-150.39
52.41407,-1.560499,158.58,11.77,3,290.44,21 / 21,2000828,2019-09-06 18:49:27:510,-1.4519,0.5303,9.4199,0.0083,0.0047,9.8066,-0.0763,-0.0375,-0.0588,3.44,-31.87,10.19,67.26,-83.04,-149.77
52.41407,-1.560499,158.58,11.77,3,290.44,21 / 21,2000928,2019-09-06 18:49:27:610,-0.5839,-0.7574,9.7478,-0.0143,0.01,9.8066,0.0467,-0.0798,0.1138,3.13,-32,10.44,68.68,-83.04,-148.55
52.41407,-1.560499,158.58,11.77,3,290.44,21 / 21,2001029,2019-09-06 18:49:27:711,0.8545,0.6333,9.6296,0.0083,0.0111,9.8066,-0.0805,0.0004,-0.0497,3.13,-31.56,10.44,68.47,-83.22,-148.16
52.41407,-1.560499,158.58,11.77,3,290.44,21 / 21,2001128,2019-09-06 18:49:27:810,-0.8597,-1,9.959,-0.0138,0.0064,9.8066,0.1066,-0.0438,0.0486,2.75,-31.75,10.69,66.41,-83.16,-146.95
52.41407,-1.560499,158.58,11.77,3,290.44,21 / 21,2001229,2019-09-06 18:49:27:911,-1.4032,0.3041,9.901,-0.0196,-0.0128,9.8066,0.1125,-0.1638,0.0936,2.5,-32,10.88,67.33,-83.17,-146.12
52.41407,-1.560499,158.58,11.77,3,290.44,21 / 21,2001329,2019-09-06 18:49:28:011,-0.365,-1.3074,9.9204,-0.0159,-0.016,9.8066,0.0275,-0.0855,-0.0048,2,-32.06,10.75,61.64,-82.98,-146.89
52.41407,-1.560499,158.58,11.77,3,290.44,21 / 21,2001429,2019-09-06 18:49:28:111,-0.2902,1.109,10.0341,-0.0216,-0.0146,9.8066,-0.1863,-0.072,-0.0112,1.94,-31.94,10.5,63.82,-82.61,-146.1
52.41407,-1.560499,158.58,11.77,3,290.44,21 / 21,2001529,2019-09-06 18:49:28:211,0.4511,0.2383,9.8973,-0.0141,-0.0135,9.8066,0.1511,-0.0714,0.0637,2.94,-31.69,10.13,73.14,-82.66,-145.89
52.41407,-1.560499,158.58,11.77,3,290.44,21 / 21,2001629,2019-09-06 18:49:28:311,0.6731,-0.8023,9.8223,0.0068,0.0253,9.8066,0.1092,-0.0595,-0.0216,2.5,-32.44,9.63,73.69,-82.79,-144.98
52.41407,-1.560499,158.58,11.77,3,290.44,21 / 21,2001729,2019-09-06 18:49:28:411,-2.0319,0.1618,9.8328,0.0277,0.012,9.8065,0.1481,-0.0734,0.0063,2.44,-32.56,9.63,68.88,-82.76,-145.11
52.41407,-1.560499,158.58,11.77,3,290.44,21 / 21,2001829,2019-09-06 18:49:28:511,0.9597,-0.954,9.4715,-0.0156,-0.0203,9.8065,-0.1074,0.1106,-0.0941,2.81,-32.06,10.31,72.92,-82.84,-145.49
52.41407,-1.560499,158.58,11.77,3,290.44,21 / 21,2001929,2019-09-06 18:49:28:611,-0.5191,-0.1957,9.6386,0.0084,-0.013,9.8066,-0.0656,-0.0068,0.0586,2.38,-32,10.19,65.41,-82.92,-146.81
52.41407,-1.560499,158.58,11.77,3,290.44,21 / 21,2002029,2019-09-06 18:49:28:711,-0.5648,-1.2231,9.1334,-0.0196,-0.0127,9.8065,-0.1693,0.101,-0.1354,2.5,-32.56,9.56,72.58,-82.79,-146.66
52.41407,-1.560499,158.58,11.77,3,290.44,21 / 21,2002129,2019-09-06 18:49:28:811,-0.0628,-0.0626,10.1462,0.0097,-0.0259,9.8066,-0.0587,-0.0687,0.0413,2.75,-31.87,10.25,69.61,-82.93,-148.09
52.41407,-1.560499,158.58,11.77,3,290.44,21 / 21,2002228,2019-09-06 18:49:28:910,-0.0826,0.2431,9.4499,-0.001,0.0075,9.8066,-0.0205,-0.0243,-0.0557,2.69,-32,10.5,65.57,-82.95,-148.25
52.41407,-1.560499,158.58,11.77,3,290.44,21 / 21,2002329,2019-09-06 18:49:29:011,0.6717,-0.9395,9.8623,0.0229,0.0062,9.8066,-0.0211,-0.0356,0.0939,2.25,-31.87,10.06,62.65,-83.04,-148.7
52.41407,-1.560499,158.58,11.77,3,290.44,21 / 21,2002429,2019-09-06 18:49:29:111,-0.1116,-0.4655,9.6401,-0.0094,0.0005,9.8066,-0.0916,-0.0287,-0.0106,2.19,-32.06,9.38,67,-83.04,-148.61
52.41407,-1.560499,158.58,11.77,3,290.44,21 / 21,2002529,2019-09-06 18:49:29:211,-0.1889,0.1612,10.1691,-0.0033,-0.01,9.8066,-0.0178,-0.0347,0.0244,2.69,-32,10.06,68.63,-83.1,-148.39
52.41407,-1.560499,158.58,11.77,3,290.44,21 / 21,2002629,2019-09-06 18:49:29:311,0.1556,0.1983,10.0529,0.0016,-0.0056,9.8066,-0.0178,-0.0302,0.009,2.94,-32.5,9.63,68.89,-83.13,-148.07
52.41407,-1.560499,158.58,11.77,3,290.44,21 / 21,2002728,2019-09-06 18:49:29:410,0.2957,0.7837,9.9131,0.0013,0.0045,9.8066,-0.0654,-0.0355,0.0046,3.13,-31.87,9.69,68.72,-83.11,-148.3
52.41407,-1.560499,158.58,11.77,3,290.44,21 / 21,2002832,2019-09-06 18:49:29:514,-0.1093,-0.6962,10.1076,0.025,0.02,9.8065,0.1281,0.0175,-0.0078,3.5,-31.94,9.81,73.27,-83.18,-148.54
52.41407,-1.560499,158.58,11.77,3,290.44,21 / 21,2002928,2019-09-06 18:49:29:610,1.9427,-0.7731,9.8623,-0.0146,-0.015,9.8065,0.0655,0.0579,0.0441,3.81,-32.5,8.25,83.63,-82.94,-149.1
52.41407,-1.560499,158.58,11.77,3,290.44,21 / 21,2003029,2019-09-06 18:49:29:711,-0.1517,-0.2128,10.1306,0.0204,-0.0078,9.8066,-0.0154,0.0757,-0.1684,3.19,-31.87,9.94,66.5,-83.18,-149.97
52.41407,-1.560499,158.58,11.77,3,290.44,21 / 21,2003129,2019-09-06 18:49:29:811,-0.5046,0.4062,9.5792,-0.0139,0.0012,9.8066,0.0121,0.037,0.076,3.13,-32.06,9.19,70.67,-83.06,-150.67
52.41407,-1.560499,158.58,11.77,3,290.44,21 / 21,2003229,2019-09-06 18:49:29:911,1.0783,0.5945,10.5755,0.0135,-0.0043,9.8066,-0.0037,0.0291,-0.059,2.75,-32.25,9.44,70.69,-83.09,-150.55
52.41407,-1.560499,158.58,11.77,3,290.44,21 / 21,2003328,2019-09-06 18:49:30:010,0.8395,0.6552,9.9949,-0.0103,0.005,9.8066,0.0449,-0.0166,0.0406,2.69,-32.5,9.69,67.28,-82.98,-149.92
52.41407,-1.560499,158.58,11.77,3,290.44,21 / 21,2003429,2019-09-06 18:49:30:111,0.2881,-0.1229,9.3997,-0.0002,0.0217,9.8066,0.015,-0.0539,0.0309,1.88,-32,9.88,62.91,-82.93,-148.83
52.41407,-1.560499,158.58,11.77,3,290.44,21 / 21,2003529,2019-09-06 18:49:30:211,0.6778,0.2166,9.9544,-0.008,0.0141,9.8066,0.0177,0.009,0.0504,2.5,-32.06,9.94,70.97,-82.84,-147.2
52.41407,-1.560499,158.58,11.77,3,290.44,21 / 21,2003628,2019-09-06 18:49:30:310,0.289,0.8152,10.3482,-0.0087,0.0254,9.8066,-0.0225,-0.0091,0.0517,2.44,-32.44,10.31,67.48,-82.79,-145.47
52.41407,-1.560499,158.58,11.77,3,290.44,21 / 21,2003729,2019-09-06 18:49:30:411,0.0038,-0.0643,9.9487,-0.02,-0.0048,9.8066,0.0034,-0.0116,0.0483,2,-32.06,9.56,68.88,-82.8,-144.25
52.41407,-1.560499,158.58,11.77,3,290.44,21 / 21,2003828,2019-09-06 18:49:30:510,-3.4778,3.0862,7.5846,-0.0227,-0.0041,9.8066,-0.2219,-0.1316,-0.1029,2.5,-32.56,8.56,82.05,-82.53,-143.29
52.41407,-1.560499,158.58,11.77,3,290.44,21 / 21,2003928,2019-09-06 18:49:30:610,-0.3662,5.7405,8.2464,0.0602,0.1407,9.8054,-0.6816,-0.4123,0.1645,2.56,-33.12,9.38,81.05,-83.19,-141.69
52.41407,-1.560499,158.58,11.77,3,290.44,21 / 21,2004029,2019-09-06 18:49:30:711,-3.3774,3.9741,9.078,-0.0063,0.0801,9.8062,0.6133,-0.2488,0.0372,2.06,-32.25,8.75,75.77,-82.78,-142.06
52.41407,-1.560499,158.58,11.77,3,290.44,21 / 21,2004128,2019-09-06 18:49:30:810,-1.3269,1.3141,9.1113,0.1139,0.1402,9.8049,-0.3515,-0.2357,-0.0275,2.38,-32.37,9.19,72.52,-83.43,-142.53
52.41407,-1.560499,158.58,11.77,3,290.44,21 / 21,2004228,2019-09-06 18:49:30:910,1.6517,0.7976,10.6212,0.0512,0.0841,9.8061,0.4287,0.0679,0.0547,3.06,-32,9.44,77.13,-83.11,-144.79
52.41407,-1.560499,158.58,11.77,3,290.44,21 / 21,2004328,2019-09-06 18:49:31:010,1.0411,0.9049,10.399,0.0071,0.0107,9.8065,0.1349,0.002,0.0573,2.69,-32.69,9.63,72.23,-82.8,-146.93
52.41407,-1.560499,158.58,11.77,3,290.44,21 / 21,2004429,2019-09-06 18:49:31:111,0.1131,-1.5631,9.5345,0.021,0.0257,9.8066,0.0385,-0.0496,-0.0294,2.19,-32.5,9.56,65.63,-82.76,-147.1
52.41407,-1.560499,158.58,11.77,3,290.44,21 / 21,2004529,2019-09-06 18:49:31:211,-0.2625,1.222,9.5782,-0.014,-0.0175,9.8066,-0.0003,-0.0448,-0.0045,1.81,-32.75,10.06,66.88,-82.57,-147.42
52.41407,-1.560499,158.58,11.77,3,290.44,21 / 21,2004628,2019-09-06 18:49:31:310,0.4637,-0.0291,9.135,0.0412,0.0449,9.8064,0.031,-0.0106,-0.0476,1.06,-32.31,9.38,62.49,-83.11,-146.25
52.41407,-1.560499,158.58,11.77,3,290.44,21 / 21,2004729,2019-09-06 18:49:31:411,1.7931,-1.0637,9.3023,0.0024,-0.008,9.8066,0.0142,0.0302,0.0331,2.69,-32.81,8.81,77.34,-83.13,-145.3
52.41407,-1.560499,158.58,11.77,3,290.44,21 / 21,2004828,2019-09-06 18:49:31:510,0.3512,-0.0798,9.5215,0.0321,-0.0182,9.8066,0.076,-0.0283,-0.1232,2.06,-32.31,9.88,63.4,-83.4,-146.97
52.41407,-1.560499,158.58,11.77,3,290.44,21 / 21,2004929,2019-09-06 18:49:31:611,0.7187,0.4106,10.2016,-0.0102,0.0014,9.8066,0.1354,0.0535,0.0015,2.38,-32.06,9.13,66.43,-83.25,-148.33
52.41407,-1.560499,158.58,11.77,3,290.44,21 / 21,2005028,2019-09-06 18:49:31:710,0.3319,-0.8906,9.3774,-0.0187,-0.0077,9.8066,-0.0469,0.0704,-0.0094,2.56,-32.19,9.88,69.93,-82.91,-147.88
52.41407,-1.560499,158.58,11.77,3,290.44,21 / 21,2005129,2019-09-06 18:49:31:811,0.0225,-0.0389,9.5097,0.004,0.0377,9.8066,-0.1931,-0.0622,0.0751,2.06,-31.5,9.5,65.08,-82.91,-146.43
52.41407,-1.560499,158.58,11.77,3,290.44,21 / 21,2005230,2019-09-06 18:49:31:912,0.7999,1.0315,9.5962,0.0231,0.0295,9.8065,0.1196,-0.0855,0.0127,2.44,-31.81,9.25,70.5,-83.08,-145.54
52.41407,-1.560499,158.58,11.77,3,290.44,21 / 21,2005329,2019-09-06 18:49:32:011,0.4442,0.6248,9.6804,0.0072,0.009,9.8066,0.103,-0.0299,-0.017,3.5,-30.75,10.94,73,-83.17,-144.76
52.41407,-1.560499,158.58,11.77,3,290.44,21 / 21,2005428,2019-09-06 18:49:32:110,-1.7417,-1.0462,10.084,-0.0332,-0.0541,9.8064,-0.2338,0.0698,-0.0327,4,-30.56,10.25,76.55,-83.1,-145.15
52.41407,-1.560499,158.58,11.77,3,290.44,21 / 21,2005529,2019-09-06 18:49:32:211,0.2296,1.0174,10.0257,-0.0888,-0.1,9.8056,0.1381,0.0883,-0.0839,4.31,-30.5,8.5,76.45,-82.68,-149.96
52.41407,-1.560499,158.58,11.77,3,290.44,21 / 21,2005629,2019-09-06 18:49:32:311,-0.3074,0.4835,10.2206,0.0197,0.0212,9.8065,-0.0512,-0.0342,0.0146,3.38,-30.69,8.63,70.87,-83.06,-149.74
52.41407,-1.560499,158.58,11.77,3,290.44,21 / 21,2005729,2019-09-06 18:49:32:411,1.6494,0.1695,9.4561,-0.001,0.0057,9.8066,-0.1519,0.058,-0.0913,2.38,-30.25,7.44,74.99,-83.16,-149.57
52.41407,-1.560499,158.58,11.77,3,290.44,21 / 21,2005828,2019-09-06 18:49:32:510,0.731,0.3121,10.4422,0.0237,0.0315,9.8065,0.1008,-0.0185,-0.0196,1.94,-30.25,8.44,67.75,-83.33,-149.61
52.41407,-1.560499,158.58,11.77,3,290.44,21 / 21,2005928,2019-09-06 18:49:32:610,0.6026,-0.0893,9.6778,0.0246,0.0274,9.8066,0.0847,-0.048,0.0511,2.56,-29.37,9.94,63.91,-83.53,-149.36
52.41407,-1.560499,158.58,11.77,3,290.44,21 / 21,2006029,2019-09-06 18:49:32:711,-1.8736,1.1289,10.002,-0.0312,-0.033,9.8065,-0.0718,0.0808,-0.1425,3.5,-30.19,9.13,74.91,-83.05,-150.16
52.41407,-1.560499,158.58,11.77,3,290.44,21 / 21,2006129,2019-09-06 18:49:32:811,-1.6311,-0.7106,9.9624,-0.001,-0.0216,9.8066,0.0043,-0.0847,0.0688,3.75,-30.87,10.06,69.11,-83.16,-151.63
52.41407,-1.560499,158.58,11.77,3,290.44,21 / 21,2006229,2019-09-06 18:49:32:911,0.0305,-0.859,9.4209,0.017,0.0092,9.8066,-0.0397,-0.0859,-0.0153,3.31,-31.37,9,68.07,-83.19,-151.7
52.41407,-1.560499,158.58,11.77,3,290.44,21 / 21,2006329,2019-09-06 18:49:33:011,-1.0962,-0.2085,10.3602,0.0187,0.0072,9.8065,0.0776,-0.0796,-0.0112,3.19,-31.94,8.81,68.49,-83.31,-151.68
52.41407,-1.560499,158.58,11.77,3,290.44,21 / 21,2006429,2019-09-06 18:49:33:111,1.6103,-0.1029,9.7802,0.0144,0.005,9.8066,0.1861,0.0701,-0.0982,2.44,-31.94,9.94,54.74,-83.41,-153.92
52.41407,-1.560499,158.58,11.77,3,290.44,21 / 21,2006528,2019-09-06 18:49:33:210,-0.7312,-0.388,10.1332,0.0053,0.0091,9.8066,0.1002,-0.0359,0.0267,2.56,-31.44,9.25,63.95,-83.26,-154.92
52.41407,-1.560499,158.58,11.77,3,290.44,21 / 21,2006629,2019-09-06 18:49:33:311,-0.3407,-0.323,9.5206,-0.004,-0.0115,9.8066,-0.0535,-0.0079,-0.0026,2.94,-32,9.06,63.83,-83.15,-156.06
52.41407,-1.560499,158.58,11.77,3,290.44,21 / 21,2006728,2019-09-06 18:49:33:410,-2.4465,-0.9906,9.9062,0.004,0.0068,9.8066,-0.0401,-0.0046,-0.0232,3.25,-32,9.25,63.68,-83.21,-156
52.41407,-1.560499,158.58,11.77,3,290.44,21 / 21,2006828,2019-09-06 18:49:33:510,-0.48,-0.4508,9.6512,0.0034,0.0072,9.8066,-0.0059,-0.0922,0.0906,3.19,-31.62,8.5,62.68,-83.3,-156.5
52.41407,-1.560499,158.58,11.77,3,290.44,21 / 21,2006928,2019-09-06 18:49:33:610,-0.3357,-1.2162,10.0491,-0.0121,-0.0035,9.8066,0.008,0.0314,-0.0602,3.81,-31.94,8.44,75.1,-83.22,-155.82
52.41407,-1.560499,158.58,11.77,3,290.44,21 / 21,2007028,2019-09-06 18:49:33:710,-0.6752,-1.2088,9.6181,0.0194,0.0168,9.8066,0.0949,-0.0561,0.0402,4.19,-31.81,8.19,74.23,-83.32,-156.21
52.41407,-1.560499,158.58,11.77,3,290.44,21 / 21,2007128,2019-09-06 18:49:33:810,-0.0256,-1.1178,10.5012,0.0075,-0.0012,9.8066,-0.0184,0.0301,-0.0358,4.13,-32.06,8.69,69.33,-83.1,-156.34
52.41407,-1.560499,158.58,11.77,3,290.44,21 / 21,2007229,2019-09-06 18:49:33:911,-0.6882,0.9849,10.0188,-0.0198,-0.0053,9.8066,0.0258,0.0019,-0.0288,4.31,-32.25,9.75,64.12,-83.04,-156.87
52.41407,-1.560499,158.58,11.77,3,290.44,21 / 21,2007328,2019-09-06 18:49:34:010,-0.9703,-0.7564,9.6744,0.0031,-0.0004,9.8066,0.1169,-0.0488,-0.0079,3.25,-31.87,9.06,62.91,-83.02,-157.24
52.41407,-1.560499,158.58,11.77,3,290.44,21 / 21,2007428,2019-09-06 18:49:34:110,0.4326,-1.4457,8.066,-0.0162,-0.0224,9.8065,-0.388,0.0826,0.0402,2.94,-31.94,9.31,63.16,-83.03,-157.01
52.41407,-1.560499,158.58,11.77,3,290.44,21 / 21,2007529,2019-09-06 18:49:34:211,2.0673,0.0367,7.3588,-0.1145,-0.1431,9.8049,-0.1231,-0.0794,-0.0612,2.13,-32.44,9.13,59.61,-82.4,-156.64
52.41407,-1.560499,158.58,11.77,3,290.44,21 / 21,2007628,2019-09-06 18:49:34:310,0.7539,4.0447,9.1333,0.0388,0.017,9.8065,-0.6127,-0.0129,0.1444,3.25,-32.44,8.63,64.36,-83.02,-156.05
52.41407,-1.560499,158.58,11.77,3,290.44,21 / 21,2007729,2019-09-06 18:49:34:411,1.2068,2.1801,9.308,-0.128,-0.116,9.805,-0.4917,0.0538,-0.1259,2.88,-32.69,9.5,61.65,-82.39,-157.02
52.41407,-1.560499,158.58,11.77,3,290.44,21 / 21,2007829,2019-09-06 18:49:34:511,3.1591,-0.6107,9.4898,0.051,0.0551,9.8063,-0.1647,-0.2904,0.3045,2.56,-32.69,9.44,66.69,-83.16,-154.4
52.41407,-1.560499,158.58,11.77,3,290.44,21 / 21,2007929,2019-09-06 18:49:34:611,0.8706,0.4855,9.3259,-0.0374,-0.0309,9.8065,-0.4225,0.0606,-0.1886,2.69,-32,8.5,68.25,-82.71,-153.94
52.41407,-1.560499,158.58,11.77,3,290.44,21 / 21,2008028,2019-09-06 18:49:34:710,0.096,1.327,10.6551,0.0118,0.0416,9.8065,0.1839,-0.0139,0.0588,2,-32.56,9,62.41,-82.72,-154.17
52.41407,-1.560499,158.58,11.77,3,290.44,21 / 21,2008129,2019-09-06 18:49:34:811,0.5053,0.6494,10.4046,-0.0005,0.0122,9.8065,-0.0158,-0.0469,0.0719,2.06,-32.19,9.69,58.51,-82.6,-153.31
52.41407,-1.560499,158.58,11.77,3,290.44,21 / 21,2008229,2019-09-06 18:49:34:911,0.3947,0.0098,9.7456,-0.0122,0.006,9.8066,-0.0099,0.0029,-0.018,1.56,-31.87,9.13,66.32,-82.34,-151.68
52.41407,-1.560499,158.58,11.77,3,290.44,21 / 21,2008328,2019-09-06 18:49:35:010,0.3794,0.2085,10.2431,-0.0085,0.0094,9.8066,-0.0142,0.0212,0.0441,1.56,-31.81,9.19,67.43,-82.28,-150.98
52.41407,-1.560499,158.58,11.77,3,290.44,20 / 21,2008429,2019-09-06 18:49:35:111,-0.4682,-0.0528,9.9718,-0.0142,0.0048,9.8066,0.1042,-0.0204,-0.0055,1.94,-31.44,10,64.03,-82.14,-149.61
52.41407,-1.560499,158.58,11.77,3,290.44,20 / 21,2008529,2019-09-06 18:49:35:211,0.6488,0.1605,10.6718,-0.0082,-0.0031,9.8066,0.0309,-0.0764,0.0705,2.31,-31.25,8.63,69.8,-81.91,-149.54
52.41407,-1.560499,158.58,11.77,3,290.44,20 / 21,2008628,2019-09-06 18:49:35:310,-0.0658,0.2998,10.2213,-0.0318,-0.0224,9.8066,-0.0576,-0.0223,-0.0226,2.25,-32.06,8.5,71.73,-81.9,-148.9
52.41407,-1.560499,158.58,11.77,3,290.44,20 / 21,2008729,2019-09-06 18:49:35:411,0.4556,0.4834,9.5757,-0.0231,-0.0227,9.8065,0.0395,-0.1067,0.0871,1.25,-32.37,8,71.47,-81.58,-149.65
52.41407,-1.560499,158.58,11.77,3,290.44,20 / 21,2008829,2019-09-06 18:49:35:511,0.8593,1.1512,9.6406,-0.0079,0.0169,9.8066,-0.0208,-0.035,-0.0411,1.13,-32.81,8.31,75.25,-81.51,-148.23
52.41407,-1.560499,158.58,11.77,3,290.44,20 / 21,2008929,2019-09-06 18:49:35:611,0.3118,1.9229,10.5283,-0.002,0.0134,9.8065,-0.031,-0.1637,0.0827,1.06,-32.56,8.31,75.89,-81.48,-147.86
52.41407,-1.560499,158.58,11.77,3,290.44,20 / 21,2009029,2019-09-06 18:49:35:711,-0.4703,1.6184,9.8605,0.0028,-0.007,9.8066,0.0681,-0.0585,0.0506,1.56,-32.5,8.25,82.41,-81.38,-147.36
52.41407,-1.560499,158.58,11.77,3,290.44,20 / 21,2009128,2019-09-06 18:49:35:810,-0.6594,0.3333,10.1668,-0.0149,0.022,9.8065,0.1106,-0.1029,0.036,1.81,-32.5,8.63,77.22,-81.29,-146.66
52.41407,-1.560499,158.58,11.77,3,290.44,20 / 21,2009228,2019-09-06 18:49:35:910,-1.7659,1.5921,9.8288,-0.0166,-0.0131,9.8066,0.0045,-0.1915,0.1024,1.25,-32.25,9.75,67.33,-81.03,-146.21
52.41407,-1.560499,158.58,11.77,3,290.44,20 / 21,2009329,2019-09-06 18:49:36:011,-0.0664,0.1777,9.2374,-0.0226,-0.0172,9.8065,-0.0086,-0.1327,0.0152,1.13,-31.75,9.69,68.55,-80.71,-146.34
52.41449,-1.561909,162.43,11.46,2,304.1,21 / 21,2009428,2019-09-06 18:49:36:110,-0.9783,1.2642,10.6466,-0.0081,0.0069,9.8066,-0.0524,-0.0834,-0.0161,0.81,-32.12,9.75,68.44,-80.73,-146.37
52.41449,-1.561909,162.43,11.46,2,304.1,21 / 21,2009529,2019-09-06 18:49:36:211,-0.3125,-0.0766,9.8672,-0.0001,-0.0152,9.8065,0.0493,-0.1391,0.0084,0.06,-31.75,8.06,72.29,-80.69,-146.55
52.41449,-1.561909,162.43,11.46,2,304.1,21 / 21,2009628,2019-09-06 18:49:36:310,-0.1474,1.1877,10.375,0.0205,0.0073,9.8066,0.0179,-0.1203,-0.0527,0.25,-32.06,8,72.42,-80.68,-146.49
52.41449,-1.561909,162.43,11.46,2,304.1,21 / 21,2009729,2019-09-06 18:49:36:411,-0.1408,1.0335,9.6328,0.0318,0.0142,9.8065,0.1098,-0.0902,0.0315,0.25,-32,7.63,70.75,-80.76,-147.34
52.41449,-1.561909,162.43,11.46,2,304.1,21 / 21,2009829,2019-09-06 18:49:36:511,-0.5887,1.0367,9.4683,-0.0224,-0.0339,9.8065,-0.1001,-0.0586,-0.0086,1,-31.94,7.44,88.29,-80.64,-148.09
52.41449,-1.561909,162.43,11.46,2,304.1,21 / 21,2009929,2019-09-06 18:49:36:611,-0.836,2.074,11.3632,-0.0158,-0.0233,9.8065,0.0366,-0.1892,0.0939,0.56,-32.25,8.31,77.43,-80.55,-150
52.41449,-1.561909,162.43,11.46,2,304.1,21 / 21,2010029,2019-09-06 18:49:36:711,-0.5592,1.0267,10.2841,0.0262,-0.0231,9.8066,0.1113,-0.0936,0.0397,-0.06,-32,7.69,66,-80.55,-151.66
52.41449,-1.561909,162.43,11.46,2,304.1,21 / 21,2010128,2019-09-06 18:49:36:810,-0.2825,0.0577,10.2947,-0.0074,-0.0114,9.8066,0.0772,-0.0437,0.0282,-0.06,-32.06,7.94,65.03,-80.47,-152.68
52.41449,-1.561909,162.43,11.46,2,304.1,21 / 21,2010228,2019-09-06 18:49:36:910,-1.1083,0.5119,9.8195,-0.0018,-0.0068,9.8066,-0.0786,-0.1269,0.0608,-0.06,-32.5,7.69,65.19,-80.31,-153.34
52.41449,-1.561909,162.43,11.46,2,304.1,21 / 21,2010328,2019-09-06 18:49:37:010,0.8047,0.9255,9.8005,-0.0066,0.0008,9.8066,-0.137,-0.0502,-0.0203,-0.75,-32.62,7.19,65.14,-80.34,-153.02
52.41449,-1.561909,162.43,11.46,2,304.1,21 / 21,2010429,2019-09-06 18:49:37:111,-1.101,0.419,9.9713,-0.0113,0.0088,9.8066,-0.0524,-0.1,-0.0183,-0.06,-33,6.88,77.69,-80.56,-152.37
52.41449,-1.561909,162.43,11.46,2,304.1,21 / 21,2010529,2019-09-06 18:49:37:211,-0.3434,-0.0993,10.129,-0.0188,-0.0188,9.8065,0.0371,-0.1727,0.0604,-0.56,-33.19,6.88,66.18,-80.43,-151.87
52.41449,-1.561909,162.43,11.46,2,304.1,21 / 21,2010628,2019-09-06 18:49:37:310,-1.378,0.3316,9.5809,0.0154,0.0134,9.8066,0.1118,0.0175,-0.0507,-0.5,-32.81,7.5,69.46,-80.37,-151.66
52.41449,-1.561909,162.43,11.46,2,304.1,21 / 21,2010729,2019-09-06 18:49:37:411,-0.3888,-0.9009,9.6238,0.0206,0.0369,9.8065,0.1537,-0.071,-0.0113,-0.44,-32.75,7.56,69.93,-80.36,-151.39
52.41449,-1.561909,162.43,11.46,2,304.1,21 / 21,2010829,2019-09-06 18:49:37:511,-1.2469,0.2778,7.7633,-0.0038,-0.0123,9.8065,-0.3022,-0.1523,0.0894,-0.19,-32.69,6.13,96.21,-80.43,-150.92
52.41449,-1.561909,162.43,11.46,2,304.1,21 / 21,2010928,2019-09-06 18:49:37:610,-0.0392,1.9398,11.7496,-0.0821,0.0083,9.8062,-0.1031,0.0337,-0.1107,0,-32.25,6.44,95.5,-80.4,-148.3
52.41449,-1.561909,162.43,11.46,2,304.1,21 / 21,2011029,2019-09-06 18:49:37:711,-1.9623,-2.7527,9.4461,-0.0835,-0.0818,9.8059,-0.5007,-0.1062,0.1153,-0.37,-32.44,5.69,88.42,-81.19,-147.34
52.41449,-1.561909,162.43,11.46,2,304.1,21 / 21,2011129,2019-09-06 18:49:37:811,0.4827,3.819,12.3049,-0.1256,-0.0806,9.8054,-0.065,-0.2073,0.0262,-0.12,-32.5,5.81,93.71,-80.36,-150.87
52.41449,-1.561909,162.43,11.46,2,304.1,21 / 21,2011229,2019-09-06 18:49:37:911,-0.6299,-1.0642,9.0984,-0.0623,-0.0535,9.8062,-0.2017,-0.1296,0.0387,0,-32.5,5.94,91.61,-80.38,-153.03
52.41449,-1.561909,162.43,11.46,2,304.1,21 / 21,2011329,2019-09-06 18:49:38:011,-1.1097,-0.0968,9.8134,-0.0049,-0.0346,9.8065,-0.0538,-0.1171,-0.0206,-1,-32.12,5.81,75.26,-80.53,-153.43
52.41449,-1.561909,162.43,11.46,2,304.1,21 / 21,2011428,2019-09-06 18:49:38:110,2.2886,0.182,9.6247,0.0271,-0.0023,9.8066,-0.1049,-0.0335,-0.0386,-1.06,-32.12,5.75,67.44,-80.95,-153.93
52.41449,-1.561909,162.43,11.46,2,304.1,21 / 21,2011529,2019-09-06 18:49:38:211,-1.3303,-0.0545,9.8396,0.0209,-0.0009,9.8066,0.0104,-0.0606,0.0121,-1.19,-31.37,5.31,88.32,-81.01,-154.52
52.41449,-1.561909,162.43,11.46,2,304.1,21 / 21,2011628,2019-09-06 18:49:38:310,-0.074,0.5062,9.7474,0.0035,-0.0035,9.8066,0.0612,-0.0639,0.0402,-1.37,-32.06,6.38,65.3,-80.86,-155.64
52.41449,-1.561909,162.43,11.46,2,304.1,21 / 21,2011729,2019-09-06 18:49:38:411,0.4142,0.5319,9.5812,-0.0026,-0.0011,9.8066,0.0026,-0.0697,-0.0203,-1.25,-32.56,5.38,108.49,-80.79,-156.15
52.41449,-1.561909,162.43,11.46,2,304.1,21 / 21,2011829,2019-09-06 18:49:38:511,-0.6871,0.6601,10.1565,0.0075,-0.0046,9.8066,0.0111,-0.0405,-0.0126,-0.81,-32.37,5.94,63.75,-80.84,-156.48
52.41449,-1.561909,162.43,11.46,2,304.1,21 / 21,2011928,2019-09-06 18:49:38:610,0.4698,0.9301,9.9112,0.0093,0.0029,9.8066,0.0094,-0.086,0.022,-0.94,-32.69,5.75,66.35,-80.92,-156.87
52.41449,-1.561909,162.43,11.46,2,304.1,21 / 21,2012029,2019-09-06 18:49:38:711,-0.1237,0.8414,9.4005,-0.0118,-0.0075,9.8066,-0.0032,-0.0279,0.0269,-0.62,-31.75,6.13,62.78,-80.85,-156.8
52.41449,-1.561909,162.43,11.46,2,304.1,21 / 21,2012128,2019-09-06 18:49:38:810,-2.1184,-0.6026,9.6507,-0.0176,-0.0024,9.8066,0.0174,-0.0982,0.0251,-0.31,-32.75,5.88,85.64,-80.82,-156.85
52.41449,-1.561909,162.43,11.46,2,304.1,21 / 21,2012228,2019-09-06 18:49:38:910,-0.5978,0.0779,9.5996,-0.0084,0.0019,9.8066,-0.1036,-0.0247,0.0457,-1,-32.19,5.94,64.08,-80.78,-156.77
52.41449,-1.561909,162.43,11.46,2,304.1,21 / 21,2012329,2019-09-06 18:49:39:011,1.6922,1.8793,10.073,-0.0053,0.0145,9.8066,-0.1164,-0.1218,0.0932,-0.37,-32.56,5.06,110.85,-80.79,-155.73
52.41449,-1.561909,162.43,11.46,2,304.1,21 / 21,2012428,2019-09-06 18:49:39:110,-2.039,1.3224,10.5367,0.0383,0.0012,9.8066,0.2004,-0.0289,0.0786,-1.31,-32.69,5.44,107.23,-80.82,-154.56
52.41449,-1.561909,162.43,11.46,2,304.1,21 / 21,2012528,2019-09-06 18:49:39:210,0.6418,0.8474,9.6371,0.0226,0.036,9.8065,0.2752,0.0035,0.0388,-1.31,-32.56,5.69,73.8,-80.82,-154.16
52.41449,-1.561909,162.43,11.46,2,304.1,21 / 21,2012629,2019-09-06 18:49:39:311,-2.3303,0.3182,10.5574,-0.0175,-0.0171,9.8065,-0.0474,-0.1039,0.08,-1.25,-32.37,5.69,72.9,-80.56,-154.5
52.41449,-1.561909,162.43,11.46,2,304.1,21 / 21,2012729,2019-09-06 18:49:39:411,0.0798,0.6935,9.7625,-0.0032,0.0082,9.8066,-0.0523,-0.0288,-0.0394,-1,-32.44,5.13,105.97,-80.58,-154.01
52.41449,-1.561909,162.43,11.46,2,304.1,21 / 21,2012829,2019-09-06 18:49:39:511,-1.286,0.4508,10.0714,0.0032,-0.0204,9.8066,-0.0693,-0.1215,0.0956,-1.81,-32.31,4.94,78.29,-80.62,-153.92
52.41449,-1.561909,162.43,11.46,2,304.1,21 / 21,2012929,2019-09-06 18:49:39:611,-1.8856,0.1,9.783,-0.0304,-0.0042,9.8065,-0.0748,-0.0338,0,-0.62,-33.12,4.44,149.82,-80.59,-154.52
52.41449,-1.561909,162.43,11.46,2,304.1,21 / 21,2013028,2019-09-06 18:49:39:710,1.287,1.1807,9.6383,0.0289,0.0139,9.8065,0.0234,0.0266,-0.0621,-1.37,-33.25,4.81,108.94,-80.74,-154.22
52.41449,-1.561909,162.43,11.46,2,304.1,21 / 21,2013128,2019-09-06 18:49:39:810,0.805,-0.9426,10.3112,0.021,0.0015,9.8065,0.0004,0.0609,-0.0198,-1.62,-33.19,5.13,95.84,-80.69,-154.71
52.41449,-1.561909,162.43,11.46,2,304.1,21 / 21,2013228,2019-09-06 18:49:39:910,0.7513,0.5963,9.732,-0.0273,0.0012,9.8065,-0.1061,-0.0096,-0.0357,-1.81,-32.81,4.38,187.93,-80.53,-155.26
52.41449,-1.561909,162.43,11.46,2,304.1,21 / 21,2013330,2019-09-06 18:49:40:012,0.1253,-0.945,9.8818,-0.0202,-0.0058,9.8065,0.1726,0.0009,0.0149,-1.69,-32.62,4.75,108.73,-80.6,-155.55
52.41449,-1.561909,162.43,11.46,2,304.1,21 / 21,2013428,2019-09-06 18:49:40:110,-0.4529,1.6628,10.5964,-0.015,0.0047,9.8065,-0.113,0.0952,0.0237,-1.87,-32.25,4.94,58.81,-80.78,-154.98
52.41449,-1.561909,162.43,11.46,2,304.1,21 / 21,2013529,2019-09-06 18:49:40:211,0.4021,1.1207,9.3851,0.0139,0.013,9.8066,0.0295,-0.0349,0.1439,-1.12,-32.12,5.13,103.06,-80.7,-154.77
52.41449,-1.561909,162.43,11.46,2,304.1,21 / 21,2013628,2019-09-06 18:49:40:310,-0.5444,-1.7818,9.2918,-0.0038,-0.0117,9.8066,0.0624,0.0505,-0.0687,-1.06,-31.5,4.56,99.12,-80.56,-155.21
52.41449,-1.561909,162.43,11.46,2,304.1,21 / 21,2013728,2019-09-06 18:49:40:410,1.0784,-2.542,9.8405,0.015,0.0294,9.8066,0.1495,-0.0229,0.0097,-2.25,-30.81,5.06,42.69,-80.87,-154.42
52.41449,-1.561909,162.43,11.46,2,304.1,21 / 21,2013829,2019-09-06 18:49:40:511,0.0499,-0.252,10.9111,-0.0192,-0.0899,9.8061,0.3253,0.0472,-0.0826,-1.31,-30.44,5.63,60.02,-81.04,-152.98
52.41449,-1.561909,162.43,11.46,2,304.1,21 / 21,2013929,2019-09-06 18:49:40:611,2.0253,-4.2812,12.1724,-0.0486,-0.0321,9.8064,-0.0569,-0.1005,0.1145,-0.56,-31.06,4.94,95.11,-80.74,-154.42
52.41449,-1.561909,162.43,11.46,2,304.1,21 / 21,2014028,2019-09-06 18:49:40:710,-1.9971,-0.1383,9.6024,-0.1399,-0.0182,9.8056,0.3498,0.1809,-0.2318,-0.19,-32,4.81,119.48,-79.86,-157.33
52.41449,-1.561909,162.43,11.46,2,304.1,21 / 21,2014128,2019-09-06 18:49:40:810,-0.3683,-4.8567,10.5667,-0.097,0.0397,9.806,-0.0327,0.0006,0.1333,-1.12,-32.31,5.38,124.79,-79.67,-154.32
52.41449,-1.561909,162.43,11.46,2,304.1,21 / 21,2014228,2019-09-06 18:49:40:910,-0.44,-2.1523,9.9787,-0.0326,0.0054,9.8065,0.0251,-0.0189,-0.0437,-0.94,-32.87,5.25,123.85,-79.92,-152.54
52.41449,-1.561909,162.43,11.46,2,304.1,21 / 21,2014329,2019-09-06 18:49:41:011,-0.3755,-0.5535,11.2398,-0.0668,0.0073,9.8064,-0.1827,0.0795,0.0605,-1.69,-32.87,4.94,123.67,-79.96,-150.17
52.41449,-1.561909,162.43,11.46,2,304.1,21 / 21,2014429,2019-09-06 18:49:41:111,-0.7358,-0.5125,9.9976,-0.0397,-0.0097,9.8065,0.043,-0.0034,0.0427,-1.75,-32.75,5.38,112.71,-80.19,-147.85
52.41449,-1.561909,162.43,11.46,2,304.1,21 / 21,2014528,2019-09-06 18:49:41:210,-1.1334,-0.0348,9.8105,-0.0169,-0.0338,9.8065,-0.0612,-0.0985,-0.0346,-1.81,-32.94,5.69,76.77,-79.91,-149.61
52.41449,-1.561909,162.43,11.46,2,304.1,21 / 21,2014628,2019-09-06 18:49:41:310,-0.5215,-0.1554,9.2419,0.0008,0.0086,9.8065,0.0475,0.0714,-0.0557,-2.19,-33.5,4.94,127.49,-79.79,-149.73
52.41449,-1.561909,162.43,11.46,2,304.1,21 / 21,2014728,2019-09-06 18:49:41:410,0.4188,-2.6457,10.3303,0.0477,-0.0042,9.8065,0.0432,0.17,-0.0915,-2.12,-32.5,5,107.22,-80.09,-148.74
52.41449,-1.561909,162.43,11.46,2,304.1,21 / 21,2014829,2019-09-06 18:49:41:511,0.357,1.9751,10.4842,0.0256,0.0096,9.8065,-0.0416,0.1757,-0.0084,-1.69,-32.94,4.69,105.77,-80.41,-147.45
52.41449,-1.561909,162.43,11.46,2,304.1,21 / 21,2014929,2019-09-06 18:49:41:611,-0.6669,-1.0887,10.2617,0.0227,0.0042,9.8065,0.2097,0.0192,0.0423,-1.81,-33.31,3.75,155.98,-80.26,-146.53
52.41449,-1.561909,162.43,11.46,2,304.1,21 / 21,2015028,2019-09-06 18:49:41:710,-0.3919,-0.6614,9.7438,-0.0193,0.0002,9.8066,0.0897,-0.0859,-0.0477,-2.31,-32.75,4.56,112.94,-80.16,-147.51
52.41449,-1.561909,162.43,11.46,2,304.1,21 / 21,2015129,2019-09-06 18:49:41:811,-1.844,0.8434,10.1883,0.0185,-0.0024,9.8066,0.009,0.0069,0.049,-2,-32.81,4.25,160.19,-80.01,-147.2
52.41449,-1.561909,162.43,11.46,2,304.1,21 / 21,2015228,2019-09-06 18:49:41:910,0.0446,-0.2796,10.0136,0.0184,-0.0026,9.8066,-0.0675,0.0305,0.0303,-2.19,-33.37,4.69,113.42,-80.14,-147.28
52.41449,-1.561909,162.43,11.46,2,304.1,21 / 21,2015329,2019-09-06 18:49:42:011,-0.9693,0.1487,10.0595,0.0173,-0.0181,9.8066,-0.1177,0.0006,-0.0753,-2.06,-32.75,4.94,109.14,-80.3,-147.78
52.41449,-1.561909,162.43,11.46,2,304.1,20 / 21,2015429,2019-09-06 18:49:42:111,-1.0434,-0.2552,9.5012,0.0002,-0.007,9.8066,-0.0233,0.1048,-0.1649,-2.06,-32.56,4.63,110.11,-80.3,-148.71
52.41449,-1.561909,162.43,11.46,2,304.1,20 / 21,2015529,2019-09-06 18:49:42:211,1.3498,1.0576,9.3062,-0.0163,-0.0071,9.8066,-0.0531,0.0526,0.0355,-1.87,-32.94,4.5,109.87,-80.29,-148.26
52.41449,-1.561909,162.43,11.46,2,304.1,20 / 21,2015629,2019-09-06 18:49:42:311,-1.9543,-1.0282,9.2011,-0.0098,-0.0258,9.8066,0.0302,0.116,-0.0586,-2.06,-32.62,4.31,158.41,-80.55,-148.22
52.41449,-1.561909,162.43,11.46,2,304.1,20 / 21,2015728,2019-09-06 18:49:42:410,-0.1326,0.5913,9.2557,-0.0029,-0.0081,9.8066,-0.1033,-0.0061,-0.0347,-1.87,-32.94,3.88,154.65,-80.88,-148.39
52.41449,-1.561909,162.43,11.46,2,304.1,20 / 21,2015829,2019-09-06 18:49:42:511,-0.6008,-0.9655,9.2553,0.0363,-0.0261,9.8065,-0.0705,0.0409,-0.0231,-2.37,-32.69,3.38,182.41,-81.42,-147.22
52.41449,-1.561909,162.43,11.46,2,304.1,20 / 21,2015929,2019-09-06 18:49:42:611,-0.4012,-1.0688,8.9846,0.0137,-0.0196,9.8066,-0.0662,0.0251,-0.0475,-2.19,-32.62,3.63,129.39,-81.63,-147.06
52.41449,-1.561909,162.43,11.46,2,304.1,20 / 21,2016029,2019-09-06 18:49:42:711,0.3028,-0.9215,9.2208,0.0156,0.0098,9.8066,-0.0778,-0.0256,0.0657,-2.19,-33.06,3.38,179.22,-81.79,-146.06
52.41449,-1.561909,162.43,11.46,2,304.1,20 / 21,2016128,2019-09-06 18:49:42:810,0.2148,-0.6762,9.3955,0.0235,-0.016,9.8065,-0.0001,0.0281,-0.0005,-2,-32.81,3.31,174.77,-81.89,-144.73
52.41449,-1.561909,162.43,11.46,2,304.1,20 / 21,2016229,2019-09-06 18:49:42:911,0.0692,-0.1886,9.6364,0.0034,0.0136,9.8066,-0.0158,-0.0071,0.0453,-2.19,-32.44,3.69,101.59,-81.88,-142.88
52.41449,-1.561909,162.43,11.46,2,304.1,20 / 21,2016328,2019-09-06 18:49:43:010,-0.8567,-1.387,8.9033,0.0009,-0.0084,9.8066,-0.137,0.0428,-0.0565,-1.81,-33.31,3.06,163.72,-81.99,-141.48
52.41449,-1.561909,162.43,11.46,2,304.1,20 / 20,2016429,2019-09-06 18:49:43:111,0.7925,0.6702,9.5375,0.0392,-0.0181,9.8065,-0.1424,-0.0682,0.0367,-2.06,-32.5,2.63,151.74,-82.21,-139.56
52.41449,-1.561909,162.43,11.46,2,304.1,20 / 20,2016529,2019-09-06 18:49:43:211,-0.6075,-1.131,9.3585,0.0397,-0.0382,9.8064,0.2418,-0.0384,0.0243,-1.56,-32.56,2.94,151.88,-82.44,-139.56
52.41449,-1.561909,162.43,11.46,2,304.1,20 / 20,2016628,2019-09-06 18:49:43:310,-0.9399,0.0571,10.5736,0.0098,-0.0187,9.8066,-0.0007,0.035,-0.041,-1.69,-32.69,2.88,157.35,-82.4,-140.95
52.41449,-1.561909,162.43,11.46,2,304.1,20 / 20,2016729,2019-09-06 18:49:43:411,-0.4187,1.0294,10.2574,0.0424,0.0044,9.8065,0.1152,-0.1673,0.0923,-1.31,-32.31,2.44,166.54,-82.35,-140.46
52.41449,-1.561909,162.43,11.46,2,304.1,20 / 20,2016829,2019-09-06 18:49:43:511,-1.2959,-2.8905,8.5987,0.0308,-0.0351,9.8065,-0.1207,0.0313,-0.1536,-1.25,-32.62,2.38,167.81,-82.57,-141.74
52.41449,-1.561909,162.43,11.46,2,304.1,20 / 20,2016929,2019-09-06 18:49:43:611,-0.9058,1.5278,10.7259,0.0582,-0.0147,9.8064,0.1931,0.1604,0.0921,-2.37,-32.81,3.25,155.79,-82.27,-139.97
52.41449,-1.561909,162.43,11.46,2,304.1,20 / 20,2017029,2019-09-06 18:49:43:711,1.6371,-1.3417,11.6732,0.0173,-0.0592,9.8064,0.0393,-0.0492,0.1143,-1.87,-32.69,2.88,149.31,-82.42,-138.64
52.41449,-1.561909,162.43,11.46,2,304.1,20 / 20,2017129,2019-09-06 18:49:43:811,-0.8355,1.093,10.5431,0.0866,-0.0631,9.806,0.1059,-0.066,-0.1363,-1,-32.62,2.69,140.12,-82.39,-138.48
52.41449,-1.561909,162.43,11.46,2,304.1,20 / 20,2017228,2019-09-06 18:49:43:910,-2.7781,1.7305,10.0325,-0.0274,0.0668,9.8063,0.2138,-0.1196,0.0023,-1.94,-33.19,2.38,183.5,-82.37,-136.96
52.41449,-1.561909,162.43,11.46,2,304.1,20 / 20,2017329,2019-09-06 18:49:44:011,-1.5139,0.4071,9.9329,0.0115,-0.0044,9.8066,-0.155,-0.0946,0.1189,-2.06,-32.69,2.13,181.43,-82.17,-135.86
52.41449,-1.561909,162.43,11.46,2,304.1,20 / 20,2017429,2019-09-06 18:49:44:111,-0.2222,-0.0797,10.612,0.0091,0.0108,9.8066,-0.1327,-0.0239,0.0792,-2.25,-32.25,2,180.12,-82.05,-135.07
52.41449,-1.561909,162.43,11.46,2,304.1,20 / 20,2017529,2019-09-06 18:49:44:211,2.2248,-1.1583,9.3721,-0.0485,0.0235,9.8064,-0.2326,-0.0476,0.1041,-2.12,-33.31,2.44,179.04,-81.88,-134.37
52.41449,-1.561909,162.43,11.46,2,304.1,20 / 20,2017629,2019-09-06 18:49:44:311,0.6619,-1.1343,8.9427,0.0184,-0.0092,9.8066,-0.2317,-0.0546,-0.0073,-2.12,-33.37,1.69,176.79,-81.93,-132.92
52.41449,-1.561909,162.43,11.46,2,304.1,20 / 20,2017729,2019-09-06 18:49:44:411,0.48,-0.6416,9.7157,-0.0059,0.0218,9.8066,-0.0468,-0.0133,-0.0108,-2.81,-32.87,1.81,205.81,-81.82,-132.72
52.41449,-1.561909,162.43,11.46,2,304.1,20 / 20,2017829,2019-09-06 18:49:44:511,0.7151,-0.7802,9.4324,0.026,-0.0174,9.8066,-0.0698,-0.0333,0.0075,-2.12,-33.19,1.88,174.98,-81.97,-131.77
52.41449,-1.561909,162.43,11.46,2,304.1,20 / 20,2017929,2019-09-06 18:49:44:611,0.0032,-1.2105,9.6947,0.0023,-0.0085,9.8066,-0.0071,-0.0437,0.001,-2.81,-32.69,2.13,204.62,-82.09,-131.01
52.41449,-1.561909,162.43,11.46,2,304.1,20 / 20,2018029,2019-09-06 18:49:44:711,-0.1687,0.1632,10.1891,0.0019,-0.0063,9.8066,0.0743,-0.0453,-0.0234,-2.81,-32.87,1.69,206.71,-82.2,-131.19
52.41449,-1.561909,162.43,11.46,2,304.1,20 / 20,2018129,2019-09-06 18:49:44:811,-0.7326,-1.1363,9.8268,0.0044,-0.0007,9.8066,0.028,-0.0382,0.0601,-2.56,-33.25,2.06,206.86,-82.14,-131.54
52.41449,-1.561909,162.43,11.46,2,304.1,20 / 20,2018229,2019-09-06 18:49:44:911,0.4446,-0.6872,10.0141,0.0051,0.0059,9.8066,-0.1113,0.0363,-0.0682,-1.56,-33.06,2,174.42,-82.13,-131.59
52.41449,-1.561909,162.43,11.46,2,304.1,20 / 20,2018328,2019-09-06 18:49:45:010,-0.5207,0.3814,10.252,-0.0014,0.0043,9.8066,-0.0263,-0.04,0.0672,-2.06,-33.06,1.63,174.71,-82.12,-131.76
52.415215,-1.563,166.33,13.01,3,320.91,20 / 20,2018428,2019-09-06 18:49:45:110,-0.376,0.6186,10.2156,-0.023,0.0031,9.8066,0.1075,-0.0092,0.0634,-2.25,-32.94,1.81,175.62,-82.17,-132.36
52.415215,-1.563,166.33,13.01,3,320.91,20 / 20,2018529,2019-09-06 18:49:45:211,0.543,-0.0603,9.5863,-0.0249,0.0035,9.8066,0.1666,0.0479,0.0205,-2.44,-32.69,1.56,177,-82.18,-133.21
52.415215,-1.563,166.33,13.01,3,320.91,20 / 20,2018629,2019-09-06 18:49:45:311,-1.119,-0.7916,9.1055,-0.0023,-0.0204,9.8066,0.0682,-0.0665,0.0052,-2.37,-32.44,1.75,175.88,-82.25,-132.79
52.415215,-1.563,166.33,13.01,3,320.91,20 / 20,2018728,2019-09-06 18:49:45:410,-0.2724,-1.0618,10.2754,-0.0072,-0.0182,9.8065,0.0262,-0.0274,-0.028,-3,-32.69,1.88,211.86,-82.21,-133.09
52.415215,-1.563,166.33,13.01,3,320.91,20 / 20,2018828,2019-09-06 18:49:45:510,-0.2551,-0.3087,9.6957,-0.0003,0.0022,9.8066,0.036,-0.0132,0.0233,-2.81,-32.44,2.13,217.84,-82.23,-133.69
52.415215,-1.563,166.33,13.01,3,320.91,20 / 20,2018929,2019-09-06 18:49:45:611,-1.0547,-0.3757,9.3935,0.0098,-0.0172,9.8065,-0.0076,-0.0141,0.012,-3,-32.75,1.63,212.67,-82.19,-133.58
52.415215,-1.563,166.33,13.01,3,320.91,20 / 20,2019029,2019-09-06 18:49:45:711,-0.3387,-0.2863,9.6662,-0.0006,-0.0137,9.8066,-0.0059,-0.0035,0.0117,-2.81,-32.31,1.69,214.87,-82.21,-132.69
52.415215,-1.563,166.33,13.01,3,320.91,20 / 20,2019128,2019-09-06 18:49:45:810,-0.1685,-0.1592,9.8567,0.0207,-0.022,9.8066,0.0786,-0.0283,0.011,-2.56,-32.62,1.19,219.05,-82.33,-131.39
52.415215,-1.563,166.33,13.01,3,320.91,20 / 20,2019229,2019-09-06 18:49:45:911,-0.2236,-0.2035,9.4069,-0.0149,0.0015,9.8066,-0.0303,-0.0098,-0.0052,-2.12,-32.5,1.69,173.29,-82.3,-131.45
52.415215,-1.563,166.33,13.01,3,320.91,20 / 20,2019329,2019-09-06 18:49:46:011,-0.5579,-0.2811,9.5654,-0.0041,-0.0106,9.8066,0.1241,-0.0151,-0.0103,-2.25,-32.81,1,194.18,-82.52,-130.6
52.415215,-1.563,166.33,13.01,3,320.91,20 / 21,2019429,2019-09-06 18:49:46:111,-1.2735,-0.0741,10.0508,-0.0381,0.0233,9.8065,-0.0253,-0.054,0.0908,-2.5,-33.06,0.75,193.9,-82.62,-129.89
52.415215,-1.563,166.33,13.01,3,320.91,20 / 21,2019529,2019-09-06 18:49:46:211,0.2994,0.2929,8.5749,-0.0086,0.0145,9.8066,0.1991,-0.0102,-0.0262,-1.87,-32.87,1.19,194.16,-82.54,-130.5
52.415215,-1.563,166.33,13.01,3,320.91,20 / 21,2019629,2019-09-06 18:49:46:311,-1.2863,-0.4407,9.866,-0.0066,0.0015,9.8066,-0.1489,-0.0179,0.0249,-2.56,-33.31,1.63,209.86,-82.58,-130.2
52.415215,-1.563,166.33,13.01,3,320.91,20 / 21,2019729,2019-09-06 18:49:46:411,0.4503,-0.0816,9.6973,-0.01,-0.0005,9.8066,-0.0848,-0.0249,0.0382,-2.94,-32.69,1.19,221.39,-82.68,-129.16
52.415215,-1.563,166.33,13.01,3,320.91,20 / 21,2019829,2019-09-06 18:49:46:511,0.7593,-1.4956,9.8398,0.021,-0.0224,9.8065,0.0559,0.0215,-0.0285,-2,-32.87,1.06,192.98,-82.76,-128.41
52.415215,-1.563,166.33,13.01,3,320.91,20 / 21,2019929,2019-09-06 18:49:46:611,-0.4689,-0.1625,9.3234,0.0189,-0.0327,9.8065,0.1074,0.0343,0.0445,-2.31,-32.87,0.88,193.59,-82.77,-128.98
52.415215,-1.563,166.33,13.01,3,320.91,20 / 21,2020029,2019-09-06 18:49:46:711,1.0564,0.4004,9.9985,-0.0079,0.032,9.8065,0.0999,-0.0469,-0.0226,-2.44,-32.31,0.88,194.14,-82.67,-129.03
52.415215,-1.563,166.33,13.01,3,320.91,20 / 21,2020129,2019-09-06 18:49:46:811,0.2037,-0.1562,9.9506,0.0083,-0.0248,9.8066,0.1306,-0.0461,0.008,-2.12,-32.25,1.19,194.25,-82.74,-128.88
52.415215,-1.563,166.33,13.01,3,320.91,20 / 21,2020228,2019-09-06 18:49:46:910,-0.0963,0.8505,10.2602,-0.0241,0.0231,9.8066,0.1934,0.0497,-0.0178,-2.12,-32.69,0.56,194.58,-82.52,-131.05
52.415215,-1.563,166.33,13.01,3,320.91,20 / 21,2020328,2019-09-06 18:49:47:010,-0.2726,-0.7781,10.0089,0.0047,-0.0277,9.8066,0.2274,0.006,0.1604,-2.44,-33.19,1.5,173.64,-82.67,-131.82
52.415215,-1.563,166.33,13.01,3,320.91,20 / 20,2020428,2019-09-06 18:49:47:110,-0.0632,0.1941,9.2952,-0.0035,0.0102,9.8066,-0.1285,0.0058,-0.0845,-2.25,-32.5,1.38,195.83,-82.49,-131.55
52.415215,-1.563,166.33,13.01,3,320.91,20 / 20,2020528,2019-09-06 18:49:47:210,-0.7272,-0.2585,9.5411,-0.0086,-0.0164,9.8066,-0.0027,0.043,-0.0121,-1.87,-32.44,0.25,207.37,-82.79,-130.44
52.415215,-1.563,166.33,13.01,3,320.91,20 / 20,2020629,2019-09-06 18:49:47:311,-0.2325,-1.0767,9.7474,-0.0056,0.0044,9.8066,-0.0693,-0.0063,-0.0265,-2.5,-32.69,0.69,194.98,-82.95,-129.61
52.415215,-1.563,166.33,13.01,3,320.91,20 / 20,2020729,2019-09-06 18:49:47:411,-0.4626,-1.4357,9.9774,-0.0118,0.0166,9.8066,0.0899,-0.0068,0.0535,-1.94,-32.19,0.94,196.98,-82.92,-130.72
52.415215,-1.563,166.33,13.01,3,320.91,20 / 20,2020829,2019-09-06 18:49:47:511,0.1041,-0.5577,10.1059,0.0085,0.0068,9.8065,0.0504,-0.0128,-0.0322,-2.19,-32.37,1.06,197.21,-82.89,-131.1
52.415215,-1.563,166.33,13.01,3,320.91,20 / 20,2020929,2019-09-06 18:49:47:611,-0.666,-0.2888,10.1622,-0.009,-0.0044,9.8066,-0.048,0.0776,-0.0611,-2.44,-32.06,0.94,197.82,-82.84,-131.96
52.415215,-1.563,166.33,13.01,3,320.91,20 / 20,2021029,2019-09-06 18:49:47:711,-0.5986,-1.6868,9.8839,0.0401,-0.0258,9.8065,0.1949,-0.1079,0.0529,-2.31,-31.94,1.69,170.85,-83.03,-131.46
52.415215,-1.563,166.33,13.01,3,320.91,20 / 20,2021128,2019-09-06 18:49:47:810,-0.7876,-0.2497,9.5811,0.0047,-0.0669,9.8064,0.1519,0.0452,-0.1254,-2.37,-32.25,1.19,196.9,-82.93,-130.61
52.415215,-1.563,166.33,13.01,3,320.91,20 / 20,2021228,2019-09-06 18:49:47:910,-0.5596,0.0457,10.3247,0.0107,0.053,9.8065,-0.1367,-0.0142,0.0304,-2.87,-31.75,1.75,238.96,-83.14,-130.77
52.415215,-1.563,166.33,13.01,3,320.91,20 / 20,2021329,2019-09-06 18:49:48:011,-0.8288,-0.9778,9.7611,-0.0076,0.0233,9.8065,-0.1947,-0.0129,-0.0039,-2.75,-31.5,1.31,234.45,-82.99,-132.3
52.415215,-1.563,166.33,13.01,3,320.91,20 / 20,2021428,2019-09-06 18:49:48:110,-0.0721,-1.1026,10.2637,0.0168,-0.0251,9.8065,0.1865,-0.0341,-0.0288,-2.81,-31.44,1.31,235.44,-83.09,-130.5
52.415215,-1.563,166.33,13.01,3,320.91,20 / 20,2021528,2019-09-06 18:49:48:210,-0.4231,-0.5007,9.9439,0.0004,-0.0145,9.8066,-0.0223,0.0046,-0.0522,-3.06,-31.94,1.63,228.79,-82.98,-130.2
52.415215,-1.563,166.33,13.01,3,320.91,20 / 20,2021628,2019-09-06 18:49:48:310,-0.6118,-0.6473,10.5648,0.0171,-0.0021,9.8066,0.0882,-0.0752,0.1647,-2.87,-31.75,0.5,230.77,-83.06,-130.01
52.415215,-1.563,166.33,13.01,3,320.91,20 / 20,2021728,2019-09-06 18:49:48:410,-0.2534,-1.6746,9.9407,0.0223,-0.0179,9.8066,0.0558,-0.0312,-0.0627,-2.87,-31.5,0.69,228.2,-82.75,-128.24
52.415215,-1.563,166.33,13.01,3,320.91,20 / 20,2021828,2019-09-06 18:49:48:510,0.036,-0.3041,10.2829,-0.0006,0.0407,9.8065,-0.0492,-0.0834,0.017,-3.69,-31.31,1.75,284.61,-82.48,-129.61
52.415215,-1.563,166.33,13.01,3,320.91,20 / 20,2021929,2019-09-06 18:49:48:611,0.6451,-0.9713,10.0408,0.0186,0.0308,9.8065,0.0074,-0.0596,0.0363,-3.69,-31.31,1.19,257.71,-82.45,-129.6
52.415215,-1.563,166.33,13.01,3,320.91,20 / 20,2022029,2019-09-06 18:49:48:711,1.1881,0.4335,10.8758,-0.0073,-0.0121,9.8066,0.0736,-0.001,-0.0897,-3.12,-31.56,1.25,223.05,-82.51,-130.28
52.415215,-1.563,166.33,13.01,3,320.91,20 / 20,2022129,2019-09-06 18:49:48:811,0.2444,-0.9726,10.7498,-0.0374,-0.0053,9.8065,0.1155,0.0077,-0.0661,-2.81,-32.06,1.06,227.81,-82.75,-132.68
52.415215,-1.563,166.33,13.01,3,320.91,20 / 20,2022228,2019-09-06 18:49:48:910,-0.4644,0.2524,9.4731,-0.0338,0.0176,9.8065,0.0098,-0.033,-0.036,-2.06,-31.62,1.13,202.8,-83.03,-136.27
52.415215,-1.563,166.33,13.01,3,320.91,20 / 20,2022328,2019-09-06 18:49:49:010,-0.7139,-1.3027,8.4754,-0.0135,0.0054,9.8066,-0.0708,0.0097,-0.0947,-2.69,-32.37,0.94,235.14,-83.14,-139.18
52.415215,-1.563,166.33,13.01,3,320.91,19 / 20,2022429,2019-09-06 18:49:49:111,0.3165,-0.2283,9.3242,-0.0007,-0.0846,9.8062,0.0465,-0.0455,0.0652,-1.75,-31.81,0.69,210.42,-83.95,-136.23
52.415215,-1.563,166.33,13.01,3,320.91,19 / 20,2022528,2019-09-06 18:49:49:210,1.0408,0.2332,9.7521,0.0224,-0.0836,9.8062,-0.0163,-0.0345,0.017,-1.75,-31.75,-0.37,216.79,-84.11,-133.25
52.415215,-1.563,166.33,13.01,3,320.91,19 / 20,2022629,2019-09-06 18:49:49:311,-0.7232,0.0125,9.9033,0.0026,0.0079,9.8066,0.0677,-0.1643,0.1077,-0.5,-32.62,-1.19,190.48,-84.09,-131.36
52.415215,-1.563,166.33,13.01,3,320.91,19 / 20,2022728,2019-09-06 18:49:49:410,-0.4185,-0.3614,10.153,-0.0015,0.0301,9.8065,0.0307,-0.0098,-0.0418,-1.19,-31.44,2,146.81,-83.71,-130.12
52.415215,-1.563,166.33,13.01,3,320.91,19 / 20,2022830,2019-09-06 18:49:49:512,1.393,-0.5652,10.6414,-0.0012,0.0236,9.8065,0.0551,-0.0608,0.1338,-3.19,-31.5,0.75,242.09,-83.44,-130.87
52.415215,-1.563,166.33,13.01,3,320.91,19 / 20,2022929,2019-09-06 18:49:49:611,0.511,0.1425,10.1943,0.0246,0.0219,9.8066,-0.0489,-0.0666,0.005,-3.25,-32.19,0.69,232.79,-83.14,-130.94
52.415215,-1.563,166.33,13.01,3,320.91,19 / 20,2023029,2019-09-06 18:49:49:711,0.2521,-0.6507,9.9638,-0.0013,0.0075,9.8065,-0.0548,-0.0398,0.036,-3.5,-31.87,0.56,230.23,-83.01,-130.41
52.415215,-1.563,166.33,13.01,3,320.91,19 / 20,2023128,2019-09-06 18:49:49:810,0.9465,-0.9744,9.3411,0.0078,-0.0062,9.8066,0.0288,-0.0764,0.1039,-3.94,-31.94,0.69,264.85,-83.07,-129.23
52.415215,-1.563,166.33,13.01,3,320.91,19 / 20,2023228,2019-09-06 18:49:49:910,0.1906,-0.0728,8.9325,-0.0009,-0.0099,9.8066,-0.1227,-0.0454,0.0003,-3.69,-32,0.31,251.7,-82.93,-128.26
52.415215,-1.563,166.33,13.01,3,320.91,19 / 20,2023328,2019-09-06 18:49:50:010,0.508,-0.5915,10.1005,-0.0091,-0.0219,9.8066,0.0678,-0.0891,0.0193,-4.37,-32,-0.25,253.88,-83.06,-126.95
52.415215,-1.563,166.33,13.01,3,320.91,19 / 19,2023428,2019-09-06 18:49:50:110,0.1417,-0.2525,9.5272,0.0057,0.0411,9.8065,-0.0693,-0.0097,-0.0016,-4.25,-31.62,0.31,251.49,-82.97,-129.4
52.415215,-1.563,166.33,13.01,3,320.91,19 / 19,2023529,2019-09-06 18:49:50:211,0.5574,-1.6404,9.4948,0.0098,0.0617,9.8063,-0.119,-0.1253,0.0092,-4.12,-32.06,0,250.47,-82.96,-131.27
52.415215,-1.563,166.33,13.01,3,320.91,19 / 19,2023628,2019-09-06 18:49:50:310,0.3394,-0.8988,9.5979,-0.0226,-0.0191,9.8066,0.0475,-0.0353,-0.0344,-3.87,-32,-0.06,252.33,-83.13,-131.16
52.415215,-1.563,166.33,13.01,3,320.91,19 / 19,2023729,2019-09-06 18:49:50:411,-0.1776,-0.3113,9.5096,-0.0181,-0.0188,9.8066,-0.0157,-0.059,0.0177,-3.5,-31.87,0.25,233.1,-83.32,-131.67
52.415215,-1.563,166.33,13.01,3,320.91,19 / 19,2023829,2019-09-06 18:49:50:511,0.1891,-0.3992,9.7393,-0.006,0.0097,9.8066,-0.0125,-0.0455,-0.0428,-4.19,-32.25,0.31,255.95,-83.45,-131.24
52.415215,-1.563,166.33,13.01,3,320.91,19 / 19,2023929,2019-09-06 18:49:50:611,0.0115,-0.6459,9.8866,0.0031,0.007,9.8066,-0.0565,-0.0179,-0.0017,-3.44,-31.56,-0.44,235.66,-83.56,-131.77
52.415215,-1.563,166.33,13.01,3,320.91,19 / 19,2024029,2019-09-06 18:49:50:711,1.3922,1.1314,8.9069,-0.0089,-0.0105,9.8066,-0.0117,-0.1243,0.0366,-3.56,-32.25,-1.19,250.6,-83.72,-131.87
52.415215,-1.563,166.33,13.01,3,320.91,19 / 19,2024129,2019-09-06 18:49:50:811,-1.5563,0.4179,8.6765,-0.0659,0.0455,9.8063,0.1863,-0.0757,-0.1442,-3.94,-32.19,-0.5,261.78,-84.14,-133.86
52.415215,-1.563,166.33,13.01,3,320.91,19 / 19,2024228,2019-09-06 18:49:50:910,-3.618,2.1964,11.3766,0.0355,0.0524,9.8064,-0.2133,-0.2736,0.2873,-3.25,-31.31,-1,241.19,-84.31,-131.82
52.415215,-1.563,166.33,13.01,3,320.91,19 / 19,2024328,2019-09-06 18:49:51:010,-1.628,2.2556,8.6848,0.0381,0.1113,9.8059,0.2132,0.0289,-0.0221,-3.75,-31.69,-1.81,246.37,-83.73,-131.14
52.415215,-1.563,166.33,13.01,3,320.91,20 / 20,2024429,2019-09-06 18:49:51:111,-0.2851,0.7577,10.0596,0.0519,0.0234,9.8064,-0.1192,0.0196,0.0303,-4.25,-31.75,-0.25,256.94,-83.46,-129.84
52.415215,-1.563,166.33,13.01,3,320.91,20 / 20,2024530,2019-09-06 18:49:51:212,0.6766,-0.3485,10.1894,0.0068,-0.0133,9.8065,-0.0488,-0.0369,-0.0152,-4.37,-31.81,-0.75,251.66,-83.46,-126.9
52.415215,-1.563,166.33,13.01,3,320.91,20 / 20,2024630,2019-09-06 18:49:51:312,1.0094,-1.0412,10.2976,0.0062,0.0291,9.8065,-0.0275,-0.0393,0.0133,-4,-31.75,-0.87,251.14,-83.36,-126.19
52.415215,-1.563,166.33,13.01,3,320.91,20 / 20,2024729,2019-09-06 18:49:51:411,-0.0552,-0.4751,9.5156,0.0119,0.0205,9.8066,-0.0718,-0.0134,0.006,-4.81,-31.31,-0.5,277.52,-83.37,-126.87
52.415215,-1.563,166.33,13.01,3,320.91,20 / 20,2024828,2019-09-06 18:49:51:510,-0.216,0.1692,9.8806,-0.0073,-0.021,9.8065,0.1452,-0.0764,-0.0304,-4.44,-32.06,-1,250.04,-83.36,-128
52.415215,-1.563,166.33,13.01,3,320.91,20 / 20,2024928,2019-09-06 18:49:51:610,0.1342,0.1105,10.6786,-0.0224,-0.0199,9.8066,0.1115,-0.0688,-0.0213,-4.62,-32.12,-1.37,265.03,-83.44,-127.68
52.415215,-1.563,166.33,13.01,3,320.91,20 / 20,2025030,2019-09-06 18:49:51:712,0.1194,0.317,9.9924,0.0374,0.0301,9.8064,-0.1051,-0.0258,-0.0241,-4.62,-31.25,-0.87,264.52,-83.34,-129.22
52.415215,-1.563,166.33,13.01,3,320.91,20 / 20,2025128,2019-09-06 18:49:51:810,-0.6908,-0.4078,9.3205,0.012,0.0226,9.8065,-0.0854,-0.0404,-0.0149,-4.5,-31.62,-0.87,249.01,-83.34,-129.37
52.415215,-1.563,166.33,13.01,3,320.91,20 / 20,2025228,2019-09-06 18:49:51:910,0.1226,-0.5352,10.2456,-0.0107,-0.0224,9.8065,0.0956,-0.0523,0.0036,-4.94,-31.75,-1.19,265.67,-83.5,-127.61
52.415215,-1.563,166.33,13.01,3,320.91,20 / 20,2025328,2019-09-06 18:49:52:010,-0.0925,-0.2102,10.0723,-0.0153,-0.0357,9.8065,-0.1097,-0.0279,-0.0276,-4.31,-31.12,-0.56,254.28,-83.57,-127.22
52.415215,-1.563,166.33,13.01,3,320.91,21 / 21,2025429,2019-09-06 18:49:52:111,0.0704,0.7541,9.979,0.0002,-0.0007,9.8066,0.1419,-0.0058,-0.0289,-4.94,-31.69,-1.19,265.9,-83.56,-127.84
52.415215,-1.563,166.33,13.01,3,320.91,21 / 21,2025529,2019-09-06 18:49:52:211,-0.2468,-1.6115,10.0251,0.0029,0.0037,9.8066,-0.1804,-0.0427,-0.0098,-4.31,-32.12,-1.5,252.28,-83.59,-127.74
52.415215,-1.563,166.33,13.01,3,320.91,21 / 21,2025628,2019-09-06 18:49:52:310,0.1779,-1.0287,9.9871,-0.0124,-0.0006,9.8066,-0.0786,-0.0674,0.0176,-4.31,-31.69,-1.5,253.14,-83.71,-127.96
52.415215,-1.563,166.33,13.01,3,320.91,21 / 21,2025729,2019-09-06 18:49:52:411,-0.8516,-0.8112,9.5926,-0.0091,0.003,9.8066,0.04,0.0242,0.022,-5.44,-31.62,-0.94,266.49,-83.68,-128.29
52.415215,-1.563,166.33,13.01,3,320.91,21 / 21,2025829,2019-09-06 18:49:52:511,-0.9168,-0.0651,9.5669,0.0241,0.0318,9.8065,-0.1078,0.0133,0.0262,-5.06,-31.75,-1.44,264.46,-83.64,-130.18
52.415215,-1.563,166.33,13.01,3,320.91,21 / 21,2025928,2019-09-06 18:49:52:610,1.1066,0.4284,9.8475,-0.0265,-0.0079,9.8066,0.0919,-0.1038,0.0212,-5.81,-31.62,-1.44,276.2,-83.77,-129.48
52.415215,-1.563,166.33,13.01,3,320.91,21 / 21,2026029,2019-09-06 18:49:52:711,0.2896,0.3094,10.2031,0.0085,0.0151,9.8065,-0.0416,-0.0023,-0.0628,-5.12,-31.37,-1.5,266.94,-83.76,-130.15
52.415215,-1.563,166.33,13.01,3,320.91,21 / 21,2026129,2019-09-06 18:49:52:811,-0.506,-0.0824,10.2422,-0.0079,0.0039,9.8066,-0.0714,-0.085,-0.0065,-4.31,-31.19,-1.5,256.1,-84,-129.86
52.415215,-1.563,166.33,13.01,3,320.91,21 / 21,2026228,2019-09-06 18:49:52:910,-0.5608,0.0994,9.6664,-0.0105,0.0147,9.8065,0.0294,-0.0199,-0.0328,-5.12,-31.44,-1,269.5,-84.09,-130.22
52.415215,-1.563,166.33,13.01,3,320.91,21 / 21,2026329,2019-09-06 18:49:53:011,0.3557,-0.2236,9.5328,0.0056,-0.0082,9.8065,0.0072,0.0204,-0.0201,-4.81,-32.06,-1.19,268.11,-84.19,-130.92
52.415215,-1.563,166.33,13.01,3,320.91,21 / 21,2026429,2019-09-06 18:49:53:111,-0.4872,-0.4142,9.9159,-0.0012,0.0043,9.8066,-0.0939,-0.0826,-0.0051,-4.37,-31.75,-1.87,248.91,-84.13,-131.33
52.415215,-1.563,166.33,13.01,3,320.91,21 / 21,2026529,2019-09-06 18:49:53:211,1.0322,-0.635,9.9954,-0.012,-0.0043,9.8066,0.101,-0.0916,0.0456,-5.06,-31.87,-1.19,267.17,-84.13,-131.38
52.415215,-1.563,166.33,13.01,3,320.91,21 / 21,2026628,2019-09-06 18:49:53:310,1.0594,-0.2765,9.606,-0.0065,-0.0111,9.8066,0.1089,-0.0969,0.0386,-4.75,-31.06,-1.37,269.33,-84.18,-131.04
52.415215,-1.563,166.33,13.01,3,320.91,21 / 21,2026728,2019-09-06 18:49:53:410,-0.0831,0.0647,9.9225,-0.0134,-0.0062,9.8066,-0.0051,-0.0411,0.0476,-4.94,-31.37,-1.81,261.05,-84.07,-130.97
52.415215,-1.563,166.33,13.01,3,320.91,21 / 21,2026829,2019-09-06 18:49:53:511,-0.0492,-1.1777,10.4429,0.0045,-0.0069,9.8066,-0.0318,-0.0069,0.0135,-5.5,-31.56,-1.75,260.42,-84.1,-130.6
52.415215,-1.563,166.33,13.01,3,320.91,21 / 21,2026929,2019-09-06 18:49:53:611,0.2853,-0.6167,9.8537,0.0033,0.0067,9.8066,-0.0136,-0.0118,0.022,-5,-31.19,-1.62,261.46,-84.1,-130.73
52.415215,-1.563,166.33,13.01,3,320.91,21 / 21,2027029,2019-09-06 18:49:53:711,-0.2839,-0.6242,10.3461,0.0061,0.0045,9.8066,0.0384,-0.0701,0.0024,-5,-31.75,-2,260.32,-84.1,-130.71
52.415215,-1.563,166.33,13.01,3,320.91,21 / 21,2027129,2019-09-06 18:49:53:811,0.7902,-0.4675,9.8003,-0.0028,-0.0022,9.8066,0.0129,-0.0832,0.0278,-5.37,-31.44,-1.62,261.64,-84.08,-130.43
52.415215,-1.563,166.33,13.01,3,320.91,21 / 21,2027229,2019-09-06 18:49:53:911,-0.0588,-0.0912,9.6225,0.0087,0.0103,9.8066,-0.0338,-0.0298,0.0387,-4.69,-31.12,-2.44,260.88,-84.04,-130.96
52.415215,-1.563,166.33,13.01,3,320.91,21 / 21,2027328,2019-09-06 18:49:54:010,0.9442,-0.129,9.6943,0.0128,-0.0042,9.8066,-0.0463,-0.0113,-0.0305,-5.81,-31.25,-1.31,277.78,-83.96,-130.42
52.41601,-1.563918,168.77,11.39,2,334.64,21 / 21,2027428,2019-09-06 18:49:54:110,-0.66,-0.6569,9.201,-0.0163,-0.0178,9.8066,-0.0464,-0.1053,0.0702,-5.5,-31.75,-1.81,260.3,-83.92,-129.34
52.41601,-1.563918,168.77,11.39,2,334.64,21 / 21,2027528,2019-09-06 18:49:54:210,1.101,-1.3394,10.5112,0.0137,-0.0105,9.8065,0.052,-0.1757,0.0442,-6.37,-31.62,-1.56,270.27,-83.81,-128.02
52.41601,-1.563918,168.77,11.39,2,334.64,21 / 21,2027629,2019-09-06 18:49:54:311,-0.3072,-0.9646,10.195,0.0135,0.0083,9.8066,-0.0242,-0.1111,0.0644,-6.06,-31.31,-2.12,271.41,-83.69,-127.35
52.41601,-1.563918,168.77,11.39,2,334.64,21 / 21,2027729,2019-09-06 18:49:54:411,0.2671,-0.207,9.5448,0.0265,0.0057,9.8066,0.0018,0.0098,-0.0146,-6.81,-31.19,-1.31,286.47,-83.58,-127.07
52.41601,-1.563918,168.77,11.39,2,334.64,21 / 21,2027828,2019-09-06 18:49:54:510,0.2759,-0.4086,9.9193,0.0202,-0.0038,9.8066,-0.0935,-0.1004,0.0208,-6.62,-31.69,-2.31,278.51,-83.61,-126.37
52.41601,-1.563918,168.77,11.39,2,334.64,21 / 21,2027929,2019-09-06 18:49:54:611,0.2532,-1.1348,9.6042,0.0007,0.0017,9.8065,-0.1702,-0.1641,0.0442,-6.31,-31.69,-2.25,271.11,-83.51,-125.32
52.41601,-1.563918,168.77,11.39,2,334.64,21 / 21,2028028,2019-09-06 18:49:54:710,3.0514,-2.9735,10.7319,-0.009,-0.0117,9.8066,0.1022,-0.217,0.0516,-6.87,-31.44,-1.94,280.9,-83.4,-124.16
52.41601,-1.563918,168.77,11.39,2,334.64,21 / 21,2028129,2019-09-06 18:49:54:811,-1.8095,2.4116,9.0829,-0.0287,-0.0095,9.8066,0.1731,0.1101,-0.0895,-6.62,-31.94,-1.75,279.68,-83.59,-125.19
52.41601,-1.563918,168.77,11.39,2,334.64,21 / 21,2028229,2019-09-06 18:49:54:911,1.8593,-1.6852,8.645,0.0176,-0.0259,9.8066,-0.189,-0.0729,-0.0721,-7.31,-31,-1.94,279.55,-83.35,-125.15
52.41601,-1.563918,168.77,11.39,2,334.64,21 / 21,2028329,2019-09-06 18:49:55:011,0.1504,0.4482,9.0283,-0.0328,0.0257,9.8065,0.0681,-0.1417,0.0008,-7.37,-31.5,-2.12,280.08,-83.59,-125.84
52.41601,-1.563918,168.77,11.39,2,334.64,21 / 21,2028429,2019-09-06 18:49:55:111,0.7972,-0.9263,8.8173,-0.0686,-0.0362,9.8063,0.1146,-0.154,0.1066,-7.31,-31.25,-2.44,281.8,-83.62,-124.42
52.41601,-1.563918,168.77,11.39,2,334.64,21 / 21,2028529,2019-09-06 18:49:55:211,1.1998,-1.1896,9.9038,-0.0199,-0.0239,9.8065,0.042,-0.0155,-0.0182,-7.69,-31.94,-2.31,293.37,-84.02,-120.6
52.41601,-1.563918,168.77,11.39,2,334.64,21 / 21,2028629,2019-09-06 18:49:55:311,-0.4778,-1.278,10.7654,0.0247,0.0282,9.8066,-0.156,-0.1228,-0.0835,-6.94,-31.94,-2.87,279.42,-83.98,-121.4
52.41601,-1.563918,168.77,11.39,2,334.64,21 / 21,2028729,2019-09-06 18:49:55:411,1.1874,-0.9613,10.335,-0.0004,0.038,9.8065,0.0852,-0.2016,0.0446,-7,-31.37,-3.06,280.59,-84.19,-122.14
52.41601,-1.563918,168.77,11.39,2,334.64,21 / 21,2028828,2019-09-06 18:49:55:510,0.6008,-0.2388,9.9065,-0.0024,0.0166,9.8066,0.0728,-0.1088,0.0267,-7.75,-31.37,-3.19,280.44,-83.96,-126.78
52.41601,-1.563918,168.77,11.39,2,334.64,21 / 21,2028928,2019-09-06 18:49:55:610,1.1402,-0.1656,9.7527,-0.0038,-0.0095,9.8066,-0.021,-0.1019,0.0223,-7.44,-32.06,-2.56,271.55,-83.88,-128.46
52.41601,-1.563918,168.77,11.39,2,334.64,21 / 21,2029029,2019-09-06 18:49:55:711,0.7962,-0.8342,10.2845,-0.0145,0.0062,9.8066,-0.1043,-0.179,0.0495,-8,-32.06,-3.25,278.28,-83.84,-127.54
52.41601,-1.563918,168.77,11.39,2,334.64,21 / 21,2029128,2019-09-06 18:49:55:810,0.1484,0.4054,10.4504,-0.0143,-0.0234,9.8065,-0.0372,-0.1515,-0.0484,-8.06,-31.81,-3.19,281.46,-84.06,-125.47
52.41601,-1.563918,168.77,11.39,2,334.64,21 / 21,2029228,2019-09-06 18:49:55:910,0.7741,-0.1534,10.0262,0.0175,0.022,9.8065,0.1008,-0.1504,0.0745,-8.31,-31.56,-3.31,279.8,-83.98,-126.69
52.41601,-1.563918,168.77,11.39,2,334.64,21 / 21,2029330,2019-09-06 18:49:56:012,0.7928,-1.8544,9.2735,0.0657,0.0301,9.8063,0.0062,-0.1446,0.0791,-8.81,-32.12,-2.06,286.25,-83.53,-128.95
52.41601,-1.563918,168.77,11.39,2,334.64,21 / 21,2029429,2019-09-06 18:49:56:111,0.2828,0.7658,9.4349,-0.0374,-0.0198,9.8065,-0.1131,-0.2205,-0.0683,-8.19,-32.62,-2,278.89,-83.54,-130.41
52.41601,-1.563918,168.77,11.39,2,334.64,21 / 21,2029529,2019-09-06 18:49:56:211,-1.6399,1.5184,9.9441,0.0044,0.0286,9.8066,-0.4185,-0.1754,0.1499,-9.12,-31.94,-2.19,282.5,-83.41,-131.87
52.41601,-1.563918,168.77,11.39,2,334.64,21 / 21,2029628,2019-09-06 18:49:56:310,1.1669,0.6519,9.0938,-0.0685,-0.0391,9.8063,-0.1189,-0.0827,-0.138,-9.44,-32.12,-3,278.89,-83.48,-130.23
52.41601,-1.563918,168.77,11.39,2,334.64,21 / 21,2029729,2019-09-06 18:49:56:411,0.9358,0.0215,8.7659,-0.035,-0.0076,9.8065,-0.0045,-0.1604,0.0568,-8.94,-31.87,-2.94,283.71,-84.03,-127.76
52.41601,-1.563918,168.77,11.39,2,334.64,21 / 21,2029829,2019-09-06 18:49:56:511,1.5941,-0.6484,9.4413,-0.0197,-0.0001,9.8066,0.0857,-0.1531,0.0154,-9.12,-31.81,-2.81,282.31,-83.94,-128.72
52.41601,-1.563918,168.77,11.39,2,334.64,21 / 21,2029928,2019-09-06 18:49:56:610,1.1178,-0.1975,9.9217,-0.0291,-0.0331,9.8065,0.1785,-0.1119,0.0092,-9.62,-31.81,-3.12,287.68,-84.01,-127.71
52.41601,-1.563918,168.77,11.39,2,334.64,21 / 21,2030028,2019-09-06 18:49:56:710,0.5305,0.1872,10.2706,0.0236,0.0194,9.8065,-0.1484,-0.1246,0.0828,-9.31,-31.69,-3,283.59,-83.92,-127.45
52.41601,-1.563918,168.77,11.39,2,334.64,21 / 21,2030129,2019-09-06 18:49:56:811,0.5607,-0.8713,10.0535,0.0358,0.0071,9.8065,-0.118,-0.1979,0.0607,-10.75,-31.81,-4.12,287.74,-83.82,-125.81
52.41601,-1.563918,168.77,11.39,2,334.64,21 / 21,2030229,2019-09-06 18:49:56:911,1.6531,-0.7226,10.0673,0.0133,-0.0053,9.8066,0.082,-0.1322,0.0341,-10.25,-31.69,-3.25,289.41,-83.64,-125
52.41601,-1.563918,168.77,11.39,2,334.64,21 / 21,2030329,2019-09-06 18:49:57:011,1.275,-0.9733,9.9802,0.0225,0.0004,9.8065,-0.0133,-0.1144,0.0738,-10.69,-31.94,-3.25,291.94,-83.37,-125.06
52.41601,-1.563918,168.77,11.39,2,334.64,21 / 21,2030429,2019-09-06 18:49:57:111,0.218,-0.6802,10.2891,-0.0091,-0.0232,9.8066,0.0098,-0.1249,0.0001,-10.69,-31.75,-3.37,294.06,-83.25,-122.91
52.41601,-1.563918,168.77,11.39,2,334.64,21 / 21,2030529,2019-09-06 18:49:57:211,0.879,-1.052,10.0525,-0.0107,-0.0089,9.8066,0.1014,-0.1027,0.0446,-11,-32,-2.94,293.75,-83.16,-122.92
52.41601,-1.563918,168.77,11.39,2,334.64,21 / 21,2030628,2019-09-06 18:49:57:310,-0.502,-1.479,9.8794,-0.0119,-0.0055,9.8066,0.1636,-0.1149,-0.0247,-12,-32,-3.56,290.82,-82.99,-123.73
52.41601,-1.563918,168.77,11.39,2,334.64,21 / 21,2030729,2019-09-06 18:49:57:411,0.4082,-1.0673,10.3593,-0.02,0.0123,9.8065,0.1449,-0.1526,-0.014,-11.5,-32.12,-3.19,290.34,-83.01,-125.46
52.41601,-1.563918,168.77,11.39,2,334.64,21 / 21,2030828,2019-09-06 18:49:57:510,-0.4257,-1.8834,11.2396,0.0063,0.0181,9.8066,0.0413,-0.0594,-0.0751,-11.12,-32.62,-2.62,288.07,-83.08,-127.05
52.41601,-1.563918,168.77,11.39,2,334.64,21 / 21,2030928,2019-09-06 18:49:57:610,0.2736,-0.1317,10.5355,0.0232,0.0512,9.8064,0.0673,-0.043,-0.1009,-11.81,-31.81,-3.37,285.82,-83.07,-132.44
52.41601,-1.563918,168.77,11.39,2,334.64,21 / 21,2031029,2019-09-06 18:49:57:711,0.65,2.1384,8.3835,-0.0204,0.0078,9.8066,-0.3104,-0.1806,0.0734,-11.31,-32.25,-2.87,279.57,-83.32,-136.22
52.41601,-1.563918,168.77,11.39,2,334.64,21 / 21,2031128,2019-09-06 18:49:57:810,-2.1298,0.2126,8.0999,0.0493,0.0052,9.8065,-0.3986,-0.1364,0.0431,-11.56,-31.31,-3.19,284.74,-83.25,-134.47
52.41601,-1.563918,168.77,11.39,2,334.64,21 / 21,2031228,2019-09-06 18:49:57:910,0.3581,-0.2727,8.8817,-0.0984,-0.0467,9.806,-0.1709,-0.0968,0.0384,-11.87,-31.87,-4.37,292.62,-84.15,-125.01
52.41601,-1.563918,168.77,11.39,2,334.64,21 / 21,2031329,2019-09-06 18:49:58:011,-2.1057,-1.2497,10.1861,-0.0191,-0.0127,9.8065,0.1553,0.0541,-0.1263,-11.94,-31.37,-4,294.96,-84.27,-123.61
52.41601,-1.563918,168.77,11.39,2,334.64,21 / 21,2031429,2019-09-06 18:49:58:111,0.8534,-0.5917,10.6877,0.0043,0.0158,9.8066,0.1928,-0.04,0.0692,-11.94,-31.19,-4.25,291.19,-84.12,-126.67
52.41601,-1.563918,168.77,11.39,2,334.64,21 / 21,2031528,2019-09-06 18:49:58:210,0.7059,0.7468,9.2642,-0.0045,-0.0139,9.8065,0.1234,0.0553,-0.0279,-12.19,-31.31,-4.31,286.65,-83.92,-130.35
52.41601,-1.563918,168.77,11.39,2,334.64,21 / 21,2031629,2019-09-06 18:49:58:311,0.716,-0.3172,10.4353,-0.0146,-0.0136,9.8065,-0.009,-0.0682,-0.0338,-12.69,-31.06,-4.37,287.19,-83.86,-132.09
52.41601,-1.563918,168.77,11.39,2,334.64,21 / 21,2031728,2019-09-06 18:49:58:410,1.1023,-1.5802,8.9029,-0.0265,-0.0181,9.8066,-0.053,-0.1464,0.0168,-13.56,-30.5,-4.62,287.65,-83.99,-130.94
52.41601,-1.563918,168.77,11.39,2,334.64,21 / 21,2031829,2019-09-06 18:49:58:511,-0.848,-0.9849,9.4651,-0.0245,-0.0073,9.8065,-0.1221,-0.0713,0.0236,-15.19,-29.5,-4.44,293.39,-84.41,-131.92
52.41601,-1.563918,168.77,11.39,2,334.64,21 / 21,2031929,2019-09-06 18:49:58:611,-1.9844,0.3262,9.6209,0.01,-0.037,9.8066,-0.0486,-0.0524,0.0075,-15.37,-29.87,-2.5,302.47,-84.19,-130.03
52.41601,-1.563918,168.77,11.39,2,334.64,21 / 21,2032028,2019-09-06 18:49:58:710,2.0018,-0.1109,9.1786,0.0058,0.0081,9.8066,0.1796,-0.1654,0.051,-14.31,-31.44,-2,297.15,-83.89,-132.55
52.41601,-1.563918,168.77,11.39,2,334.64,21 / 21,2032128,2019-09-06 18:49:58:810,0.3919,0.2918,10.2477,0.0205,-0.0144,9.8066,-0.0053,-0.0874,-0.0229,-13.19,-31.75,-2.37,292.93,-83.54,-133.52
52.41601,-1.563918,168.77,11.39,2,334.64,21 / 21,2032229,2019-09-06 18:49:58:911,0.6096,-0.4994,9.708,-0.0053,-0.0024,9.8066,-0.0701,-0.0963,0.0161,-13.31,-32.19,-2.06,294.44,-83.51,-132.09
52.41601,-1.563918,168.77,11.39,2,334.64,21 / 21,2032328,2019-09-06 18:49:59:010,0.1407,-0.9973,9.7573,-0.0141,-0.0063,9.8066,-0.0067,-0.1059,0.0614,-13.31,-32.31,-3.25,290.97,-83.58,-131.33
52.41601,-1.563918,168.77,11.39,2,334.64,21 / 21,2032428,2019-09-06 18:49:59:110,-0.3938,-0.9972,9.653,0.02,-0.0015,9.8065,-0.0983,-0.0994,0.006,-13.25,-31.37,-3.06,292.6,-83.53,-130.2
52.41601,-1.563918,168.77,11.39,2,334.64,21 / 21,2032529,2019-09-06 18:49:59:211,-0.4275,-1.0842,9.9929,0.027,0.006,9.8066,0.0792,-0.1616,0.007,-13.5,-32.37,-3.19,290.99,-83.31,-130.66
52.41601,-1.563918,168.77,11.39,2,334.64,21 / 21,2032628,2019-09-06 18:49:59:310,0.8525,-0.7732,10.1951,0.0097,-0.004,9.8066,0.0793,-0.1447,0.0227,-13.44,-31.81,-2.87,290.13,-83.15,-131.07
52.41601,-1.563918,168.77,11.39,2,334.64,21 / 21,2032729,2019-09-06 18:49:59:411,0.6566,-0.7283,10.0096,-0.0142,-0.0189,9.8066,-0.14,-0.1503,0.0475,-13.56,-31.37,-2.44,297.37,-83.07,-130.67
52.41601,-1.563918,168.77,11.39,2,334.64,21 / 21,2032828,2019-09-06 18:49:59:510,-0.2619,-1.1149,9.8534,0.0175,0.0048,9.8065,-0.1435,-0.0937,0.0239,-14.69,-31.94,-2.75,293.5,-82.87,-131.16
52.41601,-1.563918,168.77,11.39,2,334.64,21 / 21,2032929,2019-09-06 18:49:59:611,-0.5232,-1.2536,10.1206,0.0113,-0.0046,9.8065,0.084,-0.1369,-0.0027,-14.75,-32.06,-2.69,294.74,-82.87,-130.05
52.41601,-1.563918,168.77,11.39,2,334.64,21 / 21,2033028,2019-09-06 18:49:59:710,-0.2824,-1.4842,10.0739,-0.0021,-0.0057,9.8066,0.0535,-0.1677,0.0289,-15,-31.5,-2.56,295.59,-82.65,-129.3
52.41601,-1.563918,168.77,11.39,2,334.64,21 / 21,2033128,2019-09-06 18:49:59:810,0.6941,-1.7737,10.0249,0.0072,-0.014,9.8066,0.04,-0.1916,0.0626,-15.75,-31.69,-2.62,296.87,-82.47,-128.93
52.41601,-1.563918,168.77,11.39,2,334.64,21 / 21,2033228,2019-09-06 18:49:59:910,-0.8543,-0.8204,9.6162,0.0024,-0.0128,9.8066,0.0338,-0.2281,0.0952,-16.37,-31.75,-2.25,300.63,-82.17,-128.45
52.41601,-1.563918,168.77,11.39,2,334.64,21 / 21,2033328,2019-09-06 18:50:00:010,1.4512,-1.9002,10.3528,-0.014,-0.0203,9.8066,-0.0258,-0.1419,0.0254,-16.31,-31.56,-2.94,296.95,-81.97,-127.92
52.41601,-1.563918,168.77,11.39,2,334.64,21 / 21,2033429,2019-09-06 18:50:00:111,0.3264,-1.429,9.6361,0.0325,0.0008,9.8065,-0.1117,-0.1124,-0.0009,-17.06,-31.69,-3.06,297.55,-81.67,-128.31
52.41601,-1.563918,168.77,11.39,2,334.64,21 / 21,2033529,2019-09-06 18:50:00:211,-0.6326,-1.6519,9.5346,0.0155,0.005,9.8066,-0.0717,-0.1785,0.0378,-17.12,-31.12,-1.44,306.37,-81.72,-127.7
52.41601,-1.563918,168.77,11.39,2,334.64,21 / 21,2033628,2019-09-06 18:50:00:310,-0.2716,-2.3553,9.9155,-0.0175,-0.0152,9.8065,0.0099,-0.1802,-0.0041,-17.62,-31.5,-2.62,300.36,-81.67,-127.56
52.41601,-1.563918,168.77,11.39,2,334.64,21 / 21,2033729,2019-09-06 18:50:00:411,-1.2502,-2.0216,9.7518,-0.0038,-0.0012,9.8066,0.1325,-0.1319,0.0388,-18.12,-31.12,-2.94,301.23,-81.71,-126.86
52.41601,-1.563918,168.77,11.39,2,334.64,21 / 21,2033828,2019-09-06 18:50:00:510,0.0129,-1.4573,9.6793,0.0027,-0.0037,9.8065,0.0538,-0.1956,0.0294,-18.44,-31.62,-3.19,299.93,-81.63,-127.46
52.41601,-1.563918,168.77,11.39,2,334.64,21 / 21,2033929,2019-09-06 18:50:00:611,-0.076,-1.4177,9.7555,-0.0112,-0.0064,9.8066,-0.104,-0.1651,-0.0253,-18.44,-31.31,-1.62,303.5,-81.56,-127.68
52.41601,-1.563918,168.77,11.39,2,334.64,21 / 21,2034029,2019-09-06 18:50:00:711,0.0195,-1.9215,10.0549,0.042,0.0157,9.8065,-0.0903,-0.1896,0.0449,-18.75,-30.81,-1.75,302.63,-81.44,-129.23
52.41601,-1.563918,168.77,11.39,2,334.64,21 / 21,2034129,2019-09-06 18:50:00:811,-0.3365,-1.8656,10.2363,0.0365,0.0103,9.8065,-0.1088,-0.1706,0.0377,-19.06,-32.12,-2.5,302,-81.39,-129.32
52.41601,-1.563918,168.77,11.39,2,334.64,21 / 21,2034229,2019-09-06 18:50:00:911,-0.9222,-1.9786,9.785,-0.0214,-0.0038,9.8065,0.1215,-0.2017,0.0173,-19.56,-30.94,-2.5,303.37,-81.4,-129.43
52.41601,-1.563918,168.77,11.39,2,334.64,21 / 21,2034328,2019-09-06 18:50:01:010,0.8439,-0.8049,9.5931,-0.0254,0.001,9.8065,0.0403,-0.1921,-0.0103,-18.81,-30.81,-1.37,305.26,-81.45,-129.93
52.41601,-1.563918,168.77,11.39,2,334.64,21 / 21,2034429,2019-09-06 18:50:01:111,0.0981,-0.9449,9.6786,0.0243,0.0061,9.8066,-0.0382,-0.1883,0.0241,-20.06,-30.81,-2,301.02,-81.33,-131.38
52.41601,-1.563918,168.77,11.39,2,334.64,21 / 21,2034529,2019-09-06 18:50:01:211,-0.2815,-2.0691,9.7632,0.0239,0.0014,9.8065,0.0082,-0.2015,0.002,-19.94,-30.94,-1.5,304.16,-81.23,-131.3
52.41601,-1.563918,168.77,11.39,2,334.64,21 / 21,2034628,2019-09-06 18:50:01:310,-0.9976,-2.0385,9.9918,-0.0206,-0.012,9.8065,0.0842,-0.1672,0.0052,-20.44,-30.56,-1.94,302.2,-81.27,-130.26
52.41601,-1.563918,168.77,11.39,2,334.64,21 / 21,2034729,2019-09-06 18:50:01:411,-0.8941,-1.8343,9.9578,-0.0179,-0.0196,9.8066,-0.0145,-0.2154,0.0522,-20.62,-30.56,-0.87,306.15,-81.14,-130.14
52.41601,-1.563918,168.77,11.39,2,334.64,21 / 21,2034828,2019-09-06 18:50:01:510,-0.3035,-1.4906,9.8769,0.0108,-0.0015,9.8066,-0.0402,-0.1812,0.0256,-20.56,-30.62,-1.19,305.03,-80.87,-130.76
52.41601,-1.563918,168.77,11.39,2,334.64,21 / 21,2034928,2019-09-06 18:50:01:610,0.0247,-0.8217,9.9061,0.0135,0.0084,9.8065,0.0475,-0.1802,-0.0033,-21.5,-31,-0.37,306.85,-80.72,-131.72
52.41601,-1.563918,168.77,11.39,2,334.64,21 / 21,2035028,2019-09-06 18:50:01:710,-0.3447,-2.5779,10.2117,-0.0046,0.0104,9.8066,0.0276,-0.2828,0.1378,-21,-30.44,-0.87,302,-80.56,-133.36
52.41601,-1.563918,168.77,11.39,2,334.64,21 / 21,2035128,2019-09-06 18:50:01:810,0.2855,-2.5603,10.8071,0.0048,-0.0031,9.8066,0.0176,-0.222,0,-21.37,-30.56,0,303.93,-80.37,-133.74
52.41601,-1.563918,168.77,11.39,2,334.64,21 / 21,2035229,2019-09-06 18:50:01:911,-0.1686,-1.5707,10.3003,0.0085,0.0013,9.8066,0.0745,-0.1732,0.018,-21.31,-30.19,0.06,302.7,-80.36,-135.19
52.41601,-1.563918,168.77,11.39,2,334.64,21 / 21,2035329,2019-09-06 18:50:02:011,-0.6361,-0.7455,9.8672,0.0238,0.0182,9.8065,0.001,-0.1059,-0.0911,-21.81,-31.19,-0.25,301.16,-80.26,-136.57
52.41601,-1.563918,168.77,11.39,2,334.64,21 / 21,2035428,2019-09-06 18:50:02:110,-0.2859,-0.6631,9.3957,-0.0057,0.0202,9.8066,0.0546,-0.1385,-0.0268,-22.12,-31,0.25,299.29,-80.31,-138.28
52.41601,-1.563918,168.77,11.39,2,334.64,21 / 21,2035529,2019-09-06 18:50:02:211,1.165,-1.8104,10.199,-0.0077,0.0047,9.8066,0.0921,-0.2103,0.0075,-22.06,-30.62,0.69,301.03,-80.44,-139.53
52.41601,-1.563918,168.77,11.39,2,334.64,21 / 21,2035628,2019-09-06 18:50:02:310,-1.1222,-1.0501,10.1786,0.002,0.0264,9.8065,-0.0664,-0.143,-0.0248,-22.44,-31,0.69,299.79,-80.51,-140.74
52.41601,-1.563918,168.77,11.39,2,334.64,21 / 21,2035729,2019-09-06 18:50:02:411,-0.9624,0.1455,8.8496,-0.0182,0.0257,9.8065,-0.0233,-0.119,0.026,-22.81,-30.81,1.13,299.58,-80.8,-141.69
52.41601,-1.563918,168.77,11.39,2,334.64,21 / 21,2035829,2019-09-06 18:50:02:511,-0.6603,-0.6247,8.9682,0.0055,-0.0104,9.8066,-0.1591,-0.1782,-0.0238,-22.62,-31.37,0.88,299.26,-80.67,-141.81
52.41601,-1.563918,168.77,11.39,2,334.64,21 / 21,2035928,2019-09-06 18:50:02:610,-1.7716,0.0236,11.2786,0.064,-0.0067,9.8064,-0.0869,-0.0818,0.0703,-22.87,-31.19,1.13,299.35,-80.45,-141.45
52.41601,-1.563918,168.77,11.39,2,334.64,21 / 21,2036029,2019-09-06 18:50:02:711,0.0654,0.6351,10.0729,0.0401,0.0128,9.8065,0.0586,-0.0645,-0.116,-23.19,-31.75,1.31,298.31,-80.49,-142.05
52.41601,-1.563918,168.77,11.39,2,334.64,21 / 21,2036128,2019-09-06 18:50:02:810,1.5625,-4.4183,10.5929,0.0494,0.0053,9.8064,0.1415,-0.3426,0.0501,-23.56,-30.81,2.25,300.63,-80.51,-143.16
52.41601,-1.563918,168.77,11.39,2,334.64,21 / 21,2036228,2019-09-06 18:50:02:910,-0.7832,-1.8641,9.8758,0.0026,0.0194,9.8065,0.0392,-0.1255,0.2029,-23.5,-30.62,2.75,301.32,-80.28,-144.51
52.41601,-1.563918,168.77,11.39,2,334.64,21 / 21,2036329,2019-09-06 18:50:03:011,0.0342,0.649,9.8527,0.0137,-0.0166,9.8066,-0.0881,-0.0584,-0.0334,-23.87,-30.62,2.69,301.72,-80.18,-144.19
52.416855,-1.563912,170.23,10.46,3,39.14,21 / 21,2036428,2019-09-06 18:50:03:110,0.0105,-0.7728,9.7509,0.0032,0.0177,9.8066,-0.161,-0.0743,-0.0035,-24.37,-31.06,2.81,302.27,-80.34,-143.9
52.416855,-1.563912,170.23,10.46,3,39.14,21 / 21,2036528,2019-09-06 18:50:03:210,-1.1071,-1.5352,9.8091,-0.0274,-0.0064,9.8065,-0.099,-0.1294,0.0266,-24.56,-30.87,3.38,302.3,-80.56,-144.27
52.416855,-1.563912,170.23,10.46,3,39.14,21 / 21,2036629,2019-09-06 18:50:03:311,0.9556,-0.4226,10.2292,-0.0053,0.0006,9.8066,0.1464,-0.1038,0.0047,-23.94,-30.62,3.25,300.5,-80.32,-145.45
52.416855,-1.563912,170.23,10.46,3,39.14,21 / 21,2036729,2019-09-06 18:50:03:411,0.9424,-0.7561,9.775,0.0072,0.0234,9.8066,0.0918,-0.1275,-0.0482,-24.12,-31.19,3.25,299.24,-80.16,-146.38
52.416855,-1.563912,170.23,10.46,3,39.14,21 / 21,2036828,2019-09-06 18:50:03:510,0.1924,-1.4282,10.2077,0.0009,-0.0043,9.8066,0.0129,-0.1478,0.0493,-24.69,-30.75,3.25,298.6,-80.27,-147.25
52.416855,-1.563912,170.23,10.46,3,39.14,21 / 21,2036929,2019-09-06 18:50:03:611,-0.601,-0.0801,10.363,0.014,0.0082,9.8066,-0.0018,-0.1295,0.0137,-24.62,-29.87,3.13,297.99,-80.33,-148.22
52.416855,-1.563912,170.23,10.46,3,39.14,21 / 21,2037029,2019-09-06 18:50:03:711,0.2216,-0.9221,9.2341,0.0123,-0.004,9.8065,-0.0977,-0.1728,0.0077,-25.87,-29.25,3.56,301.32,-80.26,-147.79
52.416855,-1.563912,170.23,10.46,3,39.14,21 / 21,2037128,2019-09-06 18:50:03:810,-0.7356,-1.1374,9.7688,0.012,0.0057,9.8066,-0.1152,-0.2113,0.0491,-25.94,-29.37,4.69,302.61,-80.09,-148.65
52.416855,-1.563912,170.23,10.46,3,39.14,21 / 21,2037229,2019-09-06 18:50:03:911,-1.177,-1.95,9.8099,-0.0052,-0.0112,9.8066,0.0232,-0.1673,0.0162,-25.56,-29.69,5.5,305.47,-80.16,-148.03
52.416855,-1.563912,170.23,10.46,3,39.14,21 / 21,2037330,2019-09-06 18:50:04:012,-2.0718,0.6321,10.7751,-0.043,-0.0043,9.8065,-0.1398,-0.039,-0.0318,-24.81,-29.25,4.44,300.34,-80.24,-148.63
52.416855,-1.563912,170.23,10.46,3,39.14,21 / 21,2037429,2019-09-06 18:50:04:111,-1.266,-0.9585,10.7549,-0.074,-0.0092,9.8063,0.2043,-0.1363,-0.0125,-24,-29.62,4.88,304.29,-80.39,-147.29
52.416855,-1.563912,170.23,10.46,3,39.14,21 / 21,2037529,2019-09-06 18:50:04:211,-0.0933,-0.6095,10.9144,0.0705,-0.0118,9.8063,0.1332,-0.1586,0.0283,-25.5,-29.81,5.13,301.98,-79.75,-148.57
52.416855,-1.563912,170.23,10.46,3,39.14,21 / 21,2037628,2019-09-06 18:50:04:310,-0.9007,-0.4631,9.604,0.0329,0.0009,9.8065,-0.0205,-0.0719,0.0214,-25.56,-29.69,4.44,299.32,-79.64,-148.59
52.416855,-1.563912,170.23,10.46,3,39.14,21 / 21,2037729,2019-09-06 18:50:04:411,-1.8624,-0.6338,8.9512,0.0112,-0.0105,9.8065,-0.0278,-0.0864,0.0215,-25.69,-30.56,4.69,301.77,-79.65,-148.27
52.416855,-1.563912,170.23,10.46,3,39.14,21 / 21,2037828,2019-09-06 18:50:04:510,-0.3132,-0.6831,9.6979,-0.0038,0.0071,9.8066,-0.0209,-0.1931,0.0231,-25.81,-30.19,4.81,302.56,-79.7,-147.95
52.416855,-1.563912,170.23,10.46,3,39.14,21 / 21,2037928,2019-09-06 18:50:04:610,-0.3348,-0.6431,9.4043,0.0144,0.0005,9.8066,0.0249,-0.1223,0.001,-25.5,-29.75,5.19,302.42,-79.75,-148.17
52.416855,-1.563912,170.23,10.46,3,39.14,21 / 21,2038029,2019-09-06 18:50:04:711,-0.4385,-0.736,9.7934,0.0236,-0.0026,9.8065,-0.0143,-0.1612,-0.0151,-26.12,-30.37,5.81,304.36,-79.66,-148.5
52.416855,-1.563912,170.23,10.46,3,39.14,21 / 21,2038128,2019-09-06 18:50:04:810,-0.6214,-1.106,9.9482,-0.0057,0.0043,9.8066,-0.0402,-0.1556,0.0258,-25.75,-30.31,6.38,304.11,-79.79,-148.85
52.416855,-1.563912,170.23,10.46,3,39.14,21 / 21,2038228,2019-09-06 18:50:04:910,-0.7334,-0.994,9.9155,-0.0151,0.0069,9.8066,0.0181,-0.1141,-0.0287,-26.31,-30.19,5.31,301.07,-79.79,-149.39
52.416855,-1.563912,170.23,10.46,3,39.14,21 / 21,2038328,2019-09-06 18:50:05:010,-0.9398,-0.1954,10.3934,0.0349,0.0028,9.8065,0.0785,-0.1051,0.0123,-26,-30.31,6.56,305.54,-79.93,-149.89
52.416855,-1.563912,170.23,10.46,3,39.14,21 / 21,2038429,2019-09-06 18:50:05:111,-0.2072,0.1321,10.2621,-0.0023,0.0122,9.8066,-0.0797,-0.1576,0.107,-26.37,-30.06,6.31,301.61,-79.9,-151.2
52.416855,-1.563912,170.23,10.46,3,39.14,21 / 21,2038528,2019-09-06 18:50:05:210,-0.7531,-3.7057,10.333,0.0444,0.0041,9.8065,0.0639,-0.2503,-0.009,-26.31,-30.62,6.44,300.47,-79.55,-151.51
52.416855,-1.563912,170.23,10.46,3,39.14,21 / 21,2038628,2019-09-06 18:50:05:310,-1.3116,0.9924,10.381,0.0543,-0.028,9.8064,-0.0677,-0.0683,-0.0418,-25.87,-30.06,6.31,300.97,-79.43,-151.27
52.416855,-1.563912,170.23,10.46,3,39.14,21 / 21,2038729,2019-09-06 18:50:05:411,-0.0939,-2.5608,10.3201,0.0175,-0.0211,9.8066,0.109,-0.153,0.18,-27.19,-30.37,7.25,303.49,-79.33,-150.91
52.416855,-1.563912,170.23,10.46,3,39.14,21 / 21,2038831,2019-09-06 18:50:05:513,-0.5066,-0.9154,10.0352,-0.0005,0.0166,9.8065,0.0106,-0.0639,-0.0512,-26.75,-30.25,7.63,305.11,-79.37,-151.57
52.416855,-1.563912,170.23,10.46,3,39.14,21 / 21,2038929,2019-09-06 18:50:05:611,0.162,-1.0584,9.9174,-0.0081,0.0102,9.8066,0.0086,-0.1165,-0.0346,-27.19,-30.12,7.44,302.44,-79.22,-151.73
52.416855,-1.563912,170.23,10.46,3,39.14,21 / 21,2039029,2019-09-06 18:50:05:711,-0.9237,-0.9235,10.1555,-0.0145,0.0012,9.8066,0.0541,-0.1286,0.0201,-27,-30.25,6.88,302.4,-79.34,-151.88
52.416855,-1.563912,170.23,10.46,3,39.14,21 / 21,2039129,2019-09-06 18:50:05:811,-0.8378,-1.3721,10.2045,0.0046,0.0011,9.8066,0.0683,-0.1579,0.0433,-27.56,-29.94,8.25,304.12,-79.32,-152.16
52.416855,-1.563912,170.23,10.46,3,39.14,21 / 21,2039229,2019-09-06 18:50:05:911,-0.046,-1.3063,9.982,0.0041,0.005,9.8066,-0.1403,-0.1244,0.0127,-28.19,-30.25,8,303.64,-79.3,-152.56
52.416855,-1.563912,170.23,10.46,3,39.14,21 / 21,2039329,2019-09-06 18:50:06:011,-1.1501,-0.7738,9.4338,0.0095,-0.0003,9.8066,0.0905,-0.1195,0.0202,-28.5,-29.19,9.06,305.99,-79.19,-152.63
52.416855,-1.563912,170.23,10.46,3,39.14,21 / 21,2039430,2019-09-06 18:50:06:112,-1.1927,-0.9886,10.3165,0.0089,-0.0089,9.8066,0.0823,-0.1149,0.0404,-28,-28.69,9.75,308.38,-79.15,-152.4
52.416855,-1.563912,170.23,10.46,3,39.14,21 / 21,2039528,2019-09-06 18:50:06:210,-0.6924,-1.0471,9.4727,0.0037,0.0015,9.8065,0.005,-0.1466,0.0248,-27.56,-29.06,9.63,308.35,-79.15,-152.42
52.416855,-1.563912,170.23,10.46,3,39.14,21 / 21,2039629,2019-09-06 18:50:06:311,-1.1523,-1.3887,9.6688,0.004,-0.0042,9.8066,0.0042,-0.1698,0.0428,-27.12,-29.25,9.06,306.55,-79.13,-152.4
52.416855,-1.563912,170.23,10.46,3,39.14,21 / 21,2039728,2019-09-06 18:50:06:410,-0.7383,-1.7145,10.084,-0.0033,0.0029,9.8065,-0.0081,-0.0608,-0.0154,-27.94,-29.75,9.31,305.56,-79,-152.53
52.416855,-1.563912,170.23,10.46,3,39.14,21 / 21,2039828,2019-09-06 18:50:06:510,-1.7098,-0.8896,9.993,0.006,-0.0084,9.8066,-0.0878,-0.2185,0.057,-28.19,-29.94,9.63,307.68,-78.88,-152.48
52.416855,-1.563912,170.23,10.46,3,39.14,21 / 21,2039929,2019-09-06 18:50:06:611,-0.9585,2.3886,8.4694,-0.0228,0.0049,9.8065,0.2943,-0.3884,0.2043,-27.94,-30,9.63,307.08,-78.78,-152.92
52.416855,-1.563912,170.23,10.46,3,39.14,21 / 21,2040029,2019-09-06 18:50:06:711,-2.3973,-2.1994,8.6849,-0.0103,0.0335,9.8065,0.1473,-0.1193,-0.1488,-28.62,-29.87,9.88,306.11,-78.85,-153.49
52.416855,-1.563912,170.23,10.46,3,39.14,21 / 21,2040128,2019-09-06 18:50:06:810,1.8217,1.53,8.3743,-0.0122,0.0038,9.8066,0.1391,-0.24,0.0716,-27.81,-30.12,10.25,305.76,-78.81,-154.11
52.416855,-1.563912,170.23,10.46,3,39.14,21 / 21,2040228,2019-09-06 18:50:06:910,-0.6953,-1.9579,8.764,0.0226,0.0326,9.8065,-0.2003,-0.1493,-0.1521,-28.25,-30.12,10.75,306.12,-79,-155.88
52.416855,-1.563912,170.23,10.46,3,39.14,21 / 21,2040328,2019-09-06 18:50:07:010,-0.9722,-2.0212,10.6425,-0.0185,0.0194,9.8066,-0.1113,-0.2601,0.0716,-27.69,-30.31,11.25,305.07,-79.14,-156.93
52.416855,-1.563912,170.23,10.46,3,39.14,21 / 21,2040429,2019-09-06 18:50:07:111,-0.0367,-0.6998,10.1585,0.0021,0.0049,9.8066,0.1223,-0.1917,-0.0261,-27.62,-30.25,11.63,305.94,-79.12,-158
52.416855,-1.563912,170.23,10.46,3,39.14,21 / 21,2040529,2019-09-06 18:50:07:211,-0.7755,-0.9346,9.2231,0.0237,-0.0068,9.8066,0.0907,-0.1811,0.023,-28.56,-29.62,11.44,302.44,-79.06,-158.82
52.416855,-1.563912,170.23,10.46,3,39.14,21 / 21,2040628,2019-09-06 18:50:07:310,-0.3751,-2.3459,9.5815,-0.0189,0.0106,9.8066,-0.1089,-0.1415,0.0057,-28.19,-30.44,12.31,305.04,-79.12,-158.8
52.416855,-1.563912,170.23,10.46,3,39.14,21 / 21,2040729,2019-09-06 18:50:07:411,-1.2189,-0.6048,9.6352,-0.0206,-0.0027,9.8066,0.0346,-0.1648,0.087,-28.37,-29.69,12.44,306.21,-79.27,-157.9
52.416855,-1.563912,170.23,10.46,3,39.14,21 / 21,2040829,2019-09-06 18:50:07:511,0.2178,-2.9413,10.5605,-0.0411,-0.0181,9.8065,0.1812,-0.1947,0.159,-28.19,-29.56,12.38,308.16,-79.34,-156.23
52.416855,-1.563912,170.23,10.46,3,39.14,21 / 21,2040929,2019-09-06 18:50:07:611,-1.1733,-1.7503,9.8194,0.0245,-0.0039,9.8066,0.0152,-0.0874,-0.0429,-28.75,-29.69,12.81,309.94,-79.02,-155.67
52.416855,-1.563912,170.23,10.46,3,39.14,21 / 21,2041029,2019-09-06 18:50:07:711,-0.982,-3.1313,10.8011,-0.0013,-0.0277,9.8065,0.0966,-0.2408,0.1634,-28.81,-29.5,12.94,311.66,-78.97,-154.38
52.416855,-1.563912,170.23,10.46,3,39.14,21 / 21,2041129,2019-09-06 18:50:07:811,-0.5092,-0.5409,10.6031,0.0124,-0.0215,9.8066,0.0167,-0.0582,-0.0205,-29.12,-29.37,13.5,314.91,-78.67,-153.03
52.416855,-1.563912,170.23,10.46,3,39.14,21 / 21,2041229,2019-09-06 18:50:07:911,-1.6461,-1.2368,11.1475,0.0052,-0.0162,9.8065,0.1261,-0.1741,0.1077,-29.44,-29.44,14,315.89,-78.42,-151.99
52.416855,-1.563912,170.23,10.46,3,39.14,21 / 21,2041328,2019-09-06 18:50:08:010,-1.4209,-0.94,10.0574,0.0359,-0.0183,9.8065,0.0616,-0.1249,0.0258,-29.56,-28.81,13.94,314.99,-78.09,-151.98
52.416855,-1.563912,170.23,10.46,3,39.14,21 / 21,2041429,2019-09-06 18:50:08:111,-1.4555,-1.4532,10.2513,0.01,-0.0093,9.8066,0.0378,-0.1019,0.0174,-29.94,-29.69,14.19,314.97,-78.04,-151.7
52.416855,-1.563912,170.23,10.46,3,39.14,21 / 21,2041528,2019-09-06 18:50:08:210,-0.3329,0.2341,9.5873,0.0159,0.0004,9.8065,0.011,-0.153,0.0081,-30,-29.44,15.06,316.42,-77.89,-152.24
52.416855,-1.563912,170.23,10.46,3,39.14,21 / 21,2041628,2019-09-06 18:50:08:310,-1.291,-1.0826,10.3295,0.0223,-0.0087,9.8066,0.0546,-0.1548,0.0223,-30.25,-29.25,15,316.07,-77.87,-152.53
52.416855,-1.563912,170.23,10.46,3,39.14,21 / 21,2041728,2019-09-06 18:50:08:410,-1.276,-1.2411,9.4267,0.0138,0.0075,9.8066,0.0743,-0.1335,-0.0171,-29.75,-28.94,15.25,316.08,-77.89,-152.53
52.416855,-1.563912,170.23,10.46,3,39.14,21 / 21,2041828,2019-09-06 18:50:08:510,-0.3693,0.2088,9.2761,-0.0186,0.0087,9.8066,0.0048,-0.1724,0.0948,-29.69,-29.06,15.56,317.58,-78.05,-152.96
52.416855,-1.563912,170.23,10.46,3,39.14,21 / 21,2041928,2019-09-06 18:50:08:610,0.0393,-0.9892,10.1879,0.0198,0.0099,9.8065,0.042,-0.1783,0.0374,-29.75,-28.81,16.06,317.25,-78.01,-153.21
52.416855,-1.563912,170.23,10.46,3,39.14,21 / 21,2042029,2019-09-06 18:50:08:711,-0.9342,-1.2086,9.2979,0.0312,-0.0133,9.8066,-0.1469,-0.1785,0.0443,-29.56,-28.62,15.63,316.98,-78.03,-153.47
52.416855,-1.563912,170.23,10.46,3,39.14,21 / 21,2042128,2019-09-06 18:50:08:810,-0.054,-0.1457,9.599,-0.0407,0.0216,9.8065,-0.2296,-0.0781,-0.0338,-30.12,-29,16.75,318.7,-78.11,-153.59
52.416855,-1.563912,170.23,10.46,3,39.14,21 / 21,2042228,2019-09-06 18:50:08:910,-0.7405,-0.1242,9.8339,-0.0154,0.0088,9.8066,0.1349,-0.0871,-0.0823,-29.75,-29,15.5,316.16,-77.99,-154.14
52.416855,-1.563912,170.23,10.46,3,39.14,21 / 21,2042329,2019-09-06 18:50:09:011,-0.6672,-2.0115,9.6649,0.0082,-0.015,9.8066,0.0352,-0.1407,0.0411,-30.31,-28.56,16.44,315.48,-77.98,-154.72
52.416855,-1.563912,170.23,10.46,3,39.14,21 / 21,2042429,2019-09-06 18:50:09:111,-1.3824,0.3922,10.2743,-0.0145,0.0212,9.8066,0.0278,-0.0235,-0.0172,-29.56,-28.87,16.38,315.4,-78.12,-154.89
52.416855,-1.563912,170.23,10.46,3,39.14,21 / 21,2042529,2019-09-06 18:50:09:211,-0.8874,-0.6057,9.9023,0.0091,0.0119,9.8066,-0.066,0.0241,-0.0592,-30,-29,16.56,316.38,-78.15,-155.63
52.416855,-1.563912,170.23,10.46,3,39.14,21 / 21,2042629,2019-09-06 18:50:09:311,0.0686,-0.4724,10.5007,0.0028,0.007,9.8066,-0.0648,-0.0347,-0.0541,-29,-29,16.81,316.52,-78.17,-156.18
52.416855,-1.563912,170.23,10.46,3,39.14,21 / 21,2042729,2019-09-06 18:50:09:411,-0.9242,0.8906,9.3335,0.0278,-0.001,9.8065,0.048,-0.0618,0.0206,-28.62,-28.5,17,315.44,-78.09,-157.31
52.416855,-1.563912,170.23,10.46,3,39.14,21 / 21,2042829,2019-09-06 18:50:09:511,1.0686,0.1834,9.3564,0.0199,0.0017,9.8066,-0.1488,-0.0491,-0.096,-29,-29,16.69,313.79,-77.92,-158.37
52.416855,-1.563912,170.23,10.46,3,39.14,21 / 21,2042928,2019-09-06 18:50:09:610,-1.1759,0.7946,9.2929,-0.0218,0.0005,9.8066,-0.0945,0.0188,-0.0197,-28.56,-29.31,16.94,313.79,-78.12,-158.52
52.416855,-1.563912,170.23,10.46,3,39.14,21 / 21,2043029,2019-09-06 18:50:09:711,-2.4802,-0.2054,9.1412,0.0178,0.0137,9.8066,-0.1014,-0.0739,0.0072,-28.81,-28.81,16.81,313.52,-78.17,-158.79
52.416855,-1.563912,170.23,10.46,3,39.14,21 / 21,2043128,2019-09-06 18:50:09:810,-0.1621,1.0836,9.0178,-0.071,0.0204,9.8063,-0.2165,0.0274,-0.0562,-29.31,-29.69,16.94,314.26,-78.58,-158.2
52.416855,-1.563912,170.23,10.46,3,39.14,21 / 21,2043229,2019-09-06 18:50:09:911,-0.7232,0.3982,9.1873,-0.0408,0.0205,9.8065,0.2105,-0.0232,0.0183,-28.87,-29.06,17,314.46,-78.48,-158.19
52.416855,-1.563912,170.23,10.46,3,39.14,21 / 21,2043329,2019-09-06 18:50:10:011,-2.0705,-0.8051,10.5312,-0.0001,-0.002,9.8066,0.1405,-0.1,0.0429,-28.94,-29.12,16.88,313.8,-78.32,-158.67
52.416855,-1.563912,170.23,10.46,3,39.14,21 / 21,2043429,2019-09-06 18:50:10:111,-0.8998,1.1016,10.6277,-0.0483,0.0186,9.8064,0.3026,-0.0119,-0.0278,-28.56,-28.62,16.94,314.14,-78.39,-158.41
52.416855,-1.563912,170.23,10.46,3,39.14,21 / 21,2043529,2019-09-06 18:50:10:211,-0.611,1.0245,10.423,0.0445,-0.0156,9.8064,-0.2073,-0.0691,-0.0124,-29.06,-28.75,17.44,313.2,-78.16,-159.06
52.416855,-1.563912,170.23,10.46,3,39.14,21 / 21,2043628,2019-09-06 18:50:10:310,-0.1121,0.8934,10.2971,0.0169,0.0128,9.8065,-0.1369,0.0528,-0.0319,-28.69,-28.62,17.5,314.46,-78.32,-159.64
52.416855,-1.563912,170.23,10.46,3,39.14,21 / 21,2043729,2019-09-06 18:50:10:411,-0.2648,-0.0781,9.705,0.021,-0.0116,9.8066,-0.0117,0.022,0.072,-28.81,-28.62,16.88,313.01,-78.15,-159.22
52.416855,-1.563912,170.23,10.46,3,39.14,21 / 21,2043828,2019-09-06 18:50:10:510,-0.063,1.9784,10.0254,0.0093,-0.0117,9.8066,0.0462,-0.0723,0.0342,-29.06,-28.31,17.19,313.33,-78.12,-159.18
52.416855,-1.563912,170.23,10.46,3,39.14,21 / 21,2043928,2019-09-06 18:50:10:610,-0.8364,0.5655,10.1542,0.0179,-0.0216,9.8065,0.0176,-0.0457,-0.0165,-29.06,-28.12,17.19,313.98,-78.27,-158.72
52.416855,-1.563912,170.23,10.46,3,39.14,21 / 21,2044028,2019-09-06 18:50:10:710,-0.513,2.4301,9.7167,0.0129,-0.0102,9.8066,0.0221,-0.0529,0.0578,-29.19,-28.37,16.69,314.14,-78.13,-158.48
52.416855,-1.563912,170.23,10.46,3,39.14,21 / 21,2044129,2019-09-06 18:50:10:811,-1.4789,0.0623,9.5684,0.0067,-0.012,9.8065,-0.0028,-0.0148,-0.0135,-29.12,-29.12,16.88,314.12,-78.08,-158.2
52.416855,-1.563912,170.23,10.46,3,39.14,21 / 21,2044229,2019-09-06 18:50:10:911,0.1157,-0.1041,9.7713,-0.0192,0.0079,9.8066,-0.0575,-0.069,0.0153,-29.19,-27.94,16.94,314.59,-78.19,-158.12
52.416855,-1.563912,170.23,10.46,3,39.14,21 / 21,2044329,2019-09-06 18:50:11:011,0.4371,1.9408,9.8303,0.0148,-0.0079,9.8066,-0.0104,0.1036,-0.042,-28.87,-28.37,17.13,314.98,-78.19,-157.78
52.416855,-1.563912,170.23,10.46,3,39.14,21 / 21,2044428,2019-09-06 18:50:11:110,-1.1664,0.1012,11.6659,0.0356,-0.0011,9.8065,0.1284,-0.1064,-0.0239,-28.81,-28.37,17.13,314.56,-78.13,-158.1
52.416855,-1.563912,170.23,10.46,3,39.14,21 / 21,2044529,2019-09-06 18:50:11:211,-0.3822,-1.7917,9.8179,0.0526,-0.0452,9.8063,-0.0302,-0.0428,0.1242,-29.69,-28.37,17.81,314.81,-78.23,-158.83
52.416855,-1.563912,170.23,10.46,3,39.14,21 / 21,2044628,2019-09-06 18:50:11:310,-0.1177,0.1079,9.3508,0.0026,0.0021,9.8066,-0.1239,-0.0134,0.035,-29.19,-28.12,16.88,314.43,-77.82,-158
52.416855,-1.563912,170.23,10.46,3,39.14,21 / 21,2044728,2019-09-06 18:50:11:410,-0.132,1.2939,9.8527,0.0274,-0.0137,9.8065,-0.0192,0.0377,-0.1481,-29,-29,16.88,314.79,-78.26,-157.75
52.416855,-1.563912,170.23,10.46,3,39.14,21 / 21,2044829,2019-09-06 18:50:11:511,0.1667,1.9459,10.2782,0.0336,-0.0151,9.8065,0.0024,-0.04,0.0969,-28.81,-28.5,16.44,314.15,-78.44,-157.1
52.416855,-1.563912,170.23,10.46,3,39.14,21 / 21,2044929,2019-09-06 18:50:11:611,0.2024,0.2136,10.1602,0.0079,0.0022,9.8066,-0.0166,0.0257,-0.0412,-28.81,-28.69,17.38,315.42,-78.37,-157.28
52.416855,-1.563912,170.23,10.46,3,39.14,21 / 21,2045029,2019-09-06 18:50:11:711,0.144,0.9479,9.8349,0.0317,-0.0143,9.8065,0.07,-0.0222,0.0972,-28.75,-29.25,17.06,314.13,-78.03,-158.15
52.416855,-1.563912,170.23,10.46,3,39.14,21 / 21,2045129,2019-09-06 18:50:11:811,-1.2163,0.6329,10.3495,-0.0283,-0.005,9.8065,-0.1399,0.0263,0.0307,-28.62,-29.12,17.69,316.45,-77.74,-157.5
52.416855,-1.563912,170.23,10.46,3,39.14,21 / 21,2045229,2019-09-06 18:50:11:911,-0.0793,1.3908,9.4005,-0.0277,0.0097,9.8066,0.0334,0.0352,-0.0193,-28.56,-28.75,17.38,316.04,-77.95,-156.45
52.416855,-1.563912,170.23,10.46,3,39.14,21 / 21,2045328,2019-09-06 18:50:12:010,-0.3249,-0.1827,9.8686,0.016,-0.0228,9.8065,0.0589,0.0175,0.0307,-29.31,-28.37,17.75,318.87,-77.85,-155.73
52.417145,-1.562498,171.38,13.04,2,87.85,21 / 21,2045428,2019-09-06 18:50:12:110,0.2763,0.1465,8.8146,0,0.0048,9.8066,-0.0152,0.0219,0.0213,-29.44,-29.06,17.44,317.67,-77.96,-155.05
52.417145,-1.562498,171.38,13.04,2,87.85,21 / 21,2045529,2019-09-06 18:50:12:211,-1.2529,-1.1627,10.6222,-0.0526,0.0247,9.8065,0.1,-0.1601,0.1735,-29.12,-29.06,16.94,318.75,-78.28,-154.34
52.417145,-1.562498,171.38,13.04,2,87.85,21 / 21,2045628,2019-09-06 18:50:12:310,-0.1717,0.225,11.1389,-0.0421,0.0028,9.8065,0.0155,-0.0671,-0.0413,-29.37,-28.5,17.69,321.87,-78.36,-153.47
52.417145,-1.562498,171.38,13.04,2,87.85,21 / 21,2045728,2019-09-06 18:50:12:410,-1.1724,-0.5729,10.8078,-0.007,0.0076,9.8065,0.2583,0.0388,-0.0327,-29.44,-28.44,17.56,321.18,-77.96,-153.82
52.417145,-1.562498,171.38,13.04,2,87.85,21 / 21,2045829,2019-09-06 18:50:12:511,0.1277,0.1268,10.7294,-0.0128,-0.0047,9.8066,0.122,0.0021,0.0997,-29.31,-29.12,16.88,318.85,-77.93,-154.01
52.417145,-1.562498,171.38,13.04,2,87.85,21 / 21,2045928,2019-09-06 18:50:12:610,0.6535,1.658,9.2235,0.0269,-0.0267,9.8065,-0.1419,0.0944,-0.0841,-29.44,-29.06,17.13,319.18,-77.71,-153.58
52.417145,-1.562498,171.38,13.04,2,87.85,21 / 21,2046029,2019-09-06 18:50:12:711,-1.2371,0.833,9.5901,0.0365,-0.0185,9.8065,0.0065,-0.0506,0.0349,-29.25,-28.87,17.19,319.8,-77.86,-153.15
52.417145,-1.562498,171.38,13.04,2,87.85,21 / 21,2046129,2019-09-06 18:50:12:811,-0.7634,0.086,9.2002,-0.0073,-0.0116,9.8066,-0.0452,0.0409,-0.0145,-29.75,-28.81,16.75,319.93,-77.79,-152.32
52.417145,-1.562498,171.38,13.04,2,87.85,21 / 21,2046229,2019-09-06 18:50:12:911,1.1075,-0.6052,9.5162,0.0118,-0.0119,9.8066,0.0948,0.0534,0.0796,-29.37,-29.44,17.5,322.56,-77.64,-152.22
52.417145,-1.562498,171.38,13.04,2,87.85,21 / 21,2046329,2019-09-06 18:50:13:011,-1.5683,-0.0593,9.7949,0.0062,-0.0102,9.8066,-0.1781,-0.0235,0.0348,-29.81,-28.44,17.38,321.34,-77.81,-151.36
52.417145,-1.562498,171.38,13.04,2,87.85,21 / 21,2046428,2019-09-06 18:50:13:110,-1.509,1.5843,9.7438,0.0192,-0.0065,9.8066,-0.144,-0.0204,-0.0156,-29.31,-28.19,17.75,324.17,-77.83,-151.19
52.417145,-1.562498,171.38,13.04,2,87.85,21 / 21,2046529,2019-09-06 18:50:13:211,-0.1395,0.5458,9.3999,-0.0257,0.0089,9.8065,0.1062,0.0064,-0.0114,-29.69,-28.62,16.88,322.75,-77.97,-150.03
52.417145,-1.562498,171.38,13.04,2,87.85,21 / 21,2046628,2019-09-06 18:50:13:310,-0.5364,0.6172,9.7059,-0.031,0.009,9.8065,0.1403,-0.0657,0.0817,-29.5,-28.81,17.38,323.48,-77.95,-150.09
52.417145,-1.562498,171.38,13.04,2,87.85,21 / 21,2046729,2019-09-06 18:50:13:411,0.3674,0.9792,10.3477,0.0203,-0.0134,9.8066,-0.0492,-0.0522,0.0465,-29.87,-28.44,17.31,323.02,-77.84,-149.94
52.417145,-1.562498,171.38,13.04,2,87.85,21 / 21,2046828,2019-09-06 18:50:13:510,-0.4653,0.597,10.1782,0.0435,-0.0245,9.8065,-0.1302,-0.0325,-0.0424,-29.81,-28.62,16.88,323.26,-77.78,-149.49
52.417145,-1.562498,171.38,13.04,2,87.85,21 / 21,2046929,2019-09-06 18:50:13:611,-2.5965,1.2834,8.81,-0.0195,0.0065,9.8066,-0.044,-0.0425,0.0602,-29.75,-28.69,16.94,324.27,-77.96,-148.74
52.417145,-1.562498,171.38,13.04,2,87.85,21 / 21,2047028,2019-09-06 18:50:13:710,-0.0356,0.4297,9.4175,0.0129,-0.0103,9.8065,-0.0554,-0.0072,-0.0296,-30.25,-28.69,17.06,324.65,-77.9,-148.39
52.417145,-1.562498,171.38,13.04,2,87.85,21 / 21,2047128,2019-09-06 18:50:13:810,-1.8734,2.659,9.1934,-0.0546,0.0331,9.8064,0.1387,-0.026,0.0764,-29.69,-28.87,16.75,325.2,-78.17,-148.08
52.417145,-1.562498,171.38,13.04,2,87.85,21 / 21,2047228,2019-09-06 18:50:13:910,-0.2393,0.8468,8.6725,-0.0658,0.0406,9.8063,0.0461,-0.0378,0.0441,-29.31,-28.75,17.06,326.14,-78.25,-148.03
52.417145,-1.562498,171.38,13.04,2,87.85,21 / 21,2047329,2019-09-06 18:50:14:011,-1.7386,0.5796,9.6478,-0.0171,0.0151,9.8066,0.0493,-0.1387,0.0405,-30.25,-29.06,16.88,325.68,-78.31,-147.75
52.417145,-1.562498,171.38,13.04,2,87.85,21 / 21,2047428,2019-09-06 18:50:14:110,-1.0086,1.0176,9.1544,-0.0355,0.0067,9.8065,0.0328,0.0588,0.0025,-30.31,-28.25,16,324.9,-78.42,-147.13
52.417145,-1.562498,171.38,13.04,2,87.85,21 / 21,2047529,2019-09-06 18:50:14:211,-0.0292,0.4548,9.7137,-0.0075,-0.0044,9.8066,0.0741,0.0255,0.0383,-29.75,-29.12,16.31,324.87,-78.39,-146.94
52.417145,-1.562498,171.38,13.04,2,87.85,21 / 21,2047629,2019-09-06 18:50:14:311,0.6744,-0.4181,9.6857,-0.0175,-0.006,9.8066,0.0942,0.0119,-0.0384,-30,-29,16.38,325.84,-78.37,-146.11
52.417145,-1.562498,171.38,13.04,2,87.85,21 / 21,2047729,2019-09-06 18:50:14:411,-1.5573,1.3758,9.8652,0.0232,-0.0053,9.8066,-0.1371,-0.0351,0.0362,-30,-29.19,16.5,327.16,-78.27,-146.47
52.417145,-1.562498,171.38,13.04,2,87.85,21 / 21,2047829,2019-09-06 18:50:14:511,-0.6453,1.2828,9.8077,0.0257,-0.0124,9.8066,-0.1233,0.0282,-0.0554,-29.81,-28.44,17.06,327.63,-78.32,-146.29
52.417145,-1.562498,171.38,13.04,2,87.85,21 / 21,2047930,2019-09-06 18:50:14:612,-0.4248,0.9697,10.1035,-0.0042,0.0188,9.8066,-0.0419,0.0461,-0.0112,-30.12,-28.62,16.94,327.71,-78.39,-146.08
52.417145,-1.562498,171.38,13.04,2,87.85,21 / 21,2048028,2019-09-06 18:50:14:710,-0.0248,1.6822,9.2285,0.0203,0.003,9.8066,-0.1161,0.0153,0.0181,-29.69,-29.06,16.44,325.17,-78.58,-146.8
52.417145,-1.562498,171.38,13.04,2,87.85,21 / 21,2048129,2019-09-06 18:50:14:811,0.0778,-0.4553,9.5934,0.0059,-0.0049,9.8065,-0.0574,-0.0162,0.0073,-29.81,-28.81,16.69,327.56,-78.55,-146.29
52.417145,-1.562498,171.38,13.04,2,87.85,21 / 21,2048228,2019-09-06 18:50:14:910,0.4064,1.022,10.0676,0.0174,0.0049,9.8065,-0.0027,0.0302,0.0087,-30.19,-28.94,16.88,327.59,-78.71,-146.35
52.417145,-1.562498,171.38,13.04,2,87.85,21 / 21,2048329,2019-09-06 18:50:15:011,-0.1755,1.0797,9.1958,-0.0323,0.0118,9.8065,0.0746,0.0454,-0.0435,-29.44,-28.69,16.75,327.84,-78.59,-146.78
52.417145,-1.562498,171.38,13.04,2,87.85,21 / 21,2048428,2019-09-06 18:50:15:110,-0.665,0.2366,10.0435,-0.0316,0.0075,9.8066,0.0755,-0.004,0.0177,-29.19,-28.44,16.75,329.24,-78.81,-145.89
52.417145,-1.562498,171.38,13.04,2,87.85,21 / 21,2048528,2019-09-06 18:50:15:210,-0.279,1.0337,9.7745,0.0165,-0.0092,9.8066,-0.0845,-0.0052,-0.004,-30,-28.62,16.63,328.03,-78.87,-146.07
52.417145,-1.562498,171.38,13.04,2,87.85,21 / 21,2048629,2019-09-06 18:50:15:311,-0.5624,1.7829,8.9555,0.028,-0.0092,9.8065,-0.0573,0.0081,-0.0371,-29.44,-29.19,15.69,327.7,-78.92,-145.52
52.417145,-1.562498,171.38,13.04,2,87.85,21 / 21,2048729,2019-09-06 18:50:15:411,-0.6214,0.1164,9.1193,-0.0219,0.0191,9.8065,-0.075,-0.017,-0.0118,-30.19,-28.69,15.75,327.11,-79.02,-145.39
52.417145,-1.562498,171.38,13.04,2,87.85,21 / 21,2048828,2019-09-06 18:50:15:510,2.1762,2.2771,8.9643,-0.0102,0.024,9.8066,0.1479,0.1214,-0.1336,-29.5,-28.5,16.63,329.9,-79.38,-145.61
52.417145,-1.562498,171.38,13.04,2,87.85,21 / 21,2048928,2019-09-06 18:50:15:610,-0.8943,1.084,9.3283,-0.0353,0.0374,9.8065,-0.0229,-0.0094,-0.0182,-29.44,-28.75,16.38,326.85,-79.79,-146.73
52.417145,-1.562498,171.38,13.04,2,87.85,21 / 21,2049029,2019-09-06 18:50:15:711,0.0269,-0.2415,9.0914,-0.02,0.0323,9.8066,0.0096,-0.0566,0.0039,-29.37,-29.19,15.94,325.9,-79.93,-147.63
52.417145,-1.562498,171.38,13.04,2,87.85,21 / 21,2049129,2019-09-06 18:50:15:811,-1.2861,-0.9165,9.3703,-0.0204,0.0027,9.8066,-0.0643,0.0518,-0.1061,-29.62,-29.12,15.75,325.38,-80.19,-147.54
52.417145,-1.562498,171.38,13.04,2,87.85,21 / 21,2049229,2019-09-06 18:50:15:911,-0.1695,0.785,9.9167,-0.0322,0.0251,9.8065,0.1029,-0.0225,-0.0098,-28.87,-28.87,15.13,325.58,-80.67,-146.72
52.417145,-1.562498,171.38,13.04,2,87.85,21 / 21,2049329,2019-09-06 18:50:16:011,0.2898,0.9403,9.2222,0.0444,-0.0278,9.8065,-0.1497,0.0197,0.0371,-29.06,-29.44,15.06,325.55,-80.55,-146.69
52.417145,-1.562498,171.38,13.04,2,87.85,21 / 21,2049430,2019-09-06 18:50:16:112,0.026,0.8816,9.9648,0.0282,-0.0379,9.8065,-0.0419,0.0581,0.0194,-29.06,-28.94,14.88,327.34,-80.53,-145.11
52.417145,-1.562498,171.38,13.04,2,87.85,21 / 21,2049529,2019-09-06 18:50:16:211,-1.7006,1.6966,10.2141,0.0209,-0.0381,9.8065,-0.1271,0.0717,-0.0501,-29.06,-29.12,15.69,331.44,-80.5,-143.15
52.417145,-1.562498,171.38,13.04,2,87.85,21 / 21,2049628,2019-09-06 18:50:16:310,-0.5438,0.5998,10.036,0.031,-0.0056,9.8066,-0.004,-0.0479,0.0007,-29.19,-28.31,15.19,329.42,-80.46,-143.42
52.417145,-1.562498,171.38,13.04,2,87.85,21 / 21,2049729,2019-09-06 18:50:16:411,0.9004,0.8731,10.4219,0.037,0.0014,9.8065,-0.0325,-0.0292,0.0217,-29.06,-28.87,15.81,330.19,-80.45,-144.2
52.417145,-1.562498,171.38,13.04,2,87.85,21 / 21,2049829,2019-09-06 18:50:16:511,-0.8931,0.2495,9.9566,0.0386,-0.0012,9.8065,-0.1333,-0.0116,-0.0251,-29.44,-29.19,16.13,327.63,-80.32,-146.35
52.417145,-1.562498,171.38,13.04,2,87.85,21 / 21,2049929,2019-09-06 18:50:16:611,-0.3708,0.1566,9.1569,-0.0266,0.0327,9.8065,0.084,-0.0793,-0.0201,-29.25,-29.12,15.38,325.95,-80.78,-146.46
52.417145,-1.562498,171.38,13.04,2,87.85,21 / 21,2050030,2019-09-06 18:50:16:712,0.2525,0.9945,8.9746,-0.0227,0.0172,9.8066,-0.0244,-0.004,0.0319,-28.56,-29.5,15.5,327.77,-80.96,-146.57
52.417145,-1.562498,171.38,13.04,2,87.85,21 / 21,2050128,2019-09-06 18:50:16:810,-0.3443,0.3008,9.5269,0.0026,-0.0182,9.8065,0.0469,0.0088,-0.0024,-28.81,-29.5,14.75,327.07,-81,-145.61
52.417145,-1.562498,171.38,13.04,2,87.85,21 / 21,2050228,2019-09-06 18:50:16:910,-1.102,1.0942,10.2621,-0.0162,0.0023,9.8066,0.102,-0.0494,0.0367,-29.19,-29.62,15.38,328.23,-81.09,-144.5
52.417145,-1.562498,171.38,13.04,2,87.85,21 / 21,2050328,2019-09-06 18:50:17:010,0.8858,0.5649,10.4441,0.036,-0.0123,9.8065,-0.0451,-0.0167,0.063,-28.87,-29.31,15.69,330.49,-81.08,-144.26
52.417145,-1.562498,171.38,13.04,2,87.85,21 / 21,2050429,2019-09-06 18:50:17:111,-0.7261,0.7535,9.9248,0.0459,-0.017,9.8065,-0.1236,-0.0092,0.0096,-28.94,-29.19,15.06,326.69,-80.74,-145.8
52.417145,-1.562498,171.38,13.04,2,87.85,21 / 21,2050529,2019-09-06 18:50:17:211,-1.0356,-0.0879,10.915,-0.0127,0.0176,9.8066,0.0395,-0.0314,0.0334,-28.94,-29.44,15.56,328.46,-80.83,-145.9
52.417145,-1.562498,171.38,13.04,2,87.85,21 / 21,2050629,2019-09-06 18:50:17:311,-0.1705,0.3358,9.958,-0.0172,0.0185,9.8066,-0.0057,-0.0257,0.0313,-29.19,-29.31,15.19,326.05,-80.93,-146.46
52.417145,-1.562498,171.38,13.04,2,87.85,21 / 21,2050729,2019-09-06 18:50:17:411,-0.8112,1.8968,9.7377,-0.0037,-0.0142,9.8066,0.0634,-0.0404,0.0837,-28.44,-28.94,15.63,328.66,-80.83,-146.47
52.417145,-1.562498,171.38,13.04,2,87.85,21 / 21,2050829,2019-09-06 18:50:17:511,-0.8455,-2.4406,10.072,-0.0258,-0.0276,9.8065,0.0269,-0.1014,0.1091,-29.06,-28.44,15.06,329.27,-80.64,-143.64
52.417145,-1.562498,171.38,13.04,2,87.85,21 / 21,2050929,2019-09-06 18:50:17:611,-1.8407,2.2054,8.2093,-0.032,0.0328,9.8065,-0.0975,0.0421,0.0291,-29.75,-28.87,14.75,330.38,-81.14,-142.1
52.417145,-1.562498,171.38,13.04,2,87.85,21 / 21,2051029,2019-09-06 18:50:17:711,-0.5485,0.308,9.8034,-0.0182,-0.0186,9.8066,0.0419,0.0401,-0.0099,-29.56,-28.37,14.75,332.74,-81.18,-140.18
52.417145,-1.562498,171.38,13.04,2,87.85,21 / 21,2051128,2019-09-06 18:50:17:810,-0.1254,1.544,9.1058,-0.0116,0.0158,9.8066,0.036,-0.0525,0.0394,-29.44,-28.75,14.63,334.2,-81.33,-139.54
52.417145,-1.562498,171.38,13.04,2,87.85,21 / 21,2051228,2019-09-06 18:50:17:910,0.0647,1.071,10.301,-0.0179,0.0146,9.8066,0.0562,0.0121,-0.0294,-29.06,-28.94,14.63,333.24,-81.25,-140.34
52.417145,-1.562498,171.38,13.04,2,87.85,21 / 21,2051329,2019-09-06 18:50:18:011,0.066,0.1316,10.0479,0.0227,-0.0035,9.8066,-0.0433,-0.023,-0.0187,-29.75,-29.25,15.31,331.39,-81.31,-141.3
52.417145,-1.562498,171.38,13.04,2,87.85,21 / 21,2051429,2019-09-06 18:50:18:111,-0.6094,0.4619,9.9077,-0.0146,0.0071,9.8066,-0.0339,-0.0306,-0.0111,-29.06,-28.56,15.44,332.09,-81.41,-141.42
52.417145,-1.562498,171.38,13.04,2,87.85,21 / 21,2051529,2019-09-06 18:50:18:211,-1.09,0.6448,10.1637,0.005,0.0166,9.8066,-0.0303,-0.0347,-0.0202,-29.19,-29.37,15.06,332.3,-81.7,-141.37
52.417145,-1.562498,171.38,13.04,2,87.85,21 / 21,2051628,2019-09-06 18:50:18:310,-0.7187,0.8797,10.411,0.0341,-0.0055,9.8065,0.0236,-0.0055,0.0253,-29.06,-29,15,331.04,-81.69,-142.49
52.417145,-1.562498,171.38,13.04,2,87.85,21 / 21,2051728,2019-09-06 18:50:18:410,-1.3332,-0.5568,9.9232,0.0189,0.0117,9.8065,0.0226,0.0159,-0.1154,-29.25,-29.37,15,328.59,-81.61,-144.6
52.417145,-1.562498,171.38,13.04,2,87.85,21 / 21,2051829,2019-09-06 18:50:18:511,0.7139,0.5425,9.7817,-0.0064,0.0107,9.8065,-0.1753,-0.0049,0.0315,-28.75,-29.12,15.19,327.27,-81.83,-145.89
52.417145,-1.562498,171.38,13.04,2,87.85,21 / 21,2051928,2019-09-06 18:50:18:610,-0.5112,1.0242,10.1605,0.0031,0.0067,9.8066,-0.1606,0.0153,0.0281,-28.31,-29.12,14.69,329.82,-81.91,-144.4
52.417145,-1.562498,171.38,13.04,2,87.85,21 / 21,2052028,2019-09-06 18:50:18:710,0.8393,1.1372,10.3024,0.0469,-0.0245,9.8064,-0.034,0.0933,-0.0487,-28.94,-29.25,15.38,328.79,-81.96,-144.61
52.417145,-1.562498,171.38,13.04,2,87.85,21 / 21,2052128,2019-09-06 18:50:18:810,0.1989,1.5628,9.0562,-0.037,-0.0048,9.8065,0.052,0.0458,0.0443,-29.06,-29,15.19,329.62,-81.97,-143.88
52.417145,-1.562498,171.38,13.04,2,87.85,21 / 21,2052228,2019-09-06 18:50:18:910,-0.1735,0.0425,9.815,-0.018,-0.0109,9.8066,-0.0383,-0.0202,0.1417,-29.06,-28.44,15.31,330.62,-81.73,-142.99
52.417145,-1.562498,171.38,13.04,2,87.85,21 / 21,2052328,2019-09-06 18:50:19:010,-1.2252,0.4451,10.6106,-0.0215,-0.0098,9.8066,0.1462,-0.0043,-0.0387,-29.37,-29.06,15.25,332.15,-81.58,-141.45
52.417145,-1.562498,171.38,13.04,2,87.85,21 / 21,2052429,2019-09-06 18:50:19:111,0.2686,0.1031,9.8224,-0.0195,0.0026,9.8065,0.1947,-0.0288,-0.041,-29.44,-28.75,15.56,334.89,-81.47,-140.59
52.417145,-1.562498,171.38,13.04,2,87.85,21 / 21,2052528,2019-09-06 18:50:19:210,-0.1264,0.5184,9.1601,0.0242,-0.0034,9.8066,-0.0933,0.0178,0.0516,-29.62,-28.87,15.38,330.37,-81.33,-142.2
52.417145,-1.562498,171.38,13.04,2,87.85,21 / 21,2052629,2019-09-06 18:50:19:311,0.1936,0.2288,9.0491,-0.014,0.0044,9.8065,-0.0833,0.0437,-0.0225,-29.31,-28.87,14.5,332.61,-81.54,-141.03
52.417145,-1.562498,171.38,13.04,2,87.85,21 / 21,2052728,2019-09-06 18:50:19:410,-1.0195,2.2366,9.7294,-0.012,-0.0005,9.8066,-0.1066,0.0306,-0.0143,-28.87,-28.5,14.56,335.24,-81.99,-139.03
52.417145,-1.562498,171.38,13.04,2,87.85,21 / 21,2052829,2019-09-06 18:50:19:511,-1.0885,0.1747,10.4066,-0.0038,-0.0163,9.8066,0.003,-0.047,0.0785,-28.87,-28.19,15.13,336.62,-81.94,-137.79
52.417145,-1.562498,171.38,13.04,2,87.85,21 / 21,2052928,2019-09-06 18:50:19:610,0.4219,1.081,9.4005,0.0023,0.0134,9.8066,0.1142,-0.0575,0.0199,-28.75,-28.19,15,336.17,-81.77,-138.12
52.417145,-1.562498,171.38,13.04,2,87.85,21 / 21,2053028,2019-09-06 18:50:19:710,-0.3637,0.4122,10.195,-0.0024,-0.0074,9.8066,0.0211,0.0529,-0.0592,-29.5,-27.69,15.69,336.44,-81.61,-139.39
52.417145,-1.562498,171.38,13.04,2,87.85,21 / 21,2053128,2019-09-06 18:50:19:810,-0.3631,0.1474,9.7659,-0.0062,0.0212,9.8066,0.0294,-0.0074,-0.0241,-30.37,-27.37,15.88,335.26,-81.87,-139.9
52.417145,-1.562498,171.38,13.04,2,87.85,21 / 21,2053229,2019-09-06 18:50:19:911,-0.2301,0.6336,9.6547,-0.004,0.0163,9.8066,0.0087,-0.0227,-0.0364,-30.31,-28.19,15.44,333.23,-82.1,-140.15
52.417145,-1.562498,171.38,13.04,2,87.85,21 / 21,2053329,2019-09-06 18:50:20:011,-0.6008,0.6951,9.9268,-0.006,0.0125,9.8066,-0.0407,-0.0572,0.0417,-30.5,-27.44,14.75,333.54,-82.34,-140.08
52.417145,-1.562498,171.38,13.04,2,87.85,21 / 21,2053429,2019-09-06 18:50:20:111,0.4093,0.1034,9.9349,-0.0079,-0.0122,9.8066,0.0216,-0.018,0.038,-30.87,-28.06,14.88,333.13,-82.24,-139.63
52.417145,-1.562498,171.38,13.04,2,87.85,21 / 21,2053529,2019-09-06 18:50:20:211,-0.4675,0.4137,9.6183,-0.0113,0.0058,9.8066,0.0505,0.0021,0.0284,-30.12,-28.19,14.31,332.01,-82.14,-139.67
52.417145,-1.562498,171.38,13.04,2,87.85,21 / 21,2053628,2019-09-06 18:50:20:310,0.237,1.6046,9.2916,-0.0314,-0.001,9.8065,0.0329,0.0011,0.067,-30.12,-27.62,15,335.2,-82.23,-138.44
52.417145,-1.562498,171.38,13.04,2,87.85,21 / 21,2053728,2019-09-06 18:50:20:410,-1.6109,-0.4764,10.2255,-0.0132,-0.0167,9.8066,-0.0783,-0.0388,-0.0157,-30.5,-27.94,14.38,336.88,-81.96,-135.27
52.417145,-1.562498,171.38,13.04,2,87.85,21 / 21,2053828,2019-09-06 18:50:20:510,-0.7527,1.5443,10.154,-0.0127,0.011,9.8066,0.0186,0.0157,0.023,-30.69,-27.37,14.69,339.1,-82.15,-134.35
52.417145,-1.562498,171.38,13.04,2,87.85,21 / 21,2053928,2019-09-06 18:50:20:610,-0.8869,-0.7711,9.9589,0.0171,-0.0416,9.8065,0.03,0.0356,0.0105,-31,-27.56,15,338.84,-81.76,-134.37
52.417145,-1.562498,171.38,13.04,2,87.85,21 / 21,2054028,2019-09-06 18:50:20:710,-0.4168,-0.4513,10.3807,-0.0132,-0.0033,9.8065,0.0881,-0.0504,0.0182,-30.56,-27.75,14.88,338.73,-81.59,-134.41
52.417145,-1.562498,171.38,13.04,2,87.85,21 / 21,2054128,2019-09-06 18:50:20:810,-0.2374,0.1256,10.0547,0.0423,-0.0127,9.8065,-0.1778,-0.0039,-0.0106,-31.19,-27.44,15.13,339.31,-81.58,-133.98
52.417145,-1.562498,171.38,13.04,2,87.85,21 / 21,2054228,2019-09-06 18:50:20:910,-1.4507,1.3215,8.9267,0.0219,0.0007,9.8065,-0.2428,-0.0369,-0.0058,-30.56,-27.62,14.88,338.23,-81.65,-134.87
52.417145,-1.562498,171.38,13.04,2,87.85,21 / 21,2054329,2019-09-06 18:50:21:011,-1.5828,0.3206,9.7723,-0.0156,0.0129,9.8066,0.0216,-0.0767,-0.0044,-30.69,-28.12,14.63,340.25,-81.91,-133.17
52.417183,-1.560755,172.39,13.01,2,88.63,22 / 22,2054429,2019-09-06 18:50:21:111,-2.2081,-0.3238,10.9664,0.0326,0.0112,9.8066,-0.0149,-0.0425,-0.1516,-30.31,-28,15,339.85,-82,-134.24
52.417183,-1.560755,172.39,13.01,2,88.63,22 / 22,2054528,2019-09-06 18:50:21:210,-0.412,1.6782,9.5729,0.0491,-0.0101,9.8065,0.0036,0.0775,-0.0102,-29.69,-28.44,15.5,336.59,-82.09,-138.69
52.417183,-1.560755,172.39,13.01,2,88.63,22 / 22,2054629,2019-09-06 18:50:21:311,-0.7571,-1.1533,9.6409,0.0133,0.009,9.8066,0.0184,-0.1423,0.0975,-29.31,-28.37,15.69,335.87,-82.08,-140.08
52.417183,-1.560755,172.39,13.01,2,88.63,22 / 22,2054729,2019-09-06 18:50:21:411,-0.2903,1.1848,10.6895,-0.003,0.0124,9.8066,0.0012,-0.1104,-0.027,-29.06,-28.31,15.19,334.22,-82.08,-139.96
52.417183,-1.560755,172.39,13.01,2,88.63,22 / 22,2054829,2019-09-06 18:50:21:511,-0.14,1.3484,9.3248,0.0047,0.0024,9.8066,-0.0015,0.0097,-0.0116,-29,-28.31,15.88,336.18,-82.13,-139.83
52.417183,-1.560755,172.39,13.01,2,88.63,22 / 22,2054929,2019-09-06 18:50:21:611,-1.2152,0.4029,10.3718,-0.013,-0.004,9.8065,-0.0004,0.006,-0.0011,-29.62,-28.44,16.5,336.88,-82.21,-139.99
52.417183,-1.560755,172.39,13.01,2,88.63,22 / 22,2055028,2019-09-06 18:50:21:710,-0.5129,1.802,10.2145,-0.0218,0.0088,9.8066,0.0447,-0.0055,-0.0874,-29.87,-28.5,15.75,336.04,-82.24,-139.24
52.417183,-1.560755,172.39,13.01,2,88.63,22 / 22,2055129,2019-09-06 18:50:21:811,-0.7385,0.7974,9.5732,0.0369,-0.0002,9.8065,-0.0618,0.0408,0.081,-30.06,-28.69,15.94,332.39,-82,-142.29
52.417183,-1.560755,172.39,13.01,2,88.63,22 / 22,2055228,2019-09-06 18:50:21:910,-2.8887,-0.025,10.1396,0.0132,-0.0159,9.8066,0.0032,-0.0488,0.0944,-30,-28.75,15.13,331.07,-81.99,-141.91
52.417183,-1.560755,172.39,13.01,2,88.63,22 / 22,2055328,2019-09-06 18:50:22:010,-0.9232,1.5161,9.0976,-0.0298,0.03,9.8065,-0.0375,-0.0496,-0.0005,-29.31,-28.31,15.75,335.08,-82.08,-140.78
52.417183,-1.560755,172.39,13.01,2,88.63,22 / 22,2055429,2019-09-06 18:50:22:111,-2.7324,-0.3404,10.1086,-0.018,0.011,9.8065,-0.0435,-0.1446,0.0647,-29.06,-28.94,16,335.74,-82.16,-140.13
52.417183,-1.560755,172.39,13.01,2,88.63,22 / 22,2055528,2019-09-06 18:50:22:210,-1.6779,1.6262,10.027,-0.01,0.0038,9.8065,0.1303,-0.0638,0.0269,-29.12,-28.87,16.94,337.98,-82.16,-139.69
52.417183,-1.560755,172.39,13.01,2,88.63,22 / 22,2055628,2019-09-06 18:50:22:310,-0.0029,-0.0076,9.7683,-0.0202,0.0176,9.8065,0.108,-0.0512,0.0724,-30.19,-28.31,17.56,339.16,-82.21,-139.41
52.417183,-1.560755,172.39,13.01,2,88.63,22 / 22,2055728,2019-09-06 18:50:22:410,-0.0123,0.5898,10.305,0.032,-0.0156,9.8065,-0.0416,-0.0136,-0.0121,-30.31,-28.06,16.5,335.21,-82.06,-141.42
52.417183,-1.560755,172.39,13.01,2,88.63,22 / 22,2055828,2019-09-06 18:50:22:510,-0.825,0.096,11.6441,0.0205,-0.0083,9.8065,0.0623,-0.0861,-0.0029,-30.44,-28.19,16.56,335.4,-82.07,-141.25
52.417183,-1.560755,172.39,13.01,2,88.63,22 / 22,2055929,2019-09-06 18:50:22:611,-1.678,0.9466,8.3732,-0.0057,0.0329,9.8066,-0.1055,-0.1032,0.0532,-29.62,-28,16.81,333.1,-82.25,-143.39
52.417183,-1.560755,172.39,13.01,2,88.63,22 / 22,2056028,2019-09-06 18:50:22:710,0.0348,1.2188,8.392,-0.0289,0.0167,9.8065,-0.1158,-0.0049,-0.0208,-30.06,-27.25,16.94,333.43,-82.26,-143.2
52.417183,-1.560755,172.39,13.01,2,88.63,22 / 22,2056129,2019-09-06 18:50:22:811,-1.6295,0.7882,9.3498,-0.0457,-0.0033,9.8064,-0.0481,-0.0708,0.0538,-30.62,-27.44,16.31,334.42,-82.45,-140.17
52.417183,-1.560755,172.39,13.01,2,88.63,22 / 22,2056228,2019-09-06 18:50:22:910,-0.253,0.6711,10.2185,-0.0247,0.0184,9.8065,0.1743,0.0495,-0.0515,-30.56,-28.19,15.13,337.96,-82.82,-135.51
52.417183,-1.560755,172.39,13.01,2,88.63,22 / 22,2056328,2019-09-06 18:50:23:010,-0.1775,0.5111,10.0317,0.0112,-0.0212,9.8066,0.0049,0.0752,-0.0107,-29.81,-28.25,15.38,336.99,-82.62,-137
52.417183,-1.560755,172.39,13.01,2,88.63,22 / 22,2056429,2019-09-06 18:50:23:111,0.8454,0.8723,10.1278,0.0212,-0.0056,9.8065,0.115,0.0179,-0.0521,-30.25,-28.44,16.13,337.35,-82.49,-138.17
52.417183,-1.560755,172.39,13.01,2,88.63,22 / 22,2056528,2019-09-06 18:50:23:210,-1.3115,0.4217,10.8824,0.008,0.0097,9.8066,-0.0183,0.0111,0.0639,-29.69,-27.94,16.44,335.27,-82.42,-140
52.417183,-1.560755,172.39,13.01,2,88.63,22 / 22,2056629,2019-09-06 18:50:23:311,-1.138,0.076,10.8945,0.0205,-0.0056,9.8065,-0.0071,-0.0027,0.0226,-29.94,-28.75,16.94,335.41,-82.35,-141.26
52.417183,-1.560755,172.39,13.01,2,88.63,22 / 22,2056729,2019-09-06 18:50:23:411,-0.0816,1.287,11.0278,0.0063,0.0006,9.8066,0.1351,0.0097,-0.0087,-30.37,-28.5,17.75,334.59,-82.05,-143.43
52.417183,-1.560755,172.39,13.01,2,88.63,22 / 22,2056829,2019-09-06 18:50:23:511,0.2615,0.9695,9.6954,0.0009,-0.0173,9.8066,0.0349,-0.0519,0.1186,-30.62,-27.37,17.63,332.24,-81.71,-144.75
52.417183,-1.560755,172.39,13.01,2,88.63,22 / 22,2056929,2019-09-06 18:50:23:611,-0.6072,0.661,9.1176,0.0145,-0.0251,9.8066,-0.0753,-0.011,-0.1142,-30.81,-27.56,16.5,329,-81.25,-145.88
52.417183,-1.560755,172.39,13.01,2,88.63,22 / 22,2057028,2019-09-06 18:50:23:710,-0.5781,0.9617,9.1887,-0.0049,0.0189,9.8065,-0.1386,0.0898,-0.1647,-30.31,-27.81,16.19,328.37,-81.48,-145.73
52.417183,-1.560755,172.39,13.01,2,88.63,22 / 22,2057129,2019-09-06 18:50:23:811,-1.7208,1.2144,9.3801,-0.0306,0.0267,9.8065,-0.0261,0.0364,0.0178,-31.06,-27.12,15.06,325.17,-81.99,-146.8
52.417183,-1.560755,172.39,13.01,2,88.63,22 / 22,2057229,2019-09-06 18:50:23:911,-1.4599,2.1176,9.7667,-0.0219,0.0172,9.8066,-0.1112,0.0603,-0.0913,-31.31,-27,15.94,327.56,-82.4,-146.35
52.417183,-1.560755,172.39,13.01,2,88.63,22 / 22,2057328,2019-09-06 18:50:24:010,0.0399,1.0147,9.4139,0.0188,0.0023,9.8065,-0.0057,0.0938,-0.0048,-31.56,-26.12,17.31,326.91,-82.59,-147.94
52.417183,-1.560755,172.39,13.01,2,88.63,21 / 21,2057428,2019-09-06 18:50:24:110,0.9457,-0.7237,9.9327,0.0057,-0.0065,9.8066,0.012,0.0684,-0.0067,-29.81,-25.31,18.19,330,-82.64,-148.13
52.417183,-1.560755,172.39,13.01,2,88.63,21 / 21,2057528,2019-09-06 18:50:24:210,-1.0157,0.8889,10.318,-0.0052,0.0084,9.8066,0.0739,0.1102,-0.0103,-26.5,-27.06,17.25,331.04,-82.74,-148.89
52.417183,-1.560755,172.39,13.01,2,88.63,21 / 21,2057629,2019-09-06 18:50:24:311,0.6757,1.4348,9.6437,-0.0304,0.0068,9.8066,0.1699,0.0453,0.0309,-27.5,-27.37,16.69,330.21,-82.79,-148.76
52.417183,-1.560755,172.39,13.01,2,88.63,21 / 21,2057728,2019-09-06 18:50:24:410,1.1983,1.536,9.5036,0.002,0.0066,9.8066,0.0144,-0.0409,0.0361,-27.81,-27.44,15,326.04,-82.74,-148.47
52.417183,-1.560755,172.39,13.01,2,88.63,21 / 21,2057828,2019-09-06 18:50:24:510,0.8695,1.7987,8.7566,-0.0088,0.0207,9.8065,-0.0228,0.0667,-0.1464,-27.94,-28.69,14.38,323.37,-82.87,-149.04
52.417183,-1.560755,172.39,13.01,2,88.63,21 / 21,2057928,2019-09-06 18:50:24:610,-0.1022,1.1303,9.4751,0.0001,0.0061,9.8065,-0.0378,-0.0151,0.0729,-28.87,-28.5,15.13,322.63,-83.15,-150.96
52.417183,-1.560755,172.39,13.01,2,88.63,21 / 21,2058028,2019-09-06 18:50:24:710,-0.9237,0.7975,9.8709,-0.0013,-0.0009,9.8066,-0.2127,-0.014,-0.0038,-28.75,-28.56,15.19,322.18,-83.06,-151.18
52.417183,-1.560755,172.39,13.01,2,88.63,21 / 21,2058130,2019-09-06 18:50:24:812,-1.1254,0.7625,9.8484,-0.0015,0.0045,9.8066,-0.0427,-0.002,0.0273,-29.12,-28.87,15.88,324.96,-83.13,-150.28
52.417183,-1.560755,172.39,13.01,2,88.63,21 / 21,2058229,2019-09-06 18:50:24:911,1.3049,1.1481,9.4954,-0.0148,0.0006,9.8066,0.0666,-0.0203,0.075,-28.44,-28.69,15,325.1,-83.25,-149.37
52.417183,-1.560755,172.39,13.01,2,88.63,21 / 21,2058329,2019-09-06 18:50:25:011,-0.7136,0.3305,9.755,-0.0027,-0.0112,9.8066,0.0188,0.0462,-0.0866,-29.25,-28.31,14.81,325.83,-83.37,-148.15
52.417183,-1.560755,172.39,13.01,2,88.63,21 / 21,2058432,2019-09-06 18:50:25:114,-1.284,2.7951,9.8555,0.0019,-0.0065,9.8066,-0.0413,-0.0249,0.0443,-29,-28.87,15.69,328.46,-83.27,-147.17
52.417183,-1.560755,172.39,13.01,2,88.63,21 / 21,2058529,2019-09-06 18:50:25:211,-1.9971,1.2087,10.1949,-0.0093,-0.0133,9.8066,0.0623,0.1306,-0.0672,-29.37,-28.31,14.81,327.85,-83.22,-146.22
52.417183,-1.560755,172.39,13.01,2,88.63,21 / 21,2058628,2019-09-06 18:50:25:310,0.2273,-0.4322,9.6141,-0.027,0.0139,9.8065,0.2237,-0.0411,0.104,-28.25,-28.56,15.44,329.25,-83.23,-145.59
52.417183,-1.560755,172.39,13.01,2,88.63,21 / 21,2058729,2019-09-06 18:50:25:411,-0.7408,0.0508,9.7821,0.0299,-0.0099,9.8065,-0.1342,-0.011,0.0776,-29.25,-28.56,14.88,327.92,-82.88,-145.87
52.417183,-1.560755,172.39,13.01,2,88.63,21 / 21,2058829,2019-09-06 18:50:25:511,-1.2409,0.2198,9.3729,0.0337,-0.0374,9.8065,0.1512,0.1125,-0.037,-29.12,-28.19,15.44,329.04,-82.77,-144.92
52.417183,-1.560755,172.39,13.01,2,88.63,21 / 21,2058928,2019-09-06 18:50:25:610,-1.0425,0.2161,10.1505,-0.0156,0.0034,9.8066,0.0521,0.1011,0.0752,-28.81,-28.44,14.81,331.52,-82.87,-142.72
52.417183,-1.560755,172.39,13.01,2,88.63,21 / 21,2059028,2019-09-06 18:50:25:710,1.5273,-0.8813,9.6601,0.0008,-0.0154,9.8065,-0.1042,0.0027,0.0193,-30.5,-28.25,15.19,330.98,-82.81,-142.48
52.417183,-1.560755,172.39,13.01,2,88.63,21 / 21,2059128,2019-09-06 18:50:25:810,0.4887,-2.1895,10.0639,-0.0026,0.0048,9.8066,0.0255,-0.0747,0.0696,-29.94,-28.25,15.19,332.31,-82.83,-141.29
52.417183,-1.560755,172.39,13.01,2,88.63,21 / 21,2059229,2019-09-06 18:50:25:911,-1.9722,1.6767,9.5464,0.0018,-0.0094,9.8066,-0.0069,0.1228,-0.0584,-29.75,-28.62,14.56,332.98,-82.95,-140.64
52.417183,-1.560755,172.39,13.01,2,88.63,21 / 21,2059329,2019-09-06 18:50:26:011,2.3943,-0.709,10.1547,0.0226,-0.016,9.8065,0.0031,-0.1138,-0.0171,-28.94,-28.25,14.81,332.93,-82.92,-141.48
52.417183,-1.560755,172.39,13.01,2,88.63,21 / 21,2059429,2019-09-06 18:50:26:111,0.2983,0.7751,10.4446,0.0279,0.0106,9.8065,-0.0804,-0.055,0.0388,-28.25,-29.12,15.06,333.25,-82.96,-141.87
52.417183,-1.560755,172.39,13.01,2,88.63,21 / 21,2059528,2019-09-06 18:50:26:210,-0.5279,1.5557,9.9054,-0.0429,0.0064,9.8065,-0.0469,0.043,-0.0421,-29.62,-28.87,15.31,334.26,-83.15,-139.57
52.417183,-1.560755,172.39,13.01,2,88.63,21 / 21,2059628,2019-09-06 18:50:26:310,-1.543,1.2759,8.8065,0.0053,0.0137,9.8066,-0.1686,-0.0167,0.0296,-28.94,-29.12,15.31,333.87,-83.1,-140.62
52.417183,-1.560755,172.39,13.01,2,88.63,21 / 21,2059729,2019-09-06 18:50:26:411,0.1192,0.1779,9.7386,-0.1014,0.0479,9.806,0.1472,0.0366,0.0691,-29.87,-29,15.19,332.26,-82.93,-141.28
52.417183,-1.560755,172.39,13.01,2,88.63,21 / 21,2059828,2019-09-06 18:50:26:510,1.7178,0.301,9.3856,-0.0429,0.0036,9.8065,-0.0556,0.1092,-0.069,-29.56,-28.75,15.5,336.09,-83.15,-139.47
52.417183,-1.560755,172.39,13.01,2,88.63,21 / 21,2059929,2019-09-06 18:50:26:611,2.3156,-0.207,9.4078,0.0331,-0.0047,9.8066,-0.157,-0.0216,-0.0664,-29.94,-28.81,16,333.99,-82.87,-141.24
52.417183,-1.560755,172.39,13.01,2,88.63,21 / 21,2060029,2019-09-06 18:50:26:711,-3.0918,1.0279,9.397,0.0404,-0.0099,9.8065,-0.0588,-0.0232,0.0672,-29.94,-28.94,15.63,333.65,-82.95,-141.58
52.417183,-1.560755,172.39,13.01,2,88.63,21 / 21,2060128,2019-09-06 18:50:26:810,-1.1288,0.8405,10.3986,0.0083,-0.0105,9.8066,-0.0949,-0.0015,-0.0726,-29.62,-29.5,15.94,334.83,-82.95,-140.52
52.417183,-1.560755,172.39,13.01,2,88.63,21 / 21,2060229,2019-09-06 18:50:26:911,-1.569,0.5014,10.0111,-0.0144,-0.0035,9.8066,0.1162,-0.0819,0.0038,-29.81,-29.19,15.44,334.23,-83.09,-139.57
52.417183,-1.560755,172.39,13.01,2,88.63,21 / 21,2060329,2019-09-06 18:50:27:011,-0.964,-0.2169,10.3845,-0.0008,-0.0069,9.8066,0.0605,0.0237,0.131,-29.87,-28.81,16,335.73,-83.04,-139.75
52.417183,-1.560755,172.39,13.01,2,88.63,21 / 21,2060429,2019-09-06 18:50:27:111,0.0971,-0.0163,9.7297,-0.0235,-0.0053,9.8065,-0.0447,0.0603,0.0361,-29.69,-28.75,15.5,336.45,-82.89,-139.04
52.417183,-1.560755,172.39,13.01,2,88.63,21 / 21,2060528,2019-09-06 18:50:27:210,0.6626,0.2437,9.1735,-0.008,-0.0295,9.8066,0.0328,0.0297,-0.0544,-30.62,-28.81,15.5,337.47,-82.7,-137.34
52.417183,-1.560755,172.39,13.01,2,88.63,21 / 21,2060628,2019-09-06 18:50:27:310,-0.224,0.269,10.2009,-0.0549,0.0385,9.8064,0.0874,0.0174,0.0228,-30.12,-28.75,15.38,338.6,-82.99,-135.61
52.417183,-1.560755,172.39,13.01,2,88.63,21 / 21,2060729,2019-09-06 18:50:27:411,0.7003,1.6344,10.6819,0.0205,-0.0063,9.8066,0.1184,-0.1892,0.0919,-30.31,-28.19,15.56,339.39,-83.02,-136.52
52.417183,-1.560755,172.39,13.01,2,88.63,21 / 21,2060828,2019-09-06 18:50:27:510,-0.8149,0.5103,9.9014,0.0345,-0.0188,9.8065,0.1462,-0.0389,-0.1852,-30,-29,15.75,338.93,-82.8,-136.78
52.417183,-1.560755,172.39,13.01,2,88.63,21 / 21,2060929,2019-09-06 18:50:27:611,-0.9047,0.2396,9.3828,0.0171,-0.0024,9.8066,-0.0673,0.0012,-0.0049,-29.94,-28.12,16.06,336.78,-82.66,-138.74
52.417183,-1.560755,172.39,13.01,2,88.63,21 / 21,2061029,2019-09-06 18:50:27:711,-0.5719,0.5599,8.8614,0.0296,-0.0016,9.8066,-0.1194,-0.0013,0.0497,-30.37,-28.69,16.13,333.87,-82.53,-141.21
52.417183,-1.560755,172.39,13.01,2,88.63,21 / 21,2061128,2019-09-06 18:50:27:810,-0.4281,0.3822,9.9278,-0.0546,0.0332,9.8063,0.1431,-0.0691,-0.0297,-29.81,-28.69,16.25,334.78,-82.78,-140.5
52.417183,-1.560755,172.39,13.01,2,88.63,21 / 21,2061228,2019-09-06 18:50:27:910,-0.3066,0.8973,9.48,-0.0416,0.0208,9.8065,0.0769,-0.0356,-0.0177,-30.06,-29.25,16.75,337.3,-82.91,-139.78
52.417183,-1.560755,172.39,13.01,2,88.63,21 / 21,2061329,2019-09-06 18:50:28:011,-0.4422,0.8623,10.4068,0.0005,0.0063,9.8066,-0.0413,0.0244,-0.0688,-29.62,-28.5,16.5,336.83,-82.83,-140.26
52.417183,-1.560755,172.39,13.01,2,88.63,22 / 22,2061429,2019-09-06 18:50:28:111,0.7241,1.3985,8.6954,-0.0006,0.0163,9.8066,0.0429,-0.0201,0.0575,-29.19,-28.56,16.38,334.61,-82.92,-141.45
52.417183,-1.560755,172.39,13.01,2,88.63,22 / 22,2061528,2019-09-06 18:50:28:210,-0.1974,1.1448,9.399,-0.0563,-0.0192,9.8064,0.1289,0.023,0.0091,-30.31,-28.75,16.44,336.47,-82.55,-138.89
52.417183,-1.560755,172.39,13.01,2,88.63,22 / 22,2061629,2019-09-06 18:50:28:311,-0.5265,1.215,10.0677,-0.0676,0.01,9.8063,0.0356,-0.0129,0.0598,-30.37,-28.94,17,340.47,-82.46,-136.8
52.417183,-1.560755,172.39,13.01,2,88.63,22 / 22,2061728,2019-09-06 18:50:28:410,4.411,-1.1937,10.0674,0.0198,-0.0427,9.8064,0.163,0.0359,0.1564,-30.69,-27.94,16.06,341.23,-82.28,-133.92
52.417183,-1.560755,172.39,13.01,2,88.63,22 / 22,2061829,2019-09-06 18:50:28:511,0.4296,-2.3602,10.2388,0.0102,-0.0047,9.8066,0.2236,-0.1503,-0.0028,-30.87,-27.75,15.5,344.84,-82.27,-130.7
52.417183,-1.560755,172.39,13.01,2,88.63,22 / 22,2061929,2019-09-06 18:50:28:611,0.0584,0.5995,8.8097,0.0466,-0.0003,9.8065,-0.1796,-0.0115,0.0112,-30.56,-28.44,15.38,343.12,-82.43,-130.78
52.417183,-1.560755,172.39,13.01,2,88.63,22 / 22,2062028,2019-09-06 18:50:28:710,-2.6292,0.4429,9.5321,0.0899,-0.0385,9.8062,-0.4921,-0.0837,-0.0071,-30.37,-27.94,15.94,340.62,-82.12,-135.13
52.417183,-1.560755,172.39,13.01,2,88.63,22 / 22,2062128,2019-09-06 18:50:28:810,0.1506,-0.7804,9.8048,-0.074,0.0666,9.8061,0.2013,-0.0181,-0.0609,-30.62,-28.12,15.88,340.49,-82.6,-134.68
52.417183,-1.560755,172.39,13.01,2,88.63,22 / 22,2062229,2019-09-06 18:50:28:911,-0.0248,0.2869,10.0806,-0.0524,0.0574,9.8063,0.007,-0.0745,0.041,-30.31,-28.37,16.06,338.55,-82.81,-137.2
52.417183,-1.560755,172.39,13.01,2,88.63,22 / 22,2062329,2019-09-06 18:50:29:011,-1.3884,-1.5856,10.7588,0.032,-0.0267,9.8065,-0.0281,0.0661,-0.1724,-30.56,-28.75,16.19,336.87,-82.85,-137.94
52.417183,-1.560755,172.39,13.01,2,88.63,22 / 22,2062428,2019-09-06 18:50:29:110,-2.0228,0.4001,9.8161,0.0255,0.012,9.8066,-0.0686,0.073,0.0902,-30.5,-28.56,15.81,337.55,-83.18,-138.16
52.417183,-1.560755,172.39,13.01,2,88.63,22 / 22,2062529,2019-09-06 18:50:29:211,0.0907,1.8598,9.5115,0.0346,-0.016,9.8066,-0.1084,0.0609,0.0074,-30.94,-28.94,15.56,337.47,-83.17,-137.52
52.417183,-1.560755,172.39,13.01,2,88.63,22 / 22,2062629,2019-09-06 18:50:29:311,-0.226,-0.0257,9.2616,0.0112,-0.0196,9.8066,-0.0217,-0.0305,-0.0042,-30.06,-28.06,15.81,338.56,-83.26,-137.35
52.417183,-1.560755,172.39,13.01,2,88.63,22 / 22,2062729,2019-09-06 18:50:29:411,-0.3683,0.3206,10.0866,0.0503,-0.0291,9.8064,-0.1281,0.0758,0.0238,-30.44,-28.44,15.44,335.99,-82.94,-138.02
52.417183,-1.560755,172.39,13.01,2,88.63,22 / 22,2062829,2019-09-06 18:50:29:511,-0.0163,-0.9077,10.8717,-0.0304,0.009,9.8066,-0.0376,-0.0745,0.1119,-30.5,-28.5,15.56,340.09,-83.31,-135.99
52.417183,-1.560755,172.39,13.01,2,88.63,22 / 22,2062928,2019-09-06 18:50:29:610,-0.4655,0.5757,10.1003,-0.0217,-0.0125,9.8066,0.1094,-0.11,0.0302,-30.5,-28.75,16.19,340.12,-83.1,-135.82
52.417183,-1.560755,172.39,13.01,2,88.63,22 / 22,2063028,2019-09-06 18:50:29:710,-2.6858,-0.408,8.9998,-0.0101,-0.0002,9.8066,0.013,-0.1238,0.0419,-30.62,-28.25,16,338.71,-82.82,-136.35
52.417183,-1.560755,172.39,13.01,2,88.63,22 / 22,2063129,2019-09-06 18:50:29:811,-0.1545,1.4209,9.4011,-0.0249,0.0242,9.8065,-0.0868,-0.0128,-0.0519,-30.5,-28.62,15.94,338.52,-82.86,-137.18
52.417183,-1.560755,172.39,13.01,2,88.63,22 / 22,2063228,2019-09-06 18:50:29:910,-0.5954,-0.7242,10.135,0.0269,-0.0239,9.8065,0.1091,-0.0395,0.0423,-30.87,-28.25,15.69,338.01,-82.84,-136.98
52.417183,-1.560755,172.39,13.01,2,88.63,22 / 22,2063328,2019-09-06 18:50:30:010,-0.4341,-0.6562,10.1344,0.0241,0.0137,9.8066,-0.2004,0.043,-0.0956,-29.81,-28.06,15.5,338.91,-83.16,-137
52.41723,-1.559239,172.59,9.57,2,87.99,22 / 22,2063428,2019-09-06 18:50:30:110,0.4393,0.233,8.8916,0.0305,-0.0005,9.8065,-0.193,-0.0397,-0.0659,-29.94,-28.06,16.06,339.38,-83.41,-136.66
52.41723,-1.559239,172.59,9.57,2,87.99,22 / 22,2063529,2019-09-06 18:50:30:211,-1.0036,0.945,9.8371,-0.0937,0.0261,9.8061,0.1699,0.0417,0.0908,-29.56,-28.5,15.56,339.75,-83.67,-136.41
52.41723,-1.559239,172.59,9.57,2,87.99,22 / 22,2063628,2019-09-06 18:50:30:310,-1.3961,-0.0771,10.672,-0.0951,0.0107,9.8061,0.1162,-0.0002,0.071,-30.56,-28.37,16,341.6,-83.55,-133.96
52.41723,-1.559239,172.59,9.57,2,87.99,22 / 22,2063729,2019-09-06 18:50:30:411,2.4977,-1.4332,11.5398,0.0674,-0.0299,9.8063,0.0026,0.0146,-0.0184,-29.69,-28.25,15.63,344.53,-83.35,-131.99
52.41723,-1.559239,172.59,9.57,2,87.99,22 / 22,2063828,2019-09-06 18:50:30:510,-1.6366,0.7909,9.8877,0.0532,-0.0444,9.8064,0.1347,0.0609,-0.0055,-30.06,-28.81,15.81,341.45,-83,-134.6
52.41723,-1.559239,172.59,9.57,2,87.99,22 / 22,2063928,2019-09-06 18:50:30:610,-0.597,1.235,9.1447,-0.014,-0.0034,9.8066,0.0108,0.008,0.0979,-29.94,-28.19,15.88,341.27,-82.83,-134.77
52.41723,-1.559239,172.59,9.57,2,87.99,22 / 22,2064029,2019-09-06 18:50:30:711,-0.8347,0.7911,9.6517,0.0039,-0.0135,9.8065,-0.0906,0.0063,-0.0028,-30.25,-28.31,16.69,342.54,-82.57,-135.05
52.41723,-1.559239,172.59,9.57,2,87.99,22 / 22,2064128,2019-09-06 18:50:30:810,0.1532,1.042,9.9523,-0.0073,0.0215,9.8065,0.0257,0.0402,-0.0774,-29.44,-27.94,15.69,341.86,-82.84,-135.02
52.41723,-1.559239,172.59,9.57,2,87.99,22 / 22,2064229,2019-09-06 18:50:30:911,-0.1371,0.9882,9.8629,0.0081,0.0069,9.8066,-0.013,0.0162,-0.0331,-30.37,-28.37,16.25,339.86,-82.92,-136.06
52.41723,-1.559239,172.59,9.57,2,87.99,22 / 22,2064329,2019-09-06 18:50:31:011,0.1998,0.1733,9.8881,0.0026,-0.0122,9.8066,-0.0446,0.0401,0.0137,-29.87,-28.31,15.75,340.42,-83.1,-135.62
52.41723,-1.559239,172.59,9.57,2,87.99,22 / 22,2064428,2019-09-06 18:50:31:110,-0.1531,0.0544,9.5222,0.0087,-0.017,9.8066,0.0179,-0.0823,0.0454,-29.81,-27.62,15.56,341.23,-82.94,-134.85
52.41723,-1.559239,172.59,9.57,2,87.99,22 / 22,2064528,2019-09-06 18:50:31:210,-0.1972,-0.1862,9.2738,-0.0176,0.0147,9.8066,-0.0882,-0.0312,0.0692,-30.19,-27.44,15.75,343.59,-82.94,-132.78
52.41723,-1.559239,172.59,9.57,2,87.99,22 / 22,2064628,2019-09-06 18:50:31:310,-0.2379,0.797,9.4337,0.0062,-0.0155,9.8066,-0.053,0.0345,0.0327,-30.44,-27.62,16.13,343.89,-82.88,-132.44
52.41723,-1.559239,172.59,9.57,2,87.99,22 / 22,2064728,2019-09-06 18:50:31:410,0.3027,0.4596,9.7678,-0.0308,0.007,9.8066,0.0927,-0.0039,0.02,-29.94,-27.12,15.88,344.2,-82.86,-132.22
52.41723,-1.559239,172.59,9.57,2,87.99,22 / 22,2064829,2019-09-06 18:50:31:511,-0.1903,1.0981,9.8586,-0.0041,0.0027,9.8066,0.0114,0.0531,-0.0006,-31.06,-27.12,16.5,346.25,-82.82,-131.08
52.41723,-1.559239,172.59,9.57,2,87.99,22 / 22,2064928,2019-09-06 18:50:31:610,-0.9349,-0.502,9.8322,0.0069,-0.0026,9.8066,-0.0704,0.066,-0.0631,-30.5,-27.62,15.44,344,-83,-130.84
52.41723,-1.559239,172.59,9.57,2,87.99,22 / 22,2065029,2019-09-06 18:50:31:711,-0.1575,-0.1858,9.9345,0.0039,0.0093,9.8066,-0.0448,-0.0502,0.0003,-31.19,-27.81,15.5,344.92,-83.18,-130.86
52.41723,-1.559239,172.59,9.57,2,87.99,22 / 22,2065128,2019-09-06 18:50:31:810,-0.7295,0.1576,10.0175,-0.0045,0.0205,9.8066,0.0477,-0.0127,0.0314,-30.31,-27.44,15.19,344.96,-83.41,-130.13
52.41723,-1.559239,172.59,9.57,2,87.99,22 / 22,2065228,2019-09-06 18:50:31:910,-0.2663,0.0705,9.7377,-0.0083,-0.0002,9.8066,0.0843,0.0294,-0.0207,-30,-28.31,15.25,345.13,-83.46,-129.94
52.41723,-1.559239,172.59,9.57,2,87.99,22 / 22,2065329,2019-09-06 18:50:32:011,-0.9123,0.6757,10.3841,0.0163,-0.0103,9.8066,-0.0915,0.0445,-0.0525,-30.19,-28.81,15.06,345.1,-83.57,-129.95
52.41723,-1.559239,172.59,9.57,2,87.99,22 / 22,2065430,2019-09-06 18:50:32:112,-0.2978,0.1731,10.2868,0.0085,0.0062,9.8066,0.025,-0.0312,0.017,-30.5,-28.56,16,345.04,-83.59,-131.54
52.41723,-1.559239,172.59,9.57,2,87.99,22 / 22,2065528,2019-09-06 18:50:32:210,-0.582,1.0148,10.063,0.0176,0.0003,9.8066,0.0608,-0.019,0.0334,-29.81,-29.06,16.31,343.57,-83.48,-132.84
52.41723,-1.559239,172.59,9.57,2,87.99,22 / 22,2065629,2019-09-06 18:50:32:311,-0.3256,0.063,9.4454,0.0119,-0.0236,9.8065,0.0332,0.0026,0.0048,-30.31,-28.5,16,343.49,-83.33,-132.92
52.41723,-1.559239,172.59,9.57,2,87.99,22 / 22,2065729,2019-09-06 18:50:32:411,0.0855,0.7723,9.9149,-0.0169,0.009,9.8066,0.0349,-0.0594,0.0383,-30.31,-28.87,15.44,342.5,-83.36,-132.23
52.41723,-1.559239,172.59,9.57,2,87.99,22 / 22,2065829,2019-09-06 18:50:32:511,-0.1569,0.9468,9.9935,-0.0097,-0.0014,9.8066,0.0341,-0.0016,-0.033,-30.69,-28.12,15.94,344.37,-83.33,-131.39
52.41723,-1.559239,172.59,9.57,2,87.99,22 / 22,2065929,2019-09-06 18:50:32:611,-0.0047,0.6913,9.3057,-0.0046,-0.0187,9.8066,-0.0925,0.0564,-0.013,-30.62,-29.06,15.81,344.65,-83.26,-131.07
52.41723,-1.559239,172.59,9.57,2,87.99,22 / 22,2066029,2019-09-06 18:50:32:711,-0.8151,-0.0923,9.1763,0.0007,0.0001,9.8066,0.1148,-0.0106,0.0521,-30.56,-28,15.94,345.81,-83.19,-130.06
52.41723,-1.559239,172.59,9.57,2,87.99,22 / 22,2066129,2019-09-06 18:50:32:811,0.0648,0.2117,9.5137,-0.0188,0.0023,9.8066,0.0577,-0.1004,0.0281,-31,-28.69,16.31,347.04,-83.06,-128.87
52.41723,-1.559239,172.59,9.57,2,87.99,22 / 22,2066228,2019-09-06 18:50:32:910,-0.2692,-0.1261,9.877,-0.0265,0.0046,9.8066,0.0396,0.005,-0.0889,-31.25,-28.37,15.94,348.13,-83.04,-127.94
52.41723,-1.559239,172.59,9.57,2,87.99,22 / 22,2066328,2019-09-06 18:50:33:010,0.2979,-0.4628,9.9283,0.0031,-0.0102,9.8066,-0.0374,-0.0271,-0.013,-31.37,-28.69,16.25,347.71,-83.14,-128.29
52.41723,-1.559239,172.59,9.57,2,87.99,22 / 22,2066428,2019-09-06 18:50:33:110,-0.0259,-0.3067,9.6654,-0.0069,0.013,9.8066,0.0322,-0.0431,0.0158,-30.25,-28.31,16,348.98,-83.2,-127.95
52.41723,-1.559239,172.59,9.57,2,87.99,22 / 22,2066529,2019-09-06 18:50:33:211,0.1788,-0.7335,10.1166,0.0084,-0.0018,9.8066,-0.0001,0.0232,0.0247,-30.75,-28.62,16.38,347.65,-83.17,-128.35
52.41723,-1.559239,172.59,9.57,2,87.99,22 / 22,2066628,2019-09-06 18:50:33:310,-1.4382,-0.3235,9.902,0.0018,0.0016,9.8066,-0.0084,-0.0347,0.0077,-30.31,-28.87,16.06,348.32,-83.27,-128.51
52.41723,-1.559239,172.59,9.57,2,87.99,22 / 22,2066729,2019-09-06 18:50:33:411,-0.0379,0.2792,10.0613,-0.007,0.0026,9.8066,-0.0056,-0.0244,0.0175,-31,-28.37,17.06,349.16,-83.24,-128.51
52.41723,-1.559239,172.59,9.57,2,87.99,22 / 22,2066828,2019-09-06 18:50:33:510,0.0704,-0.4413,10.055,-0.024,0.0042,9.8065,0.0801,-0.0786,0.0341,-31.06,-28.44,16.5,349.91,-83.22,-127.82
52.41723,-1.559239,172.59,9.57,2,87.99,22 / 22,2066928,2019-09-06 18:50:33:610,-1.0119,-0.8477,9.4491,0.0175,-0.0068,9.8066,-0.109,-0.0991,0.0138,-31,-28.5,17,350.47,-83.18,-127.31
52.41723,-1.559239,172.59,9.57,2,87.99,22 / 22,2067029,2019-09-06 18:50:33:711,-0.1012,-0.6622,9.6699,0.0092,-0.0089,9.8066,-0.042,-0.0215,-0.008,-30.94,-28.37,16,349.09,-83.19,-127.1
52.41723,-1.559239,172.59,9.57,2,87.99,22 / 22,2067129,2019-09-06 18:50:33:811,-0.7293,0.2423,9.7308,-0.0197,0.0071,9.8066,-0.0525,-0.0636,-0.0082,-31,-28.12,16.5,352.66,-83.42,-125.37
52.41723,-1.559239,172.59,9.57,2,87.99,22 / 22,2067228,2019-09-06 18:50:33:910,-0.9166,-0.6463,9.8171,-0.0117,0.0115,9.8066,-0.0624,-0.1285,0.0002,-31.5,-28.31,17.19,353.15,-83.49,-124.93
52.41723,-1.559239,172.59,9.57,2,87.99,22 / 22,2067329,2019-09-06 18:50:34:011,-0.5864,-1.1122,10.0199,0.0073,-0.0002,9.8066,0.0039,-0.0723,-0.0401,-30.44,-27.81,17.94,354.84,-83.54,-125.62
52.41723,-1.559239,172.59,9.57,2,87.99,21 / 21,2067428,2019-09-06 18:50:34:110,-0.6868,-0.2791,9.9571,0.0035,0.0022,9.8066,0.0446,-0.109,0.0126,-30.81,-28.31,17.88,353.2,-83.58,-126.3
52.41723,-1.559239,172.59,9.57,2,87.99,21 / 21,2067529,2019-09-06 18:50:34:211,-0.3634,-0.2754,9.6596,0.0113,-0.0106,9.8066,-0.0614,-0.152,0.0519,-30.37,-27.62,17.44,352.34,-83.49,-126.44
52.41723,-1.559239,172.59,9.57,2,87.99,21 / 21,2067629,2019-09-06 18:50:34:311,-0.7404,-1.5165,10.5945,0.0151,-0.0267,9.8065,0.0192,-0.1825,0.0713,-30.69,-28.25,18.5,354.64,-83.24,-126.34
52.41723,-1.559239,172.59,9.57,2,87.99,21 / 21,2067729,2019-09-06 18:50:34:411,-1.8962,0.2524,9.9819,-0.0147,0.0159,9.8065,0.0315,-0.1769,0.0225,-29.87,-27.94,19.19,356.17,-83.18,-125.79
52.41723,-1.559239,172.59,9.57,2,87.99,21 / 21,2067829,2019-09-06 18:50:34:511,-0.4295,0.1854,9.4039,0.0052,-0.0013,9.8065,-0.0174,-0.1441,0.0506,-30.12,-26.37,19.81,356.04,-83.03,-127.28
52.41723,-1.559239,172.59,9.57,2,87.99,21 / 21,2067929,2019-09-06 18:50:34:611,-0.477,-2.7915,9.7971,0.0056,-0.018,9.8066,0.0999,-0.2479,0.1018,-29.56,-26.19,19.13,354.75,-82.84,-127.08
52.41723,-1.559239,172.59,9.57,2,87.99,21 / 21,2068029,2019-09-06 18:50:34:711,-1.3069,-0.7671,9.9983,-0.0078,0.002,9.8066,-0.0764,-0.1979,0.014,-30.19,-26.69,18.44,354.56,-82.83,-125.84
52.41723,-1.559239,172.59,9.57,2,87.99,21 / 21,2068129,2019-09-06 18:50:34:811,-2.4073,0.0356,10.5655,-0.0195,0.0364,9.8065,-0.1012,-0.2034,-0.0095,-30.56,-27.56,19,357.09,-83.1,-124.13
52.41723,-1.559239,172.59,9.57,2,87.99,21 / 21,2068229,2019-09-06 18:50:34:911,-1.6005,0.1938,10.0544,-0.0087,0.0086,9.8065,-0.0591,-0.1636,-0.0604,-30.44,-27.56,19.5,1.01,-83.48,-122.78
52.41723,-1.559239,172.59,9.57,2,87.99,21 / 21,2068329,2019-09-06 18:50:35:011,0.035,-1.3035,9.7357,0.0273,-0.0155,9.8066,0.1323,-0.1626,0.0039,-30.81,-27.37,20.13,356.37,-83.27,-126.12
52.41723,-1.559239,172.59,9.57,2,87.99,21 / 21,2068428,2019-09-06 18:50:35:110,-0.6868,-1.7982,9.9044,0.0176,-0.0074,9.8066,0.1228,-0.232,0.0695,-30.62,-27.56,21.06,356.3,-83.19,-127.46
52.41723,-1.559239,172.59,9.57,2,87.99,21 / 21,2068529,2019-09-06 18:50:35:211,-1.8827,-0.2333,9.8877,-0.009,-0.0006,9.8066,-0.1344,-0.2355,0.0287,-31.25,-27.87,21.63,358.13,-83.07,-127.05
52.41723,-1.559239,172.59,9.57,2,87.99,21 / 21,2068629,2019-09-06 18:50:35:311,-1.7161,-1.0353,10.0046,-0.0021,0.0064,9.8066,-0.099,-0.2642,0.0744,-31,-27.81,21.94,359.34,-83.13,-125.96
52.41723,-1.559239,172.59,9.57,2,87.99,21 / 21,2068728,2019-09-06 18:50:35:410,-2.0879,-0.3084,10.0812,-0.0039,-0.0023,9.8066,-0.0026,-0.1663,0.0389,-30.44,-27.69,21,0.34,-83.19,-124.69
52.41723,-1.559239,172.59,9.57,2,87.99,21 / 21,2068828,2019-09-06 18:50:35:510,-2.1691,0.6434,9.739,0.0006,0.0052,9.8065,0.0134,-0.1188,-0.0334,-30.5,-28.31,21.88,1.94,-83.22,-124.5
52.41723,-1.559239,172.59,9.57,2,87.99,21 / 21,2068928,2019-09-06 18:50:35:610,-2.872,0.911,9.6271,-0.0096,-0.0015,9.8066,-0.0563,-0.102,-0.0441,-30.19,-27.75,22.19,2.12,-83.27,-124.34
52.41723,-1.559239,172.59,9.57,2,87.99,21 / 21,2069028,2019-09-06 18:50:35:710,-1.4281,0.2089,9.3721,-0.0169,0.0275,9.8066,0.0291,-0.1726,0.0396,-29.62,-27.37,22.25,1.92,-83.38,-124.51
52.41723,-1.559239,172.59,9.57,2,87.99,21 / 21,2069128,2019-09-06 18:50:35:810,-1.4869,-0.0801,10.0134,0.0232,-0.0043,9.8065,-0.0203,-0.1646,0.0043,-29.87,-28.12,22.88,1.85,-83.45,-125.79
52.41723,-1.559239,172.59,9.57,2,87.99,21 / 21,2069228,2019-09-06 18:50:35:910,-1.7849,1.1387,10.0667,0.0147,-0.0053,9.8066,-0.0863,-0.1382,-0.0101,-29.31,-28.12,22.44,1.46,-83.51,-125.86
52.41723,-1.559239,172.59,9.57,2,87.99,21 / 21,2069329,2019-09-06 18:50:36:011,-0.679,0.0384,10.1099,-0.0039,0.0113,9.8066,0.063,-0.1638,0.0521,-29.69,-27.87,23.13,1.85,-83.58,-125.79
52.41723,-1.559239,172.59,9.57,2,87.99,21 / 21,2069428,2019-09-06 18:50:36:110,-0.385,0.9395,9.8673,-0.0065,0.0086,9.8066,0.0786,-0.083,-0.0696,-29.31,-27.87,22.81,3.06,-83.67,-125.64
52.41723,-1.559239,172.59,9.57,2,87.99,21 / 21,2069529,2019-09-06 18:50:36:211,-0.859,0.0484,10.0251,0.0315,-0.0051,9.8065,-0.0601,-0.1135,0.0285,-28.69,-27.44,23.19,1.21,-83.78,-127.31
52.41723,-1.559239,172.59,9.57,2,87.99,21 / 21,2069629,2019-09-06 18:50:36:311,-0.7041,0.7175,9.9558,0.0217,-0.0011,9.8066,-0.0487,-0.0686,-0.0126,-29.12,-28.56,22.75,0.59,-83.89,-127.88
52.41723,-1.559239,172.59,9.57,2,87.99,21 / 21,2069728,2019-09-06 18:50:36:410,-0.9329,1.1852,10.4359,0.0016,0.0077,9.8066,0.0324,-0.0915,-0.0158,-30.06,-28.62,23.56,0.49,-84.07,-128.21
52.41723,-1.559239,172.59,9.57,2,87.99,21 / 21,2069828,2019-09-06 18:50:36:510,0.6192,0.696,9.74,-0.0135,0.0174,9.8065,0.0201,0.0214,-0.0683,-28.87,-28.44,24.06,1.3,-84.15,-128.41
52.41723,-1.559239,172.59,9.57,2,87.99,21 / 21,2069929,2019-09-06 18:50:36:611,0.5572,1.3761,9.5435,0.0099,-0.0058,9.8066,-0.0259,0.0339,-0.0245,-29.25,-29,23.44,359.15,-84.2,-129.2
52.41723,-1.559239,172.59,9.57,2,87.99,21 / 21,2070028,2019-09-06 18:50:36:710,-0.7412,1.4497,9.7794,0.0029,0.0098,9.8066,0.0223,0.0295,-0.0025,-29.25,-29.62,23.38,359.45,-84.3,-128.92
52.41723,-1.559239,172.59,9.57,2,87.99,21 / 21,2070128,2019-09-06 18:50:36:810,0.2277,2.5399,9.8405,-0.0282,0.0158,9.8066,-0.006,0.0925,0.0029,-29,-28.5,23.31,2.08,-84.51,-126.5
52.41723,-1.559239,172.59,9.57,2,87.99,21 / 21,2070229,2019-09-06 18:50:36:911,0.2394,1.6155,9.7297,-0.0302,0.0162,9.8066,-0.0134,0.1139,-0.0365,-29.19,-28.5,23.19,3.96,-84.49,-124.76
52.41723,-1.559239,172.59,9.57,2,87.99,21 / 21,2070333,2019-09-06 18:50:37:015,0.8642,1.627,9.3113,-0.0039,-0.0021,9.8066,-0.0634,0.0898,0.0631,-30.06,-29.06,22.38,3.14,-84.58,-123.36
52.41723,-1.559239,172.59,9.57,2,87.99,22 / 22,2070428,2019-09-06 18:50:37:110,-0.0683,1.6316,9.6019,-0.0114,-0.0128,9.8066,0.0216,0.1475,0.0448,-29.5,-28.56,22.5,8,-84.5,-121.05
52.41723,-1.559239,172.59,9.57,2,87.99,22 / 22,2070529,2019-09-06 18:50:37:211,-0.9039,1.7351,10.5284,-0.0215,0.015,9.8066,0.0566,0.1471,-0.0044,-29.44,-28.19,21.88,10.28,-84.48,-117.71
52.41723,-1.559239,172.59,9.57,2,87.99,22 / 22,2070628,2019-09-06 18:50:37:310,-0.3987,2.2141,10.1542,-0.0128,0.0186,9.8066,0.0877,0.1447,0.0084,-30.12,-28.75,21.31,8.47,-84.56,-117.19
52.41723,-1.559239,172.59,9.57,2,87.99,22 / 22,2070730,2019-09-06 18:50:37:412,0.1842,1.5506,10.3977,0.0002,0.0127,9.8066,-0.0582,0.3176,-0.09,-30.19,-28.56,20.63,9.03,-84.57,-116.68
52.41723,-1.559239,172.59,9.57,2,87.99,22 / 22,2070829,2019-09-06 18:50:37:511,0.7784,2.131,10.0388,-0.0136,-0.0038,9.8066,0.0375,0.2188,0.0029,-30.31,-29.25,21.06,10.28,-84.65,-115.51
52.41723,-1.559239,172.59,9.57,2,87.99,22 / 22,2070929,2019-09-06 18:50:37:611,0.6219,1.7483,9.8523,0.0247,0.0131,9.8065,0.0582,0.2547,-0.0856,-29.75,-29.06,20.38,5.84,-84.97,-118.28
52.41723,-1.559239,172.59,9.57,2,87.99,22 / 22,2071028,2019-09-06 18:50:37:710,1.591,0.801,9.6086,0.0158,0.0308,9.8065,-0.0281,0.2995,-0.1585,-30.56,-29.37,20.25,2.43,-85.31,-120.56
52.41723,-1.559239,172.59,9.57,2,87.99,22 / 22,2071128,2019-09-06 18:50:37:810,-0.3331,1.8185,10.1618,0.0297,0.0287,9.8065,0.0369,0.2852,-0.0957,-29.37,-29.37,18.69,358.08,-85.87,-125.03
52.41723,-1.559239,172.59,9.57,2,87.99,22 / 22,2071228,2019-09-06 18:50:37:910,1.0132,3.1529,9.379,0.0257,0.0293,9.8065,-0.0685,0.3254,-0.0519,-29.31,-29.31,18.5,356.08,-86.38,-126.93
52.41723,-1.559239,172.59,9.57,2,87.99,22 / 22,2071328,2019-09-06 18:50:38:010,0.0286,3.3776,9.7989,-0.0301,-0.0068,9.8066,0.0345,0.3608,0.0348,-29.69,-29,17.94,356.09,-86.57,-124.68
52.41723,-1.559239,172.59,9.57,2,87.99,21 / 21,2071429,2019-09-06 18:50:38:111,-0.5606,1.5543,9.8581,-0.0226,-0.0175,9.8066,0.0187,0.2891,0.0582,-29.81,-29.44,17.63,2.12,-86.27,-118.96
52.41723,-1.559239,172.59,9.57,2,87.99,21 / 21,2071528,2019-09-06 18:50:38:210,-1.0398,0.5698,10.2917,-0.008,-0.0026,9.8066,0.068,0.3403,-0.0466,-29.87,-29.12,17.31,1.29,-86.04,-118.33
52.41723,-1.559239,172.59,9.57,2,87.99,21 / 21,2071628,2019-09-06 18:50:38:310,-0.2715,1.6593,10.1138,0.0094,0.0336,9.8066,0.0726,0.3645,-0.1032,-29.56,-29.5,15.81,356.61,-86.29,-121.27
52.41723,-1.559239,172.59,9.57,2,87.99,21 / 21,2071729,2019-09-06 18:50:38:411,0.6193,1.8011,9.6042,0.0204,0.0249,9.8065,0.0094,0.3674,-0.1034,-28.75,-29.5,15.88,349.31,-86.76,-129.03
52.41723,-1.559239,172.59,9.57,2,87.99,21 / 21,2071828,2019-09-06 18:50:38:510,0.6731,2.2807,9.2553,-0.0028,0.0408,9.8065,0.007,0.364,-0.0755,-29.25,-29.81,14.88,345.57,-87.21,-131.13
52.41723,-1.559239,172.59,9.57,2,87.99,21 / 21,2071928,2019-09-06 18:50:38:610,0.588,2.3049,9.3328,-0.0213,0.0089,9.8066,-0.0808,0.3637,-0.0014,-29.19,-29.94,13.56,343.37,-87.55,-131.73
52.41723,-1.559239,172.59,9.57,2,87.99,21 / 21,2072028,2019-09-06 18:50:38:710,0.8797,2.1712,9.7187,-0.0087,0.0142,9.8066,-0.056,0.3984,-0.0506,-29.12,-30.12,12.63,348.74,-87.82,-125
52.41723,-1.559239,172.59,9.57,2,87.99,21 / 21,2072129,2019-09-06 18:50:38:811,0.7571,1.3945,10.1345,-0.0104,-0.0024,9.8066,0.0241,0.4023,0.0406,-28.56,-29.75,11.44,348.52,-88,-121.86
52.41723,-1.559239,172.59,9.57,2,87.99,21 / 21,2072229,2019-09-06 18:50:38:911,0.8833,1.2959,10.0401,-0.0047,-0.0042,9.8066,0.0018,0.3829,0.009,-28.25,-29.62,10.81,351.78,-87.94,-119.37
52.41723,-1.559239,172.59,9.57,2,87.99,21 / 21,2072329,2019-09-06 18:50:39:011,0.7934,1.5293,9.7903,-0.0214,-0.0049,9.8066,-0.0384,0.3683,0.0523,-28.69,-29.87,10.56,357.13,-87.92,-113.54
52.417183,-1.558274,172.46,4.09,2,74.21,21 / 21,2072429,2019-09-06 18:50:39:111,0.0474,1.2013,9.7569,-0.005,-0.0008,9.8066,0.0123,0.3824,-0.0206,-28.69,-30,10,357.84,-87.88,-111.11
52.417183,-1.558274,172.46,4.09,2,74.21,21 / 21,2072529,2019-09-06 18:50:39:211,0.3347,1.4228,9.4973,0.0048,0.0152,9.8066,0.0618,0.4015,-0.0445,-28.69,-29.87,8.88,354.14,-88.11,-112.91
52.417183,-1.558274,172.46,4.09,2,74.21,21 / 21,2072629,2019-09-06 18:50:39:311,0.9092,1.5145,9.6779,0.0082,0.0196,9.8066,0.1098,0.3645,-0.0132,-28.12,-29.75,8.13,347.24,-88.3,-118.31
52.417183,-1.558274,172.46,4.09,2,74.21,21 / 21,2072729,2019-09-06 18:50:39:411,0.6759,1.5167,9.7063,0.0096,0.0181,9.8066,-0.041,0.3658,-0.0789,-27.62,-30.25,7.63,337.22,-88.35,-128.06
52.417183,-1.558274,172.46,4.09,2,74.21,21 / 21,2072830,2019-09-06 18:50:39:512,0.8134,1.9849,9.2916,-0.0112,0.0185,9.8066,-0.0261,0.4163,-0.0269,-26.94,-30.87,6.19,325.35,-88.59,-136.27
52.417183,-1.558274,172.46,4.09,2,74.21,21 / 21,2072929,2019-09-06 18:50:39:611,0.8453,1.169,9.861,-0.0247,0.0053,9.8065,0.0243,0.3866,0.0305,-27.44,-30.69,5.69,330.55,-88.83,-131.33
52.417183,-1.558274,172.46,4.09,2,74.21,21 / 21,2073029,2019-09-06 18:50:39:711,0.6417,0.913,9.8095,-0.0184,0.0044,9.8066,-0.0631,0.3854,-0.066,-27.06,-30.44,4.69,336.63,-88.94,-123.39
52.417183,-1.558274,172.46,4.09,2,74.21,21 / 21,2073129,2019-09-06 18:50:39:811,-0.3153,1.2428,9.9181,-0.0094,0.0094,9.8066,0.0041,0.3442,0.0064,-26.06,-30.25,4.81,343.6,-89.17,-117.02
52.417183,-1.558274,172.46,4.09,2,74.21,21 / 21,2073229,2019-09-06 18:50:39:911,0.428,0.6352,9.6538,0.0063,0.0041,9.8066,0.0206,0.3444,-0.0363,-25.5,-30.62,4.19,336.88,-89.19,-121.82
52.417183,-1.558274,172.46,4.09,2,74.21,21 / 21,2073329,2019-09-06 18:50:40:011,0.7962,0.8906,9.412,0.0035,0.002,9.8066,-0.0101,0.3142,0.0533,-26.12,-30.87,3.44,327.84,-89.32,-128.31
52.417183,-1.558274,172.46,4.09,2,74.21,21 / 21,2073430,2019-09-06 18:50:40:112,0.2814,0.09,9.9615,0,-0.0071,9.8066,-0.078,0.2899,0.0162,-26.44,-30.69,2.56,332.62,-89.26,-123.56
52.417183,-1.558274,172.46,4.09,2,74.21,21 / 21,2073530,2019-09-06 18:50:40:212,0.0055,-0.0167,9.444,-0.0108,0.019,9.8065,-0.0249,0.2321,-0.0712,-25.31,-30.5,2.94,341.56,-89.5,-115.09
52.417183,-1.558274,172.46,4.09,2,74.21,21 / 21,2073629,2019-09-06 18:50:40:311,-0.1706,0.1349,9.8333,0.0088,0.0254,9.8066,-0.0504,0.1967,-0.0241,-24.31,-31.12,2.25,312.23,-89.69,-142.24
52.417183,-1.558274,172.46,4.09,2,74.21,21 / 21,2073728,2019-09-06 18:50:40:410,-0.3574,0.661,10.6073,-0.0005,0.0258,9.8066,0.061,0.215,-0.0287,-24.81,-31,2.06,227.65,-89.71,133.33
52.417183,-1.558274,172.46,4.09,2,74.21,21 / 21,2073829,2019-09-06 18:50:40:511,0.6404,0.2548,9.5389,0.0075,0.0132,9.8066,0.0101,0.1877,-0.0238,-24.56,-31.62,1.69,212.85,-89.52,118.6
52.417183,-1.558274,172.46,4.09,2,74.21,21 / 21,2073929,2019-09-06 18:50:40:611,-0.0905,0.8572,9.796,0.0091,0.0138,9.8066,-0.0281,0.1316,0.0147,-23.94,-31.25,1.63,209.64,-89.42,115.24
52.417183,-1.558274,172.46,4.09,2,74.21,21 / 21,2074028,2019-09-06 18:50:40:710,-0.0852,0.3915,9.8777,0.0231,-0.0072,9.8066,0.0569,0.186,0.0071,-24.06,-30.62,1.19,219.62,-89.27,127.83
52.417183,-1.558274,172.46,4.09,2,74.21,21 / 21,2074129,2019-09-06 18:50:40:811,0.2856,0.0582,9.6433,0.0106,0.0023,9.8066,0.0727,0.1581,0.0369,-23.12,-30.31,1.25,228.51,-89.14,136.86
52.417183,-1.558274,172.46,4.09,2,74.21,21 / 21,2074228,2019-09-06 18:50:40:910,0.1289,0.2637,10.2643,0.0259,-0.003,9.8066,-0.0253,0.166,-0.006,-23.5,-31.12,1.31,239.53,-88.94,148.27
52.417183,-1.558274,172.46,4.09,2,74.21,21 / 21,2074329,2019-09-06 18:50:41:011,-0.1412,0.5687,10.2402,0.0029,0.0099,9.8066,0.0466,0.1881,0.0277,-23.69,-31.25,0.88,239.95,-88.77,148.94
52.417183,-1.558274,172.46,4.09,2,74.21,21 / 21,2074432,2019-09-06 18:50:41:114,0.2114,0.3425,9.4751,-0.0009,0.0014,9.8066,-0.0174,0.1592,0.0478,-23.19,-30.56,-0.06,239.55,-88.69,151.07
52.417183,-1.558274,172.46,4.09,2,74.21,21 / 21,2074529,2019-09-06 18:50:41:211,0.3634,-0.0735,9.0537,0.0002,-0.0096,9.8066,0.056,0.1782,0.0263,-23.19,-31.12,0.81,245.27,-88.77,154.28
52.417183,-1.558274,172.46,4.09,2,74.21,21 / 21,2074628,2019-09-06 18:50:41:310,-0.1658,-0.334,9.5075,-0.013,-0.0118,9.8066,0.01,0.1484,-0.025,-21.87,-31,0.25,248.28,-88.91,159.7
52.417183,-1.558274,172.46,4.09,2,74.21,21 / 21,2074728,2019-09-06 18:50:41:410,-0.1733,-0.386,9.6105,-0.02,-0.0009,9.8066,-0.0025,0.0918,0.0281,-22.75,-31.12,0,247.6,-89.03,158.81
52.417183,-1.558274,172.46,4.09,2,74.21,21 / 21,2074828,2019-09-06 18:50:41:510,-0.5477,-0.3049,9.9434,-0.0096,-0.0029,9.8066,-0.0471,0.0998,0.0318,-23.12,-31.06,-0.44,249.38,-89.2,160.39
52.417183,-1.558274,172.46,4.09,2,74.21,21 / 21,2074929,2019-09-06 18:50:41:611,-1.0436,-0.2977,10.1992,-0.0129,-0.0163,9.8065,-0.0612,0.1107,0.0487,-22.81,-30.62,-0.12,257.35,-89.45,168.07
52.417183,-1.558274,172.46,4.09,2,74.21,21 / 21,2075029,2019-09-06 18:50:41:711,-1.2334,-0.2897,10.0835,-0.0193,-0.0195,9.8065,0.0262,0.0266,0.0618,-22.81,-30.69,-0.25,308.33,-89.67,-141.32
52.417183,-1.558274,172.46,4.09,2,74.21,21 / 21,2075128,2019-09-06 18:50:41:810,-0.1908,-1.3504,9.8575,-0.0189,-0.0256,9.8065,0.0238,-0.0029,0.0372,-23.44,-30.37,0,344.09,-89.49,-105.73
52.417183,-1.558274,172.46,4.09,2,74.21,21 / 21,2075228,2019-09-06 18:50:41:910,-0.6118,-1.7604,9.7794,0.0012,-0.0191,9.8066,0.0316,-0.0351,0.068,-24.25,-30.06,1.38,352.24,-89.08,-99.99
52.417183,-1.558274,172.46,4.09,2,74.21,21 / 21,2075329,2019-09-06 18:50:42:011,-1.1734,-2.4272,10.0799,0.0055,0.0022,9.8066,0.0476,-0.0901,0.0038,-24.81,-30.37,0.81,353.03,-89.01,-99.12
52.417183,-1.558274,172.46,4.09,2,74.21,21 / 21,2075428,2019-09-06 18:50:42:110,-1.3019,-1.1927,9.802,0.0046,0.0178,9.8066,0.0465,-0.0924,-0.073,-24.56,-30.5,1,346.09,-89.16,-105.96
52.417183,-1.558274,172.46,4.09,2,74.21,21 / 21,2075529,2019-09-06 18:50:42:211,-0.5789,-1.4392,9.6733,-0.0021,0.0194,9.8066,0.1089,-0.1713,-0.0014,-24.69,-30.06,1.44,328.22,-89.46,-123.72
52.417183,-1.558274,172.46,4.09,2,74.21,21 / 21,2075628,2019-09-06 18:50:42:310,-0.3631,-0.9376,9.5426,0.039,0.014,9.8065,-0.0742,-0.166,-0.0292,-24.19,-30,2,288.71,-89.33,-165.27
52.417183,-1.558274,172.46,4.09,2,74.21,21 / 21,2075729,2019-09-06 18:50:42:411,-1.2326,-0.6078,10.0716,0.0104,0.0153,9.8066,0.0614,-0.2324,0.0425,-24.25,-30.87,2.13,274.65,-89.33,-179.25
52.417183,-1.558274,172.46,4.09,2,74.21,21 / 21,2075828,2019-09-06 18:50:42:510,-0.8263,-1.562,9.9801,-0.0008,-0.0066,9.8066,0.0558,-0.2165,-0.0361,-25,-30.44,3.31,280.63,-89.26,-175.34
52.417183,-1.558274,172.46,4.09,2,74.21,21 / 21,2075929,2019-09-06 18:50:42:611,-0.4388,-1.1368,9.726,-0.0005,-0.0011,9.8066,0.0148,-0.2459,0.0217,-26,-30.12,3.25,278.6,-89.19,-177.06
52.417183,-1.558274,172.46,4.09,2,74.21,21 / 21,2076028,2019-09-06 18:50:42:710,-0.9345,-1.2199,9.9369,0.0063,-0.0071,9.8066,-0.0594,-0.279,0.0275,-26.56,-30.25,3.88,283.76,-89.28,-173.89
52.417183,-1.558274,172.46,4.09,2,74.21,21 / 21,2076130,2019-09-06 18:50:42:812,-0.7065,-1.4001,9.9263,0.0035,-0.0048,9.8066,0.0242,-0.2769,0.0203,-26,-29.69,4.56,293.51,-89.24,-166.59
52.417183,-1.558274,172.46,4.09,2,74.21,21 / 21,2076229,2019-09-06 18:50:42:911,-0.1572,-1.2584,9.933,0.0025,-0.0174,9.8066,0.0575,-0.3275,0.0718,-26.31,-29.69,5.25,308.02,-89.21,-152.16
52.417183,-1.558274,172.46,4.09,2,74.21,21 / 21,2076329,2019-09-06 18:50:43:011,0.3436,-1.5356,9.4378,-0.0036,-0.0154,9.8066,0.0091,-0.3534,0.0175,-26.81,-29.81,5.69,318.21,-89.03,-143.61
52.417183,-1.558274,172.46,4.09,2,74.21,21 / 21,2076429,2019-09-06 18:50:43:111,-0.4308,-1.5564,9.014,-0.0276,-0.0358,9.8065,-0.0506,-0.3513,0.1156,-26.69,-29.44,6.06,333.6,-88.87,-128.4
52.417183,-1.558274,172.46,4.09,2,74.21,21 / 21,2076528,2019-09-06 18:50:43:210,0.7052,-2.3889,10.2332,-0.019,-0.0501,9.8065,-0.0128,-0.4744,0.1478,-27.19,-30.31,6.38,348.26,-88.47,-113.92
52.417183,-1.558274,172.46,4.09,2,74.21,21 / 21,2076629,2019-09-06 18:50:43:311,-1.2486,-2.2816,10.9034,-0.0061,-0.0003,9.8066,-0.0229,-0.4933,0.0704,-28.06,-29.94,6.38,0.38,-88.15,-101.72
52.417183,-1.558274,172.46,4.09,2,74.21,21 / 21,2076729,2019-09-06 18:50:43:411,0.0002,-1.8193,10.3226,-0.0216,0.0137,9.8065,0.1,-0.4536,0.0294,-28.31,-29.44,6.31,5.7,-88.14,-96.59
52.417183,-1.558274,172.46,4.09,2,74.21,21 / 21,2076829,2019-09-06 18:50:43:511,-0.3802,-1.8196,9.9174,0.0277,-0.0009,9.8065,-0.0798,-0.3825,-0.0475,-28.44,-29.25,7.31,4.58,-88.14,-99.6
52.417183,-1.558274,172.46,4.09,2,74.21,21 / 21,2076928,2019-09-06 18:50:43:610,0.2492,-0.658,9.1757,0.0219,-0.0098,9.8066,-0.0475,-0.4632,0.1462,-28.81,-29.56,8.31,359.13,-88.17,-106.26
52.417183,-1.558274,172.46,4.09,2,74.21,21 / 21,2077028,2019-09-06 18:50:43:710,0.029,-1.3025,9.6147,0.0023,-0.0258,9.8065,-0.0408,-0.4325,-0.0002,-29.06,-28.94,8.94,1.1,-87.69,-106.18
52.417183,-1.558274,172.46,4.09,2,74.21,21 / 21,2077129,2019-09-06 18:50:43:811,-0.819,-1.1935,9.8177,-0.0191,-0.0121,9.8065,0.0134,-0.4151,0.0774,-29.06,-29.25,9.75,5.74,-87.54,-103.53
52.417183,-1.558274,172.46,4.09,2,74.21,21 / 21,2077228,2019-09-06 18:50:43:910,-0.2525,-1.3851,9.9545,0.023,-0.0273,9.8065,-0.0519,-0.4089,0.0691,-29.56,-29,10.75,5.58,-87.14,-104.82
52.417183,-1.558274,172.46,4.09,2,74.21,21 / 21,2077328,2019-09-06 18:50:44:010,-0.6354,-1.1794,10.0076,0.0334,-0.0241,9.8065,-0.0735,-0.4708,0.025,-30.31,-29.12,11.69,6.87,-87,-105.26
52.417183,-1.558274,172.46,4.09,2,74.21,21 / 21,2077429,2019-09-06 18:50:44:111,-0.7869,-0.7558,9.9382,-0.0183,0.0041,9.8066,-0.0105,-0.469,0.0114,-30.37,-28.81,12.5,8.41,-86.87,-105.44
52.417183,-1.558274,172.46,4.09,2,74.21,21 / 21,2077529,2019-09-06 18:50:44:211,-0.421,-0.7788,9.9427,-0.0147,0.009,9.8066,-0.0406,-0.4402,0.0202,-29.69,-29.44,12.69,10.55,-86.87,-103.4
52.417183,-1.558274,172.46,4.09,2,74.21,21 / 21,2077628,2019-09-06 18:50:44:310,-0.1639,-0.5667,10.1361,0.0036,0.0006,9.8066,0.0074,-0.448,-0.0236,-29.62,-28.69,13,10.38,-86.96,-103.55
52.417183,-1.558274,172.46,4.09,2,74.21,21 / 21,2077728,2019-09-06 18:50:44:410,-0.3665,0.0632,9.8198,-0.0062,0.0145,9.8066,0.0521,-0.4129,-0.0312,-29.81,-29.25,13.94,12.64,-87.07,-102.96
52.417183,-1.558274,172.46,4.09,2,74.21,21 / 21,2077834,2019-09-06 18:50:44:516,-0.6953,-0.2199,10.0611,0.0083,-0.0083,9.8066,-0.007,-0.4107,0.0291,-29.37,-28.69,15.31,12.49,-87.08,-105.44
52.417183,-1.558274,172.46,4.09,2,74.21,21 / 21,2077929,2019-09-06 18:50:44:611,-0.7845,0.2094,9.7996,-0.0007,-0.0021,9.8066,0.0124,-0.4349,0.0375,-29.5,-28.69,16.5,14.92,-87,-106.14
52.417183,-1.558274,172.46,4.09,2,74.21,21 / 21,2078029,2019-09-06 18:50:44:711,-0.5248,-0.2612,9.7953,-0.0032,-0.0107,9.8066,-0.0018,-0.4051,0.0205,-29.75,-28.69,16.5,13.02,-86.89,-107.12
52.417183,-1.558274,172.46,4.09,2,74.21,21 / 21,2078128,2019-09-06 18:50:44:810,-0.6243,0.3034,9.7752,0.0007,-0.0121,9.8066,0.0066,-0.3677,0.0419,-30,-29.25,17.25,11.97,-86.7,-108.16
52.417183,-1.558274,172.46,4.09,2,74.21,21 / 21,2078228,2019-09-06 18:50:44:910,-0.6194,0.1652,9.8181,-0.0018,-0.0091,9.8066,0.0083,-0.3622,0.0221,-29.75,-28.81,17.25,11.96,-86.57,-108.19
52.417183,-1.558274,172.46,4.09,2,74.21,21 / 21,2078328,2019-09-06 18:50:45:010,-0.4582,0.1942,9.8212,0.0042,-0.009,9.8066,-0.0179,-0.322,0.0306,-30.19,-29.06,18,13.86,-86.5,-107.83
52.417183,-1.558274,172.46,4.09,2,74.21,21 / 21,2078428,2019-09-06 18:50:45:110,-0.4608,0.2581,9.7712,0.0034,-0.0096,9.8066,-0.016,-0.3153,0.0378,-29.19,-28.69,18.69,15.6,-86.37,-108.48
52.417183,-1.558274,172.46,4.09,2,74.21,21 / 21,2078529,2019-09-06 18:50:45:211,-0.377,0.4137,9.7455,-0.0042,-0.0016,9.8066,-0.0212,-0.2936,0.0078,-29.25,-28.87,20.25,17.13,-86.25,-108.4
52.417183,-1.558274,172.46,4.09,2,74.21,21 / 21,2078628,2019-09-06 18:50:45:310,-0.3288,0.5804,10.0459,-0.0026,0.0034,9.8066,-0.0186,-0.278,0.0081,-29,-28.69,19.94,16.85,-86.24,-108.68
52.417183,-1.558274,172.46,4.09,2,74.21,21 / 21,2078729,2019-09-06 18:50:45:411,-0.7511,0.7169,10.0765,0.0025,0.0107,9.8066,0.0171,-0.2412,-0.0145,-28.87,-28.81,20.94,17.63,-86.33,-109.22
52.417183,-1.558274,172.46,4.09,2,74.21,21 / 21,2078828,2019-09-06 18:50:45:510,-0.5841,1.0814,10.0031,0.0015,0.0111,9.8066,0.0035,-0.2079,-0.0172,-28.75,-29,20.94,17.15,-86.45,-109.64
52.417183,-1.558274,172.46,4.09,2,74.21,21 / 21,2078929,2019-09-06 18:50:45:611,-0.4721,1.2228,9.7892,0.0076,0.0075,9.8066,-0.0157,-0.1762,-0.0069,-28.5,-28.31,21.31,17.51,-86.56,-110.22
52.417183,-1.558274,172.46,4.09,2,74.21,21 / 21,2079028,2019-09-06 18:50:45:710,-0.3879,1.2674,9.8705,0.0051,0.0042,9.8066,-0.0072,-0.1534,-0.0109,-28.12,-28.06,22,18.02,-86.7,-110.97
52.417183,-1.558274,172.46,4.09,2,74.21,21 / 21,2079128,2019-09-06 18:50:45:810,-0.3578,1.3356,9.8091,0.0015,0.0038,9.8066,-0.0132,-0.1151,-0.0058,-27.56,-28.5,21.81,17.56,-86.78,-111.38
52.417183,-1.558274,172.46,4.09,2,74.21,21 / 21,2079229,2019-09-06 18:50:45:911,-0.4351,1.2839,10.0431,-0.0007,-0.0001,9.8066,0.0001,-0.0684,0.0118,-28.31,-28.75,21.5,17.55,-86.79,-111.42
52.417183,-1.558274,172.46,4.09,2,74.21,21 / 21,2079329,2019-09-06 18:50:46:011,-0.1747,1.2508,9.9818,0.0013,-0.0009,9.8066,-0.0013,-0.0444,0.0063,-28.44,-29.31,22.13,17.6,-86.82,-111.37
52.417183,-1.558274,172.46,4.09,2,74.21,21 / 21,2079428,2019-09-06 18:50:46:110,0.0466,0.7324,9.832,-0.0005,-0.0017,9.8066,0.0111,-0.0244,0.01,-28.69,-28.94,22.69,18.04,-86.8,-111.18
52.417183,-1.558274,172.46,4.09,2,74.21,21 / 21,2079529,2019-09-06 18:50:46:211,0.0149,0.7034,9.8402,0.001,-0.0043,9.8066,0.0101,-0.0117,0.0114,-28.75,-28.94,22.44,17.15,-86.76,-110.82
52.417183,-1.558274,172.46,4.09,2,74.21,21 / 21,2079628,2019-09-06 18:50:46:310,0.1381,0.1508,9.8357,-0.002,-0.0024,9.8066,0.0137,-0.0232,0.0116,-28.87,-28.87,21.75,16.76,-86.71,-111.21
52.417183,-1.558274,172.46,4.09,2,74.21,21 / 21,2079728,2019-09-06 18:50:46:410,0.5135,-0.2178,9.879,-0.0008,-0.0118,9.8066,0.0345,-0.014,0.0269,-28.94,-28.69,22,16.48,-86.51,-111.52
52.417183,-1.558274,172.46,4.09,2,74.21,21 / 21,2079829,2019-09-06 18:50:46:511,0.5489,-0.2729,9.7479,0.0002,-0.0038,9.8066,0.0512,-0.0127,0.0098,-28.69,-28.56,22.56,17.03,-86.42,-112.24
52.417183,-1.558274,172.46,4.09,2,74.21,21 / 21,2079930,2019-09-06 18:50:46:612,0.6225,-0.472,9.7081,0.005,-0.0045,9.8066,-0.0131,0.003,-0.0193,-29.56,-28.75,24,15.16,-86.35,-114.25
52.417183,-1.558274,172.46,4.09,2,74.21,21 / 21,2080029,2019-09-06 18:50:46:711,0.4186,-0.2486,9.7029,0.0025,0.0029,9.8066,0.0163,0.0025,0.0139,-30.19,-28.69,24.63,16.22,-86.38,-114.37
52.417183,-1.558274,172.46,4.09,2,74.21,21 / 21,2080128,2019-09-06 18:50:46:810,0.6776,-0.2802,9.7392,0.0001,0.0016,9.8066,0.0244,0.0067,0.0057,-29.94,-28.62,25.06,16.44,-86.43,-114.15
52.417183,-1.558274,172.46,4.09,2,74.21,21 / 21,2080228,2019-09-06 18:50:46:910,0.6274,-0.0347,9.8361,0.0027,-0.0021,9.8066,-0.0184,-0.0046,-0.0145,-30.12,-28.19,24.19,14.69,-86.42,-114.66
52.417183,-1.558274,172.46,4.09,2,74.21,21 / 21,2080329,2019-09-06 18:50:47:011,0.4447,0.0833,9.7978,-0.0031,0.0037,9.8066,0.0073,-0.0175,-0.0032,-30.5,-28.44,24.25,15.22,-86.46,-114.14
52.417183,-1.558274,172.46,4.09,2,74.21,20 / 21,2080430,2019-09-06 18:50:47:112,0.6156,-0.0324,9.9217,-0.0031,0.0011,9.8065,-0.0077,0.0111,-0.0106,-30.56,-28.31,24.38,14.52,-86.45,-113.89
52.417183,-1.558274,172.46,4.09,2,74.21,20 / 21,2080529,2019-09-06 18:50:47:211,0.6054,-0.0483,9.8898,0.0007,-0.0009,9.8066,0.0184,0.0207,0.0029,-30.75,-28.37,24.94,15.98,-86.45,-113.62
52.417183,-1.558274,172.46,4.09,2,74.21,20 / 21,2080628,2019-09-06 18:50:47:310,0.2278,0.2386,9.8101,-0.0016,0.0026,9.8066,-0.0037,0.0126,0.0114,-30.75,-28.37,25.06,16.28,-86.47,-113.33
52.417183,-1.558274,172.46,4.09,2,74.21,20 / 21,2080729,2019-09-06 18:50:47:411,0.1619,0.1128,9.8483,-0.0028,0.002,9.8066,-0.005,0.0208,-0.0102,-30.06,-28.12,24.69,17.52,-86.47,-113.08
52.417183,-1.558274,172.46,4.09,2,74.21,20 / 21,2080829,2019-09-06 18:50:47:511,0.0928,0.3184,9.8966,-0.0047,-0.0004,9.8066,0.003,-0.0046,0.0087,-30.56,-28.5,24.88,17.58,-86.45,-112.09
52.417183,-1.558274,172.46,4.09,2,74.21,20 / 21,2080929,2019-09-06 18:50:47:611,0.0116,0.4346,9.805,0.0004,-0.0038,9.8066,0.0158,0.0214,-0.0019,-29.94,-28.25,25.06,18.47,-86.42,-112.18
52.417183,-1.558274,172.46,4.09,2,74.21,20 / 21,2081028,2019-09-06 18:50:47:710,-0.0788,0.378,9.9581,-0.0003,-0.0039,9.8066,-0.0073,0.0121,-0.0013,-29.87,-28.69,24.5,18.97,-86.38,-111.75
52.417183,-1.558274,172.46,4.09,2,74.21,20 / 21,2081128,2019-09-06 18:50:47:810,-0.152,0.2754,9.8262,-0.0031,-0.0015,9.8066,-0.0039,0.0099,0.0069,-29.25,-28.25,24,19.27,-86.32,-111.28
52.417183,-1.558274,172.46,4.09,2,74.21,20 / 21,2081229,2019-09-06 18:50:47:911,-0.0794,0.372,9.9048,-0.0017,-0.0006,9.8066,0.0154,0.0059,0.003,-29.19,-28.37,23.5,19.29,-86.29,-111.27
52.417183,-1.558274,172.46,4.09,2,74.21,20 / 21,2081328,2019-09-06 18:50:48:010,0.0455,0.1857,9.8089,-0.0041,-0.0034,9.8066,-0.0046,-0.0103,0.0041,-29.19,-28.31,24.5,20.49,-86.24,-111.27
52.41728,-1.558079,172.56,0,2,106.92,21 / 21,2081428,2019-09-06 18:50:48:110,-0.4356,0.5398,9.9306,-0.0051,-0.0041,9.8066,0.009,0.0103,0.0157,-29.94,-28.19,24.38,18.45,-86.19,-111.13
52.41728,-1.558079,172.56,0,2,106.92,21 / 21,2081529,2019-09-06 18:50:48:211,-0.3221,0.4101,9.8267,-0.0017,-0.0064,9.8066,0.0131,-0.0247,0.0102,-30.69,-27.87,25.69,20.51,-86.07,-110.47
52.41728,-1.558079,172.56,0,2,106.92,21 / 21,2081628,2019-09-06 18:50:48:310,-0.2079,0.2323,9.8468,-0.0066,-0.0081,9.8066,0.0216,-0.044,0.0219,-29.87,-28.19,24.44,19.61,-85.92,-110.09
52.41728,-1.558079,172.56,0,2,106.92,21 / 21,2081728,2019-09-06 18:50:48:410,-0.7174,0.3813,9.9401,-0.0067,-0.0088,9.8066,0.0008,-0.0326,0.0217,-29,-28.25,24.13,20.75,-85.79,-110.02
52.41728,-1.558079,172.56,0,2,106.92,21 / 21,2081829,2019-09-06 18:50:48:511,0.0158,0.292,9.9886,-0.0003,-0.0078,9.8065,0.0104,-0.0637,0.0102,-29.25,-28.12,23.56,20.88,-85.69,-109.92
52.41728,-1.558079,172.56,0,2,106.92,21 / 21,2081928,2019-09-06 18:50:48:610,-0.1884,-0.0106,9.9294,0.0031,-0.009,9.8066,-0.0067,-0.0626,0.0085,-28.62,-28.62,23.31,18.92,-85.56,-110.68
52.41728,-1.558079,172.56,0,2,106.92,21 / 21,2082029,2019-09-06 18:50:48:711,-0.3723,0.4024,9.8397,0.0012,-0.0095,9.8065,0.0044,-0.085,0.0092,-28.56,-28.12,23.13,18.52,-85.45,-111.04
52.41728,-1.558079,172.56,0,2,106.92,21 / 21,2082128,2019-09-06 18:50:48:810,-0.5692,0.6301,9.9596,0.0011,-0.009,9.8066,0.0003,-0.0899,0.0145,-28.44,-28.12,22.63,19.39,-85.38,-111.26
52.41728,-1.558079,172.56,0,2,106.92,21 / 21,2082228,2019-09-06 18:50:48:910,0.0944,0.0651,9.9021,-0.0039,-0.0066,9.8066,0.0321,-0.1034,0.0091,-28.56,-28.69,23.06,18.08,-85.26,-111.54
52.41728,-1.558079,172.56,0,2,106.92,21 / 21,2082329,2019-09-06 18:50:49:011,0.2949,-0.1907,9.8434,-0.0075,-0.0057,9.8066,0.017,-0.1042,0.0153,-28.12,-28.37,23.25,18.92,-85.15,-111.76
52.41728,-1.558079,172.56,0,2,106.92,20 / 21,2082429,2019-09-06 18:50:49:111,-0.2832,0.728,9.8362,0.0001,-0.0116,9.8065,0.0107,-0.1294,0.0306,-28.12,-28.69,23.13,18.62,-85.03,-112.11
52.41728,-1.558079,172.56,0,2,106.92,20 / 21,2082529,2019-09-06 18:50:49:211,-0.2194,0.4322,9.9381,-0.0013,-0.0081,9.8066,-0.0049,-0.148,0.021,-28.19,-28.5,23.69,19.29,-84.85,-112.67
52.41728,-1.558079,172.56,0,2,106.92,20 / 21,2082629,2019-09-06 18:50:49:311,0.1482,0.1141,9.8163,-0.0004,-0.0099,9.8066,0.0263,-0.1692,0.0195,-27.94,-28,24.56,19.53,-84.68,-113.63
52.41728,-1.558079,172.56,0,2,106.92,20 / 21,2082729,2019-09-06 18:50:49:411,0.0825,0.1329,9.7364,0.0019,-0.0096,9.8066,0.0132,-0.2004,0.0265,-28.37,-28.31,24.56,18.81,-84.56,-114.33
52.41728,-1.558079,172.56,0,2,106.92,20 / 21,2082828,2019-09-06 18:50:49:510,0.332,-0.0438,9.79,0.0037,-0.011,9.8066,0.0145,-0.224,0.0318,-27.94,-28.75,25.19,17.43,-84.38,-115.71
52.41728,-1.558079,172.56,0,2,106.92,20 / 21,2082929,2019-09-06 18:50:49:611,0.3986,0.1093,9.7877,0.0059,-0.0181,9.8065,0.0163,-0.2173,0.0254,-27.75,-28.31,25.56,17.74,-84.21,-116.52
52.41728,-1.558079,172.56,0,2,106.92,20 / 21,2083029,2019-09-06 18:50:49:711,0.4951,0.0927,9.6834,0.0033,-0.0081,9.8066,0.0091,-0.238,0.035,-27.75,-28.62,26.13,16.75,-84.11,-117.5
52.41728,-1.558079,172.56,0,2,106.92,20 / 21,2083128,2019-09-06 18:50:49:810,0.561,0.161,9.8092,0.0025,-0.0122,9.8066,0.0023,-0.2517,0.0125,-27.25,-28.31,26.31,16.57,-83.93,-118.73
52.41728,-1.558079,172.56,0,2,106.92,20 / 21,2083229,2019-09-06 18:50:49:911,0.5607,-0.4473,10.0699,0.0084,-0.0088,9.8066,0.0304,-0.2371,0.0156,-26.56,-28.19,26.44,14.6,-83.79,-120.57
52.41728,-1.558079,172.56,0,2,106.92,20 / 21,2083328,2019-09-06 18:50:50:010,0.6986,-0.551,10.0638,0.0033,0.0024,9.8066,0.0461,-0.2605,0.0169,-25.87,-27.62,27,16.18,-83.81,-121.28
52.41728,-1.558079,172.56,0,2,106.92,20 / 20,2083428,2019-09-06 18:50:50:110,1.0504,0.017,9.7276,0.0177,0.0104,9.8066,-0.0359,-0.2591,-0.0397,-26,-28.06,27.69,14.96,-83.97,-123.38
52.41728,-1.558079,172.56,0,2,106.92,20 / 20,2083529,2019-09-06 18:50:50:211,0.5932,0.0463,9.9504,0.0136,0.0048,9.8066,0.0184,-0.2282,-0.0212,-25.06,-27.5,27,13.79,-84.12,-124.51
52.41728,-1.558079,172.56,0,2,106.92,20 / 20,2083629,2019-09-06 18:50:50:311,1.3271,0.6229,9.6467,0.0092,0.0058,9.8066,0.0339,-0.2809,-0.0017,-25.31,-28.31,28.19,13.43,-84.2,-125.88
52.41728,-1.558079,172.56,0,2,106.92,20 / 20,2083729,2019-09-06 18:50:50:411,0.9671,0.2692,9.8111,0.0078,0.0044,9.8065,-0.0002,-0.2405,-0.0254,-24.56,-28.56,28.5,12.27,-84.24,-127.95
52.41728,-1.558079,172.56,0,2,106.92,20 / 20,2083829,2019-09-06 18:50:50:511,1.1433,0.1117,9.9801,0.0043,-0.0045,9.8066,0.0392,-0.2382,0.0498,-25.12,-28.44,28.69,10.24,-84.24,-129.8
52.41728,-1.558079,172.56,0,2,106.92,20 / 20,2083928,2019-09-06 18:50:50:610,1.7581,0.4867,10.1367,-0.0093,-0.0028,9.8066,-0.0273,-0.1914,0.0501,-24.62,-28.12,29.19,10.29,-84.12,-129.76
52.41728,-1.558079,172.56,0,2,106.92,20 / 20,2084029,2019-09-06 18:50:50:711,0.8741,0.0576,10.0995,-0.0109,-0.0204,9.8066,-0.028,-0.2222,0.0609,-24.37,-28.19,29.44,13.67,-83.88,-127.87
52.41728,-1.558079,172.56,0,2,106.92,20 / 20,2084128,2019-09-06 18:50:50:810,0.5196,0.1456,9.8448,-0.0127,-0.0121,9.8066,-0.0072,-0.2363,0.0677,-24.5,-28.19,29.31,15.74,-83.75,-126
52.41728,-1.558079,172.56,0,2,106.92,20 / 20,2084228,2019-09-06 18:50:50:910,0.7817,-0.3231,9.6201,-0.0062,-0.0051,9.8066,-0.0332,-0.2032,0.0398,-24.19,-28.19,29.38,17.18,-83.66,-124.7
52.41728,-1.558079,172.56,0,2,106.92,20 / 20,2084329,2019-09-06 18:50:51:011,0.8222,0.4886,9.6699,0.0007,-0.0097,9.8066,-0.0467,-0.1949,0.0273,-23.5,-28.19,30.19,19.51,-83.54,-124.73
52.41728,-1.558079,172.56,0,2,106.92,21 / 21,2084428,2019-09-06 18:50:51:110,0.8755,0.2271,9.9407,-0.0054,0.0039,9.8066,0.0032,-0.188,0.0233,-23.25,-28.37,30.56,21.14,-83.49,-124.11
52.41728,-1.558079,172.56,0,2,106.92,21 / 21,2084529,2019-09-06 18:50:51:211,0.8068,0.6015,9.6906,-0.0015,0.0035,9.8066,-0.0224,-0.1908,0.0266,-23.56,-29.19,30.75,19.76,-83.48,-124.24
52.41728,-1.558079,172.56,0,2,106.92,21 / 21,2084628,2019-09-06 18:50:51:310,0.6015,0.3578,9.8657,-0.0001,-0.0041,9.8066,-0.0104,-0.1878,0.0221,-23.25,-28.5,31.06,21.02,-83.46,-124.24
52.41728,-1.558079,172.56,0,2,106.92,21 / 21,2084729,2019-09-06 18:50:51:411,0.648,-0.1319,9.6647,-0.0003,-0.0042,9.8066,-0.0467,-0.1751,0.0101,-23,-28.37,31.44,21.13,-83.44,-124.13
52.41728,-1.558079,172.56,0,2,106.92,21 / 21,2084829,2019-09-06 18:50:51:511,0.8862,0.0883,9.7441,-0.0057,0.0017,9.8065,-0.0521,-0.195,0.0265,-22.5,-27.75,31.25,22.94,-83.42,-123.72
52.41728,-1.558079,172.56,0,2,106.92,21 / 21,2084928,2019-09-06 18:50:51:610,0.7588,0.3345,9.8474,-0.0001,-0.0035,9.8065,-0.0418,-0.1823,0.0075,-22.44,-27.94,31.44,23.66,-83.41,-123.07
52.41728,-1.558079,172.56,0,2,106.92,21 / 21,2085028,2019-09-06 18:50:51:710,0.3675,0.0845,9.6996,-0.0024,0.0067,9.8066,0.0079,-0.1739,0.0334,-22.31,-28.56,31.81,25.03,-83.42,-122.69
52.41728,-1.558079,172.56,0,2,106.92,21 / 21,2085128,2019-09-06 18:50:51:810,0.2816,0.2144,9.8118,-0.005,0.0012,9.8066,-0.0112,-0.1702,0.0332,-22.37,-28.25,32.5,25.92,-83.43,-122.56
52.41728,-1.558079,172.56,0,2,106.92,21 / 21,2085228,2019-09-06 18:50:51:910,0.88,-0.0114,9.7621,0.0069,0.0043,9.8066,-0.0087,-0.1884,-0.0099,-21.37,-28.69,32.19,26.37,-83.46,-122.7
52.41728,-1.558079,172.56,0,2,106.92,21 / 21,2085328,2019-09-06 18:50:52:010,0.8207,0.0618,9.9722,0.0021,0.002,9.8066,-0.0171,-0.1731,-0.0075,-21.56,-27.75,31.81,24.8,-83.5,-122.8
52.41728,-1.558079,172.56,0,2,106.92,20 / 20,2085428,2019-09-06 18:50:52:110,0.8237,0.3455,9.603,0.0022,0.006,9.8066,-0.027,-0.1563,0.0223,-21.25,-27.69,32.25,25.95,-83.54,-122.98
52.41728,-1.558079,172.56,0,2,106.92,20 / 20,2085529,2019-09-06 18:50:52:211,1.1626,0.0112,9.7797,-0.0036,0.0012,9.8066,-0.0257,-0.1494,0.0343,-21,-28.31,32.31,26.35,-83.58,-122.6
52.41728,-1.558079,172.56,0,2,106.92,20 / 20,2085628,2019-09-06 18:50:52:310,0.7661,0.0221,9.7196,-0.0016,-0.0014,9.8066,-0.0284,-0.1367,0.0305,-21.69,-28.56,32.81,26.14,-83.55,-122.39
52.41728,-1.558079,172.56,0,2,106.92,20 / 20,2085729,2019-09-06 18:50:52:411,0.807,0.1324,9.7153,0.0037,-0.0088,9.8066,-0.0393,-0.1296,-0.0003,-21.44,-27.56,32.75,27.45,-83.53,-122.36
52.41728,-1.558079,172.56,0,2,106.92,20 / 20,2085829,2019-09-06 18:50:52:511,0.9042,-0.1705,9.7356,-0.0052,0.0086,9.8066,-0.0008,-0.1225,0.0022,-21.44,-28.69,32.75,28.08,-83.56,-121.85
52.41728,-1.558079,172.56,0,2,106.92,20 / 20,2085929,2019-09-06 18:50:52:611,0.6706,0.2035,10.1584,-0.0027,0.01,9.8066,0.0346,-0.0913,0.0192,-20.87,-28.19,32.38,27.26,-83.62,-121.74
52.41728,-1.558079,172.56,0,2,106.92,20 / 20,2086029,2019-09-06 18:50:52:711,1.1848,-0.0966,9.8293,0.0056,0.0015,9.8066,-0.0188,-0.1011,-0.0029,-20.75,-28.75,32.56,27.87,-83.66,-122
52.41728,-1.558079,172.56,0,2,106.92,20 / 20,2086129,2019-09-06 18:50:52:811,1.0098,0.1065,9.8372,-0.0007,-0.0029,9.8066,-0.0232,-0.0881,-0.0036,-20.56,-28.5,32.75,27.85,-83.7,-121.93
52.41728,-1.558079,172.56,0,2,106.92,20 / 20,2086229,2019-09-06 18:50:52:911,0.4131,0.0134,9.8335,0.0004,0.0048,9.8066,-0.0112,-0.083,0.0341,-20.25,-28.81,32.81,29.99,-83.74,-121.29
52.41728,-1.558079,172.56,0,2,106.92,20 / 20,2086329,2019-09-06 18:50:53:011,0.7236,-0.283,9.7805,-0.001,0.001,9.8066,0,-0.055,0.0216,-20.69,-28.75,32.63,28.87,-83.76,-121.04
52.41728,-1.558079,172.56,0,2,106.92,21 / 21,2086428,2019-09-06 18:50:53:110,0.4674,-0.0161,9.8259,-0.003,0.003,9.8066,-0.0124,-0.0902,-0.0056,-19.94,-28.75,32.94,30.8,-83.75,-120.54
52.41728,-1.558079,172.56,0,2,106.92,21 / 21,2086528,2019-09-06 18:50:53:210,0.8011,-0.0827,9.7147,0.0045,0.0059,9.8066,-0.0052,-0.0545,-0.0176,-20,-28.44,32.94,30.59,-83.81,-120.63
52.41728,-1.558079,172.56,0,2,106.92,21 / 21,2086629,2019-09-06 18:50:53:311,0.9301,-0.0222,9.8131,0.0002,0.001,9.8066,0.0051,-0.0491,0.05,-19.87,-28.87,32.25,29.94,-83.87,-120.55
52.41728,-1.558079,172.56,0,2,106.92,21 / 21,2086729,2019-09-06 18:50:53:411,0.711,0.2571,9.908,0.0006,-0.0008,9.8066,-0.0118,-0.0517,-0.0034,-19.94,-29,32.13,30.12,-83.87,-120.38
52.41728,-1.558079,172.56,0,2,106.92,21 / 21,2086828,2019-09-06 18:50:53:510,0.7891,-0.2658,9.809,-0.0011,0.0038,9.8066,-0.0053,-0.0347,-0.0128,-19.44,-28.19,33.13,32.53,-83.88,-120.1
52.41728,-1.558079,172.56,0,2,106.92,21 / 21,2086929,2019-09-06 18:50:53:611,0.5833,-0.0339,9.804,0.0017,0.0062,9.8066,0.0031,-0.0349,0.0211,-19.25,-28.5,32.63,32.47,-83.94,-120.14
52.41728,-1.558079,172.56,0,2,106.92,21 / 21,2087029,2019-09-06 18:50:53:711,0.7033,-0.0501,9.8651,0.0017,0.0013,9.8066,0.0132,-0.0247,0.0059,-19.44,-28.87,32.88,32.45,-84,-120.21
52.41728,-1.558079,172.56,0,2,106.92,21 / 21,2087129,2019-09-06 18:50:53:811,0.6715,-0.0504,9.908,0.0021,0.0025,9.8066,-0.0051,-0.028,-0.0136,-19.62,-28.62,32.75,30.92,-84.02,-120.3
52.41728,-1.558079,172.56,0,2,106.92,21 / 21,2087229,2019-09-06 18:50:53:911,0.7581,-0.1112,9.8694,0.0011,0.003,9.8066,0.008,-0.0134,0.0061,-19.81,-28.69,32.75,30.7,-84.07,-120.49
52.41728,-1.558079,172.56,0,2,106.92,21 / 21,2087329,2019-09-06 18:50:54:011,0.723,-0.2116,9.7157,-0.0001,0.0027,9.8066,0.0177,-0.0016,0.0212,-19.75,-28.81,32.94,30.76,-84.11,-120.42
52.41728,-1.558079,172.56,0,2,106.92,21 / 21,2087429,2019-09-06 18:50:54:111,0.6574,-0.2503,9.7772,0.0018,-0.0038,9.8066,-0.0184,-0.0157,-0.0111,-20.81,-28.37,33.5,29.99,-84.1,-120.5
52.41728,-1.558079,172.56,0,2,106.92,21 / 21,2087529,2019-09-06 18:50:54:211,0.3538,0.1361,9.9544,0.0018,0.0009,9.8066,-0.0006,0.0109,0.0072,-21.69,-28.69,34.25,28.73,-84.12,-120.52
52.41728,-1.558079,172.56,0,2,106.92,21 / 21,2087628,2019-09-06 18:50:54:310,0.5362,0.055,9.7718,0.0022,0.0016,9.8066,-0.0027,-0.0015,0.0355,-21.19,-28.44,35.25,30.48,-84.15,-120.72
52.41728,-1.558079,172.56,0,2,106.92,21 / 21,2087729,2019-09-06 18:50:54:411,0.7841,-0.5169,9.7019,0.0044,-0.0064,9.8066,0.0204,-0.0099,-0.0108,-21.75,-28.19,35.38,28.77,-84.15,-121.1
52.41728,-1.558079,172.56,0,2,106.92,21 / 21,2087829,2019-09-06 18:50:54:511,0.3033,0.244,9.8921,0.001,0.0072,9.8066,0.0254,-0.0146,0.0007,-21.69,-28.56,35.06,28.83,-84.23,-121.09
52.41728,-1.558079,172.56,0,2,106.92,21 / 21,2087928,2019-09-06 18:50:54:610,0.709,-0.3167,9.8177,0.0007,0.0076,9.8066,0.0273,0.0098,0.0028,-21.81,-28.25,35.13,28.47,-84.27,-121.35
52.41728,-1.558079,172.56,0,2,106.92,21 / 21,2088029,2019-09-06 18:50:54:711,0.4135,-0.086,9.9263,0.0037,-0.0031,9.8066,0.0028,0.0021,0.0025,-21.56,-28.62,34.88,27.9,-84.28,-121.95
52.41728,-1.558079,172.56,0,2,106.92,21 / 21,2088129,2019-09-06 18:50:54:811,0.1278,0.4479,9.9032,0.0073,-0.0023,9.8066,-0.0011,0.0066,0.0172,-21.56,-28.12,34.94,27.5,-84.32,-122.24
52.41728,-1.558079,172.56,0,2,106.92,21 / 21,2088229,2019-09-06 18:50:54:911,0.3903,0.2539,9.9735,0.0033,0.0033,9.8066,0.0055,-0.0072,-0.0154,-21,-28.56,35.31,28.82,-84.34,-122.27
52.41728,-1.558079,172.56,0,2,106.92,21 / 21,2088328,2019-09-06 18:50:55:010,0.4302,0.1723,9.8463,0.0029,0.0015,9.8066,-0.0043,-0.0167,0.0043,-21.12,-28.12,34.5,28.07,-84.39,-122.89
52.41728,-1.558079,172.56,0,2,106.92,20 / 20,2088428,2019-09-06 18:50:55:110,0.8499,-0.5124,9.8763,0.0018,-0.0028,9.8066,0.0031,-0.0144,-0.0074,-20.31,-28.25,34.31,28.13,-84.4,-123.39
52.41728,-1.558079,172.56,0,2,106.92,20 / 20,2088529,2019-09-06 18:50:55:211,0.3878,-0.0071,10.0238,0.0022,-0.0038,9.8066,0.0103,-0.0104,0.0147,-21.06,-28.37,33.94,26.21,-84.37,-123.94
52.41728,-1.558079,172.56,0,2,106.92,20 / 20,2088628,2019-09-06 18:50:55:310,1.1054,-1.1346,9.9687,0.0044,-0.0107,9.8066,0.0044,-0.0089,-0.0018,-20.25,-27.94,33.94,26.77,-84.34,-124.69
52.41728,-1.558079,172.56,0,2,106.92,20 / 20,2088728,2019-09-06 18:50:55:410,1.1757,-1.4728,9.9712,0.0086,-0.0092,9.8066,0.031,-0.0088,-0.0147,-20.37,-28.06,33.38,24.52,-84.26,-126.1
52.41728,-1.558079,172.56,0,2,106.92,20 / 20,2088828,2019-09-06 18:50:55:510,1.0889,-1.9405,9.848,0.0102,-0.0105,9.8066,0.0035,-0.006,0.0249,-20.44,-28.12,34,22.87,-84.17,-128.37
52.41728,-1.558079,172.56,0,2,106.92,20 / 20,2088929,2019-09-06 18:50:55:611,1.0455,-1.6151,9.7896,0.0065,-0.0167,9.8066,-0.0043,-0.0079,0.0063,-20.19,-28.06,34.06,22.11,-84.1,-129.11
52.41728,-1.558079,172.56,0,2,106.92,20 / 20,2089028,2019-09-06 18:50:55:710,1.0482,-1.0175,9.5667,-0.0004,0.0047,9.8066,0.0195,-0.0589,0.0297,-20.44,-27.87,33.88,21.48,-84.09,-129.7
52.41728,-1.558079,172.56,0,2,106.92,20 / 20,2089128,2019-09-06 18:50:55:810,0.9031,-1.1535,9.8309,-0.001,-0.0097,9.8065,0.0242,-0.038,0.0136,-19.87,-28,33.75,20.83,-83.94,-130.34
52.41728,-1.558079,172.56,0,2,106.92,20 / 20,2089229,2019-09-06 18:50:55:911,1.305,-2.5505,9.9897,0.0036,-0.0206,9.8066,0.0487,-0.0841,0.0384,-20.44,-27,34.75,20.66,-83.85,-131.16
52.41728,-1.558079,172.56,0,2,106.92,20 / 20,2089329,2019-09-06 18:50:56:011,0.8303,-3.3931,9.908,0.005,-0.0252,9.8066,0.0644,-0.0924,0.0083,-19.81,-27,34.81,19.3,-83.52,-132.51
52.41728,-1.558079,172.56,0,2,106.92,21 / 21,2089429,2019-09-06 18:50:56:111,0.1845,-1.9123,9.9565,-0.0033,-0.0092,9.8066,0.0739,-0.1753,0.064,-20,-27.44,35.75,19.51,-83.25,-133.03
52.41728,-1.558079,172.56,0,2,106.92,21 / 21,2089528,2019-09-06 18:50:56:210,-0.0796,-2.1614,10.2001,0.0016,-0.013,9.8066,0.007,-0.189,0.057,-19.31,-27.44,35.75,20.01,-83.03,-133.88
52.41728,-1.558079,172.56,0,2,106.92,21 / 21,2089629,2019-09-06 18:50:56:311,0.061,-1.9894,9.8599,-0.0019,-0.0128,9.8066,0.0862,-0.2214,0.0617,-19.31,-27.81,36.63,20.44,-82.79,-134.22
52.41728,-1.558079,172.56,0,2,106.92,21 / 21,2089728,2019-09-06 18:50:56:410,-0.1908,-2.1696,9.3361,0.0019,-0.0278,9.8065,0.0643,-0.3035,0.1022,-18.87,-27.44,36.13,18.47,-82.42,-135.44
52.41728,-1.558079,172.56,0,2,106.92,21 / 21,2089828,2019-09-06 18:50:56:510,-0.737,-2.0766,9.8892,0.0001,-0.0359,9.8065,0.0601,-0.3386,0.063,-18.62,-27.19,36.56,17.61,-81.83,-136.98
52.41728,-1.558079,172.56,0,2,106.92,21 / 21,2089929,2019-09-06 18:50:56:611,-1.4985,-1.2066,10.1181,-0.01,-0.034,9.8066,0.1186,-0.3235,0.1505,-17.62,-26.62,36.56,18.34,-81.41,-137.68
52.41728,-1.558079,172.56,0,2,106.92,21 / 21,2090028,2019-09-06 18:50:56:710,-2.7139,-1.1322,10.7242,0.0138,-0.0281,9.8065,-0.0532,-0.4915,0.1029,-16.62,-27.37,37.5,18.88,-80.52,-139.24
52.41728,-1.558079,172.56,0,2,106.92,21 / 21,2090129,2019-09-06 18:50:56:811,-1.8429,-1.0664,11.1337,0.0303,0.0181,9.8065,-0.087,-0.4567,-0.054,-16.69,-27.37,38.19,17.29,-80.64,-140.62
52.41728,-1.558079,172.56,0,2,106.92,21 / 21,2090229,2019-09-06 18:50:56:911,-0.6542,-0.7312,9.9758,0.0257,0.0442,9.8064,-0.0331,-0.4902,-0.0548,-16,-28.12,38.56,15.2,-80.98,-144.23
52.41728,-1.558079,172.56,0,2,106.92,21 / 21,2090329,2019-09-06 18:50:57:011,-0.5628,0.5438,9.1736,-0.0053,0.0449,9.8064,0.0519,-0.525,0.0536,-14.69,-27.87,37.81,14.54,-81.55,-145.52
52.41728,-1.558079,172.56,0,2,106.92,21 / 21,2090428,2019-09-06 18:50:57:110,-1.0584,-0.9449,9.603,-0.0134,-0.0496,9.8064,-0.0252,-0.5473,0.1407,-13.87,-27.75,37.5,16.1,-81.15,-145.55
52.41728,-1.558079,172.56,0,2,106.92,21 / 21,2090529,2019-09-06 18:50:57:211,-2.0835,-1.2294,9.9131,-0.0275,-0.0201,9.8065,-0.0424,-0.586,0.1359,-12.94,-27.44,37.19,19.43,-80.89,-143.52
52.41728,-1.558079,172.56,0,2,106.92,21 / 21,2090628,2019-09-06 18:50:57:310,-2.1107,-1.3952,10.0645,-0.0213,-0.0126,9.8065,-0.1176,-0.5548,0.1433,-12.06,-27.31,37.25,23.85,-80.61,-141.09
52.41728,-1.558079,172.56,0,2,106.92,21 / 21,2090728,2019-09-06 18:50:57:410,-2.3219,-0.5159,9.8428,-0.014,-0.0099,9.8066,-0.0748,-0.6175,0.1363,-11.94,-27.19,37.5,25.85,-80.57,-139.71
52.41728,-1.558079,172.56,0,2,106.92,21 / 21,2090830,2019-09-06 18:50:57:512,-2.4497,0.1454,10.0789,0.0031,0.0067,9.8066,-0.1358,-0.5725,0.0775,-11,-27.94,36.5,28.21,-80.51,-138.81
52.41728,-1.558079,172.56,0,2,106.92,21 / 21,2090929,2019-09-06 18:50:57:611,-1.4672,-0.0398,10.1379,0.0083,0.0139,9.8066,-0.0442,-0.5824,0.0633,-9.81,-28.44,36.31,29.5,-80.65,-138.76
52.41728,-1.558079,172.56,0,2,106.92,21 / 21,2091028,2019-09-06 18:50:57:710,-2.3249,0.4835,9.9636,0.0077,0.0082,9.8066,-0.0793,-0.5481,-0.0018,-8.12,-28.5,35.63,32.22,-80.78,-139.32
52.41728,-1.558079,172.56,0,2,106.92,21 / 21,2091129,2019-09-06 18:50:57:811,-1.1382,0.2891,9.6667,0.0191,-0.0048,9.8065,-0.0244,-0.5633,0.076,-7.25,-28.25,35.38,31.64,-80.95,-141.09
52.41728,-1.558079,172.56,0,2,106.92,21 / 21,2091229,2019-09-06 18:50:57:911,-1.6706,-0.6276,9.8911,0.0085,-0.0006,9.8066,-0.0028,-0.5363,0.0838,-7,-28.5,35.31,30.59,-80.97,-142.02
52.41728,-1.558079,172.56,0,2,106.92,21 / 21,2091328,2019-09-06 18:50:58:010,-1.4651,-0.2013,9.9362,0.0032,-0.0043,9.8066,0.018,-0.5642,0.0569,-6,-28.87,34.44,30.91,-80.83,-143.36
52.41728,-1.558079,172.56,0,2,106.92,21 / 21,2091428,2019-09-06 18:50:58:110,-0.1377,-0.5887,10.3198,0.0031,-0.0141,9.8065,-0.0046,-0.4323,0.001,-4.75,-28.25,34.69,31.89,-80.69,-144.21
52.41728,-1.558079,172.56,0,2,106.92,21 / 21,2091528,2019-09-06 18:50:58:210,-1.0033,-1.1533,10.7609,-0.0042,-0.0431,9.8065,-0.1909,-0.4204,0.0606,-4.31,-28.94,33.94,33.16,-80.74,-144.76
52.41728,-1.558079,172.56,0,2,106.92,21 / 21,2091629,2019-09-06 18:50:58:311,-0.6923,-1.2544,10.1922,0.0055,-0.0473,9.8065,-0.1513,-0.4118,0.0524,-3.44,-29.31,32.81,33.91,-80.44,-145.94
52.41728,-1.558079,172.56,0,2,106.92,21 / 21,2091729,2019-09-06 18:50:58:411,-0.4432,0.3693,9.4501,0.0036,0.028,9.8065,-0.0304,-0.4628,0.0554,-3.69,-28.69,32.5,32.24,-80.57,-145.59
52.41728,-1.558079,172.56,0,2,106.92,21 / 21,2091829,2019-09-06 18:50:58:511,-0.363,0.0634,9.7419,0.015,0.0118,9.8066,0.0217,-0.3347,-0.002,-2.94,-28.25,32.25,32.97,-80.56,-146.51
52.41728,-1.558079,172.56,0,2,106.92,21 / 21,2091928,2019-09-06 18:50:58:610,-0.3387,-0.1029,10.1092,0.016,-0.0167,9.8065,0.0147,-0.2695,-0.019,-1.56,-28.31,31.5,32.13,-80.49,-149.07
52.41728,-1.558079,172.56,0,2,106.92,21 / 21,2092028,2019-09-06 18:50:58:710,0.2297,0.8388,9.9488,0.0272,-0.0156,9.8066,-0.0183,-0.2742,-0.0033,-1.56,-28.56,31.06,29.95,-80.5,-151.13
52.41728,-1.558079,172.56,0,2,106.92,21 / 21,2092128,2019-09-06 18:50:58:810,0.3145,0.972,10.1358,0.0154,-0.0007,9.8066,0.1145,-0.2078,0.0227,-0.37,-28,31,32.02,-80.37,-152.96
52.41728,-1.558079,172.56,0,2,106.92,21 / 21,2092228,2019-09-06 18:50:58:910,-0.0922,0.3975,10.2069,0.0053,0.0026,9.8065,0.0549,-0.1891,0.0147,-0.31,-28,31,30.49,-80.3,-154.31
52.41728,-1.558079,172.56,0,2,106.92,21 / 21,2092329,2019-09-06 18:50:59:011,0.9129,1.1286,9.7046,0.008,-0.0268,9.8066,-0.0231,-0.1295,0.0174,-0.12,-28.06,32,28.87,-80.16,-155.64
52.41719,-1.55814,172.71,3.99,2,224.05,21 / 21,2092429,2019-09-06 18:50:59:111,0.4171,1.387,10.1337,0.0007,-0.0089,9.8066,0.0478,-0.0333,-0.0249,-0.94,-28.5,32.31,26.82,-80.16,-155.61
52.41719,-1.55814,172.71,3.99,2,224.05,21 / 21,2092528,2019-09-06 18:50:59:210,0.8272,0.3154,9.6494,0.0066,-0.0275,9.8066,-0.0563,0.0178,-0.0106,-1.25,-28.5,31.88,24.96,-79.97,-157.28
52.41719,-1.55814,172.71,3.99,2,224.05,21 / 21,2092629,2019-09-06 18:50:59:311,0.8946,1.4407,9.6226,-0.0001,-0.0128,9.8066,-0.0412,0.0282,-0.0103,-1.56,-29,31.88,22.73,-79.92,-157.53
52.41719,-1.55814,172.71,3.99,2,224.05,21 / 21,2092728,2019-09-06 18:50:59:410,0.9178,1.3417,9.8401,-0.0028,0.0158,9.8066,-0.0005,0.0429,0.0119,-1.56,-28.81,31.75,22.63,-80,-157.58
52.41719,-1.55814,172.71,3.99,2,224.05,21 / 21,2092829,2019-09-06 18:50:59:511,0.9684,1.7485,10.069,-0.0041,0.0051,9.8066,-0.0574,0.0826,-0.0209,-1.5,-28.44,32.56,25.29,-80.08,-156.9
52.41719,-1.55814,172.71,3.99,2,224.05,21 / 21,2092929,2019-09-06 18:50:59:611,1.3531,1.8086,9.6438,0.0114,0.0101,9.8066,0.034,0.1618,-0.0663,-1.56,-29,32.94,22.88,-80.26,-157.27
52.41719,-1.55814,172.71,3.99,2,224.05,21 / 21,2093028,2019-09-06 18:50:59:710,1.5071,1.9384,9.3372,0.0078,0.0005,9.8065,-0.014,0.1518,-0.0278,-2.37,-29.31,33.13,21.99,-80.3,-158
52.41719,-1.55814,172.71,3.99,2,224.05,21 / 21,2093129,2019-09-06 18:50:59:811,1.2769,2.3445,9.3993,-0.0043,0.0139,9.8066,0.0116,0.187,-0.0168,-2.37,-29.19,32.81,22.62,-80.43,-157.42
52.41719,-1.55814,172.71,3.99,2,224.05,21 / 21,2093229,2019-09-06 18:50:59:911,1.3447,2.6144,9.7534,-0.0084,0.0223,9.8066,-0.0226,0.1809,0.0336,-2.62,-29.31,33.13,21.43,-80.58,-156.65
52.41719,-1.55814,172.71,3.99,2,224.05,21 / 21,2093329,2019-09-06 18:51:00:011,0.5955,2.6232,9.9972,-0.0183,-0.0021,9.8066,-0.0236,0.2032,-0.0011,-3,-28.62,33.19,23.26,-80.64,-155.05
52.41719,-1.55814,172.71,3.99,2,224.05,21 / 21,2093428,2019-09-06 18:51:00:110,0.587,2.5874,9.8632,-0.0135,0.0033,9.8066,0.0011,0.2068,0.0247,-2.81,-28.87,33.5,25.48,-80.6,-153.21
52.41719,-1.55814,172.71,3.99,2,224.05,21 / 21,2093529,2019-09-06 18:51:00:211,-0.2648,2.1383,9.5351,-0.0133,0.0085,9.8065,-0.0043,0.159,-0.0029,-3.44,-29.25,32.94,27.55,-80.63,-151.36
52.41719,-1.55814,172.71,3.99,2,224.05,21 / 21,2093628,2019-09-06 18:51:00:310,0.1079,2.3736,9.5525,-0.0043,0.0057,9.8066,-0.0345,0.1588,-0.0413,-3.62,-29.87,33.63,26.55,-80.63,-150.72
52.41719,-1.55814,172.71,3.99,2,224.05,21 / 21,2093728,2019-09-06 18:51:00:410,0.1555,2.1965,9.7417,-0.0046,0.0076,9.8065,0.0126,0.1527,0.0124,-4.25,-29.81,32.69,27.32,-80.7,-149.92
52.41719,-1.55814,172.71,3.99,2,224.05,21 / 21,2093829,2019-09-06 18:51:00:511,0.2962,2.6964,9.758,-0.0013,0.0049,9.8066,0.0133,0.1141,0.0261,-4.75,-29.44,33,25.7,-80.78,-149.44
52.41719,-1.55814,172.71,3.99,2,224.05,21 / 21,2093929,2019-09-06 18:51:00:611,-0.1719,2.4356,9.831,-0.0082,0.01,9.8066,-0.0426,0.1157,-0.0418,-4.56,-29.25,33.31,26.47,-80.79,-148.77
52.41719,-1.55814,172.71,3.99,2,224.05,21 / 21,2094028,2019-09-06 18:51:00:710,0.0804,1.2754,9.8346,0.0014,0.0062,9.8066,0.0038,0.1031,-0.0101,-4.44,-29,32.81,29.07,-80.89,-148.18
52.41719,-1.55814,172.71,3.99,2,224.05,21 / 21,2094128,2019-09-06 18:51:00:810,0.2695,0.8047,9.8835,0,-0.0023,9.8066,0.0039,0.0917,0.0049,-5.44,-28.87,33.31,27.12,-80.9,-148.16
52.41719,-1.55814,172.71,3.99,2,224.05,21 / 21,2094228,2019-09-06 18:51:00:910,0.0992,0.9377,9.7963,-0.0019,-0.0016,9.8066,-0.0194,0.1059,-0.0132,-4.94,-29.75,33.44,27.37,-80.89,-148.07
52.41719,-1.55814,172.71,3.99,2,224.05,21 / 21,2094328,2019-09-06 18:51:01:010,0.0285,0.9207,9.7458,-0.0056,0.0064,9.8066,0.0433,0.1213,-0.0163,-5.31,-28.94,33.81,27.59,-80.89,-147.9
52.41719,-1.55814,172.71,3.99,2,224.05,21 / 21,2094429,2019-09-06 18:51:01:111,0.1792,0.704,9.6755,-0.0026,0.0144,9.8065,0.0212,0.104,0.0106,-5.19,-28.56,33.94,28.08,-80.92,-147.46
52.41719,-1.55814,172.71,3.99,2,224.05,21 / 21,2094529,2019-09-06 18:51:01:211,-0.0601,0.5611,9.9558,-0.0025,-0.0107,9.8066,-0.0052,0.0776,0.0152,-6,-28.5,34.31,26.27,-80.86,-147.29
52.41719,-1.55814,172.71,3.99,2,224.05,21 / 21,2094628,2019-09-06 18:51:01:310,0.2268,0.2175,9.8951,0.0014,-0.0079,9.8066,0.0013,0.0944,-0.027,-5.12,-27.81,34,28.37,-80.87,-147.1
52.41719,-1.55814,172.71,3.99,2,224.05,21 / 21,2094729,2019-09-06 18:51:01:411,0.2943,0.4944,9.8987,0.0001,0.0043,9.8066,0,0.0679,0.0035,-5.12,-28.94,34.13,28.49,-80.94,-147.08
52.41719,-1.55814,172.71,3.99,2,224.05,21 / 21,2094829,2019-09-06 18:51:01:511,0.1526,0.2094,9.9498,-0.0008,0.004,9.8066,-0.008,0.0776,-0.0128,-5.62,-28.56,34.25,26.72,-80.97,-146.96
52.41719,-1.55814,172.71,3.99,2,224.05,21 / 21,2094928,2019-09-06 18:51:01:610,0.5763,-0.1175,10.0215,0.0048,-0.0004,9.8066,0.0117,0.0679,0.0055,-5.56,-28.75,34.63,26.7,-81.03,-147.14
52.41719,-1.55814,172.71,3.99,2,224.05,21 / 21,2095028,2019-09-06 18:51:01:710,0.3701,0.6136,9.8057,0.001,-0.0013,9.8066,-0.0064,0.0892,-0.0236,-6,-28.94,34.13,26.23,-81.02,-147.37
52.41719,-1.55814,172.71,3.99,2,224.05,21 / 21,2095128,2019-09-06 18:51:01:810,0.9121,-0.9661,9.9264,0.0009,-0.0065,9.8066,0.0178,0.0927,-0.026,-6.37,-28.94,35.25,25.83,-80.97,-147.93
52.41719,-1.55814,172.71,3.99,2,224.05,21 / 21,2095229,2019-09-06 18:51:01:911,0.4929,-0.4192,9.754,0.0069,-0.0122,9.8066,0.0921,0.1087,-0.0137,-6.31,-28.19,34.94,24.96,-80.87,-148.62
52.41719,-1.55814,172.71,3.99,2,224.05,21 / 21,2095329,2019-09-06 18:51:02:011,0.9316,-1.9261,9.9004,-0.0009,0.0025,9.8066,0.0714,0.1179,-0.0087,-6.37,-28.75,34.75,24.21,-80.73,-149.45
52.41719,-1.55814,172.71,3.99,2,224.05,21 / 21,2095429,2019-09-06 18:51:02:111,0.9268,-1.4432,9.6871,-0.0039,0.0073,9.8066,0.041,0.1358,-0.0213,-7.44,-28.87,34.5,22.45,-80.69,-149.39
52.41719,-1.55814,172.71,3.99,2,224.05,21 / 21,2095528,2019-09-06 18:51:02:210,1.2139,-1.6507,9.7128,0.0045,0.0013,9.8066,-0.0424,0.1357,-0.0174,-7.81,-28.25,35.31,20.43,-80.75,-149.45
52.41719,-1.55814,172.71,3.99,2,224.05,21 / 21,2095628,2019-09-06 18:51:02:310,0.4026,-0.5285,9.5392,0.0042,0.0081,9.8066,-0.023,0.1665,-0.0134,-7.87,-28.62,35.69,20.73,-80.81,-149.53
52.41719,-1.55814,172.71,3.99,2,224.05,21 / 21,2095729,2019-09-06 18:51:02:411,1.1631,-1.504,10.1758,0.0028,-0.0087,9.8066,0.0185,0.1902,-0.0351,-7.69,-28.12,35.75,20.48,-80.87,-149.65
52.41719,-1.55814,172.71,3.99,2,224.05,21 / 21,2095828,2019-09-06 18:51:02:510,1.1586,-0.7591,9.9391,0.0036,-0.0067,9.8066,0.0357,0.2088,-0.0136,-7.94,-27.5,35.13,19.95,-80.88,-149.74
52.41719,-1.55814,172.71,3.99,2,224.05,21 / 21,2095928,2019-09-06 18:51:02:610,1.0356,-0.7259,9.99,-0.0003,-0.004,9.8065,-0.0309,0.2,-0.0326,-8.25,-27.69,36.13,20.49,-80.94,-149.61
52.41719,-1.55814,172.71,3.99,2,224.05,21 / 21,2096029,2019-09-06 18:51:02:711,1.5835,-1.1394,9.6145,-0.0006,-0.0061,9.8066,0.1146,0.1954,-0.0122,-7.94,-28.06,36.31,20.5,-80.9,-149.62
52.41719,-1.55814,172.71,3.99,2,224.05,21 / 21,2096129,2019-09-06 18:51:02:811,0.5952,-0.788,9.5962,-0.0108,0.0077,9.8066,0.0872,0.3551,-0.0718,-9.12,-28.62,36.38,18.97,-80.86,-149.53
52.41719,-1.55814,172.71,3.99,2,224.05,21 / 21,2096228,2019-09-06 18:51:02:910,1.1982,-0.6874,10.0047,0.0055,0.029,9.8065,0.0677,0.22,0.0336,-10,-28.5,36.56,17.21,-81.03,-149.8
52.41719,-1.55814,172.71,3.99,2,224.05,21 / 21,2096329,2019-09-06 18:51:03:011,0.763,-0.0276,9.811,0.0074,-0.0141,9.8066,-0.0391,0.2604,-0.0006,-10.06,-28,35.88,17.59,-81.12,-149.09
52.41719,-1.55814,172.71,3.99,2,224.05,21 / 21,2096429,2019-09-06 18:51:03:111,1.1033,0.0628,9.6663,0.0021,-0.0071,9.8065,-0.0654,0.3127,-0.1041,-10.37,-28.12,36.81,18.07,-81.21,-148.99
52.41719,-1.55814,172.71,3.99,2,224.05,21 / 21,2096528,2019-09-06 18:51:03:210,2.0538,-0.618,9.7991,0.0013,0.0116,9.8066,-0.0585,0.2987,-0.0269,-10.37,-27.69,36.88,18.1,-81.48,-148.89
52.41719,-1.55814,172.71,3.99,2,224.05,21 / 21,2096629,2019-09-06 18:51:03:311,1.8904,0.6932,9.7386,0.0019,0.0071,9.8066,-0.0513,0.3334,-0.0248,-10.87,-27.37,35.75,16.24,-81.55,-148.62
52.41719,-1.55814,172.71,3.99,2,224.05,21 / 21,2096729,2019-09-06 18:51:03:411,1.6919,-0.6994,9.6108,-0.0113,0.0155,9.8066,-0.01,0.3354,-0.0519,-11.62,-27.87,35.94,15.67,-81.67,-147.71
52.41719,-1.55814,172.71,3.99,2,224.05,21 / 21,2096829,2019-09-06 18:51:03:511,0.8993,-0.3383,9.7951,-0.0088,0.0243,9.8066,0.0866,0.3516,-0.0456,-12.37,-28.37,36.44,16.62,-81.84,-146.82
52.41719,-1.55814,172.71,3.99,2,224.05,21 / 21,2096929,2019-09-06 18:51:03:611,1.9123,0.1246,9.7783,-0.0019,-0.0089,9.8066,0.0353,0.332,-0.037,-11.87,-28.12,36.19,16.17,-82,-147.18
52.41719,-1.55814,172.71,3.99,2,224.05,21 / 21,2097029,2019-09-06 18:51:03:711,1.9174,-0.0496,9.7521,-0.0092,0.0107,9.8066,0.0449,0.3617,-0.0086,-13.31,-27.56,36.19,15.38,-81.91,-146.47
52.41719,-1.55814,172.71,3.99,2,224.05,21 / 21,2097129,2019-09-06 18:51:03:811,0.8822,-0.3166,9.9924,0.0148,-0.0138,9.8065,0.0015,0.4244,-0.0791,-13.62,-27.69,36.19,13.32,-81.91,-146.91
52.41719,-1.55814,172.71,3.99,2,224.05,21 / 21,2097228,2019-09-06 18:51:03:910,2.5865,-0.7705,9.6597,0.0109,-0.0231,9.8065,0.0847,0.3725,-0.0436,-14.56,-27.69,36.44,10.9,-81.89,-147.69
52.41719,-1.55814,172.71,3.99,2,224.05,21 / 21,2097328,2019-09-06 18:51:04:010,1.8298,-0.5233,9.9922,-0.0025,-0.0001,9.8066,-0.0959,0.3552,-0.0514,-15.5,-28.19,36.56,11.83,-81.83,-147.39
52.41719,-1.55814,172.71,3.99,2,224.05,21 / 21,2097429,2019-09-06 18:51:04:111,1.1955,0.5709,9.7858,-0.0016,0.0098,9.8066,-0.0694,0.3599,-0.0181,-15.75,-28.31,36.63,11.14,-82.03,-146.65
52.41719,-1.55814,172.71,3.99,2,224.05,21 / 21,2097528,2019-09-06 18:51:04:210,1.2445,-0.5408,9.5501,-0.0082,0.0293,9.8065,0.067,0.3411,-0.0292,-16.44,-27.87,36,11.92,-82.32,-145.35
52.41719,-1.55814,172.71,3.99,2,224.05,21 / 21,2097628,2019-09-06 18:51:04:310,1.5834,-0.1396,9.3656,-0.0079,0.0304,9.8065,0.0174,0.3096,-0.0355,-16.37,-27.81,35.69,12.15,-82.47,-145.11
52.41719,-1.55814,172.71,3.99,2,224.05,21 / 21,2097728,2019-09-06 18:51:04:410,1.4764,-1.4757,10.012,0.0039,0.0004,9.8066,-0.0125,0.3032,-0.0082,-17.81,-28.06,36.06,9.63,-82.61,-144.74
52.41719,-1.55814,172.71,3.99,2,224.05,21 / 21,2097828,2019-09-06 18:51:04:510,2.2863,-0.4194,9.6051,0.002,0.0226,9.8066,-0.0806,0.2996,-0.0743,-18.19,-28.37,35.25,9.44,-82.91,-144.24
52.41719,-1.55814,172.71,3.99,2,224.05,21 / 21,2097929,2019-09-06 18:51:04:611,1.4894,-1.2645,10.4279,-0.001,0.0186,9.8066,0.1011,0.2327,0.0061,-18.12,-28.37,34.56,9.83,-83.07,-143.86
52.41719,-1.55814,172.71,3.99,2,224.05,21 / 21,2098028,2019-09-06 18:51:04:710,1.5595,-1.4799,10.4644,-0.0049,0.0163,9.8066,0.0967,0.2546,-0.0307,-18.5,-27.87,35,10.83,-83.31,-142.92
52.41719,-1.55814,172.71,3.99,2,224.05,21 / 21,2098129,2019-09-06 18:51:04:811,1.5041,-1.3567,10.1879,-0.0038,-0.016,9.8066,-0.0421,0.2171,-0.002,-18.69,-27.87,35.38,9.89,-83.34,-142.48
52.41719,-1.55814,172.71,3.99,2,224.05,21 / 21,2098229,2019-09-06 18:51:04:911,0.2132,-0.4957,9.3817,0.0016,-0.0213,9.8065,-0.0591,0.1832,-0.0105,-19.19,-28.56,34.63,9.87,-83.17,-142.56
52.41719,-1.55814,172.71,3.99,2,224.05,21 / 21,2098329,2019-09-06 18:51:05:011,1.2989,-1.1753,9.7435,-0.0069,0.0083,9.8065,0.2043,0.1541,-0.0053,-19.37,-27.44,34.38,8.26,-83,-143.3
52.41719,-1.55814,172.71,3.99,2,224.05,21 / 21,2098429,2019-09-06 18:51:05:111,0.9754,-1.243,10.7729,-0.0155,0.0291,9.8066,0.1505,0.1196,-0.0143,-19.75,-27.31,34.94,7.21,-82.94,-143.69
52.41719,-1.55814,172.71,3.99,2,224.05,21 / 21,2098528,2019-09-06 18:51:05:210,1.8725,-0.6542,9.7412,0.0405,-0.0287,9.8065,-0.1695,0.0653,-0.0443,-19.56,-27.44,35.13,6.63,-83.07,-144.21
52.41719,-1.55814,172.71,3.99,2,224.05,21 / 21,2098628,2019-09-06 18:51:05:310,1.2287,-0.8345,9.6871,0.0192,-0.0344,9.8065,-0.0769,0.0433,-0.0081,-20,-27.81,33.69,4.27,-83.11,-145.66
52.41719,-1.55814,172.71,3.99,2,224.05,21 / 21,2098729,2019-09-06 18:51:05:411,0.8238,0.253,9.1942,-0.0209,0.0316,9.8065,-0.136,0.0532,-0.0486,-20.31,-27.12,34.19,6.82,-83.49,-143.29
52.41719,-1.55814,172.71,3.99,2,224.05,21 / 21,2098829,2019-09-06 18:51:05:511,0.6018,-1.3641,10.5762,-0.0079,0.0036,9.8066,0.2148,0.0403,0.0321,-19.75,-27.94,34.44,6.55,-83.37,-143.57
52.41719,-1.55814,172.71,3.99,2,224.05,21 / 21,2098929,2019-09-06 18:51:05:611,0.7057,-1.0123,10.0185,-0.0036,0.0275,9.8065,0.1225,0.0197,0.0157,-20.25,-27.87,34.38,5.9,-83.43,-144.15
52.41719,-1.55814,172.71,3.99,2,224.05,21 / 21,2099029,2019-09-06 18:51:05:711,0.3459,-1.1712,10.2433,-0.0199,0.0312,9.8065,0.1295,0.0057,-0.0172,-21,-27.81,34.75,4.8,-83.4,-144.65
52.41719,-1.55814,172.71,3.99,2,224.05,21 / 21,2099129,2019-09-06 18:51:05:811,0.7932,-1.6331,9.8214,0.0398,-0.0137,9.8065,-0.0667,-0.0103,-0.1067,-20.69,-27.62,34.88,3.68,-83.36,-145.67
52.41719,-1.55814,172.71,3.99,2,224.05,21 / 21,2099228,2019-09-06 18:51:05:910,0.8873,-1.5282,9.9583,0.0218,0.008,9.8066,0.0241,-0.1026,0.0022,-20.94,-27.37,34.88,359.7,-83.52,-149.32
52.41719,-1.55814,172.71,3.99,2,224.05,21 / 21,2099329,2019-09-06 18:51:06:011,0.6229,-1.7732,9.0825,0.011,0.0249,9.8066,-0.0974,-0.0268,-0.0314,-20.81,-26.87,35.31,358.05,-83.85,-150.84
52.41719,-1.55814,172.71,3.99,2,224.05,21 / 21,2099429,2019-09-06 18:51:06:111,0.7656,1.2972,9.9623,0.0398,-0.0252,9.8065,0.1119,0.1225,-0.1692,-21.37,-27.19,35.19,355.88,-83.96,-152.85
52.41719,-1.55814,172.71,3.99,2,224.05,21 / 21,2099529,2019-09-06 18:51:06:211,0.2798,-0.5676,10.0992,-0.0014,0.0543,9.8064,0.0848,-0.0818,0.1615,-21.56,-26.5,33.25,349.16,-84.67,-156.45
52.41719,-1.55814,172.71,3.99,2,224.05,21 / 21,2099628,2019-09-06 18:51:06:310,0.2569,0.6684,10.9133,-0.0113,-0.0247,9.8066,-0.0641,0.0171,-0.0741,-21.06,-26.19,34.19,351.4,-84.26,-156.3
52.41719,-1.55814,172.71,3.99,2,224.05,21 / 21,2099729,2019-09-06 18:51:06:411,-0.1027,-3.1132,9.9769,0.0118,-0.0234,9.8066,0.2471,-0.1135,0.0788,-20.19,-26.81,33.06,351.93,-83.96,-156.22
52.41719,-1.55814,172.71,3.99,2,224.05,21 / 21,2099829,2019-09-06 18:51:06:511,0.4623,-1.181,9.3443,0.0197,-0.0133,9.8065,0.0492,0.0367,-0.1184,-20,-26.75,33.81,350.32,-83.42,-158.39
52.41719,-1.55814,172.71,3.99,2,224.05,21 / 21,2099929,2019-09-06 18:51:06:611,0.897,-1.596,10.1329,-0.0018,0.0188,9.8066,0.0468,-0.0688,0.0394,-19.81,-27.5,34.19,349.11,-83.47,-159.51
52.41719,-1.55814,172.71,3.99,2,224.05,21 / 21,2100030,2019-09-06 18:51:06:712,0.2096,1.5299,9.8796,-0.0307,0.0374,9.8064,-0.1469,-0.0673,0.0018,-19.5,-27.69,33.38,350.95,-83.78,-158.35
52.41719,-1.55814,172.71,3.99,2,224.05,21 / 21,2100129,2019-09-06 18:51:06:811,0.6704,0.888,10.1801,-0.0155,0.0277,9.8065,0.049,-0.0784,0.0971,-19.06,-27.56,33.44,355.32,-84.3,-154.38
52.41719,-1.55814,172.71,3.99,2,224.05,21 / 21,2100229,2019-09-06 18:51:06:911,0.3455,-0.5985,9.3813,-0.004,-0.0013,9.8066,-0.0275,0.0087,-0.0486,-19.12,-27.87,33.25,356.41,-84.31,-153.38
52.41719,-1.55814,172.71,3.99,2,224.05,21 / 21,2100329,2019-09-06 18:51:07:011,0.6721,-0.6913,9.8932,0.0104,-0.0093,9.8066,0.0726,-0.0083,0.0309,-18.87,-27.25,33.31,355.31,-84.43,-154.42
52.41719,-1.55814,172.71,3.99,2,224.05,20 / 21,2100428,2019-09-06 18:51:07:110,0.7931,0.3956,9.8411,0.0053,-0.0022,9.8066,-0.0053,0.0145,-0.0549,-19.37,-27.69,33.38,353.93,-84.31,-155.67
52.41719,-1.55814,172.71,3.99,2,224.05,20 / 21,2100529,2019-09-06 18:51:07:211,0.1454,-0.4527,10.0241,0.0044,0.007,9.8066,-0.0013,-0.0233,0.0375,-19.06,-27.44,32.69,353.13,-84.44,-156.44
52.41719,-1.55814,172.71,3.99,2,224.05,20 / 21,2100628,2019-09-06 18:51:07:310,-0.2375,0.6354,10.0574,0.0009,-0.0043,9.8066,-0.0831,-0.0285,0.0596,-18.94,-27.25,33.31,353.01,-84.39,-156.55
52.41719,-1.55814,172.71,3.99,2,224.05,20 / 21,2100729,2019-09-06 18:51:07:411,-0.6554,-0.2822,9.3635,-0.0181,0.0218,9.8065,0.0503,0.0351,-0.0495,-19.44,-28,33.25,354.65,-84.41,-155.01
52.41719,-1.55814,172.71,3.99,2,224.05,20 / 21,2100829,2019-09-06 18:51:07:511,0.6151,-0.1413,9.3873,-0.0166,0.017,9.8065,-0.017,0.0039,0.0041,-18.87,-27,32.94,354.08,-84.31,-155.55
52.41719,-1.55814,172.71,3.99,2,224.05,20 / 21,2100929,2019-09-06 18:51:07:611,-0.5842,-0.5649,9.8738,0.0012,0.0044,9.8066,0.0907,0.0401,-0.0309,-19.19,-27.5,32.94,353.92,-84.18,-155.68
52.41719,-1.55814,172.71,3.99,2,224.05,20 / 21,2101028,2019-09-06 18:51:07:710,0.7611,-0.9874,9.999,-0.0088,0.014,9.8066,0.1009,-0.0615,0.0406,-19.44,-26.44,31.94,352.67,-84.3,-156.09
52.41719,-1.55814,172.71,3.99,2,224.05,20 / 21,2101128,2019-09-06 18:51:07:810,-0.3987,0.2321,9.807,0.0132,-0.0034,9.8066,-0.1084,-0.0378,-0.0505,-18.94,-26.31,32.06,352.72,-84.33,-156.04
52.41719,-1.55814,172.71,3.99,2,224.05,20 / 21,2101229,2019-09-06 18:51:07:911,-0.6211,-0.0705,9.9219,0.0202,0.0195,9.8066,-0.077,-0.0376,0.0101,-18.37,-27.06,30.69,351.44,-84.52,-157.76
52.41719,-1.55814,172.71,3.99,2,224.05,20 / 21,2101329,2019-09-06 18:51:08:011,-0.2037,-0.1813,9.8186,-0.0062,0.0002,9.8066,0.0603,-0.0512,0.0192,-17.75,-27,31.94,349.88,-84.67,-160.03
52.416904,-1.5581,174.09,7.85,2,154.8,21 / 21,2101429,2019-09-06 18:51:08:111,0.0629,-0.4484,9.5289,0.0011,0.019,9.8066,0.0358,0.0302,-0.071,-17.44,-27.81,31.94,351.84,-84.61,-159.55
52.416904,-1.5581,174.09,7.85,2,154.8,21 / 21,2101529,2019-09-06 18:51:08:211,0.7307,-0.7672,9.7957,0.0291,-0.0272,9.8065,-0.0728,0.0006,-0.0359,-17.81,-27.31,32.88,348.06,-84.68,-162.49
52.416904,-1.5581,174.09,7.85,2,154.8,21 / 21,2101628,2019-09-06 18:51:08:310,1.3144,-0.3075,9.8295,0.0099,-0.0104,9.8066,0.0099,0.0781,-0.0642,-18.19,-28,32.88,347.8,-84.89,-162.74
52.416904,-1.5581,174.09,7.85,2,154.8,21 / 21,2101729,2019-09-06 18:51:08:411,0.1062,0.9052,9.7568,0.0138,-0.0219,9.8066,-0.1743,-0.0152,0.0529,-19,-27.12,33.13,346.31,-85.1,-162.89
52.416904,-1.5581,174.09,7.85,2,154.8,21 / 21,2101828,2019-09-06 18:51:08:510,0.2935,-0.1161,9.8389,0.0173,-0.04,9.8065,-0.1057,0.0314,-0.0317,-19.31,-27.25,33.06,346.94,-84.91,-162.27
52.416904,-1.5581,174.09,7.85,2,154.8,21 / 21,2101929,2019-09-06 18:51:08:611,0.2075,-0.1673,9.5992,0.0013,0.0155,9.8066,0.0064,0.1115,-0.0426,-19.75,-26.62,33.19,344.74,-85.07,-163.08
52.416904,-1.5581,174.09,7.85,2,154.8,21 / 21,2102028,2019-09-06 18:51:08:710,0.9852,-0.2968,9.7074,-0.0163,0.0187,9.8066,-0.0011,0.0056,0.0554,-19.12,-26.37,34.25,346.79,-85.1,-163.22
52.416904,-1.5581,174.09,7.85,2,154.8,21 / 21,2102129,2019-09-06 18:51:08:811,0.3916,-1.0509,9.5724,0.0093,-0.0203,9.8065,-0.1532,0.0469,0.0031,-18.87,-26.06,33.81,348.32,-85,-161.77
52.416904,-1.5581,174.09,7.85,2,154.8,21 / 21,2102229,2019-09-06 18:51:08:911,0.2867,0.1298,9.9873,0.0011,-0.0147,9.8066,-0.0476,0.023,0.028,-18,-26.94,32.69,350.21,-85.21,-160.57
52.416904,-1.5581,174.09,7.85,2,154.8,21 / 21,2102329,2019-09-06 18:51:09:011,1.4776,0.1182,9.1189,-0.0074,0.012,9.8065,-0.0642,-0.0345,0.0656,-18.69,-27.06,31.94,350.67,-85.29,-158.05
52.416904,-1.5581,174.09,7.85,2,154.8,21 / 21,2102428,2019-09-06 18:51:09:110,-0.5589,-0.0485,9.2725,-0.0249,-0.0157,9.8066,-0.0505,-0.0051,0.0046,-19,-27.44,31.63,354.75,-85.28,-154.22
52.416904,-1.5581,174.09,7.85,2,154.8,21 / 21,2102529,2019-09-06 18:51:09:211,0.6541,-1.3507,9.1287,-0.0239,0.0122,9.8065,-0.1443,-0.1688,0.0652,-19,-27.94,30.94,358.03,-85.29,-150.33
52.416904,-1.5581,174.09,7.85,2,154.8,21 / 21,2102629,2019-09-06 18:51:09:311,-0.9475,-1.7902,9.313,0.0288,-0.0037,9.8065,-0.1587,-0.0673,0.0595,-18.87,-28.19,31.75,358.29,-85.29,-150.9
52.416904,-1.5581,174.09,7.85,2,154.8,21 / 21,2102729,2019-09-06 18:51:09:411,0.8661,-1.5287,8.8107,-0.0266,0.0552,9.8064,0.1035,0.0161,-0.0776,-18.37,-28.69,31,2.46,-85.57,-147.56
52.416904,-1.5581,174.09,7.85,2,154.8,21 / 21,2102828,2019-09-06 18:51:09:510,-0.6326,-0.9119,9.2463,-0.0058,-0.0171,9.8066,0.1465,-0.07,-0.0013,-18.37,-28.62,32.31,2.82,-85.4,-148.01
52.416904,-1.5581,174.09,7.85,2,154.8,21 / 21,2102928,2019-09-06 18:51:09:610,-0.9705,-1.1445,9.1537,-0.0338,0.0415,9.8064,-0.0755,-0.1031,0.0569,-18.56,-29,31.81,359.35,-85.44,-149.91
52.416904,-1.5581,174.09,7.85,2,154.8,21 / 21,2103028,2019-09-06 18:51:09:710,0.2225,0.1482,8.9285,-0.0203,0.0359,9.8065,0.091,0.0508,0.0771,-19.06,-28.81,32.63,1.18,-85.71,-148.96
52.416904,-1.5581,174.09,7.85,2,154.8,21 / 21,2103128,2019-09-06 18:51:09:810,-0.3455,-1.2511,9.6718,-0.0105,0.0208,9.8065,0.049,-0.0284,0.0525,-18.94,-29.12,31.75,2.24,-85.78,-147.2
52.416904,-1.5581,174.09,7.85,2,154.8,21 / 21,2103228,2019-09-06 18:51:09:910,-0.5592,-0.7138,9.496,-0.0188,0.0248,9.8065,-0.1028,-0.0232,0.0044,-19.75,-28.94,32,2.72,-85.94,-145.43
52.416904,-1.5581,174.09,7.85,2,154.8,21 / 21,2103329,2019-09-06 18:51:10:011,0.4719,-0.2871,9.081,-0.0189,0.0269,9.8065,-0.0958,-0.0563,0.0409,-19.44,-29.62,31.31,7.58,-86.18,-141.35
52.416904,-1.5581,174.09,7.85,2,154.8,20 / 21,2103429,2019-09-06 18:51:10:111,-0.2432,-0.5323,10.1521,-0.0391,0.0273,9.8065,0.0531,-0.0022,0.0266,-19.31,-29.12,31.75,13.09,-86.3,-136.89
52.416904,-1.5581,174.09,7.85,2,154.8,20 / 21,2103529,2019-09-06 18:51:10:211,-0.2813,-1.0723,10.1976,0.0184,-0.0176,9.8065,0.075,-0.0231,0.0065,-19.44,-28.81,30.75,14.78,-86.41,-134.47
52.416904,-1.5581,174.09,7.85,2,154.8,20 / 21,2103628,2019-09-06 18:51:10:310,-0.3093,-0.2391,9.4887,0.018,-0.0105,9.8066,-0.1023,-0.0052,-0.0171,-19,-28.94,30.75,11.8,-86.5,-137.29
52.416904,-1.5581,174.09,7.85,2,154.8,20 / 21,2103728,2019-09-06 18:51:10:410,0.6957,-1.1631,9.5513,0.0051,0.033,9.8066,-0.0686,-0.0491,-0.0192,-18.75,-29.06,30.13,10.44,-86.82,-137.7
52.416904,-1.5581,174.09,7.85,2,154.8,20 / 21,2103828,2019-09-06 18:51:10:510,0.2257,-0.9218,9.8869,0.0066,0.0019,9.8066,-0.0861,-0.0341,-0.0082,-18.19,-28.69,29.56,10.03,-86.89,-139.47
52.416904,-1.5581,174.09,7.85,2,154.8,20 / 21,2103928,2019-09-06 18:51:10:610,-0.1858,-0.6148,10.0994,0.0117,-0.0073,9.8066,0.0055,-0.0415,0.0094,-19.5,-29,28.94,5.31,-86.82,-141.71
52.416904,-1.5581,174.09,7.85,2,154.8,20 / 21,2104029,2019-09-06 18:51:10:711,0.8306,-0.4074,10.4005,-0.0007,-0.0092,9.8066,0.0825,-0.0064,0.0306,-20.87,-29.75,30.19,1.85,-86.75,-143.25
52.416904,-1.5581,174.09,7.85,2,154.8,20 / 21,2104128,2019-09-06 18:51:10:810,-0.3186,-3.1749,9.9027,0.0508,-0.0372,9.8064,0.0944,-0.1253,-0.0497,-20.87,-28.94,30.31,2.72,-86.69,-142.42
52.416904,-1.5581,174.09,7.85,2,154.8,20 / 21,2104229,2019-09-06 18:51:10:911,1.7556,0.8077,8.6718,0.0369,-0.0417,9.8065,-0.1967,-0.0686,0.0631,-20.25,-29.56,30.63,356.31,-86.79,-150.68
52.416904,-1.5581,174.09,7.85,2,154.8,20 / 21,2104329,2019-09-06 18:51:11:011,0.2682,-0.169,9.0115,-0.0417,0.0345,9.8064,-0.085,-0.0123,0.0798,-19.44,-29.69,30.63,5.26,-87.34,-143.44
52.416904,-1.5581,174.09,7.85,2,154.8,21 / 21,2104429,2019-09-06 18:51:11:111,-2.2193,0.3563,10.6461,0.0048,0.0186,9.8066,0.0963,-0.0821,-0.0057,-19.31,-29.87,30.44,5.79,-87.46,-142.09
52.416904,-1.5581,174.09,7.85,2,154.8,21 / 21,2104528,2019-09-06 18:51:11:210,0.8522,0.9327,9.6839,0.0081,0.0207,9.8066,0.1325,0.0993,-0.0739,-18.87,-29.81,31.31,359.4,-87.62,-149.07
52.416904,-1.5581,174.09,7.85,2,154.8,21 / 21,2104628,2019-09-06 18:51:11:310,1.0476,-0.6546,9.4571,-0.0084,0.0313,9.8065,0.0455,-0.009,0.0026,-18.62,-29.69,30.19,353.89,-87.51,-153.54
52.416904,-1.5581,174.09,7.85,2,154.8,21 / 21,2104729,2019-09-06 18:51:11:411,-0.8812,0.632,9.5969,0.0111,-0.007,9.8066,-0.0062,-0.0209,-0.0507,-18.87,-29.94,30.75,352.5,-87.31,-155.7
52.416904,-1.5581,174.09,7.85,2,154.8,21 / 21,2104829,2019-09-06 18:51:11:511,-0.4208,-1.1426,9.5999,0.0225,0.0097,9.8066,-0.132,0.0014,-0.0608,-18.31,-29.62,29.75,349.67,-87.5,-158.98
52.416904,-1.5581,174.09,7.85,2,154.8,21 / 21,2104928,2019-09-06 18:51:11:610,-0.2804,0.2084,10.4815,0.0082,0.0072,9.8066,-0.0275,-0.0143,-0.0159,-18.5,-30.44,30.31,346.73,-87.94,-161.89
52.416904,-1.5581,174.09,7.85,2,154.8,21 / 21,2105029,2019-09-06 18:51:11:711,0.2729,0.4388,9.4062,0.025,-0.0026,9.8066,-0.1144,0.0515,-0.0183,-18.19,-30.06,29.69,341.97,-88.18,-166.58
52.416904,-1.5581,174.09,7.85,2,154.8,21 / 21,2105129,2019-09-06 18:51:11:811,0.2262,0.7529,9.3974,-0.0345,0.0614,9.8064,-0.1631,0.1204,-0.0547,-17.69,-30.19,30.06,345.94,-88.57,-162.79
52.416904,-1.5581,174.09,7.85,2,154.8,21 / 21,2105228,2019-09-06 18:51:11:910,2.0579,-0.2903,10.1421,-0.0073,0.0486,9.8064,0.021,0.0035,-0.0491,-17.62,-29.25,29.81,344.14,-88.53,-164.56
52.416904,-1.5581,174.09,7.85,2,154.8,21 / 21,2105328,2019-09-06 18:51:12:010,-1.5005,0.9195,10.3471,0.011,-0.0356,9.8066,0.0386,-0.1232,0.0265,-17.5,-28.75,30.38,343.74,-88.63,-166.4
52.416904,-1.5581,174.09,7.85,2,154.8,21 / 21,2105428,2019-09-06 18:51:12:110,-0.8188,0.264,9.2999,0.0024,-0.0264,9.8065,-0.1473,0.0203,0.0288,-17.37,-27.81,30.25,344.9,-88.45,-165.23
52.416904,-1.5581,174.09,7.85,2,154.8,21 / 21,2105529,2019-09-06 18:51:12:211,-0.1976,1.8732,9.0266,-0.023,0.0232,9.8065,-0.1743,0.0733,0.0438,-16.56,-27.12,29.25,348.7,-88.71,-160.72
52.416904,-1.5581,174.09,7.85,2,154.8,21 / 21,2105628,2019-09-06 18:51:12:310,-2.1456,0.1344,9.0349,0.0005,0.033,9.8065,0.0301,0.109,-0.1118,-16,-26.37,29.31,348.78,-88.8,-162.15
52.416904,-1.5581,174.09,7.85,2,154.8,21 / 21,2105729,2019-09-06 18:51:12:411,0.0366,0.3287,9.9068,0.0094,0.0223,9.8065,-0.0888,-0.0384,0.005,-16.94,-27.12,27.88,340.52,-89.08,-167.96
52.416904,-1.5581,174.09,7.85,2,154.8,21 / 21,2105828,2019-09-06 18:51:12:510,0.8587,0.0524,9.7697,0.0242,-0.0051,9.8066,-0.2053,-0.0598,0.0258,-17.44,-28,28,333.2,-89.04,-175.16
52.416904,-1.5581,174.09,7.85,2,154.8,21 / 21,2105929,2019-09-06 18:51:12:611,-0.3714,-0.2028,9.837,0.0042,0.0008,9.8066,-0.1066,-0.0333,0.0273,-17.5,-28.75,27.75,333.37,-89.07,-174.99
52.416904,-1.5581,174.09,7.85,2,154.8,21 / 21,2106029,2019-09-06 18:51:12:711,0.7706,0.2308,9.9847,0.0069,-0.0092,9.8066,0.0091,-0.044,0.0007,-18.5,-29.81,28.06,326.53,-89.02,179.76
52.416904,-1.5581,174.09,7.85,2,154.8,21 / 21,2106129,2019-09-06 18:51:12:811,-0.9368,1.0002,10.342,-0.0238,-0.0072,9.8066,-0.089,-0.043,0.0917,-18.44,-30.19,28.19,335.66,-89.05,-171.25
52.416904,-1.5581,174.09,7.85,2,154.8,21 / 21,2106229,2019-09-06 18:51:12:911,-0.3234,1.1722,10.6457,-0.0219,0.0115,9.8066,0.1381,-0.0432,0.0548,-19.06,-30.56,28.44,336.21,-89.06,-169.29
52.416904,-1.5581,174.09,7.85,2,154.8,21 / 21,2106329,2019-09-06 18:51:13:011,-0.9933,1.0776,9.1467,0.0166,-0.0236,9.8066,0.0337,0.0553,-0.04,-19.37,-29.5,29.25,337.26,-88.97,-169.17
52.416904,-1.5581,174.09,7.85,2,154.8,20 / 20,2106428,2019-09-06 18:51:13:110,-1.6362,0.435,9.2694,-0.0006,-0.0091,9.8066,-0.0567,-0.0517,-0.0254,-19.75,-29.75,29.38,340.01,-88.91,-165.08
52.416904,-1.5581,174.09,7.85,2,154.8,20 / 20,2106529,2019-09-06 18:51:13:211,0.2194,0.5737,10.2156,0.0188,0.007,9.8066,0.1116,0.0021,0.0031,-18.56,-28.94,30.31,333.55,-88.89,-173.69
52.416904,-1.5581,174.09,7.85,2,154.8,20 / 20,2106628,2019-09-06 18:51:13:310,-0.6307,0.6192,9.8291,-0.0163,0.0573,9.8064,0.1731,-0.0545,-0.0216,-17.69,-28.94,30.25,327.48,-88.82,178.98
52.416904,-1.5581,174.09,7.85,2,154.8,20 / 20,2106729,2019-09-06 18:51:13:411,1.9272,0.5203,9.9634,-0.0196,0.0281,9.8066,-0.0402,-0.0571,0.0135,-17.19,-29.06,29.63,319.6,-89.02,169.68
52.416904,-1.5581,174.09,7.85,2,154.8,20 / 20,2106829,2019-09-06 18:51:13:511,0.0731,0.615,10.1748,0.028,-0.0344,9.8065,0.0516,0.0556,0.0288,-17.06,-28.31,29.69,311.17,-88.5,161.64
52.416904,-1.5581,174.09,7.85,2,154.8,20 / 20,2106928,2019-09-06 18:51:13:610,-0.4208,-0.0976,9.941,0.0074,-0.0096,9.8066,0.1199,-0.0527,0.0357,-17,-29.44,29.56,312.13,-88.44,162.65
52.416904,-1.5581,174.09,7.85,2,154.8,20 / 20,2107029,2019-09-06 18:51:13:711,-0.421,0.1007,9.7769,0.0104,-0.0115,9.8066,-0.0994,0.0137,-0.0402,-17.06,-29.56,29.13,314.58,-88.37,166.01
52.416904,-1.5581,174.09,7.85,2,154.8,20 / 20,2107128,2019-09-06 18:51:13:810,-0.7735,-0.1768,8.7683,0.0211,-0.0133,9.8066,-0.1676,-0.0395,0.0624,-17.19,-30.87,29,310.63,-88.38,162.16
52.416904,-1.5581,174.09,7.85,2,154.8,20 / 20,2107229,2019-09-06 18:51:13:911,-0.1202,2.7725,9.2937,-0.0338,0.0875,9.8062,-0.0221,0.0365,-0.0782,-16.94,-30.12,28.69,308.27,-88.43,159.76
52.416904,-1.5581,174.09,7.85,2,154.8,20 / 20,2107328,2019-09-06 18:51:14:010,-0.4922,0.9031,9.5897,-0.0319,0.053,9.8064,-0.1021,0.0038,-0.0076,-16.87,-30.25,28.5,287.14,-88.91,138.45
52.416904,-1.5581,174.09,7.85,2,154.8,21 / 21,2107429,2019-09-06 18:51:14:111,-1.0784,1.1548,9.6909,0.0064,-0.002,9.8065,0.0783,0.0063,-0.0169,-17.56,-30.31,28.88,276.25,-88.89,129.05
52.416904,-1.5581,174.09,7.85,2,154.8,21 / 21,2107528,2019-09-06 18:51:14:210,0.4079,0.4035,10.6576,-0.0125,0.0167,9.8065,0.1267,0.0129,0.0478,-17.06,-30.31,29.38,269.01,-88.97,120.3
52.416904,-1.5581,174.09,7.85,2,154.8,21 / 21,2107628,2019-09-06 18:51:14:310,-0.2996,1.0044,10.4407,0.0145,-0.035,9.8065,0.0139,0.0723,-0.0681,-17.81,-29.87,28.94,278.57,-88.9,131.36
52.416904,-1.5581,174.09,7.85,2,154.8,21 / 21,2107728,2019-09-06 18:51:14:410,0.0611,-0.0285,10.0696,0.0182,-0.0013,9.8065,0.0839,-0.0086,0.0503,-17.5,-30.25,29,275.17,-88.85,126.57
52.416904,-1.5581,174.09,7.85,2,154.8,21 / 21,2107828,2019-09-06 18:51:14:510,0.5721,0.674,9.6984,0.0001,-0.0077,9.8066,-0.0859,0.0361,-0.0694,-17.06,-29.87,29.19,277.74,-88.86,129.14
52.416904,-1.5581,174.09,7.85,2,154.8,21 / 21,2107929,2019-09-06 18:51:14:611,-0.9357,1.464,9.2644,0.0285,-0.0073,9.8065,0.1898,-0.017,0.0291,-16.87,-31,28.38,276.02,-88.69,128.52
52.416904,-1.5581,174.09,7.85,2,154.8,21 / 21,2108029,2019-09-06 18:51:14:711,-0.7632,1.6274,9.4626,-0.0273,0.0548,9.8064,0.2523,0.0241,-0.0606,-17.06,-30.31,29,264.72,-88.7,116.25
52.416904,-1.5581,174.09,7.85,2,154.8,21 / 21,2108128,2019-09-06 18:51:14:810,-0.8232,2.4706,10.3453,-0.06,0.0489,9.8063,0.151,0.1286,-0.1101,-16.81,-30.94,28.75,271.06,-88.79,122.56
52.416904,-1.5581,174.09,7.85,2,154.8,21 / 21,2108228,2019-09-06 18:51:14:910,0.0691,-1.1053,10.1695,0.0385,-0.0822,9.8062,0.054,-0.0354,0.0019,-17.37,-30.44,29.19,286.39,-88.32,138.22
52.416904,-1.5581,174.09,7.85,2,154.8,21 / 21,2108328,2019-09-06 18:51:15:010,0.9106,1.8332,11.278,0.0326,-0.0361,9.8065,0.0923,0.0942,-0.0851,-16.81,-31.12,28.5,282.92,-88.39,134.75
52.416904,-1.5581,174.09,7.85,2,154.8,20 / 20,2108429,2019-09-06 18:51:15:111,0.1956,1.3376,11.0913,0.0152,-0.031,9.8065,-0.1359,-0.0795,0.114,-16.94,-30.44,28.31,271.9,-88.51,124.52
52.416904,-1.5581,174.09,7.85,2,154.8,20 / 20,2108528,2019-09-06 18:51:15:210,-0.955,1.3627,9.8162,0.0338,-0.0601,9.8063,-0.091,0.0118,-0.0335,-17,-30.19,28.75,285.49,-88.37,137.28
52.416904,-1.5581,174.09,7.85,2,154.8,20 / 20,2108628,2019-09-06 18:51:15:310,-0.6885,1.0486,9.9002,-0.0024,0.021,9.8065,0.1314,-0.0005,0.0414,-16.69,-30.06,29.06,287.46,-88.27,139.32
52.416904,-1.5581,174.09,7.85,2,154.8,20 / 20,2108728,2019-09-06 18:51:15:410,-0.1246,0.6526,9.4936,-0.0042,0.0007,9.8066,0.0351,-0.0293,-0.0067,-16.87,-30.37,29,290.51,-88.09,142.49
52.416904,-1.5581,174.09,7.85,2,154.8,20 / 20,2108829,2019-09-06 18:51:15:511,-0.7218,1.2028,10.108,-0.0033,0.009,9.8065,-0.0021,-0.0343,0.0221,-16.87,-30.94,29.5,290.53,-88.14,141.64
52.416904,-1.5581,174.09,7.85,2,154.8,20 / 20,2108929,2019-09-06 18:51:15:611,-0.8128,0.4015,10.2337,-0.01,0.017,9.8066,-0.0838,0.0478,-0.0403,-16.62,-30.56,28.06,284.38,-88.3,137.21
52.416904,-1.5581,174.09,7.85,2,154.8,20 / 20,2109029,2019-09-06 18:51:15:711,-0.0255,0.1688,9.4794,0.0201,0.0031,9.8065,-0.074,-0.0102,0.0365,-16.31,-30.44,28.5,282.7,-88.4,133
52.416904,-1.5581,174.09,7.85,2,154.8,20 / 20,2109129,2019-09-06 18:51:15:811,-0.0057,1.1352,9.8837,0.0132,-0.0325,9.8065,-0.0102,0.023,-0.029,-16.44,-30.62,28.63,279.15,-88.31,129.61
52.416904,-1.5581,174.09,7.85,2,154.8,20 / 20,2109229,2019-09-06 18:51:15:911,-0.4387,0.9164,9.5514,-0.0103,0.0281,9.8066,0.0819,-0.0632,0.0185,-16.94,-30,28.31,271.24,-88.31,124.05
52.416904,-1.5581,174.09,7.85,2,154.8,20 / 20,2109329,2019-09-06 18:51:16:011,1.4382,1.7072,9.6047,-0.0067,0.0164,9.8066,0.0227,0.1049,-0.0728,-17.12,-30.19,28.19,271.22,-88.3,124.05
52.416904,-1.5581,174.09,7.85,2,154.8,21 / 21,2109429,2019-09-06 18:51:16:111,-0.2034,2.4815,9.733,-0.0081,-0.0031,9.8066,-0.0653,0.1606,-0.0086,-17.06,-29.69,28.56,270.77,-88.24,122.72
52.416904,-1.5581,174.09,7.85,2,154.8,21 / 21,2109528,2019-09-06 18:51:16:210,-0.1569,1.7407,10.5256,-0.0038,-0.003,9.8065,-0.0977,0.0417,0.018,-17.31,-30.62,28.06,270.55,-88.35,123.37
52.416904,-1.5581,174.09,7.85,2,154.8,21 / 21,2109629,2019-09-06 18:51:16:311,-0.3648,1.2493,9.35,-0.005,0.0008,9.8066,-0.0198,0.0097,0.1043,-17.94,-30.06,28.5,266.72,-88.46,119.9
52.416904,-1.5581,174.09,7.85,2,154.8,21 / 21,2109729,2019-09-06 18:51:16:411,-0.0808,2.3939,9.7863,-0.0072,-0.015,9.8066,-0.106,0.0781,-0.0415,-17.69,-30.44,29,272.57,-88.6,125.63
52.416904,-1.5581,174.09,7.85,2,154.8,21 / 21,2109829,2019-09-06 18:51:16:511,0.8863,2.3118,9.7578,-0.0058,0.0303,9.8066,0.1114,0.0424,0.1038,-19,-29.87,28.63,269.7,-88.67,124.08
52.416904,-1.5581,174.09,7.85,2,154.8,21 / 21,2109929,2019-09-06 18:51:16:611,-0.3768,1.5076,9.6501,-0.0145,-0.0094,9.8066,0.0212,0.1784,0.0009,-19.69,-30.75,28.25,275.73,-88.71,132.43
52.416904,-1.5581,174.09,7.85,2,154.8,21 / 21,2110029,2019-09-06 18:51:16:711,1.0984,3.1026,9.8487,-0.0183,0.0049,9.8066,0.0527,0.1205,0.0307,-21.12,-30.5,26.94,275.48,-88.67,134.52
52.416904,-1.5581,174.09,7.85,2,154.8,21 / 21,2110129,2019-09-06 18:51:16:811,0.566,1.3336,10.1261,-0.0203,-0.001,9.8065,0.0805,0.1073,0.0165,-21.94,-30.25,28.25,284.05,-88.95,143.07
52.416904,-1.5581,174.09,7.85,2,154.8,21 / 21,2110229,2019-09-06 18:51:16:911,-0.6489,2.1857,9.2482,-0.01,0.0233,9.8066,-0.0787,0.1779,0.0887,-21.75,-29.25,28.81,283.23,-89.13,141.09
52.416904,-1.5581,174.09,7.85,2,154.8,21 / 21,2110329,2019-09-06 18:51:17:011,0.0188,1.8794,9.6966,-0.0209,-0.0004,9.8066,-0.0368,0.1777,0.041,-21.12,-29.25,28.94,286.05,-89.27,142.53
52.416233,-1.557537,174.8,7.71,2,145.99,20 / 20,2110429,2019-09-06 18:51:17:111,1.3431,2.2301,10.3215,-0.0083,-0.0056,9.8066,0.0681,0.1983,0.0121,-21.25,-30.44,28.44,298.97,-89.37,156.31
52.416233,-1.557537,174.8,7.71,2,145.99,20 / 20,2110529,2019-09-06 18:51:17:211,1.6373,1.2873,9.3725,-0.0095,-0.0007,9.8066,0.0837,0.2198,0.0543,-21.06,-29.87,28.31,309.91,-89.44,167.15
52.416233,-1.557537,174.8,7.71,2,145.99,20 / 20,2110628,2019-09-06 18:51:17:310,0.7832,2.697,9.6427,-0.017,0.0054,9.8066,-0.0125,0.2032,0.0269,-21.25,-29.94,27.75,327.9,-89.47,-174.99
52.416233,-1.557537,174.8,7.71,2,145.99,20 / 20,2110728,2019-09-06 18:51:17:410,1.128,2.7333,10.6515,-0.0155,0.0058,9.8065,0.018,0.1692,0.0328,-21.75,-30.06,26.63,350.96,-89.51,-149.8
52.416233,-1.557537,174.8,7.71,2,145.99,20 / 20,2110829,2019-09-06 18:51:17:511,-1.1534,2.3776,9.5538,-0.0132,0.0064,9.8066,0.1471,0.3676,0.0623,-22,-30.62,26.13,11.9,-89.47,-127.96
52.416233,-1.557537,174.8,7.71,2,145.99,20 / 20,2110929,2019-09-06 18:51:17:611,0.5609,1.9618,10.2821,-0.0366,-0.0146,9.8065,0.1152,0.2372,0.1462,-22.06,-30.81,26.5,24.76,-89.27,-116.34
52.416233,-1.557537,174.8,7.71,2,145.99,20 / 20,2111029,2019-09-06 18:51:17:711,1.0675,1.2843,9.6091,0.0018,-0.0129,9.8066,-0.0182,0.2462,-0.0409,-23.12,-30.5,26.69,32.54,-88.85,-107.56
52.416233,-1.557537,174.8,7.71,2,145.99,20 / 20,2111129,2019-09-06 18:51:17:811,1.1427,1.1757,9.6996,0.0043,0.0094,9.8066,0.0205,0.2873,0.0178,-22.75,-30.44,25.75,40.27,-88.93,-98.83
52.416233,-1.557537,174.8,7.71,2,145.99,20 / 20,2111228,2019-09-06 18:51:17:910,1.5178,1.3339,9.9014,-0.0132,-0.0031,9.8066,-0.1165,0.263,0.025,-23.62,-31.25,25.75,51.69,-89.04,-86.27
52.416233,-1.557537,174.8,7.71,2,145.99,20 / 20,2111329,2019-09-06 18:51:18:011,1.2846,1.181,9.3769,-0.0021,-0.001,9.8066,-0.0318,0.2298,0.0408,-24.31,-30.12,24.25,56.15,-88.87,-79.68
52.416233,-1.557537,174.8,7.71,2,145.99,21 / 21,2111428,2019-09-06 18:51:18:110,1.5262,1.1247,9.6849,-0.0133,-0.0026,9.8066,0.018,0.3032,0.0211,-24.12,-29.94,24.19,57.63,-88.65,-78.38
52.416233,-1.557537,174.8,7.71,2,145.99,21 / 21,2111529,2019-09-06 18:51:18:211,1.4571,1.9177,9.7619,0.0017,-0.0076,9.8066,0.0385,0.2587,-0.0068,-25.06,-29.56,23.38,51.61,-88.63,-81.96
52.416233,-1.557537,174.8,7.71,2,145.99,21 / 21,2111628,2019-09-06 18:51:18:310,1.0096,1.6626,9.5031,-0.0136,0.0201,9.8066,0.0218,0.2288,0.0129,-25.06,-28.94,23.13,50.62,-88.57,-82.95
52.416233,-1.557537,174.8,7.71,2,145.99,21 / 21,2111729,2019-09-06 18:51:18:411,1.9448,0.9224,9.4624,-0.0125,0.015,9.8066,0.0294,0.2767,-0.0148,-25.81,-29.69,22.19,56.29,-88.56,-75.01
52.416233,-1.557537,174.8,7.71,2,145.99,21 / 21,2111829,2019-09-06 18:51:18:511,1.1887,2.3185,9.5145,0.0005,0.0131,9.8065,0.04,0.2753,-0.02,-26.12,-29.5,22.13,61.89,-88.67,-69.35
52.416233,-1.557537,174.8,7.71,2,145.99,21 / 21,2111929,2019-09-06 18:51:18:611,1.7275,1.5329,9.829,-0.0124,0.0078,9.8066,0.0413,0.2844,-0.0025,-25.81,-28.69,21.94,65.55,-88.66,-65.73
52.416233,-1.557537,174.8,7.71,2,145.99,21 / 21,2112028,2019-09-06 18:51:18:710,2.0447,2.4648,9.852,0.0101,0.0006,9.8066,-0.0588,0.3226,0.0016,-26.75,-29.5,21.81,63.74,-88.68,-66.42
52.416233,-1.557537,174.8,7.71,2,145.99,21 / 21,2112128,2019-09-06 18:51:18:810,1.3462,1.5482,9.296,0.008,0.0039,9.8066,0.0375,0.298,0.0368,-26.56,-29.19,21.06,64.66,-88.74,-64.18
52.416233,-1.557537,174.8,7.71,2,145.99,21 / 21,2112228,2019-09-06 18:51:18:910,2.0881,1.9761,9.8789,-0.0002,0.0078,9.8066,0.0425,0.3038,-0.0198,-26.87,-30.12,20.25,57.77,-88.87,-69.61
52.416233,-1.557537,174.8,7.71,2,145.99,21 / 21,2112328,2019-09-06 18:51:19:010,1.9505,1.7239,10.4625,-0.0091,0.0132,9.8065,0.061,0.3445,-0.0183,-26.81,-29.87,19.63,61.76,-88.92,-65.62
52.416233,-1.557537,174.8,7.71,2,145.99,21 / 21,2112429,2019-09-06 18:51:19:111,1.7354,2.0388,10.0972,0.0038,-0.0041,9.8066,-0.036,0.3399,0.0132,-26.94,-29.75,19,66.92,-88.96,-59.08
52.416233,-1.557537,174.8,7.71,2,145.99,21 / 21,2112528,2019-09-06 18:51:19:210,1.9485,2.0464,9.8704,0.0159,-0.0014,9.8066,0.0883,0.3534,-0.0214,-27.37,-30.37,18.38,67.2,-89.01,-57.34
52.416233,-1.557537,174.8,7.71,2,145.99,21 / 21,2112628,2019-09-06 18:51:19:310,1.6588,1.7588,9.4128,0.014,0.0065,9.8066,0.0306,0.298,0.0038,-27.19,-30.19,17.94,72.29,-89.25,-52.06
52.416233,-1.557537,174.8,7.71,2,145.99,21 / 21,2112728,2019-09-06 18:51:19:410,1.8512,1.6019,9.8227,0.0171,0.0074,9.8066,0.0242,0.2885,0.0011,-27.69,-30.37,17.06,74.78,-89.36,-47.05
52.416233,-1.557537,174.8,7.71,2,145.99,21 / 21,2112829,2019-09-06 18:51:19:511,1.0102,2.6549,9.9247,-0.0072,0.0181,9.8066,-0.0112,0.3242,-0.0046,-27.25,-30.69,16.25,76.96,-89.45,-44.22
52.416233,-1.557537,174.8,7.71,2,145.99,21 / 21,2112929,2019-09-06 18:51:19:611,1.5272,2.0664,9.7319,-0.0081,0.0126,9.8066,-0.009,0.313,-0.0039,-27.44,-29.81,15.63,101.48,-89.42,-19.71
52.416233,-1.557537,174.8,7.71,2,145.99,21 / 21,2113029,2019-09-06 18:51:19:711,1.619,2.3075,9.5978,0.0152,0.0215,9.8066,-0.0445,0.3398,-0.0362,-27.5,-30.25,14.81,131.88,-89.43,12.41
52.416233,-1.557537,174.8,7.71,2,145.99,21 / 21,2113128,2019-09-06 18:51:19:810,0.5338,2.0492,9.7155,-0.0177,0.0105,9.8066,0.0013,0.3026,0.0753,-27.69,-29.87,13.75,134.38,-89.26,17.31
52.416233,-1.557537,174.8,7.71,2,145.99,21 / 21,2113229,2019-09-06 18:51:19:911,0.5398,0.0647,9.362,0.0163,-0.0505,9.8065,-0.0727,0.2625,0.0803,-28.75,-29.37,13.44,116.21,-89.23,1.44
52.416233,-1.557537,174.8,7.71,2,145.99,21 / 21,2113328,2019-09-06 18:51:20:010,1.6079,1.4609,9.2434,0.0447,-0.0081,9.8065,-0.0854,0.3275,-0.0257,-29.12,-29.12,12.94,88.94,-89.43,-25.72
52.416233,-1.557537,174.8,7.71,2,145.99,20 / 20,2113429,2019-09-06 18:51:20:111,0.1128,0.2241,9.1895,-0.0075,0.042,9.8065,-0.0899,0.3297,-0.1647,-29.25,-29.81,13.06,132.42,-89.15,17.69
52.416233,-1.557537,174.8,7.71,2,145.99,20 / 20,2113529,2019-09-06 18:51:20:211,-2.1032,2.166,9.2673,0.0045,0.0638,9.8064,0.025,0.2966,-0.0599,-28.75,-29.62,12.81,154.54,-88.57,39.82
52.416233,-1.557537,174.8,7.71,2,145.99,20 / 20,2113628,2019-09-06 18:51:20:310,-0.3767,3.5412,10.0541,-0.0599,0.0268,9.8063,0.0012,0.1461,0.0173,-28.12,-29.81,12,151.28,-87.87,37.09
52.416233,-1.557537,174.8,7.71,2,145.99,20 / 20,2113729,2019-09-06 18:51:20:411,-0.4438,-0.3399,10.9005,-0.0272,0.0051,9.8066,0.0187,0.0617,0.0128,-27.87,-29.94,11.19,144.58,-87.92,31.95
52.416233,-1.557537,174.8,7.71,2,145.99,20 / 20,2113828,2019-09-06 18:51:20:510,0.0865,-0.6538,9.6374,0.0801,0.006,9.8063,0.0374,0.1215,-0.0495,-27.69,-29.81,10.75,152.67,-87.89,40.27
52.416233,-1.557537,174.8,7.71,2,145.99,20 / 20,2113928,2019-09-06 18:51:20:610,-0.0694,1.2436,9.4743,0.0776,-0.0112,9.8063,-0.1097,0.0714,-0.0017,-27,-30.5,10.56,181.75,-88,69.65
52.416233,-1.557537,174.8,7.71,2,145.99,20 / 20,2114028,2019-09-06 18:51:20:710,-0.7557,-0.2761,9.6384,-0.036,-0.0135,9.8066,0.115,0.1175,0.0051,-28,-29.5,10.81,183.77,-88.18,72.43
52.416233,-1.557537,174.8,7.71,2,145.99,20 / 20,2114128,2019-09-06 18:51:20:810,-0.2845,-1.7479,10.0442,-0.0467,-0.0056,9.8065,0.0945,0.0003,0.0705,-28.56,-29.37,11.44,179.64,-88.38,68.85
52.416233,-1.557537,174.8,7.71,2,145.99,20 / 20,2114228,2019-09-06 18:51:20:910,0.4149,-1.4467,9.9407,0.0137,0.0021,9.8066,-0.0827,-0.0459,0.0141,-28.12,-29.62,10.5,178.64,-88.45,67.16
52.416233,-1.557537,174.8,7.71,2,145.99,20 / 20,2114329,2019-09-06 18:51:21:011,-0.68,-1.2332,9.4519,0.0008,0.0112,9.8065,0.0147,-0.0192,0.0331,-28.62,-29.31,11.19,175.45,-88.29,64.55
52.416233,-1.557537,174.8,7.71,2,145.99,21 / 21,2114429,2019-09-06 18:51:21:111,-0.3668,-0.2781,9.3879,0.0085,0.0065,9.8066,-0.1126,-0.0034,-0.0298,-28.25,-30,12.44,176.35,-88.24,63.04
52.416233,-1.557537,174.8,7.71,2,145.99,21 / 21,2114528,2019-09-06 18:51:21:210,-0.7931,-1.8553,9.7132,-0.0026,0.001,9.8066,-0.0048,-0.1039,0.034,-27.81,-29.37,12.81,175.63,-88.06,60.58
52.416233,-1.557537,174.8,7.71,2,145.99,21 / 21,2114629,2019-09-06 18:51:21:311,-1.1146,-1.7539,9.5533,-0.0317,0.0027,9.8066,-0.0503,-0.1364,-0.0398,-26.62,-30.37,12.88,168.47,-87.95,52.36
52.416233,-1.557537,174.8,7.71,2,145.99,21 / 21,2114729,2019-09-06 18:51:21:411,0.1322,-1.4081,9.7715,-0.011,0.0113,9.8066,-0.0396,-0.1446,-0.009,-25.69,-29.81,12.63,168.82,-87.9,51.84
52.416233,-1.557537,174.8,7.71,2,145.99,21 / 21,2114828,2019-09-06 18:51:21:510,-0.2306,-2.397,9.8218,0.0039,0.0019,9.8066,0.0142,-0.1998,0.0016,-25.25,-29.62,12.75,172.61,-87.85,54.84
52.416233,-1.557537,174.8,7.71,2,145.99,21 / 21,2114929,2019-09-06 18:51:21:611,0.009,-2.655,9.6997,-0.0081,0.0066,9.8066,0.0831,-0.1414,-0.0175,-24.69,-28.94,12.31,170.96,-87.79,54.96
52.416233,-1.557537,174.8,7.71,2,145.99,21 / 21,2115029,2019-09-06 18:51:21:711,-0.9374,-2.505,9.625,0.0242,-0.0087,9.8066,-0.0966,-0.2267,-0.0441,-25.31,-30,12.25,172.36,-87.67,56.39
52.416233,-1.557537,174.8,7.71,2,145.99,21 / 21,2115129,2019-09-06 18:51:21:811,-0.9585,-2.1795,9.3457,0.0121,0.0235,9.8066,-0.0675,-0.2832,-0.0261,-25.87,-30.12,12.31,175.12,-87.46,60.13
52.416233,-1.557537,174.8,7.71,2,145.99,21 / 21,2115229,2019-09-06 18:51:21:911,-0.0492,-2.5387,10.2322,0.0097,0.0113,9.8066,-0.0442,-0.2375,0.0003,-26.94,-29.81,12.31,173.53,-87.21,59.26
52.416233,-1.557537,174.8,7.71,2,145.99,21 / 21,2115329,2019-09-06 18:51:22:011,-0.2028,-3.3556,9.4495,0.0018,0.004,9.8066,0.042,-0.1649,-0.0911,-26.5,-30.56,13.38,174.17,-87.02,57.29
52.416233,-1.557537,174.8,7.71,2,145.99,20 / 20,2115428,2019-09-06 18:51:22:110,0.1837,-1.2547,9.4463,0.0198,-0.0052,9.8066,-0.1374,-0.282,0.0371,-27,-29.69,14.88,177.48,-86.79,58.29
52.416233,-1.557537,174.8,7.71,2,145.99,20 / 20,2115528,2019-09-06 18:51:22:210,-0.0828,-1.8274,9.4854,0.0304,-0.0188,9.8066,-0.1309,-0.294,0.0412,-25.81,-29.75,14.19,176.37,-86.91,57.88
52.416233,-1.557537,174.8,7.71,2,145.99,20 / 20,2115628,2019-09-06 18:51:22:310,0.1105,-2.1253,9.7289,-0.0128,0.0183,9.8065,-0.0374,-0.2517,0.052,-26.44,-29.81,14.69,173.37,-86.89,53.04
52.416233,-1.557537,174.8,7.71,2,145.99,20 / 20,2115729,2019-09-06 18:51:22:411,-0.3312,-3.7692,9.4101,-0.0072,-0.0151,9.8066,-0.0752,-0.244,-0.0265,-26.25,-29.81,15.06,171.27,-86.85,50.82
52.416233,-1.557537,174.8,7.71,2,145.99,20 / 20,2115828,2019-09-06 18:51:22:510,-1.6059,-2.0597,10.3248,0.0068,-0.0183,9.8065,0.0357,-0.2478,0.0239,-26.44,-29,15.63,174.53,-87.03,52.66
52.416233,-1.557537,174.8,7.71,2,145.99,20 / 20,2115928,2019-09-06 18:51:22:610,-0.3492,-2.1033,9.844,-0.0038,-0.0041,9.8065,0.1107,-0.2341,-0.0433,-26.44,-29.12,16.63,177.23,-87.21,53.93
52.416233,-1.557537,174.8,7.71,2,145.99,20 / 20,2116029,2019-09-06 18:51:22:711,-0.339,-1.8644,9.9809,0.0138,-0.0115,9.8065,-0.0166,-0.2565,0.0497,-26.44,-29.31,17.25,183.29,-87.35,60.25
52.416233,-1.557537,174.8,7.71,2,145.99,20 / 20,2116129,2019-09-06 18:51:22:811,-0.2764,-1.9877,10.2688,-0.0029,-0.0323,9.8066,0.003,-0.2112,0.0267,-26.37,-29.69,17.56,183.09,-87.61,58.52
52.416233,-1.557537,174.8,7.71,2,145.99,20 / 20,2116229,2019-09-06 18:51:22:911,-2.2414,-2.5843,9.5026,0.0004,0.008,9.8066,-0.0052,-0.1207,-0.0742,-26.25,-29.31,18.06,177.97,-87.72,53.2
52.416233,-1.557537,174.8,7.71,2,145.99,20 / 20,2116328,2019-09-06 18:51:23:010,-0.1854,-0.8086,8.7977,0.0331,0.0192,9.8065,-0.0334,-0.1566,-0.0486,-25.5,-30.12,18.81,186.58,-87.4,59.63
52.416233,-1.557537,174.8,7.71,2,145.99,21 / 21,2116429,2019-09-06 18:51:23:111,-0.4476,0.0929,9.4667,-0.0325,0.0496,9.8064,-0.1428,-0.0812,-0.0306,-25.44,-30.56,20.25,184.5,-87.08,56.06
52.416233,-1.557537,174.8,7.71,2,145.99,21 / 21,2116529,2019-09-06 18:51:23:211,-1.0774,-2.0358,10.6848,0.0237,-0.0001,9.8065,0.2782,0.0211,-0.0885,-24.81,-30.31,19.25,187.87,-87.03,61.01
52.416233,-1.557537,174.8,7.71,2,145.99,21 / 21,2116628,2019-09-06 18:51:23:310,0.7554,-1.4723,10.1906,-0.0106,0.0157,9.8066,0.2745,-0.0487,-0.0345,-24.31,-29.62,19.94,199.15,-86.94,70.29
52.416233,-1.557537,174.8,7.71,2,145.99,21 / 21,2116729,2019-09-06 18:51:23:411,-0.3925,-1.7664,9.8096,-0.0167,0.034,9.8065,0.1086,-0.2469,0.0916,-24.19,-30.25,20.25,206.24,-86.85,77.74
52.416233,-1.557537,174.8,7.71,2,145.99,21 / 21,2116829,2019-09-06 18:51:23:511,1.126,-0.0899,10.6914,-0.0002,-0.0119,9.8066,0.1204,-0.1434,0.1054,-25.25,-30.12,20.19,208.85,-87.19,81.44
52.416233,-1.557537,174.8,7.71,2,145.99,21 / 21,2116928,2019-09-06 18:51:23:610,-0.5134,-1.1519,10.5604,-0.0162,-0.0048,9.8066,0.104,-0.0779,0.0622,-25.62,-30.12,20.44,205.86,-87.51,79.26
52.416233,-1.557537,174.8,7.71,2,145.99,21 / 21,2117028,2019-09-06 18:51:23:710,0.7281,-0.9076,9.7329,0.0188,-0.0139,9.8066,-0.0004,-0.0758,0.0263,-26.44,-29.87,19.75,211.46,-87.68,84.98
52.416233,-1.557537,174.8,7.71,2,145.99,21 / 21,2117129,2019-09-06 18:51:23:811,-0.2127,-1.8505,9.8446,0.0275,-0.027,9.8065,0.0326,-0.1106,0.0947,-26.19,-29.87,20.44,219.98,-87.76,93.7
52.416233,-1.557537,174.8,7.71,2,145.99,21 / 21,2117229,2019-09-06 18:51:23:911,0.3045,-1.175,9.863,-0.0117,-0.0043,9.8066,0.0165,0.0098,-0.0104,-27.25,-29.81,20.81,226.67,-87.88,100.13
52.416233,-1.557537,174.8,7.71,2,145.99,21 / 21,2117329,2019-09-06 18:51:24:011,-0.3182,-0.8702,9.8801,-0.0205,0.0148,9.8066,0.0093,-0.0344,0.0456,-26.75,-29.06,21.63,223.89,-87.95,95.88
52.416233,-1.557537,174.8,7.71,2,145.99,20 / 20,2117429,2019-09-06 18:51:24:111,0.5935,-0.6982,10.1529,-0.0028,0.0041,9.8066,-0.0092,-0.0128,0.0047,-26.12,-28.87,22.94,222.55,-87.97,92.18
52.416233,-1.557537,174.8,7.71,2,145.99,20 / 20,2117528,2019-09-06 18:51:24:210,0.315,-1.3789,9.4146,0.0036,-0.0132,9.8066,-0.0191,-0.0413,-0.035,-24.56,-28.12,22.63,223.25,-88.07,91.71
52.416233,-1.557537,174.8,7.71,2,145.99,20 / 20,2117628,2019-09-06 18:51:24:310,0.8974,-0.8399,9.2093,-0.0054,0.006,9.8066,-0.0375,-0.0544,0.0722,-24.44,-28.5,21.44,223.41,-88.1,93.35
52.416233,-1.557537,174.8,7.71,2,145.99,20 / 20,2117728,2019-09-06 18:51:24:410,-0.8462,-0.9119,9.7524,-0.0066,0.0029,9.8066,0.038,-0.0205,0.0019,-24.56,-28.87,20.88,219.9,-88.17,90.9
52.416233,-1.557537,174.8,7.71,2,145.99,20 / 20,2117829,2019-09-06 18:51:24:511,0.0752,-0.8432,10.035,0.0003,-0.0036,9.8066,0.0252,-0.0477,0.0137,-24.62,-29.06,20.56,221.42,-88.24,92.4
52.416233,-1.557537,174.8,7.71,2,145.99,20 / 20,2117929,2019-09-06 18:51:24:611,0.5427,-0.4449,10.0867,0.0067,-0.0164,9.8066,0.0316,0.0239,0.0201,-24.87,-29.81,20.94,224.3,-88.33,95.33
52.416233,-1.557537,174.8,7.71,2,145.99,20 / 20,2118028,2019-09-06 18:51:24:710,0.4409,-0.8486,9.9735,0.0079,-0.0244,9.8066,0.0281,0.0259,0.0166,-24.81,-29.44,21.38,230.34,-88.28,101.47
52.416233,-1.557537,174.8,7.71,2,145.99,20 / 20,2118129,2019-09-06 18:51:24:811,0.3307,-0.6208,10.2999,0.0102,-0.0094,9.8065,0.043,-0.0534,0.0178,-25.75,-29.62,21.25,232.34,-88.33,104.59
52.416233,-1.557537,174.8,7.71,2,145.99,20 / 20,2118229,2019-09-06 18:51:24:911,0.925,-1.1167,10.0236,0.0213,-0.0072,9.8066,-0.0575,-0.0841,0.0257,-25.12,-29.94,21.5,236.2,-88.33,106.09
52.416233,-1.557537,174.8,7.71,2,145.99,20 / 20,2118330,2019-09-06 18:51:25:012,0.923,0.1046,9.9903,0.033,-0.0208,9.8065,-0.0623,0.0532,-0.0665,-25.25,-30.06,21.63,243.99,-88.17,114.11
52.416233,-1.557537,174.8,7.71,2,145.99,21 / 21,2118429,2019-09-06 18:51:25:111,0.3916,-0.8283,9.8578,-0.0084,0.0129,9.8066,0.076,0.0241,-0.0063,-25.37,-30.12,22.06,247.32,-88.03,117.6
52.416233,-1.557537,174.8,7.71,2,145.99,21 / 21,2118528,2019-09-06 18:51:25:210,0.2563,-0.8654,10.0804,-0.012,0.0105,9.8066,0.0348,0.0349,-0.0143,-24.81,-29.56,22.19,245.56,-87.93,115.89
52.416233,-1.557537,174.8,7.71,2,145.99,21 / 21,2118628,2019-09-06 18:51:25:310,0.4445,-0.9976,9.6632,0.0132,0.0043,9.8066,0.0026,0.0355,-0.0108,-25.44,-29.5,22.06,245.29,-87.82,115.66
52.416233,-1.557537,174.8,7.71,2,145.99,21 / 21,2118729,2019-09-06 18:51:25:411,0.1217,-0.6574,9.795,0.0049,0.0064,9.8066,0.032,-0.0239,-0.0075,-24.94,-30,21.19,238.35,-87.76,110.05
52.416233,-1.557537,174.8,7.71,2,145.99,21 / 21,2118829,2019-09-06 18:51:25:511,1.004,-0.4152,9.9461,0.0171,0.0022,9.8065,-0.1089,-0.0634,0.0047,-25.62,-30.06,20.88,234.77,-87.68,107.52
52.416233,-1.557537,174.8,7.71,2,145.99,21 / 21,2118929,2019-09-06 18:51:25:611,-0.0205,-0.0049,8.937,0.0236,-0.016,9.8065,-0.0395,-0.0724,0.0084,-25.87,-29.75,21.13,234.09,-87.67,106.83
52.416233,-1.557537,174.8,7.71,2,145.99,21 / 21,2119029,2019-09-06 18:51:25:711,0.0308,-0.9627,9.242,-0.0246,0.0246,9.8065,0.0337,-0.0333,0.0707,-25.94,-28.62,21.38,235.17,-87.66,107.89
52.416233,-1.557537,174.8,7.71,2,145.99,21 / 21,2119128,2019-09-06 18:51:25:810,0.3991,0.8815,9.5686,-0.013,0.0027,9.8066,0.0223,0.0458,-0.016,-26.69,-28.81,21.44,229.93,-87.72,103.51
52.416233,-1.557537,174.8,7.71,2,145.99,21 / 21,2119229,2019-09-06 18:51:25:911,-0.118,-0.6674,10.7608,0.0073,-0.0159,9.8066,0.0581,-0.0662,0.0996,-26.56,-28.31,20.25,230.48,-87.76,105.38
52.416233,-1.557537,174.8,7.71,2,145.99,21 / 21,2119329,2019-09-06 18:51:26:011,1.4298,-0.0043,10.2002,-0.0103,0.0047,9.8066,0.0717,0.0576,-0.061,-26.62,-29.06,21.94,235.86,-87.88,108.13
52.415993,-1.556506,173.69,11.22,2,115.89,20 / 21,2119429,2019-09-06 18:51:26:111,1.0361,-1.0777,9.7878,0.0243,-0.0274,9.8066,-0.1855,-0.0108,0.0356,-25.94,-29.06,21.81,235.99,-87.9,107.22
52.415993,-1.556506,173.69,11.22,2,115.89,20 / 21,2119529,2019-09-06 18:51:26:211,1.2347,-0.1731,9.3511,0.0329,-0.0387,9.8064,-0.1699,0.0093,0.0341,-25.5,-29.31,22.13,245.54,-87.92,115.82
52.415993,-1.556506,173.69,11.22,2,115.89,20 / 21,2119628,2019-09-06 18:51:26:310,-0.2262,-0.6134,9.8189,-0.0192,0.0141,9.8066,0.0593,0.0292,0.0047,-26.19,-29.37,21.63,240.66,-88.05,111.86
52.415993,-1.556506,173.69,11.22,2,115.89,20 / 21,2119728,2019-09-06 18:51:26:410,-0.2985,0.0427,9.7587,-0.0008,-0.0023,9.8066,0.0759,-0.0488,0.0271,-26,-28.56,21.56,243.53,-88.02,114.79
52.415993,-1.556506,173.69,11.22,2,115.89,20 / 21,2119829,2019-09-06 18:51:26:511,-0.3879,-0.6854,9.9469,0.0132,-0.0057,9.8066,-0.077,-0.0456,0.0292,-25.87,-27.94,21.06,246.2,-87.96,118.82
52.415993,-1.556506,173.69,11.22,2,115.89,20 / 21,2119929,2019-09-06 18:51:26:611,-0.3447,1.4536,10.8583,0.001,-0.0188,9.8066,0.0057,-0.0767,0.0423,-26.25,-26.94,20.81,248.12,-88.03,120.66
52.415993,-1.556506,173.69,11.22,2,115.89,20 / 21,2120029,2019-09-06 18:51:26:711,0.4725,-0.1972,9.5504,0.0292,-0.0267,9.8065,-0.0136,-0.0022,-0.0167,-25,-26.12,20,244.01,-87.95,116.84
52.415993,-1.556506,173.69,11.22,2,115.89,20 / 21,2120129,2019-09-06 18:51:26:811,-0.7094,-0.171,9.2361,0.0167,-0.0284,9.8065,-0.1819,-0.1616,0.0978,-24.62,-26.62,20.56,254.1,-87.87,125.75
52.415993,-1.556506,173.69,11.22,2,115.89,20 / 21,2120229,2019-09-06 18:51:26:911,-0.5717,-1.3245,8.7899,-0.0209,0.0373,9.8065,0.0394,0.0295,-0.0851,-25.69,-27.75,21.13,243.49,-88.04,116.01
52.415993,-1.556506,173.69,11.22,2,115.89,20 / 21,2120329,2019-09-06 18:51:27:011,0.0302,0.8297,9.816,-0.0346,0.0301,9.8064,0.0644,-0.0123,-0.0344,-25.56,-28.87,22.13,234.55,-87.97,105.7
52.415993,-1.556506,173.69,11.22,2,115.89,21 / 21,2120428,2019-09-06 18:51:27:110,-0.3683,-0.6836,10.1199,0.0426,0.0053,9.8065,-0.018,0.0367,0.0065,-25.25,-29.25,21.25,234.54,-87.73,106.14
52.415993,-1.556506,173.69,11.22,2,115.89,21 / 21,2120529,2019-09-06 18:51:27:211,0.0364,-0.594,10.4756,0.0387,-0.0198,9.8065,0.1029,-0.0062,0.0256,-24.5,-29.87,22,239.4,-87.48,108.86
52.415993,-1.556506,173.69,11.22,2,115.89,21 / 21,2120628,2019-09-06 18:51:27:310,0.7015,-0.4049,9.9864,0.014,-0.0142,9.8066,0.0434,0.0099,-0.0144,-24.31,-30.12,21.56,245.78,-87.33,115.49
52.415993,-1.556506,173.69,11.22,2,115.89,21 / 21,2120729,2019-09-06 18:51:27:411,-0.3441,-0.1293,9.8784,-0.0034,0.0022,9.8066,-0.0019,-0.052,0.0563,-25.37,-30.25,21.69,249.39,-87.26,120.33
52.415993,-1.556506,173.69,11.22,2,115.89,21 / 21,2120829,2019-09-06 18:51:27:511,0.6157,-0.5767,9.9231,-0.0084,-0.0021,9.8066,0.069,-0.0104,0.0013,-24.75,-30,22,252.32,-87.42,123.17
52.415993,-1.556506,173.69,11.22,2,115.89,21 / 21,2120928,2019-09-06 18:51:27:610,-0.6635,0.8735,9.5911,0.0181,-0.0163,9.8065,-0.0437,0.0254,0.0119,-24.75,-30.62,22.13,255.87,-87.37,126.89
52.415993,-1.556506,173.69,11.22,2,115.89,21 / 21,2121028,2019-09-06 18:51:27:710,-0.7447,-0.6131,10.1002,-0.0026,-0.0114,9.8066,0.0657,0.058,0.0007,-25,-30.5,21.56,260.07,-87.41,131.01
52.415993,-1.556506,173.69,11.22,2,115.89,21 / 21,2121129,2019-09-06 18:51:27:811,0.1359,-0.1022,9.9311,-0.0035,-0.0076,9.8065,0.0665,-0.0061,0.0432,-25.37,-29.69,21.75,262.11,-87.37,133.1
52.415993,-1.556506,173.69,11.22,2,115.89,21 / 21,2121229,2019-09-06 18:51:27:911,0.0911,-1.1127,9.7428,0.001,-0.0121,9.8066,-0.0147,-0.0258,-0.0299,-25.12,-30,22.44,264.93,-87.34,135.97
52.415993,-1.556506,173.69,11.22,2,115.89,21 / 21,2121329,2019-09-06 18:51:28:011,-0.4666,-0.9844,10.0202,0.007,-0.0008,9.8066,-0.0244,-0.0742,0.0316,-25.25,-29.69,22.13,267.23,-87.29,138.32
52.415993,-1.556506,173.69,11.22,2,115.89,20 / 21,2121428,2019-09-06 18:51:28:110,-0.1041,0.2686,10.3856,0.0106,-0.0095,9.8066,0.064,-0.0663,0.0001,-24.87,-30.12,22.13,268.6,-87.22,139.76
52.415993,-1.556506,173.69,11.22,2,115.89,20 / 21,2121528,2019-09-06 18:51:28:210,0.1577,-0.4984,10.2198,0.0296,-0.0021,9.8065,0.024,-0.0438,-0.0102,-25,-30.19,22.19,270.33,-87.03,141.66
52.415993,-1.556506,173.69,11.22,2,115.89,20 / 21,2121629,2019-09-06 18:51:28:311,-1.8024,0.5675,10.2086,-0.0161,0.0061,9.8066,0.0315,0.0888,-0.0628,-25.25,-30.19,22.56,272.56,-87.02,142.58
52.415993,-1.556506,173.69,11.22,2,115.89,20 / 21,2121728,2019-09-06 18:51:28:410,0.1383,-0.8866,9.6784,-0.0114,0.0085,9.8065,0.0096,-0.003,-0.0324,-24.62,-29.62,22.63,274.19,-86.87,144.35
52.415993,-1.556506,173.69,11.22,2,115.89,20 / 21,2121828,2019-09-06 18:51:28:510,0.4119,-0.998,10.0443,0.0418,-0.0335,9.8064,-0.1588,0.0418,0.0965,-25.06,-29.87,22.13,274.34,-86.84,145.84
52.415993,-1.556506,173.69,11.22,2,115.89,20 / 21,2121928,2019-09-06 18:51:28:610,2.1346,0.3373,10.1508,-0.0023,-0.0455,9.8065,0.0238,0.1358,-0.0617,-25.69,-29.69,22.25,280.07,-86.79,152.64
52.415993,-1.556506,173.69,11.22,2,115.89,20 / 21,2122029,2019-09-06 18:51:28:711,0.01,-0.9239,9.7603,-0.0027,-0.0166,9.8066,0.0528,-0.0356,0.0421,-25.44,-29.25,22.56,285.24,-86.77,155.32
52.415993,-1.556506,173.69,11.22,2,115.89,20 / 21,2122128,2019-09-06 18:51:28:810,0.5122,1.4505,9.6492,0.0047,-0.0177,9.8066,-0.022,0.1023,-0.058,-26.44,-29.19,22.94,286.51,-86.77,157.62
52.415993,-1.556506,173.69,11.22,2,115.89,20 / 21,2122228,2019-09-06 18:51:28:910,-0.9494,-0.5822,9.5479,-0.0352,-0.002,9.8065,0.0481,0.0044,-0.0577,-25.94,-28.25,23.44,288.63,-86.86,159.56
52.415993,-1.556506,173.69,11.22,2,115.89,20 / 21,2122328,2019-09-06 18:51:29:010,-0.609,-0.573,9.8813,-0.0251,0.0221,9.8065,0.049,-0.0082,-0.0246,-25.62,-27.94,23.44,288.83,-86.88,159.74
52.415993,-1.556506,173.69,11.22,2,115.89,21 / 21,2122428,2019-09-06 18:51:29:110,-0.3859,0.9037,10.3913,0.0023,-0.0123,9.8065,0.0273,0.1302,-0.0249,-26.31,-28.12,22.38,288.09,-86.83,160.36
52.415993,-1.556506,173.69,11.22,2,115.89,21 / 21,2122529,2019-09-06 18:51:29:211,-0.6668,-1.246,9.8443,0.0122,-0.0045,9.8066,0.0293,-0.0278,0.0591,-25.5,-27.75,22.06,289.11,-86.82,160.32
52.415993,-1.556506,173.69,11.22,2,115.89,21 / 21,2122628,2019-09-06 18:51:29:310,0.2217,0.6553,10.3566,-0.0033,-0.0036,9.8066,0.0231,0.0279,-0.0122,-24.5,-28.12,22.38,290.78,-86.8,160.87
52.415993,-1.556506,173.69,11.22,2,115.89,21 / 21,2122728,2019-09-06 18:51:29:410,-0.9559,-1.669,10.3479,-0.0113,0.0038,9.8066,0.0996,-0.0977,0.0836,-24.31,-28,23.25,293.69,-86.79,162.43
52.415993,-1.556506,173.69,11.22,2,115.89,21 / 21,2122829,2019-09-06 18:51:29:511,-0.5493,0.1015,9.5263,0.0252,-0.032,9.8065,-0.0757,-0.0066,0.0461,-24.31,-27.5,23.38,294.24,-86.85,162.83
52.415993,-1.556506,173.69,11.22,2,115.89,21 / 21,2122929,2019-09-06 18:51:29:611,-0.4702,0.5053,9.0031,0.022,-0.0321,9.8065,-0.177,-0.0192,0.0161,-25.44,-27.62,21.94,295.54,-86.71,166.73
52.415993,-1.556506,173.69,11.22,2,115.89,21 / 21,2123029,2019-09-06 18:51:29:711,-1.1399,1.1968,9.9284,-0.0415,0.0237,9.8065,0.0475,0.0137,0.0028,-27.25,-27.31,21.56,293.98,-87.3,166.75
52.415993,-1.556506,173.69,11.22,2,115.89,21 / 21,2123129,2019-09-06 18:51:29:811,-0.6847,0.2819,9.7439,-0.0327,0.0178,9.8065,0.0271,0.0251,0.0369,-27.69,-27.31,21.69,294.24,-87.44,167.87
52.415993,-1.556506,173.69,11.22,2,115.89,21 / 21,2123228,2019-09-06 18:51:29:910,-0.5332,1.1461,10.1826,0.004,-0.011,9.8066,0.0105,-0.0142,0.0021,-27.69,-27.37,22.69,298.76,-87.34,171.12
52.415993,-1.556506,173.69,11.22,2,115.89,21 / 21,2123330,2019-09-06 18:51:30:012,-0.5288,-0.3301,10.0916,-0.009,-0.012,9.8066,0.0812,-0.0538,0.0236,-27.06,-28.25,23,303.97,-87.21,175.4
52.415993,-1.556506,173.69,11.22,2,115.89,20 / 20,2123429,2019-09-06 18:51:30:111,0.2786,-0.585,10.132,0.01,-0.0195,9.8066,-0.0472,-0.0614,0.043,-26.62,-28.44,22.81,307.88,-87.06,179.33
52.415993,-1.556506,173.69,11.22,2,115.89,20 / 20,2123528,2019-09-06 18:51:30:210,-1.6383,-0.2623,9.5487,0.0034,-0.0163,9.8066,-0.0794,-0.0427,0.0262,-25.94,-28.37,21.69,311.35,-86.96,-176.97
52.415993,-1.556506,173.69,11.22,2,115.89,20 / 20,2123628,2019-09-06 18:51:30:310,-1.4563,-0.2818,10.2224,-0.0162,0.0098,9.8066,0.075,0.0155,0.0045,-24.56,-28.56,22.31,314.55,-87.1,-174.97
52.415993,-1.556506,173.69,11.22,2,115.89,20 / 20,2123729,2019-09-06 18:51:30:411,-0.6139,-0.3749,10.3832,-0.0152,0.0123,9.8066,0.0409,-0.0202,-0.0376,-24.06,-28.87,23.25,316.34,-87.14,-175.68
52.415993,-1.556506,173.69,11.22,2,115.89,20 / 20,2123829,2019-09-06 18:51:30:511,-1.0292,-0.4008,9.5498,0.0305,0.0027,9.8065,-0.0694,-0.062,-0.0202,-25.5,-28.62,24,309.85,-86.99,178
52.415993,-1.556506,173.69,11.22,2,115.89,20 / 20,2123929,2019-09-06 18:51:30:611,-0.5073,-0.034,10.3083,0.0286,-0.0097,9.8066,0.0592,-0.0249,-0.0589,-25.56,-29.31,23.25,304.38,-86.95,175.03
52.415993,-1.556506,173.69,11.22,2,115.89,20 / 20,2124029,2019-09-06 18:51:30:711,-0.6887,-0.3595,10.415,0.0213,-0.0007,9.8066,-0.0051,0.0077,-0.0239,-25.12,-29.44,23.56,300.58,-86.94,168.99
52.415993,-1.556506,173.69,11.22,2,115.89,20 / 20,2124128,2019-09-06 18:51:30:810,0.2376,-0.2002,9.7074,0.0464,-0.0297,9.8065,-0.0505,0.0489,-0.0383,-25.75,-29.37,23.69,296.45,-86.59,166.28
52.415993,-1.556506,173.69,11.22,2,115.89,20 / 20,2124228,2019-09-06 18:51:30:910,-0.6043,-0.0034,10.3595,-0.014,-0.0011,9.8066,0.077,0.0512,-0.0153,-25.37,-29.69,23.5,296.72,-86.57,165.58
52.415993,-1.556506,173.69,11.22,2,115.89,20 / 20,2124329,2019-09-06 18:51:31:011,0.868,-0.2289,10.1616,-0.018,0.0039,9.8066,0.1167,0.0134,-0.0034,-25,-29.5,23.63,297.6,-86.55,166.37
52.415993,-1.556506,173.69,11.22,2,115.89,20 / 21,2124429,2019-09-06 18:51:31:111,0.2976,0.1029,9.9561,0.0225,-0.012,9.8066,-0.0502,0.0044,0.009,-26,-29.25,22.94,294.86,-86.38,166.16
52.415993,-1.556506,173.69,11.22,2,115.89,20 / 21,2124529,2019-09-06 18:51:31:211,-0.6736,1.0805,9.9327,0.0178,-0.0179,9.8065,-0.0351,0.03,-0.0377,-26.81,-29,23.06,294.27,-86.31,166.65
52.415993,-1.556506,173.69,11.22,2,115.89,20 / 21,2124629,2019-09-06 18:51:31:311,-0.459,0.525,9.3839,-0.0119,0.0022,9.8066,0.0332,0.0013,0.0261,-26.75,-28.94,23.75,295.71,-86.2,166.88
52.415993,-1.556506,173.69,11.22,2,115.89,20 / 21,2124732,2019-09-06 18:51:31:414,0.2167,0.4775,9.3898,-0.0066,0.0047,9.8066,-0.0702,0.0598,-0.0732,-26.56,-29.06,24,296.41,-86.23,167.54
52.415993,-1.556506,173.69,11.22,2,115.89,20 / 21,2124829,2019-09-06 18:51:31:511,0.5295,0.879,9.6374,0.0088,-0.0051,9.8066,-0.0386,-0.0024,-0.0031,-26.06,-29.19,24.13,296.72,-86.23,166.83
52.415993,-1.556506,173.69,11.22,2,115.89,20 / 21,2124928,2019-09-06 18:51:31:610,0.3672,-0.0916,9.7888,0.0241,-0.0156,9.8065,-0.0544,0.0238,0.0007,-25.5,-29.94,23.81,297.72,-86.18,166.88
52.415993,-1.556506,173.69,11.22,2,115.89,20 / 21,2125029,2019-09-06 18:51:31:711,-0.4307,1.7992,10.7663,-0.0281,0.0224,9.8065,0.1045,0.0422,-0.0384,-25.94,-29.75,23.38,295.44,-86.34,166.85
52.415993,-1.556506,173.69,11.22,2,115.89,20 / 21,2125129,2019-09-06 18:51:31:811,0.2816,-0.7563,10.5898,-0.0402,0.0256,9.8065,-0.1096,0.0316,0.0446,-25.44,-29.62,23.5,298.83,-86.3,167.86
52.415993,-1.556506,173.69,11.22,2,115.89,20 / 21,2125229,2019-09-06 18:51:31:911,0.1806,-0.3715,10.3865,0.0245,-0.0321,9.8065,-0.0638,0.0308,0.0304,-26.19,-30.06,23.81,300.82,-86.19,170.95
52.415993,-1.556506,173.69,11.22,2,115.89,20 / 21,2125329,2019-09-06 18:51:32:011,0.085,0.1413,9.7834,-0.0054,-0.0065,9.8066,-0.0214,0.0136,0.0581,-26.06,-29.62,23.63,303.43,-86.07,173.57
52.415993,-1.556506,173.69,11.22,2,115.89,19 / 20,2125428,2019-09-06 18:51:32:110,-0.0515,0.057,9.5807,0.0012,-0.0162,9.8065,-0.073,0.0357,0.0072,-26.19,-29.81,23.63,306.25,-86.04,176.31
52.415993,-1.556506,173.69,11.22,2,115.89,19 / 20,2125529,2019-09-06 18:51:32:211,-2.0226,1.1246,9.9628,0.0075,-0.0021,9.8066,0.0094,-0.0141,-0.0412,-26.06,-28.87,23.13,304.91,-86.16,176.11
52.415993,-1.556506,173.69,11.22,2,115.89,19 / 20,2125628,2019-09-06 18:51:32:310,-0.5727,0.5331,10.1357,0.0063,0.0125,9.8066,0.0675,0.0244,0.0108,-26.12,-28.87,23.44,305.36,-86.29,176.45
52.415993,-1.556506,173.69,11.22,2,115.89,19 / 20,2125728,2019-09-06 18:51:32:410,0.1904,-0.7363,9.015,-0.023,-0.0064,9.8066,0.1316,0.0933,0.0198,-25.75,-28.94,23.25,305.16,-86.37,176.2
52.415993,-1.556506,173.69,11.22,2,115.89,19 / 20,2125828,2019-09-06 18:51:32:510,-2.3855,-0.5856,9.2766,0.004,-0.0099,9.8066,-0.1563,0.0744,-0.0712,-26.06,-28.75,22.69,307.61,-86.38,178.56
52.415993,-1.556506,173.69,11.22,2,115.89,19 / 20,2125928,2019-09-06 18:51:32:610,0.062,0.3749,9.9407,-0.0464,0.0396,9.8064,0.0338,0.0327,-0.0352,-25.87,-28.69,22.31,303.73,-86.74,175.85
52.415993,-1.556506,173.69,11.22,2,115.89,19 / 20,2126028,2019-09-06 18:51:32:710,-0.2866,-0.7925,10.9704,0.0249,-0.0147,9.8066,0.1516,-0.1255,-0.1228,-26,-27.87,22.81,303.3,-86.57,174.16
52.415993,-1.556506,173.69,11.22,2,115.89,19 / 20,2126128,2019-09-06 18:51:32:810,0.3696,0.2828,11.0667,0.0163,0.0028,9.8066,0.2283,-0.0578,-0.1356,-26.37,-27.5,23.5,302.3,-86.3,172.03
52.415993,-1.556506,173.69,11.22,2,115.89,19 / 20,2126228,2019-09-06 18:51:32:910,0.7733,-0.3181,10.7552,0.0443,-0.0319,9.8065,0.0388,-0.0284,0.0903,-25.5,-27.31,24.69,302.93,-85.61,170.83
52.415993,-1.556506,173.69,11.22,2,115.89,19 / 20,2126330,2019-09-06 18:51:33:012,0.1497,-0.4541,10.2669,-0.0083,-0.0148,9.8066,-0.0034,-0.0325,0.0494,-24.87,-27.62,24.25,303.54,-85.58,172.77
52.415993,-1.556506,173.69,11.22,2,115.89,20 / 21,2126429,2019-09-06 18:51:33:111,0.528,-0.4568,9.372,-0.013,0.0162,9.8066,-0.1066,-0.0359,0.0177,-25.25,-28.87,24.13,304.76,-85.82,173.87
52.415993,-1.556506,173.69,11.22,2,115.89,20 / 21,2126528,2019-09-06 18:51:33:210,-0.2874,0.0353,9.7859,-0.0142,-0.0041,9.8066,-0.0585,0.0466,-0.0081,-25.75,-29.37,23.94,304.25,-86.17,174.2
52.415993,-1.556506,173.69,11.22,2,115.89,20 / 21,2126629,2019-09-06 18:51:33:311,-0.6731,-0.4877,9.6827,0.0003,0.0049,9.8066,0.0589,-0.0002,-0.0125,-25,-29.44,23.63,303.58,-86.25,172.42
52.415993,-1.556506,173.69,11.22,2,115.89,20 / 21,2126728,2019-09-06 18:51:33:410,0.8177,0.1711,9.9008,0.0093,0.0005,9.8066,0.0845,-0.0005,-0.0036,-25.81,-28.81,24.13,301.16,-86.1,171.24
52.415993,-1.556506,173.69,11.22,2,115.89,20 / 21,2126829,2019-09-06 18:51:33:511,0.3264,-0.6517,10.4808,0.002,-0.0136,9.8066,0.0486,-0.0253,-0.0068,-25.87,-29.31,24.25,302.89,-85.84,173.11
52.415993,-1.556506,173.69,11.22,2,115.89,20 / 21,2126928,2019-09-06 18:51:33:610,-0.1366,-0.3077,10.2699,-0.0045,0.0157,9.8066,0.0684,-0.0388,0.082,-25.12,-29.37,23.94,303.33,-85.78,172.52
52.415993,-1.556506,173.69,11.22,2,115.89,20 / 21,2127028,2019-09-06 18:51:33:710,-0.5603,0.5364,10.0732,-0.0044,-0.0014,9.8066,0.1112,-0.0071,-0.0478,-25.81,-29.56,24.06,303.23,-85.66,173.69
52.415993,-1.556506,173.69,11.22,2,115.89,20 / 21,2127129,2019-09-06 18:51:33:811,1.3681,-0.5318,9.0739,-0.0118,0.0047,9.8066,-0.176,-0.0223,0.0511,-26.25,-28.87,23.94,304.98,-85.56,175.33
52.415993,-1.556506,173.69,11.22,2,115.89,20 / 21,2127228,2019-09-06 18:51:33:910,-0.3021,-0.7072,9.094,-0.0161,0.0009,9.8065,-0.0881,-0.0407,0.0976,-26,-29,24.13,307.92,-85.56,178.17
52.415993,-1.556506,173.69,11.22,2,115.89,20 / 21,2127329,2019-09-06 18:51:34:011,-0.0147,-0.4188,9.3664,-0.0293,0.0027,9.8065,0.0059,-0.0057,-0.0117,-26.94,-28.5,23.56,309.68,-85.76,-179.34
52.415993,-1.556506,173.69,11.22,2,115.89,20 / 20,2127429,2019-09-06 18:51:34:111,-0.2788,0.1658,9.7295,0.0064,0.0084,9.8066,-0.0299,0.0051,-0.0232,-26.69,-29.12,23.38,307.92,-85.96,-179.83
52.415993,-1.556506,173.69,11.22,2,115.89,20 / 20,2127529,2019-09-06 18:51:34:211,-0.0976,-0.2134,10.0454,0.0015,0.0111,9.8066,0.0552,-0.0048,0.0057,-27.06,-28.69,23.31,306.17,-86.08,178.4
52.415993,-1.556506,173.69,11.22,2,115.89,20 / 20,2127628,2019-09-06 18:51:34:310,0.7881,0.0793,9.9855,0.0116,0.0004,9.8066,0.0574,-0.007,-0.0653,-27.25,-28.37,23.19,305.57,-86.15,177.68
52.415993,-1.556506,173.69,11.22,2,115.89,20 / 20,2127729,2019-09-06 18:51:34:411,0.4753,0.0636,9.6368,0.0173,-0.0017,9.8066,-0.0168,0.0781,-0.0362,-28,-28.31,24.06,303.88,-86.02,175.85
52.415993,-1.556506,173.69,11.22,2,115.89,20 / 20,2127829,2019-09-06 18:51:34:511,0.5694,-0.6531,10.0223,-0.0141,-0.005,9.8066,0.1248,0.0095,0.0585,-27,-28.12,24.88,305.88,-85.92,175.67
52.415993,-1.556506,173.69,11.22,2,115.89,20 / 20,2127929,2019-09-06 18:51:34:611,0.382,-0.0313,10.3354,-0.0148,-0.0087,9.8066,-0.0133,-0.007,-0.005,-26.62,-27.44,24.63,308.34,-85.83,178.02
52.415993,-1.556506,173.69,11.22,2,115.89,20 / 20,2128028,2019-09-06 18:51:34:710,-0.7708,-0.1043,10.0798,-0.0208,-0.0005,9.8066,0.0709,-0.023,0.0239,-26.75,-28.25,24.44,309.99,-85.97,-179.18
52.415993,-1.556506,173.69,11.22,2,115.89,20 / 20,2128128,2019-09-06 18:51:34:810,-0.2576,-1.2004,10.3135,-0.0252,0.0104,9.8066,0.0743,-0.0024,-0.0537,-25.62,-28.69,24.5,313.11,-85.97,-178.33
52.415993,-1.556506,173.69,11.22,2,115.89,20 / 20,2128229,2019-09-06 18:51:34:911,0.301,-0.1614,9.7958,0.0376,-0.0143,9.8065,-0.0261,-0.0333,0.0495,-25.75,-28.5,24.06,309.99,-85.92,179.83
52.415993,-1.556506,173.69,11.22,2,115.89,20 / 20,2128329,2019-09-06 18:51:35:011,0.4403,-0.2819,9.8072,0.031,-0.0291,9.8065,0.0679,-0.0203,-0.0501,-26,-29.19,23.75,308.85,-85.54,179.07
52.41558,-1.555088,171.23,12.47,2,116.16,20 / 21,2128429,2019-09-06 18:51:35:111,0.0779,1.3467,9.6192,0.0142,0.0006,9.8066,-0.1076,0.0381,-0.0368,-25.44,-28.94,24.31,307.91,-85.56,177.1
52.41558,-1.555088,171.23,12.47,2,116.16,20 / 21,2128529,2019-09-06 18:51:35:211,0.1493,0.0031,10.0521,0.0048,-0.0002,9.8066,-0.0118,-0.0507,-0.0166,-25,-29.06,23.88,306.84,-85.62,176.02
52.41558,-1.555088,171.23,12.47,2,116.16,20 / 21,2128628,2019-09-06 18:51:35:310,0.001,0.4477,9.8983,0.004,-0.0038,9.8066,-0.0222,-0.0172,0.0421,-25.62,-29.37,23.88,306.1,-85.71,176.31
52.41558,-1.555088,171.23,12.47,2,116.16,20 / 21,2128729,2019-09-06 18:51:35:411,-0.3812,-0.0152,10.0441,-0.0076,-0.0041,9.8066,-0.0118,-0.0281,0.0165,-25.44,-29.31,23.81,308.31,-85.76,177.35
52.41558,-1.555088,171.23,12.47,2,116.16,20 / 21,2128829,2019-09-06 18:51:35:511,-0.4499,0.0515,10.2703,0.0073,-0.0043,9.8066,-0.0187,-0.0418,0.0209,-25.75,-28.31,23.63,308.35,-85.77,178.34
52.41558,-1.555088,171.23,12.47,2,116.16,20 / 21,2128928,2019-09-06 18:51:35:610,0.8119,-1.1121,9.2613,-0.0006,0.0172,9.8065,0.1547,-0.0212,-0.0197,-25.5,-29.12,23.94,308.03,-85.75,177.08
52.41558,-1.555088,171.23,12.47,2,116.16,20 / 21,2129028,2019-09-06 18:51:35:710,0.2665,0.2012,9.5999,-0.0019,0.0014,9.8066,0.0103,0.0242,-0.0587,-25.37,-29.19,23.69,307.2,-85.66,176.35
52.41558,-1.555088,171.23,12.47,2,116.16,20 / 21,2129129,2019-09-06 18:51:35:811,0.9796,-0.9085,9.6316,-0.0004,0.001,9.8066,-0.1462,0.0682,0.0053,-24.94,-28.94,23.5,306.11,-85.66,175.29
52.41558,-1.555088,171.23,12.47,2,116.16,20 / 21,2129228,2019-09-06 18:51:35:910,-1.3529,0.6086,9.5217,-0.0078,-0.002,9.8066,-0.0498,0.0223,0.0156,-25.69,-29.31,23.94,305.14,-85.93,175.22
52.41558,-1.555088,171.23,12.47,2,116.16,20 / 21,2129329,2019-09-06 18:51:36:011,-0.4645,-0.0157,9.5863,-0.0055,-0.0046,9.8066,-0.0738,0.0033,0.0423,-25.37,-29.12,23.94,307.08,-86.11,175.91
52.41558,-1.555088,171.23,12.47,2,116.16,20 / 20,2129428,2019-09-06 18:51:36:110,0.1109,-0.2455,9.9071,0.0104,-0.0124,9.8066,0.0123,0.0602,0.0328,-26.5,-29.25,24.06,307.12,-86.11,177.02
52.41558,-1.555088,171.23,12.47,2,116.16,20 / 20,2129529,2019-09-06 18:51:36:211,-0.1266,-0.3989,9.806,0.0081,-0.0181,9.8066,0.055,-0.0366,0.0125,-25.69,-28.94,24.06,308.48,-85.9,178.48
52.41558,-1.555088,171.23,12.47,2,116.16,20 / 20,2129629,2019-09-06 18:51:36:311,-0.1534,-0.231,9.599,0.0174,-0.0266,9.8065,0.0266,0.0356,-0.0474,-25.44,-29.12,24.38,310.83,-85.79,179.75
52.41558,-1.555088,171.23,12.47,2,116.16,20 / 20,2129729,2019-09-06 18:51:36:411,-0.4704,-0.5413,9.8264,-0.0145,0.0216,9.8065,0.0252,-0.0233,0.0772,-25.62,-29.31,24.19,307.1,-85.96,177.1
52.41558,-1.555088,171.23,12.47,2,116.16,20 / 20,2129829,2019-09-06 18:51:36:511,0.3675,0.0167,9.4353,0.0001,0.0018,9.8066,-0.0032,0.0121,-0.0393,-25.69,-29.12,24.5,308.15,-85.9,176.94
52.41558,-1.555088,171.23,12.47,2,116.16,20 / 20,2129929,2019-09-06 18:51:36:611,-0.3266,-0.4128,9.7996,0.0059,-0.0014,9.8066,-0.0294,-0.0335,-0.013,-25.25,-29.31,25.06,309.09,-85.91,176.77
52.41558,-1.555088,171.23,12.47,2,116.16,20 / 20,2130029,2019-09-06 18:51:36:711,-0.0015,1.1958,9.6391,0.005,0.0004,9.8066,-0.0121,0.0237,0.0254,-25.37,-29,24.38,306.58,-85.88,175.59
52.41558,-1.555088,171.23,12.47,2,116.16,20 / 20,2130129,2019-09-06 18:51:36:811,-1.0534,1.1088,10.1101,-0.0037,-0.0015,9.8066,-0.0558,-0.0408,0.0417,-25.31,-29.25,24.44,307.32,-85.92,176.28
52.41558,-1.555088,171.23,12.47,2,116.16,20 / 20,2130228,2019-09-06 18:51:36:910,-0.3316,0.2178,10.0273,-0.0144,-0.0088,9.8066,0.0101,-0.0159,-0.0012,-25.44,-29.06,24,309.86,-85.93,178.71
52.41558,-1.555088,171.23,12.47,2,116.16,20 / 20,2130329,2019-09-06 18:51:37:011,-0.0808,-0.0453,9.6088,-0.0093,-0.0184,9.8066,-0.0289,-0.004,0.061,-25,-28.81,24.06,311.29,-85.96,-179.93
52.41558,-1.555088,171.23,12.47,2,116.16,20 / 20,2130429,2019-09-06 18:51:37:111,0.0963,0.5429,9.5792,-0.0188,0.011,9.8066,-0.0077,0.0463,0.0389,-25.87,-28.62,23.94,313.38,-85.98,-176.87
52.41558,-1.555088,171.23,12.47,2,116.16,20 / 20,2130528,2019-09-06 18:51:37:210,-1.2477,0.6671,10.011,-0.02,0.0033,9.8065,0.0378,-0.0452,0.0346,-25.75,-29.37,23.88,316.5,-86.11,-173.94
52.41558,-1.555088,171.23,12.47,2,116.16,20 / 20,2130629,2019-09-06 18:51:37:311,-0.0316,0.1754,9.7543,-0.0277,0.0135,9.8066,0.0281,-0.0188,-0.0318,-25.37,-28.87,23.88,318.8,-86.09,-172.81
52.41558,-1.555088,171.23,12.47,2,116.16,20 / 20,2130729,2019-09-06 18:51:37:411,-0.8203,0.119,9.9409,0.0226,-0.0088,9.8066,-0.0623,-0.0468,0.0262,-26,-28.69,23.44,315.62,-85.83,-173.36
52.41558,-1.555088,171.23,12.47,2,116.16,20 / 20,2130829,2019-09-06 18:51:37:511,-0.9952,0.3707,10.4173,0.0171,-0.0293,9.8066,-0.1016,0.0086,0.0073,-26.5,-28.31,23.44,316.35,-85.68,-172.66
52.41558,-1.555088,171.23,12.47,2,116.16,20 / 20,2130929,2019-09-06 18:51:37:611,0.2032,0.5962,9.7886,-0.0007,0.0075,9.8066,0.0903,0.0195,0.0325,-26.19,-27.31,23.5,317.09,-85.69,-173.3
52.41558,-1.555088,171.23,12.47,2,116.16,20 / 20,2131029,2019-09-06 18:51:37:711,-0.0123,-0.7452,9.8652,0.0069,-0.0122,9.8066,0.0457,-0.0111,-0.0364,-25.56,-27.81,23.44,315.56,-85.6,-173.37
52.41558,-1.555088,171.23,12.47,2,116.16,20 / 20,2131129,2019-09-06 18:51:37:811,-1.5513,0.4228,10.2259,-0.0042,0.0164,9.8066,0.0086,0.0373,-0.0448,-25.44,-27.69,23.25,315.79,-85.67,-174.25
52.41558,-1.555088,171.23,12.47,2,116.16,20 / 20,2131228,2019-09-06 18:51:37:910,-0.0749,-0.047,10.0403,-0.0258,0.022,9.8066,0.1226,-0.0025,0.0494,-24.37,-27.56,23.63,316.93,-85.7,-175.56
52.41558,-1.555088,171.23,12.47,2,116.16,20 / 20,2131328,2019-09-06 18:51:38:010,-0.0351,-0.1012,9.6193,0.0202,-0.016,9.8066,-0.0686,0.0292,0.0364,-25.06,-27.87,23.94,315.58,-85.49,-175.62
52.41558,-1.555088,171.23,12.47,2,116.16,20 / 21,2131429,2019-09-06 18:51:38:111,-1.1229,-0.4809,9.8056,0.0004,-0.0137,9.8066,-0.119,-0.0486,0.0227,-25.87,-27.94,24.5,316.87,-85.54,-174.55
52.41558,-1.555088,171.23,12.47,2,116.16,20 / 21,2131528,2019-09-06 18:51:38:210,1.0538,-0.7993,9.9707,-0.0097,0.0107,9.8065,0.122,0.0044,0.0684,-25.19,-28.19,24.56,318.37,-85.63,-174.25
52.41558,-1.555088,171.23,12.47,2,116.16,20 / 21,2131629,2019-09-06 18:51:38:311,0.0377,-0.1158,9.8174,0.0058,-0.0103,9.8066,0.038,-0.0076,0.0587,-25.81,-27.62,24.31,317.11,-85.67,-173.18
52.41558,-1.555088,171.23,12.47,2,116.16,20 / 21,2131729,2019-09-06 18:51:38:411,-0.8819,0.902,10.1056,-0.0154,0.0088,9.8065,0.0456,-0.0012,-0.0072,-26.87,-27.37,23.63,317.82,-85.73,-171.59
52.41558,-1.555088,171.23,12.47,2,116.16,20 / 21,2131828,2019-09-06 18:51:38:510,-0.4546,-0.3586,10.3633,-0.0148,-0.0001,9.8066,0.0701,-0.0429,0.0525,-26.94,-27.94,23.63,318.63,-85.63,-170.68
52.41558,-1.555088,171.23,12.47,2,116.16,20 / 21,2131929,2019-09-06 18:51:38:611,-0.6438,0.0507,9.5374,0.012,-0.0077,9.8066,-0.0772,-0.0387,0.0238,-27.56,-27.87,23.75,317.3,-85.49,-170.89
52.41558,-1.555088,171.23,12.47,2,116.16,20 / 21,2132029,2019-09-06 18:51:38:711,-1.2347,0.6283,10.1642,0.0136,-0.0165,9.8066,0.0661,-0.0088,-0.0477,-27.37,-27.87,24.88,320.72,-85.42,-169.78
52.41558,-1.555088,171.23,12.47,2,116.16,20 / 21,2132128,2019-09-06 18:51:38:810,-0.1903,-0.3021,9.6717,0.0011,0.0036,9.8066,0.0093,-0.008,0.0121,-26.31,-27.87,24.69,321.23,-85.47,-170.36
52.41558,-1.555088,171.23,12.47,2,116.16,20 / 21,2132228,2019-09-06 18:51:38:910,0.7192,0.2082,9.6989,0.015,-0.0053,9.8065,-0.0943,0.0157,-0.0048,-26.44,-28.87,23.94,318.81,-85.4,-171.33
52.41558,-1.555088,171.23,12.47,2,116.16,20 / 21,2132329,2019-09-06 18:51:39:011,-0.7199,0.2774,9.8771,-0.0238,0.0282,9.8065,0.1627,-0.0042,0.0299,-26.69,-28.87,24.38,317.37,-85.64,-171.81
52.41558,-1.555088,171.23,12.47,2,116.16,21 / 21,2132429,2019-09-06 18:51:39:111,0.5332,0.1549,9.33,-0.0308,0.0153,9.8066,0.0871,-0.0842,0.1065,-25.75,-28.69,24.69,320.18,-85.57,-171.33
52.41558,-1.555088,171.23,12.47,2,116.16,21 / 21,2132529,2019-09-06 18:51:39:211,0.2837,0.047,9.833,0.0076,0.0002,9.8066,-0.0631,0.008,0.0012,-25.94,-29.25,24.31,318.8,-85.39,-171.33
52.41558,-1.555088,171.23,12.47,2,116.16,21 / 21,2132628,2019-09-06 18:51:39:310,-0.5352,-0.3203,9.9559,-0.0039,-0.0164,9.8066,0.005,-0.0201,0.0801,-26.25,-28.69,24.56,322.32,-85.47,-169.24
52.41558,-1.555088,171.23,12.47,2,116.16,21 / 21,2132729,2019-09-06 18:51:39:411,-0.9136,-0.3295,9.8109,-0.0113,0.0051,9.8066,-0.0539,-0.0369,0.0365,-26.37,-29.25,23.69,322.44,-85.6,-167.99
52.41558,-1.555088,171.23,12.47,2,116.16,21 / 21,2132829,2019-09-06 18:51:39:511,0.4486,1.0946,9.9443,-0.0074,-0.0061,9.8066,-0.001,-0.0695,0.0858,-26.5,-29.25,24.13,323.49,-85.67,-167.03
52.41558,-1.555088,171.23,12.47,2,116.16,21 / 21,2132929,2019-09-06 18:51:39:611,-0.7303,0.2497,9.8491,0.0059,0.002,9.8066,-0.1199,0.0417,-0.0628,-26.5,-29.12,24.38,323.52,-85.65,-166.99
52.41558,-1.555088,171.23,12.47,2,116.16,21 / 21,2133028,2019-09-06 18:51:39:710,-0.181,0.7761,9.6326,0.0043,-0.0138,9.8066,0.0685,-0.0056,0.0332,-26.19,-28.25,24,324.17,-85.55,-166.4
52.41558,-1.555088,171.23,12.47,2,116.16,21 / 21,2133128,2019-09-06 18:51:39:810,0.4585,0.9852,9.9942,0.0175,-0.0073,9.8066,0.1503,0.0936,-0.0368,-26.5,-28.44,23.63,324.1,-85.43,-166.4
52.41558,-1.555088,171.23,12.47,2,116.16,21 / 21,2133229,2019-09-06 18:51:39:911,0.7561,0.5507,8.4541,0.0138,-0.0248,9.8066,-0.2064,0.073,-0.0597,-26.94,-28.56,23.81,324.81,-85.4,-164.61
52.41558,-1.555088,171.23,12.47,2,116.16,21 / 21,2133329,2019-09-06 18:51:40:011,-1.6426,0.0543,9.9038,-0.0368,0.0284,9.8064,0.0657,-0.0498,-0.0305,-26.44,-29.19,24.06,326.01,-85.65,-164.63
52.41558,-1.555088,171.23,12.47,2,116.16,20 / 21,2133428,2019-09-06 18:51:40:110,-2.4223,1.3813,9.0959,-0.013,0.0151,9.8066,0.0452,0.0173,-0.1757,-26.44,-28.62,23.5,324.24,-86.3,-166.64
52.41558,-1.555088,171.23,12.47,2,116.16,20 / 21,2133529,2019-09-06 18:51:40:211,0.4118,-1.7113,10.4294,-0.035,0.0761,9.8063,0.2472,-0.2275,0.1705,-26.19,-30.12,24.06,318.38,-86.57,-172.35
52.41558,-1.555088,171.23,12.47,2,116.16,20 / 21,2133629,2019-09-06 18:51:40:311,0.1911,1.8873,10.3425,0.0106,-0.0044,9.8066,0.1301,-0.0143,0.0165,-25.94,-29.56,24.63,320.88,-86.31,-171
52.41558,-1.555088,171.23,12.47,2,116.16,20 / 21,2133729,2019-09-06 18:51:40:411,0.3628,0.2313,10.7924,0.0121,0.0033,9.8066,0.2068,0.0395,0.0426,-26.44,-28.5,24.56,320.59,-86.05,-171.27
52.41558,-1.555088,171.23,12.47,2,116.16,20 / 21,2133829,2019-09-06 18:51:40:511,-0.4661,-0.1177,10.8137,-0.0178,-0.0177,9.8066,0.1855,-0.0723,0.0556,-26.62,-28.56,24.81,323.1,-85.72,-167.6
52.41558,-1.555088,171.23,12.47,2,116.16,20 / 21,2133928,2019-09-06 18:51:40:610,1.1125,-0.1606,10.037,-0.0216,0.0093,9.8066,0.062,0.0168,-0.0211,-27.25,-28.75,24.31,323.9,-85.55,-165.55
52.41558,-1.555088,171.23,12.47,2,116.16,20 / 21,2134029,2019-09-06 18:51:40:711,-0.391,-0.3455,9.8702,-0.0026,-0.0101,9.8066,-0.0609,0.0118,0.0303,-27.37,-28.5,24.38,325.43,-85.49,-164.14
52.41558,-1.555088,171.23,12.47,2,116.16,20 / 21,2134128,2019-09-06 18:51:40:810,-0.1001,-0.2637,9.5029,-0.0111,0.0036,9.8066,-0.0861,0.014,0.013,-27.37,-28.44,23.94,326.59,-85.66,-163.12
52.41558,-1.555088,171.23,12.47,2,116.16,20 / 21,2134228,2019-09-06 18:51:40:910,-0.8656,0.6458,10.1484,-0.008,0.0137,9.8066,0.0856,-0.0226,0.0184,-27.25,-28.31,23.19,326.86,-85.77,-161.67
52.41558,-1.555088,171.23,12.47,2,116.16,20 / 21,2134329,2019-09-06 18:51:41:011,-0.2975,-1.1031,10.2379,-0.0193,0.0232,9.8065,0.1975,-0.0262,0.0167,-26.75,-28.37,23.19,327.43,-86.02,-161.24
52.41558,-1.555088,171.23,12.47,2,116.16,20 / 21,2134428,2019-09-06 18:51:41:110,-1.3604,1.5821,9.985,0.0244,-0.0262,9.8065,-0.1676,-0.0295,-0.022,-26.06,-28.12,23.69,328.18,-85.64,-162.63
52.41558,-1.555088,171.23,12.47,2,116.16,20 / 21,2134528,2019-09-06 18:51:41:210,-0.5014,-0.2542,9.4799,0.0117,-0.0063,9.8065,0.0305,-0.0811,0.0357,-26.25,-28.75,24.25,328.71,-85.71,-162.1
52.41558,-1.555088,171.23,12.47,2,116.16,20 / 21,2134629,2019-09-06 18:51:41:311,-0.9139,0.4431,9.4586,-0.0241,0.0083,9.8066,-0.0109,-0.0062,0.0175,-26.81,-29,24.31,330.08,-85.78,-159.8
52.41558,-1.555088,171.23,12.47,2,116.16,20 / 21,2134730,2019-09-06 18:51:41:412,-0.8345,0.4162,10.0144,-0.016,0.0145,9.8066,-0.0466,0.0099,0.0175,-26.69,-28.56,24.38,331.15,-85.89,-158.83
52.41558,-1.555088,171.23,12.47,2,116.16,20 / 21,2134829,2019-09-06 18:51:41:511,0.1542,0.2313,10.461,0.0139,-0.0203,9.8066,-0.0137,-0.0028,-0.0197,-26.44,-29.06,23.75,333.8,-86.04,-157.42
52.41558,-1.555088,171.23,12.47,2,116.16,20 / 21,2134928,2019-09-06 18:51:41:610,-0.5797,-0.3642,10.4525,0.0231,-0.0312,9.8065,-0.0079,-0.0196,0.0011,-26.19,-28.94,24.19,333.84,-85.76,-157.28
52.41558,-1.555088,171.23,12.47,2,116.16,20 / 21,2135028,2019-09-06 18:51:41:710,-0.5787,-0.6845,10.4006,0.0015,0.001,9.8066,0.0116,-0.0469,0.0469,-26,-28.5,24.19,333.47,-85.81,-157.7
52.41558,-1.555088,171.23,12.47,2,116.16,20 / 21,2135128,2019-09-06 18:51:41:810,-0.5334,-0.4742,10.3397,-0.0047,0.0036,9.8065,0.0295,-0.0604,-0.0182,-26.25,-28.87,24,333.43,-85.78,-157.67
52.41558,-1.555088,171.23,12.47,2,116.16,20 / 21,2135229,2019-09-06 18:51:41:911,-0.9299,1.0177,9.6951,0.0219,-0.0208,9.8066,-0.0605,0.0163,0.0226,-26.37,-28.94,25.31,333.08,-85.7,-159.17
52.41558,-1.555088,171.23,12.47,2,116.16,20 / 21,2135329,2019-09-06 18:51:42:011,-0.0239,0.0863,9.8527,0.0137,-0.0084,9.8066,-0.1137,-0.0237,0.0387,-26.62,-28.5,25.06,331.68,-85.72,-159.5
52.41558,-1.555088,171.23,12.47,2,116.16,20 / 20,2135428,2019-09-06 18:51:42:110,-0.8458,-0.7203,10.6415,-0.0084,0.0061,9.8066,0.0611,-0.0524,0.0106,-26.62,-28.5,24.88,333.82,-85.84,-157.52
52.41558,-1.555088,171.23,12.47,2,116.16,20 / 20,2135528,2019-09-06 18:51:42:210,-0.4356,0.1814,9.6514,-0.0165,0.0252,9.8065,0.1276,-0.0149,0.0177,-26.87,-28.87,24.38,332.63,-86.03,-157.48
52.41558,-1.555088,171.23,12.47,2,116.16,20 / 20,2135628,2019-09-06 18:51:42:310,0.245,-0.4716,9.851,0.0151,-0.0138,9.8066,-0.0455,0.0066,-0.0068,-27.12,-28.5,24.38,331.32,-85.78,-158.67
52.41558,-1.555088,171.23,12.47,2,116.16,20 / 20,2135729,2019-09-06 18:51:42:411,0.2656,-0.2772,9.5092,0.0036,-0.0039,9.8066,-0.041,-0.0005,0.0166,-26.31,-28.62,24.5,334.08,-85.84,-158.27
52.41558,-1.555088,171.23,12.47,2,116.16,20 / 20,2135829,2019-09-06 18:51:42:511,-0.7409,0.0203,9.9254,-0.0015,0.0057,9.8066,-0.0655,0.0415,-0.0098,-26.37,-28.19,24.63,334.69,-85.89,-157.76
52.41558,-1.555088,171.23,12.47,2,116.16,20 / 20,2135929,2019-09-06 18:51:42:611,-0.2058,0.0429,10.0982,0.0166,-0.0052,9.8066,-0.1116,-0.0175,0.0353,-27.19,-28.56,25.19,332.52,-85.92,-158.73
52.41558,-1.555088,171.23,12.47,2,116.16,20 / 20,2136029,2019-09-06 18:51:42:711,-0.2749,-0.0258,9.8961,-0.0211,0.0141,9.8065,0.1535,-0.0021,0.0012,-27.44,-27.44,25.38,332.01,-85.83,-159.29
52.41558,-1.555088,171.23,12.47,2,116.16,20 / 20,2136129,2019-09-06 18:51:42:811,0.6606,0.141,9.4363,-0.0266,0.0129,9.8066,0.2098,0.0375,-0.0438,-28.06,-27.44,24.94,332.18,-85.91,-158.15
52.41558,-1.555088,171.23,12.47,2,116.16,20 / 20,2136229,2019-09-06 18:51:42:911,0.4487,0.0348,9.4792,0.0139,-0.0134,9.8066,-0.1572,-0.1111,0.0113,-27.69,-28.25,23.63,330.06,-85.74,-158.86
52.41558,-1.555088,171.23,12.47,2,116.16,20 / 20,2136328,2019-09-06 18:51:43:010,-1.655,2.0104,10.285,0.0213,-0.0138,9.8066,-0.0452,-0.0181,-0.0092,-27.25,-27.69,23.81,331.45,-85.8,-158.56
52.41558,-1.555088,171.23,12.47,2,116.16,21 / 22,2136429,2019-09-06 18:51:43:111,-0.7152,0.7999,10.5384,-0.0086,0.0169,9.8065,0.0364,-0.0191,-0.0624,-26.37,-27.75,23.38,331.56,-85.9,-158.3
52.41558,-1.555088,171.23,12.47,2,116.16,21 / 22,2136529,2019-09-06 18:51:43:211,-0.7984,0.3167,9.3215,0.0074,0.0023,9.8066,0.0553,0.007,-0.011,-25.94,-27.75,24.5,331.86,-85.75,-160.4
52.41558,-1.555088,171.23,12.47,2,116.16,21 / 22,2136629,2019-09-06 18:51:43:311,0.7506,-0.7853,9.6137,0.0113,0.0082,9.8065,0.0393,-0.0027,0.0527,-26,-27.94,24.25,329.5,-85.72,-161.42
52.41558,-1.555088,171.23,12.47,2,116.16,21 / 22,2136729,2019-09-06 18:51:43:411,-0.8619,0.4106,9.9673,0.0001,-0.0109,9.8066,-0.0137,0.0287,-0.0205,-25.81,-28.19,24.31,328.85,-85.71,-162.03
52.41558,-1.555088,171.23,12.47,2,116.16,21 / 22,2136829,2019-09-06 18:51:43:511,0.3071,0.9648,9.5342,0.0046,0.0077,9.8066,-0.0471,0.0197,-0.0181,-25.87,-28.31,24.63,328.8,-85.89,-163.36
52.41558,-1.555088,171.23,12.47,2,116.16,21 / 22,2136928,2019-09-06 18:51:43:610,-0.177,0.537,9.5721,0.0108,-0.0144,9.8066,-0.0211,-0.0182,0.0309,-25.75,-28.44,24.5,329.46,-85.9,-162.73
52.41558,-1.555088,171.23,12.47,2,116.16,21 / 22,2137028,2019-09-06 18:51:43:710,-0.4573,-0.142,9.9644,-0.0132,0.0065,9.8065,-0.0422,0.0164,0.0119,-25.69,-27.44,24.44,328.66,-85.98,-162.39
52.41558,-1.555088,171.23,12.47,2,116.16,21 / 22,2137129,2019-09-06 18:51:43:811,0.0438,1.4787,9.6943,-0.006,-0.0049,9.8066,-0.0517,0.0335,-0.0475,-26.19,-25.81,22.94,327.41,-85.95,-162.39
52.41558,-1.555088,171.23,12.47,2,116.16,21 / 22,2137228,2019-09-06 18:51:43:910,-0.6597,-0.0382,10.0862,0.0085,-0.0107,9.8066,-0.0215,-0.0118,-0.0156,-26.87,-25.5,24,328.27,-86.08,-161.88
52.41558,-1.555088,171.23,12.47,2,116.16,21 / 22,2137328,2019-09-06 18:51:44:010,-0.4101,0.4891,10.3068,0.0156,0.0127,9.8066,-0.0322,0.0321,-0.0327,-28,-25.5,23.5,325.22,-86.13,-163.83
52.415157,-1.553672,168.1,10.72,2,116.72,21 / 21,2137429,2019-09-06 18:51:44:111,0.2317,0.066,9.9168,0.0234,-0.0062,9.8066,0.017,0.0229,0.0179,-29.25,-25.75,23.44,321.27,-86.33,-165.48
52.415157,-1.553672,168.1,10.72,2,116.72,21 / 21,2137529,2019-09-06 18:51:44:211,-0.0818,-0.1873,9.8087,0.0111,0.0009,9.8066,-0.037,-0.0179,0.0085,-28,-26.75,25.38,322.66,-86.3,-167.43
52.415157,-1.553672,168.1,10.72,2,116.72,21 / 21,2137629,2019-09-06 18:51:44:311,0.3436,0.8368,9.5073,0.0147,0.0039,9.8066,-0.0536,0.0213,-0.0433,-27.44,-27.44,25.31,322.36,-86.39,-168.76
52.415157,-1.553672,168.1,10.72,2,116.72,21 / 21,2137729,2019-09-06 18:51:44:411,0.1685,0.0185,10.2274,-0.0157,0.0065,9.8065,0.062,0.0119,0.0163,-26.81,-27.19,24.13,321.26,-86.46,-168.66
52.415157,-1.553672,168.1,10.72,2,116.72,21 / 21,2137829,2019-09-06 18:51:44:511,-0.1475,-0.4074,10.247,-0.0104,0.0056,9.8065,-0.0083,0.0035,0.0001,-27.87,-26.94,23.06,318.51,-86.4,-169.06
52.415157,-1.553672,168.1,10.72,2,116.72,21 / 21,2137929,2019-09-06 18:51:44:611,0.1511,0.8134,9.9769,-0.0014,0.002,9.8066,0.1063,-0.0172,0.0269,-28.25,-27.31,23.81,320.72,-86.33,-168.12
52.415157,-1.553672,168.1,10.72,2,116.72,21 / 21,2138029,2019-09-06 18:51:44:711,0.4783,0.0161,10.2372,-0.0052,0.0032,9.8066,0.0963,0.0135,-0.0009,-27.87,-27.62,25.31,322.24,-86.32,-167.78
52.415157,-1.553672,168.1,10.72,2,116.72,21 / 21,2138129,2019-09-06 18:51:44:811,-0.4355,-1.4805,10.1108,0.0033,-0.0111,9.8066,-0.1323,0.1104,-0.0658,-27.25,-27.81,24.88,325.94,-86.2,-165.18
52.415157,-1.553672,168.1,10.72,2,116.72,21 / 21,2138229,2019-09-06 18:51:44:911,-0.8092,-0.1263,9.8887,0.002,0.0004,9.8066,-0.0179,0.0181,0.0896,-26,-28.62,24.88,325.59,-86.37,-166.59
52.415157,-1.553672,168.1,10.72,2,116.72,21 / 21,2138328,2019-09-06 18:51:45:010,1.4361,0.5417,9.728,-0.0005,-0.0014,9.8066,-0.0557,-0.0372,-0.0105,-26.81,-28.44,25.06,327.06,-86.29,-164.15
52.415157,-1.553672,168.1,10.72,2,116.72,20 / 20,2138429,2019-09-06 18:51:45:111,0.528,1.2972,9.931,0.0116,-0.0047,9.8066,0.1694,-0.1292,0.0799,-26.69,-29,24.88,327.6,-86.24,-163.55
52.415157,-1.553672,168.1,10.72,2,116.72,20 / 20,2138528,2019-09-06 18:51:45:210,-0.8278,-0.7952,10.3884,-0.0052,-0.0045,9.8066,0.0562,-0.0035,-0.0323,-26.69,-28.37,24.63,328.82,-86.14,-162.4
52.415157,-1.553672,168.1,10.72,2,116.72,20 / 20,2138628,2019-09-06 18:51:45:310,-0.3526,0.5052,9.9768,-0.0091,0.0013,9.8066,0.1115,0.0729,-0.043,-26.81,-28.19,24.5,328.22,-86.19,-163
52.415157,-1.553672,168.1,10.72,2,116.72,20 / 20,2138729,2019-09-06 18:51:45:411,1.0753,0.3595,9.5127,0.0011,-0.0089,9.8065,-0.035,-0.0091,0.0554,-27.06,-27.62,24.69,326.17,-86.14,-164.93
52.415157,-1.553672,168.1,10.72,2,116.72,20 / 20,2138829,2019-09-06 18:51:45:511,-0.0677,0.1344,9.4882,0.0012,0.0056,9.8066,-0.0487,0.0002,-0.0645,-27.75,-27.5,25.06,326.79,-86.16,-163.4
52.415157,-1.553672,168.1,10.72,2,116.72,20 / 20,2138928,2019-09-06 18:51:45:610,-0.4501,-0.2121,9.5502,-0.0073,0.0088,9.8066,-0.0531,0.0292,0.0015,-26.5,-27.19,25.13,328.56,-86.18,-163.77
52.415157,-1.553672,168.1,10.72,2,116.72,20 / 20,2139029,2019-09-06 18:51:45:711,-0.3025,0.0862,9.8207,-0.0083,-0.0005,9.8066,0.0021,0.0025,0.0395,-26.62,-27.62,24.31,326.41,-86.3,-163.58
52.415157,-1.553672,168.1,10.72,2,116.72,20 / 20,2139129,2019-09-06 18:51:45:811,0.2301,-0.4391,9.5377,-0.0189,0.0051,9.8066,0.0515,-0.0057,-0.0219,-25.94,-27.37,23.56,329.63,-86.38,-161.63
52.415157,-1.553672,168.1,10.72,2,116.72,20 / 20,2139229,2019-09-06 18:51:45:911,1.3102,-0.7037,9.7986,-0.0168,0.014,9.8066,0.0192,-0.0212,-0.0021,-26.44,-27.94,23.44,329.02,-86.48,-160.97
52.415157,-1.553672,168.1,10.72,2,116.72,20 / 20,2139329,2019-09-06 18:51:46:011,-0.2688,0.1428,9.9457,-0.0075,0.0057,9.8066,0.0768,0.009,0.014,-26.75,-27.94,23.5,330.7,-86.57,-159.59
52.415157,-1.553672,168.1,10.72,2,116.72,21 / 21,2139429,2019-09-06 18:51:46:111,0.0101,-0.0739,9.9899,-0.0145,0.0148,9.8065,0.0054,-0.0105,0.0245,-26.06,-27.94,23.5,331.99,-86.65,-159.43
52.415157,-1.553672,168.1,10.72,2,116.72,21 / 21,2139529,2019-09-06 18:51:46:211,0.3347,-0.1622,9.5511,0.024,-0.0154,9.8066,-0.148,0.0237,-0.0133,-26.56,-27.44,23.69,331.38,-86.44,-158.94
52.415157,-1.553672,168.1,10.72,2,116.72,21 / 21,2139628,2019-09-06 18:51:46:310,-0.1388,0.4769,10.353,0.0189,-0.0389,9.8065,-0.0306,-0.0078,0.0325,-26.75,-28.25,23.31,332.12,-86.44,-156.95
52.415157,-1.553672,168.1,10.72,2,116.72,21 / 21,2139729,2019-09-06 18:51:46:411,0.2299,-0.3537,10.0569,-0.0081,0.0025,9.8066,-0.0136,0.0457,0.0117,-27.44,-28.5,23.81,336.98,-86.53,-153.56
52.415157,-1.553672,168.1,10.72,2,116.72,21 / 21,2139829,2019-09-06 18:51:46:511,-0.0922,-0.0194,10.0629,-0.009,0.0086,9.8066,0.082,0.0125,0.0142,-27.12,-27.94,23.81,337.57,-86.55,-153
52.415157,-1.553672,168.1,10.72,2,116.72,21 / 21,2139928,2019-09-06 18:51:46:610,-1.0467,-1.5784,9.8262,-0.0189,-0.0003,9.8066,0.0128,-0.1571,0.0849,-28,-27.44,24.56,339.56,-86.32,-151.24
52.415157,-1.553672,168.1,10.72,2,116.72,21 / 21,2140029,2019-09-06 18:51:46:711,0.7341,0.4259,10.0878,-0.026,-0.0115,9.8066,0.0251,-0.0953,0.1086,-28.12,-27.5,24.69,342.99,-86.2,-147.94
52.415157,-1.553672,168.1,10.72,2,116.72,21 / 21,2140129,2019-09-06 18:51:46:811,0.0554,-0.2185,10.1671,0.0087,0.0009,9.8066,-0.0052,0.0301,-0.0604,-27.87,-26.94,24.94,343.05,-86.07,-147.85
52.415157,-1.553672,168.1,10.72,2,116.72,21 / 21,2140228,2019-09-06 18:51:46:910,0.8073,-1.0262,9.3376,0.0044,0.0066,9.8066,-0.0315,0.0167,-0.0089,-27.87,-26.87,24.69,343.04,-86.04,-147.85
52.415157,-1.553672,168.1,10.72,2,116.72,21 / 21,2140329,2019-09-06 18:51:47:011,0.3653,-1.8134,9.1628,0.006,-0.0116,9.8066,0.0306,-0.0602,0.0642,-27.5,-27,23.25,344.37,-85.84,-145.16
52.415157,-1.553672,168.1,10.72,2,116.72,20 / 21,2140428,2019-09-06 18:51:47:110,-0.4337,-0.0131,9.0011,-0.0141,0.0017,9.8066,-0.2134,-0.0434,-0.0598,-28.44,-27.25,22.19,345.34,-86.17,-142.05
52.415157,-1.553672,168.1,10.72,2,116.72,20 / 21,2140529,2019-09-06 18:51:47:211,-2.2034,-1.2471,10.5258,-0.0326,0.0415,9.8064,0.0585,0.0585,-0.1252,-28.56,-27.5,21,343.41,-86.56,-141.73
52.415157,-1.553672,168.1,10.72,2,116.72,20 / 21,2140629,2019-09-06 18:51:47:311,0.9555,0.5559,8.9715,0.0118,0.0411,9.8065,-0.0685,-0.0601,-0.0682,-30.06,-27.94,23.19,339.13,-87.18,-147.58
52.415157,-1.553672,168.1,10.72,2,116.72,20 / 21,2140728,2019-09-06 18:51:47:410,0.7299,0.2406,10.1635,-0.0195,0.001,9.8066,0.1427,-0.0961,0.0784,-29.19,-27.62,25.94,340.63,-87.1,-150.54
52.415157,-1.553672,168.1,10.72,2,116.72,20 / 21,2140829,2019-09-06 18:51:47:511,-0.8357,-0.9223,10.5129,-0.0199,0.0243,9.8066,0.1534,-0.0605,0.113,-27.87,-27.06,26.75,341.5,-86.99,-151.77
52.415157,-1.553672,168.1,10.72,2,116.72,20 / 21,2140929,2019-09-06 18:51:47:611,-0.1274,-0.7939,10.5939,0.0116,0.0028,9.8066,-0.0795,-0.0709,-0.0801,-26.5,-27.19,26.06,339.32,-86.84,-154.83
52.415157,-1.553672,168.1,10.72,2,116.72,20 / 21,2141028,2019-09-06 18:51:47:710,0.5636,-1.3338,9.8956,-0.0146,0.019,9.8065,0.0781,-0.0881,0.078,-26,-26.75,25.88,338.47,-86.92,-155.67
52.415157,-1.553672,168.1,10.72,2,116.72,20 / 21,2141128,2019-09-06 18:51:47:810,-0.2927,-0.5075,9.5274,0.0277,-0.0504,9.8064,0.0891,-0.039,0.0676,-27.37,-26.44,25.31,339.68,-86.8,-152.3
52.415157,-1.553672,168.1,10.72,2,116.72,20 / 21,2141228,2019-09-06 18:51:47:910,-0.8008,-0.3098,9.7347,0.0083,-0.0249,9.8066,-0.0003,-0.07,0.0261,-27.12,-26.87,24.94,341.24,-86.51,-150.7
52.415157,-1.553672,168.1,10.72,2,116.72,20 / 21,2141328,2019-09-06 18:51:48:010,-0.6025,-1.4576,9.7069,-0.0084,-0.0079,9.8066,0.0275,-0.1093,0.0526,-27.5,-27.12,24.63,345.04,-86.48,-147.06
52.415157,-1.553672,168.1,10.72,2,116.72,21 / 21,2141428,2019-09-06 18:51:48:110,-1.5638,0.4312,10.0115,-0.0044,-0.0138,9.8066,-0.0844,-0.0971,-0.0137,-26.31,-27.12,24.75,349.06,-86.44,-144.29
52.415157,-1.553672,168.1,10.72,2,116.72,21 / 21,2141529,2019-09-06 18:51:48:211,-0.481,-0.3713,9.9701,-0.0121,0.003,9.8066,-0.073,-0.0842,0.0316,-26.19,-27.87,24.31,348.73,-86.43,-143.4
52.415157,-1.553672,168.1,10.72,2,116.72,21 / 21,2141629,2019-09-06 18:51:48:311,-0.9661,-0.8356,9.9727,0.0028,-0.0121,9.8066,-0.0371,-0.1001,0.0196,-25.69,-28.44,24.44,349.84,-86.29,-142.33
52.415157,-1.553672,168.1,10.72,2,116.72,21 / 21,2141729,2019-09-06 18:51:48:411,-0.8298,-0.1098,9.8243,-0.017,0.0155,9.8065,0.0534,-0.0988,-0.023,-24.62,-28.12,24.44,350.8,-86.42,-142.55
52.415157,-1.553672,168.1,10.72,2,116.72,21 / 21,2141829,2019-09-06 18:51:48:511,-0.7127,-1.2442,10.2358,-0.0223,0.0062,9.8066,0.0631,-0.1249,0.0314,-24.31,-28.12,25.31,354.21,-86.36,-141.65
52.415157,-1.553672,168.1,10.72,2,116.72,21 / 21,2141929,2019-09-06 18:51:48:611,-1.0648,0.0005,9.9675,-0.0021,0.0028,9.8066,0.0326,-0.0641,0.009,-24.56,-27.87,26.38,354.53,-86.39,-141.31
52.415157,-1.553672,168.1,10.72,2,116.72,21 / 21,2142029,2019-09-06 18:51:48:711,-1.5073,0.2516,10.2777,0.0114,0.0129,9.8066,-0.0453,-0.1001,-0.0536,-25.31,-27.5,26.31,353.9,-86.5,-141.94
52.415157,-1.553672,168.1,10.72,2,116.72,21 / 21,2142129,2019-09-06 18:51:48:811,-0.3409,-0.273,10.1574,0.0076,-0.0036,9.8066,-0.0235,-0.0521,0.0227,-25.75,-27.5,26.75,352.28,-86.54,-143.45
52.415157,-1.553672,168.1,10.72,2,116.72,21 / 21,2142228,2019-09-06 18:51:48:910,-1.1971,-0.8592,10.3275,0.0064,0.0032,9.8066,-0.0276,-0.0114,-0.0606,-25.87,-27.69,26.38,348.81,-86.48,-145.65
52.415157,-1.553672,168.1,10.72,2,116.72,21 / 21,2142328,2019-09-06 18:51:49:010,-0.2098,-0.2897,9.6262,0.0126,0.0086,9.8065,-0.0676,-0.0698,-0.0083,-25.06,-27.37,25.5,345.29,-86.48,-150.13
52.415157,-1.553672,168.1,10.72,2,116.72,21 / 21,2142428,2019-09-06 18:51:49:110,0.3885,-0.2447,9.428,0.0158,-0.0035,9.8066,-0.0504,-0.083,0.0032,-24.12,-27.81,25.75,343.59,-86.47,-152.88
52.415157,-1.553672,168.1,10.72,2,116.72,21 / 21,2142528,2019-09-06 18:51:49:210,-1.1102,-0.0615,9.7064,-0.0239,0.0163,9.8066,-0.1078,-0.0684,0.0343,-23.25,-28,27.31,347.91,-86.6,-151.08
52.415157,-1.553672,168.1,10.72,2,116.72,21 / 21,2142628,2019-09-06 18:51:49:310,0.2619,-0.7855,9.8576,-0.0126,0.0196,9.8065,0.0225,-0.0975,0.0249,-24.19,-27.5,26.13,346.29,-86.73,-150.39
52.415157,-1.553672,168.1,10.72,2,116.72,21 / 21,2142729,2019-09-06 18:51:49:411,-0.0785,-0.0502,9.8017,-0.014,0.0052,9.8066,-0.0383,-0.0428,-0.0356,-24.25,-28.12,25.88,345.65,-86.82,-151
52.415157,-1.553672,168.1,10.72,2,116.72,21 / 21,2142829,2019-09-06 18:51:49:511,0.2727,-0.7291,9.5634,-0.0043,0.0042,9.8066,0.0782,-0.0612,0.0328,-24.44,-27.56,26.06,346.73,-86.84,-149.97
52.415157,-1.553672,168.1,10.72,2,116.72,21 / 21,2142929,2019-09-06 18:51:49:611,-0.3351,-0.9012,9.9559,0.004,0.0177,9.8066,0.0004,-0.0525,-0.0328,-25.06,-27.44,25.19,343.12,-86.81,-151.15
52.415157,-1.553672,168.1,10.72,2,116.72,21 / 21,2143029,2019-09-06 18:51:49:711,-0.1318,-0.3961,10.4676,-0.0018,0.0069,9.8066,0.0822,-0.0197,0.0066,-25.75,-27.94,24.31,339.06,-86.78,-152.71
52.415157,-1.553672,168.1,10.72,2,116.72,21 / 21,2143129,2019-09-06 18:51:49:811,0.0065,-0.3164,10.0155,0.0224,0.0167,9.8066,-0.0013,-0.0471,-0.0326,-28.5,-27.69,25.5,335.65,-86.69,-156.19
52.415157,-1.553672,168.1,10.72,2,116.72,21 / 21,2143229,2019-09-06 18:51:49:911,0.6496,-0.538,9.3582,0.0074,-0.002,9.8066,-0.0078,-0.0788,-0.0548,-27.94,-28.25,28,335.35,-86.75,-158.66
52.415157,-1.553672,168.1,10.72,2,116.72,21 / 21,2143328,2019-09-06 18:51:50:010,0.7004,-0.0304,9.2781,0.0095,-0.0229,9.8066,0.0148,-0.0129,0.0401,-26.12,-27.56,27.81,337.4,-86.72,-158.77
52.415157,-1.553672,168.1,10.72,2,116.72,22 / 22,2143428,2019-09-06 18:51:50:110,0.3066,-0.2864,9.4034,0.0243,-0.0171,9.8065,-0.0864,-0.0518,-0.0175,-25.37,-27.87,27.94,338.9,-86.65,-158.4
52.415157,-1.553672,168.1,10.72,2,116.72,22 / 22,2143529,2019-09-06 18:51:50:211,-0.1444,-0.1398,9.6681,-0.0241,0.0153,9.8065,0.1045,-0.0002,0.0348,-25,-27.25,27.31,341.38,-86.8,-155.05
52.415157,-1.553672,168.1,10.72,2,116.72,22 / 22,2143628,2019-09-06 18:51:50:310,-0.0239,-0.4166,9.6406,-0.0244,-0.015,9.8066,0.1496,0.0486,-0.018,-24.75,-27.25,26.5,344.44,-86.58,-152.07
52.415157,-1.553672,168.1,10.72,2,116.72,22 / 22,2143728,2019-09-06 18:51:50:410,0.3138,-1.5756,9.826,0.0179,-0.0118,9.8066,0.2225,-0.0357,-0.025,-23.94,-26.75,26.88,345.71,-86.45,-151.97
52.415157,-1.553672,168.1,10.72,2,116.72,22 / 22,2143828,2019-09-06 18:51:50:510,-1.0558,-0.4,10.5748,0.002,0.0136,9.8066,-0.1122,-0.1425,-0.0077,-24.69,-27.31,26.75,345.31,-86.81,-151.27
52.415157,-1.553672,168.1,10.72,2,116.72,22 / 22,2143929,2019-09-06 18:51:50:611,-0.3216,0.4479,9.412,0.0198,0.0185,9.8065,0.2974,-0.1448,-0.0989,-24.81,-27.31,27.31,339.68,-87.08,-156.75
52.415157,-1.553672,168.1,10.72,2,116.72,22 / 22,2144029,2019-09-06 18:51:50:711,-0.8789,-0.5254,8.8627,-0.0009,0.052,9.8065,0.2581,0.0572,-0.0454,-24.19,-28,28.44,331.27,-87.27,-167.1
52.415157,-1.553672,168.1,10.72,2,116.72,22 / 22,2144128,2019-09-06 18:51:50:810,-1.2755,-1.8456,10.2621,0.0021,0.0162,9.8066,0.0702,0.023,0.0277,-23.25,-27.75,28.13,333.6,-87.08,-165.97
52.415157,-1.553672,168.1,10.72,2,116.72,22 / 22,2144229,2019-09-06 18:51:50:911,2.2332,1.8332,9.7461,-0.0215,0.0046,9.8066,-0.135,-0.1156,0.0881,-22.69,-27.5,28.5,337.8,-87.24,-163
52.415157,-1.553672,168.1,10.72,2,116.72,22 / 22,2144329,2019-09-06 18:51:51:011,0.1119,-0.8116,10.2233,-0.0221,-0.03,9.8065,-0.0899,-0.0055,0.0095,-22.69,-27.94,27,339.96,-87.28,-158.86
52.415157,-1.553672,168.1,10.72,2,116.72,20 / 22,2144429,2019-09-06 18:51:51:111,0.2969,-0.2051,9.8014,0.0171,-0.054,9.8065,-0.045,-0.0165,0.0568,-22.75,-27.37,27.19,344.37,-86.96,-154.56
52.415157,-1.553672,168.1,10.72,2,116.72,20 / 22,2144528,2019-09-06 18:51:51:210,-0.9176,-1.4182,9.9143,-0.0327,0.0021,9.8066,0.1053,-0.0124,0.0007,-24.19,-27.62,26.19,345.51,-86.65,-151.09
52.415157,-1.553672,168.1,10.72,2,116.72,20 / 22,2144629,2019-09-06 18:51:51:311,-0.6547,-0.7074,10.0793,-0.0269,0.0097,9.8066,0.1325,-0.0268,0.0195,-24.31,-28,26.44,349.24,-86.61,-147.53
52.415157,-1.553672,168.1,10.72,2,116.72,20 / 22,2144729,2019-09-06 18:51:51:411,-0.2776,-0.7045,9.8116,0.0245,-0.0195,9.8065,-0.1705,-0.0688,-0.0157,-25.62,-28.06,26.19,346.19,-86.48,-148.15
52.415157,-1.553672,168.1,10.72,2,116.72,20 / 22,2144829,2019-09-06 18:51:51:511,-0.9439,-0.2566,9.7393,0.0129,-0.0133,9.8066,-0.0949,-0.0885,0.032,-25.94,-28.31,26.94,348.81,-86.6,-146.76
52.415157,-1.553672,168.1,10.72,2,116.72,20 / 22,2144929,2019-09-06 18:51:51:611,-0.3689,0.1288,9.5959,-0.0008,0.0107,9.8065,-0.0384,-0.0412,-0.0072,-24.81,-27.69,27.69,351.77,-86.69,-146.1
52.415157,-1.553672,168.1,10.72,2,116.72,20 / 22,2145029,2019-09-06 18:51:51:711,-0.3378,-0.8008,9.9292,0.0037,0.0057,9.8066,0.0313,-0.0168,-0.0254,-24.25,-28.19,27.44,350.27,-86.67,-147.64
52.415157,-1.553672,168.1,10.72,2,116.72,20 / 22,2145128,2019-09-06 18:51:51:810,-0.5374,-0.0879,10.112,0.0092,-0.0016,9.8066,0.0205,-0.0679,0.007,-24.87,-27.25,27.75,348.28,-86.64,-149.45
52.415157,-1.553672,168.1,10.72,2,116.72,20 / 22,2145228,2019-09-06 18:51:51:910,-0.2789,-0.6869,9.9097,-0.0006,0.0004,9.8066,-0.0471,-0.042,0.0039,-25.62,-27.62,27.38,344.43,-86.62,-150.95
52.415157,-1.553672,168.1,10.72,2,116.72,20 / 22,2145329,2019-09-06 18:51:52:011,-0.93,0.044,9.8861,0.0034,0.0052,9.8066,-0.0127,-0.0675,0.0096,-25.25,-27.94,28.44,346.06,-86.65,-151.55
52.415157,-1.553672,168.1,10.72,2,116.72,20 / 20,2145429,2019-09-06 18:51:52:111,-0.4707,0.9466,9.5415,0.0015,-0.0007,9.8066,0.0703,-0.0889,0.0303,-24.37,-27.56,28.44,347.08,-86.69,-151.74
52.415157,-1.553672,168.1,10.72,2,116.72,20 / 20,2145529,2019-09-06 18:51:52:211,-0.2207,-0.8301,9.8876,-0.0025,-0.0122,9.8066,0.0547,-0.0575,0.0066,-24.19,-28.37,28.5,349.73,-86.62,-150.19
52.415157,-1.553672,168.1,10.72,2,116.72,20 / 20,2145628,2019-09-06 18:51:52:310,-0.1207,-0.1713,10.0495,0.0012,-0.0038,9.8066,-0.0597,-0.043,0.0247,-23.94,-28.56,27.88,349.11,-86.6,-149.76
52.415157,-1.553672,168.1,10.72,2,116.72,20 / 20,2145729,2019-09-06 18:51:52:411,-0.7391,0.3153,9.8805,-0.0114,0.0154,9.8065,-0.1261,-0.0402,-0.0261,-23.87,-29.06,28.5,350.87,-86.63,-149.09
52.415157,-1.553672,168.1,10.72,2,116.72,20 / 20,2145828,2019-09-06 18:51:52:510,-1.1785,0.3138,9.9194,-0.0054,0.0062,9.8066,0.0966,-0.0707,0.0436,-23.81,-28.69,28.19,350.12,-86.73,-148.82
52.415157,-1.553672,168.1,10.72,2,116.72,20 / 20,2145928,2019-09-06 18:51:52:610,0.3863,-0.5686,9.721,0.0072,-0.002,9.8066,0.0674,-0.0147,-0.0132,-23.87,-28.37,28.31,349.59,-86.62,-149.32
52.415157,-1.553672,168.1,10.72,2,116.72,20 / 20,2146029,2019-09-06 18:51:52:711,-0.2607,0.2353,9.9775,-0.0066,-0.0079,9.8066,-0.0688,-0.0156,0.0185,-23.69,-28.62,27.94,351.07,-86.6,-147.9
52.415157,-1.553672,168.1,10.72,2,116.72,20 / 20,2146129,2019-09-06 18:51:52:811,-0.2401,0.228,9.7076,-0.0039,-0.0057,9.8066,-0.0234,-0.0404,0.0442,-23.44,-28.44,28.25,355.03,-86.52,-145.33
52.415157,-1.553672,168.1,10.72,2,116.72,20 / 20,2146228,2019-09-06 18:51:52:910,0.2696,-0.2407,9.4973,-0.0118,0.0011,9.8066,-0.0483,-0.0318,0.0101,-24.06,-28.87,27.63,355.31,-86.5,-143.85
52.415157,-1.553672,168.1,10.72,2,116.72,20 / 20,2146328,2019-09-06 18:51:53:010,0.0693,0.7908,9.7953,-0.0129,-0.0206,9.8065,-0.0029,0.0387,0.0476,-24.06,-29.5,28,357.65,-86.46,-141.63
52.41471,-1.552512,165.59,10.39,2,132.25,21 / 21,2146428,2019-09-06 18:51:53:110,-1.2847,-1.0573,10.1965,-0.011,-0.0218,9.8066,-0.0585,-0.0263,0.0276,-23.87,-28.81,28.38,2.06,-86.32,-137.45
52.41471,-1.552512,165.59,10.39,2,132.25,21 / 21,2146529,2019-09-06 18:51:53:211,-1.1158,0.9757,10.5203,-0.0093,-0.0108,9.8066,-0.0214,-0.0478,0.033,-24.19,-28.81,28.38,5.74,-86.12,-133.98
52.41471,-1.552512,165.59,10.39,2,132.25,21 / 21,2146628,2019-09-06 18:51:53:310,-0.4959,1.0016,9.7069,-0.0058,-0.0116,9.8066,-0.0046,-0.065,0.07,-24.5,-28.12,27.81,7.45,-85.96,-132.37
52.41471,-1.552512,165.59,10.39,2,132.25,21 / 21,2146729,2019-09-06 18:51:53:411,-1.142,0.3874,10.361,-0.0093,-0.0046,9.8066,0.0909,-0.0361,0.0015,-24.62,-28.19,27.88,7.26,-85.78,-131.4
52.41471,-1.552512,165.59,10.39,2,132.25,21 / 21,2146829,2019-09-06 18:51:53:511,-0.7293,-1.4016,9.4173,0.003,-0.0016,9.8066,0.0379,-0.0205,0.0099,-24.94,-28,27.56,7.29,-85.66,-131.38
52.41471,-1.552512,165.59,10.39,2,132.25,21 / 21,2146929,2019-09-06 18:51:53:611,-0.7165,-1.3302,10.0801,-0.0055,-0.0265,9.8065,0.0672,-0.0078,0.0135,-25.25,-27.69,27.38,6.09,-85.55,-131.49
52.41471,-1.552512,165.59,10.39,2,132.25,21 / 21,2147030,2019-09-06 18:51:53:712,-0.5147,0.3078,10.5749,0.0126,-0.0025,9.8066,-0.1219,-0.0833,-0.0835,-24,-26.75,28.81,8.65,-85.69,-132.23
52.41471,-1.552512,165.59,10.39,2,132.25,21 / 21,2147128,2019-09-06 18:51:53:810,-0.9117,1.2392,9.8011,0.0081,0.023,9.8065,-0.0638,-0.0553,-0.039,-23.94,-27.37,29.31,8.17,-85.91,-132.65
52.41471,-1.552512,165.59,10.39,2,132.25,21 / 21,2147229,2019-09-06 18:51:53:911,-0.7537,0.7625,9.5748,-0.0007,0.014,9.8066,0.1028,-0.0859,-0.0033,-23.81,-27.44,31.06,10.4,-86.08,-132.36
52.41471,-1.552512,165.59,10.39,2,132.25,21 / 21,2147328,2019-09-06 18:51:54:010,-0.5911,0.5931,10.2792,-0.0117,0.0189,9.8066,0.0607,-0.11,0.0429,-24.31,-26.81,30.13,9.65,-86.13,-132.17
52.41471,-1.552512,165.59,10.39,2,132.25,21 / 21,2147428,2019-09-06 18:51:54:110,-0.5513,-0.5405,10.4033,0.0164,-0.0228,9.8065,-0.0195,-0.0152,0.0074,-24.44,-26.94,29.56,10.97,-86.16,-130.91
52.41471,-1.552512,165.59,10.39,2,132.25,21 / 21,2147529,2019-09-06 18:51:54:211,-0.1301,-0.3772,10.2559,0.0326,-0.0388,9.8065,-0.0048,-0.075,0.0031,-24,-28,28.13,6.41,-85.97,-133.35
52.41471,-1.552512,165.59,10.39,2,132.25,21 / 21,2147629,2019-09-06 18:51:54:311,-1.1762,1.4527,9.2341,-0.0128,0.0147,9.8066,-0.1192,-0.1031,0.0192,-23.25,-28.5,29.31,9.42,-85.99,-132.68
52.41471,-1.552512,165.59,10.39,2,132.25,21 / 21,2147728,2019-09-06 18:51:54:410,-1.4986,1.0654,9.6435,0.0036,-0.0149,9.8066,-0.1843,-0.0794,0.0113,-22.31,-28.25,29.13,9.96,-85.81,-133.43
52.41471,-1.552512,165.59,10.39,2,132.25,21 / 21,2147828,2019-09-06 18:51:54:510,-1.4452,1.0872,9.5837,-0.0308,0.0365,9.8064,0.1818,-0.1352,0.0454,-23,-28.25,28.81,11.49,-85.94,-130.73
52.41471,-1.552512,165.59,10.39,2,132.25,21 / 21,2147929,2019-09-06 18:51:54:611,-0.7094,-0.5002,10.1136,-0.0402,0.0531,9.8064,-0.0916,-0.0397,-0.0206,-22.87,-28.06,29.56,13.69,-86.03,-129.56
52.41471,-1.552512,165.59,10.39,2,132.25,21 / 21,2148029,2019-09-06 18:51:54:711,0.8723,-0.1683,9.8016,0.0114,-0.0183,9.8065,0.0552,-0.0375,0.0282,-23.12,-28.56,29.63,13.12,-86.12,-130.11
52.41471,-1.552512,165.59,10.39,2,132.25,21 / 21,2148129,2019-09-06 18:51:54:811,-0.4501,-0.3142,10.1618,0.0167,-0.0101,9.8066,0.0137,-0.0831,0.0112,-22.75,-28.37,29.31,11.58,-86.06,-130.63
52.41471,-1.552512,165.59,10.39,2,132.25,21 / 21,2148228,2019-09-06 18:51:54:910,-0.3875,0.6949,9.9399,0.0068,-0.0013,9.8066,-0.1075,-0.0677,-0.0235,-22.94,-28.69,29.13,11.14,-86.13,-131.05
52.41471,-1.552512,165.59,10.39,2,132.25,21 / 21,2148328,2019-09-06 18:51:55:010,-0.7726,-0.178,9.739,0.0095,0.0002,9.8066,0.0038,-0.0849,0.0059,-22.5,-28.5,28.88,12.17,-86.21,-131.28
52.41471,-1.552512,165.59,10.39,2,132.25,21 / 21,2148428,2019-09-06 18:51:55:110,-0.7907,1.216,9.7897,-0.0089,0.0201,9.8066,0.1044,-0.0338,0.0008,-22.37,-28.37,29.31,12.03,-86.36,-131.39
52.41471,-1.552512,165.59,10.39,2,132.25,21 / 21,2148528,2019-09-06 18:51:55:210,-0.8301,0.4838,9.9146,-0.0189,0.0406,9.8065,-0.0519,-0.0063,-0.0383,-21.87,-27.87,28.56,11.27,-86.42,-132.1
52.41471,-1.552512,165.59,10.39,2,132.25,21 / 21,2148628,2019-09-06 18:51:55:310,-0.5814,0.2558,10.2345,0.0137,-0.0114,9.8066,-0.0043,-0.0469,0.0119,-21.5,-28.06,29.06,11.38,-86.35,-133.29
52.41471,-1.552512,165.59,10.39,2,132.25,21 / 21,2148729,2019-09-06 18:51:55:411,-0.2679,0.1124,9.421,-0.0029,0.0254,9.8066,0.1101,-0.0503,0.0267,-21.81,-27.75,29.19,9.12,-86.5,-134.14
52.41471,-1.552512,165.59,10.39,2,132.25,21 / 21,2148828,2019-09-06 18:51:55:510,-1.4248,1.1499,10.4251,0.0024,0.0032,9.8066,-0.0361,-0.0658,0.0221,-22.37,-28,28.31,7.24,-86.42,-134.97
52.41471,-1.552512,165.59,10.39,2,132.25,21 / 21,2148928,2019-09-06 18:51:55:610,-0.7887,0.5161,9.6465,-0.0038,0.0126,9.8066,0.0315,-0.0325,-0.0504,-21.94,-27.62,29.25,8.42,-86.49,-134.8
52.41471,-1.552512,165.59,10.39,2,132.25,21 / 21,2149028,2019-09-06 18:51:55:710,-0.6295,1.371,9.2938,0.0063,0.0071,9.8065,-0.0084,-0.0398,0.0241,-22.56,-28.25,29.75,8.48,-86.48,-134.44
52.41471,-1.552512,165.59,10.39,2,132.25,21 / 21,2149128,2019-09-06 18:51:55:810,-1.225,-0.0376,9.5023,0,0.0006,9.8066,-0.0513,-0.055,0.0152,-22.69,-27.69,30.94,9.71,-86.55,-134.16
52.41471,-1.552512,165.59,10.39,2,132.25,21 / 21,2149228,2019-09-06 18:51:55:910,-0.5241,2.1067,9.8081,-0.007,0.0301,9.8066,0.074,-0.1139,0.0318,-22,-28.25,30.5,11.1,-86.54,-134.05
52.41471,-1.552512,165.59,10.39,2,132.25,21 / 21,2149328,2019-09-06 18:51:56:010,-0.4997,1.5056,9.9309,-0.0082,0.0141,9.8066,0.0068,0.053,-0.0819,-21.87,-28.19,29.69,11.86,-86.68,-132.42
52.41471,-1.552512,165.59,10.39,2,132.25,21 / 21,2149429,2019-09-06 18:51:56:111,1.1649,1.3692,9.7733,0.0154,-0.0314,9.8065,-0.004,0.0681,-0.0596,-21.75,-28.06,30.5,9.66,-86.69,-135.41
52.41471,-1.552512,165.59,10.39,2,132.25,21 / 21,2149529,2019-09-06 18:51:56:211,-1.602,0.2807,9.8764,0.0338,-0.0197,9.8066,-0.047,0.0403,-0.1085,-21.25,-27.94,30.44,8.45,-86.73,-136.94
52.41471,-1.552512,165.59,10.39,2,132.25,21 / 21,2149628,2019-09-06 18:51:56:310,0.2436,1.7139,9.5012,0.0013,0.0196,9.8066,-0.0424,-0.1138,0.0191,-20.56,-26.87,30.19,7.78,-86.9,-137.55
52.41471,-1.552512,165.59,10.39,2,132.25,21 / 21,2149729,2019-09-06 18:51:56:411,0.0561,2.5933,10.4869,-0.0071,0.0099,9.8065,0.0096,0.0189,-0.0136,-20.56,-26.56,29.31,6.29,-86.89,-138.07
52.41471,-1.552512,165.59,10.39,2,132.25,21 / 21,2149829,2019-09-06 18:51:56:511,0.5818,0.6489,10.0492,0.0046,-0.0226,9.8065,0.0223,0.0345,-0.0772,-20,-25.12,27.69,6.28,-86.9,-138.44
52.41471,-1.552512,165.59,10.39,2,132.25,21 / 21,2149929,2019-09-06 18:51:56:611,-0.6079,2.0104,10.335,-0.0019,0.0054,9.8066,-0.0104,0.0244,0.0146,-21.37,-25.5,26.31,2.74,-86.83,-138.45
52.41471,-1.552512,165.59,10.39,2,132.25,21 / 21,2150029,2019-09-06 18:51:56:711,-0.1892,1.5493,9.7291,-0.0061,0.0083,9.8066,-0.0504,-0.0028,0.0184,-22.25,-25.12,26.56,3.91,-86.81,-137.08
52.41471,-1.552512,165.59,10.39,2,132.25,21 / 21,2150128,2019-09-06 18:51:56:810,-0.4489,1.4819,9.896,-0.0081,-0.0064,9.8066,-0.0486,0.0119,0.0341,-23,-25.31,27.06,4.21,-86.75,-135.54
52.41471,-1.552512,165.59,10.39,2,132.25,21 / 21,2150228,2019-09-06 18:51:56:910,0.2068,0.7214,9.7824,-0.0069,-0.0085,9.8066,-0.0403,0.0577,0.0193,-24.56,-25.37,28.25,5.64,-86.63,-132.83
52.41471,-1.552512,165.59,10.39,2,132.25,21 / 21,2150331,2019-09-06 18:51:57:013,0.0169,2.0302,9.8669,-0.0093,-0.003,9.8066,0.0829,0.0608,0.0241,-24.56,-26.5,30.13,9.41,-86.61,-131.17
52.41471,-1.552512,165.59,10.39,2,132.25,21 / 21,2150428,2019-09-06 18:51:57:110,-0.1825,1.6028,9.703,-0.0143,0.0149,9.8066,0.057,0.0577,0.0497,-23.87,-26.44,30.81,13.21,-86.5,-129.6
52.41471,-1.552512,165.59,10.39,2,132.25,21 / 21,2150530,2019-09-06 18:51:57:212,0.9757,2.1363,9.7369,-0.0277,0.0087,9.8066,0.0897,0.1667,-0.0397,-23.37,-27,30.44,18.08,-86.51,-125.25
52.41471,-1.552512,165.59,10.39,2,132.25,21 / 21,2150629,2019-09-06 18:51:57:311,-0.2709,2.0878,10.0085,0.0073,-0.0121,9.8066,-0.0814,0.0646,0.0496,-23.37,-27.31,30.88,19.82,-86.51,-124.47
52.41471,-1.552512,165.59,10.39,2,132.25,21 / 21,2150728,2019-09-06 18:51:57:410,0.989,2.2803,9.9816,0.0015,-0.022,9.8065,-0.0623,0.1846,-0.0747,-23.62,-28.25,29.31,19.15,-86.45,-122.14
52.41471,-1.552512,165.59,10.39,2,132.25,21 / 21,2150828,2019-09-06 18:51:57:510,-0.0258,2.4295,9.7948,-0.0094,0.0208,9.8066,0.012,0.1542,0.0097,-23.62,-28.37,29.25,21.14,-86.67,-120.17
52.41471,-1.552512,165.59,10.39,2,132.25,21 / 21,2150929,2019-09-06 18:51:57:611,1.1213,2.4686,9.7933,-0.0074,0.0076,9.8066,0.0265,0.1478,0.0144,-23.31,-27.81,29.31,22.52,-86.66,-120.06
52.41471,-1.552512,165.59,10.39,2,132.25,21 / 21,2151028,2019-09-06 18:51:57:710,-0.0629,2.2335,10.3165,0.0058,-0.0061,9.8066,0.016,0.2675,-0.0389,-24.06,-28.19,28.63,22.19,-86.65,-119.17
52.41471,-1.552512,165.59,10.39,2,132.25,21 / 21,2151128,2019-09-06 18:51:57:810,0.1798,1.7723,9.6791,-0.0015,0.0129,9.8065,0.0722,0.1855,0.0836,-23.81,-28.31,27.63,21.25,-86.77,-119.07
52.41471,-1.552512,165.59,10.39,2,132.25,21 / 21,2151229,2019-09-06 18:51:57:911,0.7078,2.4773,9.5514,-0.0186,0.0048,9.8066,-0.0545,0.2245,-0.0246,-23.19,-28.56,26.56,25.3,-86.64,-115.48
52.41471,-1.552512,165.59,10.39,2,132.25,21 / 21,2151328,2019-09-06 18:51:58:010,0.4234,2.032,9.6073,-0.0187,0.0274,9.8065,0.0177,0.2389,-0.0279,-23.75,-29.19,27.25,28.21,-86.73,-111.43
52.41471,-1.552512,165.59,10.39,2,132.25,22 / 22,2151430,2019-09-06 18:51:58:112,-0.3254,2.1201,10.4037,-0.0074,0.0153,9.8066,-0.0469,0.1636,0.0602,-24.69,-28.62,25.81,29.53,-86.73,-107.93
52.41471,-1.552512,165.59,10.39,2,132.25,22 / 22,2151528,2019-09-06 18:51:58:210,-0.0909,3.3494,10.1041,-0.015,0.0112,9.8066,-0.1113,0.2638,-0.0466,-24.69,-29.06,26,35.01,-86.82,-102.62
52.41471,-1.552512,165.59,10.39,2,132.25,22 / 22,2151629,2019-09-06 18:51:58:311,-0.0548,2.4354,9.2,-0.0206,-0.0048,9.8065,-0.0225,0.2028,0.0948,-25.5,-29.31,26.19,41.08,-86.7,-96.84
52.41471,-1.552512,165.59,10.39,2,132.25,22 / 22,2151728,2019-09-06 18:51:58:410,-0.4713,1.1022,9.3756,-0.0162,-0.0158,9.8065,-0.0126,0.17,0.1131,-26.25,-29.69,24.25,40.17,-86.42,-94.56
52.41471,-1.552512,165.59,10.39,2,132.25,22 / 22,2151829,2019-09-06 18:51:58:511,-1.4197,2.1046,10.2161,-0.0384,-0.0064,9.8065,0.1304,0.1719,0.0332,-27.12,-29.25,24.19,41.86,-85.9,-92.04
52.41471,-1.552512,165.59,10.39,2,132.25,22 / 22,2151929,2019-09-06 18:51:58:611,-1.5465,1.0669,10.6824,-0.0188,0.0113,9.8066,0.0678,0.2062,0.0016,-27.12,-28.62,23.63,40.94,-85.73,-93.02
52.41471,-1.552512,165.59,10.39,2,132.25,22 / 22,2152029,2019-09-06 18:51:58:711,-1.5181,0.8187,10.8959,0.0193,-0.0091,9.8066,0.0651,0.1391,0.0641,-26.87,-29.06,24.19,40.49,-85.74,-93.45
52.41471,-1.552512,165.59,10.39,2,132.25,22 / 22,2152128,2019-09-06 18:51:58:810,-1.4045,1.9611,10.4948,0.0191,-0.0062,9.8065,-0.0067,0.0744,-0.0669,-27.5,-28.87,23.88,37.77,-85.85,-95.98
52.41471,-1.552512,165.59,10.39,2,132.25,22 / 22,2152228,2019-09-06 18:51:58:910,-1.7013,0.3531,10.0422,0.0093,-0.0149,9.8065,0.0857,0.044,0.0059,-27.5,-29.25,24.5,36.39,-85.85,-98.42
52.41471,-1.552512,165.59,10.39,2,132.25,22 / 22,2152329,2019-09-06 18:51:59:011,-1.548,-0.3424,9.6361,0.0172,-0.0096,9.8066,0.0969,0.0416,0.0518,-27.69,-28.81,25.19,31.92,-85.88,-101.59
52.41471,-1.552512,165.59,10.39,2,132.25,21 / 21,2152429,2019-09-06 18:51:59:111,-2.4484,-0.8773,10.452,0.0115,0.003,9.8066,0.091,-0.1738,-0.0811,-26.62,-28.44,26.31,27.66,-85.87,-107.75
52.41471,-1.552512,165.59,10.39,2,132.25,21 / 21,2152529,2019-09-06 18:51:59:211,-1.4918,0.2901,9.9696,0.0019,0.0492,9.8065,0.0072,-0.1403,-0.1409,-27.25,-28.69,26,25.33,-86.19,-109.9
52.41471,-1.552512,165.59,10.39,2,132.25,21 / 21,2152628,2019-09-06 18:51:59:310,-0.4958,0.1037,10.6364,0.0255,0.0123,9.8065,0.081,-0.1541,-0.0005,-27.25,-28.75,26,22.33,-86.54,-112.65
52.41471,-1.552512,165.59,10.39,2,132.25,21 / 21,2152729,2019-09-06 18:51:59:411,-1.0393,-0.2128,10.0396,0.0143,0.0318,9.8065,0.0764,-0.147,-0.0639,-26.31,-29,26.69,20.11,-86.94,-116.81
52.41471,-1.552512,165.59,10.39,2,132.25,21 / 21,2152829,2019-09-06 18:51:59:511,-1.314,0.9502,9.881,0.0222,-0.0249,9.8066,-0.0537,-0.1997,-0.0289,-25.94,-28.81,27,13.65,-87.14,-122.97
52.41471,-1.552512,165.59,10.39,2,132.25,21 / 21,2152929,2019-09-06 18:51:59:611,-0.3342,0.0962,9.7499,0.0154,-0.0168,9.8065,-0.0103,-0.2699,0.086,-25.19,-28.81,27.56,15.32,-87.11,-123.53
52.41471,-1.552512,165.59,10.39,2,132.25,21 / 21,2153028,2019-09-06 18:51:59:710,-0.69,-0.903,9.8666,-0.0195,-0.0131,9.8066,-0.1226,-0.1994,0.0909,-25.37,-29,27.19,18.08,-87,-119.88
52.41471,-1.552512,165.59,10.39,2,132.25,21 / 21,2153128,2019-09-06 18:51:59:810,-2.3443,-0.9686,9.7708,-0.0334,-0.0001,9.8066,-0.0635,-0.3585,0.1005,-25.44,-29.06,28.31,24.01,-86.81,-115.27
52.41471,-1.552512,165.59,10.39,2,132.25,21 / 21,2153228,2019-09-06 18:51:59:910,-1.3028,-0.3508,10.0835,-0.0039,-0.0088,9.8066,-0.063,-0.3794,0.0008,-25.31,-28.75,28.81,27.95,-86.43,-112.6
52.41471,-1.552512,165.59,10.39,2,132.25,21 / 21,2153328,2019-09-06 18:52:00:010,-2.2448,-0.4453,10.2314,0.0202,-0.0167,9.8066,-0.0436,-0.3932,-0.0103,-24.19,-28.69,29.44,28.72,-86.35,-113.07
52.41471,-1.552512,165.59,10.39,2,132.25,21 / 21,2153428,2019-09-06 18:52:00:110,-1.7894,-0.4292,9.9993,0.0186,0.008,9.8066,-0.0505,-0.3342,-0.0825,-23.75,-29.25,30.56,27.81,-86.59,-115.67
52.41471,-1.552512,165.59,10.39,2,132.25,21 / 21,2153529,2019-09-06 18:52:00:211,-0.4504,0.0542,9.4178,0.0223,0.004,9.8066,0.0163,-0.4325,0.0097,-23.31,-29.12,30.75,26.98,-86.84,-117.56
52.41471,-1.552512,165.59,10.39,2,132.25,21 / 21,2153628,2019-09-06 18:52:00:310,-0.9069,0.0513,9.5079,-0.0197,0.0098,9.8066,-0.026,-0.4385,0.0537,-22.75,-29.5,30.69,28.09,-86.79,-116.51
52.41471,-1.552512,165.59,10.39,2,132.25,21 / 21,2153729,2019-09-06 18:52:00:411,-1.2235,-0.2577,9.7508,-0.0256,0.001,9.8066,0.0096,-0.4264,0.0873,-22.69,-29.75,31.25,33.96,-86.63,-110.97
52.41471,-1.552512,165.59,10.39,2,132.25,21 / 21,2153829,2019-09-06 18:52:00:511,-1.1253,-0.9074,9.4436,-0.0274,-0.0249,9.8065,-0.0279,-0.4717,0.1064,-22.87,-30.19,31.94,37.1,-86.1,-109.05
52.41471,-1.552512,165.59,10.39,2,132.25,21 / 21,2153928,2019-09-06 18:52:00:610,-2.1907,0.0603,11.0429,-0.0072,-0.0188,9.8065,-0.0862,-0.4968,0.0562,-21.87,-30.06,32.25,38.94,-85.77,-108.68
52.41471,-1.552512,165.59,10.39,2,132.25,21 / 21,2154029,2019-09-06 18:52:00:711,-1.4415,-0.4565,10.5681,-0.0036,-0.0269,9.8066,0.0408,-0.5453,0.0779,-21.37,-29.5,33.5,40.7,-85.57,-109.78
52.41471,-1.552512,165.59,10.39,2,132.25,21 / 21,2154129,2019-09-06 18:52:00:811,-0.2909,0.0084,9.5986,-0.002,-0.0373,9.8066,0.083,-0.498,0.0458,-20.62,-29.37,34.13,39.26,-85.22,-111.33
52.41471,-1.552512,165.59,10.39,2,132.25,21 / 21,2154229,2019-09-06 18:52:00:911,-0.8004,-0.8271,9.4472,-0.0366,-0.0309,9.8065,-0.0297,-0.5344,0.1358,-20.37,-29.62,35.25,40.61,-84.88,-112.24
52.41471,-1.552512,165.59,10.39,2,132.25,21 / 21,2154328,2019-09-06 18:52:01:010,-1.1876,0.9993,9.3665,-0.0422,-0.0243,9.8065,-0.0686,-0.4788,0.1049,-19.37,-30.44,35,44.69,-84.07,-110.12
52.41471,-1.552512,165.59,10.39,2,132.25,21 / 21,2154429,2019-09-06 18:52:01:111,-0.6587,1.5007,10.3471,-0.0026,-0.0137,9.8066,-0.0192,-0.4226,-0.0939,-18.31,-30.44,34.31,45.82,-83.67,-110
52.41471,-1.552512,165.59,10.39,2,132.25,21 / 21,2154528,2019-09-06 18:52:01:210,-1.6785,0.3984,10.2557,0.0174,-0.0108,9.8066,-0.0121,-0.5647,0.1347,-16.62,-30.19,33.88,45.07,-83.74,-112.04
52.41471,-1.552512,165.59,10.39,2,132.25,21 / 21,2154629,2019-09-06 18:52:01:311,-0.6097,0.2237,9.548,-0.001,-0.027,9.8065,0.0195,-0.4815,-0.0217,-15.75,-29.31,35.38,44.29,-83.44,-114.79
52.41471,-1.552512,165.59,10.39,2,132.25,21 / 21,2154728,2019-09-06 18:52:01:410,0.2243,1.123,10.0395,-0.0046,-0.0157,9.8066,0.0893,-0.4923,0.0714,-15.19,-29.25,35.25,44.82,-83.25,-115.82
52.41471,-1.552512,165.59,10.39,2,132.25,21 / 21,2154829,2019-09-06 18:52:01:511,-0.3995,1.0183,10.1109,-0.0107,-0.0377,9.8066,-0.0468,-0.4764,0.1349,-14.37,-28.69,35.13,45.56,-82.96,-116.74
52.41471,-1.552512,165.59,10.39,2,132.25,21 / 21,2154928,2019-09-06 18:52:01:610,-0.4174,0.4783,10.2046,-0.0229,-0.0456,9.8065,0.0009,-0.483,0.0827,-14.94,-28.81,36.44,43.45,-82.27,-118.15
52.41471,-1.552512,165.59,10.39,2,132.25,21 / 21,2155028,2019-09-06 18:52:01:710,-1.3529,0.1629,9.9463,0.005,-0.0127,9.8066,0.023,-0.4214,0.0566,-13.87,-28.19,36.06,43.64,-81.82,-119.51
52.41471,-1.552512,165.59,10.39,2,132.25,21 / 21,2155128,2019-09-06 18:52:01:810,-0.5648,1.0319,9.8346,0.017,0.0005,9.8066,-0.0264,-0.3595,-0.0114,-12.87,-29.06,35.81,44.15,-81.93,-120.54
52.41471,-1.552512,165.59,10.39,2,132.25,21 / 21,2155228,2019-09-06 18:52:01:910,-0.0104,1.3956,9.7944,0.0345,0.0084,9.8065,-0.0666,-0.3663,-0.1155,-11.62,-29.5,35.19,42.99,-82.43,-122.4
52.41471,-1.552512,165.59,10.39,2,132.25,21 / 21,2155328,2019-09-06 18:52:02:010,0.9948,2.4303,9.5288,0.0309,0.0025,9.8065,-0.0406,-0.321,-0.0345,-10.87,-29.25,35.13,42.88,-82.77,-123.8
52.41435,-1.551947,164.43,1.15,2,185.49,21 / 21,2155429,2019-09-06 18:52:02:111,0.8809,1.8278,9.7717,0.0035,-0.0034,9.8066,-0.0044,-0.2662,0.0317,-10.62,-29.31,35.19,41.63,-82.92,-124.87
52.41435,-1.551947,164.43,1.15,2,185.49,21 / 21,2155529,2019-09-06 18:52:02:211,0.6269,1.686,9.7781,0.0004,-0.0074,9.8066,0.0052,-0.2344,0.0429,-9.56,-29.37,34.5,42.21,-82.8,-125.93
52.41435,-1.551947,164.43,1.15,2,185.49,21 / 21,2155629,2019-09-06 18:52:02:311,0.6833,1.6544,9.7003,-0.0056,-0.0048,9.8066,-0.0004,-0.2135,0.0463,-9.25,-29.12,34.81,43.82,-82.71,-126.05
52.41435,-1.551947,164.43,1.15,2,185.49,21 / 21,2155729,2019-09-06 18:52:02:411,0.4431,1.8699,9.9567,-0.0116,-0.0054,9.8066,0.0165,-0.1612,0.0363,-8.87,-29.31,34.63,44.34,-82.46,-125.73
52.41435,-1.551947,164.43,1.15,2,185.49,21 / 21,2155829,2019-09-06 18:52:02:511,0.6566,1.9264,9.8905,-0.006,0.0028,9.8066,0.0087,-0.135,0.0217,-8.19,-29,35.19,46.36,-82.37,-125.5
52.41435,-1.551947,164.43,1.15,2,185.49,21 / 21,2155929,2019-09-06 18:52:02:611,0.4858,2.0257,9.8369,0.0008,-0.002,9.8066,-0.0191,-0.0998,0.0066,-8.69,-29.5,35.06,44.79,-82.35,-125.38
52.41435,-1.551947,164.43,1.15,2,185.49,21 / 21,2156029,2019-09-06 18:52:02:711,0.754,1.8552,9.7669,0.0029,-0.0001,9.8066,-0.0329,-0.0639,-0.0077,-8.94,-29.12,34.75,44.79,-82.39,-125.36
52.41435,-1.551947,164.43,1.15,2,185.49,21 / 21,2156128,2019-09-06 18:52:02:810,0.6699,1.4185,9.8081,-0.0028,0.0055,9.8066,0.003,-0.0513,0.0073,-8.81,-29.31,34.63,45.4,-82.45,-124.76
52.41435,-1.551947,164.43,1.15,2,185.49,21 / 21,2156229,2019-09-06 18:52:02:911,0.9331,0.9102,9.7244,-0.0009,-0.0015,9.8066,-0.0158,-0.052,0.0113,-8.37,-29.37,34.5,47.36,-82.42,-124.52
52.41435,-1.551947,164.43,1.15,2,185.49,21 / 21,2156328,2019-09-06 18:52:03:010,0.6623,0.782,9.8979,-0.0071,0.0075,9.8066,-0.0064,-0.0111,-0.0041,-8.87,-28.87,35.31,46.04,-82.4,-124.2
52.41435,-1.551947,164.43,1.15,2,185.49,21 / 21,2156430,2019-09-06 18:52:03:112,0.6269,0.282,10.0229,-0.0107,-0.0057,9.8066,0.0217,-0.0093,0.0054,-9,-28.87,35.81,47.26,-82.26,-123.42
52.41435,-1.551947,164.43,1.15,2,185.49,21 / 21,2156531,2019-09-06 18:52:03:213,0.4199,0.03,9.8037,-0.0012,-0.0033,9.8066,0.016,-0.0219,0.0194,-8.81,-29,35.63,47.75,-82.15,-123.03
52.41435,-1.551947,164.43,1.15,2,185.49,21 / 21,2156629,2019-09-06 18:52:03:311,0.5663,0.0259,9.727,-0.0013,-0.0038,9.8066,0.0015,-0.0013,-0.0028,-9.62,-29.12,36.38,46.16,-82.1,-123.02
52.41435,-1.551947,164.43,1.15,2,185.49,21 / 21,2156728,2019-09-06 18:52:03:410,0.4738,0.1768,9.7573,-0.0007,0.0089,9.8066,-0.0049,-0.0029,-0.0184,-9.44,-28.5,36.88,48.25,-82.15,-122.66
52.41435,-1.551947,164.43,1.15,2,185.49,21 / 21,2156829,2019-09-06 18:52:03:511,0.7863,0.4859,9.9038,0.0016,0.0037,9.8066,-0.0197,0.0037,-0.0018,-10.19,-28.94,36.88,46.85,-82.18,-122.62
52.41435,-1.551947,164.43,1.15,2,185.49,21 / 21,2156928,2019-09-06 18:52:03:610,0.7189,0.6097,9.9868,-0.0043,0.0048,9.8066,0.0156,0.0032,0.0083,-10.06,-28.5,37,47.31,-82.22,-122.02
52.41435,-1.551947,164.43,1.15,2,185.49,21 / 21,2157028,2019-09-06 18:52:03:710,0.6585,0.2811,9.9367,-0.002,-0.0034,9.8066,-0.0121,-0.009,-0.0219,-10.06,-28.56,37.38,47.65,-82.18,-121.88
52.41435,-1.551947,164.43,1.15,2,185.49,21 / 21,2157128,2019-09-06 18:52:03:810,0.4059,-0.1674,9.8152,-0.0006,0.0007,9.8066,0.0268,-0.0025,0.0282,-10.37,-28.25,37,47.93,-82.21,-121.45
52.41435,-1.551947,164.43,1.15,2,185.49,21 / 21,2157228,2019-09-06 18:52:03:910,0.685,0.0583,9.8576,-0.0012,-0.0031,9.8066,0.0015,0.0161,0.0041,-9.87,-28.87,36.94,48.18,-82.17,-121.39
52.41435,-1.551947,164.43,1.15,2,185.49,21 / 21,2157329,2019-09-06 18:52:04:011,0.5794,0.3845,9.9605,-0.0015,0.0031,9.8066,0.0051,0.0046,-0.0042,-10.25,-28.94,37,48.75,-82.19,-120.85
52.41435,-1.551947,164.43,1.15,2,185.49,21 / 21,2157429,2019-09-06 18:52:04:111,0.7029,0.3348,9.7821,-0.0007,0.0019,9.8066,-0.026,0.0245,-0.0089,-9.31,-29.31,36.44,50.42,-82.2,-120.52
52.41435,-1.551947,164.43,1.15,2,185.49,21 / 21,2157528,2019-09-06 18:52:04:210,0.5721,0.4747,9.888,-0.0038,0.0085,9.8066,0.0276,0.0288,0.0019,-9.75,-28.87,36.81,49.86,-82.23,-119.79
52.41435,-1.551947,164.43,1.15,2,185.49,21 / 21,2157629,2019-09-06 18:52:04:311,0.6827,0.1225,9.8909,-0.0029,0.0074,9.8066,0.0036,0.0172,-0.0014,-9.5,-29.31,36.5,51.84,-82.23,-119.41
52.41435,-1.551947,164.43,1.15,2,185.49,21 / 21,2157729,2019-09-06 18:52:04:411,0.5374,0.5022,9.7505,-0.0002,0.0029,9.8066,0.0044,0.0232,-0.0002,-9.5,-28.25,36.19,51.73,-82.24,-119.1
52.41435,-1.551947,164.43,1.15,2,185.49,21 / 21,2157828,2019-09-06 18:52:04:510,0.7207,0.1377,9.8341,0.001,0.002,9.8066,-0.0075,0.01,0.0037,-9.25,-28.81,36.25,52.3,-82.27,-118.72
52.41435,-1.551947,164.43,1.15,2,185.49,21 / 21,2157928,2019-09-06 18:52:04:610,0.3261,0.8961,9.8209,-0.0007,0.0048,9.8066,0.0037,0.0324,-0.0009,-9.31,-29,36.38,52.83,-82.29,-118.2
52.41435,-1.551947,164.43,1.15,2,185.49,21 / 21,2158028,2019-09-06 18:52:04:710,0.5746,0.6014,9.9048,0.0007,0.0061,9.8066,0.0078,0.0149,0.0129,-10.56,-28.12,36.69,50.13,-82.34,-117.85
52.41435,-1.551947,164.43,1.15,2,185.49,21 / 21,2158128,2019-09-06 18:52:04:810,0.5914,0.3654,9.8377,-0.0005,0.0038,9.8066,-0.0168,0.0372,-0.007,-10.75,-28.44,38.06,51.03,-82.36,-117.3
52.41435,-1.551947,164.43,1.15,2,185.49,21 / 21,2158228,2019-09-06 18:52:04:910,0.3537,0.8933,9.8037,-0.001,0.0031,9.8066,-0.0108,0.0226,0.0052,-10.87,-28.56,37.88,51.7,-82.39,-116.8
52.41435,-1.551947,164.43,1.15,2,185.49,21 / 21,2158328,2019-09-06 18:52:05:010,0.147,1.0563,9.8726,-0.0016,0.0061,9.8066,0.0211,0.0153,0.007,-10.81,-28.12,38.06,51.88,-82.4,-116.47
52.41435,-1.551947,164.43,1.15,2,185.49,21 / 21,2158429,2019-09-06 18:52:05:111,0.3502,0.0724,9.8846,-0.0032,0.0039,9.8066,-0.0004,0.0151,-0.011,-10.25,-28.69,37.63,54.15,-82.41,-115.91
52.41435,-1.551947,164.43,1.15,2,185.49,21 / 21,2158529,2019-09-06 18:52:05:211,0.2329,0.7717,9.7865,0.0024,0.0092,9.8066,-0.0033,-0.0044,0.0038,-9.87,-28.81,36.88,54.38,-82.47,-115.38
52.41435,-1.551947,164.43,1.15,2,185.49,21 / 21,2158628,2019-09-06 18:52:05:310,0.2706,1.2064,9.9117,0.0008,0.0006,9.8066,-0.0272,-0.0002,0.0016,-9.19,-28.81,36.94,56.08,-82.51,-115.23
52.41435,-1.551947,164.43,1.15,2,185.49,21 / 21,2158729,2019-09-06 18:52:05:411,0.4679,0.8093,9.7997,0.0007,0.0056,9.8065,0.0238,-0.0095,0.005,-9.19,-28.56,36.38,56.25,-82.55,-114.8
52.41435,-1.551947,164.43,1.15,2,185.49,21 / 21,2158828,2019-09-06 18:52:05:510,0.3484,0.21,9.8897,-0.0028,-0.0044,9.8066,0.0217,-0.0499,0.0239,-9.87,-28.56,36.31,54.63,-82.54,-114.81
52.41435,-1.551947,164.43,1.15,2,185.49,21 / 21,2158929,2019-09-06 18:52:05:611,0.2968,0.3882,9.8741,-0.0049,-0.0032,9.8066,-0.0052,-0.04,0.0255,-9.5,-28.5,36.31,56.08,-82.44,-114.87
52.41435,-1.551947,164.43,1.15,2,185.49,21 / 21,2159028,2019-09-06 18:52:05:710,0.1284,1.0366,9.6973,-0.005,-0.0098,9.8066,0.0103,-0.0561,0.0354,-9.75,-29.25,35.69,54.71,-82.31,-114.9
52.41435,-1.551947,164.43,1.15,2,185.49,21 / 21,2159128,2019-09-06 18:52:05:810,-0.006,0.3418,9.7997,-0.0048,-0.0067,9.8066,0.0123,-0.0603,0.0229,-9.69,-29.19,36.25,54.43,-82.17,-115.27
52.41435,-1.551947,164.43,1.15,2,185.49,21 / 21,2159228,2019-09-06 18:52:05:910,0.5802,0.3174,9.8123,0.0008,-0.0078,9.8066,0.0287,-0.1073,0.0247,-8.94,-29.5,35.25,55.33,-82.13,-115.72
52.41435,-1.551947,164.43,1.15,2,185.49,21 / 21,2159329,2019-09-06 18:52:06:011,0.8109,0.1035,9.7906,-0.0041,-0.0194,9.8066,0.0169,-0.0675,0.0005,-9.06,-29.31,35.5,54.6,-81.93,-116.8
52.41435,-1.551947,164.43,1.15,2,185.49,21 / 21,2159429,2019-09-06 18:52:06:111,0.1147,0.0692,9.9216,-0.003,-0.0134,9.8066,0.0572,-0.0992,0.0496,-8.87,-29.69,35.31,54.23,-81.85,-117.15
52.41435,-1.551947,164.43,1.15,2,185.49,21 / 21,2159528,2019-09-06 18:52:06:210,0.5979,-0.2015,9.7995,0.0051,-0.0074,9.8066,-0.0475,-0.146,-0.0188,-8.25,-29.56,34.94,55.52,-81.76,-117.59
52.41435,-1.551947,164.43,1.15,2,185.49,21 / 21,2159628,2019-09-06 18:52:06:310,0.8823,0.3626,9.7431,0.0136,-0.013,9.8066,-0.058,-0.1192,-0.0195,-7.62,-29.69,35.38,53.95,-81.81,-119.01
52.41435,-1.551947,164.43,1.15,2,185.49,21 / 21,2159728,2019-09-06 18:52:06:410,1.1958,0.1751,9.7282,0.0105,0.0049,9.8066,0.02,-0.1067,-0.0146,-6.94,-29.31,35.88,54.94,-81.94,-119.57
52.41435,-1.551947,164.43,1.15,2,185.49,21 / 21,2159829,2019-09-06 18:52:06:511,0.786,-0.393,9.5327,0.0115,0.0109,9.8065,-0.0093,-0.1395,0.0187,-7,-29.87,35.19,54.51,-82.03,-119.92
52.41435,-1.551947,164.43,1.15,2,185.49,21 / 21,2159929,2019-09-06 18:52:06:611,0.9078,-0.0191,9.7721,-0.0048,0.0041,9.8066,-0.0352,-0.1222,0.0098,-6.37,-29.75,34.94,56.9,-82.09,-119.25
52.41435,-1.551947,164.43,1.15,2,185.49,21 / 21,2160028,2019-09-06 18:52:06:710,0.9307,0.162,9.6378,-0.0022,0.0118,9.8066,-0.0157,-0.1529,0.0356,-6.12,-29.87,34.69,57.71,-82.12,-118.46
52.41435,-1.551947,164.43,1.15,2,185.49,21 / 21,2160128,2019-09-06 18:52:06:810,0.799,-0.0098,9.6532,-0.0023,0.0016,9.8066,-0.0221,-0.1526,0.0135,-7,-30.44,34.38,56.41,-82.18,-117.87
52.41435,-1.551947,164.43,1.15,2,185.49,21 / 21,2160229,2019-09-06 18:52:06:911,0.9525,0.3446,9.8521,-0.0018,-0.0028,9.8066,-0.0445,-0.1666,0.0257,-6.81,-29.69,34.25,56.68,-82.15,-117.63
52.41435,-1.551947,164.43,1.15,2,185.49,21 / 21,2160329,2019-09-06 18:52:07:011,0.4765,0.7532,9.9658,-0.0019,0.0074,9.8065,0.0004,-0.1744,0.002,-5.81,-30.69,33.94,59.24,-82.12,-117.11
52.41435,-1.551947,164.43,1.15,2,185.49,21 / 21,2160428,2019-09-06 18:52:07:110,0.5854,0.0529,10.0343,0.0039,0.0041,9.8065,-0.0309,-0.1519,-0.0008,-6.06,-30.31,33.31,58.66,-82.14,-117.31
52.41435,-1.551947,164.43,1.15,2,185.49,21 / 21,2160529,2019-09-06 18:52:07:211,1.2989,-0.3748,9.7812,0.0087,0.0144,9.8066,-0.0016,-0.1577,-0.0237,-6.06,-30.81,32.31,58.57,-82.38,-117.26
52.41435,-1.551947,164.43,1.15,2,185.49,21 / 21,2160629,2019-09-06 18:52:07:311,1.1327,0.4823,9.7572,0.0004,0.0114,9.8066,-0.0191,-0.1754,0.0161,-5.69,-31.25,32.5,59.08,-82.46,-116.85
52.41435,-1.551947,164.43,1.15,2,185.49,21 / 21,2160728,2019-09-06 18:52:07:410,0.7038,0.1115,9.6627,0.0027,-0.0092,9.8066,-0.0438,-0.1515,-0.0083,-5.69,-31.19,31.69,59.59,-82.46,-116.23
52.41435,-1.551947,164.43,1.15,2,185.49,21 / 21,2160828,2019-09-06 18:52:07:510,-0.1162,0.883,9.817,0.0098,-0.0116,9.8066,-0.016,-0.1847,0.0315,-4.5,-31.69,32.31,62.71,-82.53,-117
52.41435,-1.551947,164.43,1.15,2,185.49,21 / 21,2160929,2019-09-06 18:52:07:611,0.9354,-0.2429,9.9633,0.0132,0.006,9.8066,-0.0735,-0.1531,-0.0353,-4.25,-31.87,31.94,63.09,-82.77,-116.4
52.41435,-1.551947,164.43,1.15,2,185.49,21 / 21,2161028,2019-09-06 18:52:07:710,0.3727,0.5192,9.7902,0.0157,0.0074,9.8065,-0.1365,-0.2477,-0.0202,-3.69,-31.31,31.63,63.13,-82.99,-115.95
52.41435,-1.551947,164.43,1.15,2,185.49,21 / 21,2161129,2019-09-06 18:52:07:811,1.9729,0.0701,9.9745,0.0041,0.0264,9.8066,0.0143,-0.1706,-0.0088,-3.69,-31.12,30.5,64.94,-83.38,-113.83
52.41435,-1.551947,164.43,1.15,2,185.49,21 / 21,2161229,2019-09-06 18:52:07:911,1.3443,0.3424,10.7395,-0.0065,-0.0022,9.8066,0.0224,-0.1934,0.0494,-3.75,-30.81,30.75,64.7,-83.32,-114.12
52.41435,-1.551947,164.43,1.15,2,185.49,21 / 21,2161328,2019-09-06 18:52:08:010,0.3923,0.0755,10.2875,-0.011,-0.0282,9.8066,0.0249,-0.2155,0.0432,-3.87,-31,30.44,63.72,-83.15,-115.17
52.41435,-1.551947,164.43,1.15,2,185.49,21 / 21,2161429,2019-09-06 18:52:08:111,0.0684,0.2416,9.6276,-0.0081,-0.0221,9.8066,0.0049,-0.2263,0.0248,-3.5,-30.44,30.44,63.46,-82.82,-117.44
52.41435,-1.551947,164.43,1.15,2,185.49,21 / 21,2161529,2019-09-06 18:52:08:211,0.5216,0.1366,9.2439,0.0164,-0.018,9.8066,-0.0079,-0.216,-0.0465,-3.06,-30.69,29.81,61.23,-82.82,-119.75
52.41435,-1.551947,164.43,1.15,2,185.49,21 / 21,2161629,2019-09-06 18:52:08:311,1.1212,0.1378,9.271,0.0198,-0.0144,9.8066,-0.0079,-0.2371,-0.0426,-2.44,-30.69,30.19,61.3,-83,-121.44
52.41435,-1.551947,164.43,1.15,2,185.49,21 / 21,2161730,2019-09-06 18:52:08:412,0.9002,0.0234,9.6992,0.0083,0.0008,9.8065,0.0184,-0.284,0.0332,-2.06,-30.87,29.56,59.4,-83.15,-123.08
52.41435,-1.551947,164.43,1.15,2,185.49,21 / 21,2161829,2019-09-06 18:52:08:511,0.7779,-1.0341,9.3545,0.0074,0.0057,9.8066,0.0234,-0.2161,-0.0484,-0.87,-30.69,29.81,61.05,-83.2,-123.39
52.41435,-1.551947,164.43,1.15,2,185.49,21 / 21,2161929,2019-09-06 18:52:08:611,1.6042,-0.0508,9.9432,-0.0102,-0.0032,9.8066,-0.0317,-0.2545,0.0727,-0.87,-30.56,29.13,60.24,-83.23,-124.27
52.41435,-1.551947,164.43,1.15,2,185.49,21 / 21,2162028,2019-09-06 18:52:08:710,1.044,0.1671,9.952,-0.0179,-0.0231,9.8066,-0.0223,-0.2711,0.0541,-0.31,-29.69,29.25,61.73,-82.89,-124.97
52.41435,-1.551947,164.43,1.15,2,185.49,21 / 21,2162128,2019-09-06 18:52:08:810,1.0912,-1.005,9.6057,-0.0054,-0.017,9.8066,0.1367,-0.2862,0.0231,-0.31,-29.87,30,59.23,-82.51,-127.45
52.41435,-1.551947,164.43,1.15,2,185.49,21 / 21,2162228,2019-09-06 18:52:08:910,0.3719,-1.0005,9.7614,0.0037,-0.0025,9.8066,0.0328,-0.3522,0.0968,0.25,-30.25,29,58.32,-82.35,-128.68
52.41435,-1.551947,164.43,1.15,2,185.49,21 / 21,2162329,2019-09-06 18:52:09:011,0.5941,0.0972,9.8618,0.0087,-0.0034,9.8066,-0.0413,-0.3107,0.0186,0.06,-30.06,28.56,58.67,-82.29,-128.42
52.41435,-1.551947,164.43,1.15,2,185.49,21 / 21,2162429,2019-09-06 18:52:09:111,0.9624,0.0929,10.0723,-0.0026,0.0011,9.8066,0.0028,-0.2954,0.0299,0.44,-29.87,27.88,58.4,-82.35,-128.86
52.41435,-1.551947,164.43,1.15,2,185.49,21 / 21,2162528,2019-09-06 18:52:09:210,1.2995,-0.8724,9.7639,0.0043,-0.0232,9.8066,-0.003,-0.2898,0.0103,1.19,-30.19,27.5,58.93,-82.27,-130.48
52.41435,-1.551947,164.43,1.15,2,185.49,21 / 21,2162629,2019-09-06 18:52:09:311,1.5393,-1.3398,9.6006,0.0063,-0.0223,9.8065,0.0025,-0.2525,0.0014,1.63,-30.31,27,59.93,-82.26,-132.01
52.41435,-1.551947,164.43,1.15,2,185.49,21 / 21,2162728,2019-09-06 18:52:09:410,0.9923,-1.3746,9.6209,0.0026,-0.0026,9.8066,-0.0218,-0.2242,0.0049,1.44,-30.31,26.44,56.93,-82.26,-133.03
52.41435,-1.551947,164.43,1.15,2,185.49,21 / 21,2162828,2019-09-06 18:52:09:510,0.9989,-0.9872,9.7537,0.0072,-0.0038,9.8066,-0.0163,-0.2172,0.0105,2.13,-30.37,26.13,58.63,-82.3,-133.62
52.41435,-1.551947,164.43,1.15,2,185.49,21 / 21,2162929,2019-09-06 18:52:09:611,1.1981,-1.138,9.5859,0.0078,-0.0107,9.8066,0.0314,-0.2078,0.0005,1.69,-30.12,26.88,57.18,-82.31,-134.5
52.41435,-1.551947,164.43,1.15,2,185.49,21 / 21,2163029,2019-09-06 18:52:09:711,1.3502,-1.4761,9.7934,0.008,-0.0193,9.8066,0.0254,-0.1297,0.0087,2.25,-30.06,26.31,55.24,-82.25,-136.77
52.41435,-1.551947,164.43,1.15,2,185.49,21 / 21,2163129,2019-09-06 18:52:09:811,1.1586,-2.2744,9.8963,-0.0011,-0.0081,9.8066,-0.0045,-0.1051,0.0115,2.31,-30.44,26.44,53.93,-82.16,-138.05
52.41435,-1.551947,164.43,1.15,2,185.49,21 / 21,2163229,2019-09-06 18:52:09:911,0.9352,-1.6008,9.9049,-0.0001,-0.0001,9.8066,-0.0204,-0.1102,0.0511,3.19,-30.69,26.13,56.52,-82.18,-138.08
52.41435,-1.551947,164.43,1.15,2,185.49,21 / 21,2163328,2019-09-06 18:52:10:010,0.7828,-1.4222,9.8161,-0.0046,0.0111,9.8066,0.007,-0.0702,0.0168,2.5,-30.31,25.69,57.46,-82.14,-137.01
52.41435,-1.551947,164.43,1.15,2,185.49,20 / 20,2163428,2019-09-06 18:52:10:110,0.974,-1.1671,9.5308,0.0001,0.0035,9.8066,0.0005,-0.0232,-0.0013,2.06,-30.87,25.81,56.34,-82.16,-136.12
52.41435,-1.551947,164.43,1.15,2,185.49,20 / 20,2163528,2019-09-06 18:52:10:210,0.4856,-0.9514,9.8069,-0.0045,0.0047,9.8066,-0.0084,-0.0057,0.0248,1.69,-30.25,25.69,56.66,-82.13,-135.6
52.41435,-1.551947,164.43,1.15,2,185.49,20 / 20,2163629,2019-09-06 18:52:10:311,0.6307,-0.3469,9.8827,0.0018,0.0044,9.8066,-0.0081,0.0012,0.0193,2.13,-30.5,25.63,56.87,-82.17,-135.37
52.41435,-1.551947,164.43,1.15,2,185.49,20 / 20,2163728,2019-09-06 18:52:10:410,0.5784,0.0415,10.0429,-0.0002,0.0074,9.8066,0.0113,-0.0079,-0.001,1.75,-30.5,26.25,57.67,-82.23,-134.57
52.41435,-1.551947,164.43,1.15,2,185.49,20 / 20,2163828,2019-09-06 18:52:10:510,0.785,-0.2517,9.7971,0.0045,0.0041,9.8066,-0.011,0.004,-0.029,2.06,-30.44,26.63,57.31,-82.3,-134.39
52.41435,-1.551947,164.43,1.15,2,185.49,20 / 20,2163929,2019-09-06 18:52:10:611,0.7428,0.0275,9.7192,0.0033,0.0095,9.8066,0.0476,0.0129,0.0427,0.94,-30,27.19,54.55,-82.34,-134.78
52.41435,-1.551947,164.43,1.15,2,185.49,20 / 20,2164028,2019-09-06 18:52:10:710,0.6555,-0.4697,9.7334,-0.0014,0.0073,9.8066,0.036,0.033,0.0022,0.75,-30.06,26.94,55.03,-82.38,-134.3
52.41435,-1.551947,164.43,1.15,2,185.49,20 / 20,2164128,2019-09-06 18:52:10:810,0.6731,-0.0453,9.9169,0.0001,-0.0044,9.8066,-0.0181,0.017,-0.0164,0.94,-30.12,27.31,55.1,-82.38,-134.24
52.41435,-1.551947,164.43,1.15,2,185.49,20 / 20,2164228,2019-09-06 18:52:10:910,0.5886,-0.0559,9.8781,0.0039,-0.0033,9.8066,-0.011,0.0204,-0.0131,1.25,-29.81,27.56,54.56,-82.43,-134.36
52.41435,-1.551947,164.43,1.15,2,185.49,20 / 20,2164329,2019-09-06 18:52:11:011,0.6037,-0.1806,9.6599,0.0086,0.0038,9.8066,0.0042,0.048,0.0094,0.81,-29.69,27.06,54.34,-82.5,-134.82
52.41435,-1.551947,164.43,1.15,2,185.49,21 / 21,2164429,2019-09-06 18:52:11:111,0.5945,-0.2116,9.6889,0.0052,0.0057,9.8066,0.0163,0.029,-0.0028,0.38,-30.12,27.81,51.41,-82.62,-135.02
52.41435,-1.551947,164.43,1.15,2,185.49,21 / 21,2164528,2019-09-06 18:52:11:210,0.6149,-0.1846,9.8579,0.0054,-0.0005,9.8066,0.0017,0.0441,-0.0189,0.25,-29.75,28.63,50.65,-82.7,-135.44
52.41435,-1.551947,164.43,1.15,2,185.49,21 / 21,2164629,2019-09-06 18:52:11:311,0.4799,-0.506,9.881,0.0076,-0.0001,9.8066,0.0149,0.0319,-0.008,-0.31,-29.75,28.69,50.07,-82.76,-135.92
52.41435,-1.551947,164.43,1.15,2,185.49,21 / 21,2164728,2019-09-06 18:52:11:410,0.6369,-0.3097,9.7815,0.0002,0.0039,9.8066,0.0029,-0.0428,0.0204,0.5,-30.12,28.25,51.98,-82.79,-136.4
52.41435,-1.551947,164.43,1.15,2,185.49,21 / 21,2164829,2019-09-06 18:52:11:511,0.4124,-0.0142,9.8118,0.0022,0.0027,9.8066,-0.0233,0.04,-0.0029,0.44,-29.94,27.5,50,-82.85,-136.11
52.41435,-1.551947,164.43,1.15,2,185.49,21 / 21,2164929,2019-09-06 18:52:11:611,0.5941,-0.2353,9.726,0,0.0097,9.8066,-0.0335,0.0248,0.0186,0.56,-30.37,27.44,52.97,-82.94,-135.64
52.41435,-1.551947,164.43,1.15,2,185.49,21 / 21,2165028,2019-09-06 18:52:11:710,0.3258,0.1402,9.7631,0.0014,0.004,9.8066,-0.0364,0.0143,0.0036,0.69,-30.12,27.44,53.54,-82.99,-135.08
52.41435,-1.551947,164.43,1.15,2,185.49,21 / 21,2165129,2019-09-06 18:52:11:811,0.3421,-0.2615,9.8946,-0.0019,0.0111,9.8066,0.0309,0.0168,0.0334,1.38,-30.69,26.56,54.45,-83.09,-134.35
52.41435,-1.551947,164.43,1.15,2,185.49,21 / 21,2165229,2019-09-06 18:52:11:911,0.4049,-0.4818,9.8642,-0.0034,0.0112,9.8066,0.0353,0.0187,0.0006,0.75,-30.19,26.19,55.38,-83.09,-133.61
52.41435,-1.551947,164.43,1.15,2,185.49,21 / 21,2165329,2019-09-06 18:52:12:011,0.2723,-0.6157,9.9749,-0.0017,-0.0118,9.8066,-0.0276,0.0077,0.0161,1.13,-30.19,26.19,55.46,-83.12,-133.5
52.41435,-1.551947,164.43,1.15,2,185.49,20 / 20,2165428,2019-09-06 18:52:12:110,0.2275,-0.3734,9.8174,-0.0027,-0.0087,9.8066,-0.0152,0.0099,0.0091,1.13,-30.25,26.25,55.2,-83.07,-133.79
52.41435,-1.551947,164.43,1.15,2,185.49,20 / 20,2165529,2019-09-06 18:52:12:211,0.2985,-0.1971,9.6863,0.0032,0.0082,9.8066,0.0132,0.0228,0.0125,1.56,-30.5,26.06,57.66,-83.11,-133.66
52.41435,-1.551947,164.43,1.15,2,185.49,20 / 20,2165629,2019-09-06 18:52:12:311,0.4275,-0.4311,9.9339,0.0027,0.0063,9.8066,0.009,0.0144,-0.0068,1.25,-30.06,26.38,55.17,-83.12,-133.78
52.41435,-1.551947,164.43,1.15,2,185.49,20 / 20,2165729,2019-09-06 18:52:12:411,0.3063,-0.6428,9.9829,-0.0001,-0.0009,9.8066,0.0552,0.0006,0.0045,1.38,-30.06,26.44,54.79,-83.09,-134.15
52.41435,-1.551947,164.43,1.15,2,185.49,20 / 20,2165829,2019-09-06 18:52:12:511,0.1452,-0.6312,10.0513,0.0045,0.003,9.8066,0.0509,0.0107,0.024,1.31,-29.87,26.13,54.52,-83.09,-134.4
52.41435,-1.551947,164.43,1.15,2,185.49,20 / 20,2165929,2019-09-06 18:52:12:611,0.3238,-0.3749,9.7861,-0.0019,-0.0049,9.8066,0.0081,0.0112,-0.0016,1,-30.25,26.19,54.34,-83.06,-134.59
52.41435,-1.551947,164.43,1.15,2,185.49,20 / 20,2166028,2019-09-06 18:52:12:710,0.3216,-0.3523,9.7683,0.0018,-0.005,9.8066,0.0149,-0.0197,0.0192,1.38,-30.31,26.5,53.54,-83.04,-135.03
52.41435,-1.551947,164.43,1.15,2,185.49,20 / 20,2166129,2019-09-06 18:52:12:811,0.3885,-0.4161,9.7145,0.0002,0.0044,9.8066,-0.0051,-0.0226,-0.0051,1.38,-29.94,25.38,54.53,-83.05,-134.79
52.41435,-1.551947,164.43,1.15,2,185.49,20 / 20,2166228,2019-09-06 18:52:12:910,0.2944,-0.5974,9.7575,-0.002,-0.0005,9.8066,0.0004,-0.0186,0.0189,1,-29.69,26.5,53.87,-83.04,-134.72
52.41435,-1.551947,164.43,1.15,2,185.49,20 / 20,2166328,2019-09-06 18:52:13:010,0.1446,-0.4222,9.7195,0.0003,0.0038,9.8066,-0.0085,-0.0468,0.0276,0.81,-30.06,26.44,54.54,-83,-134.47
52.41435,-1.551947,164.43,1.15,2,185.49,21 / 21,2166429,2019-09-06 18:52:13:111,-0.1251,-0.3174,10.1169,0.0002,0.0028,9.8066,0.0105,-0.0112,-0.002,0.5,-30.31,26.38,54.72,-83,-134.3
52.41435,-1.551947,164.43,1.15,2,185.49,21 / 21,2166528,2019-09-06 18:52:13:210,0.1219,-0.1114,9.7549,0.011,-0.0092,9.8066,-0.0006,-0.0307,-0.0053,0.75,-30.31,26.25,53.29,-83.06,-135.56
52.41435,-1.551947,164.43,1.15,2,185.49,21 / 21,2166629,2019-09-06 18:52:13:311,0.0815,-0.1266,9.5373,0.0132,-0.0065,9.8066,0.0074,-0.0311,-0.0116,1.13,-30.37,27,51.75,-83.13,-136.58
52.41435,-1.551947,164.43,1.15,2,185.49,21 / 21,2166729,2019-09-06 18:52:13:411,0.5185,0.0428,9.7213,0.0112,0.0073,9.8066,-0.0008,-0.0386,-0.0085,1.25,-30.75,26.06,51.19,-83.28,-137.47
52.41435,-1.551947,164.43,1.15,2,185.49,21 / 21,2166829,2019-09-06 18:52:13:511,0.5293,0.2335,10.0136,0.0065,0.013,9.8066,-0.0082,-0.0256,0.0137,0.63,-30.75,26,51.3,-83.42,-137.23
52.41435,-1.551947,164.43,1.15,2,185.49,21 / 21,2166929,2019-09-06 18:52:13:611,0.392,0.1762,9.7199,-0.0043,0.0067,9.8066,-0.0337,-0.0448,0.0413,0.69,-30.94,25.5,51.93,-83.48,-136.59
52.41435,-1.551947,164.43,1.15,2,185.49,21 / 21,2167029,2019-09-06 18:52:13:711,0.1588,0.3323,9.8181,-0.0071,-0.0045,9.8066,-0.0539,-0.028,0.0003,0.31,-31.06,25.69,50.92,-83.44,-135.36
52.41435,-1.551947,164.43,1.15,2,185.49,21 / 21,2167129,2019-09-06 18:52:13:811,-0.749,0.4963,10.0476,0.0109,0.0086,9.8066,-0.018,-0.031,-0.0473,0.25,-30.31,26.06,50.63,-83.57,-135.3
52.41435,-1.551947,164.43,1.15,2,185.49,21 / 21,2167229,2019-09-06 18:52:13:911,0.1844,0.0262,10.1691,0.0206,-0.0019,9.8065,-0.0012,-0.0688,-0.0253,0.69,-31,25.56,51.4,-83.74,-136.82
52.41435,-1.551947,164.43,1.15,2,185.49,21 / 21,2167328,2019-09-06 18:52:14:010,0.6581,0.1053,9.9049,0.0138,-0.0221,9.8065,0.017,-0.0319,-0.0259,1,-31,26.44,49.52,-83.91,-138.38
52.41435,-1.551947,164.43,1.15,2,185.49,21 / 21,2167429,2019-09-06 18:52:14:111,0.5255,-0.2513,9.8014,0.0125,-0.0273,9.8065,0.0095,-0.048,-0.0454,1.75,-31.06,25.81,48.08,-83.9,-141.89
52.41435,-1.551947,164.43,1.15,2,185.49,21 / 21,2167528,2019-09-06 18:52:14:210,0.4474,-0.6251,9.7751,0.0063,-0.0069,9.8066,-0.0055,-0.0628,-0.0184,1.56,-30.56,24.75,46.06,-83.92,-144.11
52.41435,-1.551947,164.43,1.15,2,185.49,21 / 21,2167629,2019-09-06 18:52:14:311,0.1339,0.2298,10.1476,-0.007,-0.0114,9.8065,-0.031,-0.1186,0.0385,1.69,-30.12,24.94,45.5,-83.87,-144.48
52.41435,-1.551947,164.43,1.15,2,185.49,21 / 21,2167728,2019-09-06 18:52:14:410,0.3065,0.2304,10.117,-0.0093,-0.0005,9.8066,0.0049,-0.0504,0.0331,2.31,-29.94,24.69,46.34,-83.8,-143.78
52.41435,-1.551947,164.43,1.15,2,185.49,21 / 21,2167829,2019-09-06 18:52:14:511,0.2537,0.2366,10.1933,-0.0109,0.0012,9.8066,0.0418,-0.1278,0.0823,2.38,-30.31,24.88,47.39,-83.7,-142.91
52.41435,-1.551947,164.43,1.15,2,185.49,21 / 21,2167928,2019-09-06 18:52:14:610,-0.4006,0.4813,10.2067,-0.0273,-0.0061,9.8066,0.052,-0.1147,0.041,1.38,-30,25.5,46.3,-83.48,-141.54
52.41435,-1.551947,164.43,1.15,2,185.49,21 / 21,2168028,2019-09-06 18:52:14:710,-0.333,-0.0465,9.8283,-0.0119,-0.0079,9.8066,0.0196,-0.1242,0.032,1.31,-30,25.75,47.74,-83.13,-140.55
52.41435,-1.551947,164.43,1.15,2,185.49,21 / 21,2168129,2019-09-06 18:52:14:811,-0.5411,0.3846,10.2391,0.0048,-0.0065,9.8066,0.027,-0.1281,0.0073,1.31,-30.62,25.13,47.96,-82.97,-141.04
52.41435,-1.551947,164.43,1.15,2,185.49,21 / 21,2168229,2019-09-06 18:52:14:911,0.3822,0.3054,10.1074,0.0114,-0.0071,9.8066,0.0332,-0.1051,-0.0109,1.69,-30.44,25.81,48.17,-82.98,-142.48
52.41435,-1.551947,164.43,1.15,2,185.49,21 / 21,2168328,2019-09-06 18:52:15:010,0.5536,-0.2021,9.8893,0.0066,-0.0217,9.8066,0.0449,-0.1279,-0.0012,1.75,-30.25,26.44,46.32,-82.91,-144.22
52.41435,-1.551947,164.43,1.15,2,185.49,21 / 21,2168429,2019-09-06 18:52:15:111,0.2207,0.1533,9.5297,-0.0028,-0.0214,9.8065,0.0638,-0.1763,0.0478,1.19,-30.12,26.63,41.16,-82.65,-146.58
52.41435,-1.551947,164.43,1.15,2,185.49,21 / 21,2168528,2019-09-06 18:52:15:210,-0.4942,-0.2865,9.7576,-0.0185,-0.0175,9.8066,0.0668,-0.1994,0.0834,1,-30.56,25.94,41.75,-82.17,-146.96
52.41435,-1.551947,164.43,1.15,2,185.49,21 / 21,2168628,2019-09-06 18:52:15:310,-1.3544,-1.4128,9.8898,-0.0169,-0.0251,9.8065,0.0327,-0.2127,0.0364,1.31,-30.5,25.88,41.52,-81.79,-147.27
52.41435,-1.551947,164.43,1.15,2,185.49,21 / 21,2168728,2019-09-06 18:52:15:410,-1.1298,-0.8614,9.7268,0.0097,-0.0138,9.8066,-0.0041,-0.272,0.0091,1.38,-30.19,25.88,40.87,-81.56,-148.04
52.41435,-1.551947,164.43,1.15,2,185.49,21 / 21,2168829,2019-09-06 18:52:15:511,-1.0497,-1.4521,9.7731,0.0037,-0.0204,9.8066,-0.0198,-0.2826,0.0215,1.63,-31.06,25.56,41.46,-81.41,-150.05
52.41435,-1.551947,164.43,1.15,2,185.49,21 / 21,2168929,2019-09-06 18:52:15:611,-0.6621,-0.8698,9.6406,-0.0085,-0.0171,9.8065,0.0808,-0.3334,0.0536,2.56,-30.31,25.13,43.1,-81.15,-151.32
52.41435,-1.551947,164.43,1.15,2,185.49,21 / 21,2169029,2019-09-06 18:52:15:711,-2.0031,-0.7202,10.4025,-0.0181,-0.0357,9.8065,0.0856,-0.3493,0.04,2.81,-30.56,24.44,43.64,-80.7,-152.14
52.41435,-1.551947,164.43,1.15,2,185.49,21 / 21,2169129,2019-09-06 18:52:15:811,-1.4086,-0.795,9.8293,0.0211,-0.0094,9.8065,0.0042,-0.4083,0.0434,3.44,-30.31,23.81,40.87,-80.64,-154.27
52.41435,-1.551947,164.43,1.15,2,185.49,21 / 21,2169229,2019-09-06 18:52:15:911,-0.8953,-0.8868,9.6217,0.0233,-0.0059,9.8066,-0.0144,-0.4434,0.0536,3.19,-29.81,23.31,39.65,-80.63,-155.92
52.41435,-1.551947,164.43,1.15,2,185.49,21 / 21,2169329,2019-09-06 18:52:16:011,-1.9096,-0.4386,9.7751,-0.0038,-0.0264,9.8065,0.0635,-0.4907,0.0521,3.06,-30.06,22.63,37.97,-80.42,-157.5
52.41435,-1.551947,164.43,1.15,2,185.49,21 / 21,2169428,2019-09-06 18:52:16:110,-1.5511,0.3801,10.1539,0.0023,-0.025,9.8066,0.0552,-0.4945,-0.0004,3.81,-30.31,21.31,41.31,-80.06,-159.17
52.41435,-1.551947,164.43,1.15,2,185.49,21 / 21,2169529,2019-09-06 18:52:16:211,-1.492,0.1204,10.2966,0.0356,-0.0223,9.8065,-0.0803,-0.538,0.0339,3.94,-31.31,20.56,37.07,-80.1,-162.82
52.41435,-1.551947,164.43,1.15,2,185.49,21 / 21,2169628,2019-09-06 18:52:16:310,-0.9999,0.8695,10.368,0.0343,-0.002,9.8065,-0.0838,-0.5633,0.0822,4.63,-31.12,19.56,39.05,-80.37,-164.55
52.41435,-1.551947,164.43,1.15,2,185.49,21 / 21,2169729,2019-09-06 18:52:16:411,-1.1068,0.7354,9.7657,0.0041,0.0106,9.8065,-0.0675,-0.5608,0.0759,5.56,-31,18.06,44.41,-80.77,-165.04
52.41435,-1.551947,164.43,1.15,2,185.49,21 / 21,2169828,2019-09-06 18:52:16:510,-2.9806,0.208,9.862,-0.0158,-0.0189,9.8066,0.0047,-0.5808,0.0985,4.56,-31.37,17.38,43.25,-80.63,-164.85
52.41435,-1.551947,164.43,1.15,2,185.49,21 / 21,2169928,2019-09-06 18:52:16:610,-3.1098,0.251,9.5504,-0.0099,-0.0135,9.8066,0.0132,-0.683,0.1184,4.94,-30.87,15.81,45.57,-80.35,-165.08
52.41435,-1.551947,164.43,1.15,2,185.49,21 / 21,2170028,2019-09-06 18:52:16:710,-2.9214,0.6877,9.6982,0.0041,-0.0084,9.8066,-0.0883,-0.6946,0.0804,4.13,-31.12,13.88,45.99,-80.16,-165.68
52.41435,-1.551947,164.43,1.15,2,185.49,21 / 21,2170129,2019-09-06 18:52:16:811,-2.3875,1.0705,9.7949,0.0349,0.0147,9.8065,-0.1009,-0.6768,0.0665,4.44,-31.12,13.06,46.73,-80.56,-166.67
52.41435,-1.551947,164.43,1.15,2,185.49,21 / 21,2170230,2019-09-06 18:52:16:912,-1.3434,1.5258,9.7091,0.0187,0.0114,9.8065,0.014,-0.6628,0.0756,4.56,-31.62,11.88,54.52,-80.84,-167.22
52.41435,-1.551947,164.43,1.15,2,185.49,21 / 21,2170329,2019-09-06 18:52:17:011,-1.2892,1.6393,10.0238,0.0159,0.0018,9.8066,0.0596,-0.6365,0.0984,3.88,-32.12,10.19,57.86,-80.96,-167.77
52.414337,-1.552078,163.56,3.93,3,297.33,21 / 22,2170429,2019-09-06 18:52:17:111,-1.7254,1.6604,9.6525,0.0101,0.0071,9.8066,0.0222,-0.6455,0.0748,3.19,-32.31,9.44,56.94,-80.98,-168.37
52.414337,-1.552078,163.56,3.93,3,297.33,21 / 22,2170529,2019-09-06 18:52:17:211,-1.3857,1.3494,10.3882,0.0038,-0.0019,9.8066,-0.0005,-0.5753,0.0575,2.44,-31.56,7.38,67.13,-81.03,-168.73
52.414337,-1.552078,163.56,3.93,3,297.33,21 / 22,2170628,2019-09-06 18:52:17:310,-1.0776,1.1916,10.3465,-0.0009,-0.0188,9.8065,-0.0874,-0.55,0.059,3.19,-31.56,7,71.29,-81.17,-170.28
52.414337,-1.552078,163.56,3.93,3,297.33,21 / 22,2170728,2019-09-06 18:52:17:410,-0.9986,1.0747,9.5587,0.0008,-0.0215,9.8066,-0.0216,-0.5133,0.0287,1.88,-32,6.25,76.57,-81.22,-171.44
52.414337,-1.552078,163.56,3.93,3,297.33,21 / 22,2170829,2019-09-06 18:52:17:511,-0.5205,0.6296,10.0412,0.0051,-0.0127,9.8066,0.0094,-0.4372,0.0478,2.25,-32.37,4.94,94.97,-81.22,-172.88
52.414337,-1.552078,163.56,3.93,3,297.33,21 / 22,2170929,2019-09-06 18:52:17:611,0.3588,1.6062,9.5041,-0.0196,0.0004,9.8066,0.0132,-0.4483,0.1339,0.75,-32,4.44,128.63,-81.07,-173.69
52.414337,-1.552078,163.56,3.93,3,297.33,21 / 22,2171028,2019-09-06 18:52:17:710,-1.0421,1.4692,9.4169,0.0093,-0.0159,9.8066,-0.0071,-0.3518,0.0469,0.63,-32.12,4.06,129.07,-81.04,-173.61
52.414337,-1.552078,163.56,3.93,3,297.33,21 / 22,2171129,2019-09-06 18:52:17:811,0.1887,2.2204,9.831,-0.002,-0.0046,9.8066,-0.0775,-0.268,0.0322,0,-32.69,4.19,162.75,-80.89,-174.22
52.414337,-1.552078,163.56,3.93,3,297.33,21 / 22,2171229,2019-09-06 18:52:17:911,-0.0277,0.7711,9.7702,-0.0172,-0.0222,9.8065,0.0353,-0.2014,0.007,0.44,-32.12,3.56,164.23,-80.86,-175.36
52.414337,-1.552078,163.56,3.93,3,297.33,21 / 22,2171328,2019-09-06 18:52:18:010,-0.8092,0.613,9.6674,0.0086,-0.0184,9.8066,0.0193,-0.168,0.0256,0.56,-31.87,3.25,151.07,-81.03,-177.13
52.414337,-1.552078,163.56,3.93,3,297.33,21 / 21,2171429,2019-09-06 18:52:18:111,-1.2906,0.7841,10.5017,0.0094,-0.0049,9.8066,-0.0293,-0.0666,0.0146,0,-31.56,3.56,167.2,-81.11,-176.74
52.414337,-1.552078,163.56,3.93,3,297.33,21 / 21,2171529,2019-09-06 18:52:18:211,0.8668,1.4883,10.4802,0.0127,-0.018,9.8065,0.0717,-0.1331,0.0868,0,-32.12,2.88,173.47,-81.23,-175.8
52.414337,-1.552078,163.56,3.93,3,297.33,21 / 21,2171629,2019-09-06 18:52:18:311,0.9942,1.1562,9.987,0.0036,0.0325,9.8065,-0.091,-0.102,0.0458,-0.19,-31.81,2.13,176.6,-81.03,-174.85
52.414337,-1.552078,163.56,3.93,3,297.33,21 / 21,2171729,2019-09-06 18:52:18:411,1.2441,0.1257,9.573,-0.0202,0.051,9.8064,-0.094,-0.1773,0.0699,-0.62,-31.12,1.56,196.37,-80.9,-175.46
52.414337,-1.552078,163.56,3.93,3,297.33,21 / 21,2171828,2019-09-06 18:52:18:510,1.0296,0.2533,10.0989,-0.0191,-0.0398,9.8065,0.0412,-0.0683,0.0191,-0.75,-31.81,2.13,195.27,-80.82,-175.36
52.414337,-1.552078,163.56,3.93,3,297.33,21 / 21,2171928,2019-09-06 18:52:18:610,-0.2309,-0.6136,9.8796,-0.0007,-0.0359,9.8065,0.0303,-0.0535,0.0038,-0.19,-30.56,1.75,177.42,-81.06,-176.33
52.414337,-1.552078,163.56,3.93,3,297.33,21 / 21,2172029,2019-09-06 18:52:18:711,-0.1774,1.6814,9.7582,-0.0002,0.0205,9.8066,0.0217,-0.0833,0.002,-0.87,-29.56,1.06,194.17,-80.82,-176.99
52.414337,-1.552078,163.56,3.93,3,297.33,21 / 21,2172128,2019-09-06 18:52:18:810,-0.4411,0.3545,10.003,0.0068,0.0113,9.8065,0.0289,-0.0133,0.02,-1.06,-29.19,2.25,198.74,-80.85,-176.47
52.414337,-1.552078,163.56,3.93,3,297.33,21 / 21,2172228,2019-09-06 18:52:18:910,0.0664,0.9486,10.1124,0.0091,-0.0012,9.8066,-0.0404,-0.0387,0.0326,-0.5,-28.06,1.69,176.5,-80.93,-175.71
52.414337,-1.552078,163.56,3.93,3,297.33,21 / 21,2172329,2019-09-06 18:52:19:011,0.0273,0.1098,10.3327,0.0056,-0.0025,9.8065,-0.0918,-0.0079,0.0309,-0.87,-28.25,2.75,208.45,-80.98,-174.97
52.414337,-1.552078,163.56,3.93,3,297.33,21 / 21,2172429,2019-09-06 18:52:19:111,0.069,1.1728,10.1489,0.0141,-0.0025,9.8066,0.0405,-0.0505,0.0177,-2.12,-27.25,3.19,238.31,-81.07,-174.62
52.414337,-1.552078,163.56,3.93,3,297.33,21 / 21,2172529,2019-09-06 18:52:19:211,0.8409,0.0141,9.6513,-0.012,-0.0077,9.8066,0.0162,0.0016,-0.0213,-2.25,-27.25,4.56,302.66,-81,-173.45
52.414337,-1.552078,163.56,3.93,3,297.33,21 / 21,2172630,2019-09-06 18:52:19:312,1.5401,-0.7775,10.0901,0.0171,-0.013,9.8065,-0.0135,0.0346,0.0157,-2.5,-26.69,5.31,301.6,-80.87,-173.14
52.414337,-1.552078,163.56,3.93,3,297.33,21 / 21,2172730,2019-09-06 18:52:19:412,0.9184,-0.7893,10.2292,0.0076,-0.0163,9.8065,0.0217,-0.0102,0.0037,-2.37,-27.69,5.13,298.17,-80.9,-172.66
52.414337,-1.552078,163.56,3.93,3,297.33,21 / 21,2172828,2019-09-06 18:52:19:510,0.7786,0.4713,10.5179,0.0053,0.0023,9.8066,0.0221,-0.0413,0.0616,-1.12,-28,3.81,226.73,-80.84,-172.06
52.414337,-1.552078,163.56,3.93,3,297.33,21 / 21,2172930,2019-09-06 18:52:19:612,1.033,1.3487,10.0321,0.0012,-0.0116,9.8066,0.0359,0.0085,-0.0589,-1.5,-29.56,2.75,198.73,-80.9,-171.89
52.414337,-1.552078,163.56,3.93,3,297.33,21 / 21,2173029,2019-09-06 18:52:19:711,0.4735,1.65,10.1464,0.0014,0.0339,9.8065,-0.0618,-0.0084,0.0485,-1.81,-31,2.63,222.82,-80.91,-172.12
52.414337,-1.552078,163.56,3.93,3,297.33,21 / 21,2173129,2019-09-06 18:52:19:811,-0.7273,1.4496,10.1844,0.0206,0.0611,9.8063,-0.0316,0.0591,-0.0621,-1.19,-30.75,1.63,194.05,-80.61,-172.89
52.414337,-1.552078,163.56,3.93,3,297.33,21 / 21,2173228,2019-09-06 18:52:19:910,0.3629,-0.5845,9.65,-0.0143,-0.0303,9.8065,-0.0645,-0.0328,0.0301,-1.12,-31.69,1.69,194.22,-80.83,-173.49
52.414337,-1.552078,163.56,3.93,3,297.33,21 / 21,2173328,2019-09-06 18:52:20:010,-0.2126,0.9135,9.7425,-0.0013,-0.0088,9.8066,-0.0632,0.0472,-0.054,-0.19,-31.81,1.88,176.11,-80.74,-173.78
52.414337,-1.552078,163.56,3.93,3,297.33,21 / 21,2173429,2019-09-06 18:52:20:111,-0.4126,1.1956,9.9723,-0.0007,-0.018,9.8066,0.1377,-0.0364,-0.0151,-0.81,-31.62,2.25,195.25,-80.84,-175.19
52.414337,-1.552078,163.56,3.93,3,297.33,21 / 21,2173528,2019-09-06 18:52:20:210,-1.054,1.0758,10.461,0.0052,-0.0428,9.8065,0.0668,0.0583,-0.0877,-0.12,-31.62,1.88,176.75,-80.9,-174.96
52.414337,-1.552078,163.56,3.93,3,297.33,21 / 21,2173629,2019-09-06 18:52:20:311,-1.3927,-0.0324,10.2816,-0.0092,0.0331,9.8065,0.0019,0.0397,-0.0252,-0.06,-31.25,1.88,177.32,-80.99,-176.13
52.414337,-1.552078,163.56,3.93,3,297.33,21 / 21,2173729,2019-09-06 18:52:20:411,-1.2846,0.7096,9.1151,-0.014,0.0258,9.8065,-0.009,0.0481,-0.0438,0,-31.56,2.69,175.43,-80.74,-176.65
52.414337,-1.552078,163.56,3.93,3,297.33,21 / 21,2173829,2019-09-06 18:52:20:511,0.3006,0.4599,10.019,-0.0071,-0.0037,9.8066,-0.0093,-0.0036,0.0616,-0.06,-30.81,2.56,175.57,-80.88,-177.1
52.414337,-1.552078,163.56,3.93,3,297.33,21 / 21,2173929,2019-09-06 18:52:20:611,-0.2874,-0.225,9.807,0.0053,0,9.8066,-0.0845,0.0551,-0.0455,-0.87,-31.25,2.44,197.03,-80.88,-176.7
52.414337,-1.552078,163.56,3.93,3,297.33,21 / 21,2174028,2019-09-06 18:52:20:710,-0.3788,0.2109,9.94,-0.0108,-0.0166,9.8065,0.0609,0.0443,-0.0069,-1.44,-30.62,2.5,204.8,-80.98,-177.25
52.414337,-1.552078,163.56,3.93,3,297.33,21 / 21,2174128,2019-09-06 18:52:20:810,0.224,1.7176,9.4974,-0.0043,-0.0096,9.8066,0.0797,0.0332,-0.0248,-0.69,-30.81,2.81,204.83,-80.94,-177.51
52.414337,-1.552078,163.56,3.93,3,297.33,21 / 21,2174228,2019-09-06 18:52:20:910,0.1173,0.5834,9.4279,-0.0093,0.018,9.8066,-0.0818,0.0399,0.0119,-0.31,-31.31,3.06,176.04,-80.89,-177.42
52.414337,-1.552078,163.56,3.93,3,297.33,21 / 21,2174329,2019-09-06 18:52:21:011,-1.0357,0.0482,10.2889,-0.01,-0.0094,9.8066,0.0874,0.0315,0.0699,-0.37,-31.19,4.13,173.51,-80.89,-178.44
52.414337,-1.552078,163.56,3.93,3,297.33,21 / 22,2174428,2019-09-06 18:52:21:110,-0.6038,-0.3483,10.1467,0.0051,0.0158,9.8066,-0.0539,0.0289,-0.0765,0.69,-30.87,2.94,151.52,-80.8,-178.07
52.414337,-1.552078,163.56,3.93,3,297.33,21 / 22,2174529,2019-09-06 18:52:21:211,-1.1951,-0.1417,10.2876,-0.0096,0.0143,9.8066,-0.0106,0.0036,0.0132,0,-31.5,3,177.77,-80.78,-178.51
52.414337,-1.552078,163.56,3.93,3,297.33,21 / 22,2174629,2019-09-06 18:52:21:311,-0.3128,0.1324,9.7902,-0.0018,0.0025,9.8066,-0.0652,0.1303,-0.0054,0.19,-31.44,3.31,178.41,-80.84,-178.95
52.414337,-1.552078,163.56,3.93,3,297.33,21 / 22,2174729,2019-09-06 18:52:21:411,-0.1189,-0.0146,9.8524,0.0038,0.0024,9.8066,-0.0317,0.0812,0.0212,-0.12,-31.75,2.44,179.27,-80.86,-178.86
52.414337,-1.552078,163.56,3.93,3,297.33,21 / 22,2174828,2019-09-06 18:52:21:510,-0.7817,0.5151,9.9754,-0.002,-0.0094,9.8066,-0.0047,0.0776,-0.0305,-0.19,-31.56,3.5,175.1,-80.94,-178.66
52.414337,-1.552078,163.56,3.93,3,297.33,21 / 22,2174929,2019-09-06 18:52:21:611,-0.5232,-0.2058,10.1464,0.0037,0.0008,9.8066,-0.0046,0.0245,-0.0538,0.06,-31.44,3.44,177.64,-81,-178.51
52.414337,-1.552078,163.56,3.93,3,297.33,21 / 22,2175030,2019-09-06 18:52:21:712,-1.0982,0.4755,9.8766,-0.0036,0.011,9.8066,0.0102,0.0756,0.0815,1,-31.87,2.88,152.89,-80.94,-178.51
52.414337,-1.552078,163.56,3.93,3,297.33,21 / 22,2175129,2019-09-06 18:52:21:811,-0.6067,0.0893,10.0453,0.0102,0.0029,9.8065,0.1251,0.0796,0.0298,0.81,-30.81,3.88,128.28,-81.05,-177.76
52.414337,-1.552078,163.56,3.93,3,297.33,21 / 22,2175228,2019-09-06 18:52:21:910,0.6088,0.0046,10.1903,-0.037,0.0189,9.8065,-0.1541,-0.0175,-0.039,0.81,-31.12,3.81,126.57,-81.12,-177.12
52.414337,-1.552078,163.56,3.93,3,297.33,21 / 22,2175328,2019-09-06 18:52:22:010,-1.3385,-1.1715,9.7565,-0.0305,0.0022,9.8065,0.0502,0.0914,-0.0047,1.5,-29.62,3.81,111.53,-80.95,-177.8
52.414337,-1.552078,163.56,3.93,3,297.33,21 / 21,2175428,2019-09-06 18:52:22:110,-0.5352,-0.1556,9.6282,0.0036,0.0085,9.8066,-0.0612,-0.013,0.0248,2.06,-29.56,2.94,131.29,-80.9,-177.35
52.414337,-1.552078,163.56,3.93,3,297.33,21 / 21,2175529,2019-09-06 18:52:22:211,-1.3679,-0.2896,9.6884,-0.0008,-0.0004,9.8066,0.028,-0.0104,0.0082,2,-29.75,2.31,144.31,-80.81,-177.25
52.414337,-1.552078,163.56,3.93,3,297.33,21 / 21,2175629,2019-09-06 18:52:22:311,0.4437,0.2674,9.6145,0.0069,-0.007,9.8066,-0.0209,0.0087,-0.011,0,-30.44,1.31,179.29,-80.83,-177.32
52.414337,-1.552078,163.56,3.93,3,297.33,21 / 21,2175728,2019-09-06 18:52:22:410,-0.2098,-0.5149,9.3319,-0.0024,-0.0112,9.8066,-0.0261,0.0298,-0.0064,-0.56,-30.69,2.38,197.7,-80.94,-177.57
52.414337,-1.552078,163.56,3.93,3,297.33,21 / 21,2175828,2019-09-06 18:52:22:510,0.1385,-0.1468,9.8345,-0.0047,-0.0075,9.8066,-0.0365,0.0463,-0.0271,1.13,-31.5,3.44,150.13,-80.98,-177.87
52.414337,-1.552078,163.56,3.93,3,297.33,21 / 21,2175929,2019-09-06 18:52:22:611,-0.1597,-0.1487,9.8085,-0.0125,0.0145,9.8066,0.0573,0.0509,-0.0574,1.69,-31.12,4.13,113.92,-81.04,-178.18
52.414337,-1.552078,163.56,3.93,3,297.33,21 / 21,2176029,2019-09-06 18:52:22:711,-0.101,-1.0333,9.7247,-0.0073,-0.0011,9.8066,-0.0012,-0.0069,0.0348,2.13,-30.87,4.19,113.63,-81.05,-179.22
52.414337,-1.552078,163.56,3.93,3,297.33,21 / 21,2176129,2019-09-06 18:52:22:811,-0.8337,-1.966,10.316,0.0365,-0.0226,9.8065,0.1125,0.1628,-0.0701,1.69,-30.62,4.44,111.45,-81.22,-179.38
52.414337,-1.552078,163.56,3.93,3,297.33,21 / 21,2176228,2019-09-06 18:52:22:910,0.9896,-1.3207,9.8919,-0.0232,0.0109,9.8066,-0.1226,0.0773,0.0345,1.88,-30.81,3.5,110.61,-81.27,-179.65
52.414337,-1.552078,163.56,3.93,3,297.33,21 / 21,2176328,2019-09-06 18:52:23:010,0.0196,-1.5093,9.373,-0.0288,0.0121,9.8066,-0.066,0.0528,0.0106,1.31,-31.37,4.13,129.61,-81.07,-179.21
52.414337,-1.552078,163.56,3.93,3,297.33,21 / 22,2176428,2019-09-06 18:52:23:110,0.7301,-1.0744,9.4381,0.0156,-0.0028,9.8065,-0.0217,0.043,0.0203,1.31,-31.37,3.56,128.44,-81.06,-178.09
52.414337,-1.552078,163.56,3.93,3,297.33,21 / 22,2176529,2019-09-06 18:52:23:211,0.4196,-1.1208,9.7384,0.0034,0.0224,9.8065,0.0467,0.0284,0.0486,1.69,-31.87,4.06,118.25,-80.96,-176.96
52.414337,-1.552078,163.56,3.93,3,297.33,21 / 22,2176628,2019-09-06 18:52:23:310,0.4786,0.9096,10.4996,0.0151,0.0121,9.8066,0.064,0.09,0.0011,1.75,-31.5,4,115.43,-80.95,-174.91
52.414337,-1.552078,163.56,3.93,3,297.33,21 / 22,2176729,2019-09-06 18:52:23:411,0.7882,-1.0227,9.3258,-0.0109,0.0157,9.8066,-0.1131,0.0267,-0.0247,1.5,-31.37,4.06,115.87,-80.92,-174.58
52.414337,-1.552078,163.56,3.93,3,297.33,21 / 22,2176829,2019-09-06 18:52:23:511,1.439,-0.5264,9.4918,0.0116,0.0045,9.8065,-0.0824,-0.0279,0.0809,0.75,-32.12,3.63,131.03,-80.87,-173.34
52.414337,-1.552078,163.56,3.93,3,297.33,21 / 22,2176929,2019-09-06 18:52:23:611,1.3659,0.3858,9.9468,0.012,0.0131,9.8066,0.002,0.0995,-0.0049,0.5,-31.25,4.5,94.31,-80.96,-171.64
52.414337,-1.552078,163.56,3.93,3,297.33,21 / 22,2177028,2019-09-06 18:52:23:710,0.3659,-0.9926,9.9463,0.0088,0.0007,9.8066,-0.0191,-0.0151,0.0409,1.13,-31.37,3.38,144.95,-81,-171
52.414337,-1.552078,163.56,3.93,3,297.33,21 / 22,2177129,2019-09-06 18:52:23:811,0.5064,-1.5831,9.8705,-0.0027,0.0163,9.8066,-0.0621,0.0679,-0.0669,0.44,-31.25,4.13,146.33,-80.88,-170.22
52.414337,-1.552078,163.56,3.93,3,297.33,21 / 22,2177229,2019-09-06 18:52:23:911,0.7417,-0.4692,9.76,0.0085,-0.0013,9.8065,0.0582,0.0306,0.0233,0.69,-31.56,4.31,128.42,-80.91,-169.79
52.414337,-1.552078,163.56,3.93,3,297.33,21 / 22,2177329,2019-09-06 18:52:24:011,1.0196,-0.0897,9.739,0.0036,0.0057,9.8066,0.0048,0.0008,-0.0195,0.38,-31.56,4.69,105.08,-80.83,-169.66
52.414337,-1.552078,163.56,3.93,3,297.33,21 / 22,2177428,2019-09-06 18:52:24:110,0.4944,-1.0267,9.8781,-0.0077,-0.0046,9.8066,-0.0106,0.023,0.0326,1,-31.56,4.56,103.65,-80.77,-169.46
52.414337,-1.552078,163.56,3.93,3,297.33,21 / 22,2177529,2019-09-06 18:52:24:211,0.3448,-0.7259,10.2809,-0.0027,0.0092,9.8066,0.0557,0.0425,0.0153,1.5,-31.44,4.19,118.47,-80.75,-169.35
52.414337,-1.552078,163.56,3.93,3,297.33,21 / 22,2177628,2019-09-06 18:52:24:310,0.6301,-1.1494,9.722,0.0065,-0.0015,9.8066,-0.0598,0.0107,-0.009,1.31,-31.75,3.38,147.03,-80.79,-168.84
52.414337,-1.552078,163.56,3.93,3,297.33,21 / 22,2177729,2019-09-06 18:52:24:411,1.281,-1.1995,9.575,-0.0033,-0.0027,9.8066,-0.015,0.0393,-0.0189,1.81,-30.81,3.75,117.92,-80.83,-168.85
52.414337,-1.552078,163.56,3.93,3,297.33,21 / 22,2177828,2019-09-06 18:52:24:510,1.2745,-0.8494,9.6634,0.0004,0.0009,9.8066,-0.002,0.0187,0.0075,2.25,-31.25,3.75,117.82,-80.84,-168.73
52.414337,-1.552078,163.56,3.93,3,297.33,21 / 22,2177928,2019-09-06 18:52:24:610,1.3447,-0.7392,9.4434,-0.0076,0.0005,9.8066,-0.0163,0.0011,0.0207,1.88,-30.94,4.13,118.19,-80.8,-168.85
52.414337,-1.552078,163.56,3.93,3,297.33,21 / 22,2178029,2019-09-06 18:52:24:711,1.7427,0.0497,9.7448,0.0074,-0.0011,9.8066,0.0205,0.0419,-0.0137,1.56,-31.31,4.56,99.54,-80.81,-168.76
52.414337,-1.552078,163.56,3.93,3,297.33,21 / 22,2178129,2019-09-06 18:52:24:811,1.0605,-0.6918,10.0513,0.0147,-0.007,9.8066,0.0361,-0.0054,-0.0364,1.94,-31,5,98.42,-80.88,-169.35
52.414337,-1.552078,163.56,3.93,3,297.33,21 / 22,2178229,2019-09-06 18:52:24:911,1.5649,-0.1091,9.7898,-0.0066,-0.0105,9.8065,-0.0045,0.0292,0.0069,1.69,-31.5,4.94,97.97,-80.85,-170.29
52.414337,-1.552078,163.56,3.93,3,297.33,21 / 22,2178329,2019-09-06 18:52:25:011,1.1383,-1.0072,9.5791,-0.0148,0.0028,9.8066,-0.0269,0.0429,-0.0031,1.88,-30.94,4.38,117.72,-80.81,-170.47
52.414337,-1.552078,163.56,3.93,3,297.33,21 / 21,2178428,2019-09-06 18:52:25:110,1.3646,-0.0848,9.9732,0.0015,0.0014,9.8066,0.019,0.0111,-0.0131,1.94,-31.69,4.56,102,-80.76,-170.52
52.414337,-1.552078,163.56,3.93,3,297.33,21 / 21,2178529,2019-09-06 18:52:25:211,2.0626,-1.124,9.7127,-0.0035,-0.0091,9.8066,-0.0238,0.0191,0.0168,2.56,-31.06,5.25,98.77,-80.75,-170.94
52.414337,-1.552078,163.56,3.93,3,297.33,21 / 21,2178629,2019-09-06 18:52:25:311,1.9949,0.5341,9.7264,0.0012,0.0033,9.8066,-0.0322,0.0134,-0.0034,1.69,-31.19,5.75,78.66,-80.81,-170.93
52.414337,-1.552078,163.56,3.93,3,297.33,21 / 21,2178729,2019-09-06 18:52:25:411,2.051,1.1649,9.4901,-0.0038,-0.0031,9.8066,-0.0335,0.0069,-0.0199,1.13,-30.81,5.63,68.35,-80.87,-170.85
52.414337,-1.552078,163.56,3.93,3,297.33,21 / 21,2178829,2019-09-06 18:52:25:511,2.4724,0.9341,9.7254,-0.0025,0.0088,9.8066,0.001,0.0375,0.0126,0.94,-31,5.69,67.87,-80.97,-170.35
52.414337,-1.552078,163.56,3.93,3,297.33,21 / 21,2178929,2019-09-06 18:52:25:611,2.4114,-0.2875,10.3088,0.0082,0.0094,9.8066,-0.0005,0.0345,0.0069,0.5,-31.37,5,94.88,-81.01,-169.78
52.414337,-1.552078,163.56,3.93,3,297.33,21 / 21,2179028,2019-09-06 18:52:25:710,1.8403,-0.1995,9.8123,-0.0253,-0.0046,9.8066,0.0075,-0.0095,0.0434,0.38,-31.12,4.5,92.68,-80.9,-169.8
52.414337,-1.552078,163.56,3.93,3,297.33,21 / 21,2179129,2019-09-06 18:52:25:811,2.5151,0.0032,9.6074,-0.0242,0.0129,9.8066,-0.0535,0.0307,0.0019,1,-31.37,4.63,98.69,-80.81,-169.04
52.414337,-1.552078,163.56,3.93,3,297.33,21 / 21,2179229,2019-09-06 18:52:25:911,2.1786,-2.2873,9.8189,0.0146,-0.0046,9.8066,0.0546,0.0412,0.0024,0.44,-31.31,3.69,143.8,-80.81,-168.61
52.414337,-1.552078,163.56,3.93,3,297.33,21 / 21,2179330,2019-09-06 18:52:26:012,2.7348,-1.4239,9.8565,0.0028,0.0038,9.8066,-0.0021,0.0033,0.0284,0.75,-31.44,3.88,125.48,-80.82,-167.98
52.414818,-1.552739,158.57,6.86,3,311.77,21 / 21,2179428,2019-09-06 18:52:26:110,2.0598,-1.1706,9.6016,0.0123,0.0104,9.8066,-0.0027,0.0718,-0.0067,0.81,-31.75,4,128.73,-80.79,-167.22
52.414818,-1.552739,158.57,6.86,3,311.77,21 / 21,2179529,2019-09-06 18:52:26:211,2.7813,-1.1927,8.7462,0.0073,0.0053,9.8066,0.0393,-0.0129,-0.0017,1.5,-31.5,3.88,119.11,-80.76,-166.31
52.414818,-1.552739,158.57,6.86,3,311.77,21 / 21,2179628,2019-09-06 18:52:26:310,2.6185,-0.2828,9.0303,0.0271,-0.0174,9.8066,-0.0287,0.0002,-0.0562,1.75,-31,4.31,118.09,-80.89,-166.02
52.414818,-1.552739,158.57,6.86,3,311.77,21 / 21,2179728,2019-09-06 18:52:26:410,2.7264,-0.9767,10.3668,0.0317,-0.0183,9.8065,-0.0672,0.0744,-0.0909,1.88,-30.31,4.75,92.29,-81.34,-167.41
52.414818,-1.552739,158.57,6.86,3,311.77,21 / 21,2179829,2019-09-06 18:52:26:511,2.6861,0.2463,10.4346,0.008,-0.007,9.8065,0.055,0.0315,0.0085,1.25,-30.06,4.69,82.03,-81.54,-169.39
52.414818,-1.552739,158.57,6.86,3,311.77,21 / 21,2179928,2019-09-06 18:52:26:610,1.9864,-1.3048,10.1848,0.0048,-0.0081,9.8065,0.0387,0.0613,-0.0394,1.38,-29.19,4.25,108.17,-81.53,-169.68
52.414818,-1.552739,158.57,6.86,3,311.77,21 / 21,2180029,2019-09-06 18:52:26:711,1.6755,0.4807,9.3825,-0.0269,-0.0093,9.8066,0.0516,0.02,-0.022,0.56,-30,4.81,84.06,-81.36,-170.08
52.414818,-1.552739,158.57,6.86,3,311.77,21 / 21,2180129,2019-09-06 18:52:26:811,1.8909,0.0361,9.1169,-0.0125,-0.0203,9.8066,0.0926,0.0564,-0.0548,1.63,-29.37,5.88,68.71,-81.24,-171.03
52.414818,-1.552739,158.57,6.86,3,311.77,21 / 21,2180229,2019-09-06 18:52:26:911,0.6265,-0.0551,9.6225,-0.02,-0.0092,9.8066,-0.129,0.0789,-0.0076,1.31,-29.75,5.75,58.44,-81.22,-171.66
52.414818,-1.552739,158.57,6.86,3,311.77,21 / 21,2180328,2019-09-06 18:52:27:010,0.7666,0.9505,9.745,-0.0131,-0.0081,9.8065,-0.0577,0.0317,0.0257,1.56,-29.62,6.88,57.42,-81.21,-171.18
52.414818,-1.552739,158.57,6.86,3,311.77,21 / 22,2180429,2019-09-06 18:52:27:111,1.4375,0.4606,10.0453,0.0273,0.0183,9.8065,0.013,0.0294,-0.0075,1.94,-30.37,5.94,69.26,-81.56,-170.45
52.414818,-1.552739,158.57,6.86,3,311.77,21 / 22,2180528,2019-09-06 18:52:27:210,1.3911,0.7183,10.3566,0.0285,0.0161,9.8066,0.0224,-0.0094,0.0067,2.88,-30.37,5.69,75.98,-81.72,-169.84
52.414818,-1.552739,158.57,6.86,3,311.77,21 / 22,2180629,2019-09-06 18:52:27:311,0.5707,-0.5622,9.8378,-0.0069,-0.0005,9.8066,0.0106,0.0224,0.0212,3.19,-30.19,5.31,89.57,-81.76,-169.59
52.414818,-1.552739,158.57,6.86,3,311.77,21 / 22,2180729,2019-09-06 18:52:27:411,0.7618,-0.3929,9.5126,-0.014,0.0111,9.8066,-0.073,0.0081,0.0365,3.38,-30.69,5.31,93.01,-81.7,-168.7
52.414818,-1.552739,158.57,6.86,3,311.77,21 / 22,2180829,2019-09-06 18:52:27:511,0.883,0.5724,9.94,-0.0184,0.0032,9.8066,-0.0338,0.0382,0.007,4.19,-31.44,5.25,96.57,-81.58,-167.43
52.414818,-1.552739,158.57,6.86,3,311.77,21 / 22,2180928,2019-09-06 18:52:27:610,1.0878,-0.1161,9.5543,-0.0189,-0.0018,9.8066,0.0414,0.0224,0.0151,3.25,-31,4.75,95.6,-81.52,-167.37
52.414818,-1.552739,158.57,6.86,3,311.77,21 / 22,2181029,2019-09-06 18:52:27:711,0.6111,0.0219,9.4425,0.0033,0.0063,9.8065,0.0039,0.0011,0.0263,4.13,-31.12,5.13,97.75,-81.48,-166.76
52.414818,-1.552739,158.57,6.86,3,311.77,21 / 22,2181129,2019-09-06 18:52:27:811,0.7127,0.2283,9.6788,-0.0036,0.0017,9.8066,-0.011,0.0161,-0.006,4.06,-31.62,6.25,88.94,-81.47,-166.5
52.414818,-1.552739,158.57,6.86,3,311.77,21 / 22,2181228,2019-09-06 18:52:27:910,0.5873,0.1453,9.7357,0.015,0.0019,9.8066,-0.0269,-0.0002,0.0055,4.06,-31.56,5.81,88.65,-81.56,-166.25
52.414818,-1.552739,158.57,6.86,3,311.77,21 / 22,2181329,2019-09-06 18:52:28:011,0.9072,-0.068,9.9262,0.007,-0.0056,9.8065,-0.0208,0.0293,-0.013,4.13,-30.87,6.19,85.82,-81.72,-166.52
52.414818,-1.552739,158.57,6.86,3,311.77,22 / 22,2181429,2019-09-06 18:52:28:111,0.7612,0.1559,9.9251,0.0081,0.0071,9.8066,0.0627,0.0107,-0.0008,4,-30.87,7.13,75.58,-81.82,-166.64
52.414818,-1.552739,158.57,6.86,3,311.77,22 / 22,2181529,2019-09-06 18:52:28:211,1.1544,0.5209,10.0732,0.0047,0.0052,9.8066,0.0104,-0.0074,0.0018,3.88,-30.81,7.31,75.63,-81.84,-166.53
52.414818,-1.552739,158.57,6.86,3,311.77,22 / 22,2181628,2019-09-06 18:52:28:310,0.2987,0.9073,9.8965,-0.0067,0.0045,9.8066,0.0194,-0.0347,0.026,2.31,-31.37,6.94,63.44,-81.83,-165.82
52.414818,-1.552739,158.57,6.86,3,311.77,22 / 22,2181729,2019-09-06 18:52:28:411,0.4636,0.4321,9.7384,0.0003,-0.0061,9.8066,0.0092,-0.009,0.0023,2.94,-31.5,6.94,71.01,-81.83,-165.89
52.414818,-1.552739,158.57,6.86,3,311.77,22 / 22,2181828,2019-09-06 18:52:28:510,0.5502,0.9004,9.7916,0.0143,-0.0015,9.8066,0.0103,0.012,-0.0303,2,-30.87,7.19,62.58,-81.86,-166.26
52.414818,-1.552739,158.57,6.86,3,311.77,22 / 22,2181929,2019-09-06 18:52:28:611,0.7331,0.2284,9.8144,0.0187,0.0011,9.8066,-0.0103,-0.0145,-0.016,2.38,-30.19,7.31,57.76,-82.01,-167.63
52.414818,-1.552739,158.57,6.86,3,311.77,22 / 22,2182029,2019-09-06 18:52:28:711,0.3518,0.28,9.9952,-0.0004,-0.0101,9.8066,0.0195,0.0168,-0.0157,2.38,-30.75,7.31,58.46,-81.99,-168.34
52.414818,-1.552739,158.57,6.86,3,311.77,22 / 22,2182128,2019-09-06 18:52:28:810,0.2689,-0.1321,9.8267,0.0069,-0.0002,9.8066,0.0725,0.034,0.0197,2,-31,6.5,57.03,-82.1,-168.77
52.414818,-1.552739,158.57,6.86,3,311.77,22 / 22,2182229,2019-09-06 18:52:28:911,0.2771,0.251,9.8401,-0.0085,0.0048,9.8066,-0.036,-0.0115,0.0162,1.69,-30.94,5.88,70.33,-82.11,-168.02
52.414818,-1.552739,158.57,6.86,3,311.77,22 / 22,2182329,2019-09-06 18:52:29:011,0.7567,0.3415,9.9403,0.0018,-0.001,9.8066,0.0072,0.0117,0.0009,1.94,-30.19,6.44,68.24,-82.17,-167.63
52.414818,-1.552739,158.57,6.86,3,311.77,21 / 22,2182429,2019-09-06 18:52:29:111,0.5655,0.1888,10.102,-0.0149,-0.0058,9.8066,-0.0265,0.0108,-0.0182,2.06,-30.25,6.44,67.64,-82.25,-167.6
52.414818,-1.552739,158.57,6.86,3,311.77,21 / 22,2182528,2019-09-06 18:52:29:210,0.3728,0.1013,9.9028,-0.0086,-0.0107,9.8066,-0.0339,-0.0153,-0.0218,1.38,-30.81,6.19,58.6,-82.18,-167.69
52.414818,-1.552739,158.57,6.86,3,311.77,21 / 22,2182629,2019-09-06 18:52:29:311,0.3869,-0.1718,9.8802,0.0119,0.0036,9.8065,-0.0311,0.0026,0.027,1.63,-30.37,6,66.6,-82.31,-167.98
52.414818,-1.552739,158.57,6.86,3,311.77,21 / 22,2182729,2019-09-06 18:52:29:411,0.3154,0.2565,9.5255,0.0009,0.001,9.8066,0.0787,0.0226,-0.0062,1.63,-29.87,6.13,66.29,-82.34,-168.01
52.414818,-1.552739,158.57,6.86,3,311.77,21 / 22,2182829,2019-09-06 18:52:29:511,0.4046,-0.0899,9.5152,0.019,0.0127,9.8065,0.0771,0.0152,-0.0028,1.19,-29.56,5.38,70.49,-82.5,-167.8
52.414818,-1.552739,158.57,6.86,3,311.77,21 / 22,2182929,2019-09-06 18:52:29:611,-0.0101,-0.0408,9.9017,0.019,0.0159,9.8066,0.0403,0.0128,0.0232,0.75,-29.06,5.25,67.69,-82.5,-167.57
52.414818,-1.552739,158.57,6.86,3,311.77,21 / 22,2183028,2019-09-06 18:52:29:710,-0.2346,-0.5956,10.1748,-0.0023,-0.0233,9.8066,-0.0141,0.007,0.0082,-0.56,-29.44,5.31,6.72,-82.56,-166.97
52.414818,-1.552739,158.57,6.86,3,311.77,21 / 22,2183129,2019-09-06 18:52:29:811,-0.0155,0.2246,9.6956,-0.003,-0.0172,9.8066,-0.0212,0.0053,-0.0088,-0.5,-29.19,6.88,28.18,-82.49,-166.87
52.414818,-1.552739,158.57,6.86,3,311.77,21 / 22,2183229,2019-09-06 18:52:29:911,0.0783,0.1523,9.7336,0.0066,0.0248,9.8065,0.0284,0.0186,0.0045,-0.25,-27.56,8.44,23.88,-82.7,-166.68
52.414818,-1.552739,158.57,6.86,3,311.77,21 / 22,2183329,2019-09-06 18:52:30:011,-0.4766,-0.1133,9.9751,0.0066,0.0232,9.8065,0.0056,-0.0142,0.0245,1.38,-26.81,8.88,31.05,-82.73,-166.74
52.414818,-1.552739,158.57,6.86,3,311.77,21 / 21,2183428,2019-09-06 18:52:30:110,-0.4436,-0.6737,10.2596,-0.0024,-0.0123,9.8066,-0.0037,0.0082,-0.0117,3.38,-26.19,9.19,46.08,-82.73,-167.11
52.414818,-1.552739,158.57,6.86,3,311.77,21 / 21,2183529,2019-09-06 18:52:30:211,-0.3085,-0.0629,10.0405,-0.011,-0.0118,9.8066,-0.0101,-0.0144,0.0189,4.94,-26.56,8.38,64.21,-82.77,-167.04
52.414818,-1.552739,158.57,6.86,3,311.77,21 / 21,2183629,2019-09-06 18:52:30:311,-0.5153,-0.0272,9.8279,0.0117,0.0082,9.8066,0.0134,-0.0213,0.0099,6.44,-26,7.75,67.96,-82.79,-166.79
52.414818,-1.552739,158.57,6.86,3,311.77,21 / 21,2183729,2019-09-06 18:52:30:411,-0.4131,0.4708,9.7826,0.0106,0.0073,9.8066,-0.0416,-0.028,0.0041,5.69,-25.75,6.31,80.66,-82.92,-166.46
52.414818,-1.552739,158.57,6.86,3,311.77,21 / 21,2183828,2019-09-06 18:52:30:510,-0.6583,0.1202,9.8443,0,-0.0058,9.8066,-0.0218,-0.047,0.0121,4.06,-26.69,6.25,73.6,-82.97,-166.47
52.414818,-1.552739,158.57,6.86,3,311.77,21 / 21,2183929,2019-09-06 18:52:30:611,-0.2924,0.3986,10.1408,-0.0055,-0.0079,9.8065,-0.0111,-0.0483,-0.0067,2.13,-27.56,5.44,72.68,-83.01,-166.72
52.414818,-1.552739,158.57,6.86,3,311.77,21 / 21,2184029,2019-09-06 18:52:30:711,0.2392,0.0228,9.864,0.0221,-0.0061,9.8065,0.0718,-0.035,-0.0325,1.81,-28.81,4.56,71.37,-83.14,-168.42
52.414818,-1.552739,158.57,6.86,3,311.77,21 / 21,2184128,2019-09-06 18:52:30:810,-0.8423,-0.5141,9.97,0.0196,-0.0014,9.8066,0.0739,-0.0338,-0.0068,0.56,-28.87,4.13,80.76,-83.19,-169.29
52.414818,-1.552739,158.57,6.86,3,311.77,21 / 21,2184229,2019-09-06 18:52:30:911,-0.3087,-0.7018,9.8339,-0.0042,-0.0109,9.8066,-0.0457,-0.007,-0.0144,-0.25,-29.44,4,55.52,-83.23,-169.71
52.414818,-1.552739,158.57,6.86,3,311.77,21 / 21,2184329,2019-09-06 18:52:31:011,0.446,0.0949,9.797,-0.0062,-0.0084,9.8065,-0.0412,0.009,0.0053,-0.87,-31.06,3.63,323.54,-83.22,-170.32
52.414818,-1.552739,158.57,6.86,3,311.77,21 / 22,2184429,2019-09-06 18:52:31:111,0.496,-0.5488,9.7119,-0.0033,0.0064,9.8066,0.0448,0.0268,-0.0371,-1.37,-30.81,4.56,352.94,-83.24,-170.65
52.414818,-1.552739,158.57,6.86,3,311.77,21 / 22,2184529,2019-09-06 18:52:31:211,0.5972,-0.3362,9.7708,0.0011,0.0097,9.8066,0.0001,0.0347,0.0083,-2.06,-31.12,5.81,337.2,-83.24,-171.28
52.414818,-1.552739,158.57,6.86,3,311.77,21 / 22,2184628,2019-09-06 18:52:31:310,1.658,-2.0597,10.3449,0.0006,0.0006,9.8065,0.0198,0.0063,0.0081,-1.75,-31.19,6.25,336.44,-83.26,-171.68
52.414818,-1.552739,158.57,6.86,3,311.77,21 / 22,2184728,2019-09-06 18:52:31:410,0.7248,-1.1734,9.5573,-0.0004,0.0006,9.8066,-0.0052,0.038,-0.0454,-1.5,-31.25,7.94,2.66,-83.28,-171.43
52.414818,-1.552739,158.57,6.86,3,311.77,21 / 22,2184829,2019-09-06 18:52:31:511,-0.6464,-1.8975,11.1709,-0.009,-0.0349,9.8066,-0.0606,0.0795,0.011,-0.31,-30.62,8.56,16.15,-83.21,-170.46
52.414818,-1.552739,158.57,6.86,3,311.77,21 / 22,2184928,2019-09-06 18:52:31:610,0.4255,-1.7753,9.7413,0.0088,-0.0229,9.8066,0.0014,0.0741,0.0006,0.25,-30.25,8.75,14.24,-83.34,-171.31
52.414818,-1.552739,158.57,6.86,3,311.77,21 / 22,2185029,2019-09-06 18:52:31:711,-0.181,-1.9788,9.5436,0.0069,0.0052,9.8066,0.0021,0.0486,-0.0264,1.44,-30.62,8.5,24.46,-83.35,-171.48
52.414818,-1.552739,158.57,6.86,3,311.77,21 / 22,2185128,2019-09-06 18:52:31:810,-0.672,-1.8351,9.6861,0.0127,0.0142,9.8066,0.0748,0.0383,0.0268,2.25,-30.69,7.94,37.39,-83.43,-172.01
52.414818,-1.552739,158.57,6.86,3,311.77,21 / 22,2185228,2019-09-06 18:52:31:910,0.605,-1.2966,9.4819,0.0009,-0.0088,9.8066,-0.0934,0.0487,0.0347,2.44,-30.69,8,37.47,-83.46,-171.88
52.414818,-1.552739,158.57,6.86,3,311.77,21 / 22,2185328,2019-09-06 18:52:32:010,0.247,-2.0835,8.9633,-0.0317,-0.025,9.8065,-0.2009,0.1661,-0.0576,3.38,-30.19,7.69,47.45,-83.17,-171.31
52.414818,-1.552739,158.57,6.86,3,311.77,21 / 21,2185429,2019-09-06 18:52:32:111,-0.7636,-0.1135,9.7461,0.0427,0.0645,9.8063,0.173,0.1143,-0.0835,3.5,-30.75,7.94,54.31,-83.56,-170.9
52.414818,-1.552739,158.57,6.86,3,311.77,21 / 21,2185528,2019-09-06 18:52:32:210,-1.6736,-2.1144,9.5894,0.0569,0.0374,9.8063,-0.09,0.126,0.0062,3.63,-29.75,8.5,46.22,-83.6,-172.16
52.414818,-1.552739,158.57,6.86,3,311.77,21 / 21,2185628,2019-09-06 18:52:32:310,-0.301,-1.5124,10.3089,-0.0316,-0.0196,9.8066,-0.04,0.0428,0.0149,3.81,-29,7.94,50.51,-83.59,-172.52
52.414818,-1.552739,158.57,6.86,3,311.77,21 / 21,2185729,2019-09-06 18:52:32:411,-1.6181,-0.5429,9.8971,-0.0188,-0.0105,9.8066,0.0043,0.0251,0.0584,4,-29.25,6.94,59.64,-83.41,-171.24
52.414818,-1.552739,158.57,6.86,3,311.77,21 / 21,2185829,2019-09-06 18:52:32:511,0.2853,-0.9122,9.823,0.0231,0.0302,9.8065,0.0026,0.0547,-0.0225,4.25,-27.94,6.25,66.89,-83.72,-170.04
52.414818,-1.552739,158.57,6.86,3,311.77,21 / 21,2185930,2019-09-06 18:52:32:612,-0.6703,-0.8301,9.9603,0.0358,0.022,9.8065,0.0088,-0.0043,-0.019,4,-29,6.31,68.06,-83.8,-169.62
52.414818,-1.552739,158.57,6.86,3,311.77,21 / 21,2186029,2019-09-06 18:52:32:711,-0.8689,-1.3586,9.6037,-0.0361,-0.0208,9.8065,-0.0011,0.0661,-0.0335,3.13,-29.31,5.19,74.17,-83.51,-169.87
52.414818,-1.552739,158.57,6.86,3,311.77,21 / 21,2186128,2019-09-06 18:52:32:810,-1.5313,-1.5244,9.294,-0.0234,-0.0202,9.8066,0.0454,0.0145,0.0406,3.06,-30.06,6,63.21,-83.52,-170.45
52.414818,-1.552739,158.57,6.86,3,311.77,21 / 21,2186229,2019-09-06 18:52:32:911,-0.9435,-0.6918,10.0574,-0.0012,0.0069,9.8066,-0.0401,0.0255,-0.0322,3.19,-30.87,6.56,56.86,-83.46,-169.46
52.414818,-1.552739,158.57,6.86,3,311.77,21 / 21,2186329,2019-09-06 18:52:33:011,-1.0363,-1.4131,10.3201,0.0089,0.0018,9.8066,0.0001,0.0263,0.0025,4.38,-31,7.19,63.36,-83.5,-169.54
52.414818,-1.552739,158.57,6.86,3,311.77,21 / 21,2186428,2019-09-06 18:52:33:110,-1.2586,-0.8526,10.502,0.0016,0.0075,9.8066,0.1226,-0.0164,0.0181,4.81,-31.69,8.31,63.52,-83.41,-169.13
52.414818,-1.552739,158.57,6.86,3,311.77,21 / 21,2186529,2019-09-06 18:52:33:211,-2.1549,-1.392,9.5013,0.0296,0.0025,9.8066,0.1476,0.0165,-0.0809,4.94,-31.37,8.25,61.8,-83.46,-169.74
52.414818,-1.552739,158.57,6.86,3,311.77,21 / 21,2186629,2019-09-06 18:52:33:311,-0.4466,-0.9057,10.469,0.0107,-0.0257,9.8065,-0.0478,-0.0009,-0.0147,4.88,-31.06,9.44,51.87,-83.4,-173.23
52.414818,-1.552739,158.57,6.86,3,311.77,21 / 21,2186729,2019-09-06 18:52:33:411,-0.5649,-1.8008,9.6561,0.0162,-0.0036,9.8066,-0.0315,0.0244,-0.0067,4.19,-31.37,9.25,43.18,-83.48,-175.16
52.414818,-1.552739,158.57,6.86,3,311.77,21 / 21,2186828,2019-09-06 18:52:33:510,-0.4348,-1.0011,9.6477,0.0155,0.0258,9.8065,0.1146,-0.0515,-0.0257,3.56,-30.37,10.06,38.23,-83.44,-175.13
52.414818,-1.552739,158.57,6.86,3,311.77,21 / 21,2186929,2019-09-06 18:52:33:611,-1.8283,-1.9296,9.8742,0.0129,0.0308,9.8065,0.0317,-0.0216,-0.1007,3.06,-30.06,9.56,31.84,-83.59,-174.78
52.414818,-1.552739,158.57,6.86,3,311.77,21 / 21,2187028,2019-09-06 18:52:33:710,-1.4339,-1.4255,9.2384,0.0393,-0.0025,9.8065,-0.0213,-0.028,0.0851,4.13,-29.25,9.19,36.67,-83.89,-178.27
52.414818,-1.552739,158.57,6.86,3,311.77,21 / 21,2187128,2019-09-06 18:52:33:810,-0.658,-0.9416,9.9796,0.0065,0.009,9.8066,-0.0591,0.0173,-0.0364,4.5,-29,8.25,47.04,-84.11,-178.5
52.414818,-1.552739,158.57,6.86,3,311.77,21 / 21,2187228,2019-09-06 18:52:33:910,-0.8152,-0.4927,10.5051,0.0068,0.0171,9.8066,-0.0561,0.0459,-0.0633,4.5,-28.94,7.25,53.52,-84.38,-177.59
52.414818,-1.552739,158.57,6.86,3,311.77,21 / 21,2187329,2019-09-06 18:52:34:011,-0.3529,-0.1522,10.2763,0.0011,-0.0067,9.8066,0.0479,0.0754,0.0658,4.31,-29.5,7.56,40.29,-84.31,-178.43
52.414818,-1.552739,158.57,6.86,3,311.77,21 / 21,2187429,2019-09-06 18:52:34:111,-0.3488,-1.6327,9.8717,-0.0059,-0.003,9.8066,0.0698,-0.0395,0.0234,4.38,-30.25,7.69,41.99,-84.03,-178.26
52.414818,-1.552739,158.57,6.86,3,311.77,21 / 21,2187528,2019-09-06 18:52:34:210,-0.3303,-1.1531,10.0138,-0.0153,0.0042,9.8066,-0.0151,0.0151,-0.1211,4.06,-30.69,8.88,40.13,-83.78,-176.72
52.414818,-1.552739,158.57,6.86,3,311.77,21 / 21,2187629,2019-09-06 18:52:34:311,-0.5633,-0.3088,10.775,-0.0057,-0.0032,9.8066,-0.0194,0.0406,-0.0083,3.75,-30.81,8.06,44.63,-83.79,-177.41
52.414818,-1.552739,158.57,6.86,3,311.77,21 / 21,2187728,2019-09-06 18:52:34:410,-0.9655,-0.9697,9.5841,0.0086,0.0201,9.8065,0.1273,-0.0054,0.088,4,-30.62,8.75,38.64,-83.96,-177.45
52.414818,-1.552739,158.57,6.86,3,311.77,21 / 21,2187828,2019-09-06 18:52:34:510,-1.5559,-0.5647,9.5553,-0.0114,-0.011,9.8066,-0.1714,0.0573,0.0111,4.06,-30.62,8.25,46.78,-83.8,-175.82
52.414818,-1.552739,158.57,6.86,3,311.77,21 / 21,2187929,2019-09-06 18:52:34:611,-0.0399,-0.0532,10.1019,-0.0211,-0.0123,9.8066,-0.0625,0.0586,0.0312,3.44,-30.62,8.38,39.8,-83.82,-175.44
52.414818,-1.552739,158.57,6.86,3,311.77,21 / 21,2188029,2019-09-06 18:52:34:711,-0.6255,0.694,9.9668,0.002,0.0066,9.8066,0.0276,0.017,-0.0086,3.88,-30.94,8.44,48.09,-83.89,-174.63
52.414818,-1.552739,158.57,6.86,3,311.77,21 / 21,2188128,2019-09-06 18:52:34:810,-0.1366,-0.6169,9.6617,0.0177,0.0236,9.8065,0.1033,0.0271,0.0334,4.06,-30.62,8.69,41.79,-84.03,-174.96
52.414818,-1.552739,158.57,6.86,3,311.77,21 / 21,2188229,2019-09-06 18:52:34:911,-0.203,-0.2018,10.1552,-0.0167,-0.0176,9.8066,-0.0334,0.0119,-0.0423,3.81,-30.25,9.19,43.08,-83.87,-173.91
52.414818,-1.552739,158.57,6.86,3,311.77,21 / 21,2188329,2019-09-06 18:52:35:011,0.2315,-1.1436,10.1403,-0.0057,-0.004,9.8066,-0.0748,-0.0215,0.0653,3.25,-30.37,8.75,35.93,-83.89,-174.06
52.415047,-1.553347,157.6,8.63,2,298.65,21 / 21,2188429,2019-09-06 18:52:35:111,-1.1532,-0.4467,10.3399,-0.0171,-0.0183,9.8066,-0.1152,0.0678,-0.0175,3.38,-30.75,8.69,36.46,-84.01,-173.84
52.415047,-1.553347,157.6,8.63,2,298.65,21 / 21,2188529,2019-09-06 18:52:35:211,-1.0716,-0.1715,9.5006,0.008,0.0053,9.8066,-0.0647,0.0115,0.0366,4.31,-30.69,8.75,43.38,-84.01,-173.8
52.415047,-1.553347,157.6,8.63,2,298.65,21 / 21,2188629,2019-09-06 18:52:35:311,-0.1557,-0.2888,9.5685,-0.0101,-0.0034,9.8065,-0.0577,0.024,-0.0239,4.31,-30.25,8,47.95,-84.02,-173.85
52.415047,-1.553347,157.6,8.63,2,298.65,21 / 21,2188729,2019-09-06 18:52:35:411,-0.5568,-0.8283,9.569,0.0152,0.0051,9.8066,0.0169,-0.0359,0.0637,4.63,-31.12,8,54.91,-84.08,-173.4
52.415047,-1.553347,157.6,8.63,2,298.65,21 / 21,2188828,2019-09-06 18:52:35:510,-1.1903,-0.1556,10.0968,0.0125,0.021,9.8066,0.0055,0.0089,-0.1014,4.13,-30.75,8.88,43.5,-84.14,-173.43
52.415047,-1.553347,157.6,8.63,2,298.65,21 / 21,2188928,2019-09-06 18:52:35:610,-1.4132,-1.0016,10.4705,0.0011,-0.0069,9.8066,0.1084,-0.008,0.0691,4.13,-31.94,8.31,49.62,-84.06,-173.54
52.415047,-1.553347,157.6,8.63,2,298.65,21 / 21,2189028,2019-09-06 18:52:35:710,-1.2184,-1.5264,9.6836,0.0076,-0.0041,9.8066,0.1692,-0.0361,0.0858,3.81,-31.25,8.44,47.81,-84.06,-174.37
52.415047,-1.553347,157.6,8.63,2,298.65,21 / 21,2189129,2019-09-06 18:52:35:811,0.3391,-0.5296,9.711,-0.0089,-0.0003,9.8066,-0.121,0.0045,-0.1287,4.31,-31.31,7.06,57.22,-83.89,-172.9
52.415047,-1.553347,157.6,8.63,2,298.65,21 / 21,2189229,2019-09-06 18:52:35:911,-0.6166,-0.7305,9.7025,0.0065,-0.0062,9.8066,-0.0325,-0.0153,0.0799,4.25,-31.62,8,49.63,-83.96,-173.83
52.415047,-1.553347,157.6,8.63,2,298.65,21 / 21,2189329,2019-09-06 18:52:36:011,-0.2669,-0.2274,9.5009,-0.0076,-0.0071,9.8066,-0.0137,0.027,0.0179,4.56,-30.75,7.44,61.61,-83.84,-174.06
52.415047,-1.553347,157.6,8.63,2,298.65,21 / 21,2189428,2019-09-06 18:52:36:110,-0.2956,0.5125,9.9891,-0.0309,-0.008,9.8065,-0.0954,0.0121,-0.0567,4.44,-31.12,8.13,50.98,-83.76,-172.84
52.415047,-1.553347,157.6,8.63,2,298.65,21 / 21,2189529,2019-09-06 18:52:36:211,0.285,-0.2587,9.8991,0.0178,0.002,9.8066,0.0997,0.0047,0.0337,5.31,-30.5,7.69,55.81,-83.83,-172.84
52.415047,-1.553347,157.6,8.63,2,298.65,21 / 21,2189628,2019-09-06 18:52:36:310,-0.3321,0.6325,10.5014,-0.0061,0.0138,9.8066,0.0933,-0.0458,0.0471,4.81,-30.06,8.06,56.16,-83.88,-172.42
52.415047,-1.553347,157.6,8.63,2,298.65,21 / 21,2189729,2019-09-06 18:52:36:411,-0.923,-0.3762,9.6726,0.006,-0.0091,9.8066,-0.0355,-0.0049,0.0709,4,-30.12,8.63,45.2,-83.82,-172.43
52.415047,-1.553347,157.6,8.63,2,298.65,21 / 21,2189828,2019-09-06 18:52:36:510,0.2789,1.3798,9.8111,-0.0214,-0.0146,9.8065,-0.0617,-0.0704,0.0423,4.5,-29.87,7.25,63.52,-83.71,-172.25
52.415047,-1.553347,157.6,8.63,2,298.65,21 / 21,2189928,2019-09-06 18:52:36:610,0.2852,-0.6636,9.8888,0.0072,-0.001,9.8065,0.0175,-0.0116,-0.0085,4.5,-29.94,7.44,64.69,-83.68,-171.39
52.415047,-1.553347,157.6,8.63,2,298.65,21 / 21,2190029,2019-09-06 18:52:36:711,0.2781,1.0972,10.1803,-0.0053,0.007,9.8066,0.0304,0.042,0.0199,4.44,-28.94,7.69,52.35,-83.62,-171.04
52.415047,-1.553347,157.6,8.63,2,298.65,21 / 21,2190129,2019-09-06 18:52:36:811,-0.2578,-0.122,9.8176,-0.0042,-0.0148,9.8065,-0.0826,-0.0021,-0.0173,4.38,-29.12,8.5,45.86,-83.72,-171.69
52.415047,-1.553347,157.6,8.63,2,298.65,21 / 21,2190229,2019-09-06 18:52:36:911,-0.674,-0.749,9.2963,0.0184,-0.0033,9.8066,0.0065,-0.0184,0.0075,3.81,-28.06,8.06,48.19,-83.76,-173.28
52.415047,-1.553347,157.6,8.63,2,298.65,21 / 21,2190329,2019-09-06 18:52:37:011,-0.0687,-0.1318,10.2269,0.0049,0.0102,9.8066,0.0261,-0.0138,-0.0774,3.06,-29.25,8.44,41.76,-83.85,-173.01
52.415047,-1.553347,157.6,8.63,2,298.65,21 / 22,2190429,2019-09-06 18:52:37:111,0.3372,-0.3071,9.9258,0.0243,0.0087,9.8066,0.0367,0.03,-0.0511,2.69,-29.94,8.31,40.62,-83.93,-174.13
52.415047,-1.553347,157.6,8.63,2,298.65,21 / 22,2190529,2019-09-06 18:52:37:211,0.8085,-0.8994,9.8808,-0.0002,-0.0038,9.8066,0.0131,-0.0231,0.0888,2.88,-30.12,8.25,39.21,-83.87,-175.24
52.415047,-1.553347,157.6,8.63,2,298.65,21 / 22,2190629,2019-09-06 18:52:37:311,0.1742,0.6279,9.9246,-0.0189,-0.0017,9.8066,-0.0158,-0.0111,-0.0282,3.06,-30.5,8.13,41.91,-83.79,-173.55
52.415047,-1.553347,157.6,8.63,2,298.65,21 / 22,2190729,2019-09-06 18:52:37:411,-0.093,0.4793,9.8564,0.0072,0.0018,9.8066,0.015,0.0234,0.0042,3.75,-30.5,7.75,49.77,-83.87,-172.88
52.415047,-1.553347,157.6,8.63,2,298.65,21 / 22,2190828,2019-09-06 18:52:37:510,0.1118,0.5985,10.0787,-0.0204,-0.0035,9.8066,-0.0244,-0.0137,0.061,2.69,-31.31,7.63,43.67,-83.9,-172.54
52.415047,-1.553347,157.6,8.63,2,298.65,21 / 22,2190929,2019-09-06 18:52:37:611,0.6416,1.2316,9.609,0.0103,0.0134,9.8066,-0.0371,-0.0177,-0.0299,2.19,-29.56,7.56,35.71,-83.98,-171.37
52.415047,-1.553347,157.6,8.63,2,298.65,21 / 22,2191028,2019-09-06 18:52:37:710,-0.6475,0.3292,9.6491,0.0074,0.0133,9.8066,0.0138,-0.0471,-0.0246,2.38,-29,8.5,30.75,-83.93,-171.73
52.415047,-1.553347,157.6,8.63,2,298.65,21 / 22,2191128,2019-09-06 18:52:37:810,0.2962,0.7703,10.0934,0.0016,-0.0106,9.8066,0.0331,-0.0126,0.0138,3.06,-28.75,10.31,33.91,-83.87,-172.49
52.415047,-1.553347,157.6,8.63,2,298.65,21 / 22,2191228,2019-09-06 18:52:37:910,0.826,0.7242,10.6787,-0.0021,-0.01,9.8066,-0.035,0.0536,0.0468,5,-28.31,9.94,44.77,-83.78,-173.01
52.415047,-1.553347,157.6,8.63,2,298.65,21 / 22,2191329,2019-09-06 18:52:38:011,0.4217,0.4041,9.8365,-0.0346,-0.0196,9.8065,-0.0776,0.0432,-0.0573,6.19,-29.37,8.88,54.01,-83.79,-173.47
52.415047,-1.553347,157.6,8.63,2,298.65,22 / 22,2191428,2019-09-06 18:52:38:110,-0.0842,0.7788,10.3671,-0.0071,0.0022,9.8065,0.0219,-0.0849,0.0227,6.25,-29.81,7.31,67.86,-83.58,-172.68
52.415047,-1.553347,157.6,8.63,2,298.65,22 / 22,2191529,2019-09-06 18:52:38:211,-0.7475,1.0496,9.9357,-0.017,-0.0198,9.8066,0.0276,-0.0814,0.1132,4.19,-29.94,6.31,66.48,-83.5,-173.08
52.415047,-1.553347,157.6,8.63,2,298.65,22 / 22,2191628,2019-09-06 18:52:38:310,1.5877,-0.2915,9.7166,-0.0151,-0.0167,9.8066,-0.0248,0.0385,-0.0851,3.19,-29.5,6.44,59.06,-83.46,-172.78
52.415047,-1.553347,157.6,8.63,2,298.65,22 / 22,2191729,2019-09-06 18:52:38:411,-0.0368,1.1617,9.8959,0.0064,0.0135,9.8066,-0.0597,0.0409,-0.0534,2.31,-30.81,7.69,35.26,-83.45,-173.33
52.415047,-1.553347,157.6,8.63,2,298.65,22 / 22,2191829,2019-09-06 18:52:38:511,-0.0733,0.8402,10.0279,-0.0106,-0.0132,9.8066,-0.0932,0.009,0.0264,3.38,-30.44,8.94,37.61,-83.26,-174.13
52.415047,-1.553347,157.6,8.63,2,298.65,22 / 22,2191929,2019-09-06 18:52:38:611,0.2601,0.2902,10.0198,0.0024,0.0193,9.8066,0.1322,0.0425,-0.0419,3,-31.37,8.38,44.48,-83.16,-173.96
52.415047,-1.553347,157.6,8.63,2,298.65,22 / 22,2192029,2019-09-06 18:52:38:711,0.7644,-0.3198,10.178,0.0293,0.0298,9.8065,-0.096,0.0462,-0.0115,3.75,-30.56,9.25,45.46,-83.37,-173.76
52.415047,-1.553347,157.6,8.63,2,298.65,22 / 22,2192128,2019-09-06 18:52:38:810,0.5902,0.7308,10.0243,-0.0122,-0.0291,9.8065,-0.0528,-0.0489,0.0229,4.25,-30.81,8.38,51.62,-83.31,-173.67
52.415047,-1.553347,157.6,8.63,2,298.65,22 / 22,2192229,2019-09-06 18:52:38:911,1.0987,0.0276,9.5099,-0.0277,-0.0202,9.8065,-0.0041,0.0135,-0.0017,4.13,-29.81,7.5,51.54,-83.27,-173.23
52.415047,-1.553347,157.6,8.63,2,298.65,22 / 22,2192329,2019-09-06 18:52:39:011,0.8412,0.2835,9.2632,0.0122,0.0171,9.8066,-0.0639,-0.0162,0.0327,3.44,-30.37,6.69,53.49,-83.13,-172.27
52.415047,-1.553347,157.6,8.63,2,298.65,21 / 22,2192428,2019-09-06 18:52:39:110,1.1197,-0.3844,9.9123,-0.0042,0.0104,9.8065,-0.0149,0.047,0.0033,2.13,-30.94,7,46.26,-83.18,-171.41
52.415047,-1.553347,157.6,8.63,2,298.65,21 / 22,2192529,2019-09-06 18:52:39:211,-0.3967,0.4079,10.0729,0.0059,0.0098,9.8066,0.0607,0.0129,-0.0303,1.44,-30.94,8.38,29.16,-83.21,-170.95
52.415047,-1.553347,157.6,8.63,2,298.65,21 / 22,2192628,2019-09-06 18:52:39:310,0.6443,0.4106,10.2489,-0.0031,0.0063,9.8066,0.0415,0.0183,0.0264,2.31,-31.44,9.06,34.71,-83.26,-171.02
52.415047,-1.553347,157.6,8.63,2,298.65,21 / 22,2192729,2019-09-06 18:52:39:411,1.5534,0.9632,9.4954,0.0101,-0.0018,9.8066,0.0484,0.0217,-0.033,2.75,-32.12,8.75,43.16,-83.32,-171.09
52.415047,-1.553347,157.6,8.63,2,298.65,21 / 22,2192828,2019-09-06 18:52:39:510,1.0871,-0.5103,9.6745,-0.008,0.0049,9.8065,-0.025,-0.0189,0.056,3,-31.5,9.19,43.35,-83.2,-170.73
52.415047,-1.553347,157.6,8.63,2,298.65,21 / 22,2192929,2019-09-06 18:52:39:611,0.6396,0.96,9.475,-0.0102,-0.0004,9.8065,0.0102,0.0354,0.0254,3.44,-31.56,9,45.51,-83.1,-169.99
52.415047,-1.553347,157.6,8.63,2,298.65,21 / 22,2193028,2019-09-06 18:52:39:710,0.5121,0.3895,9.8076,-0.0141,-0.0095,9.8066,0.0171,0.0167,0.0541,2.75,-31.56,8.63,46.84,-83.04,-169.23
52.415047,-1.553347,157.6,8.63,2,298.65,21 / 22,2193129,2019-09-06 18:52:39:811,1.726,0.8115,9.5492,0.0027,0.0291,9.8065,0.0249,0.0244,0.039,2.94,-31.06,8.94,48.81,-83.1,-167.08
52.415047,-1.553347,157.6,8.63,2,298.65,21 / 22,2193228,2019-09-06 18:52:39:910,0.349,0.7695,9.5167,0.0078,0.0472,9.8065,0.0688,0.0059,0.0509,2.25,-31.12,8.31,49.51,-83.15,-164.75
52.415047,-1.553347,157.6,8.63,2,298.65,21 / 22,2193329,2019-09-06 18:52:40:011,0.6092,1.5458,10.1098,-0.015,0.0018,9.8066,-0.0513,0.0327,0.0831,1,-30.19,8.38,42.7,-83.08,-162.41
52.415047,-1.553347,157.6,8.63,2,298.65,22 / 22,2193428,2019-09-06 18:52:40:110,1.0769,0.9365,9.4155,-0.0091,0.0261,9.8065,0.029,0.0198,0.1069,0.06,-30,10.19,30.76,-83.16,-159.97
52.415047,-1.553347,157.6,8.63,2,298.65,22 / 22,2193528,2019-09-06 18:52:40:210,0.6554,1.969,10.19,-0.0069,0.0403,9.8065,0.1017,0.0238,0.0364,0.88,-29.37,11.5,37.28,-83.02,-157.93
52.415047,-1.553347,157.6,8.63,2,298.65,22 / 22,2193629,2019-09-06 18:52:40:311,0.057,2.2874,10.4831,0.0074,0.0609,9.8064,0.2113,-0.0654,0.0251,3.31,-29.06,11.19,55.25,-83.19,-154.61
52.415047,-1.553347,157.6,8.63,2,298.65,22 / 22,2193729,2019-09-06 18:52:40:411,2.6405,1.8047,9.7801,-0.0097,-0.013,9.8066,0.1658,-0.1572,0.046,3.44,-29.5,10.06,59.78,-82.93,-154.38
52.415047,-1.553347,157.6,8.63,2,298.65,22 / 22,2193828,2019-09-06 18:52:40:510,0.9235,-0.0567,9.9676,0.0184,0.0111,9.8066,0.1488,0.0522,-0.0562,3.69,-30.12,9.94,66.07,-82.85,-154.49
52.415047,-1.553347,157.6,8.63,2,298.65,22 / 22,2193928,2019-09-06 18:52:40:610,1.1256,-0.2727,10.0507,0.0049,-0.0186,9.8065,0.0755,-0.0027,-0.0269,3.56,-30.81,8.94,68.51,-82.78,-157.37
52.415047,-1.553347,157.6,8.63,2,298.65,22 / 22,2194028,2019-09-06 18:52:40:710,-0.4332,-0.2971,9.1542,0.0098,-0.0061,9.8066,0.0537,-0.0099,0.0373,3.44,-31.75,8.63,62.43,-82.88,-158.06
52.415047,-1.553347,157.6,8.63,2,298.65,22 / 22,2194129,2019-09-06 18:52:40:811,0.1719,0.7498,9.6506,0.028,0.0427,9.8065,0.0503,0.0699,-0.0069,3,-31.31,8.44,68.6,-82.89,-156.99
52.415047,-1.553347,157.6,8.63,2,298.65,22 / 22,2194229,2019-09-06 18:52:40:911,0.9886,0.7267,9.5089,0.0201,0.04,9.8065,0.0417,0.0414,0.0245,3.19,-31.44,8.25,69.84,-83.31,-154.37
52.415047,-1.553347,157.6,8.63,2,298.65,22 / 22,2194328,2019-09-06 18:52:41:010,1.8012,1.5877,10.0843,0.0108,0.0222,9.8066,0.0461,-0.0361,0.0615,2.25,-31.87,7.94,66.6,-83.44,-151.73
52.415047,-1.553347,157.6,8.63,2,298.65,21 / 21,2194429,2019-09-06 18:52:41:111,1.1527,0.3749,9.143,-0.0171,0.0071,9.8066,-0.0415,0.1218,-0.0352,2.56,-31.44,8.13,73.46,-83.36,-151.06
52.415047,-1.553347,157.6,8.63,2,298.65,21 / 21,2194529,2019-09-06 18:52:41:211,2.8617,2.1557,9.1363,-0.0274,0.0127,9.8065,-0.049,0.2192,0.0079,2.38,-31.75,8.81,66.64,-83.06,-148.84
52.415047,-1.553347,157.6,8.63,2,298.65,21 / 21,2194629,2019-09-06 18:52:41:311,-0.7291,2.7752,10.6098,-0.0367,0.0136,9.8065,0.0275,-0.0543,0.0301,1.5,-32.06,8.81,69.09,-82.83,-147.62
52.415047,-1.553347,157.6,8.63,2,298.65,21 / 21,2194728,2019-09-06 18:52:41:410,-0.9694,0.0366,10.4432,-0.0465,-0.0433,9.8064,-0.2268,0.0057,-0.0046,2.31,-32.5,8.69,71.22,-82.4,-147.44
52.415047,-1.553347,157.6,8.63,2,298.65,21 / 21,2194828,2019-09-06 18:52:41:510,0.9795,2.8874,11.5172,-0.0399,-0.0379,9.8064,-0.0742,-0.0525,0.056,1.69,-32.19,9.19,71.95,-82.36,-147
52.415047,-1.553347,157.6,8.63,2,298.65,21 / 21,2194928,2019-09-06 18:52:41:610,2.5795,0.8757,8.6107,0.0231,0.0155,9.8066,0.2041,0.0531,-0.0379,1.69,-31.94,9.25,71.02,-82.31,-147.96
52.415047,-1.553347,157.6,8.63,2,298.65,21 / 21,2195029,2019-09-06 18:52:41:711,0.641,1.2402,10.6945,0.0153,0.0144,9.8066,0.1462,-0.0115,0.0332,1.75,-32.44,10,66.14,-82.23,-148.37
52.415047,-1.553347,157.6,8.63,2,298.65,21 / 21,2195129,2019-09-06 18:52:41:811,0.2184,2.9221,10.5393,-0.0085,-0.0263,9.8065,0.0396,-0.1162,0.0899,1.75,-32.94,9.25,70.43,-82.1,-150.16
52.415047,-1.553347,157.6,8.63,2,298.65,21 / 21,2195229,2019-09-06 18:52:41:911,0.7606,2.1379,10.0529,-0.0028,0.0328,9.8066,-0.2276,0.0378,-0.0665,2.25,-32.31,9.44,70.96,-82.12,-148.71
52.415047,-1.553347,157.6,8.63,2,298.65,21 / 21,2195328,2019-09-06 18:52:42:010,0.4407,1.5766,10.4958,-0.0239,-0.0134,9.8066,-0.0769,-0.0586,0.0726,1.94,-33,10,67.78,-82.44,-147.11
52.415047,-1.553347,157.6,8.63,2,298.65,21 / 21,2195429,2019-09-06 18:52:42:111,0.6224,0.7638,9.2097,0.0057,0.0228,9.8065,-0.2919,-0.0759,-0.0719,1.75,-32.56,8.88,74.96,-82.53,-144.62
52.415047,-1.553347,157.6,8.63,2,298.65,21 / 21,2195529,2019-09-06 18:52:42:211,0.3033,2.0735,9.544,-0.0099,-0.0179,9.8066,-0.0714,0.0475,0.0501,1.69,-32.06,8.88,74.55,-82.85,-142.88
52.415047,-1.553347,157.6,8.63,2,298.65,21 / 21,2195629,2019-09-06 18:52:42:311,0.407,2.9248,9.9258,-0.0309,-0.0368,9.8065,-0.2036,-0.1253,0.0212,1.69,-32.31,9.25,74.13,-82.95,-142.9
52.415047,-1.553347,157.6,8.63,2,298.65,21 / 21,2195728,2019-09-06 18:52:42:410,1.5047,1.9941,9.745,0.0191,0.012,9.8066,0.1621,-0.0914,-0.0187,1.75,-32.06,8.75,74.39,-83.03,-142.35
52.415047,-1.553347,157.6,8.63,2,298.65,21 / 21,2195829,2019-09-06 18:52:42:511,0.9996,1.3774,9.7788,0.0191,0.0167,9.8066,0.1448,-0.0002,0.0677,1.31,-31.62,8.56,66.33,-82.93,-143.81
52.415047,-1.553347,157.6,8.63,2,298.65,21 / 21,2195928,2019-09-06 18:52:42:610,0.7249,1.0577,9.5704,-0.0259,-0.0334,9.8065,-0.0203,-0.0134,-0.0287,1.5,-32.5,8.75,72.76,-82.64,-145.25
52.415047,-1.553347,157.6,8.63,2,298.65,21 / 21,2196029,2019-09-06 18:52:42:711,-0.1804,1.2,9.9497,-0.0039,-0.0221,9.8066,-0.0168,-0.0638,0.0048,1.13,-32.75,8.56,65.59,-82.41,-147.14
52.415047,-1.553347,157.6,8.63,2,298.65,21 / 21,2196128,2019-09-06 18:52:42:810,0.5492,1.9059,10.0121,0.0184,0.0006,9.8066,0.0428,-0.0257,-0.0091,0.81,-32.37,9.06,62.62,-82.5,-148.28
52.415047,-1.553347,157.6,8.63,2,298.65,21 / 21,2196228,2019-09-06 18:52:42:910,0.466,1.4105,9.4685,0.0166,0.0074,9.8065,0.0036,-0.0723,-0.0445,1.06,-32.37,8.75,60.98,-82.61,-149.16
52.415047,-1.553347,157.6,8.63,2,298.65,21 / 21,2196329,2019-09-06 18:52:43:011,1.6587,1.5205,9.9532,0.0037,0.0042,9.8066,0.0429,-0.0264,0.0427,1.75,-32.75,9.13,68.61,-82.71,-149.3
52.415047,-1.553347,157.6,8.63,2,298.65,21 / 22,2196429,2019-09-06 18:52:43:111,0.216,1.451,9.746,0.0094,0.013,9.8066,-0.0719,-0.011,-0.0218,1.31,-32.87,8.63,61.44,-82.8,-148.91
52.415047,-1.553347,157.6,8.63,2,298.65,21 / 22,2196528,2019-09-06 18:52:43:210,0.5355,0.7606,9.3888,0.0081,0.0095,9.8066,0.0033,-0.0249,0.0268,1.56,-31.94,8.13,73.65,-82.83,-148.4
52.415047,-1.553347,157.6,8.63,2,298.65,21 / 22,2196629,2019-09-06 18:52:43:311,1.4535,1.7376,10.0889,-0.0032,0.0026,9.8066,-0.0234,-0.0127,-0.015,0.81,-31.94,8.19,66.91,-82.96,-147.14
52.415047,-1.553347,157.6,8.63,2,298.65,21 / 22,2196729,2019-09-06 18:52:43:411,1.7258,1.8773,9.6311,0.0234,0.0052,9.8066,-0.0434,-0.0395,-0.0205,1.88,-32.12,8.31,72.66,-83.23,-147.54
52.415047,-1.553347,157.6,8.63,2,298.65,21 / 22,2196828,2019-09-06 18:52:43:510,2.3207,1.8446,9.2495,0.0096,0.0008,9.8066,0.0134,0.0168,-0.0021,1.88,-32.44,8.44,72.04,-83.34,-147.61
52.415047,-1.553347,157.6,8.63,2,298.65,21 / 22,2196928,2019-09-06 18:52:43:610,1.565,2.284,9.6228,-0.0042,0.0045,9.8066,-0.008,0.0036,-0.0178,1.63,-32.37,8.44,72.07,-83.41,-147.32
52.415047,-1.553347,157.6,8.63,2,298.65,21 / 22,2197028,2019-09-06 18:52:43:710,1.4746,2.8402,9.9831,0.0094,0.0107,9.8066,0.0037,-0.0086,0.0094,1.19,-32.5,8.25,64.41,-83.46,-147.08
52.415047,-1.553347,157.6,8.63,2,298.65,21 / 22,2197129,2019-09-06 18:52:43:811,1.6755,2.1166,10.0021,0.0073,-0.0012,9.8066,0.0184,-0.0219,-0.007,1.63,-32.19,8.38,71.84,-83.47,-147.26
52.415047,-1.553347,157.6,8.63,2,298.65,21 / 22,2197228,2019-09-06 18:52:43:910,1.8924,2.0318,9.8411,0.0074,0.0143,9.8065,0.016,-0.0146,-0.0108,1.56,-31.81,9.06,66.47,-83.6,-147.07
52.415047,-1.553347,157.6,8.63,2,298.65,21 / 22,2197328,2019-09-06 18:52:44:010,0.7653,2.0387,9.8013,-0.0024,-0.0077,9.8065,-0.0056,0.0184,0.045,1.88,-32.19,8.63,66.98,-83.57,-146.77
52.41534,-1.554392,156.86,2.59,2,295.6,21 / 22,2197429,2019-09-06 18:52:44:111,1.1698,2.0118,9.9532,-0.0047,-0.0057,9.8066,-0.0476,-0.0084,0.0072,1.88,-32.25,8.81,66.88,-83.66,-146.52
52.41534,-1.554392,156.86,2.59,2,295.6,21 / 22,2197529,2019-09-06 18:52:44:211,1.1173,2.2053,9.7449,0.0117,0.0066,9.8066,0.0046,-0.0184,-0.0177,1.75,-32.37,8.31,71.92,-83.71,-146.19
52.41534,-1.554392,156.86,2.59,2,295.6,21 / 22,2197628,2019-09-06 18:52:44:310,0.9511,1.1096,9.505,0.0091,0.0012,9.8066,0.0723,-0.0295,0.015,2.13,-32.69,8.44,72.01,-83.83,-146.42
52.41534,-1.554392,156.86,2.59,2,295.6,21 / 22,2197728,2019-09-06 18:52:44:410,0.7669,1.2098,9.7893,-0.0132,-0.0123,9.8066,-0.0314,0.0052,-0.007,1.88,-32.5,8,70.77,-83.89,-146.45
52.41534,-1.554392,156.86,2.59,2,295.6,21 / 22,2197829,2019-09-06 18:52:44:511,1.4485,2.0178,10.0513,-0.0002,-0.0068,9.8066,-0.0068,-0.0546,0.0164,1.63,-32.19,8,70.53,-83.87,-146.72
52.41534,-1.554392,156.86,2.59,2,295.6,21 / 22,2197928,2019-09-06 18:52:44:610,0.7916,1.8815,9.9039,0.0018,0.0035,9.8066,-0.0371,-0.0245,0.0255,1.5,-32.12,7.88,71.84,-83.87,-145.59
52.41534,-1.554392,156.86,2.59,2,295.6,21 / 22,2198029,2019-09-06 18:52:44:711,0.8959,1.2447,9.7569,-0.0017,0.001,9.8066,-0.0323,0.0112,0.0179,1.69,-31.69,8.44,71.98,-83.93,-145.23
52.41534,-1.554392,156.86,2.59,2,295.6,21 / 22,2198128,2019-09-06 18:52:44:810,0.6656,1.1013,9.6519,0.0053,0.0147,9.8066,0.032,-0.0199,-0.0038,1.25,-31.94,8.38,65.21,-84.01,-144.24
52.41534,-1.554392,156.86,2.59,2,295.6,21 / 22,2198228,2019-09-06 18:52:44:910,0.6417,1.0627,9.9578,0.0074,0.015,9.8066,0.0159,-0.0141,-0.0205,1.88,-32.31,8.81,68.57,-84.03,-143.81
52.41534,-1.554392,156.86,2.59,2,295.6,21 / 22,2198329,2019-09-06 18:52:45:011,0.5703,0.7867,9.9713,-0.0028,-0.0028,9.8066,0.0064,-0.0086,0.0199,1.63,-31.25,8.56,67.86,-84.05,-143.69
52.41534,-1.554392,156.86,2.59,2,295.6,21 / 21,2198429,2019-09-06 18:52:45:111,0.3636,0.6649,9.7964,-0.0028,-0.0013,9.8066,0.0066,-0.0004,-0.0015,1.81,-32.06,8.69,69.11,-84.05,-143.26
52.41534,-1.554392,156.86,2.59,2,295.6,21 / 21,2198529,2019-09-06 18:52:45:211,0.2517,0.5452,9.85,0.0035,0.0051,9.8066,0.014,-0.0053,0.0029,2.38,-31.56,9.25,69.53,-84.12,-142.65
52.41534,-1.554392,156.86,2.59,2,295.6,21 / 21,2198628,2019-09-06 18:52:45:310,0.3009,0.523,9.8691,0.0031,0.0064,9.8066,0.0171,-0.003,0.0111,1.69,-31.87,8.75,69.81,-84.17,-142.24
52.41534,-1.554392,156.86,2.59,2,295.6,21 / 21,2198728,2019-09-06 18:52:45:410,0.2142,0.4188,9.932,0.0016,0.0034,9.8066,0.0076,-0.0024,0.011,2.25,-32.06,8.75,70.22,-84.23,-141.67
52.41534,-1.554392,156.86,2.59,2,295.6,21 / 21,2198829,2019-09-06 18:52:45:511,0.2463,0.3962,9.8271,0.001,0.0052,9.8066,0.0031,-0.0137,-0.0039,1.75,-32.06,8.44,75.08,-84.27,-141.12
52.41534,-1.554392,156.86,2.59,2,295.6,21 / 21,2198929,2019-09-06 18:52:45:611,0.0521,0.2077,9.9809,0.0019,0.0063,9.8066,-0.0074,-0.0116,-0.0034,1.25,-32.12,8.5,64.37,-84.31,-140.58
52.41534,-1.554392,156.86,2.59,2,295.6,21 / 21,2199028,2019-09-06 18:52:45:710,-0.0251,-0.0994,10.0045,0.0019,0.008,9.8065,0.0014,-0.006,-0.0019,1.31,-31.87,8.63,65.18,-84.4,-139.58
52.41534,-1.554392,156.86,2.59,2,295.6,21 / 21,2199128,2019-09-06 18:52:45:810,-0.1978,-0.0939,9.8647,0.0013,0.0026,9.8066,0.0131,0.0102,0.014,1.63,-31.69,9,72.28,-84.46,-139.02
52.41534,-1.554392,156.86,2.59,2,295.6,21 / 21,2199229,2019-09-06 18:52:45:911,-0.2004,-0.2708,9.8623,0.0015,0.0012,9.8066,0.0116,0.0013,0.0087,2.06,-31.37,8.63,71.78,-84.49,-138.78
52.41534,-1.554392,156.86,2.59,2,295.6,21 / 21,2199329,2019-09-06 18:52:46:011,-0.0851,-0.1145,9.9669,0.0052,0.0084,9.8066,-0.0063,-0.0065,-0.0102,2,-31.56,8.75,72.75,-84.55,-138.27
52.41534,-1.554392,156.86,2.59,2,295.6,22 / 22,2199429,2019-09-06 18:52:46:111,0.1021,0.0114,10.063,0.0042,0.008,9.8066,-0.0089,-0.0129,-0.0209,2.06,-31.62,8.56,73.67,-84.67,-137.04
52.41534,-1.554392,156.86,2.59,2,295.6,22 / 22,2199529,2019-09-06 18:52:46:211,-0.3289,-0.3047,9.731,0.0047,0.0056,9.8066,0.0053,-0.0011,0.019,1.81,-31.81,8.06,78.13,-84.77,-136.28
52.41534,-1.554392,156.86,2.59,2,295.6,22 / 22,2199629,2019-09-06 18:52:46:311,-0.3985,-0.3407,9.8133,0.0031,0.0069,9.8066,0.02,0.0036,0.0146,1.5,-31.56,7.94,78.6,-84.84,-135.59
52.41534,-1.554392,156.86,2.59,2,295.6,22 / 22,2199728,2019-09-06 18:52:46:410,-0.2711,-0.2003,9.9,0.0019,0.0059,9.8066,-0.0035,-0.0053,-0.0098,1.88,-32,8.75,75.66,-84.9,-134.39
52.41534,-1.554392,156.86,2.59,2,295.6,22 / 22,2199828,2019-09-06 18:52:46:510,-0.2217,-0.3738,9.8286,0.0022,0.0022,9.8066,0.001,-0.0146,-0.0041,1.88,-31.69,8.56,75.96,-84.95,-133.94
52.41534,-1.554392,156.86,2.59,2,295.6,22 / 22,2199929,2019-09-06 18:52:46:611,-0.1328,-0.2192,9.814,0.0024,0.0069,9.8066,0.0034,0.0037,0.0022,1.5,-31.5,8.63,75.82,-85,-133.34
52.41534,-1.554392,156.86,2.59,2,295.6,22 / 22,2200029,2019-09-06 18:52:46:711,-0.1751,-0.2594,9.7822,0.003,0.0074,9.8066,-0.0005,-0.0186,-0.0022,1.63,-31.75,8.94,77.4,-85.08,-132.12
52.41534,-1.554392,156.86,2.59,2,295.6,22 / 22,2200129,2019-09-06 18:52:46:811,-0.1063,-0.1958,9.8041,0.0026,0.0084,9.8066,-0.0211,0.0031,-0.0042,1.56,-31.69,8.75,78.32,-85.16,-130.96
52.41534,-1.554392,156.86,2.59,2,295.6,22 / 22,2200229,2019-09-06 18:52:46:911,-0.3947,-0.5778,9.7241,0.0026,0.0071,9.8066,0.0098,-0.0058,0.0098,1.75,-31.81,8.88,78.94,-85.19,-130.29
52.41534,-1.554392,156.86,2.59,2,295.6,22 / 22,2200329,2019-09-06 18:52:47:011,-0.3114,-0.6103,9.8717,0.0027,0.0042,9.8065,0.0018,-0.0083,-0.0037,2.06,-31.25,8.38,82.56,-85.25,-129.56
52.41534,-1.554392,156.86,2.59,2,295.6,21 / 21,2200428,2019-09-06 18:52:47:110,-0.267,-0.706,9.805,0.0031,0.0054,9.8066,-0.0042,-0.0106,0.0013,1.44,-32.06,8.75,73.72,-85.3,-128.88
52.41534,-1.554392,156.86,2.59,2,295.6,21 / 21,2200529,2019-09-06 18:52:47:211,-0.3182,-0.6821,9.8158,0.0017,0.0072,9.8066,0.0154,-0.0257,0.0095,2.06,-31.94,8.25,84.58,-85.34,-127.82
52.41534,-1.554392,156.86,2.59,2,295.6,21 / 21,2200628,2019-09-06 18:52:47:310,-0.5137,-0.4973,9.7707,0.0039,0.0054,9.8066,-0.0087,-0.0014,-0.0001,2.38,-31.87,8.38,85.06,-85.37,-127.23
52.41534,-1.554392,156.86,2.59,2,295.6,21 / 21,2200728,2019-09-06 18:52:47:410,-0.4967,-0.6989,9.8171,0.0021,0.008,9.8066,0.0142,-0.0098,0.0087,1.81,-31.56,8.31,85.93,-85.41,-126.21
52.41534,-1.554392,156.86,2.59,2,295.6,21 / 21,2200829,2019-09-06 18:52:47:511,-0.5984,-0.8931,9.8323,0.0065,0.0086,9.8066,0.0135,-0.002,0.0039,1.63,-31.94,8.69,82.9,-85.46,-125.53
52.41534,-1.554392,156.86,2.59,2,295.6,21 / 21,2200929,2019-09-06 18:52:47:611,-0.4308,-0.9156,9.8123,0.0023,0.0014,9.8066,0.0099,-0.0003,-0.0079,2.25,-31.69,8.5,83.23,-85.46,-125.2
52.41534,-1.554392,156.86,2.59,2,295.6,21 / 21,2201028,2019-09-06 18:52:47:710,-0.6542,-1.1417,9.8596,0,0.0006,9.8066,-0.0026,-0.0076,-0.0051,1.88,-31.81,9.38,83.72,-85.49,-124.62
52.41534,-1.554392,156.86,2.59,2,295.6,21 / 21,2201129,2019-09-06 18:52:47:811,-0.5532,-0.9901,9.8242,-0.0007,0.0022,9.8066,0.0043,-0.03,0.019,2.19,-31.44,9.13,83.84,-85.51,-123.93
52.41534,-1.554392,156.86,2.59,2,295.6,21 / 21,2201228,2019-09-06 18:52:47:910,-0.8357,-1.2289,9.8144,0.0001,0.0017,9.8066,0.0052,-0.0141,0.0033,1.94,-31.75,9.31,84.69,-85.53,-123.53
52.41534,-1.554392,156.86,2.59,2,295.6,21 / 21,2201329,2019-09-06 18:52:48:011,-0.6409,-0.7822,9.8419,0.001,0.0034,9.8066,0.0153,-0.0019,0.0018,1.75,-31.06,9.38,84.63,-85.52,-123.11
52.41534,-1.554392,156.86,2.59,2,295.6,21 / 21,2201429,2019-09-06 18:52:48:111,-1.2631,-2.0247,9.8256,0.0002,0.0042,9.8066,0.0204,-0.0103,0.0146,2.13,-30.94,9.44,85.24,-85.52,-122.52
52.41534,-1.554392,156.86,2.59,2,295.6,21 / 21,2201529,2019-09-06 18:52:48:211,-1.5729,-2.5191,9.7572,0.0053,0.0093,9.8066,-0.0131,-0.0315,-0.0016,2.13,-30.56,9.94,82.72,-85.51,-122.3
52.41534,-1.554392,156.86,2.59,2,295.6,21 / 21,2201629,2019-09-06 18:52:48:311,-1.4291,-2.3535,9.7097,-0.0013,-0.0055,9.8066,0.022,-0.0223,-0.0041,1.88,-30.62,10.63,79.81,-85.5,-122.94
52.41534,-1.554392,156.86,2.59,2,295.6,21 / 21,2201729,2019-09-06 18:52:48:411,-0.7578,-1.5503,9.6698,0.0043,0.0022,9.8066,-0.0049,-0.0226,-0.0042,0.25,-30.06,10.31,69.71,-85.54,-123.01
52.41534,-1.554392,156.86,2.59,2,295.6,21 / 21,2201829,2019-09-06 18:52:48:511,-0.6572,-1.6318,9.7554,-0.0002,-0.0043,9.8066,0.0067,-0.0414,0.0046,-0.25,-30.56,9.31,71.52,-85.55,-123.26
52.41534,-1.554392,156.86,2.59,2,295.6,21 / 21,2201928,2019-09-06 18:52:48:610,-0.9144,-2.2568,9.8568,-0.0026,0.006,9.8066,-0.0186,-0.0899,0.0116,0.63,-31.06,7.88,81,-85.52,-123.45
52.41534,-1.554392,156.86,2.59,2,295.6,21 / 21,2202029,2019-09-06 18:52:48:711,-1.3868,-1.5371,10.0315,-0.0039,0.0066,9.8066,0.0155,-0.1091,0.0025,1.5,-31.81,8.06,89.48,-85.46,-122.52
52.41534,-1.554392,156.86,2.59,2,295.6,21 / 21,2202129,2019-09-06 18:52:48:811,-1.7304,-1.9704,9.9825,-0.0035,-0.0053,9.8066,0.0383,-0.1086,0.0089,1.56,-31.75,8,89.43,-85.37,-122.92
52.41534,-1.554392,156.86,2.59,2,295.6,21 / 21,2202229,2019-09-06 18:52:48:911,-2.2429,-1.7907,9.7978,-0.0051,-0.0188,9.8065,-0.0417,-0.0674,-0.044,1.44,-31.69,8.06,81.58,-85.36,-124.16
52.41534,-1.554392,156.86,2.59,2,295.6,21 / 21,2202329,2019-09-06 18:52:49:011,-1.3288,-2.1167,9.6072,-0.0004,-0.002,9.8066,-0.0036,-0.1302,0.0409,1.44,-31.69,8.06,80.91,-85.35,-124.83
52.41534,-1.554392,156.86,2.59,2,295.6,21 / 21,2202428,2019-09-06 18:52:49:110,-0.3548,-2.1406,9.1535,0.0056,-0.009,9.8066,-0.0117,-0.1576,-0.0015,1.69,-31.06,8.13,85.35,-85.41,-126.22
52.41534,-1.554392,156.86,2.59,2,295.6,21 / 21,2202529,2019-09-06 18:52:49:211,-2.2325,-1.6768,10.0735,-0.0104,0.0215,9.8066,0.0559,-0.1122,0.0207,1.88,-31.25,8.13,85.36,-85.27,-126.74
52.41534,-1.554392,156.86,2.59,2,295.6,21 / 21,2202629,2019-09-06 18:52:49:311,-1.6099,-2.3024,10.0827,0.0033,0.0249,9.8066,0.0423,-0.1487,0.0538,1.06,-31.56,7.69,81.67,-85.11,-125.12
52.41534,-1.554392,156.86,2.59,2,295.6,21 / 21,2202729,2019-09-06 18:52:49:411,-1.9816,-1.7731,9.6665,-0.0129,0.0094,9.8066,-0.0263,-0.1521,0.047,0.63,-31.81,7.63,83.17,-84.83,-124.87
52.41534,-1.554392,156.86,2.59,2,295.6,21 / 21,2202828,2019-09-06 18:52:49:510,-1.5191,-1.7296,9.7415,-0.0139,-0.0031,9.8066,-0.0134,-0.2151,0.0173,1.31,-31.87,7.13,88.36,-84.71,-124.55
52.41534,-1.554392,156.86,2.59,2,295.6,21 / 21,2202929,2019-09-06 18:52:49:611,-1.4964,-1.855,10.3725,-0.0144,-0.0153,9.8066,0.0643,-0.1935,-0.0077,1.38,-31.31,6.94,87.36,-84.7,-124.78
52.41534,-1.554392,156.86,2.59,2,295.6,21 / 21,2203029,2019-09-06 18:52:49:711,-0.9878,-0.7996,9.7611,0.0115,0.003,9.8066,0.0652,-0.1333,0.0226,1.31,-31.56,6.31,93.21,-84.75,-125.08
52.41534,-1.554392,156.86,2.59,2,295.6,21 / 21,2203129,2019-09-06 18:52:49:811,-1.7758,-2.4827,10.0309,-0.008,-0.0224,9.8066,0.034,-0.1537,0.0321,0.75,-31.12,6.75,87,-84.78,-124.74
52.41534,-1.554392,156.86,2.59,2,295.6,21 / 21,2203229,2019-09-06 18:52:49:911,-0.6455,-0.9375,9.5136,0.0008,-0.0129,9.8065,-0.0348,-0.1447,0.0214,1.63,-31.81,6.19,99.05,-84.83,-126.2
52.41534,-1.554392,156.86,2.59,2,295.6,21 / 21,2203328,2019-09-06 18:52:50:010,-0.4528,-0.8171,9.964,0.0071,0.0078,9.8066,-0.0812,-0.0898,-0.0114,1.69,-31.87,6.06,99.3,-84.87,-125.71
52.41534,-1.554392,156.86,2.59,2,295.6,21 / 21,2203428,2019-09-06 18:52:50:110,-0.7835,-1.3422,9.6804,0.0057,-0.0022,9.8066,0.0278,-0.0485,-0.0058,0.94,-31.87,5.94,91.17,-84.9,-126.29
52.41534,-1.554392,156.86,2.59,2,295.6,21 / 21,2203528,2019-09-06 18:52:50:210,-1.247,-1.5378,9.8492,-0.008,-0.0001,9.8066,0.0467,-0.0955,0.0264,1.94,-31.12,6,98.21,-84.79,-126.45
52.41534,-1.554392,156.86,2.59,2,295.6,21 / 21,2203629,2019-09-06 18:52:50:311,-0.5184,-1.6395,10.2407,0.0056,-0.0039,9.8066,-0.028,-0.0262,-0.0338,1.44,-31.62,6.5,85.72,-84.87,-126.35
52.41534,-1.554392,156.86,2.59,2,295.6,21 / 21,2203729,2019-09-06 18:52:50:411,-0.6419,-0.7495,9.9986,-0.0094,-0.0162,9.8065,0.0137,-0.0328,0.0027,1.19,-31.87,5.25,97.79,-84.93,-126.94
52.41534,-1.554392,156.86,2.59,2,295.6,21 / 21,2203829,2019-09-06 18:52:50:511,-0.2308,-1.1853,9.1189,-0.0186,-0.0318,9.8065,-0.0073,0.0094,-0.0123,0.88,-31.19,5,94.08,-84.89,-130.05
52.41534,-1.554392,156.86,2.59,2,295.6,21 / 21,2203929,2019-09-06 18:52:50:611,-1.7004,-2.3584,9.63,0.0168,0.0114,9.8066,-0.0606,0.0004,-0.0014,0.88,-30.44,5.31,91.78,-84.97,-130.72
52.41534,-1.554392,156.86,2.59,2,295.6,21 / 21,2204028,2019-09-06 18:52:50:710,-1.5924,-1.2587,9.9805,0.0254,0.0145,9.8066,0.0828,0.0188,-0.0213,0.75,-31.31,5.31,91.72,-85.04,-131.41
52.41534,-1.554392,156.86,2.59,2,295.6,21 / 21,2204128,2019-09-06 18:52:50:810,-1.8359,-1.6227,10.1184,-0.0125,-0.0264,9.8066,0.1345,-0.0138,-0.001,0.88,-31.56,4.31,102.75,-84.97,-133.05
52.41534,-1.554392,156.86,2.59,2,295.6,21 / 21,2204229,2019-09-06 18:52:50:911,-1.1348,-1.4006,9.8589,0.0024,-0.016,9.8066,-0.0543,-0.0128,-0.0308,0.44,-31.69,4.75,78.43,-85.11,-134.05
52.41534,-1.554392,156.86,2.59,2,295.6,21 / 21,2204329,2019-09-06 18:52:51:011,-0.698,-1.4405,9.7035,0.0152,-0.0166,9.8065,0.0131,0.0119,-0.0565,0.19,-31.12,4.88,74.61,-85.31,-134.81
52.41534,-1.554392,156.86,2.59,2,295.6,21 / 21,2204429,2019-09-06 18:52:51:111,-0.5185,-1.9501,9.822,0.0174,-0.0206,9.8065,-0.0027,0.0467,-0.0589,0.63,-31.06,5.5,72.49,-85.62,-138.88
52.41534,-1.554392,156.86,2.59,2,295.6,21 / 21,2204528,2019-09-06 18:52:51:210,0.4583,-1.5143,9.8138,0.0219,0.0062,9.8066,0.0003,0.0624,-0.0217,0.56,-31.06,5.13,74.95,-85.86,-141.53
52.41534,-1.554392,156.86,2.59,2,295.6,21 / 21,2204629,2019-09-06 18:52:51:311,-0.8305,-2.8391,9.6353,0.0271,0.0066,9.8066,0.0054,0.0681,-0.0898,1.5,-30.87,5.63,74.28,-86.01,-143.42
52.41534,-1.554392,156.86,2.59,2,295.6,21 / 21,2204729,2019-09-06 18:52:51:411,0.0837,-2.1231,9.7083,-0.0066,-0.0362,9.8065,-0.0319,0.1026,-0.0351,1.63,-30.81,6.38,67.27,-86.1,-149.18
52.41534,-1.554392,156.86,2.59,2,295.6,21 / 21,2204829,2019-09-06 18:52:51:511,0.7512,-1.2264,9.7841,0.0086,-0.037,9.8065,-0.0845,0.1301,-0.0406,1.44,-31.12,6.06,53.04,-86.22,-152.07
52.41534,-1.554392,156.86,2.59,2,295.6,21 / 21,2204929,2019-09-06 18:52:51:611,0.8425,-1.1067,9.5875,0.0287,0.011,9.8065,-0.0969,0.1534,-0.063,1.81,-30.94,6.69,53.52,-86.36,-155.06
52.41534,-1.554392,156.86,2.59,2,295.6,21 / 21,2205028,2019-09-06 18:52:51:710,0.9189,-1.6221,9.6163,0.0199,0.0013,9.8066,-0.0104,0.1581,-0.0442,2.19,-30.06,6.94,46.31,-86.61,-159.86
52.41534,-1.554392,156.86,2.59,2,295.6,21 / 21,2205129,2019-09-06 18:52:51:811,0.9218,-1.3872,9.7192,0.0152,0.0038,9.8065,-0.0286,0.2001,-0.0354,1.69,-30.62,6.63,41.51,-86.72,-163.78
52.41534,-1.554392,156.86,2.59,2,295.6,21 / 21,2205229,2019-09-06 18:52:51:911,1.1592,-1.51,9.7645,0.0098,-0.0034,9.8066,0.0162,0.2089,-0.0329,1.75,-29.25,7.5,34.61,-86.68,-166.12
52.41534,-1.554392,156.86,2.59,2,295.6,21 / 21,2205330,2019-09-06 18:52:52:012,1.142,-1.2377,9.5306,0.0076,-0.0058,9.8066,0.0018,0.1914,-0.0498,2.88,-29.25,8.31,38.38,-86.68,-169.23
52.41534,-1.554392,156.86,2.59,2,295.6,22 / 22,2205428,2019-09-06 18:52:52:110,0.4679,-1.3611,10.0903,0.008,-0.007,9.8066,0.0426,0.2522,-0.0663,3.06,-29.69,8.56,33.1,-86.61,-171.24
52.41534,-1.554392,156.86,2.59,2,295.6,22 / 22,2205529,2019-09-06 18:52:52:211,0.9064,-1.1476,9.7026,0.0024,-0.0057,9.8066,-0.035,0.1895,0.0113,3.31,-29.37,8.81,30.67,-86.56,-173.19
52.41534,-1.554392,156.86,2.59,2,295.6,22 / 22,2205628,2019-09-06 18:52:52:310,1.2578,-1.4751,9.9353,-0.0014,-0.0006,9.8065,-0.0202,0.1975,-0.0163,3.75,-28.81,9.25,35.85,-86.45,-174.31
52.41534,-1.554392,156.86,2.59,2,295.6,22 / 22,2205729,2019-09-06 18:52:52:411,0.3467,-1.7775,9.8569,-0.0063,-0.0023,9.8066,0.03,0.195,0.008,4.13,-29.62,9.31,36.23,-86.36,-174.36
52.41534,-1.554392,156.86,2.59,2,295.6,22 / 22,2205829,2019-09-06 18:52:52:511,0.5126,-1.8604,9.8205,-0.0094,-0.0022,9.8066,-0.0047,0.154,0.0285,4.5,-30.25,9.06,43.14,-86.33,-173.32
52.41534,-1.554392,156.86,2.59,2,295.6,22 / 22,2205930,2019-09-06 18:52:52:612,0.7127,-0.5306,9.9947,-0.0112,0.0087,9.8066,0.0492,0.1474,0.0485,4.56,-29.31,9.75,42.27,-86.36,-170.72
52.41534,-1.554392,156.86,2.59,2,295.6,22 / 22,2206029,2019-09-06 18:52:52:711,0.0344,-1.5947,9.656,-0.021,0.0128,9.8066,0.0051,0.1358,0.0763,4.19,-30.75,9.69,42.93,-86.18,-166.45
52.41534,-1.554392,156.86,2.59,2,295.6,22 / 22,2206129,2019-09-06 18:52:52:811,0.1077,-0.426,10.069,-0.0104,0.0126,9.8066,-0.0164,0.1358,0.0297,4.25,-30.62,9.94,46.89,-86.05,-163.31
52.41534,-1.554392,156.86,2.59,2,295.6,22 / 22,2206228,2019-09-06 18:52:52:910,0.0113,-0.7846,9.8995,-0.0102,0.0092,9.8066,0.0721,0.0868,0.0294,3.81,-30.69,10.69,48.24,-85.95,-159.84
52.41534,-1.554392,156.86,2.59,2,295.6,22 / 22,2206329,2019-09-06 18:52:53:011,0.7668,-0.546,10.1129,-0.0314,-0.0003,9.8065,0.0354,0.107,0.067,3.69,-31.12,10.88,53.1,-85.68,-156.16
52.415432,-1.55465,156.9,6.05,2,290.25,22 / 22,2206428,2019-09-06 18:52:53:110,0.0245,-0.6188,9.8346,-0.0156,0.0131,9.8066,-0.006,0.0836,0.07,3.44,-31.37,10.69,50.2,-85.6,-154.38
52.415432,-1.55465,156.9,6.05,2,290.25,22 / 22,2206529,2019-09-06 18:52:53:211,-1.0443,-0.7038,9.5524,-0.0259,0.0065,9.8065,-0.001,0.0929,0.0757,3,-31.19,11.81,54.88,-85.3,-148.93
52.415432,-1.55465,156.9,6.05,2,290.25,22 / 22,2206628,2019-09-06 18:52:53:310,-0.4727,-0.8974,9.398,-0.032,-0.0149,9.8065,-0.0266,0.0538,0.0985,3.06,-31.87,10.31,64.34,-85.03,-146.33
52.415432,-1.55465,156.9,6.05,2,290.25,22 / 22,2206729,2019-09-06 18:52:53:411,-0.0788,-0.1593,10.012,-0.0459,-0.0282,9.8064,-0.0717,0.0468,-0.0148,3.19,-31.25,10.69,64.01,-84.77,-144.26
52.415432,-1.55465,156.9,6.05,2,290.25,22 / 22,2206828,2019-09-06 18:52:53:510,0.2591,0.5511,9.9617,-0.0103,0.0219,9.8066,0.0589,-0.0058,0.0984,3,-31.87,11.38,68.4,-84.76,-140.78
52.415432,-1.55465,156.9,6.05,2,290.25,22 / 22,2206929,2019-09-06 18:52:53:611,-0.2634,-0.4062,9.4072,-0.0004,0.038,9.8066,-0.1057,-0.0075,0.0616,1.5,-32.44,10.31,68.79,-84.7,-138.34
52.415432,-1.55465,156.9,6.05,2,290.25,22 / 22,2207028,2019-09-06 18:52:53:710,0.3717,-0.1534,9.4109,-0.0128,0.0007,9.8066,-0.1583,-0.044,0.0074,2.38,-31.56,11.06,69.11,-84.49,-136.22
52.415432,-1.55465,156.9,6.05,2,290.25,22 / 22,2207129,2019-09-06 18:52:53:811,-0.3812,0.5603,10.0691,-0.0199,-0.0058,9.8066,-0.1263,-0.0576,0.0202,2.5,-32.19,10.19,79.35,-84.37,-134.65
52.415432,-1.55465,156.9,6.05,2,290.25,22 / 22,2207229,2019-09-06 18:52:53:911,-1.7572,-0.0244,10.8851,-0.0269,-0.0009,9.8065,-0.0133,0.0064,0.0395,2.13,-31.56,9.94,76.29,-84.38,-132.54
52.415432,-1.55465,156.9,6.05,2,290.25,22 / 22,2207329,2019-09-06 18:52:54:011,0.0823,0.3049,9.3046,-0.011,-0.0114,9.8066,-0.0479,0.0152,0.0148,2.38,-31.06,9.63,76.98,-84.23,-131.81
52.415432,-1.55465,156.9,6.05,2,290.25,21 / 21,2207429,2019-09-06 18:52:54:111,0.2668,-0.1861,9.2472,0.0085,0.033,9.8065,0.0288,-0.0959,-0.0217,1.81,-32.62,9.88,80.33,-84.09,-130.32
52.415432,-1.55465,156.9,6.05,2,290.25,21 / 21,2207529,2019-09-06 18:52:54:211,0.6876,1.0815,9.2996,0.0158,0.027,9.8066,0.147,-0.1725,0.0786,1.25,-31.81,10,73.83,-84.02,-130.65
52.415432,-1.55465,156.9,6.05,2,290.25,21 / 21,2207628,2019-09-06 18:52:54:310,-1.2409,0.9086,9.6436,-0.0001,0.005,9.8066,0.0755,0.0127,-0.0487,1.94,-31.62,9.88,79.67,-83.8,-131.29
52.415432,-1.55465,156.9,6.05,2,290.25,21 / 21,2207729,2019-09-06 18:52:54:411,-0.8309,0.6113,10.2749,0.0019,0.0106,9.8066,-0.114,-0.007,-0.0674,1.5,-32.25,10.31,79.58,-83.84,-131.23
52.415432,-1.55465,156.9,6.05,2,290.25,21 / 21,2207828,2019-09-06 18:52:54:510,-0.7204,0.8653,10.2109,-0.0004,-0.0299,9.8065,-0.0926,-0.1025,0.0497,0.88,-32.25,9.44,75.97,-83.7,-132.67
52.415432,-1.55465,156.9,6.05,2,290.25,21 / 21,2207929,2019-09-06 18:52:54:611,1.4522,-0.3025,8.7245,-0.0006,-0.0101,9.8066,-0.1173,0.0274,-0.0041,1.88,-31.75,9.19,81.95,-83.75,-132.73
52.415432,-1.55465,156.9,6.05,2,290.25,21 / 21,2208028,2019-09-06 18:52:54:710,0.4499,-0.658,9.2745,0.0153,0.0259,9.8065,0.0716,0.0388,-0.0758,1.5,-32.12,9.5,78.33,-83.66,-133.01
52.415432,-1.55465,156.9,6.05,2,290.25,21 / 21,2208128,2019-09-06 18:52:54:810,-0.8121,0.4098,9.5125,0.0044,-0.009,9.8066,-0.0168,-0.1061,0.0786,1.63,-32,9.38,79.95,-83.61,-135.15
52.415432,-1.55465,156.9,6.05,2,290.25,21 / 21,2208229,2019-09-06 18:52:54:911,-1.1591,1.0609,9.9438,-0.0066,-0.009,9.8066,0.0641,-0.0738,-0.0746,1.38,-31.87,10.13,69.6,-83.53,-135.99
52.415432,-1.55465,156.9,6.05,2,290.25,21 / 21,2208329,2019-09-06 18:52:55:011,0.3525,-0.7938,9.5797,0.0011,-0.0118,9.8066,0.121,-0.1056,0.0561,1.31,-32.5,9.13,71.78,-83.54,-136.98
52.415432,-1.55465,156.9,6.05,2,290.25,22 / 22,2208429,2019-09-06 18:52:55:111,0.2505,0.9693,9.8687,-0.0144,-0.0735,9.8063,-0.117,-0.1481,-0.1002,1.38,-32.5,9.19,69,-83.5,-139.52
52.415432,-1.55465,156.9,6.05,2,290.25,22 / 22,2208528,2019-09-06 18:52:55:210,0.041,0.4103,9.0894,0.0271,0.0266,9.8065,-0.095,-0.0718,-0.0522,1.75,-32.25,10,69.11,-83.68,-141.24
52.415432,-1.55465,156.9,6.05,2,290.25,22 / 22,2208629,2019-09-06 18:52:55:311,-0.2324,-0.0713,9.6826,0.04,0.018,9.8065,0.1394,-0.0353,-0.0166,2.06,-32.62,9.44,71.17,-83.97,-142.43
52.415432,-1.55465,156.9,6.05,2,290.25,22 / 22,2208729,2019-09-06 18:52:55:411,-0.1111,-0.5921,9.9685,-0.0058,-0.0165,9.8066,0.0617,-0.0066,-0.0048,1.19,-31.69,9.06,63.03,-83.74,-143.64
52.415432,-1.55465,156.9,6.05,2,290.25,22 / 22,2208828,2019-09-06 18:52:55:510,1.0094,-1.2787,9.4843,-0.0268,-0.0158,9.8066,-0.0924,-0.1607,0.1295,1.94,-32.06,8.5,70.96,-83.64,-143.13
52.415432,-1.55465,156.9,6.05,2,290.25,22 / 22,2208929,2019-09-06 18:52:55:611,0.5068,0.4774,9.8832,0.0102,0.0193,9.8065,-0.0742,-0.0303,-0.0248,1.44,-32.37,8.88,65.57,-83.8,-141.35
52.415432,-1.55465,156.9,6.05,2,290.25,22 / 22,2209029,2019-09-06 18:52:55:711,0.6441,1.332,9.6709,-0.0039,-0.0231,9.8066,-0.0159,-0.0389,0.0363,1.38,-31.69,8.38,68.02,-83.77,-142.88
52.415432,-1.55465,156.9,6.05,2,290.25,22 / 22,2209128,2019-09-06 18:52:55:810,0.718,-0.2449,9.1796,0.0168,0.0087,9.8066,-0.0427,0.0022,-0.0256,2.25,-31.75,9.38,68.78,-83.9,-144.06
52.415432,-1.55465,156.9,6.05,2,290.25,22 / 22,2209228,2019-09-06 18:52:55:910,0.8815,-0.5738,9.1021,-0.0117,-0.0067,9.8066,0.0061,-0.0617,0.0243,2,-32.19,8.75,68.25,-83.85,-144.69
52.415432,-1.55465,156.9,6.05,2,290.25,22 / 22,2209329,2019-09-06 18:52:56:011,-0.3638,0.3832,9.3673,-0.007,0.0072,9.8066,-0.0531,-0.0474,-0.0212,1.94,-31.62,8.19,74.57,-83.76,-143.67
52.415432,-1.55465,156.9,6.05,2,290.25,22 / 22,2209428,2019-09-06 18:52:56:110,0.8019,0.6561,10.6259,-0.0361,-0.0193,9.8066,-0.0229,-0.0528,0.1023,1.88,-31.75,9,70.99,-83.61,-143.2
52.415432,-1.55465,156.9,6.05,2,290.25,22 / 22,2209529,2019-09-06 18:52:56:211,0.2123,0.3658,10.4757,0.0036,-0.0108,9.8066,0.0332,-0.0439,-0.0392,1.5,-31.87,8.06,74.44,-83.91,-143.17
52.415432,-1.55465,156.9,6.05,2,290.25,22 / 22,2209629,2019-09-06 18:52:56:311,0.8774,0.5331,9.2762,-0.0284,-0.0331,9.8065,-0.1803,-0.0292,0.0165,1.5,-31.62,8.19,73.98,-83.84,-143.88
52.415432,-1.55465,156.9,6.05,2,290.25,22 / 22,2209729,2019-09-06 18:52:56:411,0.2648,0.341,9.5437,0.022,0.0203,9.8066,-0.1402,0.0006,-0.0195,1.56,-32.12,8.31,73.01,-83.87,-144.59
52.415432,-1.55465,156.9,6.05,2,290.25,22 / 22,2209829,2019-09-06 18:52:56:511,0.0567,0.4682,9.8363,0.0066,0.0161,9.8065,0.069,0.0385,-0.0232,2.06,-32.44,8.88,68.01,-83.96,-144.52
52.415432,-1.55465,156.9,6.05,2,290.25,22 / 22,2209928,2019-09-06 18:52:56:610,-0.1162,0.7446,10.2333,-0.0246,-0.0222,9.8065,0.1159,-0.0234,0.0469,1.56,-31.94,8.56,67.76,-83.74,-145.51
52.415432,-1.55465,156.9,6.05,2,290.25,22 / 22,2210029,2019-09-06 18:52:56:711,-0.2317,-0.5737,10.3462,-0.0068,-0.0129,9.8065,-0.0464,-0.0192,0.0066,1.63,-31.37,9.44,66.94,-83.78,-145.4
52.415432,-1.55465,156.9,6.05,2,290.25,22 / 22,2210130,2019-09-06 18:52:56:812,0.8371,-0.4093,9.9535,-0.0042,0.0025,9.8066,-0.006,0.0535,-0.0672,2.19,-31.62,9.5,64.09,-83.79,-145.23
52.415432,-1.55465,156.9,6.05,2,290.25,22 / 22,2210229,2019-09-06 18:52:56:911,0.0669,0.3397,10.3738,-0.0167,-0.0192,9.8065,-0.0657,-0.0003,0.0198,2.13,-31.94,8.81,67.67,-83.74,-145.58
52.415432,-1.55465,156.9,6.05,2,290.25,22 / 22,2210328,2019-09-06 18:52:57:010,-0.2004,-0.2597,9.5614,-0.0008,-0.0168,9.8066,-0.063,0.0085,-0.0198,2.38,-31.75,8.44,71.69,-83.83,-145.92
52.415432,-1.55465,156.9,6.05,2,290.25,21 / 21,2210428,2019-09-06 18:52:57:110,0.5249,0.3032,9.8526,-0.0008,0.0005,9.8066,0.0287,0.0081,-0.0523,2.25,-32.06,8.31,71.87,-83.77,-145.99
52.415432,-1.55465,156.9,6.05,2,290.25,21 / 21,2210528,2019-09-06 18:52:57:210,0.2858,1.0214,9.8035,0.0252,0.0075,9.8066,0.0397,-0.049,0.0588,2.38,-32.12,7.94,70.44,-83.88,-146.75
52.415432,-1.55465,156.9,6.05,2,290.25,21 / 21,2210628,2019-09-06 18:52:57:310,0.6422,0.0789,9.454,-0.0183,-0.014,9.8066,-0.1196,0.0346,-0.0671,1.81,-31.87,8.63,66.9,-83.78,-146.08
52.415432,-1.55465,156.9,6.05,2,290.25,21 / 21,2210728,2019-09-06 18:52:57:410,0.242,1.2145,10.1478,-0.0181,-0.0301,9.8065,-0.0815,-0.0576,-0.0013,2.13,-31.37,8.38,70.29,-83.69,-146.87
52.415432,-1.55465,156.9,6.05,2,290.25,21 / 21,2210829,2019-09-06 18:52:57:511,-0.2443,0.1804,10.8209,0.0104,0.0255,9.8066,0.1583,-0.0109,0.0446,1.81,-32.25,8.88,67.04,-83.86,-145.69
52.415432,-1.55465,156.9,6.05,2,290.25,21 / 21,2210928,2019-09-06 18:52:57:610,0.4034,0.3705,9.4765,0.0221,0.0292,9.8066,0.0237,0.0471,-0.0308,1.75,-31.62,8.63,67,-83.8,-145.95
52.415432,-1.55465,156.9,6.05,2,290.25,21 / 21,2211028,2019-09-06 18:52:57:710,0.3357,0.0816,9.9887,0.0034,0.0013,9.8066,0.0896,0.0101,-0.052,1.75,-31.81,8.88,66.5,-83.67,-146.81
52.415432,-1.55465,156.9,6.05,2,290.25,21 / 21,2211128,2019-09-06 18:52:57:810,-0.2077,0.7011,10.2921,0.0261,0.0021,9.8065,0.1609,-0.0481,0.0387,1.75,-31.87,9.13,64.56,-83.78,-148.06
52.415432,-1.55465,156.9,6.05,2,290.25,21 / 21,2211229,2019-09-06 18:52:57:911,0.7838,-1.1535,9.6036,-0.0034,-0.0333,9.8065,-0.0517,0.0826,-0.1049,2.5,-31.87,8.5,67.76,-83.53,-151.53
52.415432,-1.55465,156.9,6.05,2,290.25,21 / 21,2211330,2019-09-06 18:52:58:012,-0.2734,0.5044,9.9776,-0.0145,-0.0394,9.8065,0.0678,-0.0358,0.0283,2.44,-31.94,9.56,55.31,-83.53,-153.15
52.415432,-1.55465,156.9,6.05,2,290.25,22 / 22,2211428,2019-09-06 18:52:58:110,-0.2099,0.6303,9.4707,-0.0173,-0.0015,9.8066,0.0611,0.0066,-0.0019,2.81,-32,9.38,65.52,-83.57,-153.28
52.415432,-1.55465,156.9,6.05,2,290.25,22 / 22,2211529,2019-09-06 18:52:58:211,1.5108,-0.3265,9.7072,0.0085,0.0041,9.8066,0.0293,0.1382,-0.0263,2.31,-32,9.38,58.85,-83.55,-153.43
52.415432,-1.55465,156.9,6.05,2,290.25,22 / 22,2211629,2019-09-06 18:52:58:311,-0.093,-0.1005,10.2475,-0.0235,-0.0018,9.8066,-0.0875,0.0442,-0.0699,2.44,-32.06,8.94,58.28,-83.64,-153.59
52.415432,-1.55465,156.9,6.05,2,290.25,22 / 22,2211728,2019-09-06 18:52:58:410,-0.2032,0.3301,9.7086,0.0176,-0.0055,9.8065,0.0024,-0.0262,-0.0111,2.69,-31.37,9.5,59.95,-83.75,-153.22
52.415432,-1.55465,156.9,6.05,2,290.25,22 / 22,2211828,2019-09-06 18:52:58:510,-0.3861,0.1959,9.4396,0.0091,0.0087,9.8066,-0.0524,0.0173,0.021,2.38,-32.06,9.06,57.58,-84.03,-152.89
52.415432,-1.55465,156.9,6.05,2,290.25,22 / 22,2211929,2019-09-06 18:52:58:611,0.109,0.6004,9.568,-0.0015,0.009,9.8066,-0.0039,-0.059,0.0181,3.13,-32.31,8.44,69.53,-84.18,-152.07
52.415432,-1.55465,156.9,6.05,2,290.25,22 / 22,2212028,2019-09-06 18:52:58:710,0.4849,0.0965,9.8044,0.0121,-0.0039,9.8066,-0.0337,-0.006,0.0046,3,-31.75,8.88,65.14,-84.17,-151.61
52.415432,-1.55465,156.9,6.05,2,290.25,22 / 22,2212128,2019-09-06 18:52:58:810,0.2105,0.7301,9.7739,-0.0135,0.0031,9.8066,-0.0394,0.0091,0.0729,2.75,-31.31,8.75,65.06,-84.18,-151.06
52.415432,-1.55465,156.9,6.05,2,290.25,22 / 22,2212229,2019-09-06 18:52:58:911,1.4797,0.4073,9.2358,0.018,0.0282,9.8066,0.0309,-0.0172,0.0042,2.63,-32.37,8.44,72.89,-84.02,-149.78
52.415432,-1.55465,156.9,6.05,2,290.25,22 / 22,2212329,2019-09-06 18:52:59:011,0.6031,0.6402,9.265,0.0121,0.0291,9.8065,0.0066,0.0735,0.0136,2.75,-31.69,8.81,69.97,-84.09,-147.71
52.415432,-1.55465,156.9,6.05,2,290.25,22 / 22,2212428,2019-09-06 18:52:59:110,0.4223,-0.1849,10.055,-0.0054,0.0008,9.8066,0.0722,0.0007,-0.0281,2.5,-31.81,8.56,69.94,-83.91,-148.34
52.415432,-1.55465,156.9,6.05,2,290.25,22 / 22,2212529,2019-09-06 18:52:59:211,-0.0755,0.7877,10.2636,0.0048,-0.0004,9.8066,0.0598,-0.0614,0.006,3.13,-31.75,8.63,69.78,-83.88,-148.59
52.415432,-1.55465,156.9,6.05,2,290.25,22 / 22,2212628,2019-09-06 18:52:59:310,1.1699,0.4805,9.9951,-0.009,-0.0018,9.8066,0.042,-0.0407,0.0802,2.56,-32.69,9.06,70.48,-83.96,-148.36
52.415432,-1.55465,156.9,6.05,2,290.25,22 / 22,2212728,2019-09-06 18:52:59:410,0.3222,0.1571,10.5736,-0.0194,-0.0069,9.8066,0.0004,0.0268,-0.0104,2.69,-31.62,8.06,76.44,-83.71,-147.87
52.415432,-1.55465,156.9,6.05,2,290.25,22 / 22,2212829,2019-09-06 18:52:59:511,0.0524,0.5758,9.8831,-0.0267,-0.0189,9.8065,-0.0686,0.0349,0.0022,2.56,-31.69,9.06,72.19,-83.53,-147.71
52.415432,-1.55465,156.9,6.05,2,290.25,22 / 22,2212928,2019-09-06 18:52:59:610,0.0585,0.1878,9.5078,-0.0106,-0.0185,9.8066,0.0086,0.0075,0.0054,2.81,-32,9.44,71.73,-83.56,-147.99
52.415432,-1.55465,156.9,6.05,2,290.25,22 / 22,2213028,2019-09-06 18:52:59:710,0.0674,-0.0246,9.482,-0.0094,-0.0083,9.8066,-0.0535,-0.0436,-0.0054,2.06,-32.25,9.38,66.1,-83.5,-147.73
52.415432,-1.55465,156.9,6.05,2,290.25,22 / 22,2213129,2019-09-06 18:52:59:811,0.9877,0.0102,9.8367,-0.001,-0.0079,9.8066,0.0093,0.0684,-0.0369,3,-32.06,8.69,72.06,-83.48,-147.97
52.415432,-1.55465,156.9,6.05,2,290.25,22 / 22,2213229,2019-09-06 18:52:59:911,0.6669,0.0414,10.1609,-0.023,0.0054,9.8066,-0.0062,0.0118,-0.0048,2.5,-32.44,8.38,76.67,-83.55,-148.31
52.415432,-1.55465,156.9,6.05,2,290.25,22 / 22,2213329,2019-09-06 18:53:00:011,0.6972,0.2541,9.5884,0.004,-0.0069,9.8066,-0.0629,-0.0011,-0.0291,2.31,-31.69,8.56,66.3,-83.37,-148.03
52.415432,-1.55465,156.9,6.05,2,290.25,21 / 22,2213429,2019-09-06 18:53:00:111,-0.0132,0.7615,10.1552,-0.0036,0.0074,9.8066,0.0393,0.0213,0.0005,2.31,-32.25,8.75,67.1,-83.33,-147.5
52.415432,-1.55465,156.9,6.05,2,290.25,21 / 22,2213528,2019-09-06 18:53:00:210,0.0683,0.131,9.8024,0.016,0.0022,9.8066,0.0056,-0.0254,0.0187,2.69,-32.69,8.38,78.59,-83.41,-147.95
52.415432,-1.55465,156.9,6.05,2,290.25,21 / 22,2213629,2019-09-06 18:53:00:311,0.4509,0.0807,9.3981,0.0023,0.0076,9.8066,-0.0003,0.0166,-0.0261,2.94,-32.12,8.75,72.29,-83.37,-148.16
52.415432,-1.55465,156.9,6.05,2,290.25,21 / 22,2213729,2019-09-06 18:53:00:411,-0.1005,-0.0688,9.4353,0.0059,0.0141,9.8066,-0.0204,0.0138,0.0146,2.31,-31.81,8.63,66.67,-83.45,-147.43
52.415432,-1.55465,156.9,6.05,2,290.25,21 / 22,2213828,2019-09-06 18:53:00:510,-0.2055,-0.5159,9.7018,-0.0199,-0.0008,9.8066,-0.0267,0.0093,0.0455,2.19,-31.75,9.06,68.23,-83.4,-146.32
52.415432,-1.55465,156.9,6.05,2,290.25,21 / 22,2213929,2019-09-06 18:53:00:611,-0.0111,0.1735,10.2677,-0.0128,0.0009,9.8066,-0.0059,0.0099,0.0035,2.38,-32,9.06,70.18,-83.35,-144.84
52.415432,-1.55465,156.9,6.05,2,290.25,21 / 22,2214029,2019-09-06 18:53:00:711,-0.3386,0.6004,10.5406,-0.0084,0.006,9.8066,0.01,-0.0217,0.0233,2.38,-32.5,8.19,76.41,-83.41,-143.54
52.415432,-1.55465,156.9,6.05,2,290.25,21 / 22,2214129,2019-09-06 18:53:00:811,-1.0157,-0.4411,9.7725,0.0118,0.0073,9.8065,0.0143,-0.013,-0.0127,1.75,-32.31,7.88,76.31,-83.42,-143.59
52.415432,-1.55465,156.9,6.05,2,290.25,21 / 22,2214228,2019-09-06 18:53:00:910,-1.3612,-1.4562,9.4766,-0.0032,-0.017,9.8065,0.0224,-0.0281,0.006,2.13,-31.62,8.38,75.17,-83.46,-144.42
52.415432,-1.55465,156.9,6.05,2,290.25,21 / 22,2214328,2019-09-06 18:53:01:010,-0.6059,-0.1569,9.7392,-0.0167,-0.0107,9.8066,0.0474,-0.0318,0.0013,3.38,-31.69,7.88,80.81,-83.34,-145.38
52.415432,-1.55465,156.9,6.05,2,290.25,21 / 21,2214430,2019-09-06 18:53:01:112,-0.966,-0.2228,9.9785,-0.0168,-0.0056,9.8066,0.0316,-0.0462,0.0129,4.5,-31.81,8.31,89.96,-83.2,-145.91
52.415432,-1.55465,156.9,6.05,2,290.25,21 / 21,2214529,2019-09-06 18:53:01:211,-1.5187,-0.4713,9.9019,-0.0179,-0.0118,9.8066,0.0792,-0.0913,0.05,3.31,-30.81,9.5,70.64,-83,-146.29
52.415432,-1.55465,156.9,6.05,2,290.25,21 / 21,2214629,2019-09-06 18:53:01:311,-1.5454,-1.1937,9.9648,-0.0077,0.0017,9.8066,-0.0442,-0.1043,0.0122,1.25,-30.62,10.25,58.92,-82.86,-146.27
52.415432,-1.55465,156.9,6.05,2,290.25,21 / 21,2214729,2019-09-06 18:53:01:411,-0.9942,-1.0768,10.1584,0.0048,0.0015,9.8066,0.0002,-0.1472,-0.0121,1.06,-31.31,9.38,62.49,-82.89,-146.25
52.415432,-1.55465,156.9,6.05,2,290.25,21 / 21,2214830,2019-09-06 18:53:01:512,-2.2643,-1.6462,10.553,0.0046,0.0129,9.8066,0.1877,-0.1846,0.0592,0.81,-32,8.63,62.43,-83.01,-146.64
52.415432,-1.55465,156.9,6.05,2,290.25,21 / 21,2214929,2019-09-06 18:53:01:611,-1.7516,-1.7883,9.2677,0.0261,0.0296,9.8065,-0.0607,-0.1815,0.0214,1.25,-32.25,7.06,74.24,-82.98,-146.44
52.415432,-1.55465,156.9,6.05,2,290.25,21 / 21,2215029,2019-09-06 18:53:01:711,-3.6585,-0.6054,10.266,-0.0313,-0.0215,9.8065,-0.1845,-0.1009,-0.0583,1.88,-31.44,7.19,81.12,-82.61,-147.97
52.415432,-1.55465,156.9,6.05,2,290.25,21 / 21,2215129,2019-09-06 18:53:01:811,-0.987,-0.8884,9.3812,-0.0294,-0.0473,9.8065,-0.1281,-0.1632,0.0319,0.94,-31.94,7.75,66.6,-82.56,-149.07
52.415432,-1.55465,156.9,6.05,2,290.25,21 / 21,2215228,2019-09-06 18:53:01:910,-0.6713,-0.0612,9.9802,0.0241,0.0207,9.8065,-0.0386,-0.1274,-0.0219,0.88,-32.06,7,73.59,-82.7,-148.4
52.415432,-1.55465,156.9,6.05,2,290.25,21 / 21,2215328,2019-09-06 18:53:02:010,-1.7361,0.6238,10.7961,-0.012,-0.0002,9.8066,0.0789,-0.2137,0.061,0.81,-32.56,6.81,75.07,-82.63,-148.81
52.415615,-1.555324,157.64,5.78,2,303.7,22 / 22,2215429,2019-09-06 18:53:02:111,-0.8133,-0.651,9.4925,-0.0116,-0.0126,9.8066,-0.0054,-0.1129,0.0256,1,-32.06,7.06,72.86,-82.68,-149.12
52.415615,-1.555324,157.64,5.78,2,303.7,22 / 22,2215528,2019-09-06 18:53:02:210,-0.6856,-0.7463,9.8767,-0.0059,-0.0081,9.8066,-0.0717,-0.0703,0.0309,0.63,-32.56,6.5,75.05,-82.49,-149.64
52.415615,-1.555324,157.64,5.78,2,303.7,22 / 22,2215629,2019-09-06 18:53:02:311,-0.2183,0.2576,10.2448,0.0428,0.0296,9.8064,0.275,-0.0574,0.0087,0.69,-32.31,6.19,83.06,-82.61,-149.06
52.415615,-1.555324,157.64,5.78,2,303.7,22 / 22,2215729,2019-09-06 18:53:02:411,-2.6738,-2.3567,11.0359,0.0846,0.0562,9.8061,-0.097,-0.0107,-0.0439,0.38,-31.75,6.63,62.03,-82.72,-149.17
52.415615,-1.555324,157.64,5.78,2,303.7,22 / 22,2215830,2019-09-06 18:53:02:512,-1.5861,-2.7439,10.4324,-0.0302,-0.051,9.8065,0.0715,-0.0097,-0.0679,0.94,-33,6.69,72.83,-82.35,-152.22
52.415615,-1.555324,157.64,5.78,2,303.7,22 / 22,2215929,2019-09-06 18:53:02:611,-1.5954,-2.2058,9.857,-0.012,-0.0337,9.8065,-0.0979,0.0601,-0.0393,0.44,-31.62,6.38,68.13,-82.41,-153.26
52.415615,-1.555324,157.64,5.78,2,303.7,22 / 22,2216029,2019-09-06 18:53:02:711,0.2311,-1.4376,9.6499,0.0137,-0.0002,9.8066,-0.1257,0.0053,-0.0201,0.25,-31.44,6.63,54.46,-82.53,-153.86
52.415615,-1.555324,157.64,5.78,2,303.7,22 / 22,2216128,2019-09-06 18:53:02:810,0.2303,-0.6138,9.3711,0.0122,0,9.8066,-0.1779,0.0542,-0.0804,-0.12,-31.94,5.94,62.68,-82.7,-154.81
52.415615,-1.555324,157.64,5.78,2,303.7,22 / 22,2216228,2019-09-06 18:53:02:910,-0.1505,-1.4598,10.113,0.0236,0.0307,9.8066,0.163,0.0534,-0.0484,-0.31,-30.5,6.56,48.69,-83,-154.71
52.415615,-1.555324,157.64,5.78,2,303.7,22 / 22,2216328,2019-09-06 18:53:03:010,-0.3432,-1.7278,10.4149,0.0293,0.0295,9.8065,0.1606,0.0713,-0.0416,0,-30.12,7.06,46.65,-83.16,-155.43
52.415615,-1.555324,157.64,5.78,2,303.7,21 / 21,2216428,2019-09-06 18:53:03:110,1.0674,-1.43,9.723,0.0017,-0.0471,9.8065,-0.016,0.1064,-0.0685,0.94,-30.56,6.94,55.88,-83.18,-158.09
52.415615,-1.555324,157.64,5.78,2,303.7,21 / 21,2216529,2019-09-06 18:53:03:211,1.3272,-0.8251,9.5496,0.0194,-0.0089,9.8065,-0.0975,0.1575,-0.0969,1.75,-29.69,6.88,60.67,-83.44,-159.81
52.415615,-1.555324,157.64,5.78,2,303.7,21 / 21,2216629,2019-09-06 18:53:03:311,0.6325,-1.6162,9.8329,0.0138,-0.0188,9.8065,-0.0553,0.1469,-0.0479,2.69,-30.81,7.44,64.83,-83.5,-163.28
52.415615,-1.555324,157.64,5.78,2,303.7,21 / 21,2216729,2019-09-06 18:53:03:411,0.0272,-1.2864,10.0432,0.0089,0.0005,9.8066,0.1474,0.1293,-0.0634,2.75,-30.56,8,55.72,-83.44,-165.14
52.415615,-1.555324,157.64,5.78,2,303.7,21 / 21,2216830,2019-09-06 18:53:03:512,0.5911,-2.1121,9.5542,0.0265,-0.0134,9.8066,0.0816,0.1868,-0.0341,3.38,-30.56,8.75,47.32,-83.36,-167.49
52.415615,-1.555324,157.64,5.78,2,303.7,21 / 21,2216928,2019-09-06 18:53:03:610,1.3097,-1.9497,9.3688,0.0206,-0.0006,9.8066,-0.062,0.1565,-0.0722,3.25,-31.31,8.44,51.74,-83.05,-169.27
52.415615,-1.555324,157.64,5.78,2,303.7,21 / 21,2217028,2019-09-06 18:53:03:710,0.0989,-0.5098,10.3516,0.0126,0.004,9.8066,0.0003,0.0577,-0.0469,3.44,-31.19,9.44,43.39,-83.11,-170.94
52.415615,-1.555324,157.64,5.78,2,303.7,21 / 21,2217129,2019-09-06 18:53:03:811,-0.1273,-0.8313,9.2036,0.0113,-0.0006,9.8066,-0.0552,0.0554,0.0868,3.19,-31.69,10,38.02,-83.03,-172.17
52.415615,-1.555324,157.64,5.78,2,303.7,21 / 21,2217228,2019-09-06 18:53:03:910,-1.3071,-0.8281,10.299,-0.0243,0.0014,9.8066,-0.0392,0.0737,0.0039,4.06,-31.44,9.63,46.11,-82.99,-170.64
52.415615,-1.555324,157.64,5.78,2,303.7,21 / 21,2217329,2019-09-06 18:53:04:011,-0.4488,-2.761,10.2056,-0.0106,-0.0187,9.8066,-0.0912,-0.0182,-0.0153,4.06,-31.87,9.56,46.6,-83.09,-170.53
52.415615,-1.555324,157.64,5.78,2,303.7,21 / 21,2217429,2019-09-06 18:53:04:111,0.7599,-1.5362,10.3258,0.0095,-0.0047,9.8066,0.0839,-0.0108,0.0826,4.56,-31.75,9.06,56.65,-83.38,-170.07
52.415615,-1.555324,157.64,5.78,2,303.7,21 / 21,2217528,2019-09-06 18:53:04:210,-1.0005,-0.1523,10.5272,-0.023,-0.0149,9.8066,-0.0081,0.0015,0.0414,4,-31.44,9.69,47.19,-83.48,-168.72
52.415615,-1.555324,157.64,5.78,2,303.7,21 / 21,2217629,2019-09-06 18:53:04:311,-1.3616,-1.1041,9.1491,-0.0255,-0.0121,9.8065,-0.0739,0.0019,-0.0134,4.06,-32,9.19,54.98,-83.21,-167.6
52.415615,-1.555324,157.64,5.78,2,303.7,21 / 21,2217729,2019-09-06 18:53:04:411,-1.3713,0.2291,9.2139,-0.0005,0.0013,9.8066,-0.0598,-0.0771,0.0699,3.56,-31.69,9.25,56.58,-83.15,-166.56
52.415615,-1.555324,157.64,5.78,2,303.7,21 / 21,2217829,2019-09-06 18:53:04:511,-0.416,0.1702,9.9541,-0.0109,-0.009,9.8065,-0.1846,-0.0491,-0.0495,3.56,-32.19,9.75,52.13,-83.11,-166.29
52.415615,-1.555324,157.64,5.78,2,303.7,21 / 21,2217929,2019-09-06 18:53:04:611,-0.1441,-0.555,10.0405,0.0277,0.0139,9.8066,0.1142,-0.0091,0.049,3.75,-31.94,8.56,55.57,-83.37,-166.67
52.415615,-1.555324,157.64,5.78,2,303.7,21 / 21,2218028,2019-09-06 18:53:04:710,-0.9459,-0.7023,9.8245,-0.0001,0.0109,9.8066,0.0496,0.0069,0.0147,3.56,-32.19,9.44,55.61,-83.37,-166.65
52.415615,-1.555324,157.64,5.78,2,303.7,21 / 21,2218128,2019-09-06 18:53:04:810,-1.5816,-0.7422,9.8897,-0.0154,-0.0177,9.8065,-0.0703,-0.0432,-0.0102,3.5,-32,8.75,56.74,-83.27,-166.05
52.415615,-1.555324,157.64,5.78,2,303.7,21 / 21,2218229,2019-09-06 18:53:04:911,-0.1988,-0.928,9.8112,-0.0198,-0.0194,9.8066,-0.0616,0.0215,0.0045,3.25,-31.75,8.69,50.59,-83.09,-166.4
52.415615,-1.555324,157.64,5.78,2,303.7,21 / 21,2218328,2019-09-06 18:53:05:010,-1.4279,-1.2466,9.8604,0.0141,0.0189,9.8065,0.1346,-0.0212,0.1013,3.5,-31.31,8.94,55.82,-83.14,-166.55
52.415615,-1.555324,157.64,5.78,2,303.7,21 / 21,2218429,2019-09-06 18:53:05:111,-0.3236,-1.3577,9.7323,-0.0032,0.0108,9.8066,0.0496,-0.0032,-0.067,3,-31.56,9.25,51.8,-83,-165.78
52.415615,-1.555324,157.64,5.78,2,303.7,21 / 21,2218529,2019-09-06 18:53:05:211,-0.6553,-0.6795,9.7565,0.0013,-0.0014,9.8066,-0.0355,-0.0181,-0.0021,3.81,-31.56,8.69,58.16,-82.95,-165.91
52.415615,-1.555324,157.64,5.78,2,303.7,21 / 21,2218628,2019-09-06 18:53:05:310,-0.4105,-0.5602,9.91,0.0024,-0.0065,9.8066,-0.0103,-0.0063,0.0528,4.38,-31.12,9.38,56.38,-82.96,-166.63
52.415615,-1.555324,157.64,5.78,2,303.7,21 / 21,2218729,2019-09-06 18:53:05:411,-0.0387,-0.0879,9.8601,0.0009,-0.001,9.8066,-0.0822,-0.0393,-0.0045,5.13,-31.12,8.5,62.42,-82.94,-166.07
52.415615,-1.555324,157.64,5.78,2,303.7,21 / 21,2218828,2019-09-06 18:53:05:510,-0.1372,-0.2719,9.9834,-0.0047,0.0005,9.8065,-0.034,-0.0449,0.0512,4.69,-31.56,10,58.74,-82.94,-165.62
52.415615,-1.555324,157.64,5.78,2,303.7,21 / 21,2218929,2019-09-06 18:53:05:611,0.1963,-0.8305,10.2272,0.0116,0.0135,9.8066,0.0271,-0.0689,0.0635,4.31,-31.19,10,53.15,-83.04,-165.13
52.415615,-1.555324,157.64,5.78,2,303.7,21 / 21,2219029,2019-09-06 18:53:05:711,0.3736,-0.4952,10.0611,-0.015,-0.0096,9.8066,-0.109,-0.0169,-0.0738,4.06,-31.44,9.81,54.23,-82.86,-164.74
52.415615,-1.555324,157.64,5.78,2,303.7,21 / 21,2219129,2019-09-06 18:53:05:811,-0.5427,-1.7204,9.5055,0.0036,0.0097,9.8066,0.0261,0.0041,0.0392,3.44,-32.25,10.13,49.61,-82.79,-164.43
52.415615,-1.555324,157.64,5.78,2,303.7,21 / 21,2219229,2019-09-06 18:53:05:911,-0.0709,0.66,9.5717,-0.0029,-0.0134,9.8066,0.0877,-0.0271,0.0509,3.5,-31.81,9.88,56.12,-82.61,-164.52
52.415615,-1.555324,157.64,5.78,2,303.7,21 / 21,2219329,2019-09-06 18:53:06:011,-0.4365,-1.9254,9.7577,0.0047,0.0052,9.8066,0.0441,-0.0659,-0.0117,3.25,-31.69,9.94,51.11,-82.43,-164.24
52.415615,-1.555324,157.64,5.78,2,303.7,21 / 21,2219428,2019-09-06 18:53:06:110,-1.2828,0.0949,9.734,0.0006,-0.0035,9.8066,-0.054,-0.0298,0.0643,3.38,-32.12,10.19,51.57,-82.35,-164.13
52.415615,-1.555324,157.64,5.78,2,303.7,21 / 21,2219529,2019-09-06 18:53:06:211,-0.7883,0.015,10.4091,0,0.0112,9.8066,0.1137,-0.0576,0.0046,3.13,-32.31,9.19,57.28,-82.31,-163.87
52.415615,-1.555324,157.64,5.78,2,303.7,21 / 21,2219628,2019-09-06 18:53:06:310,0.0241,-1.2281,10.5282,0.007,0.0014,9.8066,0.0809,-0.0224,-0.0769,2.81,-31.5,10.06,51.2,-82.25,-164.04
52.415615,-1.555324,157.64,5.78,2,303.7,21 / 21,2219729,2019-09-06 18:53:06:411,0.2355,-1.1338,10.0565,-0.0012,-0.023,9.8066,0.0208,-0.0731,0.0281,2.38,-31.31,9,46.7,-82.09,-165.89
52.415615,-1.555324,157.64,5.78,2,303.7,21 / 21,2219829,2019-09-06 18:53:06:511,-0.3796,-1.3108,9.7685,-0.0054,-0.0106,9.8066,0.0233,0.0523,-0.0858,2,-31.12,8.38,53.01,-81.99,-166.21
52.415615,-1.555324,157.64,5.78,2,303.7,21 / 21,2219928,2019-09-06 18:53:06:610,-0.466,-0.5232,10.1692,0.0051,0.0059,9.8066,0.0409,0.0516,-0.0721,0.75,-30.75,8.75,34.54,-81.95,-167.88
52.415615,-1.555324,157.64,5.78,2,303.7,21 / 21,2220029,2019-09-06 18:53:06:711,0.4729,-0.0171,10.143,0.0072,-0.0119,9.8065,0.0379,0.0456,-0.0473,0.38,-30.87,11.5,17.5,-81.97,-168.9
52.415615,-1.555324,157.64,5.78,2,303.7,21 / 21,2220128,2019-09-06 18:53:06:810,1.1106,-0.713,9.4934,-0.0054,-0.0118,9.8066,-0.0626,0.0614,-0.07,3,-30,12.13,35.7,-81.96,-170.06
52.415615,-1.555324,157.64,5.78,2,303.7,21 / 21,2220229,2019-09-06 18:53:06:911,-0.0269,0.0478,9.5027,-0.0042,-0.02,9.8065,-0.0278,-0.0185,-0.019,3.88,-30.69,10.88,45.02,-81.89,-170.65
52.415615,-1.555324,157.64,5.78,2,303.7,21 / 21,2220328,2019-09-06 18:53:07:010,0.46,-1.0161,9.747,0.014,0.0163,9.8065,0.0194,-0.0184,0.0624,4.5,-30.69,9.75,54.5,-81.99,-170.8
52.415615,-1.555324,157.64,5.78,2,303.7,21 / 21,2220428,2019-09-06 18:53:07:110,-0.7009,-0.3851,10.4284,0.0049,0.0128,9.8066,0.0678,-0.0139,0.0161,4.75,-31,9.75,55.6,-81.94,-170.08
52.415615,-1.555324,157.64,5.78,2,303.7,21 / 21,2220528,2019-09-06 18:53:07:210,-0.2438,-1.057,10.1383,-0.0072,-0.0048,9.8066,0.0236,-0.0479,0.0368,5.06,-30.37,10,55.4,-81.81,-169.91
52.415615,-1.555324,157.64,5.78,2,303.7,21 / 21,2220629,2019-09-06 18:53:07:311,-0.1383,-0.1933,9.2909,-0.0068,-0.0046,9.8066,-0.0163,0.0003,0.011,5.19,-30.69,9.63,57.07,-81.7,-169.55
52.415615,-1.555324,157.64,5.78,2,303.7,21 / 21,2220728,2019-09-06 18:53:07:410,0.4334,-0.0032,10.2546,0.007,0.0131,9.8066,0.01,-0.0138,-0.0286,4.94,-29.87,10.31,57.25,-81.65,-168.86
52.415615,-1.555324,157.64,5.78,2,303.7,21 / 21,2220829,2019-09-06 18:53:07:511,0.643,-1.8919,9.388,0.0109,0.0149,9.8066,0.0335,0.1361,0.0024,4.19,-29.69,11.25,47.64,-81.62,-168.77
52.415615,-1.555324,157.64,5.78,2,303.7,21 / 21,2220928,2019-09-06 18:53:07:610,-1.5006,-1.0511,9.8071,-0.0287,-0.0113,9.8066,-0.0541,0.0071,-0.0729,3.25,-30.19,10.69,40.44,-81.68,-169.48
52.415615,-1.555324,157.64,5.78,2,303.7,21 / 21,2221029,2019-09-06 18:53:07:711,0.22,-0.227,9.4098,-0.0035,-0.0016,9.8066,-0.0563,-0.0374,-0.0344,2.38,-29.62,9.19,43.96,-81.65,-168.12
52.415615,-1.555324,157.64,5.78,2,303.7,21 / 21,2221129,2019-09-06 18:53:07:811,-0.299,-0.287,10.3342,-0.0058,-0.0081,9.8066,-0.1073,-0.0378,0.0453,1.56,-29.62,9.31,42.95,-81.89,-168.17
52.415615,-1.555324,157.64,5.78,2,303.7,21 / 21,2221229,2019-09-06 18:53:07:911,-0.4564,0.0067,9.8488,-0.0124,0.0058,9.8066,-0.0061,-0.0534,-0.0129,1.88,-28.94,10.44,38.6,-81.96,-167.41
52.415615,-1.555324,157.64,5.78,2,303.7,21 / 21,2221329,2019-09-06 18:53:08:011,-0.5256,-0.7543,9.8917,-0.0039,-0.0166,9.8066,0.0542,0.0517,-0.0023,3.19,-29.25,10.81,41.86,-81.86,-167.66
52.415615,-1.555324,157.64,5.78,2,303.7,22 / 22,2221429,2019-09-06 18:53:08:111,-0.7408,0.13,10.0566,0.002,0.0032,9.8065,0.0022,-0.045,0.0469,4.25,-29.94,10.13,52.27,-81.73,-168.43
52.415615,-1.555324,157.64,5.78,2,303.7,22 / 22,2221529,2019-09-06 18:53:08:211,-0.3472,-0.2023,9.8236,0.0102,0.0047,9.8065,0.0387,-0.0487,-0.0265,3.75,-30.81,9.38,59.72,-81.66,-167.92
52.415615,-1.555324,157.64,5.78,2,303.7,22 / 22,2221629,2019-09-06 18:53:08:311,0.9396,-1.4637,9.7216,0.0062,-0.0009,9.8066,0.0492,0.0782,0.0643,4.44,-31.31,9.94,53.88,-81.66,-168.08
52.415615,-1.555324,157.64,5.78,2,303.7,22 / 22,2221729,2019-09-06 18:53:08:411,-1.4794,-0.2698,9.5269,-0.0162,0.0143,9.8066,-0.0789,0.1352,-0.1278,4.19,-31.56,9.56,56.01,-81.61,-167.32
52.415615,-1.555324,157.64,5.78,2,303.7,22 / 22,2221829,2019-09-06 18:53:08:511,-0.3669,-0.5533,10.1453,0.0032,-0.0017,9.8066,-0.016,-0.0596,0.0189,3.75,-31.75,9.94,55.37,-81.67,-167.63
52.415615,-1.555324,157.64,5.78,2,303.7,22 / 22,2221930,2019-09-06 18:53:08:612,-0.9647,1.3468,10.1963,0.0012,-0.0064,9.8066,-0.02,-0.1284,0.1341,3.94,-31.75,10.25,55.67,-81.6,-167.59
52.415615,-1.555324,157.64,5.78,2,303.7,22 / 22,2222028,2019-09-06 18:53:08:710,0.6598,-1.7783,9.6365,-0.0065,0.0138,9.8065,0.0765,0.0412,0.0046,3.31,-31.81,10.44,51.18,-81.54,-166.53
52.415615,-1.555324,157.64,5.78,2,303.7,22 / 22,2222129,2019-09-06 18:53:08:811,-1.7469,0.2343,10.3738,-0.0098,-0.0039,9.8066,0.0261,0.0881,0.023,3.5,-31.87,10.13,58.84,-81.33,-165.97
52.415615,-1.555324,157.64,5.78,2,303.7,22 / 22,2222229,2019-09-06 18:53:08:911,0.6715,-1.5427,10.0073,-0.0195,-0.0073,9.8066,-0.0135,0.0547,0.0413,2.94,-31.56,9.94,53.33,-81.23,-165.89
52.415615,-1.555324,157.64,5.78,2,303.7,22 / 22,2222329,2019-09-06 18:53:09:011,0.9832,0.1151,9.7743,-0.0153,-0.0157,9.8066,-0.0537,-0.0273,0.0102,2.44,-32.5,10.31,47.05,-81.16,-165.41
52.415615,-1.555324,157.64,5.78,2,303.7,20 / 21,2222429,2019-09-06 18:53:09:111,1.1476,-1.1747,9.5087,-0.029,-0.0392,9.8065,-0.009,0.0877,-0.0407,3.25,-32.12,10.31,55.68,-80.83,-165.38
52.415615,-1.555324,157.64,5.78,2,303.7,20 / 21,2222528,2019-09-06 18:53:09:210,-1.8624,-0.1202,9.8312,-0.007,0.0065,9.8066,-0.0777,0.0755,-0.0639,2.88,-32.06,10.44,55.15,-80.78,-165.9
52.415615,-1.555324,157.64,5.78,2,303.7,20 / 21,2222628,2019-09-06 18:53:09:310,0.0202,0.5965,10.576,0.0147,-0.0034,9.8066,0.0301,-0.1619,0.0677,3.56,-32.25,10.69,54.54,-80.8,-166.84
52.415615,-1.555324,157.64,5.78,2,303.7,20 / 21,2222729,2019-09-06 18:53:09:411,-1.0481,0.8421,10.4555,-0.0136,-0.0201,9.8066,0.0641,0.0021,0.0077,2.81,-31.81,10.56,49.23,-80.56,-166.97
52.415615,-1.555324,157.64,5.78,2,303.7,20 / 21,2222828,2019-09-06 18:53:09:510,1.3273,0.0306,9.986,-0.0016,0.002,9.8066,0.0446,0.0724,-0.018,3.06,-32.37,10.19,54.35,-80.58,-167
52.415615,-1.555324,157.64,5.78,2,303.7,20 / 21,2222928,2019-09-06 18:53:09:610,-0.3391,-0.1801,10.0701,0.0012,0.0026,9.8066,0.0529,-0.0962,0.0663,3.56,-31.37,11,53.82,-80.46,-167.49
52.415615,-1.555324,157.64,5.78,2,303.7,20 / 21,2223029,2019-09-06 18:53:09:711,0.8978,0.1171,10.1969,-0.0142,-0.0107,9.8066,-0.0464,-0.0256,-0.063,2.94,-31.81,10.19,55.8,-80.3,-166.84
52.415615,-1.555324,157.64,5.78,2,303.7,20 / 21,2223128,2019-09-06 18:53:09:810,-0.2904,0.4259,10.1932,-0.0068,-0.0026,9.8066,0.0502,0.0387,-0.0252,3,-32.06,10.94,50.68,-80.21,-166.85
52.415615,-1.555324,157.64,5.78,2,303.7,20 / 21,2223228,2019-09-06 18:53:09:910,-0.5075,0.8337,10.6035,-0.0244,-0.0192,9.8065,-0.0745,-0.046,0.0837,3.13,-32.06,10.88,51.3,-79.98,-167
52.415615,-1.555324,157.64,5.78,2,303.7,20 / 21,2223329,2019-09-06 18:53:10:011,0.6259,0.4331,10.1245,-0.0033,0.0012,9.8066,0.0667,-0.0571,0.0454,2.63,-32.37,10.63,52.15,-79.91,-166.63
52.415615,-1.555324,157.64,5.78,2,303.7,21 / 21,2223428,2019-09-06 18:53:10:110,0.4336,-0.558,10.3749,-0.0089,0.0019,9.8066,0.11,0.0259,-0.0677,2.88,-32.62,11.38,54.77,-79.74,-166.11
52.415615,-1.555324,157.64,5.78,2,303.7,21 / 21,2223529,2019-09-06 18:53:10:211,0.3544,1.151,10.0834,-0.0125,-0.0192,9.8066,-0.1492,-0.0373,0.0273,2.81,-31.56,10.81,53.85,-79.51,-166.53
52.415615,-1.555324,157.64,5.78,2,303.7,21 / 21,2223629,2019-09-06 18:53:10:311,-0.0976,0.3222,10.2749,0.002,-0.0053,9.8065,-0.0004,0.0027,0.0184,2.81,-31.37,11,52.23,-79.55,-166.67
52.415615,-1.555324,157.64,5.78,2,303.7,21 / 21,2223729,2019-09-06 18:53:10:411,-1.0437,0.4232,10.9028,-0.0102,-0.0185,9.8066,-0.0036,0.064,-0.1048,3,-31.25,11.13,51.96,-79.38,-167.28
52.415615,-1.555324,157.64,5.78,2,303.7,21 / 21,2223828,2019-09-06 18:53:10:510,1.0755,-0.0872,8.7195,0.0074,-0.0304,9.8066,0.105,-0.0435,-0.0179,2.94,-30.62,10.75,50.22,-79.28,-168.66
52.415615,-1.555324,157.64,5.78,2,303.7,21 / 21,2223929,2019-09-06 18:53:10:611,-1.2275,-1.3819,8.553,-0.029,-0.0308,9.8065,-0.2923,0.0375,-0.0376,1.75,-28.94,12.31,35.8,-79.27,-169.28
52.415615,-1.555324,157.64,5.78,2,303.7,21 / 21,2224028,2019-09-06 18:53:10:710,-1.5313,-1.6648,9.6433,-0.0067,-0.0352,9.8065,-0.2224,0.0423,0.0711,2.13,-27.62,12.06,34.94,-79.27,-169.29
52.415615,-1.555324,157.64,5.78,2,303.7,21 / 21,2224128,2019-09-06 18:53:10:810,-0.5237,-1.8886,9.9157,0.003,0.0292,9.8065,0.1951,0.1335,-0.0794,3.31,-28.94,12,41.88,-79.88,-168.68
52.415615,-1.555324,157.64,5.78,2,303.7,21 / 21,2224228,2019-09-06 18:53:10:910,0.3675,-0.3522,10.154,0.0086,0.0218,9.8066,0.2028,0.0348,0.0464,3.63,-29.19,11.63,47.17,-80,-168.82
52.415615,-1.555324,157.64,5.78,2,303.7,21 / 21,2224329,2019-09-06 18:53:11:011,0.3246,-0.7474,10.208,-0.0223,-0.0187,9.8066,0.0058,-0.055,0.033,3.75,-30.31,10.69,54.57,-79.54,-168.4
52.415947,-1.556402,158.62,10.61,3,295.36,21 / 21,2224429,2019-09-06 18:53:11:111,-0.3614,-0.3163,10.0374,-0.021,-0.0209,9.8066,-0.0628,-0.0068,0.0267,3.69,-30.62,10.94,56.43,-79.38,-168.32
52.415947,-1.556402,158.62,10.61,3,295.36,21 / 21,2224528,2019-09-06 18:53:11:210,0.5755,0.5664,10.0412,-0.0165,-0.0109,9.8066,0.0046,0.0331,-0.0018,2.88,-31.56,11.25,52.64,-79.16,-168.23
52.415947,-1.556402,158.62,10.61,3,295.36,21 / 21,2224629,2019-09-06 18:53:11:311,0.8125,-0.3153,9.5571,-0.006,-0.0073,9.8066,-0.0778,-0.0143,0.0654,3.5,-31.94,11.06,58.49,-79.23,-168.13
52.415947,-1.556402,158.62,10.61,3,295.36,21 / 21,2224729,2019-09-06 18:53:11:411,1.0173,-0.3964,8.9849,-0.0114,-0.0083,9.8066,-0.0438,0.0862,-0.0074,3.69,-31.56,11.13,59.04,-79.24,-167.71
52.415947,-1.556402,158.62,10.61,3,295.36,21 / 21,2224829,2019-09-06 18:53:11:511,1.8973,0.3234,9.5609,-0.0104,0.0156,9.8065,-0.0216,0.063,-0.0807,3.44,-31.12,10.94,52.73,-79.2,-167.23
52.415947,-1.556402,158.62,10.61,3,295.36,21 / 21,2224928,2019-09-06 18:53:11:610,0.2018,-0.3194,9.8674,0.0029,0.0098,9.8065,0.1137,-0.0538,0.0442,4.19,-31.37,11.75,54.84,-79.17,-166.48
52.415947,-1.556402,158.62,10.61,3,295.36,21 / 21,2225029,2019-09-06 18:53:11:711,0.2947,1.1295,9.6186,-0.015,-0.0051,9.8066,-0.0519,0.0174,0.0452,3.5,-30.94,11.56,55.79,-78.98,-166.24
52.415947,-1.556402,158.62,10.61,3,295.36,21 / 21,2225129,2019-09-06 18:53:11:811,1.1046,1.6495,9.9375,-0.0114,0.0019,9.8066,-0.0293,-0.1016,0.0427,3.38,-32.37,11.75,51.88,-79,-165.81
52.415947,-1.556402,158.62,10.61,3,295.36,21 / 21,2225229,2019-09-06 18:53:11:911,-0.3716,0.2957,9.5122,-0.0006,-0.007,9.8066,0.0085,-0.0562,0.0687,3.25,-32.06,11.69,52.25,-79.04,-165.47
52.415947,-1.556402,158.62,10.61,3,295.36,21 / 21,2225328,2019-09-06 18:53:12:010,1.3271,0.5086,9.561,-0.015,-0.0128,9.8065,-0.0271,0.0678,-0.0499,2.81,-32.12,11.13,57.87,-79.04,-165.1
52.415947,-1.556402,158.62,10.61,3,295.36,21 / 21,2225428,2019-09-06 18:53:12:110,0.79,1.2299,9.1417,0.022,0.0186,9.8066,-0.0256,0.0179,0.009,3.44,-32.06,11.88,51.77,-79.2,-165.4
52.415947,-1.556402,158.62,10.61,3,295.36,21 / 21,2225529,2019-09-06 18:53:12:211,1.031,1.1366,9.8143,0.0103,0.015,9.8066,0.0964,-0.0336,-0.0447,2.69,-32.25,11.06,55.81,-79.4,-165.51
52.415947,-1.556402,158.62,10.61,3,295.36,21 / 21,2225629,2019-09-06 18:53:12:311,0.2568,0.5199,9.6747,0.023,0.0079,9.8065,0.0542,0.001,-0.0144,3,-32,11,54.37,-79.51,-166.19
52.415947,-1.556402,158.62,10.61,3,295.36,21 / 21,2225728,2019-09-06 18:53:12:410,0.088,0.2469,10.9653,-0.0009,-0.0001,9.8066,0.0009,-0.0291,-0.0156,2.31,-31.75,10.94,46.84,-79.55,-166.4
52.415947,-1.556402,158.62,10.61,3,295.36,21 / 21,2225828,2019-09-06 18:53:12:510,1.003,1.7142,10.4338,-0.0093,-0.0231,9.8066,-0.0293,0.0138,-0.0363,2.38,-32.75,11.38,47.32,-79.58,-166.78
52.415947,-1.556402,158.62,10.61,3,295.36,21 / 21,2225929,2019-09-06 18:53:12:611,0.9452,0.6345,9.6176,-0.0131,-0.0209,9.8066,0.0754,-0.0214,0.0205,3.19,-31.56,11.19,52.77,-79.54,-167.15
52.415947,-1.556402,158.62,10.61,3,295.36,21 / 21,2226029,2019-09-06 18:53:12:711,0.6974,0.6699,9.6113,-0.01,0.0065,9.8066,0.0329,-0.0318,0.0574,2.25,-32.5,11.38,46.98,-79.32,-166.87
52.415947,-1.556402,158.62,10.61,3,295.36,21 / 21,2226129,2019-09-06 18:53:12:811,0.0295,1.431,9.4414,-0.0088,-0.0082,9.8066,-0.0547,-0.0563,0.0676,2.81,-31.94,11.88,50.77,-79.11,-166.29
52.415947,-1.556402,158.62,10.61,3,295.36,21 / 21,2226228,2019-09-06 18:53:12:910,0.6322,0.0661,9.5066,0.0123,0.0235,9.8066,0.0678,-0.0034,0.0542,2.31,-32.44,11.56,45.95,-79.1,-165.19
52.415947,-1.556402,158.62,10.61,3,295.36,21 / 21,2226329,2019-09-06 18:53:13:011,0.3422,1.0758,10.207,0.0009,0.039,9.8065,0.0784,0.007,0.1082,2.19,-31.94,11.81,47.44,-79.07,-164.32
52.415947,-1.556402,158.62,10.61,3,295.36,21 / 21,2226428,2019-09-06 18:53:13:110,-0.1825,0.2212,10.7595,-0.0102,0.0003,9.8066,0.127,0.0008,-0.025,1.81,-31.94,11.69,50.38,-78.76,-163.17
52.415947,-1.556402,158.62,10.61,3,295.36,21 / 21,2226529,2019-09-06 18:53:13:211,1.417,1.1633,9.6274,-0.0228,-0.021,9.8065,0.0224,-0.0632,0.0859,1.94,-32.31,11.63,51.33,-78.63,-162.86
52.415947,-1.556402,158.62,10.61,3,295.36,21 / 21,2226628,2019-09-06 18:53:13:310,1.8145,0.9569,9.6018,-0.0132,0.0116,9.8065,-0.1438,0.0554,-0.0375,2.06,-32.12,10.81,57.41,-78.66,-162.15
52.415947,-1.556402,158.62,10.61,3,295.36,21 / 21,2226729,2019-09-06 18:53:13:411,2.1892,1.5675,9.4301,-0.0048,0.0049,9.8066,-0.1913,0.0546,0.0012,2.81,-32.06,10.81,65.09,-78.67,-161.15
52.415947,-1.556402,158.62,10.61,3,295.36,21 / 21,2226829,2019-09-06 18:53:13:511,0.9219,1.8696,9.913,0.0271,0.0415,9.8065,0.2645,0.0845,0.0353,2.38,-31.62,11.56,54.55,-78.97,-159.94
52.415947,-1.556402,158.62,10.61,3,295.36,21 / 21,2226928,2019-09-06 18:53:13:610,-1.14,0.1932,10.4198,0.0081,0.0333,9.8065,0.2317,-0.0697,-0.0018,3.06,-32.25,12.06,61.53,-78.91,-159.32
52.415947,-1.556402,158.62,10.61,3,295.36,21 / 21,2227029,2019-09-06 18:53:13:711,-0.6364,0.6722,10.6191,-0.0472,-0.052,9.8063,-0.1517,-0.035,0.0223,2.5,-32.06,11.69,62.78,-78.56,-159.33
52.415947,-1.556402,158.62,10.61,3,295.36,21 / 21,2227131,2019-09-06 18:53:13:813,1.0637,1.3846,8.9892,-0.0182,-0.0264,9.8065,-0.022,0.0534,0.0487,2.75,-32.62,12.13,63.54,-78.68,-159.4
52.415947,-1.556402,158.62,10.61,3,295.36,21 / 21,2227229,2019-09-06 18:53:13:911,2.3485,2.1834,9.699,0.0024,0.0339,9.8065,0.0056,-0.1048,0.0321,2.31,-32.12,11.56,56.54,-78.66,-159.37
52.415947,-1.556402,158.62,10.61,3,295.36,21 / 21,2227329,2019-09-06 18:53:14:011,-0.2959,1.2357,10.3605,0.0309,0.0255,9.8065,-0.0026,-0.1605,0.0335,1.44,-32.06,12.56,47.52,-78.68,-158.48
52.415947,-1.556402,158.62,10.61,3,295.36,21 / 21,2227429,2019-09-06 18:53:14:111,0.5812,1.4602,10.8118,-0.015,-0.0293,9.8065,-0.0014,0.1116,-0.0208,1.63,-31.81,12.13,58.67,-78.29,-158.91
52.415947,-1.556402,158.62,10.61,3,295.36,21 / 21,2227528,2019-09-06 18:53:14:210,-2.3728,0.8412,11.0273,-0.0035,-0.0133,9.8066,0.1189,-0.0441,0.0576,1.31,-31.94,12.38,50.91,-78.23,-159.66
52.415947,-1.556402,158.62,10.61,3,295.36,21 / 21,2227629,2019-09-06 18:53:14:311,0.2517,-1.6226,9.6424,-0.0619,-0.0967,9.8059,-0.0984,0.1661,-0.011,1.13,-31.62,12.19,50.85,-77.63,-161.18
52.415947,-1.556402,158.62,10.61,3,295.36,21 / 21,2227728,2019-09-06 18:53:14:410,2.3071,0.3733,10.4761,-0.0369,-0.0634,9.8063,-0.0762,0.0763,0.0034,1.69,-32.31,12.75,53.36,-77.63,-161.15
52.415947,-1.556402,158.62,10.61,3,295.36,21 / 21,2227828,2019-09-06 18:53:14:510,0.9313,1.2819,10.9092,-0.0161,-0.0438,9.8065,-0.1891,0.1282,-0.0367,1.44,-32.94,12.63,47.68,-77.78,-161.01
52.415947,-1.556402,158.62,10.61,3,295.36,21 / 21,2227928,2019-09-06 18:53:14:610,2.2541,0.0741,8.4823,-0.0444,-0.0645,9.8063,-0.0197,0.1629,-0.0063,2.69,-32.5,13.19,58.12,-77.36,-162.47
52.415947,-1.556402,158.62,10.61,3,295.36,21 / 21,2228028,2019-09-06 18:53:14:710,1.9366,-0.3012,9.0464,0.0465,0.0355,9.8064,0.0387,0.1167,-0.2202,2.69,-32.25,14.25,52.8,-77.33,-163.35
52.415947,-1.556402,158.62,10.61,3,295.36,21 / 21,2228128,2019-09-06 18:53:14:810,3.7582,0.1339,9.4732,0.0456,0,9.8065,-0.0962,0.1485,-0.0306,2.81,-31.12,15.13,45.75,-77.09,-165.48
52.415947,-1.556402,158.62,10.61,3,295.36,21 / 21,2228228,2019-09-06 18:53:14:910,2.7297,0.416,8.5121,0.0445,0.0551,9.8063,0.0196,0.1811,-0.0451,3,-31,15.06,43.17,-77.67,-166.22
52.415947,-1.556402,158.62,10.61,3,295.36,21 / 21,2228329,2019-09-06 18:53:15:011,2.7867,1.9946,9.4359,0.0072,0.0256,9.8066,-0.0253,0.2082,-0.0574,3.5,-30.81,14.81,48.1,-77.79,-166.05
52.415947,-1.556402,158.62,10.61,3,295.36,21 / 21,2228429,2019-09-06 18:53:15:111,3.8874,0.9228,9.9364,0.0378,0.0236,9.8064,0.2709,0.2456,-0.1024,3,-31.75,15.5,40.68,-77.62,-166.71
52.415947,-1.556402,158.62,10.61,3,295.36,21 / 21,2228528,2019-09-06 18:53:15:210,3.9623,0.2333,10.5901,0.013,0.0046,9.8066,0.1828,0.2804,-0.0323,3.5,-30.62,16.13,42.78,-77.6,-168.01
52.415947,-1.556402,158.62,10.61,3,295.36,21 / 21,2228629,2019-09-06 18:53:15:311,2.0736,1.2489,10.7136,-0.0457,-0.0404,9.8064,0.2427,0.3145,-0.0003,3.31,-31.06,17.13,37.61,-77.04,-167.48
52.415947,-1.556402,158.62,10.61,3,295.36,21 / 21,2228729,2019-09-06 18:53:15:411,4.245,-0.1028,9.5643,-0.0347,-0.0101,9.8065,-0.033,0.3813,-0.1228,2.5,-31.12,16.69,39.5,-76.77,-166.59
52.415947,-1.556402,158.62,10.61,3,295.36,21 / 21,2228828,2019-09-06 18:53:15:510,2.6593,-0.0636,9.7721,0.0042,0.0243,9.8066,0.1314,0.2775,-0.0305,3.19,-30.81,17.94,37.79,-76.86,-166.23
52.415947,-1.556402,158.62,10.61,3,295.36,21 / 21,2228928,2019-09-06 18:53:15:610,1.9695,-0.5712,9.6275,0.0278,0.0643,9.8063,0.0773,0.2566,-0.0342,2.81,-31.25,17.88,38.17,-77.03,-165.77
52.415947,-1.556402,158.62,10.61,3,295.36,21 / 21,2229029,2019-09-06 18:53:15:711,2.5162,-1.1713,9.2102,0.0013,0.0153,9.8066,0.0671,0.3265,-0.0378,3.31,-31.19,19,36.86,-77.04,-165.47
52.415947,-1.556402,158.62,10.61,3,295.36,21 / 21,2229128,2019-09-06 18:53:15:810,1.3267,-0.3918,9.9754,-0.0076,0.0403,9.8065,0.099,0.2613,-0.0165,1.94,-31.69,18.31,36.37,-77.26,-164.12
52.415947,-1.556402,158.62,10.61,3,295.36,21 / 21,2229229,2019-09-06 18:53:15:911,1.6755,0.9104,9.2358,-0.0054,0.003,9.8066,0.0646,0.2303,0.0518,1.94,-30.87,19.56,34.71,-77.21,-162.98
52.415947,-1.556402,158.62,10.61,3,295.36,21 / 21,2229329,2019-09-06 18:53:16:011,2.6636,-0.5394,9.8379,-0.0275,-0.0121,9.8066,-0.0598,0.3189,-0.0795,2.31,-31.44,19.75,36.09,-77.05,-162.17
52.415947,-1.556402,158.62,10.61,3,295.36,21 / 21,2229429,2019-09-06 18:53:16:111,0.4059,-0.7246,10.0411,0.0009,0.0056,9.8066,0.085,0.1296,0.043,1.69,-32.06,20.5,35.79,-77.11,-161.85
52.415947,-1.556402,158.62,10.61,3,295.36,21 / 21,2229528,2019-09-06 18:53:16:210,1.8083,-0.8858,10.2278,-0.0234,-0.0002,9.8065,0.1215,0.2644,-0.0514,1.63,-31.37,20.63,36.63,-77.07,-160.92
52.415947,-1.556402,158.62,10.61,3,295.36,21 / 21,2229629,2019-09-06 18:53:16:311,-0.224,-0.9934,10.543,-0.0327,-0.0487,9.8064,-0.253,0.1634,-0.0532,1.75,-31.19,20.81,37.63,-77.26,-160.02
52.415947,-1.556402,158.62,10.61,3,295.36,21 / 21,2229730,2019-09-06 18:53:16:412,1.0796,0.3915,9.5139,-0.0107,-0.0518,9.8065,-0.0506,0.1575,-0.0087,2.31,-31.31,21.06,38.09,-77.03,-159.92
52.415947,-1.556402,158.62,10.61,3,295.36,21 / 21,2229829,2019-09-06 18:53:16:511,1.3069,-0.0955,9.048,-0.0089,0.0257,9.8065,-0.1605,0.1234,-0.099,1.94,-31.56,21.94,38.01,-77.31,-159.28
52.415947,-1.556402,158.62,10.61,3,295.36,21 / 21,2229928,2019-09-06 18:53:16:610,-0.3632,-0.0529,9.3064,0.0052,-0.0277,9.8065,0.2551,0.0385,-0.0489,2.13,-31.75,22.13,37.21,-77.21,-159.96
52.415947,-1.556402,158.62,10.61,3,295.36,21 / 21,2230029,2019-09-06 18:53:16:711,-0.6124,-0.5013,10.2898,0.0355,0.075,9.8062,0.2838,0.0212,-0.0226,2.94,-31.12,22.19,38.7,-77.76,-160.47
52.415947,-1.556402,158.62,10.61,3,295.36,21 / 21,2230128,2019-09-06 18:53:16:810,-0.4326,-1.2612,10.1855,0.0482,0.0899,9.806,0.1071,-0.0088,-0.0244,2.63,-31,22.63,36.67,-77.93,-161.06
52.415947,-1.556402,158.62,10.61,3,295.36,21 / 21,2230228,2019-09-06 18:53:16:910,-0.3047,0.9041,10.1133,-0.0088,-0.032,9.8065,-0.0228,0.0702,-0.126,2.94,-31,22.63,36.04,-78.13,-161.35
52.415947,-1.556402,158.62,10.61,3,295.36,21 / 21,2230328,2019-09-06 18:53:17:010,0.9771,-0.7638,10.2389,-0.0022,-0.0014,9.8066,0.2938,-0.1446,0.1137,3.25,-31.12,22.38,37.13,-78.27,-161.16
52.415947,-1.556402,158.62,10.61,3,295.36,21 / 21,2230428,2019-09-06 18:53:17:110,-0.6542,0.7995,9.9026,-0.0364,-0.1182,9.8058,-0.3421,-0.0004,-0.0572,3.13,-30.81,22.25,37.38,-77.84,-161.38
52.415947,-1.556402,158.62,10.61,3,295.36,21 / 21,2230528,2019-09-06 18:53:17:210,-1.4861,0.551,9.0182,-0.0294,-0.1153,9.8059,0.0138,-0.0492,0.1067,3,-30.69,22.44,36.67,-77.82,-161.93
52.415947,-1.556402,158.62,10.61,3,295.36,21 / 21,2230628,2019-09-06 18:53:17:310,-1.9887,-0.4442,9.8282,0.0011,0.0224,9.8066,-0.0297,-0.128,0.0333,3.19,-30,21.94,36.76,-77.88,-161.48
52.415947,-1.556402,158.62,10.61,3,295.36,21 / 21,2230728,2019-09-06 18:53:17:410,-1.0683,1.3494,11.681,0.0059,0.0621,9.8064,0.0262,-0.2572,0.1388,3.44,-29.75,21.69,37.04,-77.97,-161.17
52.415947,-1.556402,158.62,10.61,3,295.36,21 / 21,2230829,2019-09-06 18:53:17:511,-3.0474,0.3425,11.7935,-0.0175,-0.0213,9.8065,0.3343,-0.0646,0.1445,2.88,-29.94,21.5,39.87,-77.68,-159.31
52.415947,-1.556402,158.62,10.61,3,295.36,21 / 21,2230928,2019-09-06 18:53:17:610,-2.5524,-0.5729,10.5917,-0.05,0.0045,9.8064,0.1596,-0.1735,0.0106,3.5,-30.94,20.94,47.63,-77.22,-157.77
52.415947,-1.556402,158.62,10.61,3,295.36,21 / 21,2231029,2019-09-06 18:53:17:711,-4.5411,1.4318,10.0709,-0.0445,-0.0608,9.8063,-0.065,-0.3253,0.243,3.06,-31,20.81,44.9,-76.94,-157.64
52.415947,-1.556402,158.62,10.61,3,295.36,21 / 21,2231129,2019-09-06 18:53:17:811,-3.1714,1.5368,10.3832,-0.003,0.0549,9.8064,-0.0737,-0.3051,0.0851,2.88,-31.37,20.31,48.65,-77.32,-155.42
52.415947,-1.556402,158.62,10.61,3,295.36,21 / 21,2231229,2019-09-06 18:53:17:911,-2.5472,1.7712,10.5388,-0.0014,0.0076,9.8066,-0.2308,-0.3408,0.0693,2.06,-32.19,18.69,48.99,-77.95,-153.16
52.415947,-1.556402,158.62,10.61,3,295.36,21 / 21,2231329,2019-09-06 18:53:18:011,-0.7564,0.3478,9.7436,0.0176,-0.0032,9.8065,-0.0903,-0.18,0.0033,1.56,-32.25,17.94,50.4,-78.44,-152.54
52.415947,-1.556402,158.62,10.61,3,295.36,21 / 22,2231428,2019-09-06 18:53:18:110,-1.4534,0.7427,9.8035,-0.0003,0.0063,9.8065,0.1601,-0.2977,-0.0051,1.88,-32.25,18.38,50.47,-78.4,-152.56
52.415947,-1.556402,158.62,10.61,3,295.36,21 / 22,2231529,2019-09-06 18:53:18:211,-3.5965,-0.0541,9.6208,0.0211,-0.0088,9.8066,-0.0157,-0.3095,0.0555,1.06,-32.56,17.88,45.39,-78.07,-154.21
52.415947,-1.556402,158.62,10.61,3,295.36,21 / 22,2231628,2019-09-06 18:53:18:310,-1.8889,0.1673,9.5686,0.0124,0.003,9.8066,-0.0676,-0.3366,0.0614,1.69,-32.19,17.5,47.33,-77.91,-155.64
52.415947,-1.556402,158.62,10.61,3,295.36,21 / 22,2231729,2019-09-06 18:53:18:411,-1.5615,1.8158,9.643,0.0094,0.0155,9.8066,0.1116,-0.3698,0.1299,1.38,-32.69,17.19,45.51,-78.06,-155.29
52.415947,-1.556402,158.62,10.61,3,295.36,21 / 22,2231828,2019-09-06 18:53:18:510,-2.5797,2.0504,9.4307,0.0232,0.0599,9.8064,0.0043,-0.2639,0.0609,1.75,-32.19,16.75,49.67,-78.14,-154.9
52.415947,-1.556402,158.62,10.61,3,295.36,21 / 22,2231929,2019-09-06 18:53:18:611,-2.5646,0.3218,9.5475,-0.0009,0.0047,9.8066,0.0036,-0.2789,0.0239,2.06,-32.81,16.19,52.98,-78.37,-154.22
52.415947,-1.556402,158.62,10.61,3,295.36,21 / 22,2232029,2019-09-06 18:53:18:711,-2.8527,1.6013,10.0854,0.0419,0.0326,9.8065,0.1428,-0.5017,0.0816,1.25,-32.19,15.69,45.32,-78.43,-155.56
52.415947,-1.556402,158.62,10.61,3,295.36,21 / 22,2232129,2019-09-06 18:53:18:811,-1.969,0.9357,9.5858,0.0146,0.0355,9.8065,0.0891,-0.3059,0.0397,1.94,-32.62,15.56,51.03,-78.27,-155.8
52.415947,-1.556402,158.62,10.61,3,295.36,21 / 22,2232228,2019-09-06 18:53:18:910,-2.8001,1.7814,9.526,0.0013,0.011,9.8065,0.0371,-0.3272,0.0182,1.75,-31.94,13.31,59.05,-78.32,-155.62
52.415947,-1.556402,158.62,10.61,3,295.36,21 / 22,2232329,2019-09-06 18:53:19:011,-3.5988,1.605,11.493,0.0475,0.0478,9.8064,0.1222,-0.2925,0.0064,1.75,-32.12,13.56,54.86,-78.6,-155.56
52.415947,-1.556402,158.62,10.61,3,295.36,21 / 21,2232428,2019-09-06 18:53:19:110,-3.4174,1.2068,11.3703,-0.0393,-0.0427,9.8064,0.1951,-0.4085,0.0515,1.56,-32.87,12,61.38,-78.89,-156.28
52.415947,-1.556402,158.62,10.61,3,295.36,21 / 21,2232529,2019-09-06 18:53:19:211,-3.2786,0.936,9.6579,0.0321,0.0242,9.8065,-0.2132,-0.3628,0.0699,0.81,-32.56,12.06,55.02,-78.78,-156.54
52.415947,-1.556402,158.62,10.61,3,295.36,21 / 21,2232628,2019-09-06 18:53:19:310,-3.1684,0.579,10.0794,-0.0356,-0.052,9.8064,-0.1721,-0.3208,0.054,0.81,-33.06,10.69,60.54,-78.38,-157.32
52.415947,-1.556402,158.62,10.61,3,295.36,21 / 21,2232729,2019-09-06 18:53:19:411,-4.3204,2.3143,9.3664,-0.0241,-0.0264,9.8065,-0.1483,-0.4558,0.1105,0.38,-32.62,11.38,52.17,-78.52,-156.91
52.415947,-1.556402,158.62,10.61,3,295.36,21 / 21,2232829,2019-09-06 18:53:19:511,-2.699,3.9035,10.2201,0.054,0.083,9.806,0.1139,-0.4012,0.2037,0,-33.31,10.38,58.6,-78.96,-155.02
52.415947,-1.556402,158.62,10.61,3,295.36,21 / 21,2232928,2019-09-06 18:53:19:610,-0.9046,2.9159,11.3734,0.0127,0.0503,9.8064,-0.1167,-0.4797,-0.0292,-0.12,-32.75,9.25,67.59,-78.89,-154.37
52.415947,-1.556402,158.62,10.61,3,295.36,21 / 21,2233029,2019-09-06 18:53:19:711,-0.7291,3.1847,9.4813,-0.0303,-0.0625,9.8064,-0.2467,-0.4076,0.1713,-0.37,-33.06,8.94,67.54,-79,-153.9
52.415947,-1.556402,158.62,10.61,3,295.36,21 / 21,2233129,2019-09-06 18:53:19:811,-0.325,2.7836,9.6086,-0.0665,-0.0701,9.8061,-0.3611,-0.2904,0.0917,-1.62,-33.81,7.25,81.13,-78.3,-155.86
52.415947,-1.556402,158.62,10.61,3,295.36,21 / 21,2233228,2019-09-06 18:53:19:910,-3.1974,1.8816,9.7571,0.0348,0.0473,9.8064,-0.0337,-0.3454,-0.0423,-1.56,-33.87,7.75,51.26,-78.52,-155.65
52.415947,-1.556402,158.62,10.61,3,295.36,21 / 21,2233329,2019-09-06 18:53:20:011,-1.3898,0.456,8.5237,0.0093,0.0079,9.8066,-0.0219,-0.4324,0.0682,-2.06,-34.56,7.5,55.25,-78.41,-156.54
52.416176,-1.557504,160.28,7.93,3,314.76,22 / 22,2233429,2019-09-06 18:53:20:111,-1.8703,-0.0967,8.4183,0.0063,0.0143,9.8066,-0.1583,-0.4649,0.1698,-2.87,-34.06,7.94,14.33,-78.84,-156.38
52.416176,-1.557504,160.28,7.93,3,314.76,22 / 22,2233529,2019-09-06 18:53:20:211,-2.7932,3.1018,10.1053,-0.0094,0.0212,9.8065,-0.1327,-0.3228,0.0278,-2.81,-33.81,6.44,314.98,-79.02,-154.37
52.416176,-1.557504,160.28,7.93,3,314.76,22 / 22,2233628,2019-09-06 18:53:20:310,-1.6525,-0.9243,9.5367,-0.0036,0.0284,9.8065,-0.1251,-0.2913,0.0077,-3.19,-32.94,6.31,3.5,-79.28,-153.2
52.416176,-1.557504,160.28,7.93,3,314.76,22 / 22,2233728,2019-09-06 18:53:20:410,-1.6348,0.1886,10.3147,-0.0189,-0.0283,9.8065,0.0327,-0.2832,0.0712,-3.44,-33.56,6,18.7,-79.36,-152.52
52.416176,-1.557504,160.28,7.93,3,314.76,22 / 22,2233828,2019-09-06 18:53:20:510,-4.4592,-0.6279,11.4291,-0.0088,-0.0695,9.8063,0.1067,-0.229,0.0567,-3.19,-33,5.94,37.89,-78.7,-152.69
52.416176,-1.557504,160.28,7.93,3,314.76,22 / 22,2233928,2019-09-06 18:53:20:610,3.0202,-0.4271,10.6372,0.0022,-0.0624,9.8064,-0.0473,-0.2016,-0.0561,-3.5,-33,5.69,211.8,-78.43,-153.7
52.416176,-1.557504,160.28,7.93,3,314.76,22 / 22,2234029,2019-09-06 18:53:20:711,0.6662,-1.9194,10.4397,0.0181,0.0072,9.8065,-0.0671,-0.2791,-0.0272,-3,-32.75,5.5,306.62,-78.68,-154.57
52.416176,-1.557504,160.28,7.93,3,314.76,22 / 22,2234129,2019-09-06 18:53:20:811,1.2589,-1.4196,8.9958,-0.013,0.0001,9.8065,-0.0917,-0.2709,0.0644,-3.56,-32.69,4.63,256.17,-78.69,-155.7
52.416176,-1.557504,160.28,7.93,3,314.76,22 / 22,2234230,2019-09-06 18:53:20:912,0.9549,-1.8759,9.9651,-0.0366,-0.0242,9.8065,-0.0474,-0.302,0.0485,-3.56,-32.37,3.56,243.18,-78.82,-155.71
52.416176,-1.557504,160.28,7.93,3,314.76,22 / 22,2234329,2019-09-06 18:53:21:011,-0.8954,-0.1248,9.6119,-0.0025,-0.0267,9.8066,-0.0838,-0.0615,-0.0881,-3.56,-32.56,3.56,239.15,-78.84,-155.74
52.416176,-1.557504,160.28,7.93,3,314.76,21 / 22,2234429,2019-09-06 18:53:21:111,0.6236,-1.7702,10.693,-0.0106,-0.0025,9.8065,0.1735,-0.0775,-0.0559,-4.31,-32.25,2.63,233.32,-79,-156.48
52.416176,-1.557504,160.28,7.93,3,314.76,21 / 22,2234528,2019-09-06 18:53:21:210,1.5836,0.0501,10.524,-0.0066,0.0037,9.8066,0.218,-0.1725,0.1001,-4.94,-32.44,3.44,246.56,-79.01,-157.54
52.416176,-1.557504,160.28,7.93,3,314.76,21 / 22,2234629,2019-09-06 18:53:21:311,-0.7677,1.3059,9.0399,0.0441,0.0369,9.8064,-0.1529,-0.048,0.0163,-5.62,-33,3.19,249.47,-78.5,-158.29
52.416176,-1.557504,160.28,7.93,3,314.76,21 / 22,2234729,2019-09-06 18:53:21:411,1.5994,0.3581,10.1443,0.0432,0.0401,9.8064,0.1675,-0.0103,-0.0223,-5.56,-33.37,3.69,258.37,-78.36,-158.22
52.416176,-1.557504,160.28,7.93,3,314.76,21 / 22,2234829,2019-09-06 18:53:21:511,0.2506,1.0987,9.8022,-0.0115,-0.0066,9.8066,0.0881,0.0167,-0.0709,-5.56,-33.44,3.88,260.18,-78.6,-158.36
52.416176,-1.557504,160.28,7.93,3,314.76,21 / 22,2234929,2019-09-06 18:53:21:611,1.1372,2.583,8.9651,-0.0142,0.0087,9.8066,0.14,0.0669,0.0493,-5.75,-33,3.81,260.49,-78.71,-159.12
52.416176,-1.557504,160.28,7.93,3,314.76,21 / 22,2235028,2019-09-06 18:53:21:710,0.5387,-0.3418,10.4408,-0.01,0.0013,9.8065,-0.2478,-0.0462,-0.0101,-5.87,-33.12,4.5,272.32,-78.56,-158.75
52.416176,-1.557504,160.28,7.93,3,314.76,21 / 22,2235128,2019-09-06 18:53:21:810,1.9911,-1.1232,10.4211,0.0566,0.0058,9.8064,-0.1567,-0.0197,-0.1955,-5.75,-33.75,3.75,256.71,-78.53,-158.85
52.416176,-1.557504,160.28,7.93,3,314.76,21 / 22,2235229,2019-09-06 18:53:21:911,-2.235,0.626,9.8479,0.028,0.018,9.8066,-0.1736,-0.0519,0.0781,-5.75,-33.31,3.88,260.4,-78.74,-159.55
52.416176,-1.557504,160.28,7.93,3,314.76,21 / 22,2235329,2019-09-06 18:53:22:011,0.0011,-1.2719,10.1544,-0.0008,0.0235,9.8065,-0.0898,-0.0319,-0.0394,-5.37,-33.37,4.19,251.69,-78.7,-160.07
52.416176,-1.557504,160.28,7.93,3,314.76,21 / 22,2235428,2019-09-06 18:53:22:110,-0.9757,-0.2684,9.3015,-0.011,-0.0077,9.8066,-0.0019,0.0104,-0.0413,-5.37,-33.81,4.31,250.01,-78.87,-160.64
52.416176,-1.557504,160.28,7.93,3,314.76,21 / 22,2235529,2019-09-06 18:53:22:211,0.0715,-0.7269,9.9,-0.0388,-0.0309,9.8065,-0.0949,-0.0032,-0.0057,-5,-32.81,3.94,254.19,-79,-160.46
52.416176,-1.557504,160.28,7.93,3,314.76,21 / 22,2235628,2019-09-06 18:53:22:310,1.8011,-0.7171,10.3001,0.0502,0.0087,9.8065,-0.1786,0.0688,-0.0598,-5.69,-33.25,3.94,264.41,-79.22,-159.25
52.416176,-1.557504,160.28,7.93,3,314.76,21 / 22,2235729,2019-09-06 18:53:22:411,-0.2722,-0.7804,10.7642,0.0217,0.0217,9.8065,-0.0238,-0.0169,0.0409,-5.62,-33.25,3.56,264.58,-79.2,-158.85
52.416176,-1.557504,160.28,7.93,3,314.76,21 / 22,2235829,2019-09-06 18:53:22:511,0.4391,0.3588,10.7236,0.0598,0.0184,9.8064,0.0032,0.0177,-0.005,-5.69,-33.31,3.44,252.05,-78.95,-158.96
52.416176,-1.557504,160.28,7.93,3,314.76,21 / 22,2235929,2019-09-06 18:53:22:611,1.9668,2.2139,10.5278,0.0626,0.0491,9.8062,0.1105,0.0718,-0.0396,-5.31,-33.62,4,247.82,-78.59,-159.73
52.416176,-1.557504,160.28,7.93,3,314.76,21 / 22,2236028,2019-09-06 18:53:22:710,-0.0691,0.1279,8.9431,-0.0282,-0.0105,9.8066,-0.0224,0.032,-0.0879,-5.31,-33.87,3.69,245.96,-78.4,-160.57
52.416176,-1.557504,160.28,7.93,3,314.76,21 / 22,2236128,2019-09-06 18:53:22:810,-0.4291,0.9492,8.8756,-0.0053,0.0023,9.8065,-0.0852,0.0129,-0.0124,-5.25,-33.44,3.94,248.37,-78.37,-161.3
52.416176,-1.557504,160.28,7.93,3,314.76,21 / 22,2236229,2019-09-06 18:53:22:911,0.1301,-1.5767,10.2238,-0.0527,-0.0373,9.8064,0.2325,-0.0991,-0.0269,-5.75,-33.31,4.13,256.94,-78.42,-161.16
52.416176,-1.557504,160.28,7.93,3,314.76,21 / 22,2236329,2019-09-06 18:53:23:011,-0.6756,3.0274,9.2325,-0.0549,-0.0581,9.8062,0.421,0.185,-0.0752,-5.62,-32.62,3.81,261.64,-79.01,-160.66
52.416176,-1.557504,160.28,7.93,3,314.76,22 / 22,2236428,2019-09-06 18:53:23:110,1.2965,0.1923,9.9535,0.0718,-0.0056,9.8063,-0.0331,0.071,-0.014,-5.5,-33.12,4.56,263.01,-78.41,-160.4
52.416176,-1.557504,160.28,7.93,3,314.76,22 / 22,2236530,2019-09-06 18:53:23:212,2.0191,1.893,9.9818,0.0049,-0.0198,9.8066,0.3529,0.0336,0.1282,-5.37,-33.37,4.06,249.4,-78.42,-159.2
52.416176,-1.557504,160.28,7.93,3,314.76,22 / 22,2236629,2019-09-06 18:53:23:311,1.4245,-0.6789,9.9486,0.0264,0.0043,9.8066,-0.1142,0.0654,-0.0336,-5.62,-32.69,3.81,255.96,-78.06,-158.44
52.416176,-1.557504,160.28,7.93,3,314.76,22 / 22,2236728,2019-09-06 18:53:23:410,0.6352,-1.1707,10.5219,0.0282,0.0128,9.8065,0.0084,-0.0469,0.0797,-5.69,-32.75,4.06,256.3,-78.09,-158.21
52.416176,-1.557504,160.28,7.93,3,314.76,22 / 22,2236829,2019-09-06 18:53:23:511,1.5391,0.4816,8.9028,-0.0154,-0.0145,9.8066,0.0712,0.0689,-0.0426,-5.69,-33.37,3.81,255.21,-77.9,-157.55
52.416176,-1.557504,160.28,7.93,3,314.76,22 / 22,2236929,2019-09-06 18:53:23:611,0.6293,0.2339,9.2425,0.0533,0.0347,9.8063,-0.0488,-0.0175,-0.0069,-6.19,-32.75,4.06,254.48,-77.81,-157.64
52.416176,-1.557504,160.28,7.93,3,314.76,22 / 22,2237029,2019-09-06 18:53:23:711,-1.8639,0.2598,10.3825,-0.089,-0.0597,9.806,0.3074,-0.1035,0.1384,-5.69,-33,3.75,259.16,-78.35,-156.88
52.416176,-1.557504,160.28,7.93,3,314.76,22 / 22,2237129,2019-09-06 18:53:23:811,0.8092,0.5889,10.0577,-0.0307,-0.0483,9.8064,0.0087,0.1023,-0.1203,-5.69,-33.5,4.19,257.18,-78.07,-156.49
52.416176,-1.557504,160.28,7.93,3,314.76,22 / 22,2237228,2019-09-06 18:53:23:910,0.0577,0.1508,9.0264,-0.0197,-0.015,9.8066,-0.0371,0.0991,-0.0506,-5.75,-32.69,3,248.35,-78.2,-156.46
52.416176,-1.557504,160.28,7.93,3,314.76,22 / 22,2237329,2019-09-06 18:53:24:011,-0.343,1.7418,8.4881,-0.0248,-0.017,9.8065,-0.051,0.0992,0.0477,-6,-33.19,4,259.97,-78.4,-156.39
52.416176,-1.557504,160.28,7.93,3,314.76,22 / 22,2237430,2019-09-06 18:53:24:112,-0.1689,0.0883,9.0877,-0.0208,-0.0323,9.8065,-0.1224,0.0586,-0.0707,-6,-33.31,3.38,249.28,-78.28,-155.51
52.416176,-1.557504,160.28,7.93,3,314.76,22 / 22,2237528,2019-09-06 18:53:24:210,-0.6835,-0.6904,11.3313,0.0269,0.0226,9.8065,-0.1889,0.009,-0.0474,-6.44,-33,3.25,250.64,-78.46,-155.33
52.416176,-1.557504,160.28,7.93,3,314.76,22 / 22,2237629,2019-09-06 18:53:24:311,-0.3256,0.4615,9.6223,0.039,0.0422,9.8064,0.2533,0.0807,-0.0166,-5.62,-32.75,3.5,259.11,-78.35,-156.98
52.416176,-1.557504,160.28,7.93,3,314.76,22 / 22,2237728,2019-09-06 18:53:24:410,1.1986,-3.0663,11.9588,0.036,0.0251,9.8065,-0.0622,-0.1149,-0.0736,-6.69,-33.62,3.13,252.83,-78.17,-157.6
52.416176,-1.557504,160.28,7.93,3,314.76,22 / 22,2237829,2019-09-06 18:53:24:511,-1.9449,0.7771,9.3763,-0.0041,0.0315,9.8065,-0.0111,-0.0565,0.0209,-5.19,-33.19,3.69,246.08,-78.04,-158.98
52.416176,-1.557504,160.28,7.93,3,314.76,22 / 22,2237929,2019-09-06 18:53:24:611,0.024,-0.3345,9.9323,-0.0295,0.0163,9.8065,-0.0433,-0.1355,-0.0256,-4.81,-33.19,3.38,238.03,-78.23,-159.75
52.416176,-1.557504,160.28,7.93,3,314.76,22 / 22,2238029,2019-09-06 18:53:24:711,-0.6321,1.902,10.094,0.018,0.0298,9.8066,-0.0084,-0.0987,-0.0686,-4.37,-33.25,3.81,236.41,-78.43,-160.46
52.416176,-1.557504,160.28,7.93,3,314.76,22 / 22,2238128,2019-09-06 18:53:24:810,0.0471,2.288,9.8306,-0.0117,0.0214,9.8065,0.1305,0.06,0.0548,-4.62,-32.87,3.31,238.73,-78.37,-161.05
52.416176,-1.557504,160.28,7.93,3,314.76,22 / 22,2238228,2019-09-06 18:53:24:910,0.706,1.2632,10.0761,0.028,0.0031,9.8066,-0.111,-0.158,-0.0221,-5.06,-33.31,4.38,247.87,-78.31,-161.2
52.416176,-1.557504,160.28,7.93,3,314.76,22 / 22,2238329,2019-09-06 18:53:25:011,-3.6236,-1.5644,9.9707,0.0267,0.0182,9.8065,-0.0817,0.1836,-0.2428,-5.25,-32.44,3.94,249.95,-78.19,-160.81
52.416176,-1.557504,160.28,7.93,3,314.76,21 / 21,2238428,2019-09-06 18:53:25:110,-1.3494,-1.159,11.1295,-0.0433,-0.0416,9.8064,0.2615,-0.0553,0.1883,-5.81,-32.87,4.13,257.18,-78.45,-161.15
52.416176,-1.557504,160.28,7.93,3,314.76,21 / 21,2238529,2019-09-06 18:53:25:211,1.87,-2.0903,10.4639,-0.0123,-0.0567,9.8064,0.0259,0.134,-0.0213,-5.31,-32.56,4.13,246.57,-78.12,-160.06
52.416176,-1.557504,160.28,7.93,3,314.76,21 / 21,2238629,2019-09-06 18:53:25:311,-1.2762,0.4169,10.181,0.0417,0.0118,9.8065,-0.0236,0.0469,-0.0184,-6.25,-32.56,4,255.5,-78.14,-160.17
52.416176,-1.557504,160.28,7.93,3,314.76,21 / 21,2238728,2019-09-06 18:53:25:410,-1.1862,1.4331,9.5774,0.0519,0.0215,9.8065,0.0081,0.1798,-0.1227,-5.94,-32.56,3.88,252.46,-77.69,-159.84
52.416176,-1.557504,160.28,7.93,3,314.76,21 / 21,2238829,2019-09-06 18:53:25:511,0.0014,0.7244,8.1875,0.0064,-0.0353,9.8065,-0.2104,-0.1386,0.0834,-6.25,-32.56,3.25,245.87,-77.98,-158.99
52.416176,-1.557504,160.28,7.93,3,314.76,21 / 21,2238928,2019-09-06 18:53:25:610,0.8611,-0.9055,10.0698,-0.0265,-0.0295,9.8066,-0.1032,-0.1115,-0.0965,-6.87,-32.69,2.81,254.38,-78.1,-157.74
52.416176,-1.557504,160.28,7.93,3,314.76,21 / 21,2239028,2019-09-06 18:53:25:710,-0.9344,-0.4631,10.6348,-0.0427,-0.0296,9.8064,0.2615,-0.1237,0.1543,-6.69,-32.56,2.75,254.94,-78.22,-157.98
52.416176,-1.557504,160.28,7.93,3,314.76,21 / 21,2239129,2019-09-06 18:53:25:811,-0.0689,0.725,9.2966,-0.0431,-0.0798,9.8062,0.2194,0.0963,0.0076,-6.94,-33,2.38,250.34,-78.55,-156.33
52.416176,-1.557504,160.28,7.93,3,314.76,21 / 21,2239229,2019-09-06 18:53:25:911,-0.5948,1.3393,9.1105,0.0331,0.0195,9.8065,-0.1612,0.1129,-0.1837,-6.25,-33.25,2.88,248.89,-78.26,-156.03
52.416176,-1.557504,160.28,7.93,3,314.76,21 / 21,2239329,2019-09-06 18:53:26:011,-2.5699,-1.6454,9.4302,0.0492,0.0632,9.8062,-0.2199,-0.0148,-0.0618,-6.56,-33.5,2.81,255.66,-78.24,-157.04
52.416176,-1.557504,160.28,7.93,3,314.76,22 / 22,2239428,2019-09-06 18:53:26:110,0.0771,0.0766,10.6931,0.0271,0.0505,9.8064,-0.0732,-0.1043,-0.003,-5.87,-33.06,2.94,248.46,-78.32,-157.93
52.416176,-1.557504,160.28,7.93,3,314.76,22 / 22,2239529,2019-09-06 18:53:26:211,1.0161,0.0112,10.1562,0.0056,0.0108,9.8065,0.0536,0.0979,-0.1791,-5.81,-32.37,2.94,250.44,-78.38,-159.31
52.416176,-1.557504,160.28,7.93,3,314.76,22 / 22,2239630,2019-09-06 18:53:26:312,1.0727,0.1499,9.3762,-0.0218,0.0052,9.8065,0.0834,0.0283,0.0976,-5.19,-32.5,2.38,235.56,-78.69,-159.93
52.416176,-1.557504,160.28,7.93,3,314.76,22 / 22,2239729,2019-09-06 18:53:26:411,-1.7896,-1.3275,10.1689,-0.0204,0.0061,9.8066,-0.2543,-0.1526,-0.0959,-5.44,-32.81,2.06,236.26,-79.18,-160.52
52.416176,-1.557504,160.28,7.93,3,314.76,22 / 22,2239829,2019-09-06 18:53:26:511,-2.3074,-0.3729,9.2786,-0.0152,0.0259,9.8065,-0.1285,0.0181,-0.2316,-4.81,-33,2,236.22,-79.23,-161.56
52.416176,-1.557504,160.28,7.93,3,314.76,22 / 22,2239928,2019-09-06 18:53:26:610,-0.802,0.3674,9.9642,-0.0101,-0.0101,9.8066,0.1335,-0.0345,0.1316,-5.12,-32.75,2,235.78,-79.27,-163.76
52.416176,-1.557504,160.28,7.93,3,314.76,22 / 22,2240029,2019-09-06 18:53:26:711,0.3702,0.6744,10.746,0.0103,-0.0138,9.8066,0.0308,0.1152,-0.1294,-4.56,-32.75,2.63,243.08,-79.11,-163.09
52.416176,-1.557504,160.28,7.93,3,314.76,22 / 22,2240128,2019-09-06 18:53:26:810,0.2281,-0.3863,10.3807,-0.0199,0.0104,9.8065,-0.0069,-0.1151,-0.0478,-4,-32.5,2.31,227.78,-79.3,-166.04
52.416176,-1.557504,160.28,7.93,3,314.76,22 / 22,2240229,2019-09-06 18:53:26:911,-2.6732,1.5695,8.6386,-0.048,-0.0513,9.8063,-0.0263,0.1504,-0.2525,-4.31,-32.81,2.19,227.53,-79.6,-166.84
52.416176,-1.557504,160.28,7.93,3,314.76,22 / 22,2240328,2019-09-06 18:53:27:010,-1.9028,2.7119,8.9199,-0.0156,-0.0101,9.8066,0.1023,-0.1045,0.297,-3.62,-32.69,2.31,228.07,-79.72,-167.77
52.416176,-1.557504,160.28,7.93,3,314.76,21 / 21,2240429,2019-09-06 18:53:27:111,-1.1957,-1.0037,9.336,-0.0233,-0.0354,9.8065,-0.166,-0.022,-0.2406,-4.87,-32,2.31,240.56,-80.03,-166.66
52.416176,-1.557504,160.28,7.93,3,314.76,21 / 21,2240528,2019-09-06 18:53:27:210,0.8496,0.6722,10.4845,0.0293,0.0471,9.8064,-0.0678,-0.0111,-0.015,-4.69,-32.62,2.69,245.98,-79.84,-167.75
52.416176,-1.557504,160.28,7.93,3,314.76,21 / 21,2240628,2019-09-06 18:53:27:310,1.3639,0.7099,9.9772,0.0422,0.0486,9.8064,-0.0369,0.0578,0.1491,-4.56,-32.19,2.56,246.03,-79.63,-169.06
52.416176,-1.557504,160.28,7.93,3,314.76,21 / 21,2240728,2019-09-06 18:53:27:410,-0.2063,1.0968,9.7824,-0.0134,-0.0225,9.8066,-0.0005,-0.0454,-0.0975,-4.94,-32.5,2.31,237.3,-79.61,-169.09
52.416176,-1.557504,160.28,7.93,3,314.76,21 / 21,2240829,2019-09-06 18:53:27:511,-0.4132,-0.2743,9.55,-0.0337,-0.011,9.8066,-0.1108,-0.0986,-0.1045,-4.5,-32.62,1.25,221.69,-79.72,-169.69
52.416176,-1.557504,160.28,7.93,3,314.76,21 / 21,2240928,2019-09-06 18:53:27:610,-1.0316,1.0762,9.1748,-0.0235,0.0132,9.8066,-0.1166,-0.0208,0.0735,-4.37,-32.62,1.25,223.15,-80.12,-170.25
52.416176,-1.557504,160.28,7.93,3,314.76,21 / 21,2241028,2019-09-06 18:53:27:710,-0.9866,0.9973,8.9514,-0.0032,0.0007,9.8066,0.0195,0.0863,-0.0623,-3.75,-33,0.88,224.3,-80.48,-171.58
52.416176,-1.557504,160.28,7.93,3,314.76,21 / 21,2241129,2019-09-06 18:53:27:811,-0.4133,1.4107,8.7209,-0.0165,-0.0246,9.8066,-0.1054,-0.0471,-0.0234,-4.06,-33.12,0.56,226.18,-80.91,-171.55
52.416176,-1.557504,160.28,7.93,3,314.76,21 / 21,2241229,2019-09-06 18:53:27:911,-0.6012,-0.235,8.8191,-0.0172,-0.0205,9.8065,-0.1444,0.0314,0.0495,-3.94,-32.62,0,221.48,-81.15,-171.19
52.416176,-1.557504,160.28,7.93,3,314.76,21 / 21,2241329,2019-09-06 18:53:28:011,0.2079,0.8495,9.3207,-0.0141,-0.0179,9.8065,0.0384,0.0446,-0.0123,-5.25,-32.19,0,231.17,-81.47,-171.03
52.416176,-1.557504,160.28,7.93,3,314.76,21 / 22,2241429,2019-09-06 18:53:28:111,0.145,0.1935,9.9502,-0.0288,-0.0388,9.8065,-0.2648,0.0789,-0.0748,-5.19,-31.62,0.63,239.27,-81.71,-170.66
52.416176,-1.557504,160.28,7.93,3,314.76,21 / 22,2241529,2019-09-06 18:53:28:211,0.7904,1.3407,10.2191,0.0762,0.0539,9.8062,-0.1888,0.1527,-0.0958,-4.62,-31.5,1.38,238.44,-81.44,-172.17
52.416176,-1.557504,160.28,7.93,3,314.76,21 / 22,2241629,2019-09-06 18:53:28:311,0.8227,1.8088,9.7418,0.0192,0.0597,9.8064,-0.022,-0.0005,0.0258,-4.19,-31.44,1.06,231.87,-81.74,-173.69
52.416176,-1.557504,160.28,7.93,3,314.76,21 / 22,2241728,2019-09-06 18:53:28:410,1.1894,-0.2756,9.509,-0.0266,-0.0357,9.8065,-0.0527,-0.0687,0.0545,-2.37,-31.94,0.63,211.06,-82.24,-173.6
52.416176,-1.557504,160.28,7.93,3,314.76,21 / 22,2241829,2019-09-06 18:53:28:511,-2.4464,-2.0142,9.4251,-0.0074,-0.0233,9.8066,-0.2006,0.0982,-0.0078,-3.25,-32,0.31,217.06,-82.29,-173.25
52.416176,-1.557504,160.28,7.93,3,314.76,21 / 22,2241929,2019-09-06 18:53:28:611,-0.4677,0.8258,9.8637,0.0017,-0.0475,9.8065,0.174,0.0449,0.0468,-2.44,-31.69,-0.12,206.43,-82.41,-173.31
52.416176,-1.557504,160.28,7.93,3,314.76,21 / 22,2242029,2019-09-06 18:53:28:711,0.3825,0.9277,9.443,-0.0252,-0.0763,9.8063,0.0289,-0.0068,0.0447,-2.94,-31.81,-0.25,220.11,-82.8,-170.28
52.416176,-1.557504,160.28,7.93,3,314.76,21 / 22,2242129,2019-09-06 18:53:28:811,-0.0353,0.394,9.937,0.0328,0.0387,9.8065,-0.1585,0.0985,-0.0428,-3.56,-32,0,230.05,-82.67,-168.36
52.416176,-1.557504,160.28,7.93,3,314.76,21 / 22,2242229,2019-09-06 18:53:28:911,-1.1437,-0.8527,10.263,0.0337,0.0491,9.8064,-0.1403,0.0572,0.0068,-3.06,-32.12,0.19,220.79,-82.79,-168.12
52.416176,-1.557504,160.28,7.93,3,314.76,21 / 22,2242329,2019-09-06 18:53:29:011,0.0437,-2.2052,9.3827,-0.0011,0.0015,9.8066,-0.0865,-0.0526,0.0355,-4.19,-31.75,-0.5,232.57,-83.01,-166.66
52.41687,-1.558057,163.57,10.36,3,333.47,22 / 22,2242429,2019-09-06 18:53:29:111,-0.5409,1.0589,9.6074,0.0046,0.012,9.8065,-0.0975,-0.0024,-0.01,-4.06,-31.12,0,233.88,-83.06,-166.86
52.41687,-1.558057,163.57,10.36,3,333.47,22 / 22,2242529,2019-09-06 18:53:29:211,0.611,0.9895,9.478,-0.0452,-0.0374,9.8064,0.2145,-0.0245,0.0298,-5.31,-31.06,-0.44,242.59,-83.27,-167.13
52.41687,-1.558057,163.57,10.36,3,333.47,22 / 22,2242628,2019-09-06 18:53:29:310,-0.8261,0.2126,10.0204,-0.0238,-0.0341,9.8065,0.155,0.0652,-0.0072,-4.31,-30.31,0.56,246.95,-83.37,-166.25
52.41687,-1.558057,163.57,10.36,3,333.47,22 / 22,2242728,2019-09-06 18:53:29:410,-0.8852,-0.0172,9.7315,-0.0017,0.0058,9.8066,-0.0905,0.1287,-0.0996,-4.19,-29.62,2.13,260.11,-83.44,-167.02
52.41687,-1.558057,163.57,10.36,3,333.47,22 / 22,2242829,2019-09-06 18:53:29:511,-1.6965,-0.5107,9.9213,0.0076,0.0066,9.8066,0.0498,-0.0734,-0.0019,-3,-29.69,0.56,237.34,-83.6,-167.88
52.41687,-1.558057,163.57,10.36,3,333.47,22 / 22,2242929,2019-09-06 18:53:29:611,-1.062,0.6719,9.1834,-0.0015,0.0061,9.8065,-0.0743,0.0386,0.0771,-2.44,-30.31,-0.06,213.6,-83.57,-167.86
52.41687,-1.558057,163.57,10.36,3,333.47,22 / 22,2243029,2019-09-06 18:53:29:711,-2.3453,-0.3683,8.9036,0.0173,0.0276,9.8065,0.1822,-0.0274,0.0468,-2.56,-30.5,-0.5,227.47,-83.56,-166.69
52.41687,-1.558057,163.57,10.36,3,333.47,22 / 22,2243129,2019-09-06 18:53:29:811,-0.4385,-0.3356,9.7796,0.0075,-0.0532,9.8065,0.1089,0.0646,0.0055,-2.31,-30.75,-0.25,214.73,-83.84,-163.7
52.41687,-1.558057,163.57,10.36,3,333.47,22 / 22,2243228,2019-09-06 18:53:29:910,-0.3131,-0.8782,10.5039,-0.0014,-0.0418,9.8065,0.1282,-0.0257,0.0563,-2.56,-30.81,-0.44,229.85,-83.86,-162.42
52.41687,-1.558057,163.57,10.36,3,333.47,22 / 22,2243329,2019-09-06 18:53:30:011,-1.4879,0.12,9.82,0.0269,0.036,9.8065,-0.0888,0.0456,0.0585,-2.19,-30.62,0,215.29,-83.86,-161.27
52.41687,-1.558057,163.57,10.36,3,333.47,21 / 21,2243429,2019-09-06 18:53:30:111,-0.3975,-0.3879,9.5643,0.0297,0.0251,9.8065,0.0577,0.0133,0.0878,-2.87,-31.81,-0.56,222.44,-83.51,-158.57
52.41687,-1.558057,163.57,10.36,3,333.47,21 / 21,2243528,2019-09-06 18:53:30:210,0.1692,-0.564,9.5137,0.0102,-0.0315,9.8066,-0.0096,0.0899,-0.0149,-2.37,-31.69,-0.87,211.4,-83.55,-155.12
52.41687,-1.558057,163.57,10.36,3,333.47,21 / 21,2243629,2019-09-06 18:53:30:311,-1.2831,-0.9904,8.8098,-0.0153,-0.0306,9.8065,-0.0465,0.0636,0.0181,-2.5,-31.87,-0.94,211.93,-83.67,-155.02
52.41687,-1.558057,163.57,10.36,3,333.47,21 / 21,2243728,2019-09-06 18:53:30:410,-0.6399,1.2509,9.1212,0.0084,-0.0015,9.8066,-0.1212,0.0546,-0.0177,-2.06,-31.12,-0.56,213.76,-83.78,-153.08
52.41687,-1.558057,163.57,10.36,3,333.47,21 / 21,2243828,2019-09-06 18:53:30:510,0.0756,0.5696,8.3026,-0.0157,0.0002,9.8065,-0.0099,0.0427,0.0162,-2.12,-31.37,-0.56,214.51,-83.96,-153.26
52.41687,-1.558057,163.57,10.36,3,333.47,21 / 21,2243929,2019-09-06 18:53:30:611,-4.7222,-1.0871,8.4857,0.0252,-0.0413,9.8065,-0.1736,0.0611,0.0669,-1.81,-30.62,-0.69,215.45,-84.11,-152.31
52.41687,-1.558057,163.57,10.36,3,333.47,21 / 21,2244029,2019-09-06 18:53:30:711,-1.0586,-1.3885,9.7723,-0.0158,0.0152,9.8066,-0.2093,-0.0758,0.0185,-2.25,-30.94,-1.06,215.83,-84,-149.54
52.41687,-1.558057,163.57,10.36,3,333.47,21 / 21,2244128,2019-09-06 18:53:30:810,-1.435,-0.5665,10.0229,0.0022,-0.0828,9.8063,0.1599,-0.0096,0.1274,-3.06,-31.75,-1.12,231.96,-84.17,-145.43
52.41687,-1.558057,163.57,10.36,3,333.47,21 / 21,2244229,2019-09-06 18:53:30:911,0.2069,-5.0171,9.6884,0.0195,-0.0158,9.8066,-0.2655,0.0088,0.0587,-2.5,-32,-0.94,213.81,-83.53,-145.8
52.41687,-1.558057,163.57,10.36,3,333.47,21 / 21,2244329,2019-09-06 18:53:31:011,-1.8298,2.432,10.1276,-0.0078,-0.0722,9.8063,0.3741,0.1919,0.0077,-3,-31.69,0.13,231.14,-83.37,-144.6
52.41687,-1.558057,163.57,10.36,3,333.47,22 / 22,2244429,2019-09-06 18:53:31:111,-1.2504,1.3303,10.138,-0.0144,-0.0732,9.8063,0.0908,0.1849,0.0247,-3.06,-32.5,0.38,230.39,-83.27,-144.42
52.41687,-1.558057,163.57,10.36,3,333.47,22 / 22,2244529,2019-09-06 18:53:31:211,-0.6337,-0.7706,10.6644,0.0179,-0.0311,9.8065,0.2942,0.0913,0.0382,-3.12,-31.87,0,230,-83.19,-143.5
52.41687,-1.558057,163.57,10.36,3,333.47,22 / 22,2244628,2019-09-06 18:53:31:310,-0.3904,0.4429,10.5764,-0.0199,-0.1244,9.8057,0.4532,-0.0785,0.0919,-3.12,-32.44,0.5,240.7,-83.53,-138.49
52.41687,-1.558057,163.57,10.36,3,333.47,22 / 22,2244729,2019-09-06 18:53:31:411,-0.628,0.3985,8.5779,0.0052,0.0727,9.8064,-0.2347,0.0868,-0.0056,-3.25,-32.12,0.75,233.62,-83,-140.79
52.41687,-1.558057,163.57,10.36,3,333.47,22 / 22,2244828,2019-09-06 18:53:31:510,-0.1564,-1.4718,9.9909,-0.0178,0.0758,9.8063,-0.105,0.049,-0.1461,-2.87,-32,0,230.87,-83.26,-142.14
52.41687,-1.558057,163.57,10.36,3,333.47,22 / 22,2244928,2019-09-06 18:53:31:610,-4.2628,-0.6607,10.7967,-0.0207,0.0227,9.8065,-0.0723,0.0738,0.0586,-2.06,-31.56,1.31,217.33,-83.94,-145.99
52.41687,-1.558057,163.57,10.36,3,333.47,22 / 22,2245028,2019-09-06 18:53:31:710,-2.2174,-3.443,10.4218,0.0161,0.0298,9.8065,0.275,0.1624,0.1158,-1.37,-32.12,1.38,186.63,-83.72,-145.03
52.41687,-1.558057,163.57,10.36,3,333.47,22 / 22,2245129,2019-09-06 18:53:31:811,0.3688,-0.9865,9.1332,-0.0196,0.0513,9.8064,0.0102,0.2042,-0.0682,-2.12,-31.5,2.31,205.31,-82.81,-145.81
52.41687,-1.558057,163.57,10.36,3,333.47,22 / 22,2245229,2019-09-06 18:53:31:911,-1.6485,-1.2836,9.5723,-0.0123,0.0258,9.8065,0.213,0.0123,0.0376,-1.37,-31.69,2.94,155.28,-82.27,-151.34
52.41687,-1.558057,163.57,10.36,3,333.47,22 / 22,2245329,2019-09-06 18:53:32:011,-0.4247,0.8043,10.076,0.0418,-0.1163,9.8058,0.2286,0.0547,0.0504,-1.75,-32.31,2.44,201.98,-82.67,-145.93
52.41687,-1.558057,163.57,10.36,3,333.47,22 / 22,2245429,2019-09-06 18:53:32:111,0.7963,0.3657,10.9442,0.0857,-0.0718,9.806,0.2448,0.0232,0.1126,-1.06,-32.56,1.75,165.79,-83.03,-141.44
52.41687,-1.558057,163.57,10.36,3,333.47,22 / 22,2245529,2019-09-06 18:53:32:211,0.2028,0.9869,10.8311,-0.0529,-0.0054,9.8064,0.2503,0.0175,0.0284,-1.37,-32.56,2.88,137.99,-82.76,-141.32
52.41687,-1.558057,163.57,10.36,3,333.47,22 / 22,2245629,2019-09-06 18:53:32:311,-0.7378,-3.7369,9.7432,0.0337,-0.0128,9.8065,0.5154,0.3482,-0.2166,-0.87,-32.5,2.69,134.06,-82.86,-142.16
52.41687,-1.558057,163.57,10.36,3,333.47,22 / 22,2245729,2019-09-06 18:53:32:411,0.0867,-2.7788,10.9843,-0.1011,-0.0518,9.8059,-0.1309,0.1321,0.0653,-1.31,-32.69,4.31,101.92,-82.82,-144.42
52.41687,-1.558057,163.57,10.36,3,333.47,22 / 22,2245828,2019-09-06 18:53:32:510,-0.6036,-2.6417,11.2322,-0.0343,-0.0191,9.8065,0.0499,0.2425,-0.106,-0.31,-31.69,4.31,111,-82.55,-146
52.41687,-1.558057,163.57,10.36,3,333.47,22 / 22,2245929,2019-09-06 18:53:32:611,1.3939,1.3521,10.2958,-0.0233,-0.0593,9.8064,-0.229,0.1406,-0.0077,-0.87,-32.19,4.69,67.76,-82.82,-148.02
52.41687,-1.558057,163.57,10.36,3,333.47,22 / 22,2246029,2019-09-06 18:53:32:711,2.3197,-2.5849,10.1722,-0.0667,-0.0601,9.8062,-0.0738,0.2247,-0.0481,0.44,-31.87,4.56,83.95,-82.9,-148.56
52.41687,-1.558057,163.57,10.36,3,333.47,22 / 22,2246129,2019-09-06 18:53:32:811,1.3201,-2.5218,9.1525,0.0081,0.0087,9.8066,-0.1169,0.2306,0.031,1,-31.37,5.13,86.96,-83.43,-148.77
52.41687,-1.558057,163.57,10.36,3,333.47,22 / 22,2246229,2019-09-06 18:53:32:911,1.7328,-2.6197,8.7702,-0.0368,0.018,9.8065,-0.2439,0.3317,-0.0963,1.25,-31.69,4.25,107.85,-83.21,-147.62
52.41687,-1.558057,163.57,10.36,3,333.47,22 / 22,2246329,2019-09-06 18:53:33:011,1.3191,-1.3898,9.001,0.0483,0.0037,9.8064,0.0107,0.2001,0.0758,1.38,-31.19,4.38,104.69,-83.38,-146.8
52.41687,-1.558057,163.57,10.36,3,333.47,22 / 22,2246429,2019-09-06 18:53:33:111,0.7851,-0.5234,11.7572,0.0072,0.0296,9.8065,-0.1426,0.2756,-0.0055,1.19,-30.94,4.63,89.46,-83.64,-144.48
52.41687,-1.558057,163.57,10.36,3,333.47,22 / 22,2246528,2019-09-06 18:53:33:210,0.1473,0.465,10.389,0.0702,0.0254,9.8063,0.4191,0.1404,0.062,1.69,-31.37,5.31,97.79,-83.76,-142.54
52.41687,-1.558057,163.57,10.36,3,333.47,22 / 22,2246629,2019-09-06 18:53:33:311,0.6334,-2.1664,10.3318,0.0598,0.0472,9.8063,0.1376,0.2386,-0.1084,1.69,-31.56,6,89.97,-83.6,-143.06
52.41687,-1.558057,163.57,10.36,3,333.47,22 / 22,2246730,2019-09-06 18:53:33:412,-0.1796,-2.9434,11.0853,-0.0208,-0.0293,9.8065,0.4153,0.245,0.012,1.75,-31.31,7.19,79.54,-83.4,-145.47
52.41687,-1.558057,163.57,10.36,3,333.47,22 / 22,2246829,2019-09-06 18:53:33:511,-2.0923,-2.8709,10.8383,0.091,0.0654,9.806,-0.4282,0.3073,-0.1289,2.69,-31.5,6.75,84.82,-83.87,-144.2
52.41687,-1.558057,163.57,10.36,3,333.47,22 / 22,2246929,2019-09-06 18:53:33:611,0.9505,-0.6107,11.5566,-0.0621,-0.0652,9.8062,-0.0027,0.1951,-0.0168,2.75,-30.75,6.81,85.35,-83.87,-143.7
52.41687,-1.558057,163.57,10.36,3,333.47,22 / 22,2247028,2019-09-06 18:53:33:710,-0.0519,-2.894,10.4391,-0.0126,0.0023,9.8066,0.2054,0.2585,-0.0503,3.25,-31.44,6.88,84.16,-83.71,-145.6
52.41687,-1.558057,163.57,10.36,3,333.47,22 / 22,2247129,2019-09-06 18:53:33:811,0.7733,-4.3244,10.0256,-0.0096,0.0009,9.8066,0.1704,0.2541,-0.0783,2.75,-31,7.81,77.4,-83.75,-146.02
52.41687,-1.558057,163.57,10.36,3,333.47,22 / 22,2247229,2019-09-06 18:53:33:911,2.9016,-3.9697,9.7488,-0.0133,-0.0346,9.8066,0.0305,0.3491,-0.0741,3.31,-32.19,7.13,83.34,-83.58,-147.89
52.41687,-1.558057,163.57,10.36,3,333.47,22 / 22,2247329,2019-09-06 18:53:34:011,-0.9755,-2.041,10.0773,-0.02,0.0053,9.8066,0.1006,0.3727,-0.0142,2.63,-31.06,8.44,75.46,-83.55,-148.59
52.41687,-1.558057,163.57,10.36,3,333.47,22 / 22,2247431,2019-09-06 18:53:34:113,4.219,-3.8823,10.3702,-0.0025,-0.0132,9.8066,-0.0305,0.2095,0.01,2.5,-31.75,9.19,71.63,-83.58,-148.02
52.41687,-1.558057,163.57,10.36,3,333.47,22 / 22,2247529,2019-09-06 18:53:34:211,0.3936,-0.9373,10.055,0.0005,0.0176,9.8066,-0.08,0.1573,-0.0116,3.19,-31.75,9.63,69.37,-83.68,-145.94
52.41687,-1.558057,163.57,10.36,3,333.47,22 / 22,2247628,2019-09-06 18:53:34:310,4.0005,-4.002,9.1957,0.0034,0.014,9.8066,0.0151,0.5045,-0.1584,3,-32.25,9.81,70.24,-83.79,-144.86
52.41687,-1.558057,163.57,10.36,3,333.47,22 / 22,2247730,2019-09-06 18:53:34:412,1.6747,-2.4325,10.231,-0.0077,0.0292,9.8066,0.1795,0.3325,-0.0863,3.75,-31.5,10,71.13,-83.87,-147.78
52.41687,-1.558057,163.57,10.36,3,333.47,22 / 22,2247829,2019-09-06 18:53:34:511,2.2423,-2.0852,10.6812,0.0274,0.0243,9.8065,0.1533,0.2731,0.1303,3.5,-31.31,10.38,73.94,-83.69,-145.75
52.41687,-1.558057,163.57,10.36,3,333.47,22 / 22,2247928,2019-09-06 18:53:34:610,3.9716,0.2943,11.1732,0.0228,0.0549,9.8065,0.3463,0.11,-0.0877,4.13,-31.44,11,70.95,-83.74,-145.06
52.41687,-1.558057,163.57,10.36,3,333.47,22 / 22,2248029,2019-09-06 18:53:34:711,2.1916,-2.2872,9.8694,0.0992,0.1092,9.8055,0.5372,0.1641,0.0273,3.25,-31.19,11.19,65.89,-83.82,-145.07
52.41687,-1.558057,163.57,10.36,3,333.47,22 / 22,2248128,2019-09-06 18:53:34:810,1.7124,-3.0603,10.6375,-0.0734,-0.07,9.8061,0.029,0.3611,-0.0699,3.69,-31.56,11.38,69.12,-83.36,-148.28
52.41687,-1.558057,163.57,10.36,3,333.47,22 / 22,2248228,2019-09-06 18:53:34:910,1.0302,-4.1932,9.4405,-0.0095,0.0112,9.8066,0.3762,0.3586,-0.0747,3.06,-32.44,11.75,63.39,-83.67,-145.63
52.41687,-1.558057,163.57,10.36,3,333.47,22 / 22,2248328,2019-09-06 18:53:35:010,2.7352,-2.2172,7.9082,-0.0207,-0.0323,9.8066,-0.3506,0.1909,-0.0645,4.19,-33.31,12.63,64.06,-83.97,-146.47
52.41687,-1.558057,163.57,10.36,3,333.47,22 / 22,2248429,2019-09-06 18:53:35:111,0.8506,-1.634,9.4315,-0.0513,-0.0956,9.806,-0.5057,0.1723,0.0411,4.13,-32.06,13.75,60.18,-83.48,-148.49
52.41687,-1.558057,163.57,10.36,3,333.47,22 / 22,2248528,2019-09-06 18:53:35:210,1.4103,-3.2639,9.6811,0.0437,0.0768,9.8062,0.2309,0.2258,0.0512,4.06,-31.62,14.25,62.99,-83.77,-145.42
52.41687,-1.558057,163.57,10.36,3,333.47,22 / 22,2248628,2019-09-06 18:53:35:310,0.3318,-0.0733,10.5247,-0.0084,0.0248,9.8066,0.0983,0.0512,-0.0242,3.19,-31.69,14.13,59.86,-83.44,-145.21
52.41687,-1.558057,163.57,10.36,3,333.47,22 / 22,2248729,2019-09-06 18:53:35:411,1.7456,-2.9145,10.0015,-0.0062,-0.0412,9.8065,-0.0687,0.1881,-0.088,3.94,-32.06,14.88,60.4,-83,-147.4
52.41687,-1.558057,163.57,10.36,3,333.47,22 / 22,2248828,2019-09-06 18:53:35:510,0.6295,0.6666,10.2084,-0.0004,-0.0245,9.8066,0.2073,0.1916,-0.0484,4.38,-32.19,15.19,58.89,-83.03,-148.66
52.41687,-1.558057,163.57,10.36,3,333.47,22 / 22,2248928,2019-09-06 18:53:35:610,-0.6466,-0.5447,11.2906,0.0304,0.026,9.8066,0.2933,0.1017,0.0148,4.13,-32.31,15,60.29,-82.74,-148.01
52.41687,-1.558057,163.57,10.36,3,333.47,22 / 22,2249029,2019-09-06 18:53:35:711,-0.3298,-2.7781,8.7411,0.0338,0.0615,9.8063,0.1842,0.2531,0.0568,3.5,-31.69,15,59.75,-83.17,-147.64
52.41687,-1.558057,163.57,10.36,3,333.47,22 / 22,2249129,2019-09-06 18:53:35:811,0.5577,-0.8183,9.6126,0.0111,-0.0127,9.8066,0.0735,0.0885,-0.1378,3.75,-32.19,15.56,56.21,-83.04,-149.35
52.41687,-1.558057,163.57,10.36,3,333.47,22 / 22,2249229,2019-09-06 18:53:35:911,0.6271,-1.1963,9.3642,0.0372,0.001,9.8065,0.0084,0.0366,-0.1787,4,-32.06,15.38,55.61,-83.42,-150.8
52.41687,-1.558057,163.57,10.36,3,333.47,22 / 22,2249328,2019-09-06 18:53:36:010,1.6168,0.2058,9.4346,0.0491,-0.0153,9.8065,0.0832,-0.1005,0.0177,4.69,-30.87,15.31,52.32,-83.79,-155.98
52.41687,-1.558057,163.57,10.36,3,333.47,22 / 22,2249428,2019-09-06 18:53:36:110,0.3169,-0.8206,9.4588,0.0293,-0.0272,9.8065,-0.0306,0.1228,-0.2131,4.06,-31.62,14.44,46,-83.84,-159.92
52.41687,-1.558057,163.57,10.36,3,333.47,22 / 22,2249529,2019-09-06 18:53:36:211,2.1433,-1.7894,9.0736,0.0136,-0.0243,9.8066,-0.0759,0.0962,-0.0077,5.25,-32,15.56,42.02,-83.96,-163.24
52.41687,-1.558057,163.57,10.36,3,333.47,22 / 22,2249629,2019-09-06 18:53:36:311,-1.4536,-1.7546,8.865,0.0295,-0.0614,9.8063,-0.094,0.1089,0.0896,5.44,-31.44,15,37.81,-83.95,-168.07
52.41687,-1.558057,163.57,10.36,3,333.47,22 / 22,2249729,2019-09-06 18:53:36:411,0.9517,0.165,10.1765,0.0107,0.0151,9.8066,-0.0553,0.0819,-0.1573,5.13,-31.25,15,35.06,-84.19,-170.06
52.41687,-1.558057,163.57,10.36,3,333.47,22 / 22,2249829,2019-09-06 18:53:36:511,0.2257,-0.2631,9.9115,0.0407,0.0156,9.8065,-0.0148,0.0196,-0.0607,5.44,-30.81,15.75,28.73,-84.41,-173.71
52.41687,-1.558057,163.57,10.36,3,333.47,22 / 22,2249929,2019-09-06 18:53:36:611,-0.7391,-1.5375,10.4325,-0.0078,-0.0375,9.8065,0.0391,0.0559,-0.0583,5.56,-31.06,15.63,28.35,-84.36,-177.19
52.41687,-1.558057,163.57,10.36,3,333.47,22 / 22,2250030,2019-09-06 18:53:36:712,0.1691,-0.2566,10.7065,0.0183,-0.001,9.8065,0.0992,0.0234,-0.0327,6.13,-31.19,15.19,27.78,-84.54,-179.01
52.41687,-1.558057,163.57,10.36,3,333.47,22 / 22,2250128,2019-09-06 18:53:36:810,-1.3407,-1.1384,10.0931,-0.0103,-0.0598,9.8064,-0.0701,0.2158,-0.0819,5.94,-31.56,16,23.79,-84.55,179.02
52.41687,-1.558057,163.57,10.36,3,333.47,22 / 22,2250229,2019-09-06 18:53:36:911,-0.2993,-0.4907,11.1403,-0.0312,-0.0587,9.8064,-0.0105,-0.059,0.1013,5.75,-31.62,16.19,21.42,-84.19,176.8
52.41687,-1.558057,163.57,10.36,3,333.47,22 / 22,2250329,2019-09-06 18:53:37:011,0.0505,-0.8172,11.1102,0.0189,-0.0027,9.8066,0.1132,0.0409,0.1289,6.5,-30.87,16.5,23.8,-84.03,177.24
52.41687,-1.558057,163.57,10.36,3,333.47,22 / 22,2250428,2019-09-06 18:53:37:110,-2.5649,0.2211,10.4177,-0.0308,0.0068,9.8066,0.0874,0.1026,-0.0123,5.94,-31.06,17.06,21.42,-83.88,178.03
52.41687,-1.558057,163.57,10.36,3,333.47,22 / 22,2250529,2019-09-06 18:53:37:211,-1.2077,-1.5317,10.4348,-0.0189,-0.0337,9.8066,0.0129,0.0458,0.0923,6.06,-30.69,16.75,22.97,-83.65,179.14
52.41687,-1.558057,163.57,10.36,3,333.47,22 / 22,2250629,2019-09-06 18:53:37:311,0.3228,0.8489,8.7396,-0.0265,-0.0145,9.8066,-0.351,0.0685,-0.1987,6,-30.5,16.75,24.1,-83.85,-179.65
52.41687,-1.558057,163.57,10.36,3,333.47,22 / 22,2250729,2019-09-06 18:53:37:411,-1.9535,-0.9834,8.9069,0.0234,-0.0326,9.8065,-0.0847,-0.0339,0.0961,5.06,-30.69,16.88,20.79,-84.09,-179.37
52.41687,-1.558057,163.57,10.36,3,333.47,22 / 22,2250828,2019-09-06 18:53:37:510,-1.1892,1.3722,11.2285,-0.0271,-0.032,9.8065,-0.038,-0.0084,0.0038,5.44,-30.25,15.94,19.71,-84.02,178.65
52.41687,-1.558057,163.57,10.36,3,333.47,22 / 22,2250929,2019-09-06 18:53:37:611,0.5208,-1.4958,9.9368,0.0143,-0.0126,9.8065,0.0414,-0.0151,-0.0168,5.75,-30,15.94,19.81,-84.16,175.69
52.41687,-1.558057,163.57,10.36,3,333.47,22 / 22,2251029,2019-09-06 18:53:37:711,0.3311,-0.7221,9.9904,0.0158,0.0077,9.8066,0.0934,0.0445,-0.0313,5.31,-30.69,15.94,15.52,-84.2,175.22
52.41687,-1.558057,163.57,10.36,3,333.47,22 / 22,2251128,2019-09-06 18:53:37:810,0.7085,2.1917,10.4547,0.0238,0.0047,9.8066,0.0926,0.0205,0.0241,5.94,-30.06,15.38,17.17,-84.23,172.13
52.41687,-1.558057,163.57,10.36,3,333.47,22 / 22,2251229,2019-09-06 18:53:37:911,-0.4381,-0.3484,10.7635,0.0302,0.032,9.8065,0.1313,-0.055,0.0332,5.19,-29.75,15.44,11.12,-84.22,170.52
52.41687,-1.558057,163.57,10.36,3,333.47,22 / 22,2251329,2019-09-06 18:53:38:011,-1.0103,0.225,9.98,0.0118,-0.0332,9.8065,-0.0051,0.0943,-0.0669,3.88,-30.37,16.31,6.03,-84.15,170.85
52.417225,-1.559119,166.64,11.66,3,268.63,22 / 22,2251429,2019-09-06 18:53:38:111,-0.1747,-0.3582,9.2792,0.012,-0.0068,9.8065,0.0183,-0.0968,0.1621,5.06,-29.94,17.19,4.72,-83.97,167.46
52.417225,-1.559119,166.64,11.66,3,268.63,22 / 22,2251528,2019-09-06 18:53:38:210,-0.612,0.6904,9.9219,0.0123,0.0214,9.8065,-0.0537,-0.0275,0.0295,5.56,-29.87,17.38,9.6,-84.12,168.48
52.417225,-1.559119,166.64,11.66,3,268.63,22 / 22,2251629,2019-09-06 18:53:38:311,-0.3393,2.3313,11.0705,0.006,0.0022,9.8066,-0.1789,0.0095,0.0424,5.75,-29.5,16.63,10.38,-84.12,169.18
52.417225,-1.559119,166.64,11.66,3,268.63,22 / 22,2251729,2019-09-06 18:53:38:411,1.0246,1.8476,10.7829,-0.0311,0.0303,9.8065,0.4556,-0.1012,0.0213,5.88,-29.75,16.31,14.56,-84.2,171.37
52.417225,-1.559119,166.64,11.66,3,268.63,22 / 22,2251829,2019-09-06 18:53:38:511,-0.5519,1.9523,9.6207,0.0356,0.058,9.8064,0.2849,-0.0533,0.032,4.94,-29.81,17.13,14.94,-83.87,175.79
52.417225,-1.559119,166.64,11.66,3,268.63,22 / 22,2251928,2019-09-06 18:53:38:610,0.6366,1.5127,9.601,-0.0037,0.0394,9.8065,0.1799,-0.0234,-0.0212,5.81,-29.5,18.06,16.73,-83.89,175.52
52.417225,-1.559119,166.64,11.66,3,268.63,22 / 22,2252029,2019-09-06 18:53:38:711,-0.7135,-0.9219,9.2781,0.0006,-0.0154,9.8066,-0.0278,-0.0427,0.1226,7.94,-29.37,17.5,24.28,-83.51,176.25
52.417225,-1.559119,166.64,11.66,3,268.63,22 / 22,2252128,2019-09-06 18:53:38:810,-1.2423,0.4818,8.6921,-0.0052,0.0135,9.8066,-0.0562,-0.0116,0.0024,6.5,-30.56,15.94,26.61,-83.7,177.84
52.417225,-1.559119,166.64,11.66,3,268.63,22 / 22,2252229,2019-09-06 18:53:38:911,1.0594,1.0245,10.3458,0.0319,0.0198,9.8065,-0.0724,-0.0483,0.063,6.19,-30.75,15.5,19.6,-84.29,175.49
52.417225,-1.559119,166.64,11.66,3,268.63,22 / 22,2252329,2019-09-06 18:53:39:011,-0.3898,0.3991,9.7885,-0.0116,0.0044,9.8066,-0.0278,0.026,-0.023,5.81,-30.81,15.31,21.58,-84.37,175.71
52.417225,-1.559119,166.64,11.66,3,268.63,22 / 22,2252428,2019-09-06 18:53:39:110,-0.7283,-0.1475,9.3174,-0.0121,-0.0369,9.8065,0.1215,-0.0348,0.0614,5.88,-30.94,16.38,20.81,-84.12,176.37
52.417225,-1.559119,166.64,11.66,3,268.63,22 / 22,2252529,2019-09-06 18:53:39:211,-0.4646,0.4607,10.2462,-0.028,-0.0373,9.8065,0.0503,-0.0195,-0.0149,5.88,-31.44,17.13,20.78,-83.5,177.25
52.417225,-1.559119,166.64,11.66,3,268.63,22 / 22,2252629,2019-09-06 18:53:39:311,-1.0792,-0.3821,10.8004,0.0137,-0.022,9.8066,-0.0766,0.04,-0.0765,5.56,-30.81,17.25,20.14,-83.34,176.63
52.417225,-1.559119,166.64,11.66,3,268.63,22 / 22,2252730,2019-09-06 18:53:39:412,0.0161,0.5627,9.3737,0.0133,-0.0467,9.8064,0.0571,-0.0175,-0.0031,5.5,-31.19,17.31,16.71,-83.3,173.85
52.417225,-1.559119,166.64,11.66,3,268.63,22 / 22,2252829,2019-09-06 18:53:39:511,-0.088,0.6919,9.2955,0.0387,0.0109,9.8065,0.0412,0.0284,-0.1039,6.06,-30.19,16.94,11.53,-83.37,169.81
52.417225,-1.559119,166.64,11.66,3,268.63,22 / 22,2252929,2019-09-06 18:53:39:611,0.5591,-1.3549,7.2309,0.0722,0.0423,9.8062,0.0604,-0.0883,0.0167,6.06,-30.56,16.75,5.26,-83.43,164.75
52.417225,-1.559119,166.64,11.66,3,268.63,22 / 22,2253029,2019-09-06 18:53:39:711,-2.304,0.8425,9.1925,0.0467,0.0753,9.8062,0.2961,-0.1134,0.1565,6.5,-30.62,16.19,11.35,-83.23,165.28
52.417225,-1.559119,166.64,11.66,3,268.63,22 / 22,2253129,2019-09-06 18:53:39:811,2.264,-1.9807,8.2975,0.032,0.0737,9.8062,-0.1386,0.0242,-0.0851,7.06,-30.94,16,9.34,-83.83,163.88
52.417225,-1.559119,166.64,11.66,3,268.63,22 / 22,2253229,2019-09-06 18:53:39:911,-0.5573,2.4818,8.7792,-0.0173,-0.0694,9.8063,-0.4925,-0.2115,0.1666,6.13,-31.12,16.06,7.51,-83.38,165.34
52.417225,-1.559119,166.64,11.66,3,268.63,22 / 22,2253329,2019-09-06 18:53:40:011,3.8101,-3.9709,8.9575,-0.0694,-0.1081,9.8057,-0.2286,0.2674,-0.1284,6.19,-30.75,16.25,10.56,-83.51,167.78
52.417225,-1.559119,166.64,11.66,3,268.63,22 / 22,2253428,2019-09-06 18:53:40:110,-2.6176,0.1257,10.1856,0.0065,0.0034,9.8066,-0.1471,0.2716,-0.1252,6,-30.62,15.94,7.43,-83.8,165.38
52.417225,-1.559119,166.64,11.66,3,268.63,22 / 22,2253529,2019-09-06 18:53:40:211,2.7752,1.1926,9.5348,-0.0377,-0.0991,9.806,0.0848,0.0245,-0.2287,6.19,-31.12,15.81,5.75,-83.57,163.99
52.417225,-1.559119,166.64,11.66,3,268.63,22 / 22,2253628,2019-09-06 18:53:40:310,-1.8028,0.3275,9.5625,0.0302,0.0026,9.8066,-0.0022,-0.0386,0.0562,6.25,-30.31,16.19,4.38,-83.62,162.94
52.417225,-1.559119,166.64,11.66,3,268.63,22 / 22,2253729,2019-09-06 18:53:40:411,1.0429,-0.1482,9.9249,-0.02,-0.0239,9.8066,-0.04,0.1445,-0.0374,6.94,-29.87,15.75,6.48,-83.41,161.53
52.417225,-1.559119,166.64,11.66,3,268.63,22 / 22,2253828,2019-09-06 18:53:40:510,-1.7994,0.3008,10.3688,-0.003,-0.0106,9.8066,-0.0306,0.1181,-0.0531,5.5,-30.31,16.56,1.85,-83.47,162.05
52.417225,-1.559119,166.64,11.66,3,268.63,22 / 22,2253929,2019-09-06 18:53:40:611,0.2861,-0.7305,9.0577,0.0057,-0.0204,9.8066,-0.0701,-0.0941,0.0815,6,-30.06,16.56,359.93,-83.33,160.5
52.417225,-1.559119,166.64,11.66,3,268.63,22 / 22,2254028,2019-09-06 18:53:40:710,-1.9693,-1.0225,9.1683,0.0082,-0.0029,9.8066,-0.1271,0.0405,-0.1334,6.38,-29.12,16.63,0.74,-83.39,161.15
52.417225,-1.559119,166.64,11.66,3,268.63,22 / 22,2254128,2019-09-06 18:53:40:810,0.5055,0.7429,10.7777,-0.0121,0.0212,9.8066,0.1293,0.0268,0.0549,6.94,-28.75,16.19,6.22,-83.36,161.36
52.417225,-1.559119,166.64,11.66,3,268.63,22 / 22,2254228,2019-09-06 18:53:40:910,-1.2046,1.262,8.9105,-0.0321,0.0007,9.8065,0.1214,-0.0103,0.0652,6.38,-29.5,16.13,5.79,-83.39,164.07
52.417225,-1.559119,166.64,11.66,3,268.63,22 / 22,2254328,2019-09-06 18:53:41:010,0.2941,0.0786,9.7706,-0.0143,0.0048,9.8066,-0.1468,0.0611,0.1175,5.56,-30.44,16,9.3,-83.45,166.83
52.417225,-1.559119,166.64,11.66,3,268.63,22 / 22,2254429,2019-09-06 18:53:41:111,0.3552,1.2578,10.434,-0.0336,-0.0147,9.8066,-0.1185,-0.0138,-0.0061,5.25,-30.81,16,8.42,-83.51,169.25
52.417225,-1.559119,166.64,11.66,3,268.63,22 / 22,2254528,2019-09-06 18:53:41:210,-0.2274,1.0456,9.7062,-0.0017,-0.0102,9.8066,-0.0491,-0.0313,0.0468,5.56,-30.75,16.44,12.26,-83.61,169.18
52.417225,-1.559119,166.64,11.66,3,268.63,22 / 22,2254630,2019-09-06 18:53:41:312,-0.7204,-0.3578,10.2414,0.0018,-0.0178,9.8066,0.0286,0.03,0.0223,5.38,-30.69,16.56,6.79,-83.57,169.03
52.417225,-1.559119,166.64,11.66,3,268.63,22 / 22,2254729,2019-09-06 18:53:41:411,-0.2127,-0.9216,9.7912,0.0072,0.0013,9.8066,0.0343,0.0273,0.0161,5.5,-30.56,17.25,8.61,-83.44,167.43
52.417225,-1.559119,166.64,11.66,3,268.63,22 / 22,2254828,2019-09-06 18:53:41:510,-1.4054,0.2665,10.1443,0.0032,0.0122,9.8066,0.0854,-0.0551,-0.022,5.56,-30.87,17,8.81,-83.42,167.58
52.417225,-1.559119,166.64,11.66,3,268.63,22 / 22,2254929,2019-09-06 18:53:41:611,-0.5881,0.9215,9.8528,0.0197,-0.0112,9.8065,0.0899,0.0054,0.126,5.94,-30.37,16.5,9.25,-83.36,167.98
52.417225,-1.559119,166.64,11.66,3,268.63,22 / 22,2255029,2019-09-06 18:53:41:711,0.8668,1.496,9.8183,-0.0092,-0.0094,9.8065,-0.0201,-0.0443,-0.0176,5.63,-30.31,16.19,9.45,-83.29,166.9
52.417225,-1.559119,166.64,11.66,3,268.63,22 / 22,2255129,2019-09-06 18:53:41:811,0.5548,-0.4563,9.6219,0.0168,-0.0066,9.8066,-0.0194,-0.103,0.0652,5.56,-30.5,15.38,10.2,-83.3,166.13
52.417225,-1.559119,166.64,11.66,3,268.63,22 / 22,2255229,2019-09-06 18:53:41:911,0.6281,-0.1831,9.4744,0.0152,0.0107,9.8066,-0.0607,0.0747,0.0084,4,-30.56,16.38,358.51,-83.33,164.81
52.417225,-1.559119,166.64,11.66,3,268.63,22 / 22,2255329,2019-09-06 18:53:42:011,0.1899,0.4134,9.329,0.0113,0.0383,9.8066,0.0646,-0.0982,0.0384,4.44,-29.62,18.31,356.93,-83.38,165
52.417225,-1.559119,166.64,11.66,3,268.63,22 / 22,2255429,2019-09-06 18:53:42:111,0.2825,-1.1717,9.0559,0.0114,0.0414,9.8065,0.0955,0.1099,-0.1,7,-28.5,18,7.81,-83.46,165.22
52.417225,-1.559119,166.64,11.66,3,268.63,22 / 22,2255528,2019-09-06 18:53:42:210,-1.7662,1.2924,9.6083,0.0203,0.0388,9.8065,0.1171,-0.1634,0.1293,6.5,-28.75,16.94,8.89,-83.3,164.82
52.417225,-1.559119,166.64,11.66,3,268.63,22 / 22,2255628,2019-09-06 18:53:42:310,0.8771,-0.6287,10.0257,0.0014,0.0419,9.8065,-0.0335,0.043,-0.0805,5.69,-29.44,16.19,8.26,-83.51,166.07
52.417225,-1.559119,166.64,11.66,3,268.63,22 / 22,2255728,2019-09-06 18:53:42:410,-1.1478,-0.26,10.8226,-0.0127,-0.0172,9.8066,0.0082,-0.0917,0.0627,5.88,-29.62,16.31,7.92,-83.48,165.74
52.417225,-1.559119,166.64,11.66,3,268.63,22 / 22,2255829,2019-09-06 18:53:42:511,-0.5659,-1.0672,9.4361,0.0045,0.0243,9.8066,0.0687,-0.0383,-0.0534,5.38,-29.37,16.31,3.9,-83.6,165.77
52.417225,-1.559119,166.64,11.66,3,268.63,22 / 22,2255928,2019-09-06 18:53:42:610,-0.3658,0.2289,10.3088,0.0029,-0.0125,9.8065,-0.0879,0.0176,0.0276,4.75,-29.12,16.88,3.6,-83.45,166.51
52.417225,-1.559119,166.64,11.66,3,268.63,22 / 22,2256029,2019-09-06 18:53:42:711,-1.6105,-0.3588,9.9979,-0.0078,-0.0165,9.8066,0.0015,-0.0592,0.045,5.56,-29.31,17.19,6.9,-83.46,166.15
52.417225,-1.559119,166.64,11.66,3,268.63,22 / 22,2256128,2019-09-06 18:53:42:810,0.3125,0.0148,10.1482,-0.0001,-0.0141,9.8066,-0.09,-0.0224,0.0169,6.06,-28.5,17.31,7.83,-83.31,166.93
52.417225,-1.559119,166.64,11.66,3,268.63,22 / 22,2256229,2019-09-06 18:53:42:911,-0.3688,0.5634,9.4829,-0.0087,-0.0285,9.8065,-0.0406,-0.0112,0.0438,5.69,-29.56,16.75,8.26,-83.18,167.13
52.417225,-1.559119,166.64,11.66,3,268.63,22 / 22,2256329,2019-09-06 18:53:43:011,0.3723,0.5511,10.4253,-0.0215,-0.001,9.8066,-0.0817,0.0515,-0.0346,5.75,-29.44,17,9.6,-83.26,168.29
52.417225,-1.559119,166.64,11.66,3,268.63,22 / 22,2256428,2019-09-06 18:53:43:110,0.4813,0.918,9.6488,0.0081,-0.008,9.8066,0.0016,-0.0915,0.0599,5.38,-30,17.25,5.36,-83.32,167.88
52.417225,-1.559119,166.64,11.66,3,268.63,22 / 22,2256528,2019-09-06 18:53:43:210,-2.2524,1.5109,9.8741,-0.0034,0.034,9.8066,0.0167,0.134,-0.1817,5.56,-29.37,17.31,9.59,-83.57,168.37
52.417225,-1.559119,166.64,11.66,3,268.63,22 / 22,2256628,2019-09-06 18:53:43:310,-0.8636,-0.6223,8.6448,0.0181,0.0188,9.8065,0.0529,-0.0725,0.05,5.25,-30,17.06,4.65,-83.56,167.35
52.417225,-1.559119,166.64,11.66,3,268.63,22 / 22,2256729,2019-09-06 18:53:43:411,-0.5614,1.8777,9.7942,0.0429,0.0066,9.8065,0.0156,0.1498,-0.024,6.13,-29.31,16.88,8.3,-83.53,167.31
52.417225,-1.559119,166.64,11.66,3,268.63,22 / 22,2256828,2019-09-06 18:53:43:510,0.8595,-0.2003,10.8394,0.0052,0.003,9.8066,-0.0356,0.0106,-0.0246,5.5,-29.12,16.56,3.27,-83.53,163.22
52.417225,-1.559119,166.64,11.66,3,268.63,22 / 22,2256928,2019-09-06 18:53:43:610,0.3883,-1.2956,8.3228,0.0267,0.0153,9.8066,0.042,0.0152,-0.0728,4.63,-28.44,15.69,359.93,-83.56,162.59
52.417225,-1.559119,166.64,11.66,3,268.63,22 / 22,2257029,2019-09-06 18:53:43:711,-0.2871,-0.6929,9.7487,-0.0292,-0.0363,9.8065,0.092,0.0762,-0.0277,5.13,-28.69,15.94,1.26,-83.3,163.64
52.417225,-1.559119,166.64,11.66,3,268.63,22 / 22,2257129,2019-09-06 18:53:43:811,0.7348,-0.0587,10.2353,0.0201,-0.0125,9.8065,-0.276,-0.0722,0.0271,6.69,-28.25,15.31,6.76,-83.3,160.36
52.417225,-1.559119,166.64,11.66,3,268.63,22 / 22,2257228,2019-09-06 18:53:43:910,1.8455,0.0017,7.9678,-0.0619,-0.0818,9.8061,0.0845,-0.1698,0.0546,7.44,-28.56,15.56,7.26,-82.97,162.1
52.417225,-1.559119,166.64,11.66,3,268.63,22 / 22,2257329,2019-09-06 18:53:44:011,-0.4669,0.3869,9.2422,0.0212,0.0492,9.8064,-0.1265,-0.0389,0.0363,7.75,-29.25,16.56,6.84,-83.1,160.33
52.417225,-1.559119,166.64,11.66,3,268.63,22 / 22,2257429,2019-09-06 18:53:44:111,1.3815,1.136,8.5346,-0.0057,-0.0191,9.8066,-0.3944,0.0013,-0.1049,7.63,-27.81,17.5,4.6,-83.31,159.85
52.417225,-1.559119,166.64,11.66,3,268.63,22 / 22,2257529,2019-09-06 18:53:44:211,0.119,1.0624,9.2786,0.0355,0.0658,9.8063,0.1429,-0.0306,0.0154,7,-28.56,17.19,357.84,-83.78,155.84
52.417225,-1.559119,166.64,11.66,3,268.63,22 / 22,2257628,2019-09-06 18:53:44:310,0.2409,0.3703,9.5029,0.0152,0.0394,9.8065,-0.004,0.0366,-0.0534,8.5,-28.37,16.94,4.81,-83.77,156.12
52.417225,-1.559119,166.64,11.66,3,268.63,22 / 22,2257729,2019-09-06 18:53:44:411,0.2438,1.0395,10.2181,0.0056,0.0238,9.8065,0.1866,-0.0604,0.0986,7.25,-29,15.38,0.72,-83.77,155.56
52.417225,-1.559119,166.64,11.66,3,268.63,22 / 22,2257829,2019-09-06 18:53:44:511,0.6009,0.9371,11.3376,-0.0041,0.0024,9.8066,-0.0357,0.0408,-0.1651,6.75,-29.19,15.25,2.55,-83.77,157.03
52.417225,-1.559119,166.64,11.66,3,268.63,22 / 22,2257930,2019-09-06 18:53:44:612,-0.6443,-0.9225,11.8518,-0.0179,-0.0529,9.8065,0.186,-0.002,0.0839,6.69,-29.25,15.94,0.13,-83.15,156.47
52.417225,-1.559119,166.64,11.66,3,268.63,22 / 22,2258028,2019-09-06 18:53:44:710,-1.8641,0.0219,11.0751,-0.0272,-0.0395,9.8065,0.02,-0.0489,0.0084,6.81,-29.44,17,1.12,-82.61,158.5
52.417225,-1.559119,166.64,11.66,3,268.63,22 / 22,2258129,2019-09-06 18:53:44:811,-0.0672,-1.0451,9.596,0.0127,-0.0123,9.8066,0.0467,-0.0753,-0.0563,6.44,-29.69,17.56,357.27,-82.27,159.44
52.417225,-1.559119,166.64,11.66,3,268.63,22 / 22,2258229,2019-09-06 18:53:44:911,-0.9114,0.6483,9.9622,0.0052,0.001,9.8066,0.0178,0.0147,-0.0225,7.31,-29.06,17.81,0.34,-82.27,159.02
52.417225,-1.559119,166.64,11.66,3,268.63,22 / 22,2258329,2019-09-06 18:53:45:011,1.801,1.1899,9.2211,0.0025,-0.0145,9.8065,-0.2642,-0.0932,0.1592,8.13,-28.06,16.69,1.46,-82.63,155.97
52.417225,-1.559119,166.64,11.66,3,268.63,22 / 22,2258428,2019-09-06 18:53:45:110,-1.7319,1.3388,10.2489,-0.0237,0.029,9.8065,-0.1036,-0.1264,0.076,6.81,-28.19,16,3.27,-82.84,158.97
52.417225,-1.559119,166.64,11.66,3,268.63,22 / 22,2258529,2019-09-06 18:53:45:211,0.3078,0.64,8.8849,-0.0488,-0.0223,9.8065,-0.0455,-0.151,0.049,6.5,-28.87,16.13,6.75,-82.83,161.67
52.417225,-1.559119,166.64,11.66,3,268.63,22 / 22,2258629,2019-09-06 18:53:45:311,-0.0284,0.1907,9.6079,0.0033,0.0106,9.8066,-0.023,-0.0486,-0.0861,7.06,-29.94,17.06,2.97,-82.82,159.96
52.417225,-1.559119,166.64,11.66,3,268.63,22 / 22,2258730,2019-09-06 18:53:45:412,-1.1857,1.3816,11.5544,-0.0094,0.0301,9.8065,-0.081,0.0242,0.0069,7.69,-29.06,16,8.31,-83.3,160.13
52.417225,-1.559119,166.64,11.66,3,268.63,22 / 22,2258829,2019-09-06 18:53:45:511,0.0568,1.3458,10.5781,0.0176,-0.0418,9.8065,0.1103,-0.0781,-0.0939,7.06,-29.56,14.75,1.07,-83,155.81
52.417225,-1.559119,166.64,11.66,3,268.63,22 / 22,2258929,2019-09-06 18:53:45:611,0.0068,-0.2988,10.5476,-0.0177,-0.0433,9.8064,-0.0343,-0.0158,-0.0206,6.25,-30.06,15.25,356.48,-82.66,155.54
52.417225,-1.559119,166.64,11.66,3,268.63,22 / 22,2259029,2019-09-06 18:53:45:711,0.739,-0.0899,10.1077,-0.0192,-0.0029,9.8066,0.0126,-0.0625,0.1377,5.5,-30.56,17.06,356.11,-82.54,157.57
52.417225,-1.559119,166.64,11.66,3,268.63,22 / 22,2259129,2019-09-06 18:53:45:811,0.6062,-1.9635,9.5211,0.0069,0.0126,9.8066,-0.0447,-0.0656,-0.0514,6.19,-29.87,17.81,354.1,-82.56,156.92
52.417225,-1.559119,166.64,11.66,3,268.63,22 / 22,2259229,2019-09-06 18:53:45:911,0.0609,-0.3186,9.1975,-0.0345,-0.019,9.8065,0.0447,0.0539,0.0369,7.38,-30.06,17.63,356.67,-82.62,156.11
52.417225,-1.559119,166.64,11.66,3,268.63,22 / 22,2259329,2019-09-06 18:53:46:011,0.9868,0.763,9.7299,-0.0157,-0.0062,9.8066,-0.024,0.0175,0.0822,7.44,-29.94,17.31,1.14,-82.67,158.51
52.417225,-1.559119,166.64,11.66,3,268.63,22 / 22,2259428,2019-09-06 18:53:46:110,-0.6137,0.5969,9.8895,-0.0024,0.01,9.8066,-0.0413,-0.0037,0.0399,7.25,-29.31,16.38,2.01,-82.79,157.95
52.417225,-1.559119,166.64,11.66,3,268.63,22 / 22,2259529,2019-09-06 18:53:46:211,-0.8957,-1.0896,10.5399,-0.0086,-0.0053,9.8066,0.108,-0.04,0.0051,6.38,-28.75,16.19,358.91,-82.64,158.6
52.417225,-1.559119,166.64,11.66,3,268.63,22 / 22,2259629,2019-09-06 18:53:46:311,-0.0413,-0.4381,9.9372,-0.01,-0.0311,9.8066,0.0169,0.0017,-0.0805,6.75,-29.44,16.63,1.85,-82.47,159.07
52.417225,-1.559119,166.64,11.66,3,268.63,22 / 22,2259729,2019-09-06 18:53:46:411,0.2866,-1.2221,9.7366,-0.0171,-0.0544,9.8064,-0.1123,0.0415,-0.0009,6.19,-29.37,17.25,359.55,-82.06,160.21
52.417225,-1.559119,166.64,11.66,3,268.63,22 / 22,2259828,2019-09-06 18:53:46:510,0.5665,1.1277,9.4117,0.0082,0.0464,9.8065,-0.1856,-0.0017,0.0747,6.06,-29.69,17.13,0.21,-82.43,160.72
52.417225,-1.559119,166.64,11.66,3,268.63,22 / 22,2259929,2019-09-06 18:53:46:611,0.4522,1.5678,9.4025,-0.0024,-0.0033,9.8066,0.1097,-0.1175,0.0515,6.19,-29.75,17.63,358.73,-82.38,160.57
52.417225,-1.559119,166.64,11.66,3,268.63,22 / 22,2260030,2019-09-06 18:53:46:712,-0.758,0.3581,10.7924,0.0274,0.0252,9.8065,0.2256,-0.1089,0.0313,7.69,-29.44,18.06,3.47,-82.35,158.8
52.417225,-1.559119,166.64,11.66,3,268.63,22 / 22,2260129,2019-09-06 18:53:46:811,-0.2127,0.1739,11.1728,0.0312,0.0388,9.8065,0.0946,0.0044,-0.0037,7.25,-29.06,18.19,359.96,-82.17,158.72
52.417225,-1.559119,166.64,11.66,3,268.63,22 / 22,2260228,2019-09-06 18:53:46:910,0.2457,-0.1268,11.0594,0.0059,-0.0291,9.8065,0.0763,0.0715,-0.063,7.31,-29.06,18.81,359.15,-81.91,159.1
52.417225,-1.559119,166.64,11.66,3,268.63,22 / 22,2260329,2019-09-06 18:53:47:011,-0.1749,-1.2134,9.5292,0.0104,-0.0134,9.8066,-0.1075,-0.0118,-0.0047,8.06,-28.81,18.56,1.49,-81.58,158.33
52.41719,-1.56076,168.43,13.18,2,267.83,22 / 22,2260429,2019-09-06 18:53:47:111,0.0846,-0.8649,9.3718,-0.0065,0.0039,9.8066,-0.1694,0.0239,-0.038,8.81,-28.19,18.38,6.07,-81.68,158.22
52.41719,-1.56076,168.43,13.18,2,267.83,22 / 22,2260529,2019-09-06 18:53:47:211,-0.6369,-0.572,9.4792,0.0101,0.0236,9.8065,0.084,0.0069,0.1481,8.94,-27.75,17.69,4.59,-81.99,157.09
52.41719,-1.56076,168.43,13.18,2,267.83,22 / 22,2260628,2019-09-06 18:53:47:310,-0.3288,0.9757,10.578,-0.0166,0.0031,9.8065,0.0088,0.0068,-0.038,8.63,-27.69,17.63,6.53,-82.02,158.64
52.41719,-1.56076,168.43,13.18,2,267.83,22 / 22,2260729,2019-09-06 18:53:47:411,-0.513,0.634,10.3854,-0.0218,-0.0195,9.8065,0.1158,-0.1057,0.0985,7.44,-28.31,17.44,2.89,-81.82,159.86
52.41719,-1.56076,168.43,13.18,2,267.83,22 / 22,2260828,2019-09-06 18:53:47:510,-0.4143,-0.3213,10.0649,-0.0317,-0.0055,9.8065,0.0188,-0.0147,-0.0112,7.13,-28.06,18.69,4.2,-81.66,163.09
52.41719,-1.56076,168.43,13.18,2,267.83,22 / 22,2260928,2019-09-06 18:53:47:610,-0.274,-0.1613,9.6503,-0.0128,-0.0154,9.8065,-0.1439,0.02,0.0876,7.81,-28.81,19.19,9,-81.71,164.26
52.41719,-1.56076,168.43,13.18,2,267.83,22 / 22,2261029,2019-09-06 18:53:47:711,0.7824,0.135,9.9114,-0.03,-0.0069,9.8065,-0.223,-0.0089,-0.0173,8.56,-28.19,19.13,13.59,-81.83,165.56
52.41719,-1.56076,168.43,13.18,2,267.83,22 / 22,2261128,2019-09-06 18:53:47:810,-0.2032,0.5497,9.79,0.0129,-0.0054,9.8066,-0.0894,-0.0518,0.0395,10.25,-27.25,17.75,17.81,-82.11,165.44
52.41719,-1.56076,168.43,13.18,2,267.83,22 / 22,2261229,2019-09-06 18:53:47:911,0.2861,-0.1608,9.9762,-0.0126,-0.015,9.8066,-0.0304,0.0358,-0.0234,9.5,-28,16.38,22.23,-82.12,165.62
52.41719,-1.56076,168.43,13.18,2,267.83,22 / 22,2261328,2019-09-06 18:53:48:010,-0.0941,1.2382,10.0951,0.0021,0.0052,9.8066,0.0854,0.0572,-0.042,6.94,-27.87,16.31,11.94,-82,165.55
52.41719,-1.56076,168.43,13.18,2,267.83,22 / 22,2261430,2019-09-06 18:53:48:112,0.9047,0.145,9.6325,0.0126,0.0089,9.8066,-0.0048,0.0559,-0.0362,6.19,-27.94,17.13,5.61,-81.9,164.89
52.41719,-1.56076,168.43,13.18,2,267.83,22 / 22,2261529,2019-09-06 18:53:48:211,1.0407,0.9021,9.2414,0.0268,-0.0154,9.8065,-0.0672,0.0121,-0.0559,5.81,-28.44,18.31,3.66,-81.85,164.42
52.41719,-1.56076,168.43,13.18,2,267.83,22 / 22,2261628,2019-09-06 18:53:48:310,0.4799,0.0107,9.403,0.005,-0.0011,9.8066,-0.0685,-0.0349,0.0208,6,-29.44,18.44,0.62,-81.91,162.04
52.41719,-1.56076,168.43,13.18,2,267.83,22 / 22,2261729,2019-09-06 18:53:48:411,0.7241,1.4302,9.5858,0.0035,0.0215,9.8065,-0.0859,0.0001,0.0179,6.81,-30,18.13,4.82,-82.25,162.52
52.41719,-1.56076,168.43,13.18,2,267.83,22 / 22,2261828,2019-09-06 18:53:48:510,0.6713,-0.1653,10.092,-0.004,0.0125,9.8066,0.0157,0.0058,0.021,7.25,-29.81,18.25,5.08,-82.37,162.74
52.41719,-1.56076,168.43,13.18,2,267.83,22 / 22,2261929,2019-09-06 18:53:48:611,-0.8794,0.011,9.9379,-0.026,-0.0365,9.8065,-0.0325,0.0036,-0.008,6.31,-30.12,18.38,5.15,-82.03,165.54
52.41719,-1.56076,168.43,13.18,2,267.83,22 / 22,2262029,2019-09-06 18:53:48:711,-0.2083,0.1652,9.3445,-0.0178,-0.0323,9.8065,-0.0648,0.0042,0.0009,6.44,-30.31,18.88,4.28,-82.04,165.82
52.41719,-1.56076,168.43,13.18,2,267.83,22 / 22,2262128,2019-09-06 18:53:48:810,0.9,1.9166,9.8843,-0.005,0.0405,9.8065,-0.0496,0.0107,-0.0504,6.56,-30.19,18.38,9.11,-82.26,165.88
52.41719,-1.56076,168.43,13.18,2,267.83,22 / 22,2262230,2019-09-06 18:53:48:912,-0.1438,1.4428,10.9568,0.0209,0.0141,9.8066,-0.0427,-0.0359,0.0727,6.31,-29.62,18.13,4.91,-82.68,165.45
52.41719,-1.56076,168.43,13.18,2,267.83,22 / 22,2262328,2019-09-06 18:53:49:010,2.0565,1.7031,10.0418,-0.0249,0.0031,9.8066,0.2725,-0.138,0.1009,5.81,-30.12,17.94,7.16,-82.74,167.24
52.41719,-1.56076,168.43,13.18,2,267.83,22 / 22,2262429,2019-09-06 18:53:49:111,0.4394,-2.9786,8.8584,0.0156,0.0621,9.8064,0.3725,-0.1193,0.0379,6.25,-30,17.81,9.94,-82.74,169.45
52.41719,-1.56076,168.43,13.18,2,267.83,22 / 22,2262529,2019-09-06 18:53:49:211,-1.6352,0.9666,11.4631,-0.0323,-0.0441,9.8065,-0.0819,-0.034,0.13,6.06,-30.87,17.31,14.43,-82.36,171.6
52.41719,-1.56076,168.43,13.18,2,267.83,22 / 22,2262628,2019-09-06 18:53:49:310,-0.1889,1.2443,11.7633,-0.0156,-0.0101,9.8065,0.0969,0.0472,-0.0343,5.94,-30.69,17.81,13.73,-82.5,172.28
52.41719,-1.56076,168.43,13.18,2,267.83,22 / 22,2262729,2019-09-06 18:53:49:411,-0.898,-0.1404,10.1701,-0.0308,-0.0705,9.8063,-0.2366,0.025,0.0156,5.88,-30.94,18.13,14.03,-82.63,172.57
52.41719,-1.56076,168.43,13.18,2,267.83,22 / 22,2262829,2019-09-06 18:53:49:511,0.652,0.3818,8.8509,-0.0089,-0.037,9.8066,-0.0715,-0.0354,-0.0364,5.94,-31,18.25,14.3,-82.2,172.6
52.41719,-1.56076,168.43,13.18,2,267.83,22 / 22,2262928,2019-09-06 18:53:49:610,0.4418,1.1496,9.6561,0.0056,-0.0134,9.8066,-0.2073,-0.0181,-0.032,5.56,-30.37,18.38,13.43,-82.33,172.07
52.41719,-1.56076,168.43,13.18,2,267.83,22 / 22,2263028,2019-09-06 18:53:49:710,-0.1553,0.8645,10.2648,-0.0028,-0.0225,9.8066,-0.1147,0.0191,0.042,5.56,-31.25,18,12.8,-82.36,171.49
52.41719,-1.56076,168.43,13.18,2,267.83,22 / 22,2263129,2019-09-06 18:53:49:811,1.0747,0.5919,9.7235,0.0101,0.0227,9.8065,0.2894,-0.0907,0.0573,5.69,-30.56,18.75,10.97,-82.38,171.1
52.41719,-1.56076,168.43,13.18,2,267.83,22 / 22,2263228,2019-09-06 18:53:49:910,0.2706,-0.3483,10.5102,0.0139,0.0408,9.8065,0.0882,-0.0197,-0.0394,6.38,-30.75,18.88,11.8,-82.24,171.71
52.41719,-1.56076,168.43,13.18,2,267.83,22 / 22,2263328,2019-09-06 18:53:50:010,-0.6606,0.2593,9.8341,0.0018,0.0082,9.8066,0.0521,0.006,0.0224,5.94,-30.75,18.69,11.87,-82.31,171.78
52.41719,-1.56076,168.43,13.18,2,267.83,22 / 22,2263428,2019-09-06 18:53:50:110,-0.2338,1.0336,10.6595,0.0123,0.039,9.8065,0.0826,0.0136,-0.0101,6.38,-30.31,18.44,12.36,-82.73,171.37
52.41719,-1.56076,168.43,13.18,2,267.83,22 / 22,2263529,2019-09-06 18:53:50:211,-1.0699,0.5062,11.4628,-0.0057,-0.049,9.8065,-0.0057,0.1691,-0.0157,6.19,-29.62,18.63,9.73,-82.59,170.25
52.41719,-1.56076,168.43,13.18,2,267.83,22 / 22,2263628,2019-09-06 18:53:50:310,-3.8175,-1.888,10.7896,-0.0746,-0.039,9.8063,0.3654,-0.0942,0.1074,5.56,-30.56,18,14.04,-82.74,172.63
52.41719,-1.56076,168.43,13.18,2,267.83,22 / 22,2263729,2019-09-06 18:53:50:411,-0.804,-0.8272,9.825,-0.0505,-0.0964,9.806,-0.1791,0.2,-0.0767,5.31,-31.31,17.81,14.18,-82.57,175.53
52.41719,-1.56076,168.43,13.18,2,267.83,22 / 22,2263828,2019-09-06 18:53:50:510,-2.9766,2.1077,12.057,-0.0465,-0.0319,9.8064,0.2024,-0.1347,0.1951,5.69,-31.31,17.5,18.48,-83.25,176.43
52.41719,-1.56076,168.43,13.18,2,267.83,22 / 22,2263928,2019-09-06 18:53:50:610,0.9235,1.1747,9.6509,-0.0441,-0.108,9.8059,-0.19,0.029,-0.0567,5.56,-31.06,17.69,20.71,-84.06,178.74
52.41719,-1.56076,168.43,13.18,2,267.83,22 / 22,2264028,2019-09-06 18:53:50:710,-0.3871,0.2447,10.9032,-0.0491,-0.092,9.806,0.1346,-0.0213,0.0439,5.06,-30.87,17.19,20.29,-83.43,179.79
52.41719,-1.56076,168.43,13.18,2,267.83,22 / 22,2264129,2019-09-06 18:53:50:811,-0.6794,0.0985,10.7114,-0.0313,-0.0331,9.8065,-0.0195,0.0553,-0.0496,5.88,-31.06,18.06,24.9,-83.07,-178.47
52.41719,-1.56076,168.43,13.18,2,267.83,22 / 22,2264229,2019-09-06 18:53:50:911,-0.6089,-0.014,10.2273,-0.0047,-0.0264,9.8065,0.0357,0.0091,0.0517,5,-31.12,18.06,21.81,-82.82,-178.3
52.41719,-1.56076,168.43,13.18,2,267.83,22 / 22,2264328,2019-09-06 18:53:51:010,1.12,0.7773,9.8692,-0.0261,0.0053,9.8066,-0.1521,0.0319,-0.0431,4.63,-30.75,18.19,24.56,-82.82,-176.09
52.41719,-1.56076,168.43,13.18,2,267.83,22 / 22,2264428,2019-09-06 18:53:51:110,1.4007,1.2086,9.3353,-0.0075,0.0067,9.8065,-0.0729,0.0581,0.0159,5.69,-31.12,18.75,27.96,-82.92,-174.91
52.41719,-1.56076,168.43,13.18,2,267.83,22 / 22,2264528,2019-09-06 18:53:51:210,-0.1848,-0.7504,9.6228,-0.0155,0.0049,9.8066,0.0287,-0.0518,0.0242,5.13,-31.25,18.69,25.87,-83.02,-173.85
52.41719,-1.56076,168.43,13.18,2,267.83,22 / 22,2264628,2019-09-06 18:53:51:310,0.5933,0.8151,10.0029,-0.0205,0.0068,9.8066,-0.0018,0.0759,-0.0565,5.06,-30.44,17.88,30.24,-82.97,-171.17
52.41719,-1.56076,168.43,13.18,2,267.83,22 / 22,2264728,2019-09-06 18:53:51:410,-0.1274,0.2679,10.1814,-0.0147,-0.0098,9.8066,0.0566,-0.0287,0.0941,5.69,-31.12,17.31,36.16,-82.91,-170.7
52.41719,-1.56076,168.43,13.18,2,267.83,22 / 22,2264828,2019-09-06 18:53:51:510,0.4953,-0.3914,9.8469,-0.0172,-0.0158,9.8066,-0.0325,0.028,-0.0407,5.19,-30.44,16.75,33.47,-82.8,-169.86
52.41719,-1.56076,168.43,13.18,2,267.83,22 / 22,2264928,2019-09-06 18:53:51:610,-1.3736,1.0439,10.4596,0.0254,0.049,9.8064,0.186,-0.1109,0.0715,3.31,-30.25,17.88,25.35,-83,-169.2
52.41719,-1.56076,168.43,13.18,2,267.83,22 / 22,2265028,2019-09-06 18:53:51:710,0.4315,-0.0807,9.6218,0.0075,0.0571,9.8064,0.0497,0.0077,-0.0966,3.19,-30.56,17.75,25.72,-82.95,-169.11
52.41719,-1.56076,168.43,13.18,2,267.83,22 / 22,2265128,2019-09-06 18:53:51:810,0.4157,0.0747,9.3667,0.0111,-0.007,9.8065,0.0239,-0.0266,0.0704,3.69,-30.37,19.06,28.31,-82.8,-169.04
52.41719,-1.56076,168.43,13.18,2,267.83,22 / 22,2265228,2019-09-06 18:53:51:910,-1.2473,1.4768,9.8894,-0.0031,-0.0104,9.8066,-0.0182,0.0054,-0.0292,3.75,-31.5,17.94,28.89,-82.84,-169.64
52.41719,-1.56076,168.43,13.18,2,267.83,22 / 22,2265329,2019-09-06 18:53:52:011,0.7764,0.6333,8.9462,0.0192,0.0397,9.8065,0.0308,-0.054,0.0152,4.44,-31.44,18,28.01,-83.12,-170.12
52.41719,-1.56076,168.43,13.18,2,267.83,22 / 22,2265429,2019-09-06 18:53:52:111,-0.7619,0.6351,9.7302,0.0105,0.0013,9.8066,-0.0896,-0.0536,0.0173,4.56,-30.56,18.25,31.22,-82.98,-170.54
52.41719,-1.56076,168.43,13.18,2,267.83,22 / 22,2265528,2019-09-06 18:53:52:210,-0.877,-0.4043,9.1423,0.0169,0.0162,9.8066,0.1354,0.0289,-0.0018,4.81,-30.87,17.75,30.69,-83.15,-170.82
52.41719,-1.56076,168.43,13.18,2,267.83,22 / 22,2265629,2019-09-06 18:53:52:311,-0.5525,-0.0043,9.0982,0.011,0.0012,9.8066,0.0956,-0.0813,0.0557,5.06,-31.31,18.25,29.64,-83.23,-171.62
52.41719,-1.56076,168.43,13.18,2,267.83,22 / 22,2265729,2019-09-06 18:53:52:411,-1.3357,1.9003,9.1544,0.0037,0.0069,9.8066,-0.2036,0.0561,-0.0448,5,-31.75,17.63,31.1,-83.5,-170.35
52.41719,-1.56076,168.43,13.18,2,267.83,22 / 22,2265828,2019-09-06 18:53:52:510,0.1408,-0.2209,9.7677,0.0136,0.0283,9.8066,-0.0443,0.0729,0.0539,4.31,-31.56,17.13,27.46,-83.95,-171.03
52.41719,-1.56076,168.43,13.18,2,267.83,22 / 22,2265929,2019-09-06 18:53:52:611,-0.7844,0.2282,9.5993,-0.0302,-0.0399,9.8064,-0.1187,-0.0439,0.0018,5.13,-30.94,17.06,31.62,-83.95,-170.46
52.41719,-1.56076,168.43,13.18,2,267.83,22 / 22,2266029,2019-09-06 18:53:52:711,-0.1838,0.4389,9.0323,-0.0174,-0.0199,9.8066,-0.1129,-0.0383,-0.0528,4.75,-31.12,16.75,32.63,-84.11,-169.46
52.41719,-1.56076,168.43,13.18,2,267.83,22 / 22,2266129,2019-09-06 18:53:52:811,-0.3482,-0.2521,9.2012,0.0014,0.0142,9.8066,-0.1133,-0.0025,0.0481,5.13,-31.69,16.75,34.75,-84.4,-167.54
52.41719,-1.56076,168.43,13.18,2,267.83,22 / 22,2266228,2019-09-06 18:53:52:910,-1.5571,-0.3187,9.6629,-0.0095,0.0092,9.8066,-0.0953,-0.0586,0.0855,4.81,-31.69,16.63,36.53,-84.59,-165.81
52.41719,-1.56076,168.43,13.18,2,267.83,22 / 22,2266328,2019-09-06 18:53:53:010,0.6154,0.0549,9.4219,0.0029,-0.0019,9.8066,-0.1088,-0.0564,0.0475,4.75,-31.12,15.56,40.57,-84.63,-163.38
52.41719,-1.56076,168.43,13.18,2,267.83,22 / 22,2266429,2019-09-06 18:53:53:111,0.8326,-0.8399,8.7715,-0.0319,-0.0195,9.8065,-0.0628,0.0911,0.0143,4.5,-31.69,15.81,43.2,-84.55,-161.43
52.41719,-1.56076,168.43,13.18,2,267.83,22 / 22,2266528,2019-09-06 18:53:53:210,0.1761,-0.2144,9.4584,-0.0123,0.038,9.8066,-0.1877,0.0116,0.1008,3.81,-31.87,15.75,44.03,-84.57,-157.48
52.41719,-1.56076,168.43,13.18,2,267.83,22 / 22,2266628,2019-09-06 18:53:53:310,0.9937,0.6288,10.4521,-0.0162,0.0034,9.8066,-0.1095,0.0792,-0.0284,4.19,-31.62,16.44,46.66,-84.35,-155.53
52.41719,-1.56076,168.43,13.18,2,267.83,22 / 22,2266729,2019-09-06 18:53:53:411,0.331,-0.8533,8.7867,-0.008,-0.0072,9.8066,-0.0958,0.0778,0.0838,3.25,-32,16.13,44.04,-84.17,-154.72
52.41719,-1.56076,168.43,13.18,2,267.83,22 / 22,2266828,2019-09-06 18:53:53:510,-0.8054,2.629,8.6246,-0.0183,-0.0413,9.8064,-0.1841,-0.026,0.0671,3.75,-32.37,16.63,46.51,-83.89,-155.06
52.41719,-1.56076,168.43,13.18,2,267.83,22 / 22,2266929,2019-09-06 18:53:53:611,0.2118,-0.3855,8.5022,0.0218,0.0719,9.8063,0.0257,0.0488,0.0623,3.25,-32.31,16.56,46.03,-84.39,-151.63
52.41719,-1.56076,168.43,13.18,2,267.83,22 / 22,2267028,2019-09-06 18:53:53:710,0.0352,1.8516,9.1059,0.0071,0.049,9.8065,-0.148,0.0696,0.028,3.19,-31.81,15.94,48.44,-84.37,-150.64
52.41719,-1.56076,168.43,13.18,2,267.83,22 / 22,2267129,2019-09-06 18:53:53:811,-0.4703,-0.0445,9.0607,0.0153,0.0198,9.8066,0.0615,-0.0307,-0.0208,3.31,-31.81,16.38,48.6,-84.48,-150.33
52.41719,-1.56076,168.43,13.18,2,267.83,22 / 22,2267229,2019-09-06 18:53:53:911,0.9917,0.4467,9.4022,0.016,0.0104,9.8066,-0.0523,-0.0031,-0.0301,3.38,-31.81,16.19,46.63,-84.43,-152.11
52.41719,-1.56076,168.43,13.18,2,267.83,22 / 22,2267329,2019-09-06 18:53:54:011,2.4266,2.4633,9.0858,0.0467,0.0227,9.8065,-0.0731,-0.0507,-0.0059,3.56,-32.19,16.44,49.9,-84.31,-152.76
52.41719,-1.56076,168.43,13.18,2,267.83,22 / 22,2267429,2019-09-06 18:53:54:111,-2.1322,-0.7137,10.4082,0.0187,-0.009,9.8066,0.0855,-0.0334,-0.0581,3.69,-31.87,16.19,47.32,-84.62,-154.54
52.41719,-1.56076,168.43,13.18,2,267.83,22 / 22,2267528,2019-09-06 18:53:54:210,2.6674,2.7342,8.7386,0.0501,0.0376,9.8064,0.0673,-0.0877,0.0222,4.13,-31.37,16.44,45.61,-85.12,-155.1
52.41719,-1.56076,168.43,13.18,2,267.83,22 / 22,2267628,2019-09-06 18:53:54:310,-0.7433,1.6366,9.968,-0.0122,0.035,9.8065,0.0387,-0.0275,-0.0287,3.75,-31.87,16.56,45.96,-84.94,-154.07
52.41719,-1.56076,168.43,13.18,2,267.83,22 / 22,2267728,2019-09-06 18:53:54:410,-1.2279,0.87,10.0817,-0.0096,0.0033,9.8066,0.1221,-0.044,0.0078,3.5,-32.12,16.31,48.61,-84.75,-153.21
52.41719,-1.56076,168.43,13.18,2,267.83,22 / 22,2267829,2019-09-06 18:53:54:511,-0.599,0.5693,9.3146,0.0121,0.0408,9.8065,0.0449,-0.0349,-0.0131,3.69,-31.81,16.25,49.28,-84.88,-152.42
52.41719,-1.56076,168.43,13.18,2,267.83,22 / 22,2267930,2019-09-06 18:53:54:612,-0.4601,0.7984,9.8641,0.0001,-0.011,9.8066,-0.0967,-0.0037,-0.0749,4.06,-32,16.38,48.66,-85.06,-152.71
52.41719,-1.56076,168.43,13.18,2,267.83,22 / 22,2268029,2019-09-06 18:53:54:711,1.287,0.2441,9.1954,0.0086,-0.0448,9.8065,0.1436,-0.0407,0.0204,4.13,-31.69,16.5,42.94,-85.06,-156.59
52.41719,-1.56076,168.43,13.18,2,267.83,22 / 22,2268128,2019-09-06 18:53:54:810,0.3816,1.4911,8.9412,-0.0022,0.0469,9.8065,0.0117,-0.0089,-0.0154,4.56,-31.62,15.5,46.7,-85.35,-157.22
52.41719,-1.56076,168.43,13.18,2,267.83,22 / 22,2268229,2019-09-06 18:53:54:911,0.7369,0.0294,11.0332,0.0113,0.0459,9.8065,0.0298,0.0315,-0.057,4.06,-31.75,15.44,46.75,-85.44,-155.13
52.41719,-1.56076,168.43,13.18,2,267.83,22 / 22,2268329,2019-09-06 18:53:55:011,0.3575,-2.2577,10.3607,-0.0385,-0.0906,9.8061,-0.0955,-0.0572,0.0568,4.06,-32.31,15.69,42.2,-85.37,-157.97
52.41719,-1.56076,168.43,13.18,2,267.83,21 / 22,2268429,2019-09-06 18:53:55:111,-0.3234,-1.1906,10.138,-0.0237,-0.054,9.8064,0.1105,0.0196,-0.0187,3.63,-32.06,15.81,44.36,-85.32,-156.13
52.41719,-1.56076,168.43,13.18,2,267.83,21 / 22,2268529,2019-09-06 18:53:55:211,0.1354,0.285,9.6805,-0.0147,-0.002,9.8066,-0.0408,0.0299,-0.02,3.31,-32.62,15.88,42.48,-85.33,-154.64
52.41719,-1.56076,168.43,13.18,2,267.83,21 / 22,2268628,2019-09-06 18:53:55:310,0.0875,-0.1705,9.3859,0,-0.0124,9.8066,-0.0607,0.0063,0.0267,3.63,-32,15.25,48.03,-85.28,-154.25
52.41719,-1.56076,168.43,13.18,2,267.83,21 / 22,2268728,2019-09-06 18:53:55:410,-0.4852,0.3441,8.9538,0.0109,0.0463,9.8065,0.0141,0.0251,0.0374,3.75,-32.31,15.69,50.21,-85.57,-150.54
52.41719,-1.56076,168.43,13.18,2,267.83,21 / 22,2268828,2019-09-06 18:53:55:510,-0.1983,0,10.1321,0.0016,0.0547,9.8065,0.0259,0.0573,0.0369,3.25,-31.81,15.81,48.34,-85.68,-148.72
52.41719,-1.56076,168.43,13.18,2,267.83,21 / 22,2268928,2019-09-06 18:53:55:610,0.5358,-0.6315,10.0874,-0.0243,-0.0512,9.8064,-0.1168,0.0158,-0.0845,4.06,-31.81,15.88,51,-85.49,-149.94
52.41719,-1.56076,168.43,13.18,2,267.83,21 / 22,2269029,2019-09-06 18:53:55:711,-0.8858,0.3605,10.708,-0.0015,-0.0378,9.8065,0.0268,-0.0732,-0.0247,4.19,-31.69,15.81,50.15,-85.49,-150.72
52.41719,-1.56076,168.43,13.18,2,267.83,21 / 22,2269129,2019-09-06 18:53:55:811,0.7663,-0.9142,9.7354,-0.0203,-0.0501,9.8064,-0.0751,0.0691,-0.0045,3.75,-31.69,16,48.23,-85.47,-152.46
52.41719,-1.56076,168.43,13.18,2,267.83,21 / 22,2269229,2019-09-06 18:53:55:911,-1.0786,0.1136,10.286,-0.0197,-0.0537,9.8064,-0.0229,0.0222,-0.0011,3.88,-32,16,46.83,-85.08,-154.29
52.41719,-1.56076,168.43,13.18,2,267.83,21 / 22,2269329,2019-09-06 18:53:56:011,0.4976,0.4242,10.4833,0.0202,0.063,9.8064,0.1881,0.0302,-0.0702,4.13,-31.44,15.44,50.48,-85.53,-151.44
52.417126,-1.562428,170.37,12.48,2,267.48,21 / 22,2269429,2019-09-06 18:53:56:111,-0.4454,-0.8868,10.1127,0.0065,-0.0219,9.8066,-0.3098,0.0243,-0.0731,3.69,-31.81,15.69,47.08,-85.29,-153.77
52.417126,-1.562428,170.37,12.48,2,267.48,21 / 22,2269529,2019-09-06 18:53:56:211,0.0991,0.9672,9.3696,0.0062,0.008,9.8066,-0.0863,-0.0135,0.0325,3.81,-32.06,15.31,45.75,-85.41,-156.07
52.417126,-1.562428,170.37,12.48,2,267.48,21 / 22,2269629,2019-09-06 18:53:56:311,1.0257,-0.8775,8.6143,-0.0091,-0.0197,9.8066,-0.1561,0.0868,-0.0657,4.25,-31.94,15.94,43.55,-85.16,-157.08
52.417126,-1.562428,170.37,12.48,2,267.48,21 / 22,2269729,2019-09-06 18:53:56:411,0.0792,-0.2515,9.131,0.029,0.0536,9.8064,-0.0141,0.0093,-0.0449,3.94,-31.56,15.75,43.61,-85.54,-156.5
52.417126,-1.562428,170.37,12.48,2,267.48,21 / 22,2269829,2019-09-06 18:53:56:511,0.3395,0.499,9.8775,0.0123,0.0217,9.8065,-0.1589,0.0358,-0.0147,4.56,-31.31,15.38,47.01,-85.68,-157.72
52.417126,-1.562428,170.37,12.48,2,267.48,21 / 22,2269928,2019-09-06 18:53:56:610,-0.5574,0.015,10.753,-0.0012,-0.0045,9.8066,0.1892,-0.0425,-0.0919,5,-31.44,15.88,44.61,-85.74,-158.37
52.417126,-1.562428,170.37,12.48,2,267.48,21 / 22,2270028,2019-09-06 18:53:56:710,-0.7485,-1.1305,10.0859,0.0025,-0.0232,9.8066,0.1675,0.0411,-0.0834,4.25,-31.87,15.69,38.44,-85.55,-161.06
52.417126,-1.562428,170.37,12.48,2,267.48,21 / 22,2270128,2019-09-06 18:53:56:810,-0.4029,1.9424,10.6007,-0.009,-0.0236,9.8066,-0.0605,-0.0817,0.0436,4.69,-30.5,16.31,38.13,-85.29,-164.54
52.417126,-1.562428,170.37,12.48,2,267.48,21 / 22,2270228,2019-09-06 18:53:56:910,0.5088,-0.2405,9.9601,-0.0069,-0.0085,9.8066,0.0437,0.0588,-0.0799,4.81,-31.06,16.06,38.81,-85.27,-164.13
52.417126,-1.562428,170.37,12.48,2,267.48,21 / 22,2270329,2019-09-06 18:53:57:011,0.8798,-0.188,9.5669,0.0199,0.0348,9.8066,0.0469,-0.0852,-0.0505,4.75,-31.37,15.94,36.78,-85.37,-165.79
52.417126,-1.562428,170.37,12.48,2,267.48,21 / 21,2270429,2019-09-06 18:53:57:111,1.9075,-1.2402,7.4355,0.0268,0.0381,9.8065,-0.0253,-0.1347,0.1291,4.44,-31.12,15.81,33.03,-85.44,-165.77
52.417126,-1.562428,170.37,12.48,2,267.48,21 / 21,2270529,2019-09-06 18:53:57:211,1.0297,1.2594,9.6229,0.0576,0.1182,9.8057,-0.0862,-0.038,0.0736,4.94,-31.12,15.25,37.82,-85.55,-166.05
52.417126,-1.562428,170.37,12.48,2,267.48,21 / 21,2270629,2019-09-06 18:53:57:311,1.9836,1.094,7.76,-0.0023,0.0301,9.8066,-0.2974,0.1739,-0.0706,4.94,-31.19,14.19,44.39,-86.33,-160.69
52.417126,-1.562428,170.37,12.48,2,267.48,21 / 21,2270729,2019-09-06 18:53:57:411,-2.6879,1.1532,10.7532,0.1012,0.144,9.805,0.5484,-0.1574,0.0352,5.38,-31.06,14.75,43.71,-86.81,-159.1
52.417126,-1.562428,170.37,12.48,2,267.48,21 / 21,2270829,2019-09-06 18:53:57:511,3.0491,-2.3322,8.9831,0.0071,0.0525,9.8065,0.0375,0.2385,-0.0782,5.31,-30.81,15.94,38.3,-85.97,-163.75
52.417126,-1.562428,170.37,12.48,2,267.48,21 / 21,2270928,2019-09-06 18:53:57:610,-1.3601,-0.9516,10.0454,0.0211,0.0979,9.8061,0.073,-0.0026,0.062,4.5,-31.19,16.25,40.43,-85.93,-161.89
52.417126,-1.562428,170.37,12.48,2,267.48,21 / 21,2271029,2019-09-06 18:53:57:711,-0.5403,-0.5275,9.376,0.0203,0.0807,9.8062,-0.0152,0.0652,-0.0759,5.06,-31.37,15.94,42.01,-86.03,-160.33
52.417126,-1.562428,170.37,12.48,2,267.48,21 / 21,2271128,2019-09-06 18:53:57:810,2.6328,0.5182,8.4463,0.0121,0.0229,9.8065,-0.0658,-0.0131,0.1157,4.94,-31.44,15.69,41.95,-86.15,-160.23
52.417126,-1.562428,170.37,12.48,2,267.48,21 / 21,2271228,2019-09-06 18:53:57:910,0.4186,1.5521,9.4917,-0.0056,0.0013,9.8066,-0.1015,-0.0234,0.0189,4.5,-30.37,15.88,45.33,-86.13,-157.02
52.417126,-1.562428,170.37,12.48,2,267.48,21 / 21,2271329,2019-09-06 18:53:58:011,0.7829,0.6741,10.2896,-0.0096,0.0033,9.8065,-0.0629,-0.0235,0.0744,4.31,-31.5,15.19,45.17,-85.93,-155.61
52.417126,-1.562428,170.37,12.48,2,267.48,22 / 22,2271428,2019-09-06 18:53:58:110,-0.2158,1.0566,10.026,-0.0013,0.0067,9.8066,-0.0352,-0.026,0.0876,4.19,-30.81,16.13,45.21,-85.68,-154.69
52.417126,-1.562428,170.37,12.48,2,267.48,22 / 22,2271528,2019-09-06 18:53:58:210,0.9267,-0.0143,9.4175,0.0133,0.0222,9.8065,0.0184,-0.0962,0.0116,4.13,-31.56,16,46.36,-85.53,-154.06
52.417126,-1.562428,170.37,12.48,2,267.48,22 / 22,2271628,2019-09-06 18:53:58:310,-0.3596,0.2671,10.6524,0.016,0.0469,9.8065,-0.0318,-0.0779,0.0021,3.63,-31.44,16.13,46.87,-85.56,-153.36
52.417126,-1.562428,170.37,12.48,2,267.48,22 / 22,2271729,2019-09-06 18:53:58:411,-0.626,-0.6304,9.569,-0.0071,-0.0447,9.8065,-0.0475,0.0178,0.0632,3.81,-31.5,16.38,48.44,-85.66,-151.8
52.417126,-1.562428,170.37,12.48,2,267.48,22 / 22,2271829,2019-09-06 18:53:58:511,0.7408,-0.5377,9.8896,0.0188,0.0234,9.8066,0.1599,-0.064,0.0131,3.94,-32.19,15.75,47.76,-85.85,-152.33
52.417126,-1.562428,170.37,12.48,2,267.48,22 / 22,2271928,2019-09-06 18:53:58:610,0.2395,0.5265,9.9323,0.0017,-0.0251,9.8066,0.0368,0.0464,-0.0014,4.31,-31.69,16.5,45.44,-85.72,-153.48
52.417126,-1.562428,170.37,12.48,2,267.48,22 / 22,2272028,2019-09-06 18:53:58:710,-2.0545,0.4218,10.8391,0.0275,0.0113,9.8065,0.2081,-0.1205,0.1889,4.5,-31.19,15.94,48.89,-85.99,-154.13
52.417126,-1.562428,170.37,12.48,2,267.48,22 / 22,2272128,2019-09-06 18:53:58:810,-1.0449,-1.0066,9.3586,-0.0068,-0.0307,9.8066,0.0052,0.032,-0.101,4.63,-31.19,15.81,49.2,-85.65,-154.34
52.417126,-1.562428,170.37,12.48,2,267.48,22 / 22,2272229,2019-09-06 18:53:58:911,-0.3183,0.1726,9.9184,0.005,0.0013,9.8066,0.0521,-0.073,0.0598,4.56,-31.56,15.56,48.87,-85.79,-154.63
52.417126,-1.562428,170.37,12.48,2,267.48,22 / 22,2272329,2019-09-06 18:53:59:011,0.8944,0.9859,9.8156,0.0027,0.0058,9.8066,-0.0526,0.0841,-0.0508,4.63,-31.87,15.69,50.18,-85.92,-153.24
52.417126,-1.562428,170.37,12.48,2,267.48,22 / 22,2272429,2019-09-06 18:53:59:111,0.7141,-0.3818,10.6275,0.0084,0.0173,9.8065,0.1666,0.0572,-0.0129,3.75,-31.5,16.19,46.74,-86.09,-152.73
52.417126,-1.562428,170.37,12.48,2,267.48,22 / 22,2272528,2019-09-06 18:53:59:210,-0.7754,-1.2527,10.2333,-0.0439,-0.0774,9.8062,-0.2585,0.0545,0.0093,4.13,-31.75,15.75,45.83,-85.64,-154.37
52.417126,-1.562428,170.37,12.48,2,267.48,22 / 22,2272629,2019-09-06 18:53:59:311,0.6717,2.0511,9.7379,-0.0298,-0.071,9.8063,-0.1533,0.0441,0.0139,4.25,-31.5,16,46.69,-85.59,-153.48
52.417126,-1.562428,170.37,12.48,2,267.48,22 / 22,2272729,2019-09-06 18:53:59:411,0.3497,0.4512,9.934,0.0026,0.0335,9.8065,0.1063,0.0673,0.0551,3.94,-31.94,16.19,49.52,-85.75,-150.89
52.417126,-1.562428,170.37,12.48,2,267.48,22 / 22,2272829,2019-09-06 18:53:59:511,1.1707,0.459,10.0053,-0.0075,0.0138,9.8065,0.0094,0.0676,-0.0151,3.75,-32.19,16.19,50.99,-85.68,-149.66
52.417126,-1.562428,170.37,12.48,2,267.48,22 / 22,2272929,2019-09-06 18:53:59:611,0.6694,-0.0064,9.478,0.0019,-0.0025,9.8066,-0.0545,0.0719,0.0199,4.13,-31.5,15.88,50.55,-85.74,-149.77
52.417126,-1.562428,170.37,12.48,2,267.48,22 / 22,2273029,2019-09-06 18:53:59:711,1.8118,0.3199,9.3573,-0.0065,0.0029,9.8066,-0.0351,0.1556,-0.0082,3.88,-31.94,15.94,51.41,-85.8,-149.09
52.417126,-1.562428,170.37,12.48,2,267.48,22 / 22,2273128,2019-09-06 18:53:59:810,1.1296,-0.5669,9.3526,-0.0144,-0.0142,9.8066,0.0369,0.0234,-0.0091,3.81,-31.75,16.06,50.82,-85.76,-149.7
52.417126,-1.562428,170.37,12.48,2,267.48,22 / 22,2273228,2019-09-06 18:53:59:910,-0.9623,-0.173,9.1231,0.0253,0.0804,9.8063,0.6356,-0.1428,0.0149,4,-31.56,17.06,53.06,-86.05,-146.05
52.417126,-1.562428,170.37,12.48,2,267.48,22 / 22,2273329,2019-09-06 18:54:00:011,2.1814,-1.4556,8.9694,-0.0011,-0.095,9.8061,-0.2122,0.1294,0.0824,3.63,-31.31,17.56,49.77,-86.09,-147.85
52.417126,-1.562428,170.37,12.48,2,267.48,22 / 22,2273429,2019-09-06 18:54:00:111,0.6371,-0.9229,10.9621,0.024,0.0266,9.8065,-0.2445,-0.0236,0.0209,4.06,-31.25,17.75,45.75,-85.98,-151.7
52.417126,-1.562428,170.37,12.48,2,267.48,22 / 22,2273529,2019-09-06 18:54:00:211,2.0793,0.4211,9.9582,0.0205,0.0168,9.8065,-0.0077,0.0527,-0.0194,4.25,-30.56,17.06,42.22,-86.01,-155.86
52.417126,-1.562428,170.37,12.48,2,267.48,22 / 22,2273629,2019-09-06 18:54:00:311,3.7046,-0.2079,9.3026,0.0081,-0.023,9.8066,-0.1452,0.0374,0.0215,4.19,-31.69,17.44,38.68,-86.08,-159.12
52.417126,-1.562428,170.37,12.48,2,267.48,22 / 22,2273729,2019-09-06 18:54:00:411,0.253,0.0887,10.009,-0.0401,-0.0903,9.8061,-0.333,0.193,-0.0955,3.88,-31.75,17.56,36.16,-85.69,-160.87
52.417126,-1.562428,170.37,12.48,2,267.48,22 / 22,2273828,2019-09-06 18:54:00:510,2.3606,-0.3061,9.0647,0.0186,0.0399,9.8065,-0.1716,0.163,0.0084,3.88,-31.31,17.94,37.42,-86.18,-159.08
52.417126,-1.562428,170.37,12.48,2,267.48,22 / 22,2273928,2019-09-06 18:54:00:610,0.6894,-1.1674,9.9386,-0.0199,-0.0059,9.8065,-0.0287,0.2384,-0.0979,3.88,-31.37,18.44,37.89,-86.09,-158.75
52.417126,-1.562428,170.37,12.48,2,267.48,22 / 22,2274028,2019-09-06 18:54:00:710,1.0354,0.1987,9.5603,-0.007,-0.0178,9.8066,0.008,0.1168,0.0418,3.88,-31.06,19.13,37.77,-85.9,-158.2
52.417126,-1.562428,170.37,12.48,2,267.48,22 / 22,2274128,2019-09-06 18:54:00:810,1.084,0.5135,10.0603,-0.0128,-0.0114,9.8066,-0.0697,0.1591,0.0448,3.63,-31.69,19,38.66,-85.88,-157.55
52.417126,-1.562428,170.37,12.48,2,267.48,22 / 22,2274228,2019-09-06 18:54:00:910,1.3333,0.7945,10.264,-0.0132,-0.0058,9.8066,-0.0068,0.1314,0.0309,3.69,-31.12,19.63,38.42,-85.97,-156.77
52.417126,-1.562428,170.37,12.48,2,267.48,22 / 22,2274329,2019-09-06 18:54:01:011,1.6216,0.0981,10.9672,0.0007,0.0202,9.8066,0.2377,0.1634,0.0198,4.13,-31.25,20.31,41.16,-85.96,-154.27
52.417126,-1.562428,170.37,12.48,2,267.48,22 / 22,2274429,2019-09-06 18:54:01:111,1.5868,-1.2172,9.1457,-0.012,-0.0349,9.8065,0.0904,0.1526,-0.0045,3.25,-31.37,20.5,37.62,-85.72,-154.41
52.417126,-1.562428,170.37,12.48,2,267.48,22 / 22,2274528,2019-09-06 18:54:01:210,3.5379,-1.7446,7.9328,0.0089,-0.0534,9.8065,-0.3656,0.0934,-0.0009,4,-30.87,20.63,38.84,-85.67,-155.97
52.417126,-1.562428,170.37,12.48,2,267.48,22 / 22,2274628,2019-09-06 18:54:01:310,5.0405,-1.2389,9.6815,0.0185,0.0551,9.8065,-0.2471,0.3272,0.0134,3.38,-31.06,20.75,38.58,-85.96,-153.3
52.417126,-1.562428,170.37,12.48,2,267.48,22 / 22,2274729,2019-09-06 18:54:01:411,3.7034,-1.1945,9.8828,0.0062,-0.0177,9.8066,-0.0613,0.4003,-0.2113,3.56,-31,20.63,42.51,-85.68,-152.6
52.417126,-1.562428,170.37,12.48,2,267.48,22 / 22,2274829,2019-09-06 18:54:01:511,5.1484,0.6228,10.7343,0.0165,-0.0315,9.8065,0.0425,0.3674,-0.1149,4.06,-30.37,21.19,40.01,-85.63,-154.8
52.417126,-1.562428,170.37,12.48,2,267.48,22 / 22,2274928,2019-09-06 18:54:01:610,2.0636,-0.1187,10.045,0.0052,-0.0117,9.8066,-0.0477,0.1509,0.0804,3.31,-30.87,21.69,35.27,-85.52,-156.19
52.417126,-1.562428,170.37,12.48,2,267.48,22 / 22,2275028,2019-09-06 18:54:01:710,0.8423,-0.994,9.7905,0.0148,0.0208,9.8066,-0.0969,0.1407,-0.0375,3.44,-31.25,21.88,37.02,-85.7,-154.44
52.417126,-1.562428,170.37,12.48,2,267.48,22 / 22,2275128,2019-09-06 18:54:01:810,1.1573,0.4891,9.6864,0.0274,0.0278,9.8065,0.083,0.2052,-0.1079,3.25,-31,21.88,35.66,-85.96,-155.47
52.417126,-1.562428,170.37,12.48,2,267.48,22 / 22,2275229,2019-09-06 18:54:01:911,1.8038,-1.5242,10.322,0.0037,-0.0043,9.8066,0.0254,0.1664,0.0261,2.81,-30.75,22.44,34.59,-85.99,-156.42
52.417126,-1.562428,170.37,12.48,2,267.48,22 / 22,2275328,2019-09-06 18:54:02:010,1.9499,-0.4545,10.3078,0.024,0.0244,9.8065,0.0474,0.1598,-0.0314,3.38,-30.44,22.19,31.12,-86.04,-159.46
52.417126,-1.562428,170.37,12.48,2,267.48,22 / 22,2275429,2019-09-06 18:54:02:111,1.4044,-0.9619,9.9317,0.0026,-0.0318,9.8065,0.1242,0.1489,-0.0378,2.94,-30.44,22.94,28.18,-85.78,-161.9
52.417126,-1.562428,170.37,12.48,2,267.48,22 / 22,2275528,2019-09-06 18:54:02:210,2.8357,-1.4876,9.4758,0.0014,-0.013,9.8065,-0.142,0.1443,0.0559,3.13,-30.62,23.31,27.55,-85.83,-162.52
52.417126,-1.562428,170.37,12.48,2,267.48,22 / 22,2275629,2019-09-06 18:54:02:311,0.2639,-0.6303,9.3782,0.0144,0.0163,9.8065,-0.0536,0.2916,-0.157,3.13,-30.81,23.63,27.85,-85.91,-161.78
52.417126,-1.562428,170.37,12.48,2,267.48,22 / 22,2275728,2019-09-06 18:54:02:410,2.4955,-0.4466,9.2743,-0.0137,-0.0281,9.8066,0.0285,0.1502,0.0676,2.81,-30.75,24.13,26.92,-85.89,-162.65
52.417126,-1.562428,170.37,12.48,2,267.48,22 / 22,2275829,2019-09-06 18:54:02:511,1.9507,0.6485,10.8417,0.014,0.021,9.8065,-0.0007,0.2271,-0.0775,2.75,-29.94,24.31,25.93,-85.75,-163.56
52.417126,-1.562428,170.37,12.48,2,267.48,22 / 22,2275928,2019-09-06 18:54:02:610,1.58,0.3467,10.3385,0.0171,0.0016,9.8066,-0.0372,0.1051,0.0304,2.19,-30.19,24.5,19.83,-85.87,-166.47
52.417126,-1.562428,170.37,12.48,2,267.48,22 / 22,2276029,2019-09-06 18:54:02:711,2.4239,-0.8773,10.0378,0.0106,-0.0151,9.8066,0.0311,0.2417,-0.1594,2.81,-29.94,25,17.87,-85.77,-170.57
52.417126,-1.562428,170.37,12.48,2,267.48,22 / 22,2276129,2019-09-06 18:54:02:811,2.2983,0.3918,9.7903,0.0175,-0.0088,9.8066,0.0043,0.1911,-0.0236,2.63,-30.31,25.31,15.83,-85.82,-172.41
52.417126,-1.562428,170.37,12.48,2,267.48,22 / 22,2276228,2019-09-06 18:54:02:910,2.1767,-0.7293,9.3685,0.0142,0.0138,9.8066,-0.047,0.2827,-0.1088,1.75,-29.75,26.06,8.93,-85.92,-176.22
52.417126,-1.562428,170.37,12.48,2,267.48,22 / 22,2276328,2019-09-06 18:54:03:010,2.0745,-1.5805,9.0422,0.0088,-0.0003,9.8066,-0.0295,0.2123,0.0166,2.38,-30.31,26.25,8.2,-85.85,-176.9
52.417126,-1.562428,170.37,12.48,2,267.48,22 / 22,2276429,2019-09-06 18:54:03:111,2.754,0.2496,10.137,0.0154,0.0221,9.8065,-0.1095,0.2875,-0.1241,2.44,-29.75,26,7.09,-85.64,-177.95
52.417126,-1.562428,170.37,12.48,2,267.48,22 / 22,2276529,2019-09-06 18:54:03:211,0.1905,0.549,9.9802,0.0087,-0.0302,9.8066,0.0164,0.0189,0.0091,2.13,-29.5,26.88,4.35,-85.56,179.74
52.417126,-1.562428,170.37,12.48,2,267.48,22 / 22,2276629,2019-09-06 18:54:03:311,3.0341,-2.2067,9.6531,-0.0035,0.0063,9.8066,0.0008,0.1137,0.0944,2.19,-29.37,27.19,3.23,-85.49,178.71
52.417126,-1.562428,170.37,12.48,2,267.48,22 / 22,2276728,2019-09-06 18:54:03:410,2.6832,-0.0857,10.2648,0.0064,-0.0107,9.8066,-0.0065,0.2221,-0.0294,1.69,-30.19,27.44,3.49,-85.31,178.93
52.417126,-1.562428,170.37,12.48,2,267.48,22 / 22,2276829,2019-09-06 18:54:03:511,1.9651,-0.553,9.8389,0.0074,-0.0112,9.8066,0.0206,0.1575,-0.037,2.06,-29.31,27.44,0.21,-85.34,175.95
52.417126,-1.562428,170.37,12.48,2,267.48,22 / 22,2276929,2019-09-06 18:54:03:611,1.5212,-0.2969,10.0319,0.0023,-0.02,9.8066,-0.1085,0.1721,-0.0066,1.75,-28.87,27.69,359.69,-85.34,175.63
52.417126,-1.562428,170.37,12.48,2,267.48,22 / 22,2277028,2019-09-06 18:54:03:710,1.9741,0.2914,9.6357,0.0015,0.021,9.8066,-0.1146,0.1732,0.006,1.69,-29.31,27.94,359.07,-85.39,175.07
52.417126,-1.562428,170.37,12.48,2,267.48,22 / 22,2277129,2019-09-06 18:54:03:811,0.4855,-0.3377,10.0327,-0.0012,0.0032,9.8066,0.1225,0.1062,0.0402,1.06,-29.31,27.63,356.92,-85.46,175.13
52.417126,-1.562428,170.37,12.48,2,267.48,22 / 22,2277229,2019-09-06 18:54:03:911,2.1939,-0.3207,9.83,0.0016,0.0153,9.8066,0.0279,0.1815,-0.0695,0.69,-29.87,27.81,355.78,-85.51,174.1
52.417126,-1.562428,170.37,12.48,2,267.48,22 / 22,2277329,2019-09-06 18:54:04:011,1.9838,-0.2787,9.9592,-0.0027,0.017,9.8066,0.0864,0.1997,-0.0346,0.69,-29.37,28.13,356.5,-85.51,174.75
52.417126,-1.562428,170.37,12.48,2,267.48,22 / 22,2277429,2019-09-06 18:54:04:111,1.6366,1.2944,10.4726,0.0033,0.0003,9.8066,-0.0133,0.1467,-0.0241,0.5,-29.56,28.38,355.46,-85.43,173.81
52.417126,-1.562428,170.37,12.48,2,267.48,22 / 22,2277528,2019-09-06 18:54:04:210,1.6635,0.8489,10.4909,-0.0011,0.0062,9.8066,0.0282,0.0637,0.0837,0.5,-29.87,28.75,355.67,-85.36,174.07
52.417126,-1.562428,170.37,12.48,2,267.48,22 / 22,2277628,2019-09-06 18:54:04:310,0.3466,0.3897,10.085,-0.0065,-0.0029,9.8066,0.0901,0.2314,-0.0384,0.19,-29.06,29.19,353.53,-85.25,174.08
52.417126,-1.562428,170.37,12.48,2,267.48,22 / 22,2277729,2019-09-06 18:54:04:411,1.2621,-1.8857,9.4784,-0.0019,0.0033,9.8066,-0.1669,0.0907,-0.0223,0.38,-29.75,28.75,354.03,-85.2,174.57
52.417126,-1.562428,170.37,12.48,2,267.48,22 / 22,2277829,2019-09-06 18:54:04:511,0.3673,-0.6695,9.2919,0.01,-0.042,9.8065,-0.2095,0.0807,0.0002,0,-30.12,29.25,354.48,-85.01,174.99
52.417126,-1.562428,170.37,12.48,2,267.48,22 / 22,2277929,2019-09-06 18:54:04:611,0.664,1.2243,9.6166,-0.0001,-0.0533,9.8064,0.2351,0.075,0.0839,0,-29.37,28.25,354.16,-85.06,174.7
52.417126,-1.562428,170.37,12.48,2,267.48,22 / 22,2278029,2019-09-06 18:54:04:711,2.2575,1.2703,10.0249,-0.0137,0.0534,9.8065,0.0791,0.122,-0.0631,-0.62,-29.56,29.63,353.51,-85.4,175.96
52.417126,-1.562428,170.37,12.48,2,267.48,22 / 22,2278129,2019-09-06 18:54:04:811,1.6192,-0.8092,9.3177,-0.0027,0.0456,9.8065,0.1681,-0.0479,0.0802,-1.19,-30,30.19,354.73,-85.36,177.08
52.417126,-1.562428,170.37,12.48,2,267.48,22 / 22,2278228,2019-09-06 18:54:04:910,1.5765,-0.3824,10.558,0.0215,-0.0101,9.8066,0.0885,0.0896,0.062,-0.62,-29.44,29.69,355.92,-85.1,178.18
52.417126,-1.562428,170.37,12.48,2,267.48,22 / 22,2278331,2019-09-06 18:54:05:013,-0.483,-1.347,9.8185,-0.0097,-0.0308,9.8065,-0.0065,0.1424,-0.0578,-1.19,-29.94,30.44,354.77,-84.85,177.17
52.417126,-1.562428,170.37,12.48,2,267.48,22 / 22,2278428,2019-09-06 18:54:05:110,0.6915,-2.5291,11.1656,0.01,-0.0687,9.8063,-0.1137,0.0563,0.0909,-1.69,-29.69,30.19,352.07,-84.56,176.67
52.416862,-1.563855,172.04,11.46,2,218.03,22 / 22,2278528,2019-09-06 18:54:05:210,3.6093,-0.6864,8.9475,0.0392,-0.0624,9.8064,-0.4117,0.0684,-0.0042,-1.62,-30.37,30,351.12,-85.11,175.72
52.416862,-1.563855,172.04,11.46,2,218.03,22 / 22,2278628,2019-09-06 18:54:05:310,-0.7329,1.1992,10.6472,0.0127,-0.0717,9.8063,-0.2105,0.099,-0.0779,-1.62,-30.25,31.44,348.82,-84.86,173.52
52.416862,-1.563855,172.04,11.46,2,218.03,22 / 22,2278729,2019-09-06 18:54:05:411,3.3154,-0.3673,11.3532,-0.0049,-0.0128,9.8066,0.2683,0.2883,-0.0341,-2,-30.56,31.25,343.55,-84.91,168.74
52.416862,-1.563855,172.04,11.46,2,218.03,22 / 22,2278828,2019-09-06 18:54:05:510,-0.6534,-1.3024,9.9995,-0.0372,0.0227,9.8065,0.3453,0.0686,-0.021,-1.94,-29.75,31.44,346.56,-84.86,171.46
52.416862,-1.563855,172.04,11.46,2,218.03,22 / 22,2278931,2019-09-06 18:54:05:613,0.8166,-3.7828,10.0904,0.0071,-0.0572,9.8064,0.0574,0.0508,0.0099,-1.94,-28.87,32.13,348.57,-84.29,173.22
52.416862,-1.563855,172.04,11.46,2,218.03,22 / 22,2279029,2019-09-06 18:54:05:711,2.9168,0.8197,9.6552,0.0141,-0.0467,9.8065,-0.0817,-0.0065,-0.0073,-2.31,-29.94,31.88,346.46,-84.18,171.38
52.416862,-1.563855,172.04,11.46,2,218.03,22 / 22,2279129,2019-09-06 18:54:05:811,1.2161,-0.7188,9.6187,-0.0022,-0.0229,9.8066,-0.1032,0.1997,-0.1737,-2.87,-30,32.06,342.37,-83.99,169.52
52.416862,-1.563855,172.04,11.46,2,218.03,22 / 22,2279228,2019-09-06 18:54:05:910,-0.0907,-0.549,9.5036,0.031,0.0337,9.8065,0.0807,0.1167,0.0589,-2.62,-29.37,33,339.26,-84.08,166.39
52.416862,-1.563855,172.04,11.46,2,218.03,22 / 22,2279329,2019-09-06 18:54:06:011,1.4382,1.349,9.8786,0.0197,-0.0186,9.8066,-0.0523,0.1283,-0.0678,-3.19,-30.25,32.44,335.22,-83.97,163.05
52.416862,-1.563855,172.04,11.46,2,218.03,22 / 22,2279428,2019-09-06 18:54:06:110,3.1421,0.8844,10.2041,0.0125,-0.0227,9.8066,0.0048,0.2301,-0.0853,-2.69,-29.19,33.13,334.04,-83.99,161.66
52.416862,-1.563855,172.04,11.46,2,218.03,22 / 22,2279529,2019-09-06 18:54:06:211,1.8311,0.3507,9.8503,-0.013,0.0044,9.8066,0.0138,0.2272,-0.0604,-2.87,-28.69,33.94,334.1,-83.87,161.55
52.416862,-1.563855,172.04,11.46,2,218.03,22 / 22,2279628,2019-09-06 18:54:06:310,2.4169,0.5262,10.4998,0.0061,0.013,9.8066,0.0265,0.1357,0.0454,-3.06,-28.69,33.56,334.81,-83.69,162.26
52.416862,-1.563855,172.04,11.46,2,218.03,22 / 22,2279728,2019-09-06 18:54:06:410,0.3335,1.2456,10.3147,-0.0048,-0.0195,9.8066,-0.0346,0.2883,-0.1063,-3.12,-28.81,33,335.21,-83.65,162.87
52.416862,-1.563855,172.04,11.46,2,218.03,22 / 22,2279828,2019-09-06 18:54:06:510,1.7737,0.3272,10.102,0.009,-0.0041,9.8066,-0.043,0.1383,-0.0064,-4.19,-28.37,32.94,332.91,-83.46,162.48
52.416862,-1.563855,172.04,11.46,2,218.03,22 / 22,2279928,2019-09-06 18:54:06:610,0.8183,-0.0952,10.1501,0.0089,-0.0065,9.8066,0.0474,0.128,0.0383,-4.31,-28.06,33.63,333.46,-83.33,162.76
52.416862,-1.563855,172.04,11.46,2,218.03,22 / 22,2280028,2019-09-06 18:54:06:710,1.8708,1.5336,10.1016,-0.0018,-0.0062,9.8066,0.0185,0.2376,0.0056,-4.81,-28.19,33.75,331.93,-83.26,163.05
52.416862,-1.563855,172.04,11.46,2,218.03,22 / 22,2280128,2019-09-06 18:54:06:810,1.4231,0.1729,10.4452,-0.004,-0.0074,9.8066,0.0238,0.2334,-0.0319,-5.06,-28.19,34.44,333.14,-83.2,164.17
52.416862,-1.563855,172.04,11.46,2,218.03,22 / 22,2280229,2019-09-06 18:54:06:911,1.2815,1.4084,9.8065,0.0068,-0.0076,9.8066,0.0306,0.0637,0.0949,-5.37,-27.94,33.88,333.22,-83.12,164.28
52.416862,-1.563855,172.04,11.46,2,218.03,22 / 22,2280329,2019-09-06 18:54:07:011,1.3829,1.0523,10.0049,-0.0036,-0.0019,9.8066,-0.0136,0.2193,-0.0349,-5.37,-28.06,34.69,335.3,-83.12,165.86
52.416862,-1.563855,172.04,11.46,2,218.03,21 / 22,2280428,2019-09-06 18:54:07:110,1.5519,0.3561,10.0755,-0.0062,0.003,9.8066,-0.1138,0.1491,0.0587,-5.31,-28.31,34.44,335.65,-83.06,166.5
52.416862,-1.563855,172.04,11.46,2,218.03,21 / 22,2280529,2019-09-06 18:54:07:211,2.1122,0.876,9.6434,-0.0048,0.0057,9.8066,0.0696,0.1215,0.0446,-6.12,-28.06,34.38,335.53,-83.09,168.02
52.416862,-1.563855,172.04,11.46,2,218.03,21 / 22,2280628,2019-09-06 18:54:07:310,2.4382,0.3645,9.3088,-0.008,0.0008,9.8066,-0.0042,0.213,-0.0229,-6.87,-28,34.81,335.28,-83.08,169.02
52.416862,-1.563855,172.04,11.46,2,218.03,21 / 22,2280729,2019-09-06 18:54:07:411,2.4597,-0.5595,8.9069,-0.0122,0.0205,9.8065,-0.0091,0.1204,0.0604,-6.81,-28.06,34.31,336.07,-82.95,170.16
52.416862,-1.563855,172.04,11.46,2,218.03,21 / 22,2280829,2019-09-06 18:54:07:511,1.286,0.1985,8.985,0.01,-0.0132,9.8066,-0.0536,0.1449,0.0505,-7.25,-28.19,34.94,337.17,-82.97,170.77
52.416862,-1.563855,172.04,11.46,2,218.03,21 / 22,2280929,2019-09-06 18:54:07:611,0.7262,1.032,10.3659,-0.0142,0.0278,9.8065,0.0978,0.1009,-0.029,-7.69,-28.56,34.5,337.02,-83.05,172.24
52.416862,-1.563855,172.04,11.46,2,218.03,21 / 22,2281029,2019-09-06 18:54:07:711,1.8684,-0.5897,10.0479,-0.007,0.0502,9.8065,0.2597,0.1765,-0.0294,-8.19,-29,34.94,336.69,-83.09,171.93
52.416862,-1.563855,172.04,11.46,2,218.03,21 / 22,2281129,2019-09-06 18:54:07:811,1.9954,-0.9683,10.4334,0.0177,-0.0502,9.8065,-0.146,0.1384,0.0342,-8.5,-28.75,34.69,336.68,-82.59,172.1
52.416862,-1.563855,172.04,11.46,2,218.03,21 / 22,2281229,2019-09-06 18:54:07:911,0.4002,0.3707,9.9961,0.0173,-0.0554,9.8065,-0.1315,0.0924,-0.0261,-9.06,-28,35,335.07,-82.48,172.14
52.416862,-1.563855,172.04,11.46,2,218.03,21 / 22,2281329,2019-09-06 18:54:08:011,1.0468,1.1382,9.9207,-0.0048,0.0267,9.8065,0.1837,0.1364,-0.0335,-9.06,-28.25,35.69,335.76,-82.27,172.38
52.416862,-1.563855,172.04,11.46,2,218.03,21 / 21,2281429,2019-09-06 18:54:08:111,1.2753,1.1319,9.9615,-0.0058,0.0385,9.8065,0.1409,0.1746,-0.0216,-10,-28.5,35.44,332.67,-82.32,171.54
52.416862,-1.563855,172.04,11.46,2,218.03,21 / 21,2281528,2019-09-06 18:54:08:210,1.2574,-0.3001,10.3113,0.0156,-0.033,9.8065,-0.0298,0.1846,-0.0302,-9.69,-28.5,36.06,332.33,-81.97,170.88
52.416862,-1.563855,172.04,11.46,2,218.03,21 / 21,2281629,2019-09-06 18:54:08:311,1.2622,0.6481,9.6322,0.0137,-0.0069,9.8065,-0.0016,0.1484,-0.0495,-10.12,-28.56,36.38,331.7,-81.91,170.44
52.416862,-1.563855,172.04,11.46,2,218.03,21 / 21,2281728,2019-09-06 18:54:08:410,1.4905,0.4713,10.1609,0.0006,0.0052,9.8066,0.0602,0.187,-0.047,-10.25,-28.25,36.44,330.98,-81.82,169.73
52.416862,-1.563855,172.04,11.46,2,218.03,21 / 21,2281829,2019-09-06 18:54:08:511,1.0598,-0.9995,10.0379,0.0036,0.015,9.8066,0.1308,0.136,0.025,-9.81,-27.94,35.94,330.42,-81.78,169.24
52.416862,-1.563855,172.04,11.46,2,218.03,21 / 21,2281929,2019-09-06 18:54:08:611,0.8639,2.2489,10.0172,-0.0007,-0.0291,9.8066,-0.1583,0.1075,-0.0318,-10.31,-28.25,35.44,329.61,-81.74,169.03
52.416862,-1.563855,172.04,11.46,2,218.03,21 / 21,2282029,2019-09-06 18:54:08:711,0.1456,1.7136,10.1782,0.0043,-0.0166,9.8066,-0.1037,0.0693,-0.032,-11,-28.19,35.19,329.01,-81.62,170.02
52.416862,-1.563855,172.04,11.46,2,218.03,21 / 21,2282129,2019-09-06 18:54:08:811,1.6127,0.8756,10.4399,0.0057,-0.0082,9.8065,0.0399,0.0745,0.061,-10.37,-27.94,35.38,330.51,-81.62,169.89
52.416862,-1.563855,172.04,11.46,2,218.03,21 / 21,2282229,2019-09-06 18:54:08:911,0.5349,0.0417,10.3031,-0.0026,-0.0225,9.8066,0.0789,0.1302,-0.0123,-10.87,-27.75,35.94,330.35,-81.5,170.74
52.416862,-1.563855,172.04,11.46,2,218.03,21 / 21,2282329,2019-09-06 18:54:09:011,0.9837,1.2488,11.1683,-0.0136,0.0076,9.8066,0.2703,0.0416,-0.048,-11.06,-28.25,35.69,330.72,-81.37,171.12
52.416862,-1.563855,172.04,11.46,2,218.03,22 / 22,2282429,2019-09-06 18:54:09:111,1.3069,-0.319,11.0119,-0.0097,0.0635,9.8063,-0.1384,0.1934,0.0931,-10.94,-28.44,35.94,330.52,-81.39,170.94
52.416862,-1.563855,172.04,11.46,2,218.03,22 / 22,2282528,2019-09-06 18:54:09:210,0.8205,1.2379,11.3454,0.0207,-0.05,9.8065,-0.1097,0.0936,-0.0497,-11.56,-28.12,36.63,329.13,-81.4,170.56
52.416862,-1.563855,172.04,11.46,2,218.03,22 / 22,2282628,2019-09-06 18:54:09:310,0.0208,0.4105,9.9901,0.0115,-0.0098,9.8066,-0.0951,0.0053,-0.0172,-11.62,-28,36.75,329.14,-81.02,170.73
52.416862,-1.563855,172.04,11.46,2,218.03,22 / 22,2282728,2019-09-06 18:54:09:410,1.1077,0.4824,8.7882,0.0074,-0.0027,9.8066,0.0975,0.1388,0.0424,-11.56,-27.56,36.13,328.6,-81.02,170.8
52.416862,-1.563855,172.04,11.46,2,218.03,22 / 22,2282829,2019-09-06 18:54:09:511,-0.7401,1.2748,10.1088,-0.0169,0.0214,9.8065,-0.12,0.154,-0.0886,-12.5,-27.44,36.69,329.58,-80.98,171.03
52.416862,-1.563855,172.04,11.46,2,218.03,22 / 22,2282928,2019-09-06 18:54:09:610,0.5659,2.4613,9.4503,0.0034,-0.0147,9.8066,-0.1188,0.0739,-0.1034,-13.06,-28.12,35.31,327.6,-81.11,171.87
52.416862,-1.563855,172.04,11.46,2,218.03,22 / 22,2283028,2019-09-06 18:54:09:710,0.1872,-0.9473,9.617,0.0117,0.0013,9.8066,-0.1247,0.125,0.1386,-13,-27.94,35.75,327.88,-81.11,171.51
52.416862,-1.563855,172.04,11.46,2,218.03,22 / 22,2283129,2019-09-06 18:54:09:811,4.4851,-2.0629,11.4738,-0.0125,-0.0303,9.8065,0.0923,0.1425,-0.2169,-13.25,-28.56,36.13,328.65,-81.07,172.33
52.416862,-1.563855,172.04,11.46,2,218.03,22 / 22,2283229,2019-09-06 18:54:09:911,-1.1116,2.6169,7.2452,0.0296,0.0192,9.8065,-0.0421,0.072,0.1251,-13.75,-28.37,35.75,326.93,-80.86,172.13
52.416862,-1.563855,172.04,11.46,2,218.03,22 / 22,2283328,2019-09-06 18:54:10:010,5.6597,-1.2531,8.7533,0.0121,0.0383,9.8065,-0.2401,-0.0878,0.1318,-13.62,-28.81,35.44,325.35,-80.91,171.47
52.416862,-1.563855,172.04,11.46,2,218.03,22 / 22,2283428,2019-09-06 18:54:10:110,0.0399,1.9408,10.7866,-0.0104,0.0086,9.8066,-0.2175,0.2196,-0.1418,-14.31,-28.81,35.69,326.74,-81.16,171.94
52.416862,-1.563855,172.04,11.46,2,218.03,22 / 22,2283528,2019-09-06 18:54:10:210,0.2162,-0.9158,10.383,0.0329,-0.048,9.8065,0.019,0.0904,0.0372,-14,-28.75,35.56,325.28,-80.97,170.73
52.416862,-1.563855,172.04,11.46,2,218.03,22 / 22,2283629,2019-09-06 18:54:10:311,3.1003,-0.1714,9.7721,0.0346,-0.0413,9.8065,0.0326,0.2312,-0.0668,-13.81,-28.75,36.13,324.49,-80.69,170.16
52.416862,-1.563855,172.04,11.46,2,218.03,22 / 22,2283729,2019-09-06 18:54:10:411,-0.5627,1.3686,10.6182,-0.0203,-0.0128,9.8065,-0.0441,0.1007,-0.0503,-14.69,-28.19,36.81,323.99,-80.35,170.43
52.416862,-1.563855,172.04,11.46,2,218.03,22 / 22,2283829,2019-09-06 18:54:10:511,0.4034,1.234,10.4659,-0.0111,0.0308,9.8065,0.0565,0.1489,-0.0399,-14.5,-28.81,36.81,325.97,-80.45,170.99
52.416862,-1.563855,172.04,11.46,2,218.03,22 / 22,2283929,2019-09-06 18:54:10:611,2.1905,0.0893,9.5067,0.0216,-0.0077,9.8066,-0.0198,0.0814,0.0384,-14.31,-27.69,36.38,323.76,-80.32,169.55
52.416862,-1.563855,172.04,11.46,2,218.03,22 / 22,2284028,2019-09-06 18:54:10:710,1.0461,0.8941,9.3826,-0.0044,-0.0098,9.8066,-0.0744,0.1456,-0.0656,-14.19,-28.12,36.25,324.04,-80.31,169.81
52.416862,-1.563855,172.04,11.46,2,218.03,22 / 22,2284128,2019-09-06 18:54:10:810,0.6619,1.6808,9.6574,-0.0252,0.0353,9.8065,0.0357,0.0414,0.0015,-14.56,-27.94,36.31,322.77,-80.66,169.82
52.416862,-1.563855,172.04,11.46,2,218.03,22 / 22,2284228,2019-09-06 18:54:10:910,-0.0455,0.7823,9.7993,-0.038,0.0711,9.8063,0.1108,0.0746,0.0445,-15.31,-27.75,35.63,323.11,-80.73,170.09
52.416862,-1.563855,172.04,11.46,2,218.03,22 / 22,2284328,2019-09-06 18:54:11:010,0.5183,1.3173,10.9478,0.0114,-0.0395,9.8065,-0.0266,0.0383,0.0152,-15.69,-28.06,35.06,321.57,-80.67,170.73
52.416862,-1.563855,172.04,11.46,2,218.03,22 / 22,2284429,2019-09-06 18:54:11:111,0.1017,0.8927,10.348,-0.0172,0.0145,9.8065,0.1195,0.0778,0.037,-15.31,-28.12,35.94,325.29,-80.49,172.16
52.416862,-1.563855,172.04,11.46,2,218.03,22 / 22,2284529,2019-09-06 18:54:11:211,-0.5535,-0.0072,9.2765,0.0093,-0.0315,9.8065,-0.0595,0.0295,0.0648,-15.75,-27.87,35.75,324.59,-80.32,172.93
52.416862,-1.563855,172.04,11.46,2,218.03,22 / 22,2284628,2019-09-06 18:54:11:310,1.9115,-0.7811,8.1216,0.0041,-0.0231,9.8065,0.0547,0.0238,0.1105,-16.12,-28.75,35.19,325.03,-80.44,174.1
52.416862,-1.563855,172.04,11.46,2,218.03,22 / 22,2284729,2019-09-06 18:54:11:411,2.3787,1.4654,8.5362,0.0037,0.0222,9.8066,-0.3517,0.2181,0.0147,-16.56,-29.31,35.88,325.74,-80.41,175.32
52.416862,-1.563855,172.04,11.46,2,218.03,22 / 22,2284829,2019-09-06 18:54:11:511,-1.7097,2.1329,11.3505,0.0322,-0.0708,9.8063,-0.2253,-0.1175,0.1011,-17.06,-28.25,35.94,325.29,-80.43,174.77
52.416862,-1.563855,172.04,11.46,2,218.03,22 / 22,2284930,2019-09-06 18:54:11:612,0.3578,2,8.1563,-0.0045,0.0432,9.8065,-0.1178,0.1594,-0.014,-17.12,-27.94,35.06,326.2,-80.31,176.37
52.416862,-1.563855,172.04,11.46,2,218.03,22 / 22,2285029,2019-09-06 18:54:11:711,0.131,-0.191,9.2701,0.0259,-0.0458,9.8064,-0.0983,0.072,0.1214,-17.37,-28.5,35.94,326.48,-80.03,176.03
52.416862,-1.563855,172.04,11.46,2,218.03,22 / 22,2285129,2019-09-06 18:54:11:811,0.0494,1.1662,9.756,-0.0373,0.0179,9.8065,0.0587,0.1022,-0.0694,-17.44,-27.94,35.31,327.94,-80.2,177.96
52.416862,-1.563855,172.04,11.46,2,218.03,22 / 22,2285229,2019-09-06 18:54:11:911,0.2972,1.8141,10.9896,-0.0072,0.0056,9.8066,0.0429,0.1694,0.0535,-18,-28.19,35.38,327.09,-80.14,178.5
52.416862,-1.563855,172.04,11.46,2,218.03,22 / 22,2285328,2019-09-06 18:54:12:010,-0.0039,1.2862,11.2744,-0.0092,-0.0307,9.8066,0.1465,0.0884,0.0406,-18.25,-27.69,35.19,327.6,-79.96,179.04
52.416862,-1.563855,172.04,11.46,2,218.03,22 / 22,2285429,2019-09-06 18:54:12:111,0.7622,-0.9678,10.4323,0.0012,-0.0054,9.8066,0.2385,0.06,-0.0223,-18.56,-28,35.81,328.41,-79.56,-179.58
52.416862,-1.563855,172.04,11.46,2,218.03,22 / 22,2285529,2019-09-06 18:54:12:211,-0.983,1.3802,9.7425,0.0132,-0.0151,9.8066,-0.072,0.0921,-0.0207,-18.56,-27.44,35.56,327.94,-79.32,179.98
52.416862,-1.563855,172.04,11.46,2,218.03,22 / 22,2285629,2019-09-06 18:54:12:311,0.2343,0.582,8.9618,0.0059,0.0272,9.8065,-0.1147,0.1377,-0.047,-18.37,-27.37,35.13,327.46,-79.61,178.93
52.416862,-1.563855,172.04,11.46,2,218.03,22 / 22,2285729,2019-09-06 18:54:12:411,0.3746,1.7514,9.4464,-0.0086,0.0225,9.8066,-0.1246,0.1001,-0.0733,-18.62,-27.81,34.81,324.78,-80.02,177.74
52.416862,-1.563855,172.04,11.46,2,218.03,22 / 22,2285829,2019-09-06 18:54:12:511,0.3975,1.9714,9.6322,-0.0207,0.0426,9.8065,-0.071,0.0884,-0.0369,-18.5,-27.69,34.38,324.78,-80.55,177.02
52.416862,-1.563855,172.04,11.46,2,218.03,22 / 22,2285929,2019-09-06 18:54:12:611,-2.3206,1.2488,10.3696,-0.006,-0.0326,9.8066,-0.0052,0.2176,-0.0094,-18.44,-28.37,34,325.23,-80.48,177.45
52.416862,-1.563855,172.04,11.46,2,218.03,22 / 22,2286029,2019-09-06 18:54:12:711,-0.1745,1.297,10.7043,-0.0222,0.0066,9.8066,0.1449,0.091,-0.0037,-18.94,-27.75,34.94,325.12,-80.47,177.83
52.416862,-1.563855,172.04,11.46,2,218.03,22 / 22,2286129,2019-09-06 18:54:12:811,0.5788,1.5108,10.4888,0.0321,-0.0521,9.8064,-0.0896,0.2009,-0.1066,-19.19,-27.81,35,324.37,-79.84,177.46
52.416862,-1.563855,172.04,11.46,2,218.03,22 / 22,2286228,2019-09-06 18:54:12:910,0.1999,0.1501,10.0106,0.0091,0.0023,9.8066,-0.0076,0.1252,0.0414,-18.5,-27.94,35,324.82,-79.92,176.59
52.416862,-1.563855,172.04,11.46,2,218.03,22 / 22,2286330,2019-09-06 18:54:13:012,-0.7057,1.2504,9.0579,0.0024,0.0025,9.8066,-0.0705,0.0341,-0.0317,-19.06,-27.56,34.69,322.79,-80.19,175.87
52.416862,-1.563855,172.04,11.46,2,218.03,22 / 22,2286428,2019-09-06 18:54:13:110,-0.178,1.0782,9.0155,-0.009,0.018,9.8066,0.015,0.0509,-0.0744,-19.62,-27.75,33.81,320.15,-80.44,175.37
52.416862,-1.563855,172.04,11.46,2,218.03,22 / 22,2286529,2019-09-06 18:54:13:211,-0.0332,0.3522,10.0159,0.0114,-0.0113,9.8066,0.0173,0.0275,0.0246,-19.25,-27.81,33.88,320.95,-80.46,174.86
52.416862,-1.563855,172.04,11.46,2,218.03,22 / 22,2286628,2019-09-06 18:54:13:310,-1.1525,0.9482,10.0341,0.0059,-0.0226,9.8065,-0.0564,-0.0029,0.0196,-19.25,-26.94,34.13,321.59,-80.33,175.36
52.416862,-1.563855,172.04,11.46,2,218.03,22 / 22,2286729,2019-09-06 18:54:13:411,-0.141,-0.463,9.8768,-0.0205,-0.0008,9.8066,0.0691,-0.0134,0.1097,-19.44,-27,34.5,323.84,-80.34,176.59
52.416862,-1.563855,172.04,11.46,2,218.03,22 / 22,2286829,2019-09-06 18:54:13:511,0.9917,-0.2396,10.5663,-0.0216,-0.0107,9.8066,0.0707,-0.022,0.0472,-19.69,-27.06,33.94,323.67,-80.28,178.48
52.416862,-1.563855,172.04,11.46,2,218.03,22 / 22,2286929,2019-09-06 18:54:13:611,-2.1334,2.2822,10.5214,0.013,-0.0024,9.8065,-0.0338,0.0297,-0.0042,-19.69,-27.56,33.63,323.95,-80.37,178.83
52.416862,-1.563855,172.04,11.46,2,218.03,22 / 22,2287029,2019-09-06 18:54:13:711,-2.0958,-0.1976,10.7454,0.0086,0.0045,9.8066,0.0444,0.0367,0.1081,-19.69,-27.5,34.06,322.89,-80.1,177.86
52.416862,-1.563855,172.04,11.46,2,218.03,22 / 22,2287129,2019-09-06 18:54:13:811,0.631,0.8084,10.0414,0.0312,-0.0188,9.8065,-0.0326,-0.0332,0.0283,-19.25,-27.12,34.38,323.38,-79.72,177.28
52.416862,-1.563855,172.04,11.46,2,218.03,22 / 22,2287229,2019-09-06 18:54:13:911,-0.9572,-0.1435,9.848,0.0107,0.0031,9.8066,-0.1032,-0.025,-0.0562,-19.75,-28.5,34.13,321.43,-79.8,176.86
52.416862,-1.563855,172.04,11.46,2,218.03,22 / 22,2287329,2019-09-06 18:54:14:011,-1.451,1.2083,9.9967,-0.0034,0.0151,9.8066,0.1101,0.0792,-0.0159,-19.5,-27.81,34.19,321.49,-80.03,175.58
52.41595,-1.563832,173.36,12.54,2,152.4,21 / 22,2287428,2019-09-06 18:54:14:110,-1.2824,0.9273,9.0238,-0.0189,0.011,9.8066,-0.0391,0.0836,-0.0798,-19.5,-28.06,33.5,321.16,-79.96,175.33
52.41595,-1.563832,173.36,12.54,2,152.4,21 / 22,2287529,2019-09-06 18:54:14:211,-0.7779,1.3726,9.3191,-0.0044,-0.0186,9.8066,-0.0725,0.053,-0.0261,-19.25,-27.69,34.63,322.53,-79.99,175.74
52.41595,-1.563832,173.36,12.54,2,152.4,21 / 22,2287628,2019-09-06 18:54:14:310,-0.3046,1.3247,9.8978,0.0037,-0.0223,9.8066,-0.0206,0.0464,-0.0427,-19.69,-28.19,34.44,320.8,-80.01,176.19
52.41595,-1.563832,173.36,12.54,2,152.4,21 / 22,2287729,2019-09-06 18:54:14:411,-0.2767,0.2619,9.5889,-0.0048,0.0138,9.8066,-0.0496,0.089,0.0119,-19.69,-28,34.19,320.85,-79.97,176.25
52.41595,-1.563832,173.36,12.54,2,152.4,21 / 22,2287829,2019-09-06 18:54:14:511,0.6017,0.1811,10.1942,0.0074,-0.0059,9.8066,-0.0469,0.0715,0.0237,-20.12,-28,34.25,320.4,-79.96,175.85
52.41595,-1.563832,173.36,12.54,2,152.4,21 / 22,2287928,2019-09-06 18:54:14:610,0.5217,0.2725,9.5705,0.0129,-0.0049,9.8065,-0.0514,0.0405,-0.0846,-19.69,-27.62,34.19,319.8,-79.87,175.36
52.41595,-1.563832,173.36,12.54,2,152.4,21 / 22,2288029,2019-09-06 18:54:14:711,-0.3615,0.5201,9.4613,0.0271,-0.0108,9.8065,-0.0473,0.0702,-0.0012,-19.81,-27.62,34.44,319.07,-79.87,174.7
52.41595,-1.563832,173.36,12.54,2,152.4,21 / 22,2288128,2019-09-06 18:54:14:810,-0.6796,1.366,10.1898,-0.0201,0.0194,9.8066,-0.0646,0.0434,-0.0085,-19.94,-27.31,33.75,318.97,-80.06,174.35
52.41595,-1.563832,173.36,12.54,2,152.4,21 / 22,2288229,2019-09-06 18:54:14:911,-0.8669,1.654,9.6574,-0.012,0.031,9.8065,-0.0189,0.0464,-0.0118,-19.81,-27.87,34.38,318.55,-80.09,174.11
52.41595,-1.563832,173.36,12.54,2,152.4,21 / 22,2288328,2019-09-06 18:54:15:010,-1.407,0.7074,9.8609,0.0013,-0.0072,9.8066,0.1328,0.0547,-0.0231,-20.06,-27.25,34.13,318.13,-80.04,173.59
52.41595,-1.563832,173.36,12.54,2,152.4,21 / 21,2288428,2019-09-06 18:54:15:110,0.4881,-0.0561,9.7492,-0.0039,0.0165,9.8066,0.1253,0.0542,-0.0539,-19.69,-27.87,33.94,317.68,-79.93,173.41
52.41595,-1.563832,173.36,12.54,2,152.4,21 / 21,2288529,2019-09-06 18:54:15:211,-0.9623,0.2118,9.6896,0.0218,-0.0094,9.8066,-0.1292,-0.0042,-0.0193,-19.87,-28.12,34.06,316.17,-79.77,172.14
52.41595,-1.563832,173.36,12.54,2,152.4,21 / 21,2288628,2019-09-06 18:54:15:310,-0.8674,1.4104,9.7994,0.011,-0.0005,9.8066,-0.0604,0.1242,-0.029,-19.5,-27.75,33.81,316.46,-79.89,171.13
52.41595,-1.563832,173.36,12.54,2,152.4,21 / 21,2288729,2019-09-06 18:54:15:411,0.2625,1.6641,9.8164,0.007,-0.0063,9.8065,-0.0559,0.1138,-0.1568,-19.56,-28.19,34,314.34,-79.87,170.42
52.41595,-1.563832,173.36,12.54,2,152.4,21 / 21,2288829,2019-09-06 18:54:15:511,1.1647,1.1109,10.2958,0.0119,0.008,9.8065,0.0051,0.0797,0.0323,-19.5,-28.69,34.06,314.3,-79.91,169.34
52.41595,-1.563832,173.36,12.54,2,152.4,21 / 21,2288928,2019-09-06 18:54:15:610,-0.5002,-0.6256,9.0997,-0.0046,-0.0294,9.8065,-0.0925,0.075,-0.0737,-19.37,-27.5,33.75,314.16,-79.86,168.88
52.41595,-1.563832,173.36,12.54,2,152.4,21 / 21,2289029,2019-09-06 18:54:15:711,-0.5505,3.1701,9.908,0.0104,-0.0059,9.8066,-0.1137,0.0943,0.0792,-19.69,-27.69,33.38,312.65,-79.66,169.88
52.41595,-1.563832,173.36,12.54,2,152.4,21 / 21,2289129,2019-09-06 18:54:15:811,-0.9872,1.2026,9.5736,-0.0276,0.0199,9.8066,0.1738,0.1006,-0.0275,-19.87,-27.31,33.75,314.04,-79.85,169.97
52.41595,-1.563832,173.36,12.54,2,152.4,21 / 21,2289228,2019-09-06 18:54:15:910,-2.1604,-2.9093,7.3445,-0.0243,0.0478,9.8065,-0.0406,-0.0719,0.0467,-19.44,-27.5,33.19,314.01,-79.9,169.56
52.41595,-1.563832,173.36,12.54,2,152.4,21 / 21,2289329,2019-09-06 18:54:16:011,-1.5513,-0.7444,7.6734,-0.0521,0.0629,9.8063,-0.1227,-0.22,0.1954,-19.25,-27.94,33.25,309.82,-80.18,165.74
52.41595,-1.563832,173.36,12.54,2,152.4,22 / 22,2289428,2019-09-06 18:54:16:110,-3.6043,2.9749,8.6875,-0.0009,-0.0682,9.8063,-0.698,0.0342,-0.0514,-19.81,-27.44,32.56,312.01,-80.06,168.85
52.41595,-1.563832,173.36,12.54,2,152.4,22 / 22,2289529,2019-09-06 18:54:16:211,-2.2215,-1.0095,8.578,-0.1255,0.1474,9.8047,0.3689,-0.1211,0.1129,-20.44,-26.69,31.69,308.53,-79.45,166.95
52.41595,-1.563832,173.36,12.54,2,152.4,22 / 22,2289628,2019-09-06 18:54:16:310,0.301,1.0288,10.576,-0.0502,0.0223,9.8064,-0.3392,0.0215,-0.1112,-21.25,-26.75,32.56,310.3,-79.85,168.59
52.41595,-1.563832,173.36,12.54,2,152.4,22 / 22,2289729,2019-09-06 18:54:16:411,-0.7014,1.5021,10.0768,-0.0427,0.0501,9.8063,0.3139,0.0753,0.0239,-20.94,-27.12,33.94,310.76,-80.05,168.01
52.41595,-1.563832,173.36,12.54,2,152.4,22 / 22,2289829,2019-09-06 18:54:16:511,0.2348,1.0459,9.8191,-0.0369,0.0591,9.8064,0.0957,0.0698,-0.0366,-21.37,-26.62,33.13,309.44,-80.05,167.67
52.41595,-1.563832,173.36,12.54,2,152.4,22 / 22,2289929,2019-09-06 18:54:16:611,0.8099,1.4564,9.6229,0.026,-0.0301,9.8065,-0.059,0.1365,-0.1387,-19.94,-27.5,32.88,310.4,-79.76,167.56
52.41595,-1.563832,173.36,12.54,2,152.4,22 / 22,2290029,2019-09-06 18:54:16:711,-0.041,0.4599,10.3691,0.013,0.0097,9.8066,-0.0338,0.1172,0.014,-20.12,-27.81,33.06,309.06,-79.84,166.48
52.41595,-1.563832,173.36,12.54,2,152.4,22 / 22,2290129,2019-09-06 18:54:16:811,0.973,0.9767,9.7954,0.016,-0.0219,9.8066,-0.0437,0.0306,0.0288,-19.94,-26.31,32.25,307.89,-79.93,165.83
52.41595,-1.563832,173.36,12.54,2,152.4,22 / 22,2290229,2019-09-06 18:54:16:911,-0.505,1.6934,9.8783,0.0085,-0.0143,9.8066,0.1341,0.1218,-0.0082,-19.94,-26.87,31.25,307.45,-79.76,166.72
52.41595,-1.563832,173.36,12.54,2,152.4,22 / 22,2290329,2019-09-06 18:54:17:011,0.5596,0.5963,10.0315,-0.0134,0.0147,9.8065,0.0744,0.0249,0.113,-21.06,-27.56,31,306.02,-79.95,166.67
52.41595,-1.563832,173.36,12.54,2,152.4,21 / 21,2290429,2019-09-06 18:54:17:111,0.8288,1.8357,9.2979,-0.0193,-0.0004,9.8065,-0.0405,0.1,-0.0727,-22,-27.5,31.5,306.85,-80.03,167.36
52.41595,-1.563832,173.36,12.54,2,152.4,21 / 21,2290529,2019-09-06 18:54:17:211,0.8905,0.6853,10.0025,-0.008,0.0113,9.8066,0.133,0.1048,0.0529,-22.44,-27.87,31.63,306.88,-80.13,167.53
52.41595,-1.563832,173.36,12.54,2,152.4,21 / 21,2290628,2019-09-06 18:54:17:310,-0.5275,0.5178,10.0097,-0.0146,-0.0099,9.8066,0.0817,0.0693,0.0068,-22.25,-27.56,32.5,309.05,-80.07,168.64
52.41595,-1.563832,173.36,12.54,2,152.4,21 / 21,2290729,2019-09-06 18:54:17:411,0.8013,0.6022,10.5292,0.0034,-0.0241,9.8066,0.008,0.0779,0.0741,-21.44,-26.69,32.13,310.36,-80.07,169.43
52.41595,-1.563832,173.36,12.54,2,152.4,21 / 21,2290829,2019-09-06 18:54:17:511,0.638,0.6832,9.5938,0.0118,-0.0333,9.8065,0.0399,0.0898,0.0199,-22.44,-25.69,31.63,310.92,-79.87,171.02
52.41595,-1.563832,173.36,12.54,2,152.4,21 / 21,2290928,2019-09-06 18:54:17:610,-0.2546,0.9723,9.6142,-0.0184,0.0077,9.8066,0.0217,0.0359,0.0095,-22.56,-26.56,31.38,309.82,-80.1,172.16
52.41595,-1.563832,173.36,12.54,2,152.4,21 / 21,2291029,2019-09-06 18:54:17:711,0.3274,0.3792,9.6682,-0.0195,0.0056,9.8066,-0.0166,0.0993,0.0094,-22.37,-26.87,31.69,312.81,-80.27,172.72
52.41595,-1.563832,173.36,12.54,2,152.4,21 / 21,2291129,2019-09-06 18:54:17:811,-0.5146,1.0245,9.8799,-0.0084,0.0091,9.8066,-0.0054,0.0109,0.0095,-22.56,-27.56,31.5,311.89,-80.44,173.07
52.41595,-1.563832,173.36,12.54,2,152.4,21 / 21,2291229,2019-09-06 18:54:17:911,0.398,0.2661,10.1036,-0.009,0.0108,9.8066,-0.0305,0.1154,0.0379,-22.62,-27.94,30.94,311.07,-80.53,173.23
52.41595,-1.563832,173.36,12.54,2,152.4,21 / 21,2291328,2019-09-06 18:54:18:010,0.1394,1.5714,10.5255,-0.0059,-0.018,9.8066,0.0444,0.0391,0.0358,-22.87,-28,30.88,311.41,-80.54,173.54
52.41595,-1.563832,173.36,12.54,2,152.4,21 / 22,2291429,2019-09-06 18:54:18:111,-0.2831,-0.2773,9.6063,-0.005,0.004,9.8066,0.0222,-0.0104,0.0391,-22.75,-27.25,31.13,313.16,-80.48,175.01
52.41595,-1.563832,173.36,12.54,2,152.4,21 / 22,2291529,2019-09-06 18:54:18:211,-0.7322,0.6245,9.9626,-0.0185,0.0178,9.8066,0.0326,0.0194,0.0459,-23.12,-27.5,30.75,314.16,-80.63,175.83
52.41595,-1.563832,173.36,12.54,2,152.4,21 / 22,2291628,2019-09-06 18:54:18:310,-0.7854,0.311,9.5972,-0.0336,0.0046,9.8065,0.1052,0.0426,-0.0188,-23.25,-27.75,30.63,315.19,-80.76,176.88
52.41595,-1.563832,173.36,12.54,2,152.4,21 / 22,2291729,2019-09-06 18:54:18:411,-0.4075,0.5792,9.4651,-0.0106,0.0068,9.8066,0.0189,0.064,0.0205,-23.44,-28,30.88,315.88,-80.81,177.47
52.41595,-1.563832,173.36,12.54,2,152.4,21 / 22,2291828,2019-09-06 18:54:18:510,0.2722,0.0875,9.4616,-0.001,-0.0015,9.8065,-0.0154,-0.0098,0.0276,-23.5,-27.19,30.56,316.21,-80.82,177.61
52.41595,-1.563832,173.36,12.54,2,152.4,21 / 22,2291928,2019-09-06 18:54:18:610,-0.9943,0.2061,9.7772,-0.008,-0.0102,9.8066,-0.0249,-0.0186,-0.0119,-23.94,-27.62,30.94,315.74,-80.82,178.45
52.41595,-1.563832,173.36,12.54,2,152.4,21 / 22,2292028,2019-09-06 18:54:18:710,-1.5034,-0.354,10.0011,-0.0064,-0.0038,9.8066,0.0075,0.0537,0.022,-24.19,-27.31,31,316.97,-80.82,179.41
52.41595,-1.563832,173.36,12.54,2,152.4,21 / 22,2292128,2019-09-06 18:54:18:810,-1.7234,0.6077,10.0991,0.0011,-0.0112,9.8066,-0.1023,-0.1045,0.0285,-23.81,-27.25,31.25,317.21,-80.77,179.66
52.41595,-1.563832,173.36,12.54,2,152.4,21 / 22,2292228,2019-09-06 18:54:18:910,0.3912,0.4374,9.2025,-0.017,0.0168,9.8065,-0.0147,0.0283,-0.081,-23.94,-27,30.44,316.8,-80.88,-179.78
52.41595,-1.563832,173.36,12.54,2,152.4,21 / 22,2292328,2019-09-06 18:54:19:010,-1.7496,-0.4873,9.8461,0.0042,-0.0018,9.8066,-0.0659,0.0063,0.062,-23.75,-27.19,30.56,317.43,-80.99,179.74
52.41595,-1.563832,173.36,12.54,2,152.4,21 / 21,2292428,2019-09-06 18:54:19:110,-0.5472,-0.5932,9.7505,0.0003,-0.0148,9.8065,-0.1187,-0.024,-0.0393,-24.06,-27.06,30.88,317.64,-81.08,179.88
52.41595,-1.563832,173.36,12.54,2,152.4,21 / 21,2292529,2019-09-06 18:54:19:211,-1.1325,0.2255,9.9231,-0.0041,0.0056,9.8066,0.0411,0.0245,-0.0384,-24.37,-27.19,30.25,316.51,-81.17,179.79
52.41595,-1.563832,173.36,12.54,2,152.4,21 / 21,2292629,2019-09-06 18:54:19:311,-1.0526,-0.3701,10.1621,0.0274,-0.0344,9.8065,-0.0773,0.0062,0.0782,-25.25,-27.75,31.19,316.36,-81.05,179.95
52.41595,-1.563832,173.36,12.54,2,152.4,21 / 21,2292729,2019-09-06 18:54:19:411,-1.4463,0.5052,10.0205,-0.0134,-0.0087,9.8066,-0.0515,-0.0365,-0.0304,-24.37,-28,31.5,319.9,-81.08,-178.86
52.41595,-1.563832,173.36,12.54,2,152.4,21 / 21,2292828,2019-09-06 18:54:19:510,-0.3629,-0.5865,9.6174,-0.0046,0.0131,9.8065,-0.0464,-0.0522,-0.0303,-23.75,-28.06,31.75,319.83,-81.14,-178.96
52.41595,-1.563832,173.36,12.54,2,152.4,21 / 21,2292929,2019-09-06 18:54:19:611,-0.67,0.2344,9.9201,0.0077,0.0028,9.8066,0.0156,-0.0528,0.0461,-24.06,-27.31,31.25,318.8,-81.08,-179.05
52.41595,-1.563832,173.36,12.54,2,152.4,21 / 21,2293028,2019-09-06 18:54:19:710,0.4099,-0.9708,9.573,-0.0129,0.005,9.8066,0.0628,0.0344,-0.0191,-24,-27.44,31.56,320.3,-81.26,-178.73
52.41595,-1.563832,173.36,12.54,2,152.4,21 / 21,2293129,2019-09-06 18:54:19:811,-0.1809,-0.7599,10.0317,0.0383,-0.0626,9.8063,-0.0595,0.1147,-0.0676,-24.31,-27.69,31.69,320.05,-81.59,-178.99
52.41595,-1.563832,173.36,12.54,2,152.4,21 / 21,2293229,2019-09-06 18:54:19:911,-2.8077,-1.7908,11.9109,-0.0079,0.0574,9.8065,0.4162,-0.2914,0.1619,-23.94,-27.62,31.5,319.01,-81.74,179.97
52.41595,-1.563832,173.36,12.54,2,152.4,21 / 21,2293328,2019-09-06 18:54:20:010,-3.4716,-0.6637,11.1201,0.1056,-0.0711,9.8058,-0.1558,-0.3534,0.0114,-23.87,-27.62,31.81,318.07,-80.66,179.7
52.41595,-1.563832,173.36,12.54,2,152.4,19 / 20,2293429,2019-09-06 18:54:20:111,2.0093,-1.3848,10.0449,0.0168,-0.0285,9.8065,0.2951,0.0411,-0.1008,-23.31,-27.25,31.5,319.66,-80.91,179.76
52.41595,-1.563832,173.36,12.54,2,152.4,19 / 20,2293528,2019-09-06 18:54:20:210,1.1375,-2.1322,10.523,0.0395,-0.0358,9.8065,-0.2848,-0.0746,0.0472,-23.19,-28,32.25,318.32,-80.82,178.74
52.41595,-1.563832,173.36,12.54,2,152.4,19 / 20,2293629,2019-09-06 18:54:20:311,-0.9652,-0.274,8.6572,0.0125,-0.0081,9.8066,-0.1295,-0.0705,-0.0356,-23,-27.5,32.13,318.29,-81.17,178.37
52.41595,-1.563832,173.36,12.54,2,152.4,19 / 20,2293729,2019-09-06 18:54:20:411,0.0991,-2.3058,9.6452,0.0231,-0.0137,9.8066,-0.2025,-0.1424,0.0046,-23.69,-27.44,31.5,317.58,-81.39,178.7
52.41595,-1.563832,173.36,12.54,2,152.4,19 / 20,2293829,2019-09-06 18:54:20:511,-2.0829,-0.4213,6.9989,0.0722,0.0122,9.8063,-0.2835,-0.3611,0.2174,-23,-28.5,30.63,313.8,-81.57,175.11
52.41595,-1.563832,173.36,12.54,2,152.4,19 / 20,2293928,2019-09-06 18:54:20:610,-5.495,-0.7981,7.1983,0.0269,-0.069,9.8063,-0.6554,-0.057,-0.0556,-23.31,-28.62,30.75,317.7,-81.64,178.81
52.41595,-1.563832,173.36,12.54,2,152.4,19 / 20,2294029,2019-09-06 18:54:20:711,-3.8039,1.9465,9.2992,0.1734,-0.1618,9.8037,-0.4237,-0.0349,0.1215,-23.19,-28.87,30.75,314.99,-81.2,176.59
52.41595,-1.563832,173.36,12.54,2,152.4,19 / 20,2294129,2019-09-06 18:54:20:811,-3.5229,-1.1195,8.8742,-0.0834,0.0427,9.8061,-0.1139,0.0762,-0.1609,-22.94,-28.37,31.75,317.82,-81.86,177.71
52.41595,-1.563832,173.36,12.54,2,152.4,19 / 20,2294228,2019-09-06 18:54:20:910,-0.9568,0.6366,8.0871,-0.0047,0.027,9.8066,-0.3436,-0.0491,-0.1007,-23.06,-28.5,31.31,315.9,-81.66,177
52.41595,-1.563832,173.36,12.54,2,152.4,19 / 20,2294328,2019-09-06 18:54:21:010,-2.0691,1.4275,9.6249,-0.0335,0.0716,9.8063,0.0915,-0.0278,0.0871,-23,-28.5,31.5,315.63,-81.93,175.64
52.41595,-1.563832,173.36,12.54,2,152.4,22 / 22,2294428,2019-09-06 18:54:21:110,-1.219,-0.2609,9.8016,-0.0227,0.0193,9.8066,0.0001,-0.0238,-0.0301,-23.31,-28.44,30.75,313.99,-82.42,174.78
52.41595,-1.563832,173.36,12.54,2,152.4,22 / 22,2294529,2019-09-06 18:54:21:211,-0.5537,-0.4439,10.2165,0.0036,-0.0036,9.8066,0.0895,-0.039,-0.0112,-22.31,-28.25,31.06,314.58,-82.29,174.26
52.41595,-1.563832,173.36,12.54,2,152.4,22 / 22,2294628,2019-09-06 18:54:21:310,-0.8626,-0.1798,9.8255,0.001,0.0053,9.8066,0.0919,-0.005,0.04,-22.69,-28.19,31.13,313.2,-82.14,174.21
52.41595,-1.563832,173.36,12.54,2,152.4,22 / 22,2294729,2019-09-06 18:54:21:411,-0.9592,0.2871,10.2274,-0.0115,0.0001,9.8066,0.0138,0.0136,0.0015,-22.75,-28.19,31.06,313.93,-82.09,174.93
52.41595,-1.563832,173.36,12.54,2,152.4,22 / 22,2294828,2019-09-06 18:54:21:510,-0.9042,0.3754,10.1746,-0.0208,0.005,9.8066,-0.0009,-0.0449,-0.0202,-23.12,-29,31.06,314.61,-82.23,175.61
52.41595,-1.563832,173.36,12.54,2,152.4,22 / 22,2294929,2019-09-06 18:54:21:611,-0.5528,0.0845,9.7095,-0.0131,-0.0066,9.8066,-0.0243,-0.0024,0.0905,-23.31,-28.12,30.5,316.23,-82.38,176.88
52.41595,-1.563832,173.36,12.54,2,152.4,22 / 22,2295029,2019-09-06 18:54:21:711,-1.561,-0.4553,9.5029,-0.0226,0.0042,9.8065,-0.1271,-0.0036,0.026,-23.06,-28.12,30.56,318.03,-82.53,178.48
52.41595,-1.563832,173.36,12.54,2,152.4,22 / 22,2295128,2019-09-06 18:54:21:810,-1.4262,0.6107,10.4221,-0.0086,-0.0123,9.8066,0.0167,-0.084,-0.0014,-23.44,-28.12,31.13,320.41,-82.52,-179.31
52.41595,-1.563832,173.36,12.54,2,152.4,22 / 22,2295229,2019-09-06 18:54:21:911,-0.1893,0.757,10.2661,-0.0064,-0.0013,9.8066,0.0819,0.0297,0.0351,-23.62,-28.19,30.88,320.4,-82.42,-178.15
52.41595,-1.563832,173.36,12.54,2,152.4,22 / 22,2295329,2019-09-06 18:54:22:011,-1.9147,-0.1779,10.4883,0.0028,-0.0222,9.8065,-0.0088,-0.0032,-0.0497,-23.37,-28.31,30.69,322.48,-82.28,-177.28
52.41595,-1.563832,173.36,12.54,2,152.4,22 / 22,2295429,2019-09-06 18:54:22:111,-0.8039,-0.7131,9.3123,-0.0119,0.0106,9.8065,-0.0761,0.0454,-0.012,-23.69,-28,31.56,322.33,-82.42,-177.31
52.41595,-1.563832,173.36,12.54,2,152.4,22 / 22,2295529,2019-09-06 18:54:22:211,-0.4435,0.0494,9.3116,0.0102,-0.0061,9.8066,-0.1157,0.0595,0.036,-23.5,-28.25,29.81,320.85,-82.55,-177.95
52.41595,-1.563832,173.36,12.54,2,152.4,22 / 22,2295628,2019-09-06 18:54:22:310,-1.3255,-0.4678,9.7578,0.0025,-0.0101,9.8066,0.0033,-0.0176,0.0136,-23.44,-28.87,30.63,321.97,-82.8,-177.91
52.41595,-1.563832,173.36,12.54,2,152.4,22 / 22,2295729,2019-09-06 18:54:22:411,0.1986,0.7596,9.0294,-0.0031,0.0291,9.8066,-0.0458,-0.0828,-0.0061,-23.81,-28.75,30.69,320.39,-82.94,-178.31
52.41595,-1.563832,173.36,12.54,2,152.4,22 / 22,2295829,2019-09-06 18:54:22:511,-0.6227,0.6227,9.4156,-0.0088,0.004,9.8065,-0.0986,0.0146,-0.0185,-23.62,-28.81,30.38,318.83,-83.12,-178.88
52.41595,-1.563832,173.36,12.54,2,152.4,22 / 22,2295929,2019-09-06 18:54:22:611,-1.0439,-0.244,9.4957,-0.025,0.0101,9.8065,0.0743,0.0768,0.0131,-23.56,-28.81,30.44,319.7,-83.35,-178.2
52.41595,-1.563832,173.36,12.54,2,152.4,22 / 22,2296029,2019-09-06 18:54:22:711,-0.3536,1.4535,9.5792,-0.0028,-0.0087,9.8066,-0.1217,0.1017,0.0036,-23.44,-28.37,31.19,322.78,-83.35,-177.55
52.41595,-1.563832,173.36,12.54,2,152.4,22 / 22,2296129,2019-09-06 18:54:22:811,-3.4572,1.6128,11.3437,-0.0673,0.1133,9.8057,0.4973,-0.1108,0.011,-23.37,-27.5,30.56,320.64,-83.73,-179.83
52.41595,-1.563832,173.36,12.54,2,152.4,22 / 22,2296229,2019-09-06 18:54:22:911,-0.6703,-0.0358,8.9064,-0.0894,0.1147,9.8055,0.1548,-0.065,-0.0826,-23,-28.44,30.5,319.14,-83.32,179.08
52.41595,-1.563832,173.36,12.54,2,152.4,22 / 22,2296329,2019-09-06 18:54:23:011,0.118,0.094,10.9657,-0.049,0.0541,9.8063,0.3981,0.0044,-0.0851,-23.5,-28.75,30.94,317.34,-82.87,177.77
52.41513,-1.562808,174.91,13.03,2,139.98,22 / 22,2296429,2019-09-06 18:54:23:111,-2.4448,2.2325,8.8626,-0.1239,0.1378,9.8048,0.2429,0.0505,-0.0323,-23.56,-28.87,30.06,313.82,-82.87,176.59
52.41513,-1.562808,174.91,13.03,2,139.98,22 / 22,2296529,2019-09-06 18:54:23:211,-0.042,-0.2153,10.9321,0.0334,-0.0435,9.8064,0.0498,-0.0121,-0.0248,-23.06,-28.56,30.31,314.76,-83.65,175.87
52.41513,-1.562808,174.91,13.03,2,139.98,22 / 22,2296629,2019-09-06 18:54:23:311,-1.0888,-0.1859,10.3376,0.0276,-0.0185,9.8066,0.188,-0.0356,0.0054,-23.12,-28.81,30,314.19,-83.59,175.37
52.41513,-1.562808,174.91,13.03,2,139.98,22 / 22,2296728,2019-09-06 18:54:23:410,-0.6775,-0.2876,9.6069,0.0095,-0.0083,9.8066,-0.0198,-0.0344,-0.0004,-22.62,-28.44,30.75,314.69,-83.31,174.91
52.41513,-1.562808,174.91,13.03,2,139.98,22 / 22,2296829,2019-09-06 18:54:23:511,-0.4503,0.4034,9.1191,-0.0279,0.0182,9.8066,-0.0785,0.0238,0.0639,-23.25,-28.06,30.44,313.9,-83.4,175.1
52.41513,-1.562808,174.91,13.03,2,139.98,22 / 22,2296929,2019-09-06 18:54:23:611,-1.3181,-0.3574,9.7535,-0.0348,-0.0076,9.8065,-0.0524,0.0281,0.058,-23.12,-28.5,30,317.22,-83.95,177.91
52.41513,-1.562808,174.91,13.03,2,139.98,22 / 22,2297029,2019-09-06 18:54:23:711,-0.6834,-0.2476,9.6167,-0.0254,0.0131,9.8065,0.0118,-0.0109,0.0317,-23.5,-28.37,29.81,319.1,-84.44,179.41
52.41513,-1.562808,174.91,13.03,2,139.98,22 / 22,2297129,2019-09-06 18:54:23:811,-1.1629,-0.0769,9.2429,0.0003,-0.0024,9.8066,-0.0523,-0.0118,-0.0007,-23.81,-28.44,29.56,319.35,-84.72,-179.36
52.41513,-1.562808,174.91,13.03,2,139.98,22 / 22,2297229,2019-09-06 18:54:23:911,-0.837,0.2534,9.5452,0.0146,-0.0088,9.8066,-0.0741,-0.0064,-0.0242,-23.87,-28.62,29.19,317.87,-84.73,-179.67
52.41513,-1.562808,174.91,13.03,2,139.98,22 / 22,2297329,2019-09-06 18:54:24:011,-0.7827,-0.1258,9.5885,-0.0089,0.0087,9.8066,-0.065,0.0028,0.0038,-24,-28.56,28.94,317.33,-84.84,179.75
52.41513,-1.562808,174.91,13.03,2,139.98,22 / 22,2297429,2019-09-06 18:54:24:111,-0.8941,0.774,9.3761,-0.0063,0.0209,9.8066,-0.1449,-0.0188,0.0242,-23.06,-28.87,29.63,318.98,-85.14,179.01
52.41513,-1.562808,174.91,13.03,2,139.98,22 / 22,2297528,2019-09-06 18:54:24:210,-0.1116,0.3747,9.1848,-0.0432,0.0302,9.8065,0.0791,-0.0264,0.0465,-23.5,-29.19,29,320.52,-85.64,-178.81
52.41513,-1.562808,174.91,13.03,2,139.98,22 / 22,2297628,2019-09-06 18:54:24:310,-1.9774,-1.2172,9.9766,-0.0402,0.0124,9.8065,0.1377,-0.1308,0.096,-23.56,-28.87,29.06,323.27,-85.88,-175.15
52.41513,-1.562808,174.91,13.03,2,139.98,22 / 22,2297729,2019-09-06 18:54:24:411,-0.8399,0.2279,10.4133,0.0034,0.0175,9.8066,0.0354,-0.0703,-0.0514,-24,-29.31,29.38,323.75,-86.03,-174.76
52.41513,-1.562808,174.91,13.03,2,139.98,22 / 22,2297828,2019-09-06 18:54:24:510,-1.2595,-0.5668,9.7235,0.0083,0.026,9.8065,0.1476,-0.0888,0.0148,-23.69,-28.62,28.38,319.92,-86,-177.38
52.41513,-1.562808,174.91,13.03,2,139.98,22 / 22,2297929,2019-09-06 18:54:24:611,-1.9366,0.6661,9.3618,0.0191,0.0014,9.8066,-0.1425,-0.05,-0.0479,-23.19,-28.81,28.88,320.11,-86.15,-179.47
52.41513,-1.562808,174.91,13.03,2,139.98,22 / 22,2298028,2019-09-06 18:54:24:710,-0.2097,0.2489,9.8639,0.0227,0.0048,9.8066,-0.0992,-0.0403,-0.0435,-23.19,-29.5,29.06,315.36,-86.2,175.94
52.41513,-1.562808,174.91,13.03,2,139.98,22 / 22,2298129,2019-09-06 18:54:24:811,-0.1798,0.7415,9.8611,-0.0012,0.0073,9.8066,-0.0157,0.0159,0.0176,-22.5,-29.62,28.75,315.27,-86.33,174.65
52.41513,-1.562808,174.91,13.03,2,139.98,22 / 22,2298229,2019-09-06 18:54:24:911,-0.365,-0.2377,8.8116,-0.0008,-0.0104,9.8066,-0.1123,-0.0178,0.0276,-22.81,-29.31,29,315.56,-86.18,176.13
52.41513,-1.562808,174.91,13.03,2,139.98,22 / 22,2298328,2019-09-06 18:54:25:010,-1.2557,-0.514,10.5261,-0.0001,0.0109,9.8066,0.1293,-0.068,0.0803,-22.56,-29.31,29.13,316.84,-86.22,177.35
52.41513,-1.562808,174.91,13.03,2,139.98,21 / 21,2298428,2019-09-06 18:54:25:110,-0.8453,-0.5676,9.1602,-0.0254,0.0332,9.8065,-0.1214,0.0029,0.0363,-23.44,-29.19,28.75,317.16,-86.57,177.46
52.41513,-1.562808,174.91,13.03,2,139.98,21 / 21,2298529,2019-09-06 18:54:25:211,-1.5618,-0.0901,9.6816,0.0002,-0.002,9.8066,-0.0393,-0.0113,0.0158,-23.19,-29.44,27.88,318.72,-86.63,179.95
52.41513,-1.562808,174.91,13.03,2,139.98,21 / 21,2298628,2019-09-06 18:54:25:310,0.085,0.5134,9.6833,-0.0084,0.0137,9.8065,-0.0342,0.072,-0.0563,-23.12,-29.31,27.56,319.16,-86.88,-179.76
52.41513,-1.562808,174.91,13.03,2,139.98,21 / 21,2298729,2019-09-06 18:54:25:411,-1.0406,-1.713,8.9351,0.0045,-0.0064,9.8066,0.012,-0.0993,0.0941,-23.19,-28.81,28.25,319,-86.9,-179.92
52.41513,-1.562808,174.91,13.03,2,139.98,21 / 21,2298829,2019-09-06 18:54:25:511,-1.1748,-0.0243,9.9865,-0.0075,0.0136,9.8066,0.1394,0.0376,-0.0971,-22.87,-29.19,27.88,316.96,-86.99,178.04
52.41513,-1.562808,174.91,13.03,2,139.98,21 / 21,2298929,2019-09-06 18:54:25:611,-1.527,-0.4698,9.8858,0.0486,-0.0092,9.8064,-0.2072,0.0519,-0.0804,-22.94,-29.12,28.13,308.44,-86.8,169.89
52.41513,-1.562808,174.91,13.03,2,139.98,21 / 21,2299029,2019-09-06 18:54:25:711,0.1764,0.4826,9.5467,0.037,-0.0195,9.8065,-0.1983,0.0694,-0.0836,-22.81,-28.69,27.94,305.27,-86.82,166.8
52.41513,-1.562808,174.91,13.03,2,139.98,21 / 21,2299128,2019-09-06 18:54:25:810,1.4404,0.0228,9.5539,-0.0201,0.0293,9.8066,-0.2136,-0.0396,0.0688,-22.31,-28.87,27.75,302.87,-87.1,163.04
52.41513,-1.562808,174.91,13.03,2,139.98,21 / 21,2299229,2019-09-06 18:54:25:911,-1.1093,0.8992,11.146,-0.0133,0.0195,9.8065,0.3027,0.0119,0.082,-23.25,-29.37,27.63,301.79,-87.21,163.12
52.41513,-1.562808,174.91,13.03,2,139.98,21 / 21,2299329,2019-09-06 18:54:26:011,-0.2161,-1.1691,9.829,0.0509,-0.0628,9.8063,0.505,-0.1145,0.0583,-23,-28.31,27.94,299.36,-87.32,160.59
52.41513,-1.562808,174.91,13.03,2,139.98,21 / 21,2299429,2019-09-06 18:54:26:111,1.1021,-1.6023,10.083,0.0333,-0.0608,9.8063,-0.0613,-0.0013,0.0401,-22.75,-28.19,28.63,308.44,-86.88,168.75
52.41513,-1.562808,174.91,13.03,2,139.98,21 / 21,2299528,2019-09-06 18:54:26:210,1.618,-0.137,9.3429,-0.0291,0.0094,9.8066,-0.1047,0.0057,0.1289,-22.87,-27.69,28.38,313.63,-86.84,174.85
52.41513,-1.562808,174.91,13.03,2,139.98,21 / 21,2299629,2019-09-06 18:54:26:311,-1.8281,-0.6761,9.0892,-0.0196,0.0305,9.8065,0.0419,-0.099,-0.1012,-23,-28.56,29.06,313.16,-86.95,173.36
52.41513,-1.562808,174.91,13.03,2,139.98,21 / 21,2299729,2019-09-06 18:54:26:411,-1.2905,-0.0526,8.8513,-0.0135,0.0119,9.8066,-0.0777,0.124,-0.1153,-21.75,-28.81,28.81,312.12,-87.16,171.02
52.41513,-1.562808,174.91,13.03,2,139.98,21 / 21,2299829,2019-09-06 18:54:26:511,-1.412,-0.9418,9.9403,-0.0431,0.0393,9.8064,0.0696,0.0582,0.0211,-22.31,-29.25,27.38,310.21,-87.47,171.02
52.41513,-1.562808,174.91,13.03,2,139.98,21 / 21,2299928,2019-09-06 18:54:26:610,0.6966,0.7995,9.7448,0.0421,-0.0425,9.8064,0.0536,0.1248,-0.0425,-22.12,-29.94,28.63,310.64,-87.35,169.51
52.41513,-1.562808,174.91,13.03,2,139.98,21 / 21,2300029,2019-09-06 18:54:26:711,-2.8413,1.1971,10.6305,0.0063,-0.0224,9.8066,0.065,0.1699,-0.1113,-22.62,-29.25,28.5,312.46,-87.07,172.61
52.41513,-1.562808,174.91,13.03,2,139.98,21 / 21,2300129,2019-09-06 18:54:26:811,-1.0312,1.1492,9.5191,0.0228,-0.0386,9.8065,0.0674,-0.1054,0.1295,-22.19,-29.62,27.81,315.95,-87,175.91
52.41513,-1.562808,174.91,13.03,2,139.98,21 / 21,2300228,2019-09-06 18:54:26:910,0.7931,-0.1462,9.4417,0.0277,-0.051,9.8064,-0.2506,0.0895,-0.0433,-22.87,-29.56,27.38,314.69,-87.06,176.92
52.41513,-1.562808,174.91,13.03,2,139.98,21 / 21,2300329,2019-09-06 18:54:27:011,-0.2631,2.1165,9.1391,-0.0235,0.0248,9.8066,-0.1448,0.0999,-0.0265,-23.25,-28.69,27.44,316.05,-87.29,178.04
52.41513,-1.562808,174.91,13.03,2,139.98,21 / 21,2300428,2019-09-06 18:54:27:110,-0.7404,1.4017,9.7126,-0.0154,0.0149,9.8066,-0.0121,0.1112,-0.0375,-24,-28.19,27.44,316.5,-87.21,179.65
52.41513,-1.562808,174.91,13.03,2,139.98,21 / 21,2300528,2019-09-06 18:54:27:210,-0.3474,-0.5012,9.1037,0.0098,-0.0035,9.8065,0.0728,0.0107,-0.0223,-23.12,-28.31,28.75,318.88,-87.15,178.75
52.41513,-1.562808,174.91,13.03,2,139.98,21 / 21,2300628,2019-09-06 18:54:27:310,-1.7318,1.9026,9.5627,-0.0009,0.0195,9.8066,0.0783,0.0771,-0.0943,-23.06,-28.19,28.13,314.55,-87.2,175.53
52.41513,-1.562808,174.91,13.03,2,139.98,21 / 21,2300728,2019-09-06 18:54:27:410,-0.0693,-0.348,9.6229,0.0265,-0.0242,9.8065,-0.1251,0.1582,-0.0091,-22.81,-28.62,27.63,312.17,-87.04,173.36
52.41513,-1.562808,174.91,13.03,2,139.98,21 / 21,2300829,2019-09-06 18:54:27:511,1.2379,0.6906,9.8596,0.0173,-0.0089,9.8066,-0.1149,0.0848,0.0148,-22.94,-29.12,26.88,308.53,-87.12,170.84
52.41513,-1.562808,174.91,13.03,2,139.98,21 / 21,2300928,2019-09-06 18:54:27:610,0.2658,0.7878,9.2377,-0.0021,-0.005,9.8066,-0.0564,0.0203,0.028,-23.25,-28.62,27.13,307.66,-87.18,169.95
52.41513,-1.562808,174.91,13.03,2,139.98,21 / 21,2301028,2019-09-06 18:54:27:710,0.2603,1.5985,9.8387,-0.0024,-0.006,9.8066,0.0195,0.0913,-0.0079,-23.56,-28.69,27.13,307.58,-87.23,171.01
52.41513,-1.562808,174.91,13.03,2,139.98,21 / 21,2301129,2019-09-06 18:54:27:811,-0.9389,0.7956,9.7292,-0.0066,0.0061,9.8065,-0.0304,0.015,0.0443,-23.25,-28.62,27.19,307.91,-87.26,170.13
52.41513,-1.562808,174.91,13.03,2,139.98,21 / 21,2301228,2019-09-06 18:54:27:910,1.213,-0.324,9.8448,0.0025,-0.0013,9.8066,0.0518,0.07,0.0183,-22.69,-28.94,27.56,309,-87.21,170.17
52.41513,-1.562808,174.91,13.03,2,139.98,21 / 21,2301328,2019-09-06 18:54:28:010,0.0873,1.1902,9.8554,-0.0009,-0.0024,9.8066,0.0157,0.0926,0.0067,-22.56,-29.37,26.81,308.66,-87.18,170.93
52.41513,-1.562808,174.91,13.03,2,139.98,22 / 22,2301429,2019-09-06 18:54:28:111,-0.8068,1.591,10.1093,-0.0001,0.0043,9.8066,0.0597,0.0594,-0.0123,-22.94,-29.31,26.94,308.42,-87.21,170.67
52.41513,-1.562808,174.91,13.03,2,139.98,22 / 22,2301528,2019-09-06 18:54:28:210,1.3634,0.2334,9.6525,0.0117,-0.0028,9.8066,-0.0128,0.0519,-0.0323,-23.37,-29.19,26.88,306.86,-87.24,169.12
52.41513,-1.562808,174.91,13.03,2,139.98,22 / 22,2301629,2019-09-06 18:54:28:311,0.7237,1.1173,9.873,0.0029,0.0086,9.8066,0.0634,0.0898,-0.0835,-23.44,-29.5,26.69,304.47,-87.2,166.82
52.41513,-1.562808,174.91,13.03,2,139.98,22 / 22,2301729,2019-09-06 18:54:28:411,0.3903,0.8676,9.7284,0.0163,-0.021,9.8066,-0.0994,0.11,-0.0757,-23.37,-29.5,27.25,303.35,-87.1,165.79
52.41513,-1.562808,174.91,13.03,2,139.98,22 / 22,2301829,2019-09-06 18:54:28:511,1.4397,1.0255,9.6117,0.0255,-0.0096,9.8065,-0.0357,0.1507,-0.0377,-23.25,-29.25,26.63,300.6,-87.08,163.12
52.41513,-1.562808,174.91,13.03,2,139.98,22 / 22,2301929,2019-09-06 18:54:28:611,0.4296,1.2296,9.9427,-0.0097,0.0193,9.8065,0.0249,0.0893,0.0036,-24.87,-29.31,26.25,293.08,-87.2,159.06
52.41513,-1.562808,174.91,13.03,2,139.98,22 / 22,2302029,2019-09-06 18:54:28:711,-0.5032,0.2575,9.8277,-0.0113,0.0051,9.8066,0.0812,0.0673,-0.0375,-24.75,-28.62,27.31,294.62,-87.2,159.45
52.41513,-1.562808,174.91,13.03,2,139.98,22 / 22,2302129,2019-09-06 18:54:28:811,1.2841,0.8598,9.9673,0.0137,0.0015,9.8066,-0.008,0.137,0.0274,-24.12,-28.5,27,294.31,-87.11,158.01
52.41513,-1.562808,174.91,13.03,2,139.98,22 / 22,2302228,2019-09-06 18:54:28:910,1.7884,0.7909,9.282,0.0032,-0.0107,9.8066,0.0498,0.1287,-0.01,-23.75,-28.81,26.06,291.98,-87.1,156.92
52.41513,-1.562808,174.91,13.03,2,139.98,22 / 22,2302329,2019-09-06 18:54:29:011,-0.4923,0.0611,9.1958,-0.0696,0.0775,9.8061,0.1176,-0.0231,0.0162,-23.06,-29.5,26.19,291.65,-87.54,155.08
52.41513,-1.562808,174.91,13.03,2,139.98,21 / 21,2302429,2019-09-06 18:54:29:111,1.7655,-0.0894,9.299,-0.0578,0.0552,9.8063,0.2065,0.0516,0.0262,-23.81,-29.56,25.81,288.48,-87.74,153.02
52.41513,-1.562808,174.91,13.03,2,139.98,21 / 21,2302529,2019-09-06 18:54:29:211,-1.8996,0.2961,10.4622,0.0034,0.0211,9.8066,-0.0818,-0.0331,0.0916,-24.37,-30.37,25.63,292.83,-87.97,157.14
52.41513,-1.562808,174.91,13.03,2,139.98,21 / 21,2302628,2019-09-06 18:54:29:310,0.0173,1.7801,10.661,0.0114,-0.0197,9.8066,0.0575,0.1029,0.0109,-23.31,-29.06,25.75,292.55,-87.93,155.65
52.41513,-1.562808,174.91,13.03,2,139.98,21 / 21,2302728,2019-09-06 18:54:29:410,0.7923,0.0503,9.3891,0.008,-0.0122,9.8066,0.0552,0.1416,-0.0479,-23.44,-28.44,26.25,297.22,-87.57,160.49
52.41513,-1.562808,174.91,13.03,2,139.98,21 / 21,2302828,2019-09-06 18:54:29:510,1.2321,0.0188,9.4769,-0.0065,0.0188,9.8065,0.0984,0.038,0.047,-23,-27.75,25.88,295.92,-87.54,159.23
52.41513,-1.562808,174.91,13.03,2,139.98,21 / 21,2302928,2019-09-06 18:54:29:610,0.1393,0.9661,10.6057,-0.0034,0.0111,9.8066,-0.0241,0.0722,-0.0312,-23.75,-27.37,24.44,291.14,-87.62,157.92
52.41513,-1.562808,174.91,13.03,2,139.98,21 / 21,2303030,2019-09-06 18:54:29:712,-0.09,1.1605,10.1373,0.012,0.0173,9.8066,-0.0125,0.0273,-0.019,-25.56,-27.19,23.69,284.79,-87.61,153.85
52.41513,-1.562808,174.91,13.03,2,139.98,21 / 21,2303128,2019-09-06 18:54:29:810,1.267,0.4295,9.8724,0.0141,-0.0063,9.8066,0.0111,0.1053,-0.0018,-26.12,-27.81,24.94,285.48,-87.5,153.49
52.41513,-1.562808,174.91,13.03,2,139.98,21 / 21,2303229,2019-09-06 18:54:29:911,0.7732,1.4166,10.2995,0.0011,-0.0031,9.8066,0.0676,0.1087,0.0272,-25.31,-28.37,26,287.83,-87.36,153.67
52.41513,-1.562808,174.91,13.03,2,139.98,21 / 21,2303329,2019-09-06 18:54:30:011,0.6038,1.4098,9.5994,0.0091,-0.0174,9.8065,-0.1362,0.163,-0.1025,-24.06,-28.06,26.44,290.61,-87.28,155.36
52.41513,-1.562808,174.91,13.03,2,139.98,21 / 21,2303429,2019-09-06 18:54:30:111,1.0169,0.425,10.2198,0.0112,-0.0138,9.8065,-0.0439,0.0895,0.0058,-23,-28.19,24.38,288.92,-87.35,154.83
52.41513,-1.562808,174.91,13.03,2,139.98,21 / 21,2303529,2019-09-06 18:54:30:211,0.1037,1.5469,10.2261,-0.0179,-0.0056,9.8066,0.0357,0.1739,-0.0123,-25.31,-28.44,21.13,284.5,-87.46,156.59
52.41513,-1.562808,174.91,13.03,2,139.98,21 / 21,2303628,2019-09-06 18:54:30:310,-0.1067,1.4748,10.0654,-0.0109,0.0003,9.8066,0.0631,0.1207,0.0003,-28.87,-28.94,22.88,283.68,-87.48,157.19
52.41513,-1.562808,174.91,13.03,2,139.98,21 / 21,2303728,2019-09-06 18:54:30:410,1.3144,1.3909,9.2724,0.0026,-0.009,9.8066,-0.0533,0.0672,0.0917,-28.81,-29.25,24.81,288.69,-87.49,159.75
52.41513,-1.562808,174.91,13.03,2,139.98,21 / 21,2303828,2019-09-06 18:54:30:510,-0.9739,1.5234,10.5148,0.0079,-0.0084,9.8066,-0.2111,0.1179,0.0095,-26.31,-30.12,24.56,295.87,-87.37,163.99
52.41513,-1.562808,174.91,13.03,2,139.98,21 / 21,2303929,2019-09-06 18:54:30:611,1.0792,1.4363,9.6127,-0.0175,0.0119,9.8066,0.102,0.1661,-0.0495,-26,-29.75,24.94,295.02,-87.47,163.07
52.41513,-1.562808,174.91,13.03,2,139.98,21 / 21,2304029,2019-09-06 18:54:30:711,1.3725,0.3192,9.2736,0.0036,0.0011,9.8066,0.0679,0.1616,0.0218,-25.94,-29.44,24.75,296.6,-87.26,164.72
52.41513,-1.562808,174.91,13.03,2,139.98,21 / 21,2304129,2019-09-06 18:54:30:811,0.5913,1.173,10.1326,-0.0149,0.0015,9.8066,0.0116,0.1444,-0.0516,-25.37,-30,24.31,295.91,-87.21,164.28
52.41513,-1.562808,174.91,13.03,2,139.98,21 / 21,2304228,2019-09-06 18:54:30:910,0.5726,0.6438,10.0707,0.005,0.0132,9.8066,0.0205,0.0664,-0.0215,-25.5,-29.69,24.69,295.39,-87.1,162.64
52.41513,-1.562808,174.91,13.03,2,139.98,21 / 21,2304329,2019-09-06 18:54:31:011,0.303,0.7686,9.9813,0.0007,0.0006,9.8066,0.0516,0.0965,0.0542,-25.75,-28.94,23.75,292.84,-87.08,162.36
52.41513,-1.562808,174.91,13.03,2,139.98,21 / 21,2304429,2019-09-06 18:54:31:111,-0.3028,0.424,10.0325,-0.0009,-0.0117,9.8066,0.0112,0.0465,0.0223,-25.87,-29.31,23.75,295.33,-87,164.87
52.41513,-1.562808,174.91,13.03,2,139.98,21 / 21,2304529,2019-09-06 18:54:31:211,0.7143,0.7041,9.6695,0.0152,-0.0116,9.8066,-0.0406,0.0638,0.0039,-25.5,-29.31,23.19,297.58,-86.83,167.4
52.41513,-1.562808,174.91,13.03,2,139.98,21 / 21,2304628,2019-09-06 18:54:31:310,-0.2583,0.1705,10.3402,0.0158,-0.0299,9.8065,-0.0753,0.0518,0.0321,-25.69,-29.19,23.69,300.34,-86.64,170.05
52.41513,-1.562808,174.91,13.03,2,139.98,21 / 21,2304729,2019-09-06 18:54:31:411,0.3892,-0.0354,10.1378,-0.0049,-0.0019,9.8066,0.0949,0.11,-0.0004,-26.12,-28.81,23.31,300.69,-86.59,171.69
52.41513,-1.562808,174.91,13.03,2,139.98,21 / 21,2304829,2019-09-06 18:54:31:511,0.0019,-0.4513,9.9788,-0.0091,0.0069,9.8066,0.0172,0.0068,0.0644,-26.31,-29.19,23.38,300.27,-86.5,171.35
52.41513,-1.562808,174.91,13.03,2,139.98,21 / 21,2304929,2019-09-06 18:54:31:611,0.1774,1.4553,10.4662,0.0052,-0.0094,9.8066,-0.0142,0.0806,-0.0392,-25.62,-29.87,23.69,302.82,-86.59,172.59
52.41513,-1.562808,174.91,13.03,2,139.98,21 / 21,2305029,2019-09-06 18:54:31:711,0.3555,-0.4344,10.103,-0.0071,0.0027,9.8066,0.091,0.0708,0.0433,-26.44,-28.75,23.31,302.15,-86.47,173.2
52.41513,-1.562808,174.91,13.03,2,139.98,21 / 21,2305128,2019-09-06 18:54:31:810,2.0499,-0.3336,10.6054,0.0637,-0.0145,9.8064,0.0093,0.0391,-0.0375,-26.62,-29.5,23.38,299.63,-86.02,172.1
52.41513,-1.562808,174.91,13.03,2,139.98,21 / 21,2305229,2019-09-06 18:54:31:911,-0.4306,-1.0651,9.8434,-0.0086,-0.0334,9.8065,-0.1886,0.001,0.0571,-25.87,-29.25,23.88,304.03,-86.06,174.06
52.41513,-1.562808,174.91,13.03,2,139.98,21 / 21,2305330,2019-09-06 18:54:32:012,0.0036,0.1874,9.4105,0.0355,-0.0136,9.8065,-0.1866,0.1261,-0.0301,-26.5,-28.75,22.88,303.79,-86.05,175.1
52.414436,-1.561657,175.29,12.24,2,117.26,21 / 22,2305429,2019-09-06 18:54:32:111,0.3014,0.2749,9.5344,-0.0002,0.0096,9.8066,-0.1498,0.0538,0.0106,-27.12,-29.62,22.69,299.18,-86.05,171.74
52.414436,-1.561657,175.29,12.24,2,117.26,21 / 22,2305529,2019-09-06 18:54:32:211,0.6345,0.1816,10.1376,-0.017,0.0021,9.8066,0.066,0.0665,-0.0628,-27.44,-29.37,22.06,298.37,-86.26,172
52.414436,-1.561657,175.29,12.24,2,117.26,21 / 22,2305628,2019-09-06 18:54:32:310,0.5776,0.3694,10.3797,-0.0106,0.0158,9.8065,0.0737,0.0159,0.1049,-28.12,-29.06,21.5,296.63,-86.25,171.26
52.414436,-1.561657,175.29,12.24,2,117.26,21 / 22,2305729,2019-09-06 18:54:32:411,-0.3938,0.941,10.3259,0.0184,-0.02,9.8065,0.0526,0.0748,0.0053,-30.06,-29.06,22.31,297.03,-86.16,173.5
52.414436,-1.561657,175.29,12.24,2,117.26,21 / 22,2305828,2019-09-06 18:54:32:510,0.9684,-0.6724,10.4073,-0.0013,-0.0208,9.8066,0.1617,-0.0114,0.0233,-30.44,-27.75,24.44,302.75,-85.96,176.63
52.414436,-1.561657,175.29,12.24,2,117.26,21 / 22,2305929,2019-09-06 18:54:32:611,0.1268,0.3402,9.7736,-0.0051,-0.004,9.8066,-0.0476,0.0499,-0.0035,-29.25,-27.37,25.5,309.04,-85.82,179.49
52.414436,-1.561657,175.29,12.24,2,117.26,21 / 22,2306029,2019-09-06 18:54:32:711,-0.1338,-0.7285,10.1394,-0.0021,0.0114,9.8066,-0.0353,0.0512,0.0395,-27.31,-27.56,25.19,309.51,-85.88,179.21
52.414436,-1.561657,175.29,12.24,2,117.26,21 / 22,2306128,2019-09-06 18:54:32:810,1.3199,-0.9491,9.5049,0.0153,-0.0145,9.8066,-0.1002,-0.0252,-0.049,-26.25,-28.12,23.19,307.55,-85.8,178.81
52.414436,-1.561657,175.29,12.24,2,117.26,21 / 22,2306228,2019-09-06 18:54:32:910,-1.337,0.4059,9.6615,0.0163,-0.0007,9.8066,-0.0696,0.0315,-0.0476,-26,-28.44,22.81,306.78,-85.81,178.06
52.414436,-1.561657,175.29,12.24,2,117.26,21 / 22,2306329,2019-09-06 18:54:33:011,1.5382,0.4067,10.0977,-0.0132,0.0162,9.8066,0.0798,-0.0073,0.026,-26.75,-28.75,22.81,304.59,-85.85,177.03
52.414436,-1.561657,175.29,12.24,2,117.26,21 / 21,2306428,2019-09-06 18:54:33:110,-0.1169,0.11,9.482,-0.0044,0.0079,9.8065,0.0617,0.0082,-0.011,-27.25,-28.75,22.56,304.24,-85.92,176.65
52.414436,-1.561657,175.29,12.24,2,117.26,21 / 21,2306529,2019-09-06 18:54:33:211,-0.0003,-0.0158,9.9034,0.008,-0.0182,9.8066,-0.0111,0.0011,-0.0062,-27.31,-28.81,22.56,304.98,-85.76,177.47
52.414436,-1.561657,175.29,12.24,2,117.26,21 / 21,2306629,2019-09-06 18:54:33:311,0.4714,1.7785,8.791,0.0174,-0.0135,9.8066,-0.1282,0.1021,-0.0428,-28.44,-28.62,22.13,303.15,-85.65,178.04
52.414436,-1.561657,175.29,12.24,2,117.26,21 / 21,2306728,2019-09-06 18:54:33:410,-1.3234,-0.457,10.4266,-0.0535,0.053,9.8063,0.2111,0.082,-0.0035,-29.44,-27.94,23.56,305.57,-85.92,178.5
52.414436,-1.561657,175.29,12.24,2,117.26,21 / 21,2306828,2019-09-06 18:54:33:510,0.2202,-1.1329,10.4036,-0.0247,0.0179,9.8066,0.0548,0.1519,-0.0819,-27.81,-26.75,23.69,304.34,-85.82,176.34
52.414436,-1.561657,175.29,12.24,2,117.26,21 / 21,2306929,2019-09-06 18:54:33:611,-0.2858,0.3388,9.2828,-0.0102,0.0142,9.8066,0.0787,0.0596,-0.0354,-27,-26.94,23.19,303.4,-85.47,175.93
52.414436,-1.561657,175.29,12.24,2,117.26,21 / 21,2307029,2019-09-06 18:54:33:711,0.5542,-0.837,9.831,0.0159,0.0041,9.8066,0.0041,0.0137,-0.0247,-27.19,-27.62,23,301.63,-85.52,174.29
52.414436,-1.561657,175.29,12.24,2,117.26,21 / 21,2307129,2019-09-06 18:54:33:811,-0.5309,-0.8032,9.2886,-0.0201,0.0241,9.8066,0.0881,-0.0086,0.0172,-27.31,-27.5,22.5,299.67,-85.59,172.24
52.414436,-1.561657,175.29,12.24,2,117.26,21 / 21,2307229,2019-09-06 18:54:33:911,0.5074,-0.1912,10.3114,-0.0024,-0.0095,9.8066,-0.0499,0.0522,0.026,-28.19,-27.12,22.31,297.52,-85.49,172.48
52.414436,-1.561657,175.29,12.24,2,117.26,21 / 21,2307329,2019-09-06 18:54:34:011,-0.8815,1.4435,9.6161,-0.0059,0.0028,9.8066,0.0752,0.1259,-0.0305,-28.94,-27.81,21.44,294.81,-85.55,172.13
52.414436,-1.561657,175.29,12.24,2,117.26,20 / 20,2307429,2019-09-06 18:54:34:111,-2.1876,-1.4332,10.794,0.0114,-0.0235,9.8065,-0.03,-0.0414,0.0334,-29.69,-28.37,22.56,297.31,-85.48,172.89
52.414436,-1.561657,175.29,12.24,2,117.26,20 / 20,2307528,2019-09-06 18:54:34:210,0.7629,0.7898,8.7232,-0.0226,-0.0111,9.8065,0.1445,0.1618,0.0226,-27.87,-28.5,23,299.67,-85.55,173.34
52.414436,-1.561657,175.29,12.24,2,117.26,20 / 20,2307629,2019-09-06 18:54:34:311,0.1209,-2.9853,10.2704,0.0197,-0.0366,9.8066,0.085,-0.0565,0.0476,-27.31,-29.37,22.25,304.62,-85.41,178.69
52.414436,-1.561657,175.29,12.24,2,117.26,20 / 20,2307729,2019-09-06 18:54:34:411,-2.2269,3.5926,9.2037,-0.0008,-0.0089,9.8066,-0.5712,0.0637,-0.0972,-27.37,-28.56,21.75,304.55,-85.76,178.37
52.414436,-1.561657,175.29,12.24,2,117.26,20 / 20,2307829,2019-09-06 18:54:34:511,-3.9231,4.5767,8.532,0.0905,-0.0696,9.8059,-0.6021,0.1247,-0.1258,-25.75,-28.12,21.38,304.48,-85.56,178.7
52.414436,-1.561657,175.29,12.24,2,117.26,20 / 20,2307929,2019-09-06 18:54:34:611,-2.0058,1.3209,11.9413,-0.0332,0.0328,9.8065,0.0944,0.0237,-0.1088,-25.62,-27.69,23.63,305.49,-85.91,175.49
52.414436,-1.561657,175.29,12.24,2,117.26,20 / 20,2308028,2019-09-06 18:54:34:710,-0.892,-2.1305,9.9352,0.006,0.0277,9.8065,0.207,-0.1634,0.0648,-26.81,-28.19,23.5,301.04,-85.39,172.55
52.414436,-1.561657,175.29,12.24,2,117.26,20 / 20,2308128,2019-09-06 18:54:34:810,-2.0167,-1.0877,10.4055,0.0212,-0.0039,9.8065,0.0092,-0.0831,-0.0195,-26.62,-28.62,23.81,302.35,-85.05,174.17
52.414436,-1.561657,175.29,12.24,2,117.26,20 / 20,2308228,2019-09-06 18:54:34:910,1.0697,-2.0741,8.929,-0.0482,0.0433,9.8064,0.0973,-0.0554,-0.0834,-26.87,-29.06,23.06,298.31,-85.47,171.23
52.414436,-1.561657,175.29,12.24,2,117.26,20 / 20,2308328,2019-09-06 18:54:35:010,-0.9068,0.9245,9.5778,0.0229,0.0313,9.8065,-0.1444,-0.0608,-0.0005,-26.75,-29.62,22.5,291.71,-85.84,164.61
52.414436,-1.561657,175.29,12.24,2,117.26,20 / 20,2308428,2019-09-06 18:54:35:110,-1.981,-0.0958,9.77,0.0183,0.0052,9.8066,-0.0457,-0.0713,0.033,-26.62,-29.25,22.5,288.15,-86,160.88
52.414436,-1.561657,175.29,12.24,2,117.26,20 / 20,2308529,2019-09-06 18:54:35:211,0.1561,-1.0223,9.4293,0.0208,-0.0064,9.8066,0.076,-0.0669,-0.0338,-26.56,-29,22.69,287.28,-85.71,160.25
52.414436,-1.561657,175.29,12.24,2,117.26,20 / 20,2308628,2019-09-06 18:54:35:310,0.2025,0.8462,10.7729,0.021,-0.011,9.8066,0.0812,0.0149,-0.0248,-27.06,-29.12,22.75,287.34,-85.42,160.55
52.414436,-1.561657,175.29,12.24,2,117.26,20 / 20,2308729,2019-09-06 18:54:35:411,-1.1406,-0.6219,10.1619,-0.0145,-0.0061,9.8065,0.1121,-0.0533,0.0434,-26.75,-29.25,22.94,289.56,-85.39,162.75
52.414436,-1.561657,175.29,12.24,2,117.26,20 / 20,2308828,2019-09-06 18:54:35:510,0.1725,-3.6077,11.5471,-0.0578,0.0139,9.8064,-0.4333,-0.0723,0.0283,-26.62,-29.81,22.94,291.11,-85.81,164.05
52.414436,-1.561657,175.29,12.24,2,117.26,20 / 20,2308929,2019-09-06 18:54:35:611,0.4112,-4.4143,10.5254,0.0835,-0.0774,9.806,0.231,0.1779,-0.1058,-26.56,-29.69,22.88,292.7,-85.68,165.71
52.414436,-1.561657,175.29,12.24,2,117.26,20 / 20,2309029,2019-09-06 18:54:35:711,-1.8147,-2.9508,13.1785,-0.0033,-0.009,9.8066,0.5064,-0.2703,0.087,-26.69,-29.44,23.25,289.88,-86.18,162.44
52.414436,-1.561657,175.29,12.24,2,117.26,20 / 20,2309128,2019-09-06 18:54:35:810,2.0651,-0.9101,9.4716,0.1547,-0.1121,9.8048,-0.0136,-0.0052,-0.1204,-26.94,-29.81,23.44,291.62,-85.6,164.72
52.414436,-1.561657,175.29,12.24,2,117.26,20 / 20,2309229,2019-09-06 18:54:35:911,1.3241,-0.4888,10.0733,0.0524,-0.0211,9.8064,0.224,-0.0208,-0.0377,-26.5,-29.5,23.06,290.14,-85.83,161.97
52.414436,-1.561657,175.29,12.24,2,117.26,20 / 20,2309329,2019-09-06 18:54:36:011,0.4512,-0.7714,10.3823,0.027,-0.026,9.8066,-0.185,0.0072,0.0293,-27.25,-29.94,23,288.15,-86.1,160.9
52.414436,-1.561657,175.29,12.24,2,117.26,22 / 22,2309429,2019-09-06 18:54:36:111,-0.6466,-0.7203,10.5716,0.0286,-0.0302,9.8065,-0.0001,-0.0807,0.0659,-26.62,-29.12,23.06,290.99,-85.98,163.68
52.414436,-1.561657,175.29,12.24,2,117.26,22 / 22,2309528,2019-09-06 18:54:36:210,1.018,-0.074,9.4143,0.0016,0.0013,9.8066,-0.0117,-0.1013,0.0816,-26.31,-29.37,23.06,294.54,-85.99,166.15
52.414436,-1.561657,175.29,12.24,2,117.26,22 / 22,2309628,2019-09-06 18:54:36:310,0.098,-1.3704,10.1436,0.0328,-0.0365,9.8064,-0.142,-0.0398,0.0561,-27.12,-28.81,23.06,296.75,-85.8,169.46
52.414436,-1.561657,175.29,12.24,2,117.26,22 / 22,2309729,2019-09-06 18:54:36:411,-0.5969,-0.7222,10.4354,-0.0202,0.0183,9.8066,0.1837,-0.0813,0.0181,-26.87,-29.56,23.75,299.97,-85.97,171.29
52.414436,-1.561657,175.29,12.24,2,117.26,22 / 22,2309829,2019-09-06 18:54:36:511,0.4884,-1.7383,10.1621,-0.0241,0.0098,9.8066,0.1845,-0.0584,0.0341,-27,-28.81,23.13,300.1,-85.83,172.7
52.414436,-1.561657,175.29,12.24,2,117.26,22 / 22,2309929,2019-09-06 18:54:36:611,-0.125,-0.3346,9.4919,0.0052,-0.0079,9.8066,0.0057,0.0101,0.044,-27.19,-28.31,23.44,300.87,-85.66,173.46
52.414436,-1.561657,175.29,12.24,2,117.26,22 / 22,2310028,2019-09-06 18:54:36:710,-0.1685,-0.6781,9.0069,0.0107,-0.0193,9.8066,-0.0532,0.0138,-0.0073,-27.19,-28.94,23.06,302.45,-85.49,175.22
52.414436,-1.561657,175.29,12.24,2,117.26,22 / 22,2310129,2019-09-06 18:54:36:811,-1.0003,0.5975,8.8293,-0.0015,0.0124,9.8066,-0.0864,-0.0476,0.0625,-27.12,-29,22.44,300.73,-85.67,174.73
52.414436,-1.561657,175.29,12.24,2,117.26,22 / 22,2310229,2019-09-06 18:54:36:911,-1.0437,-1.1988,9.7736,-0.0025,-0.0188,9.8066,-0.1184,0.0009,0.0193,-27.44,-28.87,22.69,303.84,-85.78,176.35
52.414436,-1.561657,175.29,12.24,2,117.26,22 / 22,2310329,2019-09-06 18:54:37:011,0.873,-0.2038,9.9152,0.0007,0.0087,9.8066,-0.0527,-0.0229,-0.0378,-26.44,-29.31,22.88,302.9,-85.85,174.39
52.414436,-1.561657,175.29,12.24,2,117.26,20 / 21,2310428,2019-09-06 18:54:37:110,-0.3748,-0.5012,9.4611,0.0336,-0.0205,9.8065,0.1687,0.0362,-0.0003,-27.06,-29.19,23.81,303.1,-85.55,174.54
52.414436,-1.561657,175.29,12.24,2,117.26,20 / 21,2310529,2019-09-06 18:54:37:211,-2.1126,0.1232,9.0578,-0.0615,0.0501,9.8063,0.3258,0.0569,-0.089,-26.87,-28.5,22.94,301.94,-85.37,174.71
52.414436,-1.561657,175.29,12.24,2,117.26,20 / 21,2310628,2019-09-06 18:54:37:310,0.7335,-0.2106,10.5823,-0.1105,0.0775,9.8057,0.2054,0.1066,-0.0332,-26.81,-28.81,23.5,301.7,-86.02,172.86
52.414436,-1.561657,175.29,12.24,2,117.26,20 / 21,2310728,2019-09-06 18:54:37:410,2.0677,-0.8787,10.5744,0.1069,-0.073,9.8057,-0.04,0.0372,-0.0306,-26.75,-28.87,23.25,301.48,-85.42,174.33
52.414436,-1.561657,175.29,12.24,2,117.26,20 / 21,2310828,2019-09-06 18:54:37:510,1.8481,-0.4251,11.119,0.0555,-0.0155,9.8065,0.132,0.0669,-0.1084,-26.5,-28.75,23.13,300.77,-85.6,172.51
52.414436,-1.561657,175.29,12.24,2,117.26,20 / 21,2310929,2019-09-06 18:54:37:611,-1.3492,-1.607,9.0094,0.0043,-0.0217,9.8066,-0.0709,-0.0292,0.0819,-26.81,-29,23.13,299.47,-85.6,172.26
52.414436,-1.561657,175.29,12.24,2,117.26,20 / 21,2311028,2019-09-06 18:54:37:710,-0.8402,0.7339,9.8489,0.0205,-0.0225,9.8065,-0.173,0.0629,-0.0217,-26.81,-28.75,23.06,299.98,-85.54,172.79
52.414436,-1.561657,175.29,12.24,2,117.26,20 / 21,2311129,2019-09-06 18:54:37:811,-2.3886,1.2109,10.0309,-0.0628,0.0268,9.8064,0.1084,0.1447,0.044,-27.31,-28.81,22.44,298.47,-85.63,172.57
52.414436,-1.561657,175.29,12.24,2,117.26,20 / 21,2311229,2019-09-06 18:54:37:911,0.1545,-0.789,9.2251,-0.0315,0.0086,9.8066,-0.1398,0.1169,-0.0247,-27.19,-28.75,22.56,302.04,-86.02,174.44
52.414436,-1.561657,175.29,12.24,2,117.26,20 / 21,2311328,2019-09-06 18:54:38:010,1.5468,2.1681,9.5477,-0.0146,-0.0072,9.8066,-0.0523,0.0731,-0.0578,-27.06,-28.5,22.56,303.88,-86,176.15
52.414436,-1.561657,175.29,12.24,2,117.26,21 / 21,2311429,2019-09-06 18:54:38:111,-1.1957,0.0046,9.4221,0.0115,0.0185,9.8066,0.0013,-0.049,0.0985,-27.94,-28,22.44,301.76,-85.78,176.5
52.414436,-1.561657,175.29,12.24,2,117.26,21 / 21,2311528,2019-09-06 18:54:38:210,0.0146,0.6305,10.2967,-0.041,0.0396,9.8064,0.0783,-0.0134,0.0617,-29,-28,22.38,301.46,-85.56,177.27
52.414436,-1.561657,175.29,12.24,2,117.26,21 / 21,2311628,2019-09-06 18:54:38:310,0.136,-0.5872,9.5936,-0.0423,0.046,9.8064,-0.0452,-0.0446,0.0038,-28.25,-26.44,22.81,303.34,-85.85,176.5
52.414436,-1.561657,175.29,12.24,2,117.26,21 / 21,2311729,2019-09-06 18:54:38:411,0.0927,-1.8177,9.7636,-0.0306,0.0469,9.8065,0.2315,-0.083,0.054,-27.87,-26.81,22.19,298.26,-86.28,172.64
52.414436,-1.561657,175.29,12.24,2,117.26,21 / 21,2311829,2019-09-06 18:54:38:511,-0.0351,0.6104,9.6772,-0.0316,0.0196,9.8066,0.064,0.1622,-0.1384,-27.69,-27.12,22.25,299.08,-86.26,173.46
52.414436,-1.561657,175.29,12.24,2,117.26,21 / 21,2311928,2019-09-06 18:54:38:610,0.1367,0.6165,9.9324,-0.0127,0.0036,9.8066,0.1008,0.1373,-0.0486,-27.25,-28.62,21.75,296.56,-86.24,170.24
52.414436,-1.561657,175.29,12.24,2,117.26,21 / 21,2312029,2019-09-06 18:54:38:711,-0.7203,1.199,9.5763,-0.029,0.0284,9.8065,0.1337,0.0291,0.0339,-27.37,-28.37,21.88,295.38,-86.27,168.96
52.414436,-1.561657,175.29,12.24,2,117.26,21 / 21,2312128,2019-09-06 18:54:38:810,-0.8727,-0.5961,9.8457,0.0263,-0.0209,9.8066,-0.1357,-0.0014,-0.0025,-27.81,-28.75,21.69,295.66,-86.35,170.23
52.414436,-1.561657,175.29,12.24,2,117.26,21 / 21,2312228,2019-09-06 18:54:38:910,0.0431,0.403,10.0451,0.0133,-0.0169,9.8066,-0.0438,0.0548,0.0387,-27.87,-29.19,21.31,294.68,-86.36,170.6
52.414436,-1.561657,175.29,12.24,2,117.26,21 / 21,2312328,2019-09-06 18:54:39:010,-0.4677,0.1611,9.8308,-0.0177,-0.0025,9.8066,0.041,0.0476,-0.0307,-27.81,-29.12,21.06,295.82,-86.56,171.56
52.414436,-1.561657,175.29,12.24,2,117.26,21 / 22,2312429,2019-09-06 18:54:39:111,0.5179,1.4835,9.8088,-0.0205,0.0069,9.8066,0.0961,0.0876,-0.0412,-27.44,-29,20.88,296.85,-86.57,171.62
52.414436,-1.561657,175.29,12.24,2,117.26,21 / 22,2312528,2019-09-06 18:54:39:210,0.0497,-1.1061,10.4089,0.0205,0.0016,9.8066,0.0348,-0.0136,0.0764,-28.25,-28.94,20.5,295.24,-86.42,171.1
52.414436,-1.561657,175.29,12.24,2,117.26,21 / 22,2312629,2019-09-06 18:54:39:311,0.603,0.4512,9.7104,-0.0088,-0.0046,9.8066,0.1205,0.0929,-0.0066,-27.62,-28.94,21.75,296.97,-86.48,171.41
52.414436,-1.561657,175.29,12.24,2,117.26,21 / 22,2312730,2019-09-06 18:54:39:412,0.6104,0.3386,9.5912,-0.0264,-0.0055,9.8065,0.0077,0.0333,-0.0177,-27.25,-29.19,21.19,296.67,-86.34,171.62
52.414436,-1.561657,175.29,12.24,2,117.26,21 / 22,2312829,2019-09-06 18:54:39:511,1.1658,-0.4806,9.0183,-0.0418,0.0098,9.8065,0.0413,0.1248,-0.0442,-27.81,-29.12,21.19,300.02,-86.68,175.58
52.414436,-1.561657,175.29,12.24,2,117.26,21 / 22,2312929,2019-09-06 18:54:39:611,-0.4803,1.4554,11.8274,-0.0185,-0.0171,9.8065,0.0025,0.1789,-0.0282,-28.25,-29.62,20.75,303.15,-87.03,178.44
52.414436,-1.561657,175.29,12.24,2,117.26,21 / 22,2313029,2019-09-06 18:54:39:711,0.4973,0.3426,11.3517,-0.0013,0.0254,9.8066,0.1868,-0.0589,0.1242,-28.12,-29.19,20.75,302.16,-87.14,177.33
52.414436,-1.561657,175.29,12.24,2,117.26,21 / 22,2313129,2019-09-06 18:54:39:811,0.025,-1.2084,12.0012,0.0004,-0.0388,9.8065,0.1172,0.0437,0.0298,-27.81,-28.44,21,310.18,-86.59,-174.55
52.414436,-1.561657,175.29,12.24,2,117.26,21 / 22,2313229,2019-09-06 18:54:39:911,-2.1029,-2.4362,10.6671,0.0101,-0.0193,9.8066,0.0146,0.0366,-0.0439,-28.75,-28.69,20.75,309.29,-86.15,-174.14
52.414436,-1.561657,175.29,12.24,2,117.26,21 / 22,2313329,2019-09-06 18:54:40:011,-1.1832,1.7809,9.9553,-0.0078,0.0314,9.8066,0.1431,0.113,0.001,-28.56,-28.62,21.06,307.92,-86.05,-175.4
52.414436,-1.561657,175.29,12.24,2,117.26,22 / 22,2313428,2019-09-06 18:54:40:110,1.9747,-3.0157,8.9525,-0.0421,0.0696,9.8062,0.1414,0.008,0.0151,-28,-28.69,20.25,299.81,-86.72,176.71
52.414436,-1.561657,175.29,12.24,2,117.26,22 / 22,2313529,2019-09-06 18:54:40:211,0.6772,2.2109,8.0928,-0.0203,0.0706,9.8064,-0.0588,-0.0912,-0.0255,-27.62,-29.37,20.38,286.66,-87.28,163.34
52.414436,-1.561657,175.29,12.24,2,117.26,22 / 22,2313628,2019-09-06 18:54:40:310,-0.2041,1.2954,10.7203,-0.0398,0.014,9.8065,-0.0535,0.1569,-0.1662,-28.19,-29.19,19.19,283.32,-87.45,161.3
52.414436,-1.561657,175.29,12.24,2,117.26,22 / 22,2313729,2019-09-06 18:54:40:411,-1.7028,0.4546,10.3814,-0.0056,-0.0065,9.8066,0.2718,0.1107,0.0701,-27.75,-29.69,19.88,280.78,-87.36,157.51
52.414436,-1.561657,175.29,12.24,2,117.26,22 / 22,2313829,2019-09-06 18:54:40:511,0.234,1.2278,10.9437,-0.0428,-0.0111,9.8065,0.1523,0.0613,0.0161,-27.75,-29.25,20,286.75,-87.25,163.45
52.414436,-1.561657,175.29,12.24,2,117.26,22 / 22,2313929,2019-09-06 18:54:40:611,0.7938,-0.2344,9.5179,0.0338,-0.0243,9.8065,0.0028,0.0179,-0.0046,-28.06,-29.12,19.75,292.61,-87.1,169.35
52.414436,-1.561657,175.29,12.24,2,117.26,22 / 22,2314029,2019-09-06 18:54:40:711,0.8383,-0.321,9.5304,0.0101,-0.03,9.8066,0.113,-0.0137,0.0911,-28,-29.12,19.44,295.26,-86.98,173.47
52.414436,-1.561657,175.29,12.24,2,117.26,22 / 22,2314128,2019-09-06 18:54:40:810,-1.5616,1.1665,9.4695,-0.0397,0.0287,9.8065,-0.0435,0.1314,-0.0212,-28,-29,19.81,298.28,-87.39,174.71
52.414436,-1.561657,175.29,12.24,2,117.26,22 / 22,2314229,2019-09-06 18:54:40:911,-0.1983,0.3733,9.4097,-0.0143,0.0046,9.8065,-0.0583,0.007,0.0056,-28.06,-29.5,19.31,297.01,-87.43,174.83
52.414436,-1.561657,175.29,12.24,2,117.26,22 / 22,2314328,2019-09-06 18:54:41:010,0.1107,0.8058,9.438,-0.0165,0.0228,9.8065,0.0318,-0.0013,-0.0599,-27.94,-29,18.88,294.26,-87.59,172
52.414032,-1.560088,174.63,13.28,2,106.09,22 / 22,2314429,2019-09-06 18:54:41:111,-0.2167,-0.2411,9.8338,0.0062,0.0109,9.8066,0.0006,-0.0188,0.0108,-27.75,-29.25,18.81,294.24,-87.6,171.98
52.414032,-1.560088,174.63,13.28,2,106.09,22 / 22,2314528,2019-09-06 18:54:41:210,-0.573,0.7135,9.5501,0.0161,-0.0008,9.8066,-0.0493,0.029,-0.0317,-28.12,-29.44,18.31,289.89,-87.44,169.28
52.414032,-1.560088,174.63,13.28,2,106.09,22 / 22,2314629,2019-09-06 18:54:41:311,0.4217,-0.1709,10.069,-0.0009,0.0132,9.8066,0.0703,-0.0079,0.0146,-28.12,-29.5,19,288.83,-87.42,166.78
52.414032,-1.560088,174.63,13.28,2,106.09,22 / 22,2314729,2019-09-06 18:54:41:411,1.786,0.8536,9.4478,-0.0076,-0.0138,9.8066,-0.0744,0.1655,-0.0504,-28.31,-30.31,19.25,289.64,-87.46,167.62
52.414032,-1.560088,174.63,13.28,2,106.09,22 / 22,2314828,2019-09-06 18:54:41:510,1.9046,-1.5397,9.5199,0.0386,-0.019,9.8065,-0.0867,-0.0382,-0.0324,-27.87,-29.62,19.13,286.48,-87.6,164.37
52.414032,-1.560088,174.63,13.28,2,106.09,22 / 22,2314928,2019-09-06 18:54:41:610,1.6989,0.3422,8.9625,0.0136,-0.0098,9.8066,0.0702,0.0902,-0.086,-28,-29.5,19.06,286.09,-87.56,163.95
52.414032,-1.560088,174.63,13.28,2,106.09,22 / 22,2315028,2019-09-06 18:54:41:710,-1.9313,-0.5253,9.7149,0.0132,0.0091,9.8066,-0.1717,-0.0409,0.0582,-28.37,-29.69,19.13,281.54,-87.66,159.42
52.414032,-1.560088,174.63,13.28,2,106.09,22 / 22,2315129,2019-09-06 18:54:41:811,-0.8749,0.0584,9.4543,0.0192,-0.0142,9.8066,-0.1558,0.0453,0.0146,-27.81,-29.12,19.25,281.12,-87.68,158.93
52.414032,-1.560088,174.63,13.28,2,106.09,22 / 22,2315228,2019-09-06 18:54:41:910,-0.7222,0.9698,9.1199,-0.0387,0.0297,9.8065,0.0688,-0.0677,0.0282,-27.31,-29.37,18.31,273.78,-87.94,151.93
52.414032,-1.560088,174.63,13.28,2,106.09,22 / 22,2315329,2019-09-06 18:54:42:011,1.1039,-0.8165,9.7589,-0.0347,0.0349,9.8065,0.0849,-0.0201,-0.0938,-27.56,-29.62,18,268.3,-88.05,147.32
52.414032,-1.560088,174.63,13.28,2,106.09,22 / 22,2315428,2019-09-06 18:54:42:110,-0.527,0.5638,10.7991,0.0246,0.0052,9.8066,-0.0119,-0.0757,0.0345,-27.44,-29.69,18.31,262.8,-88.04,140.91
52.414032,-1.560088,174.63,13.28,2,106.09,22 / 22,2315529,2019-09-06 18:54:42:211,-1.6994,-0.859,10.8162,0.0026,-0.0019,9.8066,0.1327,-0.0428,0.0679,-27.06,-29.62,17.75,261.63,-87.95,139.81
52.414032,-1.560088,174.63,13.28,2,106.09,22 / 22,2315629,2019-09-06 18:54:42:311,-0.1902,-0.6053,9.1494,0.0143,-0.0261,9.8066,-0.0983,0.0095,0.0197,-26.94,-29.81,18.69,269.32,-87.9,146.1
52.414032,-1.560088,174.63,13.28,2,106.09,22 / 22,2315729,2019-09-06 18:54:42:411,0.1953,0.1265,9.233,0.0013,-0.016,9.8066,-0.0693,-0.022,0.024,-27.56,-29.44,18.38,268.65,-88.01,147.65
52.414032,-1.560088,174.63,13.28,2,106.09,22 / 22,2315829,2019-09-06 18:54:42:511,-0.1209,-0.7637,10.1423,-0.0107,-0.0086,9.8066,0.0033,0.0655,0.0092,-28,-29.25,18.44,268.53,-88.36,147.23
52.414032,-1.560088,174.63,13.28,2,106.09,22 / 22,2315929,2019-09-06 18:54:42:611,0.8661,0.4494,10.2106,-0.012,-0.0412,9.8065,0.0642,0.0009,0.1363,-27.37,-28.87,17.69,279.15,-88.47,156.82
52.414032,-1.560088,174.63,13.28,2,106.09,22 / 22,2316029,2019-09-06 18:54:42:711,0.7482,-1.805,8.5254,0.0311,-0.0544,9.8064,-0.1381,0.0789,0.0431,-27.62,-28.94,18.19,298.87,-88.57,177.23
52.414032,-1.560088,174.63,13.28,2,106.09,22 / 22,2316129,2019-09-06 18:54:42:811,2.5873,-0.7685,8.8144,-0.001,-0.0346,9.8066,-0.1573,0.0513,0.0077,-28.31,-29.5,17.88,316.25,-88.49,-165.57
52.414032,-1.560088,174.63,13.28,2,106.09,22 / 22,2316229,2019-09-06 18:54:42:911,-1.618,-0.7915,8.7673,-0.0365,0.0215,9.8065,-0.1865,0.0318,-0.0761,-28.44,-29.19,16.81,349.18,-89.29,-131.96
52.414032,-1.560088,174.63,13.28,2,106.09,22 / 22,2316328,2019-09-06 18:54:43:010,-1.4713,0.4171,9.5905,0.0055,0.0343,9.8066,-0.1555,-0.0431,0.018,-27.5,-29.25,16.88,1.22,-89.71,-120.98
52.414032,-1.560088,174.63,13.28,2,106.09,21 / 22,2316429,2019-09-06 18:54:43:111,-0.4542,0.2966,9.8085,-0.0044,0.0216,9.8066,0.1826,-0.0467,-0.0519,-27.25,-29.37,17.19,183.17,-89.9,60.98
52.414032,-1.560088,174.63,13.28,2,106.09,21 / 22,2316528,2019-09-06 18:54:43:210,0.6802,-0.1096,10.5339,0.0123,0.0155,9.8066,0.1447,-0.0215,-0.0523,-27.81,-29.31,16.81,248.36,-89.66,127.38
52.414032,-1.560088,174.63,13.28,2,106.09,21 / 22,2316629,2019-09-06 18:54:43:311,-2.3302,-2.3292,10.3183,0.0647,-0.0131,9.8064,-0.2908,-0.1336,0.0615,-27.75,-29.37,17.56,247.14,-89.58,124.74
52.414032,-1.560088,174.63,13.28,2,106.09,21 / 22,2316729,2019-09-06 18:54:43:411,-1.2463,1.436,10.0379,0.0377,-0.0063,9.8065,-0.2375,0.092,-0.0471,-27.37,-29.56,17.63,245.55,-89.16,122.56
52.414032,-1.560088,174.63,13.28,2,106.09,21 / 22,2316829,2019-09-06 18:54:43:511,-2.4293,-1.9658,10.2721,-0.0244,0.0082,9.8066,0.0682,0.1599,-0.2281,-27.12,-29.56,17.38,212.54,-89.06,90.82
52.414032,-1.560088,174.63,13.28,2,106.09,21 / 22,2316928,2019-09-06 18:54:43:610,-0.8247,0.1481,10.228,0.0112,0.0265,9.8065,-0.0006,-0.0724,0.0233,-27.94,-29.62,17.31,219.16,-88.63,98.68
52.414032,-1.560088,174.63,13.28,2,106.09,21 / 22,2317029,2019-09-06 18:54:43:711,0.7539,-1.0883,9.7274,0.0237,-0.0011,9.8066,0.0405,-0.0883,0.023,-27.87,-30,17.38,226.05,-88.59,105.71
52.414032,-1.560088,174.63,13.28,2,106.09,21 / 22,2317128,2019-09-06 18:54:43:810,-0.4223,-0.6659,9.5132,-0.0195,0.0156,9.8065,0.083,-0.0242,0.0113,-27.75,-30.25,17.38,225.39,-88.52,105.08
52.414032,-1.560088,174.63,13.28,2,106.09,21 / 22,2317228,2019-09-06 18:54:43:910,0.8046,-0.5467,9.9819,0.0251,-0.0057,9.8065,-0.1272,0.032,-0.0482,-27.75,-29.81,16.5,224.84,-88.43,104.58
52.414032,-1.560088,174.63,13.28,2,106.09,21 / 22,2317328,2019-09-06 18:54:44:010,0.1063,0.7043,9.3448,0.0165,-0.0031,9.8066,0.1073,-0.0481,0.0256,-28.31,-29.62,16.31,219.13,-88.39,100.31
52.414032,-1.560088,174.63,13.28,2,106.09,22 / 22,2317429,2019-09-06 18:54:44:111,-0.6385,0.2542,10.1198,0.021,-0.0202,9.8066,-0.1376,0.0148,0.0348,-29.56,-30,17.44,216.61,-88.36,97.9
52.414032,-1.560088,174.63,13.28,2,106.09,22 / 22,2317528,2019-09-06 18:54:44:210,1.2554,0.2311,10.1585,0.0117,-0.0463,9.8065,-0.0668,0.1232,0.0223,-28.69,-28.19,18.69,233.64,-88.58,111.32
52.414032,-1.560088,174.63,13.28,2,106.09,22 / 22,2317629,2019-09-06 18:54:44:311,-0.3996,-0.2086,9.517,-0.0193,-0.0251,9.8065,0.0203,0.0655,0.0745,-26.81,-27.81,18.38,247.79,-88.95,124.94
52.414032,-1.560088,174.63,13.28,2,106.09,22 / 22,2317728,2019-09-06 18:54:44:410,0.0908,0.3544,9.2645,0.002,-0.0208,9.8066,-0.0643,0.07,-0.0106,-27.25,-29.12,17.31,259.4,-88.95,138.14
52.414032,-1.560088,174.63,13.28,2,106.09,22 / 22,2317829,2019-09-06 18:54:44:511,-0.383,0.4913,9.3705,-0.0293,0.0279,9.8065,-0.0068,-0.0125,0.0014,-27.69,-29.37,16.25,246.6,-89.2,127.51
52.414032,-1.560088,174.63,13.28,2,106.09,22 / 22,2317929,2019-09-06 18:54:44:611,-0.5525,-0.5552,9.662,-0.0269,0.0313,9.8066,0.0196,0.0745,-0.0798,-27.31,-29.62,16.25,225.9,-89.2,105.79
52.414032,-1.560088,174.63,13.28,2,106.09,22 / 22,2318029,2019-09-06 18:54:44:711,-1.2083,0.7909,10.6361,0.0158,-0.0068,9.8066,0.0351,0.0746,-0.0396,-27.87,-29.94,15.56,217.6,-88.99,98.42
52.414032,-1.560088,174.63,13.28,2,106.09,22 / 22,2318128,2019-09-06 18:54:44:810,1.0486,-0.9654,9.2677,-0.0036,0.0121,9.8066,0.1534,-0.0117,0.0199,-27.62,-30.19,16.69,228.26,-88.82,107.8
52.414032,-1.560088,174.63,13.28,2,106.09,22 / 22,2318228,2019-09-06 18:54:44:910,0.4889,0.3342,9.1402,-0.0148,0.0131,9.8066,-0.0695,0.0754,-0.041,-28.06,-30.56,15.94,228.15,-88.74,109.3
52.414032,-1.560088,174.63,13.28,2,106.09,22 / 22,2318328,2019-09-06 18:54:45:010,0.0483,-0.878,9.0676,-0.0364,0.0171,9.8065,-0.0795,-0.0399,0.0431,-27.81,-30.56,16.56,212.87,-88.76,92.24
52.414032,-1.560088,174.63,13.28,2,106.09,21 / 21,2318429,2019-09-06 18:54:45:111,-1.9806,-1.5642,11.0518,-0.0033,-0.0023,9.8066,-0.0384,0.0617,-0.0827,-27.81,-31,16.38,195.59,-88.85,76.14
52.414032,-1.560088,174.63,13.28,2,106.09,21 / 21,2318529,2019-09-06 18:54:45:211,-0.5775,1.7949,9.3146,0.0607,-0.0291,9.8064,0.0932,0.0378,-0.0546,-27.19,-30.62,15.63,203.03,-88.68,82.88
52.414032,-1.560088,174.63,13.28,2,106.09,21 / 21,2318629,2019-09-06 18:54:45:311,2.0696,-1.7541,7.5747,-0.0436,-0.0086,9.8065,-0.0304,-0.1145,0.1018,-27.69,-30.37,16,208.34,-88.63,89.2
52.414032,-1.560088,174.63,13.28,2,106.09,21 / 21,2318729,2019-09-06 18:54:45:411,0.2788,-0.2927,5.601,0.1231,0.0625,9.8056,0.0047,0.0096,0.2407,-28.25,-30.37,15.63,211.92,-88.39,92.95
52.414032,-1.560088,174.63,13.28,2,106.09,21 / 21,2318829,2019-09-06 18:54:45:511,-3.1807,-7.1646,5.3982,-0.0744,-0.0606,9.8061,-1.0868,0.0114,-0.1353,-28.12,-30.69,15.63,184.48,-89.28,64.79
52.414032,-1.560088,174.63,13.28,2,106.09,21 / 21,2318929,2019-09-06 18:54:45:611,-8.7832,-0.6418,5.7106,0.1858,-0.1011,9.8043,0.9407,0.1262,-0.115,-26.94,-30.56,15.19,206.12,-88.88,87.55
52.414032,-1.560088,174.63,13.28,2,106.09,21 / 21,2319029,2019-09-06 18:54:45:711,-1.9563,1.6271,8.2814,-0.2521,0.1852,9.8016,-0.1838,-0.0702,-0.0344,-27.75,-30.69,15.38,152.4,-87.63,33.17
52.414032,-1.560088,174.63,13.28,2,106.09,21 / 21,2319129,2019-09-06 18:54:45:811,-0.1601,0.2127,9.0482,-0.0033,0.0401,9.8065,-0.4717,0.0656,-0.1235,-27.19,-31,15.19,164.56,-87.68,44.9
52.414032,-1.560088,174.63,13.28,2,106.09,21 / 21,2319228,2019-09-06 18:54:45:910,0.3562,-1.4843,9.8976,0.003,-0.0173,9.8066,0.0475,-0.0376,-0.0201,-27.12,-30.37,15.5,167.06,-87.22,45.83
52.414032,-1.560088,174.63,13.28,2,106.09,21 / 21,2319329,2019-09-06 18:54:46:011,0.5159,0.7031,10.1429,0.0048,-0.0019,9.8066,0.2254,-0.1413,0.088,-26.56,-30.44,15.38,166.15,-87.36,46.5
52.414032,-1.560088,174.63,13.28,2,106.09,21 / 21,2319428,2019-09-06 18:54:46:110,1.2137,-1.3594,11.0921,0.0392,-0.0479,9.8064,-0.151,-0.1096,0.0809,-27.12,-30.69,16.13,172.48,-87.98,51.57
52.414032,-1.560088,174.63,13.28,2,106.09,21 / 21,2319529,2019-09-06 18:54:46:211,-0.2421,0.7192,9.3766,0.0492,-0.0671,9.8062,-0.1318,-0.0887,0.0646,-26.81,-30.44,15.75,168.71,-88.25,47.74
52.414032,-1.560088,174.63,13.28,2,106.09,21 / 21,2319629,2019-09-06 18:54:46:311,-0.6383,0.0686,8.9394,0.0017,-0.0349,9.8065,-0.3373,0.0053,0.1016,-27.25,-30.75,16.5,164.95,-88.35,42.35
52.414032,-1.560088,174.63,13.28,2,106.09,21 / 21,2319729,2019-09-06 18:54:46:411,-1.2258,0.2872,9.3637,0.0293,-0.0489,9.8064,-0.2579,-0.0346,0.0405,-28.06,-30.06,16.81,151.76,-88.79,29.97
52.414032,-1.560088,174.63,13.28,2,106.09,21 / 21,2319829,2019-09-06 18:54:46:511,-0.6807,-1.9161,9.4085,-0.0546,0.0176,9.8065,0.1084,-0.1051,0.0726,-27.81,-30.06,16.63,134.74,-88.56,12.54
52.414032,-1.560088,174.63,13.28,2,106.09,21 / 21,2319929,2019-09-06 18:54:46:611,-0.1043,-0.861,9.1763,-0.0487,0.01,9.8065,0.0658,0.0038,0.0034,-27.94,-30.56,15.63,125.85,-88.54,4.98
52.414032,-1.560088,174.63,13.28,2,106.09,21 / 21,2320029,2019-09-06 18:54:46:711,0.7769,-1.517,8.7117,0.0108,0.0059,9.8066,-0.0463,0.0258,-0.0297,-28.06,-29.69,15.81,132.11,-88.51,11.35
52.414032,-1.560088,174.63,13.28,2,106.09,21 / 21,2320128,2019-09-06 18:54:46:810,0.3095,-0.2713,9.9844,-0.0227,0.0339,9.8065,0.1113,0.1021,-0.1319,-27.44,-30.19,16.06,138.52,-88.2,16.74
52.414032,-1.560088,174.63,13.28,2,106.09,21 / 21,2320229,2019-09-06 18:54:46:911,0.1325,0.3543,10.8537,0.0357,-0.0188,9.8066,-0.029,0.1255,-0.0761,-27.5,-30.31,15.81,150.59,-88.02,29.03
52.414032,-1.560088,174.63,13.28,2,106.09,21 / 21,2320329,2019-09-06 18:54:47:011,0.6887,0.3695,11.2351,0.0201,-0.032,9.8065,0.0576,0.0117,-0.0009,-28,-30,15.75,155.16,-88.39,34.8
52.414032,-1.560088,174.63,13.28,2,106.09,21 / 21,2320429,2019-09-06 18:54:47:111,2.3748,-1.8392,9.4189,0.0528,-0.0217,9.8064,0.0723,-0.0276,0.0411,-27.75,-29.31,16,156.36,-88.75,36.17
52.414032,-1.560088,174.63,13.28,2,106.09,21 / 21,2320529,2019-09-06 18:54:47:211,0.0228,0.1428,9.6839,0.0655,-0.0454,9.8063,0.0044,0.0251,0.0764,-28.62,-30.31,15.94,171.5,-89.07,52.49
52.414032,-1.560088,174.63,13.28,2,106.09,21 / 21,2320629,2019-09-06 18:54:47:311,-0.4811,-0.2767,7.8924,-0.0536,0.0396,9.8064,-0.1867,-0.0296,-0.0095,-28.19,-29.5,16.31,143.96,-88.67,23.52
52.414032,-1.560088,174.63,13.28,2,106.09,21 / 21,2320728,2019-09-06 18:54:47:410,2.378,1.3631,8.3852,-0.022,0.0047,9.8065,-0.1797,0.0679,0.041,-27.62,-30.44,16.19,140.97,-88.46,20.34
52.414032,-1.560088,174.63,13.28,2,106.09,21 / 21,2320829,2019-09-06 18:54:47:511,-2.2554,-2.7076,8.5124,0.0337,0.0006,9.8065,-0.3773,-0.2098,0.1486,-27.75,-29.81,16.19,130.67,-88.43,9.82
52.414032,-1.560088,174.63,13.28,2,106.09,21 / 21,2320929,2019-09-06 18:54:47:611,-4.4842,0.2526,10.1639,0.1168,-0.0938,9.8054,0.4317,0.5152,-0.219,-28.62,-30,16,123.44,-88.82,3.67
52.414032,-1.560088,174.63,13.28,2,106.09,21 / 21,2321029,2019-09-06 18:54:47:711,-2.0021,2.3263,10.7573,-0.1035,0.0752,9.8057,-0.1573,0.0006,0.0223,-28.44,-30.19,15.25,123.74,-88.8,4.63
52.414032,-1.560088,174.63,13.28,2,106.09,21 / 21,2321129,2019-09-06 18:54:47:811,-0.624,3.7794,10.2662,-0.0229,0.0096,9.8066,-0.4049,0.1665,-0.0598,-28,-29.94,16.25,128.24,-88.42,7.35
52.414032,-1.560088,174.63,13.28,2,106.09,21 / 21,2321229,2019-09-06 18:54:47:911,-2.7238,-0.8337,9.9554,-0.1392,0.0571,9.8054,0.4697,-0.0017,-0.0095,-28.06,-29.81,15.75,120.78,-88,-0.55
52.414032,-1.560088,174.63,13.28,2,106.09,21 / 21,2321329,2019-09-06 18:54:48:011,0.3287,-1.4522,10.3045,-0.1029,0.02,9.8061,-0.0139,-0.0448,0.0564,-27.69,-29.56,16.13,115.32,-88.36,-5.8
52.414032,-1.560088,174.63,13.28,2,106.09,21 / 21,2321428,2019-09-06 18:54:48:110,0.7956,0.383,10.3229,0.0367,-0.0055,9.8066,0.0713,-0.0822,-0.0433,-27.81,-29.37,16.06,114.96,-88.15,-6.28
52.414032,-1.560088,174.63,13.28,2,106.09,21 / 21,2321529,2019-09-06 18:54:48:211,-1.3654,0.1954,10.4656,-0.0001,0.032,9.8066,0.246,-0.078,-0.1125,-28.12,-29.94,16,122.19,-88.13,0.98
52.414032,-1.560088,174.63,13.28,2,106.09,21 / 21,2321628,2019-09-06 18:54:48:310,-2.5857,0.0055,9.8663,0.0762,-0.0143,9.8063,-0.1714,-0.0887,0.0141,-27.62,-30.5,16.13,139.09,-88.56,18.48
52.414032,-1.560088,174.63,13.28,2,106.09,21 / 21,2321728,2019-09-06 18:54:48:410,-0.5183,1.6282,10.5243,0.0287,-0.0253,9.8065,-0.1706,-0.0207,0.0317,-27.75,-29.81,16,141.42,-88.61,20.88
52.414032,-1.560088,174.63,13.28,2,106.09,21 / 21,2321828,2019-09-06 18:54:48:510,-1.5113,0.598,10.8486,-0.0138,-0.019,9.8066,0.0204,-0.0834,0.065,-28.06,-29.75,16.13,129.51,-88.7,8.85
52.414032,-1.560088,174.63,13.28,2,106.09,21 / 21,2321928,2019-09-06 18:54:48:610,1.1163,0.5172,9.0555,-0.0467,-0.0067,9.8065,0.1142,0.1314,-0.0787,-28.31,-29.75,16.31,111.97,-88.41,-9.14
52.414032,-1.560088,174.63,13.28,2,106.09,21 / 21,2322029,2019-09-06 18:54:48:711,4.1224,-1.3953,10.1449,0.0782,-0.0749,9.806,-0.0471,0.0487,-0.0043,-28.19,-29.69,16.31,103.09,-88.72,-17.81
52.414032,-1.560088,174.63,13.28,2,106.09,21 / 21,2322129,2019-09-06 18:54:48:811,-0.7198,-2.1669,10.6426,0.0627,0.0044,9.8064,0.2475,-0.2257,0.045,-28.75,-29.69,16.25,107.08,-88.28,-13.29
52.414032,-1.560088,174.63,13.28,2,106.09,21 / 21,2322229,2019-09-06 18:54:48:911,0.3669,0.3834,11.3238,0.0979,-0.0292,9.8061,-0.3604,-0.1443,0.1113,-28.62,-30.12,15.63,111.86,-88.4,-8.37
52.414032,-1.560088,174.63,13.28,2,106.09,21 / 21,2322329,2019-09-06 18:54:49:011,-0.0328,1.8941,10.6055,0.0851,-0.0781,9.8059,0.0685,0.0964,0.0024,-28.44,-30.12,16.56,109.87,-88.59,-12.61
52.414032,-1.560088,174.63,13.28,2,106.09,21 / 21,2322429,2019-09-06 18:54:49:111,-0.5122,-0.4597,9.9122,-0.0103,-0.0468,9.8065,-0.0393,0.1133,-0.0226,-28.12,-29.44,17,93.66,-88.98,-28.51
52.414032,-1.560088,174.63,13.28,2,106.09,21 / 21,2322529,2019-09-06 18:54:49:211,-1.147,-0.8918,10.1261,-0.0111,-0.0223,9.8065,-0.0012,0.106,-0.04,-29,-29.87,16.94,66.22,-88.74,-55.19
52.414032,-1.560088,174.63,13.28,2,106.09,21 / 21,2322629,2019-09-06 18:54:49:311,-1.3491,1.207,9.9237,-0.0311,-0.0148,9.8065,-0.0989,0.0075,0.0412,-29.56,-29.37,17.44,60.83,-88.1,-60.12
52.414032,-1.560088,174.63,13.28,2,106.09,21 / 21,2322729,2019-09-06 18:54:49:411,-2.2373,-0.3821,9.5832,-0.0324,-0.0111,9.8065,-0.0855,-0.0741,-0.0394,-30.12,-29.25,16.25,59.93,-87.73,-59.84
52.414032,-1.560088,174.63,13.28,2,106.09,21 / 21,2322828,2019-09-06 18:54:49:510,4.3007,4.4465,7.6316,0.0887,0.0158,9.8061,-0.4121,-0.4302,0.1769,-29.31,-28.81,16.38,65.67,-87.75,-55.03
52.414032,-1.560088,174.63,13.28,2,106.09,21 / 21,2322928,2019-09-06 18:54:49:610,-1.3125,-3.294,8.7016,0.108,-0.0201,9.806,-0.0433,0.0078,0.0511,-29.19,-29.12,15.5,68.65,-87.48,-52.31
52.414032,-1.560088,174.63,13.28,2,106.09,21 / 21,2323028,2019-09-06 18:54:49:710,-5.5441,3.0559,11.1593,-0.0461,-0.009,9.8065,-0.4181,0.2879,-0.2633,-29.56,-29.69,16.38,82.19,-87.61,-37.98
52.414032,-1.560088,174.63,13.28,2,106.09,21 / 21,2323128,2019-09-06 18:54:49:810,-3.0508,1.1509,9.7904,0.0639,-0.003,9.8064,-0.3446,0.0186,0.0217,-28.44,-29.94,16.56,92.38,-88.08,-30.64
52.414032,-1.560088,174.63,13.28,2,106.09,21 / 21,2323229,2019-09-06 18:54:49:911,-0.0458,0.9253,10.6278,-0.0731,0.0327,9.8063,0.311,0.0244,-0.0337,-28.81,-29.81,16.63,93.3,-88.08,-28.79
52.414032,-1.560088,174.63,13.28,2,106.09,21 / 21,2323329,2019-09-06 18:54:50:011,-2.0488,0.0442,10.9197,-0.0691,0.0099,9.8064,0.2295,-0.0505,0.0154,-29.19,-29.44,16.56,82.48,-88.19,-39.45
52.413765,-1.558244,173.27,14.49,3,104.2,20 / 20,2323428,2019-09-06 18:54:50:110,-3.5366,0.219,11.2063,-0.0451,0.0065,9.8065,0.0843,-0.0871,0.1664,-28.81,-28.81,16.63,74.27,-88.13,-47.67
52.413765,-1.558244,173.27,14.49,3,104.2,20 / 20,2323528,2019-09-06 18:54:50:210,-1.9695,-0.611,10.7081,0.042,-0.0387,9.8064,-0.0665,0.0571,0.0131,-29.25,-29.44,17,47.89,-87.97,-73.81
52.413765,-1.558244,173.27,14.49,3,104.2,20 / 20,2323629,2019-09-06 18:54:50:311,-3.8041,0.9127,10.3808,0.0577,-0.0161,9.8064,-0.0327,0.0469,-0.021,-29.37,-28.94,17.13,37.05,-88.24,-84.25
52.413765,-1.558244,173.27,14.49,3,104.2,20 / 20,2323729,2019-09-06 18:54:50:411,-2.8283,3.2918,9.9757,0.0031,0.0479,9.8065,0.1701,0.1274,-0.1667,-28.81,-29.31,17.38,26.49,-88.57,-94.44
52.413765,-1.558244,173.27,14.49,3,104.2,20 / 20,2323829,2019-09-06 18:54:50:511,-1.9498,0.5419,9.7742,0.003,0.0472,9.8065,0.0696,-0.0941,-0.0561,-28.19,-29.75,17.56,36.96,-89.29,-86.16
52.413765,-1.558244,173.27,14.49,3,104.2,20 / 20,2323928,2019-09-06 18:54:50:610,-3.9427,2.3096,9.277,0.0392,0.0431,9.8064,-0.2349,-0.1063,-0.0848,-27.75,-29.81,17.13,123.81,-89.73,2.34
52.413765,-1.558244,173.27,14.49,3,104.2,20 / 20,2324030,2019-09-06 18:54:50:712,-1.0844,1.9274,9.2474,0.0286,0.0233,9.8065,-0.0497,0.0329,0.0524,-27.87,-30.25,16.81,151.88,-89.34,30.33
52.413765,-1.558244,173.27,14.49,3,104.2,20 / 20,2324128,2019-09-06 18:54:50:810,-1.5784,2.5166,9.4646,-0.0176,0.0197,9.8066,-0.0895,-0.0166,0.0164,-27.75,-29.62,16.19,159.43,-88.68,39.26
52.413765,-1.558244,173.27,14.49,3,104.2,20 / 20,2324228,2019-09-06 18:54:50:910,-3.6748,2.4638,10.8763,-0.0255,-0.0038,9.8065,-0.0532,0.1407,-0.0917,-27.56,-30.06,16.63,151.8,-88.69,29.98
52.413765,-1.558244,173.27,14.49,3,104.2,20 / 20,2324329,2019-09-06 18:54:51:011,-0.6425,3.2458,11.7031,0.0288,-0.0389,9.8065,0.0401,-0.2101,0.2902,-27.87,-29.06,16.31,145.74,-88.67,25.34
52.413765,-1.558244,173.27,14.49,3,104.2,22 / 22,2324429,2019-09-06 18:54:51:111,0.2469,1.9139,11.7895,0.0062,-0.0765,9.8063,0.0148,0.1102,-0.1018,-28.12,-29.44,17.13,88.05,-89.37,-33.78
52.413765,-1.558244,173.27,14.49,3,104.2,22 / 22,2324528,2019-09-06 18:54:51:210,1.4312,-1.4736,9.8576,0.0284,-0.0582,9.8064,-0.0242,0.0504,0.0949,-28.75,-28.87,16.94,24.58,-89.28,-96.06
52.413765,-1.558244,173.27,14.49,3,104.2,22 / 22,2324628,2019-09-06 18:54:51:310,0.1657,0.198,9.3644,0.0345,-0.0231,9.8065,-0.078,0.0065,0.0262,-28.75,-28.12,16.44,2.9,-89,-116.03
52.413765,-1.558244,173.27,14.49,3,104.2,22 / 22,2324729,2019-09-06 18:54:51:411,-0.4249,-0.752,10.1853,-0.0279,0.0191,9.8066,0.103,-0.0464,-0.0032,-29.44,-26.87,16.5,8.69,-88.95,-111.82
52.413765,-1.558244,173.27,14.49,3,104.2,22 / 22,2324829,2019-09-06 18:54:51:511,0.8207,0.9524,10.7808,-0.0101,0.0237,9.8066,0.0665,-0.0082,0.019,-30.94,-25.56,17.69,19.66,-89.15,-100.69
52.413765,-1.558244,173.27,14.49,3,104.2,22 / 22,2324929,2019-09-06 18:54:51:611,-0.5282,0.2784,10.1852,0.0214,-0.0047,9.8066,0.0299,-0.0542,0.0304,-31.37,-27.19,18.63,6.98,-89.03,-114.62
52.413765,-1.558244,173.27,14.49,3,104.2,22 / 22,2325029,2019-09-06 18:54:51:711,1.0644,-0.48,9.62,0.0147,-0.0216,9.8065,0.0751,-0.0006,0.085,-29.81,-28,19.25,354.77,-88.75,-127.49
52.413765,-1.558244,173.27,14.49,3,104.2,22 / 22,2325128,2019-09-06 18:54:51:810,-0.1984,0.1794,9.9655,-0.0168,-0.0134,9.8066,-0.0397,-0.0082,0.0049,-29.44,-28.37,18.88,359.57,-88.4,-123.65
52.413765,-1.558244,173.27,14.49,3,104.2,22 / 22,2325229,2019-09-06 18:54:51:911,0.7294,0.3799,9.4335,0.0002,0.0016,9.8066,0.0432,0.0223,0.0185,-29.06,-28.19,17.88,0.27,-88.31,-121.56
52.413765,-1.558244,173.27,14.49,3,104.2,22 / 22,2325329,2019-09-06 18:54:52:011,0.5035,-0.9623,8.9622,-0.0041,-0.0078,9.8066,-0.1429,0.008,-0.0046,-29.19,-27.87,17.63,2.66,-88.23,-119.23
52.413765,-1.558244,173.27,14.49,3,104.2,22 / 22,2325430,2019-09-06 18:54:52:112,1.0827,-0.7104,9.1061,-0.0029,0.0206,9.8066,-0.0262,0.0512,-0.0364,-28.56,-28.87,17.69,6.58,-88.36,-115.41
52.413765,-1.558244,173.27,14.49,3,104.2,22 / 22,2325528,2019-09-06 18:54:52:210,-0.1155,0.3534,10.179,0.0062,0.0334,9.8066,0.0174,0.015,-0.1181,-28.62,-28.69,17.44,4.57,-88.8,-115.89
52.413765,-1.558244,173.27,14.49,3,104.2,22 / 22,2325628,2019-09-06 18:54:52:310,1.1645,0.1911,9.9096,0.0178,0.0257,9.8065,0.0721,0.0888,-0.0519,-28.25,-28.62,17.56,353.8,-89.08,-128.85
52.413765,-1.558244,173.27,14.49,3,104.2,22 / 22,2325729,2019-09-06 18:54:52:411,1.3648,-0.2178,10.3951,0.0177,0.0118,9.8065,0.0193,0.0271,-0.045,-27.56,-28.94,17.13,322.42,-89.04,-158.32
52.413765,-1.558244,173.27,14.49,3,104.2,22 / 22,2325828,2019-09-06 18:54:52:510,1.6166,0.1014,10.4907,0.0156,-0.0004,9.8066,0.062,0.0643,-0.0297,-28.44,-28.94,17.38,313.25,-88.8,-167.23
52.413765,-1.558244,173.27,14.49,3,104.2,22 / 22,2325929,2019-09-06 18:54:52:611,1.5249,-1.3465,8.8003,-0.0012,-0.0092,9.8066,-0.0523,0.0626,0.0529,-28.12,-28.81,17.38,315.41,-88.62,-164.98
52.413765,-1.558244,173.27,14.49,3,104.2,22 / 22,2326029,2019-09-06 18:54:52:711,1.3362,-1.0523,9.8512,0.0032,-0.0254,9.8065,-0.0265,-0.0008,0.0079,-28.81,-28.87,17.31,322.22,-88.64,-157.44
52.413765,-1.558244,173.27,14.49,3,104.2,22 / 22,2326128,2019-09-06 18:54:52:810,0.8429,0.5556,10.4349,-0.0177,-0.0044,9.8066,0.0844,0.0073,0.0225,-28.75,-28.87,17.69,331.32,-88.57,-149.92
52.413765,-1.558244,173.27,14.49,3,104.2,22 / 22,2326228,2019-09-06 18:54:52:910,0.5746,-1.162,10.1501,0.0032,-0.0255,9.8066,0.0921,-0.0334,0.0498,-28.5,-29,17.69,330.67,-88.17,-151.27
52.413765,-1.558244,173.27,14.49,3,104.2,22 / 22,2326329,2019-09-06 18:54:53:011,-0.0175,-0.1128,11.0081,0.0196,-0.014,9.8065,0.0375,-0.0215,-0.0202,-28.56,-28.75,18.56,323.29,-87.68,-158.76
52.413765,-1.558244,173.27,14.49,3,104.2,21 / 22,2326429,2019-09-06 18:54:53:111,1.8871,-2.3248,9.6771,-0.0147,0.0131,9.8066,0.1227,0.0169,0,-28.56,-28.44,18.31,321.86,-87.73,-158.79
52.413765,-1.558244,173.27,14.49,3,104.2,21 / 22,2326528,2019-09-06 18:54:53:210,0.1041,-0.6246,9.8253,0.0542,-0.0102,9.8065,0.0369,-0.0112,-0.0395,-28.81,-28.75,18.13,320.43,-87.87,-160.22
52.413765,-1.558244,173.27,14.49,3,104.2,21 / 22,2326628,2019-09-06 18:54:53:310,0.4456,-1.7001,9.5533,0.0421,-0.009,9.8065,-0.1049,0.0637,-0.0986,-27.62,-28.75,17.44,309.73,-87.64,-169.9
52.413765,-1.558244,173.27,14.49,3,104.2,21 / 22,2326728,2019-09-06 18:54:53:410,1.1562,-0.0142,9.0547,-0.0297,0.0231,9.8065,-0.1067,0.0267,-0.0155,-28.19,-29.06,18.13,310.06,-87.94,-171.29
52.413765,-1.558244,173.27,14.49,3,104.2,21 / 22,2326828,2019-09-06 18:54:53:510,0.6606,-0.0644,9.5291,-0.0015,-0.0089,9.8066,-0.0052,-0.024,0.0194,-28.56,-29.12,17.94,311.77,-87.86,-168.68
52.413765,-1.558244,173.27,14.49,3,104.2,21 / 22,2326928,2019-09-06 18:54:53:610,-0.7663,0.55,10.1501,-0.0128,-0.0083,9.8066,0.0052,0.0323,0.0081,-28.31,-29.06,18.13,318.33,-87.74,-163.07
52.413765,-1.558244,173.27,14.49,3,104.2,21 / 22,2327029,2019-09-06 18:54:53:711,-0.119,-0.885,10.6721,-0.0072,-0.0101,9.8066,0.0693,-0.0028,0.0505,-28.44,-28.69,19.25,322.35,-87.5,-160.48
52.413765,-1.558244,173.27,14.49,3,104.2,21 / 22,2327129,2019-09-06 18:54:53:811,0.203,-0.7249,10.0901,0.0165,-0.0105,9.8065,0.0354,-0.0273,0.0026,-28.62,-28.94,18.75,322.32,-87.32,-159.51
52.413765,-1.558244,173.27,14.49,3,104.2,21 / 22,2327228,2019-09-06 18:54:53:910,0.0754,-0.6837,10.0076,0.0123,-0.0114,9.8066,-0.027,0.0116,-0.0097,-28.81,-29.5,18.56,322.15,-87.21,-159.62
52.413765,-1.558244,173.27,14.49,3,104.2,21 / 22,2327329,2019-09-06 18:54:54:011,0.0289,-0.4884,9.9996,-0.0128,0.0089,9.8066,-0.0348,0.0154,0.0233,-28.87,-29,18.88,322.97,-87.43,-158.94
52.413765,-1.558244,173.27,14.49,3,104.2,21 / 21,2327429,2019-09-06 18:54:54:111,0.298,-0.5445,10.1243,-0.0069,0.0145,9.8066,0.0133,-0.0316,-0.0221,-28.75,-28.75,18.5,321.22,-87.49,-160.67
52.413765,-1.558244,173.27,14.49,3,104.2,21 / 21,2327529,2019-09-06 18:54:54:211,0.2789,-0.4521,10.3489,0.0236,-0.0017,9.8066,0.0146,-0.0429,-0.0685,-28.94,-29.56,18.56,317.19,-87.33,-164.44
52.413765,-1.558244,173.27,14.49,3,104.2,21 / 21,2327629,2019-09-06 18:54:54:311,0.3053,-1.0893,9.9992,0.0114,-0.0224,9.8065,0.0506,-0.0508,0.0864,-29.25,-29.37,18.69,317.56,-87.25,-164.08
52.413765,-1.558244,173.27,14.49,3,104.2,21 / 21,2327729,2019-09-06 18:54:54:411,-0.3916,-0.3196,9.6344,0.0026,-0.012,9.8066,0.058,-0.0304,0.0334,-28.37,-29.19,18.75,319.16,-87.28,-163.44
52.413765,-1.558244,173.27,14.49,3,104.2,21 / 21,2327829,2019-09-06 18:54:54:511,0.595,-0.6693,9.7698,0.0301,-0.0223,9.8065,-0.1447,-0.0012,-0.0111,-28.81,-28.94,18.94,319.68,-87.19,-162
52.413765,-1.558244,173.27,14.49,3,104.2,21 / 21,2327929,2019-09-06 18:54:54:611,0.6978,0.4515,9.0917,-0.0412,0.0105,9.8065,-0.0146,0.0352,0.0359,-28.44,-29.19,18.69,328.2,-87.34,-154.73
52.413765,-1.558244,173.27,14.49,3,104.2,21 / 21,2328029,2019-09-06 18:54:54:711,0.1358,-2.0085,7.8397,-0.0118,-0.0328,9.8065,-0.1449,-0.1272,0.1069,-29,-28.37,19,332.97,-87.12,-149.18
52.413765,-1.558244,173.27,14.49,3,104.2,21 / 21,2328128,2019-09-06 18:54:54:810,-0.87,-0.4824,8.5651,-0.0635,0.0303,9.8064,-0.1996,0.0786,-0.0483,-29.37,-28.37,18.25,339.1,-87.37,-141.94
52.413765,-1.558244,173.27,14.49,3,104.2,21 / 21,2328229,2019-09-06 18:54:54:911,-1.5755,0.3035,10.5363,-0.0368,0.0601,9.8063,-0.0338,0.1794,-0.1386,-29.5,-28.31,18.56,341.03,-87.73,-141.59
52.413765,-1.558244,173.27,14.49,3,104.2,21 / 21,2328328,2019-09-06 18:54:55:010,-0.8256,-0.5121,10.4425,0.0143,0.0451,9.8065,0.0571,0.0047,-0.0447,-29.87,-29,18.19,332.99,-87.79,-147.12
52.413765,-1.558244,173.27,14.49,3,104.2,21 / 21,2328429,2019-09-06 18:54:55:111,-0.1859,-0.0688,10.9364,0.0149,0.0075,9.8066,0.0361,0.0149,-0.0581,-28.94,-28.81,18.56,319.68,-87.87,-162.38
52.413765,-1.558244,173.27,14.49,3,104.2,21 / 21,2328528,2019-09-06 18:54:55:210,-0.2004,0.73,9.3309,0.0041,-0.0078,9.8066,-0.0318,-0.0176,0.06,-28.69,-29.44,18.81,314.22,-87.61,-167.55
52.413765,-1.558244,173.27,14.49,3,104.2,21 / 21,2328628,2019-09-06 18:54:55:310,-1.6684,1.4508,9.7566,-0.0028,-0.0046,9.8066,-0.0113,-0.0471,-0.0053,-29.19,-28.87,19.06,316.1,-87.6,-165.71
52.413765,-1.558244,173.27,14.49,3,104.2,21 / 21,2328729,2019-09-06 18:54:55:411,-0.0427,0.3846,9.6227,-0.0369,0.0084,9.8065,0.0002,0.0095,0.0067,-29.06,-29.12,18.44,319.96,-87.97,-160.73
52.413765,-1.558244,173.27,14.49,3,104.2,21 / 21,2328829,2019-09-06 18:54:55:511,-0.5669,-1.2389,9.5867,-0.0333,0.0081,9.8065,0.1033,-0.0487,0.1065,-28.69,-28.87,18.5,324.82,-88.07,-157.47
52.413765,-1.558244,173.27,14.49,3,104.2,21 / 21,2328929,2019-09-06 18:54:55:611,-2.0595,1.032,9.0593,0.0114,0.0085,9.8066,-0.0317,0.0205,-0.0702,-28.62,-28.81,17.94,324.88,-88.13,-156.02
52.413765,-1.558244,173.27,14.49,3,104.2,21 / 21,2329030,2019-09-06 18:54:55:712,-3.5232,1.6667,9.3263,0.0068,-0.0102,9.8066,-0.016,0.0602,0.0489,-28.62,-29.31,18.38,324.63,-88.18,-156.29
52.413765,-1.558244,173.27,14.49,3,104.2,21 / 21,2329128,2019-09-06 18:54:55:810,-1.2383,-0.6563,10.0242,-0.0243,0.0264,9.8065,0.0854,-0.0471,0.0664,-29,-28.75,18.63,332.16,-88.24,-150.38
52.413765,-1.558244,173.27,14.49,3,104.2,21 / 21,2329228,2019-09-06 18:54:55:910,-1.0106,-1.3481,8.9686,-0.0171,0.0039,9.8066,-0.0221,0.0353,0.0221,-28.44,-28.87,18.13,332.11,-88.25,-149.9
52.413765,-1.558244,173.27,14.49,3,104.2,21 / 21,2329329,2019-09-06 18:54:56:011,-3.9904,-0.4463,9.4617,-0.0189,0.0094,9.8066,-0.0124,-0.1344,0.1269,-29.37,-28.69,17.69,337.92,-88.01,-143.26
52.413765,-1.558244,173.27,14.49,3,104.2,22 / 22,2329429,2019-09-06 18:54:56:111,-2.8193,1.669,11.2594,-0.0297,-0.0032,9.8065,0.1085,-0.0331,0.0433,-28.94,-28.5,18.81,340.67,-88.1,-142.04
52.413765,-1.558244,173.27,14.49,3,104.2,22 / 22,2329530,2019-09-06 18:54:56:212,-2.7096,-0.2901,9.8833,0.0494,-0.0023,9.8064,0.2402,0.0079,0.0158,-28.69,-28.94,18.56,340.2,-87.89,-142.42
52.413765,-1.558244,173.27,14.49,3,104.2,22 / 22,2329628,2019-09-06 18:54:56:310,-2.2672,1.4843,8.7904,0.0435,-0.0156,9.8065,-0.0883,0.0025,-0.0206,-29.12,-29.31,18.44,327.5,-87.79,-153.3
52.413765,-1.558244,173.27,14.49,3,104.2,22 / 22,2329729,2019-09-06 18:54:56:411,-2.1869,0.9412,9.548,-0.0299,0.0121,9.8065,-0.0809,-0.0922,0.0023,-28.37,-28.94,17.69,328.78,-88.07,-153.07
52.413765,-1.558244,173.27,14.49,3,104.2,22 / 22,2329829,2019-09-06 18:54:56:511,-0.7906,1.0059,10.3143,-0.0452,0.0397,9.8065,0.0025,0.0183,-0.0737,-29.06,-28.75,18.44,327.99,-88.26,-153.04
52.413765,-1.558244,173.27,14.49,3,104.2,22 / 22,2329929,2019-09-06 18:54:56:611,-1.46,0.6243,10.2318,0.0428,-0.0413,9.8064,-0.0082,-0.0179,0.0673,-28.44,-28.87,18.19,326.61,-88.12,-155.21
52.413765,-1.558244,173.27,14.49,3,104.2,22 / 22,2330029,2019-09-06 18:54:56:711,0.1494,0.5573,9.9551,0.0865,-0.0391,9.8061,-0.0616,-0.0245,-0.0303,-28.87,-28.69,18.56,321.98,-87.79,-160.09
52.413765,-1.558244,173.27,14.49,3,104.2,22 / 22,2330128,2019-09-06 18:54:56:810,-1.6717,1.7317,7.9424,0.0725,-0.0625,9.8061,-0.0772,-0.0993,0.0557,-28.25,-28.81,20,316.09,-87.27,-167.82
52.413765,-1.558244,173.27,14.49,3,104.2,22 / 22,2330228,2019-09-06 18:54:56:910,-0.8264,0.4299,9.3838,0.2151,-0.1705,9.8027,-0.2652,-0.0062,-0.0109,-28.69,-28.62,20.69,313.35,-85.51,-169.82
52.413765,-1.558244,173.27,14.49,3,104.2,22 / 22,2330328,2019-09-06 18:54:57:010,4.0106,-3.0901,8.3597,-0.117,0.0724,9.8057,-0.5496,-0.0468,0.0203,-28.94,-28.94,20.25,317.15,-86.15,-165.22
52.413765,-1.558244,173.27,14.49,3,104.2,22 / 22,2330429,2019-09-06 18:54:57:111,-0.3144,-1.7647,7.2694,-0.2096,0.1039,9.8038,0.0789,-0.1283,0.0223,-28,-28.5,20.06,330.94,-87.39,-153.54
52.413765,-1.558244,173.27,14.49,3,104.2,22 / 22,2330529,2019-09-06 18:54:57:211,-2.1931,1.9593,9.5741,-0.1864,0.1074,9.8042,-0.3727,0.1273,-0.1304,-29.12,-29.12,18.5,358.51,-88.46,-124.69
52.413765,-1.558244,173.27,14.49,3,104.2,22 / 22,2330629,2019-09-06 18:54:57:311,-1.6009,2.5631,11.0063,-0.1329,0.0789,9.8054,0.2688,-0.0114,-0.0467,-28.94,-29.12,17.56,72.27,-88.79,-50.54
52.413765,-1.558244,173.27,14.49,3,104.2,22 / 22,2330729,2019-09-06 18:54:57:411,-1.1088,2.6284,12.4169,-0.0909,0.0587,9.806,0.3392,0.0076,-0.1392,-28.56,-29.12,17.19,70.43,-88.8,-50.93
52.413765,-1.558244,173.27,14.49,3,104.2,22 / 22,2330829,2019-09-06 18:54:57:511,1.4864,-0.6915,11.4244,0.2109,-0.1443,9.8032,0.3031,-0.0692,0.0784,-28.19,-28.87,17.88,354.71,-89.22,-127.97
52.413765,-1.558244,173.27,14.49,3,104.2,22 / 22,2330929,2019-09-06 18:54:57:611,2.7565,-1.4781,10.2635,0.1015,-0.0764,9.8058,0.2861,-0.0237,0.0231,-29,-28.62,19.5,318.85,-86.76,-163.94
52.413765,-1.558244,173.27,14.49,3,104.2,22 / 22,2331028,2019-09-06 18:54:57:710,0.5915,-1.716,9.8794,-0.0353,0.0134,9.8065,-0.2848,0.0074,0.0175,-29.12,-29,20,325,-86.88,-158.08
52.413765,-1.558244,173.27,14.49,3,104.2,22 / 22,2331129,2019-09-06 18:54:57:811,-0.1971,0.2535,8.7393,-0.043,0.0352,9.8065,-0.2391,0.0338,-0.0384,-28.62,-28.75,18.56,330.03,-87.67,-152.21
52.413765,-1.558244,173.27,14.49,3,104.2,22 / 22,2331228,2019-09-06 18:54:57:910,-0.7479,0.4253,9.1873,-0.0338,0.0253,9.8065,-0.0134,-0.0034,-0.0189,-28.62,-28.94,18.75,335.65,-88.1,-146.91
52.413765,-1.558244,173.27,14.49,3,104.2,22 / 22,2331328,2019-09-06 18:54:58:010,0.4067,-0.0274,9.3961,0.0186,-0.0089,9.8066,0.0558,-0.0031,-0.004,-28.56,-28.87,18.56,331.61,-88.03,-150.83
52.413765,-1.558244,173.27,14.49,3,104.2,21 / 21,2331429,2019-09-06 18:54:58:111,1.5058,-0.3,10.9485,0.0174,-0.0255,9.8066,0.2717,0.0742,-0.0283,-29.37,-29.62,19.81,325.6,-87.21,-157.62
52.413765,-1.558244,173.27,14.49,3,104.2,21 / 21,2331529,2019-09-06 18:54:58:211,1.5102,-1.4384,10.9446,0.0019,0.0007,9.8066,-0.0783,-0.0089,-0.0193,-28.37,-28.37,20.38,322.14,-86.71,-161.71
52.413765,-1.558244,173.27,14.49,3,104.2,21 / 21,2331628,2019-09-06 18:54:58:310,0.9832,-1.8305,11.0315,0.0341,-0.0118,9.8066,-0.0944,0.0065,-0.0644,-28.37,-29.12,19.75,319.2,-86.41,-164.3
52.413765,-1.558244,173.27,14.49,3,104.2,21 / 21,2331729,2019-09-06 18:54:58:411,-0.1701,-0.0729,9.6649,0.0268,0.0061,9.8066,-0.0781,-0.0209,-0.0179,-28.56,-28.94,20.31,315.43,-86.65,-167.18
52.413765,-1.558244,173.27,14.49,3,104.2,21 / 21,2331829,2019-09-06 18:54:58:511,1.0211,-1.0387,9.9988,0.0137,0.023,9.8066,0.0375,-0.0411,-0.0357,-28.31,-29.37,20.38,312.69,-86.93,-170.9
52.413765,-1.558244,173.27,14.49,3,104.2,21 / 21,2331929,2019-09-06 18:54:58:611,0.0901,-1.2158,9.5354,0.0323,0.0037,9.8066,0.0267,-0.038,-0.0076,-28.87,-29.25,20.19,304.09,-86.81,-178.28
52.413765,-1.558244,173.27,14.49,3,104.2,21 / 21,2332028,2019-09-06 18:54:58:710,0.9498,0.8763,9.3616,0.0019,0.0214,9.8065,0.0549,0.0458,-0.1438,-27.87,-29.56,19.94,298.66,-86.6,175.77
52.413765,-1.558244,173.27,14.49,3,104.2,21 / 21,2332128,2019-09-06 18:54:58:810,1.1264,-0.787,9.4592,0.0059,0.0229,9.8065,-0.0768,0.0107,-0.0362,-27.75,-29.87,20,294.38,-86.41,171.74
52.413765,-1.558244,173.27,14.49,3,104.2,21 / 21,2332228,2019-09-06 18:54:58:910,1.221,-1.2209,9.1143,-0.0064,0.012,9.8066,-0.077,-0.0132,0.0298,-26.87,-29.25,20.44,290.72,-86.59,166.98
52.413765,-1.558244,173.27,14.49,3,104.2,21 / 21,2332328,2019-09-06 18:54:59:010,-0.5947,-0.3886,9.5004,0.0004,0.0043,9.8065,-0.1926,0.0442,-0.108,-27.25,-29.12,19.88,288.55,-86.77,164.69
52.41358,-1.556673,171.43,11.42,2,100.81,22 / 22,2332428,2019-09-06 18:54:59:110,0.0323,-1.6899,9.5282,0.0067,0.0154,9.8065,-0.0121,0.062,-0.0725,-27.12,-29,19.81,283.23,-87.05,159.2
52.41358,-1.556673,171.43,11.42,2,100.81,22 / 22,2332528,2019-09-06 18:54:59:210,0.0063,-3.0239,8.4411,0.0004,-0.012,9.8066,-0.1345,0.1582,-0.1297,-27.12,-28.81,19.5,279.86,-87.07,155.83
52.41358,-1.556673,171.43,11.42,2,100.81,22 / 22,2332629,2019-09-06 18:54:59:311,-0.7636,-1.7452,9.7587,0.0096,0.0065,9.8065,-0.108,-0.0707,0.0432,-26.87,-28.87,19.69,277.84,-86.88,153.99
52.41358,-1.556673,171.43,11.42,2,100.81,22 / 22,2332728,2019-09-06 18:54:59:410,-2.289,0.4389,9.8316,-0.0298,0.0314,9.8065,0.2513,-0.1696,0.1079,-26.62,-29.56,20.25,274.66,-87.02,150.79
52.41358,-1.556673,171.43,11.42,2,100.81,22 / 22,2332829,2019-09-06 18:54:59:511,3.416,-1.1289,9.9749,-0.0673,0.0228,9.8064,-0.0111,-0.17,-0.0036,-26.69,-28.94,19.56,274.47,-87.31,150.27
52.41358,-1.556673,171.43,11.42,2,100.81,22 / 22,2332929,2019-09-06 18:54:59:611,0.6463,-0.7034,9.6113,0.0401,-0.0203,9.8065,0.0586,-0.0049,-0.0215,-27.25,-29.56,19.88,275.23,-87,151.37
52.41358,-1.556673,171.43,11.42,2,100.81,22 / 22,2333028,2019-09-06 18:54:59:710,-0.6768,-2.4271,10.0361,0.0062,0.0042,9.8065,-0.133,-0.177,0.0919,-27.44,-29.19,19.56,273.2,-87.06,149.22
52.41358,-1.556673,171.43,11.42,2,100.81,22 / 22,2333128,2019-09-06 18:54:59:810,0.8417,0.1942,9.6266,-0.0197,0.0174,9.8066,0.1635,0.009,0.0862,-27.31,-29.37,19.88,277.11,-87.06,153.11
52.41358,-1.556673,171.43,11.42,2,100.81,22 / 22,2333228,2019-09-06 18:54:59:910,0.9856,-2.415,9.2388,-0.0359,-0.0171,9.8065,-0.079,0.0868,-0.0603,-27.87,-29.56,20.63,281.55,-87.21,157.04
52.41358,-1.556673,171.43,11.42,2,100.81,22 / 22,2333329,2019-09-06 18:55:00:011,0.5887,-0.3222,8.9257,-0.0026,-0.0166,9.8066,-0.1896,-0.0413,0.1055,-27.87,-28.69,20.5,287.76,-87.36,162.99
52.41358,-1.556673,171.43,11.42,2,100.81,22 / 22,2333429,2019-09-06 18:55:00:111,-0.0445,0.1193,10.099,-0.0098,-0.0311,9.8065,-0.2356,0.0098,0.0381,-27.81,-28.94,20.19,293.58,-87.59,169.92
52.41358,-1.556673,171.43,11.42,2,100.81,22 / 22,2333529,2019-09-06 18:55:00:211,-1.4494,-0.4178,10.699,-0.0237,-0.0155,9.8065,0.1209,0.0704,0.0162,-28.37,-28.25,20.25,304.87,-87.84,-179.21
52.41358,-1.556673,171.43,11.42,2,100.81,22 / 22,2333629,2019-09-06 18:55:00:311,1.2079,-0.9497,10.643,0.009,-0.0275,9.8066,0.2096,-0.001,0.0538,-28.75,-28.12,20.25,307.64,-87.54,-175.38
52.41358,-1.556673,171.43,11.42,2,100.81,22 / 22,2333729,2019-09-06 18:55:00:411,0.0635,-1.9301,10.7154,0.0545,-0.0396,9.8064,-0.1009,-0.0283,-0.0219,-29.25,-29,20.56,312.23,-87.12,-171.92
52.41358,-1.556673,171.43,11.42,2,100.81,22 / 22,2333828,2019-09-06 18:55:00:510,0.7303,-0.9263,10.802,0.0229,-0.0106,9.8066,0.0207,0.055,-0.0081,-28.56,-27.81,19.81,307.84,-86.64,-174.59
52.41358,-1.556673,171.43,11.42,2,100.81,22 / 22,2333929,2019-09-06 18:55:00:611,1.0154,0.6559,9.4556,0.0071,-0.0135,9.8066,-0.1304,0.0567,-0.0713,-29.12,-28.25,20.56,307.38,-86.62,-176.38
52.41358,-1.556673,171.43,11.42,2,100.81,22 / 22,2334029,2019-09-06 18:55:00:711,0.4296,-0.7541,9.3461,-0.0007,0.0186,9.8066,0.0388,0.0172,0.0707,-29.69,-28.37,19.81,304.2,-86.85,-177.43
52.41358,-1.556673,171.43,11.42,2,100.81,22 / 22,2334129,2019-09-06 18:55:00:811,1.3672,-0.397,9.4364,0.0073,-0.0073,9.8066,-0.0994,-0.0609,-0.016,-29.25,-28.06,20.19,305.12,-86.99,-177.48
52.41358,-1.556673,171.43,11.42,2,100.81,22 / 22,2334229,2019-09-06 18:55:00:911,0.1828,0.3033,10.0822,0.0029,-0.0073,9.8066,0.0349,-0.0394,0.1119,-29.25,-28.06,20.19,307,-87.05,-175.68
52.41358,-1.556673,171.43,11.42,2,100.81,22 / 22,2334328,2019-09-06 18:55:01:010,0.9255,0.1537,9.589,0.0162,-0.0239,9.8066,-0.1127,0.0161,0.0377,-29.75,-28.12,19.31,304.17,-87.08,-176.24
52.41358,-1.556673,171.43,11.42,2,100.81,22 / 22,2334429,2019-09-06 18:55:01:111,-0.5194,-1.5317,10.0963,-0.0011,-0.0138,9.8065,0.0476,-0.0623,0.0635,-29.87,-28.37,19.5,309.41,-86.93,-172.4
52.41358,-1.556673,171.43,11.42,2,100.81,22 / 22,2334529,2019-09-06 18:55:01:211,0.9988,0.4096,10.4961,-0.0092,-0.0015,9.8066,0.0181,0.0652,-0.034,-29.56,-28.62,19.44,307.22,-87.07,-173.19
52.41358,-1.556673,171.43,11.42,2,100.81,22 / 22,2334628,2019-09-06 18:55:01:310,0.0216,-0.1262,9.9194,-0.0063,0.0043,9.8066,-0.0797,-0.093,0.0161,-29.31,-27.87,19.13,308.97,-87,-172.34
52.41358,-1.556673,171.43,11.42,2,100.81,22 / 22,2334729,2019-09-06 18:55:01:411,0.0434,0.1469,9.785,0.0076,-0.0159,9.8065,-0.0797,0.0772,-0.0801,-29.62,-29.31,19.69,309.43,-86.88,-172.27
52.41358,-1.556673,171.43,11.42,2,100.81,22 / 22,2334828,2019-09-06 18:55:01:510,1.6292,-0.3578,8.8093,0.0149,-0.0192,9.8066,-0.0386,0.0126,-0.0124,-29.25,-27.94,19.81,312.2,-86.77,-170.44
52.41358,-1.556673,171.43,11.42,2,100.81,22 / 22,2334929,2019-09-06 18:55:01:611,-0.002,0.4677,9.7912,-0.0187,0.0066,9.8066,-0.1675,0.0163,-0.0547,-29.37,-28.5,19.5,309.75,-86.89,-172.89
52.41358,-1.556673,171.43,11.42,2,100.81,22 / 22,2335029,2019-09-06 18:55:01:711,-0.3334,-0.0832,9.8909,-0.0064,-0.0049,9.8066,0.0649,0.0187,-0.016,-29.44,-28.62,19.81,311.4,-86.92,-171.25
52.41358,-1.556673,171.43,11.42,2,100.81,22 / 22,2335129,2019-09-06 18:55:01:811,-0.2731,0.7756,9.5287,0.0255,-0.022,9.8065,0.0555,0.0377,-0.0146,-28.94,-28.5,19.38,308.03,-86.83,-173.14
52.41358,-1.556673,171.43,11.42,2,100.81,22 / 22,2335229,2019-09-06 18:55:01:911,-0.6454,0.3033,10.0151,0.0376,-0.0202,9.8065,-0.1492,0.1195,-0.0234,-29,-28.69,19,308.69,-86.72,-172.35
52.41358,-1.556673,171.43,11.42,2,100.81,22 / 22,2335329,2019-09-06 18:55:02:011,0.3157,0.2798,10.4805,-0.009,0.0086,9.8066,0.0317,0.0065,0.0321,-29.37,-28.44,19.44,310.25,-86.82,-170.97
52.41358,-1.556673,171.43,11.42,2,100.81,22 / 22,2335429,2019-09-06 18:55:02:111,1.978,0.0625,8.8014,-0.0081,-0.0023,9.8066,-0.0219,0.0328,-0.0165,-29.06,-28.44,19.88,312.77,-86.89,-169.96
52.41358,-1.556673,171.43,11.42,2,100.81,22 / 22,2335528,2019-09-06 18:55:02:210,0.0858,1.1686,9.8009,0.0265,-0.0308,9.8065,0.0288,0.0191,0.067,-29.37,-28.37,19.19,312.64,-86.62,-168.53
52.41358,-1.556673,171.43,11.42,2,100.81,22 / 22,2335628,2019-09-06 18:55:02:310,-0.4086,0.6681,9.9383,0.031,-0.0298,9.8065,-0.0438,0.0015,0.0029,-29.31,-28.62,19.25,314.39,-86.62,-166.77
52.41358,-1.556673,171.43,11.42,2,100.81,22 / 22,2335729,2019-09-06 18:55:02:411,-1.4703,-1.1724,10.1296,-0.0096,0.0056,9.8066,0.1046,0.0683,-0.0017,-28.94,-28.31,19.69,316.74,-86.73,-166.02
52.41358,-1.556673,171.43,11.42,2,100.81,22 / 22,2335828,2019-09-06 18:55:02:510,0.2876,1.0313,9.4698,-0.0098,-0.0026,9.8066,-0.0895,0.0585,-0.0116,-29,-28.69,19.31,317.42,-86.67,-163.88
52.41358,-1.556673,171.43,11.42,2,100.81,22 / 22,2335929,2019-09-06 18:55:02:611,0.0959,0.9197,9.927,-0.0111,-0.0007,9.8066,-0.1113,0.0827,-0.0611,-29.56,-28.37,19.56,317.86,-86.71,-164.07
52.41358,-1.556673,171.43,11.42,2,100.81,22 / 22,2336029,2019-09-06 18:55:02:711,-1.0885,0.2331,10.0535,0.0116,-0.0111,9.8065,0.1058,0.1026,-0.0531,-30.06,-28.31,19.13,319.1,-86.71,-161.5
52.41358,-1.556673,171.43,11.42,2,100.81,22 / 22,2336128,2019-09-06 18:55:02:810,0.4437,0.3939,9.7303,0.0052,-0.0103,9.8066,0.0306,-0.1343,0.0894,-29.56,-28.31,19.38,319.55,-86.83,-161.14
52.41358,-1.556673,171.43,11.42,2,100.81,22 / 22,2336229,2019-09-06 18:55:02:911,0.0979,0.568,9.4729,0.0019,-0.0104,9.8066,-0.1089,-0.0313,0.0328,-29.44,-29.06,18.75,319.54,-86.85,-161.94
52.41358,-1.556673,171.43,11.42,2,100.81,22 / 22,2336328,2019-09-06 18:55:03:010,-0.6043,0.361,9.2762,-0.0023,0.0027,9.8066,-0.0683,-0.0507,-0.0309,-29.06,-28.81,18.25,317.78,-86.96,-162.27
52.41358,-1.556673,171.43,11.42,2,100.81,22 / 22,2336429,2019-09-06 18:55:03:111,-0.6771,0.7416,10.1057,0.0334,-0.021,9.8065,-0.0545,-0.0006,0.0287,-28.69,-29,18.38,316.59,-86.88,-163.37
52.41358,-1.556673,171.43,11.42,2,100.81,22 / 22,2336528,2019-09-06 18:55:03:210,-0.8003,-0.3671,9.8105,-0.0107,0.0157,9.8066,-0.0871,-0.0579,-0.0132,-29.56,-29.31,18.5,315.81,-87.03,-164.81
52.41358,-1.556673,171.43,11.42,2,100.81,22 / 22,2336629,2019-09-06 18:55:03:311,-1.1547,2.154,10.1174,0.0173,-0.0156,9.8066,0.1613,-0.012,0.0472,-29.06,-29,18.56,315.25,-86.8,-166.06
52.41358,-1.556673,171.43,11.42,2,100.81,22 / 22,2336728,2019-09-06 18:55:03:410,0.4345,-0.5953,9.7023,0.0008,0.0001,9.8066,-0.0569,0.0475,-0.0304,-29.19,-29.69,18.75,313.76,-86.77,-167.41
52.41358,-1.556673,171.43,11.42,2,100.81,22 / 22,2336829,2019-09-06 18:55:03:511,0.451,-0.2288,9.8139,-0.0103,-0.0027,9.8066,-0.0763,-0.0626,0.0703,-29.37,-29.19,19.06,314.65,-86.82,-166.64
52.41358,-1.556673,171.43,11.42,2,100.81,22 / 22,2336928,2019-09-06 18:55:03:610,0.2492,0.9177,9.558,-0.0184,0.0007,9.8065,-0.03,0.081,-0.0194,-28.69,-29.44,18.56,316.43,-87.06,-165.07
52.41358,-1.556673,171.43,11.42,2,100.81,22 / 22,2337029,2019-09-06 18:55:03:711,-0.2775,1.0337,10.242,-0.0118,-0.0049,9.8066,-0.1348,0.0342,-0.0317,-29,-29.75,19,320.58,-87.07,-161
52.41358,-1.556673,171.43,11.42,2,100.81,22 / 22,2337129,2019-09-06 18:55:03:811,0.1694,0.8797,10.3903,-0.0084,-0.0205,9.8066,0.0302,0.0724,0.0114,-29.5,-29.37,18.63,324.51,-86.98,-157.22
52.41358,-1.556673,171.43,11.42,2,100.81,22 / 22,2337229,2019-09-06 18:55:03:911,0.6314,-0.6595,9.8699,0.0158,-0.0089,9.8065,0.09,0.0629,-0.0365,-29,-29,18.69,324.49,-86.8,-157.15
52.41358,-1.556673,171.43,11.42,2,100.81,22 / 22,2337328,2019-09-06 18:55:04:010,0.1811,0.3019,10.4736,0.0413,-0.0383,9.8064,0.1159,-0.0375,0.0363,-29.81,-29,18,321.76,-86.79,-157.52
52.41358,-1.556673,171.43,11.42,2,100.81,21 / 21,2337429,2019-09-06 18:55:04:111,-1.1424,0.5331,10.4098,0.0263,-0.009,9.8066,-0.0272,0.0946,-0.0606,-29.56,-29.25,18.75,320.62,-86.38,-159.8
52.41358,-1.556673,171.43,11.42,2,100.81,21 / 21,2337528,2019-09-06 18:55:04:210,0.6766,-0.843,9.4259,0.0114,-0.0051,9.8066,0.0281,-0.0445,0.0761,-28.81,-29.25,18.63,320.97,-86.45,-160.34
52.41358,-1.556673,171.43,11.42,2,100.81,21 / 21,2337629,2019-09-06 18:55:04:311,0.1399,-0.5078,8.6717,-0.0017,0.0002,9.8066,-0.0183,0.0403,-0.0302,-28.94,-28.81,19.06,321.4,-86.52,-159.97
52.41358,-1.556673,171.43,11.42,2,100.81,21 / 21,2337728,2019-09-06 18:55:04:410,0.5119,-0.6361,8.9861,-0.0178,0.017,9.8065,0.0212,0.0382,-0.0325,-28.81,-28.75,19.06,322.5,-86.72,-159.01
52.41358,-1.556673,171.43,11.42,2,100.81,21 / 21,2337828,2019-09-06 18:55:04:510,0.2567,-0.3386,9.974,-0.0183,0.0085,9.8066,0.0489,-0.0076,0.002,-27.5,-29,19.38,324.58,-86.85,-158.91
52.41358,-1.556673,171.43,11.42,2,100.81,21 / 21,2337929,2019-09-06 18:55:04:611,-0.0966,-0.6262,10.0235,0.0464,-0.0134,9.8064,0.1611,0.1185,-0.0975,-28.56,-29.06,18.44,321.88,-86.94,-158.31
52.41358,-1.556673,171.43,11.42,2,100.81,21 / 21,2338028,2019-09-06 18:55:04:710,1.3458,0.7759,9.2522,0.0235,-0.0256,9.8065,-0.1125,-0.0468,0.0349,-28.37,-29.69,19,322.08,-86.58,-160.17
52.41358,-1.556673,171.43,11.42,2,100.81,21 / 21,2338129,2019-09-06 18:55:04:811,0.2899,0.3929,10.1942,-0.0134,-0.0019,9.8066,-0.0161,0.0762,-0.06,-28.31,-29.56,18.63,321.63,-86.58,-160.6
52.41358,-1.556673,171.43,11.42,2,100.81,21 / 21,2338229,2019-09-06 18:55:04:911,0.8187,0.3471,10.6677,0.0133,-0.0171,9.8066,0.081,0.0844,-0.0784,-28.81,-29.37,19.94,324.18,-86.41,-158.62
52.41358,-1.556673,171.43,11.42,2,100.81,21 / 21,2338329,2019-09-06 18:55:05:011,1.2882,0.4021,10.4808,0.0427,-0.0041,9.8065,0.1399,0.0483,-0.0658,-27.81,-28.94,19.31,320.65,-86.43,-161.51
52.41358,-1.556673,171.43,11.42,2,100.81,21 / 21,2338428,2019-09-06 18:55:05:110,-0.3565,1.187,9.7954,0.0288,-0.0228,9.8066,-0.0718,-0.0985,0.0279,-28,-28.81,18.88,319.77,-86.29,-162.28
52.41358,-1.556673,171.43,11.42,2,100.81,21 / 21,2338529,2019-09-06 18:55:05:211,0.8466,0.3893,10.1403,-0.0122,0.0093,9.8066,0.1354,-0.0797,0.0184,-28.81,-29.19,18.94,318.22,-86.29,-162.88
52.41358,-1.556673,171.43,11.42,2,100.81,21 / 21,2338628,2019-09-06 18:55:05:310,1.5581,1.3664,10.0629,-0.0127,0.0225,9.8066,0.0443,0.0847,-0.125,-28.31,-29.12,19.19,316.72,-86.35,-165.23
52.41358,-1.556673,171.43,11.42,2,100.81,21 / 21,2338728,2019-09-06 18:55:05:410,-0.2465,-0.2029,9.3374,0.0113,-0.0146,9.8066,0.0622,-0.0331,0.1375,-28.56,-29.5,18.94,315.77,-86.16,-165.15
52.41358,-1.556673,171.43,11.42,2,100.81,21 / 21,2338829,2019-09-06 18:55:05:511,0.547,0.2738,9.5883,-0.0009,0.0162,9.8066,-0.0374,0.048,-0.0742,-28.62,-29.25,18.94,313.6,-86.22,-167.28
52.41358,-1.556673,171.43,11.42,2,100.81,21 / 21,2338929,2019-09-06 18:55:05:611,0.6388,0.3741,10.1479,-0.0154,0.017,9.8066,-0.0601,0.0026,-0.0458,-28.5,-29.56,18.94,313.93,-86.44,-167.9
52.41358,-1.556673,171.43,11.42,2,100.81,21 / 21,2339029,2019-09-06 18:55:05:711,0.2145,-0.575,9.9301,-0.0176,0.0118,9.8065,0.0072,0.0385,0.0309,-28.44,-29.25,19.06,313.9,-86.49,-168.04
52.41358,-1.556673,171.43,11.42,2,100.81,21 / 21,2339129,2019-09-06 18:55:05:811,-0.1422,1.0924,9.8163,0.0179,-0.0023,9.8066,0.0245,0.0221,0.001,-28.25,-28.81,18.75,313.99,-86.49,-167.95
52.41358,-1.556673,171.43,11.42,2,100.81,21 / 21,2339228,2019-09-06 18:55:05:910,1.7226,-1.1217,9.0882,0.0055,-0.0098,9.8066,-0.1188,0.0177,0.0756,-28,-29.12,18.81,313.78,-86.36,-168.07
52.41358,-1.556673,171.43,11.42,2,100.81,21 / 21,2339329,2019-09-06 18:55:06:011,0.1995,-0.1567,9.6298,-0.0202,0.0077,9.8066,0.0491,-0.0408,0.0119,-28.19,-28.94,18.25,316.53,-86.35,-163.95
52.41358,-1.556673,171.43,11.42,2,100.81,21 / 21,2339428,2019-09-06 18:55:06:110,1.4935,-0.926,9.6029,-0.0048,0.0089,9.8065,0.067,0.061,-0.0047,-28.56,-28.94,18.25,315.63,-86.42,-164.01
52.41358,-1.556673,171.43,11.42,2,100.81,21 / 21,2339528,2019-09-06 18:55:06:210,1.2103,-1.1754,10.056,0.0103,-0.0242,9.8065,0.2328,-0.0873,0.17,-28.69,-29,18.31,320.59,-86.29,-159.17
52.41358,-1.556673,171.43,11.42,2,100.81,21 / 21,2339629,2019-09-06 18:55:06:311,0.7958,-0.4478,10.2088,-0.0151,-0.0006,9.8066,-0.0522,0.0253,0.0101,-29.5,-29.56,18.25,322.54,-86.54,-157.38
52.41358,-1.556673,171.43,11.42,2,100.81,21 / 21,2339728,2019-09-06 18:55:06:410,0.7829,-0.6014,10.5726,0.0079,-0.0181,9.8065,0.0649,-0.0515,0.0868,-28.62,-29.44,18.25,323.89,-86.63,-156.2
52.41358,-1.556673,171.43,11.42,2,100.81,21 / 21,2339828,2019-09-06 18:55:06:510,0.0953,0.7094,9.7996,0.0294,-0.0234,9.8065,0.027,-0.0258,-0.0027,-29.06,-29.19,18.06,324.15,-86.42,-155.84
52.41358,-1.556673,171.43,11.42,2,100.81,21 / 21,2339929,2019-09-06 18:55:06:611,0.6127,0.4281,9.6518,-0.0129,-0.0041,9.8066,0.071,0.0512,0.0484,-29.12,-29.19,18.31,324.73,-86.27,-155.21
52.41358,-1.556673,171.43,11.42,2,100.81,21 / 21,2340029,2019-09-06 18:55:06:711,0.6609,-1.9624,10.4277,-0.0191,-0.0015,9.8066,0.0992,-0.0554,0.0606,-29.56,-29.44,17.69,325.2,-86.15,-153.89
52.41358,-1.556673,171.43,11.42,2,100.81,21 / 21,2340128,2019-09-06 18:55:06:810,1.0363,-0.2647,9.8062,-0.0151,0.009,9.8066,-0.0409,0.0474,-0.0634,-29.56,-29.56,18.13,325.71,-86.3,-153.41
52.41358,-1.556673,171.43,11.42,2,100.81,21 / 21,2340228,2019-09-06 18:55:06:910,-0.0993,0.0585,10.3678,-0.0057,-0.0055,9.8066,0.0777,0.0475,0.0365,-29.62,-29.62,17.81,326.45,-86.17,-152.64
52.41358,-1.556673,171.43,11.42,2,100.81,21 / 21,2340329,2019-09-06 18:55:07:011,-0.9243,-0.9882,10.1905,0.0054,0.0055,9.8066,0.0659,0.093,-0.0628,-29.81,-29.25,18.75,326.28,-86.11,-154.24
52.41358,-1.556673,171.43,11.42,2,100.81,22 / 22,2340429,2019-09-06 18:55:07:111,1.0482,0.136,9.8517,0.0121,-0.005,9.8066,0.1441,0.02,0.0298,-29.19,-29.44,18.44,323.53,-85.91,-156.16
52.41358,-1.556673,171.43,11.42,2,100.81,22 / 22,2340528,2019-09-06 18:55:07:210,1.0614,-0.653,10.23,-0.0039,0.0085,9.8066,0.1174,0.0043,-0.043,-29.37,-29.44,18.25,322.13,-85.83,-157.45
52.41358,-1.556673,171.43,11.42,2,100.81,22 / 22,2340629,2019-09-06 18:55:07:311,-0.0722,-0.3521,10.451,-0.0142,0.0213,9.8065,-0.019,0.0842,-0.0124,-29.19,-28.94,18.19,321.85,-85.95,-157.78
52.41358,-1.556673,171.43,11.42,2,100.81,22 / 22,2340729,2019-09-06 18:55:07:411,1.0224,-0.8026,9.8014,0.0218,-0.0073,9.8066,0.0289,-0.0416,0.033,-28.75,-29.06,18.06,322.15,-86.04,-157.54
52.41358,-1.556673,171.43,11.42,2,100.81,22 / 22,2340829,2019-09-06 18:55:07:511,-0.9652,-0.6072,10.3357,0.0264,0.0036,9.8066,0.0586,0.0464,-0.0558,-29.12,-28.94,17.31,317.49,-85.92,-160.44
52.41358,-1.556673,171.43,11.42,2,100.81,22 / 22,2340928,2019-09-06 18:55:07:610,1.0823,-0.7185,9.5746,0.0122,-0.0071,9.8066,0.0461,0.0638,0.0678,-28.81,-29.5,17.5,318.41,-85.69,-160.9
52.41358,-1.556673,171.43,11.42,2,100.81,22 / 22,2341028,2019-09-06 18:55:07:710,1.4712,-0.6924,9.9745,-0.0109,0.0129,9.8066,0.0357,-0.001,0.0037,-29.25,-29.44,17.75,317.92,-85.75,-161.41
52.41358,-1.556673,171.43,11.42,2,100.81,22 / 22,2341129,2019-09-06 18:55:07:811,-0.9496,0.5669,9.8903,-0.0085,0.0104,9.8066,-0.0657,0.0229,-0.0301,-28.81,-29.06,17.69,318.66,-85.8,-160.74
52.41358,-1.556673,171.43,11.42,2,100.81,22 / 22,2341228,2019-09-06 18:55:07:910,0.7659,-0.403,9.9682,-0.0094,0.0095,9.8065,0.041,0.0286,-0.0515,-29.12,-29.12,17.56,318.39,-85.91,-161.05
52.41358,-1.556673,171.43,11.42,2,100.81,22 / 22,2341329,2019-09-06 18:55:08:011,0.7708,-0.378,9.8366,0.0072,-0.0167,9.8066,0.0668,-0.0306,0.0588,-28.81,-29.25,17.81,317.57,-85.93,-161.85
52.41343,-1.5551,169.49,12.79,2,94.28,22 / 22,2341429,2019-09-06 18:55:08:111,0.1457,0.0242,9.8628,0.0339,-0.0231,9.8065,-0.1357,0.0735,0.0081,-28.69,-29.56,17.94,318.53,-85.81,-160.78
52.41343,-1.5551,169.49,12.79,2,94.28,22 / 22,2341531,2019-09-06 18:55:08:213,0.0288,-1.2734,9.3282,-0.0007,-0.0006,9.8066,-0.0151,0.0282,0.0406,-28.25,-29.31,18.81,322.93,-85.69,-158.92
52.41343,-1.5551,169.49,12.79,2,94.28,22 / 22,2341630,2019-09-06 18:55:08:312,1.7013,0.537,9.6593,-0.0257,0.0019,9.8066,-0.1274,-0.0926,0.124,-29,-28.87,18.19,322.43,-85.9,-157.2
52.41343,-1.5551,169.49,12.79,2,94.28,22 / 22,2341728,2019-09-06 18:55:08:410,-0.1628,1.5598,10.1379,0.0031,-0.0204,9.8066,-0.1278,0.0989,-0.1314,-29.37,-28.5,18.38,326.27,-85.88,-153.62
52.41343,-1.5551,169.49,12.79,2,94.28,22 / 22,2341829,2019-09-06 18:55:08:511,0.2395,-0.4445,9.855,-0.0025,0.0017,9.8066,0.0753,0.0011,0.0733,-29.31,-28.81,17.94,325.42,-85.91,-154.37
52.41343,-1.5551,169.49,12.79,2,94.28,22 / 22,2341928,2019-09-06 18:55:08:610,1.0343,-0.9049,9.899,0.0035,-0.0141,9.8066,0.0796,-0.007,0.0492,-29.19,-28.25,17.5,325.8,-85.71,-153.97
52.41343,-1.5551,169.49,12.79,2,94.28,22 / 22,2342029,2019-09-06 18:55:08:711,0.7865,0.3441,9.5716,-0.0082,0.0001,9.8066,-0.0435,0.0444,-0.0451,-29.31,-28.62,17.69,327.01,-85.67,-152.74
52.41343,-1.5551,169.49,12.79,2,94.28,22 / 22,2342128,2019-09-06 18:55:08:810,-0.0694,0.1039,9.8511,-0.0151,0.0162,9.8065,-0.0038,-0.0222,0.1066,-28.87,-28.81,17.31,326.37,-85.86,-151.96
52.41343,-1.5551,169.49,12.79,2,94.28,22 / 22,2342229,2019-09-06 18:55:08:911,0.9266,-0.1188,9.6332,-0.0059,-0.0042,9.8066,0.0278,-0.022,-0.0205,-29.62,-29.06,17.13,328.1,-85.91,-149.55
52.41343,-1.5551,169.49,12.79,2,94.28,22 / 22,2342329,2019-09-06 18:55:09:011,0.9924,-1.1238,9.8373,-0.0118,0.0087,9.8066,-0.1058,0.0163,-0.0208,-29.81,-28.62,17.44,329.01,-86,-148.73
52.41343,-1.5551,169.49,12.79,2,94.28,22 / 22,2342429,2019-09-06 18:55:09:111,-0.3485,0.6415,9.5318,0.0089,0.0115,9.8066,-0.1127,0,-0.0067,-29.37,-28.94,17.75,328.87,-86.11,-151.19
52.41343,-1.5551,169.49,12.79,2,94.28,22 / 22,2342529,2019-09-06 18:55:09:211,0.5786,0.0685,9.4533,0.0059,0.0081,9.8066,0.0799,0.0434,-0.0354,-29.81,-28.75,17.25,325.31,-86.16,-152.33
52.41343,-1.5551,169.49,12.79,2,94.28,22 / 22,2342628,2019-09-06 18:55:09:310,0.0164,-0.1253,10.5945,0.0113,-0.0033,9.8066,0.129,0.0488,0.0434,-28.69,-29.25,17.56,326.02,-86.22,-153.95
52.41343,-1.5551,169.49,12.79,2,94.28,22 / 22,2342729,2019-09-06 18:55:09:411,-0.4766,0.1018,10.5884,0.0071,-0.0059,9.8066,0.1192,-0.011,0.018,-29.06,-28.62,17.31,323.19,-86.16,-155.15
52.41343,-1.5551,169.49,12.79,2,94.28,22 / 22,2342828,2019-09-06 18:55:09:510,0.7806,-0.9641,9.5555,0.027,-0.0059,9.8065,-0.0808,0.0485,-0.0271,-29.12,-29,16.88,321.95,-85.89,-156.17
52.41343,-1.5551,169.49,12.79,2,94.28,22 / 22,2342929,2019-09-06 18:55:09:611,0.807,-1.0594,9.5838,0.017,-0.0243,9.8066,-0.0199,0.0776,0.0839,-29.5,-29.06,17.44,322.52,-85.91,-155.64
52.41343,-1.5551,169.49,12.79,2,94.28,22 / 22,2343029,2019-09-06 18:55:09:711,0.1528,0.3233,9.9505,-0.0222,0.0056,9.8066,0.1224,0.0075,-0.0726,-29.37,-28.75,17.13,324.63,-86.1,-153.74
52.41343,-1.5551,169.49,12.79,2,94.28,22 / 22,2343129,2019-09-06 18:55:09:811,1.0311,0.2615,9.6803,-0.0052,0.0218,9.8066,-0.0846,0.0323,0.0092,-29.19,-29.31,16.44,321.71,-86.17,-155.04
52.41343,-1.5551,169.49,12.79,2,94.28,22 / 22,2343228,2019-09-06 18:55:09:910,1.0222,-0.4727,10.3142,-0.0225,0.0096,9.8065,0.1048,0.0238,0.0253,-29.69,-29.19,16.44,319.04,-86.19,-156.83
52.41343,-1.5551,169.49,12.79,2,94.28,22 / 22,2343329,2019-09-06 18:55:10:011,0.1768,-0.5388,10.3691,-0.0354,0.0157,9.8065,0.1568,-0.0177,-0.0205,-29.56,-28.87,16.38,320.34,-86.24,-155.63
52.41343,-1.5551,169.49,12.79,2,94.28,22 / 22,2343428,2019-09-06 18:55:10:110,0.6933,-0.9831,10.4267,0.0163,-0.0032,9.8066,0.0655,-0.0062,0.051,-29.75,-28.81,17.31,319.72,-85.96,-157.55
52.41343,-1.5551,169.49,12.79,2,94.28,22 / 22,2343529,2019-09-06 18:55:10:211,0.0877,0.1917,9.1892,0.0023,-0.0094,9.8066,0.0308,-0.0181,0.0186,-29.81,-29.5,16.75,320.06,-85.91,-157.19
52.41343,-1.5551,169.49,12.79,2,94.28,22 / 22,2343628,2019-09-06 18:55:10:310,0.2242,-1.2742,10.1255,-0.0333,0.004,9.8066,0.0043,0.0682,-0.1014,-29.25,-29.37,17.06,325.61,-86.03,-152.77
52.41343,-1.5551,169.49,12.79,2,94.28,22 / 22,2343729,2019-09-06 18:55:10:411,-0.1173,0.4194,9.9867,-0.0142,0.0176,9.8065,0.0374,-0.0065,0.046,-29.69,-28.87,16.44,323.15,-86.23,-152.93
52.41343,-1.5551,169.49,12.79,2,94.28,22 / 22,2343828,2019-09-06 18:55:10:510,0.7463,-0.3203,9.3215,0.0077,-0.0118,9.8066,-0.0562,0.0162,0.0236,-29.5,-28.69,16.06,324.36,-86.19,-152.52
52.41343,-1.5551,169.49,12.79,2,94.28,22 / 22,2343928,2019-09-06 18:55:10:610,-0.1912,-0.3411,9.2967,0.0075,-0.0061,9.8065,-0.0139,-0.0226,-0.0469,-29.12,-28.81,16.88,326.77,-86.11,-151.71
52.41343,-1.5551,169.49,12.79,2,94.28,22 / 22,2344029,2019-09-06 18:55:10:711,-0.2342,-0.0977,9.8467,-0.0224,0.034,9.8065,0.0138,0.0353,-0.0479,-29.56,-29.37,16.81,324.3,-86.46,-153.45
52.41343,-1.5551,169.49,12.79,2,94.28,22 / 22,2344128,2019-09-06 18:55:10:810,0.9094,0.7887,9.3228,-0.002,0.0221,9.8066,-0.0203,0.0683,-0.0349,-28.69,-28.94,15.94,320.29,-86.62,-156.66
52.41343,-1.5551,169.49,12.79,2,94.28,22 / 22,2344229,2019-09-06 18:55:10:911,-0.4005,-0.8305,10.2627,0.0138,0.0247,9.8065,0.0504,0.0645,-0.1586,-28.81,-29.56,15.44,311.05,-86.7,-163.96
52.41343,-1.5551,169.49,12.79,2,94.28,22 / 22,2344330,2019-09-06 18:55:11:012,-0.5128,0.7986,10.0133,0.0345,-0.015,9.8065,-0.008,0.0549,-0.002,-29.19,-29.62,15.88,307.25,-86.55,-169.1
52.41343,-1.5551,169.49,12.79,2,94.28,22 / 22,2344428,2019-09-06 18:55:11:110,-1.4573,0.8633,9.5174,-0.0283,0.0024,9.8065,0.1251,0.0287,0.0185,-28.94,-29.69,16.5,312.09,-86.5,-165.92
52.41343,-1.5551,169.49,12.79,2,94.28,22 / 22,2344529,2019-09-06 18:55:11:211,0.4866,-0.3624,9.6248,-0.0289,0.0049,9.8065,0.0032,-0.0657,0.0359,-29.12,-29.12,15.69,311.44,-86.47,-165.08
52.41343,-1.5551,169.49,12.79,2,94.28,22 / 22,2344628,2019-09-06 18:55:11:310,-0.8458,0.0604,9.8808,0.01,-0.0049,9.8065,-0.0922,0.019,0.0012,-28.81,-29.06,15.94,314.36,-86.37,-162.2
52.41343,-1.5551,169.49,12.79,2,94.28,22 / 22,2344729,2019-09-06 18:55:11:411,-0.5471,0.0635,9.5161,0.0185,-0.0112,9.8066,0.2179,0.0931,0.0288,-28.87,-28.69,16.19,314.08,-86.39,-162.48
52.41343,-1.5551,169.49,12.79,2,94.28,22 / 22,2344828,2019-09-06 18:55:11:510,-0.7352,0.595,10.1303,-0.0208,0.0031,9.8066,0.1296,0.0209,0.0069,-29.25,-28.87,16.25,315,-86.18,-161.46
52.41343,-1.5551,169.49,12.79,2,94.28,22 / 22,2344929,2019-09-06 18:55:11:611,0.3133,0.8299,10.2555,-0.008,0.0094,9.8066,0.0528,0.0571,-0.0166,-29.75,-28.31,16.13,314.21,-86.07,-161.47
52.41343,-1.5551,169.49,12.79,2,94.28,22 / 22,2345029,2019-09-06 18:55:11:711,0.6743,1.3093,11.0636,0.0356,-0.0267,9.8065,-0.0144,0.0124,-0.0159,-29.19,-29.12,15.75,313.64,-85.7,-162.44
52.41343,-1.5551,169.49,12.79,2,94.28,22 / 22,2345128,2019-09-06 18:55:11:810,0.5342,-0.9632,9.4702,0.0027,0.0016,9.8066,0.0672,-0.0276,0.0028,-29.06,-29.44,16.44,314.53,-85.72,-161.61
52.41343,-1.5551,169.49,12.79,2,94.28,22 / 22,2345229,2019-09-06 18:55:11:911,-1.0773,1.4026,9.2915,-0.031,0.0232,9.8065,-0.1161,0.039,0.0402,-29.06,-28.81,16.13,313.92,-85.94,-162.34
52.41343,-1.5551,169.49,12.79,2,94.28,22 / 22,2345328,2019-09-06 18:55:12:010,-0.6898,1.0928,9.5413,-0.0488,-0.014,9.8064,-0.0947,0.1346,-0.0686,-28.75,-28.87,16.25,318.81,-86.08,-157.74
52.41343,-1.5551,169.49,12.79,2,94.28,22 / 22,2345428,2019-09-06 18:55:12:110,-0.5612,-0.309,9.5522,-0.0148,0.0354,9.8065,0.2048,0.136,-0.0838,-28.44,-28.81,15.88,316.73,-86.15,-160.57
52.41343,-1.5551,169.49,12.79,2,94.28,22 / 22,2345529,2019-09-06 18:55:12:211,-0.6746,1.4933,10.0573,-0.0177,0.0113,9.8065,0.0946,0.1036,-0.0645,-28.87,-29.19,15.81,311.61,-86.35,-164.83
52.41343,-1.5551,169.49,12.79,2,94.28,22 / 22,2345629,2019-09-06 18:55:12:311,-0.6728,0.8792,9.8036,0.0202,0.0148,9.8066,-0.1052,0.0526,-0.0451,-29.12,-29.31,15.06,303.61,-86.29,-170.94
52.41343,-1.5551,169.49,12.79,2,94.28,22 / 22,2345729,2019-09-06 18:55:12:411,-0.9069,1.0488,10.3566,0.0132,0.0042,9.8066,-0.0798,0.0344,-0.0069,-29.12,-29.87,15.5,302.51,-86.29,-173.48
52.41343,-1.5551,169.49,12.79,2,94.28,22 / 22,2345829,2019-09-06 18:55:12:511,-0.4647,0.0577,10.0274,-0.0001,-0.0031,9.8066,0.0829,-0.0204,-0.0139,-28.94,-29.25,15.44,300.11,-86.26,-174.31
52.41343,-1.5551,169.49,12.79,2,94.28,22 / 22,2345928,2019-09-06 18:55:12:610,-0.0595,0.2455,9.7835,0.0008,-0.0062,9.8066,-0.0289,0.0474,-0.0859,-28.56,-30.25,15.25,300.04,-86.16,-174.19
52.41343,-1.5551,169.49,12.79,2,94.28,22 / 22,2346029,2019-09-06 18:55:12:711,-0.1651,0.1267,9.6767,0.0029,-0.0182,9.8066,0.0416,0.0505,0.0968,-28.56,-31.31,15,299.83,-86.27,-174.4
52.41343,-1.5551,169.49,12.79,2,94.28,22 / 22,2346128,2019-09-06 18:55:12:810,0.0672,0.275,10.2031,-0.0186,-0.0203,9.8066,0.0604,0.0397,-0.0133,-29.19,-31.25,14.94,304.91,-86.29,-169.49
52.41343,-1.5551,169.49,12.79,2,94.28,22 / 22,2346229,2019-09-06 18:55:12:911,-0.3072,0.2504,8.9794,0.0096,-0.0121,9.8066,-0.1221,0.037,0.0741,-28.75,-30.37,14.94,308.27,-86.4,-166.43
52.41343,-1.5551,169.49,12.79,2,94.28,22 / 22,2346329,2019-09-06 18:55:13:011,0.2221,0.0394,9.6214,0.0169,-0.0214,9.8065,-0.0776,0.032,0.014,-29.19,-29.81,14.44,309.62,-86.48,-163.57
52.41343,-1.5551,169.49,12.79,2,94.28,22 / 22,2346428,2019-09-06 18:55:13:110,-0.1923,-0.3977,10.448,0,-0.0054,9.8066,0.009,0.0287,0.0169,-28.94,-29.19,15.25,314.29,-86.51,-160.79
52.41343,-1.5551,169.49,12.79,2,94.28,22 / 22,2346528,2019-09-06 18:55:13:210,-0.8155,-0.418,10.0424,0.0106,-0.0032,9.8066,0.0042,0.0116,0.0079,-28.62,-28.37,15.44,312.5,-86.34,-162.48
52.41343,-1.5551,169.49,12.79,2,94.28,22 / 22,2346629,2019-09-06 18:55:13:311,-0.0185,-0.5236,9.9788,-0.0013,0.0086,9.8066,0.0766,0.0651,-0.0594,-28.87,-28.94,14.88,309.75,-86.08,-164.85
52.41343,-1.5551,169.49,12.79,2,94.28,22 / 22,2346728,2019-09-06 18:55:13:410,1.0451,1.5118,9.746,-0.0347,0.0363,9.8064,-0.0038,0.0952,-0.0064,-28.87,-28.62,14.69,306.15,-86.18,-168.39
52.41343,-1.5551,169.49,12.79,2,94.28,22 / 22,2346829,2019-09-06 18:55:13:511,-0.5432,0.7225,10.9572,-0.0135,-0.0051,9.8066,0.181,0.0468,-0.0901,-28.44,-29.31,14.63,305.58,-86.07,-169.62
52.41343,-1.5551,169.49,12.79,2,94.28,22 / 22,2346928,2019-09-06 18:55:13:610,0.846,-0.5433,8.1063,-0.0847,0.0624,9.806,0.1229,-0.0116,0.0246,-28.62,-30.06,14.56,301.74,-86.21,-172.59
52.41343,-1.5551,169.49,12.79,2,94.28,22 / 22,2347029,2019-09-06 18:55:13:711,-0.2671,0.7286,9.089,-0.0288,-0.016,9.8065,0.1456,-0.0066,0.1429,-28.94,-29.5,14.44,303.8,-86.04,-168.95
52.41343,-1.5551,169.49,12.79,2,94.28,22 / 22,2347128,2019-09-06 18:55:13:810,-1.2332,-0.2606,9.1524,-0.0802,0.0055,9.8062,0.0815,0.0135,0.1129,-28.56,-28.81,14.31,311.19,-86.45,-162.12
52.41343,-1.5551,169.49,12.79,2,94.28,22 / 22,2347229,2019-09-06 18:55:13:911,-1.3316,5.4302,9.9487,0.0408,-0.0353,9.8064,-0.1672,0.2475,-0.1604,-28.87,-29.25,14.44,313.76,-86.35,-159.58
52.41343,-1.5551,169.49,12.79,2,94.28,22 / 22,2347329,2019-09-06 18:55:14:011,1.4512,-0.8197,9.5405,0.0586,-0.0715,9.8061,-0.1206,0.2056,-0.0329,-29.94,-29.06,14.94,314.32,-85.77,-159.55
52.41343,-1.5551,169.49,12.79,2,94.28,21 / 22,2347429,2019-09-06 18:55:14:111,0.548,-1.9253,9.0183,-0.016,0.0172,9.8065,-0.2285,0.1242,-0.1704,-29.37,-29.12,14.88,315.52,-85.35,-158.84
52.41343,-1.5551,169.49,12.79,2,94.28,21 / 22,2347528,2019-09-06 18:55:14:210,-1.2703,0.3514,9.4273,-0.0031,0.0291,9.8066,-0.1554,0.0289,-0.0269,-28.94,-28.81,14.81,314.19,-85.95,-160.5
52.41343,-1.5551,169.49,12.79,2,94.28,21 / 22,2347629,2019-09-06 18:55:14:311,-1.546,1.6425,9.9899,-0.052,0.0358,9.8064,0.0283,0.0416,-0.0335,-29.31,-29.25,14.19,314.16,-86.53,-159.31
52.41343,-1.5551,169.49,12.79,2,94.28,21 / 22,2347728,2019-09-06 18:55:14:410,-0.8725,0.6371,10.246,-0.0146,0.0224,9.8066,0.0111,-0.028,-0.0085,-29.62,-29.31,14.13,310.58,-86.48,-162.04
52.41343,-1.5551,169.49,12.79,2,94.28,21 / 22,2347829,2019-09-06 18:55:14:511,-0.1836,0.4868,10.4444,0.0055,0.0067,9.8066,0.2473,-0.013,-0.0193,-28.81,-29,14.44,307.4,-85.96,-165.41
52.41343,-1.5551,169.49,12.79,2,94.28,21 / 22,2347928,2019-09-06 18:55:14:610,1.8225,-0.4518,10.1743,-0.028,0.018,9.8065,0.2079,0.0208,0.024,-29.12,-29.37,14.81,307.23,-85.63,-166.95
52.41343,-1.5551,169.49,12.79,2,94.28,21 / 22,2348028,2019-09-06 18:55:14:710,-0.1881,-0.991,10.2423,0.0184,-0.0063,9.8066,-0.0286,0.0559,-0.0657,-29.25,-29.06,14.94,306.89,-85.47,-167.15
52.41343,-1.5551,169.49,12.79,2,94.28,21 / 22,2348129,2019-09-06 18:55:14:811,0.1367,0.8934,9.474,-0.0095,0.0221,9.8065,-0.022,0.04,0.0139,-28.94,-29.5,14.5,304.94,-85.73,-169.22
52.41343,-1.5551,169.49,12.79,2,94.28,21 / 22,2348228,2019-09-06 18:55:14:910,0.2032,0.0077,9.0913,-0.0162,0.0124,9.8066,-0.0239,0.0179,-0.0401,-28.75,-29.69,14.06,302.59,-86.11,-170.06
52.41343,-1.5551,169.49,12.79,2,94.28,21 / 22,2348329,2019-09-06 18:55:15:011,0.1416,-0.1668,9.098,-0.0294,0.0066,9.8066,-0.1578,-0.0264,0.0561,-29.12,-29.62,13.75,303.23,-86.31,-169.61
52.41343,-1.5551,169.49,12.79,2,94.28,21 / 21,2348429,2019-09-06 18:55:15:111,-0.3093,-0.1975,10.0777,0.0115,-0.0138,9.8066,-0.0734,-0.0268,-0.0345,-29.37,-29.81,13.31,302.55,-86.35,-168.63
52.41343,-1.5551,169.49,12.79,2,94.28,21 / 21,2348529,2019-09-06 18:55:15:211,0.0472,0.4111,10.6011,0.0055,0.0066,9.8065,0.0191,-0.0084,-0.0158,-29.12,-29.5,13.88,303.74,-86.45,-169.31
52.41343,-1.5551,169.49,12.79,2,94.28,21 / 21,2348628,2019-09-06 18:55:15:310,0.477,0.1887,11.1614,0.0499,-0.0232,9.8065,-0.0359,-0.0099,0.065,-29.12,-30.06,13.69,303.23,-86.34,-169.63
52.41343,-1.5551,169.49,12.79,2,94.28,21 / 21,2348728,2019-09-06 18:55:15:410,-0.239,0.101,10.0006,0.0537,-0.0372,9.8064,-0.1179,-0.0739,0.0368,-29.5,-29.12,14.31,303.49,-85.8,-169.04
52.41343,-1.5551,169.49,12.79,2,94.28,21 / 21,2348828,2019-09-06 18:55:15:510,0.3663,-0.6656,9.4475,-0.0486,0.0251,9.8064,0.1037,0.0013,0.0501,-29.31,-29.75,14.31,306.57,-85.99,-166.13
52.41343,-1.5551,169.49,12.79,2,94.28,21 / 21,2348928,2019-09-06 18:55:15:610,0.555,-0.6345,9.715,-0.0198,-0.0159,9.8065,0.0912,0.0196,0.068,-29.5,-29.25,14.06,309.07,-85.94,-163.79
52.41343,-1.5551,169.49,12.79,2,94.28,21 / 21,2349028,2019-09-06 18:55:15:710,0.0453,1.6791,9.5637,-0.0041,-0.0123,9.8066,-0.1345,0.0757,-0.089,-29.5,-29.69,14.44,311.78,-85.86,-161.03
52.41343,-1.5551,169.49,12.79,2,94.28,21 / 21,2349129,2019-09-06 18:55:15:811,-0.2181,-0.235,9.5869,0.0118,-0.0003,9.8066,-0.132,0.0211,0.0973,-29.31,-29.81,14.06,311.25,-85.82,-161.51
52.41343,-1.5551,169.49,12.79,2,94.28,21 / 21,2349230,2019-09-06 18:55:15:912,1.6486,0.1445,8.4886,-0.0259,0.0037,9.8065,0.0149,-0.0001,0.0223,-29.19,-29.75,14.13,310.99,-85.76,-161.71
52.41343,-1.5551,169.49,12.79,2,94.28,21 / 21,2349329,2019-09-06 18:55:16:011,1.4194,-0.8267,9.4444,-0.0116,-0.0086,9.8066,-0.0367,-0.0414,-0.0648,-29.87,-29.19,13.94,314.49,-85.89,-157.88
52.41343,-1.5551,169.49,12.79,2,94.28,22 / 22,2349429,2019-09-06 18:55:16:111,-0.6128,-0.4167,10.6651,-0.0027,-0.0023,9.8066,-0.0054,0.0406,-0.0302,-29.56,-29.44,13.75,314.47,-86.12,-158.05
52.41343,-1.5551,169.49,12.79,2,94.28,22 / 22,2349529,2019-09-06 18:55:16:211,-0.8386,0.8156,9.7271,0.0393,0.0016,9.8065,0.1277,0.0876,-0.0109,-29.62,-28.94,14,311.18,-85.84,-161.02
52.41343,-1.5551,169.49,12.79,2,94.28,22 / 22,2349629,2019-09-06 18:55:16:311,1.8467,0.3974,9.0601,0.0549,-0.025,9.8064,0.0799,0.048,-0.0767,-29.5,-29.19,13.63,309.24,-85.43,-163.25
52.41343,-1.5551,169.49,12.79,2,94.28,22 / 22,2349729,2019-09-06 18:55:16:411,-0.0109,-0.8282,9.6115,-0.0119,0.0041,9.8066,-0.0272,-0.0539,0.0142,-29.37,-29.81,13.94,307.64,-85.35,-164.6
52.41343,-1.5551,169.49,12.79,2,94.28,22 / 22,2349828,2019-09-06 18:55:16:510,-0.2204,0.3987,9.5437,-0.01,0.011,9.8066,-0.0097,0.0399,-0.0103,-29.31,-29.19,13.5,307.49,-85.68,-165.11
52.41343,-1.5551,169.49,12.79,2,94.28,22 / 22,2349928,2019-09-06 18:55:16:610,0.0338,0.2742,9.0014,0.0112,0.0098,9.8066,-0.0285,0.0598,-0.0404,-29.25,-29.19,13.5,306.2,-85.82,-166.45
52.41343,-1.5551,169.49,12.79,2,94.28,22 / 22,2350028,2019-09-06 18:55:16:710,0.3271,0.3157,10.218,0.0462,-0.0117,9.8065,0.0208,0.0898,-0.0692,-29.19,-29.69,13.31,303.42,-85.72,-167.27
52.41343,-1.5551,169.49,12.79,2,94.28,22 / 22,2350129,2019-09-06 18:55:16:811,-0.4323,0.7041,9.9497,-0.0006,0.0101,9.8066,-0.0174,-0.0039,-0.0268,-29.5,-29.62,13.5,302.93,-85.81,-169.49
52.41343,-1.5551,169.49,12.79,2,94.28,22 / 22,2350228,2019-09-06 18:55:16:910,0.9115,-0.1804,9.68,-0.0119,0.0111,9.8066,-0.0281,0.0745,0.0106,-29.19,-29.5,13.44,300.46,-85.83,-170.33
52.41343,-1.5551,169.49,12.79,2,94.28,22 / 22,2350329,2019-09-06 18:55:17:011,-0.5097,-0.4547,10.1988,0.008,0.0089,9.8065,-0.0674,0.0878,-0.0392,-28.69,-29.81,13.31,301.2,-85.85,-169.52
52.41346,-1.553397,167.15,13.24,2,80.92,21 / 22,2350428,2019-09-06 18:55:17:110,0.109,-0.3188,9.7571,0.0148,-0.0094,9.8066,0.0067,0.1056,0.0259,-29.06,-29.5,12.88,299.77,-86.03,-171.16
52.41346,-1.553397,167.15,13.24,2,80.92,21 / 22,2350528,2019-09-06 18:55:17:210,-0.2375,-0.5489,10.1886,0.0401,-0.0166,9.8065,-0.1937,-0.0054,0.0101,-28.56,-29.5,13.44,301.38,-85.83,-169.44
52.41346,-1.553397,167.15,13.24,2,80.92,21 / 22,2350628,2019-09-06 18:55:17:310,0.0468,-0.2114,9.5509,-0.0057,0.0036,9.8066,0.0272,0.0674,0.0747,-28.87,-29.56,13.19,303.41,-85.94,-167.47
52.41346,-1.553397,167.15,13.24,2,80.92,21 / 22,2350730,2019-09-06 18:55:17:412,0.2666,-1.2443,9.968,-0.0016,-0.0236,9.8066,-0.0423,0.1241,-0.0294,-29.69,-30.31,12.44,302.83,-85.86,-165.67
52.41346,-1.553397,167.15,13.24,2,80.92,21 / 22,2350828,2019-09-06 18:55:17:510,-0.9093,-0.04,10.0213,-0.0237,-0.0048,9.8065,0.1262,0.0326,0.002,-29.12,-29.12,13.25,309,-85.77,-162.07
52.41346,-1.553397,167.15,13.24,2,80.92,21 / 22,2350929,2019-09-06 18:55:17:611,0.6643,0.0851,10.2142,-0.06,0.0212,9.8064,-0.1137,0.0042,0.0471,-29.44,-29.12,13.31,309.72,-85.84,-161.43
52.41346,-1.553397,167.15,13.24,2,80.92,21 / 22,2351028,2019-09-06 18:55:17:710,1.4984,-0.1442,10.6108,0.0548,-0.0157,9.8065,-0.1268,0.0472,-0.0386,-29.06,-29.5,12.44,309.14,-85.95,-160.37
52.41346,-1.553397,167.15,13.24,2,80.92,21 / 22,2351129,2019-09-06 18:55:17:811,-1.2565,0.2819,10.9327,0.0286,-0.0021,9.8065,-0.0708,-0.0483,0.0285,-28.81,-29.56,13,308.68,-85.82,-162.31
52.41346,-1.553397,167.15,13.24,2,80.92,21 / 22,2351228,2019-09-06 18:55:17:910,0.1283,-2.0252,10.0085,-0.0271,0.0171,9.8066,0.2402,-0.0743,0.1079,-29.25,-29.56,13.13,308.44,-85.94,-162.63
52.41346,-1.553397,167.15,13.24,2,80.92,21 / 22,2351329,2019-09-06 18:55:18:011,0.5543,-0.5202,10.8423,-0.0354,0.0127,9.8065,0.1379,-0.0099,-0.0262,-28.75,-29.62,13.06,308.32,-85.83,-162.66
52.41346,-1.553397,167.15,13.24,2,80.92,21 / 22,2351428,2019-09-06 18:55:18:110,-0.0397,-1.9267,11.3506,0.0118,-0.0005,9.8066,0.2447,0.0406,-0.1032,-29.44,-29.62,12.69,305.85,-85.55,-164.8
52.41346,-1.553397,167.15,13.24,2,80.92,21 / 22,2351529,2019-09-06 18:55:18:211,0.7017,-0.7609,10.0143,-0.0413,0.0341,9.8064,-0.1079,-0.0005,0.0555,-29.44,-29.81,13.25,301.47,-85.5,-168.96
52.41346,-1.553397,167.15,13.24,2,80.92,21 / 22,2351628,2019-09-06 18:55:18:310,0.8537,0.2507,10.4748,0.0082,-0.0117,9.8065,-0.0346,0.1097,-0.0806,-28.5,-30.12,13.06,300.4,-85.32,-170.49
52.41346,-1.553397,167.15,13.24,2,80.92,21 / 22,2351729,2019-09-06 18:55:18:411,0.4519,1.2099,9.4164,0.0026,-0.0108,9.8066,-0.2442,0.0977,-0.07,-28.44,-29.62,12.69,300.49,-85.46,-170.53
52.41346,-1.553397,167.15,13.24,2,80.92,21 / 22,2351828,2019-09-06 18:55:18:510,-0.0564,0.5173,9.1875,-0.0569,0.0033,9.8064,0.0748,0.0953,-0.0077,-29.06,-29.81,12.88,300.25,-85.62,-170.24
52.41346,-1.553397,167.15,13.24,2,80.92,21 / 22,2351928,2019-09-06 18:55:18:610,1.0991,-0.7126,7.8218,-0.028,-0.0168,9.8065,-0.2855,-0.0373,0.0209,-28.81,-29.87,12.25,304.94,-85.87,-164.23
52.41346,-1.553397,167.15,13.24,2,80.92,21 / 22,2352029,2019-09-06 18:55:18:711,0.1869,0.2694,9.5301,-0.0392,0.0247,9.8065,0.1318,0.0029,0.0037,-28.5,-29.5,12.81,308.45,-86.32,-163.69
52.41346,-1.553397,167.15,13.24,2,80.92,21 / 22,2352129,2019-09-06 18:55:18:811,0.5846,0.4666,9.5907,-0.0282,0.0007,9.8065,0.0682,0.0467,0.0022,-28.75,-29.37,11.88,307.46,-86.36,-162.3
52.41346,-1.553397,167.15,13.24,2,80.92,21 / 22,2352229,2019-09-06 18:55:18:911,-2.7699,-1.8885,10.1006,0.011,-0.0318,9.8065,-0.2488,0.1202,-0.0401,-28.56,-29.12,11.94,309.44,-86.1,-160.18
52.41346,-1.553397,167.15,13.24,2,80.92,21 / 22,2352329,2019-09-06 18:55:19:011,-1.9713,1.7766,9.4689,-0.0075,-0.0214,9.8066,0.2499,0.173,-0.0503,-29.56,-29.06,12.31,307.33,-86.18,-161.67
52.41346,-1.553397,167.15,13.24,2,80.92,22 / 22,2352428,2019-09-06 18:55:19:110,-1.3474,-1.0292,9.8888,-0.0667,-0.0161,9.8064,-0.0437,0.2047,-0.0241,-29.44,-29.31,12.19,311.57,-86.21,-158.23
52.41346,-1.553397,167.15,13.24,2,80.92,22 / 22,2352529,2019-09-06 18:55:19:211,1.0259,-0.2352,10.7903,-0.0191,-0.016,9.8066,0.1841,0.0494,-0.0145,-29.44,-29.31,12.25,310,-86.06,-159.62
52.41346,-1.553397,167.15,13.24,2,80.92,22 / 22,2352628,2019-09-06 18:55:19:310,0.6467,-1.0048,9.9615,-0.0353,0.0104,9.8065,0.1999,-0.0213,-0.0545,-29.44,-29.87,11.69,313.28,-86.03,-156.36
52.41346,-1.553397,167.15,13.24,2,80.92,22 / 22,2352730,2019-09-06 18:55:19:412,0.2029,-0.6015,10.6586,0.0304,-0.0102,9.8065,-0.0321,0.0286,-0.0012,-29.56,-29.19,11.69,310.75,-85.84,-158.14
52.41346,-1.553397,167.15,13.24,2,80.92,22 / 22,2352828,2019-09-06 18:55:19:510,0.303,-0.8967,9.8502,-0.0028,0.0014,9.8066,0.0025,0.0006,0.0173,-29.37,-29.12,12.69,312.81,-85.88,-158.5
52.41346,-1.553397,167.15,13.24,2,80.92,22 / 22,2352929,2019-09-06 18:55:19:611,0.471,0.0884,9.3781,0.0224,0.0109,9.8065,-0.0659,-0.0328,-0.0196,-29.56,-29.12,12.44,307.93,-85.8,-160.81
52.41346,-1.553397,167.15,13.24,2,80.92,22 / 22,2353029,2019-09-06 18:55:19:711,-0.1089,1.0937,10.0967,0.0255,0.002,9.8066,-0.1705,0.0066,-0.076,-29.94,-29.31,12.56,308.82,-85.82,-161.64
52.41346,-1.553397,167.15,13.24,2,80.92,22 / 22,2353129,2019-09-06 18:55:19:811,-0.2289,-0.586,9.7745,0.0182,0.01,9.8066,-0.0644,0.0306,0.0046,-29.31,-29.44,12.13,307.8,-86.02,-161.7
52.41346,-1.553397,167.15,13.24,2,80.92,22 / 22,2353228,2019-09-06 18:55:19:910,-0.5673,-0.1527,9.5734,0.0258,-0.0032,9.8066,-0.1605,-0.0076,0.0654,-28.81,-29.37,11.5,304.34,-86.05,-165.05
52.41346,-1.553397,167.15,13.24,2,80.92,22 / 22,2353328,2019-09-06 18:55:20:010,0.98,0.2357,9.8779,-0.0504,0.0138,9.8065,0.1865,-0.0114,-0.003,-29.06,-29.25,11.56,307.74,-86.23,-161.93
52.41346,-1.553397,167.15,13.24,2,80.92,22 / 22,2353429,2019-09-06 18:55:20:111,-0.0204,-0.253,10.249,-0.0153,-0.0067,9.8066,0.1589,0.0139,-0.0016,-29.44,-29,12.31,308.87,-86.05,-160.7
52.41346,-1.553397,167.15,13.24,2,80.92,22 / 22,2353529,2019-09-06 18:55:20:211,0.8025,-0.86,11.0804,0.054,-0.0294,9.8064,-0.0193,-0.0342,0.0411,-29,-29.69,12.06,307.84,-85.55,-161.18
52.41346,-1.553397,167.15,13.24,2,80.92,22 / 22,2353628,2019-09-06 18:55:20:310,0.2105,-0.2112,9.2791,0.0237,0.0037,9.8066,0.0393,0.0154,0.0513,-29.69,-29.25,12,307.02,-85.53,-161.49
52.41346,-1.553397,167.15,13.24,2,80.92,22 / 22,2353729,2019-09-06 18:55:20:411,0.227,-0.9504,9.2479,-0.0291,0.0046,9.8065,-0.0987,0.0583,-0.062,-29.19,-29.12,11.31,306.37,-85.64,-161.04
52.41346,-1.553397,167.15,13.24,2,80.92,22 / 22,2353829,2019-09-06 18:55:20:511,-0.6535,-0.762,10.329,-0.0232,-0.0078,9.8066,-0.0918,-0.0089,-0.0182,-29.87,-29.44,11.25,309.77,-86.02,-157.51
52.41346,-1.553397,167.15,13.24,2,80.92,22 / 22,2353929,2019-09-06 18:55:20:611,-0.2153,0.3421,9.8546,0.0082,-0.0079,9.8066,0.0972,0.0202,0.0168,-29.19,-29.06,11.81,313.87,-85.99,-155.87
52.41346,-1.553397,167.15,13.24,2,80.92,22 / 22,2354029,2019-09-06 18:55:20:711,0.1964,0.0501,10.1613,0.0095,0.0005,9.8066,0.0826,0.0106,0.0325,-30,-29.06,12.13,312.53,-85.88,-156.47
52.41346,-1.553397,167.15,13.24,2,80.92,22 / 22,2354128,2019-09-06 18:55:20:810,0.2204,0.8197,10.6496,0.0264,-0.0161,9.8065,-0.0332,0.0315,-0.0655,-29.69,-29.25,12,311.53,-85.54,-157.18
52.41346,-1.553397,167.15,13.24,2,80.92,22 / 22,2354229,2019-09-06 18:55:20:911,-1.074,-1.4454,10.9108,-0.0019,0.0092,9.8066,0.0681,-0.1059,0.0804,-29.56,-28.94,11.88,311.59,-85.65,-157.2
52.41346,-1.553397,167.15,13.24,2,80.92,22 / 22,2354328,2019-09-06 18:55:21:010,1.0292,0.9823,10.5298,0.0364,0.0019,9.8065,0.0382,-0.0064,0.1011,-30,-28.5,12.19,312.29,-85.56,-156.58
52.41346,-1.553397,167.15,13.24,2,80.92,22 / 22,2354429,2019-09-06 18:55:21:111,1.3519,0.5579,8.7667,0.012,-0.0188,9.8066,0.2025,0.0659,-0.0029,-30.06,-29,11.81,312.29,-85.51,-156.44
52.41346,-1.553397,167.15,13.24,2,80.92,22 / 22,2354528,2019-09-06 18:55:21:210,0.7192,-0.575,8.8858,0.0207,0.0082,9.8066,-0.1882,-0.001,-0.0664,-29.62,-29.06,11.69,310.1,-85.56,-158.57
52.41346,-1.553397,167.15,13.24,2,80.92,22 / 22,2354629,2019-09-06 18:55:21:311,0.8739,0.4946,9.5147,0.0271,0.0101,9.8065,-0.0136,0.0999,-0.0758,-29.62,-29.25,11.38,306.34,-85.72,-160.59
52.41346,-1.553397,167.15,13.24,2,80.92,22 / 22,2354729,2019-09-06 18:55:21:411,1.5362,0.1239,10.0239,0.0143,-0.0018,9.8066,0.0773,0.0946,-0.0419,-29.5,-29.44,11.25,302.84,-85.76,-164.52
52.41346,-1.553397,167.15,13.24,2,80.92,22 / 22,2354828,2019-09-06 18:55:21:510,0.6563,-0.1495,10.047,0.0158,-0.002,9.8066,0.0279,0.0323,0.0326,-29.19,-29.12,11,301.85,-85.77,-165.48
52.41346,-1.553397,167.15,13.24,2,80.92,22 / 22,2354929,2019-09-06 18:55:21:611,0.0966,0.7835,10.3974,0.0049,-0.0018,9.8066,-0.0482,-0.0047,0.0327,-29.31,-28.94,10.88,302.88,-85.78,-164.5
52.41346,-1.553397,167.15,13.24,2,80.92,22 / 22,2355029,2019-09-06 18:55:21:711,-0.3821,-0.0108,9.9858,0.0102,-0.0124,9.8066,0.0249,-0.0072,0.0178,-29.56,-28.81,11.06,303.74,-85.72,-163.08
52.41346,-1.553397,167.15,13.24,2,80.92,22 / 22,2355129,2019-09-06 18:55:21:811,-0.0532,-0.311,9.6205,0.0055,-0.0129,9.8066,-0.0294,0.0211,-0.0259,-29.69,-28.69,11.69,307.05,-85.58,-161.5
52.41346,-1.553397,167.15,13.24,2,80.92,22 / 22,2355228,2019-09-06 18:55:21:910,-0.9353,0.3372,9.6936,-0.0208,0.0061,9.8066,-0.0269,0.0803,0.0232,-29.94,-28.25,10.75,306.79,-85.8,-160.32
52.41346,-1.553397,167.15,13.24,2,80.92,22 / 22,2355329,2019-09-06 18:55:22:011,0.7395,0.7256,9.5677,0.0731,0.0047,9.8063,-0.2948,0.0172,-0.0642,-29.94,-28.69,10.88,305.48,-85.9,-161.56
52.41346,-1.553397,167.15,13.24,2,80.92,21 / 21,2355429,2019-09-06 18:55:22:111,-4.1872,0.798,10.8596,0.114,-0.0362,9.8058,-0.1895,-0.1132,0.0627,-29.19,-28.06,10.25,302.42,-85.85,-163.34
52.41346,-1.553397,167.15,13.24,2,80.92,21 / 21,2355528,2019-09-06 18:55:22:210,-3.0448,0.0894,9.0507,-0.0487,0.0364,9.8064,0.0356,-0.1073,0.1797,-30,-28.56,11.31,303.77,-85.14,-162.6
52.41346,-1.553397,167.15,13.24,2,80.92,21 / 21,2355628,2019-09-06 18:55:22:310,0.1281,1.9746,9.4773,-0.0245,-0.028,9.8066,-0.2522,0.1991,0.022,-30.19,-28.69,12.13,305.49,-84.95,-162.5
52.41346,-1.553397,167.15,13.24,2,80.92,21 / 21,2355729,2019-09-06 18:55:22:411,0.303,0.1793,9.1647,-0.0974,-0.009,9.8061,0.0845,0.0251,-0.0831,-29.31,-28.81,11.5,312.49,-85.23,-156.63
52.41346,-1.553397,167.15,13.24,2,80.92,21 / 21,2355828,2019-09-06 18:55:22:510,-0.6969,-0.5882,8.914,-0.0623,0.0299,9.8064,-0.0437,-0.0029,-0.0663,-29.5,-28.75,10.94,312.7,-85.53,-154.91
52.41346,-1.553397,167.15,13.24,2,80.92,21 / 21,2355929,2019-09-06 18:55:22:611,1.2861,0.692,10.0559,0.0186,0.0033,9.8066,0.1188,-0.0214,0.0782,-29.69,-29.31,11.06,308.76,-85.63,-158.2
52.41346,-1.553397,167.15,13.24,2,80.92,21 / 21,2356029,2019-09-06 18:55:22:711,1.1865,0.2287,11.489,-0.005,0.0006,9.8066,0.1268,-0.0006,0.0176,-29.62,-29.25,11.06,307.79,-85.43,-158.98
52.41346,-1.553397,167.15,13.24,2,80.92,21 / 21,2356128,2019-09-06 18:55:22:810,1.4163,-0.1951,9.8995,0.0243,-0.013,9.8065,0.0866,-0.0322,-0.0442,-29.94,-29,10.88,305.27,-84.84,-160.93
52.41346,-1.553397,167.15,13.24,2,80.92,21 / 21,2356229,2019-09-06 18:55:22:911,0.816,-0.5543,10.3634,-0.0088,0.019,9.8066,0.1747,-0.0124,-0.1041,-31.44,-27.75,11.19,304.44,-84.93,-161.42
52.41346,-1.553397,167.15,13.24,2,80.92,21 / 21,2356328,2019-09-06 18:55:23:010,0.3423,-0.7061,10.2847,0.0045,-0.025,9.8066,-0.123,0.1244,0.0193,-31,-29.44,11.06,305.87,-85.15,-160.1
52.41346,-1.553397,167.15,13.24,2,80.92,20 / 21,2356429,2019-09-06 18:55:23:111,1.5328,0.53,10.5703,0.0128,0.0231,9.8065,0.2223,0.0312,0.0568,-29.5,-29.25,11.81,307.65,-85.2,-161.22
52.41346,-1.553397,167.15,13.24,2,80.92,20 / 21,2356528,2019-09-06 18:55:23:210,-0.4079,0.8168,10.0871,0.0262,-0.0135,9.8065,-0.0381,-0.0294,-0.0157,-30,-29.12,11.25,304.32,-84.62,-161.66
52.41346,-1.553397,167.15,13.24,2,80.92,20 / 21,2356629,2019-09-06 18:55:23:311,-0.7117,-1.3879,10.6712,0.0271,-0.0114,9.8066,0.0566,-0.1193,0.0532,-30,-29.87,11.88,305.39,-84.2,-161.87
52.41346,-1.553397,167.15,13.24,2,80.92,20 / 21,2356729,2019-09-06 18:55:23:411,-0.4673,-0.4175,9.5471,-0.0261,0.0168,9.8065,0.025,0.0236,0.0229,-30.19,-29.19,12.69,308.81,-84.19,-160.45
52.41346,-1.553397,167.15,13.24,2,80.92,20 / 21,2356828,2019-09-06 18:55:23:510,0.9643,-0.0552,9.4566,-0.0443,0.0152,9.8065,0.0808,0.1133,0.0209,-29.81,-29,11.63,307.42,-84.37,-160.23
52.41346,-1.553397,167.15,13.24,2,80.92,20 / 21,2356929,2019-09-06 18:55:23:611,0.0887,-0.1579,10.0809,-0.0029,-0.0047,9.8066,-0.0644,0.0404,-0.0646,-29.94,-29.12,11,305.96,-84.46,-159.96
52.41346,-1.553397,167.15,13.24,2,80.92,20 / 21,2357028,2019-09-06 18:55:23:710,0.2283,0.1584,10.2414,-0.0212,0.0077,9.8066,0.0242,0.0063,-0.0616,-29.75,-28.87,11.31,305.98,-84.6,-160.06
52.41346,-1.553397,167.15,13.24,2,80.92,20 / 21,2357129,2019-09-06 18:55:23:811,-0.2539,0.4579,10.2281,0.0274,-0.0023,9.8066,-0.02,-0.0209,0.0574,-30,-28.62,11.31,304.12,-84.46,-161.72
52.41346,-1.553397,167.15,13.24,2,80.92,20 / 21,2357229,2019-09-06 18:55:23:911,0.6805,-0.2575,10.2119,0.0109,-0.0055,9.8066,0.0047,0.0806,-0.0385,-29.25,-28.94,11.56,306.34,-84.39,-161.82
52.41346,-1.553397,167.15,13.24,2,80.92,20 / 21,2357328,2019-09-06 18:55:24:010,-0.2333,-0.6964,9.9864,0.007,-0.0108,9.8066,0.0172,0.0576,-0.0179,-30.06,-28.75,11.06,304.05,-84.26,-161.63
52.41346,-1.553397,167.15,13.24,2,80.92,21 / 22,2357429,2019-09-06 18:55:24:111,-0.0902,-0.8741,10.0417,-0.0071,0.0009,9.8066,0.0454,-0.0231,0.0304,-31.31,-28.19,11.31,303.95,-84.36,-161.47
52.41346,-1.553397,167.15,13.24,2,80.92,21 / 22,2357529,2019-09-06 18:55:24:211,-0.7735,0.7202,9.6134,-0.0048,-0.0068,9.8066,0.0408,-0.0068,-0.035,-31.62,-28.06,11,304,-84.5,-161.07
52.41346,-1.553397,167.15,13.24,2,80.92,21 / 22,2357628,2019-09-06 18:55:24:310,-1.7244,0.2923,10.0959,0.0116,0.0026,9.8066,-0.0093,-0.0751,0.0904,-31.31,-27.19,11.06,304.53,-84.4,-161.08
52.41346,-1.553397,167.15,13.24,2,80.92,21 / 22,2357728,2019-09-06 18:55:24:410,0.8621,-0.2875,9.6368,0.0147,-0.0125,9.8065,-0.0279,-0.0514,0.1137,-31.75,-27.87,11.44,305.39,-84.28,-159.58
52.41346,-1.553397,167.15,13.24,2,80.92,21 / 22,2357829,2019-09-06 18:55:24:511,-0.3115,-0.6682,9.6178,0.0016,-0.0217,9.8066,0.008,0.0838,-0.0786,-31.69,-27.75,11,307.04,-84.18,-157.93
52.41346,-1.553397,167.15,13.24,2,80.92,21 / 22,2357928,2019-09-06 18:55:24:610,-1.5519,-0.2571,10.0592,-0.0115,-0.0008,9.8066,0.0629,0.004,-0.059,-31.87,-27.81,10.63,307.77,-84.29,-157.31
52.41346,-1.553397,167.15,13.24,2,80.92,21 / 22,2358028,2019-09-06 18:55:24:710,0.7887,-0.3671,10.0356,-0.0043,0.0122,9.8066,0.1376,0.002,0,-30.19,-28.87,11.13,307.62,-84.33,-158.3
52.41346,-1.553397,167.15,13.24,2,80.92,21 / 22,2358129,2019-09-06 18:55:24:811,-1.1133,0.0257,10.5883,0.0158,-0.0104,9.8066,-0.044,0.0329,0.0199,-30.19,-29.31,10.63,307.57,-84.12,-158.18
52.41346,-1.553397,167.15,13.24,2,80.92,21 / 22,2358228,2019-09-06 18:55:24:910,0.0848,-0.5795,10.6751,0.0222,-0.0049,9.8065,0.024,0.0168,-0.0162,-29.62,-29.56,11,306.48,-83.97,-158.94
52.41346,-1.553397,167.15,13.24,2,80.92,21 / 22,2358329,2019-09-06 18:55:25:011,0.4363,-0.0151,10.3174,-0.0004,0.0002,9.8066,0.1631,0.0025,0.0002,-30.5,-29,11.06,304.88,-83.97,-160.6
52.41346,-1.553397,167.15,13.24,2,80.92,20 / 21,2358428,2019-09-06 18:55:25:110,0.6327,0.1969,9.3223,-0.017,0.0133,9.8066,0.0395,-0.0332,0.021,-30.56,-29.37,11.38,304.06,-83.92,-160.88
52.41346,-1.553397,167.15,13.24,2,80.92,20 / 21,2358529,2019-09-06 18:55:25:211,-1.7223,-0.0486,10.3399,-0.0227,0.0207,9.8066,0.1439,0.0039,-0.0691,-30.56,-29.25,12.13,304.66,-84.25,-162.23
52.41346,-1.553397,167.15,13.24,2,80.92,20 / 21,2358628,2019-09-06 18:55:25:310,-1.1208,1.0682,10.0157,-0.0556,0.027,9.8064,0.164,-0.0037,-0.0906,-29.69,-29.56,12.25,303.67,-84.4,-163.67
52.41346,-1.553397,167.15,13.24,2,80.92,20 / 21,2358729,2019-09-06 18:55:25:411,-0.0998,-0.0294,10.1377,0.0437,-0.0085,9.8065,-0.0217,0.0156,0.025,-29.5,-29.69,12.63,302.65,-84.01,-166.58
52.41346,-1.553397,167.15,13.24,2,80.92,20 / 21,2358829,2019-09-06 18:55:25:511,-1.5466,0.6309,9.4519,0.0433,-0.014,9.8065,-0.1908,0.0535,0.0129,-29.31,-29.31,12.44,300.46,-83.85,-166.96
52.41346,-1.553397,167.15,13.24,2,80.92,20 / 21,2358929,2019-09-06 18:55:25:611,0.6282,2.1464,9.3877,-0.0221,0.0104,9.8066,0.2399,0.1344,-0.0959,-28.69,-29.81,12.19,298.68,-83.76,-168.41
52.41346,-1.553397,167.15,13.24,2,80.92,20 / 21,2359028,2019-09-06 18:55:25:710,-0.6107,-1.3595,10.5564,-0.0178,-0.0055,9.8066,-0.1023,0.1873,-0.156,-29.25,-29.75,11.94,297.55,-83.83,-169.54
52.41346,-1.553397,167.15,13.24,2,80.92,20 / 21,2359129,2019-09-06 18:55:25:811,-1.0149,1.4902,9.9544,-0.0028,0.0294,9.8066,0.1848,0.0731,-0.1492,-28.37,-29.69,12.06,292.8,-83.97,-174.79
52.41346,-1.553397,167.15,13.24,2,80.92,20 / 21,2359228,2019-09-06 18:55:25:910,-0.1622,0.3642,9.756,0.0095,0.0289,9.8065,0.0847,0.0048,-0.1326,-28.19,-29.94,12.06,289.43,-83.84,-177.91
52.41346,-1.553397,167.15,13.24,2,80.92,20 / 21,2359329,2019-09-06 18:55:26:011,-0.4207,-0.665,9.1876,0.0039,0.0252,9.8065,-0.0349,-0.0352,0.0073,-28,-30.44,12.25,284.27,-83.89,177.01
52.413727,-1.551666,165.01,12.71,2,71.41,21 / 21,2359429,2019-09-06 18:55:26:111,-0.7415,0.3194,9.0864,-0.0015,0.013,9.8066,-0.1118,-0.0113,-0.0779,-27.69,-30.37,12.13,283.29,-83.97,175.97
52.413727,-1.551666,165.01,12.71,2,71.41,21 / 21,2359528,2019-09-06 18:55:26:210,-1.2132,-0.075,10.3161,-0.0086,0.0052,9.8066,-0.0502,-0.0088,-0.0054,-27.56,-31.44,11.13,278.98,-84.21,173.5
52.413727,-1.551666,165.01,12.71,2,71.41,21 / 21,2359629,2019-09-06 18:55:26:311,-0.7396,-1.0076,10.3474,0.0048,-0.0045,9.8066,-0.0131,0.011,-0.0948,-27.12,-32.62,13.06,282.74,-84.17,173.38
52.413727,-1.551666,165.01,12.71,2,71.41,21 / 21,2359729,2019-09-06 18:55:26:411,0.1997,0.1041,8.9486,-0.0051,0.0243,9.8066,0.0808,0.0102,0.0173,-27.19,-30.5,12.94,281.3,-84.15,171.41
52.413727,-1.551666,165.01,12.71,2,71.41,21 / 21,2359828,2019-09-06 18:55:26:510,-0.6775,-0.4636,9.8477,-0.0071,-0.0273,9.8066,-0.116,-0.0473,0.0616,-27.56,-30.69,13.06,281.37,-84.22,172.24
52.413727,-1.551666,165.01,12.71,2,71.41,21 / 21,2359929,2019-09-06 18:55:26:611,-0.3969,-0.5875,9.9828,-0.0103,0.0092,9.8066,-0.0263,-0.0034,-0.0456,-27.75,-30.44,12.56,283.94,-84.6,174.21
52.413727,-1.551666,165.01,12.71,2,71.41,21 / 21,2360028,2019-09-06 18:55:26:710,-0.1049,0.2692,9.8243,0.0126,-0.0124,9.8066,0.0602,-0.022,0.0367,-27.75,-29.87,12.38,281.36,-84.64,173.4
52.413727,-1.551666,165.01,12.71,2,71.41,21 / 21,2360128,2019-09-06 18:55:26:810,0.0656,-0.5381,9.9422,0.0022,-0.0233,9.8066,0.1036,-0.0168,0.0981,-28.12,-29.75,12.06,284.1,-84.67,176.07
52.413727,-1.551666,165.01,12.71,2,71.41,21 / 21,2360229,2019-09-06 18:55:26:911,-0.2987,-0.9482,10.3033,0.005,-0.0304,9.8065,-0.1272,0.0267,-0.0107,-28.19,-29.87,12.06,287.24,-84.77,179.05
52.413727,-1.551666,165.01,12.71,2,71.41,21 / 21,2360328,2019-09-06 18:55:27:010,-0.8623,-0.1473,9.5672,-0.0078,-0.0021,9.8065,0.0148,-0.0372,0.0566,-28.37,-29.37,11.5,290.69,-84.88,-177.86
52.413727,-1.551666,165.01,12.71,2,71.41,21 / 21,2360429,2019-09-06 18:55:27:111,-0.6353,0.0378,9.5631,-0.0032,-0.0244,9.8066,-0.0422,-0.0174,0.0781,-28.56,-28.94,11.63,293.74,-85,-174.41
52.413727,-1.551666,165.01,12.71,2,71.41,21 / 21,2360528,2019-09-06 18:55:27:210,-0.4893,0.0105,10.2928,-0.0254,-0.0209,9.8065,-0.0134,-0.0104,0.074,-29.31,-29.56,11.63,297.82,-85.06,-170.39
52.413727,-1.551666,165.01,12.71,2,71.41,21 / 21,2360628,2019-09-06 18:55:27:310,-0.5958,-0.2821,9.9249,0.0088,-0.0193,9.8065,0.0502,-0.0318,0.0293,-29.94,-29.06,11.94,301.7,-85,-166.18
52.413727,-1.551666,165.01,12.71,2,71.41,21 / 21,2360729,2019-09-06 18:55:27:411,-0.6127,-0.3287,10.2625,0.0175,-0.0095,9.8066,-0.0053,-0.0366,0.0222,-30.19,-29,11.44,300.37,-84.81,-165.59
52.413727,-1.551666,165.01,12.71,2,71.41,21 / 21,2360829,2019-09-06 18:55:27:511,-0.907,-0.1369,10.7252,0.0188,-0.002,9.8065,0.0461,0.0304,-0.0194,-30.25,-28.94,12.31,302.35,-84.68,-165.29
52.413727,-1.551666,165.01,12.71,2,71.41,21 / 21,2360928,2019-09-06 18:55:27:610,-0.5448,1.2063,9.9751,0.0146,0.0097,9.8066,-0.0401,0.031,0.0143,-30.75,-29,12.13,299.06,-84.41,-167.71
52.413727,-1.551666,165.01,12.71,2,71.41,21 / 21,2361029,2019-09-06 18:55:27:711,-0.6644,-0.5208,8.6355,-0.0081,-0.0014,9.8066,0.0229,-0.0547,0.0341,-30.25,-28.62,11.81,301.58,-84.36,-165.77
52.413727,-1.551666,165.01,12.71,2,71.41,21 / 21,2361129,2019-09-06 18:55:27:811,-0.3418,0.1668,9.7151,-0.0392,0.0228,9.8065,0.0033,-0.0168,0.0129,-29.87,-29.06,12.19,302.31,-84.62,-165.28
52.413727,-1.551666,165.01,12.71,2,71.41,21 / 21,2361229,2019-09-06 18:55:27:911,-1.5888,1.0366,9.6877,0.0283,-0.0121,9.8066,-0.0741,0.0666,-0.0337,-30.5,-28.37,12.31,304.01,-84.62,-163.8
52.413727,-1.551666,165.01,12.71,2,71.41,21 / 21,2361328,2019-09-06 18:55:28:010,-0.8094,-0.3139,9.5656,0.0668,-0.01,9.8063,-0.1118,-0.0603,0.093,-29.69,-28.69,12.19,302.12,-84.41,-165.3
52.413727,-1.551666,165.01,12.71,2,71.41,21 / 21,2361428,2019-09-06 18:55:28:110,-0.1551,-0.6924,9.8857,0.0003,-0.0082,9.8066,0.0552,0.0312,-0.0031,-30.06,-28.81,12.38,302.96,-84.28,-164.4
52.413727,-1.551666,165.01,12.71,2,71.41,21 / 21,2361529,2019-09-06 18:55:28:211,0.3949,0.0384,9.7342,0.0021,-0.0065,9.8066,-0.0374,-0.0043,-0.0171,-30.06,-28,12.13,303.36,-84.17,-164.07
52.413727,-1.551666,165.01,12.71,2,71.41,21 / 21,2361629,2019-09-06 18:55:28:311,-0.3322,0.0134,8.9625,-0.0122,0.0064,9.8066,-0.1065,0.0262,0.02,-29.87,-28.75,11.31,303.35,-84.43,-162.43
52.413727,-1.551666,165.01,12.71,2,71.41,21 / 21,2361728,2019-09-06 18:55:28:410,0.0467,-1.5059,9.6624,0.001,-0.0165,9.8066,-0.0339,-0.0202,0.0597,-30.12,-28.87,11.5,307.03,-84.61,-160.78
52.413727,-1.551666,165.01,12.71,2,71.41,21 / 21,2361828,2019-09-06 18:55:28:510,-0.1574,-0.624,8.9807,-0.0116,0.0032,9.8066,-0.0798,-0.0131,-0.0129,-30,-28.31,11.56,308.28,-84.66,-159.76
52.413727,-1.551666,165.01,12.71,2,71.41,21 / 21,2361929,2019-09-06 18:55:28:611,0.591,-1.1368,11.5138,-0.0112,-0.0155,9.8066,0.1179,-0.0916,0.0188,-30,-28.75,11.75,309.34,-84.68,-158.64
52.413727,-1.551666,165.01,12.71,2,71.41,21 / 21,2362028,2019-09-06 18:55:28:710,-0.6768,-0.7635,10.3224,0.0203,-0.012,9.8065,0.1858,0.078,-0.1032,-30.62,-28.56,12.25,308.71,-84.37,-158.48
52.413727,-1.551666,165.01,12.71,2,71.41,21 / 21,2362129,2019-09-06 18:55:28:811,0.3963,-2.0527,11.0389,-0.006,0.0163,9.8066,0.2191,-0.1625,0.1512,-30.25,-28.44,11.81,307.34,-84.31,-160.4
52.413727,-1.551666,165.01,12.71,2,71.41,21 / 21,2362229,2019-09-06 18:55:28:911,-1.6209,0.6974,8.9443,0.0245,-0.0113,9.8065,-0.1733,0.1066,-0.1317,-30.94,-28.94,12.06,306.64,-83.92,-160.1
52.413727,-1.551666,165.01,12.71,2,71.41,21 / 21,2362329,2019-09-06 18:55:29:011,0.1628,-1.4367,8.96,0.0083,-0.0051,9.8066,-0.1182,-0.0474,0.1346,-30.87,-28.81,12,305.95,-84.05,-160.85
52.413727,-1.551666,165.01,12.71,2,71.41,21 / 21,2362429,2019-09-06 18:55:29:111,0.364,0.0455,9.4883,-0.027,0.0143,9.8066,-0.0468,-0.0498,0.0229,-30.12,-28.44,12,308.79,-84.15,-158.9
52.413727,-1.551666,165.01,12.71,2,71.41,21 / 21,2362529,2019-09-06 18:55:29:211,-1.2843,-0.1241,9.7878,0.0059,-0.0045,9.8066,-0.1254,-0.0127,-0.0591,-30.81,-29.06,11.63,309.41,-84.44,-157.86
52.413727,-1.551666,165.01,12.71,2,71.41,21 / 21,2362629,2019-09-06 18:55:29:311,0.0045,0.2751,9.5233,0.0006,0.0012,9.8066,-0.0561,-0.0088,0.0121,-30.37,-28.81,11.81,310.25,-84.73,-157.82
52.413727,-1.551666,165.01,12.71,2,71.41,21 / 21,2362729,2019-09-06 18:55:29:411,-0.2516,-0.8395,10.338,-0.0171,0.0008,9.8066,-0.06,0.0393,-0.0257,-30.5,-28.81,11.56,311.8,-84.84,-156.43
52.413727,-1.551666,165.01,12.71,2,71.41,21 / 21,2362828,2019-09-06 18:55:29:510,-0.0128,0.242,10.3376,0.0331,-0.0041,9.8066,-0.0208,-0.0195,0.0619,-31,-28.69,11.81,309.31,-84.71,-158.15
52.413727,-1.551666,165.01,12.71,2,71.41,21 / 21,2362929,2019-09-06 18:55:29:611,-0.1872,-0.0939,10.6089,0.0278,-0.0245,9.8065,0.0006,0.0393,-0.0428,-32.12,-28.06,11.56,309.97,-84.5,-157
52.413727,-1.551666,165.01,12.71,2,71.41,21 / 21,2363028,2019-09-06 18:55:29:710,-0.9092,-1.9678,10.5018,0.0236,0.0064,9.8066,0.009,0.1166,-0.0971,-31.62,-28.81,12.31,308.97,-84.44,-157.78
52.413727,-1.551666,165.01,12.71,2,71.41,21 / 21,2363131,2019-09-06 18:55:29:813,-1.268,0.3673,8.5506,0.0416,0.013,9.8065,-0.0709,0.0601,-0.0457,-31.87,-28.19,12.25,303.85,-84.39,-162.75
52.413727,-1.551666,165.01,12.71,2,71.41,21 / 21,2363228,2019-09-06 18:55:29:910,-1.6724,-0.4131,9.9436,-0.0727,0.0222,9.8063,-0.0184,-0.1303,-0.0175,-31.56,-28.25,11.38,303.75,-85.03,-161.7
52.413727,-1.551666,165.01,12.71,2,71.41,21 / 21,2363329,2019-09-06 18:55:30:011,0.4824,0.0818,10.0867,-0.0491,0.0335,9.8064,-0.0559,-0.0049,-0.1594,-31.31,-28.75,11.69,304.74,-85.33,-162.98
52.413727,-1.551666,165.01,12.71,2,71.41,22 / 22,2363428,2019-09-06 18:55:30:110,0.3694,0.4286,10.2124,-0.0254,0.0156,9.8065,0.1446,-0.0148,0.0185,-30.19,-28.69,11.19,300.41,-85.5,-166.12
52.413727,-1.551666,165.01,12.71,2,71.41,22 / 22,2363529,2019-09-06 18:55:30:211,-0.3948,-0.3535,10.1072,0.04,-0.031,9.8064,-0.0197,0.0523,-0.0352,-29.12,-30.06,11.5,303.13,-85.02,-165.25
52.413727,-1.551666,165.01,12.71,2,71.41,22 / 22,2363628,2019-09-06 18:55:30:310,-0.4187,-0.0098,10.0347,0.0309,-0.026,9.8065,-0.0061,-0.0034,0.1181,-30.12,-29.44,12.13,303.36,-84.78,-164.41
52.413727,-1.551666,165.01,12.71,2,71.41,22 / 22,2363729,2019-09-06 18:55:30:411,-0.4846,-0.9205,10.0405,-0.0105,-0.0083,9.8065,-0.014,0.0103,0.0331,-29.75,-29.25,11.19,304.75,-84.62,-161.24
52.413727,-1.551666,165.01,12.71,2,71.41,22 / 22,2363829,2019-09-06 18:55:30:511,-0.257,-0.0475,9.7396,-0.0123,-0.004,9.8066,-0.0205,-0.0391,0.0344,-30.37,-29.31,11.94,307.51,-84.69,-160.38
52.413727,-1.551666,165.01,12.71,2,71.41,22 / 22,2363929,2019-09-06 18:55:30:611,-0.0113,-0.185,9.7115,-0.0142,-0.0007,9.8065,-0.0152,-0.0105,-0.0114,-30.19,-29,11.25,307.1,-84.7,-159.07
52.413727,-1.551666,165.01,12.71,2,71.41,22 / 22,2364029,2019-09-06 18:55:30:711,-0.973,-0.0268,9.8223,-0.0109,0.0012,9.8066,0.0075,0.0124,0.0197,-30.37,-28.37,11.44,308.64,-84.83,-157.84
52.413727,-1.551666,165.01,12.71,2,71.41,22 / 22,2364128,2019-09-06 18:55:30:810,-1.0203,0.1876,9.6582,-0.0169,-0.0013,9.8066,0.0561,0.0173,-0.0106,-30.44,-28.94,11.75,311.22,-84.86,-156.99
52.413727,-1.551666,165.01,12.71,2,71.41,22 / 22,2364229,2019-09-06 18:55:30:911,-0.7043,0.0215,9.8726,-0.0435,0.0114,9.8065,0.0724,-0.0118,-0.0039,-30.37,-29.31,11.56,312.62,-85,-155.76
52.413727,-1.551666,165.01,12.71,2,71.41,22 / 22,2364328,2019-09-06 18:55:31:010,-0.517,0.506,9.8836,0.0148,-0.0071,9.8066,-0.0352,0.0368,0.0211,-30.81,-29.81,10.81,310.39,-85.01,-155.57
52.413727,-1.551666,165.01,12.71,2,71.41,22 / 22,2364428,2019-09-06 18:55:31:110,-0.8571,-0.0099,9.8986,0.0142,-0.0076,9.8066,0.0229,-0.0049,0.0194,-30,-28.94,11.13,311.96,-85.01,-154.7
52.413727,-1.551666,165.01,12.71,2,71.41,22 / 22,2364529,2019-09-06 18:55:31:211,-0.1729,-0.3377,9.6033,-0.0036,-0.0048,9.8066,-0.0266,-0.0193,-0.0412,-30.12,-29.44,11.38,312.59,-84.95,-154.06
52.413727,-1.551666,165.01,12.71,2,71.41,22 / 22,2364628,2019-09-06 18:55:31:310,-0.8523,-0.9473,10.0306,-0.0044,0.0093,9.8066,0.0184,-0.0691,-0.0032,-30.06,-28.56,11.31,312.49,-84.96,-154.16
52.413727,-1.551666,165.01,12.71,2,71.41,22 / 22,2364729,2019-09-06 18:55:31:411,-1.264,-0.0497,9.6265,-0.003,0.0177,9.8066,-0.0417,-0.0066,0.0028,-29.75,-29.5,11.19,310.76,-85.16,-155.94
52.413727,-1.551666,165.01,12.71,2,71.41,22 / 22,2364829,2019-09-06 18:55:31:511,-0.9206,0.1694,9.5204,-0.0094,0.0138,9.8066,0.0131,-0.0284,-0.0431,-29.19,-29.56,11,310.66,-85.34,-156.59
52.413727,-1.551666,165.01,12.71,2,71.41,22 / 22,2364928,2019-09-06 18:55:31:610,-0.1437,-0.0993,9.285,-0.0124,0.0245,9.8065,-0.062,0.0025,-0.0459,-29.75,-29.5,10.38,307.04,-85.71,-158.17
52.413727,-1.551666,165.01,12.71,2,71.41,22 / 22,2365028,2019-09-06 18:55:31:710,-1.0453,-0.1093,10.033,-0.0178,0.0114,9.8066,-0.0124,0.0157,-0.0003,-29.56,-29.62,10.75,308.18,-85.98,-158.92
52.413727,-1.551666,165.01,12.71,2,71.41,22 / 22,2365129,2019-09-06 18:55:31:811,-0.2775,0.4503,10.0209,-0.0034,0.001,9.8066,0.0375,-0.0049,0.0295,-29.12,-29.62,10.63,309.3,-86.05,-158.45
52.413727,-1.551666,165.01,12.71,2,71.41,22 / 22,2365229,2019-09-06 18:55:31:911,-1.2413,0.6205,10.1417,-0.0145,-0.0022,9.8066,-0.0182,-0.0149,0.0303,-29.75,-29.31,10.25,308.44,-86.08,-157.11
52.413727,-1.551666,165.01,12.71,2,71.41,22 / 22,2365328,2019-09-06 18:55:32:010,-0.089,-0.4234,9.8301,0.0059,-0.0016,9.8066,-0.0146,-0.0043,0.0287,-29.56,-29.5,10.31,310.56,-85.96,-154.98
52.413727,-1.551666,165.01,12.71,2,71.41,21 / 21,2365429,2019-09-06 18:55:32:111,-1.4913,-0.0731,10.2141,0.0065,-0.0063,9.8066,0.0068,0.0225,-0.0029,-29.87,-29.37,10.44,311.43,-85.97,-154.16
52.413727,-1.551666,165.01,12.71,2,71.41,21 / 21,2365528,2019-09-06 18:55:32:210,-0.6584,-0.0935,9.9185,0.0124,0.0022,9.8066,-0.0793,0.0032,-0.0005,-29.06,-28.94,9.88,311.68,-86.09,-154.51
52.413727,-1.551666,165.01,12.71,2,71.41,21 / 21,2365628,2019-09-06 18:55:32:310,-0.2179,-0.3789,9.4922,0.016,-0.0014,9.8066,-0.0917,-0.0301,-0.0239,-29.44,-30.06,9.94,312.27,-86.28,-153.99
52.413727,-1.551666,165.01,12.71,2,71.41,21 / 21,2365729,2019-09-06 18:55:32:411,-0.5461,0.0429,9.0792,-0.0086,0.0085,9.8066,-0.15,0.0205,0.006,-29.37,-30,9.94,314.13,-86.55,-152.42
52.413727,-1.551666,165.01,12.71,2,71.41,21 / 21,2365828,2019-09-06 18:55:32:510,-0.2627,0.4283,9.3747,0.0121,-0.0052,9.8066,-0.171,0.0477,-0.0116,-29.62,-29.87,9.56,315.23,-86.81,-151.02
52.413727,-1.551666,165.01,12.71,2,71.41,21 / 21,2365928,2019-09-06 18:55:32:610,-0.5631,0.4358,9.3582,-0.0497,0.0074,9.8065,-0.0156,0.0319,0.0182,-28.44,-29.81,8.63,321.35,-87.26,-144.69
52.413727,-1.551666,165.01,12.71,2,71.41,21 / 21,2366029,2019-09-06 18:55:32:711,-1.0075,0.1754,9.4132,-0.0345,0.002,9.8065,-0.0385,0.0014,0.0204,-29.37,-29.94,9.63,326.05,-87.33,-141.49
52.413727,-1.551666,165.01,12.71,2,71.41,21 / 21,2366128,2019-09-06 18:55:32:810,-0.9739,-0.1708,9.4285,-0.0265,0.0004,9.8066,0.0032,0.0279,-0.0132,-29.37,-29,8.81,329.58,-87.38,-136.37
52.413727,-1.551666,165.01,12.71,2,71.41,21 / 21,2366230,2019-09-06 18:55:32:912,-1.6501,0.6145,9.9218,-0.0292,0.0093,9.8065,0.0911,-0.0209,0.0473,-29.31,-29.06,9,331.26,-87.48,-134.8
52.413727,-1.551666,165.01,12.71,2,71.41,21 / 21,2366329,2019-09-06 18:55:33:011,-1.0785,1.2588,9.9592,-0.0055,0.0023,9.8065,-0.0322,0.0394,-0.0558,-28.81,-29.44,8.63,331.85,-87.5,-134.24
52.413727,-1.551666,165.01,12.71,2,71.41,21 / 21,2366429,2019-09-06 18:55:33:111,-0.4601,0.3498,10.4116,-0.0275,0.0074,9.8066,-0.0302,-0.0019,0.0239,-29.06,-30.19,8.81,333.56,-87.58,-132.6
52.413727,-1.551666,165.01,12.71,2,71.41,21 / 21,2366528,2019-09-06 18:55:33:210,-1.0883,-0.4212,9.0816,0.0124,-0.0132,9.8066,-0.1442,0.0505,-0.0104,-28.94,-29.56,8.38,335.11,-87.43,-129.21
52.413727,-1.551666,165.01,12.71,2,71.41,21 / 21,2366629,2019-09-06 18:55:33:311,-1.3834,0.3187,9.7892,0.0109,-0.0132,9.8066,-0.0844,0.0364,0.0181,-28.75,-29.44,9.19,341.14,-87.47,-125.31
52.413727,-1.551666,165.01,12.71,2,71.41,21 / 21,2366729,2019-09-06 18:55:33:411,-0.95,0.1525,9.6478,-0.0234,0.0178,9.8065,0.0597,-0.0064,0.0414,-29.62,-29.56,8.88,342.78,-87.61,-123.23
52.413727,-1.551666,165.01,12.71,2,71.41,21 / 21,2366828,2019-09-06 18:55:33:510,-1.3902,0.78,9.8701,-0.0123,-0.0103,9.8066,0.0381,0.0198,-0.0108,-29.37,-29.12,8.31,346.61,-87.69,-118.28
52.413727,-1.551666,165.01,12.71,2,71.41,21 / 21,2366928,2019-09-06 18:55:33:610,-1.1535,-0.0659,9.9749,0.0052,-0.0111,9.8066,-0.0152,0.0276,-0.0219,-28.62,-29.75,8.06,348.52,-87.49,-116.39
52.413727,-1.551666,165.01,12.71,2,71.41,21 / 21,2367029,2019-09-06 18:55:33:711,-1.2717,-0.8072,10.003,-0.0014,0.0072,9.8066,0.0284,-0.0076,-0.0587,-29,-29.25,7.69,347.85,-87.49,-117.05
52.413727,-1.551666,165.01,12.71,2,71.41,21 / 21,2367128,2019-09-06 18:55:33:810,-1.2633,0.5433,9.4178,-0.011,0.0115,9.8065,-0.0095,0.0087,-0.0266,-29.44,-30.25,7.88,347.35,-87.52,-117.52
52.413727,-1.551666,165.01,12.71,2,71.41,21 / 21,2367229,2019-09-06 18:55:33:911,-0.6974,-0.5096,9.235,-0.0258,-0.0114,9.8066,0.001,-0.0022,0.0807,-29,-29.56,8.38,350.23,-87.46,-114.75
52.413727,-1.551666,165.01,12.71,2,71.41,21 / 21,2367329,2019-09-06 18:55:34:011,-2.3381,0.4552,9.0351,-0.0268,-0.0139,9.8065,-0.215,0.0343,0.0529,-29.69,-30.44,8.31,355.09,-87.42,-109.63
52.413727,-1.551666,165.01,12.71,2,71.41,21 / 22,2367428,2019-09-06 18:55:34:110,-2.9777,-0.0886,10.3382,-0.0077,-0.0132,9.8066,0.0263,-0.0583,0.0745,-28.12,-29.5,7.75,5.32,-87.22,-100.89
52.413727,-1.551666,165.01,12.71,2,71.41,21 / 22,2367529,2019-09-06 18:55:34:211,-1.9647,0.093,9.905,-0.054,0.0294,9.8064,-0.1289,-0.0486,-0.0231,-28.75,-28.87,8.38,16.71,-87.5,-89.42
52.413727,-1.551666,165.01,12.71,2,71.41,21 / 22,2367628,2019-09-06 18:55:34:310,0.7303,-0.1987,9.3525,-0.0356,0.0269,9.8065,0.1572,0.0355,-0.0134,-28.94,-29.56,8.5,14.45,-87.69,-93.37
52.413727,-1.551666,165.01,12.71,2,71.41,21 / 22,2367729,2019-09-06 18:55:34:411,0.2265,-1.1184,9.8118,0.0452,-0.0122,9.8065,-0.1274,0.0272,0.0264,-29,-29,7.38,0.13,-87.59,-103.44
52.413727,-1.551666,165.01,12.71,2,71.41,21 / 22,2367828,2019-09-06 18:55:34:510,-0.2458,-0.3019,10.1705,-0.0048,0.0011,9.8066,-0.082,-0.0631,-0.0798,-29.12,-29.62,7.81,6.41,-87.69,-99.27
52.413727,-1.551666,165.01,12.71,2,71.41,21 / 22,2367929,2019-09-06 18:55:34:611,0.0981,0.7101,10.2784,0.0086,0.0106,9.8066,-0.0581,-0.0787,0.0186,-28.75,-29.75,7,7.89,-87.82,-95.99
52.413727,-1.551666,165.01,12.71,2,71.41,21 / 22,2368028,2019-09-06 18:55:34:710,-0.0307,0.317,9.7938,0.0157,0.0036,9.8065,-0.1156,-0.0246,0.022,-29.31,-29.56,7.38,8.92,-87.92,-94.98
52.413727,-1.551666,165.01,12.71,2,71.41,21 / 22,2368129,2019-09-06 18:55:34:811,-1.4876,0.7501,9.341,-0.0463,0.0006,9.8065,-0.1742,-0.0148,0.0156,-28.87,-29.5,7.19,17.3,-87.88,-86.89
52.413727,-1.551666,165.01,12.71,2,71.41,21 / 22,2368228,2019-09-06 18:55:34:910,-0.4029,-0.6615,10.5259,-0.0516,-0.0021,9.8065,0.1888,-0.0254,0.0678,-29.37,-29.69,6.94,16.72,-87.7,-87.53
52.413727,-1.551666,165.01,12.71,2,71.41,21 / 22,2368329,2019-09-06 18:55:35:011,0.2498,-0.057,10.0413,0.0094,-0.0214,9.8066,-0.0102,0.0134,0.037,-29.69,-29.94,7.44,15.01,-87.48,-88.78
52.414,-1.550361,163.29,6.38,2,69.55,21 / 21,2368428,2019-09-06 18:55:35:110,-0.8377,0.924,9.9611,-0.0062,0.0056,9.8066,-0.0262,-0.117,-0.0159,-30.06,-30.19,7.56,16.16,-87.37,-89.49
52.414,-1.550361,163.29,6.38,2,69.55,21 / 21,2368528,2019-09-06 18:55:35:210,0.1398,-0.1543,9.944,0.0188,-0.005,9.8065,0.1312,0.0657,-0.0706,-29.44,-30,7.5,16.13,-87.69,-89.94
52.414,-1.550361,163.29,6.38,2,69.55,21 / 21,2368629,2019-09-06 18:55:35:311,-0.4618,0.1979,9.68,0.016,0.0321,9.8065,0.0678,0.1384,-0.0627,-29.25,-29.87,8.69,10.11,-87.89,-97.5
52.414,-1.550361,163.29,6.38,2,69.55,21 / 21,2368729,2019-09-06 18:55:35:411,-0.9008,-0.679,9.9669,-0.0004,0.0202,9.8065,0.098,0.1344,-0.0479,-29.44,-30.06,7.94,3.77,-88.09,-101.78
52.414,-1.550361,163.29,6.38,2,69.55,21 / 21,2368828,2019-09-06 18:55:35:510,-0.994,1.1524,9.7206,-0.0181,0.0081,9.8065,0.0169,-0.0393,0.043,-28.5,-30.37,8.13,0.27,-88.16,-105.69
52.414,-1.550361,163.29,6.38,2,69.55,21 / 21,2368930,2019-09-06 18:55:35:612,-1.3471,0.3658,9.6911,0.0124,0.0057,9.8066,-0.0279,0.0002,-0.0191,-28.62,-29.94,8.44,358.2,-88.39,-107.17
52.414,-1.550361,163.29,6.38,2,69.55,21 / 21,2369028,2019-09-06 18:55:35:710,-1.9915,0.4316,10.2112,0.0183,-0.0056,9.8065,0.0014,0.0141,0.0021,-28.62,-30.56,8.44,355.63,-88.45,-109.67
52.414,-1.550361,163.29,6.38,2,69.55,21 / 21,2369129,2019-09-06 18:55:35:811,-1.1051,-0.2198,10.783,0.0148,0.0173,9.8065,0.0489,0.0531,-0.0286,-27.62,-30.56,8.56,1.39,-88.67,-106.46
52.414,-1.550361,163.29,6.38,2,69.55,21 / 21,2369229,2019-09-06 18:55:35:911,-0.6086,0.8435,9.287,0.0362,0.0091,9.8065,-0.1545,0.0311,-0.0735,-27.69,-29.75,8.25,347.57,-88.97,-118.14
52.414,-1.550361,163.29,6.38,2,69.55,21 / 21,2369329,2019-09-06 18:55:36:011,-0.8347,-0.0713,10.0976,0.0057,-0.004,9.8066,0.0174,-0.024,0.0077,-27.5,-31.25,9,348.88,-89.11,-119.37
52.414,-1.550361,163.29,6.38,2,69.55,21 / 21,2369428,2019-09-06 18:55:36:110,-1.5321,1.038,9.7599,0.0138,0.0055,9.8066,-0.0094,-0.0082,0.0061,-27.87,-31.06,8.56,346.94,-89.24,-120.69
52.414,-1.550361,163.29,6.38,2,69.55,21 / 21,2369528,2019-09-06 18:55:36:210,-1.5635,0.3082,9.7226,-0.0216,0.0027,9.8065,-0.0062,-0.0041,0.001,-27.81,-30.56,8.25,355.77,-89.29,-110.12
52.414,-1.550361,163.29,6.38,2,69.55,21 / 21,2369628,2019-09-06 18:55:36:310,-1.1238,1.1293,9.7877,0.0036,-0.0086,9.8066,-0.0154,0.098,-0.0546,-28,-30.25,8.06,357.8,-89.21,-108.11
52.414,-1.550361,163.29,6.38,2,69.55,21 / 21,2369729,2019-09-06 18:55:36:411,-1.5336,-0.3163,10.4623,-0.0141,0.0205,9.8066,0.0053,-0.0383,0.0097,-27.19,-30.12,7.88,352.45,-89.19,-113.94
52.414,-1.550361,163.29,6.38,2,69.55,21 / 21,2369828,2019-09-06 18:55:36:510,-2.0272,0.6391,10.1123,0.0081,0.0441,9.8065,0.0617,0.0077,-0.099,-27.19,-30.94,8.38,321.92,-89.72,-144.39
52.414,-1.550361,163.29,6.38,2,69.55,21 / 21,2369929,2019-09-06 18:55:36:611,-1.3901,1.2386,9.1773,0.011,0.004,9.8066,0.055,-0.0379,-0.0027,-27,-30.94,8.31,272.26,-89.48,166.34
52.414,-1.550361,163.29,6.38,2,69.55,21 / 21,2370028,2019-09-06 18:55:36:710,-1.8178,0.7726,8.8753,0.0048,0.0045,9.8066,0.0223,-0.0039,0.0061,-27,-30.25,8,265.04,-89.43,159.13
52.414,-1.550361,163.29,6.38,2,69.55,21 / 21,2370129,2019-09-06 18:55:36:811,-2.2769,0.5281,9.2059,-0.0387,-0.0027,9.8065,-0.0513,-0.0078,0.0671,-27.44,-30.56,8.06,278.97,-89.67,172.82
52.414,-1.550361,163.29,6.38,2,69.55,21 / 21,2370229,2019-09-06 18:55:36:911,-1.5055,-0.2217,10.905,-0.0377,-0.0027,9.8065,0.1427,-0.0613,0.0307,-28.19,-30.5,8.38,306.99,-89.66,-158.68
52.414,-1.550361,163.29,6.38,2,69.55,21 / 21,2370328,2019-09-06 18:55:37:010,-1.7855,0.1517,11.011,0.0145,-0.0092,9.8066,0.098,-0.0101,-0.0209,-27.44,-31.5,8.5,319.63,-89.53,-148.47
52.414,-1.550361,163.29,6.38,2,69.55,21 / 21,2370429,2019-09-06 18:55:37:111,-1.8774,0.0904,10.4515,-0.0104,0.007,9.8066,0.028,0.0205,-0.0195,-27.5,-30.75,9.13,315.94,-89.41,-152.05
52.414,-1.550361,163.29,6.38,2,69.55,21 / 21,2370528,2019-09-06 18:55:37:210,-1.7668,0.4491,10.279,0.0172,0.0185,9.8065,0.0175,0.0207,-0.0663,-27.06,-31.31,8.38,276.59,-89.38,170.77
52.414,-1.550361,163.29,6.38,2,69.55,21 / 21,2370629,2019-09-06 18:55:37:311,-1.1211,0.9281,9.3224,0.0118,0.0217,9.8066,-0.0385,-0.0106,-0.0512,-26.94,-30.87,8.5,255.84,-89.31,148.14
52.414,-1.550361,163.29,6.38,2,69.55,21 / 21,2370728,2019-09-06 18:55:37:410,-1.4966,0.6326,9.5414,-0.0034,0.0055,9.8066,-0.0023,-0.0286,-0.0052,-26.87,-30.5,8.44,241.31,-89.19,135.56
52.414,-1.550361,163.29,6.38,2,69.55,21 / 21,2370829,2019-09-06 18:55:37:511,-0.6387,0.2311,9.5575,-0.006,0.0017,9.8066,0.0152,-0.0191,0.013,-26.87,-30.75,8.75,241.4,-89.15,133.78
52.414,-1.550361,163.29,6.38,2,69.55,21 / 21,2370928,2019-09-06 18:55:37:610,-0.9668,0.0155,10.0042,0.0092,-0.0076,9.8066,0.0414,-0.0104,0.0311,-27.25,-30.94,8.38,250.75,-89.08,145.2
52.414,-1.550361,163.29,6.38,2,69.55,21 / 21,2371028,2019-09-06 18:55:37:710,-0.832,0.0399,9.9413,0.0034,-0.0029,9.8066,0.0129,-0.0101,-0.0072,-27.19,-30.75,9.25,256.18,-89.05,148.75
52.414,-1.550361,163.29,6.38,2,69.55,21 / 21,2371128,2019-09-06 18:55:37:810,-1.2158,0.2125,10.0305,0.0004,-0.0024,9.8066,0.0357,-0.0234,0.0026,-27.37,-32,9.31,259.73,-89.05,152.35
52.414,-1.550361,163.29,6.38,2,69.55,21 / 21,2371229,2019-09-06 18:55:37:911,-0.7867,-0.0439,9.9932,0.0015,-0.0042,9.8066,-0.0219,-0.0002,0.0224,-27.5,-31.19,8.69,262.63,-89.03,155.25
52.414,-1.550361,163.29,6.38,2,69.55,21 / 21,2371328,2019-09-06 18:55:38:010,-0.5654,0.2,9.8313,0.0031,-0.0042,9.8066,0.0245,0.0316,0.0245,-27.75,-31.5,8.94,265.57,-89,158.8
52.414,-1.550361,163.29,6.38,2,69.55,21 / 22,2371429,2019-09-06 18:55:38:111,-0.5214,-0.3522,9.781,-0.0001,-0.0007,9.8066,-0.031,0.0155,-0.0151,-27.87,-31.37,8.94,268.06,-89.05,161.24
52.414,-1.550361,163.29,6.38,2,69.55,21 / 22,2371528,2019-09-06 18:55:38:210,-0.7004,-0.031,9.8001,-0.0036,-0.0017,9.8066,0.0142,-0.0251,0.007,-27.06,-31.12,9.06,270.78,-89.11,163.31
52.414,-1.550361,163.29,6.38,2,69.55,21 / 22,2371628,2019-09-06 18:55:38:310,-0.6294,-0.0014,9.7684,-0.0058,-0.0005,9.8066,0.0205,-0.0041,0.0018,-27.62,-31,8.88,271.15,-89.16,164.22
52.414,-1.550361,163.29,6.38,2,69.55,21 / 22,2371728,2019-09-06 18:55:38:410,-0.5956,0.1375,9.7693,-0.0119,0.0032,9.8066,-0.0088,0.0001,-0.011,-26.94,-31.44,9.13,271.06,-89.24,163.46
52.414,-1.550361,163.29,6.38,2,69.55,21 / 22,2371828,2019-09-06 18:55:38:510,-0.8406,0.2061,10.0559,-0.0072,0.0025,9.8066,0.0234,0.0116,0.0156,-26.37,-31.06,9.44,271.04,-89.29,162.75
52.414,-1.550361,163.29,6.38,2,69.55,21 / 22,2371929,2019-09-06 18:55:38:611,-0.6453,-0.0454,9.7544,-0.0041,0.0022,9.8066,-0.0112,0.0014,-0.0192,-27.31,-31.56,9.38,270.44,-89.32,162.77
52.414,-1.550361,163.29,6.38,2,69.55,21 / 22,2372029,2019-09-06 18:55:38:711,-0.549,-0.1537,9.9454,-0.0025,-0.001,9.8066,0.0064,-0.0093,-0.0032,-27.06,-31.56,8.81,267.47,-89.41,159.69
52.414,-1.550361,163.29,6.38,2,69.55,21 / 22,2372128,2019-09-06 18:55:38:810,-0.2214,-0.0944,10.0285,-0.0053,0.0005,9.8066,0.0054,-0.0111,0.006,-26.81,-30.31,8.81,267.81,-89.5,159.9
52.414,-1.550361,163.29,6.38,2,69.55,21 / 22,2372229,2019-09-06 18:55:38:911,-0.0188,-0.0821,9.8496,-0.0032,0.0001,9.8066,0.0079,-0.0002,0.0028,-27.19,-31.19,8.5,267.41,-89.55,159.47
52.414,-1.550361,163.29,6.38,2,69.55,21 / 22,2372328,2019-09-06 18:55:39:010,-0.1787,-0.1802,9.8911,-0.0058,0.0008,9.8066,-0.0062,-0.0082,0.0061,-27.5,-30.56,8.63,267.34,-89.63,159.3
52.414,-1.550361,163.29,6.38,2,69.55,21 / 21,2372428,2019-09-06 18:55:39:110,-0.0461,-0.2183,9.9203,-0.0038,0.0001,9.8066,0.0068,0.0051,0.0038,-26.87,-31.37,9.38,267.67,-89.66,159.61
52.414,-1.550361,163.29,6.38,2,69.55,21 / 21,2372529,2019-09-06 18:55:39:211,-0.0722,-0.1516,9.9933,-0.0057,0.0016,9.8066,0.0146,0.0077,0.006,-27.06,-31.94,8.75,265.69,-89.71,157.58
52.414,-1.550361,163.29,6.38,2,69.55,21 / 21,2372628,2019-09-06 18:55:39:310,0.1898,-0.2449,9.9178,-0.0066,0.0016,9.8066,-0.001,0.0029,-0.0078,-27.25,-31.62,9.31,254.86,-89.8,146.64
52.414,-1.550361,163.29,6.38,2,69.55,21 / 21,2372728,2019-09-06 18:55:39:410,0.7533,-0.3802,9.8867,-0.0005,-0.0007,9.8066,0.0171,-0.0132,0.0002,-27.44,-31.44,9.38,242.05,-89.85,133.76
52.414,-1.550361,163.29,6.38,2,69.55,21 / 21,2372829,2019-09-06 18:55:39:511,0.8794,-0.4448,9.7128,-0.0006,-0.0005,9.8066,0.0054,-0.003,0.0111,-26.81,-31.06,9.06,238.56,-89.88,130.24
52.414,-1.550361,163.29,6.38,2,69.55,21 / 21,2372929,2019-09-06 18:55:39:611,0.4474,-0.3622,9.6606,-0.0048,-0.0002,9.8066,0.0235,-0.0069,0.0099,-27.62,-30.94,8.56,214.58,-89.94,106.8
52.414,-1.550361,163.29,6.38,2,69.55,21 / 21,2373028,2019-09-06 18:55:39:710,0.5522,-0.4328,9.7877,-0.0048,0.0022,9.8066,0.0099,-0.0086,-0.0132,-27.06,-30.94,9.31,164.89,-89.93,56.43
52.414,-1.550361,163.29,6.38,2,69.55,21 / 21,2373128,2019-09-06 18:55:39:810,0.772,-0.2907,9.7969,-0.0036,-0.0006,9.8066,-0.0042,-0.0164,-0.0024,-26.94,-30.44,8.56,145.87,-89.88,37.37
52.414,-1.550361,163.29,6.38,2,69.55,21 / 21,2373229,2019-09-06 18:55:39:911,0.6839,-0.3522,9.7537,-0.0053,0.0015,9.8065,-0.0034,0.0017,0.0061,-26.81,-31.06,9.19,127.49,-89.81,18.89
52.414,-1.550361,163.29,6.38,2,69.55,21 / 21,2373328,2019-09-06 18:55:40:010,0.5083,-0.3992,9.8283,-0.0018,-0.0016,9.8066,-0.0008,-0.0047,0.0106,-27,-31.62,9,118.12,-89.75,9.44
52.414,-1.550361,163.29,6.38,2,69.55,22 / 22,2373429,2019-09-06 18:55:40:111,0.7172,-0.3875,9.7444,-0.0063,0.0017,9.8066,0.0177,0.0097,0.0063,-27.12,-31.37,9.5,118.33,-89.71,7.73
52.414,-1.550361,163.29,6.38,2,69.55,22 / 22,2373529,2019-09-06 18:55:40:211,0.8033,-0.4087,9.7025,-0.0057,0.0017,9.8066,0.0093,-0.0029,0.0134,-27.06,-31.12,9.13,113.44,-89.66,4.67
52.414,-1.550361,163.29,6.38,2,69.55,22 / 22,2373628,2019-09-06 18:55:40:310,0.5991,-0.3487,9.7215,-0.0047,0.0002,9.8066,0.0167,-0.0121,0.0068,-27.56,-30.75,8.69,110.49,-89.59,2.27
52.414,-1.550361,163.29,6.38,2,69.55,22 / 22,2373728,2019-09-06 18:55:40:410,0.6824,-0.2903,9.916,-0.0024,-0.0013,9.8066,-0.0081,0.0041,-0.01,-27.06,-31,8.75,107.82,-89.54,-1.09
52.414,-1.550361,163.29,6.38,2,69.55,22 / 22,2373829,2019-09-06 18:55:40:511,0.7345,-0.3579,9.8341,-0.0042,0.002,9.8066,-0.0024,-0.0143,-0.001,-27.06,-30.94,8.38,106.22,-89.5,-0.81
52.414,-1.550361,163.29,6.38,2,69.55,22 / 22,2373928,2019-09-06 18:55:40:610,0.5331,-0.3152,9.842,-0.0036,0.0015,9.8066,0.0015,0.0068,0.0082,-27.25,-31.19,9.44,108.52,-89.45,-0.49
52.414,-1.550361,163.29,6.38,2,69.55,22 / 22,2374029,2019-09-06 18:55:40:711,0.6466,-0.4422,9.9117,-0.0047,0.0007,9.8066,0.0115,0.0009,0.0034,-26.94,-31.12,9.5,109.86,-89.4,-1.06
52.414,-1.550361,163.29,6.38,2,69.55,22 / 22,2374129,2019-09-06 18:55:40:811,0.693,-0.3742,9.8929,-0.0004,-0.0008,9.8066,-0.008,-0.0007,-0.0013,-27.12,-31.5,9.31,106.91,-89.37,-2.18
52.414,-1.550361,163.29,6.38,2,69.55,22 / 22,2374229,2019-09-06 18:55:40:911,0.5272,-0.3505,9.8882,-0.0034,0.0017,9.8066,-0.0028,-0.0174,-0.0075,-26.87,-31.44,9.38,105.6,-89.34,-3.53
52.414,-1.550361,163.29,6.38,2,69.55,22 / 22,2374329,2019-09-06 18:55:41:011,0.8325,-0.4232,9.7449,-0.0041,0.0019,9.8066,0.001,0.0064,0.0127,-27.19,-31.25,8.75,106.38,-89.28,-2.8
52.414,-1.550361,163.29,6.38,2,69.55,22 / 22,2374429,2019-09-06 18:55:41:111,0.8905,-0.4841,9.7266,-0.0054,0.0016,9.8066,0.0196,-0.0044,0.0059,-26.75,-30.44,8.88,106.78,-89.24,-2.42
52.414,-1.550361,163.29,6.38,2,69.55,22 / 22,2374529,2019-09-06 18:55:41:211,0.7078,-0.3651,9.7478,-0.0012,-0.0007,9.8066,-0.0042,-0.004,-0.0107,-26.81,-31.31,9.06,105.79,-89.22,-3.46
52.414,-1.550361,163.29,6.38,2,69.55,22 / 22,2374629,2019-09-06 18:55:41:311,0.8544,-0.3736,9.7247,-0.0018,0.0007,9.8066,-0.0081,-0.0195,-0.0062,-26.94,-30.19,8.94,105.49,-89.2,-3.76
52.414,-1.550361,163.29,6.38,2,69.55,22 / 22,2374728,2019-09-06 18:55:41:410,0.9931,-0.4822,9.7111,-0.0017,0.0009,9.8066,0,0.0073,0.0084,-27.5,-30.69,9.13,105.44,-89.18,-3.86
52.414,-1.550361,163.29,6.38,2,69.55,22 / 22,2374829,2019-09-06 18:55:41:511,0.6768,-0.3192,9.7163,-0.0016,0.0004,9.8066,0.0184,-0.007,0.0057,-27.12,-30.56,9.56,108.18,-89.14,-3.03
52.414,-1.550361,163.29,6.38,2,69.55,22 / 22,2374929,2019-09-06 18:55:41:611,0.7732,-0.3669,9.8457,-0.0013,-0.0004,9.8066,-0.0071,-0.0043,-0.0077,-27.94,-30.5,9.88,106.35,-89.13,-4.14
52.414,-1.550361,163.29,6.38,2,69.55,22 / 22,2375029,2019-09-06 18:55:41:711,0.724,-0.2839,9.852,-0.0016,0.0009,9.8066,-0.0132,-0.0035,-0.008,-28.56,-30.62,10.31,105.92,-89.1,-3.98
52.414,-1.550361,163.29,6.38,2,69.55,22 / 22,2375129,2019-09-06 18:55:41:811,0.5775,-0.3227,9.9804,-0.0008,0.002,9.8066,0.0165,0.0153,0.0114,-29.06,-30.44,12.38,111.63,-89.06,-1.68
52.414,-1.550361,163.29,6.38,2,69.55,22 / 22,2375228,2019-09-06 18:55:41:910,0.7544,-0.5022,9.6686,0.0024,-0.0019,9.8066,0.0003,-0.0053,-0.0017,-29.56,-30.25,12.38,111.42,-89.07,-1.19
52.414,-1.550361,163.29,6.38,2,69.55,22 / 22,2375328,2019-09-06 18:55:42:010,0.9586,-0.7467,9.7828,-0.0017,0.0011,9.8066,-0.0049,-0.0148,-0.004,-29.19,-30.56,12.31,110,-89.08,-3.33
52.414,-1.550361,163.29,6.38,2,69.55,22 / 22,2375429,2019-09-06 18:55:42:111,0.6601,-0.3298,9.852,0.0031,0.0003,9.8066,0.0292,-0.0098,0.0203,-29,-30.62,11.56,110.91,-89.06,-2.43
52.414,-1.550361,163.29,6.38,2,69.55,22 / 22,2375529,2019-09-06 18:55:42:211,1.1868,-0.466,9.7216,-0.0031,0.0007,9.8066,0.0067,0.0165,-0.0091,-30,-29.94,12.44,109.28,-89.03,-3.37
52.414,-1.550361,163.29,6.38,2,69.55,22 / 22,2375629,2019-09-06 18:55:42:311,0.5723,-0.292,9.7899,-0.0025,0.0059,9.8066,-0.0008,0.0168,-0.0128,-30.44,-30.06,13.06,113.17,-89.03,-1.07
52.414,-1.550361,163.29,6.38,2,69.55,22 / 22,2375728,2019-09-06 18:55:42:410,1.3207,-0.3688,9.7555,-0.0009,0.0036,9.8066,0.0182,0.0022,0.0103,-29.94,-29.69,13.5,117.41,-89.07,1.65
52.414,-1.550361,163.29,6.38,2,69.55,22 / 22,2375829,2019-09-06 18:55:42:511,0.8509,-0.4055,9.8959,-0.001,0.0002,9.8066,0.0248,0.0301,-0.0028,-29.69,-30.62,13.13,116.36,-89.06,2.14
52.414,-1.550361,163.29,6.38,2,69.55,22 / 22,2375929,2019-09-06 18:55:42:611,1.3366,-0.6837,9.7734,0.0021,-0.0023,9.8066,-0.0067,0.0209,0.0023,-29.44,-30,13.25,116.44,-89.07,1.51
52.414,-1.550361,163.29,6.38,2,69.55,22 / 22,2376029,2019-09-06 18:55:42:711,1.1935,-0.3875,9.74,0.0049,0.0005,9.8066,0.0076,0.0324,-0.0081,-28.94,-30.06,12.06,115.72,-89.09,2.46
52.414,-1.550361,163.29,6.38,2,69.55,22 / 22,2376129,2019-09-06 18:55:42:811,0.6986,-0.2885,9.8937,-0.0035,0.0024,9.8066,0.004,0.0438,-0.0084,-28.81,-30.37,11.5,116.94,-89.08,3.68
52.414,-1.550361,163.29,6.38,2,69.55,22 / 22,2376229,2019-09-06 18:55:42:911,0.9967,-0.4596,9.854,-0.0047,0.0057,9.8066,0.0221,0.0467,0.0003,-28.75,-30,11.5,118.97,-89.07,5.72
52.414,-1.550361,163.29,6.38,2,69.55,22 / 22,2376329,2019-09-06 18:55:43:011,0.642,-0.3791,9.7784,0.0011,-0.0008,9.8066,-0.0114,0.0582,-0.005,-28.94,-29.5,11.69,120.46,-89.07,7.25
52.414,-1.550361,163.29,6.38,2,69.55,22 / 22,2376429,2019-09-06 18:55:43:111,0.5675,-0.2402,9.7101,-0.0008,0.004,9.8066,-0.0008,0.0628,-0.0038,-29.19,-29.87,11.56,121.93,-89.05,8.69
52.414,-1.550361,163.29,6.38,2,69.55,22 / 22,2376528,2019-09-06 18:55:43:210,0.4385,-0.3368,9.8791,-0.0024,0.0014,9.8066,-0.0015,0.0603,0.0043,-29.5,-30.19,10.94,121.27,-89.01,9.69
52.414,-1.550361,163.29,6.38,2,69.55,22 / 22,2376628,2019-09-06 18:55:43:310,0.485,-0.3662,9.8108,-0.0019,0.0003,9.8066,-0.0027,0.0496,-0.0091,-28.44,-30.12,10.63,121.26,-89,8.97
52.414,-1.550361,163.29,6.38,2,69.55,22 / 22,2376729,2019-09-06 18:55:43:411,0.3528,-0.5938,9.8364,-0.0029,-0.0015,9.8066,0.001,0.027,0.0005,-27.81,-30.12,9.31,116.89,-89,8.17
52.414,-1.550361,163.29,6.38,2,69.55,22 / 22,2376828,2019-09-06 18:55:43:510,0.5566,-0.3938,9.8292,0.0016,0.0008,9.8066,-0.0032,0.0411,-0.0024,-28.56,-30.19,9.81,117.35,-89,7.46
52.414,-1.550361,163.29,6.38,2,69.55,22 / 22,2376928,2019-09-06 18:55:43:610,0.3541,-0.4606,9.804,0.0012,0.0008,9.8066,-0.0008,0.0472,-0.0026,-28.06,-30.31,9.25,117.76,-89.03,9.07
52.414,-1.550361,163.29,6.38,2,69.55,22 / 22,2377029,2019-09-06 18:55:43:711,0.3341,-0.4464,9.8511,0.0007,0.0001,9.8066,-0.0003,0.0256,0.003,-27.81,-30.19,9.31,118.22,-89.03,9.54
52.414,-1.550361,163.29,6.38,2,69.55,22 / 22,2377128,2019-09-06 18:55:43:810,0.7575,-0.2969,9.7711,0.0048,0.0001,9.8066,0.0033,0.0316,-0.0009,-27.87,-29.94,9.25,120.12,-89.04,11.45
52.414,-1.550361,163.29,6.38,2,69.55,22 / 22,2377230,2019-09-06 18:55:43:912,0.8586,-0.4706,9.7336,0.0018,-0.0026,9.8066,0.0087,0.0279,0.0015,-27.87,-30.37,8.56,121.18,-89.09,12.56
52.414,-1.550361,163.29,6.38,2,69.55,22 / 22,2377329,2019-09-06 18:55:44:011,0.8617,-0.4505,9.8202,0.0028,-0.0002,9.8066,-0.0038,0.0244,0.0022,-27.81,-29.75,8.31,120.61,-89.13,13.9
52.414036,-1.550196,162.91,0,2,64.22,21 / 22,2377428,2019-09-06 18:55:44:110,0.9156,-0.4783,9.7739,0.0001,0.0002,9.8066,0.01,0.0292,0.0044,-27.5,-30,8.63,123.26,-89.14,14.07
52.414036,-1.550196,162.91,0,2,64.22,21 / 22,2377528,2019-09-06 18:55:44:210,0.7834,-0.5423,9.7252,0.0038,-0.0011,9.8066,-0.0108,0.0286,-0.0069,-27.12,-30.44,8.63,123.47,-89.18,14.31
52.414036,-1.550196,162.91,0,2,64.22,21 / 22,2377629,2019-09-06 18:55:44:311,0.4898,-0.4422,9.8279,0.0016,0.0007,9.8066,0.0033,0.0151,-0.0027,-27.12,-30.06,8.75,124.62,-89.19,15.48
52.414036,-1.550196,162.91,0,2,64.22,21 / 22,2377729,2019-09-06 18:55:44:411,0.6373,-0.3018,9.7143,-0.0021,0.0024,9.8066,0.0183,0.0173,0.0116,-26.75,-30.19,8.44,124.87,-89.19,17.66
52.414036,-1.550196,162.91,0,2,64.22,21 / 22,2377828,2019-09-06 18:55:44:510,0.4463,-0.4232,9.8184,0.0026,-0.001,9.8066,0.0039,0.0175,-0.0018,-27.19,-30.19,8,125.07,-89.23,17.9
52.414036,-1.550196,162.91,0,2,64.22,21 / 22,2377928,2019-09-06 18:55:44:610,0.5433,-0.5201,9.7636,0.0027,0.0002,9.8066,0.0119,0.0094,0.0073,-27.56,-30.12,8.31,126.43,-89.26,19.87
52.414036,-1.550196,162.91,0,2,64.22,21 / 22,2378029,2019-09-06 18:55:44:711,0.621,-0.4871,9.7692,0.0043,-0.0033,9.8066,0.0149,0.0091,0.0041,-27.69,-30.31,8.69,128.19,-89.3,19.82
52.414036,-1.550196,162.91,0,2,64.22,21 / 22,2378129,2019-09-06 18:55:44:811,0.4972,-0.3773,9.7612,0.0035,-0.0018,9.8066,-0.0067,-0.0092,-0.0027,-27.5,-30.56,8.75,129.18,-89.33,20.18
52.414036,-1.550196,162.91,0,2,64.22,21 / 22,2378229,2019-09-06 18:55:44:911,0.3812,-0.3496,9.851,0.0032,-0.0021,9.8066,-0.0088,-0.0088,-0.0072,-27,-30.25,8.75,129.4,-89.4,20.48
52.414036,-1.550196,162.91,0,2,64.22,21 / 22,2378329,2019-09-06 18:55:45:011,0.9293,-0.3381,9.734,0.0039,0.0009,9.8066,0.0127,0.0007,0.01,-26.94,-30.19,8.5,133.41,-89.45,24.55
52.414036,-1.550196,162.91,0,2,64.22,22 / 22,2378429,2019-09-06 18:55:45:111,0.7146,-0.4129,9.9117,0.0058,-0.0038,9.8066,0.0165,-0.0098,0.0037,-27.44,-30.31,8.56,134.91,-89.51,26.11
52.414036,-1.550196,162.91,0,2,64.22,22 / 22,2378528,2019-09-06 18:55:45:210,0.5695,-0.4248,9.9282,0.0024,-0.0032,9.8066,-0.0045,-0.0192,-0.0067,-26.94,-30.69,8.5,135.95,-89.56,27.18
52.414036,-1.550196,162.91,0,2,64.22,22 / 22,2378628,2019-09-06 18:55:45:310,0.2017,-0.0861,10.0125,0.0041,-0.0009,9.8066,-0.0212,-0.0025,-0.0091,-27.19,-30.56,7.69,134.76,-89.63,27.96
52.414036,-1.550196,162.91,0,2,64.22,22 / 22,2378729,2019-09-06 18:55:45:411,0.6615,-0.2607,9.8625,0.0072,-0.0019,9.8066,0.0264,0.0063,0.0115,-27.25,-30.56,7.88,140.15,-89.65,33.4
52.414036,-1.550196,162.91,0,2,64.22,22 / 22,2378828,2019-09-06 18:55:45:510,0.9391,-0.3698,9.6652,0.0015,-0.0037,9.8066,0.0296,-0.0142,0.0189,-27.19,-29.87,8,143.09,-89.7,36.39
52.414036,-1.550196,162.91,0,2,64.22,22 / 22,2378929,2019-09-06 18:55:45:611,0.4783,-0.4595,9.9787,0.0066,-0.0042,9.8066,-0.009,-0.02,-0.0091,-27.12,-30.37,8.25,143.78,-89.85,37.18
52.414036,-1.550196,162.91,0,2,64.22,22 / 22,2379028,2019-09-06 18:55:45:710,0.3662,-0.2454,10.0135,0.0036,0.0009,9.8066,-0.0256,-0.0074,-0.0051,-26.62,-30.31,7.75,157.46,-89.86,50.89
52.414036,-1.550196,162.91,0,2,64.22,22 / 22,2379129,2019-09-06 18:55:45:811,0.4465,-0.1563,9.832,0.0027,0.0019,9.8066,0.0105,0.004,0.0093,-26.75,-30.75,7.88,165.62,-89.84,59.07
52.414036,-1.550196,162.91,0,2,64.22,22 / 22,2379229,2019-09-06 18:55:45:911,0.8331,-0.3429,9.7358,0.002,-0.0013,9.8066,0.0152,-0.0098,0.0044,-26.62,-29.87,8,183.22,-89.84,76.72
52.414036,-1.550196,162.91,0,2,64.22,22 / 22,2379329,2019-09-06 18:55:46:011,0.6895,-0.3774,9.8546,0.0024,-0.0036,9.8066,-0.0121,-0.0116,-0.0089,-26.75,-30.31,7.75,212.5,-89.88,106.06
52.414036,-1.550196,162.91,0,2,64.22,22 / 22,2379428,2019-09-06 18:55:46:110,0.3482,-0.4081,9.8626,0.0034,-0.0017,9.8066,-0.0098,-0.0057,0.0042,-26.62,-30.25,8.06,223.85,-89.88,117.43
52.414036,-1.550196,162.91,0,2,64.22,22 / 22,2379528,2019-09-06 18:55:46:210,0.9007,-0.3596,9.7215,0.0028,-0.0015,9.8066,0.0204,0.0071,0.0132,-27.25,-29.81,7.75,236.45,-89.85,130.07
52.414036,-1.550196,162.91,0,2,64.22,22 / 22,2379629,2019-09-06 18:55:46:311,0.707,-0.3245,9.6907,0.0028,-0.0018,9.8066,-0.0024,-0.0134,-0.0109,-27,-30.06,7.56,250.13,-89.83,143.8
52.414036,-1.550196,162.91,0,2,64.22,22 / 22,2379728,2019-09-06 18:55:46:410,0.4446,-0.1883,9.8765,0.0024,-0.0008,9.8066,0.0057,-0.0124,0.0041,-27.06,-30.37,8,259.12,-89.81,152.82
52.414036,-1.550196,162.91,0,2,64.22,22 / 22,2379828,2019-09-06 18:55:46:510,0.6139,-0.2547,9.8163,0.0048,-0.0014,9.8066,0.0079,-0.0033,0.0158,-26.62,-30.37,8.44,264.77,-89.75,158.53
52.414036,-1.550196,162.91,0,2,64.22,22 / 22,2379928,2019-09-06 18:55:46:610,0.2746,-0.138,9.9523,0.0015,-0.0025,9.8066,0.0084,-0.0124,-0.006,-26.81,-30,8,272.92,-89.72,166.71
52.414036,-1.550196,162.91,0,2,64.22,22 / 22,2380029,2019-09-06 18:55:46:711,0.618,-0.2437,9.8894,0.0034,0.0001,9.8066,-0.0088,-0.0076,-0.0086,-26.56,-29.87,7.81,275.16,-89.67,169.01
52.414036,-1.550196,162.91,0,2,64.22,22 / 22,2380129,2019-09-06 18:55:46:811,0.5165,-0.3878,9.7112,-0.0005,0.0001,9.8066,0.0117,-0.0017,0.0196,-26.81,-30.25,7.44,276.42,-89.62,172.29
52.414036,-1.550196,162.91,0,2,64.22,22 / 22,2380228,2019-09-06 18:55:46:910,0.8748,-0.5074,9.724,0.001,-0.0014,9.8066,0.0282,-0.0089,0.0089,-27.62,-29.69,7.31,277.71,-89.6,174.09
52.414036,-1.550196,162.91,0,2,64.22,22 / 22,2380329,2019-09-06 18:55:47:011,0.2149,-0.0942,9.9796,0.0035,-0.0016,9.8066,-0.0241,-0.0077,-0.0142,-27.19,-30.25,7.25,283.12,-89.53,179.08
52.414036,-1.550196,162.91,0,2,64.22,21 / 21,2380429,2019-09-06 18:55:47:111,0.5181,-0.1793,9.9616,-0.0003,0.0008,9.8066,0.0236,-0.0089,0.0144,-27.37,-30.06,7.5,284.59,-89.49,178.61
52.414036,-1.550196,162.91,0,2,64.22,21 / 21,2380529,2019-09-06 18:55:47:211,0.5554,-0.1862,9.8818,0.0045,-0.0037,9.8066,-0.0073,-0.0036,0.0014,-26.81,-30.25,7.88,286.54,-89.42,-179.37
52.414036,-1.550196,162.91,0,2,64.22,21 / 21,2380628,2019-09-06 18:55:47:310,0.2467,-0.1217,9.9187,0.0037,-0.0023,9.8066,-0.015,0.0058,-0.0132,-27.37,-30.37,7.94,288.06,-89.37,-177.81
52.414036,-1.550196,162.91,0,2,64.22,21 / 21,2380729,2019-09-06 18:55:47:411,0.6315,-0.2385,9.9063,0.0054,-0.0022,9.8066,0.0076,-0.0079,0.014,-27.06,-30.12,7.69,288.15,-89.31,-177.65
52.414036,-1.550196,162.91,0,2,64.22,21 / 21,2380828,2019-09-06 18:55:47:510,0.4524,-0.3365,9.77,0.0034,-0.0029,9.8066,0.0011,-0.0013,-0.0036,-27.19,-30.75,7.25,287.24,-89.28,-176.52
52.414036,-1.550196,162.91,0,2,64.22,21 / 21,2380928,2019-09-06 18:55:47:610,0.7968,-0.3921,9.7143,0.0029,-0.0014,9.8066,-0.0013,-0.0015,0.0059,-27.06,-30.19,7.56,290.23,-89.23,-175.5
52.414036,-1.550196,162.91,0,2,64.22,21 / 21,2381029,2019-09-06 18:55:47:711,0.2716,-0.0942,9.9659,0.0045,-0.0023,9.8066,0.0176,-0.0201,0.0099,-27,-30.44,8,291.29,-89.19,-174.41
52.414036,-1.550196,162.91,0,2,64.22,21 / 21,2381129,2019-09-06 18:55:47:811,0.5092,-0.1419,9.8881,0.0011,-0.0026,9.8066,-0.0079,0.0091,-0.0108,-27.06,-30.25,7.75,293.32,-89.14,-172.34
52.414036,-1.550196,162.91,0,2,64.22,21 / 21,2381229,2019-09-06 18:55:47:911,0.3541,-0.1769,9.8289,0.0019,0.0002,9.8066,0.002,0.0034,0.0061,-26.87,-30,7.31,290.95,-89.12,-172.7
52.414036,-1.550196,162.91,0,2,64.22,21 / 21,2381328,2019-09-06 18:55:48:010,0.4938,-0.1129,9.8719,0.0013,-0.0016,9.8066,0.0145,-0.0119,0.0009,-27.06,-30.5,7.5,292.7,-89.09,-172.91
52.414036,-1.550196,162.91,0,2,64.22,21 / 21,2381428,2019-09-06 18:55:48:110,0.4809,-0.1499,9.8902,0.0035,-0.0015,9.8066,-0.0074,-0.0026,-0.0117,-26.69,-30.06,8.13,293.53,-89.02,-172.02
52.414036,-1.550196,162.91,0,2,64.22,21 / 21,2381528,2019-09-06 18:55:48:210,0.4142,-0.2917,9.7787,0.0007,-0.0012,9.8066,0.0108,-0.0067,0.0157,-26.69,-30.12,7.63,293.37,-88.99,-172.15
52.414036,-1.550196,162.91,0,2,64.22,21 / 21,2381628,2019-09-06 18:55:48:310,0.6683,-0.3505,9.7545,0.0006,-0.0022,9.8066,0.0156,-0.0242,-0.0012,-27.31,-30.62,8.06,294.1,-88.97,-171.36
52.414036,-1.550196,162.91,0,2,64.22,21 / 21,2381729,2019-09-06 18:55:48:411,0.2016,-0.0264,9.988,0.0001,-0.0003,9.8066,-0.01,0.0075,-0.0054,-27.19,-29.44,7.19,292.73,-88.92,-170.76
52.414036,-1.550196,162.91,0,2,64.22,21 / 21,2381829,2019-09-06 18:55:48:511,0.5576,-0.1632,9.898,-0.0013,0.0003,9.8066,0.0232,-0.0074,0.0129,-26.81,-30.5,7.81,294.29,-88.91,-171.15
52.414036,-1.550196,162.91,0,2,64.22,21 / 21,2381929,2019-09-06 18:55:48:611,0.3598,-0.188,9.835,0.0051,-0.0043,9.8066,-0.0201,-0.0047,-0.0129,-26.25,-30.25,7.75,295.24,-88.87,-170.74
52.414036,-1.550196,162.91,0,2,64.22,21 / 21,2382029,2019-09-06 18:55:48:711,0.4917,-0.1539,9.8435,0.0032,-0.0013,9.8066,-0.0114,0.0092,-0.0061,-27.25,-30.19,8.13,295.62,-88.82,-169.74
52.414036,-1.550196,162.91,0,2,64.22,21 / 21,2382129,2019-09-06 18:55:48:811,0.2635,-0.2714,9.8248,0.0024,-0.0025,9.8066,0.001,-0.0123,0.0144,-26.81,-30,7.81,295.48,-88.8,-169.86
52.414036,-1.550196,162.91,0,2,64.22,21 / 21,2382228,2019-09-06 18:55:48:910,0.4819,-0.1556,9.8599,0.0034,-0.0048,9.8066,-0.0171,-0.0067,-0.0165,-26.81,-30.37,7.94,296.71,-88.76,-168.61
52.414036,-1.550196,162.91,0,2,64.22,21 / 21,2382328,2019-09-06 18:55:49:010,0.1913,-0.0442,9.9208,-0.0003,0.001,9.8066,0.0216,0.0095,0.017,-27,-30.37,7.44,294.57,-88.74,-168.73
52.414036,-1.550196,162.91,0,2,64.22,21 / 21,2382429,2019-09-06 18:55:49:111,0.5534,-0.1979,9.7741,0.0013,-0.0025,9.8066,0.0078,-0.0167,0.0092,-26.75,-29.87,7.81,296.71,-88.72,-168.58
52.414036,-1.550196,162.91,0,2,64.22,21 / 21,2382529,2019-09-06 18:55:49:211,0.5088,-0.3425,9.7069,0.0007,-0.0007,9.8066,-0.0115,-0.0056,-0.0079,-26.94,-30.62,7.69,297.47,-88.67,-167.73
52.414036,-1.550196,162.91,0,2,64.22,21 / 21,2382628,2019-09-06 18:55:49:310,0.7456,-0.3639,9.711,0.0014,0.0014,9.8066,0.0275,-0.0029,0.023,-26.87,-29.94,8.25,296.94,-88.68,-168.31
52.414036,-1.550196,162.91,0,2,64.22,21 / 21,2382728,2019-09-06 18:55:49:410,0.2066,-0.0361,10.0104,-0.0024,-0.0023,9.8066,-0.0095,-0.0147,-0.0097,-26.62,-30.44,7.75,297.69,-88.64,-167.53
52.414036,-1.550196,162.91,0,2,64.22,21 / 21,2382828,2019-09-06 18:55:49:510,0.4917,-0.1114,9.7946,-0.0053,0.0009,9.8066,0.0196,-0.0122,-0.0019,-26.81,-30.62,8.31,298.8,-88.63,-166.38
52.414036,-1.550196,162.91,0,2,64.22,21 / 21,2382929,2019-09-06 18:55:49:611,0.5263,-0.2369,9.8408,0.0032,-0.0023,9.8066,0.001,-0.0012,0.0038,-26.69,-30,7.38,296.64,-88.6,-166.54
52.414036,-1.550196,162.91,0,2,64.22,21 / 21,2383028,2019-09-06 18:55:49:710,0.2697,-0.1841,9.8382,0.0042,-0.0024,9.8066,-0.0135,0.0108,-0.0085,-26.56,-30.25,7.5,299.05,-88.56,-166.1
52.414036,-1.550196,162.91,0,2,64.22,21 / 21,2383128,2019-09-06 18:55:49:810,0.3468,-0.1469,9.9437,0.0021,-0.0012,9.8066,0.0017,-0.0135,0.0126,-27.25,-30.25,7.38,296.86,-88.54,-166.27
52.414036,-1.550196,162.91,0,2,64.22,21 / 21,2383229,2019-09-06 18:55:49:911,0.2244,-0.0124,9.922,0.0029,-0.0033,9.8066,-0.0126,-0.0095,-0.0112,-26.69,-30.75,7.81,299.5,-88.51,-165.57
52.414036,-1.550196,162.91,0,2,64.22,21 / 21,2383329,2019-09-06 18:55:50:011,0.6143,-0.3335,9.7544,0.0011,0.0016,9.8066,0.0161,0.0038,0.017,-27.31,-29.56,8.06,299.52,-88.5,-165.58
52.414036,-1.550196,162.91,0,2,64.22,21 / 21,2383429,2019-09-06 18:55:50:111,0.4237,-0.2979,9.6848,0.0044,-0.0028,9.8066,0.0029,-0.0115,0.0077,-27.19,-30.31,7.69,299.13,-88.47,-165.94
52.414036,-1.550196,162.91,0,2,64.22,21 / 21,2383529,2019-09-06 18:55:50:211,0.4378,-0.2051,9.8331,-0.0005,-0.0007,9.8066,-0.0031,-0.0032,-0.0095,-27.62,-30.37,7.75,299.5,-88.43,-165.03
52.414036,-1.550196,162.91,0,2,64.22,21 / 21,2383628,2019-09-06 18:55:50:310,0.2465,-0.0429,9.8704,0.0018,0.0009,9.8066,0.0172,0.0104,0.0197,-27,-30.12,7.81,299.42,-88.43,-165.61
52.414036,-1.550196,162.91,0,2,64.22,21 / 21,2383729,2019-09-06 18:55:50:411,0.3293,0.0101,9.9481,0.0001,-0.0029,9.8066,-0.0045,-0.0192,-0.0126,-26.87,-30.31,8.06,300.04,-88.39,-164.98
52.414036,-1.550196,162.91,0,2,64.22,21 / 21,2383829,2019-09-06 18:55:50:511,0.4504,-0.1496,9.7829,-0.0018,-0.0006,9.8066,0.003,-0.0064,-0.0054,-27.12,-30.37,7.69,300.59,-88.37,-164.4
52.414036,-1.550196,162.91,0,2,64.22,21 / 21,2383929,2019-09-06 18:55:50:611,0.4303,-0.2155,9.8377,-0.0002,-0.0007,9.8066,0.0167,-0.0008,0.0184,-26.56,-30.56,7.5,300.28,-88.37,-164.66
52.414036,-1.550196,162.91,0,2,64.22,21 / 21,2384029,2019-09-06 18:55:50:711,0.4755,-0.1365,9.8405,0.001,-0.0032,9.8066,-0.0048,-0.0147,-0.0107,-26.62,-31.06,7.81,301.13,-88.33,-163.79
52.414036,-1.550196,162.91,0,2,64.22,21 / 21,2384129,2019-09-06 18:55:50:811,0.1437,-0.1345,9.8649,0.0021,-0.0004,9.8066,-0.0071,0.0114,0.0044,-27.31,-30.06,7.88,301.55,-88.31,-163.41
52.414036,-1.550196,162.91,0,2,64.22,21 / 21,2384229,2019-09-06 18:55:50:911,0.4965,-0.1442,9.8737,-0.0021,-0.0003,9.8066,0.0246,-0.0046,0.0195,-27,-30.06,7.88,301.66,-88.32,-163.31
52.414036,-1.550196,162.91,0,2,64.22,21 / 21,2384329,2019-09-06 18:55:51:011,0.2146,-0.1242,9.8182,0.0018,-0.0033,9.8066,-0.0177,-0.0114,-0.0126,-27.19,-29.87,7.75,302.13,-88.29,-162.82
52.414036,-1.550196,162.91,0,2,64.22,21 / 21,2384428,2019-09-06 18:55:51:110,0.406,-0.0809,9.8519,0.002,-0.0009,9.8066,-0.0212,0.0075,-0.0028,-26.5,-29.62,7.63,303.23,-88.26,-162.26
52.414036,-1.550196,162.91,0,2,64.22,21 / 21,2384529,2019-09-06 18:55:51:211,0.3036,-0.1962,9.7775,0.0008,-0.0005,9.8066,0.0148,-0.0106,0.014,-27,-30.44,7.69,302.86,-88.27,-162.08
52.414036,-1.550196,162.91,0,2,64.22,21 / 21,2384628,2019-09-06 18:55:51:310,0.425,-0.1351,9.8613,-0.0014,-0.002,9.8066,-0.0011,-0.0108,-0.0158,-26.56,-30.5,7.75,303.3,-88.25,-161.63
52.414036,-1.550196,162.91,0,2,64.22,21 / 21,2384729,2019-09-06 18:55:51:411,0.221,-0.0194,9.9308,0.0027,0.0009,9.8066,-0.0088,-0.008,0.0085,-26.81,-30.31,7.5,302.97,-88.21,-161.92
52.414036,-1.550196,162.91,0,2,64.22,21 / 21,2384828,2019-09-06 18:55:51:510,0.162,-0.0401,9.9133,0.0026,-0.0015,9.8066,0.0189,0.0079,0.0142,-27,-30.37,8.38,303.09,-88.23,-161.82
52.414036,-1.550196,162.91,0,2,64.22,21 / 21,2384928,2019-09-06 18:55:51:610,0.4803,-0.1164,9.8404,0.0008,-0.003,9.8066,-0.0177,-0.0115,-0.0126,-26.94,-30.31,8.19,303.18,-88.21,-161.72
52.414036,-1.550196,162.91,0,2,64.22,21 / 21,2385028,2019-09-06 18:55:51:710,0.2058,-0.1357,9.8203,0.0015,0.0004,9.8066,-0.0126,-0.0137,-0.0066,-27.06,-30.25,7.63,303.53,-88.19,-161.35
52.414036,-1.550196,162.91,0,2,64.22,21 / 21,2385129,2019-09-06 18:55:51:811,0.6176,-0.3178,9.7316,-0.0008,0.0018,9.8067,0.0232,0.0068,0.0256,-27.12,-30.19,7.94,303.36,-88.2,-161.53
52.414036,-1.550196,162.91,0,2,64.22,21 / 21,2385229,2019-09-06 18:55:51:911,0.4348,-0.1882,9.7,0.0019,-0.0044,9.8066,-0.0126,-0.0189,-0.0194,-27.31,-30,7.69,304.01,-88.17,-160.86
52.414036,-1.550196,162.91,0,2,64.22,21 / 21,2385329,2019-09-06 18:55:52:011,0.3544,-0.0315,9.991,-0.0005,0.0006,9.8066,-0.0016,-0.0041,-0.0055,-26.44,-30.44,8.19,304.96,-88.14,-160.45
52.414036,-1.550196,162.91,0,2,64.22,21 / 22,2385429,2019-09-06 18:55:52:111,0.225,0.0499,9.8467,0,0.0018,9.8066,0.0248,0.0003,0.026,-26.87,-30.19,8,304.19,-88.15,-160.67
52.414036,-1.550196,162.91,0,2,64.22,21 / 22,2385529,2019-09-06 18:55:52:211,0.2484,0.0675,9.9574,-0.0012,-0.0022,9.8066,-0.0026,-0.0295,-0.0175,-26.62,-30.62,7.88,304.39,-88.13,-160.39
52.414036,-1.550196,162.91,0,2,64.22,21 / 22,2385628,2019-09-06 18:55:52:310,0.3752,-0.1139,9.7909,-0.0002,0.0006,9.8066,-0.0028,-0.0078,-0.0091,-26.62,-29.75,7.69,304.82,-88.11,-160.02
52.414036,-1.550196,162.91,0,2,64.22,21 / 22,2385729,2019-09-06 18:55:52:411,0.4127,-0.1412,9.8707,0.0017,-0.0013,9.8066,0.01,0.0094,0.0193,-27.75,-30.31,7.56,304.12,-88.09,-160.18
52.414036,-1.550196,162.91,0,2,64.22,21 / 22,2385828,2019-09-06 18:55:52:510,0.217,-0.078,9.8722,0.0017,-0.003,9.8066,-0.0166,-0.0174,-0.0134,-26.94,-30.06,7.94,304.85,-88.05,-159.94
52.414036,-1.550196,162.91,0,2,64.22,21 / 22,2385930,2019-09-06 18:55:52:612,0.5425,-0.0511,9.81,-0.0013,0.0011,9.8066,0.0173,-0.0006,0.009,-27.12,-30.25,7.56,304.89,-88.05,-159.9
52.414036,-1.550196,162.91,0,2,64.22,21 / 22,2386029,2019-09-06 18:55:52:711,0.3418,-0.1043,9.7758,0.0008,-0.0017,9.8066,-0.0035,-0.0079,0.0001,-27,-30.62,8,304.73,-88.04,-159.98
52.414036,-1.550196,162.91,0,2,64.22,21 / 22,2386128,2019-09-06 18:55:52:810,0.6428,-0.3252,9.7458,0.0055,-0.0007,9.8066,-0.023,-0.0098,-0.009,-26.94,-30.5,7.88,305.08,-88,-159.67
52.414036,-1.550196,162.91,0,2,64.22,21 / 22,2386228,2019-09-06 18:55:52:910,0.3653,-0.1917,9.6979,0.0029,-0.0008,9.8066,0.0104,-0.006,0.0178,-26.62,-30.31,7.69,304.55,-87.99,-160.17
52.414036,-1.550196,162.91,0,2,64.22,21 / 22,2386328,2019-09-06 18:55:53:010,0.2662,0.0832,10.0147,0.0009,-0.002,9.8066,-0.0108,0.0039,-0.018,-26.94,-30.44,7.31,302.76,-87.95,-159.91
52.414036,-1.550196,162.91,0,2,64.22,21 / 21,2386429,2019-09-06 18:55:53:111,0.2143,0.0663,9.9939,-0.0019,0.0021,9.8066,0.0032,-0.0098,0.0025,-27,-30.31,7.63,304.43,-87.95,-160.26
52.414036,-1.550196,162.91,0,2,64.22,21 / 21,2386529,2019-09-06 18:55:53:211,0.0889,0.075,10.0015,0.0016,-0.0006,9.8066,0.0237,-0.0166,0.0147,-26.62,-30.37,8.44,304.29,-87.94,-160.39
52.414036,-1.550196,162.91,0,2,64.22,21 / 21,2386628,2019-09-06 18:55:53:310,0.3234,0.0624,10.0218,0.0049,-0.0035,9.8066,-0.014,0.0017,-0.0185,-27.19,-30.12,7.81,304.69,-87.89,-159.94
52.414036,-1.550196,162.91,0,2,64.22,21 / 21,2386729,2019-09-06 18:55:53:411,0.0988,0.029,9.9176,-0.0046,0.0023,9.8066,0.0143,-0.0093,0.0188,-27,-30.31,8.31,304.7,-87.9,-159.95
52.414036,-1.550196,162.91,0,2,64.22,21 / 21,2386828,2019-09-06 18:55:53:510,0.4403,-0.2487,9.7233,-0.0018,-0.0003,9.8066,0.0168,-0.0114,0.0066,-27.12,-30.44,7.63,304.77,-87.9,-159.88
52.414036,-1.550196,162.91,0,2,64.22,21 / 21,2386928,2019-09-06 18:55:53:610,0.5727,-0.1845,9.6681,-0.0014,0,9.8066,-0.0036,0.0009,-0.0131,-26.44,-30.31,8.13,305.59,-87.85,-159.56
52.414036,-1.550196,162.91,0,2,64.22,21 / 21,2387029,2019-09-06 18:55:53:711,0.1827,0.009,9.9611,-0.0026,0.0021,9.8066,0.0149,-0.0091,0.0211,-27.12,-29.87,8.19,304.81,-87.87,-159.81
52.414036,-1.550196,162.91,0,2,64.22,21 / 21,2387128,2019-09-06 18:55:53:810,0.172,0.1173,10.0069,0.005,-0.0044,9.8066,-0.0189,0.0024,-0.0114,-27.31,-30.25,7.69,305.14,-87.82,-159.45
52.414036,-1.550196,162.91,0,2,64.22,21 / 21,2387229,2019-09-06 18:55:53:911,0.0407,0.0584,9.9413,-0.0002,-0.0011,9.8066,-0.0114,-0.0004,-0.0132,-26.81,-30.12,7.69,305.27,-87.81,-159.31
52.414036,-1.550196,162.91,0,2,64.22,21 / 21,2387328,2019-09-06 18:55:54:010,0.2339,0.0587,10.0091,-0.0002,0.0001,9.8066,0.0204,-0.0057,0.0165,-27.44,-30.12,8,305.15,-87.82,-159.44
52.414036,-1.550196,162.91,0,2,64.22,21 / 21,2387429,2019-09-06 18:55:54:111,0.2644,-0.0045,9.8768,0.0027,-0.0034,9.8066,-0.009,-0.0027,-0.0029,-27.25,-30.06,8.06,305.36,-87.8,-159.21
52.414036,-1.550196,162.91,0,2,64.22,21 / 21,2387529,2019-09-06 18:55:54:211,0.1728,-0.1018,9.8226,0.0007,0.0001,9.8066,-0.0198,-0.0063,-0.0049,-27.31,-29.94,7.5,305.62,-87.78,-158.94
52.414036,-1.550196,162.91,0,2,64.22,21 / 21,2387628,2019-09-06 18:55:54:310,0.5628,-0.1543,9.7402,0.0001,0.0008,9.8066,0.0236,-0.0031,0.0213,-26.87,-30.5,8.31,305.39,-87.8,-159.18
52.414036,-1.550196,162.91,0,2,64.22,21 / 21,2387729,2019-09-06 18:55:54:411,0.3287,-0.1932,9.6897,0.0053,-0.0014,9.8066,-0.0209,0.0004,-0.0155,-26.75,-30.44,7.88,305.45,-87.76,-159.09
52.414036,-1.550196,162.91,0,2,64.22,21 / 21,2387828,2019-09-06 18:55:54:510,0.5754,0.1274,9.88,0.0043,-0.0009,9.8066,-0.0092,0.0057,0.0019,-26.44,-30.25,8.19,305.83,-87.75,-159.24
52.414036,-1.550196,162.91,0,2,64.22,21 / 21,2387929,2019-09-06 18:55:54:611,0.139,0.1616,10.0279,-0.0021,-0.0017,9.8066,-0.0014,-0.013,-0.0047,-26.44,-29.87,7.69,306.1,-87.76,-158.98
52.414036,-1.550196,162.91,0,2,64.22,21 / 21,2388029,2019-09-06 18:55:54:711,0.5015,0.0984,9.867,0.003,-0.0001,9.8066,-0.0261,0.007,-0.0203,-26.69,-30.31,8.13,305.3,-87.71,-159.2
52.414036,-1.550196,162.91,0,2,64.22,21 / 21,2388129,2019-09-06 18:55:54:811,0.2809,-0.1512,9.8302,0.0027,0.0009,9.8066,0.0098,0.0055,0.016,-26.75,-29.87,8.13,305.08,-87.73,-159.43
52.414036,-1.550196,162.91,0,2,64.22,21 / 21,2388228,2019-09-06 18:55:54:910,0.8168,-0.0469,9.7007,0.001,-0.0012,9.8066,0.0152,0.0281,-0.0013,-26.81,-30.44,8.38,304.58,-87.72,-159.9
52.414036,-1.550196,162.91,0,2,64.22,21 / 21,2388329,2019-09-06 18:55:55:011,0.5913,0.0831,9.9655,0.002,-0.0006,9.8066,-0.0213,0.0234,-0.0118,-27.44,-29.69,7.94,304.29,-87.68,-160.14
52.414036,-1.550196,162.91,0,2,64.22,21 / 21,2388428,2019-09-06 18:55:55:110,0.9028,0.1547,9.9376,-0.0001,0.0007,9.8066,-0.0002,0.0333,0.003,-26.75,-29.69,7.88,304.11,-87.68,-160.32
52.414036,-1.550196,162.91,0,2,64.22,21 / 21,2388529,2019-09-06 18:55:55:211,0.7569,0.1352,9.8846,0.0062,0.0005,9.8066,0.0083,0.0519,-0.0135,-26.62,-30.31,8.31,302.48,-87.65,-161.89
52.414036,-1.550196,162.91,0,2,64.22,21 / 21,2388629,2019-09-06 18:55:55:311,1.9665,0.0437,9.8063,0.007,0.0001,9.8066,0.0248,0.0646,-0.021,-26.94,-29.5,8.25,301.39,-87.63,-163
52.414036,-1.550196,162.91,0,2,64.22,21 / 21,2388730,2019-09-06 18:55:55:412,2.2531,0.0959,9.801,0.0099,0.0018,9.8066,0.0246,0.131,-0.0162,-27,-30.06,8.94,301.85,-87.62,-164.43
52.414036,-1.550196,162.91,0,2,64.22,21 / 21,2388829,2019-09-06 18:55:55:511,1.7683,0.386,9.7753,0.0126,0.0007,9.8066,0.0071,0.1568,-0.0179,-26.31,-30.31,8.44,297.25,-87.46,-167.34
52.414036,-1.550196,162.91,0,2,64.22,21 / 21,2388929,2019-09-06 18:55:55:611,1.529,0.4353,9.8602,-0.0046,0.0029,9.8066,0.0201,0.1852,-0.0259,-26.56,-30.12,7.19,293.08,-87.46,-168.92
52.414036,-1.550196,162.91,0,2,64.22,21 / 21,2389030,2019-09-06 18:55:55:712,2.3305,0.7059,9.7103,-0.006,0.0089,9.8066,0.0323,0.2193,-0.0316,-26.31,-30.5,6.88,292.23,-87.48,-170.22
52.414036,-1.550196,162.91,0,2,64.22,21 / 21,2389129,2019-09-06 18:55:55:811,1.6827,0.5515,9.9404,0.0142,0.0049,9.8066,0.0164,0.2873,-0.0341,-25.12,-30.87,5.81,286.28,-87.36,-174.14
52.414036,-1.550196,162.91,0,2,64.22,21 / 21,2389229,2019-09-06 18:55:55:911,2.5022,0.6343,9.8379,0.0063,0.009,9.8066,0.0429,0.3028,-0.0362,-24.94,-31.37,5.38,281.45,-87.34,-176.67
52.414036,-1.550196,162.91,0,2,64.22,21 / 21,2389328,2019-09-06 18:55:56:010,1.8073,0.8639,9.5999,-0.0024,0.0125,9.8066,-0.0431,0.3724,-0.0668,-24.62,-31.12,4.94,278.85,-87.3,-179.21
52.414036,-1.550196,162.91,0,2,64.22,21 / 21,2389428,2019-09-06 18:55:56:110,1.913,0.7352,9.5211,0.0065,0.0132,9.8066,-0.032,0.3573,-0.0511,-24,-31.69,4.06,271.08,-87.31,175.16
52.414036,-1.550196,162.91,0,2,64.22,21 / 21,2389528,2019-09-06 18:55:56:210,2.5255,0.9766,9.8397,0.0032,0.0197,9.8066,0.0129,0.416,-0.0903,-23.5,-31.69,3.56,265.7,-87.26,169.59
52.414036,-1.550196,162.91,0,2,64.22,21 / 21,2389629,2019-09-06 18:55:56:311,2.9878,1.232,9.8774,0.0013,0.0197,9.8066,0.0645,0.4534,-0.0704,-23,-31,2.31,256.26,-87.2,164.93
52.414036,-1.550196,162.91,0,2,64.22,21 / 21,2389729,2019-09-06 18:55:56:411,2.1629,1.2369,9.9259,0.0234,0.0165,9.8066,-0.005,0.4692,-0.0841,-22.37,-31.44,1.5,250.93,-86.88,159.86
52.414036,-1.550196,162.91,0,2,64.22,21 / 21,2389828,2019-09-06 18:55:56:510,2.1261,1.5427,9.6196,0.0074,0.0193,9.8066,-0.0349,0.4837,-0.0752,-21.5,-31,1.69,247.57,-86.72,156.57
52.414036,-1.550196,162.91,0,2,64.22,21 / 21,2389929,2019-09-06 18:55:56:611,1.9636,1.2305,10.0963,0.0065,-0.0018,9.8066,0.0043,0.484,0.0161,-21.12,-31.37,1.25,243.15,-86.61,154.85
52.414036,-1.550196,162.91,0,2,64.22,21 / 21,2390029,2019-09-06 18:55:56:711,0.344,1.5738,9.6907,0.0151,-0.0096,9.8066,-0.0126,0.5333,-0.0711,-19.62,-31.5,0.69,245.02,-86.55,156.97
52.414036,-1.550196,162.91,0,2,64.22,21 / 21,2390129,2019-09-06 18:55:56:811,2.1843,2.14,10.0709,0.0298,0.0123,9.8065,0.0236,0.5361,-0.0048,-19.12,-32,0.06,242.94,-86.16,158.67
52.414036,-1.550196,162.91,0,2,64.22,21 / 21,2390229,2019-09-06 18:55:56:911,2.0834,1.6695,9.6371,0.0495,-0.0004,9.8064,0.0083,0.5449,-0.0599,-19.25,-32.69,-0.94,241.31,-85.91,160.5
52.414036,-1.550196,162.91,0,2,64.22,21 / 21,2390329,2019-09-06 18:55:57:011,1.6218,2.0394,9.9751,-0.0112,0.0026,9.8066,-0.0103,0.5558,-0.0368,-18.56,-32.06,-0.19,243.89,-85.74,160.29
52.414036,-1.550196,162.91,0,2,64.22,21 / 22,2390428,2019-09-06 18:55:57:110,1.6583,1.7413,9.4594,-0.0054,0.019,9.8066,0.0318,0.5367,-0.0326,-17,-32.31,-0.87,238.4,-85.51,158.9
52.414036,-1.550196,162.91,0,2,64.22,21 / 22,2390528,2019-09-06 18:55:57:210,1.2296,2.0466,10.103,0.0054,0.0184,9.8065,0.135,0.5607,-0.0944,-15.5,-32.37,-0.56,236.92,-85.18,159.29
52.414036,-1.550196,162.91,0,2,64.22,21 / 22,2390629,2019-09-06 18:55:57:311,2.3742,2.6933,10.2212,-0.0022,0.0188,9.8066,-0.0802,0.5937,-0.0933,-14.81,-32.19,-1.44,233.97,-84.8,156.68
52.414036,-1.550196,162.91,0,2,64.22,21 / 22,2390729,2019-09-06 18:55:57:411,1.1818,2.8581,10.2181,0.0215,-0.0066,9.8066,-0.0421,0.5222,0.0443,-14.69,-32.37,-1.25,235.25,-84.66,158.34
52.414036,-1.550196,162.91,0,2,64.22,21 / 22,2390830,2019-09-06 18:55:57:512,0.4075,2.3456,10.1597,0.0248,-0.0174,9.8066,0.0552,0.544,-0.0051,-14.44,-31.87,-1.62,233.57,-84.75,161.21
52.414036,-1.550196,162.91,0,2,64.22,21 / 22,2390929,2019-09-06 18:55:57:611,0.7981,1.9276,9.6516,0.0147,-0.004,9.8066,0.0111,0.5161,-0.0327,-12.87,-31.75,-1.75,235.36,-84.68,164.73
52.414036,-1.550196,162.91,0,2,64.22,21 / 22,2391029,2019-09-06 18:55:57:711,0.2071,2.6972,9.6061,0.0273,0.0034,9.8065,0.055,0.5903,-0.0612,-12.25,-31.5,-2.5,235.2,-84.53,166.09
52.414036,-1.550196,162.91,0,2,64.22,21 / 22,2391129,2019-09-06 18:55:57:811,0.9868,1.869,9.6454,-0.0011,-0.0118,9.8066,0.0076,0.5878,-0.0887,-12,-31.94,-1.81,234.25,-84.31,165.83
52.414036,-1.550196,162.91,0,2,64.22,21 / 22,2391229,2019-09-06 18:55:57:911,0.0339,2.5362,10.2686,-0.0087,-0.0085,9.8066,-0.008,0.4771,0.0357,-10.81,-32.19,-1.94,233.77,-84.29,167.26
52.414036,-1.550196,162.91,0,2,64.22,21 / 22,2391329,2019-09-06 18:55:58:011,1.32,2.3129,10.032,0.0118,-0.0146,9.8065,-0.0441,0.4577,-0.0042,-9.62,-32.44,-2.19,234,-84.29,169.85
52.414036,-1.550196,162.91,0,2,64.22,21 / 21,2391429,2019-09-06 18:55:58:111,1.1742,0.9933,10.6821,0.01,-0.0049,9.8066,-0.0034,0.406,-0.0005,-9.62,-32.19,-2.19,235.68,-84.34,171.71
52.414036,-1.550196,162.91,0,2,64.22,21 / 21,2391529,2019-09-06 18:55:58:211,0.1502,1.179,9.2076,0.0389,0.0209,9.8065,-0.1254,0.3465,-0.0395,-8.69,-33,-1.62,232.62,-84.2,171.76
52.414036,-1.550196,162.91,0,2,64.22,21 / 21,2391628,2019-09-06 18:55:58:310,0.1491,1.2397,9.5681,0.048,0.0164,9.8064,-0.161,0.3321,-0.0638,-8.19,-32.06,-2.06,230.89,-84.08,172.95
52.414036,-1.550196,162.91,0,2,64.22,21 / 21,2391728,2019-09-06 18:55:58:410,1.1286,1.8304,9.2787,-0.006,-0.0053,9.8066,-0.0341,0.2472,0.0884,-7.94,-32.12,-1.44,236.21,-84.1,173.09
52.414036,-1.550196,162.91,0,2,64.22,21 / 21,2391829,2019-09-06 18:55:58:511,1.3323,-0.1915,9.8178,0.0141,-0.0024,9.8066,-0.0448,0.0952,0.0465,-8.12,-32.62,-2.12,231.72,-84.12,174.44
52.414036,-1.550196,162.91,0,2,64.22,21 / 21,2391929,2019-09-06 18:55:58:611,1.3993,0.917,10.3838,-0.0189,-0.0169,9.8066,0.0442,0.2145,-0.1097,-7.19,-32.5,-1.69,230.85,-84.23,176.76
52.414036,-1.550196,162.91,0,2,64.22,21 / 21,2392029,2019-09-06 18:55:58:711,2.1844,0.1494,10.0558,-0.0265,0.0044,9.8066,0.1123,0.0233,0.1338,-7.06,-32.25,-1.31,235.31,-84.3,175.05
52.414036,-1.550196,162.91,0,2,64.22,21 / 21,2392129,2019-09-06 18:55:58:811,1.8087,1.1765,9.6277,-0.0025,-0.0076,9.8066,-0.0013,0.0626,0.0035,-7.25,-32.5,-1.56,230.84,-84.3,176.49
52.414036,-1.550196,162.91,0,2,64.22,21 / 21,2392228,2019-09-06 18:55:58:910,1.103,0.5649,9.887,0.0025,-0.016,9.8066,0.0484,0.0968,-0.0032,-6.81,-32.56,-1.31,236.85,-84.26,177.91
52.414036,-1.550196,162.91,0,2,64.22,21 / 21,2392329,2019-09-06 18:55:59:011,1.8369,-0.5547,9.9604,0.0264,0.0089,9.8066,-0.0612,-0.0173,0.0817,-7.19,-32.37,-1,237.28,-84.18,178.07
52.414143,-1.550175,161.01,6.35,2,341.02,21 / 21,2392428,2019-09-06 18:55:59:110,1.6212,0.2804,10.3343,0.0256,0.0037,9.8065,-0.1089,0.07,-0.0786,-7,-32.81,-1.12,237.6,-84.13,179.47
52.414143,-1.550175,161.01,6.35,2,341.02,21 / 21,2392529,2019-09-06 18:55:59:211,0.6311,0.4933,9.5391,0.0011,-0.0094,9.8066,0.0024,-0.0401,-0.0239,-6.81,-33.12,-1.37,237.92,-84.06,-179.84
52.414143,-1.550175,161.01,6.35,2,341.02,21 / 21,2392629,2019-09-06 18:55:59:311,1.5303,0.6382,9.7237,0.0147,0.0057,9.8066,-0.0076,-0.0225,0.0687,-6.75,-32.69,-0.44,244.35,-83.94,-178.98
52.414143,-1.550175,161.01,6.35,2,341.02,21 / 21,2392728,2019-09-06 18:55:59:410,2.4857,0.2178,9.8994,0.0173,-0.0027,9.8066,0.0165,0.0391,-0.0047,-6.5,-32.56,-1,234.22,-83.81,-178.02
52.414143,-1.550175,161.01,6.35,2,341.02,21 / 21,2392829,2019-09-06 18:55:59:511,1.4365,0.6163,9.4651,0.0018,0.0038,9.8065,-0.0143,-0.0427,0.0699,-7.06,-32.37,-1.25,239.06,-83.74,-177.81
52.414143,-1.550175,161.01,6.35,2,341.02,21 / 21,2392930,2019-09-06 18:55:59:612,2.9381,0.9797,9.7648,0.0027,-0.0096,9.8066,-0.1297,0.0061,-0.0009,-7.25,-32.37,-1,239.98,-83.8,-176.91
52.414143,-1.550175,161.01,6.35,2,341.02,21 / 21,2393029,2019-09-06 18:55:59:711,-0.0472,0.8616,9.8481,0.0049,-0.0166,9.8066,-0.1041,0.0496,-0.0232,-6.94,-32.69,-1.06,239.92,-83.84,-176.29
52.414143,-1.550175,161.01,6.35,2,341.02,21 / 21,2393129,2019-09-06 18:55:59:811,2.467,0.7324,10.0338,-0.01,-0.0042,9.8066,0.0333,-0.0087,0.0562,-6.56,-32.81,-1.19,241.39,-83.95,-174.91
52.414143,-1.550175,161.01,6.35,2,341.02,21 / 21,2393229,2019-09-06 18:55:59:911,1.3038,0.742,9.4247,-0.0058,-0.0016,9.8066,0.0745,-0.0113,0.0289,-7.06,-31.81,-0.75,241.83,-83.9,-174.95
52.414143,-1.550175,161.01,6.35,2,341.02,21 / 21,2393329,2019-09-06 18:56:00:011,1.9455,0.6366,9.7206,-0.0044,-0.0152,9.8066,0.0705,0.0472,-0.0862,-7,-32.44,-1.06,241.92,-83.78,-174.31
52.414143,-1.550175,161.01,6.35,2,341.02,21 / 21,2393428,2019-09-06 18:56:00:110,0.1378,-0.3759,10.2918,-0.0124,-0.0111,9.8065,-0.0045,0.048,0.0001,-6.75,-31.87,-0.56,241.84,-83.75,-174.28
52.414143,-1.550175,161.01,6.35,2,341.02,21 / 21,2393529,2019-09-06 18:56:00:211,1.3523,1.2694,10.1778,-0.0186,-0.0138,9.8065,-0.0109,0.1195,0.032,-7.19,-32.75,-1.19,241.23,-83.74,-174.17
52.414143,-1.550175,161.01,6.35,2,341.02,21 / 21,2393628,2019-09-06 18:56:00:310,1.173,0.9941,9.8919,0.0085,0.0039,9.8066,0.0401,0.0223,0.1217,-7.5,-32.12,-0.44,248.03,-83.69,-174.15
52.414143,-1.550175,161.01,6.35,2,341.02,21 / 21,2393728,2019-09-06 18:56:00:410,1.3796,-0.2176,10.4284,0.0206,-0.0104,9.8065,0.0417,0.0359,-0.0726,-7.12,-33.5,-0.81,242.01,-83.61,-172.55
52.414143,-1.550175,161.01,6.35,2,341.02,21 / 21,2393829,2019-09-06 18:56:00:511,2.2973,0.3855,10.1033,-0.0035,0.0016,9.8066,0.0424,-0.0607,-0.0006,-7.56,-32.25,-0.94,246.32,-83.58,-172.57
52.414143,-1.550175,161.01,6.35,2,341.02,21 / 21,2393928,2019-09-06 18:56:00:610,0.3728,0.7344,9.5559,-0.0025,0.0037,9.8066,0.0967,0.0269,0.0413,-7.25,-33.19,-0.69,241.65,-83.57,-172.85
52.414143,-1.550175,161.01,6.35,2,341.02,21 / 21,2394029,2019-09-06 18:56:00:711,2.6163,0.1171,9.3813,0.0044,-0.0034,9.8066,-0.0271,0.0349,-0.0007,-7.56,-32.81,-0.94,245.72,-83.36,-171.58
52.414143,-1.550175,161.01,6.35,2,341.02,21 / 21,2394129,2019-09-06 18:56:00:811,3.0797,0.5438,9.7906,-0.0159,-0.0125,9.8066,-0.0185,0.0073,0.0109,-7.25,-32.81,-1.37,241.77,-83.42,-171.97
52.414143,-1.550175,161.01,6.35,2,341.02,21 / 21,2394228,2019-09-06 18:56:00:910,1.7679,0.9097,10.7487,0.0067,0.0156,9.8066,0.0622,0.0069,-0.0232,-7.31,-32.31,-0.5,248.96,-83.56,-172.38
52.414143,-1.550175,161.01,6.35,2,341.02,21 / 21,2394329,2019-09-06 18:56:01:011,2.2097,0.9298,8.656,0.062,0.0425,9.8064,-0.1771,-0.0718,0.0543,-6.94,-32.44,-1.44,241.51,-83.4,-173.15
52.414143,-1.550175,161.01,6.35,2,341.02,21 / 22,2394429,2019-09-06 18:56:01:111,-0.3907,-0.4168,10.2388,-0.0147,0.0019,9.8065,-0.2883,-0.0989,-0.0262,-7.12,-32.69,-0.87,241.21,-83.43,-172.76
52.414143,-1.550175,161.01,6.35,2,341.02,21 / 22,2394529,2019-09-06 18:56:01:211,-0.3534,-0.7815,9.4238,0.0446,0.0397,9.8064,-0.3312,-0.1351,-0.0288,-7,-32.44,-0.62,239.52,-83.13,-174.54
52.414143,-1.550175,161.01,6.35,2,341.02,21 / 22,2394629,2019-09-06 18:56:01:311,-0.3773,0.8067,9.7607,-0.0317,-0.0416,9.8065,0.1926,0.0796,-0.0059,-7,-32.75,-0.87,239.18,-83.31,-174.9
52.414143,-1.550175,161.01,6.35,2,341.02,21 / 22,2394729,2019-09-06 18:56:01:411,0.4144,-0.6026,10.0087,-0.0422,-0.0358,9.8064,0.0922,-0.0657,-0.0842,-7.25,-33,-0.87,239.79,-83.42,-174.57
52.414143,-1.550175,161.01,6.35,2,341.02,21 / 22,2394829,2019-09-06 18:56:01:511,0.218,-0.3967,10.0214,0.0096,0.0068,9.8066,-0.1177,-0.0012,0.049,-6.75,-32.87,-1.19,240.36,-83.57,-174.49
52.414143,-1.550175,161.01,6.35,2,341.02,21 / 22,2394928,2019-09-06 18:56:01:610,1.2171,-1.0154,10.0513,0.0079,-0.0023,9.8066,0.1144,-0.0697,0.0859,-7.25,-32.62,-1.31,240.83,-83.57,-173.91
52.414143,-1.550175,161.01,6.35,2,341.02,21 / 22,2395029,2019-09-06 18:56:01:711,1.2288,-0.4564,9.7187,0.0269,0.0055,9.8066,0.0417,-0.0819,-0.0428,-6.69,-32.69,-0.94,240.84,-83.33,-172.77
52.414143,-1.550175,161.01,6.35,2,341.02,21 / 22,2395129,2019-09-06 18:56:01:811,0.8838,1.0222,10.8158,0.01,0.0179,9.8065,0.0448,0.0011,-0.008,-7.37,-33.06,-0.94,240.12,-83.19,-173.09
52.414143,-1.550175,161.01,6.35,2,341.02,21 / 22,2395229,2019-09-06 18:56:01:911,0.6048,0.0919,10.4792,0.0081,0.0032,9.8066,-0.0188,-0.1236,0.0472,-7.31,-32.87,-0.56,239.78,-83.25,-173.82
52.414143,-1.550175,161.01,6.35,2,341.02,21 / 22,2395329,2019-09-06 18:56:02:011,1.128,-1.5488,9.7865,-0.0025,0.0056,9.8066,0.0273,0.0347,-0.0417,-7.31,-33.19,-1.12,239.45,-83.18,-173.95
52.414143,-1.550175,161.01,6.35,2,341.02,21 / 22,2395431,2019-09-06 18:56:02:113,-1.4269,2.6182,10.1692,-0.0324,-0.034,9.8065,0.2362,0.1962,-0.0886,-7.12,-32.31,-0.87,238.66,-83.22,-176.09
52.414143,-1.550175,161.01,6.35,2,341.02,21 / 22,2395529,2019-09-06 18:56:02:211,3.6159,-0.7973,9.8627,-0.0516,-0.0314,9.8064,-0.1861,-0.0229,-0.1007,-6.75,-32.06,-1.31,239.69,-83.45,-175.72
52.414143,-1.550175,161.01,6.35,2,341.02,21 / 22,2395628,2019-09-06 18:56:02:310,1.4527,-0.5917,9.5867,0.0162,0.0284,9.8065,-0.1361,0.1067,0.0188,-7.44,-32.56,-1.25,238.47,-83.04,-174.62
52.414143,-1.550175,161.01,6.35,2,341.02,21 / 22,2395729,2019-09-06 18:56:02:411,0.6932,-1.0973,9.2093,0.0446,-0.0007,9.8065,-0.0101,0.0616,0.105,-7.06,-32.69,-1.06,238.67,-83.02,-174.24
52.414143,-1.550175,161.01,6.35,2,341.02,21 / 22,2395829,2019-09-06 18:56:02:511,0.1942,-0.5534,8.9168,-0.0151,-0.0079,9.8066,-0.0811,0.0287,-0.0376,-7.62,-31.69,-1.44,244.14,-82.99,-172.87
52.414143,-1.550175,161.01,6.35,2,341.02,21 / 22,2395929,2019-09-06 18:56:02:611,1.5266,0.5521,9.4832,0.0227,0.0017,9.8066,0.0172,-0.0683,0.0208,-7.81,-32.5,-1.5,244,-82.87,-172.6
52.414143,-1.550175,161.01,6.35,2,341.02,21 / 22,2396028,2019-09-06 18:56:02:710,1.6423,-1.1588,9.3804,0.0067,0.0132,9.8066,-0.102,-0.0436,0.063,-7.75,-32.56,-1.06,243,-82.87,-172.97
52.414143,-1.550175,161.01,6.35,2,341.02,21 / 22,2396128,2019-09-06 18:56:02:810,0.8819,0.1729,9.2895,0.0407,0.0275,9.8065,-0.1944,-0.018,0.0355,-7.25,-32.25,-1.12,238.44,-82.66,-173.93
52.414143,-1.550175,161.01,6.35,2,341.02,21 / 22,2396229,2019-09-06 18:56:02:911,-0.0007,-0.5267,9.4766,-0.0448,-0.0289,9.8065,0.0569,-0.138,-0.0593,-7.69,-32.56,-1.19,243.23,-83.06,-173.44
52.414143,-1.550175,161.01,6.35,2,341.02,21 / 22,2396328,2019-09-06 18:56:03:010,-0.3398,0.1649,9.5125,-0.0387,-0.0121,9.8065,0.1428,0.0077,-0.0371,-7.31,-32.19,-1.19,239.25,-83.03,-174.48
52.414143,-1.550175,161.01,6.35,2,341.02,22 / 22,2396428,2019-09-06 18:56:03:110,1.7217,0.5212,9.0481,0.0002,0.0012,9.8066,-0.2,-0.0135,0.1393,-7.62,-32.12,-1.19,242.34,-82.88,-174.7
52.414143,-1.550175,161.01,6.35,2,341.02,22 / 22,2396529,2019-09-06 18:56:03:211,0.1308,-0.4345,10.2046,0.0186,-0.0046,9.8066,-0.053,0.0243,-0.0189,-7.31,-32.81,-1.44,238.49,-82.87,-173.81
52.414143,-1.550175,161.01,6.35,2,341.02,22 / 22,2396628,2019-09-06 18:56:03:310,0.6928,-0.3762,9.9461,0.0069,0.0161,9.8066,-0.0529,-0.085,0.0391,-8.12,-32.12,-1.31,243.38,-82.83,-173.22
52.414143,-1.550175,161.01,6.35,2,341.02,22 / 22,2396729,2019-09-06 18:56:03:411,-0.1754,-0.1372,9.4558,0.038,0.0118,9.8065,0.121,-0.0043,-0.0026,-7.62,-32.12,-1.06,242.6,-82.6,-173.3
52.414143,-1.550175,161.01,6.35,2,341.02,22 / 22,2396828,2019-09-06 18:56:03:510,1.5024,0.3562,9.8618,-0.0197,-0.0064,9.8066,0.0108,0.0918,0.0178,-7.69,-32.75,-0.87,241.88,-82.55,-173.08
52.414143,-1.550175,161.01,6.35,2,341.02,22 / 22,2396929,2019-09-06 18:56:03:611,1.6652,0.0523,9.3947,-0.0111,-0.0039,9.8066,-0.001,-0.1322,0.1141,-7.56,-32.69,-0.5,246.78,-82.56,-173.77
52.414143,-1.550175,161.01,6.35,2,341.02,22 / 22,2397029,2019-09-06 18:56:03:711,0.8746,-0.1628,9.6282,-0.0329,-0.0146,9.8066,0.0289,-0.039,-0.1781,-7.37,-32.19,-0.75,239.28,-82.7,-172.99
52.414143,-1.550175,161.01,6.35,2,341.02,22 / 22,2397129,2019-09-06 18:56:03:811,1.2163,0.0081,10.0423,-0.0309,0.0066,9.8065,0.042,0.0505,0.0568,-7.37,-32.44,-1.06,237.67,-82.68,-175.07
52.414143,-1.550175,161.01,6.35,2,341.02,22 / 22,2397229,2019-09-06 18:56:03:911,0.7289,0.0568,10.3814,0.0158,0.0116,9.8066,0.0077,0.0325,0.0509,-8,-32.56,-1.12,239.42,-82.56,-176.32
52.414143,-1.550175,161.01,6.35,2,341.02,22 / 22,2397329,2019-09-06 18:56:04:011,2.0556,-0.3745,10.4633,0.0148,0.0007,9.8066,0.1515,-0.1106,-0.0445,-7.69,-32.75,-0.62,238.75,-82.28,-176.13
52.414143,-1.550175,161.01,6.35,2,341.02,21 / 22,2397429,2019-09-06 18:56:04:111,0.8892,-0.5223,9.8114,0.0018,0.0053,9.8066,-0.0008,-0.0886,-0.0003,-7,-32.94,-0.56,234.35,-82.05,-175.9
52.414143,-1.550175,161.01,6.35,2,341.02,21 / 22,2397529,2019-09-06 18:56:04:211,2.0548,0.1918,9.9289,0.0148,0.0105,9.8065,0.0245,0.0762,0.0907,-7.37,-32.69,-0.44,239.09,-81.89,-176.08
52.414143,-1.550175,161.01,6.35,2,341.02,21 / 22,2397629,2019-09-06 18:56:04:311,-1.0933,0.0629,10.0223,-0.0032,-0.0302,9.8065,-0.0532,0.0272,-0.0936,-7.69,-32.62,-0.12,244.23,-81.91,-174.2
52.414143,-1.550175,161.01,6.35,2,341.02,21 / 22,2397729,2019-09-06 18:56:04:411,-0.7578,-0.0294,10.1133,-0.0142,-0.0228,9.8066,0.017,0.0796,0.0036,-8,-32.44,-0.19,245.61,-81.91,-173.49
52.414143,-1.550175,161.01,6.35,2,341.02,21 / 22,2397829,2019-09-06 18:56:04:511,0.8855,0.9243,9.7233,0.0304,0.0005,9.8065,0.0478,0.0021,0.1171,-7.81,-32.69,-0.75,239.7,-81.88,-173.23
52.414143,-1.550175,161.01,6.35,2,341.02,21 / 22,2397928,2019-09-06 18:56:04:610,1.3574,-0.009,9.7471,0.0006,-0.0266,9.8065,0.1156,0.0008,-0.0008,-7.94,-32.81,-0.87,241.19,-81.73,-170.62
52.414143,-1.550175,161.01,6.35,2,341.02,21 / 22,2398028,2019-09-06 18:56:04:710,1.6795,0.0523,10.3197,0.0313,0.024,9.8065,-0.1292,-0.0462,-0.0127,-8.37,-32.69,-0.69,240.91,-81.58,-170.35
52.414143,-1.550175,161.01,6.35,2,341.02,21 / 22,2398129,2019-09-06 18:56:04:811,1.064,-1.1585,10.6452,0.016,0.0096,9.8065,-0.026,-0.1529,-0.0157,-8.75,-32.94,-0.62,244.93,-81.69,-170.18
52.414143,-1.550175,161.01,6.35,2,341.02,21 / 22,2398229,2019-09-06 18:56:04:911,1.1879,-1.3301,10.4776,-0.0048,0.0208,9.8066,-0.0385,-0.0249,-0.0415,-7.87,-32.62,-0.25,245.19,-81.54,-171.29
52.414143,-1.550175,161.01,6.35,2,341.02,21 / 22,2398329,2019-09-06 18:56:05:011,0.1208,0.6466,9.6992,-0.0021,0.0039,9.8066,0.0649,-0.0091,0.0187,-7.5,-32.44,-0.12,241.03,-81.5,-172.66
52.414143,-1.550175,161.01,6.35,2,341.02,22 / 22,2398429,2019-09-06 18:56:05:111,0.1645,0.2475,10.2028,0.0083,0.0053,9.8066,-0.0138,0.0083,-0.0995,-7.94,-32.37,-0.25,243.72,-81.39,-173.73
52.414143,-1.550175,161.01,6.35,2,341.02,22 / 22,2398529,2019-09-06 18:56:05:211,0.7884,0.6748,10.3588,-0.0211,-0.0035,9.8066,0.1057,-0.1125,-0.0093,-7.94,-32.87,-0.56,237.34,-81.37,-174.43
52.414143,-1.550175,161.01,6.35,2,341.02,22 / 22,2398629,2019-09-06 18:56:05:311,0.5925,-0.1679,10.104,0.0083,0.0147,9.8066,-0.0332,-0.0121,-0.0598,-7.56,-32.25,-0.25,242.19,-81.27,-175.27
52.414143,-1.550175,161.01,6.35,2,341.02,22 / 22,2398728,2019-09-06 18:56:05:410,0.2741,1.0457,9.5186,0.0061,0.0116,9.8066,0.0114,0.0219,-0.0032,-8,-32.56,-0.37,240.76,-81.22,-175.87
52.414143,-1.550175,161.01,6.35,2,341.02,22 / 22,2398829,2019-09-06 18:56:05:511,-0.0195,-1.1557,9.5934,-0.0133,-0.0068,9.8066,-0.023,-0.035,0.0843,-7.75,-33,-0.44,240.55,-81.17,-175.93
52.414143,-1.550175,161.01,6.35,2,341.02,22 / 22,2398929,2019-09-06 18:56:05:611,-1.0208,-0.3051,10.3375,0.0294,-0.0047,9.8066,-0.135,0.0798,-0.0219,-7.44,-32.62,-0.37,236.34,-80.86,-175.05
52.414143,-1.550175,161.01,6.35,2,341.02,22 / 22,2399029,2019-09-06 18:56:05:711,-0.2069,-0.6432,9.2467,-0.0334,-0.0323,9.8065,0.3079,-0.0223,-0.0689,-7.44,-33.25,0.19,236,-80.8,-175.27
52.414143,-1.550175,161.01,6.35,2,341.02,22 / 22,2399129,2019-09-06 18:56:05:811,1.6108,1.2179,10.2687,-0.092,-0.0404,9.8061,0.2037,-0.1932,0.0649,-7.5,-33,-0.25,236.9,-81.17,-175.7
52.414143,-1.550175,161.01,6.35,2,341.02,22 / 22,2399228,2019-09-06 18:56:05:910,1.7576,-0.2128,10.7171,0.0069,0.0356,9.8065,0.0218,-0.0392,-0.0356,-7,-32.62,-0.5,235.88,-81.06,-176.73
52.414143,-1.550175,161.01,6.35,2,341.02,22 / 22,2399329,2019-09-06 18:56:06:011,1.0631,1.3698,9.2295,0.0151,0.0247,9.8066,-0.1744,0.0256,-0.0357,-7.5,-32.87,-0.56,230.58,-81.13,-177.57
52.414143,-1.550175,161.01,6.35,2,341.02,22 / 22,2399429,2019-09-06 18:56:06:111,0.3062,0.0235,10.2867,0.0248,0.0265,9.8065,-0.0473,0.0195,0.0727,-7.5,-33,-0.37,234.6,-80.9,-177.95
52.414143,-1.550175,161.01,6.35,2,341.02,22 / 22,2399529,2019-09-06 18:56:06:211,0.307,-0.0938,10.5946,0.0258,0.0023,9.8065,-0.0747,-0.0156,0.0414,-7.31,-32.5,0.13,235.48,-80.76,-177.28
52.414143,-1.550175,161.01,6.35,2,341.02,22 / 22,2399628,2019-09-06 18:56:06:310,-0.2793,0.2475,10.1386,0.0206,0.0119,9.8066,-0.1399,0.0281,0.0709,-7.69,-32.75,-0.06,238.35,-80.71,-177.09
52.414143,-1.550175,161.01,6.35,2,341.02,22 / 22,2399729,2019-09-06 18:56:06:411,1.0181,0.7159,10.247,0.0376,0.0204,9.8065,0.2282,-0.0695,-0.0076,-7.56,-32.69,0.44,237.73,-80.38,-176.57
52.414143,-1.550175,161.01,6.35,2,341.02,22 / 22,2399829,2019-09-06 18:56:06:511,1.2402,-0.0308,9.4965,-0.0257,-0.0223,9.8065,0.0378,-0.0286,0.0066,-7.81,-32.94,-0.25,238.44,-80.64,-176.63
52.414143,-1.550175,161.01,6.35,2,341.02,22 / 22,2399929,2019-09-06 18:56:06:611,-0.5364,-0.7022,9.1423,-0.0118,-0.0116,9.8066,0.0432,0.0206,-0.0142,-7.81,-33.19,-0.25,238.37,-80.59,-176.55
52.414143,-1.550175,161.01,6.35,2,341.02,22 / 22,2400029,2019-09-06 18:56:06:711,1.5512,0.1602,11.1093,0.0222,0.0145,9.8066,-0.0619,0.0244,-0.0318,-8.06,-32.5,-0.06,238.36,-80.33,-176.69
52.414143,-1.550175,161.01,6.35,2,341.02,22 / 22,2400128,2019-09-06 18:56:06:810,1.4285,1.1257,10.9341,0.0883,0.0472,9.8061,-0.1956,-0.0219,-0.0296,-8.44,-32.94,0.44,237.17,-80.16,-176.43
52.414143,-1.550175,161.01,6.35,2,341.02,22 / 22,2400228,2019-09-06 18:56:06:910,-0.1499,1.9719,8.8277,-0.0381,-0.0218,9.8065,-0.0264,-0.1595,0.0993,-7.87,-32.81,0,238.37,-80.54,-176.31
52.414143,-1.550175,161.01,6.35,2,341.02,22 / 22,2400328,2019-09-06 18:56:07:010,-0.7981,-0.0906,10.1346,-0.021,-0.022,9.8066,-0.1523,0.01,-0.0183,-7.94,-33.31,0.56,243.4,-80.33,-175.62
52.414143,-1.550175,161.01,6.35,2,341.02,21 / 22,2400430,2019-09-06 18:56:07:112,0.8675,-1.2454,10.2539,0.007,-0.0027,9.8066,0.0795,0.002,-0.029,-7.94,-32.87,0.63,243.82,-80.34,-175.07
52.414143,-1.550175,161.01,6.35,2,341.02,21 / 22,2400529,2019-09-06 18:56:07:211,0.9254,-0.348,10.1145,0.0038,-0.0011,9.8066,0.0483,-0.0008,0.0421,-7.94,-32.94,0.06,238.74,-80.35,-174.94
52.414143,-1.550175,161.01,6.35,2,341.02,21 / 22,2400629,2019-09-06 18:56:07:311,0.081,0.5745,9.4775,-0.0126,-0.019,9.8066,0.0354,-0.0663,-0.0204,-8.19,-33,-0.12,239.37,-80.37,-174.1
52.414143,-1.550175,161.01,6.35,2,341.02,21 / 22,2400729,2019-09-06 18:56:07:411,-0.2262,-0.0048,9.8746,-0.0176,-0.013,9.8066,0.0459,-0.0502,0.104,-8,-32.81,-0.06,239.87,-80.44,-173.68
52.414143,-1.550175,161.01,6.35,2,341.02,21 / 22,2400828,2019-09-06 18:56:07:510,0.891,0.6175,9.3205,-0.0095,-0.0158,9.8066,-0.1047,0.0615,-0.067,-8.06,-33,0.31,240.64,-80.61,-173.33
52.414143,-1.550175,161.01,6.35,2,341.02,21 / 22,2400929,2019-09-06 18:56:07:611,-0.3196,-0.7597,9.7079,-0.0182,-0.0024,9.8065,0.026,0.0264,-0.0101,-8.56,-32.87,0.06,244.93,-80.88,-173.2
52.414143,-1.550175,161.01,6.35,2,341.02,21 / 22,2401029,2019-09-06 18:56:07:711,0.3644,-0.0554,10.2504,-0.0003,-0.004,9.8066,0.1392,0.0315,-0.0114,-7.94,-32.75,-0.19,240.86,-80.73,-173.58
52.414143,-1.550175,161.01,6.35,2,341.02,21 / 22,2401129,2019-09-06 18:56:07:811,-0.2352,0.1038,11.0012,0.0135,0.0034,9.8066,0.0293,0.0058,-0.0287,-8.31,-33.44,0.31,239.87,-80.46,-173.79
52.414143,-1.550175,161.01,6.35,2,341.02,21 / 22,2401228,2019-09-06 18:56:07:910,1.179,-0.2934,11.4208,0.0369,0.0291,9.8065,-0.0095,0.0159,0.0112,-8.25,-32.44,0.31,239.55,-80.07,-173.86
52.414143,-1.550175,161.01,6.35,2,341.02,21 / 22,2401329,2019-09-06 18:56:08:011,-0.2962,-0.9587,9.5301,0.0352,0.0188,9.8065,-0.1252,0.0415,-0.053,-7.62,-32.62,0.25,238.81,-80.14,-173.89
52.415092,-1.550655,157.52,15.4,2,344.28,21 / 21,2401429,2019-09-06 18:56:08:111,0.318,0.3035,8.2597,0.009,0.0079,9.8066,-0.0512,-0.015,0.0383,-7.56,-32.94,0,239.79,-80.38,-173.57
52.415092,-1.550655,157.52,15.4,2,344.28,21 / 21,2401528,2019-09-06 18:56:08:210,-0.32,0.2528,10.3057,-0.0253,-0.0312,9.8066,0.1185,0.0448,0.0209,-8.25,-32.81,-0.75,236.79,-80.79,-172.83
52.415092,-1.550655,157.52,15.4,2,344.28,21 / 21,2401629,2019-09-06 18:56:08:311,0.4572,0.1496,10.3191,-0.0075,-0.0129,9.8066,0.1381,-0.0117,-0.0015,-8,-33.19,-0.25,241.15,-80.58,-172.49
52.415092,-1.550655,157.52,15.4,2,344.28,21 / 21,2401729,2019-09-06 18:56:08:411,2.0895,0.3643,10.1904,0.0492,0.0259,9.8065,-0.1264,0.0283,-0.0214,-8,-33.25,0.25,240.71,-80.38,-172.24
52.415092,-1.550655,157.52,15.4,2,344.28,21 / 21,2401829,2019-09-06 18:56:08:511,0.1577,-0.253,10.043,0.021,0.0067,9.8066,-0.0427,0.0284,0.0458,-8.12,-33.37,0.31,240.22,-80.15,-171.9
52.415092,-1.550655,157.52,15.4,2,344.28,21 / 21,2401929,2019-09-06 18:56:08:611,0.1107,-0.4298,9.5754,-0.0317,-0.0229,9.8066,0.0967,0.0216,0.0067,-8.31,-32.81,0.75,246.72,-80.45,-171.53
52.415092,-1.550655,157.52,15.4,2,344.28,21 / 21,2402029,2019-09-06 18:56:08:711,0.3861,-0.3724,9.6258,-0.0195,-0.022,9.8066,0.0563,-0.0256,0.0352,-8.31,-33.06,-0.12,241.77,-80.5,-171.26
52.415092,-1.550655,157.52,15.4,2,344.28,21 / 21,2402129,2019-09-06 18:56:08:811,-0.0842,-0.1632,9.7439,0.0178,0.0168,9.8065,-0.0171,-0.0167,-0.0033,-8.31,-32.12,-0.44,242.98,-80.45,-170.65
52.415092,-1.550655,157.52,15.4,2,344.28,21 / 21,2402228,2019-09-06 18:56:08:910,0.4598,-0.4374,9.3603,0.0337,0.0158,9.8065,-0.0463,-0.063,0.006,-8.44,-32.31,-0.25,242.92,-80.4,-170.5
52.415092,-1.550655,157.52,15.4,2,344.28,21 / 21,2402328,2019-09-06 18:56:09:010,-0.5862,-0.6097,10.3519,-0.0256,-0.0097,9.8066,0.0449,-0.0716,0.0663,-8.81,-31.87,-0.25,246.73,-80.42,-170.19
52.415092,-1.550655,157.52,15.4,2,344.28,21 / 21,2402429,2019-09-06 18:56:09:111,-0.1766,-0.1712,10.686,0.0109,0.0008,9.8066,0.0309,-0.0044,0.0337,-8.75,-31.81,-0.12,246.52,-80.34,-170.15
52.415092,-1.550655,157.52,15.4,2,344.28,21 / 21,2402529,2019-09-06 18:56:09:211,0.6545,0.1244,10.5146,0.0081,-0.0091,9.8065,0.1011,0.0136,0.0629,-8.44,-32.06,0.13,243.16,-80.29,-169.68
52.415092,-1.550655,157.52,15.4,2,344.28,21 / 21,2402629,2019-09-06 18:56:09:311,0.5213,0.05,10.6529,-0.0273,-0.0193,9.8065,0.0753,-0.0286,-0.0162,-8.75,-32.69,0.13,245.72,-80.26,-169.7
52.415092,-1.550655,157.52,15.4,2,344.28,21 / 21,2402728,2019-09-06 18:56:09:410,-0.477,-0.4797,9.2395,0.0307,0.0198,9.8065,0.0838,-0.0234,-0.0158,-9.12,-32.37,0.31,246.47,-80.33,-170.16
52.415092,-1.550655,157.52,15.4,2,344.28,21 / 21,2402829,2019-09-06 18:56:09:511,1.4277,0.1995,9.1359,0.0057,0.0091,9.8066,-0.1507,0.0311,-0.0158,-8.56,-32.62,0.13,245.28,-80.27,-170.31
52.415092,-1.550655,157.52,15.4,2,344.28,21 / 21,2402929,2019-09-06 18:56:09:611,-0.056,-1.3019,10.2204,-0.0134,0.0035,9.8066,0.1531,0.0867,-0.031,-8.12,-32.44,-0.06,243.3,-80.62,-170.94
52.415092,-1.550655,157.52,15.4,2,344.28,21 / 21,2403028,2019-09-06 18:56:09:710,-1.9538,0.2414,9.1805,-0.0021,0.0027,9.8066,-0.0441,-0.0336,0.0242,-8.31,-32.69,-0.62,237.32,-80.58,-171.23
52.415092,-1.550655,157.52,15.4,2,344.28,21 / 21,2403128,2019-09-06 18:56:09:810,1.1115,-0.0914,9.9069,-0.017,-0.0201,9.8065,-0.0681,-0.0432,0.03,-8.12,-32.75,-0.19,241.98,-80.64,-171.57
52.415092,-1.550655,157.52,15.4,2,344.28,21 / 21,2403228,2019-09-06 18:56:09:910,-0.2953,-0.0553,10.5354,-0.0278,-0.0141,9.8065,0.0596,0.1024,-0.0576,-7.94,-33.25,0.44,241.78,-80.64,-171.85
52.415092,-1.550655,157.52,15.4,2,344.28,21 / 21,2403329,2019-09-06 18:56:10:011,0.1349,-0.9381,10.1606,0.0454,0.0206,9.8065,0.0045,0.1111,0.0685,-8.06,-32.75,-0.06,242.11,-80.5,-170.74
52.415092,-1.550655,157.52,15.4,2,344.28,21 / 21,2403429,2019-09-06 18:56:10:111,1.2074,0.8776,9.6304,0.0155,-0.0033,9.8065,-0.148,-0.0396,0.0315,-8.44,-33,0.44,241.87,-80.3,-170.2
52.415092,-1.550655,157.52,15.4,2,344.28,21 / 21,2403529,2019-09-06 18:56:10:211,1.0717,-0.334,10.64,-0.0093,-0.0178,9.8066,0.1188,0.0034,-0.013,-8.06,-33.31,0.63,247.65,-80.26,-169.32
52.415092,-1.550655,157.52,15.4,2,344.28,21 / 21,2403628,2019-09-06 18:56:10:310,0.4481,-0.2921,9.2783,-0.0259,-0.0323,9.8065,0.0859,0.0426,0.0499,-8.81,-33.37,0.5,252.23,-80.36,-168.26
52.415092,-1.550655,157.52,15.4,2,344.28,21 / 21,2403729,2019-09-06 18:56:10:411,1.7,0.5118,9.1788,-0.0024,0.0122,9.8066,-0.0472,-0.0328,-0.0638,-8.5,-32.62,-0.12,243.93,-80.41,-167.76
52.415092,-1.550655,157.52,15.4,2,344.28,21 / 21,2403829,2019-09-06 18:56:10:511,1.3605,0.8437,8.1906,0.0014,0.0157,9.8066,-0.2782,-0.0831,0.006,-8.37,-32.94,-0.19,243.5,-80.56,-169.07
52.415092,-1.550655,157.52,15.4,2,344.28,21 / 21,2403929,2019-09-06 18:56:10:611,-1.4486,0.9799,10.0437,-0.0992,-0.0694,9.8058,0.4217,-0.1151,0.0996,-8.37,-32.56,-0.06,245.32,-81,-168.62
52.415092,-1.550655,157.52,15.4,2,344.28,21 / 21,2404029,2019-09-06 18:56:10:711,3.3796,3.9303,11.1514,-0.0665,-0.0362,9.8063,0.3575,0.0438,-0.2528,-8.37,-33.19,-0.12,244.44,-80.91,-169.4
52.415092,-1.550655,157.52,15.4,2,344.28,21 / 21,2404129,2019-09-06 18:56:10:811,2.1409,-0.1837,10.658,0.0387,0.0138,9.8065,0.3746,-0.0738,0.0322,-8.37,-33.31,0,241.78,-80.36,-170.59
52.415092,-1.550655,157.52,15.4,2,344.28,21 / 21,2404228,2019-09-06 18:56:10:910,1.1405,-0.2391,9.7344,-0.0202,-0.0056,9.8066,-0.1514,0.0874,-0.0127,-8.19,-32.75,-0.06,242.05,-80.5,-170.86
52.415092,-1.550655,157.52,15.4,2,344.28,21 / 21,2404328,2019-09-06 18:56:11:010,-0.3576,-1.3229,9.422,0.0196,0.0298,9.8065,0.0906,-0.1103,0.0429,-7.75,-32.81,0.13,242.79,-80.76,-170.99
52.415092,-1.550655,157.52,15.4,2,344.28,21 / 22,2404429,2019-09-06 18:56:11:111,1.9224,0.0764,9.3351,0.0088,0.0197,9.8066,-0.1757,0.026,-0.0715,-7.62,-33.19,-0.56,237.13,-80.84,-172.57
52.415092,-1.550655,157.52,15.4,2,344.28,21 / 22,2404528,2019-09-06 18:56:11:210,-0.8059,-1.9345,9.2323,-0.0174,-0.0098,9.8065,0.0336,-0.0627,0.1333,-7.5,-33.06,0.25,237.82,-80.79,-172.39
52.415092,-1.550655,157.52,15.4,2,344.28,21 / 22,2404629,2019-09-06 18:56:11:311,0.4333,0.7666,10.5052,-0.0368,-0.0018,9.8065,0.0715,-0.0223,-0.1228,-7.81,-33.19,-0.31,240.85,-80.78,-173.81
52.415092,-1.550655,157.52,15.4,2,344.28,21 / 22,2404729,2019-09-06 18:56:11:411,-0.8811,-1.2974,10.4084,0.0065,-0.0017,9.8066,0.0404,-0.0227,0.0733,-7.31,-32.37,0.06,237.44,-80.66,-173.75
52.415092,-1.550655,157.52,15.4,2,344.28,21 / 22,2404828,2019-09-06 18:56:11:510,0.4246,1.0291,10.4346,-0.0231,-0.0133,9.8065,-0.0295,-0.0014,0.0336,-8.44,-32,0,241.68,-80.73,-173.66
52.415092,-1.550655,157.52,15.4,2,344.28,21 / 22,2404929,2019-09-06 18:56:11:611,-0.1746,0.1797,10.1996,0.0272,0.0071,9.8065,-0.0328,0.0224,-0.0049,-8.19,-32.81,0.19,240.67,-80.55,-173.04
52.415092,-1.550655,157.52,15.4,2,344.28,21 / 22,2405029,2019-09-06 18:56:11:711,-1.0358,-0.4377,9.6579,0.0224,0.0103,9.8066,-0.0584,0.025,-0.0185,-8.12,-32.69,0,240.71,-80.46,-172.55
52.415092,-1.550655,157.52,15.4,2,344.28,21 / 22,2405129,2019-09-06 18:56:11:811,-0.0989,-0.538,10.012,-0.003,-0.009,9.8066,-0.037,0.0015,0.0186,-8.31,-32.5,0.13,242.61,-80.59,-171.76
52.415092,-1.550655,157.52,15.4,2,344.28,21 / 22,2405229,2019-09-06 18:56:11:911,0.6408,-0.0508,9.1482,0.0189,0.0064,9.8066,0.0486,0.0219,0.064,-8.25,-32.87,-0.25,242.12,-80.66,-171.45
52.415092,-1.550655,157.52,15.4,2,344.28,21 / 22,2405329,2019-09-06 18:56:12:011,-0.2206,-0.824,9.6451,-0.0265,-0.0161,9.8065,-0.0153,-0.0344,-0.0399,-8.25,-32.75,-0.44,242.23,-80.67,-171.39
52.415092,-1.550655,157.52,15.4,2,344.28,21 / 22,2405428,2019-09-06 18:56:12:110,-2.0827,-0.1061,10.5372,0.0129,-0.009,9.8066,0.1452,-0.0562,0.1201,-8.31,-32.81,-0.25,243.07,-80.77,-170.66
52.415092,-1.550655,157.52,15.4,2,344.28,21 / 22,2405529,2019-09-06 18:56:12:211,0.4414,-0.4793,9.0038,0.0058,0.004,9.8066,-0.0733,-0.0307,-0.0351,-8.12,-32.31,0,243.85,-80.7,-170.54
52.415092,-1.550655,157.52,15.4,2,344.28,21 / 22,2405628,2019-09-06 18:56:12:310,-0.942,-1.0286,9.3801,0.0156,0.0084,9.8065,-0.0472,-0.009,-0.0383,-7.94,-32.81,0,243.09,-80.7,-170.32
52.415092,-1.550655,157.52,15.4,2,344.28,21 / 22,2405729,2019-09-06 18:56:12:411,0.3144,-0.4124,10.1431,-0.016,-0.0093,9.8065,0.0184,-0.0591,-0.0152,-8.44,-32.81,-0.06,243.83,-80.87,-170.06
52.415092,-1.550655,157.52,15.4,2,344.28,21 / 22,2405828,2019-09-06 18:56:12:510,0.6482,0.0253,9.923,-0.0085,-0.0054,9.8066,0.0488,-0.0276,0.0863,-8.19,-32.62,-0.06,243.58,-80.85,-170.31
52.415092,-1.550655,157.52,15.4,2,344.28,21 / 22,2405929,2019-09-06 18:56:12:611,0.1742,-0.9307,10.3322,-0.0178,-0.0049,9.8066,-0.0763,-0.0626,0.0448,-8,-32.37,-0.56,238.99,-80.74,-170.66
52.415092,-1.550655,157.52,15.4,2,344.28,21 / 22,2406028,2019-09-06 18:56:12:710,0.1562,-0.3174,9.7634,-0.0367,-0.011,9.8066,0.0974,-0.0567,-0.1288,-7.69,-32.25,0.13,243.48,-80.86,-171.77
52.415092,-1.550655,157.52,15.4,2,344.28,21 / 22,2406128,2019-09-06 18:56:12:810,-1.502,1.0478,9.9058,0.0275,-0.0023,9.8065,0.1352,0.0582,0.0957,-7.75,-32.94,-0.19,242.72,-80.66,-170.62
52.415092,-1.550655,157.52,15.4,2,344.28,21 / 22,2406229,2019-09-06 18:56:12:911,-0.284,0.9549,9.5219,-0.0036,0.0039,9.8066,-0.1554,-0.006,-0.0376,-7.81,-33.06,-0.37,243.11,-80.78,-170.62
52.415092,-1.550655,157.52,15.4,2,344.28,21 / 22,2406329,2019-09-06 18:56:13:011,-1.4833,-0.7745,10.1425,-0.0028,-0.0096,9.8066,-0.1808,-0.0438,-0.0767,-8.06,-32.81,-0.5,242.93,-80.85,-171.19
52.415092,-1.550655,157.52,15.4,2,344.28,21 / 21,2406429,2019-09-06 18:56:13:111,-0.4875,0.0264,9.7705,0.0184,-0.0038,9.8066,0.0289,-0.0078,0.0766,-8,-32.75,0,243.35,-80.74,-170.12
52.415092,-1.550655,157.52,15.4,2,344.28,21 / 21,2406529,2019-09-06 18:56:13:211,-0.0421,-1.1512,8.7679,0.018,0.0157,9.8066,-0.1823,-0.0116,-0.0176,-8.31,-32.37,0.06,243.69,-80.68,-170.66
52.415092,-1.550655,157.52,15.4,2,344.28,21 / 21,2406628,2019-09-06 18:56:13:310,0.4192,-0.983,8.4014,0.0098,0.0089,9.8066,-0.1488,-0.0378,0.002,-7.62,-32.56,0.13,243.5,-80.86,-170.47
52.415092,-1.550655,157.52,15.4,2,344.28,21 / 21,2406729,2019-09-06 18:56:13:411,-2.618,0.1912,9.0674,-0.0498,-0.0234,9.8064,-0.228,0.103,-0.1283,-7.69,-32.62,-0.62,238.42,-80.81,-170.6
52.415092,-1.550655,157.52,15.4,2,344.28,21 / 21,2406828,2019-09-06 18:56:13:510,-0.4321,0.2354,10.7647,-0.0163,-0.0197,9.8065,0.2533,-0.0218,0.0843,-8.12,-32.25,0.25,245.06,-81.03,-170.36
52.415092,-1.550655,157.52,15.4,2,344.28,21 / 21,2406928,2019-09-06 18:56:13:610,-1.9205,-2.2705,9.0192,-0.0118,0.009,9.8066,0.086,-0.0468,-0.115,-8,-32.81,0,243.73,-80.96,-170.59
52.415092,-1.550655,157.52,15.4,2,344.28,21 / 21,2407029,2019-09-06 18:56:13:711,-1.044,0.0415,9.3823,-0.0144,-0.0277,9.8066,0.1245,-0.014,0.086,-7.69,-32.44,-0.25,246.01,-81.2,-169.88
52.415092,-1.550655,157.52,15.4,2,344.28,21 / 21,2407129,2019-09-06 18:56:13:811,-1.9148,0.0929,9.9741,-0.026,-0.0089,9.8065,0.0225,0.2445,-0.0575,-7.5,-32.69,-0.37,241.71,-81.39,-169.73
52.415092,-1.550655,157.52,15.4,2,344.28,21 / 21,2407228,2019-09-06 18:56:13:910,0.7314,-1.6668,10.2767,-0.005,0.002,9.8065,0.0068,0.0144,-0.0978,-8.31,-32.94,0.13,245.38,-81.26,-169.74
52.415092,-1.550655,157.52,15.4,2,344.28,21 / 21,2407329,2019-09-06 18:56:14:011,-2.1896,0.7799,9.6232,0.0414,-0.0002,9.8065,0.1395,0.0282,0.0356,-8.06,-32,-0.06,245.6,-81.16,-170.24
52.415092,-1.550655,157.52,15.4,2,344.28,22 / 22,2407429,2019-09-06 18:56:14:111,-1.255,0.1159,10.0074,0.0207,0.0288,9.8065,-0.1522,-0.0717,-0.0565,-8,-32.69,0.69,249.26,-80.75,-169.64
52.415092,-1.550655,157.52,15.4,2,344.28,22 / 22,2407529,2019-09-06 18:56:14:211,0.6527,-1.3064,10.0568,0.0002,-0.0205,9.8066,-0.1044,0.072,-0.046,-8.5,-33.19,0.44,244.99,-80.99,-169.02
52.415092,-1.550655,157.52,15.4,2,344.28,22 / 22,2407629,2019-09-06 18:56:14:311,-2.7818,-1.3156,10.2587,-0.0249,-0.0102,9.8066,-0.0313,0.0501,-0.0551,-8.37,-32.87,-0.37,245.83,-81.1,-168.42
52.415092,-1.550655,157.52,15.4,2,344.28,22 / 22,2407728,2019-09-06 18:56:14:410,-0.2476,-1.0263,9.8974,-0.0015,0.001,9.8066,-0.0649,0.0288,-0.0312,-8.87,-33.44,0,249.93,-81.22,-168.18
52.415092,-1.550655,157.52,15.4,2,344.28,22 / 22,2407828,2019-09-06 18:56:14:510,-1.6648,-0.4426,9.4455,-0.0066,-0.0117,9.8066,-0.0512,-0.0142,0.0291,-9.12,-32.5,-0.06,251.23,-81.28,-167.92
52.415092,-1.550655,157.52,15.4,2,344.28,22 / 22,2407928,2019-09-06 18:56:14:610,-0.3204,-0.5075,9.9766,0.0043,0.0109,9.8065,-0.0009,0.0385,-0.0381,-9.19,-32.87,-0.19,250.45,-81.34,-168.05
52.415092,-1.550655,157.52,15.4,2,344.28,22 / 22,2408028,2019-09-06 18:56:14:710,-0.5286,-0.8268,10.08,0.0087,0.0161,9.8066,-0.0691,0.0067,0.0016,-8.44,-33.19,-0.06,246.17,-81.31,-168.92
52.415092,-1.550655,157.52,15.4,2,344.28,22 / 22,2408129,2019-09-06 18:56:14:811,-1.9384,-1.1531,9.4388,-0.0038,0.0098,9.8065,-0.0615,0.0025,-0.0586,-8.31,-33.37,-0.44,245.72,-81.43,-170.08
52.415092,-1.550655,157.52,15.4,2,344.28,22 / 22,2408229,2019-09-06 18:56:14:911,-0.1869,-1.2847,10.0514,-0.0029,0.006,9.8066,0.1405,-0.0495,0.0428,-8.31,-33.56,0.38,244.63,-81.47,-170.54
52.415092,-1.550655,157.52,15.4,2,344.28,22 / 22,2408329,2019-09-06 18:56:15:011,-0.076,-1.2623,9.6913,-0.0018,0.0116,9.8066,0.0257,-0.0821,-0.0463,-7.69,-33.19,-0.19,244.85,-81.47,-171.43
52.415092,-1.550655,157.52,15.4,2,344.28,22 / 22,2408429,2019-09-06 18:56:15:111,-1.2982,-1.2482,9.6139,0.003,-0.0089,9.8066,0.0792,-0.013,0.0773,-8.12,-33.06,-0.25,244.89,-81.47,-171.34
52.415092,-1.550655,157.52,15.4,2,344.28,22 / 22,2408528,2019-09-06 18:56:15:210,-0.7157,-1.3132,10.0838,-0.0188,0.0061,9.8065,0.0299,0.0401,-0.0277,-7.62,-32.62,-0.44,244.87,-81.45,-171.28
52.415092,-1.550655,157.52,15.4,2,344.28,22 / 22,2408629,2019-09-06 18:56:15:311,-0.0093,-0.3579,10.1785,-0.0041,-0.0023,9.8066,-0.0309,-0.0013,-0.0394,-7.75,-32.94,-0.62,239.4,-81.57,-172.35
52.415092,-1.550655,157.52,15.4,2,344.28,22 / 22,2408729,2019-09-06 18:56:15:411,-1.4175,-1.538,10.3077,0.0213,0.0157,9.8066,0.0532,-0.0583,-0.0148,-8.12,-33,-0.81,238.69,-81.48,-172.97
52.415092,-1.550655,157.52,15.4,2,344.28,22 / 22,2408828,2019-09-06 18:56:15:510,-1.489,-1.7808,10.0683,0.0216,0.0145,9.8066,-0.1019,-0.0707,0.0477,-7.69,-32.81,0.19,243.71,-81.52,-173.16
52.415092,-1.550655,157.52,15.4,2,344.28,22 / 22,2408929,2019-09-06 18:56:15:611,-0.7318,-0.7543,9.8518,-0.0046,-0.0024,9.8066,0.0789,-0.0133,-0.0275,-7.19,-33.44,-0.19,240.42,-81.65,-172.94
52.415092,-1.550655,157.52,15.4,2,344.28,22 / 22,2409029,2019-09-06 18:56:15:711,-2.4242,-1.9926,9.8244,0.0181,0.0053,9.8066,0.1123,0.0552,0.031,-7.87,-33.06,-0.12,244.05,-81.56,-172.9
52.415092,-1.550655,157.52,15.4,2,344.28,22 / 22,2409130,2019-09-06 18:56:15:812,0.5095,-0.4437,8.8871,-0.0178,-0.0016,9.8066,-0.0457,0.024,0.0229,-7.62,-33.12,0.13,244.81,-81.63,-172.21
52.415092,-1.550655,157.52,15.4,2,344.28,22 / 22,2409228,2019-09-06 18:56:15:910,-0.504,-0.5863,8.9618,0.0146,0.0071,9.8065,0.0093,0.0514,-0.0035,-7.62,-33.06,-0.25,244.48,-81.65,-172.74
52.415092,-1.550655,157.52,15.4,2,344.28,22 / 22,2409329,2019-09-06 18:56:16:011,-0.8535,0.1058,9.8759,-0.0251,-0.0023,9.8065,-0.0488,-0.0355,-0.0126,-7.62,-32.62,-0.31,244.62,-81.73,-172.9
52.415092,-1.550655,157.52,15.4,2,344.28,21 / 21,2409429,2019-09-06 18:56:16:111,-2.5693,-0.5471,9.5275,-0.0138,-0.029,9.8065,0.1535,-0.0412,0.0708,-7.81,-32.75,-0.44,245.33,-81.83,-172.39
52.415092,-1.550655,157.52,15.4,2,344.28,21 / 21,2409529,2019-09-06 18:56:16:211,-0.3015,-0.378,9.2395,-0.0067,-0.0027,9.8066,0.087,0.0131,-0.0406,-7.94,-32.44,-0.12,245.65,-81.75,-172.76
52.415092,-1.550655,157.52,15.4,2,344.28,21 / 21,2409628,2019-09-06 18:56:16:310,-1.433,-0.6145,10.6328,-0.0194,-0.0184,9.8065,0.059,-0.0195,-0.0683,-7.75,-33.25,0.44,245.74,-81.96,-172.43
52.415092,-1.550655,157.52,15.4,2,344.28,21 / 21,2409729,2019-09-06 18:56:16:411,-0.3991,-1.3839,10.113,0.0241,0.0121,9.8066,0.1242,-0.0513,0.0577,-8,-33,-0.12,246.38,-82.02,-171.9
52.415092,-1.550655,157.52,15.4,2,344.28,21 / 21,2409828,2019-09-06 18:56:16:510,-2.1861,-0.1066,9.7927,0.0054,-0.0021,9.8066,0.0066,-0.0734,0.1016,-7.62,-32.81,-0.37,246.38,-81.99,-171.78
52.415092,-1.550655,157.52,15.4,2,344.28,21 / 21,2409929,2019-09-06 18:56:16:611,-1.8467,-1.4934,10.1081,0.013,0.0114,9.8066,-0.0551,-0.0183,0.032,-7.87,-32.94,-0.62,240.96,-81.98,-171.95
52.415092,-1.550655,157.52,15.4,2,344.28,21 / 21,2410028,2019-09-06 18:56:16:710,-0.2886,-0.5875,9.86,0.0118,0.008,9.8066,0.0588,-0.0786,-0.0452,-7.81,-33.25,-0.31,246.06,-81.97,-172.08
52.415092,-1.550655,157.52,15.4,2,344.28,21 / 21,2410129,2019-09-06 18:56:16:811,-1.7891,-1.2979,9.4227,-0.0025,-0.0253,9.8066,-0.0756,0.0215,0.0159,-7.75,-33.37,0,246.37,-81.94,-171.52
52.415092,-1.550655,157.52,15.4,2,344.28,21 / 21,2410229,2019-09-06 18:56:16:911,-0.1516,-0.5565,10.2962,-0.0401,-0.0487,9.8064,0.4385,0.0727,0.0878,-7.62,-33.06,-0.37,248.49,-82.17,-169.88
52.415092,-1.550655,157.52,15.4,2,344.28,21 / 21,2410329,2019-09-06 18:56:17:011,-1.7906,-2.8207,10.8746,0.0346,0.0311,9.8065,0.1624,-0.0542,0.0384,-7.44,-32.94,-0.19,244.56,-82.23,-170.2
52.41633,-1.551162,156.97,13.47,3,345.64,22 / 22,2410428,2019-09-06 18:56:17:110,-0.243,-0.7317,8.4356,0.0289,0.0113,9.8066,0.1279,-0.0642,-0.0709,-7.62,-33.06,0.06,247.89,-82.2,-170.77
52.41633,-1.551162,156.97,13.47,3,345.64,22 / 22,2410528,2019-09-06 18:56:17:210,-0.1221,-0.9266,9.1404,0.0348,0.0139,9.8066,-0.0929,-0.0623,0.026,-8.25,-33.12,-0.06,246.39,-81.74,-170.62
52.41633,-1.551162,156.97,13.47,3,345.64,22 / 22,2410628,2019-09-06 18:56:17:310,-2.8799,-0.585,9.4663,0.0514,0.0154,9.8064,-0.1449,0.0685,-0.1034,-8.19,-32.94,-0.56,242.22,-81.77,-169.38
52.41633,-1.551162,156.97,13.47,3,345.64,22 / 22,2410728,2019-09-06 18:56:17:410,-2.1987,-1.8732,9.0724,-0.0212,-0.0217,9.8065,-0.0433,0.0409,0.0995,-7.75,-33.12,-0.31,248.85,-82.01,-168.7
52.41633,-1.551162,156.97,13.47,3,345.64,22 / 22,2410829,2019-09-06 18:56:17:511,0.2959,-0.8432,10.3169,-0.0225,-0.0357,9.8066,0.1228,0.0106,0.0382,-8.06,-32.69,0.19,250.19,-82.16,-167.71
52.41633,-1.551162,156.97,13.47,3,345.64,22 / 22,2410929,2019-09-06 18:56:17:611,-2.1048,-0.272,8.1611,0.0093,0.0041,9.8066,-0.1071,-0.1004,0.1113,-8.44,-32.87,-0.75,245.68,-82.16,-166.56
52.41633,-1.551162,156.97,13.47,3,345.64,22 / 22,2411029,2019-09-06 18:56:17:711,-1.3003,-0.8989,8.4519,0.0005,-0.0057,9.8066,-0.0944,-0.0316,-0.0294,-8.75,-32.75,-0.44,256.36,-82.23,-164.68
52.41633,-1.551162,156.97,13.47,3,345.64,22 / 22,2411128,2019-09-06 18:56:17:810,-3.1077,-0.0415,9.7747,-0.033,-0.0157,9.8065,-0.0446,0.0092,-0.0769,-8.69,-32.69,-0.25,257.31,-82.5,-164.73
52.41633,-1.551162,156.97,13.47,3,345.64,22 / 22,2411229,2019-09-06 18:56:17:911,1.99,-0.8956,7.7375,-0.0661,-0.0171,9.8064,0.0984,-0.1115,-0.0052,-8.31,-32.44,-0.44,254.7,-82.69,-165.79
52.41633,-1.551162,156.97,13.47,3,345.64,22 / 22,2411329,2019-09-06 18:56:18:011,-0.9375,-1.9165,9.1452,-0.0493,-0.0327,9.8064,0.1565,0.0636,-0.0858,-7.94,-33.25,-0.31,252.81,-82.7,-167.01
52.41633,-1.551162,156.97,13.47,3,345.64,22 / 22,2411429,2019-09-06 18:56:18:111,1.4927,-0.301,9.9726,-0.071,-0.0604,9.8061,0.1607,-0.0131,-0.0513,-8.06,-32.87,-0.25,252.93,-82.8,-167.36
52.41633,-1.551162,156.97,13.47,3,345.64,22 / 22,2411528,2019-09-06 18:56:18:210,0.3263,0.4035,10.0787,0.0441,0.0403,9.8065,0.0079,-0.0323,0.1579,-8,-32.62,0,251.88,-82.66,-167.95
52.41633,-1.551162,156.97,13.47,3,345.64,22 / 22,2411629,2019-09-06 18:56:18:311,0.1986,0.1438,10.4528,0.0367,-0.0196,9.8065,0.0584,-0.0707,0.0083,-8.75,-33.37,-0.37,255.33,-82.45,-166.78
52.41633,-1.551162,156.97,13.47,3,345.64,22 / 22,2411728,2019-09-06 18:56:18:410,-3.088,0.375,9.4261,-0.0084,-0.0214,9.8066,-0.033,0.0234,0.0251,-8.56,-32.69,-0.37,257.9,-82.5,-164.03
52.41633,-1.551162,156.97,13.47,3,345.64,22 / 22,2411828,2019-09-06 18:56:18:510,-1.6335,-2.36,9.3765,0.0033,0.0209,9.8066,-0.0834,-0.0682,0.2061,-9.12,-33.25,-0.94,253.63,-82.52,-162.86
52.41633,-1.551162,156.97,13.47,3,345.64,22 / 22,2411929,2019-09-06 18:56:18:611,-0.0692,-2.5523,7.9403,-0.0036,-0.016,9.8066,-0.0933,0.1662,-0.0111,-9,-33,-0.62,254.69,-82.5,-161.54
52.41633,-1.551162,156.97,13.47,3,345.64,22 / 22,2412028,2019-09-06 18:56:18:710,-0.5248,-3.8526,10.6424,-0.0095,-0.0404,9.8065,0.0101,-0.0907,0.0466,-8.56,-32.5,-0.81,256.46,-82.59,-160.76
52.41633,-1.551162,156.97,13.47,3,345.64,22 / 22,2412128,2019-09-06 18:56:18:810,-0.3333,-0.0783,9.7393,-0.0447,-0.0228,9.8064,0.1059,0.0013,-0.0772,-8.87,-33.19,-0.69,255.14,-82.33,-160.34
52.41633,-1.551162,156.97,13.47,3,345.64,22 / 22,2412229,2019-09-06 18:56:18:911,1.3313,-1.2865,9.5969,-0.0522,-0.0074,9.8064,0.0626,-0.1173,0.2312,-8.31,-32.56,-0.94,251.65,-82.7,-161.55
52.41633,-1.551162,156.97,13.47,3,345.64,22 / 22,2412328,2019-09-06 18:56:19:010,-2.0611,-2.4428,10.0541,0.0229,0.0094,9.8065,-0.1104,-0.1064,-0.0883,-8.5,-33.06,-0.81,251.65,-82.54,-160.83
52.41633,-1.551162,156.97,13.47,3,345.64,22 / 22,2412428,2019-09-06 18:56:19:110,-3.508,-0.0092,10.4019,0.0131,0.0254,9.8066,-0.1077,0.0553,0.1177,-8.56,-33.06,-0.5,260.47,-82.57,-161.49
52.41633,-1.551162,156.97,13.47,3,345.64,22 / 22,2412528,2019-09-06 18:56:19:210,1.0422,-1.7514,9.4699,0.0254,0.0009,9.8065,-0.1169,0.0476,-0.1232,-8.87,-31.94,-0.5,262.04,-82.68,-161.14
52.41633,-1.551162,156.97,13.47,3,345.64,22 / 22,2412629,2019-09-06 18:56:19:311,-0.8298,-1.954,10.7316,-0.0102,-0.0243,9.8066,0.0572,-0.0009,-0.2004,-9.25,-32.87,-0.56,257.33,-82.9,-160.14
52.41633,-1.551162,156.97,13.47,3,345.64,22 / 22,2412729,2019-09-06 18:56:19:411,-1.8162,-1.0121,9.8566,-0.0095,0.0146,9.8066,0.0301,0.0241,0.1514,-8.37,-32.87,-0.94,253.26,-82.91,-160.59
52.41633,-1.551162,156.97,13.47,3,345.64,22 / 22,2412828,2019-09-06 18:56:19:510,-0.4675,-0.7227,10.5414,0.0132,-0.001,9.8066,-0.0582,-0.0703,0.0265,-8.87,-32.81,-0.81,256.84,-82.94,-160.87
52.41633,-1.551162,156.97,13.47,3,345.64,22 / 22,2412928,2019-09-06 18:56:19:610,-0.1478,-1.4128,9.3929,-0.0241,0.0037,9.8066,0.0212,-0.1005,-0.0013,-7.81,-32.94,-0.69,253.73,-83.06,-160.71
52.41633,-1.551162,156.97,13.47,3,345.64,22 / 22,2413029,2019-09-06 18:56:19:711,-1.1333,-1.7293,9.3305,-0.0037,-0.0036,9.8066,0.1046,-0.0061,0.0271,-7.94,-33.19,-0.69,253.89,-83.12,-160.81
52.41633,-1.551162,156.97,13.47,3,345.64,22 / 22,2413129,2019-09-06 18:56:19:811,-0.5322,-0.2682,9.1139,-0.0061,0.0101,9.8066,-0.0931,0.1013,-0.0133,-7.56,-32.87,-0.56,252.43,-83.08,-162.3
52.41633,-1.551162,156.97,13.47,3,345.64,22 / 22,2413228,2019-09-06 18:56:19:910,-0.3496,-0.8459,9.7712,-0.0206,-0.0044,9.8065,-0.0348,0.0951,-0.0155,-8.06,-33.37,-0.62,252.65,-83.22,-162.69
52.41633,-1.551162,156.97,13.47,3,345.64,22 / 22,2413329,2019-09-06 18:56:20:011,-2.4665,-0.859,9.4243,-0.0091,0.0089,9.8066,-0.0939,0.0228,-0.0314,-8,-32.69,-1.12,252.43,-83.18,-162.76
52.41633,-1.551162,156.97,13.47,3,345.64,21 / 22,2413429,2019-09-06 18:56:20:111,-2.441,-0.6394,9.9637,-0.0115,-0.0029,9.8066,0.0308,0.1119,-0.0306,-8.31,-33.31,-0.81,252.7,-83.42,-163.5
52.41633,-1.551162,156.97,13.47,3,345.64,21 / 22,2413529,2019-09-06 18:56:20:211,-1.5881,-1.2328,9.5954,-0.0103,0.0141,9.8065,-0.0971,0.0885,-0.019,-7.56,-32.75,-1.56,246.08,-83.58,-165.73
52.41633,-1.551162,156.97,13.47,3,345.64,21 / 22,2413628,2019-09-06 18:56:20:310,-2.3464,1.6566,9.5101,0.0023,0.0043,9.8066,-0.1252,0.2112,-0.0879,-7.81,-32.12,-0.31,258.12,-83.69,-166.33
52.41633,-1.551162,156.97,13.47,3,345.64,21 / 22,2413729,2019-09-06 18:56:20:411,-3.2832,-0.0248,10.2992,-0.0049,0.0007,9.8066,0.1356,0.1777,-0.0484,-7.06,-33.31,-1.06,247.65,-83.9,-166.86
52.41633,-1.551162,156.97,13.47,3,345.64,21 / 22,2413828,2019-09-06 18:56:20:510,-3.1018,-1.0046,9.3784,-0.013,0.0063,9.8066,0.05,0.2445,0.0274,-5.81,-32.44,-0.44,250.78,-84.03,-167.58
52.41633,-1.551162,156.97,13.47,3,345.64,21 / 22,2413929,2019-09-06 18:56:20:611,-3.7749,0.1091,9.7157,0.0343,0.0162,9.8065,-0.1572,0.308,-0.2144,-6.31,-33.19,-0.69,243.21,-84.22,-168.15
52.41633,-1.551162,156.97,13.47,3,345.64,21 / 22,2414029,2019-09-06 18:56:20:711,-2.1281,0.2812,10.8083,0.0109,0.0259,9.8065,0.0421,0.3992,-0.0492,-6,-33.19,-0.44,248.61,-84.21,-170.25
52.41633,-1.551162,156.97,13.47,3,345.64,21 / 22,2414128,2019-09-06 18:56:20:810,-3.7176,2.4412,9.0947,0.0239,0.0131,9.8065,0.0253,0.0786,-0.0062,-5.87,-32.81,-0.37,246.42,-84.17,-172.72
52.41633,-1.551162,156.97,13.47,3,345.64,21 / 22,2414228,2019-09-06 18:56:20:910,-4.4558,2.989,10.1599,-0.0207,0.0095,9.8066,0.121,0.2644,-0.1009,-5.37,-33,-0.12,241.54,-84.18,-172.35
52.41633,-1.551162,156.97,13.47,3,345.64,21 / 22,2414329,2019-09-06 18:56:21:011,-2.9868,0.6264,10.0778,0.0168,0.0257,9.8066,-0.0971,0.3627,-0.0803,-4.69,-32.75,0.25,239.74,-84.21,-175.13
52.41633,-1.551162,156.97,13.47,3,345.64,22 / 22,2414429,2019-09-06 18:56:21:111,0.0741,-1.4132,13.2857,0.0205,0.0131,9.8065,0.0566,0.1438,-0.0892,-3.75,-32.5,0.75,241.86,-84.02,-176.58
52.41633,-1.551162,156.97,13.47,3,345.64,22 / 22,2414528,2019-09-06 18:56:21:210,-0.7304,4.2858,9.4273,0.0765,0.1159,9.8056,-0.1765,0.3262,-0.0645,-3.06,-32.31,0.63,228.04,-83.81,173.94
52.41633,-1.551162,156.97,13.47,3,345.64,22 / 22,2414629,2019-09-06 18:56:21:311,-1.6186,-0.0354,10.0302,0.0001,0.0149,9.8066,0.0143,0.2932,-0.1133,-2.44,-32.87,1.75,234,-84.21,171.59
52.41633,-1.551162,156.97,13.47,3,345.64,22 / 22,2414729,2019-09-06 18:56:21:411,-2.5347,3.3661,10.9274,0.0201,0.0556,9.8064,-0.1348,0.3668,-0.0925,-0.62,-32.06,1.88,227.24,-84.56,166.99
52.41633,-1.551162,156.97,13.47,3,345.64,22 / 22,2414828,2019-09-06 18:56:21:510,-1.1046,0.4452,10.0682,0.0026,-0.0062,9.8066,0.1457,0.4442,-0.007,-1,-32.75,1.88,226.19,-84.63,164.22
52.41633,-1.551162,156.97,13.47,3,345.64,22 / 22,2414929,2019-09-06 18:56:21:611,-2.907,1.2471,10.3656,-0.0241,0.0222,9.8066,0.049,0.4355,-0.077,0,-31.44,1.63,214.25,-84.68,159.98
52.41633,-1.551162,156.97,13.47,3,345.64,22 / 22,2415029,2019-09-06 18:56:21:711,2.9497,-0.2101,9.0805,0.033,-0.0057,9.8066,0.0925,0.5281,-0.0994,0.88,-31.25,3,332.48,-84.43,160.24
52.41633,-1.551162,156.97,13.47,3,345.64,22 / 22,2415128,2019-09-06 18:56:21:810,3.4643,-1.1041,9.9513,0.0211,-0.0533,9.8065,0.0194,0.4546,-0.1124,1.88,-32.12,4.69,354.74,-83.61,156.45
52.41633,-1.551162,156.97,13.47,3,345.64,22 / 22,2415229,2019-09-06 18:56:21:911,3.1064,-0.8717,9.2339,-0.0023,-0.0644,9.8064,-0.1579,0.4404,-0.0766,2.31,-32.31,4.38,24.32,-83.07,156.75
52.41633,-1.551162,156.97,13.47,3,345.64,22 / 22,2415329,2019-09-06 18:56:22:011,4.5067,-2.6874,10.2107,0.0191,0.045,9.8065,0.0565,0.4099,0.0758,3,-31.69,5.75,8.52,-82.73,156.76
52.41633,-1.551162,156.97,13.47,3,345.64,21 / 21,2415428,2019-09-06 18:56:22:110,4.1833,-1.3622,9.4133,-0.0183,0.0247,9.8065,-0.1053,0.5724,-0.0702,3.63,-31.44,7.44,17.6,-83.09,159.69
52.41633,-1.551162,156.97,13.47,3,345.64,21 / 21,2415529,2019-09-06 18:56:22:211,2.8386,-1.124,9.8138,-0.0043,0.0132,9.8066,-0.0694,0.6229,-0.0197,3.63,-31.37,7.56,12.9,-83.18,160.97
52.41633,-1.551162,156.97,13.47,3,345.64,21 / 21,2415629,2019-09-06 18:56:22:311,2.1878,-0.4786,9.8613,0.0024,0.0155,9.8066,-0.0247,0.5803,-0.0895,4,-31.56,7.88,12.87,-83.3,160.88
52.41633,-1.551162,156.97,13.47,3,345.64,21 / 21,2415729,2019-09-06 18:56:22:411,2.6101,-1.3807,9.9164,0.0235,-0.004,9.8066,-0.0755,0.5527,-0.0334,4.88,-31.25,9,13.99,-83.33,159.99
52.41633,-1.551162,156.97,13.47,3,345.64,21 / 21,2415828,2019-09-06 18:56:22:510,4.1337,-2.5189,10.3208,-0.0038,0.009,9.8066,-0.0335,0.5591,0.0024,5.19,-31.56,9.38,11.91,-83.44,158.58
52.41633,-1.551162,156.97,13.47,3,345.64,21 / 21,2415929,2019-09-06 18:56:22:611,2.6376,1.1051,9.8923,-0.0223,0.0329,9.8065,0.011,0.4731,-0.0479,4.63,-31.37,10.56,10.13,-83.84,162.85
52.41633,-1.551162,156.97,13.47,3,345.64,21 / 21,2416029,2019-09-06 18:56:22:711,2.9938,0.5166,9.5463,-0.0135,0.0146,9.8066,0.1042,0.5013,0.0139,5.69,-31.44,10.81,18.99,-83.79,165.28
52.41633,-1.551162,156.97,13.47,3,345.64,21 / 21,2416129,2019-09-06 18:56:22:811,1.8856,-1.1256,9.8197,-0.0351,-0.0324,9.8065,0.1795,0.5121,0.0112,5.5,-31.19,12.44,18.94,-83.54,167.42
52.41633,-1.551162,156.97,13.47,3,345.64,21 / 21,2416229,2019-09-06 18:56:22:911,0.7993,-1.2683,10.7145,-0.0238,-0.0255,9.8065,0.2235,0.5236,-0.0326,4.81,-31.62,13.81,13.89,-82.94,170.49
52.41633,-1.551162,156.97,13.47,3,345.64,21 / 21,2416328,2019-09-06 18:56:23:010,0.973,-0.3186,9.814,-0.0421,-0.0432,9.8064,-0.1401,0.418,0.0243,5.25,-31.62,15,15.49,-82.51,172.89
52.41633,-1.551162,156.97,13.47,3,345.64,22 / 22,2416429,2019-09-06 18:56:23:111,0.7183,0.0617,9.5119,-0.0315,-0.0205,9.8065,-0.1664,0.4426,-0.0159,5.19,-32.06,15,18.33,-82.52,174.99
52.41633,-1.551162,156.97,13.47,3,345.64,22 / 22,2416528,2019-09-06 18:56:23:210,0.9559,0.2435,9.881,0.0011,0.0453,9.8065,0.1209,0.3743,0.0396,4.31,-31.06,16.81,13.47,-82.82,177.16
52.41633,-1.551162,156.97,13.47,3,345.64,22 / 22,2416628,2019-09-06 18:56:23:310,0.1425,0.6582,10.0609,-0.0034,0.063,9.8063,0.0976,0.3505,0.0382,4.69,-31.5,17.06,19.99,-82.88,179.2
52.41633,-1.551162,156.97,13.47,3,345.64,22 / 22,2416729,2019-09-06 18:56:23:411,-1.3574,-1.0447,10.8248,-0.0142,-0.047,9.8065,0.1097,0.2344,0.0223,4.25,-31.06,17.56,16.33,-82.77,-179.74
52.41633,-1.551162,156.97,13.47,3,345.64,22 / 22,2416829,2019-09-06 18:56:23:511,0.5631,-1.7654,10.374,-0.01,-0.0012,9.8066,0.2196,0.3516,-0.1163,4.81,-31.44,18.13,20.92,-82.62,-179.13
52.41633,-1.551162,156.97,13.47,3,345.64,22 / 22,2416929,2019-09-06 18:56:23:611,-0.7398,-0.5596,9.2515,-0.0233,-0.0589,9.8063,-0.0145,0.1689,0.0679,4.5,-30.94,18.94,19.38,-82.3,-179.55
52.41633,-1.551162,156.97,13.47,3,345.64,22 / 22,2417028,2019-09-06 18:56:23:710,-2.2716,0.5143,10.3163,-0.0178,-0.0348,9.8066,-0.0693,0.124,-0.0163,3.81,-31.5,18.88,16.46,-82.13,-179.13
52.41633,-1.551162,156.97,13.47,3,345.64,22 / 22,2417128,2019-09-06 18:56:23:810,-1.0378,-1.7415,10.125,0.0066,0.0062,9.8066,0.1727,0.1104,0.0231,4.31,-31.31,19.44,17.1,-82.14,-178.63
52.41633,-1.551162,156.97,13.47,3,345.64,22 / 22,2417229,2019-09-06 18:56:23:911,-1.5514,-0.9521,10.2964,0.0117,0.0333,9.8066,-0.1708,0.0566,0.0235,4.38,-30.94,19.38,16.9,-82.23,-178.73
52.41633,-1.551162,156.97,13.47,3,345.64,22 / 22,2417329,2019-09-06 18:56:24:011,-0.6302,-0.9818,10.031,-0.0173,-0.0378,9.8065,-0.1589,0.0253,-0.0082,4.5,-31.12,19.44,20.28,-82.39,-178.78
52.41633,-1.551162,156.97,13.47,3,345.64,22 / 22,2417429,2019-09-06 18:56:24:111,-2.1773,-1.15,9.9722,-0.0195,-0.047,9.8065,-0.1283,-0.0605,-0.0606,4.75,-31.25,18.88,21.3,-82.15,-178.12
52.41633,-1.551162,156.97,13.47,3,345.64,22 / 22,2417529,2019-09-06 18:56:24:211,-0.9529,-1.957,9.7434,0.0009,0.0086,9.8066,-0.0653,-0.046,0.0218,3.75,-30.81,19.31,17.6,-82.23,-178.19
52.41633,-1.551162,156.97,13.47,3,345.64,22 / 22,2417628,2019-09-06 18:56:24:310,-1.6171,0.1716,9.3153,-0.0194,-0.0377,9.8065,-0.1458,-0.1561,0.0722,3.94,-31.06,19.88,17.35,-82,-177.74
52.41633,-1.551162,156.97,13.47,3,345.64,22 / 22,2417728,2019-09-06 18:56:24:410,-1.7009,0.4016,9.7227,0.0002,0.0124,9.8066,0.0409,-0.1739,0.0435,3.75,-31.56,19.13,20.34,-81.92,-176.36
52.41633,-1.551162,156.97,13.47,3,345.64,22 / 22,2417829,2019-09-06 18:56:24:511,-1.3085,1.6226,9.7357,-0.0029,0.0265,9.8066,-0.0336,-0.1392,0.0399,3,-31.69,18.56,17.81,-82.05,-175.36
52.41633,-1.551162,156.97,13.47,3,345.64,22 / 22,2417928,2019-09-06 18:56:24:610,-2.0968,-0.3224,10.1573,0.009,0.0216,9.8065,-0.1217,-0.0455,0.043,3.06,-32.25,19.06,19.36,-82.27,-174.03
52.41633,-1.551162,156.97,13.47,3,345.64,22 / 22,2418028,2019-09-06 18:56:24:710,-3.2792,1.7855,10.9897,-0.0168,-0.058,9.8064,-0.1652,-0.1128,0.0566,3.44,-32,18.5,19.33,-82.12,-174.14
52.41633,-1.551162,156.97,13.47,3,345.64,22 / 22,2418128,2019-09-06 18:56:24:810,-0.1796,-1.1227,8.6518,0.0158,-0.0441,9.8065,0.1283,-0.1802,-0.1521,3.19,-31.69,18,15.69,-81.98,-177.72
52.41633,-1.551162,156.97,13.47,3,345.64,22 / 22,2418228,2019-09-06 18:56:24:910,-2.2131,-2.3344,10.4578,0.001,0.0166,9.8066,-0.0352,-0.3795,0.1854,4.19,-32.06,18.88,18.08,-81.88,-178.12
52.41633,-1.551162,156.97,13.47,3,345.64,22 / 22,2418328,2019-09-06 18:56:25:010,-3.2894,-1.5156,10.5203,-0.0119,-0.0666,9.8064,0.0053,-0.3056,0.0121,3.63,-31.5,18,20.84,-81.72,-176.83
52.41633,-1.551162,156.97,13.47,3,345.64,22 / 22,2418429,2019-09-06 18:56:25:111,-2.9613,-1.731,10.7245,0.0205,-0.0287,9.8065,0.0749,-0.2419,-0.0268,3.94,-31.81,17.25,20.15,-81.39,-178.73
52.41633,-1.551162,156.97,13.47,3,345.64,22 / 22,2418529,2019-09-06 18:56:25:211,-1.4037,0.9787,8.5098,0.0194,-0.0302,9.8065,-0.1126,-0.3632,-0.0441,4.25,-32,17.19,15.55,-81.71,178.09
52.41633,-1.551162,156.97,13.47,3,345.64,22 / 22,2418628,2019-09-06 18:56:25:310,0.7717,-1.1644,9.7457,0.0119,0.0106,9.8066,0.0316,-0.3727,0.2404,3.94,-32.06,16.75,14.31,-81.89,177.27
52.41633,-1.551162,156.97,13.47,3,345.64,22 / 22,2418730,2019-09-06 18:56:25:412,-6.1658,1.2229,8.816,-0.0032,0.0093,9.8066,0.0839,-0.1991,0.0031,4,-31.56,15.81,19.23,-81.9,179.85
52.41633,-1.551162,156.97,13.47,3,345.64,22 / 22,2418829,2019-09-06 18:56:25:511,1.1186,1.8208,10.1103,0.0158,0.036,9.8065,-0.2435,-0.482,0.1106,3.63,-32.25,14.88,18.95,-82.21,178.65
52.41633,-1.551162,156.97,13.47,3,345.64,22 / 22,2418929,2019-09-06 18:56:25:611,-6.4239,-1.313,12.2556,0.0142,0.0076,9.8066,0.4642,-0.6945,0.1451,3.5,-31.94,14.63,22.2,-82.49,-178.76
52.41633,-1.551162,156.97,13.47,3,345.64,22 / 22,2419028,2019-09-06 18:56:25:710,-1.7168,-5.5932,10.4474,0.0226,0.0813,9.8062,0.7559,-0.2318,0.0841,2.19,-32.25,13.63,15.36,-82.78,-177.2
52.41633,-1.551162,156.97,13.47,3,345.64,22 / 22,2419128,2019-09-06 18:56:25:810,-6.3162,-0.701,12.3025,-0.0515,-0.159,9.8052,-0.2078,-0.1367,-0.023,2.75,-32.25,13.13,24.25,-81.89,-176.96
52.41633,-1.551162,156.97,13.47,3,345.64,22 / 22,2419229,2019-09-06 18:56:25:911,-5.6823,-0.588,8.45,-0.0493,-0.161,9.8052,0.0254,-0.547,0.2732,2.38,-32.19,12.88,16.28,-81.72,-178.27
52.41633,-1.551162,156.97,13.47,3,345.64,22 / 22,2419330,2019-09-06 18:56:26:012,1.0835,-1.1628,6.8877,-0.0287,-0.0314,9.8065,-0.4975,-0.3439,-0.0224,1.94,-32.56,12.31,22.28,-81.89,-175.74
52.416767,-1.551726,157.53,6.66,3,292.53,22 / 22,2419429,2019-09-06 18:56:26:111,-1.5071,0.3336,9.3218,0.0024,-0.0418,9.8066,-0.4307,-0.4277,0.0006,2,-32.37,12.69,21.28,-82.02,-174.71
52.416767,-1.551726,157.53,6.66,3,292.53,22 / 22,2419528,2019-09-06 18:56:26:210,-2.2744,4.49,11.8111,0.093,0.1314,9.8053,0.4152,-0.3143,0.194,2.5,-32,11.56,27.95,-83.38,-174.29
52.416767,-1.551726,157.53,6.66,3,292.53,22 / 22,2419629,2019-09-06 18:56:26:311,-6.1212,0.5562,13.1771,-0.0084,0.0668,9.8064,-0.2282,-0.0799,-0.1946,2.06,-32.44,10.25,24.57,-83.46,-175.43
52.416767,-1.551726,157.53,6.66,3,292.53,22 / 22,2419728,2019-09-06 18:56:26:410,2.4007,-1.5968,10.8204,-0.0052,-0.0461,9.8065,0.3137,-0.3044,-0.0739,2.38,-32.5,10.5,17.38,-83.67,-178.44
52.416767,-1.551726,157.53,6.66,3,292.53,22 / 22,2419829,2019-09-06 18:56:26:511,-6.1478,0.2225,10.8473,0.0738,0.0557,9.8061,0.8302,-0.3667,0.2053,1.94,-32.75,10,16.85,-83.48,179.32
52.416767,-1.551726,157.53,6.66,3,292.53,22 / 22,2419929,2019-09-06 18:56:26:611,-1.1397,-2.1349,8.0598,-0.0216,-0.1205,9.8059,-0.2491,-0.0428,-0.044,1.69,-32.56,9.81,15.77,-82.67,177.89
52.416767,-1.551726,157.53,6.66,3,292.53,22 / 22,2420029,2019-09-06 18:56:26:711,-2.6241,1.6629,11.2484,-0.0308,-0.0878,9.8062,-0.2735,-0.07,-0.1837,2.44,-31.94,9.63,13.98,-83.03,177.29
52.416767,-1.551726,157.53,6.66,3,292.53,22 / 22,2420128,2019-09-06 18:56:26:810,0.3028,-0.2703,9.1952,0.017,0.0077,9.8066,-0.138,-0.2709,0.1065,1.75,-32.12,8,20.13,-83.76,177.64
52.416767,-1.551726,157.53,6.66,3,292.53,22 / 22,2420228,2019-09-06 18:56:26:910,0.7857,0.5169,9.6033,-0.0342,-0.0524,9.8064,-0.2087,0.0203,0.0209,2.5,-33.06,8.44,33.72,-83.42,178.73
52.416767,-1.551726,157.53,6.66,3,292.53,22 / 22,2420330,2019-09-06 18:56:27:012,2.223,-0.0902,10.537,-0.0288,0.0319,9.8065,0.187,-0.1077,-0.0861,2.13,-32.12,9.06,16.92,-83.13,177.33
52.416767,-1.551726,157.53,6.66,3,292.53,22 / 22,2420429,2019-09-06 18:56:27:111,-2.0003,0.9124,9.4899,0.0045,0.0234,9.8066,-0.0372,-0.1436,0.0888,1.38,-32.44,9.19,11.87,-82.86,-179.75
52.416767,-1.551726,157.53,6.66,3,292.53,22 / 22,2420528,2019-09-06 18:56:27:210,-2.6957,-3.0438,9.9102,-0.0204,-0.027,9.8065,0.1768,0.0416,-0.0465,1.69,-32.37,9,25.55,-82.48,-178.49
52.416767,-1.551726,157.53,6.66,3,292.53,22 / 22,2420629,2019-09-06 18:56:27:311,-2.8461,-1.4935,9.4511,0.0329,0.0608,9.8063,0.2417,-0.1537,0.1551,0.88,-32.81,8.94,11.46,-82.86,179.87
52.416767,-1.551726,157.53,6.66,3,292.53,22 / 22,2420728,2019-09-06 18:56:27:410,-1.5703,-2.1983,10.5267,-0.001,0.0066,9.8066,-0.0897,-0.0506,0.0155,1.69,-33,8.5,24.2,-83.05,-178.74
52.416767,-1.551726,157.53,6.66,3,292.53,22 / 22,2420829,2019-09-06 18:56:27:511,1.2282,2.761,10.2387,0.0025,0.0056,9.8066,-0.1882,0.004,-0.0787,0.88,-33.06,7.88,17.38,-83.32,-178.04
52.416767,-1.551726,157.53,6.66,3,292.53,22 / 22,2420928,2019-09-06 18:56:27:610,0.3383,-1.5216,9.2109,0.0118,0.0175,9.8066,0.1606,0.0156,-0.0466,1.25,-32.75,7.81,14.18,-83.35,-179.7
52.416767,-1.551726,157.53,6.66,3,292.53,22 / 22,2421028,2019-09-06 18:56:27:710,-0.1029,-1.3031,9.3591,0.0026,-0.0063,9.8066,0.079,0.0299,0.0132,0.94,-33,8.5,11.85,-82.97,-179.84
52.416767,-1.551726,157.53,6.66,3,292.53,22 / 22,2421129,2019-09-06 18:56:27:811,-0.3623,-2.586,9.8916,-0.0059,-0.0183,9.8066,-0.0708,-0.0299,0.0292,1.06,-33.31,9.06,11.4,-82.7,179.72
52.416767,-1.551726,157.53,6.66,3,292.53,22 / 22,2421229,2019-09-06 18:56:27:911,-0.2206,-0.7379,10.2927,0.0025,0.014,9.8066,-0.0626,0.0411,-0.0207,1.44,-32.81,8.88,12.04,-82.93,-179.76
52.416767,-1.551726,157.53,6.66,3,292.53,22 / 22,2421328,2019-09-06 18:56:28:010,-0.3897,-0.4918,9.7355,0.0096,0.0065,9.8066,0.0656,0.0819,-0.0199,1.25,-33.75,8.81,11.54,-82.98,179.84
52.416767,-1.551726,157.53,6.66,3,292.53,21 / 22,2421429,2019-09-06 18:56:28:111,-0.2613,-0.3357,9.9267,-0.0065,-0.0114,9.8066,0.0987,-0.0094,0.0646,1.5,-32.75,10.06,17.59,-82.82,179.12
52.416767,-1.551726,157.53,6.66,3,292.53,21 / 22,2421529,2019-09-06 18:56:28:211,-0.0394,-2.3854,9.7826,-0.0088,-0.0161,9.8066,0.0735,0.0252,0.0282,0.56,-33.31,9.63,11.63,-82.3,-179.27
52.416767,-1.551726,157.53,6.66,3,292.53,21 / 22,2421629,2019-09-06 18:56:28:311,-1.1259,0.1678,9.4965,-0.0191,-0.0322,9.8065,-0.0065,-0.0142,-0.0022,0.94,-33,9.69,13.55,-82.07,-178.38
52.416767,-1.551726,157.53,6.66,3,292.53,21 / 22,2421729,2019-09-06 18:56:28:411,-0.3599,0.5813,10.553,0.0033,0.0144,9.8066,0.1002,-0.0057,-0.0166,1.06,-33.06,9.88,15.35,-82.05,-177.41
52.416767,-1.551726,157.53,6.66,3,292.53,21 / 22,2421828,2019-09-06 18:56:28:510,-1.9615,-3.7087,10.5896,0.0059,0.0062,9.8066,0.014,-0.0298,0.019,1.13,-33.37,10.06,14.91,-82,-177.7
52.416767,-1.551726,157.53,6.66,3,292.53,21 / 22,2421929,2019-09-06 18:56:28:611,-0.9754,0.2654,9.5402,0.01,0.0146,9.8066,0.0217,0.0265,0.0028,1.63,-32.5,9.81,24.28,-82.13,-177.42
52.416767,-1.551726,157.53,6.66,3,292.53,21 / 22,2422028,2019-09-06 18:56:28:710,-1.5737,-0.778,9.8878,0.0129,0.0172,9.8066,0.0115,-0.0324,0.036,0.94,-32.81,10,12.91,-82.33,-178.53
52.416767,-1.551726,157.53,6.66,3,292.53,21 / 22,2422128,2019-09-06 18:56:28:810,-1.004,-0.6271,10.0815,0.0126,0.0045,9.8066,-0.0166,-0.0148,-0.0615,2.06,-33.19,9.44,25.18,-82.45,-179.1
52.416767,-1.551726,157.53,6.66,3,292.53,21 / 22,2422229,2019-09-06 18:56:28:911,0.0933,-1.1795,9.6795,0.027,-0.0071,9.8065,-0.029,0.0159,-0.0463,1.56,-33.06,9.19,21.36,-82.47,178.81
52.416767,-1.551726,157.53,6.66,3,292.53,21 / 22,2422328,2019-09-06 18:56:29:010,-0.6741,-0.7208,9.1687,0.0107,0.0096,9.8066,-0.0286,0.0119,0.0186,2,-32.69,9,17.58,-82.59,176.89
52.416767,-1.551726,157.53,6.66,3,292.53,20 / 22,2422428,2019-09-06 18:56:29:110,0.0032,-0.675,9.6218,0.0176,0.0288,9.8065,0.0273,0.0463,-0.0797,1.69,-33,8.63,16.07,-82.77,176.25
52.416767,-1.551726,157.53,6.66,3,292.53,20 / 22,2422529,2019-09-06 18:56:29:211,0.2561,-0.7249,9.7615,0.0113,0.0181,9.8066,0.0913,0.0874,0.0236,1.44,-32.75,9.31,2.05,-82.8,174.76
52.416767,-1.551726,157.53,6.66,3,292.53,20 / 22,2422629,2019-09-06 18:56:29:311,-0.4122,-0.1427,9.9637,-0.0046,-0.0125,9.8066,-0.0304,0.0442,0.0219,1.81,-33.06,9,12.68,-82.75,174.36
52.416767,-1.551726,157.53,6.66,3,292.53,20 / 22,2422729,2019-09-06 18:56:29:411,-0.3096,-1.2101,10.0183,-0.0077,0.0054,9.8066,0.0865,0.0372,-0.0161,2,-32.81,9.13,13.9,-82.64,174.93
52.416767,-1.551726,157.53,6.66,3,292.53,20 / 22,2422829,2019-09-06 18:56:29:511,0.2136,-0.9007,10.3221,-0.0058,0.0012,9.8066,0.0468,-0.0272,0.0051,1.75,-33.25,9,15.4,-82.57,175.68
52.416767,-1.551726,157.53,6.66,3,292.53,20 / 22,2422929,2019-09-06 18:56:29:611,-1.0222,-0.7433,9.2692,0.0021,0.0108,9.8066,0.0554,0.0834,-0.0149,2.63,-33,8.81,26.19,-82.68,176.28
52.416767,-1.551726,157.53,6.66,3,292.53,20 / 22,2423028,2019-09-06 18:56:29:710,0.3658,-0.2318,9.6983,-0.0013,0.0095,9.8066,0.0707,0.0869,0.0431,2.06,-33.19,9.25,16.22,-82.74,176.31
52.416767,-1.551726,157.53,6.66,3,292.53,20 / 22,2423129,2019-09-06 18:56:29:811,-0.8061,-1.0534,10.1172,0.0018,0.0032,9.8066,-0.0304,-0.0046,0.0293,2,-32.81,9.06,17.03,-82.67,176.68
52.416767,-1.551726,157.53,6.66,3,292.53,20 / 22,2423229,2019-09-06 18:56:29:911,0.6455,0.1375,10.2397,-0.0057,-0.0114,9.8066,-0.0665,0.0925,-0.0962,1.75,-32.87,9.5,14.48,-82.61,177.08
52.416767,-1.551726,157.53,6.66,3,292.53,20 / 22,2423328,2019-09-06 18:56:30:010,-0.3309,-1.5303,11.1825,-0.0114,-0.0209,9.8066,0.1912,0.0781,0.0107,2.19,-33,9.94,13.48,-82.25,176.21
52.416767,-1.551726,157.53,6.66,3,292.53,21 / 22,2423428,2019-09-06 18:56:30:110,-1.2715,-0.8064,10.7718,-0.0118,-0.018,9.8066,0.0592,0.0264,0.0422,2.38,-33.12,9.75,15.35,-81.93,176.98
52.416767,-1.551726,157.53,6.66,3,292.53,21 / 22,2423529,2019-09-06 18:56:30:211,-0.1188,-0.8179,10.7591,-0.0009,-0.0247,9.8066,0.0611,0.0995,-0.1378,2.06,-32.87,10.81,13.65,-81.62,177.38
52.416767,-1.551726,157.53,6.66,3,292.53,21 / 22,2423629,2019-09-06 18:56:30:311,0.9043,-2.1983,8.979,0.0071,-0.0139,9.8065,0.0925,0.0892,0.0022,2.19,-32.94,10.5,11.68,-81.41,176.13
52.416767,-1.551726,157.53,6.66,3,292.53,21 / 22,2423728,2019-09-06 18:56:30:410,-0.8449,-0.5749,8.6805,-0.0264,0.0024,9.8066,-0.1395,0.0702,-0.0016,2.19,-32.37,10.5,13.02,-81.37,177.02
52.416767,-1.551726,157.53,6.66,3,292.53,21 / 22,2423829,2019-09-06 18:56:30:511,0.8448,-0.1601,9.5419,0.0024,-0.0003,9.8066,-0.2105,0.0425,0.0808,2.06,-33,10.19,19.01,-81.51,178.54
52.416767,-1.551726,157.53,6.66,3,292.53,21 / 22,2423929,2019-09-06 18:56:30:611,-0.9121,-1.0867,9.3905,0.0059,0.0508,9.8064,0.0489,0.0579,-0.0583,2.25,-32.44,10.19,19.66,-82.12,179.85
52.416767,-1.551726,157.53,6.66,3,292.53,21 / 22,2424028,2019-09-06 18:56:30:710,-0.6547,-0.4567,9.7836,0.0215,0.0301,9.8065,0.1192,0.0248,0.0249,1.81,-32.87,10.56,16.33,-82.21,179.42
52.416767,-1.551726,157.53,6.66,3,292.53,21 / 22,2424128,2019-09-06 18:56:30:810,-1.6022,-1.9624,10.214,-0.0188,-0.0072,9.8066,-0.0047,0.0351,-0.0372,2.5,-33,10,28.96,-82.07,179.82
52.416767,-1.551726,157.53,6.66,3,292.53,21 / 22,2424230,2019-09-06 18:56:30:912,-1.2843,-0.5229,9.7376,0.0108,-0.0084,9.8066,0.0161,-0.0131,0.0006,2.38,-32.81,10.38,20.33,-81.96,179.78
52.416767,-1.551726,157.53,6.66,3,292.53,21 / 22,2424328,2019-09-06 18:56:31:010,-0.332,-2.0672,9.4904,0.0174,0.0108,9.8066,-0.0698,-0.0348,-0.0654,2.56,-32.19,10.63,21.28,-82.07,177.75
52.416767,-1.551726,157.53,6.66,3,292.53,22 / 22,2424428,2019-09-06 18:56:31:110,0.466,-0.4877,10.2378,0.0155,0.0148,9.8066,-0.0139,0.0476,-0.0724,2.5,-32.12,10.63,20.24,-82.21,177.24
52.416767,-1.551726,157.53,6.66,3,292.53,22 / 22,2424529,2019-09-06 18:56:31:211,-0.5157,-0.877,9.922,0.0097,-0.0181,9.8066,0.0698,0.0153,-0.0045,2.31,-32.81,10.56,9.35,-82.07,175.16
52.416767,-1.551726,157.53,6.66,3,292.53,22 / 22,2424628,2019-09-06 18:56:31:310,0.3206,-1.9941,9.2907,-0.0144,-0.0121,9.8065,0.0373,0.0349,-0.1214,3,-32.25,10.13,20.3,-82.1,175.01
52.416767,-1.551726,157.53,6.66,3,292.53,22 / 22,2424728,2019-09-06 18:56:31:410,-1.2939,-1.7227,9.7154,0.0287,0.0237,9.8065,-0.0196,0.0542,0.0431,2.69,-32.06,10.06,20.3,-82.1,175.01
52.416767,-1.551726,157.53,6.66,3,292.53,22 / 22,2424828,2019-09-06 18:56:31:510,-0.7032,-1.5646,9.8995,0.0077,0.009,9.8065,-0.0709,0.0848,-0.0344,3.19,-32.31,10.06,17.39,-82.38,173.56
52.416767,-1.551726,157.53,6.66,3,292.53,22 / 22,2424928,2019-09-06 18:56:31:610,0.7252,-0.6298,9.6956,0.0126,0.0009,9.8066,-0.0554,0.0514,0.0123,3.31,-32.69,9.94,15.61,-82.47,172.38
52.416767,-1.551726,157.53,6.66,3,292.53,22 / 22,2425029,2019-09-06 18:56:31:711,0.0326,0.9181,9.1342,0.0029,0.0088,9.8066,-0.1026,0.0042,-0.0031,3.63,-31.69,10.06,23.09,-82.57,172.44
52.416767,-1.551726,157.53,6.66,3,292.53,22 / 22,2425129,2019-09-06 18:56:31:811,-1.5929,-1.0955,9.3994,0.0264,0.0024,9.8066,-0.0078,0.0073,0.0227,4.13,-31.75,10.06,20.6,-82.73,171.03
52.416767,-1.551726,157.53,6.66,3,292.53,22 / 22,2425229,2019-09-06 18:56:31:911,0.5322,0.072,9.9456,-0.0059,0.0192,9.8066,0.0587,0.0863,-0.0155,3.75,-32.5,10.25,19.93,-82.9,170.8
52.416767,-1.551726,157.53,6.66,3,292.53,22 / 22,2425329,2019-09-06 18:56:32:011,0.2525,-0.0859,9.6171,-0.0064,-0.0231,9.8066,-0.0737,0.0782,0.0252,3.94,-31.87,10.19,20.53,-82.94,171.22
52.416767,-1.551726,157.53,6.66,3,292.53,22 / 22,2425429,2019-09-06 18:56:32:111,-0.1079,-0.626,10.1588,-0.0287,-0.0303,9.8065,-0.0476,0.0952,0.0153,3.38,-32.75,10.31,14.46,-82.84,172
52.416767,-1.551726,157.53,6.66,3,292.53,22 / 22,2425528,2019-09-06 18:56:32:210,-0.1807,0.0575,9.4949,-0.0078,0.0297,9.8066,-0.0224,0.0724,-0.0291,4.06,-32.56,10.25,22.89,-83.09,172.69
52.416767,-1.551726,157.53,6.66,3,292.53,22 / 22,2425629,2019-09-06 18:56:32:311,0.6796,-1.2306,10.1525,-0.0003,0.0021,9.8066,0.0158,0.0305,-0.0023,3.81,-32.19,10.94,20.11,-83.08,173.49
52.416767,-1.551726,157.53,6.66,3,292.53,22 / 22,2425729,2019-09-06 18:56:32:411,-0.8928,-0.1249,9.2155,-0.0101,0.011,9.8065,-0.0709,0.0547,0.0182,3.19,-31.75,10.13,17.24,-83.25,174.29
52.416767,-1.551726,157.53,6.66,3,292.53,22 / 22,2425828,2019-09-06 18:56:32:510,0.4469,-0.8748,8.8774,0.004,0.0402,9.8065,-0.0083,0.0439,0.0168,3.75,-32.31,10.63,21.71,-83.44,174.96
52.416767,-1.551726,157.53,6.66,3,292.53,22 / 22,2425929,2019-09-06 18:56:32:611,-0.7047,-0.8006,9.7088,-0.0126,0.0105,9.8066,-0.0096,-0.0693,0.034,3.13,-32.44,10,20.93,-83.42,176.89
52.416767,-1.551726,157.53,6.66,3,292.53,22 / 22,2426028,2019-09-06 18:56:32:710,-0.1131,1.0049,9.8097,-0.0238,-0.0396,9.8065,-0.1235,-0.1125,0.194,3.81,-32.25,10,31.11,-83.35,178.87
52.416767,-1.551726,157.53,6.66,3,292.53,22 / 22,2426129,2019-09-06 18:56:32:811,-0.9491,-0.9681,9.5569,0.0006,0.0411,9.8066,0.1,0.0826,0.0282,3.44,-32.44,10.56,26.76,-83.43,-176.97
52.416767,-1.551726,157.53,6.66,3,292.53,22 / 22,2426229,2019-09-06 18:56:32:911,-1.9001,1.3369,9.8762,0.0059,0.0245,9.8066,0.1595,-0.0907,0.0593,3.31,-32.44,10.19,31.27,-83.41,-176.13
52.416767,-1.551726,157.53,6.66,3,292.53,22 / 22,2426330,2019-09-06 18:56:33:012,-0.1987,-1.6212,10.0983,-0.0118,-0.0006,9.8066,-0.0606,0.0089,-0.0453,3.69,-32.37,9.88,40.8,-83.48,-173.95
52.416767,-1.551726,157.53,6.66,3,292.53,22 / 22,2426428,2019-09-06 18:56:33:110,-1.329,-0.2164,10.0065,0.0142,-0.0198,9.8065,-0.0045,-0.0793,0.0722,2.94,-32.81,10.38,33.71,-83.55,-174.55
52.416767,-1.551726,157.53,6.66,3,292.53,22 / 22,2426529,2019-09-06 18:56:33:211,-1.2036,-0.0026,9.3355,0.0097,-0.042,9.8065,-0.1066,0.1081,-0.1497,3.44,-32.25,10.19,31.45,-83.7,-175.54
52.416767,-1.551726,157.53,6.66,3,292.53,22 / 22,2426629,2019-09-06 18:56:33:311,0.2362,0.1131,9.6065,0.0121,-0.0249,9.8066,-0.0887,-0.0417,0.0427,4,-32.56,9.88,31.53,-83.56,179.2
52.416767,-1.551726,157.53,6.66,3,292.53,22 / 22,2426728,2019-09-06 18:56:33:410,-0.2756,-0.2064,10.2185,0.0045,-0.0154,9.8066,0.0664,0.0603,-0.077,3.81,-32.19,10.38,32.06,-83.48,179.76
52.416767,-1.551726,157.53,6.66,3,292.53,22 / 22,2426829,2019-09-06 18:56:33:511,-1.391,-1.1436,9.8297,-0.0078,-0.0022,9.8066,0.0378,-0.016,0.0909,4.56,-32.12,10.25,37.38,-83.39,179.06
52.416767,-1.551726,157.53,6.66,3,292.53,22 / 22,2426929,2019-09-06 18:56:33:611,0.1572,-0.1653,10.9178,-0.0143,-0.0124,9.8066,0.0525,-0.0459,0.1197,3.5,-31.94,11.31,31.39,-83.16,-178.57
52.416767,-1.551726,157.53,6.66,3,292.53,22 / 22,2427029,2019-09-06 18:56:33:711,-1.5437,-1.0746,7.9279,-0.0347,0.0149,9.8065,-0.0361,-0.0009,0.0233,3.31,-31.69,10.94,28.74,-83.1,-176.04
52.416767,-1.551726,157.53,6.66,3,292.53,22 / 22,2427128,2019-09-06 18:56:33:810,-2.5366,-0.4449,9.7288,-0.0022,0.0157,9.8066,-0.0578,0.03,0.0742,3.63,-31.81,11,39.51,-83.34,-172.32
52.416767,-1.551726,157.53,6.66,3,292.53,22 / 22,2427229,2019-09-06 18:56:33:911,0.0187,1.1047,10.0324,0.0108,0.0221,9.8066,-0.0564,0.0297,-0.0345,2.44,-32.37,10.13,28.96,-83.85,-171.87
52.416767,-1.551726,157.53,6.66,3,292.53,22 / 22,2427328,2019-09-06 18:56:34:010,1.0475,0.5393,10.3956,0.0061,-0.02,9.8066,0.0766,0.0317,-0.1175,3.38,-32.19,10.19,34.39,-83.86,-173.16
52.416767,-1.551726,157.53,6.66,3,292.53,22 / 22,2427428,2019-09-06 18:56:34:110,-0.5651,-1.3108,9.1955,0.019,0.0013,9.8066,0.1349,0.0092,0.0225,4.19,-32.12,11.38,34.69,-83.7,-175.3
52.416767,-1.551726,157.53,6.66,3,292.53,22 / 22,2427529,2019-09-06 18:56:34:211,-0.9736,-1.2115,9.1719,0.0048,-0.0048,9.8066,-0.1022,-0.0184,-0.073,3.31,-32.19,10.5,28.04,-83.34,-176.19
52.416767,-1.551726,157.53,6.66,3,292.53,22 / 22,2427628,2019-09-06 18:56:34:310,0.4614,0.1686,10.1842,0.0525,0.0535,9.8063,-0.0312,-0.0049,0.017,3.75,-32.87,10.63,31.34,-83.87,-177.82
52.416767,-1.551726,157.53,6.66,3,292.53,22 / 22,2427729,2019-09-06 18:56:34:411,0.861,-0.5679,9.5562,0.0323,0.0299,9.8065,-0.0014,-0.0646,-0.0217,4.19,-32.31,9.56,30.15,-84.39,179.82
52.416767,-1.551726,157.53,6.66,3,292.53,22 / 22,2427828,2019-09-06 18:56:34:510,0.1334,0.6565,9.6947,0.0176,0.0067,9.8066,0.1294,0.015,-0.0376,4.06,-31.87,9.31,33.65,-84.35,179.34
52.416767,-1.551726,157.53,6.66,3,292.53,22 / 22,2427928,2019-09-06 18:56:34:610,0.0831,-0.4704,10.3502,-0.0165,-0.019,9.8066,0.0183,0.0095,-0.0099,3.81,-32,10.75,26.24,-83.89,178.73
52.416767,-1.551726,157.53,6.66,3,292.53,22 / 22,2428028,2019-09-06 18:56:34:710,-0.3984,-0.1212,10.0157,-0.0045,-0.0129,9.8066,0.0081,-0.0094,-0.0113,4.25,-31.94,10.06,30.45,-83.71,178.99
52.416767,-1.551726,157.53,6.66,3,292.53,22 / 22,2428129,2019-09-06 18:56:34:811,-0.0767,-0.6122,9.3336,0.0047,0.0037,9.8066,-0.0362,0.0517,0.0074,4,-32.31,10.44,29.93,-83.69,178.58
52.416767,-1.551726,157.53,6.66,3,292.53,22 / 22,2428228,2019-09-06 18:56:34:910,0.2306,1.1834,9.3955,0.0036,0.0179,9.8065,-0.1451,0.0332,0.0376,4.19,-32.19,10.19,30.23,-83.85,179.05
52.416767,-1.551726,157.53,6.66,3,292.53,22 / 22,2428329,2019-09-06 18:56:35:011,0.219,-0.0848,8.9587,0.0081,0.0303,9.8065,0.0471,0.014,0.0142,4.13,-32.37,9.94,29.46,-84.38,179.3
52.41709,-1.552831,159.84,11.7,3,289.98,22 / 22,2428429,2019-09-06 18:56:35:111,-1.5131,0.803,9.9873,0.0063,0.024,9.8065,0.0668,0.031,-0.0403,3.63,-31.87,9.94,30.47,-84.36,-179.98
52.41709,-1.552831,159.84,11.7,3,289.98,22 / 22,2428528,2019-09-06 18:56:35:210,-0.9883,0.2136,9.9627,-0.0129,-0.0208,9.8066,-0.021,-0.0025,0.0429,3.81,-32.25,9.94,28.58,-84.65,179.06
52.41709,-1.552831,159.84,11.7,3,289.98,22 / 22,2428628,2019-09-06 18:56:35:310,-0.7113,0.8312,11.4556,-0.0163,-0.0271,9.8065,-0.0142,-0.0247,-0.0085,4,-32,9.81,28.87,-84.52,179.08
52.41709,-1.552831,159.84,11.7,3,289.98,22 / 22,2428729,2019-09-06 18:56:35:411,-1.1074,-1.1957,9.64,0.0048,-0.041,9.8065,0.0263,-0.0556,-0.0767,4.25,-32.31,9.81,26.32,-84.19,176.72
52.41709,-1.552831,159.84,11.7,3,289.98,22 / 22,2428830,2019-09-06 18:56:35:512,-1.4265,-1.7994,9.8361,0.0033,-0.0211,9.8066,-0.1652,-0.0383,0.027,5.13,-31.94,9.63,30.04,-83.93,174.61
52.41709,-1.552831,159.84,11.7,3,289.98,22 / 22,2428929,2019-09-06 18:56:35:611,-1.6852,0.6989,6.9233,0.0006,-0.0039,9.8066,-0.4205,-0.2155,0.1384,4.19,-32.87,9.31,26.94,-84.49,174.49
52.41709,-1.552831,159.84,11.7,3,289.98,22 / 22,2429029,2019-09-06 18:56:35:711,-0.2251,-1.4945,9.612,-0.0114,-0.003,9.8065,-0.2477,0.1225,-0.1677,4.25,-31.81,9.13,25.04,-85.05,174.17
52.41709,-1.552831,159.84,11.7,3,289.98,22 / 22,2429128,2019-09-06 18:56:35:810,0.0356,4.7586,10.6524,0.0161,0.0069,9.8066,0.1498,-0.2187,0.1693,5,-31.44,9.31,24.75,-85.5,169.96
52.41709,-1.552831,159.84,11.7,3,289.98,22 / 22,2429228,2019-09-06 18:56:35:910,0.3603,-0.1662,11.1541,-0.0416,-0.051,9.8064,0.0858,-0.0202,-0.0758,4.75,-32.25,9.69,25.56,-84.85,172.54
52.41709,-1.552831,159.84,11.7,3,289.98,22 / 22,2429328,2019-09-06 18:56:36:010,-0.3498,-0.4662,10.8279,-0.0348,-0.0475,9.8064,0.0977,0.0264,0.0235,4.06,-32.06,9.94,20.96,-84.11,172.78
52.41709,-1.552831,159.84,11.7,3,289.98,22 / 22,2429428,2019-09-06 18:56:36:110,-0.6051,-0.7638,10.2801,-0.006,0.013,9.8066,-0.0637,-0.0001,0.0036,4.38,-31.87,10.44,24.64,-83.68,174.86
52.41709,-1.552831,159.84,11.7,3,289.98,22 / 22,2429529,2019-09-06 18:56:36:211,0.2106,0.7778,9.4132,0.0147,0.0163,9.8066,-0.1172,-0.0167,0.0291,4.31,-31.87,9.38,27.13,-84.16,174.37
52.41709,-1.552831,159.84,11.7,3,289.98,22 / 22,2429629,2019-09-06 18:56:36:311,-0.5283,-0.4932,9.0537,-0.008,-0.0006,9.8066,-0.0013,-0.017,-0.0344,4.13,-31.94,9.75,23.47,-84.35,174.87
52.41709,-1.552831,159.84,11.7,3,289.98,22 / 22,2429728,2019-09-06 18:56:36:410,0.6823,-0.0306,9.2424,-0.0137,0.0093,9.8065,0.0723,-0.0671,0.0953,4.75,-32.19,9.94,29.13,-84.44,174.68
52.41709,-1.552831,159.84,11.7,3,289.98,22 / 22,2429828,2019-09-06 18:56:36:510,-0.4338,-0.7711,9.9348,-0.005,-0.0096,9.8066,0.0108,-0.0009,0.0122,4.25,-32.06,9.06,30.72,-84.25,177.05
52.41709,-1.552831,159.84,11.7,3,289.98,22 / 22,2429929,2019-09-06 18:56:36:611,-0.1291,-0.2929,9.783,-0.0111,-0.0154,9.8066,0.0231,-0.0265,-0.0577,4.19,-32.94,9.81,27.41,-83.95,176.91
52.41709,-1.552831,159.84,11.7,3,289.98,22 / 22,2430028,2019-09-06 18:56:36:710,-0.5961,-0.25,10.2085,0.0163,0.0062,9.8066,-0.0903,0.058,0.035,4.13,-32.5,10.94,22.84,-83.88,176.24
52.41709,-1.552831,159.84,11.7,3,289.98,22 / 22,2430128,2019-09-06 18:56:36:810,0.2135,-0.11,10.0666,0.0046,0.0053,9.8066,0.0006,0.0137,-0.0042,4.56,-31.94,10,30.32,-84.1,175.07
52.41709,-1.552831,159.84,11.7,3,289.98,22 / 22,2430229,2019-09-06 18:56:36:911,0.1285,-0.0001,10.0571,-0.0027,0.0009,9.8066,-0.0584,0.0208,-0.0722,4.13,-32.37,9.81,24.53,-84.1,175.32
52.41709,-1.552831,159.84,11.7,3,289.98,22 / 22,2430330,2019-09-06 18:56:37:012,-0.2381,-1.2574,8.9688,-0.0138,-0.0187,9.8066,0.0534,0.0306,-0.0029,4.31,-31.69,9.75,23.46,-84.13,174.6
52.41709,-1.552831,159.84,11.7,3,289.98,22 / 22,2430429,2019-09-06 18:56:37:111,-0.9448,-0.8989,9.3435,-0.01,-0.0131,9.8066,-0.097,-0.029,0.058,4.94,-31.87,10.06,30.78,-83.91,175.12
52.41709,-1.552831,159.84,11.7,3,289.98,22 / 22,2430528,2019-09-06 18:56:37:210,-0.3973,0.8439,10.322,0.014,0.0219,9.8066,0.0655,-0.0004,-0.0327,4.25,-32.31,9.81,25.29,-84.24,176.05
52.41709,-1.552831,159.84,11.7,3,289.98,22 / 22,2430628,2019-09-06 18:56:37:310,-0.2487,0.6941,9.5769,0.0284,0.0296,9.8065,0.0878,-0.0828,0.037,4.13,-32.12,10.19,22.94,-84.4,174.54
52.41709,-1.552831,159.84,11.7,3,289.98,22 / 22,2430728,2019-09-06 18:56:37:410,-1.7147,-0.1752,10.0881,0.0098,0.0069,9.8066,0.026,-0.059,0.028,4.75,-31.75,9.63,30.66,-84.28,175.59
52.41709,-1.552831,159.84,11.7,3,289.98,22 / 22,2430829,2019-09-06 18:56:37:511,0.1163,-1.4175,9.8216,0.0172,0.0076,9.8066,0.0682,0.0611,0.009,4.38,-32.12,9.75,23.54,-84.27,174.83
52.41709,-1.552831,159.84,11.7,3,289.98,22 / 22,2430929,2019-09-06 18:56:37:611,-0.9507,0.6384,10.5825,-0.0106,0.0039,9.8066,0.1266,0.006,-0.0506,5,-31.81,9.88,29.93,-84.08,174.76
52.41709,-1.552831,159.84,11.7,3,289.98,22 / 22,2431029,2019-09-06 18:56:37:711,0.2174,-1.232,9.2378,0.0163,-0.0018,9.8066,-0.0254,0.0338,-0.03,4.5,-31.81,9.94,29.92,-83.94,174.53
52.41709,-1.552831,159.84,11.7,3,289.98,22 / 22,2431129,2019-09-06 18:56:37:811,-0.9682,-0.9971,9.4784,-0.005,0.0384,9.8065,0.0165,0.0288,0.1088,4.63,-32.12,9.88,31.02,-84.04,175.5
52.41709,-1.552831,159.84,11.7,3,289.98,22 / 22,2431228,2019-09-06 18:56:37:910,-2.1815,-0.5206,8.6676,0.0181,0.0398,9.8065,-0.1396,-0.1004,-0.0493,4.31,-32.06,10,26.74,-84.22,177.08
52.41709,-1.552831,159.84,11.7,3,289.98,22 / 22,2431329,2019-09-06 18:56:38:011,0.2697,-0.1577,10.2287,0.0135,0.0108,9.8065,0.0158,-0.0141,0.0549,4.94,-31.81,9.44,36,-84.25,176.24
52.41709,-1.552831,159.84,11.7,3,289.98,22 / 22,2431428,2019-09-06 18:56:38:110,0.0647,2.9409,9.643,0.0053,0.0171,9.8066,-0.0615,-0.0167,0.1464,4.38,-32.06,10.13,25.83,-84.24,176.44
52.41709,-1.552831,159.84,11.7,3,289.98,22 / 22,2431529,2019-09-06 18:56:38:211,-1.0797,0.2122,9.6185,0.0156,0.0168,9.8066,0.0204,-0.0995,-0.0119,4.81,-31.81,10.19,34.59,-83.88,177.89
52.41709,-1.552831,159.84,11.7,3,289.98,22 / 22,2431628,2019-09-06 18:56:38:310,0.2372,-0.4415,9.4379,-0.0094,0.0102,9.8066,0.006,0.0548,-0.0645,4.81,-31.62,9.38,40.65,-83.82,178.81
52.41709,-1.552831,159.84,11.7,3,289.98,22 / 22,2431729,2019-09-06 18:56:38:411,-0.7087,-0.803,8.9582,-0.0017,0.0132,9.8066,0.0536,-0.0567,0.0161,4.19,-31.94,9.81,29.14,-84.04,178.55
52.41709,-1.552831,159.84,11.7,3,289.98,22 / 22,2431828,2019-09-06 18:56:38:510,-0.325,1.6511,10.5695,0.0076,0.0143,9.8065,0.0186,-0.0302,-0.0276,4.5,-31.75,9.81,35.68,-83.95,178.81
52.41709,-1.552831,159.84,11.7,3,289.98,22 / 22,2431929,2019-09-06 18:56:38:611,-0.1048,-0.5818,10.8768,-0.0075,-0.0445,9.8065,0.0997,0.0052,0.0112,4.13,-32.19,10.44,27.56,-83.89,177.2
52.41709,-1.552831,159.84,11.7,3,289.98,22 / 22,2432029,2019-09-06 18:56:38:711,0.2729,0.8553,9.768,0.0163,0.007,9.8066,-0.0529,-0.0583,-0.0168,4.19,-31.94,10.44,25.8,-83.63,175.61
52.41709,-1.552831,159.84,11.7,3,289.98,22 / 22,2432129,2019-09-06 18:56:38:811,-0.5497,0.8675,9.9043,0.0388,0.0211,9.8065,0.0206,-0.0913,-0.0295,4.69,-31.62,9.81,28.86,-83.83,173.61
52.41709,-1.552831,159.84,11.7,3,289.98,22 / 22,2432229,2019-09-06 18:56:38:911,0.1662,0.1143,9.5159,0.0261,0.0189,9.8065,0.0156,0.0044,-0.0842,5.25,-32.19,9.88,26.77,-83.94,172.24
52.41709,-1.552831,159.84,11.7,3,289.98,22 / 22,2432329,2019-09-06 18:56:39:011,-0.7999,-0.2656,9.1644,0.0249,0.0089,9.8066,0.0478,-0.0369,0.0583,4.69,-32.06,9.75,22.91,-84.04,169.58
52.41709,-1.552831,159.84,11.7,3,289.98,22 / 22,2432429,2019-09-06 18:56:39:111,0.0066,1.0353,10.1605,-0.0048,0.0036,9.8066,-0.088,0.011,-0.0282,4.75,-31.69,10.38,23.25,-84.01,169.8
52.41709,-1.552831,159.84,11.7,3,289.98,22 / 22,2432528,2019-09-06 18:56:39:210,-0.068,0.0481,9.8539,0.0255,0.02,9.8065,0.0895,-0.0218,-0.0347,5.56,-31.69,9.81,27.76,-84.01,168.99
52.41709,-1.552831,159.84,11.7,3,289.98,22 / 22,2432629,2019-09-06 18:56:39:311,-0.3484,-0.3749,9.7117,0.0111,0.0169,9.8066,0.0336,-0.0333,0.0048,5.13,-31.87,9.69,20.79,-84.1,168.13
52.41709,-1.552831,159.84,11.7,3,289.98,22 / 22,2432729,2019-09-06 18:56:39:411,-0.409,-0.0301,10.2243,-0.0116,-0.0007,9.8066,-0.0057,-0.0128,0.0604,4.88,-32.25,9.88,22.06,-84.13,169.07
52.41709,-1.552831,159.84,11.7,3,289.98,22 / 22,2432829,2019-09-06 18:56:39:511,-0.8333,-0.5143,10.7675,-0.0261,-0.0118,9.8065,0.0336,0.0098,-0.0061,4.69,-32.12,9.63,24.49,-84.07,170.76
52.41709,-1.552831,159.84,11.7,3,289.98,22 / 22,2432929,2019-09-06 18:56:39:611,0.3728,-0.2005,8.9198,-0.0038,0.0059,9.8066,0.0046,-0.0476,0.0221,4.75,-31.94,9.94,24.93,-84.11,171.14
52.41709,-1.552831,159.84,11.7,3,289.98,22 / 22,2433029,2019-09-06 18:56:39:711,0.524,0.189,10.3563,0.0024,-0.0017,9.8066,-0.0381,-0.0129,-0.0007,4.63,-32.25,9.69,26.3,-84.06,172.06
52.41709,-1.552831,159.84,11.7,3,289.98,22 / 22,2433128,2019-09-06 18:56:39:810,0.4795,0.7985,10.1652,-0.0076,-0.0122,9.8066,0.0926,0.0135,0.023,4.63,-31.75,10.38,25.01,-84.15,171.25
52.41709,-1.552831,159.84,11.7,3,289.98,22 / 22,2433229,2019-09-06 18:56:39:911,0.1596,0.6431,10.044,-0.0123,-0.0063,9.8066,0.0605,-0.0279,0.0265,4.88,-31.75,9.81,26.78,-83.95,172.26
52.41709,-1.552831,159.84,11.7,3,289.98,22 / 22,2433329,2019-09-06 18:56:40:011,-0.2659,0.1574,10.3587,-0.0041,0.0076,9.8066,0.071,-0.0614,0.0276,4.88,-32,10.06,28.91,-83.94,173.8
52.41709,-1.552831,159.84,11.7,3,289.98,22 / 22,2433428,2019-09-06 18:56:40:110,0.1534,-0.5051,9.8972,0.0093,0.0021,9.8065,-0.0139,0.0313,-0.0417,4.69,-32.19,9.31,32.98,-83.91,173.42
52.41709,-1.552831,159.84,11.7,3,289.98,22 / 22,2433529,2019-09-06 18:56:40:211,0.1157,0.9903,9.6827,0.001,-0.0166,9.8066,-0.0415,0.0167,-0.0535,4.88,-31.81,9.81,26.32,-83.9,171.86
52.41709,-1.552831,159.84,11.7,3,289.98,22 / 22,2433628,2019-09-06 18:56:40:310,0.0984,-0.4692,9.348,0.0163,-0.0026,9.8065,0.0384,-0.0069,-0.0481,4.81,-32.25,10.19,23.53,-83.96,169.93
52.41709,-1.552831,159.84,11.7,3,289.98,22 / 22,2433728,2019-09-06 18:56:40:410,1.0581,0.8571,10.4571,0.0186,0.0091,9.8066,0.0127,-0.0014,-0.0153,5.31,-31.87,9.56,22.66,-83.8,169.13
52.41709,-1.552831,159.84,11.7,3,289.98,22 / 22,2433829,2019-09-06 18:56:40:511,-0.3679,-1.0303,10.6428,0.0122,0.0139,9.8065,0.1686,0.0078,0.0495,5.31,-31.56,9.75,21.25,-83.84,168.18
52.41709,-1.552831,159.84,11.7,3,289.98,22 / 22,2433929,2019-09-06 18:56:40:611,-0.6303,-0.6209,9.1806,-0.031,-0.0191,9.8065,-0.0803,0.0169,-0.0173,5,-32,10.31,25.45,-83.46,170.68
52.41709,-1.552831,159.84,11.7,3,289.98,22 / 22,2434028,2019-09-06 18:56:40:710,-0.829,-0.0889,9.7782,-0.005,0.0069,9.8066,-0.0404,0.0039,0.0269,5.31,-32.06,10,26.53,-83.53,171.53
52.41709,-1.552831,159.84,11.7,3,289.98,22 / 22,2434129,2019-09-06 18:56:40:811,0.2313,0.1482,9.8059,0.0107,0.0115,9.8065,-0.0287,0.0453,0.0207,4.94,-31.5,9.63,25.47,-83.89,171.48
52.41709,-1.552831,159.84,11.7,3,289.98,22 / 22,2434228,2019-09-06 18:56:40:910,0.1345,-0.0854,10.2218,0.0022,-0.0012,9.8066,-0.0083,-0.0051,-0.0291,5.44,-31.87,9.75,25.48,-83.91,171.27
52.41709,-1.552831,159.84,11.7,3,289.98,22 / 22,2434329,2019-09-06 18:56:41:011,-0.7101,-0.2033,10.3371,-0.0073,-0.0337,9.8066,0.0446,-0.0039,-0.046,4.63,-32.19,10,24.95,-83.82,170.78
52.41709,-1.552831,159.84,11.7,3,289.98,22 / 22,2434429,2019-09-06 18:56:41:111,-0.3026,-0.5228,9.9391,-0.0077,-0.0294,9.8065,-0.008,0.0045,0.0031,5.44,-31.75,10.06,23.51,-83.4,169.25
52.41709,-1.552831,159.84,11.7,3,289.98,22 / 22,2434529,2019-09-06 18:56:41:211,-0.1685,0.4949,9.4953,0.0066,0.0097,9.8066,0.006,0.0155,-0.0078,5.06,-32.06,9.94,23.2,-83.45,169.1
52.41709,-1.552831,159.84,11.7,3,289.98,22 / 22,2434628,2019-09-06 18:56:41:310,1.0306,-1.6598,9.1836,0.0092,-0.0041,9.8066,-0.1664,0.0927,-0.1414,5.13,-32.25,9.94,21.71,-83.58,168.22
52.41709,-1.552831,159.84,11.7,3,289.98,22 / 22,2434729,2019-09-06 18:56:41:411,0.3226,0.8263,10.0987,-0.0271,0.0062,9.8065,0.0233,0.0963,-0.1115,5.06,-31.75,10.19,18.96,-83.73,166.46
52.41709,-1.552831,159.84,11.7,3,289.98,22 / 22,2434828,2019-09-06 18:56:41:510,0.771,-0.542,9.5903,0.0263,-0.0027,9.8066,-0.025,0.0447,0.1044,4.88,-31.56,10,19.04,-83.75,166.54
52.41709,-1.552831,159.84,11.7,3,289.98,22 / 22,2434928,2019-09-06 18:56:41:610,-0.9678,-1.3598,10.0992,-0.0303,-0.0259,9.8065,0.055,-0.0157,0.0653,5.19,-31.69,9.63,22.71,-83.43,168.74
52.41709,-1.552831,159.84,11.7,3,289.98,22 / 22,2435030,2019-09-06 18:56:41:712,-0.4058,-0.6365,9.3209,-0.0061,0.0132,9.8066,0.016,-0.001,-0.0543,5.06,-31.44,9.69,24.33,-83.53,170.23
52.41709,-1.552831,159.84,11.7,3,289.98,22 / 22,2435129,2019-09-06 18:56:41:811,-0.4771,-0.3357,9.898,0.0076,0.0164,9.8065,-0.0713,0.0001,0.0352,5,-32.12,9.81,24.65,-83.82,170.56
52.41709,-1.552831,159.84,11.7,3,289.98,22 / 22,2435229,2019-09-06 18:56:41:911,-0.2076,-0.0102,10.062,0.0162,0.0261,9.8066,-0.0182,-0.0043,0.0379,5.13,-31.87,9.19,28.41,-84.05,170.4
52.41709,-1.552831,159.84,11.7,3,289.98,22 / 22,2435329,2019-09-06 18:56:42:011,0.1618,-0.2605,10.0244,-0.0088,-0.0334,9.8065,-0.0128,0.0627,-0.0661,5.44,-31.87,9.69,24.33,-84.01,170.58
52.41709,-1.552831,159.84,11.7,3,289.98,22 / 22,2435429,2019-09-06 18:56:42:111,0.7784,-0.5071,10.6328,-0.0053,-0.0128,9.8066,0.1112,0.0517,-0.0399,5.19,-31.69,10.56,19.74,-83.8,169.64
52.41709,-1.552831,159.84,11.7,3,289.98,22 / 22,2435529,2019-09-06 18:56:42:211,0.0014,0.2973,9.784,0.0012,0.0015,9.8066,-0.076,-0.0367,0.0642,5.13,-31.56,9.88,23.56,-83.57,169.5
52.41709,-1.552831,159.84,11.7,3,289.98,22 / 22,2435628,2019-09-06 18:56:42:310,-1.7065,-0.2655,9.7389,0.01,0.0118,9.8066,-0.0699,-0.1688,0.0371,5.5,-31.69,10,29.4,-83.67,169.74
52.41709,-1.552831,159.84,11.7,3,289.98,22 / 22,2435729,2019-09-06 18:56:42:411,0.3535,0.6806,9.2696,0.0083,0.0158,9.8066,0.0554,-0.0204,-0.004,5.44,-31.69,10.19,25.58,-83.92,171.36
52.41709,-1.552831,159.84,11.7,3,289.98,22 / 22,2435830,2019-09-06 18:56:42:512,0.1425,-0.3782,9.4274,0.003,0.0117,9.8066,0.0818,0.0661,0.048,5,-31.62,9.88,26.01,-83.93,171.68
52.41709,-1.552831,159.84,11.7,3,289.98,22 / 22,2435928,2019-09-06 18:56:42:610,-0.3491,-0.1852,9.2762,-0.012,0.005,9.8066,-0.0461,-0.0037,-0.0204,5.13,-31.81,9.69,25.78,-83.93,171.52
52.41709,-1.552831,159.84,11.7,3,289.98,22 / 22,2436029,2019-09-06 18:56:42:711,0.2471,0.2696,9.2088,0.0187,0.0192,9.8066,-0.0502,-0.0498,-0.0277,4.69,-31.5,9.63,25.82,-84.04,171.92
52.41709,-1.552831,159.84,11.7,3,289.98,22 / 22,2436129,2019-09-06 18:56:42:811,-0.7432,1.2516,10.9062,-0.0112,-0.0393,9.8065,-0.0689,-0.1269,0.0987,5.44,-31.31,8.69,28.29,-83.99,170.49
52.41709,-1.552831,159.84,11.7,3,289.98,22 / 22,2436229,2019-09-06 18:56:42:911,-0.2347,0.3198,10.6654,0.0042,0.003,9.8065,0.0073,0.0082,-0.0121,5.13,-32.19,9.69,24.09,-84.13,170.55
52.41709,-1.552831,159.84,11.7,3,289.98,22 / 22,2436328,2019-09-06 18:56:43:010,0.487,0.3989,10.6325,0.0005,-0.0171,9.8066,0.156,-0.0878,0.0135,5.31,-31.37,9.63,23.16,-83.95,169.87
52.41709,-1.552831,159.84,11.7,3,289.98,21 / 22,2436429,2019-09-06 18:56:43:111,-1.0756,-1.0417,10.6796,0.0134,0.0232,9.8065,0.0977,0.0372,-0.0441,5.38,-31.75,10.63,19.46,-83.79,169.43
52.41709,-1.552831,159.84,11.7,3,289.98,21 / 22,2436529,2019-09-06 18:56:43:211,0.6564,2.2876,10.0749,-0.01,0.0004,9.8066,0.0536,0.1315,-0.0728,5.38,-31.81,10.13,23.86,-83.62,169.77
52.41709,-1.552831,159.84,11.7,3,289.98,21 / 22,2436628,2019-09-06 18:56:43:310,-1.1585,-0.3056,10.2359,0.027,0.0213,9.8065,0.2282,-0.0189,0.0397,5.63,-31.87,10.25,27.68,-83.79,168.64
52.41709,-1.552831,159.84,11.7,3,289.98,21 / 22,2436729,2019-09-06 18:56:43:411,-0.0274,0.5693,10.1775,-0.0492,-0.0581,9.8063,-0.1359,0.0398,0.0378,5,-31.94,9.75,24.94,-83.32,170.15
52.41709,-1.552831,159.84,11.7,3,289.98,21 / 22,2436828,2019-09-06 18:56:43:510,-0.1383,-1.2076,8.8512,-0.0213,-0.0354,9.8065,0.0169,-0.0381,0.0338,5.31,-32,9.31,29.14,-83.41,169.9
52.41709,-1.552831,159.84,11.7,3,289.98,21 / 22,2436929,2019-09-06 18:56:43:611,-0.2055,-0.6987,9.7686,0.0207,0.0379,9.8065,-0.1415,-0.0924,0.049,5.81,-31.12,10.38,31.31,-83.29,170.87
52.41709,-1.552831,159.84,11.7,3,289.98,21 / 22,2437029,2019-09-06 18:56:43:711,-0.1759,-0.3389,9.3939,-0.0022,0.0146,9.8066,-0.0996,0.039,-0.0412,5.31,-31.62,9.25,31.13,-83.7,171.74
52.41709,-1.552831,159.84,11.7,3,289.98,21 / 22,2437129,2019-09-06 18:56:43:811,-1.0733,-0.1783,9.4693,0.0066,0.0282,9.8066,-0.0669,0.0406,0.0224,5.19,-31.25,9.63,25.7,-83.97,171.74
52.41709,-1.552831,159.84,11.7,3,289.98,21 / 22,2437229,2019-09-06 18:56:43:911,-0.696,0.6526,10.3226,0.0029,0.0058,9.8066,0.0647,-0.0653,0.0101,5.06,-31.56,9.06,30.06,-84.12,171.68
52.41709,-1.552831,159.84,11.7,3,289.98,21 / 22,2437329,2019-09-06 18:56:44:011,1.1353,0.1408,9.5793,0.0068,-0.0153,9.8066,-0.0242,0.0105,-0.0617,5.25,-31.19,9.81,23.31,-83.92,169.95
52.417465,-1.554473,161.07,13.98,3,290.34,22 / 22,2437429,2019-09-06 18:56:44:111,-0.9311,-0.5251,11.264,-0.0208,-0.0311,9.8065,0.0914,0.0382,-0.0156,5.63,-31.06,9.69,28.96,-83.7,169.71
52.417465,-1.554473,161.07,13.98,3,290.34,22 / 22,2437529,2019-09-06 18:56:44:211,-0.9825,0.1247,10.4734,0.0184,0.0048,9.8066,0.0807,-0.0733,0.0978,4.88,-31.87,9.75,23.61,-83.49,169.44
52.417465,-1.554473,161.07,13.98,3,290.34,22 / 22,2437628,2019-09-06 18:56:44:310,0.2615,-0.037,9.1066,-0.0115,0.0097,9.8066,-0.0178,0.0518,0.0193,5.69,-31.94,9.75,30.7,-83.44,170.35
52.417465,-1.554473,161.07,13.98,3,290.34,22 / 22,2437729,2019-09-06 18:56:44:411,-0.1101,0.0649,8.9782,0.0171,0.0503,9.8064,-0.0239,-0.0031,0.0736,5.75,-32.06,9.94,32.31,-83.55,171.68
52.417465,-1.554473,161.07,13.98,3,290.34,22 / 22,2437828,2019-09-06 18:56:44:510,0.492,0.5776,9.401,-0.0052,0.029,9.8066,-0.0445,0.0187,0.007,5.06,-31.12,9.56,29.73,-84.06,174.84
52.417465,-1.554473,161.07,13.98,3,290.34,22 / 22,2437929,2019-09-06 18:56:44:611,0.0677,-0.7757,10.7543,0.0002,0.0121,9.8066,0.0763,-0.0302,-0.004,4.63,-31.44,9.31,35.67,-84.14,176.13
52.417465,-1.554473,161.07,13.98,3,290.34,22 / 22,2438028,2019-09-06 18:56:44:710,-0.2089,-0.2623,9.8827,-0.0127,-0.0164,9.8066,0.1838,-0.0089,-0.0576,5.25,-31.87,9.5,33.3,-83.88,176.92
52.417465,-1.554473,161.07,13.98,3,290.34,22 / 22,2438129,2019-09-06 18:56:44:811,0.7453,2.3902,9.5083,0.019,0.0027,9.8066,-0.178,-0.0408,0.0419,5.25,-32.12,9.44,36.63,-83.65,175.53
52.417465,-1.554473,161.07,13.98,3,290.34,22 / 22,2438229,2019-09-06 18:56:44:911,0.8904,0.7145,9.5369,0.0103,-0.0113,9.8066,-0.2134,0.0133,-0.031,5.44,-31.75,9.5,29.92,-83.82,174.36
52.417465,-1.554473,161.07,13.98,3,290.34,22 / 22,2438331,2019-09-06 18:56:45:013,0.1573,0.9625,9.132,0.0336,0.0255,9.8065,0.0626,0.0336,-0.0557,5.25,-31.69,9.38,31.66,-84,172.64
52.417465,-1.554473,161.07,13.98,3,290.34,22 / 22,2438429,2019-09-06 18:56:45:111,-0.6655,-0.359,9.8395,0.0201,0.031,9.8065,-0.131,-0.0021,-0.015,5.19,-31.5,9.69,24.27,-84.34,171.14
52.417465,-1.554473,161.07,13.98,3,290.34,22 / 22,2438529,2019-09-06 18:56:45:211,-0.0792,0.067,10.1913,-0.0188,-0.0188,9.8066,-0.013,-0.0312,0.0697,5.75,-31.44,9.38,36.51,-84.22,172.77
52.417465,-1.554473,161.07,13.98,3,290.34,22 / 22,2438629,2019-09-06 18:56:45:311,0.3883,0.508,10.8496,-0.0223,-0.0087,9.8066,-0.0412,0.0072,0.0407,5.5,-31.19,9.06,38.8,-84.11,174.33
52.417465,-1.554473,161.07,13.98,3,290.34,22 / 22,2438729,2019-09-06 18:56:45:411,-0.8389,0.1508,11.3486,-0.0252,-0.0305,9.8065,0.1051,-0.0697,0.0103,4.88,-31.75,9.56,32.12,-83.66,175.71
52.417465,-1.554473,161.07,13.98,3,290.34,22 / 22,2438829,2019-09-06 18:56:45:511,-0.1376,-0.2076,9.8824,-0.0159,-0.0158,9.8066,0.0289,0.0025,-0.0233,5.06,-31.5,10,32.89,-83.45,176.24
52.417465,-1.554473,161.07,13.98,3,290.34,22 / 22,2438929,2019-09-06 18:56:45:611,-0.0074,0.5531,8.4467,0.018,0.029,9.8066,-0.137,0.0132,-0.0218,5.44,-31.62,10.44,32.71,-83.53,175.92
52.417465,-1.554473,161.07,13.98,3,290.34,22 / 22,2439029,2019-09-06 18:56:45:711,1.345,0.413,8.3427,0.0275,0.0112,9.8066,-0.1502,0.0077,0.0215,5.63,-31.5,9.5,34.5,-84.17,174.58
52.417465,-1.554473,161.07,13.98,3,290.34,22 / 22,2439129,2019-09-06 18:56:45:811,-0.1623,0.1015,8.2634,0.0406,0.056,9.8064,0.025,-0.0278,-0.0287,5.38,-31.56,8.94,31.76,-84.83,174.11
52.417465,-1.554473,161.07,13.98,3,290.34,22 / 22,2439229,2019-09-06 18:56:45:911,0.1579,0.0164,9.8378,0.0212,0.0352,9.8065,0.1345,0.0197,0.0258,5.19,-31.25,9.44,31.38,-84.91,174.22
52.417465,-1.554473,161.07,13.98,3,290.34,22 / 22,2439329,2019-09-06 18:56:46:011,0.8015,1.5502,11.6757,-0.074,-0.0748,9.806,-0.1017,-0.0217,0.0055,5.25,-31.69,9.63,28.24,-84.91,174.68
52.417465,-1.554473,161.07,13.98,3,290.34,22 / 22,2439429,2019-09-06 18:56:46:111,-0.0901,-0.3816,10.9157,-0.0262,-0.0353,9.8065,0.0448,-0.0219,-0.0215,4.44,-31.44,9.81,26.57,-84.18,177.14
52.417465,-1.554473,161.07,13.98,3,290.34,22 / 22,2439528,2019-09-06 18:56:46:210,-1.6741,-1.2022,10.89,-0.0298,-0.0291,9.8065,-0.1528,0.006,-0.0475,5.5,-32.19,9.63,39.67,-83.76,177.55
52.417465,-1.554473,161.07,13.98,3,290.34,22 / 22,2439629,2019-09-06 18:56:46:311,-0.5823,0.3712,9.0595,-0.003,-0.0129,9.8066,-0.0405,-0.0343,-0.0256,4.38,-31.94,10.25,27.48,-83.99,177.29
52.417465,-1.554473,161.07,13.98,3,290.34,22 / 22,2439729,2019-09-06 18:56:46:411,0.8616,1.3696,8.3411,0.0222,0.0135,9.8066,-0.1689,0.0002,0.0305,5,-32.31,8.56,34.65,-84.45,175.61
52.417465,-1.554473,161.07,13.98,3,290.34,22 / 22,2439829,2019-09-06 18:56:46:511,-0.3584,-0.3211,9.8493,-0.0105,-0.0116,9.8066,0.0105,0.0102,-0.009,5.06,-32.06,9.13,34.15,-84.49,175.32
52.417465,-1.554473,161.07,13.98,3,290.34,22 / 22,2439929,2019-09-06 18:56:46:611,-0.6141,0.0933,10.0264,-0.024,-0.05,9.8065,-0.0028,0.1341,0.0052,5.06,-31.87,9.31,33.52,-84.6,175.04
52.417465,-1.554473,161.07,13.98,3,290.34,22 / 22,2440029,2019-09-06 18:56:46:711,-2.108,-1.1172,10.8228,-0.0031,-0.0196,9.8066,0.0988,0.0205,0.0114,4.75,-31.19,9.69,26.76,-84.22,172.84
52.417465,-1.554473,161.07,13.98,3,290.34,22 / 22,2440129,2019-09-06 18:56:46:811,0.9225,-2.8372,11.0514,0.001,-0.0681,9.8063,-0.1716,-0.1473,0.1853,5.13,-31.56,9.38,28.48,-84.08,170.49
52.417465,-1.554473,161.07,13.98,3,290.34,22 / 22,2440229,2019-09-06 18:56:46:911,-0.1288,0.7203,9.1636,-0.0328,-0.0402,9.8064,-0.2167,0.0711,-0.1765,5,-31.81,9.56,24.64,-84.11,170.92
52.417465,-1.554473,161.07,13.98,3,290.34,22 / 22,2440328,2019-09-06 18:56:47:010,-0.0828,0.722,10.8357,0.0271,0.0314,9.8065,0.1701,-0.0545,0.0371,5.75,-31.25,9.25,32.5,-84.28,169.83
52.417465,-1.554473,161.07,13.98,3,290.34,22 / 22,2440429,2019-09-06 18:56:47:111,0.2512,-0.8552,9.432,0.0106,0.0001,9.8066,0.0407,-0.0164,-0.0336,5.75,-31.25,9.75,26.82,-84.4,169.02
52.417465,-1.554473,161.07,13.98,3,290.34,22 / 22,2440528,2019-09-06 18:56:47:210,-1.1919,-0.3747,10.4883,-0.0307,-0.0278,9.8065,-0.012,-0.0024,-0.0023,5.56,-31.56,9.88,29.06,-84.13,170.12
52.417465,-1.554473,161.07,13.98,3,290.34,22 / 22,2440629,2019-09-06 18:56:47:311,0.3063,1.1845,9.3011,0.0094,0.0001,9.8065,-0.1001,-0.0727,0.0869,5.44,-31.37,9.25,26.49,-84.3,169.65
52.417465,-1.554473,161.07,13.98,3,290.34,22 / 22,2440728,2019-09-06 18:56:47:410,0.4769,0.4659,9.3951,-0.0059,0.0064,9.8066,-0.1488,0.0361,-0.014,5.56,-31.44,9.5,28.31,-84.41,170.17
52.417465,-1.554473,161.07,13.98,3,290.34,22 / 22,2440828,2019-09-06 18:56:47:510,0.6625,0.66,9.8556,0.0254,0.0253,9.8065,0.1053,-0.009,-0.0201,5.69,-31.87,8.75,31.27,-84.74,169.38
52.417465,-1.554473,161.07,13.98,3,290.34,22 / 22,2440928,2019-09-06 18:56:47:610,-0.3088,-0.4132,10.5233,0.0073,0.022,9.8066,0.0737,-0.0311,-0.0247,5.31,-31.44,9.5,22.54,-84.61,170.15
52.417465,-1.554473,161.07,13.98,3,290.34,22 / 22,2441028,2019-09-06 18:56:47:710,0.2742,-0.1888,9.9582,-0.027,-0.0434,9.8064,-0.0664,0.0303,0.0175,5.75,-31.5,9.94,29.36,-84.1,170.57
52.417465,-1.554473,161.07,13.98,3,290.34,22 / 22,2441128,2019-09-06 18:56:47:810,-0.1158,-0.5853,9.7356,-0.0208,-0.0212,9.8065,-0.0713,0.0049,0.034,5.5,-31.62,9.75,30.6,-84,171.09
52.417465,-1.554473,161.07,13.98,3,290.34,22 / 22,2441229,2019-09-06 18:56:47:911,-0.1652,-0.1888,9.297,0.0151,0.0342,9.8066,0.0031,0.0228,0.0007,5.19,-31.62,9.56,25.76,-84.11,171.74
52.417465,-1.554473,161.07,13.98,3,290.34,22 / 22,2441329,2019-09-06 18:56:48:011,-0.1721,0.4205,9.3424,0.0221,0.0315,9.8065,-0.0119,0.042,-0.0098,5.75,-31.25,9.44,34,-84.61,171.52
52.417465,-1.554473,161.07,13.98,3,290.34,22 / 22,2441429,2019-09-06 18:56:48:111,0.2556,1.0253,9.5732,0.0158,0.0127,9.8066,0.093,0.0147,-0.0243,5.38,-31.31,9.19,26.9,-84.95,170.86
52.417465,-1.554473,161.07,13.98,3,290.34,22 / 22,2441529,2019-09-06 18:56:48:211,-0.4715,-0.2149,10.1367,0.0045,-0.0065,9.8066,0.1389,-0.0198,-0.0086,5.44,-31.37,8.88,25.42,-84.89,169.67
52.417465,-1.554473,161.07,13.98,3,290.34,22 / 22,2441628,2019-09-06 18:56:48:310,-0.0055,0.2237,10.4949,-0.0129,-0.0301,9.8066,-0.0461,-0.0076,0.0033,5.81,-31.44,9,30.68,-84.8,169.26
52.417465,-1.554473,161.07,13.98,3,290.34,22 / 22,2441729,2019-09-06 18:56:48:411,0.6838,0.6461,10.4639,-0.0104,-0.0279,9.8065,-0.0784,-0.0081,0.0013,5.44,-31.5,9.56,20.11,-84.44,168.15
52.417465,-1.554473,161.07,13.98,3,290.34,22 / 22,2441829,2019-09-06 18:56:48:511,-0.6661,-1.3689,9.2917,-0.013,0.0048,9.8066,0.0471,0.0378,0.0193,5.31,-31.69,9.44,25.8,-84.48,169.16
52.417465,-1.554473,161.07,13.98,3,290.34,22 / 22,2441929,2019-09-06 18:56:48:611,0.0415,0.6394,10.4444,-0.0107,0.0032,9.8066,0.0436,-0.0158,0.0235,5.63,-31.62,9.19,32.46,-84.65,170.13
52.417465,-1.554473,161.07,13.98,3,290.34,22 / 22,2442028,2019-09-06 18:56:48:710,0.7141,0.7373,10.8908,-0.0271,-0.0182,9.8066,-0.0248,-0.0152,0.0253,5.19,-31.31,8.88,28.82,-84.65,171.87
52.417465,-1.554473,161.07,13.98,3,290.34,22 / 22,2442129,2019-09-06 18:56:48:811,0.7125,-0.0213,9.8069,-0.0411,-0.0322,9.8065,0.0406,0.0205,0.0412,5.44,-30.81,9.63,27.45,-84.42,173.63
52.417465,-1.554473,161.07,13.98,3,290.34,22 / 22,2442229,2019-09-06 18:56:48:911,0.1124,0.1931,8.5198,0.0062,0.0353,9.8065,-0.085,-0.0009,0.053,5.25,-31.44,9.38,34.24,-84.28,175.31
52.417465,-1.554473,161.07,13.98,3,290.34,22 / 22,2442329,2019-09-06 18:56:49:011,-0.4845,0.1914,9.7515,0.0056,0.0398,9.8065,0.0015,-0.0203,0.0065,4.5,-31.75,9.44,37.34,-84.72,178.16
52.417465,-1.554473,161.07,13.98,3,290.34,22 / 22,2442429,2019-09-06 18:56:49:111,0.7162,0.2196,10.565,-0.0058,-0.0095,9.8066,-0.0546,-0.0277,0.0626,4.38,-32.06,9.69,28.23,-84.99,179.28
52.417465,-1.554473,161.07,13.98,3,290.34,22 / 22,2442529,2019-09-06 18:56:49:211,0.6499,0.3207,10.1267,-0.029,-0.0364,9.8065,0.066,-0.0374,0.0009,4.94,-31.44,9.69,34.82,-84.87,-180
52.417465,-1.554473,161.07,13.98,3,290.34,22 / 22,2442628,2019-09-06 18:56:49:310,-0.0006,0.4186,9.6714,0.0106,0.0068,9.8065,0.0661,-0.001,-0.0091,5.38,-31.62,9.13,39.32,-84.64,179.52
52.417465,-1.554473,161.07,13.98,3,290.34,22 / 22,2442729,2019-09-06 18:56:49:411,-0.3398,0.2517,10.0224,-0.0125,-0.0175,9.8066,0.0164,0.0449,-0.0207,5.06,-31.81,9.81,35.08,-84.39,179.13
52.417465,-1.554473,161.07,13.98,3,290.34,22 / 22,2442829,2019-09-06 18:56:49:511,0.3697,0.7238,9.3105,0.0351,0.0423,9.8065,0.0775,0.002,0.0119,5.13,-31.56,9.31,37.56,-84.77,178.43
52.417465,-1.554473,161.07,13.98,3,290.34,22 / 22,2442929,2019-09-06 18:56:49:611,0.7397,-0.0977,10.3245,0.0031,0.0105,9.8066,0.0235,0.0084,-0.0317,5.19,-31.31,9.31,37.23,-84.8,178.54
52.417465,-1.554473,161.07,13.98,3,290.34,22 / 22,2443028,2019-09-06 18:56:49:710,0.438,0.1656,9.937,-0.0046,-0.0001,9.8066,0.0471,0.0064,0.0373,5.56,-31.44,9.75,38.73,-84.81,178.97
52.417465,-1.554473,161.07,13.98,3,290.34,22 / 22,2443129,2019-09-06 18:56:49:811,-0.5781,-0.8243,9.0555,-0.0216,-0.0163,9.8066,0.0176,-0.0184,-0.0061,4.94,-31.37,9.63,35.45,-84.66,-179.85
52.417465,-1.554473,161.07,13.98,3,290.34,22 / 22,2443228,2019-09-06 18:56:49:910,0.1353,-0.0581,9.9202,0.0024,0.0075,9.8066,-0.0782,-0.058,0.0117,4.44,-32.12,10.25,31.34,-84.63,-178.9
52.417465,-1.554473,161.07,13.98,3,290.34,22 / 22,2443328,2019-09-06 18:56:50:010,0.8643,1.0998,10.4723,-0.0031,-0.0073,9.8066,-0.0311,0.0421,0.0101,4.94,-31.62,9.5,37.29,-84.67,-178.67
52.417465,-1.554473,161.07,13.98,3,290.34,22 / 22,2443428,2019-09-06 18:56:50:110,-0.3991,0.3128,9.5543,-0.0071,-0.0008,9.8066,0.0386,0.0486,-0.03,5,-32.12,10.25,36.35,-84.67,-179.41
52.417465,-1.554473,161.07,13.98,3,290.34,22 / 22,2443529,2019-09-06 18:56:50:211,-0.2519,1.268,10.066,0.0144,0.0044,9.8066,0.0514,-0.0448,-0.031,5.38,-31.37,9.5,35.19,-84.64,179.92
52.417465,-1.554473,161.07,13.98,3,290.34,22 / 22,2443628,2019-09-06 18:56:50:310,-0.0252,-1.1485,9.7711,0.0116,-0.0026,9.8066,0.0371,-0.0396,0.0065,5.69,-31.87,9.75,38.43,-84.63,178.14
52.417465,-1.554473,161.07,13.98,3,290.34,22 / 22,2443728,2019-09-06 18:56:50:410,-0.2263,0.0889,10.3398,0.0103,0.0113,9.8066,0.0221,-0.0147,-0.022,5.44,-32.12,9.44,36.39,-84.72,177.44
52.417465,-1.554473,161.07,13.98,3,290.34,22 / 22,2443829,2019-09-06 18:56:50:511,0.4661,0.4529,9.0881,-0.0139,-0.0134,9.8066,-0.1568,-0.0125,0.0478,4.81,-31.62,9.56,31.93,-84.8,177.36
52.417465,-1.554473,161.07,13.98,3,290.34,22 / 22,2443929,2019-09-06 18:56:50:611,-0.3766,0.0028,9.5635,-0.0223,-0.0043,9.8066,-0.0628,-0.0213,0.0265,5,-31.87,10.06,33.9,-84.84,178.97
52.417465,-1.554473,161.07,13.98,3,290.34,22 / 22,2444028,2019-09-06 18:56:50:710,0.2313,-0.1689,9.6539,0.0184,0.0292,9.8066,0.0791,-0.0154,0.039,5.56,-31.5,9.31,44.01,-85.09,-179.6
52.417465,-1.554473,161.07,13.98,3,290.34,22 / 22,2444129,2019-09-06 18:56:50:811,0.4493,0.5658,9.3285,0,0.006,9.8066,-0.0558,0.0294,-0.0338,5,-31.75,9.81,36.03,-85.02,-179.05
52.417465,-1.554473,161.07,13.98,3,290.34,22 / 22,2444229,2019-09-06 18:56:50:911,-0.0037,0.9288,10.1029,0.0142,-0.009,9.8065,0.0121,-0.0581,-0.0242,5.69,-31.44,9.5,38.67,-85.18,179.57
52.417465,-1.554473,161.07,13.98,3,290.34,22 / 22,2444329,2019-09-06 18:56:51:011,0.8318,0.1543,9.2379,0.0016,-0.0219,9.8065,0.121,-0.0367,-0.0371,5.38,-31.75,9.06,34.16,-85.05,176.34
52.417465,-1.554473,161.07,13.98,3,290.34,22 / 22,2444429,2019-09-06 18:56:51:111,0.0217,0.1322,10.1047,0.0124,0.0115,9.8066,0.1127,-0.0013,0.0421,5.38,-31.69,9.44,31.73,-85.06,174.48
52.417465,-1.554473,161.07,13.98,3,290.34,22 / 22,2444529,2019-09-06 18:56:51:211,-0.1842,1.2721,10.9044,0.0045,0.0261,9.8065,0.0343,0.0641,0.0055,5.31,-31.44,8.88,33.11,-85.02,175.73
52.417465,-1.554473,161.07,13.98,3,290.34,22 / 22,2444628,2019-09-06 18:56:51:310,0.0299,0.8314,10.0116,-0.0018,0.0158,9.8066,0.0331,-0.0239,0.0941,4.94,-32.12,9.88,30.77,-84.89,176.6
52.417465,-1.554473,161.07,13.98,3,290.34,22 / 22,2444729,2019-09-06 18:56:51:411,0.155,0.3121,9.8205,-0.0044,0.0228,9.8066,0.0235,-0.0123,-0.0381,5,-31.56,9.25,38.48,-85,179.6
52.417465,-1.554473,161.07,13.98,3,290.34,22 / 22,2444829,2019-09-06 18:56:51:511,-0.5641,-0.3949,10.0506,-0.0128,-0.0083,9.8066,-0.0061,-0.024,0.0183,4.94,-31.56,9.75,35.15,-85.01,-179.76
52.417465,-1.554473,161.07,13.98,3,290.34,22 / 22,2444928,2019-09-06 18:56:51:610,0.1105,0.403,10.4643,-0.0028,-0.006,9.8066,-0.0089,0.0118,-0.0126,5.5,-32.5,9.06,44.13,-85.14,-179.74
52.417465,-1.554473,161.07,13.98,3,290.34,22 / 22,2445029,2019-09-06 18:56:51:711,1.2052,1.216,9.1586,0.0411,0.0442,9.8065,0.1025,0.101,-0.0322,5.75,-32.31,9.63,38.34,-85.35,179.34
52.417465,-1.554473,161.07,13.98,3,290.34,22 / 22,2445130,2019-09-06 18:56:51:812,-1.3798,0.5097,10.1998,0.0584,0.0557,9.8063,0.2165,-0.1958,0.0913,4.88,-31.44,9.88,30.19,-85.39,177.1
52.417465,-1.554473,161.07,13.98,3,290.34,22 / 22,2445228,2019-09-06 18:56:51:910,-2.01,1.4145,11.4934,0.0105,-0.0172,9.8066,0.1805,-0.2189,0.0467,5.13,-30.94,9.19,34.36,-85.44,177.45
52.417465,-1.554473,161.07,13.98,3,290.34,22 / 22,2445328,2019-09-06 18:56:52:010,1.4601,-0.752,11.0341,0.017,0.0245,9.8065,-0.2249,-0.0364,0.0039,5.75,-31.12,9.31,37.61,-85.45,175.85
52.417465,-1.554473,161.07,13.98,3,290.34,21 / 21,2445430,2019-09-06 18:56:52:112,-0.6078,-1.4488,9.8596,-0.0442,-0.0582,9.8063,-0.0892,-0.0071,0.0857,5.31,-31.69,9.38,31.49,-85.02,174.23
52.417465,-1.554473,161.07,13.98,3,290.34,21 / 21,2445529,2019-09-06 18:56:52:211,-0.4855,-0.0733,9.3415,-0.0183,-0.0161,9.8066,-0.0193,0.0002,-0.0284,5.38,-31.5,8.94,32.2,-85.13,175.22
52.417465,-1.554473,161.07,13.98,3,290.34,21 / 21,2445628,2019-09-06 18:56:52:310,-0.4762,0.0924,10.2796,0.0083,-0.0022,9.8066,-0.0757,-0.0261,-0.0069,5.44,-31.62,9.31,31.29,-85.34,174.6
52.417465,-1.554473,161.07,13.98,3,290.34,21 / 21,2445729,2019-09-06 18:56:52:411,0.0601,-0.3916,9.8614,0.0056,-0.0136,9.8066,0.1002,-0.0628,0.016,5.69,-31.12,9.38,33.3,-85.4,172.27
52.417465,-1.554473,161.07,13.98,3,290.34,21 / 21,2445829,2019-09-06 18:56:52:511,0.2508,-0.4384,9.4269,0.0238,0.0327,9.8065,0.0025,0.03,-0.0231,6.06,-31.37,8.44,36.58,-85.56,171.4
52.417465,-1.554473,161.07,13.98,3,290.34,21 / 21,2445929,2019-09-06 18:56:52:611,-0.8655,0.1849,10.4299,0.0163,0.0221,9.8066,0.0745,-0.035,0.0395,5.44,-30.94,9,26.49,-85.58,171.43
52.417465,-1.554473,161.07,13.98,3,290.34,21 / 21,2446029,2019-09-06 18:56:52:711,-1.0295,0.5014,10.6588,-0.0093,-0.0018,9.8066,0.0581,-0.0641,0.059,5.44,-31.75,8.81,27.62,-85.51,172.01
52.417465,-1.554473,161.07,13.98,3,290.34,21 / 21,2446129,2019-09-06 18:56:52:811,1.9898,0.2053,10.8498,0.0024,0.0016,9.8066,0.004,0.0077,-0.0317,5.69,-31.37,9.31,34.48,-85.33,173.1
52.417465,-1.554473,161.07,13.98,3,290.34,21 / 21,2446229,2019-09-06 18:56:52:911,-2.2211,-2.1025,10.8293,-0.0026,-0.0016,9.8066,0.164,0.0275,-0.0117,5.63,-31.31,9.81,30.75,-85.19,173.14
52.417465,-1.554473,161.07,13.98,3,290.34,21 / 21,2446329,2019-09-06 18:56:53:011,0.2812,-0.5132,10.0587,-0.0077,-0.0003,9.8066,0.0558,0.0564,-0.0449,6,-31.19,9.44,35.87,-85.04,173.73
52.417866,-1.556231,162.66,14.09,3,290.74,22 / 22,2446428,2019-09-06 18:56:53:110,1.064,1.3829,9.7643,-0.0005,0.0034,9.8066,-0.1277,-0.0216,0.0468,5.13,-30.94,9.38,29.6,-85.16,173.24
52.417866,-1.556231,162.66,14.09,3,290.74,22 / 22,2446529,2019-09-06 18:56:53:211,0.02,-0.478,8.8345,0.0105,-0.0005,9.8066,0.0086,0.0369,0.08,5.75,-31.56,8.63,34.39,-85.4,172.9
52.417866,-1.556231,162.66,14.09,3,290.74,22 / 22,2446629,2019-09-06 18:56:53:311,-0.8358,-0.094,9.9346,-0.0093,0.0211,9.8066,-0.0629,0.032,-0.0722,5.31,-31.56,9.13,28.39,-85.6,172.75
52.417866,-1.556231,162.66,14.09,3,290.74,22 / 22,2446729,2019-09-06 18:56:53:411,0.2662,-0.4269,10.8724,-0.0002,-0.002,9.8066,0.068,-0.0257,0.0092,6.13,-32.06,9.13,35.86,-85.75,174.71
52.417866,-1.556231,162.66,14.09,3,290.74,22 / 22,2446828,2019-09-06 18:56:53:510,0.3695,0.4289,9.8532,-0.0116,-0.0116,9.8066,0.0213,0.0162,0.0395,5.44,-31.44,9.25,31.98,-85.36,175.41
52.417866,-1.556231,162.66,14.09,3,290.74,22 / 22,2446929,2019-09-06 18:56:53:611,-1.1328,-0.6119,10.0518,-0.0315,-0.0307,9.8065,0.0199,0.0253,-0.0026,5.94,-31.25,9.38,39.14,-85,176.25
52.417866,-1.556231,162.66,14.09,3,290.74,22 / 22,2447028,2019-09-06 18:56:53:710,0.1867,0.5398,9.3449,0.0102,0.0192,9.8066,-0.1,0.0093,0.003,5.25,-31.56,9.88,30.59,-85.25,177.01
52.417866,-1.556231,162.66,14.09,3,290.74,22 / 22,2447130,2019-09-06 18:56:53:812,1.1452,-0.1142,8.9165,0.0094,0.0073,9.8066,-0.1258,0.0544,0.0458,6.25,-31.62,9.13,38.87,-85.54,176.78
52.417866,-1.556231,162.66,14.09,3,290.74,22 / 22,2447229,2019-09-06 18:56:53:911,-0.3399,-0.1995,8.8596,0.013,0.0183,9.8066,-0.0483,-0.0054,-0.0045,4.56,-31.87,9,32.56,-85.77,176.35
52.417866,-1.556231,162.66,14.09,3,290.74,22 / 22,2447328,2019-09-06 18:56:54:010,-0.5577,0.5195,9.9076,-0.0069,-0.0078,9.8066,0,-0.0659,0.0116,5.56,-32.25,9.38,37.54,-85.85,176.28
52.417866,-1.556231,162.66,14.09,3,290.74,22 / 22,2447429,2019-09-06 18:56:54:111,-0.5066,0.3593,10.8795,-0.0184,-0.0271,9.8065,0.0116,-0.0852,-0.0224,5.94,-31.62,9.5,34.49,-85.56,176.54
52.417866,-1.556231,162.66,14.09,3,290.74,22 / 22,2447529,2019-09-06 18:56:54:211,0.7619,0.0526,10.7681,-0.0011,0.0009,9.8066,0.1076,0.0385,-0.0264,5.69,-32.31,9.38,38.16,-85.56,176.25
52.417866,-1.556231,162.66,14.09,3,290.74,22 / 22,2447629,2019-09-06 18:56:54:311,-0.4819,-0.0803,10.8675,-0.0093,0.0004,9.8066,-0.0239,0.0055,-0.0141,5.19,-31.31,9.38,33.46,-85.49,176.82
52.417866,-1.556231,162.66,14.09,3,290.74,22 / 22,2447729,2019-09-06 18:56:54:411,-0.295,-0.375,9.7211,-0.0165,-0.0062,9.8065,-0.0205,0.0316,0.0353,5.13,-31.5,9.06,35.49,-85.44,178.35
52.417866,-1.556231,162.66,14.09,3,290.74,22 / 22,2447829,2019-09-06 18:56:54:511,-0.3909,-0.8232,9.1153,0.0104,0.015,9.8066,-0.0269,0.0241,0.0375,5.38,-31.62,9,37.52,-85.6,-179.98
52.417866,-1.556231,162.66,14.09,3,290.74,22 / 22,2447929,2019-09-06 18:56:54:611,0.0882,0.7537,10.0752,-0.0028,-0.0084,9.8066,-0.0307,-0.0306,0.0164,5.19,-31.31,9.44,37.21,-85.69,-179.79
52.417866,-1.556231,162.66,14.09,3,290.74,22 / 22,2448029,2019-09-06 18:56:54:711,-0.6569,-0.7397,10.0119,0.0128,0.0134,9.8066,0.0525,-0.0596,-0.0068,5.25,-31.06,9.13,36.44,-85.84,179.86
52.417866,-1.556231,162.66,14.09,3,290.74,22 / 22,2448128,2019-09-06 18:56:54:810,0.2053,-0.5126,10.015,-0.0113,-0.016,9.8066,-0.0139,0.0134,-0.0344,5.19,-32.12,9.13,37.31,-85.54,179.73
52.417866,-1.556231,162.66,14.09,3,290.74,22 / 22,2448228,2019-09-06 18:56:54:910,-0.3778,-0.1317,9.9625,-0.0053,-0.0112,9.8066,-0.0097,-0.018,-0.018,5.13,-31.75,9.56,32.74,-85.41,178.97
52.417866,-1.556231,162.66,14.09,3,290.74,22 / 22,2448328,2019-09-06 18:56:55:010,1.1311,0.7022,10.0739,-0.0115,-0.0164,9.8066,-0.0791,-0.0068,-0.0246,5.56,-31.06,9.25,40.94,-85.39,178.46
52.417866,-1.556231,162.66,14.09,3,290.74,22 / 22,2448429,2019-09-06 18:56:55:111,0.5615,0.5152,9.6798,0.006,0.0043,9.8066,0.0424,-0.0567,-0.0749,5.38,-31.19,9.5,30.13,-85.59,177.34
52.417866,-1.556231,162.66,14.09,3,290.74,22 / 22,2448529,2019-09-06 18:56:55:211,0.6655,0.5634,9.2996,0.0082,0.0035,9.8066,-0.0397,-0.0572,-0.0342,5.19,-31.62,9,33.68,-85.49,176.74
52.417866,-1.556231,162.66,14.09,3,290.74,22 / 22,2448628,2019-09-06 18:56:55:310,0.2785,-0.3497,9.3098,-0.0137,-0.0133,9.8066,-0.0588,-0.0021,0.0048,5.06,-31.75,9.56,30.29,-85.3,176.83
52.417866,-1.556231,162.66,14.09,3,290.74,22 / 22,2448728,2019-09-06 18:56:55:410,-0.3478,0.0117,9.3071,0.0009,0.0025,9.8066,-0.014,0.009,0.0516,5.69,-32,8.69,39.82,-85.46,177.41
52.417866,-1.556231,162.66,14.09,3,290.74,22 / 22,2448829,2019-09-06 18:56:55:511,-0.4853,0.1815,10.0734,0.0075,0.0122,9.8066,-0.0643,-0.0366,0.0376,5.75,-31.25,8.94,40.04,-85.71,178.32
52.417866,-1.556231,162.66,14.09,3,290.74,22 / 22,2448928,2019-09-06 18:56:55:610,0.3094,0.3266,10.1803,-0.0101,-0.0018,9.8066,-0.0548,-0.0123,0.0077,5.75,-31.31,8.94,41.3,-85.8,179.56
52.417866,-1.556231,162.66,14.09,3,290.74,22 / 22,2449030,2019-09-06 18:56:55:712,0.4084,0.3177,10.1313,-0.005,-0.0038,9.8066,0.0411,0.0012,-0.0594,5.31,-32,8.38,41.44,-85.64,179.51
52.417866,-1.556231,162.66,14.09,3,290.74,22 / 22,2449128,2019-09-06 18:56:55:810,-0.8147,0.2111,10.3727,0.0018,0.0076,9.8066,0.111,-0.0292,0.0365,5.44,-31.44,8.75,37.05,-85.59,179.88
52.417866,-1.556231,162.66,14.09,3,290.74,22 / 22,2449229,2019-09-06 18:56:55:911,0.7608,0.4395,9.5345,0.0034,0.014,9.8066,0.0167,-0.0088,-0.006,5.38,-31.69,9.19,38.83,-85.55,-179.01
52.417866,-1.556231,162.66,14.09,3,290.74,22 / 22,2449329,2019-09-06 18:56:56:011,-0.7998,-0.7937,9.8634,-0.0008,0.0121,9.8066,-0.0215,0.0047,0.0793,5.56,-31.69,9.06,45.69,-85.47,-177.73
52.417866,-1.556231,162.66,14.09,3,290.74,22 / 22,2449429,2019-09-06 18:56:56:111,-0.688,-0.3852,9.6108,-0.002,0.0184,9.8066,0.0135,0.0151,0.0171,5,-32.37,9.38,43.96,-85.55,-174.84
52.417866,-1.556231,162.66,14.09,3,290.74,22 / 22,2449529,2019-09-06 18:56:56:211,0.1574,0.1161,8.6177,-0.0118,-0.0017,9.8066,0.0421,-0.0735,-0.0295,4.56,-32,9.31,46.15,-85.64,-172.81
52.417866,-1.556231,162.66,14.09,3,290.74,22 / 22,2449628,2019-09-06 18:56:56:310,0.3305,1.6392,9.1121,0.0457,0.0403,9.8064,-0.0739,0.0338,-0.0638,5.25,-31.75,9.75,41.15,-85.97,-173.1
52.417866,-1.556231,162.66,14.09,3,290.74,22 / 22,2449728,2019-09-06 18:56:56:410,1.7895,0.836,9.8036,0.0027,-0.0172,9.8066,-0.1563,0.0635,-0.0511,5.69,-31.81,8.38,50.59,-85.93,-176.46
52.417866,-1.556231,162.66,14.09,3,290.74,22 / 22,2449828,2019-09-06 18:56:56:510,0.5499,-0.0468,10.3298,0.0209,0.0203,9.8066,0.0967,-0.0121,0.0394,5.88,-31.87,8.88,41.02,-85.99,179.45
52.417866,-1.556231,162.66,14.09,3,290.74,22 / 22,2449929,2019-09-06 18:56:56:611,-0.6425,-0.6048,10.1038,0.0139,0.0195,9.8066,0.0486,-0.0504,-0.0099,5.06,-31,8.94,36.77,-85.9,-179.75
52.417866,-1.556231,162.66,14.09,3,290.74,22 / 22,2450029,2019-09-06 18:56:56:711,-0.6279,0.4429,10.4979,-0.0261,-0.0135,9.8066,0.1071,0.0443,-0.0305,5.63,-31.37,9.13,42.44,-85.83,-179.42
52.417866,-1.556231,162.66,14.09,3,290.74,22 / 22,2450129,2019-09-06 18:56:56:811,0.674,0.7846,8.2362,-0.025,-0.0166,9.8065,-0.0511,0.0961,0.0286,5.5,-31.94,9.63,41.04,-85.55,-178.06
52.417866,-1.556231,162.66,14.09,3,290.74,22 / 22,2450229,2019-09-06 18:56:56:911,-1.2047,-0.4062,9.9896,-0.0253,0.0006,9.8066,-0.1372,0.1404,0.0052,5.25,-31.69,9.81,38.98,-85.69,-175.44
52.417866,-1.556231,162.66,14.09,3,290.74,22 / 22,2450329,2019-09-06 18:56:57:011,0.659,0.8649,9.507,-0.0175,-0.0234,9.8066,-0.1777,0.0314,0.0484,5.06,-31.56,9.31,42.85,-85.79,-175.22
52.417866,-1.556231,162.66,14.09,3,290.74,22 / 22,2450429,2019-09-06 18:56:57:111,1.1248,-0.0625,9.6512,0.0466,0.0364,9.8064,0.1999,0.0301,0.0009,5.19,-31.37,9.5,38.29,-85.73,-175.71
52.417866,-1.556231,162.66,14.09,3,290.74,22 / 22,2450529,2019-09-06 18:56:57:211,-1.5082,0.4114,9.7018,0.0176,0.0184,9.8066,0.13,0.0481,-0.0764,5.38,-31.69,9.56,38.5,-85.38,-176.41
52.417866,-1.556231,162.66,14.09,3,290.74,22 / 22,2450629,2019-09-06 18:56:57:311,-0.176,-0.2177,8.9863,0.0145,0.0094,9.8066,0.0517,-0.0522,0.0024,5.38,-31.62,9.88,36.91,-85.37,-177.73
52.417866,-1.556231,162.66,14.09,3,290.74,22 / 22,2450729,2019-09-06 18:56:57:411,1.0924,-0.4955,9.1631,0.0487,0.0377,9.8064,-0.0407,0.0279,-0.1047,5.31,-32,9,37.3,-85.93,-179.51
52.417866,-1.556231,162.66,14.09,3,290.74,22 / 22,2450829,2019-09-06 18:56:57:511,0.6637,0.6212,10.8375,-0.0176,-0.0315,9.8065,-0.0415,-0.0001,-0.0162,5.19,-31.06,9.06,32.42,-85.86,176.61
52.417866,-1.556231,162.66,14.09,3,290.74,22 / 22,2450929,2019-09-06 18:56:57:611,0.5118,0.4826,10.1364,-0.0013,-0.0093,9.8066,0.0513,0.0195,-0.022,5.81,-30.94,8.81,36.47,-85.77,175.48
52.417866,-1.556231,162.66,14.09,3,290.74,22 / 22,2451029,2019-09-06 18:56:57:711,0.397,0.2164,10.7409,-0.016,-0.0154,9.8066,0.1344,-0.0029,0.0166,5.94,-31.06,9.5,35.64,-85.37,177.4
52.417866,-1.556231,162.66,14.09,3,290.74,22 / 22,2451128,2019-09-06 18:56:57:810,-0.8359,-0.8822,9.4103,0.002,-0.0051,9.8066,0.0501,-0.0349,-0.0503,5.5,-31.69,9.94,36.22,-85.28,177.49
52.417866,-1.556231,162.66,14.09,3,290.74,22 / 22,2451228,2019-09-06 18:56:57:910,-0.1114,-1.065,9.2935,0.0074,-0.0054,9.8065,-0.1191,-0.0309,0.0439,5.69,-31,9.69,33.8,-85.36,175.87
52.417866,-1.556231,162.66,14.09,3,290.74,22 / 22,2451329,2019-09-06 18:56:58:011,0.4385,-0.5103,9.1112,-0.016,-0.0214,9.8066,-0.1132,0.1001,-0.0378,5.69,-31.44,9.88,33.07,-85.41,175.36
52.417866,-1.556231,162.66,14.09,3,290.74,22 / 22,2451428,2019-09-06 18:56:58:110,1.9752,1.0836,9.5945,0.0222,0.0487,9.8065,-0.0022,0.0156,-0.0094,5.75,-31.44,9.56,30.45,-85.85,173.82
52.417866,-1.556231,162.66,14.09,3,290.74,22 / 22,2451529,2019-09-06 18:56:58:211,-0.0572,-0.5801,8.7445,0.0189,0.0163,9.8065,0.2119,0.0358,0.0326,5.88,-31.56,9.38,35.23,-85.75,174.19
52.417866,-1.556231,162.66,14.09,3,290.74,22 / 22,2451629,2019-09-06 18:56:58:311,1.0265,1.066,9.934,0.0081,0.0246,9.8066,0.1218,0.0006,0.0011,5.75,-32,9.13,36.91,-85.67,175.42
52.417866,-1.556231,162.66,14.09,3,290.74,22 / 22,2451728,2019-09-06 18:56:58:410,-0.3873,0.0658,10.0611,0.002,0.0051,9.8066,0.0667,-0.0284,0.0357,5.44,-31,9.13,33.48,-85.64,177.08
52.417866,-1.556231,162.66,14.09,3,290.74,22 / 22,2451828,2019-09-06 18:56:58:510,0.7308,-0.2398,9.4471,-0.0118,0.0011,9.8066,-0.0243,-0.0275,0.0293,5.69,-31.62,9.31,40.07,-85.52,177.74
52.417866,-1.556231,162.66,14.09,3,290.74,22 / 22,2451929,2019-09-06 18:56:58:611,1.0694,0.0738,10.2204,0.002,-0.0062,9.8066,-0.0737,-0.0306,0.0151,5.25,-31.31,9.19,35.33,-85.55,178.42
52.417866,-1.556231,162.66,14.09,3,290.74,22 / 22,2452029,2019-09-06 18:56:58:711,0.5998,1.862,9.6776,0.0187,0.0292,9.8065,-0.053,-0.0765,-0.0334,5.44,-31.44,9.13,35.37,-85.79,178.88
52.417866,-1.556231,162.66,14.09,3,290.74,22 / 22,2452128,2019-09-06 18:56:58:810,2.1461,-0.5796,9.8022,-0.0034,0.0129,9.8066,-0.0588,0.1047,-0.0246,5.25,-31.87,9.38,36.09,-85.82,179.29
52.417866,-1.556231,162.66,14.09,3,290.74,22 / 22,2452230,2019-09-06 18:56:58:912,-0.5514,0.9496,9.6396,-0.0063,0.0316,9.8065,0.0744,0.086,-0.0367,5.44,-31.25,9.13,36.49,-85.7,179.64
52.417866,-1.556231,162.66,14.09,3,290.74,22 / 22,2452329,2019-09-06 18:56:59:011,-0.8673,0.1321,9.2589,0.0338,0.0485,9.8065,0.2864,-0.1485,0.1256,5.5,-31.5,8.69,44.34,-86.03,-177.4
52.417866,-1.556231,162.66,14.09,3,290.74,22 / 22,2452429,2019-09-06 18:56:59:111,0.9195,-0.7027,9.3097,0.0285,0.0037,9.8065,-0.1142,-0.1356,0.0699,5.25,-31.75,9,41.52,-86.01,-175.86
52.417866,-1.556231,162.66,14.09,3,290.74,22 / 22,2452529,2019-09-06 18:56:59:211,-1.3774,-0.791,10.1883,0.0128,0.036,9.8065,-0.1575,-0.0033,-0.0208,5.81,-31.75,8.94,47.97,-86.3,-173.95
52.417866,-1.556231,162.66,14.09,3,290.74,22 / 22,2452628,2019-09-06 18:56:59:310,0.3277,1.1249,10.5651,-0.0126,-0.0363,9.8065,0,-0.0496,0.0223,5.69,-30.87,8.88,43.82,-86.29,-177.32
52.417866,-1.556231,162.66,14.09,3,290.74,22 / 22,2452729,2019-09-06 18:56:59:411,-0.9334,-0.7988,9.5605,-0.0065,-0.0165,9.8065,0.0935,0.0639,-0.0561,5.81,-31.69,8.19,47.29,-86.21,-178.6
52.417866,-1.556231,162.66,14.09,3,290.74,22 / 22,2452829,2019-09-06 18:56:59:511,0.5227,-0.632,9.5895,-0.0198,-0.0181,9.8065,-0.0751,0.0312,-0.044,4.88,-31.75,8.63,35.04,-86.1,178.94
52.417866,-1.556231,162.66,14.09,3,290.74,22 / 22,2452928,2019-09-06 18:56:59:610,0.1589,0.6715,9.1641,-0.0023,0.0003,9.8066,-0.0285,-0.018,0.0474,5.38,-31.75,7.94,40.13,-85.98,179.24
52.417866,-1.556231,162.66,14.09,3,290.74,22 / 22,2453029,2019-09-06 18:56:59:711,0.3433,1.0398,10.3802,0.0145,0.0243,9.8066,-0.0372,-0.0256,0.0185,5.5,-31.31,8.94,41.22,-86.44,-179.27
52.417866,-1.556231,162.66,14.09,3,290.74,22 / 22,2453129,2019-09-06 18:56:59:811,-0.3172,0.4828,9.889,-0.0039,-0.0065,9.8066,0.0008,-0.009,0.0154,5.31,-32,8.25,40.33,-86.51,-179.4
52.417866,-1.556231,162.66,14.09,3,290.74,22 / 22,2453229,2019-09-06 18:56:59:911,0.3147,-0.124,9.9041,-0.0015,-0.0003,9.8066,0.0501,-0.0241,0.0471,5.38,-31.62,8.25,41.7,-86.39,-178.54
52.417866,-1.556231,162.66,14.09,3,290.74,22 / 22,2453329,2019-09-06 18:57:00:011,-0.4621,0.4131,9.8987,-0.0182,-0.0031,9.8065,0.0204,-0.0788,0.0384,5.5,-31.5,8.63,44.54,-86.17,-176.93
52.417866,-1.556231,162.66,14.09,3,290.74,22 / 22,2453428,2019-09-06 18:57:00:110,0.1212,-0.3129,9.4557,0.0049,0.0059,9.8066,-0.0252,0.0299,0.0294,5.25,-32,8.94,41.26,-86.26,-175.54
52.417866,-1.556231,162.66,14.09,3,290.74,22 / 22,2453530,2019-09-06 18:57:00:212,0.3505,0.9135,10.2449,0.0063,0.0107,9.8066,-0.0708,-0.0181,0.0229,4.88,-31.69,8.38,45.96,-86.42,-174.86
52.417866,-1.556231,162.66,14.09,3,290.74,22 / 22,2453628,2019-09-06 18:57:00:310,-0.3543,-0.2996,9.63,-0.0247,-0.0152,9.8065,-0.0453,-0.0077,-0.0162,5.63,-31.5,8.13,51.82,-86.43,-173.85
52.417866,-1.556231,162.66,14.09,3,290.74,22 / 22,2453729,2019-09-06 18:57:00:411,1.062,0.6538,9.7237,-0.0235,-0.0262,9.8065,-0.1272,0.0574,-0.0318,5.75,-31.81,8.69,48.83,-86.39,-172.99
52.417866,-1.556231,162.66,14.09,3,290.74,22 / 22,2453829,2019-09-06 18:57:00:511,0.1131,-1.0296,9.393,0.0151,0.0306,9.8066,0.0286,-0.0032,0.0017,4.75,-32.37,9.06,44.14,-86.58,-172.38
52.417866,-1.556231,162.66,14.09,3,290.74,22 / 22,2453928,2019-09-06 18:57:00:610,-0.224,0.9661,9.4392,0.007,0.0142,9.8066,0.046,0.0232,-0.0469,5.19,-32.25,8.88,44.49,-86.54,-172.18
52.417866,-1.556231,162.66,14.09,3,290.74,22 / 22,2454029,2019-09-06 18:57:00:711,0.2868,-0.1383,9.5185,0.0295,0.0294,9.8065,0.1798,-0.0109,-0.0077,5.25,-31.87,9,44.16,-86.57,-172.4
52.417866,-1.556231,162.66,14.09,3,290.74,22 / 22,2454129,2019-09-06 18:57:00:811,-0.3135,-0.7977,9.8406,0.0235,0.0222,9.8066,0.1831,-0.0198,0.0557,5.44,-31.69,8.69,43.1,-86.47,-173.54
52.417866,-1.556231,162.66,14.09,3,290.74,22 / 22,2454228,2019-09-06 18:57:00:910,0.1312,0.2453,10.9369,-0.0048,-0.0162,9.8066,-0.0452,-0.0239,-0.0272,4.81,-31.69,9,43.81,-86.33,-173.23
52.417866,-1.556231,162.66,14.09,3,290.74,22 / 22,2454328,2019-09-06 18:57:01:010,-0.3921,-1.7681,9.5883,0.0088,0.0092,9.8066,0.0804,0.0082,-0.0792,4.81,-32.19,8.75,41.98,-86.25,-174.95
52.417866,-1.556231,162.66,14.09,3,290.74,22 / 22,2454429,2019-09-06 18:57:01:111,-0.7828,-0.5465,9.4223,-0.0055,-0.0003,9.8066,-0.1097,0.0824,0.0021,5.19,-32.06,8.88,39.74,-86.29,-176.76
52.417866,-1.556231,162.66,14.09,3,290.74,22 / 22,2454529,2019-09-06 18:57:01:211,-0.1066,0.4845,9.397,0.0044,0.0043,9.8066,-0.0202,-0.014,-0.0403,5.69,-31.75,8.44,49.06,-86.46,-176.46
52.417866,-1.556231,162.66,14.09,3,290.74,22 / 22,2454628,2019-09-06 18:57:01:310,0.802,-0.2057,9.6791,0.0032,0.0107,9.8066,0.0502,0.0297,-0.0278,4.94,-31.44,8.69,38.86,-86.66,-176.57
52.417866,-1.556231,162.66,14.09,3,290.74,22 / 22,2454729,2019-09-06 18:57:01:411,0.2787,0.3446,9.4418,-0.0024,0.0068,9.8066,0.0623,-0.0185,0.0512,5.44,-31.31,8.38,44.5,-86.65,-175.3
52.417866,-1.556231,162.66,14.09,3,290.74,22 / 22,2454829,2019-09-06 18:57:01:511,-0.5865,-0.0235,9.8589,0.0032,0.0146,9.8066,0.0056,0.0069,0.0418,4.75,-31.87,8.75,44.82,-86.54,-171.89
52.417866,-1.556231,162.66,14.09,3,290.74,22 / 22,2454928,2019-09-06 18:57:01:610,-0.4149,-0.346,10.2228,-0.0144,-0.0189,9.8065,0.0487,-0.0157,-0.0215,5.25,-31.81,8.44,49.34,-86.41,-172.01
52.417866,-1.556231,162.66,14.09,3,290.74,22 / 22,2455029,2019-09-06 18:57:01:711,0.4484,0.358,9.9833,0.0256,0.0086,9.8065,0.0616,-0.0016,-0.0091,5,-31.62,8.69,44.47,-86.23,-172.88
52.417866,-1.556231,162.66,14.09,3,290.74,22 / 22,2455129,2019-09-06 18:57:01:811,-0.6591,-1.0371,9.0065,0.0122,0.0194,9.8066,0.1096,0.0016,0.0303,5.25,-31.5,8.63,41.5,-86.4,-174.8
52.417866,-1.556231,162.66,14.09,3,290.74,22 / 22,2455229,2019-09-06 18:57:01:911,0.2948,0.6253,9.6544,0.026,0.0171,9.8065,-0.094,0.0161,-0.0668,4.63,-31.37,8.31,46.06,-86.59,-174.1
52.417866,-1.556231,162.66,14.09,3,290.74,22 / 22,2455329,2019-09-06 18:57:02:011,0.9794,-0.3213,10.4331,0.0094,-0.0137,9.8066,0.0941,0.0045,-0.0273,5.38,-31.69,8.88,38.95,-86.66,-176.68
52.418262,-1.557934,163.99,12.87,3,291.2,22 / 22,2455429,2019-09-06 18:57:02:111,0.7998,1.5339,10.5141,-0.0252,-0.0171,9.8065,0.0738,0.0394,0.0768,5.44,-32.12,8.25,42.55,-86.41,-177.78
52.418262,-1.557934,163.99,12.87,3,291.2,22 / 22,2455529,2019-09-06 18:57:02:211,-1.8787,1.0822,9.258,-0.0628,-0.0551,9.8063,0.1576,0.1276,0.0415,4.81,-32.12,8.63,42.48,-85.84,-175.42
52.418262,-1.557934,163.99,12.87,3,291.2,22 / 22,2455628,2019-09-06 18:57:02:310,1.2503,-1.2235,9.2772,0.0329,0.0629,9.8064,0.0586,-0.0949,0.0356,4.63,-31.87,9.38,50.66,-86.04,-168.03
52.418262,-1.557934,163.99,12.87,3,291.2,22 / 22,2455729,2019-09-06 18:57:02:411,0.5421,0.9305,8.3454,0.0437,0.0466,9.8064,0.0532,-0.0013,0.0267,5.13,-31.81,8.56,54.31,-86.12,-164.67
52.418262,-1.557934,163.99,12.87,3,291.2,22 / 22,2455829,2019-09-06 18:57:02:511,-0.0969,0.2701,9.0957,0.042,0.0588,9.8064,0.086,-0.0042,0.092,4.69,-32.37,8.5,55.45,-86.37,-163
52.418262,-1.557934,163.99,12.87,3,291.2,22 / 22,2455928,2019-09-06 18:57:02:610,1.4399,1.0394,9.4987,0.0303,0.0413,9.8065,-0.0143,0.0278,-0.0665,4.25,-32.06,7.75,57.48,-86.95,-158.37
52.418262,-1.557934,163.99,12.87,3,291.2,22 / 22,2456029,2019-09-06 18:57:02:711,-0.0449,-0.0038,9.7587,-0.0286,-0.0371,9.8065,0.0015,0.0026,-0.0077,5.13,-31.75,8.19,60.76,-86.83,-160.72
52.418262,-1.557934,163.99,12.87,3,291.2,22 / 22,2456128,2019-09-06 18:57:02:810,-0.3595,-0.4079,10.4842,-0.0316,-0.0281,9.8065,0.061,-0.0036,0.0639,4.44,-31.87,8.06,55.01,-86.73,-161.24
52.418262,-1.557934,163.99,12.87,3,291.2,22 / 22,2456229,2019-09-06 18:57:02:911,-0.7598,-1.0389,9.3615,0.0057,0.0017,9.8066,0.0326,0.0109,-0.0382,4,-31.69,8.19,55.94,-86.62,-160.73
52.418262,-1.557934,163.99,12.87,3,291.2,22 / 22,2456329,2019-09-06 18:57:03:011,-0.2916,0.5327,10.992,-0.0035,0.0025,9.8065,0.0102,0.0136,0.0148,4.69,-31.87,8.06,61.97,-86.6,-160.32
52.418262,-1.557934,163.99,12.87,3,291.2,22 / 22,2456429,2019-09-06 18:57:03:111,1.379,-0.4116,10.3292,0.0067,0.0101,9.8066,0.1378,0.0057,0.0308,5.19,-31.87,8.19,61.13,-86.82,-160.41
52.418262,-1.557934,163.99,12.87,3,291.2,22 / 22,2456529,2019-09-06 18:57:03:211,-0.015,-0.5303,9.9648,-0.0136,-0.009,9.8066,0.0238,0.0075,-0.0429,4.44,-31.75,8.13,56.73,-86.5,-160.43
52.418262,-1.557934,163.99,12.87,3,291.2,22 / 22,2456628,2019-09-06 18:57:03:310,-0.4394,-0.605,9.9636,-0.022,-0.0234,9.8065,-0.0258,0.0267,0.0346,4.69,-31.69,8.69,56.94,-86.35,-161.73
52.418262,-1.557934,163.99,12.87,3,291.2,22 / 22,2456728,2019-09-06 18:57:03:410,0.5503,0.8043,9.6689,0.0119,0.0271,9.8066,-0.1379,0.002,-0.0107,4.94,-31.5,8.44,62.71,-86.51,-159.58
52.418262,-1.557934,163.99,12.87,3,291.2,22 / 22,2456829,2019-09-06 18:57:03:511,-0.1022,0.4837,9.2383,0.013,0.0027,9.8066,0.0014,0.0174,-0.0156,4.13,-31.69,8.13,59.12,-86.71,-157.66
52.418262,-1.557934,163.99,12.87,3,291.2,22 / 22,2456929,2019-09-06 18:57:03:611,-0.0835,-0.6619,9.8353,0.0209,0.0158,9.8066,0.0222,-0.0088,-0.0024,4.31,-31.69,8,56.11,-86.87,-159.83
52.418262,-1.557934,163.99,12.87,3,291.2,22 / 22,2457030,2019-09-06 18:57:03:712,-1.0744,-1.2467,9.1924,0.0064,-0.005,9.8066,0.0258,0.0139,-0.0632,4.5,-32.06,8.69,55.82,-86.86,-161.38
52.418262,-1.557934,163.99,12.87,3,291.2,22 / 22,2457129,2019-09-06 18:57:03:811,0.5367,0.1681,9.5906,0.0086,-0.0051,9.8066,-0.1051,0.0099,0.0284,4.88,-31.81,8.31,56.8,-86.86,-164.2
52.418262,-1.557934,163.99,12.87,3,291.2,22 / 22,2457228,2019-09-06 18:57:03:910,0.3361,-0.206,9.4858,0.0157,0.0255,9.8065,0.0055,-0.0123,-0.0037,4.81,-31.94,7.75,58.61,-87.04,-162.03
52.418262,-1.557934,163.99,12.87,3,291.2,22 / 22,2457329,2019-09-06 18:57:04:011,0.4008,0.0877,9.6226,0.0029,0.0044,9.8066,-0.0703,-0.0514,0.0143,4.75,-31.81,8.06,59.19,-87.02,-161.57
52.418262,-1.557934,163.99,12.87,3,291.2,22 / 22,2457429,2019-09-06 18:57:04:111,0.8406,0.4842,10.231,0.0062,0.0179,9.8065,-0.0079,-0.0153,0.044,5.19,-32,8.31,62.6,-86.97,-158.62
52.418262,-1.557934,163.99,12.87,3,291.2,22 / 22,2457529,2019-09-06 18:57:04:211,-0.5167,-0.7894,9.8198,-0.0052,0.0011,9.8066,0.0134,-0.0247,0.0345,4.25,-32.06,8.38,58.63,-86.88,-157.54
52.418262,-1.557934,163.99,12.87,3,291.2,22 / 22,2457629,2019-09-06 18:57:04:311,-0.2362,-1.0134,9.059,0.0038,-0.0041,9.8066,-0.1277,0.0162,-0.0279,4.38,-31.25,7.94,59.72,-86.77,-156.59
52.418262,-1.557934,163.99,12.87,3,291.2,22 / 22,2457729,2019-09-06 18:57:04:411,-0.1902,0.5477,9.8754,-0.0138,-0.022,9.8065,-0.1274,-0.0077,0.0014,5,-31.37,8.5,60.31,-86.82,-157.12
52.418262,-1.557934,163.99,12.87,3,291.2,22 / 22,2457830,2019-09-06 18:57:04:512,0.4297,-0.607,9.4249,0.0262,0.0278,9.8065,0.0971,0.032,-0.0144,4.38,-32.12,8.5,52.52,-87,-159.24
52.418262,-1.557934,163.99,12.87,3,291.2,22 / 22,2457929,2019-09-06 18:57:04:611,0.1895,0.1157,9.9717,0.0201,0.007,9.8065,0.0088,-0.0223,-0.059,4.81,-32,8.31,59.3,-87.17,-161.02
52.418262,-1.557934,163.99,12.87,3,291.2,22 / 22,2458028,2019-09-06 18:57:04:710,0.2294,-0.1412,10.1053,-0.0059,-0.0184,9.8065,-0.042,0.0325,-0.0175,5.69,-31.81,7.63,59.87,-87.1,-165.08
52.418262,-1.557934,163.99,12.87,3,291.2,22 / 22,2458128,2019-09-06 18:57:04:810,-1.7327,-0.7416,11.1336,-0.0341,-0.0256,9.8065,0.1853,-0.0167,0.1196,4.94,-31.62,8.63,51.3,-86.97,-165.17
52.418262,-1.557934,163.99,12.87,3,291.2,22 / 22,2458229,2019-09-06 18:57:04:911,0.4417,-1.5059,9.519,-0.067,-0.0492,9.8062,-0.1918,0.0876,-0.073,4.19,-32,8.44,56.75,-86.4,-160.72
52.418262,-1.557934,163.99,12.87,3,291.2,22 / 22,2458328,2019-09-06 18:57:05:010,-1.6247,0.721,9.8997,-0.0421,-0.0443,9.8064,-0.1719,-0.1062,0.1065,4.25,-32.25,8.88,54.92,-86.24,-159.16
52.418262,-1.557934,163.99,12.87,3,291.2,22 / 22,2458428,2019-09-06 18:57:05:110,0.3162,0.1198,9.6843,0.025,0.0263,9.8065,-0.0165,-0.0536,0.0253,4.69,-32.12,8.44,69.75,-86.71,-152.82
52.418262,-1.557934,163.99,12.87,3,291.2,22 / 22,2458529,2019-09-06 18:57:05:211,0.095,0.3516,9.6781,0.0135,0.0045,9.8066,-0.0388,-0.0006,-0.069,4.69,-31.87,8.5,66.24,-87.01,-151.4
52.418262,-1.557934,163.99,12.87,3,291.2,22 / 22,2458628,2019-09-06 18:57:05:310,-0.2363,-0.091,9.0605,0.0156,-0.0039,9.8066,0.1064,-0.0125,0.0827,4.38,-32.12,8.44,60.17,-87.14,-155.35
52.418262,-1.557934,163.99,12.87,3,291.2,22 / 22,2458729,2019-09-06 18:57:05:411,0.8721,0.6373,10.2961,-0.0126,0.0134,9.8066,0.0013,0.0637,-0.0338,4.69,-31.69,8.19,66.48,-86.93,-155.17
52.418262,-1.557934,163.99,12.87,3,291.2,22 / 22,2458828,2019-09-06 18:57:05:510,-0.2056,-0.7937,9.9994,-0.0341,-0.0273,9.8065,-0.023,0.0247,0.0322,4.81,-31.62,9,63.07,-86.93,-154.56
52.418262,-1.557934,163.99,12.87,3,291.2,22 / 22,2458929,2019-09-06 18:57:05:611,0.1114,1.1784,11.1725,-0.0242,-0.0105,9.8065,0.024,0.04,-0.0117,4.56,-32.37,8.75,66.6,-86.95,-151.22
52.418262,-1.557934,163.99,12.87,3,291.2,22 / 22,2459029,2019-09-06 18:57:05:711,-1.1242,-0.138,11.7669,-0.0421,-0.0574,9.8064,0.1359,0.0095,-0.0597,4.81,-32.19,8.88,66.41,-86.99,-151.29
52.418262,-1.557934,163.99,12.87,3,291.2,22 / 22,2459129,2019-09-06 18:57:05:811,-0.0467,1.0073,9.8247,0.0056,-0.0176,9.8066,0.1333,0.018,-0.0204,4.88,-31.69,9.13,60.47,-86.66,-157.69
52.418262,-1.557934,163.99,12.87,3,291.2,22 / 22,2459229,2019-09-06 18:57:05:911,0.6327,0.3962,9.8168,0.0145,0.0149,9.8066,-0.0206,0.0829,0.0451,4.75,-32.19,8.63,57.37,-86.47,-161.02
52.418262,-1.557934,163.99,12.87,3,291.2,22 / 22,2459330,2019-09-06 18:57:06:012,0.4591,-0.1718,8.372,0.0071,0.0163,9.8066,0.0252,0.0547,-0.0401,5.13,-31.94,9.19,58.3,-86.62,-159.79
52.418262,-1.557934,163.99,12.87,3,291.2,22 / 22,2459429,2019-09-06 18:57:06:111,0.1853,0.2475,8.5105,0.0291,0.0076,9.8066,-0.14,0.0311,-0.0564,4.06,-32.31,9.44,49.5,-86.73,-162.62
52.418262,-1.557934,163.99,12.87,3,291.2,22 / 22,2459529,2019-09-06 18:57:06:211,0.3281,0.1839,9.0717,0.0381,0.0645,9.8063,0.0467,0.019,0.0061,4.31,-31.94,8.44,59.86,-87.51,-154.47
52.418262,-1.557934,163.99,12.87,3,291.2,22 / 22,2459629,2019-09-06 18:57:06:311,0.4227,0.2872,10.8273,0.0094,0.0349,9.8066,0.0344,-0.0514,0.0088,4.5,-31.94,8.19,68.58,-87.58,-151.11
52.418262,-1.557934,163.99,12.87,3,291.2,22 / 22,2459729,2019-09-06 18:57:06:411,1.0571,0.3176,9.8947,-0.0184,-0.0461,9.8064,0.035,0.001,0.0227,4.31,-31.87,8.56,60.73,-87.81,-149.47
52.418262,-1.557934,163.99,12.87,3,291.2,22 / 22,2459828,2019-09-06 18:57:06:510,0.1374,0.9771,10.9237,-0.0455,-0.0356,9.8064,0.0276,-0.045,0.0811,4.5,-31.81,8.13,66.23,-87.22,-154.47
52.418262,-1.557934,163.99,12.87,3,291.2,22 / 22,2459929,2019-09-06 18:57:06:611,-0.2976,-0.8725,10.1687,-0.0007,0.0003,9.8066,-0.0443,-0.0211,-0.0142,4.5,-31.87,8.56,65.63,-87.06,-151.8
52.418262,-1.557934,163.99,12.87,3,291.2,22 / 22,2460029,2019-09-06 18:57:06:711,0.4735,-0.2049,10.3664,-0.006,-0.0204,9.8066,-0.0635,-0.0389,0.0594,4.69,-32.19,8.75,63.66,-86.89,-154.13
52.418262,-1.557934,163.99,12.87,3,291.2,22 / 22,2460129,2019-09-06 18:57:06:811,-0.169,0.6737,9.3587,0.0227,0.0215,9.8065,-0.1053,0.0006,-0.0243,4.25,-32.06,8.38,63.44,-87.11,-152.44
52.418262,-1.557934,163.99,12.87,3,291.2,22 / 22,2460229,2019-09-06 18:57:06:911,0.9561,0.5338,9.2751,0.0028,-0.0031,9.8066,0.0495,-0.0035,-0.0228,4.94,-31.94,8.13,66.86,-87.08,-154.34
52.418262,-1.557934,163.99,12.87,3,291.2,22 / 22,2460329,2019-09-06 18:57:07:011,0.7855,0.6986,9.7823,0.015,-0.0015,9.8066,-0.0728,0.0106,-0.0361,5.31,-31.75,7.88,64.22,-87.32,-156.04
52.418262,-1.557934,163.99,12.87,3,291.2,22 / 22,2460429,2019-09-06 18:57:07:111,0.9986,1.2103,9.4617,-0.0002,-0.0043,9.8066,-0.0925,-0.0116,-0.0188,4.75,-31.81,7.88,61.78,-87.39,-158.08
52.418262,-1.557934,163.99,12.87,3,291.2,22 / 22,2460529,2019-09-06 18:57:07:211,1.5007,0.6946,10.5518,0.0016,0.008,9.8066,-0.0572,0.04,0.0005,4.81,-32.25,7.81,61.88,-87.54,-157.52
52.418262,-1.557934,163.99,12.87,3,291.2,22 / 22,2460628,2019-09-06 18:57:07:310,0.9871,0.0633,9.7113,0.018,0.0359,9.8065,0.1013,-0.0382,0.0429,4.44,-31.94,7.44,61.96,-87.53,-156.5
52.418262,-1.557934,163.99,12.87,3,291.2,22 / 22,2460729,2019-09-06 18:57:07:411,0.9477,0.4183,10.4708,-0.0245,-0.0182,9.8066,0.0368,-0.0158,0.0488,4.63,-31.69,7.44,68.53,-87.32,-156.34
52.418262,-1.557934,163.99,12.87,3,291.2,22 / 22,2460830,2019-09-06 18:57:07:512,2.0888,1.97,9.261,-0.0021,-0.0079,9.8066,-0.0582,0.0597,-0.0399,5,-32.31,7.31,69.35,-87.36,-155.46
52.418262,-1.557934,163.99,12.87,3,291.2,22 / 22,2460929,2019-09-06 18:57:07:611,-0.2217,1.0673,9.667,0.008,0.0072,9.8066,0.0124,-0.0334,0.0198,4.81,-32.56,8.19,65.5,-87.5,-154.52
52.418262,-1.557934,163.99,12.87,3,291.2,22 / 22,2461029,2019-09-06 18:57:07:711,0.0171,0.445,9.3958,0.0257,0.0107,9.8066,-0.0926,-0.0025,0.0148,4.38,-31.94,7.38,61.94,-87.8,-155.54
52.418262,-1.557934,163.99,12.87,3,291.2,22 / 22,2461128,2019-09-06 18:57:07:810,-1.0594,0.5153,9.3813,-0.0084,-0.017,9.8066,0.092,-0.0294,0.0109,4.81,-31.87,7.63,65.83,-87.68,-153.39
52.418262,-1.557934,163.99,12.87,3,291.2,22 / 22,2461230,2019-09-06 18:57:07:912,1.0814,-0.5315,9.5226,0.0027,-0.011,9.8066,-0.0333,-0.0629,0.0279,4.88,-31.37,7.44,69.52,-87.89,-153.16
52.418262,-1.557934,163.99,12.87,3,291.2,22 / 22,2461329,2019-09-06 18:57:08:011,1.4289,0.5156,10.0158,0.0213,0.0236,9.8065,-0.1127,0.0587,-0.0354,5.75,-31.62,6.63,74.81,-88.26,-151.63
52.418262,-1.557934,163.99,12.87,3,291.2,22 / 22,2461430,2019-09-06 18:57:08:112,0.9923,2.0886,9.4204,0.033,0.0239,9.8065,0.0712,0.039,-0.0612,4.25,-31.69,6.75,70.68,-88.56,-144.47
52.418262,-1.557934,163.99,12.87,3,291.2,22 / 22,2461528,2019-09-06 18:57:08:210,-0.9529,1.4343,10.2205,-0.0451,-0.0235,9.8065,0.1578,-0.085,0.0943,4.94,-31.37,7.06,75.91,-88.32,-145.53
52.418262,-1.557934,163.99,12.87,3,291.2,22 / 22,2461628,2019-09-06 18:57:08:310,0.7863,1.4827,9.5944,-0.017,-0.035,9.8066,-0.1138,0.0404,0.0168,5.31,-31.44,7.44,70.51,-88.26,-150.97
52.418262,-1.557934,163.99,12.87,3,291.2,22 / 22,2461729,2019-09-06 18:57:08:411,0.7709,0.9928,9.5683,0.0234,0.0173,9.8066,-0.0953,0.01,0.0109,4.63,-32.06,7,73.33,-88.03,-149.26
52.418262,-1.557934,163.99,12.87,3,291.2,22 / 22,2461829,2019-09-06 18:57:08:511,0.4862,0.5433,9.1994,0.0134,0.0248,9.8066,0.0349,-0.0086,-0.03,5,-31.75,6.81,77.88,-88.18,-144.28
52.418262,-1.557934,163.99,12.87,3,291.2,22 / 22,2461929,2019-09-06 18:57:08:611,1.8579,1.798,10.7671,0.0143,0.0255,9.8066,-0.0437,-0.019,-0.0076,4.06,-31.62,7.5,71.5,-88.42,-140.44
52.418262,-1.557934,163.99,12.87,3,291.2,22 / 22,2462029,2019-09-06 18:57:08:711,0.9679,0.6067,10.9226,0.0244,0.0188,9.8065,0.1179,-0.0373,0.0178,5.25,-31.62,7.13,79.04,-88.5,-141.98
52.418262,-1.557934,163.99,12.87,3,291.2,22 / 22,2462129,2019-09-06 18:57:08:811,1.3915,0.5163,9.7037,-0.0346,-0.0469,9.8065,0.1004,0.0345,-0.0758,5.25,-31.81,7,70.19,-88.25,-151.48
52.418262,-1.557934,163.99,12.87,3,291.2,22 / 22,2462228,2019-09-06 18:57:08:910,0.7747,1.7636,9.7631,-0.0429,-0.0323,9.8064,-0.0995,0.0464,0.0308,5.25,-32.31,6.88,73.34,-88.14,-148.85
52.418262,-1.557934,163.99,12.87,3,291.2,22 / 22,2462328,2019-09-06 18:57:09:010,0.3874,1.6368,10.3753,0.0292,0.0229,9.8065,-0.1499,-0.0184,0.0285,4.81,-31.44,6.75,79.59,-88.29,-142.04
52.418262,-1.557934,163.99,12.87,3,291.2,22 / 22,2462429,2019-09-06 18:57:09:111,1.9659,1.5227,10.1117,0.0217,0.0112,9.8066,0.1367,0.0359,-0.0563,4.5,-31.5,6.81,85.92,-88.67,-134.39
52.418262,-1.557934,163.99,12.87,3,291.2,22 / 22,2462528,2019-09-06 18:57:09:210,-1.3638,-0.3523,9.2782,-0.0109,-0.0135,9.8066,0.1648,-0.0897,0.0963,4.94,-31.81,7.19,82.11,-88.57,-138.72
52.418262,-1.557934,163.99,12.87,3,291.2,22 / 22,2462628,2019-09-06 18:57:09:310,1.8142,1.2098,9.9235,-0.0097,-0.0127,9.8066,-0.2319,0.033,-0.065,5.25,-31.56,6.94,81.26,-88.66,-139.2
52.418262,-1.557934,163.99,12.87,3,291.2,22 / 22,2462729,2019-09-06 18:57:09:411,0.7905,1.1705,9.9022,0.0027,0.0255,9.8065,-0.1043,-0.0639,0.1141,4.75,-31.81,6.75,86.9,-88.65,-133.67
52.418262,-1.557934,163.99,12.87,3,291.2,22 / 22,2462828,2019-09-06 18:57:09:510,0.5121,1.6148,9.5038,0.0071,0.0061,9.8066,0.0171,0.0748,-0.0583,4.56,-31.62,7.25,95.94,-88.75,-124.22
52.418262,-1.557934,163.99,12.87,3,291.2,22 / 22,2462929,2019-09-06 18:57:09:611,0.9117,-0.0969,9.5213,0.0192,0.0083,9.8066,0.0408,-0.006,-0.0003,5,-32.37,6.69,98.47,-88.89,-121.16
52.418262,-1.557934,163.99,12.87,3,291.2,22 / 22,2463028,2019-09-06 18:57:09:710,0.4052,1.1626,10.3128,0.0077,0.0051,9.8066,0.0143,0.0558,0.0073,4.75,-31.87,6.19,105.57,-88.97,-118.32
52.418262,-1.557934,163.99,12.87,3,291.2,22 / 22,2463129,2019-09-06 18:57:09:811,0.64,0.1325,10.4428,0.0149,-0.0204,9.8065,0.0706,0.0483,-0.0293,4.88,-31.94,6.5,93.71,-89.07,-125.26
52.418262,-1.557934,163.99,12.87,3,291.2,22 / 22,2463229,2019-09-06 18:57:09:911,1.1011,0.3513,9.0768,-0.0151,-0.0261,9.8066,0.0231,-0.019,-0.0005,5.56,-31.56,6.69,89.09,-89.05,-134.8
52.418262,-1.557934,163.99,12.87,3,291.2,22 / 22,2463328,2019-09-06 18:57:10:010,0.3348,-1.1628,9.472,0.006,0.0083,9.8066,0.0436,0.0474,-0.014,4.94,-31.62,7.13,75.15,-88.9,-144.37
52.418262,-1.557934,163.99,12.87,3,291.2,21 / 21,2463429,2019-09-06 18:57:10:111,0.0588,-0.2866,9.9213,0.008,0.0139,9.8066,0.014,0.0427,0.0316,4.94,-31.31,7.06,81.67,-88.95,-137.61
52.418262,-1.557934,163.99,12.87,3,291.2,21 / 21,2463529,2019-09-06 18:57:10:211,1.226,-0.1539,9.2383,-0.0039,0.0032,9.8066,-0.0482,-0.044,0.0413,4.38,-31.75,7,86.56,-88.98,-127.21
52.418262,-1.557934,163.99,12.87,3,291.2,21 / 21,2463628,2019-09-06 18:57:10:310,0.3706,1.8893,10.1156,0.0022,0.0113,9.8066,0.0781,0.0535,-0.016,5,-31.12,6.88,104.59,-89.05,-114.26
52.418262,-1.557934,163.99,12.87,3,291.2,21 / 21,2463729,2019-09-06 18:57:10:411,-0.3011,0.5346,9.7218,0.0033,0.0114,9.8066,0.0972,0.0377,0.0102,4.31,-31.69,6.13,108.03,-88.86,-110.47
52.418262,-1.557934,163.99,12.87,3,291.2,21 / 21,2463828,2019-09-06 18:57:10:510,0.026,0.0807,9.8341,0.023,0.0298,9.8066,-0.0292,-0.0217,-0.0093,5,-31.5,6.56,116.93,-88.89,-102.16
52.418262,-1.557934,163.99,12.87,3,291.2,21 / 21,2463929,2019-09-06 18:57:10:611,0.1,0.5178,10.6993,-0.0084,-0.0151,9.8066,-0.0742,0.0175,-0.0217,4.63,-31.37,6.38,127.67,-88.94,-95.47
52.418262,-1.557934,163.99,12.87,3,291.2,21 / 21,2464028,2019-09-06 18:57:10:710,0.4954,0.1104,10.1677,-0.0154,-0.0102,9.8066,-0.0257,-0.0667,0.0754,4.88,-31.19,6.5,118.9,-88.94,-99.99
52.418262,-1.557934,163.99,12.87,3,291.2,21 / 21,2464129,2019-09-06 18:57:10:811,-0.0153,-0.5136,9.9364,0,0.0077,9.8066,-0.0202,-0.0151,-0.0108,4.69,-30.94,6.44,118.59,-88.88,-105.11
52.418262,-1.557934,163.99,12.87,3,291.2,21 / 21,2464228,2019-09-06 18:57:10:910,-0.1759,-0.1635,9.2083,0.0061,0.0027,9.8066,0.006,-0.0419,-0.033,4.5,-31.69,6.38,112.92,-88.86,-111.2
52.418262,-1.557934,163.99,12.87,3,291.2,21 / 21,2464329,2019-09-06 18:57:11:011,-0.812,0.7786,9.7093,-0.0025,0.0049,9.8066,0.0246,-0.1219,0.0427,6.31,-31.62,5,124.46,-88.72,-110.04
52.418583,-1.559355,164.2,8.71,3,291.06,22 / 22,2464429,2019-09-06 18:57:11:111,-0.7107,-0.0227,10.1951,0.0059,0.0036,9.8066,-0.0275,-0.0437,-0.0033,6.56,-31.87,5.38,131.03,-88.78,-106.84
52.418583,-1.559355,164.2,8.71,3,291.06,22 / 22,2464529,2019-09-06 18:57:11:211,-0.8218,0.4735,9.7435,0.0122,0.01,9.8066,0.0949,-0.074,0.0083,5.5,-31.62,7.81,123.3,-88.86,-96.61
52.418583,-1.559355,164.2,8.71,3,291.06,22 / 22,2464628,2019-09-06 18:57:11:310,-0.4367,-1.2059,9.8641,0.026,0.0136,9.8066,0.0643,-0.0682,0.0301,4.75,-31.81,6.75,124.16,-88.92,-94.71
52.418583,-1.559355,164.2,8.71,3,291.06,22 / 22,2464729,2019-09-06 18:57:11:411,-0.9088,-1.0649,9.7043,0.0001,0.0012,9.8066,0.0202,-0.0476,-0.0226,4.88,-31.62,6.5,119.03,-88.85,-100.26
52.418583,-1.559355,164.2,8.71,3,291.06,22 / 22,2464829,2019-09-06 18:57:11:511,-0.8789,0.335,10.1197,0.0132,0.0046,9.8066,-0.0342,-0.055,-0.0156,4.5,-31.69,6.63,123.58,-88.9,-95.37
52.418583,-1.559355,164.2,8.71,3,291.06,22 / 22,2464929,2019-09-06 18:57:11:611,0.4847,0.1714,10.7923,0.0181,0.0184,9.8065,0.1069,0.0097,0.0117,5.06,-31.75,6.63,134.76,-88.98,-83.48
52.418583,-1.559355,164.2,8.71,3,291.06,22 / 22,2465029,2019-09-06 18:57:11:711,-1.5284,-0.4218,9.6037,0.0359,0.0396,9.8064,0.1651,-0.0873,0.0645,4.38,-31.44,6.13,137.3,-88.98,-79.36
52.418583,-1.559355,164.2,8.71,3,291.06,22 / 22,2465129,2019-09-06 18:57:11:811,0.7501,1.4785,9.5014,-0.0278,-0.0261,9.8065,-0.075,-0.0505,-0.0073,4.94,-31.5,5.94,129.25,-88.86,-94.07
52.418583,-1.559355,164.2,8.71,3,291.06,22 / 22,2465228,2019-09-06 18:57:11:910,0.0263,-0.8092,10.2374,-0.0283,-0.0403,9.8065,0.1221,-0.0164,0.0363,4.31,-31.56,5.75,117.46,-88.85,-100.76
52.418583,-1.559355,164.2,8.71,3,291.06,22 / 22,2465329,2019-09-06 18:57:12:011,-0.0656,0.1639,9.972,0.0074,0.0301,9.8065,0.0824,0.0609,0.0055,4.44,-31.44,6.38,121.56,-88.95,-95.99
52.418583,-1.559355,164.2,8.71,3,291.06,22 / 22,2465428,2019-09-06 18:57:12:110,0.9511,2.1577,9.7503,-0.0089,0.0125,9.8066,0.0699,-0.0282,0.0324,4.25,-31.37,5.94,128.06,-88.76,-89.81
52.418583,-1.559355,164.2,8.71,3,291.06,22 / 22,2465529,2019-09-06 18:57:12:211,0.0025,-0.8981,9.4402,-0.0052,-0.0063,9.8066,-0.0704,-0.0386,0.0158,4.31,-31.81,5.94,127.84,-88.66,-90.53
52.418583,-1.559355,164.2,8.71,3,291.06,22 / 22,2465628,2019-09-06 18:57:12:310,0.2921,-0.6161,10.327,-0.0024,0.0038,9.8066,-0.0025,0.0181,0.0013,5.19,-31.87,6.06,138.51,-88.58,-85.15
52.418583,-1.559355,164.2,8.71,3,291.06,22 / 22,2465728,2019-09-06 18:57:12:410,1.0748,0.508,10.7269,0.0141,0.0141,9.8066,0.0103,0.0328,0.0024,4.31,-31.87,5.69,139.31,-88.53,-78.64
52.418583,-1.559355,164.2,8.71,3,291.06,22 / 22,2465828,2019-09-06 18:57:12:510,0.3916,-0.3809,10.4789,0.005,0.0051,9.8066,0.0861,-0.0071,0.0328,5.31,-31.5,6.13,140.51,-88.58,-82.87
52.418583,-1.559355,164.2,8.71,3,291.06,22 / 22,2465929,2019-09-06 18:57:12:611,-0.2917,-0.1214,9.5664,-0.0129,-0.0354,9.8066,-0.0035,-0.0131,-0.0214,4.44,-31.81,6.19,126.35,-88.6,-92.33
52.418583,-1.559355,164.2,8.71,3,291.06,22 / 22,2466028,2019-09-06 18:57:12:710,0.5991,1.2533,9.5282,-0.0159,-0.0266,9.8065,-0.058,0.0109,0.014,4.81,-31.62,5.94,118.28,-88.71,-106.17
52.418583,-1.559355,164.2,8.71,3,291.06,22 / 22,2466128,2019-09-06 18:57:12:810,1.7825,0.3981,10.5686,0.0217,0.0284,9.8065,-0.0325,0.0704,-0.1152,4.69,-31.25,6.38,130.36,-88.75,-93.23
52.418583,-1.559355,164.2,8.71,3,291.06,22 / 22,2466229,2019-09-06 18:57:12:911,0.9207,0.8099,10.5345,0.0449,0.0281,9.8065,0.0241,0.0002,0.0062,4.63,-31.69,6.13,145.17,-88.9,-77.2
52.418583,-1.559355,164.2,8.71,3,291.06,22 / 22,2466329,2019-09-06 18:57:13:011,0.6357,-0.3412,9.7884,-0.0065,-0.0162,9.8066,0.0837,-0.0238,0.0325,5.31,-31.44,6.13,143.82,-89,-78.31
52.418583,-1.559355,164.2,8.71,3,291.06,22 / 22,2466429,2019-09-06 18:57:13:111,0.9801,0.6341,9.447,-0.0188,-0.0252,9.8066,0.0244,-0.0132,0.0046,4.31,-32.12,5.88,129.4,-88.99,-87.74
52.418583,-1.559355,164.2,8.71,3,291.06,22 / 22,2466529,2019-09-06 18:57:13:211,0.346,1.0109,9.7493,0.0208,0.0257,9.8065,0.0068,-0.0382,0.0116,5.19,-31.87,5.88,131.62,-88.99,-91.26
52.418583,-1.559355,164.2,8.71,3,291.06,22 / 22,2466629,2019-09-06 18:57:13:311,1.0582,0.505,9.8794,0.0167,0.016,9.8066,-0.0613,0.0222,-0.0413,4.75,-31.5,6.44,144.47,-88.99,-77.66
52.418583,-1.559355,164.2,8.71,3,291.06,22 / 22,2466729,2019-09-06 18:57:13:411,1.2042,1.1492,10.2399,0.0094,-0.0091,9.8066,0.0583,0.0085,-0.015,4.63,-32,6.19,156.3,-89.14,-64.92
52.418583,-1.559355,164.2,8.71,3,291.06,22 / 22,2466829,2019-09-06 18:57:13:511,1.1437,0.9298,10.3415,0.0048,-0.0022,9.8066,0.1426,0.0027,-0.0116,5.44,-30.81,6.44,158.48,-89.21,-62.46
52.418583,-1.559355,164.2,8.71,3,291.06,22 / 22,2466929,2019-09-06 18:57:13:611,0.8294,0.2649,9.3138,-0.0022,-0.006,9.8066,-0.0468,0.006,-0.015,4.81,-31.56,6.5,141.94,-89.31,-75.19
52.418583,-1.559355,164.2,8.71,3,291.06,22 / 22,2467028,2019-09-06 18:57:13:710,1.0895,0.2462,8.9723,-0.0075,-0.0008,9.8066,-0.0786,0.0256,0.0207,5.06,-31.81,6.5,140.02,-89.3,-77.19
52.418583,-1.559355,164.2,8.71,3,291.06,22 / 22,2467128,2019-09-06 18:57:13:810,0.8393,1.8599,10.1199,-0.0073,0.0186,9.8066,0.0434,0.0041,0.0281,5.38,-31.31,6.69,146.89,-89.02,-70.57
52.418583,-1.559355,164.2,8.71,3,291.06,22 / 22,2467228,2019-09-06 18:57:13:910,0.9606,0.1086,11.0379,0.0083,0.0175,9.8066,-0.0313,0.1012,-0.0578,4.75,-32,6.38,157.07,-88.86,-64.54
52.418583,-1.559355,164.2,8.71,3,291.06,22 / 22,2467330,2019-09-06 18:57:14:012,1.7269,0.2834,10.4206,0.0102,0.0151,9.8065,0.0267,0.0467,-0.0159,5.19,-31.37,6,165.89,-88.93,-54.95
52.418583,-1.559355,164.2,8.71,3,291.06,22 / 22,2467430,2019-09-06 18:57:14:112,1.2958,0.4678,9.8208,0.0002,0.0041,9.8066,0.1432,-0.002,-0.0141,5.06,-31.37,6.25,166.97,-88.87,-53.84
52.418583,-1.559355,164.2,8.71,3,291.06,22 / 22,2467529,2019-09-06 18:57:14:211,1.4084,-0.3493,8.6669,-0.0129,-0.0379,9.8065,0.088,0.1311,0.0144,5.44,-31.37,6.44,144.04,-89.15,-77.75
52.418583,-1.559355,164.2,8.71,3,291.06,22 / 22,2467628,2019-09-06 18:57:14:310,-0.0586,-0.3696,9.191,-0.0179,-0.0284,9.8066,0.0481,0.0733,0.0419,5.38,-31.12,6.44,133.48,-89.26,-88.47
52.418583,-1.559355,164.2,8.71,3,291.06,22 / 22,2467729,2019-09-06 18:57:14:411,1.9424,0.788,9.6552,0.0223,-0.0007,9.8066,-0.123,0.016,-0.03,5.56,-31.37,6.69,136.98,-89.24,-85.36
52.418583,-1.559355,164.2,8.71,3,291.06,22 / 22,2467829,2019-09-06 18:57:14:511,1.9883,1.2945,10.8307,0.0111,0.0026,9.8066,-0.0717,0.0687,-0.033,5,-31.62,6.75,157.5,-89.36,-58.95
52.418583,-1.559355,164.2,8.71,3,291.06,22 / 22,2467929,2019-09-06 18:57:14:611,2.1954,0.7953,10.9265,0.024,0.0021,9.8066,0.1449,0.1306,-0.0729,5.31,-31.31,7.06,189.22,-89.43,-25.99
52.418583,-1.559355,164.2,8.71,3,291.06,22 / 22,2468028,2019-09-06 18:57:14:710,2.2473,-0.4917,9.6506,0.0228,0.0057,9.8066,0.118,0.1489,-0.1292,6.19,-30.75,8,211.36,-89.6,-4.86
52.418583,-1.559355,164.2,8.71,3,291.06,22 / 22,2468128,2019-09-06 18:57:14:810,-0.3144,0.2279,9.9678,0.0022,-0.0429,9.8065,0.0733,0.0559,0.0106,5.56,-31.75,8.44,276.61,-89.55,61.18
52.418583,-1.559355,164.2,8.71,3,291.06,22 / 22,2468229,2019-09-06 18:57:14:911,2.4787,-1.9746,10.4054,0.0143,-0.0199,9.8066,0.1292,0.22,-0.0504,6.63,-31.25,7.56,290.31,-89.4,70.77
52.418583,-1.559355,164.2,8.71,3,291.06,22 / 22,2468329,2019-09-06 18:57:15:011,0.8452,0.0697,10.5363,-0.027,-0.0392,9.8065,-0.2441,0.1439,0.0513,7,-31,8.63,280.5,-89.28,64.54
52.418583,-1.559355,164.2,8.71,3,291.06,22 / 22,2468429,2019-09-06 18:57:15:111,0.6944,1.7197,9.5891,-0.0398,-0.0636,9.8063,0.0051,0.2383,-0.1105,6.31,-31,8.63,307.15,-89.34,94.97
52.418583,-1.559355,164.2,8.71,3,291.06,22 / 22,2468528,2019-09-06 18:57:15:210,0.5582,1.8337,9.5284,0.0419,0.0477,9.8064,0.0678,0.0645,0.0505,6.56,-31.75,9.13,284.01,-89.09,68.62
52.418583,-1.559355,164.2,8.71,3,291.06,22 / 22,2468629,2019-09-06 18:57:15:311,3.5462,1.0282,9.3563,0.0245,0.0029,9.8066,-0.0716,0.2554,-0.0673,7.06,-31.87,9.81,294.74,-88.96,82.22
52.418583,-1.559355,164.2,8.71,3,291.06,22 / 22,2468729,2019-09-06 18:57:15:411,2.3277,0.6542,9.7251,0.0178,-0.0008,9.8066,0.1577,0.1672,-0.0689,7.06,-30.81,10.13,310.36,-88.69,97.9
52.418583,-1.559355,164.2,8.71,3,291.06,22 / 22,2468829,2019-09-06 18:57:15:511,1.2478,0.7817,10.9489,0.0283,0.032,9.8065,0.1258,0.1478,-0.081,7.38,-30.44,10.63,307.92,-88.58,98.02
52.418583,-1.559355,164.2,8.71,3,291.06,22 / 22,2468929,2019-09-06 18:57:15:611,0.7399,1.6686,10.4936,-0.0059,-0.0366,9.8065,-0.077,0.1216,0.0324,6.94,-30.75,11.44,309.71,-88.39,100.2
52.418583,-1.559355,164.2,8.71,3,291.06,22 / 22,2469029,2019-09-06 18:57:15:711,0.9937,0.4558,10.1157,0.003,-0.0159,9.8065,0.0347,0.2064,-0.0628,6.94,-30.5,11.94,310.11,-88.16,102.91
52.418583,-1.559355,164.2,8.71,3,291.06,22 / 22,2469128,2019-09-06 18:57:15:810,0.9904,0.6486,9.9243,0.0104,-0.0108,9.8066,0.0372,0.191,-0.0066,7.13,-30.5,11.88,309.4,-87.96,102.57
52.418583,-1.559355,164.2,8.71,3,291.06,22 / 22,2469228,2019-09-06 18:57:15:910,1.3165,0.2498,10.0938,0.0145,-0.019,9.8066,0.0201,0.1938,-0.0144,7.63,-30.37,12.25,313.5,-87.74,103.25
52.418583,-1.559355,164.2,8.71,3,291.06,22 / 22,2469329,2019-09-06 18:57:16:011,1.1009,0.2684,9.7244,0.0049,-0.0019,9.8066,-0.0447,0.1628,-0.0248,7.38,-30.19,12.63,307.44,-87.58,103.07
52.418583,-1.559355,164.2,8.71,3,291.06,22 / 22,2469428,2019-09-06 18:57:16:110,1.3367,0.369,10.1548,0.0081,-0.0023,9.8066,-0.0383,0.1742,-0.0136,7.75,-29.94,14.56,306.85,-87.5,102.33
52.418583,-1.559355,164.2,8.71,3,291.06,22 / 22,2469529,2019-09-06 18:57:16:211,1.1932,0.2406,9.9904,0.0068,0.0008,9.8066,-0.0032,0.2313,-0.0456,6.94,-30.75,14.13,303.77,-87.4,101.52
52.418583,-1.559355,164.2,8.71,3,291.06,22 / 22,2469628,2019-09-06 18:57:16:310,0.7198,0.3225,10.1737,0.0099,-0.0007,9.8065,-0.0025,0.2323,-0.0152,7.5,-30.62,14.44,306.1,-87.27,100.64
52.418583,-1.559355,164.2,8.71,3,291.06,22 / 22,2469729,2019-09-06 18:57:16:411,1.2047,-0.1627,9.9971,0.0048,-0.0164,9.8066,-0.0141,0.2699,-0.0009,7.44,-30.44,14.56,302.01,-87.02,101.61
52.418583,-1.559355,164.2,8.71,3,291.06,22 / 22,2469829,2019-09-06 18:57:16:511,0.5871,-0.4111,9.6822,0.0013,-0.0067,9.8066,-0.0414,0.2274,-0.037,8.13,-29.87,14.88,306.08,-86.96,102.39
52.418583,-1.559355,164.2,8.71,3,291.06,22 / 22,2469928,2019-09-06 18:57:16:610,0.2669,-0.4474,9.8154,0.0115,-0.0036,9.8066,0.016,0.242,0.0113,7,-29.62,15.94,301.29,-86.8,102.4
52.418583,-1.559355,164.2,8.71,3,291.06,22 / 22,2470029,2019-09-06 18:57:16:711,0.1344,-0.528,9.9445,0.0002,-0.0134,9.8066,-0.0034,0.2408,-0.0178,7.94,-30,16.63,303.95,-86.71,103.16
52.418583,-1.559355,164.2,8.71,3,291.06,22 / 22,2470129,2019-09-06 18:57:16:811,0.6788,-0.7328,9.8393,0.0086,-0.0025,9.8066,0.0208,0.2739,-0.0308,7.38,-30.25,16.81,301.5,-86.61,103.89
52.418583,-1.559355,164.2,8.71,3,291.06,22 / 22,2470228,2019-09-06 18:57:16:910,0.4374,-0.8323,9.7429,0.0111,-0.0077,9.8066,0.0425,0.2432,0.0036,7.25,-30,17.56,299.64,-86.42,103.28
52.418583,-1.559355,164.2,8.71,3,291.06,22 / 22,2470328,2019-09-06 18:57:17:010,0.3434,-0.7293,9.9978,0.0071,-0.0051,9.8066,-0.0413,0.2172,-0.0258,7.88,-30.25,17.31,303.38,-86.27,103.22
52.418583,-1.559355,164.2,8.71,3,291.06,22 / 22,2470429,2019-09-06 18:57:17:111,0.2789,-0.6099,10.0471,0.0063,-0.0104,9.8066,-0.0398,0.2454,-0.0457,7.88,-29.81,18,302.62,-86.16,103.65
52.418583,-1.559355,164.2,8.71,3,291.06,22 / 22,2470529,2019-09-06 18:57:17:211,0.3931,-0.4498,9.6752,0.0077,0.0021,9.8066,0.0478,0.2341,0.0014,7.69,-29.5,18.69,302.1,-85.99,104.12
52.418583,-1.559355,164.2,8.71,3,291.06,22 / 22,2470628,2019-09-06 18:57:17:310,0.6659,-0.778,9.5592,0.0106,0.0008,9.8066,0.009,0.2949,-0.0396,7.69,-29.37,19.88,301.93,-85.87,104.92
52.418583,-1.559355,164.2,8.71,3,291.06,22 / 22,2470729,2019-09-06 18:57:17:411,0.7045,0.0442,10.2631,0.0069,0.0011,9.8066,0.0743,0.2956,0.0056,7.75,-29.56,20.19,302.08,-85.73,105.41
52.418583,-1.559355,164.2,8.71,3,291.06,22 / 22,2470829,2019-09-06 18:57:17:511,0.4993,-0.3938,9.7877,0.0038,-0.0058,9.8066,-0.0696,0.2757,-0.0167,7.31,-30.06,21.38,299.48,-85.64,106.28
52.418583,-1.559355,164.2,8.71,3,291.06,22 / 22,2470928,2019-09-06 18:57:17:610,0.3849,-0.5468,9.6665,0.0048,-0.007,9.8066,0.0014,0.2815,-0.0033,7.13,-29.94,21.94,300,-85.48,107.53
52.418583,-1.559355,164.2,8.71,3,291.06,22 / 22,2471029,2019-09-06 18:57:17:711,0.7537,-0.2582,9.6668,0.0074,-0.0123,9.8066,-0.0363,0.3031,-0.0368,6.88,-29.87,21.75,300.61,-85.35,108.25
52.418583,-1.559355,164.2,8.71,3,291.06,22 / 22,2471129,2019-09-06 18:57:17:811,0.717,-0.3127,10.0794,0.0111,-0.0079,9.8066,0.0237,0.3005,-0.0478,6.56,-29.25,22.06,301.03,-85.1,108.76
52.418583,-1.559355,164.2,8.71,3,291.06,22 / 22,2471229,2019-09-06 18:57:17:911,0.2581,-1.0418,10.0318,0.0123,-0.0044,9.8066,-0.0071,0.3166,-0.0306,6.75,-28.75,22.56,301,-84.92,109.44
52.418583,-1.559355,164.2,8.71,3,291.06,22 / 22,2471328,2019-09-06 18:57:18:010,0.9438,-1.0665,10.0399,0.0074,-0.0199,9.8066,-0.0144,0.2857,-0.0072,6.75,-29.31,23.25,301.63,-84.77,110.2
52.418583,-1.559355,164.2,8.71,3,291.06,22 / 22,2471429,2019-09-06 18:57:18:111,0.2781,-0.3974,10.0646,0.0041,-0.0088,9.8066,0.0147,0.3144,-0.039,7.13,-29.25,23.94,302.27,-84.6,111.44
52.418583,-1.559355,164.2,8.71,3,291.06,22 / 22,2471528,2019-09-06 18:57:18:210,0.4818,-0.5863,9.8039,0.0148,-0.0047,9.8066,-0.059,0.3047,-0.0584,6.25,-29.06,25.38,299.06,-84.34,111.28
52.418583,-1.559355,164.2,8.71,3,291.06,22 / 22,2471629,2019-09-06 18:57:18:311,0.8854,-0.179,10.1293,0.0142,-0.0112,9.8066,-0.0346,0.3245,-0.0377,6.88,-29.5,24.88,301.18,-84.15,111.28
52.418583,-1.559355,164.2,8.71,3,291.06,22 / 22,2471728,2019-09-06 18:57:18:410,0.8211,0.0035,10.3317,0.0155,-0.0068,9.8066,0.0673,0.3292,-0.0245,5.75,-30.12,25.94,297.38,-83.81,110.73
52.418583,-1.559355,164.2,8.71,3,291.06,22 / 22,2471828,2019-09-06 18:57:18:510,0.3841,-0.5942,10.1941,0.0083,-0.0036,9.8066,0.0105,0.3154,-0.0876,5.63,-29.19,25.88,298.23,-83.66,111.49
52.418583,-1.559355,164.2,8.71,3,291.06,22 / 22,2471929,2019-09-06 18:57:18:611,0.5134,-0.4983,10.2061,0.0064,-0.013,9.8066,-0.023,0.2986,-0.003,5.38,-28.81,26.69,296.47,-83.5,112.3
52.418583,-1.559355,164.2,8.71,3,291.06,22 / 22,2472029,2019-09-06 18:57:18:711,0.5929,-0.5486,9.9862,-0.0013,-0.018,9.8066,0.0399,0.3076,-0.0058,5,-28.62,27.63,298.09,-83.34,114.14
52.418583,-1.559355,164.2,8.71,3,291.06,22 / 22,2472129,2019-09-06 18:57:18:811,0.7332,-0.0596,10.3396,-0.0079,-0.0211,9.8066,0.0302,0.3439,-0.0311,4.81,-29.06,28.06,302.37,-83.23,118.28
52.418583,-1.559355,164.2,8.71,3,291.06,22 / 22,2472229,2019-09-06 18:57:18:911,0.2739,-0.8621,9.8996,0.0034,-0.0224,9.8066,0.0956,0.3026,0.0213,3.94,-28.56,29.25,302.55,-83.04,120.73
52.418583,-1.559355,164.2,8.71,3,291.06,22 / 22,2472328,2019-09-06 18:57:19:010,-0.1146,-1.4311,9.5898,-0.0017,-0.045,9.8065,0.0162,0.299,-0.0238,3.38,-28.44,29.94,303.52,-82.85,123.58
52.418583,-1.559355,164.2,8.71,3,291.06,22 / 22,2472428,2019-09-06 18:57:19:110,0.0789,0.0548,9.7233,0.0017,-0.039,9.8065,0.0516,0.2763,-0.0257,3.38,-28.37,30.5,307.43,-82.46,127.55
52.418583,-1.559355,164.2,8.71,3,291.06,22 / 22,2472528,2019-09-06 18:57:19:210,0.1636,-0.6547,9.9291,-0.0037,-0.0129,9.8066,0.0174,0.2821,-0.0028,3.13,-27.69,30.38,310.03,-82.2,130.15
52.418583,-1.559355,164.2,8.71,3,291.06,22 / 22,2472629,2019-09-06 18:57:19:311,-0.1097,-0.9117,10.0024,-0.0085,-0.0135,9.8066,0.0067,0.2271,0.019,2.25,-28.31,31.38,309.86,-82.11,131.92
52.418583,-1.559355,164.2,8.71,3,291.06,22 / 22,2472728,2019-09-06 18:57:19:410,-0.111,-0.8253,9.9762,-0.01,0.0002,9.8066,0.0487,0.2304,-0.0284,1.56,-28.19,31.5,312.44,-82.1,134.24
52.418583,-1.559355,164.2,8.71,3,291.06,22 / 22,2472829,2019-09-06 18:57:19:511,-0.0146,-0.3491,9.9346,-0.0012,0.0161,9.8066,-0.0615,0.2335,-0.005,1.31,-28.19,32.06,310.71,-82.1,134.45
52.418583,-1.559355,164.2,8.71,3,291.06,22 / 22,2472928,2019-09-06 18:57:19:610,-0.0674,-1.0641,10.1021,0.0053,-0.0186,9.8066,-0.059,0.2504,0.0083,0.69,-28.25,32.69,311.28,-82.07,134.9
52.418583,-1.559355,164.2,8.71,3,291.06,22 / 22,2473029,2019-09-06 18:57:19:711,0.3389,-0.6875,9.937,0.0018,-0.0135,9.8066,0.0183,0.2336,0.0045,0.69,-28.31,32.88,311.23,-82,134.9
52.418583,-1.559355,164.2,8.71,3,291.06,22 / 22,2473129,2019-09-06 18:57:19:811,0.2612,0.619,10.0926,0.0007,-0.0013,9.8066,-0.0291,0.2381,-0.0341,0.38,-27.5,33.38,310.38,-81.97,135.69
52.418583,-1.559355,164.2,8.71,3,291.06,22 / 22,2473228,2019-09-06 18:57:19:910,-0.0137,-0.3663,10.1893,0.0047,-0.0099,9.8065,-0.0209,0.2408,-0.0253,-0.87,-28,33.88,309.13,-81.81,136.35
52.418583,-1.559355,164.2,8.71,3,291.06,22 / 22,2473329,2019-09-06 18:57:20:011,0.2462,-0.2056,9.9755,0.0109,-0.012,9.8066,0.0266,0.2571,-0.0257,-0.69,-28.37,34.31,309.23,-81.61,136.59
52.41863,-1.559958,163.94,3.23,3,211.53,22 / 22,2473429,2019-09-06 18:57:20:111,0.2182,-0.2487,9.5494,0.0031,-0.0032,9.8066,-0.034,0.2797,-0.0107,-0.87,-28.37,34.5,309.2,-81.53,136.41
52.41863,-1.559958,163.94,3.23,3,211.53,22 / 22,2473528,2019-09-06 18:57:20:210,-0.0154,0.1278,9.5821,0.009,0.0071,9.8065,0.0181,0.2493,-0.0269,-1.12,-28.5,34.44,309,-81.41,136.52
52.41863,-1.559958,163.94,3.23,3,211.53,22 / 22,2473629,2019-09-06 18:57:20:311,1.082,-0.4751,9.551,-0.0076,0.0073,9.8066,0.0391,0.2838,-0.0038,-1.5,-27.87,35,309.33,-81.35,136.67
52.41863,-1.559958,163.94,3.23,3,211.53,22 / 22,2473729,2019-09-06 18:57:20:411,0.3107,-0.2134,10.2694,-0.0081,-0.0234,9.8066,-0.0043,0.2661,-0.0091,-2.19,-28.06,34.63,309.17,-81.31,138.17
52.41863,-1.559958,163.94,3.23,3,211.53,22 / 22,2473828,2019-09-06 18:57:20:510,-0.0437,0.2282,10.4339,-0.0002,-0.019,9.8066,0.0988,0.3073,-0.0121,-3.19,-28.5,35.13,309.42,-81.16,140.12
52.41863,-1.559958,163.94,3.23,3,211.53,22 / 22,2473929,2019-09-06 18:57:20:611,0.0181,-1.1807,9.9968,-0.0171,-0.0364,9.8065,0.0339,0.2653,0.0103,-3.56,-28.12,35.81,312.03,-81,143.92
52.41863,-1.559958,163.94,3.23,3,211.53,22 / 22,2474028,2019-09-06 18:57:20:710,0.4474,-0.5446,9.3285,0.0146,-0.0192,9.8065,0.0363,0.3082,-0.1137,-3.56,-28,36.25,312.87,-80.8,144.82
52.41863,-1.559958,163.94,3.23,3,211.53,22 / 22,2474129,2019-09-06 18:57:20:811,1.342,-0.9409,9.2626,0.0113,-0.022,9.8066,-0.0097,0.3086,-0.0405,-4.12,-27.94,36.44,312.72,-80.29,145.01
52.41863,-1.559958,163.94,3.23,3,211.53,22 / 22,2474228,2019-09-06 18:57:20:910,0.751,-0.8124,9.3193,0.0049,-0.0285,9.8066,0.0173,0.2755,-0.0267,-4.37,-28.06,37.13,313.8,-80.18,145.75
52.41863,-1.559958,163.94,3.23,3,211.53,22 / 22,2474329,2019-09-06 18:57:21:011,0.9766,-0.555,9.7513,-0.0137,-0.0113,9.8066,0.0051,0.2715,0.0321,-5.25,-27.94,37.38,313.06,-80.06,146.67
52.41863,-1.559958,163.94,3.23,3,211.53,22 / 22,2474429,2019-09-06 18:57:21:111,0.4538,-0.165,10.1925,-0.0229,-0.0118,9.8065,0.0014,0.329,0.0222,-5.69,-28.56,38.19,314.24,-80.07,149.03
52.41863,-1.559958,163.94,3.23,3,211.53,22 / 22,2474529,2019-09-06 18:57:21:211,-0.0439,-0.2416,10.4195,-0.0334,-0.0081,9.8065,-0.0804,0.2969,0.0488,-6.62,-27.94,37.44,316.05,-80.32,152.19
52.41863,-1.559958,163.94,3.23,3,211.53,22 / 22,2474628,2019-09-06 18:57:21:310,-1.3945,-0.3451,10.3913,-0.0157,-0.0091,9.8066,-0.0348,0.2714,-0.0253,-7.12,-28.06,37.38,317.18,-80.62,153.03
52.41863,-1.559958,163.94,3.23,3,211.53,22 / 22,2474728,2019-09-06 18:57:21:410,0.1256,-0.5216,10.0583,0.0073,0.0084,9.8066,-0.0354,0.2868,-0.0709,-7.62,-28.5,38,315.29,-80.73,152.27
52.41863,-1.559958,163.94,3.23,3,211.53,22 / 22,2474829,2019-09-06 18:57:21:511,0.9818,-0.2063,9.5608,0.0095,-0.0138,9.8066,0.0125,0.2441,0.0016,-8.19,-28.69,37.63,314.64,-80.53,151.97
52.41863,-1.559958,163.94,3.23,3,211.53,22 / 22,2474929,2019-09-06 18:57:21:611,0.6271,-0.4497,9.7449,-0.0033,-0.0076,9.8065,0.0243,0.2106,0.0033,-8.75,-28,37.94,314.02,-80.29,152.78
52.41863,-1.559958,163.94,3.23,3,211.53,22 / 22,2475029,2019-09-06 18:57:21:711,0.5199,-0.3888,10.1833,-0.0153,-0.0027,9.8066,0.015,0.2522,-0.0619,-8.87,-27.5,37.75,315.52,-80.26,154
52.41863,-1.559958,163.94,3.23,3,211.53,22 / 22,2475129,2019-09-06 18:57:21:811,0.3407,-0.8404,10.0607,0.0042,-0.036,9.8065,-0.0057,0.2436,0.0327,-9.44,-27.44,38.75,317.31,-80.03,155.31
52.41863,-1.559958,163.94,3.23,3,211.53,22 / 22,2475229,2019-09-06 18:57:21:911,-0.5243,0.4225,10.1059,0.0021,-0.0303,9.8066,-0.0052,0.2453,-0.0158,-10.12,-27.56,38.75,316.62,-79.97,156.25
52.41863,-1.559958,163.94,3.23,3,211.53,22 / 22,2475328,2019-09-06 18:57:22:010,0.0751,-0.0984,9.8559,-0.0079,0.0141,9.8066,0.0059,0.2323,-0.0492,-9.75,-27.62,37.75,316.46,-79.96,156.59
52.41863,-1.559958,163.94,3.23,3,211.53,21 / 22,2475428,2019-09-06 18:57:22:110,-0.1709,-0.9235,9.6399,-0.0032,0.0099,9.8065,0.0597,0.1961,0.0072,-10.81,-27.12,38.13,315.05,-80.06,156.44
52.41863,-1.559958,163.94,3.23,3,211.53,21 / 22,2475529,2019-09-06 18:57:22:211,0.3598,-0.6769,9.9214,0.0119,-0.0266,9.8065,-0.0935,0.1772,-0.0737,-11.19,-27.31,38.06,315.27,-79.87,156.75
52.41863,-1.559958,163.94,3.23,3,211.53,21 / 22,2475629,2019-09-06 18:57:22:311,-0.7482,0.5471,10.1397,0.0097,-0.0183,9.8066,-0.0406,0.1551,-0.0052,-11.69,-27.12,37.88,313.61,-79.84,156.59
52.41863,-1.559958,163.94,3.23,3,211.53,21 / 22,2475729,2019-09-06 18:57:22:411,-0.3521,-0.3361,9.6387,-0.0011,0.0081,9.8066,0.0373,0.1284,-0.0192,-11.25,-27.69,37.56,315.01,-79.8,156.74
52.41863,-1.559958,163.94,3.23,3,211.53,21 / 22,2475829,2019-09-06 18:57:22:511,-0.0717,-0.3712,9.9702,0.0021,0.006,9.8066,-0.0882,0.0981,-0.0066,-12,-27.56,38,313.24,-79.77,156.48
52.41863,-1.559958,163.94,3.23,3,211.53,21 / 22,2475928,2019-09-06 18:57:22:610,-0.785,0.1057,10.026,0.0017,-0.0078,9.8066,-0.0606,0.0884,-0.045,-11.75,-27.37,37.88,313.07,-79.8,156.13
52.41863,-1.559958,163.94,3.23,3,211.53,21 / 22,2476028,2019-09-06 18:57:22:710,-1.3978,0.3567,9.9946,0.007,0.0099,9.8066,-0.0273,0.0394,-0.0195,-11.69,-27.37,37.38,311.71,-79.84,155.42
52.41863,-1.559958,163.94,3.23,3,211.53,21 / 22,2476129,2019-09-06 18:57:22:811,-0.6537,-0.4161,9.9885,0.014,0.004,9.8065,0.0535,0.0604,-0.0185,-12.19,-27.5,37.63,311.05,-79.77,154.28
52.41863,-1.559958,163.94,3.23,3,211.53,21 / 22,2476229,2019-09-06 18:57:22:911,-0.3306,0.2988,9.8065,0.0084,0.0042,9.8066,-0.0238,0.0676,-0.0366,-11.75,-27.12,37.38,309.69,-79.73,153.63
52.41863,-1.559958,163.94,3.23,3,211.53,21 / 22,2476329,2019-09-06 18:57:23:011,-0.6229,-0.397,10.0217,0.0127,-0.0155,9.8066,-0.0478,0.0712,-0.0187,-11.81,-27.81,37.75,309.63,-79.68,153.23
52.41863,-1.559958,163.94,3.23,3,211.53,22 / 22,2476429,2019-09-06 18:57:23:111,-0.2095,0.9214,9.5802,0.0141,-0.0183,9.8066,-0.0146,0.0482,-0.0019,-11.56,-27.62,37.44,308.76,-79.51,153.13
52.41863,-1.559958,163.94,3.23,3,211.53,22 / 22,2476528,2019-09-06 18:57:23:210,-0.6572,0.0769,9.7538,-0.0046,0.0055,9.8066,-0.0347,0.0335,-0.0372,-12.25,-26.87,38,309.61,-79.55,153.1
52.41863,-1.559958,163.94,3.23,3,211.53,22 / 22,2476628,2019-09-06 18:57:23:310,-0.7723,0.1984,10.1787,0.004,0.0089,9.8066,-0.013,0.0476,-0.0069,-11.87,-27.37,37.25,308.59,-79.55,152.73
52.41863,-1.559958,163.94,3.23,3,211.53,22 / 22,2476729,2019-09-06 18:57:23:411,-0.1902,0.9611,9.8914,0.0044,0.0007,9.8066,-0.0192,0.0247,0.0043,-12.12,-28.06,36.81,307.93,-79.59,152.31
52.41863,-1.559958,163.94,3.23,3,211.53,22 / 22,2476830,2019-09-06 18:57:23:512,-0.8852,0.5821,9.6338,0.005,-0.0013,9.8066,-0.0369,0.0022,-0.0121,-12.37,-27.69,37.19,307.78,-79.55,152.19
52.41863,-1.559958,163.94,3.23,3,211.53,22 / 22,2476929,2019-09-06 18:57:23:611,-1.0761,0.8676,9.7521,-0.007,0.0115,9.8065,0.0424,0.0219,0.0043,-12.19,-27.12,37.44,308.06,-79.58,152.22
52.41863,-1.559958,163.94,3.23,3,211.53,22 / 22,2477029,2019-09-06 18:57:23:711,-0.6259,0.3636,9.7931,-0.0143,0.0169,9.8065,0.0564,0.0236,0.0062,-11.62,-27.06,37.19,308.41,-79.59,152.54
52.41863,-1.559958,163.94,3.23,3,211.53,22 / 22,2477128,2019-09-06 18:57:23:810,-0.6691,0.1372,9.9997,0.0058,-0.0203,9.8065,0.045,0.0419,0.0192,-12.12,-27.44,37.13,309.47,-79.41,153.63
52.41863,-1.559958,163.94,3.23,3,211.53,22 / 22,2477229,2019-09-06 18:57:23:911,-0.8163,0.3372,9.8526,0.0011,-0.0112,9.8066,-0.0408,0.0113,-0.0141,-12.5,-27.69,37.63,310.22,-79.41,153.95
52.41863,-1.559958,163.94,3.23,3,211.53,22 / 22,2477329,2019-09-06 18:57:24:011,-0.7247,0.4397,9.4844,-0.0077,-0.0025,9.8066,-0.0449,-0.0202,0.0407,-12.44,-26.87,36.94,309.79,-79.39,153.94
52.41863,-1.559958,163.94,3.23,3,211.53,22 / 22,2477428,2019-09-06 18:57:24:110,-0.6303,0.4484,9.9145,0.0017,-0.0051,9.8066,0.0215,0.032,0.0133,-12.69,-27.62,37.69,309.51,-79.45,154.58
52.41863,-1.559958,163.94,3.23,3,211.53,22 / 22,2477529,2019-09-06 18:57:24:211,-0.935,1.3015,9.75,-0.0092,-0.009,9.8065,-0.0583,0.0291,-0.0139,-12.44,-27.87,37,311.07,-79.51,155.24
52.41863,-1.559958,163.94,3.23,3,211.53,22 / 22,2477628,2019-09-06 18:57:24:310,-0.5713,0.7638,9.5502,-0.0037,-0.0115,9.8066,-0.055,0.0272,-0.0141,-12.87,-27.62,37.44,310.29,-79.49,155.89
52.41863,-1.559958,163.94,3.23,3,211.53,22 / 22,2477729,2019-09-06 18:57:24:411,-0.5919,0.7254,9.7536,-0.0068,-0.0062,9.8066,0.0637,0.0033,0.0344,-13,-27.25,37.31,311.02,-79.46,156.36
52.41863,-1.559958,163.94,3.23,3,211.53,22 / 22,2477829,2019-09-06 18:57:24:511,-0.5477,1.1583,9.7391,-0.0063,-0.0006,9.8066,0.0588,0.0555,0.0002,-12.87,-27.31,37.69,312.34,-79.49,156.96
52.41863,-1.559958,163.94,3.23,3,211.53,22 / 22,2477929,2019-09-06 18:57:24:611,-0.5323,0.8027,9.797,0.0027,-0.0232,9.8066,-0.0976,0.0504,-0.0184,-12.94,-27.62,37.56,312.7,-79.5,157.47
52.41863,-1.559958,163.94,3.23,3,211.53,22 / 22,2478028,2019-09-06 18:57:24:710,-0.657,1.3261,9.6683,0.0104,-0.0342,9.8065,-0.1007,0.0626,0.0094,-13.75,-27.37,37.31,311.7,-79.33,158.39
52.41863,-1.559958,163.94,3.23,3,211.53,22 / 22,2478128,2019-09-06 18:57:24:810,-0.4674,0.7304,9.9305,-0.0124,0.0099,9.8066,0.0457,0.0773,0.0083,-13.75,-27.62,37.69,312.7,-79.41,158.83
52.41863,-1.559958,163.94,3.23,3,211.53,22 / 22,2478229,2019-09-06 18:57:24:911,-0.2916,0.8242,9.9396,-0.0072,0.0007,9.8066,0.0108,0.1096,-0.0338,-14.37,-26.75,37.31,312.81,-79.37,159.38
52.41863,-1.559958,163.94,3.23,3,211.53,22 / 22,2478329,2019-09-06 18:57:25:011,-0.3546,0.8182,9.7951,-0.0036,-0.0043,9.8066,0.0216,0.1361,-0.0054,-13.94,-27.44,37.31,313.3,-79.3,159.87
52.41863,-1.559958,163.94,3.23,3,211.53,22 / 22,2478429,2019-09-06 18:57:25:111,0.3974,1.3575,9.6544,-0.0006,0.0029,9.8066,-0.0345,0.1745,-0.0221,-14.62,-27.19,37.25,312.08,-79.23,160.09
52.41863,-1.559958,163.94,3.23,3,211.53,22 / 22,2478528,2019-09-06 18:57:25:210,0.492,1.2525,9.4622,-0.0181,-0.0038,9.8065,0.0476,0.1922,0.0126,-16.06,-27.37,37.06,311.1,-79.19,160.48
52.41863,-1.559958,163.94,3.23,3,211.53,22 / 22,2478628,2019-09-06 18:57:25:310,0.2018,1.4324,9.6943,-0.0266,0.0091,9.8065,0.0155,0.2506,-0.0279,-16.06,-26.87,37.19,312.96,-79.41,162.06
52.41863,-1.559958,163.94,3.23,3,211.53,22 / 22,2478728,2019-09-06 18:57:25:410,0.6684,2.0672,11.1808,-0.001,-0.0574,9.8065,0.1093,0.1918,0.0536,-15.94,-27.06,37.06,315.52,-79.36,164.41
52.41863,-1.559958,163.94,3.23,3,211.53,22 / 22,2478828,2019-09-06 18:57:25:510,0.9047,1.0299,9.6563,0.0077,-0.0229,9.8066,0.1638,0.1331,0.0408,-16.56,-27.19,36.75,315.26,-79.57,165.31
52.41863,-1.559958,163.94,3.23,3,211.53,22 / 22,2478929,2019-09-06 18:57:25:611,-1.5215,0.9715,10.2029,0.0299,-0.0419,9.8065,-0.1845,0.2568,-0.0341,-17,-27.5,36.44,316,-79.28,166.86
52.41863,-1.559958,163.94,3.23,3,211.53,22 / 22,2479028,2019-09-06 18:57:25:710,0.0433,1.7081,9.7318,0.0401,-0.0527,9.8064,-0.0569,0.3227,-0.1239,-17.87,-26.81,36.88,315.03,-78.96,166.65
52.41863,-1.559958,163.94,3.23,3,211.53,22 / 22,2479129,2019-09-06 18:57:25:811,0.7392,-0.6909,9.3569,0.0099,-0.0055,9.8065,0.0799,0.244,-0.012,-17.56,-25.69,37,314.66,-78.63,166.31
52.41863,-1.559958,163.94,3.23,3,211.53,22 / 22,2479229,2019-09-06 18:57:25:911,1.4248,0.2486,9.2458,0.0119,-0.0176,9.8066,0.0339,0.2535,-0.0344,-18,-26.19,36.88,314.86,-78.32,166.66
52.41863,-1.559958,163.94,3.23,3,211.53,22 / 22,2479329,2019-09-06 18:57:26:011,1.2178,0.2544,9.4592,-0.0023,-0.0167,9.8066,-0.0519,0.2753,-0.0035,-18.37,-27.06,36.69,315.2,-78.06,167.32
52.41863,-1.559958,163.94,3.23,3,211.53,22 / 22,2479428,2019-09-06 18:57:26:110,0.348,-0.2533,10.7757,-0.0147,-0.022,9.8065,0.0462,0.2966,0.013,-19.56,-26.62,36.38,313.2,-78.02,168.64
52.41863,-1.559958,163.94,3.23,3,211.53,22 / 22,2479529,2019-09-06 18:57:26:211,0.3958,-0.0586,10.8031,-0.038,-0.001,9.8065,0.099,0.2939,0.0729,-20.06,-27.44,36,314.97,-77.92,170.3
52.41863,-1.559958,163.94,3.23,3,211.53,22 / 22,2479628,2019-09-06 18:57:26:310,-0.0582,0.6581,10.7875,-0.0502,0.002,9.8064,-0.0279,0.351,-0.0686,-20.75,-26.5,35.81,317.44,-78.15,173.33
52.41863,-1.559958,163.94,3.23,3,211.53,22 / 22,2479729,2019-09-06 18:57:26:411,-0.2448,0.6671,10.1917,-0.0051,-0.0071,9.8066,-0.0359,0.3301,-0.0072,-21.31,-27.19,34.94,317.21,-78.4,174
52.41863,-1.559958,163.94,3.23,3,211.53,22 / 22,2479828,2019-09-06 18:57:26:510,-0.3716,1.3202,9.6631,0.0053,-0.0049,9.8066,-0.0102,0.3099,-0.0746,-21.5,-27.56,34.19,316.26,-78.55,174.11
52.41863,-1.559958,163.94,3.23,3,211.53,22 / 22,2479929,2019-09-06 18:57:26:611,0.2728,1.5495,9.5108,0.0021,0.0075,9.8066,-0.0154,0.3216,-0.0801,-22.37,-27.94,34.44,314.47,-78.52,173.65
52.41863,-1.559958,163.94,3.23,3,211.53,22 / 22,2480029,2019-09-06 18:57:26:711,0.2628,1.1813,9.4907,-0.0038,-0.0108,9.8066,-0.0173,0.3179,-0.0269,-22.19,-27.62,33.75,314.6,-78.42,173.83
52.41863,-1.559958,163.94,3.23,3,211.53,22 / 22,2480129,2019-09-06 18:57:26:811,0.3215,0.9071,10.1239,-0.0112,-0.0112,9.8066,0.0887,0.3375,-0.0063,-22.5,-27.62,33.44,314.96,-78.31,175.12
52.41863,-1.559958,163.94,3.23,3,211.53,22 / 22,2480229,2019-09-06 18:57:26:911,-0.1266,0.83,9.8922,-0.0203,-0.0085,9.8065,0.0642,0.317,-0.0121,-22.44,-27.69,33.56,317.28,-78.24,176.33
52.41863,-1.559958,163.94,3.23,3,211.53,22 / 22,2480328,2019-09-06 18:57:27:010,0.0322,0.5512,9.7555,-0.0008,-0.0278,9.8066,-0.0288,0.3023,-0.0002,-23.44,-27.37,32.81,317.15,-78.12,178.09
52.41863,-1.559958,163.94,3.23,3,211.53,22 / 22,2480429,2019-09-06 18:57:27:111,-0.2823,0.481,10.0429,0.0004,-0.0259,9.8065,0.0248,0.2742,-0.002,-24.56,-27.56,32.75,315.69,-78.05,179.14
52.41863,-1.559958,163.94,3.23,3,211.53,22 / 22,2480529,2019-09-06 18:57:27:211,-0.2608,0.1978,10.0066,-0.007,-0.0181,9.8065,-0.0251,0.2533,-0.0388,-24.69,-27.5,32.81,317.07,-78.04,-179.82
52.41863,-1.559958,163.94,3.23,3,211.53,22 / 22,2480629,2019-09-06 18:57:27:311,-0.5704,-0.2066,9.8463,0.0021,-0.016,9.8066,-0.038,0.1889,0.0121,-24.44,-27.56,31.81,318.08,-77.98,-178.78
52.41863,-1.559958,163.94,3.23,3,211.53,22 / 22,2480728,2019-09-06 18:57:27:410,-0.4763,1.162,9.6353,-0.0375,0.0244,9.8065,0.1458,0.1606,-0.0042,-24.87,-26.94,31.94,318.36,-78.15,-177.78
52.41863,-1.559958,163.94,3.23,3,211.53,22 / 22,2480829,2019-09-06 18:57:27:511,-0.0865,-0.4418,10.216,-0.0305,0.0187,9.8066,0.1322,0.1897,-0.0554,-25.37,-26.87,32.44,318.93,-78.1,-177.24
52.41863,-1.559958,163.94,3.23,3,211.53,22 / 22,2480929,2019-09-06 18:57:27:611,0.3103,0.2944,9.8865,0.0179,-0.0399,9.8065,-0.0298,0.1572,-0.0062,-26.44,-27.19,31.75,318.28,-77.69,-176.58
52.41863,-1.559958,163.94,3.23,3,211.53,22 / 22,2481029,2019-09-06 18:57:27:711,-0.1991,-0.2477,9.5854,0.0158,-0.0348,9.8065,0.0067,0.1226,0.0366,-26.06,-27.06,31.56,319.15,-77.57,-175.74
52.41863,-1.559958,163.94,3.23,3,211.53,22 / 22,2481129,2019-09-06 18:57:27:811,-1.2207,-0.6043,9.8459,-0.0271,0.0042,9.8066,0.0404,0.0516,0.0359,-26.25,-26.81,31.81,320.05,-77.45,-174.88
52.41863,-1.559958,163.94,3.23,3,211.53,22 / 22,2481229,2019-09-06 18:57:27:911,-0.952,-0.2629,9.9187,-0.0107,0.0015,9.8066,0.0536,0.0045,0.0115,-26.19,-26.19,32.06,321.38,-77.42,-173.89
52.41863,-1.559958,163.94,3.23,3,211.53,22 / 22,2481329,2019-09-06 18:57:28:011,-1.5345,-0.193,10.0717,-0.0073,0.0005,9.8066,0.0585,-0.0273,0.0041,-26.94,-27.06,32.38,320.63,-77.52,-173.42
52.41863,-1.559958,163.94,3.23,3,211.53,21 / 21,2481428,2019-09-06 18:57:28:110,-0.752,-0.7553,9.8013,-0.0042,0.0096,9.8065,0.0117,-0.0541,0.0176,-26.81,-27.06,31.31,319.6,-77.62,-173.39
52.41863,-1.559958,163.94,3.23,3,211.53,21 / 21,2481529,2019-09-06 18:57:28:211,-0.8582,-0.5977,10.1733,-0.0112,0.0172,9.8066,-0.0851,-0.0972,-0.0064,-26.37,-27,31.56,321.8,-77.88,-173.57
52.41863,-1.559958,163.94,3.23,3,211.53,21 / 21,2481628,2019-09-06 18:57:28:310,-1.2983,-1.0101,9.9471,0.0073,-0.0072,9.8066,0.0211,-0.1543,0.0245,-26.37,-26.87,32.25,321.98,-78.05,-173.49
52.41863,-1.559958,163.94,3.23,3,211.53,21 / 21,2481728,2019-09-06 18:57:28:410,-1.6004,-0.8307,9.7575,0.0097,-0.0098,9.8066,-0.0711,-0.1975,0.0768,-26.31,-26.94,32.06,322.1,-78.14,-173.43
52.41863,-1.559958,163.94,3.23,3,211.53,21 / 21,2481828,2019-09-06 18:57:28:510,-1.7568,-0.6707,9.5122,-0.0027,0.0176,9.8066,-0.0531,-0.1872,0.0072,-25.81,-27.31,32.81,322.9,-78.29,-173.74
52.41863,-1.559958,163.94,3.23,3,211.53,21 / 21,2481929,2019-09-06 18:57:28:611,-2.4691,-0.391,9.7931,0.0118,-0.002,9.8066,-0.0897,-0.2586,-0.0002,-25.62,-27.25,32.5,322.46,-78.31,-174.14
52.41863,-1.559958,163.94,3.23,3,211.53,21 / 21,2482029,2019-09-06 18:57:28:711,-2.8968,-0.9584,9.8177,-0.0061,0.0212,9.8066,0.0067,-0.2903,0.0141,-24.81,-27.37,33.31,323.05,-78.38,-174.67
52.41863,-1.559958,163.94,3.23,3,211.53,21 / 21,2482128,2019-09-06 18:57:28:810,-1.5953,-1.083,9.5175,0.0127,0.0071,9.8066,0.0739,-0.2905,0.0291,-24,-26.69,33.63,323.96,-78.46,-175.86
52.41863,-1.559958,163.94,3.23,3,211.53,21 / 21,2482229,2019-09-06 18:57:28:911,-1.9741,-0.5206,9.8788,0.0101,0.0235,9.8065,-0.025,-0.2899,-0.0143,-24.19,-27.37,34.63,322.91,-78.58,-177.71
52.41863,-1.559958,163.94,3.23,3,211.53,21 / 21,2482328,2019-09-06 18:57:29:010,-2.0879,-0.1299,10.005,0.0062,0.0193,9.8066,0.0207,-0.3288,0.0037,-23.94,-27.62,33.88,320.58,-78.62,-178.77
52.41832,-1.559816,164.65,4.22,3,138.12,22 / 22,2482428,2019-09-06 18:57:29:110,-2.1569,-0.4138,10.0144,0.0084,-0.0033,9.8066,0.0531,-0.3224,0.0535,-23.31,-27.31,35.5,323.01,-78.67,-179.56
52.41832,-1.559816,164.65,4.22,3,138.12,22 / 22,2482529,2019-09-06 18:57:29:211,-2.3164,-0.5111,9.8705,0.0008,0.008,9.8066,-0.0282,-0.3523,0.0724,-21.62,-26.56,35.5,323.81,-78.65,-179.93
52.41832,-1.559816,164.65,4.22,3,138.12,22 / 22,2482628,2019-09-06 18:57:29:310,-2.9838,-0.4131,9.7612,0.0184,0.0004,9.8066,0.0086,-0.3456,0.0009,-22,-26.62,35.81,322.64,-78.71,179
52.41832,-1.559816,164.65,4.22,3,138.12,22 / 22,2482729,2019-09-06 18:57:29:411,-2.463,-0.3374,9.8612,0.0116,0.0063,9.8066,-0.0287,-0.363,0.0572,-21.94,-27.69,36.44,321.6,-78.8,178.19
52.41832,-1.559816,164.65,4.22,3,138.12,22 / 22,2482828,2019-09-06 18:57:29:510,-2.4514,-0.3062,9.7387,0.006,0.0287,9.8066,-0.028,-0.3739,0.0196,-20.19,-26.62,36.44,322.56,-78.99,176.52
52.41832,-1.559816,164.65,4.22,3,138.12,22 / 22,2482929,2019-09-06 18:57:29:611,-1.7035,-0.4676,9.809,0.0013,0.0267,9.8066,0.0611,-0.3594,0.0357,-19.94,-26.62,37.81,322.9,-79.05,175.32
52.41832,-1.559816,164.65,4.22,3,138.12,22 / 22,2483028,2019-09-06 18:57:29:710,-1.7417,-0.5104,9.7735,0.0088,0.0058,9.8066,0.0518,-0.3665,0.0528,-18.12,-26.5,37.25,324.28,-79.09,174.74
52.41832,-1.559816,164.65,4.22,3,138.12,22 / 22,2483129,2019-09-06 18:57:29:811,-1.7941,-0.3838,9.7305,0.0057,0.0089,9.8066,-0.0428,-0.3736,0.0486,-18.5,-26.56,37.06,323.05,-79.19,173.75
52.41832,-1.559816,164.65,4.22,3,138.12,22 / 22,2483230,2019-09-06 18:57:29:912,-2.2985,0.2346,10.0233,-0.0019,0.0107,9.8066,-0.0499,-0.3872,0.0308,-17.5,-26.69,37.44,323.7,-79.39,173.02
52.41832,-1.559816,164.65,4.22,3,138.12,22 / 22,2483329,2019-09-06 18:57:30:011,-1.4433,-1.0249,9.9018,0.0021,0.0034,9.8066,0.0313,-0.3552,0.0598,-16.87,-27,38.25,324.17,-79.42,172.76
52.41832,-1.559816,164.65,4.22,3,138.12,22 / 22,2483429,2019-09-06 18:57:30:111,-1.9997,-0.8306,9.397,0.0036,0.0087,9.8066,-0.0025,-0.3756,0.0617,-15.87,-26.75,38.25,325.13,-79.45,172.37
52.41832,-1.559816,164.65,4.22,3,138.12,22 / 22,2483529,2019-09-06 18:57:30:211,-2.4087,-0.2372,9.3799,0.0144,0.0054,9.8065,-0.0359,-0.373,0.0172,-15.19,-26.5,39.06,326.09,-79.52,171.21
52.41832,-1.559816,164.65,4.22,3,138.12,22 / 22,2483628,2019-09-06 18:57:30:310,-2.2391,0.5526,9.9237,0.0051,0.0234,9.8065,-0.0139,-0.3634,0.0464,-14.75,-26.56,38.25,323.75,-79.67,169.78
52.41832,-1.559816,164.65,4.22,3,138.12,22 / 22,2483729,2019-09-06 18:57:30:411,-1.2979,0.1017,9.7246,0.0098,0.0224,9.8066,-0.0004,-0.3634,0.0032,-14.31,-26.56,39.56,325.1,-79.67,168.6
52.41832,-1.559816,164.65,4.22,3,138.12,22 / 22,2483828,2019-09-06 18:57:30:510,-1.797,-0.5143,9.5823,-0.0039,0.0057,9.8066,0.019,-0.4102,0.0791,-13.19,-26.56,39.06,325.71,-79.68,168.4
52.41832,-1.559816,164.65,4.22,3,138.12,22 / 22,2483929,2019-09-06 18:57:30:611,-2.3554,-0.0377,10.0029,-0.0043,0.0198,9.8065,-0.0183,-0.3968,0.0562,-12.56,-26.31,39.75,326.12,-79.76,168.08
52.41832,-1.559816,164.65,4.22,3,138.12,22 / 22,2484029,2019-09-06 18:57:30:711,-2.3318,0.3082,10.1181,-0.0027,0.0101,9.8066,-0.0288,-0.3854,0.041,-12.06,-26.56,39.31,326.38,-79.93,167.58
52.41832,-1.559816,164.65,4.22,3,138.12,22 / 22,2484129,2019-09-06 18:57:30:811,-2.5566,0.4208,9.7325,0.0018,0.0118,9.8066,-0.034,-0.4117,0.0557,-11.5,-26.5,39.69,328.05,-80.14,167.07
52.41832,-1.559816,164.65,4.22,3,138.12,22 / 22,2484229,2019-09-06 18:57:30:911,-2.6618,0.5503,9.4701,0.0032,0.0238,9.8066,-0.052,-0.4162,0.0213,-11,-26,39.81,326.38,-80.43,165.45
52.41832,-1.559816,164.65,4.22,3,138.12,22 / 22,2484329,2019-09-06 18:57:31:011,-2.5925,0.3719,9.8244,0.005,0.0221,9.8066,-0.0089,-0.4452,0.0325,-9.81,-26,39.81,326.77,-80.54,164.43
52.41832,-1.559816,164.65,4.22,3,138.12,22 / 22,2484428,2019-09-06 18:57:31:110,-2.066,0.1195,9.7018,0.0079,0.0117,9.8066,0.0186,-0.4384,0.0338,-8.81,-26.56,39,325.9,-80.68,162.77
52.41832,-1.559816,164.65,4.22,3,138.12,22 / 22,2484529,2019-09-06 18:57:31:211,-1.8175,0.0797,9.6302,0.016,0.0085,9.8066,-0.0293,-0.4509,0.0145,-8.5,-27.06,38.38,325.53,-80.76,161.4
52.41832,-1.559816,164.65,4.22,3,138.12,22 / 22,2484628,2019-09-06 18:57:31:310,-1.7515,-0.0017,9.3626,0.0037,0.015,9.8066,-0.0471,-0.484,0.0466,-6.75,-26.81,38.19,325.93,-80.86,160.29
52.41832,-1.559816,164.65,4.22,3,138.12,22 / 22,2484728,2019-09-06 18:57:31:410,-1.8054,0.0299,9.594,0.0077,0.0177,9.8065,0.0266,-0.4463,0.0552,-6.5,-26.31,37.44,325.49,-81.02,158.56
52.41832,-1.559816,164.65,4.22,3,138.12,22 / 22,2484829,2019-09-06 18:57:31:511,-1.8768,0.495,9.6142,0.001,0.029,9.8065,0.0018,-0.4587,0.0229,-5.19,-26.56,37.88,325.76,-81.28,157.02
52.41832,-1.559816,164.65,4.22,3,138.12,22 / 22,2484928,2019-09-06 18:57:31:610,-1.9943,0.5618,9.6063,0.001,0.0281,9.8065,0.0102,-0.42,0.0195,-4.62,-27.31,37.94,324.75,-81.45,156.02
52.41832,-1.559816,164.65,4.22,3,138.12,22 / 22,2485029,2019-09-06 18:57:31:711,-1.815,0.4251,10.2775,0.0001,0.0016,9.8066,0.0568,-0.4493,0.085,-4.44,-27.37,37,325.21,-81.63,155.14
52.41832,-1.559816,164.65,4.22,3,138.12,22 / 22,2485129,2019-09-06 18:57:31:811,-1.4898,0.2492,9.8685,0.0017,0.0213,9.8066,-0.0308,-0.4328,0.0251,-2.94,-27.5,36.56,326.02,-81.79,154.27
52.41832,-1.559816,164.65,4.22,3,138.12,22 / 22,2485228,2019-09-06 18:57:31:910,-1.4959,0.4533,9.796,-0.0001,0.0068,9.8066,-0.0008,-0.424,0.0193,-1.81,-27.87,36.06,326.09,-82,153
52.41832,-1.559816,164.65,4.22,3,138.12,22 / 22,2485328,2019-09-06 18:57:32:010,-1.5035,0.2292,9.7763,0.0037,0.0112,9.8066,-0.0253,-0.4162,0.0575,-1.5,-27.19,35.38,326.87,-82.17,152.06
52.41832,-1.559816,164.65,4.22,3,138.12,22 / 22,2485428,2019-09-06 18:57:32:110,-1.6763,0.5431,9.9154,0.0016,0.0206,9.8066,-0.0189,-0.4266,0.0217,-1.12,-26.94,35.81,325.5,-82.41,150.55
52.41832,-1.559816,164.65,4.22,3,138.12,22 / 22,2485529,2019-09-06 18:57:32:211,-1.378,-0.1453,9.6823,-0.0045,0.0161,9.8066,0.0128,-0.4398,0.0449,-0.94,-27,35.13,324.74,-82.56,149.91
52.41832,-1.559816,164.65,4.22,3,138.12,22 / 22,2485628,2019-09-06 18:57:32:310,-1.6658,-0.5602,9.7318,-0.0126,0.014,9.8065,0.019,-0.4568,0.0666,-0.75,-27.81,34.69,324.61,-82.72,149.84
52.41832,-1.559816,164.65,4.22,3,138.12,22 / 22,2485729,2019-09-06 18:57:32:411,-1.6316,-0.064,9.939,-0.0041,0.0188,9.8065,-0.0105,-0.4493,0.025,0.94,-27.31,34.19,328.09,-83.05,149.52
52.41832,-1.559816,164.65,4.22,3,138.12,22 / 22,2485829,2019-09-06 18:57:32:511,-1.7171,0.413,9.745,-0.0022,0.0121,9.8066,0.0024,-0.4633,0.0559,1.5,-27.56,32.75,329.27,-83.28,148.88
52.41832,-1.559816,164.65,4.22,3,138.12,22 / 22,2485929,2019-09-06 18:57:32:611,-1.6988,0.0501,9.586,0.0012,0.0118,9.8066,-0.0192,-0.4759,0.0235,2.69,-28.06,32.63,330.19,-83.43,147.92
52.41832,-1.559816,164.65,4.22,3,138.12,22 / 22,2486028,2019-09-06 18:57:32:710,-2.0344,0.2028,9.7077,-0.0142,0.0132,9.8066,-0.0029,-0.4849,0.0799,2.44,-27.69,32.06,328.57,-83.68,148.03
52.41832,-1.559816,164.65,4.22,3,138.12,22 / 22,2486129,2019-09-06 18:57:32:811,-1.7999,0.3978,9.7371,-0.0056,0.0169,9.8066,-0.0108,-0.4878,0.0437,2.56,-28.06,30.88,330.83,-83.88,148.12
52.41832,-1.559816,164.65,4.22,3,138.12,22 / 22,2486229,2019-09-06 18:57:32:911,-2.0671,0.0743,9.7777,-0.0005,0.0104,9.8065,-0.0372,-0.5303,0.0243,3.5,-27.69,30.25,331.87,-84.03,147.01
52.41832,-1.559816,164.65,4.22,3,138.12,22 / 22,2486329,2019-09-06 18:57:33:011,-1.6243,0.3196,9.6632,-0.0018,0.006,9.8066,0.0051,-0.5251,0.0408,4.63,-28.25,29.31,333.4,-84.2,146.21
52.41832,-1.559816,164.65,4.22,3,138.12,22 / 22,2486428,2019-09-06 18:57:33:110,-1.603,0.842,9.602,0.0004,0.0248,9.8066,-0.0261,-0.5309,0.052,5.63,-28.56,28.56,334.26,-84.4,145.06
52.41832,-1.559816,164.65,4.22,3,138.12,22 / 22,2486529,2019-09-06 18:57:33:211,-1.7784,0.9925,9.8046,-0.0079,0.0206,9.8066,0.0414,-0.5435,0.0613,5.75,-28.37,27.19,335.42,-84.58,145.27
52.41832,-1.559816,164.65,4.22,3,138.12,22 / 22,2486628,2019-09-06 18:57:33:310,-1.8799,0.2484,9.7109,-0.0041,0.0169,9.8066,0.0239,-0.5955,0.0612,6.63,-28.5,25.75,337.81,-84.86,144.85
52.41832,-1.559816,164.65,4.22,3,138.12,22 / 22,2486728,2019-09-06 18:57:33:410,-2.1276,0.644,9.6526,-0.0092,0.0176,9.8066,-0.039,-0.6122,0.0301,6.06,-28.69,25.06,336.25,-85.06,145.08
52.41832,-1.559816,164.65,4.22,3,138.12,22 / 22,2486828,2019-09-06 18:57:33:510,-1.8775,0.6216,9.51,-0.0065,0.004,9.8066,0.0111,-0.6123,0.0501,6.06,-28.31,23.31,337.85,-85.29,145.39
52.41832,-1.559816,164.65,4.22,3,138.12,22 / 22,2486929,2019-09-06 18:57:33:611,-1.5607,1.0635,9.8095,-0.0062,0.008,9.8066,-0.0559,-0.6257,0.0556,7.56,-28.75,21.69,343.88,-85.53,145.48
52.41832,-1.559816,164.65,4.22,3,138.12,22 / 22,2487028,2019-09-06 18:57:33:710,-1.6837,1.5004,10.0134,0.0003,0.0265,9.8065,-0.0621,-0.6097,0.0303,7.56,-29.19,21.06,344.37,-85.87,144.99
52.41832,-1.559816,164.65,4.22,3,138.12,22 / 22,2487129,2019-09-06 18:57:33:811,-1.308,1.4079,9.83,-0.0007,0.0197,9.8066,0.0754,-0.6009,0.0819,7.88,-29.56,19.5,345.94,-85.96,145.54
52.41832,-1.559816,164.65,4.22,3,138.12,22 / 22,2487228,2019-09-06 18:57:33:910,-1.7056,0.9358,9.787,-0.0063,0.003,9.8066,0.0466,-0.6202,0.0624,7.5,-29.37,17.5,349.74,-86.07,146.83
52.41832,-1.559816,164.65,4.22,3,138.12,22 / 22,2487328,2019-09-06 18:57:34:010,-1.8289,0.6377,9.6574,-0.0115,0.0061,9.8066,0.0072,-0.6624,0.0686,7.69,-29.56,16.63,352.56,-86.17,148.16
52.41832,-1.559816,164.65,4.22,3,138.12,22 / 22,2487430,2019-09-06 18:57:34:112,-0.8375,1.1366,9.8366,-0.0193,0.0116,9.8066,0.0948,-0.6659,0.1545,7.94,-29.81,16.06,356.05,-86.27,149.93
52.41832,-1.559816,164.65,4.22,3,138.12,22 / 22,2487529,2019-09-06 18:57:34:211,-1.943,1.109,9.8502,-0.0119,0.0133,9.8066,0.0519,-0.6521,0.0755,7.5,-29.87,14.69,3.31,-86.42,154.87
52.41832,-1.559816,164.65,4.22,3,138.12,22 / 22,2487628,2019-09-06 18:57:34:310,-1.0844,1.6404,9.7965,-0.0169,0.0091,9.8066,-0.01,-0.6473,0.0389,7.06,-30.31,12.69,9.37,-86.54,159.9
52.41832,-1.559816,164.65,4.22,3,138.12,22 / 22,2487728,2019-09-06 18:57:34:410,-1.5585,1.6854,9.8729,-0.013,0.0156,9.8066,0.0202,-0.674,0.086,7.25,-30.87,11.31,18.88,-86.63,163.78
52.41832,-1.559816,164.65,4.22,3,138.12,22 / 22,2487829,2019-09-06 18:57:34:511,-1.1154,1.7072,9.3293,0.0039,0.0141,9.8066,-0.0872,-0.6779,0.0427,6.94,-30.69,9.94,23.68,-86.77,165.36
52.41832,-1.559816,164.65,4.22,3,138.12,22 / 22,2487929,2019-09-06 18:57:34:611,-0.9038,1.8849,9.638,0.0034,0.0076,9.8066,0.0534,-0.694,0.0396,7.06,-30.37,8,31.84,-86.8,165.85
52.41832,-1.559816,164.65,4.22,3,138.12,22 / 22,2488029,2019-09-06 18:57:34:711,-1.0301,1.3692,9.9001,0.0002,0.0098,9.8066,-0.0219,-0.699,0.0637,6.44,-31.12,6.94,32.08,-86.89,165.87
52.41832,-1.559816,164.65,4.22,3,138.12,22 / 22,2488129,2019-09-06 18:57:34:811,-1.2859,1.4193,10.1378,-0.015,0.0085,9.8066,-0.0298,-0.7138,0.0685,5.38,-31.87,5,44.65,-86.95,169.86
52.41832,-1.559816,164.65,4.22,3,138.12,22 / 22,2488228,2019-09-06 18:57:34:910,0.292,2.2213,10.0361,0.0012,0.0284,9.8065,-0.0394,-0.692,0.0765,5.25,-31.37,4.13,59.65,-87.05,175.86
52.41832,-1.559816,164.65,4.22,3,138.12,22 / 22,2488328,2019-09-06 18:57:35:010,0.5863,1.7279,9.9034,0.0135,0.0262,9.8066,0.0643,-0.6638,0.1103,4.38,-31.62,2.88,72.18,-87.08,-179.06
52.41832,-1.559816,164.65,4.22,3,138.12,22 / 22,2488428,2019-09-06 18:57:35:110,-0.5538,1.8513,9.4137,-0.0233,0.0249,9.8065,0.0076,-0.6496,0.0961,3.69,-32.06,2.06,95.17,-87.01,-170.14
52.41832,-1.559816,164.65,4.22,3,138.12,22 / 22,2488529,2019-09-06 18:57:35:211,0.5738,2.0299,8.7047,-0.005,0.017,9.8065,-0.0987,-0.6082,0.0633,1.63,-32.37,0.56,119.29,-86.97,-165.52
52.41832,-1.559816,164.65,4.22,3,138.12,22 / 22,2488628,2019-09-06 18:57:35:310,3.4503,-0.2101,10.2346,0.0234,-0.0639,9.8063,-0.2355,-0.5895,-0.0136,1.25,-31.69,-0.37,153.33,-86.99,-165.54
52.41832,-1.559816,164.65,4.22,3,138.12,22 / 22,2488729,2019-09-06 18:57:35:411,0.4585,-0.1052,11.7801,-0.0085,-0.1138,9.806,0.2664,-0.4544,-0.2252,1.94,-31.37,-2,146.78,-87.68,177.73
52.41832,-1.559816,164.65,4.22,3,138.12,22 / 22,2488829,2019-09-06 18:57:35:511,0.7294,1.5695,10.7195,-0.0236,0.0934,9.8062,-0.3536,-0.5039,0.212,1.13,-31.5,-2.12,162.85,-87.07,177.36
52.41832,-1.559816,164.65,4.22,3,138.12,22 / 22,2488929,2019-09-06 18:57:35:611,-0.0493,1.0663,9.4299,0.0089,0.0085,9.8065,-0.0509,-0.4811,0.0573,-0.12,-31.94,-2,182.26,-87.21,-175.98
52.41832,-1.559816,164.65,4.22,3,138.12,22 / 22,2489029,2019-09-06 18:57:35:711,0.8575,-0.4764,9.2364,0.0455,0.0499,9.8064,0.0146,-0.4628,0.0448,-0.81,-31.62,-3.56,197.17,-86.85,-169.66
52.41832,-1.559816,164.65,4.22,3,138.12,22 / 22,2489128,2019-09-06 18:57:35:810,1.2655,-1.4537,9.384,0.0334,0.0155,9.8065,-0.1279,-0.4506,0.0938,-2.25,-31.69,-3.87,213.08,-86.94,-161.47
52.41832,-1.559816,164.65,4.22,3,138.12,22 / 22,2489229,2019-09-06 18:57:35:911,0.7642,-1.3519,9.7717,-0.018,-0.0112,9.8066,-0.1004,-0.3417,-0.0312,-3,-31.87,-3.81,226.14,-87.08,-157.17
52.41832,-1.559816,164.65,4.22,3,138.12,22 / 22,2489329,2019-09-06 18:57:36:011,-0.0582,-1.0305,10.3269,-0.0065,-0.0003,9.8066,0.0557,-0.381,0.0023,-3.56,-31.69,-3.56,233.37,-87.31,-159.34
52.41832,-1.559816,164.65,4.22,3,138.12,22 / 22,2489429,2019-09-06 18:57:36:111,0.4402,0.0344,10.2228,-0.0179,-0.0098,9.8066,-0.0262,-0.4187,0.0189,-4,-31.81,-4,231.58,-87.36,-161.68
52.41832,-1.559816,164.65,4.22,3,138.12,22 / 22,2489529,2019-09-06 18:57:36:211,0.0246,-0.6831,9.7071,-0.0272,-0.0206,9.8066,0.0576,-0.2848,-0.006,-4.62,-31.25,-5.62,227.5,-87.67,-165.49
52.41832,-1.559816,164.65,4.22,3,138.12,22 / 22,2489629,2019-09-06 18:57:36:311,0.2896,-1.0603,10.1752,-0.0036,-0.0046,9.8066,0.0345,-0.336,0.0396,-5.12,-30.62,-5.06,233.91,-87.73,-163.05
52.41832,-1.559816,164.65,4.22,3,138.12,22 / 22,2489728,2019-09-06 18:57:36:410,0.4463,-1.07,9.8869,0.0093,-0.0061,9.8066,-0.0596,-0.2956,0.04,-5.81,-30.75,-5.56,238.46,-87.84,-159.83
52.41832,-1.559816,164.65,4.22,3,138.12,22 / 22,2489829,2019-09-06 18:57:36:511,-1.0338,-1.8074,9.935,0.0055,-0.003,9.8066,-0.0257,-0.2772,0.0361,-6.44,-31.06,-5.87,242.65,-87.76,-155.09
52.41832,-1.559816,164.65,4.22,3,138.12,22 / 22,2489928,2019-09-06 18:57:36:610,-0.8461,-1.6066,9.6959,0.0008,0.0051,9.8066,0.0265,-0.2361,-0.0194,-7.31,-30.94,-5.81,247.79,-87.81,-154.79
52.41832,-1.559816,164.65,4.22,3,138.12,22 / 22,2490028,2019-09-06 18:57:36:710,-0.5354,-1.2254,9.4202,-0.0073,0.0024,9.8066,0.0013,-0.2438,0.0028,-7.06,-31.81,-6.75,242.96,-87.72,-155.48
52.41832,-1.559816,164.65,4.22,3,138.12,22 / 22,2490129,2019-09-06 18:57:36:811,-0.6634,-1.2565,10.0603,-0.0088,0.0012,9.8066,0.0131,-0.2262,0.0034,-7.31,-30.56,-6.69,240.45,-87.78,-158.51
52.41832,-1.559816,164.65,4.22,3,138.12,22 / 22,2490229,2019-09-06 18:57:36:911,-1.2838,-1.937,10.4774,0.0059,0.0058,9.8066,-0.0075,-0.1664,0.0043,-7.81,-30.37,-6.75,242.22,-87.73,-160.94
52.41832,-1.559816,164.65,4.22,3,138.12,22 / 22,2490329,2019-09-06 18:57:37:011,-1.3375,-0.921,10.0654,-0.0001,0.0053,9.8066,-0.0153,-0.1677,-0.0237,-8.19,-30.12,-6.19,245.32,-87.7,-161.55
52.41832,-1.559816,164.65,4.22,3,138.12,22 / 22,2490428,2019-09-06 18:57:37:110,-1.5721,-1.4572,9.7961,0.0077,-0.0014,9.8066,-0.0044,-0.1626,0.0146,-8.69,-31,-6.25,247.65,-87.65,-162.44
52.41832,-1.559816,164.65,4.22,3,138.12,22 / 22,2490529,2019-09-06 18:57:37:211,-1.373,-1.3575,10.0027,0.0041,0.0042,9.8066,0.0057,-0.1248,0.0177,-9.37,-30.75,-6.56,243.89,-87.59,-162.38
52.41832,-1.559816,164.65,4.22,3,138.12,22 / 22,2490628,2019-09-06 18:57:37:310,-1.3124,-1.4328,9.8882,0.0016,0.0009,9.8066,0.0163,-0.1494,0.0194,-9.06,-30.75,-6.69,243.82,-87.62,-162.49
52.41832,-1.559816,164.65,4.22,3,138.12,22 / 22,2490729,2019-09-06 18:57:37:411,-1.3127,-1.0355,9.9599,-0.0008,0.0028,9.8066,-0.0055,-0.1085,-0.0281,-9.19,-31.06,-6.37,246.77,-87.56,-163.13
52.41832,-1.559816,164.65,4.22,3,138.12,22 / 22,2490829,2019-09-06 18:57:37:511,-1.3035,-0.6575,9.7429,0.0044,-0.0052,9.8066,-0.0162,-0.1061,0.0352,-9.31,-30.62,-6.25,247.31,-87.53,-162.47
52.41832,-1.559816,164.65,4.22,3,138.12,22 / 22,2490929,2019-09-06 18:57:37:611,-1.3558,-1.651,9.9223,0.0003,-0.0038,9.8066,-0.0262,-0.102,0.0094,-10.06,-31.06,-6.56,247.73,-87.52,-161.44
52.41832,-1.559816,164.65,4.22,3,138.12,22 / 22,2491028,2019-09-06 18:57:37:710,-1.6263,-1.5277,9.7949,-0.0028,0.0029,9.8066,-0.0274,-0.08,-0.0243,-10.37,-30.25,-6.5,250.58,-87.48,-162.34
52.41832,-1.559816,164.65,4.22,3,138.12,22 / 22,2491129,2019-09-06 18:57:37:811,-1.5904,-0.8711,9.8577,0.0001,-0.0031,9.8066,0.0157,-0.0808,0.0327,-9.87,-30.56,-6.06,249.78,-87.47,-162.96
52.41832,-1.559816,164.65,4.22,3,138.12,22 / 22,2491229,2019-09-06 18:57:37:911,-1.2338,-0.4202,9.9588,0.0021,0.0061,9.8066,-0.0001,-0.0699,0.0013,-10.06,-30.75,-6.44,248.25,-87.41,-164.4
52.41832,-1.559816,164.65,4.22,3,138.12,22 / 22,2491330,2019-09-06 18:57:38:012,-1.3392,-1.1001,9.8966,0.0098,0.0062,9.8066,-0.0082,-0.0577,0.012,-10.56,-30.94,-6.25,250.57,-87.36,-164.66
52.41829,-1.55994,164.94,1.26,3,354.46,22 / 22,2491429,2019-09-06 18:57:38:111,-1.2789,-1.0195,9.7657,0.006,0.0029,9.8066,0.0076,-0.0534,0.004,-10.75,-31.31,-6,251.01,-87.34,-164.16
52.41829,-1.55994,164.94,1.26,3,354.46,22 / 22,2491528,2019-09-06 18:57:38:210,-0.7812,-0.4976,9.7537,-0.0004,-0.0015,9.8066,0.0282,-0.0542,0.0097,-10.94,-30.94,-7.12,247.67,-87.31,-163.95
52.41829,-1.55994,164.94,1.26,3,354.46,22 / 22,2491628,2019-09-06 18:57:38:310,-0.8752,-0.5804,9.8667,-0.0038,-0.0015,9.8066,0.0124,-0.0586,-0.0086,-10.69,-30.81,-6.75,247.54,-87.29,-164.03
52.41829,-1.55994,164.94,1.26,3,354.46,22 / 22,2491729,2019-09-06 18:57:38:411,-1.0099,-0.6675,9.9737,0.0048,0.0053,9.8066,-0.0167,-0.0478,0.0061,-10.62,-31.44,-6.31,250.53,-87.28,-164.51
52.41829,-1.55994,164.94,1.26,3,354.46,22 / 22,2491829,2019-09-06 18:57:38:511,-1.12,-0.6176,9.9171,0.0008,-0.0004,9.8066,-0.0154,-0.0336,-0.002,-10.81,-31.12,-6.44,249.91,-87.24,-165.08
52.41829,-1.55994,164.94,1.26,3,354.46,22 / 22,2491929,2019-09-06 18:57:38:611,-0.7787,-0.5713,9.8891,0.004,0.0056,9.8066,-0.007,-0.0257,0.0266,-10.44,-30.44,-6.5,247.11,-87.18,-165.25
52.41829,-1.55994,164.94,1.26,3,354.46,22 / 22,2492028,2019-09-06 18:57:38:710,-0.9342,-0.7026,9.8378,0.0032,-0.0025,9.8066,0.0142,-0.0281,0.0146,-11.44,-31,-6.62,246.78,-87.18,-164.6
52.41829,-1.55994,164.94,1.26,3,354.46,22 / 22,2492129,2019-09-06 18:57:38:811,-0.9493,-0.6834,9.9217,0.0031,0.0003,9.8066,-0.0071,-0.0272,0,-10.81,-30.81,-6.62,247.59,-87.14,-163.65
52.41829,-1.55994,164.94,1.26,3,354.46,22 / 22,2492229,2019-09-06 18:57:38:911,-0.5876,-0.5936,9.7486,0.0019,0,9.8066,0.0101,-0.0122,0.028,-10.81,-30.56,-6.5,251.54,-87.14,-163.15
52.41829,-1.55994,164.94,1.26,3,354.46,22 / 22,2492328,2019-09-06 18:57:39:010,-1.0351,-0.674,9.9004,-0.0009,-0.0058,9.8066,0.0209,-0.018,-0.0102,-10.5,-30.81,-6.44,249.22,-87.13,-162.69
52.41829,-1.55994,164.94,1.26,3,354.46,22 / 22,2492429,2019-09-06 18:57:39:111,-1.0569,-0.584,9.8464,-0.002,-0.002,9.8066,-0.0096,-0.0235,0.0051,-10.44,-30.94,-6.44,249.99,-87.13,-161.88
52.41829,-1.55994,164.94,1.26,3,354.46,22 / 22,2492529,2019-09-06 18:57:39:211,-1.2434,-0.6291,9.8646,-0.0004,-0.0016,9.8066,0.0101,-0.0198,0.0069,-10.5,-30.31,-5.69,250.21,-87.13,-161.88
52.41829,-1.55994,164.94,1.26,3,354.46,22 / 22,2492628,2019-09-06 18:57:39:310,-1.2539,-0.8312,10.0734,0.0047,-0.0021,9.8066,-0.0166,-0.0379,-0.0114,-10.94,-30.56,-6.69,249.97,-87.11,-161.11
52.41829,-1.55994,164.94,1.26,3,354.46,22 / 22,2492728,2019-09-06 18:57:39:410,-0.7531,-0.5592,9.7749,-0.0026,-0.003,9.8066,0.009,-0.015,0.0143,-10.12,-30.19,-6.87,247.99,-87.11,-160.45
52.41829,-1.55994,164.94,1.26,3,354.46,22 / 22,2492828,2019-09-06 18:57:39:510,-0.9477,-0.7449,9.896,0.0015,-0.0032,9.8066,0.0084,-0.0057,0.0194,-10.56,-30.69,-6.69,251.35,-87.11,-159.67
52.41829,-1.55994,164.94,1.26,3,354.46,22 / 22,2492928,2019-09-06 18:57:39:610,-0.7539,-0.7062,9.8676,0.0027,-0.0016,9.8066,0.0118,-0.0028,-0.0084,-10.25,-30.25,-6.25,252.93,-87.11,-159
52.41829,-1.55994,164.94,1.26,3,354.46,22 / 22,2493029,2019-09-06 18:57:39:711,-0.7048,-0.4097,9.7837,0,-0.0018,9.8066,-0.0021,-0.0221,-0.0034,-10.62,-30.37,-6.75,252.8,-87.07,-158.29
52.41829,-1.55994,164.94,1.26,3,354.46,22 / 22,2493129,2019-09-06 18:57:39:811,-0.7555,-0.4068,9.7577,-0.0008,-0.0024,9.8066,0.0023,-0.0032,0.0087,-10.81,-30.25,-6.19,257.07,-87.08,-157.51
52.41829,-1.55994,164.94,1.26,3,354.46,22 / 22,2493229,2019-09-06 18:57:39:911,-0.6855,-0.4188,9.7928,0.0007,-0.0033,9.8066,0.0112,-0.0204,0.0078,-10.44,-30.31,-6.62,251.38,-87.1,-156.87
52.41829,-1.55994,164.94,1.26,3,354.46,22 / 22,2493328,2019-09-06 18:57:40:010,-0.7498,-0.3433,9.8843,-0.0006,-0.0029,9.8066,0.011,-0.0021,-0.0013,-10.87,-30.5,-6.44,258.4,-87.09,-156.17
52.41829,-1.55994,164.94,1.26,3,354.46,21 / 22,2493428,2019-09-06 18:57:40:110,-0.9255,-0.6516,9.8495,-0.0009,-0.0042,9.8066,-0.0017,-0.0103,0.0004,-10.37,-30.19,-6.87,253.03,-87.1,-155.17
52.41829,-1.55994,164.94,1.26,3,354.46,21 / 22,2493529,2019-09-06 18:57:40:211,-0.6356,-0.3015,9.9414,-0.0007,-0.0033,9.8066,0.0036,-0.0033,0.0007,-10.19,-30.5,-6.37,257.58,-87.11,-154.19
52.41829,-1.55994,164.94,1.26,3,354.46,21 / 22,2493628,2019-09-06 18:57:40:310,-0.2805,-0.089,10.0846,0.0006,-0.0023,9.8066,0.034,-0.0063,0.0096,-10.44,-30.5,-6.69,254.59,-87.12,-153.61
52.41829,-1.55994,164.94,1.26,3,354.46,21 / 22,2493728,2019-09-06 18:57:40:410,-0.4417,-0.2951,9.9156,0.0056,0,9.8066,-0.0118,-0.0012,-0.0031,-10.31,-30.06,-6.5,259.04,-87.08,-152.62
52.41829,-1.55994,164.94,1.26,3,354.46,21 / 22,2493829,2019-09-06 18:57:40:511,-0.4235,-0.2425,9.7867,0.002,-0.0018,9.8066,-0.0164,-0.0126,-0.0044,-10.69,-30.75,-6.87,259.01,-87.09,-151.73
52.41829,-1.55994,164.94,1.26,3,354.46,21 / 22,2493929,2019-09-06 18:57:40:611,-0.3831,-0.1477,9.8383,-0.0028,-0.0043,9.8066,0.0111,0.0076,0.0138,-10.75,-30.56,-6.5,263.17,-87.1,-151.09
52.41829,-1.55994,164.94,1.26,3,354.46,21 / 22,2494028,2019-09-06 18:57:40:710,-0.3373,-0.1945,9.7645,-0.003,-0.0053,9.8066,0.0303,0.0009,0.0103,-10.31,-30.37,-6.62,258.19,-87.14,-149.91
52.41829,-1.55994,164.94,1.26,3,354.46,21 / 22,2494128,2019-09-06 18:57:40:810,-0.3627,-0.0707,9.7858,-0.0012,-0.0038,9.8066,0.0087,-0.0073,-0.0007,-10.19,-30.75,-7.06,259.09,-87.13,-148.75
52.41829,-1.55994,164.94,1.26,3,354.46,21 / 22,2494228,2019-09-06 18:57:40:910,-0.2356,-0.0219,9.6962,0.0015,-0.0028,9.8066,0.0027,-0.0155,-0.0076,-10.56,-30.81,-6.56,262.8,-87.13,-147.94
52.41829,-1.55994,164.94,1.26,3,354.46,21 / 22,2494328,2019-09-06 18:57:41:010,-0.4532,-0.1857,9.8001,-0.0031,-0.0048,9.8066,0.0146,-0.0038,0.018,-10.31,-30.31,-7.31,260.53,-87.13,-147.51
52.41829,-1.55994,164.94,1.26,3,354.46,21 / 21,2494429,2019-09-06 18:57:41:111,-0.4828,-0.0929,9.8785,-0.0008,-0.0014,9.8066,0.0133,-0.003,-0.001,-10.44,-30.62,-6,265.33,-87.14,-146.11
52.41829,-1.55994,164.94,1.26,3,354.46,21 / 21,2494528,2019-09-06 18:57:41:210,-0.4194,-0.09,9.8526,-0.0014,-0.0045,9.8066,0.0151,-0.0132,-0.0034,-10.69,-30,-6.81,265.76,-87.16,-145.25
52.41829,-1.55994,164.94,1.26,3,354.46,21 / 21,2494629,2019-09-06 18:57:41:311,-0.466,-0.2032,9.8398,-0.0001,-0.003,9.8066,0.0054,-0.0119,-0.0077,-10.12,-30.31,-6.81,263.54,-87.18,-144.56
52.41829,-1.55994,164.94,1.26,3,354.46,21 / 21,2494729,2019-09-06 18:57:41:411,-0.3906,-0.0663,9.8892,0.0022,-0.0042,9.8066,0.0097,0.0023,0.0152,-10.19,-30.56,-6,268.51,-87.18,-143
52.41829,-1.55994,164.94,1.26,3,354.46,21 / 21,2494829,2019-09-06 18:57:41:511,-0.4689,-0.1927,9.8995,-0.0023,-0.0029,9.8066,0.0071,-0.003,0.0109,-10.06,-30.5,-6.12,269.95,-87.18,-141.82
52.41829,-1.55994,164.94,1.26,3,354.46,21 / 21,2494928,2019-09-06 18:57:41:610,-0.5883,-0.3267,9.893,-0.0027,-0.005,9.8066,-0.0026,-0.0205,-0.0109,-10.44,-30.25,-6.69,267.29,-87.22,-140.87
52.41829,-1.55994,164.94,1.26,3,354.46,21 / 21,2495029,2019-09-06 18:57:41:711,-0.2372,0.04,9.8529,0.001,-0.0032,9.8066,0.0095,-0.0006,0.0016,-10.25,-30.31,-6.75,268.49,-87.21,-139.63
52.41829,-1.55994,164.94,1.26,3,354.46,21 / 21,2495129,2019-09-06 18:57:41:811,-0.3088,-0.0798,9.7245,-0.001,-0.004,9.8066,0.0239,-0.0013,0.0122,-10.25,-30.5,-6.12,273.41,-87.23,-138.48
52.41829,-1.55994,164.94,1.26,3,354.46,21 / 21,2495228,2019-09-06 18:57:41:910,-0.2468,0.0053,9.7741,-0.0024,-0.0016,9.8066,0.016,0.0054,-0.0001,-10.44,-30.5,-6.75,270.32,-87.23,-137.86
52.41829,-1.55994,164.94,1.26,3,354.46,21 / 21,2495329,2019-09-06 18:57:42:011,-0.1626,0.1161,9.706,-0.0003,-0.0033,9.8066,-0.0236,-0.0152,-0.0109,-10.56,-30.19,-6.37,278.21,-87.27,-136.67
52.41829,-1.55994,164.94,1.26,3,354.46,21 / 21,2495428,2019-09-06 18:57:42:110,-0.1074,0.0819,9.7571,0.0005,-0.0042,9.8066,0.0209,-0.0046,0.0148,-10.87,-30.25,-6.62,276.31,-87.27,-134.95
52.41829,-1.55994,164.94,1.26,3,354.46,21 / 21,2495529,2019-09-06 18:57:42:211,0.2179,0.5044,9.8471,0.0043,-0.0002,9.8066,0.0095,-0.0161,0.0069,-10.56,-30.5,-6.19,280.71,-87.26,-134.2
52.41829,-1.55994,164.94,1.26,3,354.46,21 / 21,2495628,2019-09-06 18:57:42:310,0.2057,0.4743,9.7606,0.0009,-0.0017,9.8066,-0.0166,-0.0278,-0.0194,-10.75,-30.12,-6.5,281.04,-87.25,-133.86
52.41829,-1.55994,164.94,1.26,3,354.46,21 / 21,2495729,2019-09-06 18:57:42:411,0.079,0.2697,9.7934,0.0051,-0.0007,9.8066,0.0277,0.005,0.0147,-10.56,-30.5,-6.25,281.1,-87.2,-133.67
52.41829,-1.55994,164.94,1.26,3,354.46,21 / 21,2495829,2019-09-06 18:57:42:511,0.491,0.672,9.7922,-0.0025,-0.0035,9.8066,0.0243,-0.0155,0.0213,-10.81,-30.19,-6.62,278.08,-87.16,-132.96
52.41829,-1.55994,164.94,1.26,3,354.46,21 / 21,2495929,2019-09-06 18:57:42:611,0.3427,0.4975,9.8981,-0.0044,-0.0038,9.8066,-0.003,-0.0085,-0.0068,-10.62,-30.31,-6.44,282.57,-87.2,-132.24
52.41829,-1.55994,164.94,1.26,3,354.46,21 / 21,2496028,2019-09-06 18:57:42:710,0.213,0.3972,9.9136,-0.0015,-0.0049,9.8066,-0.0172,-0.0106,0.0025,-10.37,-30.19,-6,281.3,-87.21,-130.66
52.41829,-1.55994,164.94,1.26,3,354.46,21 / 21,2496129,2019-09-06 18:57:42:811,0.5852,0.6689,9.6681,0.0016,-0.0007,9.8066,0.0293,-0.0172,0.0225,-10.19,-30.25,-6.19,281.78,-87.2,-130.16
52.41829,-1.55994,164.94,1.26,3,354.46,21 / 21,2496229,2019-09-06 18:57:42:911,0.4183,0.5899,9.8171,-0.0038,-0.0039,9.8066,0.0057,-0.023,0.0012,-10.44,-29.75,-6.44,282.65,-87.2,-129.32
52.41829,-1.55994,164.94,1.26,3,354.46,21 / 21,2496329,2019-09-06 18:57:43:011,0.5321,0.6144,9.9111,-0.002,-0.0031,9.8066,0.0019,-0.0287,-0.0006,-10.87,-29.81,-5.81,286.99,-87.22,-128.01
52.41829,-1.55994,164.94,1.26,3,354.46,21 / 21,2496428,2019-09-06 18:57:43:110,0.4672,0.5727,9.9377,0.0004,-0.0013,9.8066,0.0083,-0.0206,-0.0007,-10.75,-30.81,-6.37,287.98,-87.23,-126.86
52.41829,-1.55994,164.94,1.26,3,354.46,21 / 21,2496529,2019-09-06 18:57:43:211,0.7277,0.6086,9.9238,-0.0003,0.0014,9.8066,-0.015,-0.0143,-0.0023,-10.94,-30.44,-5.69,289.02,-87.26,-126.13
52.41829,-1.55994,164.94,1.26,3,354.46,21 / 21,2496629,2019-09-06 18:57:43:311,0.468,0.5373,9.735,-0.0107,-0.0042,9.8066,-0.0154,-0.019,-0.0026,-11.06,-30.37,-5.69,290.77,-87.36,-124.68
52.41829,-1.55994,164.94,1.26,3,354.46,21 / 21,2496728,2019-09-06 18:57:43:410,0.7324,0.6649,9.6856,-0.0061,-0.0016,9.8066,-0.0003,-0.0092,-0.0049,-11.12,-30.81,-6.25,290.75,-87.41,-124.6
52.41829,-1.55994,164.94,1.26,3,354.46,21 / 21,2496829,2019-09-06 18:57:43:511,0.0856,0.6044,9.929,0.0043,0.0037,9.8066,0.0051,-0.026,0.0096,-11.12,-30.44,-6.19,291.01,-87.4,-124.53
52.41829,-1.55994,164.94,1.26,3,354.46,21 / 21,2496929,2019-09-06 18:57:43:611,0.1588,0.5393,9.828,-0.0014,-0.0004,9.8066,0.0018,-0.038,-0.0113,-10.75,-30.31,-6.94,288.33,-87.44,-123.59
52.41829,-1.55994,164.94,1.26,3,354.46,21 / 21,2497029,2019-09-06 18:57:43:711,0.3882,0.4924,9.5728,-0.0058,-0.0067,9.8066,0.0076,-0.0594,-0.0019,-10.69,-30.69,-6.37,292.93,-87.45,-122.6
52.41829,-1.55994,164.94,1.26,3,354.46,21 / 21,2497129,2019-09-06 18:57:43:811,0.3861,0.3592,9.6713,-0.0066,-0.0054,9.8066,0.0027,-0.031,-0.01,-11.19,-30.87,-6.25,295.92,-87.5,-119.87
52.41829,-1.55994,164.94,1.26,3,354.46,21 / 21,2497229,2019-09-06 18:57:43:911,0.1368,0.481,9.8481,0.0032,-0.0007,9.8066,0.0038,-0.0138,0.0144,-11.25,-30.81,-6.62,292.67,-87.47,-119.29
52.41829,-1.55994,164.94,1.26,3,354.46,21 / 21,2497329,2019-09-06 18:57:44:011,0.6926,0.632,9.7021,-0.0001,-0.0025,9.8066,-0.0027,-0.0272,0.0248,-10.62,-30.31,-6.25,297.52,-87.48,-118.49
52.41829,-1.55994,164.94,1.26,3,354.46,21 / 21,2497429,2019-09-06 18:57:44:111,0.2561,0.749,9.912,-0.0058,-0.0108,9.8066,-0.0154,-0.0081,0.0098,-10.87,-29.87,-6.5,297.53,-87.41,-118.33
52.41829,-1.55994,164.94,1.26,3,354.46,21 / 21,2497528,2019-09-06 18:57:44:210,1.0297,1.1488,9.8452,-0.0052,-0.0133,9.8066,0.0691,-0.0304,0.0139,-11.37,-30.06,-6.06,299.87,-87.32,-115.92
52.41829,-1.55994,164.94,1.26,3,354.46,21 / 21,2497629,2019-09-06 18:57:44:311,0.7541,0.4759,9.7518,0.0171,0.0021,9.8066,0.0842,-0.0365,0.0177,-11.31,-30,-5.75,297.17,-87.15,-118.11
52.41829,-1.55994,164.94,1.26,3,354.46,21 / 21,2497728,2019-09-06 18:57:44:410,1.2786,1.115,9.745,0.0008,0.0037,9.8066,-0.0186,-0.0475,-0.0096,-11.94,-30.37,-5.94,299.94,-87.15,-117.94
52.41829,-1.55994,164.94,1.26,3,354.46,21 / 21,2497828,2019-09-06 18:57:44:510,1.6094,1.1935,9.7694,0.0053,0.0032,9.8065,0.0124,-0.0208,-0.0116,-12.25,-30.75,-6,298.42,-87.14,-119.15
52.41829,-1.55994,164.94,1.26,3,354.46,21 / 21,2497929,2019-09-06 18:57:44:611,0.6938,0.9837,9.592,0.0025,0.0017,9.8066,0.0054,-0.0111,0.0321,-11.75,-30.56,-6.12,297.69,-87.11,-119.79
52.41829,-1.55994,164.94,1.26,3,354.46,21 / 21,2498029,2019-09-06 18:57:44:711,0.4578,0.6188,9.7064,0.0008,-0.0004,9.8066,0.012,-0.0169,0.0186,-11.62,-30.5,-5.87,297.56,-87.1,-120.08
52.41829,-1.55994,164.94,1.26,3,354.46,21 / 21,2498129,2019-09-06 18:57:44:811,0.1101,0.414,9.9805,-0.0011,-0.0034,9.8066,-0.0118,-0.0248,-0.011,-12,-30.75,-6.25,298.16,-87.09,-119.3
52.41829,-1.55994,164.94,1.26,3,354.46,21 / 21,2498229,2019-09-06 18:57:44:911,-0.0797,0.5894,10.2233,0.0087,-0.0016,9.8066,0.0013,-0.0021,0.0047,-11.31,-30.5,-6.37,296.09,-87.02,-118.84
52.41829,-1.55994,164.94,1.26,3,354.46,21 / 21,2498328,2019-09-06 18:57:45:010,0.6887,0.7979,10.2603,0.0073,0.0006,9.8066,0.0305,-0.0007,0.026,-11.87,-30.62,-5.75,297.4,-86.91,-119.63
52.41829,-1.55994,164.94,1.26,3,354.46,22 / 22,2498429,2019-09-06 18:57:45:111,0.8334,0.9222,9.6728,0.0167,0.0029,9.8066,0.0155,0.0087,-0.0036,-12.31,-30.06,-5.25,300.51,-86.89,-120.64
52.41829,-1.55994,164.94,1.26,3,354.46,22 / 22,2498529,2019-09-06 18:57:45:211,0.7889,0.6625,9.602,0.0122,-0.0004,9.8066,-0.0065,-0.0036,0.0127,-12.06,-30.5,-5.81,294.84,-86.7,-121.84
52.41829,-1.55994,164.94,1.26,3,354.46,22 / 22,2498629,2019-09-06 18:57:45:311,0.6373,0.418,9.539,-0.0077,-0.0119,9.8066,-0.0096,-0.0061,0.031,-11.94,-30.62,-5.69,296.2,-86.65,-120.23
52.41829,-1.55994,164.94,1.26,3,354.46,22 / 22,2498728,2019-09-06 18:57:45:410,0.523,0.8695,9.9148,-0.01,-0.0149,9.8065,0.0229,0.0072,-0.0072,-12.31,-31.06,-5.62,297.22,-86.6,-119.16
52.41829,-1.55994,164.94,1.26,3,354.46,22 / 22,2498828,2019-09-06 18:57:45:510,0.5271,0.8457,9.7731,-0.0033,-0.0034,9.8066,0.0137,-0.0055,0.0153,-11.69,-30.5,-6,297.37,-86.54,-119.12
52.41829,-1.55994,164.94,1.26,3,354.46,22 / 22,2498929,2019-09-06 18:57:45:611,1.0185,0.4596,9.8885,-0.0043,-0.0157,9.8066,-0.0176,0.0287,0.017,-12.06,-30.5,-5.69,299.19,-86.5,-117.34
52.41829,-1.55994,164.94,1.26,3,354.46,22 / 22,2499029,2019-09-06 18:57:45:711,0.2697,0.1256,10.0689,-0.0018,-0.0056,9.8066,-0.03,-0.0062,0.0057,-13,-30.25,-6.06,303.45,-86.47,-115.54
52.41829,-1.55994,164.94,1.26,3,354.46,22 / 22,2499128,2019-09-06 18:57:45:810,0.5352,0.7169,9.7137,-0.0077,-0.0059,9.8066,-0.0021,0.0069,-0.0005,-12.69,-30.44,-5.75,305.49,-86.47,-113.65
52.41829,-1.55994,164.94,1.26,3,354.46,22 / 22,2499228,2019-09-06 18:57:45:910,0.4881,0.5108,10.2112,0.003,-0.0035,9.8065,0.0275,0.0118,-0.0051,-12.12,-30,-5.81,302.6,-86.45,-114.07
52.41829,-1.55994,164.94,1.26,3,354.46,22 / 22,2499329,2019-09-06 18:57:46:011,0.7459,1.1717,9.5511,0.0086,0.0098,9.8066,0.0778,0.0039,0.0151,-12.31,-30.25,-5.69,301.25,-86.44,-115.3
52.41829,-1.55994,164.94,1.26,3,354.46,22 / 22,2499428,2019-09-06 18:57:46:110,0.5376,1.143,9.5815,0.0019,-0.0028,9.8066,-0.0207,0.0211,-0.0191,-11.56,-30.81,-4.81,301.88,-86.39,-118.11
52.41829,-1.55994,164.94,1.26,3,354.46,22 / 22,2499529,2019-09-06 18:57:46:211,1.4041,1.3465,9.4472,-0.0078,-0.0039,9.8066,0.0274,-0.002,0.0257,-11.62,-30.75,-5.19,301.24,-86.32,-118.56
52.41829,-1.55994,164.94,1.26,3,354.46,22 / 22,2499628,2019-09-06 18:57:46:310,1.0585,0.8575,10.1252,-0.0045,0.0132,9.8066,0.0118,0.0256,-0.0358,-12,-30.56,-5.69,294.77,-86.32,-120.88
52.41829,-1.55994,164.94,1.26,3,354.46,22 / 22,2499729,2019-09-06 18:57:46:411,-0.397,0.0443,11.0294,-0.0052,0.0045,9.8066,0.0525,0.0011,-0.0078,-11.19,-30.75,-5.06,294.41,-86.36,-122.56
52.41829,-1.55994,164.94,1.26,3,354.46,22 / 22,2499829,2019-09-06 18:57:46:511,1.5392,3.5352,11.1885,0.0492,0.0643,9.8063,0.1692,0.1635,-0.0913,-11.06,-30.5,-5.06,285.99,-86.38,-130.87
52.41829,-1.55994,164.94,1.26,3,354.46,22 / 22,2499929,2019-09-06 18:57:46:611,-1.4836,1.3126,9.6412,0.0621,0.0633,9.8062,-0.3664,0.0743,-0.1561,-11,-30.37,-4.87,284.66,-86.38,-132.12
52.41829,-1.55994,164.94,1.26,3,354.46,22 / 22,2500031,2019-09-06 18:57:46:713,-0.1227,-0.1978,8.8749,-0.0183,-0.0265,9.8066,0.23,0.0219,0.0868,-11.06,-30.81,-5.37,289.34,-86.43,-127.5
52.41829,-1.55994,164.94,1.26,3,354.46,22 / 22,2500128,2019-09-06 18:57:46:810,0.9735,0.594,9.491,0.0122,0.0116,9.8066,0.0299,0.0437,-0.0385,-10.25,-30.75,-4.94,286.84,-86.42,-127.01
52.41829,-1.55994,164.94,1.26,3,354.46,22 / 22,2500229,2019-09-06 18:57:46:911,-0.4924,-0.3049,10.4003,-0.0096,-0.0062,9.8066,0.1767,0.0572,0.0097,-10.75,-30.56,-5.19,289.92,-86.49,-127.08
52.41829,-1.55994,164.94,1.26,3,354.46,22 / 22,2500329,2019-09-06 18:57:47:011,-0.2959,3.9573,10.2893,-0.0468,-0.0224,9.8064,0.2642,-0.0071,-0.0792,-10.69,-31.37,-5.12,289.51,-86.52,-127.56
52.418407,-1.559937,165.65,5.33,3,358.22,21 / 21,2500429,2019-09-06 18:57:47:111,1.1006,0.3283,10.0759,0.0369,0.0039,9.8065,0.2002,-0.1088,0.014,-10.94,-30.81,-6.31,285.14,-86.44,-127.67
52.418407,-1.559937,165.65,5.33,3,358.22,21 / 21,2500528,2019-09-06 18:57:47:210,0.1046,-0.1962,10.3406,0.0038,-0.0122,9.8066,-0.0652,0.0436,0.0469,-10.62,-30.94,-5.81,290.18,-86.51,-123.03
52.418407,-1.559937,165.65,5.33,3,358.22,21 / 21,2500628,2019-09-06 18:57:47:310,0.3253,0.78,9.8845,0.0169,0.0009,9.8065,0.0468,0.0782,0.0461,-10.94,-31.37,-5.5,294.22,-86.39,-122.8
52.418407,-1.559937,165.65,5.33,3,358.22,21 / 21,2500729,2019-09-06 18:57:47:411,0.7713,0.8584,10.1164,0.0244,0.0139,9.8065,-0.0157,0.0427,-0.0238,-11.37,-31.25,-5.81,287.76,-86.21,-124.61
52.418407,-1.559937,165.65,5.33,3,358.22,21 / 21,2500828,2019-09-06 18:57:47:510,-0.8977,-0.3326,9.7481,0.0167,-0.0075,9.8066,0.0005,0.0153,0.0161,-10.94,-30.81,-5.19,291.46,-85.99,-124.41
52.418407,-1.559937,165.65,5.33,3,358.22,21 / 21,2500929,2019-09-06 18:57:47:611,-0.2059,-0.1905,9.8569,0.0049,0.0035,9.8066,-0.073,0.0218,0.0603,-11.25,-31.81,-5.25,291.72,-85.99,-123.86
52.418407,-1.559937,165.65,5.33,3,358.22,21 / 21,2501028,2019-09-06 18:57:47:710,-1.2217,0.0119,9.8225,-0.012,-0.014,9.8065,-0.0208,0.0467,0.0107,-10.69,-31.44,-6.31,288.53,-85.92,-123.18
52.418407,-1.559937,165.65,5.33,3,358.22,21 / 21,2501128,2019-09-06 18:57:47:810,0.6084,1.5671,10.0869,-0.0222,-0.0204,9.8065,0.1006,0.0277,-0.0178,-11.12,-31.5,-5,293.43,-85.89,-122.35
52.418407,-1.559937,165.65,5.33,3,358.22,21 / 21,2501229,2019-09-06 18:57:47:911,0.5197,-0.0909,9.8864,0.0316,0.0056,9.8065,0.1113,-0.0123,0.0849,-11.19,-31.56,-5.06,291.71,-85.73,-123.22
52.418407,-1.559937,165.65,5.33,3,358.22,21 / 21,2501329,2019-09-06 18:57:48:011,0.056,0.9827,9.8626,-0.0044,0.0026,9.8065,0.0089,0.0275,0.0055,-11.31,-31.87,-5.81,286.95,-85.65,-123.68
52.418407,-1.559937,165.65,5.33,3,358.22,21 / 22,2501429,2019-09-06 18:57:48:111,0.1197,0.6049,9.4023,-0.0019,0.0034,9.8066,0.0262,0.0424,0.0024,-10.87,-31.25,-4.87,290.97,-85.57,-123.84
52.418407,-1.559937,165.65,5.33,3,358.22,21 / 22,2501529,2019-09-06 18:57:48:211,-0.0567,-0.3956,9.6648,-0.0052,0.0078,9.8066,0.0077,0.0482,-0.0614,-10.87,-31.62,-4.69,290.52,-85.64,-124.09
52.418407,-1.559937,165.65,5.33,3,358.22,21 / 22,2501628,2019-09-06 18:57:48:310,0.0708,0.3866,9.8368,-0.0097,-0.0016,9.8066,0.0415,0.0193,0.0277,-11.06,-31.81,-5.5,289,-85.56,-125.28
52.418407,-1.559937,165.65,5.33,3,358.22,21 / 22,2501729,2019-09-06 18:57:48:411,-0.2527,0.7444,9.3846,-0.009,-0.002,9.8066,0.0078,-0.0036,0.0217,-11.12,-31.75,-4.94,288.46,-85.61,-125.93
52.418407,-1.559937,165.65,5.33,3,358.22,21 / 22,2501828,2019-09-06 18:57:48:510,0.5562,0.1016,9.8812,0.0035,0.0122,9.8066,0.0068,-0.0067,-0.0284,-11.19,-31.25,-4.94,287.34,-85.63,-127.39
52.418407,-1.559937,165.65,5.33,3,358.22,21 / 22,2501929,2019-09-06 18:57:48:611,-0.8078,0.1962,9.8727,0.0016,0.0174,9.8066,-0.0951,0.0365,-0.072,-11.25,-32,-5,286.31,-85.79,-128.42
52.418407,-1.559937,165.65,5.33,3,358.22,21 / 22,2502029,2019-09-06 18:57:48:711,0.2004,-0.0693,9.8726,-0.0139,-0.0018,9.8066,0.051,0.0362,-0.0191,-10.31,-31.44,-5.19,284.59,-86.02,-128.05
52.418407,-1.559937,165.65,5.33,3,358.22,21 / 22,2502128,2019-09-06 18:57:48:810,0.22,0.0967,9.4272,-0.0058,0.003,9.8066,0.0129,0.0206,-0.0391,-9.94,-31.12,-5.19,284.08,-86.08,-128.71
52.418407,-1.559937,165.65,5.33,3,358.22,21 / 22,2502229,2019-09-06 18:57:48:911,0.6951,0.6015,9.7677,-0.0123,0.005,9.8066,0.0525,-0.0216,-0.0187,-10.56,-31.94,-4.69,284.37,-86.13,-131.17
52.418407,-1.559937,165.65,5.33,3,358.22,21 / 22,2502329,2019-09-06 18:57:49:011,0.6201,-0.34,9.7105,-0.0131,0.0048,9.8066,-0.0399,-0.0245,-0.0089,-10.37,-31.37,-5.62,275.67,-86.26,-133.4
52.418407,-1.559937,165.65,5.33,3,358.22,22 / 22,2502429,2019-09-06 18:57:49:111,0.6675,-0.3116,9.9249,-0.0108,0.0113,9.8065,0.0048,0.0083,-0.0312,-10.12,-31.12,-5,277.54,-86.36,-135.81
52.418407,-1.559937,165.65,5.33,3,358.22,22 / 22,2502528,2019-09-06 18:57:49:210,-0.6045,-0.3154,10.1295,-0.0102,0.0037,9.8066,0.0035,0.0023,-0.0303,-10.06,-31.37,-5.31,277.81,-86.5,-135.94
52.418407,-1.559937,165.65,5.33,3,358.22,22 / 22,2502629,2019-09-06 18:57:49:311,-0.7067,-0.3701,10.233,-0.0162,-0.0042,9.8066,-0.0438,-0.0584,0.0066,-10.06,-31.62,-5.81,273.56,-86.65,-136.26
52.418407,-1.559937,165.65,5.33,3,358.22,22 / 22,2502729,2019-09-06 18:57:49:411,0.5659,-0.3994,9.5884,-0.0057,-0.0059,9.8066,-0.0023,-0.0747,0.0431,-10.12,-30.75,-5.56,274.79,-86.73,-135.54
52.418407,-1.559937,165.65,5.33,3,358.22,22 / 22,2502828,2019-09-06 18:57:49:510,-0.3532,-2.2991,9.3944,0.0072,0.0105,9.8066,-0.0118,-0.0872,0.0048,-10.75,-32,-5.75,276.05,-86.66,-136.81
52.418407,-1.559937,165.65,5.33,3,358.22,22 / 22,2502928,2019-09-06 18:57:49:610,0.4049,0.0748,9.6393,0.0102,-0.0019,9.8066,0.0312,-0.1092,0.0529,-10.31,-31.44,-6.06,273.94,-86.65,-136.15
52.418407,-1.559937,165.65,5.33,3,358.22,22 / 22,2503029,2019-09-06 18:57:49:711,0.9682,-1.5993,10.0799,0.0101,0.0014,9.8065,0.0267,-0.1783,0.0374,-11.12,-31.37,-5.69,278.05,-86.48,-134.65
52.418407,-1.559937,165.65,5.33,3,358.22,22 / 22,2503129,2019-09-06 18:57:49:811,0.2432,-1.8647,10.4406,-0.0076,0.0062,9.8066,0.0097,-0.1773,0.0311,-11.37,-31.62,-5.81,277.4,-86.6,-135.33
52.418407,-1.559937,165.65,5.33,3,358.22,22 / 22,2503229,2019-09-06 18:57:49:911,-0.2757,-0.7541,9.9174,0.0041,-0.0088,9.8066,-0.021,-0.1441,0.031,-11.25,-31.56,-5.81,277.32,-86.54,-135.25
52.418407,-1.559937,165.65,5.33,3,358.22,22 / 22,2503328,2019-09-06 18:57:50:010,0.5186,-1.1141,9.6458,-0.0068,-0.0124,9.8066,0.0138,-0.1872,0.0193,-11.5,-31.25,-5.75,278.45,-86.41,-134.08
52.418407,-1.559937,165.65,5.33,3,358.22,22 / 22,2503431,2019-09-06 18:57:50:113,0.6884,-2.1875,9.7459,0.0392,-0.0002,9.8065,0.0678,-0.2517,0.0676,-12.37,-31.56,-5.31,285.28,-86.04,-132.61
52.418407,-1.559937,165.65,5.33,3,358.22,22 / 22,2503528,2019-09-06 18:57:50:210,-0.0666,-2.1527,9.3385,0.0296,0.0259,9.8065,-0.145,-0.1239,0.031,-13,-32.31,-5.44,287.67,-86.05,-132.57
52.418407,-1.559937,165.65,5.33,3,358.22,22 / 22,2503628,2019-09-06 18:57:50:310,0.4332,-1.3164,9.8175,-0.0511,-0.0329,9.8064,-0.116,-0.0444,0.0287,-12.87,-31.44,-5.31,292.53,-86.13,-128.4
52.418407,-1.559937,165.65,5.33,3,358.22,22 / 22,2503729,2019-09-06 18:57:50:411,-0.7996,-0.5887,10.6688,0.0042,-0.0523,9.8065,-0.1268,-0.2047,0.0342,-14.62,-30.75,-5.37,306.99,-85.83,-117.94
52.418407,-1.559937,165.65,5.33,3,358.22,22 / 22,2503828,2019-09-06 18:57:50:510,-0.8415,-2.0776,10.623,0.0191,-0.0195,9.8065,-0.0812,-0.2423,0.0497,-14.87,-30.94,-5.06,310.61,-85.54,-114.21
52.418407,-1.559937,165.65,5.33,3,358.22,22 / 22,2503929,2019-09-06 18:57:50:611,-0.2383,-3.7033,10.188,0.0201,0.0188,9.8065,0.0788,-0.177,-0.0161,-15.5,-30.37,-5.19,307.32,-85.44,-117.25
52.418407,-1.559937,165.65,5.33,3,358.22,22 / 22,2504029,2019-09-06 18:57:50:711,-1.5843,-2.7619,8.5186,0.0237,0.0224,9.8066,0.0537,-0.3129,0.0428,-16.56,-30.81,-4.25,307.26,-85.23,-122.64
52.418407,-1.559937,165.65,5.33,3,358.22,22 / 22,2504129,2019-09-06 18:57:50:811,-0.976,-1.1766,9.4615,0.0752,0.0143,9.8063,-0.0656,-0.3658,0.0721,-17.25,-31.5,-4.37,301.7,-84.8,-127.07
52.418407,-1.559937,165.65,5.33,3,358.22,22 / 22,2504229,2019-09-06 18:57:50:911,-0.0613,-1.8123,9.9351,-0.015,-0.033,9.8065,-0.1223,-0.3813,0.042,-17.56,-31.56,-3.56,302.61,-84.61,-126.83
52.418407,-1.559937,165.65,5.33,3,358.22,22 / 22,2504328,2019-09-06 18:57:51:010,-0.3295,-2.7419,10.2368,-0.0113,-0.0203,9.8066,0.0128,-0.4055,0.0564,-18.25,-30.94,-3.5,309.24,-84.38,-123.73
52.418407,-1.559937,165.65,5.33,3,358.22,22 / 22,2504428,2019-09-06 18:57:51:110,-0.5442,-2.0087,10.1852,0.0002,-0.0003,9.8066,-0.0616,-0.4278,0.001,-19.5,-31.19,-2.75,310.39,-84.44,-123.65
52.418407,-1.559937,165.65,5.33,3,358.22,22 / 22,2504529,2019-09-06 18:57:51:211,-1.3422,-2.81,10.3396,-0.001,0.0228,9.8066,-0.0246,-0.3727,-0.0654,-19.69,-30.69,-3.31,309.88,-84.53,-125.01
52.418407,-1.559937,165.65,5.33,3,358.22,22 / 22,2504628,2019-09-06 18:57:51:310,-0.8167,-2.4428,9.6405,0.0072,0.0119,9.8065,0.0101,-0.4212,0.0328,-19.87,-30.94,-3.31,306.87,-84.7,-127.96
52.418407,-1.559937,165.65,5.33,3,358.22,22 / 22,2504728,2019-09-06 18:57:51:410,-0.5487,-2.2323,9.9641,0.0045,0.0054,9.8066,-0.0368,-0.4384,0.0383,-20.69,-30.69,-2.31,309.17,-84.68,-129.2
52.418407,-1.559937,165.65,5.33,3,358.22,22 / 22,2504829,2019-09-06 18:57:51:511,-0.0311,-1.4423,10.016,0.0085,0.0068,9.8066,-0.0467,-0.4204,0.038,-21.94,-30.31,-1.94,309.02,-84.69,-130.04
52.418407,-1.559937,165.65,5.33,3,358.22,22 / 22,2504928,2019-09-06 18:57:51:610,-0.0528,-1.9355,10.1581,0.0104,-0.006,9.8066,-0.0534,-0.4543,0.0506,-22,-30.69,-2,308.54,-84.58,-130.18
52.418407,-1.559937,165.65,5.33,3,358.22,22 / 22,2505029,2019-09-06 18:57:51:711,-0.5611,-1.808,10.4989,0.0179,-0.009,9.8066,-0.0231,-0.4475,0.0653,-22.25,-30.19,-1.12,311.9,-84.41,-129.68
52.418407,-1.559937,165.65,5.33,3,358.22,22 / 22,2505128,2019-09-06 18:57:51:810,-0.8501,-1.8733,10.4524,0.0239,-0.0184,9.8065,0.0201,-0.4646,0.1403,-23.75,-30.56,-0.94,312.24,-84.13,-129.6
52.418407,-1.559937,165.65,5.33,3,358.22,22 / 22,2505228,2019-09-06 18:57:51:910,-1.189,-2.077,10.3345,0.0196,-0.0303,9.8065,0.0574,-0.51,0.1177,-24.56,-29.44,-0.31,316.17,-83.49,-128.41
52.418407,-1.559937,165.65,5.33,3,358.22,22 / 22,2505329,2019-09-06 18:57:52:011,-0.2848,-3.0523,10.3272,0.0389,-0.0291,9.8064,0.0724,-0.4721,0.0915,-25.12,-30.44,0.56,317.27,-82.95,-129.06
52.418407,-1.559937,165.65,5.33,3,358.22,22 / 22,2505429,2019-09-06 18:57:52:111,-0.6334,-2.7019,10.2219,0.0493,0.0085,9.8065,0.0945,-0.4436,0.0378,-25.75,-30.37,1.56,316.78,-82.5,-131.45
52.418407,-1.559937,165.65,5.33,3,358.22,22 / 22,2505529,2019-09-06 18:57:52:211,-0.3623,-2.2128,9.5706,0.0383,0.0219,9.8065,0.0859,-0.4815,0.0062,-25.94,-30.12,3,312.52,-82.13,-137.12
52.418407,-1.559937,165.65,5.33,3,358.22,22 / 22,2505628,2019-09-06 18:57:52:310,-0.8723,-1.3699,9.4497,0.0326,0.0002,9.8065,0.0503,-0.4564,0.0292,-27.37,-30.19,3.94,310.1,-81.82,-141.12
52.418407,-1.559937,165.65,5.33,3,358.22,22 / 22,2505729,2019-09-06 18:57:52:411,-1.7365,-1.7224,9.8659,0.0182,-0.0147,9.8065,-0.0429,-0.4627,0.0765,-27.56,-30,4.88,311.96,-81.6,-141.24
52.418407,-1.559937,165.65,5.33,3,358.22,22 / 22,2505828,2019-09-06 18:57:52:510,-1.776,-1.8918,10.2784,-0.0219,-0.0122,9.8065,-0.0593,-0.4347,0.092,-28,-29.5,5.81,316.24,-81.51,-139.57
52.418407,-1.559937,165.65,5.33,3,358.22,22 / 22,2505928,2019-09-06 18:57:52:610,-0.3066,-2.6561,10.4185,-0.0309,0.0016,9.8066,-0.0841,-0.4683,0.0207,-28.37,-28.87,5.25,315.12,-81.56,-138.59
52.418407,-1.559937,165.65,5.33,3,358.22,22 / 22,2506028,2019-09-06 18:57:52:710,-1.4294,-1.7987,9.8498,0.0124,0.0121,9.8066,-0.1106,-0.4548,-0.0387,-28.87,-29.19,6.44,317.56,-81.79,-138.39
52.418407,-1.559937,165.65,5.33,3,358.22,22 / 22,2506128,2019-09-06 18:57:52:810,-1.0701,-1.9233,9.5663,0.0291,0.0008,9.8066,0.0327,-0.4155,0.0741,-29.25,-29.12,7.25,317.92,-81.79,-139.99
52.418407,-1.559937,165.65,5.33,3,358.22,22 / 22,2506229,2019-09-06 18:57:52:911,0.4388,-2.4679,9.5739,0.0146,-0.0072,9.8066,0.0204,-0.4752,0.1048,-29.31,-29.06,7.63,318.49,-81.46,-141.15
52.418407,-1.559937,165.65,5.33,3,358.22,22 / 22,2506328,2019-09-06 18:57:53:010,0.1058,-1.6667,9.5411,0.0178,-0.0067,9.8066,0.0572,-0.4809,0.0712,-29.75,-29.06,9.06,318.56,-81.19,-142.39
52.418407,-1.559937,165.65,5.33,3,358.22,22 / 22,2506429,2019-09-06 18:57:53:111,0.5681,-2.9725,10.3218,0.0199,-0.0167,9.8066,0.0333,-0.4573,0.0754,-30.75,-28.81,10.19,319.24,-80.82,-142.92
52.418407,-1.559937,165.65,5.33,3,358.22,22 / 22,2506528,2019-09-06 18:57:53:210,-0.1503,-1.8616,10.3974,0.0171,-0.0095,9.8065,-0.085,-0.4046,0.0594,-31.44,-29,11.06,321.46,-80.79,-142.64
52.418407,-1.559937,165.65,5.33,3,358.22,22 / 22,2506629,2019-09-06 18:57:53:311,-1.3672,-3.0101,10.0775,-0.0138,-0.0004,9.8066,-0.0747,-0.513,0.1142,-30.69,-28.62,11.38,322.15,-80.7,-141.97
52.418407,-1.559937,165.65,5.33,3,358.22,22 / 22,2506728,2019-09-06 18:57:53:410,0.5842,-2.7965,9.8719,-0.0005,-0.0024,9.8066,0.0263,-0.4768,0.0691,-30.62,-28.06,12.88,326.08,-80.68,-141.99
52.418407,-1.559937,165.65,5.33,3,358.22,22 / 22,2506829,2019-09-06 18:57:53:511,-0.7559,-2.5932,10.141,0.0218,0.0061,9.8065,0.0033,-0.4378,0.0238,-31.37,-28.06,13.81,326.43,-80.46,-143.16
52.418407,-1.559937,165.65,5.33,3,358.22,22 / 22,2506930,2019-09-06 18:57:53:612,-0.909,-2.4107,10.6732,0.024,-0.0084,9.8066,0.0686,-0.4674,0.058,-31.62,-28.75,14.5,326.12,-80.31,-144.18
52.418407,-1.559937,165.65,5.33,3,358.22,22 / 22,2507029,2019-09-06 18:57:53:711,-0.0217,-2.7828,10.041,0.0328,-0.0057,9.8066,0.0357,-0.442,0.0179,-31.19,-27.87,16.31,326.23,-80.11,-146.26
52.418407,-1.559937,165.65,5.33,3,358.22,22 / 22,2507129,2019-09-06 18:57:53:811,-1.3353,-2.9748,10.3619,0.0139,0.0015,9.8066,0.0163,-0.4545,0.0797,-31.56,-27.94,17.19,326.24,-80.05,-147.07
52.418407,-1.559937,165.65,5.33,3,358.22,22 / 22,2507229,2019-09-06 18:57:53:911,-0.5047,-1.3776,10.3165,0.0191,0.0159,9.8066,-0.0349,-0.3513,-0.0376,-31.06,-28,17.69,327.15,-80.03,-148.37
52.418407,-1.559937,165.65,5.33,3,358.22,22 / 22,2507329,2019-09-06 18:57:54:011,-1.2261,-2.0434,9.958,0.035,0.0009,9.8066,-0.0573,-0.3356,-0.0444,-30.75,-28,18.63,326.12,-79.87,-150.61
52.418407,-1.559937,165.65,5.33,3,358.22,22 / 22,2507429,2019-09-06 18:57:54:111,-0.2484,-0.0752,10.3804,0.0009,0.0198,9.8066,-0.0106,-0.343,0.0324,-30.94,-27.94,19.13,323.71,-80.01,-152.82
52.418407,-1.559937,165.65,5.33,3,358.22,22 / 22,2507528,2019-09-06 18:57:54:210,-0.2614,-0.1782,9.2165,0.0434,-0.0084,9.8065,-0.1608,-0.1835,-0.0818,-30.62,-27.31,20.25,324.22,-79.74,-153.78
52.418407,-1.559937,165.65,5.33,3,358.22,22 / 22,2507628,2019-09-06 18:57:54:310,-1.8657,-2.1205,9.936,-0.0202,-0.008,9.8066,-0.1579,-0.3929,0.1745,-30.75,-27.94,20.69,325.28,-79.73,-154.03
52.418407,-1.559937,165.65,5.33,3,358.22,22 / 22,2507729,2019-09-06 18:57:54:411,-0.9012,-3.0416,10.0511,0.0097,0.0031,9.8066,-0.0472,-0.3351,0.0121,-30.69,-27.56,21.56,326.73,-79.51,-153.95
52.418407,-1.559937,165.65,5.33,3,358.22,22 / 22,2507829,2019-09-06 18:57:54:511,-2.5923,-1.7975,9.756,-0.0124,0.0229,9.8065,-0.1325,-0.264,-0.0212,-30.31,-27.56,22.5,327.44,-79.61,-155.47
52.418407,-1.559937,165.65,5.33,3,358.22,22 / 22,2507929,2019-09-06 18:57:54:611,-2.4859,-1.2294,9.5893,-0.0094,0.0227,9.8065,0.1111,-0.324,0.0494,-30,-27.69,22.13,324.97,-79.54,-156.31
52.418407,-1.559937,165.65,5.33,3,358.22,22 / 22,2508029,2019-09-06 18:57:54:711,0.9032,-2.1407,10.0085,0.0079,0.0085,9.8066,-0.0484,-0.2275,-0.0345,-30.19,-27.19,23.31,324.07,-79.49,-158.54
52.418407,-1.559937,165.65,5.33,3,358.22,22 / 22,2508128,2019-09-06 18:57:54:810,-0.1853,-2.4271,10.5806,-0.0179,0.0025,9.8066,0.1287,-0.2902,0.0961,-29.94,-27.44,23.44,324.43,-79.47,-158.21
52.418407,-1.559937,165.65,5.33,3,358.22,22 / 22,2508229,2019-09-06 18:57:54:911,-0.3807,-0.3535,10.1049,0.0258,-0.0007,9.8066,-0.0517,-0.1797,0.0393,-30.31,-27.87,23.69,324.81,-79.44,-158.95
52.418407,-1.559937,165.65,5.33,3,358.22,22 / 22,2508330,2019-09-06 18:57:55:012,0.5705,-0.9638,9.41,0.0222,0.0099,9.8065,0.0131,-0.1382,-0.0285,-30,-27.69,24.56,324.29,-79.38,-160.6
52.418407,-1.559937,165.65,5.33,3,358.22,22 / 22,2508428,2019-09-06 18:57:55:110,0.3468,-1.3408,10.3227,0.0185,0.0004,9.8066,0.0204,-0.1601,-0.0154,-29.25,-28.06,24.31,322.39,-79.36,-161.91
52.418407,-1.559937,165.65,5.33,3,358.22,22 / 22,2508529,2019-09-06 18:57:55:211,0.5192,-0.2366,10.1558,0.016,0.0053,9.8066,-0.0881,-0.0528,-0.0253,-29,-27.37,24.94,322.24,-79.3,-163.41
52.418407,-1.559937,165.65,5.33,3,358.22,22 / 22,2508629,2019-09-06 18:57:55:311,0.5362,-1.2617,9.8319,-0.0206,0.0108,9.8066,0.0299,-0.0779,0.0517,-28.69,-27.75,25.19,322.2,-79.22,-163.24
52.418407,-1.559937,165.65,5.33,3,358.22,22 / 22,2508729,2019-09-06 18:57:55:411,0.4754,-1.1653,9.9512,-0.0194,0.0244,9.8066,0.0105,-0.0737,-0.0437,-28.94,-27.81,25.19,322.29,-79.41,-163.25
52.418407,-1.559937,165.65,5.33,3,358.22,22 / 22,2508828,2019-09-06 18:57:55:510,-0.9864,-0.1393,9.9539,0.009,-0.0006,9.8066,0.0453,-0.1208,0.016,-28.19,-27.56,25.5,324.05,-79.36,-163.78
52.418407,-1.559937,165.65,5.33,3,358.22,22 / 22,2508929,2019-09-06 18:57:55:611,0.3445,0.0142,10.6551,0.0024,0.0012,9.8066,0.0326,-0.0909,-0.0042,-28.69,-28.06,24.88,321.38,-79.45,-164.08
52.418407,-1.559937,165.65,5.33,3,358.22,22 / 22,2509028,2019-09-06 18:57:55:710,-0.3241,-0.2235,10.3202,0.0087,-0.0025,9.8066,0.0205,-0.0786,-0.0228,-28.69,-27.5,25.13,321.17,-79.38,-164.41
52.418407,-1.559937,165.65,5.33,3,358.22,22 / 22,2509130,2019-09-06 18:57:55:812,1.3649,-0.6025,9.5497,0.0253,-0.0191,9.8065,0.0906,-0.0066,0.0504,-28.5,-28.06,25.75,322.8,-79.18,-164.78
52.418407,-1.559937,165.65,5.33,3,358.22,22 / 22,2509228,2019-09-06 18:57:55:910,0.8983,-1.5832,9.7998,0.0077,0.0056,9.8066,0.0177,-0.0343,0.0331,-29.44,-27.44,25.38,320.19,-78.92,-165.02
52.418407,-1.559937,165.65,5.33,3,358.22,22 / 22,2509328,2019-09-06 18:57:56:010,-0.1942,-1.6746,9.8114,-0.0171,-0.0043,9.8066,-0.0077,0.0132,0.0167,-28.87,-27.31,25.94,321.77,-78.9,-164.81
52.418663,-1.559616,166.68,6.62,3,110.67,22 / 22,2509429,2019-09-06 18:57:56:111,0.8193,-0.6101,9.6409,0.0081,0.0116,9.8066,-0.1078,-0.0465,-0.0109,-29.31,-27.44,25.5,322.13,-79.01,-164.55
52.418663,-1.559616,166.68,6.62,3,110.67,22 / 22,2509529,2019-09-06 18:57:56:211,0.7259,-0.1367,10.3722,0.0093,0.0001,9.8066,-0.032,-0.0137,-0.0448,-28.75,-27.31,25.88,321.54,-79.22,-165.18
52.418663,-1.559616,166.68,6.62,3,110.67,22 / 22,2509629,2019-09-06 18:57:56:311,-0.1077,-0.69,10.1919,0.0004,-0.0121,9.8066,0.0902,-0.0186,0.088,-29,-27.25,25.88,321.56,-79.15,-165.14
52.418663,-1.559616,166.68,6.62,3,110.67,22 / 22,2509729,2019-09-06 18:57:56:411,0.0394,-0.846,9.972,0.0026,0.0172,9.8066,-0.0054,-0.0626,-0.0739,-29,-27.56,26.06,320.57,-79.08,-165.8
52.418663,-1.559616,166.68,6.62,3,110.67,22 / 22,2509828,2019-09-06 18:57:56:510,0.7135,-1.3063,9.8929,0.0067,0.0024,9.8066,-0.0396,-0.0583,-0.0994,-28.25,-27.81,26.44,320.28,-78.94,-166.88
52.418663,-1.559616,166.68,6.62,3,110.67,22 / 22,2509929,2019-09-06 18:57:56:611,0.0136,0.4005,10.0502,-0.0173,-0.0044,9.8066,0.0114,-0.0094,0.16,-28.62,-27.62,25.88,319.87,-78.92,-166.32
52.418663,-1.559616,166.68,6.62,3,110.67,22 / 22,2510029,2019-09-06 18:57:56:711,-0.5257,0.7233,10.2068,-0.0038,0.0079,9.8066,-0.0749,-0.0533,-0.0271,-28.12,-27.69,25.88,321.66,-79.17,-165.78
52.418663,-1.559616,166.68,6.62,3,110.67,22 / 22,2510129,2019-09-06 18:57:56:811,0.069,-0.4946,9.7291,0.0013,-0.0115,9.8066,-0.0525,-0.0555,-0.0197,-28.31,-27.62,26.13,322.18,-79.27,-165.39
52.418663,-1.559616,166.68,6.62,3,110.67,22 / 22,2510228,2019-09-06 18:57:56:910,0.2783,-0.6101,9.5892,-0.0018,-0.0124,9.8066,0.0112,-0.0233,0.0672,-28.56,-27.81,25.75,322.1,-79.15,-164.48
52.418663,-1.559616,166.68,6.62,3,110.67,22 / 22,2510328,2019-09-06 18:57:57:010,0.2147,-0.5246,10.141,0.0099,-0.0154,9.8066,0.0011,-0.0251,0.0545,-28.37,-27.87,25.94,323.29,-79.02,-164.26
52.418663,-1.559616,166.68,6.62,3,110.67,22 / 22,2510429,2019-09-06 18:57:57:111,-0.3334,-0.4191,11.1185,-0.0023,0.0001,9.8066,0.0764,-0.0219,0.0178,-28.44,-27.94,26.06,323.39,-78.93,-164.13
52.418663,-1.559616,166.68,6.62,3,110.67,22 / 22,2510529,2019-09-06 18:57:57:211,0.9821,1.3984,9.7921,-0.0309,0.0254,9.8065,0.027,0.0184,-0.1424,-28.37,-27.25,26.31,323.91,-79.05,-163.9
52.418663,-1.559616,166.68,6.62,3,110.67,22 / 22,2510628,2019-09-06 18:57:57:310,1.0577,-1.085,10.2282,0.0335,-0.0356,9.8065,0.1343,-0.0547,0.0431,-28.19,-27.62,26.56,325.25,-78.95,-163.67
52.418663,-1.559616,166.68,6.62,3,110.67,22 / 22,2510728,2019-09-06 18:57:57:410,-1.3561,-0.671,10.5227,0.0218,0.0024,9.8065,-0.1386,0.0733,-0.0683,-27.87,-27,26.06,323.22,-78.83,-164.4
52.418663,-1.559616,166.68,6.62,3,110.67,22 / 22,2510829,2019-09-06 18:57:57:511,0.1402,-0.7305,9.4691,0.0257,-0.006,9.8065,0.055,-0.0538,0.0021,-27.19,-26.75,26.56,325.26,-78.83,-164.73
52.418663,-1.559616,166.68,6.62,3,110.67,22 / 22,2510928,2019-09-06 18:57:57:610,-0.8215,0.933,9.4194,0.0209,-0.0275,9.8066,0.0515,-0.0046,0.0412,-28.06,-26.81,25.75,322.79,-78.68,-164.7
52.418663,-1.559616,166.68,6.62,3,110.67,22 / 22,2511029,2019-09-06 18:57:57:711,-0.9964,-0.2277,9.9816,-0.026,0.0133,9.8065,-0.0662,0.0168,0.048,-28.06,-27.31,25.75,323.81,-78.78,-163.86
52.418663,-1.559616,166.68,6.62,3,110.67,22 / 22,2511129,2019-09-06 18:57:57:811,-0.2513,0.331,9.8762,-0.0071,0.0246,9.8066,0.0746,-0.0138,-0.0378,-28.31,-27.62,25.94,322.71,-78.77,-164.64
52.418663,-1.559616,166.68,6.62,3,110.67,22 / 22,2511228,2019-09-06 18:57:57:910,0.5541,-0.078,10.1818,0.0087,-0.0125,9.8065,0.1069,-0.0358,-0.0331,-28.06,-27.75,26.13,321.89,-78.81,-165.38
52.418663,-1.559616,166.68,6.62,3,110.67,22 / 22,2511329,2019-09-06 18:57:58:011,0.0693,-0.7982,10.1899,-0.0085,0.0055,9.8066,0.0056,-0.0114,0.0065,-28.5,-27.56,25.69,321.99,-78.69,-165.23
52.418663,-1.559616,166.68,6.62,3,110.67,22 / 22,2511429,2019-09-06 18:57:58:111,0.1756,0.0687,10.2955,0.0099,0.002,9.8065,-0.0466,-0.0017,-0.0068,-28.19,-28,25.81,322.09,-78.65,-165.12
52.418663,-1.559616,166.68,6.62,3,110.67,22 / 22,2511529,2019-09-06 18:57:58:211,-1.0302,1.4719,9.8224,0.0318,-0.0177,9.8065,0.0009,0.0156,-0.0119,-27.69,-27.87,26.31,321.78,-78.64,-165.39
52.418663,-1.559616,166.68,6.62,3,110.67,22 / 22,2511628,2019-09-06 18:57:58:310,1.4475,-1.0332,9.8509,-0.0327,-0.0001,9.8065,-0.081,-0.0041,0.0532,-28.19,-27.81,26,321.75,-78.5,-165.33
52.418663,-1.559616,166.68,6.62,3,110.67,22 / 22,2511729,2019-09-06 18:57:58:411,-0.013,-0.0496,9.7775,-0.009,-0.0098,9.8065,0.0309,-0.0194,0.0583,-28.56,-27.69,26.69,323.47,-78.38,-164.02
52.418663,-1.559616,166.68,6.62,3,110.67,22 / 22,2511829,2019-09-06 18:57:58:511,0.6708,-0.9089,10.1248,-0.0072,-0.0056,9.8066,-0.0771,-0.0311,0.006,-28.75,-27.44,25.75,323.31,-78.36,-163.17
52.418663,-1.559616,166.68,6.62,3,110.67,22 / 22,2511929,2019-09-06 18:57:58:611,-0.5238,-0.2495,9.6892,-0.0224,0.0115,9.8066,0.0351,-0.0681,0.0155,-29,-27.25,26.13,324.23,-78.6,-162.48
52.418663,-1.559616,166.68,6.62,3,110.67,22 / 22,2512029,2019-09-06 18:57:58:711,0.9927,-0.4197,9.73,0.0048,-0.0092,9.8066,-0.0965,-0.1065,0.032,-29.25,-27.12,25.56,324.37,-78.69,-162.41
52.418663,-1.559616,166.68,6.62,3,110.67,22 / 22,2512128,2019-09-06 18:57:58:810,0.1423,-1.6865,10.2629,0.0122,-0.0021,9.8066,-0.0631,0.0119,-0.0592,-29.5,-26.5,26.38,324.4,-78.67,-162.54
52.418663,-1.559616,166.68,6.62,3,110.67,22 / 22,2512229,2019-09-06 18:57:58:911,1.2958,-0.8925,9.8928,0.0135,0.0147,9.8066,0.0818,0.0165,-0.038,-29,-27.12,25.94,322.94,-78.65,-163.64
52.418663,-1.559616,166.68,6.62,3,110.67,22 / 22,2512329,2019-09-06 18:57:59:011,0.7964,-0.2166,10.5753,0.0026,0.0024,9.8066,-0.0936,0.0274,-0.0684,-27.94,-27.69,26.5,324.62,-78.71,-164.1
52.418663,-1.559616,166.68,6.62,3,110.67,22 / 22,2512428,2019-09-06 18:57:59:110,1.3787,-0.3713,10.3185,0.0052,-0.0114,9.8066,0.0083,0.0781,0.0071,-28.56,-27.37,26,322.24,-78.63,-164.25
52.418663,-1.559616,166.68,6.62,3,110.67,22 / 22,2512529,2019-09-06 18:57:59:211,-1.4367,-0.0567,9.7114,-0.0009,0.0028,9.8066,0.0076,0.0228,0.0962,-28.19,-28.56,26.94,324.35,-78.56,-164.09
52.418663,-1.559616,166.68,6.62,3,110.67,22 / 22,2512629,2019-09-06 18:57:59:311,-0.0847,-0.1548,9.9273,-0.0069,0.0176,9.8065,-0.0148,-0.0369,-0.0193,-28.44,-27.75,26.13,322.74,-78.55,-164.49
52.418663,-1.559616,166.68,6.62,3,110.67,22 / 22,2512729,2019-09-06 18:57:59:411,-0.0111,-1.3747,10.5091,-0.0223,0.0168,9.8066,-0.033,0.0626,-0.0846,-28.06,-28.37,26.38,323.02,-78.69,-164.32
52.418663,-1.559616,166.68,6.62,3,110.67,22 / 22,2512828,2019-09-06 18:57:59:510,0.7713,-1.6776,9.1437,0.0157,0.0045,9.8066,0.0517,-0.1154,0.0913,-28.06,-28.12,25.94,323.26,-78.76,-164.15
52.418663,-1.559616,166.68,6.62,3,110.67,22 / 22,2512929,2019-09-06 18:57:59:611,1.3344,-1.0724,9.0105,0.0329,-0.0025,9.8065,-0.1217,0.0156,-0.0527,-27.81,-28.37,25.5,321.85,-78.82,-165.43
52.418663,-1.559616,166.68,6.62,3,110.67,22 / 22,2513028,2019-09-06 18:57:59:710,-0.3182,0.1063,9.8911,-0.0367,0.0265,9.8065,-0.0392,-0.0279,0.0896,-27.37,-28.19,26.06,322.01,-78.7,-166.16
52.418663,-1.559616,166.68,6.62,3,110.67,22 / 22,2513129,2019-09-06 18:57:59:811,1.0855,-1.1833,9.2154,-0.0345,0.0334,9.8065,0.0754,0.0082,-0.0583,-27.5,-28.25,25.88,322.41,-79.05,-166
52.418663,-1.559616,166.68,6.62,3,110.67,22 / 22,2513229,2019-09-06 18:57:59:911,0.4456,-0.163,9.9583,-0.0129,0.0261,9.8065,-0.0635,-0.0933,-0.0304,-27.87,-28.5,25.81,320.98,-79.2,-166.4
52.418663,-1.559616,166.68,6.62,3,110.67,22 / 22,2513329,2019-09-06 18:58:00:011,-1.0835,-0.5778,10.8519,0.0062,0.0052,9.8066,0.1018,0.0999,-0.0574,-27.31,-28.44,25.88,321.48,-79.32,-166.97
52.418663,-1.559616,166.68,6.62,3,110.67,22 / 22,2513428,2019-09-06 18:58:00:110,2.1011,-0.9827,10.0348,0.047,-0.0194,9.8064,0.2673,-0.0607,0.0785,-27.87,-28.19,25.81,319.05,-78.92,-167.95
52.418663,-1.559616,166.68,6.62,3,110.67,22 / 22,2513529,2019-09-06 18:58:00:211,-0.4566,-1.2546,10.0144,0.0278,-0.0196,9.8066,-0.128,-0.0048,-0.0449,-27.37,-28.81,26.19,318.89,-78.73,-168.73
52.418663,-1.559616,166.68,6.62,3,110.67,22 / 22,2513628,2019-09-06 18:58:00:310,1.6391,-0.7174,9.445,-0.0185,0.0182,9.8066,-0.089,-0.0111,0.0556,-27.25,-28.5,25.69,320.03,-78.81,-167.97
52.418663,-1.559616,166.68,6.62,3,110.67,22 / 22,2513729,2019-09-06 18:58:00:411,1.7865,-0.0347,9.2616,-0.0294,0.0155,9.8065,-0.0097,-0.0075,-0.0025,-27.87,-28.56,25,318.5,-79.27,-167.25
52.418663,-1.559616,166.68,6.62,3,110.67,22 / 22,2513829,2019-09-06 18:58:00:511,0.4305,0.9058,9.9505,-0.0167,-0.011,9.8066,0.0565,0.0454,0.0455,-27.56,-28.81,24.81,319.68,-79.45,-166.31
52.418663,-1.559616,166.68,6.62,3,110.67,22 / 22,2513928,2019-09-06 18:58:00:610,0.0135,-0.5877,10.4684,0.0097,-0.0057,9.8066,-0.0085,-0.0131,-0.0088,-27.62,-27.75,25.44,319.6,-79.22,-166.44
52.418663,-1.559616,166.68,6.62,3,110.67,22 / 22,2514029,2019-09-06 18:58:00:711,1.6908,-1.0477,8.9919,0.0031,-0.0272,9.8065,0.0476,0.0911,-0.0138,-27.87,-28.37,25.5,321.01,-78.77,-166.14
52.418663,-1.559616,166.68,6.62,3,110.67,22 / 22,2514129,2019-09-06 18:58:00:811,0.7477,0.6264,8.8563,-0.0241,0.0034,9.8066,-0.1511,-0.0235,0.0426,-27.75,-28.5,26,322.83,-78.74,-164.52
52.418663,-1.559616,166.68,6.62,3,110.67,22 / 22,2514229,2019-09-06 18:58:00:911,0.9735,0.4001,9.0288,-0.0641,0.031,9.8063,-0.1354,0.0577,-0.0896,-27.75,-28.69,25.31,324.34,-79.83,-162.4
52.418663,-1.559616,166.68,6.62,3,110.67,22 / 22,2514329,2019-09-06 18:58:01:011,-0.5179,0.4512,9.8084,-0.0129,-0.0122,9.8065,0.0592,-0.0534,0.0752,-28.06,-28,24.56,326.45,-79.9,-160.73
52.418663,-1.559616,166.68,6.62,3,110.67,22 / 22,2514428,2019-09-06 18:58:01:110,1.2292,0.6249,8.724,-0.0118,0.0152,9.8066,-0.1115,0.0232,-0.1453,-28.56,-28.69,25,323.48,-79.93,-162.31
52.418663,-1.559616,166.68,6.62,3,110.67,22 / 22,2514528,2019-09-06 18:58:01:210,0.8628,-0.6102,10.2944,0.0101,-0.0294,9.8065,0.0548,0.0099,0.131,-27.94,-29,25.63,325.82,-79.43,-162.09
52.418663,-1.559616,166.68,6.62,3,110.67,22 / 22,2514629,2019-09-06 18:58:01:311,-0.4941,-0.2029,10.2119,-0.0346,0.0572,9.8064,-0.1353,-0.0571,0.0357,-28.25,-28.69,25.13,324.23,-79.22,-162.18
52.418663,-1.559616,166.68,6.62,3,110.67,22 / 22,2514728,2019-09-06 18:58:01:410,1.217,-2.3012,10.4857,-0.0265,0.0293,9.8065,0.0118,-0.0257,-0.065,-27.87,-28.37,25.69,324.95,-79.65,-163.13
52.418663,-1.559616,166.68,6.62,3,110.67,22 / 22,2514828,2019-09-06 18:58:01:510,-0.2488,-0.2463,9.9101,-0.0239,0.0017,9.8066,0.0092,0.028,0.1416,-28.19,-28.62,25.13,325.65,-79.87,-161.28
52.418663,-1.559616,166.68,6.62,3,110.67,22 / 22,2514928,2019-09-06 18:58:01:610,0.8373,-0.0521,9.6535,0.0013,0.0132,9.8066,0.0264,0.0022,-0.0275,-27.87,-27.87,25.13,325.07,-79.77,-161.89
52.418663,-1.559616,166.68,6.62,3,110.67,22 / 22,2515028,2019-09-06 18:58:01:710,0.6204,-0.4063,10.1299,-0.0048,-0.0071,9.8066,0.0551,-0.0414,0.0164,-27.12,-28.12,24.56,326.12,-79.54,-161.79
52.418663,-1.559616,166.68,6.62,3,110.67,22 / 22,2515129,2019-09-06 18:58:01:811,0.8457,-0.425,9.7601,-0.0036,-0.0081,9.8066,-0.0589,-0.0467,0.0146,-27.37,-28.5,25.19,326.44,-79.47,-161.48
52.418663,-1.559616,166.68,6.62,3,110.67,22 / 22,2515229,2019-09-06 18:58:01:911,0.5588,1.2672,10.5482,-0.0087,-0.0011,9.8066,0.0491,-0.1231,0.0052,-27,-28.31,24.69,326.41,-79.63,-161.58
52.418663,-1.559616,166.68,6.62,3,110.67,22 / 22,2515329,2019-09-06 18:58:02:011,-0.3456,0.2098,9.4392,-0.0273,0.0226,9.8065,0.091,-0.0455,0.029,-27.06,-28.12,23.69,325.75,-79.84,-161.02
52.418663,-1.559616,166.68,6.62,3,110.67,22 / 22,2515428,2019-09-06 18:58:02:110,0.7417,-0.0383,10.5822,0.0114,-0.0081,9.8066,0.0233,0.0286,0.0206,-27.87,-28.75,24.31,324.35,-79.58,-161.02
52.418663,-1.559616,166.68,6.62,3,110.67,22 / 22,2515529,2019-09-06 18:58:02:211,-0.3577,0.7071,9.9099,-0.0054,0.0017,9.8066,0.0168,0.0219,0.0302,-27.69,-28.94,24.38,324.95,-79.71,-160.57
52.418663,-1.559616,166.68,6.62,3,110.67,22 / 22,2515628,2019-09-06 18:58:02:310,-0.5746,1.155,9.1735,-0.0008,-0.0201,9.8066,0.002,0.0515,0.0328,-28.19,-28.37,24.63,326.86,-79.78,-160.32
52.418663,-1.559616,166.68,6.62,3,110.67,22 / 22,2515729,2019-09-06 18:58:02:411,-0.2711,0.6974,8.2533,-0.0344,0.0405,9.8064,0.0324,-0.0271,0.0168,-27.94,-28.06,24.19,327.1,-80.21,-159.08
52.418663,-1.559616,166.68,6.62,3,110.67,22 / 22,2515829,2019-09-06 18:58:02:511,-2.879,3.536,9.9558,-0.0803,0.0365,9.8062,0.0265,-0.0015,0.0588,-29.06,-28.25,23.94,329.88,-80.76,-155.96
52.418663,-1.559616,166.68,6.62,3,110.67,22 / 22,2515928,2019-09-06 18:58:02:610,0.5672,2.7776,10.0659,-0.0915,0.0818,9.8058,0.0694,0.1759,-0.1441,-27.81,-28.25,23.56,332.03,-80.93,-155.04
52.418663,-1.559616,166.68,6.62,3,110.67,22 / 22,2516029,2019-09-06 18:58:02:711,-2.5751,-3.3564,13.6889,0.0945,-0.0869,9.8058,0.4893,-0.2315,0.094,-28.19,-28,23.94,327.15,-79.76,-158.81
52.418663,-1.559616,166.68,6.62,3,110.67,22 / 22,2516129,2019-09-06 18:58:02:811,3.0837,1.834,9.8751,0.0176,0.0098,9.8066,-0.2084,-0.1781,0.101,-27.37,-28.56,24.5,327.62,-79.86,-160.49
52.418663,-1.559616,166.68,6.62,3,110.67,22 / 22,2516228,2019-09-06 18:58:02:910,-2.9831,-1.3062,11.6818,-0.0043,-0.0149,9.8066,0.0437,-0.2162,0.0215,-28.5,-27.94,24,324.53,-79.98,-161.24
52.418663,-1.559616,166.68,6.62,3,110.67,22 / 22,2516329,2019-09-06 18:58:03:011,-1.0705,0.8466,10.6642,-0.0868,0.0644,9.806,0.2639,-0.0717,0.005,-28.25,-28.69,24.44,326.93,-80.48,-159.22
52.418663,-1.559616,166.68,6.62,3,110.67,22 / 22,2516428,2019-09-06 18:58:03:110,-0.5197,1.1441,10.102,0.0698,-0.0664,9.8061,-0.2675,-0.0046,0.1485,-28.06,-28.62,24.38,324.98,-80.24,-160.82
52.418663,-1.559616,166.68,6.62,3,110.67,22 / 22,2516529,2019-09-06 18:58:03:211,0.962,0.2735,10.6943,-0.0133,0.0152,9.8065,0.014,0.1042,-0.0714,-27.81,-28.37,23.81,326.16,-80.58,-160.1
52.418663,-1.559616,166.68,6.62,3,110.67,22 / 22,2516629,2019-09-06 18:58:03:311,0.2642,-0.04,9.7651,0.087,-0.0507,9.806,0.1486,0.014,-0.0052,-27.56,-28.69,23.81,325.79,-80.47,-160.22
52.418663,-1.559616,166.68,6.62,3,110.67,22 / 22,2516730,2019-09-06 18:58:03:412,-0.7077,0.1454,9.2714,0.0354,-0.0206,9.8065,-0.1539,-0.0185,0.0664,-27.75,-28.44,23.56,324.81,-80.19,-161.1
52.418663,-1.559616,166.68,6.62,3,110.67,22 / 22,2516829,2019-09-06 18:58:03:511,-2.2239,-0.4643,9.5672,-0.0334,0.0243,9.8065,-0.1225,-0.0329,-0.0051,-27.75,-28.75,23.38,324.44,-80.93,-160.4
52.418663,-1.559616,166.68,6.62,3,110.67,22 / 22,2516929,2019-09-06 18:58:03:611,-0.8051,0.3907,12.5318,0.0097,-0.0126,9.8066,0.1858,0.0823,-0.0304,-28.06,-28.75,23.75,326.64,-81.02,-159.76
52.418663,-1.559616,166.68,6.62,3,110.67,22 / 22,2517028,2019-09-06 18:58:03:710,-2.2053,0.6341,10.905,0.0599,-0.046,9.8063,0.2868,-0.0251,0.1178,-27.87,-28.44,23.94,325.18,-80.38,-160.87
52.418663,-1.559616,166.68,6.62,3,110.67,22 / 22,2517129,2019-09-06 18:58:03:811,1.1769,0.4216,9.9903,0.0124,-0.0181,9.8065,-0.0019,0.0508,-0.0445,-27.75,-28.25,24.38,323.85,-79.91,-161.8
52.418663,-1.559616,166.68,6.62,3,110.67,22 / 22,2517228,2019-09-06 18:58:03:910,-0.7657,-0.7323,9.9736,0.0139,-0.0358,9.8065,0.0997,-0.0599,0.0883,-27.81,-28.25,24.88,326.88,-79.91,-160.36
52.418663,-1.559616,166.68,6.62,3,110.67,22 / 22,2517329,2019-09-06 18:58:04:011,-2.7544,0.4721,8.9677,-0.0424,0.0255,9.8065,-0.0791,-0.0665,0.0958,-28.19,-28.94,24.44,327.89,-80.35,-158.32
52.418663,-1.559616,166.68,6.62,3,110.67,22 / 22,2517428,2019-09-06 18:58:04:110,-0.8941,1.0631,9.8584,-0.0124,0.0008,9.8065,-0.0194,0.0185,-0.0076,-28.19,-28.62,23.38,328.56,-80.62,-156.58
52.418663,-1.559616,166.68,6.62,3,110.67,22 / 22,2517529,2019-09-06 18:58:04:211,-1.3021,0.1839,11.1947,-0.0022,-0.015,9.8066,0.1209,-0.0276,0.0234,-28.06,-28.87,23.94,330.64,-80.58,-156.01
52.418663,-1.559616,166.68,6.62,3,110.67,22 / 22,2517628,2019-09-06 18:58:04:310,-0.2342,0.7976,9.8915,0.0532,-0.0385,9.8064,0.071,0.0086,-0.0244,-27.87,-28.37,24.38,328.24,-80.04,-157.99
52.418663,-1.559616,166.68,6.62,3,110.67,22 / 22,2517728,2019-09-06 18:58:04:410,-0.4732,1.666,9.9603,0.0276,-0.0148,9.8065,0.0038,0.0705,-0.0471,-28.25,-28.44,24.38,327.34,-79.77,-158.65
52.418663,-1.559616,166.68,6.62,3,110.67,22 / 22,2517828,2019-09-06 18:58:04:510,-0.0973,0.5606,10.4514,0.0006,0.0059,9.8065,0.0998,0.0278,0.0064,-27.69,-28.25,23.81,327.75,-79.93,-158.37
52.418663,-1.559616,166.68,6.62,3,110.67,22 / 22,2517929,2019-09-06 18:58:04:611,-0.0099,0.1406,10.4368,0.0072,0.0044,9.8066,-0.1057,0.0382,-0.0094,-28.12,-28.44,24,327.35,-80.02,-158.77
52.418663,-1.559616,166.68,6.62,3,110.67,22 / 22,2518028,2019-09-06 18:58:04:710,0.3614,-1.2093,9.4128,0.0084,-0.0087,9.8066,0.0581,-0.0503,-0.0098,-28.19,-28.62,24.56,328.18,-80.01,-159.12
52.418663,-1.559616,166.68,6.62,3,110.67,22 / 22,2518129,2019-09-06 18:58:04:811,0.6652,-0.4574,9.9073,-0.0013,0.0026,9.8066,-0.0984,0.0227,-0.0335,-28.5,-28.31,24.75,328.8,-80.14,-158.77
52.418663,-1.559616,166.68,6.62,3,110.67,22 / 22,2518229,2019-09-06 18:58:04:911,-0.1675,-0.5137,10.0443,0.013,-0.0059,9.8066,-0.0415,-0.0372,0.0374,-28,-29,24.19,327.29,-80.19,-158.76
52.418663,-1.559616,166.68,6.62,3,110.67,22 / 22,2518329,2019-09-06 18:58:05:011,0.0117,-0.3303,9.0185,0.0346,-0.0147,9.8065,0.005,-0.0218,-0.0135,-28.12,-28.37,24.25,326.74,-80.29,-159.44
52.418346,-1.558193,167.78,12.91,3,110.35,22 / 22,2518429,2019-09-06 18:58:05:111,-0.7631,1.2463,9.3208,-0.024,0.0479,9.8064,0.147,-0.0267,-0.0006,-27.94,-29.25,23.94,326.3,-80.66,-159.87
52.418346,-1.558193,167.78,12.91,3,110.35,22 / 22,2518528,2019-09-06 18:58:05:210,-1.0622,1.2604,10.4852,-0.0039,0.0096,9.8066,0.1055,0.0378,-0.0275,-27.87,-28.75,23.5,325.57,-80.57,-160.47
52.418346,-1.558193,167.78,12.91,3,110.35,22 / 22,2518629,2019-09-06 18:58:05:311,-1.2137,0.8875,9.3497,0.0122,-0.0134,9.8066,0.1546,-0.0548,0.0392,-27.69,-28.44,23.63,324.99,-80.31,-161.01
52.418346,-1.558193,167.78,12.91,3,110.35,22 / 22,2518728,2019-09-06 18:58:05:410,-0.5216,-0.531,9.8016,0.0001,-0.0042,9.8066,-0.0408,-0.0695,0.0624,-28.12,-29,24.31,324.62,-80.12,-161.07
52.418346,-1.558193,167.78,12.91,3,110.35,22 / 22,2518829,2019-09-06 18:58:05:511,-0.4011,1.3371,9.4467,-0.0122,0.0004,9.8066,-0.0607,0.0508,-0.007,-28,-28.69,23.75,325.75,-80.37,-160.21
52.418346,-1.558193,167.78,12.91,3,110.35,22 / 22,2518929,2019-09-06 18:58:05:611,0.3902,0.6212,10.4023,-0.0135,0.0111,9.8066,-0.0908,-0.063,0.0037,-27.94,-29.12,23.5,327.13,-80.56,-159.09
52.418346,-1.558193,167.78,12.91,3,110.35,22 / 22,2519028,2019-09-06 18:58:05:710,0.7701,0.0247,10.4956,0.0068,-0.0261,9.8066,-0.0394,0.0395,0.0017,-28.19,-28.81,23.69,327.63,-80.58,-158.65
52.418346,-1.558193,167.78,12.91,3,110.35,22 / 22,2519128,2019-09-06 18:58:05:810,1.4656,-1.1612,9.4234,-0.003,0.0074,9.8066,-0.0155,0.0012,0.0101,-27.56,-28.62,23.63,327.45,-80.42,-158.74
52.418346,-1.558193,167.78,12.91,3,110.35,22 / 22,2519229,2019-09-06 18:58:05:911,-1.1407,-1.1609,9.0586,-0.0144,0.02,9.8066,0.0173,-0.0315,0.0094,-28.37,-28.5,24.06,327.8,-80.53,-158.61
52.418346,-1.558193,167.78,12.91,3,110.35,22 / 22,2519329,2019-09-06 18:58:06:011,0.7578,0.5602,7.18,-0.0274,0.0439,9.8065,-0.1446,-0.0808,-0.0359,-28.06,-28.94,23.19,326.35,-81.28,-158.87
52.418346,-1.558193,167.78,12.91,3,110.35,22 / 22,2519429,2019-09-06 18:58:06:111,-1.899,0.2283,10.027,-0.0309,0.0289,9.8065,-0.1743,-0.0851,-0.0058,-27.5,-28.69,22.88,327.45,-81.66,-159.03
52.418346,-1.558193,167.78,12.91,3,110.35,22 / 22,2519529,2019-09-06 18:58:06:211,-2.0023,4.6089,11.3135,0.0189,0.0143,9.8066,0.2976,-0.2237,0.052,-27.62,-28.94,23.69,325.72,-81.95,-161.05
52.418346,-1.558193,167.78,12.91,3,110.35,22 / 22,2519629,2019-09-06 18:58:06:311,-0.2192,2.9599,9.8176,0.0331,-0.0222,9.8065,0.0893,0.047,-0.267,-27.56,-28.31,23.5,321.02,-81.1,-164.99
52.418346,-1.558193,167.78,12.91,3,110.35,22 / 22,2519729,2019-09-06 18:58:06:411,2.0328,0.5758,9.5894,0.0199,-0.0509,9.8064,0.0481,0.1426,0.0782,-27.44,-28.75,24.19,322.62,-80.49,-163.99
52.418346,-1.558193,167.78,12.91,3,110.35,22 / 22,2519828,2019-09-06 18:58:06:510,-1.2641,-0.5133,9.7917,-0.0532,0.0487,9.8063,-0.1039,-0.0361,0.1099,-27.31,-29,24.13,325.28,-81.15,-161.98
52.418346,-1.558193,167.78,12.91,3,110.35,22 / 22,2519929,2019-09-06 18:58:06:611,-0.8799,1.3297,9.1959,-0.0219,0.0299,9.8066,-0.1285,0.042,-0.1272,-27.44,-29.19,23,324.14,-81.59,-161.96
52.418346,-1.558193,167.78,12.91,3,110.35,22 / 22,2520028,2019-09-06 18:58:06:710,-1.3775,1.6183,8.9785,-0.0013,-0.0025,9.8066,-0.0043,-0.0109,0.0552,-27,-29.12,23.44,323.9,-81.74,-162.26
52.418346,-1.558193,167.78,12.91,3,110.35,22 / 22,2520129,2019-09-06 18:58:06:811,-0.3238,0.3238,9.6939,0.0191,-0.0087,9.8066,0.1057,-0.0342,0.0189,-27.37,-29.19,23.69,324.5,-81.55,-162.89
52.418346,-1.558193,167.78,12.91,3,110.35,22 / 22,2520229,2019-09-06 18:58:06:911,-1.3845,1.4791,9.6552,-0.011,0.005,9.8066,-0.0509,0.007,-0.0231,-27.19,-28.81,23.88,323.96,-81.29,-163.24
52.418346,-1.558193,167.78,12.91,3,110.35,22 / 22,2520328,2019-09-06 18:58:07:010,-0.946,-0.2513,10.2359,-0.008,-0.0059,9.8065,0.0287,-0.018,-0.0112,-27.44,-28.69,24.31,324.62,-81.15,-162.57
52.418346,-1.558193,167.78,12.91,3,110.35,22 / 22,2520429,2019-09-06 18:58:07:111,-0.2993,1.459,9.5255,-0.0179,0.0009,9.8066,0.0428,-0.1694,0.0808,-27.69,-29.44,24.5,326.41,-81.28,-161.32
52.418346,-1.558193,167.78,12.91,3,110.35,22 / 22,2520528,2019-09-06 18:58:07:210,-1.1172,-0.0785,9.9515,-0.0103,0.015,9.8066,-0.0808,0.0484,-0.0713,-27.62,-29,23.81,325.67,-81.33,-160.78
52.418346,-1.558193,167.78,12.91,3,110.35,22 / 22,2520628,2019-09-06 18:58:07:310,-1.0066,0.852,8.9334,-0.019,0.0038,9.8065,-0.011,-0.0534,0.0869,-27.62,-29,22.94,325.48,-81.42,-159.73
52.418346,-1.558193,167.78,12.91,3,110.35,22 / 22,2520729,2019-09-06 18:58:07:411,-0.1027,0.0955,9.6769,0.0169,-0.0099,9.8066,-0.1384,0.0196,-0.0325,-27.44,-28.75,23.88,327.92,-81.43,-159.77
52.418346,-1.558193,167.78,12.91,3,110.35,22 / 22,2520829,2019-09-06 18:58:07:511,0.2173,1.1673,9.7361,-0.0088,0.0157,9.8065,-0.0473,-0.0721,0.0261,-27.37,-28.12,23.88,327.09,-81.44,-160.65
52.418346,-1.558193,167.78,12.91,3,110.35,22 / 22,2520928,2019-09-06 18:58:07:610,-0.1785,0.7445,9.8334,-0.0032,-0.0027,9.8066,0.0235,-0.0305,0.0035,-27.69,-28.69,23.25,323.73,-81.24,-161.2
52.418346,-1.558193,167.78,12.91,3,110.35,22 / 22,2521028,2019-09-06 18:58:07:710,-0.2859,0.3765,9.7037,0.0061,-0.0175,9.8065,0.0731,-0.0143,0.0032,-27.44,-28.37,22.81,325.62,-81.25,-160.59
52.418346,-1.558193,167.78,12.91,3,110.35,22 / 22,2521128,2019-09-06 18:58:07:810,0.1225,-0.158,9.2083,-0.0091,0.0018,9.8066,-0.0797,0.008,0.0631,-27.75,-28.87,23.81,327.15,-81.52,-159.55
52.418346,-1.558193,167.78,12.91,3,110.35,22 / 22,2521229,2019-09-06 18:58:07:911,-0.4003,0.8218,9.3523,-0.0063,-0.006,9.8066,0.0659,0.024,0.0451,-27.87,-28.25,23.5,328.9,-81.62,-158.14
52.418346,-1.558193,167.78,12.91,3,110.35,22 / 22,2521328,2019-09-06 18:58:08:010,0.1398,0.2722,10.2436,-0.0044,0.0004,9.8066,0.0084,0.0605,-0.0667,-28.12,-28.87,23.5,329.73,-81.58,-157.27
52.418346,-1.558193,167.78,12.91,3,110.35,22 / 22,2521428,2019-09-06 18:58:08:110,-0.2067,-0.5004,10.2706,0.0172,-0.0119,9.8066,0.0359,-0.0262,0.0482,-27.81,-29.12,23.69,329.21,-81.43,-157.66
52.418346,-1.558193,167.78,12.91,3,110.35,22 / 22,2521529,2019-09-06 18:58:08:211,0.3786,0.8922,9.7978,-0.0022,0.0323,9.8066,-0.0728,0.0383,-0.1147,-28,-28.87,23.69,327.85,-81.55,-158.93
52.418346,-1.558193,167.78,12.91,3,110.35,22 / 22,2521628,2019-09-06 18:58:08:310,-0.4234,-0.8396,9.8228,0.0156,0.0109,9.8066,0.0191,0.012,-0.0109,-27.25,-28.81,23.31,325.62,-81.77,-160.73
52.418346,-1.558193,167.78,12.91,3,110.35,22 / 22,2521729,2019-09-06 18:58:08:411,-0.1271,0.5577,9.9765,0.0146,0.0272,9.8066,-0.0837,0.0225,-0.043,-27.31,-29.56,24,324.54,-81.95,-162.94
52.418346,-1.558193,167.78,12.91,3,110.35,22 / 22,2521828,2019-09-06 18:58:08:510,-0.8649,0.0174,10.1557,0.0052,0.0101,9.8066,0.048,0.0025,-0.0786,-26.87,-29.56,23.81,323.51,-82.03,-163.92
52.418346,-1.558193,167.78,12.91,3,110.35,22 / 22,2521928,2019-09-06 18:58:08:610,1.286,1.5047,9.2419,-0.0043,0.0019,9.8066,0.0598,-0.0563,0.0464,-26.37,-29.44,23.88,323.83,-81.99,-164.74
52.418346,-1.558193,167.78,12.91,3,110.35,22 / 22,2522028,2019-09-06 18:58:08:710,-0.9856,0.2602,9.7906,0.0142,-0.0088,9.8066,0.0925,0.0266,-0.0648,-27.5,-28.94,23.19,319.64,-82.04,-166.29
52.418346,-1.558193,167.78,12.91,3,110.35,22 / 22,2522128,2019-09-06 18:58:08:810,0.9517,1.3294,10.5406,-0.0461,-0.0184,9.8065,-0.006,-0.0664,0.1252,-27.12,-28.94,23.19,322.5,-82.21,-163.79
52.418346,-1.558193,167.78,12.91,3,110.35,22 / 22,2522229,2019-09-06 18:58:08:911,0.8539,-0.4881,9.7253,0.0424,-0.0461,9.8064,0.1785,-0.0171,0.0041,-27.37,-28.87,23.31,322.54,-82.06,-163.67
52.418346,-1.558193,167.78,12.91,3,110.35,22 / 22,2522329,2019-09-06 18:58:09:011,-0.1941,-0.3134,9.3691,-0.002,-0.0446,9.8065,-0.0561,0.0031,0.1286,-27.5,-29.12,23.19,325.29,-82.06,-161.18
52.418346,-1.558193,167.78,12.91,3,110.35,22 / 22,2522429,2019-09-06 18:58:09:111,0.6945,-1.1586,9.5325,0.0033,-0.0414,9.8065,0.0237,-0.0095,0.1044,-27.69,-28.94,23.5,328.6,-82.01,-158.48
52.418346,-1.558193,167.78,12.91,3,110.35,22 / 22,2522528,2019-09-06 18:58:09:210,-1.0244,0.247,9.1827,0.0063,-0.0136,9.8066,-0.0215,-0.0613,0.008,-27.44,-28.87,23.56,332.35,-82.01,-156.08
52.418346,-1.558193,167.78,12.91,3,110.35,22 / 22,2522629,2019-09-06 18:58:09:311,0.2009,1.689,8.5901,-0.0296,0.024,9.8065,-0.1323,-0.1126,0.0639,-27.87,-28.5,23.31,331.65,-82.34,-154.73
52.418346,-1.558193,167.78,12.91,3,110.35,22 / 22,2522729,2019-09-06 18:58:09:411,1.1068,-3.1266,10.7258,-0.0006,-0.0051,9.8065,-0.08,-0.0448,-0.0123,-28.31,-28.5,22.38,330.75,-82.35,-154.25
52.418346,-1.558193,167.78,12.91,3,110.35,22 / 22,2522829,2019-09-06 18:58:09:511,-1.6957,0.7131,10.0568,0.0266,-0.0111,9.8066,0.0588,-0.0152,0.0062,-27.62,-28.62,23.06,331.56,-82.4,-154.73
52.418346,-1.558193,167.78,12.91,3,110.35,22 / 22,2522929,2019-09-06 18:58:09:611,-0.6627,0.9976,9.4284,0.0352,-0.0229,9.8065,-0.1072,-0.0343,-0.0136,-28.12,-28.69,22.75,330.93,-82.37,-155.29
52.418346,-1.558193,167.78,12.91,3,110.35,22 / 22,2523029,2019-09-06 18:58:09:711,0.3373,0.6418,10.0499,-0.0082,-0.0115,9.8066,-0.0464,0.0225,0.0059,-28.25,-29.19,22.94,331.84,-82.38,-154.48
52.418346,-1.558193,167.78,12.91,3,110.35,22 / 22,2523128,2019-09-06 18:58:09:810,-0.0693,0.5159,9.6586,0.0238,-0.0199,9.8065,-0.1768,-0.0648,0.0199,-28.12,-28.75,23,332.43,-82.19,-153.86
52.418346,-1.558193,167.78,12.91,3,110.35,22 / 22,2523228,2019-09-06 18:58:09:910,-1.8494,0.4905,9.9008,-0.0316,0.0087,9.8065,-0.1467,-0.0075,-0.0405,-28,-28.37,23.31,334.02,-82.46,-152.64
52.418346,-1.558193,167.78,12.91,3,110.35,22 / 22,2523329,2019-09-06 18:58:10:011,0.5947,0.2457,9.6594,-0.0115,-0.0005,9.8066,0.0358,0.021,0.0719,-27.94,-28.56,22.88,334.55,-82.32,-152.02
52.418346,-1.558193,167.78,12.91,3,110.35,22 / 22,2523428,2019-09-06 18:58:10:110,-0.2548,0.3325,9.9002,-0.0099,0.0161,9.8065,-0.0237,-0.0487,-0.008,-28.56,-29.06,23.25,333.45,-82.26,-152.05
52.418346,-1.558193,167.78,12.91,3,110.35,22 / 22,2523529,2019-09-06 18:58:10:211,0.3513,-0.2908,9.3281,-0.019,0.0042,9.8065,-0.0146,-0.0376,0.0144,-28.62,-28.69,23.19,333.73,-82.39,-151.85
52.418346,-1.558193,167.78,12.91,3,110.35,22 / 22,2523629,2019-09-06 18:58:10:311,0.0808,-0.8514,9.5265,-0.0007,-0.0094,9.8066,0.0408,-0.0657,0.0562,-28.25,-28.81,23.38,335.98,-82.33,-150.74
52.418346,-1.558193,167.78,12.91,3,110.35,22 / 22,2523728,2019-09-06 18:58:10:410,-1.6132,0.4351,9.9513,0.0145,-0.0089,9.8066,-0.0813,0.0038,-0.0357,-28.25,-28.44,23.06,336.52,-82.43,-150.37
52.418346,-1.558193,167.78,12.91,3,110.35,22 / 22,2523828,2019-09-06 18:58:10:510,0.0359,0.2068,10.3385,-0.0111,-0.0034,9.8066,0.002,0.0237,0.0293,-28.87,-28.44,23.06,336.58,-82.53,-149.42
52.418346,-1.558193,167.78,12.91,3,110.35,22 / 22,2523929,2019-09-06 18:58:10:611,-0.9944,0.4488,9.6565,-0.0033,0.0152,9.8066,0.0222,0.0271,-0.0233,-28.5,-28.94,23.81,338.13,-82.49,-150.11
52.418346,-1.558193,167.78,12.91,3,110.35,22 / 22,2524029,2019-09-06 18:58:10:711,-0.3099,-0.2479,10.5567,-0.0017,0.0185,9.8066,-0.0882,-0.036,-0.0097,-28.25,-28.69,23.69,336.88,-82.37,-151.19
52.418346,-1.558193,167.78,12.91,3,110.35,22 / 22,2524129,2019-09-06 18:58:10:811,0.5765,0.2658,9.7806,-0.0046,0.0355,9.8065,0.0289,-0.0518,-0.0825,-27.81,-29.37,23.38,332.96,-82.57,-153.55
52.418346,-1.558193,167.78,12.91,3,110.35,22 / 22,2524229,2019-09-06 18:58:10:911,0.2112,-0.0747,9.926,0.0025,-0.0112,9.8066,0.0688,-0.007,-0.0204,-27.75,-28.75,23.44,331.08,-82.54,-155.23
52.418346,-1.558193,167.78,12.91,3,110.35,22 / 22,2524329,2019-09-06 18:58:11:011,-0.3938,-0.5591,10.8297,-0.0057,-0.0091,9.8066,-0.0129,-0.0517,0.0604,-27.75,-28.69,23.56,332.96,-82.42,-154.73
52.418346,-1.558193,167.78,12.91,3,110.35,22 / 22,2524429,2019-09-06 18:58:11:111,1.4085,-0.64,9.2514,0.0022,0.0104,9.8066,-0.0814,0.0536,-0.0058,-27.94,-28.37,23.69,333.6,-82.51,-154.28
52.418346,-1.558193,167.78,12.91,3,110.35,22 / 22,2524529,2019-09-06 18:58:11:211,-0.9515,0.7539,10.5644,-0.0125,-0.0012,9.8066,0.0687,-0.0093,0.0047,-28.06,-28.94,23.25,333.27,-82.63,-153.29
52.418346,-1.558193,167.78,12.91,3,110.35,22 / 22,2524628,2019-09-06 18:58:11:310,-0.2862,-0.1076,9.8734,0.0518,-0.025,9.8064,0.2058,-0.0672,-0.0346,-27.75,-29.25,23.19,333.81,-82.98,-152.94
52.418346,-1.558193,167.78,12.91,3,110.35,22 / 22,2524729,2019-09-06 18:58:11:411,-0.6446,1.7448,10.8192,0.0711,-0.0371,9.8062,-0.0431,-0.0603,0.0827,-27.31,-28.56,23.06,330.4,-82.66,-156.86
52.418346,-1.558193,167.78,12.91,3,110.35,22 / 22,2524829,2019-09-06 18:58:11:511,-0.7681,-0.9284,8.8815,0.0265,-0.0297,9.8065,0.0031,-0.03,0.0775,-27.69,-28.56,23.31,329.68,-82.39,-156.42
52.418346,-1.558193,167.78,12.91,3,110.35,22 / 22,2524928,2019-09-06 18:58:11:610,-1.209,1.0028,10.0303,0.0355,-0.0093,9.8065,-0.0768,-0.0619,-0.0586,-27.94,-28.69,23.25,328.16,-82.36,-157.79
52.418346,-1.558193,167.78,12.91,3,110.35,22 / 22,2525028,2019-09-06 18:58:11:710,-0.4916,0.1776,9.4994,-0.0315,0.0159,9.8065,-0.1117,-0.0587,-0.0217,-27.87,-29.12,23.31,329.94,-82.74,-156.35
52.418346,-1.558193,167.78,12.91,3,110.35,22 / 22,2525128,2019-09-06 18:58:11:810,-1.2035,1.661,9.339,-0.0097,0.009,9.8065,0.1745,0.0686,0.0114,-27.5,-28.62,24.19,332.13,-82.65,-156.55
52.418346,-1.558193,167.78,12.91,3,110.35,22 / 22,2525229,2019-09-06 18:58:11:911,0.3574,0.4914,9.6638,0.0107,0.0044,9.8066,0.1366,-0.047,0.075,-27.69,-28.06,23,330.06,-82.8,-156.37
52.418346,-1.558193,167.78,12.91,3,110.35,22 / 22,2525329,2019-09-06 18:58:12:011,1.1735,-0.4775,10.7576,-0.0067,-0.0289,9.8066,0.0371,-0.0362,0.0201,-27.56,-29.12,23.13,330.32,-82.71,-155.99
52.418346,-1.558193,167.78,12.91,3,110.35,21 / 22,2525428,2019-09-06 18:58:12:110,1.033,-0.0178,9.8937,0.0089,-0.0288,9.8066,0.0639,0.0004,0.0715,-27.5,-29,23.75,334.59,-82.45,-154.26
52.418346,-1.558193,167.78,12.91,3,110.35,21 / 22,2525529,2019-09-06 18:58:12:211,-0.2028,0.481,9.4011,-0.0198,-0.0014,9.8065,0.01,0.0106,0.0273,-28,-28.5,23.38,333.97,-82.4,-152.66
52.418346,-1.558193,167.78,12.91,3,110.35,21 / 22,2525628,2019-09-06 18:58:12:310,0.5286,-0.9119,9.6045,-0.0175,0.0132,9.8066,-0.0458,0.0257,-0.0526,-28.37,-28.62,22.88,334.83,-82.42,-151.8
52.418346,-1.558193,167.78,12.91,3,110.35,21 / 22,2525729,2019-09-06 18:58:12:411,0.3815,-0.1242,9.8798,-0.0103,0.0141,9.8066,-0.0363,0.0607,-0.0239,-28.62,-28.81,23.44,335.06,-82.68,-150.77
52.418346,-1.558193,167.78,12.91,3,110.35,21 / 22,2525829,2019-09-06 18:58:12:511,0.8529,0.0829,9.1349,0.0129,0.0023,9.8066,-0.0167,-0.0299,-0.001,-27.87,-28.81,23.13,335.2,-82.83,-151.62
52.418346,-1.558193,167.78,12.91,3,110.35,21 / 22,2525930,2019-09-06 18:58:12:612,-0.1207,0,9.8001,-0.0048,0.0036,9.8066,0.0208,-0.0369,-0.0052,-28.5,-28.5,23.25,335.64,-82.93,-151.35
52.418346,-1.558193,167.78,12.91,3,110.35,21 / 22,2526029,2019-09-06 18:58:12:711,-0.4452,-0.4749,10.9702,0.0006,-0.0032,9.8066,0.0023,-0.0604,0.0132,-28.87,-28.81,22.94,333.93,-82.86,-151.86
52.418346,-1.558193,167.78,12.91,3,110.35,21 / 22,2526128,2019-09-06 18:58:12:810,-0.0779,1.1074,9.7828,0.0161,-0.0302,9.8065,0.0544,-0.025,0.0662,-28.44,-28.87,23.13,334.77,-82.6,-151.93
52.418346,-1.558193,167.78,12.91,3,110.35,21 / 22,2526229,2019-09-06 18:58:12:911,0.7618,-0.2395,9.631,-0.0257,-0.0047,9.8065,-0.0757,-0.0242,0.034,-28.62,-28.25,23.88,334.9,-82.51,-152.17
52.418346,-1.558193,167.78,12.91,3,110.35,21 / 22,2526328,2019-09-06 18:58:13:010,-0.8613,0.3889,9.6047,0.0072,0.0051,9.8066,-0.1395,0.0186,0.0469,-27.69,-28,23.69,336.62,-82.52,-151.55
52.418346,-1.558193,167.78,12.91,3,110.35,21 / 21,2526429,2019-09-06 18:58:13:111,0.5579,-0.3471,9.4774,-0.0205,0.0097,9.8066,-0.0826,-0.0192,0.0308,-28,-28.56,23.19,336.59,-82.67,-150.31
52.418346,-1.558193,167.78,12.91,3,110.35,21 / 21,2526529,2019-09-06 18:58:13:211,-0.8494,0.2225,10.0277,-0.002,-0.002,9.8066,0.0939,0.0045,0.0011,-28.31,-29,23.38,336.58,-82.68,-150.33
52.418346,-1.558193,167.78,12.91,3,110.35,21 / 21,2526630,2019-09-06 18:58:13:312,0.1762,0.0021,10.2182,0.0064,0.0006,9.8066,0.0703,-0.0181,-0.019,-28.25,-28.56,23.25,335.94,-82.66,-150.89
52.418346,-1.558193,167.78,12.91,3,110.35,21 / 21,2526729,2019-09-06 18:58:13:411,-0.2679,0.33,10.6942,0.0113,-0.0055,9.8066,0.0046,0.0364,-0.0263,-28.37,-28.75,23.25,335.41,-82.56,-151.33
52.418346,-1.558193,167.78,12.91,3,110.35,21 / 21,2526829,2019-09-06 18:58:13:511,-0.1313,0.9971,9.72,0.0164,-0.0102,9.8066,0.0226,0.0436,-0.0131,-28.06,-28.25,23.31,334.58,-82.55,-152.17
52.418346,-1.558193,167.78,12.91,3,110.35,21 / 21,2526929,2019-09-06 18:58:13:611,0.4265,-0.105,9.1002,0.0062,-0.0173,9.8066,-0.0368,-0.0441,0.056,-28.25,-28.94,23.31,333.79,-82.39,-152.72
52.418346,-1.558193,167.78,12.91,3,110.35,21 / 21,2527028,2019-09-06 18:58:13:710,-0.9525,1.0438,9.1863,-0.0294,0.0063,9.8065,-0.1444,-0.0195,0.0175,-28.31,-28.44,23.56,337.88,-82.51,-150.41
52.418346,-1.558193,167.78,12.91,3,110.35,21 / 21,2527128,2019-09-06 18:58:13:810,-0.9247,1.7064,9.2315,-0.034,0.0185,9.8065,-0.0275,-0.0899,0.056,-28.5,-29.31,23.25,337.71,-82.58,-149.28
52.418346,-1.558193,167.78,12.91,3,110.35,21 / 21,2527228,2019-09-06 18:58:13:910,-0.5766,-0.6617,10.4751,-0.0155,0.0025,9.8066,0.0262,-0.0188,-0.0003,-28.31,-28.94,23.31,338.69,-82.6,-148.4
52.418346,-1.558193,167.78,12.91,3,110.35,21 / 21,2527329,2019-09-06 18:58:14:011,0.0172,-0.3364,9.7682,-0.0274,0.023,9.8065,0.1154,-0.023,0.0403,-28.37,-28.31,23.75,339.53,-82.56,-148.94
52.41797,-1.556547,167.91,13.44,2,110.43,22 / 22,2527429,2019-09-06 18:58:14:111,0.4183,-0.54,9.1642,0.0063,0.0118,9.8066,-0.1278,-0.0063,-0.0131,-28.25,-28.75,23.38,337.06,-82.43,-149.8
52.41797,-1.556547,167.91,13.44,2,110.43,22 / 22,2527529,2019-09-06 18:58:14:211,-0.7679,-0.0967,10.593,-0.0093,0.0148,9.8066,-0.071,-0.0468,-0.0435,-28,-28.44,23.13,336.87,-82.73,-150.16
52.41797,-1.556547,167.91,13.44,2,110.43,22 / 22,2527629,2019-09-06 18:58:14:311,-0.5603,1.4713,10.1503,0.0119,-0.0127,9.8066,0.0569,-0.0317,0.0193,-27.81,-29.19,23.25,335.88,-82.84,-151.01
52.41797,-1.556547,167.91,13.44,2,110.43,22 / 22,2527729,2019-09-06 18:58:14:411,0.2359,-0.3024,10.3459,0.0041,-0.011,9.8065,0.0295,-0.0283,0.058,-28.25,-28.31,23.44,335.7,-82.68,-151.2
52.41797,-1.556547,167.91,13.44,2,110.43,22 / 22,2527829,2019-09-06 18:58:14:511,-0.2337,0.366,10.7831,0.0123,-0.0078,9.8066,0.0174,0.013,-0.0117,-27.75,-28.5,23.38,335.8,-82.48,-151.04
52.41797,-1.556547,167.91,13.44,2,110.43,22 / 22,2527929,2019-09-06 18:58:14:611,-0.76,-0.1298,10.0947,0.012,-0.0072,9.8066,-0.0136,-0.005,-0.0488,-28.31,-28.69,23.56,336.53,-82.38,-151.51
52.41797,-1.556547,167.91,13.44,2,110.43,22 / 22,2528029,2019-09-06 18:58:14:711,-0.2512,-0.3555,8.8753,-0.0128,0.0082,9.8066,0.0025,-0.0437,-0.0296,-28.06,-28.25,23.94,336.66,-82.48,-151.5
52.41797,-1.556547,167.91,13.44,2,110.43,22 / 22,2528128,2019-09-06 18:58:14:810,-0.4576,-0.3011,9.8756,-0.0183,0.0078,9.8065,0.0132,0.0558,0.0203,-28.37,-28.94,23.44,337.03,-82.76,-149.95
52.41797,-1.556547,167.91,13.44,2,110.43,22 / 22,2528229,2019-09-06 18:58:14:911,-1.3127,0.1289,10.1681,-0.0009,0.015,9.8066,0.0041,-0.0589,0.0298,-27.87,-28.69,23.38,338.69,-83.06,-148.55
52.41797,-1.556547,167.91,13.44,2,110.43,22 / 22,2528328,2019-09-06 18:58:15:010,1.174,0.4289,10.1606,0.0145,-0.0065,9.8065,0.0583,0.0006,-0.0407,-27.94,-29,23.13,337.24,-83.06,-149.86
52.41797,-1.556547,167.91,13.44,2,110.43,22 / 22,2528429,2019-09-06 18:58:15:111,1.1932,0.6544,10.3845,0.0404,-0.0327,9.8065,0.0823,0.0464,-0.0336,-27.62,-28.44,23.25,335.19,-82.67,-151.66
52.41797,-1.556547,167.91,13.44,2,110.43,22 / 22,2528529,2019-09-06 18:58:15:211,-0.8037,0.3516,10.3174,0.0084,0.0029,9.8066,-0.0276,0.0403,-0.0084,-27.94,-28.56,23.5,336.45,-82.64,-151.67
52.41797,-1.556547,167.91,13.44,2,110.43,22 / 22,2528628,2019-09-06 18:58:15:310,-0.5821,-0.0924,9.2223,-0.0019,0.0038,9.8066,-0.0672,-0.0155,0.0089,-28.19,-28.56,23.69,337.89,-82.71,-150.39
52.41797,-1.556547,167.91,13.44,2,110.43,22 / 22,2528728,2019-09-06 18:58:15:410,-1.5003,0.7176,9.4733,-0.0053,-0.0121,9.8066,0.0666,0.015,0.0708,-28.81,-28.81,23.31,336.82,-82.75,-149.2
52.41797,-1.556547,167.91,13.44,2,110.43,22 / 22,2528829,2019-09-06 18:58:15:511,-1.0088,-0.5018,9.9574,-0.01,0.0043,9.8066,-0.0381,0.046,-0.0277,-28.37,-29,23.31,339.71,-82.91,-147.58
52.41797,-1.556547,167.91,13.44,2,110.43,22 / 22,2528929,2019-09-06 18:58:15:611,0.2206,0.4022,10.0847,-0.0129,0.0058,9.8066,0.0536,0.0232,-0.0041,-28.37,-28.75,23.06,340.59,-82.95,-146.8
52.41797,-1.556547,167.91,13.44,2,110.43,22 / 22,2529029,2019-09-06 18:58:15:711,0.8745,-0.014,9.6269,0.0423,-0.0237,9.8065,0.1565,0.0227,-0.018,-28.75,-28.56,23.13,337.92,-82.72,-148.19
52.41797,-1.556547,167.91,13.44,2,110.43,22 / 22,2529129,2019-09-06 18:58:15:811,-0.3441,0.138,10.2244,0.0675,-0.0453,9.8063,-0.0522,0.039,-0.0311,-28,-28.56,23,337.39,-82.53,-149.55
52.41797,-1.556547,167.91,13.44,2,110.43,22 / 22,2529229,2019-09-06 18:58:15:911,-1.905,-0.0434,9.4795,-0.042,0.0282,9.8064,-0.164,0.0287,0.0415,-28.5,-28.19,23.31,337.13,-82.47,-149.84
52.41797,-1.556547,167.91,13.44,2,110.43,22 / 22,2529329,2019-09-06 18:58:16:011,0.4081,1.1063,10.267,-0.0196,0.0168,9.8065,0.1902,-0.0442,0.0202,-28.19,-28.19,23.81,340.02,-82.64,-148.52
52.41797,-1.556547,167.91,13.44,2,110.43,22 / 22,2529429,2019-09-06 18:58:16:111,-2.0229,1.1965,9.1488,-0.0211,0.013,9.8065,-0.0114,-0.088,-0.0087,-28.44,-28.44,23.56,340.44,-82.8,-148.19
52.41797,-1.556547,167.91,13.44,2,110.43,22 / 22,2529528,2019-09-06 18:58:16:210,-0.0753,-0.1993,10.5264,0.0005,-0.0114,9.8066,0.0087,-0.0404,-0.0183,-28.69,-28.5,23.5,338.74,-82.56,-148.7
52.41797,-1.556547,167.91,13.44,2,110.43,22 / 22,2529629,2019-09-06 18:58:16:311,-0.3488,0.2918,10.0007,-0.0063,0.0142,9.8066,0.1002,0.0275,-0.0274,-28,-28.75,23.5,340.14,-82.66,-148.35
52.41797,-1.556547,167.91,13.44,2,110.43,22 / 22,2529729,2019-09-06 18:58:16:411,-0.007,-0.3045,9.4387,-0.0012,0.0106,9.8066,-0.0235,-0.0062,0.0208,-27.94,-29.19,23.44,338.06,-82.66,-148.99
52.41797,-1.556547,167.91,13.44,2,110.43,22 / 22,2529828,2019-09-06 18:58:16:510,0.7161,0.8877,9.3341,0.0026,0.011,9.8066,0.0052,-0.0442,-0.0317,-27.69,-28.5,23.5,340.01,-82.75,-148.56
52.41797,-1.556547,167.91,13.44,2,110.43,22 / 22,2529929,2019-09-06 18:58:16:611,-0.2662,-0.1698,10.0762,0.0008,0.0058,9.8066,0.0127,0.0304,-0.0574,-28,-28.12,23.38,337.41,-82.88,-149.72
52.41797,-1.556547,167.91,13.44,2,110.43,22 / 22,2530029,2019-09-06 18:58:16:711,-1.007,0.6569,9.2792,0.0008,-0.0029,9.8066,-0.0253,-0.0228,0.0527,-28.12,-29.12,23.38,337.83,-82.94,-149.29
52.41797,-1.556547,167.91,13.44,2,110.43,22 / 22,2530129,2019-09-06 18:58:16:811,0.7097,-0.1487,9.1184,0.0147,-0.0115,9.8066,-0.0894,0.0315,0.0315,-27.75,-28.69,22.94,338.38,-82.91,-148.79
52.41797,-1.556547,167.91,13.44,2,110.43,22 / 22,2530228,2019-09-06 18:58:16:910,-0.139,1.1708,9.0803,-0.0275,0.0121,9.8065,-0.1199,0.0704,0.003,-27.94,-28.62,23.38,339.62,-82.91,-147.67
52.41797,-1.556547,167.91,13.44,2,110.43,22 / 22,2530329,2019-09-06 18:58:17:011,-0.6496,0.333,9.422,0.006,-0.0091,9.8065,-0.042,0.0216,-0.0009,-28.19,-28.5,22.75,341.87,-82.96,-145.71
52.41797,-1.556547,167.91,13.44,2,110.43,21 / 21,2530429,2019-09-06 18:58:17:111,0.2332,-0.047,9.3642,-0.0409,0.0276,9.8064,0.1548,-0.0149,0.0059,-28.62,-28.69,23.25,342.44,-83.13,-144.24
52.41797,-1.556547,167.91,13.44,2,110.43,21 / 21,2530528,2019-09-06 18:58:17:210,-0.8559,-0.3027,10.1861,-0.0261,0.0144,9.8065,0.1064,0.0098,0.0033,-28.25,-28.94,23.25,343.33,-83.02,-144.36
52.41797,-1.556547,167.91,13.44,2,110.43,21 / 21,2530629,2019-09-06 18:58:17:311,0.4639,0.1544,9.7849,0.0085,0.0034,9.8065,0.0806,-0.0221,0.0189,-28.75,-28.62,22.56,341.64,-82.9,-144.9
52.41797,-1.556547,167.91,13.44,2,110.43,21 / 21,2530729,2019-09-06 18:58:17:411,0.3674,-0.0852,9.7694,0.0016,-0.0131,9.8066,-0.089,0.0293,0.0405,-28.19,-28.37,22.75,342.92,-82.83,-144.73
52.41797,-1.556547,167.91,13.44,2,110.43,21 / 21,2530829,2019-09-06 18:58:17:511,-1.064,0.8678,10.3256,0.0077,-0.0113,9.8066,-0.079,0.0262,-0.0155,-28.69,-28.81,23.5,344.06,-82.84,-143.92
52.41797,-1.556547,167.91,13.44,2,110.43,21 / 21,2530929,2019-09-06 18:58:17:611,-0.4916,0.5116,10.0941,0.0202,-0.0128,9.8066,0.0244,-0.0042,-0.0294,-28.62,-29,23.19,341.55,-82.63,-144.9
52.41797,-1.556547,167.91,13.44,2,110.43,21 / 21,2531028,2019-09-06 18:58:17:710,0.5588,0.3047,9.667,-0.0182,0.0002,9.8065,-0.0235,-0.0119,0.0447,-28.75,-28.81,23.56,343.17,-82.47,-144.62
52.41797,-1.556547,167.91,13.44,2,110.43,21 / 21,2531130,2019-09-06 18:58:17:812,-0.1567,-0.2871,9.8255,-0.0259,0.0199,9.8066,0.0507,0.0151,-0.0312,-28.25,-27.69,23.31,343.19,-82.47,-144.39
52.41797,-1.556547,167.91,13.44,2,110.43,21 / 21,2531228,2019-09-06 18:58:17:910,0.1428,0.3713,8.8718,-0.0116,0.0161,9.8066,-0.0794,-0.0007,-0.0096,-28.56,-28.69,22.81,342.64,-82.66,-143.93
52.41797,-1.556547,167.91,13.44,2,110.43,21 / 21,2531328,2019-09-06 18:58:18:010,1.4361,-0.0256,8.9195,-0.0109,0.0091,9.8066,0.0103,0.0827,-0.0173,-28.37,-28.69,22.56,344.58,-82.81,-143.18
52.41797,-1.556547,167.91,13.44,2,110.43,21 / 22,2531428,2019-09-06 18:58:18:110,-0.1615,-0.4873,8.6447,-0.0159,0.0153,9.8066,0.027,-0.055,0.0736,-28.37,-28.75,22.69,345.61,-82.98,-142.29
52.41797,-1.556547,167.91,13.44,2,110.43,21 / 22,2531529,2019-09-06 18:58:18:211,-0.0403,0.1442,10.4337,-0.0189,0,9.8066,0.0472,-0.0564,0.0234,-28.75,-27.94,23,346.35,-83.11,-140.75
52.41797,-1.556547,167.91,13.44,2,110.43,21 / 22,2531628,2019-09-06 18:58:18:310,-0.7805,0.1201,10.7348,0.0066,-0.0178,9.8065,0.088,0.0247,0.0304,-29.12,-28.25,23.31,346.27,-82.81,-140.75
52.41797,-1.556547,167.91,13.44,2,110.43,21 / 22,2531729,2019-09-06 18:58:18:411,0.3609,0.9019,10.1568,0.008,-0.0102,9.8066,0.0079,-0.0398,-0.0045,-28.62,-27.94,23.25,345.46,-82.62,-141.44
52.41797,-1.556547,167.91,13.44,2,110.43,21 / 22,2531829,2019-09-06 18:58:18:511,-0.9059,-0.3899,9.6816,0.0042,-0.0072,9.8066,0.0639,-0.0918,-0.0214,-28.56,-28.31,22.94,344.57,-82.65,-142.25
52.41797,-1.556547,167.91,13.44,2,110.43,21 / 22,2531929,2019-09-06 18:58:18:611,0.9292,0.288,9.8431,-0.0081,0.0312,9.8065,0.0003,0.0356,-0.0843,-28.44,-28.31,22.69,345.46,-82.9,-142.46
52.41797,-1.556547,167.91,13.44,2,110.43,21 / 22,2532029,2019-09-06 18:58:18:711,1.3812,-0.2538,9.2552,0.0338,0.0008,9.8065,0.058,0.0284,-0.0455,-28.94,-28.31,23.06,344.32,-83.05,-142.57
52.41797,-1.556547,167.91,13.44,2,110.43,21 / 22,2532128,2019-09-06 18:58:18:810,0.8329,-0.0086,10.1904,0.0208,-0.0235,9.8065,-0.1867,-0.0834,0.0418,-28.25,-28.31,23.06,343.91,-83.04,-143.9
52.41797,-1.556547,167.91,13.44,2,110.43,21 / 22,2532228,2019-09-06 18:58:18:910,-0.4938,1.6261,9.4838,0.0022,-0.006,9.8066,-0.0499,0.0728,-0.0184,-28.75,-29.06,22.56,342.68,-83.1,-144.01
52.41797,-1.556547,167.91,13.44,2,110.43,21 / 22,2532329,2019-09-06 18:58:19:011,0.4149,0.4472,10.6316,-0.006,-0.0042,9.8066,0.0612,0.05,0.015,-28.44,-28.37,23,345.12,-83.04,-142.8
52.41797,-1.556547,167.91,13.44,2,110.43,22 / 22,2532429,2019-09-06 18:58:19:111,0.0492,-0.3164,9.9289,-0.0019,-0.0013,9.8066,-0.0161,-0.0412,0.0285,-28.69,-28.44,23,344.65,-82.98,-142.25
52.41797,-1.556547,167.91,13.44,2,110.43,22 / 22,2532529,2019-09-06 18:58:19:211,-0.6732,0.4539,10.7829,0.0342,-0.0285,9.8065,-0.1127,0.0667,-0.0586,-28.81,-28.69,22.56,343.24,-82.76,-143.42
52.41797,-1.556547,167.91,13.44,2,110.43,22 / 22,2532629,2019-09-06 18:58:19:311,-0.6521,0.5428,9.9561,-0.0078,0.031,9.8065,-0.0757,0.0183,-0.0242,-28.62,-28.81,23.31,341.8,-82.82,-144.73
52.41797,-1.556547,167.91,13.44,2,110.43,22 / 22,2532729,2019-09-06 18:58:19:411,-0.5375,-0.4589,10.3013,-0.0161,0.0191,9.8066,0.0849,-0.0668,0.0549,-28.62,-28.44,23.31,340.74,-83.05,-145.81
52.41797,-1.556547,167.91,13.44,2,110.43,22 / 22,2532828,2019-09-06 18:58:19:510,-0.0667,0.7907,9.2631,0.0005,0.0065,9.8066,0.056,0.0599,-0.0431,-27.94,-28.87,22.56,341.23,-83.17,-146.29
52.41797,-1.556547,167.91,13.44,2,110.43,22 / 22,2532929,2019-09-06 18:58:19:611,-0.4708,-0.0282,10.2885,0.0053,-0.0011,9.8066,-0.0387,0.0069,-0.0568,-27.69,-28.37,23.19,342.45,-83.27,-145.28
52.41797,-1.556547,167.91,13.44,2,110.43,22 / 22,2533029,2019-09-06 18:58:19:711,0.8664,-0.0459,9.9676,0.027,-0.0018,9.8066,0.0638,-0.0035,-0.0889,-28.06,-28.94,22.69,343.17,-83.45,-144.61
52.41797,-1.556547,167.91,13.44,2,110.43,22 / 22,2533129,2019-09-06 18:58:19:811,-0.6926,2.3117,9.6721,0.0651,-0.0342,9.8063,-0.1007,0.0362,-0.0695,-27.62,-29.12,22.88,340.12,-83.35,-147.35
52.41797,-1.556547,167.91,13.44,2,110.43,22 / 22,2533228,2019-09-06 18:58:19:910,-0.6635,0.2901,10.6043,0.0042,-0.007,9.8066,0.0384,-0.0556,0.0752,-28,-28.56,23.06,338.95,-83.49,-148.46
52.41797,-1.556547,167.91,13.44,2,110.43,22 / 22,2533329,2019-09-06 18:58:20:011,1.0184,-0.9698,9.7577,0.0084,0.0116,9.8066,-0.0749,-0.0483,-0.08,-28.19,-28.25,22.88,337.89,-83.59,-149.52
52.41797,-1.556547,167.91,13.44,2,110.43,21 / 21,2533429,2019-09-06 18:58:20:111,-0.442,1.0239,9.4939,0.0014,-0.0043,9.8066,0.0308,-0.0282,0.0789,-28.06,-28.44,23.19,338.46,-83.5,-148.97
52.41797,-1.556547,167.91,13.44,2,110.43,21 / 21,2533529,2019-09-06 18:58:20:211,0.654,-0.0443,9.4837,0.0112,-0.0134,9.8066,-0.1482,-0.0335,-0.01,-27.37,-29,23.5,340.85,-83.36,-148.92
52.41797,-1.556547,167.91,13.44,2,110.43,21 / 21,2533628,2019-09-06 18:58:20:310,0.5681,-0.3801,10.2712,0.0105,-0.0272,9.8065,-0.0922,0.0183,0.0529,-28,-28.75,23.56,340.59,-83.28,-148.13
52.41797,-1.556547,167.91,13.44,2,110.43,21 / 21,2533728,2019-09-06 18:58:20:410,-0.0983,0.9827,9.2079,-0.0078,-0.0062,9.8066,-0.1202,-0.0075,0.0289,-28.37,-28.75,23.63,343.42,-83.25,-145.56
52.41797,-1.556547,167.91,13.44,2,110.43,21 / 21,2533829,2019-09-06 18:58:20:511,-0.4391,0.5661,9.3881,0.0058,-0.0279,9.8066,-0.0149,-0.0291,0.032,-27.94,-28.31,23.13,343.51,-83.08,-144.26
52.41797,-1.556547,167.91,13.44,2,110.43,21 / 21,2533928,2019-09-06 18:58:20:610,-0.3126,-0.2452,9.3906,-0.02,0.0023,9.8065,-0.0058,-0.0247,0.0138,-28.69,-28.69,22.88,344.15,-83.17,-142.7
52.41797,-1.556547,167.91,13.44,2,110.43,21 / 21,2534028,2019-09-06 18:58:20:710,-0.8599,-0.0787,8.8937,-0.0288,0.0155,9.8065,0.0156,0.0462,0.0026,-28.69,-28.69,22.94,346.49,-83.31,-140.62
52.41797,-1.556547,167.91,13.44,2,110.43,21 / 21,2534129,2019-09-06 18:58:20:811,0.4284,0.0127,9.9643,-0.001,-0.0012,9.8066,0.002,-0.0137,0.026,-28.69,-29.06,22.13,347.53,-83.43,-138.44
52.41797,-1.556547,167.91,13.44,2,110.43,21 / 21,2534229,2019-09-06 18:58:20:911,-1.4981,1.9153,10.0198,0.0271,0.0026,9.8065,0.0143,-0.0056,-0.0465,-28.37,-28.56,22.69,349.11,-83.49,-139.24
52.41797,-1.556547,167.91,13.44,2,110.43,21 / 21,2534329,2019-09-06 18:58:21:011,-0.0671,0.6538,9.8872,-0.0007,0.0115,9.8066,0.0275,0.0532,-0.0093,-28.62,-28.69,22.75,344.5,-83.31,-142.42
52.41797,-1.556547,167.91,13.44,2,110.43,22 / 22,2534429,2019-09-06 18:58:21:111,0.1871,-0.4341,10.04,-0.0045,0.0242,9.8066,0.0394,-0.0249,-0.043,-28.12,-28.94,23.06,343.29,-83.19,-144.44
52.41797,-1.556547,167.91,13.44,2,110.43,22 / 22,2534528,2019-09-06 18:58:21:210,0.5484,0.4246,9.4354,-0.0113,0.0003,9.8066,-0.0181,-0.0142,0.0136,-28.19,-28.81,23.06,343.15,-83.25,-144.57
52.41797,-1.556547,167.91,13.44,2,110.43,22 / 22,2534629,2019-09-06 18:58:21:311,-0.8644,-0.6567,9.6079,-0.0242,0.0248,9.8065,-0.0211,0.0441,-0.0339,-28.69,-28.62,22.69,344.98,-83.52,-142.04
52.41797,-1.556547,167.91,13.44,2,110.43,22 / 22,2534728,2019-09-06 18:58:21:410,-0.4214,-0.6648,10.6342,-0.0148,0.0262,9.8066,-0.0717,-0.0196,-0.0268,-28.44,-28.25,22.75,347.75,-83.71,-140.55
52.41797,-1.556547,167.91,13.44,2,110.43,22 / 22,2534829,2019-09-06 18:58:21:511,0.058,-0.0671,10.6744,-0.018,0.0077,9.8066,0.004,-0.002,-0.0124,-28.06,-28.56,22.5,346.64,-83.61,-141.5
52.41797,-1.556547,167.91,13.44,2,110.43,22 / 22,2534929,2019-09-06 18:58:21:611,-1.1482,0.3559,10.4671,0.0322,-0.0147,9.8065,0.0081,-0.0373,-0.0137,-28.19,-28.62,23.75,344.79,-83.48,-144.37
52.41797,-1.556547,167.91,13.44,2,110.43,22 / 22,2535028,2019-09-06 18:58:21:710,0.7922,0.0717,8.9344,0.0157,-0.0023,9.8066,-0.0719,-0.0141,0.0234,-27.56,-28.62,23.19,341.72,-83.46,-145.93
52.41797,-1.556547,167.91,13.44,2,110.43,22 / 22,2535129,2019-09-06 18:58:21:811,-0.2367,0.7608,9.9641,-0.0155,0.0048,9.8066,-0.0783,-0.0069,-0.0128,-28.5,-29,23.13,342.41,-83.52,-145.32
52.41797,-1.556547,167.91,13.44,2,110.43,22 / 22,2535228,2019-09-06 18:58:21:910,-0.7503,1.7298,9.1219,-0.0535,0.0002,9.8064,0.1863,-0.0749,0.1187,-28.06,-28.62,23.25,347.3,-83.63,-140.91
52.41797,-1.556547,167.91,13.44,2,110.43,22 / 22,2535329,2019-09-06 18:58:22:011,-0.0031,0.778,9.4892,-0.0011,-0.0175,9.8065,0.1136,0.0169,0.0201,-28.37,-28.69,23.44,348.91,-83.43,-139.41
52.41797,-1.556547,167.91,13.44,2,110.43,21 / 21,2535428,2019-09-06 18:58:22:110,-0.8515,0.6989,10.1818,0.0044,-0.0277,9.8065,0.0296,0.0231,-0.0656,-28.5,-28.31,22.81,350.76,-83.28,-137.75
52.41797,-1.556547,167.91,13.44,2,110.43,21 / 21,2535529,2019-09-06 18:58:22:211,0.0587,0.1048,10.0286,0.031,-0.0078,9.8066,-0.1061,-0.0489,-0.0251,-28.81,-28.31,22.81,346.48,-83.15,-140.64
52.41797,-1.556547,167.91,13.44,2,110.43,21 / 21,2535628,2019-09-06 18:58:22:310,-0.0355,-0.2504,10.2178,0.0285,0.0051,9.8066,-0.1165,-0.0028,-0.0023,-28.44,-28.56,23.56,347.15,-83.27,-142.2
52.41797,-1.556547,167.91,13.44,2,110.43,21 / 21,2535728,2019-09-06 18:58:22:410,0.1563,-0.3845,9.2892,0.0178,0.0318,9.8065,-0.0031,-0.0237,-0.0941,-28.25,-28.44,23,346.07,-83.53,-142.05
52.41797,-1.556547,167.91,13.44,2,110.43,21 / 21,2535829,2019-09-06 18:58:22:511,-1.3631,-0.7385,9.716,0.0116,-0.0059,9.8066,-0.0114,-0.1382,0.1186,-28.12,-28.62,23.25,344.02,-83.86,-143.94
52.41797,-1.556547,167.91,13.44,2,110.43,21 / 21,2535929,2019-09-06 18:58:22:611,-0.1518,2.2139,9.4476,-0.0278,0.0075,9.8066,-0.0809,0.1831,-0.0427,-27.87,-28.37,23.56,346.57,-83.98,-142.9
52.41797,-1.556547,167.91,13.44,2,110.43,21 / 21,2536029,2019-09-06 18:58:22:711,1.5261,0.154,9.9654,-0.0026,0.0134,9.8066,0.0413,0.1442,-0.1279,-27.94,-28.25,23.06,344.9,-83.84,-143.18
52.41797,-1.556547,167.91,13.44,2,110.43,21 / 21,2536128,2019-09-06 18:58:22:810,-1.2893,0.4383,9.2557,-0.0042,-0.0145,9.8065,0.0712,-0.144,0.0637,-28.44,-28.56,22.81,347.2,-83.75,-141.02
52.41797,-1.556547,167.91,13.44,2,110.43,21 / 21,2536228,2019-09-06 18:58:22:910,-0.7303,0.9682,9.0904,-0.0036,-0.0054,9.8066,-0.1635,-0.0396,0.0288,-28.5,-28.44,22.81,348.4,-83.75,-139.97
52.41797,-1.556547,167.91,13.44,2,110.43,21 / 21,2536329,2019-09-06 18:58:23:011,-0.2521,0.798,9.0957,-0.0282,0.0292,9.8065,0.1352,0.0241,-0.0464,-28.75,-28.69,22.81,348.22,-83.68,-139.11
52.41756,-1.554798,168.11,14.31,2,110.94,22 / 22,2536429,2019-09-06 18:58:23:111,1.7476,-0.3146,9.5631,0.0055,0.0108,9.8066,0.0324,-0.0878,0.0351,-28.25,-28.5,22.5,349.99,-83.82,-138.53
52.41756,-1.554798,168.11,14.31,2,110.94,22 / 22,2536529,2019-09-06 18:58:23:211,0.2778,-0.3438,9.5585,-0.0114,0.0267,9.8066,0.1809,-0.0053,0.065,-27.75,-28.19,22.63,348,-83.91,-140.36
52.41756,-1.554798,168.11,14.31,2,110.94,22 / 22,2536629,2019-09-06 18:58:23:311,-0.004,0.4883,9.9904,-0.0191,0.0042,9.8066,-0.0216,-0.0052,0.02,-28.5,-28.19,22.63,347.96,-83.83,-140.38
52.41756,-1.554798,168.11,14.31,2,110.94,22 / 22,2536729,2019-09-06 18:58:23:411,-1.9373,2.0105,9.8272,-0.0122,0.0007,9.8066,0.0199,0.0432,-0.0219,-28.31,-28.37,23.31,349.24,-83.7,-139.19
52.41756,-1.554798,168.11,14.31,2,110.94,22 / 22,2536828,2019-09-06 18:58:23:510,1.9191,-0.023,9.4077,0.0091,-0.0051,9.8066,-0.0647,-0.0328,0.0822,-28.5,-28.75,22.69,350.02,-83.73,-138.46
52.41756,-1.554798,168.11,14.31,2,110.94,22 / 22,2536928,2019-09-06 18:58:23:610,-0.0284,-1.3295,10.4911,-0.0038,-0.0174,9.8066,-0.0421,-0.0078,0.036,-28.62,-28.56,22.69,349.98,-83.45,-137.48
52.41756,-1.554798,168.11,14.31,2,110.94,22 / 22,2537029,2019-09-06 18:58:23:711,0.4595,0.3185,10.3498,-0.0174,-0.0069,9.8066,0.2283,0.0405,-0.0007,-28.44,-28.06,23.38,352.86,-83.47,-135.87
52.41756,-1.554798,168.11,14.31,2,110.94,22 / 22,2537128,2019-09-06 18:58:23:810,-0.0457,0.2266,9.5591,0.005,-0.012,9.8066,-0.1759,-0.0076,-0.0084,-28.56,-28,22.88,351.83,-83.3,-135.81
52.41756,-1.554798,168.11,14.31,2,110.94,22 / 22,2537229,2019-09-06 18:58:23:911,-1.4083,1.3577,9.5469,0.014,0.0015,9.8066,0.1193,-0.0657,-0.0754,-28.75,-28.19,22.56,352.4,-83.34,-135.3
52.41756,-1.554798,168.11,14.31,2,110.94,22 / 22,2537329,2019-09-06 18:58:24:011,-1.5596,-0.5947,9.8439,-0.0071,0.0155,9.8066,0.0808,-0.008,-0.01,-28.69,-28.56,23.13,352.17,-83.49,-135.5
52.41756,-1.554798,168.11,14.31,2,110.94,22 / 22,2537429,2019-09-06 18:58:24:111,2.1035,-0.4823,8.7507,-0.0049,0.0236,9.8066,0.0513,0.0506,-0.0524,-28.5,-29.5,22.63,352.93,-83.85,-135.83
52.41756,-1.554798,168.11,14.31,2,110.94,22 / 22,2537528,2019-09-06 18:58:24:210,-1.1166,0.5342,10.5197,-0.012,0.0374,9.8065,0.0452,-0.122,0.0414,-28.12,-28.56,22.19,351.22,-84.16,-136.17
52.41756,-1.554798,168.11,14.31,2,110.94,22 / 22,2537628,2019-09-06 18:58:24:310,-0.8034,1.3748,11.0853,-0.0261,0.0253,9.8065,0.0856,0.0445,0.0172,-28.25,-28.31,22.44,351.91,-84.26,-135.57
52.41756,-1.554798,168.11,14.31,2,110.94,22 / 22,2537729,2019-09-06 18:58:24:411,-1.7395,0.4376,10.9477,0.0291,-0.0226,9.8065,0.0635,0.0094,-0.1476,-28.37,-28.69,22.44,348.89,-84.11,-138.29
52.41756,-1.554798,168.11,14.31,2,110.94,22 / 22,2537829,2019-09-06 18:58:24:511,2.226,0.4038,10.356,0.0287,-0.0149,9.8066,0.026,-0.1516,0.1397,-28.81,-29,22.75,346.63,-83.96,-140.62
52.41756,-1.554798,168.11,14.31,2,110.94,22 / 22,2537929,2019-09-06 18:58:24:611,0.4501,-2.1599,9.6935,-0.0085,0.0058,9.8065,0.0484,0.2078,0.0505,-28.12,-28.62,23.31,346.22,-83.77,-141.92
52.41756,-1.554798,168.11,14.31,2,110.94,22 / 22,2538030,2019-09-06 18:58:24:712,-1.0957,0.649,9.1635,-0.0502,0.0036,9.8065,-0.2164,0.0857,-0.1017,-28.25,-28.81,23.38,348.62,-83.93,-139.76
52.41756,-1.554798,168.11,14.31,2,110.94,22 / 22,2538129,2019-09-06 18:58:24:811,-0.139,-0.5135,8.5267,0.0193,0.0058,9.8066,-0.1806,-0.0622,-0.0273,-28.37,-29.25,22.94,350.98,-83.91,-137.6
52.41756,-1.554798,168.11,14.31,2,110.94,22 / 22,2538229,2019-09-06 18:58:24:911,0.2262,0.6057,9.2835,0.024,-0.0326,9.8065,-0.1737,0.0297,-0.0513,-28.19,-29,22.75,351.82,-83.99,-136.85
52.41756,-1.554798,168.11,14.31,2,110.94,22 / 22,2538329,2019-09-06 18:58:25:011,-1.0208,1.0565,9.3267,-0.0273,0.0281,9.8065,0.1372,-0.03,-0.0167,-28,-28.37,22.63,352.5,-84.21,-136.28
52.41756,-1.554798,168.11,14.31,2,110.94,22 / 22,2538428,2019-09-06 18:58:25:110,0.5375,0.6892,10.3406,-0.0216,0.0303,9.8066,-0.0094,0.0264,-0.0246,-27.62,-28.56,23.31,352.04,-84.34,-136.7
52.41756,-1.554798,168.11,14.31,2,110.94,22 / 22,2538529,2019-09-06 18:58:25:211,-0.2394,-0.3367,11.1383,0.0115,-0.0077,9.8066,0.1492,0.0131,-0.0525,-28.25,-28.62,23.25,350.05,-84.21,-138.5
52.41756,-1.554798,168.11,14.31,2,110.94,22 / 22,2538629,2019-09-06 18:58:25:311,-0.1646,0.138,9.9815,-0.0011,0.0047,9.8066,0.0084,-0.0336,0.0139,-28.62,-29,23,348.02,-84.25,-139.41
52.41756,-1.554798,168.11,14.31,2,110.94,22 / 22,2538728,2019-09-06 18:58:25:410,0.3431,-0.1373,10.1989,-0.008,0.0012,9.8065,0.0557,-0.0466,0.0183,-28.25,-29.5,22.81,350.38,-84.28,-138.21
52.41756,-1.554798,168.11,14.31,2,110.94,22 / 22,2538828,2019-09-06 18:58:25:510,0.7249,-0.6164,10.0739,-0.0079,0.0043,9.8066,0.0523,-0.0515,-0.0015,-27.94,-29.06,23.56,353,-84.29,-137.02
52.41756,-1.554798,168.11,14.31,2,110.94,22 / 22,2538928,2019-09-06 18:58:25:610,-0.0514,0.6496,10.2125,-0.0072,0.0061,9.8066,0.0188,-0.0293,0.0476,-28,-28.5,22.94,351.2,-84.25,-137.48
52.41756,-1.554798,168.11,14.31,2,110.94,22 / 22,2539028,2019-09-06 18:58:25:710,-0.4047,0.5507,10.2996,-0.0178,-0.0063,9.8066,-0.0366,0.0953,-0.026,-28.12,-28.5,23.5,353.06,-84.1,-136.96
52.41756,-1.554798,168.11,14.31,2,110.94,22 / 22,2539129,2019-09-06 18:58:25:811,-0.4019,-0.0563,10.562,-0.0085,-0.0175,9.8066,0.091,0.06,-0.087,-28.44,-29.31,23.63,352.66,-83.96,-137.29
52.41756,-1.554798,168.11,14.31,2,110.94,22 / 22,2539229,2019-09-06 18:58:25:911,1.5925,0.3842,9.1569,-0.0196,0.0327,9.8065,0.1069,-0.0998,0.0361,-28.62,-28.44,23.19,350.6,-84.14,-137.05
52.41756,-1.554798,168.11,14.31,2,110.94,22 / 22,2539328,2019-09-06 18:58:26:010,0.3619,0.0403,8.9386,0.0174,-0.0068,9.8066,-0.047,0.0171,-0.027,-27.94,-28.75,23.19,352.12,-84.22,-136.61
52.41756,-1.554798,168.11,14.31,2,110.94,22 / 22,2539429,2019-09-06 18:58:26:111,-0.3494,-0.3528,9.2747,0.022,-0.0066,9.8065,-0.0162,0.0184,-0.0191,-28.25,-28.56,22.69,352.29,-84.36,-136.47
52.41756,-1.554798,168.11,14.31,2,110.94,22 / 22,2539529,2019-09-06 18:58:26:211,-0.6477,1.7501,9.865,-0.0084,0.024,9.8066,0.0608,0.0262,0.0028,-27.94,-29,22.81,351.97,-84.6,-136.8
52.41756,-1.554798,168.11,14.31,2,110.94,22 / 22,2539628,2019-09-06 18:58:26:310,-1.6615,1.3741,10.2858,0.0166,0.0053,9.8066,-0.058,-0.0754,0.0195,-27.94,-29.19,23.06,349.85,-84.65,-138.75
52.41756,-1.554798,168.11,14.31,2,110.94,22 / 22,2539728,2019-09-06 18:58:26:410,-0.0649,2.1437,9.8996,-0.0207,0.0328,9.8066,0.1961,-0.0794,0.0536,-28,-28.5,23,349.98,-84.76,-138.68
52.41756,-1.554798,168.11,14.31,2,110.94,22 / 22,2539828,2019-09-06 18:58:26:510,1.5629,-1.1464,9.6545,-0.0245,-0.0014,9.8066,-0.0164,0.0175,0.0437,-28.44,-29.12,23.19,349.96,-84.46,-138.63
52.41756,-1.554798,168.11,14.31,2,110.94,22 / 22,2539928,2019-09-06 18:58:26:610,-1.2399,-0.3123,10.9479,-0.0033,-0.0316,9.8065,0.0481,0.0207,0.0423,-28.62,-28.44,23,351.96,-84.45,-135.84
52.41756,-1.554798,168.11,14.31,2,110.94,22 / 22,2540029,2019-09-06 18:58:26:711,-0.2165,0.1113,9.403,-0.0218,0.0183,9.8065,0.0546,-0.0373,0.0012,-28.56,-28.37,22.81,354.59,-84.43,-133.41
52.41756,-1.554798,168.11,14.31,2,110.94,22 / 22,2540130,2019-09-06 18:58:26:812,0.3139,0.7952,9.2732,0.0266,-0.0214,9.8065,0.0376,-0.0021,-0.0352,-28,-28.25,22.75,353.8,-84.26,-135.09
52.41756,-1.554798,168.11,14.31,2,110.94,22 / 22,2540229,2019-09-06 18:58:26:911,-0.1547,-0.7096,9.6608,0.0154,0.0091,9.8066,-0.1354,0.0576,0.0006,-28.12,-28.94,22.63,353.74,-84.53,-135.16
52.41756,-1.554798,168.11,14.31,2,110.94,22 / 22,2540329,2019-09-06 18:58:27:011,-0.4158,0.8066,9.9972,0.02,0.0134,9.8066,-0.1252,0.058,0.0083,-27.69,-29.19,22.56,353.39,-84.66,-135.49
52.41756,-1.554798,168.11,14.31,2,110.94,22 / 22,2540428,2019-09-06 18:58:27:110,-0.47,0.8657,9.5507,0.0049,-0.0158,9.8066,-0.1,0.0264,0.0469,-27.87,-28.62,23.06,352,-84.77,-136.79
52.41756,-1.554798,168.11,14.31,2,110.94,22 / 22,2540529,2019-09-06 18:58:27:211,2.2253,0.0267,10.1946,-0.0114,-0.0106,9.8066,0.1399,0.0401,0.0082,-27.94,-28.87,23.06,353.38,-84.6,-135.5
52.41756,-1.554798,168.11,14.31,2,110.94,22 / 22,2540628,2019-09-06 18:58:27:310,-0.8436,-0.3357,10.2192,-0.0408,0.0222,9.8065,0.0886,-0.0574,0.0502,-28.5,-29.12,22.88,355.55,-84.55,-133.49
52.41756,-1.554798,168.11,14.31,2,110.94,22 / 22,2540729,2019-09-06 18:58:27:411,-0.8433,0.4816,9.4329,0.0148,-0.0011,9.8066,-0.008,-0.0265,0.0288,-28.37,-28.94,22.75,357.61,-84.61,-131.6
52.41756,-1.554798,168.11,14.31,2,110.94,22 / 22,2540829,2019-09-06 18:58:27:511,-2.0175,1.3403,10.2021,0.0156,-0.0147,9.8065,-0.0173,-0.005,0.0405,-28.37,-29,22.81,357.07,-84.58,-132.1
52.41756,-1.554798,168.11,14.31,2,110.94,22 / 22,2540928,2019-09-06 18:58:27:610,1.0399,-0.1573,9.8429,-0.0042,-0.007,9.8066,0.0463,-0.0078,0.0131,-29.06,-29.12,22.38,355.76,-84.63,-131.09
52.41756,-1.554798,168.11,14.31,2,110.94,22 / 22,2541029,2019-09-06 18:58:27:711,-0.9515,0.3266,10.3081,-0.0075,0.0013,9.8066,0.0419,0.0204,-0.0064,-28.87,-28.62,22.56,356.63,-84.51,-131.52
52.41756,-1.554798,168.11,14.31,2,110.94,22 / 22,2541128,2019-09-06 18:58:27:810,-1.0272,-0.2441,9.5887,0.0326,-0.0145,9.8065,-0.0951,0.0005,-0.0085,-28.19,-28.87,22.88,358.37,-84.62,-130.91
52.41756,-1.554798,168.11,14.31,2,110.94,22 / 22,2541229,2019-09-06 18:58:27:911,0.123,0.0176,9.7891,0.0262,0.0072,9.8066,0.0616,0.01,-0.0993,-28.06,-29.19,22.94,355.4,-84.78,-133.65
52.41756,-1.554798,168.11,14.31,2,110.94,22 / 22,2541328,2019-09-06 18:58:28:010,0.2565,0.2375,9.4951,0.0128,0.0206,9.8066,-0.0028,0.0095,-0.0565,-27.87,-29.75,22.56,352.84,-85.22,-136.05
52.41756,-1.554798,168.11,14.31,2,110.94,22 / 22,2541429,2019-09-06 18:58:28:111,1.7697,0.8867,9.896,0.008,-0.0029,9.8066,-0.1175,0.0504,-0.0224,-27.75,-29,22.38,349,-85.21,-138.37
52.41756,-1.554798,168.11,14.31,2,110.94,22 / 22,2541528,2019-09-06 18:58:28:210,0.1051,0.3961,10.4093,-0.0101,-0.0002,9.8066,0.0871,-0.0711,0.0231,-28.25,-29.5,22.25,350.36,-85.22,-137.12
52.41756,-1.554798,168.11,14.31,2,110.94,22 / 22,2541629,2019-09-06 18:58:28:311,-1.7374,1.2651,9.9573,-0.0014,-0.0043,9.8066,-0.0076,-0.0409,-0.0238,-28.25,-28.75,22.69,352.66,-85.13,-136.22
52.41756,-1.554798,168.11,14.31,2,110.94,22 / 22,2541729,2019-09-06 18:58:28:411,0.1157,-0.5478,9.1532,0.0035,0.0241,9.8065,0.0676,0.0271,0.0222,-27.94,-28.81,22.44,351.64,-85.09,-135.91
52.41756,-1.554798,168.11,14.31,2,110.94,22 / 22,2541829,2019-09-06 18:58:28:511,-1.3237,1.1043,10.2386,0.0205,0.0112,9.8065,-0.0819,0.0013,0.0645,-27.87,-29.56,22.94,350.85,-85.39,-137.92
52.41756,-1.554798,168.11,14.31,2,110.94,22 / 22,2541928,2019-09-06 18:58:28:610,-1.2002,1.5567,10.9709,0.0137,0.0143,9.8066,-0.057,0.0034,-0.0495,-27.75,-29.87,22.69,351.7,-85.66,-137.16
52.41756,-1.554798,168.11,14.31,2,110.94,22 / 22,2542029,2019-09-06 18:58:28:711,-0.0144,2.6114,10.8853,0.0436,-0.0318,9.8064,-0.0405,-0.0652,0.007,-28.06,-29.06,22.5,350.88,-85.66,-137.95
52.41756,-1.554798,168.11,14.31,2,110.94,22 / 22,2542129,2019-09-06 18:58:28:811,-0.7961,1.1984,10.1091,0.0139,-0.0078,9.8066,0.1232,-0.0408,0.0222,-27.87,-29.12,22.75,349.48,-85.46,-139.23
52.41756,-1.554798,168.11,14.31,2,110.94,22 / 22,2542228,2019-09-06 18:58:28:910,0.259,0.8334,10.0419,0.019,-0.0206,9.8065,0.1009,0.0626,-0.0269,-27.25,-29.06,23.13,348.71,-85.2,-140.91
52.41756,-1.554798,168.11,14.31,2,110.94,22 / 22,2542328,2019-09-06 18:58:29:010,-0.1349,0.8392,9.9273,-0.0368,0.0228,9.8065,-0.0028,0.058,0.0287,-27.62,-29.44,22.63,347.37,-85.38,-141.19
52.41756,-1.554798,168.11,14.31,2,110.94,22 / 22,2542429,2019-09-06 18:58:29:111,-1.3268,1.3959,9.7295,-0.0431,0.0323,9.8064,-0.088,0.0273,-0.0375,-28,-29.75,22.69,352.27,-85.74,-136.63
52.41756,-1.554798,168.11,14.31,2,110.94,22 / 22,2542529,2019-09-06 18:58:29:211,-2.1614,0.4651,10.7094,0.0201,-0.0154,9.8066,0.1022,-0.0103,0.0768,-28,-29.81,22.38,351.5,-85.77,-136.1
52.41756,-1.554798,168.11,14.31,2,110.94,22 / 22,2542628,2019-09-06 18:58:29:310,0.7328,0.3211,9.0848,-0.0014,0.0065,9.8065,0.1213,-0.0108,0.0273,-27.56,-29.75,22.38,351.99,-85.82,-135.65
52.41756,-1.554798,168.11,14.31,2,110.94,22 / 22,2542729,2019-09-06 18:58:29:411,0.946,0.3194,9.5056,-0.0031,-0.0105,9.8066,0.0196,-0.0794,0.0542,-27.62,-29.87,22.5,352.32,-85.41,-136.55
52.41756,-1.554798,168.11,14.31,2,110.94,22 / 22,2542828,2019-09-06 18:58:29:510,-0.0325,-0.4311,9.3467,-0.0007,0.0089,9.8066,0.0712,-0.024,0.0846,-27.87,-29.75,22.81,353.68,-85.33,-135.28
52.41756,-1.554798,168.11,14.31,2,110.94,22 / 22,2542929,2019-09-06 18:58:29:611,-0.8422,1.0611,9.5799,-0.0239,0.0083,9.8066,-0.0171,-0.0008,-0.0635,-27.87,-28.81,21.88,353.75,-85.22,-133.96
52.41756,-1.554798,168.11,14.31,2,110.94,22 / 22,2543029,2019-09-06 18:58:29:711,-1.5309,2.9283,9.5045,-0.0107,0.0235,9.8066,-0.0332,0.0702,-0.0364,-27.69,-29.5,21.94,354.76,-85.43,-133.04
52.41756,-1.554798,168.11,14.31,2,110.94,22 / 22,2543128,2019-09-06 18:58:29:810,-1.4158,1.3495,10.871,-0.0032,0.0007,9.8066,0.0706,-0.0131,0.0449,-28.06,-29.19,22.81,356.53,-85.57,-132.65
52.41756,-1.554798,168.11,14.31,2,110.94,22 / 22,2543229,2019-09-06 18:58:29:911,-0.6149,0.9804,10.3155,0.0065,-0.0085,9.8065,-0.0634,-0.0175,0.0253,-28.19,-29,22.25,355.15,-85.51,-132.69
52.41756,-1.554798,168.11,14.31,2,110.94,22 / 22,2543330,2019-09-06 18:58:30:012,-0.606,1.3031,10.2261,0.0099,-0.0012,9.8065,-0.0488,0.0241,-0.0325,-28.12,-29.37,22.5,355.11,-85.5,-133.97
52.41756,-1.554798,168.11,14.31,2,110.94,22 / 22,2543429,2019-09-06 18:58:30:111,-1.5401,1.7275,8.9607,-0.0071,0.0084,9.8066,-0.0261,-0.0271,0.0268,-27.62,-28.81,23.38,353.47,-85.49,-135.5
52.41756,-1.554798,168.11,14.31,2,110.94,22 / 22,2543528,2019-09-06 18:58:30:210,-1.4972,0.902,9.3419,-0.0051,-0.0006,9.8066,-0.0591,-0.0506,-0.0044,-28.69,-28.62,22.13,352.23,-85.41,-134.44
52.41756,-1.554798,168.11,14.31,2,110.94,22 / 22,2543629,2019-09-06 18:58:30:311,-0.2032,0.8185,9.5379,0.0044,0.0016,9.8066,0.0369,0.0267,-0.008,-28.19,-29.06,22.5,356.55,-85.59,-132.63
52.41756,-1.554798,168.11,14.31,2,110.94,22 / 22,2543729,2019-09-06 18:58:30:411,-1.7053,0.8567,9.5879,-0.0314,0.0151,9.8066,-0.0869,0.0386,-0.006,-27.87,-28.44,22.19,358.21,-85.7,-129.84
52.41756,-1.554798,168.11,14.31,2,110.94,22 / 22,2543829,2019-09-06 18:58:30:511,-2.1388,1.2342,9.9957,-0.0042,-0.0068,9.8066,-0.1216,-0.0503,0.0394,-27.87,-28.87,22.5,359.21,-85.62,-130.14
52.41756,-1.554798,168.11,14.31,2,110.94,22 / 22,2543928,2019-09-06 18:58:30:610,-0.1812,0.4762,10.2677,-0.0029,0.0066,9.8066,0.1408,-0.002,0.0152,-27.94,-29,22,358.52,-85.62,-129.54
52.41756,-1.554798,168.11,14.31,2,110.94,22 / 22,2544028,2019-09-06 18:58:30:710,-0.0241,0.3612,10.0866,-0.0218,0.0055,9.8065,0.1491,0.0329,0.0229,-27.94,-29.81,22.13,359.6,-85.6,-128.53
52.41756,-1.554798,168.11,14.31,2,110.94,22 / 22,2544129,2019-09-06 18:58:30:811,-0.8796,1.3201,10.3971,0.021,-0.0138,9.8066,0.003,-0.0601,0.0387,-28.19,-29.5,22.31,358.83,-85.56,-129.25
52.41756,-1.554798,168.11,14.31,2,110.94,22 / 22,2544228,2019-09-06 18:58:30:910,-0.9596,1.6718,10.3818,0.0265,-0.0152,9.8066,-0.0034,-0.0212,-0.0138,-28.25,-29.75,22.56,359.17,-85.48,-130.17
52.41756,-1.554798,168.11,14.31,2,110.94,22 / 22,2544329,2019-09-06 18:58:31:011,-1.4277,0.8293,8.9397,-0.006,0.0012,9.8066,-0.1186,0.0228,-0.0441,-27.62,-29.87,22.63,0.64,-85.59,-128.8
52.41756,-1.554798,168.11,14.31,2,110.94,22 / 22,2544429,2019-09-06 18:58:31:111,-1.1066,0.5534,9.9799,0.0088,-0.0151,9.8066,-0.1315,0.0074,0.0345,-28.25,-29.56,21.75,359.19,-85.53,-128.91
52.41756,-1.554798,168.11,14.31,2,110.94,22 / 22,2544529,2019-09-06 18:58:31:211,-1.0631,0.9758,9.9756,-0.0273,0.0144,9.8065,0.1068,-0.0417,-0.0111,-27.94,-29.5,22.25,2.73,-85.72,-125.6
52.41756,-1.554798,168.11,14.31,2,110.94,22 / 22,2544629,2019-09-06 18:58:31:311,-0.8286,1.3855,10.396,-0.003,-0.0081,9.8066,0.0246,-0.0117,-0.1119,-27.94,-29.06,22,2.33,-85.62,-125.98
52.41756,-1.554798,168.11,14.31,2,110.94,22 / 22,2544729,2019-09-06 18:58:31:411,-0.6631,1.7998,10.1253,0.0042,0.0025,9.8066,0.0754,-0.013,0.1179,-28.19,-29.44,22.69,2.32,-85.63,-127.23
52.41756,-1.554798,168.11,14.31,2,110.94,22 / 22,2544829,2019-09-06 18:58:31:511,-1.2456,0.1036,9.1755,0.004,-0.019,9.8066,-0.038,0.008,-0.0429,-28,-29.56,22.19,0.67,-85.48,-127.54
52.41756,-1.554798,168.11,14.31,2,110.94,22 / 22,2544928,2019-09-06 18:58:31:610,-1.0267,1.0926,9.4633,-0.0153,0.0217,9.8066,-0.014,-0.0269,0.0241,-27.94,-30.12,22.63,2.21,-85.47,-127.34
52.41756,-1.554798,168.11,14.31,2,110.94,22 / 22,2545029,2019-09-06 18:58:31:711,-0.9148,1.778,10.1453,-0.0067,-0.001,9.8066,-0.0513,0.0283,-0.0542,-28.25,-29.44,22.56,4.1,-85.6,-125.57
52.41756,-1.554798,168.11,14.31,2,110.94,22 / 22,2545129,2019-09-06 18:58:31:811,-0.8919,0.6513,9.3648,-0.0206,0.0216,9.8066,0.0562,-0.033,0.0626,-27.87,-29.94,22.94,5.08,-85.73,-124.65
52.41756,-1.554798,168.11,14.31,2,110.94,22 / 22,2545228,2019-09-06 18:58:31:910,-0.3109,1.2748,9.9143,-0.0154,0.0125,9.8066,-0.0121,0.0142,-0.0067,-27.37,-29.87,22.75,6.99,-85.71,-123.9
52.41756,-1.554798,168.11,14.31,2,110.94,22 / 22,2545328,2019-09-06 18:58:32:010,-1.0919,0.5772,10.1682,0.0054,-0.011,9.8065,-0.0206,0.0189,-0.0278,-27.87,-29.12,22.69,6.27,-85.69,-123.53
52.41721,-1.553209,167.36,8.44,3,110.37,22 / 22,2545429,2019-09-06 18:58:32:111,-0.8603,0.8397,10.5223,-0.0141,0.0038,9.8066,0.1105,0.0232,-0.0147,-28.06,-29.44,22.75,6.43,-85.74,-123.37
52.41721,-1.553209,167.36,8.44,3,110.37,22 / 22,2545528,2019-09-06 18:58:32:210,-1.4195,1.4415,10.267,-0.0165,0.0235,9.8066,0.0291,0.0021,-0.0136,-28,-29.06,22.56,8.36,-85.95,-121.53
52.41721,-1.553209,167.36,8.44,3,110.37,22 / 22,2545629,2019-09-06 18:58:32:311,-1.171,1.0273,9.7584,-0.0189,0.0244,9.8066,0.1112,0.014,-0.0313,-27.62,-30.37,22.75,8.11,-86.04,-121.77
52.41721,-1.553209,167.36,8.44,3,110.37,22 / 22,2545729,2019-09-06 18:58:32:411,-0.4085,1.0001,9.7411,0.0011,0.0096,9.8066,0.0035,0.0185,0.0058,-28,-30,22.88,6.29,-86.04,-123.48
52.41721,-1.553209,167.36,8.44,3,110.37,22 / 22,2545828,2019-09-06 18:58:32:510,-0.5013,0.8605,10.1243,-0.0075,0.0123,9.8066,-0.0126,0.0342,-0.0314,-27.25,-30.69,22.44,5.43,-86.15,-124.08
52.41721,-1.553209,167.36,8.44,3,110.37,22 / 22,2545928,2019-09-06 18:58:32:610,0.9434,0.049,10.7639,0.0243,-0.0011,9.8065,0.0663,0.0566,-0.0386,-27.75,-30.12,22.81,2.09,-86.24,-127.42
52.41721,-1.553209,167.36,8.44,3,110.37,22 / 22,2546029,2019-09-06 18:58:32:711,-1.0408,1.2234,9.7982,0.028,-0.0111,9.8065,-0.0365,0.0878,-0.1192,-27.75,-29.37,22.19,357.41,-86.2,-130.6
52.41721,-1.553209,167.36,8.44,3,110.37,22 / 22,2546128,2019-09-06 18:58:32:810,-1.2653,1.2244,8.9043,-0.0118,0.0225,9.8066,-0.0087,-0.0362,-0.0165,-27.5,-28.94,21.56,357.04,-86.33,-131.97
52.41721,-1.553209,167.36,8.44,3,110.37,22 / 22,2546229,2019-09-06 18:58:32:911,0.3009,1.3186,8.8355,-0.0173,0.0245,9.8066,0.0205,0.0363,-0.0327,-27.31,-29.12,22.38,357.35,-86.46,-131.68
52.41721,-1.553209,167.36,8.44,3,110.37,22 / 22,2546329,2019-09-06 18:58:33:011,-2.0319,1.6065,10.9101,-0.0314,-0.0061,9.8065,0.0155,-0.0069,-0.0748,-27.5,-30.25,22.5,0.02,-86.61,-130.41
52.41721,-1.553209,167.36,8.44,3,110.37,22 / 22,2546428,2019-09-06 18:58:33:110,-1.9811,0.3651,10.8604,-0.0206,0.0163,9.8065,-0.0087,-0.0156,-0.0336,-27.56,-29.75,21.69,4.96,-86.63,-123.46
52.41721,-1.553209,167.36,8.44,3,110.37,22 / 22,2546529,2019-09-06 18:58:33:211,-1.3194,1.5152,9.7651,0.0132,-0.0222,9.8066,-0.0003,0.0461,-0.0117,-27.69,-30.31,22.31,5.21,-86.68,-123.21
52.41721,-1.553209,167.36,8.44,3,110.37,22 / 22,2546630,2019-09-06 18:58:33:312,-1.9399,0.3149,9.6551,0.0175,-0.0107,9.8066,0.0594,-0.0473,0,-27.75,-30.12,22.19,4.19,-86.65,-124.18
52.41721,-1.553209,167.36,8.44,3,110.37,22 / 22,2546729,2019-09-06 18:58:33:411,-1.6127,0.3974,10.1449,-0.0113,-0.0041,9.8066,0.0025,-0.0912,0.0603,-27.94,-29.44,22.38,4.94,-86.47,-123.47
52.41721,-1.553209,167.36,8.44,3,110.37,22 / 22,2546829,2019-09-06 18:58:33:511,-1.1096,0.1802,10.4086,-0.0235,-0.0064,9.8066,-0.0355,-0.1589,0.0285,-27.87,-29.19,22.94,9.62,-86.32,-120.29
52.41721,-1.553209,167.36,8.44,3,110.37,22 / 22,2546928,2019-09-06 18:58:33:610,-1.138,-0.815,10.2616,-0.0013,-0.0111,9.8066,-0.0286,-0.1911,0.0314,-28.44,-28.75,22.69,11.22,-86.13,-118.81
52.41721,-1.553209,167.36,8.44,3,110.37,22 / 22,2547029,2019-09-06 18:58:33:711,-2.4054,-0.6047,9.6851,-0.0019,-0.0064,9.8066,-0.0145,-0.2102,0.0231,-28.12,-28.87,23.31,12.41,-86.07,-117.69
52.41721,-1.553209,167.36,8.44,3,110.37,22 / 22,2547129,2019-09-06 18:58:33:811,-2.2499,-0.7765,10.0081,-0.0002,0.0017,9.8066,0.0281,-0.2673,0.0823,-27.94,-28.44,24,13.99,-85.98,-117.38
52.41721,-1.553209,167.36,8.44,3,110.37,22 / 22,2547228,2019-09-06 18:58:33:910,-2.2438,0.2513,10.1197,-0.0078,-0.009,9.8066,-0.0821,-0.2947,0.0097,-27.44,-30.25,24.63,16.67,-85.89,-117.13
52.41721,-1.553209,167.36,8.44,3,110.37,22 / 22,2547328,2019-09-06 18:58:34:010,-1.7403,-1.5463,10.1437,-0.0023,-0.0076,9.8066,0.0587,-0.3462,0.0885,-27.44,-29.19,25.31,18.12,-85.72,-115.78
52.41721,-1.553209,167.36,8.44,3,110.37,22 / 22,2547429,2019-09-06 18:58:34:111,-1.7938,-0.8341,9.9805,-0.0095,-0.0139,9.8066,-0.0582,-0.3644,0.0506,-27.69,-28.94,26.38,19.57,-85.55,-114.49
52.41721,-1.553209,167.36,8.44,3,110.37,22 / 22,2547528,2019-09-06 18:58:34:210,-2.7218,-1.4102,9.4956,-0.0132,-0.018,9.8066,-0.0291,-0.3869,0.0641,-27.56,-29.06,27.44,21.24,-85.34,-114.04
52.41721,-1.553209,167.36,8.44,3,110.37,22 / 22,2547629,2019-09-06 18:58:34:311,-1.8956,-1.667,10.2247,0.0114,-0.034,9.8066,-0.0709,-0.4266,0.0586,-27.06,-29,28.25,22.43,-84.95,-115.12
52.41721,-1.553209,167.36,8.44,3,110.37,22 / 22,2547729,2019-09-06 18:58:34:411,-2.8803,-1.1303,10.8201,-0.0142,-0.0226,9.8065,-0.003,-0.4654,0.064,-26.56,-28.19,28.31,22.95,-84.58,-114.7
52.41721,-1.553209,167.36,8.44,3,110.37,22 / 22,2547829,2019-09-06 18:58:34:511,-1.5094,-1.6678,9.8945,-0.0054,-0.0124,9.8066,0.0065,-0.4795,0.0808,-26.69,-27.62,29,23.12,-84.34,-115.6
52.41721,-1.553209,167.36,8.44,3,110.37,22 / 22,2547929,2019-09-06 18:58:34:611,-2.7564,-1.2934,10.7141,-0.0036,-0.0467,9.8065,0.059,-0.4933,0.0656,-25.5,-28,29.5,25.47,-83.79,-116.77
52.41721,-1.553209,167.36,8.44,3,110.37,22 / 22,2548029,2019-09-06 18:58:34:711,-3.3495,-2.4032,10.456,0.0215,-0.0113,9.8065,-0.0382,-0.6231,0.0108,-24.12,-28.19,30.88,24.7,-83.61,-119.6
52.41721,-1.553209,167.36,8.44,3,110.37,22 / 22,2548128,2019-09-06 18:58:34:810,-2.4172,-1.0113,9.6227,0.0269,-0.0271,9.8066,-0.0079,-0.6615,0.1104,-23.25,-28.5,31.25,23.16,-83.64,-122.21
52.41721,-1.553209,167.36,8.44,3,110.37,22 / 22,2548228,2019-09-06 18:58:34:910,-2.4148,-0.7266,9.4814,-0.0053,-0.0379,9.8065,-0.099,-0.5881,0.0369,-23,-29.06,32.38,21.8,-83.22,-124.48
52.41721,-1.553209,167.36,8.44,3,110.37,22 / 22,2548329,2019-09-06 18:58:35:011,-1.7563,-1.4528,9.0893,-0.0128,-0.01,9.8066,0.0172,-0.5711,0.0942,-21.94,-28.81,33.31,24.29,-82.89,-124.33
52.41721,-1.553209,167.36,8.44,3,110.37,22 / 22,2548429,2019-09-06 18:58:35:111,-1.9494,-0.6432,10.3744,0.0167,-0.0494,9.8065,-0.1996,-0.4647,-0.0473,-20.37,-28.12,33.88,25.83,-82.51,-126.21
52.41721,-1.553209,167.36,8.44,3,110.37,22 / 22,2548528,2019-09-06 18:58:35:210,-2.1942,-0.5083,10.9481,0.0048,0.0362,9.8065,-0.1259,-0.5706,0.0448,-19.81,-28.81,34.38,26.66,-83.16,-125.3
52.41721,-1.553209,167.36,8.44,3,110.37,22 / 22,2548628,2019-09-06 18:58:35:310,-1.5841,-0.1306,8.9661,0.0033,-0.0097,9.8066,-0.1232,-0.6379,0.1483,-19.06,-28.69,34.25,29.15,-83.27,-124.26
52.41721,-1.553209,167.36,8.44,3,110.37,22 / 22,2548729,2019-09-06 18:58:35:411,-4.5405,-1.2204,11.1743,-0.0074,-0.0538,9.8065,-0.131,-0.5523,-0.0165,-17.5,-28.94,34.44,35.12,-83,-121.59
52.41721,-1.553209,167.36,8.44,3,110.37,22 / 22,2548829,2019-09-06 18:58:35:511,-3.2366,-1.8108,9.2599,0.0316,-0.0732,9.8063,0.1456,-0.6378,0.0676,-16.56,-29.12,35.38,31.23,-82.57,-125.94
52.41721,-1.553209,167.36,8.44,3,110.37,22 / 22,2548928,2019-09-06 18:58:35:610,-2.1385,-1.273,10.6232,-0.0207,0.0128,9.8065,-0.0047,-0.6615,0.1263,-15.94,-28.81,35.5,32.5,-82.25,-126.84
52.41721,-1.553209,167.36,8.44,3,110.37,22 / 22,2549028,2019-09-06 18:58:35:710,-2.3434,-0.7369,10.3653,-0.0297,0.0229,9.8065,-0.1266,-0.6518,0.0664,-14.69,-29.62,35.88,35.06,-82.02,-126.11
52.41721,-1.553209,167.36,8.44,3,110.37,22 / 22,2549128,2019-09-06 18:58:35:810,-3.3148,-3.0238,11.1444,0.0009,-0.0279,9.8066,-0.0231,-0.5619,0.0298,-13.19,-29.25,35.44,37.31,-81.77,-126.48
52.41721,-1.553209,167.36,8.44,3,110.37,22 / 22,2549229,2019-09-06 18:58:35:911,-1.6094,-2.1617,10.0695,0.0025,0.0221,9.8066,0.1396,-0.4962,-0.0127,-12.87,-28.81,34.88,37.66,-82.02,-126.03
52.41721,-1.553209,167.36,8.44,3,110.37,22 / 22,2549329,2019-09-06 18:58:36:011,-1.4555,-1.7819,9.9119,0.0254,-0.0361,9.8064,-0.1475,-0.611,-0.0044,-11,-28.87,34.25,39.02,-82.3,-127.25
52.41721,-1.553209,167.36,8.44,3,110.37,22 / 22,2549429,2019-09-06 18:58:36:111,-0.8859,-1.0095,9.6889,0.0175,-0.0287,9.8065,-0.0659,-0.5537,-0.0307,-10.56,-29.37,34.94,36.57,-82.31,-129.86
52.41721,-1.553209,167.36,8.44,3,110.37,22 / 22,2549529,2019-09-06 18:58:36:211,-0.9834,-1.0487,9.9193,0.0026,-0.0048,9.8066,-0.0008,-0.4526,0.088,-9.56,-29.75,34.69,37.05,-82.34,-131.06
52.41721,-1.553209,167.36,8.44,3,110.37,22 / 22,2549628,2019-09-06 18:58:36:310,-0.3285,-0.9213,9.7216,-0.0014,0.0008,9.8066,-0.0536,-0.3461,0.0296,-8.87,-28.94,33.94,38.19,-82.29,-131.17
52.41721,-1.553209,167.36,8.44,3,110.37,22 / 22,2549729,2019-09-06 18:58:36:411,-0.8484,-0.1113,9.8041,0.0129,0.0072,9.8066,-0.0646,-0.3075,-0.0276,-8.37,-29.5,34.25,39.68,-82.49,-131.31
52.41721,-1.553209,167.36,8.44,3,110.37,22 / 22,2549828,2019-09-06 18:58:36:510,-0.4529,-0.3837,9.9218,0.016,-0.001,9.8065,-0.0411,-0.3033,-0.0436,-8.25,-29.37,33.94,38.88,-82.66,-131.94
52.41721,-1.553209,167.36,8.44,3,110.37,22 / 22,2549929,2019-09-06 18:58:36:611,-0.2555,-0.9773,10.0778,0.004,-0.0066,9.8066,-0.0181,-0.2558,-0.0092,-7.62,-29.56,33.19,37.89,-82.76,-132.64
52.41721,-1.553209,167.36,8.44,3,110.37,22 / 22,2550029,2019-09-06 18:58:36:711,-0.5308,0.0862,9.909,-0.0049,-0.0075,9.8066,-0.0574,-0.2469,0.0532,-6.87,-29.94,33.44,38.98,-82.65,-133.39
52.41721,-1.553209,167.36,8.44,3,110.37,22 / 22,2550129,2019-09-06 18:58:36:811,-0.5665,-0.4487,9.5994,0.0014,-0.0128,9.8066,-0.0093,-0.168,-0.0192,-6.87,-29.62,33.44,37.79,-82.45,-134.6
52.41721,-1.553209,167.36,8.44,3,110.37,22 / 22,2550229,2019-09-06 18:58:36:911,-0.4851,-0.2725,9.7586,0.014,-0.0253,9.8066,-0.0306,-0.1959,-0.0315,-5.94,-29.06,32.88,37.46,-82.37,-136.5
52.41721,-1.553209,167.36,8.44,3,110.37,22 / 22,2550329,2019-09-06 18:58:37:011,0.0765,1.0809,9.9609,0.021,0.0242,9.8065,0.0614,-0.1258,-0.0532,-5.69,-29.62,33.88,35.62,-82.31,-138.51
52.41721,-1.553209,167.36,8.44,3,110.37,22 / 22,2550428,2019-09-06 18:58:37:110,0.9845,-0.7246,9.8763,0.0217,0.0207,9.8066,0.0131,-0.1108,-0.0574,-5.19,-29.69,33.25,34.76,-82.63,-140.63
52.41721,-1.553209,167.36,8.44,3,110.37,22 / 22,2550529,2019-09-06 18:58:37:211,0.1146,-0.6543,9.8016,0.0128,-0.0155,9.8066,0.0128,-0.0411,-0.0112,-5.37,-29.19,32.94,32.23,-82.74,-142.73
52.41721,-1.553209,167.36,8.44,3,110.37,22 / 22,2550629,2019-09-06 18:58:37:311,-0.0695,0.4206,10.1583,0.0051,-0.0094,9.8066,-0.0316,0.0492,-0.0947,-5.37,-28.69,32.94,31.54,-82.83,-143.31
52.41721,-1.553209,167.36,8.44,3,110.37,22 / 22,2550729,2019-09-06 18:58:37:411,0.3887,-0.6095,9.5231,0.0089,-0.0217,9.8065,0.0449,-0.0456,0.0353,-4.81,-29.56,32.88,30.24,-82.81,-144.59
52.41721,-1.553209,167.36,8.44,3,110.37,22 / 22,2550828,2019-09-06 18:58:37:510,0.7548,-1.3946,10.1514,0.0075,-0.0248,9.8065,0.1639,-0.0057,-0.0335,-4.75,-29.44,33.06,29.6,-82.77,-145.08
52.41721,-1.553209,167.36,8.44,3,110.37,22 / 22,2550928,2019-09-06 18:58:37:610,1.6343,-1.0153,9.8789,0.0103,-0.0275,9.8066,-0.1649,-0.0183,0.0302,-4.75,-28.81,32.88,29.44,-82.87,-145.18
52.41721,-1.553209,167.36,8.44,3,110.37,22 / 22,2551029,2019-09-06 18:58:37:711,1.4517,0.2562,9.5961,-0.0053,-0.0384,9.8065,-0.1676,0.0371,-0.0002,-4.87,-27.94,32.94,28.51,-82.63,-146.02
52.41721,-1.553209,167.36,8.44,3,110.37,22 / 22,2551128,2019-09-06 18:58:37:810,0.0458,-0.0215,9.7492,-0.0127,0.0336,9.8066,0.1065,0.0113,0.0276,-5.06,-28.62,33.25,30.85,-82.62,-144.03
52.41721,-1.553209,167.36,8.44,3,110.37,22 / 22,2551229,2019-09-06 18:58:37:911,1.332,-1.4364,9.1117,-0.006,0.004,9.8065,-0.0456,0.0288,-0.0153,-5.75,-28.56,32.63,28.66,-82.48,-144.36
52.41721,-1.553209,167.36,8.44,3,110.37,22 / 22,2551329,2019-09-06 18:58:38:011,1.2374,-1.1721,10.1862,0.0053,0.0339,9.8065,0.1641,0.0773,-0.0019,-6.06,-27.56,34.19,28.84,-82.57,-144.26
52.41721,-1.553209,167.36,8.44,3,110.37,22 / 22,2551429,2019-09-06 18:58:38:111,1.272,-0.0242,10.168,-0.0027,0.0366,9.8065,0.166,0.0618,-0.0013,-5.12,-27.81,34.56,30.23,-82.59,-144.8
52.41721,-1.553209,167.36,8.44,3,110.37,22 / 22,2551529,2019-09-06 18:58:38:211,0.6818,-1.0854,10.0674,-0.0046,-0.0273,9.8066,0.0071,0.0874,-0.0219,-4.75,-27.5,33.38,30.09,-82.56,-144.53
52.41721,-1.553209,167.36,8.44,3,110.37,22 / 22,2551630,2019-09-06 18:58:38:312,0.876,-1.4715,9.9153,0.0008,-0.0021,9.8066,0.0248,0.0411,0.0431,-5.56,-28.06,33.13,28.05,-82.44,-144.82
52.41721,-1.553209,167.36,8.44,3,110.37,22 / 22,2551729,2019-09-06 18:58:38:411,1.1808,-1.0084,9.8484,0.0115,-0.0102,9.8066,-0.0506,0.0016,0.0221,-5.12,-28.25,33.38,29.12,-82.47,-145.55
52.41721,-1.553209,167.36,8.44,3,110.37,22 / 22,2551828,2019-09-06 18:58:38:510,2.3362,-1.3218,10.1147,-0.0018,-0.0245,9.8065,-0.0951,0.1011,-0.0965,-4.94,-28.69,33.31,30.16,-82.57,-144.68
52.41721,-1.553209,167.36,8.44,3,110.37,22 / 22,2551929,2019-09-06 18:58:38:611,1.1778,-0.5634,9.4929,-0.0037,0.0448,9.8065,0.0008,0.0086,0.0167,-5,-28.75,32.88,30.52,-82.76,-144.25
52.41721,-1.553209,167.36,8.44,3,110.37,22 / 22,2552028,2019-09-06 18:58:38:710,1.2666,-0.4351,8.9572,-0.0073,0.014,9.8066,0.0923,0.0462,-0.0004,-5.44,-28.87,33.06,32.18,-82.9,-142.69
52.41721,-1.553209,167.36,8.44,3,110.37,22 / 22,2552129,2019-09-06 18:58:38:811,1.1202,-1.4839,9.1408,-0.0045,0.0069,9.8066,0.0291,0.0453,-0.0996,-4.75,-29.5,32.63,31.12,-82.85,-143.67
52.41721,-1.553209,167.36,8.44,3,110.37,22 / 22,2552229,2019-09-06 18:58:38:911,2.368,1.6922,9.8067,0.0038,0.0388,9.8065,0.0314,0.09,-0.0192,-4.06,-28.37,32.25,33.04,-82.96,-143.37
52.41721,-1.553209,167.36,8.44,3,110.37,22 / 22,2552329,2019-09-06 18:58:39:011,0.8563,-0.4542,10.5981,-0.0056,-0.0109,9.8066,-0.057,0.0186,-0.0177,-4.12,-28.94,33,34.97,-83.04,-141.8
52.41721,-1.553209,167.36,8.44,3,110.37,22 / 22,2552429,2019-09-06 18:58:39:111,0.6462,-0.2323,9.9182,-0.0021,-0.0232,9.8065,0.0528,0.083,-0.0184,-4.44,-28.75,33.56,35.05,-83.02,-141.84
52.41721,-1.553209,167.36,8.44,3,110.37,22 / 22,2552529,2019-09-06 18:58:39:211,1.561,0.7019,9.9704,-0.0021,0.0049,9.8066,0.0749,0.084,-0.0119,-5.44,-28.69,34.06,32.1,-83.01,-142.86
52.41721,-1.553209,167.36,8.44,3,110.37,22 / 22,2552628,2019-09-06 18:58:39:310,0.9613,0.3126,10.3382,-0.0012,0.0016,9.8066,-0.0187,-0.0034,-0.0566,-6.06,-28.31,34.13,29.38,-82.88,-143.63
52.41721,-1.553209,167.36,8.44,3,110.37,22 / 22,2552728,2019-09-06 18:58:39:410,0.8032,1.4624,9.826,0.0066,-0.0124,9.8066,-0.0468,0.1042,-0.0165,-6.12,-28.44,33.94,29.05,-82.85,-143.94
52.41721,-1.553209,167.36,8.44,3,110.37,22 / 22,2552828,2019-09-06 18:58:39:510,2.4495,-0.3005,9.2614,0.0226,-0.0025,9.8066,-0.0607,0.0872,0.0299,-6,-28.62,33.38,27.89,-83.01,-144.81
52.41721,-1.553209,167.36,8.44,3,110.37,22 / 22,2552929,2019-09-06 18:58:39:611,1.2193,-0.5256,9.5243,-0.0078,0.004,9.8066,-0.0901,0.1275,-0.0996,-5.94,-28.25,33.63,28.45,-83.15,-144.36
52.41721,-1.553209,167.36,8.44,3,110.37,22 / 22,2553029,2019-09-06 18:58:39:711,0.9195,0.391,9.8524,0.0125,0.0001,9.8066,-0.0457,0.0683,0.0166,-5.69,-28.25,34.19,28.5,-83.3,-144.25
52.41721,-1.553209,167.36,8.44,3,110.37,22 / 22,2553128,2019-09-06 18:58:39:810,1.5276,-0.1116,10.3044,0.0036,0.0243,9.8066,0.1613,0.0947,0.0102,-5.31,-27.56,34.13,29.55,-83.42,-144.89
52.41721,-1.553209,167.36,8.44,3,110.37,22 / 22,2553229,2019-09-06 18:58:39:911,2.3894,-0.3398,9.4905,-0.0057,0.0063,9.8066,0.1024,0.0892,-0.0061,-5.19,-27.5,33.19,28.5,-83.25,-145.66
52.41721,-1.553209,167.36,8.44,3,110.37,22 / 22,2553329,2019-09-06 18:58:40:011,1.5607,-0.992,9.7479,-0.0156,-0.0123,9.8066,-0.0132,0.1244,-0.0339,-5.44,-27.75,33.13,29.28,-83.06,-145.14
52.41721,-1.553209,167.36,8.44,3,110.37,22 / 22,2553430,2019-09-06 18:58:40:112,1.451,-0.3059,9.4247,0.0007,0.0058,9.8066,-0.0335,0.0738,-0.0219,-6.5,-28.69,31.94,28.12,-82.99,-144.38
52.41721,-1.553209,167.36,8.44,3,110.37,22 / 22,2553529,2019-09-06 18:58:40:211,2.1323,-0.1828,10.0494,-0.0126,0.0078,9.8066,0.0136,0.1163,-0.0608,-7.69,-28.94,33.06,26.1,-83.09,-143.04
52.41721,-1.553209,167.36,8.44,3,110.37,22 / 22,2553628,2019-09-06 18:58:40:310,1.9413,-0.1164,9.7078,0.0008,0.002,9.8066,0.0549,0.1126,-0.0095,-7.87,-28.81,33.31,26.22,-83.12,-142.92
52.41721,-1.553209,167.36,8.44,3,110.37,22 / 22,2553728,2019-09-06 18:58:40:410,1.2572,0.0751,10.0433,-0.0154,-0.0184,9.8065,-0.0774,0.0751,-0.0219,-7.62,-28.62,34.44,26.93,-83.02,-142.63
52.41721,-1.553209,167.36,8.44,3,110.37,22 / 22,2553830,2019-09-06 18:58:40:512,2.0499,-0.0371,9.6828,0.006,0.0021,9.8066,0.0986,0.1034,0.049,-7.25,-27.87,33.31,28.81,-83.01,-142.19
52.41721,-1.553209,167.36,8.44,3,110.37,22 / 22,2553929,2019-09-06 18:58:40:611,2.0234,-0.6266,9.5246,-0.02,0.0179,9.8066,0.0444,0.0902,0.0378,-7.06,-27.94,33.81,29.42,-82.95,-141.92
52.41721,-1.553209,167.36,8.44,3,110.37,22 / 22,2554029,2019-09-06 18:58:40:711,1.303,-0.0016,9.5813,-0.0219,0.0112,9.8066,-0.0918,0.0887,-0.0262,-8.5,-28.37,32.75,30.21,-82.87,-139.31
52.41721,-1.553209,167.36,8.44,3,110.37,22 / 22,2554129,2019-09-06 18:58:40:811,1.9955,0.6385,9.154,-0.011,0.0041,9.8066,-0.1157,0.0875,0.0179,-8.87,-29.12,33.31,30.65,-82.75,-137.43
52.41721,-1.553209,167.36,8.44,3,110.37,22 / 22,2554229,2019-09-06 18:58:40:911,0.7808,1.9687,9.4098,-0.0129,0.0026,9.8066,-0.1722,0.0298,0.0905,-9.25,-28.69,33,32.43,-82.72,-135.84
52.41721,-1.553209,167.36,8.44,3,110.37,22 / 22,2554328,2019-09-06 18:58:41:010,0.7065,-0.7309,9.3698,-0.0271,0.004,9.8066,0.0028,0.0486,-0.0317,-9.31,-28.69,34.13,35.16,-82.63,-133.74
52.416794,-1.553065,166.58,8.28,3,186.44,22 / 22,2554429,2019-09-06 18:58:41:111,0.7933,0.4848,9.712,-0.0052,0.0408,9.8065,0.0885,0.0376,0.0681,-9.62,-28.56,34.06,36.4,-82.69,-130.98
52.416794,-1.553065,166.58,8.28,3,186.44,22 / 22,2554528,2019-09-06 18:58:41:210,1.0573,0.2029,9.9531,-0.0087,-0.0101,9.8066,0.0096,0.0619,0.0303,-9.62,-29.12,33.06,37.36,-82.57,-129.81
52.416794,-1.553065,166.58,8.28,3,186.44,22 / 22,2554628,2019-09-06 18:58:41:310,1.0355,0.3361,10.3324,-0.0071,0.002,9.8065,0.0635,0.0811,0.0023,-9.06,-28.75,33.63,40.5,-82.56,-128.9
52.416794,-1.553065,166.58,8.28,3,186.44,22 / 22,2554729,2019-09-06 18:58:41:411,0.9323,0.441,10.0971,0.0099,-0.0096,9.8066,0.0055,0.08,0.0016,-8.62,-29.19,33.56,40.5,-82.58,-128.89
52.416794,-1.553065,166.58,8.28,3,186.44,22 / 22,2554828,2019-09-06 18:58:41:510,2.4096,-0.2557,9.5605,0.0122,-0.0421,9.8065,-0.0751,0.0753,-0.036,-9.19,-29.44,33.56,38.34,-82.52,-130.9
52.416794,-1.553065,166.58,8.28,3,186.44,22 / 22,2554928,2019-09-06 18:58:41:610,1.0707,0.3342,9.532,0.0149,0.0141,9.8065,0.0179,0.0978,-0.0299,-9,-29.5,33,37.04,-82.65,-131.69
52.416794,-1.553065,166.58,8.28,3,186.44,22 / 22,2555029,2019-09-06 18:58:41:711,0.5864,0.55,10.0918,0.0114,0.0074,9.8065,-0.0579,0.0344,0,-9,-29.69,33,35.93,-82.82,-132.73
52.416794,-1.553065,166.58,8.28,3,186.44,22 / 22,2555128,2019-09-06 18:58:41:810,1.7224,2.0068,9.9644,0.0057,0.0075,9.8066,0.1105,0.0078,-0.0231,-9.06,-29.44,33.13,34.2,-82.95,-134.11
52.416794,-1.553065,166.58,8.28,3,186.44,22 / 22,2555229,2019-09-06 18:58:41:911,1.4817,0.5957,10.1923,-0.0014,0.0107,9.8066,0.1692,0.0234,-0.0453,-9.44,-29.62,33.5,35.01,-82.94,-133.83
52.416794,-1.553065,166.58,8.28,3,186.44,22 / 22,2555329,2019-09-06 18:58:42:011,2.0614,0.1713,9.9183,0.0236,-0.0269,9.8066,-0.0779,0.0562,0.0017,-9.25,-28.37,33.38,32.7,-82.93,-135.37
52.416794,-1.553065,166.58,8.28,3,186.44,22 / 22,2555428,2019-09-06 18:58:42:110,0.0772,0.7945,9.4622,-0.0035,-0.0328,9.8066,-0.0065,0.0293,0.0436,-8.81,-29.31,33.63,31.76,-82.79,-136.75
52.416794,-1.553065,166.58,8.28,3,186.44,22 / 22,2555528,2019-09-06 18:58:42:210,1.3899,-0.4548,9.6206,-0.0013,0.007,9.8066,-0.1202,0.0362,-0.0027,-9.37,-28.75,34.19,31.87,-82.88,-136.6
52.416794,-1.553065,166.58,8.28,3,186.44,22 / 22,2555629,2019-09-06 18:58:42:311,0.401,0.6914,10.1137,-0.003,0.0046,9.8066,0.0541,0.0544,-0.0577,-9.25,-29.69,33.31,31.93,-82.9,-136.31
52.416794,-1.553065,166.58,8.28,3,186.44,22 / 22,2555729,2019-09-06 18:58:42:411,0.8847,1.6237,10.7639,0.0121,-0.0049,9.8066,0.1243,0.0396,-0.0217,-9,-28.81,34.25,31.23,-83.1,-137.08
52.416794,-1.553065,166.58,8.28,3,186.44,22 / 22,2555829,2019-09-06 18:58:42:511,1.1097,-0.1337,10.2498,0.0048,0.0068,9.8066,0.13,0.0287,0.0082,-8.75,-29.12,33.5,29.4,-83.11,-138.74
52.416794,-1.553065,166.58,8.28,3,186.44,22 / 22,2555929,2019-09-06 18:58:42:611,1.0916,0.9139,9.4601,0.0001,-0.0345,9.8066,-0.125,0.0336,0.0387,-9,-29.37,33.69,28.51,-82.92,-139.63
52.416794,-1.553065,166.58,8.28,3,186.44,22 / 22,2556028,2019-09-06 18:58:42:710,1.2805,1.0642,9.2268,-0.0042,-0.0036,9.8066,-0.1286,0.0542,0.0291,-10.12,-29.31,33.19,27.35,-82.95,-138.69
52.416794,-1.553065,166.58,8.28,3,186.44,22 / 22,2556128,2019-09-06 18:58:42:810,0.7093,1.0913,9.4088,-0.0253,0.0338,9.8065,0.0131,0.0262,0.0075,-9.81,-29.06,33.63,32.37,-83.04,-134.48
52.416794,-1.553065,166.58,8.28,3,186.44,22 / 22,2556229,2019-09-06 18:58:42:911,2.3107,0.0414,9.2818,-0.0094,0.0533,9.8065,0.0259,0.0896,0.0136,-10.31,-29,32.94,33.86,-83.22,-132.64
52.416794,-1.553065,166.58,8.28,3,186.44,22 / 22,2556328,2019-09-06 18:58:43:010,0.5455,0.9105,9.4819,0.0057,-0.0156,9.8066,-0.1474,-0.0187,0.0066,-10.31,-30.44,33.13,34.88,-83.3,-131.78
52.416794,-1.553065,166.58,8.28,3,186.44,22 / 22,2556429,2019-09-06 18:58:43:111,1.315,1.0968,9.0988,0.0214,-0.0229,9.8066,-0.1772,0.0151,-0.0251,-10.5,-29.37,32.94,33.84,-83.39,-132.57
52.416794,-1.553065,166.58,8.28,3,186.44,22 / 22,2556528,2019-09-06 18:58:43:210,0.763,1.2586,9.2122,-0.014,0.0405,9.8065,0.0875,0.0402,-0.009,-10.62,-29.81,33,35.6,-83.66,-129.31
52.416794,-1.553065,166.58,8.28,3,186.44,22 / 22,2556628,2019-09-06 18:58:43:310,0.7733,0.124,10.6094,-0.0159,0.0421,9.8064,0.0018,0.0474,-0.0003,-10.37,-29.06,32.88,37.53,-83.68,-129.02
52.416794,-1.553065,166.58,8.28,3,186.44,22 / 22,2556729,2019-09-06 18:58:43:411,0.9574,0.6005,9.3721,0.0141,-0.0226,9.8065,0.0064,0.0879,-0.0485,-10.06,-29.25,32.5,35.58,-83.69,-130.81
52.416794,-1.553065,166.58,8.28,3,186.44,22 / 22,2556828,2019-09-06 18:58:43:510,2.3778,-0.7592,9.1838,0.0228,-0.0513,9.8064,-0.0177,0.0646,-0.0319,-9.87,-28.81,32.75,33.23,-83.64,-133
52.416794,-1.553065,166.58,8.28,3,186.44,22 / 22,2556929,2019-09-06 18:58:43:611,1.5065,1.2205,9.7739,0.0033,0.0328,9.8066,-0.1189,0.0611,-0.0223,-10.12,-28.31,32.13,34.09,-83.8,-131.61
52.416794,-1.553065,166.58,8.28,3,186.44,22 / 22,2557028,2019-09-06 18:58:43:710,1.0385,-0.3978,9.6511,-0.0102,0.0223,9.8065,-0.1187,0.0286,0.0686,-10.44,-26.94,32.13,37.1,-84.18,-128.52
52.416794,-1.553065,166.58,8.28,3,186.44,22 / 22,2557129,2019-09-06 18:58:43:811,0.7706,1.5876,9.2533,-0.0145,0.0432,9.8065,0.0891,0.0149,-0.02,-11.56,-25.87,32.38,37.52,-84.43,-124.64
52.416794,-1.553065,166.58,8.28,3,186.44,22 / 22,2557229,2019-09-06 18:58:43:911,1.3039,0.4716,10.3424,-0.0123,0.0415,9.8065,0.0591,0.0393,-0.0013,-10.62,-26.06,32.69,40.64,-84.48,-123.74
52.416794,-1.553065,166.58,8.28,3,186.44,22 / 22,2557328,2019-09-06 18:58:44:010,0.721,0.9562,9.4343,-0.0013,-0.0138,9.8066,0.0088,0.029,0.1179,-11.19,-26.44,31.94,41.89,-84.41,-122.15
52.416794,-1.553065,166.58,8.28,3,186.44,21 / 22,2557428,2019-09-06 18:58:44:110,-0.0302,2.0966,9.9446,-0.0204,-0.0014,9.8066,-0.0154,0.0084,0.0241,-12.19,-27.81,32.38,42.58,-84.25,-120.2
52.416794,-1.553065,166.58,8.28,3,186.44,21 / 22,2557529,2019-09-06 18:58:44:211,1.191,0.9524,9.2879,-0.0108,-0.0055,9.8066,-0.1412,0.0266,-0.0538,-11.19,-28.62,32.19,46.75,-84.2,-118.05
52.416794,-1.553065,166.58,8.28,3,186.44,21 / 22,2557628,2019-09-06 18:58:44:310,0.6772,-0.1825,9.332,-0.0009,0.0153,9.8066,-0.0231,0.0049,0.052,-11.19,-29.37,31.56,48.73,-84.33,-116.1
52.416794,-1.553065,166.58,8.28,3,186.44,21 / 22,2557729,2019-09-06 18:58:44:411,-0.0956,1.0491,10.0604,-0.0027,0.0105,9.8066,-0.0609,-0.0486,0.0319,-11.56,-30.06,31.56,49.14,-84.39,-114.17
52.416794,-1.553065,166.58,8.28,3,186.44,21 / 22,2557829,2019-09-06 18:58:44:511,1.0408,0.9483,9.2335,-0.0021,0.0059,9.8066,0.0249,0.0007,-0.055,-11.75,-30.62,31.94,51.11,-84.44,-112.4
52.416794,-1.553065,166.58,8.28,3,186.44,21 / 22,2557929,2019-09-06 18:58:44:611,0.5443,-0.2609,9.8046,0.0053,-0.0188,9.8066,-0.0691,0.0532,-0.0034,-11.56,-30.5,32.5,50.72,-84.48,-113.09
52.416794,-1.553065,166.58,8.28,3,186.44,21 / 22,2558029,2019-09-06 18:58:44:711,0.3264,0.1318,10.0989,0.0149,-0.0262,9.8066,-0.0871,0.016,0.0571,-11.31,-30.69,31.25,51.03,-84.54,-113.57
52.416794,-1.553065,166.58,8.28,3,186.44,21 / 22,2558129,2019-09-06 18:58:44:811,0.4518,0.251,10.0111,-0.0022,0.0155,9.8066,0.0634,0.015,-0.025,-11.75,-31.12,31.56,50.19,-84.6,-113.15
52.416794,-1.553065,166.58,8.28,3,186.44,21 / 22,2558229,2019-09-06 18:58:44:911,0.0834,0.8309,9.4752,-0.0003,0.004,9.8066,-0.0072,-0.0267,-0.0208,-11.62,-30.31,32.38,48.49,-84.57,-114.66
52.416794,-1.553065,166.58,8.28,3,186.44,21 / 22,2558329,2019-09-06 18:58:45:011,0.7093,0.9889,10.122,-0.0029,-0.0033,9.8066,0.1064,-0.0295,0.0124,-11.56,-30.75,31.81,46.55,-84.51,-116.64
52.416794,-1.553065,166.58,8.28,3,186.44,20 / 21,2558428,2019-09-06 18:58:45:110,-0.7365,0.5511,9.9965,0.0004,0.0244,9.8066,0.0862,-0.0703,0.0413,-11.19,-29.94,32.31,48.46,-84.51,-116.34
52.416794,-1.553065,166.58,8.28,3,186.44,20 / 21,2558528,2019-09-06 18:58:45:210,0.0623,2.0537,9.7542,0.0137,-0.0046,9.8066,-0.0582,-0.0571,-0.0374,-11.81,-30.81,31.63,44.91,-84.6,-118.12
52.416794,-1.553065,166.58,8.28,3,186.44,20 / 21,2558629,2019-09-06 18:58:45:311,-0.8438,1.7143,9.3089,-0.0107,-0.0308,9.8065,-0.1441,-0.081,0.0788,-11.25,-30.06,31.5,45.96,-84.48,-118.73
52.416794,-1.553065,166.58,8.28,3,186.44,20 / 21,2558728,2019-09-06 18:58:45:410,-0.2229,0.3603,8.8557,0.0025,0.0364,9.8066,0.0841,-0.0115,-0.034,-11.25,-30.37,31.38,46.06,-84.42,-118.22
52.416794,-1.553065,166.58,8.28,3,186.44,20 / 21,2558829,2019-09-06 18:58:45:511,1.7278,-0.6882,9.9086,0.0026,0.0569,9.8064,-0.0512,-0.0115,-0.0445,-11.37,-30.5,32.06,45.55,-84.66,-118.99
52.416794,-1.553065,166.58,8.28,3,186.44,20 / 21,2558929,2019-09-06 18:58:45:611,0.2582,1.1926,10.5679,0.0485,-0.0014,9.8065,0.0328,-0.0186,0.0958,-10.87,-30.75,32.19,44.68,-84.89,-119.75
52.416794,-1.553065,166.58,8.28,3,186.44,20 / 21,2559029,2019-09-06 18:58:45:711,0.0933,0.7591,10.4866,0.0137,0.009,9.8066,0.0765,-0.0618,0.01,-10.81,-31,32.19,41.96,-85.39,-121.99
52.416794,-1.553065,166.58,8.28,3,186.44,20 / 21,2559129,2019-09-06 18:58:45:811,1.351,1.4259,9.7643,0.0135,-0.0319,9.8065,-0.1168,0.0201,-0.1228,-10.81,-30.5,31.63,39.4,-85.4,-124.31
52.416794,-1.553065,166.58,8.28,3,186.44,20 / 21,2559230,2019-09-06 18:58:45:912,-0.7555,3.8795,10.5599,0.0212,-0.0286,9.8065,0.0369,-0.0448,0.0766,-10.5,-30.19,31.81,39.41,-85.52,-125.87
52.416794,-1.553065,166.58,8.28,3,186.44,20 / 21,2559330,2019-09-06 18:58:46:012,1.6191,-0.8216,9.8238,0.0033,-0.01,9.8066,-0.0187,-0.0747,-0.0451,-12.06,-30.19,31.63,34.73,-85.37,-127.12
52.416794,-1.553065,166.58,8.28,3,186.44,21 / 21,2559428,2019-09-06 18:58:46:110,-0.2648,1.4428,9.4478,0.0143,-0.0211,9.8066,-0.106,-0.0479,0.0163,-11.5,-30.25,32.69,34.57,-85.18,-129.46
52.416794,-1.553065,166.58,8.28,3,186.44,21 / 21,2559529,2019-09-06 18:58:46:211,-0.7811,1.9888,9.4737,-0.0176,0.0478,9.8065,0.0359,-0.0747,0.0826,-11.31,-29.12,33.63,37.89,-85.28,-126.63
52.416794,-1.553065,166.58,8.28,3,186.44,21 / 21,2559628,2019-09-06 18:58:46:310,0.7739,2.5578,10.1104,-0.0092,0.0183,9.8066,-0.0268,0.0677,-0.0704,-11.31,-29.12,32.56,38.81,-85.23,-125.34
52.416794,-1.553065,166.58,8.28,3,186.44,21 / 21,2559728,2019-09-06 18:58:46:410,0.9664,1.1706,9.6704,-0.013,0.0154,9.8066,0.0874,-0.0508,0.0872,-10.75,-28.12,31.88,40.23,-85.4,-123.35
52.416794,-1.553065,166.58,8.28,3,186.44,21 / 21,2559829,2019-09-06 18:58:46:511,-0.8981,2.1453,9.6292,-0.014,-0.0152,9.8066,0.0175,0.0561,-0.0468,-10.87,-28.37,32.31,40.64,-85.14,-123.12
52.416794,-1.553065,166.58,8.28,3,186.44,21 / 21,2559930,2019-09-06 18:58:46:612,0.1077,2.2166,9.9457,-0.0043,0.0242,9.8065,0.0976,-0.0738,0.1181,-10.75,-28.37,32.38,40.12,-85.12,-123.62
52.416794,-1.553065,166.58,8.28,3,186.44,21 / 21,2560029,2019-09-06 18:58:46:711,0.9613,1.8495,10.7735,-0.0056,-0.0282,9.8066,-0.0814,0.0308,-0.1163,-10.06,-28.06,31.94,42.35,-84.98,-123.23
52.416794,-1.553065,166.58,8.28,3,186.44,21 / 21,2560129,2019-09-06 18:58:46:811,-0.0091,1.9427,9.8329,-0.0056,0.0117,9.8066,0.1012,-0.0657,0.0781,-10.37,-27.62,30.94,41.61,-85.16,-123.38
52.416794,-1.553065,166.58,8.28,3,186.44,21 / 21,2560228,2019-09-06 18:58:46:910,0.2355,2.0177,10.4296,0.0027,-0.0227,9.8065,-0.0227,-0.0352,-0.0061,-10.62,-27.31,31.25,38.52,-84.94,-124.64
52.416794,-1.553065,166.58,8.28,3,186.44,21 / 21,2560328,2019-09-06 18:58:47:010,1.5598,1.3169,10.1083,0.0104,-0.0177,9.8066,0.0037,0.0582,-0.0517,-11.25,-26.25,30.75,36.59,-84.86,-126.4
52.416794,-1.553065,166.58,8.28,3,186.44,21 / 21,2560429,2019-09-06 18:58:47:111,-0.3143,2.8128,9.4308,-0.0017,-0.0149,9.8065,0.0408,-0.0312,0.0746,-11.69,-26.5,31.5,33.47,-84.7,-128.31
52.416794,-1.553065,166.58,8.28,3,186.44,21 / 21,2560528,2019-09-06 18:58:47:210,-1.0982,3.0994,9.809,-0.0106,-0.015,9.8065,-0.1077,-0.0054,0.0364,-13.06,-27.44,31.81,33.44,-84.42,-126.98
52.416794,-1.553065,166.58,8.28,3,186.44,21 / 21,2560629,2019-09-06 18:58:47:311,-0.0413,0.689,9.9688,-0.019,0.0062,9.8066,-0.0172,-0.0016,0.0352,-12.69,-26.75,32.19,35.85,-84.43,-124.72
52.416794,-1.553065,166.58,8.28,3,186.44,21 / 21,2560728,2019-09-06 18:58:47:410,0.338,2.8537,10.337,0.0025,0.0217,9.8066,0.0406,0.0081,0.0322,-12.44,-27.62,32.88,39.83,-84.43,-123.17
52.416794,-1.553065,166.58,8.28,3,186.44,21 / 21,2560828,2019-09-06 18:58:47:510,0.3797,1.5454,9.8004,0.0059,0.0229,9.8066,-0.0311,0.0084,0.0002,-12.56,-27.5,32.31,38.52,-84.63,-122.11
52.416794,-1.553065,166.58,8.28,3,186.44,21 / 21,2560929,2019-09-06 18:58:47:611,-0.2168,0.343,10.2379,0.001,-0.0149,9.8066,0.0418,-0.0528,0.0456,-12.5,-27.81,33.25,39.96,-84.37,-123.08
52.416794,-1.553065,166.58,8.28,3,186.44,21 / 21,2561029,2019-09-06 18:58:47:711,-0.6462,1.8271,10.1845,0.0053,-0.0206,9.8065,0.1614,0.0191,0.0415,-12.44,-26.69,33,37.93,-84.26,-124.94
52.416794,-1.553065,166.58,8.28,3,186.44,21 / 21,2561128,2019-09-06 18:58:47:810,0.0638,1.8848,10.223,0.0125,-0.0467,9.8065,-0.0472,-0.0256,-0.0228,-12.37,-27.31,33.25,33.35,-83.91,-129.39
52.416794,-1.553065,166.58,8.28,3,186.44,21 / 21,2561229,2019-09-06 18:58:47:911,-1.1623,1.4559,10.3929,0.0031,-0.0218,9.8066,-0.0037,-0.1138,0.0134,-11.62,-27.12,33.63,31.79,-83.69,-131.42
52.416794,-1.553065,166.58,8.28,3,186.44,21 / 21,2561328,2019-09-06 18:58:48:010,-0.8711,1.2375,9.4997,0.0015,-0.0165,9.8066,-0.0099,-0.0776,-0.0018,-12.12,-27.5,33.38,30.08,-83.55,-132.57
52.416794,-1.553065,166.58,8.28,3,186.44,21 / 21,2561429,2019-09-06 18:58:48:111,-1.1137,1.557,9.6269,0.0093,0.0213,9.8066,0.013,-0.0888,-0.0156,-11.56,-28.37,34,30.21,-83.61,-133
52.416794,-1.553065,166.58,8.28,3,186.44,21 / 21,2561528,2019-09-06 18:58:48:210,-0.6801,1.0448,9.7083,0.009,0.0039,9.8066,-0.0076,-0.1589,-0.0065,-11.94,-28.56,33.63,28.83,-83.68,-134.33
52.416794,-1.553065,166.58,8.28,3,186.44,21 / 21,2561629,2019-09-06 18:58:48:311,-0.748,0.6183,9.5436,-0.0067,0.0041,9.8066,0.0495,-0.1394,0.0096,-11.69,-28.75,34,29.09,-83.72,-134.07
52.416794,-1.553065,166.58,8.28,3,186.44,21 / 21,2561729,2019-09-06 18:58:48:411,-2.0787,1.2389,10.3923,-0.012,-0.0025,9.8066,0.0118,-0.2109,0.0511,-11.31,-29.56,34.06,32.23,-83.64,-132.85
52.416794,-1.553065,166.58,8.28,3,186.44,21 / 21,2561829,2019-09-06 18:58:48:511,-2.0094,0.8001,10.2288,0.0045,-0.0081,9.8066,-0.025,-0.2602,0.007,-10.75,-29.37,33.75,32.11,-83.49,-132.94
52.416794,-1.553065,166.58,8.28,3,186.44,21 / 21,2561928,2019-09-06 18:58:48:610,-1.966,1.4711,9.6944,0.001,-0.0001,9.8066,0.0514,-0.2765,0.0279,-10.94,-29.31,34.38,31.98,-83.5,-133.05
52.416794,-1.553065,166.58,8.28,3,186.44,21 / 21,2562028,2019-09-06 18:58:48:710,-1.6256,0.6562,9.6871,-0.0015,0.0139,9.8065,-0.0333,-0.3061,0.034,-10.06,-29.5,34.25,34.05,-83.49,-132.72
52.416794,-1.553065,166.58,8.28,3,186.44,21 / 21,2562128,2019-09-06 18:58:48:810,-2.7496,0.7692,9.8256,-0.008,0.0141,9.8065,0.0276,-0.4014,0.1004,-9.56,-29.56,33.75,34.62,-83.47,-132.3
52.416794,-1.553065,166.58,8.28,3,186.44,21 / 21,2562229,2019-09-06 18:58:48:911,-2.3066,0.3346,9.9488,-0.0094,-0.0056,9.8066,-0.0579,-0.3932,0.0019,-9.06,-29.12,34,36.93,-83.34,-131.74
52.416794,-1.553065,166.58,8.28,3,186.44,21 / 21,2562329,2019-09-06 18:58:49:011,-2.2057,0.3471,10.2258,0.0046,0.0016,9.8065,0.001,-0.4147,0.0545,-8.44,-30.5,33.56,39.34,-83.33,-131.25
52.416794,-1.553065,166.58,8.28,3,186.44,22 / 22,2562429,2019-09-06 18:58:49:111,-2.5101,0.0702,10.0773,0.0091,-0.0102,9.8066,-0.0558,-0.4135,0.0176,-7.5,-30.19,32.69,41,-83.28,-131.28
52.416794,-1.553065,166.58,8.28,3,186.44,22 / 22,2562529,2019-09-06 18:58:49:211,-2.7638,0.2788,9.5041,0.0085,-0.0186,9.8065,0.0101,-0.3714,-0.0112,-6.94,-29.94,33.5,39.01,-83.29,-133.2
52.416794,-1.553065,166.58,8.28,3,186.44,22 / 22,2562628,2019-09-06 18:58:49:310,-1.9259,0.143,10.2057,0.0036,0.0071,9.8066,0.0426,-0.4789,0.071,-6.44,-30.12,32.19,40,-83.28,-133.56
52.416794,-1.553065,166.58,8.28,3,186.44,22 / 22,2562729,2019-09-06 18:58:49:411,-1.7208,0.6234,10.0216,0.001,0.0119,9.8066,-0.0121,-0.4013,0.0215,-5.31,-29.75,32.06,41.89,-83.32,-133.56
52.416794,-1.553065,166.58,8.28,3,186.44,22 / 22,2562829,2019-09-06 18:58:49:511,-2.5095,0.7452,10.729,0.0036,-0.0059,9.8066,-0.0225,-0.3619,-0.0006,-4.87,-30,32.25,41.31,-83.3,-134.11
52.416794,-1.553065,166.58,8.28,3,186.44,22 / 22,2562930,2019-09-06 18:58:49:612,-2.3892,0.4241,9.8076,0.0014,-0.015,9.8065,-0.0464,-0.3834,-0.0152,-4.56,-30.31,31.44,40.64,-83.33,-134.54
52.416794,-1.553065,166.58,8.28,3,186.44,22 / 22,2563028,2019-09-06 18:58:49:710,-1.8015,1.2829,10.1671,0.0033,-0.0187,9.8066,0.0148,-0.3958,-0.0188,-3.31,-30.37,31.25,42.93,-83.2,-136.21
52.416794,-1.553065,166.58,8.28,3,186.44,22 / 22,2563129,2019-09-06 18:58:49:811,-2.1946,-0.1485,9.9481,0.0094,-0.0154,9.8066,0.1228,-0.3717,0.017,-3.19,-30.12,31.38,41.09,-83.13,-137.94
52.416794,-1.553065,166.58,8.28,3,186.44,22 / 22,2563229,2019-09-06 18:58:49:911,-1.3167,0.623,9.8717,0.0108,-0.0209,9.8066,-0.0828,-0.4052,-0.0528,-2.87,-30.56,31.5,38.45,-82.99,-140.61
52.416794,-1.553065,166.58,8.28,3,186.44,22 / 22,2563329,2019-09-06 18:58:50:011,-1.4414,0.0909,9.6052,0.0074,-0.015,9.8066,-0.0212,-0.3754,0.0368,-1.62,-29.75,30.06,38.1,-82.91,-142.67
52.416042,-1.553141,165.24,7.03,3,217.95,22 / 22,2563429,2019-09-06 18:58:50:111,-1.6472,0.5494,9.8342,-0.0009,-0.018,9.8066,-0.0415,-0.3926,0.0317,-1.06,-29.75,29.56,39.74,-82.91,-143.1
52.416042,-1.553141,165.24,7.03,3,217.95,22 / 22,2563529,2019-09-06 18:58:50:211,-1.6974,-0.1516,10.1756,0.0005,-0.0039,9.8066,-0.0494,-0.4197,0.005,-0.31,-29.75,29.44,41.41,-82.87,-143.7
52.416042,-1.553141,165.24,7.03,3,217.95,22 / 22,2563628,2019-09-06 18:58:50:310,-1.7074,0.6855,9.8103,0.004,0.0028,9.8066,0.0095,-0.3498,0.057,0.13,-29.56,28.88,41.15,-82.82,-143.97
52.416042,-1.553141,165.24,7.03,3,217.95,22 / 22,2563728,2019-09-06 18:58:50:410,-2.0286,0.2605,9.5124,-0.0091,-0.0146,9.8066,-0.0261,-0.3467,0.0366,0.06,-30.25,28.06,41.15,-82.7,-144.23
52.416042,-1.553141,165.24,7.03,3,217.95,22 / 22,2563828,2019-09-06 18:58:50:510,-2.2029,0.0916,9.5639,0,-0.0004,9.8066,-0.0087,-0.373,0.0776,0.13,-29.75,27.88,41.14,-82.55,-144.36
52.416042,-1.553141,165.24,7.03,3,217.95,22 / 22,2563929,2019-09-06 18:58:50:611,-1.7199,0.9371,10.4274,-0.0126,-0.0188,9.8066,-0.0584,-0.3522,0.0269,1.38,-30.12,26.75,43.84,-82.38,-144.41
52.416042,-1.553141,165.24,7.03,3,217.95,22 / 22,2564028,2019-09-06 18:58:50:710,-1.649,1.1614,10.358,0.0115,0.0111,9.8066,0.0686,-0.3353,0.0303,0.75,-30.19,25.81,43.38,-82.31,-145.19
52.416042,-1.553141,165.24,7.03,3,217.95,22 / 22,2564129,2019-09-06 18:58:50:811,-1.8178,-0.3944,8.9,0.0092,0.0036,9.8066,-0.0453,-0.3524,0.0128,0.81,-29.56,25.25,42.36,-82.28,-146.44
52.416042,-1.553141,165.24,7.03,3,217.95,22 / 22,2564228,2019-09-06 18:58:50:910,-1.8153,-0.2601,9.8306,0.0091,0.0017,9.8066,0.0596,-0.3617,-0.0241,0.69,-29.62,25.75,41.37,-82.22,-147.04
52.416042,-1.553141,165.24,7.03,3,217.95,22 / 22,2564329,2019-09-06 18:58:51:011,-1.8874,-0.0878,10.2563,0.0171,0.0154,9.8065,0.0839,-0.3368,-0.0061,-0.31,-29.5,24.5,37.61,-82.41,-148.01
52.416042,-1.553141,165.24,7.03,3,217.95,21 / 21,2564428,2019-09-06 18:58:51:110,-1.1399,0.0012,10.4176,0.0164,0.0026,9.8066,-0.0693,-0.3571,0.019,0.06,-29.06,25.31,35.52,-82.65,-149.66
52.416042,-1.553141,165.24,7.03,3,217.95,21 / 21,2564529,2019-09-06 18:58:51:211,-1.8148,0.6493,10.1071,0.0137,-0.0062,9.8066,0.1822,-0.3059,-0.0132,1.44,-29.62,25.38,36.89,-82.72,-150.87
52.416042,-1.553141,165.24,7.03,3,217.95,21 / 21,2564628,2019-09-06 18:58:51:310,-1.5804,-1.1317,9.3265,0.004,-0.012,9.8066,0.1668,-0.2715,0.033,1.31,-30.06,25.38,34.01,-82.55,-153.51
52.416042,-1.553141,165.24,7.03,3,217.95,21 / 21,2564729,2019-09-06 18:58:51:411,-2.2953,0.564,10.0539,-0.0093,-0.008,9.8066,0.0582,-0.319,0.0617,2.75,-29.75,24.75,38.82,-82.3,-154.04
52.416042,-1.553141,165.24,7.03,3,217.95,21 / 21,2564829,2019-09-06 18:58:51:511,-2.3983,0.5073,10.2707,0.0199,0.0047,9.8066,0.0092,-0.3227,-0.0353,3.81,-30.19,24.38,41.75,-82.23,-154.38
52.416042,-1.553141,165.24,7.03,3,217.95,21 / 21,2564928,2019-09-06 18:58:51:610,-1.249,-0.7463,10.2766,0.0285,0.0082,9.8065,0.0089,-0.2945,-0.0308,4.19,-30.12,23.5,38.92,-82.52,-156.59
52.416042,-1.553141,165.24,7.03,3,217.95,21 / 21,2565028,2019-09-06 18:58:51:710,-0.5422,1.1554,9.9492,0.0169,-0.0228,9.8066,-0.0291,-0.3065,0.006,4.31,-30.69,22.81,36.05,-82.62,-159.82
52.416042,-1.553141,165.24,7.03,3,217.95,21 / 21,2565129,2019-09-06 18:58:51:811,-1.7939,-0.8888,9.6363,-0.0068,-0.0389,9.8066,-0.0556,-0.2373,-0.0321,4.5,-30.56,22.06,38.61,-82.41,-160.96
52.416042,-1.553141,165.24,7.03,3,217.95,21 / 21,2565228,2019-09-06 18:58:51:910,-1.6661,1.1131,10.1516,0.0144,0.0052,9.8066,-0.0139,-0.314,-0.025,6.38,-30,22.13,38.69,-82.47,-163.02
52.416042,-1.553141,165.24,7.03,3,217.95,21 / 21,2565330,2019-09-06 18:58:52:012,-0.8879,1.6898,10.4432,0.0261,0.0191,9.8065,-0.0425,-0.2721,-0.0568,5.56,-30.37,21.25,38.08,-82.52,-164.46
52.416042,-1.553141,165.24,7.03,3,217.95,20 / 20,2565428,2019-09-06 18:58:52:110,-0.8566,0.2725,10.1751,0.005,-0.0181,9.8066,0.0021,-0.3573,0.0695,5.88,-29.69,20.75,35.89,-82.66,-166.2
52.416042,-1.553141,165.24,7.03,3,217.95,20 / 20,2565529,2019-09-06 18:58:52:211,-1.3178,1.4606,9.8941,-0.0181,-0.0265,9.8066,-0.0788,-0.2789,-0.0033,5.94,-29.81,19.5,36.83,-82.45,-166.63
52.416042,-1.553141,165.24,7.03,3,217.95,20 / 20,2565628,2019-09-06 18:58:52:310,-1.9868,0.467,9.7847,0.0094,-0.0011,9.8065,0.12,-0.3045,0.021,6.5,-29.94,19.13,39.78,-82.41,-167.9
52.416042,-1.553141,165.24,7.03,3,217.95,20 / 20,2565729,2019-09-06 18:58:52:411,-2.4032,-0.6643,10.1925,0.009,-0.0041,9.8066,0.1324,-0.3027,-0.0545,6.06,-29.94,19.69,34.39,-82.36,-168.76
52.416042,-1.553141,165.24,7.03,3,217.95,20 / 20,2565829,2019-09-06 18:58:52:511,-0.8732,1.948,10.7334,0.0155,-0.0065,9.8066,-0.185,-0.2616,0.0269,6.5,-30.69,17.31,38.79,-82.59,-171.68
52.416042,-1.553141,165.24,7.03,3,217.95,20 / 20,2565929,2019-09-06 18:58:52:611,-1.3843,2.2447,11.4506,-0.0128,-0.0219,9.8065,0.1854,-0.197,0,6.75,-29.44,17.31,37.7,-82.51,-172.17
52.416042,-1.553141,165.24,7.03,3,217.95,20 / 20,2566028,2019-09-06 18:58:52:710,-1.026,1.3672,10.6701,-0.0078,-0.0328,9.8066,0.2249,-0.2698,0.0641,6,-30.19,18.31,32.56,-82.34,-172.63
52.416042,-1.553141,165.24,7.03,3,217.95,20 / 20,2566128,2019-09-06 18:58:52:810,-0.9121,-0.4872,9.9515,-0.0227,-0.0331,9.8065,0.2328,-0.2704,-0.0152,5.81,-29.25,18.06,32.46,-81.61,-173.15
52.416042,-1.553141,165.24,7.03,3,217.95,20 / 20,2566229,2019-09-06 18:58:52:911,-3.0234,0.6584,10.0651,-0.0352,-0.0333,9.8064,-0.0485,-0.2896,0.0662,5.38,-29.37,17.88,30.4,-80.94,-172.57
52.416042,-1.553141,165.24,7.03,3,217.95,20 / 20,2566329,2019-09-06 18:58:53:011,-1.3713,1.1778,8.9837,-0.0045,-0.0033,9.8066,0.0108,-0.356,0.066,5.75,-29.37,17.31,36.05,-81.04,-172.24
52.416042,-1.553141,165.24,7.03,3,217.95,22 / 22,2566429,2019-09-06 18:58:53:111,-2.5716,3.0108,9.4237,-0.0028,0.037,9.8065,-0.0382,-0.2453,-0.0041,5.56,-29.87,17.44,36.93,-81.65,-171.18
52.416042,-1.553141,165.24,7.03,3,217.95,22 / 22,2566528,2019-09-06 18:58:53:210,-0.8311,0.7316,10.9914,0.0025,0.0036,9.8066,0.0387,-0.3403,0.1127,6.56,-29.19,16.44,42.2,-81.82,-170.9
52.416042,-1.553141,165.24,7.03,3,217.95,22 / 22,2566629,2019-09-06 18:58:53:311,-1.5718,1.2427,10.8838,-0.034,-0.0407,9.8065,0.0844,-0.3174,0.0434,6.56,-29.87,16,43.32,-81.74,-170.41
52.416042,-1.553141,165.24,7.03,3,217.95,22 / 22,2566729,2019-09-06 18:58:53:411,-2.0963,1.4533,10.4124,-0.0317,-0.0563,9.8064,0.1568,-0.3168,0.0706,7,-29.94,15.38,46.59,-80.84,-170.97
52.416042,-1.553141,165.24,7.03,3,217.95,22 / 22,2566829,2019-09-06 18:58:53:511,-1.3561,1.3436,9.8571,-0.0376,-0.0237,9.8065,0.0124,-0.2968,0.1032,10.06,-32.56,10.81,73.55,-79.85,-171.35
52.416042,-1.553141,165.24,7.03,3,217.95,22 / 22,2566929,2019-09-06 18:58:53:611,-1.2493,2.1198,10.2542,-0.0402,0.0149,9.8065,-0.0687,-0.3098,0.0229,11.69,-34.69,8.19,92.33,-79.54,-170.55
52.416042,-1.553141,165.24,7.03,3,217.95,22 / 22,2567029,2019-09-06 18:58:53:711,-0.5067,2.3646,9.1966,0.0322,0.0213,9.8065,-0.0214,-0.1909,0.0634,11.31,-34.56,7.31,97.05,-79.72,-169.26
52.416042,-1.553141,165.24,7.03,3,217.95,22 / 22,2567129,2019-09-06 18:58:53:811,0.5908,1.1581,9.6126,0.033,0.005,9.8065,-0.1135,-0.2963,0.1576,11.19,-35.56,6,102.75,-79.84,-168.57
52.416042,-1.553141,165.24,7.03,3,217.95,22 / 22,2567229,2019-09-06 18:58:53:911,-0.0519,2.1984,10.5092,0.0107,0.0016,9.8066,0.0427,-0.1697,-0.0795,10.94,-35.75,6.06,103.3,-79.99,-167.42
52.416042,-1.553141,165.24,7.03,3,217.95,22 / 22,2567329,2019-09-06 18:58:54:011,0.6464,1.7332,10.0041,0.0056,-0.017,9.8066,0.0055,-0.1976,-0.001,10.13,-35.37,5.75,101.55,-80.04,-168.38
52.416042,-1.553141,165.24,7.03,3,217.95,22 / 22,2567429,2019-09-06 18:58:54:111,0.3598,1.5243,9.811,-0.0178,-0.0072,9.8066,0.1371,-0.1555,-0.0306,11.19,-35,5.94,100.37,-79.81,-170.43
52.416042,-1.553141,165.24,7.03,3,217.95,22 / 22,2567529,2019-09-06 18:58:54:211,-0.2831,0.8476,10.4463,0.0022,-0.0171,9.8066,-0.0187,-0.2127,0.032,10.63,-35.5,5.75,100.19,-79.43,-171.88
52.416042,-1.553141,165.24,7.03,3,217.95,22 / 22,2567628,2019-09-06 18:58:54:310,-1.0058,2.294,9.613,0.0003,-0.0156,9.8066,-0.0393,-0.0616,-0.0614,11.5,-35.75,5,104.9,-79.2,-172.88
52.416042,-1.553141,165.24,7.03,3,217.95,22 / 22,2567729,2019-09-06 18:58:54:411,0.7721,0.4971,9.153,0.0162,-0.0146,9.8066,-0.0578,-0.1014,0.0136,10.63,-36.69,4.38,109.32,-79.32,-174.55
52.416042,-1.553141,165.24,7.03,3,217.95,22 / 22,2567829,2019-09-06 18:58:54:511,-0.6813,0.5217,9.4198,0.0168,-0.0033,9.8065,0.0207,-0.0817,0.0069,11.06,-35.81,4.63,102.47,-79.59,-175.17
52.416042,-1.553141,165.24,7.03,3,217.95,22 / 22,2567928,2019-09-06 18:58:54:610,0.0146,-0.0803,10.1942,-0.0025,0.0058,9.8066,0.0384,-0.0381,0.0502,10.31,-36.25,4.88,103.07,-79.67,-175
52.416042,-1.553141,165.24,7.03,3,217.95,22 / 22,2568029,2019-09-06 18:58:54:711,0.8636,1.0865,9.8845,0.0054,0.0143,9.8066,-0.0021,-0.1018,0.0127,10.44,-36.12,4.19,108.23,-79.81,-174.43
52.416042,-1.553141,165.24,7.03,3,217.95,22 / 22,2568129,2019-09-06 18:58:54:811,-1.1169,0.0835,10.2776,-0.0122,0.0014,9.8066,0.1047,-0.0093,-0.0281,10.5,-35.69,4.81,103.15,-79.62,-174.27
52.416042,-1.553141,165.24,7.03,3,217.95,22 / 22,2568229,2019-09-06 18:58:54:911,0.0503,0.5192,9.7706,-0.0154,0.0207,9.8066,-0.0511,-0.0401,-0.0311,10.44,-35.69,4.63,104.37,-79.44,-174.36
52.416042,-1.553141,165.24,7.03,3,217.95,22 / 22,2568329,2019-09-06 18:58:55:011,0.5606,0.5525,10.1327,0.0001,-0.0038,9.8066,-0.0177,-0.0887,0.0289,10.25,-36.62,4.44,111.12,-79.32,-173.84
52.416042,-1.553141,165.24,7.03,3,217.95,22 / 22,2568429,2019-09-06 18:58:55:111,0.7498,0.3251,10.2278,0.011,0.0044,9.8066,0.0864,-0.0781,0.0472,9.69,-36.5,4.19,110.57,-79.33,-173.33
52.416042,-1.553141,165.24,7.03,3,217.95,22 / 22,2568529,2019-09-06 18:58:55:211,-0.139,0.4917,9.682,-0.0223,0.0095,9.8065,0.0666,-0.0677,-0.0093,9.81,-36.87,3.63,112.15,-79.13,-173.22
52.416042,-1.553141,165.24,7.03,3,217.95,22 / 22,2568628,2019-09-06 18:58:55:310,0.236,0.9358,9.6929,-0.0294,0.0232,9.8065,0.0039,-0.0994,0.0589,9.63,-35.81,4.25,112.28,-78.99,-172.45
52.416042,-1.553141,165.24,7.03,3,217.95,22 / 22,2568729,2019-09-06 18:58:55:411,0.1483,1.1185,9.6547,0.021,0.0051,9.8066,-0.0003,-0.0286,0.0351,9.44,-36.69,3.81,115.4,-78.99,-171.35
52.416042,-1.553141,165.24,7.03,3,217.95,22 / 22,2568829,2019-09-06 18:58:55:511,-0.2041,0.2488,9.6955,0.022,0.0106,9.8065,-0.0023,-0.0617,0.0262,8.56,-36,3.69,115.02,-79.05,-170.3
52.416042,-1.553141,165.24,7.03,3,217.95,22 / 22,2568929,2019-09-06 18:58:55:611,-0.7395,0.4573,10.0916,-0.0007,0.0124,9.8066,0.0228,-0.081,0.06,8.81,-36.75,3.5,116.24,-79.16,-169.41
52.416042,-1.553141,165.24,7.03,3,217.95,22 / 22,2569028,2019-09-06 18:58:55:710,0.9359,0.2891,10.1802,-0.004,0.02,9.8066,-0.0378,-0.0953,0.0651,8.56,-36.19,3.5,116.67,-79.12,-167.66
52.416042,-1.553141,165.24,7.03,3,217.95,22 / 22,2569128,2019-09-06 18:58:55:810,0.1772,0.509,9.7265,-0.0226,0.0227,9.8066,-0.0684,-0.0466,0.0016,9,-36.37,3.06,122.58,-78.92,-167.01
52.416042,-1.553141,165.24,7.03,3,217.95,22 / 22,2569229,2019-09-06 18:58:55:911,-0.3519,1.1374,9.5854,0.0041,0.0067,9.8066,0.0387,-0.0003,0.0078,8.44,-37.31,3.56,120.82,-78.8,-166.54
52.416042,-1.553141,165.24,7.03,3,217.95,22 / 22,2569329,2019-09-06 18:58:56:011,0.7967,1.6455,10.0643,0.0062,0.006,9.8066,-0.1235,0.0043,-0.0569,8.69,-36.69,3.38,124.36,-78.74,-166.25
52.416042,-1.553141,165.24,7.03,3,217.95,21 / 21,2569429,2019-09-06 18:58:56:111,0.3813,0.1194,10.3397,-0.0093,-0.0139,9.8065,-0.0818,-0.1109,-0.0062,8.88,-36.81,3,123.76,-78.89,-166.55
52.416042,-1.553141,165.24,7.03,3,217.95,21 / 21,2569529,2019-09-06 18:58:56:211,1.4513,0.3895,9.3592,-0.0142,-0.0009,9.8065,-0.1388,-0.0875,-0.056,8.38,-36.56,3.31,125.18,-78.86,-167.57
52.416042,-1.553141,165.24,7.03,3,217.95,21 / 21,2569628,2019-09-06 18:58:56:310,0.3212,0.4783,10.024,0.0193,-0.0192,9.8066,0.1197,-0.0782,0.0066,8.94,-37,2.5,122.4,-78.98,-168.31
52.416042,-1.553141,165.24,7.03,3,217.95,21 / 21,2569728,2019-09-06 18:58:56:410,-0.1737,1.5193,10.2082,0.0314,-0.0012,9.8065,0.0603,-0.1068,0.0338,9.06,-36.87,2.56,122.83,-78.84,-168.24
52.416042,-1.553141,165.24,7.03,3,217.95,21 / 21,2569829,2019-09-06 18:58:56:511,0.0713,-0.049,10.2927,-0.0235,0.0098,9.8066,0.0486,-0.0811,0.0143,8.38,-36.19,3,124.59,-78.63,-168.19
52.416042,-1.553141,165.24,7.03,3,217.95,21 / 21,2569928,2019-09-06 18:58:56:610,-0.2639,0.1878,10.3774,-0.01,-0.0001,9.8066,0.1008,-0.0918,-0.0113,8.63,-36.94,2.38,127.93,-78.65,-168.08
52.416042,-1.553141,165.24,7.03,3,217.95,21 / 21,2570029,2019-09-06 18:58:56:711,0.2646,0.8546,9.8892,-0.0256,0.0188,9.8065,-0.1455,-0.0277,-0.0051,8.81,-36.56,2.25,127.83,-78.77,-167.79
52.416042,-1.553141,165.24,7.03,3,217.95,21 / 21,2570129,2019-09-06 18:58:56:811,1.7098,0.3567,9.6419,-0.0355,0.0045,9.8065,-0.1196,-0.0695,0.0484,8.31,-36.69,2.44,130.57,-78.52,-168.17
52.416042,-1.553141,165.24,7.03,3,217.95,21 / 21,2570228,2019-09-06 18:58:56:910,0.7563,0.4771,10.0383,0.0234,-0.0067,9.8065,0.1634,-0.0478,-0.0682,8.19,-36.75,2.75,125.8,-78.6,-167.82
52.416042,-1.553141,165.24,7.03,3,217.95,21 / 21,2570328,2019-09-06 18:58:57:010,1.0474,-1.0133,10.283,0.0124,-0.0178,9.8065,0.0832,0.0093,-0.0193,8.81,-36.69,2.94,123.61,-78.44,-168.71
52.416042,-1.553141,165.24,7.03,3,217.95,22 / 22,2570429,2019-09-06 18:58:57:111,-0.4581,-0.8222,9.3908,0.0074,0.005,9.8066,-0.0465,0.0275,0.0053,9,-36.44,2.31,127.48,-78.34,-168.79
52.416042,-1.553141,165.24,7.03,3,217.95,22 / 22,2570529,2019-09-06 18:58:57:211,1.7446,-0.3949,10.2384,0.0165,0.0142,9.8065,-0.1255,-0.0523,0.0296,8.19,-36.44,1.81,130.53,-78.28,-167.86
52.416042,-1.553141,165.24,7.03,3,217.95,22 / 22,2570628,2019-09-06 18:58:57:310,1.8182,-1.2403,9.7863,0.0087,-0.0101,9.8066,0.0535,-0.0218,0.0593,8.06,-36.56,2.31,131.79,-78.38,-166.57
52.416042,-1.553141,165.24,7.03,3,217.95,22 / 22,2570729,2019-09-06 18:58:57:411,-0.6692,0.5973,10.5039,-0.0196,0.0192,9.8065,0.1389,-0.0278,0.091,8.38,-36.94,2.38,132.31,-78.2,-166.4
52.416042,-1.553141,165.24,7.03,3,217.95,22 / 22,2570829,2019-09-06 18:58:57:511,1.1665,-0.3907,9.5846,-0.0114,0.0169,9.8066,-0.1008,-0.0628,0.0117,8,-36.75,2,133.56,-77.82,-165.69
52.416042,-1.553141,165.24,7.03,3,217.95,22 / 22,2570929,2019-09-06 18:58:57:611,0.8231,-0.0318,9.6404,0.0034,0.0039,9.8066,0.0143,0.0074,-0.0112,8.06,-37.06,2.38,133.72,-77.88,-165.14
52.416042,-1.553141,165.24,7.03,3,217.95,22 / 22,2571029,2019-09-06 18:58:57:711,1.6206,-1.0249,9.5605,0.015,-0.0171,9.8065,0.0199,-0.0066,0.0104,8.44,-36.19,2.44,132.44,-78.11,-165.12
52.416042,-1.553141,165.24,7.03,3,217.95,22 / 22,2571128,2019-09-06 18:58:57:810,-0.6771,-0.0686,9.3128,-0.0004,-0.0086,9.8065,-0.0005,-0.0088,-0.0511,8,-37.19,1.69,132.5,-78.35,-165.37
52.416042,-1.553141,165.24,7.03,3,217.95,22 / 22,2571228,2019-09-06 18:58:57:910,1.3803,-0.1864,10.2017,0.0162,-0.0059,9.8066,-0.0282,-0.0311,0.0129,8.63,-37.06,2.25,129.97,-78.44,-165.51
52.416042,-1.553141,165.24,7.03,3,217.95,22 / 22,2571328,2019-09-06 18:58:58:010,0.6044,0.2696,10.2121,0.0237,-0.0181,9.8065,0.0285,0.0016,0.0028,7.75,-36.62,2.19,132.08,-78.45,-165.69
52.416042,-1.553141,165.24,7.03,3,217.95,21 / 21,2571429,2019-09-06 18:58:58:111,0.5852,-0.2992,10.0414,-0.0364,-0.0034,9.8065,-0.0839,-0.0086,-0.0339,8.5,-36.62,1.88,129.71,-78.41,-166.05
52.416042,-1.553141,165.24,7.03,3,217.95,21 / 21,2571528,2019-09-06 18:58:58:210,-0.6106,-0.0976,10.2128,-0.028,-0.0013,9.8066,0.0731,0.0387,0.0067,8.75,-36.31,2.06,128.21,-78.33,-167.62
52.416042,-1.553141,165.24,7.03,3,217.95,21 / 21,2571629,2019-09-06 18:58:58:311,0.9679,-2.3777,8.8229,0.0095,-0.0082,9.8066,0.001,0.096,-0.0868,8.38,-37,2.38,131.49,-78.19,-168
52.416042,-1.553141,165.24,7.03,3,217.95,21 / 21,2571729,2019-09-06 18:58:58:411,0.8767,1.2738,9.6386,-0.0044,0.0069,9.8066,-0.0351,0.0241,-0.0356,8.69,-36.44,2.25,128.4,-78.13,-168.09
52.416042,-1.553141,165.24,7.03,3,217.95,21 / 21,2571832,2019-09-06 18:58:58:514,-0.2403,-0.9948,9.1957,0.0154,-0.0109,9.8066,-0.0103,0.0258,-0.0405,8.56,-36.31,1.81,128.66,-78.11,-167.73
52.416042,-1.553141,165.24,7.03,3,217.95,21 / 21,2571929,2019-09-06 18:58:58:611,1.1298,-0.4335,9.9151,0.022,-0.0054,9.8066,-0.0422,0.0288,0.0233,8.75,-36.87,1.75,128.91,-78.34,-167.72
52.416042,-1.553141,165.24,7.03,3,217.95,21 / 21,2572029,2019-09-06 18:58:58:711,1.3665,0.7441,9.5359,0.0057,-0.0084,9.8065,0.0199,-0.0451,0.0637,8.88,-36.62,1.31,132.99,-78.39,-167.54
52.416042,-1.553141,165.24,7.03,3,217.95,21 / 21,2572129,2019-09-06 18:58:58:811,-0.9305,-2.2271,9.6243,-0.0226,-0.0171,9.8065,-0.0233,0.1181,-0.1828,9.25,-37,1.56,128.07,-78.42,-168.81
52.416042,-1.553141,165.24,7.03,3,217.95,21 / 21,2572230,2019-09-06 18:58:58:912,1.0176,-1.757,10.393,0.0137,-0.0049,9.8065,-0.0105,-0.0582,0.0233,9.06,-36.69,1.81,127.45,-78.44,-169.74
52.416042,-1.553141,165.24,7.03,3,217.95,21 / 21,2572329,2019-09-06 18:58:59:011,-0.0735,-1.2038,9.5949,-0.0358,0.0108,9.8065,0.1192,-0.0748,0.0766,9.06,-36.31,1.88,127.09,-78.2,-170
52.416157,-1.554187,164.68,11.44,3,298.15,21 / 21,2572429,2019-09-06 18:58:59:111,-0.1771,-0.54,9.6372,-0.0246,0.0297,9.8065,0.0103,0.0538,0.0107,8.13,-37.19,2.38,130.87,-78.04,-169.85
52.416157,-1.554187,164.68,11.44,3,298.15,21 / 21,2572528,2019-09-06 18:58:59:210,0.579,0.6899,9.6805,0.0184,0.0103,9.8066,-0.0162,0.0757,-0.0382,8.5,-36.69,2.63,124.62,-78.09,-168.58
52.416157,-1.554187,164.68,11.44,3,298.15,21 / 21,2572629,2019-09-06 18:58:59:311,1.2039,-0.3477,9.5649,0.0266,-0.0118,9.8065,-0.0029,-0.0004,0.0212,8.56,-37.12,2.13,128.85,-78.23,-168.24
52.416157,-1.554187,164.68,11.44,3,298.15,21 / 21,2572728,2019-09-06 18:58:59:410,1.5778,-0.5636,9.9673,-0.0046,-0.011,9.8066,0.0002,-0.0303,-0.0469,8.56,-37.19,2.25,128.84,-78.31,-167.95
52.416157,-1.554187,164.68,11.44,3,298.15,21 / 21,2572829,2019-09-06 18:58:59:511,0.7008,0.0742,9.7544,0.0033,-0.0057,9.8066,0.0409,0.0055,-0.0587,9.19,-36.94,2,128.33,-78.3,-168.84
52.416157,-1.554187,164.68,11.44,3,298.15,21 / 21,2572928,2019-09-06 18:58:59:610,0.2921,-0.476,9.9132,-0.0172,0.0043,9.8066,0.011,-0.0556,0.0512,8.56,-36.31,2.31,127.97,-78.06,-169.09
52.416157,-1.554187,164.68,11.44,3,298.15,21 / 21,2573029,2019-09-06 18:58:59:711,-0.5121,-1.072,10.1591,-0.0144,0.0181,9.8065,-0.0907,0.0438,-0.0088,8.63,-36.75,2.19,129.52,-77.84,-168.67
52.416157,-1.554187,164.68,11.44,3,298.15,21 / 21,2573128,2019-09-06 18:58:59:810,2.0293,-0.4391,9.5337,0.025,0.0039,9.8066,0.0515,0.0606,-0.0305,8.75,-36.62,2.38,129.86,-77.94,-167.68
52.416157,-1.554187,164.68,11.44,3,298.15,21 / 21,2573229,2019-09-06 18:58:59:911,1.3012,0.5839,9.7558,0.0177,-0.0085,9.8066,0.0965,-0.074,0.0728,8.44,-37.12,2.13,132.32,-77.97,-167.4
52.416157,-1.554187,164.68,11.44,3,298.15,21 / 21,2573329,2019-09-06 18:59:00:011,0.9876,-0.8617,9.0473,-0.0074,0.003,9.8066,-0.0275,-0.0321,-0.0213,9.06,-36.87,2.38,129.92,-78,-167.32
52.416157,-1.554187,164.68,11.44,3,298.15,21 / 21,2573429,2019-09-06 18:59:00:111,0.698,0.5016,9.7091,0.0119,-0.0101,9.8065,-0.0566,-0.0582,-0.0135,8.88,-36.31,2.44,128.72,-78.19,-167.33
52.416157,-1.554187,164.68,11.44,3,298.15,21 / 21,2573528,2019-09-06 18:59:00:210,2.1777,-0.2361,9.752,0.0253,-0.022,9.8066,0.1599,-0.0285,-0.0242,8.81,-36.5,1.31,132.36,-78.38,-167.45
52.416157,-1.554187,164.68,11.44,3,298.15,21 / 21,2573629,2019-09-06 18:59:00:311,0.6457,-1.3075,9.9122,-0.0132,-0.0134,9.8066,0.0863,0.0115,-0.0543,9.19,-36.31,1.56,127.29,-78.41,-168.85
52.416157,-1.554187,164.68,11.44,3,298.15,21 / 21,2573729,2019-09-06 18:59:00:411,1.9886,-1.0619,10.145,-0.009,-0.0029,9.8066,-0.0577,-0.0693,0.0103,9.19,-36.69,1.94,127.86,-78.41,-169.2
52.416157,-1.554187,164.68,11.44,3,298.15,21 / 21,2573829,2019-09-06 18:59:00:511,0.9164,-0.6056,10.3082,-0.0075,0.0129,9.8065,-0.0221,-0.0223,0.0131,9.06,-36.62,2.44,128.34,-78.17,-169.38
52.416157,-1.554187,164.68,11.44,3,298.15,21 / 21,2573929,2019-09-06 18:59:00:611,0.8409,-1.0018,10.7669,-0.0161,0.0278,9.8065,0.0952,-0.0378,0.0894,9.25,-36.62,2.19,129.73,-77.71,-168.83
52.416157,-1.554187,164.68,11.44,3,298.15,21 / 21,2574028,2019-09-06 18:59:00:710,0.6776,0.1806,10.0454,0.0108,-0.0012,9.8066,0.0195,-0.0253,-0.0061,8.5,-36.44,3.06,125.83,-77.39,-168.11
52.416157,-1.554187,164.68,11.44,3,298.15,21 / 21,2574129,2019-09-06 18:59:00:811,0.0084,0.1038,9.7078,0.0354,-0.0044,9.8065,-0.0262,-0.0571,0.0157,9.06,-36.81,2.31,131.17,-77.42,-167.46
52.416157,-1.554187,164.68,11.44,3,298.15,21 / 21,2574229,2019-09-06 18:59:00:911,0.6804,0.7152,9.2457,-0.0061,-0.0013,9.8066,-0.069,-0.0446,0.0191,9,-36.44,2.31,129.92,-77.69,-167.22
52.416157,-1.554187,164.68,11.44,3,298.15,21 / 21,2574329,2019-09-06 18:59:01:011,2.6181,-0.6799,9.2068,0.003,-0.0112,9.8065,-0.1081,-0.0144,-0.062,8.5,-36.87,1.63,129.71,-78.09,-167.31
52.416157,-1.554187,164.68,11.44,3,298.15,21 / 21,2574428,2019-09-06 18:59:01:110,2.4658,-0.6918,9.5962,0.0239,-0.0286,9.8065,-0.0645,-0.0455,-0.0428,9.19,-36.31,1.38,132.21,-78.32,-167.94
52.416157,-1.554187,164.68,11.44,3,298.15,21 / 21,2574528,2019-09-06 18:59:01:210,1.67,0.4012,10.7551,0.0129,-0.0079,9.8066,0.1945,-0.061,0.0241,9.19,-36.31,1.69,127.5,-78.4,-168.5
52.416157,-1.554187,164.68,11.44,3,298.15,21 / 21,2574628,2019-09-06 18:59:01:310,0.4463,0.2308,10.0584,-0.0348,0.0071,9.8065,0.1755,-0.0341,-0.0165,9.31,-36.81,2.06,128.78,-77.91,-169.66
52.416157,-1.554187,164.68,11.44,3,298.15,21 / 21,2574729,2019-09-06 18:59:01:411,1.1077,0.0611,10.1521,-0.0424,-0.0156,9.8065,-0.0806,0.0217,-0.0702,9.13,-36.94,1.75,128.26,-77.78,-171.15
52.416157,-1.554187,164.68,11.44,3,298.15,21 / 21,2574829,2019-09-06 18:59:01:511,0.8125,0.7828,10.7686,-0.0081,0.0001,9.8066,-0.0014,-0.0788,0.0591,9.25,-37.06,2.31,128,-77.87,-171.22
52.416157,-1.554187,164.68,11.44,3,298.15,21 / 21,2574928,2019-09-06 18:59:01:610,-0.0519,-0.7101,9.954,-0.0146,0.0097,9.8066,0.0036,-0.0849,0.0805,9.13,-36.75,2.13,127.82,-77.84,-171.66
52.416157,-1.554187,164.68,11.44,3,298.15,21 / 21,2575029,2019-09-06 18:59:01:711,1.4823,-0.2328,9.9987,0.0139,0.0226,9.8066,0.0227,0.0175,0.0431,7.81,-36.75,2.31,131.7,-77.61,-170.36
52.416157,-1.554187,164.68,11.44,3,298.15,21 / 21,2575128,2019-09-06 18:59:01:810,1.5076,0.1219,10.1639,0.0059,0.0311,9.8066,0.0596,0.0298,0.0109,8.94,-36.69,2.06,130.68,-77.32,-168.75
52.416157,-1.554187,164.68,11.44,3,298.15,21 / 21,2575229,2019-09-06 18:59:01:911,1.8941,0.9928,10.0695,0.0051,0.0251,9.8066,0.0493,-0.1482,0.1609,7.88,-37.31,2.81,130.18,-77.1,-167.11
52.416157,-1.554187,164.68,11.44,3,298.15,21 / 21,2575329,2019-09-06 18:59:02:011,1.8943,1.0089,9.5494,0.02,0.01,9.8065,-0.0758,-0.0942,0.0458,7.94,-37.25,2.25,134.96,-77.11,-166.1
52.416157,-1.554187,164.68,11.44,3,298.15,21 / 21,2575429,2019-09-06 18:59:02:111,1.7849,1.1303,9.518,0.0021,0.0063,9.8066,-0.0599,-0.1086,0.0486,7.63,-37.06,2.38,135.28,-77.14,-165.3
52.416157,-1.554187,164.68,11.44,3,298.15,21 / 21,2575528,2019-09-06 18:59:02:210,0.9949,1.2381,10.8755,-0.0035,-0.004,9.8066,0.0951,-0.1596,-0.0002,7.31,-36.87,1.31,141.88,-77.29,-165.13
52.416157,-1.554187,164.68,11.44,3,298.15,21 / 21,2575628,2019-09-06 18:59:02:310,1.4101,-0.6163,10.3995,-0.0103,0.012,9.8066,0.1591,-0.0867,0.0271,7.63,-37.5,1.81,135.07,-77.18,-165.55
52.416157,-1.554187,164.68,11.44,3,298.15,21 / 21,2575728,2019-09-06 18:59:02:410,1.3509,0.4632,10.1729,-0.0064,-0.0135,9.8066,-0.0025,-0.0742,-0.0681,7.44,-36.87,1.56,137.65,-77.13,-166.15
52.416157,-1.554187,164.68,11.44,3,298.15,21 / 21,2575828,2019-09-06 18:59:02:510,2.105,0.5898,10.3834,-0.0116,-0.0096,9.8065,-0.0008,-0.1366,0.0196,7.13,-37.44,1.81,137.68,-76.96,-166.98
52.416157,-1.554187,164.68,11.44,3,298.15,21 / 21,2575930,2019-09-06 18:59:02:612,0.8622,0.6907,10.1915,-0.0291,0.0159,9.8066,0.0264,-0.107,0.0198,7.38,-37.12,2,137.73,-76.8,-167.73
52.416157,-1.554187,164.68,11.44,3,298.15,21 / 21,2576029,2019-09-06 18:59:02:711,0.392,0.22,10.1249,0.0105,-0.0083,9.8066,-0.0246,-0.083,0.0057,7.06,-37,1.56,137.91,-76.69,-167.94
52.416157,-1.554187,164.68,11.44,3,298.15,21 / 21,2576129,2019-09-06 18:59:02:811,0.6435,-0.5799,10.5163,0.0228,0.0009,9.8066,0.0602,-0.1447,0.1071,6.88,-37.12,1.75,138.1,-76.71,-167.35
52.416157,-1.554187,164.68,11.44,3,298.15,21 / 21,2576229,2019-09-06 18:59:02:911,1.4772,0.5309,10.0655,-0.0084,0.0202,9.8066,0.0469,-0.0187,-0.0033,6.38,-37.25,0.94,145.92,-76.64,-166.45
52.416157,-1.554187,164.68,11.44,3,298.15,21 / 21,2576328,2019-09-06 18:59:03:010,2.5926,-0.8349,10.9781,-0.0358,0.0052,9.8065,-0.0798,-0.0277,-0.0995,6.13,-37.62,1.5,142.78,-76.54,-166.75
52.416157,-1.554187,164.68,11.44,3,298.15,21 / 21,2576429,2019-09-06 18:59:03:111,1.1333,-1.3343,8.7397,-0.0547,-0.019,9.8064,0.1428,-0.1614,-0.1505,7.38,-36.62,1.88,137.59,-76.39,-170.45
52.416157,-1.554187,164.68,11.44,3,298.15,21 / 21,2576529,2019-09-06 18:59:03:211,2.4917,2.3127,10.0108,-0.0832,0.0137,9.8062,0.0529,-0.2,-0.0183,7.38,-36.87,1.94,137.51,-75.97,-173.23
52.416157,-1.554187,164.68,11.44,3,298.15,21 / 21,2576628,2019-09-06 18:59:03:310,-0.5101,0.7375,9.6266,0.0477,-0.0896,9.8061,-0.2079,-0.0228,-0.1254,7.94,-36.75,1.25,136.79,-76.1,-175.18
52.416157,-1.554187,164.68,11.44,3,298.15,21 / 21,2576729,2019-09-06 18:59:03:411,1.3961,-3.204,8.8069,0.0528,-0.063,9.8062,-0.0029,-0.0767,0.0624,8.56,-37,0.75,130.37,-77.26,-176.71
52.416157,-1.554187,164.68,11.44,3,298.15,21 / 21,2576830,2019-09-06 18:59:03:512,1.286,-1.9869,10.8836,-0.0053,0.0176,9.8066,0.0645,-0.0301,0.0746,7.69,-36.12,0.44,136.13,-77.37,-176.79
52.416157,-1.554187,164.68,11.44,3,298.15,21 / 21,2576929,2019-09-06 18:59:03:611,1.3139,-0.1238,10.8144,-0.0414,0.0523,9.8063,0.1495,-0.1367,0.0685,7.94,-37,0.94,134.44,-76.89,-176.56
52.416157,-1.554187,164.68,11.44,3,298.15,21 / 21,2577029,2019-09-06 18:59:03:711,-1.1791,0.2226,11.0194,-0.0505,0.0568,9.8063,0.1451,-0.0238,-0.0016,6.94,-37.12,1.81,137.6,-75.52,-175.89
52.416157,-1.554187,164.68,11.44,3,298.15,21 / 21,2577128,2019-09-06 18:59:03:810,-0.3383,0.4224,9.8147,0.0113,0.0079,9.8065,-0.1322,-0.0291,-0.0182,7.25,-36.5,2.88,133.03,-75.42,-175.1
52.416157,-1.554187,164.68,11.44,3,298.15,21 / 21,2577229,2019-09-06 18:59:03:911,1.4468,0.2298,9.2676,0.0496,-0.0494,9.8063,-0.0315,-0.1406,-0.0166,7.88,-36.81,1.88,133.62,-75.87,-175.15
52.416157,-1.554187,164.68,11.44,3,298.15,21 / 21,2577328,2019-09-06 18:59:04:010,2.1071,-0.2007,9.551,0.0297,-0.051,9.8064,0.0505,-0.078,-0.097,7.81,-36.5,1.13,134.19,-76.73,-176.09
52.416157,-1.554187,164.68,11.44,3,298.15,20 / 21,2577429,2019-09-06 18:59:04:111,-0.1517,0.2758,9.1789,-0.0429,0.013,9.8065,0.1867,0.0038,-0.0129,7.94,-36.37,1.06,133.46,-76.66,-177.97
52.416157,-1.554187,164.68,11.44,3,298.15,20 / 21,2577529,2019-09-06 18:59:04:211,-0.1107,-1.2817,9.2361,-0.0299,-0.01,9.8065,0.071,0.0814,-0.1208,8.56,-36.37,1.56,125.92,-76.58,-179.14
52.416157,-1.554187,164.68,11.44,3,298.15,20 / 21,2577628,2019-09-06 18:59:04:310,1.2396,-0.1857,9.9974,-0.009,-0.0041,9.8065,-0.0314,-0.1168,0.0554,8.63,-36.62,1.13,131.01,-76.38,-179.35
52.416157,-1.554187,164.68,11.44,3,298.15,20 / 21,2577728,2019-09-06 18:59:04:410,-0.0797,0.0756,10.3083,0.014,-0.0064,9.8066,0.0291,-0.1286,0.0848,8.31,-36.12,0.81,133.01,-76.52,-179.65
52.416157,-1.554187,164.68,11.44,3,298.15,20 / 21,2577829,2019-09-06 18:59:04:511,1.2244,-1.0482,10.5648,-0.0003,0.0044,9.8066,0.0744,-0.009,-0.021,7.88,-36.44,1.25,133.1,-76.55,-179.27
52.416157,-1.554187,164.68,11.44,3,298.15,20 / 21,2577929,2019-09-06 18:59:04:611,2.6529,-0.6629,9.2546,-0.0176,0.0433,9.8064,-0.1082,-0.0844,0.1116,7.94,-36.62,1.13,134.69,-76.41,-178.43
52.416157,-1.554187,164.68,11.44,3,298.15,20 / 21,2578029,2019-09-06 18:59:04:711,1.857,-1.6514,9.5605,0.014,-0.0127,9.8066,0.0129,-0.0432,-0.01,7.63,-36.5,1,134.18,-76.4,-177.7
52.416157,-1.554187,164.68,11.44,3,298.15,20 / 21,2578128,2019-09-06 18:59:04:810,-0.4266,1.1956,9.7641,0.0182,-0.0149,9.8066,-0.0485,-0.0267,-0.0452,7.31,-36.75,0.19,142.06,-76.43,-177.58
52.416157,-1.554187,164.68,11.44,3,298.15,20 / 21,2578230,2019-09-06 18:59:04:912,1.1469,-0.8684,10.0047,0.0145,-0.0135,9.8066,-0.1205,-0.0122,-0.0161,7.19,-37.06,0.88,138.39,-76.58,-177.41
52.416157,-1.554187,164.68,11.44,3,298.15,20 / 21,2578330,2019-09-06 18:59:05:012,0.0107,-1.4071,10.1459,0.005,-0.0214,9.8066,0.1223,0.0112,0.0048,6.94,-35.94,0.13,140.5,-76.81,-177.73
52.416157,-1.554187,164.68,11.44,3,298.15,20 / 21,2578428,2019-09-06 18:59:05:110,0.9204,-0.3299,10.7889,-0.0076,0.0204,9.8066,0.0506,-0.0943,0.0261,7.13,-36.81,1.13,138.4,-76.53,-177.64
52.416157,-1.554187,164.68,11.44,3,298.15,20 / 21,2578529,2019-09-06 18:59:05:211,-0.1801,-0.582,9.5996,-0.0084,0.0172,9.8065,0.0755,0.0146,0.0239,6.19,-36.69,1.44,143.27,-76.22,-177.54
52.416157,-1.554187,164.68,11.44,3,298.15,20 / 21,2578629,2019-09-06 18:59:05:311,0.5714,0.3702,9.7492,0.0099,-0.0022,9.8066,-0.0144,-0.0194,0.0481,6.13,-36.06,2.44,139.07,-76.08,-176.95
52.416157,-1.554187,164.68,11.44,3,298.15,20 / 21,2578729,2019-09-06 18:59:05:411,1.6402,-0.2753,9.4739,0.0044,0.0067,9.8066,-0.0556,-0.0105,0.0532,8.25,-35.44,3,125.8,-76.24,-176.48
52.416157,-1.554187,164.68,11.44,3,298.15,20 / 21,2578828,2019-09-06 18:59:05:510,0.3887,-1.1357,9.658,0.0022,0.0009,9.8066,-0.0022,0.0503,-0.0392,8.94,-34.81,1.44,130.72,-76.54,-176
52.416157,-1.554187,164.68,11.44,3,298.15,20 / 21,2578928,2019-09-06 18:59:05:610,0.7623,-0.9494,9.377,-0.0103,0.0151,9.8065,-0.0799,-0.0496,-0.0127,9.06,-35.81,0.44,135.23,-76.53,-175.65
52.416157,-1.554187,164.68,11.44,3,298.15,20 / 21,2579028,2019-09-06 18:59:05:710,0.0498,-0.0645,9.641,0.0165,-0.0084,9.8066,0.0018,-0.0553,0.0167,7.5,-36,0.63,134.52,-76.62,-175.88
52.416157,-1.554187,164.68,11.44,3,298.15,20 / 21,2579128,2019-09-06 18:59:05:810,0.8686,0.2999,9.8252,0.0094,-0.0124,9.8065,-0.012,0.0245,-0.0474,7.13,-36.56,0.31,142.32,-76.63,-175.94
52.416157,-1.554187,164.68,11.44,3,298.15,20 / 21,2579229,2019-09-06 18:59:05:911,1.0016,-1.094,10.4677,-0.0152,0.0054,9.8066,0.1074,-0.032,0.0805,7.06,-36.31,1.06,138.06,-76.62,-175.9
52.416157,-1.554187,164.68,11.44,3,298.15,20 / 21,2579329,2019-09-06 18:59:06:011,-0.2521,-0.5256,9.988,-0.0069,0.0046,9.8066,0.0226,-0.0423,0.0093,6.94,-36.62,0.56,139.09,-76.46,-176.29
52.416157,-1.554187,164.68,11.44,3,298.15,21 / 21,2579429,2019-09-06 18:59:06:111,0.0322,-0.0684,9.4697,0.0079,0.0094,9.8066,0.0067,-0.0376,-0.0038,5.75,-36.44,1.25,142.71,-76.39,-175.53
52.416157,-1.554187,164.68,11.44,3,298.15,21 / 21,2579529,2019-09-06 18:59:06:211,-0.0888,0.2184,9.5255,0.0218,-0.006,9.8065,-0.0405,-0.0164,0.0789,5.31,-35.37,2.56,137.18,-76.56,-174.96
52.416157,-1.554187,164.68,11.44,3,298.15,21 / 21,2579629,2019-09-06 18:59:06:311,0.2165,-0.261,9.9995,0.0175,-0.0064,9.8066,-0.0572,0.004,-0.0068,6,-35.37,2.38,137.21,-76.76,-174.25
52.416157,-1.554187,164.68,11.44,3,298.15,21 / 21,2579729,2019-09-06 18:59:06:411,1.1348,-1.0003,10.6129,0.0059,0.0118,9.8066,0.1374,0.0078,0.0595,8.25,-35.19,1.81,130.33,-76.8,-173.49
52.416157,-1.554187,164.68,11.44,3,298.15,21 / 21,2579829,2019-09-06 18:59:06:511,0.2173,-0.878,9.7789,-0.0242,0.0378,9.8065,0.0442,0.0907,0.0091,8.19,-36.31,1,136.46,-76.42,-172.65
52.416157,-1.554187,164.68,11.44,3,298.15,21 / 21,2579928,2019-09-06 18:59:06:610,0.387,-0.3168,9.4455,-0.0154,0.0518,9.8065,-0.1112,0.0464,-0.0039,6.56,-36.62,0.75,141.57,-76.15,-171.41
52.416157,-1.554187,164.68,11.44,3,298.15,21 / 21,2580029,2019-09-06 18:59:06:711,0.2022,0.5142,9.1316,0.0496,-0.0339,9.8064,-0.0829,-0.0628,0.0612,6.69,-36.75,0.56,141.17,-76.64,-169.94
52.416157,-1.554187,164.68,11.44,3,298.15,21 / 21,2580129,2019-09-06 18:59:06:811,1.007,-0.6297,9.5917,0.0524,-0.0286,9.8064,-0.0352,-0.0507,0.0523,5.94,-37.25,0,148.13,-76.98,-168.85
52.416157,-1.554187,164.68,11.44,3,298.15,21 / 21,2580228,2019-09-06 18:59:06:910,0.8276,-0.3656,9.5162,0.0062,0.0019,9.8066,0.0565,0.0248,0.0171,6.25,-37,0.63,144.51,-77.15,-167.74
52.416157,-1.554187,164.68,11.44,3,298.15,21 / 21,2580329,2019-09-06 18:59:07:011,0.5302,-1.3755,9.4717,-0.021,0.0061,9.8066,-0.033,0.0386,-0.0181,6,-37.44,0.06,148.16,-77.14,-167.99
52.416157,-1.554187,164.68,11.44,3,298.15,21 / 21,2580429,2019-09-06 18:59:07:111,-0.2372,-0.5344,9.897,-0.0105,0.0003,9.8066,-0.0436,-0.0043,-0.0474,6,-37.75,1,145.07,-77.09,-168.47
52.416157,-1.554187,164.68,11.44,3,298.15,21 / 21,2580529,2019-09-06 18:59:07:211,0.8089,-0.9174,10.3742,-0.004,0.0029,9.8066,0.0778,-0.0114,0.0542,6.19,-37.56,1.13,144.88,-77.15,-168.7
52.416157,-1.554187,164.68,11.44,3,298.15,21 / 21,2580628,2019-09-06 18:59:07:310,0.0589,-1.7056,10.348,-0.0175,0.0105,9.8065,0.0586,0.073,-0.039,5.88,-37.44,1.06,143.95,-77.23,-168.84
52.416157,-1.554187,164.68,11.44,3,298.15,21 / 21,2580729,2019-09-06 18:59:07:411,0.3025,-1.5713,10.22,-0.0269,0.0217,9.8065,0.0159,0.0139,0.0107,6.25,-37.5,1.25,144.23,-77.03,-169.21
52.416157,-1.554187,164.68,11.44,3,298.15,21 / 21,2580829,2019-09-06 18:59:07:511,0.8228,-1.3198,9.8554,0.0206,-0.0127,9.8066,0.0158,0.1415,-0.0486,6,-37.12,1.88,140.4,-76.98,-168.56
52.416157,-1.554187,164.68,11.44,3,298.15,21 / 21,2580929,2019-09-06 18:59:07:611,0.0736,-0.7536,10.5562,0.0309,0.0026,9.8066,0.1068,0.0372,0.0179,6.81,-37.62,1.31,142.24,-76.87,-167.93
52.416157,-1.554187,164.68,11.44,3,298.15,21 / 21,2581029,2019-09-06 18:59:07:711,-0.4659,-1.7233,9.6,-0.0226,0.0167,9.8065,0.1263,0.1123,-0.0308,6.81,-37.31,1.19,141.54,-76.83,-168.11
52.416157,-1.554187,164.68,11.44,3,298.15,21 / 21,2581129,2019-09-06 18:59:07:811,0.885,-0.4537,9.7242,-0.0228,0.0219,9.8066,-0.1672,0.1141,-0.049,6.56,-37.12,0.94,141.54,-76.89,-167.78
52.416157,-1.554187,164.68,11.44,3,298.15,21 / 21,2581228,2019-09-06 18:59:07:910,0.7645,-2.4164,9.7336,0.0139,-0.0258,9.8065,-0.1541,0.0655,-0.0431,6.88,-37.19,1.5,137.16,-77.04,-167.83
52.416157,-1.554187,164.68,11.44,3,298.15,21 / 21,2581329,2019-09-06 18:59:08:011,0.5944,-1.2767,9.6883,-0.0012,-0.0049,9.8065,0.132,-0.0433,0,6.44,-37.37,1.25,144.21,-77.17,-168.43
52.416653,-1.555414,165.48,10.96,3,306.87,21 / 22,2581429,2019-09-06 18:59:08:111,0.6476,-0.4465,9.8251,0.0003,-0.019,9.8066,0.1214,0.1068,-0.0755,7.13,-36.94,1.31,140.45,-77.23,-168.79
52.416653,-1.555414,165.48,10.96,3,306.87,21 / 22,2581529,2019-09-06 18:59:08:211,0.1816,-0.4957,9.5271,-0.0269,0.0114,9.8066,-0.0634,0.1758,-0.0115,7,-37.06,2.06,135.53,-77.39,-169.71
52.416653,-1.555414,165.48,10.96,3,306.87,21 / 22,2581629,2019-09-06 18:59:08:311,-0.6606,-2.4079,9.6947,-0.0138,0.0278,9.8066,-0.0072,0.0874,-0.0344,7.06,-37.62,2.38,136.72,-77.24,-169.69
52.416653,-1.555414,165.48,10.96,3,306.87,21 / 22,2581729,2019-09-06 18:59:08:411,-0.2977,-2.2861,9.1481,0.0101,-0.0035,9.8066,-0.0421,0.0318,0.0373,7.69,-36.87,1.88,133.05,-77.33,-168.98
52.416653,-1.555414,165.48,10.96,3,306.87,21 / 22,2581829,2019-09-06 18:59:08:511,0.7895,-2.2318,9.5131,0.0073,-0.0044,9.8065,-0.0814,0.1199,-0.0346,7.38,-37.37,2.31,135.92,-77.44,-168.49
52.416653,-1.555414,165.48,10.96,3,306.87,21 / 22,2581929,2019-09-06 18:59:08:611,-0.122,-1.2714,10.0924,0.012,0.0062,9.8066,0.0562,0.1763,-0.0911,7.88,-37,2.88,128.01,-77.65,-168.56
52.416653,-1.555414,165.48,10.96,3,306.87,21 / 22,2582029,2019-09-06 18:59:08:711,-1.2259,-1.1961,9.9995,-0.009,-0.0145,9.8066,-0.029,0.156,-0.0406,8.19,-36.94,3.25,127.92,-77.54,-169.25
52.416653,-1.555414,165.48,10.96,3,306.87,21 / 22,2582128,2019-09-06 18:59:08:810,0.2101,-1.0201,9.7406,-0.027,-0.0039,9.8065,-0.0861,0.0345,-0.0387,8.25,-36.31,3.31,127,-77.38,-170.07
52.416653,-1.555414,165.48,10.96,3,306.87,21 / 22,2582228,2019-09-06 18:59:08:910,0.4567,-2.5814,9.5798,0.0045,-0.0309,9.8066,-0.1202,0.1245,-0.0744,9.25,-37,2.88,124.68,-77.4,-171.57
52.416653,-1.555414,165.48,10.96,3,306.87,21 / 22,2582330,2019-09-06 18:59:09:012,-0.0236,-0.9226,10.1961,0.0139,-0.0161,9.8066,0.073,0.1493,-0.0753,8.75,-36.44,3.19,122.56,-77.66,-172.4
52.416653,-1.555414,165.48,10.96,3,306.87,21 / 21,2582428,2019-09-06 18:59:09:110,-1.7117,-2.5922,9.6647,-0.0005,-0.0116,9.8065,0.0614,0.1004,-0.0415,9.75,-36.62,3.31,120.73,-77.73,-173.17
52.416653,-1.555414,165.48,10.96,3,306.87,21 / 21,2582528,2019-09-06 18:59:09:210,1.2358,-1.5692,9.1367,0.0094,0.0255,9.8065,-0.1706,0.1662,0.0804,8.75,-36.81,3.56,119.63,-77.53,-171.69
52.416653,-1.555414,165.48,10.96,3,306.87,21 / 21,2582629,2019-09-06 18:59:09:311,-0.6886,-0.7179,9.2021,0.0025,0.0198,9.8066,-0.0274,0.1562,-0.015,8.44,-37,3.94,122.1,-77.6,-170.63
52.416653,-1.555414,165.48,10.96,3,306.87,21 / 21,2582728,2019-09-06 18:59:09:410,0.35,0.2438,10.4318,0.0397,0.0213,9.8065,0.0324,-0.0137,0.1734,8.38,-36.87,3.44,127.55,-77.65,-169.42
52.416653,-1.555414,165.48,10.96,3,306.87,21 / 21,2582828,2019-09-06 18:59:09:510,-0.0852,-1.2523,10.1781,0.0473,0.0205,9.8064,0.129,0.1084,0.07,8.38,-36.87,4.13,124.13,-77.85,-165.72
52.416653,-1.555414,165.48,10.96,3,306.87,21 / 21,2582928,2019-09-06 18:59:09:610,-1.4646,-2.248,9.5398,-0.0266,0.0277,9.8065,-0.0696,0.0713,0.0005,8,-37.25,4.38,125.48,-77.52,-165.01
52.416653,-1.555414,165.48,10.96,3,306.87,21 / 21,2583028,2019-09-06 18:59:09:710,0.2371,0.0469,9.5433,-0.0396,0.0197,9.8065,-0.0444,0.0407,0.0262,7.44,-36.81,4.81,123.25,-77.28,-164.24
52.416653,-1.555414,165.48,10.96,3,306.87,21 / 21,2583128,2019-09-06 18:59:09:810,-0.1018,-0.7596,10.0239,0.0477,0.0035,9.8064,0.0427,0.0828,-0.0034,8.38,-37.25,4.88,121.57,-77.5,-163.2
52.416653,-1.555414,165.48,10.96,3,306.87,21 / 21,2583229,2019-09-06 18:59:09:911,1.1679,-1.4135,9.9151,0.0542,-0.0216,9.8064,-0.0119,0.0919,0.0026,7.75,-37,4.63,120.94,-77.77,-162.92
52.416653,-1.555414,165.48,10.96,3,306.87,21 / 21,2583329,2019-09-06 18:59:10:011,-1.723,-0.9694,10.0449,-0.0208,0.0031,9.8066,-0.0031,0.0918,0.0049,8.56,-37.06,4.56,119.37,-77.84,-163.16
52.416653,-1.555414,165.48,10.96,3,306.87,20 / 20,2583428,2019-09-06 18:59:10:110,0.2694,-1.5661,9.2915,-0.0153,-0.0012,9.8066,0.0316,0.0624,-0.03,8.06,-36.87,5.38,120.68,-77.74,-163.49
52.416653,-1.555414,165.48,10.96,3,306.87,20 / 20,2583529,2019-09-06 18:59:10:211,0.3957,-0.043,10.0879,0.0225,-0.0088,9.8066,0.008,0.1069,-0.0399,8.19,-37.06,5.06,120.54,-77.84,-163.24
52.416653,-1.555414,165.48,10.96,3,306.87,20 / 20,2583629,2019-09-06 18:59:10:311,0.4412,-0.9861,9.9047,0.0021,-0.0095,9.8066,-0.0458,0.0338,0.0048,8.44,-36.69,4.94,119.91,-77.94,-163.79
52.416653,-1.555414,165.48,10.96,3,306.87,20 / 20,2583729,2019-09-06 18:59:10:411,-0.1517,-0.5345,9.9349,0.019,-0.0158,9.8065,0.0551,0.0578,-0.0121,7.94,-37.19,5.31,119.1,-78.14,-164.09
52.416653,-1.555414,165.48,10.96,3,306.87,20 / 20,2583829,2019-09-06 18:59:10:511,-0.5039,-0.1693,9.646,0.0188,-0.0096,9.8066,0.092,0.007,-0.0199,8.75,-36.75,4.94,117.32,-78.27,-164.41
52.416653,-1.555414,165.48,10.96,3,306.87,20 / 20,2583928,2019-09-06 18:59:10:610,0.2508,-1.9821,9.3429,0.005,-0.0138,9.8066,-0.0079,0.0192,0.0273,8.81,-37,5.94,112.74,-78.11,-164.56
52.416653,-1.555414,165.48,10.96,3,306.87,20 / 20,2584029,2019-09-06 18:59:10:711,0.5039,-0.915,9.451,0.0268,0.0048,9.8065,-0.0061,0.0577,-0.0099,8.38,-37.06,5.81,112.91,-78.33,-164.37
52.416653,-1.555414,165.48,10.96,3,306.87,20 / 20,2584128,2019-09-06 18:59:10:810,0.4827,-1.3371,9.4515,-0.0163,-0.0003,9.8066,-0.0802,0.1017,-0.0136,8.88,-37.06,5.63,111.85,-78.43,-164.44
52.416653,-1.555414,165.48,10.96,3,306.87,20 / 20,2584229,2019-09-06 18:59:10:911,0.1549,-1.5464,9.5938,-0.0309,0.0052,9.8065,0.0385,-0.0659,0.0709,8.88,-36.94,5.63,111.76,-78.52,-164.18
52.416653,-1.555414,165.48,10.96,3,306.87,20 / 20,2584329,2019-09-06 18:59:11:011,1.9625,-0.5325,9.6601,0.0257,0.0154,9.8066,0.073,0.063,-0.0505,9.06,-36.69,5.31,116.6,-78.64,-163.91
52.416653,-1.555414,165.48,10.96,3,306.87,21 / 21,2584428,2019-09-06 18:59:11:110,0.4757,-0.5311,10.1072,0.0372,0.0021,9.8066,0.1293,-0.0262,0.0542,8.38,-36.94,5.94,112.77,-78.71,-162.74
52.416653,-1.555414,165.48,10.96,3,306.87,21 / 21,2584528,2019-09-06 18:59:11:210,-0.133,-0.6924,9.4804,-0.0207,0.0195,9.8065,-0.1772,0.0211,0.1081,8.75,-37.31,5.88,114.12,-78.4,-161.45
52.416653,-1.555414,165.48,10.96,3,306.87,21 / 21,2584629,2019-09-06 18:59:11:311,-2.7151,-0.961,9.5287,-0.0124,0.006,9.8065,-0.0818,0.3035,-0.1992,9.13,-37.44,5.88,114.52,-78.54,-160.31
52.416653,-1.555414,165.48,10.96,3,306.87,21 / 21,2584729,2019-09-06 18:59:11:411,-4.1203,1.225,10.9335,-0.0589,0.0147,9.8064,-0.3116,-0.0531,0.1349,8.25,-37.5,5.81,113.55,-79.21,-159.33
52.416653,-1.555414,165.48,10.96,3,306.87,21 / 21,2584829,2019-09-06 18:59:11:511,0.2444,3.051,12.0992,-0.0773,0.0043,9.8063,0.1383,-0.0452,0.0539,8.63,-37.19,5.25,118.67,-79.2,-158.65
52.416653,-1.555414,165.48,10.96,3,306.87,21 / 21,2584929,2019-09-06 18:59:11:611,0.8085,-2.8323,9.8988,-0.0847,-0.0141,9.8062,-0.1607,-0.0683,-0.15,8.19,-36.87,5.81,113.38,-79.03,-160.38
52.416653,-1.555414,165.48,10.96,3,306.87,21 / 21,2585028,2019-09-06 18:59:11:710,-0.937,-0.423,9.8445,-0.1163,-0.0194,9.8059,-0.0408,-0.0552,0.0709,9.13,-36.94,6.31,113.53,-78.4,-162.27
52.416653,-1.555414,165.48,10.96,3,306.87,21 / 21,2585129,2019-09-06 18:59:11:811,0.0605,0.7631,8.9429,0.0644,0.0104,9.8064,0.0461,0.0526,0.0059,8.88,-36.75,6.63,108.88,-78.39,-161.89
52.416653,-1.555414,165.48,10.96,3,306.87,21 / 21,2585229,2019-09-06 18:59:11:911,0.7598,0.5972,9.5914,0.1094,0.0089,9.806,-0.0572,0.0468,-0.0643,8.13,-36.75,6.13,113.97,-78.87,-160.27
52.416653,-1.555414,165.48,10.96,3,306.87,21 / 21,2585329,2019-09-06 18:59:12:011,-0.7579,-0.8496,8.8855,0.0064,-0.0064,9.8066,-0.1614,-0.0942,0.0602,8.75,-37.06,5.5,112.39,-79.56,-159.13
52.416653,-1.555414,165.48,10.96,3,306.87,22 / 22,2585428,2019-09-06 18:59:12:110,-0.224,-0.2451,9.373,-0.0109,0.0012,9.8066,-0.0594,0.0012,-0.0326,8.38,-36.87,5.56,112.57,-79.73,-158.36
52.416653,-1.555414,165.48,10.96,3,306.87,22 / 22,2585530,2019-09-06 18:59:12:212,0.231,0.0832,9.5254,0.0076,0.0071,9.8066,0.1269,0.0141,0.006,8.38,-37.37,5.88,112.53,-79.74,-158.36
52.416653,-1.555414,165.48,10.96,3,306.87,22 / 22,2585628,2019-09-06 18:59:12:310,-0.8544,0.0514,9.3563,0.0076,-0.0083,9.8066,-0.0067,-0.0313,-0.0397,9.25,-37.37,6,112.32,-79.62,-158.97
52.416653,-1.555414,165.48,10.96,3,306.87,22 / 22,2585728,2019-09-06 18:59:12:410,-1.3705,-0.1864,9.7815,0.0036,-0.014,9.8066,-0.1232,-0.0164,-0.0051,7.94,-36.5,5.69,110.92,-79.84,-158.88
52.416653,-1.555414,165.48,10.96,3,306.87,22 / 22,2585829,2019-09-06 18:59:12:511,0.305,0.2998,9.1187,0.0286,-0.0178,9.8066,-0.1165,0.0166,-0.0384,8.88,-36.94,4.56,114.67,-80.4,-159.39
52.416653,-1.555414,165.48,10.96,3,306.87,22 / 22,2585928,2019-09-06 18:59:12:610,0.4322,-0.7129,9.2585,0.0389,-0.0096,9.8065,0.0188,0.0094,-0.0488,8.56,-37.25,4.5,112.74,-81.11,-159.11
52.416653,-1.555414,165.48,10.96,3,306.87,22 / 22,2586028,2019-09-06 18:59:12:710,1.1748,0.4051,9.6437,0.026,-0.0111,9.8066,-0.0164,-0.0715,-0.0122,9.13,-36.5,4.69,111.14,-81.31,-159.42
52.416653,-1.555414,165.48,10.96,3,306.87,22 / 22,2586128,2019-09-06 18:59:12:810,0.0211,-0.2084,9.2415,-0.0011,-0.0102,9.8066,-0.0728,-0.0113,0.0443,9.38,-37.37,4.13,116.37,-81.43,-159.83
52.416653,-1.555414,165.48,10.96,3,306.87,22 / 22,2586229,2019-09-06 18:59:12:911,0.0149,0.6001,9.8892,-0.0046,0.0128,9.8066,-0.0649,-0.0101,0.0143,9.88,-36.62,4.69,111.25,-81.38,-159.81
52.416653,-1.555414,165.48,10.96,3,306.87,22 / 22,2586329,2019-09-06 18:59:13:011,-1.2611,-0.8784,10.3734,0.0235,-0.0095,9.8065,0.0725,-0.0704,0.0206,9.44,-36.75,4.63,111.09,-81.57,-159.38
52.416653,-1.555414,165.48,10.96,3,306.87,21 / 21,2586429,2019-09-06 18:59:13:111,-0.6254,0.1392,9.9141,-0.0266,-0.0009,9.8065,0.0508,0.0336,-0.0248,8.81,-37.31,3.69,116.36,-81.5,-159.54
52.416653,-1.555414,165.48,10.96,3,306.87,21 / 21,2586529,2019-09-06 18:59:13:211,-0.3763,-0.0493,10.4967,-0.0328,0.006,9.8065,0.002,0.0047,0.059,8.31,-36.81,4.69,111.27,-81.37,-160.15
52.416653,-1.555414,165.48,10.96,3,306.87,21 / 21,2586628,2019-09-06 18:59:13:310,-0.1385,-0.2731,9.742,0.0017,-0.0038,9.8066,-0.0476,-0.0104,-0.0147,9.13,-36.81,4.63,110.66,-81.41,-160.57
52.416653,-1.555414,165.48,10.96,3,306.87,21 / 21,2586729,2019-09-06 18:59:13:411,-1.7169,0.3094,10.063,-0.001,0.0044,9.8066,0.0519,-0.022,0.0625,8.69,-36.94,4.69,110.88,-81.31,-160.67
52.416653,-1.555414,165.48,10.96,3,306.87,21 / 21,2586831,2019-09-06 18:59:13:513,0.0011,0.157,9.5723,-0.0188,0.0034,9.8066,0.0315,-0.0069,0.0485,9.19,-37,4.44,115.83,-81.27,-161.16
52.416653,-1.555414,165.48,10.96,3,306.87,21 / 21,2586929,2019-09-06 18:59:13:611,-0.3207,0.3908,10.0832,-0.0058,-0.0068,9.8066,0.0408,-0.0018,-0.0495,8.88,-36.69,4,115.62,-81.32,-161.23
52.416653,-1.555414,165.48,10.96,3,306.87,21 / 21,2587028,2019-09-06 18:59:13:710,0.4077,-0.0195,10.4339,-0.0136,0.0071,9.8066,0.0576,-0.0269,0.0217,8.69,-36.62,4.31,115.8,-81.37,-160.78
52.416653,-1.555414,165.48,10.96,3,306.87,21 / 21,2587129,2019-09-06 18:59:13:811,-0.226,-0.1219,9.9452,0.0069,-0.0095,9.8066,-0.0452,-0.0554,0.0114,9.56,-36.06,4.31,113.92,-81.55,-160.99
52.416653,-1.555414,165.48,10.96,3,306.87,21 / 21,2587229,2019-09-06 18:59:13:911,-1.4309,-0.0645,9.5482,-0.0206,-0.0029,9.8065,0.0547,0.0293,-0.0212,8.81,-37.06,4.75,109.1,-81.66,-161.47
52.416653,-1.555414,165.48,10.96,3,306.87,21 / 21,2587329,2019-09-06 18:59:14:011,-0.1671,0.3305,10.08,-0.0046,-0.0095,9.8066,-0.0595,0.0084,-0.0364,9.31,-36.06,4.31,113,-81.72,-162.07
52.416653,-1.555414,165.48,10.96,3,306.87,21 / 21,2587429,2019-09-06 18:59:14:111,-0.3784,-0.5337,9.7243,0.0259,-0.013,9.8066,-0.0709,-0.033,-0.0171,9.13,-36.62,4.63,106.06,-82.09,-163.4
52.416653,-1.555414,165.48,10.96,3,306.87,21 / 21,2587529,2019-09-06 18:59:14:211,1.0976,-0.6542,10.1375,0.0021,-0.003,9.8066,0.0479,-0.0329,-0.0015,9.44,-36.5,4.63,105.11,-82.01,-163.97
52.416653,-1.555414,165.48,10.96,3,306.87,21 / 21,2587628,2019-09-06 18:59:14:310,0.5935,0.1036,10.1491,-0.0122,0.0025,9.8066,0.0515,-0.0219,-0.001,9.56,-36.12,4.63,104.55,-81.96,-164.84
52.416653,-1.555414,165.48,10.96,3,306.87,21 / 21,2587728,2019-09-06 18:59:14:410,1.4646,-0.4518,9.7295,-0.0135,-0.0078,9.8066,-0.0256,0.0395,0.0027,9.56,-36.19,4.38,109.21,-81.91,-165.44
52.416653,-1.555414,165.48,10.96,3,306.87,21 / 21,2587829,2019-09-06 18:59:14:511,-0.2304,0.436,9.6678,0.0175,-0.0033,9.8066,-0.0372,-0.0457,0.0321,9.56,-36.37,4.56,104.13,-81.82,-165.81
52.416653,-1.555414,165.48,10.96,3,306.87,21 / 21,2587929,2019-09-06 18:59:14:611,0.0775,0.0625,9.889,0.0255,-0.0082,9.8065,0.0356,0.0261,-0.0034,9.94,-35.87,4.5,103.14,-81.99,-166.33
52.416653,-1.555414,165.48,10.96,3,306.87,21 / 21,2588029,2019-09-06 18:59:14:711,1.165,-0.3881,9.663,-0.0075,-0.008,9.8066,-0.0404,-0.0109,-0.0118,10.13,-36.25,4.81,102.83,-82.01,-166.63
52.416653,-1.555414,165.48,10.96,3,306.87,21 / 21,2588130,2019-09-06 18:59:14:812,0.9187,-0.0928,10.0441,-0.0088,-0.01,9.8066,-0.0963,-0.0566,-0.0787,9.69,-36.75,4.44,107.62,-82.09,-167.45
52.416653,-1.555414,165.48,10.96,3,306.87,21 / 21,2588230,2019-09-06 18:59:14:912,0.7824,-0.33,9.9587,0.0091,-0.0019,9.8066,0.0633,-0.0316,0.0293,10.13,-36.12,4.06,105.42,-82.22,-168.72
52.416653,-1.555414,165.48,10.96,3,306.87,21 / 21,2588329,2019-09-06 18:59:15:011,-0.6305,-0.1329,9.9052,0.0028,-0.0044,9.8066,0.0357,-0.0338,-0.0076,10.06,-36.69,4.13,105.89,-82.15,-169.24
52.416653,-1.555414,165.48,10.96,3,306.87,22 / 22,2588429,2019-09-06 18:59:15:111,1.1803,0.8285,9.7271,-0.0296,0.0048,9.8065,-0.0696,-0.0512,0.0729,10.19,-36.19,4.5,99.85,-82.07,-169.71
52.416653,-1.555414,165.48,10.96,3,306.87,22 / 22,2588529,2019-09-06 18:59:15:211,0.2228,-1.5642,10.0272,-0.0292,0.0182,9.8066,0.0819,-0.085,0.0541,10.38,-36.44,4.31,106.62,-81.83,-168.77
52.416653,-1.555414,165.48,10.96,3,306.87,22 / 22,2588629,2019-09-06 18:59:15:311,-0.803,0.5444,10.2398,0.0158,0.0174,9.8066,0.1721,0.0616,-0.0291,9.38,-36.25,4.38,108.03,-81.94,-167.3
52.416653,-1.555414,165.48,10.96,3,306.87,22 / 22,2588728,2019-09-06 18:59:15:410,0.2781,-0.415,10.3452,0.0052,0.0024,9.8066,0.0446,-0.1072,0.1247,9.69,-35.44,4.31,107.57,-81.8,-166.95
52.416653,-1.555414,165.48,10.96,3,306.87,22 / 22,2588828,2019-09-06 18:59:15:510,0.4137,0.8416,9.7235,-0.0027,0.0082,9.8066,-0.0147,0.025,0.0773,9.63,-36.19,4.06,109.55,-81.8,-165.43
52.416653,-1.555414,165.48,10.96,3,306.87,22 / 22,2588928,2019-09-06 18:59:15:610,-0.3057,-0.5399,10.0142,0.0061,0.0245,9.8066,0.0018,-0.0614,0.0249,9.25,-36.62,4.5,106.84,-81.77,-163.76
52.416653,-1.555414,165.48,10.96,3,306.87,22 / 22,2589028,2019-09-06 18:59:15:710,1.1173,0.7577,9.7343,0.0181,-0.0116,9.8066,0.0451,-0.0321,0.0321,9,-36.19,4.38,112.07,-81.83,-162.83
52.416653,-1.555414,165.48,10.96,3,306.87,22 / 22,2589128,2019-09-06 18:59:15:810,-0.4468,-0.2561,10.0259,0.0056,-0.0061,9.8066,0.0396,0.0577,-0.077,8.63,-36.25,3.75,111.14,-81.96,-163.46
52.416653,-1.555414,165.48,10.96,3,306.87,22 / 22,2589229,2019-09-06 18:59:15:911,-1.5115,0.6455,9.9622,-0.0357,-0.0078,9.8065,-0.0513,-0.0043,-0.0342,9,-36.62,4,110.26,-81.88,-165.73
52.416653,-1.555414,165.48,10.96,3,306.87,22 / 22,2589329,2019-09-06 18:59:16:011,-0.0631,-0.1261,9.8911,-0.013,-0.0209,9.8066,-0.1411,-0.0093,-0.0333,9.44,-36.12,3.88,108.01,-81.95,-167.29
52.416653,-1.555414,165.48,10.96,3,306.87,22 / 22,2589429,2019-09-06 18:59:16:111,0.184,-0.2729,10.0146,0.0317,-0.0157,9.8065,0.096,-0.0471,-0.0578,9.69,-36.37,4.38,105.29,-82.31,-168.59
52.416653,-1.555414,165.48,10.96,3,306.87,22 / 22,2589529,2019-09-06 18:59:16:211,0.1449,-0.8158,9.586,0.0371,-0.0187,9.8065,0.1003,0.0354,-0.0431,10,-37.06,4.5,99.53,-82.37,-169.74
52.416653,-1.555414,165.48,10.96,3,306.87,22 / 22,2589628,2019-09-06 18:59:16:310,1.5788,0.0321,9.4781,-0.0236,0.0041,9.8066,-0.157,-0.0378,0.0345,9.13,-36.81,3.69,105.23,-82.24,-170.27
52.416653,-1.555414,165.48,10.96,3,306.87,22 / 22,2589729,2019-09-06 18:59:16:411,0.2512,0.9065,9.5581,-0.004,0.0068,9.8066,-0.0925,-0.0224,-0.0836,9.75,-36.94,4,104.91,-82.38,-169.51
52.416653,-1.555414,165.48,10.96,3,306.87,22 / 22,2589828,2019-09-06 18:59:16:510,0.3828,-1.3587,9.3838,0.0209,-0.0153,9.8065,0.0591,-0.0303,0.053,10.25,-35.87,4.06,100.82,-82.78,-171.88
52.416653,-1.555414,165.48,10.96,3,306.87,22 / 22,2589928,2019-09-06 18:59:16:610,0.1143,0.8907,9.9696,0.0203,0.0035,9.8066,0.0358,-0.0142,0.0102,9.63,-36.81,3.31,107.22,-82.88,-170.94
52.416653,-1.555414,165.48,10.96,3,306.87,22 / 22,2590028,2019-09-06 18:59:16:710,-0.579,0.0854,8.5848,-0.0031,-0.0344,9.8066,-0.0801,0.0122,-0.0855,10.13,-36.19,3.5,99.83,-83.08,-171.86
52.416653,-1.555414,165.48,10.96,3,306.87,22 / 22,2590129,2019-09-06 18:59:16:811,1.7351,0.1386,9.8632,0.0009,-0.0156,9.8066,0.0049,0.0603,-0.026,10,-35.69,3.19,100.68,-83.33,-175.89
52.416653,-1.555414,165.48,10.96,3,306.87,22 / 22,2590228,2019-09-06 18:59:16:910,2.2452,-0.453,9.568,0.016,0.0159,9.8065,0.0086,-0.0045,-0.0559,10,-36,3.31,99.48,-83.74,-175.67
52.416653,-1.555414,165.48,10.96,3,306.87,22 / 22,2590328,2019-09-06 18:59:17:010,-0.562,-0.3256,10.3463,-0.0226,0.0018,9.8065,0.0088,0.0259,0.0049,10.31,-35.44,3.06,99.14,-83.65,-175.71
52.41701,-1.55673,167.79,11.46,2,290.92,22 / 22,2590429,2019-09-06 18:59:17:111,-0.1237,0.1971,9.8497,-0.0057,0.0091,9.8066,0.009,0.003,0.0572,10.38,-36,2.63,99.65,-83.66,-175.79
52.41701,-1.55673,167.79,11.46,2,290.92,22 / 22,2590528,2019-09-06 18:59:17:210,1.0684,0.9449,9.8575,-0.0167,0.0092,9.8066,-0.0678,-0.0553,0.075,9.63,-35.37,3.19,101.29,-83.52,-173.87
52.41701,-1.55673,167.79,11.46,2,290.92,22 / 22,2590628,2019-09-06 18:59:17:310,0.1801,-0.5431,9.5395,-0.0171,0.0082,9.8066,-0.0988,0.067,-0.0295,10.13,-36,2.75,102.42,-83.57,-173.1
52.41701,-1.55673,167.79,11.46,2,290.92,22 / 22,2590728,2019-09-06 18:59:17:410,0.7578,0.6058,9.7697,0.0171,-0.001,9.8065,0.0829,0.0095,-0.0307,9.13,-36.44,3,102.63,-83.68,-173.06
52.41701,-1.55673,167.79,11.46,2,290.92,22 / 22,2590829,2019-09-06 18:59:17:511,0.2379,-0.232,10.2281,0.0154,0.0018,9.8066,0.0466,0.0156,-0.0398,9.81,-36.25,3.13,102.07,-83.66,-173.15
52.41701,-1.55673,167.79,11.46,2,290.92,22 / 22,2590929,2019-09-06 18:59:17:611,0.7316,0.0541,9.2903,-0.0181,-0.0031,9.8065,-0.0048,-0.0098,0.0184,10.31,-36.06,2.56,101.59,-83.68,-173.59
52.41701,-1.55673,167.79,11.46,2,290.92,22 / 22,2591028,2019-09-06 18:59:17:710,0.9828,0.2355,9.3103,-0.0227,0.0098,9.8066,-0.0679,-0.0504,0.0001,9.5,-36.69,2.75,102.78,-83.52,-173.53
52.41701,-1.55673,167.79,11.46,2,290.92,22 / 22,2591129,2019-09-06 18:59:17:811,0.0809,0.3969,9.9752,0.0243,-0.0019,9.8066,-0.0035,0.0231,-0.0012,9.88,-35.75,3,101.97,-83.76,-172.88
52.41701,-1.55673,167.79,11.46,2,290.92,22 / 22,2591229,2019-09-06 18:59:17:911,-0.3099,0.7823,10.1421,0.0132,0.0003,9.8066,-0.0298,0.0449,-0.0464,9.38,-36.06,2.56,102.05,-83.91,-172.76
52.41701,-1.55673,167.79,11.46,2,290.92,22 / 22,2591329,2019-09-06 18:59:18:011,0.0258,0.4966,10.305,-0.0115,0.0019,9.8066,-0.011,-0.0637,0.0089,9.63,-35.81,3,101.96,-83.89,-172.43
52.41701,-1.55673,167.79,11.46,2,290.92,21 / 22,2591428,2019-09-06 18:59:18:110,0.1415,-0.1441,9.8277,-0.0152,0.002,9.8066,0.0369,-0.0037,0.0058,9.94,-36.44,3.44,102.44,-83.72,-172.53
52.41701,-1.55673,167.79,11.46,2,290.92,21 / 22,2591528,2019-09-06 18:59:18:210,1.005,0.4144,9.7645,0.0158,0.0085,9.8065,0.0448,0.0119,0.0086,9.5,-36.62,3.81,98.49,-83.7,-171.69
52.41701,-1.55673,167.79,11.46,2,290.92,21 / 22,2591629,2019-09-06 18:59:18:311,0.0944,0.5699,9.7373,0.039,0.001,9.8065,0.0617,-0.037,-0.0032,9.75,-36.37,3.31,103.21,-83.83,-171.27
52.41701,-1.55673,167.79,11.46,2,290.92,21 / 22,2591729,2019-09-06 18:59:18:411,1.3095,0.7201,9.8705,0.0005,-0.01,9.8066,-0.0149,-0.0266,0.0144,9.81,-36.19,2.56,102.78,-83.88,-171.57
52.41701,-1.55673,167.79,11.46,2,290.92,21 / 22,2591829,2019-09-06 18:59:18:511,-0.6364,-0.2581,9.2951,-0.0067,-0.0077,9.8066,0.0181,0.0285,0.0017,10.19,-36.31,3,102.33,-83.91,-171.95
52.41701,-1.55673,167.79,11.46,2,290.92,21 / 22,2591929,2019-09-06 18:59:18:611,0.6449,-0.237,9.3312,0.011,-0.0087,9.8066,-0.0704,-0.0078,-0.0553,10.06,-36.31,2.81,101.08,-84,-173.01
52.41701,-1.55673,167.79,11.46,2,290.92,21 / 22,2592029,2019-09-06 18:59:18:711,0.9949,0.2493,9.7324,0.0062,-0.0088,9.8066,-0.0729,0.0246,-0.0273,9.81,-36.56,2.38,105.59,-84.1,-174.17
52.41701,-1.55673,167.79,11.46,2,290.92,21 / 22,2592129,2019-09-06 18:59:18:811,-0.1355,-0.6462,10.5494,-0.0067,-0.0064,9.8066,0.0415,0.0557,-0.0519,9.88,-35.87,2.25,102.86,-84.17,-176.33
52.41701,-1.55673,167.79,11.46,2,290.92,21 / 22,2592229,2019-09-06 18:59:18:911,-0.6139,-0.1394,10.1068,0.0037,-0.0018,9.8066,0.076,0.0031,-0.0103,10.06,-36.56,1.88,103.03,-84.13,-176.91
52.41701,-1.55673,167.79,11.46,2,290.92,21 / 22,2592328,2019-09-06 18:59:19:010,-0.0519,0.0036,9.7852,-0.0202,0.0041,9.8065,-0.0521,-0.0463,0.0377,10.44,-36.5,3.19,97.16,-84.12,-176.74
52.41701,-1.55673,167.79,11.46,2,290.92,21 / 21,2592429,2019-09-06 18:59:19:111,0.9893,-0.109,9.6638,-0.0133,0.0005,9.8066,-0.1321,-0.014,0.0125,10.56,-35.44,2.19,102.11,-84.03,-176.19
52.41701,-1.55673,167.79,11.46,2,290.92,21 / 21,2592529,2019-09-06 18:59:19:211,0.9059,0.2306,10.0244,0.0224,0.0071,9.8065,0.1169,-0.0024,0.0045,9.56,-36.37,2.88,98.23,-84.11,-175.63
52.41701,-1.55673,167.79,11.46,2,290.92,21 / 21,2592628,2019-09-06 18:59:19:310,0.3483,0.02,10.6215,0.0345,0.0041,9.8066,0.1879,0.041,0.0151,10.38,-35.56,2.75,98.85,-84.26,-174.44
52.41701,-1.55673,167.79,11.46,2,290.92,21 / 21,2592729,2019-09-06 18:59:19:411,-0.322,0.2663,10.0648,-0.0476,0.0153,9.8065,-0.1018,0.0267,-0.0264,9.88,-36.25,2.63,101.54,-83.85,-173.03
52.41701,-1.55673,167.79,11.46,2,290.92,21 / 21,2592829,2019-09-06 18:59:19:511,-0.019,0.2127,9.6107,-0.0301,0.0048,9.8066,-0.0314,-0.0104,0.0221,10.31,-36.19,2.69,101.8,-83.86,-172.72
52.41701,-1.55673,167.79,11.46,2,290.92,21 / 21,2592929,2019-09-06 18:59:19:611,1.4761,0.3864,9.724,0.0277,-0.0124,9.8065,0.014,-0.0086,0.0011,10.06,-36.19,2.94,101.19,-84.05,-172.68
52.41701,-1.55673,167.79,11.46,2,290.92,21 / 21,2593029,2019-09-06 18:59:19:711,0.4215,0.5954,9.2223,0.0135,-0.0075,9.8066,0.0123,-0.0133,-0.0135,10.25,-35.87,2.69,100.21,-84.13,-173.46
52.41701,-1.55673,167.79,11.46,2,290.92,21 / 21,2593128,2019-09-06 18:59:19:810,0.8827,-0.1508,9.1555,0.0321,-0.0247,9.8065,-0.0045,-0.0356,-0.0684,10.56,-36.37,2.81,98.1,-84.25,-174.96
52.41701,-1.55673,167.79,11.46,2,290.92,21 / 21,2593229,2019-09-06 18:59:19:911,-0.3768,-0.0971,10.3984,0.0243,-0.0221,9.8065,-0.0298,-0.004,-0.0356,10.56,-35.56,2.38,98.67,-84.55,-178.65
52.41701,-1.55673,167.79,11.46,2,290.92,21 / 21,2593329,2019-09-06 18:59:20:011,0.5682,-0.5562,10.4103,-0.0111,-0.0158,9.8066,0.0937,0.0135,-0.046,10.63,-35.19,2.44,94.95,-84.49,177.77
52.41701,-1.55673,167.79,11.46,2,290.92,21 / 21,2593428,2019-09-06 18:59:20:110,-0.3809,-0.3697,10.0369,-0.0183,-0.0131,9.8065,0.1423,0.0037,-0.0414,10.13,-35.37,2.63,89.21,-84.35,176.53
52.41701,-1.55673,167.79,11.46,2,290.92,21 / 21,2593529,2019-09-06 18:59:20:211,0.8705,-0.2236,9.9343,-0.0181,0.0099,9.8066,-0.0803,0.0568,0.0178,10.38,-34.94,2.5,89.6,-84.17,176.29
52.41701,-1.55673,167.79,11.46,2,290.92,21 / 21,2593628,2019-09-06 18:59:20:310,0.2807,-0.0341,9.9436,-0.0268,0.0109,9.8065,-0.0708,0.0038,0.052,9.88,-35.37,2.38,96.47,-84.13,177.31
52.41701,-1.55673,167.79,11.46,2,290.92,21 / 21,2593729,2019-09-06 18:59:20:411,1.214,0.1627,9.3337,0.0182,0.0121,9.8066,-0.0519,0.0364,-0.0117,10.06,-34.81,2.5,91.64,-84.15,178.26
52.41701,-1.55673,167.79,11.46,2,290.92,21 / 21,2593828,2019-09-06 18:59:20:510,0.7888,-0.1328,9.2235,0.0334,0.0018,9.8066,0.0155,0.0135,0.0593,10.31,-35.37,1.94,98.23,-84.27,179.67
52.41701,-1.55673,167.79,11.46,2,290.92,21 / 21,2593929,2019-09-06 18:59:20:611,0.1338,0.102,9.7313,-0.0098,-0.0001,9.8066,-0.0375,0.0127,0.0007,10.19,-35.37,1.88,99.28,-84.18,-179.54
52.41701,-1.55673,167.79,11.46,2,290.92,21 / 21,2594029,2019-09-06 18:59:20:711,1.3995,0.1027,9.6822,0.0121,-0.0023,9.8066,-0.0691,0.0336,-0.0432,11.56,-35.44,2.56,92.23,-84.46,-179.65
52.41701,-1.55673,167.79,11.46,2,290.92,21 / 21,2594128,2019-09-06 18:59:20:810,-0.1639,-0.1134,10.5386,-0.0055,-0.0122,9.8066,-0.0288,0.0249,-0.0467,11.38,-34.81,2.69,90.24,-84.57,178.54
52.41701,-1.55673,167.79,11.46,2,290.92,21 / 21,2594229,2019-09-06 18:59:20:911,1.2146,-0.2887,9.6515,-0.0034,-0.0139,9.8066,0.046,-0.0718,0.0105,11.19,-35.25,3,88.48,-84.59,176.82
52.41701,-1.55673,167.79,11.46,2,290.92,21 / 21,2594329,2019-09-06 18:59:21:011,-0.1742,0.2279,10.0041,-0.0237,-0.0068,9.8066,0.0365,-0.0443,0.0056,10.63,-36.19,2.94,89.82,-84.37,176.92
52.41701,-1.55673,167.79,11.46,2,290.92,21 / 21,2594429,2019-09-06 18:59:21:111,0.5306,-0.4376,9.4324,-0.0077,0.004,9.8066,-0.0611,-0.0159,-0.0535,11.13,-35.12,2.69,89.7,-84.16,176.65
52.41701,-1.55673,167.79,11.46,2,290.92,21 / 21,2594528,2019-09-06 18:59:21:210,1.9609,0.0126,9.3465,0.0469,-0.0157,9.8065,-0.0607,-0.0643,0.0334,10.94,-35.12,2.69,88.73,-84.37,176.37
52.41701,-1.55673,167.79,11.46,2,290.92,21 / 21,2594628,2019-09-06 18:59:21:310,2.5751,0.1389,9.5563,0.031,0.0088,9.8065,-0.0502,-0.026,0.0281,10.13,-34.81,2.69,89.26,-84.52,177.19
52.41701,-1.55673,167.79,11.46,2,290.92,21 / 21,2594729,2019-09-06 18:59:21:411,0.145,0.4877,10.2263,0.0055,-0.0058,9.8065,0.0219,0.0023,0.0105,10.81,-34.25,2,93.8,-84.69,177.73
52.41701,-1.55673,167.79,11.46,2,290.92,21 / 21,2594828,2019-09-06 18:59:21:510,-0.0264,-0.1847,10.0004,0.0002,0.0128,9.8066,0.1195,0.0701,-0.0154,10.19,-34.12,2.13,94.31,-84.75,177.85
52.41701,-1.55673,167.79,11.46,2,290.92,21 / 21,2594929,2019-09-06 18:59:21:611,1.0377,0.2796,9.8267,-0.0125,0.0019,9.8066,-0.0567,0.0757,-0.0505,10.44,-33.5,2.13,94.24,-84.73,178.27
52.41701,-1.55673,167.79,11.46,2,290.92,21 / 21,2595028,2019-09-06 18:59:21:710,2.2696,0.1248,10.217,-0.0168,0.0003,9.8065,-0.0774,-0.0115,0.0335,11.06,-34.19,3.19,88.73,-84.67,177.82
52.41701,-1.55673,167.79,11.46,2,290.92,21 / 21,2595128,2019-09-06 18:59:21:810,1.5531,-0.1076,9.0332,0.0213,-0.0035,9.8065,-0.0816,-0.0015,0.006,11.5,-34.31,2.69,87.9,-84.88,177.69
52.41701,-1.55673,167.79,11.46,2,290.92,21 / 21,2595228,2019-09-06 18:59:21:910,1.2164,-0.7581,9.8059,-0.0014,0.0009,9.8066,-0.0953,0.1084,-0.0297,11.25,-34.25,3.13,87.66,-84.93,177.59
52.41701,-1.55673,167.79,11.46,2,290.92,21 / 21,2595329,2019-09-06 18:59:22:011,1.4876,-0.6907,9.5235,0.0179,0.0044,9.8066,0.0349,0.0153,-0.0169,11.81,-34.31,2.69,86.86,-84.92,176.78
52.41701,-1.55673,167.79,11.46,2,290.92,21 / 21,2595428,2019-09-06 18:59:22:110,0.4422,-0.8763,9.5701,0.0124,0.0121,9.8066,0.0254,0.0282,-0.0353,11.44,-34.81,3.5,83.83,-84.93,178.49
52.41701,-1.55673,167.79,11.46,2,290.92,21 / 21,2595529,2019-09-06 18:59:22:211,1.458,-0.7027,9.5057,0.0046,0.0114,9.8066,0.0351,0.049,0.0203,11,-34.87,2.31,94.6,-84.92,178.82
52.41701,-1.55673,167.79,11.46,2,290.92,21 / 21,2595629,2019-09-06 18:59:22:311,1.4694,-0.2402,10.2641,0.0218,0.0055,9.8066,-0.0444,-0.0101,-0.0397,11,-34.75,2.5,90.46,-85,-179.87
52.41701,-1.55673,167.79,11.46,2,290.92,21 / 21,2595729,2019-09-06 18:59:22:411,2.0594,0.3168,10.5388,0.0019,0.0016,9.8066,0.0789,0.0228,0.0048,11.19,-34.56,2.44,95.85,-85.08,-179.38
52.41701,-1.55673,167.79,11.46,2,290.92,21 / 21,2595828,2019-09-06 18:59:22:510,0.2659,0.2102,9.6544,-0.0144,0.0021,9.8066,0.0382,0.0085,-0.0179,10.94,-35.12,2.94,90.64,-85.05,-179.53
52.41701,-1.55673,167.79,11.46,2,290.92,21 / 21,2595929,2019-09-06 18:59:22:611,0.9121,0.1311,9.5025,0.0089,-0.0093,9.8065,0.0656,-0.0259,0.005,11,-35.06,3.13,89.68,-85.03,179.47
52.41701,-1.55673,167.79,11.46,2,290.92,21 / 21,2596029,2019-09-06 18:59:22:711,0.8247,0.3558,9.9093,-0.0001,-0.0062,9.8066,0.036,0.0345,-0.0218,10.81,-35.12,3.06,88.18,-85.04,177.98
52.41701,-1.55673,167.79,11.46,2,290.92,21 / 21,2596129,2019-09-06 18:59:22:811,0.8445,-0.6599,9.9331,0.0067,-0.015,9.8066,-0.0658,0.0122,-0.0802,11.13,-35.37,2.94,85.41,-85.09,175.4
52.41701,-1.55673,167.79,11.46,2,290.92,21 / 21,2596229,2019-09-06 18:59:22:911,0.0073,-0.5871,10.2803,0.0136,-0.0163,9.8066,0.0021,-0.0244,-0.031,11.5,-35.19,2.56,82.77,-85.18,173.08
52.41701,-1.55673,167.79,11.46,2,290.92,21 / 21,2596328,2019-09-06 18:59:23:010,0.162,-0.2452,10.0487,-0.0132,-0.0044,9.8066,-0.0608,0.0391,-0.0385,11.13,-35.31,2.94,81.4,-85.14,171.68
52.41701,-1.55673,167.79,11.46,2,290.92,22 / 22,2596429,2019-09-06 18:59:23:111,0.2021,-0.482,10.2995,-0.0114,0.0002,9.8066,0.0097,0.0629,0.0418,11.31,-34.87,3.38,81.24,-85.05,171.24
52.41701,-1.55673,167.79,11.46,2,290.92,22 / 22,2596528,2019-09-06 18:59:23:210,-0.3557,-0.8756,9.7162,-0.0275,0.0021,9.8066,0.0416,0.0565,0.0056,10.75,-34.75,3.63,78.43,-84.76,172.77
52.41701,-1.55673,167.79,11.46,2,290.92,22 / 22,2596629,2019-09-06 18:59:23:311,0.2376,-1.1819,9.5618,-0.0266,0.0025,9.8065,-0.0292,0.072,-0.0331,10.81,-34.37,4.25,79.13,-84.62,173.5
52.41701,-1.55673,167.79,11.46,2,290.92,22 / 22,2596728,2019-09-06 18:59:23:410,0.0518,0.2958,10.1818,0.026,0.0107,9.8066,0.043,-0.0037,0.0503,10.13,-34.12,4.94,72.73,-84.86,174.08
52.41701,-1.55673,167.79,11.46,2,290.92,22 / 22,2596829,2019-09-06 18:59:23:511,0.8412,-0.7979,9.75,0.0246,0.0119,9.8066,-0.0244,0.1208,-0.038,9.38,-33.81,6.19,65.42,-85.08,174.8
52.41701,-1.55673,167.79,11.46,2,290.92,22 / 22,2596928,2019-09-06 18:59:23:610,0.0325,-1.0618,10.1677,-0.0091,0.0072,9.8066,-0.0485,0.0976,0.018,8.5,-33.12,5.44,69.66,-85.23,174.15
52.41701,-1.55673,167.79,11.46,2,290.92,22 / 22,2597028,2019-09-06 18:59:23:710,0.3075,0.0899,9.9859,-0.0149,0.0124,9.8066,0.053,0.0871,0.0151,9.13,-33.12,3.19,84.93,-85.35,176.97
52.41701,-1.55673,167.79,11.46,2,290.92,22 / 22,2597129,2019-09-06 18:59:23:811,1.6128,-1.0621,10.547,0.0233,0.0013,9.8066,0.0383,-0.0317,0.0932,10.06,-33.75,3.81,79.56,-85.44,176.99
52.41701,-1.55673,167.79,11.46,2,290.92,22 / 22,2597229,2019-09-06 18:59:23:911,-0.2489,-0.593,9.5951,0.0161,0.0102,9.8066,0.0481,0.142,-0.0505,10.56,-34.12,3.38,87.78,-85.26,178.72
52.41701,-1.55673,167.79,11.46,2,290.92,22 / 22,2597330,2019-09-06 18:59:24:012,-0.7954,-0.4968,9.17,-0.0351,0.0025,9.8065,0.094,0.1406,0.0602,10.25,-35,3.81,85.12,-84.86,179.98
52.41701,-1.55673,167.79,11.46,2,290.92,21 / 21,2597429,2019-09-06 18:59:24:111,-1.9381,-0.8975,8.975,-0.0118,0,9.8066,0.0001,0.1352,0.0213,11.31,-35.56,4.38,86.03,-84.88,-179.94
52.41701,-1.55673,167.79,11.46,2,290.92,21 / 21,2597529,2019-09-06 18:59:24:211,0.7952,-0.7706,10.6231,0.0409,-0.0031,9.8065,-0.0513,0.0772,-0.0086,10.69,-35.37,4.06,85.21,-85.09,-179.65
52.41701,-1.55673,167.79,11.46,2,290.92,21 / 21,2597629,2019-09-06 18:59:24:311,1.3271,-0.4451,10.2344,0.002,0.0037,9.8066,-0.0445,0.1058,-0.0109,11.31,-35.37,4.94,78.95,-85.35,-179.99
52.41701,-1.55673,167.79,11.46,2,290.92,21 / 21,2597728,2019-09-06 18:59:24:410,0.5218,-0.5469,9.2802,0.0107,0.002,9.8066,0.151,0.1561,-0.0349,11.38,-35.81,4.81,80.54,-85.26,-179.15
52.41701,-1.55673,167.79,11.46,2,290.92,21 / 21,2597828,2019-09-06 18:59:24:510,-0.1468,-1.1493,9.7764,-0.0065,-0.0083,9.8066,0.0982,0.1227,0.0733,11.38,-35.69,5.5,75.66,-84.89,179.8
52.41701,-1.55673,167.79,11.46,2,290.92,21 / 21,2597929,2019-09-06 18:59:24:611,-0.1416,-1.6625,9.7769,-0.0034,0.034,9.8065,0.0468,0.1016,-0.0147,11.13,-35.56,5.88,81.45,-84.63,-175.48
52.41701,-1.55673,167.79,11.46,2,290.92,21 / 21,2598028,2019-09-06 18:59:24:710,-0.6022,0.1863,9.2382,0.0241,0.0137,9.8066,0.0657,0.0737,0.0641,10.38,-35.81,5.75,82.05,-84.82,-173.12
52.41701,-1.55673,167.79,11.46,2,290.92,21 / 21,2598129,2019-09-06 18:59:24:811,-0.5441,-2.2649,9.7983,-0.0108,-0.0053,9.8066,-0.1708,0.057,0.0503,10.81,-35.87,6.13,82.6,-84.99,-173.28
52.41701,-1.55673,167.79,11.46,2,290.92,21 / 21,2598229,2019-09-06 18:59:24:911,2.3023,-2.1512,9.8724,-0.0439,-0.0114,9.8065,-0.2107,0.1365,0.058,10.75,-35.62,5.88,83.38,-84.92,-172.73
52.41701,-1.55673,167.79,11.46,2,290.92,21 / 21,2598329,2019-09-06 18:59:25:011,0.8867,-0.6734,9.9076,0.0214,0.0197,9.8066,0.1688,0.1888,-0.0109,11,-35.94,7.13,80.65,-85.06,-170.53
52.41701,-1.55673,167.79,11.46,2,290.92,21 / 21,2598429,2019-09-06 18:59:25:111,0.2051,-2.0772,9.4052,0.0117,0.0141,9.8066,0.1147,0.1491,0.0234,11.06,-35.56,6.94,81.88,-84.87,-169.9
52.41701,-1.55673,167.79,11.46,2,290.92,21 / 21,2598528,2019-09-06 18:59:25:210,1.1097,-1.0864,9.6125,-0.0198,-0.0012,9.8066,-0.0779,0.0804,-0.0233,10.38,-35.56,7.25,81.95,-84.61,-169.08
52.41701,-1.55673,167.79,11.46,2,290.92,21 / 21,2598629,2019-09-06 18:59:25:311,1.6417,-2.2617,9.6899,-0.0147,-0.0018,9.8065,-0.1099,0.2461,-0.0722,10.81,-35.69,8.38,80.25,-84.62,-167.97
52.41701,-1.55673,167.79,11.46,2,290.92,21 / 21,2598728,2019-09-06 18:59:25:410,1.1432,-0.6654,9.9066,0.0246,0.0115,9.8065,0.061,0.228,-0.0431,10.19,-36.12,8.31,78.03,-84.79,-167.86
52.41701,-1.55673,167.79,11.46,2,290.92,21 / 21,2598829,2019-09-06 18:59:25:511,0.715,-1.4437,10.2398,0.0148,-0.0012,9.8065,0.0735,0.1537,0.0008,10.88,-35.31,8.56,74.63,-84.98,-168.18
52.41701,-1.55673,167.79,11.46,2,290.92,21 / 21,2598929,2019-09-06 18:59:25:611,0.936,-0.774,10.0274,-0.0147,-0.005,9.8065,0.0106,0.1636,0.0087,10.5,-36.19,9.19,75.52,-84.9,-167.88
52.41701,-1.55673,167.79,11.46,2,290.92,21 / 21,2599028,2019-09-06 18:59:25:710,0.2465,-1.3322,9.7907,-0.0113,-0.0059,9.8066,0.0068,0.1668,-0.0332,10.31,-35.87,9.19,73.56,-84.83,-167.93
52.41701,-1.55673,167.79,11.46,2,290.92,21 / 21,2599129,2019-09-06 18:59:25:811,1.3214,-1.8023,9.9206,0.0114,0,9.8066,-0.003,0.1434,0.0211,10.19,-35.69,10,68.33,-84.88,-168.98
52.41701,-1.55673,167.79,11.46,2,290.92,21 / 21,2599229,2019-09-06 18:59:25:911,0.2919,-1.6925,10.3734,0.0113,0.0013,9.8066,-0.0641,0.2375,-0.0756,10.44,-35.56,10.13,67.92,-84.96,-169.16
52.41701,-1.55673,167.79,11.46,2,290.92,21 / 21,2599328,2019-09-06 18:59:26:010,1.1805,-1.5084,9.8133,-0.0059,-0.0084,9.8066,0.019,0.1825,0.0028,10.5,-35.44,9.94,68.67,-85.03,-170.11
52.417267,-1.557931,169.94,7.9,2,268.4,21 / 21,2599429,2019-09-06 18:59:26:111,1.9209,-1.1758,10.2813,-0.0174,-0.0133,9.8066,0.04,0.2614,-0.0507,10.38,-35.5,11.19,62.9,-84.91,-170.22
52.417267,-1.557931,169.94,7.9,2,268.4,21 / 21,2599529,2019-09-06 18:59:26:211,1.1435,-2.3201,9.8035,-0.011,-0.0184,9.8066,0.0438,0.248,-0.0484,10.63,-35.44,11.69,60.72,-84.78,-171.76
52.417267,-1.557931,169.94,7.9,2,268.4,21 / 21,2599628,2019-09-06 18:59:26:310,1.7517,-0.9295,9.778,-0.0051,-0.0077,9.8066,-0.0272,0.2628,-0.0378,9.88,-35.31,12.13,57.39,-84.66,-172.68
52.417267,-1.557931,169.94,7.9,2,268.4,21 / 21,2599729,2019-09-06 18:59:26:411,0.7512,-0.9026,9.2635,0.0053,-0.0084,9.8066,0.0106,0.2225,-0.0273,10.31,-34.94,12.81,53.23,-84.66,-173.63
52.417267,-1.557931,169.94,7.9,2,268.4,21 / 21,2599829,2019-09-06 18:59:26:511,1.7668,-1.7033,10.1645,0.0146,-0.0041,9.8066,0.0166,0.1777,-0.0251,10.13,-34.37,13.44,51.85,-84.68,-174.55
52.417267,-1.557931,169.94,7.9,2,268.4,21 / 21,2599929,2019-09-06 18:59:26:611,2.177,-1.9479,9.8822,0.0161,-0.012,9.8065,0.0057,0.304,-0.1148,10,-35.31,13.63,46.43,-84.81,-176.9
52.417267,-1.557931,169.94,7.9,2,268.4,21 / 21,2600028,2019-09-06 18:59:26:710,1.2439,-2.2258,9.7867,-0.0094,-0.0205,9.8065,-0.093,0.2009,-0.0036,10.13,-34.62,13.81,42.97,-84.83,-179.87
52.417267,-1.557931,169.94,7.9,2,268.4,21 / 21,2600129,2019-09-06 18:59:26:811,2.8179,-0.7317,10.4002,-0.0282,-0.0218,9.8065,0.1353,0.1755,0.0282,11.06,-34.87,15.13,43.46,-84.79,-179.67
52.417267,-1.557931,169.94,7.9,2,268.4,21 / 21,2600228,2019-09-06 18:59:26:910,2.2536,-0.0287,10.4491,0.01,0.0223,9.8066,0.1656,0.3512,-0.1211,9.94,-34.87,14.94,39.3,-84.94,179.26
52.417267,-1.557931,169.94,7.9,2,268.4,21 / 21,2600329,2019-09-06 18:59:27:011,1.4185,-1.8236,10.3623,0.0246,0.0127,9.8066,-0.0615,0.1323,0.0673,10.56,-34.44,15.44,40.73,-84.81,178.15
52.417267,-1.557931,169.94,7.9,2,268.4,21 / 21,2600429,2019-09-06 18:59:27:111,0.4459,-0.0605,10.289,-0.024,-0.0272,9.8066,-0.063,0.3241,-0.1141,9.94,-34.94,16.25,36.43,-84.74,178.51
52.417267,-1.557931,169.94,7.9,2,268.4,21 / 21,2600528,2019-09-06 18:59:27:210,1.6073,-0.8466,10.2114,-0.0035,-0.0259,9.8065,-0.0321,0.2773,0.0359,10.06,-34.12,16.44,35.32,-84.48,177.43
52.417267,-1.557931,169.94,7.9,2,268.4,21 / 21,2600629,2019-09-06 18:59:27:311,1.559,0.5758,9.8252,0.0003,0.0057,9.8066,0.0224,0.2404,-0.0194,10.13,-34.87,17.19,33.66,-84.56,177.71
52.417267,-1.557931,169.94,7.9,2,268.4,21 / 21,2600729,2019-09-06 18:59:27:411,1.4214,-0.9825,9.7907,0.0109,0.0071,9.8066,-0.0169,0.2336,-0.0778,9.38,-34.81,17.25,30.08,-84.54,177.08
52.417267,-1.557931,169.94,7.9,2,268.4,21 / 21,2600829,2019-09-06 18:59:27:511,0.1916,-1.0163,10.2871,0.0014,-0.0186,9.8066,-0.0259,0.2467,0.0286,9.75,-34.37,18.5,27.73,-84.46,175.78
52.417267,-1.557931,169.94,7.9,2,268.4,21 / 21,2600929,2019-09-06 18:59:27:611,0.9742,-0.8073,9.835,-0.0108,-0.0005,9.8066,0.0301,0.2648,-0.038,8.94,-35.25,18.38,26.77,-84.53,175.81
52.417267,-1.557931,169.94,7.9,2,268.4,21 / 21,2601029,2019-09-06 18:59:27:711,2.254,1.1054,9.8717,0.0033,-0.0099,9.8066,-0.0865,0.2352,-0.0497,8.81,-34.69,18.44,26.65,-84.52,175.7
52.417267,-1.557931,169.94,7.9,2,268.4,21 / 21,2601128,2019-09-06 18:59:27:810,2.0225,-0.0706,9.6355,0.0001,-0.0155,9.8066,-0.0823,0.2558,0.0247,9.63,-34.62,19.31,25.93,-84.4,174.07
52.417267,-1.557931,169.94,7.9,2,268.4,21 / 21,2601228,2019-09-06 18:59:27:910,1.5134,0.6628,10.0681,-0.0022,0.0074,9.8066,0.0217,0.222,-0.0532,8.56,-33.94,19,23.28,-84.41,174.26
52.417267,-1.557931,169.94,7.9,2,268.4,21 / 21,2601329,2019-09-06 18:59:28:011,1.6079,-0.2634,10.197,0.0067,0.0165,9.8066,0.0438,0.2265,-0.0463,8.75,-34.44,19.88,21.66,-84.43,174.15
52.417267,-1.557931,169.94,7.9,2,268.4,21 / 21,2601428,2019-09-06 18:59:28:110,1.6059,0.0848,10.2273,-0.0078,-0.0198,9.8065,-0.0348,0.1877,-0.01,8.38,-34.62,20.75,17.95,-84.33,174.29
52.417267,-1.557931,169.94,7.9,2,268.4,21 / 21,2601532,2019-09-06 18:59:28:214,1.7704,0.8422,9.3395,-0.0095,-0.027,9.8066,-0.0752,0.2173,-0.0387,7.75,-34.5,20.31,19.31,-84.26,174.42
52.417267,-1.557931,169.94,7.9,2,268.4,21 / 21,2601628,2019-09-06 18:59:28:310,1.791,0.9769,9.8898,0.0048,0.0262,9.8066,0.0499,0.2274,-0.0062,7.75,-34.37,20.63,17.38,-84.23,173.84
52.417267,-1.557931,169.94,7.9,2,268.4,21 / 21,2601729,2019-09-06 18:59:28:411,1.2543,0.9116,9.6484,0.0044,0.0203,9.8065,0.0239,0.2483,-0.0125,7.56,-34.69,20.88,18.42,-84.39,174.73
52.417267,-1.557931,169.94,7.9,2,268.4,21 / 21,2601828,2019-09-06 18:59:28:510,0.4541,0.8439,10.1576,0.0128,0.0014,9.8066,0.0488,0.2042,0.0105,7.13,-33.75,21.75,13.88,-84.46,174.21
52.417267,-1.557931,169.94,7.9,2,268.4,21 / 21,2601928,2019-09-06 18:59:28:610,1.2147,1.5076,9.9017,0.0175,0.0041,9.8066,0.0276,0.2019,-0.052,7.56,-34.19,21.56,14.54,-84.5,172.49
52.417267,-1.557931,169.94,7.9,2,268.4,21 / 21,2602029,2019-09-06 18:59:28:711,2.0593,1.9249,10.1826,0.0124,0.0041,9.8066,0.0364,0.1433,-0.0045,7,-33.94,22.13,9.32,-84.55,170.33
52.417267,-1.557931,169.94,7.9,2,268.4,21 / 21,2602129,2019-09-06 18:59:28:811,0.8492,1.4816,9.9756,-0.0012,-0.0014,9.8066,0.0126,0.2072,-0.0945,6.81,-34.25,22,9.06,-84.56,170.11
52.417267,-1.557931,169.94,7.9,2,268.4,21 / 21,2602229,2019-09-06 18:59:28:911,1.2613,2.1114,9.7034,0.01,-0.0087,9.8066,0.0439,0.1889,0.0099,6.63,-34,22.5,6.81,-84.47,168.92
52.417267,-1.557931,169.94,7.9,2,268.4,21 / 21,2602329,2019-09-06 18:59:29:011,1.36,3.004,10.0494,-0.0106,-0.0308,9.8065,-0.0652,0.2172,-0.0136,6.31,-33.81,22.69,3.65,-84.16,168.48
52.417267,-1.557931,169.94,7.9,2,268.4,21 / 21,2602430,2019-09-06 18:59:29:112,1.7104,1.8953,10.0925,-0.004,0.0015,9.8066,0.1783,0.1814,-0.0077,5.56,-33.69,23.06,4.02,-83.97,168.77
52.417267,-1.557931,169.94,7.9,2,268.4,21 / 21,2602529,2019-09-06 18:59:29:211,1.1837,1.138,9.6975,-0.0002,-0.0026,9.8066,0.1,0.2055,0.002,5.31,-33.25,23.56,1.76,-83.75,169.72
52.417267,-1.557931,169.94,7.9,2,268.4,21 / 21,2602630,2019-09-06 18:59:29:312,0.6707,0.8933,9.7048,-0.011,-0.0381,9.8065,-0.076,0.2159,-0.0042,5.88,-33.81,24.13,4.17,-83.64,169.47
52.417267,-1.557931,169.94,7.9,2,268.4,21 / 21,2602729,2019-09-06 18:59:29:411,0.7823,0.9648,9.6092,-0.0081,-0.0249,9.8066,-0.0533,0.2162,0.0007,5.5,-33.62,24.25,5.02,-83.33,170.15
52.417267,-1.557931,169.94,7.9,2,268.4,21 / 21,2602829,2019-09-06 18:59:29:511,0.8017,0.9519,10.0534,-0.003,0.0123,9.8066,0.0574,0.2142,-0.0211,4.88,-33.81,25.31,2.62,-83.37,170.89
52.417267,-1.557931,169.94,7.9,2,268.4,21 / 21,2602928,2019-09-06 18:59:29:610,0.8455,1.1302,10.0881,0.002,0.0057,9.8066,-0.0091,0.2356,-0.0042,4.38,-33.87,25.5,359.66,-83.31,170.97
52.417267,-1.557931,169.94,7.9,2,268.4,21 / 21,2603029,2019-09-06 18:59:29:711,1.0333,0.3999,9.5426,-0.0024,-0.0045,9.8066,0.0384,0.2366,-0.0202,4.38,-33.56,26.06,359.71,-83.3,171.01
52.417267,-1.557931,169.94,7.9,2,268.4,21 / 21,2603129,2019-09-06 18:59:29:811,1.1083,0.6622,9.3751,-0.0038,-0.0004,9.8066,-0.0069,0.3032,-0.0587,3.44,-33.25,26.19,357.8,-83.22,171.56
52.417267,-1.557931,169.94,7.9,2,268.4,21 / 21,2603228,2019-09-06 18:59:29:910,0.9493,0.9121,9.8301,-0.0043,0.0134,9.8066,0.0827,0.3049,-0.04,2.63,-33.31,26.25,357.92,-83.26,171.66
52.417267,-1.557931,169.94,7.9,2,268.4,21 / 21,2603329,2019-09-06 18:59:30:011,0.2357,0.9909,10.1782,0.0036,0.019,9.8066,0.0272,0.2279,-0.0057,2.69,-33.44,26.13,357.75,-83.28,171.51
52.417267,-1.557931,169.94,7.9,2,268.4,22 / 22,2603429,2019-09-06 18:59:30:111,1.3519,1.0505,10.0124,0.0013,-0.0173,9.8066,0.0059,0.2354,-0.0065,2.13,-32.69,26.5,355.35,-83.25,171.81
52.417267,-1.557931,169.94,7.9,2,268.4,22 / 22,2603528,2019-09-06 18:59:30:210,0.7262,0.0038,10.067,0.005,-0.0059,9.8066,0.0529,0.3212,-0.0353,2.88,-32.94,27.25,357.8,-83.31,171.79
52.417267,-1.557931,169.94,7.9,2,268.4,22 / 22,2603629,2019-09-06 18:59:30:311,1.1489,0.8221,10.0815,-0.0087,-0.0006,9.8066,-0.0906,0.3664,-0.0581,1.38,-32.87,27.25,352.75,-83.43,171.69
52.417267,-1.557931,169.94,7.9,2,268.4,22 / 22,2603729,2019-09-06 18:59:30:411,1.2269,1.1249,9.9259,0.008,-0.0058,9.8066,-0.0338,0.3267,-0.0636,0.69,-32.81,27.5,352.56,-83.48,171.55
52.417267,-1.557931,169.94,7.9,2,268.4,22 / 22,2603829,2019-09-06 18:59:30:511,0.7956,0.5861,9.5346,-0.0093,-0.0043,9.8066,0.0252,0.3502,-0.0209,0.75,-33.81,28.06,352.64,-83.42,171.67
52.417267,-1.557931,169.94,7.9,2,268.4,22 / 22,2603928,2019-09-06 18:59:30:610,1.0441,-0.1762,9.9787,0.0046,-0.0101,9.8066,0.0139,0.337,-0.0622,0.06,-33.62,28.06,350.27,-83.32,171.7
52.417267,-1.557931,169.94,7.9,2,268.4,22 / 22,2604028,2019-09-06 18:59:30:710,0.9995,-1.3431,9.6855,0.0017,-0.009,9.8065,0.0101,0.3489,0.0127,-1.19,-32.25,28.94,347.99,-83.14,171.62
52.417267,-1.557931,169.94,7.9,2,268.4,22 / 22,2604128,2019-09-06 18:59:30:810,1.2531,-0.3989,9.7826,-0.0122,-0.013,9.8065,0.0694,0.386,-0.0234,-1.12,-32.81,29.19,348.98,-83.05,172.54
52.417267,-1.557931,169.94,7.9,2,268.4,22 / 22,2604229,2019-09-06 18:59:30:911,0.9282,-0.0255,10.0039,0.0037,-0.0116,9.8066,0.0198,0.3836,-0.0442,-2.37,-32.94,28.88,347.62,-82.87,173.39
52.417267,-1.557931,169.94,7.9,2,268.4,22 / 22,2604329,2019-09-06 18:59:31:011,1.2627,-0.6533,10.3033,0.0062,-0.0099,9.8066,0.0577,0.3795,-0.0739,-2.94,-33.06,29.94,345.08,-82.7,172.96
52.417267,-1.557931,169.94,7.9,2,268.4,22 / 22,2604429,2019-09-06 18:59:31:111,1.7939,-0.5191,10.1403,-0.0048,-0.0193,9.8066,-0.0314,0.4178,-0.1153,-3.37,-32.19,29.69,345.19,-82.46,173.07
52.417267,-1.557931,169.94,7.9,2,268.4,22 / 22,2604528,2019-09-06 18:59:31:210,1.6672,0.0646,9.9664,0.0059,-0.0139,9.8065,-0.0501,0.4297,-0.0761,-4.19,-32.25,30.19,342.64,-82.25,172.83
52.417267,-1.557931,169.94,7.9,2,268.4,22 / 22,2604628,2019-09-06 18:59:31:310,1.2937,-1.0515,9.0752,0.0198,-0.0308,9.8065,0.0227,0.4544,-0.0986,-4.31,-33.06,29.94,341.99,-82.12,172.39
52.417267,-1.557931,169.94,7.9,2,268.4,22 / 22,2604729,2019-09-06 18:59:31:411,3.5183,0.0662,9.1972,-0.0101,0.0067,9.8066,-0.0539,0.4107,0.063,-5.37,-33.06,29.69,339.61,-82.14,172.21
52.417267,-1.557931,169.94,7.9,2,268.4,22 / 22,2604828,2019-09-06 18:59:31:510,1.5965,1.8668,10.0975,-0.0129,-0.0015,9.8066,-0.0649,0.5242,-0.1354,-5.94,-31.75,29.75,339.66,-82.04,174.04
52.417267,-1.557931,169.94,7.9,2,268.4,22 / 22,2604929,2019-09-06 18:59:31:611,0.9725,-0.4161,10.3064,-0.0241,0.0015,9.8066,0.024,0.4725,-0.0166,-7.31,-32.75,29.75,337.55,-82.11,174.1
52.417267,-1.557931,169.94,7.9,2,268.4,22 / 22,2605029,2019-09-06 18:59:31:711,2.3713,0.1575,9.8051,0.0046,0.037,9.8065,0.0328,0.4452,0.0139,-8.19,-33,29.31,335.42,-82.3,174.55
52.417267,-1.557931,169.94,7.9,2,268.4,22 / 22,2605129,2019-09-06 18:59:31:811,0.804,-0.1007,9.7363,0.0084,-0.0346,9.8065,0.0523,0.5006,-0.1907,-8.37,-32.62,29.25,335.66,-82.05,174.88
52.417267,-1.557931,169.94,7.9,2,268.4,22 / 22,2605229,2019-09-06 18:59:31:911,2.8261,0.189,9.8442,0.0193,-0.0116,9.8066,-0.0199,0.4795,0.0209,-8.75,-32.75,29.69,333.15,-81.86,173.96
52.417267,-1.557931,169.94,7.9,2,268.4,22 / 22,2605329,2019-09-06 18:59:32:011,2.2447,0.4516,9.8802,0.0024,-0.0446,9.8064,-0.1066,0.5746,-0.1009,-9.25,-32.81,30.06,333.73,-81.7,174.54
52.417267,-1.557931,169.94,7.9,2,268.4,22 / 22,2605429,2019-09-06 18:59:32:111,2.3125,-0.1338,9.7578,0.0162,-0.0235,9.8066,-0.0843,0.4732,-0.0199,-11.25,-33.25,29.13,329.52,-81.51,175.14
52.417267,-1.557931,169.94,7.9,2,268.4,22 / 22,2605529,2019-09-06 18:59:32:211,0.9135,-0.5665,9.5897,-0.0385,0.0364,9.8064,0.0711,0.4258,-0.0027,-11.62,-32.87,29.31,329.13,-81.91,176.22
52.417267,-1.557931,169.94,7.9,2,268.4,22 / 22,2605629,2019-09-06 18:59:32:311,1.3315,-0.2667,10.3042,-0.0339,0.0349,9.8065,0.0424,0.3978,-0.0959,-11.75,-32.12,28.56,330.39,-82.01,177.14
52.417267,-1.557931,169.94,7.9,2,268.4,22 / 22,2605729,2019-09-06 18:59:32:411,1.3907,0.1991,10.3751,0.0159,-0.0254,9.8065,-0.0525,0.3701,-0.072,-12.25,-32.56,27.88,329.06,-82.01,176.96
52.417267,-1.557931,169.94,7.9,2,268.4,22 / 22,2605829,2019-09-06 18:59:32:511,0.5535,0.6992,10.5886,0.0026,-0.0024,9.8066,0.0175,0.3226,-0.0235,-13.31,-32.5,27.44,326.06,-82.18,176.68
52.417267,-1.557931,169.94,7.9,2,268.4,22 / 22,2605929,2019-09-06 18:59:32:611,1.0127,0.6966,10.1364,-0.009,-0.0086,9.8066,0.0896,0.2162,0.0325,-13,-32.81,27.56,327.68,-82.17,177.31
52.417267,-1.557931,169.94,7.9,2,268.4,22 / 22,2606028,2019-09-06 18:59:32:710,0.6775,-1.0279,10.0723,-0.006,-0.0218,9.8066,0.1937,0.206,0.007,-14.31,-32.31,27.06,327.14,-81.93,179.41
52.417267,-1.557931,169.94,7.9,2,268.4,22 / 22,2606128,2019-09-06 18:59:32:810,1.1361,-1.3156,9.1234,0.0216,-0.0509,9.8064,-0.0478,0.2448,-0.036,-14.31,-32.5,27.31,328.28,-81.27,-179.18
52.417267,-1.557931,169.94,7.9,2,268.4,22 / 22,2606228,2019-09-06 18:59:32:910,0.3489,-1.3984,9.6233,0.0261,-0.0537,9.8064,-0.1068,0.1598,0.0635,-14.12,-31.44,27.56,329.79,-81.01,-178.86
52.417267,-1.557931,169.94,7.9,2,268.4,22 / 22,2606328,2019-09-06 18:59:33:010,-0.1521,-0.8709,10.0197,-0.0445,0.0319,9.8065,-0.0277,0.1104,-0.0239,-14.75,-32.69,27.25,327.46,-81.13,-178.07
52.417267,-1.557931,169.94,7.9,2,268.4,22 / 22,2606429,2019-09-06 18:59:33:111,0.5749,-0.0521,10.3766,-0.014,0.02,9.8066,0.0243,0.0649,0.0072,-15,-32.31,26.38,328.06,-81.6,-176.94
52.417267,-1.557931,169.94,7.9,2,268.4,22 / 22,2606529,2019-09-06 18:59:33:211,0.1943,-0.8115,10.1225,-0.0065,-0.0043,9.8065,0.0889,0.0387,-0.0189,-15.25,-32.25,26.38,328.71,-81.66,-176.42
52.417267,-1.557931,169.94,7.9,2,268.4,22 / 22,2606628,2019-09-06 18:59:33:310,-0.2286,-0.8965,9.7678,0.0127,0.009,9.8066,0.0933,-0.0042,-0.0164,-16.12,-32.62,26.88,327.17,-81.52,-177.06
52.417267,-1.557931,169.94,7.9,2,268.4,22 / 22,2606729,2019-09-06 18:59:33:411,0.3001,-0.7577,10.1073,0.0214,-0.0052,9.8065,-0.0238,-0.0507,-0.0196,-15.44,-32.56,27.44,327.6,-81.2,-178
52.417267,-1.557931,169.94,7.9,2,268.4,22 / 22,2606828,2019-09-06 18:59:33:510,0.7702,-1.4745,9.5551,0.005,0.0097,9.8066,-0.065,0.0567,-0.0813,-16.31,-32.87,27.5,325.9,-81.19,-178.98
52.417267,-1.557931,169.94,7.9,2,268.4,22 / 22,2606928,2019-09-06 18:59:33:610,0.2032,-0.2182,9.2498,-0.0191,0.0292,9.8065,0.0012,0.0149,-0.0046,-16.31,-32.5,27.5,325.01,-81.4,179.96
52.417267,-1.557931,169.94,7.9,2,268.4,22 / 22,2607029,2019-09-06 18:59:33:711,-1.0415,-1.733,9.2285,0.0135,-0.0232,9.8066,-0.1541,-0.0815,0.0967,-15.56,-32.25,27.5,324.96,-81.29,179.98
52.417267,-1.557931,169.94,7.9,2,268.4,22 / 22,2607129,2019-09-06 18:59:33:811,-1.5556,-0.4173,11.2651,-0.0537,0.0672,9.8062,0.2981,-0.0644,0.076,-16.31,-31.94,27.38,325.11,-81.76,-179.16
52.417267,-1.557931,169.94,7.9,2,268.4,22 / 22,2607229,2019-09-06 18:59:33:911,0.6038,-0.8887,10.2266,-0.0463,0.0545,9.8063,-0.0099,-0.0204,0.0232,-15.69,-32.06,27.19,325.63,-81.57,-178.57
52.417267,-1.557931,169.94,7.9,2,268.4,22 / 22,2607328,2019-09-06 18:59:34:010,-0.0958,-0.994,9.7135,0.0187,-0.0445,9.8065,-0.1416,-0.0251,0.0204,-16.56,-31.81,27.56,324.28,-80.84,-178.88
52.417267,-1.557931,169.94,7.9,2,268.4,22 / 22,2607428,2019-09-06 18:59:34:110,0.1565,-0.5005,9.5857,0.0027,-0.033,9.8065,-0.1478,-0.0589,0.0479,-15.12,-31.62,27.06,327.8,-80.86,-177.77
52.417267,-1.557931,169.94,7.9,2,268.4,22 / 22,2607530,2019-09-06 18:59:34:212,-0.0304,-0.0971,9.7642,0.0018,-0.0114,9.8066,-0.1929,0.0101,0.023,-16,-32.12,27.06,327.03,-80.97,-176.98
52.417267,-1.557931,169.94,7.9,2,268.4,22 / 22,2607629,2019-09-06 18:59:34:311,-1.0207,0.591,9.4102,-0.0465,0.0558,9.8063,0.1768,-0.0508,0.0349,-16,-31.69,27.13,327.33,-81.62,-177.12
52.417267,-1.557931,169.94,7.9,2,268.4,22 / 22,2607728,2019-09-06 18:59:34:410,-0.0194,-0.5111,9.5231,-0.0431,0.0498,9.8064,0.175,-0.0342,-0.0494,-15.62,-32.12,26.94,328.05,-81.81,-176.62
52.417267,-1.557931,169.94,7.9,2,268.4,22 / 22,2607829,2019-09-06 18:59:34:511,-0.6692,-1.3222,10.0726,0.0147,-0.0155,9.8066,-0.0494,-0.0688,0.054,-15.37,-32.5,26.69,329.6,-81.81,-176.8
52.417267,-1.557931,169.94,7.9,2,268.4,22 / 22,2607928,2019-09-06 18:59:34:610,-1.7824,0.2688,10.1459,-0.0019,-0.0106,9.8066,0.0676,-0.0226,0.0002,-14.87,-32.12,26.38,329.13,-81.94,-176.23
52.417267,-1.557931,169.94,7.9,2,268.4,22 / 22,2608028,2019-09-06 18:59:34:710,0.5885,-1.0658,9.7515,0.0072,-0.015,9.8065,-0.1469,-0.1148,0.0238,-15.5,-32.19,26.06,328.77,-81.99,-176.57
52.417267,-1.557931,169.94,7.9,2,268.4,22 / 22,2608128,2019-09-06 18:59:34:810,-1.2191,-0.6293,9.9206,-0.0002,-0.0201,9.8066,-0.126,-0.0689,-0.0771,-14.94,-32.25,26.38,329.86,-81.84,-175.53
52.417267,-1.557931,169.94,7.9,2,268.4,22 / 22,2608228,2019-09-06 18:59:34:910,-0.7123,0.4708,10.2891,-0.0155,0.02,9.8065,0.1621,-0.0641,0.1287,-15.37,-31.37,25.94,330.66,-81.93,-175.04
52.417267,-1.557931,169.94,7.9,2,268.4,22 / 22,2608329,2019-09-06 18:59:35:011,-1.2603,-0.6567,10.0857,-0.0214,0.0141,9.8066,0.0226,-0.0471,0.0411,-15.69,-31.75,26.06,329.86,-81.84,-173.98
52.416927,-1.558136,171.69,8.52,2,150.85,21 / 21,2608429,2019-09-06 18:59:35:111,-0.7232,-0.8868,10.0113,0.0048,0.0017,9.8066,-0.0319,-0.0393,-0.0075,-15.12,-31.62,26.06,332.14,-81.86,-173.58
52.416927,-1.558136,171.69,8.52,2,150.85,21 / 21,2608529,2019-09-06 18:59:35:211,-1.0886,-0.4896,9.6799,-0.0113,0.005,9.8065,0.0225,-0.0953,0.0163,-15.12,-31.25,25.44,332.15,-81.9,-172.63
52.416927,-1.558136,171.69,8.52,2,150.85,21 / 21,2608628,2019-09-06 18:59:35:310,0.1455,-0.3146,9.9171,0.0093,0.0043,9.8066,0.029,0.0297,-0.0503,-15.37,-31.75,25.69,333.29,-81.8,-172.56
52.416927,-1.558136,171.69,8.52,2,150.85,21 / 21,2608729,2019-09-06 18:59:35:411,-1.3634,-1.3412,10.019,0.0098,0.0099,9.8066,-0.0428,-0.0173,-0.0215,-14.44,-31.37,25.5,333.86,-81.84,-173.84
52.416927,-1.558136,171.69,8.52,2,150.85,21 / 21,2608829,2019-09-06 18:59:35:511,-0.4334,-0.2252,9.6672,0.0215,-0.0014,9.8066,-0.0301,-0.0891,-0.019,-15.25,-31.94,26.69,332.15,-81.85,-174.61
52.416927,-1.558136,171.69,8.52,2,150.85,21 / 21,2608930,2019-09-06 18:59:35:612,-2.0581,-1.2124,9.3086,0.0078,-0.0109,9.8065,-0.0529,-0.1042,0.059,-14.69,-32.12,25.63,330.46,-81.94,-175.08
52.416927,-1.558136,171.69,8.52,2,150.85,21 / 21,2609028,2019-09-06 18:59:35:710,-1.1523,0.05,9.3798,-0.0119,0.0503,9.8065,-0.1934,-0.0306,-0.0282,-14.44,-32,26.25,331.35,-82.01,-175.97
52.416927,-1.558136,171.69,8.52,2,150.85,21 / 21,2609129,2019-09-06 18:59:35:811,-1.4271,-0.6481,10.0729,-0.0172,0.0244,9.8066,0.0678,-0.1129,0.0646,-14.31,-31.94,26.88,331.57,-82.28,-176.94
52.416927,-1.558136,171.69,8.52,2,150.85,21 / 21,2609229,2019-09-06 18:59:35:911,-0.0892,-0.4747,10.1588,-0.0071,0.008,9.8066,0.0495,-0.0793,0.0304,-14.37,-32.37,26.75,331.23,-82.28,-177.23
52.416927,-1.558136,171.69,8.52,2,150.85,21 / 21,2609331,2019-09-06 18:59:36:013,-0.7913,-0.5207,9.3834,-0.017,0.0246,9.8066,0.0872,-0.0537,-0.0315,-14.5,-31.94,27.56,332.38,-82.41,-177.25
52.416927,-1.558136,171.69,8.52,2,150.85,22 / 22,2609428,2019-09-06 18:59:36:110,-0.2031,-0.7379,9.4481,0.0174,-0.0071,9.8066,0.0364,-0.0574,-0.0518,-14.94,-32.62,26.13,326.98,-82.3,-178.18
52.416927,-1.558136,171.69,8.52,2,150.85,22 / 22,2609529,2019-09-06 18:59:36:211,-1.2012,0.8181,9.5119,-0.0017,-0.0126,9.8066,-0.1719,0.0043,0.0126,-14.37,-32.75,26.44,329.42,-82.45,-177.77
52.416927,-1.558136,171.69,8.52,2,150.85,22 / 22,2609629,2019-09-06 18:59:36:311,-2.0781,0.6722,9.6426,-0.0307,0.0475,9.8065,-0.1483,-0.014,0.015,-14.87,-32.31,26.75,330.47,-83.03,-176.74
52.416927,-1.558136,171.69,8.52,2,150.85,22 / 22,2609729,2019-09-06 18:59:36:411,-0.4625,0.1861,9.1431,-0.0435,0.0306,9.8065,0.0739,-0.0965,0.1037,-14.25,-32.62,26.31,332.62,-83.16,-175.39
52.416927,-1.558136,171.69,8.52,2,150.85,22 / 22,2609829,2019-09-06 18:59:36:511,-1.9494,-0.2146,9.9221,0.0053,0.0141,9.8065,0.0729,0.0016,-0.0773,-14.75,-32.31,25.5,331.87,-83.12,-174.53
52.416927,-1.558136,171.69,8.52,2,150.85,22 / 22,2609929,2019-09-06 18:59:36:611,-0.0527,-0.1952,9.7896,-0.0094,0.0103,9.8066,0.1129,-0.0508,0.0259,-13.37,-33.44,26.31,335.43,-83.27,-174.68
52.416927,-1.558136,171.69,8.52,2,150.85,22 / 22,2610028,2019-09-06 18:59:36:710,-0.3537,-1.5515,10.1135,0.0258,-0.0222,9.8065,0.1271,-0.0294,-0.0568,-13.81,-33.19,25.56,332.61,-83.17,-175.41
52.416927,-1.558136,171.69,8.52,2,150.85,22 / 22,2610129,2019-09-06 18:59:36:811,-0.7223,-0.2266,9.8924,0.0226,0.0065,9.8066,-0.1545,-0.0178,-0.0191,-13.06,-33.5,26.19,332.91,-83.54,-177.04
52.416927,-1.558136,171.69,8.52,2,150.85,22 / 22,2610229,2019-09-06 18:59:36:911,-1.5407,1.0557,9.2083,-0.0014,0.0548,9.8064,0.0416,-0.0446,-0.0898,-13.31,-34,26,328.65,-84.1,178.94
52.416927,-1.558136,171.69,8.52,2,150.85,22 / 22,2610330,2019-09-06 18:59:37:012,-1.5798,-0.825,9.586,-0.0087,0.0181,9.8066,0.0126,0.052,-0.0256,-13.69,-33.31,26.38,326.35,-84.17,178.4
52.416927,-1.558136,171.69,8.52,2,150.85,21 / 21,2610429,2019-09-06 18:59:37:111,-1.2511,-0.7502,9.4121,0.0122,0.0086,9.8066,0.0142,-0.0415,0.0734,-13.94,-32.75,25.81,326.22,-84.3,178.2
52.416927,-1.558136,171.69,8.52,2,150.85,21 / 21,2610528,2019-09-06 18:59:37:210,-0.6616,-0.2809,9.5828,-0.0086,0.0191,9.8066,-0.0957,-0.0429,-0.091,-13.75,-34,25.56,323.76,-84.58,175.88
52.416927,-1.558136,171.69,8.52,2,150.85,21 / 21,2610629,2019-09-06 18:59:37:311,-1.0262,0.9464,9.423,-0.014,0.0006,9.8066,-0.0875,-0.0414,0.0776,-13.31,-33.75,25.31,325.37,-84.91,176.44
52.416927,-1.558136,171.69,8.52,2,150.85,21 / 21,2610729,2019-09-06 18:59:37:411,-1.4678,0.0507,9.2311,-0.0013,0.0338,9.8066,0.0388,-0.0305,-0.0438,-13.06,-34,24.19,322.26,-85.23,174.44
52.416927,-1.558136,171.69,8.52,2,150.85,21 / 21,2610829,2019-09-06 18:59:37:511,-0.736,0.2872,9.0487,0.0014,0.0281,9.8066,0.0417,-0.0006,-0.0684,-12.37,-33.44,24.75,321.39,-85.49,170.47
52.416927,-1.558136,171.69,8.52,2,150.85,21 / 21,2610929,2019-09-06 18:59:37:611,-0.3033,0.0567,9.717,0.0065,0.0308,9.8065,0.1075,-0.0006,-0.0221,-12.56,-34,24.5,316.25,-85.55,167.53
52.416927,-1.558136,171.69,8.52,2,150.85,21 / 21,2611029,2019-09-06 18:59:37:711,-0.1225,-0.4768,9.9611,0.0274,-0.015,9.8066,0.1503,0.03,-0.0204,-12.37,-33.81,23.56,314.15,-85.53,164.87
52.416927,-1.558136,171.69,8.52,2,150.85,21 / 21,2611129,2019-09-06 18:59:37:811,-0.2348,-0.5183,10.0981,0.03,-0.0149,9.8065,-0.1062,0.0892,-0.0582,-13.94,-34.06,22.69,306.58,-85.32,162.75
52.416927,-1.558136,171.69,8.52,2,150.85,21 / 21,2611229,2019-09-06 18:59:37:911,0.1301,0.9636,10.2522,0.0171,-0.0208,9.8066,0.0598,0.0333,0.026,-14.06,-34.25,23.25,305.98,-85.07,162.47
52.416927,-1.558136,171.69,8.52,2,150.85,21 / 21,2611328,2019-09-06 18:59:38:010,-0.4782,1.806,7.9342,0.0482,-0.0422,9.8064,-0.3715,0.1925,-0.1421,-15.25,-34,25,307.4,-84.79,163.32
52.416927,-1.558136,171.69,8.52,2,150.85,21 / 21,2611430,2019-09-06 18:59:38:112,-1.6092,1.6442,8.8799,-0.0247,0.0683,9.8064,-0.3233,0.0177,0.0309,-14.44,-34,24.94,302.71,-85.19,156.87
52.416927,-1.558136,171.69,8.52,2,150.85,21 / 21,2611528,2019-09-06 18:59:38:210,-1.4145,-0.6471,10.6228,-0.0286,0.0305,9.8066,0.0019,-0.0163,-0.0284,-13.31,-34.12,24.94,303.01,-85.3,155.35
52.416927,-1.558136,171.69,8.52,2,150.85,21 / 21,2611628,2019-09-06 18:59:38:310,-0.5134,-0.958,10.8948,-0.0233,0.0401,9.8065,0.0279,-0.0165,-0.0163,-12.81,-34.44,23.69,300.63,-85.47,154.02
52.416927,-1.558136,171.69,8.52,2,150.85,21 / 21,2611728,2019-09-06 18:59:38:410,0.4214,0.1148,10.1301,0.0091,0.0462,9.8064,0.0888,0.0156,-0.0296,-12.25,-34.12,23.75,297.17,-85.35,149.07
52.416927,-1.558136,171.69,8.52,2,150.85,21 / 21,2611829,2019-09-06 18:59:38:511,0.5438,0.3855,9.9016,0.0291,-0.019,9.8065,0.0929,0.0018,-0.09,-12.56,-34.12,23.5,293.74,-84.77,148.26
52.416927,-1.558136,171.69,8.52,2,150.85,21 / 21,2611929,2019-09-06 18:59:38:611,-0.553,1.5806,10.0076,-0.0137,0.0206,9.8066,0.0502,-0.0595,-0.0025,-12.19,-34.62,23.75,295.18,-84.85,147.94
52.416927,-1.558136,171.69,8.52,2,150.85,21 / 21,2612029,2019-09-06 18:59:38:711,1.1658,0.7931,9.0192,0.029,0.0026,9.8065,0.0048,0.0663,-0.1038,-12.06,-34.75,23.75,290.38,-84.74,143.49
52.416927,-1.558136,171.69,8.52,2,150.85,21 / 21,2612129,2019-09-06 18:59:38:811,0.0316,0.1618,9.4692,0.0332,-0.0172,9.8066,-0.1306,0.0798,-0.0783,-11.37,-35.19,23.31,287.75,-84.76,140.26
52.416927,-1.558136,171.69,8.52,2,150.85,21 / 21,2612229,2019-09-06 18:59:38:911,-0.1176,-0.1751,9.0643,-0.0051,0.0291,9.8065,-0.0607,-0.0716,0.0921,-12.06,-35.44,23.69,285.87,-84.92,138.9
52.416927,-1.558136,171.69,8.52,2,150.85,21 / 21,2612329,2019-09-06 18:59:39:011,1.6614,0.3299,10.123,-0.0289,0.0376,9.8065,0.0446,-0.2046,0.0687,-11.94,-34.19,23.69,282.78,-85.07,135.51
52.416927,-1.558136,171.69,8.52,2,150.85,20 / 20,2612429,2019-09-06 18:59:39:111,-0.2371,0.7086,8.6358,-0.0142,-0.0185,9.8066,-0.0607,0.0101,-0.0297,-11.31,-33.81,23.69,285.85,-84.93,136.84
52.416927,-1.558136,171.69,8.52,2,150.85,20 / 20,2612529,2019-09-06 18:59:39:211,-1.617,2.7082,8.9262,-0.0572,0.0601,9.8062,-0.4091,0.0024,-0.0207,-11.37,-33.94,23.69,284.35,-85.15,135.1
52.416927,-1.558136,171.69,8.52,2,150.85,20 / 20,2612629,2019-09-06 18:59:39:311,-0.8607,3.7456,8.6416,-0.0407,0.0244,9.8064,0.3105,0.1058,0.0801,-10.5,-33.25,23.19,287.37,-85.2,136.98
52.416927,-1.558136,171.69,8.52,2,150.85,20 / 20,2612728,2019-09-06 18:59:39:410,1.4476,-0.4294,9.5568,0.0019,0.0166,9.8066,0.2482,0.0409,0.0646,-10.81,-32.44,22.94,286.99,-85.37,138.18
52.416927,-1.558136,171.69,8.52,2,150.85,20 / 20,2612829,2019-09-06 18:59:39:511,-2.262,-1.5868,9.4325,-0.0349,0.0456,9.8064,-0.1418,-0.196,0.0506,-10.94,-32.25,21.88,281.62,-85.71,133.7
52.416927,-1.558136,171.69,8.52,2,150.85,20 / 20,2612929,2019-09-06 18:59:39:611,-1.3322,0.8268,9.4793,-0.0014,-0.0158,9.8066,0.0047,-0.0351,-0.0114,-11.31,-32.87,21.5,280.7,-85.76,132.91
52.416927,-1.558136,171.69,8.52,2,150.85,20 / 20,2613028,2019-09-06 18:59:39:710,-1.4646,-0.1952,8.9986,-0.0079,0.0076,9.8066,-0.0352,0.0769,-0.0799,-12.44,-33.31,21,275.55,-85.8,131.04
52.416927,-1.558136,171.69,8.52,2,150.85,20 / 20,2613128,2019-09-06 18:59:39:810,-2.0218,1.5939,10.0664,0.0059,-0.008,9.8066,0.013,-0.09,0.0723,-12,-34.44,21.38,275.8,-85.75,131.53
52.416927,-1.558136,171.69,8.52,2,150.85,20 / 20,2613228,2019-09-06 18:59:39:910,-0.7549,1.9695,10.8516,0.0001,-0.0118,9.8066,0.1832,0.0618,-0.0923,-13.25,-34.69,21.56,275.22,-85.67,131.73
52.416927,-1.558136,171.69,8.52,2,150.85,20 / 20,2613328,2019-09-06 18:59:40:010,-1.1901,0.1536,10.4683,-0.0259,-0.002,9.8065,0.049,-0.0724,0.0949,-12.37,-35,22.44,279.49,-85.65,134.14
52.416927,-1.558136,171.69,8.52,2,150.85,20 / 21,2613429,2019-09-06 18:59:40:111,0.0122,-0.0874,9.7903,-0.0216,0.0412,9.8065,0.0298,-0.0908,0.0515,-12.94,-34.44,22.19,278.49,-85.8,134.63
52.416927,-1.558136,171.69,8.52,2,150.85,20 / 21,2613528,2019-09-06 18:59:40:210,-0.8628,0.1109,9.751,0.0353,-0.0328,9.8065,0.1281,0.0846,-0.1043,-12.75,-34.81,23.31,280.99,-85.65,136.18
52.416927,-1.558136,171.69,8.52,2,150.85,20 / 21,2613628,2019-09-06 18:59:40:310,0.0015,-0.7881,9.6911,0.0195,-0.0138,9.8066,-0.1795,-0.046,0.0838,-12.81,-33.56,23.25,279.43,-85.78,134.3
52.416927,-1.558136,171.69,8.52,2,150.85,20 / 21,2613729,2019-09-06 18:59:40:411,-1.8914,-0.6417,9.6851,0.021,0.0153,9.8065,-0.3101,-0.1589,-0.0399,-11.87,-33.94,23.5,275.74,-85.58,127.91
52.416927,-1.558136,171.69,8.52,2,150.85,20 / 21,2613829,2019-09-06 18:59:40:511,-1.6719,1.343,9.0167,0.0197,-0.0144,9.8066,0.0197,-0.0742,-0.0341,-10.94,-34.06,22.88,274.75,-85.2,126.73
52.416927,-1.558136,171.69,8.52,2,150.85,20 / 21,2613929,2019-09-06 18:59:40:611,0.777,3.6615,10.2762,-0.008,0.0634,9.8063,-0.0899,0.1992,-0.1182,-11.19,-34.19,22.44,273.61,-84.89,127.28
52.416927,-1.558136,171.69,8.52,2,150.85,20 / 21,2614029,2019-09-06 18:59:40:711,-1.5358,-0.2747,9.7548,-0.0312,0.0612,9.8064,0.1442,0.078,-0.0529,-11,-35.06,22.5,271.6,-84.87,124.24
52.416927,-1.558136,171.69,8.52,2,150.85,20 / 21,2614128,2019-09-06 18:59:40:810,-1.6037,-0.1291,10.5604,0.0246,-0.0432,9.8065,0.1861,-0.1092,0.0716,-11.25,-34,22.5,276.69,-84.76,129.25
52.416927,-1.558136,171.69,8.52,2,150.85,20 / 21,2614228,2019-09-06 18:59:40:910,-1.7903,0.8483,9.6115,-0.003,-0.0092,9.8066,-0.1778,-0.0308,-0.0059,-10.62,-34.75,22.31,273.76,-84.92,127.59
52.416927,-1.558136,171.69,8.52,2,150.85,20 / 21,2614328,2019-09-06 18:59:41:010,-1.0198,1.9248,9.45,-0.0179,0.0267,9.8065,-0.0991,0.043,0.0167,-11.25,-34.56,22.06,271.31,-85.16,124.8
52.416927,-1.558136,171.69,8.52,2,150.85,20 / 20,2614430,2019-09-06 18:59:41:112,-1.2563,1.3424,10.0088,-0.0171,0.0129,9.8066,-0.0155,-0.0221,0.0092,-11.56,-35.44,20.75,264.88,-85.46,121.18
52.416927,-1.558136,171.69,8.52,2,150.85,20 / 20,2614528,2019-09-06 18:59:41:210,-1.1087,1.4652,9.6226,-0.0092,0.0154,9.8065,-0.0903,0.0036,-0.0542,-11.12,-34.81,21.94,264.69,-85.51,117.63
52.416927,-1.558136,171.69,8.52,2,150.85,20 / 20,2614629,2019-09-06 18:59:41:311,-1.6479,0.8264,9.4784,-0.01,0.0011,9.8066,0.0598,-0.0205,0.0628,-12.12,-35.62,21.63,263.16,-85.56,118.11
52.416927,-1.558136,171.69,8.52,2,150.85,20 / 20,2614729,2019-09-06 18:59:41:411,-1.4833,1.6117,10.0712,-0.0075,0.0192,9.8065,-0.006,-0.005,-0.0512,-11.06,-34.81,21.94,264,-85.53,116.9
52.416927,-1.558136,171.69,8.52,2,150.85,20 / 20,2614829,2019-09-06 18:59:41:511,-0.4114,1.8025,9.9579,-0.0151,0.0322,9.8065,0.0221,-0.0872,0.0358,-11.44,-34.25,21.63,263.66,-85.51,116.4
52.416927,-1.558136,171.69,8.52,2,150.85,20 / 20,2614929,2019-09-06 18:59:41:611,-1.7978,1.402,10.5833,-0.0002,-0.0148,9.8065,-0.0069,0.0634,0.0755,-10.75,-35.19,21.94,263.51,-85.59,116.32
52.416927,-1.558136,171.69,8.52,2,150.85,20 / 20,2615028,2019-09-06 18:59:41:710,0.5017,0.9343,10.0222,-0.0053,0.0206,9.8065,0.0835,0.0682,-0.0892,-10.87,-35.12,21.75,263.74,-85.63,116.5
52.416927,-1.558136,171.69,8.52,2,150.85,20 / 20,2615129,2019-09-06 18:59:41:811,-0.5424,-0.1692,9.9341,0.0259,-0.0905,9.8061,0.1515,-0.063,0.1023,-11.44,-35.25,22.13,269.45,-85.55,122.37
52.416927,-1.558136,171.69,8.52,2,150.85,20 / 20,2615229,2019-09-06 18:59:41:911,-1.4586,1.0186,9.7198,0.0401,-0.0849,9.8062,-0.157,-0.0013,-0.0399,-11.75,-35.12,22.19,270.98,-85.79,125.5
52.416927,-1.558136,171.69,8.52,2,150.85,20 / 20,2615329,2019-09-06 18:59:42:011,-1.3407,1.9561,9.3574,-0.0236,0.0208,9.8066,-0.1454,-0.0318,-0.0074,-11.25,-35.31,22.25,270.22,-85.88,122.67
52.416927,-1.558136,171.69,8.52,2,150.85,20 / 21,2615428,2019-09-06 18:59:42:110,-0.4244,1.945,10.1884,-0.0334,0.0032,9.8066,0.036,-0.0656,-0.0136,-11.56,-35.37,22.44,270.08,-86,124.3
52.416927,-1.558136,171.69,8.52,2,150.85,20 / 21,2615529,2019-09-06 18:59:42:211,-0.7084,1.0204,10.6697,-0.0103,0.0122,9.8065,0.0768,-0.0032,0.0188,-11.25,-35.37,22,268.71,-85.94,121.06
52.416927,-1.558136,171.69,8.52,2,150.85,20 / 21,2615628,2019-09-06 18:59:42:310,0.0802,0.3051,10.0952,-0.0141,0.0289,9.8066,0.1379,-0.0811,0.0618,-11.75,-35.31,22.06,265.18,-85.92,119.47
52.416927,-1.558136,171.69,8.52,2,150.85,20 / 21,2615729,2019-09-06 18:59:42:411,-0.9434,1.8813,10.3798,0.0321,-0.0535,9.8064,0.0056,-0.0362,0.0036,-10.94,-35.44,23.19,272.85,-85.6,124.47
52.416927,-1.558136,171.69,8.52,2,150.85,20 / 21,2615829,2019-09-06 18:59:42:511,-0.2304,1.6352,10.1548,0.0198,-0.0292,9.8066,0.0892,0.0043,-0.0321,-11.25,-35.56,22.19,272.69,-85.53,125.82
52.416927,-1.558136,171.69,8.52,2,150.85,20 / 21,2615928,2019-09-06 18:59:42:610,-0.86,1.9692,9.4798,-0.013,-0.0081,9.8066,-0.079,-0.0292,0.0462,-10.31,-35.06,22.69,275.09,-85.61,124.72
52.416927,-1.558136,171.69,8.52,2,150.85,20 / 21,2616028,2019-09-06 18:59:42:710,-0.8059,1.5892,10.1683,-0.0046,0.0178,9.8066,-0.0506,0.0578,-0.0114,-11.19,-35.62,22.13,269.22,-85.7,122.09
52.416927,-1.558136,171.69,8.52,2,150.85,20 / 21,2616129,2019-09-06 18:59:42:811,-1.0255,1.8767,9.8748,-0.0034,0.0237,9.8066,-0.0883,0.0733,0.0104,-10.44,-35.19,21.94,267.36,-85.73,118
52.416927,-1.558136,171.69,8.52,2,150.85,20 / 21,2616229,2019-09-06 18:59:42:911,-0.0455,1.6522,10.057,0.0093,0.0228,9.8065,-0.0223,0.0413,-0.0905,-11.12,-34.87,21.88,262.49,-85.59,115.28
52.416927,-1.558136,171.69,8.52,2,150.85,20 / 21,2616328,2019-09-06 18:59:43:010,-0.6844,1.456,10.0187,0.0022,-0.0128,9.8065,0.0361,0.0674,0.0036,-11,-35.12,22.13,263.06,-85.5,115.99
52.416927,-1.558136,171.69,8.52,2,150.85,21 / 21,2616428,2019-09-06 18:59:43:110,1.2588,1.3892,10.135,-0.0139,0.0074,9.8066,0.0745,0.0768,-0.0822,-11.31,-34.37,21.81,263.93,-85.51,116.67
52.416927,-1.558136,171.69,8.52,2,150.85,21 / 21,2616528,2019-09-06 18:59:43:210,-0.0885,1.6208,9.1412,0.0033,0.0118,9.8065,-0.1103,0.0527,0.0747,-11.25,-34.69,21.56,263.04,-85.42,116.07
52.416927,-1.558136,171.69,8.52,2,150.85,21 / 21,2616629,2019-09-06 18:59:43:311,-0.2825,1.6399,10.1116,-0.007,-0.0119,9.8066,-0.1632,0.0861,0.019,-12.19,-34.62,22.31,262.28,-85.57,117.03
52.416927,-1.558136,171.69,8.52,2,150.85,21 / 21,2616730,2019-09-06 18:59:43:412,0.1899,1.4425,9.6805,-0.0049,-0.007,9.8066,-0.0122,0.1139,0.0299,-12.12,-34.94,21.69,260.93,-85.69,115.47
52.416927,-1.558136,171.69,8.52,2,150.85,21 / 21,2616829,2019-09-06 18:59:43:511,-0.6931,1.8635,9.2774,0.0109,-0.0242,9.8065,-0.053,0.1135,0.0115,-12.37,-35.31,21.88,261.74,-85.76,116.21
52.416927,-1.558136,171.69,8.52,2,150.85,21 / 21,2616929,2019-09-06 18:59:43:611,0.0575,2.866,9.6719,-0.0193,0.0373,9.8065,0.09,0.0544,0.0581,-13.31,-35.19,21.81,259.68,-85.94,115.71
52.416927,-1.558136,171.69,8.52,2,150.85,21 / 21,2617029,2019-09-06 18:59:43:711,0.6175,1.1766,9.882,-0.0242,0.005,9.8066,0.0343,0.1898,0.0117,-13.69,-34.81,21.5,260.8,-86.02,118.54
52.416927,-1.558136,171.69,8.52,2,150.85,21 / 21,2617128,2019-09-06 18:59:43:810,0.7571,2.6393,9.9263,-0.0113,-0.0139,9.8066,-0.0293,0.211,0.008,-15.25,-34.81,21.31,259.87,-86.14,120.55
52.416927,-1.558136,171.69,8.52,2,150.85,21 / 21,2617229,2019-09-06 18:59:43:911,0.3403,1.1233,10.2442,-0.0332,-0.0161,9.8065,0.0505,0.1361,0.0601,-16.19,-34.69,21.25,259.91,-86.48,121.8
52.416927,-1.558136,171.69,8.52,2,150.85,21 / 21,2617329,2019-09-06 18:59:44:011,1.4951,2.3612,10.1425,-0.0012,0.0017,9.8066,-0.1294,0.0989,0.1138,-16.19,-34.19,21.69,262.95,-86.8,122.94
52.41624,-1.55754,172.2,8.42,2,143.08,20 / 21,2617429,2019-09-06 18:59:44:111,0.6292,1.2774,10.0455,-0.0037,-0.0415,9.8065,-0.1755,0.2578,-0.013,-16.56,-34.19,21.38,257.94,-87.05,120.55
52.41624,-1.55754,172.2,8.42,2,143.08,20 / 21,2617529,2019-09-06 18:59:44:211,0.9834,2.8855,10.3022,-0.0447,-0.0175,9.8065,0.0179,0.2708,0.0219,-15.81,-34.62,21.5,266.86,-87.62,125.94
52.41624,-1.55754,172.2,8.42,2,143.08,20 / 21,2617629,2019-09-06 18:59:44:311,-0.4256,2.1425,9.757,-0.0359,0.0022,9.8065,0.0511,0.1722,0.0739,-16.56,-34.5,21.25,268.62,-87.9,130.26
52.41624,-1.55754,172.2,8.42,2,143.08,20 / 21,2617729,2019-09-06 18:59:44:411,-0.7327,1.3319,9.5397,0.0031,-0.0176,9.8066,0.0255,0.1182,0.1079,-15.94,-34.56,20.88,275.67,-88.17,135.4
52.41624,-1.55754,172.2,8.42,2,143.08,20 / 21,2617829,2019-09-06 18:59:44:511,-1.5425,2.0913,9.85,-0.0012,-0.0237,9.8066,0.0395,0.2997,-0.0673,-16.81,-34,19.63,281.6,-88.28,144.14
52.41624,-1.55754,172.2,8.42,2,143.08,20 / 21,2617929,2019-09-06 18:59:44:611,-0.251,3.1129,9.7116,-0.0378,0.0362,9.8065,0.14,0.1442,0.1815,-17.12,-35,19.19,274.47,-88.61,138.19
52.41624,-1.55754,172.2,8.42,2,143.08,20 / 21,2618029,2019-09-06 18:59:44:711,-0.9075,3.3818,9.8315,-0.0675,0.0103,9.8064,-0.022,0.2562,0.0442,-16.69,-34.87,18.5,289.45,-88.8,152.82
52.41624,-1.55754,172.2,8.42,2,143.08,20 / 21,2618128,2019-09-06 18:59:44:810,0.7579,0.4932,10.1835,0.0068,-0.0375,9.8066,0.0539,0.2261,0.0295,-18.06,-35.69,19.5,314.85,-88.78,178
52.41624,-1.55754,172.2,8.42,2,143.08,20 / 21,2618228,2019-09-06 18:59:44:910,1.5227,0.8921,10.0712,-0.0123,0.0041,9.8066,0.1222,0.3134,-0.0499,-17.44,-34.87,19.56,322.96,-89.02,-175.89
52.41624,-1.55754,172.2,8.42,2,143.08,20 / 21,2618328,2019-09-06 18:59:45:010,1.3951,1.9438,9.7526,0.0032,-0.0216,9.8065,-0.198,0.263,0.0459,-18.44,-34.87,19,316.75,-89.23,-179.09
52.41624,-1.55754,172.2,8.42,2,143.08,21 / 21,2618429,2019-09-06 18:59:45:111,0.794,1.3629,9.4372,0.0087,-0.0271,9.8066,-0.1008,0.2052,0.0463,-18.94,-34.69,17.94,334.23,-89.26,-158.78
52.41624,-1.55754,172.2,8.42,2,143.08,21 / 21,2618529,2019-09-06 18:59:45:211,0.2975,1.0871,9.166,-0.0387,0.0069,9.8065,-0.0035,0.2719,-0.0139,-19.25,-33.5,17.31,5.15,-89.26,-126.76
52.41624,-1.55754,172.2,8.42,2,143.08,21 / 21,2618628,2019-09-06 18:59:45:310,1.1844,0.3605,10.0898,-0.031,0.006,9.8065,0.1137,0.2744,0.0458,-20.12,-34.06,17.06,10.06,-89.15,-120.5
52.41624,-1.55754,172.2,8.42,2,143.08,21 / 21,2618729,2019-09-06 18:59:45:411,2.2689,1.5337,9.6442,0.022,-0.0244,9.8065,-0.0825,0.2206,0.0134,-20.31,-33.81,15.63,1.56,-88.82,-127.14
52.41624,-1.55754,172.2,8.42,2,143.08,21 / 21,2618828,2019-09-06 18:59:45:510,0.4093,1.1801,9.4834,0.0104,-0.0133,9.8066,-0.0691,0.2373,0.0297,-20.81,-33.31,15.88,5.45,-88.76,-122
52.41624,-1.55754,172.2,8.42,2,143.08,21 / 21,2618928,2019-09-06 18:59:45:610,0.5178,1.3261,9.8427,-0.016,0.0093,9.8065,-0.0285,0.27,0.0121,-21.31,-33.5,15.38,10.57,-88.79,-115.25
52.41624,-1.55754,172.2,8.42,2,143.08,21 / 21,2619029,2019-09-06 18:59:45:711,-0.0396,1.4347,10.073,-0.0126,0.0008,9.8066,-0.0561,0.2348,0.0217,-21.94,-33.25,15.25,18.11,-88.81,-106.64
52.41624,-1.55754,172.2,8.42,2,143.08,21 / 21,2619128,2019-09-06 18:59:45:810,0.4699,1.6859,10.096,-0.0206,-0.0019,9.8066,0.0802,0.2104,0.0545,-21.56,-32.81,15.13,26.38,-88.62,-98.68
52.41624,-1.55754,172.2,8.42,2,143.08,21 / 21,2619229,2019-09-06 18:59:45:911,1.1776,1.0545,9.7296,-0.0169,-0.0037,9.8066,0.0231,0.1817,0.0382,-22,-33.87,15.38,26.47,-88.47,-98.69
52.41624,-1.55754,172.2,8.42,2,143.08,21 / 21,2619329,2019-09-06 18:59:46:011,1.4791,1.4681,9.2972,0.02,-0.0103,9.8066,0.0008,0.2833,-0.0118,-22,-33.37,14.56,22.45,-88.44,-102.58
52.41624,-1.55754,172.2,8.42,2,143.08,22 / 22,2619429,2019-09-06 18:59:46:111,0.4259,2.0544,10.1805,0.0245,-0.0246,9.8066,-0.0561,0.2926,-0.0044,-21.87,-34.06,13.81,13.62,-88.38,-109.35
52.41624,-1.55754,172.2,8.42,2,143.08,22 / 22,2619529,2019-09-06 18:59:46:211,-0.7555,2.1882,10.096,-0.004,0.0102,9.8066,-0.0559,0.3225,-0.0121,-22.12,-34.19,13.19,17.3,-88.49,-103.88
52.41624,-1.55754,172.2,8.42,2,143.08,22 / 22,2619629,2019-09-06 18:59:46:311,0.1346,2.654,10.3035,-0.0016,0.002,9.8066,-0.0478,0.3611,-0.0343,-21.87,-33.69,12.81,17.83,-88.59,-103.33
52.41624,-1.55754,172.2,8.42,2,143.08,22 / 22,2619729,2019-09-06 18:59:46:411,0.9928,3.1974,9.8073,-0.0007,0.0043,9.8066,0.0624,0.3277,-0.0633,-22,-34.5,11.44,10.49,-88.83,-106.37
52.41624,-1.55754,172.2,8.42,2,143.08,22 / 22,2619829,2019-09-06 18:59:46:511,0.7762,2.2896,9.1777,0.001,0.0151,9.8066,0.0538,0.2955,-0.007,-22.37,-34.12,11.5,9.65,-88.92,-109.21
52.41624,-1.55754,172.2,8.42,2,143.08,22 / 22,2619928,2019-09-06 18:59:46:610,-0.0048,2.3476,9.4728,-0.013,0.001,9.8066,-0.0158,0.3494,0.0569,-21.81,-34.25,10.88,2.46,-89,-114.16
52.41624,-1.55754,172.2,8.42,2,143.08,22 / 22,2620029,2019-09-06 18:59:46:711,1.0504,2.9663,9.6857,-0.0026,0.0086,9.8066,0.0203,0.3741,0.0045,-22.5,-33.87,9.75,1.15,-89.05,-113.32
52.41624,-1.55754,172.2,8.42,2,143.08,22 / 22,2620129,2019-09-06 18:59:46:811,0.1759,1.897,9.7104,-0.0013,0.0071,9.8066,0.1132,0.2742,0.0024,-21.81,-33.5,9.19,357.61,-89.11,-114.58
52.41624,-1.55754,172.2,8.42,2,143.08,22 / 22,2620228,2019-09-06 18:59:46:910,1.5166,2.5965,10.1846,-0.0114,0.0042,9.8066,0.1084,0.3603,-0.0668,-22.62,-33.87,8.75,359.69,-89.12,-111.67
52.41624,-1.55754,172.2,8.42,2,143.08,22 / 22,2620329,2019-09-06 18:59:47:011,-0.0209,1.271,10.1323,0.0367,-0.0179,9.8065,-0.1535,0.359,-0.005,-23.37,-33.37,7.06,359.41,-89.25,-107.51
52.41624,-1.55754,172.2,8.42,2,143.08,21 / 21,2620429,2019-09-06 18:59:47:111,1.5356,2.8758,9.8746,0.0316,-0.0396,9.8065,-0.0095,0.3285,0.0505,-23.56,-32.56,7.63,355.05,-89,-113.27
52.41624,-1.55754,172.2,8.42,2,143.08,21 / 21,2620529,2019-09-06 18:59:47:211,-1.8126,-0.173,9.7893,-0.0396,0.0043,9.8065,-0.1158,0.3385,-0.0752,-24.62,-33.56,6.56,6.48,-88.84,-99.33
52.41624,-1.55754,172.2,8.42,2,143.08,21 / 21,2620629,2019-09-06 18:59:47:311,0.4554,0.8745,8.863,-0.0214,0.0353,9.8065,-0.0129,0.2505,-0.0744,-25.12,-33.06,6.44,3.58,-89.14,-99.99
52.41624,-1.55754,172.2,8.42,2,143.08,21 / 21,2620729,2019-09-06 18:59:47:411,-1.4087,1.533,9.7833,-0.0205,0.0477,9.8065,0.0279,0.1758,-0.127,-24.37,-33.87,6.94,354.61,-89.58,-111.6
52.41624,-1.55754,172.2,8.42,2,143.08,21 / 21,2620828,2019-09-06 18:59:47:510,-1.5293,2.8805,10.762,-0.0657,0.0564,9.8062,0.0482,0.1735,-0.1095,-24.25,-34.25,6.13,145.95,-89.5,41.52
52.41624,-1.55754,172.2,8.42,2,143.08,21 / 21,2620929,2019-09-06 18:59:47:611,0.0806,0.2636,9.6882,0.029,0.0002,9.8066,-0.061,0.175,0.1197,-23,-33.56,5.94,160,-89.31,55.04
52.41624,-1.55754,172.2,8.42,2,143.08,21 / 21,2621029,2019-09-06 18:59:47:711,-0.9446,1.1673,10.402,0.0485,-0.0275,9.8065,-0.0021,0.238,-0.0173,-22.56,-33.81,4.5,151.55,-89.41,48.88
52.41624,-1.55754,172.2,8.42,2,143.08,21 / 21,2621129,2019-09-06 18:59:47:811,-0.0966,0.0893,9.7512,0.0351,0.0287,9.8065,-0.0933,0.0964,-0.1394,-23.12,-34.19,4.25,178.44,-89.2,78.54
52.41624,-1.55754,172.2,8.42,2,143.08,21 / 21,2621229,2019-09-06 18:59:47:911,-0.6014,2.1352,10.1125,0.0591,0.0402,9.8063,0.143,0.102,0.0433,-21.69,-34.31,3.81,196.03,-88.68,96.27
52.41624,-1.55754,172.2,8.42,2,143.08,21 / 21,2621329,2019-09-06 18:59:48:011,-0.2427,2.2656,10.3113,0.0033,-0.0123,9.8066,0.0451,0.1935,-0.0699,-22.12,-34.44,4.19,202.44,-88.47,103.01
52.41624,-1.55754,172.2,8.42,2,143.08,20 / 21,2621429,2019-09-06 18:59:48:111,-1.0094,0.2958,10.117,-0.0231,-0.0059,9.8066,0.0632,0.1003,0.0719,-23.62,-33.75,2.88,200.78,-88.6,104.35
52.41624,-1.55754,172.2,8.42,2,143.08,20 / 21,2621528,2019-09-06 18:59:48:210,-0.7553,-0.1716,10.1341,0.0066,-0.0115,9.8066,-0.0667,0.1082,0.0607,-23.56,-32.81,3.31,205.52,-88.88,109.05
52.41624,-1.55754,172.2,8.42,2,143.08,20 / 21,2621629,2019-09-06 18:59:48:311,-1.361,-0.4093,9.3565,0.0324,-0.0125,9.8065,-0.0938,0.0779,0.0168,-24.19,-33.19,3.31,208.54,-88.93,112.11
52.41624,-1.55754,172.2,8.42,2,143.08,20 / 21,2621729,2019-09-06 18:59:48:411,-0.8469,-0.2645,9.3711,-0.0064,0.0069,9.8066,-0.0221,0.0744,-0.0248,-25.25,-33.62,3.69,206.28,-89,107.78
52.41624,-1.55754,172.2,8.42,2,143.08,20 / 21,2621829,2019-09-06 18:59:48:511,-1.5034,-0.6588,9.3111,-0.0111,0.0124,9.8066,-0.0109,-0.0098,0.0645,-24.12,-33,4.38,199.69,-88.9,100.73
52.41624,-1.55754,172.2,8.42,2,143.08,20 / 21,2621929,2019-09-06 18:59:48:611,-2.2542,0.1838,9.7326,-0.0226,0.0221,9.8066,-0.0325,-0.0077,-0.0293,-23.75,-33.5,4.5,199.04,-88.9,97.75
52.41624,-1.55754,172.2,8.42,2,143.08,20 / 21,2622029,2019-09-06 18:59:48:711,-2.0543,0.5763,9.9844,-0.0107,0.0075,9.8066,-0.0125,-0.0343,-0.0044,-23.25,-33.81,4.94,184.46,-88.69,82.34
52.41624,-1.55754,172.2,8.42,2,143.08,20 / 21,2622129,2019-09-06 18:59:48:811,-1.5446,-0.099,10.1131,-0.0166,0.0041,9.8066,-0.0261,-0.0083,0.0105,-22.37,-33.31,4.94,176.72,-88.61,73.8
52.41624,-1.55754,172.2,8.42,2,143.08,20 / 21,2622228,2019-09-06 18:59:48:910,-1.7098,-0.2934,9.7536,-0.0024,-0.0021,9.8066,-0.0184,-0.0278,0.0138,-20.75,-34.12,5.75,177.39,-88.59,71.35
52.41624,-1.55754,172.2,8.42,2,143.08,20 / 21,2622329,2019-09-06 18:59:49:011,-1.7812,-0.477,10.158,0.0034,-0.0023,9.8066,0.023,-0.0218,-0.0378,-20.56,-33.62,5.63,176.56,-88.62,70.49
52.41624,-1.55754,172.2,8.42,2,143.08,21 / 21,2622429,2019-09-06 18:59:49:111,-1.5037,-0.2478,10.0117,-0.0018,0.0074,9.8066,0.0497,-0.0479,0.0165,-19.12,-32.87,5.63,177.98,-88.52,70.37
52.41624,-1.55754,172.2,8.42,2,143.08,21 / 21,2622529,2019-09-06 18:59:49:211,-1.2011,-0.1774,9.8718,0.001,-0.006,9.8066,-0.0141,-0.0752,0.0045,-18.62,-32.62,5.75,179.46,-88.58,71.91
52.41624,-1.55754,172.2,8.42,2,143.08,21 / 21,2622628,2019-09-06 18:59:49:310,-1.2367,-1.0624,9.8332,0.0006,-0.0065,9.8066,-0.0097,-0.0993,0.0371,-18.44,-32.5,4,173.88,-88.64,71.1
52.41624,-1.55754,172.2,8.42,2,143.08,21 / 21,2622729,2019-09-06 18:59:49:411,-0.5009,-1.5518,9.8658,-0.0009,-0.0085,9.8065,0.0236,-0.1518,0.012,-18.25,-32.25,2.75,169.07,-88.77,69.2
52.41624,-1.55754,172.2,8.42,2,143.08,21 / 21,2622828,2019-09-06 18:59:49:510,-0.2671,-1.3105,9.4545,-0.009,-0.001,9.8066,0.015,-0.1759,0.0158,-19.37,-32,2.69,167.9,-88.81,68.51
52.41624,-1.55754,172.2,8.42,2,143.08,21 / 21,2622929,2019-09-06 18:59:49:611,-0.0353,-2.0404,9.4319,-0.0003,-0.0006,9.8066,-0.0382,-0.2067,0.001,-21.12,-33,2.06,163.03,-88.84,67.06
52.41624,-1.55754,172.2,8.42,2,143.08,21 / 21,2623029,2019-09-06 18:59:49:711,0.0668,-1.8193,9.566,-0.0104,0.0017,9.8066,-0.0084,-0.2079,0.0104,-23.06,-33.31,2.5,160.54,-88.78,62.54
52.41624,-1.55754,172.2,8.42,2,143.08,21 / 21,2623129,2019-09-06 18:59:49:811,0.0227,-1.4416,9.7736,-0.01,0.0076,9.8066,0.0236,-0.2446,-0.0088,-23.75,-32.81,3.63,159.98,-88.66,59.9
52.41624,-1.55754,172.2,8.42,2,143.08,21 / 21,2623229,2019-09-06 18:59:49:911,-0.2374,-1.4637,9.7718,-0.0073,0.0033,9.8066,0.0011,-0.2711,-0.0008,-24.06,-33.75,5.69,163.92,-88.61,59.36
52.41624,-1.55754,172.2,8.42,2,143.08,21 / 21,2623328,2019-09-06 18:59:50:010,0.4074,-1.8904,9.5455,-0.0058,0.0033,9.8066,-0.0119,-0.2339,-0.0168,-23.75,-33.5,6.44,162.41,-88.53,57.78
52.41624,-1.55754,172.2,8.42,2,143.08,20 / 21,2623428,2019-09-06 18:59:50:110,0.5465,-1.8807,9.3313,-0.0115,0.0119,9.8066,0.0293,-0.2287,-0.0024,-23.87,-33.44,7.69,164.57,-88.42,55.6
52.41624,-1.55754,172.2,8.42,2,143.08,20 / 21,2623529,2019-09-06 18:59:50:211,0.1546,-1.768,9.4946,-0.0011,-0.0026,9.8066,-0.0596,-0.2251,-0.0283,-22.81,-33.62,8.25,163.61,-88.27,53.76
52.41624,-1.55754,172.2,8.42,2,143.08,20 / 21,2623628,2019-09-06 18:59:50:310,0.3212,-1.7442,9.8748,0.0065,0.0098,9.8066,-0.0605,-0.2832,0.0033,-21.75,-33.75,8.94,166.2,-88.16,53.33
52.41624,-1.55754,172.2,8.42,2,143.08,20 / 21,2623729,2019-09-06 18:59:50:411,0.4017,-1.4332,9.1604,-0.024,0.0183,9.8066,0.0157,-0.2056,-0.0054,-21.44,-33.94,8.13,160.35,-87.98,48.48
52.41624,-1.55754,172.2,8.42,2,143.08,20 / 21,2623828,2019-09-06 18:59:50:510,-0.1214,-1.6023,9.706,-0.0161,0.0013,9.8066,0.0362,-0.1931,-0.0075,-20.62,-32.94,8.31,158.01,-87.88,46.01
52.41624,-1.55754,172.2,8.42,2,143.08,20 / 21,2623929,2019-09-06 18:59:50:611,0.214,-1.1588,9.7346,0.0169,-0.009,9.8066,-0.0665,-0.2035,-0.0045,-21.37,-33.44,7.25,156.44,-87.86,46.74
52.41624,-1.55754,172.2,8.42,2,143.08,20 / 21,2624028,2019-09-06 18:59:50:710,-0.3211,-1.0794,9.666,0.022,-0.0156,9.8065,-0.0234,-0.1751,-0.0032,-21.81,-33.37,7.88,156.74,-87.87,45.59
52.41624,-1.55754,172.2,8.42,2,143.08,20 / 21,2624129,2019-09-06 18:59:50:811,-0.3571,-1.4509,9.8635,-0.0232,-0.0068,9.8065,0.0213,-0.1944,0.0002,-23.5,-33.12,8.31,155.32,-87.93,44.99
52.41624,-1.55754,172.2,8.42,2,143.08,20 / 21,2624229,2019-09-06 18:59:50:911,-0.1702,-1.6865,9.7387,-0.0221,-0.0017,9.8066,0.0537,-0.2109,0.0305,-23.12,-32.44,10.13,153.73,-87.97,39.1
52.41624,-1.55754,172.2,8.42,2,143.08,20 / 21,2624328,2019-09-06 18:59:51:010,0.4863,-1.2074,9.4776,0.0181,-0.0058,9.8066,0.0048,-0.1496,0.0138,-23.06,-32.56,10.25,156.39,-88.13,41.92
52.41624,-1.55754,172.2,8.42,2,143.08,21 / 21,2624429,2019-09-06 18:59:51:111,-0.0239,-1.117,9.646,0.0114,-0.0184,9.8065,0.0272,-0.1739,0.0237,-23,-32.5,11.25,156.44,-88.21,40
52.41624,-1.55754,172.2,8.42,2,143.08,21 / 21,2624529,2019-09-06 18:59:51:211,-0.1883,-0.6439,10.0687,-0.008,-0.0164,9.8066,-0.0272,-0.1464,0.0074,-22.5,-33.25,11.06,154.23,-88.34,36.7
52.41624,-1.55754,172.2,8.42,2,143.08,21 / 21,2624628,2019-09-06 18:59:51:310,0.0022,-1.7578,10.2066,-0.0126,-0.011,9.8066,0.0336,-0.1961,0.0763,-23.25,-32.31,10.56,145.45,-88.48,28.81
52.41624,-1.55754,172.2,8.42,2,143.08,21 / 21,2624729,2019-09-06 18:59:51:411,0.6131,-1.5031,9.3865,0.013,-0.0058,9.8066,-0.0501,-0.1519,-0.0114,-22.75,-32.37,11.44,138.11,-88.74,21.5
52.41624,-1.55754,172.2,8.42,2,143.08,21 / 21,2624829,2019-09-06 18:59:51:511,-0.5186,-2.183,9.3465,0.0175,-0.0023,9.8066,-0.0539,-0.1503,-0.0181,-22.31,-33.75,12,141.96,-88.7,22.28
52.41624,-1.55754,172.2,8.42,2,143.08,21 / 21,2624928,2019-09-06 18:59:51:610,-0.0483,-2.7162,9.5069,-0.0018,0.0196,9.8065,0.0623,-0.2094,0.0201,-19.94,-33.94,13,157.13,-88.46,33.26
52.41624,-1.55754,172.2,8.42,2,143.08,21 / 21,2625028,2019-09-06 18:59:51:710,1.1962,1.7245,9.9705,0.0009,-0.0113,9.8066,-0.1221,0.0171,-0.0671,-18.75,-33.75,14.06,162.08,-88.53,35.05
52.41624,-1.55754,172.2,8.42,2,143.08,21 / 21,2625128,2019-09-06 18:59:51:810,-1.1004,-2.8098,9.8188,-0.0239,-0.0148,9.8066,0.0619,0.0236,-0.1036,-18,-33.87,13.69,162.2,-88.53,33.66
52.41624,-1.55754,172.2,8.42,2,143.08,21 / 21,2625229,2019-09-06 18:59:51:911,0.3935,-2.0863,9.8276,-0.0029,0.0124,9.8066,-0.0518,0.0363,-0.0638,-17.44,-32.94,16.06,167.57,-88.63,33.89
52.41624,-1.55754,172.2,8.42,2,143.08,21 / 21,2625329,2019-09-06 18:59:52:011,1.7669,-2.0486,10.1646,0.0422,-0.0251,9.8065,0.083,-0.2164,0.029,-19.19,-32.37,17.63,181.85,-88.93,48.44
52.41624,-1.55754,172.2,8.42,2,143.08,20 / 21,2625429,2019-09-06 18:59:52:111,1.1609,-1.792,9.9254,0.0288,-0.0374,9.8065,0.1348,-0.1052,-0.0247,-22.06,-31.75,17.5,174.69,-88.81,45.28
52.41624,-1.55754,172.2,8.42,2,143.08,20 / 21,2625533,2019-09-06 18:59:52:215,0.7496,-1.8407,9.8684,-0.0304,-0.0097,9.8066,-0.0851,-0.1476,0.1422,-24.25,-31.87,14.88,166.98,-89.13,44.76
52.41624,-1.55754,172.2,8.42,2,143.08,20 / 21,2625628,2019-09-06 18:59:52:310,1.3092,-1.9105,10.1094,0.0008,-0.0149,9.8066,-0.0947,-0.0725,-0.0127,-24.25,-32.56,12.75,142.47,-89.27,23.49
52.41624,-1.55754,172.2,8.42,2,143.08,20 / 21,2625729,2019-09-06 18:59:52:411,-0.3513,-1.1977,10.0906,0.0376,-0.0336,9.8065,0.0307,-0.0543,0.0003,-23.06,-33.12,12.69,135.3,-89.53,15.41
52.41624,-1.55754,172.2,8.42,2,143.08,20 / 21,2625830,2019-09-06 18:59:52:512,1.8687,-0.9109,9.8303,-0.0111,-0.0003,9.8066,0.1174,-0.0986,0.0119,-22.19,-33.37,12.94,146.74,-89.58,25.86
52.41624,-1.55754,172.2,8.42,2,143.08,20 / 21,2625929,2019-09-06 18:59:52:611,2.5648,-1.7561,9.8358,-0.0082,0.0069,9.8066,0.1222,-0.0253,-0.0683,-23,-33.69,13.13,184.67,-89.75,65.22
52.41624,-1.55754,172.2,8.42,2,143.08,20 / 21,2626029,2019-09-06 18:59:52:711,1.0878,-1.4365,9.812,0.0285,-0.0144,9.8065,0.1168,-0.0371,0.0304,-23.25,-33.25,14,211.17,-89.75,90
52.41624,-1.55754,172.2,8.42,2,143.08,20 / 21,2626129,2019-09-06 18:59:52:811,0.7163,-1.1824,10.1953,0.0013,0.0054,9.8066,0.0324,-0.0274,-0.0441,-24.31,-33.31,14.88,218.66,-89.69,96.89
52.41624,-1.55754,172.2,8.42,2,143.08,20 / 21,2626229,2019-09-06 18:59:52:911,0.9963,-1.3031,9.8353,0.0016,-0.0042,9.8066,-0.0101,-0.05,-0.0124,-23.37,-32.75,16.38,201.39,-89.53,76.77
52.41624,-1.55754,172.2,8.42,2,143.08,20 / 21,2626330,2019-09-06 18:59:53:012,1.2739,-0.9794,9.8643,0.002,0.0012,9.8066,0.0653,0.0032,0.0232,-22.19,-31.5,17.31,205.11,-89.52,77.64
52.41608,-1.55677,170.98,8.73,2,117.56,21 / 22,2626429,2019-09-06 18:59:53:111,0.4202,-0.4896,9.6342,0.0042,0.0046,9.8066,0.0094,0.0083,-0.0196,-20.12,-30.87,17.56,212.82,-89.57,81.1
52.41608,-1.55677,170.98,8.73,2,117.56,21 / 22,2626529,2019-09-06 18:59:53:211,1.8234,-1.2205,9.4995,-0.0037,0.0089,9.8066,-0.0395,0.0166,0.0135,-18.62,-31.87,16.56,216.13,-89.52,84.67
52.41608,-1.55677,170.98,8.73,2,117.56,21 / 22,2626628,2019-09-06 18:59:53:310,1.6247,-0.512,9.2262,-0.0066,0.0186,9.8066,-0.0414,-0.0032,-0.0443,-18.44,-32.5,14.88,205.42,-89.35,75.99
52.41608,-1.55677,170.98,8.73,2,117.56,21 / 22,2626729,2019-09-06 18:59:53:411,0.7602,-1.191,10.5127,-0.0174,0.0294,9.8065,0.0442,0.0549,-0.0348,-19,-34.12,14.63,200.34,-89.28,72.4
52.41608,-1.55677,170.98,8.73,2,117.56,21 / 22,2626828,2019-09-06 18:59:53:510,0.469,0.0383,10.0987,0.0214,-0.0085,9.8066,0.1102,0.0013,-0.0008,-20.06,-33.56,14.56,200.3,-89.27,73.77
52.41608,-1.55677,170.98,8.73,2,117.56,21 / 22,2626929,2019-09-06 18:59:53:611,2.6744,-1.6885,9.9848,0.0179,-0.0009,9.8066,0.0939,0.0349,0.0102,-19.69,-34.12,14.75,217.28,-89.23,91.04
52.41608,-1.55677,170.98,8.73,2,117.56,21 / 22,2627028,2019-09-06 18:59:53:710,0.7158,0.4982,9.7957,-0.0029,-0.0115,9.8066,-0.0197,0.0722,-0.0379,-19.94,-33.94,15.56,229.5,-89.3,101.55
52.41608,-1.55677,170.98,8.73,2,117.56,21 / 22,2627130,2019-09-06 18:59:53:812,0.2393,-0.9314,10.1953,0.0079,-0.0043,9.8066,-0.0601,0.0478,-0.0075,-19.81,-34.56,15.31,233.55,-89.28,107.49
52.41608,-1.55677,170.98,8.73,2,117.56,21 / 22,2627229,2019-09-06 18:59:53:911,1.5213,-1.2637,9.7551,0.0176,-0.0155,9.8066,-0.0878,0.0436,-0.0293,-19.62,-34,15.44,245.28,-89.17,119.44
52.41608,-1.55677,170.98,8.73,2,117.56,21 / 22,2627329,2019-09-06 18:59:54:011,-0.4555,0.1442,10.1805,0.0229,-0.0029,9.8066,-0.0114,0.0201,-0.0086,-19.5,-34.25,15.63,253.35,-89.05,124.49
52.41608,-1.55677,170.98,8.73,2,117.56,21 / 21,2627429,2019-09-06 18:59:54:111,0.4903,0.3769,9.5999,-0.0037,0.0189,9.8065,0.047,-0.0377,-0.0027,-19.69,-33.94,15.75,255.12,-88.9,127.88
52.41608,-1.55677,170.98,8.73,2,117.56,21 / 21,2627529,2019-09-06 18:59:54:211,1.3758,-1.1004,9.7488,-0.0124,0.0111,9.8066,0.0932,0.028,-0.0562,-20.06,-34.25,15.38,249.91,-88.85,124.5
52.41608,-1.55677,170.98,8.73,2,117.56,21 / 21,2627629,2019-09-06 18:59:54:311,1.1082,-1.2127,9.3578,-0.0144,0.0299,9.8065,0.1083,0.0656,0.0178,-19.5,-34.69,15.44,237.11,-88.75,110.33
52.41608,-1.55677,170.98,8.73,2,117.56,21 / 21,2627729,2019-09-06 18:59:54:411,1.0952,-0.5791,9.7364,-0.0176,0.0136,9.8066,-0.0515,-0.0053,-0.0724,-19.81,-34.12,14.75,231.88,-88.7,106.39
52.41608,-1.55677,170.98,8.73,2,117.56,21 / 21,2627828,2019-09-06 18:59:54:510,1.0778,-0.5642,9.7617,0.0184,-0.0044,9.8065,0.0036,0.0174,-0.0209,-19.69,-34.62,14.69,230.43,-88.5,105.17
52.41608,-1.55677,170.98,8.73,2,117.56,21 / 21,2627928,2019-09-06 18:59:54:610,-1.1381,0.8788,9.8173,0.0099,0.0006,9.8066,0.0626,0.0712,-0.0163,-19.75,-34.25,14.19,225.98,-88.44,102.53
52.41608,-1.55677,170.98,8.73,2,117.56,21 / 21,2628029,2019-09-06 18:59:54:711,0.3639,-0.932,9.6369,0.0065,-0.0021,9.8066,-0.0846,0.011,0.0013,-20.81,-34.5,14.5,225.25,-88.4,101.19
52.41608,-1.55677,170.98,8.73,2,117.56,21 / 21,2628128,2019-09-06 18:59:54:810,0.1196,0.0602,9.873,-0.006,0.0036,9.8066,-0.0407,0.0197,-0.0051,-20.56,-33.19,14.75,223.51,-88.38,99.39
52.41608,-1.55677,170.98,8.73,2,117.56,21 / 21,2628229,2019-09-06 18:59:54:911,0.3669,-0.0194,9.4722,0.0165,-0.0109,9.8065,-0.0946,-0.0704,0.0368,-20.87,-33.31,14.5,225.96,-88.37,101.91
52.41608,-1.55677,170.98,8.73,2,117.56,21 / 21,2628328,2019-09-06 18:59:55:010,1.1253,-0.4085,9.403,0.0187,-0.0184,9.8066,0.0449,0.0247,-0.0241,-21.37,-32.87,14.81,226.57,-88.51,102.41
52.41608,-1.55677,170.98,8.73,2,117.56,21 / 21,2628428,2019-09-06 18:59:55:110,0.7972,-0.4811,9.2881,-0.0104,0,9.8066,-0.1144,0.0206,0.0177,-20.12,-33.25,15.13,230.4,-88.54,105.01
52.41608,-1.55677,170.98,8.73,2,117.56,21 / 21,2628528,2019-09-06 18:59:55:210,0.5228,0.32,9.819,0.0005,-0.0049,9.8066,-0.0927,0.0237,0.0728,-19.81,-34.44,15.56,235.74,-88.56,108.65
52.41608,-1.55677,170.98,8.73,2,117.56,21 / 21,2628628,2019-09-06 18:59:55:310,1.7091,-0.422,9.3852,-0.019,0.0128,9.8065,0.0486,0.025,-0.0019,-20,-33.81,15.06,241.15,-88.66,115.87
52.41608,-1.55677,170.98,8.73,2,117.56,21 / 21,2628729,2019-09-06 18:59:55:411,0.0157,0.0112,10.4019,-0.0045,-0.0074,9.8066,0.0581,-0.0047,0.0035,-20.31,-34.37,15.31,238.43,-88.79,112.95
52.41608,-1.55677,170.98,8.73,2,117.56,21 / 21,2628828,2019-09-06 18:59:55:510,0.2422,-0.1492,9.6784,0.0305,-0.0197,9.8065,-0.0972,0.0145,0.0077,-20.75,-33.87,15,247.89,-88.74,123.88
52.41608,-1.55677,170.98,8.73,2,117.56,21 / 21,2628928,2019-09-06 18:59:55:610,-0.0202,-0.0447,9.9777,0.0289,-0.0343,9.8065,0.0067,0.0365,0.0227,-20.69,-33.12,14.81,251.96,-88.79,127.89
52.41608,-1.55677,170.98,8.73,2,117.56,21 / 21,2629028,2019-09-06 18:59:55:710,-0.0688,-1.3989,9.102,-0.0172,-0.0089,9.8066,-0.0696,0.1051,-0.0614,-21,-31.69,14.25,252.88,-88.9,130.53
52.41608,-1.55677,170.98,8.73,2,117.56,21 / 21,2629128,2019-09-06 18:59:55:810,0.9756,-1.4501,9.9211,-0.03,0.0078,9.8065,0.0138,0.0054,-0.0002,-19.87,-30.62,13.81,256.32,-88.91,132.67
52.41608,-1.55677,170.98,8.73,2,117.56,21 / 21,2629229,2019-09-06 18:59:55:911,0.9898,-0.6738,9.4679,0.0353,-0.0324,9.8065,-0.11,-0.1889,0.1386,-19.87,-30.62,14.31,259.81,-88.89,136.21
52.41608,-1.55677,170.98,8.73,2,117.56,21 / 21,2629329,2019-09-06 18:59:56:011,-0.8941,0.1112,8.439,0.0432,-0.0277,9.8065,0.1791,-0.0324,0.0063,-20.37,-30.5,13.81,275.87,-88.84,152.3
52.41608,-1.55677,170.98,8.73,2,117.56,21 / 21,2629428,2019-09-06 18:59:56:110,-0.4379,0.7927,8.9842,-0.0548,0.0563,9.8063,0.062,0.021,0.0026,-20.44,-32.56,15.06,246.91,-89.18,121.03
52.41608,-1.55677,170.98,8.73,2,117.56,21 / 21,2629529,2019-09-06 18:59:56:211,-2.341,-0.4026,11.0063,-0.0516,0.0284,9.8064,0.0744,-0.0091,-0.0278,-20.37,-33.12,15.5,238.36,-89.23,110.54
52.41608,-1.55677,170.98,8.73,2,117.56,21 / 21,2629628,2019-09-06 18:59:56:310,1.1916,0.1229,10.4199,0.0412,-0.015,9.8065,0.0718,-0.0037,-0.0642,-20.12,-34.37,15.25,239.68,-89.16,113.79
52.41608,-1.55677,170.98,8.73,2,117.56,21 / 21,2629729,2019-09-06 18:59:56:411,-0.7752,0.7055,9.6447,0.0454,-0.0247,9.8065,-0.0663,-0.0959,0.0518,-19.75,-34.06,15.56,261.57,-88.73,134.57
52.41608,-1.55677,170.98,8.73,2,117.56,21 / 21,2629829,2019-09-06 18:59:56:511,0.0811,0.292,9.8184,0.0036,-0.0187,9.8066,-0.0953,0.0308,-0.0413,-19.87,-33.87,14.94,269.9,-88.65,144.88
52.41608,-1.55677,170.98,8.73,2,117.56,21 / 21,2629929,2019-09-06 18:59:56:611,-1.7121,0.2661,9.8447,0.0047,-0.0089,9.8065,-0.1026,-0.048,0.085,-19.81,-34.81,15.19,270.36,-88.67,145.36
52.41608,-1.55677,170.98,8.73,2,117.56,21 / 21,2630030,2019-09-06 18:59:56:712,-0.1301,-0.4402,10.2862,-0.014,0.0089,9.8066,0.0971,-0.0453,0.0511,-19.94,-34.31,15.94,278.78,-88.81,151.68
52.41608,-1.55677,170.98,8.73,2,117.56,21 / 21,2630128,2019-09-06 18:59:56:810,0.2934,0.8705,9.9229,-0.0042,-0.0162,9.8066,0.0411,0.0722,-0.0394,-20.44,-34.5,15.31,287.08,-88.75,161.84
52.41608,-1.55677,170.98,8.73,2,117.56,21 / 21,2630229,2019-09-06 18:59:56:911,-0.7009,-0.4558,10.7224,0.005,-0.0209,9.8066,0.0565,0.0208,0.0328,-20.19,-34.25,15.44,288.68,-88.68,163.51
52.41608,-1.55677,170.98,8.73,2,117.56,21 / 21,2630328,2019-09-06 18:59:57:010,-0.3216,-0.0804,10.246,0.014,-0.0163,9.8066,0.0017,-0.0694,-0.0035,-20.25,-34.62,15.69,298.63,-88.49,171.79
52.41608,-1.55677,170.98,8.73,2,117.56,21 / 21,2630429,2019-09-06 18:59:57:111,0.1402,0.0176,9.9321,0.0022,-0.0022,9.8066,-0.0234,-0.0442,0.0726,-20.12,-34.94,15.5,299.97,-88.47,173.13
52.41608,-1.55677,170.98,8.73,2,117.56,21 / 21,2630529,2019-09-06 18:59:57:211,0.3432,0.3352,9.3726,-0.0087,-0.0062,9.8066,-0.0312,-0.0739,0.019,-20.12,-34.62,15.25,302.84,-88.4,177.86
52.41608,-1.55677,170.98,8.73,2,117.56,21 / 21,2630628,2019-09-06 18:59:57:310,-0.798,0.9111,9.758,-0.0013,-0.0013,9.8066,0.0033,0.0611,-0.0703,-20.06,-35.06,15.31,302.11,-88.37,177.19
52.41608,-1.55677,170.98,8.73,2,117.56,21 / 21,2630729,2019-09-06 18:59:57:411,0.2259,0.7049,10.8796,-0.002,0.0077,9.8066,0.0159,0.0138,0.0139,-20.87,-34.62,15.69,300.26,-88.34,174.87
52.41608,-1.55677,170.98,8.73,2,117.56,21 / 21,2630828,2019-09-06 18:59:57:510,-1.6467,0.011,10.5513,0.0351,-0.0146,9.8065,-0.0393,-0.0642,-0.0095,-20.25,-34.75,15.69,302.61,-88.2,176.04
52.41608,-1.55677,170.98,8.73,2,117.56,21 / 21,2630929,2019-09-06 18:59:57:611,-0.5752,1.0677,10.4385,0.0118,-0.0112,9.8066,0.0691,0.016,-0.0688,-20.19,-34.31,15.94,300.08,-87.95,173.79
52.41608,-1.55677,170.98,8.73,2,117.56,21 / 21,2631029,2019-09-06 18:59:57:711,0.4572,0.1313,10.2167,0.015,-0.0134,9.8066,0.0042,-0.0151,0.0182,-19.94,-34,15.69,300.09,-87.77,174.01
52.41608,-1.55677,170.98,8.73,2,117.56,21 / 21,2631128,2019-09-06 18:59:57:810,-0.7893,0.5671,9.9852,0.0162,-0.0182,9.8066,-0.0489,0.016,0.0054,-20.5,-34.62,15.81,302.62,-87.66,176.68
52.41608,-1.55677,170.98,8.73,2,117.56,21 / 21,2631228,2019-09-06 18:59:57:910,-1.5851,0.9818,9.6896,-0.0191,0.0006,9.8065,0.0334,0.0096,0.0719,-20.19,-34,16.44,305.53,-87.74,179.33
52.41608,-1.55677,170.98,8.73,2,117.56,21 / 21,2631328,2019-09-06 18:59:58:010,-1.9037,1.1119,9.9989,-0.0129,-0.0086,9.8066,-0.0258,0.0083,0.0198,-20.75,-35.12,15.88,307.76,-87.67,-177.08
52.41608,-1.55677,170.98,8.73,2,117.56,20 / 20,2631429,2019-09-06 18:59:58:111,-2.3278,1.6524,9.9744,-0.0017,0.0028,9.8066,0.0792,-0.0032,-0.0925,-20.62,-34.12,16.25,309.98,-87.64,-174.97
52.41608,-1.55677,170.98,8.73,2,117.56,20 / 20,2631529,2019-09-06 18:59:58:211,-1.5761,0.1697,9.7471,0.0137,0.0019,9.8066,0.0324,-0.1022,0.1022,-20.56,-34,16.19,308.15,-87.57,-176.67
52.41608,-1.55677,170.98,8.73,2,117.56,20 / 20,2631628,2019-09-06 18:59:58:310,-0.7704,1.7281,9.9522,-0.0036,-0.0007,9.8065,-0.0061,-0.0458,0.055,-21.19,-33.69,17.44,312.51,-87.52,-174.16
52.41608,-1.55677,170.98,8.73,2,117.56,20 / 20,2631729,2019-09-06 18:59:58:411,-0.7543,1.0466,10.1646,-0.01,-0.0052,9.8066,0.0302,-0.0392,-0.0419,-20.87,-32.69,16.25,314.36,-87.54,-170.72
52.41608,-1.55677,170.98,8.73,2,117.56,20 / 20,2631829,2019-09-06 18:59:58:511,-0.6753,-0.4605,10.0951,0.0115,0.0041,9.8066,-0.0087,-0.0667,0.1002,-20.81,-32.5,16.06,313.65,-87.55,-171.48
52.41608,-1.55677,170.98,8.73,2,117.56,20 / 20,2631929,2019-09-06 18:59:58:611,-2.067,0.0628,9.6713,0.0083,-0.0045,9.8066,-0.0057,-0.0801,0.0507,-20.94,-32.56,15.38,313.13,-87.57,-170.11
52.41608,-1.55677,170.98,8.73,2,117.56,20 / 20,2632028,2019-09-06 18:59:58:710,-0.8003,0.877,9.7351,0.0063,0.0072,9.8066,-0.0237,-0.0088,-0.0072,-20.12,-32.62,15.63,318.44,-87.49,-168.04
52.41608,-1.55677,170.98,8.73,2,117.56,20 / 20,2632128,2019-09-06 18:59:58:810,-0.8333,0.8168,10.0487,0.0101,-0.0067,9.8066,0.0452,-0.0799,0.0765,-19.37,-33.44,15.94,318.02,-87.49,-169.82
52.41608,-1.55677,170.98,8.73,2,117.56,20 / 20,2632229,2019-09-06 18:59:58:911,-1.0717,-0.3222,9.8522,0.0026,0.0022,9.8066,-0.0855,-0.022,-0.004,-19.37,-32.5,17.19,321.56,-87.46,-168.25
52.41608,-1.55677,170.98,8.73,2,117.56,20 / 20,2632328,2019-09-06 18:59:59:010,-0.5338,1.0237,9.9334,0.0031,0.0085,9.8066,-0.0181,0.0227,0.0126,-18.81,-32.81,16.19,317.51,-87.53,-170.34
52.41608,-1.55677,170.98,8.73,2,117.56,21 / 22,2632429,2019-09-06 18:59:59:111,-0.599,1.2466,9.7815,0.0041,0.0023,9.8066,-0.0485,0.0074,0.0322,-19.37,-32.31,16.38,317.51,-87.52,-170.4
52.41608,-1.55677,170.98,8.73,2,117.56,21 / 22,2632529,2019-09-06 18:59:59:211,-1.0723,0.956,8.9015,0.0017,-0.0096,9.8066,-0.0201,0.0289,-0.0523,-20.31,-32.12,14.69,316.37,-87.62,-168.38
52.41608,-1.55677,170.98,8.73,2,117.56,21 / 22,2632628,2019-09-06 18:59:59:310,-0.9919,1.5346,9.0953,-0.0336,0.0168,9.8066,0.0432,0.0242,0.0112,-21.44,-31.69,14.13,311.58,-87.7,-169.9
52.41608,-1.55677,170.98,8.73,2,117.56,21 / 22,2632729,2019-09-06 18:59:59:411,-0.2051,2.2988,10.2375,-0.0279,0.0124,9.8066,0.0182,0.107,0.0544,-22.25,-32,14,314.62,-88,-166.09
52.41608,-1.55677,170.98,8.73,2,117.56,21 / 22,2632828,2019-09-06 18:59:59:510,-1.5179,0.7639,9.9728,0.0076,-0.0218,9.8066,-0.0945,0.1269,-0.0751,-22.94,-31.56,14.81,319.78,-87.96,-161.78
52.41608,-1.55677,170.98,8.73,2,117.56,21 / 22,2632929,2019-09-06 18:59:59:611,-1.5457,0.8426,9.8185,0.0156,-0.0214,9.8065,0.0531,0.0773,-0.0362,-23,-32.37,15.5,322.71,-87.97,-160.69
52.41608,-1.55677,170.98,8.73,2,117.56,21 / 22,2633029,2019-09-06 18:59:59:711,-0.5928,1.2127,9.8133,-0.001,-0.0061,9.8066,0.0357,0.0606,0.0477,-22.62,-32.5,16,325.06,-87.85,-158.34
52.41608,-1.55677,170.98,8.73,2,117.56,21 / 22,2633128,2019-09-06 18:59:59:810,-2.1059,-0.0072,10.0272,0.0007,-0.0178,9.8066,0.036,-0.0566,0.0822,-22.62,-33.19,16.75,329.36,-87.69,-155.73
52.41608,-1.55677,170.98,8.73,2,117.56,21 / 22,2633228,2019-09-06 18:59:59:910,-0.9106,0.9541,10.0427,0.0027,-0.0055,9.8066,-0.0617,-0.0151,0.0487,-22.75,-33.31,16.19,333.39,-87.61,-150.15
52.41608,-1.55677,170.98,8.73,2,117.56,21 / 22,2633329,2019-09-06 19:00:00:011,-1.6622,0.9027,9.8075,0.0086,-0.0132,9.8066,-0.0756,-0.0061,0.048,-21.62,-32.81,15,334.03,-87.52,-148.89
52.41608,-1.55677,170.98,8.73,2,117.56,21 / 21,2633428,2019-09-06 19:00:00:110,-2.2977,0.6257,10.1207,-0.034,0.0044,9.8066,0.0751,-0.018,0.0485,-21.75,-33.75,15.63,342.03,-87.53,-143.03
52.41608,-1.55677,170.98,8.73,2,117.56,21 / 21,2633529,2019-09-06 19:00:00:211,-2.2277,0.7899,10.1198,-0.0355,0.0126,9.8066,-0.0803,0.0523,-0.0471,-21.37,-33.31,14.56,344.12,-87.5,-140.53
52.41608,-1.55677,170.98,8.73,2,117.56,21 / 21,2633628,2019-09-06 19:00:00:310,-1.2867,1.654,10.3615,0.0256,-0.015,9.8065,-0.0024,-0.0983,0.1332,-21.19,-32.87,15.06,346.25,-87.49,-138.51
52.41608,-1.55677,170.98,8.73,2,117.56,21 / 21,2633729,2019-09-06 19:00:00:411,-2.0366,0.3953,9.9214,0.0032,-0.0264,9.8066,-0.0082,-0.0191,-0.0077,-20.44,-34.06,15.63,350.86,-87.27,-137.21
52.41608,-1.55677,170.98,8.73,2,117.56,21 / 21,2633828,2019-09-06 19:00:00:510,-1.3517,0.6478,9.6665,-0.009,-0.0072,9.8066,-0.0644,-0.1156,0.0469,-20.81,-33.5,15.25,349.9,-87.25,-135.01
52.41608,-1.55677,170.98,8.73,2,117.56,21 / 21,2633928,2019-09-06 19:00:00:610,-2.1662,0.6817,9.8353,-0.0025,-0.0042,9.8065,0.0427,-0.0753,-0.0459,-20.75,-33.31,15.69,353.49,-87.18,-133.41
52.41608,-1.55677,170.98,8.73,2,117.56,21 / 21,2634029,2019-09-06 19:00:00:711,-2.4177,0.3065,10.1133,-0.0067,0.008,9.8066,0.0673,-0.1336,0.0527,-20.62,-34.25,16.44,353.63,-87.26,-133.27
52.41608,-1.55677,170.98,8.73,2,117.56,21 / 21,2634128,2019-09-06 19:00:00:810,-1.3375,-0.3019,10.0897,-0.0142,-0.0014,9.8066,0.0336,-0.1159,-0.0407,-20.87,-33.31,16.81,356.21,-87.17,-132.55
52.41608,-1.55677,170.98,8.73,2,117.56,21 / 21,2634229,2019-09-06 19:00:00:911,-1.4094,-0.1241,10.3384,0.0078,-0.0086,9.8065,0.0409,-0.1916,0.0466,-21.31,-33,17,357.2,-87.15,-131.62
52.41608,-1.55677,170.98,8.73,2,117.56,21 / 21,2634329,2019-09-06 19:00:01:011,-2.0387,-0.292,9.888,0.0095,-0.0073,9.8066,-0.0191,-0.1505,-0.0446,-21.25,-33.56,17.31,356.13,-87.06,-132.61
52.41608,-1.55677,170.98,8.73,2,117.56,20 / 21,2634429,2019-09-06 19:00:01:111,-1.7468,0.0404,9.8334,-0.0015,0.0098,9.8066,0.0371,-0.1665,0.0088,-20.94,-33.31,17.19,355.03,-87.16,-133.66
52.41608,-1.55677,170.98,8.73,2,117.56,20 / 21,2634529,2019-09-06 19:00:01:211,-1.8773,-0.2199,9.774,-0.0088,0.0084,9.8066,-0.0089,-0.2142,0.0036,-21,-33.81,18.31,356.64,-87.24,-133.76
52.41608,-1.55677,170.98,8.73,2,117.56,20 / 21,2634628,2019-09-06 19:00:01:310,-1.5978,-0.5429,9.8096,0.0094,0.0044,9.8066,0.0265,-0.2336,0.0108,-20.62,-33.94,18.44,355.09,-87.29,-135.22
52.41608,-1.55677,170.98,8.73,2,117.56,20 / 21,2634729,2019-09-06 19:00:01:411,-2.1461,-0.5643,9.982,0.0122,-0.0087,9.8066,0.0039,-0.2614,-0.0205,-20.94,-34.31,18.56,355.51,-87.28,-136.37
52.41608,-1.55677,170.98,8.73,2,117.56,20 / 21,2634829,2019-09-06 19:00:01:511,-1.487,-0.1104,9.6533,0.0037,0.0229,9.8065,-0.004,-0.2741,0.0012,-20.12,-33.37,18.69,353.64,-87.48,-139.55
52.41608,-1.55677,170.98,8.73,2,117.56,20 / 21,2634929,2019-09-06 19:00:01:611,-1.4733,-0.9499,9.9147,0.005,0.0058,9.8066,0.0333,-0.3018,0.0046,-20.06,-33.75,19.44,351.87,-87.56,-141.23
52.41608,-1.55677,170.98,8.73,2,117.56,20 / 21,2635028,2019-09-06 19:00:01:710,-1.6296,-1.0556,9.8591,0.0061,0.0145,9.8066,0.0122,-0.2852,-0.0362,-19.94,-33.69,19.44,348.82,-87.53,-144.11
52.41608,-1.55677,170.98,8.73,2,117.56,20 / 21,2635128,2019-09-06 19:00:01:810,-1.5259,-1.1782,9.8132,0.0026,0.0105,9.8066,0.1018,-0.3205,0.0014,-19.19,-34,20,347.95,-87.72,-147.92
52.41608,-1.55677,170.98,8.73,2,117.56,20 / 21,2635228,2019-09-06 19:00:01:910,-1.565,-0.683,10.2394,0.0226,-0.0083,9.8066,-0.0563,-0.3616,-0.0157,-18.19,-34.06,20.81,344.99,-87.66,-153.65
52.41608,-1.55677,170.98,8.73,2,117.56,20 / 21,2635328,2019-09-06 19:00:02:010,-1.7329,-1.4979,9.4553,0.0129,0.0008,9.8066,-0.0038,-0.3369,-0.0309,-18.44,-34.56,22.13,344.83,-87.74,-155.14
52.41576,-1.555709,168.83,5.15,2,132.55,20 / 21,2635429,2019-09-06 19:00:02:111,-1.1852,-1.4483,9.3914,0.0175,0.0107,9.8066,0.0001,-0.3652,0.0004,-18.31,-34.25,22.94,340.51,-87.9,-160.62
52.41576,-1.555709,168.83,5.15,2,132.55,20 / 21,2635528,2019-09-06 19:00:02:210,-0.7845,-1.0476,9.7653,-0.0025,0.0151,9.8066,-0.0586,-0.4357,0.0549,-16.94,-34.37,22.25,340.17,-88.18,-161.37
52.41576,-1.555709,168.83,5.15,2,132.55,20 / 21,2635629,2019-09-06 19:00:02:311,-2.0715,-0.9156,9.8401,-0.0249,-0.0002,9.8065,-0.0913,-0.4323,0.0151,-16,-33.69,22.56,351.51,-88.31,-153.36
52.41576,-1.555709,168.83,5.15,2,132.55,20 / 21,2635729,2019-09-06 19:00:02:411,-2.1393,-1.2001,10.1936,-0.0254,0,9.8066,0.0419,-0.4561,0.0689,-16.5,-33.81,23,359.91,-88.43,-145.26
52.41576,-1.555709,168.83,5.15,2,132.55,20 / 21,2635828,2019-09-06 19:00:02:510,-1.4143,-1.3129,9.3079,-0.0148,0.004,9.8066,-0.0124,-0.4712,0.0168,-15.5,-34.25,23.25,13.59,-88.37,-133.78
52.41576,-1.555709,168.83,5.15,2,132.55,20 / 21,2635929,2019-09-06 19:00:02:611,-2.3575,-0.2932,10.1704,0.0104,-0.0053,9.8066,-0.0463,-0.4903,0.0038,-14.44,-33.87,23.88,17.87,-88.26,-132.53
52.41576,-1.555709,168.83,5.15,2,132.55,20 / 21,2636029,2019-09-06 19:00:02:711,-0.9139,-0.7294,9.1339,-0.015,-0.0008,9.8066,-0.0092,-0.5404,0.0793,-13.62,-33.81,24.63,21.57,-88.22,-129.97
52.41576,-1.555709,168.83,5.15,2,132.55,20 / 21,2636129,2019-09-06 19:00:02:811,-2.0776,-0.4615,10.2511,-0.022,-0.0177,9.8066,0.0277,-0.5286,0.0954,-13.69,-33.81,25.25,21.24,-87.7,-130.51
52.41576,-1.555709,168.83,5.15,2,132.55,20 / 21,2636229,2019-09-06 19:00:02:911,-1.8544,-1.2412,9.2,-0.0245,-0.0189,9.8066,-0.1528,-0.5529,0.1408,-13.12,-34.19,25.19,24.86,-87.47,-128.98
52.41576,-1.555709,168.83,5.15,2,132.55,20 / 21,2636329,2019-09-06 19:00:03:011,-3.7937,0.5376,9.5188,-0.0408,0.0516,9.8064,0.0354,-0.5258,-0.0413,-11.44,-34.94,25.69,44.61,-87.03,-115.08
52.41576,-1.555709,168.83,5.15,2,132.55,20 / 21,2636429,2019-09-06 19:00:03:111,-2.7105,0.0944,9.9311,-0.0139,0.0318,9.8066,-0.0446,-0.4958,0.023,-11.06,-34.56,26.56,43.25,-87.03,-117.06
52.41576,-1.555709,168.83,5.15,2,132.55,20 / 21,2636528,2019-09-06 19:00:03:210,-2.1561,-0.2884,10.2053,-0.0005,0.0211,9.8065,-0.0044,-0.5648,-0.0504,-10.12,-35,26.31,43.88,-87.08,-117.67
52.41576,-1.555709,168.83,5.15,2,132.55,20 / 21,2636628,2019-09-06 19:00:03:310,-2.0533,-0.5563,9.9618,-0.0032,-0.0373,9.8066,0.1056,-0.5844,0.0192,-8.75,-34.5,26.5,41.59,-86.91,-122.46
52.41576,-1.555709,168.83,5.15,2,132.55,20 / 21,2636729,2019-09-06 19:00:03:411,-1.9432,0.0752,10.1573,-0.0056,-0.0305,9.8065,-0.0849,-0.5715,0.0803,-8.25,-34.94,27.31,43.64,-86.66,-122.78
52.41576,-1.555709,168.83,5.15,2,132.55,20 / 21,2636828,2019-09-06 19:00:03:510,-3.6761,0.0797,10.4102,-0.0202,-0.0223,9.8066,-0.059,-0.6189,0.0817,-7.75,-34.81,27,44.89,-86.46,-121.77
52.41576,-1.555709,168.83,5.15,2,132.55,20 / 21,2636929,2019-09-06 19:00:03:611,-2.0793,0.7083,9.2342,-0.0075,-0.015,9.8066,0.0422,-0.5632,0.0987,-6.62,-34.94,27.31,46.71,-86.12,-122.37
52.41576,-1.555709,168.83,5.15,2,132.55,20 / 21,2637029,2019-09-06 19:00:03:711,-2.6415,-0.0898,9.6608,-0.0236,0.0158,9.8066,-0.0663,-0.6041,0.0848,-5.44,-34.81,27.5,54.4,-85.69,-119.87
52.41576,-1.555709,168.83,5.15,2,132.55,20 / 21,2637129,2019-09-06 19:00:03:811,-2.3335,0.1924,10.3199,-0.0172,-0.0051,9.8066,0.0671,-0.5916,0.0465,-5,-35.19,26.75,53.3,-85.43,-120.98
52.41576,-1.555709,168.83,5.15,2,132.55,20 / 21,2637228,2019-09-06 19:00:03:910,-2.2866,0.2934,10.0956,0.0092,-0.0104,9.8066,0.0328,-0.5293,-0.0009,-3.87,-34.19,26.19,51.21,-85.27,-124.92
52.41576,-1.555709,168.83,5.15,2,132.55,20 / 21,2637328,2019-09-06 19:00:04:010,-2.2634,-0.2775,9.9079,0.0127,0.0027,9.8066,0.0005,-0.5094,-0.0002,-3.12,-33.75,26.81,51.56,-85.3,-126.81
52.41576,-1.555709,168.83,5.15,2,132.55,20 / 21,2637430,2019-09-06 19:00:04:112,-1.2557,0.2948,10.2743,0.0139,-0.0056,9.8066,-0.0015,-0.4959,-0.0152,-1.75,-34.62,27.06,51.2,-85.27,-129.43
52.41576,-1.555709,168.83,5.15,2,132.55,20 / 21,2637529,2019-09-06 19:00:04:211,-1.3413,-0.4424,9.7463,0.0075,-0.0251,9.8065,0.0241,-0.4407,-0.0178,-0.69,-34.37,25.69,49.09,-85.2,-133.56
52.41576,-1.555709,168.83,5.15,2,132.55,20 / 21,2637628,2019-09-06 19:00:04:310,-0.9043,0.1154,9.3659,0.009,-0.0222,9.8066,0.0151,-0.4283,0.0427,-0.5,-34.12,26.06,46.79,-84.99,-138.1
52.41576,-1.555709,168.83,5.15,2,132.55,20 / 21,2637729,2019-09-06 19:00:04:411,-1.0583,-0.4739,9.9633,0.0226,-0.035,9.8065,-0.036,-0.3233,-0.0762,0.38,-34.62,26.56,42.44,-84.99,-142.06
52.41576,-1.555709,168.83,5.15,2,132.55,20 / 21,2637828,2019-09-06 19:00:04:510,0.2873,0.2575,9.8296,0.0373,0.0145,9.8065,-0.0295,-0.2623,-0.0808,1.44,-34.06,26.31,38.15,-85.21,-148.01
52.41576,-1.555709,168.83,5.15,2,132.55,20 / 21,2637929,2019-09-06 19:00:04:611,0.109,-0.6021,9.7309,0.0212,0.0199,9.8066,0.051,-0.2183,-0.0267,1.94,-34.25,26.19,36.76,-85.25,-151.44
52.41576,-1.555709,168.83,5.15,2,132.55,20 / 21,2638029,2019-09-06 19:00:04:711,0.0878,-0.2966,9.8351,0.0127,-0.0046,9.8066,-0.0499,-0.1011,-0.0158,2.75,-33.44,25.56,36.04,-85.25,-154.16
52.41576,-1.555709,168.83,5.15,2,132.55,20 / 21,2638129,2019-09-06 19:00:04:811,0.6661,-1.1134,9.9047,-0.005,-0.0134,9.8066,-0.0801,-0.1332,-0.0015,2.69,-33.75,25.56,34.89,-85.19,-155.36
52.41576,-1.555709,168.83,5.15,2,132.55,20 / 21,2638229,2019-09-06 19:00:04:911,-0.2517,-0.2114,9.9052,-0.0053,0.0167,9.8066,-0.0844,-0.1114,0.0333,3.5,-33.69,25.56,37.02,-85.2,-155.56
52.41576,-1.555709,168.83,5.15,2,132.55,20 / 21,2638328,2019-09-06 19:00:05:010,-0.5016,-1.0709,9.7825,0.0027,-0.0043,9.8066,0.0287,-0.0778,-0.043,2.69,-33.37,25.56,33.73,-85.05,-156.42
52.41576,-1.555709,168.83,5.15,2,132.55,19 / 21,2638429,2019-09-06 19:00:05:111,0.2651,-1.2076,9.9335,0.0022,-0.0162,9.8066,0.0289,-0.0387,0.0077,3.13,-32.94,25.56,32.01,-84.97,-158.03
52.41576,-1.555709,168.83,5.15,2,132.55,19 / 21,2638528,2019-09-06 19:00:05:210,0.3627,-1.2135,10.139,-0.0046,-0.0152,9.8066,0.0141,-0.0453,0.0085,4.75,-32.25,25.56,35.51,-84.76,-159.17
52.41576,-1.555709,168.83,5.15,2,132.55,19 / 21,2638629,2019-09-06 19:00:05:311,0.5463,-1.4456,9.4034,-0.0029,-0.0118,9.8066,-0.0245,0.0073,-0.0508,4.5,-32.94,25,35.65,-84.65,-159.82
52.41576,-1.555709,168.83,5.15,2,132.55,19 / 21,2638728,2019-09-06 19:00:05:410,0.241,-0.8635,10.0261,-0.0023,0.0088,9.8066,-0.0031,0.0003,-0.0066,4.44,-32.25,24,34.67,-84.68,-158.89
52.41576,-1.555709,168.83,5.15,2,132.55,19 / 21,2638829,2019-09-06 19:00:05:511,-0.0955,-1.6161,9.656,-0.0144,-0.0075,9.8066,0.0412,-0.0563,0.0774,3.38,-31.56,22.88,33.46,-84.55,-158.24
52.41576,-1.555709,168.83,5.15,2,132.55,19 / 21,2638928,2019-09-06 19:00:05:610,-0.1456,-0.1147,9.9442,-0.0068,-0.0275,9.8065,0.01,-0.0039,-0.0229,2,-31.56,22.63,30.84,-84.46,-158.19
52.41576,-1.555709,168.83,5.15,2,132.55,19 / 21,2639030,2019-09-06 19:00:05:712,0.7103,-0.6152,9.8373,-0.0045,0.0235,9.8065,-0.0753,-0.0417,0.0363,0.94,-31.06,23.31,29.05,-84.39,-157.23
52.41576,-1.555709,168.83,5.15,2,132.55,19 / 21,2639128,2019-09-06 19:00:05:810,-0.4154,-0.0084,10.2716,-0.0061,0.011,9.8066,0.0516,-0.0277,-0.0212,1.19,-31.19,24.25,29.82,-84.41,-156.27
52.41576,-1.555709,168.83,5.15,2,132.55,19 / 21,2639229,2019-09-06 19:00:05:911,0.2003,0.4337,10.5386,-0.0118,-0.0339,9.8065,0.1041,-0.015,0.0024,0.81,-32,24.19,30.3,-84.25,-156.08
52.41576,-1.555709,168.83,5.15,2,132.55,19 / 21,2639330,2019-09-06 19:00:06:012,0.3798,-0.4769,9.5268,-0.0086,0.0059,9.8066,0.0507,0.0132,0.0545,1.56,-32.25,24.69,34.04,-84.3,-154.73
52.41576,-1.555709,168.83,5.15,2,132.55,20 / 21,2639429,2019-09-06 19:00:06:111,-0.5025,0.226,10.2829,-0.0009,0.0214,9.8065,0.0032,-0.0667,0.0185,1.63,-32.87,25,37.02,-84.28,-152.23
52.41576,-1.555709,168.83,5.15,2,132.55,20 / 21,2639530,2019-09-06 19:00:06:212,1.1027,-1.6761,9.8558,-0.0196,0.0082,9.8065,-0.134,-0.019,0.0612,2.81,-33.12,24.94,41.27,-84.12,-150.81
52.41576,-1.555709,168.83,5.15,2,132.55,20 / 21,2639629,2019-09-06 19:00:06:311,-2.2271,0.3189,11.0897,-0.0332,-0.0317,9.8065,0.1256,-0.1358,0.1207,3.81,-33.25,23.75,45.85,-84.18,-149.45
52.41576,-1.555709,168.83,5.15,2,132.55,20 / 21,2639729,2019-09-06 19:00:06:411,-0.7163,0.6539,9.9021,-0.0039,-0.0313,9.8066,-0.0385,-0.0873,0.0269,4.13,-33.87,25.19,45.14,-84.07,-149.76
52.41576,-1.555709,168.83,5.15,2,132.55,20 / 21,2639829,2019-09-06 19:00:06:511,-0.0804,-1.6397,9.2861,-0.0085,0.0056,9.8066,0.0835,-0.0029,0.0077,4.38,-33.12,24.69,46.47,-83.96,-148.5
52.41576,-1.555709,168.83,5.15,2,132.55,20 / 21,2639929,2019-09-06 19:00:06:611,-2.8699,-0.7685,10.9028,-0.028,0.0138,9.8065,0.0826,-0.1886,0.1356,3.44,-33.5,25.88,46.72,-83.81,-145.72
52.41576,-1.555709,168.83,5.15,2,132.55,20 / 21,2640028,2019-09-06 19:00:06:710,0.4223,-0.2668,9.4753,-0.004,-0.0066,9.8066,-0.0684,-0.1589,0.013,3.38,-33.87,24.75,47.3,-83.79,-145.89
52.41576,-1.555709,168.83,5.15,2,132.55,20 / 21,2640129,2019-09-06 19:00:06:811,-0.5517,0.4488,9.524,-0.005,-0.0279,9.8066,-0.0233,-0.0582,0.0374,3.56,-33.06,25.13,49.2,-83.72,-146.28
52.41576,-1.555709,168.83,5.15,2,132.55,20 / 21,2640229,2019-09-06 19:00:06:911,0.2033,0.3196,9.8255,-0.0033,0.023,9.8066,0.026,-0.0156,0.0675,2.38,-33.62,24.88,45.27,-83.51,-145.76
52.41576,-1.555709,168.83,5.15,2,132.55,20 / 21,2640329,2019-09-06 19:00:07:011,-0.2431,-0.6874,9.6889,0.0037,0.0215,9.8065,0.0529,-0.0617,-0.0213,3.5,-33.44,25.19,50.78,-83.49,-145.09
52.41576,-1.555709,168.83,5.15,2,132.55,20 / 21,2640429,2019-09-06 19:00:07:111,0.5802,-0.8029,9.6784,0.0017,-0.0113,9.8066,0.0849,-0.0629,-0.0334,3.31,-33.75,25.06,47.84,-83.3,-145.92
52.41576,-1.555709,168.83,5.15,2,132.55,20 / 21,2640528,2019-09-06 19:00:07:210,-0.3707,-1.5333,10.211,-0.0072,0.0035,9.8066,-0.0225,-0.0213,0.0767,3.63,-33.44,23.75,51.39,-83.27,-145.43
52.41576,-1.555709,168.83,5.15,2,132.55,20 / 21,2640629,2019-09-06 19:00:07:311,1.403,-0.1552,9.5436,0.011,0.0059,9.8066,-0.0989,0.0778,-0.0193,3.44,-32.81,24.06,48.58,-83.22,-145.7
52.41576,-1.555709,168.83,5.15,2,132.55,20 / 21,2640729,2019-09-06 19:00:07:411,0.3118,-0.88,9.8522,0.0036,-0.0199,9.8066,0.0482,-0.0311,-0.0311,4.56,-33.31,23.88,52.59,-83.27,-146.59
52.41576,-1.555709,168.83,5.15,2,132.55,20 / 21,2640829,2019-09-06 19:00:07:511,0.9197,0.174,10.5553,-0.0075,0.0069,9.8066,0.0424,-0.0123,-0.0101,4.31,-33.25,24.75,49.9,-83.31,-146.08
52.41576,-1.555709,168.83,5.15,2,132.55,20 / 21,2640928,2019-09-06 19:00:07:610,1.6136,0.2637,10.0238,0.0028,0.0093,9.8065,0.1085,0.02,0.0031,2.69,-33.62,24.5,47.22,-83.24,-146.55
52.41576,-1.555709,168.83,5.15,2,132.55,20 / 21,2641028,2019-09-06 19:00:07:710,1.0946,-0.0772,9.5054,-0.0026,-0.0267,9.8066,0.0674,-0.0188,-0.0371,2.25,-32.87,24.81,43.04,-83.07,-147.99
52.41576,-1.555709,168.83,5.15,2,132.55,20 / 21,2641128,2019-09-06 19:00:07:810,1.4246,0.3612,9.963,-0.0084,-0.013,9.8066,-0.0347,0.0909,0.0012,2.56,-32.94,26.13,45.16,-83.04,-147.88
52.41576,-1.555709,168.83,5.15,2,132.55,20 / 21,2641228,2019-09-06 19:00:07:910,1.2632,0.8003,10.6263,-0.0121,0.0445,9.8065,-0.0469,-0.0183,0.0502,3.31,-32.56,26.13,45.3,-83.1,-147.7
52.41576,-1.555709,168.83,5.15,2,132.55,20 / 21,2641329,2019-09-06 19:00:08:011,-1.7409,0.4409,10.0413,0.009,0.0562,9.8064,0.0797,0.0286,-0.011,3.06,-33,25,48.93,-83.25,-144.8
52.41576,-1.555709,168.83,5.15,2,132.55,20 / 21,2641429,2019-09-06 19:00:08:111,1.9411,-0.4124,9.835,-0.0002,-0.0521,9.8064,0.1938,0.1851,-0.1058,4.69,-32.44,23.75,53.92,-83.22,-145.22
52.41576,-1.555709,168.83,5.15,2,132.55,20 / 21,2641528,2019-09-06 19:00:08:210,1.1323,-2.2433,10.5689,-0.0254,-0.0325,9.8065,-0.0642,0.1071,-0.0274,4.13,-33.75,23.56,51.36,-82.97,-146.03
52.41576,-1.555709,168.83,5.15,2,132.55,20 / 21,2641629,2019-09-06 19:00:08:311,2.1521,0.7534,10.0074,-0.0252,0.0004,9.8066,-0.0262,-0.0655,0.0913,4.63,-33.62,23.81,55.99,-82.89,-144.21
52.41576,-1.555709,168.83,5.15,2,132.55,20 / 21,2641728,2019-09-06 19:00:08:410,1.1061,-0.2432,9.3727,-0.0077,-0.0037,9.8066,0.0654,0.07,-0.018,4.56,-33.19,25.25,55.17,-82.85,-143.99
52.41576,-1.555709,168.83,5.15,2,132.55,20 / 21,2641829,2019-09-06 19:00:08:511,1.4753,-1.2349,9.8035,-0.0078,-0.0116,9.8066,0.1316,0.041,0.0041,3.06,-33.19,25.63,50.07,-82.65,-143.88
52.41576,-1.555709,168.83,5.15,2,132.55,20 / 21,2641929,2019-09-06 19:00:08:611,1.4409,0.2326,9.8648,-0.0231,-0.0171,9.8066,-0.0981,0.1028,-0.0088,2.44,-32.81,25.88,48.86,-82.45,-143.01
52.41576,-1.555709,168.83,5.15,2,132.55,20 / 21,2642029,2019-09-06 19:00:08:711,1.4846,-0.4357,9.4845,0.0132,0.0141,9.8066,-0.0642,0.1185,-0.0354,1.38,-32.81,25.56,47.16,-82.42,-142.37
52.41576,-1.555709,168.83,5.15,2,132.55,20 / 21,2642128,2019-09-06 19:00:08:810,0.3875,-0.8014,9.7562,0.0009,-0.0071,9.8066,0.0023,0.1237,-0.0307,1.5,-32.06,26,49.28,-82.53,-142.34
52.41576,-1.555709,168.83,5.15,2,132.55,20 / 21,2642229,2019-09-06 19:00:08:911,0.7701,-0.6677,9.9527,0.0157,0.0224,9.8065,-0.0143,0.107,-0.0828,1.81,-33.62,25.38,50.33,-82.73,-142.09
52.41576,-1.555709,168.83,5.15,2,132.55,20 / 21,2642329,2019-09-06 19:00:09:011,1.1486,-1.3288,9.7184,0.0094,0.0233,9.8066,-0.0889,0.135,-0.0572,2,-32.81,25.31,50.15,-82.82,-141.93
52.41576,-1.555709,168.83,5.15,2,132.55,20 / 21,2642429,2019-09-06 19:00:09:111,0.4647,-1.4009,10.1574,-0.007,-0.0218,9.8065,-0.0147,0.072,0.003,1.31,-34.19,26,46.48,-82.91,-142.69
52.41576,-1.555709,168.83,5.15,2,132.55,20 / 21,2642528,2019-09-06 19:00:09:210,1.2021,-0.8762,9.6403,0.0146,-0.0072,9.8065,-0.0555,0.1129,-0.0611,1.56,-33.81,26,47.56,-82.88,-143.93
52.41576,-1.555709,168.83,5.15,2,132.55,20 / 21,2642628,2019-09-06 19:00:09:310,1.8226,-0.1208,9.5749,0.0001,-0.0057,9.8066,-0.0064,0.1212,0.0319,1.38,-34.62,26,45.95,-82.77,-143.5
52.41576,-1.555709,168.83,5.15,2,132.55,20 / 21,2642729,2019-09-06 19:00:09:411,1.6151,0.6331,9.9238,0.0036,0.0036,9.8066,-0.1513,0.0842,-0.044,1.63,-33.69,25.25,48.92,-82.85,-143.22
52.41576,-1.555709,168.83,5.15,2,132.55,20 / 21,2642828,2019-09-06 19:00:09:510,1.7083,0.8559,10.3693,0.0009,-0.0221,9.8066,0.1124,-0.0282,0.0456,1.75,-33.94,25.88,48.5,-82.89,-143.09
52.41576,-1.555709,168.83,5.15,2,132.55,20 / 21,2642929,2019-09-06 19:00:09:611,-0.5832,0.4116,9.8644,0.0125,-0.001,9.8066,0.0226,0.0983,-0.0148,1,-33.5,26.13,45.47,-82.98,-143.32
52.41576,-1.555709,168.83,5.15,2,132.55,20 / 21,2643028,2019-09-06 19:00:09:710,2.1647,-0.3239,9.0747,0.0155,-0.0169,9.8065,0.0341,0.122,-0.0518,0.19,-33.19,26.44,42.71,-82.91,-143.63
52.41576,-1.555709,168.83,5.15,2,132.55,20 / 21,2643128,2019-09-06 19:00:09:810,0.7311,1.0786,10.0785,0.0034,-0.0332,9.8065,-0.094,0.0772,-0.0533,0,-33.06,25.94,41.03,-82.83,-145.18
52.41576,-1.555709,168.83,5.15,2,132.55,20 / 21,2643229,2019-09-06 19:00:09:911,1.7812,1.4662,9.4806,0.0191,0.0447,9.8065,-0.1488,0.1381,-0.0609,0.69,-33.31,25.19,44.05,-83.1,-144.8
52.41576,-1.555709,168.83,5.15,2,132.55,20 / 21,2643328,2019-09-06 19:00:10:010,1.2911,-0.0197,9.442,0.0028,0.0443,9.8065,0.1542,0.036,0.0302,1.44,-32.56,24.75,43.94,-83.01,-144.98
52.41576,-1.555709,168.83,5.15,2,132.55,20 / 21,2643428,2019-09-06 19:00:10:110,0.595,-0.2707,9.9071,0.0003,-0.0069,9.8066,-0.0092,-0.0211,0.0377,2.19,-33.31,25.06,45.51,-82.89,-145.99
52.41576,-1.555709,168.83,5.15,2,132.55,20 / 21,2643529,2019-09-06 19:00:10:211,2.2331,-1.4898,10.0792,-0.0115,-0.0038,9.8066,0.033,0.1352,-0.1044,2.13,-33.44,26,46.14,-82.87,-145.01
52.41576,-1.555709,168.83,5.15,2,132.55,20 / 21,2643629,2019-09-06 19:00:10:311,1.6854,0.7658,10.0559,-0.0088,-0.0197,9.8065,-0.0571,0.094,0.0724,2.25,-33.44,26.56,45.52,-83.1,-144.95
52.41576,-1.555709,168.83,5.15,2,132.55,20 / 21,2643729,2019-09-06 19:00:10:411,2.1022,-0.3365,10.3692,-0.0242,-0.0325,9.8065,-0.0587,0.0624,-0.0838,0.94,-33.81,26.31,44.83,-82.83,-144.22
52.41576,-1.555709,168.83,5.15,2,132.55,20 / 21,2643829,2019-09-06 19:00:10:511,1.1781,-0.7011,9.6651,-0.0011,0.0215,9.8065,0.0403,0.0742,0.0789,1.13,-33.44,26.63,45.07,-82.96,-143.37
52.41576,-1.555709,168.83,5.15,2,132.55,20 / 21,2643928,2019-09-06 19:00:10:610,0.2319,0.0983,10.0029,-0.0067,0.0202,9.8065,0.0593,0.0279,0.087,0.81,-32.87,26.94,45.93,-82.85,-142.72
52.41576,-1.555709,168.83,5.15,2,132.55,20 / 21,2644028,2019-09-06 19:00:10:710,1.4716,-1.0015,9.5359,0.0045,-0.0062,9.8066,-0.0471,0.0738,-0.0222,0,-32,26.31,43.8,-82.72,-142.65
52.41576,-1.555709,168.83,5.15,2,132.55,20 / 21,2644129,2019-09-06 19:00:10:811,1.9887,-0.2586,9.3044,0.0008,-0.0041,9.8066,0.0053,0.0451,-0.0089,0.44,-31.25,25.94,43.67,-82.76,-142.54
52.41576,-1.555709,168.83,5.15,2,132.55,20 / 21,2644229,2019-09-06 19:00:10:911,1.1239,-0.2583,10.0576,-0.0082,-0.0084,9.8066,-0.0153,0.0845,-0.011,-0.81,-30.25,25.63,41.71,-82.84,-141.82
52.41576,-1.555709,168.83,5.15,2,132.55,20 / 21,2644328,2019-09-06 19:00:11:010,1.232,0.116,10.354,0.0055,0.0058,9.8066,0.0655,0.1604,0.008,-1.19,-29.12,25.81,41.66,-82.86,-141.66
52.415234,-1.556037,166.57,10.16,2,199.42,20 / 21,2644429,2019-09-06 19:00:11:111,2.1883,-0.3645,9.7733,-0.0084,-0.0049,9.8066,0.0085,0.0891,0.036,-1.69,-29.06,26,38.72,-82.87,-142.06
52.415234,-1.556037,166.57,10.16,2,199.42,20 / 21,2644529,2019-09-06 19:00:11:211,0.9948,-0.1506,9.8625,-0.0024,-0.0352,9.8066,0.0863,0.1004,-0.0317,-1.62,-30.56,27.44,38.81,-82.62,-142.49
52.415234,-1.556037,166.57,10.16,2,199.42,20 / 21,2644628,2019-09-06 19:00:11:310,1.8267,0.0313,10.2084,0.0017,0.0105,9.8066,0.0921,0.1602,-0.063,-0.5,-32.19,27.81,43.53,-82.53,-142.6
52.415234,-1.556037,166.57,10.16,2,199.42,20 / 21,2644729,2019-09-06 19:00:11:411,0.752,-0.3222,9.5377,0.0138,0.0346,9.8065,0.0697,0.0082,0.0882,0,-32.25,27.44,43.44,-82.73,-142.73
52.415234,-1.556037,166.57,10.16,2,199.42,20 / 21,2644829,2019-09-06 19:00:11:511,0.9459,-0.3376,9.6599,0.0012,-0.0018,9.8066,-0.0096,0.0586,-0.0092,-0.06,-33.44,27.44,44.79,-82.68,-141.77
52.415234,-1.556037,166.57,10.16,2,199.42,20 / 21,2644929,2019-09-06 19:00:11:611,1.9825,0.9081,10.0849,-0.0056,0.0158,9.8066,-0.0264,0.0515,0.0348,-0.87,-32.56,26.44,44.07,-82.88,-140.25
52.415234,-1.556037,166.57,10.16,2,199.42,20 / 21,2645029,2019-09-06 19:00:11:711,0.902,0.0501,9.971,-0.009,-0.0119,9.8066,-0.0708,0.1371,-0.0105,-0.81,-33.75,26.13,45.97,-82.91,-138.74
52.415234,-1.556037,166.57,10.16,2,199.42,20 / 21,2645129,2019-09-06 19:00:11:811,0.9623,-0.434,9.3534,-0.0102,-0.0094,9.8065,-0.0264,0.0557,0.0497,-0.94,-33.25,26.25,46.7,-82.84,-137.96
52.415234,-1.556037,166.57,10.16,2,199.42,20 / 21,2645229,2019-09-06 19:00:11:911,1.0429,0.9182,9.9668,-0.015,0.0033,9.8066,0.0301,0.0238,0.1239,-1.69,-33.44,26.25,46.43,-82.62,-136.19
52.415234,-1.556037,166.57,10.16,2,199.42,20 / 21,2645328,2019-09-06 19:00:12:010,0.5651,0.5971,9.9044,-0.0221,-0.0125,9.8066,-0.049,0.0526,0.053,-2.25,-33.81,26.88,48.12,-82.4,-135.03
52.415234,-1.556037,166.57,10.16,2,199.42,20 / 21,2645430,2019-09-06 19:00:12:112,1.0898,-0.3611,9.4294,-0.0143,-0.0054,9.8066,-0.0231,-0.0233,0.1722,-2.69,-33.69,26.81,47.24,-82.34,-133.75
52.415234,-1.556037,166.57,10.16,2,199.42,20 / 21,2645528,2019-09-06 19:00:12:210,-0.45,0.0137,10.2184,0.0015,0.0282,9.8065,0.1316,-0.0338,0.0398,-2.94,-33.19,27.25,49.62,-82.23,-131.53
52.415234,-1.556037,166.57,10.16,2,199.42,20 / 21,2645629,2019-09-06 19:00:12:311,0.7936,-0.2637,10.3975,-0.0086,0.0507,9.8064,0.0992,0.0285,0.0004,-2.56,-33.44,26.56,51.06,-82.32,-130.15
52.415234,-1.556037,166.57,10.16,2,199.42,20 / 21,2645729,2019-09-06 19:00:12:411,0.4995,0.4775,10.1571,-0.0062,-0.0351,9.8065,-0.0188,0.0615,0.0391,-2.94,-33.44,26.31,51.53,-82.26,-129.83
52.415234,-1.556037,166.57,10.16,2,199.42,20 / 21,2645828,2019-09-06 19:00:12:510,0.6816,1.1708,9.5177,-0.0165,-0.0334,9.8066,-0.0326,0.0838,-0.015,-3.06,-33.69,26.81,51.52,-81.97,-130.32
52.415234,-1.556037,166.57,10.16,2,199.42,20 / 21,2645928,2019-09-06 19:00:12:610,1.5769,0.1829,9.198,0.0021,0.043,9.8065,-0.0513,-0.0513,0.0374,-2.37,-33.37,26.5,54.93,-82.05,-129.08
52.415234,-1.556037,166.57,10.16,2,199.42,20 / 21,2646029,2019-09-06 19:00:12:711,1.0403,0.1312,9.5609,-0.0109,0.001,9.8066,-0.1738,0.0335,-0.0053,-2.56,-33.06,26.44,52.41,-81.84,-129.5
52.415234,-1.556037,166.57,10.16,2,199.42,20 / 21,2646129,2019-09-06 19:00:12:811,-0.0413,0.2927,9.9814,-0.011,0.0215,9.8066,0.1057,0.0328,0.0271,-2.25,-33.19,26.81,56.54,-81.89,-127.79
52.415234,-1.556037,166.57,10.16,2,199.42,20 / 21,2646229,2019-09-06 19:00:12:911,0.8888,0.8412,10.2944,0.0042,0.0125,9.8066,0.0747,0.0426,-0.0371,-2.62,-33.62,26.63,54.19,-81.87,-128.05
52.415234,-1.556037,166.57,10.16,2,199.42,20 / 21,2646328,2019-09-06 19:00:13:010,0.6141,0.5446,10.4152,0.0011,-0.0403,9.8065,0.0023,-0.0641,0.0912,-2.62,-33.25,26.94,53.64,-81.93,-128.24
52.415234,-1.556037,166.57,10.16,2,199.42,20 / 21,2646428,2019-09-06 19:00:13:110,1.5627,-0.1845,10.0001,-0.0138,-0.0543,9.8065,-0.0506,0.0515,-0.0094,-3.25,-33.44,27.5,51.67,-81.46,-130.43
52.415234,-1.556037,166.57,10.16,2,199.42,20 / 21,2646529,2019-09-06 19:00:13:211,0.3779,0.1255,10.5507,-0.0148,0.0181,9.8066,0.0228,0.0332,-0.0155,-3.75,-34.12,26.81,50.69,-81.34,-129.6
52.415234,-1.556037,166.57,10.16,2,199.42,20 / 21,2646628,2019-09-06 19:00:13:310,0.4343,0.7516,9.9833,-0.0161,0.0305,9.8065,0.0548,-0.0767,0.0929,-4,-33.69,27.63,51.25,-81.2,-129.26
52.415234,-1.556037,166.57,10.16,2,199.42,20 / 21,2646728,2019-09-06 19:00:13:410,-0.5456,1.1094,9.5945,-0.0107,0.0013,9.8066,0.0287,0.0746,0.0096,-4.19,-33.87,27.5,52.65,-80.7,-128.54
52.415234,-1.556037,166.57,10.16,2,199.42,20 / 21,2646829,2019-09-06 19:00:13:511,0.2021,0.1004,10.0426,-0.004,0.0247,9.8066,0.0282,0.0332,-0.0143,-4.37,-33.56,27.81,52.83,-80.75,-128.34
52.415234,-1.556037,166.57,10.16,2,199.42,20 / 21,2646928,2019-09-06 19:00:13:610,0.3563,0.0124,9.8982,0.0221,-0.0016,9.8066,-0.0264,-0.0653,-0.0398,-4.31,-33.44,27.5,52.17,-80.88,-128.52
52.415234,-1.556037,166.57,10.16,2,199.42,20 / 21,2647028,2019-09-06 19:00:13:710,0.4179,0.8039,9.6682,0.0426,0.0092,9.8065,0.0464,-0.0628,-0.0767,-4.94,-33.94,26.38,47.84,-81.36,-129.88
52.415234,-1.556037,166.57,10.16,2,199.42,20 / 21,2647128,2019-09-06 19:00:13:810,1.53,1.0198,9.4258,0.0279,-0.0031,9.8066,-0.0838,0.0529,-0.0968,-3.44,-33.69,26.44,49.3,-81.86,-132.47
52.415234,-1.556037,166.57,10.16,2,199.42,20 / 21,2647229,2019-09-06 19:00:13:911,0.3926,0.8896,10.4844,0.0216,-0.0117,9.8066,0.107,0.044,-0.0197,-2.87,-34.31,25.88,47.52,-82.02,-133.86
52.415234,-1.556037,166.57,10.16,2,199.42,20 / 21,2647328,2019-09-06 19:00:14:010,0.6916,1.2333,10.0625,0.0025,0.0076,9.8066,0.1257,0.0463,0.0266,-2.56,-33.37,26.69,46.17,-82.08,-134.73
52.415234,-1.556037,166.57,10.16,2,199.42,21 / 22,2647428,2019-09-06 19:00:14:110,1.9597,0.6204,9.3812,-0.0025,0.0153,9.8066,0.1872,0.1205,-0.0095,-2.06,-33.94,26.69,49.16,-82.17,-134.35
52.415234,-1.556037,166.57,10.16,2,199.42,21 / 22,2647529,2019-09-06 19:00:14:211,0.4454,2.3592,9.6746,-0.0171,-0.0185,9.8066,-0.0786,0.0031,-0.0655,-2.62,-34.25,27.81,46.27,-81.9,-135
52.415234,-1.556037,166.57,10.16,2,199.42,21 / 22,2647629,2019-09-06 19:00:14:311,1.0621,3.1847,9.8739,0.0037,-0.0161,9.8066,-0.0344,-0.0735,0.0939,-2.44,-33.62,27.25,48.77,-81.82,-135.05
52.415234,-1.556037,166.57,10.16,2,199.42,21 / 22,2647728,2019-09-06 19:00:14:410,-0.025,2.3943,9.8384,0.0041,0.0424,9.8065,0.0027,-0.0257,-0.0171,-2.81,-34.5,27.69,46.96,-81.78,-134.51
52.415234,-1.556037,166.57,10.16,2,199.42,21 / 22,2647828,2019-09-06 19:00:14:510,1.1778,2.8837,9.0179,-0.0004,0.0427,9.8065,-0.0383,0.0271,-0.0521,-2.94,-33.81,27.5,48.41,-82.06,-132.95
52.415234,-1.556037,166.57,10.16,2,199.42,21 / 22,2647928,2019-09-06 19:00:14:610,0.5952,0.8235,10.0414,-0.004,-0.0022,9.8066,0.1164,0.0423,0.009,-3.12,-34.12,27.25,48.47,-82.11,-132.89
52.415234,-1.556037,166.57,10.16,2,199.42,21 / 22,2648029,2019-09-06 19:00:14:711,0.1185,1.1525,9.9153,0.0097,0.02,9.8066,0.0781,-0.0504,0.0017,-3.06,-34.31,27.31,48.97,-82.27,-132.28
52.415234,-1.556037,166.57,10.16,2,199.42,21 / 22,2648129,2019-09-06 19:00:14:811,0.9673,0.3575,9.8517,0.005,-0.0346,9.8065,-0.0612,-0.059,-0.0254,-3.06,-34.12,27.13,47.84,-82.22,-133.33
52.415234,-1.556037,166.57,10.16,2,199.42,21 / 22,2648228,2019-09-06 19:00:14:910,1.8793,2.0591,9.6229,0.0006,-0.0251,9.8065,-0.0561,0.0922,-0.0037,-2.87,-33.75,27.88,47.05,-82.13,-134.09
52.415234,-1.556037,166.57,10.16,2,199.42,21 / 22,2648328,2019-09-06 19:00:15:010,0.6685,2.4241,9.9701,-0.0131,-0.0276,9.8066,0.0142,-0.0352,0.055,-3.12,-33.87,27.5,47.01,-82.15,-134.11
52.415234,-1.556037,166.57,10.16,2,199.42,21 / 22,2648430,2019-09-06 19:00:15:112,1.238,2.7981,9.9123,-0.0134,-0.0411,9.8065,-0.0387,0.0124,-0.1133,-3.94,-34,27.06,44.52,-81.76,-134.58
52.415234,-1.556037,166.57,10.16,2,199.42,21 / 22,2648529,2019-09-06 19:00:15:211,1.6524,3.0779,9.5358,0.0092,0.0306,9.8065,0.0567,-0.0267,0.1257,-3.69,-34.31,27.25,44.73,-81.95,-134.22
52.415234,-1.556037,166.57,10.16,2,199.42,21 / 22,2648628,2019-09-06 19:00:15:310,-0.7962,-0.2243,9.6758,-0.0135,0.0164,9.8066,-0.0194,-0.0153,-0.0238,-3.69,-34.31,27.5,45.61,-81.84,-133.59
52.415234,-1.556037,166.57,10.16,2,199.42,21 / 22,2648729,2019-09-06 19:00:15:411,0.2217,0.8673,9.1988,0.0131,-0.0019,9.8065,-0.1137,-0.0352,0.1094,-3.19,-33.87,26.88,47.91,-81.9,-133.6
52.415234,-1.556037,166.57,10.16,2,199.42,21 / 22,2648828,2019-09-06 19:00:15:510,1.1692,2.7394,10.2115,-0.0029,-0.0274,9.8065,-0.1201,0.0166,-0.0628,-3.94,-33.75,27.31,45.79,-81.92,-133.32
52.415234,-1.556037,166.57,10.16,2,199.42,21 / 22,2648929,2019-09-06 19:00:15:611,0.2671,1.4766,8.8297,0.0198,0.0158,9.8065,0.0475,0.0139,0.0255,-3.81,-34.37,27,44.99,-81.95,-133.98
52.415234,-1.556037,166.57,10.16,2,199.42,21 / 22,2649029,2019-09-06 19:00:15:711,0.5478,2.4029,9.5968,0.0074,-0.0025,9.8066,-0.0317,0.0231,-0.0352,-3.62,-33.75,27.25,43.78,-82.17,-134.83
52.415234,-1.556037,166.57,10.16,2,199.42,21 / 22,2649129,2019-09-06 19:00:15:811,1.2084,2.6932,10.4704,0.0149,-0.0076,9.8066,0.0959,-0.0374,0.0099,-3.31,-34.12,27.63,44.41,-82.2,-136.36
52.415234,-1.556037,166.57,10.16,2,199.42,21 / 22,2649228,2019-09-06 19:00:15:910,1.0705,2.8504,9.6945,0.0017,-0.0215,9.8066,-0.0421,0.0334,-0.0617,-2.94,-33.06,27.88,43.67,-82.14,-136.87
52.415234,-1.556037,166.57,10.16,2,199.42,21 / 22,2649329,2019-09-06 19:00:16:011,0.6882,2.3436,9.7107,-0.0013,0.0053,9.8066,0.0287,0.0726,-0.0378,-3.5,-34.31,27.25,43.47,-82.17,-137.23
52.415234,-1.556037,166.57,10.16,2,199.42,20 / 21,2649430,2019-09-06 19:00:16:112,0.4994,1.7581,9.2873,0.0015,0.0086,9.8066,-0.0172,-0.0675,0.0658,-3.31,-33.69,27.63,43.51,-82.2,-137.14
52.415234,-1.556037,166.57,10.16,2,199.42,20 / 21,2649529,2019-09-06 19:00:16:211,-0.3675,1.1797,9.4024,0.0082,0.0425,9.8065,0.0509,-0.0795,0.0524,-3.31,-34.19,27.75,45.34,-82.31,-135.43
52.415234,-1.556037,166.57,10.16,2,199.42,20 / 21,2649628,2019-09-06 19:00:16:310,0.7061,1.6237,9.5516,-0.001,0.023,9.8065,-0.0532,0.0216,-0.0024,-3,-33.44,27.06,45.89,-82.36,-134.72
52.415234,-1.556037,166.57,10.16,2,199.42,20 / 21,2649729,2019-09-06 19:00:16:411,1.4381,1.7408,10.2009,0.0072,-0.0167,9.8066,-0.0308,0.0314,-0.0315,-3.5,-34.25,26.81,45.88,-82.45,-134.84
52.415234,-1.556037,166.57,10.16,2,199.42,20 / 21,2649828,2019-09-06 19:00:16:510,0.477,0.8805,9.4462,-0.0012,-0.0126,9.8066,0.0855,0.0478,-0.0162,-3.44,-34.06,26.88,45.95,-82.57,-134.66
52.415234,-1.556037,166.57,10.16,2,199.42,20 / 21,2649929,2019-09-06 19:00:16:611,0.6599,1.4412,9.0722,-0.0077,-0.0219,9.8066,-0.173,-0.0119,0.0456,-3.56,-33.75,27.25,43.67,-82.68,-134.45
52.415234,-1.556037,166.57,10.16,2,199.42,20 / 21,2650029,2019-09-06 19:00:16:711,0.0182,2.1871,10.367,-0.0027,-0.0198,9.8066,0.2685,0.0285,-0.0056,-3.19,-34.5,26.63,45.95,-82.51,-134.72
52.415234,-1.556037,166.57,10.16,2,199.42,20 / 21,2650129,2019-09-06 19:00:16:811,0.3169,1.2634,10.5526,-0.0055,0.0416,9.8065,0.2111,-0.0375,0.0033,-3.56,-33.87,26.94,44.49,-82.54,-133.86
52.415234,-1.556037,166.57,10.16,2,199.42,20 / 21,2650229,2019-09-06 19:00:16:911,0.804,1.0291,9.7702,-0.0002,0.0616,9.8064,0.1762,0.0311,-0.0256,-3.69,-34.19,27.69,44.67,-82.53,-133.78
52.415234,-1.556037,166.57,10.16,2,199.42,20 / 21,2650329,2019-09-06 19:00:17:011,1.3091,2.0851,10.6949,-0.0023,-0.0348,9.8065,0.0307,0.0273,0.0123,-3.37,-34.12,26.69,46.6,-82.51,-134.14
52.415234,-1.556037,166.57,10.16,2,199.42,20 / 21,2650429,2019-09-06 19:00:17:111,0.5197,1.7084,9.2039,-0.0011,-0.0029,9.8066,-0.0876,-0.0382,0.0431,-3.37,-33.94,27,46.1,-82.36,-134.73
52.415234,-1.556037,166.57,10.16,2,199.42,20 / 21,2650528,2019-09-06 19:00:17:210,0.2691,1.7245,10.1095,0.0022,-0.0173,9.8066,-0.1031,0.0322,-0.0078,-3.87,-34.12,27.56,44.11,-82.38,-134.41
52.415234,-1.556037,166.57,10.16,2,199.42,20 / 21,2650629,2019-09-06 19:00:17:311,0.8787,1.945,9.5819,0.0109,-0.0178,9.8065,-0.0521,0.0361,0.0361,-3.56,-34.06,27.13,43.85,-82.51,-134.45
52.415234,-1.556037,166.57,10.16,2,199.42,20 / 21,2650728,2019-09-06 19:00:17:410,0.0851,1.6582,9.7754,0.0008,0.0301,9.8065,0.0237,0.0272,-0.0613,-3.69,-34.25,26.19,43.93,-82.49,-134.33
52.415234,-1.556037,166.57,10.16,2,199.42,20 / 21,2650829,2019-09-06 19:00:17:511,0.6071,1.8902,10.1178,0.0083,0.017,9.8066,0.0801,-0.0155,0.0118,-3.87,-34.19,26.38,43.93,-82.68,-134.15
52.415234,-1.556037,166.57,10.16,2,199.42,20 / 21,2650928,2019-09-06 19:00:17:610,0.796,1.4016,9.4987,0.0103,0.0009,9.8066,0.0447,0.034,-0.0399,-4,-34.75,26.56,42.36,-82.76,-135.71
52.415234,-1.556037,166.57,10.16,2,199.42,20 / 21,2651029,2019-09-06 19:00:17:711,1.1528,0.8924,9.2937,-0.0051,0.0271,9.8066,-0.0668,0.0598,0.0106,-3.69,-33.5,27.06,42.44,-82.84,-135.21
52.415234,-1.556037,166.57,10.16,2,199.42,20 / 21,2651129,2019-09-06 19:00:17:811,1.6874,2.0201,9.5494,-0.0009,-0.0154,9.8066,-0.1091,0.1169,-0.045,-4.62,-34.19,27.31,40.61,-82.84,-134.9
52.415234,-1.556037,166.57,10.16,2,199.42,20 / 21,2651229,2019-09-06 19:00:17:911,1.5143,2.1565,9.8549,0.01,-0.0039,9.8066,-0.0069,0.1199,0.0104,-4.69,-33.44,26.69,41.32,-83.05,-133.92
52.415234,-1.556037,166.57,10.16,2,199.42,20 / 21,2651328,2019-09-06 19:00:18:010,1.769,2.9573,9.9514,0.0061,0.0366,9.8066,0.0077,0.1964,-0.0649,-4.62,-34.56,26.69,42.25,-83.32,-133.19
52.415234,-1.556037,166.57,10.16,2,199.42,20 / 21,2651429,2019-09-06 19:00:18:111,2.0981,2.3094,9.8379,0.0073,0.0352,9.8065,0.016,0.1919,-0.0016,-5.19,-34.44,27.5,43.56,-83.73,-131.66
52.415234,-1.556037,166.57,10.16,2,199.42,20 / 21,2651529,2019-09-06 19:00:18:211,1.9874,1.5439,9.6154,-0.0015,-0.0045,9.8066,-0.0036,0.2319,-0.0243,-5.5,-34.31,27.06,44.22,-83.79,-130.83
52.415234,-1.556037,166.57,10.16,2,199.42,20 / 21,2651629,2019-09-06 19:00:18:311,2.545,1.6865,9.8036,-0.0025,-0.0048,9.8065,-0.0134,0.2964,-0.0231,-6.25,-33.87,26.69,42.77,-83.84,-130.02
52.415234,-1.556037,166.57,10.16,2,199.42,20 / 21,2651729,2019-09-06 19:00:18:411,2.1959,1.7366,9.63,0.0016,0.0067,9.8066,0.0278,0.2946,0.0133,-6.81,-33.56,27.31,41.34,-83.97,-129.14
52.415234,-1.556037,166.57,10.16,2,199.42,20 / 21,2651830,2019-09-06 19:00:18:512,1.8734,1.4867,10.3323,-0.0054,0.0004,9.8066,0.0402,0.3533,-0.0613,-6.75,-33.37,27.56,42.33,-83.99,-128.43
52.415234,-1.556037,166.57,10.16,2,199.42,20 / 21,2651929,2019-09-06 19:00:18:611,1.2591,1.5067,10.2629,0.0038,-0.0004,9.8066,-0.0074,0.3235,-0.0062,-7.5,-33.94,27.56,43.63,-84.03,-127.35
52.415234,-1.556037,166.57,10.16,2,199.42,20 / 21,2652028,2019-09-06 19:00:18:710,1.3975,1.6842,9.4593,0.0102,-0.005,9.8066,0.0045,0.3434,0.0005,-8.62,-34.62,27.19,38.33,-84.12,-127.87
52.415234,-1.556037,166.57,10.16,2,199.42,20 / 21,2652128,2019-09-06 19:00:18:810,1.4712,1.2793,9.5496,0.0045,0.0159,9.8066,0.0832,0.3297,-0.0913,-9.19,-33.5,27.5,38.76,-84.29,-127.57
52.415234,-1.556037,166.57,10.16,2,199.42,20 / 21,2652228,2019-09-06 19:00:18:910,1.9938,0.9054,9.1596,0.0215,0.0267,9.8065,0.0281,0.3425,-0.0736,-9.56,-33.31,27.94,34.84,-84.53,-129.1
52.415234,-1.556037,166.57,10.16,2,199.42,20 / 21,2652328,2019-09-06 19:00:19:010,1.4774,0.9751,9.8029,0.0002,0.0221,9.8066,0.0971,0.3314,0.0249,-9.94,-34.06,27.5,33.4,-84.65,-130.42
52.415234,-1.556037,166.57,10.16,2,199.42,20 / 21,2652428,2019-09-06 19:00:19:110,2.3839,1.0071,9.7665,-0.0048,0.0153,9.8065,0.0024,0.4224,-0.081,-10.5,-33.31,26.94,33.35,-84.76,-129.74
52.415234,-1.556037,166.57,10.16,2,199.42,20 / 21,2652529,2019-09-06 19:00:19:211,1.7121,1.8606,10.1921,0.0043,0.0072,9.8066,0.0953,0.3901,-0.0151,-10.56,-33.12,27.44,31.29,-85.01,-129.58
52.415234,-1.556037,166.57,10.16,2,199.42,20 / 21,2652629,2019-09-06 19:00:19:311,2.1399,0.4936,9.1743,-0.0017,0.0194,9.8066,0.0601,0.3921,-0.0549,-11.75,-33.62,26.81,30.72,-85.16,-128.25
52.415234,-1.556037,166.57,10.16,2,199.42,20 / 21,2652729,2019-09-06 19:00:19:411,1.8116,0.9582,9.5438,0.0119,0.0119,9.8065,-0.0123,0.4262,-0.0314,-12.19,-33.62,26.44,29.05,-85.39,-128.91
52.415234,-1.556037,166.57,10.16,2,199.42,20 / 21,2652829,2019-09-06 19:00:19:511,1.8391,0.8437,10.0667,0.005,0.0052,9.8066,0.0153,0.4314,-0.011,-12.75,-33.56,26.19,27.84,-85.59,-128.07
52.415234,-1.556037,166.57,10.16,2,199.42,20 / 21,2652928,2019-09-06 19:00:19:610,2.0041,1.1207,9.6461,0.0105,0.0018,9.8066,-0.0721,0.416,-0.042,-13.56,-33.87,26.31,26.7,-85.79,-127.24
52.415234,-1.556037,166.57,10.16,2,199.42,20 / 21,2653029,2019-09-06 19:00:19:711,2.2918,1.3531,9.2908,0.0091,0.0008,9.8066,-0.0294,0.4385,-0.0306,-13.69,-34.12,25.94,27.01,-86,-126.84
52.415234,-1.556037,166.57,10.16,2,199.42,20 / 21,2653129,2019-09-06 19:00:19:811,1.8221,0.7947,9.5313,-0.0053,0.0268,9.8066,-0.0059,0.447,-0.0693,-14.5,-33.69,26,30.24,-86.28,-123.68
52.415234,-1.556037,166.57,10.16,2,199.42,20 / 21,2653229,2019-09-06 19:00:19:911,2.2112,1.0113,9.606,0.023,0.0282,9.8066,-0.0385,0.4299,-0.0544,-15.5,-33.81,25.13,26.38,-86.66,-124.43
52.415234,-1.556037,166.57,10.16,2,199.42,20 / 21,2653329,2019-09-06 19:00:20:011,2.384,0.8297,9.6221,0.0066,0.0116,9.8066,-0.0635,0.4357,-0.0372,-15.56,-33.75,24.5,24.21,-87.07,-124.57
52.41458,-1.556246,164.41,4.41,2,148.11,20 / 21,2653429,2019-09-06 19:00:20:111,2.5842,0.59,9.7987,0.0142,0.0024,9.8066,-0.0598,0.447,-0.0262,-15.62,-33.5,24.25,22.53,-87.23,-125.02
52.41458,-1.556246,164.41,4.41,2,148.11,20 / 21,2653528,2019-09-06 19:00:20:210,2.0867,0.8268,10.07,-0.0086,0.0109,9.8065,0.0705,0.4224,-0.0087,-16.81,-33.87,23.75,22.47,-87.39,-123.39
52.41458,-1.556246,164.41,4.41,2,148.11,20 / 21,2653629,2019-09-06 19:00:20:311,2.3994,0.8371,9.3884,0.0118,0.0179,9.8065,0.043,0.4865,-0.0638,-17.19,-34,23.44,20.46,-87.55,-124.11
52.41458,-1.556246,164.41,4.41,2,148.11,20 / 21,2653728,2019-09-06 19:00:20:410,2.2354,0.6788,9.6147,0.0281,0.0064,9.8066,0.031,0.478,-0.091,-17,-34.37,22.56,10.86,-87.84,-133.16
52.41458,-1.556246,164.41,4.41,2,148.11,20 / 21,2653829,2019-09-06 19:00:20:511,2.5242,0.4406,9.8516,0.034,0.0099,9.8066,-0.0231,0.4819,-0.1103,-17.62,-33.87,21.31,356.43,-88.02,-142.81
52.41458,-1.556246,164.41,4.41,2,148.11,20 / 21,2653929,2019-09-06 19:00:20:611,2.9121,1.0557,10.1508,0.0224,0.0342,9.8065,0.0733,0.5057,-0.0989,-18.25,-34.25,20.5,336.88,-88.42,-161.75
52.41458,-1.556246,164.41,4.41,2,148.11,20 / 21,2654028,2019-09-06 19:00:20:710,2.3466,1.0585,10.1476,0.0128,0.0197,9.8066,0.0247,0.4334,-0.0527,-19.25,-33.87,20.19,320.47,-88.44,-174.77
52.41458,-1.556246,164.41,4.41,2,148.11,20 / 21,2654128,2019-09-06 19:00:20:810,2.2657,1.6932,9.8632,0.02,0.0085,9.8066,0.0098,0.4518,-0.0269,-18.69,-33.87,19.13,310.69,-88.34,177.3
52.41458,-1.556246,164.41,4.41,2,148.11,20 / 21,2654230,2019-09-06 19:00:20:912,1.9537,0.5688,9.7342,0.02,-0.0135,9.8065,0.0736,0.4604,-0.034,-19.37,-34.12,19.06,304.31,-88.08,171.33
52.41458,-1.556246,164.41,4.41,2,148.11,20 / 21,2654329,2019-09-06 19:00:21:011,1.533,1.052,9.5602,0.0246,0.0193,9.8066,0.0818,0.4469,-0.0877,-19.44,-34.37,18.56,295.15,-87.65,162.86
52.41458,-1.556246,164.41,4.41,2,148.11,20 / 21,2654428,2019-09-06 19:00:21:110,2.675,1.3918,9.6703,0.014,0.0238,9.8066,0.094,0.4639,-0.0945,-19.87,-34.87,17.88,285.17,-87.36,156.52
52.41458,-1.556246,164.41,4.41,2,148.11,20 / 21,2654529,2019-09-06 19:00:21:211,2.426,1.4543,10.3295,0.0384,0.0015,9.8065,-0.0607,0.4315,-0.0331,-19.87,-34.31,16.88,278.4,-86.9,152.03
52.41458,-1.556246,164.41,4.41,2,148.11,20 / 21,2654628,2019-09-06 19:00:21:310,2.1745,0.7304,9.0131,0.0111,-0.0068,9.8066,-0.0425,0.4067,0.0069,-20.37,-34.69,17.19,275.78,-86.92,149.51
52.41458,-1.556246,164.41,4.41,2,148.11,20 / 21,2654728,2019-09-06 19:00:21:410,3.5841,1.8465,9.4372,-0.006,-0.0021,9.8066,-0.0848,0.3362,0.0465,-20.87,-34.44,15.19,274.4,-87.05,152.75
52.41458,-1.556246,164.41,4.41,2,148.11,20 / 21,2654829,2019-09-06 19:00:21:511,1.6454,2.491,10.0736,0.0465,-0.0159,9.8065,0.1938,0.3642,-0.029,-20.69,-33.81,14.75,276.76,-87.05,155.1
52.41458,-1.556246,164.41,4.41,2,148.11,20 / 21,2654929,2019-09-06 19:00:21:611,1.7367,0.6286,10.3992,-0.0303,0.0353,9.8065,0.0649,0.293,-0.0706,-21.56,-34.75,15.31,272.89,-87.12,152.39
52.41458,-1.556246,164.41,4.41,2,148.11,20 / 21,2655029,2019-09-06 19:00:21:711,0.9509,0.6785,9.1557,-0.0194,0.0285,9.8065,-0.0132,0.253,0.0572,-22.12,-33.69,14.13,269.36,-86.9,150.93
52.41458,-1.556246,164.41,4.41,2,148.11,20 / 21,2655129,2019-09-06 19:00:21:811,0.3535,0.5581,9.3609,-0.0399,-0.0025,9.8066,0.0539,0.2377,0.0463,-21.94,-33.44,14.25,274.32,-86.93,155.73
52.41458,-1.556246,164.41,4.41,2,148.11,20 / 21,2655229,2019-09-06 19:00:21:911,1.9785,-1.4784,9.0091,-0.028,-0.0173,9.8065,-0.1666,0.145,0.1472,-22.12,-33.25,14.31,279.88,-86.87,161.34
52.41458,-1.556246,164.41,4.41,2,148.11,20 / 21,2655328,2019-09-06 19:00:22:010,0.5574,-1.2657,10.0052,0.0341,-0.0538,9.8064,-0.1778,0.0882,0.0516,-22.81,-32.69,14.69,288.09,-86.74,168.74
52.41458,-1.556246,164.41,4.41,2,148.11,20 / 21,2655429,2019-09-06 19:00:22:111,1.3455,-0.6375,9.8246,0.024,-0.0105,9.8066,-0.1892,0.1682,-0.1303,-22.69,-32.69,14.94,293.36,-86.43,174.24
52.41458,-1.556246,164.41,4.41,2,148.11,20 / 21,2655528,2019-09-06 19:00:22:210,1.5689,0.304,8.9994,-0.0088,0.0298,9.8065,-0.0219,0.071,-0.067,-22.5,-32.56,14.25,284.43,-86.7,166.04
52.41458,-1.556246,164.41,4.41,2,148.11,20 / 21,2655628,2019-09-06 19:00:22:310,0.393,-0.1319,9.8043,-0.045,0.0339,9.8065,0.0369,0.0609,0.0277,-22,-32.75,13.19,278.41,-86.99,161.7
52.41458,-1.556246,164.41,4.41,2,148.11,20 / 21,2655728,2019-09-06 19:00:22:410,1.1626,-1.3531,10.6185,-0.003,-0.0203,9.8066,0.1338,0.0182,0.0486,-21.87,-33.5,12.5,278.75,-87.19,161.78
52.41458,-1.556246,164.41,4.41,2,148.11,20 / 21,2655829,2019-09-06 19:00:22:511,2.135,-2.1132,9.3455,-0.0538,0.0079,9.8065,0.2648,-0.0808,0.1115,-22.06,-33.19,12.06,279.92,-87.49,164.59
52.41458,-1.556246,164.41,4.41,2,148.11,20 / 21,2655929,2019-09-06 19:00:22:611,2.7015,-1.6635,10.6159,0.1023,-0.0627,9.8059,-0.2366,-0.172,0.0768,-22.06,-32.94,12.88,292.98,-87.4,175.52
52.41458,-1.556246,164.41,4.41,2,148.11,20 / 21,2656029,2019-09-06 19:00:22:711,-0.6822,0.5416,9.8145,0.0701,0.0011,9.8064,0.0057,0.1158,-0.1215,-22.19,-33.44,12.06,289.09,-86.79,174.51
52.41458,-1.556246,164.41,4.41,2,148.11,20 / 21,2656129,2019-09-06 19:00:22:811,-0.0313,0.3731,9.2915,-0.0357,0.0181,9.8065,-0.0379,0.1081,-0.1386,-21.56,-33.69,12.94,284.35,-86.83,167.89
52.41458,-1.556246,164.41,4.41,2,148.11,20 / 21,2656228,2019-09-06 19:00:22:910,-0.2101,-2.2015,9.5744,0.0081,0.0119,9.8066,-0.0889,-0.0647,0.1665,-21.75,-33.62,12.44,278.94,-86.65,164.84
52.41458,-1.556246,164.41,4.41,2,148.11,20 / 21,2656329,2019-09-06 19:00:23:011,2.1238,-2.0502,11.2045,-0.0065,-0.0098,9.8066,0.2013,-0.0216,-0.0419,-22.75,-33.56,12.94,281.01,-86.78,165.63
52.41458,-1.556246,164.41,4.41,2,148.11,20 / 21,2656429,2019-09-06 19:00:23:111,2.7752,-0.2706,11.1759,-0.0549,0.0636,9.8063,0.2073,-0.086,0.0267,-21.81,-33.87,13.19,279.32,-86.85,162.9
52.41458,-1.556246,164.41,4.41,2,148.11,20 / 21,2656528,2019-09-06 19:00:23:210,0.6543,-1.3331,10.7093,0.1032,-0.0317,9.806,-0.062,-0.0117,0.0062,-22.37,-34.06,13.06,278.88,-86.09,163.49
52.41458,-1.556246,164.41,4.41,2,148.11,20 / 21,2656629,2019-09-06 19:00:23:311,1.0236,-0.0896,9.0196,0.0465,-0.005,9.8065,0.1756,-0.0051,0.1791,-21.69,-34.12,13.81,277.84,-86.12,160.41
52.41458,-1.556246,164.41,4.41,2,148.11,20 / 21,2656729,2019-09-06 19:00:23:411,4.3785,0.8935,9.029,-0.0788,0.0096,9.8063,0.2064,0.1184,-0.0486,-22.25,-33.81,14.06,283.38,-86.33,165.6
52.41458,-1.556246,164.41,4.41,2,148.11,20 / 21,2656828,2019-09-06 19:00:23:510,0.9203,-1.4823,10.3433,-0.0662,-0.0114,9.8063,0.031,0.0054,0.1336,-22.62,-33.56,13.13,287.04,-86.35,172.09
52.41458,-1.556246,164.41,4.41,2,148.11,20 / 21,2656930,2019-09-06 19:00:23:612,2.0319,-1.5064,10.2332,-0.0083,-0.0249,9.8065,0.0211,0.0382,-0.1803,-22.56,-33.56,13.13,288.45,-86.72,173.01
52.41458,-1.556246,164.41,4.41,2,148.11,20 / 21,2657029,2019-09-06 19:00:23:711,0.4796,2.0097,11.0334,-0.005,0.0261,9.8065,0.1521,0.1043,0.0451,-22.5,-34,12.94,287.9,-86.99,171.16
52.41458,-1.556246,164.41,4.41,2,148.11,20 / 21,2657128,2019-09-06 19:00:23:810,-1.7175,-1.325,9.7502,0.0002,-0.0017,9.8066,0.0651,0.0282,0.1024,-22.75,-33.81,12.94,288.04,-86.69,172.65
52.41458,-1.556246,164.41,4.41,2,148.11,20 / 21,2657228,2019-09-06 19:00:23:910,-2.733,-1.9099,9.2837,-0.0079,-0.0078,9.8066,-0.0298,-0.2177,-0.0091,-22.87,-33.75,13.88,291.19,-86.36,174.2
52.41458,-1.556246,164.41,4.41,2,148.11,20 / 21,2657329,2019-09-06 19:00:24:011,1.7805,-1.394,9.9657,-0.0212,0.0561,9.8064,0.3563,-0.1518,0.055,-22.5,-34.12,13.69,286.28,-86.1,168.74
52.41458,-1.556246,164.41,4.41,2,148.11,20 / 21,2657429,2019-09-06 19:00:24:111,2.5539,-2.8504,11.1755,-0.1353,0.0477,9.8055,0.2155,-0.0671,-0.0208,-22.19,-33.87,13.5,283.34,-86.56,165.26
52.41458,-1.556246,164.41,4.41,2,148.11,20 / 21,2657528,2019-09-06 19:00:24:210,0.863,-1.9162,11.9963,0.099,-0.0386,9.806,0.0978,-0.0502,0.0232,-22,-34.06,12.63,277.55,-87.01,160.92
52.41458,-1.556246,164.41,4.41,2,148.11,20 / 21,2657629,2019-09-06 19:00:24:311,1.5767,0.5505,10.694,0.0124,0.0073,9.8066,0.2741,0.0713,-0.1451,-21.87,-34.19,13.75,278.82,-86.56,160.8
52.41458,-1.556246,164.41,4.41,2,148.11,20 / 21,2657728,2019-09-06 19:00:24:410,0.2972,-2.9619,9.9278,0.128,-0.0449,9.8057,-0.1698,-0.1416,0.1797,-22.19,-34.31,12.88,276.44,-85.61,161.7
52.41458,-1.556246,164.41,4.41,2,148.11,20 / 21,2657829,2019-09-06 19:00:24:511,1.7158,-0.6807,9.2358,0.0529,-0.061,9.8063,0.1275,0.0717,-0.0873,-21.87,-33.75,13.56,281.01,-85.75,164.02
52.41458,-1.556246,164.41,4.41,2,148.11,20 / 21,2657928,2019-09-06 19:00:24:610,1.0424,-1.9434,10.4308,-0.0224,0.0275,9.8065,-0.1821,0.0156,0.028,-22.12,-34.94,12.56,277.88,-86.17,162.52
52.41458,-1.556246,164.41,4.41,2,148.11,20 / 21,2658030,2019-09-06 19:00:24:712,1.229,-3.6775,9.7771,-0.0353,0.0086,9.8065,-0.0244,-0.0583,-0.1508,-21.19,-34.56,13.38,274.82,-86.58,157.92
52.41458,-1.556246,164.41,4.41,2,148.11,20 / 21,2658129,2019-09-06 19:00:24:811,1.0914,-0.7956,10.4914,0.0645,-0.0048,9.8063,0.0459,-0.107,0.1283,-21.62,-34.56,13,270.57,-86.77,154.43
52.41458,-1.556246,164.41,4.41,2,148.11,20 / 21,2658228,2019-09-06 19:00:24:910,0.2912,-1.4334,10.437,0.1219,-0.0683,9.8056,-0.1366,-0.0185,0.0041,-21.75,-34.25,13.13,274.28,-85.88,159.19
52.41458,-1.556246,164.41,4.41,2,148.11,20 / 21,2658329,2019-09-06 19:00:25:011,0.4099,-0.8636,6.9565,0.0093,-0.0091,9.8066,-0.2167,-0.0199,0.023,-22,-34,13.94,277.8,-85.8,160.79
52.41458,-1.556246,164.41,4.41,2,148.11,20 / 21,2658429,2019-09-06 19:00:25:111,0.2738,-0.1943,9.5454,0.0731,-0.043,9.8062,-0.5103,0.0017,-0.0052,-21.69,-34.25,13.38,277.28,-85.55,162.62
52.41458,-1.556246,164.41,4.41,2,148.11,20 / 21,2658528,2019-09-06 19:00:25:210,-2.7774,0.7027,9.2273,-0.1371,0.0445,9.8055,0.1349,-0.0337,-0.0328,-21.62,-33.62,13.56,276.03,-86.92,157.57
52.41458,-1.556246,164.41,4.41,2,148.11,20 / 21,2658629,2019-09-06 19:00:25:311,-0.1622,0.5714,10.5607,-0.0612,0.0226,9.8064,0.0425,-0.1052,0.0643,-22,-33.94,12.81,275.81,-87.01,159.2
52.41458,-1.556246,164.41,4.41,2,148.11,20 / 21,2658728,2019-09-06 19:00:25:410,0.814,-1.4179,10.1489,0.0235,-0.0021,9.8065,0.1864,0.0471,-0.1032,-22.31,-34.37,12.94,275.93,-86.77,159.65
52.41458,-1.556246,164.41,4.41,2,148.11,20 / 21,2658829,2019-09-06 19:00:25:511,-0.2859,-0.2011,10.0213,0.0411,0.0021,9.8065,0.028,0.1061,-0.0818,-21.19,-34.37,13.25,274.9,-86.06,158.57
52.41458,-1.556246,164.41,4.41,2,148.11,20 / 21,2658929,2019-09-06 19:00:25:611,1.4573,-0.5229,9.2592,0.0162,-0.0233,9.8065,0.0581,-0.0136,-0.0593,-21.87,-33.56,14.06,276.91,-85.4,160.43
52.41458,-1.556246,164.41,4.41,2,148.11,20 / 21,2659029,2019-09-06 19:00:25:711,2.4683,-0.5092,8.3369,-0.0302,0.0125,9.8065,0.0271,0.0447,-0.0111,-21.75,-34.56,13.63,276.55,-85.62,159.96
52.41458,-1.556246,164.41,4.41,2,148.11,20 / 21,2659128,2019-09-06 19:00:25:810,0.0649,1.5901,9.271,-0.0667,0.0338,9.8063,-0.0874,-0.0837,0.0394,-21.5,-34.12,13.5,272.7,-86.55,153.67
52.41458,-1.556246,164.41,4.41,2,148.11,20 / 21,2659228,2019-09-06 19:00:25:910,1.3589,0.0864,9.8964,-0.0432,0.0138,9.8065,0.0452,0.0507,0.0174,-21.69,-34,11.88,267.72,-87.01,153.17
52.41458,-1.556246,164.41,4.41,2,148.11,20 / 21,2659329,2019-09-06 19:00:26:011,0.0462,-0.7404,10.0794,0.0462,-0.0438,9.8064,0.0614,0.0555,-0.0897,-22.12,-33.94,13,271.71,-87.01,155.11
52.41458,-1.556246,164.41,4.41,2,148.11,20 / 21,2659429,2019-09-06 19:00:26:111,-0.445,-0.6973,10.2578,0.0544,-0.0369,9.8064,0.0707,0.0305,0.042,-22.12,-33.94,13.19,278.64,-86.22,163.06
52.41458,-1.556246,164.41,4.41,2,148.11,20 / 21,2659528,2019-09-06 19:00:26:210,-0.2985,-0.0442,9.7658,-0.0049,-0.0071,9.8065,0.0677,-0.0197,-0.0807,-22.06,-34.06,13.69,282.23,-85.7,165.3
52.41458,-1.556246,164.41,4.41,2,148.11,20 / 21,2659629,2019-09-06 19:00:26:311,1.7728,-0.4399,9.2283,-0.0152,0.0415,9.8065,0.1073,-0.0177,-0.0414,-21.75,-33.81,13.5,279.36,-85.62,162.57
52.41458,-1.556246,164.41,4.41,2,148.11,20 / 21,2659729,2019-09-06 19:00:26:411,-1.2716,0.8153,9.4669,-0.0318,0.0194,9.8065,-0.1827,-0.0038,0.0053,-21.75,-34.37,13.44,273.32,-86.07,157.98
52.41458,-1.556246,164.41,4.41,2,148.11,20 / 21,2659828,2019-09-06 19:00:26:510,-0.5987,0.1668,9.0889,-0.0014,0.002,9.8066,-0.1821,0.0571,-0.0223,-21.5,-33.56,12.94,272.91,-86.35,156.19
52.41458,-1.556246,164.41,4.41,2,148.11,20 / 21,2659928,2019-09-06 19:00:26:610,0.0427,-0.2158,9.623,-0.0214,0.005,9.8066,0.108,0.1204,-0.1194,-22.12,-34.12,12.81,270.55,-86.37,154.81
52.41458,-1.556246,164.41,4.41,2,148.11,20 / 21,2660029,2019-09-06 19:00:26:711,1.697,-0.0471,10.6403,-0.0052,-0.0079,9.8066,0.1517,0.0181,0.0219,-21.37,-34.06,13.13,272.4,-86.24,155.83
52.41458,-1.556246,164.41,4.41,2,148.11,20 / 21,2660129,2019-09-06 19:00:26:811,0.7841,0.0592,9.3816,0.0067,0.0122,9.8066,0.0767,-0.0185,0.0292,-21.44,-34.37,13,274.39,-85.89,158.3
52.41458,-1.556246,164.41,4.41,2,148.11,20 / 21,2660228,2019-09-06 19:00:26:910,0.2583,-0.215,11.1594,0.0226,-0.0075,9.8066,-0.0358,-0.0005,-0.0437,-21.62,-34,13.69,276.89,-85.55,160.23
52.41458,-1.556246,164.41,4.41,2,148.11,20 / 21,2660329,2019-09-06 19:00:27:011,1.3973,-1.7798,8.7352,-0.0046,0.0088,9.8066,-0.0954,0.062,-0.1476,-21.75,-33.5,13.25,272.42,-85.71,157.41
52.41458,-1.556246,164.41,4.41,2,148.11,20 / 21,2660429,2019-09-06 19:00:27:111,-0.5506,1.0434,10.8283,0.0045,0.0483,9.8065,0.05,-0.024,0.0147,-21.25,-33.81,13.44,266.32,-85.7,150.48
52.41458,-1.556246,164.41,4.41,2,148.11,20 / 21,2660529,2019-09-06 19:00:27:211,-0.2417,0.9926,9.662,0.0074,-0.0034,9.8065,-0.0082,0.0307,0.0392,-21.12,-33.44,12.38,261.69,-85.73,147.71
52.41458,-1.556246,164.41,4.41,2,148.11,20 / 21,2660629,2019-09-06 19:00:27:311,1.5999,0.4988,9.4403,0.0407,-0.0383,9.8064,-0.0414,0.1116,-0.0534,-21.81,-33.94,12.63,267.51,-85.36,153.12
52.41458,-1.556246,164.41,4.41,2,148.11,20 / 21,2660728,2019-09-06 19:00:27:410,-0.5222,1.0939,8.4323,-0.033,0.0198,9.8065,0.1034,0.0831,0.0003,-21.62,-33.12,12.06,263.62,-85.25,151.24
52.41458,-1.556246,164.41,4.41,2,148.11,20 / 21,2660829,2019-09-06 19:00:27:511,1.2855,-1.7983,9.0218,-0.0522,0.0007,9.8065,-0.2302,0.1425,-0.0182,-22.69,-33.56,12.19,264.1,-85.36,152.61
52.41458,-1.556246,164.41,4.41,2,148.11,20 / 21,2660928,2019-09-06 19:00:27:610,-0.5299,0.784,9.3875,-0.0376,0.024,9.8065,-0.1285,-0.0481,0.0648,-22.37,-33.94,12.19,263.95,-86.04,150.69
52.41458,-1.556246,164.41,4.41,2,148.11,20 / 21,2661028,2019-09-06 19:00:27:710,-1.5047,2.3981,10.1767,-0.0257,0.0079,9.8066,-0.0238,0.0354,-0.1231,-22.56,-33.31,11.81,262.92,-86.26,150.09
52.41458,-1.556246,164.41,4.41,2,148.11,20 / 21,2661129,2019-09-06 19:00:27:811,0.0356,0.2411,10.1053,0.0239,-0.0252,9.8066,0.0227,0.0537,0.0516,-22.12,-34.19,12.06,264.89,-86.16,151.47
52.41458,-1.556246,164.41,4.41,2,148.11,20 / 21,2661231,2019-09-06 19:00:27:913,1.431,-1.125,8.9387,0.0321,-0.029,9.8065,0.0608,0.0663,0.0805,-21.94,-34,12.13,270.46,-85.79,157.59
52.41458,-1.556246,164.41,4.41,2,148.11,20 / 21,2661328,2019-09-06 19:00:28:010,-0.1061,-0.2005,9.9611,-0.0197,-0.0116,9.8066,-0.2508,0.0179,0.026,-22.87,-33.87,12,272.39,-85.95,160.16
52.41458,-1.556246,164.41,4.41,2,148.11,20 / 21,2661430,2019-09-06 19:00:28:112,-1.3519,-0.5921,9.9624,0.0034,-0.0077,9.8066,-0.3731,-0.075,0.0558,-23.12,-33.81,12.56,275.77,-86.08,161.34
52.41458,-1.556246,164.41,4.41,2,148.11,20 / 21,2661529,2019-09-06 19:00:28:211,1.7075,-1.0687,10.5149,-0.0375,0.0229,9.8065,0.4343,0.0221,0.0513,-22.56,-33.56,12.19,274.1,-86.3,161.4
52.41458,-1.556246,164.41,4.41,2,148.11,20 / 21,2661628,2019-09-06 19:00:28:310,0.0409,0.2963,10.7131,-0.0387,-0.0078,9.8065,0.216,0.0141,0.0668,-22.56,-33.31,12.06,277.37,-86.01,164.88
52.41458,-1.556246,164.41,4.41,2,148.11,20 / 21,2661729,2019-09-06 19:00:28:411,0.8976,-3.2604,10.9269,0.0483,-0.0386,9.8064,-0.0745,0.0977,-0.0878,-22.87,-33.56,12.19,281.92,-85.68,169.97
52.41458,-1.556246,164.41,4.41,2,148.11,20 / 21,2661829,2019-09-06 19:00:28:511,0.1435,-0.8668,9.2969,-0.002,-0.0033,9.8066,0.0175,0.0367,0.02,-22.62,-33.31,12.56,284.8,-85.47,170.86
52.41458,-1.556246,164.41,4.41,2,148.11,20 / 21,2661929,2019-09-06 19:00:28:611,1.2957,1.4463,9.4519,0.0022,-0.0155,9.8066,-0.0832,-0.1347,0.1631,-23,-33.5,12.44,286.75,-85.5,174.75
52.41458,-1.556246,164.41,4.41,2,148.11,20 / 21,2662028,2019-09-06 19:00:28:710,0.2854,-1.1737,9.3201,-0.0226,0.0138,9.8066,-0.0268,-0.046,-0.0504,-23,-33.62,11.25,287.72,-85.92,177.39
52.41458,-1.556246,164.41,4.41,2,148.11,20 / 21,2662128,2019-09-06 19:00:28:810,0.2257,-1.4535,8.5586,-0.0197,0.0088,9.8066,-0.1404,0.057,-0.0474,-22.31,-33.94,10.69,285.82,-86.43,174.04
52.41458,-1.556246,164.41,4.41,2,148.11,20 / 21,2662229,2019-09-06 19:00:28:911,-1.2384,-0.0669,10.1437,-0.0097,-0.0005,9.8066,-0.1015,0.0828,-0.0355,-22.69,-33.94,10.94,283.44,-86.53,172.41
52.41458,-1.556246,164.41,4.41,2,148.11,20 / 21,2662329,2019-09-06 19:00:29:011,-0.6272,0.1735,10.722,-0.0356,0.0112,9.8065,0.2419,-0.1437,0.0907,-22.56,-33.75,11.56,285.64,-86.42,172.64
52.41443,-1.555124,162.56,10.76,2,97.74,20 / 21,2662429,2019-09-06 19:00:29:111,-1.0504,-0.6704,10.7407,-0.0201,0.0142,9.8066,0.168,-0.0282,-0.0104,-22.69,-33.56,12.19,286.59,-86.25,173.79
52.41443,-1.555124,162.56,10.76,2,97.74,20 / 21,2662528,2019-09-06 19:00:29:210,-0.247,-1.1452,9.7334,-0.0109,-0.0283,9.8065,0.1423,-0.0979,0.0309,-23,-33.75,12.13,288.67,-85.85,176.34
52.41443,-1.555124,162.56,10.76,2,97.74,20 / 21,2662629,2019-09-06 19:00:29:311,-0.9549,0.5274,10.3745,-0.0234,0.021,9.8066,0.1139,-0.0744,0.0374,-23.12,-33.69,12.5,292.64,-85.69,178.35
52.41443,-1.555124,162.56,10.76,2,97.74,20 / 21,2662729,2019-09-06 19:00:29:411,-1.086,-1.0529,10.1395,-0.0488,0.0065,9.8065,-0.0234,0.0057,0.039,-23.06,-34,12.38,291.39,-85.97,178.82
52.41443,-1.555124,162.56,10.76,2,97.74,20 / 21,2662829,2019-09-06 19:00:29:511,-0.9465,0.1857,9.4204,0.0203,-0.0087,9.8066,0.0687,0.0717,-0.0943,-23.06,-33.69,12.56,293.34,-85.76,178.95
52.41443,-1.555124,162.56,10.76,2,97.74,20 / 21,2662929,2019-09-06 19:00:29:611,-0.5983,-0.2712,9.7571,0.0006,-0.0064,9.8065,0.0434,-0.1445,0.1568,-23.31,-33,12.75,292.74,-85.6,178.41
52.41443,-1.555124,162.56,10.76,2,97.74,20 / 21,2663028,2019-09-06 19:00:29:710,-0.9716,-3.8766,10.2103,0.0243,-0.005,9.8065,-0.0752,-0.2009,0.133,-23.75,-32.62,13.31,298.38,-85.33,-175.01
52.41443,-1.555124,162.56,10.76,2,97.74,20 / 21,2663129,2019-09-06 19:00:29:811,1.2876,0.2435,9.0235,0.0025,-0.0251,9.8066,0.0014,0.0842,-0.0818,-23.56,-33.5,12.75,299.29,-85.26,-174.06
52.41443,-1.555124,162.56,10.76,2,97.74,20 / 21,2663228,2019-09-06 19:00:29:910,0.6708,-1.71,8.4036,0.0022,-0.026,9.8065,-0.276,0.004,-0.0362,-24.19,-32.62,12.38,300.39,-85.41,-171.21
52.41443,-1.555124,162.56,10.76,2,97.74,20 / 21,2663328,2019-09-06 19:00:30:010,-4.0022,-1.3563,10.4515,-0.028,0.0078,9.8066,-0.2536,-0.127,0.1143,-24.06,-33.06,11.94,303.71,-85.94,-168.63
52.41443,-1.555124,162.56,10.76,2,97.74,20 / 21,2663429,2019-09-06 19:00:30:111,-1.6193,-0.4326,10.8805,-0.0639,0.0421,9.8063,0.238,-0.0777,-0.0055,-24.12,-33.19,11.69,308.02,-86.69,-165.29
52.41443,-1.555124,162.56,10.76,2,97.74,20 / 21,2663528,2019-09-06 19:00:30:210,-0.3579,0.7728,10.3635,-0.0326,0.0345,9.8064,0.1837,-0.012,-0.1013,-23.25,-33.19,11.81,304.55,-86.59,-169.38
52.41443,-1.555124,162.56,10.76,2,97.74,20 / 21,2663629,2019-09-06 19:00:30:311,-0.0129,-0.1493,9.7897,0.0273,-0.0342,9.8065,0.1306,-0.0721,0.0844,-23.06,-33,12.56,302.02,-86.13,-173.29
52.41443,-1.555124,162.56,10.76,2,97.74,20 / 21,2663729,2019-09-06 19:00:30:411,0.816,-1.5262,9.4234,0.0003,-0.0246,9.8065,-0.1024,-0.0689,0.0473,-23.81,-33.81,12.63,305.41,-85.56,-168.44
52.41443,-1.555124,162.56,10.76,2,97.74,20 / 21,2663828,2019-09-06 19:00:30:510,-3.2739,-0.4694,11.383,-0.0705,0.0797,9.806,0.4279,-0.0468,0.0464,-22.87,-33.62,13.31,305.55,-86.15,-169.83
52.41443,-1.555124,162.56,10.76,2,97.74,20 / 21,2663929,2019-09-06 19:00:30:611,0.2011,0.1271,10.3746,-0.0897,0.0053,9.8062,0.0233,0.1258,-0.0951,-23.62,-33.75,12.19,301.96,-86.32,-170.59
52.41443,-1.555124,162.56,10.76,2,97.74,20 / 21,2664029,2019-09-06 19:00:30:711,-1.0309,0.8892,10.3733,0.044,0.0157,9.8064,-0.0449,-0.3952,0.1911,-23.56,-33.69,12.69,302.77,-86,-171.41
52.41443,-1.555124,162.56,10.76,2,97.74,20 / 21,2664129,2019-09-06 19:00:30:811,0.4442,-1.6594,10.777,0.0109,-0.0306,9.8065,0.0387,0.0872,-0.1719,-23.87,-33.75,13.25,305.45,-85.82,-168.67
52.41443,-1.555124,162.56,10.76,2,97.74,20 / 21,2664229,2019-09-06 19:00:30:911,0.4081,-0.4406,9.7351,-0.044,0.0197,9.8065,0.1858,-0.056,0.0771,-23.62,-33.31,12.38,301.94,-85.29,-169.62
52.41443,-1.555124,162.56,10.76,2,97.74,20 / 21,2664328,2019-09-06 19:00:31:010,-1.3733,-1.0918,10.7666,-0.0943,-0.0111,9.8062,-0.0742,0.0408,0.037,-23.75,-33.31,12.94,310.49,-85.64,-163.86
52.41443,-1.555124,162.56,10.76,2,97.74,20 / 21,2664429,2019-09-06 19:00:31:111,0.1482,-0.1334,9.6014,0.0162,-0.0267,9.8066,-0.1057,-0.0869,0.0935,-24.12,-32.94,13.13,315.67,-85.49,-158.87
52.41443,-1.555124,162.56,10.76,2,97.74,20 / 21,2664529,2019-09-06 19:00:31:211,-0.4483,0.9539,8.3037,0.0287,0.0021,9.8066,0.2178,-0.1944,0.0615,-24.75,-33.56,12.69,316.12,-85.59,-157.58
52.41443,-1.555124,162.56,10.76,2,97.74,20 / 21,2664628,2019-09-06 19:00:31:310,-2.1687,-0.7532,10.0567,-0.1098,0.0077,9.806,0.1907,-0.0649,0.0407,-24.06,-33.19,12.69,325.03,-85.97,-150.55
52.41443,-1.555124,162.56,10.76,2,97.74,20 / 21,2664728,2019-09-06 19:00:31:410,-0.4776,0.2094,9.383,-0.0791,0.0502,9.8061,-0.0912,0.1085,-0.1199,-24.56,-33.12,12.44,324.07,-86.1,-148.79
52.41443,-1.555124,162.56,10.76,2,97.74,20 / 21,2664829,2019-09-06 19:00:31:511,-1.0309,-0.033,10.8371,0.0441,-0.0105,9.8065,-0.0697,-0.0873,0.0358,-24.31,-33.25,12.75,323.8,-86.34,-151.97
52.41443,-1.555124,162.56,10.76,2,97.74,20 / 21,2664929,2019-09-06 19:00:31:611,0.3744,-1.2067,10.0207,0.016,0.0141,9.8066,0.1138,-0.0709,-0.0113,-24.19,-33.5,12.94,319.17,-86.18,-156.19
52.41443,-1.555124,162.56,10.76,2,97.74,20 / 21,2665029,2019-09-06 19:00:31:711,-2.5934,-0.4187,9.6195,0.0076,-0.0118,9.8066,0.1171,0.0036,-0.1074,-23.69,-33.31,13,316.79,-85.95,-158.23
52.41443,-1.555124,162.56,10.76,2,97.74,20 / 21,2665129,2019-09-06 19:00:31:811,-1.838,0.7549,10.681,-0.018,0.0455,9.8064,0.0222,-0.0967,0.0916,-23.44,-33.62,13.31,314.73,-86.12,-161.13
52.41443,-1.555124,162.56,10.76,2,97.74,20 / 21,2665229,2019-09-06 19:00:31:911,-4.3746,-0.861,10.8196,-0.0299,0.0289,9.8065,0.2767,-0.0009,-0.0551,-23.37,-33.69,13.5,317.13,-86.29,-160.95
52.41443,-1.555124,162.56,10.76,2,97.74,20 / 21,2665329,2019-09-06 19:00:32:011,0.8815,0.4821,10.0291,-0.0645,0.0346,9.8063,0.0348,0.0095,0.0069,-23.44,-34.12,13.5,313.38,-86.23,-164.43
52.41443,-1.555124,162.56,10.76,2,97.74,20 / 21,2665429,2019-09-06 19:00:32:111,-0.1243,-0.242,10.0866,0.0551,-0.0129,9.8065,-0.0188,-0.1264,0.1305,-23.62,-33.12,13.5,311.85,-85.85,-164.65
52.41443,-1.555124,162.56,10.76,2,97.74,20 / 21,2665529,2019-09-06 19:00:32:211,0.4872,0.1312,8.1745,0.0331,-0.0163,9.8065,-0.1887,0.0129,-0.0335,-23.31,-33.81,13.38,310.1,-85.38,-164.72
52.41443,-1.555124,162.56,10.76,2,97.74,20 / 21,2665628,2019-09-06 19:00:32:310,-1.5206,-0.1976,10.1448,-0.0333,-0.0211,9.8065,-0.0581,0.0009,-0.0089,-23.31,-33.69,13.94,316.47,-85.7,-161.03
52.41443,-1.555124,162.56,10.76,2,97.74,20 / 21,2665729,2019-09-06 19:00:32:411,-0.2966,0.3905,10.6625,-0.0216,-0.025,9.8065,-0.0988,-0.0787,0.0798,-23.31,-33.06,13.56,321.79,-85.73,-156.22
52.41443,-1.555124,162.56,10.76,2,97.74,20 / 21,2665829,2019-09-06 19:00:32:511,-2.3616,-0.2466,11.7786,0.0453,-0.0223,9.8065,0.2152,-0.0198,-0.0003,-23.75,-33.44,14,322.29,-85.59,-154.67
52.41443,-1.555124,162.56,10.76,2,97.74,20 / 21,2665930,2019-09-06 19:00:32:612,1.2422,-1.4622,9.0943,0.0069,0.032,9.8065,0.2203,-0.1,0.0122,-23.31,-33.5,13.81,319.65,-85.62,-158.11
52.41443,-1.555124,162.56,10.76,2,97.74,20 / 21,2666029,2019-09-06 19:00:32:711,-0.6914,0.0171,9.892,-0.0014,0.0138,9.8066,-0.1419,-0.1073,-0.0708,-23.87,-33.31,13.13,314.32,-85.76,-160.38
52.41443,-1.555124,162.56,10.76,2,97.74,20 / 21,2666128,2019-09-06 19:00:32:810,-4.0909,1.108,10.3495,-0.0422,0.0441,9.8064,-0.3777,-0.0665,-0.1044,-22.94,-33.12,13.56,315.87,-86.12,-162.08
52.41443,-1.555124,162.56,10.76,2,97.74,20 / 21,2666228,2019-09-06 19:00:32:910,-1.7981,0.9859,9.7033,-0.0265,0.0402,9.8065,0.407,0.0617,-0.0218,-22.94,-33.06,13.44,307.18,-86.68,-168.94
52.41443,-1.555124,162.56,10.76,2,97.74,20 / 21,2666330,2019-09-06 19:00:33:012,1.9567,-1.0133,10.2037,-0.0328,0.0236,9.8066,0.2227,0.0652,-0.0629,-23,-32.94,13.56,305.95,-86.39,-171.75
52.41443,-1.555124,162.56,10.76,2,97.74,21 / 21,2666429,2019-09-06 19:00:33:111,0.7305,0.6222,10.2507,0.0412,-0.0327,9.8065,0.0289,0.0692,-0.1121,-22.62,-32.5,14,302.54,-85.99,-174.7
52.41443,-1.555124,162.56,10.76,2,97.74,21 / 21,2666529,2019-09-06 19:00:33:211,1.1036,-0.1559,8.6862,0.0386,-0.0235,9.8065,-0.0588,-0.1084,0.0708,-23.12,-32.87,13.25,299.89,-85.52,-174.65
52.41443,-1.555124,162.56,10.76,2,97.74,21 / 21,2666628,2019-09-06 19:00:33:310,-2.675,0.9429,10.249,-0.0347,0.0096,9.8065,-0.02,-0.0242,0.0611,-22.94,-33.06,13,303.76,-85.57,-171.02
52.41443,-1.555124,162.56,10.76,2,97.74,21 / 21,2666729,2019-09-06 19:00:33:411,0.3039,0.1034,8.4354,-0.0198,0.0046,9.8066,-0.1365,-0.0381,0.0886,-23.12,-33.19,13.56,307.29,-85.72,-169.78
52.41443,-1.555124,162.56,10.76,2,97.74,21 / 21,2666829,2019-09-06 19:00:33:511,0.0042,-0.8475,8.4842,0.0225,-0.013,9.8065,-0.2852,0.0186,-0.0324,-23.06,-33.44,13.44,308.05,-85.66,-167.06
52.41443,-1.555124,162.56,10.76,2,97.74,21 / 21,2666929,2019-09-06 19:00:33:611,-1.1945,0.4806,9.4478,0.0201,-0.0144,9.8066,0.1073,-0.099,0.0374,-23.31,-33.19,13.25,309.13,-85.99,-166.39
52.41443,-1.555124,162.56,10.76,2,97.74,21 / 21,2667028,2019-09-06 19:00:33:710,-0.492,-1.7958,9.7076,-0.0185,0.0177,9.8066,-0.0312,0.0706,-0.1403,-23.19,-34,13.31,310.44,-86.11,-165.16
52.41443,-1.555124,162.56,10.76,2,97.74,21 / 21,2667129,2019-09-06 19:00:33:811,0.8037,0.0396,9.8479,-0.0068,0.0294,9.8066,0.0596,-0.0724,-0.0091,-22.81,-33.81,13.81,307.59,-86.31,-169.98
52.41443,-1.555124,162.56,10.76,2,97.74,21 / 21,2667228,2019-09-06 19:00:33:910,0.3047,-0.6439,9.6481,0.0298,0.0094,9.8066,-0.0448,-0.0693,0.041,-22.94,-33.94,14.13,303.41,-86.02,-173.66
52.41443,-1.555124,162.56,10.76,2,97.74,21 / 21,2667331,2019-09-06 19:00:34:013,-0.2319,-2.2345,10.0599,-0.0111,0.0201,9.8066,0.0681,-0.1137,0.0591,-22.62,-33.69,14.56,305.72,-85.97,-173.27
52.41443,-1.555124,162.56,10.76,2,97.74,21 / 21,2667428,2019-09-06 19:00:34:110,-0.136,1.138,9.5411,0.0027,-0.003,9.8066,-0.0329,0.0618,-0.1216,-22.44,-33.75,14.63,305.69,-86.11,-174.49
52.41443,-1.555124,162.56,10.76,2,97.74,21 / 21,2667529,2019-09-06 19:00:34:211,-2.5704,-1.6279,10.9598,0.0285,0.0034,9.8066,-0.0811,-0.2399,0.0804,-22.62,-34,14.25,299.68,-86.06,-177.27
52.41443,-1.555124,162.56,10.76,2,97.74,21 / 21,2667628,2019-09-06 19:00:34:310,1.6558,0.235,10.1748,0.0144,-0.0126,9.8066,-0.0208,-0.0633,0.0499,-21.87,-33.37,14.38,301.65,-86.24,-176.71
52.41443,-1.555124,162.56,10.76,2,97.74,21 / 21,2667729,2019-09-06 19:00:34:411,-0.8385,0.3539,8.775,0.0107,-0.0316,9.8065,0.0433,-0.0081,-0.0394,-23.19,-33.69,13.63,304.95,-86.01,-172.18
52.41443,-1.555124,162.56,10.76,2,97.74,21 / 21,2667828,2019-09-06 19:00:34:510,-1.098,-1.3818,9.6818,-0.0086,-0.007,9.8065,-0.1216,-0.111,0.1184,-22.87,-33.62,14.88,310.29,-86.11,-169.08
52.41443,-1.555124,162.56,10.76,2,97.74,21 / 21,2667928,2019-09-06 19:00:34:610,-1.9193,-1.142,9.7437,-0.0456,0.0162,9.8065,-0.1791,-0.084,-0.0036,-23.12,-33.5,13.94,310.87,-86.09,-166.76
52.41443,-1.555124,162.56,10.76,2,97.74,21 / 21,2668029,2019-09-06 19:00:34:711,0.6744,0.4112,9.8424,-0.0459,0.0243,9.8065,0.0733,0.0671,-0.0596,-22.44,-34.25,14.38,312.96,-86.53,-166.15
52.41443,-1.555124,162.56,10.76,2,97.74,21 / 21,2668128,2019-09-06 19:00:34:810,-1.2431,-1.7124,10.2808,-0.0054,-0.0046,9.8066,0.0478,-0.1191,0.1022,-22.5,-33.5,14.44,316.13,-86.38,-163.11
52.41443,-1.555124,162.56,10.76,2,97.74,21 / 21,2668230,2019-09-06 19:00:34:912,0.7866,-0.9693,10.04,-0.0055,0.0127,9.8066,-0.0902,-0.1139,-0.0204,-22.5,-33.69,14.69,315.95,-86.32,-165.01
52.41443,-1.555124,162.56,10.76,2,97.74,21 / 21,2668329,2019-09-06 19:00:35:011,0.7128,0.6603,10.0598,0.0395,-0.0364,9.8065,0.2048,-0.0168,0.02,-22.19,-33.62,14.69,313.89,-86.18,-166.82
52.41443,-1.555124,162.56,10.76,2,97.74,21 / 21,2668429,2019-09-06 19:00:35:111,-0.5926,-2.2276,9.5957,0.0389,-0.0216,9.8065,-0.3122,-0.0433,-0.0365,-22.69,-34.25,14.13,312.85,-86.24,-164.94
52.41443,-1.555124,162.56,10.76,2,97.74,21 / 21,2668530,2019-09-06 19:00:35:212,-1.26,0.488,9.7147,-0.0146,0.0018,9.8066,-0.098,-0.0356,0.0109,-23.19,-33.94,14.88,315.41,-86.27,-164.39
52.41443,-1.555124,162.56,10.76,2,97.74,21 / 21,2668629,2019-09-06 19:00:35:311,-1.1869,-0.0472,9.8969,0.0113,-0.022,9.8066,0.1372,-0.1062,0.0544,-22.75,-34.44,14.19,314.86,-86,-162.82
52.41443,-1.555124,162.56,10.76,2,97.74,21 / 21,2668729,2019-09-06 19:00:35:411,0.1438,-0.294,9.4642,-0.0035,-0.0174,9.8066,0.1146,-0.0929,-0.023,-22.5,-33.25,15.5,319.16,-85.81,-163.46
52.41443,-1.555124,162.56,10.76,2,97.74,21 / 21,2668829,2019-09-06 19:00:35:511,1.1752,-3.7978,10.4005,0.005,-0.0323,9.8065,-0.4106,0.0109,0.0015,-22.56,-33.44,15,321.34,-85.65,-158.42
52.41443,-1.555124,162.56,10.76,2,97.74,21 / 21,2668930,2019-09-06 19:00:35:612,-0.2858,-0.164,9.7109,0.0097,-0.0006,9.8066,0.0194,-0.1485,0.0493,-23.31,-33.56,15.13,324.05,-85.92,-156.03
52.41443,-1.555124,162.56,10.76,2,97.74,21 / 21,2669028,2019-09-06 19:00:35:710,-1.2896,-0.9087,9.4421,0.0496,-0.0261,9.8065,-0.0729,-0.1569,0.0149,-23.37,-33.19,15.38,324.38,-85.9,-155.79
52.41443,-1.555124,162.56,10.76,2,97.74,21 / 21,2669128,2019-09-06 19:00:35:810,-2.0305,-3.2725,8.2331,-0.0624,-0.0271,9.8064,-0.2042,-0.1836,0.1429,-24.56,-32.62,16,330.26,-85.73,-149.93
52.41443,-1.555124,162.56,10.76,2,97.74,21 / 21,2669228,2019-09-06 19:00:35:910,-1.0346,-1.4477,9.186,-0.0675,0.0226,9.8063,0.0786,-0.1023,-0.0016,-24.06,-31.69,16.75,335.9,-85.8,-147.49
52.41443,-1.555124,162.56,10.76,2,97.74,21 / 21,2669329,2019-09-06 19:00:36:011,-1.722,1.2245,9.6688,-0.0772,0.0534,9.8061,-0.1947,-0.0195,0.0613,-23.81,-32.87,16.81,337.89,-85.86,-145.63
52.41443,-1.555124,162.56,10.76,2,97.74,21 / 21,2669429,2019-09-06 19:00:36:111,-2.553,-0.9918,9.8666,-0.0922,0.1096,9.8056,0.2909,-0.0151,-0.1414,-22.87,-32.62,16.63,347.72,-86.88,-137.97
52.41443,-1.555124,162.56,10.76,2,97.74,21 / 21,2669528,2019-09-06 19:00:36:210,-0.6212,-0.4019,11.1329,0.0619,-0.0541,9.8062,0.3808,-0.1821,0.0591,-22.69,-32.94,16,340.9,-86.31,-142.47
52.41443,-1.555124,162.56,10.76,2,97.74,21 / 21,2669629,2019-09-06 19:00:36:311,-0.5345,-1.0027,9.4036,0.0369,-0.0227,9.8065,-0.0508,-0.0474,-0.0861,-22.44,-32.31,16.63,343.24,-86.14,-143.14
52.41443,-1.555124,162.56,10.76,2,97.74,21 / 21,2669729,2019-09-06 19:00:36:411,0.4964,0.4361,9.0354,0.0201,-0.0181,9.8065,0.0819,-0.1555,0.102,-22.44,-33.25,16.56,336.38,-86.16,-149.45
52.41443,-1.555124,162.56,10.76,2,97.74,21 / 21,2669828,2019-09-06 19:00:36:510,-0.2788,-3.0389,10.3615,-0.0107,-0.0209,9.8065,-0.1249,0.0092,0.0095,-23.06,-32.69,16.44,336.48,-86.07,-146.45
52.41443,-1.555124,162.56,10.76,2,97.74,21 / 21,2669929,2019-09-06 19:00:36:611,-1.442,-0.722,10.3403,0.0046,0.0265,9.8066,-0.0679,0.003,-0.0721,-23.06,-32.94,16.25,340.79,-85.86,-142.38
52.41443,-1.555124,162.56,10.76,2,97.74,21 / 21,2670029,2019-09-06 19:00:36:711,0.2148,-1.512,10.3877,0.0551,-0.0102,9.8064,0.2045,-0.1495,-0.11,-22.06,-32.31,17.25,336.53,-85.8,-149.18
52.41443,-1.555124,162.56,10.76,2,97.74,21 / 21,2670128,2019-09-06 19:00:36:810,-0.5867,-1.9756,8.3076,0.0141,-0.0261,9.8065,0.1232,-0.211,0.0309,-21.87,-32.12,17.31,330.8,-85.37,-154.21
52.41443,-1.555124,162.56,10.76,2,97.74,21 / 21,2670228,2019-09-06 19:00:36:910,0.2076,-0.4915,9.1026,-0.0516,0.0279,9.8064,0.0921,-0.0137,0.026,-21.44,-32.5,17.75,335.79,-85.55,-152.64
52.41443,-1.555124,162.56,10.76,2,97.74,21 / 21,2670329,2019-09-06 19:00:37:011,-1.0348,-0.4341,10.3225,-0.0264,0.0115,9.8065,-0.1453,-0.151,0.0205,-21.31,-32.81,17.5,342.78,-85.93,-146.35
52.41443,-1.555124,162.56,10.76,2,97.74,21 / 21,2670429,2019-09-06 19:00:37:111,-1.5257,0.3726,10.2604,-0.0024,0.0054,9.8066,0.0174,-0.1293,-0.0317,-21.06,-32.75,17.44,343.89,-86.12,-143.75
52.41443,-1.555124,162.56,10.76,2,97.74,21 / 21,2670529,2019-09-06 19:00:37:211,-0.1179,0.4176,9.6394,0.0094,0.0189,9.8066,0.0377,-0.1327,-0.0306,-21.19,-32.5,17.44,339.78,-86.28,-147.65
52.41443,-1.555124,162.56,10.76,2,97.74,21 / 21,2670629,2019-09-06 19:00:37:311,-0.5417,-1.2892,9.4377,-0.001,-0.0182,9.8065,0.0786,-0.1381,0.1,-21.12,-32.94,18.06,338.74,-85.95,-150.06
52.41443,-1.555124,162.56,10.76,2,97.74,21 / 21,2670728,2019-09-06 19:00:37:410,-0.1154,-1.9078,10.1565,-0.0147,-0.0013,9.8066,0.0408,-0.047,0.0264,-21.25,-32.69,18.94,342.68,-85.69,-147.92
52.41443,-1.555124,162.56,10.76,2,97.74,21 / 21,2670829,2019-09-06 19:00:37:511,-0.5926,-0.8089,9.4334,-0.0032,0.0524,9.8065,-0.0895,-0.0885,-0.0792,-20.69,-33.19,18.19,339.95,-86.01,-148.97
52.41443,-1.555124,162.56,10.76,2,97.74,21 / 21,2670929,2019-09-06 19:00:37:611,-0.8551,-0.2124,9.7715,0.0327,0.0133,9.8066,-0.0366,-0.0822,-0.0986,-20.62,-32.62,18.25,340.09,-86.46,-149.04
52.41443,-1.555124,162.56,10.76,2,97.74,21 / 21,2671028,2019-09-06 19:00:37:710,-1.744,-1.1934,10.5926,0.0444,-0.0577,9.8063,-0.1153,0.1428,-0.0666,-20.12,-33,18.19,335.5,-86.33,-154.58
52.41443,-1.555124,162.56,10.76,2,97.74,21 / 21,2671128,2019-09-06 19:00:37:810,-1.9203,-0.9629,9.8532,-0.0394,0.0418,9.8064,-0.1195,-0.0836,-0.0204,-20.19,-32.12,19.13,337.55,-86.5,-154.39
52.41443,-1.555124,162.56,10.76,2,97.74,21 / 21,2671229,2019-09-06 19:00:37:911,1.7524,-1.0853,10.605,-0.0446,0.0212,9.8065,0.3509,-0.1108,-0.0114,-20.31,-32.75,18.75,337.02,-86.12,-154.66
52.41443,-1.555124,162.56,10.76,2,97.74,21 / 21,2671328,2019-09-06 19:00:38:010,-0.2575,-1.2823,10.3876,0.0258,-0.0262,9.8065,0.1998,-0.1686,0.03,-19.44,-32.06,19.56,337.52,-86.18,-157.21
52.41421,-1.553782,161.13,9.42,2,119.98,21 / 21,2671429,2019-09-06 19:00:38:111,-0.207,-1.866,10.2942,-0.043,0.0389,9.8064,0.0674,-0.1025,0.0269,-19.87,-32.25,19.69,335.27,-86.17,-157.87
52.41421,-1.553782,161.13,9.42,2,119.98,21 / 21,2671529,2019-09-06 19:00:38:211,-1.248,-1.3384,11.3818,0.0267,-0.0153,9.8066,-0.0752,-0.2073,0.1314,-19.87,-31.75,20.75,338.38,-86.69,-156.64
52.41421,-1.553782,161.13,9.42,2,119.98,21 / 21,2671628,2019-09-06 19:00:38:310,0.457,-0.6687,9.7747,0.0426,-0.0244,9.8064,0.209,-0.0136,-0.0228,-19.94,-31.44,20,336.27,-86.52,-157.15
52.41421,-1.553782,161.13,9.42,2,119.98,21 / 21,2671729,2019-09-06 19:00:38:411,1.003,-0.6313,9.0155,0.021,-0.0162,9.8066,-0.0197,-0.1144,0.0505,-19.25,-30.69,20.44,332.03,-85.99,-162.27
52.41421,-1.553782,161.13,9.42,2,119.98,21 / 21,2671828,2019-09-06 19:00:38:510,-0.0855,0.9861,7.7548,0.014,-0.0619,9.8064,-0.134,0.0727,-0.0601,-18.62,-29.81,18.69,330.46,-85.16,-161.79
52.41421,-1.553782,161.13,9.42,2,119.98,21 / 21,2671928,2019-09-06 19:00:38:610,-1.2858,0.2225,9.6289,-0.0509,0.0354,9.8064,-0.1969,-0.0499,0.033,-19.37,-30.44,16.63,331.47,-85.72,-157.88
52.41421,-1.553782,161.13,9.42,2,119.98,21 / 21,2672028,2019-09-06 19:00:38:710,-1.149,0.4067,10.1566,-0.0683,0.0638,9.8062,-0.2097,-0.1222,-0.0712,-20.94,-29.81,15.31,328.12,-86.37,-155.14
52.41421,-1.553782,161.13,9.42,2,119.98,21 / 21,2672129,2019-09-06 19:00:38:811,-1.3442,1.0643,10.8175,0.0246,0.013,9.8066,0.1278,-0.1771,-0.0305,-23.5,-30.44,16.38,319.64,-86.67,-162.83
52.41421,-1.553782,161.13,9.42,2,119.98,21 / 21,2672228,2019-09-06 19:00:38:910,2.8694,0.4468,9.8792,0.0479,-0.0222,9.8065,0.285,-0.0422,0.0815,-23.62,-30.81,17.94,318.72,-86.18,-165.48
52.41421,-1.553782,161.13,9.42,2,119.98,21 / 21,2672330,2019-09-06 19:00:39:012,0.2848,-3.2329,7.9185,0.0011,-0.0575,9.8064,-0.0653,-0.0668,-0.0365,-22.94,-31.31,20.5,327.95,-85.49,-161.99
52.41421,-1.553782,161.13,9.42,2,119.98,21 / 21,2672429,2019-09-06 19:00:39:111,-0.4168,-2.0645,8.7422,-0.0451,0.0522,9.8064,-0.0592,-0.1207,0.0173,-20.69,-32.12,22.38,335.41,-85.38,-158.83
52.41421,-1.553782,161.13,9.42,2,119.98,21 / 21,2672528,2019-09-06 19:00:39:210,-2.7009,0.2452,10.4768,-0.0538,0.0239,9.8064,-0.1534,-0.1348,0.0242,-20,-31.81,21.88,343.37,-85.99,-153.09
52.41421,-1.553782,161.13,9.42,2,119.98,21 / 21,2672629,2019-09-06 19:00:39:311,-0.7568,0.1552,10.457,-0.0592,0.0196,9.8064,0.0809,-0.0725,0.0647,-20.37,-33.37,21.5,350.48,-86.31,-146.55
52.41421,-1.553782,161.13,9.42,2,119.98,21 / 21,2672728,2019-09-06 19:00:39:410,-1.2044,1.2856,9.7705,-0.005,-0.0502,9.8065,0.2747,-0.2188,0.1681,-20.37,-32.44,21.38,353.86,-85.98,-142.05
52.41421,-1.553782,161.13,9.42,2,119.98,21 / 21,2672829,2019-09-06 19:00:39:511,-0.4942,-1.2814,9.9456,-0.0196,-0.0124,9.8066,-0.1936,-0.1075,0.0221,-20.87,-32.81,20.81,355.93,-85.25,-138.68
52.41421,-1.553782,161.13,9.42,2,119.98,21 / 21,2672928,2019-09-06 19:00:39:610,-0.8105,-0.4639,9.812,0.0203,-0.0274,9.8065,-0.0792,-0.1463,-0.0116,-20.62,-32.62,21.19,353.16,-85.14,-141.17
52.41421,-1.553782,161.13,9.42,2,119.98,21 / 21,2673029,2019-09-06 19:00:39:711,-0.0921,-0.3518,10.214,-0.0243,0.0215,9.8065,0.0578,-0.0449,-0.0175,-20.37,-32.62,20.94,357.56,-85.32,-138.6
52.41421,-1.553782,161.13,9.42,2,119.98,21 / 21,2673129,2019-09-06 19:00:39:811,-1.5036,0.4469,9.9988,0.0567,-0.0501,9.8064,-0.2544,0.0141,-0.0743,-19.94,-32.56,21.13,357.72,-85.36,-138.46
52.41421,-1.553782,161.13,9.42,2,119.98,21 / 21,2673229,2019-09-06 19:00:39:911,-0.8284,0.8682,11.6153,0.0626,-0.06,9.8062,-0.0101,-0.0424,-0.0078,-20,-33.31,20.75,355.87,-85.49,-140.15
52.41421,-1.553782,161.13,9.42,2,119.98,21 / 21,2673328,2019-09-06 19:00:40:010,-1.208,0.1082,9.837,0.0154,-0.0263,9.8065,0.1049,-0.087,-0.032,-20.31,-32.81,22,355.82,-85.3,-141.51
52.41421,-1.553782,161.13,9.42,2,119.98,21 / 21,2673429,2019-09-06 19:00:40:111,0.9496,0.5969,8.524,0.0413,-0.0398,9.8064,0.1352,-0.1256,0.022,-20.19,-32.87,22.13,351.44,-84.71,-145.38
52.41421,-1.553782,161.13,9.42,2,119.98,21 / 21,2673528,2019-09-06 19:00:40:210,-1.2824,-1.879,9.361,-0.0438,0.0237,9.8065,-0.1128,-0.1763,0.0247,-19.25,-32.62,22.25,356.63,-84.65,-142.18
52.41421,-1.553782,161.13,9.42,2,119.98,21 / 21,2673628,2019-09-06 19:00:40:310,-1.1848,-0.9541,9.7803,-0.0287,0.0339,9.8065,-0.1064,-0.1187,0.0819,-19.94,-32.5,21.81,357.8,-84.95,-139.71
52.41421,-1.553782,161.13,9.42,2,119.98,21 / 21,2673729,2019-09-06 19:00:40:411,-1.5317,0.0627,9.6589,-0.019,0.025,9.8066,-0.0969,-0.1674,0.0273,-19.75,-32.75,21.63,1.28,-85.16,-136.57
52.41421,-1.553782,161.13,9.42,2,119.98,21 / 21,2673828,2019-09-06 19:00:40:510,-0.7479,-0.9052,9.401,0.003,0.0155,9.8066,-0.1261,-0.1282,0.0064,-19.31,-32.81,21.5,5.5,-85.4,-134.21
52.41421,-1.553782,161.13,9.42,2,119.98,21 / 21,2673929,2019-09-06 19:00:40:611,-1.6664,-0.3626,9.3686,-0.0255,0.0195,9.8065,0.1923,-0.0437,-0.0131,-19.06,-32.75,21.88,6.61,-85.66,-133.16
52.41421,-1.553782,161.13,9.42,2,119.98,21 / 21,2674029,2019-09-06 19:00:40:711,-1.7602,-0.8094,10.6968,-0.0477,0.0487,9.8063,0.2215,-0.1817,0.1065,-19.37,-32.87,22,8.45,-85.77,-131.47
52.41421,-1.553782,161.13,9.42,2,119.98,21 / 21,2674129,2019-09-06 19:00:40:811,-0.6467,-2.1253,10.8421,0.0247,-0.044,9.8065,0.0227,-0.1847,0.0001,-18.87,-33,22.44,7.15,-85.51,-132.69
52.41421,-1.553782,161.13,9.42,2,119.98,21 / 21,2674228,2019-09-06 19:00:40:910,-0.931,-0.4095,10.6342,0.009,-0.0384,9.8065,0.0504,-0.1894,0.0113,-20.06,-32.81,22.69,6.48,-85.35,-133.1
52.41421,-1.553782,161.13,9.42,2,119.98,21 / 21,2674328,2019-09-06 19:00:41:010,-1.4403,-3.7564,10.051,0.0307,-0.0284,9.8065,0.0873,-0.2915,0.177,-18.87,-32.25,23.38,6.63,-85.04,-134.45
52.41421,-1.553782,161.13,9.42,2,119.98,21 / 21,2674428,2019-09-06 19:00:41:110,0.2752,-0.6915,10.1719,0.0023,-0.0305,9.8066,-0.0526,-0.0229,-0.0614,-18.06,-31.87,22.81,6.62,-84.69,-136.03
52.41421,-1.553782,161.13,9.42,2,119.98,21 / 21,2674529,2019-09-06 19:00:41:211,-1.1058,-1.1571,8.6414,-0.0155,0.0149,9.8066,0.0333,-0.1171,0.0283,-16.69,-32.37,23.5,10.41,-84.89,-135.32
52.41421,-1.553782,161.13,9.42,2,119.98,21 / 21,2674628,2019-09-06 19:00:41:310,-0.5918,-0.1442,10.2563,-0.0132,0.0099,9.8065,0.0701,-0.1569,-0.0008,-16.69,-32.25,23.69,12.56,-84.95,-133.37
52.41421,-1.553782,161.13,9.42,2,119.98,21 / 21,2674728,2019-09-06 19:00:41:410,0.2821,0.0097,9.4941,0.0036,0.0554,9.8064,-0.0419,-0.2354,0.013,-15.44,-32.75,24.31,16.7,-85.45,-132.86
52.41421,-1.553782,161.13,9.42,2,119.98,21 / 21,2674829,2019-09-06 19:00:41:511,-0.0324,0.5391,9.8477,0.0062,-0.02,9.8066,-0.171,0.0294,-0.0386,-15.87,-32.87,24.5,14.95,-85.29,-133.83
52.41421,-1.553782,161.13,9.42,2,119.98,21 / 21,2674929,2019-09-06 19:00:41:611,-0.1938,0.1114,10.7075,-0.0199,0.0118,9.8066,0.2817,-0.0882,-0.1296,-15.37,-32.37,24.63,12.01,-85.16,-138.18
52.41421,-1.553782,161.13,9.42,2,119.98,21 / 21,2675029,2019-09-06 19:00:41:711,0.1284,-0.3733,9.7622,0.0017,0.0446,9.8065,0.2966,-0.1684,0.0036,-16.44,-32.25,25.56,8.06,-85,-141.09
52.41421,-1.553782,161.13,9.42,2,119.98,21 / 21,2675128,2019-09-06 19:00:41:810,-0.6119,-1.2148,9.7595,-0.0019,0.0083,9.8066,0.043,-0.1055,-0.0518,-15.37,-32.25,25.25,3.38,-84.59,-146.02
52.41421,-1.553782,161.13,9.42,2,119.98,21 / 21,2675229,2019-09-06 19:00:41:911,-0.5735,0.8613,9.767,0.011,-0.0028,9.8066,-0.0313,-0.1335,0.0302,-16,-33.12,25.56,1.85,-84.62,-146.73
52.41421,-1.553782,161.13,9.42,2,119.98,21 / 21,2675329,2019-09-06 19:00:42:011,-0.1494,0.2539,9.5489,-0.0211,0.0403,9.8065,0.0072,-0.2301,-0.0005,-15,-32.87,25,2.73,-84.73,-146.6
52.41421,-1.553782,161.13,9.42,2,119.98,21 / 21,2675430,2019-09-06 19:00:42:112,-2.3507,-2.2667,8.6247,-0.0057,0.0075,9.8066,0.0037,-0.1435,-0.0348,-15.62,-33.19,25.06,2.16,-85.03,-145.44
52.41421,-1.553782,161.13,9.42,2,119.98,21 / 21,2675529,2019-09-06 19:00:42:211,-0.7365,0.4112,9.6644,0.036,0.0264,9.8065,-0.039,-0.0846,-0.1058,-14.69,-33.12,24.44,359.47,-85.53,-148.47
52.41421,-1.553782,161.13,9.42,2,119.98,21 / 21,2675629,2019-09-06 19:00:42:311,0.1185,-0.5596,10.5799,0.0388,0.0211,9.8065,0.1242,-0.0905,-0.137,-14.56,-34.44,24.44,352.78,-86.2,-154.63
52.41421,-1.553782,161.13,9.42,2,119.98,21 / 21,2675728,2019-09-06 19:00:42:410,-1.5897,0.5256,9.5108,0.0164,0.0046,9.8066,0.0416,-0.0799,0.0121,-13.94,-33.56,25.5,353.95,-86.35,-157.29
52.41421,-1.553782,161.13,9.42,2,119.98,21 / 21,2675828,2019-09-06 19:00:42:510,1.4447,0.7192,10.3322,0.0116,-0.0202,9.8066,0.267,-0.0068,0.0465,-14.62,-33,25.69,350.81,-85.84,-158.45
52.41421,-1.553782,161.13,9.42,2,119.98,21 / 21,2675929,2019-09-06 19:00:42:611,2.1952,-1.3628,9.5886,0.0132,-0.0088,9.8066,-0.1009,0.1444,-0.068,-14.25,-32.5,25.69,353.1,-85.62,-158.01
52.41421,-1.553782,161.13,9.42,2,119.98,21 / 21,2676029,2019-09-06 19:00:42:711,-0.281,-1.5835,10.7022,-0.0017,0.026,9.8066,-0.1948,-0.0378,-0.0813,-14.25,-33,25.25,354.66,-85.51,-155.59
52.41421,-1.553782,161.13,9.42,2,119.98,21 / 21,2676128,2019-09-06 19:00:42:810,0.3683,-0.9431,11.1708,0.0113,-0.0167,9.8066,-0.2683,-0.0837,0.0372,-14.5,-32.31,25.06,354.21,-85.75,-156.05
52.41421,-1.553782,161.13,9.42,2,119.98,21 / 21,2676229,2019-09-06 19:00:42:911,-0.4377,0.0067,9.0869,-0.0077,-0.0253,9.8066,-0.1618,-0.0657,0.0415,-14.19,-31.94,25.25,358.41,-85.58,-152.2
52.41421,-1.553782,161.13,9.42,2,119.98,21 / 21,2676329,2019-09-06 19:00:43:011,-1.4185,0.4886,8.5523,0.0063,-0.0452,9.8065,-0.0452,-0.0615,0.039,-13.56,-31.19,25.5,0.97,-85.44,-150.81
52.41421,-1.553782,161.13,9.42,2,119.98,21 / 21,2676429,2019-09-06 19:00:43:111,-0.9983,0.5604,8.4743,-0.041,0.0723,9.8062,0.1082,-0.0796,-0.0271,-13.62,-32.19,24.31,357.53,-85.28,-151.97
52.41421,-1.553782,161.13,9.42,2,119.98,21 / 21,2676529,2019-09-06 19:00:43:211,-0.2151,0.3017,9.3816,-0.0168,0.0335,9.8065,0.0063,-0.1327,-0.0466,-13.75,-32.44,24.88,1.76,-85.84,-149.14
52.41421,-1.553782,161.13,9.42,2,119.98,21 / 21,2676629,2019-09-06 19:00:43:311,-1.5079,0.533,10.417,-0.0263,0.0356,9.8065,-0.097,-0.1145,-0.0302,-13.94,-33.25,25,1.2,-86.22,-149.65
52.41421,-1.553782,161.13,9.42,2,119.98,21 / 21,2676729,2019-09-06 19:00:43:411,1.3509,0.5602,9.5199,-0.0302,0.0434,9.8064,0.1351,-0.1089,0.0785,-13.75,-32.94,24.88,1.52,-86.3,-149.35
52.41421,-1.553782,161.13,9.42,2,119.98,21 / 21,2676828,2019-09-06 19:00:43:510,0.0431,1.9782,10.0717,0.0111,0.0099,9.8066,0.0164,0.0232,-0.0795,-14.19,-33.31,25.31,358.75,-86.1,-151.9
52.41421,-1.553782,161.13,9.42,2,119.98,21 / 21,2676929,2019-09-06 19:00:43:611,0.1921,0.2671,10.0068,0.0103,0.0117,9.8065,0.2622,-0.051,-0.0187,-13.62,-33.56,26,356.6,-85.91,-154.81
52.41421,-1.553782,161.13,9.42,2,119.98,21 / 21,2677029,2019-09-06 19:00:43:711,0.2183,-0.9212,8.5881,-0.0104,-0.0119,9.8066,0.0688,-0.1173,0.1029,-13.44,-33.25,25.31,353.94,-85.69,-158.03
52.41421,-1.553782,161.13,9.42,2,119.98,21 / 21,2677128,2019-09-06 19:00:43:810,-0.6514,0.7715,9.7221,-0.0231,0.016,9.8065,0.0434,-0.0722,0.0448,-13.31,-33.37,25.31,358.46,-85.68,-153.93
52.41421,-1.553782,161.13,9.42,2,119.98,21 / 21,2677228,2019-09-06 19:00:43:910,-1.0195,-0.3313,10.3607,-0.0259,0.0157,9.8066,0.0844,-0.0493,0.0173,-13.56,-33.75,25.38,3.08,-85.91,-147.94
52.41421,-1.553782,161.13,9.42,2,119.98,21 / 21,2677329,2019-09-06 19:00:44:011,-1.3191,0.7181,10.2263,-0.0026,0.0353,9.8065,-0.0806,0.0097,-0.0785,-13.19,-33.94,25.13,6.09,-86.25,-146.92
52.41421,-1.553782,161.13,9.42,2,119.98,21 / 21,2677428,2019-09-06 19:00:44:110,-0.1665,1.186,9.7066,0.0277,-0.0239,9.8065,0.0126,-0.0675,-0.0389,-12.75,-34.25,25.38,1.73,-86.46,-150.93
52.41421,-1.553782,161.13,9.42,2,119.98,21 / 21,2677529,2019-09-06 19:00:44:211,0.2301,1.3218,9.8865,0.0123,-0.0255,9.8065,-0.0483,-0.1019,0.0272,-12.87,-33.94,25.19,1.58,-86.42,-151.06
52.41421,-1.553782,161.13,9.42,2,119.98,21 / 21,2677629,2019-09-06 19:00:44:311,-0.0958,1.8404,9.9923,0.0069,-0.0185,9.8066,-0.0127,-0.0396,0.028,-11.87,-34,25.38,6.75,-86.39,-148.14
52.41421,-1.553782,161.13,9.42,2,119.98,21 / 21,2677728,2019-09-06 19:00:44:410,-0.0101,-1.246,8.9216,0.0204,-0.0506,9.8064,-0.1723,-0.2047,0.0612,-13.12,-33.75,25.56,3.61,-85.97,-150.13
52.41421,-1.553782,161.13,9.42,2,119.98,21 / 21,2677829,2019-09-06 19:00:44:511,-1.1279,0.1809,9.5933,-0.0223,0.0228,9.8065,-0.1458,-0.2141,0.0524,-12,-33.87,25.56,6.2,-86.04,-149.55
52.41421,-1.553782,161.13,9.42,2,119.98,21 / 21,2677929,2019-09-06 19:00:44:611,0.3665,1.4384,9.8173,-0.0234,0.0281,9.8066,0.1922,-0.2164,0.0584,-12.25,-33.5,25.69,7.09,-86.02,-148.72
52.41421,-1.553782,161.13,9.42,2,119.98,21 / 21,2678028,2019-09-06 19:00:44:710,-1.4412,0.8497,10.613,-0.0043,0.0169,9.8066,0.0327,0.0011,-0.0911,-11.06,-33.87,25.75,12.11,-85.96,-146.01
52.41421,-1.553782,161.13,9.42,2,119.98,21 / 21,2678128,2019-09-06 19:00:44:810,-1.6151,0.3646,9.5436,0.004,-0.0118,9.8066,0.0956,-0.1678,0.0575,-11.81,-34.69,25.81,7.98,-85.85,-147.97
52.41421,-1.553782,161.13,9.42,2,119.98,21 / 21,2678228,2019-09-06 19:00:44:910,-2.7293,-0.1235,10.1408,0.0035,-0.0189,9.8066,0.0785,-0.2573,-0.0249,-11.12,-33.81,26.25,6.49,-85.87,-151.16
52.41421,-1.553782,161.13,9.42,2,119.98,21 / 21,2678330,2019-09-06 19:00:45:012,0.6322,0.3344,9.1557,0.0057,0.0196,9.8065,-0.0061,-0.0549,-0.0397,-11.81,-34.25,25.88,1.37,-85.78,-153.97
52.41421,-1.553782,161.13,9.42,2,119.98,21 / 21,2678429,2019-09-06 19:00:45:111,-1.4081,0.5884,9.7961,0.0053,-0.0017,9.8066,-0.0299,-0.1666,0.0941,-10.62,-33.62,26.88,3.79,-85.99,-154.36
52.41421,-1.553782,161.13,9.42,2,119.98,21 / 21,2678528,2019-09-06 19:00:45:210,-2.755,0.2274,9.491,0.0167,-0.0092,9.8066,-0.0826,-0.0443,-0.0689,-10.87,-34.69,25.88,1.9,-86.2,-155.33
52.41421,-1.553782,161.13,9.42,2,119.98,21 / 21,2678628,2019-09-06 19:00:45:310,-0.2374,2.1468,9.4772,0.0107,0.0333,9.8065,0.0421,-0.0151,-0.0062,-10.25,-34.25,26.19,1.59,-86.54,-157.49
52.41421,-1.553782,161.13,9.42,2,119.98,21 / 21,2678728,2019-09-06 19:00:45:410,-1.5424,1.6039,10.8534,0.0056,0.0038,9.8066,-0.0056,-0.1276,-0.0019,-9.94,-35.06,25.69,359.71,-86.48,-159.23
52.41421,-1.553782,161.13,9.42,2,119.98,21 / 21,2678829,2019-09-06 19:00:45:511,-1.2341,1.8688,10.1938,0.0223,-0.0173,9.8066,0.0738,-0.1377,0.0098,-10.44,-33.94,25.56,357.49,-86.36,-161.27
52.41421,-1.553782,161.13,9.42,2,119.98,21 / 21,2678929,2019-09-06 19:00:45:611,-2.0434,1.4874,9.0471,0.0244,0.0011,9.8066,0.1351,0.0576,-0.0488,-9.62,-33.81,26.63,351.46,-86.29,-167.55
52.41421,-1.553782,161.13,9.42,2,119.98,21 / 21,2679028,2019-09-06 19:00:45:710,-1.2313,-0.0319,9.4985,-0.002,0.0107,9.8066,0.058,-0.1073,-0.002,-10.12,-34.06,26.56,350.32,-86.02,-168.54
52.41421,-1.553782,161.13,9.42,2,119.98,21 / 21,2679129,2019-09-06 19:00:45:811,-0.3851,1.4318,9.7694,-0.0457,-0.0156,9.8065,0.0755,-0.0802,0.1502,-9.62,-33.81,26.25,356.1,-85.8,-162.5
52.41421,-1.553782,161.13,9.42,2,119.98,21 / 21,2679229,2019-09-06 19:00:45:911,0.5725,0.6038,9.3075,-0.0251,0.0414,9.8065,0.0128,-0.0262,-0.0125,-10.12,-33.87,26.44,4.88,-85.85,-154.53
52.41421,-1.553782,161.13,9.42,2,119.98,21 / 21,2679329,2019-09-06 19:00:46:011,1.0593,0.2848,9.3724,-0.0235,0.02,9.8065,-0.0597,-0.0623,0.0164,-10.06,-33.69,26.81,7.11,-85.87,-153.19
52.41421,-1.553782,161.13,9.42,2,119.98,21 / 21,2679429,2019-09-06 19:00:46:111,0.5811,0.8465,9.8174,-0.0217,-0.0234,9.8065,0.0001,-0.0883,0.1174,-10.25,-33.56,26.44,11.85,-85.9,-148.17
52.41421,-1.553782,161.13,9.42,2,119.98,21 / 21,2679529,2019-09-06 19:00:46:211,-1.8558,1.1031,10.4334,-0.0283,-0.0498,9.8065,-0.1729,-0.0383,0.0575,-11,-33.37,26.44,18.22,-85.58,-140.51
52.41421,-1.553782,161.13,9.42,2,119.98,21 / 21,2679629,2019-09-06 19:00:46:311,0.4429,1.8135,9.2519,-0.0073,0.0121,9.8066,-0.0907,-0.052,0.0107,-10.5,-33.12,26.88,25.89,-85.72,-135.99
52.41421,-1.553782,161.13,9.42,2,119.98,21 / 21,2679729,2019-09-06 19:00:46:411,-0.4868,1.2405,9.7467,0.0131,0.0076,9.8066,0.0745,0.005,-0.0052,-10.44,-34,27,24.31,-85.65,-137.54
52.41421,-1.553782,161.13,9.42,2,119.98,21 / 21,2679828,2019-09-06 19:00:46:510,1.181,0.3947,9.5089,-0.0242,0.0005,9.8066,0.1156,-0.0518,0.1082,-10.12,-33.12,26.25,23.81,-85.54,-137.35
52.41421,-1.553782,161.13,9.42,2,119.98,21 / 21,2679929,2019-09-06 19:00:46:611,-0.7819,1.1612,9.3691,-0.0388,0.0054,9.8065,0.0438,-0.0648,0.0794,-10.25,-33.06,26.56,27.93,-85.15,-134.43
52.41421,-1.553782,161.13,9.42,2,119.98,21 / 21,2680029,2019-09-06 19:00:46:711,-1.6061,-0.0474,11.4119,-0.012,-0.0064,9.8066,0.0051,0.0263,-0.1208,-10,-33.44,25.63,29.33,-85.03,-132.61
52.41421,-1.553782,161.13,9.42,2,119.98,21 / 21,2680128,2019-09-06 19:00:46:810,1.3481,1.4733,11.4195,-0.0013,0.0675,9.8064,0.1196,0.0294,-0.0781,-10,-33.25,26.19,29.36,-85.12,-132.52
52.41421,-1.553782,161.13,9.42,2,119.98,21 / 21,2680229,2019-09-06 19:00:46:911,1.3975,-0.1897,10.3394,0.0324,-0.0829,9.8062,0.2688,-0.0194,-0.005,-9.56,-33,26.25,20.01,-85.03,-141.04
52.41421,-1.553782,161.13,9.42,2,119.98,21 / 21,2680329,2019-09-06 19:00:47:011,0.7449,1.3956,8.2859,0.0015,-0.0548,9.8065,-0.1938,0.0051,0.0411,-10.69,-33.31,25.75,18.91,-84.94,-140.14
52.413673,-1.553113,158.95,6.46,2,162.58,21 / 21,2680431,2019-09-06 19:00:47:113,-0.2782,-0.0859,9.8629,-0.0061,0.0046,9.8066,-0.0339,-0.0849,0.079,-10.87,-32,25.56,21.28,-84.81,-138
52.413673,-1.553113,158.95,6.46,2,162.58,21 / 21,2680529,2019-09-06 19:00:47:211,0.8557,0.4785,9.8247,-0.0217,0.0178,9.8066,-0.051,-0.0546,-0.0177,-11,-33,25.38,24.32,-84.88,-134.56
52.413673,-1.553113,158.95,6.46,2,162.58,21 / 21,2680628,2019-09-06 19:00:47:310,-0.2554,0.7999,9.8762,0.0019,0.0195,9.8066,-0.059,0.0265,-0.0327,-11.31,-32.5,25.63,26.9,-85.16,-132.73
52.413673,-1.553113,158.95,6.46,2,162.58,21 / 21,2680729,2019-09-06 19:00:47:411,-0.9117,1.9946,10.1715,-0.0021,0.0161,9.8066,0.0123,0.0528,-0.0186,-11.12,-33.5,26.31,28.23,-85.38,-131.47
52.413673,-1.553113,158.95,6.46,2,162.58,21 / 21,2680829,2019-09-06 19:00:47:511,0.393,1.6606,10.2161,0.0026,0.0042,9.8066,0.113,0.022,-0.0522,-11.62,-33.25,26.38,27.36,-85.38,-130.39
52.413673,-1.553113,158.95,6.46,2,162.58,21 / 21,2680928,2019-09-06 19:00:47:610,0.6033,0.9266,9.5728,0.0006,0.0063,9.8066,0.102,-0.0461,0.021,-11.12,-33.5,25.63,28.22,-85.4,-131.46
52.413673,-1.553113,158.95,6.46,2,162.58,21 / 21,2681029,2019-09-06 19:00:47:711,0.4696,1.8403,9.5058,0.0057,-0.0263,9.8066,-0.0098,-0.0335,0.0172,-10.62,-33.5,26.56,26.91,-85.23,-133.45
52.413673,-1.553113,158.95,6.46,2,162.58,21 / 21,2681129,2019-09-06 19:00:47:811,0.2048,1.3101,10.0179,-0.0036,-0.0197,9.8065,0.0262,0.0019,0.0324,-10.94,-33.69,26.75,28.02,-85.08,-132.6
52.413673,-1.553113,158.95,6.46,2,162.58,21 / 21,2681228,2019-09-06 19:00:47:910,-0.5192,1.0041,10.1494,-0.0076,-0.003,9.8066,-0.0408,-0.0123,-0.0296,-10.81,-34.06,25.69,28.73,-85.03,-131.3
52.413673,-1.553113,158.95,6.46,2,162.58,21 / 21,2681329,2019-09-06 19:00:48:011,0.7181,1.4654,10.3792,0.006,-0.0037,9.8066,0.0577,-0.0611,0.0145,-11.12,-33.62,27,28.9,-85.05,-131.81
52.413673,-1.553113,158.95,6.46,2,162.58,21 / 21,2681429,2019-09-06 19:00:48:111,0.0566,1.9191,9.6006,0.003,0.0108,9.8066,0.0705,-0.0498,0.0553,-10.5,-33.69,26.56,30.61,-85,-132.17
52.413673,-1.553113,158.95,6.46,2,162.58,21 / 21,2681529,2019-09-06 19:00:48:211,0.1488,2.0783,9.2898,-0.0134,-0.0087,9.8066,0.0414,0.012,0.0026,-11,-34.06,26.56,28.73,-84.87,-132.08
52.413673,-1.553113,158.95,6.46,2,162.58,21 / 21,2681629,2019-09-06 19:00:48:311,0.1561,1.5816,9.6988,-0.0055,-0.0072,9.8066,-0.005,0.0316,0.0164,-11.19,-33.87,26.44,28.2,-84.68,-131.99
52.413673,-1.553113,158.95,6.46,2,162.58,21 / 21,2681728,2019-09-06 19:00:48:410,-0.8963,1.5072,9.7771,-0.0047,0.0013,9.8066,0.0603,-0.0068,0.0225,-11.37,-33.44,26.81,29.7,-84.64,-131.25
52.413673,-1.553113,158.95,6.46,2,162.58,21 / 21,2681829,2019-09-06 19:00:48:511,0.8669,1.3736,9.534,-0.0047,0.0118,9.8066,-0.0284,0.0149,0.0521,-10.37,-33.94,26.88,32.56,-84.75,-130.57
52.413673,-1.553113,158.95,6.46,2,162.58,21 / 21,2681929,2019-09-06 19:00:48:611,0.4541,1.7331,9.7996,-0.0205,0.0138,9.8065,-0.049,0.0006,0.0282,-11.25,-34.5,26.13,32.9,-84.77,-127.7
52.413673,-1.553113,158.95,6.46,2,162.58,21 / 21,2682028,2019-09-06 19:00:48:710,-0.1498,2.0654,10.0964,-0.0131,0.0202,9.8066,-0.0524,0.0373,0.0272,-10.69,-33.81,26.44,36.36,-84.79,-124.55
52.413673,-1.553113,158.95,6.46,2,162.58,21 / 21,2682128,2019-09-06 19:00:48:810,0.1106,1.858,10.1932,-0.0115,-0.0016,9.8066,-0.0402,0.0397,0.0307,-11.94,-33.5,25.94,38.44,-84.84,-120.6
52.413673,-1.553113,158.95,6.46,2,162.58,21 / 21,2682229,2019-09-06 19:00:48:911,0.0099,1.6439,9.5338,-0.0163,0.0107,9.8066,-0.0383,0.0249,0.0202,-11.31,-33.69,25.94,43.85,-84.74,-117.73
52.413673,-1.553113,158.95,6.46,2,162.58,21 / 21,2682329,2019-09-06 19:00:49:011,-0.2019,1.6766,10.017,-0.0034,0.0008,9.8066,-0.0063,0.0467,0.0092,-11.5,-33.94,26.25,44.57,-84.7,-117.1
52.413673,-1.553113,158.95,6.46,2,162.58,21 / 21,2682429,2019-09-06 19:00:49:111,-0.3216,1.4826,9.8527,0.0005,0.0092,9.8066,0.0346,0.0605,-0.0015,-12.06,-34.25,25.44,42.23,-84.73,-116.6
52.413673,-1.553113,158.95,6.46,2,162.58,21 / 21,2682528,2019-09-06 19:00:49:210,0.5423,2.1307,9.7839,-0.0027,0.0083,9.8066,0.0281,0.0525,-0.0027,-13,-34.31,25.31,40.87,-84.84,-115.85
52.413673,-1.553113,158.95,6.46,2,162.58,21 / 21,2682629,2019-09-06 19:00:49:311,0.1801,1.9038,10.1581,0.0037,-0.02,9.8066,-0.0475,0.0586,-0.0275,-12.81,-33.56,26,41.54,-84.76,-116.08
52.413673,-1.553113,158.95,6.46,2,162.58,21 / 21,2682729,2019-09-06 19:00:49:411,0.1137,2.8598,10.1049,-0.0001,-0.013,9.8066,0.0652,0.0424,0.0865,-12,-33.37,26.19,42.49,-84.66,-117.03
52.413673,-1.553113,158.95,6.46,2,162.58,21 / 21,2682829,2019-09-06 19:00:49:511,-0.0927,1.8312,9.9923,-0.0121,0.0146,9.8065,0.0495,0.0675,-0.0068,-11.75,-34,26.13,45.24,-84.62,-114.65
52.413673,-1.553113,158.95,6.46,2,162.58,21 / 21,2682929,2019-09-06 19:00:49:611,-0.4378,1.7761,9.9209,-0.0113,0.0206,9.8066,0.0137,0.032,-0.0264,-11.81,-34.06,25.75,46.56,-84.64,-113.41
52.413673,-1.553113,158.95,6.46,2,162.58,21 / 21,2683029,2019-09-06 19:00:49:711,-0.0359,1.8875,9.9612,0.0057,0.0071,9.8066,0.018,0.0922,0.0347,-12.19,-34.37,25.31,46.68,-84.67,-112.57
52.413673,-1.553113,158.95,6.46,2,162.58,21 / 21,2683128,2019-09-06 19:00:49:810,0.3176,2.0433,10.4035,-0.01,0.0044,9.8066,0.0322,0.0781,0.0655,-13.31,-33.94,25.5,46.98,-84.73,-111.09
52.413673,-1.553113,158.95,6.46,2,162.58,21 / 21,2683228,2019-09-06 19:00:49:910,-0.3041,2.1505,10.4257,-0.0058,-0.003,9.8066,-0.0055,0.0599,-0.0353,-13.5,-33.5,25.19,46.8,-84.5,-110.56
52.413673,-1.553113,158.95,6.46,2,162.58,21 / 21,2683329,2019-09-06 19:00:50:011,-0.0799,1.4589,9.8328,-0.0014,0.0034,9.8066,0.0713,0.1224,-0.0092,-13.44,-33.37,25.69,47.81,-84.5,-110.39
52.413673,-1.553113,158.95,6.46,2,162.58,21 / 21,2683430,2019-09-06 19:00:50:112,0.6706,1.7201,9.7768,0.004,0.0042,9.8066,0.0509,0.0592,0.0415,-13.44,-33.69,25.75,47.47,-84.55,-110.8
52.413673,-1.553113,158.95,6.46,2,162.58,21 / 21,2683529,2019-09-06 19:00:50:211,0.7389,1.3201,10.0781,-0.0033,-0.0072,9.8066,0.0321,0.1091,-0.025,-13.62,-33.37,25.31,44.33,-84.48,-111.01
52.413673,-1.553113,158.95,6.46,2,162.58,21 / 21,2683628,2019-09-06 19:00:50:310,0.4452,1.0877,9.9989,0.0084,-0.0105,9.8066,0.0101,0.1224,-0.0047,-13.56,-33.69,25.5,44.77,-84.48,-111.55
52.413673,-1.553113,158.95,6.46,2,162.58,21 / 21,2683729,2019-09-06 19:00:50:411,0.292,0.4271,9.4902,0.0038,-0.0072,9.8066,0.0279,0.1009,0.0101,-13.94,-33.81,25.94,43.1,-84.45,-113.11
52.413673,-1.553113,158.95,6.46,2,162.58,21 / 21,2683829,2019-09-06 19:00:50:511,0.1732,0.6414,9.5006,0.0093,0.0014,9.8066,0.0434,0.1057,-0.038,-14.69,-34.12,25.06,38.67,-84.47,-114.53
52.413673,-1.553113,158.95,6.46,2,162.58,21 / 21,2683928,2019-09-06 19:00:50:610,0.6497,0.3889,9.8357,0.014,0.0051,9.8066,0.0337,0.1164,-0.0499,-14.75,-33.94,25.13,37.26,-84.59,-115.72
52.413673,-1.553113,158.95,6.46,2,162.58,21 / 21,2684028,2019-09-06 19:00:50:710,0.7418,0.5067,9.9026,0.0133,0.0068,9.8065,0.0261,0.1055,-0.0063,-15.12,-33.69,24.81,35.08,-84.81,-117.54
52.413673,-1.553113,158.95,6.46,2,162.58,21 / 21,2684129,2019-09-06 19:00:50:811,0.7402,0.2647,9.8492,0.0083,-0.0017,9.8066,0.0186,0.1143,-0.0149,-15,-33.94,25.06,34.01,-84.86,-118.49
52.413673,-1.553113,158.95,6.46,2,162.58,21 / 21,2684230,2019-09-06 19:00:50:912,0.634,0.4571,9.605,-0.0032,0.0038,9.8066,0.0389,0.1039,-0.0203,-15.19,-34.06,25.31,33.48,-84.91,-118.93
52.413673,-1.553113,158.95,6.46,2,162.58,21 / 21,2684328,2019-09-06 19:00:51:010,0.6006,0.4771,9.731,-0.0034,0.0042,9.8066,0.0062,0.1035,-0.0016,-15.12,-34.19,25.69,35.1,-84.92,-118.33
52.413673,-1.553113,158.95,6.46,2,162.58,21 / 21,2684429,2019-09-06 19:00:51:111,0.325,0.3815,9.8284,-0.0123,0.0003,9.8066,-0.0131,0.1051,0.0405,-15.44,-33.56,24.81,36.36,-84.86,-116.34
52.413673,-1.553113,158.95,6.46,2,162.58,21 / 21,2684529,2019-09-06 19:00:51:211,0.3517,0.4201,9.7815,-0.0048,-0.0011,9.8066,0.0231,0.0983,0.0224,-15.44,-34.31,25.56,38.37,-84.83,-115.4
52.413673,-1.553113,158.95,6.46,2,162.58,21 / 21,2684628,2019-09-06 19:00:51:310,0.7009,0.1481,9.722,-0.0006,-0.003,9.8066,-0.0059,0.0913,-0.0105,-15.56,-33.87,25,35.82,-84.76,-115.19
52.413673,-1.553113,158.95,6.46,2,162.58,21 / 21,2684728,2019-09-06 19:00:51:410,0.4509,0.013,9.8318,0.0024,-0.0047,9.8066,-0.0115,0.0874,-0.0085,-16.06,-33.81,25.25,35.84,-84.75,-115.17
52.413673,-1.553113,158.95,6.46,2,162.58,21 / 21,2684828,2019-09-06 19:00:51:510,0.7807,-0.0976,9.8143,0.0058,0.0116,9.8065,-0.0182,0.1124,-0.0019,-16.06,-33.81,24.81,35.65,-84.82,-115.3
52.413673,-1.553113,158.95,6.46,2,162.58,21 / 21,2684928,2019-09-06 19:00:51:610,0.7775,0.0668,9.7216,0.0056,0.0087,9.8066,-0.053,0.1226,-0.0266,-15.81,-34.19,24.44,35.12,-85.03,-114.66
52.413673,-1.553113,158.95,6.46,2,162.58,21 / 21,2685028,2019-09-06 19:00:51:710,0.8335,-0.0995,9.7655,-0.0046,0.0193,9.8066,0.0268,0.1211,-0.0169,-16.87,-34.5,24.25,35.03,-85.22,-112.93
52.413673,-1.553113,158.95,6.46,2,162.58,21 / 21,2685129,2019-09-06 19:00:51:811,0.9184,-0.0479,9.867,-0.0032,0.0158,9.8065,0.0406,0.1189,0.0061,-16.81,-34.56,24.5,37.16,-85.34,-111.98
52.413673,-1.553113,158.95,6.46,2,162.58,21 / 21,2685229,2019-09-06 19:00:51:911,0.6227,0.0648,9.806,0.0012,-0.0004,9.8065,-0.017,0.1333,0.0027,-16.87,-34.25,23.75,36.42,-85.38,-111.53
52.413673,-1.553113,158.95,6.46,2,162.58,21 / 21,2685328,2019-09-06 19:00:52:010,0.5221,-0.1777,9.737,0.0028,0.0037,9.8066,0.0105,0.1391,0.0024,-16.87,-34.37,24.31,37.19,-85.44,-110.77
52.413673,-1.553113,158.95,6.46,2,162.58,21 / 21,2685430,2019-09-06 19:00:52:112,1.174,-0.9375,9.8872,0.006,0.0095,9.8066,0.0475,0.1535,-0.0331,-17.25,-33.81,24.19,37.09,-85.53,-110.8
52.413673,-1.553113,158.95,6.46,2,162.58,21 / 21,2685528,2019-09-06 19:00:52:210,1.3102,-0.5164,9.8257,0.0133,0.0153,9.8066,0.018,0.148,-0.0416,-17.37,-33.94,24.69,36.99,-85.77,-111.73
52.413673,-1.553113,158.95,6.46,2,162.58,21 / 21,2685628,2019-09-06 19:00:52:310,1.7365,-0.6231,9.6577,0.0212,0.0022,9.8066,0.0005,0.2007,-0.0313,-17.69,-34.37,24.5,32.13,-86.07,-114.49
52.413673,-1.553113,158.95,6.46,2,162.58,21 / 21,2685729,2019-09-06 19:00:52:411,1.9793,-0.6632,9.6857,0.015,0.0003,9.8066,-0.0163,0.192,-0.0218,-17.44,-34.5,24.88,32.6,-86.22,-115.53
52.413673,-1.553113,158.95,6.46,2,162.58,21 / 21,2685828,2019-09-06 19:00:52:510,2.1311,-0.6534,9.7052,0.0022,0.0183,9.8066,0.0457,0.2649,-0.0348,-17.06,-34.12,24.13,31.76,-86.47,-115.12
52.413673,-1.553113,158.95,6.46,2,162.58,21 / 21,2685929,2019-09-06 19:00:52:611,1.8742,-0.7997,9.8892,0,0.0164,9.8066,0.0277,0.231,0.0004,-18.12,-34.62,23.5,28.59,-86.6,-116.48
52.413673,-1.553113,158.95,6.46,2,162.58,21 / 21,2686030,2019-09-06 19:00:52:712,1.8788,-0.3502,9.8848,0.0135,-0.002,9.8066,0.029,0.2737,-0.0335,-18.56,-34.69,23.25,24.5,-86.64,-117.61
52.413673,-1.553113,158.95,6.46,2,162.58,21 / 21,2686129,2019-09-06 19:00:52:811,2.1779,0.314,9.7585,0.0202,0.0007,9.8066,-0.0047,0.3236,0.0038,-18.62,-34.5,22.75,20.79,-86.76,-121
52.413673,-1.553113,158.95,6.46,2,162.58,21 / 21,2686229,2019-09-06 19:00:52:911,1.5154,-0.4428,9.697,-0.0021,0.0022,9.8066,0.0532,0.3655,-0.0383,-19.19,-34.56,22.31,19.37,-86.9,-121.08
52.413673,-1.553113,158.95,6.46,2,162.58,21 / 21,2686328,2019-09-06 19:00:53:010,1.7028,-0.3053,9.8477,0.0066,0.0063,9.8066,0.0553,0.3231,-0.0023,-19.62,-33.75,21.81,16.38,-86.99,-122.34
52.413673,-1.553113,158.95,6.46,2,162.58,20 / 20,2686430,2019-09-06 19:00:53:112,2.0626,-0.0953,10.1124,0.0143,0.0015,9.8066,-0.0134,0.3466,-0.0439,-20,-34,21.94,12.83,-87.1,-125.65
52.413673,-1.553113,158.95,6.46,2,162.58,20 / 20,2686528,2019-09-06 19:00:53:210,1.7207,0.1875,9.7035,0.0257,-0.0045,9.8065,-0.0653,0.3526,-0.0315,-20.37,-34,22.31,7.86,-87.12,-130.32
52.413673,-1.553113,158.95,6.46,2,162.58,20 / 20,2686629,2019-09-06 19:00:53:311,1.5027,-0.5839,9.6107,-0.0046,0.0156,9.8066,0.1182,0.4318,-0.0521,-20.37,-33.5,21.19,2.19,-87.16,-134.33
52.413673,-1.553113,158.95,6.46,2,162.58,20 / 20,2686729,2019-09-06 19:00:53:411,2.4508,0.3072,9.3233,0.008,0.0176,9.8066,0.0375,0.3844,0.0151,-21.56,-34.25,21.13,356,-87.36,-137.46
52.413673,-1.553113,158.95,6.46,2,162.58,20 / 20,2686829,2019-09-06 19:00:53:511,2.8373,-0.1832,9.7533,0.007,0.0067,9.8066,-0.0278,0.4332,-0.0844,-21.56,-33.94,19.25,349.84,-87.47,-140.44
52.413673,-1.553113,158.95,6.46,2,162.58,20 / 20,2686929,2019-09-06 19:00:53:611,1.5215,-0.394,9.781,0.007,0.0049,9.8066,-0.0193,0.3878,-0.0018,-21.87,-34.19,19.5,349.79,-87.56,-141.98
52.413673,-1.553113,158.95,6.46,2,162.58,20 / 20,2687029,2019-09-06 19:00:53:711,2.1424,0.3069,9.6438,0.0024,0.0174,9.8066,0.0111,0.4427,-0.0266,-21.62,-33.5,17.81,343.74,-87.63,-144.77
52.413673,-1.553113,158.95,6.46,2,162.58,20 / 20,2687129,2019-09-06 19:00:53:811,2.0727,0.3618,10.1942,-0.004,0.0131,9.8066,0.0311,0.422,0.0103,-22.5,-33.19,17.44,339.03,-87.83,-147.72
52.413673,-1.553113,158.95,6.46,2,162.58,20 / 20,2687229,2019-09-06 19:00:53:911,2.417,0.2997,9.9777,0.0034,0.0153,9.8066,-0.0124,0.4529,-0.0467,-22.94,-33.5,16.44,333.24,-87.94,-150.47
52.413673,-1.553113,158.95,6.46,2,162.58,20 / 20,2687328,2019-09-06 19:00:54:010,2.1181,0.6778,9.5123,0.01,0.0033,9.8066,0.0371,0.4399,-0.0397,-23.37,-33.62,15.69,328.88,-87.94,-154.64
52.413673,-1.553113,158.95,6.46,2,162.58,21 / 21,2687428,2019-09-06 19:00:54:110,2.3534,0.2818,9.8217,0.0168,0.0001,9.8065,0.0383,0.402,-0.0379,-23.06,-33.25,14.94,322.22,-87.86,-159.29
52.413673,-1.553113,158.95,6.46,2,162.58,21 / 21,2687529,2019-09-06 19:00:54:211,2.5097,0.8797,9.47,0.0179,0.0035,9.8066,0.0658,0.3678,0.0084,-23.69,-32.75,13.69,315.05,-87.77,-163.31
52.413673,-1.553113,158.95,6.46,2,162.58,21 / 21,2687628,2019-09-06 19:00:54:310,1.8674,0.4425,9.688,0.0065,0.0033,9.8066,-0.0045,0.4306,-0.0687,-23.69,-33.56,14.06,310.18,-87.67,-167.87
52.413673,-1.553113,158.95,6.46,2,162.58,21 / 21,2687728,2019-09-06 19:00:54:410,1.7182,0.7366,9.6171,0.0101,0.0054,9.8066,-0.0478,0.4062,-0.0279,-23.37,-33.69,12.75,304.63,-87.57,-172.24
52.413673,-1.553113,158.95,6.46,2,162.58,21 / 21,2687828,2019-09-06 19:00:54:510,2.8924,0.2361,9.9775,-0.0056,0.0132,9.8066,0.0809,0.3919,-0.0098,-23.56,-33.94,12,297.44,-87.61,-176.42
52.413673,-1.553113,158.95,6.46,2,162.58,21 / 21,2687930,2019-09-06 19:00:54:612,2.2289,-0.2308,9.9908,-0.003,0.0012,9.8066,0.0321,0.3218,-0.0327,-23.69,-33.5,10.88,295.06,-87.55,-176.76
52.413673,-1.553113,158.95,6.46,2,162.58,21 / 21,2688029,2019-09-06 19:00:54:711,1.9152,0.213,9.5328,-0.0063,0.0077,9.8066,0.0019,0.3476,-0.0233,-23.87,-33.25,10.75,293.2,-87.59,-178.63
52.413673,-1.553113,158.95,6.46,2,162.58,21 / 21,2688128,2019-09-06 19:00:54:810,2.2963,0.0927,9.8226,-0.0101,0.0076,9.8066,-0.0451,0.3113,-0.0118,-23.56,-34.06,10.25,289.72,-87.56,-179.88
52.413673,-1.553113,158.95,6.46,2,162.58,21 / 21,2688228,2019-09-06 19:00:54:910,2.106,0.4678,9.9557,0.0073,0.0097,9.8066,0.0836,0.2561,-0.0227,-23.87,-33.87,8.5,284.38,-87.49,177.06
52.413673,-1.553113,158.95,6.46,2,162.58,21 / 21,2688329,2019-09-06 19:00:55:011,2.4859,-0.5824,10.0686,-0.0055,0.0144,9.8065,0.1311,0.2326,-0.014,-23.56,-33.37,8.63,280.86,-87.46,173.53
52.413673,-1.553113,158.95,6.46,2,162.58,21 / 21,2688428,2019-09-06 19:00:55:110,2.4883,-0.4805,9.9851,0.0232,-0.0116,9.8066,-0.1651,0.2286,-0.0146,-23.06,-34.06,8.19,279.14,-87.34,173.63
52.413673,-1.553113,158.95,6.46,2,162.58,21 / 21,2688529,2019-09-06 19:00:55:211,1.4251,0.3434,9.2078,0.0341,-0.0079,9.8065,-0.191,0.193,0.0139,-23.87,-34.44,6.69,276.8,-87.27,174.24
52.413673,-1.553113,158.95,6.46,2,162.58,21 / 21,2688628,2019-09-06 19:00:55:310,3.0593,-0.1666,9.4152,-0.0173,0.0186,9.8066,0.0568,0.1368,-0.0299,-23.25,-33.69,7.38,275.57,-87.25,172.52
52.413673,-1.553113,158.95,6.46,2,162.58,21 / 21,2688728,2019-09-06 19:00:55:410,1.3417,-0.9771,9.4982,-0.0067,0.0125,9.8066,-0.0328,0.1405,0.0415,-23.37,-34.12,7.19,271.6,-87.28,168.53
52.413673,-1.553113,158.95,6.46,2,162.58,21 / 21,2688829,2019-09-06 19:00:55:511,1.4944,1.1103,9.8177,-0.0121,-0.0062,9.8065,-0.0352,0.2269,-0.1144,-23.75,-34.56,6.44,268.5,-87.37,168.19
52.413673,-1.553113,158.95,6.46,2,162.58,21 / 21,2688929,2019-09-06 19:00:55:611,1.166,-1.1563,9.8532,-0.0202,-0.0031,9.8066,-0.0257,0.055,0.1207,-23.5,-33.62,5.88,268.92,-87.4,168.03
52.413673,-1.553113,158.95,6.46,2,162.58,21 / 21,2689028,2019-09-06 19:00:55:710,1.3053,-0.9622,9.857,-0.0058,-0.0111,9.8066,0.072,0.0339,0.056,-23.75,-34.06,5.69,275.35,-87.37,174.92
52.413673,-1.553113,158.95,6.46,2,162.58,21 / 21,2689129,2019-09-06 19:00:55:811,1.1934,-1.6967,9.7567,0.0078,-0.0136,9.8066,0.0011,0.0723,-0.0847,-23.94,-34.25,5.75,277.85,-87.28,177.54
52.413673,-1.553113,158.95,6.46,2,162.58,21 / 21,2689229,2019-09-06 19:00:55:911,1.202,-0.3567,9.8301,-0.0089,-0.0028,9.8066,0.0969,0.0526,0.0533,-23.12,-33.87,5.75,277.54,-87.15,176.98
52.413673,-1.553113,158.95,6.46,2,162.58,21 / 21,2689330,2019-09-06 19:00:56:012,1.3752,-0.5049,10.2615,-0.0196,-0.0014,9.8065,0.1463,0.0641,0.0097,-24.25,-34.31,5.81,278.95,-87.11,178.85
52.413506,-1.552794,157.9,6.79,2,77.9,21 / 21,2689428,2019-09-06 19:00:56:110,2.325,-0.8632,10.0527,0.046,-0.0097,9.8065,-0.1064,0.0229,0.0019,-23.81,-34,6.13,278.87,-87.07,178.83
52.413506,-1.552794,157.9,6.79,2,77.9,21 / 21,2689528,2019-09-06 19:00:56:210,1.1134,-0.7923,9.7489,0.021,-0.014,9.8066,-0.1027,-0.0195,-0.0203,-23.44,-33.31,5.88,280.99,-86.73,-179.15
52.413506,-1.552794,157.9,6.79,2,77.9,21 / 21,2689629,2019-09-06 19:00:56:311,1.2006,0.002,8.9109,0.0172,0.0076,9.8066,-0.0346,0.0382,-0.0123,-23.87,-34.25,5.38,276.95,-86.68,179.78
52.413506,-1.552794,157.9,6.79,2,77.9,21 / 21,2689729,2019-09-06 19:00:56:411,1.7069,-1.072,9.1612,-0.0187,-0.0051,9.8066,-0.0145,0.0277,-0.0345,-23.56,-34.06,5.69,278.85,-86.8,179.18
52.413506,-1.552794,157.9,6.79,2,77.9,21 / 21,2689829,2019-09-06 19:00:56:511,1.2692,-1.0384,10.0851,-0.0335,0.0101,9.8065,0.0473,-0.0617,-0.0025,-24,-33.69,5.13,276.04,-86.97,178.46
52.413506,-1.552794,157.9,6.79,2,77.9,21 / 21,2689929,2019-09-06 19:00:56:611,1.6086,-0.8117,9.671,0.0135,-0.0033,9.8066,-0.0395,-0.0097,0.0736,-24.44,-33.56,5.44,276.71,-87.12,178.92
52.413506,-1.552794,157.9,6.79,2,77.9,21 / 21,2690030,2019-09-06 19:00:56:712,0.2722,-0.4101,10.6386,0.0193,-0.0155,9.8065,0.0225,-0.0271,0.0126,-24.87,-33.75,4.88,278.91,-87.09,-178.54
52.413506,-1.552794,157.9,6.79,2,77.9,21 / 21,2690128,2019-09-06 19:00:56:810,1.4125,-0.7893,9.9339,0.0006,-0.0042,9.8066,0.0118,0.0085,-0.0363,-24.5,-33.56,5.31,281.6,-86.9,-175.94
52.413506,-1.552794,157.9,6.79,2,77.9,21 / 21,2690228,2019-09-06 19:00:56:910,1.5788,-0.5964,9.7695,-0.0075,-0.0016,9.8066,0.0862,0.0167,0.057,-24.19,-33.56,5.75,283.5,-86.81,-176.24
52.413506,-1.552794,157.9,6.79,2,77.9,21 / 21,2690329,2019-09-06 19:00:57:011,1.7111,-0.408,10.3699,0.012,-0.0007,9.8065,0.0752,-0.0665,0.0429,-24.25,-33.31,5.13,282.37,-86.68,-175.01
52.413506,-1.552794,157.9,6.79,2,77.9,21 / 21,2690429,2019-09-06 19:00:57:111,1.2663,-0.5129,10.1901,0.0021,-0.0105,9.8066,-0.0607,0.0265,-0.0522,-24.06,-33.31,5.63,286.75,-86.59,-172.89
52.413506,-1.552794,157.9,6.79,2,77.9,21 / 21,2690529,2019-09-06 19:00:57:211,1.5923,-1.7616,9.6566,0.0027,0.0114,9.8066,0.0783,0.0302,0.0522,-24.87,-33.37,5.81,285.3,-86.72,-174.1
52.413506,-1.552794,157.9,6.79,2,77.9,21 / 21,2690628,2019-09-06 19:00:57:310,1.0109,-0.1468,9.6451,0.0171,-0.0076,9.8066,-0.0467,0.0432,0.0226,-24.19,-33,5.69,284.06,-86.65,-175.62
52.413506,-1.552794,157.9,6.79,2,77.9,21 / 21,2690729,2019-09-06 19:00:57:411,0.9891,-1.3057,9.6979,-0.0044,0.0072,9.8066,0.0711,-0.0366,-0.0024,-24.69,-33.5,5.56,286.12,-86.43,-172.93
52.413506,-1.552794,157.9,6.79,2,77.9,21 / 21,2690829,2019-09-06 19:00:57:511,2.6435,-0.3745,9.372,-0.0124,0.0089,9.8066,0.0955,-0.0411,0.0437,-24.25,-33.56,5.81,285.77,-86.39,-173.44
52.413506,-1.552794,157.9,6.79,2,77.9,21 / 21,2690928,2019-09-06 19:00:57:610,0.8806,-1.2234,9.2991,0.0027,0.0002,9.8066,0.0012,0.0905,0.0511,-24.12,-33.69,5.69,286.78,-86.27,-172.3
52.413506,-1.552794,157.9,6.79,2,77.9,21 / 21,2691028,2019-09-06 19:00:57:710,0.9249,0.7303,10.1374,0.019,0.0024,9.8066,-0.1207,0.0445,-0.01,-23.69,-33.06,5.38,283.29,-86.28,-173.58
52.413506,-1.552794,157.9,6.79,2,77.9,21 / 21,2691129,2019-09-06 19:00:57:811,0.2856,0.048,9.9759,0.0035,0.0131,9.8066,0.1013,0.0525,0.0237,-23.87,-33.94,5.38,280.94,-86.34,-175.81
52.413506,-1.552794,157.9,6.79,2,77.9,21 / 21,2691229,2019-09-06 19:00:57:911,1.474,0.2937,9.6683,0.0032,0.0064,9.8066,0.0835,0.0518,-0.0645,-23.31,-33.56,5.25,280.1,-86.27,-176.82
52.413506,-1.552794,157.9,6.79,2,77.9,21 / 21,2691329,2019-09-06 19:00:58:011,0.2844,-0.0308,10.446,0.0416,-0.0002,9.8065,-0.0879,0.08,-0.0687,-23.44,-33.94,5.13,278.24,-86.27,-178.66
52.413506,-1.552794,157.9,6.79,2,77.9,21 / 21,2691429,2019-09-06 19:00:58:111,0.2918,-0.1776,9.9575,0.0173,0.0059,9.8066,0.0183,0.0117,-0.031,-23.25,-33.81,5,275.19,-86.08,178.59
52.413506,-1.552794,157.9,6.79,2,77.9,21 / 21,2691528,2019-09-06 19:00:58:210,1.1924,-0.52,9.8224,0.0144,0.0007,9.8066,-0.0333,0.0622,0.0665,-24.31,-33.69,4.94,274.73,-86.01,178.5
52.413506,-1.552794,157.9,6.79,2,77.9,21 / 21,2691629,2019-09-06 19:00:58:311,1.6922,-1.8177,9.7247,0.0323,-0.021,9.8065,-0.1616,0.0385,-0.0108,-23.81,-33.44,4.81,275.95,-85.97,179.61
52.413506,-1.552794,157.9,6.79,2,77.9,21 / 21,2691728,2019-09-06 19:00:58:410,0.9539,-0.6056,9.6541,-0.0023,0.0042,9.8066,0.0279,0.0178,0.0212,-23.75,-33.56,4.75,277.29,-86,-178.94
52.413506,-1.552794,157.9,6.79,2,77.9,21 / 21,2691829,2019-09-06 19:00:58:511,1.108,-0.1665,9.9183,0.0239,-0.0025,9.8065,-0.0813,-0.0631,0.0282,-23.25,-33.75,4.5,277.07,-85.88,-179.24
52.413506,-1.552794,157.9,6.79,2,77.9,21 / 21,2691929,2019-09-06 19:00:58:611,0.0763,-0.7805,9.2211,-0.0203,0.0062,9.8066,0.0766,0.0009,0.0245,-24.31,-33,4.94,279.24,-85.74,-176.82
52.413506,-1.552794,157.9,6.79,2,77.9,21 / 21,2692028,2019-09-06 19:00:58:710,1.7073,-1.1358,10.6103,-0.0311,-0.0002,9.8065,0.0494,-0.0169,0.0691,-24.25,-32.94,4.94,279.21,-85.93,-177.1
52.413506,-1.552794,157.9,6.79,2,77.9,21 / 21,2692128,2019-09-06 19:00:58:810,1.6533,-1.1136,9.8082,0.0361,0.0032,9.8065,-0.0771,0.0841,-0.07,-24.25,-32.62,5.38,279.5,-85.89,-176.77
52.413506,-1.552794,157.9,6.79,2,77.9,21 / 21,2692229,2019-09-06 19:00:58:911,0.6546,-1.5996,10.1722,0.0097,-0.0014,9.8066,0.0974,-0.022,0.0693,-23.81,-32.87,4.31,276.55,-86.15,-177.69
52.413506,-1.552794,157.9,6.79,2,77.9,21 / 21,2692329,2019-09-06 19:00:59:011,-1.7504,2.5625,10.9284,0.0024,0.0174,9.8066,-0.0564,0.0755,-0.0899,-24.06,-33.44,4.31,275.16,-86.16,-179.08
52.413506,-1.552794,157.9,6.79,2,77.9,21 / 21,2692429,2019-09-06 19:00:59:111,-1.2681,0.8123,9.8996,0.0136,-0.0216,9.8066,0.0979,-0.0153,0.1169,-23.81,-33.75,5,277.81,-85.97,-178.39
52.413506,-1.552794,157.9,6.79,2,77.9,21 / 21,2692528,2019-09-06 19:00:59:210,2.7088,0.0288,10.2743,0.033,-0.0053,9.8066,0.0283,0.0158,0.0418,-23.5,-33.75,4.63,277.37,-85.24,-178.02
52.413506,-1.552794,157.9,6.79,2,77.9,21 / 21,2692629,2019-09-06 19:00:59:311,1.0016,-0.6409,8.8405,0.0341,-0.011,9.8065,-0.0817,-0.0864,0.0469,-23.75,-33.56,5.06,278.03,-84.94,-176.73
52.413506,-1.552794,157.9,6.79,2,77.9,21 / 21,2692729,2019-09-06 19:00:59:411,-0.9344,-0.1069,9.6223,-0.0629,0.0023,9.8064,-0.0333,-0.0303,0.0064,-23.37,-33.87,4.5,281.42,-85.37,-174.22
52.413506,-1.552794,157.9,6.79,2,77.9,21 / 21,2692829,2019-09-06 19:00:59:511,-0.2547,-1.401,10.873,-0.0682,-0.0223,9.8064,0.1301,-0.0056,0.1137,-23.69,-33.25,3.94,282.3,-85.61,-171.29
52.413506,-1.552794,157.9,6.79,2,77.9,21 / 21,2692928,2019-09-06 19:00:59:610,0.3892,0.2205,10.0618,0.0321,-0.0163,9.8065,0.1108,0.0631,-0.1066,-23.06,-33.56,4.38,282.09,-85.67,-171.55
52.413506,-1.552794,157.9,6.79,2,77.9,21 / 21,2693028,2019-09-06 19:00:59:710,1.0983,-0.0156,10.4436,0.0115,0.0321,9.8065,0.239,-0.0197,-0.0463,-23.06,-33.56,4.06,278.93,-85.33,-174.16
52.413506,-1.552794,157.9,6.79,2,77.9,21 / 21,2693129,2019-09-06 19:00:59:811,1.6117,0.5856,10.8243,0.0767,-0.0162,9.8063,-0.182,-0.0993,0.1346,-23.69,-33.81,4.5,280.15,-84.76,-174.38
52.413506,-1.552794,157.9,6.79,2,77.9,21 / 21,2693229,2019-09-06 19:00:59:911,-1.2592,0.1222,10.4674,0.0799,-0.0016,9.8063,0.2183,-0.0006,-0.0352,-23.37,-33.87,4.75,280.87,-84.62,-173.67
52.413506,-1.552794,157.9,6.79,2,77.9,21 / 21,2693329,2019-09-06 19:01:00:011,0.528,-0.6341,9.4225,-0.049,-0.0005,9.8065,0.0543,0.0072,-0.0125,-24,-34.12,4.56,280.82,-84.53,-173.4
52.413506,-1.552794,157.9,6.79,2,77.9,21 / 21,2693428,2019-09-06 19:01:00:110,0.5643,0.0737,9.3248,-0.05,-0.0077,9.8065,-0.0378,0.0752,-0.0307,-23.62,-34.25,4.5,282.55,-84.84,-172.15
52.413506,-1.552794,157.9,6.79,2,77.9,21 / 21,2693528,2019-09-06 19:01:00:210,0.9488,-0.0833,10.0865,-0.0133,0.0009,9.8066,0.0178,0.0353,0.0343,-24.44,-33.87,4.19,280.57,-84.89,-171.8
52.413506,-1.552794,157.9,6.79,2,77.9,21 / 21,2693628,2019-09-06 19:01:00:310,-0.5195,-0.7593,10.6264,-0.0293,-0.0046,9.8066,0.1031,-0.0191,0.0638,-23.94,-33.94,4.88,284.23,-85.01,-170.74
52.413506,-1.552794,157.9,6.79,2,77.9,21 / 21,2693728,2019-09-06 19:01:00:410,1.8305,0.0295,10.9201,0.0782,0.0067,9.8063,-0.1567,-0.0799,-0.018,-24,-33.81,4.88,282.78,-84.36,-171.25
52.413506,-1.552794,157.9,6.79,2,77.9,21 / 21,2693829,2019-09-06 19:01:00:511,0.2618,0.0731,10.0157,0.0916,-0.0151,9.8062,0.1991,-0.05,0.0345,-23.81,-33.75,4.94,282.21,-84.04,-171.37
52.413506,-1.552794,157.9,6.79,2,77.9,21 / 21,2693929,2019-09-06 19:01:00:611,0.8566,-0.3241,9.9293,-0.002,-0.0252,9.8066,0.0523,0.151,-0.0446,-23.56,-34.06,5.44,281.02,-83.89,-172.31
52.413506,-1.552794,157.9,6.79,2,77.9,21 / 21,2694029,2019-09-06 19:01:00:711,-0.2645,-1.4303,10.0279,-0.045,0.0114,9.8065,0.0912,-0.049,0.0816,-24.06,-33.44,5.13,282.74,-83.97,-170.99
52.413506,-1.552794,157.9,6.79,2,77.9,21 / 21,2694129,2019-09-06 19:01:00:811,0.1261,-1.2793,10.4016,0.0072,-0.0007,9.8066,0.0608,-0.0278,0.0012,-23.81,-33.94,5.31,282.75,-84.01,-170.79
52.413506,-1.552794,157.9,6.79,2,77.9,21 / 21,2694228,2019-09-06 19:01:00:910,-0.5943,-0.3151,9.546,-0.0017,-0.0021,9.8066,0.0416,0.015,-0.0493,-23.94,-33.75,5.06,282.39,-83.88,-170.96
52.413506,-1.552794,157.9,6.79,2,77.9,21 / 21,2694329,2019-09-06 19:01:01:011,-0.3921,-1.3056,9.9858,0.0432,-0.0165,9.8065,-0.1092,-0.0438,0.0876,-24.5,-33.62,5.19,282.65,-83.75,-170.53
52.413506,-1.552794,157.9,6.79,2,77.9,21 / 21,2694428,2019-09-06 19:01:01:110,-0.8894,0.5813,9.0128,-0.0542,0.0122,9.8065,-0.2075,0.0578,-0.0425,-23.69,-33.44,4.94,282.76,-84.1,-171.15
52.413506,-1.552794,157.9,6.79,2,77.9,20 / 20,2694529,2019-09-06 19:01:01:211,-1.1455,-0.9206,10.1554,-0.0243,0.001,9.8065,0.2119,0.0279,-0.0502,-24.06,-33.56,5,282.49,-83.99,-171.02
52.413506,-1.552794,157.9,6.79,2,77.9,20 / 20,2694629,2019-09-06 19:01:01:311,-0.4553,-1.4099,10.5903,0.0163,-0.0066,9.8065,0.1878,-0.0777,0.056,-24,-34.12,5.06,282.16,-83.83,-171.11
52.413506,-1.552794,157.9,6.79,2,77.9,20 / 20,2694728,2019-09-06 19:01:01:410,0.7965,-0.0158,9.5398,0.034,0.0019,9.8066,-0.0589,-0.0023,-0.0038,-23.62,-33.19,5.25,281.47,-83.65,-171.79
52.413506,-1.552794,157.9,6.79,2,77.9,20 / 20,2694829,2019-09-06 19:01:01:511,-0.3028,-1.2334,9.5939,0.0076,-0.0083,9.8066,-0.0086,0.0011,-0.0193,-23.75,-33.5,4.69,282.1,-83.62,-171.13
52.413506,-1.552794,157.9,6.79,2,77.9,20 / 20,2694928,2019-09-06 19:01:01:610,0.2633,-0.3048,9.3413,0.0104,0.002,9.8066,-0.066,-0.0361,0.0113,-23.87,-33.37,5.25,281.93,-83.65,-171.34
52.413506,-1.552794,157.9,6.79,2,77.9,20 / 20,2695029,2019-09-06 19:01:01:711,1.0117,-0.09,9.9819,-0.027,0.0028,9.8066,0.0235,0.0443,-0.0038,-23.81,-33.87,4.75,282.17,-83.6,-170.79
52.413506,-1.552794,157.9,6.79,2,77.9,20 / 20,2695129,2019-09-06 19:01:01:811,0.5345,-0.056,9.9403,-0.0157,-0.0049,9.8066,-0.0091,0.0621,-0.0717,-23.12,-33.81,4.75,283.27,-83.68,-169.97
52.413506,-1.552794,157.9,6.79,2,77.9,20 / 20,2695229,2019-09-06 19:01:01:911,-0.6232,0.9723,10.0372,0.0235,-0.0101,9.8066,0.0739,-0.1183,0.1319,-23.75,-33.19,5.25,284.02,-83.46,-169.04
52.413506,-1.552794,157.9,6.79,2,77.9,20 / 20,2695329,2019-09-06 19:01:02:011,-0.714,-0.7223,9.8903,0.0002,-0.0003,9.8066,-0.026,0.0222,-0.0763,-24.31,-33.44,4.69,284.48,-83.5,-168.67
52.413506,-1.552794,157.9,6.79,2,77.9,21 / 21,2695429,2019-09-06 19:01:02:111,0.3306,-1.2488,10.4062,0.0068,0.0033,9.8066,0.0563,-0.075,0.0233,-23.87,-33.75,4.81,284.73,-83.46,-168.11
52.413506,-1.552794,157.9,6.79,2,77.9,21 / 21,2695528,2019-09-06 19:01:02:210,0.6547,-0.2049,10.1447,0.0096,-0.0032,9.8065,-0.0446,-0.073,0.0446,-24.44,-33.5,4.69,284.35,-83.37,-168.61
52.413506,-1.552794,157.9,6.79,2,77.9,21 / 21,2695629,2019-09-06 19:01:02:311,0.0983,-0.9791,9.6796,0.0093,0.0096,9.8066,-0.0773,-0.0175,-0.0621,-24.44,-33.44,4.81,283.61,-83.37,-169.33
52.413506,-1.552794,157.9,6.79,2,77.9,21 / 21,2695728,2019-09-06 19:01:02:410,-0.7086,0.5658,9.8554,0.0163,-0.0131,9.8066,0.0775,-0.1385,0.0925,-24.12,-33.12,4.69,283.82,-83.21,-168.91
52.413506,-1.552794,157.9,6.79,2,77.9,21 / 21,2695829,2019-09-06 19:01:02:511,-0.5459,-0.0185,10.3667,-0.0045,0.0023,9.8066,0.028,0.0912,-0.0844,-24.5,-33.5,4.56,284.13,-83.15,-168.53
52.413506,-1.552794,157.9,6.79,2,77.9,21 / 21,2695928,2019-09-06 19:01:02:610,-0.0753,1.3464,9.8715,-0.0008,0.0096,9.8066,-0.0031,0.0622,-0.1208,-24.62,-33.87,4.63,282.71,-82.97,-169.28
52.413506,-1.552794,157.9,6.79,2,77.9,21 / 21,2696028,2019-09-06 19:01:02:710,0.385,0.7185,9.4801,0.0229,-0.0154,9.8066,0.0771,0.0217,0.066,-24.62,-34,5.25,281.35,-82.85,-170.43
52.413506,-1.552794,157.9,6.79,2,77.9,21 / 21,2696129,2019-09-06 19:01:02:811,-0.8102,-3.0001,10.1781,0.0041,0.0175,9.8066,-0.1077,0.1028,-0.188,-25.5,-33.75,5.63,283.58,-82.72,-170.37
52.413506,-1.552794,157.9,6.79,2,77.9,21 / 21,2696228,2019-09-06 19:01:02:910,-2.1421,0.2537,9.9763,0.006,0.0063,9.8066,0.2102,-0.007,-0.0054,-24.94,-33.5,5.88,282.39,-82.91,-172.04
52.413506,-1.552794,157.9,6.79,2,77.9,21 / 21,2696328,2019-09-06 19:01:03:010,-0.4269,-0.1585,8.3411,0.0102,0.0169,9.8066,-0.0337,0.0812,-0.0635,-23.81,-34,6,280.28,-82.83,-173.88
52.413506,-1.552794,157.9,6.79,2,77.9,21 / 21,2696429,2019-09-06 19:01:03:111,-0.9103,-0.3911,9.3686,-0.0454,0.0106,9.8064,0.0036,-0.0253,0.0368,-24.06,-33.81,6.13,279.78,-82.83,-174.37
52.413506,-1.552794,157.9,6.79,2,77.9,21 / 21,2696529,2019-09-06 19:01:03:211,1.2299,-0.5171,11.3336,-0.0476,0.0032,9.8065,0.1833,0.0415,-0.0187,-23,-34.12,6.56,281.86,-82.82,-174.93
52.413506,-1.552794,157.9,6.79,2,77.9,21 / 21,2696628,2019-09-06 19:01:03:310,3.3162,-2.1011,9.7588,0.1247,0.011,9.8058,0.4401,-0.1269,0.1236,-22.87,-33.69,6.31,279.99,-82.86,-174.4
52.413506,-1.552794,157.9,6.79,2,77.9,21 / 21,2696728,2019-09-06 19:01:03:410,0.4471,1.6101,9.6895,0.1277,-0.0107,9.8057,-0.275,-0.1234,0.0764,-23.44,-34.69,5.88,276.07,-82.11,-176.79
52.413506,-1.552794,157.9,6.79,2,77.9,21 / 21,2696829,2019-09-06 19:01:03:511,-0.1744,-2.3502,10.0858,-0.0143,0.0258,9.8065,-0.0103,-0.0834,-0.0162,-22.62,-34.12,5.94,275.53,-82.34,-178.01
52.413506,-1.552794,157.9,6.79,2,77.9,21 / 21,2696929,2019-09-06 19:01:03:611,0.9737,0.8387,9.4118,0.0158,0.0204,9.8066,-0.0862,-0.0723,0.0313,-23,-34.37,5.44,270.81,-82.33,179.78
52.413506,-1.552794,157.9,6.79,2,77.9,21 / 21,2697028,2019-09-06 19:01:03:710,0.0121,1.0361,9.0662,-0.0007,0.0296,9.8065,-0.086,0.0259,-0.1611,-22.5,-34.75,5.63,268.56,-82.22,175.39
52.413506,-1.552794,157.9,6.79,2,77.9,21 / 21,2697128,2019-09-06 19:01:03:810,-0.1118,-0.9452,9.5615,-0.0218,0.0215,9.8066,0.0795,-0.0608,0.0152,-22.25,-34.44,6.19,267.38,-82.24,173.81
52.413506,-1.552794,157.9,6.79,2,77.9,21 / 21,2697228,2019-09-06 19:01:03:910,0.3607,0.0852,9.6139,-0.0262,0.0227,9.8065,-0.004,0.0278,-0.0947,-21.69,-35,5.38,263.29,-82.34,172.4
52.413506,-1.552794,157.9,6.79,2,77.9,21 / 21,2697328,2019-09-06 19:01:04:010,0.0766,-0.2029,10.2971,-0.0201,-0.0008,9.8065,-0.0955,-0.0373,0.0289,-22.06,-35.81,4.81,261.66,-82.63,170.56
52.413506,-1.552794,157.9,6.79,2,77.9,21 / 21,2697428,2019-09-06 19:01:04:110,-0.6522,-0.4232,10.3999,0.0221,0.0006,9.8065,-0.0046,0.008,0.0092,-21.31,-36.62,5.81,263.26,-82.5,170.05
52.413506,-1.552794,157.9,6.79,2,77.9,21 / 21,2697529,2019-09-06 19:01:04:211,1.381,1.2264,9.0673,0.0065,0.0123,9.8066,0.1062,0.0386,-0.0831,-21.31,-35.69,6.88,265.41,-82.42,169.38
52.413506,-1.552794,157.9,6.79,2,77.9,21 / 21,2697628,2019-09-06 19:01:04:310,-0.3493,-0.8949,9.4962,-0.0158,-0.0244,9.8065,0.0709,-0.0575,0.1385,-21.56,-34.44,6.94,265.97,-82.42,169.55
52.413506,-1.552794,157.9,6.79,2,77.9,21 / 21,2697728,2019-09-06 19:01:04:410,0.0282,-0.9868,9.8545,-0.0386,0.0074,9.8066,-0.0549,0.0156,-0.0427,-21.75,-34.62,5.81,264.8,-82.95,170.4
52.413506,-1.552794,157.9,6.79,2,77.9,21 / 21,2697829,2019-09-06 19:01:04:511,-0.5935,0.2471,9.9191,-0.0047,0.0054,9.8066,0.013,0.0623,0.002,-21.94,-34.19,5.69,264.33,-83.08,169.4
52.413506,-1.552794,157.9,6.79,2,77.9,21 / 21,2697928,2019-09-06 19:01:04:610,-0.3174,-0.0303,9.6514,-0.0182,-0.0229,9.8065,0.0862,-0.0563,0.0805,-21.94,-34.44,5.63,266.08,-83.06,171.23
52.413506,-1.552794,157.9,6.79,2,77.9,21 / 21,2698028,2019-09-06 19:01:04:710,0.5939,-0.0177,9.2205,0.0014,-0.0258,9.8066,0.0669,0.0257,0.0017,-22.62,-33.75,5.81,268.99,-82.95,174.56
52.413506,-1.552794,157.9,6.79,2,77.9,21 / 21,2698128,2019-09-06 19:01:04:810,-1.3197,-0.4568,10.1951,-0.0301,-0.0146,9.8065,-0.0506,-0.0353,0.0663,-22.87,-34,5.44,268.74,-83.12,176.49
52.413506,-1.552794,157.9,6.79,2,77.9,21 / 21,2698228,2019-09-06 19:01:04:910,-0.1556,0.3225,9.0512,-0.0079,-0.0154,9.8065,0.0016,0.0361,0.0081,-22.69,-34.06,5.25,269.91,-83.31,177.41
52.413506,-1.552794,157.9,6.79,2,77.9,21 / 21,2698328,2019-09-06 19:01:05:010,-0.5377,-0.371,10.0726,0.0109,-0.0301,9.8065,-0.0035,-0.0339,0.1259,-22.69,-33.81,5.25,273.66,-83.34,-178.9
52.41377,-1.551471,156.5,12.32,2,71.03,21 / 21,2698429,2019-09-06 19:01:05:111,0.5645,-0.9928,9.8997,-0.0104,-0.0401,9.8065,-0.0168,0.0862,-0.0087,-23.06,-34.12,4.69,277.89,-83.54,-175.01
52.41377,-1.551471,156.5,12.32,2,71.03,21 / 21,2698529,2019-09-06 19:01:05:211,-0.4409,-0.4026,10.4201,0.0142,-0.0127,9.8065,0.0768,-0.0048,0.0413,-23.75,-33.87,5.19,278.93,-83.33,-173.55
52.41377,-1.551471,156.5,12.32,2,71.03,21 / 21,2698628,2019-09-06 19:01:05:310,-0.0923,-0.73,10.5882,0.0256,-0.0106,9.8065,0.0293,-0.058,-0.029,-23.81,-33.44,5.38,279.75,-83.06,-172.65
52.41377,-1.551471,156.5,12.32,2,71.03,21 / 21,2698729,2019-09-06 19:01:05:411,0.0888,0.9815,10.3426,0.0215,0.0095,9.8066,0.072,0.0923,-0.1152,-23.56,-33.75,6.13,280.87,-82.83,-173.32
52.41377,-1.551471,156.5,12.32,2,71.03,21 / 21,2698829,2019-09-06 19:01:05:511,0.1869,0.064,8.9851,-0.0277,-0.0189,9.8066,-0.0151,0.0649,0.0243,-24.12,-33.87,5.56,280.3,-82.71,-173.7
52.41377,-1.551471,156.5,12.32,2,71.03,21 / 21,2698929,2019-09-06 19:01:05:611,-0.4316,0.2702,9.6189,-0.0012,0.008,9.8066,-0.2817,-0.0506,0.0043,-23.81,-33.94,5.81,281.44,-82.81,-172.73
52.41377,-1.551471,156.5,12.32,2,71.03,21 / 21,2699029,2019-09-06 19:01:05:711,-2.4159,-0.8909,9.8283,-0.0382,-0.0006,9.8065,0.1437,0.0962,-0.0068,-23,-33.12,5.69,284.54,-83.27,-170.87
52.41377,-1.551471,156.5,12.32,2,71.03,21 / 21,2699129,2019-09-06 19:01:05:811,-0.8181,0.5212,10.2258,0.0426,-0.0081,9.8065,-0.0635,-0.0375,0.0533,-23.81,-33.25,5.63,283.15,-82.91,-171.5
52.41377,-1.551471,156.5,12.32,2,71.03,21 / 21,2699229,2019-09-06 19:01:05:911,0.2921,-0.3953,9.7545,0.0033,-0.003,9.8066,0.0366,0.0124,0.0085,-23.25,-33.75,5.94,283.93,-82.76,-170.42
52.41377,-1.551471,156.5,12.32,2,71.03,21 / 21,2699328,2019-09-06 19:01:06:010,0.0185,0.0954,9.6105,0.0064,-0.0056,9.8066,-0.0949,0.02,0.0213,-23.5,-33.37,5.31,281.95,-82.69,-170.1
52.41377,-1.551471,156.5,12.32,2,71.03,21 / 21,2699428,2019-09-06 19:01:06:110,-0.4445,-0.2198,9.6111,-0.0414,-0.0053,9.8065,-0.1597,0.0264,0.0298,-23.44,-32.94,5.13,283.37,-82.91,-169.03
52.41377,-1.551471,156.5,12.32,2,71.03,21 / 21,2699529,2019-09-06 19:01:06:211,-0.3593,0.2841,9.7235,-0.0178,-0.0041,9.8066,0.0282,0.0784,-0.0409,-24.37,-33.44,5.56,287.85,-83.28,-167.47
52.41377,-1.551471,156.5,12.32,2,71.03,21 / 21,2699628,2019-09-06 19:01:06:310,1.3571,1.0112,9.6313,-0.02,0.0085,9.8066,-0.0181,0.0129,0.0183,-23.87,-33.37,4.94,285.96,-83.38,-167.08
52.41377,-1.551471,156.5,12.32,2,71.03,21 / 21,2699729,2019-09-06 19:01:06:411,1.3432,-1.1686,10.6543,0.03,-0.0203,9.8065,-0.0853,0.0907,-0.0099,-24,-33.87,5.44,285.87,-83.06,-166.44
52.41377,-1.551471,156.5,12.32,2,71.03,21 / 21,2699828,2019-09-06 19:01:06:510,1.285,-0.7419,10.7229,0.0699,0.0022,9.8063,0.0631,-0.0481,-0.0232,-24.19,-33.75,5.13,284.35,-82.7,-167.4
52.41377,-1.551471,156.5,12.32,2,71.03,21 / 21,2699928,2019-09-06 19:01:06:610,-3.5077,-1.0182,10.5259,0.0888,-0.0177,9.8062,-0.0909,0.1757,0.0078,-23.94,-33.37,5.81,286.98,-82.39,-167.11
52.41377,-1.551471,156.5,12.32,2,71.03,21 / 21,2700029,2019-09-06 19:01:06:711,1.1242,-0.5454,9.0649,0.0052,0.0055,9.8066,0.064,-0.0213,0.16,-24.87,-33.31,5.94,288.18,-82.58,-166.04
52.41377,-1.551471,156.5,12.32,2,71.03,21 / 21,2700129,2019-09-06 19:01:06:811,-1.3237,-1.3449,9.6376,0.0042,-0.0022,9.8066,-0.0674,-0.0201,-0.0442,-24.75,-33.37,5.31,285.97,-82.71,-166.06
52.41377,-1.551471,156.5,12.32,2,71.03,21 / 21,2700229,2019-09-06 19:01:06:911,-0.8613,-0.3518,9.1705,-0.01,0.0081,9.8065,0.0624,-0.0474,-0.0282,-24,-33.56,5.75,289.32,-83.06,-165.5
52.41377,-1.551471,156.5,12.32,2,71.03,21 / 21,2700329,2019-09-06 19:01:07:011,0.8196,-0.2843,9.4319,-0.0153,0.0029,9.8066,0.023,-0.0069,0.0061,-25.12,-33.56,5.38,287.05,-83.25,-165.48
52.41377,-1.551471,156.5,12.32,2,71.03,20 / 21,2700429,2019-09-06 19:01:07:111,-1.7622,-0.2095,10.2105,-0.0157,-0.0062,9.8066,0.0553,-0.0338,0.0429,-24.37,-33.69,5.31,288.47,-83.44,-164.49
52.41377,-1.551471,156.5,12.32,2,71.03,20 / 21,2700530,2019-09-06 19:01:07:212,-0.6081,0.1323,10.0938,-0.0331,0.0171,9.8065,0.09,0.0669,-0.0358,-24.12,-33.5,5.56,290.56,-83.43,-165.09
52.41377,-1.551471,156.5,12.32,2,71.03,20 / 21,2700628,2019-09-06 19:01:07:310,-0.495,0.199,11.0186,0.0235,-0.0124,9.8065,-0.0268,0.0631,-0.0368,-24.75,-33.31,5.63,290.3,-83.23,-164.85
52.41377,-1.551471,156.5,12.32,2,71.03,20 / 21,2700729,2019-09-06 19:01:07:411,-0.0455,0.9871,8.7588,-0.0036,0.0031,9.8066,0.0222,0.1916,-0.1438,-24.62,-33.19,6.44,290.23,-82.97,-164.59
52.41377,-1.551471,156.5,12.32,2,71.03,20 / 21,2700829,2019-09-06 19:01:07:511,-1.5672,-0.2196,8.7366,0.0249,0.024,9.8065,-0.1191,-0.0162,-0.0642,-24.12,-34.06,5.44,283.1,-82.91,-168.91
52.41377,-1.551471,156.5,12.32,2,71.03,20 / 21,2700928,2019-09-06 19:01:07:610,-1.7997,-1.6948,9.2764,-0.0039,-0.0058,9.8066,-0.0057,0.1597,-0.0119,-24.44,-33.56,5.06,284.12,-83.21,-168.33
52.41377,-1.551471,156.5,12.32,2,71.03,20 / 21,2701028,2019-09-06 19:01:07:710,-0.9155,0.6112,9.6493,-0.0195,0.0287,9.8065,0.0752,0.0746,0.0179,-23.37,-34,5.75,286.51,-83.61,-169.18
52.41377,-1.551471,156.5,12.32,2,71.03,20 / 21,2701128,2019-09-06 19:01:07:810,-1.2239,0.4568,10.4737,-0.002,0.0061,9.8066,-0.0041,-0.023,-0.0011,-23.56,-34.12,4.75,282.03,-83.89,-171.32
52.41377,-1.551471,156.5,12.32,2,71.03,20 / 21,2701229,2019-09-06 19:01:07:911,-0.7338,0.2839,10.5582,0.0486,-0.0113,9.8064,0.1003,0.0426,0.0083,-24,-34.06,5,281.86,-83.45,-170.87
52.41377,-1.551471,156.5,12.32,2,71.03,20 / 21,2701328,2019-09-06 19:01:08:010,-2.1813,-0.5525,10.2787,0.0542,-0.0356,9.8064,-0.0342,-0.0579,0.1208,-24.06,-33.62,5.19,283.86,-83.07,-168.4
52.41377,-1.551471,156.5,12.32,2,71.03,21 / 21,2701429,2019-09-06 19:01:08:111,-3.1806,0.3755,9.3475,-0.0498,-0.0008,9.8064,-0.167,0.0643,-0.0676,-24.62,-33.69,4.75,285,-82.93,-167.02
52.41377,-1.551471,156.5,12.32,2,71.03,21 / 21,2701528,2019-09-06 19:01:08:210,-0.0662,-0.2605,9.384,-0.0481,-0.0108,9.8065,0.1561,-0.0037,0.001,-24.56,-33.62,5,287.5,-83.23,-165.02
52.41377,-1.551471,156.5,12.32,2,71.03,21 / 21,2701628,2019-09-06 19:01:08:310,-0.4305,0.3998,9.4661,0.0028,-0.0044,9.8066,0.0953,0.0306,0.0158,-24.69,-34.12,4.81,288.11,-83.2,-164.39
52.41377,-1.551471,156.5,12.32,2,71.03,21 / 21,2701729,2019-09-06 19:01:08:411,-0.7155,-1.3681,9.6667,0.019,0.0079,9.8066,-0.1795,0.1055,-0.0966,-25.06,-33.37,4.81,288.46,-83.28,-164.41
52.41377,-1.551471,156.5,12.32,2,71.03,21 / 21,2701828,2019-09-06 19:01:08:510,-3.1925,0.4226,9.6939,-0.0186,-0.0081,9.8066,-0.1279,-0.0457,0.0946,-24.69,-33.19,4.44,287.79,-83.49,-163.05
52.41377,-1.551471,156.5,12.32,2,71.03,21 / 21,2701929,2019-09-06 19:01:08:611,-2.8953,-0.6123,9.3349,-0.0156,-0.0038,9.8066,0.0363,-0.0358,0.0201,-24.81,-33.87,4.06,288.17,-83.61,-162.6
52.41377,-1.551471,156.5,12.32,2,71.03,21 / 21,2702028,2019-09-06 19:01:08:710,-2.2829,0.4007,9.9532,-0.0102,-0.0072,9.8066,0.0491,0.0587,-0.0065,-24.87,-34.06,3.88,288.74,-83.61,-162.06
52.41377,-1.551471,156.5,12.32,2,71.03,21 / 21,2702128,2019-09-06 19:01:08:810,-0.5362,0.544,10.2931,-0.0178,-0.0023,9.8066,0.0556,0.0344,-0.0175,-25.06,-33.44,4.44,290.27,-83.61,-160.84
52.41377,-1.551471,156.5,12.32,2,71.03,21 / 21,2702228,2019-09-06 19:01:08:910,-1.1488,-1.3352,10.1847,0.0422,0.0003,9.8065,0.0598,-0.1019,-0.0015,-24.56,-33.69,4.25,289.22,-83.37,-161.28
52.41377,-1.551471,156.5,12.32,2,71.03,21 / 21,2702329,2019-09-06 19:01:09:011,-0.7327,0.6393,9.6967,0.0448,0.0038,9.8065,-0.1378,-0.0374,-0.003,-24.31,-33.94,4.81,290.92,-83.37,-162.06
52.41377,-1.551471,156.5,12.32,2,71.03,21 / 21,2702429,2019-09-06 19:01:09:111,-1.7678,-0.9586,9.2788,-0.0336,0.0063,9.8065,-0.0947,-0.0083,0.0379,-24.31,-34.25,4.56,290.29,-83.55,-162.91
52.41377,-1.551471,156.5,12.32,2,71.03,21 / 21,2702528,2019-09-06 19:01:09:210,-1.9655,0.0648,9.5498,-0.0327,0.0263,9.8065,-0.0166,-0.0217,-0.1216,-23.81,-33.87,4.25,286.89,-83.96,-164.36
52.41377,-1.551471,156.5,12.32,2,71.03,21 / 21,2702629,2019-09-06 19:01:09:311,-2.092,0.8939,9.7111,-0.0309,0.0044,9.8065,-0.0794,0.07,-0.058,-24,-34.25,3.88,286.14,-84.34,-165.61
52.41377,-1.551471,156.5,12.32,2,71.03,21 / 21,2702729,2019-09-06 19:01:09:411,-0.8741,0.6484,9.5554,-0.0397,0.0049,9.8065,-0.0004,-0.0323,0.0473,-23.87,-34,4,286.43,-84.54,-165.61
52.41377,-1.551471,156.5,12.32,2,71.03,21 / 21,2702828,2019-09-06 19:01:09:510,-1.9881,0.4597,10.1046,-0.0063,-0.0123,9.8066,-0.079,0.0365,-0.0925,-24.37,-34.44,3.63,286.74,-84.64,-165.44
52.41377,-1.551471,156.5,12.32,2,71.03,21 / 21,2702929,2019-09-06 19:01:09:611,-1.6478,0.4818,9.4138,-0.0032,-0.0056,9.8066,0.0471,0.0031,0.0334,-23.37,-33.62,3.88,288.03,-84.55,-164.18
52.41377,-1.551471,156.5,12.32,2,71.03,21 / 21,2703029,2019-09-06 19:01:09:711,-1.8854,0.2616,10.0149,-0.0125,-0.0201,9.8065,-0.0592,0.0197,0.0398,-23.94,-34.12,4.13,288.72,-84.51,-163.36
52.41377,-1.551471,156.5,12.32,2,71.03,21 / 21,2703129,2019-09-06 19:01:09:811,-1.2757,-1.5816,10.0011,-0.0204,0.0107,9.8066,-0.0042,0.0983,-0.0991,-24.19,-34.19,3.88,289.9,-84.59,-162.33
52.41377,-1.551471,156.5,12.32,2,71.03,21 / 21,2703229,2019-09-06 19:01:09:911,-1.9965,0.0973,9.7614,-0.0018,-0.0013,9.8066,-0.0202,-0.0612,0.1045,-24.12,-34.62,3.25,287.37,-84.54,-162.11
52.41377,-1.551471,156.5,12.32,2,71.03,21 / 21,2703328,2019-09-06 19:01:10:010,-1.1443,-0.4681,9.3847,-0.0117,0.013,9.8065,0.019,-0.0057,-0.0491,-24,-34.12,3.25,286.45,-84.69,-163.41
52.41377,-1.551471,156.5,12.32,2,71.03,21 / 21,2703428,2019-09-06 19:01:10:110,-1.4003,0.3345,9.612,0.0014,-0.0002,9.8066,0.0949,0.005,-0.0195,-23.62,-33.87,3.94,289.41,-84.86,-163.18
52.41377,-1.551471,156.5,12.32,2,71.03,21 / 21,2703529,2019-09-06 19:01:10:211,-2.1296,-0.0115,9.5102,0.0041,-0.0056,9.8066,-0.1547,-0.0152,0.0017,-23.56,-34.19,2.75,289.15,-85.1,-161.38
52.41377,-1.551471,156.5,12.32,2,71.03,21 / 21,2703628,2019-09-06 19:01:10:310,-1.8612,0.2932,9.6963,-0.0185,-0.0086,9.8066,-0.102,0.0124,0.0267,-23.25,-34.06,3.13,290.15,-85.42,-160.9
52.41377,-1.551471,156.5,12.32,2,71.03,21 / 21,2703728,2019-09-06 19:01:10:410,-1.4808,-0.2216,9.4965,-0.0164,0.0004,9.8066,-0.003,-0.0162,-0.0194,-23.94,-34.5,2.63,292.89,-85.75,-158.65
52.41377,-1.551471,156.5,12.32,2,71.03,21 / 21,2703828,2019-09-06 19:01:10:510,-2.1429,0.0216,9.7391,-0.0225,-0.0097,9.8066,-0.0449,0.034,-0.0032,-23.37,-34.06,2.56,296.39,-85.9,-155.59
52.41377,-1.551471,156.5,12.32,2,71.03,21 / 21,2703928,2019-09-06 19:01:10:610,-2.0701,-0.0383,10.0335,-0.0213,0.0032,9.8065,0.0556,0.0228,-0.0202,-23.94,-34.37,3.06,297.76,-86,-154.31
52.41377,-1.551471,156.5,12.32,2,71.03,21 / 21,2704028,2019-09-06 19:01:10:710,-2.0512,-0.3225,10.0356,-0.0004,-0.0099,9.8066,0.0816,0.0023,0.0137,-23.75,-34.19,2.56,300.43,-86.05,-151.83
52.41377,-1.551471,156.5,12.32,2,71.03,21 / 21,2704128,2019-09-06 19:01:10:810,-1.6339,-0.4382,10.0854,-0.0167,0.0048,9.8066,-0.0044,-0.0041,-0.0315,-22.94,-33.94,3.19,301.79,-86.14,-150.77
52.41377,-1.551471,156.5,12.32,2,71.03,21 / 21,2704229,2019-09-06 19:01:10:911,-1.2779,0.4331,9.7904,0.0287,-0.0004,9.8066,0.0801,-0.0313,-0.0112,-24.12,-34.62,2.56,301.7,-86.25,-150.75
52.41377,-1.551471,156.5,12.32,2,71.03,21 / 21,2704329,2019-09-06 19:01:11:011,-1.5878,-0.4268,9.2402,0.0238,0.0097,9.8066,-0.1662,0.0731,-0.0376,-23.12,-34.44,2.31,297.33,-86.27,-152.7
52.41377,-1.551471,156.5,12.32,2,71.03,21 / 21,2704428,2019-09-06 19:01:11:110,-2.1879,-0.3423,9.6344,-0.0337,-0.0134,9.8066,-0.0951,-0.0382,0.086,-22.69,-34.69,2.81,305.7,-86.41,-147.28
52.41377,-1.551471,156.5,12.32,2,71.03,21 / 21,2704529,2019-09-06 19:01:11:211,-2.1789,-0.7216,9.8536,-0.0331,-0.0085,9.8065,0.0153,-0.0394,0.0353,-23.44,-34.44,2.69,308.61,-86.46,-144.71
52.41377,-1.551471,156.5,12.32,2,71.03,21 / 21,2704628,2019-09-06 19:01:11:310,-1.596,-0.3194,10.282,-0.0095,-0.012,9.8066,-0.0085,-0.0139,0.0043,-23.69,-33.81,2,310.53,-86.52,-140.44
52.41377,-1.551471,156.5,12.32,2,71.03,21 / 21,2704729,2019-09-06 19:01:11:411,-1.5281,-0.4593,9.8551,-0.0162,-0.0002,9.8065,0.014,-0.0092,0.001,-23.12,-33.81,2.56,316.16,-86.61,-137.78
52.41377,-1.551471,156.5,12.32,2,71.03,21 / 21,2704829,2019-09-06 19:01:11:511,-1.8973,-0.2599,10.2996,-0.0012,0.0058,9.8066,-0.0038,0.0035,-0.0174,-23.62,-34.37,2.13,313.32,-86.76,-138.07
52.41377,-1.551471,156.5,12.32,2,71.03,21 / 21,2704929,2019-09-06 19:01:11:611,-2.4125,0.3129,9.8619,0.003,0.0037,9.8066,-0.0162,-0.0181,0.0177,-23.56,-33.75,2.94,315.49,-86.83,-138.47
52.41377,-1.551471,156.5,12.32,2,71.03,21 / 21,2705029,2019-09-06 19:01:11:711,-2.0619,0.1844,9.515,-0.0228,-0.0125,9.8066,-0.0682,0.0101,0.0028,-23.25,-33.12,2.19,318.14,-86.91,-133.84
52.41377,-1.551471,156.5,12.32,2,71.03,21 / 21,2705129,2019-09-06 19:01:11:811,-1.7776,-0.2029,9.9247,-0.0247,-0.0114,9.8066,0.0919,0.0127,0.0301,-23.62,-33.69,2.13,319.93,-86.8,-131.88
52.41377,-1.551471,156.5,12.32,2,71.03,21 / 21,2705229,2019-09-06 19:01:11:911,-1.5848,-0.613,10.3157,0.0146,-0.0016,9.8066,0.0966,-0.0193,0.0035,-23.75,-33.62,2,320.89,-86.7,-130.89
52.41377,-1.551471,156.5,12.32,2,71.03,21 / 21,2705329,2019-09-06 19:01:12:011,-1.7432,-0.2321,10.0777,0.0037,-0.0002,9.8066,-0.0226,-0.012,-0.0092,-24.19,-33.44,1.88,321.22,-86.75,-130.71
52.41377,-1.551471,156.5,12.32,2,71.03,21 / 21,2705429,2019-09-06 19:01:12:111,-1.6317,-0.0932,9.8567,0.0056,0.0066,9.8066,0.0266,-0.012,0.0018,-24,-34.44,1.81,322.23,-86.79,-129.71
52.41377,-1.551471,156.5,12.32,2,71.03,21 / 21,2705529,2019-09-06 19:01:12:211,-1.6652,0.2271,9.6234,-0.0082,0.004,9.8066,-0.0345,0.0002,-0.0014,-23.87,-34.56,2.25,322.42,-86.94,-129.59
52.41377,-1.551471,156.5,12.32,2,71.03,21 / 21,2705628,2019-09-06 19:01:12:310,-1.7528,0.2002,9.6452,-0.0057,-0.0111,9.8066,-0.005,-0.0143,0.0203,-24.75,-34.25,1.88,326.28,-86.93,-125.95
52.41377,-1.551471,156.5,12.32,2,71.03,21 / 21,2705729,2019-09-06 19:01:12:411,-1.2978,-0.0362,9.7864,-0.0124,-0.0108,9.8065,-0.0204,-0.0065,0.0338,-23.75,-34.06,2.25,329.29,-86.86,-123.17
52.41377,-1.551471,156.5,12.32,2,71.03,21 / 21,2705828,2019-09-06 19:01:12:510,-0.998,-0.1496,10.4551,-0.0043,-0.0104,9.8066,0.004,0,0.0323,-23.5,-33.94,2.31,334.5,-86.76,-118.38
52.41377,-1.551471,156.5,12.32,2,71.03,21 / 21,2705928,2019-09-06 19:01:12:610,0.2657,0.193,9.9222,-0.0124,-0.0148,9.8066,-0.0304,-0.0811,0.035,-23.25,-34.19,2.69,342.05,-86.7,-113.86
52.41377,-1.551471,156.5,12.32,2,71.03,21 / 21,2706028,2019-09-06 19:01:12:710,-0.4706,-0.3496,10.6096,0.0147,-0.0022,9.8066,-0.0267,-0.016,-0.0308,-23.25,-34.62,2.38,343.03,-86.68,-110.44
52.41377,-1.551471,156.5,12.32,2,71.03,21 / 21,2706129,2019-09-06 19:01:12:811,0.0955,-0.2503,10.112,0.0105,0.0115,9.8066,-0.0156,0.0037,-0.0053,-23.69,-33.75,2.75,344.11,-86.78,-111.75
52.41377,-1.551471,156.5,12.32,2,71.03,21 / 21,2706228,2019-09-06 19:01:12:910,0.2896,0.4675,9.2736,0.0049,0.0146,9.8066,0.0396,-0.0052,-0.0426,-23.31,-33.94,3,341.27,-87.01,-114.73
52.41377,-1.551471,156.5,12.32,2,71.03,21 / 21,2706329,2019-09-06 19:01:13:011,0.7305,0.1597,9.3037,0.0048,0.0036,9.8066,-0.0329,-0.022,-0.0204,-23.06,-33.75,2.31,337.34,-87.05,-115.93
52.41377,-1.551471,156.5,12.32,2,71.03,21 / 21,2706428,2019-09-06 19:01:13:110,0.4398,-0.3547,9.6776,0.009,-0.0069,9.8066,-0.0333,-0.0061,0.0212,-22.94,-33.31,3.06,340.17,-87.01,-115.79
52.41377,-1.551471,156.5,12.32,2,71.03,21 / 21,2706529,2019-09-06 19:01:13:211,-0.0445,-0.5761,8.7974,0.0108,-0.007,9.8066,-0.0168,-0.0319,0.0629,-23.69,-33.19,2.56,340.45,-86.96,-115.26
52.41377,-1.551471,156.5,12.32,2,71.03,21 / 21,2706628,2019-09-06 19:01:13:310,-0.2576,0.0058,9.8949,-0.0121,-0.0064,9.8066,-0.06,0.0096,-0.0285,-24,-33.25,1.75,339.51,-86.92,-113.75
52.41377,-1.551471,156.5,12.32,2,71.03,21 / 21,2706729,2019-09-06 19:01:13:411,0.623,0.1032,10.1279,-0.0104,-0.0005,9.8066,-0.001,-0.0109,0.0012,-23.5,-33.75,1.56,341.01,-86.89,-112.44
52.41377,-1.551471,156.5,12.32,2,71.03,21 / 21,2706829,2019-09-06 19:01:13:511,0.8617,-0.5637,10.1675,-0.0162,0.0075,9.8066,-0.0574,-0.0031,-0.0092,-23.62,-32.81,1.81,344.06,-86.99,-109.55
52.41377,-1.551471,156.5,12.32,2,71.03,21 / 21,2706929,2019-09-06 19:01:13:611,-0.1012,-0.026,9.7287,-0.0115,0.0093,9.8066,-0.0027,-0.0105,-0.019,-22.75,-33.56,1.88,347.09,-87.16,-106.93
52.41377,-1.551471,156.5,12.32,2,71.03,21 / 21,2707030,2019-09-06 19:01:13:712,0.2881,0.3815,9.5136,-0.0173,0.0087,9.8066,-0.0198,0.0046,-0.048,-23.37,-33.87,1.81,352.07,-87.38,-102.36
52.41377,-1.551471,156.5,12.32,2,71.03,21 / 21,2707129,2019-09-06 19:01:13:811,0.287,0.3095,9.7439,-0.01,-0.0024,9.8066,0.0374,0.0137,0.0188,-23.69,-33.5,1.75,352.21,-87.39,-102.07
52.41377,-1.551471,156.5,12.32,2,71.03,21 / 21,2707228,2019-09-06 19:01:13:910,0.589,-0.2194,9.7309,0.0146,-0.0058,9.8065,-0.0274,0.0132,0.0013,-23.12,-33.87,1.69,352.04,-87.38,-102.38
52.41377,-1.551471,156.5,12.32,2,71.03,21 / 21,2707329,2019-09-06 19:01:14:011,0.6967,-0.1398,9.8767,-0.0018,-0.0114,9.8066,0.0124,-0.0048,0.0519,-23.19,-33.62,2.38,351.51,-87.23,-102.85
52.413998,-1.550393,156.01,3.99,2,69.91,21 / 21,2707428,2019-09-06 19:01:14:110,-0.1462,-0.2945,10.4662,-0.0148,-0.0109,9.8066,0.0294,-0.008,0.0118,-23.69,-34.31,1.44,351.4,-87.08,-100.36
52.413998,-1.550393,156.01,3.99,2,69.91,21 / 21,2707529,2019-09-06 19:01:14:211,0.3002,0.3967,10.5195,0.0071,-0.0101,9.8066,-0.0526,0.0132,-0.0367,-24.37,-34.5,1.44,353.89,-87.03,-98.04
52.413998,-1.550393,156.01,3.99,2,69.91,21 / 21,2707628,2019-09-06 19:01:14:310,0.139,0.0944,9.815,-0.0007,0.0037,9.8066,-0.0541,-0.0304,0.0201,-24.06,-34.44,1.31,355.52,-87.02,-96.53
52.413998,-1.550393,156.01,3.99,2,69.91,21 / 21,2707729,2019-09-06 19:01:14:411,-0.1439,-0.2104,10.0869,0.0086,-0.0091,9.8066,0.0043,0,0.0231,-23.75,-33.87,1.38,358.2,-86.88,-94.04
52.413998,-1.550393,156.01,3.99,2,69.91,21 / 21,2707828,2019-09-06 19:01:14:510,0.3354,-0.1871,10.1606,-0.0103,0.0122,9.8066,0.0387,-0.0216,-0.0066,-23.44,-34.19,1.5,2.45,-86.94,-92.72
52.413998,-1.550393,156.01,3.99,2,69.91,21 / 21,2707929,2019-09-06 19:01:14:611,0.0032,-0.3211,9.5263,-0.0087,0.0124,9.8066,0.0922,0.0072,0.0044,-24.19,-34.12,1.63,359.91,-86.99,-94.85
52.413998,-1.550393,156.01,3.99,2,69.91,21 / 21,2708028,2019-09-06 19:01:14:710,-0.7549,-0.4319,10.4266,0.0013,0.0051,9.8066,0.0155,0.083,-0.0522,-24.31,-34.37,1.69,359.95,-87.14,-94.81
52.413998,-1.550393,156.01,3.99,2,69.91,21 / 21,2708129,2019-09-06 19:01:14:811,-1.1651,0.0961,10.1012,0.0068,0.0093,9.8066,-0.0332,-0.0059,-0.0216,-23.81,-34.06,1.75,357.64,-87.26,-96.96
52.413998,-1.550393,156.01,3.99,2,69.91,21 / 21,2708229,2019-09-06 19:01:14:911,-1.3594,0.2996,9.8335,0.0035,0.0098,9.8066,0.0273,-0.0229,0.0016,-23.25,-33.81,1.75,358.25,-87.34,-96.6
52.413998,-1.550393,156.01,3.99,2,69.91,21 / 21,2708329,2019-09-06 19:01:15:011,-1.2898,0.4291,9.7898,-0.0069,0.0001,9.8066,0.0396,0.0206,-0.0451,-23.12,-34.87,1.88,358.37,-87.43,-96.49
52.413998,-1.550393,156.01,3.99,2,69.91,21 / 21,2708429,2019-09-06 19:01:15:111,-1.3445,-0.3052,9.9394,-0.002,0.0081,9.8066,0.0123,0.0046,-0.0061,-23.87,-35.62,1.44,355.75,-87.5,-96.36
52.413998,-1.550393,156.01,3.99,2,69.91,21 / 21,2708529,2019-09-06 19:01:15:211,-1.8661,0.2052,9.7185,-0.0057,0.0134,9.8066,-0.0476,-0.0022,-0.0321,-23.69,-35.19,1.5,0.05,-87.68,-94.72
52.413998,-1.550393,156.01,3.99,2,69.91,21 / 21,2708628,2019-09-06 19:01:15:310,-2.0708,-0.0735,9.9475,-0.0063,-0.0006,9.8066,0.0026,-0.0041,-0.0295,-23.06,-35.5,2.19,0.53,-87.74,-94.47
52.413998,-1.550393,156.01,3.99,2,69.91,21 / 21,2708730,2019-09-06 19:01:15:412,-1.8936,-0.0218,10.1356,-0.008,-0.0022,9.8066,0.0734,0.0275,0.0153,-23.31,-34.12,2,1.18,-87.79,-93.86
52.413998,-1.550393,156.01,3.99,2,69.91,21 / 21,2708828,2019-09-06 19:01:15:510,-1.5929,-0.1094,10.1446,-0.0047,0.0023,9.8065,-0.0166,0.025,0.0029,-22.87,-34.31,1.88,1.84,-87.8,-93.24
52.413998,-1.550393,156.01,3.99,2,69.91,21 / 21,2708928,2019-09-06 19:01:15:610,-1.581,0.3897,10.1722,-0.0094,0.0037,9.8065,0.0322,-0.0088,-0.0764,-22.94,-34.31,1.75,3.76,-87.87,-91.42
52.413998,-1.550393,156.01,3.99,2,69.91,21 / 21,2709028,2019-09-06 19:01:15:710,-1.3531,0.1382,10.0693,-0.014,0.0179,9.8066,0.0387,0.0032,-0.0452,-22.87,-34.56,0.94,1.65,-88.01,-90.93
52.413998,-1.550393,156.01,3.99,2,69.91,21 / 21,2709128,2019-09-06 19:01:15:810,-1.3375,0.4265,9.9345,0.0008,0.0107,9.8066,0.0083,0.0066,0.0051,-22.62,-35.19,1.56,7.67,-88.31,-87.65
52.413998,-1.550393,156.01,3.99,2,69.91,21 / 21,2709229,2019-09-06 19:01:15:911,-0.9445,0.0558,9.97,0.0058,-0.0027,9.8066,0.0241,-0.0143,-0.0353,-22.94,-35.5,2.06,7.29,-88.3,-88.01
52.413998,-1.550393,156.01,3.99,2,69.91,21 / 21,2709329,2019-09-06 19:01:16:011,-1.3455,0.4622,9.9754,-0.0208,0.006,9.8066,0.0833,-0.0073,0.0226,-22.12,-34.94,2.06,7.54,-88.36,-88
52.413998,-1.550393,156.01,3.99,2,69.91,21 / 21,2709428,2019-09-06 19:01:16:110,-0.9975,-0.0033,9.5868,-0.022,-0.002,9.8066,0.0422,-0.0144,0.0303,-22.56,-35.12,1.88,12.66,-88.32,-82.87
52.413998,-1.550393,156.01,3.99,2,69.91,21 / 21,2709529,2019-09-06 19:01:16:211,-1.1767,-0.1166,10.286,0.0091,-0.0022,9.8066,-0.017,-0.0187,-0.0016,-22,-34.31,2.25,12.64,-88.21,-83.16
52.413998,-1.550393,156.01,3.99,2,69.91,21 / 21,2709629,2019-09-06 19:01:16:311,-0.8299,0.1655,10.1984,0.0044,0.0043,9.8066,-0.0283,0.0148,-0.0378,-22,-34.37,1.69,14.76,-88.22,-81.14
52.413998,-1.550393,156.01,3.99,2,69.91,21 / 21,2709729,2019-09-06 19:01:16:411,-1.0418,0.0782,9.9053,-0.0012,0.0005,9.8066,-0.0112,0.0232,0.0014,-21.62,-34.94,1.88,17.3,-88.29,-78.71
52.413998,-1.550393,156.01,3.99,2,69.91,21 / 21,2709829,2019-09-06 19:01:16:511,-0.5598,0.0455,9.9849,0.0027,0.0035,9.8066,0.0011,-0.0079,0.0113,-21.69,-34.94,2,17.37,-88.33,-78.62
52.413998,-1.550393,156.01,3.99,2,69.91,21 / 21,2709929,2019-09-06 19:01:16:611,0.1707,0.0888,9.8398,-0.0068,0.0024,9.8066,0.0223,0.0042,0.0002,-21.94,-34.62,2.06,18.6,-88.35,-77.43
52.413998,-1.550393,156.01,3.99,2,69.91,21 / 21,2710029,2019-09-06 19:01:16:711,0.0384,0.0788,9.7169,-0.0009,-0.0034,9.8066,-0.0008,-0.0035,0.01,-21.25,-35.69,2.31,20.24,-88.32,-76.2
52.413998,-1.550393,156.01,3.99,2,69.91,21 / 21,2710128,2019-09-06 19:01:16:810,0.396,-0.3741,9.8681,0.0003,-0.0061,9.8066,0.0099,-0.0079,0.0284,-22.19,-35.31,1.81,19.75,-88.22,-76.4
52.413998,-1.550393,156.01,3.99,2,69.91,21 / 21,2710229,2019-09-06 19:01:16:911,0.0595,-0.1781,10.0025,-0.0026,-0.0021,9.8066,0.0307,0.0072,0.0042,-21.75,-35.31,1.88,20.39,-88.17,-75.82
52.413998,-1.550393,156.01,3.99,2,69.91,21 / 21,2710328,2019-09-06 19:01:17:010,0.3716,-0.2432,9.8551,0.0004,-0.0019,9.8066,0.0138,0.0071,-0.0072,-22.31,-34.75,1.38,18.46,-88.15,-75.08
52.413998,-1.550393,156.01,3.99,2,69.91,21 / 21,2710429,2019-09-06 19:01:17:111,0.2606,-0.0024,9.6961,-0.0057,0.0057,9.8066,0.0252,-0.0157,-0.0002,-22.37,-34.69,1.81,23.07,-88.16,-73.27
52.413998,-1.550393,156.01,3.99,2,69.91,21 / 21,2710529,2019-09-06 19:01:17:211,0.254,0.1291,9.8357,-0.0018,0.0024,9.8066,-0.0244,-0.0037,-0.015,-22.62,-35.06,1.25,21.86,-88.18,-71.66
52.413998,-1.550393,156.01,3.99,2,69.91,21 / 21,2710633,2019-09-06 19:01:17:315,0.1898,-0.0487,9.8488,-0.0072,-0.0021,9.8065,0.0509,-0.0043,0.0158,-22.25,-34.31,2,26.24,-88.17,-70.21
52.413998,-1.550393,156.01,3.99,2,69.91,21 / 21,2710729,2019-09-06 19:01:17:411,0.2947,0.038,9.814,-0.0121,0.0019,9.8066,0.0323,-0.0042,-0.0006,-22.25,-35.44,1.69,29.54,-88.11,-67.15
52.413998,-1.550393,156.01,3.99,2,69.91,21 / 21,2710830,2019-09-06 19:01:17:512,0.1084,-0.2309,9.878,-0.0123,-0.0023,9.8066,0.0081,-0.0129,0.001,-22.25,-34.87,2.19,30.53,-88.06,-66.24
52.413998,-1.550393,156.01,3.99,2,69.91,21 / 21,2710930,2019-09-06 19:01:17:612,0.1013,-0.1201,9.9506,0.0009,0.0005,9.8066,-0.0132,-0.0079,0.003,-22.06,-34.87,2,31.33,-88.01,-65.52
52.413998,-1.550393,156.01,3.99,2,69.91,21 / 21,2711028,2019-09-06 19:01:17:710,0.2347,0.0158,9.8316,-0.0015,-0.0004,9.8066,-0.0026,0.011,0.0077,-22.31,-34.62,1.44,30.22,-87.99,-64.01
52.413998,-1.550393,156.01,3.99,2,69.91,21 / 21,2711129,2019-09-06 19:01:17:811,-0.384,0.1574,10.051,-0.0031,0.0018,9.8066,-0.0241,0.0095,-0.0143,-22.06,-34.31,1.88,35.24,-87.95,-61.79
52.413998,-1.550393,156.01,3.99,2,69.91,21 / 21,2711229,2019-09-06 19:01:17:911,-0.6002,0.0616,10.0183,0.0016,0.0032,9.8066,-0.0181,-0.0062,-0.0087,-22.19,-33.87,1.19,34.59,-87.96,-59.82
52.413998,-1.550393,156.01,3.99,2,69.91,21 / 21,2711328,2019-09-06 19:01:18:010,-0.505,0.0443,9.871,-0.0029,0.0038,9.8066,-0.0038,0.0036,-0.0196,-21.87,-33.81,1.5,39.41,-87.97,-57.79
52.413998,-1.550393,156.01,3.99,2,69.91,21 / 21,2711429,2019-09-06 19:01:18:111,-0.1889,-0.0357,9.7703,0.0007,0.0035,9.8066,0.0064,-0.0098,0.0007,-21.75,-34.75,1.13,37.36,-88.01,-57.17
52.413998,-1.550393,156.01,3.99,2,69.91,21 / 21,2711528,2019-09-06 19:01:18:210,-0.1532,0.0145,9.8845,0.0002,0.0025,9.8066,0.0235,0.0022,-0.0064,-21.62,-34.12,2.25,39.77,-88.06,-57.36
52.413998,-1.550393,156.01,3.99,2,69.91,21 / 21,2711629,2019-09-06 19:01:18:311,0.3264,-0.06,10.0034,0.0011,0.0013,9.8066,0.0168,-0.0125,0.0005,-21.56,-35.12,1.69,39.78,-88.09,-57.37
52.413998,-1.550393,156.01,3.99,2,69.91,21 / 21,2711728,2019-09-06 19:01:18:410,0.9173,-0.0454,9.9661,0.0067,-0.0003,9.8066,0.0025,-0.0127,-0.0116,-21.5,-34.69,1.88,39.32,-88.13,-58.11
52.413998,-1.550393,156.01,3.99,2,69.91,21 / 21,2711828,2019-09-06 19:01:18:510,1.0536,0.0169,9.713,0.0043,-0.0003,9.8066,0.0046,-0.003,-0.0182,-21.81,-34.19,2.19,37.86,-88.15,-59.09
52.413998,-1.550393,156.01,3.99,2,69.91,21 / 21,2711928,2019-09-06 19:01:18:610,1.2544,-0.0848,9.7533,0.0034,0.0007,9.8066,0.002,0.0025,0.0019,-21.37,-34,1.69,37.92,-88.19,-59.33
52.413998,-1.550393,156.01,3.99,2,69.91,21 / 21,2712028,2019-09-06 19:01:18:710,1.1899,-0.2061,9.8141,0.0007,-0.0014,9.8066,0.0119,0.0043,0.0041,-22.06,-34.37,1.38,34.05,-88.2,-60.11
52.413998,-1.550393,156.01,3.99,2,69.91,21 / 21,2712129,2019-09-06 19:01:18:811,1.0418,-0.0394,9.852,-0.0048,0.0017,9.8066,0.0176,0.0037,-0.0031,-22,-33.62,0.69,34.16,-88.2,-60.02
52.413998,-1.550393,156.01,3.99,2,69.91,21 / 21,2712229,2019-09-06 19:01:18:911,1.064,-0.0717,9.8239,-0.0004,0.0025,9.8066,0.0125,-0.0007,0.0023,-21.25,-33.37,1.31,35.45,-88.22,-58.92
52.413998,-1.550393,156.01,3.99,2,69.91,21 / 21,2712330,2019-09-06 19:01:19:012,0.9744,-0.0787,9.8513,-0.0012,0.0015,9.8066,0.0012,-0.0008,-0.0101,-21,-33.87,1.19,35.25,-88.22,-59.15
52.413998,-1.550393,156.01,3.99,2,69.91,21 / 21,2712429,2019-09-06 19:01:19:111,1.6863,-0.1043,9.7944,-0.0007,0.0023,9.8066,0.009,-0.0063,0.0011,-20.87,-33.87,1.88,38.84,-88.26,-58.37
52.413998,-1.550393,156.01,3.99,2,69.91,21 / 21,2712528,2019-09-06 19:01:19:210,1.6604,-0.1496,9.7475,0.0087,0.0027,9.8066,0.0014,-0.0193,-0.0162,-20,-34.25,2.13,37.98,-88.33,-59.48
52.413998,-1.550393,156.01,3.99,2,69.91,21 / 21,2712629,2019-09-06 19:01:19:311,1.6473,-0.0828,9.6699,0.0051,0.0007,9.8066,0.0066,-0.009,-0.0056,-19.94,-34.25,2.25,37.79,-88.37,-59.62
52.413998,-1.550393,156.01,3.99,2,69.91,21 / 21,2712728,2019-09-06 19:01:19:410,2.2291,-0.077,9.7011,0.0005,-0.0046,9.8066,0.024,0.0067,0.0118,-20.5,-34.19,2.19,36.21,-88.4,-61.11
52.413998,-1.550393,156.01,3.99,2,69.91,21 / 21,2712828,2019-09-06 19:01:19:510,1.6427,-0.2356,9.7028,0.005,-0.0049,9.8066,0.0123,-0.0016,0.0173,-20.69,-34,2.63,34.31,-88.37,-65.31
52.413998,-1.550393,156.01,3.99,2,69.91,21 / 21,2712929,2019-09-06 19:01:19:611,1.5348,-0.4951,9.7618,0.0001,-0.0048,9.8066,0.0069,0.0022,0.0003,-21.31,-34.5,2.56,30.38,-88.33,-69.12
52.413998,-1.550393,156.01,3.99,2,69.91,21 / 21,2713028,2019-09-06 19:01:19:710,2.4798,-0.1589,9.6239,0.0006,0.0019,9.8066,0.0082,0.0091,-0.0019,-21.94,-34.62,2.06,25.19,-88.34,-71.13
52.413998,-1.550393,156.01,3.99,2,69.91,21 / 21,2713128,2019-09-06 19:01:19:810,2.232,-0.1424,9.7924,-0.0025,0.0063,9.8066,-0.0227,0.0046,-0.0246,-21.25,-34.87,2.69,29.05,-88.41,-70.36
52.413998,-1.550393,156.01,3.99,2,69.91,21 / 21,2713228,2019-09-06 19:01:19:910,1.4515,-0.0355,9.7272,0.0016,0.0095,9.8066,-0.0182,-0.0126,-0.0146,-21.75,-35.37,1.88,26.86,-88.51,-69.41
52.413998,-1.550393,156.01,3.99,2,69.91,21 / 21,2713328,2019-09-06 19:01:20:010,1.5356,0.0076,9.6118,0.0089,-0.0016,9.8066,-0.0091,-0.0291,0.0055,-21.62,-35.31,2.56,30.2,-88.57,-68.71
52.413998,-1.550393,156.01,3.99,2,69.91,21 / 21,2713429,2019-09-06 19:01:20:111,2.3854,0.3193,9.6461,0.0046,-0.0042,9.8066,0.0091,0.0004,0.044,-22.25,-35.19,2.5,26.61,-88.55,-72.19
52.413998,-1.550393,156.01,3.99,2,69.91,21 / 21,2713529,2019-09-06 19:01:20:211,1.7328,-0.2242,9.8469,-0.0068,-0.009,9.8066,0.0024,0.0077,0.0259,-21.75,-35,1.75,25.39,-88.42,-70.88
52.413998,-1.550393,156.01,3.99,2,69.91,21 / 21,2713629,2019-09-06 19:01:20:311,1.2,-0.1089,9.8354,-0.0068,-0.0049,9.8066,-0.046,0.009,0.0021,-21.94,-34.5,2.25,24.82,-88.35,-71.45
52.413998,-1.550393,156.01,3.99,2,69.91,21 / 21,2713728,2019-09-06 19:01:20:410,0.7589,-0.1888,9.8714,-0.0106,-0.0068,9.8066,0.0573,0.028,-0.0259,-21.69,-34.25,2,23.17,-88.24,-73.1
52.413998,-1.550393,156.01,3.99,2,69.91,21 / 21,2713828,2019-09-06 19:01:20:510,1.1134,-0.6142,10.2703,-0.0076,0.0011,9.8066,0.061,-0.0117,0.0326,-21.31,-34.75,2.13,21.58,-88.26,-74.93
52.413998,-1.550393,156.01,3.99,2,69.91,21 / 21,2713928,2019-09-06 19:01:20:610,0.9358,-0.5821,10.0318,-0.0001,0.0144,9.8066,-0.0021,-0.001,-0.0368,-21.75,-34.87,2.13,19.62,-88.32,-76.48
52.413998,-1.550393,156.01,3.99,2,69.91,21 / 21,2714028,2019-09-06 19:01:20:710,0.5055,0.0598,9.9171,-0.0011,0.0189,9.8066,-0.0066,-0.0121,-0.0724,-21.94,-35.94,2.88,28.88,-88.58,-70
52.413998,-1.550393,156.01,3.99,2,69.91,21 / 21,2714129,2019-09-06 19:01:20:811,0.4196,0.4543,9.7239,0.0002,0.0158,9.8066,0.0198,-0.0058,-0.0238,-21.87,-35.69,2,32.65,-88.83,-63.58
52.413998,-1.550393,156.01,3.99,2,69.91,21 / 21,2714229,2019-09-06 19:01:20:911,0.7319,0.22,9.5585,0.003,0.009,9.8066,0.0458,0.0017,0.0095,-22.12,-35.5,2.44,32.52,-88.98,-63.55
52.413998,-1.550393,156.01,3.99,2,69.91,21 / 21,2714328,2019-09-06 19:01:21:010,1.1929,-0.0529,9.7244,0.0164,-0.0049,9.8066,-0.0049,-0.0274,-0.0153,-21.56,-35.31,2.88,22.53,-89.05,-75.81
52.413998,-1.550393,156.01,3.99,2,69.91,21 / 21,2714428,2019-09-06 19:01:21:110,0.4089,0.3735,9.8307,0.0127,0.0002,9.8066,0.0408,-0.0104,0.0079,-21.12,-35.25,2.31,15.02,-89.06,-80.83
52.413998,-1.550393,156.01,3.99,2,69.91,21 / 21,2714529,2019-09-06 19:01:21:211,0.9036,-0.1623,9.6297,0.0101,-0.0081,9.8065,-0.0136,0.0087,0.0051,-21.31,-35.12,2.25,11.3,-89.05,-84.45
52.413998,-1.550393,156.01,3.99,2,69.91,21 / 21,2714628,2019-09-06 19:01:21:310,1.0036,-0.035,9.6458,0.0112,-0.0039,9.8065,0.0067,0.0026,0.0249,-21.06,-34.62,2.88,3.57,-88.98,-94.67
52.413998,-1.550393,156.01,3.99,2,69.91,21 / 21,2714728,2019-09-06 19:01:21:410,0.5072,0.0222,9.8111,0.0089,-0.0074,9.8066,0.0003,-0.0221,0.0141,-21.12,-35.37,3.63,359.26,-88.87,-101.5
52.413998,-1.550393,156.01,3.99,2,69.91,21 / 21,2714829,2019-09-06 19:01:21:511,0.5234,0.161,9.913,0.007,-0.0098,9.8066,-0.0206,0.0007,-0.0097,-21.12,-35.75,3.25,354.15,-88.75,-103.76
52.413998,-1.550393,156.01,3.99,2,69.91,21 / 21,2714930,2019-09-06 19:01:21:612,1.2462,-0.0098,9.875,0.0074,-0.0013,9.8066,-0.0058,-0.0322,0.0485,-22,-35.44,2.56,352.18,-88.7,-105.3
52.413998,-1.550393,156.01,3.99,2,69.91,21 / 21,2715030,2019-09-06 19:01:21:712,0.0289,-0.2875,10.1664,-0.0027,-0.007,9.8066,0.0047,-0.013,-0.056,-22.12,-35.25,3.06,353.88,-88.66,-103.66
52.413998,-1.550393,156.01,3.99,2,69.91,21 / 21,2715128,2019-09-06 19:01:21:810,0.5202,-0.3716,10.073,-0.0009,0.0118,9.8065,-0.0236,-0.0549,-0.0094,-22.31,-34.81,2.88,353.36,-88.65,-104.16
52.413998,-1.550393,156.01,3.99,2,69.91,21 / 21,2715229,2019-09-06 19:01:21:911,0.4192,-0.0289,9.6816,-0.0035,0.0035,9.8066,0.0174,-0.0094,-0.0229,-21.75,-35.06,3.25,355.23,-88.79,-102.37
52.413998,-1.550393,156.01,3.99,2,69.91,21 / 21,2715329,2019-09-06 19:01:22:011,0.2197,0.4815,9.8851,-0.0013,0.008,9.8066,-0.0169,-0.0125,-0.0042,-21.56,-35.31,3,357.39,-88.94,-100.3
52.413998,-1.550393,156.01,3.99,2,69.91,21 / 21,2715429,2019-09-06 19:01:22:111,-0.7382,0.2106,9.9848,-0.0014,0.0074,9.8066,-0.0418,-0.0214,-0.0215,-21.31,-35.5,2.5,1.3,-89.02,-96.87
52.413998,-1.550393,156.01,3.99,2,69.91,21 / 21,2715528,2019-09-06 19:01:22:210,-1.101,0.257,9.9156,-0.0103,0.0056,9.8066,-0.003,-0.0245,-0.0112,-21,-35.87,3.44,10.91,-89.1,-87.51
52.413998,-1.550393,156.01,3.99,2,69.91,21 / 21,2715628,2019-09-06 19:01:22:310,-1.3083,0.283,9.8689,-0.011,0.0049,9.8066,0.009,-0.0367,0.0098,-21.5,-35.81,2.56,13.42,-89.15,-85.05
52.413998,-1.550393,156.01,3.99,2,69.91,21 / 21,2715729,2019-09-06 19:01:22:411,-0.8351,0.353,9.8193,0.0066,-0.0018,9.8066,-0.0195,-0.0318,-0.0028,-21.44,-35.56,2.38,9.92,-89.15,-85.77
52.413998,-1.550393,156.01,3.99,2,69.91,21 / 21,2715830,2019-09-06 19:01:22:512,-1.2035,0.1415,10.0947,-0.0014,-0.0021,9.8066,0.0115,-0.0268,-0.0113,-21.87,-35.44,2.13,10.41,-89.11,-85.04
52.413998,-1.550393,156.01,3.99,2,69.91,21 / 21,2715929,2019-09-06 19:01:22:611,-1.1807,0.2987,9.9251,-0.007,-0.002,9.8066,-0.0224,-0.0089,0.0071,-21.81,-35.31,2.25,14.67,-89.08,-80.9
52.413998,-1.550393,156.01,3.99,2,69.91,21 / 21,2716029,2019-09-06 19:01:22:711,-1.2967,-0.035,10.1279,-0.0089,0.0001,9.8066,-0.0229,-0.0427,0.0136,-21.81,-35.44,2.44,15.59,-89.06,-80
52.413998,-1.550393,156.01,3.99,2,69.91,21 / 21,2716128,2019-09-06 19:01:22:810,-0.9152,0.1394,9.8809,0.0048,-0.0016,9.8066,-0.019,-0.0374,-0.0253,-21.87,-35.31,2.25,15.88,-89.01,-79.75
52.413998,-1.550393,156.01,3.99,2,69.91,21 / 21,2716229,2019-09-06 19:01:22:911,-1.0865,0.6467,10.1017,0.0011,0.002,9.8066,-0.0083,-0.0088,-0.0042,-21.87,-35.44,2.81,21.12,-89.02,-77.21
52.413998,-1.550393,156.01,3.99,2,69.91,21 / 21,2716328,2019-09-06 19:01:23:010,-1.1288,0.3135,10.1618,0.0051,-0.0003,9.8066,-0.0401,0.0065,-0.0034,-21,-36.31,3.13,23.48,-89.03,-75.31
52.414043,-1.550172,155.91,0.54,2,70.02,20 / 20,2716429,2019-09-06 19:01:23:111,-1.1343,0.2777,10.1156,0.0116,0.0019,9.8066,-0.0232,-0.0126,0.0105,-21.94,-35.69,3.25,21.07,-89.07,-77.24
52.414043,-1.550172,155.91,0.54,2,70.02,20 / 20,2716531,2019-09-06 19:01:23:213,-0.645,0.5279,9.8024,-0.0012,0.0004,9.8066,0.0247,-0.002,-0.0164,-21.5,-35.37,2.88,20.56,-89.09,-78.1
52.414043,-1.550172,155.91,0.54,2,70.02,20 / 20,2716628,2019-09-06 19:01:23:310,-0.3423,0.3156,9.7918,-0.0011,-0.0011,9.8066,0.0169,-0.0198,0.0045,-21.37,-35.5,3.13,16.34,-89.1,-82.21
52.414043,-1.550172,155.91,0.54,2,70.02,20 / 20,2716729,2019-09-06 19:01:23:411,0.0797,0.1508,9.8123,0.0083,-0.0039,9.8066,0.0113,-0.0149,0.0093,-21.31,-35.37,2.81,13.62,-89.09,-84.87
52.414043,-1.550172,155.91,0.54,2,70.02,20 / 20,2716828,2019-09-06 19:01:23:510,0.222,0.0555,9.7689,0.0047,-0.0038,9.8066,0.0156,-0.0099,0.0024,-21.5,-35.37,2.44,4.63,-89.04,-90.94
52.414043,-1.550172,155.91,0.54,2,70.02,20 / 20,2716929,2019-09-06 19:01:23:611,0.653,-0.0195,9.7356,0.0048,-0.0021,9.8066,-0.0021,-0.0025,0.0041,-21.69,-34.94,2.63,2.49,-89,-95.35
52.414043,-1.550172,155.91,0.54,2,70.02,20 / 20,2717029,2019-09-06 19:01:23:711,0.8927,-0.0791,9.7771,0.0018,0.0006,9.8066,0.0099,0.003,0.0124,-21.19,-35.75,2.81,0.8,-89,-97.35
52.414043,-1.550172,155.91,0.54,2,70.02,20 / 20,2717128,2019-09-06 19:01:23:810,0.8475,0.0755,9.7668,0.0017,-0.0008,9.8066,0.0273,-0.0009,-0.0028,-21.62,-35.5,2.81,357.23,-88.99,-100.45
52.414043,-1.550172,155.91,0.54,2,70.02,20 / 20,2717229,2019-09-06 19:01:23:911,0.6159,0.0464,9.7058,0.0006,0.0007,9.8066,-0.0076,-0.0175,-0.0077,-21.56,-35.62,3.19,355.1,-88.99,-102.53
52.414043,-1.550172,155.91,0.54,2,70.02,20 / 20,2717328,2019-09-06 19:01:24:010,0.3746,0.0135,9.9215,0.0019,0.001,9.8066,0.0016,-0.0199,0.0058,-21.75,-35.62,3.13,354.97,-88.98,-102.65
52.414043,-1.550172,155.91,0.54,2,70.02,21 / 21,2717428,2019-09-06 19:01:24:110,0.4881,0.0228,9.8424,0.0035,-0.0006,9.8066,-0.0017,-0.0115,0.0027,-21.44,-34.94,3.25,352.5,-88.97,-105.41
52.414043,-1.550172,155.91,0.54,2,70.02,21 / 21,2717528,2019-09-06 19:01:24:210,0.6474,0.0621,9.8276,0.0026,-0.0018,9.8066,-0.0022,-0.008,-0.0028,-21.19,-35,3.06,350,-88.95,-107.82
52.414043,-1.550172,155.91,0.54,2,70.02,21 / 21,2717629,2019-09-06 19:01:24:311,0.5548,0.0265,9.9228,0.0027,0.0014,9.8066,-0.0038,-0.0025,0.0037,-21.56,-34.62,3.44,347.74,-88.94,-109.67
52.414043,-1.550172,155.91,0.54,2,70.02,21 / 21,2717729,2019-09-06 19:01:24:411,0.4785,0.0737,9.9641,0.0023,-0.0006,9.8066,0.0057,-0.0081,0.0036,-21.81,-35.75,2.88,345.98,-88.94,-111.37
52.414043,-1.550172,155.91,0.54,2,70.02,21 / 21,2717829,2019-09-06 19:01:24:511,0.423,0.0753,9.8547,0.0039,-0.0003,9.8066,0.0057,0.0044,0.0085,-21,-35.75,3.06,344.73,-88.93,-112.92
52.414043,-1.550172,155.91,0.54,2,70.02,21 / 21,2717929,2019-09-06 19:01:24:611,0.4966,-0.0594,9.884,0.0016,-0.0006,9.8066,0.0006,-0.0118,0.0009,-21.94,-36.5,2.63,343,-88.92,-114.24
52.414043,-1.550172,155.91,0.54,2,70.02,21 / 21,2718028,2019-09-06 19:01:24:710,0.5537,0.0554,9.9348,0.004,-0.0005,9.8066,-0.0093,-0.0058,-0.0042,-21.44,-35.62,3.38,341.08,-88.9,-116.44
52.414043,-1.550172,155.91,0.54,2,70.02,21 / 21,2718129,2019-09-06 19:01:24:811,0.485,0.0271,9.7945,0,0.0007,9.8066,0.0027,-0.0127,0.0102,-21.81,-35.56,3.44,338.58,-88.9,-118.53
52.414043,-1.550172,155.91,0.54,2,70.02,21 / 21,2718229,2019-09-06 19:01:24:911,0.5191,0.048,9.8176,0.0001,-0.0002,9.8066,0.0153,0.007,0.0083,-21.37,-35.94,2.94,338.17,-88.89,-119.25
52.414043,-1.550172,155.91,0.54,2,70.02,21 / 21,2718329,2019-09-06 19:01:25:011,0.7132,0.0574,9.7504,0.0045,-0.0008,9.8066,0.0021,-0.0151,-0.0039,-21.25,-35,3.44,337.08,-88.87,-120.32
52.414043,-1.550172,155.91,0.54,2,70.02,21 / 21,2718429,2019-09-06 19:01:25:111,0.6244,-0.0039,9.6917,0.0035,-0.0012,9.8066,-0.0068,-0.0074,-0.0016,-21.31,-35.31,2.81,335.08,-88.84,-122.24
52.414043,-1.550172,155.91,0.54,2,70.02,21 / 21,2718529,2019-09-06 19:01:25:211,0.5576,-0.0375,9.6947,0.0005,0.0004,9.8066,-0.0031,-0.0102,0.0095,-21.37,-35.25,2.94,333.72,-88.81,-123.54
52.414043,-1.550172,155.91,0.54,2,70.02,21 / 21,2718628,2019-09-06 19:01:25:310,0.7596,0.079,9.7071,0.0023,-0.0006,9.8066,0.0087,0.0002,0.008,-22.25,-35.75,3.31,331.99,-88.8,-124.86
52.414043,-1.550172,155.91,0.54,2,70.02,21 / 21,2718729,2019-09-06 19:01:25:411,0.4315,0.0542,9.8647,0.0028,-0.0003,9.8066,-0.0003,-0.0106,-0.005,-21.25,-35.94,2.94,330.28,-88.77,-126.82
52.414043,-1.550172,155.91,0.54,2,70.02,21 / 21,2718828,2019-09-06 19:01:25:510,0.5188,0.101,9.8309,0.0016,0,9.8066,0.0076,-0.0056,-0.0017,-21.81,-35.56,3,329.25,-88.76,-127.48
52.414043,-1.550172,155.91,0.54,2,70.02,21 / 21,2718929,2019-09-06 19:01:25:611,0.6477,0.0762,9.8276,0.0027,-0.0004,9.8066,-0.0092,-0.0028,0.0055,-21.5,-35.87,3.31,327.94,-88.73,-129.04
52.414043,-1.550172,155.91,0.54,2,70.02,21 / 21,2719029,2019-09-06 19:01:25:711,0.0523,0.1089,9.9852,0.0027,0.0007,9.8066,0.0202,-0.001,0.019,-21.56,-35.25,2.94,326.45,-88.73,-130.21
52.414043,-1.550172,155.91,0.54,2,70.02,21 / 21,2719129,2019-09-06 19:01:25:811,0.5657,0.05,9.9097,0.0039,-0.0009,9.8066,-0.0157,-0.0294,-0.015,-21.56,-35.56,3.13,325.11,-88.7,-131.44
52.414043,-1.550172,155.91,0.54,2,70.02,21 / 21,2719229,2019-09-06 19:01:25:911,0.6005,0.063,9.7762,0.0014,0.0014,9.8066,0.013,-0.0036,0.0137,-22.06,-35.19,2.81,324.22,-88.69,-132.33
52.414043,-1.550172,155.91,0.54,2,70.02,21 / 21,2719328,2019-09-06 19:01:26:010,0.4832,-0.0211,9.7849,0.0024,0.0008,9.8066,0.0124,-0.0051,0.0146,-21.62,-35.19,3.31,322.47,-88.68,-134.02
52.414043,-1.550172,155.91,0.54,2,70.02,21 / 21,2719429,2019-09-06 19:01:26:111,0.7897,-0.0339,9.7454,0.0011,-0.0015,9.8066,0.0279,-0.0048,0.0033,-21.69,-35.81,2.88,322.1,-88.66,-134.33
52.414043,-1.550172,155.91,0.54,2,70.02,21 / 21,2719528,2019-09-06 19:01:26:210,0.6739,0.0766,9.7111,0.0017,0.0002,9.8066,-0.0188,-0.0191,-0.0035,-21.56,-36,3.19,321.3,-88.63,-135.07
52.414043,-1.550172,155.91,0.54,2,70.02,21 / 21,2719629,2019-09-06 19:01:26:311,0.4305,0.1465,9.851,0.0027,0.0005,9.8066,-0.016,-0.0043,0.0013,-21.31,-35.62,2.69,320.37,-88.61,-136.24
52.414043,-1.550172,155.91,0.54,2,70.02,21 / 21,2719728,2019-09-06 19:01:26:410,0.6843,0.0657,9.7392,-0.0003,0.0011,9.8066,0.0124,0.0013,0.0183,-22.12,-35.87,3.25,319.07,-88.61,-137.21
52.414043,-1.550172,155.91,0.54,2,70.02,21 / 21,2719828,2019-09-06 19:01:26:510,0.4381,0.097,9.8258,0.0015,-0.0024,9.8066,0.0197,-0.0151,-0.0007,-21.75,-35.44,3.25,319.14,-88.59,-137.16
52.414043,-1.550172,155.91,0.54,2,70.02,21 / 21,2719928,2019-09-06 19:01:26:610,0.4691,0.0104,9.9225,0.0024,0.0009,9.8066,-0.0086,-0.0162,-0.0055,-20.94,-35,3.19,318.14,-88.54,-138.38
52.414043,-1.550172,155.91,0.54,2,70.02,21 / 21,2720029,2019-09-06 19:01:26:711,0.455,0.0969,9.9103,0.0024,0.0009,9.8066,-0.0098,-0.0004,0.0127,-22.12,-35.62,2.88,316.93,-88.53,-139.2
52.414043,-1.550172,155.91,0.54,2,70.02,21 / 21,2720128,2019-09-06 19:01:26:810,0.2149,0.0324,9.9145,0.001,-0.0007,9.8066,0.0116,0.0047,0.0047,-21.37,-35.31,3.06,317.01,-88.53,-139.46
52.414043,-1.550172,155.91,0.54,2,70.02,21 / 21,2720228,2019-09-06 19:01:26:910,0.6191,-0.0086,9.8091,0.0003,-0.0013,9.8066,0.0093,-0.0195,-0.0105,-21.81,-35.44,3.06,316.57,-88.5,-139.56
52.414043,-1.550172,155.91,0.54,2,70.02,21 / 21,2720329,2019-09-06 19:01:27:011,0.6427,0.0254,9.747,0.0019,0.0019,9.8066,-0.009,-0.0034,0.0075,-21.5,-36.12,3.25,315.43,-88.49,-140.89
52.414043,-1.550172,155.91,0.54,2,70.02,21 / 21,2720429,2019-09-06 19:01:27:111,0.3299,0.1126,9.8236,0.0032,0.0008,9.8066,-0.0096,-0.0087,0.0089,-21.75,-35.81,3.19,314.5,-88.48,-141.5
52.414043,-1.550172,155.91,0.54,2,70.02,21 / 21,2720528,2019-09-06 19:01:27:210,0.6453,0.1139,9.791,-0.0011,-0.0004,9.8065,0.0268,-0.0021,0.0065,-21.62,-35.62,3.25,313.87,-88.48,-142.11
52.414043,-1.550172,155.91,0.54,2,70.02,21 / 21,2720629,2019-09-06 19:01:27:311,0.4493,0.0674,9.7436,0.002,-0.0008,9.8066,-0.0113,-0.0219,-0.0097,-21.44,-35.69,3.13,313.81,-88.44,-142.4
52.414043,-1.550172,155.91,0.54,2,70.02,21 / 21,2720728,2019-09-06 19:01:27:410,0.3403,0.1367,9.8478,0.0002,0.0028,9.8066,0.0062,-0.0008,0.014,-21.06,-35.25,2.75,313.35,-88.44,-142.9
52.414043,-1.550172,155.91,0.54,2,70.02,21 / 21,2720829,2019-09-06 19:01:27:511,0.4473,0.075,9.9093,0,0,9.8066,0.0193,0.0068,0.0172,-21.44,-35,2.88,313.32,-88.44,-142.92
52.414043,-1.550172,155.91,0.54,2,70.02,21 / 21,2720929,2019-09-06 19:01:27:611,0.0622,0.1243,9.9631,0.0001,-0.0005,9.8066,0.0013,-0.015,-0.0151,-21.19,-35.31,3,313.66,-88.42,-142.57
52.414043,-1.550172,155.91,0.54,2,70.02,21 / 21,2721029,2019-09-06 19:01:27:711,0.4495,0.0468,9.9046,0.0021,0.0004,9.8066,-0.0174,-0.0041,-0.0006,-21.62,-35.87,2.63,312.59,-88.4,-143.25
52.414043,-1.550172,155.91,0.54,2,70.02,21 / 21,2721129,2019-09-06 19:01:27:811,0.4567,-0.0229,9.7228,-0.0011,0.0005,9.8066,0.0201,-0.0036,0.0206,-21.19,-36.19,2.88,312.74,-88.4,-143.39
52.414043,-1.550172,155.91,0.54,2,70.02,21 / 21,2721230,2019-09-06 19:01:27:912,0.6811,-0.0241,9.7439,-0.0013,-0.0008,9.8066,-0.0117,-0.0029,-0.0128,-21.44,-36.37,2.56,313.11,-88.4,-143.03
52.414043,-1.550172,155.91,0.54,2,70.02,21 / 21,2721328,2019-09-06 19:01:28:010,0.6055,0.0325,9.7955,-0.0001,-0.0002,9.8066,-0.0185,-0.0098,-0.0177,-21.87,-35.44,2.94,312.85,-88.37,-143.02
52.414043,-1.550172,155.91,0.54,2,70.02,21 / 21,2721428,2019-09-06 19:01:28:110,0.611,-0.0549,9.6943,-0.0039,0.0034,9.8066,0.0164,-0.0007,0.0193,-21.5,-35.87,3.06,312.96,-88.41,-143.18
52.414043,-1.550172,155.91,0.54,2,70.02,21 / 21,2721529,2019-09-06 19:01:28:211,0.2816,0.1558,9.9511,0.0017,-0.0022,9.8066,0.0002,-0.0016,0.0007,-21.31,-35.19,2.75,313.13,-88.4,-143.06
52.414043,-1.550172,155.91,0.54,2,70.02,21 / 21,2721628,2019-09-06 19:01:28:310,0.5856,0.1004,9.8414,-0.0032,0,9.8066,-0.0018,-0.0206,-0.0142,-21.56,-35.06,2.63,313.42,-88.39,-142.49
52.414043,-1.550172,155.91,0.54,2,70.02,21 / 21,2721729,2019-09-06 19:01:28:411,0.2569,0.1103,9.8474,0.0018,0.0002,9.8066,-0.0047,0.0031,0.0097,-22.06,-35.62,2.81,313.4,-88.39,-142.45
52.414043,-1.550172,155.91,0.54,2,70.02,21 / 21,2721828,2019-09-06 19:01:28:510,0.4247,0.0388,9.7209,-0.0004,-0.0002,9.8066,0.0169,-0.0015,0.0158,-21.56,-35.62,3.63,315.62,-88.4,-142.86
52.414043,-1.550172,155.91,0.54,2,70.02,21 / 21,2721929,2019-09-06 19:01:28:611,0.3394,0.1727,9.9718,0.0012,-0.0016,9.8066,-0.0188,-0.0041,-0.0147,-21.31,-35.87,3.56,316.63,-88.39,-142.28
52.414043,-1.550172,155.91,0.54,2,70.02,21 / 21,2722029,2019-09-06 19:01:28:711,0.3826,0.1823,9.8718,-0.0014,0.0003,9.8066,-0.0105,-0.0159,-0.0107,-21.5,-35.69,2.94,314,-88.39,-142.16
52.414043,-1.550172,155.91,0.54,2,70.02,21 / 21,2722129,2019-09-06 19:01:28:811,0.0776,0.1065,9.969,-0.0018,0.001,9.8066,0.0184,0.0132,0.0202,-21.25,-35,3.19,313.78,-88.42,-142.46
52.414043,-1.550172,155.91,0.54,2,70.02,21 / 21,2722229,2019-09-06 19:01:28:911,0.3273,0.1238,9.8754,-0.0009,-0.0017,9.8065,0.0116,-0.0101,0.0037,-21.31,-35,2.63,314.08,-88.42,-142.16
52.414043,-1.550172,155.91,0.54,2,70.02,21 / 21,2722328,2019-09-06 19:01:29:010,0.3607,-0.0445,9.7875,0.0042,-0.0006,9.8066,-0.0268,-0.0022,-0.0197,-21.75,-35.25,3,314.24,-88.4,-141.71
52.414043,-1.550172,155.91,0.54,2,70.02,21 / 21,2722429,2019-09-06 19:01:29:111,0.6223,0.0107,9.7826,0,0.0022,9.8066,0.0039,0.0044,0.0161,-21.69,-35,2.94,313.33,-88.41,-142.6
52.414043,-1.550172,155.91,0.54,2,70.02,21 / 21,2722528,2019-09-06 19:01:29:210,0.4235,0.0541,9.752,-0.0008,-0.0007,9.8066,0.0161,-0.0121,0.0091,-21.75,-35.5,2.88,313.83,-88.42,-142.12
52.414043,-1.550172,155.91,0.54,2,70.02,21 / 21,2722629,2019-09-06 19:01:29:311,0.2672,0.1334,9.9096,0.0032,-0.0016,9.8066,-0.0123,-0.0021,-0.0122,-21.44,-35.94,3.44,314.27,-88.39,-141.9
52.414043,-1.550172,155.91,0.54,2,70.02,21 / 21,2722729,2019-09-06 19:01:29:411,0.7191,0.0501,9.7876,0.0045,-0.0006,9.8066,-0.018,-0.0117,-0.0002,-21.87,-35.69,2.81,314.13,-88.39,-141.75
52.414043,-1.550172,155.91,0.54,2,70.02,21 / 21,2722828,2019-09-06 19:01:29:510,0.4103,0.0754,9.9128,-0.004,0.0011,9.8066,0.0203,0.0061,0.008,-21.5,-35.37,2.44,311.79,-88.42,-141.68
52.414043,-1.550172,155.91,0.54,2,70.02,21 / 21,2722929,2019-09-06 19:01:29:611,0.2861,0.1679,9.8412,-0.0012,0,9.8066,0.0302,0.014,-0.0026,-21.12,-34.81,3.19,314.82,-88.42,-141.44
52.414043,-1.550172,155.91,0.54,2,70.02,21 / 21,2723029,2019-09-06 19:01:29:711,0.7821,-0.179,9.6434,-0.0002,0.002,9.8066,0.0237,-0.0175,0.0145,-21.69,-34.37,2.56,314.09,-88.41,-141.91
52.414043,-1.550172,155.91,0.54,2,70.02,21 / 21,2723128,2019-09-06 19:01:29:810,0.667,-0.0319,9.6496,0.0002,-0.0021,9.8066,-0.0035,-0.0151,-0.0129,-21.12,-34.62,3.13,314.79,-88.39,-141.44
52.414043,-1.550172,155.91,0.54,2,70.02,21 / 21,2723229,2019-09-06 19:01:29:911,0.5707,0.0868,9.8296,0.0023,0.0001,9.8066,0.0154,-0.0336,0.0111,-21.31,-33.94,3.25,313.71,-88.35,-142.5
52.414043,-1.550172,155.91,0.54,2,70.02,21 / 21,2723329,2019-09-06 19:01:30:011,1.3683,-0.142,9.8123,0.0076,-0.0011,9.8066,0.0412,-0.0112,0.0087,-21.12,-34.19,3.44,311.69,-88.25,-144.34
52.414043,-1.550172,155.91,0.54,2,70.02,21 / 21,2723429,2019-09-06 19:01:30:111,1.7507,-0.1283,9.9331,0.0055,-0.0018,9.8065,0.0427,-0.0086,0.0005,-21.31,-34.75,3.81,311.73,-88.13,-146.75
52.414043,-1.550172,155.91,0.54,2,70.02,21 / 21,2723529,2019-09-06 19:01:30:211,2.0228,-0.3215,9.8182,0.0174,-0.0037,9.8066,0.0103,-0.0151,0.0091,-21.5,-35.12,4,308.49,-87.95,-149.64
52.414043,-1.550172,155.91,0.54,2,70.02,21 / 21,2723629,2019-09-06 19:01:30:311,3.2844,-0.4529,9.7124,0.0096,-0.0029,9.8066,0.0211,-0.0162,0.0047,-20.75,-35.12,4.25,307.77,-87.87,-150.24
52.414043,-1.550172,155.91,0.54,2,70.02,21 / 21,2723729,2019-09-06 19:01:30:411,2.7618,-0.3256,9.4347,0.0027,-0.0025,9.8066,0.0282,-0.0332,0.0128,-21.19,-34.94,3.69,306.83,-87.8,-151.04
52.414043,-1.550172,155.91,0.54,2,70.02,21 / 21,2723828,2019-09-06 19:01:30:510,2.9723,-0.2478,9.7184,0.0037,-0.004,9.8066,0.0035,-0.0123,-0.0004,-21.25,-34.94,4.38,306.12,-87.66,-151.54
52.414043,-1.550172,155.91,0.54,2,70.02,21 / 21,2723929,2019-09-06 19:01:30:611,3.5159,-0.7096,9.7986,0.003,-0.0043,9.8066,0.0106,-0.0581,-0.0217,-21.19,-35.06,4.44,305.89,-87.58,-151.66
52.414043,-1.550172,155.91,0.54,2,70.02,21 / 21,2724029,2019-09-06 19:01:30:711,2.5026,-0.8308,9.9281,0.0072,0.0004,9.8066,0.0299,-0.0731,-0.0019,-21.69,-35.06,4.31,305.1,-87.56,-152.05
52.414043,-1.550172,155.91,0.54,2,70.02,21 / 21,2724129,2019-09-06 19:01:30:811,3.1215,-0.7373,9.7236,0.019,0.0009,9.8066,0.0308,-0.0624,-0.0042,-21.25,-35.19,5.63,307.01,-87.38,-155.55
52.414043,-1.550172,155.91,0.54,2,70.02,21 / 21,2724229,2019-09-06 19:01:30:911,2.1782,-0.8346,9.2581,0.0214,-0.0021,9.8065,0.0273,-0.0923,0.0196,-21.37,-35.5,5.19,302.16,-87.25,-157.43
52.414043,-1.550172,155.91,0.54,2,70.02,21 / 21,2724329,2019-09-06 19:01:31:011,1.4411,-0.623,9.3302,-0.0033,-0.0087,9.8066,-0.0044,-0.1102,0.0127,-22.56,-35.81,5,300.89,-87.14,-157.58
52.414043,-1.550172,155.91,0.54,2,70.02,21 / 21,2724429,2019-09-06 19:01:31:111,1.6353,-0.9667,10.1392,-0.0061,0.0009,9.8066,0.0375,-0.1166,0.047,-21.75,-35.62,5.69,304.72,-87.03,-156.64
52.414043,-1.550172,155.91,0.54,2,70.02,21 / 21,2724528,2019-09-06 19:01:31:210,1.9287,-1.151,10.0772,0.0309,-0.0053,9.8066,0.0632,-0.1385,-0.0011,-22.5,-35.25,5.81,301.46,-86.69,-159.41
52.414043,-1.550172,155.91,0.54,2,70.02,21 / 21,2724629,2019-09-06 19:01:31:311,2.6699,-1.0982,9.3552,0.0265,-0.0094,9.8066,0.0046,-0.2256,0.0297,-21.62,-34.69,6.69,302.5,-86.4,-160.49
52.414043,-1.550172,155.91,0.54,2,70.02,21 / 21,2724729,2019-09-06 19:01:31:411,1.3369,-2.3143,9.706,0.0268,-0.0279,9.8065,0.0743,-0.2817,0.1112,-22.25,-35,7.44,303.74,-85.83,-158.56
52.414043,-1.550172,155.91,0.54,2,70.02,21 / 21,2724829,2019-09-06 19:01:31:511,2.104,-1.3207,9.0103,0.0249,-0.0009,9.8065,-0.0538,-0.2048,0.0001,-21.81,-34.62,8.13,304.93,-85.56,-159.52
52.414043,-1.550172,155.91,0.54,2,70.02,21 / 21,2724928,2019-09-06 19:01:31:610,1.2737,-2.7972,10.8529,-0.0393,-0.0011,9.8065,0.0372,-0.3075,0.0484,-22.25,-35.12,8.13,306.85,-85.53,-157.69
52.414043,-1.550172,155.91,0.54,2,70.02,21 / 21,2725028,2019-09-06 19:01:31:710,1.2547,-1.2382,10.4933,-0.033,0.0204,9.8065,-0.0939,-0.2841,0.0285,-22.81,-35.12,8.5,310.79,-85.92,-156.13
52.414043,-1.550172,155.91,0.54,2,70.02,21 / 21,2725128,2019-09-06 19:01:31:810,0.1637,-1.7148,9.7969,-0.02,-0.0112,9.8066,0.0085,-0.3124,-0.0169,-22.31,-35.12,9.38,314.22,-86.09,-153.83
52.414043,-1.550172,155.91,0.54,2,70.02,21 / 21,2725229,2019-09-06 19:01:31:911,0.9437,-1.8087,9.8957,0.0023,-0.002,9.8066,0.0275,-0.3496,0.0633,-22,-34.75,9.75,316.81,-85.99,-153.58
52.414043,-1.550172,155.91,0.54,2,70.02,21 / 21,2725328,2019-09-06 19:01:32:010,1.4658,-2.2118,9.5627,-0.0098,-0.0106,9.8066,-0.0314,-0.289,-0.0087,-22.25,-34.69,10.69,320.27,-85.88,-152.47
52.414043,-1.550172,155.91,0.54,2,70.02,21 / 21,2725429,2019-09-06 19:01:32:111,0.8022,-2.4119,10.4662,-0.0241,-0.0108,9.8066,0.0616,-0.4584,0.1034,-22.44,-34.69,10.75,323.18,-85.91,-149.83
52.414043,-1.550172,155.91,0.54,2,70.02,21 / 21,2725529,2019-09-06 19:01:32:211,-0.9326,-2.6757,10.0439,-0.0095,-0.0106,9.8066,0.0542,-0.504,0.1115,-22.56,-34.44,11.19,326.34,-85.98,-146.19
52.414043,-1.550172,155.91,0.54,2,70.02,21 / 21,2725630,2019-09-06 19:01:32:312,-0.3746,-1.871,10.0224,-0.0508,-0.0166,9.8064,0.0066,-0.4763,0.0987,-22.62,-33.31,12.06,335.47,-85.9,-139.86
52.414043,-1.550172,155.91,0.54,2,70.02,21 / 21,2725728,2019-09-06 19:01:32:410,0.5085,-1.8597,9.3692,0.0046,-0.0121,9.8066,-0.0546,-0.437,0.0809,-22.12,-34.56,12.94,342.09,-85.58,-136.58
52.414043,-1.550172,155.91,0.54,2,70.02,21 / 21,2725828,2019-09-06 19:01:32:510,-0.6738,-2.8539,10.0405,-0.0082,-0.0391,9.8065,0.003,-0.4727,0.1017,-23.19,-34.69,13.75,345.64,-85.3,-134.12
52.414043,-1.550172,155.91,0.54,2,70.02,21 / 21,2725928,2019-09-06 19:01:32:610,-1.1942,-2.289,10.4401,-0.0037,-0.0052,9.8066,-0.0582,-0.443,0.095,-22.94,-33.62,14.63,350.8,-85.21,-131.33
52.414043,-1.550172,155.91,0.54,2,70.02,21 / 21,2726028,2019-09-06 19:01:32:710,0.3749,-2.6788,11.0423,0.0006,-0.0074,9.8066,-0.0759,-0.4907,-0.0168,-22.25,-33.19,15.44,353.38,-85.18,-130.19
52.414043,-1.550172,155.91,0.54,2,70.02,21 / 21,2726129,2019-09-06 19:01:32:811,-0.1627,-2.4172,9.5716,-0.0218,0.0041,9.8065,0.1421,-0.5313,0.0959,-23.06,-34,15.69,353.64,-85.19,-130.52
52.414043,-1.550172,155.91,0.54,2,70.02,21 / 21,2726229,2019-09-06 19:01:32:911,-0.4049,-2.1462,9.0325,-0.0459,0.0093,9.8065,-0.1351,-0.603,0.1306,-22.37,-33.75,17.06,359.87,-84.98,-127.81
52.414043,-1.550172,155.91,0.54,2,70.02,21 / 21,2726328,2019-09-06 19:01:33:010,0.0592,-3.4772,10.333,0.0218,-0.057,9.8064,-0.042,-0.4657,0.0889,-22.12,-32.87,17.25,358.38,-84.26,-129.11
52.414047,-1.550036,155.69,5.31,2,113.64,21 / 21,2726428,2019-09-06 19:01:33:110,-0.5227,-4.2532,10.5904,-0.0055,-0.0563,9.8065,0.0383,-0.598,0.1664,-22.31,-32.37,18,2.7,-84.21,-126.91
52.414047,-1.550036,155.69,5.31,2,113.64,21 / 21,2726529,2019-09-06 19:01:33:211,-1.832,-1.9798,10.4878,0.0043,0.0118,9.8065,-0.0994,-0.5436,0.0142,-21.5,-33.87,19.31,8.14,-83.83,-125.09
52.414047,-1.550036,155.69,5.31,2,113.64,21 / 21,2726630,2019-09-06 19:01:33:312,-2.0396,-1.5589,10.4973,0.0043,0.0038,9.8066,-0.1288,-0.563,0.0874,-20.69,-34,20,10.14,-83.93,-124.77
52.414047,-1.550036,155.69,5.31,2,113.64,21 / 21,2726728,2019-09-06 19:01:33:410,-1.051,-2.3167,9.7672,0.0036,0.0056,9.8066,0.0374,-0.5283,0.0236,-20.44,-33.69,20.88,13.29,-83.82,-124.84
52.414047,-1.550036,155.69,5.31,2,113.64,21 / 21,2726829,2019-09-06 19:01:33:511,-2.3087,-2.367,9.7539,0.0039,-0.0314,9.8065,0.0062,-0.5818,0.085,-19.94,-34.06,22.13,13.23,-83.64,-126.23
52.414047,-1.550036,155.69,5.31,2,113.64,21 / 21,2726929,2019-09-06 19:01:33:611,-2.0528,-1.3762,9.7713,-0.0067,-0.0211,9.8066,0.0501,-0.572,0.0557,-19.25,-33.37,22.69,14.84,-83.01,-127.68
52.414047,-1.550036,155.69,5.31,2,113.64,21 / 21,2727029,2019-09-06 19:01:33:711,-1.9547,-1.8284,10.1494,0.0025,-0.002,9.8066,-0.012,-0.5413,0.0269,-17.75,-33.37,23.25,14.97,-82.79,-129.2
52.414047,-1.550036,155.69,5.31,2,113.64,21 / 21,2727128,2019-09-06 19:01:33:810,-0.9116,-1.8709,10.3484,0.0174,-0.003,9.8066,-0.0318,-0.482,0.0139,-17.87,-33.37,24.38,12.93,-82.74,-132.09
52.414047,-1.550036,155.69,5.31,2,113.64,21 / 21,2727228,2019-09-06 19:01:33:910,-0.2187,-1.8604,9.8039,0.0193,-0.0079,9.8066,-0.0187,-0.3955,-0.0294,-16.87,-33,24,13.52,-82.77,-133.17
52.414047,-1.550036,155.69,5.31,2,113.64,21 / 21,2727329,2019-09-06 19:01:34:011,1.035,-0.3403,9.4386,0.0064,-0.0056,9.8066,-0.0886,-0.3745,0.0086,-15.87,-33.81,24.63,14.62,-82.84,-134.94
52.414047,-1.550036,155.69,5.31,2,113.64,21 / 21,2727428,2019-09-06 19:01:34:110,-0.7851,-0.9418,9.3876,0.0166,-0.0032,9.8065,-0.0624,-0.3267,0.0328,-16.75,-33.81,26.13,12.34,-82.76,-136.26
52.414047,-1.550036,155.69,5.31,2,113.64,21 / 21,2727529,2019-09-06 19:01:34:211,0.5203,-0.0083,9.6458,-0.0012,0.0107,9.8066,-0.0638,-0.2169,-0.0234,-15.62,-34,26.5,14.24,-82.81,-137.13
52.414047,-1.550036,155.69,5.31,2,113.64,21 / 21,2727628,2019-09-06 19:01:34:310,-0.1062,-0.0759,9.6606,0.0081,-0.0081,9.8066,-0.0936,-0.2081,0.037,-14.87,-33.44,26.81,15.19,-82.76,-137.89
52.414047,-1.550036,155.69,5.31,2,113.64,21 / 21,2727729,2019-09-06 19:01:34:411,1.0931,-1.4229,9.9267,-0.0177,0.0205,9.8065,0.122,-0.1372,0.0347,-15.19,-33.25,25.88,15.22,-82.84,-136.97
52.414047,-1.550036,155.69,5.31,2,113.64,21 / 21,2727829,2019-09-06 19:01:34:511,-0.092,-1.7959,10.0879,-0.0307,0.0129,9.8065,0.0406,-0.1293,0.0237,-14.37,-32.94,26.06,18.14,-82.7,-136.23
52.414047,-1.550036,155.69,5.31,2,113.64,21 / 21,2727929,2019-09-06 19:01:34:611,-0.0431,-1.6926,10.0065,0.0087,-0.0273,9.8065,-0.1185,-0.1558,0.0188,-15.19,-33.12,26.06,16.79,-82.62,-135.69
52.414047,-1.550036,155.69,5.31,2,113.64,21 / 21,2728029,2019-09-06 19:01:34:711,0.1388,-0.3688,9.9577,0.0064,-0.0052,9.8066,-0.008,-0.0934,0.0297,-14.62,-33.25,26.31,16.11,-82.53,-136.31
52.414047,-1.550036,155.69,5.31,2,113.64,21 / 21,2728128,2019-09-06 19:01:34:810,1.085,0.0878,9.7379,0.0069,0,9.8066,-0.0646,-0.094,-0.0702,-14.12,-34.19,26.75,18.33,-82.49,-137.05
52.414047,-1.550036,155.69,5.31,2,113.64,21 / 21,2728228,2019-09-06 19:01:34:910,1.207,-1.1889,9.4686,0.0119,0.007,9.8066,0.0513,-0.1083,-0.0001,-14.5,-33.69,26.19,16.22,-82.55,-138
52.414047,-1.550036,155.69,5.31,2,113.64,21 / 21,2728328,2019-09-06 19:01:35:010,0.2723,-0.6629,9.5019,0.0157,-0.007,9.8066,-0.045,-0.0041,-0.0214,-13.81,-33.94,26.63,15.15,-82.51,-139.75
52.414047,-1.550036,155.69,5.31,2,113.64,20 / 21,2728430,2019-09-06 19:01:35:112,0.3136,-0.5349,9.8858,-0.0098,-0.0039,9.8066,0.0488,-0.067,0.0616,-14,-33.87,26.69,15.31,-82.53,-139.61
52.414047,-1.550036,155.69,5.31,2,113.64,20 / 21,2728528,2019-09-06 19:01:35:210,-0.152,-1.7715,9.6936,0.0042,-0.0048,9.8066,-0.043,-0.0854,0.0197,-13.69,-33.75,26.94,15.53,-82.47,-139.43
52.414047,-1.550036,155.69,5.31,2,113.64,20 / 21,2728629,2019-09-06 19:01:35:311,0.6008,-0.4864,10.2327,0.0126,-0.0137,9.8066,0.0231,0.0227,-0.038,-13.75,-33.75,26.75,14.46,-82.49,-140.35
52.414047,-1.550036,155.69,5.31,2,113.64,20 / 21,2728729,2019-09-06 19:01:35:411,1.0415,0.4071,9.6694,0.018,-0.0285,9.8066,-0.0202,0.0051,-0.0692,-13.44,-33.44,27.19,13.65,-82.43,-142.72
52.414047,-1.550036,155.69,5.31,2,113.64,20 / 21,2728829,2019-09-06 19:01:35:511,-0.6017,-0.3607,10.4377,0.013,-0.0201,9.8065,0.0096,-0.0279,0.0179,-12.69,-33.37,27.56,13.47,-82.38,-143.63
52.414047,-1.550036,155.69,5.31,2,113.64,20 / 21,2728929,2019-09-06 19:01:35:611,2.244,0.552,9.1821,-0.0233,0.042,9.8065,0.0794,-0.1326,0.0408,-12.87,-32.62,27.56,13.63,-82.68,-143.42
52.414047,-1.550036,155.69,5.31,2,113.64,20 / 21,2729028,2019-09-06 19:01:35:710,0.199,-1.5389,9.9855,-0.0307,0.0714,9.8063,0.0743,0.0144,-0.0374,-12.31,-32.75,27.75,17.2,-82.58,-142.11
52.414047,-1.550036,155.69,5.31,2,113.64,20 / 21,2729129,2019-09-06 19:01:35:811,0.4161,-1.3481,10.8589,0.0114,-0.019,9.8066,-0.0073,-0.078,0.0286,-12.94,-33.06,26.81,13.25,-82.65,-142.99
52.414047,-1.550036,155.69,5.31,2,113.64,20 / 21,2729228,2019-09-06 19:01:35:910,0.9255,-1.4398,11.6655,0.0412,-0.0274,9.8065,-0.1333,-0.0484,0.0728,-12.56,-32.44,27.13,10.43,-82.69,-145.35
52.414047,-1.550036,155.69,5.31,2,113.64,20 / 21,2729329,2019-09-06 19:01:36:011,0.6768,-0.3577,9.6866,-0.022,0.0075,9.8066,0.0421,0.0063,-0.0522,-13.31,-32.81,27.13,11.79,-82.63,-144.25
52.414047,-1.550036,155.69,5.31,2,113.64,20 / 20,2729429,2019-09-06 19:01:36:111,-1.4014,-0.4392,9.8141,-0.0196,0.0113,9.8065,-0.0549,0.1571,-0.0977,-12.75,-32.37,26.88,12,-82.46,-144.06
52.414047,-1.550036,155.69,5.31,2,113.64,20 / 20,2729529,2019-09-06 19:01:36:211,1.2358,-0.8928,9.4893,0.0126,0.0015,9.8066,-0.0439,0.0831,0.0499,-13.69,-32.75,26,7.37,-82.53,-145.45
52.414047,-1.550036,155.69,5.31,2,113.64,20 / 20,2729629,2019-09-06 19:01:36:311,0.3622,0.7705,9.5849,0.0066,-0.007,9.8065,0.0624,0.0382,0.0684,-13.5,-32.5,25.25,7.27,-82.73,-146.36
52.414047,-1.550036,155.69,5.31,2,113.64,20 / 20,2729729,2019-09-06 19:01:36:411,0.8912,-1.4949,9.2611,-0.0046,0.0047,9.8066,-0.073,0.0419,-0.1228,-14.31,-32.69,25.13,5.49,-82.63,-146.11
52.414047,-1.550036,155.69,5.31,2,113.64,20 / 20,2729828,2019-09-06 19:01:36:510,0.6795,-1.4211,9.4824,0.0052,0.0008,9.8066,0.0455,-0.0485,0.0757,-15,-32.25,26.31,3.8,-82.69,-146.76
52.414047,-1.550036,155.69,5.31,2,113.64,20 / 20,2729929,2019-09-06 19:01:36:611,-0.2439,0.5322,9.7723,-0.0065,0.0284,9.8066,-0.041,-0.0326,0.0003,-15.19,-32,26.69,5.19,-82.7,-146.48
52.414047,-1.550036,155.69,5.31,2,113.64,20 / 20,2730029,2019-09-06 19:01:36:711,0.5631,-0.6426,9.8358,0.0006,0.0069,9.8066,-0.1087,-0.0417,-0.0064,-14.25,-33.19,27.63,7.16,-82.69,-147.29
52.414047,-1.550036,155.69,5.31,2,113.64,20 / 20,2730128,2019-09-06 19:01:36:810,0.0231,0.6043,9.7117,-0.0092,0.0225,9.8065,0.0829,0.0057,-0.011,-14.75,-32.69,28,5.04,-82.69,-147.49
52.414047,-1.550036,155.69,5.31,2,113.64,20 / 20,2730229,2019-09-06 19:01:36:911,1.1494,-0.512,9.8123,-0.0037,0.0303,9.8065,0.0205,-0.0434,0.0406,-13.12,-33,27.44,7.63,-82.84,-147.76
52.414047,-1.550036,155.69,5.31,2,113.64,20 / 20,2730330,2019-09-06 19:01:37:012,1.1481,-1.3679,9.492,0.0178,-0.0245,9.8065,-0.0978,-0.033,0.033,-12.94,-33.12,26.88,6.66,-82.58,-148.63
52.414047,-1.550036,155.69,5.31,2,113.64,20 / 21,2730429,2019-09-06 19:01:37:111,0.943,-0.4047,9.6204,0.0083,-0.021,9.8066,0.0004,0.0162,0.0008,-12.87,-33.06,27.13,6.79,-82.58,-148.52
52.414047,-1.550036,155.69,5.31,2,113.64,20 / 21,2730529,2019-09-06 19:01:37:211,0.0973,0.6285,9.2356,0.0006,-0.0028,9.8066,-0.0919,-0.0472,0.0198,-13.31,-33.12,26.56,6.57,-82.62,-148.7
52.414047,-1.550036,155.69,5.31,2,113.64,20 / 21,2730629,2019-09-06 19:01:37:311,0.1299,0.1629,9.5273,0.0037,-0.0136,9.8066,-0.0127,0.0032,0.0041,-13.25,-33.81,26.81,7.49,-82.65,-147.95
52.414047,-1.550036,155.69,5.31,2,113.64,20 / 21,2730728,2019-09-06 19:01:37:410,1.3786,-0.6402,9.6843,-0.0074,0.0223,9.8066,-0.0084,0.002,0.0879,-13.94,-32.87,27.13,5.77,-82.61,-147.67
52.414047,-1.550036,155.69,5.31,2,113.64,20 / 21,2730829,2019-09-06 19:01:37:511,-0.8663,-1.0051,10.3005,-0.0212,-0.0033,9.8066,-0.0334,0.0269,-0.0696,-14.06,-33.25,26.75,7.19,-82.62,-146.46
52.414047,-1.550036,155.69,5.31,2,113.64,20 / 21,2730929,2019-09-06 19:01:37:611,1.0165,-0.9148,9.8585,0.0027,0.0016,9.8066,0.0326,0.0018,0.0774,-13.62,-32.81,26.69,6.6,-82.67,-146.95
52.414047,-1.550036,155.69,5.31,2,113.64,20 / 21,2731029,2019-09-06 19:01:37:711,-0.1871,0.6343,9.6866,-0.0115,0.0125,9.8065,-0.0039,-0.0622,0.026,-13.56,-33.44,26.31,6.17,-82.68,-146.45
52.414047,-1.550036,155.69,5.31,2,113.64,20 / 21,2731128,2019-09-06 19:01:37:810,0.8084,-0.1989,10.3514,-0.0013,0.0047,9.8066,0.0829,-0.0272,0.0251,-13.75,-33.75,26.88,7.52,-82.66,-146.21
52.414047,-1.550036,155.69,5.31,2,113.64,20 / 21,2731229,2019-09-06 19:01:37:911,0.9946,0.9425,9.5653,0.0004,0.0006,9.8066,-0.0346,0.0633,0.0021,-14.06,-33.5,26.63,7.34,-82.64,-146.33
52.414047,-1.550036,155.69,5.31,2,113.64,20 / 21,2731329,2019-09-06 19:01:38:011,0.9777,-0.1225,9.9179,0.0065,-0.0119,9.8066,0.0328,0.0229,-0.0182,-13.56,-33.25,27.19,7.53,-82.63,-146.17
52.414047,-1.550036,155.69,5.31,2,113.64,19 / 19,2731428,2019-09-06 19:01:38:110,1.4506,-0.6235,9.5805,0.0032,0.0082,9.8065,0.1276,0.0298,0.0177,-13.56,-33.69,26.69,6.97,-82.61,-146.68
52.414047,-1.550036,155.69,5.31,2,113.64,19 / 19,2731529,2019-09-06 19:01:38:211,-0.1271,0.72,10.0146,-0.0039,-0.0068,9.8065,-0.0702,-0.0273,-0.0243,-13.81,-33.62,26.75,7.5,-82.46,-146.25
52.414047,-1.550036,155.69,5.31,2,113.64,19 / 19,2731629,2019-09-06 19:01:38:311,0.3209,0.0211,9.7328,0,0.0007,9.8066,-0.0271,-0.0008,-0.0258,-13.5,-33.06,26.5,9.49,-82.46,-146.24
52.414047,-1.550036,155.69,5.31,2,113.64,19 / 19,2731729,2019-09-06 19:01:38:411,0.2024,0.2563,10.1897,0.0074,-0.0068,9.8066,0.0345,0.022,0.0237,-13.69,-32.44,26.19,6.45,-82.42,-146.23
52.414047,-1.550036,155.69,5.31,2,113.64,19 / 19,2731829,2019-09-06 19:01:38:511,0.7067,-0.3228,9.9324,-0.0012,-0.0092,9.8066,0.0144,0.0231,0.01,-13.37,-32.62,26.75,9.51,-82.4,-146.24
52.414047,-1.550036,155.69,5.31,2,113.64,19 / 19,2731929,2019-09-06 19:01:38:611,0.7408,-0.3183,10.0312,-0.0054,0.0071,9.8065,0.072,0.0107,0.0086,-14.06,-33.31,26.38,6.63,-82.34,-146.11
52.414047,-1.550036,155.69,5.31,2,113.64,19 / 19,2732029,2019-09-06 19:01:38:711,1.2828,-0.1947,9.5336,-0.0151,0.0283,9.8065,0.1315,0.0487,-0.0187,-13.87,-32.5,26.38,7.33,-82.42,-145.47
52.414047,-1.550036,155.69,5.31,2,113.64,19 / 19,2732128,2019-09-06 19:01:38:810,1.5071,-0.0938,9.1886,-0.0023,0.0135,9.8066,-0.117,-0.0062,-0.039,-13.31,-32.69,25.94,8.82,-82.38,-146.02
52.414047,-1.550036,155.69,5.31,2,113.64,19 / 19,2732229,2019-09-06 19:01:38:911,2.3378,1.9704,9.9362,0.0089,0.0039,9.8066,-0.0698,0.172,-0.0256,-13.87,-32.31,25.88,6.38,-82.37,-146.29
52.414047,-1.550036,155.69,5.31,2,113.64,19 / 19,2732329,2019-09-06 19:01:39:011,0.1773,-1.5718,8.821,0.0154,-0.0578,9.8064,-0.1599,0.1015,-0.0984,-13.94,-32,26.69,7.64,-82.48,-146.07
52.414047,-1.550036,155.69,5.31,2,113.64,21 / 21,2732429,2019-09-06 19:01:39:111,-1.1212,0.6139,9.8457,0.0152,-0.0313,9.8065,0.0461,-0.0653,0.0342,-13.75,-31.81,26.31,6.14,-82.41,-146.49
52.414047,-1.550036,155.69,5.31,2,113.64,21 / 21,2732528,2019-09-06 19:01:39:210,-0.2575,-0.1185,9.9435,0.0119,-0.0065,9.8066,0.0407,-0.0252,0.0426,-13.87,-32.31,26.19,7.06,-82.45,-145.71
52.414047,-1.550036,155.69,5.31,2,113.64,21 / 21,2732628,2019-09-06 19:01:39:310,-0.0175,0.4424,8.9196,0.0022,-0.0074,9.8066,-0.0344,-0.0032,0.0459,-14.37,-32.44,25.81,6.83,-82.43,-145.9
52.414047,-1.550036,155.69,5.31,2,113.64,21 / 21,2732728,2019-09-06 19:01:39:410,0.723,-0.1685,9.4305,-0.0261,0.0237,9.8065,0.008,0.0102,-0.0108,-14.56,-31.75,25.63,6.77,-82.3,-144.28
52.414047,-1.550036,155.69,5.31,2,113.64,21 / 21,2732829,2019-09-06 19:01:39:511,0.8324,0.1025,10.5593,-0.0192,0.0134,9.8066,-0.0203,-0.02,0.034,-14.5,-32.5,26.06,9.45,-82.19,-143.72
52.414047,-1.550036,155.69,5.31,2,113.64,21 / 21,2732928,2019-09-06 19:01:39:610,0.5581,-0.5494,10.1387,0.0084,-0.0164,9.8066,0.0685,0.0028,0.0272,-15.19,-32.44,25.69,7.84,-82.13,-143.39
52.414047,-1.550036,155.69,5.31,2,113.64,21 / 21,2733029,2019-09-06 19:01:39:711,0.3812,0.136,11.027,0.007,-0.0385,9.8065,0.0292,0.0266,-0.0225,-14.81,-33,26.13,7.68,-81.91,-143.6
52.414047,-1.550036,155.69,5.31,2,113.64,21 / 21,2733128,2019-09-06 19:01:39:810,0.8529,-0.0774,9.9062,-0.0085,-0.0003,9.8066,-0.0717,0.0189,0.0489,-15,-32.62,26.5,8.73,-81.91,-143.61
52.414047,-1.550036,155.69,5.31,2,113.64,21 / 21,2733229,2019-09-06 19:01:39:911,-0.0007,0.6922,10.5051,0.008,-0.0247,9.8065,-0.1731,0.0799,-0.0319,-15,-32.94,25.88,7.52,-81.73,-143.76
52.414047,-1.550036,155.69,5.31,2,113.64,21 / 21,2733328,2019-09-06 19:01:40:010,0.9217,0.5967,10.0126,-0.0181,0.0368,9.8065,0.1535,0.0126,-0.0321,-14,-33.31,25.94,9.04,-81.81,-144.18
52.414047,-1.550036,155.69,5.31,2,113.64,20 / 21,2733428,2019-09-06 19:01:40:110,0.2554,-0.4104,9.8541,-0.0093,0.0277,9.8065,0.1675,-0.0131,0.012,-14,-33.06,26.56,10.9,-81.97,-143.44
52.414047,-1.550036,155.69,5.31,2,113.64,20 / 21,2733528,2019-09-06 19:01:40:210,0.4897,0.8054,9.7018,0.0097,-0.0024,9.8066,-0.0647,0.0401,-0.025,-14.25,-33.44,25.81,9.57,-81.92,-143.72
52.414047,-1.550036,155.69,5.31,2,113.64,20 / 21,2733629,2019-09-06 19:01:40:311,0.2555,0.5141,9.5103,0.0054,-0.0128,9.8066,-0.0456,-0.0215,0.013,-14.94,-33.37,25.94,6.35,-81.84,-144.72
52.414047,-1.550036,155.69,5.31,2,113.64,20 / 21,2733729,2019-09-06 19:01:40:411,-0.0636,1.426,9.1803,-0.0003,0.018,9.8066,0.0231,-0.034,0.017,-13.62,-32.87,26.31,8.46,-81.9,-144.65
52.414047,-1.550036,155.69,5.31,2,113.64,20 / 21,2733828,2019-09-06 19:01:40:510,0.7028,-0.9881,8.9397,0.0061,-0.0124,9.8066,-0.0534,-0.034,-0.0228,-14.44,-32.94,25.44,6.76,-81.87,-145.16
52.414047,-1.550036,155.69,5.31,2,113.64,20 / 21,2733929,2019-09-06 19:01:40:611,-0.2055,0.8585,10.1259,-0.0133,0.0385,9.8065,0.1142,-0.0418,0.0688,-14.19,-32.69,25.88,8.98,-82.15,-144.17
52.414047,-1.550036,155.69,5.31,2,113.64,20 / 21,2734029,2019-09-06 19:01:40:711,3.6094,2.1553,9.736,0.0015,0.0523,9.8065,0.3762,-0.0239,-0.0292,-14.81,-32.37,25.69,5.98,-82.31,-144.94
52.414047,-1.550036,155.69,5.31,2,113.64,20 / 21,2734129,2019-09-06 19:01:40:811,0.6298,2.9613,9.676,0.0134,-0.057,9.8065,-0.4905,-0.0243,-0.0126,-15.19,-32.75,25.31,5.27,-82.36,-144.61
52.414047,-1.550036,155.69,5.31,2,113.64,20 / 21,2734229,2019-09-06 19:01:40:911,4.8661,-2.7627,10.1643,0.0555,-0.0735,9.8061,-0.4055,0.1096,-0.1567,-15.19,-32.25,25.88,5.39,-81.92,-145.49
52.414047,-1.550036,155.69,5.31,2,113.64,20 / 21,2734329,2019-09-06 19:01:41:011,-0.5278,0.7482,9.4707,-0.0168,0.0253,9.8065,-0.2033,0.0509,0.1224,-15,-32.56,26.25,6.23,-82.4,-144.74
52.414047,-1.550036,155.69,5.31,2,113.64,20 / 20,2734429,2019-09-06 19:01:41:111,-1.3158,1.5502,10.1851,-0.0001,-0.0217,9.8066,-0.2697,0.0537,-0.1195,-15,-33.06,26.06,6.41,-82.22,-144.62
52.414047,-1.550036,155.69,5.31,2,113.64,20 / 20,2734529,2019-09-06 19:01:41:211,-0.1708,3.0119,10.0286,-0.0092,0.0591,9.8064,0.2187,-0.0841,0.0326,-14.37,-33.19,26,7.26,-82.42,-145.57
52.414047,-1.550036,155.69,5.31,2,113.64,20 / 20,2734628,2019-09-06 19:01:41:310,1.3692,-0.2139,10.2018,-0.0106,0.0186,9.8066,0.1675,0.0796,-0.1015,-14.06,-33.69,26.25,7.28,-82.63,-145.55
52.414047,-1.550036,155.69,5.31,2,113.64,20 / 20,2734729,2019-09-06 19:01:41:411,0.3644,-0.8388,9.8606,0.0245,-0.0363,9.8065,-0.0318,0.0421,0.0738,-14.12,-32.94,25.56,4.47,-82.41,-147.93
52.414047,-1.550036,155.69,5.31,2,113.64,20 / 20,2734829,2019-09-06 19:01:41:511,3.0002,1.6839,10.9886,-0.0043,-0.0538,9.8064,-0.181,-0.186,0.1543,-13.75,-32.75,26.06,5.77,-82.33,-146.84
52.414047,-1.550036,155.69,5.31,2,113.64,20 / 20,2734929,2019-09-06 19:01:41:611,-0.2387,-1.6022,11.1054,0.0184,-0.0594,9.8064,-0.1181,0.1391,-0.062,-13.87,-33.06,26.25,6.93,-82.05,-145.9
52.414047,-1.550036,155.69,5.31,2,113.64,20 / 20,2735029,2019-09-06 19:01:41:711,0.0037,1.6885,8.5016,0.0283,-0.0627,9.8063,-0.07,0.0766,0.0493,-14.5,-32.94,25.69,6.96,-82.04,-145.88
52.414047,-1.550036,155.69,5.31,2,113.64,20 / 20,2735128,2019-09-06 19:01:41:810,0.0991,0.3114,9.8189,-0.0338,0.0316,9.8065,-0.0301,0.0073,-0.0454,-14.69,-33,25.75,7.07,-82.11,-144.08
52.414047,-1.550036,155.69,5.31,2,113.64,20 / 20,2735229,2019-09-06 19:01:41:911,-0.092,2.0969,8.8682,0.0052,0.0042,9.8066,-0.1437,-0.0814,-0.0633,-13.75,-32.69,25.06,9.5,-82.28,-142.8
52.414047,-1.550036,155.69,5.31,2,113.64,20 / 20,2735329,2019-09-06 19:01:42:011,-0.6582,1.9582,9.1217,0.0031,0.0212,9.8066,0.0056,0.0267,0.0242,-15.06,-33.19,24.75,7.26,-82.43,-142.91
52.41336,-1.549426,154.04,12.56,2,151.22,21 / 21,2735429,2019-09-06 19:01:42:111,-0.218,-0.3604,10.5765,0.0011,-0.0198,9.8066,-0.0457,0.1012,-0.1275,-15.5,-32.81,24.75,7.1,-82.32,-143.07
52.41336,-1.549426,154.04,12.56,2,151.22,21 / 21,2735529,2019-09-06 19:01:42:211,1.231,-0.2557,9.7004,-0.0063,0.0192,9.8066,0.2327,-0.0005,-0.0569,-15.75,-32.75,25.5,5.06,-82.31,-144.11
52.41336,-1.549426,154.04,12.56,2,151.22,21 / 21,2735628,2019-09-06 19:01:42:310,0.7096,-0.3649,10.0609,0.0042,0.0155,9.8066,0.1767,-0.0156,0.031,-15.62,-33.12,26.25,4.68,-82.44,-144.42
52.41336,-1.549426,154.04,12.56,2,151.22,21 / 21,2735729,2019-09-06 19:01:42:411,-0.3003,0.2146,9.6855,0.0046,-0.0192,9.8066,-0.0646,0.06,-0.0109,-15.19,-33.56,26.06,5.93,-82.33,-145.03
52.41336,-1.549426,154.04,12.56,2,151.22,21 / 21,2735828,2019-09-06 19:01:42:510,1.2107,1.1541,9.7253,-0.0118,0.0218,9.8065,0.0888,0.025,-0.0331,-15.06,-33.37,27,7.71,-82.54,-144.37
52.41336,-1.549426,154.04,12.56,2,151.22,21 / 21,2735929,2019-09-06 19:01:42:611,1.5625,0.0358,9.9573,0.034,-0.0439,9.8064,-0.0821,0.0445,0.0203,-14.75,-32.94,25.81,4.97,-82.41,-145.81
52.41336,-1.549426,154.04,12.56,2,151.22,21 / 21,2736028,2019-09-06 19:01:42:710,-0.1144,0.6261,9.6396,0.0247,-0.0289,9.8066,0.1587,0.0537,0.0718,-14.75,-33.12,25.13,4.48,-82.58,-145.25
52.41336,-1.549426,154.04,12.56,2,151.22,21 / 21,2736128,2019-09-06 19:01:42:810,1.0933,0.3444,9.2721,0.005,-0.0109,9.8066,-0.0915,0.0042,-0.0184,-14.75,-32.94,25.13,5.24,-82.65,-144.6
52.41336,-1.549426,154.04,12.56,2,151.22,21 / 21,2736229,2019-09-06 19:01:42:911,1.9247,-0.9233,10.4235,0.0039,-0.0002,9.8066,0.1472,0.041,0.0013,-15.06,-33.19,25,5.69,-82.69,-144.21
52.41336,-1.549426,154.04,12.56,2,151.22,21 / 21,2736329,2019-09-06 19:01:43:011,1.0219,0.0368,10.3579,0.0292,-0.0625,9.8063,-0.2883,0.0103,-0.0614,-15.12,-33.12,25,5.14,-82.44,-144.71
52.41336,-1.549426,154.04,12.56,2,151.22,20 / 20,2736429,2019-09-06 19:01:43:111,-1.2945,2.4426,8.2719,0.0351,-0.0554,9.8063,-0.3038,0.0582,-0.0259,-14.44,-33.06,25,6.79,-82.44,-145.05
52.41336,-1.549426,154.04,12.56,2,151.22,20 / 20,2736529,2019-09-06 19:01:43:211,0.7616,1.052,10.4202,-0.0398,0.0752,9.8062,-0.2099,0.0845,-0.0594,-15.37,-33.12,25,6.59,-82.74,-143.44
52.41336,-1.549426,154.04,12.56,2,151.22,20 / 20,2736629,2019-09-06 19:01:43:311,1.8633,0.6664,9.2806,-0.0359,0.0612,9.8063,0.2453,0.0692,-0.0721,-15.75,-33.62,25.56,5.48,-82.77,-143.72
52.41336,-1.549426,154.04,12.56,2,151.22,20 / 20,2736729,2019-09-06 19:01:43:411,0.486,0.4961,9.6272,-0.0018,-0.0005,9.8066,-0.1029,0.0257,0.0107,-14.94,-33.25,25.63,4.39,-82.72,-146.28
52.41336,-1.549426,154.04,12.56,2,151.22,20 / 20,2736829,2019-09-06 19:01:43:511,-0.2678,0.896,10.1729,-0.0163,0.0276,9.8065,-0.027,-0.0375,0.0402,-14.31,-32.75,25.19,6.09,-82.89,-145.57
52.41336,-1.549426,154.04,12.56,2,151.22,20 / 20,2736929,2019-09-06 19:01:43:611,0.0696,1.6216,9.7871,0.0105,-0.0083,9.8066,-0.034,0.0289,-0.0409,-15.44,-32.87,24.31,2.38,-82.93,-145.98
52.41336,-1.549426,154.04,12.56,2,151.22,20 / 20,2737029,2019-09-06 19:01:43:711,0.08,1.2048,10.2622,0.0038,-0.027,9.8066,0.1075,0.0218,0.0285,-15.5,-33.25,24.44,2.34,-82.78,-146.02
52.41336,-1.549426,154.04,12.56,2,151.22,20 / 20,2737129,2019-09-06 19:01:43:811,0.4773,0.76,9.7903,-0.0003,-0.0186,9.8065,0.0252,0.0074,0.049,-15.69,-33.06,25.63,2.86,-82.53,-145.96
52.41336,-1.549426,154.04,12.56,2,151.22,20 / 20,2737229,2019-09-06 19:01:43:911,0.2089,1.9851,9.9039,-0.0007,-0.0052,9.8066,-0.0452,0.0567,-0.0125,-15.69,-33.19,25.56,3.22,-82.48,-145.65
52.41336,-1.549426,154.04,12.56,2,151.22,20 / 20,2737329,2019-09-06 19:01:44:011,0.3621,0.7312,9.8794,-0.0051,0.0033,9.8066,0.0198,0.0332,0.0196,-15.06,-33.31,25.44,4.13,-82.56,-145.54
52.41336,-1.549426,154.04,12.56,2,151.22,21 / 21,2737429,2019-09-06 19:01:44:111,0.341,1.2903,9.4773,-0.0034,0.0188,9.8066,-0.0234,-0.0264,-0.0151,-15.62,-33.69,25.56,3.42,-82.67,-145.49
52.41336,-1.549426,154.04,12.56,2,151.22,21 / 21,2737528,2019-09-06 19:01:44:210,0.2289,1.5499,9.6848,0.0004,-0.0093,9.8066,-0.0017,0.0072,-0.0032,-15.31,-34,25.25,4,-82.76,-145.65
52.41336,-1.549426,154.04,12.56,2,151.22,21 / 21,2737629,2019-09-06 19:01:44:311,0.2062,2.2684,10.3252,0.0038,-0.0124,9.8066,0.0103,-0.019,-0.016,-15.69,-34.19,25.25,2.13,-82.75,-145.57
52.41336,-1.549426,154.04,12.56,2,151.22,21 / 21,2737729,2019-09-06 19:01:44:411,-0.0229,0.9681,9.8811,-0.011,-0.0056,9.8066,0.0177,0.0077,0.0074,-14.94,-34.12,24.94,4.45,-82.82,-145.27
52.41336,-1.549426,154.04,12.56,2,151.22,21 / 21,2737829,2019-09-06 19:01:44:511,-0.1616,1.4938,9.8309,0.0016,-0.0064,9.8066,-0.0312,0.0734,-0.0032,-15.56,-33.81,25.13,2.55,-82.7,-145.22
52.41336,-1.549426,154.04,12.56,2,151.22,21 / 21,2737929,2019-09-06 19:01:44:611,-0.0256,0.6914,9.7904,-0.0079,-0.009,9.8066,0.0168,0.0077,0.0458,-15.12,-33.87,25.13,4.88,-82.68,-144.92
52.41336,-1.549426,154.04,12.56,2,151.22,21 / 21,2738029,2019-09-06 19:01:44:711,0.0686,1.6047,9.9579,-0.0063,-0.0045,9.8066,-0.0195,-0.0144,0.016,-14.94,-33.5,25.38,5.62,-82.56,-144.28
52.41336,-1.549426,154.04,12.56,2,151.22,21 / 21,2738129,2019-09-06 19:01:44:811,-0.8803,2.3759,9.7285,-0.0179,0.0197,9.8065,-0.1278,0.0136,-0.0119,-16.19,-33.94,24.81,5.39,-82.79,-142.81
52.41336,-1.549426,154.04,12.56,2,151.22,21 / 21,2738228,2019-09-06 19:01:44:910,0.1883,0.7657,10.1468,-0.0091,-0.0017,9.8065,0.126,-0.0271,0.0017,-16.37,-34,24.88,5.85,-82.67,-142.43
52.41336,-1.549426,154.04,12.56,2,151.22,21 / 21,2738329,2019-09-06 19:01:45:011,0.1799,0.3592,9.7453,-0.0032,0.0023,9.8066,0.0425,-0.0483,-0.0076,-15.5,-34.19,24.88,7.52,-82.76,-142.68
52.41336,-1.549426,154.04,12.56,2,151.22,20 / 21,2738428,2019-09-06 19:01:45:110,-0.5375,1.7492,9.9504,-0.0026,0.0044,9.8066,-0.0141,0.0305,-0.0124,-15.69,-34.12,25.44,6.42,-82.81,-141.93
52.41336,-1.549426,154.04,12.56,2,151.22,20 / 21,2738529,2019-09-06 19:01:45:211,1.1084,1.0527,10.4504,-0.0079,0.011,9.8065,0.0776,-0.0456,0.0706,-15.25,-33.56,24.25,7.11,-82.85,-142
52.41336,-1.549426,154.04,12.56,2,151.22,20 / 21,2738628,2019-09-06 19:01:45:310,-0.1572,0.5332,9.582,0.0045,-0.0108,9.8066,0.1232,-0.0164,0.0092,-14.81,-33.31,24.81,7.04,-82.62,-143.07
52.41336,-1.549426,154.04,12.56,2,151.22,20 / 21,2738729,2019-09-06 19:01:45:411,0.201,-0.5509,8.9807,0.0099,-0.0239,9.8065,0.1031,-0.0191,0.0212,-15.5,-34.44,24.75,5.84,-82.32,-144.15
52.41336,-1.549426,154.04,12.56,2,151.22,20 / 21,2738828,2019-09-06 19:01:45:510,-1.4577,2.2266,9.9862,-0.0017,-0.0128,9.8065,-0.1227,-0.0722,-0.0091,-15.56,-34.69,24.94,6.05,-82.51,-142.31
52.41336,-1.549426,154.04,12.56,2,151.22,20 / 21,2738929,2019-09-06 19:01:45:611,-0.4573,1.16,10.8172,-0.0148,0.0154,9.8065,-0.0295,-0.0649,-0.001,-15.56,-33.62,24.5,7.9,-82.87,-140.66
52.41336,-1.549426,154.04,12.56,2,151.22,20 / 21,2739029,2019-09-06 19:01:45:711,0.1213,0.4151,10.1077,0.0058,0.0016,9.8066,0.0259,0.0223,0.0043,-16.56,-33.5,25.13,5.61,-82.85,-140.98
52.41336,-1.549426,154.04,12.56,2,151.22,20 / 21,2739129,2019-09-06 19:01:45:811,-0.2075,0.8768,9.6709,-0.0009,-0.0259,9.8066,-0.0132,-0.0506,0.073,-15.69,-33.69,24.88,7.08,-82.51,-141.41
52.41336,-1.549426,154.04,12.56,2,151.22,20 / 21,2739229,2019-09-06 19:01:45:911,-0.5369,0.3798,9.9975,-0.0039,0.0018,9.8066,0.0282,-0.0448,0.0171,-16.25,-33,24.69,7.48,-82.5,-141.04
52.41336,-1.549426,154.04,12.56,2,151.22,20 / 21,2739328,2019-09-06 19:01:46:010,0.0164,0.0435,10.2795,0.0169,0.0031,9.8066,0.0978,-0.008,-0.0488,-15.94,-32.81,24.44,7.37,-82.67,-140.07
52.41336,-1.549426,154.04,12.56,2,151.22,20 / 20,2739428,2019-09-06 19:01:46:110,0.3353,1.3046,10.0497,0.017,-0.0295,9.8065,-0.1366,-0.0737,0.0552,-15.5,-33.25,24.88,9.65,-82.76,-140.83
52.41336,-1.549426,154.04,12.56,2,151.22,20 / 20,2739528,2019-09-06 19:01:46:210,-0.3952,2.0247,9.4524,-0.0147,0.0369,9.8065,-0.1548,0.0605,-0.0761,-15.94,-33.5,24.38,6.43,-83.03,-140.82
52.41336,-1.549426,154.04,12.56,2,151.22,20 / 20,2739629,2019-09-06 19:01:46:311,1.0384,0.728,9.162,-0.0178,0.0194,9.8066,0.1995,0.0179,-0.0211,-15.56,-34,25.19,7.54,-82.96,-140.95
52.41336,-1.549426,154.04,12.56,2,151.22,20 / 20,2739728,2019-09-06 19:01:46:410,0.158,0.0116,9.9094,0.0001,-0.016,9.8066,0.0879,-0.0669,0.0543,-16.12,-33.31,25.13,7.5,-82.79,-140.98
52.41336,-1.549426,154.04,12.56,2,151.22,20 / 20,2739828,2019-09-06 19:01:46:510,-0.8816,0.0497,10.2388,0.0049,-0.0081,9.8066,-0.1311,0.0272,0,-16.44,-33.31,24.88,8.35,-82.86,-140.25
52.41336,-1.549426,154.04,12.56,2,151.22,20 / 20,2739928,2019-09-06 19:01:46:610,-0.1876,1.2725,10.0352,0.0021,0.0075,9.8065,-0.0578,0.0032,-0.0031,-16,-33.56,25.13,9.48,-82.92,-139.3
52.41336,-1.549426,154.04,12.56,2,151.22,20 / 20,2740029,2019-09-06 19:01:46:711,-1.4575,0.8671,9.6743,-0.0025,0.0049,9.8066,0.0564,-0.0807,0.0603,-16.06,-33,25.19,9.11,-82.96,-139.58
52.41336,-1.549426,154.04,12.56,2,151.22,20 / 20,2740128,2019-09-06 19:01:46:810,0.2733,1.6282,9.7191,0.0082,-0.0217,9.8066,0.0987,0.0429,-0.0329,-15.69,-33.69,24.88,7.75,-82.82,-140.8
52.41336,-1.549426,154.04,12.56,2,151.22,20 / 20,2740229,2019-09-06 19:01:46:911,-0.27,1.0882,9.9859,0.0066,-0.0205,9.8065,-0.0418,0,-0.0029,-15.81,-33.12,25.44,8.29,-82.73,-140.32
52.41336,-1.549426,154.04,12.56,2,151.22,20 / 20,2740329,2019-09-06 19:01:47:011,-0.4214,1.771,9.7035,-0.0057,-0.0014,9.8066,-0.0478,-0.1477,0.0796,-15.69,-33.19,24.69,9.31,-82.77,-139.44
52.41336,-1.549426,154.04,12.56,2,151.22,21 / 21,2740429,2019-09-06 19:01:47:111,-2.3659,2.9343,9.8815,0.006,-0.0278,9.8065,0.0072,-0.0499,0.0537,-15.75,-32.94,24.56,8.67,-82.71,-140
52.41336,-1.549426,154.04,12.56,2,151.22,21 / 21,2740528,2019-09-06 19:01:47:210,-0.6086,3.0073,9.2316,-0.0219,0.0431,9.8064,-0.0529,0.1026,-0.0623,-16.37,-32.75,24.44,9.74,-82.76,-138.05
52.41336,-1.549426,154.04,12.56,2,151.22,21 / 21,2740628,2019-09-06 19:01:47:310,-1.4798,2.1923,9.9784,-0.0354,0.0326,9.8064,0.1303,0.0075,0.031,-16,-33,24.38,10.62,-82.65,-137.32
52.41336,-1.549426,154.04,12.56,2,151.22,21 / 21,2740729,2019-09-06 19:01:47:411,-0.8278,2.0752,10.5851,0.0348,-0.0343,9.8064,-0.1441,-0.0712,-0.0153,-17,-33.56,24.44,5.97,-82.45,-139.67
52.41336,-1.549426,154.04,12.56,2,151.22,21 / 21,2740828,2019-09-06 19:01:47:510,-0.8851,1.3542,10.5211,0.0226,-0.0293,9.8065,-0.0571,0.0006,-0.048,-16.81,-33.5,25.13,6.63,-82.41,-140.17
52.41336,-1.549426,154.04,12.56,2,151.22,21 / 21,2740928,2019-09-06 19:01:47:610,-1.0364,0.9725,9.0806,0.0036,-0.0142,9.8066,-0.0257,-0.0068,0.0563,-17.5,-33.75,25.31,6.94,-82.32,-139.94
52.41336,-1.549426,154.04,12.56,2,151.22,21 / 21,2741029,2019-09-06 19:01:47:711,-0.2321,2.2737,9.5271,-0.0035,0.0076,9.8066,-0.0699,-0.0071,-0.0789,-16.69,-33.69,26.13,8.62,-82.33,-139.53
52.41336,-1.549426,154.04,12.56,2,151.22,21 / 21,2741129,2019-09-06 19:01:47:811,-0.7561,3.0367,9.9016,-0.0255,0.0077,9.8066,-0.0607,-0.0124,0.0456,-17.44,-33.12,26,10.69,-82.58,-137.68
52.41336,-1.549426,154.04,12.56,2,151.22,21 / 21,2741229,2019-09-06 19:01:47:911,-0.9417,1.0146,10.0868,-0.0093,0.0279,9.8066,0.0019,0.0312,-0.0521,-16.62,-33.12,25.81,12.25,-82.73,-136.31
52.41336,-1.549426,154.04,12.56,2,151.22,21 / 21,2741329,2019-09-06 19:01:48:011,-0.3944,2.2542,9.7798,0.0002,-0.0105,9.8065,0.021,-0.0625,0.0161,-16.81,-32.25,26.06,12.27,-82.73,-136.23
52.41336,-1.549426,154.04,12.56,2,151.22,21 / 21,2741429,2019-09-06 19:01:48:111,-1.4544,1.0948,10.5896,-0.0016,-0.0122,9.8066,-0.0083,0.0549,0.0031,-16.81,-32.56,26,12.62,-82.64,-136.01
52.41336,-1.549426,154.04,12.56,2,151.22,21 / 21,2741528,2019-09-06 19:01:48:210,-0.0843,1.1866,10.0552,0.0244,-0.0192,9.8066,0.1019,-0.0139,0.0316,-17,-32.37,25.19,11.43,-82.52,-136.02
52.41336,-1.549426,154.04,12.56,2,151.22,21 / 21,2741629,2019-09-06 19:01:48:311,-0.597,1.0678,10.0808,0.0129,-0.0242,9.8066,-0.0236,-0.0059,0.0417,-15.94,-32.87,26.19,12.6,-82.43,-137.68
52.41336,-1.549426,154.04,12.56,2,151.22,21 / 21,2741728,2019-09-06 19:01:48:410,-0.7949,2.1551,9.4897,-0.0039,0.0231,9.8065,-0.0077,0.0487,-0.0223,-16.87,-32.37,25.69,10.9,-82.44,-137.48
52.41336,-1.549426,154.04,12.56,2,151.22,21 / 21,2741828,2019-09-06 19:01:48:510,-0.4137,2.7289,10.3835,-0.0027,-0.0071,9.8066,0.0554,-0.0328,0.0378,-16.25,-32.75,26,12.84,-82.39,-137.49
52.41336,-1.549426,154.04,12.56,2,151.22,21 / 21,2741929,2019-09-06 19:01:48:611,0.9882,1.9565,9.6713,-0.0022,0.0237,9.8066,-0.0671,0.0559,-0.0741,-16.69,-33,26.06,11.19,-82.65,-137.23
52.41336,-1.549426,154.04,12.56,2,151.22,21 / 21,2742028,2019-09-06 19:01:48:710,-0.2767,1.3089,9.9632,0.0073,0.016,9.8066,-0.0315,0.1028,-0.0119,-16.62,-32.81,25.94,10.43,-82.77,-137.86
52.41336,-1.549426,154.04,12.56,2,151.22,21 / 21,2742129,2019-09-06 19:01:48:811,0.7611,1.9054,9.9456,0.027,0.002,9.8065,0.0323,0.0459,-0.0276,-16.62,-33.06,25.81,10.35,-82.75,-137.93
52.41336,-1.549426,154.04,12.56,2,151.22,21 / 21,2742228,2019-09-06 19:01:48:910,0.2046,3.0871,9.3432,0.0176,-0.0234,9.8065,0.0216,0.094,-0.0268,-17.44,-32.19,25.25,7.09,-82.87,-139.67
52.41336,-1.549426,154.04,12.56,2,151.22,21 / 21,2742329,2019-09-06 19:01:49:011,0.17,2.3271,9.8132,-0.0118,0.0223,9.8066,0.0297,0.0977,0.0127,-16.44,-32.87,25.38,8.89,-83.05,-139.75
52.41336,-1.549426,154.04,12.56,2,151.22,21 / 21,2742429,2019-09-06 19:01:49:111,1.1519,1.7869,9.9184,-0.0095,0.0435,9.8064,0.1341,0.1517,-0.0543,-17,-32.75,25.31,5.89,-83.24,-140.69
52.41336,-1.549426,154.04,12.56,2,151.22,21 / 21,2742528,2019-09-06 19:01:49:210,2.213,2.7943,10.7122,-0.0072,0.0232,9.8066,-0.0292,0.3104,-0.0165,-16.87,-32.44,24.88,4.85,-83.59,-141.54
52.41336,-1.549426,154.04,12.56,2,151.22,21 / 21,2742629,2019-09-06 19:01:49:311,2.0857,2.5767,9.039,-0.024,0.014,9.8066,0.1178,0.3976,-0.0733,-16.5,-33,24.69,7.3,-83.58,-141.03
52.41336,-1.549426,154.04,12.56,2,151.22,21 / 21,2742728,2019-09-06 19:01:49:410,-1.1015,2.3997,9.8241,-0.0126,0.0046,9.8066,0.0232,0.3615,-0.2472,-17.44,-33.5,24.56,3.21,-83.69,-142.98
52.41336,-1.549426,154.04,12.56,2,151.22,21 / 21,2742829,2019-09-06 19:01:49:511,2.7627,3.891,9.795,0.0165,0.0403,9.8065,0.1043,0.1016,0.1152,-17.19,-32.25,24.31,1.05,-83.97,-143.77
52.41336,-1.549426,154.04,12.56,2,151.22,21 / 21,2742928,2019-09-06 19:01:49:610,-0.1076,1.4898,9.5007,0.0135,0.0068,9.8066,0.0423,0.2415,0.0736,-18.56,-32.31,24.19,356.53,-83.99,-144.7
52.41336,-1.549426,154.04,12.56,2,151.22,21 / 21,2743029,2019-09-06 19:01:49:711,2.3376,4.1681,9.3322,-0.0187,0.0069,9.8066,-0.0444,0.414,-0.0498,-19,-32.81,23.63,357.25,-84.09,-144.06
52.41336,-1.549426,154.04,12.56,2,151.22,21 / 21,2743128,2019-09-06 19:01:49:810,1.9685,2.8706,9.8992,-0.0197,0.0273,9.8065,0.073,0.3636,-0.0807,-18.56,-32.44,23.31,357.77,-84.38,-142.43
52.41336,-1.549426,154.04,12.56,2,151.22,21 / 21,2743228,2019-09-06 19:01:49:910,1.0984,3.6384,9.2217,-0.0124,0.0405,9.8065,0.0365,0.3684,-0.0695,-19.19,-32.5,22.88,357.29,-84.54,-142.86
52.41336,-1.549426,154.04,12.56,2,151.22,21 / 21,2743329,2019-09-06 19:01:50:011,1.3725,1.627,10.6058,0.0245,-0.0219,9.8066,-0.0195,0.4474,-0.0407,-19.75,-32.69,21.81,353.94,-84.76,-143.15
52.41336,-1.549426,154.04,12.56,2,151.22,21 / 21,2743429,2019-09-06 19:01:50:111,0.923,2.1007,9.8273,0.0163,0.0026,9.8066,0.0336,0.4035,-0.1034,-19.87,-33,21.63,352.17,-84.88,-144.75
52.41336,-1.549426,154.04,12.56,2,151.22,21 / 21,2743531,2019-09-06 19:01:50:213,1.7472,3.142,9.2113,-0.0032,0.0212,9.8065,-0.0075,0.4006,-0.004,-20.62,-33.62,21.06,348.11,-85.15,-145.71
52.41336,-1.549426,154.04,12.56,2,151.22,21 / 21,2743629,2019-09-06 19:01:50:311,1.6929,3.1982,9.3809,0.0018,0.002,9.8066,-0.1024,0.4407,-0.0501,-21.06,-33.19,20.13,346.23,-85.19,-146.03
52.41336,-1.549426,154.04,12.56,2,151.22,21 / 21,2743728,2019-09-06 19:01:50:410,2.1159,3.197,10.545,0.0152,0.004,9.8066,0.022,0.5287,-0.0876,-21.06,-33.37,19.25,344.69,-85.42,-145.99
52.41336,-1.549426,154.04,12.56,2,151.22,21 / 21,2743830,2019-09-06 19:01:50:512,1.4465,2.6271,10.0039,0.0042,0.0086,9.8066,0.0629,0.4342,0.0252,-21.94,-33.12,18.56,341.94,-85.56,-147.26
52.41336,-1.549426,154.04,12.56,2,151.22,21 / 21,2743928,2019-09-06 19:01:50:610,1.3043,2.5258,9.4127,0.0149,0.0111,9.8066,-0.0545,0.4704,-0.0888,-22.5,-33.56,18,340.55,-85.54,-146.91
52.41336,-1.549426,154.04,12.56,2,151.22,21 / 21,2744028,2019-09-06 19:01:50:710,0.9811,2.2741,9.3101,0.0176,0.0142,9.8066,-0.0194,0.4575,-0.0915,-21.94,-33.37,16.25,332.47,-85.71,-151.08
52.41336,-1.549426,154.04,12.56,2,151.22,21 / 21,2744128,2019-09-06 19:01:50:810,1.3749,3.2376,10.2489,-0.0044,0.0077,9.8066,0.028,0.4847,0.0187,-22.62,-32.87,16.13,325.76,-85.93,-156.3
52.41336,-1.549426,154.04,12.56,2,151.22,21 / 21,2744229,2019-09-06 19:01:50:911,0.6946,3.5213,10.2413,-0.0348,0.0144,9.8065,0.0128,0.531,-0.0391,-23.19,-34,14.31,324.13,-86.07,-154.22
52.41336,-1.549426,154.04,12.56,2,151.22,21 / 21,2744329,2019-09-06 19:01:51:011,1.2913,3.2338,9.9377,0.0124,0.0094,9.8066,0.0099,0.5622,-0.0312,-22.62,-33.56,13.75,324.44,-86.19,-154.03
52.41269,-1.548662,152.94,5.87,2,101.2,21 / 21,2744428,2019-09-06 19:01:51:110,1.5854,3.4267,9.6481,0.0095,0.0073,9.8066,0.0396,0.5767,-0.0592,-22.44,-33.37,12.19,318.58,-86.33,-156.77
52.41269,-1.548662,152.94,5.87,2,101.2,21 / 21,2744529,2019-09-06 19:01:51:211,1.1033,3.4746,9.7121,-0.0203,0.0045,9.8066,0.0285,0.5584,-0.0017,-23.31,-33.94,10.56,314.89,-86.37,-157.18
52.41269,-1.548662,152.94,5.87,2,101.2,21 / 21,2744628,2019-09-06 19:01:51:310,0.9075,2.98,9.8553,-0.0067,0.0124,9.8066,0.0055,0.534,-0.0514,-23.25,-33.81,9.5,313.94,-86.57,-156.16
52.41269,-1.548662,152.94,5.87,2,101.2,21 / 21,2744728,2019-09-06 19:01:51:410,0.5151,3.0277,9.6958,-0.011,0.015,9.8065,-0.0212,0.5587,-0.0753,-23.31,-33.62,8.38,307.77,-86.89,-157.92
52.41269,-1.548662,152.94,5.87,2,101.2,21 / 21,2744828,2019-09-06 19:01:51:510,0.3642,2.7707,9.9136,0.0016,0.0065,9.8066,0.0201,0.5827,-0.0127,-23,-34.44,7.63,306.34,-86.93,-159.35
52.41269,-1.548662,152.94,5.87,2,101.2,21 / 21,2744929,2019-09-06 19:01:51:611,0.3619,3.359,9.6942,0.0046,0.0145,9.8066,0.0506,0.5461,-0.0451,-22.69,-34.75,5.75,297.79,-87.02,-162.9
52.41269,-1.548662,152.94,5.87,2,101.2,21 / 21,2745028,2019-09-06 19:01:51:710,0.3289,2.9627,9.3632,0.0073,0.0078,9.8066,-0.0376,0.5204,-0.0574,-22.06,-34.5,4.63,293.63,-87.06,-165.09
52.41269,-1.548662,152.94,5.87,2,101.2,21 / 21,2745128,2019-09-06 19:01:51:810,0.5222,3.1213,9.7817,-0.0098,0.0041,9.8066,-0.0339,0.5338,-0.0205,-22,-35.37,4.88,290.53,-87.13,-168.07
52.41269,-1.548662,152.94,5.87,2,101.2,21 / 21,2745228,2019-09-06 19:01:51:910,0.3416,2.8935,10.597,-0.0179,0.015,9.8065,0.0934,0.5576,-0.0531,-22,-35.12,3.31,282.84,-87.28,-170.73
52.41269,-1.548662,152.94,5.87,2,101.2,21 / 21,2745328,2019-09-06 19:01:52:010,1.1543,2.1163,10.5272,0.0372,-0.0014,9.8065,0.1583,0.495,-0.0009,-21.69,-34.62,2.56,281.66,-87.13,-171.65
52.41269,-1.548662,152.94,5.87,2,101.2,21 / 21,2745429,2019-09-06 19:01:52:111,-0.2773,2.7265,10.2608,0.0373,-0.0025,9.8066,-0.0276,0.5201,-0.0123,-20.37,-34.94,2.13,279.01,-87.07,-171.63
52.41269,-1.548662,152.94,5.87,2,101.2,21 / 21,2745530,2019-09-06 19:01:52:212,-0.8385,2.6086,10.28,0.0184,0.0298,9.8065,-0.0002,0.5379,-0.1058,-21.44,-35.19,0.5,273.69,-86.8,-173.69
52.41269,-1.548662,152.94,5.87,2,101.2,21 / 21,2745629,2019-09-06 19:01:52:311,0.7651,3.094,9.9405,0.0457,0.0241,9.8064,0.0951,0.5034,-0.0502,-20.44,-35.81,0.44,261.2,-86.21,177.95
52.41269,-1.548662,152.94,5.87,2,101.2,21 / 21,2745729,2019-09-06 19:01:52:411,0.8906,2.3847,9.6203,0.0258,-0.0032,9.8065,0.0552,0.4553,-0.0067,-19.75,-35.81,-0.19,260.91,-85.64,178.67
52.41269,-1.548662,152.94,5.87,2,101.2,21 / 21,2745829,2019-09-06 19:01:52:511,0.4798,2.5078,9.4536,0.0027,0.0036,9.8066,0.0234,0.453,-0.0603,-19.62,-36.5,-0.94,257.37,-85.57,178
52.41269,-1.548662,152.94,5.87,2,101.2,21 / 21,2745929,2019-09-06 19:01:52:611,-0.049,2.4988,10.0331,-0.0336,0.0019,9.8065,-0.044,0.4746,-0.0511,-18.87,-36.12,-0.69,255.36,-85.65,176.34
52.41269,-1.548662,152.94,5.87,2,101.2,21 / 21,2746028,2019-09-06 19:01:52:710,0.7306,2.713,10.23,-0.043,-0.0109,9.8065,0.0023,0.4225,-0.003,-18.44,-35.75,-1.56,251.69,-85.88,175.8
52.41269,-1.548662,152.94,5.87,2,101.2,21 / 21,2746128,2019-09-06 19:01:52:810,0.2403,2.7502,9.7832,0.0219,0.0137,9.8065,0.0713,0.4302,-0.0531,-18.81,-35.25,-2.44,252.21,-85.99,175.2
52.41269,-1.548662,152.94,5.87,2,101.2,21 / 21,2746228,2019-09-06 19:01:52:910,-0.0167,2.269,9.6654,0.021,0.0091,9.8065,-0.0459,0.3956,-0.0204,-17.56,-35.31,-3.31,247.15,-85.88,173.88
52.41269,-1.548662,152.94,5.87,2,101.2,21 / 21,2746328,2019-09-06 19:01:53:010,0.2573,2.5459,9.5145,0.016,0.0014,9.8066,0.0269,0.4072,-0.0118,-16.87,-34.44,-3.81,243.55,-85.71,174.25
52.41269,-1.548662,152.94,5.87,2,101.2,21 / 21,2746429,2019-09-06 19:01:53:111,-0.2802,1.4222,10.0379,0.0344,-0.005,9.8066,-0.157,0.2997,0.0415,-17.06,-34.62,-4.19,245.06,-85.59,176.28
52.41269,-1.548662,152.94,5.87,2,101.2,21 / 21,2746529,2019-09-06 19:01:53:211,-0.7049,2.0387,9.8426,-0.0114,-0.0188,9.8066,0.0578,0.3262,0.0042,-16.44,-34.31,-5.06,242.43,-85.68,177.53
52.41269,-1.548662,152.94,5.87,2,101.2,21 / 21,2746628,2019-09-06 19:01:53:310,0.098,2.1902,9.6527,-0.0009,-0.0131,9.8066,0.0533,0.2898,0.0424,-16.75,-34.94,-5.81,243.69,-85.7,-179.42
52.41269,-1.548662,152.94,5.87,2,101.2,21 / 21,2746729,2019-09-06 19:01:53:411,-0.1787,1.4962,9.8317,0.0218,0.0013,9.8066,-0.0347,0.3232,0.0094,-16.31,-35,-6.75,240.8,-85.62,-177.96
52.41269,-1.548662,152.94,5.87,2,101.2,21 / 21,2746828,2019-09-06 19:01:53:510,-0.2672,2.0382,10.0536,0.0135,-0.0032,9.8066,-0.0108,0.2794,0.0062,-15.87,-34.62,-6.87,242.54,-85.68,-176.19
52.41269,-1.548662,152.94,5.87,2,101.2,21 / 21,2746929,2019-09-06 19:01:53:611,0.6833,2.1174,10.4553,-0.0063,-0.0126,9.8066,0.0799,0.2458,0.0105,-16.19,-35.06,-6.94,244,-85.78,-174.8
52.41269,-1.548662,152.94,5.87,2,101.2,21 / 21,2747031,2019-09-06 19:01:53:713,0.165,1.7368,10.3659,0.0017,-0.0047,9.8066,0.0876,0.2763,0.0312,-15.94,-34.87,-7.37,244.66,-85.58,-173.73
52.41269,-1.548662,152.94,5.87,2,101.2,21 / 21,2747129,2019-09-06 19:01:53:811,0.5926,2.1283,10.0305,0.037,0.0196,9.8065,0.1299,0.2798,0.0023,-15.87,-35.37,-6.87,244.49,-85.22,-173.27
52.41269,-1.548662,152.94,5.87,2,101.2,21 / 21,2747229,2019-09-06 19:01:53:911,0.3082,1.8567,10.4101,0.0588,0.0309,9.8064,-0.0069,0.2614,-0.0247,-15.37,-35.06,-6.81,241.47,-84.5,-173.34
52.41269,-1.548662,152.94,5.87,2,101.2,21 / 21,2747328,2019-09-06 19:01:54:010,-1.0515,1.8459,10.4108,0.0193,0.007,9.8066,0.1042,0.2572,0.023,-14.44,-35,-6.81,238.78,-84.02,-173.26
52.41269,-1.548662,152.94,5.87,2,101.2,21 / 21,2747429,2019-09-06 19:01:54:111,0.5737,1.3153,10.1318,0.0104,0.0077,9.8066,0.0013,0.2152,-0.035,-14.31,-35.75,-6.69,237.78,-83.75,-173.53
52.41269,-1.548662,152.94,5.87,2,101.2,21 / 21,2747529,2019-09-06 19:01:54:211,0.6887,1.6259,10.6307,0.0271,0.0215,9.8065,0.041,0.2973,-0.0437,-13.94,-35.37,-6.5,240.23,-83.24,-173.09
52.41269,-1.548662,152.94,5.87,2,101.2,21 / 21,2747629,2019-09-06 19:01:54:311,-0.3197,1.1682,9.5809,0.0221,0.0263,9.8065,-0.0339,0.178,-0.0867,-13.5,-36,-6.56,234.29,-83.01,-173.6
52.41269,-1.548662,152.94,5.87,2,101.2,21 / 21,2747729,2019-09-06 19:01:54:411,0.8452,1.1956,10.1272,-0.0042,0.0071,9.8066,-0.0097,0.1052,-0.0547,-13,-35.69,-6.37,235.74,-82.88,-174.68
52.41269,-1.548662,152.94,5.87,2,101.2,21 / 21,2747828,2019-09-06 19:01:54:510,-0.2063,1.233,10.5955,-0.0089,-0.0042,9.8065,0.1402,0.1087,0.0565,-12.94,-36.06,-6.87,232.41,-82.76,-175.34
52.41269,-1.548662,152.94,5.87,2,101.2,21 / 21,2747929,2019-09-06 19:01:54:611,1.1199,1.3807,9.7044,0.0188,0.0143,9.8065,-0.0037,0.1549,0.0009,-12.81,-35.69,-6.37,234.22,-82.35,-175.38
52.41269,-1.548662,152.94,5.87,2,101.2,21 / 21,2748028,2019-09-06 19:01:54:710,2.6231,-1.8026,10.9046,0.0879,0.0747,9.806,-0.039,0.1544,-0.1417,-12.62,-36.5,-6.62,230.72,-81.5,-174.99
52.41269,-1.548662,152.94,5.87,2,101.2,21 / 21,2748128,2019-09-06 19:01:54:810,-0.089,1.9452,8.9509,-0.0287,0.0058,9.8066,-0.0051,0.1343,-0.1168,-12.87,-35.94,-5.06,233.73,-81.37,-177.19
52.41269,-1.548662,152.94,5.87,2,101.2,21 / 21,2748228,2019-09-06 19:01:54:910,1.2894,2.1017,9.2061,-0.0239,-0.0272,9.8066,0.0607,0.0494,-0.0099,-12.37,-36.19,-6.56,226.38,-81.34,-177.17
52.41269,-1.548662,152.94,5.87,2,101.2,21 / 21,2748330,2019-09-06 19:01:55:012,-0.6486,-0.5503,8.8149,-0.075,-0.0443,9.8062,0.0044,0.0108,-0.0171,-13,-35.56,-6.06,231.05,-81.28,-177.14
52.41269,-1.548662,152.94,5.87,2,101.2,21 / 21,2748429,2019-09-06 19:01:55:111,0.6605,1.0913,9.5618,-0.0088,0.0004,9.8066,0.0828,0.0609,0.0138,-12.87,-36.19,-6.12,231.06,-81.81,-178.17
52.41269,-1.548662,152.94,5.87,2,101.2,21 / 21,2748528,2019-09-06 19:01:55:210,1.4225,-0.0497,9.7366,-0.0121,0.0133,9.8065,-0.0457,-0.0299,-0.0144,-12.94,-35.5,-6.06,230.41,-81.63,-179.09
52.41269,-1.548662,152.94,5.87,2,101.2,21 / 21,2748628,2019-09-06 19:01:55:310,1.0232,0.7692,9.5714,0.0061,0.0029,9.8066,0.0006,0.0202,0.0213,-13.12,-36.37,-6.19,229.31,-81.43,-179.63
52.41269,-1.548662,152.94,5.87,2,101.2,21 / 21,2748729,2019-09-06 19:01:55:411,0.2564,0.417,10.2075,-0.0029,-0.0049,9.8066,0.0221,0.086,-0.0409,-13.31,-35.5,-6.31,230.03,-81.29,-178.93
52.41269,-1.548662,152.94,5.87,2,101.2,21 / 21,2748829,2019-09-06 19:01:55:511,0.7996,-0.3617,10.4324,-0.0007,-0.0142,9.8066,0.0083,-0.0357,0.0434,-13.19,-36,-6.75,227.73,-81.4,-178.55
52.41269,-1.548662,152.94,5.87,2,101.2,21 / 21,2748928,2019-09-06 19:01:55:610,0.839,-0.0039,9.7331,-0.0038,0.0064,9.8066,0.0703,-0.0063,-0.0054,-13.69,-35.5,-6.12,232.43,-81.41,-178.78
52.41269,-1.548662,152.94,5.87,2,101.2,21 / 21,2749028,2019-09-06 19:01:55:710,0.4604,0.6181,9.6553,0.0126,0.004,9.8066,0.0325,-0.0392,0.0364,-12.81,-35.56,-6.81,227.57,-81.32,-178.61
52.41269,-1.548662,152.94,5.87,2,101.2,21 / 21,2749128,2019-09-06 19:01:55:810,0.3766,2.1373,9.621,-0.0116,-0.0019,9.8066,0.0072,0.1583,-0.0371,-13.56,-36.25,-5.81,231.72,-81.23,-178.85
52.41269,-1.548662,152.94,5.87,2,101.2,21 / 21,2749229,2019-09-06 19:01:55:911,1.2383,-0.4757,9.6397,-0.0289,-0.0268,9.8065,0.0669,0.0077,-0.0055,-13.25,-35.69,-6,229.96,-81.31,-178.57
52.41269,-1.548662,152.94,5.87,2,101.2,21 / 21,2749329,2019-09-06 19:01:56:011,1.5828,1.1564,10.4614,0.008,0.0155,9.8066,0.1016,0.051,0.0534,-12.44,-36.06,-6.25,227.51,-81.25,-178.63
52.41269,-1.548662,152.94,5.87,2,101.2,21 / 21,2749429,2019-09-06 19:01:56:111,2.2565,-1.8391,10.1504,-0.0075,0.0073,9.8066,-0.0436,0.1733,-0.1941,-12.62,-35.25,-6.69,227.26,-81.26,-179.33
52.41269,-1.548662,152.94,5.87,2,101.2,21 / 21,2749529,2019-09-06 19:01:56:211,1.5105,0.1295,9.669,0.037,0.0217,9.8065,-0.1247,0.0542,0.0071,-12.81,-35.94,-6.56,226.9,-80.88,-178.66
52.41269,-1.548662,152.94,5.87,2,101.2,21 / 21,2749629,2019-09-06 19:01:56:311,-0.3762,0.5222,9.3952,0.0222,0.0106,9.8066,-0.1056,-0.0673,0.0499,-12.81,-35.62,-6.75,227.24,-80.92,-178.29
52.41269,-1.548662,152.94,5.87,2,101.2,21 / 21,2749728,2019-09-06 19:01:56:410,-0.0201,-1.034,9.447,0.0177,0.0007,9.8066,-0.013,0.0637,0.0117,-12.44,-35.25,-7.5,225.87,-81,-177.69
52.41269,-1.548662,152.94,5.87,2,101.2,21 / 21,2749828,2019-09-06 19:01:56:510,0.8356,0.6266,10.0863,0.0051,0.0191,9.8065,-0.1083,0.062,-0.0454,-12.5,-35.44,-7.06,225.99,-81.14,-177.79
52.41269,-1.548662,152.94,5.87,2,101.2,21 / 21,2749929,2019-09-06 19:01:56:611,0.9334,0.0178,9.9313,0.0046,-0.0297,9.8065,0.0052,-0.0066,0.0961,-12.5,-35.31,-7.19,226.73,-81.06,-176.69
52.41269,-1.548662,152.94,5.87,2,101.2,21 / 21,2750029,2019-09-06 19:01:56:711,0.0381,0.9422,9.7314,-0.0147,-0.0185,9.8066,-0.0477,-0.1009,0.0163,-11.87,-35.94,-7.31,227.93,-81.15,-174.83
52.41269,-1.548662,152.94,5.87,2,101.2,21 / 21,2750129,2019-09-06 19:01:56:811,-0.9593,-1.7261,9.3729,0.0193,0.0159,9.8065,-0.1068,0.0253,-0.0424,-11.81,-36.25,-7.12,226.62,-81.1,-176.42
52.41269,-1.548662,152.94,5.87,2,101.2,21 / 21,2750229,2019-09-06 19:01:56:911,-0.1624,-2.6958,9.6197,0.0177,0.0138,9.8065,0.0034,0.0136,0.0071,-12.25,-35.62,-6.75,227.18,-81.2,-175.9
52.41269,-1.548662,152.94,5.87,2,101.2,21 / 21,2750328,2019-09-06 19:01:57:010,-0.3916,-0.3976,9.7134,-0.0575,-0.0279,9.8064,-0.0758,0.0335,-0.1056,-11.56,-35.5,-7.19,226.77,-80.88,-176.3
52.41269,-1.548662,152.94,5.87,2,101.2,21 / 21,2750429,2019-09-06 19:01:57:111,0.1731,-0.4088,10.1766,-0.0206,-0.0388,9.8065,0.1389,-0.0283,0.0084,-12.69,-36.31,-6.31,231.2,-81.07,-176.53
52.41269,-1.548662,152.94,5.87,2,101.2,21 / 21,2750529,2019-09-06 19:01:57:211,0.5111,-0.4935,10.9537,0.0401,0.0423,9.8064,0.2509,-0.0092,0.0187,-12,-36.19,-6.12,228.2,-80.62,-176.44
52.41269,-1.548662,152.94,5.87,2,101.2,21 / 21,2750629,2019-09-06 19:01:57:311,-1.3864,-1.4425,9.8416,0.0294,0.0263,9.8066,-0.0783,0.0622,-0.0078,-12.25,-36.75,-6.31,228.35,-80.86,-176.2
52.41269,-1.548662,152.94,5.87,2,101.2,21 / 21,2750728,2019-09-06 19:01:57:410,-0.7109,-1.7763,9.0834,0.0286,0.0155,9.8065,0.0226,-0.0509,0.0944,-12.25,-36.31,-6.31,229.52,-80.92,-175.34
52.41269,-1.548662,152.94,5.87,2,101.2,21 / 21,2750828,2019-09-06 19:01:57:510,-1.8345,-1.7039,9.4263,0.0247,0.0195,9.8065,0.0905,-0.0423,0.0214,-12.69,-36.25,-5.81,231.85,-80.7,-174.96
52.41269,-1.548662,152.94,5.87,2,101.2,21 / 21,2750929,2019-09-06 19:01:57:611,-0.951,-1.2607,9.9691,-0.0152,-0.0146,9.8066,-0.0134,0.0378,-0.0038,-12.87,-35.75,-5.37,234.48,-80.62,-174.61
52.41269,-1.548662,152.94,5.87,2,101.2,21 / 21,2751029,2019-09-06 19:01:57:711,-0.7814,-2.2581,9.942,-0.0263,-0.0235,9.8065,0.0796,-0.0592,0.0097,-13.56,-34.81,-5.75,234.63,-80.51,-174.38
52.41269,-1.548662,152.94,5.87,2,101.2,21 / 21,2751129,2019-09-06 19:01:57:811,-1.3758,-1.6937,9.8012,0.0215,0.0144,9.8066,0.0722,0.0075,-0.0409,-13.81,-33.87,-5,236.67,-80.26,-175.01
52.41269,-1.548662,152.94,5.87,2,101.2,21 / 21,2751228,2019-09-06 19:01:57:910,-0.3695,-2.3113,10.3324,-0.0055,-0.0129,9.8065,0.073,-0.0426,0.0343,-14.19,-34.12,-5.37,237.12,-80.32,-174.56
52.41269,-1.548662,152.94,5.87,2,101.2,21 / 21,2751331,2019-09-06 19:01:58:013,-1.7438,-0.8898,10.1761,0.0341,0.0397,9.8065,0.1059,0.0571,-0.0582,-12.94,-34.25,-4.81,234.41,-80.43,-175.47
52.41269,-1.548662,152.94,5.87,2,101.2,21 / 21,2751429,2019-09-06 19:01:58:111,-1.5672,-1.31,10.2893,0.0253,0.0187,9.8066,-0.0959,-0.0638,0.0067,-13.25,-35.25,-5.25,233.33,-80.15,-175.66
52.41269,-1.548662,152.94,5.87,2,101.2,21 / 21,2751528,2019-09-06 19:01:58:210,-0.6517,-2.3268,9.9393,0.0041,-0.0105,9.8066,-0.07,-0.0326,0.0166,-13.31,-34.94,-6.19,231.26,-80.32,-175.49
52.41269,-1.548662,152.94,5.87,2,101.2,21 / 21,2751629,2019-09-06 19:01:58:311,-2.1584,-2.3854,10.0212,-0.006,0.0027,9.8066,-0.0047,0.0136,-0.0445,-12.69,-35.94,-6.25,230.69,-80.35,-175.73
52.41269,-1.548662,152.94,5.87,2,101.2,21 / 21,2751729,2019-09-06 19:01:58:411,-0.7172,-1.7579,9.7755,0.0054,0.0092,9.8066,0.0464,-0.0411,0.0171,-13.12,-35.69,-6.94,228.15,-80.33,-176.06
52.41269,-1.548662,152.94,5.87,2,101.2,21 / 21,2751828,2019-09-06 19:01:58:510,-1.6174,-1.6842,9.8222,-0.006,-0.0186,9.8066,0.0829,-0.0859,0.0947,-13.81,-35.69,-7.56,228.61,-80.42,-175.73
52.41269,-1.548662,152.94,5.87,2,101.2,21 / 21,2751928,2019-09-06 19:01:58:610,-1.5872,-1.7661,9.3143,0.0018,0.0104,9.8066,0.0136,0.0332,-0.087,-14.75,-36.31,-6.75,232.79,-80.32,-175.49
52.41269,-1.548662,152.94,5.87,2,101.2,21 / 21,2752029,2019-09-06 19:01:58:711,-1.6806,-1.7318,10.0931,0.0216,0.0182,9.8065,-0.0349,-0.0077,-0.0003,-15.75,-36.62,-6.37,236.29,-80.16,-175.44
52.41269,-1.548662,152.94,5.87,2,101.2,21 / 21,2752129,2019-09-06 19:01:58:811,-1.8775,-3.071,9.1686,0.0058,0.0011,9.8066,-0.0243,-0.0046,0.0233,-15.12,-37.44,-6.25,234.31,-80.1,-175.45
52.41269,-1.548662,152.94,5.87,2,101.2,21 / 21,2752228,2019-09-06 19:01:58:910,-1.3922,-1.3605,9.7961,-0.0119,-0.0074,9.8066,0.0528,-0.0036,0.0135,-15.06,-36.75,-5.06,236.32,-80.05,-175.78
52.41269,-1.548662,152.94,5.87,2,101.2,21 / 21,2752329,2019-09-06 19:01:59:011,-1.0895,-0.376,10.3508,0.0228,0.01,9.8066,0.1039,0.0671,-0.0081,-15.19,-37.12,-4.25,238.68,-80.03,-175.9
52.41269,-1.548662,152.94,5.87,2,101.2,21 / 21,2752428,2019-09-06 19:01:59:110,-1.1335,-1.3778,9.925,-0.0048,0.0086,9.8066,-0.1242,0.0109,-0.0046,-13.62,-36.62,-4.44,236.55,-79.99,-176.04
52.41269,-1.548662,152.94,5.87,2,101.2,21 / 21,2752529,2019-09-06 19:01:59:211,-2.2608,-2.4789,9.5253,0.0018,-0.0031,9.8066,-0.1071,-0.001,-0.0157,-13.06,-35.94,-4.62,232.69,-80.1,-175.79
52.41269,-1.548662,152.94,5.87,2,101.2,21 / 21,2752628,2019-09-06 19:01:59:310,-1.5046,-2.8934,9.3995,0.0145,0.0068,9.8066,-0.0302,0.0452,0.0232,-13.06,-35.69,-6.12,230.62,-80.05,-175.23
52.41269,-1.548662,152.94,5.87,2,101.2,21 / 21,2752728,2019-09-06 19:01:59:410,-1.9892,-2.8165,9.179,-0.0201,-0.0196,9.8065,-0.0466,0.0134,0.0504,-13.31,-34.87,-6.37,231.24,-80.09,-175.07
52.41269,-1.548662,152.94,5.87,2,101.2,21 / 21,2752828,2019-09-06 19:01:59:510,-0.0571,-1.8699,10.1699,-0.0235,-0.0291,9.8065,0.0947,-0.0707,0.0352,-11.94,-35,-5.94,229.27,-80.25,-174.84
52.41269,-1.548662,152.94,5.87,2,101.2,21 / 21,2752928,2019-09-06 19:01:59:610,-1.6808,-2.0988,10.1011,0.0189,0.0191,9.8066,-0.0879,0.074,0.0015,-12.19,-35.69,-5.87,228.49,-80.04,-174.87
52.41269,-1.548662,152.94,5.87,2,101.2,21 / 21,2753029,2019-09-06 19:01:59:711,-1.7133,-1.1146,9.5214,0.0189,0.0097,9.8066,-0.0268,-0.0165,0.0824,-12.37,-35.75,-6.31,228.83,-80.04,-174.41
52.41269,-1.548662,152.94,5.87,2,101.2,21 / 21,2753128,2019-09-06 19:01:59:810,-1.5029,-2.2133,9.9809,-0.0048,-0.009,9.8066,-0.0917,0.054,-0.0722,-13,-36.25,-6.44,231.09,-80.13,-174.78
52.41269,-1.548662,152.94,5.87,2,101.2,21 / 21,2753229,2019-09-06 19:01:59:911,-1.1797,-1.9122,10.1655,0.002,-0.0157,9.8066,0.0284,-0.0023,0.0476,-13.19,-36.5,-7.06,229.39,-80.11,-174.04
52.41269,-1.548662,152.94,5.87,2,101.2,21 / 21,2753329,2019-09-06 19:02:00:011,-0.6784,-1.0353,9.308,-0.0072,-0.0034,9.8066,-0.0542,-0.0177,-0.0219,-13.69,-35.94,-7.12,231.75,-80.16,-173.95
52.41323,-1.548197,153.03,5.53,3,17.06,21 / 21,2753429,2019-09-06 19:02:00:111,-1.7943,-1.7336,9.4154,0.0011,-0.0004,9.8066,-0.063,0.0315,-0.0458,-13.75,-35.75,-6.69,231.94,-80.25,-173.87
52.41323,-1.548197,153.03,5.53,3,17.06,21 / 21,2753529,2019-09-06 19:02:00:211,-0.9514,-1.7737,10.1768,-0.011,-0.0053,9.8066,0.0878,0.0001,-0.0169,-13.37,-36.25,-6.69,229.9,-80.3,-173.72
52.41323,-1.548197,153.03,5.53,3,17.06,21 / 21,2753628,2019-09-06 19:02:00:310,-0.5142,-0.9598,10.0025,-0.0156,-0.0182,9.8066,0.1154,0.045,-0.0024,-13.12,-36.19,-6.75,229.92,-80.35,-173.8
52.41323,-1.548197,153.03,5.53,3,17.06,21 / 21,2753729,2019-09-06 19:02:00:411,-0.6879,-1.246,9.7303,0.0171,0.0041,9.8066,-0.0541,-0.0029,-0.0204,-13.87,-36.19,-6.56,232.13,-80.33,-173.78
52.41323,-1.548197,153.03,5.53,3,17.06,21 / 21,2753828,2019-09-06 19:02:00:510,-0.343,-1.5478,9.7209,0.0018,0.0013,9.8066,0.0413,-0.0429,0.0405,-13.81,-36.69,-5.5,236.76,-80.36,-173.34
52.41323,-1.548197,153.03,5.53,3,17.06,21 / 21,2753929,2019-09-06 19:02:00:611,-0.326,-1.572,9.7787,0.001,-0.0055,9.8066,-0.0115,-0.057,0.015,-14,-37.37,-5.75,234.88,-80.39,-172.74
52.41323,-1.548197,153.03,5.53,3,17.06,21 / 21,2754028,2019-09-06 19:02:00:710,0.2388,-2.1632,9.9606,0.0099,-0.0037,9.8066,-0.0529,-0.0595,-0.0068,-14.06,-36.44,-6.12,235.6,-80.34,-172.28
52.41323,-1.548197,153.03,5.53,3,17.06,21 / 21,2754129,2019-09-06 19:02:00:811,-0.376,-1.739,9.3766,-0.0109,-0.0088,9.8065,0.0549,-0.1036,0.0456,-14.5,-35.31,-6.12,236.15,-80.5,-172.48
52.41323,-1.548197,153.03,5.53,3,17.06,21 / 21,2754229,2019-09-06 19:02:00:911,0.1078,-2.1367,9.9422,-0.0127,-0.0143,9.8066,0.0089,-0.1352,0.0138,-14.94,-35.19,-5.75,238.61,-80.55,-172.07
52.41323,-1.548197,153.03,5.53,3,17.06,21 / 21,2754329,2019-09-06 19:02:01:011,0.5323,-1.9942,9.7997,-0.0021,0.0066,9.8066,0.0369,-0.1629,0.0512,-15.44,-35.94,-5.12,240.74,-80.57,-171.95
52.41323,-1.548197,153.03,5.53,3,17.06,21 / 21,2754429,2019-09-06 19:02:01:111,0.2963,-2.4452,9.6767,0.0016,-0.0019,9.8066,0.0323,-0.1999,0.0301,-15.87,-35.56,-5.75,240.14,-80.6,-172.1
52.41323,-1.548197,153.03,5.53,3,17.06,21 / 21,2754529,2019-09-06 19:02:01:211,0.6442,-1.7093,9.6667,-0.0025,0.0041,9.8066,-0.0364,-0.2604,0.0154,-16.37,-35.12,-5,242.96,-80.65,-172.22
52.41323,-1.548197,153.03,5.53,3,17.06,21 / 21,2754628,2019-09-06 19:02:01:310,0.0904,-2.4252,9.6834,0.001,0.005,9.8066,-0.0205,-0.2317,0.0215,-16.62,-35.25,-4.69,244.59,-80.71,-172.39
52.41323,-1.548197,153.03,5.53,3,17.06,21 / 21,2754729,2019-09-06 19:02:01:411,0.5556,-1.9561,9.8919,-0.0148,0.0009,9.8066,0.0306,-0.2799,0.0222,-16.87,-34.87,-3.44,249.26,-80.91,-173.35
52.41323,-1.548197,153.03,5.53,3,17.06,21 / 21,2754829,2019-09-06 19:02:01:511,0.8595,-2.0365,10.1256,-0.0066,0.0056,9.8066,0.0272,-0.3205,0.0122,-16.94,-35.12,-3,248.83,-80.92,-173.86
52.41323,-1.548197,153.03,5.53,3,17.06,21 / 21,2754928,2019-09-06 19:02:01:610,1.3263,-2.3804,9.6465,0.0033,0.0157,9.8066,-0.0318,-0.3691,0.0388,-16.94,-34.25,-3.06,248.8,-80.96,-174.47
52.41323,-1.548197,153.03,5.53,3,17.06,21 / 21,2755029,2019-09-06 19:02:01:711,1.0157,-2.3743,9.6435,0.0105,0.007,9.8066,-0.0372,-0.3647,0.0345,-16.81,-33.87,-1.87,250.77,-80.89,-175.27
52.41323,-1.548197,153.03,5.53,3,17.06,21 / 21,2755129,2019-09-06 19:02:01:811,2.0214,-1.952,9.8606,-0.0143,0.0071,9.8065,0.0025,-0.4544,0.0484,-16.75,-34.5,-1.37,253.11,-80.95,-176.03
52.41323,-1.548197,153.03,5.53,3,17.06,21 / 21,2755229,2019-09-06 19:02:01:911,1.6653,-2.6119,9.7067,-0.0114,0.0054,9.8066,0.0016,-0.4577,0.0031,-17.94,-34.69,-1.06,253.16,-80.99,-176.73
52.41323,-1.548197,153.03,5.53,3,17.06,21 / 21,2755329,2019-09-06 19:02:02:011,0.5848,-2.6569,9.9402,-0.0164,0.0046,9.8065,0.027,-0.525,0.0497,-18.06,-35.94,-0.81,252.07,-81.12,-177.71
52.41323,-1.548197,153.03,5.53,3,17.06,21 / 21,2755429,2019-09-06 19:02:02:111,1.659,-3.1421,9.9386,-0.0171,-0.006,9.8066,-0.0087,-0.5435,0.0455,-17.94,-34.81,-0.5,255.26,-81.31,-178.21
52.41323,-1.548197,153.03,5.53,3,17.06,21 / 21,2755530,2019-09-06 19:02:02:212,0.9114,-4.2968,9.7118,-0.0064,0.0177,9.8065,-0.0136,-0.5036,0.037,-19.06,-35.25,0.31,255.59,-81.46,-179.03
52.41323,-1.548197,153.03,5.53,3,17.06,21 / 21,2755628,2019-09-06 19:02:02:310,1.524,-3.2527,10.105,-0.0081,0.0149,9.8066,-0.0667,-0.5754,0.0402,-19.5,-35.56,0.81,256.22,-81.61,178.78
52.41323,-1.548197,153.03,5.53,3,17.06,21 / 21,2755728,2019-09-06 19:02:02:410,1.7592,-3.2043,9.5396,-0.0154,0.0046,9.8065,-0.0151,-0.5218,0.0191,-19.44,-35.31,1.31,255.84,-81.91,177.37
52.41323,-1.548197,153.03,5.53,3,17.06,21 / 21,2755828,2019-09-06 19:02:02:510,0.9213,-3.1519,9.1222,-0.0255,0.0182,9.8066,-0.1936,-0.6275,0.0918,-19.37,-34.87,2.13,257.13,-82.05,175.44
52.41323,-1.548197,153.03,5.53,3,17.06,21 / 21,2755929,2019-09-06 19:02:02:611,0.6063,-3.1233,9.4334,-0.0452,0.0077,9.8065,0.0324,-0.6779,0.0632,-21.06,-35.5,3.13,260.46,-82.6,174.45
52.41323,-1.548197,153.03,5.53,3,17.06,21 / 21,2756029,2019-09-06 19:02:02:711,0.7069,-3.1628,9.691,-0.0586,0.0115,9.8064,-0.0534,-0.6193,0.0704,-20.44,-35.56,3.81,261.77,-82.92,172.93
52.41323,-1.548197,153.03,5.53,3,17.06,21 / 21,2756129,2019-09-06 19:02:02:811,0.5045,-3.4223,9.2785,-0.0084,-0.0178,9.8066,-0.0495,-0.6231,0.1245,-20.69,-36.12,4.63,263.5,-83.25,171.38
52.41323,-1.548197,153.03,5.53,3,17.06,21 / 21,2756229,2019-09-06 19:02:02:911,0.2218,-4.9753,10.7242,-0.005,-0.0109,9.8066,-0.0829,-0.6309,0.0536,-21.37,-35.81,5.81,269.21,-83.62,173.88
52.41323,-1.548197,153.03,5.53,3,17.06,21 / 21,2756329,2019-09-06 19:02:03:011,-1.1878,-3.4552,9.5669,-0.0128,0.0308,9.8066,-0.1649,-0.5868,-0.0261,-21.75,-35.81,6.63,268.22,-84.04,169.93
52.41323,-1.548197,153.03,5.53,3,17.06,21 / 21,2756428,2019-09-06 19:02:03:110,-1.2381,-3.9299,8.8865,0.0125,0.0212,9.8066,-0.1488,-0.6639,0.0547,-21.5,-34.69,7.81,268.51,-84.04,167.01
52.41323,-1.548197,153.03,5.53,3,17.06,21 / 21,2756529,2019-09-06 19:02:03:211,0.7979,-0.8712,9.7969,-0.0348,0.0218,9.8065,0.1994,-0.6011,0.0805,-21.06,-34.94,9,268.16,-84.37,163.64
52.41323,-1.548197,153.03,5.53,3,17.06,21 / 21,2756629,2019-09-06 19:02:03:311,-0.2761,-3.8872,11.6903,-0.1023,-0.0662,9.8059,0.0786,-0.504,0.1932,-22.44,-33.87,10.25,276.94,-84.66,170.02
52.41323,-1.548197,153.03,5.53,3,17.06,21 / 21,2756728,2019-09-06 19:02:03:410,-1.935,-5.3905,12.9684,-0.0172,-0.0089,9.8065,0.2523,-0.7063,0.0238,-22.37,-33.62,11.31,288.9,-84.4,179.78
52.41323,-1.548197,153.03,5.53,3,17.06,21 / 21,2756828,2019-09-06 19:02:03:510,-0.5483,-4.3903,10.4995,-0.0487,0.0524,9.8063,0.2708,-0.6228,-0.0931,-21.87,-34.5,12.56,291.4,-84.57,177.67
52.41323,-1.548197,153.03,5.53,3,17.06,21 / 21,2756929,2019-09-06 19:02:03:611,-0.9864,-3.1583,8.3887,0.0548,-0.0097,9.8064,0.0642,-0.6311,0.0596,-22,-34.06,12.88,286.32,-84.16,173.32
52.41323,-1.548197,153.03,5.53,3,17.06,21 / 21,2757029,2019-09-06 19:02:03:711,0.8223,-5.2222,9.1109,0.0206,-0.0012,9.8066,0.1876,-0.688,0.1051,-21.75,-33.94,15.44,289.37,-83.95,172.52
52.41323,-1.548197,153.03,5.53,3,17.06,21 / 21,2757128,2019-09-06 19:02:03:810,-1.6863,-4.8224,9.6452,-0.0383,0.014,9.8065,-0.0019,-0.5859,0.0668,-21.06,-34.62,16.56,296.54,-83.89,174.79
52.41323,-1.548197,153.03,5.53,3,17.06,21 / 21,2757228,2019-09-06 19:02:03:910,-0.0217,-1.3713,9.6824,-0.0939,0.0452,9.8061,-0.2426,-0.4273,-0.0972,-20.56,-33.69,15.94,295.08,-84.6,174.2
52.41323,-1.548197,153.03,5.53,3,17.06,21 / 21,2757328,2019-09-06 19:02:04:010,-0.8571,-1.8781,10.588,-0.0414,0.0476,9.8064,-0.1216,-0.4425,-0.0132,-20.75,-34.19,16.19,292.44,-85.59,170.46
52.41323,-1.548197,153.03,5.53,3,17.06,21 / 21,2757428,2019-09-06 19:02:04:110,-0.0259,-1.6201,9.9163,-0.0281,0.0502,9.8064,-0.0282,-0.3762,-0.0416,-19.94,-34.44,16.56,287.78,-86.45,161.84
52.41323,-1.548197,153.03,5.53,3,17.06,21 / 21,2757528,2019-09-06 19:02:04:210,0.5939,-0.7234,9.411,0.0137,0.024,9.8066,-0.0047,-0.2308,-0.0347,-18.87,-34,16.13,277.98,-86.46,152.7
52.41323,-1.548197,153.03,5.53,3,17.06,21 / 21,2757628,2019-09-06 19:02:04:310,0.4771,-1.0321,9.3288,0.0219,-0.0089,9.8066,0.0257,-0.2489,0.0333,-19.19,-34.81,17.19,278.45,-86.31,151.66
52.41323,-1.548197,153.03,5.53,3,17.06,21 / 21,2757729,2019-09-06 19:02:04:411,0.2443,-1.7353,10.4362,-0.0053,-0.0097,9.8066,0.0086,-0.1801,0.0171,-19.69,-34.87,17.63,280.84,-86.26,153.67
52.41323,-1.548197,153.03,5.53,3,17.06,21 / 21,2757829,2019-09-06 19:02:04:511,0.1225,-1.2979,10.5781,-0.006,-0.0018,9.8066,0.0609,-0.1612,0.0102,-19.31,-34.56,18.25,284.12,-86.22,155.61
52.41323,-1.548197,153.03,5.53,3,17.06,21 / 21,2757928,2019-09-06 19:02:04:610,0.7032,-1.2628,10.0128,0.0211,-0.0108,9.8065,0.0648,-0.1431,0.0189,-19.31,-34.69,19.19,286.58,-85.99,156.64
52.41323,-1.548197,153.03,5.53,3,17.06,21 / 21,2758028,2019-09-06 19:02:04:710,0.5696,-1.1182,9.8767,0.0223,-0.0154,9.8066,0.0316,-0.1227,-0.0171,-18.75,-34.19,18.81,287.65,-85.76,157.82
52.41323,-1.548197,153.03,5.53,3,17.06,21 / 21,2758129,2019-09-06 19:02:04:811,1.8308,-0.2863,9.2004,0.0057,-0.0033,9.8066,0.0036,-0.0757,0.037,-18.75,-34.19,19.06,287.98,-85.59,158.35
52.41323,-1.548197,153.03,5.53,3,17.06,21 / 21,2758229,2019-09-06 19:02:04:911,0.9582,-0.7454,9.6414,-0.0061,0.0134,9.8066,-0.0794,-0.0656,0.001,-19.25,-34.5,18.75,288.07,-85.66,158.36
52.41323,-1.548197,153.03,5.53,3,17.06,21 / 21,2758329,2019-09-06 19:02:05:011,1.2213,-0.0337,10.0314,-0.0088,0.0185,9.8066,-0.0461,-0.0312,-0.0515,-18.69,-34.19,18.81,286.56,-85.86,156.63
52.41323,-1.548197,153.03,5.53,3,17.06,21 / 21,2758429,2019-09-06 19:02:05:111,1.0866,0.0818,9.9732,-0.0001,0.0117,9.8066,0.0695,0.0358,0.0584,-18.62,-33.94,18.5,283.91,-86,153.87
52.41323,-1.548197,153.03,5.53,3,17.06,21 / 21,2758529,2019-09-06 19:02:05:211,1.3103,-0.1844,9.6136,0.005,-0.0191,9.8066,-0.0479,0.0348,-0.062,-18.69,-34.31,17.88,283.47,-85.92,155.22
52.41323,-1.548197,153.03,5.53,3,17.06,21 / 21,2758629,2019-09-06 19:02:05:311,1.1268,0.7092,10.4609,0.0144,-0.0173,9.8065,0.011,0.0685,0.0018,-18.62,-33.69,18.13,284.98,-85.8,156.85
52.41323,-1.548197,153.03,5.53,3,17.06,21 / 21,2758729,2019-09-06 19:02:05:411,1.3441,0.6575,10.4616,0.0067,-0.026,9.8066,-0.038,0.0217,0.0721,-18.56,-34.06,18.63,288.36,-85.78,158.49
52.41323,-1.548197,153.03,5.53,3,17.06,21 / 21,2758828,2019-09-06 19:02:05:510,0.9051,1.0081,9.1454,-0.0206,-0.0207,9.8065,-0.1137,0.0815,-0.0301,-19,-33.25,18.69,294.69,-85.81,164.44
52.41323,-1.548197,153.03,5.53,3,17.06,21 / 21,2758929,2019-09-06 19:02:05:611,2.1841,0.207,10.5129,-0.0039,-0.0192,9.8066,0.0568,0.1047,0.0245,-19.87,-33.81,17.88,294.39,-85.98,167.09
52.41323,-1.548197,153.03,5.53,3,17.06,21 / 21,2759028,2019-09-06 19:02:05:710,1.0401,0.8795,11.0289,-0.018,-0.0009,9.8066,0.0319,0.0622,0.0593,-19.81,-33.5,17.13,295.53,-86.12,169.62
52.41323,-1.548197,153.03,5.53,3,17.06,21 / 21,2759129,2019-09-06 19:02:05:811,1.6271,0.5501,9.4882,0.0065,-0.0425,9.8065,-0.039,0.0262,0.0946,-20.06,-33.06,17.56,305.73,-86.11,177.68
52.41323,-1.548197,153.03,5.53,3,17.06,21 / 21,2759229,2019-09-06 19:02:05:911,2.0911,-0.3748,9.5474,0.0082,-0.0396,9.8065,-0.0048,0.0684,0.0619,-20.62,-33.31,17.25,307.77,-85.98,-177.26
52.41323,-1.548197,153.03,5.53,3,17.06,21 / 21,2759329,2019-09-06 19:02:06:011,1.9417,-0.2122,9.8149,-0.026,-0.0274,9.8065,0.0181,0.0801,0.0796,-20.87,-33,17.44,313.92,-85.88,-171.37
52.41323,-1.548197,153.03,5.53,3,17.06,21 / 21,2759429,2019-09-06 19:02:06:111,1.6248,-0.5165,10.3701,-0.0378,-0.0221,9.8065,0.0269,0.1192,0.0867,-22,-32.5,16.38,321.19,-85.85,-161.7
52.41323,-1.548197,153.03,5.53,3,17.06,21 / 21,2759529,2019-09-06 19:02:06:211,2.2566,-2.8098,10.061,-0.0023,-0.0377,9.8066,0.1136,0.0077,0.0828,-22.37,-32.06,16.25,329.03,-85.61,-154.26
52.41323,-1.548197,153.03,5.53,3,17.06,21 / 21,2759628,2019-09-06 19:02:06:310,2.1383,-0.353,9.7871,0.0221,-0.0151,9.8066,0.1276,0.1242,0.0345,-22.56,-32.56,17.19,330.72,-85.47,-153.12
52.41323,-1.548197,153.03,5.53,3,17.06,21 / 21,2759728,2019-09-06 19:02:06:410,0.7525,-0.7252,9.9486,-0.005,-0.0111,9.8066,0.0031,0.1704,-0.0767,-23.06,-31.81,17.06,330.25,-85.33,-153.54
52.41323,-1.548197,153.03,5.53,3,17.06,21 / 21,2759829,2019-09-06 19:02:06:511,-0.2904,-0.4263,9.7013,-0.0143,0.0101,9.8066,0.0785,-0.0857,0.0375,-21.69,-32.06,17.75,334.16,-85.37,-152.78
52.41323,-1.548197,153.03,5.53,3,17.06,21 / 21,2759928,2019-09-06 19:02:06:610,3.0252,-0.2733,10.1121,0.0373,-0.0054,9.8065,0.0019,0.0183,0.0386,-21.94,-31.81,16.81,332.8,-85.45,-152.43
52.41323,-1.548197,153.03,5.53,3,17.06,21 / 21,2760028,2019-09-06 19:02:06:710,1.4383,0.0439,9.2184,0.0444,-0.0263,9.8065,-0.0698,0.0604,0.0124,-21.31,-32.87,16.44,329.12,-85.26,-155.05
52.41323,-1.548197,153.03,5.53,3,17.06,21 / 21,2760129,2019-09-06 19:02:06:811,0.5758,1.0545,9.6433,0.0097,-0.0142,9.8066,-0.2317,0.0402,0.0316,-21.37,-32.56,15.81,328.95,-85.2,-155.17
52.41323,-1.548197,153.03,5.53,3,17.06,21 / 21,2760229,2019-09-06 19:02:06:911,0.9297,-0.1002,9.5065,0.0258,-0.0105,9.8066,-0.1325,0.0353,0.0858,-21.31,-32.69,16.44,329.42,-85.15,-154.7
52.41323,-1.548197,153.03,5.53,3,17.06,21 / 21,2760329,2019-09-06 19:02:07:011,0.8524,0.3081,9.6298,-0.0321,0.0027,9.8065,0.0824,-0.0398,0.0295,-21.5,-31.75,15.94,332.48,-85.1,-151.99
52.41323,-1.548197,153.03,5.53,3,17.06,21 / 21,2760429,2019-09-06 19:02:07:111,0.623,-1.1508,9.8512,-0.0148,-0.006,9.8066,0.0258,0.0252,0.0012,-21.31,-31.81,16.25,333.39,-84.85,-151.02
52.41323,-1.548197,153.03,5.53,3,17.06,21 / 21,2760528,2019-09-06 19:02:07:210,1.012,0.1891,9.4848,-0.0081,-0.0055,9.8066,0.0388,0.0371,0.0569,-21.44,-31.31,16.19,332.78,-84.77,-151.62
52.41323,-1.548197,153.03,5.53,3,17.06,21 / 21,2760629,2019-09-06 19:02:07:311,1.0265,-0.0846,9.7328,-0.015,0.001,9.8065,-0.0327,0.0201,0.0328,-20.25,-29.81,15.56,336.07,-84.65,-149.96
52.41323,-1.548197,153.03,5.53,3,17.06,21 / 21,2760728,2019-09-06 19:02:07:410,0.5576,-0.1914,10.4121,0.0024,0.0003,9.8066,0.0584,-0.089,0.0167,-20.37,-28,15.75,336.99,-84.61,-149.28
52.41323,-1.548197,153.03,5.53,3,17.06,21 / 21,2760828,2019-09-06 19:02:07:510,0.8574,-0.565,9.7489,0.0032,0.0019,9.8066,0.047,0.0222,-0.0017,-20.62,-28.44,16.31,335.04,-84.5,-149.7
52.41323,-1.548197,153.03,5.53,3,17.06,21 / 21,2760929,2019-09-06 19:02:07:611,0.1938,-0.7821,9.8818,0.0036,-0.011,9.8066,-0.0023,-0.0044,-0.0486,-19.75,-28.75,16.81,337.41,-84.33,-150.45
52.41323,-1.548197,153.03,5.53,3,17.06,21 / 21,2761029,2019-09-06 19:02:07:711,1.1143,0.0164,9.7751,0.0033,-0.0074,9.8066,-0.0013,0.0498,-0.1136,-19.56,-28.94,15.06,333.02,-84.3,-150.73
52.41323,-1.548197,153.03,5.53,3,17.06,21 / 21,2761129,2019-09-06 19:02:07:811,0.4616,-0.5392,10.1094,0.012,-0.0039,9.8066,-0.0268,0.0118,0.0238,-21.06,-28.81,14.44,328.27,-84.43,-151.94
52.41323,-1.548197,153.03,5.53,3,17.06,21 / 21,2761229,2019-09-06 19:02:07:911,0.8947,0.7437,9.8499,0.0192,0.001,9.8066,-0.0497,-0.0064,-0.049,-22.31,-29.25,15.31,327.39,-84.42,-153.5
52.41323,-1.548197,153.03,5.53,3,17.06,21 / 21,2761330,2019-09-06 19:02:08:012,-0.0212,0.3776,10.1555,-0.0021,0.0014,9.8066,0.0106,-0.0053,-0.0094,-21.62,-29.87,16.25,328.88,-84.35,-153.81
52.41323,-1.548197,153.03,5.53,3,17.06,20 / 21,2761429,2019-09-06 19:02:08:111,0.3069,0.048,9.4285,0.001,0.0042,9.8066,-0.0057,-0.0078,0.0487,-21,-30.56,16.06,328.71,-84.23,-154.94
52.41323,-1.548197,153.03,5.53,3,17.06,20 / 21,2761528,2019-09-06 19:02:08:210,0.6053,-0.1856,9.8261,-0.0022,-0.006,9.8066,0.0162,-0.0124,-0.0294,-20.69,-31.69,15.56,328.88,-83.93,-154.48
52.41323,-1.548197,153.03,5.53,3,17.06,20 / 21,2761629,2019-09-06 19:02:08:311,-1.7081,1.4846,9.8728,0.0114,0.022,9.8066,-0.3172,0.1606,-0.0553,-21.19,-32.06,15.56,326.67,-83.86,-156.4
52.41323,-1.548197,153.03,5.53,3,17.06,20 / 21,2761728,2019-09-06 19:02:08:410,1.3133,1.6401,9.1979,-0.0444,-0.0067,9.8065,0.1081,0.045,-0.0543,-21.75,-33,15.88,326.14,-84.08,-155.74
52.41323,-1.548197,153.03,5.53,3,17.06,20 / 21,2761828,2019-09-06 19:02:08:510,0.7258,-2.8396,10.0499,-0.0311,0.0071,9.8066,0.1046,-0.1488,0.1176,-22.31,-32.37,16.63,330.49,-84.03,-153.69
52.41323,-1.548197,153.03,5.53,3,17.06,20 / 21,2761929,2019-09-06 19:02:08:611,0.7565,2.3018,8.6896,0.0301,0.0104,9.8065,-0.1364,-0.1399,0.1467,-22.06,-32.81,15.06,328.48,-84.46,-152.1
52.41323,-1.548197,153.03,5.53,3,17.06,20 / 21,2762029,2019-09-06 19:02:08:711,0.2123,0.0806,10.0941,0.0024,-0.0378,9.8065,-0.2203,0.0879,-0.0819,-22.31,-33.44,15.31,332.09,-84.51,-148.91
52.41323,-1.548197,153.03,5.53,3,17.06,20 / 21,2762129,2019-09-06 19:02:08:811,0.2928,0.5991,10.0097,-0.0153,-0.0087,9.8066,0.047,0.102,-0.0622,-21.75,-32.62,15.13,336.55,-84.74,-145.05
52.41323,-1.548197,153.03,5.53,3,17.06,20 / 21,2762228,2019-09-06 19:02:08:910,-0.6597,-0.0409,10.3535,0.0371,-0.0117,9.8066,0.018,-0.0007,0.0565,-22.31,-33.12,15.06,333.19,-84.52,-147.93
52.41323,-1.548197,153.03,5.53,3,17.06,20 / 21,2762329,2019-09-06 19:02:09:011,0.6733,1.153,9.3871,-0.0005,0.0098,9.8066,0.1223,-0.0739,0.0362,-21.81,-32.31,15.69,332.7,-84.37,-150.17
52.413208,-1.547429,152.89,10.26,3,107.33,21 / 21,2762429,2019-09-06 19:02:09:111,-0.9567,0.8732,9.9845,-0.0034,0.0146,9.8066,0.0938,0.0699,-0.0105,-21.87,-33.44,16.13,332.31,-84.23,-150.34
52.413208,-1.547429,152.89,10.26,3,107.33,21 / 21,2762529,2019-09-06 19:02:09:211,0.0875,1.1692,9.3721,0.0023,0.0062,9.8066,-0.0399,0.0308,-0.0684,-21.5,-32.94,15.38,331.56,-84.42,-150.47
52.413208,-1.547429,152.89,10.26,3,107.33,21 / 21,2762629,2019-09-06 19:02:09:311,-0.7365,0.4535,9.8882,0.0194,-0.0055,9.8065,-0.0081,-0.0306,0.0242,-21.31,-33.81,15.25,331.19,-84.53,-150.76
52.413208,-1.547429,152.89,10.26,3,107.33,21 / 21,2762729,2019-09-06 19:02:09:411,-0.7522,0.834,10.0961,0.0192,-0.0148,9.8066,-0.0005,-0.027,0.0373,-21.87,-33.62,15.44,329.61,-84.46,-150.98
52.413208,-1.547429,152.89,10.26,3,107.33,21 / 21,2762829,2019-09-06 19:02:09:511,-0.0694,0.0523,10.2264,0.0054,-0.0021,9.8066,0.0813,-0.0662,-0.0098,-21.19,-32.62,15.13,330.61,-84.41,-151.3
52.413208,-1.547429,152.89,10.26,3,107.33,21 / 21,2762929,2019-09-06 19:02:09:611,0.688,-0.1058,9.7708,0.0212,-0.0098,9.8066,-0.0674,-0.0169,0.0374,-21.06,-33.62,16.06,331.81,-84.29,-151.9
52.413208,-1.547429,152.89,10.26,3,107.33,21 / 21,2763029,2019-09-06 19:02:09:711,-0.7685,0.9211,9.0911,0.0135,-0.0151,9.8066,-0.181,0.0187,0.0231,-21,-32.87,16.06,330.74,-84.04,-152.79
52.413208,-1.547429,152.89,10.26,3,107.33,21 / 21,2763129,2019-09-06 19:02:09:811,-0.2468,0.4877,9.6531,-0.0524,0.0465,9.8064,0.0987,0.0112,-0.057,-21.62,-33.25,15.81,331.85,-84.52,-150.93
52.413208,-1.547429,152.89,10.26,3,107.33,21 / 21,2763228,2019-09-06 19:02:09:910,-0.7064,1.3361,10.1702,-0.0452,0.0308,9.8064,0.0716,0.0105,-0.0369,-21.87,-32.25,15.25,330.05,-84.72,-150.97
52.413208,-1.547429,152.89,10.26,3,107.33,21 / 21,2763329,2019-09-06 19:02:10:011,0.2099,1.2883,10.3631,0.0325,-0.0277,9.8065,0.0061,0.0387,0.0043,-22.69,-33.06,14.81,328.65,-84.74,-151.06
52.413208,-1.547429,152.89,10.26,3,107.33,21 / 21,2763429,2019-09-06 19:02:10:111,-1.1292,-0.0101,10.0213,0.0163,-0.0234,9.8065,0.1229,-0.1084,0.0815,-23.69,-33.31,14.56,327.16,-84.33,-151.13
52.413208,-1.547429,152.89,10.26,3,107.33,21 / 21,2763529,2019-09-06 19:02:10:211,-0.4691,1.7147,10.0478,0.0294,-0.0118,9.8065,-0.0331,-0.0538,0.0158,-23.31,-32.37,14.56,327.82,-83.96,-151.4
52.413208,-1.547429,152.89,10.26,3,107.33,21 / 21,2763629,2019-09-06 19:02:10:311,-1.2585,0.6684,9.7418,0.0221,-0.0119,9.8066,-0.0023,0.0184,0.0316,-23.37,-32.37,15.56,328.99,-83.74,-152
52.413208,-1.547429,152.89,10.26,3,107.33,21 / 21,2763729,2019-09-06 19:02:10:411,0.5886,1.0225,10.3224,0.0084,0.003,9.8066,-0.0295,-0.0768,0.0441,-23.5,-32.12,15.5,329.16,-83.68,-151.82
52.413208,-1.547429,152.89,10.26,3,107.33,21 / 21,2763828,2019-09-06 19:02:10:510,-0.3854,0.5758,9.828,0.0243,-0.0153,9.8065,-0.1229,0.0336,-0.0942,-23.87,-33.06,15.94,326.93,-83.61,-152.6
52.413208,-1.547429,152.89,10.26,3,107.33,21 / 21,2763929,2019-09-06 19:02:10:611,-1.2468,-0.3279,9.5063,-0.0172,0.009,9.8066,0.0807,0.0433,-0.0051,-23.25,-32.69,15.75,327.06,-83.79,-153.63
52.413208,-1.547429,152.89,10.26,3,107.33,21 / 21,2764029,2019-09-06 19:02:10:711,-0.4634,1.1228,9.8047,-0.0251,0.0114,9.8065,0.0793,-0.0003,-0.0165,-23.19,-32.56,15.5,327.01,-83.88,-153.73
52.413208,-1.547429,152.89,10.26,3,107.33,21 / 21,2764129,2019-09-06 19:02:10:811,-0.4655,0.8213,9.892,0.0245,-0.0106,9.8066,-0.1199,0.0622,0.0086,-22.75,-32.56,14.44,322.19,-83.8,-154.31
52.413208,-1.547429,152.89,10.26,3,107.33,21 / 21,2764229,2019-09-06 19:02:10:911,0.8782,0.6355,9.8867,0.0126,-0.0109,9.8065,0.0124,0.083,0.0026,-22.87,-32.12,13.5,323.37,-83.98,-153.54
52.413208,-1.547429,152.89,10.26,3,107.33,21 / 21,2764329,2019-09-06 19:02:11:011,-1.1972,-0.2539,10.072,-0.0027,0.002,9.8066,-0.1031,0.075,-0.0271,-23.62,-32.37,13.75,323.06,-84.07,-152.94
52.413208,-1.547429,152.89,10.26,3,107.33,20 / 21,2764430,2019-09-06 19:02:11:112,-1.2952,0.4127,9.9716,0.0208,-0.0072,9.8066,0.0953,-0.0403,-0.0162,-22.81,-32.06,15.81,327.3,-84.14,-153.77
52.413208,-1.547429,152.89,10.26,3,107.33,20 / 21,2764530,2019-09-06 19:02:11:212,-0.2698,0.5736,9.951,-0.0299,0.0228,9.8065,0.0931,0.0076,-0.0618,-22.87,-31.81,16.63,328.99,-84.28,-154.06
52.413208,-1.547429,152.89,10.26,3,107.33,20 / 21,2764631,2019-09-06 19:02:11:313,-0.7208,0.0395,9.7207,-0.0368,0.041,9.8065,-0.1113,0.0018,-0.0342,-22.37,-32.37,17.69,330.98,-84.4,-155.14
52.413208,-1.547429,152.89,10.26,3,107.33,20 / 21,2764729,2019-09-06 19:02:11:411,-0.393,0.939,9.787,0.0075,0.003,9.8066,-0.0238,0.0386,-0.0527,-21.44,-32.62,16.38,326.66,-84.44,-156.7
52.413208,-1.547429,152.89,10.26,3,107.33,20 / 21,2764828,2019-09-06 19:02:11:510,-0.552,0.6338,10.1694,0.0087,0.0085,9.8066,0.0252,-0.0664,0.0128,-20.81,-33.12,16.81,327.4,-84.58,-157.91
52.413208,-1.547429,152.89,10.26,3,107.33,20 / 21,2764928,2019-09-06 19:02:11:610,0.1923,-0.0199,9.4853,0.0315,-0.0021,9.8066,-0.0494,-0.0264,-0.0006,-20.56,-33.69,15.94,324.84,-84.7,-158.41
52.413208,-1.547429,152.89,10.26,3,107.33,20 / 21,2765029,2019-09-06 19:02:11:711,0.4175,1.4327,9.5849,0.0301,-0.0145,9.8065,-0.0662,0.0285,-0.0553,-21.31,-33.87,15.5,321.97,-84.58,-160.91
52.413208,-1.547429,152.89,10.26,3,107.33,20 / 21,2765129,2019-09-06 19:02:11:811,-0.814,0.3787,9.6956,-0.0329,0.0373,9.8065,0.0183,-0.0077,-0.0262,-21.25,-34,15.75,321.09,-84.89,-161.97
52.413208,-1.547429,152.89,10.26,3,107.33,20 / 21,2765228,2019-09-06 19:02:11:910,-1.9873,0.0378,10.1355,0.0062,0.0227,9.8065,-0.0302,-0.0613,0.0091,-21.44,-34.25,15.69,318.19,-84.9,-164.62
52.413208,-1.547429,152.89,10.26,3,107.33,20 / 21,2765330,2019-09-06 19:02:12:012,-0.1444,0.9546,10.1724,0.0045,0.0275,9.8066,0.1914,-0.0137,-0.0785,-20.56,-34.06,15.06,310.49,-84.84,-169.75
52.413208,-1.547429,152.89,10.26,3,107.33,20 / 21,2765429,2019-09-06 19:02:12:111,-0.855,0.9509,9.9821,-0.0079,0.0224,9.8065,0.1839,-0.0206,-0.0549,-20.5,-34,15.94,310.74,-84.68,-172.44
52.413208,-1.547429,152.89,10.26,3,107.33,20 / 21,2765528,2019-09-06 19:02:12:210,0.0786,1.4267,10.1708,0.0404,-0.0122,9.8065,-0.0399,0.0627,-0.1145,-20.19,-34.44,15.25,305.78,-84.48,-174.86
52.413208,-1.547429,152.89,10.26,3,107.33,20 / 21,2765629,2019-09-06 19:02:12:311,-0.4121,1.0065,9.929,0.0092,0.0173,9.8066,-0.0154,0.0135,0.0086,-20.06,-34.06,15.06,301.75,-84.31,-178.4
52.413208,-1.547429,152.89,10.26,3,107.33,20 / 21,2765728,2019-09-06 19:02:12:410,-0.0377,0.6999,9.8612,0.0326,-0.0011,9.8065,-0.1601,-0.0263,-0.0689,-20.06,-34.44,15.5,301.19,-84.23,179.25
52.413208,-1.547429,152.89,10.26,3,107.33,20 / 21,2765828,2019-09-06 19:02:12:510,-0.1636,0.6651,9.9365,0.0297,-0.0009,9.8065,-0.0539,-0.0013,-0.0744,-20.5,-34.25,15.19,297.01,-84.27,177.23
52.413208,-1.547429,152.89,10.26,3,107.33,20 / 21,2765928,2019-09-06 19:02:12:610,0.3899,0.6766,9.6307,0.0109,0.0204,9.8066,0.0631,0.0273,-0.0021,-19.25,-34.25,15,294.56,-84.31,173.69
52.413208,-1.547429,152.89,10.26,3,107.33,20 / 21,2766029,2019-09-06 19:02:12:711,-0.2809,0.2751,9.5697,0.0074,0.0088,9.8066,0.0052,-0.006,-0.0247,-19.87,-34.31,15.19,291.8,-84.21,172.38
52.413208,-1.547429,152.89,10.26,3,107.33,20 / 21,2766128,2019-09-06 19:02:12:810,0.8953,0.4454,9.7073,0.009,0.0057,9.8066,-0.165,0.0038,0.0053,-19.87,-35.06,14.81,290.66,-84.35,171.32
52.413208,-1.547429,152.89,10.26,3,107.33,20 / 21,2766229,2019-09-06 19:02:12:911,-0.2401,1.4876,9.5775,0.0156,0.0079,9.8066,-0.0945,0.0538,-0.0368,-19.75,-33.44,15.19,288.88,-84.47,169.03
52.413208,-1.547429,152.89,10.26,3,107.33,20 / 21,2766331,2019-09-06 19:02:13:013,-0.552,1.145,9.7035,-0.0186,0.0218,9.8065,-0.0167,0.0255,-0.025,-19.94,-34.81,15,286.26,-84.73,166.58
52.413208,-1.547429,152.89,10.26,3,107.33,20 / 21,2766429,2019-09-06 19:02:13:111,-1.1439,0.5321,10.0576,-0.001,0.0038,9.8066,0.06,-0.0014,0.0204,-19.56,-34.94,14.44,283.43,-84.72,165.89
52.413208,-1.547429,152.89,10.26,3,107.33,20 / 21,2766529,2019-09-06 19:02:13:211,-0.0677,1.9645,9.2921,0.0105,-0.0016,9.8066,-0.2342,0.0635,-0.0252,-20,-35.5,15,285.43,-84.64,165.9
52.413208,-1.547429,152.89,10.26,3,107.33,20 / 21,2766628,2019-09-06 19:02:13:310,-0.1255,0.2462,8.6716,0.0007,0.0092,9.8066,-0.0954,-0.0335,0.0383,-19.12,-35.19,14,283.43,-84.8,164.63
52.413208,-1.547429,152.89,10.26,3,107.33,20 / 21,2766728,2019-09-06 19:02:13:410,-0.2523,1.0217,11.1992,-0.0206,-0.003,9.8065,-0.0307,0.1542,-0.0396,-18.69,-35.06,14.56,287.44,-85.03,166.1
52.413208,-1.547429,152.89,10.26,3,107.33,20 / 21,2766829,2019-09-06 19:02:13:511,0.9413,-0.5468,9.3204,-0.0476,0.0516,9.8064,0.0937,0.0129,0.0115,-19.06,-35.31,14.63,284.32,-85.45,162.47
52.413208,-1.547429,152.89,10.26,3,107.33,20 / 21,2766930,2019-09-06 19:02:13:612,-0.2648,1.2635,10.0838,0.0207,-0.0151,9.8066,0.0223,0.0123,0.017,-18.81,-35.19,14.88,285.06,-85.33,163.36
52.413208,-1.547429,152.89,10.26,3,107.33,20 / 21,2767029,2019-09-06 19:02:13:711,-0.5787,0.5123,9.696,0.0055,-0.044,9.8065,-0.03,0.0258,-0.0718,-19,-35.31,14.44,286.8,-85.37,167.06
52.413208,-1.547429,152.89,10.26,3,107.33,20 / 21,2767129,2019-09-06 19:02:13:811,-1.0609,0.0204,8.811,-0.0553,0.0394,9.8063,-0.0944,0.0057,0.0409,-19.75,-34.56,13.88,281.72,-86.06,162.3
52.413208,-1.547429,152.89,10.26,3,107.33,20 / 21,2767229,2019-09-06 19:02:13:911,0.2491,1.0455,9.0864,-0.071,0.0483,9.8062,-0.0682,0.0416,-0.0659,-18.69,-35.06,13.38,277.26,-86.49,158.2
52.413208,-1.547429,152.89,10.26,3,107.33,20 / 21,2767329,2019-09-06 19:02:14:011,0.0922,0.4977,10.0516,-0.0366,0.0021,9.8066,-0.0722,0.0245,0.0206,-19,-35.06,12.69,274.56,-86.88,154.93
52.413208,-1.547429,152.89,10.26,3,107.33,20 / 21,2767429,2019-09-06 19:02:14:111,-0.53,0.6441,10.3683,-0.0116,-0.0051,9.8066,0.0003,0.0363,0.0365,-19.25,-34.94,12.56,275.31,-87.42,154.84
52.413208,-1.547429,152.89,10.26,3,107.33,20 / 21,2767528,2019-09-06 19:02:14:210,0.2732,0.3338,9.9298,0.0124,-0.0099,9.8066,0.0283,0.0685,-0.0367,-19.62,-34.81,12.94,275.49,-87.33,156.38
52.413208,-1.547429,152.89,10.26,3,107.33,20 / 21,2767629,2019-09-06 19:02:14:311,0.5508,1.0818,9.6579,0.0253,-0.0159,9.8066,0.0938,0.0633,-0.0054,-19.94,-34.5,13.5,279.59,-86.98,158.76
52.413208,-1.547429,152.89,10.26,3,107.33,20 / 21,2767729,2019-09-06 19:02:14:411,1.0994,0.8029,9.8204,0.0144,-0.0006,9.8066,0.026,0.1181,-0.0038,-19.12,-35,12.44,277.21,-86.59,160.23
52.413208,-1.547429,152.89,10.26,3,107.33,20 / 21,2767828,2019-09-06 19:02:14:510,1.0988,0.9058,9.9881,-0.011,0.0053,9.8066,0.0018,0.1069,0.0133,-19.31,-34.5,12.75,278.65,-86.5,159.41
52.413208,-1.547429,152.89,10.26,3,107.33,20 / 21,2767928,2019-09-06 19:02:14:610,0.306,1.3726,10.4656,0.0005,0.002,9.8066,-0.0262,0.1403,-0.037,-19.81,-34.75,12.13,274.9,-86.57,159.08
52.413208,-1.547429,152.89,10.26,3,107.33,20 / 21,2768029,2019-09-06 19:02:14:711,-0.187,1.4574,10.1539,0.0097,-0.0058,9.8066,0.0149,0.0633,0.0791,-20.12,-33.81,11.38,272.74,-86.59,159.02
52.413208,-1.547429,152.89,10.26,3,107.33,20 / 21,2768129,2019-09-06 19:02:14:811,0.9598,1.2466,9.9102,0.009,-0.0128,9.8066,0.0871,0.1301,-0.0048,-20.25,-33.94,12.63,280.98,-86.47,162.93
52.413208,-1.547429,152.89,10.26,3,107.33,20 / 21,2768230,2019-09-06 19:02:14:912,0.8924,1.3003,10.4748,0.0048,-0.0232,9.8066,0.1044,0.1765,0.0217,-20.06,-32.94,12.5,284.47,-86.35,166.38
52.413208,-1.547429,152.89,10.26,3,107.33,20 / 21,2768330,2019-09-06 19:02:15:012,0.6642,0.6171,9.9102,0.0105,-0.0305,9.8065,-0.0546,0.1284,0.06,-19.44,-33.06,12.81,288.6,-86.39,169.18
52.413208,-1.547429,152.89,10.26,3,107.33,21 / 21,2768428,2019-09-06 19:02:15:110,-0.221,0.9264,9.9154,0.0186,-0.0121,9.8066,-0.1278,0.1336,0.0304,-19.81,-33,12.31,289.08,-86.25,173.18
52.413208,-1.547429,152.89,10.26,3,107.33,21 / 21,2768529,2019-09-06 19:02:15:211,1.0345,1.0782,9.5696,-0.017,-0.0177,9.8065,0.115,0.134,0.0302,-19.19,-32.81,12.25,294.09,-86.48,176.59
52.413208,-1.547429,152.89,10.26,3,107.33,21 / 21,2768629,2019-09-06 19:02:15:311,0.8302,0.7617,10.4107,-0.021,-0.0032,9.8066,0.0663,0.1016,0.0624,-18.19,-32.12,10.19,294.34,-86.56,-179.8
52.413208,-1.547429,152.89,10.26,3,107.33,21 / 21,2768729,2019-09-06 19:02:15:411,-0.1688,1.1995,10.3669,-0.0027,0.003,9.8066,-0.0278,0.0592,-0.0032,-18.5,-31.06,8.81,294.55,-86.57,-177.16
52.413208,-1.547429,152.89,10.26,3,107.33,21 / 21,2768829,2019-09-06 19:02:15:511,1.8081,1.4207,9.7801,-0.0084,0.0056,9.8066,0.1164,0.0907,0.0593,-20.56,-30.44,6.56,286.17,-86.51,-177.69
52.413208,-1.547429,152.89,10.26,3,107.33,21 / 21,2768929,2019-09-06 19:02:15:611,1.5573,0.9369,9.666,0.0121,-0.0245,9.8066,0.0866,0.1034,0.0742,-21.87,-30.5,7.94,289.41,-86.19,-175.92
52.413208,-1.547429,152.89,10.26,3,107.33,21 / 21,2769029,2019-09-06 19:02:15:711,0.4621,0.4811,10.2805,-0.0116,-0.0192,9.8066,-0.0035,0.1101,0.0036,-23.31,-30.56,7.5,292.97,-86.13,-171.62
52.413208,-1.547429,152.89,10.26,3,107.33,21 / 21,2769129,2019-09-06 19:02:15:811,0.6007,1.2388,9.7371,-0.0143,0.0047,9.8066,-0.0263,0.0795,0.0522,-24.06,-29.56,7.63,294.76,-86.43,-169.78
52.413208,-1.547429,152.89,10.26,3,107.33,21 / 21,2769229,2019-09-06 19:02:15:911,0.7052,0.8912,9.7715,-0.0045,-0.0196,9.8066,0.0128,0.0556,0.0479,-24.94,-30.12,8.5,300.48,-86.57,-165.94
52.413208,-1.547429,152.89,10.26,3,107.33,21 / 21,2769328,2019-09-06 19:02:16:010,0.3387,1.0731,9.6216,-0.0197,-0.0105,9.8066,-0.0349,0.069,0.0505,-25.69,-29.69,8.63,303.78,-86.64,-162.22
52.413208,-1.547429,152.89,10.26,3,107.33,21 / 21,2769428,2019-09-06 19:02:16:110,0.0632,0.7974,9.4801,-0.002,-0.0168,9.8066,-0.1245,0.0732,0.0234,-25.37,-30.5,9.75,312.03,-86.57,-156.89
52.413208,-1.547429,152.89,10.26,3,107.33,21 / 21,2769528,2019-09-06 19:02:16:210,1.6522,0.0724,9.8474,-0.0119,-0.0123,9.8066,0.1052,0.0586,0.0156,-25.19,-30.69,10.81,317.85,-86.47,-153.16
52.413208,-1.547429,152.89,10.26,3,107.33,21 / 21,2769628,2019-09-06 19:02:16:310,1.0248,0.0364,10.2412,-0.0127,-0.0157,9.8066,0.0672,0.0319,0.0093,-24.69,-31.81,10.25,318.48,-86.41,-150.43
52.413208,-1.547429,152.89,10.26,3,107.33,21 / 21,2769728,2019-09-06 19:02:16:410,1.4294,-0.7304,10.2151,0.0022,-0.0068,9.8066,-0.1164,0.0689,0.0056,-24.5,-31.94,10.38,321.35,-86.47,-148.5
52.413208,-1.547429,152.89,10.26,3,107.33,21 / 21,2769828,2019-09-06 19:02:16:510,0.4473,0.0528,9.7,0.0101,-0.0204,9.8066,-0.1252,0.0214,0.0207,-23.75,-32.19,10.88,326.3,-86.45,-145.89
52.413208,-1.547429,152.89,10.26,3,107.33,21 / 21,2769929,2019-09-06 19:02:16:611,0.0914,0.3032,10.0958,-0.023,0.007,9.8066,0.0277,0.0483,0.0243,-24,-31.94,10.5,329.75,-86.51,-142.7
52.413208,-1.547429,152.89,10.26,3,107.33,21 / 21,2770028,2019-09-06 19:02:16:710,1.8054,-0.1086,10.2031,-0.0132,-0.0112,9.8066,0.1334,0.0768,0.0318,-23.62,-32.25,10.81,330.38,-86.4,-142.04
52.413208,-1.547429,152.89,10.26,3,107.33,21 / 21,2770128,2019-09-06 19:02:16:810,0.6944,-0.9428,10.3507,0.0408,-0.0153,9.8065,-0.1051,0.0035,-0.0422,-22.87,-32.81,9.88,328.93,-86.34,-142.04
52.413208,-1.547429,152.89,10.26,3,107.33,21 / 21,2770228,2019-09-06 19:02:16:910,0.953,0.7345,9.7191,0.0379,-0.0118,9.8065,-0.0424,0.0467,-0.0112,-23.25,-32.94,9.81,325,-86.16,-145.54
52.413208,-1.547429,152.89,10.26,3,107.33,21 / 21,2770329,2019-09-06 19:02:17:011,0.3736,-0.0793,9.4311,-0.028,0.0175,9.8065,0.0101,0.0894,-0.0245,-22.62,-33.12,9.69,324.87,-86.28,-145.75
52.413208,-1.547429,152.89,10.26,3,107.33,21 / 21,2770429,2019-09-06 19:02:17:111,0.7238,-0.2676,10.0221,-0.023,0.0104,9.8066,0.0618,-0.0261,0.0152,-22.56,-33.75,10.06,324.2,-86.34,-146.34
52.413208,-1.547429,152.89,10.26,3,107.33,21 / 21,2770528,2019-09-06 19:02:17:210,1.3396,-1.1826,10.1634,0.0032,0.006,9.8066,0.0173,-0.0138,0.0534,-22.69,-33.5,9.19,320.08,-86.31,-148.07
52.413208,-1.547429,152.89,10.26,3,107.33,21 / 21,2770629,2019-09-06 19:02:17:311,1.0636,-0.662,9.5304,-0.0063,-0.0006,9.8066,0.0289,-0.038,0.0152,-22.69,-33.69,9.44,320.32,-86.26,-147.71
52.413208,-1.547429,152.89,10.26,3,107.33,21 / 21,2770728,2019-09-06 19:02:17:410,0.511,0.796,9.6005,-0.0155,0.0016,9.8066,0.0607,0.0282,0.0438,-22.5,-34,9.5,324.06,-86.25,-147.23
52.413208,-1.547429,152.89,10.26,3,107.33,21 / 21,2770829,2019-09-06 19:02:17:511,1.4435,0.4973,10.2159,0.0044,-0.0104,9.8065,0.0518,0.0465,0.0049,-22.69,-33.69,8.88,322.94,-86.08,-145.12
52.413208,-1.547429,152.89,10.26,3,107.33,21 / 21,2770929,2019-09-06 19:02:17:611,-0.1904,0.5495,9.2884,0.0015,-0.0113,9.8066,0.1804,0.0725,0.0288,-22.81,-32.75,8.75,323.62,-86.02,-144.53
52.413208,-1.547429,152.89,10.26,3,107.33,21 / 21,2771029,2019-09-06 19:02:17:711,-0.0337,-1.3092,10.5969,-0.0163,0.0119,9.8065,0.0647,0.0542,-0.0524,-22.75,-33.94,8.75,322.26,-86.06,-145.73
52.413208,-1.547429,152.89,10.26,3,107.33,21 / 21,2771129,2019-09-06 19:02:17:811,0.7079,-1.107,10.9148,-0.0505,0.0268,9.8065,0.307,-0.1342,0.0333,-22.87,-33.31,9.88,323.68,-86.31,-146.89
52.413208,-1.547429,152.89,10.26,3,107.33,21 / 21,2771230,2019-09-06 19:02:17:912,1.7109,1.1469,8.3235,0.0489,0.0136,9.8064,-0.068,0.0994,-0.0564,-21.94,-34.06,8.44,312.16,-86.31,-153.78
52.413208,-1.547429,152.89,10.26,3,107.33,21 / 21,2771329,2019-09-06 19:02:18:011,0.6121,0.2466,9.0702,-0.0056,0.0044,9.8066,0.0105,0.0338,0.1357,-21.75,-34,9.38,316.51,-86.65,-152.39
52.413055,-1.54626,151.86,10.07,2,89.88,21 / 21,2771429,2019-09-06 19:02:18:111,2.9709,-0.5526,10.1989,-0.0215,-0.0093,9.8066,-0.0805,-0.0316,-0.1539,-21.94,-34,9.06,317.03,-86.64,-151.89
52.413055,-1.54626,151.86,10.07,2,89.88,21 / 21,2771528,2019-09-06 19:02:18:210,-0.0775,0.8012,9.8887,0.0608,-0.0457,9.8063,-0.2621,0.0627,-0.0219,-21.5,-33.75,8.88,321.4,-87.15,-149.12
52.413055,-1.54626,151.86,10.07,2,89.88,21 / 21,2771628,2019-09-06 19:02:18:310,-0.5738,0.665,10.1607,0.111,-0.0402,9.8059,-0.1307,-0.0266,0.0005,-22.31,-33.25,9.25,317.09,-86.41,-151.71
52.413055,-1.54626,151.86,10.07,2,89.88,21 / 21,2771729,2019-09-06 19:02:18:411,-1.6378,0.1478,10.0715,-0.0436,-0.0129,9.8065,0.1597,-0.0436,0.0927,-22.44,-33.12,10.13,324.46,-86.23,-146.94
52.413055,-1.54626,151.86,10.07,2,89.88,21 / 21,2771828,2019-09-06 19:02:18:510,0.2571,0.1049,9.6995,-0.0544,-0.008,9.8064,0.0281,0.0386,0.025,-23.19,-32.12,9.75,325.37,-85.89,-145.08
52.413055,-1.54626,151.86,10.07,2,89.88,21 / 21,2771929,2019-09-06 19:02:18:611,-0.6155,0.5417,9.9644,-0.0039,-0.0113,9.8066,-0.0189,-0.004,0.0431,-24.44,-32.44,9.38,324.38,-85.75,-143.01
52.413055,-1.54626,151.86,10.07,2,89.88,21 / 21,2772028,2019-09-06 19:02:18:710,-0.5288,-0.2119,9.6266,0.0044,-0.0094,9.8066,-0.0234,-0.0229,0.0653,-23.44,-32.94,9.5,329.44,-85.71,-141.12
52.413055,-1.54626,151.86,10.07,2,89.88,21 / 21,2772128,2019-09-06 19:02:18:810,0.6339,0.3044,9.9314,-0.0025,0.0002,9.8066,0.0184,-0.0187,0.0003,-23.44,-32.19,8.56,328.27,-85.62,-140.03
52.413055,-1.54626,151.86,10.07,2,89.88,21 / 21,2772228,2019-09-06 19:02:18:910,0.8083,0.2879,10.4107,0.0171,-0.0079,9.8066,0.0214,0.085,-0.0792,-23.25,-32,8.81,327.29,-85.49,-140.84
52.413055,-1.54626,151.86,10.07,2,89.88,21 / 21,2772329,2019-09-06 19:02:19:011,0.3323,1.0813,10.3859,0.011,0.0071,9.8066,0.1189,0.1376,-0.0152,-23.5,-32.06,8.94,322.58,-85.53,-145.19
52.413055,-1.54626,151.86,10.07,2,89.88,21 / 21,2772429,2019-09-06 19:02:19:111,1.1029,-0.4263,10.4705,0.0075,-0.0052,9.8066,0.257,0.0301,0.0407,-23.06,-32.37,9.56,322.7,-85.39,-147.15
52.413055,-1.54626,151.86,10.07,2,89.88,21 / 21,2772529,2019-09-06 19:02:19:211,-0.1919,0.6552,9.8257,0.0337,-0.0002,9.8065,-0.1253,-0.0452,-0.0423,-22.69,-32.44,9.75,321.07,-85.16,-148.45
52.413055,-1.54626,151.86,10.07,2,89.88,21 / 21,2772628,2019-09-06 19:02:19:310,-1.099,-0.2528,9.9577,0.0314,0.003,9.8066,-0.0495,-0.0198,-0.0491,-23.12,-33.19,10.13,317.17,-85.03,-151.77
52.413055,-1.54626,151.86,10.07,2,89.88,21 / 21,2772728,2019-09-06 19:02:19:410,-0.849,0.0001,10.338,-0.0058,0.0159,9.8066,0.0633,-0.0019,0.0193,-23.19,-32.69,10.31,313.94,-85.3,-155
52.413055,-1.54626,151.86,10.07,2,89.88,21 / 21,2772828,2019-09-06 19:02:19:510,-1.3188,0.2541,9.9588,-0.0197,0.0218,9.8065,-0.0287,-0.0051,-0.0311,-23.37,-33.19,9.25,309.95,-85.37,-156.57
52.413055,-1.54626,151.86,10.07,2,89.88,21 / 21,2772929,2019-09-06 19:02:19:611,1.4382,0.4217,9.5654,-0.0179,0.0267,9.8066,0.1311,0.0228,0.0417,-23,-33.12,10.38,310.21,-85.63,-158.81
52.413055,-1.54626,151.86,10.07,2,89.88,21 / 21,2773029,2019-09-06 19:02:19:711,0.0033,0.8714,9.6762,-0.0213,0.0019,9.8066,0.0799,0.073,-0.055,-22.81,-32.81,9.69,310.31,-85.65,-158.74
52.413055,-1.54626,151.86,10.07,2,89.88,21 / 21,2773129,2019-09-06 19:02:19:811,-0.583,1.1057,10.1773,0.0253,-0.0124,9.8066,-0.0616,0.0628,-0.0955,-22.81,-33.37,8.94,308.59,-85.72,-158.23
52.413055,-1.54626,151.86,10.07,2,89.88,21 / 21,2773229,2019-09-06 19:02:19:911,0.4538,-0.2581,10.3593,0.0399,-0.0026,9.8066,0.0232,0.0123,0.0503,-22.56,-33.25,9.31,306.66,-85.54,-159.83
52.413055,-1.54626,151.86,10.07,2,89.88,21 / 21,2773329,2019-09-06 19:02:20:011,0.9927,1.3937,9.5322,-0.0048,0.0074,9.8066,-0.0494,-0.1063,0.031,-22.75,-34.12,9.31,305.25,-85.46,-160.92
52.413055,-1.54626,151.86,10.07,2,89.88,21 / 21,2773430,2019-09-06 19:02:20:112,-0.547,0.7311,10.2559,0.0025,-0.0016,9.8066,-0.1335,0.0184,-0.0209,-23.31,-33.56,9.63,307.16,-85.25,-161.09
52.413055,-1.54626,151.86,10.07,2,89.88,21 / 21,2773529,2019-09-06 19:02:20:211,-1.1989,0.2641,9.9124,-0.03,0.0103,9.8065,0.2553,0.0484,0.0047,-23.37,-33.81,9.75,306.7,-85.28,-161.56
52.413055,-1.54626,151.86,10.07,2,89.88,21 / 21,2773629,2019-09-06 19:02:20:311,0.8117,0.4307,10.5286,-0.043,0.011,9.8065,0.1703,0.0476,-0.0592,-22.81,-33.81,10.06,306.17,-85.29,-162.07
52.413055,-1.54626,151.86,10.07,2,89.88,21 / 21,2773729,2019-09-06 19:02:20:411,0.333,0.5343,9.4055,0.0482,-0.0035,9.8065,-0.141,-0.0007,-0.0266,-22.94,-34.19,8.88,303.32,-85.32,-162.56
52.413055,-1.54626,151.86,10.07,2,89.88,21 / 21,2773829,2019-09-06 19:02:20:511,-1.0153,0.2378,9.4532,0.0393,-0.0129,9.8065,-0.1036,0.0127,-0.0156,-22.31,-33.69,9.19,302.48,-85.16,-163.82
52.413055,-1.54626,151.86,10.07,2,89.88,21 / 21,2773929,2019-09-06 19:02:20:611,-1.0012,0.9846,9.7151,-0.0294,0.0305,9.8065,-0.0136,0.0259,0.0014,-22.5,-33.94,8.69,301.39,-85.58,-165.38
52.413055,-1.54626,151.86,10.07,2,89.88,21 / 21,2774028,2019-09-06 19:02:20:710,-0.0888,0.2398,9.744,-0.0103,0.0119,9.8066,-0.0381,-0.0074,-0.0276,-22.06,-34.37,8.94,300,-85.62,-166.74
52.413055,-1.54626,151.86,10.07,2,89.88,21 / 21,2774129,2019-09-06 19:02:20:811,-0.3199,0.3739,10.21,0.0054,0.021,9.8066,0.0771,0.0309,-0.0397,-23.06,-33.94,7.94,293.2,-85.64,-170.3
52.413055,-1.54626,151.86,10.07,2,89.88,21 / 21,2774229,2019-09-06 19:02:20:911,-0.7828,0.6114,9.7633,-0.0134,0.0108,9.8066,0.12,0.0204,-0.0041,-23.25,-34,7.56,291.11,-85.64,-172.32
52.413055,-1.54626,151.86,10.07,2,89.88,21 / 21,2774329,2019-09-06 19:02:21:011,-0.9091,0.2674,9.5929,0.0204,0.0113,9.8066,-0.0358,0.0377,-0.0011,-24.31,-33.31,8.25,289.29,-85.53,-173.57
52.413055,-1.54626,151.86,10.07,2,89.88,21 / 21,2774429,2019-09-06 19:02:21:111,-0.6451,1.1013,9.8281,0.0255,-0.0001,9.8066,-0.0319,0.0779,-0.0295,-23.87,-34.31,8.25,286.46,-85.43,-176.01
52.413055,-1.54626,151.86,10.07,2,89.88,21 / 21,2774528,2019-09-06 19:02:21:210,-1.7874,1.3635,9.7216,-0.0096,0.0126,9.8066,-0.0054,0.0333,-0.0153,-23.19,-33.19,8.5,287.09,-85.44,-178.38
52.413055,-1.54626,151.86,10.07,2,89.88,21 / 21,2774629,2019-09-06 19:02:21:311,-1.3119,1.0095,10.5278,0.0098,0.0025,9.8066,0.1804,0.0343,-0.0271,-22.87,-34.62,8.56,285.44,-85.31,-179.44
52.413055,-1.54626,151.86,10.07,2,89.88,21 / 21,2774729,2019-09-06 19:02:21:411,-0.4122,0.2751,9.6865,-0.0092,0.0123,9.8066,0.1062,0.0725,-0.0317,-22.5,-34.37,8.94,283.39,-85.3,177.75
52.413055,-1.54626,151.86,10.07,2,89.88,21 / 21,2774829,2019-09-06 19:02:21:511,-1.013,0.3141,9.9558,-0.0092,-0.0048,9.8066,0.097,0.0653,0.0301,-22.06,-34.81,8.56,282.89,-85.21,177.59
52.413055,-1.54626,151.86,10.07,2,89.88,21 / 21,2774929,2019-09-06 19:02:21:611,-0.7507,0.4224,9.8198,0.0186,0.0057,9.8066,0.0182,0.0717,-0.0397,-22.31,-34.69,8.38,279.87,-85.1,177.18
52.413055,-1.54626,151.86,10.07,2,89.88,21 / 21,2775028,2019-09-06 19:02:21:710,-0.1815,1.2979,9.7122,-0.0163,0.007,9.8066,0.1233,0.0382,-0.0087,-21.69,-35.12,8.63,280.85,-85.03,175.86
52.413055,-1.54626,151.86,10.07,2,89.88,21 / 21,2775129,2019-09-06 19:02:21:811,-1.3055,-0.0197,9.8435,-0.0023,0.0082,9.8066,-0.0999,-0.0267,0.0549,-22.62,-34.62,6.94,275.14,-84.99,175.54
52.413055,-1.54626,151.86,10.07,2,89.88,21 / 21,2775228,2019-09-06 19:02:21:910,-1.791,0.7236,9.8153,0.0026,-0.0133,9.8066,-0.1377,0.0571,-0.0058,-23,-35.31,6.38,273.61,-85.04,176.34
52.413055,-1.54626,151.86,10.07,2,89.88,21 / 21,2775329,2019-09-06 19:02:22:011,-1.1407,1.091,9.6971,-0.0244,0.0086,9.8065,0.1501,0.0158,-0.0134,-23.94,-33.69,6.69,275.74,-85.08,176.2
52.413055,-1.54626,151.86,10.07,2,89.88,21 / 21,2775429,2019-09-06 19:02:22:111,-0.8334,-0.2993,9.1108,-0.0218,-0.003,9.8065,-0.0937,0.0697,0.0328,-24.37,-34,7.38,276.5,-85.18,176.81
52.413055,-1.54626,151.86,10.07,2,89.88,21 / 21,2775529,2019-09-06 19:02:22:211,-1.7433,0.0115,9.5678,0.0031,-0.0163,9.8066,-0.1169,0.1016,-0.0425,-25.62,-33.81,6.5,277.6,-85.07,178.75
52.413055,-1.54626,151.86,10.07,2,89.88,21 / 21,2775628,2019-09-06 19:02:22:310,-0.6649,0.3378,9.741,-0.0224,0.0128,9.8066,-0.0388,0.0064,0.0041,-25.75,-33.69,8.25,278.75,-85.24,177.59
52.413055,-1.54626,151.86,10.07,2,89.88,21 / 21,2775729,2019-09-06 19:02:22:411,-1.4475,-0.6106,10.3722,0.002,-0.0013,9.8066,0.017,-0.0179,0.0256,-25,-33.19,9.63,283.28,-85.27,177.19
52.413055,-1.54626,151.86,10.07,2,89.88,21 / 21,2775829,2019-09-06 19:02:22:511,-1.5953,1.6017,9.764,-0.0107,-0.0051,9.8066,-0.0083,0.0283,0.0736,-23.56,-33.19,10.56,286.29,-85.29,177.39
52.413055,-1.54626,151.86,10.07,2,89.88,21 / 21,2775929,2019-09-06 19:02:22:611,-0.5012,0.1519,10.2784,0.0152,-0.0166,9.8065,0.0851,0.0526,-0.0258,-22.06,-33.37,10.44,285.85,-85.16,177.85
52.413055,-1.54626,151.86,10.07,2,89.88,21 / 21,2776029,2019-09-06 19:02:22:711,-0.1578,0.0338,10.027,0.014,0.0001,9.8066,-0.0299,0.0748,-0.0253,-22.44,-32.69,9.38,284.15,-84.87,178.89
52.413055,-1.54626,151.86,10.07,2,89.88,21 / 21,2776129,2019-09-06 19:02:22:811,-0.9319,0.0187,9.3713,0.013,0.0042,9.8066,0.0292,0.0111,0.0534,-22.37,-32.75,9.44,282.94,-84.69,177.97
52.413055,-1.54626,151.86,10.07,2,89.88,21 / 21,2776229,2019-09-06 19:02:22:911,-0.9442,1.4627,9.8171,0.0182,-0.007,9.8065,-0.0216,0.0924,-0.0396,-22,-32.87,8.19,280.62,-84.61,178.19
52.413055,-1.54626,151.86,10.07,2,89.88,21 / 21,2776328,2019-09-06 19:02:23:010,-1.4163,0.4716,9.8963,0.0121,0.0007,9.8066,-0.0663,0.0158,0.0145,-22.12,-33.37,7.75,280.49,-84.63,178.05
52.413055,-1.54626,151.86,10.07,2,89.88,21 / 21,2776428,2019-09-06 19:02:23:110,-1.5117,0.1585,9.9267,0.0064,0.0018,9.8066,0.005,0.1055,-0.0241,-21.87,-33.44,7.31,277.06,-84.58,177.19
52.413055,-1.54626,151.86,10.07,2,89.88,21 / 21,2776529,2019-09-06 19:02:23:211,-1.4056,0.9346,9.7346,-0.0036,0.0034,9.8066,0.0469,0.1186,-0.0483,-22.31,-33.44,7.81,278.16,-84.5,175.93
52.413055,-1.54626,151.86,10.07,2,89.88,21 / 21,2776628,2019-09-06 19:02:23:310,-0.9261,1.2885,9.8266,-0.0172,0.0007,9.8066,0.0653,0.0739,-0.0202,-21.62,-33.37,7.19,275.25,-84.43,175.61
52.413055,-1.54626,151.86,10.07,2,89.88,21 / 21,2776728,2019-09-06 19:02:23:410,0.124,0.4518,10.1851,0.0028,-0.0047,9.8066,0.0758,0.107,0.0082,-21.62,-33.69,7.44,274.98,-84.31,175.76
52.413055,-1.54626,151.86,10.07,2,89.88,21 / 21,2776829,2019-09-06 19:02:23:511,-1.0652,1.2388,9.6616,-0.0035,0.0025,9.8066,0.0601,0.1089,-0.0132,-21.5,-34.31,6.69,275.53,-84.35,175.83
52.413055,-1.54626,151.86,10.07,2,89.88,21 / 21,2776929,2019-09-06 19:02:23:611,-1.4707,0.5867,10.4096,0.0075,-0.009,9.8066,-0.0247,0.1082,-0.0215,-20.75,-33.56,6.75,277.01,-84.38,177.24
52.413055,-1.54626,151.86,10.07,2,89.88,21 / 21,2777028,2019-09-06 19:02:23:710,-1.6952,0.1491,10.3862,0.0106,0.0068,9.8066,0.1491,0.0542,0.0281,-21.06,-33.81,6.06,273.75,-84.39,176.6
52.413055,-1.54626,151.86,10.07,2,89.88,21 / 21,2777129,2019-09-06 19:02:23:811,-1.1499,1.3498,10.3033,0.056,-0.0045,9.8065,-0.2139,0.1126,-0.0227,-20.62,-33.62,6.69,274.83,-84.13,175.46
52.413055,-1.54626,151.86,10.07,2,89.88,21 / 21,2777229,2019-09-06 19:02:23:911,-1.5925,1.3488,9.4142,0.0376,0.0054,9.8066,0.1327,0.1108,-0.0122,-20.56,-34,6.63,273.54,-84.07,174.28
52.413055,-1.54626,151.86,10.07,2,89.88,21 / 21,2777328,2019-09-06 19:02:24:010,-1.079,1.4552,9.6687,-0.013,0.0097,9.8066,-0.0031,0.1559,-0.0403,-21.5,-33.94,6.19,269.34,-83.94,172.91
52.413055,-1.54626,151.86,10.07,2,89.88,21 / 21,2777429,2019-09-06 19:02:24:111,0.2005,0.3651,10.7259,-0.0098,0.0048,9.8066,0.0157,0.1303,-0.0022,-22.75,-33.56,6.94,269.97,-83.96,171.65
52.413055,-1.54626,151.86,10.07,2,89.88,21 / 21,2777528,2019-09-06 19:02:24:210,-0.5996,1.3508,10.3916,0.0204,0.0061,9.8066,0.107,0.2272,-0.048,-24,-33.37,7.19,268.37,-83.86,170.26
52.413055,-1.54626,151.86,10.07,2,89.88,21 / 21,2777629,2019-09-06 19:02:24:311,0.2092,2.0206,9.8776,-0.0064,0.0115,9.8066,0.1212,0.2381,-0.0299,-23.81,-34.12,6.94,267,-83.89,169.09
52.413055,-1.54626,151.86,10.07,2,89.88,21 / 21,2777728,2019-09-06 19:02:24:410,0.497,2.5702,9.8807,0.0373,0.0084,9.8066,-0.1353,0.2902,-0.0185,-23.31,-33.37,6,264.12,-83.64,168.32
52.413055,-1.54626,151.86,10.07,2,89.88,21 / 21,2777828,2019-09-06 19:02:24:510,0.216,2.1304,9.2702,0.0238,-0.0036,9.8066,-0.0683,0.2605,-0.0444,-22.94,-32.81,5.31,262.07,-83.6,168.71
52.413055,-1.54626,151.86,10.07,2,89.88,21 / 21,2777928,2019-09-06 19:02:24:610,-0.5801,2.8683,9.3197,-0.0593,0.0204,9.8064,0.084,0.4142,-0.0953,-22.87,-33.62,5,260.35,-83.43,167.47
52.413055,-1.54626,151.86,10.07,2,89.88,21 / 21,2778029,2019-09-06 19:02:24:711,-0.117,2.0691,10.0515,-0.0571,0.0154,9.8064,0.0437,0.3378,0.0217,-22.06,-34.75,4.44,254.91,-83.75,164.05
52.413055,-1.54626,151.86,10.07,2,89.88,21 / 21,2778128,2019-09-06 19:02:24:810,-0.2092,1.9627,9.8903,0.0038,0.0062,9.8066,-0.0461,0.3718,-0.0775,-21.87,-34.31,3.56,254.76,-83.84,163.48
52.413055,-1.54626,151.86,10.07,2,89.88,21 / 21,2778229,2019-09-06 19:02:24:911,-0.45,1.4382,10.3685,-0.0237,-0.0124,9.8066,0.0264,0.3731,-0.0198,-21.12,-34.75,3.44,251.87,-84.08,162.99
52.413055,-1.54626,151.86,10.07,2,89.88,21 / 21,2778328,2019-09-06 19:02:25:010,-0.1435,1.4572,10.5581,0.0254,0.0191,9.8066,0.004,0.4142,-0.0829,-20.25,-35.19,2.38,248.57,-84.04,162.49
52.413055,-1.54626,151.86,10.07,2,89.88,21 / 21,2778429,2019-09-06 19:02:25:111,0.8279,2.4162,9.6676,0.0157,0.0261,9.8065,0.0928,0.4049,-0.0589,-19.06,-36,1.75,245.52,-83.86,160
52.413055,-1.54626,151.86,10.07,2,89.88,21 / 21,2778529,2019-09-06 19:02:25:211,-0.0898,2.8808,9.5427,0.0116,0.0098,9.8066,-0.0324,0.437,-0.0661,-18.12,-35.5,1.31,241.76,-83.55,159.56
52.413055,-1.54626,151.86,10.07,2,89.88,21 / 21,2778628,2019-09-06 19:02:25:310,-0.2183,1.7985,9.9212,0.004,0.0056,9.8065,-0.0441,0.4044,0.0012,-17.81,-35.44,0.38,238.33,-83.5,159
52.413055,-1.54626,151.86,10.07,2,89.88,21 / 21,2778728,2019-09-06 19:02:25:410,-0.4315,1.9983,9.949,0.0075,-0.0056,9.8066,-0.064,0.4307,-0.0367,-17.19,-35.75,-1.25,235.45,-83.59,159.91
52.413055,-1.54626,151.86,10.07,2,89.88,21 / 21,2778828,2019-09-06 19:02:25:510,-0.5517,1.9173,9.943,0.017,0.0029,9.8066,-0.0161,0.4713,-0.046,-15.87,-36.06,-2.37,231.9,-83.55,160.27
52.413055,-1.54626,151.86,10.07,2,89.88,21 / 21,2778929,2019-09-06 19:02:25:611,-0.3063,2.3471,9.5665,0,-0.0042,9.8066,0.037,0.4437,-0.0251,-15.81,-36.12,-2.87,228.66,-83.52,159.93
52.413055,-1.54626,151.86,10.07,2,89.88,21 / 21,2779029,2019-09-06 19:02:25:711,-0.3927,2.8924,9.6134,-0.0084,-0.0105,9.8066,0.0591,0.492,-0.0352,-15.87,-36.37,-3.81,226.54,-83.53,160.72
52.413055,-1.54626,151.86,10.07,2,89.88,21 / 21,2779128,2019-09-06 19:02:25:810,-0.0637,2.4788,10.0851,0.0213,0.0014,9.8065,-0.0303,0.4722,-0.0602,-15.37,-36.37,-3.37,229.4,-83.39,162.44
52.413055,-1.54626,151.86,10.07,2,89.88,21 / 21,2779229,2019-09-06 19:02:25:911,0.5004,2.1071,10.0555,0.0193,0.005,9.8066,0.0107,0.4155,-0.0367,-14.37,-36.19,-4.31,225.37,-83.31,162.98
52.413055,-1.54626,151.86,10.07,2,89.88,21 / 21,2779329,2019-09-06 19:02:26:011,-0.6435,1.9033,10.0193,0.0016,0.0005,9.8066,-0.0045,0.3588,-0.0236,-14.31,-36.56,-4.31,225.21,-83.25,163.24
52.413055,-1.54626,151.86,10.07,2,89.88,21 / 21,2779428,2019-09-06 19:02:26:110,-0.2702,1.947,10.1835,0.0195,0.0109,9.8066,-0.0539,0.395,-0.0889,-14.37,-36.5,-5.25,223,-83.06,163.98
52.413055,-1.54626,151.86,10.07,2,89.88,21 / 21,2779528,2019-09-06 19:02:26:210,0.4823,2.2893,9.6053,0.01,-0.0039,9.8066,-0.0106,0.3837,0.0353,-13.44,-35.75,-5,221.19,-82.97,164.07
52.413055,-1.54626,151.86,10.07,2,89.88,21 / 21,2779629,2019-09-06 19:02:26:311,0.9757,1.5596,10.0199,0.0176,-0.0032,9.8066,0.0259,0.3057,0.0089,-12.69,-36.81,-4.94,222,-82.93,165.5
52.413055,-1.54626,151.86,10.07,2,89.88,21 / 21,2779728,2019-09-06 19:02:26:410,0.9829,1.7028,9.892,0.0097,0.0119,9.8065,0.0184,0.2555,-0.0445,-12.12,-36.56,-5.69,217.94,-82.82,166.57
52.413055,-1.54626,151.86,10.07,2,89.88,21 / 21,2779829,2019-09-06 19:02:26:511,-0.0255,0.9304,10.0758,-0.0111,0.0019,9.8066,0.0029,0.2245,-0.0574,-11.5,-36.44,-5.81,215.41,-82.66,166.1
52.413055,-1.54626,151.86,10.07,2,89.88,21 / 21,2779930,2019-09-06 19:02:26:612,-0.2748,-0.2784,9.9607,0.0114,0.0171,9.8066,0.0467,0.2558,-0.0059,-11.06,-36.62,-5.06,216.9,-82.49,165.05
52.413055,-1.54626,151.86,10.07,2,89.88,21 / 21,2780028,2019-09-06 19:02:26:710,-0.8494,1.1348,9.7876,0.0177,0.007,9.8066,-0.0271,0.2156,-0.0223,-10.87,-36.75,-6.25,214.06,-82.44,165.05
52.413055,-1.54626,151.86,10.07,2,89.88,21 / 21,2780128,2019-09-06 19:02:26:810,1.165,0.6881,9.896,0.0103,-0.0149,9.8066,0.0564,0.1314,0.0215,-11.44,-36.37,-5.81,215.62,-82.49,166.67
52.413055,-1.54626,151.86,10.07,2,89.88,21 / 21,2780228,2019-09-06 19:02:26:910,1.3126,-0.1569,10.0859,0.0107,-0.0066,9.8066,0.0083,0.0882,0.0247,-11.31,-36.25,-5.56,216.74,-82.38,168.33
52.413055,-1.54626,151.86,10.07,2,89.88,21 / 21,2780328,2019-09-06 19:02:27:010,1.1889,0.9992,9.8592,-0.0102,-0.0007,9.8066,-0.0205,0.0763,0.0124,-10.94,-37,-6.06,216.53,-82.38,168.41
52.413204,-1.54529,151.03,6.34,2,18.23,21 / 21,2780428,2019-09-06 19:02:27:110,0.397,0.3285,9.4697,0.0002,0.0022,9.8066,-0.056,0.066,-0.0128,-10.87,-36.25,-6.06,216.41,-82.39,167.87
52.413204,-1.54529,151.03,6.34,2,18.23,21 / 21,2780528,2019-09-06 19:02:27:210,0.5828,-0.6257,9.9703,-0.0037,0.0005,9.8066,0.0086,0.0133,0.0035,-11.06,-36.44,-5.75,216.18,-82.44,167.48
52.413204,-1.54529,151.03,6.34,2,18.23,21 / 21,2780628,2019-09-06 19:02:27:310,1.486,0.5324,10.1725,0.0086,0.0166,9.8065,-0.0221,0.0129,0.0058,-11.37,-35.56,-6.12,216.01,-82.41,167.31
52.413204,-1.54529,151.03,6.34,2,18.23,21 / 21,2780728,2019-09-06 19:02:27:410,-0.4487,-0.5429,9.7329,-0.002,0.0062,9.8066,-0.0143,-0.0314,0.0653,-11.31,-35.37,-5.94,215.81,-82.54,166.48
52.413204,-1.54529,151.03,6.34,2,18.23,21 / 21,2780829,2019-09-06 19:02:27:511,1.2729,0.1796,9.7233,-0.0157,-0.0093,9.8066,-0.0178,0.022,-0.018,-11.62,-36.81,-6.25,218.03,-82.65,166.96
52.413204,-1.54529,151.03,6.34,2,18.23,21 / 21,2780929,2019-09-06 19:02:27:611,1.1705,0.3957,9.9575,0.0003,0.0034,9.8065,0.0693,-0.0017,-0.0298,-11.87,-35.5,-6.37,218.15,-82.71,166.32
52.413204,-1.54529,151.03,6.34,2,18.23,21 / 21,2781029,2019-09-06 19:02:27:711,0.6199,0.2464,9.7696,0.0049,0.0076,9.8066,0.0324,0.0282,0,-11.19,-35.87,-5.5,217.92,-82.62,165.79
52.413204,-1.54529,151.03,6.34,2,18.23,21 / 21,2781128,2019-09-06 19:02:27:810,1.5152,0.4947,9.9196,0.011,0.0009,9.8066,0.012,0.0042,0.0084,-11.31,-36.12,-5.56,215.25,-82.59,166.01
52.413204,-1.54529,151.03,6.34,2,18.23,21 / 21,2781229,2019-09-06 19:02:27:911,-0.0653,-0.5495,9.3292,-0.0183,-0.0129,9.8066,-0.0001,0.0038,0.0655,-11.37,-35.75,-5.81,215.02,-82.71,165.52
52.413204,-1.54529,151.03,6.34,2,18.23,21 / 21,2781328,2019-09-06 19:02:28:010,1.0061,0.6129,9.9922,-0.0215,-0.0185,9.8066,0.0238,0.0063,-0.0015,-11.37,-36.44,-6,214.98,-82.81,165.31
52.413204,-1.54529,151.03,6.34,2,18.23,21 / 21,2781429,2019-09-06 19:02:28:111,0.4649,0.5361,9.8557,0.0088,0.0111,9.8066,-0.0049,0.0446,-0.0259,-11.12,-36.19,-5.94,214.71,-82.71,165.12
52.413204,-1.54529,151.03,6.34,2,18.23,21 / 21,2781528,2019-09-06 19:02:28:210,0.8386,0.2495,9.8723,-0.0016,0.0047,9.8066,0.0549,0.0039,0.1122,-10.81,-35.87,-5.62,214.19,-82.73,164.4
52.413204,-1.54529,151.03,6.34,2,18.23,21 / 21,2781629,2019-09-06 19:02:28:311,1.7757,-0.1477,9.9809,0.0222,0.015,9.8066,-0.0436,0.039,-0.1019,-10.87,-36.81,-6,214.88,-82.56,165.93
52.413204,-1.54529,151.03,6.34,2,18.23,21 / 21,2781728,2019-09-06 19:02:28:410,1.6956,0.9768,9.981,0.0067,0.022,9.8065,0.0384,0.0047,0.0425,-10.56,-35.87,-6.06,214.16,-82.5,164.74
52.413204,-1.54529,151.03,6.34,2,18.23,21 / 21,2781828,2019-09-06 19:02:28:510,1.3076,0.8958,9.585,0.0107,0.0054,9.8066,-0.0649,-0.012,0.0026,-10.31,-36.19,-5.69,212.17,-82.44,165.43
52.413204,-1.54529,151.03,6.34,2,18.23,21 / 21,2781929,2019-09-06 19:02:28:611,0.0941,-0.0243,9.5545,0.014,0.0041,9.8065,0.1152,0.0309,-0.0276,-10.94,-35.81,-6.12,215.07,-82.36,166.15
52.413204,-1.54529,151.03,6.34,2,18.23,21 / 21,2782029,2019-09-06 19:02:28:711,1.2528,1.1554,10.4015,-0.022,-0.0281,9.8065,0.1056,0.0613,0.0026,-11,-35.69,-6.25,215.05,-82.49,165.92
52.413204,-1.54529,151.03,6.34,2,18.23,21 / 21,2782129,2019-09-06 19:02:28:811,1.5252,0.1785,9.9053,-0.0237,-0.0211,9.8066,0.0761,-0.0288,0.0268,-11.19,-35.5,-7,212.46,-82.46,165.64
52.413204,-1.54529,151.03,6.34,2,18.23,21 / 21,2782228,2019-09-06 19:02:28:910,1.2689,0.6779,10.1443,0.025,0.0118,9.8065,-0.0403,-0.0787,-0.0178,-11.94,-35.06,-6.56,215.22,-82.28,166.52
52.413204,-1.54529,151.03,6.34,2,18.23,21 / 21,2782329,2019-09-06 19:02:29:011,1.3813,-0.5339,10.0754,0.0124,0.0154,9.8065,-0.0419,-0.0022,-0.0275,-12.12,-35.06,-6.69,215.32,-82.25,166.68
52.413204,-1.54529,151.03,6.34,2,18.23,21 / 21,2782428,2019-09-06 19:02:29:110,1.1196,0.6113,10.0999,0.0048,-0.0008,9.8066,0.0277,0.0099,0.0228,-12.44,-34.25,-5.87,217.43,-82.27,165.73
52.413204,-1.54529,151.03,6.34,2,18.23,21 / 21,2782529,2019-09-06 19:02:29:211,0.4111,-0.8051,9.523,0.0137,0.0175,9.8066,-0.0343,-0.0434,-0.0185,-11.75,-34.94,-4.94,220.03,-82.13,166.16
52.413204,-1.54529,151.03,6.34,2,18.23,21 / 21,2782629,2019-09-06 19:02:29:311,0.8557,-0.8056,9.7001,-0.03,-0.0099,9.8065,0.0426,0.0064,-0.0327,-11.37,-34.69,-5.62,213.95,-82.24,164.51
52.413204,-1.54529,151.03,6.34,2,18.23,21 / 21,2782729,2019-09-06 19:02:29:411,0.6258,0.2752,9.8034,-0.0246,-0.0035,9.8066,-0.0284,0.0377,-0.0489,-11.12,-35.81,-5.37,215.57,-82.18,163.45
52.413204,-1.54529,151.03,6.34,2,18.23,21 / 21,2782828,2019-09-06 19:02:29:510,1.766,1.8778,9.6585,-0.0107,0.0034,9.8066,0.0224,0.0136,0.0125,-10.69,-35.87,-5.69,211.31,-82.23,161.37
52.413204,-1.54529,151.03,6.34,2,18.23,21 / 21,2782928,2019-09-06 19:02:29:610,0.617,-1.144,9.9141,0.0167,-0.0003,9.8066,-0.0075,-0.0597,0.0163,-10.62,-36.19,-5.81,211.84,-82.26,162.02
52.413204,-1.54529,151.03,6.34,2,18.23,21 / 21,2783029,2019-09-06 19:02:29:711,1.2422,0.969,10.238,0.006,0.0091,9.8066,-0.08,-0.0389,0.0477,-11.19,-35.87,-6.44,211.84,-82.42,161.78
52.413204,-1.54529,151.03,6.34,2,18.23,21 / 21,2783129,2019-09-06 19:02:29:811,0.3837,-0.7246,9.9872,0.0233,0.021,9.8065,-0.0906,-0.0203,0.0136,-10.87,-36.31,-5.87,212.03,-82.26,162.27
52.413204,-1.54529,151.03,6.34,2,18.23,21 / 21,2783228,2019-09-06 19:02:29:910,0.7448,2.0252,10.177,-0.002,-0.0096,9.8066,0.0507,-0.0488,-0.0161,-11.37,-36.5,-6.37,212.2,-82.23,162.55
52.413204,-1.54529,151.03,6.34,2,18.23,21 / 21,2783329,2019-09-06 19:02:30:011,1.3918,-1.4611,10.2959,0.0059,-0.0027,9.8066,0.013,-0.1214,0.0391,-11.56,-36.69,-6.19,214.88,-82.09,163.76
52.413204,-1.54529,151.03,6.34,2,18.23,21 / 21,2783429,2019-09-06 19:02:30:111,1.6562,0.2076,9.7233,-0.0051,0.0145,9.8066,-0.0506,0.0286,-0.0607,-11.25,-36.25,-5.87,212.44,-82.06,163.13
52.413204,-1.54529,151.03,6.34,2,18.23,21 / 21,2783529,2019-09-06 19:02:30:211,1.7369,0.5044,9.7751,-0.0084,0.0239,9.8066,-0.0652,-0.1025,0.0999,-10.62,-36.5,-6.19,211.29,-82,161.67
52.413204,-1.54529,151.03,6.34,2,18.23,21 / 21,2783629,2019-09-06 19:02:30:311,1.4584,0.6656,9.8884,-0.0155,-0.0086,9.8065,0.0479,-0.073,-0.0115,-11.12,-36.19,-6.31,211.22,-82.04,161.51
52.413204,-1.54529,151.03,6.34,2,18.23,21 / 21,2783729,2019-09-06 19:02:30:411,2.2834,0.8904,9.6639,0.0017,-0.0049,9.8066,0.0771,-0.0237,-0.0386,-11,-36.87,-5.94,211.02,-82.13,161.44
52.413204,-1.54529,151.03,6.34,2,18.23,21 / 21,2783829,2019-09-06 19:02:30:511,0.4624,-0.3268,10.2759,-0.0045,0.0036,9.8066,-0.0112,-0.0148,0.0786,-10.62,-36.56,-6.5,210.56,-82.16,160.78
52.413204,-1.54529,151.03,6.34,2,18.23,21 / 21,2783929,2019-09-06 19:02:30:611,2.2023,-0.2962,9.9009,0.0171,0.0012,9.8066,0.0224,-0.0729,0.0933,-11.12,-36.56,-6.12,211.27,-82.13,161.78
52.413204,-1.54529,151.03,6.34,2,18.23,21 / 21,2784029,2019-09-06 19:02:30:711,1.4668,0.6636,9.986,-0.0172,0.0013,9.8066,-0.0083,-0.0454,-0.0399,-11.19,-36.56,-5.44,214.3,-82.14,162.18
52.413204,-1.54529,151.03,6.34,2,18.23,21 / 21,2784128,2019-09-06 19:02:30:810,0.858,0.1131,10.1999,-0.0151,-0.0122,9.8066,0.0166,-0.0328,0.0306,-10.75,-36.94,-5.81,211.36,-82.1,161.96
52.413204,-1.54529,151.03,6.34,2,18.23,21 / 21,2784229,2019-09-06 19:02:30:911,1.4158,-0.1221,10.132,-0.0057,0.009,9.8066,0.0307,-0.0506,0.0379,-10.94,-36.25,-5.69,211.5,-82.07,161.85
52.413204,-1.54529,151.03,6.34,2,18.23,21 / 21,2784329,2019-09-06 19:02:31:011,0.6479,0.8754,10.1366,-0.0051,-0.0086,9.8066,0.0372,0.0476,-0.06,-10.87,-36.69,-5.87,211.04,-81.99,161.68
52.413204,-1.54529,151.03,6.34,2,18.23,21 / 21,2784429,2019-09-06 19:02:31:111,0.9186,1.1931,10.017,0.0169,0.017,9.8066,-0.0191,0.043,0.0518,-10.69,-36.19,-5.69,210.72,-81.8,161.2
52.413204,-1.54529,151.03,6.34,2,18.23,21 / 21,2784530,2019-09-06 19:02:31:212,1.5931,-0.1318,10.7196,0.0307,0.0131,9.8065,0.0079,-0.0064,0.0343,-11.25,-37.06,-6.12,211.14,-81.72,162.22
52.413204,-1.54529,151.03,6.34,2,18.23,21 / 21,2784629,2019-09-06 19:02:31:311,0.615,-0.3655,10.5074,0.0207,-0.0018,9.8066,0.0691,0.0188,0.0354,-10.87,-36.87,-5.25,214.25,-81.61,163.03
52.413204,-1.54529,151.03,6.34,2,18.23,21 / 21,2784728,2019-09-06 19:02:31:410,3.4348,-0.8212,8.5655,0.0127,-0.0124,9.8066,0.0932,-0.0031,-0.0296,-11.19,-36.81,-6.25,213.02,-81.43,165.25
52.413204,-1.54529,151.03,6.34,2,18.23,21 / 21,2784829,2019-09-06 19:02:31:511,-1.1077,0.3089,9.3621,-0.0398,-0.0138,9.8065,-0.1521,-0.0177,0.022,-11.44,-37.37,-6.25,212.37,-81.47,164.29
52.413204,-1.54529,151.03,6.34,2,18.23,21 / 21,2784929,2019-09-06 19:02:31:611,3.2686,-1.8181,9.1945,-0.0425,-0.0319,9.8065,-0.1401,-0.1559,0.0909,-11.44,-36.62,-6.37,212.08,-81.89,163.24
52.413204,-1.54529,151.03,6.34,2,18.23,21 / 21,2785032,2019-09-06 19:02:31:714,1.3795,-1.1511,9.7397,-0.0197,0.0058,9.8066,-0.0417,0.0705,-0.0066,-11.37,-36.94,-6.44,212.12,-82.48,162.39
52.413204,-1.54529,151.03,6.34,2,18.23,21 / 21,2785129,2019-09-06 19:02:31:811,1.4059,-0.1452,10.2927,0.0074,0.0073,9.8066,0.049,0.0471,-0.0309,-11.12,-36.19,-6.44,210.6,-82.66,159.8
52.413204,-1.54529,151.03,6.34,2,18.23,21 / 21,2785229,2019-09-06 19:02:31:911,-0.1505,1.0556,10.0083,0.0167,0.0205,9.8065,0.0117,-0.0813,0.0286,-11.37,-36.12,-6.56,207.84,-82.24,160.15
52.413204,-1.54529,151.03,6.34,2,18.23,21 / 21,2785329,2019-09-06 19:02:32:011,-0.7664,0.5629,10.3935,0.0311,0.0195,9.8065,-0.0214,-0.0584,0.0687,-11.31,-36.56,-6,210.95,-81.93,161.65
52.413204,-1.54529,151.03,6.34,2,18.23,21 / 21,2785429,2019-09-06 19:02:32:111,2.3091,-1.4071,9.9249,-0.0265,-0.0216,9.8065,0.0215,0.0908,-0.062,-11.37,-36.94,-5.87,212.1,-81.99,163.12
52.413204,-1.54529,151.03,6.34,2,18.23,21 / 21,2785529,2019-09-06 19:02:32:211,1.2128,0.063,9.8218,-0.0283,-0.022,9.8065,0.1247,-0.0254,0.087,-11.31,-37.25,-5.94,211.24,-82.07,161.84
52.413204,-1.54529,151.03,6.34,2,18.23,21 / 21,2785628,2019-09-06 19:02:32:310,0.8049,-0.1002,9.4681,0.0109,0.0088,9.8066,-0.0385,-0.0364,0.0128,-11.19,-36.19,-5.87,212.07,-82.09,162.58
52.413204,-1.54529,151.03,6.34,2,18.23,21 / 21,2785729,2019-09-06 19:02:32:411,1.5767,0.4097,9.6957,0.0057,0.0109,9.8066,0.0227,0.0227,-0.0118,-11.44,-36.62,-6,211.9,-82.05,162.76
52.413204,-1.54529,151.03,6.34,2,18.23,21 / 21,2785828,2019-09-06 19:02:32:510,0.0726,-0.0296,9.6959,-0.0009,-0.0017,9.8066,-0.052,-0.0158,0.0348,-11.31,-36.31,-6.12,211.47,-82.05,161.84
52.413204,-1.54529,151.03,6.34,2,18.23,21 / 21,2785929,2019-09-06 19:02:32:611,-0.3177,-0.9084,10.5427,0.0089,0.0007,9.8066,0.1507,-0.0254,-0.0238,-11.56,-36.06,-6.12,214.14,-82.05,162.51
52.413204,-1.54529,151.03,6.34,2,18.23,21 / 21,2786029,2019-09-06 19:02:32:711,0.4801,-0.943,10.2796,-0.011,-0.0039,9.8066,0.0504,-0.0341,0.0026,-11.62,-35.87,-6.62,211.55,-82.1,162.34
52.413204,-1.54529,151.03,6.34,2,18.23,21 / 21,2786128,2019-09-06 19:02:32:810,-0.0652,0.5041,9.9289,-0.0049,-0.0073,9.8066,0.0713,0.0321,-0.0788,-11.25,-35.62,-5.75,211.85,-82.08,162.3
52.413204,-1.54529,151.03,6.34,2,18.23,21 / 21,2786228,2019-09-06 19:02:32:910,0.0287,-0.5516,9.2363,-0.0086,-0.0086,9.8066,-0.1099,-0.0366,0.0084,-11.87,-36.37,-6.81,211.42,-82.02,162.27
52.413204,-1.54529,151.03,6.34,2,18.23,21 / 21,2786329,2019-09-06 19:02:33:011,0.4218,-1.0538,9.3626,-0.0047,-0.009,9.8065,0.018,-0.0308,0.0427,-11.12,-36.25,-6.62,209.37,-82.19,162.24
52.413204,-1.54529,151.03,6.34,2,18.23,21 / 21,2786429,2019-09-06 19:02:33:111,-0.8583,0.3461,9.8292,-0.0205,-0.0069,9.8066,0.075,0.1086,-0.056,-11.06,-36.12,-6,211.7,-82.22,161.9
52.413204,-1.54529,151.03,6.34,2,18.23,21 / 21,2786528,2019-09-06 19:02:33:210,0.681,-0.3576,9.7834,-0.0091,-0.0078,9.8066,0.0842,-0.077,0.0665,-11.25,-36.56,-5.94,211.03,-82.21,161.35
52.413204,-1.54529,151.03,6.34,2,18.23,21 / 21,2786629,2019-09-06 19:02:33:311,1.5097,-0.0515,9.4699,0.0078,0.0271,9.8065,-0.0865,-0.0339,0.0102,-10.37,-36.44,-6.19,208.93,-82.07,161.57
52.413204,-1.54529,151.03,6.34,2,18.23,21 / 21,2786728,2019-09-06 19:02:33:410,0.819,0.0415,9.6776,0.0192,0.0196,9.8066,-0.005,0.0731,-0.004,-11,-36.69,-6.87,208.23,-82.13,161.08
52.413204,-1.54529,151.03,6.34,2,18.23,21 / 21,2786828,2019-09-06 19:02:33:510,-0.2946,-0.0981,9.8575,-0.0025,-0.0153,9.8066,0.0454,0.0595,-0.0282,-11.31,-36.25,-6.44,210.52,-82.13,160.45
52.413204,-1.54529,151.03,6.34,2,18.23,21 / 21,2786929,2019-09-06 19:02:33:611,0.5459,-0.0616,9.654,-0.0043,-0.003,9.8066,0.0296,-0.0167,0.0348,-11.12,-36.37,-6.81,208.37,-82.17,160.94
52.413204,-1.54529,151.03,6.34,2,18.23,21 / 21,2787028,2019-09-06 19:02:33:710,1.2659,0.3198,10.4539,0.0222,0.0021,9.8066,-0.0073,0.002,0.0373,-10.94,-36.81,-6.81,209.54,-82.06,162.95
52.413204,-1.54529,151.03,6.34,2,18.23,21 / 21,2787128,2019-09-06 19:02:33:810,0.037,-0.5886,10.412,0.0202,0.0044,9.8065,-0.0031,0.0204,0.018,-11.75,-36.06,-7.12,212.59,-81.94,163.91
52.413204,-1.54529,151.03,6.34,2,18.23,21 / 21,2787229,2019-09-06 19:02:33:911,-0.12,-0.8352,10.4548,0.0178,0.0097,9.8066,0.0597,-0.0439,0.0298,-12.5,-36,-7,213.6,-81.66,165.62
52.413204,-1.54529,151.03,6.34,2,18.23,21 / 21,2787329,2019-09-06 19:02:34:011,1.7633,0.1058,10.0543,-0.0008,-0.0063,9.8066,-0.0768,-0.0085,0.0072,-12.87,-36.37,-6.44,218.4,-81.59,166.14
52.413204,-1.54529,151.03,6.34,2,18.23,21 / 21,2787428,2019-09-06 19:02:34:110,0.688,-0.8953,9.9463,0.0264,0.0166,9.8065,-0.0743,0.0932,-0.072,-13.25,-34.81,-4.94,221.11,-81.58,165.91
52.413204,-1.54529,151.03,6.34,2,18.23,21 / 21,2787528,2019-09-06 19:02:34:210,0.327,-0.4358,9.3456,0.0057,0.0168,9.8065,-0.055,-0.0585,0.0318,-11.69,-34.25,-4.81,218.94,-81.49,165.4
52.413204,-1.54529,151.03,6.34,2,18.23,21 / 21,2787629,2019-09-06 19:02:34:311,0.6195,-0.4977,9.3966,-0.0244,0.0031,9.8066,-0.0096,0.029,0.0112,-10.44,-33.56,-4.31,216.74,-81.66,164.2
52.413204,-1.54529,151.03,6.34,2,18.23,21 / 21,2787728,2019-09-06 19:02:34:410,-0.9547,-0.146,9.3592,-0.004,-0.0066,9.8066,-0.1098,0.0223,-0.0018,-9.44,-33.87,-5.44,210.9,-81.73,163.85
52.413204,-1.54529,151.03,6.34,2,18.23,21 / 21,2787829,2019-09-06 19:02:34:511,0.499,-0.6286,10.2777,-0.0102,-0.0256,9.8065,0.1211,-0.0096,0.0442,-10.12,-33.62,-6.37,211.34,-81.91,164.41
52.413204,-1.54529,151.03,6.34,2,18.23,21 / 21,2787929,2019-09-06 19:02:34:611,-0.2743,-0.1769,10.2309,-0.0166,-0.0287,9.8065,0.1022,0.0579,-0.0117,-11.31,-33.56,-6.44,214.49,-81.97,165.27
52.413204,-1.54529,151.03,6.34,2,18.23,21 / 21,2788028,2019-09-06 19:02:34:710,1.1524,0.1978,10.3012,0.0383,0.0172,9.8065,-0.0573,0.0297,0.0185,-12.37,-33.75,-6.25,217.02,-81.87,165.81
52.413204,-1.54529,151.03,6.34,2,18.23,21 / 21,2788128,2019-09-06 19:02:34:810,0.4158,0.1036,9.2153,0.036,0.016,9.8065,-0.102,-0.006,0.0237,-12.31,-34.37,-6.5,217.98,-81.67,167.35
52.413204,-1.54529,151.03,6.34,2,18.23,21 / 21,2788228,2019-09-06 19:02:34:910,0.0448,-1.3249,9.113,-0.0328,-0.0369,9.8065,-0.0848,0.0192,-0.0508,-11.94,-34.75,-6.75,216.01,-82.07,167.84
52.413204,-1.54529,151.03,6.34,2,18.23,21 / 21,2788328,2019-09-06 19:02:35:010,0.4703,-1.2992,10.0217,-0.0193,-0.0287,9.8065,0.0194,-0.0312,0.0616,-11.06,-35.19,-6.94,213.75,-82.19,167.7
52.413204,-1.54529,151.03,6.34,2,18.23,21 / 21,2788429,2019-09-06 19:02:35:111,0.6814,0.6168,10.28,0.0117,0.0245,9.8066,-0.0319,-0.0199,-0.0411,-11.25,-35.87,-6.87,213.65,-82.2,167.89
52.413204,-1.54529,151.03,6.34,2,18.23,21 / 21,2788528,2019-09-06 19:02:35:210,0.5765,0.0883,9.7228,0.0222,0.0314,9.8065,0.0051,-0.0191,-0.0086,-11,-35.94,-6.75,213.05,-82.01,167.38
52.413204,-1.54529,151.03,6.34,2,18.23,21 / 21,2788628,2019-09-06 19:02:35:310,0.5174,-0.2611,9.9154,-0.0118,-0.0191,9.8066,0.0821,-0.0047,0.01,-10.31,-36.19,-6.12,213.29,-82.1,167.51
52.413204,-1.54529,151.03,6.34,2,18.23,21 / 21,2788728,2019-09-06 19:02:35:410,0.4184,-1.8369,10.1227,0.0011,-0.0103,9.8066,0.0245,-0.0752,0.0514,-10.87,-35.87,-7.5,213.71,-82.03,168.22
52.413204,-1.54529,151.03,6.34,2,18.23,21 / 21,2788829,2019-09-06 19:02:35:511,-1.1937,-1.1246,10.6232,0.016,-0.0004,9.8065,0.1055,-0.0188,0.0345,-10.19,-35.75,-6.56,211.7,-82.08,168.8
52.413204,-1.54529,151.03,6.34,2,18.23,21 / 21,2788929,2019-09-06 19:02:35:611,1.2443,-0.643,9.6631,0.0033,-0.0119,9.8066,0.1766,-0.1114,0.0571,-10.31,-36.06,-6.19,215.49,-81.94,170.79
52.413204,-1.54529,151.03,6.34,2,18.23,21 / 21,2789028,2019-09-06 19:02:35:710,1.9073,-0.6737,10.1014,0.0329,0.0116,9.8065,0.0216,-0.0457,0.1357,-10.81,-37,-6.31,219.37,-81.52,173.77
52.413204,-1.54529,151.03,6.34,2,18.23,21 / 21,2789129,2019-09-06 19:02:35:811,-0.1043,-1.9136,8.6814,0.0552,0.0245,9.8064,-0.319,-0.0231,0.0744,-11.25,-36.37,-5.37,223.13,-81.35,175.18
52.413204,-1.54529,151.03,6.34,2,18.23,21 / 21,2789229,2019-09-06 19:02:35:911,-0.9737,-2.5705,8.8229,-0.0626,-0.0738,9.8061,0.1046,-0.0153,0.0201,-11.12,-36.62,-6.37,221.89,-82.24,175.74
52.413204,-1.54529,151.03,6.34,2,18.23,21 / 21,2789328,2019-09-06 19:02:36:010,0.1189,0.9494,9.3195,-0.084,-0.0634,9.806,-0.0441,0.1148,-0.0198,-11.37,-36.69,-5.94,221.82,-82.69,174.77
52.41394,-1.544928,150.39,10.29,2,16.71,21 / 21,2789428,2019-09-06 19:02:36:110,-1.1484,-0.4456,8.5129,-0.026,-0.0214,9.8065,-0.1588,-0.031,-0.1366,-11.87,-37.25,-6.44,224.09,-82.97,174.07
52.41394,-1.544928,150.39,10.29,2,16.71,21 / 21,2789529,2019-09-06 19:02:36:211,2.3857,0.1746,9.6871,0.0369,0.0198,9.8065,-0.1382,-0.0452,-0.131,-10.87,-35.75,-7.5,217.47,-83.01,171.56
52.41394,-1.544928,150.39,10.29,2,16.71,21 / 21,2789629,2019-09-06 19:02:36:311,-0.8734,-0.2902,9.8327,0.0156,0.0127,9.8066,0.0737,0.0357,-0.1446,-11.19,-35.81,-6.81,217.28,-83.01,171.31
52.41394,-1.544928,150.39,10.29,2,16.71,21 / 21,2789728,2019-09-06 19:02:36:410,0.0009,-1.319,9.8484,0.0188,0.0034,9.8066,-0.0995,-0.0242,0.0908,-11.56,-36.12,-6.87,219.2,-82.92,170.91
52.41394,-1.544928,150.39,10.29,2,16.71,21 / 21,2789828,2019-09-06 19:02:36:510,-0.1719,-1.9713,9.6253,0.0061,0,9.8066,-0.1277,-0.0782,0.0605,-11.56,-35.94,-7.75,217.78,-82.92,172.15
52.41394,-1.544928,150.39,10.29,2,16.71,21 / 21,2789928,2019-09-06 19:02:36:610,-0.5957,-1.7555,10.1098,-0.0115,-0.0198,9.8065,-0.0068,-0.0302,-0.0046,-11.81,-36.37,-8.06,219.38,-83.29,173.58
52.41394,-1.544928,150.39,10.29,2,16.71,21 / 21,2790028,2019-09-06 19:02:36:710,-0.8451,-1.1575,9.4141,-0.0114,-0.0052,9.8066,-0.0506,0.0197,0.0046,-12.06,-35.56,-6.87,221.68,-83.32,173.34
52.41394,-1.544928,150.39,10.29,2,16.71,21 / 21,2790129,2019-09-06 19:02:36:811,0.1904,-1.7088,9.8436,0.0029,-0.0004,9.8066,0.1011,-0.1269,0.0436,-11.81,-35.75,-7.31,221.88,-83.26,173.69
52.41394,-1.544928,150.39,10.29,2,16.71,21 / 21,2790228,2019-09-06 19:02:36:910,0.0995,-0.8243,10.3875,0.0013,-0.0121,9.8066,0.0697,-0.0195,-0.0465,-12.19,-35.69,-7.25,222.65,-83.2,174.74
52.41394,-1.544928,150.39,10.29,2,16.71,21 / 21,2790331,2019-09-06 19:02:37:013,0.0331,-1.5196,10.0301,0.0134,0.0154,9.8066,-0.0382,-0.0099,0.0351,-12,-36.19,-6.94,222.5,-83.19,174.58
52.41394,-1.544928,150.39,10.29,2,16.71,21 / 21,2790429,2019-09-06 19:02:37:111,-0.2415,-1.0993,10.1132,-0.0029,0.0024,9.8066,-0.0071,-0.043,0.0253,-12.31,-36.06,-7,222.51,-83.17,174.64
52.41394,-1.544928,150.39,10.29,2,16.71,21 / 21,2790529,2019-09-06 19:02:37:211,-0.011,-1.1059,9.3926,0.0075,0.0021,9.8066,-0.0041,-0.0256,0.0381,-11.75,-36.5,-6.56,222.67,-83.18,174.79
52.41394,-1.544928,150.39,10.29,2,16.71,21 / 21,2790628,2019-09-06 19:02:37:310,-0.6848,-1.2302,9.8683,-0.0076,-0.0186,9.8065,0.0015,0.0198,-0.0342,-11.69,-35.94,-6.75,223.92,-83.35,176.03
52.41394,-1.544928,150.39,10.29,2,16.71,21 / 21,2790729,2019-09-06 19:02:37:411,-0.1968,-1.7776,9.458,-0.0178,-0.012,9.8066,0.0172,-0.0464,0.037,-12.19,-36.25,-6.94,223.73,-83.39,175.74
52.41394,-1.544928,150.39,10.29,2,16.71,21 / 21,2790829,2019-09-06 19:02:37:511,0.2083,-0.8172,9.4982,0.0151,0.0109,9.8066,-0.0587,-0.0002,0.0048,-11.87,-36.56,-7.75,221.31,-83.35,176.15
52.41394,-1.544928,150.39,10.29,2,16.71,21 / 21,2790928,2019-09-06 19:02:37:610,-0.3694,-1.3711,10.048,0.004,0.009,9.8066,-0.0292,-0.046,0.0319,-11.94,-36.31,-7.62,221.59,-83.53,175.89
52.41394,-1.544928,150.39,10.29,2,16.71,21 / 21,2791028,2019-09-06 19:02:37:710,-0.7227,-1.2861,9.7821,-0.0143,-0.006,9.8065,-0.0564,-0.0232,-0.0121,-11.69,-35.94,-7.19,223.98,-83.73,175.43
52.41394,-1.544928,150.39,10.29,2,16.71,21 / 21,2791128,2019-09-06 19:02:37:810,-0.2922,-1.0288,9.2236,0.0053,0.0126,9.8066,-0.0156,-0.0077,0.0068,-12.06,-35.81,-7.62,221,-83.8,174.74
52.41394,-1.544928,150.39,10.29,2,16.71,21 / 21,2791229,2019-09-06 19:02:37:911,-0.3721,-1.7528,10.3286,-0.0175,-0.0051,9.8066,0.0506,-0.0636,-0.0171,-11.94,-36.56,-6.5,225.32,-83.78,174.01
52.41394,-1.544928,150.39,10.29,2,16.71,21 / 21,2791329,2019-09-06 19:02:38:011,0.1563,-1.2969,9.7873,-0.0201,-0.0194,9.8066,0.2174,-0.0363,-0.0048,-11.31,-36.69,-7.06,219.98,-83.85,173.59
52.41394,-1.544928,150.39,10.29,2,16.71,21 / 21,2791430,2019-09-06 19:02:38:112,-0.8711,0.8816,9.7532,-0.0061,0.0166,9.8066,-0.0743,-0.169,0.0564,-11.19,-36.19,-6.87,219.21,-83.74,172.51
52.41394,-1.544928,150.39,10.29,2,16.71,21 / 21,2791528,2019-09-06 19:02:38:210,-0.4431,-1.324,10.1784,0.0055,-0.0021,9.8066,-0.0296,-0.0018,-0.1274,-11.81,-36.81,-7.31,221.79,-83.79,172.97
52.41394,-1.544928,150.39,10.29,2,16.71,21 / 21,2791629,2019-09-06 19:02:38:311,-0.7457,-0.5261,10.0849,0.017,0.0123,9.8065,0.014,0.0185,-0.0338,-11.25,-36.12,-7.31,218.65,-83.78,171.74
52.41394,-1.544928,150.39,10.29,2,16.71,21 / 21,2791729,2019-09-06 19:02:38:411,-0.135,-1.7211,9.7351,0.0128,0.0078,9.8066,0.05,-0.0474,0.0287,-11.25,-36.81,-7.06,218.75,-83.59,172.51
52.41394,-1.544928,150.39,10.29,2,16.71,21 / 21,2791828,2019-09-06 19:02:38:510,-0.2348,-1.5755,9.7916,0.0043,0.0089,9.8066,-0.0012,-0.0687,0.0058,-11.5,-36.12,-6.87,219.06,-83.42,172.88
52.41394,-1.544928,150.39,10.29,2,16.71,21 / 21,2791929,2019-09-06 19:02:38:611,-0.8529,-1.1592,9.9608,0.0045,-0.0058,9.8066,-0.0017,0.0258,-0.0065,-11.31,-36.94,-6.62,219.2,-83.5,173.23
52.41394,-1.544928,150.39,10.29,2,16.71,21 / 21,2792028,2019-09-06 19:02:38:710,-1.2815,-1.1569,9.7314,-0.0138,-0.0078,9.8066,0.0695,0.0225,0.001,-11.5,-36.06,-6.87,218.94,-83.53,172.53
52.41394,-1.544928,150.39,10.29,2,16.71,21 / 21,2792128,2019-09-06 19:02:38:810,-0.9688,-1.1096,10.101,0.0024,-0.0062,9.8066,0.0422,0.0054,-0.0206,-11.37,-36.12,-6.5,222,-83.48,173.08
52.41394,-1.544928,150.39,10.29,2,16.71,21 / 21,2792228,2019-09-06 19:02:38:910,-1.1077,-1.0885,9.1588,-0.005,0.0181,9.8066,-0.1526,0.0044,-0.0029,-11.69,-36.75,-7.44,221.24,-83.53,172.76
52.41394,-1.544928,150.39,10.29,2,16.71,21 / 21,2792329,2019-09-06 19:02:39:011,-1.7124,-1.0404,9.2868,0.0008,0.003,9.8066,-0.1409,0.0626,0.0002,-11.44,-36.31,-7.37,217.9,-83.56,171.18
52.41394,-1.544928,150.39,10.29,2,16.71,21 / 21,2792428,2019-09-06 19:02:39:110,-1.5423,-1.1049,9.8916,-0.0057,-0.0124,9.8066,0.0144,0.0889,-0.034,-11.31,-36.87,-7.37,218.22,-83.76,171.55
52.41394,-1.544928,150.39,10.29,2,16.71,21 / 21,2792528,2019-09-06 19:02:39:210,-0.2205,-0.8787,10.7,-0.0029,-0.005,9.8066,0.0569,0.069,-0.0206,-11.44,-37.19,-7.62,215.52,-83.77,171.28
52.41394,-1.544928,150.39,10.29,2,16.71,21 / 21,2792630,2019-09-06 19:02:39:312,-2.2345,-0.2372,9.7654,0.0325,0.0246,9.8066,-0.1388,0.1076,-0.0365,-10.44,-36.12,-6.81,214.22,-83.93,169.19
52.41394,-1.544928,150.39,10.29,2,16.71,21 / 21,2792728,2019-09-06 19:02:39:410,-1.7624,-0.41,10.0669,0.0239,0.0113,9.8066,-0.1195,0.1264,-0.0331,-10.37,-37.12,-6.94,215.09,-83.79,170.81
52.41394,-1.544928,150.39,10.29,2,16.71,21 / 21,2792829,2019-09-06 19:02:39:511,-1.8575,-0.0425,9.2197,-0.0029,-0.0222,9.8066,0.0107,0.1382,0.0248,-10.56,-35.94,-6.94,218.55,-84.05,171.17
52.41394,-1.544928,150.39,10.29,2,16.71,21 / 21,2792929,2019-09-06 19:02:39:611,-1.5212,-0.7502,9.9536,0.0018,-0.0067,9.8066,-0.0365,0.2103,-0.029,-10.37,-36.12,-7.56,214.45,-84.05,172.48
52.41394,-1.544928,150.39,10.29,2,16.71,21 / 21,2793028,2019-09-06 19:02:39:710,-2.3867,-0.3389,9.4686,-0.001,-0.0094,9.8066,0.0007,0.1961,-0.0248,-9.87,-36.75,-7.75,214.11,-84.2,172.08
52.41394,-1.544928,150.39,10.29,2,16.71,21 / 21,2793128,2019-09-06 19:02:39:810,-1.5841,-0.3117,9.7928,-0.0038,-0.0002,9.8066,-0.0799,0.1632,0.0317,-9.87,-36.69,-7.75,214.13,-84.17,172.14
52.41394,-1.544928,150.39,10.29,2,16.71,21 / 21,2793228,2019-09-06 19:02:39:910,-1.1565,-0.0251,10.1351,0.0057,-0.0007,9.8066,0.079,0.2478,-0.057,-9.12,-36.62,-7.69,211.85,-84.18,172.82
52.41394,-1.544928,150.39,10.29,2,16.71,21 / 21,2793328,2019-09-06 19:02:40:010,-1.5309,0.3508,9.8267,0.0012,-0.0073,9.8066,0.1188,0.2606,-0.0056,-9.19,-37.06,-7.75,212.39,-84.18,173.51
52.41394,-1.544928,150.39,10.29,2,16.71,21 / 21,2793429,2019-09-06 19:02:40:111,-2.572,0.8383,9.8733,-0.0009,0.0085,9.8066,0.0225,0.3092,-0.0329,-8.69,-36.62,-7.06,214.53,-84.05,173.28
52.41394,-1.544928,150.39,10.29,2,16.71,21 / 21,2793528,2019-09-06 19:02:40:210,-2.5132,0.3697,10.146,0.0052,-0.0024,9.8066,-0.0105,0.3075,0.0089,-8.25,-36.87,-7.31,211.59,-83.99,173.66
52.41394,-1.544928,150.39,10.29,2,16.71,21 / 21,2793629,2019-09-06 19:02:40:311,-2.5271,0.392,10.3065,-0.0072,0.0057,9.8066,0.1215,0.3347,-0.0342,-7.69,-37.06,-8.06,209.86,-83.87,174.75
52.41394,-1.544928,150.39,10.29,2,16.71,21 / 21,2793728,2019-09-06 19:02:40:410,-1.3229,1.427,9.8698,0.0107,-0.0061,9.8066,0.1003,0.3724,-0.0144,-7.69,-36.44,-7.87,210.52,-83.75,175.51
52.41394,-1.544928,150.39,10.29,2,16.71,21 / 21,2793828,2019-09-06 19:02:40:510,-2.0418,1.0495,9.804,0.0174,0.0063,9.8066,-0.0058,0.4059,-0.0148,-6.62,-36.75,-7.81,207.84,-83.59,176.97
52.41394,-1.544928,150.39,10.29,2,16.71,21 / 21,2793928,2019-09-06 19:02:40:610,-2.4479,1.0853,10.4538,0.0227,0.0015,9.8065,-0.0086,0.4888,-0.0769,-6.19,-37.06,-8.56,204.02,-83.43,179.37
52.41394,-1.544928,150.39,10.29,2,16.71,21 / 21,2794028,2019-09-06 19:02:40:710,-2.8663,0.407,10.1146,0.0349,0.0512,9.8064,-0.1816,0.4584,-0.1509,-5.62,-37.25,-7.81,205.9,-83.21,179.9
52.41394,-1.544928,150.39,10.29,2,16.71,21 / 21,2794129,2019-09-06 19:02:40:811,-1.8213,-0.7639,10.5042,0.0131,0.0501,9.8065,-0.114,0.3513,0.075,-4.56,-36.94,-7.25,203.4,-83.2,179.4
52.41394,-1.544928,150.39,10.29,2,16.71,21 / 21,2794229,2019-09-06 19:02:40:911,-1.3875,0.3573,10.1494,-0.0001,0.0117,9.8066,-0.0041,0.3863,-0.0978,-4.37,-37.06,-7.5,199.04,-83.31,179.23
52.41394,-1.544928,150.39,10.29,2,16.71,21 / 21,2794329,2019-09-06 19:02:41:011,-2.6654,0.5764,9.9057,-0.0088,0.0084,9.8066,0.0357,0.4846,-0.1662,-3.31,-37.25,-7.37,193.68,-83.24,178.17
52.41394,-1.544928,150.39,10.29,2,16.71,20 / 20,2794429,2019-09-06 19:02:41:111,-1.2157,3.8155,9.1601,0.011,0.0078,9.8066,0.0387,0.3633,-0.0371,-2.37,-37.12,-7.44,187.42,-83.19,175.89
52.41394,-1.544928,150.39,10.29,2,16.71,20 / 20,2794528,2019-09-06 19:02:41:210,-2.7344,0.1793,9.8044,-0.0181,-0.0206,9.8066,-0.0041,0.3708,-0.1173,-1,-36.75,-7.75,182.18,-83.24,176.22
52.41394,-1.544928,150.39,10.29,2,16.71,20 / 20,2794628,2019-09-06 19:02:41:310,-1.7004,0.8489,10.3503,-0.019,0.0047,9.8066,-0.0443,0.365,-0.0578,-1.31,-37.56,-7.62,180.14,-83.27,173.09
52.41394,-1.544928,150.39,10.29,2,16.71,20 / 20,2794729,2019-09-06 19:02:41:411,-1.7407,0.6233,9.9527,-0.01,-0.0005,9.8066,-0.0988,0.3783,-0.0294,0.06,-37.12,-7.69,174.9,-83.27,172.17
52.41394,-1.544928,150.39,10.29,2,16.71,20 / 20,2794829,2019-09-06 19:02:41:511,-1.1043,0.9543,10.3088,-0.0129,0.0037,9.8066,0.1124,0.2925,-0.0343,0.63,-36.62,-7,169.6,-83.17,171.35
52.41394,-1.544928,150.39,10.29,2,16.71,20 / 20,2794929,2019-09-06 19:02:41:611,-2.9969,1.3399,10.1431,0.0001,0.019,9.8066,0.0401,0.1308,0.0614,0.75,-36.5,-6.37,169.58,-82.89,171.51
52.41394,-1.544928,150.39,10.29,2,16.71,20 / 20,2795029,2019-09-06 19:02:41:711,0.4844,2.063,9.7652,0.0085,0.0764,9.8063,-0.0385,0.366,-0.1229,1.5,-37.62,-5.31,163.76,-82.64,171.02
52.41394,-1.544928,150.39,10.29,2,16.71,20 / 20,2795128,2019-09-06 19:02:41:810,-0.5762,2.1137,9.8621,-0.0168,0.0495,9.8065,-0.0413,0.2501,0.0227,2.25,-37.37,-5.75,165.38,-82.03,172.12
52.41394,-1.544928,150.39,10.29,2,16.71,20 / 20,2795229,2019-09-06 19:02:41:911,-1.7539,0.1045,9.9754,0.0043,-0.0457,9.8065,-0.0725,0.2922,-0.1189,2.5,-37.56,-6,159.83,-82.36,171.48
52.41394,-1.544928,150.39,10.29,2,16.71,20 / 20,2795328,2019-09-06 19:02:42:010,-0.8868,0.9926,9.7581,-0.0012,-0.0343,9.8066,-0.0014,0.2059,-0.0313,2.69,-37.12,-5.56,158.62,-82.58,170.29
52.41394,-1.544928,150.39,10.29,2,16.71,21 / 21,2795429,2019-09-06 19:02:42:111,-1.2731,1.6916,9.6617,-0.0106,0.0145,9.8066,-0.0512,0.1612,-0.034,3.19,-37.62,-4.81,157.34,-82.51,169.36
52.41394,-1.544928,150.39,10.29,2,16.71,21 / 21,2795528,2019-09-06 19:02:42:210,-0.9167,0.9235,9.3412,-0.0064,0.0184,9.8065,-0.0718,0.1965,-0.0273,3.44,-37.5,-5.19,156.94,-82.47,169.06
52.41394,-1.544928,150.39,10.29,2,16.71,21 / 21,2795628,2019-09-06 19:02:42:310,-0.2109,-0.3047,9.8294,0.0092,-0.0283,9.8065,-0.0675,0.1149,-0.042,3.5,-37.12,-5.37,151.4,-82.5,169.07
52.41394,-1.544928,150.39,10.29,2,16.71,21 / 21,2795729,2019-09-06 19:02:42:411,-0.1087,1.1687,9.6641,-0.0054,-0.0254,9.8065,-0.0653,0.0674,0.0022,3.94,-37.56,-4.87,150.46,-82.8,167.74
52.41394,-1.544928,150.39,10.29,2,16.71,21 / 21,2795829,2019-09-06 19:02:42:511,-0.549,0.3991,9.6009,0.0023,-0.0284,9.8066,0.0584,0.0594,-0.0366,4.56,-37.12,-4.81,143.73,-82.98,166.65
52.41394,-1.544928,150.39,10.29,2,16.71,21 / 21,2795928,2019-09-06 19:02:42:610,0.4778,0.6281,9.9125,-0.0013,-0.0279,9.8065,0.0173,0.0581,-0.0004,4.5,-36.75,-4.12,140.57,-83.07,165.75
52.41394,-1.544928,150.39,10.29,2,16.71,21 / 21,2796030,2019-09-06 19:02:42:712,-0.421,1.0771,10.0092,-0.0103,0.0039,9.8066,0.001,0.0841,-0.0135,4.63,-36.94,-4.25,139.91,-83.04,164.58
52.41394,-1.544928,150.39,10.29,2,16.71,21 / 21,2796129,2019-09-06 19:02:42:811,0.0245,0.2584,9.7641,-0.0107,0.01,9.8065,-0.0062,0.0697,-0.0079,4.75,-36.12,-4.56,141.6,-83.01,164.1
52.41394,-1.544928,150.39,10.29,2,16.71,21 / 21,2796229,2019-09-06 19:02:42:911,-0.6838,0.5408,9.9025,-0.0153,0.0121,9.8065,-0.021,0.0728,-0.0121,4.75,-36.06,-4.12,139.18,-82.98,163.93
52.41394,-1.544928,150.39,10.29,2,16.71,21 / 21,2796328,2019-09-06 19:02:43:010,0.0726,0.5652,9.5408,-0.0057,0.0112,9.8066,-0.0302,0.0414,-0.0182,4.5,-36.56,-4.87,142,-82.82,163.39
52.41394,-1.544928,150.39,10.29,2,16.71,21 / 21,2796429,2019-09-06 19:02:43:111,0.181,0.3606,9.8883,0.0044,-0.0058,9.8066,-0.0591,0.0417,0.0327,5,-35.94,-4.31,139.11,-82.9,163.51
52.41394,-1.544928,150.39,10.29,2,16.71,21 / 21,2796528,2019-09-06 19:02:43:210,-0.0234,0.8086,9.7858,0.0059,-0.0105,9.8066,0.0782,0.0162,-0.0118,4.94,-36.69,-4.19,139.61,-82.89,163.47
52.41394,-1.544928,150.39,10.29,2,16.71,21 / 21,2796629,2019-09-06 19:02:43:311,-0.0509,0.839,10.0545,-0.0051,0.0151,9.8066,0.0789,0.0135,-0.0002,4.5,-36,-5.06,141.21,-82.89,163.08
52.41394,-1.544928,150.39,10.29,2,16.71,21 / 21,2796728,2019-09-06 19:02:43:410,0.1673,0.7245,10.1959,-0.0089,-0.004,9.8066,0.0038,0.0368,-0.0184,3.56,-36.19,-4.56,146.44,-82.83,162.4
52.41394,-1.544928,150.39,10.29,2,16.71,21 / 21,2796829,2019-09-06 19:02:43:511,0.3043,1.0685,9.4324,-0.0024,0.0049,9.8066,-0.0515,-0.0032,-0.0534,3.56,-35.06,-4.87,145.63,-82.81,161.73
52.41394,-1.544928,150.39,10.29,2,16.71,21 / 21,2796929,2019-09-06 19:02:43:611,0.1299,0.8502,9.4723,-0.0162,0.0162,9.8065,0.0129,0.0291,-0.0238,3.31,-34.69,-3.94,150.11,-82.73,160.92
52.41394,-1.544928,150.39,10.29,2,16.71,21 / 21,2797029,2019-09-06 19:02:43:711,0.3758,1.3233,10.0692,0,-0.0123,9.8065,0.0082,0.0135,0.0194,4.75,-34.44,-2.81,133.12,-82.77,159.83
52.41394,-1.544928,150.39,10.29,2,16.71,21 / 21,2797128,2019-09-06 19:02:43:810,-0.6387,1.2879,9.9319,0,-0.0099,9.8066,-0.0098,-0.0064,-0.0146,5.56,-34.5,-3,126.5,-82.75,159.04
52.41394,-1.544928,150.39,10.29,2,16.71,21 / 21,2797229,2019-09-06 19:02:43:911,-0.3392,1.9344,9.6778,0.0003,-0.0127,9.8066,-0.0689,0.0102,-0.023,5.63,-35.37,-3.94,130.07,-82.75,158.5
52.41394,-1.544928,150.39,10.29,2,16.71,21 / 21,2797329,2019-09-06 19:02:44:011,0.3094,0.7766,9.9541,0.0016,-0.0023,9.8066,0.0048,0.0239,0.0333,5.44,-35.31,-4.5,135.23,-82.83,157.95
52.41394,-1.544928,150.39,10.29,2,16.71,21 / 21,2797429,2019-09-06 19:02:44:111,0.2506,0.034,9.9863,0.0022,-0.0044,9.8066,0.0598,0.0363,0.0333,5.56,-35.81,-3.81,129.72,-82.85,157.55
52.41394,-1.544928,150.39,10.29,2,16.71,21 / 21,2797528,2019-09-06 19:02:44:210,1.0843,1.7975,9.8718,0.0041,-0.004,9.8066,0.1,-0.0549,0.0799,5.25,-36.62,-3.94,136.44,-82.82,158.04
52.41394,-1.544928,150.39,10.29,2,16.71,21 / 21,2797628,2019-09-06 19:02:44:310,0.1657,1.4091,10.2672,-0.0127,0.0135,9.8065,0.0035,0.0092,-0.0649,5.06,-37,-3.94,137.27,-82.73,158.96
52.41394,-1.544928,150.39,10.29,2,16.71,21 / 21,2797729,2019-09-06 19:02:44:411,0.4634,1.6006,9.6821,-0.0104,0.0145,9.8066,0.0283,-0.0303,0.0409,4.94,-36.19,-2.94,134.36,-82.56,158.63
52.41394,-1.544928,150.39,10.29,2,16.71,21 / 21,2797828,2019-09-06 19:02:44:510,0.2282,0.4979,9.6909,0.0119,-0.0106,9.8066,0.0182,0.0282,-0.0034,4.81,-37.06,-3.62,137.56,-82.63,159.01
52.41394,-1.544928,150.39,10.29,2,16.71,21 / 21,2797930,2019-09-06 19:02:44:612,0.1582,0.5076,9.7781,0.0112,-0.037,9.8065,0.0942,-0.0073,0.0468,5.56,-35.81,-3.75,130.64,-82.76,158.5
52.41394,-1.544928,150.39,10.29,2,16.71,21 / 21,2798028,2019-09-06 19:02:44:710,0.1131,2.0576,9.7564,-0.0147,0.0309,9.8066,-0.0948,0.0296,-0.0095,4.88,-36.81,-3.94,137.1,-82.73,158.67
52.41394,-1.544928,150.39,10.29,2,16.71,21 / 21,2798129,2019-09-06 19:02:44:811,0.4163,1.2799,9.5946,-0.0049,0.009,9.8066,-0.0067,-0.0132,-0.0045,4.88,-36.5,-4.06,136.81,-82.64,158.72
52.41394,-1.544928,150.39,10.29,2,16.71,21 / 21,2798229,2019-09-06 19:02:44:911,0.7048,0.8477,10.0897,0.0092,-0.0119,9.8066,0.0344,0.0296,0.0134,5.06,-37.31,-4.06,136.92,-82.7,158.27
52.41394,-1.544928,150.39,10.29,2,16.71,21 / 21,2798328,2019-09-06 19:02:45:010,0.0559,2.4192,10.0137,0.0014,-0.0117,9.8066,-0.0392,-0.0341,-0.0042,5.13,-36.44,-4.25,136.15,-82.72,158.02
52.41451,-1.545036,150.32,9.56,2,320.03,21 / 21,2798429,2019-09-06 19:02:45:111,-0.5266,1.8578,9.7117,-0.0067,0.0004,9.8066,-0.0052,0.0265,-0.0179,5.63,-36.19,-4.31,130.83,-82.62,158.19
52.41451,-1.545036,150.32,9.56,2,320.03,21 / 21,2798529,2019-09-06 19:02:45:211,-0.4379,1.5853,9.6943,-0.0064,0.0128,9.8066,0.0101,-0.0502,0.0345,6.13,-36.31,-4.25,130.85,-82.61,158.2
52.41451,-1.545036,150.32,9.56,2,320.03,21 / 21,2798629,2019-09-06 19:02:45:311,-1.0233,1.9202,9.5704,0.0048,-0.0043,9.8066,-0.0437,0.0078,-0.0297,6,-37.19,-4.87,133.63,-82.63,157.83
52.41451,-1.545036,150.32,9.56,2,320.03,21 / 21,2798729,2019-09-06 19:02:45:411,-0.1736,0.9853,9.8689,0.0118,-0.0098,9.8066,0.0445,-0.014,-0.0129,6.13,-36.19,-4,130.48,-82.77,158.34
52.41451,-1.545036,150.32,9.56,2,320.03,21 / 21,2798829,2019-09-06 19:02:45:511,0.4433,1.6557,9.8459,-0.0008,0.0102,9.8066,-0.0809,-0.0082,0.0083,5.19,-36.06,-4.31,136.17,-82.77,158.27
52.41451,-1.545036,150.32,9.56,2,320.03,21 / 21,2798928,2019-09-06 19:02:45:610,0.5645,0.927,9.9185,-0.0117,0.0023,9.8066,-0.0391,0.0075,-0.0586,3.81,-36.62,-3.44,140.35,-82.82,157.4
52.41451,-1.545036,150.32,9.56,2,320.03,21 / 21,2799028,2019-09-06 19:02:45:710,0.695,1.0763,9.8424,0.0092,0.0014,9.8066,0.0204,0,0.0469,4.56,-35.44,-2.94,131.83,-82.83,157
52.41451,-1.545036,150.32,9.56,2,320.03,21 / 21,2799128,2019-09-06 19:02:45:810,0.5648,-0.0215,10.3493,-0.0049,-0.0026,9.8066,0.0614,-0.0257,0.0025,5.63,-35.5,-2,121.65,-82.83,157.17
52.41451,-1.545036,150.32,9.56,2,320.03,21 / 21,2799229,2019-09-06 19:02:45:911,0.9532,0.2396,10.3965,-0.01,0.0096,9.8065,0.0733,-0.0339,-0.0595,6.5,-35.06,-3.62,123.81,-82.7,156.84
52.41451,-1.545036,150.32,9.56,2,320.03,21 / 21,2799329,2019-09-06 19:02:46:011,0.0192,1.4901,10.1016,0.0042,-0.0135,9.8066,-0.0217,0.001,-0.0084,6.63,-36.19,-4.56,127,-82.69,156.37
52.41451,-1.545036,150.32,9.56,2,320.03,21 / 21,2799428,2019-09-06 19:02:46:110,1.0048,-0.1385,9.7373,0.0015,0.0026,9.8066,-0.0305,0.0298,0.039,6.06,-36.12,-4.87,132.05,-82.72,156.63
52.41451,-1.545036,150.32,9.56,2,320.03,21 / 21,2799529,2019-09-06 19:02:46:211,1.1094,0.8019,10.3278,-0.0064,0.0027,9.8066,-0.0152,0.0122,-0.0475,5.69,-36.25,-5.06,131.71,-82.76,156.3
52.41451,-1.545036,150.32,9.56,2,320.03,21 / 21,2799628,2019-09-06 19:02:46:310,1.388,-1.238,10.3918,-0.0105,-0.0026,9.8066,-0.1002,0.0339,-0.1135,5.25,-35.81,-4.12,133.53,-82.9,154.69
52.41451,-1.545036,150.32,9.56,2,320.03,21 / 21,2799729,2019-09-06 19:02:46:411,0.5033,-0.0966,10.413,0.0213,0.0037,9.8066,0.0471,-0.0337,0.0946,5.44,-35.87,-4.69,136.79,-82.87,156.27
52.41451,-1.545036,150.32,9.56,2,320.03,21 / 21,2799829,2019-09-06 19:02:46:511,1.4838,1.0194,9.7034,0.0018,0.027,9.8066,0.0587,-0.064,0.0739,4.81,-36.37,-4.81,138.06,-82.69,157.52
52.41451,-1.545036,150.32,9.56,2,320.03,21 / 21,2799928,2019-09-06 19:02:46:610,0.7027,0.6762,9.7574,0.0104,-0.0093,9.8066,0.0517,-0.0272,-0.0189,5.31,-36.69,-3.81,136.44,-82.72,157.55
52.41451,-1.545036,150.32,9.56,2,320.03,21 / 21,2800029,2019-09-06 19:02:46:711,-0.1237,0.4663,9.776,0.0015,-0.0172,9.8066,-0.123,-0.0319,0.0635,5.56,-36.44,-4.5,129.75,-82.84,157.56
52.41451,-1.545036,150.32,9.56,2,320.03,21 / 21,2800129,2019-09-06 19:02:46:811,0.7857,1.4116,9.5846,-0.0066,0.0061,9.8066,-0.1735,0.0134,-0.0448,5,-36.37,-5.19,137.44,-82.88,157.29
52.41451,-1.545036,150.32,9.56,2,320.03,21 / 21,2800229,2019-09-06 19:02:46:911,0.9076,-0.8396,9.6792,0.0064,-0.0129,9.8066,-0.1085,-0.0418,-0.004,5.88,-35.81,-5.31,131.55,-82.91,156.65
52.41451,-1.545036,150.32,9.56,2,320.03,21 / 21,2800329,2019-09-06 19:02:47:011,0.8967,0.3015,9.9345,0.0003,0.0039,9.8066,0.0377,-0.0386,0.0342,5.63,-35.44,-5.37,130.91,-82.91,156.49
52.41451,-1.545036,150.32,9.56,2,320.03,21 / 21,2800428,2019-09-06 19:02:47:110,0.1185,-0.0855,9.7991,0.0024,-0.0157,9.8066,-0.0179,0.0537,-0.0123,4.25,-35.5,-4.94,142.59,-82.87,157.03
52.41451,-1.545036,150.32,9.56,2,320.03,21 / 21,2800528,2019-09-06 19:02:47:210,0.5193,-1.2152,10.5274,0.0039,-0.0175,9.8065,0.0573,-0.0506,0.0329,3.06,-35.44,-4.19,148.29,-82.76,157.69
52.41451,-1.545036,150.32,9.56,2,320.03,21 / 21,2800629,2019-09-06 19:02:47:311,1.1764,0.1878,9.0748,0.0063,0.0147,9.8066,0.0892,0.0402,-0.0525,2.94,-34.87,-2.62,148.21,-82.72,159.9
52.41451,-1.545036,150.32,9.56,2,320.03,21 / 21,2800730,2019-09-06 19:02:47:412,0.22,-0.1465,8.4662,-0.0043,-0.0179,9.8065,-0.0341,0.0082,-0.008,4.94,-34.75,-3.19,133.58,-82.73,159.32
52.41451,-1.545036,150.32,9.56,2,320.03,21 / 21,2800829,2019-09-06 19:02:47:511,0.6205,0.0169,9.3172,0.0095,-0.0252,9.8066,-0.146,0.0034,-0.0291,5.13,-34.44,-4.12,133.38,-83.13,157.32
52.41451,-1.545036,150.32,9.56,2,320.03,21 / 21,2800928,2019-09-06 19:02:47:610,1.2394,-0.4326,9.9344,-0.0089,-0.0071,9.8066,-0.2058,0.0082,-0.0249,4.94,-35.06,-4.81,134.4,-83.36,155.37
52.41451,-1.545036,150.32,9.56,2,320.03,21 / 21,2801029,2019-09-06 19:02:47:711,1.129,-1.7489,9.6455,-0.0212,0.0138,9.8066,0.1098,-0.0326,-0.028,4.19,-35.62,-4.5,137.7,-83.38,153.22
52.41451,-1.545036,150.32,9.56,2,320.03,21 / 21,2801129,2019-09-06 19:02:47:811,0.9322,0.0097,9.6133,-0.0222,0.0294,9.8066,0.0853,-0.0038,-0.0356,5.19,-35.56,-6.06,134.91,-83.28,152.38
52.41451,-1.545036,150.32,9.56,2,320.03,21 / 21,2801229,2019-09-06 19:02:47:911,-0.3134,0.3597,10.0827,0.0068,-0.0166,9.8066,0.002,-0.0382,0.0305,5.31,-36.06,-5.69,136.02,-83.07,153.23
52.41451,-1.545036,150.32,9.56,2,320.03,21 / 21,2801328,2019-09-06 19:02:48:010,0.2852,0.2317,10.4276,0.0264,-0.012,9.8066,0.0293,-0.0209,-0.0085,5.81,-35.56,-4.62,128.74,-83.23,153.95
52.41451,-1.545036,150.32,9.56,2,320.03,21 / 21,2801429,2019-09-06 19:02:48:111,1.2234,0.1093,10.3527,-0.0071,0.0336,9.8066,0.0973,0.0063,0.024,5.31,-35.81,-4.69,135.5,-83.04,154.98
52.41451,-1.545036,150.32,9.56,2,320.03,21 / 21,2801528,2019-09-06 19:02:48:210,1.6668,-0.8365,9.8478,-0.0067,0.0164,9.8066,-0.0657,-0.0179,0.0048,4.94,-35.5,-4,132.54,-83.09,154.98
52.41451,-1.545036,150.32,9.56,2,320.03,21 / 21,2801629,2019-09-06 19:02:48:311,0.8262,-0.7185,9.4941,-0.0038,0.0143,9.8066,-0.0357,0.0102,0.0014,4.63,-36,-4.62,136.12,-83.01,155.81
52.41451,-1.545036,150.32,9.56,2,320.03,21 / 21,2801729,2019-09-06 19:02:48:411,1.4085,-0.8491,9.1284,-0.0008,0.0039,9.8066,-0.055,0.018,-0.0482,4.13,-35.44,-5,141.41,-83.08,155.94
52.41451,-1.545036,150.32,9.56,2,320.03,21 / 21,2801829,2019-09-06 19:02:48:511,0.7625,-1.2805,9.8231,0.0122,-0.0311,9.8065,-0.0605,0.0142,0.0107,4.5,-35.69,-5.12,135.74,-83.12,155.65
52.41451,-1.545036,150.32,9.56,2,320.03,21 / 21,2801930,2019-09-06 19:02:48:612,0.9613,-0.7417,10.2166,0.0049,-0.0224,9.8065,-0.0184,-0.0133,-0.0335,4.69,-35.75,-5.81,136.32,-83.34,154.56
52.41451,-1.545036,150.32,9.56,2,320.03,21 / 21,2802028,2019-09-06 19:02:48:710,0.6909,-0.7941,9.836,-0.0052,0.0122,9.8066,0.0413,-0.0392,-0.0313,4.94,-34.69,-5.31,133.36,-83.25,153.45
52.41451,-1.545036,150.32,9.56,2,320.03,21 / 21,2802128,2019-09-06 19:02:48:810,0.0401,-1.5257,9.4756,0.0017,0.0128,9.8066,-0.0179,-0.0382,0.0978,4.81,-34.44,-4.94,132.95,-83.28,153.74
52.41451,-1.545036,150.32,9.56,2,320.03,21 / 21,2802229,2019-09-06 19:02:48:911,0.9737,-0.6353,10.3202,0.0106,0.021,9.8065,0.0202,-0.0247,0.0623,4.63,-34.81,-4.87,134.55,-83.41,155.77
52.41451,-1.545036,150.32,9.56,2,320.03,21 / 21,2802329,2019-09-06 19:02:49:011,1.9227,-1.7145,10.0791,-0.0055,0.0236,9.8065,-0.0761,-0.006,0.0123,4.69,-35.75,-4.94,135.22,-83.47,156.27
52.41451,-1.545036,150.32,9.56,2,320.03,21 / 21,2802428,2019-09-06 19:02:49:110,2.3923,0.0232,10.9194,0.0039,0.0296,9.8066,0.1037,-0.0642,0.0805,5.13,-34.87,-4.69,136.72,-83.35,158.7
52.41451,-1.545036,150.32,9.56,2,320.03,21 / 21,2802529,2019-09-06 19:02:49:211,2.7899,-3.4348,10.0108,-0.0306,0.0669,9.8064,0.0618,-0.047,0.0007,4.81,-36.12,-5.06,139.09,-82.82,159.6
52.41451,-1.545036,150.32,9.56,2,320.03,21 / 21,2802629,2019-09-06 19:02:49:311,1.0179,-2.76,9.7159,0.017,-0.0181,9.8065,-0.0565,0.023,0.0476,5.13,-36,-4.56,139.78,-82.68,160.15
52.41451,-1.545036,150.32,9.56,2,320.03,21 / 21,2802729,2019-09-06 19:02:49:411,0.6398,-1.4301,8.7695,0.0151,-0.0601,9.8064,-0.0128,-0.0221,-0.01,5.44,-35.94,-4.12,137.9,-82.55,160.08
52.41451,-1.545036,150.32,9.56,2,320.03,21 / 21,2802828,2019-09-06 19:02:49:510,1.3162,-2.4262,10.0787,0.0227,-0.016,9.8066,0.02,-0.0326,0.104,6.25,-35.5,-3.81,130.57,-82.74,159.21
52.41451,-1.545036,150.32,9.56,2,320.03,21 / 21,2802929,2019-09-06 19:02:49:611,1.8063,-1.5257,10.1211,0.0159,-0.046,9.8065,-0.073,-0.0098,-0.0824,5.31,-34.87,-3.56,133.4,-83.3,157.21
52.41451,-1.545036,150.32,9.56,2,320.03,21 / 21,2803029,2019-09-06 19:02:49:711,1.0293,-1.9376,9.3017,-0.0155,0.0034,9.8066,0.0684,-0.0374,-0.0272,4.63,-33.62,-3.44,127.95,-83.39,155.06
52.41451,-1.545036,150.32,9.56,2,320.03,21 / 21,2803129,2019-09-06 19:02:49:811,0.4504,-2.0887,9.2414,0.0056,0.0151,9.8066,0.003,-0.0147,0.0643,3.5,-33,-2.75,134.18,-83.52,155.1
52.41451,-1.545036,150.32,9.56,2,320.03,21 / 21,2803229,2019-09-06 19:02:49:911,0.2278,-2.016,10.0658,0.0098,-0.0263,9.8065,0.03,-0.0751,0.0349,2.63,-33.5,-3.44,141.81,-83.7,155.04
52.41451,-1.545036,150.32,9.56,2,320.03,21 / 21,2803329,2019-09-06 19:02:50:011,1.1593,-2.0442,10.2133,-0.0008,-0.0241,9.8066,0.0685,0.0165,-0.0471,2,-32.69,-4.44,151.21,-83.69,154.89
52.41451,-1.545036,150.32,9.56,2,320.03,21 / 21,2803429,2019-09-06 19:02:50:111,1.4661,-2.5184,10.66,0.0012,0.0169,9.8066,0.011,0.0173,0.0386,1.75,-33.94,-4.19,152.13,-83.63,155.59
52.41451,-1.545036,150.32,9.56,2,320.03,21 / 21,2803529,2019-09-06 19:02:50:211,-0.3762,-2.4235,9.4239,-0.0144,0.0309,9.8065,-0.0189,0.0803,-0.0644,1.63,-34.12,-5.25,153.03,-83.31,155.48
52.41451,-1.545036,150.32,9.56,2,320.03,21 / 21,2803628,2019-09-06 19:02:50:310,0.2398,-1.9328,9.1848,0.0039,0.003,9.8066,-0.0366,0.0168,0.0089,2,-34.81,-4.87,153.91,-83.19,156.02
52.41451,-1.545036,150.32,9.56,2,320.03,21 / 21,2803729,2019-09-06 19:02:50:411,-0.6904,-2.0678,9.831,-0.0067,-0.0034,9.8066,0.0844,0.1287,-0.0704,1.88,-35,-5.5,153.8,-83.13,155.66
52.41451,-1.545036,150.32,9.56,2,320.03,21 / 21,2803830,2019-09-06 19:02:50:512,1.8559,-1.6797,9.6321,0.0076,-0.0138,9.8066,0.0029,0.0049,0.0781,3.19,-34.56,-5.62,148.16,-83.21,155.89
52.41451,-1.545036,150.32,9.56,2,320.03,21 / 21,2803929,2019-09-06 19:02:50:611,-0.7878,-2.5153,9.3755,0.0021,-0.0225,9.8066,0.0842,0.0038,-0.0308,3.38,-35,-5.44,146.79,-83.32,155.41
52.41451,-1.545036,150.32,9.56,2,320.03,21 / 21,2804030,2019-09-06 19:02:50:712,0.3603,-1.2778,9.911,-0.0014,-0.0176,9.8065,-0.0142,0.0654,-0.0258,3.69,-35.75,-5.06,140.16,-83.27,153.98
52.41451,-1.545036,150.32,9.56,2,320.03,21 / 21,2804128,2019-09-06 19:02:50:810,-0.1589,-2.2183,10.2087,-0.0083,-0.0275,9.8066,0.0571,0.1104,-0.0263,4.25,-34.69,-4.25,136.58,-83.3,151.91
52.41451,-1.545036,150.32,9.56,2,320.03,21 / 21,2804228,2019-09-06 19:02:50:910,-0.4667,-1.9805,10.2258,-0.0181,0.0127,9.8066,0.0514,0.1314,-0.0762,5.06,-35.31,-3.62,130.29,-83.03,151.31
52.41451,-1.545036,150.32,9.56,2,320.03,21 / 21,2804329,2019-09-06 19:02:51:011,0.8158,-1.4411,9.7771,-0.0177,0.0247,9.8065,-0.0793,0.1343,0.0057,5.06,-35.31,-3.94,130.75,-82.95,151.63
52.41451,-1.545036,150.32,9.56,2,320.03,21 / 21,2804429,2019-09-06 19:02:51:111,-0.0277,-1.4894,9.8324,-0.0078,-0.0009,9.8066,-0.042,0.1608,-0.0077,6.25,-35.06,-2.75,121.74,-82.83,151.52
52.41451,-1.545036,150.32,9.56,2,320.03,21 / 21,2804531,2019-09-06 19:02:51:213,-0.2156,-2.2802,9.9013,-0.0131,0.0001,9.8066,0.0376,0.1912,-0.0688,5.94,-34.75,-2.62,122.07,-82.69,151.23
52.41451,-1.545036,150.32,9.56,2,320.03,21 / 21,2804628,2019-09-06 19:02:51:310,-0.0155,-1.747,9.8788,-0.0028,-0.0153,9.8065,0.0019,0.1966,-0.0433,6.56,-34.5,-1.5,106.22,-82.51,150.88
52.41451,-1.545036,150.32,9.56,2,320.03,21 / 21,2804728,2019-09-06 19:02:51:410,-0.8339,-2.0651,9.9441,-0.0069,-0.0259,9.8065,-0.0061,0.2464,-0.0406,6.38,-34.69,-2.06,117.22,-82.44,148.3
52.41451,-1.545036,150.32,9.56,2,320.03,21 / 21,2804829,2019-09-06 19:02:51:511,-0.5231,-2.4968,9.9724,-0.001,-0.0052,9.8066,-0.0145,0.3088,-0.0527,7.63,-34.62,-1.94,104.97,-82.41,147.99
52.41451,-1.545036,150.32,9.56,2,320.03,21 / 21,2804928,2019-09-06 19:02:51:610,-0.0632,-1.9002,10.3221,0.0063,0.0164,9.8066,0.0105,0.3078,0.0103,7.88,-34.25,-0.94,99.47,-82.46,149.01
52.41451,-1.545036,150.32,9.56,2,320.03,21 / 21,2805028,2019-09-06 19:02:51:710,0.0602,-1.983,9.8395,0.0001,0.0243,9.8066,0.0079,0.3336,-0.0047,8.19,-34.87,-1.06,102.43,-82.48,151.37
52.41451,-1.545036,150.32,9.56,2,320.03,21 / 21,2805129,2019-09-06 19:02:51:811,0.4103,-1.8398,9.8047,-0.0086,0.0311,9.8065,0.0627,0.4046,0.0042,8.63,-35.12,-0.44,94.74,-82.44,153.84
52.41451,-1.545036,150.32,9.56,2,320.03,21 / 21,2805228,2019-09-06 19:02:51:910,-0.0693,-1.8727,9.8724,-0.0098,0.0175,9.8066,-0.01,0.4112,-0.0284,8.88,-35.06,0.19,96.82,-82.38,155.77
52.41451,-1.545036,150.32,9.56,2,320.03,21 / 21,2805328,2019-09-06 19:02:52:010,0.5308,-1.7768,10.0879,-0.0076,0.0296,9.8066,-0.0086,0.3921,0.0322,9.25,-34.56,1.25,93.85,-82.24,158.54
52.41451,-1.545036,150.32,9.56,2,320.03,21 / 21,2805429,2019-09-06 19:02:52:111,0.6578,-1.3451,9.9419,0.007,0.0238,9.8065,-0.0154,0.3941,0.0305,9.56,-34.37,1.75,87.87,-82.28,162.3
52.41451,-1.545036,150.32,9.56,2,320.03,21 / 21,2805528,2019-09-06 19:02:52:210,0.8221,-1.3951,9.5794,0.002,0.0183,9.8066,0.0168,0.4172,-0.004,9.94,-35.44,2.19,90.25,-82.31,163.94
52.41451,-1.545036,150.32,9.56,2,320.03,21 / 21,2805629,2019-09-06 19:02:52:311,0.5653,-1.1841,9.916,0.0071,0.0126,9.8066,0.0055,0.4176,-0.021,8.81,-35.25,2.38,94.36,-82.38,166.5
52.41451,-1.545036,150.32,9.56,2,320.03,21 / 21,2805729,2019-09-06 19:02:52:411,0.7608,-1.0258,9.6537,0.0062,-0.0003,9.8066,-0.0046,0.3946,-0.064,9.38,-35.25,3.63,80.65,-82.42,166.71
52.41451,-1.545036,150.32,9.56,2,320.03,21 / 21,2805828,2019-09-06 19:02:52:510,0.5958,-1.3186,9.8262,0.0078,-0.0008,9.8066,-0.0141,0.4214,-0.0551,10.31,-34.81,4.75,74.05,-82.38,166.73
52.41451,-1.545036,150.32,9.56,2,320.03,21 / 21,2805928,2019-09-06 19:02:52:610,1.2286,-0.9067,10.4508,0.0055,-0.0033,9.8066,0.0727,0.4015,-0.0619,10.31,-34.56,5.63,67.28,-82.39,166.39
52.41451,-1.545036,150.32,9.56,2,320.03,21 / 21,2806030,2019-09-06 19:02:52:712,1.343,-0.693,10.4217,-0.0084,-0.0105,9.8066,0.0217,0.3837,-0.0997,10.25,-34.37,5.69,66.4,-82.17,165.63
52.41451,-1.545036,150.32,9.56,2,320.03,21 / 21,2806129,2019-09-06 19:02:52:811,1.1263,-0.9219,10.0016,-0.0068,-0.0198,9.8066,0.1048,0.4357,-0.1132,10.69,-35.06,6.75,62.1,-81.9,164.66
52.41451,-1.545036,150.32,9.56,2,320.03,21 / 21,2806230,2019-09-06 19:02:52:912,0.8581,-1.6672,9.6513,-0.0282,-0.0187,9.8066,-0.038,0.4146,-0.0427,11.31,-34.62,8.31,56.97,-81.39,163.71
52.41451,-1.545036,150.32,9.56,2,320.03,21 / 21,2806330,2019-09-06 19:02:53:012,0.4006,-1.5932,9.9653,-0.0208,-0.0024,9.8065,-0.0356,0.4259,-0.0363,11.13,-34.69,8.31,57.85,-81.26,164.08
52.41451,-1.545036,150.32,9.56,2,320.03,21 / 21,2806429,2019-09-06 19:02:53:111,0.649,-0.8584,9.681,-0.032,-0.0093,9.8065,0.0254,0.4169,-0.0254,11.25,-34.31,9.5,48.45,-81.19,165.09
52.41451,-1.545036,150.32,9.56,2,320.03,21 / 21,2806529,2019-09-06 19:02:53:211,0.5411,-0.587,9.9518,-0.0344,-0.003,9.8065,0.0618,0.4257,-0.0406,10.81,-34.94,10.63,47.25,-80.85,166.54
52.41451,-1.545036,150.32,9.56,2,320.03,21 / 21,2806629,2019-09-06 19:02:53:311,0.0015,-1.1764,10.4343,-0.0015,-0.0026,9.8066,0.0479,0.4289,-0.0571,10.88,-34.44,11.94,44.09,-80.62,167.4
52.41451,-1.545036,150.32,9.56,2,320.03,21 / 21,2806729,2019-09-06 19:02:53:411,0.347,-1.1045,9.9766,0.0127,-0.0059,9.8066,-0.0546,0.4388,-0.0889,11.19,-34,12.56,39.36,-80.53,166.65
52.41451,-1.545036,150.32,9.56,2,320.03,21 / 21,2806829,2019-09-06 19:02:53:511,1.2072,-1.8401,10.058,-0.0014,-0.0049,9.8066,-0.0494,0.469,-0.0912,11.25,-33.94,14.31,34.97,-80.58,166.09
52.41451,-1.545036,150.32,9.56,2,320.03,21 / 21,2806929,2019-09-06 19:02:53:611,2.2353,-0.4789,9.701,-0.0137,0.0121,9.8066,-0.0444,0.4449,-0.0047,10.81,-33.56,14.94,32.43,-80.78,166.77
52.41451,-1.545036,150.32,9.56,2,320.03,21 / 21,2807028,2019-09-06 19:02:53:710,1.96,-0.0667,9.8082,-0.0023,0.031,9.8066,-0.0323,0.4362,0.0199,10.06,-33.5,14.94,29.89,-80.97,167.64
52.41451,-1.545036,150.32,9.56,2,320.03,21 / 21,2807129,2019-09-06 19:02:53:811,1.8029,0.4333,9.8848,-0.0112,0.0304,9.8065,0.0448,0.4694,-0.0167,9.5,-33.75,15.19,33.42,-81.22,170.27
52.41451,-1.545036,150.32,9.56,2,320.03,21 / 21,2807229,2019-09-06 19:02:53:911,1.4266,0.1546,9.9129,-0.0267,0.0053,9.8065,0.0012,0.4603,-0.0098,9,-32.87,16.25,30.72,-81.16,172.93
52.41451,-1.545036,150.32,9.56,2,320.03,21 / 21,2807329,2019-09-06 19:02:54:011,1.4913,0.3606,9.8165,-0.0173,0.0023,9.8065,0.0027,0.4531,-0.0303,9,-32.87,17.19,30.17,-81.15,174.33
52.414932,-1.545736,150.32,3.81,2,248.88,21 / 21,2807429,2019-09-06 19:02:54:111,1.8686,0.5103,9.8403,0.002,0.0074,9.8066,0.0111,0.4665,-0.0515,8.06,-32.75,18.19,25.63,-81.15,174.98
52.414932,-1.545736,150.32,3.81,2,248.88,21 / 21,2807528,2019-09-06 19:02:54:210,1.4947,-0.0092,10.1079,0.0008,0.0217,9.8066,0.0586,0.4254,-0.0189,8,-33,18.31,26.16,-81.26,175.48
52.414932,-1.545736,150.32,3.81,2,248.88,21 / 21,2807629,2019-09-06 19:02:54:311,1.2377,0.1166,10.0233,-0.0042,-0.012,9.8066,-0.0443,0.4461,-0.0871,7.38,-32.75,19.5,19.96,-81.33,175.86
52.414932,-1.545736,150.32,3.81,2,248.88,21 / 21,2807729,2019-09-06 19:02:54:411,1.1181,-0.1109,9.6106,0.0021,-0.0113,9.8066,-0.0224,0.4675,-0.0529,7.38,-32.62,19.25,20.81,-81.29,175.33
52.414932,-1.545736,150.32,3.81,2,248.88,21 / 21,2807829,2019-09-06 19:02:54:511,1.6285,0.5339,9.7578,0.0114,0.0097,9.8066,-0.0341,0.4561,-0.0645,7.06,-32.44,21.06,16.43,-81.44,174.33
52.414932,-1.545736,150.32,3.81,2,248.88,21 / 21,2807928,2019-09-06 19:02:54:610,1.6092,0.2467,10.0177,0.0052,0.0068,9.8066,0.0395,0.4513,-0.0695,6.94,-32.19,22.19,14.72,-81.42,173.9
52.414932,-1.545736,150.32,3.81,2,248.88,21 / 21,2808029,2019-09-06 19:02:54:711,1.4504,-0.3969,10.2933,-0.0015,-0.003,9.8066,0.0707,0.4636,-0.0342,6.69,-32.06,21.69,14.82,-81.36,173.96
52.414932,-1.545736,150.32,3.81,2,248.88,21 / 21,2808129,2019-09-06 19:02:54:811,1.1213,-0.7938,9.762,-0.009,-0.0082,9.8066,0.0704,0.4669,-0.0312,5.5,-31.37,22.5,11.35,-81.27,174.37
52.414932,-1.545736,150.32,3.81,2,248.88,21 / 21,2808229,2019-09-06 19:02:54:911,1.3553,-0.143,9.7416,-0.0147,-0.0055,9.8066,0.0346,0.4253,-0.0212,5.25,-31.56,23.38,9.84,-81.19,175.42
52.414932,-1.545736,150.32,3.81,2,248.88,21 / 21,2808329,2019-09-06 19:02:55:011,1.0021,-0.3442,9.7565,-0.0128,-0.0083,9.8066,0.0804,0.4269,-0.0406,5.06,-31.81,25.31,10.33,-80.99,176.88
52.414932,-1.545736,150.32,3.81,2,248.88,21 / 21,2808429,2019-09-06 19:02:55:111,1.184,-1.1855,9.6949,-0.0125,-0.0258,9.8065,-0.033,0.4322,-0.043,4.88,-32,25.88,10.77,-80.64,177.64
52.414932,-1.545736,150.32,3.81,2,248.88,21 / 21,2808528,2019-09-06 19:02:55:210,0.9829,-0.6766,10.0668,-0.0162,-0.0226,9.8066,-0.0722,0.4278,-0.0079,3.19,-31.62,25.88,6.45,-80.48,178.48
52.414932,-1.545736,150.32,3.81,2,248.88,21 / 21,2808629,2019-09-06 19:02:55:311,0.176,-1.4057,10.1538,-0.0154,0.0216,9.8066,0.0522,0.3542,-0.0463,2.81,-31.31,26.13,8.42,-80.53,-179.91
52.414932,-1.545736,150.32,3.81,2,248.88,21 / 21,2808729,2019-09-06 19:02:55:411,0.0386,-1.6604,9.9144,-0.0051,0.0244,9.8065,-0.0897,0.2907,-0.0056,2.94,-31.44,26.94,8.94,-80.64,-179.17
52.414932,-1.545736,150.32,3.81,2,248.88,21 / 21,2808828,2019-09-06 19:02:55:510,0.2297,-0.5999,10.1699,-0.0089,-0.0117,9.8066,-0.0426,0.2735,-0.0321,2.5,-32.06,26.19,9.92,-80.7,-178.74
52.414932,-1.545736,150.32,3.81,2,248.88,21 / 21,2808928,2019-09-06 19:02:55:610,1.0097,-0.3942,9.6002,0.0012,0.0063,9.8066,-0.0465,0.2538,-0.0176,1.69,-31.87,26.31,7.53,-80.69,-178.46
52.414932,-1.545736,150.32,3.81,2,248.88,21 / 21,2809028,2019-09-06 19:02:55:710,0.3565,-1.0548,9.9662,-0.004,-0.0002,9.8066,0.0299,0.2166,-0.0137,2.19,-31.75,26.31,8.5,-80.62,-177.7
52.414932,-1.545736,150.32,3.81,2,248.88,21 / 21,2809128,2019-09-06 19:02:55:810,-0.1638,-1.4136,10.3757,-0.001,-0.0054,9.8066,0.0789,0.1781,-0.0255,2.25,-31.87,26.75,8.45,-80.59,-177.53
52.414932,-1.545736,150.32,3.81,2,248.88,21 / 21,2809229,2019-09-06 19:02:55:911,0.7977,0.0263,9.9314,0.0012,-0.0188,9.8066,-0.06,0.2061,-0.0555,1.81,-32.5,26.94,8.11,-80.48,-177.82
52.414932,-1.545736,150.32,3.81,2,248.88,21 / 21,2809329,2019-09-06 19:02:56:011,0.6564,-1.5898,10.3177,0.0077,-0.0168,9.8065,0.0446,0.1576,-0.0672,1.63,-32.25,27.5,7.08,-80.24,-178.47
52.414932,-1.545736,150.32,3.81,2,248.88,21 / 21,2809428,2019-09-06 19:02:56:110,0.537,-0.7986,10.3311,-0.0133,-0.0143,9.8066,0.0993,0.1566,-0.015,2.25,-32.69,28,7.35,-80.13,-178.32
52.414932,-1.545736,150.32,3.81,2,248.88,21 / 21,2809528,2019-09-06 19:02:56:210,0.4879,-1.1307,10.0021,-0.0045,0.0053,9.8065,-0.03,0.148,0.0104,1.19,-32.44,27.69,5.11,-80.09,-178.02
52.414932,-1.545736,150.32,3.81,2,248.88,21 / 21,2809628,2019-09-06 19:02:56:310,0.2402,-0.5343,10.1593,0.0086,-0.022,9.8065,-0.0184,0.1983,-0.0628,0.5,-32.44,28.25,5.25,-79.95,-177.92
52.414932,-1.545736,150.32,3.81,2,248.88,21 / 21,2809728,2019-09-06 19:02:56:410,0.296,0.1341,9.8729,-0.004,-0.0314,9.8066,-0.0222,0.1711,0.0063,1,-32.5,29,4.82,-79.64,-178.19
52.414932,-1.545736,150.32,3.81,2,248.88,21 / 21,2809829,2019-09-06 19:02:56:511,0.4155,0.0307,9.7591,0.0064,0.0197,9.8066,-0.062,0.1119,-0.0212,0.63,-32,28.56,4.56,-79.68,-178.39
52.414932,-1.545736,150.32,3.81,2,248.88,21 / 21,2809928,2019-09-06 19:02:56:610,0.2305,-0.5931,9.7867,-0.0057,0.0075,9.8065,0.0858,0.1069,0.0074,0.5,-31.94,28.88,4.62,-79.6,-178.35
52.414932,-1.545736,150.32,3.81,2,248.88,21 / 21,2810028,2019-09-06 19:02:56:710,0.076,-0.9743,10.2624,-0.0034,-0.0089,9.8066,-0.0073,0.1512,0.0009,0.94,-32,28.75,5.28,-79.42,-177.86
52.414932,-1.545736,150.32,3.81,2,248.88,21 / 21,2810128,2019-09-06 19:02:56:810,0.4762,-0.5933,9.9403,-0.0102,-0.0079,9.8066,-0.0359,0.0375,0.0281,0.06,-31.81,28.81,3.52,-79.3,-177.26
52.414932,-1.545736,150.32,3.81,2,248.88,21 / 21,2810228,2019-09-06 19:02:56:910,0.5705,-0.2905,9.6693,0.0004,-0.0121,9.8066,0.0136,0.0702,-0.0053,0,-31.56,28.19,3.49,-79.2,-177.32
52.414932,-1.545736,150.32,3.81,2,248.88,21 / 21,2810328,2019-09-06 19:02:57:010,-1.0407,-0.7089,9.7405,0.0058,-0.0176,9.8066,-0.0533,0.0727,-0.0556,-0.44,-30.87,27.75,2.8,-79.08,-177.83
52.414932,-1.545736,150.32,3.81,2,248.88,21 / 21,2810428,2019-09-06 19:02:57:110,-0.2929,-0.496,10.2368,0.0042,0.0078,9.8066,-0.0098,0.0712,-0.0188,-0.56,-30.69,27.38,0.2,-79.06,-177.73
52.414932,-1.545736,150.32,3.81,2,248.88,21 / 21,2810529,2019-09-06 19:02:57:211,0.1598,-0.984,9.8631,0.008,0.0177,9.8066,0.0513,0.0664,-0.0302,-0.87,-30.12,28,359.59,-79.14,-178.27
52.414932,-1.545736,150.32,3.81,2,248.88,21 / 21,2810629,2019-09-06 19:02:57:311,-0.7326,-0.4519,10.1433,0.0066,-0.0103,9.8065,0.0385,-0.008,0.0074,-1.94,-30,28.88,356.9,-79.01,-178.49
52.414932,-1.545736,150.32,3.81,2,248.88,21 / 21,2810728,2019-09-06 19:02:57:410,-0.3372,-0.539,9.7403,0.0142,-0.0088,9.8066,-0.0099,0.0422,0.0014,-1.56,-29.5,30.13,356.15,-79.02,-179.26
52.414932,-1.545736,150.32,3.81,2,248.88,21 / 21,2810829,2019-09-06 19:02:57:511,-1.0057,0.4468,9.4603,0.0125,0.0162,9.8065,-0.0572,0.0327,-0.0552,-1.25,-29.37,30.81,358.1,-78.99,-179.68
52.414932,-1.545736,150.32,3.81,2,248.88,21 / 21,2810929,2019-09-06 19:02:57:611,0.0866,0.5639,9.7684,0.0016,0.0033,9.8066,0.0323,-0.0218,0.0467,-1.25,-28.87,30.13,357.08,-79.18,179.57
52.414932,-1.545736,150.32,3.81,2,248.88,21 / 21,2811029,2019-09-06 19:02:57:711,-0.0555,0.8377,9.8104,0.0039,0.0241,9.8065,-0.0952,0.0385,-0.0359,-1.5,-28.62,29.56,356.22,-79.49,178.86
52.414932,-1.545736,150.32,3.81,2,248.88,21 / 21,2811129,2019-09-06 19:02:57:811,0.0156,0.265,10.0615,-0.0025,0.0082,9.8066,0.0519,-0.0089,0.008,-1.31,-29.12,29.06,356.19,-79.52,178.92
52.414932,-1.545736,150.32,3.81,2,248.88,21 / 21,2811229,2019-09-06 19:02:57:911,0.1461,0.7007,10.0381,-0.0002,0.0126,9.8065,-0.0611,0.018,-0.0596,-1.44,-29.94,28.81,355.32,-79.57,178.24
52.414932,-1.545736,150.32,3.81,2,248.88,21 / 21,2811329,2019-09-06 19:02:58:011,-0.5076,-0.0295,9.9765,-0.0085,-0.0017,9.8066,0.0683,0.0385,0.0779,-2,-30.37,27.81,353.28,-79.45,178.79
52.414932,-1.545736,150.32,3.81,2,248.88,21 / 21,2811430,2019-09-06 19:02:58:112,-0.4097,0.0388,9.8072,0.006,-0.0006,9.8066,0.0461,-0.0038,-0.0061,-1.94,-31.75,28,353.16,-79.36,178.8
52.414932,-1.545736,150.32,3.81,2,248.88,21 / 21,2811529,2019-09-06 19:02:58:211,-1.132,0.4096,9.5913,-0.0038,0.0019,9.8066,-0.0069,0.0334,-0.0108,-3.19,-31.31,28,350.55,-79.31,178.75
52.414932,-1.545736,150.32,3.81,2,248.88,21 / 21,2811629,2019-09-06 19:02:58:311,-0.5599,0.5807,10.508,0.0027,-0.0083,9.8066,0.045,-0.0189,0.075,-3.37,-31.19,29.19,351.32,-79.15,179.11
52.414932,-1.545736,150.32,3.81,2,248.88,21 / 21,2811729,2019-09-06 19:02:58:411,-0.5353,-0.1403,9.9369,-0.0003,-0.012,9.8066,0.083,-0.0125,0.043,-2.31,-30.37,30.75,354.36,-79.15,179.17
52.414932,-1.545736,150.32,3.81,2,248.88,21 / 21,2811829,2019-09-06 19:02:58:511,0.0764,-0.4458,9.8606,0.0071,-0.0372,9.8066,0.1144,0.0251,-0.0557,-1.06,-30,30.88,356.6,-78.99,179.13
52.414932,-1.545736,150.32,3.81,2,248.88,21 / 21,2811929,2019-09-06 19:02:58:611,-0.3079,0.4373,10.248,-0.0013,-0.0475,9.8065,-0.0699,-0.0135,0.0462,0.44,-30.19,30,359.23,-78.96,179.39
52.414932,-1.545736,150.32,3.81,2,248.88,21 / 21,2812029,2019-09-06 19:02:58:711,-0.3918,0.6679,9.8701,0.0039,0.0177,9.8066,-0.0735,-0.0136,0.02,0.38,-29.81,28.75,359.7,-78.89,179.77
52.414932,-1.545736,150.32,3.81,2,248.88,21 / 21,2812128,2019-09-06 19:02:58:810,-0.0107,0.4153,9.4782,-0.0004,0.0102,9.8066,0.0935,-0.0562,0.0164,0.81,-30.12,27.44,2.03,-78.91,179.44
52.414932,-1.545736,150.32,3.81,2,248.88,21 / 21,2812229,2019-09-06 19:02:58:911,-0.4987,1.4649,9.3651,-0.01,-0.0087,9.8066,0.0062,-0.0254,0.019,0.69,-30.12,27.69,2.29,-78.78,179.72
52.414932,-1.545736,150.32,3.81,2,248.88,21 / 21,2812329,2019-09-06 19:02:59:011,-0.8763,0.4733,9.3044,0.0015,0.016,9.8066,-0.0651,-0.0106,-0.0099,0.75,-29.5,28.63,2.27,-78.97,179.82
52.414932,-1.545736,150.32,3.81,2,248.88,21 / 21,2812429,2019-09-06 19:02:59:111,-0.3966,-0.6902,8.8598,0.018,0.0357,9.8065,-0.0929,-0.0425,-0.0465,0.25,-29.94,28.38,358.14,-79.48,178.53
52.414932,-1.545736,150.32,3.81,2,248.88,21 / 21,2812529,2019-09-06 19:02:59:211,-1.8573,1.7528,10.5397,-0.0118,-0.0285,9.8066,0.023,-0.1347,0.0953,-0.19,-30.19,28.38,358.14,-79.61,178.53
52.414932,-1.545736,150.32,3.81,2,248.88,21 / 21,2812628,2019-09-06 19:02:59:310,-1.718,-0.4286,10.1663,0.0075,0.0015,9.8066,0.203,-0.1215,0.0005,-0.25,-30.31,27.81,357.34,-79.85,177.89
52.414932,-1.545736,150.32,3.81,2,248.88,21 / 21,2812729,2019-09-06 19:02:59:411,0.6501,0.0002,8.873,0.0095,-0.0355,9.8065,0.0412,-0.0005,-0.015,-1,-31.19,28.5,354.07,-79.63,177.28
52.414932,-1.545736,150.32,3.81,2,248.88,21 / 21,2812829,2019-09-06 19:02:59:511,-0.7366,2.0817,9.0666,0.0026,-0.0553,9.8064,0.0524,-0.045,-0.0065,0.25,-31.44,28.63,356.5,-79.31,177.25
52.414932,-1.545736,150.32,3.81,2,248.88,21 / 21,2812929,2019-09-06 19:02:59:611,-2.1879,0.2076,10.147,0.0023,-0.0284,9.8066,-0.0083,-0.0311,0.0306,-0.37,-31.81,28.25,356.5,-79.33,177.3
52.414932,-1.545736,150.32,3.81,2,248.88,21 / 21,2813028,2019-09-06 19:02:59:710,-0.118,0.3117,10.2676,0.018,0.0489,9.8064,0.0782,0.0094,-0.0519,0.25,-30.87,28.44,356.52,-79.37,177.29
52.414932,-1.545736,150.32,3.81,2,248.88,21 / 21,2813128,2019-09-06 19:02:59:810,-0.3745,0.1165,10.1789,0.0066,0.0494,9.8065,0.1166,-0.0258,-0.0277,-0.56,-31.06,28.5,352.05,-79.68,175.67
52.414932,-1.545736,150.32,3.81,2,248.88,21 / 21,2813229,2019-09-06 19:02:59:911,-0.6763,-0.1362,9.4983,0.0151,-0.0281,9.8066,0.1389,-0.0272,0.0014,-0.94,-31.31,27.88,351.01,-79.42,175.03
52.414932,-1.545736,150.32,3.81,2,248.88,21 / 21,2813329,2019-09-06 19:03:00:011,-0.2701,-0.1442,9.6901,0.0039,-0.0183,9.8066,-0.0698,-0.0772,-0.0006,-0.44,-31.37,27.88,353.28,-79.48,174.75
52.414932,-1.545736,150.32,3.81,2,248.88,21 / 21,2813429,2019-09-06 19:03:00:111,-0.8702,-0.4785,9.8448,0.0073,0.0139,9.8065,-0.0587,0.0428,-0.0217,-1,-31.25,27,349.06,-79.6,173.61
52.414932,-1.545736,150.32,3.81,2,248.88,21 / 21,2813529,2019-09-06 19:03:00:211,-0.9891,-0.1095,9.7502,0.0101,0.0123,9.8066,0.0947,-0.0021,-0.0254,0.38,-31,27.38,350.87,-79.73,172.88
52.414932,-1.545736,150.32,3.81,2,248.88,21 / 21,2813628,2019-09-06 19:03:00:310,-0.6724,1.5223,9.6455,0.0065,0.0489,9.8064,0.1034,-0.0199,-0.0446,0.06,-31.62,27.38,350.36,-79.73,172.54
52.414932,-1.545736,150.32,3.81,2,248.88,21 / 21,2813729,2019-09-06 19:03:00:411,-0.1592,-0.6901,9.3372,0.011,0.0406,9.8065,0.0607,-0.002,-0.0117,1.75,-30.56,28.44,354.02,-80.08,171.16
52.414932,-1.545736,150.32,3.81,2,248.88,21 / 21,2813828,2019-09-06 19:03:00:510,-0.1971,-0.1039,9.1293,-0.0139,0.0112,9.8066,-0.0325,-0.0586,0.0667,1.31,-31.06,29.31,351.82,-80.26,171.43
52.414932,-1.545736,150.32,3.81,2,248.88,21 / 21,2813929,2019-09-06 19:03:00:611,-0.9393,0.2143,9.841,-0.0055,0.0084,9.8066,-0.1765,-0.0578,-0.0401,1.69,-30.5,28.69,355.1,-80.42,172.06
52.414932,-1.545736,150.32,3.81,2,248.88,21 / 21,2814028,2019-09-06 19:03:00:710,-1.1035,1.3006,9.6818,0.0066,0.0329,9.8065,0.0751,0.0155,0.0178,0.94,-29.87,27.75,351.63,-80.94,171.09
52.414932,-1.545736,150.32,3.81,2,248.88,21 / 21,2814129,2019-09-06 19:03:00:811,0.1949,-0.5057,9.3517,0.0007,0.0305,9.8066,0.0208,-0.002,-0.011,1.69,-30.75,27,353.78,-81.14,170.71
52.414932,-1.545736,150.32,3.81,2,248.88,21 / 21,2814228,2019-09-06 19:03:00:910,-0.5878,0.1383,9.2049,-0.0068,0.0303,9.8066,-0.0369,0.0004,0.0047,0.75,-31.5,26.19,351.42,-81.31,170.85
52.414932,-1.545736,150.32,3.81,2,248.88,21 / 21,2814328,2019-09-06 19:03:01:010,-0.3272,-0.2677,9.5808,-0.0013,0.0198,9.8066,-0.0793,0.0273,0.0337,0,-32,25.94,348.74,-81.68,170.85
52.414932,-1.545736,150.32,3.81,2,248.88,21 / 21,2814429,2019-09-06 19:03:01:111,-0.3772,0.4462,9.2846,-0.0005,0.0261,9.8065,0.0237,-0.0674,-0.0601,-0.19,-33.06,26.25,348.29,-81.99,170.46
52.414932,-1.545736,150.32,3.81,2,248.88,21 / 21,2814528,2019-09-06 19:03:01:210,-0.5689,0.0167,9.6661,0.0013,0.0216,9.8066,0.0453,0.0052,-0.0763,0.44,-32.94,26,348.33,-82.09,170.47
52.414932,-1.545736,150.32,3.81,2,248.88,21 / 21,2814629,2019-09-06 19:03:01:311,-0.6164,0.0455,9.8315,-0.0052,-0.0005,9.8066,-0.043,0.0209,0.0941,0.44,-32.94,25.81,347.67,-82.14,169.9
52.414932,-1.545736,150.32,3.81,2,248.88,21 / 21,2814729,2019-09-06 19:03:01:411,-0.6306,0.5628,9.8176,-0.0032,0.002,9.8066,-0.1149,-0.0213,0.0434,1.06,-32.81,26.13,351.16,-82.2,170.56
52.414932,-1.545736,150.32,3.81,2,248.88,21 / 21,2814828,2019-09-06 19:03:01:510,-0.6568,-0.543,9.8626,-0.0012,0.0147,9.8066,0.0796,-0.0339,-0.0057,1.38,-33,25.56,351.9,-82.33,171.14
52.414932,-1.545736,150.32,3.81,2,248.88,21 / 21,2814929,2019-09-06 19:03:01:611,-0.024,-0.1016,10.1132,0.0001,0.0293,9.8065,0.0225,0.0035,-0.0105,1.94,-33.25,26,354.26,-82.6,170.84
52.414932,-1.545736,150.32,3.81,2,248.88,21 / 21,2815030,2019-09-06 19:03:01:712,-0.7162,-0.7811,10.028,0.004,0.0098,9.8066,0.013,0.0028,0.0169,1.06,-32.56,26.69,351.91,-82.75,171.09
52.414932,-1.545736,150.32,3.81,2,248.88,21 / 21,2815128,2019-09-06 19:03:01:810,0.02,-1.0952,9.5747,-0.0043,-0.0124,9.8066,0.0064,0.052,-0.0066,1,-33.56,26.63,352.02,-82.79,171.22
52.414932,-1.545736,150.32,3.81,2,248.88,21 / 21,2815229,2019-09-06 19:03:01:911,-0.6385,-0.1909,9.7741,-0.0053,0.0066,9.8066,-0.0563,-0.0156,0.0177,-0.31,-33.12,25.31,349.8,-82.88,171.54
52.414932,-1.545736,150.32,3.81,2,248.88,21 / 21,2815328,2019-09-06 19:03:02:010,0.204,-0.9117,9.7281,-0.0075,0.0117,9.8066,0.0154,-0.0164,-0.0064,-0.87,-32.62,24.38,347.41,-83.01,171.98
52.414932,-1.545736,150.32,3.81,2,248.88,21 / 21,2815429,2019-09-06 19:03:02:111,-0.6101,-0.7749,9.7012,-0.0108,0.0059,9.8066,-0.0149,-0.0012,-0.0015,-3.56,-32.62,24.06,340.09,-83.21,172.81
52.414932,-1.545736,150.32,3.81,2,248.88,21 / 21,2815529,2019-09-06 19:03:02:211,-1.6532,-0.9379,9.6905,0.0001,-0.0171,9.8066,-0.0739,-0.0738,0.0936,-4.31,-32.37,24.88,341.07,-83.42,172.97
52.414932,-1.545736,150.32,3.81,2,248.88,21 / 21,2815630,2019-09-06 19:03:02:312,0.2238,0.0461,9.3505,-0.0047,-0.0095,9.8066,-0.1052,0.0418,-0.0698,-3.69,-32.62,27.38,342.91,-83.42,173.78
52.414932,-1.545736,150.32,3.81,2,248.88,21 / 21,2815729,2019-09-06 19:03:02:411,0.8421,-0.0696,10.2844,-0.0019,0.0029,9.8066,0.0779,0.0972,0.0334,-0.69,-32.75,26,349.9,-83.43,173.63
52.414932,-1.545736,150.32,3.81,2,248.88,21 / 21,2815829,2019-09-06 19:03:02:511,-1.7778,0.0417,9.4465,-0.002,-0.015,9.8066,0.0588,0.1213,-0.1016,0.25,-32.75,25.25,352.28,-83.3,173.52
52.414932,-1.545736,150.32,3.81,2,248.88,21 / 21,2815928,2019-09-06 19:03:02:610,0.891,-0.1556,9.9267,0.007,0.0017,9.8066,0.0296,-0.0765,0,0.69,-32.81,25.44,355.13,-83.24,173.63
52.414932,-1.545736,150.32,3.81,2,248.88,21 / 21,2816028,2019-09-06 19:03:02:710,0.2931,-0.2745,10.3509,0.0059,0.0251,9.8066,-0.0663,-0.0297,0.0508,1.5,-32.56,25.38,357.41,-83.36,173.25
52.414932,-1.545736,150.32,3.81,2,248.88,21 / 21,2816129,2019-09-06 19:03:02:811,-0.474,0.6929,10.5036,-0.0095,-0.0273,9.8065,-0.1455,0.0974,-0.0208,1.44,-33,26.56,354.55,-83.14,173.26
52.414932,-1.545736,150.32,3.81,2,248.88,21 / 21,2816228,2019-09-06 19:03:02:910,-0.2552,0.4611,9.5266,-0.0049,-0.0115,9.8066,-0.0615,0.0269,-0.0283,1,-32.81,26.81,354.08,-83.14,172.86
52.414932,-1.545736,150.32,3.81,2,248.88,21 / 21,2816328,2019-09-06 19:03:03:010,0.3675,-0.8592,10.1014,0.0015,0.0118,9.8066,0.1466,-0.097,0.0482,0.38,-33.25,26.81,351.93,-82.97,173.19
52.414383,-1.546081,150.02,10.91,3,197.14,21 / 21,2816428,2019-09-06 19:03:03:110,-1.3959,0.8572,10.4296,-0.0075,0.018,9.8066,0.0674,-0.0153,0.0179,0,-33.25,26.63,352.96,-83.02,174.05
52.414383,-1.546081,150.02,10.91,3,197.14,21 / 21,2816529,2019-09-06 19:03:03:211,-0.4257,-0.3362,10.1089,-0.0078,0.0209,9.8066,-0.0369,-0.0409,0.0223,-0.37,-33.37,26.38,353.13,-82.93,174.25
52.414383,-1.546081,150.02,10.91,3,197.14,21 / 21,2816629,2019-09-06 19:03:03:311,-0.0456,-1.4116,9.5254,-0.0085,-0.0224,9.8066,-0.1318,-0.0312,0.0125,-0.5,-34.06,26.19,354.63,-82.88,175.54
52.414383,-1.546081,150.02,10.91,3,197.14,21 / 21,2816729,2019-09-06 19:03:03:411,-0.9957,1.1149,9.738,-0.0097,-0.013,9.8065,0.0367,0.0343,0.007,-0.56,-33.87,25.38,352.86,-83.02,176.38
52.414383,-1.546081,150.02,10.91,3,197.14,21 / 21,2816829,2019-09-06 19:03:03:511,-0.4595,0.3423,9.9047,-0.0093,0.0046,9.8066,-0.0959,-0.025,0.0082,-0.81,-34.06,26.25,353.67,-83.31,176.88
52.414383,-1.546081,150.02,10.91,3,197.14,21 / 21,2816929,2019-09-06 19:03:03:611,-0.7199,0.953,9.8918,-0.0022,-0.0018,9.8066,-0.0913,-0.0524,0.0021,0,-34.31,25.69,356.9,-83.39,177.39
52.414383,-1.546081,150.02,10.91,3,197.14,21 / 21,2817030,2019-09-06 19:03:03:712,-0.5882,0.66,9.7942,-0.0045,0.0288,9.8065,0.1614,-0.0142,0.0085,-0.19,-33.94,26.19,356.6,-83.46,177.12
52.414383,-1.546081,150.02,10.91,3,197.14,21 / 21,2817129,2019-09-06 19:03:03:811,0.1299,0.9492,9.7284,-0.0059,0.0439,9.8065,0.0739,-0.0095,-0.0112,-0.62,-34.37,26.31,354.79,-83.69,177.77
52.414383,-1.546081,150.02,10.91,3,197.14,21 / 21,2817229,2019-09-06 19:03:03:911,0.0684,-0.1513,9.525,0.0088,-0.0202,9.8066,-0.0633,-0.0953,0.0598,-1,-34.25,26.13,355.08,-83.62,178.03
52.414383,-1.546081,150.02,10.91,3,197.14,21 / 21,2817328,2019-09-06 19:03:04:010,-0.7763,-0.5612,9.2978,-0.0018,-0.0101,9.8066,-0.0628,0.037,-0.0375,-0.69,-34.06,25.38,355.19,-83.77,178.22
52.414383,-1.546081,150.02,10.91,3,197.14,21 / 21,2817429,2019-09-06 19:03:04:111,0.0261,0.8604,9.6197,-0.0092,0.0279,9.8066,0.0167,-0.0484,0.0092,-0.75,-34.25,25.38,354.79,-83.92,177.86
52.414383,-1.546081,150.02,10.91,3,197.14,21 / 21,2817528,2019-09-06 19:03:04:210,-1.2778,0.6775,9.6297,0.0076,0.0296,9.8066,0.0083,-0.0233,-0.0045,-0.44,-34.06,24.38,358.04,-84.15,178.33
52.414383,-1.546081,150.02,10.91,3,197.14,21 / 21,2817629,2019-09-06 19:03:04:311,-0.1709,-0.0682,10.0214,0.0048,-0.0085,9.8066,0.0495,-0.0476,-0.0459,-0.12,-34.19,24.5,356.62,-84.03,177.12
52.414383,-1.546081,150.02,10.91,3,197.14,21 / 21,2817728,2019-09-06 19:03:04:410,-1.2597,0.3246,9.7287,0.0049,-0.0098,9.8065,0.0801,-0.0705,0.0057,1.25,-33.69,24.19,358.92,-83.95,176.7
52.414383,-1.546081,150.02,10.91,3,197.14,21 / 21,2817828,2019-09-06 19:03:04:510,-0.7416,0.4493,9.2091,0.0067,0.0205,9.8065,-0.0229,-0.0171,-0.0277,2.38,-33.25,24.63,0.07,-84.04,175.49
52.414383,-1.546081,150.02,10.91,3,197.14,21 / 21,2817929,2019-09-06 19:03:04:611,-1.1131,-0.9443,9.8528,0.005,0.0265,9.8066,0.072,-0.0511,0.0061,2.38,-33.31,26,359.07,-84.04,174.8
52.414383,-1.546081,150.02,10.91,3,197.14,21 / 21,2818029,2019-09-06 19:03:04:711,-0.7683,0.398,9.6755,0.012,-0.0133,9.8066,0.0089,-0.0976,0.0898,1.56,-33.31,26.69,358.41,-84.01,174.38
52.414383,-1.546081,150.02,10.91,3,197.14,21 / 21,2818129,2019-09-06 19:03:04:811,0.6674,-0.1548,9.9501,-0.0049,-0.0163,9.8066,-0.0679,-0.0507,-0.0757,0.38,-33.37,26.63,353.01,-83.87,173.96
52.414383,-1.546081,150.02,10.91,3,197.14,21 / 21,2818229,2019-09-06 19:03:04:911,-1.7239,2.2247,9.6374,0.0141,0.0103,9.8066,0.0218,-0.0744,0.1136,-0.69,-32.94,26.19,350.01,-83.95,173.59
52.414383,-1.546081,150.02,10.91,3,197.14,21 / 21,2818328,2019-09-06 19:03:05:010,0.5901,0.3512,9.7459,-0.0077,0.0072,9.8066,-0.0067,0.0796,-0.0597,0.06,-32.81,25.56,353.28,-83.95,174.21
52.414383,-1.546081,150.02,10.91,3,197.14,21 / 21,2818428,2019-09-06 19:03:05:110,-1.1185,-0.2359,10.2496,0.0101,-0.0359,9.8065,-0.0448,-0.0538,0.0372,-0.06,-32.62,24.63,353.64,-83.73,174.59
52.414383,-1.546081,150.02,10.91,3,197.14,21 / 21,2818528,2019-09-06 19:03:05:210,-0.6625,1.4186,10.1701,-0.0131,-0.0251,9.8065,-0.12,0.0427,-0.0847,0.06,-33.19,24.44,354.28,-83.8,175.16
52.414383,-1.546081,150.02,10.91,3,197.14,21 / 21,2818629,2019-09-06 19:03:05:311,-1.2764,-0.2865,9.4152,0.0246,0.0516,9.8064,0.1792,-0.0693,0.078,1.44,-33.25,25.69,354.13,-84.12,172.72
52.414383,-1.546081,150.02,10.91,3,197.14,21 / 21,2818728,2019-09-06 19:03:05:410,-1.778,0.5275,10.0521,-0.0036,0.0246,9.8066,-0.0467,-0.1138,-0.0128,1.13,-33.69,24.88,354.29,-84.1,172.83
52.414383,-1.546081,150.02,10.91,3,197.14,21 / 21,2818829,2019-09-06 19:03:05:511,1.3764,0.7642,9.3989,0.0194,0.0196,9.8065,0.0444,-0.0922,-0.0746,1.63,-33.31,25.81,354,-84.5,170.36
52.414383,-1.546081,150.02,10.91,3,197.14,21 / 21,2818929,2019-09-06 19:03:05:611,-0.305,1.36,9.6481,0.013,0.0308,9.8065,0.1767,-0.0412,0.1231,2.31,-33.25,26.13,353.44,-84.59,169.85
52.414383,-1.546081,150.02,10.91,3,197.14,21 / 21,2819029,2019-09-06 19:03:05:711,0.8428,-0.1665,8.9269,-0.0033,-0.0205,9.8065,-0.1303,0.0768,-0.0064,1.13,-33.87,26,351.12,-84.55,170.05
52.414383,-1.546081,150.02,10.91,3,197.14,21 / 21,2819128,2019-09-06 19:03:05:810,-0.3244,1.6343,9.477,-0.0076,-0.027,9.8066,-0.1281,-0.0226,0.0493,2,-33.75,25.94,355.15,-84.41,171.39
52.414383,-1.546081,150.02,10.91,3,197.14,21 / 21,2819229,2019-09-06 19:03:05:911,-0.6345,1.7589,10.0416,0.0017,0.0257,9.8066,0.0929,0.0537,-0.0486,2.38,-33.56,25.75,355.14,-84.66,171.35
52.414383,-1.546081,150.02,10.91,3,197.14,21 / 21,2819329,2019-09-06 19:03:06:011,0.5044,-0.247,10.0388,-0.0021,0.003,9.8066,0.0392,-0.008,-0.0108,1.88,-34.69,24.06,355.53,-84.6,171.39
52.414383,-1.546081,150.02,10.91,3,197.14,21 / 21,2819430,2019-09-06 19:03:06:112,-1.5853,1.5202,9.779,-0.0007,-0.0309,9.8066,-0.0064,0.0301,-0.0316,-0.06,-36.87,21.75,349.46,-84.43,171.22
52.414383,-1.546081,150.02,10.91,3,197.14,21 / 21,2819529,2019-09-06 19:03:06:211,0.2703,1.0044,9.6559,0.0037,-0.0103,9.8066,0.0072,0.0359,-0.0334,-3.44,-37.12,22.31,339.25,-84.42,170.4
52.414383,-1.546081,150.02,10.91,3,197.14,21 / 21,2819629,2019-09-06 19:03:06:311,-0.55,0.9522,9.5779,0.0027,0.0028,9.8066,-0.0227,-0.076,0.0339,-4.37,-36,25.75,338.52,-84.43,170.15
52.414383,-1.546081,150.02,10.91,3,197.14,21 / 21,2819728,2019-09-06 19:03:06:410,-0.6464,1.5708,9.4149,-0.0002,-0.0213,9.8066,-0.0981,-0.0041,-0.003,-1.62,-35.12,26.63,344.8,-84.39,171
52.414383,-1.546081,150.02,10.91,3,197.14,21 / 21,2819828,2019-09-06 19:03:06:510,0.8076,0.1968,9.3196,0.0017,0.0437,9.8065,0.078,-0.0557,0.0453,-0.44,-34.69,26.69,348.6,-84.72,170
52.414383,-1.546081,150.02,10.91,3,197.14,21 / 21,2819929,2019-09-06 19:03:06:611,-0.7684,0.8401,9.695,-0.003,0.0331,9.8065,0.019,-0.0049,-0.0171,-0.44,-34.87,26.06,349.25,-84.68,170.63
52.414383,-1.546081,150.02,10.91,3,197.14,21 / 21,2820029,2019-09-06 19:03:06:711,0.7549,0.6043,9.5503,0.0049,0.005,9.8066,0.0469,-0.0008,0.0134,0.19,-34.87,24.75,348.84,-84.62,170.35
52.414383,-1.546081,150.02,10.91,3,197.14,21 / 21,2820129,2019-09-06 19:03:06:811,0.2651,1.5285,9.4613,0.0045,0.0211,9.8066,-0.0223,0.0071,-0.0134,0.5,-34.37,25.94,351.47,-84.59,170.35
52.414383,-1.546081,150.02,10.91,3,197.14,21 / 21,2820229,2019-09-06 19:03:06:911,0.6817,1.8804,9.7687,-0.0011,-0.0239,9.8066,-0.15,0.0107,-0.0685,0.44,-34.44,25.25,348.82,-84.58,170.3
52.414383,-1.546081,150.02,10.91,3,197.14,21 / 21,2820329,2019-09-06 19:03:07:011,-0.2785,2.2229,10.0222,0.0117,-0.0135,9.8065,-0.1647,-0.0149,0.0043,0.31,-34.37,25.19,348.17,-84.55,169.74
52.414383,-1.546081,150.02,10.91,3,197.14,21 / 21,2820430,2019-09-06 19:03:07:112,0.5108,1.721,9.3577,-0.0011,0.0225,9.8066,0.0647,-0.0081,0.0129,0.56,-34.44,25.06,348.5,-84.87,167.64
52.414383,-1.546081,150.02,10.91,3,197.14,21 / 21,2820529,2019-09-06 19:03:07:211,-0.2274,-0.5481,9.6374,-0.0057,0.002,9.8066,-0.0306,0.0379,-0.006,0.06,-34.62,24.69,347.18,-84.8,168.85
52.414383,-1.546081,150.02,10.91,3,197.14,21 / 21,2820629,2019-09-06 19:03:07:311,-0.2547,1.0565,9.9442,-0.0062,-0.0027,9.8066,-0.0081,0.0212,0.0467,0.06,-34.19,24.13,348.17,-84.89,169.69
52.414383,-1.546081,150.02,10.91,3,197.14,21 / 21,2820729,2019-09-06 19:03:07:411,0.0734,0.1532,9.3796,-0.0097,-0.0003,9.8066,-0.0217,0.0382,0.0405,-0.94,-33.87,24.63,346.73,-84.87,170.67
52.414383,-1.546081,150.02,10.91,3,197.14,21 / 21,2820828,2019-09-06 19:03:07:510,-0.3484,0.55,10.1706,-0.0107,0.0122,9.8066,0.0964,0.0113,-0.0043,-1.44,-33.5,24.81,348.59,-84.83,172.27
52.414383,-1.546081,150.02,10.91,3,197.14,21 / 21,2820929,2019-09-06 19:03:07:611,-0.4583,1.1025,9.3036,-0.0001,0.0133,9.8066,0.1146,-0.022,0.0549,-1.12,-32.44,26.69,349.81,-84.97,173.02
52.414383,-1.546081,150.02,10.91,3,197.14,21 / 21,2821029,2019-09-06 19:03:07:711,0.1093,2.062,9.5592,-0.0003,0.0055,9.8066,-0.02,0.0076,0.0173,-1,-33.12,26.31,351.25,-85.02,174.44
52.414383,-1.546081,150.02,10.91,3,197.14,21 / 21,2821128,2019-09-06 19:03:07:810,0.5012,0.8118,10.4734,-0.0018,-0.0155,9.8066,0.0583,0.042,-0.0376,0.5,-33.25,25.63,356.48,-85,174.68
52.414383,-1.546081,150.02,10.91,3,197.14,21 / 21,2821229,2019-09-06 19:03:07:911,-0.5467,1.8851,8.893,0.0048,-0.0051,9.8065,-0.0772,-0.093,0.0751,0.25,-34.19,24.88,353.1,-84.92,173.95
52.414383,-1.546081,150.02,10.91,3,197.14,21 / 21,2821329,2019-09-06 19:03:08:011,-0.0315,2.8127,10.4689,-0.0018,-0.0416,9.8066,-0.2395,-0.0032,-0.0575,-0.56,-33.94,24.75,352.19,-84.74,175.49
52.414383,-1.546081,150.02,10.91,3,197.14,21 / 21,2821429,2019-09-06 19:03:08:111,0.2017,0.7282,10.0579,-0.0022,0.0248,9.8065,0.1192,0.0326,-0.0095,0.19,-34.5,24.5,352.87,-84.82,173.77
52.414383,-1.546081,150.02,10.91,3,197.14,21 / 21,2821529,2019-09-06 19:03:08:211,1.009,0.3372,9.5467,0.0037,0.0266,9.8065,0.0507,0.0531,-0.0478,-0.19,-34.06,24.63,352.93,-84.94,173.8
52.414383,-1.546081,150.02,10.91,3,197.14,21 / 21,2821629,2019-09-06 19:03:08:311,0.1867,-0.8532,9.3804,-0.0082,-0.0329,9.8066,-0.1502,-0.0143,0.0393,-0.06,-34.62,24.81,353.43,-84.78,174.29
52.414383,-1.546081,150.02,10.91,3,197.14,21 / 21,2821729,2019-09-06 19:03:08:411,-0.1355,2.0046,9.7554,0.0035,0.0013,9.8066,-0.0355,-0.0196,-0.0014,-0.06,-34.5,25.06,353.77,-84.9,174.54
52.414383,-1.546081,150.02,10.91,3,197.14,21 / 21,2821828,2019-09-06 19:03:08:510,-0.2676,1.8052,9.2849,0.0014,0.028,9.8066,0.0138,0.0791,-0.0485,0.38,-34.06,24.81,353.74,-85.1,174.49
52.414383,-1.546081,150.02,10.91,3,197.14,21 / 21,2821929,2019-09-06 19:03:08:611,-0.0622,1.2995,9.9557,-0.0049,-0.0031,9.8066,-0.0227,0.0049,0.0291,0.56,-34.69,24.5,355.84,-85.12,174.06
52.414383,-1.546081,150.02,10.91,3,197.14,21 / 21,2822029,2019-09-06 19:03:08:711,-0.2942,0.6502,9.5058,0.0033,0.0146,9.8066,0.1198,0.0246,-0.001,-0.31,-34.12,24.69,353.63,-85.09,174.4
52.414383,-1.546081,150.02,10.91,3,197.14,21 / 21,2822129,2019-09-06 19:03:08:811,-0.5878,0.1152,9.9845,0.01,-0.0166,9.8066,-0.009,-0.0518,-0.0085,-0.37,-34.31,25.13,352.32,-85.06,173.25
52.414383,-1.546081,150.02,10.91,3,197.14,21 / 21,2822228,2019-09-06 19:03:08:910,-0.1453,1.0413,9.0715,-0.0055,0.0087,9.8066,-0.0984,-0.0104,0.0314,0.13,-34.19,24.5,351.81,-85.22,172.77
52.414383,-1.546081,150.02,10.91,3,197.14,21 / 21,2822329,2019-09-06 19:03:09:011,-0.2685,1.9597,9.5782,-0.0037,0.029,9.8065,-0.0033,0.0108,0.0132,-0.25,-33.75,24.69,352.41,-85.45,173.25
52.414383,-1.546081,150.02,10.91,3,197.14,21 / 21,2822428,2019-09-06 19:03:09:110,0.5223,1.1039,9.255,0.0057,0.0242,9.8065,0.0722,-0.0497,-0.0245,0,-32.81,24.69,351.57,-85.63,172.44
52.414383,-1.546081,150.02,10.91,3,197.14,21 / 21,2822528,2019-09-06 19:03:09:210,0.0647,0.9585,10.4918,-0.0056,0.0102,9.8066,0.0013,0.0217,0.0079,-0.37,-32.87,24.31,352.2,-85.54,173.06
52.414383,-1.546081,150.02,10.91,3,197.14,21 / 21,2822630,2019-09-06 19:03:09:312,-0.3913,1.6856,10.7362,-0.0132,-0.0224,9.8066,-0.0123,0.0534,0.0032,-1,-31.31,24.75,351.42,-85.5,174.57
52.414383,-1.546081,150.02,10.91,3,197.14,21 / 21,2822728,2019-09-06 19:03:09:410,0.167,-0.6747,10.0816,-0.0008,-0.018,9.8066,0.0849,0.0279,0.0276,-1.56,-28.87,25.31,351.15,-85.34,176.58
52.414383,-1.546081,150.02,10.91,3,197.14,21 / 21,2822829,2019-09-06 19:03:09:511,-0.2981,1.9878,9.1796,-0.0165,0.0081,9.8066,-0.0652,-0.0321,0.0668,-2.37,-28.37,26.69,354.83,-85.29,179.52
52.414383,-1.546081,150.02,10.91,3,197.14,21 / 21,2822929,2019-09-06 19:03:09:611,-0.8014,1.6227,9.8981,-0.0271,-0.014,9.8065,-0.0788,-0.0434,0.0662,-0.37,-28.06,26.56,3.38,-85.26,-176.92
52.414383,-1.546081,150.02,10.91,3,197.14,21 / 21,2823029,2019-09-06 19:03:09:711,-0.734,1.8287,8.9258,-0.0125,0.0379,9.8065,0.0621,0.0012,-0.0317,-0.19,-29.87,26.31,6.89,-85.41,-173.76
52.414383,-1.546081,150.02,10.91,3,197.14,21 / 21,2823129,2019-09-06 19:03:09:811,-0.8109,0.0911,10.051,-0.001,0.07,9.8063,0.2483,-0.0599,0.0308,1,-30.56,24.06,10.39,-85.62,-173.05
52.414383,-1.546081,150.02,10.91,3,197.14,21 / 21,2823229,2019-09-06 19:03:09:911,-0.3683,0.0221,9.5069,0.01,-0.0228,9.8065,-0.1035,-0.0621,-0.0005,0.81,-31,23.94,10.62,-85.47,-172.88
52.414383,-1.546081,150.02,10.91,3,197.14,21 / 21,2823329,2019-09-06 19:03:10:011,-0.3035,1.5078,9.9716,-0.0123,-0.0349,9.8066,-0.0703,-0.0266,0.0173,1,-31.62,23.69,10.44,-85.35,-173.1
52.414383,-1.546081,150.02,10.91,3,197.14,21 / 21,2823429,2019-09-06 19:03:10:111,-0.8124,1.7121,9.7276,0.0034,0.0138,9.8066,-0.0448,-0.0502,-0.0384,1,-32.62,25.06,10.28,-85.52,-173.09
52.414383,-1.546081,150.02,10.91,3,197.14,21 / 21,2823529,2019-09-06 19:03:10:211,-0.1435,0.2217,9.7885,-0.008,0.0206,9.8065,-0.0594,-0.0259,-0.001,0.13,-32.5,25.56,7.54,-85.63,-173.19
52.414383,-1.546081,150.02,10.91,3,197.14,21 / 21,2823629,2019-09-06 19:03:10:311,-1.0451,1.8566,9.8661,-0.0089,0.0058,9.8066,0.0479,-0.026,0.0102,0.5,-32.69,24.56,11.04,-85.73,-172.36
52.414383,-1.546081,150.02,10.91,3,197.14,21 / 21,2823729,2019-09-06 19:03:10:411,0.2386,0.8953,9.9044,0.0119,0.0252,9.8066,-0.0549,-0.0497,-0.0083,0.94,-31.94,24.44,10.31,-85.81,-173.1
52.414383,-1.546081,150.02,10.91,3,197.14,21 / 21,2823828,2019-09-06 19:03:10:510,-0.3861,0.3159,10.2532,0.0008,-0.01,9.8066,0.1483,-0.1048,0.0241,0.38,-31.44,24.75,7.92,-85.81,-172.82
52.414383,-1.546081,150.02,10.91,3,197.14,21 / 21,2823928,2019-09-06 19:03:10:610,0.1581,-0.1381,10.8328,-0.0021,0.0094,9.8066,0.2005,-0.0318,-0.0516,-0.19,-31.06,25.31,8.49,-85.75,-172.31
52.414383,-1.546081,150.02,10.91,3,197.14,21 / 21,2824029,2019-09-06 19:03:10:711,0.6336,0.5921,10.8772,0.0059,-0.0497,9.8064,0.0004,0.0961,-0.0416,-0.94,-30.69,25.19,5.13,-85.47,-173.1
52.414383,-1.546081,150.02,10.91,3,197.14,21 / 21,2824128,2019-09-06 19:03:10:810,-3.0566,1.1292,10.5501,-0.0137,-0.0337,9.8066,-0.0701,-0.1592,0.0281,-0.56,-31.44,24.63,5.25,-85.3,-173.01
52.414383,-1.546081,150.02,10.91,3,197.14,21 / 21,2824229,2019-09-06 19:03:10:911,-0.5,1.7539,10.0247,0.0201,0.0238,9.8066,-0.0128,-0.0149,-0.0337,0.31,-31.87,24.31,6.38,-85.43,-174.32
52.414383,-1.546081,150.02,10.91,3,197.14,21 / 21,2824329,2019-09-06 19:03:11:011,0.0994,1.4077,9.3529,0.0196,0.001,9.8066,-0.118,-0.0752,0.1383,2,-31.94,23.94,7.21,-85.62,-178.3
52.414383,-1.546081,150.02,10.91,3,197.14,21 / 21,2824428,2019-09-06 19:03:11:110,-0.2572,0.7965,9.9414,0.0065,0.0144,9.8066,-0.0126,-0.0602,-0.0591,2.06,-33.06,24.63,8.59,-85.94,-176.8
52.414383,-1.546081,150.02,10.91,3,197.14,21 / 21,2824529,2019-09-06 19:03:11:211,1.2739,1.1821,9.5709,0.0113,-0.0026,9.8065,0.01,0.025,-0.0525,3.19,-33.69,25.94,8.91,-85.91,-178.52
52.414383,-1.546081,150.02,10.91,3,197.14,21 / 21,2824629,2019-09-06 19:03:11:311,-0.1288,0.6613,10.5155,-0.0131,0.0016,9.8066,0.0115,-0.0103,0.0098,1.13,-33.31,25.94,4.77,-85.77,-177.89
52.414383,-1.546081,150.02,10.91,3,197.14,21 / 21,2824728,2019-09-06 19:03:11:410,-0.2919,1.3864,9.8538,-0.0018,0.01,9.8066,-0.0074,-0.0115,0.0082,1.38,-33.69,25.94,5.45,-85.68,-177.3
52.414383,-1.546081,150.02,10.91,3,197.14,21 / 21,2824829,2019-09-06 19:03:11:511,0.365,0.0479,10.3429,0.0062,-0.0081,9.8066,0.0564,-0.0692,0.0143,0.63,-33.75,26,4.85,-85.71,-177.84
52.414383,-1.546081,150.02,10.91,3,197.14,21 / 21,2824928,2019-09-06 19:03:11:610,0.526,1.0532,10.0585,0.0059,0.0034,9.8066,0.0391,0.0664,-0.1037,0.94,-33.81,24.5,4,-85.71,-178.71
52.414383,-1.546081,150.02,10.91,3,197.14,21 / 21,2825029,2019-09-06 19:03:11:711,0.1256,0.2221,10.1721,0.0104,-0.0097,9.8066,0.0491,0.0932,0.0157,0.63,-33.06,23.75,359.56,-85.72,177.22
52.414383,-1.546081,150.02,10.91,3,197.14,21 / 21,2825129,2019-09-06 19:03:11:811,-0.5648,1.3667,9.9728,0.0043,0.0003,9.8066,0.0056,-0.0191,0.0163,-0.75,-33.56,23.69,352.98,-85.72,176.13
52.414383,-1.546081,150.02,10.91,3,197.14,21 / 21,2825229,2019-09-06 19:03:11:911,0.9681,-0.8495,10.2117,0.0195,-0.0172,9.8065,-0.0813,0.0405,-0.0187,-0.81,-33.44,25.06,351.83,-85.59,174.97
52.414383,-1.546081,150.02,10.91,3,197.14,21 / 21,2825328,2019-09-06 19:03:12:010,1.1626,1.9176,9.9343,0.0062,-0.0345,9.8065,-0.0939,0.0735,-0.0796,-1,-33.75,25.63,351.44,-85.56,174.53
52.41353,-1.54657,149.46,10.4,2,199.39,21 / 21,2825430,2019-09-06 19:03:12:112,0.8604,0.2251,10.007,-0.0091,-0.0199,9.8066,-0.0717,-0.0023,0.046,-0.37,-33.75,26.13,354.28,-85.64,174.86
52.41353,-1.54657,149.46,10.4,2,199.39,21 / 21,2825528,2019-09-06 19:03:12:210,0.9122,0.1216,10.0741,0.0011,0.0209,9.8066,0.0258,-0.0158,0.0927,-0.56,-34.25,25.19,351.92,-85.76,175.04
52.41353,-1.54657,149.46,10.4,2,199.39,21 / 21,2825628,2019-09-06 19:03:12:310,0.3251,0.9252,9.9525,-0.0074,-0.0057,9.8066,-0.1272,0.0453,-0.0362,0.13,-34.69,25.38,355.65,-85.76,176.11
52.41353,-1.54657,149.46,10.4,2,199.39,21 / 21,2825728,2019-09-06 19:03:12:410,0.1065,0.5337,9.5748,-0.0066,0.0369,9.8065,0.1822,-0.0022,0.0222,-0.5,-34.81,25.19,356.34,-85.76,176.73
52.41353,-1.54657,149.46,10.4,2,199.39,21 / 21,2825829,2019-09-06 19:03:12:511,0.0915,1.0019,9.9877,-0.0161,0.0175,9.8065,0.0399,0.0399,-0.0033,0,-34.44,25.69,359.08,-85.93,179.17
52.41353,-1.54657,149.46,10.4,2,199.39,21 / 21,2825929,2019-09-06 19:03:12:611,-0.0057,-0.3347,9.8291,-0.0047,-0.0169,9.8065,-0.0201,0.0628,0.0221,-0.87,-34.5,24.94,358.28,-85.83,-179.25
52.41353,-1.54657,149.46,10.4,2,199.39,21 / 21,2826029,2019-09-06 19:03:12:711,0.1039,1.243,9.974,-0.0127,-0.0032,9.8066,-0.023,0.0126,0.0382,-0.69,-34.31,25.25,359.91,-85.96,-177.79
52.41353,-1.54657,149.46,10.4,2,199.39,21 / 21,2826129,2019-09-06 19:03:12:811,-0.5117,1.3505,9.5992,-0.0022,0.0069,9.8066,-0.0392,0.0223,-0.0011,-1.12,-34.37,25.25,2.25,-86.11,-175.67
52.41353,-1.54657,149.46,10.4,2,199.39,21 / 21,2826229,2019-09-06 19:03:12:911,0.2241,0.4502,9.4749,-0.0018,0.0037,9.8066,-0.0015,0.0224,0.0102,-1.5,-34.5,26.31,2.34,-86.23,-175.66
52.41353,-1.54657,149.46,10.4,2,199.39,21 / 21,2826330,2019-09-06 19:03:13:012,-0.4329,1.3228,9.9275,-0.0034,-0.001,9.8066,0.0464,0.0257,-0.0546,-1.31,-34.06,25.88,3.05,-86.24,-175.02
52.41353,-1.54657,149.46,10.4,2,199.39,21 / 21,2826430,2019-09-06 19:03:13:112,0.0697,0.9186,9.952,0.0038,0.031,9.8066,0.1332,-0.0164,0.0237,-0.31,-34.37,26.56,4.45,-86.33,-175.92
52.41353,-1.54657,149.46,10.4,2,199.39,21 / 21,2826528,2019-09-06 19:03:13:210,0.335,0.3874,9.976,-0.0009,-0.0442,9.8065,-0.1012,0.0197,-0.0031,-1.37,-34.5,26.31,2.88,-86.16,-175.18
52.41353,-1.54657,149.46,10.4,2,199.39,21 / 21,2826630,2019-09-06 19:03:13:312,0.3007,1.654,10.3237,0.0037,-0.0367,9.8065,-0.0326,0.01,-0.0143,-0.19,-34.56,26,5.84,-86.28,-174.68
52.41353,-1.54657,149.46,10.4,2,199.39,21 / 21,2826729,2019-09-06 19:03:13:411,-0.1167,2.834,10.2811,-0.0152,-0.0014,9.8066,-0.0227,0.0342,-0.031,-0.62,-34.87,26.06,3.47,-86.47,-174.62
52.41353,-1.54657,149.46,10.4,2,199.39,21 / 21,2826829,2019-09-06 19:03:13:511,-0.1397,1.3175,9.6557,-0.0046,-0.0005,9.8066,-0.0702,-0.0169,0.034,0.19,-34.06,25.75,8.29,-86.42,-172.41
52.41353,-1.54657,149.46,10.4,2,199.39,21 / 21,2826928,2019-09-06 19:03:13:610,0.0996,0.821,9.9246,-0.0098,0.0127,9.8066,0.0759,0.0351,0.0204,-0.37,-34.19,25.81,10.62,-86.43,-170.26
52.41353,-1.54657,149.46,10.4,2,199.39,21 / 21,2827028,2019-09-06 19:03:13:710,0.7168,1.6027,10.1286,-0.0088,0.0092,9.8066,-0.0955,0.0398,-0.0034,0.38,-33.69,25.38,12.06,-86.32,-169.01
52.41353,-1.54657,149.46,10.4,2,199.39,21 / 21,2827129,2019-09-06 19:03:13:811,-0.7308,1.4769,10.4375,-0.0112,-0.0198,9.8066,0.0673,0.0279,0.003,-0.12,-33.25,24.75,14.18,-86.31,-167.04
52.41353,-1.54657,149.46,10.4,2,199.39,21 / 21,2827229,2019-09-06 19:03:13:911,-0.5534,0.7426,9.7244,0.0027,-0.0195,9.8065,-0.0245,0.0188,-0.0036,1.13,-32.87,25.94,15.97,-86.24,-167.58
52.41353,-1.54657,149.46,10.4,2,199.39,21 / 21,2827329,2019-09-06 19:03:14:011,0.2071,1.6046,9.5211,-0.0032,0.0059,9.8066,0.0578,0.0248,0.0438,0.75,-32,25.56,15.42,-86.3,-168.02
52.41353,-1.54657,149.46,10.4,2,199.39,21 / 21,2827430,2019-09-06 19:03:14:112,-0.1948,1.6491,9.7934,-0.013,0.0111,9.8066,0.0307,-0.0109,0.0317,0.13,-31.25,25.88,15.46,-86.27,-165.76
52.41353,-1.54657,149.46,10.4,2,199.39,21 / 21,2827528,2019-09-06 19:03:14:210,-0.5537,2.4417,10.2629,-0.0076,-0.0033,9.8066,-0.0774,-0.0216,-0.0358,-1.69,-31,25.19,13.61,-86.25,-162.93
52.41353,-1.54657,149.46,10.4,2,199.39,21 / 21,2827629,2019-09-06 19:03:14:311,-0.4187,1.9957,9.9314,-0.0034,0.0202,9.8066,0.029,-0.0418,0.0479,-1.81,-29.87,24.69,13.67,-86.48,-162.78
52.41353,-1.54657,149.46,10.4,2,199.39,21 / 21,2827729,2019-09-06 19:03:14:411,0.5624,0.9154,9.6435,0.0027,-0.0002,9.8066,0.0318,-0.1002,0.0308,-1.94,-28.56,25,15.26,-86.44,-161.28
52.41353,-1.54657,149.46,10.4,2,199.39,21 / 21,2827828,2019-09-06 19:03:14:510,-0.0075,1.7561,9.6597,-0.0068,-0.0064,9.8066,0.0659,-0.0397,0.0532,0.31,-27.25,24.88,22.43,-86.43,-159.08
52.41353,-1.54657,149.46,10.4,2,199.39,21 / 21,2827929,2019-09-06 19:03:14:611,1.1889,1.5211,9.8157,-0.0089,0.0113,9.8066,-0.0215,0.0436,-0.0658,1.75,-27.31,24.31,28.37,-86.35,-158.38
52.41353,-1.54657,149.46,10.4,2,199.39,21 / 21,2828029,2019-09-06 19:03:14:711,-0.2779,0.3974,9.4538,0.0031,0.0204,9.8065,0.0384,-0.0823,0.0346,3.56,-26.87,24.38,35.37,-86.42,-156.45
52.41353,-1.54657,149.46,10.4,2,199.39,21 / 21,2828129,2019-09-06 19:03:14:811,0.1698,1.4641,9.6531,-0.0028,-0.0061,9.8066,-0.0195,-0.0082,0.0669,5,-27.94,25.94,38.38,-86.26,-155.02
52.41353,-1.54657,149.46,10.4,2,199.39,21 / 21,2828229,2019-09-06 19:03:14:911,0.169,1.4045,9.7189,-0.0147,0.011,9.8065,-0.0593,-0.0549,0.01,5.69,-27.37,28.88,41.48,-86.34,-152.48
52.41353,-1.54657,149.46,10.4,2,199.39,21 / 21,2828330,2019-09-06 19:03:15:012,0.504,1.443,10.2546,-0.0028,0.0151,9.8065,0.0728,0.0045,-0.0786,4.19,-26.44,29.94,40.24,-86.47,-149.37
52.41353,-1.54657,149.46,10.4,2,199.39,21 / 21,2828429,2019-09-06 19:03:15:111,0.2207,1.4691,9.6246,0.0074,0.0007,9.8066,0.0192,-0.0674,0.0489,0.31,-27,29.19,32.48,-86.5,-149.32
52.41353,-1.54657,149.46,10.4,2,199.39,21 / 21,2828529,2019-09-06 19:03:15:211,-0.1754,0.9452,9.1212,-0.0064,0.011,9.8066,-0.0596,-0.0513,0.0616,-1.56,-28.31,28.06,29.38,-86.55,-148.26
52.41353,-1.54657,149.46,10.4,2,199.39,21 / 21,2828629,2019-09-06 19:03:15:311,0.0349,2.0588,9.9288,-0.0077,-0.0112,9.8066,-0.0937,0.0087,-0.0262,-3,-30.12,26.31,29.7,-86.51,-145.75
52.41353,-1.54657,149.46,10.4,2,199.39,21 / 21,2828729,2019-09-06 19:03:15:411,-0.8029,1.2152,10.2273,-0.0069,0.0047,9.8066,0.0324,-0.0214,0.0407,-3.12,-32.19,25.44,31.81,-86.59,-143.67
52.41353,-1.54657,149.46,10.4,2,199.39,21 / 21,2828829,2019-09-06 19:03:15:511,-0.9294,1.9405,9.9236,-0.0004,0.0002,9.8066,0.0533,0.0497,-0.038,-3.19,-32.31,24.56,32.29,-86.6,-143.21
52.41353,-1.54657,149.46,10.4,2,199.39,21 / 21,2828929,2019-09-06 19:03:15:611,-0.5302,1.2764,9.7769,0.0034,0.0166,9.8066,0.0318,-0.0577,0.0541,-2.94,-33.31,24.13,33.6,-86.56,-141.92
52.41353,-1.54657,149.46,10.4,2,199.39,21 / 21,2829028,2019-09-06 19:03:15:710,-0.0844,1.996,9.8047,-0.0098,0.0205,9.8066,0.0076,-0.0028,-0.0441,-1.94,-32.87,23.56,37.64,-86.55,-140.54
52.41353,-1.54657,149.46,10.4,2,199.39,21 / 21,2829128,2019-09-06 19:03:15:810,-0.3348,1.7772,10.1337,0.0101,0.0038,9.8066,0.0213,-0.0072,0.0413,-1.44,-33,23.94,39.1,-86.49,-141.61
52.41353,-1.54657,149.46,10.4,2,199.39,21 / 21,2829229,2019-09-06 19:03:15:911,-1.0155,1.5546,10.0546,-0.0016,-0.0009,9.8066,0.0844,-0.0218,-0.0263,-0.94,-33.37,24.63,38.89,-86.59,-141.7
52.41353,-1.54657,149.46,10.4,2,199.39,21 / 21,2829329,2019-09-06 19:03:16:011,0.5985,1.8893,9.8444,0.0096,-0.0064,9.8066,0.0297,-0.0408,0.0388,-0.19,-33.56,25.31,39.81,-86.59,-143.2
52.41353,-1.54657,149.46,10.4,2,199.39,21 / 21,2829428,2019-09-06 19:03:16:110,-0.2821,1.8296,9.5252,-0.0044,-0.0142,9.8066,-0.0126,0.0204,0.0074,-0.56,-34.37,25.81,37.47,-86.53,-143.14
52.41353,-1.54657,149.46,10.4,2,199.39,21 / 21,2829529,2019-09-06 19:03:16:211,0.583,2.5397,9.9594,-0.001,0.019,9.8066,-0.027,0.0293,-0.1012,-0.06,-34.12,26.63,40.9,-86.63,-141.93
52.41353,-1.54657,149.46,10.4,2,199.39,21 / 21,2829630,2019-09-06 19:03:16:312,-0.2776,2.2656,9.8726,0.0199,0.0155,9.8065,-0.0122,-0.0325,0.0077,0.19,-34,27.13,38.21,-86.75,-144.37
52.41353,-1.54657,149.46,10.4,2,199.39,21 / 21,2829728,2019-09-06 19:03:16:410,0.4859,1.8463,9.508,0.0092,0.0088,9.8066,0.0125,0.026,0.0214,0.25,-33.62,26.88,36.45,-86.78,-146.01
52.41353,-1.54657,149.46,10.4,2,199.39,21 / 21,2829828,2019-09-06 19:03:16:510,0.3642,2.3562,10.1243,-0.0044,0.0117,9.8066,0.0683,0.0028,0.034,0.44,-32.56,25.88,37,-86.89,-145.42
52.41353,-1.54657,149.46,10.4,2,199.39,21 / 21,2829929,2019-09-06 19:03:16:611,0.4678,1.5838,9.8672,-0.0023,-0.0165,9.8066,-0.0823,0.0262,-0.0607,1.88,-32.31,25.56,41.21,-86.82,-145.81
52.41353,-1.54657,149.46,10.4,2,199.39,21 / 21,2830029,2019-09-06 19:03:16:711,0.6444,1.974,9.4647,0.0016,0.0036,9.8066,0.0422,0.0257,0.0576,1.63,-32.12,24.63,40.98,-86.91,-146.22
52.41353,-1.54657,149.46,10.4,2,199.39,21 / 21,2830129,2019-09-06 19:03:16:811,0.8119,2.7908,10.0874,0.0097,0.008,9.8066,-0.0538,0.0328,0.001,0,-32.37,23.25,36.53,-87.1,-145.91
52.41353,-1.54657,149.46,10.4,2,199.39,21 / 21,2830229,2019-09-06 19:03:16:911,0.5885,2.8953,9.8869,-0.0191,0.0096,9.8066,-0.0291,0.0302,0.0453,-1.31,-32.69,21.25,38.08,-87.05,-142.09
52.41353,-1.54657,149.46,10.4,2,199.39,21 / 21,2830328,2019-09-06 19:03:17:010,0.1743,2.1098,9.6798,-0.018,0.0033,9.8066,0.0453,0.0795,0.0327,-2.94,-33.37,22.56,35.38,-86.85,-139.82
52.41353,-1.54657,149.46,10.4,2,199.39,21 / 21,2830429,2019-09-06 19:03:17:111,-0.4022,2.0959,10.2773,-0.01,0.0159,9.8066,0.0021,0.0355,0.0487,-5.19,-33.75,22.94,33.19,-86.79,-137.13
52.41353,-1.54657,149.46,10.4,2,199.39,21 / 21,2830529,2019-09-06 19:03:17:211,-0.4025,2.2832,9.9544,0.005,0.0126,9.8066,0.0072,0.0801,-0.053,-6.56,-33.56,24.63,31.24,-86.93,-135.24
52.41353,-1.54657,149.46,10.4,2,199.39,21 / 21,2830629,2019-09-06 19:03:17:311,0.6263,2.2891,9.5732,-0.0104,0.0121,9.8066,0.0249,0.0399,0.0859,-6.06,-33.5,25.25,35.24,-86.98,-133.54
52.41353,-1.54657,149.46,10.4,2,199.39,21 / 21,2830729,2019-09-06 19:03:17:411,-0.0275,1.5838,9.7613,-0.0114,-0.0072,9.8066,0.017,0.076,-0.0098,-6.06,-33.06,26.88,37.67,-86.83,-132.15
52.41353,-1.54657,149.46,10.4,2,199.39,21 / 21,2830830,2019-09-06 19:03:17:512,-0.4344,1.888,9.6448,-0.0095,0.0069,9.8066,-0.0426,0.0794,0.0339,-5.5,-33.75,26.81,42.99,-86.8,-129.27
52.41353,-1.54657,149.46,10.4,2,199.39,21 / 21,2830928,2019-09-06 19:03:17:610,-0.4078,2.1263,9.8223,-0.0084,0.0087,9.8066,-0.0202,0.04,0.0085,-5.37,-33.37,27.06,47.33,-86.86,-125
52.41353,-1.54657,149.46,10.4,2,199.39,21 / 21,2831030,2019-09-06 19:03:17:712,-0.1135,1.744,9.7947,0.0039,0.0112,9.8066,0.0372,0.0715,-0.0273,-5.19,-33.62,27.75,49.31,-86.96,-123.37
52.41353,-1.54657,149.46,10.4,2,199.39,21 / 21,2831129,2019-09-06 19:03:17:811,-0.0124,1.161,9.9989,-0.002,0.018,9.8065,0.0215,0.0317,0.0255,-4.31,-34.31,27.5,52.95,-87.09,-121.75
52.41353,-1.54657,149.46,10.4,2,199.39,21 / 21,2831229,2019-09-06 19:03:17:911,0.0353,1.0361,10.1002,-0.0013,0.0098,9.8066,-0.0675,0.0623,-0.0143,-3.94,-34.06,27.38,56.03,-87.19,-118.47
52.41353,-1.54657,149.46,10.4,2,199.39,21 / 21,2831328,2019-09-06 19:03:18:010,-0.0438,0.8208,10.037,-0.0149,0.0181,9.8066,-0.0183,0.0459,0.0516,-3.81,-34.69,27.31,61.23,-87.2,-113.53
52.41353,-1.54657,149.46,10.4,2,199.39,21 / 21,2831429,2019-09-06 19:03:18:111,-0.3145,1.3339,9.8976,-0.0082,0.0103,9.8066,-0.0038,0.01,0.0313,-4.25,-34.44,27.19,67.61,-87.06,-107.38
52.41353,-1.54657,149.46,10.4,2,199.39,21 / 21,2831530,2019-09-06 19:03:18:212,-0.7326,0.7139,9.5529,-0.0056,0.016,9.8066,-0.0292,0.026,0.0031,-4.62,-34.56,25.94,69.93,-87.07,-102.85
52.41353,-1.54657,149.46,10.4,2,199.39,21 / 21,2831629,2019-09-06 19:03:18:311,-0.5278,1.1783,9.8908,0.0011,0.0066,9.8066,0.0092,0.0172,0.0064,-4.25,-34.37,26.5,75.88,-87.06,-99.26
52.41353,-1.54657,149.46,10.4,2,199.39,21 / 21,2831729,2019-09-06 19:03:18:411,-0.4491,1.3501,9.8359,0.0101,0.0117,9.8066,-0.065,0.0318,-0.0233,-4.37,-34.31,26.38,79.29,-87.2,-95.54
52.41353,-1.54657,149.46,10.4,2,199.39,21 / 21,2831829,2019-09-06 19:03:18:511,-0.3595,1.2401,10.1312,-0.0064,0.0167,9.8065,-0.0231,-0.0194,0.0295,-4.12,-34.62,26.19,84.28,-87.21,-90.68
52.41353,-1.54657,149.46,10.4,2,199.39,21 / 21,2831929,2019-09-06 19:03:18:611,-0.2627,0.7371,10.3376,-0.0022,0.0158,9.8066,0.0335,-0.0387,0.0041,-3.56,-34.87,26.69,86.58,-87.18,-88.61
52.41353,-1.54657,149.46,10.4,2,199.39,21 / 21,2832028,2019-09-06 19:03:18:710,-0.3437,0.5388,10.0188,-0.0037,-0.0111,9.8066,0.0355,-0.0303,0.0061,-3.62,-34.94,27,85.86,-87.16,-89.35
52.41353,-1.54657,149.46,10.4,2,199.39,21 / 21,2832129,2019-09-06 19:03:18:811,-0.2396,0.9223,9.6638,-0.0026,0.0045,9.8066,-0.0266,-0.0612,0.0045,-3.19,-34.81,26.44,89.33,-87.12,-87.96
52.41353,-1.54657,149.46,10.4,2,199.39,21 / 21,2832228,2019-09-06 19:03:18:910,-0.223,1.3081,10.1079,-0.0025,0.0069,9.8066,-0.0114,-0.0577,-0.0068,-3.37,-34.62,26.56,91.68,-87.11,-85.71
52.41353,-1.54657,149.46,10.4,2,199.39,21 / 21,2832329,2019-09-06 19:03:19:011,-0.3384,1.7069,10.2302,0.0035,0.0089,9.8066,-0.0187,-0.0377,-0.0094,-3.69,-34.62,26.31,92.36,-87.1,-82.76
52.41353,-1.54657,149.46,10.4,2,199.39,21 / 21,2832429,2019-09-06 19:03:19:111,-0.3977,1.4942,10.2054,0.0061,-0.0018,9.8066,0.0156,-0.0648,-0.0176,-3.81,-34.44,26.75,94.16,-87.15,-80.95
52.41353,-1.54657,149.46,10.4,2,199.39,21 / 21,2832528,2019-09-06 19:03:19:210,-0.2105,1.1955,9.7059,0.0001,-0.0039,9.8065,-0.0199,-0.0785,0.0167,-4,-34.62,25.75,93.96,-87.15,-81.08
52.41353,-1.54657,149.46,10.4,2,199.39,21 / 21,2832629,2019-09-06 19:03:19:311,-0.0652,0.8312,9.856,-0.004,0.0077,9.8066,-0.0269,-0.0831,0.0207,-3.12,-35,26.19,96.98,-87.1,-80.28
52.41353,-1.54657,149.46,10.4,2,199.39,21 / 21,2832728,2019-09-06 19:03:19:410,-0.0496,-0.126,9.6359,-0.0051,0.0133,9.8066,0.0142,-0.0787,-0.0024,-3.69,-34.81,25.94,94.85,-87.05,-80.32
52.41353,-1.54657,149.46,10.4,2,199.39,21 / 21,2832828,2019-09-06 19:03:19:510,-0.2977,-0.0158,9.8187,-0.0058,0.0041,9.8066,0.0049,-0.077,0.0198,-2.87,-35.06,26.13,96.84,-86.97,-80.61
52.41353,-1.54657,149.46,10.4,2,199.39,21 / 21,2832928,2019-09-06 19:03:19:610,0.0248,0.0437,10.0132,-0.0063,0.0051,9.8066,0.0205,-0.0764,-0.0078,-2.87,-35.19,25.81,98.22,-86.84,-79.37
52.41353,-1.54657,149.46,10.4,2,199.39,21 / 21,2833029,2019-09-06 19:03:19:711,-0.1992,-0.0638,10.1635,-0.0043,-0.0037,9.8066,0.0035,-0.1003,0.0132,-2.75,-35,25.5,98.84,-86.82,-78.77
52.41353,-1.54657,149.46,10.4,2,199.39,21 / 21,2833129,2019-09-06 19:03:19:811,-0.0026,-0.4828,9.6673,-0.0047,-0.0094,9.8066,-0.0029,-0.0874,0.0139,-3.12,-34.69,26,98.24,-86.77,-79.44
52.41353,-1.54657,149.46,10.4,2,199.39,21 / 21,2833229,2019-09-06 19:03:19:911,-0.0752,-0.5292,9.8019,-0.0092,0.001,9.8066,0.0199,-0.0904,0.0436,-2.06,-34.81,25.69,100.39,-86.65,-79.63
52.41353,-1.54657,149.46,10.4,2,199.39,21 / 21,2833330,2019-09-06 19:03:20:012,-0.3703,-0.8649,9.8621,-0.0114,0.0012,9.8065,0.0052,-0.1014,0.0173,-2.19,-34.94,25.56,100.56,-86.51,-79.64
52.41353,-1.54657,149.46,10.4,2,199.39,21 / 21,2833430,2019-09-06 19:03:20:112,-0.3029,-1.0124,10.0075,-0.0102,0.0037,9.8066,0.019,-0.118,0.0378,-1.69,-35.37,25.88,100.73,-86.39,-79.62
52.41353,-1.54657,149.46,10.4,2,199.39,21 / 21,2833529,2019-09-06 19:03:20:211,-0.3764,-0.5992,10.1992,-0.0077,0.0015,9.8066,0.0081,-0.1252,0.0115,-1.37,-35.12,25.25,102.79,-86.22,-80.06
52.41353,-1.54657,149.46,10.4,2,199.39,21 / 21,2833630,2019-09-06 19:03:20:312,-0.2525,-0.717,9.9722,0.0004,-0.0015,9.8066,-0.0013,-0.1151,-0.0028,-1.56,-35.31,25.81,99.96,-86.18,-80.69
52.41353,-1.54657,149.46,10.4,2,199.39,21 / 21,2833728,2019-09-06 19:03:20:410,-0.2255,-0.7317,9.6576,0.0015,-0.001,9.8066,0.0043,-0.1278,-0.0042,-1.87,-35.31,25.75,99.85,-86.18,-80.8
52.41353,-1.54657,149.46,10.4,2,199.39,21 / 21,2833829,2019-09-06 19:03:20:511,0.1124,-0.7381,9.6533,-0.0066,0.0013,9.8066,0.0115,-0.151,0.0215,-1.75,-34.75,25.63,99.93,-86.11,-80.8
52.41353,-1.54657,149.46,10.4,2,199.39,21 / 21,2833929,2019-09-06 19:03:20:611,-0.1159,-0.3084,10.1241,-0.0146,-0.0026,9.8066,-0.0486,-0.1528,0.0096,-1.44,-35.37,25.69,101.87,-85.96,-81.23
52.41353,-1.54657,149.46,10.4,2,199.39,21 / 21,2834029,2019-09-06 19:03:20:711,-0.6834,-0.0735,10.1013,-0.0111,-0.0061,9.8066,0.0364,-0.1794,0.0156,-1.69,-35.19,25.31,99.72,-85.82,-81.46
52.41353,-1.54657,149.46,10.4,2,199.39,21 / 21,2834128,2019-09-06 19:03:20:810,-0.8439,-0.4353,10.013,-0.0046,-0.0073,9.8066,0.0262,-0.1881,-0.0228,-1.31,-34.75,25.69,100.05,-85.71,-83.42
52.41353,-1.54657,149.46,10.4,2,199.39,21 / 21,2834228,2019-09-06 19:03:20:910,-0.4086,-0.3967,10.0702,0.0103,-0.0077,9.8066,0.0183,-0.2041,-0.0186,-0.62,-34.75,25.56,98.2,-85.84,-85.14
52.41353,-1.54657,149.46,10.4,2,199.39,21 / 21,2834329,2019-09-06 19:03:21:011,-0.105,-0.4765,10.0561,0.018,-0.0086,9.8066,0.0068,-0.1932,-0.045,0.06,-34.94,25.06,99.37,-86.05,-86.07
52.413105,-1.5468,149.19,1.99,3,207.9,21 / 21,2834429,2019-09-06 19:03:21:111,0.2738,-0.273,9.9206,0.0083,-0.0121,9.8066,0.0042,-0.2084,-0.0073,0.69,-34.87,25.69,99.35,-86.2,-87.9
52.413105,-1.5468,149.19,1.99,3,207.9,21 / 21,2834528,2019-09-06 19:03:21:210,0.1005,-0.1333,9.5158,-0.0069,-0.0238,9.8065,-0.0043,-0.2128,0.0278,1.25,-35.06,25.44,96.74,-86.22,-90.81
52.413105,-1.5468,149.19,1.99,3,207.9,21 / 21,2834628,2019-09-06 19:03:21:310,-0.6435,-0.1392,9.852,-0.0227,-0.0054,9.8066,0.0695,-0.2333,0.0466,1.69,-34.69,25.5,95.63,-85.91,-94.23
52.413105,-1.5468,149.19,1.99,3,207.9,21 / 21,2834729,2019-09-06 19:03:21:411,-0.5229,-0.6008,9.7323,-0.0158,0.0007,9.8066,0.0259,-0.2238,0.0285,1.69,-34.5,25.69,93.91,-85.71,-96.07
52.413105,-1.5468,149.19,1.99,3,207.9,21 / 21,2834829,2019-09-06 19:03:21:511,-0.8021,-0.5875,10.1525,-0.0179,-0.0184,9.8066,0.0319,-0.2555,0.0313,1.63,-34.69,26.19,92.25,-85.53,-98.17
52.413105,-1.5468,149.19,1.99,3,207.9,21 / 21,2834929,2019-09-06 19:03:21:611,-0.8158,-0.2609,9.9207,-0.0126,-0.0155,9.8066,0.0641,-0.2718,0.0193,2.19,-34.44,25.56,89.06,-85.25,-101.55
52.413105,-1.5468,149.19,1.99,3,207.9,21 / 21,2835028,2019-09-06 19:03:21:710,-1.1035,-1.257,9.7476,-0.0125,-0.0335,9.8066,0.0212,-0.2904,0.0092,3,-34.94,24.69,87.11,-85.09,-106.59
52.413105,-1.5468,149.19,1.99,3,207.9,21 / 21,2835129,2019-09-06 19:03:21:811,-0.8774,-1.4684,9.8151,-0.0084,-0.0257,9.8065,0.0321,-0.3136,0.0012,3.44,-34.69,24.31,84.78,-84.98,-109.64
52.413105,-1.5468,149.19,1.99,3,207.9,21 / 21,2835228,2019-09-06 19:03:21:910,-0.7502,-1.4142,9.8772,-0.0059,-0.0035,9.8066,0.0262,-0.3494,0.0154,3.38,-34.06,24.38,82.16,-84.88,-112.16
52.413105,-1.5468,149.19,1.99,3,207.9,21 / 21,2835329,2019-09-06 19:03:22:011,-0.7283,-1.9822,9.5563,-0.0064,0.0152,9.8066,0.0075,-0.3385,0.0396,4.19,-34.19,23.88,84.78,-84.75,-112.06
52.413105,-1.5468,149.19,1.99,3,207.9,21 / 21,2835428,2019-09-06 19:03:22:110,-1.172,-1.6503,10.1196,-0.0498,-0.0087,9.8064,0.0432,-0.4346,0.1454,3.81,-34.06,23.69,86.04,-84.21,-111.56
52.413105,-1.5468,149.19,1.99,3,207.9,21 / 21,2835529,2019-09-06 19:03:22:211,-2.0647,-0.5951,10.0917,-0.0448,-0.0079,9.8065,-0.0058,-0.3985,0.0625,5,-34,23,90.38,-83.67,-111.1
52.413105,-1.5468,149.19,1.99,3,207.9,21 / 21,2835628,2019-09-06 19:03:22:310,-1.981,-0.4638,10.5621,-0.0267,-0.0118,9.8066,-0.0529,-0.4488,0.0737,5.31,-34.25,22.38,91.55,-83.23,-111.54
52.413105,-1.5468,149.19,1.99,3,207.9,21 / 21,2835728,2019-09-06 19:03:22:410,-2.0829,-0.8296,9.9568,-0.0039,0.0138,9.8066,-0.0585,-0.478,0.0358,5.13,-34.94,21.31,93.75,-83.09,-110.92
52.413105,-1.5468,149.19,1.99,3,207.9,21 / 21,2835828,2019-09-06 19:03:22:510,-1.433,0.0927,9.5187,0.0056,0.0057,9.8065,-0.0225,-0.4961,0.0475,6.31,-36,20.06,98.31,-83.06,-110.32
52.413105,-1.5468,149.19,1.99,3,207.9,21 / 21,2835928,2019-09-06 19:03:22:610,-1.4159,-0.0876,9.8119,-0.0026,0.0074,9.8066,-0.0374,-0.4815,0.0108,6.56,-36.19,19.06,102.41,-83.04,-109.95
52.413105,-1.5468,149.19,1.99,3,207.9,21 / 21,2836028,2019-09-06 19:03:22:710,-1.0235,0.2983,10.2467,-0.022,-0.007,9.8066,-0.0091,-0.5346,0.0848,7,-35.44,18.75,101.7,-82.81,-110.76
52.413105,-1.5468,149.19,1.99,3,207.9,21 / 21,2836128,2019-09-06 19:03:22:810,-0.8599,0.2555,9.9644,-0.0183,-0.0035,9.8066,-0.0004,-0.5187,0.0352,6.94,-35.87,18.44,103.75,-82.6,-110.98
52.413105,-1.5468,149.19,1.99,3,207.9,21 / 21,2836228,2019-09-06 19:03:22:910,-0.9979,0.5346,10.1106,-0.0342,0.0089,9.8066,-0.0199,-0.5497,0.1153,7.5,-35.5,16.31,109.58,-82.18,-111.47
52.413105,-1.5468,149.19,1.99,3,207.9,21 / 21,2836329,2019-09-06 19:03:23:011,-1.7411,0.1691,9.7335,-0.0334,0.0049,9.8065,-0.022,-0.5553,0.0916,7.63,-36,15.75,110.1,-81.76,-112.14
52.413105,-1.5468,149.19,1.99,3,207.9,21 / 21,2836430,2019-09-06 19:03:23:112,-1.9614,1.1284,10.2,-0.0209,0.0047,9.8066,-0.0428,-0.5937,0.057,8.31,-35.69,15.13,111.87,-81.39,-113.25
52.413105,-1.5468,149.19,1.99,3,207.9,21 / 21,2836529,2019-09-06 19:03:23:211,-0.9869,0.474,9.9423,-0.0085,-0.0063,9.8066,-0.013,-0.562,0.0196,8.94,-36.69,13,118.78,-81.18,-114.14
52.413105,-1.5468,149.19,1.99,3,207.9,21 / 21,2836628,2019-09-06 19:03:23:310,-0.7359,-0.0693,9.5853,-0.0039,-0.0072,9.8066,0.0308,-0.5195,0.0234,9,-36.75,12.88,117.36,-81.23,-115.71
52.413105,-1.5468,149.19,1.99,3,207.9,21 / 21,2836729,2019-09-06 19:03:23:411,-0.7016,-0.0924,9.9127,-0.0192,-0.0103,9.8066,-0.0047,-0.5058,0.0384,8.81,-36.19,12.5,115.61,-81.06,-117.61
52.413105,-1.5468,149.19,1.99,3,207.9,21 / 21,2836828,2019-09-06 19:03:23:510,-0.6139,-0.3287,10.1435,-0.0286,-0.0036,9.8065,0.0173,-0.4432,0.0518,8.75,-36.87,11.25,120.67,-80.7,-119.72
52.413105,-1.5468,149.19,1.99,3,207.9,21 / 21,2836928,2019-09-06 19:03:23:610,-1.2731,0.1472,10.0782,-0.0224,0.0024,9.8066,-0.0114,-0.4681,0.0813,9.19,-36.81,10.38,123.56,-80.46,-120.62
52.413105,-1.5468,149.19,1.99,3,207.9,21 / 21,2837029,2019-09-06 19:03:23:711,-1.4184,0.0354,10.251,-0.03,-0.002,9.8066,-0.0113,-0.3976,0.0431,8.94,-36.25,9.56,123.12,-80.26,-121
52.413105,-1.5468,149.19,1.99,3,207.9,21 / 21,2837132,2019-09-06 19:03:23:814,-2.4244,-0.4296,9.5435,-0.0257,-0.0088,9.8065,0.0175,-0.3912,0.0394,9,-36.19,9.25,125.88,-79.94,-122.54
52.413105,-1.5468,149.19,1.99,3,207.9,21 / 21,2837229,2019-09-06 19:03:23:911,-2.713,-0.1567,9.7006,-0.0323,-0.0082,9.8065,-0.0474,-0.3611,0.0254,8.81,-36.56,8.06,129.19,-79.72,-124.15
52.413105,-1.5468,149.19,1.99,3,207.9,21 / 21,2837329,2019-09-06 19:03:24:011,-1.9783,-0.2417,9.8794,-0.035,-0.0181,9.8065,-0.0443,-0.3036,0.019,8.75,-36.31,8.13,127.82,-79.59,-125.62
52.413105,-1.5468,149.19,1.99,3,207.9,21 / 21,2837430,2019-09-06 19:03:24:112,-1.1979,-0.5179,10.2604,0.0002,-0.0049,9.8066,-0.0296,-0.2882,-0.0062,9.31,-36.75,7.38,131.15,-79.63,-126.87
52.413105,-1.5468,149.19,1.99,3,207.9,21 / 21,2837529,2019-09-06 19:03:24:211,-0.2811,-0.6321,9.8998,0.0094,-0.0141,9.8066,0.0074,-0.2133,-0.0368,9,-36.31,7.06,129.84,-79.69,-127.8
52.413105,-1.5468,149.19,1.99,3,207.9,21 / 21,2837629,2019-09-06 19:03:24:311,-0.7305,-0.9143,10.088,0.0069,-0.014,9.8066,0.0686,-0.1924,0.0188,8.5,-36.06,6.31,132.86,-79.9,-128.56
52.413105,-1.5468,149.19,1.99,3,207.9,21 / 21,2837729,2019-09-06 19:03:24:411,-0.5023,-0.8345,10.2737,0.0179,-0.0033,9.8066,-0.0997,-0.1154,-0.0407,9.31,-36.25,6.63,128.38,-80.09,-128.78
52.413105,-1.5468,149.19,1.99,3,207.9,21 / 21,2837829,2019-09-06 19:03:24:511,-1.1844,0.0237,9.9589,-0.0316,-0.0143,9.8065,-0.0227,-0.1619,0.0387,9.44,-36,5.63,131.27,-80.11,-130.28
52.413105,-1.5468,149.19,1.99,3,207.9,21 / 21,2837929,2019-09-06 19:03:24:611,-1.718,-0.7929,9.9558,-0.0231,-0.0043,9.8066,-0.0083,-0.0902,0,9.19,-36.25,5.44,135.22,-80.06,-130.64
52.413105,-1.5468,149.19,1.99,3,207.9,21 / 21,2838028,2019-09-06 19:03:24:710,-1.2827,0.0672,9.9514,-0.0159,-0.0134,9.8065,-0.0531,-0.0773,-0.0206,8.38,-35.94,5.38,134.13,-80.09,-131.8
52.413105,-1.5468,149.19,1.99,3,207.9,21 / 21,2838128,2019-09-06 19:03:24:810,-0.2256,-0.3924,9.6764,-0.0288,-0.0147,9.8066,-0.0429,-0.1019,-0.0166,9.19,-35.37,5.44,132.98,-80.1,-133.06
52.413105,-1.5468,149.19,1.99,3,207.9,21 / 21,2838228,2019-09-06 19:03:24:910,-0.5832,-0.1674,10.0526,0.0101,-0.0164,9.8066,0.0875,-0.0585,-0.0452,9.13,-35.94,6.06,128.73,-80.11,-133.9
52.413105,-1.5468,149.19,1.99,3,207.9,21 / 21,2838329,2019-09-06 19:03:25:011,-0.249,-0.0109,10.4019,0.01,-0.0192,9.8066,0.0566,-0.0924,-0.0235,9.69,-35.56,4.94,131.49,-80.31,-135.69
52.413105,-1.5468,149.19,1.99,3,207.9,21 / 21,2838428,2019-09-06 19:03:25:110,-1.4429,-0.1004,9.5385,-0.0319,-0.0303,9.8065,0.0321,-0.0965,0.012,9.88,-35.62,5.06,129.44,-80.34,-138.48
52.413105,-1.5468,149.19,1.99,3,207.9,21 / 21,2838528,2019-09-06 19:03:25:210,-1.0838,-0.6904,10.2402,-0.0368,-0.0142,9.8066,0.027,-0.0573,-0.0107,10.19,-35.19,5.5,123.99,-80.37,-139.53
52.413105,-1.5468,149.19,1.99,3,207.9,21 / 21,2838628,2019-09-06 19:03:25:310,-0.1879,-0.7811,9.9887,0.001,-0.0132,9.8066,0.0488,-0.0691,-0.0325,10.38,-35.56,4.63,127.46,-80.48,-140.83
52.413105,-1.5468,149.19,1.99,3,207.9,21 / 21,2838729,2019-09-06 19:03:25:411,-1.113,-0.7731,9.846,0.0053,-0.0156,9.8066,0.0365,-0.0664,0.0282,10.69,-35.37,5.31,126.13,-80.48,-142.04
52.413105,-1.5468,149.19,1.99,3,207.9,21 / 21,2838829,2019-09-06 19:03:25:511,-0.8806,-0.8422,10.4232,-0.0194,-0.0031,9.8066,0.032,-0.0074,-0.0147,11.06,-34.94,4.81,125.44,-80.44,-143.03
52.413105,-1.5468,149.19,1.99,3,207.9,21 / 21,2838929,2019-09-06 19:03:25:611,-0.907,0.2004,10.2482,-0.0057,-0.0058,9.8065,-0.0162,-0.0069,-0.0119,10.81,-35.06,4.31,128.79,-80.35,-144.02
52.413105,-1.5468,149.19,1.99,3,207.9,21 / 21,2839029,2019-09-06 19:03:25:711,-0.931,-1.5281,9.4767,-0.0146,-0.0052,9.8066,-0.0298,-0.0828,0.0031,10.44,-34.81,3.81,128.14,-80.27,-145.5
52.413105,-1.5468,149.19,1.99,3,207.9,21 / 21,2839128,2019-09-06 19:03:25:810,-0.6818,-0.8935,9.8225,0.0105,-0.004,9.8066,-0.0747,-0.0587,0.0147,10.06,-34.87,3.5,128.29,-80.21,-145.44
52.413105,-1.5468,149.19,1.99,3,207.9,21 / 21,2839229,2019-09-06 19:03:25:911,-1.7011,0.0509,10.2177,0.0127,-0.0069,9.8066,0.1399,-0.0246,0.0037,8.94,-35.31,3.81,128.59,-80.27,-145.31
52.413105,-1.5468,149.19,1.99,3,207.9,21 / 21,2839331,2019-09-06 19:03:26:013,-0.3681,0.3893,10.4138,0.0082,-0.0015,9.8066,0.0529,-0.114,0.0324,9.63,-34.44,4.06,127.59,-80.32,-145.33
52.413105,-1.5468,149.19,1.99,3,207.9,21 / 21,2839429,2019-09-06 19:03:26:111,-0.3261,0.7643,9.9896,-0.0128,-0.0011,9.8066,-0.0918,-0.1203,0.0637,10.06,-35.44,4.25,128.49,-80.33,-144.85
52.413105,-1.5468,149.19,1.99,3,207.9,21 / 21,2839528,2019-09-06 19:03:26:210,-0.1395,-0.1769,9.9056,-0.0104,0.0014,9.8066,-0.027,-0.0343,-0.0466,9.19,-35,3.63,128.77,-80.28,-145.02
52.413105,-1.5468,149.19,1.99,3,207.9,21 / 21,2839629,2019-09-06 19:03:26:311,-1.0321,-0.4699,9.4011,-0.0154,-0.0063,9.8066,-0.0332,-0.043,0.0275,9.19,-34.69,3.38,132.6,-80.28,-146.08
52.413105,-1.5468,149.19,1.99,3,207.9,21 / 21,2839729,2019-09-06 19:03:26:411,0.0617,-0.3321,9.6691,-0.0085,-0.001,9.8066,-0.074,-0.0228,0.0088,9.06,-35.44,3.56,127.87,-80.33,-146.14
52.413105,-1.5468,149.19,1.99,3,207.9,21 / 21,2839830,2019-09-06 19:03:26:512,-0.6548,-0.468,9.9027,0.0331,-0.0158,9.8065,0.1155,-0.0166,0.0187,7.75,-34.5,4.25,126.87,-80.61,-146.21
52.413105,-1.5468,149.19,1.99,3,207.9,21 / 21,2839928,2019-09-06 19:03:26:610,-0.1529,-0.3182,10.0104,0.0203,-0.0018,9.8066,0.027,-0.0201,-0.0443,8.19,-33.75,5.75,116.44,-80.65,-146.39
52.413105,-1.5468,149.19,1.99,3,207.9,21 / 21,2840029,2019-09-06 19:03:26:711,-0.6425,-1.4217,9.5935,0.0029,-0.0163,9.8066,-0.029,-0.0777,0.0155,8.69,-33.56,6.69,112.3,-80.68,-146.42
52.413105,-1.5468,149.19,1.99,3,207.9,21 / 21,2840128,2019-09-06 19:03:26:810,0.8365,-0.0094,9.531,-0.0121,-0.009,9.8065,-0.0964,0.0303,-0.041,10.94,-33.12,6.13,116.25,-80.73,-147.44
52.413105,-1.5468,149.19,1.99,3,207.9,21 / 21,2840229,2019-09-06 19:03:26:911,1.0887,-0.5815,10.0039,0.0155,0.0031,9.8065,-0.0586,0.0037,-0.0077,11.69,-34.19,5.25,120.85,-80.94,-147.13
52.413105,-1.5468,149.19,1.99,3,207.9,21 / 21,2840328,2019-09-06 19:03:27:010,-0.0382,-0.5106,9.881,0.0177,-0.0025,9.8066,-0.0082,-0.0229,-0.0238,11.19,-34.37,4.75,120.58,-81.04,-147.05
52.413105,-1.5468,149.19,1.99,3,207.9,21 / 21,2840428,2019-09-06 19:03:27:110,0.4496,-1.4284,9.877,-0.037,0.0046,9.8065,-0.1259,0.0666,-0.0282,11.5,-34.94,4.44,124.99,-80.98,-147.23
52.413105,-1.5468,149.19,1.99,3,207.9,21 / 21,2840528,2019-09-06 19:03:27:210,-0.1996,-0.062,9.4795,-0.0155,-0.0101,9.8066,0.0346,-0.0358,0.0808,11.19,-34.69,3.81,124.8,-81.17,-147.22
52.413105,-1.5468,149.19,1.99,3,207.9,21 / 21,2840628,2019-09-06 19:03:27:310,0.1498,-0.0276,9.9078,0.0033,-0.0058,9.8066,-0.019,0.0166,-0.0398,11.5,-35.12,4.13,124.54,-81.16,-147.38
52.413105,-1.5468,149.19,1.99,3,207.9,21 / 21,2840728,2019-09-06 19:03:27:410,0.282,0.0693,10.0906,-0.0139,-0.0044,9.8066,-0.0053,-0.0546,0.0348,11.19,-35.5,3.56,124.04,-81.23,-148.04
52.413105,-1.5468,149.19,1.99,3,207.9,21 / 21,2840828,2019-09-06 19:03:27:510,-0.0099,-1.1712,10.0284,0.0082,-0.0123,9.8066,0.0651,0.0376,-0.0247,10.94,-34.31,4,122.57,-81.29,-149.09
52.413105,-1.5468,149.19,1.99,3,207.9,21 / 21,2840928,2019-09-06 19:03:27:610,-0.3204,-0.2613,9.8472,0.0111,-0.006,9.8066,0.1107,0.0051,0.0014,11.19,-34.94,3.88,122.57,-81.26,-149.85
52.413105,-1.5468,149.19,1.99,3,207.9,21 / 21,2841028,2019-09-06 19:03:27:710,0.4587,-0.3237,9.6646,-0.0167,-0.0063,9.8066,-0.0512,0.016,0.0213,11.19,-34.94,3.94,121.97,-81.28,-150.56
52.413105,-1.5468,149.19,1.99,3,207.9,21 / 21,2841129,2019-09-06 19:03:27:811,0.9154,-0.6537,10.0525,-0.0078,0.0043,9.8066,-0.0693,0.0203,0.0333,11.25,-34.69,4.5,117.52,-81.22,-151.07
52.413105,-1.5468,149.19,1.99,3,207.9,21 / 21,2841229,2019-09-06 19:03:27:911,1.4177,-0.9732,10.0123,0.0248,0.0082,9.8066,0.0362,0.0268,-0.0302,11.31,-34.62,3.88,122.68,-81.25,-149.74
52.413105,-1.5468,149.19,1.99,3,207.9,21 / 21,2841330,2019-09-06 19:03:28:012,0.7423,-1.7624,9.6419,0.0249,-0.0028,9.8065,0.049,0.0994,-0.0037,11.56,-33.56,3.5,121.89,-81.21,-149.96
52.413105,-1.5468,149.19,1.99,3,207.9,21 / 21,2841429,2019-09-06 19:03:28:111,0.247,-0.459,10.3507,-0.0518,0.014,9.8064,0.0141,0.041,-0.0036,10.06,-34.31,3.19,126.99,-80.77,-150.83
52.413105,-1.5468,149.19,1.99,3,207.9,21 / 21,2841529,2019-09-06 19:03:28:211,1.2268,-1.1261,9.3357,-0.0415,0.001,9.8065,-0.0057,-0.0213,0.0195,9.5,-33.87,2.56,126.96,-80.64,-151.26
52.413105,-1.5468,149.19,1.99,3,207.9,21 / 21,2841628,2019-09-06 19:03:28:310,2.228,-0.8357,9.6178,0.0044,0.0088,9.8066,-0.0619,0.0036,0.0193,9.31,-33.94,3.19,127.83,-80.65,-150.99
52.413105,-1.5468,149.19,1.99,3,207.9,21 / 21,2841729,2019-09-06 19:03:28:411,1.5168,-0.2631,9.5775,0.0247,0.0045,9.8066,-0.0151,-0.018,-0.0124,7.5,-34.12,2.69,129.32,-80.67,-149.97
52.413105,-1.5468,149.19,1.99,3,207.9,21 / 21,2841828,2019-09-06 19:03:28:510,-0.0929,-0.6515,9.5124,0.0004,-0.0182,9.8066,-0.0376,0.012,0.0135,7.63,-33.75,4.31,123.14,-80.83,-150.74
52.413105,-1.5468,149.19,1.99,3,207.9,21 / 21,2841929,2019-09-06 19:03:28:611,0.3121,-0.9347,10.1538,-0.0043,0.0002,9.8066,-0.0568,-0.0233,-0.0382,9.13,-34.87,5.19,118.48,-80.95,-150.49
52.413105,-1.5468,149.19,1.99,3,207.9,21 / 21,2842028,2019-09-06 19:03:28:710,0.3173,-0.6718,9.8257,-0.0123,-0.0027,9.8066,-0.0676,0.0397,-0.0481,9.25,-34.87,4.56,117.53,-81.07,-151.32
52.413105,-1.5468,149.19,1.99,3,207.9,21 / 21,2842129,2019-09-06 19:03:28:811,0.8611,-1.1374,9.7871,-0.0254,-0.0005,9.8066,-0.0394,-0.0266,0.064,10.38,-34.62,4.44,121.9,-81.01,-151.77
52.413105,-1.5468,149.19,1.99,3,207.9,21 / 21,2842228,2019-09-06 19:03:28:910,1.0718,0.5499,10.0287,0.0046,0.0065,9.8066,0.1052,-0.047,0.0068,9.94,-34.44,3.94,122.14,-80.82,-151.22
52.413105,-1.5468,149.19,1.99,3,207.9,21 / 21,2842330,2019-09-06 19:03:29:012,0.3753,-0.9259,9.7951,0.0134,0.0037,9.8066,0.0561,0.0034,-0.0026,10.19,-34,4.31,122.18,-80.72,-151.46
52.413105,-1.5468,149.19,1.99,3,207.9,21 / 21,2842429,2019-09-06 19:03:29:111,0.6523,-0.6847,10.2205,-0.002,0.0074,9.8066,0.0061,-0.0029,0.0128,10.69,-33.5,3.75,121.87,-80.6,-151.05
52.413105,-1.5468,149.19,1.99,3,207.9,21 / 21,2842528,2019-09-06 19:03:29:210,0.5396,0.059,10.1537,-0.0002,0.0072,9.8066,-0.0162,-0.0376,0.0323,10.44,-32.5,4.31,122.13,-80.54,-150.39
52.413105,-1.5468,149.19,1.99,3,207.9,21 / 21,2842629,2019-09-06 19:03:29:311,0.5991,-0.149,9.2851,-0.0049,0.0066,9.8066,0.0157,-0.0663,0.0446,9.38,-32.12,4.06,123.48,-80.4,-149.33
52.413105,-1.5468,149.19,1.99,3,207.9,21 / 21,2842729,2019-09-06 19:03:29:411,0.7757,0.4262,9.4558,-0.0193,0.0097,9.8066,-0.0085,-0.0862,0.0034,8,-32.25,4,124.32,-80.29,-148.95
52.413105,-1.5468,149.19,1.99,3,207.9,21 / 21,2842829,2019-09-06 19:03:29:511,0.4617,-0.395,9.805,0.0146,-0.0115,9.8066,-0.025,-0.094,0.0072,8.88,-32.81,4.13,124.03,-80.39,-149.55
52.413105,-1.5468,149.19,1.99,3,207.9,21 / 21,2842930,2019-09-06 19:03:29:612,0.5123,-0.0684,10.1927,0.0027,-0.0064,9.8066,-0.0044,-0.0445,-0.014,9.06,-33.87,4.13,124.36,-80.39,-150.01
52.413105,-1.5468,149.19,1.99,3,207.9,21 / 21,2843029,2019-09-06 19:03:29:711,0.0962,-0.813,10.3729,-0.0225,-0.0094,9.8066,0.0745,-0.0365,-0.0472,9.13,-33.31,3.38,127.8,-80.44,-150.8
52.413105,-1.5468,149.19,1.99,3,207.9,21 / 21,2843128,2019-09-06 19:03:29:810,-0.5231,1.123,10.6671,0.0153,0.0028,9.8065,0.2068,-0.1304,0.0582,10.13,-34.37,4.31,123.03,-80.4,-151.28
52.413105,-1.5468,149.19,1.99,3,207.9,21 / 21,2843228,2019-09-06 19:03:29:910,-0.9492,-1.1045,8.8027,-0.0289,-0.0132,9.8065,0.1575,-0.0221,-0.0258,9.69,-34.44,4.06,122.49,-80.15,-152.72
52.413105,-1.5468,149.19,1.99,3,207.9,21 / 21,2843331,2019-09-06 19:03:30:013,-0.7777,-1.3048,8.7979,-0.023,-0.0046,9.8065,-0.2543,0.0187,-0.0506,10.19,-33.94,3.31,126.39,-80.23,-153.19
52.41319,-1.547455,147.22,7.32,3,290.04,21 / 21,2843429,2019-09-06 19:03:30:111,0.4205,-1.4977,8.8827,0.0614,0.014,9.8064,-0.2355,-0.0135,0.1203,9.25,-34.5,3.63,123.92,-80.49,-150.31
52.41319,-1.547455,147.22,7.32,3,290.04,21 / 21,2843529,2019-09-06 19:03:30:211,1.4375,0.373,9.1526,-0.0078,0.0035,9.8065,-0.0511,-0.0326,-0.0789,9.31,-33.37,3,128.63,-80.46,-149.57
52.41319,-1.547455,147.22,7.32,3,290.04,21 / 21,2843629,2019-09-06 19:03:30:311,1.4517,-0.7576,10.4255,0.0318,-0.018,9.8065,-0.079,-0.0164,-0.1008,9.56,-33.44,3.44,126.61,-80.88,-150.27
52.41319,-1.547455,147.22,7.32,3,290.04,21 / 21,2843729,2019-09-06 19:03:30:411,-0.0245,-2.1707,10.5652,0.0274,-0.0142,9.8065,0.01,0.0155,0,8.88,-34.12,3.13,126.67,-81.21,-150.84
52.41319,-1.547455,147.22,7.32,3,290.04,21 / 21,2843829,2019-09-06 19:03:30:511,0.2563,-0.0405,10.043,-0.0284,0.0051,9.8066,0.0579,-0.0741,0.0086,9.38,-33.75,3.63,121.22,-81.22,-151.55
52.41319,-1.547455,147.22,7.32,3,290.04,21 / 21,2843929,2019-09-06 19:03:30:611,-0.5222,-0.3735,9.9217,-0.0204,-0.011,9.8066,-0.0121,0.0931,-0.0247,9.75,-33.69,3.75,120.36,-81.26,-152.23
52.41319,-1.547455,147.22,7.32,3,290.04,21 / 21,2844029,2019-09-06 19:03:30:711,0.2115,-0.7126,9.8677,-0.008,-0.0167,9.8066,0.0136,0.015,0.0051,10.88,-32.81,3.63,118.35,-81.2,-153.92
52.41319,-1.547455,147.22,7.32,3,290.04,21 / 21,2844129,2019-09-06 19:03:30:811,-0.1176,-0.4928,10.0662,0.0024,0.0006,9.8066,0.0456,0.0419,0.0319,10.5,-33.25,3.94,117.76,-81.18,-154.69
52.41319,-1.547455,147.22,7.32,3,290.04,21 / 21,2844228,2019-09-06 19:03:30:910,0.4122,-1.2353,9.4118,-0.0021,-0.0072,9.8066,-0.0054,0.069,0.0007,10.19,-32.56,4.38,117.98,-81.13,-154.85
52.41319,-1.547455,147.22,7.32,3,290.04,21 / 21,2844329,2019-09-06 19:03:31:011,0.3908,-0.2674,9.6658,-0.0042,0.0036,9.8066,0.0681,0.0579,0.0163,10.44,-31.69,4.69,112.36,-81.13,-155.18
52.41319,-1.547455,147.22,7.32,3,290.04,21 / 21,2844430,2019-09-06 19:03:31:112,-0.4399,-0.7963,9.8365,0.0062,-0.0023,9.8066,0.0979,0.0855,-0.0069,8.5,-31.44,3.56,117.27,-81.07,-154.48
52.41319,-1.547455,147.22,7.32,3,290.04,21 / 21,2844529,2019-09-06 19:03:31:211,0.7548,-1.4584,9.6263,0.005,-0.0109,9.8066,-0.075,0.0415,-0.0655,8.31,-30.62,3.31,122.53,-81.17,-154.86
52.41319,-1.547455,147.22,7.32,3,290.04,21 / 21,2844630,2019-09-06 19:03:31:312,0.1795,-1.5709,9.4585,0.004,0.0003,9.8065,-0.0226,0.0583,-0.0023,7.5,-29.94,3.88,116.38,-81.2,-154.44
52.41319,-1.547455,147.22,7.32,3,290.04,21 / 21,2844730,2019-09-06 19:03:31:412,-0.3566,-0.8571,9.764,-0.0147,-0.0028,9.8066,-0.0209,0.0289,0.0517,8,-29.62,5,110.46,-81.24,-154.62
52.41319,-1.547455,147.22,7.32,3,290.04,21 / 21,2844829,2019-09-06 19:03:31:511,0.1325,-1.0628,9.8537,0.0363,0.0021,9.8065,-0.0968,0.0063,-0.0458,9.31,-31.69,5.06,112.63,-81.35,-153.91
52.41319,-1.547455,147.22,7.32,3,290.04,21 / 21,2844928,2019-09-06 19:03:31:610,-0.696,-0.5517,9.9998,0.0278,0.0197,9.8065,0.1384,0.004,0.0456,9.63,-32.37,4.81,113.72,-81.27,-153.14
52.41319,-1.547455,147.22,7.32,3,290.04,21 / 21,2845028,2019-09-06 19:03:31:710,-0.3111,-0.1263,10.1243,-0.041,0.0163,9.8065,0.1057,0.0306,0.0796,10.19,-34.37,4.5,116.03,-81.03,-152.62
52.41319,-1.547455,147.22,7.32,3,290.04,21 / 21,2845128,2019-09-06 19:03:31:810,0.7725,-1.6504,9.3293,-0.0306,-0.0053,9.8066,-0.1047,0.0548,-0.0226,10.06,-35.19,4.56,116.65,-81.08,-152.5
52.41319,-1.547455,147.22,7.32,3,290.04,21 / 21,2845228,2019-09-06 19:03:31:910,0.6124,-0.1232,10.1856,0.0176,0.0186,9.8065,0.0139,0.0122,0.0484,10.25,-35.37,4.63,117.44,-81.12,-151.37
52.41319,-1.547455,147.22,7.32,3,290.04,21 / 21,2845328,2019-09-06 19:03:32:010,0.832,-1.3732,9.6287,0.0163,0.0104,9.8065,-0.0517,0.0475,0.046,9.44,-35.31,4.88,118.56,-81.2,-149.55
52.41319,-1.547455,147.22,7.32,3,290.04,21 / 21,2845429,2019-09-06 19:03:32:111,0.1245,-0.907,10.0586,-0.0093,0.0321,9.8065,0.0477,0.0277,0.1021,9.44,-35.62,4.94,121.28,-81,-147.51
52.41319,-1.547455,147.22,7.32,3,290.04,21 / 21,2845529,2019-09-06 19:03:32:211,1.2947,-0.9991,10.1105,-0.0152,0.027,9.8066,-0.0494,0.0515,0.0977,9.13,-35.75,4.63,123.1,-80.78,-145.76
52.41319,-1.547455,147.22,7.32,3,290.04,21 / 21,2845629,2019-09-06 19:03:32:311,0.3976,-0.5881,9.9274,0.0188,0.0244,9.8066,0.0171,0.0997,0.0617,9.19,-36.12,5,125.1,-80.55,-143.77
52.41319,-1.547455,147.22,7.32,3,290.04,21 / 21,2845729,2019-09-06 19:03:32:411,1.0366,-1.0858,9.995,-0.0002,0.017,9.8066,-0.0365,0.0655,0.0139,8.69,-36.25,4.44,131.43,-80.46,-141.46
52.41319,-1.547455,147.22,7.32,3,290.04,21 / 21,2845828,2019-09-06 19:03:32:510,0.316,-0.7736,9.3031,0.013,0.0275,9.8066,-0.0388,0.0204,0.0846,9.31,-35.75,5,128.72,-80.33,-139.36
52.41319,-1.547455,147.22,7.32,3,290.04,21 / 21,2845929,2019-09-06 19:03:32:611,2.3923,0.3315,9.7452,-0.0269,0.0374,9.8065,0.0307,0.0769,0.0524,8.75,-36.5,4.63,130.53,-79.92,-137.96
52.41319,-1.547455,147.22,7.32,3,290.04,21 / 21,2846029,2019-09-06 19:03:32:711,1.0763,-1.1177,10.3444,0.0246,-0.0046,9.8066,0.0758,0.0981,-0.1064,9.25,-35.87,4.88,131.03,-80.11,-136.66
52.41319,-1.547455,147.22,7.32,3,290.04,21 / 21,2846128,2019-09-06 19:03:32:810,0.8019,-0.9349,9.5511,0.0222,-0.0111,9.8065,-0.1028,0.0901,-0.0036,8.81,-35.75,4.94,130.83,-80.25,-136.58
52.41319,-1.547455,147.22,7.32,3,290.04,21 / 21,2846230,2019-09-06 19:03:32:912,1.6168,-0.6408,9.2885,0.0103,-0.0125,9.8066,-0.0606,0.0136,-0.0729,9.31,-35.5,4.88,130.06,-80.45,-136.3
52.41319,-1.547455,147.22,7.32,3,290.04,21 / 21,2846329,2019-09-06 19:03:33:011,3.2093,0.3243,10.4222,-0.0191,-0.0051,9.8065,-0.0069,0.0536,-0.0031,9.19,-35.44,4.63,129.56,-80.73,-136.21
52.41319,-1.547455,147.22,7.32,3,290.04,21 / 21,2846431,2019-09-06 19:03:33:113,1.2771,-0.3034,8.6906,0.0121,-0.0149,9.8066,-0.0478,0.0894,-0.0404,9.06,-35,4.5,129.19,-80.97,-136.02
52.41319,-1.547455,147.22,7.32,3,290.04,21 / 21,2846529,2019-09-06 19:03:33:211,1.4436,-1.4234,9.4392,0.0214,-0.0048,9.8066,-0.0572,0.0607,-0.0194,8.5,-34.75,4.75,129.04,-81.14,-135.74
52.41319,-1.547455,147.22,7.32,3,290.04,21 / 21,2846628,2019-09-06 19:03:33:310,1.3286,-1.1991,9.8008,0.0061,0.0134,9.8065,0.0399,0.0329,0.0746,8.56,-35.06,4.69,130.46,-81.26,-133.45
52.41319,-1.547455,147.22,7.32,3,290.04,21 / 21,2846729,2019-09-06 19:03:33:411,2.4001,-0.3468,10.4634,-0.0048,0.0204,9.8066,-0.1399,-0.0177,0.0299,8.31,-34.87,4.31,136.49,-81.24,-130.98
52.41319,-1.547455,147.22,7.32,3,290.04,21 / 21,2846829,2019-09-06 19:03:33:511,2.7668,-0.1556,9.4146,0.0147,0.0104,9.8065,0.1568,-0.026,0.0267,8.88,-35.56,4.75,134,-81.2,-129.38
52.41319,-1.547455,147.22,7.32,3,290.04,21 / 21,2846932,2019-09-06 19:03:33:614,2.4665,-0.2206,9.1774,-0.023,-0.0012,9.8066,0.1034,-0.0134,0.0019,8.13,-35.81,5,133.21,-81.01,-130.39
52.41319,-1.547455,147.22,7.32,3,290.04,21 / 21,2847028,2019-09-06 19:03:33:710,2.2477,0.4273,9.5243,-0.0066,0.0049,9.8066,0.0227,-0.081,0.0277,8.94,-35.62,5.44,132.86,-80.82,-132.04
52.41319,-1.547455,147.22,7.32,3,290.04,21 / 21,2847130,2019-09-06 19:03:33:812,2.1167,0.0387,10.631,0.022,0.0061,9.8065,0.0738,-0.0125,-0.0368,8.94,-36.44,5.75,128.68,-80.79,-132.05
52.41319,-1.547455,147.22,7.32,3,290.04,21 / 21,2847229,2019-09-06 19:03:33:911,2.326,0.329,9.9812,-0.0137,-0.0157,9.8066,0.0967,-0.0363,-0.0009,8.44,-36.19,4.94,131.94,-80.84,-132.77
52.41319,-1.547455,147.22,7.32,3,290.04,21 / 21,2847329,2019-09-06 19:03:34:011,2.225,0.1968,9.732,-0.0197,-0.0056,9.8066,-0.0837,-0.084,0.019,8.31,-36.5,5.69,127.1,-80.94,-132.79
52.41319,-1.547455,147.22,7.32,3,290.04,21 / 21,2847428,2019-09-06 19:03:34:110,2.8078,0.4294,9.442,0.001,-0.0094,9.8065,-0.0615,-0.0789,-0.0336,8.56,-36.37,4.88,131.68,-81.01,-133.16
52.41319,-1.547455,147.22,7.32,3,290.04,21 / 21,2847528,2019-09-06 19:03:34:210,2.9531,0.3379,9.5948,-0.0217,-0.0088,9.8065,-0.0129,-0.0712,0.0201,8.19,-36,5.31,130.63,-81.08,-133.9
52.41319,-1.547455,147.22,7.32,3,290.04,21 / 21,2847629,2019-09-06 19:03:34:311,3.1189,0.6268,9.5232,0.0364,-0.0012,9.8065,-0.1066,-0.0961,0.0318,8.38,-36.44,4.75,130.93,-81.18,-133.15
52.41319,-1.547455,147.22,7.32,3,290.04,21 / 21,2847728,2019-09-06 19:03:34:410,2.7673,0.7833,9.5946,0.0268,-0.0062,9.8066,0.0934,-0.0637,-0.0346,8.94,-36.44,5.06,130.79,-81.24,-133.77
52.41319,-1.547455,147.22,7.32,3,290.04,21 / 21,2847829,2019-09-06 19:03:34:511,2.9547,-0.2065,10.2262,-0.016,-0.0072,9.8066,0.1218,-0.1085,0.0468,8.13,-36.69,4.25,135.18,-81.25,-134.4
52.41319,-1.547455,147.22,7.32,3,290.04,21 / 21,2847929,2019-09-06 19:03:34:611,3.0092,0.1828,9.7635,-0.0007,-0.013,9.8066,-0.0707,-0.1245,-0.022,8.19,-37.06,4.38,134.15,-81.36,-135.59
52.41319,-1.547455,147.22,7.32,3,290.04,21 / 21,2848029,2019-09-06 19:03:34:711,2.487,-0.5295,9.6241,0.0027,0.0018,9.8066,0.0858,-0.0808,0.0502,8.44,-36.94,4.25,133.96,-81.43,-135.66
52.41319,-1.547455,147.22,7.32,3,290.04,21 / 21,2848128,2019-09-06 19:03:34:810,2.2723,0.375,9.7966,0.0038,0.0006,9.8066,0.0099,-0.0867,0.0165,7.94,-38,4,134.62,-81.36,-135.67
52.41319,-1.547455,147.22,7.32,3,290.04,21 / 21,2848228,2019-09-06 19:03:34:910,2.1994,-0.0063,9.7817,-0.0061,-0.0055,9.8066,-0.0109,-0.1128,-0.014,8,-36.81,3.06,138.32,-81.47,-136.25
52.41319,-1.547455,147.22,7.32,3,290.04,21 / 21,2848328,2019-09-06 19:03:35:010,2.2936,-0.0395,9.8013,-0.0136,-0.0056,9.8066,-0.0029,-0.1142,-0.0112,7.88,-37,3.56,133.08,-81.41,-137.04
52.41319,-1.547455,147.22,7.32,3,290.04,21 / 21,2848429,2019-09-06 19:03:35:111,2.7979,-0.413,9.9974,-0.0012,-0.0099,9.8066,0.0609,-0.0867,0.0129,8.13,-36.5,3.31,136.77,-81.42,-138
52.41319,-1.547455,147.22,7.32,3,290.04,21 / 21,2848529,2019-09-06 19:03:35:211,2.7665,-0.2108,9.9841,0.0013,-0.0046,9.8066,0.0387,-0.0992,0.0041,8.69,-36.62,3.63,131.62,-81.47,-138.9
52.41319,-1.547455,147.22,7.32,3,290.04,21 / 21,2848629,2019-09-06 19:03:35:311,2.7859,-0.346,9.699,-0.002,-0.0037,9.8066,-0.0124,-0.0878,-0.0023,8.44,-37.5,3.69,131.13,-81.48,-139.68
52.41319,-1.547455,147.22,7.32,3,290.04,21 / 21,2848729,2019-09-06 19:03:35:411,2.9024,-0.3881,9.5636,-0.0052,0.0037,9.8066,0.0313,-0.1127,0.055,7.81,-37.75,3.38,136.61,-81.42,-139.78
52.41319,-1.547455,147.22,7.32,3,290.04,21 / 21,2848828,2019-09-06 19:03:35:510,2.9396,-0.3783,9.9564,0.0104,-0.0015,9.8066,-0.0203,-0.1164,-0.0066,7.5,-37.31,2.63,136.29,-81.47,-139.33
52.41319,-1.547455,147.22,7.32,3,290.04,21 / 21,2848928,2019-09-06 19:03:35:610,3.0304,-0.2465,9.8958,0.0091,-0.0027,9.8066,0.0223,-0.0839,-0.0082,7.44,-37.12,3,136.78,-81.54,-139.16
52.41319,-1.547455,147.22,7.32,3,290.04,21 / 21,2849029,2019-09-06 19:03:35:711,2.5879,-0.7057,9.6298,-0.009,-0.0038,9.8066,0.0547,-0.0717,0.0135,7.56,-37.31,2.81,136,-81.59,-139.38
52.41319,-1.547455,147.22,7.32,3,290.04,21 / 21,2849129,2019-09-06 19:03:35:811,2.9761,-0.8105,9.6703,0.0016,-0.0064,9.8066,-0.0463,-0.0751,-0.0162,8.31,-37.44,2.31,140.49,-81.64,-139.8
52.41319,-1.547455,147.22,7.32,3,290.04,21 / 21,2849229,2019-09-06 19:03:35:911,2.6073,-1.0787,9.7185,0.002,-0.0057,9.8066,-0.0051,-0.0675,0.004,7.94,-36.62,2.13,140.1,-81.81,-139.88
52.41319,-1.547455,147.22,7.32,3,290.04,21 / 21,2849329,2019-09-06 19:03:36:011,2.3889,-0.605,9.886,0.0024,-0.0023,9.8066,-0.001,-0.0621,0.0062,8.19,-37.12,2.63,135.13,-81.89,-139.7
52.41319,-1.547455,147.22,7.32,3,290.04,20 / 20,2849428,2019-09-06 19:03:36:110,2.0221,-0.5692,9.815,0.0117,-0.0027,9.8066,-0.006,-0.0577,-0.0035,7.88,-38.12,2.63,135.67,-82,-139.26
52.41319,-1.547455,147.22,7.32,3,290.04,20 / 20,2849528,2019-09-06 19:03:36:210,2.0283,-0.5941,9.7771,0.0116,-0.0016,9.8066,-0.0037,-0.0315,0.0018,7.81,-38.19,2.19,140.67,-82.07,-138.88
52.41319,-1.547455,147.22,7.32,3,290.04,20 / 20,2849629,2019-09-06 19:03:36:311,1.6672,-0.7171,9.8161,0.0012,-0.0038,9.8066,0.0248,-0.03,0.0145,7.56,-39.06,2.38,141.17,-82.14,-138.56
52.41319,-1.547455,147.22,7.32,3,290.04,20 / 20,2849730,2019-09-06 19:03:36:412,1.1091,-0.7374,9.846,-0.0042,-0.0009,9.8066,-0.0156,-0.0203,0.0046,7.56,-38.31,1.44,145.41,-82.2,-138.57
52.41319,-1.547455,147.22,7.32,3,290.04,20 / 20,2849829,2019-09-06 19:03:36:511,1.0539,-0.486,9.7408,0.0071,0.0012,9.8066,-0.0056,-0.0194,0.0092,7.75,-38.5,1.88,140.9,-82.24,-137.99
52.41319,-1.547455,147.22,7.32,3,290.04,20 / 20,2849929,2019-09-06 19:03:36:611,0.8879,-0.5197,9.6725,0.0043,-0.0007,9.8066,0.0133,-0.0123,0.0132,7.13,-38.44,1.56,141.83,-82.26,-137.82
52.41319,-1.547455,147.22,7.32,3,290.04,20 / 20,2850029,2019-09-06 19:03:36:711,0.8327,-0.4582,9.7516,0.0072,-0.0023,9.8066,0.0041,-0.0189,0.0023,7.69,-38.5,1.19,146.01,-82.35,-137.23
52.41319,-1.547455,147.22,7.32,3,290.04,20 / 20,2850129,2019-09-06 19:03:36:811,0.7196,-0.5171,9.8379,0.0103,-0.0017,9.8066,-0.0002,-0.0173,-0.0023,7.69,-38,1.69,141.36,-82.42,-136.73
52.41319,-1.547455,147.22,7.32,3,290.04,20 / 20,2850229,2019-09-06 19:03:36:911,0.67,-0.524,9.7966,0.0071,-0.0018,9.8066,-0.0025,-0.0083,0.0032,7.88,-38.06,1.69,141.46,-82.49,-136.39
52.41319,-1.547455,147.22,7.32,3,290.04,20 / 20,2850329,2019-09-06 19:03:37:011,0.8263,-0.4088,9.7289,0.0077,-0.0037,9.8066,-0.0074,-0.0063,-0.0023,7.69,-38.62,1.5,141.97,-82.61,-135.86
52.41319,-1.547455,147.22,7.32,3,290.04,20 / 20,2850429,2019-09-06 19:03:37:111,0.1158,-0.3823,9.8534,0.0083,-0.0008,9.8065,-0.0044,-0.0088,0.0053,8,-38.62,1.88,142.27,-82.7,-135.12
52.41319,-1.547455,147.22,7.32,3,290.04,20 / 20,2850529,2019-09-06 19:03:37:211,-0.2361,-0.2596,9.8033,0.0046,-0.0002,9.8066,0.0239,0.0036,0.0138,7.88,-38.75,1.56,142.42,-82.73,-134.79
52.41319,-1.547455,147.22,7.32,3,290.04,20 / 20,2850629,2019-09-06 19:03:37:311,-0.3421,-0.2048,9.8012,0.0052,-0.0015,9.8066,0.0248,-0.0061,0.0062,8,-38.25,1.56,142.21,-82.77,-134.42
52.41319,-1.547455,147.22,7.32,3,290.04,20 / 20,2850729,2019-09-06 19:03:37:411,-0.1169,-0.1564,9.7598,0.004,-0.0039,9.8066,-0.0011,-0.0025,-0.0089,7.75,-37.62,1.31,147.07,-82.82,-134.33
52.41319,-1.547455,147.22,7.32,3,290.04,20 / 20,2850829,2019-09-06 19:03:37:511,0.0812,-0.2937,9.8069,0.01,-0.0028,9.8066,-0.0057,-0.0105,-0.0009,8,-38,1.56,142.5,-82.95,-133.46
52.41319,-1.547455,147.22,7.32,3,290.04,20 / 20,2850929,2019-09-06 19:03:37:611,-0.1774,-0.3147,9.8793,0.0065,-0.0042,9.8066,-0.004,0.0016,0.008,8.19,-37.94,1.38,147.53,-83.02,-133.08
52.41319,-1.547455,147.22,7.32,3,290.04,20 / 20,2851028,2019-09-06 19:03:37:710,-0.2178,-0.2991,9.791,0.0068,-0.0016,9.8066,0.0079,0.0029,0.006,7.38,-38.62,1.69,143.7,-83.09,-132.66
52.41319,-1.547455,147.22,7.32,3,290.04,20 / 20,2851128,2019-09-06 19:03:37:810,-0.0704,-0.3349,9.7848,0.006,-0.003,9.8066,0.0005,0.0003,-0.0009,7.5,-38.31,1.31,147.87,-83.18,-132.17
52.41319,-1.547455,147.22,7.32,3,290.04,20 / 20,2851228,2019-09-06 19:03:37:910,-0.0389,-0.2498,9.8072,0.0081,-0.002,9.8066,0.0069,-0.0068,0.005,7.81,-38.5,1.88,143.27,-83.28,-131.36
52.41319,-1.547455,147.22,7.32,3,290.04,20 / 20,2851328,2019-09-06 19:03:38:010,-0.2607,-0.2148,9.7923,0.0055,-0.0016,9.8066,-0.0095,-0.0117,-0.008,7.75,-39.06,2.31,143.79,-83.33,-130.96
52.41319,-1.547455,147.22,7.32,3,290.04,20 / 20,2851429,2019-09-06 19:03:38:111,-0.1902,-0.2529,9.8305,0.0054,-0.0009,9.8066,0.0043,0.0027,0.007,8.38,-38.19,1.5,143.71,-83.41,-130.36
52.41319,-1.547455,147.22,7.32,3,290.04,20 / 20,2851529,2019-09-06 19:03:38:211,0.0288,-0.3747,9.8286,0.0063,-0.0015,9.8066,0.012,-0.0072,0.0046,7.38,-37.62,1.25,149.79,-83.46,-129.88
52.41319,-1.547455,147.22,7.32,3,290.04,20 / 20,2851629,2019-09-06 19:03:38:311,-0.2557,-0.3233,9.8523,0.006,-0.0017,9.8066,0.0103,0.0021,-0.0061,7.81,-37.87,1.38,149.17,-83.52,-129.39
52.41319,-1.547455,147.22,7.32,3,290.04,20 / 20,2851729,2019-09-06 19:03:38:411,-0.2653,-0.217,9.8074,0.0063,0.0001,9.8066,-0.0087,-0.0042,-0.001,7.63,-37.87,1.44,149.6,-83.59,-128.6
52.41319,-1.547455,147.22,7.32,3,290.04,20 / 20,2851829,2019-09-06 19:03:38:511,-0.4016,-0.2573,9.765,0.006,-0.0015,9.8066,-0.0032,-0.0027,0.0069,7.69,-38.37,1.31,149.98,-83.66,-127.86
52.41319,-1.547455,147.22,7.32,3,290.04,20 / 20,2851928,2019-09-06 19:03:38:610,-0.0795,-0.2927,9.7858,0.0045,-0.0009,9.8066,0.0157,-0.0025,0.0021,7.81,-38.62,1.69,145.47,-83.71,-127.44
52.41319,-1.547455,147.22,7.32,3,290.04,20 / 20,2852028,2019-09-06 19:03:38:710,-0.3137,-0.2782,9.8115,0.007,-0.0013,9.8066,0.014,-0.0057,0.0014,7.56,-38.81,1.88,145.82,-83.79,-126.72
52.41319,-1.547455,147.22,7.32,3,290.04,20 / 20,2852128,2019-09-06 19:03:38:810,-0.2467,-0.3376,9.9089,0.0078,0.0002,9.8066,-0.0108,-0.0106,-0.0055,7.75,-38.75,1.44,151.18,-83.84,-126.06
52.41319,-1.547455,147.22,7.32,3,290.04,20 / 20,2852228,2019-09-06 19:03:38:910,-0.3865,-0.2261,9.7865,0.0044,0.0006,9.8066,-0.0017,-0.0012,0.011,7.69,-38.06,1.19,151.24,-83.89,-125.48
52.41319,-1.547455,147.22,7.32,3,290.04,20 / 20,2852329,2019-09-06 19:03:39:011,-0.0878,-0.3171,9.8165,0.004,0.0002,9.8066,0.0212,-0.006,0.0061,7.38,-38.37,1.56,146.77,-83.93,-124.76
52.413277,-1.548021,147.06,0,2,293.4,21 / 21,2852428,2019-09-06 19:03:39:110,-0.3621,-0.3269,9.8211,0.0068,-0.0022,9.8066,0.0115,-0.0059,-0.0059,7.63,-38.25,1.75,146.9,-84,-124.21
52.413277,-1.548021,147.06,0,2,293.4,21 / 21,2852529,2019-09-06 19:03:39:211,-0.4363,-0.2768,9.836,0.0112,-0.0013,9.8066,0.0092,0.0127,0.0114,7.75,-38.12,1.38,152.43,-84.05,-123.4
52.413277,-1.548021,147.06,0,2,293.4,21 / 21,2852629,2019-09-06 19:03:39:311,-0.307,-0.2351,9.7999,0.0025,0.0006,9.8066,-0.0062,-0.0176,-0.0102,7.88,-38.94,1.13,153.14,-84.09,-122.64
52.413277,-1.548021,147.06,0,2,293.4,21 / 21,2852729,2019-09-06 19:03:39:411,-0.1407,-0.3403,9.8458,0.0034,0,9.8066,-0.0162,0.001,-0.0045,7.19,-38.37,1.38,153.73,-84.13,-122.12
52.413277,-1.548021,147.06,0,2,293.4,21 / 21,2852829,2019-09-06 19:03:39:511,-0.3549,-0.318,9.8435,0.0052,-0.0011,9.8066,0.0125,-0.0137,0.0177,7.56,-38.5,1.31,153.5,-84.17,-121.6
52.413277,-1.548021,147.06,0,2,293.4,21 / 21,2852929,2019-09-06 19:03:39:611,-0.0528,-0.3284,9.9514,0.0056,0.0019,9.8066,0.018,-0.0044,-0.0006,7.63,-38.31,1.75,148.95,-84.21,-120.79
52.413277,-1.548021,147.06,0,2,293.4,21 / 21,2853028,2019-09-06 19:03:39:710,-0.2941,-0.2157,9.9666,0.0036,0.0002,9.8066,-0.0208,-0.0103,-0.0128,7.63,-37.56,0.94,154.52,-84.22,-120.03
52.413277,-1.548021,147.06,0,2,293.4,21 / 21,2853129,2019-09-06 19:03:39:811,-0.3645,-0.2894,9.9017,0.0046,-0.0002,9.8066,-0.0044,-0.0066,0.0064,7.56,-38,1.88,149.85,-84.27,-119.38
52.413277,-1.548021,147.06,0,2,293.4,21 / 21,2853229,2019-09-06 19:03:39:911,-0.2915,-0.4142,9.8692,0.0064,0.0009,9.8066,0.0163,-0.0057,0.0161,7.88,-38.06,2.06,150.34,-84.32,-118.57
52.413277,-1.548021,147.06,0,2,293.4,21 / 21,2853329,2019-09-06 19:03:40:011,-0.1017,-0.2589,9.9232,0.0039,0.0009,9.8066,0.0055,-0.0094,-0.0051,7.63,-37.44,2.13,150.4,-84.33,-118.12
52.413277,-1.548021,147.06,0,2,293.4,20 / 21,2853429,2019-09-06 19:03:40:111,-0.3698,-0.28,9.9477,0.0047,0.0009,9.8066,-0.0117,-0.0123,-0.0081,7.56,-38.62,1.75,151.18,-84.35,-117.66
52.413277,-1.548021,147.06,0,2,293.4,20 / 21,2853529,2019-09-06 19:03:40:211,-0.4483,-0.1854,9.8759,0.0061,-0.0008,9.8066,0.014,-0.0009,0.0168,7.88,-39.31,1.38,156.75,-84.39,-116.8
52.413277,-1.548021,147.06,0,2,293.4,20 / 21,2853629,2019-09-06 19:03:40:311,-0.4051,-0.236,9.788,0.0032,0.0004,9.8066,0.0123,0.0023,0.0072,7.88,-38.37,2,152,-84.42,-116
52.413277,-1.548021,147.06,0,2,293.4,20 / 21,2853730,2019-09-06 19:03:40:412,-0.6525,-0.2876,9.7475,0.0021,0.0016,9.8066,-0.0052,-0.0236,-0.0114,7.56,-38.56,1.81,152.56,-84.43,-115.53
52.413277,-1.548021,147.06,0,2,293.4,20 / 21,2853829,2019-09-06 19:03:40:511,-0.4333,-0.2804,9.7219,0.0056,-0.0004,9.8066,-0.01,0.0018,0.0042,7.31,-38.12,1.13,158.18,-84.45,-114.73
52.413277,-1.548021,147.06,0,2,293.4,20 / 21,2853928,2019-09-06 19:03:40:610,-0.4527,-0.3833,9.9548,0.0064,-0.0013,9.8066,0.0077,0.002,0.0211,7.44,-37.87,1.69,152.96,-84.49,-114.18
52.413277,-1.548021,147.06,0,2,293.4,20 / 21,2854029,2019-09-06 19:03:40:711,-0.4869,-0.3765,9.8861,0.0033,0.0011,9.8066,0.014,-0.0038,-0.0035,7.44,-37.5,1.25,158.68,-84.49,-113.63
52.413277,-1.548021,147.06,0,2,293.4,20 / 21,2854129,2019-09-06 19:03:40:811,-0.1392,-0.3722,10.0072,0.0023,-0.0004,9.8066,-0.0158,-0.0042,-0.0109,8,-38.19,1.75,153.97,-84.49,-113.09
52.413277,-1.548021,147.06,0,2,293.4,20 / 21,2854229,2019-09-06 19:03:40:911,-0.5287,-0.3736,9.9596,0.0035,0.0005,9.8066,0.0042,-0.0138,0.0093,7.81,-38.25,1.38,159.43,-84.53,-112.46
52.413277,-1.548021,147.06,0,2,293.4,20 / 21,2854329,2019-09-06 19:03:41:011,-0.5514,-0.2724,9.8045,0.0024,0.0011,9.8066,0.0007,-0.0077,0.0001,7.63,-38.44,2.06,154.65,-84.53,-112.07
52.413277,-1.548021,147.06,0,2,293.4,21 / 21,2854430,2019-09-06 19:03:41:112,-0.6091,-0.3312,9.8964,0.0029,0.0007,9.8066,-0.0127,-0.0163,-0.0124,7.44,-38.69,2.38,154.91,-84.52,-111.59
52.413277,-1.548021,147.06,0,2,293.4,21 / 21,2854529,2019-09-06 19:03:41:211,-0.9339,-0.3553,9.7757,0.0052,-0.0004,9.8066,-0.0092,-0.0218,-0.0146,7.19,-38.37,1.75,154.87,-84.53,-111.28
52.413277,-1.548021,147.06,0,2,293.4,21 / 21,2854630,2019-09-06 19:03:41:312,-0.5564,-0.3658,9.8996,-0.0026,0.0029,9.8066,0.0113,-0.011,0.0047,7.75,-38.06,2.19,155.45,-84.54,-110.91
52.413277,-1.548021,147.06,0,2,293.4,21 / 21,2854730,2019-09-06 19:03:41:412,-0.8201,-0.2734,9.7874,0.0036,0.0003,9.8066,-0.0068,-0.0024,0.0081,7.44,-37.81,0.69,160.87,-84.52,-110.59
52.413277,-1.548021,147.06,0,2,293.4,21 / 21,2854828,2019-09-06 19:03:41:510,-0.9899,-0.2343,9.7384,0.0007,-0.0002,9.8066,0.0161,-0.01,0.0083,7.38,-37.5,1.38,160.89,-84.53,-110.3
52.413277,-1.548021,147.06,0,2,293.4,21 / 21,2854928,2019-09-06 19:03:41:610,-0.8575,-0.2464,9.7916,0.0022,0.0008,9.8066,-0.0101,-0.0108,0.0021,7.94,-37.25,1.44,161.05,-84.54,-109.9
52.413277,-1.548021,147.06,0,2,293.4,21 / 21,2855029,2019-09-06 19:03:41:711,-0.8388,-0.3175,9.7833,0.0073,-0.0017,9.8066,-0.008,-0.0179,-0.0037,8.25,-38.37,1.38,161.39,-84.53,-109.65
52.413277,-1.548021,147.06,0,2,293.4,21 / 21,2855129,2019-09-06 19:03:41:811,-0.744,-0.2398,9.8945,0.005,0.0007,9.8066,0.0069,-0.0238,0.002,7.94,-37.62,1.19,161.81,-84.56,-109.02
52.413277,-1.548021,147.06,0,2,293.4,21 / 21,2855228,2019-09-06 19:03:41:910,-0.587,-0.3796,9.9461,0.0023,0.0008,9.8066,-0.0002,-0.026,0.0015,8.31,-38.12,1,162.02,-84.57,-108.69
52.413277,-1.548021,147.06,0,2,293.4,21 / 21,2855328,2019-09-06 19:03:42:010,-0.8509,-0.2232,9.8297,0.0029,0.0009,9.8066,-0.005,-0.0138,0.0065,7.69,-37.81,1.31,162.21,-84.57,-108.43
52.413277,-1.548021,147.06,0,2,293.4,21 / 21,2855430,2019-09-06 19:03:42:112,-0.9199,-0.2996,9.8291,0.0019,0.0004,9.8066,0.0076,-0.0153,0.0103,7.13,-37.44,1,162.39,-84.57,-108.02
52.413277,-1.548021,147.06,0,2,293.4,21 / 21,2855528,2019-09-06 19:03:42:210,-0.9427,-0.13,9.8865,0.0021,-0.0017,9.8066,-0.0168,-0.0162,-0.0033,7.69,-37.62,1.13,162.58,-84.59,-107.87
52.413277,-1.548021,147.06,0,2,293.4,21 / 21,2855629,2019-09-06 19:03:42:311,-1.0288,-0.0765,9.8319,0.0004,-0.0013,9.8066,-0.0102,-0.0422,0.0004,7.63,-38,1.38,162.74,-84.59,-107.64
52.413277,-1.548021,147.06,0,2,293.4,21 / 21,2855729,2019-09-06 19:03:42:411,-0.9582,-0.39,9.7515,-0.0017,-0.0002,9.8066,0.0054,-0.0303,-0.001,7.63,-37.94,1.63,157.71,-84.59,-107.65
52.413277,-1.548021,147.06,0,2,293.4,21 / 21,2855828,2019-09-06 19:03:42:510,-2.1405,-0.1692,9.7404,-0.0001,0.0002,9.8066,0.001,-0.047,0.0115,7.56,-38.06,1.25,162.59,-84.6,-107.85
52.413277,-1.548021,147.06,0,2,293.4,21 / 21,2855928,2019-09-06 19:03:42:610,-1.6598,-0.0806,9.7368,-0.0034,-0.0001,9.8066,0.0048,-0.0398,0.0009,7,-37.81,1.31,162.36,-84.59,-108.28
52.413277,-1.548021,147.06,0,2,293.4,21 / 21,2856029,2019-09-06 19:03:42:711,-2.0918,-0.1108,9.6592,0.0016,0.0026,9.8066,0.0023,-0.049,0.0245,7.63,-37.5,1.38,162.2,-84.54,-108.28
52.413277,-1.548021,147.06,0,2,293.4,21 / 21,2856128,2019-09-06 19:03:42:810,-2.8281,-0.4143,9.7948,0.0033,0.0011,9.8066,0.0362,-0.0647,-0.0005,6.88,-37.37,1.88,156.16,-84.51,-109.14
52.413277,-1.548021,147.06,0,2,293.4,21 / 21,2856229,2019-09-06 19:03:42:911,-2.6419,-0.2226,9.6139,-0.006,0.0047,9.8066,0.0212,-0.0874,0.0215,7.06,-37.25,2,156.05,-84.46,-109.39
52.413277,-1.548021,147.06,0,2,293.4,21 / 21,2856329,2019-09-06 19:03:43:011,-2.7048,-0.3699,9.4974,-0.0009,0.0058,9.8066,-0.0495,-0.0992,0.0222,6.75,-37.37,2.75,150.97,-84.38,-109.07
52.413277,-1.548021,147.06,0,2,293.4,21 / 21,2856429,2019-09-06 19:03:43:111,-1.7948,0.0132,9.6372,0.0079,0.0114,9.8066,-0.0497,-0.1121,0.031,7.19,-37.25,2.38,157.54,-84.27,-107.61
52.413277,-1.548021,147.06,0,2,293.4,21 / 21,2856529,2019-09-06 19:03:43:211,-3.1353,-0.0258,9.8392,0.0048,0.0149,9.8066,0.0053,-0.1494,0.0416,6.94,-37.31,1.69,158.26,-84.14,-106.78
52.413277,-1.548021,147.06,0,2,293.4,21 / 21,2856628,2019-09-06 19:03:43:310,-2.1323,0.2601,9.6928,-0.0012,0.0127,9.8066,-0.0016,-0.1431,0.0397,6,-38.37,1.25,164.76,-83.92,-105.72
52.413277,-1.548021,147.06,0,2,293.4,21 / 21,2856729,2019-09-06 19:03:43:411,-2.1547,0.6038,9.5367,-0.0005,0.0136,9.8066,-0.0709,-0.1797,0.0386,5.75,-38.5,0.88,165.33,-83.78,-105
52.413277,-1.548021,147.06,0,2,293.4,21 / 21,2856831,2019-09-06 19:03:43:513,-2.3051,0.3174,9.6849,0.0034,0.0105,9.8066,-0.055,-0.1776,0.0258,5.5,-38.37,0.69,166.02,-83.69,-103.99
52.413277,-1.548021,147.06,0,2,293.4,21 / 21,2856929,2019-09-06 19:03:43:611,-1.2651,0.4938,9.9291,0.0035,0.0094,9.8066,0.0257,-0.2375,0.0429,5.81,-37.69,0.75,166.53,-83.52,-103.38
52.413277,-1.548021,147.06,0,2,293.4,21 / 21,2857028,2019-09-06 19:03:43:710,-2.0628,0.848,9.6578,0.0049,0.007,9.8066,-0.0126,-0.2376,0.0161,5.06,-37.44,-0.5,172.95,-83.41,-102.98
52.413277,-1.548021,147.06,0,2,293.4,21 / 21,2857129,2019-09-06 19:03:43:811,-2.1713,1.7092,10.171,0.0161,0.0228,9.8066,-0.0526,-0.2741,0.1054,4.63,-36.62,-0.75,179.6,-83.19,-102.05
52.413277,-1.548021,147.06,0,2,293.4,21 / 21,2857228,2019-09-06 19:03:43:910,-1.1895,1.3207,10.1189,0.01,-0.008,9.8066,-0.0705,-0.2998,-0.017,4.94,-37.75,-0.81,179.7,-82.96,-101.88
52.413277,-1.548021,147.06,0,2,293.4,21 / 21,2857328,2019-09-06 19:03:44:010,-0.6108,1.0061,10.9575,-0.0074,-0.0052,9.8066,-0.0114,-0.3592,0.0256,4.63,-37.87,-1.25,178.58,-83,-104.01
52.413277,-1.548021,147.06,0,2,293.4,21 / 21,2857429,2019-09-06 19:03:44:111,-0.874,1.0596,9.9816,-0.0469,0.0243,9.8065,0.0423,-0.3558,0.0528,4,-38.06,-1.44,178.79,-82.91,-106.61
52.413277,-1.548021,147.06,0,2,293.4,21 / 21,2857528,2019-09-06 19:03:44:210,-1.2776,1.4971,9.1151,-0.0347,0.0244,9.8065,0.0838,-0.3952,0.0798,3.5,-38.25,-2,182.05,-82.5,-112.26
52.413277,-1.548021,147.06,0,2,293.4,21 / 21,2857629,2019-09-06 19:03:44:311,-1.3273,2.7237,9.5907,-0.0178,0.0421,9.8065,0.0623,-0.448,0.1216,2.81,-38.25,-2.44,183.08,-81.76,-115.99
52.413277,-1.548021,147.06,0,2,293.4,21 / 21,2857728,2019-09-06 19:03:44:410,-0.433,2.4889,9.8977,-0.0331,0.0425,9.8065,0.0428,-0.4688,0.0578,2.25,-37.31,-1.87,185.55,-81.28,-118.46
52.413277,-1.548021,147.06,0,2,293.4,21 / 21,2857828,2019-09-06 19:03:44:510,-1.1281,2.6424,9.5672,-0.0277,0.0462,9.8064,0.0977,-0.4844,0.0898,1.63,-38.31,-2.19,184.17,-80.71,-121.82
52.413277,-1.548021,147.06,0,2,293.4,21 / 21,2857929,2019-09-06 19:03:44:611,1.3064,1.111,10.0773,-0.0139,0.0077,9.8065,-0.0695,-0.4713,-0.0291,1.25,-38.31,-3.56,196.31,-80.35,-124.13
52.413277,-1.548021,147.06,0,2,293.4,21 / 21,2858028,2019-09-06 19:03:44:710,0.9689,1.428,10.0836,0.0015,-0.0685,9.8063,-0.1131,-0.4638,-0.0439,1.38,-38.12,-3.87,195.99,-80.51,-125.41
52.413277,-1.548021,147.06,0,2,293.4,21 / 21,2858128,2019-09-06 19:03:44:810,0.5856,-0.2352,10.4696,0.002,-0.04,9.8065,-0.1841,-0.5016,0.0468,1.13,-38.19,-5.12,200.41,-81.27,-125.23
52.413277,-1.548021,147.06,0,2,293.4,21 / 21,2858228,2019-09-06 19:03:44:910,-0.8963,0.2178,10.7628,-0.0074,0.0313,9.8065,0.0101,-0.4443,0.0454,0.13,-38.12,-5,205.32,-81.31,-125.45
52.413277,-1.548021,147.06,0,2,293.4,21 / 21,2858328,2019-09-06 19:03:45:010,1.2089,1.8835,10.0838,0.0113,0.0519,9.8064,0.0283,-0.4906,0.1788,-0.69,-38.25,-5,209.38,-80.74,-126.09
52.413277,-1.548021,147.06,0,2,293.4,21 / 21,2858428,2019-09-06 19:03:45:110,0.992,3.1676,9.616,0.005,0.0699,9.8063,0.0212,-0.44,0.0947,-1.75,-38.19,-5.19,212.14,-79.8,-128.19
52.413277,-1.548021,147.06,0,2,293.4,21 / 21,2858528,2019-09-06 19:03:45:210,3.0347,3.0467,10.2189,-0.0272,0.0734,9.8062,-0.1984,-0.4279,0.0014,-2.19,-37.69,-5.44,210.58,-79.39,-130.04
52.413277,-1.548021,147.06,0,2,293.4,21 / 21,2858628,2019-09-06 19:03:45:310,0.53,2.1389,9.1234,-0.0113,-0.0188,9.8066,-0.2087,-0.3882,0.0652,-3.19,-37.44,-5.69,216.97,-79.18,-131.29
52.413277,-1.548021,147.06,0,2,293.4,21 / 21,2858728,2019-09-06 19:03:45:410,1.5671,1.3655,10.1181,-0.0075,0.023,9.8066,0.0569,-0.4545,0.008,-3.69,-37.56,-6.5,220.67,-79.08,-132.57
52.413277,-1.548021,147.06,0,2,293.4,21 / 21,2858829,2019-09-06 19:03:45:511,2.0114,0.6294,10.2121,-0.0018,-0.0207,9.8066,-0.0038,-0.5673,0.0919,-4.25,-37.56,-7.12,221.15,-79.06,-132.71
52.413277,-1.548021,147.06,0,2,293.4,21 / 21,2858929,2019-09-06 19:03:45:611,0.8492,1.4872,10.1157,-0.0016,-0.0172,9.8065,-0.0952,-0.4424,0.0638,-5.44,-38.06,-6.37,225.55,-79.05,-133.03
52.413277,-1.548021,147.06,0,2,293.4,21 / 21,2859029,2019-09-06 19:03:45:711,1.0213,-0.3939,9.5258,0.0034,0.0209,9.8065,-0.0984,-0.4617,0.1061,-6.31,-36.87,-6.75,230.79,-78.93,-133.2
52.413277,-1.548021,147.06,0,2,293.4,21 / 21,2859129,2019-09-06 19:03:45:811,1.133,-0.6565,9.7961,0.0051,0.0292,9.8066,0.0928,-0.4033,0.014,-6.87,-37.31,-6.44,235.24,-78.77,-134.09
52.413277,-1.548021,147.06,0,2,293.4,21 / 21,2859232,2019-09-06 19:03:45:914,1.7911,-0.7316,10.2368,0.0006,-0.0083,9.8066,0.088,-0.4252,0.1321,-7.12,-37.5,-6.31,234.86,-78.78,-134.74
52.413277,-1.548021,147.06,0,2,293.4,21 / 21,2859328,2019-09-06 19:03:46:010,2.2689,2.1458,10.4478,-0.0106,-0.0187,9.8066,0.048,-0.3328,-0.0102,-8.06,-37.12,-7.31,237.62,-78.63,-135.73
52.413277,-1.548021,147.06,0,2,293.4,21 / 21,2859430,2019-09-06 19:03:46:112,1.7031,1.1722,10.3042,0.0074,0.0446,9.8065,0.0349,-0.3222,0.0122,-8.87,-36.87,-6.81,239.69,-78.28,-137.66
52.413277,-1.548021,147.06,0,2,293.4,21 / 21,2859528,2019-09-06 19:03:46:210,1.766,1.6254,10.3899,0.0047,0.0471,9.8065,-0.1367,-0.24,0.0025,-9.25,-36.69,-7.06,239.21,-78.28,-138.35
52.413277,-1.548021,147.06,0,2,293.4,21 / 21,2859630,2019-09-06 19:03:46:312,1.8956,0.6877,9.9082,-0.0247,-0.0268,9.8065,-0.0432,-0.2561,0.0082,-9.81,-36.94,-6.19,244.39,-78.2,-138.59
52.413277,-1.548021,147.06,0,2,293.4,21 / 21,2859729,2019-09-06 19:03:46:411,1.0401,1.2887,9.625,-0.0054,-0.0043,9.8066,0.0576,-0.3605,0.0916,-10.19,-37.37,-6.12,244.6,-78.37,-138.91
52.413277,-1.548021,147.06,0,2,293.4,21 / 21,2859828,2019-09-06 19:03:46:510,1.809,1.7351,9.8436,0.0157,0.0417,9.8064,0.0192,-0.3101,0.0076,-10.44,-36.94,-6.94,241.15,-78.13,-140.65
52.413277,-1.548021,147.06,0,2,293.4,21 / 21,2859929,2019-09-06 19:03:46:611,-0.1269,-0.0584,9.1372,0.0254,0.0507,9.8064,-0.0948,-0.2182,-0.0204,-11.12,-37.06,-6.75,244.13,-78,-141.19
52.413277,-1.548021,147.06,0,2,293.4,21 / 21,2860028,2019-09-06 19:03:46:710,0.3036,0.3489,9.5117,-0.0182,-0.0467,9.8065,-0.1714,-0.2093,0.063,-11.56,-36.75,-6.06,250.33,-78.13,-140.5
52.413277,-1.548021,147.06,0,2,293.4,21 / 21,2860130,2019-09-06 19:03:46:812,1.0978,-0.628,10.1524,-0.0276,-0.029,9.8065,0.1415,-0.2265,0.0293,-11.5,-37.69,-5.87,245.24,-78.04,-141.11
52.413277,-1.548021,147.06,0,2,293.4,21 / 21,2860229,2019-09-06 19:03:46:911,1.5952,0.62,9.9034,0.0109,0.0485,9.8064,0.2472,-0.111,-0.072,-12.06,-36.56,-6.12,248.8,-77.95,-141.89
52.413277,-1.548021,147.06,0,2,293.4,21 / 21,2860329,2019-09-06 19:03:47:011,0.9459,0.1117,10.6702,0.0302,0.0561,9.8064,-0.1604,-0.166,0.0857,-11.75,-37,-5.75,247.04,-77.7,-143.4
52.413277,-1.548021,147.06,0,2,293.4,21 / 21,2860430,2019-09-06 19:03:47:112,-0.5807,1.7084,9.8377,-0.0007,0.0422,9.8065,-0.0387,-0.0897,-0.1034,-12.19,-36.94,-5.81,245.95,-77.76,-145.02
52.413277,-1.548021,147.06,0,2,293.4,21 / 21,2860529,2019-09-06 19:03:47:211,0.368,0.5536,9.5101,0.0205,0.0374,9.8065,-0.0799,-0.1345,0.0746,-13.31,-37.62,-6.19,247.76,-77.67,-145.58
52.413277,-1.548021,147.06,0,2,293.4,21 / 21,2860628,2019-09-06 19:03:47:310,1.2563,1.9853,9.7038,-0.0152,-0.0161,9.8066,-0.064,-0.1181,0.0259,-12.62,-36.87,-5.56,248.97,-77.99,-145.9
52.413277,-1.548021,147.06,0,2,293.4,21 / 21,2860728,2019-09-06 19:03:47:410,0.3073,0.8616,9.672,-0.0216,-0.0088,9.8066,0.0228,-0.0009,-0.0328,-12.94,-36.81,-6.87,247.06,-78.19,-146.34
52.413277,-1.548021,147.06,0,2,293.4,21 / 21,2860828,2019-09-06 19:03:47:510,0.5987,1.5486,9.8398,0.0046,0.0105,9.8066,0.2409,-0.1177,0.084,-12.87,-37,-6.12,249.53,-78.21,-145.84
52.413277,-1.548021,147.06,0,2,293.4,21 / 21,2860929,2019-09-06 19:03:47:611,-0.3587,-0.5442,9.7301,0.0331,0.0195,9.8065,-0.0782,-0.0662,0.0745,-13.37,-36.81,-6.56,246.97,-78.07,-146.12
52.413277,-1.548021,147.06,0,2,293.4,21 / 21,2861028,2019-09-06 19:03:47:710,-0.4756,-0.9173,8.7678,-0.0141,-0.0375,9.8065,-0.1339,-0.0573,-0.0053,-12.87,-37.12,-6.31,250.01,-78.11,-144.96
52.413277,-1.548021,147.06,0,2,293.4,21 / 21,2861129,2019-09-06 19:03:47:811,1.8726,1.6676,11.065,-0.0143,-0.054,9.8064,0.1294,-0.0464,0.0985,-13.5,-37.69,-6.5,249.23,-78,-144.7
52.413277,-1.548021,147.06,0,2,293.4,21 / 21,2861228,2019-09-06 19:03:47:910,0.7164,1.2121,8.7814,0.0215,0.011,9.8065,0.121,-0.0575,0.1596,-13.37,-36.44,-5.69,249.81,-77.66,-144.88
52.413277,-1.548021,147.06,0,2,293.4,21 / 21,2861330,2019-09-06 19:03:48:012,1.6407,-2.4104,8.5775,-0.0259,0.0028,9.8066,0.1988,0.1941,-0.0442,-13.75,-36.81,-6.31,252.32,-77.87,-145.11
52.41347,-1.548082,148.26,8.07,3,16.59,21 / 21,2861430,2019-09-06 19:03:48:112,-1.0352,-0.066,10.1759,0.0402,0.0118,9.8065,0.0112,-0.002,0.2062,-14.25,-35.5,-5.69,253.46,-77.51,-144.57
52.41347,-1.548082,148.26,8.07,3,16.59,21 / 21,2861528,2019-09-06 19:03:48:210,0.5326,1.5284,10.7925,-0.0382,-0.0298,9.8065,0.2159,0.0533,-0.073,-13.62,-35.69,-4.69,255.68,-77.59,-143.96
52.41347,-1.548082,148.26,8.07,3,16.59,21 / 21,2861628,2019-09-06 19:03:48:310,-0.7011,0.4051,9.9446,-0.0243,0.0004,9.8065,0.145,0.0633,0.0866,-13.37,-35.06,-4.94,253.73,-77.96,-144.66
52.41347,-1.548082,148.26,8.07,3,16.59,21 / 21,2861729,2019-09-06 19:03:48:411,-1.0919,1.9163,8.4796,0.0309,0.0123,9.8066,-0.0562,-0.0885,0.0027,-13.12,-35.69,-5.44,251.49,-77.72,-145.72
52.41347,-1.548082,148.26,8.07,3,16.59,21 / 21,2861828,2019-09-06 19:03:48:510,-0.4782,0.3042,9.0555,0.0123,-0.0041,9.8066,-0.0931,0.0101,0.0138,-13.5,-35.56,-6.12,249.42,-77.52,-144.97
52.41347,-1.548082,148.26,8.07,3,16.59,21 / 21,2861929,2019-09-06 19:03:48:611,-1.7932,-0.4835,9.4214,-0.0827,-0.0525,9.8061,-0.0788,-0.0379,0.052,-13.44,-36,-6.69,248.68,-78.03,-144.75
52.41347,-1.548082,148.26,8.07,3,16.59,21 / 21,2862029,2019-09-06 19:03:48:711,-2.0143,-1.1813,9.4112,0.0149,0.023,9.8066,0.4141,-0.0115,0.1211,-13.87,-35.44,-6.69,251.35,-77.95,-145.67
52.41347,-1.548082,148.26,8.07,3,16.59,21 / 21,2862128,2019-09-06 19:03:48:810,-1.8655,-2.8419,8.8396,-0.055,-0.0596,9.8063,0.3477,0.0239,0.1702,-13.56,-36.06,-5.37,253.59,-77.75,-146.89
52.41347,-1.548082,148.26,8.07,3,16.59,21 / 21,2862228,2019-09-06 19:03:48:910,1.3399,1.5808,9.5363,-0.0285,-0.0585,9.8064,0.1427,0.0734,0.0293,-13.62,-35.69,-5.12,254.52,-77.85,-146.07
52.41347,-1.548082,148.26,8.07,3,16.59,21 / 21,2862329,2019-09-06 19:03:49:011,-0.0543,-0.9283,11.2346,-0.0277,-0.0274,9.8065,0.1196,-0.0705,-0.1867,-13.25,-36.31,-5.75,249.28,-77.8,-145.93
52.41347,-1.548082,148.26,8.07,3,16.59,21 / 21,2862429,2019-09-06 19:03:49:111,-0.7355,1.6509,9.6389,0.0134,0.0138,9.8065,0.0298,0.105,-0.1966,-13.25,-36.19,-5.56,249.2,-78.02,-146.61
52.41347,-1.548082,148.26,8.07,3,16.59,21 / 21,2862528,2019-09-06 19:03:49:210,-0.2348,0.5791,9.7399,-0.0087,0.0075,9.8066,0.0944,-0.0198,0.0957,-13.5,-36.31,-5.81,248.82,-78,-147.05
52.41347,-1.548082,148.26,8.07,3,16.59,21 / 21,2862629,2019-09-06 19:03:49:311,-2.942,-0.579,9.9268,0.0269,-0.0011,9.8065,-0.0789,0.0807,-0.1454,-13.75,-35.87,-5.56,251.69,-77.83,-146.63
52.41347,-1.548082,148.26,8.07,3,16.59,21 / 21,2862728,2019-09-06 19:03:49:410,-0.2627,-2.0644,9.2165,-0.0213,-0.0083,9.8066,0.1321,-0.1709,0.1026,-13.44,-36.44,-5.69,248.84,-77.96,-146.89
52.41347,-1.548082,148.26,8.07,3,16.59,21 / 21,2862829,2019-09-06 19:03:49:511,0.9358,2.1184,10.2639,-0.0264,-0.0075,9.8065,0.2058,-0.0186,0.037,-13.25,-35.87,-5.44,250.72,-77.87,-147.1
52.41347,-1.548082,148.26,8.07,3,16.59,21 / 21,2862929,2019-09-06 19:03:49:611,-2.2062,1.2773,9.237,-0.0046,-0.0132,9.8066,0.089,0.1291,-0.0152,-13.69,-36.62,-5.5,253.19,-77.88,-146.8
52.41347,-1.548082,148.26,8.07,3,16.59,21 / 21,2863029,2019-09-06 19:03:49:711,1.8596,-1.0489,10.7522,0.0354,0.0578,9.8064,-0.1215,0.0738,-0.0175,-13.37,-36.19,-5.31,251.33,-77.96,-146.63
52.41347,-1.548082,148.26,8.07,3,16.59,21 / 21,2863128,2019-09-06 19:03:49:810,-0.7046,2.7982,9.0037,0.0488,0.0696,9.8062,-0.0683,0.1256,-0.0371,-13.37,-36.5,-6.06,246.88,-77.65,-148.55
52.41347,-1.548082,148.26,8.07,3,16.59,21 / 21,2863228,2019-09-06 19:03:49:910,0.265,-0.3182,9.7418,-0.0361,-0.0369,9.8065,0.0303,0.0364,0.079,-13.44,-36.31,-5.37,250.12,-77.94,-148.05
52.41347,-1.548082,148.26,8.07,3,16.59,21 / 21,2863329,2019-09-06 19:03:50:011,-0.2716,-1.1621,9.3375,0.0052,-0.0148,9.8066,-0.1637,-0.0538,-0.0447,-13.12,-36.12,-5.87,247.53,-77.82,-148.18
52.41347,-1.548082,148.26,8.07,3,16.59,21 / 21,2863428,2019-09-06 19:03:50:110,-0.2777,0.202,9.9208,-0.0202,-0.0119,9.8066,0.0986,-0.0037,0.0267,-13.37,-36.31,-5.81,247.74,-77.94,-148.22
52.41347,-1.548082,148.26,8.07,3,16.59,21 / 21,2863529,2019-09-06 19:03:50:211,1.0683,1.1731,10.1988,-0.0156,-0.0312,9.8065,0.1409,-0.0106,0.0106,-13.87,-36.19,-6.19,250.66,-77.96,-148.23
52.41347,-1.548082,148.26,8.07,3,16.59,21 / 21,2863628,2019-09-06 19:03:50:310,1.2215,0.4763,10.3292,0.03,0.0418,9.8064,-0.0241,0.0201,0.0427,-14.06,-36.25,-5.56,251.07,-78,-147.83
52.41347,-1.548082,148.26,8.07,3,16.59,21 / 21,2863729,2019-09-06 19:03:50:411,-0.5229,0.3335,10.5563,0.0202,0.0389,9.8065,-0.0944,0.0565,0.0457,-13.75,-36.25,-6.19,249.68,-77.81,-149.03
52.41347,-1.548082,148.26,8.07,3,16.59,21 / 21,2863828,2019-09-06 19:03:50:510,-0.4101,0.4395,10.0257,0.0044,-0.0175,9.8066,0.1221,-0.0334,-0.0929,-13.62,-35.44,-5.12,253.44,-77.89,-148.36
52.41347,-1.548082,148.26,8.07,3,16.59,21 / 21,2863929,2019-09-06 19:03:50:611,1.0367,2.3941,10.5937,-0.018,0,9.8066,0.1524,-0.0253,0.0136,-14.19,-35.94,-6.06,249.98,-77.88,-148.85
52.41347,-1.548082,148.26,8.07,3,16.59,21 / 21,2864029,2019-09-06 19:03:50:711,0.5902,1.8862,10.6533,0.035,0.0291,9.8065,-0.0545,0.0433,0.0312,-14.37,-35.56,-6.06,248.56,-77.72,-150.18
52.41347,-1.548082,148.26,8.07,3,16.59,21 / 21,2864128,2019-09-06 19:03:50:810,-0.5411,-3.4218,10.1631,0.0467,0.0492,9.8063,-0.2818,-0.0787,-0.1646,-14.12,-35.62,-6.37,248.52,-77.56,-149.83
52.41347,-1.548082,148.26,8.07,3,16.59,21 / 21,2864228,2019-09-06 19:03:50:910,-1.8098,-2.8906,9.0102,-0.0275,-0.0185,9.8065,0.0282,0.1438,0.1355,-14.19,-36.44,-5.5,251.57,-77.7,-149.2
52.41347,-1.548082,148.26,8.07,3,16.59,21 / 21,2864330,2019-09-06 19:03:51:012,-1.2888,-1.1496,9.8302,-0.0455,-0.0562,9.8063,-0.0621,-0.0661,0.2266,-14.06,-36.06,-5.69,250.52,-78.09,-148.73
52.41347,-1.548082,148.26,8.07,3,16.59,21 / 21,2864429,2019-09-06 19:03:51:111,0.5728,1.2138,9.393,-0.033,-0.0323,9.8065,0.3096,-0.0936,-0.068,-14.31,-35.87,-6.12,250.55,-77.78,-147.88
52.41347,-1.548082,148.26,8.07,3,16.59,21 / 21,2864530,2019-09-06 19:03:51:212,-0.2095,-0.4201,9.6861,-0.0236,-0.0196,9.8066,0.1527,-0.1343,0.0187,-14,-35.37,-5.75,250.67,-77.66,-148.33
52.41347,-1.548082,148.26,8.07,3,16.59,21 / 21,2864629,2019-09-06 19:03:51:311,-0.0029,0.5408,10.8536,-0.0029,0.0527,9.8064,-0.1244,0.0278,0.0288,-14.12,-35.5,-6.19,248.88,-77.45,-149.98
52.41347,-1.548082,148.26,8.07,3,16.59,21 / 21,2864729,2019-09-06 19:03:51:411,0.0948,1.5883,9.4388,0.0277,0.0556,9.8063,-0.0895,0.2485,0.0131,-13.87,-35.31,-5,250.11,-77.49,-151.36
52.41347,-1.548082,148.26,8.07,3,16.59,21 / 21,2864829,2019-09-06 19:03:51:511,-1.6605,0.8354,9.5709,-0.0315,-0.0458,9.8064,0.1175,0.0286,-0.1797,-12.81,-35.62,-4.69,245.14,-77.37,-152.82
52.41347,-1.548082,148.26,8.07,3,16.59,21 / 21,2864928,2019-09-06 19:03:51:610,0.6663,-0.3534,9.1678,-0.0554,-0.0208,9.8064,-0.0456,-0.1377,-0.0734,-12.62,-35.62,-4.25,247.91,-77.64,-153.08
52.41347,-1.548082,148.26,8.07,3,16.59,21 / 21,2865028,2019-09-06 19:03:51:710,-0.6961,1.8258,10.5574,0.0001,0.034,9.8065,0.0932,0.0316,0.0082,-12.69,-35.69,-5.25,244.54,-77.81,-154.81
52.41347,-1.548082,148.26,8.07,3,16.59,21 / 21,2865129,2019-09-06 19:03:51:811,0.3689,-0.6744,10.1774,0.0085,0.022,9.8066,0.0649,-0.0993,0.052,-12.69,-35.25,-5.56,242.83,-77.82,-155.07
52.41347,-1.548082,148.26,8.07,3,16.59,21 / 21,2865229,2019-09-06 19:03:51:911,-2.1221,-1.1527,8.6341,0.0141,0.0288,9.8065,0.0453,0.0317,-0.0986,-12.56,-35.69,-5.06,243.32,-77.59,-155.8
52.41347,-1.548082,148.26,8.07,3,16.59,21 / 21,2865328,2019-09-06 19:03:52:010,0.1392,1.0587,9.4022,0.0183,0.0369,9.8065,-0.1252,0.1109,0.0254,-13.44,-36.44,-5.25,242.29,-77.43,-156.75
52.41347,-1.548082,148.26,8.07,3,16.59,21 / 21,2865428,2019-09-06 19:03:52:110,-1.2736,-1.4563,10.3668,-0.0348,-0.0402,9.8064,-0.0131,-0.0179,-0.0509,-13.19,-36.25,-5.44,243.17,-77.82,-156.63
52.41347,-1.548082,148.26,8.07,3,16.59,21 / 21,2865529,2019-09-06 19:03:52:211,0.6956,0.3607,9.7063,-0.061,-0.0405,9.8063,0.0408,-0.1041,-0.0548,-12.94,-35.69,-4.44,245.49,-78.05,-157.36
52.41347,-1.548082,148.26,8.07,3,16.59,21 / 21,2865628,2019-09-06 19:03:52:310,-0.5686,0.8751,9.7495,-0.0023,0.0308,9.8066,0.0277,-0.0088,-0.0086,-13.12,-35.62,-5.37,241.76,-78.03,-159.02
52.41347,-1.548082,148.26,8.07,3,16.59,21 / 21,2865729,2019-09-06 19:03:52:411,0.6162,-1.1422,9.9648,0.0176,0.0171,9.8066,-0.0744,-0.0157,-0.0568,-12.25,-36.44,-5.25,238.77,-77.99,-159.13
52.41347,-1.548082,148.26,8.07,3,16.59,21 / 21,2865829,2019-09-06 19:03:52:511,-0.4235,1.0261,9.3203,-0.0087,-0.0099,9.8066,-0.0231,-0.0656,0.0539,-12.5,-35.94,-5.44,238.82,-78.11,-159.39
52.41347,-1.548082,148.26,8.07,3,16.59,21 / 21,2865929,2019-09-06 19:03:52:611,-1.4622,0.3402,9.6453,0.0318,0.0108,9.8065,-0.1404,0.1042,-0.0434,-13.19,-36.62,-5.81,239.2,-78.03,-158.68
52.41347,-1.548082,148.26,8.07,3,16.59,21 / 21,2866028,2019-09-06 19:03:52:710,-0.3688,-0.2226,10.441,0.0035,-0.0302,9.8065,0.0517,-0.0698,0.0545,-12.19,-36.37,-5,240.33,-78.26,-157.75
52.41347,-1.548082,148.26,8.07,3,16.59,21 / 21,2866128,2019-09-06 19:03:52:810,-2.1457,0.6091,10.5139,-0.0161,-0.0164,9.8066,0.0437,0.103,-0.0179,-12.75,-35.94,-5.75,241.04,-78.17,-157.41
52.41347,-1.548082,148.26,8.07,3,16.59,21 / 21,2866228,2019-09-06 19:03:52:910,0.7982,-0.2041,9.903,0.0399,0.0127,9.8065,-0.0659,-0.0033,-0.0836,-12.12,-36.19,-5.62,238.09,-78.02,-157.21
52.41347,-1.548082,148.26,8.07,3,16.59,21 / 21,2866328,2019-09-06 19:03:53:010,-3.2419,0.1133,9.752,-0.0153,0.0149,9.8066,-0.0187,0.0031,0.0135,-12.44,-36.31,-5.62,237.88,-78.09,-157.68
52.41347,-1.548082,148.26,8.07,3,16.59,21 / 21,2866428,2019-09-06 19:03:53:110,0.2143,0.4825,10.2679,-0.0433,-0.0468,9.8064,0.2703,-0.148,0.1156,-12.69,-36.31,-5.56,240.53,-78.05,-157.8
52.41347,-1.548082,148.26,8.07,3,16.59,21 / 21,2866529,2019-09-06 19:03:53:211,-0.2551,1.38,10.0922,-0.0067,-0.0195,9.8066,0.0666,0.0255,-0.01,-11.75,-36.87,-5.19,240.25,-78.23,-156.84
52.41347,-1.548082,148.26,8.07,3,16.59,21 / 21,2866629,2019-09-06 19:03:53:311,-1.1031,1.3917,10.2292,0.0254,0.0211,9.8065,-0.0321,-0.1721,0.2168,-12.87,-36.31,-5.44,243.31,-78.05,-157.05
52.41347,-1.548082,148.26,8.07,3,16.59,21 / 21,2866729,2019-09-06 19:03:53:411,1.0485,0.5307,9.2396,0.0213,-0.0106,9.8066,-0.0008,-0.0276,-0.0116,-12.44,-36.31,-6.19,239.12,-77.92,-155.56
52.41347,-1.548082,148.26,8.07,3,16.59,21 / 21,2866829,2019-09-06 19:03:53:511,-0.5036,-1.1641,9.9097,-0.0039,-0.0095,9.8066,-0.0311,-0.0241,0.0591,-12.69,-36.56,-5.87,242.44,-78.26,-154.99
52.41347,-1.548082,148.26,8.07,3,16.59,21 / 21,2866929,2019-09-06 19:03:53:611,-0.9107,-0.7368,11.2837,0.0002,0.0015,9.8066,0.1961,-0.0011,0.0294,-12.69,-36.44,-5.75,243.17,-78.27,-154.92
52.41347,-1.548082,148.26,8.07,3,16.59,21 / 21,2867029,2019-09-06 19:03:53:711,0.113,0.7767,9.545,0.0204,0.0245,9.8065,0.0441,0.0539,-0.004,-12.5,-36.31,-6.25,240.47,-78.3,-154.73
52.41347,-1.548082,148.26,8.07,3,16.59,21 / 21,2867129,2019-09-06 19:03:53:811,-0.1078,-0.0968,11.0343,0.0083,0.0043,9.8066,0.106,-0.0671,0.0668,-12.56,-36.87,-5,244.25,-78.04,-154.9
52.41347,-1.548082,148.26,8.07,3,16.59,21 / 21,2867230,2019-09-06 19:03:53:912,-1.1905,-1.1553,10.311,0.0286,0.0388,9.8065,-0.3297,-0.0075,0.1452,-12.19,-36.62,-6.06,238.76,-77.86,-154.98
52.41347,-1.548082,148.26,8.07,3,16.59,21 / 21,2867329,2019-09-06 19:03:54:011,1.8735,-2.6725,9.9789,-0.0083,-0.0026,9.8066,-0.3522,-0.2682,0.1572,-12.62,-36.25,-5.87,243.01,-78,-154.44
52.41347,-1.548082,148.26,8.07,3,16.59,21 / 21,2867430,2019-09-06 19:03:54:112,-2.4352,-1.9158,8.9219,-0.0512,-0.0345,9.8064,0.2376,0.0012,0.0038,-12.31,-36.81,-5,241.6,-77.78,-153.68
52.41347,-1.548082,148.26,8.07,3,16.59,21 / 21,2867530,2019-09-06 19:03:54:212,-0.5187,1.4696,10.0464,-0.0522,-0.0327,9.8063,0.1317,0.0465,0.05,-12.12,-36.62,-5.37,241.65,-78.16,-154.74
52.41347,-1.548082,148.26,8.07,3,16.59,21 / 21,2867629,2019-09-06 19:03:54:311,-0.2308,1.2411,9.682,-0.0228,-0.0203,9.8066,0.2418,-0.043,-0.1191,-12.56,-36.19,-5.06,245.14,-78,-154.55
52.41347,-1.548082,148.26,8.07,3,16.59,21 / 21,2867728,2019-09-06 19:03:54:410,-0.5133,0.9282,10.0459,-0.0243,-0.0174,9.8066,0.0253,0.0771,0.0707,-12.87,-36.37,-5.62,242.41,-77.98,-155.17
52.41347,-1.548082,148.26,8.07,3,16.59,21 / 21,2867828,2019-09-06 19:03:54:510,0.3741,1.1164,9.8189,0.0139,0.0042,9.8066,-0.0046,-0.0207,0.0854,-13.12,-36.06,-5.25,244.47,-78.04,-155.52
52.41347,-1.548082,148.26,8.07,3,16.59,21 / 21,2867929,2019-09-06 19:03:54:611,-0.9503,0.338,9.4987,0.0012,-0.0047,9.8065,0.0217,0.0196,-0.0887,-12.62,-35.69,-5.44,245.04,-78.1,-154.94
52.41347,-1.548082,148.26,8.07,3,16.59,21 / 21,2868029,2019-09-06 19:03:54:711,0.5604,1.1068,9.847,-0.002,0.0022,9.8066,-0.0117,0.0303,-0.0271,-13.19,-36.25,-5.62,242.7,-78.1,-155.09
52.41347,-1.548082,148.26,8.07,3,16.59,21 / 21,2868128,2019-09-06 19:03:54:810,-0.2726,-0.7377,10.3877,0.0081,0.0064,9.8066,-0.0244,0.024,0.0668,-12.69,-36.56,-5.37,244.12,-78.13,-155.32
52.41347,-1.548082,148.26,8.07,3,16.59,21 / 21,2868228,2019-09-06 19:03:54:910,0.6091,1.4423,10.6587,0.0218,0.0278,9.8065,0.0191,-0.0715,-0.0291,-13.31,-35.44,-5.75,242.87,-78.07,-155.64
52.41347,-1.548082,148.26,8.07,3,16.59,21 / 21,2868329,2019-09-06 19:03:55:011,0.7429,2.1883,9.871,0.0263,0.0383,9.8065,0.0408,0.0212,-0.1581,-13.31,-36.62,-5.81,241.16,-77.96,-155.92
52.41347,-1.548082,148.26,8.07,3,16.59,21 / 21,2868428,2019-09-06 19:03:55:110,-0.4871,1.2695,9.9838,0.0148,0.0236,9.8066,-0.1536,0.0162,0.0305,-13.37,-36.12,-6.06,240.76,-77.84,-156.98
52.41347,-1.548082,148.26,8.07,3,16.59,21 / 21,2868529,2019-09-06 19:03:55:211,-0.7571,-0.7692,10.1806,0.0335,0.0431,9.8065,-0.1066,-0.044,0.0315,-12.62,-36.56,-5.81,239.88,-77.82,-157.24
52.41347,-1.548082,148.26,8.07,3,16.59,21 / 21,2868629,2019-09-06 19:03:55:311,-1.2986,0.55,8.9347,-0.0113,-0.0078,9.8066,-0.0475,-0.0049,-0.0453,-13.19,-35.81,-5.87,240.94,-77.89,-156.86
52.41347,-1.548082,148.26,8.07,3,16.59,21 / 21,2868730,2019-09-06 19:03:55:412,-0.6027,0.4829,9.0629,-0.0121,0.0037,9.8066,-0.0703,-0.0044,0.0632,-12.75,-36.44,-5.75,240.99,-78.01,-157.11
52.41347,-1.548082,148.26,8.07,3,16.59,21 / 21,2868829,2019-09-06 19:03:55:511,-1.014,-0.8564,10.5727,0.0116,0.0018,9.8066,-0.0351,-0.0091,0.0066,-13.19,-36,-6.81,239.5,-78.06,-156.52
52.41347,-1.548082,148.26,8.07,3,16.59,21 / 21,2868929,2019-09-06 19:03:55:611,-0.2347,0.1236,10.8792,-0.0147,-0.0232,9.8065,0.0956,0.0218,-0.002,-12.81,-35.87,-5.37,244.54,-78.27,-156.03
52.41347,-1.548082,148.26,8.07,3,16.59,21 / 21,2869028,2019-09-06 19:03:55:710,-1.5628,0.2479,10.1411,0.0185,0.0234,9.8065,-0.0971,0.0179,0.0224,-13.12,-35.81,-5.94,242.65,-78.21,-155.44
52.41347,-1.548082,148.26,8.07,3,16.59,21 / 21,2869128,2019-09-06 19:03:55:810,-0.6551,-1.1584,10.6123,0.0149,0.0101,9.8065,-0.1423,-0.0974,0.07,-13,-35.56,-5.5,244.63,-78.05,-155.35
52.41347,-1.548082,148.26,8.07,3,16.59,21 / 21,2869228,2019-09-06 19:03:55:910,-1.6006,-1.1975,10.3448,-0.0058,-0.0028,9.8066,0.0302,0.0343,0.0112,-12.62,-35.25,-5.81,243.84,-78.18,-154.68
52.41347,-1.548082,148.26,8.07,3,16.59,21 / 21,2869329,2019-09-06 19:03:56:011,1.0142,0.7368,9.8272,-0.0107,-0.0191,9.8066,0.044,-0.0168,0.0056,-12.56,-34.56,-6.25,243.86,-78.24,-154.78
52.41347,-1.548082,148.26,8.07,3,16.59,21 / 21,2869429,2019-09-06 19:03:56:111,-1.4219,1.5843,11.1236,0.0282,0.028,9.8065,0.1029,0.0624,-0.0249,-13.75,-34.56,-6.19,244.76,-77.68,-155.7
52.41347,-1.548082,148.26,8.07,3,16.59,21 / 21,2869529,2019-09-06 19:03:56:211,0.7024,0.1551,10.5615,-0.0084,-0.0121,9.8066,-0.0437,0.0621,0.0085,-15.12,-34.75,-5.44,249.64,-77.65,-155.43
52.41347,-1.548082,148.26,8.07,3,16.59,21 / 21,2869628,2019-09-06 19:03:56:310,0.9881,1.6861,10.6543,0.0329,0.0293,9.8065,-0.1142,0.0486,0.0323,-15,-34.44,-4.37,252.93,-77.59,-155.16
52.41347,-1.548082,148.26,8.07,3,16.59,21 / 21,2869728,2019-09-06 19:03:56:410,-0.9197,0.0603,10.2948,0.0158,0.0163,9.8066,0.0501,0.0364,0.0186,-13.75,-34.37,-4.44,249.99,-77.49,-155.46
52.41347,-1.548082,148.26,8.07,3,16.59,21 / 21,2869829,2019-09-06 19:03:56:511,-1.1355,1.3836,9.999,0.0417,0.0409,9.8064,-0.1437,0.001,-0.1617,-12.31,-34.62,-4.75,240.19,-77.14,-155.84
52.41347,-1.548082,148.26,8.07,3,16.59,21 / 21,2869928,2019-09-06 19:03:56:610,-0.9236,-0.0863,9.9305,0.0267,0.0485,9.8065,-0.0692,0.0014,-0.0227,-12,-34.31,-6.31,238.35,-77.11,-156.39
52.41347,-1.548082,148.26,8.07,3,16.59,21 / 21,2870028,2019-09-06 19:03:56:710,-0.9061,0.3775,8.9216,-0.0098,-0.0224,9.8066,-0.0776,0.0599,0.0339,-13.75,-34.44,-5.87,244.38,-77.34,-156.23
52.41347,-1.548082,148.26,8.07,3,16.59,21 / 21,2870129,2019-09-06 19:03:56:811,0.5905,1.8049,8.9068,-0.0184,-0.0148,9.8066,-0.0916,-0.0517,0.0148,-13.44,-35.37,-4.94,243.74,-77.42,-155.75
52.41347,-1.548082,148.26,8.07,3,16.59,21 / 21,2870229,2019-09-06 19:03:56:911,-2.2792,0.4382,9.6128,-0.0147,0.0446,9.8065,-0.1166,-0.0845,0.0531,-12.69,-36.25,-5.31,243.89,-77.68,-155.31
52.41347,-1.548082,148.26,8.07,3,16.59,21 / 21,2870328,2019-09-06 19:03:57:010,2.1588,0.6667,9.3911,0.0511,0.0593,9.8063,-0.1114,-0.0861,0.1406,-12.87,-36.06,-5.62,240.26,-77.47,-156.74
52.414333,-1.547587,150.09,13.2,2,18.41,21 / 21,2870429,2019-09-06 19:03:57:111,-1.6004,2.3595,10.8189,-0.0459,0.006,9.8065,-0.2035,-0.0602,0.1609,-13.25,-35.75,-5.06,241.79,-77.07,-156.47
52.414333,-1.547587,150.09,13.2,2,18.41,21 / 21,2870528,2019-09-06 19:03:57:210,-0.8949,1.3685,8.6452,0.0148,-0.0112,9.8066,-0.3159,0.1433,0.006,-13.5,-35.5,-4.87,243.25,-77.29,-156.06
52.414333,-1.547587,150.09,13.2,2,18.41,21 / 21,2870629,2019-09-06 19:03:57:311,0.6546,0.0243,9.7201,-0.0758,-0.0978,9.8058,0.1676,0.0011,0.051,-13.69,-35.31,-4.69,248.65,-77.95,-154.32
52.414333,-1.547587,150.09,13.2,2,18.41,21 / 21,2870728,2019-09-06 19:03:57:410,-1.3821,0.3938,10.5612,-0.0337,-0.0495,9.8064,-0.007,0.0147,-0.0394,-13.62,-35.5,-5.37,248.92,-77.93,-153.94
52.414333,-1.547587,150.09,13.2,2,18.41,21 / 21,2870829,2019-09-06 19:03:57:511,1.428,-0.2023,10.1256,0.0176,0.0151,9.8066,0.1036,0.024,-0.082,-13.44,-35.56,-5.62,242.9,-77.88,-154.26
52.414333,-1.547587,150.09,13.2,2,18.41,21 / 21,2870929,2019-09-06 19:03:57:611,0.6252,1.636,9.7549,-0.0029,0.0111,9.8066,-0.0323,0.0008,0.0298,-13.75,-35.12,-6,245.08,-77.69,-155.32
52.414333,-1.547587,150.09,13.2,2,18.41,21 / 21,2871028,2019-09-06 19:03:57:710,-0.9977,-0.9407,9.7886,-0.0043,0.0008,9.8066,-0.1218,-0.046,-0.0068,-14.19,-35.87,-6.12,244.06,-77.61,-155.56
52.414333,-1.547587,150.09,13.2,2,18.41,21 / 21,2871128,2019-09-06 19:03:57:810,-0.5748,0.5054,10.1819,-0.0015,-0.003,9.8066,-0.04,-0.0063,-0.0288,-13.81,-36.19,-5.31,246.51,-77.71,-155.49
52.414333,-1.547587,150.09,13.2,2,18.41,21 / 21,2871229,2019-09-06 19:03:57:911,-1.2918,-0.9137,9.7752,-0.0058,0.0003,9.8066,0.1345,-0.028,0.0739,-13.5,-36.06,-5.19,243.95,-77.81,-155.56
52.414333,-1.547587,150.09,13.2,2,18.41,21 / 21,2871328,2019-09-06 19:03:58:010,-0.3005,0.3931,9.9692,0.007,-0.0117,9.8066,0.1074,0.0513,0.0215,-13.44,-35.81,-5.12,243.99,-77.75,-155.35
52.414333,-1.547587,150.09,13.2,2,18.41,21 / 21,2871428,2019-09-06 19:03:58:110,0.7014,-0.9152,10.6111,0.0239,0.0119,9.8066,-0.0588,0.1286,-0.0333,-13.62,-36.25,-4.94,246.61,-77.61,-155.13
52.414333,-1.547587,150.09,13.2,2,18.41,21 / 21,2871529,2019-09-06 19:03:58:211,-1.2567,-0.1643,10.6749,0.0082,0.0021,9.8066,0.0899,-0.0457,0.1201,-13.25,-36.12,-5.19,244.09,-77.62,-154.88
52.414333,-1.547587,150.09,13.2,2,18.41,21 / 21,2871628,2019-09-06 19:03:58:310,1.0807,1.4155,10.1388,0.0036,0.0109,9.8066,-0.1363,0.0828,-0.0665,-13.25,-36,-5.69,241.8,-77.34,-154.34
52.414333,-1.547587,150.09,13.2,2,18.41,21 / 21,2871728,2019-09-06 19:03:58:410,-0.6318,-0.771,11.4556,0.0242,0.0505,9.8064,-0.0089,-0.0758,0.1087,-13.44,-36,-5.56,241.24,-77.36,-155.15
52.414333,-1.547587,150.09,13.2,2,18.41,21 / 21,2871828,2019-09-06 19:03:58:510,-1.6073,-0.7454,9.6452,-0.0059,-0.0092,9.8066,-0.0499,-0.1,0.0271,-13.31,-35.81,-4.81,243.77,-77.42,-154.75
52.414333,-1.547587,150.09,13.2,2,18.41,21 / 21,2871929,2019-09-06 19:03:58:611,0.618,-0.1746,10.0265,-0.0162,-0.0356,9.8065,-0.0117,-0.0822,0.0316,-12.06,-35.69,-4.94,241.37,-77.54,-154.31
52.414333,-1.547587,150.09,13.2,2,18.41,21 / 21,2872028,2019-09-06 19:03:58:710,-0.9045,1.0881,9.7105,0.0753,0.108,9.8057,0.2353,0.0284,-0.0397,-11.12,-34.75,-5.5,239.25,-77.97,-155.04
52.414333,-1.547587,150.09,13.2,2,18.41,21 / 21,2872128,2019-09-06 19:03:58:810,1.4723,1.8792,10.1034,0.0743,0.1086,9.8057,-0.496,-0.0053,-0.0686,-12.25,-34.94,-5.87,237.57,-77.22,-156.79
52.414333,-1.547587,150.09,13.2,2,18.41,21 / 21,2872228,2019-09-06 19:03:58:910,-2.0663,-2.2652,8.3344,-0.0191,-0.0392,9.8065,-0.3759,-0.1222,0.1508,-13.06,-35.25,-5.94,242.39,-77.68,-155.33
52.414333,-1.547587,150.09,13.2,2,18.41,21 / 21,2872328,2019-09-06 19:03:59:010,-1.2555,-0.9537,8.7009,0.0118,0.0103,9.8066,0.0264,-0.1125,0.0545,-13.19,-35.69,-5.87,241.54,-77.72,-155.64
52.414333,-1.547587,150.09,13.2,2,18.41,21 / 21,2872428,2019-09-06 19:03:59:110,-1.3157,-1.9562,9.6547,-0.0362,-0.067,9.8063,-0.1775,-0.0112,-0.0318,-12.69,-35.62,-5.69,243.05,-78.03,-154.47
52.414333,-1.547587,150.09,13.2,2,18.41,21 / 21,2872529,2019-09-06 19:03:59:211,-0.0147,-1.249,10.3664,-0.0337,-0.0232,9.8065,0.1194,-0.088,0.0359,-11.81,-35.44,-5.06,241.78,-77.78,-155.41
52.414333,-1.547587,150.09,13.2,2,18.41,21 / 21,2872629,2019-09-06 19:03:59:311,-1.1684,0.2509,9.6866,-0.0118,-0.0045,9.8066,0.0139,0.0465,-0.0681,-12.06,-35.94,-5.87,237.39,-77.5,-156.84
52.414333,-1.547587,150.09,13.2,2,18.41,21 / 21,2872728,2019-09-06 19:03:59:410,0.923,-0.6305,10.048,-0.0211,-0.0169,9.8065,-0.1225,0.009,-0.1031,-12.25,-35.87,-5.62,237.67,-77.7,-156.96
52.414333,-1.547587,150.09,13.2,2,18.41,21 / 21,2872828,2019-09-06 19:03:59:510,-2.0405,-0.6487,9.5264,0.006,0.0295,9.8066,0.0274,-0.074,-0.0031,-12.56,-36,-6,240.44,-77.93,-157.62
52.414333,-1.547587,150.09,13.2,2,18.41,21 / 21,2872928,2019-09-06 19:03:59:610,-0.4467,-1.6409,8.9491,0.0057,0.044,9.8065,-0.1405,-0.0036,0.0143,-13,-35.06,-6.06,240.6,-78.11,-158.67
52.414333,-1.547587,150.09,13.2,2,18.41,21 / 21,2873028,2019-09-06 19:03:59:710,-1.2344,-2.0417,11.164,0.0174,0.0155,9.8066,-0.0173,0.0722,-0.0284,-13.44,-34.94,-6.5,240.91,-78.1,-158.25
52.414333,-1.547587,150.09,13.2,2,18.41,21 / 21,2873128,2019-09-06 19:03:59:810,-2.807,0.6961,8.693,-0.004,0.0041,9.8066,-0.1134,0.1618,-0.0591,-13.87,-34.94,-6.37,244.02,-78.36,-158.18
52.414333,-1.547587,150.09,13.2,2,18.41,21 / 21,2873229,2019-09-06 19:03:59:911,0.3352,0.2353,9.1829,0.0391,0.0108,9.8065,0.1622,-0.0347,0.1317,-13.5,-35.19,-5.25,244.02,-78.24,-157.51
52.414333,-1.547587,150.09,13.2,2,18.41,21 / 21,2873329,2019-09-06 19:04:00:011,0.9061,0.0893,11.6576,0.0755,0.0336,9.8062,-0.3603,-0.0286,0.0392,-13.19,-34.62,-5.19,245.33,-78.04,-155.3
52.414333,-1.547587,150.09,13.2,2,18.41,21 / 21,2873429,2019-09-06 19:04:00:111,-2.661,-1.672,10.6807,0.0298,0.0333,9.8065,0.0239,0.0065,0.0155,-13.06,-34.62,-5.31,246.46,-78.11,-154.06
52.414333,-1.547587,150.09,13.2,2,18.41,21 / 21,2873528,2019-09-06 19:04:00:210,-0.2089,0.2385,10.48,0.0634,0.069,9.8061,-0.1683,0.0921,-0.0446,-13.37,-34.87,-5.31,244.41,-77.55,-155.22
52.414333,-1.547587,150.09,13.2,2,18.41,21 / 21,2873629,2019-09-06 19:04:00:311,-0.4759,2.4802,10.2224,-0.0222,0.0035,9.8065,-0.142,0.0859,-0.041,-13.37,-35.75,-5.19,242.34,-77.33,-156.43
52.414333,-1.547587,150.09,13.2,2,18.41,21 / 21,2873729,2019-09-06 19:04:00:411,-0.0097,-2.2556,10.1573,0.0165,0.0113,9.8066,-0.2178,-0.2307,0.1072,-13.75,-36.06,-5.75,243.01,-77.46,-156.58
52.414333,-1.547587,150.09,13.2,2,18.41,21 / 21,2873828,2019-09-06 19:04:00:510,-0.0941,-0.1303,9.8306,0.0087,-0.0199,9.8066,0.0507,-0.1029,0.0412,-13.87,-35.31,-5.75,246.38,-78.26,-155.01
52.414333,-1.547587,150.09,13.2,2,18.41,21 / 21,2873928,2019-09-06 19:04:00:610,-2.0664,-0.5629,10.6185,0.0135,0.0028,9.8065,0.0059,-0.0457,0.1438,-13.62,-35.81,-5.44,248.72,-78.29,-154.23
52.414333,-1.547587,150.09,13.2,2,18.41,21 / 21,2874029,2019-09-06 19:04:00:711,0.283,2.1301,8.9193,0.1038,0.1143,9.8054,0.4364,-0.0139,0.0292,-12.56,-35.94,-5.94,241.79,-77.85,-155.64
52.414333,-1.547587,150.09,13.2,2,18.41,21 / 21,2874128,2019-09-06 19:04:00:810,-0.8217,-1.2906,9.9036,0.0608,0.0734,9.8061,-0.1997,-0.0206,-0.0467,-12.75,-35.62,-6,242.37,-78.04,-155.35
52.414333,-1.547587,150.09,13.2,2,18.41,21 / 21,2874228,2019-09-06 19:04:00:910,-0.3873,-0.7162,10.5143,0.014,0.0281,9.8066,0.0849,-0.0149,-0.0131,-12.69,-35.44,-5.87,244.37,-78.41,-154.57
52.414333,-1.547587,150.09,13.2,2,18.41,21 / 21,2874328,2019-09-06 19:04:01:010,-0.3875,0.4189,9.7148,0.0397,0.0457,9.8064,-0.2668,0.0641,0.0228,-12.94,-35.94,-6.62,241.58,-78.5,-154.88
52.414333,-1.547587,150.09,13.2,2,18.41,21 / 21,2874430,2019-09-06 19:04:01:112,0.5154,-1.5064,9.3183,-0.0148,-0.016,9.8066,-0.084,-0.1362,0.1411,-12.44,-35.37,-6.44,243.01,-78.99,-154.09
52.414333,-1.547587,150.09,13.2,2,18.41,21 / 21,2874529,2019-09-06 19:04:01:211,-0.5932,-0.9779,9.0661,-0.0024,-0.0045,9.8066,0.0063,0.0008,-0.0317,-12.87,-35.37,-6.19,246.27,-79.17,-154.08
52.414333,-1.547587,150.09,13.2,2,18.41,21 / 21,2874628,2019-09-06 19:04:01:310,-1.1689,-0.4052,9.0632,-0.0164,-0.0212,9.8065,-0.0602,-0.0009,-0.0273,-12.75,-35.5,-6.94,244.97,-79.44,-153.57
52.414333,-1.547587,150.09,13.2,2,18.41,21 / 21,2874729,2019-09-06 19:04:01:411,-2.0948,-1.3572,8.0631,-0.0066,0.0006,9.8066,-0.18,0.0327,0.0078,-12.37,-35.44,-7,242.2,-79.53,-153.72
52.414333,-1.547587,150.09,13.2,2,18.41,21 / 21,2874829,2019-09-06 19:04:01:511,-0.6551,-0.8995,9.4573,-0.031,-0.0252,9.8065,-0.0396,-0.0905,0.0098,-12.37,-35,-7.37,242.31,-79.58,-153.69
52.414333,-1.547587,150.09,13.2,2,18.41,21 / 21,2874929,2019-09-06 19:04:01:611,0.1027,0.9196,9.751,-0.0145,-0.0337,9.8065,-0.0312,-0.0253,-0.0072,-13.56,-34.87,-8,247.16,-80.02,-152.85
52.414333,-1.547587,150.09,13.2,2,18.41,21 / 21,2875029,2019-09-06 19:04:01:711,-0.2539,0.7042,9.4721,-0.0232,-0.0153,9.8066,-0.0759,0.1187,0.0036,-13.56,-34.81,-7.87,248.09,-80.11,-151.95
52.414333,-1.547587,150.09,13.2,2,18.41,21 / 21,2875129,2019-09-06 19:04:01:811,-0.6199,0.8457,9.9888,-0.0152,-0.0154,9.8066,-0.0695,0.1054,-0.0232,-14.12,-34.94,-7.25,251.1,-80.32,-151.47
52.414333,-1.547587,150.09,13.2,2,18.41,21 / 21,2875228,2019-09-06 19:04:01:910,-0.6333,-0.3511,9.3546,-0.0296,-0.0027,9.8065,-0.0692,0.0068,0.0751,-14.44,-34.75,-7.19,251.94,-80.54,-151
52.414333,-1.547587,150.09,13.2,2,18.41,21 / 21,2875328,2019-09-06 19:04:02:010,-0.9297,-2.1225,9.4769,-0.0037,0.0133,9.8065,-0.1207,0.0751,-0.0945,-13.87,-34.19,-6.94,252.31,-80.65,-151.45
52.414333,-1.547587,150.09,13.2,2,18.41,21 / 21,2875429,2019-09-06 19:04:02:111,-2.5536,-1.2296,10.1192,-0.0449,-0.0427,9.8064,0.1152,0,0.0482,-13.94,-34.69,-7.25,254.21,-81.07,-149.67
52.414333,-1.547587,150.09,13.2,2,18.41,21 / 21,2875529,2019-09-06 19:04:02:211,-0.5991,-1.8116,9.8358,-0.0328,-0.0279,9.8065,0.1452,0.0869,-0.0931,-13,-34.69,-8,249.11,-81.01,-149.75
52.414333,-1.547587,150.09,13.2,2,18.41,21 / 21,2875628,2019-09-06 19:04:02:310,-0.9415,-1.2466,9.9518,0.0077,0.0022,9.8066,0.1564,-0.0128,0.0266,-13.62,-34.5,-8.31,252.99,-81.13,-149.14
52.414333,-1.547587,150.09,13.2,2,18.41,21 / 21,2875730,2019-09-06 19:04:02:412,0.0448,1.33,9.7543,-0.0205,-0.033,9.8065,-0.007,-0.0678,0.0807,-13.37,-35.19,-8.5,251.3,-81.24,-147.77
52.414333,-1.547587,150.09,13.2,2,18.41,21 / 21,2875830,2019-09-06 19:04:02:512,1.5204,1.1612,9.7798,0.0362,0.0351,9.8064,0.1867,-0.0835,0.01,-13.19,-34.37,-8.19,251.6,-81.18,-147.88
52.414333,-1.547587,150.09,13.2,2,18.41,21 / 21,2875929,2019-09-06 19:04:02:611,-0.0375,-0.5128,8.688,0.0116,0.0099,9.8066,-0.1841,0.0154,0.0136,-13.69,-34.12,-8.75,254.09,-81.53,-146.34
52.414333,-1.547587,150.09,13.2,2,18.41,21 / 21,2876031,2019-09-06 19:04:02:713,-1.7217,0.4563,8.7526,-0.0588,-0.0705,9.8062,-0.1804,0.1584,-0.0006,-13.56,-34.19,-9,258.92,-81.98,-142.05
52.414333,-1.547587,150.09,13.2,2,18.41,21 / 21,2876130,2019-09-06 19:04:02:812,-0.6034,0.8585,8.3171,-0.0601,-0.0884,9.806,0.0857,-0.2103,0.06,-13.87,-34.75,-8.19,263.08,-82.13,-139.91
52.414333,-1.547587,150.09,13.2,2,18.41,21 / 21,2876228,2019-09-06 19:04:02:910,-1.8982,-0.5251,8.9851,0.013,-0.0055,9.8066,0.2468,0.1803,0.0527,-13.87,-34.25,-9.25,260.56,-81.71,-139.72
52.414333,-1.547587,150.09,13.2,2,18.41,21 / 21,2876329,2019-09-06 19:04:03:011,1.3621,0.706,11.4255,-0.0502,-0.0356,9.8063,0.2556,-0.0142,-0.0553,-13.69,-34.87,-9.31,259.9,-81.72,-139.93
52.414333,-1.547587,150.09,13.2,2,18.41,21 / 21,2876429,2019-09-06 19:04:03:111,-1.873,0.4523,9.6136,0.0171,0.0218,9.8066,-0.1071,-0.1564,0.0728,-14.25,-34.81,-8.87,257.55,-81.47,-141.92
52.414333,-1.547587,150.09,13.2,2,18.41,21 / 21,2876528,2019-09-06 19:04:03:210,1.6421,0.9703,9.9254,-0.036,-0.0127,9.8065,-0.2068,0.0135,-0.042,-13.87,-35.31,-9.44,257.75,-81.62,-142.02
52.414333,-1.547587,150.09,13.2,2,18.41,21 / 21,2876628,2019-09-06 19:04:03:310,-0.984,0.1413,9.1819,-0.0563,-0.0473,9.8063,-0.3219,0.0362,-0.0307,-13.56,-34.56,-9.37,260.64,-82.17,-140.15
52.414333,-1.547587,150.09,13.2,2,18.41,21 / 21,2876729,2019-09-06 19:04:03:411,-0.5047,-0.869,8.8471,-0.0255,-0.0232,9.8066,0.1002,-0.0102,0.0455,-13.94,-35.19,-9.37,260.51,-82.19,-140.31
52.414333,-1.547587,150.09,13.2,2,18.41,21 / 21,2876828,2019-09-06 19:04:03:510,-0.8635,-0.2539,8.7353,-0.0117,-0.0131,9.8066,-0.0986,-0.0201,0.0146,-13.06,-34.81,-9.12,257.47,-82.2,-140.73
52.414333,-1.547587,150.09,13.2,2,18.41,21 / 21,2876929,2019-09-06 19:04:03:611,-1.3684,-0.5645,10.1157,0.0225,0.0071,9.8066,-0.0858,0.0142,-0.0033,-13.25,-35.12,-9.25,256.28,-81.95,-141.45
52.414333,-1.547587,150.09,13.2,2,18.41,21 / 21,2877029,2019-09-06 19:04:03:711,1.2624,-0.9343,11.2715,-0.0207,-0.0297,9.8065,-0.0621,-0.1122,0.1081,-13.25,-35.12,-9.44,257.22,-81.93,-140.4
52.414333,-1.547587,150.09,13.2,2,18.41,21 / 21,2877128,2019-09-06 19:04:03:810,-0.1245,2.9437,9.7525,-0.0195,-0.0145,9.8066,-0.0858,-0.1629,0.0181,-13.62,-35.12,-8.87,260.52,-82.13,-140.17
52.414333,-1.547587,150.09,13.2,2,18.41,21 / 21,2877228,2019-09-06 19:04:03:910,1.005,-0.24,10.7477,0.0248,0.0187,9.8065,-0.0004,-0.1697,-0.116,-13.25,-35.19,-8.94,256.19,-82.11,-141.92
52.414333,-1.547587,150.09,13.2,2,18.41,21 / 21,2877329,2019-09-06 19:04:04:011,-0.0465,-0.1405,9.9724,-0.0031,0.0003,9.8066,0.0112,-0.0019,0.056,-12.81,-35.62,-8.69,256.11,-82.23,-141.77
52.414333,-1.547587,150.09,13.2,2,18.41,21 / 21,2877430,2019-09-06 19:04:04:112,0.2488,-0.4636,9.3527,0.0008,0.0295,9.8066,-0.0774,0.0029,-0.0763,-12.5,-35.56,-9.31,252.17,-82.26,-143.05
52.414333,-1.547587,150.09,13.2,2,18.41,21 / 21,2877529,2019-09-06 19:04:04:211,-0.5821,-0.6545,9.9593,0.0077,0.008,9.8066,0.0129,-0.0013,-0.0308,-12.87,-35.5,-9.37,256.03,-82.45,-142.86
52.414333,-1.547587,150.09,13.2,2,18.41,21 / 21,2877629,2019-09-06 19:04:04:311,0.2885,0.4044,9.9147,0.0034,0.0053,9.8066,0.1144,-0.02,0.0981,-13,-34.87,-8.75,256.72,-82.5,-142.24
52.414333,-1.547587,150.09,13.2,2,18.41,21 / 21,2877728,2019-09-06 19:04:04:410,0.0833,0.4037,10.1089,0.0008,0.0071,9.8066,-0.0814,-0.0429,-0.0318,-13.19,-35.44,-9.69,254.59,-82.52,-142.31
52.414333,-1.547587,150.09,13.2,2,18.41,21 / 21,2877828,2019-09-06 19:04:04:510,-0.7211,-0.099,9.3256,-0.0099,-0.0177,9.8066,-0.0988,0.0038,-0.0258,-13.75,-34.81,-9.87,257.76,-82.63,-141.92
52.414333,-1.547587,150.09,13.2,2,18.41,21 / 21,2877929,2019-09-06 19:04:04:611,0.6747,-0.2923,9.7011,-0.0025,-0.0162,9.8065,0.0357,-0.0162,0.0533,-14.19,-35.06,-9.5,260.3,-82.58,-141.4
52.414333,-1.547587,150.09,13.2,2,18.41,21 / 21,2878029,2019-09-06 19:04:04:711,-0.4228,0.6774,9.174,-0.0266,-0.0233,9.8065,0.0821,-0.0246,-0.0374,-14.06,-34.69,-9.69,257.82,-82.61,-141.8
52.414333,-1.547587,150.09,13.2,2,18.41,21 / 21,2878128,2019-09-06 19:04:04:810,-0.6383,0.1042,9.3436,-0.0271,-0.031,9.8065,0.0172,0.0278,-0.0058,-14.69,-34.94,-9.69,261.91,-82.84,-140.49
52.414333,-1.547587,150.09,13.2,2,18.41,21 / 21,2878229,2019-09-06 19:04:04:911,-0.1287,-1.7016,10.3956,0.0084,0.0139,9.8066,0.0388,0.0581,-0.0749,-14.56,-34.75,-8.44,266.03,-82.77,-140.83
52.414333,-1.547587,150.09,13.2,2,18.41,21 / 21,2878331,2019-09-06 19:04:05:013,0.0979,0.2936,9.4295,-0.0084,0.0057,9.8065,-0.0657,0.0507,-0.0351,-14.06,-35,-8,263.68,-82.95,-141.14
52.414333,-1.547587,150.09,13.2,2,18.41,21 / 21,2878428,2019-09-06 19:04:05:110,-0.241,-0.2236,10.4345,-0.0186,-0.0154,9.8066,0.0611,-0.0551,-0.0387,-13.25,-34.62,-8.75,258.94,-82.88,-140.71
52.414333,-1.547587,150.09,13.2,2,18.41,21 / 21,2878529,2019-09-06 19:04:05:211,0.3982,0.3993,9.4965,-0.0027,-0.0077,9.8066,-0.0924,-0.0841,0.1017,-12.81,-34.75,-8.62,259.26,-82.97,-140.57
52.414333,-1.547587,150.09,13.2,2,18.41,21 / 21,2878628,2019-09-06 19:04:05:310,0.0871,0.3734,10.1972,0.0592,0.0421,9.8063,-0.2028,0.0508,0.0213,-13.12,-35.25,-9.06,257.44,-82.72,-141.94
52.414333,-1.547587,150.09,13.2,2,18.41,21 / 21,2878729,2019-09-06 19:04:05:411,-1.5121,-1.7036,9.7053,0.0253,0.0174,9.8066,-0.163,0.0092,-0.1037,-12.56,-35.94,-9.19,258.08,-82.76,-140.89
52.414333,-1.547587,150.09,13.2,2,18.41,21 / 21,2878829,2019-09-06 19:04:05:511,0.9393,-0.4724,8.232,-0.0139,-0.0362,9.8065,-0.2147,0.0475,0.0323,-13.12,-35.19,-9.81,258.07,-83.13,-139.88
52.414333,-1.547587,150.09,13.2,2,18.41,21 / 21,2878928,2019-09-06 19:04:05:610,-0.699,-0.8987,9.589,0.0002,-0.0273,9.8066,-0.2522,0.1174,0.0701,-13.06,-35.31,-9.87,258.25,-83.11,-139.64
52.414333,-1.547587,150.09,13.2,2,18.41,21 / 21,2879029,2019-09-06 19:04:05:711,-0.611,-1.2978,10.1196,0.0096,-0.0499,9.8064,0.3157,0.0964,-0.1455,-12.94,-35.94,-9.62,258.19,-83.15,-139.37
52.414333,-1.547587,150.09,13.2,2,18.41,21 / 21,2879128,2019-09-06 19:04:05:810,-0.1678,0.3254,9.812,-0.0597,-0.0707,9.8062,0.213,-0.0041,-0.034,-13.37,-35.87,-9.81,261.54,-83.3,-136.16
52.414333,-1.547587,150.09,13.2,2,18.41,21 / 21,2879229,2019-09-06 19:04:05:911,-0.2851,0.9359,9.6524,0.016,0.0383,9.8065,-0.1201,0.05,0.0196,-13.12,-35.31,-9.44,262.22,-83.24,-138.08
52.414333,-1.547587,150.09,13.2,2,18.41,21 / 21,2879328,2019-09-06 19:04:06:010,-0.0842,-0.8755,9.4292,0.0171,0.0268,9.8065,-0.0074,-0.0547,0.0216,-13.12,-35.62,-9.87,259.83,-83.31,-138
52.41537,-1.547017,152.52,13.32,2,19.14,21 / 21,2879429,2019-09-06 19:04:06:111,0.2481,0.7358,9.6739,-0.0087,0.0016,9.8066,-0.0672,-0.036,-0.0191,-12.94,-35.62,-9.69,260.17,-83.46,-137.98
52.41537,-1.547017,152.52,13.32,2,19.14,21 / 21,2879528,2019-09-06 19:04:06:210,-1.3241,0.532,9.4818,0.0028,0.0224,9.8066,-0.2027,0.0453,0.0151,-12.69,-35.5,-9.44,261.61,-83.49,-139.27
52.41537,-1.547017,152.52,13.32,2,19.14,21 / 21,2879631,2019-09-06 19:04:06:313,-2.1022,-1.6713,9.9076,-0.0379,-0.0443,9.8064,0.1853,-0.0111,-0.0091,-12.81,-35.44,-9.5,261.6,-83.51,-139.33
52.41537,-1.547017,152.52,13.32,2,19.14,21 / 21,2879728,2019-09-06 19:04:06:410,-0.8312,0.6575,9.6119,-0.0257,-0.0309,9.8065,0.0363,0.019,-0.0567,-13.62,-34.56,-10.25,263.91,-83.71,-137.71
52.41537,-1.547017,152.52,13.32,2,19.14,21 / 21,2879829,2019-09-06 19:04:06:511,-0.9419,-1.0622,10.6773,0.0077,-0.0046,9.8066,0.0563,-0.0679,0,-13.12,-34.37,-9.31,264.02,-83.68,-137.62
52.41537,-1.547017,152.52,13.32,2,19.14,21 / 21,2879928,2019-09-06 19:04:06:610,1.1716,0.7637,9.9377,-0.0434,-0.0207,9.8065,0.2196,-0.0459,0.0556,-13.12,-34.44,-9.25,264.46,-83.84,-137.51
52.41537,-1.547017,152.52,13.32,2,19.14,21 / 21,2880030,2019-09-06 19:04:06:712,-0.3208,-0.2588,9.7837,-0.0104,-0.0048,9.8065,0.0278,-0.008,0.0353,-12.44,-34.56,-9.69,258.99,-83.82,-137.5
52.41537,-1.547017,152.52,13.32,2,19.14,21 / 21,2880128,2019-09-06 19:04:06:810,-0.5851,-0.3114,9.7856,-0.0016,-0.0058,9.8066,0.0148,0.0001,0.012,-12.37,-35.12,-10.06,259.22,-83.82,-137.25
52.41537,-1.547017,152.52,13.32,2,19.14,21 / 21,2880228,2019-09-06 19:04:06:910,-0.1314,1.1424,10.4517,0.0125,0.0215,9.8065,-0.1105,-0.0456,-0.0144,-12.25,-35.37,-9.31,262.63,-83.92,-136.28
52.41537,-1.547017,152.52,13.32,2,19.14,21 / 21,2880330,2019-09-06 19:04:07:012,-1.4728,-0.2772,9.2662,0.0063,0.0067,9.8066,-0.0648,0.0251,0.013,-13.06,-35.37,-9.69,262.5,-83.88,-136.86
52.41537,-1.547017,152.52,13.32,2,19.14,21 / 21,2880428,2019-09-06 19:04:07:110,-0.7067,0.3851,9.3817,-0.0257,-0.0338,9.8065,0.0475,0.0282,0.0253,-12.62,-34.94,-9.56,265.04,-84.01,-134.53
52.41537,-1.547017,152.52,13.32,2,19.14,21 / 21,2880529,2019-09-06 19:04:07:211,-0.1173,0.3175,9.7156,-0.0075,-0.0318,9.8065,0.0414,0.0239,-0.007,-12,-35.25,-10.19,262.94,-83.94,-133.65
52.41537,-1.547017,152.52,13.32,2,19.14,21 / 21,2880628,2019-09-06 19:04:07:310,-1.3579,0.1944,9.689,0.0004,-0.0049,9.8065,0.0262,-0.0077,0.0634,-13,-34.94,-10.5,266.05,-83.95,-133.36
52.41537,-1.547017,152.52,13.32,2,19.14,21 / 21,2880728,2019-09-06 19:04:07:410,-0.0675,1.0496,9.8396,-0.0215,-0.0333,9.8065,0.1675,0.0454,0.0123,-13.5,-35,-10.5,267.84,-83.98,-131.61
52.41537,-1.547017,152.52,13.32,2,19.14,21 / 21,2880829,2019-09-06 19:04:07:511,-0.7086,0.0647,10.0832,0.0188,0.0041,9.8066,-0.1337,0.0229,-0.0515,-13.87,-34.87,-10.44,270.66,-83.88,-131.2
52.41537,-1.547017,152.52,13.32,2,19.14,21 / 21,2880928,2019-09-06 19:04:07:610,0.0524,0.0977,9.4668,0.0154,0.009,9.8066,-0.0594,-0.0066,0.0775,-13.81,-34.37,-10,270.75,-83.72,-131.14
52.41537,-1.547017,152.52,13.32,2,19.14,21 / 21,2881031,2019-09-06 19:04:07:713,-1.1271,-1.3248,10.2141,-0.0132,-0.049,9.8065,0.0897,-0.0645,0.0531,-13.5,-34.75,-9.94,271.68,-83.72,-127.17
52.41537,-1.547017,152.52,13.32,2,19.14,21 / 21,2881129,2019-09-06 19:04:07:811,-0.7892,0.0046,9.5632,-0.0354,-0.0559,9.8064,0.0553,-0.0302,-0.0118,-13.31,-35,-9.81,273.28,-83.66,-125.45
52.41537,-1.547017,152.52,13.32,2,19.14,21 / 21,2881229,2019-09-06 19:04:07:911,-0.7506,0.0325,9.8472,0.002,-0.005,9.8065,0.0676,0.0033,0.0949,-13.75,-34.37,-10.5,276.43,-83.46,-124.99
52.41537,-1.547017,152.52,13.32,2,19.14,21 / 21,2881328,2019-09-06 19:04:08:010,-0.3175,0.0389,10.8566,0.0142,-0.0206,9.8065,0.0222,0.0853,0.0242,-13.69,-35.44,-9.81,276.79,-83.32,-123.93
52.41537,-1.547017,152.52,13.32,2,19.14,21 / 21,2881428,2019-09-06 19:04:08:110,0.1497,0.2935,10.2854,0.0024,-0.0079,9.8066,0.049,0.0087,-0.0192,-13.62,-34.5,-10.06,277.85,-83.24,-123.14
52.41537,-1.547017,152.52,13.32,2,19.14,21 / 21,2881528,2019-09-06 19:04:08:210,-0.6177,0.624,9.5973,0.0026,-0.0119,9.8065,-0.0146,0.0257,-0.0004,-13.56,-34.81,-10,278.91,-83.22,-121.66
52.41537,-1.547017,152.52,13.32,2,19.14,21 / 21,2881628,2019-09-06 19:04:08:310,-5.3864,3.9056,10.854,-0.0486,-0.0103,9.8065,0.4142,0.2994,-0.3169,-13.12,-34.75,-10.69,277.89,-83.55,-118.53
52.41537,-1.547017,152.52,13.32,2,19.14,21 / 21,2881729,2019-09-06 19:04:08:411,-2.9441,3.4867,11.5757,-0.0688,-0.1592,9.8051,-0.573,-0.1892,0.151,-13.25,-34.62,-10.62,283.07,-83.78,-114.01
52.41537,-1.547017,152.52,13.32,2,19.14,21 / 21,2881828,2019-09-06 19:04:08:510,3.6763,7.9782,11.65,0.1676,0.2397,9.8023,-0.0743,0.0776,-0.0031,-14.37,-35.25,-10.31,274.36,-83.18,-126.03
52.41537,-1.547017,152.52,13.32,2,19.14,21 / 21,2881928,2019-09-06 19:04:08:610,3.6792,0.0164,10.4606,0.0207,0.0382,9.8065,0.6679,-0.2455,0.0837,-14.37,-33.87,-10.06,281.18,-83.5,-120.46
52.41537,-1.547017,152.52,13.32,2,19.14,21 / 21,2882030,2019-09-06 19:04:08:712,0.7949,-0.62,10.6104,0.0779,0.1171,9.8056,-0.3476,-0.1175,0.075,-13.37,-33.75,-10.25,281.68,-83.36,-117.01
52.41537,-1.547017,152.52,13.32,2,19.14,21 / 21,2882129,2019-09-06 19:04:08:811,-0.0735,1.4639,10.5876,0.0701,0.0886,9.8059,-0.0824,0.0678,-0.0698,-13.56,-33.5,-10.56,276.84,-83.1,-122.1
52.41537,-1.547017,152.52,13.32,2,19.14,21 / 21,2882232,2019-09-06 19:04:08:914,-0.0814,-0.4577,9.8099,-0.0062,-0.0129,9.8066,-0.1825,0.0114,-0.0243,-14,-34,-10.94,278.31,-83.4,-120.84
52.41537,-1.547017,152.52,13.32,2,19.14,21 / 21,2882328,2019-09-06 19:04:09:010,-1.6793,-0.5493,9.531,-0.0207,0.0051,9.8065,-0.1806,-0.0549,-0.0256,-13.94,-34.19,-11,278.14,-83.49,-121.2
52.41537,-1.547017,152.52,13.32,2,19.14,21 / 21,2882428,2019-09-06 19:04:09:110,0.8837,-1.1983,8.6766,-0.0604,-0.0332,9.8063,0.0703,0.0429,-0.0857,-13.75,-35.19,-10.94,277.56,-83.65,-121.71
52.41537,-1.547017,152.52,13.32,2,19.14,21 / 21,2882529,2019-09-06 19:04:09:211,0.3897,1.0037,9.9399,-0.026,-0.0075,9.8066,0.0439,0.0013,0.0513,-13.75,-34.94,-11.12,280.82,-84.32,-119.89
52.41537,-1.547017,152.52,13.32,2,19.14,21 / 21,2882630,2019-09-06 19:04:09:312,-0.2203,0.0118,10.3017,0.0049,0.0108,9.8066,0.0987,-0.0179,-0.0196,-13.56,-34.56,-10.56,281.08,-84.43,-119.87
52.41537,-1.547017,152.52,13.32,2,19.14,21 / 21,2882728,2019-09-06 19:04:09:410,-0.7175,0.4876,9.1906,0.007,0.0027,9.8066,0.0801,0.0052,-0.029,-14.19,-34.87,-10.81,279.8,-84.39,-121.03
52.41537,-1.547017,152.52,13.32,2,19.14,21 / 21,2882829,2019-09-06 19:04:09:511,0.0585,0.9739,10.2209,0.0012,-0.0286,9.8066,0.1256,0.0083,0.0236,-13.5,-35.06,-10.31,279.06,-84.18,-120.92
52.41537,-1.547017,152.52,13.32,2,19.14,21 / 21,2882928,2019-09-06 19:04:09:610,-0.4921,-0.0887,9.8149,-0.0092,-0.0195,9.8066,0.0879,0.0011,0.0634,-14.06,-34.75,-10.31,282.5,-84.11,-120.07
52.41537,-1.547017,152.52,13.32,2,19.14,21 / 21,2883029,2019-09-06 19:04:09:711,-0.2118,-0.4486,9.5841,-0.0017,-0.0158,9.8066,0.0273,0.0114,0.0645,-14.12,-34.25,-10.25,284.9,-83.98,-117.88
52.41537,-1.547017,152.52,13.32,2,19.14,21 / 21,2883128,2019-09-06 19:04:09:810,-0.6762,-0.0182,9.2591,0.0106,-0.0051,9.8066,-0.015,0.0539,-0.0185,-14.06,-33.44,-9.81,285.99,-83.9,-117.03
52.41537,-1.547017,152.52,13.32,2,19.14,21 / 21,2883229,2019-09-06 19:04:09:911,-1.2063,0.2184,9.8078,-0.0051,-0.0149,9.8066,-0.1059,0.0685,-0.0572,-13.19,-33.56,-10.44,283.53,-83.88,-116.34
52.41537,-1.547017,152.52,13.32,2,19.14,21 / 21,2883328,2019-09-06 19:04:10:010,-0.6027,-1.4221,9.7757,-0.0161,-0.0111,9.8066,-0.0686,-0.0065,0.0594,-13.31,-34.56,-11,283.14,-84,-114.42
52.41537,-1.547017,152.52,13.32,2,19.14,21 / 21,2883428,2019-09-06 19:04:10:110,-1.26,-0.7109,9.1616,-0.0123,-0.0139,9.8066,-0.0757,0.1021,-0.0452,-13.25,-34.5,-10.81,284.89,-83.97,-113.05
52.41537,-1.547017,152.52,13.32,2,19.14,21 / 21,2883528,2019-09-06 19:04:10:210,-1.3573,-0.6917,8.5976,-0.0065,0.0137,9.8066,-0.1309,0.013,-0.0985,-13.5,-34.81,-11.12,283.8,-84.11,-114.01
52.41537,-1.547017,152.52,13.32,2,19.14,21 / 21,2883629,2019-09-06 19:04:10:311,0.529,-0.7973,10.5939,-0.0539,-0.0576,9.8063,0.1345,-0.1098,0.0493,-13.19,-34.37,-11.12,288.25,-84.35,-110.62
52.41537,-1.547017,152.52,13.32,2,19.14,21 / 21,2883728,2019-09-06 19:04:10:410,-2.2457,0.3863,9.1542,-0.0563,-0.0228,9.8064,-0.0708,0.0549,-0.0814,-13,-35.06,-11.31,288.16,-84.53,-110.75
52.41537,-1.547017,152.52,13.32,2,19.14,21 / 21,2883828,2019-09-06 19:04:10:510,2.0284,-0.6255,10.4087,0.0054,-0.0045,9.8066,-0.1346,0.1868,-0.1021,-13.56,-34.5,-11.75,289.59,-84.68,-110.43
52.41537,-1.547017,152.52,13.32,2,19.14,21 / 21,2883929,2019-09-06 19:04:10:611,0.3847,-0.7002,9.0005,0.0176,0.0318,9.8066,0.003,0.0814,-0.022,-13.56,-34.19,-11.94,290.52,-84.83,-109.82
52.41537,-1.547017,152.52,13.32,2,19.14,21 / 21,2884029,2019-09-06 19:04:10:711,-1.5629,-0.1232,9.4511,-0.0197,-0.0512,9.8065,0.0487,0.0603,-0.0482,-12.94,-35.06,-11.81,292.73,-84.85,-105.02
52.41537,-1.547017,152.52,13.32,2,19.14,21 / 21,2884129,2019-09-06 19:04:10:811,-0.6488,-1.8644,10.0802,-0.0024,-0.0026,9.8066,-0.1274,-0.0832,0.0221,-13,-34.06,-11.37,295.02,-84.8,-105.18
52.41537,-1.547017,152.52,13.32,2,19.14,21 / 21,2884228,2019-09-06 19:04:10:910,0.3276,0.4759,9.2962,0.0163,0.0184,9.8065,-0.0524,-0.011,0.0735,-13.25,-34.06,-11.56,294.13,-84.73,-103.77
52.41537,-1.547017,152.52,13.32,2,19.14,21 / 21,2884328,2019-09-06 19:04:11:010,-0.3405,0.6564,9.7818,0.0275,0.0064,9.8066,-0.0272,0.0329,-0.0125,-13.56,-34.06,-12.06,298.47,-84.6,-102.02
52.41537,-1.547017,152.52,13.32,2,19.14,21 / 21,2884430,2019-09-06 19:04:11:112,-0.5198,0.1895,10.2212,0.0087,-0.0002,9.8066,-0.0794,-0.0013,0.037,-13.56,-34.06,-12.37,299.08,-84.51,-101.3
52.41537,-1.547017,152.52,13.32,2,19.14,21 / 21,2884529,2019-09-06 19:04:11:211,-0.2743,-1.2524,8.8998,0.0475,0.0278,9.8064,-0.2227,-0.0034,0.0661,-14.5,-34.56,-12.37,296.39,-84.24,-103.03
52.41537,-1.547017,152.52,13.32,2,19.14,21 / 21,2884629,2019-09-06 19:04:11:311,-0.436,0.2867,8.624,-0.0574,-0.0833,9.806,0.1149,-0.0517,-0.0011,-13.69,-34.12,-12,303.64,-84.23,-96.71
52.41537,-1.547017,152.52,13.32,2,19.14,21 / 21,2884729,2019-09-06 19:04:11:411,0.7366,0.6638,10.3064,-0.0436,-0.0852,9.8062,0.0208,-0.1092,0.0106,-14.12,-34.5,-12.31,306.54,-84.07,-93.88
52.41537,-1.547017,152.52,13.32,2,19.14,21 / 21,2884829,2019-09-06 19:04:11:511,-0.0921,0.7407,9.8951,0.014,0.0075,9.8066,0.0422,0.0792,-0.0624,-13.62,-34.19,-12.37,307.27,-84.11,-93.29
52.41537,-1.547017,152.52,13.32,2,19.14,21 / 21,2884928,2019-09-06 19:04:11:610,0.4028,0.8209,10.3681,0.0197,0.0115,9.8065,0.1111,0.01,-0.0031,-13.87,-34,-12,307.52,-84.14,-93.11
52.41537,-1.547017,152.52,13.32,2,19.14,21 / 21,2885028,2019-09-06 19:04:11:710,0.348,1.2121,10.037,0.0315,0.0365,9.8065,-0.1217,-0.0767,0.041,-13.94,-34.12,-11.94,308.41,-84.14,-92.34
52.41537,-1.547017,152.52,13.32,2,19.14,21 / 21,2885128,2019-09-06 19:04:11:810,0.5649,0.0013,9.7851,0.0232,0.0419,9.8065,-0.0643,-0.04,-0.0079,-14.31,-34.12,-12.31,305.36,-84.13,-95.01
52.41537,-1.547017,152.52,13.32,2,19.14,21 / 21,2885229,2019-09-06 19:04:11:911,-1.2761,-0.379,9.998,-0.0065,-0.0126,9.8066,-0.1114,0.0527,-0.0558,-14,-34,-12.25,307.69,-84.18,-93.03
52.41537,-1.547017,152.52,13.32,2,19.14,21 / 21,2885329,2019-09-06 19:04:12:011,-0.5126,-1.4746,9.9209,-0.0204,-0.0129,9.8066,0.0972,-0.0183,-0.0683,-14.31,-33.94,-12.44,307.7,-84.29,-93.19
52.41537,-1.547017,152.52,13.32,2,19.14,21 / 21,2885430,2019-09-06 19:04:12:112,-0.8187,-1.5164,9.4764,-0.0173,-0.0033,9.8066,-0.0329,-0.1196,0.0022,-13.75,-34.19,-12,310.63,-84.35,-90.69
52.41537,-1.547017,152.52,13.32,2,19.14,21 / 21,2885528,2019-09-06 19:04:12:210,0.9342,-0.5262,10.4699,0.0112,-0.0057,9.8065,0.1329,-0.0757,0.0693,-14.62,-33.81,-12.19,313.35,-84.34,-90.54
52.41537,-1.547017,152.52,13.32,2,19.14,21 / 21,2885629,2019-09-06 19:04:12:311,0.5168,1.5221,9.9608,0.011,0.0154,9.8066,-0.1836,-0.0721,-0.0015,-14.37,-34.31,-12.56,310.04,-84.49,-89.41
52.41537,-1.547017,152.52,13.32,2,19.14,21 / 21,2885729,2019-09-06 19:04:12:411,0.3283,0.3736,9.5245,0.0288,0.0342,9.8065,0.0723,-0.0265,-0.0009,-14.19,-34.37,-12.69,306.99,-84.48,-92.12
52.41537,-1.547017,152.52,13.32,2,19.14,21 / 21,2885828,2019-09-06 19:04:12:510,0.0768,0.5531,9.6408,0.0184,0.0144,9.8066,0.0612,-0.0953,0.0394,-13.56,-34,-12,308.28,-84.36,-92.78
52.41537,-1.547017,152.52,13.32,2,19.14,21 / 21,2885928,2019-09-06 19:04:12:610,-0.1103,-0.876,9.0202,0.0149,0.0235,9.8066,-0.1602,0.0061,-0.0147,-14.31,-33.81,-12.19,309.9,-84.41,-91.42
52.41537,-1.547017,152.52,13.32,2,19.14,21 / 21,2886029,2019-09-06 19:04:12:711,-2.1713,-0.3958,9.2383,-0.0359,-0.0399,9.8064,-0.2093,0.0873,-0.031,-14.37,-33.19,-12.44,314.41,-84.34,-87.59
52.41537,-1.547017,152.52,13.32,2,19.14,21 / 21,2886128,2019-09-06 19:04:12:810,-0.6264,-1.5718,9.8989,0.0015,-0.0161,9.8066,0.1222,-0.014,0.0031,-14.12,-33.69,-12.37,312.68,-84.17,-88.63
52.41537,-1.547017,152.52,13.32,2,19.14,21 / 21,2886228,2019-09-06 19:04:12:910,-0.9746,-1.2215,9.9495,-0.0171,-0.0168,9.8066,-0.0283,-0.0331,-0.0381,-14.81,-33.75,-12.12,314.23,-84.22,-89.61
52.41537,-1.547017,152.52,13.32,2,19.14,21 / 21,2886329,2019-09-06 19:04:13:011,-1.4862,2.4289,7.5629,0.0078,0.0137,9.8066,-0.1211,0.0336,-0.062,-14.19,-33.69,-12.25,308.33,-84.12,-92.37
52.41537,-1.547017,152.52,13.32,2,19.14,21 / 21,2886429,2019-09-06 19:04:13:111,0.1326,0.1904,9.9907,-0.0288,-0.0656,9.8064,-0.0562,-0.0026,0.1279,-14.19,-33.5,-12.5,305.39,-84.07,-95.17
52.41537,-1.547017,152.52,13.32,2,19.14,21 / 21,2886529,2019-09-06 19:04:13:211,1.1374,0.3675,11.086,-0.0526,-0.0584,9.8063,0.3019,-0.0329,0.1024,-14.19,-33.69,-12,310.23,-83.9,-90.39
52.41537,-1.547017,152.52,13.32,2,19.14,21 / 21,2886629,2019-09-06 19:04:13:311,0.8608,-0.0912,11.2064,0.0029,-0.0003,9.8066,0.176,0.0404,0.0091,-14.25,-32.87,-12.12,306.62,-83.57,-93.31
52.41537,-1.547017,152.52,13.32,2,19.14,21 / 21,2886728,2019-09-06 19:04:13:410,0.9496,1.3381,10.3436,0.0003,0.028,9.8066,-0.0262,-0.0209,-0.0233,-13.81,-33.62,-12,302.5,-83.72,-96.9
52.41537,-1.547017,152.52,13.32,2,19.14,21 / 21,2886829,2019-09-06 19:04:13:511,0.8415,0.7176,9.9879,0.0032,0.0394,9.8065,0.0727,-0.0048,-0.0493,-14.37,-34.06,-10.94,300.1,-84.18,-101.93
52.41537,-1.547017,152.52,13.32,2,19.14,21 / 21,2886929,2019-09-06 19:04:13:611,-0.9331,-0.2958,9.4208,-0.0153,0.0187,9.8066,-0.144,0.0867,-0.0915,-14.37,-34.19,-11.56,298.64,-84.37,-101.47
52.41537,-1.547017,152.52,13.32,2,19.14,21 / 21,2887029,2019-09-06 19:04:13:711,-0.9439,-0.3051,9.8171,-0.0218,-0.0262,9.8066,-0.0799,0.0028,0.0361,-14.37,-33.75,-11.5,302.59,-84.47,-100.18
52.41537,-1.547017,152.52,13.32,2,19.14,21 / 21,2887129,2019-09-06 19:04:13:811,1.1283,1.2263,10.3747,-0.0067,-0.0307,9.8066,0.2472,0.0175,0.0948,-13.62,-33.94,-11.37,303.92,-84.39,-98.86
52.41537,-1.547017,152.52,13.32,2,19.14,21 / 21,2887229,2019-09-06 19:04:13:911,0.1132,0.5587,10.3783,0.027,0.0187,9.8066,-0.1973,-0.0587,-0.0302,-14.31,-34.94,-11.81,295.59,-84.09,-103.49
52.41537,-1.547017,152.52,13.32,2,19.14,21 / 21,2887329,2019-09-06 19:04:14:011,0.4203,-0.243,10.9083,0.019,0.0253,9.8065,-0.0251,0.1104,-0.0457,-13.75,-35.37,-11.19,297.1,-84.01,-104.04
52.41537,-1.547017,152.52,13.32,2,19.14,20 / 20,2887429,2019-09-06 19:04:14:111,1.6411,0.4212,9.4677,-0.0266,-0.0066,9.8066,0.1071,0.0069,0.0105,-14.12,-34.37,-10.31,301.05,-83.96,-102.97
52.41537,-1.547017,152.52,13.32,2,19.14,20 / 20,2887529,2019-09-06 19:04:14:211,-0.8511,1.7059,10.2024,0.0067,0.0168,9.8065,-0.0797,0.0782,-0.1285,-14.31,-34,-11.75,297.35,-84.22,-102.4
52.41537,-1.547017,152.52,13.32,2,19.14,20 / 20,2887628,2019-09-06 19:04:14:310,-0.4921,0.7441,8.9046,-0.0044,0.0071,9.8066,-0.0701,0.0627,-0.0913,-13.62,-34.5,-11.75,300.64,-84.54,-99.94
52.41537,-1.547017,152.52,13.32,2,19.14,20 / 20,2887728,2019-09-06 19:04:14:410,-0.477,1.0556,9.2794,-0.0001,0.0401,9.8065,-0.0541,0.0533,-0.0475,-13.5,-34.94,-12.12,297.9,-84.84,-100.22
52.41537,-1.547017,152.52,13.32,2,19.14,20 / 20,2887828,2019-09-06 19:04:14:510,-1.1645,0.7493,9.8919,-0.0174,0.0111,9.8066,0.0393,-0.0042,0.0122,-13.81,-35.06,-11.81,300.82,-85.23,-100.68
52.41537,-1.547017,152.52,13.32,2,19.14,20 / 20,2887929,2019-09-06 19:04:14:611,-0.8235,0.633,10.3853,0.0072,0.0179,9.8065,-0.0173,-0.0142,-0.0621,-13.75,-34.75,-11.94,296.85,-85.25,-104.38
52.41537,-1.547017,152.52,13.32,2,19.14,20 / 20,2888029,2019-09-06 19:04:14:711,-0.8121,0.1488,10.9398,-0.0026,0.0055,9.8066,0.1244,-0.001,0.0114,-13.19,-34.94,-11.25,292.87,-85.31,-107.89
52.41537,-1.547017,152.52,13.32,2,19.14,20 / 20,2888128,2019-09-06 19:04:14:810,-0.4841,0.3061,10.6381,-0.0077,-0.0123,9.8066,0.0079,0.0329,0.0148,-13.31,-34.75,-10.62,290.61,-85.29,-109.98
52.41537,-1.547017,152.52,13.32,2,19.14,20 / 20,2888228,2019-09-06 19:04:14:910,-0.4941,0.2301,9.8166,-0.0017,0.0034,9.8066,0.0645,0.0006,0.0176,-13.06,-34.12,-11.12,289.16,-85.26,-111.56
52.41537,-1.547017,152.52,13.32,2,19.14,20 / 20,2888329,2019-09-06 19:04:15:011,0.5342,0.3938,10.3248,-0.0061,-0.009,9.8066,-0.1258,0.0561,-0.0254,-12.87,-34.5,-10.31,292.33,-85.28,-110.92
52.416454,-1.54648,153.05,14.7,2,17.65,21 / 21,2888429,2019-09-06 19:04:15:111,-0.4314,-0.3696,10.91,0.0271,0.0313,9.8065,-0.0398,0.0434,-0.0398,-13.5,-33.31,-10.37,293.95,-85.38,-109.88
52.416454,-1.54648,153.05,14.7,2,17.65,21 / 21,2888528,2019-09-06 19:04:15:210,-0.8944,0.6417,9.9757,0.0229,0.0204,9.8065,-0.004,0.0315,-0.0094,-12.31,-33.44,-9.81,286.25,-85.29,-114.26
52.416454,-1.54648,153.05,14.7,2,17.65,21 / 21,2888629,2019-09-06 19:04:15:311,-1.0452,1.6951,9.3869,0.003,0.0004,9.8066,-0.0887,-0.0913,-0.044,-12.06,-34.25,-10.56,282,-85.29,-115.76
52.416454,-1.54648,153.05,14.7,2,17.65,21 / 21,2888729,2019-09-06 19:04:15:411,-0.2792,-0.3479,10.3126,0.0004,0.0038,9.8066,0.1864,-0.0266,0.0511,-13.12,-34.5,-11.25,283.25,-85.16,-116.99
52.416454,-1.54648,153.05,14.7,2,17.65,21 / 21,2888828,2019-09-06 19:04:15:510,-0.2912,1.267,10.1863,-0.0108,-0.0284,9.8066,0.051,0.0652,-0.0419,-12.44,-35.44,-10.75,280.7,-85.21,-116.56
52.416454,-1.54648,153.05,14.7,2,17.65,21 / 21,2888929,2019-09-06 19:04:15:611,-0.6762,-0.0577,10.6772,-0.0213,-0.0218,9.8066,0.1427,0.0327,-0.0218,-13,-35,-10.69,283.6,-85.25,-116.57
52.416454,-1.54648,153.05,14.7,2,17.65,21 / 21,2889028,2019-09-06 19:04:15:710,-1.1606,-0.1553,10.194,0.0207,0.0228,9.8066,0.002,-0.0316,0.0336,-13.31,-35,-10.62,280.32,-85.19,-119.6
52.416454,-1.54648,153.05,14.7,2,17.65,21 / 21,2889129,2019-09-06 19:04:15:811,-1.7995,-0.5096,9.6132,0.0327,0.0286,9.8065,0.0625,-0.0331,0.0627,-13.69,-35.06,-10.37,282.93,-85.01,-121.52
52.416454,-1.54648,153.05,14.7,2,17.65,21 / 21,2889229,2019-09-06 19:04:15:911,-1.2622,-0.3622,10.0813,-0.0092,-0.0256,9.8066,0.0984,-0.0336,0.0282,-13.62,-34,-10.5,283.94,-84.87,-120.57
52.416454,-1.54648,153.05,14.7,2,17.65,21 / 21,2889329,2019-09-06 19:04:16:011,-0.8506,0.3435,9.8856,-0.025,-0.0222,9.8065,0.0215,0.0105,0.0356,-13.19,-34.12,-9.69,283.48,-84.84,-118.41
52.416454,-1.54648,153.05,14.7,2,17.65,21 / 21,2889429,2019-09-06 19:04:16:111,-0.3444,-0.0041,10.4726,0.0255,0.0297,9.8065,-0.0341,-0.0085,-0.0173,-12.69,-34,-10.44,281.37,-84.76,-120.28
52.416454,-1.54648,153.05,14.7,2,17.65,21 / 21,2889528,2019-09-06 19:04:16:210,-0.3058,-0.3647,9.3858,0.0292,0.032,9.8065,0.0722,-0.0077,-0.061,-12.94,-34.12,-10.25,281.92,-84.76,-119.73
52.416454,-1.54648,153.05,14.7,2,17.65,21 / 21,2889628,2019-09-06 19:04:16:310,0.8877,-0.3414,9.9332,0.0434,0.0335,9.8064,-0.3015,0.0254,0.0084,-12.44,-33.94,-10.25,280.84,-84.91,-118.34
52.416454,-1.54648,153.05,14.7,2,17.65,21 / 21,2889728,2019-09-06 19:04:16:410,-0.1556,0.7904,9.0063,0.0222,0.0255,9.8065,-0.0661,0.0443,0.0448,-13,-34,-10.81,280.02,-84.81,-119.41
52.416454,-1.54648,153.05,14.7,2,17.65,21 / 21,2889828,2019-09-06 19:04:16:510,-0.6477,1.7049,9.596,-0.0397,-0.0431,9.8064,0.0453,-0.0121,-0.0081,-13,-34.62,-11,282.55,-84.94,-116.93
52.416454,-1.54648,153.05,14.7,2,17.65,21 / 21,2889928,2019-09-06 19:04:16:610,0.4729,-0.9978,9.7887,0.005,0.0238,9.8065,-0.0631,-0.1054,0.0628,-13.37,-34.62,-10.62,279.81,-84.82,-119.33
52.416454,-1.54648,153.05,14.7,2,17.65,21 / 21,2890028,2019-09-06 19:04:16:710,-0.7123,0.9187,8.9636,-0.0056,0.0036,9.8066,-0.0884,-0.1955,0.0783,-13.56,-34.94,-10.19,282.85,-84.75,-121.07
52.416454,-1.54648,153.05,14.7,2,17.65,21 / 21,2890128,2019-09-06 19:04:16:810,-1.2376,0.8004,10.1723,-0.0154,-0.0127,9.8066,-0.1371,0.0035,-0.0617,-13.75,-34.69,-10.06,282.13,-84.76,-121.78
52.416454,-1.54648,153.05,14.7,2,17.65,21 / 21,2890228,2019-09-06 19:04:16:910,0.0144,-2.0761,10.1867,-0.0145,-0.0191,9.8065,0.073,0.0291,-0.0996,-12.75,-34.94,-9.69,279.06,-84.77,-122.21
52.416454,-1.54648,153.05,14.7,2,17.65,21 / 21,2890328,2019-09-06 19:04:17:010,-2.0119,0.117,10.0653,-0.0332,-0.0257,9.8065,0.0401,0.1358,-0.0668,-13.31,-35.5,-9.81,281.57,-85.07,-120.43
52.416454,-1.54648,153.05,14.7,2,17.65,21 / 21,2890429,2019-09-06 19:04:17:111,0.424,0.3729,10.4535,0.0587,0.0407,9.8063,0.026,0.1031,0.0023,-12.44,-34.81,-10.25,274.7,-85,-124.22
52.416454,-1.54648,153.05,14.7,2,17.65,21 / 21,2890528,2019-09-06 19:04:17:210,0.4002,0.1917,10.8865,0.0206,0.0054,9.8065,0.1317,-0.0015,-0.0055,-12.62,-35.25,-9.87,279.15,-85.04,-122.72
52.416454,-1.54648,153.05,14.7,2,17.65,21 / 21,2890629,2019-09-06 19:04:17:311,-0.8489,1.3096,10.1752,0.0382,0.0332,9.8064,-0.195,0.0105,0.1198,-13.25,-35.25,-10,280.44,-84.97,-121.31
52.416454,-1.54648,153.05,14.7,2,17.65,21 / 21,2890729,2019-09-06 19:04:17:411,-0.8629,-2.1154,8.8921,0.0377,0.0259,9.8065,-0.08,-0.0574,0.0954,-12.62,-35.19,-10.06,278.28,-84.58,-122.55
52.416454,-1.54648,153.05,14.7,2,17.65,21 / 21,2890828,2019-09-06 19:04:17:510,-0.8529,-1.1361,10.3117,-0.0244,-0.0403,9.8064,0.0005,-0.0519,0.0078,-13.31,-35.25,-10.37,282.12,-84.52,-118.7
52.416454,-1.54648,153.05,14.7,2,17.65,21 / 21,2890929,2019-09-06 19:04:17:611,-0.9936,-0.4344,8.2474,-0.0341,-0.0252,9.8065,-0.098,-0.011,-0.0079,-13.06,-35.56,-10.25,280.96,-84.53,-119.52
52.416454,-1.54648,153.05,14.7,2,17.65,21 / 21,2891028,2019-09-06 19:04:17:710,-0.7119,-1.3024,10.2068,-0.0021,-0.016,9.8066,0.0607,-0.0497,0.0496,-13.75,-34.94,-10.69,282.41,-84.46,-118.64
52.416454,-1.54648,153.05,14.7,2,17.65,21 / 21,2891129,2019-09-06 19:04:17:811,-0.6149,-0.8212,10.9411,-0.0171,-0.0183,9.8066,0.0468,-0.0294,0.0789,-13.25,-35.06,-9.81,282.62,-84.42,-118.01
52.416454,-1.54648,153.05,14.7,2,17.65,21 / 21,2891229,2019-09-06 19:04:17:911,-0.3084,2.8618,10.2283,0.0219,0.0332,9.8065,0.0644,-0.1642,0.084,-13.87,-35.06,-9.69,284.83,-84.3,-118.24
52.416454,-1.54648,153.05,14.7,2,17.65,21 / 21,2891328,2019-09-06 19:04:18:010,-1.3524,-0.7613,9.5153,0.0082,0.0252,9.8066,-0.1555,-0.0013,-0.001,-13.37,-35.06,-10.12,278.53,-84.11,-121.29
52.416454,-1.54648,153.05,14.7,2,17.65,21 / 21,2891429,2019-09-06 19:04:18:111,0.233,-3.0178,9.6842,-0.0212,-0.0453,9.8065,0.0446,0.0614,-0.0949,-13.75,-34.81,-9.87,286.5,-84.13,-116.32
52.416454,-1.54648,153.05,14.7,2,17.65,21 / 21,2891529,2019-09-06 19:04:18:211,-0.4623,-0.7548,10.8493,-0.048,-0.0431,9.8064,0.0456,-0.0592,0.0816,-13.62,-34.5,-10.12,289.54,-84.48,-114.47
52.416454,-1.54648,153.05,14.7,2,17.65,21 / 21,2891628,2019-09-06 19:04:18:310,-1.2052,0.2133,10.6986,0.011,0.0527,9.8065,0.1163,-0.0117,-0.0003,-13.44,-34.87,-9.94,284.24,-84.45,-116.54
52.416454,-1.54648,153.05,14.7,2,17.65,21 / 21,2891729,2019-09-06 19:04:18:411,-0.5384,-0.1441,9.6479,0.0377,0.0491,9.8064,0.0498,0.0601,-0.0645,-13.12,-35.06,-10.12,280.85,-84.36,-119.6
52.416454,-1.54648,153.05,14.7,2,17.65,21 / 21,2891829,2019-09-06 19:04:18:511,-1.6178,-0.6756,9.0762,-0.0075,0,9.8066,-0.2193,-0.0627,0.0437,-13.94,-35.19,-9.56,282.28,-84.49,-121.08
52.416454,-1.54648,153.05,14.7,2,17.65,21 / 21,2891930,2019-09-06 19:04:18:612,-0.5402,-0.2631,10.0275,-0.013,-0.0072,9.8066,0.1383,-0.0461,-0.0069,-13.06,-35.31,-10.06,280.57,-84.58,-120.34
52.416454,-1.54648,153.05,14.7,2,17.65,21 / 21,2892029,2019-09-06 19:04:18:711,-0.2426,0.3464,9.7955,-0.0295,-0.0245,9.8065,0.0698,-0.0023,-0.0408,-12.87,-34.62,-9.5,285.63,-84.87,-118.59
52.416454,-1.54648,153.05,14.7,2,17.65,21 / 21,2892129,2019-09-06 19:04:18:811,-0.1226,-1.0887,9.6346,-0.0077,-0.0087,9.8066,-0.0283,0.0137,0.0233,-12.87,-34.94,-10.31,281.54,-84.88,-120.04
52.416454,-1.54648,153.05,14.7,2,17.65,21 / 21,2892228,2019-09-06 19:04:18:910,-2.5693,-1.2582,10.4274,-0.0322,-0.0068,9.8065,0.314,-0.0895,0.0542,-11.94,-35.12,-9.87,276.39,-85.05,-122.66
52.416454,-1.54648,153.05,14.7,2,17.65,21 / 21,2892329,2019-09-06 19:04:19:011,-2.7269,1.4664,10.8508,-0.0129,0.0134,9.8066,0.1844,0.1373,-0.1484,-12.56,-35.56,-9.81,273.3,-84.93,-127.9
52.416454,-1.54648,153.05,14.7,2,17.65,21 / 21,2892428,2019-09-06 19:04:19:110,0.2363,-1.6014,10.2353,0.0241,0.019,9.8066,-0.0043,0.1003,-0.1962,-12.06,-34.94,-9.69,266.61,-85.02,-132.35
52.416454,-1.54648,153.05,14.7,2,17.65,21 / 21,2892529,2019-09-06 19:04:19:211,0.0808,0.1323,9.1785,-0.0316,0.027,9.8065,-0.049,0.0329,-0.0361,-12.62,-35.25,-10.37,266.4,-85.26,-135.88
52.416454,-1.54648,153.05,14.7,2,17.65,21 / 21,2892630,2019-09-06 19:04:19:312,1.035,-0.5734,10.113,-0.0338,-0.0259,9.8065,0.2143,-0.0528,0.0347,-13.12,-35.56,-10.87,267.66,-85.65,-132.86
52.416454,-1.54648,153.05,14.7,2,17.65,21 / 21,2892728,2019-09-06 19:04:19:410,-1.3152,1.2261,7.4848,-0.0418,-0.0404,9.8064,0.0037,-0.0167,0.0241,-13.25,-34.69,-10.62,267.64,-85.74,-133.34
52.416454,-1.54648,153.05,14.7,2,17.65,21 / 21,2892828,2019-09-06 19:04:19:510,-2.1381,-1.1202,10.4336,-0.0622,-0.0803,9.8061,0.2952,-0.102,0.1085,-14.81,-34.25,-10.06,279.38,-85.44,-128.37
52.416454,-1.54648,153.05,14.7,2,17.65,21 / 21,2892928,2019-09-06 19:04:19:610,0.8527,-1.1951,12.3846,-0.0403,-0.0624,9.8063,0.2179,0.1064,0.0935,-14.44,-34.56,-9.06,279.09,-85.27,-128.26
52.416454,-1.54648,153.05,14.7,2,17.65,21 / 21,2893028,2019-09-06 19:04:19:710,-0.5612,0.2301,10.7797,0.0264,-0.014,9.8066,0.2998,0.1048,-0.054,-13.69,-34.94,-8.87,273.45,-84.83,-132.85
52.416454,-1.54648,153.05,14.7,2,17.65,21 / 21,2893129,2019-09-06 19:04:19:811,0.3623,0.0217,10.2174,-0.0314,-0.0284,9.8065,0.2819,-0.0408,0.0051,-12.5,-35.25,-8.06,269.88,-84.56,-133.06
52.416454,-1.54648,153.05,14.7,2,17.65,21 / 21,2893229,2019-09-06 19:04:19:911,-0.2488,-1.0833,10.3293,0.0293,0.0399,9.8064,-0.0784,-0.0348,0.0716,-12.12,-34.87,-9.12,263.26,-84.21,-136.33
52.416454,-1.54648,153.05,14.7,2,17.65,21 / 21,2893328,2019-09-06 19:04:20:010,-0.2577,0.3643,9.9193,0.0263,0.0167,9.8065,0.0002,0.0443,-0.0085,-12.75,-35.44,-10,264.99,-84.22,-135.05
52.416454,-1.54648,153.05,14.7,2,17.65,21 / 21,2893428,2019-09-06 19:04:20:110,-0.6412,-0.6993,9.995,-0.0068,-0.0215,9.8066,0.0161,0.0002,-0.0115,-14.06,-35.37,-10.37,269.27,-84.27,-133.42
52.416454,-1.54648,153.05,14.7,2,17.65,21 / 21,2893528,2019-09-06 19:04:20:210,-0.09,-0.3722,10.4422,-0.0131,-0.0071,9.8066,0.0503,-0.0035,-0.0132,-15.12,-35.69,-8.81,273.21,-84.24,-133.86
52.416454,-1.54648,153.05,14.7,2,17.65,21 / 21,2893629,2019-09-06 19:04:20:311,-0.3736,0.137,10.1426,0.0126,0.0157,9.8065,0.0822,0.0439,-0.0434,-14.69,-35.25,-7.44,276.56,-84.19,-136.04
52.416454,-1.54648,153.05,14.7,2,17.65,21 / 21,2893729,2019-09-06 19:04:20:411,-1.1332,-0.1213,10.1024,0.0202,0.0271,9.8065,-0.0432,0.0446,-0.072,-13.19,-35.75,-7.37,269.57,-84.15,-137.67
52.416454,-1.54648,153.05,14.7,2,17.65,21 / 21,2893829,2019-09-06 19:04:20:511,-1.1255,0.4675,10.2802,0.0173,0.0497,9.8064,-0.0601,0.0436,-0.0488,-12.56,-35.94,-8.19,262.43,-84.1,-142.04
52.416454,-1.54648,153.05,14.7,2,17.65,21 / 21,2893929,2019-09-06 19:04:20:611,1.8042,1.1888,8.9908,0.0222,0.055,9.8064,0.0685,-0.0607,-0.0037,-11.75,-36.44,-7,259.38,-84.07,-145.08
52.416454,-1.54648,153.05,14.7,2,17.65,21 / 21,2894028,2019-09-06 19:04:20:710,2.7324,-2.4335,11.2437,0.0201,0.0053,9.8066,-0.6498,0.3079,-0.0891,-12,-36,-7.56,254.04,-83.91,-147.54
52.416454,-1.54648,153.05,14.7,2,17.65,21 / 21,2894128,2019-09-06 19:04:20:810,-2.3901,-3.4904,8.0108,0.1552,0.1571,9.8041,-0.8004,0.0291,-0.141,-12.06,-36.06,-8.19,248.51,-83.43,-152.43
52.416454,-1.54648,153.05,14.7,2,17.65,21 / 21,2894228,2019-09-06 19:04:20:910,-5.2903,0.1159,7.1904,-0.1345,-0.1182,9.8049,-0.2663,-0.0925,-0.0073,-12,-35.81,-8.12,254.05,-84.71,-149.49
52.416454,-1.54648,153.05,14.7,2,17.65,21 / 21,2894329,2019-09-06 19:04:21:011,-1.6741,-2.2712,8.7298,-0.0354,0.01,9.8065,-0.5353,-0.088,0.042,-12,-35.75,-8.06,251.22,-84.59,-152.23
52.416454,-1.54648,153.05,14.7,2,17.65,21 / 21,2894429,2019-09-06 19:04:21:111,-1.2922,-1.9553,9.3353,-0.0683,-0.0767,9.806,0.1007,-0.021,-0.04,-11.25,-36.31,-8.69,245.72,-84.78,-152.91
52.416454,-1.54648,153.05,14.7,2,17.65,21 / 21,2894529,2019-09-06 19:04:21:211,-0.1251,0.0343,9.9039,-0.051,-0.043,9.8064,0.0616,-0.0458,0.0142,-12.06,-36,-8.44,253.17,-85.33,-151.95
52.416454,-1.54648,153.05,14.7,2,17.65,21 / 21,2894629,2019-09-06 19:04:21:311,0.1233,0.7183,10.4232,0.0231,0.0271,9.8065,0.0997,-0.0426,-0.0084,-11.56,-36.31,-8.5,249.61,-84.89,-154.7
52.416454,-1.54648,153.05,14.7,2,17.65,21 / 21,2894728,2019-09-06 19:04:21:410,0.2787,1.0615,10.1301,-0.0014,0.0161,9.8066,0.058,0.0174,0.0142,-11.25,-36.75,-8.62,243.35,-84.85,-155.35
52.416454,-1.54648,153.05,14.7,2,17.65,21 / 21,2894831,2019-09-06 19:04:21:513,-0.2276,-1.0729,9.4795,-0.002,0.0053,9.8066,-0.0792,-0.0413,0.0104,-11.19,-36,-8.81,243.04,-84.84,-156.01
52.416454,-1.54648,153.05,14.7,2,17.65,21 / 21,2894928,2019-09-06 19:04:21:610,-1.0207,-0.6926,9.7687,0.0142,0.0258,9.8066,-0.0931,-0.0475,-0.011,-11.44,-36.06,-8.5,245.27,-84.83,-156.25
52.416454,-1.54648,153.05,14.7,2,17.65,21 / 21,2895030,2019-09-06 19:04:21:712,-0.8825,-0.8314,9.4609,-0.0345,-0.0196,9.8066,0.0542,-0.023,0.0024,-11.62,-36.62,-9.44,245.16,-84.85,-156.43
52.416454,-1.54648,153.05,14.7,2,17.65,21 / 21,2895129,2019-09-06 19:04:21:811,-0.7597,-0.4327,9.2895,-0.012,-0.0147,9.8065,-0.0221,-0.0068,0.0223,-11.37,-36.5,-7.56,244.79,-85.01,-157.21
52.416454,-1.54648,153.05,14.7,2,17.65,21 / 21,2895229,2019-09-06 19:04:21:911,-0.1303,-0.4325,10.2666,0.0074,0.0024,9.8066,0.0267,0.0437,-0.045,-11.69,-36.06,-8.75,244.69,-84.9,-157.38
52.416454,-1.54648,153.05,14.7,2,17.65,21 / 21,2895329,2019-09-06 19:04:22:011,-0.3798,-0.2334,9.8913,-0.0078,-0.0036,9.8066,-0.0271,0.0396,0.063,-11.81,-36.12,-8.06,247.41,-84.97,-157.28
52.416454,-1.54648,153.05,14.7,2,17.65,21 / 21,2895429,2019-09-06 19:04:22:111,-1.4216,0.608,9.5973,0.0104,0.006,9.8066,-0.0522,0.0358,-0.0307,-11.19,-36.06,-8.87,241.33,-84.86,-157.96
52.416454,-1.54648,153.05,14.7,2,17.65,21 / 21,2895528,2019-09-06 19:04:22:210,0.3096,-0.5148,9.4562,0.0016,0.0109,9.8066,-0.0718,-0.0029,-0.0065,-11.06,-36.44,-8.75,242,-84.95,-157.41
52.416454,-1.54648,153.05,14.7,2,17.65,21 / 21,2895629,2019-09-06 19:04:22:311,-1.3793,1.194,9.8854,-0.0277,-0.008,9.8065,-0.0572,0.118,-0.0732,-10.81,-36.62,-8.31,243.15,-84.97,-158.6
52.416454,-1.54648,153.05,14.7,2,17.65,21 / 21,2895729,2019-09-06 19:04:22:411,-0.5491,-0.652,9.5777,-0.0176,-0.0012,9.8065,0.0067,0.0381,-0.0954,-11.12,-36.19,-8.37,242.82,-85.2,-159.82
52.416454,-1.54648,153.05,14.7,2,17.65,21 / 21,2895828,2019-09-06 19:04:22:510,-0.2958,-0.1881,9.9524,0.0034,-0.0031,9.8066,-0.019,0.013,0.0262,-11,-36.5,-8.31,242.16,-85.01,-160.12
52.416454,-1.54648,153.05,14.7,2,17.65,21 / 21,2895929,2019-09-06 19:04:22:611,-0.086,1.0609,10.1893,-0.0077,-0.0058,9.8066,0.0306,0.0586,0.017,-11.44,-37,-8.19,241.22,-84.89,-160.55
52.416454,-1.54648,153.05,14.7,2,17.65,21 / 21,2896028,2019-09-06 19:04:22:710,-0.8766,-0.8215,9.8685,0.0085,0.0024,9.8066,-0.0087,-0.0159,0.0271,-11.31,-37.31,-7.56,240.73,-84.78,-160.85
52.416454,-1.54648,153.05,14.7,2,17.65,21 / 21,2896129,2019-09-06 19:04:22:811,-0.0287,-0.1978,9.5902,0.009,-0.0037,9.8066,-0.1142,0.0061,-0.001,-11.69,-36.62,-8.19,244.34,-84.77,-159.86
52.416454,-1.54648,153.05,14.7,2,17.65,21 / 21,2896229,2019-09-06 19:04:22:911,-0.1902,-0.4611,9.4373,0.005,-0.0054,9.8065,-0.0067,-0.1,0.0759,-11.69,-36.87,-7.56,245.71,-84.81,-158.43
52.416454,-1.54648,153.05,14.7,2,17.65,21 / 21,2896329,2019-09-06 19:04:23:011,-0.1091,0.1211,9.7807,0.0145,-0.0157,9.8066,0.0049,-0.0466,0.0587,-12.12,-36.56,-8.12,248.28,-84.86,-155.74
52.416454,-1.54648,153.05,14.7,2,17.65,21 / 21,2896429,2019-09-06 19:04:23:111,-0.132,-0.4263,9.6138,0.006,-0.0027,9.8066,0.0291,-0.0551,0.0432,-12.12,-36.31,-8.44,250.76,-84.85,-153.38
52.416454,-1.54648,153.05,14.7,2,17.65,21 / 21,2896528,2019-09-06 19:04:23:210,-0.0527,-0.2473,9.8282,0.0082,-0.0114,9.8066,0.0055,-0.0405,0.043,-12.12,-36.37,-8.19,252.78,-84.96,-151.46
52.416454,-1.54648,153.05,14.7,2,17.65,21 / 21,2896631,2019-09-06 19:04:23:313,-0.7792,-0.299,9.9803,-0.0006,-0.0026,9.8066,-0.0863,0.0062,0.0086,-11.56,-36.19,-8.56,252.19,-85.04,-149.56
52.416454,-1.54648,153.05,14.7,2,17.65,21 / 21,2896729,2019-09-06 19:04:23:411,-0.2245,0.1076,10.3126,0.032,-0.0005,9.8065,0.0648,0.0015,0.0608,-12.37,-36.31,-8.44,256.28,-84.88,-147.53
52.416454,-1.54648,153.05,14.7,2,17.65,21 / 21,2896829,2019-09-06 19:04:23:511,-1.2578,0.2022,9.984,-0.0108,-0.0173,9.8066,-0.0185,0.0008,-0.0393,-12.44,-36.31,-8.19,257.95,-84.82,-145.62
52.416454,-1.54648,153.05,14.7,2,17.65,21 / 21,2896929,2019-09-06 19:04:23:611,0.2925,-0.7501,10.1122,0.0049,-0.0254,9.8065,0.0127,-0.0615,0.0826,-12.06,-35.87,-7.81,258.85,-84.63,-144.19
52.416454,-1.54648,153.05,14.7,2,17.65,21 / 21,2897029,2019-09-06 19:04:23:711,-0.6805,-0.4088,9.8035,0.0045,-0.0081,9.8066,-0.0232,0.0412,0.0293,-12.31,-35.81,-7.56,259.76,-84.51,-142.94
52.416454,-1.54648,153.05,14.7,2,17.65,21 / 21,2897128,2019-09-06 19:04:23:810,-0.6098,0.4946,10.4132,0.0134,0.0049,9.8065,0.0693,-0.0655,-0.0034,-12.56,-34.81,-7,266.72,-84.43,-141.65
52.416454,-1.54648,153.05,14.7,2,17.65,21 / 21,2897229,2019-09-06 19:04:23:911,-1.4075,-0.2345,10.307,0.0293,0.0006,9.8065,0.0464,0.0377,0.0168,-12.87,-35.06,-7.19,267.39,-84.29,-140.62
52.416454,-1.54648,153.05,14.7,2,17.65,21 / 21,2897329,2019-09-06 19:04:24:011,-1.1789,0.8447,9.8952,0.0143,0.0186,9.8065,-0.0316,-0.0214,0.0063,-12.94,-35.31,-7.06,266.28,-84.1,-141.29
52.417534,-1.54597,152.34,12.03,3,17.15,21 / 21,2897429,2019-09-06 19:04:24:111,-0.0161,0.0833,9.7971,-0.0076,-0.0114,9.8066,-0.0886,-0.0394,-0.033,-13.12,-35.75,-7.25,266.1,-84.11,-141.08
52.417534,-1.54597,152.34,12.03,3,17.15,21 / 21,2897528,2019-09-06 19:04:24:210,0.0374,0.2995,9.3152,0.0059,-0.0127,9.8066,-0.0321,-0.0235,0.0741,-13.25,-36.06,-7.44,266.05,-83.97,-140.78
52.417534,-1.54597,152.34,12.03,3,17.15,21 / 21,2897628,2019-09-06 19:04:24:310,-1.4953,-0.6106,9.2218,-0.0182,-0.0205,9.8066,-0.1873,0.059,-0.0238,-13.37,-35.75,-8.06,263.74,-83.97,-140.36
52.417534,-1.54597,152.34,12.03,3,17.15,21 / 21,2897728,2019-09-06 19:04:24:410,-0.3415,-0.902,9.9901,-0.0077,-0.0098,9.8066,0.0163,0.0326,0.0059,-13.31,-35.69,-7.25,268.38,-84.09,-138.7
52.417534,-1.54597,152.34,12.03,3,17.15,21 / 21,2897829,2019-09-06 19:04:24:511,-2.0683,-0.1429,9.2728,0.0853,0.0481,9.8061,-0.0783,0.0146,0.0804,-13.5,-35.19,-7.06,268.4,-83.69,-138.13
52.417534,-1.54597,152.34,12.03,3,17.15,21 / 21,2897929,2019-09-06 19:04:24:611,-1.5299,-0.9698,9.511,0.1107,0.1047,9.8054,-0.2088,-0.0216,-0.0433,-13.62,-34.87,-8,266.51,-83.63,-139.76
52.417534,-1.54597,152.34,12.03,3,17.15,21 / 21,2898028,2019-09-06 19:04:24:710,0.0576,0.7333,9.826,0.03,-0.0051,9.8066,-0.0262,0.0695,0.0801,-13.87,-35.37,-7.25,270.45,-83.42,-138.03
52.417534,-1.54597,152.34,12.03,3,17.15,21 / 21,2898128,2019-09-06 19:04:24:810,0.6181,0.8053,9.8679,0.0382,0.034,9.8064,-0.12,-0.013,0.0278,-13.5,-35.25,-7.56,264.26,-83.31,-138.66
52.417534,-1.54597,152.34,12.03,3,17.15,21 / 21,2898228,2019-09-06 19:04:24:910,-1.3188,0.4165,10.347,-0.02,-0.0111,9.8066,-0.0878,0.0484,-0.0789,-13.62,-35.69,-7.44,269.39,-83.24,-138.23
52.417534,-1.54597,152.34,12.03,3,17.15,21 / 21,2898328,2019-09-06 19:04:25:010,-0.9558,-0.6416,9.5448,0.0181,0.0052,9.8066,0.032,0.004,0.0322,-14.37,-34.75,-7.94,268.06,-83.24,-137.3
52.417534,-1.54597,152.34,12.03,3,17.15,21 / 21,2898429,2019-09-06 19:04:25:111,0.0573,0.3802,9.392,-0.0106,-0.0007,9.8066,-0.0765,0.0054,-0.0621,-14.19,-35.37,-7.5,270.43,-83.25,-137.66
52.417534,-1.54597,152.34,12.03,3,17.15,21 / 21,2898529,2019-09-06 19:04:25:211,-1.4063,-1.5301,9.1286,0.013,0.0039,9.8066,-0.1259,-0.0676,0.0441,-14.69,-35.44,-7.37,273.07,-83.23,-137.37
52.417534,-1.54597,152.34,12.03,3,17.15,21 / 21,2898628,2019-09-06 19:04:25:310,-2.2617,-1.8304,9.7733,-0.0311,-0.0323,9.8065,-0.2323,0.0359,-0.0271,-14.37,-35.06,-6.56,272.97,-83.48,-135.67
52.417534,-1.54597,152.34,12.03,3,17.15,21 / 21,2898729,2019-09-06 19:04:25:411,-2.9122,-0.5466,10.0689,-0.0174,-0.0346,9.8065,0.2261,-0.007,0.0207,-13.87,-35.19,-7.19,273.4,-83.36,-134.95
52.417534,-1.54597,152.34,12.03,3,17.15,21 / 21,2898828,2019-09-06 19:04:25:510,-1.2084,1.0378,10.3001,0.0361,0.019,9.8065,0.2565,0.1379,-0.031,-13.75,-35.5,-7,273.27,-83.34,-135.02
52.417534,-1.54597,152.34,12.03,3,17.15,21 / 21,2898928,2019-09-06 19:04:25:610,-1.9007,-1.2856,9.6308,0.0502,0.0344,9.8064,-0.2302,0.1277,-0.0274,-14.12,-35.37,-7.06,271.92,-82.89,-135.3
52.417534,-1.54597,152.34,12.03,3,17.15,21 / 21,2899029,2019-09-06 19:04:25:711,-0.7431,-1.5503,9.5329,-0.0072,-0.0291,9.8065,-0.1607,-0.0628,0.1346,-13.62,-36.12,-7.31,275.31,-82.93,-131.6
52.417534,-1.54597,152.34,12.03,3,17.15,21 / 21,2899128,2019-09-06 19:04:25:810,-2.4135,-1.2923,8.9791,-0.027,-0.0484,9.8065,0.0869,-0.053,0.0472,-13.62,-35.56,-7.87,274.72,-83.04,-129.73
52.417534,-1.54597,152.34,12.03,3,17.15,21 / 21,2899229,2019-09-06 19:04:25:911,-2.1122,1.3807,9.9147,0.0218,0.0335,9.8065,0.1693,0.1129,-0.0564,-13.31,-35.75,-8,270.46,-82.93,-130.92
52.417534,-1.54597,152.34,12.03,3,17.15,21 / 21,2899329,2019-09-06 19:04:26:011,-1.8743,-1.0498,9.4623,0.0642,0.0571,9.8062,-0.1636,0.1292,-0.0731,-12.56,-36.56,-7.87,269.32,-82.74,-131.09
52.417534,-1.54597,152.34,12.03,3,17.15,21 / 21,2899429,2019-09-06 19:04:26:111,-2.4216,-0.7264,10.301,-0.0242,-0.0305,9.8065,-0.1748,-0.0778,-0.0293,-12.12,-37.06,-8.31,266.95,-82.93,-130.85
52.417534,-1.54597,152.34,12.03,3,17.15,21 / 21,2899528,2019-09-06 19:04:26:210,-1.0979,-1.1517,10.1617,-0.0226,-0.0225,9.8066,0.1376,-0.0258,0.0127,-11.25,-39.44,-6.06,269,-83.17,-130.51
52.417534,-1.54597,152.34,12.03,3,17.15,21 / 21,2899630,2019-09-06 19:04:26:312,-1.8094,-0.7452,10.1824,-0.0106,0.0015,9.8066,0.0687,0.0244,0.0053,-11.62,-39.37,-4.06,279.62,-83.26,-130.84
52.417534,-1.54597,152.34,12.03,3,17.15,21 / 21,2899729,2019-09-06 19:04:26:411,-2.4279,-0.6656,9.5387,-0.0329,0.0016,9.8066,-0.0515,0.0386,-0.083,-12.5,-38.69,-2.62,284.92,-83.5,-130.64
52.417534,-1.54597,152.34,12.03,3,17.15,21 / 21,2899829,2019-09-06 19:04:26:511,-3.1179,-0.5487,9.2297,-0.0223,-0.003,9.8066,-0.1112,0.0642,-0.0657,-12.12,-35.69,-1.19,298.87,-83.77,-129.64
52.417534,-1.54597,152.34,12.03,3,17.15,21 / 21,2899928,2019-09-06 19:04:26:610,-3.0905,-0.3689,9.6018,0.0056,0.0025,9.8066,0.0172,0.0264,0.0397,-12.37,-34.5,-1.25,300.56,-83.81,-129.27
52.417534,-1.54597,152.34,12.03,3,17.15,21 / 21,2900030,2019-09-06 19:04:26:712,-1.2229,-0.4171,9.0873,-0.0339,-0.0087,9.8065,0.0059,0.0118,0.0125,-13.12,-31.44,-1.56,298.97,-83.95,-129.55
52.417534,-1.54597,152.34,12.03,3,17.15,21 / 21,2900129,2019-09-06 19:04:26:811,-2.0787,-0.3341,9.3614,-0.0042,-0.0048,9.8065,0.088,0.0028,-0.0151,-12.19,-30.31,-3.62,289.26,-83.98,-128.56
52.417534,-1.54597,152.34,12.03,3,17.15,21 / 21,2900229,2019-09-06 19:04:26:911,-2.7304,-0.6441,9.8975,-0.0008,-0.0141,9.8065,0.0157,-0.0148,0.0654,-11.19,-29.56,-5.94,279.69,-84.11,-127.55
52.417534,-1.54597,152.34,12.03,3,17.15,21 / 21,2900328,2019-09-06 19:04:27:010,-1.6587,-1.3532,9.8401,-0.0007,0.0048,9.8066,-0.0485,0.1131,-0.0248,-10.81,-30.25,-8.25,273.15,-84.1,-127.64
52.417534,-1.54597,152.34,12.03,3,17.15,21 / 21,2900428,2019-09-06 19:04:27:110,-2.0321,-1.8274,9.9633,0.0013,-0.0041,9.8066,-0.003,-0.01,0.0961,-10.31,-31.31,-9.37,267.86,-84.14,-126.49
52.417534,-1.54597,152.34,12.03,3,17.15,21 / 21,2900528,2019-09-06 19:04:27:210,-1.7451,-1.3254,9.8801,-0.0096,-0.0149,9.8066,0.0818,0.0089,-0.0465,-10,-32.12,-9.19,268.62,-84.25,-125.55
52.417534,-1.54597,152.34,12.03,3,17.15,21 / 21,2900628,2019-09-06 19:04:27:310,-1.5337,-1.3357,10.4613,0.0183,0.0069,9.8065,0.0833,0.0921,-0.0033,-10.19,-33.19,-9.81,266.36,-84.26,-125.12
52.417534,-1.54597,152.34,12.03,3,17.15,21 / 21,2900729,2019-09-06 19:04:27:411,-1.8167,-1.5697,10.0076,-0.0014,0.0136,9.8065,-0.0995,0.0106,-0.0494,-9.44,-32.75,-9.94,262.02,-84.12,-125.52
52.417534,-1.54597,152.34,12.03,3,17.15,21 / 21,2900829,2019-09-06 19:04:27:511,-3.051,-1.7829,9.9618,0.0047,-0.0094,9.8066,-0.0942,0.1037,-0.0433,-9.81,-33.87,-10.19,265.53,-84.25,-125.53
52.417534,-1.54597,152.34,12.03,3,17.15,21 / 21,2900928,2019-09-06 19:04:27:610,-2.8207,-1.9024,10.2196,-0.0038,0.0023,9.8066,0.1062,0.112,-0.0262,-9.75,-34.19,-10.5,264.77,-84.18,-126.12
52.417534,-1.54597,152.34,12.03,3,17.15,21 / 21,2901028,2019-09-06 19:04:27:710,-1.2371,-1.4863,9.9879,0.0157,0.0084,9.8066,0.0642,0.0611,0.0021,-10.19,-34.62,-10.44,264.2,-84.19,-126.31
52.417534,-1.54597,152.34,12.03,3,17.15,21 / 21,2901128,2019-09-06 19:04:27:810,-1.0458,-1.9484,10.3592,-0.0062,0.0041,9.8066,-0.0305,0.0991,-0.0028,-10,-34.94,-9.94,263.97,-84.19,-126.57
52.417534,-1.54597,152.34,12.03,3,17.15,21 / 21,2901229,2019-09-06 19:04:27:911,-2.1484,-2.1682,9.824,-0.0083,0.0033,9.8065,-0.0276,0.0929,-0.0303,-10.31,-35,-10,264.24,-84.3,-126.57
52.417534,-1.54597,152.34,12.03,3,17.15,21 / 21,2901328,2019-09-06 19:04:28:010,-1.5568,-1.4219,9.8178,-0.0087,-0.0161,9.8065,0.0441,0.069,0.0312,-10.37,-34.56,-9.87,265.1,-84.41,-125.95
52.417534,-1.54597,152.34,12.03,3,17.15,21 / 21,2901429,2019-09-06 19:04:28:111,-2.0251,-1.7888,10.1112,0.0002,0.0011,9.8066,-0.0012,0.0599,0.0374,-10.44,-34.62,-10.06,265.62,-84.43,-125.49
52.417534,-1.54597,152.34,12.03,3,17.15,21 / 21,2901528,2019-09-06 19:04:28:210,-1.7608,-1.3008,9.4153,0.002,0.0073,9.8066,0.0143,0.0824,-0.0407,-10.69,-35.25,-10.31,269.21,-84.43,-125.25
52.417534,-1.54597,152.34,12.03,3,17.15,21 / 21,2901628,2019-09-06 19:04:28:310,-1.0502,-1.5453,9.4617,-0.006,-0.0143,9.8065,0.0298,0.046,0.0196,-10.44,-35.12,-10.87,264.43,-84.45,-124.72
52.417534,-1.54597,152.34,12.03,3,17.15,21 / 21,2901729,2019-09-06 19:04:28:411,-1.0343,-1.3016,9.7723,0.0008,-0.01,9.8066,-0.0364,0.0561,0.0336,-10.69,-34.69,-10.19,272.12,-84.54,-122.59
52.417534,-1.54597,152.34,12.03,3,17.15,21 / 21,2901829,2019-09-06 19:04:28:511,-1.4324,-1.4722,9.7931,-0.0149,-0.0104,9.8065,-0.057,0.0671,0.0084,-10.37,-35.87,-11,267.4,-84.54,-121.52
52.417534,-1.54597,152.34,12.03,3,17.15,21 / 21,2901929,2019-09-06 19:04:28:611,-1.3569,-1.6569,9.7513,0.0038,0.0034,9.8066,0.0459,0.035,-0.0182,-10.62,-36.25,-11,270.67,-84.54,-121.54
52.417534,-1.54597,152.34,12.03,3,17.15,21 / 21,2902029,2019-09-06 19:04:28:711,-1.2783,-1.9285,9.5997,-0.01,-0.0116,9.8066,0.0253,0.024,0.008,-10.81,-35.44,-10.94,271.28,-84.5,-121.21
52.417534,-1.54597,152.34,12.03,3,17.15,21 / 21,2902129,2019-09-06 19:04:28:811,-1.3372,-1.5703,9.8602,-0.0174,-0.0116,9.8066,0.0086,0.0089,-0.0193,-10.56,-35.25,-11.12,272.83,-84.7,-120.12
52.417534,-1.54597,152.34,12.03,3,17.15,21 / 21,2902230,2019-09-06 19:04:28:912,-1.5997,-1.4449,10.1525,0.0021,0.0029,9.8066,0.0043,0.0395,-0.0304,-10.87,-35.5,-10.5,274.95,-84.78,-120.39
52.417534,-1.54597,152.34,12.03,3,17.15,21 / 21,2902329,2019-09-06 19:04:29:011,-1.7557,-1.3625,9.574,-0.0012,-0.0009,9.8065,0.0261,0.0113,0.0401,-10.56,-35.19,-10,275.01,-84.77,-120.3
52.417534,-1.54597,152.34,12.03,3,17.15,21 / 21,2902429,2019-09-06 19:04:29:111,-1.1731,-1.7879,10.1147,0.0031,-0.004,9.8066,0.0084,0.0183,-0.017,-11.12,-36.25,-10.12,274.9,-84.7,-119.88
52.417534,-1.54597,152.34,12.03,3,17.15,21 / 21,2902528,2019-09-06 19:04:29:210,-0.7638,-1.8278,10.0795,-0.001,-0.0071,9.8066,0.0248,0.0177,0.0114,-10.62,-36.37,-10.75,273.05,-84.68,-119.51
52.417534,-1.54597,152.34,12.03,3,17.15,21 / 21,2902629,2019-09-06 19:04:29:311,-0.7331,-1.483,9.755,-0.0083,-0.0013,9.8066,0.0308,0.0061,0.0061,-10.81,-36.12,-10.25,275.41,-84.71,-119.39
52.417534,-1.54597,152.34,12.03,3,17.15,21 / 21,2902729,2019-09-06 19:04:29:411,-1.0343,-1.2669,9.6601,-0.009,0.0002,9.8066,-0.0122,-0.0021,-0.0409,-10.81,-35.87,-10.25,276.55,-84.88,-118.71
52.417534,-1.54597,152.34,12.03,3,17.15,21 / 21,2902829,2019-09-06 19:04:29:511,-1.488,-1.4284,10.0799,0.0025,-0.0004,9.8066,0.0202,0.0207,0.0086,-11,-35.5,-10.44,277.14,-84.94,-118.62
52.417534,-1.54597,152.34,12.03,3,17.15,21 / 21,2902929,2019-09-06 19:04:29:611,-1.2228,-1.3095,10.1663,-0.0083,-0.0051,9.8066,0.0283,0.0159,-0.0096,-11,-35.81,-10.06,277.13,-84.97,-118.36
52.417534,-1.54597,152.34,12.03,3,17.15,21 / 21,2903029,2019-09-06 19:04:29:711,-0.7596,-1.1926,10.0022,0.0019,0.0012,9.8065,0.0374,-0.0041,0.0019,-10.69,-35.69,-9.87,277.27,-85,-118.31
52.417534,-1.54597,152.34,12.03,3,17.15,21 / 21,2903130,2019-09-06 19:04:29:812,-0.8308,-0.9921,9.7673,-0.0002,0.0018,9.8066,-0.0181,0.0018,0.0131,-10.75,-36.06,-9.5,280.18,-85.03,-117.97
52.417534,-1.54597,152.34,12.03,3,17.15,21 / 21,2903228,2019-09-06 19:04:29:910,-0.5016,-0.6692,9.876,-0.0046,0.0032,9.8066,0.0032,0.0241,-0.0175,-10.94,-36.12,-9.5,280.56,-85.09,-117.77
52.417534,-1.54597,152.34,12.03,3,17.15,21 / 21,2903329,2019-09-06 19:04:30:011,-0.6977,-0.6983,9.8395,0.0014,0.0026,9.8066,-0.0003,-0.0038,0.004,-10.69,-35.69,-9.75,278.17,-85.14,-117.77
52.417534,-1.54597,152.34,12.03,3,17.15,21 / 21,2903429,2019-09-06 19:04:30:111,-0.644,-0.7205,9.868,-0.0038,-0.0035,9.8066,0.0029,-0.0013,0.0041,-11,-36,-9.94,279.17,-85.2,-116.95
52.417534,-1.54597,152.34,12.03,3,17.15,21 / 21,2903529,2019-09-06 19:04:30:211,-0.3708,-0.4775,9.8461,-0.0016,-0.0034,9.8065,0.0172,0.0003,0.0083,-11.19,-36.06,-10.06,279.74,-85.21,-116.41
52.417534,-1.54597,152.34,12.03,3,17.15,21 / 21,2903628,2019-09-06 19:04:30:310,-0.2076,-0.2238,9.8607,-0.0045,-0.0009,9.8066,0.0122,-0.0025,-0.0032,-11.5,-36.5,-9.87,280.38,-85.27,-115.94
52.417534,-1.54597,152.34,12.03,3,17.15,21 / 21,2903728,2019-09-06 19:04:30:410,-0.152,-0.1993,9.8762,-0.0008,-0.0016,9.8066,0.0125,-0.0105,0.0094,-11.25,-36.25,-10,280.75,-85.29,-115.63
52.417534,-1.54597,152.34,12.03,3,17.15,21 / 21,2903831,2019-09-06 19:04:30:513,-0.2174,-0.0879,9.8844,-0.0047,-0.004,9.8066,0.0011,-0.006,-0.0017,-11.25,-36.12,-9.44,283.78,-85.3,-115.22
52.417534,-1.54597,152.34,12.03,3,17.15,21 / 21,2903929,2019-09-06 19:04:30:611,-0.055,-0.1246,9.7737,-0.0019,-0.0037,9.8066,0.0019,-0.0074,0.0078,-11,-36.37,-10.25,282.17,-85.34,-114.39
52.417534,-1.54597,152.34,12.03,3,17.15,21 / 21,2904028,2019-09-06 19:04:30:710,-0.1122,-0.1834,9.9442,-0.0044,-0.005,9.8066,-0.0023,-0.0007,0.0073,-11,-36.19,-10,283.08,-85.36,-113.56
52.417534,-1.54597,152.34,12.03,3,17.15,21 / 21,2904129,2019-09-06 19:04:30:811,0.2815,0.5413,9.9904,-0.0057,-0.0054,9.8066,0.0119,0.0021,0.0046,-11.19,-36.5,-9.87,284.39,-85.41,-112.45
52.417534,-1.54597,152.34,12.03,3,17.15,21 / 21,2904229,2019-09-06 19:04:30:911,0.6594,0.8895,9.7375,-0.0017,0.0018,9.8066,0.028,-0.0098,-0.0047,-11.06,-36.37,-10.12,284.66,-85.46,-112.29
52.417534,-1.54597,152.34,12.03,3,17.15,21 / 21,2904329,2019-09-06 19:04:31:011,0.547,0.6524,9.6521,-0.0006,0.0032,9.8066,0.0004,-0.0075,0.0002,-11.25,-36.44,-9.69,284.61,-85.48,-112.4
52.417534,-1.54597,152.34,12.03,3,17.15,21 / 21,2904429,2019-09-06 19:04:31:111,0.4214,0.7198,9.7736,-0.0052,-0.0057,9.8066,0.0084,0.0009,0.0153,-11,-36.31,-9.56,285.55,-85.5,-111.55
52.417534,-1.54597,152.34,12.03,3,17.15,21 / 21,2904529,2019-09-06 19:04:31:211,0.3895,0.5045,9.9313,-0.0059,-0.0036,9.8066,0.0064,-0.0095,0.002,-10.69,-36.44,-9.75,286.47,-85.54,-110.79
52.417534,-1.54597,152.34,12.03,3,17.15,21 / 21,2904628,2019-09-06 19:04:31:310,0.3929,0.5205,9.8889,-0.0036,-0.003,9.8066,-0.0053,-0.0084,-0.0055,-11.12,-36.56,-9.19,289.61,-85.58,-110.13
52.417534,-1.54597,152.34,12.03,3,17.15,21 / 21,2904729,2019-09-06 19:04:31:411,0.3452,0.7647,9.8014,-0.0013,-0.0028,9.8066,0.0025,-0.0066,0.01,-10.81,-36.37,-9.94,288.47,-85.62,-109.07
52.417534,-1.54597,152.34,12.03,3,17.15,21 / 21,2904829,2019-09-06 19:04:31:511,0.4399,0.7393,9.842,-0.0054,-0.0052,9.8066,0.0086,-0.0008,0.0067,-11.12,-36.44,-10.06,289.94,-85.65,-107.77
52.417534,-1.54597,152.34,12.03,3,17.15,21 / 21,2904929,2019-09-06 19:04:31:611,0.429,0.5586,9.8684,-0.0052,-0.0044,9.8066,0.0043,-0.0045,-0.0001,-11.12,-36.19,-9.69,290.75,-85.69,-107.1
52.417534,-1.54597,152.34,12.03,3,17.15,21 / 21,2905028,2019-09-06 19:04:31:710,0.3973,0.5218,9.8122,-0.0044,-0.0043,9.8065,-0.0034,-0.0079,-0.006,-11.12,-36.56,-9.12,294.38,-85.73,-106.08
52.417534,-1.54597,152.34,12.03,3,17.15,21 / 21,2905129,2019-09-06 19:04:31:811,0.4896,0.7275,9.7776,-0.004,-0.0042,9.8066,-0.002,-0.0034,0.0091,-10.81,-36.87,-9.75,292.48,-85.75,-105.35
52.417534,-1.54597,152.34,12.03,3,17.15,21 / 21,2905228,2019-09-06 19:04:31:910,0.4028,0.6689,9.8565,-0.005,-0.0046,9.8066,0.0033,-0.0097,0.0072,-10.81,-36.75,-9.56,293.05,-85.75,-104.84
52.417534,-1.54597,152.34,12.03,3,17.15,21 / 21,2905329,2019-09-06 19:04:32:011,0.4082,0.3789,9.8695,0.0022,0.0045,9.8066,0.0056,0.0007,-0.0029,-10.69,-36.56,-9.94,293.75,-85.78,-104.25
52.417534,-1.54597,152.34,12.03,3,17.15,20 / 21,2905429,2019-09-06 19:04:32:111,0.3984,0.5486,9.856,-0.0071,-0.0068,9.8066,-0.0062,-0.0066,-0.0004,-11,-36.06,-9.5,298.61,-85.83,-102.71
52.417534,-1.54597,152.34,12.03,3,17.15,20 / 21,2905529,2019-09-06 19:04:32:211,0.5045,0.6168,9.9503,-0.0051,-0.0041,9.8066,-0.009,-0.0089,0,-10.87,-36.31,-9.75,296.5,-85.85,-102.13
52.417534,-1.54597,152.34,12.03,3,17.15,20 / 21,2905629,2019-09-06 19:04:32:311,0.3965,0.4626,9.9111,-0.0025,-0.0016,9.8066,0.0074,-0.002,0.0116,-10.69,-36.12,-9.12,300.09,-85.86,-101.43
52.417534,-1.54597,152.34,12.03,3,17.15,20 / 21,2905729,2019-09-06 19:04:32:411,0.5234,0.6229,9.8857,-0.0044,-0.004,9.8066,0.0046,-0.0029,-0.0016,-10.81,-36.44,-9.69,298.22,-85.88,-100.6
52.417534,-1.54597,152.34,12.03,3,17.15,20 / 21,2905828,2019-09-06 19:04:32:510,0.6367,0.6683,9.863,-0.0031,-0.005,9.8066,-0.0084,-0.0114,0.0001,-11.12,-36.06,-9.37,301.79,-85.9,-99.98
52.417534,-1.54597,152.34,12.03,3,17.15,20 / 21,2905929,2019-09-06 19:04:32:611,0.5515,0.6657,9.9493,-0.0033,-0.0033,9.8066,-0.0099,-0.0045,0.0002,-11.75,-36.56,-9.81,303.08,-85.91,-98.9
52.417534,-1.54597,152.34,12.03,3,17.15,20 / 21,2906028,2019-09-06 19:04:32:710,0.4268,0.6539,9.9171,-0.0033,-0.0036,9.8066,0.0013,0.0042,0.0117,-11.06,-36.19,-9.69,301.54,-85.91,-97.65
52.417534,-1.54597,152.34,12.03,3,17.15,20 / 21,2906128,2019-09-06 19:04:32:810,0.4083,0.4798,9.8998,-0.0057,-0.0051,9.8066,0.0091,-0.0034,-0.0006,-11.31,-36.56,-9.62,302.15,-85.93,-96.89
52.417534,-1.54597,152.34,12.03,3,17.15,20 / 21,2906229,2019-09-06 19:04:32:911,0.5249,0.74,9.9474,-0.0046,-0.0036,9.8066,0.0002,-0.0083,-0.0106,-11.56,-36.87,-10.06,306.6,-85.96,-95.81
52.417534,-1.54597,152.34,12.03,3,17.15,20 / 21,2906329,2019-09-06 19:04:33:011,0.6594,0.6727,9.7963,-0.0017,-0.0032,9.8066,-0.0158,-0.0075,0.0091,-11.44,-36.5,-9.87,304.53,-85.96,-95.03
52.417534,-1.54597,152.34,12.03,3,17.15,21 / 22,2906431,2019-09-06 19:04:33:113,0.5439,0.5833,9.8021,-0.0046,-0.0036,9.8066,0.0087,0.0115,0.0162,-11.37,-36.5,-9.81,305.09,-85.95,-94.5
52.417934,-1.545768,151.87,0,3,6.93,21 / 22,2906529,2019-09-06 19:04:33:211,0.6531,0.8401,9.7636,-0.0034,-0.0054,9.8066,-0.0056,-0.0097,-0.0079,-10.75,-36.37,-9.87,306.72,-85.98,-93.1
52.417934,-1.545768,151.87,0,3,6.93,21 / 22,2906628,2019-09-06 19:04:33:310,0.6417,0.7198,9.7344,-0.0028,-0.0019,9.8066,-0.0036,-0.0055,-0.0067,-11.37,-36.5,-9.5,310.39,-85.98,-92.47
52.417934,-1.545768,151.87,0,3,6.93,21 / 22,2906729,2019-09-06 19:04:33:411,0.7981,0.8123,9.7553,-0.0029,-0.0008,9.8066,0.0008,-0.0025,0.0132,-10.69,-36.69,-9.19,310.77,-85.99,-91.93
52.417934,-1.545768,151.87,0,3,6.93,21 / 22,2906829,2019-09-06 19:04:33:511,0.4983,0.807,9.8893,-0.0019,-0.002,9.8066,0.018,-0.0043,0.0065,-10.12,-35.69,-9.69,305.84,-86.01,-90.82
52.417934,-1.545768,151.87,0,3,6.93,21 / 22,2906929,2019-09-06 19:04:33:611,0.3839,0.4742,9.9361,-0.0018,-0.0025,9.8066,-0.0095,-0.0253,-0.0161,-10.94,-36.25,-9.37,313.18,-86,-90.05
52.417934,-1.545768,151.87,0,3,6.93,21 / 22,2907029,2019-09-06 19:04:33:711,0.5328,0.7173,9.9646,-0.0037,-0.0014,9.8066,-0.0104,-0.0098,-0.0027,-11.06,-36.5,-9.62,310.73,-86.01,-89.58
52.417934,-1.545768,151.87,0,3,6.93,21 / 22,2907129,2019-09-06 19:04:33:811,0.576,0.7885,9.9105,-0.0027,-0.0008,9.8066,0.0101,-0.0036,0.0246,-11.12,-36.37,-9.62,311.78,-86.04,-88.71
52.417934,-1.545768,151.87,0,3,6.93,21 / 22,2907229,2019-09-06 19:04:33:911,0.6059,0.6192,9.8033,0.0017,-0.0006,9.8066,0.0028,0.0038,0.0014,-10.94,-36.19,-10,312.26,-86.02,-88.25
52.417934,-1.545768,151.87,0,3,6.93,21 / 22,2907328,2019-09-06 19:04:34:010,0.8369,0.7999,9.759,-0.0015,-0.0011,9.8066,-0.0072,-0.0223,-0.0085,-11.12,-36.25,-9.25,315.21,-86.01,-88.29
52.417934,-1.545768,151.87,0,3,6.93,21 / 21,2907431,2019-09-06 19:04:34:113,0.773,0.7193,9.7506,-0.0037,-0.0016,9.8066,0.0002,-0.0097,0.0139,-10.94,-36.31,-9.44,315.92,-86.03,-87.7
52.417934,-1.545768,151.87,0,3,6.93,21 / 21,2907528,2019-09-06 19:04:34:210,0.6032,0.648,9.8693,-0.001,-0.0016,9.8066,0.0117,0.0048,0.0091,-10.5,-36.62,-9.87,309.89,-86.03,-87.05
52.417934,-1.545768,151.87,0,3,6.93,21 / 21,2907628,2019-09-06 19:04:34:310,0.8342,0.793,9.7786,-0.0007,-0.0019,9.8066,0.0117,-0.0185,-0.0106,-10.81,-36.69,-8.81,316.88,-86.02,-86.66
52.417934,-1.545768,151.87,0,3,6.93,21 / 21,2907728,2019-09-06 19:04:34:410,0.8095,0.8955,9.705,-0.0002,-0.0001,9.8066,-0.0151,-0.0093,0.0014,-11.06,-36.75,-9.69,314.04,-86.02,-86.47
52.417934,-1.545768,151.87,0,3,6.93,21 / 21,2907828,2019-09-06 19:04:34:510,0.7074,0.6581,9.7465,0,0.0004,9.8066,-0.0076,-0.0054,0.0119,-10.87,-36.37,-9.75,314.55,-86.02,-86.22
52.417934,-1.545768,151.87,0,3,6.93,21 / 21,2907929,2019-09-06 19:04:34:611,0.7247,0.9051,9.7624,-0.0033,-0.0026,9.8066,0.0164,0.003,0.0055,-11.19,-36.37,-9.69,314.91,-86.02,-85.89
52.417934,-1.545768,151.87,0,3,6.93,21 / 21,2908029,2019-09-06 19:04:34:711,0.7457,0.8295,9.719,0.0001,-0.0018,9.8066,-0.0011,-0.0116,-0.0135,-11.06,-36.12,-9.37,318.29,-86,-85.6
52.417934,-1.545768,151.87,0,3,6.93,21 / 21,2908129,2019-09-06 19:04:34:811,0.5846,0.7426,9.7474,-0.0003,0.0007,9.8066,-0.0012,-0.013,0.0028,-11.37,-36.69,-9.81,315.22,-86,-85.4
52.417934,-1.545768,151.87,0,3,6.93,21 / 21,2908229,2019-09-06 19:04:34:911,0.7053,0.663,9.7469,0.0003,0.0004,9.8066,0.004,-0.0069,0.0116,-11.19,-36.69,-9.69,315.35,-86,-85.29
52.417934,-1.545768,151.87,0,3,6.93,21 / 21,2908328,2019-09-06 19:04:35:010,0.8005,0.7604,9.7085,0.0008,-0.0009,9.8066,0.0151,-0.0003,0.0003,-10.56,-36.37,-9.5,318.82,-85.99,-85.12
52.417934,-1.545768,151.87,0,3,6.93,21 / 21,2908429,2019-09-06 19:04:35:111,0.9444,0.869,9.6647,0.0018,0.0005,9.8066,-0.0165,-0.0267,-0.0178,-11.56,-36.81,-9.37,321.42,-85.98,-85.44
52.417934,-1.545768,151.87,0,3,6.93,21 / 21,2908529,2019-09-06 19:04:35:211,0.8376,0.8175,9.6729,-0.0025,-0.0003,9.8066,0.0154,-0.001,0.0214,-11.56,-36.06,-9.56,318.63,-85.98,-85.35
52.417934,-1.545768,151.87,0,3,6.93,21 / 21,2908628,2019-09-06 19:04:35:310,0.7813,0.7843,9.7525,0.0009,-0.001,9.8066,0.0142,-0.006,0.0166,-10.87,-36.19,-9.62,315.56,-85.97,-85.24
52.417934,-1.545768,151.87,0,3,6.93,21 / 21,2908728,2019-09-06 19:04:35:410,0.5978,0.8874,9.8226,0.0001,-0.0006,9.8066,-0.0004,-0.0048,-0.0127,-10.81,-36.62,-9.75,315.13,-85.95,-85.38
52.417934,-1.545768,151.87,0,3,6.93,21 / 21,2908828,2019-09-06 19:04:35:510,0.5205,0.6188,9.8763,0.0003,0.0019,9.8066,-0.0082,-0.009,0.0015,-10.62,-36.37,-9.69,315.15,-85.95,-85.58
52.417934,-1.545768,151.87,0,3,6.93,21 / 21,2908929,2019-09-06 19:04:35:611,0.756,0.8673,9.8454,0.0015,-0.0009,9.8066,0.0083,-0.0002,0.0108,-11.25,-36.5,-9.87,314.97,-85.94,-85.72
52.417934,-1.545768,151.87,0,3,6.93,21 / 21,2909029,2019-09-06 19:04:35:711,0.6508,0.6935,9.8476,0.0001,0.0005,9.8066,0.0152,-0.0005,0.0118,-11.06,-36.44,-9.81,314.8,-85.94,-85.86
52.417934,-1.545768,151.87,0,3,6.93,21 / 21,2909129,2019-09-06 19:04:35:811,0.5148,0.699,9.8805,0.0016,-0.0006,9.8066,-0.0106,-0.0181,-0.0183,-10.44,-36.25,-10.06,310.83,-85.93,-86.22
52.417934,-1.545768,151.87,0,3,6.93,21 / 21,2909228,2019-09-06 19:04:35:910,0.8032,0.9145,9.7216,-0.0004,0.0003,9.8066,0.0019,0.0033,0.0064,-10.94,-36.06,-10,314.05,-85.92,-86.48
52.417934,-1.545768,151.87,0,3,6.93,21 / 21,2909328,2019-09-06 19:04:36:010,0.6059,0.6678,9.7591,0.0012,-0.0005,9.8066,0.013,-0.0097,0.0128,-11.31,-36.31,-9.75,313.85,-85.92,-86.66
52.417934,-1.545768,151.87,0,3,6.93,21 / 21,2909429,2019-09-06 19:04:36:111,0.7247,0.9615,9.7402,0.0027,-0.0004,9.8066,0.0092,-0.008,-0.0123,-10.44,-36,-9.56,309.74,-85.9,-87.12
52.417934,-1.545768,151.87,0,3,6.93,21 / 21,2909528,2019-09-06 19:04:36:210,0.7555,0.9141,9.7195,0.0013,0.0023,9.8066,-0.0149,-0.0055,-0.0004,-11,-36.75,-9.94,312.07,-85.88,-87.95
52.417934,-1.545768,151.87,0,3,6.93,21 / 21,2909629,2019-09-06 19:04:36:311,0.5402,0.6586,9.9664,-0.0004,0.0007,9.8066,0.0278,0.0008,0.0256,-10.94,-36.25,-9.5,315.3,-85.89,-87.99
52.417934,-1.545768,151.87,0,3,6.93,21 / 21,2909728,2019-09-06 19:04:36:410,0.5991,0.7426,9.8894,0.0051,0.001,9.8066,-0.0124,-0.0088,-0.0161,-10.75,-36.25,-9.06,314.76,-85.88,-88.45
52.417934,-1.545768,151.87,0,3,6.93,21 / 21,2909828,2019-09-06 19:04:36:510,0.4034,0.5884,9.8832,0.0015,0.001,9.8066,-0.0084,-0.0184,-0.0166,-10.81,-36.06,-9.87,310.65,-85.86,-89.36
52.417934,-1.545768,151.87,0,3,6.93,21 / 21,2909928,2019-09-06 19:04:36:610,0.7849,0.93,9.6821,0.0008,0.0018,9.8066,0.0143,0.0103,0.0226,-11.19,-36.44,-9.69,309.92,-85.86,-90.02
52.417934,-1.545768,151.87,0,3,6.93,21 / 21,2910029,2019-09-06 19:04:36:711,0.8013,0.9074,9.7426,0.0039,0.0004,9.8066,0.0067,-0.007,0.0009,-11.06,-36.25,-9.56,309.3,-85.84,-90.52
52.417934,-1.545768,151.87,0,3,6.93,21 / 21,2910129,2019-09-06 19:04:36:811,0.6705,0.6529,9.7995,0.0049,0.0028,9.8066,-0.0123,-0.0047,-0.009,-10.75,-36.87,-9.81,307.94,-85.81,-91.46
52.417934,-1.545768,151.87,0,3,6.93,21 / 21,2910228,2019-09-06 19:04:36:910,0.5674,0.6763,9.8446,0.0022,0.0035,9.8066,-0.0105,0.0002,0.0057,-11.12,-36.12,-9.62,307.62,-85.81,-91.97
52.417934,-1.545768,151.87,0,3,6.93,21 / 21,2910328,2019-09-06 19:04:37:010,0.4772,0.6528,9.9213,0.0042,0.0018,9.8066,0.0174,0.0049,0.0111,-11.12,-36.56,-9.44,309.84,-85.81,-92.38
52.417934,-1.545768,151.87,0,3,6.93,21 / 21,2910431,2019-09-06 19:04:37:113,0.8149,0.7876,9.6892,0.0051,0.002,9.8066,-0.0099,0.0068,-0.0075,-11.06,-35.87,-9.31,308.88,-85.78,-93.39
52.417934,-1.545768,151.87,0,3,6.93,21 / 21,2910529,2019-09-06 19:04:37:211,0.6881,0.6411,9.7913,0.0046,0.0036,9.8066,-0.011,-0.0083,-0.0012,-10.75,-36.69,-9.31,307.28,-85.75,-94.51
52.417934,-1.545768,151.87,0,3,6.93,21 / 21,2910628,2019-09-06 19:04:37:310,0.6906,0.888,9.6815,0.0028,0.0046,9.8066,0.011,0.0134,0.0194,-10.87,-36.37,-9.37,306.85,-85.75,-95.13
52.417934,-1.545768,151.87,0,3,6.93,21 / 21,2910729,2019-09-06 19:04:37:411,0.3563,0.5073,9.9044,0.005,0.0029,9.8066,0.0026,-0.0288,-0.008,-10.87,-36.5,-9.56,303.09,-85.74,-95.89
52.417934,-1.545768,151.87,0,3,6.93,21 / 21,2910829,2019-09-06 19:04:37:511,0.3743,0.6933,9.9952,0.0065,0.0036,9.8066,-0.0173,-0.0134,-0.0187,-11.06,-36.75,-9.37,304.05,-85.7,-97.25
52.417934,-1.545768,151.87,0,3,6.93,21 / 21,2910928,2019-09-06 19:04:37:610,0.3006,0.6223,9.9571,0.0016,0.0037,9.8066,0.0199,0.0083,0.027,-10.69,-36.31,-9.87,300.55,-85.71,-98.1
52.417934,-1.545768,151.87,0,3,6.93,21 / 21,2911028,2019-09-06 19:04:37:710,0.7204,0.8835,9.7019,0.0055,0.0033,9.8066,0.0041,-0.0203,-0.0036,-11.06,-36.06,-9.56,299.64,-85.68,-98.88
52.417934,-1.545768,151.87,0,3,6.93,21 / 21,2911129,2019-09-06 19:04:37:811,0.6517,0.7634,9.6192,0.001,0.0021,9.8066,0.0009,-0.0029,-0.0055,-10.5,-36.5,-9.44,297.64,-85.64,-99.91
52.417934,-1.545768,151.87,0,3,6.93,21 / 21,2911228,2019-09-06 19:04:37:910,0.6587,0.6584,9.7375,0.0016,0.0041,9.8066,0.0121,0.0033,0.0236,-10.62,-36.37,-9.25,300.53,-85.65,-100.55
52.417934,-1.545768,151.87,0,3,6.93,21 / 21,2911329,2019-09-06 19:04:38:011,0.6407,0.8067,9.7575,0.005,0.0027,9.8066,0.0008,-0.0171,-0.0111,-11.56,-36.56,-9.19,302.85,-85.63,-101.09
52.417934,-1.545768,151.87,0,3,6.93,21 / 21,2911428,2019-09-06 19:04:38:110,0.4675,0.4842,9.8073,0.0021,0.0025,9.8066,0.0012,-0.0058,-0.0089,-11.19,-36.44,-9.62,295.79,-85.59,-102.2
52.417934,-1.545768,151.87,0,3,6.93,21 / 21,2911529,2019-09-06 19:04:38:211,0.3699,0.7183,9.9563,-0.0009,-0.001,9.8066,0.027,-0.0033,0.0247,-11.12,-36.5,-9.62,295.28,-85.59,-102.68
52.417934,-1.545768,151.87,0,3,6.93,21 / 21,2911628,2019-09-06 19:04:38:310,0.6571,0.8432,9.7644,0.0048,0.0013,9.8066,0.0012,-0.0161,-0.0103,-10.56,-36.5,-9.75,294.57,-85.56,-103.25
52.417934,-1.545768,151.87,0,3,6.93,21 / 21,2911728,2019-09-06 19:04:38:410,0.4113,0.5221,9.8393,0.0009,0.0032,9.8066,-0.0056,0.0052,0.0063,-11,-37.12,-9.94,293.14,-85.53,-104.21
52.417934,-1.545768,151.87,0,3,6.93,21 / 21,2911830,2019-09-06 19:04:38:512,0.2427,0.54,10.0334,0.0007,0.0008,9.8066,0.0269,-0.0057,0.0262,-10.81,-36.37,-9.12,296.06,-85.53,-104.35
52.417934,-1.545768,151.87,0,3,6.93,21 / 21,2911929,2019-09-06 19:04:38:611,0.2989,0.6345,9.9375,0.0051,0.0028,9.8066,-0.0129,-0.0118,-0.0177,-11.06,-35.75,-8.81,294.89,-85.47,-105.28
52.417934,-1.545768,151.87,0,3,6.93,21 / 21,2912029,2019-09-06 19:04:38:711,0.1313,0.4191,9.9604,0.0012,0.0029,9.8066,-0.013,0.0021,0.0005,-10.81,-36.12,-9.69,291.61,-85.46,-105.76
52.417934,-1.545768,151.87,0,3,6.93,21 / 21,2912129,2019-09-06 19:04:38:811,0.3708,0.6205,9.9296,0.0022,0.0035,9.8066,0.0132,0.0007,0.0146,-11.25,-35.94,-9.69,291.06,-85.45,-106.25
52.417934,-1.545768,151.87,0,3,6.93,21 / 21,2912229,2019-09-06 19:04:38:911,0.3166,0.6468,9.9712,0.0052,0.0017,9.8066,-0.0103,-0.0013,-0.0099,-10.56,-36.25,-9.31,293.1,-85.41,-106.78
52.417934,-1.545768,151.87,0,3,6.93,21 / 21,2912329,2019-09-06 19:04:39:011,0.4339,0.4988,9.7696,0.0012,0.0025,9.8066,-0.0045,-0.0096,0.0018,-10.94,-36.25,-9.69,289.48,-85.39,-107.58
52.417934,-1.545768,151.87,0,3,6.93,21 / 21,2912428,2019-09-06 19:04:39:110,0.1633,0.3987,10.0295,-0.0001,0.0015,9.8066,0.0267,0.0092,0.028,-11.12,-36.44,-9.81,289.2,-85.4,-107.87
52.417934,-1.545768,151.87,0,3,6.93,21 / 21,2912528,2019-09-06 19:04:39:210,0.671,0.7677,9.6621,0.0056,0.0032,9.8066,-0.0167,-0.0236,-0.0185,-11.25,-35.75,-9.31,290.78,-85.34,-108.74
52.417934,-1.545768,151.87,0,3,6.93,21 / 21,2912629,2019-09-06 19:04:39:311,0.2831,0.4873,9.8966,0.0014,0.0026,9.8066,-0.0039,-0.0224,-0.0109,-11.25,-36.31,-9.12,290.29,-85.32,-109.16
52.417934,-1.545768,151.87,0,3,6.93,21 / 21,2912728,2019-09-06 19:04:39:410,0.3736,0.7121,9.8398,0.0005,0.0037,9.8066,0.0201,0.0024,0.0315,-10.69,-36.31,-9.5,289.75,-85.33,-109.68
52.417934,-1.545768,151.87,0,3,6.93,21 / 21,2912828,2019-09-06 19:04:39:510,0.1875,0.3748,9.8904,0.0055,0.004,9.8066,-0.0054,-0.0205,-0.0099,-10.87,-36.31,-10,286.07,-85.29,-110.55
52.417934,-1.545768,151.87,0,3,6.93,21 / 21,2912929,2019-09-06 19:04:39:611,0.4405,0.7388,9.7764,-0.0002,0.0015,9.8066,-0.0103,0.0054,-0.0062,-11.12,-36.31,-9.56,285.25,-85.25,-111.25
52.417934,-1.545768,151.87,0,3,6.93,21 / 21,2913029,2019-09-06 19:04:39:711,0.3634,0.4481,9.7582,-0.0012,0.0023,9.8066,0.0187,0.005,0.0333,-11,-36.37,-9.94,285.13,-85.27,-111.41
52.417934,-1.545768,151.87,0,3,6.93,21 / 21,2913129,2019-09-06 19:04:39:811,0.5011,0.741,9.7515,0.0036,0.0015,9.8065,-0.0068,-0.0216,-0.0206,-10.87,-36.62,-9.94,284.13,-85.23,-111.94
52.417934,-1.545768,151.87,0,3,6.93,21 / 21,2913229,2019-09-06 19:04:39:911,0.2532,0.3864,9.8757,0.0004,0.0023,9.8066,0.0056,0.0126,0.0061,-11.12,-36.31,-9.75,283.96,-85.21,-112.38
52.417934,-1.545768,151.87,0,3,6.93,21 / 21,2913328,2019-09-06 19:04:40:010,0.1667,0.5865,10.0234,-0.0009,0.0008,9.8066,0.0308,-0.0087,0.0293,-11.37,-36.31,-9.37,286.06,-85.23,-112.9
52.417934,-1.545768,151.87,0,3,6.93,21 / 21,2913428,2019-09-06 19:04:40:110,0.0814,0.4528,9.9925,0.0038,0.0009,9.8066,-0.0011,-0.0204,-0.0157,-10.81,-36.12,-9.81,282.88,-85.2,-113.37
52.417934,-1.545768,151.87,0,3,6.93,21 / 21,2913528,2019-09-06 19:04:40:210,0.4747,0.669,9.7911,0.0011,0.005,9.8066,-0.002,0.0036,0.006,-10.87,-36.5,-9.56,281.99,-85.17,-114.16
52.417934,-1.545768,151.87,0,3,6.93,21 / 21,2913629,2019-09-06 19:04:40:311,0.5532,0.6648,9.6253,0.0009,0.0029,9.8066,0.0254,-0.0136,0.0247,-10.87,-36.56,-9.44,283.89,-85.19,-114.49
52.417934,-1.545768,151.87,0,3,6.93,21 / 21,2913729,2019-09-06 19:04:40:411,0.5015,0.5589,9.6917,0.003,0.0031,9.8066,-0.0258,-0.0048,-0.0219,-10.87,-36.5,-9.44,283.53,-85.16,-115.09
52.417934,-1.545768,151.87,0,3,6.93,21 / 21,2913829,2019-09-06 19:04:40:511,0.23,0.5947,9.9318,0,0.0021,9.8066,-0.0068,0.0069,-0.0011,-11.06,-36.25,-9.94,280.68,-85.15,-115.36
52.417934,-1.545768,151.87,0,3,6.93,21 / 21,2913929,2019-09-06 19:04:40:611,0.0835,0.2495,9.9951,0.0022,0.0023,9.8066,0.0154,-0.0014,0.0154,-11.56,-36.5,-9.5,286.39,-85.17,-115.47
52.417934,-1.545768,151.87,0,3,6.93,21 / 21,2914028,2019-09-06 19:04:40:710,0.1117,0.4775,9.9919,0.0062,0.0045,9.8066,-0.014,-0.0075,-0.0142,-10.5,-36.5,-9.25,278.76,-85.13,-116.19
52.417934,-1.545768,151.87,0,3,6.93,21 / 21,2914128,2019-09-06 19:04:40:810,0.3433,0.3987,9.7641,0,0.0032,9.8066,0.0009,-0.0056,0.0046,-10.94,-36.62,-9.75,278.47,-85.1,-117.06
52.417934,-1.545768,151.87,0,3,6.93,21 / 21,2914228,2019-09-06 19:04:40:910,0.4764,0.6359,9.7871,-0.0001,0.002,9.8066,0.023,0.0012,0.0253,-11.19,-35.87,-9.5,281.21,-85.12,-117.22
52.417934,-1.545768,151.87,0,3,6.93,21 / 21,2914328,2019-09-06 19:04:41:010,0.5445,0.6646,9.6722,0.0052,0.0036,9.8066,-0.0216,-0.017,-0.02,-11,-36.19,-9.62,277.85,-85.07,-117.89
52.417934,-1.545768,151.87,0,3,6.93,21 / 21,2914429,2019-09-06 19:04:41:111,0.5289,0.4982,9.7311,0.0014,0.0041,9.8066,-0.0132,-0.0119,-0.0074,-11.19,-36.56,-9.31,279.49,-85.05,-118.34
52.417934,-1.545768,151.87,0,3,6.93,21 / 21,2914529,2019-09-06 19:04:41:211,0.426,0.6392,9.7923,-0.0002,0.0014,9.8066,0.0299,0.0022,0.0293,-10.62,-36.5,-9.75,277.01,-85.07,-118.73
52.417934,-1.545768,151.87,0,3,6.93,21 / 21,2914628,2019-09-06 19:04:41:310,0.2948,0.4184,9.8185,0.0051,0.002,9.8066,-0.0151,-0.022,-0.0175,-11.06,-36.19,-10,276.32,-85.02,-119.29
52.417934,-1.545768,151.87,0,3,6.93,21 / 21,2914729,2019-09-06 19:04:41:411,0.219,0.4444,10.0007,-0.0019,0.0018,9.8066,0.0104,0.005,0.0067,-11.06,-36.19,-9.62,275.68,-85,-119.86
52.417934,-1.545768,151.87,0,3,6.93,21 / 21,2914829,2019-09-06 19:04:41:511,0.5289,0.7087,9.7687,-0.0018,0.0032,9.8065,0.0351,0.0042,0.0365,-10.87,-36.44,-9.62,275.35,-85.03,-120.24
52.417934,-1.545768,151.87,0,3,6.93,21 / 21,2914928,2019-09-06 19:04:41:610,-0.0617,0.2725,9.9941,0.0015,0.001,9.8066,-0.0165,-0.0122,-0.0291,-11.31,-36.44,-9.62,274.6,-84.97,-120.86
52.417934,-1.545768,151.87,0,3,6.93,21 / 21,2915030,2019-09-06 19:04:41:712,0.1848,0.5453,9.9818,-0.0029,0.0008,9.8066,0.0208,0.0031,0.0293,-10.5,-36.5,-9.62,270.81,-84.97,-121.24
52.417934,-1.545768,151.87,0,3,6.93,21 / 21,2915129,2019-09-06 19:04:41:811,0.2333,0.3221,9.7378,0.0049,0.0035,9.8065,-0.0004,-0.0008,0.0145,-11.12,-36.25,-9.87,273.22,-84.94,-122.14
52.417934,-1.545768,151.87,0,3,6.93,21 / 21,2915229,2019-09-06 19:04:41:911,0.3109,0.4931,9.8644,0.0032,0.0016,9.8066,-0.0282,-0.014,-0.0272,-10.87,-36.25,-9.69,272.73,-84.89,-122.49
52.417934,-1.545768,151.87,0,3,6.93,21 / 21,2915328,2019-09-06 19:04:42:010,0.2319,0.2504,9.9096,-0.0022,0.0028,9.8066,0.0225,0.0032,0.0241,-10.62,-36.06,-9.37,274.9,-84.92,-122.82
52.417934,-1.545768,151.87,0,3,6.93,21 / 21,2915430,2019-09-06 19:04:42:112,0.3276,0.3441,9.8135,0.0028,0.0016,9.8066,-0.0054,-0.0025,0.0113,-10.81,-36.25,-9.5,274.52,-84.9,-123.15
52.417934,-1.545768,151.87,0,3,6.93,21 / 21,2915528,2019-09-06 19:04:42:210,0.3864,0.5768,9.7642,0.0026,0.005,9.8066,-0.0049,-0.0125,-0.0089,-10.94,-36.37,-9.44,274.25,-84.86,-123.31
52.417934,-1.545768,151.87,0,3,6.93,21 / 21,2915629,2019-09-06 19:04:42:311,0.0382,0.3195,9.9614,-0.0004,0.001,9.8066,0.032,0.0019,0.02,-11.12,-36.25,-9.69,271.34,-84.86,-123.8
52.417934,-1.545768,151.87,0,3,6.93,21 / 21,2915728,2019-09-06 19:04:42:410,0.2477,0.4821,9.8172,0.0051,0.0033,9.8066,-0.0188,-0.0124,-0.0142,-11.19,-36.56,-9.56,270.12,-84.8,-124.51
52.417934,-1.545768,151.87,0,3,6.93,21 / 21,2915828,2019-09-06 19:04:42:510,0.2614,0.3356,9.745,0,0.004,9.8066,-0.0091,-0.0105,-0.0033,-10.62,-35.87,-10.37,270.09,-84.79,-124.87
52.417934,-1.545768,151.87,0,3,6.93,21 / 21,2915928,2019-09-06 19:04:42:610,0.3282,0.5055,9.8305,0.0015,0.0028,9.8066,0.0239,-0.0027,0.0194,-10.75,-36.37,-9.94,269.92,-84.8,-125.07
52.417934,-1.545768,151.87,0,3,6.93,21 / 21,2916029,2019-09-06 19:04:42:711,0.1156,0.2018,9.9394,0.0058,0.0053,9.8065,-0.0168,-0.005,-0.017,-10.81,-36.75,-9.81,268.69,-84.73,-125.77
52.417934,-1.545768,151.87,0,3,6.93,21 / 21,2916129,2019-09-06 19:04:42:811,0.0668,0.3634,9.9883,-0.0017,0.0005,9.8066,0.0301,0.003,0.0165,-10.94,-36.12,-9.87,268.74,-84.74,-126.12
52.417934,-1.545768,151.87,0,3,6.93,21 / 21,2916231,2019-09-06 19:04:42:913,0.2928,0.3779,9.7563,-0.0008,0.0001,9.8066,0.0226,-0.006,0.0149,-11.37,-36.25,-9.56,268.38,-84.73,-126.44
52.417934,-1.545768,151.87,0,3,6.93,21 / 21,2916329,2019-09-06 19:04:43:011,0.4216,0.5739,9.7318,0.0021,0.0029,9.8066,-0.0178,-0.0019,-0.0157,-10.94,-36.56,-9.62,267.27,-84.67,-127.05
52.417934,-1.545768,151.87,0,3,6.93,21 / 21,2916429,2019-09-06 19:04:43:111,0.2532,0.4738,9.7955,-0.0015,0.0009,9.8066,0.0139,-0.0051,0.0264,-10.81,-36.5,-9.69,267.53,-84.68,-127.19
52.417934,-1.545768,151.87,0,3,6.93,21 / 21,2916529,2019-09-06 19:04:43:211,0.1276,0.2284,9.9668,0.0044,0.0042,9.8066,-0.0333,-0.0076,-0.0103,-11.25,-35.94,-9.56,267.19,-84.66,-127.49
52.417934,-1.545768,151.87,0,3,6.93,21 / 21,2916628,2019-09-06 19:04:43:310,0.1941,0.3593,9.9031,0.0007,0.0032,9.8066,-0.0136,-0.0039,-0.0146,-10.56,-36.5,-9.75,266.94,-84.65,-127.71
52.417934,-1.545768,151.87,0,3,6.93,21 / 21,2916729,2019-09-06 19:04:43:411,-0.0294,0.0572,9.9867,0.0001,0.0031,9.8066,0.0232,-0.0105,0.0205,-11.19,-35.94,-9.5,268.84,-84.66,-128.17
52.417934,-1.545768,151.87,0,3,6.93,21 / 21,2916829,2019-09-06 19:04:43:511,-0.0262,0.3102,9.9868,0.0051,0.0026,9.8066,-0.0205,-0.0021,-0.0187,-10.69,-36.06,-9.75,266.18,-84.61,-128.4
52.417934,-1.545768,151.87,0,3,6.93,21 / 21,2916929,2019-09-06 19:04:43:611,0.4174,0.3562,9.7435,-0.0001,0.0042,9.8066,0.0045,-0.0008,0.0178,-10.75,-36.56,-9.44,267.79,-84.6,-128.7
52.417934,-1.545768,151.87,0,3,6.93,21 / 21,2917029,2019-09-06 19:04:43:711,0.4877,0.5581,9.6426,0.0007,0.0012,9.8066,0.0227,-0.0156,0.0155,-10.87,-36.12,-10,265.71,-84.61,-128.87
52.417934,-1.545768,151.87,0,3,6.93,21 / 21,2917128,2019-09-06 19:04:43:810,0.3146,0.2868,9.7487,0.0009,0.0034,9.8066,-0.0141,0.0027,-0.0165,-10.94,-35.87,-9.25,267.49,-84.56,-129.3
52.417934,-1.545768,151.87,0,3,6.93,21 / 21,2917228,2019-09-06 19:04:43:910,-0.0272,0.2899,9.9479,-0.0032,0.0018,9.8066,0.014,-0.0037,0.0218,-10.81,-36.69,-9.94,264.65,-84.59,-129.53
52.417934,-1.545768,151.87,0,3,6.93,21 / 21,2917329,2019-09-06 19:04:44:011,-0.036,0.1671,9.9339,0.0003,-0.0012,9.8066,-0.0075,-0.0261,-0.01,-11,-36.75,-9.31,267.03,-84.59,-129.45
52.417934,-1.545768,151.87,0,3,6.93,21 / 21,2917430,2019-09-06 19:04:44:112,0.1591,0.3946,9.85,0.0002,0.0007,9.8066,-0.0123,-0.0019,-0.0119,-11.25,-36.37,-9.19,267.35,-84.57,-129.46
52.417934,-1.545768,151.87,0,3,6.93,21 / 21,2917529,2019-09-06 19:04:44:211,0.3319,0.3291,9.7053,-0.0015,0.0005,9.8066,0.0181,-0.0026,0.021,-11.25,-36.87,-9.81,264.54,-84.59,-129.65
52.417934,-1.545768,151.87,0,3,6.93,21 / 21,2917628,2019-09-06 19:04:44:310,0.4751,0.5617,9.7519,0.0022,-0.0008,9.8066,-0.0025,-0.0206,-0.0143,-10.56,-36.25,-9.69,264.66,-84.56,-129.81
52.417934,-1.545768,151.87,0,3,6.93,21 / 21,2917729,2019-09-06 19:04:44:411,0.31,0.2635,9.7594,-0.0013,0.0032,9.8066,0.012,0.0116,0.0137,-10.87,-36.69,-9.56,263.78,-84.54,-130.28
52.417934,-1.545768,151.87,0,3,6.93,21 / 21,2917829,2019-09-06 19:04:44:511,0.2363,0.3582,9.9052,0.0022,0.0016,9.8066,0.0069,0.0037,0.0202,-10.81,-36.44,-8.75,266.24,-84.53,-130.49
52.417934,-1.545768,151.87,0,3,6.93,21 / 21,2917929,2019-09-06 19:04:44:611,0.0189,0.1912,9.8572,0.0026,0.0026,9.8066,-0.0272,-0.0132,-0.0209,-10.62,-36.12,-10.06,263.98,-84.51,-130.39
52.417934,-1.545768,151.87,0,3,6.93,21 / 21,2918028,2019-09-06 19:04:44:710,0.1831,0.3403,9.8547,-0.0007,0.0028,9.8066,0.0171,0.0099,0.0188,-10.62,-36.12,-9.56,263.76,-84.51,-130.63
52.417934,-1.545768,151.87,0,3,6.93,21 / 21,2918129,2019-09-06 19:04:44:811,0.2542,0.4478,9.7081,0.0025,0.0001,9.8066,-0.0127,-0.0156,-0.006,-10.87,-36.62,-9.87,263.18,-84.5,-130.81
52.417934,-1.545768,151.87,0,3,6.93,21 / 21,2918229,2019-09-06 19:04:44:911,0.0598,0.2837,9.9918,0.0011,0.0022,9.8066,-0.0195,-0.0141,-0.0108,-11.06,-36.5,-9.69,263.33,-84.47,-130.96
52.417934,-1.545768,151.87,0,3,6.93,21 / 21,2918332,2019-09-06 19:04:45:014,0.1509,0.3342,9.9415,0.0002,0.0032,9.8066,0.0262,0.0062,0.0257,-11.12,-35.87,-9.5,265.29,-84.48,-131.32
52.417934,-1.545768,151.87,0,3,6.93,21 / 21,2918429,2019-09-06 19:04:45:111,0.0172,0.1785,9.8919,0.0026,0.0006,9.8065,-0.0153,-0.0157,-0.0283,-10.87,-36.06,-9.69,262.94,-84.45,-131.32
52.417934,-1.545768,151.87,0,3,6.93,21 / 21,2918529,2019-09-06 19:04:45:211,0.291,0.3884,9.8069,-0.0009,0.0024,9.8066,-0.0036,-0.0035,0.0048,-11.19,-36.06,-9.12,264.97,-84.43,-131.52
52.417934,-1.545768,151.87,0,3,6.93,21 / 21,2918629,2019-09-06 19:04:45:311,0.2472,0.2024,9.7522,-0.0004,0.0015,9.8065,0.0215,-0.0017,0.0267,-10.81,-36.12,-9.81,262.39,-84.44,-131.86
52.417934,-1.545768,151.87,0,3,6.93,21 / 21,2918729,2019-09-06 19:04:45:411,0.2076,0.2945,9.8736,0.001,-0.0015,9.8066,0.0042,-0.0142,-0.0105,-10.37,-36,-10.12,258.99,-84.41,-131.91
52.417934,-1.545768,151.87,0,3,6.93,21 / 21,2918828,2019-09-06 19:04:45:510,0.2942,0.3927,9.7389,0.0013,0.0033,9.8066,-0.0204,-0.0039,-0.0146,-11,-35.75,-9.69,262,-84.39,-132.14
52.417934,-1.545768,151.87,0,3,6.93,21 / 21,2918928,2019-09-06 19:04:45:610,0.0135,0.1715,9.8844,-0.0036,-0.0031,9.8066,0.0366,-0.0051,0.0245,-10.94,-36.25,-9.75,261.89,-84.42,-132.33
52.417934,-1.545768,151.87,0,3,6.93,21 / 21,2919028,2019-09-06 19:04:45:710,0.0912,0.3164,9.8723,-0.0002,-0.0011,9.8066,0.0161,-0.0002,0.0074,-11.06,-36.25,-9.5,263.96,-84.4,-132.48
52.417934,-1.545768,151.87,0,3,6.93,21 / 21,2919130,2019-09-06 19:04:45:812,0.375,0.4028,9.7482,0.0013,0.0012,9.8066,-0.0192,-0.0076,-0.022,-11.37,-36.12,-9.5,263.75,-84.36,-132.6
52.417934,-1.545768,151.87,0,3,6.93,21 / 21,2919228,2019-09-06 19:04:45:910,0.0199,0.1131,10.0091,-0.0029,0.0004,9.8066,0.021,-0.0019,0.0175,-11.44,-36.12,-9.81,261.33,-84.39,-132.83
52.417934,-1.545768,151.87,0,3,6.93,21 / 21,2919329,2019-09-06 19:04:46:011,-0.0658,0.2122,9.9723,0.0025,0.0003,9.8066,0,-0.0039,-0.0066,-10.75,-36.19,-9.62,261.14,-84.38,-133
52.417934,-1.545768,151.87,0,3,6.93,21 / 21,2919428,2019-09-06 19:04:46:110,-0.0435,0.2105,9.9227,0.0011,0.0005,9.8066,-0.0246,-0.025,-0.0237,-10.25,-36,-9.69,257.54,-84.34,-133.27
52.417934,-1.545768,151.87,0,3,6.93,21 / 21,2919528,2019-09-06 19:04:46:210,0.1099,0.2386,9.908,-0.0003,0.0024,9.8066,0.0186,0.0136,0.0217,-10.87,-35.44,-10.25,260.93,-84.35,-133.55
52.417934,-1.545768,151.87,0,3,6.93,21 / 21,2919628,2019-09-06 19:04:46:310,0.2961,0.4203,9.7783,0.0022,0.0012,9.8066,0.0113,0.0025,0.0079,-11.06,-36.44,-10.75,258.39,-84.34,-133.7
52.417934,-1.545768,151.87,0,3,6.93,21 / 21,2919728,2019-09-06 19:04:46:410,0.1952,0.1584,9.8028,0.0026,0.0029,9.8066,-0.0233,-0.0201,-0.0223,-10.69,-36.12,-9.5,262.51,-84.32,-133.76
52.417934,-1.545768,151.87,0,3,6.93,21 / 21,2919829,2019-09-06 19:04:46:511,0.3428,0.3598,9.7006,-0.0011,0.0032,9.8066,0.0017,0.0144,0.0182,-10.69,-35.94,-9.12,262.15,-84.32,-134.15
52.417934,-1.545768,151.87,0,3,6.93,21 / 21,2919930,2019-09-06 19:04:46:612,-0.0375,-0.0035,9.9818,0.0033,0.0011,9.8066,0.0027,-0.021,-0.0017,-11.12,-36.37,-9.75,259.67,-84.3,-134.36
52.417934,-1.545768,151.87,0,3,6.93,21 / 21,2920029,2019-09-06 19:04:46:711,-0.1107,0.1711,10.0161,0.0027,0.002,9.8066,-0.0002,-0.0007,-0.0043,-10.87,-36.44,-9.94,259.49,-84.26,-134.44
52.417934,-1.545768,151.87,0,3,6.93,21 / 21,2920129,2019-09-06 19:04:46:811,-0.1895,0.0386,10.0185,-0.0021,0.002,9.8066,0.0284,0.0094,0.0339,-11,-36.56,-9.81,258.96,-84.3,-134.7
52.417934,-1.545768,151.87,0,3,6.93,21 / 21,2920229,2019-09-06 19:04:46:911,0.4198,0.4193,9.6339,0.0045,0.0019,9.8066,-0.0142,-0.0193,-0.0058,-10.62,-36.06,-9.37,261.42,-84.26,-134.75
52.417934,-1.545768,151.87,0,3,6.93,21 / 21,2920329,2019-09-06 19:04:47:011,0.3055,0.2042,9.7499,-0.0047,-0.0031,9.8066,0.0116,0.0017,0.0054,-10.94,-36.62,-10,258.68,-84.23,-134.82
52.417934,-1.545768,151.87,0,3,6.93,21 / 21,2920429,2019-09-06 19:04:47:111,0.4145,0.3564,9.7482,-0.0031,0.0002,9.8066,0.0326,0.001,0.0277,-10.56,-36.5,-9.19,261.4,-84.28,-134.83
52.417934,-1.545768,151.87,0,3,6.93,21 / 21,2920528,2019-09-06 19:04:47:210,-0.1649,-0.0205,9.9742,0.0034,0.0014,9.8066,-0.0305,-0.0123,-0.0229,-10.87,-36.19,-9.5,261.08,-84.22,-135.02
52.417934,-1.545768,151.87,0,3,6.93,21 / 21,2920628,2019-09-06 19:04:47:310,0.0474,0.2235,9.9959,-0.0024,-0.0012,9.8066,0.0215,-0.0115,0.0103,-10.94,-36.37,-9.25,261.11,-84.24,-135.03
52.417934,-1.545768,151.87,0,3,6.93,21 / 21,2920728,2019-09-06 19:04:47:410,-0.0864,0.1271,9.8924,0.0024,0.0004,9.8066,-0.0073,0.0021,-0.0013,-10.94,-36.37,-9.62,258.74,-84.23,-135.16
52.417934,-1.545768,151.87,0,3,6.93,21 / 21,2920829,2019-09-06 19:04:47:511,0.3402,0.4107,9.7971,0.0008,0.0008,9.8066,0.0015,-0.0099,-0.0004,-11.37,-35.87,-9.87,258.56,-84.21,-135.3
52.417934,-1.545768,151.87,0,3,6.93,21 / 21,2920928,2019-09-06 19:04:47:610,0.2844,0.198,9.7543,0.0011,0.0024,9.8066,0.0186,-0.0096,0.0175,-11.25,-36.56,-9.94,258.21,-84.24,-135.34
52.417934,-1.545768,151.87,0,3,6.93,21 / 21,2921028,2019-09-06 19:04:47:710,0.0642,0.1465,9.9318,0.0032,0.003,9.8066,-0.0172,0.005,-0.014,-11.06,-35.87,-9.81,258.26,-84.21,-135.61
52.417934,-1.545768,151.87,0,3,6.93,21 / 21,2921129,2019-09-06 19:04:47:811,0.1004,0.2446,9.8885,-0.001,0.0009,9.8066,0.007,-0.0082,0.0077,-10.94,-35.56,-9.69,258.03,-84.21,-135.85
52.417934,-1.545768,151.87,0,3,6.93,21 / 21,2921229,2019-09-06 19:04:47:911,0.3031,0.234,9.7221,-0.0001,0.0018,9.8065,0.0213,-0.008,0.0166,-10.44,-36.56,-10,254.32,-84.21,-135.96
52.417934,-1.545768,151.87,0,3,6.93,21 / 21,2921329,2019-09-06 19:04:48:011,-0.0297,-0.0433,9.9756,0.0028,0.0026,9.8066,-0.0157,-0.0012,-0.0128,-10.87,-36.31,-9.94,257.55,-84.16,-136.24
52.417934,-1.545768,151.87,0,3,6.93,20 / 21,2921430,2019-09-06 19:04:48:112,-0.0519,0.168,9.97,-0.0016,0.0016,9.8066,0.0211,-0.0055,0.0151,-11,-36.5,-9.69,257.47,-84.16,-136.35
52.417934,-1.545768,151.87,0,3,6.93,20 / 21,2921529,2019-09-06 19:04:48:211,-0.1496,-0.0344,9.9481,0.0015,0.0007,9.8066,0.0084,-0.0085,0.0051,-10.94,-36.87,-9.5,259.2,-84.17,-136.45
52.417934,-1.545768,151.87,0,3,6.93,20 / 21,2921628,2019-09-06 19:04:48:310,0.1235,0.3338,9.9117,0.0004,0.0004,9.8066,-0.0086,-0.0014,-0.0077,-10.69,-36.87,-9.75,256.89,-84.15,-136.53
52.417934,-1.545768,151.87,0,3,6.93,20 / 21,2921729,2019-09-06 19:04:48:411,0.2388,0.1461,9.7462,-0.0036,-0.0019,9.8066,0.0231,-0.0099,0.0163,-10.62,-35.94,-9.56,257.25,-84.17,-136.59
52.417934,-1.545768,151.87,0,3,6.93,20 / 21,2921828,2019-09-06 19:04:48:510,0.326,0.4162,9.7966,0.0009,-0.0011,9.8066,0.0088,-0.0113,0.0016,-11.12,-36.12,-10.06,257.13,-84.15,-136.67
52.417934,-1.545768,151.87,0,3,6.93,20 / 21,2921929,2019-09-06 19:04:48:611,0.2297,0.1084,9.802,0.002,0.0029,9.8066,-0.0145,0.0141,-0.0044,-11,-36.19,-9.5,259.14,-84.12,-136.79
52.417934,-1.545768,151.87,0,3,6.93,20 / 21,2922028,2019-09-06 19:04:48:710,0.105,0.3365,9.9273,-0.002,-0.0014,9.8066,0.027,-0.0035,0.0221,-11,-35.75,-9.69,256.91,-84.14,-136.86
52.417934,-1.545768,151.87,0,3,6.93,20 / 21,2922129,2019-09-06 19:04:48:811,-0.0256,-0.0069,9.849,0.0028,0.0027,9.8066,-0.0179,-0.0038,-0.0156,-10.62,-36.19,-9.87,256.69,-84.1,-137.01
52.417934,-1.545768,151.87,0,3,6.93,20 / 21,2922228,2019-09-06 19:04:48:910,0.0989,0.1903,9.8189,0.0002,0.0018,9.8066,-0.0222,0.0106,-0.0023,-10.87,-36.5,-9.75,256.52,-84.09,-137.17
52.417934,-1.545768,151.87,0,3,6.93,20 / 21,2922328,2019-09-06 19:04:49:010,0.1957,0.1242,9.7959,0.0012,0.0015,9.8066,0.0123,-0.0054,0.0148,-10.94,-36.37,-9.94,256.49,-84.11,-137.25
52.417934,-1.545768,151.87,0,3,6.93,20 / 20,2922429,2019-09-06 19:04:49:111,0.0484,0.1606,9.9574,0.0031,0.002,9.8066,-0.0203,-0.0113,-0.0211,-11.31,-36.44,-9.81,256.41,-84.09,-137.28
52.417934,-1.545768,151.87,0,3,6.93,20 / 20,2922529,2019-09-06 19:04:49:211,0.0679,0.2344,9.9029,-0.0026,0.0003,9.8066,0.0026,-0.0002,0.0136,-11.06,-36.25,-9.87,256.21,-84.08,-137.48
52.417934,-1.545768,151.87,0,3,6.93,20 / 20,2922628,2019-09-06 19:04:49:310,-0.0323,0.0817,9.9388,-0.0003,0.0008,9.8066,0.023,-0.0027,0.0234,-10.75,-36.25,-10.06,256.2,-84.11,-137.56
52.417934,-1.545768,151.87,0,3,6.93,20 / 20,2922728,2019-09-06 19:04:49:410,0.2711,0.3588,9.7566,0.0013,0.0006,9.8066,-0.0236,-0.0122,-0.0239,-11.12,-35.81,-10.06,256.15,-84.08,-137.54
52.417934,-1.545768,151.87,0,3,6.93,20 / 20,2922828,2019-09-06 19:04:49:510,0.1751,0.0424,9.7675,-0.0018,0.0019,9.8066,0.0007,-0.0003,0.0079,-11,-36.19,-9.69,256.06,-84.08,-137.65
52.417934,-1.545768,151.87,0,3,6.93,20 / 20,2922929,2019-09-06 19:04:49:611,0.1834,0.3124,9.8437,-0.0002,0.0008,9.8066,0.0231,0.0006,0.0196,-11.12,-36.69,-9.75,255.54,-84.1,-137.83
52.417934,-1.545768,151.87,0,3,6.93,20 / 20,2923029,2019-09-06 19:04:49:711,-0.0141,0.0089,9.8498,0.0056,0.0025,9.8066,-0.0319,-0.0156,-0.027,-11.06,-36.81,-9.12,257.53,-84.04,-137.86
52.417934,-1.545768,151.87,0,3,6.93,20 / 20,2923129,2019-09-06 19:04:49:811,-0.0368,0.1448,10.0078,-0.0046,-0.0027,9.8066,0.0225,0.0035,0.0193,-11.12,-36.37,-9.87,255.65,-84.04,-137.97
52.417934,-1.545768,151.87,0,3,6.93,20 / 20,2923228,2019-09-06 19:04:49:910,0.2042,0.2058,9.8234,-0.0011,-0.0014,9.8066,0.0242,0.0079,0.0261,-10.62,-36.87,-9.62,255.43,-84.08,-137.91
52.417934,-1.545768,151.87,0,3,6.93,20 / 20,2923329,2019-09-06 19:04:50:011,0.0132,0.1159,9.9131,0.002,0.0001,9.8066,-0.0067,-0.029,-0.0327,-11.06,-35.94,-9.81,255.72,-84.03,-137.88
52.417934,-1.545768,151.87,0,3,6.93,20 / 21,2923429,2019-09-06 19:04:50:111,0.3546,0.2816,9.7166,-0.0027,0.0012,9.8066,0.0136,0.0023,0.0035,-11.19,-35.56,-9.56,255.51,-84.03,-138.11
52.417934,-1.545768,151.87,0,3,6.93,20 / 21,2923528,2019-09-06 19:04:50:210,0.0762,0.0557,9.8212,0.0012,0.0005,9.8066,0.0086,-0.0018,0.0239,-11,-36.25,-9.62,255.32,-84.04,-138.32
52.417934,-1.545768,151.87,0,3,6.93,20 / 21,2923629,2019-09-06 19:04:50:311,0.0723,0.218,9.8666,0.0042,0.0013,9.8066,-0.0229,-0.0174,-0.0217,-11.19,-36.12,-9.81,255.27,-83.99,-138.27
52.417934,-1.545768,151.87,0,3,6.93,20 / 21,2923728,2019-09-06 19:04:50:410,0.0235,-0.0429,9.842,-0.003,-0.0011,9.8066,0.0088,0.0071,0.0103,-10.81,-35.56,-9.75,255.22,-83.98,-138.29
52.417934,-1.545768,151.87,0,3,6.93,20 / 21,2923829,2019-09-06 19:04:50:511,0.0272,0.2111,9.9479,-0.0021,-0.0015,9.8066,0.0269,-0.0033,0.023,-10.94,-36.31,-9.81,255.22,-84,-138.35
52.417934,-1.545768,151.87,0,3,6.93,20 / 21,2923929,2019-09-06 19:04:50:611,0.1071,0.0634,9.8284,0.0046,0.0043,9.8066,-0.027,-0.0123,-0.0235,-11.12,-36.25,-9.5,257.13,-83.95,-138.47
52.417934,-1.545768,151.87,0,3,6.93,20 / 21,2924028,2019-09-06 19:04:50:710,0.1307,0.2797,9.8275,-0.0001,0.0014,9.8066,-0.0092,0.0053,-0.0015,-10.5,-36.37,-10.06,251.78,-83.96,-138.49
52.417934,-1.545768,151.87,0,3,6.93,20 / 21,2924129,2019-09-06 19:04:50:811,0.091,0.0328,9.8395,0.0033,0.002,9.8066,0.0017,-0.0112,0.0123,-11.19,-35.94,-9.62,254.92,-83.97,-138.58
52.417934,-1.545768,151.87,0,3,6.93,20 / 21,2924229,2019-09-06 19:04:50:911,0.0932,0.1782,9.963,0.0034,0.0018,9.8066,-0.0185,-0.0078,-0.0203,-11.37,-36.19,-10.06,254.87,-83.94,-138.57
52.417934,-1.545768,151.87,0,3,6.93,20 / 21,2924328,2019-09-06 19:04:51:010,-0.0321,0.1741,9.9256,-0.0032,0.0002,9.8066,0.0162,-0.002,0.0231,-11,-36.94,-9.56,254.33,-83.93,-138.71
52.417934,-1.545768,151.87,0,3,6.93,20 / 20,2924428,2019-09-06 19:04:51:110,0.1003,0.2171,9.8664,0.0017,0.0011,9.8066,0.0203,-0.0084,0.0149,-10.44,-36.75,-9.87,251.09,-83.94,-138.8
52.417934,-1.545768,151.87,0,3,6.93,20 / 20,2924528,2019-09-06 19:04:51:210,0.3247,0.3975,9.6734,0.0013,0.0019,9.8065,-0.0275,0.002,-0.016,-11.37,-36.56,-9.62,254.08,-83.9,-138.91
52.417934,-1.545768,151.87,0,3,6.93,20 / 20,2924628,2019-09-06 19:04:51:310,0.3126,0.1192,9.757,-0.0011,0.0015,9.8066,0.0174,-0.0043,0.0202,-11.31,-36.06,-9.56,254.5,-83.92,-138.92
52.417934,-1.545768,151.87,0,3,6.93,20 / 20,2924729,2019-09-06 19:04:51:411,0.0684,0.232,9.8722,0.0002,-0.0021,9.8066,0.0179,-0.0076,-0.0018,-11.31,-36.44,-9.25,256.6,-83.92,-138.97
52.417934,-1.545768,151.87,0,3,6.93,20 / 20,2924829,2019-09-06 19:04:51:511,-0.1528,-0.1562,9.9399,0.0026,0.0009,9.8066,-0.0173,-0.0028,-0.0123,-11.19,-36.19,-9.25,256.52,-83.88,-138.96
52.417934,-1.545768,151.87,0,3,6.93,20 / 20,2924928,2019-09-06 19:04:51:610,-0.0794,0.1116,10.0246,-0.0029,-0.0011,9.8066,0.0308,0.0015,0.0234,-10.81,-36.44,-9.37,256.5,-83.9,-139.04
52.417934,-1.545768,151.87,0,3,6.93,20 / 20,2925028,2019-09-06 19:04:51:710,0.2498,0.0779,9.7839,-0.0006,-0.0004,9.8066,0.0318,-0.006,0.0134,-11,-36.12,-9.75,254.27,-83.9,-139.13
52.417934,-1.545768,151.87,0,3,6.93,20 / 20,2925129,2019-09-06 19:04:51:811,0.2831,0.2667,9.7903,0.0005,0.0015,9.8066,-0.0221,-0.0253,-0.0167,-11.06,-36.19,-9.75,254,-83.85,-139.3
52.417934,-1.545768,151.87,0,3,6.93,20 / 20,2925229,2019-09-06 19:04:51:911,0.2539,0.3663,9.7251,-0.0017,0.0009,9.8066,0.0169,0.0053,0.0168,-11.25,-36.06,-10,253.96,-83.87,-139.39
52.417934,-1.545768,151.87,0,3,6.93,20 / 20,2925330,2019-09-06 19:04:52:012,-0.1003,-0.0655,9.8936,0.0017,-0.0007,9.8066,0.0019,-0.0066,0.003,-11.19,-36,-10.31,253.87,-83.87,-139.47
52.417934,-1.545768,151.87,0,3,6.93,20 / 20,2925429,2019-09-06 19:04:52:111,0.1095,0.2062,9.83,0.0008,0,9.8066,-0.0019,-0.0202,-0.0171,-11,-36.5,-10.06,253.85,-83.83,-139.42
52.417934,-1.545768,151.87,0,3,6.93,20 / 20,2925529,2019-09-06 19:04:52:211,0.0859,0.0489,9.8109,-0.0009,0.0013,9.8066,-0.0024,0.0057,0.002,-11.37,-35.94,-9.37,255.79,-83.83,-139.62
52.417934,-1.545768,151.87,0,3,6.93,20 / 20,2925631,2019-09-06 19:04:52:313,0.056,0.1655,9.9969,0.0013,0.0015,9.8066,0.0116,-0.0087,0.0163,-11,-36,-9.31,255.79,-83.86,-139.69
52.417934,-1.545768,151.87,0,3,6.93,20 / 20,2925728,2019-09-06 19:04:52:410,0.0307,0.0651,9.8765,0.0056,0.0028,9.8066,-0.0306,-0.0039,-0.0274,-10.62,-36.69,-9.5,255.31,-83.82,-139.67
52.417934,-1.545768,151.87,0,3,6.93,20 / 20,2925829,2019-09-06 19:04:52:511,0.0654,0.0706,9.8583,-0.0003,0.001,9.8065,-0.0188,-0.0016,-0.0013,-11.12,-36,-9.62,253.43,-83.81,-139.82
52.417934,-1.545768,151.87,0,3,6.93,20 / 20,2925929,2019-09-06 19:04:52:611,0.2391,0.1979,9.7378,0.0004,-0.0007,9.8066,0.0266,-0.0015,0.023,-11.12,-36.25,-10.12,253.34,-83.83,-139.96
52.417934,-1.545768,151.87,0,3,6.93,20 / 20,2926028,2019-09-06 19:04:52:710,-0.0355,0.0103,9.8794,0.0036,0.0009,9.8066,-0.0162,-0.0001,-0.0163,-11.19,-36.31,-9.44,255.42,-83.8,-139.94
52.417934,-1.545768,151.87,0,3,6.93,20 / 20,2926129,2019-09-06 19:04:52:811,0.1658,0.2455,9.8362,0.0006,0.0029,9.8066,-0.0078,-0.0079,0.0012,-10.81,-36.56,-9.62,252.74,-83.77,-140.06
52.417934,-1.545768,151.87,0,3,6.93,20 / 20,2926229,2019-09-06 19:04:52:911,-0.1723,-0.1428,9.9589,-0.0012,0.0011,9.8066,0.0257,0.0105,0.0338,-10.69,-36.37,-10.12,253.12,-83.8,-140.13
52.417934,-1.545768,151.87,0,3,6.93,20 / 20,2926328,2019-09-06 19:04:53:010,0.1146,0.2372,9.9075,0.0042,0.0023,9.8066,-0.0166,-0.0233,-0.0221,-10.87,-36.25,-10.19,253.07,-83.77,-140.12
52.417934,-1.545768,151.87,0,3,6.93,20 / 21,2926429,2019-09-06 19:04:53:111,0.0961,0.0806,9.8272,0.0008,0.0034,9.8066,-0.0188,-0.008,-0.0114,-11.12,-36.19,-9.69,252.82,-83.73,-140.3
52.417934,-1.545768,151.87,0,3,6.93,20 / 21,2926529,2019-09-06 19:04:53:211,0.2383,0.2011,9.8455,0.0001,0.001,9.8066,0.0145,0.0082,0.0327,-10.75,-36.12,-10.06,252.78,-83.76,-140.41
52.417934,-1.545768,151.87,0,3,6.93,20 / 21,2926629,2019-09-06 19:04:53:311,0.2332,0.2408,9.7142,0.0037,0.0008,9.8066,-0.0062,-0.0254,-0.0167,-10.87,-36.25,-9.69,252.8,-83.73,-140.31
52.417934,-1.545768,151.87,0,3,6.93,20 / 21,2926729,2019-09-06 19:04:53:411,-0.0696,-0.0562,9.8955,-0.0038,-0.0018,9.8066,0.0101,0.0022,0.0055,-11.06,-36,-9.62,252.69,-83.73,-140.42
52.417934,-1.545768,151.87,0,3,6.93,20 / 21,2926829,2019-09-06 19:04:53:511,0.2388,0.1044,9.8038,-0.001,0.0015,9.8066,0.0158,-0.0009,0.0283,-10.94,-36.75,-9.31,254.28,-83.73,-140.56
52.417934,-1.545768,151.87,0,3,6.93,20 / 21,2926929,2019-09-06 19:04:53:611,-0.1022,0.0913,9.9296,0.0025,0.0008,9.8066,-0.003,-0.013,-0.0144,-10.94,-35.94,-10,252.61,-83.72,-140.49
52.417934,-1.545768,151.87,0,3,6.93,20 / 21,2927028,2019-09-06 19:04:53:710,-0.0942,-0.1224,9.9471,0.0003,0.0006,9.8066,-0.0056,-0.0087,-0.012,-11.06,-36.19,-9.81,252.49,-83.69,-140.55
52.417934,-1.545768,151.87,0,3,6.93,20 / 21,2927128,2019-09-06 19:04:53:810,-0.115,0.0671,10.0153,-0.0036,-0.0025,9.8066,0.0281,-0.0003,0.0234,-11,-36.81,-9.75,252.13,-83.72,-140.59
52.417934,-1.545768,151.87,0,3,6.93,20 / 21,2927229,2019-09-06 19:04:53:911,0.1546,-0.0434,9.7678,0.0018,-0.0006,9.8066,-0.0093,-0.005,-0.011,-10.75,-36.69,-9.37,254.18,-83.7,-140.58
52.417934,-1.545768,151.87,0,3,6.93,20 / 21,2927329,2019-09-06 19:04:54:011,0.191,0.1581,9.831,0.0012,0.0018,9.8066,-0.0249,-0.0156,-0.02,-10.5,-36.19,-9.94,249.13,-83.65,-140.66
52.417934,-1.545768,151.87,0,3,6.93,20 / 21,2927429,2019-09-06 19:04:54:111,0.3483,0.3502,9.6972,-0.0034,-0.001,9.8066,0.0268,0.0082,0.0261,-11.19,-36.25,-9.81,252.29,-83.68,-140.74
52.417934,-1.545768,151.87,0,3,6.93,20 / 21,2927528,2019-09-06 19:04:54:210,-0.0814,0.0131,9.9325,0.0015,-0.0017,9.8066,0.0043,-0.0094,-0.0007,-10.81,-36.62,-9.94,251.82,-83.68,-140.83
52.417934,-1.545768,151.87,0,3,6.93,20 / 21,2927629,2019-09-06 19:04:54:311,-0.0381,0.1506,9.9001,0.0015,-0.0006,9.8066,-0.0157,-0.0224,-0.0247,-10.62,-36.44,-9.5,254.38,-83.65,-140.67
52.417934,-1.545768,151.87,0,3,6.93,20 / 21,2927728,2019-09-06 19:04:54:410,-0.092,-0.1226,9.9156,-0.0014,0.0026,9.8066,-0.0025,0.0205,0.0217,-10.87,-36.31,-10.06,252.16,-83.66,-140.83
52.417934,-1.545768,151.87,0,3,6.93,20 / 21,2927828,2019-09-06 19:04:54:510,0.1679,0.2198,9.8102,0.0003,-0.0007,9.8066,0.0248,-0.0081,0.016,-10.69,-36.25,-10.06,252.21,-83.67,-140.81
52.417934,-1.545768,151.87,0,3,6.93,20 / 21,2927929,2019-09-06 19:04:54:611,0.1113,-0.0141,9.7336,0.0011,0,9.8066,-0.0211,-0.0071,-0.0202,-10.31,-36.56,-9.69,248.54,-83.62,-140.8
52.417934,-1.545768,151.87,0,3,6.93,20 / 21,2928029,2019-09-06 19:04:54:711,0.1643,0.1439,9.82,-0.001,0.0009,9.8066,-0.0114,0.0097,0.0126,-10.81,-35.56,-9.75,252.08,-83.63,-140.86
52.417934,-1.545768,151.87,0,3,6.93,20 / 21,2928129,2019-09-06 19:04:54:811,0.0973,0.2203,9.8779,0.0035,0.0022,9.8066,0.0047,-0.0104,0.0069,-10.87,-36,-9.56,252.22,-83.65,-140.76
52.417934,-1.545768,151.87,0,3,6.93,20 / 21,2928229,2019-09-06 19:04:54:911,0.1529,0.0448,9.7361,0.0026,0.0002,9.8065,-0.0099,-0.0025,-0.0173,-10.94,-36.12,-9.44,254.3,-83.61,-140.68
52.417934,-1.545768,151.87,0,3,6.93,20 / 21,2928330,2019-09-06 19:04:55:012,0.2319,0.2373,9.8296,-0.0023,-0.0003,9.8066,0.0112,-0.008,0.0157,-10.37,-36.31,-9.75,248.92,-83.62,-140.8
52.417934,-1.545768,151.87,0,3,6.93,20 / 20,2928430,2019-09-06 19:04:55:112,0.1443,0.1195,9.7399,0.0003,0.0007,9.8066,0.0184,-0.0037,0.0186,-10.87,-36.56,-9.37,253.75,-83.63,-140.86
52.417934,-1.545768,151.87,0,3,6.93,20 / 20,2928529,2019-09-06 19:04:55:211,0.2695,0.1161,9.688,0.0028,0.0008,9.8065,-0.0248,-0.0042,-0.0197,-10.94,-36.44,-10,252,-83.59,-140.85
52.417934,-1.545768,151.87,0,3,6.93,20 / 20,2928628,2019-09-06 19:04:55:310,0.1794,-0.0237,9.7581,-0.0025,0.0008,9.8065,-0.0005,-0.0055,0.0111,-10.44,-36.25,-9.94,248.75,-83.6,-140.96
52.417934,-1.545768,151.87,0,3,6.93,20 / 20,2928728,2019-09-06 19:04:55:410,0.0718,0.214,9.9036,-0.0003,-0.0023,9.8066,0.0316,-0.0087,0.0087,-10.75,-36.44,-10,251.89,-83.61,-141.01
52.417934,-1.545768,151.87,0,3,6.93,20 / 20,2928828,2019-09-06 19:04:55:510,-0.199,-0.2382,9.9874,0.0032,0.0031,9.8066,-0.0278,-0.0115,-0.0203,-10.81,-36.19,-9.75,251.77,-83.56,-141.04
52.417934,-1.545768,151.87,0,3,6.93,20 / 20,2928929,2019-09-06 19:04:55:611,-0.0686,0.0916,9.8508,-0.0027,-0.0004,9.8066,0.0142,0.0017,0.0234,-11,-36.12,-9.69,251.84,-83.6,-141.04
52.417934,-1.545768,151.87,0,3,6.93,20 / 20,2929028,2019-09-06 19:04:55:710,0.168,-0.0284,9.7516,-0.0004,-0.0018,9.8066,0.0243,-0.0008,0.0187,-11,-36.5,-10.19,251.88,-83.61,-141.01
52.417934,-1.545768,151.87,0,3,6.93,20 / 20,2929128,2019-09-06 19:04:55:810,0.1269,0.1553,9.8558,-0.0003,-0.0006,9.8065,-0.0108,-0.0218,-0.0206,-10.75,-36.37,-9.87,251.81,-83.57,-141
52.417934,-1.545768,151.87,0,3,6.93,20 / 20,2929229,2019-09-06 19:04:55:911,0.0741,0.0848,9.8442,-0.004,-0.0016,9.8066,0.021,0.0111,0.0307,-11.06,-36.5,-10.31,251.76,-83.59,-141.1
52.417934,-1.545768,151.87,0,3,6.93,20 / 20,2929328,2019-09-06 19:04:56:010,-0.1407,-0.0693,9.9379,0.0033,0.0019,9.8066,-0.0092,-0.0052,0.0049,-10.62,-36.37,-9.87,251.76,-83.6,-141.14
52.417934,-1.545768,151.87,0,3,6.93,21 / 21,2929428,2019-09-06 19:04:56:110,0.0859,0.2347,9.8406,0.0012,0,9.8066,-0.0026,-0.0176,-0.0171,-11.25,-36.06,-9.94,251.72,-83.56,-141.1
52.417934,-1.545768,151.87,0,3,6.93,21 / 21,2929529,2019-09-06 19:04:56:211,-0.0862,-0.0958,9.849,-0.0023,-0.0001,9.8066,0.0013,0.0075,0.014,-11.19,-36.44,-9.56,251.65,-83.57,-141.18
52.417934,-1.545768,151.87,0,3,6.93,21 / 21,2929628,2019-09-06 19:04:56:310,-0.006,0.1252,9.9509,0.0003,-0.0007,9.8066,0.0191,-0.0064,0.0182,-10.94,-36.44,-9.94,251.65,-83.57,-141.18
52.417934,-1.545768,151.87,0,3,6.93,21 / 21,2929728,2019-09-06 19:04:56:410,0.0544,0.0607,9.8233,0.0028,0.0011,9.8066,-0.0226,-0.0033,-0.0185,-11.19,-36.37,-10,251.65,-83.56,-141.16
52.417934,-1.545768,151.87,0,3,6.93,21 / 21,2929828,2019-09-06 19:04:56:510,0.0254,-0.0024,9.897,-0.0009,0.0003,9.8066,-0.0143,-0.0069,-0.0027,-11.06,-36.37,-9.56,251.58,-83.55,-141.21
52.417934,-1.545768,151.87,0,3,6.93,21 / 21,2929929,2019-09-06 19:04:56:611,0.2426,0.206,9.7525,-0.0012,0,9.8066,0.0276,0.0036,0.0259,-11,-36.5,-10.19,251.56,-83.58,-141.29
52.417934,-1.545768,151.87,0,3,6.93,21 / 21,2930029,2019-09-06 19:04:56:711,-0.0425,-0.0643,9.8611,0.003,0.0007,9.8066,-0.0089,-0.0011,-0.012,-10.75,-36.06,-9.5,253.6,-83.55,-141.27
52.417934,-1.545768,151.87,0,3,6.93,21 / 21,2930128,2019-09-06 19:04:56:810,0.1855,0.2795,9.8374,0.0004,0.004,9.8066,-0.019,-0.0095,-0.0008,-10.94,-36.12,-10.37,251.34,-83.52,-141.42
52.417934,-1.545768,151.87,0,3,6.93,21 / 21,2930231,2019-09-06 19:04:56:913,-0.1331,-0.1637,9.9212,-0.0014,0.001,9.8066,0.0205,0.0068,0.0295,-10.62,-36.19,-10.37,251.41,-83.56,-141.43
52.417934,-1.545768,151.87,0,3,6.93,21 / 21,2930328,2019-09-06 19:04:57:010,-0.0374,0.1398,9.9095,0.0021,-0.0012,9.8066,-0.0074,-0.0276,-0.0162,-10.87,-36.37,-9.94,251.32,-83.54,-141.46
52.417934,-1.545768,151.87,0,3,6.93,21 / 21,2930429,2019-09-06 19:04:57:111,0.1006,-0.0003,9.7562,-0.0004,-0.0003,9.8066,0.0195,-0.002,0.016,-11.12,-37,-10,250.92,-83.51,-141.41
52.417934,-1.545768,151.87,0,3,6.93,21 / 21,2930528,2019-09-06 19:04:57:210,0.2415,0.2412,9.797,-0.0015,0.001,9.8066,0.0282,0.0074,0.0302,-10.94,-36.69,-10.06,250.95,-83.55,-141.46
52.417934,-1.545768,151.87,0,3,6.93,21 / 21,2930629,2019-09-06 19:04:57:311,0.1421,-0.0109,9.7807,0.0043,0.0017,9.8066,-0.0113,-0.0265,-0.0147,-10.81,-36.19,-9.69,251.28,-83.51,-141.45
52.417934,-1.545768,151.87,0,3,6.93,21 / 21,2930728,2019-09-06 19:04:57:410,-0.0188,0.0685,9.949,-0.0034,-0.0006,9.8066,0.0041,0.0054,0.0052,-10.56,-36.81,-10.12,250.85,-83.51,-141.49
52.417934,-1.545768,151.87,0,3,6.93,21 / 21,2930829,2019-09-06 19:04:57:511,-0.132,-0.0962,9.8808,-0.0028,-0.0001,9.8066,0.0403,0.0033,0.0404,-11.56,-36.44,-10.37,254.15,-83.54,-141.59
52.417934,-1.545768,151.87,0,3,6.93,21 / 21,2930928,2019-09-06 19:04:57:610,0.0739,0.0885,9.8508,0.0018,-0.0017,9.8066,-0.0228,-0.0275,-0.0311,-11.06,-36.62,-9.81,250.72,-83.49,-141.58
52.417934,-1.545768,151.87,0,3,6.93,21 / 21,2931028,2019-09-06 19:04:57:710,0.164,0.2959,9.7451,0.0032,-0.0012,9.8066,0.0121,0.0032,0.0003,-10.62,-36.25,-10.06,251.21,-83.5,-141.48
52.417934,-1.545768,151.87,0,3,6.93,21 / 21,2931128,2019-09-06 19:04:57:810,-0.071,-0.0631,9.9095,0.0023,0.0009,9.8066,0.0117,0.0019,0.0152,-10,-36.44,-9.56,247.98,-83.48,-141.5
52.417934,-1.545768,151.87,0,3,6.93,21 / 21,2931229,2019-09-06 19:04:57:911,0.0763,0.1529,9.8234,-0.0011,0.0012,9.8066,-0.0013,-0.0254,-0.0174,-10.87,-36.12,-10.12,251.1,-83.5,-141.62
52.417934,-1.545768,151.87,0,3,6.93,21 / 21,2931329,2019-09-06 19:04:58:011,-0.0512,-0.1831,9.8929,0.0027,0.0015,9.8066,0.0021,0.0116,0.0122,-10.81,-36.37,-9.94,251.08,-83.49,-141.61
52.417934,-1.545768,151.87,0,3,6.93,21 / 21,2931428,2019-09-06 19:04:58:110,0.1124,0.2257,9.8899,-0.0015,-0.0011,9.8066,0.0217,0.0024,0.0217,-11,-35.87,-10,251.07,-83.47,-141.58
52.417934,-1.545768,151.87,0,3,6.93,21 / 21,2931528,2019-09-06 19:04:58:210,0.0098,-0.0294,9.7948,-0.0015,0.0013,9.8066,-0.0284,-0.0085,-0.0235,-10.87,-36.5,-9.37,252.99,-83.48,-141.77
52.417934,-1.545768,151.87,0,3,6.93,21 / 21,2931629,2019-09-06 19:04:58:311,0.1545,0.1806,9.8485,0.002,0.0005,9.8066,-0.0022,0.0038,0.0056,-10.94,-36.06,-9.87,250.94,-83.46,-141.69
52.417934,-1.545768,151.87,0,3,6.93,21 / 21,2931729,2019-09-06 19:04:58:411,0.1745,0.0814,9.7765,-0.0004,0.0005,9.8066,0.0236,-0.0133,0.0203,-10.81,-36.06,-9.81,250.88,-83.45,-141.73
52.417934,-1.545768,151.87,0,3,6.93,21 / 21,2931828,2019-09-06 19:04:58:510,-0.0713,-0.0012,9.9347,-0.0025,-0.0021,9.8066,-0.0209,-0.0004,-0.0145,-10.75,-36.12,-10,250.87,-83.46,-141.77
52.417934,-1.545768,151.87,0,3,6.93,21 / 21,2931928,2019-09-06 19:04:58:610,0.0098,0.1361,9.8732,0.0006,0.0004,9.8066,-0.0011,-0.0103,0.0088,-10.69,-36.25,-9.94,250.85,-83.46,-141.79
52.417934,-1.545768,151.87,0,3,6.93,21 / 21,2932029,2019-09-06 19:04:58:711,-0.1085,-0.1253,9.9558,-0.0011,0.0003,9.8066,0.029,0.0007,0.0214,-11.06,-36.87,-10.37,250.37,-83.43,-141.82
52.417934,-1.545768,151.87,0,3,6.93,21 / 21,2932129,2019-09-06 19:04:58:811,0.0913,0.2245,9.8645,-0.0035,-0.0028,9.8066,-0.0042,-0.0183,-0.0121,-11.81,-37.31,-10.44,253.44,-83.46,-141.78
52.417934,-1.545768,151.87,0,3,6.93,21 / 21,2932229,2019-09-06 19:04:58:911,0.1219,0.0745,9.8514,0.0035,0.0015,9.8066,0.0167,-0.0132,0.0167,-11.31,-36.75,-9.94,250.34,-83.43,-141.87
52.417934,-1.545768,151.87,0,3,6.93,21 / 21,2932329,2019-09-06 19:04:59:011,0.1008,0.1423,9.8516,0.0001,-0.0006,9.8066,0.015,-0.0023,0.0181,-11.69,-36.44,-9.81,253.65,-83.42,-141.86
52.417934,-1.545768,151.87,0,3,6.93,21 / 21,2932429,2019-09-06 19:04:59:111,-0.0119,-0.1484,9.9402,-0.0005,0.0021,9.8066,-0.0062,-0.0084,-0.0129,-11.06,-36.12,-10.19,250.68,-83.43,-141.91
52.417934,-1.545768,151.87,0,3,6.93,21 / 21,2932529,2019-09-06 19:04:59:211,-0.1339,0.1106,9.9356,0.0046,0.0033,9.8065,0.0204,-0.0103,0.0161,-11.5,-36.12,-10.25,250.53,-83.41,-142.04
52.417934,-1.545768,151.87,0,3,6.93,21 / 21,2932628,2019-09-06 19:04:59:310,0.0771,-0.0198,9.8156,-0.0007,0.0014,9.8066,0.0278,-0.0145,0.0141,-11.06,-36.44,-9.75,250.4,-83.4,-142.15
52.417934,-1.545768,151.87,0,3,6.93,21 / 21,2932728,2019-09-06 19:04:59:410,0.4495,0.4259,9.6805,-0.0017,-0.001,9.8065,-0.0233,0.005,-0.0129,-11.81,-36.37,-10,253.43,-83.43,-142.13
52.417934,-1.545768,151.87,0,3,6.93,21 / 21,2932829,2019-09-06 19:04:59:511,0.0507,-0.0886,9.7824,0.0003,0.0006,9.8066,0.0267,-0.0112,0.0173,-11.69,-36.31,-9.62,253.21,-83.37,-142.25
52.417934,-1.545768,151.87,0,3,6.93,21 / 21,2932928,2019-09-06 19:04:59:610,-0.1965,0.0461,9.9862,-0.0011,0.0019,9.8066,-0.026,-0.0027,-0.0169,-11.62,-36,-9.75,253.14,-83.38,-142.34
52.417934,-1.545768,151.87,0,3,6.93,21 / 21,2933029,2019-09-06 19:04:59:711,-0.087,0.0607,9.913,0.0015,-0.0008,9.8066,-0.0138,0.0044,-0.0055,-11.87,-36.31,-9.56,253.24,-83.4,-142.28
52.417934,-1.545768,151.87,0,3,6.93,21 / 21,2933129,2019-09-06 19:04:59:811,-0.1423,-0.1833,10.0397,-0.0004,-0.0018,9.8066,0.0318,-0.0174,0.022,-11.25,-35.81,-10.06,250.34,-83.37,-142.16
52.417934,-1.545768,151.87,0,3,6.93,21 / 21,2933229,2019-09-06 19:04:59:911,0.3301,0.3598,9.6748,-0.0036,-0.0026,9.8066,-0.0174,-0.0028,-0.0187,-11.56,-36.12,-9.81,253.34,-83.41,-142.19
52.417934,-1.545768,151.87,0,3,6.93,21 / 21,2933329,2019-09-06 19:05:00:011,0.1029,-0.1012,9.7606,0.0017,0,9.8065,0.0038,-0.0011,0.0131,-11.31,-36,-9.69,250.34,-83.39,-142.19
52.417934,-1.545768,151.87,0,3,6.93,21 / 21,2933429,2019-09-06 19:05:00:111,0.2289,0.2392,9.7348,-0.0005,0.0007,9.8066,0.0299,0.0034,0.0221,-11.37,-35.94,-9.69,250.26,-83.38,-142.26
52.417934,-1.545768,151.87,0,3,6.93,21 / 21,2933528,2019-09-06 19:05:00:210,0.2446,0.2495,9.8212,-0.005,-0.0028,9.8066,-0.0214,-0.018,-0.0207,-11.25,-36.06,-9.62,250.44,-83.43,-142.18
52.417934,-1.545768,151.87,0,3,6.93,21 / 21,2933629,2019-09-06 19:05:00:311,0.1711,0.1532,9.8488,0.0025,0.0009,9.8066,-0.0047,-0.0099,0.0039,-12.12,-36.06,-9.94,253.28,-83.41,-142.26
52.417934,-1.545768,151.87,0,3,6.93,21 / 21,2933728,2019-09-06 19:05:00:410,0.012,-0.1222,9.8587,-0.0001,0.0009,9.8066,0.0033,-0.0147,0.0124,-11,-35.94,-10.06,250.24,-83.39,-142.32
52.417934,-1.545768,151.87,0,3,6.93,21 / 21,2933829,2019-09-06 19:05:00:511,0.0443,0.1706,9.7593,0.0002,0.0016,9.8066,-0.0023,-0.0087,-0.0053,-11.19,-36.75,-9.75,249.72,-83.41,-142.48
52.417934,-1.545768,151.87,0,3,6.93,21 / 21,2933928,2019-09-06 19:05:00:610,0.1757,0.18,9.7233,-0.0034,-0.004,9.8066,-0.0134,-0.0191,-0.0072,-10.62,-36.25,-9.19,252.26,-83.42,-142.42
52.417934,-1.545768,151.87,0,3,6.93,21 / 21,2934029,2019-09-06 19:05:00:711,0.0033,0.0657,9.973,0.0016,-0.0001,9.8066,0.0081,-0.0042,0.0087,-11.44,-35.69,-10,250.11,-83.39,-142.44
52.417934,-1.545768,151.87,0,3,6.93,21 / 21,2934129,2019-09-06 19:05:00:811,-0.0281,0.166,9.9464,-0.0001,0.0002,9.8066,0.0225,-0.0046,0.0159,-11.56,-36.56,-9.62,252.67,-83.39,-142.45
52.417934,-1.545768,151.87,0,3,6.93,21 / 21,2934228,2019-09-06 19:05:00:910,-0.1161,-0.2832,9.8642,0.0008,0.0031,9.8066,-0.0099,-0.0212,-0.0101,-11.25,-36.5,-10.06,250.1,-83.4,-142.49
52.417934,-1.545768,151.87,0,3,6.93,21 / 21,2934329,2019-09-06 19:05:01:011,0.0521,0.131,9.8739,-0.0025,-0.0008,9.8066,-0.0157,0.0075,-0.0028,-11.44,-35.81,-10,249.98,-83.41,-142.63
52.417934,-1.545768,151.87,0,3,6.93,21 / 21,2934429,2019-09-06 19:05:01:111,0.1925,0.1239,9.7331,0.0011,0.0007,9.8066,0.0241,-0.0074,0.0302,-10.94,-36.44,-10.12,249.93,-83.37,-142.59
52.417934,-1.545768,151.87,0,3,6.93,21 / 21,2934528,2019-09-06 19:05:01:210,0.202,0.1973,9.8699,-0.0004,0.0014,9.8066,0.0132,-0.0063,-0.0083,-11.56,-36.12,-9.81,252.86,-83.39,-142.66
52.417934,-1.545768,151.87,0,3,6.93,21 / 21,2934629,2019-09-06 19:05:01:311,0.0255,0.0954,9.8421,0.0014,0.0015,9.8066,-0.0164,-0.0179,-0.0136,-11.25,-36.31,-9.37,252.04,-83.41,-142.62
52.417934,-1.545768,151.87,0,3,6.93,21 / 21,2934729,2019-09-06 19:05:01:411,-0.015,-0.1556,9.8852,0.0015,-0.0001,9.8066,0.0124,0.0062,0.0162,-10.94,-36.69,-9.75,249.52,-83.38,-142.64
52.417934,-1.545768,151.87,0,3,6.93,21 / 21,2934829,2019-09-06 19:05:01:511,0.0734,0.1423,9.8815,-0.0029,-0.0008,9.8066,0.0269,-0.0041,0.017,-11.37,-36.5,-10.25,249.78,-83.38,-142.79
52.417934,-1.545768,151.87,0,3,6.93,21 / 21,2934929,2019-09-06 19:05:01:611,-0.2265,-0.2274,9.9376,0.0005,0.0013,9.8066,-0.0056,-0.023,-0.0236,-10.56,-35.87,-9.87,249.74,-83.4,-142.87
52.417934,-1.545768,151.87,0,3,6.93,21 / 21,2935028,2019-09-06 19:05:01:710,-0.0681,0.075,9.9322,0.0055,0.0034,9.8065,0.0255,0.009,0.0152,-11.44,-37,-9.37,251.23,-83.35,-142.92
52.417934,-1.545768,151.87,0,3,6.93,21 / 21,2935128,2019-09-06 19:05:01:810,0.1435,0.0862,9.7826,0,0.0005,9.8066,-0.0184,-0.0014,0.0042,-10.81,-36.06,-10.19,249.66,-83.35,-142.86
52.417934,-1.545768,151.87,0,3,6.93,21 / 21,2935228,2019-09-06 19:05:01:910,0.3002,0.2119,9.814,-0.0008,0.0002,9.8065,-0.0088,-0.0316,-0.0259,-10.75,-36.12,-9.56,249.67,-83.38,-142.92
52.417934,-1.545768,151.87,0,3,6.93,21 / 21,2935329,2019-09-06 19:05:02:011,0.1968,0.1795,9.7744,0.0044,0.0009,9.8066,0.0204,0.0142,0.023,-11,-36,-9.5,251.74,-83.37,-142.86
52.417934,-1.545768,151.87,0,3,6.93,21 / 21,2935429,2019-09-06 19:05:02:111,0.0181,-0.1329,9.8901,-0.0028,-0.0003,9.8066,0.0056,-0.0087,0.02,-11.12,-36.44,-10.06,249.65,-83.37,-142.91
52.417934,-1.545768,151.87,0,3,6.93,21 / 21,2935529,2019-09-06 19:05:02:211,-0.2959,-0.1123,10.1001,-0.0042,-0.0034,9.8066,-0.0257,-0.001,-0.0278,-11.31,-36.19,-9.87,249.66,-83.4,-142.98
52.417934,-1.545768,151.87,0,3,6.93,21 / 21,2935629,2019-09-06 19:05:02:311,-0.1596,-0.0479,9.9675,0.0011,-0.0015,9.8066,0.0135,0.0143,0.0145,-11.25,-36.06,-10,249.61,-83.37,-142.95
52.417934,-1.545768,151.87,0,3,6.93,21 / 21,2935729,2019-09-06 19:05:02:411,-0.2827,-0.178,10.0822,-0.0013,0.001,9.8066,0.0053,-0.0235,0.009,-11.12,-36.31,-9.56,249.57,-83.36,-142.98
52.417934,-1.545768,151.87,0,3,6.93,21 / 21,2935828,2019-09-06 19:05:02:510,-0.1142,0.0503,9.9254,-0.0002,-0.0007,9.8066,-0.0268,-0.0046,-0.0273,-11.37,-36.5,-9.5,251.56,-83.39,-143.11
52.417934,-1.545768,151.87,0,3,6.93,21 / 21,2935929,2019-09-06 19:05:02:611,0.3266,0.171,9.7436,0.0024,-0.0013,9.8066,0.03,0.0081,0.0307,-11.37,-36.62,-9.75,249.17,-83.36,-142.98
52.417934,-1.545768,151.87,0,3,6.93,21 / 21,2936029,2019-09-06 19:05:02:711,0.3124,0.2095,9.7057,-0.0031,0,9.8066,0.0041,-0.0133,0.0117,-11.37,-36.5,-9.87,249.49,-83.36,-143.07
52.417934,-1.545768,151.87,0,3,6.93,21 / 21,2936129,2019-09-06 19:05:02:811,0.1877,-0.0173,9.865,-0.0006,0.0002,9.8065,-0.017,0.0051,-0.0216,-11.75,-36.37,-9.87,252.36,-83.38,-143.18
52.417934,-1.545768,151.87,0,3,6.93,21 / 21,2936229,2019-09-06 19:05:02:911,0.4201,0.3214,9.7496,0.0038,0.0028,9.8065,0.0367,0.0044,0.0338,-11.31,-36.37,-10,249.44,-83.34,-143.08
52.417934,-1.545768,151.87,0,3,6.93,21 / 21,2936329,2019-09-06 19:05:03:011,-0.1522,0.0424,9.9137,-0.0021,0.0012,9.8066,-0.0105,-0.0232,-0.0158,-10.69,-36,-9.81,249.37,-83.36,-143.2
52.417934,-1.545768,151.87,0,3,6.93,20 / 20,2936429,2019-09-06 19:05:03:111,0.0846,0.1652,9.7189,0.0031,0.001,9.8066,0.0036,-0.0003,-0.009,-11.06,-36.75,-10,248.91,-83.37,-143.3
52.417934,-1.545768,151.87,0,3,6.93,20 / 20,2936529,2019-09-06 19:05:03:211,0.0091,0.0282,9.9732,0.0003,-0.0005,9.8066,0.0041,0,0.0171,-11.25,-35.94,-9.75,249.26,-83.33,-143.24
52.417934,-1.545768,151.87,0,3,6.93,20 / 20,2936629,2019-09-06 19:05:03:311,-0.0357,0.1632,9.8063,0.0038,-0.0009,9.8066,-0.0227,-0.0192,-0.0277,-11.56,-36.25,-9.75,252.14,-83.34,-143.34
52.417934,-1.545768,151.87,0,3,6.93,20 / 20,2936729,2019-09-06 19:05:03:411,0.2382,0.0651,9.6957,0.0051,0.0028,9.8066,0.0215,0.0058,0.0282,-10.81,-36.37,-9.5,251.19,-83.31,-143.31
52.417934,-1.545768,151.87,0,3,6.93,20 / 20,2936829,2019-09-06 19:05:03:511,0.2743,0.0558,9.8564,-0.0047,-0.0014,9.8066,0.0036,-0.0131,0.008,-11,-36.25,-10.25,249.26,-83.31,-143.21
52.417934,-1.545768,151.87,0,3,6.93,20 / 20,2936929,2019-09-06 19:05:03:611,0.0757,0.0679,9.893,-0.0002,-0.0022,9.8066,0.0067,-0.0079,-0.0022,-11.69,-36.37,-9.81,252.32,-83.36,-143.18
52.417934,-1.545768,151.87,0,3,6.93,20 / 20,2937028,2019-09-06 19:05:03:710,-0.1185,0.1025,9.8892,-0.0014,-0.0026,9.8066,0.0139,-0.0058,0.0268,-11.25,-36.62,-10.06,248.93,-83.32,-143.16
52.417934,-1.545768,151.87,0,3,6.93,20 / 20,2937128,2019-09-06 19:05:03:810,0.1255,0.147,9.7133,-0.0045,-0.0039,9.8066,-0.0218,0.0037,-0.0288,-11.56,-36.25,-9.56,252.31,-83.35,-143.18
52.417934,-1.545768,151.87,0,3,6.93,20 / 20,2937229,2019-09-06 19:05:03:911,0.3014,0.1684,9.7597,0.0051,0.0038,9.8066,0.0269,0.0084,0.0185,-11.12,-36.12,-10.19,249.16,-83.31,-143.32
52.417934,-1.545768,151.87,0,3,6.93,20 / 20,2937329,2019-09-06 19:05:04:011,-0.391,-0.2534,10.0382,0.0006,0.0045,9.8066,-0.0003,-0.026,-0.0029,-10.94,-36.56,-9.81,248.7,-83.31,-143.4
52.417934,-1.545768,151.87,0,3,6.93,20 / 20,2937428,2019-09-06 19:05:04:110,-0.0277,0.2174,9.8441,0.0016,0.0004,9.8066,-0.0245,0.0038,-0.0248,-11.06,-36.31,-9.5,251.23,-83.35,-143.38
52.417934,-1.545768,151.87,0,3,6.93,20 / 20,2937528,2019-09-06 19:05:04:210,0.1645,-0.1041,9.7994,0.0014,-0.0008,9.8066,0.0238,-0.006,0.0351,-11.25,-36.44,-10.31,249.11,-83.3,-143.35
52.417934,-1.545768,151.87,0,3,6.93,20 / 20,2937631,2019-09-06 19:05:04:313,0.2593,0.2274,9.8371,-0.0046,-0.0011,9.8066,0.0037,-0.0247,-0.0123,-11.62,-36.5,-9.81,251.97,-83.33,-143.51
52.417934,-1.545768,151.87,0,3,6.93,20 / 20,2937729,2019-09-06 19:05:04:411,-0.1238,-0.3325,9.9705,0.0041,0.0022,9.8066,0.0109,0.01,0.008,-11.44,-36.44,-10.19,248.95,-83.31,-143.55
52.417934,-1.545768,151.87,0,3,6.93,20 / 20,2937829,2019-09-06 19:05:04:511,0.0035,0.2758,9.804,0,0.0012,9.8066,0.0256,-0.0031,0.0291,-11.44,-35.94,-10.12,248.9,-83.28,-143.54
52.417934,-1.545768,151.87,0,3,6.93,20 / 20,2937928,2019-09-06 19:05:04:610,0.1722,0.0026,9.7147,-0.0044,-0.0009,9.8066,-0.0267,-0.0102,-0.0277,-11.37,-35.75,-9.56,248.89,-83.32,-143.65
52.417934,-1.545768,151.87,0,3,6.93,20 / 20,2938029,2019-09-06 19:05:04:711,0.1324,0.2499,9.7099,0.0011,-0.0016,9.8066,0.0061,0.0182,0.0083,-11.06,-36,-9.75,248.76,-83.29,-143.73
52.417934,-1.545768,151.87,0,3,6.93,20 / 20,2938130,2019-09-06 19:05:04:812,0.138,-0.0692,9.8918,-0.0025,-0.0011,9.8066,-0.0015,-0.025,0.0046,-11.19,-36.19,-9.87,248.76,-83.29,-143.7
52.417934,-1.545768,151.87,0,3,6.93,20 / 20,2938229,2019-09-06 19:05:04:911,0.0341,-0.0876,9.9207,0.0006,-0.0009,9.8066,-0.0254,-0.0092,-0.0268,-11.44,-36.44,-9.56,248.77,-83.31,-143.76
52.417934,-1.545768,151.87,0,3,6.93,20 / 20,2938328,2019-09-06 19:05:05:010,0.0433,0.0652,9.9283,0.0018,-0.0008,9.8066,0.0423,0.0032,0.0368,-11.25,-36.44,-10.06,248.79,-83.29,-143.67
52.417934,-1.545768,151.87,0,3,6.93,21 / 21,2938429,2019-09-06 19:05:05:111,-0.1935,-0.2515,10.0545,-0.0035,0.0016,9.8066,-0.025,-0.0197,-0.0076,-11.19,-36.25,-9.56,248.82,-83.3,-143.67
52.417934,-1.545768,151.87,0,3,6.93,21 / 21,2938528,2019-09-06 19:05:05:210,0.0407,0.0442,9.9773,0.0025,-0.0003,9.8066,0.0103,0.0012,-0.0017,-11.19,-36.25,-9.62,248.76,-83.31,-143.76
52.417934,-1.545768,151.87,0,3,6.93,21 / 21,2938629,2019-09-06 19:05:05:311,-0.0293,-0.0198,9.7887,-0.0005,-0.0005,9.8066,0.0375,0.005,0.0327,-11.12,-36.62,-9.75,248.37,-83.28,-143.68
52.417934,-1.545768,151.87,0,3,6.93,21 / 21,2938729,2019-09-06 19:05:05:411,0.0415,0.1889,9.7962,-0.0012,0.0038,9.8066,-0.0324,-0.0111,-0.0285,-10.81,-36.81,-9.5,250.2,-83.3,-143.94
52.417934,-1.545768,151.87,0,3,6.93,21 / 21,2938828,2019-09-06 19:05:05:510,0.2802,0.0598,9.6805,0.0046,0.0021,9.8066,0.0275,-0.013,0.0094,-11.12,-36.62,-9.69,248.17,-83.28,-143.91
52.417934,-1.545768,151.87,0,3,6.93,21 / 21,2938929,2019-09-06 19:05:05:611,-0.0738,-0.0133,9.9548,-0.0035,-0.0017,9.8066,-0.0074,-0.0066,0.0015,-11.25,-36.44,-9.75,248.62,-83.29,-143.88
52.417934,-1.545768,151.87,0,3,6.93,21 / 21,2939029,2019-09-06 19:05:05:711,-0.3446,-0.2202,10.0407,0.0004,0.0007,9.8066,0.0185,-0.0061,0.0081,-11.19,-36.12,-10,248.65,-83.31,-143.87
52.417934,-1.545768,151.87,0,3,6.93,21 / 21,2939128,2019-09-06 19:05:05:810,-0.0371,0.1916,9.8386,-0.0005,-0.0012,9.8065,0.0027,-0.0143,0.0205,-11,-36.75,-9.69,248.17,-83.28,-143.9
52.417934,-1.545768,151.87,0,3,6.93,21 / 21,2939230,2019-09-06 19:05:05:912,0.287,0.0583,9.815,-0.0015,-0.0011,9.8066,-0.0178,-0.0235,-0.0157,-11.25,-36.25,-9.5,250.6,-83.3,-143.95
52.417934,-1.545768,151.87,0,3,6.93,21 / 21,2939329,2019-09-06 19:05:06:011,0.0418,-0.0241,9.8626,0.0036,-0.0019,9.8066,0.0376,0.0073,0.03,-11.31,-36.06,-10.31,248.66,-83.28,-143.81
52.417934,-1.545768,151.87,0,3,6.93,21 / 21,2939428,2019-09-06 19:05:06:110,-0.0075,-0.1008,10.0075,-0.0023,0.0013,9.8066,-0.002,-0.0198,0.0084,-11.69,-36.31,-10,251.53,-83.29,-143.89
52.417934,-1.545768,151.87,0,3,6.93,21 / 21,2939528,2019-09-06 19:05:06:210,0.1783,0.0994,9.6873,0.0007,0.0009,9.8065,0.011,-0.0037,0.0012,-11.06,-36.37,-10.12,248.6,-83.3,-143.92
52.417934,-1.545768,151.87,0,3,6.93,21 / 21,2939629,2019-09-06 19:05:06:311,0.2898,0.2288,9.7783,-0.0019,-0.0012,9.8066,0.0327,0.0017,0.0306,-11,-36.5,-9.81,248.55,-83.25,-143.86
52.417934,-1.545768,151.87,0,3,6.93,21 / 21,2939729,2019-09-06 19:05:06:411,0.3392,0.1969,9.6629,-0.0024,0.002,9.8066,-0.0273,-0.0125,-0.0306,-11.19,-36.44,-10.25,248.55,-83.3,-143.97
52.417934,-1.545768,151.87,0,3,6.93,21 / 21,2939829,2019-09-06 19:05:06:511,-0.1711,-0.0424,10.0504,0.0042,0.0021,9.8066,0.0363,-0.006,0.0146,-10.69,-36.12,-9.81,248.35,-83.25,-144.08
52.417934,-1.545768,151.87,0,3,6.93,21 / 21,2939929,2019-09-06 19:05:06:611,-0.1369,0.0031,9.9218,-0.0003,0.0027,9.8066,-0.0097,-0.004,0.0007,-10.94,-36.31,-9.87,248.39,-83.27,-144.07
52.417934,-1.545768,151.87,0,3,6.93,21 / 21,2940029,2019-09-06 19:05:06:711,-0.2396,-0.0684,9.9329,-0.0007,-0.0016,9.8066,-0.0337,-0.0016,-0.025,-11.25,-36.44,-10.12,248.45,-83.3,-144.09
52.417934,-1.545768,151.87,0,3,6.93,21 / 21,2940129,2019-09-06 19:05:06:811,0.161,0.0443,9.7152,0.0026,0.0005,9.8066,0.0203,0.0013,0.0258,-11.25,-36.62,-9.56,247.91,-83.25,-144.13
52.417934,-1.545768,151.87,0,3,6.93,21 / 21,2940229,2019-09-06 19:05:06:911,0.0954,-0.0934,9.9239,-0.0044,-0.0032,9.8066,-0.0139,-0.0047,-0.005,-10.87,-36.75,-9.81,247.91,-83.26,-144.15
52.417934,-1.545768,151.87,0,3,6.93,21 / 21,2940328,2019-09-06 19:05:07:010,0.3274,0.2406,9.7801,0.0002,-0.0002,9.8066,0.0004,-0.01,0.0033,-11.37,-36.44,-9.75,248.32,-83.29,-144.19
52.417934,-1.545768,151.87,0,3,6.93,21 / 21,2940429,2019-09-06 19:05:07:111,0.2919,0.0872,9.7325,-0.0005,0.0001,9.8066,0.0234,-0.0037,0.0294,-11.25,-36.62,-9.19,249.8,-83.24,-144.22
52.417934,-1.545768,151.87,0,3,6.93,21 / 21,2940529,2019-09-06 19:05:07:211,-0.1944,-0.0714,10.0397,-0.0045,-0.0034,9.8066,-0.023,-0.0055,-0.0238,-10.94,-36.31,-9.87,248.3,-83.29,-144.22
52.417934,-1.545768,151.87,0,3,6.93,21 / 21,2940628,2019-09-06 19:05:07:310,-0.0267,0.0996,9.9098,0.0036,0.0015,9.8066,0.0016,-0.0127,0.0003,-10.94,-36.44,-10,248.21,-83.27,-144.28
52.417934,-1.545768,151.87,0,3,6.93,21 / 21,2940729,2019-09-06 19:05:07:411,-0.2383,-0.1322,9.9296,0.0002,-0.0005,9.8066,0.0242,0.0022,0.0197,-11.37,-36.44,-9.62,248.18,-83.24,-144.25
52.417934,-1.545768,151.87,0,3,6.93,21 / 21,2940829,2019-09-06 19:05:07:511,0.283,0.2505,9.7061,-0.0001,0.0028,9.8066,-0.0227,-0.0186,-0.0293,-11.44,-36.69,-9.69,247.65,-83.27,-144.48
52.417934,-1.545768,151.87,0,3,6.93,21 / 21,2940929,2019-09-06 19:05:07:611,0.1703,-0.1027,9.7291,0.0037,0.0008,9.8066,0.0201,0.0031,0.0134,-10.94,-36.69,-9.75,247.69,-83.26,-144.4
52.417934,-1.545768,151.87,0,3,6.93,21 / 21,2941028,2019-09-06 19:05:07:710,0.1543,0.1182,9.8519,-0.0023,-0.0005,9.8066,0.028,0.0063,0.0304,-11.44,-36.56,-9.62,247.66,-83.24,-144.38
52.417934,-1.545768,151.87,0,3,6.93,21 / 21,2941129,2019-09-06 19:05:07:811,0.2847,0.2356,9.6954,-0.0013,0.0017,9.8066,-0.0192,-0.0272,-0.0312,-11.06,-36.06,-9.81,248.06,-83.27,-144.45
52.417934,-1.545768,151.87,0,3,6.93,21 / 21,2941228,2019-09-06 19:05:07:910,-0.3012,-0.3108,10.0011,0.0042,0.0007,9.8066,0.0144,0.0039,0.0131,-11.31,-36.56,-9.75,247.69,-83.26,-144.42
52.417934,-1.545768,151.87,0,3,6.93,21 / 21,2941329,2019-09-06 19:05:08:011,-0.0595,0.0212,10.0172,-0.0018,-0.0005,9.8066,-0.0086,-0.0039,0.0103,-11.25,-36.06,-9.94,248.07,-83.24,-144.37
52.417934,-1.545768,151.87,0,3,6.93,21 / 21,2941429,2019-09-06 19:05:08:111,-0.1008,0.0246,9.9203,-0.0008,0.0018,9.8066,0.0059,-0.0241,-0.0183,-11.69,-36.44,-9.87,250.9,-83.25,-144.5
52.417934,-1.545768,151.87,0,3,6.93,21 / 21,2941528,2019-09-06 19:05:08:210,-0.2591,-0.2646,9.9594,0.0029,0.0001,9.8066,-0.0046,0.0231,0.0085,-11.37,-36.44,-9.69,248.1,-83.24,-144.33
52.417934,-1.545768,151.87,0,3,6.93,21 / 21,2941629,2019-09-06 19:05:08:311,-0.0416,0.1399,9.8816,-0.0016,-0.0002,9.8066,0.0282,-0.0106,0.0312,-10.87,-36.56,-9.81,247.75,-83.21,-144.22
52.417934,-1.545768,151.87,0,3,6.93,21 / 21,2941729,2019-09-06 19:05:08:411,0.0765,-0.0243,9.7403,-0.0032,0,9.8066,-0.0269,-0.0078,-0.0284,-10.81,-36.5,-9.5,250.12,-83.26,-144.37
52.417934,-1.545768,151.87,0,3,6.93,21 / 21,2941828,2019-09-06 19:05:08:510,0.0724,0.1468,9.7745,0.001,-0.0018,9.8066,-0.0051,0.0127,0.0014,-11.06,-36.5,-9.87,248.18,-83.24,-144.24
52.417934,-1.545768,151.87,0,3,6.93,21 / 21,2941928,2019-09-06 19:05:08:610,-0.0549,-0.2453,9.9318,-0.0005,0.0001,9.8065,0.008,-0.0242,0.0142,-11.25,-36.44,-10.12,248.13,-83.22,-144.26
52.417934,-1.545768,151.87,0,3,6.93,21 / 21,2942029,2019-09-06 19:05:08:711,-0.1196,0.0201,10.025,-0.0006,-0.0009,9.8065,-0.0061,0.0069,-0.0228,-11.44,-36.06,-10.06,248.15,-83.27,-144.34
52.417934,-1.545768,151.87,0,3,6.93,21 / 21,2942129,2019-09-06 19:05:08:811,-0.348,-0.2408,10.0298,0.0034,-0.0003,9.8066,0.0383,0.0074,0.0413,-11.12,-36.37,-9.87,248.15,-83.23,-144.26
52.417934,-1.545768,151.87,0,3,6.93,21 / 21,2942229,2019-09-06 19:05:08:911,-0.1811,0.0188,10.0473,-0.0032,0.0013,9.8066,-0.0133,-0.0177,0.0067,-10.94,-36.31,-9.62,248.01,-83.22,-144.38
52.417934,-1.545768,151.87,0,3,6.93,21 / 21,2942329,2019-09-06 19:05:09:011,0.1188,0.2464,9.8026,-0.0015,-0.0003,9.8066,0.0047,0.0013,-0.0134,-11,-36.12,-9.94,248,-83.19,-144.32
52.417934,-1.545768,151.87,0,3,6.93,20 / 20,2942428,2019-09-06 19:05:09:110,0.1944,0.0362,9.7748,-0.0034,-0.0003,9.8066,0.0469,0.0169,0.0365,-11.06,-36.31,-9.87,248.02,-83.23,-144.39
52.417934,-1.545768,151.87,0,3,6.93,20 / 20,2942528,2019-09-06 19:05:09:210,0.2229,0.2557,9.7267,0.0027,-0.0002,9.8066,-0.0177,-0.0231,-0.0245,-11.25,-36.12,-9.75,247.92,-83.19,-144.41
52.417934,-1.545768,151.87,0,3,6.93,20 / 20,2942628,2019-09-06 19:05:09:310,-0.2077,-0.332,9.9738,-0.0019,0.0004,9.8066,-0.0043,0.0024,-0.0103,-10.94,-36.19,-10.19,247.89,-83.17,-144.41
52.417934,-1.545768,151.87,0,3,6.93,20 / 20,2942729,2019-09-06 19:05:09:411,-0.2272,-0.0414,10.0119,-0.0006,-0.0008,9.8066,0.0132,-0.0028,0.0221,-10.81,-36.06,-9.44,249.87,-83.21,-144.53
52.417934,-1.545768,151.87,0,3,6.93,20 / 20,2942829,2019-09-06 19:05:09:511,-0.2465,-0.2477,9.9566,0.0016,-0.0025,9.8066,-0.0087,-0.0315,-0.0235,-11.31,-36.37,-9.87,247.89,-83.18,-144.43
52.417934,-1.545768,151.87,0,3,6.93,20 / 20,2942929,2019-09-06 19:05:09:611,0.2131,0.2387,9.777,-0.0018,0.0028,9.8066,0.0133,0.009,0.0143,-11.62,-36.37,-9.56,250.62,-83.18,-144.64
52.417934,-1.545768,151.87,0,3,6.93,20 / 20,2943030,2019-09-06 19:05:09:712,0.2262,0.1135,9.6629,-0.0006,0.0016,9.8066,0.0228,-0.0079,0.0298,-11.37,-36.25,-9.37,249.52,-83.18,-144.86
52.417934,-1.545768,151.87,0,3,6.93,20 / 20,2943129,2019-09-06 19:05:09:811,0.3523,0.2177,9.7093,0.0035,0.0024,9.8066,-0.0375,-0.0133,-0.0306,-11.62,-36.62,-9.94,250.15,-83.16,-144.69
52.417934,-1.545768,151.87,0,3,6.93,20 / 20,2943228,2019-09-06 19:05:09:910,-0.2382,-0.1626,9.9766,-0.0023,0.0006,9.8066,0.0086,0.0112,0.0074,-11.19,-36.19,-9.69,247.56,-83.16,-144.76
52.417934,-1.545768,151.87,0,3,6.93,20 / 20,2943329,2019-09-06 19:05:10:011,-0.223,-0.1899,10.0813,0.0015,0.0018,9.8066,0.0008,-0.0256,0.0142,-11.25,-36.25,-9.37,249.49,-83.17,-144.86
52.417934,-1.545768,151.87,0,3,6.93,21 / 21,2943429,2019-09-06 19:05:10:111,-0.2197,0.0436,9.9555,0.0029,-0.0005,9.8066,-0.027,-0.0044,-0.0298,-11.5,-36.19,-9.75,247.56,-83.14,-144.71
52.417934,-1.545768,151.87,0,3,6.93,21 / 21,2943529,2019-09-06 19:05:10:211,0.41,0.1846,9.6777,-0.0047,-0.0026,9.8066,0.0391,0.0073,0.0367,-11.06,-36.31,-9.94,247.53,-83.18,-144.83
52.417934,-1.545768,151.87,0,3,6.93,21 / 21,2943629,2019-09-06 19:05:10:311,0.3118,0.138,9.7155,0.0027,0.0007,9.8066,0.0009,-0.0257,0.01,-11.25,-36.37,-10.25,247.51,-83.17,-144.83
52.417934,-1.545768,151.87,0,3,6.93,21 / 21,2943729,2019-09-06 19:05:10:411,0.0394,-0.1694,9.9154,-0.0019,0.0005,9.8066,-0.0019,0.0014,-0.0143,-11.37,-36.56,-9.87,247.1,-83.12,-144.74
52.417934,-1.545768,151.87,0,3,6.93,21 / 21,2943830,2019-09-06 19:05:10:512,-0.2483,-0.0378,9.9119,-0.003,0.001,9.8066,0.0299,0.005,0.0393,-11.44,-36.56,-9.75,247.03,-83.17,-144.93
52.417934,-1.545768,151.87,0,3,6.93,21 / 21,2943929,2019-09-06 19:05:10:611,-0.1424,-0.099,9.8867,0.0014,-0.0024,9.8066,-0.0198,-0.0289,-0.0238,-10.62,-36.62,-9.75,247.14,-83.15,-144.75
52.417934,-1.545768,151.87,0,3,6.93,21 / 21,2944029,2019-09-06 19:05:10:711,0.2644,0.0597,9.756,-0.0021,-0.0042,9.8066,0.0145,0.0212,0.0128,-11.62,-36,-10,250.52,-83.14,-144.66
52.417934,-1.545768,151.87,0,3,6.93,21 / 21,2944128,2019-09-06 19:05:10:810,0.0757,-0.0339,9.9203,-0.0002,-0.0002,9.8066,0.0221,-0.0039,0.0278,-11.75,-36.31,-9.75,250.49,-83.17,-144.76
52.417934,-1.545768,151.87,0,3,6.93,21 / 21,2944228,2019-09-06 19:05:10:910,0.1779,0.18,9.8934,0.0021,-0.0018,9.8066,-0.0065,-0.0244,-0.0199,-11.5,-36.75,-10.25,247.23,-83.14,-144.63
52.417934,-1.545768,151.87,0,3,6.93,21 / 21,2944329,2019-09-06 19:05:11:011,-0.2291,-0.1358,9.9162,-0.0038,0.0013,9.8066,0.0088,0.0214,0.0194,-11.31,-36.25,-10.06,247.64,-83.13,-144.59
52.417934,-1.545768,151.87,0,3,6.93,21 / 21,2944431,2019-09-06 19:05:11:113,0.0792,0.2095,9.7723,0.004,-0.0011,9.8066,0.005,-0.0233,0.0025,-11.44,-36.56,-9.19,249.24,-83.17,-144.67
52.417934,-1.545768,151.87,0,3,6.93,21 / 21,2944529,2019-09-06 19:05:11:211,0.1427,-0.0932,9.6588,0.0016,0.0009,9.8066,-0.0315,-0.0074,-0.0339,-11.06,-35.75,-10.19,247.7,-83.11,-144.48
52.417934,-1.545768,151.87,0,3,6.93,21 / 21,2944628,2019-09-06 19:05:11:310,0.1825,0.183,9.7478,-0.0035,-0.0016,9.8066,0.0116,0.0158,0.0145,-11.25,-36.12,-9.87,247.75,-83.15,-144.51
52.417934,-1.545768,151.87,0,3,6.93,21 / 21,2944729,2019-09-06 19:05:11:411,-0.0244,-0.1105,9.8579,0.0011,-0.0003,9.8066,0.0122,-0.0175,0.0086,-11.44,-36.62,-10.06,247.37,-83.16,-144.54
52.417934,-1.545768,151.87,0,3,6.93,21 / 21,2944828,2019-09-06 19:05:11:510,-0.1571,-0.1756,10.0184,0.0041,0.0019,9.8066,-0.0186,-0.001,-0.0213,-11.37,-36.56,-9.62,247.36,-83.13,-144.45
52.417934,-1.545768,151.87,0,3,6.93,21 / 21,2944929,2019-09-06 19:05:11:611,0.0041,0.0928,9.9445,-0.0014,0.0003,9.8066,-0.0006,0.0056,0.0153,-11.19,-36.44,-9.5,249.73,-83.14,-144.52
52.417934,-1.545768,151.87,0,3,6.93,21 / 21,2945028,2019-09-06 19:05:11:710,0.1806,0.1882,9.801,0.0009,0.0016,9.8066,0.021,0.0014,0.0228,-11.31,-36.31,-9.69,247.8,-83.16,-144.48
52.417934,-1.545768,151.87,0,3,6.93,21 / 21,2945129,2019-09-06 19:05:11:811,-0.1289,-0.1465,10.0186,0.0022,0.0004,9.8066,-0.0221,-0.0212,-0.0207,-11.62,-36.37,-9.56,250.72,-83.12,-144.4
52.417934,-1.545768,151.87,0,3,6.93,21 / 21,2945228,2019-09-06 19:05:11:910,-0.1732,-0.0074,9.9601,-0.0015,0.0006,9.8066,-0.0046,-0.0121,-0.0021,-11.06,-36.06,-10.06,247.8,-83.13,-144.41
52.417934,-1.545768,151.87,0,3,6.93,21 / 21,2945329,2019-09-06 19:05:12:011,-0.1032,-0.0417,9.9454,0.0004,0.0016,9.8066,0.0175,0.0041,0.0209,-11.25,-36.56,-9.56,247.44,-83.17,-144.47
52.417934,-1.545768,151.87,0,3,6.93,21 / 21,2945428,2019-09-06 19:05:12:110,-0.1874,-0.2932,9.9961,0.0023,0.0016,9.8066,-0.0203,-0.0242,-0.0117,-10.94,-36.37,-10.06,247.7,-83.14,-144.55
52.417934,-1.545768,151.87,0,3,6.93,21 / 21,2945529,2019-09-06 19:05:12:211,0.2197,0.2901,9.7486,-0.0031,-0.0028,9.8066,0.0173,-0.0032,-0.0001,-11.31,-36.12,-9.94,247.85,-83.15,-144.4
52.417934,-1.545768,151.87,0,3,6.93,21 / 21,2945629,2019-09-06 19:05:12:311,0.1216,-0.0682,9.7147,-0.0032,0.0002,9.8066,0.022,0.0076,0.0347,-11.06,-36.06,-9.62,247.73,-83.17,-144.6
52.417934,-1.545768,151.87,0,3,6.93,21 / 21,2945729,2019-09-06 19:05:12:411,-0.0031,0.1016,9.9303,0.0024,-0.0002,9.8066,-0.0158,-0.0336,-0.0269,-11,-36.37,-10.19,247.81,-83.15,-144.45
52.417934,-1.545768,151.87,0,3,6.93,21 / 21,2945829,2019-09-06 19:05:12:511,-0.0682,-0.1834,9.896,-0.0026,-0.0022,9.8066,0.0024,0.0147,-0.0109,-11.44,-36.62,-10.25,247.39,-83.16,-144.5
52.417934,-1.545768,151.87,0,3,6.93,21 / 21,2945929,2019-09-06 19:05:12:611,-0.1793,-0.0197,10.0517,-0.0005,-0.0007,9.8066,0.0249,-0.0024,0.0279,-11.75,-36.75,-9.69,250.18,-83.18,-144.7
52.417934,-1.545768,151.87,0,3,6.93,21 / 21,2946029,2019-09-06 19:05:12:711,0.0204,-0.0484,9.7568,0.0032,0.0004,9.8066,-0.0269,-0.0126,-0.0305,-11.44,-36.31,-9.56,247.78,-83.15,-144.49
52.417934,-1.545768,151.87,0,3,6.93,21 / 21,2946128,2019-09-06 19:05:12:810,0.1201,0.0543,9.7874,-0.0025,-0.0006,9.8066,-0.0081,0.0066,0.0051,-11.19,-36.25,-9.87,247.83,-83.16,-144.44
52.417934,-1.545768,151.87,0,3,6.93,21 / 21,2946228,2019-09-06 19:05:12:910,0.3271,0.3365,9.6714,-0.0013,-0.0018,9.8066,0.0345,-0.0077,0.0272,-11.19,-36.25,-9.44,249.92,-83.19,-144.42
52.417934,-1.545768,151.87,0,3,6.93,21 / 21,2946329,2019-09-06 19:05:13:011,0.1385,-0.0302,9.7894,0.0022,0.0006,9.8066,-0.0174,-0.0054,-0.0151,-11.69,-36.25,-9.69,250.82,-83.15,-144.37
52.417934,-1.545768,151.87,0,3,6.93,21 / 21,2946429,2019-09-06 19:05:13:111,-0.0308,0.0294,9.9101,0.0006,0.0019,9.8066,0.0052,0.001,0.0107,-11.12,-36.87,-9.37,249.4,-83.14,-144.42
52.417934,-1.545768,151.87,0,3,6.93,21 / 21,2946528,2019-09-06 19:05:13:210,-0.201,-0.3406,9.9783,-0.0011,0.0007,9.8066,0.0238,0.0001,0.0252,-11.19,-36.56,-9.87,247.51,-83.18,-144.41
52.417934,-1.545768,151.87,0,3,6.93,21 / 21,2946628,2019-09-06 19:05:13:310,-0.1942,-0.1111,10.0394,0.004,0.0022,9.8066,-0.0135,-0.0077,-0.0097,-11.44,-36.31,-9.44,249.84,-83.16,-144.44
52.417934,-1.545768,151.87,0,3,6.93,21 / 21,2946729,2019-09-06 19:05:13:411,0.0977,-0.0285,9.7041,-0.0031,-0.0009,9.8066,0.0055,-0.0103,0.001,-11.12,-36.62,-10.12,247.4,-83.15,-144.46
52.417934,-1.545768,151.87,0,3,6.93,21 / 21,2946828,2019-09-06 19:05:13:510,0.1058,0.1571,9.8055,-0.0013,0.0008,9.8066,0.0233,0.0111,0.0305,-10.81,-36.44,-9.94,247.78,-83.17,-144.54
52.417934,-1.545768,151.87,0,3,6.93,21 / 21,2946929,2019-09-06 19:05:13:611,-0.0139,0.1643,9.8597,0.0044,-0.0001,9.8066,-0.0206,-0.0199,-0.0192,-11.44,-36.5,-9.69,247.75,-83.13,-144.47
52.417934,-1.545768,151.87,0,3,6.93,21 / 21,2947029,2019-09-06 19:05:13:711,-0.0191,-0.0227,9.7844,-0.001,0.0008,9.8066,-0.0063,-0.0091,-0.0145,-11.31,-36.19,-9.81,247.76,-83.12,-144.45
52.417934,-1.545768,151.87,0,3,6.93,21 / 21,2947128,2019-09-06 19:05:13:810,0.1311,0.0509,9.8516,-0.0013,0.0003,9.8066,0.0275,0.0038,0.0323,-11.19,-36.81,-9.81,247.42,-83.17,-144.49
52.417934,-1.545768,151.87,0,3,6.93,21 / 21,2947229,2019-09-06 19:05:13:911,0.0623,-0.0774,9.7776,0.0054,0.0012,9.8066,-0.0213,-0.0289,-0.0231,-11.5,-36.5,-10.25,247.73,-83.13,-144.48
52.417934,-1.545768,151.87,0,3,6.93,21 / 21,2947329,2019-09-06 19:05:14:011,0.191,0.0615,9.7137,-0.0029,0.002,9.8066,0.0166,0.0122,0.0053,-11.5,-36.56,-10.25,247.23,-83.13,-144.61
52.417934,-1.545768,151.87,0,3,6.93,21 / 21,2947429,2019-09-06 19:05:14:111,0.1978,-0.0964,9.6746,-0.0012,0.001,9.8066,0.0208,0.0007,0.0394,-11.44,-36.69,-10.12,247.16,-83.16,-144.77
52.417934,-1.545768,151.87,0,3,6.93,21 / 21,2947528,2019-09-06 19:05:14:210,-0.0382,0.0482,9.966,0.003,-0.0024,9.8066,-0.0111,-0.0196,-0.0261,-11,-36.5,-10.25,247.72,-83.13,-144.51
52.417934,-1.545768,151.87,0,3,6.93,21 / 21,2947628,2019-09-06 19:05:14:310,-0.1445,-0.2666,9.9197,-0.0034,-0.0032,9.8066,0.0044,0.0009,-0.0076,-10.81,-36.25,-10.12,247.8,-83.14,-144.43
52.417934,-1.545768,151.87,0,3,6.93,21 / 21,2947729,2019-09-06 19:05:14:411,-0.073,-0.0659,10.0327,0,-0.0004,9.8066,0.0252,-0.0037,0.0221,-11.37,-36.56,-9.81,247.33,-83.16,-144.56
52.417934,-1.545768,151.87,0,3,6.93,21 / 21,2947828,2019-09-06 19:05:14:510,-0.1986,0.0189,9.9807,0.0009,0.0001,9.8066,0.002,-0.0111,-0.0113,-11.44,-37.12,-9.62,247.28,-83.15,-144.59
52.417934,-1.545768,151.87,0,3,6.93,21 / 21,2947929,2019-09-06 19:05:14:611,-0.0665,-0.0449,9.8123,-0.0013,-0.0006,9.8066,-0.0008,-0.0057,-0.005,-11.25,-36.62,-9.94,247.29,-83.14,-144.56
52.417934,-1.545768,151.87,0,3,6.93,21 / 21,2948028,2019-09-06 19:05:14:710,0.1813,0.1779,9.7942,-0.0029,-0.001,9.8066,0.0329,0.0007,0.0276,-11.25,-36.87,-9.44,249.2,-83.16,-144.68
52.417934,-1.545768,151.87,0,3,6.93,21 / 21,2948129,2019-09-06 19:05:14:811,0.1524,-0.103,9.7366,0.0032,0.0019,9.8066,-0.0204,-0.0039,-0.0157,-11.25,-36.62,-9.94,247.07,-83.12,-144.77
52.417934,-1.545768,151.87,0,3,6.93,21 / 21,2948228,2019-09-06 19:05:14:910,0.0523,0.1344,9.8765,-0.0003,-0.0009,9.8066,-0.0199,-0.0173,-0.0239,-11.25,-36.62,-9.19,249.12,-83.13,-144.7
52.417934,-1.545768,151.87,0,3,6.93,21 / 21,2948328,2019-09-06 19:05:15:010,-0.1062,-0.2935,9.9252,-0.0005,-0.0005,9.8066,0.0225,0.0111,0.034,-11.5,-36.5,-9.56,247.5,-83.16,-144.82
52.417934,-1.545768,151.87,0,3,6.93,21 / 21,2948429,2019-09-06 19:05:15:111,-0.1667,-0.0326,10.0925,0.0044,0.0021,9.8066,-0.0066,-0.0063,-0.0034,-11.12,-36.25,-9.56,247.47,-83.14,-144.81
52.417934,-1.545768,151.87,0,3,6.93,21 / 21,2948528,2019-09-06 19:05:15:210,0.1053,0.0375,9.6764,-0.0032,-0.0003,9.8066,0.005,-0.0081,-0.0067,-11.44,-35.87,-10.19,247.48,-83.12,-144.76
52.417934,-1.545768,151.87,0,3,6.93,21 / 21,2948631,2019-09-06 19:05:15:313,0.1917,0.2684,9.7371,-0.0014,0.0025,9.8065,0.0223,0.0099,0.0317,-11.12,-36.31,-9.62,247.4,-83.15,-144.92
52.417934,-1.545768,151.87,0,3,6.93,21 / 21,2948729,2019-09-06 19:05:15:411,-0.1727,-0.33,10.0006,0.0052,0.002,9.8066,-0.0296,-0.0086,-0.0268,-11,-36.12,-9.62,247.38,-83.12,-144.85
52.417934,-1.545768,151.87,0,3,6.93,21 / 21,2948829,2019-09-06 19:05:15:511,-0.1891,-0.1044,10.013,-0.0022,0.0006,9.8066,-0.0022,-0.0134,0.0009,-11.06,-36.69,-10.06,247,-83.12,-144.86
52.417934,-1.545768,151.87,0,3,6.93,21 / 21,2948928,2019-09-06 19:05:15:610,-0.3739,-0.3368,9.9823,-0.0005,-0.001,9.8066,0.0223,-0.011,0.0184,-11.25,-35.87,-9.56,247.33,-83.15,-145
52.417934,-1.545768,151.87,0,3,6.93,21 / 21,2949028,2019-09-06 19:05:15:710,-0.2117,-0.0244,9.9922,0.0015,-0.0005,9.8065,-0.0251,-0.0077,-0.0202,-11.19,-36.75,-9.5,248.82,-83.12,-145.02
52.417934,-1.545768,151.87,0,3,6.93,21 / 21,2949129,2019-09-06 19:05:15:811,0.2105,0.0175,9.6333,-0.0035,-0.0013,9.8066,0.029,-0.0037,0.0262,-11.25,-36.12,-10.12,247.35,-83.15,-144.96
52.417934,-1.545768,151.87,0,3,6.93,21 / 21,2949228,2019-09-06 19:05:15:910,0.3452,0.1471,9.754,0.0015,-0.0014,9.8066,0.0292,-0.0112,0.0172,-11.25,-36.06,-9.75,247.42,-83.15,-144.88
52.417934,-1.545768,151.87,0,3,6.93,21 / 21,2949330,2019-09-06 19:05:16:012,-0.355,-0.3213,10.0037,-0.0006,-0.0006,9.8066,-0.0316,-0.0012,-0.0191,-11.25,-36.37,-9.69,247.33,-83.1,-144.88
52.417934,-1.545768,151.87,0,3,6.93,21 / 21,2949429,2019-09-06 19:05:16:111,-0.2004,-0.079,10.0088,-0.0038,-0.0018,9.8066,0.0395,-0.0095,0.0258,-11.25,-36.81,-9.37,249.02,-83.15,-144.88
52.417934,-1.545768,151.87,0,3,6.93,21 / 21,2949528,2019-09-06 19:05:16:210,-0.0775,0.0373,9.8272,0.0028,0,9.8066,-0.0243,-0.0037,-0.009,-11.31,-35.94,-10.06,247.35,-83.15,-144.97
52.417934,-1.545768,151.87,0,3,6.93,21 / 21,2949629,2019-09-06 19:05:16:311,-0.1737,-0.0694,9.9114,-0.0005,-0.0013,9.8066,-0.0188,-0.0087,-0.0184,-11.56,-36.56,-9.87,249.92,-83.13,-144.87
52.417934,-1.545768,151.87,0,3,6.93,21 / 21,2949728,2019-09-06 19:05:16:410,0.2777,0.1132,9.7166,-0.0015,0.001,9.8066,0.0251,-0.0024,0.0294,-11,-36.37,-9.56,247.42,-83.16,-144.92
52.417934,-1.545768,151.87,0,3,6.93,21 / 21,2949829,2019-09-06 19:05:16:511,0.0905,-0.0543,9.8984,0.0028,0.0005,9.8066,-0.0233,-0.0186,-0.0215,-11.25,-36.25,-9.94,247.4,-83.14,-144.9
52.417934,-1.545768,151.87,0,3,6.93,21 / 21,2949929,2019-09-06 19:05:16:611,0.1127,0.1381,9.9008,-0.0011,0.0005,9.8066,-0.0095,-0.0082,-0.004,-10.69,-36.31,-9.94,247.34,-83.12,-144.92
52.417934,-1.545768,151.87,0,3,6.93,21 / 21,2950029,2019-09-06 19:05:16:711,-0.3767,-0.3402,9.9991,-0.001,-0.0015,9.8066,0.026,-0.0039,0.0184,-11.19,-36.69,-9.37,248.97,-83.16,-144.96
52.417934,-1.545768,151.87,0,3,6.93,21 / 21,2950128,2019-09-06 19:05:16:810,-0.2902,-0.0974,10.0311,0.0026,-0.0002,9.8066,-0.023,-0.0065,-0.026,-11.69,-36.31,-9.75,250.3,-83.14,-144.92
52.417934,-1.545768,151.87,0,3,6.93,21 / 21,2950229,2019-09-06 19:05:16:911,-0.1203,-0.133,9.8509,-0.004,-0.0032,9.8066,0.0101,-0.0054,0.0045,-11.19,-36.56,-9.62,247.11,-83.16,-144.81
52.417934,-1.545768,151.87,0,3,6.93,21 / 21,2950330,2019-09-06 19:05:17:012,-0.2959,-0.208,9.9679,-0.0015,-0.0003,9.8066,0.0164,-0.008,0.0173,-11.69,-36.25,-9.81,250.39,-83.19,-144.93
52.417934,-1.545768,151.87,0,3,6.93,21 / 21,2950429,2019-09-06 19:05:17:111,0.2974,0.284,9.6583,0.0045,0.0003,9.8066,-0.0182,-0.0084,-0.0271,-11.5,-36.5,-9.69,247.55,-83.16,-144.76
52.417934,-1.545768,151.87,0,3,6.93,21 / 21,2950528,2019-09-06 19:05:17:210,0.2083,-0.0482,9.6912,-0.0037,-0.0013,9.8066,0.0255,-0.0031,0.0269,-10.81,-36.31,-9.75,247.61,-83.2,-144.78
52.417934,-1.545768,151.87,0,3,6.93,21 / 21,2950629,2019-09-06 19:05:17:311,0.3925,0.2327,9.7503,0.0016,-0.0008,9.8066,0.0142,-0.0234,0.005,-11.25,-36.5,-9.44,249.63,-83.19,-144.75
52.417934,-1.545768,151.87,0,3,6.93,21 / 21,2950729,2019-09-06 19:05:17:411,0.0165,-0.1926,9.8257,-0.0033,-0.0019,9.8066,-0.0032,0.0115,-0.0056,-10.69,-36.87,-9.37,249.12,-83.14,-144.73
52.417934,-1.545768,151.87,0,3,6.93,21 / 21,2950829,2019-09-06 19:05:17:511,-0.1005,0.1606,9.8781,-0.0031,-0.0017,9.8066,0.0247,-0.0052,0.0348,-10.5,-36.44,-8.94,246.39,-83.2,-144.79
52.417934,-1.545768,151.87,0,3,6.93,21 / 21,2950929,2019-09-06 19:05:17:611,0.0407,-0.0109,9.8166,0.0043,0.0029,9.8066,-0.0342,-0.0201,-0.0318,-11.56,-36.56,-10,250.12,-83.16,-144.72
52.417934,-1.545768,151.87,0,3,6.93,21 / 21,2951028,2019-09-06 19:05:17:710,0.2372,0.2617,9.6647,-0.0039,0.0015,9.8066,0.009,0.0113,0.0091,-10.94,-36.06,-9.44,249.57,-83.19,-144.82
52.417934,-1.545768,151.87,0,3,6.93,21 / 21,2951129,2019-09-06 19:05:17:811,-0.1263,-0.2525,10.0521,0.0049,0.0024,9.8066,-0.0144,-0.0142,0.0093,-11.37,-36.25,-9.75,247.47,-83.18,-144.91
52.417934,-1.545768,151.87,0,3,6.93,21 / 21,2951228,2019-09-06 19:05:17:910,-0.1381,-0.0845,9.9355,0.0007,-0.0009,9.8066,-0.0117,-0.0055,-0.0196,-11.12,-36.69,-10.06,247.14,-83.16,-144.79
52.417934,-1.545768,151.87,0,3,6.93,21 / 21,2951329,2019-09-06 19:05:18:011,-0.1414,-0.0628,9.9428,-0.0066,-0.0034,9.8066,0.0308,0.0033,0.0301,-11.31,-37.06,-10.06,247.09,-83.19,-144.9
52.417934,-1.545768,151.87,0,3,6.93,21 / 21,2951429,2019-09-06 19:05:18:111,-0.2242,-0.0463,9.9622,0.0035,0.0007,9.8066,-0.0275,-0.0213,-0.0138,-11.56,-36.25,-9.62,250.6,-83.22,-144.74
52.417934,-1.545768,151.87,0,3,6.93,21 / 21,2951529,2019-09-06 19:05:18:211,0.1691,0.0254,9.7591,-0.003,-0.0024,9.8066,0.0276,-0.0008,0.0058,-10.62,-36.44,-9.75,247.95,-83.24,-144.51
52.417934,-1.545768,151.87,0,3,6.93,21 / 21,2951628,2019-09-06 19:05:18:310,0.3574,0.1108,9.8022,-0.0029,-0.0033,9.8066,0.0361,-0.0023,0.0296,-11.06,-36.5,-9.62,247.91,-83.26,-144.59
52.417934,-1.545768,151.87,0,3,6.93,21 / 21,2951729,2019-09-06 19:05:18:411,0.3094,-0.0913,9.8831,0.0009,0.0007,9.8066,-0.024,-0.0123,-0.0289,-11.25,-37.25,-9.62,247.35,-83.21,-144.68
52.417934,-1.545768,151.87,0,3,6.93,21 / 21,2951829,2019-09-06 19:05:18:511,-0.2848,-0.2564,10.0659,-0.0018,0.0017,9.8066,0.0183,0.0072,0.0163,-10.87,-36.25,-9.69,247.64,-83.23,-144.82
52.417934,-1.545768,151.87,0,3,6.93,21 / 21,2951929,2019-09-06 19:05:18:611,-0.2008,-0.1382,10.0352,0.004,0.0009,9.8066,-0.0025,-0.012,0.0007,-11.06,-36.44,-9.06,249.68,-83.25,-144.84
52.417934,-1.545768,151.87,0,3,6.93,21 / 21,2952029,2019-09-06 19:05:18:711,-0.2841,-0.2681,9.9164,-0.0002,-0.0029,9.8066,-0.0228,-0.0219,-0.031,-11.37,-36.31,-9.75,247.68,-83.2,-144.72
52.417934,-1.545768,151.87,0,3,6.93,21 / 21,2952129,2019-09-06 19:05:18:811,0.3,0.2335,9.7152,-0.004,0,9.8066,0.0322,0.0171,0.0317,-11.31,-36.25,-9.75,247.52,-83.24,-145
52.417934,-1.545768,151.87,0,3,6.93,21 / 21,2952228,2019-09-06 19:05:18:910,0.1524,-0.135,9.764,0.0018,0.0015,9.8066,0.0038,-0.002,0.0159,-11.06,-36.44,-10,247.35,-83.22,-145.13
52.417934,-1.545768,151.87,0,3,6.93,21 / 21,2952328,2019-09-06 19:05:19:010,0.3298,0.1586,9.7229,0.0013,0.0031,9.8066,-0.0217,-0.0105,-0.0237,-11.19,-36.44,-10.19,247.58,-83.2,-144.82
52.417934,-1.545768,151.87,0,3,6.93,21 / 21,2952429,2019-09-06 19:05:19:111,-0.0993,0.0261,9.9362,-0.0043,-0.0012,9.8066,0.0204,0.0065,0.0366,-10.81,-36.19,-9.56,247.59,-83.25,-144.93
52.417934,-1.545768,151.87,0,3,6.93,21 / 21,2952529,2019-09-06 19:05:19:211,-0.2451,-0.3046,10.0733,0.0044,0.0012,9.8066,-0.0115,-0.015,-0.0113,-11,-36.19,-9.19,249.58,-83.22,-144.88
52.417934,-1.545768,151.87,0,3,6.93,21 / 21,2952628,2019-09-06 19:05:19:310,-0.1394,0.0588,9.9376,0.0009,0.0014,9.8066,-0.0042,-0.0176,-0.025,-11,-35.81,-9.87,247.63,-83.2,-144.78
52.417934,-1.545768,151.87,0,3,6.93,21 / 21,2952729,2019-09-06 19:05:19:411,-0.0343,0.0784,9.8281,-0.0003,0.0004,9.8066,0.006,0.0188,0.024,-11.31,-36.37,-9.87,247.61,-83.24,-144.89
52.417934,-1.545768,151.87,0,3,6.93,21 / 21,2952829,2019-09-06 19:05:19:511,0.0472,-0.4406,9.8849,0.0002,-0.0019,9.8066,0.0143,0.0082,0.0039,-10.81,-35.56,-9.87,247.61,-83.25,-144.89
52.417934,-1.545768,151.87,0,3,6.93,21 / 21,2952929,2019-09-06 19:05:19:611,0.1574,0.289,9.8546,-0.0038,-0.0051,9.8066,0.0311,-0.0156,0.0113,-11.69,-36.12,-10.31,250.65,-83.26,-144.78
52.417934,-1.545768,151.87,0,3,6.93,21 / 21,2953029,2019-09-06 19:05:19:711,-0.3217,-0.1765,10.019,0,-0.0038,9.8066,0.0023,-0.0083,-0.0148,-11.25,-36.12,-9.94,247.73,-83.24,-144.74
52.417934,-1.545768,151.87,0,3,6.93,21 / 21,2953129,2019-09-06 19:05:19:811,0.4845,0.3559,9.7939,-0.0002,0.005,9.8066,0.0091,-0.017,0.0286,-10.94,-36.12,-9.81,247.5,-83.22,-144.97
52.417934,-1.545768,151.87,0,3,6.93,21 / 21,2953228,2019-09-06 19:05:19:910,0.1222,0.2226,9.8123,0.0067,0.0059,9.8066,-0.0204,0.0068,-0.0053,-10.56,-36.06,-9.69,247.28,-83.17,-145.09
52.417934,-1.545768,151.87,0,3,6.93,21 / 21,2953328,2019-09-06 19:05:20:010,0.658,0.9605,10.0267,0.0029,0.0048,9.8066,0.0275,0.0082,-0.0046,-10.81,-36.06,-9.62,246.97,-83.14,-145.37
52.417934,-1.545768,151.87,0,3,6.93,21 / 21,2953429,2019-09-06 19:05:20:111,0.5516,0.8337,9.8875,0.0042,0.0105,9.8066,0.0017,-0.0123,0.0014,-11.19,-35.81,-9.62,245.98,-83.02,-146.22
52.417934,-1.545768,151.87,0,3,6.93,21 / 21,2953528,2019-09-06 19:05:20:210,1.3375,2.1867,9.8347,0.0021,0.0037,9.8066,0.0026,-0.0018,0.0065,-11.25,-36.25,-9.44,247.34,-82.97,-146.79
52.417934,-1.545768,151.87,0,3,6.93,21 / 21,2953629,2019-09-06 19:05:20:311,0.728,1.0733,9.7492,0.0007,0.0029,9.8066,-0.0244,-0.0058,-0.0024,-11.25,-36.69,-9.56,244.55,-82.91,-147.13
52.417934,-1.545768,151.87,0,3,6.93,21 / 21,2953728,2019-09-06 19:05:20:410,1.0376,1.4569,9.9365,-0.002,-0.0004,9.8066,0.0128,-0.0242,-0.0003,-11.19,-36.69,-9.75,244.37,-82.93,-147.38
52.417934,-1.545768,151.87,0,3,6.93,21 / 21,2953828,2019-09-06 19:05:20:510,1.0246,2.1221,9.7982,-0.0019,0.0008,9.8066,0.0108,0.0156,-0.0249,-11.19,-36.62,-9.75,244.42,-82.96,-147.41
52.417934,-1.545768,151.87,0,3,6.93,21 / 21,2953928,2019-09-06 19:05:20:610,1.404,2.316,9.8206,-0.0024,-0.0004,9.8066,0.0003,0.0168,0.0169,-11.37,-36.19,-10.19,244.61,-83.01,-147.74
52.417934,-1.545768,151.87,0,3,6.93,21 / 21,2954029,2019-09-06 19:05:20:711,1.3654,2.4923,9.8041,0.0031,0.0022,9.8066,-0.0009,0.0074,0.0073,-10.69,-36.87,-9.87,244.02,-82.96,-147.86
52.417934,-1.545768,151.87,0,3,6.93,21 / 21,2954128,2019-09-06 19:05:20:810,1.1858,1.6983,9.912,0.0055,0.0066,9.8066,-0.0013,0.0112,0.0002,-11.25,-36,-9.62,244.11,-82.88,-148.02
52.417934,-1.545768,151.87,0,3,6.93,21 / 21,2954228,2019-09-06 19:05:20:910,1.0799,1.4253,10.0475,0.0015,0.0076,9.8066,-0.0139,-0.0067,-0.006,-11.56,-36.25,-9.94,246.9,-82.89,-148.13
52.417934,-1.545768,151.87,0,3,6.93,21 / 21,2954328,2019-09-06 19:05:21:010,1.051,1.6311,9.9123,-0.0055,-0.0051,9.8066,-0.0047,-0.0146,-0.0114,-11.44,-36.37,-9.81,243.93,-82.92,-148.32
52.417934,-1.545768,151.87,0,3,6.93,20 / 21,2954428,2019-09-06 19:05:21:110,0.9987,1.8691,9.7293,-0.005,0.0035,9.8066,0.0003,0.0116,0.0001,-11.44,-36.5,-9.25,245.59,-82.96,-148.76
52.417934,-1.545768,151.87,0,3,6.93,20 / 21,2954529,2019-09-06 19:05:21:211,1.2701,1.382,9.7176,0.0032,0.0071,9.8066,-0.0204,-0.0032,-0.0286,-11.31,-36.81,-9.12,244.86,-82.99,-149.19
52.417934,-1.545768,151.87,0,3,6.93,20 / 21,2954628,2019-09-06 19:05:21:310,0.9364,1.4762,9.8504,-0.0032,0.0081,9.8066,0.0307,-0.0171,-0.0294,-11,-36.62,-8.69,244.46,-83.01,-149.71
52.417934,-1.545768,151.87,0,3,6.93,20 / 21,2954729,2019-09-06 19:05:21:411,1.3096,2.0756,10.2221,-0.0011,0.0145,9.8065,-0.0055,0.0001,0,-11.5,-37.44,-9.62,241.47,-83.03,-150.96
52.417934,-1.545768,151.87,0,3,6.93,20 / 21,2954829,2019-09-06 19:05:21:511,1.1587,2.0106,9.8935,-0.0073,-0.0028,9.8066,0.0325,-0.0029,-0.0273,-11.94,-36.69,-10.12,244.34,-83.12,-151.11
52.417934,-1.545768,151.87,0,3,6.93,20 / 21,2954930,2019-09-06 19:05:21:612,1.463,2.0474,10.228,-0.0201,-0.0084,9.8066,0.0575,-0.0129,-0.0146,-11.75,-37,-9.69,244,-83.14,-151.53
52.417934,-1.545768,151.87,0,3,6.93,20 / 21,2955028,2019-09-06 19:05:21:710,1.3814,1.2468,10.1614,-0.0159,-0.0207,9.8066,0.0041,-0.0124,-0.0125,-11.75,-36.62,-9,246.19,-83.33,-151.79
52.417934,-1.545768,151.87,0,3,6.93,20 / 21,2955128,2019-09-06 19:05:21:810,0.8785,1.4489,10.0433,-0.0016,0.0142,9.8066,-0.0049,-0.0047,-0.005,-11.56,-36.81,-9.75,243.03,-83.3,-152.98
52.417934,-1.545768,151.87,0,3,6.93,20 / 21,2955228,2019-09-06 19:05:21:910,1.2969,1.0618,9.978,0.005,0.0086,9.8066,0.007,-0.0072,-0.0123,-11.62,-36.69,-9.06,244.87,-83.3,-153.22
52.417934,-1.545768,151.87,0,3,6.93,20 / 21,2955329,2019-09-06 19:05:22:011,0.7651,1.2298,9.9113,-0.0115,0.005,9.8066,0.0419,-0.0051,-0.0059,-11.44,-36.69,-9.25,241.21,-83.36,-154.3
52.417934,-1.545768,151.87,0,3,6.93,21 / 21,2955429,2019-09-06 19:05:22:111,0.6935,0.9612,9.639,-0.0068,0.0075,9.8066,-0.0028,0.0222,-0.031,-11.56,-36.62,-9.12,243.18,-83.37,-155.3
52.417934,-1.545768,151.87,0,3,6.93,21 / 21,2955529,2019-09-06 19:05:22:211,-0.7941,0.2423,9.8226,-0.0216,-0.0153,9.8066,-0.0013,0.0558,-0.0753,-11.75,-36.75,-9.19,242.86,-83.53,-156.01
52.417934,-1.545768,151.87,0,3,6.93,21 / 21,2955629,2019-09-06 19:05:22:311,0.5361,-0.2944,10.3287,-0.0356,-0.011,9.8065,0.1391,-0.0476,-0.0247,-12,-37.75,-9.25,242.65,-83.96,-156.86
52.417934,-1.545768,151.87,0,3,6.93,21 / 21,2955728,2019-09-06 19:05:22:410,-0.053,0.6261,10.7137,0.0127,0.035,9.8066,-0.0344,-0.0123,0.0037,-11.75,-37.12,-9.5,240.92,-83.88,-159.01
52.417934,-1.545768,151.87,0,3,6.93,21 / 21,2955828,2019-09-06 19:05:22:510,0.6942,1.1011,9.5963,0.0116,0.0219,9.8065,0.0171,-0.0009,-0.0005,-12.25,-37.31,-9,240.33,-83.87,-159.65
52.417934,-1.545768,151.87,0,3,6.93,21 / 21,2955929,2019-09-06 19:05:22:611,0.746,0.4556,9.582,0.0088,0.0222,9.8065,0.0365,-0.0279,-0.0064,-12,-38.06,-7.44,243.32,-83.72,-160.99
52.417934,-1.545768,151.87,0,3,6.93,21 / 21,2956028,2019-09-06 19:05:22:710,-0.3079,1.025,10.2307,-0.0046,-0.0083,9.8066,0.247,0.0229,-0.0689,-12.12,-38.19,-7,243.51,-83.78,-160.92
52.417934,-1.545768,151.87,0,3,6.93,21 / 21,2956129,2019-09-06 19:05:22:811,3.5529,1.8392,10.4576,0.0719,0.0879,9.8059,-0.2099,-0.0491,0.029,-11.81,-38.31,-6.69,244.23,-83.98,-160.6
52.417934,-1.545768,151.87,0,3,6.93,21 / 21,2956229,2019-09-06 19:05:22:911,1.3223,1.3542,10.5415,0.0491,0.0618,9.8063,0.0535,-0.0076,-0.0293,-11.25,-37.25,-6.12,241.23,-83.53,-163.29
52.417934,-1.545768,151.87,0,3,6.93,21 / 21,2956329,2019-09-06 19:05:23:011,1.4663,2.2955,9.9348,0.009,0.0194,9.8065,-0.2508,-0.1077,0.0438,-10.69,-36.94,-5.25,243.8,-83.6,-163.98
52.417934,-1.545768,151.87,0,3,6.93,21 / 21,2956429,2019-09-06 19:05:23:111,1.1256,0.7202,9.7267,0.0175,0.0327,9.8065,-0.2637,0.0249,0.0081,-10.44,-37.06,-5.62,237.16,-83.55,-164.53
52.417934,-1.545768,151.87,0,3,6.93,21 / 21,2956528,2019-09-06 19:05:23:210,2.8883,1.6727,9.6498,-0.0006,0.0021,9.8066,0.1151,-0.0731,0.0002,-9.75,-35.94,-5.62,237.12,-83.54,-165.03
52.417934,-1.545768,151.87,0,3,6.93,21 / 21,2956629,2019-09-06 19:05:23:311,2.9217,1.9336,10.1754,0.0166,0.0161,9.8066,0.1564,-0.0905,0.0003,-8.81,-35.37,-5.69,233.93,-83.44,-165.08
52.417934,-1.545768,151.87,0,3,6.93,21 / 21,2956729,2019-09-06 19:05:23:411,-0.5869,0.9316,8.6952,0.0059,-0.0072,9.8066,-0.2566,0.0098,-0.0735,-8.87,-36.25,-6.75,230.85,-83.29,-164.77
52.417934,-1.545768,151.87,0,3,6.93,21 / 21,2956828,2019-09-06 19:05:23:510,0.0183,-1.1742,9.67,0.0282,0.0474,9.8064,-0.4106,-0.0345,-0.0007,-8.94,-34.94,-6.44,233.34,-83.07,-164.84
52.417934,-1.545768,151.87,0,3,6.93,21 / 21,2956929,2019-09-06 19:05:23:611,0.2504,-0.4935,9.9259,-0.0524,-0.0622,9.8063,0.176,-0.1361,0.0217,-8.31,-35.19,-6,230.18,-83.57,-165.54
52.417934,-1.545768,151.87,0,3,6.93,21 / 21,2957028,2019-09-06 19:05:23:710,1.5816,1.128,10.4696,-0.0393,-0.0468,9.8064,0.0691,-0.0788,0.0634,-8.56,-35.5,-6.69,229.95,-83.4,-166.64
52.417934,-1.545768,151.87,0,3,6.93,21 / 21,2957128,2019-09-06 19:05:23:810,1.0506,1.8338,9.5315,0.0177,0.0241,9.8065,0.1091,0.0669,0.0452,-8.56,-35.12,-6.56,228.72,-83.04,-167.3
52.417934,-1.545768,151.87,0,3,6.93,21 / 21,2957228,2019-09-06 19:05:23:910,1.1053,1.5124,8.9663,0.0241,0.0396,9.8065,-0.0191,0.0169,0.0205,-8.69,-34.75,-6.87,227.96,-82.77,-167.63
52.417934,-1.545768,151.87,0,3,6.93,21 / 21,2957329,2019-09-06 19:05:24:011,-0.0586,0.1374,9.3343,-0.0306,-0.0498,9.8065,-0.0275,0.018,0.0115,-8.25,-35.06,-7.81,221.73,-82.68,-168.24
52.41801,-1.54573,150.98,5.92,3,7.26,21 / 21,2957429,2019-09-06 19:05:24:111,0.6225,0.4827,10.4833,-0.0169,-0.0307,9.8065,0.1264,-0.016,0.0028,-8.62,-34.25,-7.56,226.18,-83.01,-167.98
52.41801,-1.54573,150.98,5.92,3,7.26,21 / 21,2957529,2019-09-06 19:05:24:211,0.8134,1.4732,9.937,-0.0068,-0.002,9.8066,0.057,-0.0377,-0.019,-8.19,-35.19,-8.25,222.95,-83.15,-167.64
52.41801,-1.54573,150.98,5.92,3,7.26,21 / 21,2957629,2019-09-06 19:05:24:311,0.6992,1.8882,9.5733,0.0044,0.0113,9.8066,0.0519,0.0207,-0.0343,-8.44,-35.25,-8.56,220.79,-83.11,-167.84
52.41801,-1.54573,150.98,5.92,3,7.26,21 / 21,2957729,2019-09-06 19:05:24:411,1.0283,1.1017,9.8648,0.0049,0.0052,9.8066,-0.0036,0.0006,-0.0085,-8.62,-35.56,-7.81,225.28,-83.05,-168.33
52.41801,-1.54573,150.98,5.92,3,7.26,21 / 21,2957828,2019-09-06 19:05:24:510,0.8331,0.3853,9.7489,-0.0028,-0.0014,9.8066,-0.0487,-0.036,-0.0073,-9.06,-36.37,-8.81,223.2,-83.08,-168.47
52.41801,-1.54573,150.98,5.92,3,7.26,21 / 21,2957928,2019-09-06 19:05:24:610,-3.0027,2.3007,9.2408,-0.02,-0.0209,9.8065,0.0296,-0.0398,0.0793,-8.5,-35.81,-9.06,220.34,-83.36,-168.52
52.41801,-1.54573,150.98,5.92,3,7.26,21 / 21,2958029,2019-09-06 19:05:24:711,0.09,0.1926,10.7006,0.0031,-0.0127,9.8066,-0.1048,0.0227,0.0567,-8.69,-36,-9.25,225.22,-83.29,-166.36
52.41801,-1.54573,150.98,5.92,3,7.26,21 / 21,2958128,2019-09-06 19:05:24:810,-0.7637,1.2621,10.5846,-0.0145,-0.0242,9.8065,0.2428,0.0077,-0.1221,-8.56,-36.19,-8.37,226.61,-83.13,-166.84
52.41801,-1.54573,150.98,5.92,3,7.26,21 / 21,2958229,2019-09-06 19:05:24:911,-1.2023,3.4569,8.7472,-0.0105,0.007,9.8065,0.1938,0.0668,-0.1214,-8.31,-36.94,-8.12,220.46,-82.53,-168.71
52.41801,-1.54573,150.98,5.92,3,7.26,21 / 21,2958330,2019-09-06 19:05:25:012,0.7252,2.5072,8.2716,-0.0156,-0.0255,9.8065,-0.1079,-0.1541,0.133,-8.81,-36.87,-7.87,222.13,-82.02,-169.81
52.41801,-1.54573,150.98,5.92,3,7.26,21 / 21,2958429,2019-09-06 19:05:25:111,-0.1591,0.6858,8.8148,-0.0209,-0.0483,9.8065,-0.0386,-0.1389,-0.013,-8.56,-37.12,-7.94,224.82,-82.58,-167.47
52.41801,-1.54573,150.98,5.92,3,7.26,21 / 21,2958529,2019-09-06 19:05:25:211,-0.0387,-0.2374,9.2614,-0.0428,-0.0464,9.8064,-0.104,-0.0781,-0.008,-8.19,-35.62,-9.19,222.03,-83.84,-167.34
52.41801,-1.54573,150.98,5.92,3,7.26,21 / 21,2958628,2019-09-06 19:05:25:310,0.2635,-0.0798,9.814,-0.0319,-0.0083,9.8066,-0.1133,0.0334,-0.0034,-8.75,-36.19,-9.06,225.45,-84.34,-168.2
52.41801,-1.54573,150.98,5.92,3,7.26,21 / 21,2958729,2019-09-06 19:05:25:411,-1.0353,-0.5606,9.8004,-0.0214,-0.0356,9.8065,0.2956,-0.0023,0.0122,-8.81,-36.25,-9.31,224.15,-84.2,-169.47
52.41801,-1.54573,150.98,5.92,3,7.26,21 / 21,2958829,2019-09-06 19:05:25:511,1.6364,1.1836,9.1452,-0.0165,-0.0097,9.8066,0.1226,-0.0916,0.0333,-8.75,-36,-8.31,225.61,-84,-169.97
52.41801,-1.54573,150.98,5.92,3,7.26,21 / 21,2958929,2019-09-06 19:05:25:611,1.6439,0.2364,9.2896,-0.0147,-0.0345,9.8066,0.0031,-0.0173,-0.0037,-9.06,-36,-8.94,223.81,-84.03,-169.57
52.41801,-1.54573,150.98,5.92,3,7.26,21 / 21,2959029,2019-09-06 19:05:25:711,-0.6072,-0.4017,10.0201,-0.0395,-0.0791,9.8063,-0.1726,0.0007,-0.0387,-8.56,-35.69,-8.81,225.65,-84.67,-168.61
52.41801,-1.54573,150.98,5.92,3,7.26,21 / 21,2959129,2019-09-06 19:05:25:811,-1.2445,0.3809,12.0592,0.007,0.0092,9.8066,-0.2909,0.0154,-0.0523,-9.06,-36.19,-10,225.68,-84.9,-166.6
52.41801,-1.54573,150.98,5.92,3,7.26,21 / 21,2959228,2019-09-06 19:05:25:910,-0.0224,-1.4038,10.5098,0.0266,0.094,9.8061,-0.0128,-0.0557,0.1204,-8.81,-36.25,-8.87,225.42,-84.55,-168.65
52.41801,-1.54573,150.98,5.92,3,7.26,21 / 21,2959329,2019-09-06 19:05:26:011,-3.2163,1.4043,8.1377,0.0063,-0.013,9.8066,0.5306,-0.0259,0.0312,-9.25,-36.75,-7.81,224.29,-83.11,-169.3
52.41801,-1.54573,150.98,5.92,3,7.26,21 / 21,2959428,2019-09-06 19:05:26:110,2.3261,-0.3719,9.2206,-0.0826,-0.0826,9.8059,-0.0945,-0.4235,0.3114,-10.06,-36.44,-7.25,229.86,-82.7,-168.66
52.41801,-1.54573,150.98,5.92,3,7.26,21 / 21,2959529,2019-09-06 19:05:26:211,1.8574,-1.8177,11.0597,-0.0436,-0.0831,9.8061,-0.0802,-0.0541,0.1184,-10.37,-36.56,-8.31,232.15,-83.39,-164.08
52.41801,-1.54573,150.98,5.92,3,7.26,21 / 21,2959629,2019-09-06 19:05:26:311,0.2175,-1.3222,11.2555,-0.0297,-0.0837,9.8062,0.0812,-0.0412,-0.0409,-10.06,-36.44,-8.5,236.54,-84.1,-160.94
52.41801,-1.54573,150.98,5.92,3,7.26,21 / 21,2959728,2019-09-06 19:05:26:410,-0.152,0.9239,10.4015,0.0435,0.0718,9.8063,0.1677,0.0111,0.0575,-10.44,-36.62,-9.12,232.22,-83.62,-161.94
52.41801,-1.54573,150.98,5.92,3,7.26,21 / 21,2959828,2019-09-06 19:05:26:510,0.6757,0.3401,10.0626,0.0564,0.0677,9.8062,0.1311,0.0427,-0.0077,-9.94,-36.62,-8.19,232.53,-83,-162.72
52.41801,-1.54573,150.98,5.92,3,7.26,21 / 21,2959929,2019-09-06 19:05:26:611,1.4531,-0.063,9.7093,-0.0062,-0.003,9.8066,-0.1126,-0.0502,0.0515,-10.31,-36.62,-8.25,231.08,-82.54,-163.44
52.41801,-1.54573,150.98,5.92,3,7.26,21 / 21,2960028,2019-09-06 19:05:26:710,-0.62,-0.1056,9.1099,-0.0055,-0.0157,9.8066,-0.1907,0.0006,-0.0297,-10.19,-36.62,-8.19,231.78,-82.77,-163.09
52.41801,-1.54573,150.98,5.92,3,7.26,21 / 21,2960129,2019-09-06 19:05:26:811,0.2799,-0.1175,9.6667,-0.0403,-0.0305,9.8065,0.02,0.0577,-0.0285,-10.5,-36.19,-8.44,233.93,-83.37,-162.31
52.41801,-1.54573,150.98,5.92,3,7.26,21 / 21,2960228,2019-09-06 19:05:26:910,0.1811,0.5003,10.3079,-0.0203,-0.0263,9.8066,0.0731,0.0163,-0.0391,-10.06,-36.62,-8.31,233.71,-83.7,-162.93
52.41801,-1.54573,150.98,5.92,3,7.26,21 / 21,2960328,2019-09-06 19:05:27:010,0.7049,0.5416,10.0279,0.0417,0.0401,9.8064,-0.0519,0.1027,-0.027,-9.56,-36.37,-8.69,230.64,-83.32,-163.58
52.41801,-1.54573,150.98,5.92,3,7.26,21 / 21,2960429,2019-09-06 19:05:27:111,0.7906,0.5576,9.0255,0.0244,0.045,9.8064,-0.0289,0.0993,0.006,-9.87,-36.69,-8.31,231.49,-83.13,-164.3
52.41801,-1.54573,150.98,5.92,3,7.26,21 / 21,2960529,2019-09-06 19:05:27:211,-0.9491,1.1036,8.9726,0.0019,-0.0175,9.8066,-0.1963,-0.0316,0.0826,-9.75,-36,-8.44,233.47,-82.97,-161.95
52.41801,-1.54573,150.98,5.92,3,7.26,21 / 21,2960628,2019-09-06 19:05:27:310,-0.0361,0.1395,10.0978,0.0131,-0.0347,9.8066,-0.1472,-0.0223,0.1256,-10.56,-36.06,-9.06,238.32,-83.16,-157.62
52.41801,-1.54573,150.98,5.92,3,7.26,21 / 21,2960728,2019-09-06 19:05:27:410,0.4081,0.1747,11.0671,0.0251,-0.0226,9.8066,0.129,-0.0369,0.0821,-9.69,-35.94,-9.19,240.15,-83.08,-151.71
52.41801,-1.54573,150.98,5.92,3,7.26,21 / 21,2960828,2019-09-06 19:05:27:510,-1.0345,1.2103,9.6338,0.0111,-0.0091,9.8065,0.1617,0.0823,0.0271,-10.37,-36.75,-8.81,239.8,-82.75,-150.85
52.41801,-1.54573,150.98,5.92,3,7.26,21 / 21,2960929,2019-09-06 19:05:27:611,-0.8155,1.0033,9.274,0.0293,0.0234,9.8065,-0.0326,0.0579,0.0167,-10.19,-36.31,-8.5,240.13,-81.97,-151.39
52.41801,-1.54573,150.98,5.92,3,7.26,21 / 21,2961028,2019-09-06 19:05:27:710,1.2729,-0.2895,9.9404,0.0227,0.0093,9.8066,-0.07,-0.0167,0.0775,-10.37,-36.25,-8.69,238.32,-81.87,-151.02
52.41801,-1.54573,150.98,5.92,3,7.26,21 / 21,2961128,2019-09-06 19:05:27:810,-0.7591,0.4401,10.3518,-0.0225,-0.0145,9.8066,0.0343,0.0409,-0.039,-10.62,-36.12,-8.31,244.49,-81.95,-149.98
52.41801,-1.54573,150.98,5.92,3,7.26,21 / 21,2961229,2019-09-06 19:05:27:911,-0.115,-0.1692,10.0327,-0.0182,-0.0047,9.8066,0.0805,0.0845,0.0399,-10.5,-35.94,-8.44,241.35,-82.17,-150.44
52.41801,-1.54573,150.98,5.92,3,7.26,21 / 21,2961329,2019-09-06 19:05:28:011,-0.2716,0.7004,9.8792,0.026,0.0347,9.8065,-0.0087,0.1201,-0.0465,-10.69,-36.56,-8.62,240.19,-81.71,-151.62
52.41801,-1.54573,150.98,5.92,3,7.26,21 / 21,2961431,2019-09-06 19:05:28:113,0.8265,0.1733,9.997,0.0095,0.0081,9.8065,0.0222,-0.0099,-0.0005,-10.06,-36.62,-7.56,238.45,-81.65,-152.05
52.41801,-1.54573,150.98,5.92,3,7.26,21 / 21,2961529,2019-09-06 19:05:28:211,0.6053,-0.2589,9.3524,-0.0247,-0.006,9.8065,-0.0161,-0.0572,0.0693,-10.62,-35.81,-9,240.08,-81.74,-152.36
52.41801,-1.54573,150.98,5.92,3,7.26,21 / 21,2961629,2019-09-06 19:05:28:311,-0.2299,1.1735,9.66,0.0078,-0.0011,9.8066,-0.0905,0.0882,-0.0676,-10.44,-35.94,-8.06,239.34,-81.78,-151.88
52.41801,-1.54573,150.98,5.92,3,7.26,21 / 21,2961728,2019-09-06 19:05:28:410,-0.7351,-0.4012,9.9525,-0.0051,-0.0165,9.8066,0.0966,0.0742,-0.0059,-10.31,-35.81,-8.19,239.17,-81.86,-152.28
52.41801,-1.54573,150.98,5.92,3,7.26,21 / 21,2961828,2019-09-06 19:05:28:510,-0.4622,0.216,10.4672,-0.0079,-0.0147,9.8066,0.1652,0.0291,0.0092,-10,-37.25,-8.25,238.87,-81.86,-152.07
52.41801,-1.54573,150.98,5.92,3,7.26,21 / 21,2961929,2019-09-06 19:05:28:611,0.1949,1.5827,9.9719,0.0317,0.0453,9.8065,-0.058,-0.0076,0.0211,-9.62,-36.5,-8.19,237.44,-81.3,-153.02
52.41801,-1.54573,150.98,5.92,3,7.26,21 / 21,2962029,2019-09-06 19:05:28:711,0.4307,2.4329,9.0802,0.008,0.0055,9.8066,0.0255,0.0547,0.0404,-10.81,-36.44,-7.94,241.12,-81.3,-152.43
52.41801,-1.54573,150.98,5.92,3,7.26,21 / 21,2962128,2019-09-06 19:05:28:810,1.3389,0.2949,9.7457,-0.0008,-0.0355,9.8065,-0.0587,0.0732,0.0359,-9.87,-36.12,-8.12,239.98,-81.4,-150.1
52.41801,-1.54573,150.98,5.92,3,7.26,21 / 21,2962228,2019-09-06 19:05:28:910,-0.4479,-1.3212,10.0567,-0.0068,-0.0207,9.8066,-0.0679,-0.1065,0.0274,-10,-35.94,-8.37,241.63,-81.66,-148.76
52.41801,-1.54573,150.98,5.92,3,7.26,21 / 21,2962329,2019-09-06 19:05:29:011,0.769,-0.832,10.0523,-0.0093,0.0122,9.8065,0.0689,-0.0128,0.1015,-10.81,-36.94,-8.25,244.8,-81.57,-148.07
52.41801,-1.54573,150.98,5.92,3,7.26,21 / 21,2962428,2019-09-06 19:05:29:110,1.2916,1.1996,11.0373,0.0336,0.0325,9.8064,-0.0255,0.0352,0.0096,-10,-36.31,-8.06,240.33,-81.3,-149.43
52.41801,-1.54573,150.98,5.92,3,7.26,21 / 21,2962529,2019-09-06 19:05:29:211,0.7365,0.4288,10.008,-0.0318,-0.0183,9.8065,-0.0025,-0.088,0.0713,-10.06,-36.37,-7.87,239.19,-81.19,-150.53
52.41801,-1.54573,150.98,5.92,3,7.26,21 / 21,2962629,2019-09-06 19:05:29:311,0.9742,2.2159,10.0619,-0.0114,-0.0384,9.8065,-0.0758,0.0473,-0.0465,-9.62,-36.75,-7.69,238.64,-81.13,-150.43
52.41801,-1.54573,150.98,5.92,3,7.26,21 / 21,2962729,2019-09-06 19:05:29:411,0.5381,-0.239,9.8341,-0.0149,-0.0088,9.8065,0.0928,0.1049,-0.0912,-9.69,-36,-8.25,239.72,-81.36,-150.33
52.41801,-1.54573,150.98,5.92,3,7.26,21 / 21,2962829,2019-09-06 19:05:29:511,0.1252,-0.3771,8.2013,0.0135,0.0473,9.8064,-0.154,0.0214,0.0744,-9.44,-36.37,-8.56,234.16,-81.49,-151.16
52.41801,-1.54573,150.98,5.92,3,7.26,21 / 21,2962930,2019-09-06 19:05:29:612,0.2866,-0.7369,9.8671,0.0071,0.0218,9.8065,-0.15,-0.1004,-0.0112,-9.37,-36.56,-8.62,234.47,-81.88,-151.15
52.41801,-1.54573,150.98,5.92,3,7.26,21 / 21,2963028,2019-09-06 19:05:29:710,-1.0486,-0.3136,9.4046,0.0051,0.0333,9.8065,-0.0833,0.029,-0.1054,-9.06,-36.37,-8.69,233.57,-81.71,-152.43
52.41801,-1.54573,150.98,5.92,3,7.26,21 / 21,2963128,2019-09-06 19:05:29:810,0.2869,0.8562,9.4912,-0.0135,-0.0169,9.8066,0.0253,-0.0519,-0.0126,-9.06,-37.06,-8.37,234.59,-82.05,-153.63
52.41801,-1.54573,150.98,5.92,3,7.26,21 / 21,2963229,2019-09-06 19:05:29:911,-0.1155,-0.9119,11.4885,-0.0216,-0.0304,9.8065,0.0237,-0.0254,-0.1034,-8.62,-36.87,-7.87,234.03,-82.04,-154.33
52.41801,-1.54573,150.98,5.92,3,7.26,21 / 21,2963328,2019-09-06 19:05:30:010,1.3328,2.1114,8.6043,0.0127,0.0172,9.8065,0.0485,0.0759,-0.0164,-8.31,-36.31,-8.19,229.14,-82.02,-156.5
52.41801,-1.54573,150.98,5.92,3,7.26,21 / 21,2963428,2019-09-06 19:05:30:110,0.7655,1.1595,9.6141,0.045,0.1087,9.8059,-0.4567,0.0393,0.0005,-8.69,-36.87,-8.87,228.19,-81.52,-158.37
52.41801,-1.54573,150.98,5.92,3,7.26,21 / 21,2963529,2019-09-06 19:05:30:211,-0.4571,-3.3398,9.7239,-0.0468,-0.0937,9.806,0.4395,0.0607,-0.1247,-9,-36.69,-8.62,229.97,-81.85,-156.81
52.41801,-1.54573,150.98,5.92,3,7.26,21 / 21,2963628,2019-09-06 19:05:30:310,-1.3982,0.6544,10.5808,0.0262,0.0693,9.8063,0.0996,-0.0073,0.056,-8.94,-36.25,-8.56,228.28,-81.61,-158.97
52.41801,-1.54573,150.98,5.92,3,7.26,21 / 21,2963730,2019-09-06 19:05:30:412,1.2767,1.3678,9.1108,-0.0124,-0.024,9.8065,0.1881,0.0175,-0.0102,-8.5,-36.94,-8.06,225.01,-81.37,-159.88
52.41801,-1.54573,150.98,5.92,3,7.26,21 / 21,2963829,2019-09-06 19:05:30:511,0.5171,0.4188,9.0993,-0.0118,-0.0197,9.8066,0.0502,-0.0691,-0.0832,-8.56,-36.87,-7.62,228.22,-81.27,-159.99
52.41801,-1.54573,150.98,5.92,3,7.26,21 / 21,2963929,2019-09-06 19:05:30:611,-0.4974,-0.5097,9.2285,-0.0384,-0.0674,9.8063,-0.1781,-0.02,-0.0433,-8.19,-36.87,-8.81,223.6,-81.74,-160.53
52.41801,-1.54573,150.98,5.92,3,7.26,21 / 21,2964029,2019-09-06 19:05:30:711,-0.3509,0.8547,9.1512,-0.0481,-0.0512,9.8063,-0.0074,-0.0607,-0.0053,-8,-36.31,-9.12,225.41,-82.68,-160.64
52.41801,-1.54573,150.98,5.92,3,7.26,21 / 21,2964129,2019-09-06 19:05:30:811,-1.6604,0.0336,10.9431,0.0189,0.0397,9.8065,0.1078,0.1013,-0.0368,-7.81,-36.69,-9.06,223.25,-82.52,-162.67
52.41801,-1.54573,150.98,5.92,3,7.26,21 / 21,2964228,2019-09-06 19:05:30:910,0.4198,-0.2055,10.9216,0.0231,0.0325,9.8066,0,-0.0023,0.0139,-8.12,-36.06,-8.69,223.16,-82.23,-162.62
52.41801,-1.54573,150.98,5.92,3,7.26,21 / 21,2964329,2019-09-06 19:05:31:011,-0.2945,1.5502,9.7279,0.0107,0.021,9.8066,0.0092,0.0152,-0.0229,-8.12,-36.87,-8.31,223.69,-82.08,-163.37
52.41801,-1.54573,150.98,5.92,3,7.26,21 / 21,2964428,2019-09-06 19:05:31:110,1.3206,-1.0834,10.9008,0.0321,0.0099,9.8066,0.0441,-0.0128,0.0817,-8.25,-36.94,-8.31,224.69,-81.98,-161.78
52.41801,-1.54573,150.98,5.92,3,7.26,21 / 21,2964529,2019-09-06 19:05:31:211,-0.6152,-0.0716,9.986,-0.006,-0.0026,9.8066,-0.0124,0.0184,0.0203,-8.56,-36.37,-8.69,227.04,-82.21,-161.84
52.41801,-1.54573,150.98,5.92,3,7.26,21 / 21,2964629,2019-09-06 19:05:31:311,1.1682,0.4193,10.1375,0.0099,0.0193,9.8065,-0.0931,0.077,-0.0597,-8.19,-36.75,-9.19,222.79,-82,-162.15
52.41801,-1.54573,150.98,5.92,3,7.26,21 / 21,2964729,2019-09-06 19:05:31:411,0.3626,0.4487,10.0831,0.0229,0.002,9.8066,-0.0505,0.014,0.0579,-8.19,-36.69,-8,225.27,-81.9,-160.82
52.41801,-1.54573,150.98,5.92,3,7.26,21 / 21,2964829,2019-09-06 19:05:31:511,-0.0266,-0.9681,9.8459,0.0146,0.0039,9.8066,-0.0536,0.0663,-0.0449,-8.56,-36.19,-8.56,227.81,-81.79,-159.98
52.41801,-1.54573,150.98,5.92,3,7.26,21 / 21,2964928,2019-09-06 19:05:31:610,-0.4108,0.934,10.3917,0.0033,-0.0136,9.8066,-0.0181,0.0496,0.0145,-8.37,-36.81,-8.44,226.33,-81.74,-159
52.41801,-1.54573,150.98,5.92,3,7.26,21 / 21,2965029,2019-09-06 19:05:31:711,0.8597,0.5838,10.9921,0.0115,-0.0184,9.8066,0.1387,-0.0093,0.044,-8.31,-36.62,-8.37,226.74,-81.53,-157.92
52.41801,-1.54573,150.98,5.92,3,7.26,21 / 21,2965128,2019-09-06 19:05:31:810,0.5603,0.1783,9.709,0.0314,0.0536,9.8064,0.2438,-0.0345,0.016,-8.87,-36.87,-8.31,229.92,-81.42,-158.1
52.41801,-1.54573,150.98,5.92,3,7.26,21 / 21,2965229,2019-09-06 19:05:31:911,0.1536,-0.9535,8.9807,0.017,0.0409,9.8065,-0.0409,0.0473,-0.0355,-9.06,-36.81,-8.19,228.21,-81.05,-159.48
52.41801,-1.54573,150.98,5.92,3,7.26,21 / 21,2965328,2019-09-06 19:05:32:010,2.2711,0.1302,10.3625,-0.022,-0.0544,9.8065,0.2846,0.0095,-0.0789,-8.44,-37.56,-7.75,226.22,-81.39,-157.68
52.41801,-1.54573,150.98,5.92,3,7.26,20 / 21,2965429,2019-09-06 19:05:32:111,0.9298,-1.5411,9.5827,-0.0862,-0.1064,9.8057,0.3282,-0.1629,0.0223,-8.94,-37.31,-8.12,230.57,-82.02,-158.72
52.41801,-1.54573,150.98,5.92,3,7.26,20 / 21,2965528,2019-09-06 19:05:32:210,0.9262,0.1362,9.3962,0.0359,0.0948,9.806,-0.2299,-0.0974,-0.0418,-8.56,-36.69,-8.87,226.81,-81.73,-160.64
52.41801,-1.54573,150.98,5.92,3,7.26,20 / 21,2965628,2019-09-06 19:05:32:310,0.8812,0.5202,12.0204,0,0.0348,9.8065,0.1137,-0.0264,0.0093,-8.19,-36.94,-9.69,223.17,-82.3,-160.33
52.41801,-1.54573,150.98,5.92,3,7.26,20 / 21,2965728,2019-09-06 19:05:32:410,-0.9232,1.8764,12.0721,0.0455,0.1346,9.8056,-0.2639,-0.047,0.0296,-7.75,-37.06,-8.37,226.5,-82.69,-161.08
52.41801,-1.54573,150.98,5.92,3,7.26,20 / 21,2965828,2019-09-06 19:05:32:510,0.489,-1.9289,10.9711,0.0838,0.1714,9.8048,0.0119,0.0177,-0.1074,-8.31,-36.44,-8.5,221.7,-81.26,-164.77
52.41801,-1.54573,150.98,5.92,3,7.26,20 / 21,2965929,2019-09-06 19:05:32:611,-0.6236,0.6592,8.5939,-0.0066,-0.0194,9.8065,-0.2324,-0.0673,0.1348,-8.25,-37.31,-8.12,220.78,-81.12,-165.2
52.41801,-1.54573,150.98,5.92,3,7.26,20 / 21,2966028,2019-09-06 19:05:32:710,-1.5346,-0.6397,9.189,-0.0029,-0.009,9.8066,-0.4594,-0.0138,-0.0525,-8,-37,-7.87,221.42,-81.19,-164.45
52.41801,-1.54573,150.98,5.92,3,7.26,20 / 21,2966129,2019-09-06 19:05:32:811,0.0555,-0.9528,8.9074,-0.0568,-0.0726,9.8061,0.1943,-0.0188,0.0671,-8.19,-36.75,-8.12,223.99,-82.24,-163.32
52.41801,-1.54573,150.98,5.92,3,7.26,20 / 21,2966229,2019-09-06 19:05:32:911,0.4326,-1.3463,9.5507,-0.0301,-0.0548,9.8064,-0.0758,-0.0997,0.0149,-8.56,-36.31,-8.25,227.76,-82.32,-163.56
52.41801,-1.54573,150.98,5.92,3,7.26,20 / 21,2966329,2019-09-06 19:05:33:011,-1.1079,-0.3356,10.3604,0.005,0.0383,9.8066,0.2532,-0.0427,0.0466,-8.12,-36.69,-8.44,223.79,-82.15,-163.39
52.418865,-1.545463,149.21,12.81,3,6.81,21 / 21,2966429,2019-09-06 19:05:33:111,-0.3764,-0.5274,10.2198,0.007,-0.0128,9.8065,0.3168,-0.0353,0.0312,-8.06,-36.44,-8.62,221.25,-81.79,-164.25
52.418865,-1.545463,149.21,12.81,3,6.81,21 / 21,2966529,2019-09-06 19:05:33:211,0.0787,-1.1893,10.3357,0.0155,0.0103,9.8066,-0.1093,-0.0566,0.04,-8.37,-36.87,-8.56,221.01,-81.42,-163.35
52.418865,-1.545463,149.21,12.81,3,6.81,21 / 21,2966628,2019-09-06 19:05:33:310,-0.7344,-0.9122,9.8912,-0.0002,-0.0119,9.8066,-0.061,0.0096,0.0827,-7.75,-36.81,-8.87,222.32,-81.57,-161.89
52.418865,-1.545463,149.21,12.81,3,6.81,21 / 21,2966728,2019-09-06 19:05:33:410,-0.0849,0.7006,8.8558,-0.0133,-0.0217,9.8066,-0.0825,-0.1211,-0.0008,-8.37,-36.81,-9.31,223.1,-81.87,-161.47
52.418865,-1.545463,149.21,12.81,3,6.81,21 / 21,2966829,2019-09-06 19:05:33:511,-0.6328,1.2172,8.7714,-0.0038,-0.0059,9.8066,-0.0706,0.0817,-0.1167,-8.06,-36.62,-9.19,223.8,-82.05,-160.93
52.418865,-1.545463,149.21,12.81,3,6.81,21 / 21,2966929,2019-09-06 19:05:33:611,0.4018,-0.5159,9.2159,-0.0137,-0.0178,9.8066,0.0768,0.0649,-0.0271,-8.44,-36.44,-8.44,225.79,-82.3,-161.59
52.418865,-1.545463,149.21,12.81,3,6.81,21 / 21,2967028,2019-09-06 19:05:33:710,-1.1112,-0.1915,9.9184,-0.0178,-0.0191,9.8066,0.1155,-0.0036,0.021,-8.19,-36.44,-9,223.56,-82.35,-162.35
52.418865,-1.545463,149.21,12.81,3,6.81,21 / 21,2967128,2019-09-06 19:05:33:810,1.0012,0.3654,10.8692,0.0262,0.0163,9.8065,-0.0714,0.0277,-0.0391,-8.31,-36.5,-9.19,224.07,-82.39,-161.76
52.418865,-1.545463,149.21,12.81,3,6.81,21 / 21,2967229,2019-09-06 19:05:33:911,-1.2521,0.2675,10.8792,0.0159,0.046,9.8064,0.2022,-0.1721,0.2687,-8.12,-36.56,-9.31,222.91,-82.03,-162.06
52.418865,-1.545463,149.21,12.81,3,6.81,21 / 21,2967328,2019-09-06 19:05:34:010,-0.7576,-0.8951,11.3009,0.0584,-0.0151,9.8064,0.0126,0.0377,-0.0999,-8.56,-36.5,-8.31,230.21,-81.65,-158.85
52.418865,-1.545463,149.21,12.81,3,6.81,21 / 21,2967428,2019-09-06 19:05:34:110,0.4498,-2.1923,11.257,-0.0185,-0.0124,9.8066,-0.086,0.0636,-0.0297,-8.06,-36.44,-7.81,225.94,-81.51,-159.53
52.418865,-1.545463,149.21,12.81,3,6.81,21 / 21,2967529,2019-09-06 19:05:34:211,0.6764,2.9742,9.6359,0.0239,-0.0117,9.8066,0.1922,-0.1714,0.1305,-9.12,-36.81,-8.75,226.43,-81.33,-160.27
52.418865,-1.545463,149.21,12.81,3,6.81,21 / 21,2967629,2019-09-06 19:05:34:311,-0.5693,-0.4569,7.4799,-0.0635,-0.0851,9.806,-0.1026,-0.1,-0.0866,-9.06,-36.69,-8.19,229.52,-81.42,-158.63
52.418865,-1.545463,149.21,12.81,3,6.81,21 / 21,2967729,2019-09-06 19:05:34:411,0.684,0.1495,10.1354,-0.0687,-0.0747,9.8061,0.3031,-0.0039,0.048,-8.44,-36.75,-8.31,226.11,-81.84,-159.52
52.418865,-1.545463,149.21,12.81,3,6.81,21 / 21,2967829,2019-09-06 19:05:34:511,1.7668,-0.3826,8.9885,-0.069,-0.095,9.8059,0.1059,-0.1046,0.204,-8.25,-36.19,-8.87,224.09,-82.03,-160.98
52.418865,-1.545463,149.21,12.81,3,6.81,21 / 21,2967928,2019-09-06 19:05:34:610,-1.4243,-2.889,10.6509,-0.0347,-0.0372,9.8064,0.2798,-0.049,-0.1565,-8.56,-36.31,-8.25,228.73,-81.86,-161.26
52.418865,-1.545463,149.21,12.81,3,6.81,21 / 21,2968028,2019-09-06 19:05:34:710,1.1941,1.3066,12.7471,-0.0321,-0.0459,9.8065,0.1334,-0.0492,0.0014,-8.06,-36.75,-7.81,223.36,-81.81,-163.19
52.418865,-1.545463,149.21,12.81,3,6.81,21 / 21,2968128,2019-09-06 19:05:34:810,-1.1412,-1.5246,10.9515,0.0244,0.0203,9.8066,0.339,-0.0139,0.0031,-8.62,-36.25,-7.62,225.21,-81.38,-164.83
52.418865,-1.545463,149.21,12.81,3,6.81,21 / 21,2968229,2019-09-06 19:05:34:911,-1.2118,-0.2498,7.3845,-0.0348,-0.0638,9.8063,0.0333,-0.0623,-0.0513,-7.81,-35.69,-7.06,222.98,-81.07,-165.04
52.418865,-1.545463,149.21,12.81,3,6.81,21 / 21,2968329,2019-09-06 19:05:35:011,0.3754,0.9334,9.3789,-0.0043,-0.0509,9.8065,0.1373,0.1135,-0.0552,-7.62,-35.87,-6.69,223.95,-80.98,-163.47
52.418865,-1.545463,149.21,12.81,3,6.81,21 / 21,2968429,2019-09-06 19:05:35:111,-0.259,-2.3786,9.1115,-0.0591,-0.1067,9.8059,0.062,-0.019,0.0747,-7.44,-35.37,-7.5,222.41,-81.74,-162.75
52.418865,-1.545463,149.21,12.81,3,6.81,21 / 21,2968529,2019-09-06 19:05:35:211,-0.7024,-2.0271,8.8214,-0.0164,-0.0473,9.8065,0.0676,-0.0078,-0.0384,-7.44,-35.87,-9.5,220.91,-82.07,-160.6
52.418865,-1.545463,149.21,12.81,3,6.81,21 / 21,2968629,2019-09-06 19:05:35:311,-0.9434,-1.1526,9.7311,-0.0072,-0.0203,9.8065,0.1103,0.0101,-0.0028,-8.44,-35.81,-9.19,224.34,-81.99,-160.58
52.418865,-1.545463,149.21,12.81,3,6.81,21 / 21,2968728,2019-09-06 19:05:35:410,0.1744,0.2528,10.8208,0.0268,0.0401,9.8065,0.0568,-0.0204,0.0124,-8.37,-35.44,-8.75,223.77,-81.73,-161.26
52.418865,-1.545463,149.21,12.81,3,6.81,21 / 21,2968829,2019-09-06 19:05:35:511,-0.1868,-1.1516,10.0455,-0.0025,-0.0015,9.8066,-0.0333,0.0185,0.044,-9,-35.81,-8.81,225.79,-81.33,-161.64
52.418865,-1.545463,149.21,12.81,3,6.81,21 / 21,2968929,2019-09-06 19:05:35:611,-0.1333,-0.6103,9.3558,-0.0126,-0.0292,9.8065,-0.0641,-0.0227,-0.0119,-8.62,-35.81,-8.69,226.71,-81.6,-160.98
52.418865,-1.545463,149.21,12.81,3,6.81,21 / 21,2969029,2019-09-06 19:05:35:711,-0.7524,-0.5478,9.8788,-0.0137,-0.0313,9.8065,-0.0047,0.0135,-0.0182,-9.12,-36.25,-8.94,227.68,-81.84,-160.24
52.418865,-1.545463,149.21,12.81,3,6.81,21 / 21,2969128,2019-09-06 19:05:35:810,-0.3908,-1.6353,9.6013,-0.0028,-0.0084,9.8066,-0.038,0.0223,0.0078,-8.62,-35.87,-9.44,228.81,-81.96,-159.04
52.418865,-1.545463,149.21,12.81,3,6.81,21 / 21,2969229,2019-09-06 19:05:35:911,-1.0816,-0.6732,9.4613,0.0346,0.0439,9.8064,-0.0632,0.0749,-0.0131,-9.06,-36.25,-8.81,228.41,-81.76,-159.13
52.418865,-1.545463,149.21,12.81,3,6.81,21 / 21,2969328,2019-09-06 19:05:36:010,0.1263,-0.6921,9.9309,0.0078,0,9.8066,0.1108,0.043,0.0147,-8.75,-36,-8.25,230.15,-81.63,-158.89
52.418865,-1.545463,149.21,12.81,3,6.81,21 / 21,2969429,2019-09-06 19:05:36:111,-0.2315,-0.8596,10.1103,0.0101,0.018,9.8066,-0.0787,-0.0069,0.0127,-9.12,-35.81,-8.94,227.88,-81.44,-159.12
52.418865,-1.545463,149.21,12.81,3,6.81,21 / 21,2969529,2019-09-06 19:05:36:211,-1.1918,-1.3792,9.3515,-0.0312,-0.0438,9.8064,0.0597,-0.0543,-0.0765,-8.69,-36.62,-8.81,227.99,-81.61,-158.82
52.418865,-1.545463,149.21,12.81,3,6.81,21 / 21,2969628,2019-09-06 19:05:36:310,-0.4971,-0.3074,9.3244,-0.0219,-0.0265,9.8066,0.0299,0.0191,-0.058,-8.06,-36.75,-8.25,225.79,-81.63,-159.46
52.418865,-1.545463,149.21,12.81,3,6.81,21 / 21,2969729,2019-09-06 19:05:36:411,-0.3698,-0.5759,9.4276,-0.0118,0.0088,9.8066,-0.0345,-0.0522,0.0484,-8.44,-35.81,-9.12,223.27,-81.73,-161.42
52.418865,-1.545463,149.21,12.81,3,6.81,21 / 21,2969828,2019-09-06 19:05:36:510,-0.5069,-0.4436,10.2198,0.0042,0.0064,9.8065,0.0111,0.036,-0.0699,-8.12,-36.19,-8.44,225.11,-81.74,-161.18
52.418865,-1.545463,149.21,12.81,3,6.81,21 / 21,2969928,2019-09-06 19:05:36:610,-0.9285,-0.2909,9.7203,-0.0037,0.0085,9.8066,0.0111,-0.0474,0.0427,-8.06,-36.19,-8.81,223.22,-81.89,-161.83
52.418865,-1.545463,149.21,12.81,3,6.81,21 / 21,2970029,2019-09-06 19:05:36:711,0.92,0.1782,9.9547,-0.0011,-0.0015,9.8066,-0.0693,0.0443,-0.0283,-8,-36.12,-8.81,223.05,-81.88,-162.04
52.418865,-1.545463,149.21,12.81,3,6.81,21 / 21,2970129,2019-09-06 19:05:36:811,-0.669,-0.0594,10.3613,-0.0072,0.0226,9.8066,-0.0041,-0.0061,0.0425,-8.87,-36.25,-9.56,223.51,-81.88,-163.61
52.418865,-1.545463,149.21,12.81,3,6.81,21 / 21,2970229,2019-09-06 19:05:36:911,-0.4945,-1.6477,12.0446,0.0181,0.0346,9.8065,0.1331,-0.0532,-0.0481,-8.12,-36.94,-8.12,222.46,-81.72,-164.2
52.418865,-1.545463,149.21,12.81,3,6.81,21 / 21,2970329,2019-09-06 19:05:37:011,2.6753,0.5471,9.3741,0.0459,0.1064,9.8059,-0.0302,0.0416,0.1269,-8.12,-37.06,-8.25,222.04,-81.77,-164.89
52.418865,-1.545463,149.21,12.81,3,6.81,21 / 21,2970428,2019-09-06 19:05:37:110,0.7151,1.8324,10.146,0.0428,0.0539,9.8063,0.0435,0.0663,-0.0791,-8.19,-36.25,-8.44,220.79,-81.19,-165.88
52.418865,-1.545463,149.21,12.81,3,6.81,21 / 21,2970529,2019-09-06 19:05:37:211,-0.7671,-2.3094,8.9742,0.0123,0.0084,9.8065,-0.1008,0.0808,0.1289,-8.19,-36.25,-8.25,222.79,-81.89,-164.66
52.418865,-1.545463,149.21,12.81,3,6.81,21 / 21,2970629,2019-09-06 19:05:37:311,-0.378,0.3836,9.5136,0.0187,-0.0017,9.8066,-0.0033,0.022,0.0469,-8.06,-36.19,-9.31,222.74,-82.21,-163.12
52.418865,-1.545463,149.21,12.81,3,6.81,21 / 21,2970730,2019-09-06 19:05:37:412,0.3597,-1.5578,9.9713,0.0154,0.0476,9.8064,-0.1035,0.0469,-0.0649,-8.19,-36.06,-8.87,222.24,-81.85,-163.06
52.418865,-1.545463,149.21,12.81,3,6.81,21 / 21,2970828,2019-09-06 19:05:37:510,0.2355,0.024,9.6333,0.0142,0.0399,9.8065,-0.0028,-0.0703,0.1102,-8.5,-36,-8.12,222.67,-81.69,-164.38
52.418865,-1.545463,149.21,12.81,3,6.81,21 / 21,2970929,2019-09-06 19:05:37:611,-0.4758,-1.9708,9.6384,0.0029,-0.0098,9.8066,-0.0282,0.0279,-0.0768,-8.31,-35.81,-8.44,223.08,-81.46,-163.31
52.418865,-1.545463,149.21,12.81,3,6.81,21 / 21,2971029,2019-09-06 19:05:37:711,0.5599,-0.3508,10.6687,-0.019,-0.0029,9.8066,0.0644,-0.0199,0.0213,-8.12,-36.62,-8,222.75,-81.75,-163.87
52.418865,-1.545463,149.21,12.81,3,6.81,21 / 21,2971129,2019-09-06 19:05:37:811,-0.5802,-0.8229,9.3464,0.0129,0.0244,9.8065,-0.0915,-0.0419,0.0026,-8.44,-36.62,-8,222.45,-81.76,-164.31
52.418865,-1.545463,149.21,12.81,3,6.81,21 / 21,2971228,2019-09-06 19:05:37:910,0.4861,-0.2796,9.2446,0.009,0.0061,9.8066,-0.0612,-0.017,-0.0439,-8.44,-36.44,-8.31,222.99,-81.71,-164
52.418865,-1.545463,149.21,12.81,3,6.81,21 / 21,2971328,2019-09-06 19:05:38:010,-1.5347,-0.9243,9.6753,0.0051,-0.0127,9.8066,-0.0025,-0.0688,0.0493,-8.06,-37.44,-8.69,222.04,-81.91,-162.96
52.418865,-1.545463,149.21,12.81,3,6.81,21 / 21,2971429,2019-09-06 19:05:38:111,-0.3651,-1.5929,9.7807,-0.0176,-0.0127,9.8065,-0.0305,0.029,-0.0028,-9.44,-36.75,-7.56,227.73,-82.02,-162.41
52.418865,-1.545463,149.21,12.81,3,6.81,21 / 21,2971528,2019-09-06 19:05:38:210,-0.984,0.3826,9.7219,-0.0036,0.0023,9.8066,0.0162,0.0349,-0.0406,-8.62,-36.94,-8.75,225.43,-82.13,-163.28
52.418865,-1.545463,149.21,12.81,3,6.81,21 / 21,2971628,2019-09-06 19:05:38:310,-0.4189,-1.7458,10.0065,-0.0188,-0.0202,9.8065,-0.0808,-0.0326,0.0252,-8.19,-37.06,-8.5,223.58,-82.21,-163.81
52.418865,-1.545463,149.21,12.81,3,6.81,21 / 21,2971729,2019-09-06 19:05:38:411,1.0826,-0.0011,9.0299,-0.0163,0.0196,9.8065,-0.0538,0.0656,-0.1096,-8.25,-36.12,-9.12,220.97,-82.26,-165.56
52.418865,-1.545463,149.21,12.81,3,6.81,21 / 21,2971828,2019-09-06 19:05:38:510,-1.3796,-1.8035,9.417,0.0135,0.0614,9.8064,-0.0632,0.0267,-0.0947,-7.75,-37,-9.06,219.07,-82.26,-167.65
52.418865,-1.545463,149.21,12.81,3,6.81,21 / 21,2971929,2019-09-06 19:05:38:611,-0.0394,-0.6533,9.9704,-0.0222,-0.054,9.8064,0.0949,-0.0903,0.0227,-7.31,-37.19,-8.31,217.05,-82.55,-168.53
52.418865,-1.545463,149.21,12.81,3,6.81,21 / 21,2972028,2019-09-06 19:05:38:710,0.0807,0.6342,10.1576,-0.0104,-0.0258,9.8066,0.1288,0.0552,-0.0838,-7.56,-37.31,-8.62,218.58,-82.46,-168.68
52.418865,-1.545463,149.21,12.81,3,6.81,21 / 21,2972129,2019-09-06 19:05:38:811,-0.796,-1.694,10.026,0.0025,0.013,9.8066,-0.0621,-0.0287,-0.0281,-7.19,-36.94,-8.62,214.54,-82.53,-169.69
52.418865,-1.545463,149.21,12.81,3,6.81,21 / 21,2972228,2019-09-06 19:05:38:910,-0.4795,-1.3371,9.405,-0.0122,-0.0152,9.8066,0.062,-0.0539,0.0633,-7.69,-37,-8.5,219.49,-82.61,-170.17
52.418865,-1.545463,149.21,12.81,3,6.81,21 / 21,2972329,2019-09-06 19:05:39:011,0.5434,-1.4635,10.3882,0.0091,0.0076,9.8065,-0.0164,0.0013,-0.1096,-7.25,-37.19,-8.81,214.74,-82.46,-169.29
52.418865,-1.545463,149.21,12.81,3,6.81,22 / 22,2972428,2019-09-06 19:05:39:110,-0.3337,-0.487,9.5904,-0.0091,0.0141,9.8065,0.0096,-0.0392,0.0308,-7.75,-36.81,-8.31,219.41,-82.61,-170.27
52.418865,-1.545463,149.21,12.81,3,6.81,22 / 22,2972529,2019-09-06 19:05:39:211,0.1834,-0.6704,9.0339,0.0067,-0.0012,9.8065,-0.1975,0.0326,-0.0154,-7.62,-36.62,-8.94,218.29,-82.59,-169.32
52.418865,-1.545463,149.21,12.81,3,6.81,22 / 22,2972628,2019-09-06 19:05:39:310,-0.9352,-2.1142,9.1555,0.0055,0.0104,9.8066,-0.1381,-0.0317,0.0262,-7.62,-37.56,-9.12,217.95,-82.64,-169.48
52.418865,-1.545463,149.21,12.81,3,6.81,22 / 22,2972728,2019-09-06 19:05:39:410,-0.6249,-1.7975,9.1231,-0.0216,-0.0373,9.8065,0.0736,0.0517,-0.0234,-8,-37.37,-8.69,218.38,-82.62,-169.27
52.418865,-1.545463,149.21,12.81,3,6.81,22 / 22,2972829,2019-09-06 19:05:39:511,-1.3449,-2.1818,10.1271,-0.0102,-0.0045,9.8066,0.0973,0.0899,-0.0287,-7.87,-36.94,-9.62,216.57,-82.92,-170.01
52.418865,-1.545463,149.21,12.81,3,6.81,22 / 22,2972928,2019-09-06 19:05:39:610,-0.835,-1.0154,10.5708,-0.0002,0.0062,9.8066,0.019,-0.0396,-0.0486,-8.06,-36.87,-8.25,219.15,-82.96,-171.37
52.418865,-1.545463,149.21,12.81,3,6.81,22 / 22,2973031,2019-09-06 19:05:39:713,-0.2785,-0.633,10.2423,-0.0173,0.0081,9.8066,0.1082,-0.0741,0.0287,-8.37,-37,-9.19,216.06,-82.86,-172.76
52.418865,-1.545463,149.21,12.81,3,6.81,22 / 22,2973129,2019-09-06 19:05:39:811,0.0234,-1.2326,9.4608,0.0132,0.0412,9.8065,-0.0223,0.001,-0.0176,-8.25,-36.75,-8.62,215.01,-82.57,-173.64
52.418865,-1.545463,149.21,12.81,3,6.81,22 / 22,2973229,2019-09-06 19:05:39:911,-0.4029,0.6035,9.9432,0.0107,0.0097,9.8066,-0.0158,0.0189,0.0038,-8.62,-35.94,-9.69,216.48,-82.61,-173.9
52.418865,-1.545463,149.21,12.81,3,6.81,22 / 22,2973329,2019-09-06 19:05:40:011,-0.7143,-2.1469,10.387,-0.0163,-0.0427,9.8065,0.0037,-0.0442,0.0171,-9.19,-36.56,-9,219.15,-82.84,-172.81
52.418865,-1.545463,149.21,12.81,3,6.81,21 / 21,2973429,2019-09-06 19:05:40:111,-1.4193,-1.8133,9.3102,-0.0352,-0.0352,9.8064,0.0821,-0.0131,-0.0255,-8,-36.5,-8.25,219.1,-83.27,-172.46
52.418865,-1.545463,149.21,12.81,3,6.81,21 / 21,2973528,2019-09-06 19:05:40:210,-0.2496,-1.1404,9.9044,0.0056,0.0026,9.8066,0.0971,0.0284,0.003,-8.5,-37.37,-8.75,216.92,-83.16,-172.18
52.418865,-1.545463,149.21,12.81,3,6.81,21 / 21,2973629,2019-09-06 19:05:40:311,-2.0927,-1.3267,9.7662,0.0017,-0.0105,9.8066,-0.0331,0.1082,-0.0438,-8.19,-36.62,-8.5,218.84,-83.18,-172.21
52.418865,-1.545463,149.21,12.81,3,6.81,21 / 21,2973728,2019-09-06 19:05:40:410,-0.8006,-2.0983,9.7234,0.014,0.0122,9.8066,-0.0985,0.0055,0.0239,-9.56,-36.31,-9.37,224.15,-83.26,-171.39
52.418865,-1.545463,149.21,12.81,3,6.81,21 / 21,2973829,2019-09-06 19:05:40:511,-2.0235,-1.3047,10.3694,0.0066,0.0179,9.8066,-0.0972,-0.006,-0.0697,-9.69,-35.62,-8.81,224.28,-83.4,-171.48
52.418865,-1.545463,149.21,12.81,3,6.81,21 / 21,2973929,2019-09-06 19:05:40:611,-2.1897,-1.8173,9.892,-0.0182,-0.0153,9.8066,0.0006,0.0829,-0.009,-11,-34.75,-8.44,229.4,-83.56,-172.04
52.418865,-1.545463,149.21,12.81,3,6.81,21 / 21,2974029,2019-09-06 19:05:40:711,0.008,-1.0506,9.9061,-0.0205,-0.033,9.8066,0.0984,-0.0102,0.0885,-8.25,-33.94,-4.94,228.77,-83.72,-172.1
52.418865,-1.545463,149.21,12.81,3,6.81,21 / 21,2974128,2019-09-06 19:05:40:810,-0.8001,-1.3171,9.1418,0.0186,0.0196,9.8066,-0.107,0.0389,-0.0483,-7.06,-33.37,-5.94,222.36,-83.46,-171.24
52.418865,-1.545463,149.21,12.81,3,6.81,21 / 21,2974228,2019-09-06 19:05:40:910,-0.038,-1.1214,10.3731,-0.003,-0.0141,9.8066,0.0608,-0.0542,0.051,-5.44,-34.44,-7,211.67,-83.66,-170.76
52.418865,-1.545463,149.21,12.81,3,6.81,21 / 21,2974328,2019-09-06 19:05:41:010,-1.0998,-0.7648,10.9613,-0.0132,0.0176,9.8066,-0.0445,0.0596,-0.0646,-5.56,-35.75,-7.19,215.54,-83.62,-170.6
52.418865,-1.545463,149.21,12.81,3,6.81,21 / 21,2974431,2019-09-06 19:05:41:113,-1.0817,0.6688,9.3852,0.0226,0.025,9.8066,0.1451,0.0651,0.0348,-5.06,-36.25,-6.87,209.72,-83.35,-172.07
52.418865,-1.545463,149.21,12.81,3,6.81,21 / 21,2974528,2019-09-06 19:05:41:210,0.6725,0.6733,9.2178,0.0073,0.0041,9.8066,0.0583,-0.0269,0.0758,-4.75,-37,-7.69,208.46,-82.84,-170.24
52.418865,-1.545463,149.21,12.81,3,6.81,21 / 21,2974628,2019-09-06 19:05:41:310,-0.6948,-1.1021,9.6551,0.0092,-0.0055,9.8066,-0.0984,0.123,-0.0697,-4.25,-36.37,-7.31,205.85,-82.76,-169.86
52.418865,-1.545463,149.21,12.81,3,6.81,21 / 21,2974729,2019-09-06 19:05:41:411,-1.2806,-1.3465,9.8693,-0.0135,-0.0332,9.8065,-0.1189,0.0541,-0.0711,-4.56,-36.81,-8.5,209.91,-83.11,-168.67
52.418865,-1.545463,149.21,12.81,3,6.81,21 / 21,2974828,2019-09-06 19:05:41:510,-0.3275,-2.5436,9.1698,-0.0299,-0.016,9.8065,-0.0968,-0.0757,0.1092,-5.06,-36.12,-9.87,207.82,-83.73,-169.41
52.418865,-1.545463,149.21,12.81,3,6.81,21 / 21,2974928,2019-09-06 19:05:41:610,-1.5693,-1.5028,9.7071,0.0124,-0.0255,9.8065,0.0228,0.0244,0.0149,-5.31,-36.62,-8.81,211.2,-83.88,-166.53
52.418865,-1.545463,149.21,12.81,3,6.81,21 / 21,2975029,2019-09-06 19:05:41:711,-0.6792,-0.0132,9.8316,0.0247,-0.0144,9.8066,-0.0604,-0.0122,0.0605,-6.44,-37.5,-9.12,216.89,-83.75,-164.01
52.418865,-1.545463,149.21,12.81,3,6.81,21 / 21,2975128,2019-09-06 19:05:41:810,0.5353,-0.7723,9.9203,0.0259,0.0152,9.8065,-0.1039,0.1149,-0.0077,-5.87,-37.19,-8.75,217.92,-83.41,-161.97
52.418865,-1.545463,149.21,12.81,3,6.81,21 / 21,2975229,2019-09-06 19:05:41:911,-0.6785,-1.787,9.606,0.0126,0.0321,9.8065,0.0723,0.0865,0.0191,-6.69,-37.5,-8.62,221.69,-83.32,-161.79
52.418865,-1.545463,149.21,12.81,3,6.81,21 / 21,2975328,2019-09-06 19:05:42:010,-1.3322,-1.2034,9.3325,0.0126,-0.0327,9.8065,0.0298,0.0037,0.0295,-6.81,-37.06,-8.62,222.89,-83.27,-160.14
52.419792,-1.545365,149.21,7.73,2,1.26,21 / 21,2975429,2019-09-06 19:05:42:111,-0.5225,-2.0394,9.7512,0.0122,-0.0231,9.8066,0.0252,0.02,0.0609,-6.69,-36.81,-8.81,224.87,-83.27,-157.59
52.419792,-1.545365,149.21,7.73,2,1.26,21 / 21,2975529,2019-09-06 19:05:42:211,-0.8303,-1.4373,9.7434,-0.0015,-0.0141,9.8066,-0.0654,0.0476,0.0241,-7.81,-37.12,-8.87,230.81,-83.3,-154.82
52.419792,-1.545365,149.21,7.73,2,1.26,21 / 21,2975628,2019-09-06 19:05:42:310,-0.9307,-1.1113,9.7807,0.0096,-0.0016,9.8066,-0.0757,0.0263,0.0123,-7,-36.75,-9,227.49,-83.18,-154.04
52.419792,-1.545365,149.21,7.73,2,1.26,21 / 21,2975728,2019-09-06 19:05:42:410,-0.8318,-2.3531,9.1862,0.0041,0.0149,9.8066,-0.1016,-0.0888,0.1007,-7.25,-36.37,-9.75,226.66,-83.12,-153.6
52.419792,-1.545365,149.21,7.73,2,1.26,21 / 21,2975830,2019-09-06 19:05:42:512,-0.4698,-2.4404,9.8676,-0.0166,-0.0527,9.8065,0.1233,0.0321,-0.0657,-7.5,-36.81,-8.94,228.32,-83.05,-152.64
52.419792,-1.545365,149.21,7.73,2,1.26,21 / 21,2975929,2019-09-06 19:05:42:611,-0.3174,-1.2835,9.2992,-0.0279,-0.0653,9.8063,0.1384,-0.016,0.0545,-7.25,-37.56,-8.5,231.8,-83.52,-151
52.419792,-1.545365,149.21,7.73,2,1.26,21 / 21,2976028,2019-09-06 19:05:42:710,-0.8789,-1.1196,9.6412,-0.0092,-0.0032,9.8066,-0.0176,-0.0323,-0.0121,-7.62,-37.31,-9.37,234.71,-83.57,-150.71
52.419792,-1.545365,149.21,7.73,2,1.26,21 / 21,2976128,2019-09-06 19:05:42:810,-1.3078,-1.8027,9.8882,-0.0026,-0.0078,9.8066,0.0129,0.0239,-0.0154,-8.19,-36.87,-9.69,233.88,-83.72,-150.09
52.419792,-1.545365,149.21,7.73,2,1.26,21 / 21,2976229,2019-09-06 19:05:42:911,-0.7679,-1.8506,9.6801,0.0093,-0.0073,9.8066,0.0329,0.0508,-0.0018,-7.37,-36.56,-9.37,232.27,-83.79,-149.6
52.419792,-1.545365,149.21,7.73,2,1.26,21 / 21,2976329,2019-09-06 19:05:43:011,-0.0816,-1.5891,10.0585,0.0092,-0.0054,9.8066,-0.0254,-0.0087,0.027,-8.62,-36.75,-9.81,238.98,-83.74,-148.2
52.419792,-1.545365,149.21,7.73,2,1.26,21 / 21,2976428,2019-09-06 19:05:43:110,-0.7469,-1.436,10.0123,0.0052,0.0114,9.8066,0.0133,0.013,-0.0036,-8.37,-36.56,-9.5,237.76,-83.69,-147.36
52.419792,-1.545365,149.21,7.73,2,1.26,21 / 21,2976529,2019-09-06 19:05:43:211,-0.3072,-1.882,9.6058,0.0085,0.0017,9.8066,0.0172,-0.0636,0.0486,-8,-36.25,-8.69,237.93,-83.56,-147.28
52.419792,-1.545365,149.21,7.73,2,1.26,21 / 21,2976628,2019-09-06 19:05:43:310,-0.3517,-1.8374,9.8096,0.0023,-0.0078,9.8066,-0.052,-0.0187,-0.0268,-8.81,-37.62,-8.81,241.7,-83.53,-146.14
52.419792,-1.545365,149.21,7.73,2,1.26,21 / 21,2976729,2019-09-06 19:05:43:411,-0.1935,-1.8233,9.8588,-0.0008,-0.0141,9.8066,0.0221,-0.057,0.072,-8.87,-37.12,-8.56,242.77,-83.54,-145.39
52.419792,-1.545365,149.21,7.73,2,1.26,21 / 21,2976829,2019-09-06 19:05:43:511,-0.4578,-1.8069,9.5349,-0.0041,-0.0291,9.8065,-0.0019,-0.0401,0.0171,-8.31,-36.37,-8,243.36,-83.61,-143.23
52.419792,-1.545365,149.21,7.73,2,1.26,21 / 21,2976928,2019-09-06 19:05:43:610,0.0148,-1.7813,9.987,-0.014,-0.0226,9.8065,-0.1405,-0.0564,0.0155,-8.25,-36.69,-8.37,244.19,-83.73,-142.08
52.419792,-1.545365,149.21,7.73,2,1.26,21 / 21,2977028,2019-09-06 19:05:43:710,0.3867,-1.9314,10.4461,-0.0028,-0.0082,9.8066,-0.0742,-0.0796,0.0158,-8.56,-36.31,-8.5,250,-83.8,-140.72
52.419792,-1.545365,149.21,7.73,2,1.26,21 / 21,2977129,2019-09-06 19:05:43:811,-0.4831,-1.6743,10.3436,-0.0052,0.0065,9.8066,0.0142,-0.1011,0.031,-8.87,-36.5,-8.94,248.41,-83.96,-140.56
52.419792,-1.545365,149.21,7.73,2,1.26,21 / 21,2977229,2019-09-06 19:05:43:911,0.1012,-2.1154,10.0391,0.0168,0.0141,9.8066,-0.0411,-0.1467,0.0697,-8.75,-35.56,-9.06,248.81,-83.81,-139.69
52.419792,-1.545365,149.21,7.73,2,1.26,21 / 21,2977330,2019-09-06 19:05:44:012,0.7828,-0.6302,9.0821,0.013,0.0166,9.8066,0.0348,-0.1529,0.0439,-8.94,-36.37,-8.62,248.44,-83.75,-139.94
52.419792,-1.545365,149.21,7.73,2,1.26,21 / 21,2977429,2019-09-06 19:05:44:111,1.1815,-0.5549,9.2925,0.0051,-0.0021,9.8066,-0.0197,-0.1252,-0.0057,-9.69,-37.37,-8.31,253.84,-83.67,-139.66
52.419792,-1.545365,149.21,7.73,2,1.26,21 / 21,2977528,2019-09-06 19:05:44:210,0.6419,-1.6508,9.2608,0.0112,0.0123,9.8066,0.0209,-0.1182,0.0438,-10.37,-36.31,-8.5,253.33,-83.45,-140.1
52.419792,-1.545365,149.21,7.73,2,1.26,21 / 21,2977628,2019-09-06 19:05:44:310,0.8006,-1.2222,10.03,-0.009,-0.0226,9.8066,-0.0588,-0.1943,0.0259,-10.31,-36.81,-7.5,255.86,-83.36,-139.24
52.419792,-1.545365,149.21,7.73,2,1.26,21 / 21,2977729,2019-09-06 19:05:44:411,0.6684,-0.9545,10.3136,-0.0008,-0.0208,9.8066,0.0244,-0.227,0.0278,-10.87,-36.12,-7.81,258.13,-83.35,-138.34
52.419792,-1.545365,149.21,7.73,2,1.26,21 / 21,2977829,2019-09-06 19:05:44:511,1.4196,-1.1404,10.0824,0.0113,0.0014,9.8066,0.0375,-0.2667,0.0578,-11.44,-36.25,-7.75,258.85,-83.25,-137.3
52.419792,-1.545365,149.21,7.73,2,1.26,21 / 21,2977929,2019-09-06 19:05:44:611,1.2163,-1.3458,9.7469,0.0062,0.0031,9.8066,-0.0499,-0.3006,0.0159,-12.37,-36.06,-7.62,262.52,-83.24,-136.79
52.419792,-1.545365,149.21,7.73,2,1.26,21 / 21,2978029,2019-09-06 19:05:44:711,0.9887,-1.0636,9.7242,0.0129,0.01,9.8065,0.0586,-0.3365,0.0737,-11.87,-36.25,-8.56,259.8,-83.15,-136.93
52.419792,-1.545365,149.21,7.73,2,1.26,21 / 21,2978128,2019-09-06 19:05:44:810,1.4781,-1.1874,9.6407,0.0007,0.0002,9.8066,-0.0269,-0.369,0.0081,-12.25,-35.81,-7.44,263.49,-83,-137.87
52.419792,-1.545365,149.21,7.73,2,1.26,21 / 21,2978229,2019-09-06 19:05:44:911,1.1097,-2.1476,9.8538,0.0027,0.0032,9.8066,0.0053,-0.3958,0.03,-12.87,-36.69,-6.12,267.97,-82.89,-138.47
52.419792,-1.545365,149.21,7.73,2,1.26,21 / 21,2978332,2019-09-06 19:05:45:014,1.8255,-1.1687,10.1712,-0.0074,0.0056,9.8066,0.0121,-0.3979,0.0024,-13.12,-37.12,-6.12,267.03,-82.87,-139.39
52.419792,-1.545365,149.21,7.73,2,1.26,22 / 22,2978429,2019-09-06 19:05:45:111,1.6491,-1.2375,9.8352,-0.0052,0.0246,9.8065,-0.0588,-0.4466,-0.0007,-14.12,-36.69,-5.44,270.01,-82.92,-142.32
52.419792,-1.545365,149.21,7.73,2,1.26,22 / 22,2978528,2019-09-06 19:05:45:210,2.5488,-0.7232,10.2399,-0.0017,0.0212,9.8066,-0.1027,-0.4396,0.0006,-14.37,-35.62,-5.62,266.14,-83,-143.86
52.419792,-1.545365,149.21,7.73,2,1.26,22 / 22,2978629,2019-09-06 19:05:45:311,1.4638,-1.0095,9.7829,0.011,0.0013,9.8066,-0.0294,-0.4625,0.0744,-15.56,-35.69,-5.19,272.84,-83.05,-144.62
52.419792,-1.545365,149.21,7.73,2,1.26,22 / 22,2978728,2019-09-06 19:05:45:410,1.1136,-2.088,9.9037,0.0155,0.0086,9.8066,-0.0091,-0.4829,0.0403,-16.5,-36.19,-3.56,275.38,-82.89,-144.81
52.419792,-1.545365,149.21,7.73,2,1.26,22 / 22,2978828,2019-09-06 19:05:45:510,1.8676,-1.6572,9.6989,-0.0019,-0.0112,9.8066,-0.012,-0.5143,0.0844,-16.75,-36.44,-3.75,277.53,-82.87,-144.36
52.419792,-1.545365,149.21,7.73,2,1.26,22 / 22,2978930,2019-09-06 19:05:45:612,2.0545,-2.1775,9.9218,-0.0028,-0.0165,9.8066,-0.0223,-0.5272,0.0783,-17.75,-36.37,-3.44,282.67,-82.74,-143.59
52.419792,-1.545365,149.21,7.73,2,1.26,22 / 22,2979029,2019-09-06 19:05:45:711,1.1809,-2.5437,10.3946,0.0094,0.0118,9.8065,0.0462,-0.5748,0.0351,-17.75,-35.75,-2.12,285.57,-82.69,-143.76
52.419792,-1.545365,149.21,7.73,2,1.26,22 / 22,2979129,2019-09-06 19:05:45:811,1.1908,-2.1628,10.5634,0.0143,0.0138,9.8065,-0.1118,-0.6142,0.052,-19,-35.69,-1.75,285.86,-82.71,-144.6
52.419792,-1.545365,149.21,7.73,2,1.26,22 / 22,2979229,2019-09-06 19:05:45:911,0.8226,-2.1548,9.7897,0.0264,0.012,9.8066,-0.0948,-0.6207,0.0748,-19.31,-36.81,-1.19,287.69,-82.64,-145.32
52.419792,-1.545365,149.21,7.73,2,1.26,22 / 22,2979329,2019-09-06 19:05:46:011,-0.2738,-4.2997,10.0223,0.0245,0.0178,9.8065,0.105,-0.5411,-0.0022,-19.44,-35.69,0,288.21,-82.38,-147.71
52.419792,-1.545365,149.21,7.73,2,1.26,21 / 21,2979428,2019-09-06 19:05:46:110,0.1774,-2.3017,10.2063,-0.0059,0.0065,9.8066,-0.0595,-0.7016,0.067,-19.5,-35.12,0.69,290.4,-82.32,-149.01
52.419792,-1.545365,149.21,7.73,2,1.26,21 / 21,2979529,2019-09-06 19:05:46:211,0.8287,-1.9254,9.1868,0.0037,0.0096,9.8066,0.0166,-0.5617,0.0537,-21.25,-35.69,1.19,289.89,-82.27,-150.05
52.419792,-1.545365,149.21,7.73,2,1.26,21 / 21,2979629,2019-09-06 19:05:46:311,0.8054,-2.4115,9.8955,-0.0121,0.0014,9.8065,-0.1411,-0.6257,0.0372,-20.44,-36,1.69,292.66,-82.38,-150.12
52.419792,-1.545365,149.21,7.73,2,1.26,21 / 21,2979729,2019-09-06 19:05:46:411,0.2954,-2.6605,9.8985,-0.0017,0.0135,9.8065,-0.0926,-0.5502,0.0301,-20.56,-35.12,2.5,297,-82.73,-150.15
52.419792,-1.545365,149.21,7.73,2,1.26,21 / 21,2979828,2019-09-06 19:05:46:510,-0.0631,-0.7573,9.6116,0.005,0.0221,9.8066,-0.0806,-0.4659,-0.0596,-21.19,-35.69,2.69,296.52,-83.03,-150.76
52.419792,-1.545365,149.21,7.73,2,1.26,21 / 21,2979928,2019-09-06 19:05:46:610,1.2366,-0.5252,10.2694,0.0253,-0.0046,9.8066,-0.1398,-0.5075,0.1666,-21.75,-35,3.38,297.26,-83.45,-151.11
52.419792,-1.545365,149.21,7.73,2,1.26,21 / 21,2980029,2019-09-06 19:05:46:711,-1.2693,-1.7098,11.7394,0.0505,-0.0136,9.8065,-0.1735,-0.4579,0.0278,-21.31,-34.12,4.5,303.41,-83.09,-150.65
52.419792,-1.545365,149.21,7.73,2,1.26,21 / 21,2980128,2019-09-06 19:05:46:810,-1.3276,-0.884,10.9879,0.0223,0.0108,9.8066,0.1702,-0.4145,0.0239,-21.12,-34.94,5.69,302.47,-82.7,-153.32
52.419792,-1.545365,149.21,7.73,2,1.26,21 / 21,2980229,2019-09-06 19:05:46:911,0.3834,-0.0125,9.5195,0.0415,0.0098,9.8065,0.1773,-0.335,-0.0134,-22,-34.87,7,300.28,-82.12,-156.72
52.419792,-1.545365,149.21,7.73,2,1.26,21 / 21,2980329,2019-09-06 19:05:47:011,1.8179,1.1768,9.1209,0.0727,-0.001,9.8063,0.1545,-0.25,-0.02,-21.5,-34.56,8.13,296.48,-81.11,-161.53
52.419792,-1.545365,149.21,7.73,2,1.26,22 / 22,2980429,2019-09-06 19:05:47:111,1.2782,-0.3891,9.1842,0.0525,-0.0232,9.8064,0.0873,-0.2498,0.0726,-21.31,-34.94,9.69,299.19,-80.24,-162.91
52.419792,-1.545365,149.21,7.73,2,1.26,22 / 22,2980529,2019-09-06 19:05:47:211,1.9947,0.3252,10.0603,0.0187,-0.0036,9.8066,-0.1038,-0.1958,0.0853,-21.94,-34.25,9.63,298.27,-80.1,-163.37
52.419792,-1.545365,149.21,7.73,2,1.26,22 / 22,2980628,2019-09-06 19:05:47:310,0.9531,-0.0155,9.8755,-0.0342,0.0054,9.8066,-0.1456,-0.1396,0.025,-21.94,-34.25,8.81,298.34,-80.73,-161.77
52.419792,-1.545365,149.21,7.73,2,1.26,22 / 22,2980729,2019-09-06 19:05:47:411,0.684,0.3409,9.829,-0.0231,0.0039,9.8066,-0.1937,-0.0667,0.0265,-21.5,-34.31,8.75,301.2,-81.3,-160.51
52.419792,-1.545365,149.21,7.73,2,1.26,22 / 22,2980828,2019-09-06 19:05:47:510,0.0138,0.8317,9.6156,-0.0487,0.0043,9.8064,-0.1345,-0.0018,0.0252,-22.5,-34.94,7.56,299.54,-81.64,-159.2
52.419792,-1.545365,149.21,7.73,2,1.26,22 / 22,2980929,2019-09-06 19:05:47:611,1.4924,0.5411,8.8134,-0.0163,0.0109,9.8066,0.0045,0.0001,-0.0298,-21.75,-34.62,8.06,301.15,-82.05,-158.32
52.419792,-1.545365,149.21,7.73,2,1.26,22 / 22,2981028,2019-09-06 19:05:47:710,2.0105,0.5969,9.5026,0.0009,-0.0124,9.8066,0.0384,-0.0095,0.0162,-21.37,-34.69,7.38,299.35,-82.05,-157.78
52.419792,-1.545365,149.21,7.73,2,1.26,22 / 22,2981128,2019-09-06 19:05:47:810,1.6033,0.5481,9.7761,0.0002,-0.0145,9.8066,-0.1011,-0.0326,0.0848,-21.87,-35.44,7.25,300.72,-82.13,-156.33
52.419792,-1.545365,149.21,7.73,2,1.26,22 / 22,2981229,2019-09-06 19:05:47:911,0.5563,0.4455,10.1169,-0.0366,-0.0167,9.8065,-0.1241,0.0224,0.0258,-22.69,-34.62,7.38,304.2,-82.26,-153.1
52.419792,-1.545365,149.21,7.73,2,1.26,22 / 22,2981328,2019-09-06 19:05:48:010,0.4968,0.5471,10.194,-0.0162,-0.0093,9.8066,0.0822,0.0508,-0.0291,-21.87,-35,7.94,309.01,-82.26,-151.67
52.419792,-1.545365,149.21,7.73,2,1.26,21 / 21,2981428,2019-09-06 19:05:48:110,1.6391,0.1389,9.9835,0.0177,-0.0061,9.8065,0.1336,-0.0033,0.0368,-22.62,-34.81,7.75,308.31,-82.09,-151.61
52.419792,-1.545365,149.21,7.73,2,1.26,21 / 21,2981529,2019-09-06 19:05:48:211,0.5453,1.2933,9.7123,0.0165,-0.0207,9.8065,0.0517,-0.0497,0.0739,-22.69,-33.75,8,308.11,-81.76,-151.67
52.419792,-1.545365,149.21,7.73,2,1.26,21 / 21,2981628,2019-09-06 19:05:48:310,0.312,-0.0916,10.1803,0.0157,-0.0142,9.8066,0.0047,0.0471,-0.0388,-22.62,-34.44,8.38,308.43,-81.39,-150.95
52.419792,-1.545365,149.21,7.73,2,1.26,21 / 21,2981729,2019-09-06 19:05:48:411,0.837,1.5011,9.7497,0.015,-0.0068,9.8066,0.0062,0.0608,0.0438,-23.25,-34.25,7.75,308.71,-81.25,-150.53
52.419792,-1.545365,149.21,7.73,2,1.26,21 / 21,2981829,2019-09-06 19:05:48:511,0.5171,1.3823,9.7312,-0.0135,-0.0137,9.8066,-0.0126,0.0847,0.0289,-22.94,-34,7.75,310.03,-81.21,-149.35
52.419792,-1.545365,149.21,7.73,2,1.26,21 / 21,2981929,2019-09-06 19:05:48:611,0.8888,0.7291,10.1611,-0.0202,-0.012,9.8065,0.0475,0.0809,-0.0129,-23.75,-34.31,7.56,310.62,-81.11,-148.34
52.419792,-1.545365,149.21,7.73,2,1.26,21 / 21,2982028,2019-09-06 19:05:48:710,1.0259,1.8122,9.2094,0.014,-0.0055,9.8066,0.031,0.0778,0.0099,-23.06,-34,7.69,310.97,-80.98,-148.27
52.419792,-1.545365,149.21,7.73,2,1.26,21 / 21,2982128,2019-09-06 19:05:48:810,0.5622,1.1902,9.9366,0.0037,-0.009,9.8066,0.0681,0.1354,-0.0314,-23.37,-34.12,7.75,311.23,-80.92,-147.98
52.419792,-1.545365,149.21,7.73,2,1.26,21 / 21,2982230,2019-09-06 19:05:48:912,0.894,1.6867,10.0214,-0.0033,-0.005,9.8065,0.0102,0.1514,-0.0152,-23.25,-33.56,6.69,309.62,-80.91,-146.97
52.419792,-1.545365,149.21,7.73,2,1.26,21 / 21,2982329,2019-09-06 19:05:49:011,0.3052,1.9948,10.2369,-0.0079,-0.0088,9.8066,0.0064,0.138,-0.0159,-23,-33.94,6.69,310.89,-80.95,-145.92
52.419792,-1.545365,149.21,7.73,2,1.26,22 / 22,2982429,2019-09-06 19:05:49:111,-0.1557,1.8025,10.051,0.0184,-0.0188,9.8065,0.0127,0.1504,-0.0182,-23.44,-33.94,6.81,311.8,-80.86,-145.06
52.419792,-1.545365,149.21,7.73,2,1.26,22 / 22,2982529,2019-09-06 19:05:49:211,0.349,0.7488,10.0563,0.0138,-0.0127,9.8066,0.0457,0.1138,0.0249,-23.87,-33.62,6.13,309.24,-80.72,-144.46
52.419792,-1.545365,149.21,7.73,2,1.26,22 / 22,2982629,2019-09-06 19:05:49:311,-0.2482,0.3487,10.4956,0.0126,-0.0178,9.8066,0.0256,0.1267,-0.0218,-23.81,-33.62,6.25,309.65,-80.64,-144.02
52.419792,-1.545365,149.21,7.73,2,1.26,22 / 22,2982728,2019-09-06 19:05:49:410,0.1051,2.0594,9.8746,-0.0124,0.0111,9.8065,-0.0785,0.1147,-0.0816,-24,-33.56,6.13,309.65,-80.56,-143.93
52.419792,-1.545365,149.21,7.73,2,1.26,22 / 22,2982829,2019-09-06 19:05:49:511,-0.382,1.0634,9.8093,0.0157,-0.0021,9.8066,0.0477,0.1203,-0.0514,-24.19,-33.56,5.88,309.21,-80.73,-144.5
52.419792,-1.545365,149.21,7.73,2,1.26,22 / 22,2982929,2019-09-06 19:05:49:611,-1.0035,1.1159,10.1464,0.0132,0.0084,9.8066,-0.134,0.095,-0.0371,-23.69,-33.5,5.94,309.6,-80.84,-144.59
52.419792,-1.545365,149.21,7.73,2,1.26,22 / 22,2983029,2019-09-06 19:05:49:711,-1.2673,0.7532,9.4243,-0.0205,0.0239,9.8065,-0.0938,0.0534,-0.0627,-23,-33.62,5.69,309.21,-81.14,-145.18
52.419792,-1.545365,149.21,7.73,2,1.26,22 / 22,2983129,2019-09-06 19:05:49:811,-1.304,0.4992,10.4345,0.0082,0.0089,9.8066,0.1994,0.0872,-0.0585,-22.37,-34.12,6.44,307.38,-81.08,-146.87
52.419792,-1.545365,149.21,7.73,2,1.26,22 / 22,2983229,2019-09-06 19:05:49:911,2.2521,1.4534,9.7223,0.0124,0.0328,9.8065,0.1771,0.072,-0.0924,-22.19,-34.56,5.06,301.18,-81.02,-149.25
52.419792,-1.545365,149.21,7.73,2,1.26,22 / 22,2983329,2019-09-06 19:05:50:011,0.2159,1.7987,9.4695,-0.0054,-0.0031,9.8066,0.0255,0.0161,-0.0039,-21.5,-34.06,5.25,299.45,-81.01,-151.15
52.419792,-1.545365,149.21,7.73,2,1.26,22 / 22,2983428,2019-09-06 19:05:50:110,0.173,0.8845,9.8869,-0.0058,-0.008,9.8066,0.0167,0.1048,-0.0049,-21.87,-34.87,5.06,300.02,-81.03,-150.28
52.419792,-1.545365,149.21,7.73,2,1.26,22 / 22,2983529,2019-09-06 19:05:50:211,-1.4335,1.2999,9.1503,0.0013,0.0111,9.8066,-0.1418,0.0938,-0.046,-21.75,-34.12,4.38,297.96,-81.15,-150.02
52.419792,-1.545365,149.21,7.73,2,1.26,22 / 22,2983629,2019-09-06 19:05:50:311,-0.6574,0.5063,9.5166,-0.0018,-0.0077,9.8066,-0.072,0.0335,0.0062,-22,-33.81,4,299.33,-81.39,-149.15
52.419792,-1.545365,149.21,7.73,2,1.26,22 / 22,2983728,2019-09-06 19:05:50:410,-0.065,1.2767,9.2988,0.0319,0.0089,9.8066,-0.0431,0.0562,-0.0635,-21.69,-34,3.5,298.9,-81.35,-149.48
52.419792,-1.545365,149.21,7.73,2,1.26,22 / 22,2983829,2019-09-06 19:05:50:511,-0.0966,0.3631,9.8905,-0.0192,-0.0168,9.8066,-0.0081,-0.0132,0.055,-21.87,-34.25,3.63,299.89,-81.49,-148.8
52.419792,-1.545365,149.21,7.73,2,1.26,22 / 22,2983928,2019-09-06 19:05:50:610,-0.1925,0.5626,9.916,-0.033,-0.0038,9.8065,0.0725,0.0664,-0.0167,-22.12,-34.56,3.5,299.91,-81.5,-148.45
52.419792,-1.545365,149.21,7.73,2,1.26,22 / 22,2984029,2019-09-06 19:05:50:711,-1.141,0.6638,10.0444,0.0074,0.0089,9.8065,-0.0553,0.065,-0.0472,-22.44,-33.87,3.56,299.69,-81.48,-148.96
52.419792,-1.545365,149.21,7.73,2,1.26,22 / 22,2984129,2019-09-06 19:05:50:811,0.0732,1.1725,9.8905,-0.0013,0.0048,9.8066,0.0482,0.0404,-0.0231,-22.62,-33.94,3.94,299.51,-81.57,-149.3
52.419792,-1.545365,149.21,7.73,2,1.26,22 / 22,2984229,2019-09-06 19:05:50:911,-0.5391,0.5397,9.9455,0.0128,0.0047,9.8066,0.0312,0.0259,-0.0078,-23.12,-34.19,4.56,302.04,-81.59,-149.54
52.419792,-1.545365,149.21,7.73,2,1.26,22 / 22,2984329,2019-09-06 19:05:51:011,-0.423,1.1258,9.7431,0.0125,0.0072,9.8066,0.0042,0.0387,-0.0282,-22.25,-32.81,5.25,301.12,-81.54,-150.71
52.42006,-1.544925,149.5,6.83,3,65.46,22 / 22,2984429,2019-09-06 19:05:51:111,-0.9745,0.7666,9.7383,-0.0099,0.0033,9.8066,0.0653,0.0414,-0.0282,-21.81,-33.31,5.44,300.45,-81.56,-151.33
52.42006,-1.544925,149.5,6.83,3,65.46,22 / 22,2984529,2019-09-06 19:05:51:211,0.7631,0.9975,9.5002,0.0098,0.0123,9.8066,-0.053,0.0233,-0.0121,-20.81,-32.44,4.81,299.43,-81.55,-152.67
52.42006,-1.544925,149.5,6.83,3,65.46,22 / 22,2984629,2019-09-06 19:05:51:311,-0.4508,0.8379,9.7942,0.0024,-0.0028,9.8066,-0.0256,0.0431,-0.009,-20.12,-33.19,3.88,296.03,-81.58,-152.63
52.42006,-1.544925,149.5,6.83,3,65.46,22 / 22,2984729,2019-09-06 19:05:51:411,-0.8372,0.3249,9.8653,0.0073,0.0076,9.8066,-0.0306,0.0408,-0.0527,-21,-32.94,3.38,293.28,-81.64,-152.53
52.42006,-1.544925,149.5,6.83,3,65.46,22 / 22,2984828,2019-09-06 19:05:51:510,-0.0701,0.8053,9.7501,-0.0236,-0.0041,9.8066,-0.0342,0.0513,0.0162,-20.75,-33.19,2.38,290.71,-81.8,-152.37
52.42006,-1.544925,149.5,6.83,3,65.46,22 / 22,2984928,2019-09-06 19:05:51:610,-1.1941,1.0584,9.5355,-0.0145,-0.0049,9.8066,0.0569,0.0374,0.0305,-21.06,-34.12,2.13,290.63,-81.76,-152.01
52.42006,-1.544925,149.5,6.83,3,65.46,22 / 22,2985029,2019-09-06 19:05:51:711,-0.9392,0.9685,9.4987,-0.0031,-0.0072,9.8066,0.023,0.0197,0.0044,-21.56,-33.87,2,290.54,-81.72,-152.36
52.42006,-1.544925,149.5,6.83,3,65.46,22 / 22,2985128,2019-09-06 19:05:51:810,-1.0263,0.0996,10.2075,-0.0139,-0.0109,9.8066,0.0216,0.013,-0.0057,-22,-33.44,3.19,294.21,-81.6,-151.8
52.42006,-1.544925,149.5,6.83,3,65.46,22 / 22,2985229,2019-09-06 19:05:51:911,-0.6649,0.6987,9.9215,0.0146,-0.0011,9.8066,-0.0276,0.024,-0.0237,-21.94,-33.75,3.19,293.55,-81.53,-151.93
52.42006,-1.544925,149.5,6.83,3,65.46,22 / 22,2985328,2019-09-06 19:05:52:010,-0.0589,1.0293,10.0722,-0.0012,-0.003,9.8066,0.0549,0.0013,0.0137,-21.56,-33.87,3.5,296.36,-81.44,-151.87
52.42006,-1.544925,149.5,6.83,3,65.46,21 / 21,2985429,2019-09-06 19:05:52:111,0.3638,0.2524,9.9735,0.0298,-0.0008,9.8065,0.0844,0.027,-0.0353,-21.25,-34.12,3.25,293,-81.28,-151.84
52.42006,-1.544925,149.5,6.83,3,65.46,21 / 21,2985529,2019-09-06 19:05:52:211,0.7571,1.2772,9.8661,0.0161,-0.0096,9.8065,-0.065,-0.0039,0.0382,-21.75,-34.56,3.06,293.58,-81.21,-151.05
52.42006,-1.544925,149.5,6.83,3,65.46,21 / 21,2985628,2019-09-06 19:05:52:310,-0.4208,0.7947,9.9987,0.0073,-0.0086,9.8066,-0.0027,0.0372,0.015,-21.19,-34.25,2.94,294.04,-81.25,-150.84
52.42006,-1.544925,149.5,6.83,3,65.46,21 / 21,2985728,2019-09-06 19:05:52:410,0.1979,1.0888,9.5799,0.0069,0.0019,9.8066,-0.0604,0.0365,-0.0626,-20.56,-34.87,2.94,293.8,-81.21,-150.6
52.42006,-1.544925,149.5,6.83,3,65.46,21 / 21,2985829,2019-09-06 19:05:52:511,-0.1205,0.8834,9.7015,0.0162,-0.0036,9.8066,0.0234,0.0304,0.0067,-21.37,-34.94,2.75,293.72,-81.24,-150.73
52.42006,-1.544925,149.5,6.83,3,65.46,21 / 21,2985929,2019-09-06 19:05:52:611,-0.0564,1.3021,9.4677,0.0084,-0.0033,9.8066,0.0072,0.0012,0.0635,-20.87,-34.44,3.19,293.76,-81.07,-150.81
52.42006,-1.544925,149.5,6.83,3,65.46,21 / 21,2986028,2019-09-06 19:05:52:710,-0.3408,0.1108,10.1911,0.0015,-0.0048,9.8066,0.0048,-0.0075,0.0248,-20.81,-34.94,3.19,293.9,-80.93,-150.06
52.42006,-1.544925,149.5,6.83,3,65.46,21 / 21,2986128,2019-09-06 19:05:52:810,-0.2017,0.9424,9.8582,-0.0003,-0.0001,9.8066,-0.0197,0.0162,-0.028,-21.56,-34.69,2.81,293.92,-80.93,-150.31
52.42006,-1.544925,149.5,6.83,3,65.46,21 / 21,2986229,2019-09-06 19:05:52:911,0.3356,0.4114,9.6568,0.0051,-0.0142,9.8066,0.0159,-0.0119,0.0838,-20.69,-34.94,3.19,294.14,-80.66,-149.39
52.42006,-1.544925,149.5,6.83,3,65.46,21 / 21,2986329,2019-09-06 19:05:53:011,0.5697,0.7513,10.6035,-0.0085,-0.0014,9.8066,0.0681,0.0134,-0.0159,-20.75,-34.81,2.81,294.2,-80.59,-149.22
52.42006,-1.544925,149.5,6.83,3,65.46,22 / 22,2986430,2019-09-06 19:05:53:112,0.199,0.7558,9.7935,-0.0045,-0.0013,9.8066,0.0719,-0.0506,0.0473,-21.12,-34.5,2.81,294.22,-80.43,-149.38
52.42006,-1.544925,149.5,6.83,3,65.46,22 / 22,2986529,2019-09-06 19:05:53:211,0.3325,-0.1703,10.221,0.0039,-0.0009,9.8065,-0.0356,-0.0064,-0.0293,-20.56,-34.44,3.13,293.99,-80.39,-149.52
52.42006,-1.544925,149.5,6.83,3,65.46,22 / 22,2986628,2019-09-06 19:05:53:310,-0.0183,0.3028,10.1502,0.0077,-0.0055,9.8065,0.0405,0.0045,0.0386,-22,-34.5,3.19,294.32,-80.23,-149.27
52.42006,-1.544925,149.5,6.83,3,65.46,22 / 22,2986728,2019-09-06 19:05:53:410,-0.4421,0.9293,9.9414,0.0005,-0.0061,9.8066,-0.0312,-0.0112,0.0409,-21.12,-34.62,3.44,293.37,-80.15,-149.25
52.42006,-1.544925,149.5,6.83,3,65.46,22 / 22,2986828,2019-09-06 19:05:53:510,-0.7147,0.1448,10.5513,0.0301,-0.0082,9.8066,0.0334,-0.0187,0.032,-21.5,-35,3.31,292.88,-79.82,-149.12
52.42006,-1.544925,149.5,6.83,3,65.46,22 / 22,2986928,2019-09-06 19:05:53:610,-0.2381,0.557,9.5135,0.03,0.0047,9.8065,0.0553,-0.0463,-0.0239,-21.94,-34.87,3.44,292.38,-79.64,-149.63
52.42006,-1.544925,149.5,6.83,3,65.46,22 / 22,2987028,2019-09-06 19:05:53:710,0.4956,0.244,10.1524,-0.0258,-0.0034,9.8066,-0.0172,-0.1046,0.0185,-21.37,-34.5,3.5,294.88,-79.51,-150.09
52.42006,-1.544925,149.5,6.83,3,65.46,22 / 22,2987129,2019-09-06 19:05:53:811,0.2704,0.4585,10.2309,-0.0682,-0.0081,9.8064,0.1783,-0.0576,0.0421,-21.62,-34.87,3.56,295.74,-79.76,-149.49
52.42006,-1.544925,149.5,6.83,3,65.46,22 / 22,2987230,2019-09-06 19:05:53:912,0.8499,0.194,10.2603,0.0222,-0.0014,9.8065,0.1148,-0.0015,0.0098,-21.87,-34.94,3.13,292.47,-79.55,-149.41
52.42006,-1.544925,149.5,6.83,3,65.46,22 / 22,2987329,2019-09-06 19:05:54:011,-0.3321,0.69,9.8141,-0.0065,0.0005,9.8066,-0.0951,0.0474,-0.0423,-21.62,-34.5,3.06,294.36,-79.79,-148.56
52.42006,-1.544925,149.5,6.83,3,65.46,21 / 21,2987429,2019-09-06 19:05:54:111,-0.4848,1.0429,9.1346,0.0352,0.0115,9.8065,0.0664,0.0121,-0.0172,-21.62,-35.19,4.13,297.37,-79.93,-148.32
52.42006,-1.544925,149.5,6.83,3,65.46,21 / 21,2987528,2019-09-06 19:05:54:210,-0.1461,0.6181,9.7416,0.0779,0.0037,9.8062,-0.177,-0.0559,0.0815,-21.37,-34.87,3.81,294.94,-79.6,-149.71
52.42006,-1.544925,149.5,6.83,3,65.46,21 / 21,2987629,2019-09-06 19:05:54:311,-0.1221,0.1963,9.6579,-0.0473,0.0022,9.8065,-0.2181,-0.05,-0.0068,-21.81,-34.94,3.69,295.75,-79.83,-149.59
52.42006,-1.544925,149.5,6.83,3,65.46,21 / 21,2987729,2019-09-06 19:05:54:411,0.6436,0.4042,9.7316,-0.0233,-0.002,9.8066,0.1347,-0.0709,0.0044,-22,-35,3.63,295.28,-79.8,-149.97
52.42006,-1.544925,149.5,6.83,3,65.46,21 / 21,2987829,2019-09-06 19:05:54:511,0.8125,0.2083,9.9264,0.0077,0.0039,9.8066,0.0881,-0.0457,-0.0053,-21.44,-34.75,3.38,291.42,-79.69,-150.2
52.42006,-1.544925,149.5,6.83,3,65.46,21 / 21,2987929,2019-09-06 19:05:54:611,0.2522,0.4488,10.3518,-0.0018,0.003,9.8066,0.0115,-0.0256,0.0221,-22.06,-35.12,3,291.72,-79.78,-150.46
52.42006,-1.544925,149.5,6.83,3,65.46,21 / 21,2988029,2019-09-06 19:05:54:711,0.1314,0.0132,9.9829,0.0244,0.0048,9.8066,0.0939,-0.0383,0.0284,-21.75,-33.94,3.94,295.04,-79.85,-150.68
52.42006,-1.544925,149.5,6.83,3,65.46,21 / 21,2988128,2019-09-06 19:05:54:810,-0.2003,-0.4167,9.8788,0.0291,0.0045,9.8065,-0.0576,-0.0169,-0.0383,-21.69,-35.06,3.75,293.19,-79.64,-151.57
52.42006,-1.544925,149.5,6.83,3,65.46,21 / 21,2988228,2019-09-06 19:05:54:910,-0.3174,0.1274,9.7786,-0.0168,-0.0016,9.8065,-0.076,-0.0268,0.0296,-22.19,-35.19,3.25,290.05,-79.75,-151.91
52.42006,-1.544925,149.5,6.83,3,65.46,21 / 21,2988329,2019-09-06 19:05:55:011,0.547,0.3045,10.222,-0.0294,-0.0014,9.8066,0.0569,-0.0271,0.0239,-21.75,-34.69,4.19,292.95,-79.78,-152
52.42006,-1.544925,149.5,6.83,3,65.46,21 / 22,2988428,2019-09-06 19:05:55:110,-0.0512,0.3896,10.1841,0.0165,0.0123,9.8066,0.0046,-0.0215,-0.0017,-22.31,-34.5,4.06,293.47,-79.8,-152
52.42006,-1.544925,149.5,6.83,3,65.46,21 / 22,2988528,2019-09-06 19:05:55:210,-0.2749,0.371,9.8585,0.0006,0.0046,9.8066,0.0246,-0.0226,0.0095,-21.62,-35.25,4.13,292.18,-79.83,-152.77
52.42006,-1.544925,149.5,6.83,3,65.46,21 / 22,2988629,2019-09-06 19:05:55:311,-0.6124,0.4747,9.7088,0.0029,-0.0006,9.8066,0.0077,0.0078,0.0109,-22.19,-34.94,3.94,292.37,-79.8,-152.55
52.42006,-1.544925,149.5,6.83,3,65.46,21 / 22,2988731,2019-09-06 19:05:55:413,-0.7109,0.6557,9.5154,-0.0054,0.0034,9.8066,-0.0184,0.0002,0.0008,-21.87,-34.69,3.94,292,-79.77,-152.84
52.42006,-1.544925,149.5,6.83,3,65.46,21 / 22,2988829,2019-09-06 19:05:55:511,-0.7031,0.0032,10.0223,-0.003,-0.0038,9.8066,-0.0251,0.0054,0.0115,-21.37,-35,3.94,292.11,-79.77,-152.5
52.42006,-1.544925,149.5,6.83,3,65.46,21 / 22,2988928,2019-09-06 19:05:55:610,-0.3226,0.2718,9.8855,-0.0033,0.0085,9.8066,-0.0843,-0.008,0.004,-22.5,-34.5,3.81,292.5,-79.82,-152.9
52.42006,-1.544925,149.5,6.83,3,65.46,21 / 22,2989028,2019-09-06 19:05:55:710,-0.3961,0.264,9.7442,-0.0242,-0.0074,9.8065,0.1321,-0.0243,0.0106,-22.25,-34.06,3.75,292.14,-79.74,-153.11
52.42006,-1.544925,149.5,6.83,3,65.46,21 / 22,2989128,2019-09-06 19:05:55:810,-0.6128,0.4055,10.0015,-0.0363,-0.0019,9.8065,0.1231,-0.0097,-0.0037,-22.19,-34.5,3.94,292.9,-79.88,-152.64
52.42006,-1.544925,149.5,6.83,3,65.46,21 / 22,2989229,2019-09-06 19:05:55:911,0.5473,0.3485,9.6276,0.0391,0.0066,9.8065,-0.0683,-0.0067,0.0334,-21.87,-33.94,4.31,291.47,-79.63,-153.55
52.42006,-1.544925,149.5,6.83,3,65.46,21 / 22,2989329,2019-09-06 19:05:56:011,0.0638,-0.0136,9.5128,0.0405,0.0054,9.8065,-0.0256,-0.0281,-0.0006,-22.31,-34.56,3.44,288.2,-79.63,-153.4
52.42006,-1.544925,149.5,6.83,3,65.46,21 / 21,2989432,2019-09-06 19:05:56:114,-0.567,0.2679,9.8243,-0.0279,0.0073,9.8065,-0.0813,-0.0088,0.0279,-22,-34.87,3.94,291.74,-79.9,-153.28
52.42006,-1.544925,149.5,6.83,3,65.46,21 / 21,2989529,2019-09-06 19:05:56:211,-1.1522,0.0785,9.5612,0.0035,-0.0012,9.8066,-0.1094,-0.0275,0.034,-22.19,-34.31,4,291.97,-79.85,-153.43
52.42006,-1.544925,149.5,6.83,3,65.46,21 / 21,2989629,2019-09-06 19:05:56:311,0.2186,-0.0297,10.2589,-0.0183,0.0077,9.8066,0.1419,-0.041,-0.0035,-22.5,-34.56,4.56,294.18,-79.9,-153.73
52.42006,-1.544925,149.5,6.83,3,65.46,21 / 21,2989728,2019-09-06 19:05:56:410,-0.1928,-0.4314,10.2299,-0.0284,-0.0079,9.8065,0.1009,-0.0523,0.0168,-22.44,-34.19,4,291.53,-79.85,-153.83
52.42006,-1.544925,149.5,6.83,3,65.46,21 / 21,2989828,2019-09-06 19:05:56:510,0.2438,0.3099,10.0275,0.0191,0.0127,9.8066,0.0495,-0.0099,-0.03,-22.87,-34.75,4.19,289.89,-79.69,-154.85
52.42006,-1.544925,149.5,6.83,3,65.46,21 / 21,2989929,2019-09-06 19:05:56:611,0.4549,0.2172,9.8835,0.0018,0.016,9.8066,0.0388,-0.0307,0.0172,-22.31,-33.87,4.25,289.62,-79.77,-155.44
52.42006,-1.544925,149.5,6.83,3,65.46,21 / 21,2990029,2019-09-06 19:05:56:711,-0.4393,-0.0501,9.9654,-0.0092,0.0047,9.8066,-0.1141,-0.0335,-0.0371,-22.31,-34.5,4.13,290.02,-79.85,-155.21
52.42006,-1.544925,149.5,6.83,3,65.46,21 / 21,2990128,2019-09-06 19:05:56:810,-1.1529,0.2146,9.5007,-0.0041,0.0127,9.8066,-0.0824,-0.0624,0.0151,-21.69,-34.44,4.19,289.52,-80.01,-155.91
52.42006,-1.544925,149.5,6.83,3,65.46,21 / 21,2990229,2019-09-06 19:05:56:911,-0.0546,-0.1918,9.6845,-0.0153,-0.0009,9.8066,0.0663,-0.0421,0.037,-22.62,-34.5,4.88,292.64,-80.03,-155.79
52.42006,-1.544925,149.5,6.83,3,65.46,21 / 21,2990329,2019-09-06 19:05:57:011,0.9352,0.3567,9.8149,-0.0158,-0.0041,9.8066,0.07,0.0035,-0.0205,-22.87,-34.81,4.75,291.98,-79.96,-155.87
52.42006,-1.544925,149.5,6.83,3,65.46,22 / 22,2990429,2019-09-06 19:05:57:111,0.7173,-0.6458,10.4361,0.0168,-0.0017,9.8066,0.0183,-0.0707,0.0272,-21.81,-34.5,4.75,291.67,-79.86,-156.34
52.42006,-1.544925,149.5,6.83,3,65.46,22 / 22,2990528,2019-09-06 19:05:57:210,0.3183,0.1384,10.3675,0.009,0.0127,9.8065,0.0076,-0.035,-0.0324,-22.44,-34.44,5,290.84,-79.79,-157
52.42006,-1.544925,149.5,6.83,3,65.46,22 / 22,2990629,2019-09-06 19:05:57:311,0.0775,0.301,9.8689,0.023,0.0005,9.8065,-0.0494,-0.0287,0.0211,-21.81,-34.19,5.25,290.32,-79.74,-157.39
52.42006,-1.544925,149.5,6.83,3,65.46,22 / 22,2990729,2019-09-06 19:05:57:411,0.0769,-0.3906,9.539,-0.0177,0.0056,9.8066,0.0518,-0.0113,-0.058,-22.19,-34.87,5,289.9,-79.72,-157.3
52.42006,-1.544925,149.5,6.83,3,65.46,22 / 22,2990830,2019-09-06 19:05:57:512,0.6541,0.3642,9.6739,-0.0068,0.004,9.8066,0.0624,-0.0665,0.0388,-22.25,-34.37,5.25,289.77,-79.78,-157.96
52.42006,-1.544925,149.5,6.83,3,65.46,22 / 22,2990929,2019-09-06 19:05:57:611,0.2867,-0.4945,10.0521,-0.012,-0.0037,9.8066,-0.0959,-0.0622,0.0143,-22,-35.06,5.13,289.32,-79.81,-157.97
52.42006,-1.544925,149.5,6.83,3,65.46,22 / 22,2991029,2019-09-06 19:05:57:711,0.5409,0.6229,9.9005,-0.0068,0.0043,9.8066,0.0282,0.024,-0.0378,-22.5,-34.75,6,292.08,-79.82,-158.09
52.42006,-1.544925,149.5,6.83,3,65.46,22 / 22,2991129,2019-09-06 19:05:57:811,-0.1403,0.0841,9.9114,-0.0124,0.0001,9.8065,0.0526,-0.0079,0.009,-22.19,-34.69,5.31,289.22,-79.91,-158.23
52.42006,-1.544925,149.5,6.83,3,65.46,22 / 22,2991228,2019-09-06 19:05:57:910,-0.771,0.8095,9.3408,0.0252,0.0079,9.8065,-0.1158,0.0083,-0.0262,-21.81,-34.81,4.63,288.18,-79.85,-159.08
52.42006,-1.544925,149.5,6.83,3,65.46,22 / 22,2991328,2019-09-06 19:05:58:010,0.4944,0.3414,10.0497,0.0222,-0.0034,9.8065,-0.0003,-0.0276,-0.0096,-21.56,-34.56,5.81,291.02,-79.85,-159.11
52.42006,-1.544925,149.5,6.83,3,65.46,21 / 21,2991429,2019-09-06 19:05:58:111,0.539,-0.1729,10.2279,0.0001,0.0139,9.8066,0.0139,-0.0602,-0.04,-22.62,-34.94,5.31,287.81,-79.96,-159.71
52.42006,-1.544925,149.5,6.83,3,65.46,21 / 21,2991528,2019-09-06 19:05:58:210,-0.6163,0.5334,9.8748,0.003,-0.0036,9.8066,0.0821,-0.007,0.0593,-21.44,-34.37,5.69,291.04,-80.01,-159.81
52.42006,-1.544925,149.5,6.83,3,65.46,21 / 21,2991629,2019-09-06 19:05:58:311,0.7958,0.4272,9.6079,0.0212,0.0108,9.8066,0.0594,0.0902,-0.0583,-21.62,-34.75,5.25,287.63,-79.97,-159.78
52.42006,-1.544925,149.5,6.83,3,65.46,21 / 21,2991729,2019-09-06 19:05:58:411,-0.3121,0.1568,9.9924,0.0396,0.0008,9.8065,-0.0632,0.0395,0.009,-21.56,-34.37,5.56,290.04,-79.81,-160.36
52.42006,-1.544925,149.5,6.83,3,65.46,21 / 21,2991828,2019-09-06 19:05:58:510,0.1892,0.0269,9.5526,-0.0323,0.0054,9.8066,-0.1225,-0.0051,-0.0002,-21.56,-34.75,5.81,290.43,-80.06,-159.96
52.42006,-1.544925,149.5,6.83,3,65.46,21 / 21,2991929,2019-09-06 19:05:58:611,0.7332,0.9622,9.8218,-0.016,0.0067,9.8066,0.0351,-0.0078,0.0113,-21.62,-34.81,5.5,289.66,-80.03,-160.62
52.42006,-1.544925,149.5,6.83,3,65.46,21 / 21,2992031,2019-09-06 19:05:58:713,-0.1189,0.2531,10.079,0.0118,-0.0063,9.8066,0.0192,-0.017,0.0161,-21.37,-34.44,5.19,287.22,-79.88,-160.37
52.42006,-1.544925,149.5,6.83,3,65.46,21 / 21,2992129,2019-09-06 19:05:58:811,0.601,0.0309,9.6476,0.0061,0.0013,9.8066,0.0057,-0.0809,0.0608,-21.25,-34.19,5.94,290.14,-79.82,-160.32
52.42006,-1.544925,149.5,6.83,3,65.46,21 / 21,2992230,2019-09-06 19:05:58:912,-0.6727,0.8552,9.8215,-0.0147,-0.0028,9.8065,0.1171,-0.0829,0.0152,-21.75,-34.12,5.25,286.94,-79.81,-160.6
52.42006,-1.544925,149.5,6.83,3,65.46,21 / 21,2992329,2019-09-06 19:05:59:011,0.0663,0.5953,10.2464,-0.0249,0.0021,9.8066,0.0415,0.0172,-0.0264,-21.44,-34,5.56,290.4,-79.96,-160.31
52.42006,-1.544925,149.5,6.83,3,65.46,22 / 22,2992428,2019-09-06 19:05:59:110,0.2445,-1.3922,10.1417,-0.0038,-0.0031,9.8066,0.0407,-0.0953,0.0981,-21.81,-34.56,5.19,287.76,-79.91,-159.57
52.42006,-1.544925,149.5,6.83,3,65.46,22 / 22,2992528,2019-09-06 19:05:59:210,-0.0502,1.1227,9.8616,-0.0115,0.0002,9.8066,0.045,-0.0457,0.0339,-21.62,-33.56,4.94,287.96,-80,-159.96
52.42006,-1.544925,149.5,6.83,3,65.46,22 / 22,2992629,2019-09-06 19:05:59:311,0.118,-0.3948,10.1963,0.03,-0.0018,9.8066,-0.0614,0.0486,-0.0177,-21.75,-34.5,4.56,288.02,-79.97,-159.85
52.42006,-1.544925,149.5,6.83,3,65.46,22 / 22,2992729,2019-09-06 19:05:59:411,-1.5871,1.2126,9.938,0.0252,0.0003,9.8066,0.0479,0.0667,0.0153,-22.44,-33.69,5.06,287.56,-79.77,-159.98
52.42006,-1.544925,149.5,6.83,3,65.46,22 / 22,2992829,2019-09-06 19:05:59:511,0.0255,-0.1316,9.104,0.0134,0.0019,9.8066,-0.1445,0.0302,-0.0344,-22.75,-33.94,4.56,287.46,-79.77,-160.16
52.42006,-1.544925,149.5,6.83,3,65.46,22 / 22,2992929,2019-09-06 19:05:59:611,-1.1761,0.2994,9.3298,0.0497,0.0075,9.8064,-0.185,0.0194,0.0275,-22.94,-34.31,5.25,286.78,-79.67,-160.64
52.42006,-1.544925,149.5,6.83,3,65.46,22 / 22,2993029,2019-09-06 19:05:59:711,-0.5031,0.0188,9.4776,-0.0419,-0.0035,9.8065,-0.1457,0.0242,0.0162,-22.06,-34.56,4.69,287.6,-79.94,-159.76
52.42006,-1.544925,149.5,6.83,3,65.46,22 / 22,2993129,2019-09-06 19:05:59:811,-0.7246,0.2797,9.4601,-0.0313,0.0018,9.8066,0.0893,0.0314,-0.0202,-22.06,-34.69,4.81,287.34,-80,-160.1
52.42006,-1.544925,149.5,6.83,3,65.46,22 / 22,2993228,2019-09-06 19:05:59:910,-0.7331,1.1606,9.2866,0.0091,0.0016,9.8066,0.0488,0.0779,-0.0042,-22.25,-34.37,5.31,287.5,-79.88,-160.21
52.42006,-1.544925,149.5,6.83,3,65.46,22 / 22,2993329,2019-09-06 19:06:00:011,-1.4386,-0.1042,10.5019,0.0308,0.0118,9.8065,0.0808,0.0567,-0.0598,-22.31,-34.69,4.38,283.46,-79.78,-160.73
52.420345,-1.544009,150.18,8.88,3,64.59,22 / 22,2993429,2019-09-06 19:06:00:111,-0.6094,-0.0385,9.6325,0.0024,-0.0099,9.8066,0.0392,0.0125,0.0386,-21.62,-34.69,4.25,283.75,-79.91,-160.66
52.420345,-1.544009,150.18,8.88,3,64.59,22 / 22,2993529,2019-09-06 19:06:00:211,-0.7022,0.2939,9.7034,-0.0073,0.0152,9.8065,0.0057,0.0654,-0.0332,-21.94,-34.69,4.38,283.41,-79.95,-161.06
52.420345,-1.544009,150.18,8.88,3,64.59,22 / 22,2993629,2019-09-06 19:06:00:311,-0.0931,0.2931,10.2596,-0.015,-0.0076,9.8066,0.1704,0.0323,0.0422,-21.75,-34.25,5.13,286.32,-80.07,-161.6
52.420345,-1.544009,150.18,8.88,3,64.59,22 / 22,2993729,2019-09-06 19:06:00:411,-0.5888,-0.0625,10.0507,-0.0279,0.0004,9.8065,0.1115,-0.0466,-0.0175,-22,-34.44,4.38,283.47,-80.08,-161.66
52.420345,-1.544009,150.18,8.88,3,64.59,22 / 22,2993829,2019-09-06 19:06:00:511,0.0291,0.0194,10.3732,0.0286,0.0112,9.8065,-0.0199,0.0125,0.0142,-21.62,-34.87,5,285.34,-80.06,-162.06
52.420345,-1.544009,150.18,8.88,3,64.59,22 / 22,2993929,2019-09-06 19:06:00:611,-0.5685,0.6122,9.8272,0.0189,0.0051,9.8065,0.0454,0.053,0.0252,-22,-35,4.44,281.38,-79.94,-162.97
52.420345,-1.544009,150.18,8.88,3,64.59,22 / 22,2994029,2019-09-06 19:06:00:711,0.458,-0.1511,10.2145,0.0237,-0.0075,9.8066,-0.093,-0.0169,-0.0325,-21.56,-34.31,4.88,284.45,-79.76,-162.85
52.420345,-1.544009,150.18,8.88,3,64.59,22 / 22,2994129,2019-09-06 19:06:00:811,-1.5511,0.212,9.6347,0.017,0.0058,9.8066,-0.0503,0.0237,-0.0409,-22.37,-34.56,4.75,283.59,-79.7,-163.11
52.420345,-1.544009,150.18,8.88,3,64.59,22 / 22,2994229,2019-09-06 19:06:00:911,-0.6862,0.5955,9.9937,-0.0216,-0.0079,9.8066,0.0629,-0.0421,0.0853,-21.81,-35.25,4.94,283.68,-79.81,-163.2
52.420345,-1.544009,150.18,8.88,3,64.59,22 / 22,2994328,2019-09-06 19:06:01:010,-1.2578,0.3205,9.8256,-0.0172,-0.0085,9.8066,-0.0024,0.0209,-0.0568,-22.12,-34.75,5.13,284.28,-79.75,-162.55
52.420345,-1.544009,150.18,8.88,3,64.59,21 / 21,2994429,2019-09-06 19:06:01:111,-0.5036,-0.1283,9.7774,0.0017,-0.0058,9.8065,0.0574,0.0359,0.0138,-21.94,-34.62,4.81,284.42,-79.85,-162.57
52.420345,-1.544009,150.18,8.88,3,64.59,21 / 21,2994528,2019-09-06 19:06:01:210,-0.5526,0.138,9.8233,-0.001,0.005,9.8066,0.0233,0.0015,0.0145,-22.06,-34.62,4.75,284.53,-79.87,-162.51
52.420345,-1.544009,150.18,8.88,3,64.59,21 / 21,2994629,2019-09-06 19:06:01:311,-0.5113,1.1309,9.4423,-0.0073,-0.0036,9.8066,-0.0574,-0.0428,0.0404,-21.81,-34.5,5.31,285.05,-79.85,-162.43
52.420345,-1.544009,150.18,8.88,3,64.59,21 / 21,2994728,2019-09-06 19:06:01:410,-0.5875,0.1408,9.8258,0.0016,-0.0091,9.8065,-0.0761,-0.008,-0.0292,-22.12,-34.94,4.69,285.27,-79.79,-161.68
52.420345,-1.544009,150.18,8.88,3,64.59,21 / 21,2994829,2019-09-06 19:06:01:511,-0.997,0.1414,10.2165,-0.0018,-0.0007,9.8066,0.0596,0.0232,-0.001,-21.75,-34.87,4.63,285.31,-79.89,-161.81
52.420345,-1.544009,150.18,8.88,3,64.59,21 / 21,2994929,2019-09-06 19:06:01:611,-0.6624,0.6171,9.628,-0.0026,-0.0007,9.8066,0.0653,0.0128,-0.0058,-22.06,-35.31,4.19,282.65,-79.91,-161.69
52.420345,-1.544009,150.18,8.88,3,64.59,21 / 21,2995029,2019-09-06 19:06:01:711,-0.7749,0.1033,9.4903,0.0144,-0.0027,9.8066,-0.0505,-0.019,0.0546,-22.87,-35.12,4.94,285.45,-79.91,-161.83
52.420345,-1.544009,150.18,8.88,3,64.59,21 / 21,2995128,2019-09-06 19:06:01:810,-0.9927,-0.107,9.9374,0.0257,-0.0107,9.8065,-0.0741,-0.0099,0.0163,-22.5,-35.12,4.69,285.62,-79.7,-161.2
52.420345,-1.544009,150.18,8.88,3,64.59,21 / 21,2995229,2019-09-06 19:06:01:911,-1.8512,-0.0148,9.9993,-0.0131,0.0032,9.8065,0.0385,0.0266,-0.0047,-22.69,-35.37,5,286.28,-79.82,-160.91
52.420345,-1.544009,150.18,8.88,3,64.59,21 / 21,2995328,2019-09-06 19:06:02:010,-1.0429,0.306,10.2297,-0.0337,-0.0087,9.8065,0.0134,-0.0161,0.0509,-22.31,-35.19,5.38,286.69,-79.92,-160.58
52.420345,-1.544009,150.18,8.88,3,64.59,22 / 22,2995429,2019-09-06 19:06:02:111,-1.4231,0.3898,9.9876,0.0201,0.0027,9.8065,0.0296,-0.0198,-0.0129,-22.62,-35,5.06,287.28,-79.82,-159.98
52.420345,-1.544009,150.18,8.88,3,64.59,22 / 22,2995528,2019-09-06 19:06:02:210,-0.743,-0.0661,10.0479,0.0282,0.0029,9.8065,0.0066,-0.0094,0.022,-22.19,-34.62,4.38,283.58,-79.64,-160.38
52.420345,-1.544009,150.18,8.88,3,64.59,22 / 22,2995630,2019-09-06 19:06:02:312,-2.2277,0.1479,8.9079,-0.011,-0.0175,9.8066,-0.1219,0.0295,0.0055,-22.94,-34.81,4.69,287.23,-79.53,-159.57
52.420345,-1.544009,150.18,8.88,3,64.59,22 / 22,2995729,2019-09-06 19:06:02:411,-1.3715,-0.8104,8.1521,0.0091,-0.0211,9.8065,-0.1276,-0.0577,0.0764,-23.75,-34.75,3.94,285.68,-79.51,-158.69
52.420345,-1.544009,150.18,8.88,3,64.59,22 / 22,2995829,2019-09-06 19:06:02:511,-2.8127,-0.9558,9.3667,-0.0922,-0.0207,9.8061,0.1901,0.0776,-0.0226,-23.25,-33.87,4.5,292.03,-79.91,-156.16
52.420345,-1.544009,150.18,8.88,3,64.59,22 / 22,2995929,2019-09-06 19:06:02:611,-2.5551,0.2449,10.1784,-0.0916,-0.0012,9.8062,0.0861,-0.0087,-0.0123,-24.5,-33.94,4.69,292.83,-80.12,-155.8
52.420345,-1.544009,150.18,8.88,3,64.59,22 / 22,2996029,2019-09-06 19:06:02:711,-2.5618,0.8796,9.9744,0.0021,-0.0029,9.8066,0.0502,-0.0007,0.0307,-23.44,-34.31,4.75,293.19,-80.28,-155.65
52.420345,-1.544009,150.18,8.88,3,64.59,22 / 22,2996129,2019-09-06 19:06:02:811,-2.551,-1.0452,10.3724,-0.003,-0.0109,9.8066,-0.0849,-0.0292,0.0073,-23.69,-34.75,5.19,293.71,-80.22,-154.76
52.420345,-1.544009,150.18,8.88,3,64.59,22 / 22,2996229,2019-09-06 19:06:02:911,-1.0936,0.0569,9.3754,0.0392,-0.0012,9.8065,0.0768,-0.0271,0.012,-23.75,-34.62,5.69,295.39,-79.83,-155.08
52.420345,-1.544009,150.18,8.88,3,64.59,22 / 22,2996328,2019-09-06 19:06:03:010,-1.6571,-0.3021,9.6755,-0.0057,-0.0098,9.8066,0.0447,-0.0283,0.0056,-22.69,-33.94,5.25,293.46,-79.79,-154.69
52.420345,-1.544009,150.18,8.88,3,64.59,20 / 21,2996429,2019-09-06 19:06:03:111,-2.3226,-0.4778,10.0405,-0.0011,-0.0085,9.8066,-0.0345,-0.0958,0.0464,-23.44,-34.06,5.13,294.43,-79.8,-153.84
52.420345,-1.544009,150.18,8.88,3,64.59,20 / 21,2996528,2019-09-06 19:06:03:210,-2.5094,-0.9683,9.9201,-0.0035,-0.0027,9.8066,-0.0435,-0.0834,-0.0126,-23.81,-34.06,4.88,295.24,-79.88,-153.27
52.420345,-1.544009,150.18,8.88,3,64.59,20 / 21,2996628,2019-09-06 19:06:03:310,-2.467,-1.0759,9.8735,0.0079,-0.0011,9.8065,0.0181,-0.0955,0.045,-22.81,-33.62,5.31,295.03,-79.96,-153.54
52.420345,-1.544009,150.18,8.88,3,64.59,20 / 21,2996729,2019-09-06 19:06:03:411,-2.1644,-1.0822,9.7405,0.0068,-0.0059,9.8065,0.006,-0.1338,0.0261,-23.19,-34.5,5.56,297.6,-79.81,-153.52
52.420345,-1.544009,150.18,8.88,3,64.59,20 / 21,2996828,2019-09-06 19:06:03:510,-1.6163,-1.2591,9.5335,0.0108,-0.0086,9.8066,0.0309,-0.1401,0.0295,-24,-34.44,6.38,297.31,-79.62,-153.46
52.420345,-1.544009,150.18,8.88,3,64.59,20 / 21,2996929,2019-09-06 19:06:03:611,-2.0768,-1.712,9.9781,-0.0061,-0.0039,9.8066,0.0765,-0.2048,0.0693,-23.94,-34.31,7.38,300.07,-79.54,-153.28
52.420345,-1.544009,150.18,8.88,3,64.59,20 / 21,2997028,2019-09-06 19:06:03:710,-1.6652,-1.8326,9.7851,0.0083,0.0035,9.8066,-0.0261,-0.2752,0.0458,-24.06,-34.25,7.13,299.7,-79.46,-153.49
52.420345,-1.544009,150.18,8.88,3,64.59,20 / 21,2997128,2019-09-06 19:06:03:810,-1.7149,-2.079,10.1025,-0.0001,0.0091,9.8066,0.0103,-0.2598,0.0164,-24.12,-34.19,7.94,302.1,-79.5,-153.78
52.420345,-1.544009,150.18,8.88,3,64.59,20 / 21,2997228,2019-09-06 19:06:03:910,-1.3703,-1.435,9.8045,0.0084,0.0105,9.8066,-0.0008,-0.3006,0.0079,-24.56,-33.5,7.63,301.11,-79.57,-154.84
52.420345,-1.544009,150.18,8.88,3,64.59,20 / 21,2997328,2019-09-06 19:06:04:010,-1.6287,-1.4484,9.4873,0.0078,0.0137,9.8066,-0.0309,-0.2986,-0.0075,-24.69,-33.87,8.38,299.79,-79.64,-155.73
52.420345,-1.544009,150.18,8.88,3,64.59,21 / 21,2997429,2019-09-06 19:06:04:111,-1.4953,-1.7583,9.8902,0.0018,0.0198,9.8065,0.0119,-0.3515,0.068,-23.62,-33.62,9.69,303.69,-79.78,-157.26
52.420345,-1.544009,150.18,8.88,3,64.59,21 / 21,2997528,2019-09-06 19:06:04:210,-1.713,-1.313,9.7735,0.003,0.0158,9.8066,-0.0485,-0.4007,-0.0231,-24.25,-34.19,9.94,303.05,-79.9,-157.96
52.420345,-1.544009,150.18,8.88,3,64.59,21 / 21,2997629,2019-09-06 19:06:04:311,-1.9354,-1.4309,9.9252,0.0084,0.0186,9.8066,-0.0158,-0.4011,0.04,-24.56,-34.19,10.94,303.21,-80.02,-159.62
52.420345,-1.544009,150.18,8.88,3,64.59,21 / 21,2997729,2019-09-06 19:06:04:411,-2.1399,-1.3877,9.8719,-0.0001,0.0195,9.8065,-0.0174,-0.4242,0.021,-24.06,-33.31,11.19,302.59,-80.17,-161.19
52.420345,-1.544009,150.18,8.88,3,64.59,21 / 21,2997829,2019-09-06 19:06:04:511,-2.2982,-0.8397,9.8004,0.0082,0.0154,9.8066,-0.0147,-0.4287,-0.0121,-24,-33.56,12.63,305.66,-80.23,-162.4
52.420345,-1.544009,150.18,8.88,3,64.59,21 / 21,2997929,2019-09-06 19:06:04:611,-1.5131,-1.5647,9.8351,0.0183,0.0113,9.8065,-0.049,-0.4795,0.0531,-23.87,-33.62,13.06,303.41,-80.26,-164.42
52.420345,-1.544009,150.18,8.88,3,64.59,21 / 21,2998029,2019-09-06 19:06:04:711,-1.4958,-1.4161,9.6461,0.0275,0.007,9.8066,-0.0768,-0.4717,-0.0246,-23.56,-33.5,14,304.71,-80.22,-165.51
52.420345,-1.544009,150.18,8.88,3,64.59,21 / 21,2998128,2019-09-06 19:06:04:810,-1.8549,-1.1528,9.224,-0.0231,0.0331,9.8065,0.0506,-0.5083,0.0215,-23.06,-33.37,14.38,303.59,-80.27,-167.32
52.420345,-1.544009,150.18,8.88,3,64.59,21 / 21,2998228,2019-09-06 19:06:04:910,-1.3865,-1.1466,9.5321,-0.0349,0.0372,9.8065,-0.097,-0.4549,0.0463,-22.44,-33.87,15.31,304.33,-80.53,-169.5
52.420345,-1.544009,150.18,8.88,3,64.59,21 / 21,2998329,2019-09-06 19:06:05:011,-1.0591,-2.1317,10.2717,-0.0113,0.0267,9.8065,0.0353,-0.5714,-0.0158,-22.06,-34.12,16.88,307.27,-80.62,-170.85
52.420345,-1.544009,150.18,8.88,3,64.59,21 / 21,2998429,2019-09-06 19:06:05:111,-1.3239,-2.4664,10.3551,0.0378,0.0249,9.8065,-0.0483,-0.525,-0.0246,-21.87,-34.62,17.06,304.4,-80.79,-173.29
52.420345,-1.544009,150.18,8.88,3,64.59,21 / 21,2998528,2019-09-06 19:06:05:210,-0.7251,-1.8435,9.5196,0.039,0.0227,9.8065,-0.0605,-0.5809,-0.0048,-20.75,-34.06,18.38,304.64,-80.83,-176.26
52.420345,-1.544009,150.18,8.88,3,64.59,21 / 21,2998628,2019-09-06 19:06:05:310,-1.837,-1.1738,9.0053,0.0126,0.0287,9.8065,-0.0479,-0.5813,0.0038,-20.44,-34.19,19.38,303.57,-80.83,179.89
52.420345,-1.544009,150.18,8.88,3,64.59,21 / 21,2998728,2019-09-06 19:06:05:410,-0.5511,-2.1256,9.5795,-0.0098,0.0385,9.8066,-0.0716,-0.6005,0.0597,-19.75,-33.94,20.19,302.75,-81.27,176.95
52.420345,-1.544009,150.18,8.88,3,64.59,21 / 21,2998828,2019-09-06 19:06:05:510,-1.5457,-1.1058,9.579,-0.0141,0.0185,9.8066,-0.0844,-0.5819,0.0744,-19.19,-33.81,20.94,305.17,-81.6,175.9
52.420345,-1.544009,150.18,8.88,3,64.59,21 / 21,2998928,2019-09-06 19:06:05:610,-1.1954,-0.8525,10.1314,-0.0596,0.008,9.8065,0.0358,-0.6958,0.2935,-18.94,-33.69,20.75,307.55,-81.98,177.63
52.420345,-1.544009,150.18,8.88,3,64.59,21 / 21,2999030,2019-09-06 19:06:05:712,-3.5627,-2.9267,11.753,-0.0762,-0.0219,9.8063,0.0554,-0.6086,0.1582,-18.5,-33.5,21.81,317.07,-82.08,-177.08
52.420345,-1.544009,150.18,8.88,3,64.59,21 / 21,2999129,2019-09-06 19:06:05:811,-3.3948,-1.6362,11.0358,0.0147,0.0074,9.8066,-0.0252,-0.6615,-0.0458,-18.44,-32.5,23.69,323.28,-81.89,-174.4
52.420345,-1.544009,150.18,8.88,3,64.59,21 / 21,2999229,2019-09-06 19:06:05:911,-3.5839,-2.3691,9.0665,0.0663,0.0183,9.8064,0.1705,-0.722,-0.0042,-17.06,-33.56,24.81,320.47,-81.67,-179.04
52.420345,-1.544009,150.18,8.88,3,64.59,21 / 21,2999330,2019-09-06 19:06:06:012,-1.8357,-0.4913,9.233,0.0653,0.0001,9.8064,0.1582,-0.6463,-0.0085,-15.62,-33.12,25.88,315.8,-80.79,174.75
52.420345,-1.544009,150.18,8.88,3,64.59,22 / 22,2999428,2019-09-06 19:06:06:110,-0.0428,-0.9014,9.005,0.0399,-0.0029,9.8065,0.1786,-0.6053,0.0603,-14.44,-33.25,27.06,317.25,-80.19,172.33
52.420345,-1.544009,150.18,8.88,3,64.59,22 / 22,2999528,2019-09-06 19:06:06:210,-0.6643,-1.9394,10.5746,0.0105,-0.0456,9.8065,-0.0526,-0.6535,0.1917,-14.31,-32.37,28,318.74,-79.49,172.9
52.420345,-1.544009,150.18,8.88,3,64.59,22 / 22,2999628,2019-09-06 19:06:06:310,-2.8636,-1.7458,10.8786,-0.0257,0.0393,9.8065,-0.1483,-0.5689,0.0598,-13.25,-32.25,27.88,321.21,-79.9,173.13
52.420345,-1.544009,150.18,8.88,3,64.59,22 / 22,2999728,2019-09-06 19:06:06:410,-1.1207,-1.2621,10.1359,0.0127,0.0467,9.8065,-0.0449,-0.4499,-0.0086,-12.06,-32.37,28.38,320.97,-80.53,170.83
52.420345,-1.544009,150.18,8.88,3,64.59,22 / 22,2999828,2019-09-06 19:06:06:510,-0.2679,-0.669,9.5933,0.0078,0.0376,9.8065,0.0694,-0.3745,-0.0594,-11.5,-33.12,27.5,318.52,-81.14,166.76
52.420345,-1.544009,150.18,8.88,3,64.59,22 / 22,2999928,2019-09-06 19:06:06:610,0.5698,-0.5521,8.9655,0.0312,-0.0143,9.8065,-0.0443,-0.2639,0.0182,-10.94,-32.69,27.5,314.79,-81.03,163.61
52.420345,-1.544009,150.18,8.88,3,64.59,22 / 22,3000030,2019-09-06 19:06:06:712,0.8079,-0.6763,9.1167,-0.0159,0.0094,9.8066,0.0006,-0.2803,0.0979,-10.69,-32.37,28.44,314.58,-80.92,163.3
52.420345,-1.544009,150.18,8.88,3,64.59,22 / 22,3000130,2019-09-06 19:06:06:812,-0.1503,-1.5376,10.1281,-0.0194,0.0023,9.8066,-0.0748,-0.2361,0.0253,-10.5,-32.37,28.06,318.29,-81.18,164.62
52.420345,-1.544009,150.18,8.88,3,64.59,22 / 22,3000230,2019-09-06 19:06:06:912,-0.0414,-1.834,10.1587,0.0008,0.012,9.8066,-0.0706,-0.1946,0.0254,-9.87,-32.5,27.94,317.91,-81.51,164.02
52.420345,-1.544009,150.18,8.88,3,64.59,22 / 22,3000329,2019-09-06 19:06:07:011,0.288,0.5936,9.6834,-0.0225,0.0513,9.8064,-0.1014,-0.1006,-0.0209,-9.81,-32.31,27.44,316.26,-81.84,163.17
52.420345,-1.544009,150.18,8.88,3,64.59,22 / 22,3000429,2019-09-06 19:06:07:111,0.7622,0.2858,9.6648,-0.025,0.0454,9.8065,-0.0921,-0.0872,0.0236,-9.31,-32.44,28,318.31,-82.11,162.13
52.420345,-1.544009,150.18,8.88,3,64.59,22 / 22,3000528,2019-09-06 19:06:07:210,0.7286,-0.9702,9.8828,-0.0303,0.0321,9.8065,0.1518,-0.0319,0.0176,-9.81,-32.62,27.44,316.04,-82.46,162.63
52.420345,-1.544009,150.18,8.88,3,64.59,22 / 22,3000629,2019-09-06 19:06:07:311,0.5369,-0.9194,10.3326,0.0089,-0.0337,9.8065,0.132,-0.0307,0.0178,-10,-32.19,27.38,318.45,-82.27,164.74
52.420345,-1.544009,150.18,8.88,3,64.59,22 / 22,3000729,2019-09-06 19:06:07:411,0.5031,-0.2698,10.1393,0.0088,-0.0315,9.8066,-0.133,-0.0278,0.0011,-9.56,-32.69,27.88,319.98,-82.19,165.49
52.420345,-1.544009,150.18,8.88,3,64.59,22 / 22,3000829,2019-09-06 19:06:07:511,1.2117,-0.3529,9.8368,-0.0025,0.0105,9.8066,0.0279,0.0101,0.024,-9.75,-32.06,27.31,318.49,-82.19,164.85
52.420345,-1.544009,150.18,8.88,3,64.59,22 / 22,3000928,2019-09-06 19:06:07:610,1.5038,-0.5908,10.1939,-0.01,-0.0097,9.8066,0.0604,0.0463,0.0359,-10.31,-31.12,27.63,320.71,-82.14,165.83
52.420345,-1.544009,150.18,8.88,3,64.59,22 / 22,3001029,2019-09-06 19:06:07:711,0.383,-0.3935,9.9184,-0.0099,-0.0177,9.8066,0.071,0.0108,0.0026,-9.94,-30.81,27.69,322.91,-82.05,167.83
52.420345,-1.544009,150.18,8.88,3,64.59,22 / 22,3001129,2019-09-06 19:06:07:811,0.9141,-0.8684,10.1771,-0.0081,-0.0438,9.8065,-0.0235,0.0476,0.0533,-10.37,-30.94,27.19,325.34,-81.76,170.99
52.420345,-1.544009,150.18,8.88,3,64.59,22 / 22,3001229,2019-09-06 19:06:07:911,1.0294,-1.0117,9.4065,-0.0061,0.0041,9.8066,-0.0602,0.0482,-0.0073,-10.62,-30.12,27.56,326.36,-81.67,172.69
52.420345,-1.544009,150.18,8.88,3,64.59,22 / 22,3001329,2019-09-06 19:06:08:011,0.2956,-0.0329,10.0728,-0.0062,-0.0146,9.8066,0.0376,-0.028,0.0095,-10.31,-30.75,28.19,328.89,-81.59,173.35
52.420345,-1.544009,150.18,8.88,3,64.59,21 / 21,3001428,2019-09-06 19:06:08:110,0.5642,-1.1282,9.9029,-0.0122,-0.0036,9.8066,-0.0464,0.0169,0.0057,-10.62,-30.31,27.5,328.13,-81.61,174.27
52.420345,-1.544009,150.18,8.88,3,64.59,21 / 21,3001529,2019-09-06 19:06:08:211,-0.2705,-0.806,9.7568,-0.0167,0.0068,9.8066,0.0356,-0.0336,0.059,-10.25,-31.62,28.13,330.9,-81.68,175.17
52.420345,-1.544009,150.18,8.88,3,64.59,21 / 21,3001629,2019-09-06 19:06:08:311,0.1296,-0.4557,10.5154,-0.0056,-0.0023,9.8066,0.0208,0.0516,-0.0257,-10.5,-32.25,27.5,331.72,-81.73,175.84
52.420345,-1.544009,150.18,8.88,3,64.59,21 / 21,3001728,2019-09-06 19:06:08:410,1.2642,-0.9941,9.9373,-0.0068,0.013,9.8066,-0.0409,0.0167,-0.0021,-10.81,-31.75,28.13,330.4,-81.75,176.43
52.420345,-1.544009,150.18,8.88,3,64.59,21 / 21,3001828,2019-09-06 19:06:08:510,-0.067,-0.5648,9.9821,-0.0001,-0.0055,9.8066,0.0688,-0.0051,0.0299,-9.69,-32.25,28.06,333.14,-81.6,177.13
52.420345,-1.544009,150.18,8.88,3,64.59,21 / 21,3001928,2019-09-06 19:06:08:610,1.115,-0.1429,9.538,0.0088,-0.01,9.8066,-0.064,0.0673,-0.0543,-10.12,-32.25,28.44,332.69,-81.57,176.76
52.420345,-1.544009,150.18,8.88,3,64.59,21 / 21,3002028,2019-09-06 19:06:08:710,0.3433,-0.6486,9.6509,0.0071,-0.0065,9.8066,0.0382,0.0008,0.0018,-10.19,-32.12,28.31,333.15,-81.45,177.22
52.420345,-1.544009,150.18,8.88,3,64.59,21 / 21,3002128,2019-09-06 19:06:08:810,0.6993,-0.1449,9.8867,0.0097,-0.0207,9.8065,0.0171,0.0086,-0.0263,-9.94,-32.25,28.88,333.62,-81.4,176.89
52.420345,-1.544009,150.18,8.88,3,64.59,21 / 21,3002228,2019-09-06 19:06:08:910,0.7648,-0.8074,9.6945,-0.0037,-0.0055,9.8065,0.0428,-0.0313,-0.0065,-10.81,-31.75,28.69,331.81,-81.33,177.08
52.420345,-1.544009,150.18,8.88,3,64.59,21 / 21,3002328,2019-09-06 19:06:09:010,0.3428,-0.8906,9.4006,-0.0016,-0.0081,9.8066,0.0015,0.0401,0.0267,-11.12,-32.12,28.69,332.48,-81.27,177.68
52.42031,-1.543364,151.08,7.21,3,153.99,22 / 22,3002429,2019-09-06 19:06:09:111,0.1405,0.523,10.5135,0.0043,0.0251,9.8066,0.0567,-0.0059,0.0342,-11.31,-31.44,28.56,333.18,-81.13,178.23
52.42031,-1.543364,151.08,7.21,3,153.99,22 / 22,3002528,2019-09-06 19:06:09:210,1.3583,0.0604,9.0744,-0.0012,0.0038,9.8066,-0.0011,0.0338,0.0324,-11.56,-32.31,28.44,329.11,-81.26,177.32
52.42031,-1.543364,151.08,7.21,3,153.99,22 / 22,3002629,2019-09-06 19:06:09:311,0.8326,0.5273,9.4506,-0.0297,0.0379,9.8064,0.0531,0.0233,0.0258,-11.94,-31.75,28,331.17,-81.47,178.96
52.42031,-1.543364,151.08,7.21,3,153.99,22 / 22,3002729,2019-09-06 19:06:09:411,1.1878,-0.5556,9.6744,-0.0095,0.0017,9.8066,-0.049,0.0353,0.0173,-11.87,-30.69,27.94,332.17,-81.44,179.7
52.42031,-1.543364,151.08,7.21,3,153.99,22 / 22,3002829,2019-09-06 19:06:09:511,1.6005,-0.0646,10.0718,-0.0186,0.0222,9.8066,0.0522,0.0397,0.0244,-12.06,-31.06,28.13,332.58,-81.54,180
52.42031,-1.543364,151.08,7.21,3,153.99,22 / 22,3002929,2019-09-06 19:06:09:611,0.5277,1.2635,10.2371,-0.0157,-0.0098,9.8066,-0.0595,0.038,-0.1271,-11.94,-30,28.69,335.61,-81.55,-178.34
52.42031,-1.543364,151.08,7.21,3,153.99,22 / 22,3003028,2019-09-06 19:06:09:710,2.0355,0.4492,9.9139,0.0021,-0.0111,9.8066,0.0609,0.0166,0.1658,-11.94,-30.44,28.06,334.61,-81.4,-178.32
52.42031,-1.543364,151.08,7.21,3,153.99,22 / 22,3003129,2019-09-06 19:06:09:811,0.5477,-1.1283,9.7759,-0.0112,-0.0335,9.8066,0.0006,-0.0066,-0.0159,-11.69,-30.69,28.06,336.58,-81.21,-176.43
52.42031,-1.543364,151.08,7.21,3,153.99,22 / 22,3003230,2019-09-06 19:06:09:912,-0.0714,-0.0458,9.6807,-0.0062,0.0052,9.8066,-0.1126,-0.0393,0.0035,-11.31,-31.25,28.13,340.08,-81.17,-175.16
52.42031,-1.543364,151.08,7.21,3,153.99,22 / 22,3003329,2019-09-06 19:06:10:011,0.7549,0.3987,9.9305,-0.0107,0.0015,9.8065,-0.1079,0.057,0.0544,-11.31,-30.81,27.63,340.89,-81.24,-174.5
52.42031,-1.543364,151.08,7.21,3,153.99,22 / 22,3003428,2019-09-06 19:06:10:110,0.4684,0.6833,9.7817,-0.0118,0.0093,9.8066,0.0712,0.0486,0.0252,-11.06,-30.87,27.5,341.82,-81.13,-173.68
52.42031,-1.543364,151.08,7.21,3,153.99,20 / 20,3003529,2019-09-06 19:06:10:211,0.075,0.8092,10.2092,-0.0098,-0.0027,9.8066,0.0073,0.0065,-0.0077,-10.87,-29.75,26.56,342.4,-81.13,-172.48
52.42031,-1.543364,151.08,7.21,3,153.99,20 / 20,3003629,2019-09-06 19:06:10:311,0.1853,-0.2427,10.2579,0.0181,-0.0354,9.8065,-0.0296,-0.0365,0.0484,-11.37,-29.87,27.38,342.87,-80.83,-171.99
52.42031,-1.543364,151.08,7.21,3,153.99,20 / 20,3003728,2019-09-06 19:06:10:410,0.0795,-0.1142,10.5752,0.01,-0.0432,9.8065,-0.0046,-0.033,0.004,-10.81,-29.69,26.88,343.43,-80.75,-171.5
52.42031,-1.543364,151.08,7.21,3,153.99,20 / 20,3003828,2019-09-06 19:06:10:510,0.6681,-0.9678,9.4983,0.0021,-0.0062,9.8066,0.0096,-0.0035,0.073,-11.12,-31.19,27.94,344.95,-80.73,-170.94
52.42031,-1.543364,151.08,7.21,3,153.99,20 / 20,3003928,2019-09-06 19:06:10:610,-0.1954,0.4799,10.0008,0.0178,-0.0445,9.8065,-0.1181,-0.0147,0.0177,-11.56,-30.75,27.94,343.13,-80.54,-170.67
52.42031,-1.543364,151.08,7.21,3,153.99,20 / 20,3004029,2019-09-06 19:06:10:711,0.5073,0.7948,10.2414,-0.0098,0.0014,9.8066,0.0274,0.0179,0.0157,-12.06,-31.81,27.63,343.6,-80.52,-170.19
52.42031,-1.543364,151.08,7.21,3,153.99,20 / 20,3004129,2019-09-06 19:06:10:811,0.4189,-0.4436,9.733,0.006,-0.0412,9.8065,-0.0812,-0.0279,0.0489,-12.87,-31.94,27.69,342.46,-80.26,-169.36
52.42031,-1.543364,151.08,7.21,3,153.99,20 / 20,3004229,2019-09-06 19:06:10:911,1.0672,0.5455,9.4858,-0.018,-0.0019,9.8066,-0.0024,-0.0425,0.0198,-12.19,-32.06,28.44,346.17,-80.2,-167.99
52.42031,-1.543364,151.08,7.21,3,153.99,20 / 20,3004329,2019-09-06 19:06:11:011,0.1954,0.2196,9.3199,-0.0069,-0.0051,9.8066,-0.0555,-0.0033,0.0661,-12.75,-31.37,27.94,345.08,-80.06,-167.24
52.42031,-1.543364,151.08,7.21,3,153.99,21 / 21,3004428,2019-09-06 19:06:11:110,0.652,0.8305,9.5832,-0.0186,0.0239,9.8065,-0.0712,-0.013,-0.0369,-12.56,-31.56,28.56,347.48,-80.17,-166.06
52.42031,-1.543364,151.08,7.21,3,153.99,21 / 21,3004529,2019-09-06 19:06:11:211,1.0796,-0.7408,9.8703,-0.0213,0.0161,9.8066,0.0512,0.0132,0.0174,-13.06,-31.44,27.81,347.51,-80.17,-165.28
52.42031,-1.543364,151.08,7.21,3,153.99,21 / 21,3004628,2019-09-06 19:06:11:310,0.2589,-0.478,10.0095,-0.0005,-0.0195,9.8066,0.0476,-0.0165,0.0545,-12.56,-31.06,28.63,349.16,-80.16,-164.74
52.42031,-1.543364,151.08,7.21,3,153.99,21 / 21,3004728,2019-09-06 19:06:11:410,0.1835,0.7047,10.0237,0.0085,-0.0121,9.8066,0.079,-0.0187,0.0287,-13.62,-31.62,27.69,346.26,-80,-164.55
52.42031,-1.543364,151.08,7.21,3,153.99,21 / 21,3004829,2019-09-06 19:06:11:511,0.9822,0.0817,9.7579,0.0067,-0.0151,9.8066,0.0111,0.004,-0.0605,-13.25,-31.5,28.38,348.55,-79.98,-164.38
52.42031,-1.543364,151.08,7.21,3,153.99,21 / 21,3004928,2019-09-06 19:06:11:610,0.3942,0.3565,9.7739,0.0016,-0.0092,9.8065,-0.0694,0.0065,0.0272,-13,-30.94,28.44,348.88,-79.97,-164.12
52.42031,-1.543364,151.08,7.21,3,153.99,21 / 21,3005029,2019-09-06 19:06:11:711,0.0832,0.1368,9.8867,-0.0054,0.0145,9.8065,-0.0425,-0.0056,-0.0224,-12.06,-30.31,28.63,352.36,-80.04,-163.79
52.42031,-1.543364,151.08,7.21,3,153.99,21 / 21,3005128,2019-09-06 19:06:11:810,0.4084,0.3582,10.0325,-0.009,0.0048,9.8066,0.0935,-0.0272,0.0213,-11.37,-30.56,27.75,353.89,-80,-163.48
52.42031,-1.543364,151.08,7.21,3,153.99,21 / 21,3005229,2019-09-06 19:06:11:911,-0.5645,0.2686,10.0487,0.0021,-0.0155,9.8066,0.1452,-0.0047,-0.0227,-11.44,-30.81,28.19,353.66,-79.96,-163.66
52.42031,-1.543364,151.08,7.21,3,153.99,21 / 21,3005328,2019-09-06 19:06:12:010,1.0606,1.4362,9.7682,-0.0007,0.0014,9.8066,-0.0085,-0.0597,0.0591,-11.5,-31,27.81,353.89,-79.97,-163.47
52.42031,-1.543364,151.08,7.21,3,153.99,21 / 21,3005429,2019-09-06 19:06:12:111,1.1085,1.688,9.3921,-0.0061,-0.014,9.8066,-0.0953,-0.0311,-0.0029,-11.81,-30.87,27.19,350.52,-80.03,-163.66
52.42031,-1.543364,151.08,7.21,3,153.99,21 / 21,3005529,2019-09-06 19:06:12:211,-0.6093,1.0974,9.5802,0.0076,-0.0163,9.8065,-0.1146,-0.0289,0.0046,-12.56,-30.31,27.5,350.3,-79.86,-163
52.42031,-1.543364,151.08,7.21,3,153.99,21 / 21,3005628,2019-09-06 19:06:12:310,0.7117,0.7824,9.9829,-0.0182,0.0145,9.8066,0.0968,-0.0313,-0.0571,-13.69,-30.62,27.81,348.66,-80.01,-162.67
52.42031,-1.543364,151.08,7.21,3,153.99,21 / 21,3005728,2019-09-06 19:06:12:410,-0.6632,1.5307,10.11,-0.0024,0.0177,9.8065,-0.0182,-0.0924,-0.0236,-13.37,-30.62,28.69,351.39,-79.93,-162.87
52.42031,-1.543364,151.08,7.21,3,153.99,21 / 21,3005829,2019-09-06 19:06:12:511,1.7477,-0.3654,9.7966,0.0112,-0.0202,9.8065,0.0978,-0.02,0.1063,-13.31,-30.75,28.81,350.47,-79.72,-163.58
52.42031,-1.543364,151.08,7.21,3,153.99,21 / 21,3005929,2019-09-06 19:06:12:611,0.3826,0.1218,9.7087,-0.0131,-0.0166,9.8065,0.0875,-0.0698,0.0501,-13,-30.69,28.75,351.94,-79.67,-162.38
52.42031,-1.543364,151.08,7.21,3,153.99,21 / 21,3006028,2019-09-06 19:06:12:710,0.0513,0.8993,9.5475,0.0084,0.0041,9.8066,-0.0949,0.0395,0.014,-13.19,-31,28.06,351.89,-79.66,-161.62
52.42031,-1.543364,151.08,7.21,3,153.99,21 / 21,3006129,2019-09-06 19:06:12:811,0.399,0.8255,9.8144,0.0089,-0.0295,9.8065,-0.0776,-0.0315,0.0561,-13.69,-31.06,27.81,349.58,-79.62,-161.83
52.42031,-1.543364,151.08,7.21,3,153.99,21 / 21,3006229,2019-09-06 19:06:12:911,0.4423,0.5424,9.3158,-0.0134,-0.0024,9.8066,-0.0405,-0.0019,-0.0024,-13,-31.19,28.38,353.16,-79.52,-160.57
52.42031,-1.543364,151.08,7.21,3,153.99,21 / 21,3006330,2019-09-06 19:06:13:012,0.8296,0.3055,9.7247,0.0014,0.0022,9.8066,0.0036,0.029,0.1059,-13.56,-31.75,28.06,351.28,-79.54,-160.4
52.42031,-1.543364,151.08,7.21,3,153.99,22 / 22,3006429,2019-09-06 19:06:13:111,-1.5873,-0.5943,10.6931,-0.0272,-0.0173,9.8066,-0.0663,0.0001,-0.0943,-13.06,-31.37,28.81,356.84,-79.44,-158.4
52.42031,-1.543364,151.08,7.21,3,153.99,22 / 22,3006529,2019-09-06 19:06:13:211,-0.1632,-0.504,8.06,0.0038,0.0417,9.8065,0.0237,-0.0143,0.0354,-13.62,-31.87,27.88,353.29,-79.6,-158.8
52.42031,-1.543364,151.08,7.21,3,153.99,22 / 22,3006628,2019-09-06 19:06:13:310,2.2808,-0.1193,9.219,-0.0182,0.0214,9.8066,-0.1563,0.04,-0.0364,-13.62,-32.19,28.06,353.02,-79.81,-159.05
52.42031,-1.543364,151.08,7.21,3,153.99,22 / 22,3006729,2019-09-06 19:06:13:411,0.4797,1.8011,8.9822,-0.0173,0.0442,9.8065,-0.1317,0.1108,-0.0334,-13.12,-31.5,26.94,356.15,-80.4,-157.42
52.42031,-1.543364,151.08,7.21,3,153.99,22 / 22,3006829,2019-09-06 19:06:13:511,0.1499,1.0492,10.5107,-0.0069,0.0137,9.8065,-0.0017,0.0349,-0.0891,-13.31,-31.62,26.19,355.36,-80.98,-157.21
52.42031,-1.543364,151.08,7.21,3,153.99,22 / 22,3006928,2019-09-06 19:06:13:610,1.391,-0.7865,10.1906,0.0194,0.0028,9.8066,0.0367,-0.0209,-0.0664,-13.5,-31.44,25.94,353.52,-80.92,-158.75
52.42031,-1.543364,151.08,7.21,3,153.99,22 / 22,3007028,2019-09-06 19:06:13:710,0.0091,0.4209,10.7581,0.0237,-0.0121,9.8065,0.1821,-0.0822,0.086,-14.87,-31.5,25.75,346.45,-80.52,-161.11
52.42031,-1.543364,151.08,7.21,3,153.99,22 / 22,3007129,2019-09-06 19:06:13:811,1.4961,-0.2567,10.0762,-0.0109,-0.0076,9.8066,-0.0053,0.0669,-0.0349,-15,-32.19,28.06,348.82,-80.28,-160.95
52.42031,-1.543364,151.08,7.21,3,153.99,22 / 22,3007229,2019-09-06 19:06:13:911,0.9412,-0.4434,10.2206,-0.0055,0.0123,9.8066,0.0003,0.0065,0.0027,-14.62,-32.44,27.63,349.05,-80.45,-160.81
52.42031,-1.543364,151.08,7.21,3,153.99,22 / 22,3007329,2019-09-06 19:06:14:011,-0.1267,0.0229,10.1202,0.0025,0.012,9.8066,0.0319,-0.0602,0.0064,-13.06,-32.81,28.13,353.05,-80.66,-160.75
52.42031,-1.543364,151.08,7.21,3,153.99,20 / 21,3007430,2019-09-06 19:06:14:112,0.7707,0.4573,9.0301,0.0094,0.0033,9.8066,0.0214,-0.0434,-0.0045,-12.81,-32.25,27.63,351.89,-80.61,-161.73
52.42031,-1.543364,151.08,7.21,3,153.99,20 / 21,3007528,2019-09-06 19:06:14:210,0.8398,-0.1428,9.9039,0.005,0.0031,9.8066,0.0622,-0.017,-0.0161,-12.94,-32.56,27.56,351.12,-80.49,-162.29
52.42031,-1.543364,151.08,7.21,3,153.99,20 / 21,3007629,2019-09-06 19:06:14:311,-0.2491,0.1378,10.082,0.0007,0.0023,9.8066,0.0074,0.0421,-0.0119,-12.31,-32.31,27.88,352.39,-80.31,-162.97
52.42031,-1.543364,151.08,7.21,3,153.99,20 / 21,3007728,2019-09-06 19:06:14:410,0.4066,-0.9932,10.1253,0.0034,-0.0028,9.8066,-0.0238,-0.0158,-0.0347,-12.81,-31.69,27.81,349.56,-80.32,-163.58
52.42031,-1.543364,151.08,7.21,3,153.99,20 / 21,3007828,2019-09-06 19:06:14:510,1.1756,1.1169,11.0254,0.0022,0.0284,9.8066,0.3069,-0.0931,0.0937,-12.44,-32.62,28,350.44,-80.21,-164.47
52.42031,-1.543364,151.08,7.21,3,153.99,20 / 21,3007929,2019-09-06 19:06:14:611,0.3509,-0.6056,9.5545,-0.018,0.0189,9.8066,0.0844,0.0156,-0.091,-12.37,-32.87,28.25,350.48,-80.32,-164.46
52.42031,-1.543364,151.08,7.21,3,153.99,20 / 21,3008029,2019-09-06 19:06:14:711,1.1113,0.0546,10.5378,0.0132,-0.0107,9.8066,-0.0329,-0.2204,0.0931,-12.5,-33.31,27.19,348.92,-80.39,-164.91
52.42031,-1.543364,151.08,7.21,3,153.99,20 / 21,3008129,2019-09-06 19:06:14:811,0.5866,-0.4974,8.8722,-0.0056,0.0249,9.8065,-0.0355,0.0296,-0.0486,-12.56,-32.94,27.44,347.51,-80.59,-164.38
52.42031,-1.543364,151.08,7.21,3,153.99,20 / 21,3008228,2019-09-06 19:06:14:910,0.4851,0.9234,8.8917,-0.018,0.0166,9.8065,0.0234,-0.0176,-0.0008,-12.5,-32.31,28.06,350.92,-80.84,-164.26
52.42031,-1.543364,151.08,7.21,3,153.99,20 / 21,3008329,2019-09-06 19:06:15:011,0.4718,-0.1322,9.4968,-0.0238,0.0346,9.8065,0.0261,-0.0434,0.0036,-13.25,-32.75,26.94,348.6,-80.83,-163.56
52.42031,-1.543364,151.08,7.21,3,153.99,22 / 22,3008430,2019-09-06 19:06:15:112,1.2006,-0.2585,9.163,0.0044,-0.0095,9.8066,-0.0328,-0.0192,0.0167,-12.56,-32.75,27.13,348.48,-80.9,-163.68
52.42031,-1.543364,151.08,7.21,3,153.99,22 / 22,3008528,2019-09-06 19:06:15:210,0.2247,1.4275,9.9671,-0.0071,0.0207,9.8066,0.0322,-0.0133,0.0335,-13.12,-32.5,27.81,350.06,-81.01,-163.31
52.42031,-1.543364,151.08,7.21,3,153.99,22 / 22,3008629,2019-09-06 19:06:15:311,0.4475,0.2366,10.1657,-0.0055,-0.0078,9.8066,-0.0216,-0.0219,-0.0049,-12.37,-33.19,27.5,353.31,-81.08,-162.29
52.42031,-1.543364,151.08,7.21,3,153.99,22 / 22,3008728,2019-09-06 19:06:15:410,1.2087,0.149,9.8106,-0.0033,-0.0007,9.8066,0.0113,0.0161,-0.021,-12.81,-32.31,27,350.72,-81.06,-161.92
52.42031,-1.543364,151.08,7.21,3,153.99,22 / 22,3008829,2019-09-06 19:06:15:511,1.4634,0.113,9.2757,-0.0025,0.0064,9.8066,-0.0005,0.0548,0.0428,-12.81,-32.25,27.13,350.32,-81.07,-162.26
52.42031,-1.543364,151.08,7.21,3,153.99,22 / 22,3008928,2019-09-06 19:06:15:610,0.042,-0.5816,9.9213,-0.0092,-0.0024,9.8065,-0.1049,-0.0678,0.0034,-12.06,-31.69,27.38,353.18,-81.01,-161.63
52.42031,-1.543364,151.08,7.21,3,153.99,22 / 22,3009029,2019-09-06 19:06:15:711,0.9271,1.4351,9.8387,-0.0033,0.0372,9.8065,0.0385,-0.019,0.1071,-12.5,-30.69,26.25,352.4,-81.08,-161.46
52.42031,-1.543364,151.08,7.21,3,153.99,22 / 22,3009129,2019-09-06 19:06:15:811,-0.0187,1.7763,9.8345,-0.0106,0.0058,9.8065,-0.103,-0.011,-0.053,-13.31,-31,26.06,350.77,-81.3,-161.08
52.42031,-1.543364,151.08,7.21,3,153.99,22 / 22,3009228,2019-09-06 19:06:15:910,0.5142,-0.2371,9.4226,0.0132,-0.02,9.8066,0.0086,-0.0567,0.0019,-13.44,-30.69,26.19,350.69,-81.26,-161.14
52.42031,-1.543364,151.08,7.21,3,153.99,22 / 22,3009329,2019-09-06 19:06:16:011,0.7382,0.4229,9.2194,0.0236,-0.0329,9.8065,0.1006,-0.0222,0.0506,-13.94,-31.62,26.31,348.29,-81.18,-161.34
52.42031,-1.543364,151.08,7.21,3,153.99,21 / 21,3009428,2019-09-06 19:06:16:110,-0.6874,0.1073,9.8948,-0.0175,0.0203,9.8066,0.0009,0.0471,-0.1048,-14.06,-32.19,26.94,350.06,-81.38,-160.86
52.42031,-1.543364,151.08,7.21,3,153.99,21 / 21,3009529,2019-09-06 19:06:16:211,0.1518,1.3584,9.2868,0.0071,-0.0032,9.8066,0.0762,-0.0316,0.0653,-13.06,-33.06,27.25,351.21,-81.33,-161.53
52.42031,-1.543364,151.08,7.21,3,153.99,21 / 21,3009628,2019-09-06 19:06:16:310,0.9159,-0.1891,9.4454,-0.0142,0.0309,9.8066,-0.073,0.1033,-0.0343,-13.25,-33.06,27.44,350.71,-81.41,-161.95
52.42031,-1.543364,151.08,7.21,3,153.99,21 / 21,3009729,2019-09-06 19:06:16:411,1.0623,0.5479,10.1649,0.0019,-0.0077,9.8066,-0.0508,0.0442,-0.0774,-13.31,-33,27,351.01,-81.6,-161.74
52.42031,-1.543364,151.08,7.21,3,153.99,21 / 21,3009828,2019-09-06 19:06:16:510,-0.9303,1.6113,9.4756,0.0016,-0.0079,9.8066,-0.1201,0.049,0.0122,-13,-33.06,27.44,350.47,-81.59,-162.2
52.42031,-1.543364,151.08,7.21,3,153.99,21 / 21,3009929,2019-09-06 19:06:16:611,0.6007,0.0424,9.8484,0.0138,-0.0183,9.8066,-0.1054,0.0118,0.0081,-13,-32.81,26.88,349.71,-81.53,-162.81
52.42031,-1.543364,151.08,7.21,3,153.99,21 / 21,3010029,2019-09-06 19:06:16:711,0.0859,-0.3638,9.6112,-0.005,0.0205,9.8066,0.0186,-0.1055,0.0221,-13.06,-32.62,27.06,349.97,-81.66,-162.62
52.42031,-1.543364,151.08,7.21,3,153.99,21 / 21,3010128,2019-09-06 19:06:16:810,0.5306,-0.8203,10.2094,-0.0081,0.0024,9.8066,-0.0352,0.0204,-0.031,-12.56,-32.75,26.94,350.47,-81.65,-162.21
52.42031,-1.543364,151.08,7.21,3,153.99,21 / 21,3010229,2019-09-06 19:06:16:911,1.8692,-0.3026,9.0672,0.0139,-0.0002,9.8066,-0.0992,-0.0748,0.1148,-13.75,-32.19,26.19,347.13,-81.73,-162.45
52.42031,-1.543364,151.08,7.21,3,153.99,21 / 21,3010328,2019-09-06 19:06:17:010,0.1516,1.8001,9.3607,0.0025,-0.0416,9.8065,-0.218,0.0354,-0.0855,-15.06,-32.37,26,345.78,-81.63,-161.91
52.42031,-1.543364,151.08,7.21,3,153.99,21 / 21,3010431,2019-09-06 19:06:17:113,0.0823,1.2804,9.9824,-0.0228,0.0165,9.8065,0.181,0.0132,0.0062,-15.06,-32.69,27.56,349.24,-81.94,-160.92
52.42031,-1.543364,151.08,7.21,3,153.99,21 / 21,3010528,2019-09-06 19:06:17:210,0.8898,-1.0502,9.8786,-0.0109,0.0123,9.8066,-0.0432,0.0467,0.01,-15.19,-32,26.69,348.63,-81.91,-160.56
52.42031,-1.543364,151.08,7.21,3,153.99,21 / 21,3010629,2019-09-06 19:06:17:311,1.6217,-0.0768,10.2198,0.0054,-0.0226,9.8065,0.0178,0.0318,-0.0158,-14.25,-32.25,25.63,349.31,-81.8,-160.64
52.42031,-1.543364,151.08,7.21,3,153.99,21 / 21,3010729,2019-09-06 19:06:17:411,0.2667,-0.3084,9.782,0.0077,-0.0028,9.8066,0.061,-0.0071,-0.0103,-13.06,-32.81,26.81,352.34,-81.78,-160.67
52.42031,-1.543364,151.08,7.21,3,153.99,21 / 21,3010829,2019-09-06 19:06:17:511,0.2914,0.3766,9.3282,0.0023,-0.003,9.8066,-0.0636,-0.0191,0.0632,-12.87,-32.81,26.5,351.68,-81.73,-161.21
52.42031,-1.543364,151.08,7.21,3,153.99,21 / 21,3010928,2019-09-06 19:06:17:610,0.0176,-0.0937,10.2181,0.0005,-0.0293,9.8065,-0.104,-0.0003,0.0004,-13.06,-33.37,27.06,352.71,-81.67,-160.35
52.42031,-1.543364,151.08,7.21,3,153.99,21 / 21,3011029,2019-09-06 19:06:17:711,-0.8084,1.4956,9.5985,-0.0149,0.0092,9.8066,-0.0033,0.0269,0.0416,-12.94,-32.94,26.56,354.73,-81.8,-158.68
52.42031,-1.543364,151.08,7.21,3,153.99,21 / 21,3011128,2019-09-06 19:06:17:810,-0.3927,0.4921,8.9622,-0.0141,-0.0026,9.8065,0.0168,-0.0259,0.0795,-12.94,-32.94,27.06,355.38,-81.67,-158.12
52.42031,-1.543364,151.08,7.21,3,153.99,21 / 21,3011229,2019-09-06 19:06:17:911,0.2039,-0.2397,10.2366,-0.0203,0.0328,9.8065,0.0963,-0.0216,0.0147,-13.31,-32.62,26.56,357.14,-81.67,-156.67
52.42031,-1.543364,151.08,7.21,3,153.99,21 / 21,3011328,2019-09-06 19:06:18:010,0.2268,-0.4138,9.7688,-0.0233,0.0282,9.8066,0.0754,0.0172,0.024,-13.5,-33.31,26.5,357.89,-81.66,-156.04
52.419548,-1.542723,151.23,13.23,2,152.68,20 / 20,3011430,2019-09-06 19:06:18:112,0.0042,0.6511,9.5228,0.001,0.0111,9.8065,-0.014,0.0195,-0.0254,-13.31,-33.12,26.81,357.6,-81.76,-156.28
52.419548,-1.542723,151.23,13.23,2,152.68,20 / 20,3011529,2019-09-06 19:06:18:211,1.04,-0.0976,9.2116,0.0077,-0.024,9.8065,0.1546,0.0407,-0.0053,-13.25,-32.44,26.5,356.56,-81.86,-157.18
52.419548,-1.542723,151.23,13.23,2,152.68,20 / 20,3011629,2019-09-06 19:06:18:311,-0.1058,1.9739,10.4727,-0.003,0.0231,9.8066,0.1909,0.0971,-0.0902,-14,-32.56,26.69,354.43,-81.9,-157.25
52.419548,-1.542723,151.23,13.23,2,152.68,20 / 20,3011729,2019-09-06 19:06:18:411,0.6904,-2.1862,8.8562,0.074,-0.1134,9.8057,-0.1894,-0.0709,0.1341,-13.69,-32.81,26.06,350.51,-81.55,-159.53
52.419548,-1.542723,151.23,13.23,2,152.68,20 / 20,3011829,2019-09-06 19:06:18:511,2.2356,-0.6103,10.962,0.0204,-0.0392,9.8065,0.1769,0.0495,-0.1185,-13.81,-32.44,26,353.9,-82.24,-156.85
52.419548,-1.542723,151.23,13.23,2,152.68,20 / 20,3011929,2019-09-06 19:06:18:611,-0.5327,1.3108,8.6963,0.0629,-0.0851,9.806,-0.4122,-0.0059,0.0271,-13.87,-33.06,25.69,353.86,-82.44,-156.89
52.419548,-1.542723,151.23,13.23,2,152.68,20 / 20,3012029,2019-09-06 19:06:18:711,-0.7715,2.1223,9.6164,0.0818,-0.1193,9.8055,-0.1345,0.0082,0.0755,-14.06,-33.19,25.75,353.11,-82.54,-157.53
52.419548,-1.542723,151.23,13.23,2,152.68,20 / 20,3012129,2019-09-06 19:06:18:811,-0.235,1.9366,10.6753,0.0095,-0.0276,9.8066,0.0076,-0.015,-0.0761,-13.62,-32.69,25.63,352.67,-82.66,-157.93
52.419548,-1.542723,151.23,13.23,2,152.68,20 / 20,3012229,2019-09-06 19:06:18:911,-0.0335,-0.1456,9.9343,0.0388,-0.0195,9.8065,0.0447,-0.0815,-0.0024,-13.5,-32.56,26.69,352.81,-82.19,-160.34
52.419548,-1.542723,151.23,13.23,2,152.68,20 / 20,3012328,2019-09-06 19:06:19:010,-0.0103,0.2971,10.1528,-0.0069,0.0135,9.8066,0.0066,-0.0613,0.0833,-14,-32.12,25.81,348.16,-82,-161.65
52.419548,-1.542723,151.23,13.23,2,152.68,21 / 21,3012429,2019-09-06 19:06:19:111,-0.2951,0.741,10.9216,-0.0122,0.0055,9.8066,0.0072,0.0255,-0.1232,-13.44,-32.56,25.81,350.6,-81.89,-161.24
52.419548,-1.542723,151.23,13.23,2,152.68,21 / 21,3012529,2019-09-06 19:06:19:211,1.7105,-1.6245,7.5913,0.0196,-0.0379,9.8065,-0.082,0.0769,0.0712,-14.81,-31.87,25.94,344.04,-81.87,-163.45
52.419548,-1.542723,151.23,13.23,2,152.68,21 / 21,3012628,2019-09-06 19:06:19:310,0.0532,-0.347,8.6488,0.004,-0.0375,9.8065,-0.3436,-0.0245,0.0923,-14.69,-30.94,27.13,347,-82.03,-162.03
52.419548,-1.542723,151.23,13.23,2,152.68,21 / 21,3012729,2019-09-06 19:06:19:411,-1.7083,2.5689,9.2798,-0.0368,0.0561,9.8063,-0.0659,0.0495,-0.0266,-14.12,-31.5,26.25,351.45,-82.4,-158.99
52.419548,-1.542723,151.23,13.23,2,152.68,21 / 21,3012830,2019-09-06 19:06:19:512,-0.4601,1.255,10.171,0.007,0.0046,9.8066,-0.0314,-0.0661,0.1141,-13.37,-31.5,25.81,354.33,-82.78,-158.3
52.419548,-1.542723,151.23,13.23,2,152.68,21 / 21,3012929,2019-09-06 19:06:19:611,-0.2016,0.6029,10.1643,0.0014,-0.0026,9.8066,0.18,-0.0534,0.0103,-14.06,-30.94,25.69,351.64,-82.51,-158.85
52.419548,-1.542723,151.23,13.23,2,152.68,21 / 21,3013028,2019-09-06 19:06:19:710,-0.6849,-0.1116,10.4721,0.0071,-0.014,9.8066,0.101,-0.029,-0.024,-13.94,-30.56,25.69,350.97,-82.23,-159.37
52.419548,-1.542723,151.23,13.23,2,152.68,21 / 21,3013130,2019-09-06 19:06:19:812,0.2318,0.0739,9.9051,0.002,0.003,9.8066,-0.0051,-0.0038,0.0134,-13,-31.87,25.63,352.26,-82.22,-159.96
52.419548,-1.542723,151.23,13.23,2,152.68,21 / 21,3013229,2019-09-06 19:06:19:911,-0.5345,0.4484,9.9954,0.0032,-0.0056,9.8066,0.0768,-0.0477,0.0094,-13.12,-32.44,26.31,352.39,-82.36,-159.86
52.419548,-1.542723,151.23,13.23,2,152.68,21 / 21,3013328,2019-09-06 19:06:20:010,0.5329,1.2432,9.5774,0.0067,0.0021,9.8066,-0.1082,-0.0255,0.0057,-13.06,-32.37,25.81,352.68,-82.47,-159.64
52.419548,-1.542723,151.23,13.23,2,152.68,20 / 20,3013429,2019-09-06 19:06:20:111,0.0163,0.4144,9.3728,0.0231,-0.0365,9.8065,-0.1529,-0.0028,-0.0376,-13,-33.25,26.06,352.23,-82.31,-159.96
52.419548,-1.542723,151.23,13.23,2,152.68,20 / 20,3013528,2019-09-06 19:06:20:210,-0.7474,0.8998,9.6866,-0.0284,0.025,9.8065,-0.1488,-0.004,0.014,-13.56,-32.75,26.44,350.59,-82.34,-159.63
52.419548,-1.542723,151.23,13.23,2,152.68,20 / 20,3013629,2019-09-06 19:06:20:311,-0.2493,1.8946,9.6579,0.0012,0.0011,9.8066,-0.0039,0.0327,-0.0198,-13.75,-33.19,26.13,352.15,-82.38,-158.32
52.419548,-1.542723,151.23,13.23,2,152.68,20 / 20,3013730,2019-09-06 19:06:20:412,-0.4301,0.9213,10.4484,0.0006,0.0088,9.8066,-0.0889,-0.0489,-0.0213,-13.62,-33,26.25,351.6,-82.29,-158.77
52.419548,-1.542723,151.23,13.23,2,152.68,20 / 20,3013828,2019-09-06 19:06:20:510,0.1527,0.5887,9.9918,-0.0042,-0.0242,9.8065,0.0973,0.0157,0.0367,-13.25,-33.5,26.06,353.81,-82.13,-158.6
52.419548,-1.542723,151.23,13.23,2,152.68,20 / 20,3013929,2019-09-06 19:06:20:611,0.1146,0.0764,9.9081,0.0175,-0.0186,9.8066,0.0369,-0.0076,-0.0047,-13.37,-33.56,25.69,352.56,-82.13,-159.61
52.419548,-1.542723,151.23,13.23,2,152.68,20 / 20,3014029,2019-09-06 19:06:20:711,-0.1842,0.8518,10.1203,0.0106,-0.0171,9.8066,-0.0481,0.0158,0.0036,-13.69,-33.12,26.06,350.48,-82.17,-159.69
52.419548,-1.542723,151.23,13.23,2,152.68,20 / 20,3014129,2019-09-06 19:06:20:811,-0.3878,1.0176,9.3653,0.0071,0.0003,9.8066,-0.0179,-0.0273,0.0146,-13.5,-33.31,26.25,353.12,-82.34,-159.22
52.419548,-1.542723,151.23,13.23,2,152.68,20 / 20,3014228,2019-09-06 19:06:20:910,-0.1701,1.043,9.9312,0.0122,-0.0136,9.8066,-0.014,-0.0337,-0.0208,-12.94,-32.81,25.75,352.05,-82.47,-160.14
52.419548,-1.542723,151.23,13.23,2,152.68,20 / 20,3014329,2019-09-06 19:06:21:011,-0.217,0.5775,9.4682,-0.0097,-0.0014,9.8066,0.0093,-0.0706,0.0781,-12.19,-31.94,25.13,354.02,-82.55,-159.4
52.419548,-1.542723,151.23,13.23,2,152.68,20 / 21,3014430,2019-09-06 19:06:21:112,0.1194,1.3918,9.971,0.0066,-0.0036,9.8066,0.0089,0.0119,-0.0388,-12.75,-32.5,25.75,353.22,-82.52,-159.19
52.419548,-1.542723,151.23,13.23,2,152.68,20 / 21,3014529,2019-09-06 19:06:21:211,-0.5082,0.18,10.8372,0.004,-0.0182,9.8066,-0.0219,0.0318,0.0042,-12.81,-32.25,25.56,353.42,-82.49,-159.01
52.419548,-1.542723,151.23,13.23,2,152.68,20 / 21,3014628,2019-09-06 19:06:21:310,0.7595,0.2795,10.4706,0.0075,0.0076,9.8066,0.0238,-0.0202,-0.016,-13.62,-32.12,26.19,350.7,-82.51,-159.62
52.419548,-1.542723,151.23,13.23,2,152.68,20 / 21,3014729,2019-09-06 19:06:21:411,0.0567,0.0041,8.6794,0.0163,-0.0204,9.8065,0.0129,0.0042,-0.0687,-14.44,-32.75,25.38,348.58,-82.52,-160.38
52.419548,-1.542723,151.23,13.23,2,152.68,20 / 21,3014829,2019-09-06 19:06:21:511,-0.8993,0.8689,9.6334,0.0045,-0.0207,9.8066,-0.0693,0.0017,0.0784,-14.81,-33.19,25.5,348.16,-82.51,-160.07
52.419548,-1.542723,151.23,13.23,2,152.68,20 / 21,3014929,2019-09-06 19:06:21:611,-0.1276,1.1306,9.4305,-0.0145,0.0376,9.8065,-0.1097,0.0047,-0.0301,-14.69,-32.25,25.88,349.23,-82.95,-159.3
52.419548,-1.542723,151.23,13.23,2,152.68,20 / 21,3015029,2019-09-06 19:06:21:711,-0.6288,0.5926,10.0667,-0.0163,0.0084,9.8066,0.0648,0.015,0.0033,-14.44,-31.94,26.88,353.32,-82.93,-158.36
52.419548,-1.542723,151.23,13.23,2,152.68,20 / 21,3015128,2019-09-06 19:06:21:810,0.3259,0.8151,9.7614,0.0021,-0.0034,9.8066,0.0715,-0.0275,0.0053,-13.06,-32.12,26.75,354.73,-82.9,-158.83
52.419548,-1.542723,151.23,13.23,2,152.68,20 / 21,3015229,2019-09-06 19:06:21:911,0.1753,0.104,10.4009,-0.0021,0.0037,9.8066,0.0669,0.0231,-0.013,-12.94,-32,26.5,354.52,-82.8,-158.99
52.419548,-1.542723,151.23,13.23,2,152.68,20 / 21,3015328,2019-09-06 19:06:22:010,-0.4801,0.7165,10.1857,0.0145,-0.0088,9.8066,0.1381,-0.0267,0.0156,-13.25,-31.75,26.81,353.12,-82.75,-160.19
52.419548,-1.542723,151.23,13.23,2,152.68,21 / 21,3015428,2019-09-06 19:06:22:110,-0.1906,0.1873,10.6088,0.0004,-0.0021,9.8066,-0.0916,-0.0198,-0.0019,-13.69,-32.31,26.44,348.83,-82.66,-161.24
52.419548,-1.542723,151.23,13.23,2,152.68,21 / 21,3015528,2019-09-06 19:06:22:210,0.0547,-0.1345,10.0351,0.0349,-0.0259,9.8065,0.0955,-0.052,-0.0434,-13.62,-32.06,26.38,346.72,-82.48,-163
52.419548,-1.542723,151.23,13.23,2,152.68,21 / 21,3015629,2019-09-06 19:06:22:311,1.2538,1.3202,8.7539,0.0159,-0.0467,9.8065,-0.1347,0.001,0.1016,-13.5,-31.81,25.94,348.34,-82.42,-163.32
52.419548,-1.542723,151.23,13.23,2,152.68,21 / 21,3015729,2019-09-06 19:06:22:411,0.4396,1.4819,8.3413,-0.0293,0.0191,9.8065,-0.0482,-0.0253,0.0212,-14.19,-32.25,26,350.59,-82.51,-159.7
52.419548,-1.542723,151.23,13.23,2,152.68,21 / 21,3015828,2019-09-06 19:06:22:510,0.0988,0.1569,9.3516,-0.0283,0.0147,9.8065,-0.0566,-0.0285,0.0341,-13.5,-31.94,25.75,355.17,-82.78,-157.56
52.419548,-1.542723,151.23,13.23,2,152.68,21 / 21,3015928,2019-09-06 19:06:22:610,0.0497,0.8353,9.4401,-0.0155,0.0169,9.8066,-0.0464,-0.0551,0.0632,-14.19,-31.69,25.75,356.36,-82.87,-154.82
52.419548,-1.542723,151.23,13.23,2,152.68,21 / 21,3016028,2019-09-06 19:06:22:710,-0.1506,0.4538,10.027,0.0126,-0.0222,9.8066,0.005,-0.0194,0.0008,-14,-32.12,25.06,356.14,-82.89,-154.05
52.419548,-1.542723,151.23,13.23,2,152.68,21 / 21,3016129,2019-09-06 19:06:22:811,-0.4443,0.3137,10.6157,0.0011,-0.0079,9.8066,0.0046,-0.0655,0.0264,-13.25,-32.19,25.69,358.53,-82.66,-154.68
52.419548,-1.542723,151.23,13.23,2,152.68,21 / 21,3016229,2019-09-06 19:06:22:911,0.4512,0.1344,9.5923,0.0082,0.0318,9.8066,0.019,-0.0642,-0.0013,-13.37,-32.06,25.81,356.38,-82.76,-156.53
52.419548,-1.542723,151.23,13.23,2,152.68,21 / 21,3016329,2019-09-06 19:06:23:011,-0.6428,-0.2804,9.4944,-0.0176,-0.0027,9.8066,-0.0442,-0.0871,0.0603,-13.81,-32.37,25.31,354.28,-82.85,-155.63
52.419548,-1.542723,151.23,13.23,2,152.68,21 / 21,3016429,2019-09-06 19:06:23:111,0.4368,-0.88,10.1334,-0.0419,0.0617,9.8063,0.068,-0.1389,0.0261,-13.5,-32.94,26.19,359.78,-83.3,-153.63
52.419548,-1.542723,151.23,13.23,2,152.68,21 / 21,3016529,2019-09-06 19:06:23:211,0.8397,-0.5569,10.0315,0.0078,-0.0027,9.8066,-0.1689,-0.0919,-0.0286,-13.87,-32.31,25.38,355.81,-83.55,-154.39
52.419548,-1.542723,151.23,13.23,2,152.68,21 / 21,3016628,2019-09-06 19:06:23:310,-0.8245,1.1213,10.6279,0.0138,-0.0048,9.8066,0.0246,-0.074,0.0076,-13.37,-32.75,25.56,357.96,-83.61,-155.21
52.419548,-1.542723,151.23,13.23,2,152.68,21 / 21,3016729,2019-09-06 19:06:23:411,-0.1301,1.0193,10.0945,0.0216,-0.0082,9.8065,0.0334,-0.0321,-0.038,-13.31,-33,25.94,354.11,-83.48,-158.53
52.419548,-1.542723,151.23,13.23,2,152.68,21 / 21,3016829,2019-09-06 19:06:23:511,0.2548,-0.5326,11.2122,0.0063,-0.0125,9.8066,0.2395,-0.039,0.0204,-13,-31.94,25.88,352.72,-83.23,-159.72
52.419548,-1.542723,151.23,13.23,2,152.68,21 / 21,3016929,2019-09-06 19:06:23:611,-0.8199,-0.6844,9.8901,0.0133,-0.0178,9.8066,-0.2023,0.0635,-0.0299,-12.94,-32,26.13,351.37,-82.87,-160.82
52.419548,-1.542723,151.23,13.23,2,152.68,21 / 21,3017029,2019-09-06 19:06:23:711,-0.5801,-2.5543,11.0495,-0.0142,-0.0063,9.8066,-0.1696,0.1298,0.0195,-12,-31.75,26.63,355.12,-83.09,-160.24
52.419548,-1.542723,151.23,13.23,2,152.68,21 / 21,3017129,2019-09-06 19:06:23:811,-0.6457,1.119,8.4715,0.0032,-0.016,9.8066,-0.1588,-0.0051,-0.0152,-12.25,-31.5,25.44,354.49,-83.33,-159.12
52.419548,-1.542723,151.23,13.23,2,152.68,21 / 21,3017228,2019-09-06 19:06:23:910,-3.9224,3.6926,10.0802,0.0155,-0.0444,9.8064,-0.0843,0.249,-0.1254,-13.75,-31.12,24.56,352.01,-83.45,-157.71
52.419548,-1.542723,151.23,13.23,2,152.68,21 / 21,3017329,2019-09-06 19:06:24:011,0.5868,0.2127,10.5805,0.0174,-0.0216,9.8065,-0.006,0.0264,0.0435,-15,-31.37,25,350.73,-83.46,-157.13
52.419548,-1.542723,151.23,13.23,2,152.68,20 / 20,3017429,2019-09-06 19:06:24:111,-0.4368,1.0581,9.148,0.0195,-0.0482,9.8065,-0.0271,-0.044,0.0488,-14.25,-31.81,25.69,353.53,-83.25,-157.3
52.419548,-1.542723,151.23,13.23,2,152.68,20 / 20,3017528,2019-09-06 19:06:24:210,-0.4993,0.3171,9.4798,-0.0099,0.0215,9.8065,-0.1155,-0.0194,-0.0302,-14.31,-32.56,26,353.71,-83.22,-157.12
52.419548,-1.542723,151.23,13.23,2,152.68,20 / 20,3017629,2019-09-06 19:06:24:311,-0.4987,0.2104,9.7035,-0.0053,0.018,9.8066,-0.0442,-0.0061,-0.0461,-13.12,-33.62,26.25,355.46,-83.4,-157.33
52.419548,-1.542723,151.23,13.23,2,152.68,20 / 20,3017728,2019-09-06 19:06:24:410,-0.0723,1.6232,9.5626,-0.0007,0.0244,9.8066,-0.07,0.016,-0.0107,-13.06,-32.81,26,354.91,-83.64,-157.85
52.419548,-1.542723,151.23,13.23,2,152.68,20 / 20,3017828,2019-09-06 19:06:24:510,-0.5627,0.7625,9.7432,0.0038,0.0071,9.8066,0.0556,0.0604,-0.0342,-13.62,-32.87,25.5,352.08,-83.84,-158.62
52.419548,-1.542723,151.23,13.23,2,152.68,20 / 20,3017929,2019-09-06 19:06:24:611,-0.3612,0.5865,9.8294,0.0061,-0.0053,9.8066,0.0752,-0.0576,0.02,-13.37,-32.87,25.5,353.18,-83.87,-159.39
52.419548,-1.542723,151.23,13.23,2,152.68,20 / 20,3018029,2019-09-06 19:06:24:711,-0.5764,0.4424,9.9315,0.0009,-0.008,9.8066,-0.0827,-0.0687,0.0566,-13.25,-32,25.56,353.11,-83.88,-159.48
52.419548,-1.542723,151.23,13.23,2,152.68,20 / 20,3018129,2019-09-06 19:06:24:811,-0.5806,1.5331,9.8664,-0.0096,-0.002,9.8066,0.0208,0.025,0.0401,-12.87,-32,25.25,354.01,-83.85,-157.76
52.419548,-1.542723,151.23,13.23,2,152.68,20 / 20,3018228,2019-09-06 19:06:24:910,-0.3925,0.3687,10.61,0.0015,-0.0096,9.8066,-0.0257,0.0412,-0.0233,-13,-32.31,24.88,354.47,-83.82,-157.35
52.419548,-1.542723,151.23,13.23,2,152.68,20 / 20,3018330,2019-09-06 19:06:25:012,-0.2994,0.9437,10.386,0.0092,-0.0065,9.8066,-0.0345,-0.0086,0.0042,-13.94,-32.06,24.25,350.24,-83.86,-158.26
52.419548,-1.542723,151.23,13.23,2,152.68,21 / 21,3018429,2019-09-06 19:06:25:111,-0.46,-0.1449,10.0851,0.0219,-0.0059,9.8066,0.0351,0.0638,-0.0812,-14.25,-32.62,24.19,347.58,-83.64,-160.47
52.419548,-1.542723,151.23,13.23,2,152.68,21 / 21,3018529,2019-09-06 19:06:25:211,-1.0312,0.57,9.9335,0.0093,0.0016,9.8066,-0.0001,-0.0131,0.0035,-14.81,-32.19,25.19,344.24,-83.56,-162.79
52.419548,-1.542723,151.23,13.23,2,152.68,21 / 21,3018629,2019-09-06 19:06:25:311,0.3012,0.9,9.8083,0.0163,0.0093,9.8065,0.0235,0.0217,-0.0641,-14.44,-32.5,26.38,345.88,-83.59,-164.05
52.419548,-1.542723,151.23,13.23,2,152.68,21 / 21,3018729,2019-09-06 19:06:25:411,-0.209,0.5302,9.9182,0.0035,0.0068,9.8066,0.0487,-0.0393,-0.0131,-13.94,-32.25,25.44,343.07,-83.75,-165.56
52.419548,-1.542723,151.23,13.23,2,152.68,21 / 21,3018828,2019-09-06 19:06:25:510,0.0737,0.0759,9.7247,-0.0013,-0.0019,9.8065,-0.0569,0.0055,-0.0012,-13.5,-32.62,25.75,345.4,-83.83,-166.19
52.419548,-1.542723,151.23,13.23,2,152.68,21 / 21,3018929,2019-09-06 19:06:25:611,-0.3485,0.8554,9.6933,-0.0066,0.0005,9.8066,-0.0208,-0.0192,0.0291,-13.56,-32,25.81,344.29,-83.91,-165.54
52.419548,-1.542723,151.23,13.23,2,152.68,21 / 21,3019029,2019-09-06 19:06:25:711,-0.9192,0.3611,9.5758,-0.0144,0.0081,9.8066,-0.0257,0.0272,0.004,-13,-32.44,25,346.37,-84.04,-164.49
52.419548,-1.542723,151.23,13.23,2,152.68,21 / 21,3019128,2019-09-06 19:06:25:810,-0.2213,1.1758,10.0626,-0.0085,0.0122,9.8066,-0.1134,0.0184,0.0038,-12.56,-31.56,24.88,348.17,-84.31,-162.98
52.419548,-1.542723,151.23,13.23,2,152.68,21 / 21,3019228,2019-09-06 19:06:25:910,0.2259,1.6607,9.8627,0.0062,0.0012,9.8066,0.0698,0.0553,0.014,-12.62,-31.06,26,349.18,-84.35,-163.07
52.419548,-1.542723,151.23,13.23,2,152.68,21 / 21,3019329,2019-09-06 19:06:26:011,0.0478,0.8504,9.8507,0.0119,-0.0175,9.8066,0.1944,0.0347,0.0461,-12.31,-30.62,26.5,353.81,-84.31,-161.55
52.419548,-1.542723,151.23,13.23,2,152.68,20 / 20,3019430,2019-09-06 19:06:26:112,0.3376,0.306,10.0062,0.0137,-0.0189,9.8065,-0.165,0.0581,-0.0742,-12.94,-30.19,26.56,350.86,-84.19,-162.46
52.419548,-1.542723,151.23,13.23,2,152.68,20 / 20,3019528,2019-09-06 19:06:26:210,0.7864,0.7129,9.5658,-0.0073,0.0124,9.8066,0.1123,-0.0023,0.063,-13.37,-30,26.06,351.26,-84.3,-161.24
52.419548,-1.542723,151.23,13.23,2,152.68,20 / 20,3019628,2019-09-06 19:06:26:310,-1.0125,1.3771,10.1795,-0.0097,-0.0004,9.8066,-0.0334,-0.0181,-0.0142,-13.62,-31.25,25.63,350.02,-84.24,-160.58
52.419548,-1.542723,151.23,13.23,2,152.68,20 / 20,3019729,2019-09-06 19:06:26:411,-0.1298,1.0703,9.8282,-0.0053,0.0039,9.8066,-0.0054,0.0047,-0.0031,-14.31,-30.69,25.56,349.56,-84.27,-161
52.419548,-1.542723,151.23,13.23,2,152.68,20 / 20,3019829,2019-09-06 19:06:26:511,0.056,-0.4662,9.4407,0,0.0181,9.8066,-0.0938,0.0028,-0.0239,-13.69,-31.31,25.31,348.37,-84.33,-161.09
52.419548,-1.542723,151.23,13.23,2,152.68,20 / 20,3019929,2019-09-06 19:06:26:611,1.2445,1.4671,10.4264,0.0046,-0.0015,9.8065,-0.038,0.033,0.0005,-13.19,-32.06,25,350.14,-84.42,-161.26
52.419548,-1.542723,151.23,13.23,2,152.68,20 / 20,3020029,2019-09-06 19:06:26:711,0.9587,-1.5068,9.2459,0.0018,0.0401,9.8065,-0.0611,-0.104,0.0701,-13.81,-31.5,26.06,348.63,-84.64,-161.91
52.419548,-1.542723,151.23,13.23,2,152.68,20 / 20,3020129,2019-09-06 19:06:26:811,-0.1463,-0.6672,9.8133,0.0189,-0.0242,9.8065,0.0113,-0.0434,0.0061,-13.56,-31.69,25.63,347.6,-84.42,-162.74
52.419548,-1.542723,151.23,13.23,2,152.68,20 / 20,3020229,2019-09-06 19:06:26:911,0.7174,0.7032,9.9415,0.0038,-0.0201,9.8066,0.0414,-0.0259,-0.0316,-12.81,-32,25.75,349.81,-84.56,-162.52
52.419548,-1.542723,151.23,13.23,2,152.68,20 / 20,3020328,2019-09-06 19:06:27:010,-0.4991,-1.1937,9.113,-0.0003,-0.0109,9.8066,0.0323,0.0638,-0.0036,-13,-31.69,25.56,351.64,-84.55,-160.89
52.41865,-1.541947,151.23,12.06,2,152.24,20 / 20,3020429,2019-09-06 19:06:27:111,0.5627,0.4256,9.5841,-0.0004,-0.0137,9.8066,-0.0308,-0.0456,0.0367,-13.06,-33.37,25.81,352.1,-84.54,-160.45
52.41865,-1.541947,151.23,12.06,2,152.24,20 / 20,3020529,2019-09-06 19:06:27:211,-0.0454,0.0644,9.5229,-0.019,0.0195,9.8065,-0.0023,-0.0263,0.0202,-13.12,-33.62,26.31,353.73,-84.66,-159
52.41865,-1.541947,151.23,12.06,2,152.24,20 / 20,3020629,2019-09-06 19:06:27:311,-0.7465,1.4199,9.687,0.0099,-0.0052,9.8066,0.0068,-0.0177,0.0054,-13.37,-33.31,26.31,354.68,-84.66,-158.17
52.41865,-1.541947,151.23,12.06,2,152.24,20 / 20,3020729,2019-09-06 19:06:27:411,-1.1268,0.6352,10.0502,0.0085,-0.0077,9.8066,-0.0221,0.0047,-0.0573,-13.44,-33.44,26.25,353.48,-84.61,-159.23
52.41865,-1.541947,151.23,12.06,2,152.24,20 / 20,3020829,2019-09-06 19:06:27:511,-0.2206,0.6695,9.7762,-0.0011,0.0063,9.8066,0.0514,-0.0089,0.04,-12.81,-33.56,26.81,353.39,-84.69,-160.18
52.41865,-1.541947,151.23,12.06,2,152.24,20 / 20,3020928,2019-09-06 19:06:27:610,0.6537,0.6141,10.0636,0.0013,0.0015,9.8066,-0.0208,0.0358,-0.0398,-13.44,-33.25,26.63,352.75,-84.63,-160.76
52.41865,-1.541947,151.23,12.06,2,152.24,20 / 20,3021028,2019-09-06 19:06:27:710,-0.3886,1.0872,10.2891,-0.0047,-0.0119,9.8066,0.011,0.0657,0.0435,-13.69,-32,26.44,350.73,-84.56,-159.98
52.41865,-1.541947,151.23,12.06,2,152.24,20 / 20,3021128,2019-09-06 19:06:27:810,-0.3241,0.2897,10.0563,-0.0008,-0.0084,9.8066,-0.015,-0.0113,0.054,-13.81,-31.37,26.56,351.81,-84.43,-159.94
52.41865,-1.541947,151.23,12.06,2,152.24,20 / 20,3021228,2019-09-06 19:06:27:910,-0.885,1.3444,10.0011,-0.0003,-0.0097,9.8066,0.0857,0.0173,0.0114,-13.75,-30.56,25.63,352.21,-84.34,-158.65
52.41865,-1.541947,151.23,12.06,2,152.24,20 / 20,3021330,2019-09-06 19:06:28:012,-0.6392,-0.5304,10.2716,-0.014,-0.0077,9.8066,0.0381,-0.0216,0.0395,-13.75,-29.75,25.5,353.39,-84.22,-157.6
52.41865,-1.541947,151.23,12.06,2,152.24,21 / 21,3021430,2019-09-06 19:06:28:112,-0.7542,0.4117,10.552,-0.0046,-0.0032,9.8066,0.0754,-0.0252,0.0441,-14.62,-28.87,25.56,352.18,-84.17,-157.03
52.41865,-1.541947,151.23,12.06,2,152.24,21 / 21,3021529,2019-09-06 19:06:28:211,-0.3809,-0.6606,8.7249,-0.0101,0.0012,9.8066,0.0334,-0.0057,0.018,-14.12,-29.37,25.94,354.79,-84.1,-156.36
52.41865,-1.541947,151.23,12.06,2,152.24,21 / 21,3021628,2019-09-06 19:06:28:310,-0.3591,-0.2395,9.7373,-0.0136,0.0203,9.8066,0.0112,-0.0601,-0.005,-13.56,-29.31,25.06,353.95,-84.26,-156.16
52.41865,-1.541947,151.23,12.06,2,152.24,21 / 21,3021728,2019-09-06 19:06:28:410,-0.1342,-0.1636,9.576,-0.0119,0.0623,9.8064,-0.0768,0.0144,-0.1097,-13.62,-30.56,22.69,351.82,-84.6,-155.93
52.41865,-1.541947,151.23,12.06,2,152.24,21 / 21,3021828,2019-09-06 19:06:28:510,0.1383,2.5581,9.862,0.0174,0.0293,9.8066,-0.053,0.004,-0.0004,-12.62,-30.87,22.44,348.44,-84.89,-159.7
52.41865,-1.541947,151.23,12.06,2,152.24,21 / 21,3021928,2019-09-06 19:06:28:610,0.7649,0.2073,9.33,-0.0013,-0.0104,9.8066,-0.0077,0.042,-0.0015,-14.75,-31.19,24.06,344.99,-84.97,-161.53
52.41865,-1.541947,151.23,12.06,2,152.24,21 / 21,3022028,2019-09-06 19:06:28:710,0.4812,-1.0236,10.8642,0.0039,-0.0377,9.8065,-0.0993,0.0331,-0.0495,-15.06,-32.25,25.38,348.44,-84.79,-159.4
52.41865,-1.541947,151.23,12.06,2,152.24,21 / 21,3022129,2019-09-06 19:06:28:811,-0.729,0.6802,10.9318,0.0172,-0.0204,9.8066,0.0875,-0.0653,0.0273,-15.19,-32.19,25.5,350.31,-85.07,-158.79
52.41865,-1.541947,151.23,12.06,2,152.24,21 / 21,3022229,2019-09-06 19:06:28:911,-0.0818,0.0345,10.3276,0.0129,-0.0199,9.8066,0.154,-0.0232,0.062,-17,-31.69,25.19,345,-84.76,-159.29
52.41865,-1.541947,151.23,12.06,2,152.24,21 / 21,3022328,2019-09-06 19:06:29:010,-0.2679,-0.2235,10.0068,0.0077,-0.0247,9.8066,0.0888,-0.013,0.0283,-17.81,-31.75,26.88,345.72,-84.42,-159.17
52.41865,-1.541947,151.23,12.06,2,152.24,21 / 21,3022429,2019-09-06 19:06:29:111,-0.1396,0.1536,9.5469,-0.0019,0.0118,9.8066,-0.1096,0.0269,-0.0007,-16.62,-29.44,30.44,350.15,-84.33,-159.45
52.41865,-1.541947,151.23,12.06,2,152.24,21 / 21,3022529,2019-09-06 19:06:29:211,-0.4062,1.0608,9.9033,0.0021,0.0069,9.8066,0.157,-0.0097,-0.0445,-12.62,-30.44,29.31,356.33,-84.61,-159.18
52.41865,-1.541947,151.23,12.06,2,152.24,21 / 21,3022629,2019-09-06 19:06:29:311,-1.1249,0.3495,9.8549,0.0002,0.0229,9.8066,0.1066,-0.053,-0.0065,-12.06,-31.5,27.25,356.45,-84.89,-159.25
52.41865,-1.541947,151.23,12.06,2,152.24,21 / 21,3022729,2019-09-06 19:06:29:411,-0.0485,0.9079,10.1679,-0.0088,0.0165,9.8066,0.1398,0.0483,-0.0401,-12.56,-31.25,26,352.96,-84.95,-159.79
52.41865,-1.541947,151.23,12.06,2,152.24,21 / 21,3022829,2019-09-06 19:06:29:511,-0.776,0.7454,10.1428,0.0189,-0.0405,9.8065,-0.0256,-0.0153,0.004,-13.56,-31.87,26.06,348.33,-84.57,-162.13
52.41865,-1.541947,151.23,12.06,2,152.24,21 / 21,3022929,2019-09-06 19:06:29:611,-1.0061,1.5165,10.7806,0.0316,-0.0334,9.8065,0.052,-0.0371,-0.0047,-13.19,-31.62,26.75,349.8,-84.34,-163.37
52.41865,-1.541947,151.23,12.06,2,152.24,21 / 21,3023028,2019-09-06 19:06:29:710,1.0889,1.5795,8.5513,0.0335,-0.0139,9.8065,-0.2965,0.0566,-0.0802,-13.19,-32.56,25.69,345.92,-84.31,-165.88
52.41865,-1.541947,151.23,12.06,2,152.24,21 / 21,3023129,2019-09-06 19:06:29:811,0.2802,0.2639,9.1598,0.0061,-0.0257,9.8065,-0.2379,-0.0722,0.0775,-12.62,-32.62,26.63,344.88,-84.21,-167.67
52.41865,-1.541947,151.23,12.06,2,152.24,21 / 21,3023229,2019-09-06 19:06:29:911,-0.5078,1.2432,9.2382,-0.0393,0.0713,9.8062,0.1279,0.1118,-0.0545,-12.81,-32.69,26,348.01,-84.88,-164.18
52.41865,-1.541947,151.23,12.06,2,152.24,21 / 21,3023329,2019-09-06 19:06:30:011,0.2594,0.7913,10.3028,-0.0361,0.0382,9.8064,0.1133,0.0316,-0.0507,-13.06,-33.31,26.31,348.91,-85.18,-163.44
52.41865,-1.541947,151.23,12.06,2,152.24,20 / 21,3023428,2019-09-06 19:06:30:110,-0.2814,1.0469,9.724,0.0108,-0.0384,9.8065,-0.0566,-0.0307,0.0054,-12.94,-32.5,26.63,350.77,-85.07,-162.64
52.41865,-1.541947,151.23,12.06,2,152.24,20 / 21,3023529,2019-09-06 19:06:30:211,-0.7543,0.9659,9.7893,0.0044,-0.0186,9.8066,-0.0227,-0.0031,0.0115,-13.87,-32.94,26.44,348.51,-85,-162.04
52.41865,-1.541947,151.23,12.06,2,152.24,20 / 21,3023629,2019-09-06 19:06:30:311,-0.5379,-0.0842,9.9024,0.0046,-0.0106,9.8066,-0.0529,0.0221,0.0108,-13.06,-33.44,27.31,350.99,-84.95,-162.4
52.41865,-1.541947,151.23,12.06,2,152.24,20 / 21,3023729,2019-09-06 19:06:30:411,-0.4765,1.9984,9.8443,0.0122,-0.0244,9.8065,0.0424,-0.0287,0.0129,-13.56,-32.94,25.75,347.28,-84.8,-163.1
52.41865,-1.541947,151.23,12.06,2,152.24,20 / 21,3023829,2019-09-06 19:06:30:511,-0.883,0.703,10.0335,-0.0167,0.0188,9.8066,0.0148,0.0207,-0.0518,-13.06,-33.69,26.63,352.54,-85.12,-161
52.41865,-1.541947,151.23,12.06,2,152.24,20 / 21,3023928,2019-09-06 19:06:30:610,-1.4049,1.9041,10.0196,-0.0027,0.027,9.8066,0.0221,-0.063,0.0435,-13.25,-32.87,25.94,350.82,-85.22,-161.72
52.41865,-1.541947,151.23,12.06,2,152.24,20 / 21,3024030,2019-09-06 19:06:30:712,0.6076,-0.1635,10.1352,0.008,-0.0031,9.8065,0.0815,-0.0403,0.0152,-12.81,-32.94,26.13,350.8,-85.21,-161.74
52.41865,-1.541947,151.23,12.06,2,152.24,20 / 21,3024128,2019-09-06 19:06:30:810,-0.854,1.5177,9.1644,-0.0048,0.0223,9.8065,0.105,-0.012,0.0084,-13,-33.19,26.75,350.36,-85.17,-163.01
52.41865,-1.541947,151.23,12.06,2,152.24,20 / 21,3024228,2019-09-06 19:06:30:910,0.3903,0.5387,9.8538,0.0171,-0.0209,9.8065,-0.0247,-0.0533,-0.0426,-13.56,-32.75,26.63,347.31,-84.95,-164.03
52.41865,-1.541947,151.23,12.06,2,152.24,20 / 21,3024329,2019-09-06 19:06:31:011,0.4179,1.199,10.3257,0.0087,-0.0124,9.8066,-0.1196,-0.056,0.0468,-13.44,-32.44,26,348.34,-85.04,-163.95
52.41865,-1.541947,151.23,12.06,2,152.24,20 / 21,3024428,2019-09-06 19:06:31:110,-1.03,1.199,9.7195,0.0153,-0.0103,9.8066,-0.1106,0.0381,-0.023,-13.69,-32.75,26.13,345.75,-85.23,-164.59
52.41865,-1.541947,151.23,12.06,2,152.24,20 / 21,3024528,2019-09-06 19:06:31:210,-1.2312,1.8406,9.9061,0.0167,-0.0332,9.8066,0.1034,-0.0292,-0.0333,-13.25,-32.62,25.38,344.89,-85.16,-166.11
52.41865,-1.541947,151.23,12.06,2,152.24,20 / 21,3024628,2019-09-06 19:06:31:310,0.4478,0.2743,9.8683,-0.0069,0.0307,9.8065,0.0379,0.0627,-0.0256,-13.37,-31.81,24.69,344.73,-85.32,-166.35
52.41865,-1.541947,151.23,12.06,2,152.24,20 / 21,3024728,2019-09-06 19:06:31:410,-0.0035,0.8397,9.9362,-0.0119,0.0104,9.8066,0.0995,0.0568,0.0276,-13.44,-31.62,25,344.13,-85.33,-166.9
52.41865,-1.541947,151.23,12.06,2,152.24,20 / 21,3024829,2019-09-06 19:06:31:511,0.3995,0.8503,10.1914,0.0015,-0.0061,9.8066,-0.0036,0.0606,-0.0716,-14.12,-31.06,25.88,343.36,-85.19,-166.84
52.41865,-1.541947,151.23,12.06,2,152.24,20 / 21,3024929,2019-09-06 19:06:31:611,-0.4103,0.8181,9.7874,0.0054,0.0153,9.8066,0.0442,0.0664,-0.0269,-14.5,-30.62,27.06,342.5,-85.21,-168.57
52.41865,-1.541947,151.23,12.06,2,152.24,20 / 21,3025029,2019-09-06 19:06:31:711,0.2032,0.6375,10.054,0.007,0.0011,9.8066,-0.0026,0.0344,0.0264,-14.44,-31,28,343.12,-85.19,-168.88
52.41865,-1.541947,151.23,12.06,2,152.24,20 / 21,3025129,2019-09-06 19:06:31:811,-0.4387,0.3507,10.0776,-0.0022,-0.0075,9.8066,-0.031,-0.0004,0.0385,-13.75,-31.87,28.13,343.15,-85.22,-168.81
52.41865,-1.541947,151.23,12.06,2,152.24,20 / 21,3025229,2019-09-06 19:06:31:911,0.2943,1.9315,9.8231,-0.0034,0.0289,9.8065,0.0241,0.0249,-0.073,-13.25,-31.81,27.31,343.51,-85.48,-169.36
52.41865,-1.541947,151.23,12.06,2,152.24,20 / 21,3025328,2019-09-06 19:06:32:010,-0.0675,0.6585,9.6315,0.0042,0.0218,9.8065,-0.0346,-0.0392,-0.0021,-11.94,-31.25,27.44,344.03,-85.49,-170.66
52.41865,-1.541947,151.23,12.06,2,152.24,20 / 21,3025429,2019-09-06 19:06:32:111,0.2798,1.8872,10.3274,0.0035,0.0085,9.8066,0.1125,0.047,-0.0384,-11.56,-31.81,28.25,343.25,-85.59,-172.17
52.41865,-1.541947,151.23,12.06,2,152.24,20 / 21,3025529,2019-09-06 19:06:32:211,-0.6548,0.8331,9.8377,-0.0089,0.0115,9.8066,-0.0662,0.0368,-0.0846,-10.5,-32.06,27.44,346.59,-85.58,-171.91
52.41865,-1.541947,151.23,12.06,2,152.24,20 / 21,3025628,2019-09-06 19:06:32:310,0.3297,0.9872,9.8809,0.0148,-0.0005,9.8066,-0.0421,0.0169,0.0021,-9.62,-31.56,26.56,344.74,-85.6,-173.61
52.41865,-1.541947,151.23,12.06,2,152.24,20 / 21,3025728,2019-09-06 19:06:32:410,0.4092,1.0093,10.1329,-0.0046,0.0017,9.8066,0.0436,0.0457,-0.0032,-9.5,-31.75,25.13,344.51,-85.69,-174.27
52.41865,-1.541947,151.23,12.06,2,152.24,20 / 21,3025828,2019-09-06 19:06:32:510,-0.9379,0.6404,10.8048,0.0005,-0.0145,9.8066,-0.0227,0.0575,-0.0251,-11.81,-31.81,23.69,337.78,-85.77,-173.69
52.41865,-1.541947,151.23,12.06,2,152.24,20 / 21,3025928,2019-09-06 19:06:32:610,0.3665,0.2834,10.2142,-0.0004,-0.0193,9.8066,0.1179,0.0057,0.1019,-12.94,-30.81,24.25,336.06,-85.67,-173.45
52.41865,-1.541947,151.23,12.06,2,152.24,20 / 21,3026029,2019-09-06 19:06:32:711,-0.2004,0.7413,10.2276,0.0239,-0.0451,9.8065,0.0264,0.0501,-0.0343,-14.12,-31.37,24.38,337.24,-85.1,-170.32
52.41865,-1.541947,151.23,12.06,2,152.24,20 / 21,3026129,2019-09-06 19:06:32:811,0.3675,-0.2523,9.8561,-0.0015,-0.0151,9.8066,0.1671,0.0623,0.0668,-13.69,-31.94,26,339.42,-84.98,-170.29
52.41865,-1.541947,151.23,12.06,2,152.24,20 / 21,3026228,2019-09-06 19:06:32:910,-0.0975,-0.3583,9.9693,0.0027,-0.0276,9.8065,-0.0954,0.0189,0.0056,-13.81,-32.31,25.63,340.89,-84.93,-168.94
52.41865,-1.541947,151.23,12.06,2,152.24,20 / 21,3026329,2019-09-06 19:06:33:011,-1.3064,1.2909,9.96,0.0059,0.003,9.8065,-0.0578,-0.0315,0.004,-14.44,-32.25,26.44,341.72,-84.96,-168.2
52.41865,-1.541947,151.23,12.06,2,152.24,22 / 22,3026428,2019-09-06 19:06:33:110,-0.1974,0.7471,9.9375,-0.0007,0.0194,9.8066,-0.0019,0.0048,0.0039,-13.62,-32.94,26.63,342.13,-85.41,-168.88
52.41865,-1.541947,151.23,12.06,2,152.24,22 / 22,3026528,2019-09-06 19:06:33:210,-0.6331,0.8697,9.6873,0.0008,0.0217,9.8066,0.0073,-0.0113,-0.0276,-13.94,-32.69,25.44,338.32,-85.59,-170.5
52.41865,-1.541947,151.23,12.06,2,152.24,22 / 22,3026630,2019-09-06 19:06:33:312,-0.8524,1.0038,10.3281,0.0023,0.0083,9.8066,0.0627,0.011,-0.0042,-13.69,-33.19,25.38,337.13,-85.61,-171.6
52.41865,-1.541947,151.23,12.06,2,152.24,22 / 22,3026728,2019-09-06 19:06:33:410,0.2299,0.9148,9.8384,0.0005,0.0081,9.8066,0.1581,0.0702,-0.0358,-13.87,-32.5,25.25,335.66,-85.66,-173.03
52.41865,-1.541947,151.23,12.06,2,152.24,22 / 22,3026828,2019-09-06 19:06:33:510,-0.2009,1.7755,9.2501,0.0315,-0.0052,9.8065,-0.1527,0.0459,-0.121,-13.87,-32.94,26.06,331.55,-85.53,-177.69
52.41865,-1.541947,151.23,12.06,2,152.24,22 / 22,3026928,2019-09-06 19:06:33:610,-1.194,1.9304,9.3631,0.0361,0.0108,9.8065,-0.1104,-0.021,0.0106,-13.19,-33.06,25.31,327,-85.65,177.33
52.41865,-1.541947,151.23,12.06,2,152.24,22 / 22,3027028,2019-09-06 19:06:33:710,-0.3445,3.1412,9.1876,-0.028,0.0612,9.8063,-0.0045,-0.0114,-0.0494,-12.81,-32.87,25.5,324.31,-86.17,173.47
52.41865,-1.541947,151.23,12.06,2,152.24,22 / 22,3027129,2019-09-06 19:06:33:811,-1.6537,1.7156,10.4923,-0.0204,0.0373,9.8065,0.0892,0.0703,-0.0265,-13.06,-34,25.63,324.78,-86.31,173.89
52.41865,-1.541947,151.23,12.06,2,152.24,22 / 22,3027228,2019-09-06 19:06:33:910,0.0569,1.6396,9.8016,0.0308,-0.0304,9.8065,-0.0197,0.0332,-0.0457,-13.06,-34.06,25.13,319.73,-85.99,170.41
52.41865,-1.541947,151.23,12.06,2,152.24,22 / 22,3027329,2019-09-06 19:06:34:011,-0.2508,0.9723,10.1233,0.036,-0.0511,9.8064,-0.0153,-0.0146,-0.0322,-12.75,-33.25,26.13,320.74,-85.64,170.52
52.41865,-1.541947,151.23,12.06,2,152.24,20 / 20,3027428,2019-09-06 19:06:34:110,-0.3425,1.4372,9.4824,0.0023,-0.0053,9.8066,0.0449,0.0114,0.0173,-13,-33.31,26.13,319.73,-85.5,169.68
52.41865,-1.541947,151.23,12.06,2,152.24,20 / 20,3027529,2019-09-06 19:06:34:211,-0.279,0.6673,9.8162,0.0017,0.0077,9.8066,-0.0309,-0.0091,-0.0092,-13.37,-32.37,26.25,319.9,-85.37,169.84
52.41865,-1.541947,151.23,12.06,2,152.24,20 / 20,3027628,2019-09-06 19:06:34:310,-1.1104,1.8484,10.1194,-0.0039,0.0211,9.8066,0.0463,0.0456,-0.012,-12.94,-33.25,26.56,319.33,-85.52,168.35
52.41865,-1.541947,151.23,12.06,2,152.24,20 / 20,3027729,2019-09-06 19:06:34:411,-0.433,0.5706,9.8877,-0.0043,-0.0006,9.8066,-0.0313,0.0067,-0.0565,-12.56,-33.81,25.81,317.58,-85.5,167.79
52.41865,-1.541947,151.23,12.06,2,152.24,20 / 20,3027828,2019-09-06 19:06:34:510,-0.1917,1.3269,9.3386,0.0088,-0.0029,9.8066,0.0615,0.0365,0.0042,-13.06,-33.25,26.06,316.99,-85.51,167.12
52.41865,-1.541947,151.23,12.06,2,152.24,20 / 20,3027928,2019-09-06 19:06:34:610,-1.2573,0.6489,9.3628,0.0045,-0.0032,9.8066,0.0193,-0.0273,0.0198,-12.5,-33.5,25.69,318.83,-85.5,167.11
52.41865,-1.541947,151.23,12.06,2,152.24,20 / 20,3028028,2019-09-06 19:06:34:710,-0.48,0.9019,9.3792,0.0208,0.0309,9.8065,-0.0621,0.0742,-0.0868,-12.25,-33.31,25.13,316.04,-85.52,165.48
52.41865,-1.541947,151.23,12.06,2,152.24,20 / 20,3028128,2019-09-06 19:06:34:810,0.2752,2.0179,10.5326,0.0144,0.0222,9.8066,-0.0404,0.1103,-0.0735,-11.94,-33.56,25.5,308.39,-85.63,157.32
52.41865,-1.541947,151.23,12.06,2,152.24,20 / 20,3028229,2019-09-06 19:06:34:911,0.0546,2.2172,10.3911,0.0185,0.0183,9.8065,-0.0435,0.0748,-0.0359,-12.56,-33.81,25.19,298.74,-85.69,150.85
52.41865,-1.541947,151.23,12.06,2,152.24,20 / 20,3028328,2019-09-06 19:06:35:010,-0.0753,1.8805,9.8544,0.0168,0.0058,9.8066,-0.0537,0.1064,-0.0195,-12.69,-34.25,25.06,295.6,-85.68,147.85
52.41865,-1.541947,151.23,12.06,2,152.24,21 / 21,3028429,2019-09-06 19:06:35:111,-0.0825,1.6468,9.6524,0.0132,0.0183,9.8066,0.078,0.1284,-0.0792,-12.94,-34.06,25.5,293.75,-85.53,145.18
52.41865,-1.541947,151.23,12.06,2,152.24,21 / 21,3028528,2019-09-06 19:06:35:210,0.2849,1.7505,9.5867,0.022,0.0177,9.8066,0.0907,0.1473,-0.0584,-12.69,-33.81,24.94,289.97,-85.22,142.95
52.41865,-1.541947,151.23,12.06,2,152.24,21 / 21,3028629,2019-09-06 19:06:35:311,0.4904,1.6867,9.9268,0.0301,-0.0137,9.8066,-0.0148,0.1599,-0.0609,-13.19,-33.81,25.31,288.44,-84.93,141.81
52.41865,-1.541947,151.23,12.06,2,152.24,21 / 21,3028728,2019-09-06 19:06:35:410,-0.3677,1.844,10.4349,0.0276,-0.0096,9.8066,-0.0402,0.1522,-0.0511,-13.75,-34.44,24.69,285.36,-84.56,140.94
52.41865,-1.541947,151.23,12.06,2,152.24,21 / 21,3028828,2019-09-06 19:06:35:510,-0.6815,1.6858,10.5061,0.0202,-0.0016,9.8066,-0.0046,0.1412,-0.0409,-13.37,-33.56,24.63,285.21,-84.29,139.45
52.41865,-1.541947,151.23,12.06,2,152.24,21 / 21,3028928,2019-09-06 19:06:35:610,0.0946,1.9313,9.712,0.0097,0.007,9.8065,0.0587,0.1526,-0.0427,-13.31,-34.37,25.44,284.43,-84.09,138.92
52.41865,-1.541947,151.23,12.06,2,152.24,21 / 21,3029028,2019-09-06 19:06:35:710,0.1428,2.1468,9.8151,0.0208,-0.0034,9.8066,-0.0066,0.2061,-0.0714,-13.25,-34.06,25.06,283.4,-83.88,138.17
52.41865,-1.541947,151.23,12.06,2,152.24,21 / 21,3029129,2019-09-06 19:06:35:811,-0.4141,1.8973,9.8333,0.0164,-0.0113,9.8066,0.0294,0.206,-0.0235,-13.87,-34.62,24.63,281.88,-83.55,138.97
52.41865,-1.541947,151.23,12.06,2,152.24,21 / 21,3029230,2019-09-06 19:06:35:912,0.1444,1.3767,9.5114,0.0148,0.0007,9.8066,0.0004,0.2046,-0.0446,-14.69,-34.37,24.69,279.87,-83.23,138.74
52.41865,-1.541947,151.23,12.06,2,152.24,21 / 21,3029329,2019-09-06 19:06:36:011,-0.0667,1.3795,9.8064,0.008,-0.0169,9.8066,0.0493,0.2064,0.0168,-14.75,-33.37,25,281.08,-83.09,139.86
52.41802,-1.54136,151.27,3.83,2,134.33,20 / 20,3029428,2019-09-06 19:06:36:110,-0.09,0.754,9.4208,-0.0001,-0.0038,9.8066,0.0272,0.2048,-0.0117,-13.87,-33.75,24.75,283.59,-83.05,141.02
52.41802,-1.54136,151.27,3.83,2,134.33,20 / 20,3029529,2019-09-06 19:06:36:211,-0.2171,1.3705,9.3208,0.0212,0.0286,9.8065,-0.0223,0.2021,-0.0665,-13.69,-34,25,281.97,-82.94,139.57
52.41802,-1.54136,151.27,3.83,2,134.33,20 / 20,3029629,2019-09-06 19:06:36:311,-0.49,1.8231,9.4229,-0.0084,0.0363,9.8065,-0.0297,0.2395,-0.1212,-14.94,-34.12,24.31,275.23,-82.94,135.8
52.41802,-1.54136,151.27,3.83,2,134.33,20 / 20,3029728,2019-09-06 19:06:36:410,-1.1216,2.4077,9.871,-0.0168,0.0469,9.8065,-0.0265,0.1559,0.022,-14.37,-34.12,23.56,273.74,-82.96,132.7
52.41802,-1.54136,151.27,3.83,2,134.33,20 / 20,3029829,2019-09-06 19:06:36:511,-1.392,2.0657,10.935,0.0039,-0.0071,9.8066,-0.0167,0.1983,-0.0256,-15.87,-33.44,22.81,269.04,-83.06,132.09
52.41802,-1.54136,151.27,3.83,2,134.33,20 / 20,3029928,2019-09-06 19:06:36:610,-1.5697,1.7288,10.2065,0.0048,-0.0065,9.8066,0.0026,0.16,0.0364,-15.5,-33.69,23.19,270.35,-83.09,132.1
52.41802,-1.54136,151.27,3.83,2,134.33,20 / 20,3030029,2019-09-06 19:06:36:711,-0.9568,1.1101,9.731,0.0075,-0.0224,9.8065,-0.0275,0.1825,0.0024,-15.25,-33.19,22.56,271.58,-83.12,133.03
52.41802,-1.54136,151.27,3.83,2,134.33,20 / 20,3030128,2019-09-06 19:06:36:810,-0.9414,1.813,9.5782,0.0011,-0.0119,9.8066,-0.0286,0.1744,0.0295,-15.31,-33.31,22.06,271.81,-83.1,134.74
52.41802,-1.54136,151.27,3.83,2,134.33,20 / 20,3030228,2019-09-06 19:06:36:910,-1.8607,1.3951,9.7349,-0.0077,-0.0118,9.8066,-0.0178,0.1308,0.0166,-15.94,-33.5,22.13,271.79,-83.26,136.07
52.41802,-1.54136,151.27,3.83,2,134.33,20 / 20,3030328,2019-09-06 19:06:37:010,-2.482,1.3599,9.8869,0.0024,-0.0118,9.8066,0.0014,0.1207,0.0165,-15.87,-34.44,21.94,272.2,-83.33,136.64
52.41802,-1.54136,151.27,3.83,2,134.33,21 / 21,3030428,2019-09-06 19:06:37:110,-1.987,1.3975,9.7422,0.0105,-0.0004,9.8066,0.0222,0.1266,-0.0324,-17,-33.62,21.75,271.17,-83.2,137.26
52.41802,-1.54136,151.27,3.83,2,134.33,21 / 21,3030528,2019-09-06 19:06:37:210,-1.7538,1.3973,9.6375,0.0236,-0.0076,9.8066,0.0108,0.104,-0.0325,-16.62,-33.62,21.38,269.68,-82.97,137.59
52.41802,-1.54136,151.27,3.83,2,134.33,21 / 21,3030628,2019-09-06 19:06:37:310,-1.9235,1.5329,9.724,-0.0034,0.0042,9.8066,0.0127,0.0565,0.0182,-16.94,-33.44,21.75,271.72,-82.84,138
52.41802,-1.54136,151.27,3.83,2,134.33,21 / 21,3030728,2019-09-06 19:06:37:410,-1.4611,0.994,10.105,-0.0061,0.0081,9.8066,0.035,0.0612,-0.0122,-17.06,-33.81,21.38,269.76,-82.83,137.85
52.41802,-1.54136,151.27,3.83,2,134.33,21 / 21,3030828,2019-09-06 19:06:37:510,-1.1428,0.5775,9.9221,0.0168,-0.0123,9.8065,0.0353,0.0456,-0.013,-16.75,-34,21.94,271.91,-82.67,138.66
52.41802,-1.54136,151.27,3.83,2,134.33,21 / 21,3030929,2019-09-06 19:06:37:611,-0.9886,0.3936,9.7858,0.0113,-0.0093,9.8066,0.0239,0.0175,0.0099,-16.69,-33.44,21.31,271.03,-82.6,139.15
52.41802,-1.54136,151.27,3.83,2,134.33,21 / 21,3031028,2019-09-06 19:06:37:710,-0.6811,0.3491,9.7486,0.0006,0.0052,9.8066,-0.0064,0.0135,0.0009,-16.75,-33.69,22.06,272.23,-82.53,139.16
52.41802,-1.54136,151.27,3.83,2,134.33,21 / 21,3031129,2019-09-06 19:06:37:811,-0.6768,0.3816,9.8456,0.0007,0.0065,9.8066,0.023,0.016,-0.0033,-16.75,-33.44,21.75,272.14,-82.48,138.87
52.41802,-1.54136,151.27,3.83,2,134.33,21 / 21,3031229,2019-09-06 19:06:37:911,-0.653,0.278,9.8639,-0.002,0.004,9.8066,0.0036,-0.0011,0.0092,-16.25,-33.44,21.88,273.26,-82.47,138.53
52.41802,-1.54136,151.27,3.83,2,134.33,21 / 21,3031329,2019-09-06 19:06:38:011,-0.5953,0.1541,9.8342,-0.0028,0.0037,9.8066,0.0047,-0.0079,0.0106,-16.69,-33.31,21.56,271.4,-82.51,138.08
52.41802,-1.54136,151.27,3.83,2,134.33,21 / 21,3031429,2019-09-06 19:06:38:111,-0.1942,-0.1282,9.9721,0.004,0.0029,9.8066,0.0291,0.0028,-0.0041,-17,-33.12,21.56,270.91,-82.51,137.59
52.41802,-1.54136,151.27,3.83,2,134.33,21 / 21,3031529,2019-09-06 19:06:38:211,0.2786,-0.5465,9.8354,0.0053,0.006,9.8066,0.0126,-0.0093,-0.0151,-16.69,-33.37,21.88,270.27,-82.46,137.01
52.41802,-1.54136,151.27,3.83,2,134.33,21 / 21,3031629,2019-09-06 19:06:38:311,0.3272,-0.5811,9.8534,0.005,-0.0013,9.8066,0.0288,-0.0178,0.0107,-17.06,-33.81,21.5,269.92,-82.36,137.06
52.41802,-1.54136,151.27,3.83,2,134.33,21 / 21,3031729,2019-09-06 19:06:38:411,0.3173,-0.4506,9.603,0.0034,0.003,9.8066,0.0021,-0.0028,0.0076,-16.94,-33.5,21.88,269.8,-82.34,136.68
52.41802,-1.54136,151.27,3.83,2,134.33,21 / 21,3031829,2019-09-06 19:06:38:511,0.2458,-0.4461,9.8074,-0.0047,0.0093,9.8066,-0.0111,0.0038,-0.0019,-17,-33.37,21.69,269.15,-82.35,136.01
52.41802,-1.54136,151.27,3.83,2,134.33,21 / 21,3031929,2019-09-06 19:06:38:611,-0.0949,-0.3033,9.7047,-0.0047,0.0099,9.8066,-0.0203,-0.0239,0.0033,-17.44,-33.62,22.19,268.04,-82.39,135.12
52.41802,-1.54136,151.27,3.83,2,134.33,21 / 21,3032029,2019-09-06 19:06:38:711,-0.3502,-0.0569,9.8577,-0.0005,0.0013,9.8066,0.0019,-0.0081,0.0021,-16.56,-33.12,22.06,267.69,-82.47,134.37
52.41802,-1.54136,151.27,3.83,2,134.33,21 / 21,3032129,2019-09-06 19:06:38:811,-0.0659,-0.1913,9.8218,-0.0012,0.0064,9.8065,0.0042,-0.0091,0.0093,-16.44,-33.81,22.13,268.19,-82.5,133.67
52.41802,-1.54136,151.27,3.83,2,134.33,21 / 21,3032228,2019-09-06 19:06:38:910,0.0799,-0.4168,9.7559,-0.0017,0.0073,9.8066,0.0105,-0.0001,0.0076,-16.69,-33.37,21.63,266.22,-82.52,132.83
52.41802,-1.54136,151.27,3.83,2,134.33,21 / 21,3032329,2019-09-06 19:06:39:011,-0.1522,-0.2485,9.8654,-0.0023,0.0066,9.8066,-0.0083,-0.0267,-0.0015,-17.12,-33.25,21.81,265.61,-82.53,132.19
52.41802,-1.54136,151.27,3.83,2,134.33,21 / 21,3032428,2019-09-06 19:06:39:110,0.2437,-0.5037,9.9004,-0.0006,0.0049,9.8065,-0.0068,0.0017,0.0038,-16.81,-33.25,22.13,265.1,-82.56,131.64
52.41802,-1.54136,151.27,3.83,2,134.33,21 / 21,3032531,2019-09-06 19:06:39:213,0.1896,-0.4888,9.859,-0.0035,0.0068,9.8066,0.0031,0.0016,0.0024,-16.94,-32.81,22.13,264.42,-82.57,130.92
52.41802,-1.54136,151.27,3.83,2,134.33,21 / 21,3032628,2019-09-06 19:06:39:310,0.8856,-1.0421,9.9155,-0.0014,0.0034,9.8065,0.0158,-0.002,0.0102,-16.25,-33.62,22.69,266.54,-82.58,130.41
52.41802,-1.54136,151.27,3.83,2,134.33,21 / 21,3032729,2019-09-06 19:06:39:411,0.2138,-0.5587,9.8583,-0.0065,0.0096,9.8065,0.0627,0.0076,0.0005,-16.75,-33.5,22.56,264.88,-82.59,129.91
52.41802,-1.54136,151.27,3.83,2,134.33,21 / 21,3032829,2019-09-06 19:06:39:511,0.4356,-0.685,9.8259,-0.0043,0.007,9.8065,0.0179,0.0029,0.0105,-16.44,-33,22.69,266.3,-82.54,129.94
52.41802,-1.54136,151.27,3.83,2,134.33,21 / 21,3032929,2019-09-06 19:06:39:611,0.8692,-0.9686,9.8565,0.0017,0.0038,9.8066,0.0344,0.0212,-0.0125,-16.56,-33.31,22,263.38,-82.48,129.98
52.41802,-1.54136,151.27,3.83,2,134.33,21 / 21,3033029,2019-09-06 19:06:39:711,1.2293,-1.3471,9.8672,0.0117,-0.0084,9.8066,0.0427,0.0129,-0.0075,-16.37,-32.94,23.44,266.5,-82.41,130.3
52.41802,-1.54136,151.27,3.83,2,134.33,21 / 21,3033128,2019-09-06 19:06:39:810,1.6686,-1.5279,9.9015,0.0083,-0.0048,9.8066,-0.0196,0.0427,-0.0114,-17.62,-32.69,22.75,263.75,-82.34,130.43
52.41802,-1.54136,151.27,3.83,2,134.33,21 / 21,3033228,2019-09-06 19:06:39:910,1.6951,-1.9219,9.8647,0.0015,-0.0067,9.8066,0.0022,0.0586,0.0212,-17.25,-33.12,23,265.65,-82.32,131.01
52.41802,-1.54136,151.27,3.83,2,134.33,21 / 21,3033329,2019-09-06 19:06:40:011,0.8469,-0.8223,9.8177,-0.0002,0.0018,9.8066,0.0336,0.0761,0.0168,-17.25,-33.12,22.56,265.7,-82.29,131.09
52.41802,-1.54136,151.27,3.83,2,134.33,20 / 20,3033428,2019-09-06 19:06:40:110,0.7569,-0.9529,9.8364,0.0089,-0.0056,9.8066,0.0519,0.0766,-0.0042,-18.06,-32.69,23,264.96,-82.19,131.84
52.41802,-1.54136,151.27,3.83,2,134.33,20 / 20,3033529,2019-09-06 19:06:40:211,1.5677,-1.0522,9.9067,0.0036,0.001,9.8066,0.0135,0.106,-0.0252,-17.44,-32.62,23.31,266.38,-82.12,131.98
52.41802,-1.54136,151.27,3.83,2,134.33,20 / 20,3033628,2019-09-06 19:06:40:310,1.4865,-1.0271,10.0248,0.0098,-0.01,9.8066,0.0401,0.1493,0.0135,-17.12,-32.94,22.94,266.99,-82.05,132.69
52.41802,-1.54136,151.27,3.83,2,134.33,20 / 20,3033729,2019-09-06 19:06:40:411,1.5153,-0.9997,9.9842,0.0036,-0.0004,9.8066,0.0037,0.1259,-0.0041,-17.06,-33.56,22,265.7,-81.96,133.27
52.41802,-1.54136,151.27,3.83,2,134.33,20 / 20,3033829,2019-09-06 19:06:40:511,1.5384,-1.1577,9.8816,0.0062,-0.0109,9.8066,-0.0067,0.1642,-0.0212,-17.37,-32.81,21.44,265.14,-81.88,134.08
52.41802,-1.54136,151.27,3.83,2,134.33,20 / 20,3033929,2019-09-06 19:06:40:611,1.098,-1.1948,9.6539,0.007,-0.0081,9.8065,0.0136,0.1866,0.0014,-18,-33.12,21.31,264.28,-81.87,134.58
52.41802,-1.54136,151.27,3.83,2,134.33,20 / 20,3034028,2019-09-06 19:06:40:710,0.7661,-0.5965,9.6695,0.0107,0.0016,9.8066,-0.0277,0.207,-0.0331,-18.06,-33.31,21.38,264.35,-81.74,134.82
52.41802,-1.54136,151.27,3.83,2,134.33,20 / 20,3034129,2019-09-06 19:06:40:811,0.4849,-0.0502,10.0669,0.0132,-0.0036,9.8066,0.0409,0.2011,-0.0119,-18.37,-33.81,20.56,264.06,-81.6,134.99
52.41802,-1.54136,151.27,3.83,2,134.33,20 / 20,3034229,2019-09-06 19:06:40:911,1.3701,-0.594,10.0291,0.0117,-0.0012,9.8066,0.0338,0.2262,-0.0342,-18.69,-33.87,20.69,263.1,-81.5,135.41
52.41802,-1.54136,151.27,3.83,2,134.33,20 / 20,3034329,2019-09-06 19:06:41:011,1.2523,-0.1446,10.0227,0.001,-0.0074,9.8066,-0.0011,0.2046,0.0284,-18.94,-33.81,20.25,262.11,-81.35,136.24
52.41802,-1.54136,151.27,3.83,2,134.33,20 / 20,3034430,2019-09-06 19:06:41:112,0.9057,-0.6237,10.091,-0.0018,-0.018,9.8065,0.0385,0.2699,0.0204,-18.87,-33.81,20.06,264.08,-81.39,138.24
52.41802,-1.54136,151.27,3.83,2,134.33,20 / 20,3034529,2019-09-06 19:06:41:211,1.2207,-0.3612,10.1371,0.0081,-0.0129,9.8066,-0.0045,0.2207,0.0395,-18.87,-34.31,19.06,263.36,-81.33,139.34
52.41802,-1.54136,151.27,3.83,2,134.33,20 / 20,3034629,2019-09-06 19:06:41:311,1.1454,-0.7052,9.8064,-0.007,0.0055,9.8066,0.0743,0.2648,-0.0831,-19.75,-33.62,19.5,264.92,-81.28,140.44
52.41802,-1.54136,151.27,3.83,2,134.33,20 / 20,3034730,2019-09-06 19:06:41:412,1.7213,-0.732,9.464,-0.0051,0.012,9.8066,0.0437,0.2495,-0.0264,-19.5,-33.81,18.94,263.9,-81.19,140.08
52.41802,-1.54136,151.27,3.83,2,134.33,20 / 20,3034829,2019-09-06 19:06:41:511,1.3626,-0.1964,9.9333,0.0158,-0.0123,9.8066,-0.0518,0.2581,0.0045,-20,-34,18.19,261.68,-81.06,140.93
52.41802,-1.54136,151.27,3.83,2,134.33,20 / 20,3034929,2019-09-06 19:06:41:611,1.2773,-0.2098,9.8931,0.0241,-0.019,9.8065,0.0129,0.2426,-0.0386,-19.69,-33.56,18.06,262.14,-81.01,141.48
52.41802,-1.54136,151.27,3.83,2,134.33,20 / 20,3035029,2019-09-06 19:06:41:711,0.2213,-0.1791,9.814,-0.0124,-0.0105,9.8066,0.0354,0.2411,-0.0143,-20.25,-34.06,17.94,263.34,-81.03,142.69
52.41802,-1.54136,151.27,3.83,2,134.33,20 / 20,3035128,2019-09-06 19:06:41:810,1.1356,-0.4971,9.9293,-0.0034,-0.0049,9.8066,0.0118,0.2837,-0.0146,-20.94,-34,17.38,261.5,-80.95,143.83
52.41802,-1.54136,151.27,3.83,2,134.33,20 / 20,3035228,2019-09-06 19:06:41:910,1.9058,-0.5838,10.1603,0.0215,-0.0161,9.8066,-0.0064,0.3079,-0.0323,-20.81,-34.44,17.44,262.28,-80.76,144.88
52.41802,-1.54136,151.27,3.83,2,134.33,20 / 20,3035329,2019-09-06 19:06:42:011,1.0439,-0.245,9.6189,0.0316,-0.0125,9.8066,-0.0439,0.2727,-0.0128,-20.69,-34.31,16,261.48,-80.44,146.44
52.41802,-1.54136,151.27,3.83,2,134.33,21 / 21,3035428,2019-09-06 19:06:42:110,0.9537,0.2657,9.6542,0.0184,-0.0039,9.8066,-0.0394,0.2749,-0.0406,-21.12,-34.12,15.94,261.95,-80.38,147.01
52.41802,-1.54136,151.27,3.83,2,134.33,21 / 21,3035528,2019-09-06 19:06:42:210,1.1313,0.0612,9.4608,0.0166,-0.0158,9.8066,-0.0173,0.2828,0.0019,-21.75,-33.31,15.38,260.3,-80.21,148.04
52.41802,-1.54136,151.27,3.83,2,134.33,21 / 21,3035629,2019-09-06 19:06:42:311,1.9923,-0.5397,10.7611,0.0159,-0.0193,9.8066,0.0016,0.1987,0.0127,-21.69,-34.12,15.88,262.83,-80.27,148.98
52.41802,-1.54136,151.27,3.83,2,134.33,21 / 21,3035729,2019-09-06 19:06:42:411,1.715,-1.5734,10.0667,0.0063,-0.0136,9.8066,-0.0168,0.2039,0.0368,-21.5,-34.37,14.81,263.24,-80.22,150.63
52.41802,-1.54136,151.27,3.83,2,134.33,21 / 21,3035828,2019-09-06 19:06:42:510,1.6723,-0.3501,10.0755,-0.0065,-0.0174,9.8066,-0.0383,0.3679,-0.0459,-21.62,-35.12,13.88,260.72,-80.38,151.1
52.41802,-1.54136,151.27,3.83,2,134.33,21 / 21,3035929,2019-09-06 19:06:42:611,0.9643,0.8087,9.6862,0.0039,0.0066,9.8066,-0.0423,0.3449,-0.0832,-20.75,-34.62,12.56,259.09,-80.36,150.84
52.41802,-1.54136,151.27,3.83,2,134.33,21 / 21,3036029,2019-09-06 19:06:42:711,0.9334,-0.3832,9.8543,0.0128,-0.0121,9.8066,-0.0043,0.2777,-0.0628,-21.81,-34.62,12.38,256.21,-80.22,150.91
52.41802,-1.54136,151.27,3.83,2,134.33,21 / 21,3036129,2019-09-06 19:06:42:811,1.1654,-0.3454,10.5546,0.0033,-0.0084,9.8065,0.0325,0.258,-0.0312,-21.44,-33.81,11.63,257.67,-80.21,151.45
52.41802,-1.54136,151.27,3.83,2,134.33,21 / 21,3036229,2019-09-06 19:06:42:911,1.5519,0.0811,10.1891,0.005,-0.0073,9.8066,-0.065,0.2508,0.0201,-21.5,-34.37,11.56,257.94,-80.12,151.86
52.41802,-1.54136,151.27,3.83,2,134.33,21 / 21,3036329,2019-09-06 19:06:43:011,1.0472,-0.8365,9.848,0.0091,-0.007,9.8066,-0.0024,0.2354,-0.0056,-21.44,-34.62,10.75,256.33,-80.13,152.92
52.41802,-1.54136,151.27,3.83,2,134.33,20 / 20,3036429,2019-09-06 19:06:43:111,1.0679,0.1583,9.6258,0.0068,-0.0067,9.8066,-0.0105,0.2373,-0.0543,-21.75,-34.37,10.06,254.25,-80.12,153.21
52.41802,-1.54136,151.27,3.83,2,134.33,20 / 20,3036529,2019-09-06 19:06:43:211,0.5965,-0.3126,9.8721,0.0042,-0.0028,9.8066,0.0024,0.2207,-0.0145,-22.06,-34.12,9.94,254.58,-79.98,153.77
52.41802,-1.54136,151.27,3.83,2,134.33,20 / 20,3036629,2019-09-06 19:06:43:311,0.0744,-0.0412,9.9367,0.015,0.0026,9.8066,0.04,0.2227,-0.0397,-20.81,-34.06,10.13,255.05,-79.71,154.2
52.41802,-1.54136,151.27,3.83,2,134.33,20 / 20,3036729,2019-09-06 19:06:43:411,0.8862,0.4143,9.768,0.016,0.0014,9.8066,0.0814,0.2356,-0.0347,-20.69,-35.56,9.69,254.12,-79.54,154.33
52.41802,-1.54136,151.27,3.83,2,134.33,20 / 20,3036829,2019-09-06 19:06:43:511,0.657,-0.199,10.4165,0.0191,-0.0268,9.8065,0.0311,0.1552,0.0087,-21.25,-34.69,8.56,252.79,-79.43,155.13
52.41802,-1.54136,151.27,3.83,2,134.33,20 / 20,3036929,2019-09-06 19:06:43:611,2.5499,-0.5506,9.6573,0.0196,0.0019,9.8065,-0.0112,0.2268,-0.0938,-21.06,-34.69,8.38,251.69,-79.32,156.7
52.41802,-1.54136,151.27,3.83,2,134.33,20 / 20,3037028,2019-09-06 19:06:43:710,0.1565,0.6274,10.072,-0.0151,-0.0079,9.8066,0.1037,0.1151,0.0527,-21,-34.5,8.56,254.38,-79.3,156.61
52.41802,-1.54136,151.27,3.83,2,134.33,20 / 20,3037129,2019-09-06 19:06:43:811,0.0918,-0.3431,10.2005,-0.0254,-0.0043,9.8065,0.0571,0.2586,-0.1296,-20.87,-35.06,8.44,252.17,-79.25,157.34
52.41802,-1.54136,151.27,3.83,2,134.33,20 / 20,3037229,2019-09-06 19:06:43:911,1.8272,0.5126,10.4676,0.0219,0.0056,9.8066,-0.0916,0.2117,0.0073,-20.62,-34.87,7.5,251.37,-79.06,156.74
52.41802,-1.54136,151.27,3.83,2,134.33,20 / 20,3037329,2019-09-06 19:06:44:011,0.1817,1.2971,9.7905,-0.0005,-0.002,9.8066,-0.0585,0.2087,-0.0416,-21.12,-35.31,7.25,248.93,-79.16,156.52
52.41802,-1.54136,151.27,3.83,2,134.33,21 / 22,3037430,2019-09-06 19:06:44:112,-0.1094,-0.1746,9.2823,0.0092,-0.0022,9.8066,-0.0303,0.24,0.0002,-20.31,-35.12,7.31,249.65,-79.2,157.17
52.41802,-1.54136,151.27,3.83,2,134.33,21 / 22,3037528,2019-09-06 19:06:44:210,1.1014,0.8153,9.6671,0.0317,-0.015,9.8066,-0.0408,0.226,0.0079,-20.37,-35.37,6.38,247.72,-78.93,158.25
52.41802,-1.54136,151.27,3.83,2,134.33,21 / 22,3037628,2019-09-06 19:06:44:310,1.1426,1.209,10.4961,-0.0161,-0.0001,9.8066,0.1797,0.2273,-0.0648,-20.94,-35.56,6.06,248.02,-78.83,159.2
52.41802,-1.54136,151.27,3.83,2,134.33,21 / 22,3037730,2019-09-06 19:06:44:412,0.966,0.7565,10.6902,-0.0154,-0.014,9.8065,0.1243,0.2472,0.0368,-20.37,-35.5,6.13,248.94,-78.72,159.99
52.41802,-1.54136,151.27,3.83,2,134.33,21 / 22,3037829,2019-09-06 19:06:44:511,1.1366,-0.3632,10.0223,0.0362,-0.0225,9.8065,-0.086,0.2475,-0.0752,-21,-34.94,5.31,248.12,-78.62,161.91
52.41802,-1.54136,151.27,3.83,2,134.33,21 / 22,3037929,2019-09-06 19:06:44:611,1.1657,-0.4918,10.3021,0.0324,-0.0074,9.8066,-0.0464,0.19,-0.0037,-21,-34.5,4.81,249.24,-78.57,162.74
52.41802,-1.54136,151.27,3.83,2,134.33,21 / 22,3038029,2019-09-06 19:06:44:711,0.7886,-0.4234,9.8951,-0.0039,0.0003,9.8066,0.0944,0.131,-0.0268,-20.37,-34.56,5.13,248.77,-78.45,163.15
52.41802,-1.54136,151.27,3.83,2,134.33,21 / 22,3038128,2019-09-06 19:06:44:810,0.2594,0.7205,9.9335,0.0079,0.0088,9.8066,0.0804,0.203,-0.0902,-20.06,-34.75,4.94,248.55,-78.25,163.22
52.41802,-1.54136,151.27,3.83,2,134.33,21 / 22,3038229,2019-09-06 19:06:44:911,1.9986,0.3562,9.9219,0.0123,0.0092,9.8066,-0.061,0.1505,-0.0125,-20.06,-34.75,4.38,245.59,-78.02,163.09
52.41802,-1.54136,151.27,3.83,2,134.33,21 / 22,3038328,2019-09-06 19:06:45:010,0.4584,1.2134,9.7285,0.014,-0.0001,9.8065,-0.0538,0.195,0.0155,-20.62,-34.5,3.56,246.31,-77.92,163.15
52.418034,-1.541087,151.59,5.76,2,55.1,21 / 22,3038429,2019-09-06 19:06:45:111,1.0856,0.0192,9.7096,0.0091,-0.0306,9.8066,-0.0021,0.1328,0.0409,-20.5,-34.31,4.06,247.18,-78.03,164.36
52.418034,-1.541087,151.59,5.76,2,55.1,21 / 22,3038528,2019-09-06 19:06:45:210,1.416,0.688,9.4031,-0.0084,-0.0089,9.8066,-0.0126,0.1297,-0.052,-20.25,-34.81,3,244.96,-78.13,165.12
52.418034,-1.541087,151.59,5.76,2,55.1,21 / 22,3038629,2019-09-06 19:06:45:311,0.2249,0.2993,9.717,0.0026,-0.0049,9.8066,-0.1435,0.1097,-0.0286,-21.69,-34.69,3.06,246.21,-78.24,165.41
52.418034,-1.541087,151.59,5.76,2,55.1,21 / 22,3038728,2019-09-06 19:06:45:410,0.0071,0.1485,10.4785,-0.0252,-0.0213,9.8066,0.0392,-0.0123,0.0211,-20.19,-34.5,2.94,246.81,-78.69,165.8
52.418034,-1.541087,151.59,5.76,2,55.1,21 / 22,3038828,2019-09-06 19:06:45:510,0.325,-0.8349,10.3859,0.0023,-0.0125,9.8066,-0.0299,0.039,-0.0449,-20.69,-34.87,2.38,245.37,-78.71,166.96
52.418034,-1.541087,151.59,5.76,2,55.1,21 / 22,3038930,2019-09-06 19:06:45:612,2.0153,-1.7187,9.4325,-0.0159,-0.003,9.8066,-0.0614,0.1195,0.0538,-20.56,-35,2.5,247.8,-78.67,167.04
52.418034,-1.541087,151.59,5.76,2,55.1,21 / 22,3039029,2019-09-06 19:06:45:711,-1.4466,0.6542,9.0346,-0.026,-0.0123,9.8065,-0.0521,-0.0847,-0.0676,-20.25,-34.87,2.81,247.2,-78.62,166.93
52.418034,-1.541087,151.59,5.76,2,55.1,21 / 22,3039129,2019-09-06 19:06:45:811,1.4795,-2.2778,9.945,-0.0015,0.0297,9.8065,0.0697,-0.0994,0.0827,-21.06,-34.81,2.63,247.14,-78.41,166.69
52.418034,-1.541087,151.59,5.76,2,55.1,21 / 22,3039229,2019-09-06 19:06:45:911,0.533,-1.0799,10.108,-0.0055,-0.0069,9.8066,-0.0412,0.0308,0.0224,-21.31,-34.06,2.5,247.44,-78.44,166.46
52.418034,-1.541087,151.59,5.76,2,55.1,21 / 22,3039329,2019-09-06 19:06:46:011,1.3753,-0.053,10.2685,0.0142,0.01,9.8066,-0.0016,-0.0739,0.0073,-20.69,-34.12,3.69,249.35,-78.51,165.74
52.418034,-1.541087,151.59,5.76,2,55.1,22 / 22,3039429,2019-09-06 19:06:46:111,0.3041,-1.0564,10.4988,0.0074,0.0097,9.8066,0.026,-0.0011,-0.1101,-21.19,-34.44,3.81,249.15,-78.56,165.43
52.418034,-1.541087,151.59,5.76,2,55.1,22 / 22,3039529,2019-09-06 19:06:46:211,2.3143,-0.4217,10.0829,0,0.0165,9.8066,-0.0335,-0.0137,0.0539,-19.87,-34.12,3.81,247.89,-78.51,164.41
52.418034,-1.541087,151.59,5.76,2,55.1,22 / 22,3039628,2019-09-06 19:06:46:310,0.3836,-0.1114,9.8127,0.0093,0.0144,9.8065,0.0223,0.0153,-0.018,-19.37,-34.75,3.94,246.02,-78.35,163.46
52.418034,-1.541087,151.59,5.76,2,55.1,22 / 22,3039729,2019-09-06 19:06:46:411,0.1885,0.0657,9.5541,-0.0217,0.0238,9.8065,-0.0225,-0.0006,-0.0872,-18.75,-35.12,3.44,241.89,-78.14,161.99
52.418034,-1.541087,151.59,5.76,2,55.1,22 / 22,3039828,2019-09-06 19:06:46:510,0.5154,0.0727,10.4306,-0.0109,0.0108,9.8066,-0.0115,-0.0116,0.0064,-17.62,-34.75,3.44,240.6,-77.95,161.36
52.418034,-1.541087,151.59,5.76,2,55.1,22 / 22,3039928,2019-09-06 19:06:46:610,0.6264,0.0481,10.0868,-0.0176,0.0009,9.8066,0.0392,0.0164,-0.0159,-18.56,-34.56,2.75,240.6,-77.96,160.73
52.418034,-1.541087,151.59,5.76,2,55.1,22 / 22,3040029,2019-09-06 19:06:46:711,-0.7209,-1.658,10.5329,-0.0105,-0.0115,9.8066,-0.1238,-0.0469,-0.0527,-17.94,-34.94,2,237.74,-77.99,161.04
52.418034,-1.541087,151.59,5.76,2,55.1,22 / 22,3040128,2019-09-06 19:06:46:810,0.6463,-0.1069,10.2594,0.0247,0.03,9.8065,-0.0387,-0.0365,-0.0324,-19.06,-35.06,1.25,235.67,-77.81,161.05
52.418034,-1.541087,151.59,5.76,2,55.1,22 / 22,3040228,2019-09-06 19:06:46:910,0.3439,0.2453,9.4687,0.0099,0.0073,9.8066,0.0721,0.0252,-0.0126,-19.69,-34.87,2.19,237.77,-77.44,160.45
52.418034,-1.541087,151.59,5.76,2,55.1,22 / 22,3040328,2019-09-06 19:06:47:010,0.3435,-1.4286,10.2095,0.0477,-0.0002,9.8065,-0.1648,-0.0271,0.1141,-20.19,-34.94,1.63,238.22,-77.17,161.41
52.418034,-1.541087,151.59,5.76,2,55.1,21 / 21,3040429,2019-09-06 19:06:47:111,0.4889,0.3428,9.4183,0.018,-0.01,9.8066,0.0219,-0.0707,-0.0206,-20.25,-34.87,2.88,241.2,-77.31,161.92
52.418034,-1.541087,151.59,5.76,2,55.1,21 / 21,3040529,2019-09-06 19:06:47:211,0.4585,-0.3087,9.6845,-0.0221,-0.0042,9.8065,0.0588,0.0322,-0.0457,-20.5,-34.69,2.63,241.64,-77.57,162.04
52.418034,-1.541087,151.59,5.76,2,55.1,21 / 21,3040628,2019-09-06 19:06:47:310,0.1288,0.4945,9.2248,-0.011,0.0103,9.8066,-0.0168,0.0222,0.0142,-21.25,-34.81,3,241.47,-77.5,161.4
52.418034,-1.541087,151.59,5.76,2,55.1,21 / 21,3040729,2019-09-06 19:06:47:411,0.4484,0.1547,9.5232,0.0008,-0.011,9.8066,-0.0192,0.0475,0.0015,-20.81,-34.12,3.94,244.44,-77.53,161.54
52.418034,-1.541087,151.59,5.76,2,55.1,21 / 21,3040828,2019-09-06 19:06:47:510,1.1588,-1.2994,9.9134,0.0079,-0.0022,9.8066,-0.0284,-0.0371,0.0689,-20.31,-33.62,5.19,247.18,-77.56,162.17
52.418034,-1.541087,151.59,5.76,2,55.1,21 / 21,3040929,2019-09-06 19:06:47:611,-0.8719,-0.9653,10.2548,-0.0043,-0.01,9.8066,-0.031,-0.0174,0.0346,-19.19,-34,5.06,247.4,-77.64,162.59
52.418034,-1.541087,151.59,5.76,2,55.1,21 / 21,3041029,2019-09-06 19:06:47:711,-0.5966,0.8329,10.3152,-0.0059,-0.0033,9.8065,0.055,-0.1007,-0.0302,-18.06,-34.56,4.5,246.8,-77.65,162.85
52.418034,-1.541087,151.59,5.76,2,55.1,21 / 21,3041128,2019-09-06 19:06:47:810,2.2235,-2.0262,8.8856,0.0739,0.0041,9.8063,-0.1223,0.2596,-0.0139,-17.12,-35,3.56,243.98,-77.32,163.95
52.418034,-1.541087,151.59,5.76,2,55.1,21 / 21,3041229,2019-09-06 19:06:47:911,1.9395,-3.6825,11.1624,0.092,-0.01,9.8061,-0.2651,-0.1487,-0.0001,-17.62,-35.19,3.06,242.26,-77.41,164.38
52.418034,-1.541087,151.59,5.76,2,55.1,21 / 21,3041329,2019-09-06 19:06:48:011,-0.4542,1.0559,9.4251,-0.0023,-0.0117,9.8066,-0.1492,0.0384,-0.2657,-18.62,-35.81,2.69,243.79,-77.66,165.73
52.418034,-1.541087,151.59,5.76,2,55.1,21 / 22,3041428,2019-09-06 19:06:48:110,1.1847,1.3202,9.3971,0.0244,0.0255,9.8065,0.0129,0.1012,0.153,-18.62,-35.31,2.25,241.31,-77.69,165.14
52.418034,-1.541087,151.59,5.76,2,55.1,21 / 22,3041529,2019-09-06 19:06:48:211,0.2354,0.0154,9.4309,0.0164,-0.0258,9.8065,-0.1171,0.061,-0.0782,-19.12,-35.75,2.56,244.15,-77.6,166.28
52.418034,-1.541087,151.59,5.76,2,55.1,21 / 22,3041628,2019-09-06 19:06:48:310,-1.1491,-1.4463,9.7779,0.0348,-0.0078,9.8066,-0.0725,-0.0135,-0.085,-18.56,-35.87,2.5,244.84,-77.5,167.29
52.418034,-1.541087,151.59,5.76,2,55.1,21 / 22,3041728,2019-09-06 19:06:48:410,-0.6766,-0.5682,10.0819,-0.0071,-0.004,9.8065,-0.0291,0.0143,0.0147,-19.25,-35.81,2.5,245.03,-77.63,167.29
52.418034,-1.541087,151.59,5.76,2,55.1,21 / 22,3041828,2019-09-06 19:06:48:510,-0.7398,0.2234,9.4645,-0.0151,-0.0071,9.8066,-0.0704,0.0185,0.0022,-18.12,-35.94,2.31,241.98,-77.77,167.34
52.418034,-1.541087,151.59,5.76,2,55.1,21 / 22,3041929,2019-09-06 19:06:48:611,-0.5001,-1.4749,11.0021,0.0334,-0.0092,9.8065,-0.0741,0.0055,0.022,-19.37,-36.25,2.75,245.96,-77.99,167.75
52.418034,-1.541087,151.59,5.76,2,55.1,21 / 22,3042028,2019-09-06 19:06:48:710,0.2283,-0.7658,10.0792,-0.0067,-0.0047,9.8066,0.2479,0.0057,0.0246,-18.31,-35.75,3.13,246.03,-78.01,168.52
52.418034,-1.541087,151.59,5.76,2,55.1,21 / 22,3042128,2019-09-06 19:06:48:810,0.2023,0.1554,9.8503,0.0456,0.0132,9.8065,-0.1632,0.0353,0.0227,-20.12,-35.81,2.56,247.24,-77.64,169.23
52.418034,-1.541087,151.59,5.76,2,55.1,21 / 22,3042229,2019-09-06 19:06:48:911,-0.5723,-1.9971,9.517,0.0614,-0.0047,9.8064,0.0755,-0.0586,0.0761,-19.25,-35.37,2.31,244.99,-77.51,169.93
52.418034,-1.541087,151.59,5.76,2,55.1,21 / 22,3042329,2019-09-06 19:06:49:011,-1.0545,-0.1544,9.9514,-0.0225,-0.0066,9.8065,0.0776,0.066,-0.0006,-19.81,-35.81,2.88,248.83,-77.61,171.15
52.418034,-1.541087,151.59,5.76,2,55.1,21 / 21,3042429,2019-09-06 19:06:49:111,-0.6253,-0.4426,9.8622,0.0053,0.0013,9.8066,-0.0051,0.0211,0.0311,-19.5,-35.62,3.31,248.35,-77.53,171.45
52.418034,-1.541087,151.59,5.76,2,55.1,21 / 21,3042528,2019-09-06 19:06:49:210,0.584,0.4334,9.983,0.0073,0.0046,9.8066,-0.0054,0.0546,0.009,-19.81,-35.19,2.81,249.39,-77.49,171.4
52.418034,-1.541087,151.59,5.76,2,55.1,21 / 21,3042629,2019-09-06 19:06:49:311,-0.6228,-0.8309,9.3045,-0.0062,-0.0163,9.8066,-0.0184,0.0012,0.0539,-19.25,-35.12,3.19,249.61,-77.41,172.5
52.418034,-1.541087,151.59,5.76,2,55.1,21 / 21,3042729,2019-09-06 19:06:49:411,-0.9684,-0.8887,9.1741,-0.0128,-0.0039,9.8065,0.0585,-0.0194,-0.0054,-19.19,-34.81,2.69,249.65,-77.37,172.62
52.418034,-1.541087,151.59,5.76,2,55.1,21 / 21,3042829,2019-09-06 19:06:49:511,-1.1318,0.1765,9.3759,-0.0159,0.007,9.8066,-0.0696,0.006,-0.0054,-17.87,-34.5,2.94,249.48,-77.41,172.42
52.418034,-1.541087,151.59,5.76,2,55.1,21 / 21,3042928,2019-09-06 19:06:49:610,-0.796,-0.5781,9.4741,-0.0159,-0.0043,9.8065,-0.0409,0.0315,-0.0296,-17.19,-33.94,1.44,242.93,-77.68,171.74
52.418034,-1.541087,151.59,5.76,2,55.1,21 / 21,3043028,2019-09-06 19:06:49:710,-0.4958,-0.5594,10.1313,-0.0089,0.012,9.8066,-0.0427,0.0218,-0.047,-18,-33.94,0.63,243.35,-77.85,170.82
52.418034,-1.541087,151.59,5.76,2,55.1,21 / 21,3043128,2019-09-06 19:06:49:810,-1.5252,-1.2348,9.2771,0.0096,0.0137,9.8066,-0.0068,0.087,-0.065,-18.87,-34.12,0.63,243.73,-77.8,170.36
52.418034,-1.541087,151.59,5.76,2,55.1,21 / 21,3043229,2019-09-06 19:06:49:911,-1.331,-0.5327,9.5688,0.0139,0.003,9.8066,0.0394,0.0261,0.0159,-19.69,-34.81,0.81,243.83,-77.75,170.26
52.418034,-1.541087,151.59,5.76,2,55.1,21 / 21,3043329,2019-09-06 19:06:50:011,0.2824,-1.5117,10.1149,-0.0129,-0.0059,9.8066,0.0208,0.0049,0.0221,-19.44,-35.25,0.88,242.97,-77.84,170
52.418034,-1.541087,151.59,5.76,2,55.1,21 / 21,3043429,2019-09-06 19:06:50:111,-0.8345,0.1126,9.1209,0.0295,0.0077,9.8066,0.1664,0.0405,0.0179,-19.81,-35.62,0.88,243.07,-78.01,169.51
52.418034,-1.541087,151.59,5.76,2,55.1,21 / 21,3043528,2019-09-06 19:06:50:210,-0.3469,-0.1988,9.3034,-0.0008,-0.019,9.8065,-0.066,0.0314,0.0497,-19.25,-35.5,1.25,243.64,-78.09,170.39
52.418034,-1.541087,151.59,5.76,2,55.1,21 / 21,3043629,2019-09-06 19:06:50:311,-0.352,-1.9829,9.7009,0.0453,0.0157,9.8065,0.1115,0.0132,-0.0165,-20.12,-35.75,0.13,242.56,-78.21,171.45
52.418034,-1.541087,151.59,5.76,2,55.1,21 / 21,3043728,2019-09-06 19:06:50:410,-2.8378,-1.1714,9.541,0.0299,-0.0051,9.8065,0.0322,0.1637,-0.0059,-20.87,-35.94,0,243.71,-78.44,171.48
52.418034,-1.541087,151.59,5.76,2,55.1,21 / 21,3043829,2019-09-06 19:06:50:511,-1.7754,-0.7133,9.2416,-0.0324,-0.0263,9.8065,0.0182,-0.0391,0.0676,-22.5,-35.94,0.19,246.03,-78.68,172.98
52.418034,-1.541087,151.59,5.76,2,55.1,21 / 21,3043928,2019-09-06 19:06:50:610,-0.9483,-0.0328,10.4943,-0.0412,-0.0232,9.8065,0.1205,0.0547,-0.0831,-23.44,-35.69,1,249.52,-78.69,173.65
52.418034,-1.541087,151.59,5.76,2,55.1,21 / 21,3044028,2019-09-06 19:06:50:710,-0.4857,-1.4025,10.0773,0.0539,-0.0088,9.8065,0.1717,-0.0582,0.1107,-23.56,-35.19,1.56,252.68,-78.6,173.8
52.418034,-1.541087,151.59,5.76,2,55.1,21 / 21,3044128,2019-09-06 19:06:50:810,-0.1727,-0.4091,10.2159,0.0443,0.0039,9.8065,-0.1152,0.0291,-0.0205,-22.75,-35.87,2.44,252.6,-78.35,175.12
52.418034,-1.541087,151.59,5.76,2,55.1,21 / 21,3044228,2019-09-06 19:06:50:910,-1.6388,-1.369,10.1105,-0.0027,-0.0135,9.8066,-0.0414,-0.0344,0.0111,-21.87,-35.12,3.38,255.45,-78.4,175.63
52.418034,-1.541087,151.59,5.76,2,55.1,21 / 21,3044329,2019-09-06 19:06:51:011,-0.9,-0.1467,9.4879,0.0078,0.001,9.8065,0.0114,0.0796,-0.0106,-21.19,-34.69,2.88,254.97,-78.31,175.76
52.418034,-1.541087,151.59,5.76,2,55.1,21 / 21,3044429,2019-09-06 19:06:51:111,-0.1388,-1.3121,9.3856,-0.044,-0.0041,9.8065,-0.0085,-0.0506,0.0439,-20.44,-34.87,1.94,252.61,-78.56,176.19
52.418034,-1.541087,151.59,5.76,2,55.1,21 / 21,3044529,2019-09-06 19:06:51:211,-1.0428,0.1826,9.5997,-0.0637,-0.0269,9.8063,0.041,-0.053,0.0415,-19.37,-34.87,0.56,249.6,-78.81,176.12
52.418034,-1.541087,151.59,5.76,2,55.1,21 / 21,3044628,2019-09-06 19:06:51:310,-1.0192,-0.0892,10.0971,-0.0111,0.01,9.8066,-0.0353,0.0745,-0.0714,-19.69,-35.25,0,248.06,-78.84,176.29
52.418034,-1.541087,151.59,5.76,2,55.1,21 / 21,3044729,2019-09-06 19:06:51:411,-2.2786,-0.1868,9.7976,-0.0193,0.0038,9.8066,0.1443,-0.0178,-0.0408,-19.19,-34.75,0,246.67,-78.99,175.43
52.418034,-1.541087,151.59,5.76,2,55.1,21 / 21,3044829,2019-09-06 19:06:51:511,-1.2095,0.2311,10.1066,0.0577,-0.0006,9.8064,0.2632,-0.0251,0.0649,-18.87,-35.31,0.06,247.24,-78.68,176.65
52.418034,-1.541087,151.59,5.76,2,55.1,21 / 21,3044930,2019-09-06 19:06:51:612,-0.6737,-0.8822,9.251,0.0309,0.007,9.8066,-0.105,0.0675,-0.0175,-19.5,-35.06,-0.25,247.52,-78.64,177.06
52.418034,-1.541087,151.59,5.76,2,55.1,21 / 21,3045029,2019-09-06 19:06:51:711,-1.7658,-0.0951,9.5934,-0.0081,0.0011,9.8066,-0.0952,0.1231,-0.0694,-18.12,-35.62,0.19,245.68,-78.71,176.52
52.418034,-1.541087,151.59,5.76,2,55.1,21 / 21,3045129,2019-09-06 19:06:51:811,-1.0466,0.0613,10.4811,-0.0086,-0.0004,9.8066,-0.0392,0.1401,-0.0534,-18.81,-35.12,-0.12,247.17,-78.79,176.38
52.418034,-1.541087,151.59,5.76,2,55.1,21 / 21,3045229,2019-09-06 19:06:51:911,-1.4341,-0.1061,10.4126,0.0113,-0.0079,9.8065,-0.0352,0.0911,0.0128,-18.62,-35.5,-0.56,244.69,-78.98,176.12
52.418034,-1.541087,151.59,5.76,2,55.1,21 / 21,3045329,2019-09-06 19:06:52:011,-2.1411,-0.63,9.55,0.0267,-0.0013,9.8066,-0.0994,0.1036,0.0081,-17.81,-34.81,-0.5,247.21,-79,177.17
52.418034,-1.541087,151.59,5.76,2,55.1,21 / 21,3045428,2019-09-06 19:06:52:110,-2.3872,0.2458,9.1114,-0.0123,-0.0116,9.8066,-0.0645,0.174,-0.049,-19.06,-35.81,-0.12,248.03,-78.97,177.63
52.418034,-1.541087,151.59,5.76,2,55.1,22 / 22,3045528,2019-09-06 19:06:52:210,-1.8559,0.872,9.3479,-0.0062,-0.0019,9.8066,0.0766,0.1756,-0.0445,-18.12,-35.62,-0.31,247.2,-78.93,177.91
52.418034,-1.541087,151.59,5.76,2,55.1,22 / 22,3045628,2019-09-06 19:06:52:310,-1.8999,0.6702,9.4745,0.0129,-0.0066,9.8066,0.0278,0.1723,0.0084,-17.75,-35.75,-0.56,244.49,-78.9,177.88
52.418034,-1.541087,151.59,5.76,2,55.1,22 / 22,3045728,2019-09-06 19:06:52:410,-2.1065,0.4795,9.8353,0.0005,-0.0253,9.8065,-0.0275,0.2417,0.0311,-18.75,-35.5,-1.06,247.33,-78.96,179.24
52.418034,-1.541087,151.59,5.76,2,55.1,22 / 22,3045828,2019-09-06 19:06:52:510,-3.3191,0.4611,9.9089,0.0008,-0.028,9.8066,-0.0086,0.2338,0.0264,-18.19,-35.5,-1.12,248.81,-79.14,-178.1
52.418034,-1.541087,151.59,5.76,2,55.1,22 / 22,3045929,2019-09-06 19:06:52:611,-2.2285,1.1981,9.5847,-0.0018,-0.0359,9.8065,0.003,0.2976,-0.0323,-17.69,-35.06,-1.25,250.76,-79.24,-176.03
52.418034,-1.541087,151.59,5.76,2,55.1,22 / 22,3046029,2019-09-06 19:06:52:711,-2.3337,0.3696,9.9133,0.0226,-0.0197,9.8065,0.0443,0.2535,0.057,-17.44,-35.62,-1.37,250.73,-79.13,-173.74
52.418034,-1.541087,151.59,5.76,2,55.1,22 / 22,3046129,2019-09-06 19:06:52:811,-1.5976,1.1639,9.5997,0.0115,-0.0177,9.8066,0.0301,0.2356,-0.0077,-18.06,-36.19,-2.75,247.87,-79.06,-172.41
52.418034,-1.541087,151.59,5.76,2,55.1,22 / 22,3046229,2019-09-06 19:06:52:911,-1.6029,0.4858,9.4815,0.0186,-0.021,9.8066,0.0413,0.3089,-0.0062,-17.25,-35.5,-3.31,247.86,-79.02,-171.2
52.418034,-1.541087,151.59,5.76,2,55.1,22 / 22,3046330,2019-09-06 19:06:53:012,-1.0728,-0.664,10.1571,0.0192,-0.0147,9.8066,-0.1064,0.3281,-0.0402,-17.37,-35.62,-3.37,249.16,-78.95,-168.87
52.418034,-1.541087,151.59,5.76,2,55.1,22 / 22,3046428,2019-09-06 19:06:53:110,-1.4476,0.0145,10.8153,-0.0153,0.0001,9.8066,-0.0949,0.2741,-0.0764,-17.31,-36.62,-3.94,246.65,-79.05,-168.46
52.418034,-1.541087,151.59,5.76,2,55.1,22 / 22,3046529,2019-09-06 19:06:53:211,-1.5991,-0.978,9.9461,0.0148,0.007,9.8065,0.0966,0.2124,-0.0215,-16.44,-37.12,-4.31,244.59,-79.02,-168.72
52.418034,-1.541087,151.59,5.76,2,55.1,22 / 22,3046629,2019-09-06 19:06:53:311,-0.8477,0.3805,9.7025,-0.0072,0.0153,9.8066,0.0675,0.2978,-0.0904,-15.25,-36.75,-4.62,239.46,-78.88,-169.36
52.418034,-1.541087,151.59,5.76,2,55.1,22 / 22,3046729,2019-09-06 19:06:53:411,-1.4276,-1.3463,9.23,-0.0174,0.013,9.8066,0.0967,0.3849,-0.102,-14.69,-37.06,-4.37,240.28,-78.9,-171.41
52.418034,-1.541087,151.59,5.76,2,55.1,22 / 22,3046829,2019-09-06 19:06:53:511,-1.4407,-0.6064,9.9588,0.0166,-0.0057,9.8065,0.1476,0.3318,-0.0094,-14.81,-37.75,-5.19,237.56,-78.57,-170.48
52.418034,-1.541087,151.59,5.76,2,55.1,22 / 22,3046928,2019-09-06 19:06:53:610,-2.3754,-0.5802,10.3302,0.024,0.0149,9.8065,0.1005,0.3006,-0.068,-13.87,-37.56,-5.12,235.41,-78.31,-169.89
52.418034,-1.541087,151.59,5.76,2,55.1,22 / 22,3047029,2019-09-06 19:06:53:711,-1.4432,-0.9083,10.1081,0.0019,0.0171,9.8065,0.0737,0.2656,-0.1109,-12.56,-36.87,-4.44,234.76,-78.15,-171.16
52.418034,-1.541087,151.59,5.76,2,55.1,22 / 22,3047128,2019-09-06 19:06:53:810,-1.7713,0.0728,9.4695,-0.0098,0.0303,9.8065,0.0533,0.2797,-0.1207,-11.62,-37.37,-3.94,230.46,-77.82,-172.92
52.418034,-1.541087,151.59,5.76,2,55.1,22 / 22,3047229,2019-09-06 19:06:53:911,-2.3694,0.6778,8.5881,0.0175,-0.0068,9.8065,-0.1026,0.2969,0.0124,-11.44,-36.81,-4.37,227.07,-77.76,-173.83
52.418034,-1.541087,151.59,5.76,2,55.1,22 / 22,3047329,2019-09-06 19:06:54:011,-2.4863,-0.0131,8.9583,0.0119,-0.0352,9.8065,0.0246,0.2998,0.1042,-10.56,-37,-5,225.89,-77.8,-172.28
52.418427,-1.540386,153.85,4.72,3,11.94,21 / 21,3047428,2019-09-06 19:06:54:110,-2.9806,-0.5561,9.4372,0.0343,-0.0163,9.8065,-0.0826,0.3056,0.0137,-11,-36.19,-5.25,227.97,-77.8,-169.97
52.418427,-1.540386,153.85,4.72,3,11.94,21 / 21,3047529,2019-09-06 19:06:54:211,-0.0466,0.9808,10.7773,-0.0111,-0.0351,9.8065,0.1804,0.3791,-0.0953,-10.37,-36.37,-4.94,227.96,-78.18,-166.38
52.418427,-1.540386,153.85,4.72,3,11.94,21 / 21,3047629,2019-09-06 19:06:54:311,-0.1698,0.9306,10.2808,-0.0447,-0.0402,9.8064,0.14,0.2889,-0.086,-9.87,-37.37,-5.87,225.39,-78.4,-166.93
52.418427,-1.540386,153.85,4.72,3,11.94,21 / 21,3047729,2019-09-06 19:06:54:411,-0.5023,2.0983,9.7195,-0.0159,0.0169,9.8065,-0.0369,0.3438,-0.1165,-9.81,-37.31,-6.19,224.99,-78.46,-167.67
52.418427,-1.540386,153.85,4.72,3,11.94,21 / 21,3047829,2019-09-06 19:06:54:511,-1.9683,1.7893,9.6472,-0.0028,0.0068,9.8066,-0.0138,0.3596,-0.0637,-9.25,-36.12,-6.19,221.83,-78.66,-168.91
52.418427,-1.540386,153.85,4.72,3,11.94,21 / 21,3047928,2019-09-06 19:06:54:610,-1.7185,1.3935,9.2318,0.0233,0.0073,9.8066,-0.1085,0.3448,-0.0158,-8.56,-36.75,-6.56,220.18,-78.7,-168.08
52.418427,-1.540386,153.85,4.72,3,11.94,21 / 21,3048029,2019-09-06 19:06:54:711,-1.3036,0.8406,9.3372,0.038,0.0091,9.8065,-0.1099,0.3864,-0.0632,-8.25,-37,-6.81,217.98,-78.76,-166.49
52.418427,-1.540386,153.85,4.72,3,11.94,21 / 21,3048129,2019-09-06 19:06:54:811,-1.4553,0.7802,9.7416,-0.0196,-0.0311,9.8065,0.058,0.3588,-0.0467,-7.37,-37.31,-7.25,215.42,-79.17,-165.89
52.418427,-1.540386,153.85,4.72,3,11.94,21 / 21,3048228,2019-09-06 19:06:54:910,-1.7483,1.1117,10.4062,-0.016,-0.0229,9.8066,0.0407,0.3822,-0.0962,-6.19,-36.44,-7.31,212.06,-79.29,-166.22
52.418427,-1.540386,153.85,4.72,3,11.94,21 / 21,3048328,2019-09-06 19:06:55:010,-2.4903,2.5941,9.9868,-0.0117,-0.0022,9.8066,-0.0285,0.3978,-0.0451,-5.81,-37,-6.56,211.61,-79.44,-166.64
52.418427,-1.540386,153.85,4.72,3,11.94,21 / 21,3048428,2019-09-06 19:06:55:110,-2.1132,2.0044,9.8088,0.0243,-0.0116,9.8065,-0.0285,0.3471,0.0125,-5.37,-37.31,-7.56,207.49,-79.54,-165.65
52.418427,-1.540386,153.85,4.72,3,11.94,21 / 21,3048529,2019-09-06 19:06:55:211,-0.5181,0.8262,9.9208,0.0027,0.0071,9.8066,-0.0414,0.364,-0.0215,-4.75,-36.12,-7.69,209.02,-79.66,-163.91
52.418427,-1.540386,153.85,4.72,3,11.94,21 / 21,3048629,2019-09-06 19:06:55:311,-1.9533,0.8426,10.3433,-0.0121,0.0258,9.8065,-0.0976,0.4252,-0.1296,-3.87,-37.06,-6.94,205.25,-79.76,-164.43
52.418427,-1.540386,153.85,4.72,3,11.94,21 / 21,3048729,2019-09-06 19:06:55:411,-2.3872,0.4478,10.1495,-0.0247,-0.0217,9.8066,-0.0147,0.3309,-0.0655,-3,-36.37,-7.5,200.6,-80.05,-166.16
52.418427,-1.540386,153.85,4.72,3,11.94,21 / 21,3048829,2019-09-06 19:06:55:511,-2.7136,0.6339,8.3813,-0.0092,0.0073,9.8066,-0.0729,0.3769,-0.051,-2.69,-36.19,-8.31,199.68,-80.05,-166.94
52.418427,-1.540386,153.85,4.72,3,11.94,21 / 21,3048929,2019-09-06 19:06:55:611,-1.7781,0.9338,8.7672,0.0239,-0.012,9.8066,-0.0918,0.304,-0.0226,-2,-36.37,-7.5,195.95,-80.07,-166.66
52.418427,-1.540386,153.85,4.72,3,11.94,21 / 21,3049028,2019-09-06 19:06:55:710,-0.4506,0.6567,9.8018,-0.0044,0.0015,9.8066,-0.1968,0.331,-0.0942,-2.12,-36.56,-7.81,196.49,-80.14,-165.17
52.418427,-1.540386,153.85,4.72,3,11.94,21 / 21,3049129,2019-09-06 19:06:55:811,-2.1078,0.533,10.3175,-0.0222,-0.0535,9.8064,0.0849,0.2936,-0.0905,-1.19,-36.25,-7,191.6,-80.74,-167.19
52.418427,-1.540386,153.85,4.72,3,11.94,21 / 21,3049229,2019-09-06 19:06:55:911,-0.9123,0.742,10.2315,-0.0108,-0.0593,9.8064,0.1229,0.2222,-0.0497,-0.06,-35.37,-7.44,186.91,-81.09,-167.82
52.418427,-1.540386,153.85,4.72,3,11.94,21 / 21,3049328,2019-09-06 19:06:56:010,-1.2932,2.0614,9.8169,-0.0118,0.0544,9.8064,-0.1913,0.1972,-0.0316,-0.75,-35.5,-7.31,190.37,-80.99,-169.86
52.418427,-1.540386,153.85,4.72,3,11.94,21 / 21,3049429,2019-09-06 19:06:56:111,-0.6833,0.4367,10.0124,-0.0069,0.0587,9.8064,0.0284,0.1991,-0.0209,0.06,-35.12,-6.06,185.11,-80.92,-170.25
52.418427,-1.540386,153.85,4.72,3,11.94,21 / 21,3049529,2019-09-06 19:06:56:211,-2.0967,0.0448,9.952,0.0168,0.0222,9.8065,0.0946,0.0898,0.031,0.31,-34.87,-5.19,184.7,-80.63,-170.01
52.418427,-1.540386,153.85,4.72,3,11.94,21 / 21,3049628,2019-09-06 19:06:56:310,-0.1208,0.6563,9.9725,0.0019,0.008,9.8066,0.056,0.0835,-0.0536,0.94,-35.12,-5,179.6,-80.3,-169.54
52.418427,-1.540386,153.85,4.72,3,11.94,21 / 21,3049729,2019-09-06 19:06:56:411,-0.353,2.0142,9.608,0.0074,-0.0012,9.8066,0.1224,0.0471,0.1144,1.5,-34.62,-4.56,174.6,-80.12,-169.54
52.418427,-1.540386,153.85,4.72,3,11.94,21 / 21,3049828,2019-09-06 19:06:56:510,-0.9364,2.1127,8.7452,-0.008,-0.0087,9.8066,-0.223,0.0382,-0.0424,1.5,-34.81,-4.62,174.64,-80.29,-169.35
52.418427,-1.540386,153.85,4.72,3,11.94,21 / 21,3049929,2019-09-06 19:06:56:611,-0.6923,0.4657,10.0804,0.0111,-0.0374,9.8065,-0.0731,0.0093,-0.001,2.75,-33.87,-5.69,171.09,-80.75,-169.48
52.418427,-1.540386,153.85,4.72,3,11.94,21 / 21,3050028,2019-09-06 19:06:56:710,-0.0129,-0.4941,10.3143,0.0133,0.0126,9.8065,-0.036,0.0109,0.085,3.69,-34.37,-5.44,165.25,-80.85,-168.34
52.418427,-1.540386,153.85,4.72,3,11.94,21 / 21,3050129,2019-09-06 19:06:56:811,0.509,1.2069,9.8881,-0.0108,0.0073,9.8066,0.0739,-0.0511,0.0144,3.94,-34.56,-6.31,167.54,-80.95,-168.11
52.418427,-1.540386,153.85,4.72,3,11.94,21 / 21,3050229,2019-09-06 19:06:56:911,-0.5945,0.4066,9.794,-0.0035,0.0241,9.8066,0.0907,-0.047,0.0365,3.75,-35.19,-8.56,171.86,-80.79,-168.7
52.418427,-1.540386,153.85,4.72,3,11.94,21 / 21,3050329,2019-09-06 19:06:57:011,0.6526,1.1207,10.2994,0.0057,0.0133,9.8065,0.0644,-0.0564,0.0501,2.19,-35.94,-9,179.25,-80.58,-168.69
52.418427,-1.540386,153.85,4.72,3,11.94,21 / 21,3050429,2019-09-06 19:06:57:111,0.8705,-0.138,10.0107,-0.0007,-0.0183,9.8066,-0.0007,-0.0585,0.0245,1.94,-36.31,-8.19,178.3,-80.67,-168.85
52.418427,-1.540386,153.85,4.72,3,11.94,21 / 21,3050529,2019-09-06 19:06:57:211,-0.4756,0.1625,10.6356,-0.011,-0.014,9.8066,-0.035,0.0356,0.0023,0.81,-36.12,-6.87,181.78,-80.86,-168.67
52.418427,-1.540386,153.85,4.72,3,11.94,21 / 21,3050628,2019-09-06 19:06:57:310,0.2972,-0.2471,10.4604,-0.0203,-0.0427,9.8065,0.0962,-0.14,-0.0741,1.81,-35.75,-6.56,176.41,-81.01,-170.38
52.418427,-1.540386,153.85,4.72,3,11.94,21 / 21,3050729,2019-09-06 19:06:57:411,0.4084,-0.3147,10.0347,-0.0188,0.0453,9.8065,0.0603,-0.0152,-0.0139,1.5,-35.06,-5.37,173.38,-81.04,-171.44
52.418427,-1.540386,153.85,4.72,3,11.94,21 / 21,3050828,2019-09-06 19:06:57:510,1.5048,-0.6067,10.3421,-0.0067,-0.0019,9.8066,0.0154,-0.0456,0.0426,1.5,-35.06,-6.06,174.24,-80.8,-172.34
52.418427,-1.540386,153.85,4.72,3,11.94,21 / 21,3050930,2019-09-06 19:06:57:612,0.2477,-0.5811,10.067,-0.0332,-0.0202,9.8066,0.1178,0.0244,-0.0922,0.38,-35.62,-5.94,182.54,-80.82,-175.07
52.418427,-1.540386,153.85,4.72,3,11.94,21 / 21,3051029,2019-09-06 19:06:57:711,1.4069,-0.0463,9.1896,-0.0052,-0.0119,9.8066,0.0555,0.1241,-0.0913,0.56,-35.62,-6.37,176.96,-80.66,-176.46
52.418427,-1.540386,153.85,4.72,3,11.94,21 / 21,3051129,2019-09-06 19:06:57:811,-0.4094,0.8813,9.4705,0.0029,-0.0013,9.8066,0.0764,0.0053,0.0881,0.69,-35.69,-6.31,177.08,-80.65,-176.22
52.418427,-1.540386,153.85,4.72,3,11.94,21 / 21,3051228,2019-09-06 19:06:57:910,-0.7338,0.3828,9.1168,-0.0042,-0.0121,9.8066,-0.1798,0.0633,-0.0799,1.13,-35.87,-7.12,177.45,-80.77,-176.47
52.418427,-1.540386,153.85,4.72,3,11.94,21 / 21,3051328,2019-09-06 19:06:58:010,-0.261,-0.9804,9.627,0.0215,-0.0417,9.8065,-0.1369,0.0597,0.0325,0.88,-35.87,-7.06,177.35,-81.04,-176.59
52.418427,-1.540386,153.85,4.72,3,11.94,21 / 21,3051429,2019-09-06 19:06:58:111,-0.5874,1.0467,9.6162,0.0097,-0.0448,9.8064,0.0276,0.0676,0.0348,0.31,-35.19,-6.62,183.07,-81.42,-174.68
52.418427,-1.540386,153.85,4.72,3,11.94,21 / 21,3051529,2019-09-06 19:06:58:211,2.0862,-0.5073,10.0448,-0.0005,0.0047,9.8066,0.1236,0.1189,-0.0475,0.06,-35.06,-6.87,183.95,-81.06,-173.03
52.418427,-1.540386,153.85,4.72,3,11.94,21 / 21,3051628,2019-09-06 19:06:58:310,-0.1351,0.4769,9.9074,-0.0156,0.0042,9.8065,0.0303,-0.0059,0.0206,0.44,-35.62,-6.5,182.93,-80.92,-174.34
52.418427,-1.540386,153.85,4.72,3,11.94,21 / 21,3051729,2019-09-06 19:06:58:411,1.1524,-1.1839,10.0732,-0.0149,0.0252,9.8066,0.0432,0.0856,-0.0739,0,-35.19,-5.87,182.34,-80.84,-175.52
52.418427,-1.540386,153.85,4.72,3,11.94,21 / 21,3051828,2019-09-06 19:06:58:510,-0.7374,-0.8124,10.302,-0.0123,0.0159,9.8065,0.0169,0.0018,-0.0662,1.69,-35.44,-6.62,173.04,-80.89,-176.22
52.418427,-1.540386,153.85,4.72,3,11.94,21 / 21,3051928,2019-09-06 19:06:58:610,0.8258,-0.2452,9.954,-0.0066,0.0196,9.8066,0.0127,-0.0539,0.0167,1.56,-35.37,-6.44,171.04,-81.02,-178.15
52.418427,-1.540386,153.85,4.72,3,11.94,21 / 21,3052028,2019-09-06 19:06:58:710,-1.3777,1.6606,9.2399,-0.0031,-0.0073,9.8066,0.0083,-0.0364,0.0437,1.88,-35.81,-6.19,170.94,-80.76,-178.79
52.418427,-1.540386,153.85,4.72,3,11.94,21 / 21,3052128,2019-09-06 19:06:58:810,1.0995,-0.9636,9.1024,-0.0009,-0.0228,9.8066,-0.1804,0.0335,-0.0515,1.19,-36.12,-6.19,175.7,-80.81,-178.85
52.418427,-1.540386,153.85,4.72,3,11.94,21 / 21,3052228,2019-09-06 19:06:58:910,-1.1743,-0.4965,9.4737,0.0077,-0.0292,9.8066,0.0538,-0.0762,0.0194,1.81,-35.62,-7.31,171.77,-81.08,-178.49
52.418427,-1.540386,153.85,4.72,3,11.94,21 / 21,3052328,2019-09-06 19:06:59:010,1.3278,0.0737,10.5049,-0.0064,-0.0081,9.8066,0.0029,0.0978,-0.1164,1.38,-36.37,-6.94,175.9,-81.34,-179.06
52.418427,-1.540386,153.85,4.72,3,11.94,21 / 22,3052429,2019-09-06 19:06:59:111,0.3434,-0.6295,10.5516,-0.0023,-0.0086,9.8066,0.2373,-0.0132,-0.0247,2.81,-36.31,-7.31,166.33,-81.39,-179.96
52.418427,-1.540386,153.85,4.72,3,11.94,21 / 22,3052528,2019-09-06 19:06:59:210,0.1743,0.1229,10.797,-0.0297,0.0579,9.8064,0.2889,-0.0285,-0.0447,3.06,-36.12,-6.31,164.42,-80.86,177.92
52.418427,-1.540386,153.85,4.72,3,11.94,21 / 22,3052628,2019-09-06 19:06:59:310,-0.2155,0.8253,9.7186,-0.0223,0.0567,9.8064,-0.1582,-0.0294,0.0245,3.81,-35.81,-6.44,159.73,-80.65,177.33
52.418427,-1.540386,153.85,4.72,3,11.94,21 / 22,3052729,2019-09-06 19:06:59:411,1.8449,-0.5894,9.7069,-0.0104,0.0058,9.8066,-0.1468,0.0834,-0.0845,2.69,-35.5,-6.25,163.86,-80.81,177.22
52.418427,-1.540386,153.85,4.72,3,11.94,21 / 22,3052828,2019-09-06 19:06:59:510,-1.565,-0.6498,9.7532,-0.0153,-0.0035,9.8066,-0.054,-0.0369,-0.0354,2.63,-34.06,-6.75,164.07,-81.08,176.5
52.418427,-1.540386,153.85,4.72,3,11.94,21 / 22,3052929,2019-09-06 19:06:59:611,-0.4773,0.5775,10.4827,-0.0041,-0.0278,9.8066,0.0749,0.0695,0.0212,1.75,-34.37,-7.06,167.56,-81.37,174.95
52.418427,-1.540386,153.85,4.72,3,11.94,21 / 22,3053028,2019-09-06 19:06:59:710,1.9885,-1.6299,10.2159,-0.001,-0.0199,9.8066,-0.0914,-0.111,0.0239,1.44,-34.56,-7.44,172.16,-81.38,174.57
52.418427,-1.540386,153.85,4.72,3,11.94,21 / 22,3053129,2019-09-06 19:06:59:811,-0.4397,-1.0239,10.3276,-0.0122,0.0267,9.8066,-0.0009,-0.0093,-0.1104,0.88,-34.75,-6.5,170.57,-81.08,171.73
52.418427,-1.540386,153.85,4.72,3,11.94,21 / 22,3053229,2019-09-06 19:06:59:911,-0.2865,-1.2512,10.3917,0.009,-0.0063,9.8066,0.0822,-0.0157,0.0766,1.13,-34.31,-5.19,170.48,-80.97,171.94
52.418427,-1.540386,153.85,4.72,3,11.94,21 / 22,3053329,2019-09-06 19:07:00:011,-0.8893,0.7629,9.9702,0.0099,0.0195,9.8066,0.1181,0.063,0.0012,-0.62,-33.06,-4.87,181.93,-80.86,172.58
52.418427,-1.540386,153.85,4.72,3,11.94,20 / 21,3053429,2019-09-06 19:07:00:111,-0.3871,-0.8827,10.6721,0.004,0.0012,9.8065,0.0577,0.1571,-0.0409,-2.25,-32.31,-5.75,186.59,-80.84,173.37
52.418427,-1.540386,153.85,4.72,3,11.94,20 / 21,3053529,2019-09-06 19:07:00:211,4.5748,0.2008,8.391,0.0204,-0.007,9.8066,-0.1463,0.0671,0.1682,-1,-31,-6.75,183.08,-80.84,177.06
52.418427,-1.540386,153.85,4.72,3,11.94,20 / 21,3053629,2019-09-06 19:07:00:311,0.9136,-0.0627,9.7694,0.0062,0.0247,9.8065,-0.0264,-0.1619,0.0425,-0.25,-31.5,-7.12,179.51,-80.9,179.18
52.418427,-1.540386,153.85,4.72,3,11.94,20 / 21,3053729,2019-09-06 19:07:00:411,2.9382,-2.4726,11.6388,-0.002,0.0303,9.8066,-0.1534,-0.0081,-0.2095,0.94,-32.69,-7.12,172.95,-80.87,175.96
52.418427,-1.540386,153.85,4.72,3,11.94,20 / 21,3053828,2019-09-06 19:07:00:510,-0.545,-3.9226,6.3877,-0.0462,-0.0767,9.8062,-0.0679,0.4191,-0.04,2.31,-33.31,-7.62,166.45,-81.2,172.39
52.418427,-1.540386,153.85,4.72,3,11.94,20 / 21,3053929,2019-09-06 19:07:00:611,4.273,0.0071,10.0171,0.0204,-0.1338,9.8057,-0.6848,-0.1858,0.2,1.94,-34.56,-8,168.88,-80.32,175.16
52.418427,-1.540386,153.85,4.72,3,11.94,20 / 21,3054029,2019-09-06 19:07:00:711,1.2366,-5.0702,10.2719,-0.0046,0.0102,9.8066,0.1146,-0.1842,0.0065,2.19,-35.69,-7.31,168.41,-80.55,175.11
52.418427,-1.540386,153.85,4.72,3,11.94,20 / 21,3054129,2019-09-06 19:07:00:811,0.9353,2.1485,10.3359,0.0196,0.0324,9.8065,0.2434,0.1611,-0.0963,2,-35.94,-7.62,168.02,-80.47,173.59
52.418427,-1.540386,153.85,4.72,3,11.94,20 / 21,3054229,2019-09-06 19:07:00:911,1.9738,-1.0786,9.798,-0.0127,0.0305,9.8065,-0.1639,-0.1094,0.0712,2.13,-36.12,-7.19,167.86,-80.46,174.03
52.418427,-1.540386,153.85,4.72,3,11.94,20 / 21,3054328,2019-09-06 19:07:01:010,1.6869,-0.2384,9.2106,-0.0261,-0.0413,9.8065,-0.1672,-0.0852,-0.1049,2.25,-36.31,-6.81,168.2,-80.31,174.5
52.418427,-1.540386,153.85,4.72,3,11.94,20 / 21,3054429,2019-09-06 19:07:01:111,-1.0762,0.3039,9.873,-0.0117,-0.0147,9.8066,0.201,-0.011,0.0513,2.75,-36.12,-6.5,161.57,-80.33,171.8
52.418427,-1.540386,153.85,4.72,3,11.94,20 / 21,3054529,2019-09-06 19:07:01:211,-0.2714,-1.2468,9.89,-0.0125,-0.0594,9.8064,0.0072,0.0639,-0.0585,2.88,-36.37,-7.44,160.58,-80.56,169.06
52.418427,-1.540386,153.85,4.72,3,11.94,20 / 21,3054629,2019-09-06 19:07:01:311,-0.3133,-0.3919,9.0234,0.0039,-0.0658,9.8064,0.0079,0.0394,-0.0247,3.31,-36.31,-6.81,159.88,-80.62,167.94
52.418427,-1.540386,153.85,4.72,3,11.94,20 / 21,3054729,2019-09-06 19:07:01:411,1.1693,-0.5188,9.5828,0.003,0.0188,9.8066,0.0398,-0.0684,0.0294,3.31,-36.37,-7,160.6,-80.6,169.16
52.418427,-1.540386,153.85,4.72,3,11.94,20 / 21,3054828,2019-09-06 19:07:01:510,1.1502,-0.426,9.5823,0.0006,0.0271,9.8066,-0.1536,0.0462,-0.0275,3.25,-36,-6.31,160,-80.73,169.58
52.418427,-1.540386,153.85,4.72,3,11.94,20 / 21,3054928,2019-09-06 19:07:01:610,0.6037,-1.6981,10.3823,0.0248,0.0041,9.8066,-0.0043,0.1349,0.1258,3.19,-35.69,-6.5,160.06,-80.91,170.02
52.418427,-1.540386,153.85,4.72,3,11.94,20 / 21,3055028,2019-09-06 19:07:01:710,-0.0041,-0.8758,9.437,-0.0201,-0.0137,9.8066,-0.0847,0.0465,-0.1472,1.94,-35.25,-6.12,165.27,-80.85,170.94
52.418427,-1.540386,153.85,4.72,3,11.94,20 / 21,3055129,2019-09-06 19:07:01:811,0.1451,-1.777,8.9575,-0.0096,-0.0419,9.8065,-0.0636,-0.0766,-0.0832,1.75,-35.25,-6.94,164.07,-80.9,168.14
52.418427,-1.540386,153.85,4.72,3,11.94,20 / 21,3055228,2019-09-06 19:07:01:910,-1.255,0.63,11.1532,-0.0044,-0.0712,9.8063,0.2781,0.0495,0.0386,2.13,-35.56,-7.12,163.59,-81.04,167.14
52.418427,-1.540386,153.85,4.72,3,11.94,20 / 21,3055328,2019-09-06 19:07:02:010,-1.8713,-0.2889,10.5855,-0.0663,0.0954,9.8059,0.4088,0.2064,-0.2631,2,-36.12,-7.31,163.5,-80.71,166.54
52.418427,-1.540386,153.85,4.72,3,11.94,21 / 22,3055428,2019-09-06 19:07:02:110,-0.9128,-0.7305,11.3433,-0.0011,0.089,9.8062,-0.176,0.0167,0.186,2.44,-36.19,-7.19,164.03,-80.71,167.46
52.418427,-1.540386,153.85,4.72,3,11.94,21 / 22,3055528,2019-09-06 19:07:02:210,-3.6523,-1.2092,10.1158,0.0186,0.0581,9.8064,-0.1084,0.011,0.017,2.44,-36.19,-7.25,165.57,-80.2,169.6
52.418427,-1.540386,153.85,4.72,3,11.94,21 / 22,3055629,2019-09-06 19:07:02:311,0.1835,-0.4074,9.8944,-0.0212,0.0711,9.8063,-0.0352,-0.1021,-0.0573,2.19,-36.75,-7.06,165.63,-79.87,168.95
52.418427,-1.540386,153.85,4.72,3,11.94,21 / 22,3055729,2019-09-06 19:07:02:411,-0.1784,-0.3439,10.6799,0.0341,-0.0817,9.8062,0.1261,0.1722,-0.0076,1.94,-36.25,-7,165.81,-80.48,170.38
52.418427,-1.540386,153.85,4.72,3,11.94,21 / 22,3055828,2019-09-06 19:07:02:510,1.0836,1.389,10.2014,0.0169,-0.1027,9.8061,0.2372,-0.0917,0.0931,3,-36.5,-7.44,160.75,-80.75,169.65
52.418427,-1.540386,153.85,4.72,3,11.94,21 / 22,3055929,2019-09-06 19:07:02:611,-2.5996,-0.1595,9.4851,-0.0002,0.0504,9.8064,0.0541,-0.1481,0.1159,2.56,-36.69,-7.44,160.54,-80.75,168.87
52.418427,-1.540386,153.85,4.72,3,11.94,21 / 22,3056029,2019-09-06 19:07:02:711,1.3542,-0.4046,10.0867,-0.018,0.0352,9.8065,-0.0036,0.0427,-0.1423,2,-37,-7.06,166.04,-80.27,170.21
52.418427,-1.540386,153.85,4.72,3,11.94,21 / 22,3056128,2019-09-06 19:07:02:810,0.9475,0.8375,10.237,0.0308,0.0245,9.8065,0.0875,-0.0253,0.0818,1.69,-35.87,-7.19,166.76,-79.94,171.48
52.418427,-1.540386,153.85,4.72,3,11.94,21 / 22,3056229,2019-09-06 19:07:02:911,-0.8773,-0.1489,9.6543,-0.0088,0.0166,9.8066,-0.0904,0.1349,-0.0704,1.5,-36.31,-7.06,167.16,-79.67,171.94
52.418427,-1.540386,153.85,4.72,3,11.94,21 / 22,3056328,2019-09-06 19:07:03:010,1.4287,0.2346,9.4392,-0.0009,-0.0148,9.8066,-0.0114,-0.0937,0.0781,0.56,-36.31,-6.25,171.01,-79.85,171.22
52.419037,-1.540888,155.04,10.83,3,330.14,20 / 20,3056429,2019-09-06 19:07:03:111,-1.0565,-0.9887,9.4183,-0.0171,-0.0205,9.8066,-0.0988,0.0615,-0.0157,1,-35.75,-6,170.03,-80.36,169.73
52.419037,-1.540888,155.04,10.83,3,330.14,20 / 20,3056529,2019-09-06 19:07:03:211,0.2137,-2.0754,10.0606,-0.005,0.0025,9.8065,0.2658,0.0143,0.0825,1.63,-34.62,-5.06,164.07,-80.56,169.03
52.419037,-1.540888,155.04,10.83,3,330.14,20 / 20,3056628,2019-09-06 19:07:03:310,-1.1764,-0.8804,9.8765,-0.0096,0.0303,9.8065,0.1536,-0.0688,0.1341,4.13,-34.12,-4.31,152.32,-80.4,169.8
52.419037,-1.540888,155.04,10.83,3,330.14,20 / 20,3056729,2019-09-06 19:07:03:411,1.6742,-0.5704,10.1354,0.0048,0.0613,9.8064,0.0508,0.0103,0.0107,5.63,-34.62,-6.56,150.42,-79.88,172.1
52.419037,-1.540888,155.04,10.83,3,330.14,20 / 20,3056829,2019-09-06 19:07:03:511,0.9712,-1.0017,9.7218,0.0289,-0.0247,9.8065,-0.1751,0.1497,-0.0877,5.06,-35.06,-7.81,155.87,-80.14,173.1
52.419037,-1.540888,155.04,10.83,3,330.14,20 / 20,3056929,2019-09-06 19:07:03:611,0.3386,-1.7359,9.7135,0.0058,-0.0504,9.8065,-0.1127,-0.0097,0.0414,3.94,-35.56,-8,159.34,-80.42,172.48
52.419037,-1.540888,155.04,10.83,3,330.14,20 / 20,3057029,2019-09-06 19:07:03:711,1.0764,-2.0167,9.0529,0.0194,-0.0072,9.8066,-0.0504,0.0323,0.0148,3.06,-35.94,-7.25,163.24,-80.51,173.65
52.419037,-1.540888,155.04,10.83,3,330.14,20 / 20,3057129,2019-09-06 19:07:03:811,0.9211,-0.4001,9.1504,-0.0148,0.0414,9.8065,-0.0729,-0.0358,-0.0648,2.63,-36.37,-7,163.5,-80.2,173.69
52.419037,-1.540888,155.04,10.83,3,330.14,20 / 20,3057229,2019-09-06 19:07:03:911,1.0788,-0.9576,8.9384,-0.0019,-0.0163,9.8066,-0.0616,-0.0972,0.1013,2.25,-36,-7,167.62,-79.91,173.03
52.419037,-1.540888,155.04,10.83,3,330.14,20 / 20,3057330,2019-09-06 19:07:04:012,-0.8448,-0.2397,9.9875,0.0105,0.0017,9.8066,-0.1572,0.1626,-0.087,1.69,-35.94,-6.87,167.97,-80,173.78
52.419037,-1.540888,155.04,10.83,3,330.14,22 / 22,3057429,2019-09-06 19:07:04:111,0.8451,-0.8809,8.8742,0.0167,-0.0112,9.8066,-0.1668,0.0526,0.0636,1.88,-35.19,-6.75,167.98,-80.32,174.39
52.419037,-1.540888,155.04,10.83,3,330.14,22 / 22,3057529,2019-09-06 19:07:04:211,0.4839,0.2423,10.1678,0.0197,0.0298,9.8065,0.0606,0.1735,-0.0822,0.69,-34.44,-6.62,172.98,-80.36,175.56
52.419037,-1.540888,155.04,10.83,3,330.14,22 / 22,3057628,2019-09-06 19:07:04:310,1.929,0.3854,10.1186,0.0111,0.0154,9.8066,0.0538,-0.2179,0.2257,1,-34.75,-6.56,173.41,-80.31,176.15
52.419037,-1.540888,155.04,10.83,3,330.14,22 / 22,3057729,2019-09-06 19:07:04:411,-1.2911,-0.5159,11.3311,0.0179,0.0093,9.8065,0.0169,0.1206,-0.1287,0.69,-35.37,-6.12,174.22,-80.35,178.19
52.419037,-1.540888,155.04,10.83,3,330.14,22 / 22,3057828,2019-09-06 19:07:04:510,1.5658,-2.0878,10.0918,0.0214,-0.0169,9.8066,0.2098,0.0852,-0.0835,0.38,-35.25,-6.5,178.74,-80.37,177.53
52.419037,-1.540888,155.04,10.83,3,330.14,22 / 22,3057928,2019-09-06 19:07:04:610,1.0048,0.6242,10.1094,-0.0104,-0.072,9.8064,-0.0908,0.0446,0.0119,0.81,-35.81,-7.12,174.22,-80.44,177.53
52.419037,-1.540888,155.04,10.83,3,330.14,22 / 22,3058029,2019-09-06 19:07:04:711,0.0038,-2.3484,9.2061,-0.0074,-0.0009,9.8066,-0.1682,-0.0422,0.0215,2.75,-35.69,-8.06,166.28,-80.22,177.24
52.419037,-1.540888,155.04,10.83,3,330.14,22 / 22,3058128,2019-09-06 19:07:04:810,0.2674,-0.2172,9.5835,-0.0113,-0.0091,9.8066,-0.0869,0.0191,-0.0705,4.94,-35.31,-7.69,158.03,-80.42,176.94
52.419037,-1.540888,155.04,10.83,3,330.14,22 / 22,3058228,2019-09-06 19:07:04:910,1.1861,-0.1084,9.7324,0.0162,-0.0413,9.8065,0.009,-0.0032,0.0268,4.25,-35.75,-6.44,159.32,-80.5,176.33
52.419037,-1.540888,155.04,10.83,3,330.14,22 / 22,3058328,2019-09-06 19:07:05:010,0.2794,-0.0446,10.1002,-0.0012,-0.0354,9.8066,-0.0584,-0.0273,-0.0768,3.25,-35.37,-5.19,161.81,-80.81,175.56
52.419037,-1.540888,155.04,10.83,3,330.14,21 / 21,3058428,2019-09-06 19:07:05:110,0.7688,-2.1275,9.7079,-0.0028,0.0061,9.8066,-0.0156,-0.1277,0.0478,2.63,-35.69,-6,162.31,-80.81,173.99
52.419037,-1.540888,155.04,10.83,3,330.14,21 / 21,3058529,2019-09-06 19:07:05:211,1.2454,-0.5426,9.974,0.0262,-0.0353,9.8065,-0.2721,0.1455,-0.0832,2.25,-35.75,-6.56,167.94,-80.86,174.59
52.419037,-1.540888,155.04,10.83,3,330.14,21 / 21,3058628,2019-09-06 19:07:05:310,1.7559,1.0053,10.6726,0.0009,0.1064,9.8061,-0.0838,-0.099,0.2609,1.88,-36.12,-6.12,167.73,-80.34,174.61
52.419037,-1.540888,155.04,10.83,3,330.14,21 / 21,3058729,2019-09-06 19:07:05:411,-2.1106,-1.5604,11.5034,0.0499,0.0468,9.8063,0.2259,0.0406,0.1728,0.88,-35.5,-6.69,174.45,-80.32,178.03
52.419037,-1.540888,155.04,10.83,3,330.14,21 / 21,3058828,2019-09-06 19:07:05:510,3.7224,-3.152,11.0189,0.0312,0.0093,9.8065,0.0146,-0.1512,0.0022,0.81,-35.75,-6.12,174.37,-80.52,178.43
52.419037,-1.540888,155.04,10.83,3,330.14,21 / 21,3058929,2019-09-06 19:07:05:611,1.1294,-1.8989,9.8076,-0.0261,-0.1258,9.8057,0.1455,-0.1183,0.0404,0.56,-35.06,-6.37,174.14,-80.8,178.28
52.419037,-1.540888,155.04,10.83,3,330.14,21 / 21,3059029,2019-09-06 19:07:05:711,2.7281,-0.2046,10.1928,-0.0023,-0.0537,9.8064,0.2806,0.1232,0.028,0.75,-34.37,-7.44,174.95,-80.6,179.17
52.419037,-1.540888,155.04,10.83,3,330.14,21 / 21,3059129,2019-09-06 19:07:05:811,-4.441,-1.0435,8.3906,-0.0576,0.0379,9.8063,-0.0099,-0.3,0.27,1.75,-34.31,-6.87,168.79,-80.97,176.67
52.419037,-1.540888,155.04,10.83,3,330.14,21 / 21,3059229,2019-09-06 19:07:05:911,4.4177,-2.7836,9.6961,0.0153,-0.0037,9.8066,-0.2034,-0.2777,0.2878,1.38,-34.69,-6.69,173.78,-81.15,177.24
52.419037,-1.540888,155.04,10.83,3,330.14,21 / 21,3059329,2019-09-06 19:07:06:011,2.6526,-1.6898,11.4099,-0.0207,-0.0249,9.8066,-0.0549,0.1709,-0.2044,2,-34.25,-6.75,167.91,-80.93,175.13
52.419037,-1.540888,155.04,10.83,3,330.14,21 / 21,3059429,2019-09-06 19:07:06:111,-1.6409,-0.8051,9.6493,-0.0108,0.0309,9.8066,0.024,0.1629,-0.0167,1.06,-34.87,-8.19,172.04,-80.68,173.67
52.419037,-1.540888,155.04,10.83,3,330.14,21 / 21,3059529,2019-09-06 19:07:06:211,1.4816,1.3341,10.7465,-0.018,-0.023,9.8065,-0.0411,-0.071,0.0302,-0.56,-35.81,-7.12,181.46,-80.45,174.54
52.419037,-1.540888,155.04,10.83,3,330.14,21 / 21,3059629,2019-09-06 19:07:06:311,-0.081,-0.4538,9.8677,-0.019,-0.0592,9.8064,-0.0054,0.0053,-0.0796,1.06,-35.44,-5,170.98,-80.73,172.41
52.419037,-1.540888,155.04,10.83,3,330.14,21 / 21,3059728,2019-09-06 19:07:06:410,-0.0837,-2.3503,10.1976,0.0016,0.0072,9.8066,-0.0553,-0.0136,0.0894,2.56,-35.12,-5.87,161.36,-80.67,172.44
52.419037,-1.540888,155.04,10.83,3,330.14,21 / 21,3059829,2019-09-06 19:07:06:511,1.6364,0.0314,10.1276,-0.0009,-0.0015,9.8065,0.0427,0.0726,0.0539,2.5,-35,-6.25,161.14,-80.71,172.1
52.419037,-1.540888,155.04,10.83,3,330.14,21 / 21,3059928,2019-09-06 19:07:06:610,-2.5723,-0.496,8.9681,-0.0174,0.0165,9.8065,0.061,0.198,-0.1062,2.06,-35.94,-6.87,166.94,-80.61,172.55
52.419037,-1.540888,155.04,10.83,3,330.14,21 / 21,3060029,2019-09-06 19:07:06:711,2.0496,-1.0414,9.4855,0.0045,0.0468,9.8065,-0.1345,-0.1386,0.1845,0.75,-36.06,-7.81,171.99,-80.55,173.35
52.419037,-1.540888,155.04,10.83,3,330.14,21 / 21,3060128,2019-09-06 19:07:06:810,-0.3987,-2.1578,10.2994,0.0123,-0.0681,9.8064,-0.2299,0.0386,-0.0509,0.25,-34.75,-7.44,176.24,-81,173.34
52.419037,-1.540888,155.04,10.83,3,330.14,21 / 21,3060229,2019-09-06 19:07:06:911,-0.4123,-2.3889,10.1785,0.0086,-0.0345,9.8065,0.1197,0.0722,-0.0119,0.19,-35.25,-5.31,177.52,-81.38,174.94
52.419037,-1.540888,155.04,10.83,3,330.14,21 / 21,3060329,2019-09-06 19:07:07:011,-0.0896,-1.3636,10.542,-0.0006,0.0218,9.8065,0.0139,-0.0372,0.0288,0.75,-35.06,-4.87,172.39,-80.98,175.59
52.419037,-1.540888,155.04,10.83,3,330.14,22 / 22,3060428,2019-09-06 19:07:07:110,-1.2665,-0.2131,9.8652,-0.0084,0.0388,9.8065,-0.0137,0.0263,0.1294,3.06,-35.25,-5.75,163.3,-80.62,175.91
52.419037,-1.540888,155.04,10.83,3,330.14,22 / 22,3060528,2019-09-06 19:07:07:210,0.5166,0.0588,9.3531,0.0077,-0.0517,9.8065,-0.1029,-0.0442,0.1109,2.69,-36.25,-5.81,163.85,-80.81,176.8
52.419037,-1.540888,155.04,10.83,3,330.14,22 / 22,3060629,2019-09-06 19:07:07:311,1.1912,-0.5496,9.5975,0.0187,-0.0197,9.8065,-0.056,0.0013,-0.0398,2.19,-35.81,-6.25,168.73,-80.98,177.26
52.419037,-1.540888,155.04,10.83,3,330.14,22 / 22,3060728,2019-09-06 19:07:07:410,-1.126,-2.9722,10.3322,0.0002,-0.048,9.8065,-0.0981,0.058,-0.0687,2.25,-36.56,-7.31,169.88,-81.08,177.97
52.419037,-1.540888,155.04,10.83,3,330.14,22 / 22,3060829,2019-09-06 19:07:07:511,1.1087,1.1142,9.5793,0.028,-0.0213,9.8065,-0.0045,-0.0253,0.0863,1.63,-36.81,-6.81,170.6,-81.22,179.37
52.419037,-1.540888,155.04,10.83,3,330.14,22 / 22,3060928,2019-09-06 19:07:07:610,0.1197,-0.0419,10.4465,-0.0004,0.0672,9.8063,-0.0135,0.0088,0.0292,2.06,-36.75,-6.56,171.53,-80.6,-179.43
52.419037,-1.540888,155.04,10.83,3,330.14,22 / 22,3061028,2019-09-06 19:07:07:710,1.3095,0.2423,10.7503,-0.0008,0.0218,9.8066,-0.0261,-0.0506,-0.0421,1.81,-37,-6.56,171.73,-80.68,-179.01
52.419037,-1.540888,155.04,10.83,3,330.14,22 / 22,3061129,2019-09-06 19:07:07:811,-1.0348,-2.2159,10.3402,0.0005,0.0157,9.8066,-0.0977,0.0637,-0.0447,1.88,-36.75,-7,171.37,-80.77,-179.61
52.419037,-1.540888,155.04,10.83,3,330.14,22 / 22,3061228,2019-09-06 19:07:07:910,3.2211,-0.0889,10.0265,-0.004,-0.0404,9.8065,0.0656,-0.0842,0.0237,2.25,-36.5,-6.37,170.18,-81.07,-179.94
52.419037,-1.540888,155.04,10.83,3,330.14,22 / 22,3061329,2019-09-06 19:07:08:011,-0.3319,0.2739,10.1983,-0.0329,0.0132,9.8066,0.044,0.0318,-0.1573,3.06,-36.75,-6.62,165.69,-81.34,178.63
52.419037,-1.540888,155.04,10.83,3,330.14,21 / 21,3061429,2019-09-06 19:07:08:111,1.6585,0.1284,10.1716,-0.0042,0.0232,9.8065,0.0759,-0.0765,0.0907,2.75,-36.69,-6.56,164.9,-81.38,177.32
52.419037,-1.540888,155.04,10.83,3,330.14,21 / 21,3061529,2019-09-06 19:07:08:211,0.2545,-0.0254,10.2076,0.0092,-0.0007,9.8066,0.168,-0.0237,0.0311,2.5,-36.19,-5.75,164.06,-81.32,177.94
52.419037,-1.540888,155.04,10.83,3,330.14,21 / 21,3061629,2019-09-06 19:07:08:311,-0.8037,-1.263,9.6057,0.0131,-0.0124,9.8066,0.1275,-0.1177,0.0422,1.81,-36.31,-5.69,169.39,-81.15,178.66
52.419037,-1.540888,155.04,10.83,3,330.14,21 / 21,3061729,2019-09-06 19:07:08:411,0.6909,0.6526,10.6059,0.0248,0.0187,9.8066,-0.0602,-0.0221,0.0365,1.63,-36.56,-6.12,170.71,-80.97,-179.26
52.419037,-1.540888,155.04,10.83,3,330.14,21 / 21,3061828,2019-09-06 19:07:08:510,-0.1833,-0.2864,9.4067,-0.0102,-0.0002,9.8066,-0.1733,-0.0657,-0.0639,1.44,-36.62,-6.75,175.72,-81.13,-179.56
52.419037,-1.540888,155.04,10.83,3,330.14,21 / 21,3061929,2019-09-06 19:07:08:611,1.1676,0.0114,9.9013,0.036,-0.0057,9.8066,0.0254,-0.0291,0.1118,1.25,-36.81,-6.81,175.59,-81.29,-179.73
52.419037,-1.540888,155.04,10.83,3,330.14,21 / 21,3062028,2019-09-06 19:07:08:710,1.3353,-0.8395,9.7112,-0.0096,-0.027,9.8065,0.0615,0.0283,-0.0518,1.88,-36.87,-6.62,171.91,-81.43,-178.17
52.419037,-1.540888,155.04,10.83,3,330.14,21 / 21,3062129,2019-09-06 19:07:08:811,0.5391,1.6367,9.6002,0.0098,0.0247,9.8066,0.1321,-0.0428,0.0975,1,-37,-6.37,176.27,-81.23,-177.69
52.419037,-1.540888,155.04,10.83,3,330.14,21 / 21,3062228,2019-09-06 19:07:08:910,-0.0748,-0.9103,9.7682,0.0109,0.0123,9.8066,0.0062,-0.0054,-0.0502,1.94,-36.31,-6.44,171.65,-81.29,-177.01
52.419037,-1.540888,155.04,10.83,3,330.14,21 / 21,3062329,2019-09-06 19:07:09:011,0.3742,-0.6961,9.4866,0.0172,-0.0115,9.8066,-0.0278,0.0146,0.0333,2,-36.44,-6.25,172.37,-81.42,-175.58
52.419037,-1.540888,155.04,10.83,3,330.14,22 / 22,3062429,2019-09-06 19:07:09:111,1.8623,0.8192,9.9494,-0.0095,-0.0437,9.8065,-0.1026,0.0035,-0.0564,1.06,-36.56,-6.62,177.37,-81.62,-176.48
52.419037,-1.540888,155.04,10.83,3,330.14,22 / 22,3062529,2019-09-06 19:07:09:211,1.8669,-1.5664,10.2725,0.011,-0.0034,9.8066,-0.0507,-0.081,0.0312,0.81,-36.62,-6.44,177.06,-81.67,-176.03
52.419037,-1.540888,155.04,10.83,3,330.14,22 / 22,3062628,2019-09-06 19:07:09:310,-0.1017,0.3108,10.2072,-0.0011,-0.0217,9.8065,0.0316,0.0009,0,1.38,-36.44,-6.62,177.41,-81.72,-176.34
52.419037,-1.540888,155.04,10.83,3,330.14,22 / 22,3062729,2019-09-06 19:07:09:411,-0.1153,-1.1498,9.8186,-0.0097,-0.0125,9.8066,-0.2129,0.0644,-0.0474,2.13,-36.44,-7,172.39,-81.79,-176.95
52.419037,-1.540888,155.04,10.83,3,330.14,22 / 22,3062829,2019-09-06 19:07:09:511,0.1025,-0.0034,10.5716,0,-0.0584,9.8064,0.1216,-0.0182,-0.1068,3.25,-35.56,-6.69,167.31,-81.98,-177.69
52.419037,-1.540888,155.04,10.83,3,330.14,22 / 22,3062929,2019-09-06 19:07:09:611,-1.1683,-0.1274,8.9753,-0.0091,0.0228,9.8065,0.0712,0.1438,-0.1397,2.06,-36.19,-6.31,170.36,-82,-178.73
52.419037,-1.540888,155.04,10.83,3,330.14,22 / 22,3063028,2019-09-06 19:07:09:710,0.4044,0.9919,10.5195,-0.0033,-0.0579,9.8064,0.1103,-0.0135,-0.081,1.25,-36,-6.69,175.88,-82.16,-178.81
52.419037,-1.540888,155.04,10.83,3,330.14,22 / 22,3063128,2019-09-06 19:07:09:810,-1.0375,1.1986,8.5095,-0.0058,0.0194,9.8066,0.1487,-0.0077,-0.03,0.88,-35.87,-6.69,175.76,-81.86,-179.13
52.419037,-1.540888,155.04,10.83,3,330.14,22 / 22,3063229,2019-09-06 19:07:09:911,0.9658,-0.8652,8.9645,0.0115,0.0478,9.8065,-0.117,-0.0629,0.1549,-0.19,-36.81,-8.19,181.23,-81.84,-177.98
52.419037,-1.540888,155.04,10.83,3,330.14,22 / 22,3063328,2019-09-06 19:07:10:010,4.0644,-1.1685,10.8798,-0.0046,-0.0544,9.8064,-0.2408,0.0098,-0.0787,1.38,-36.19,-7.44,178.09,-82.39,-175.04
52.419037,-1.540888,155.04,10.83,3,330.14,21 / 21,3063428,2019-09-06 19:07:10:110,-2.0033,-0.9108,10.8879,0.0126,-0.0229,9.8065,0.327,-0.1618,0.0931,2.38,-36.87,-6.87,173.96,-82.32,-174.13
52.419037,-1.540888,155.04,10.83,3,330.14,21 / 21,3063529,2019-09-06 19:07:10:211,3.7468,0.1247,8.8278,-0.0478,-0.017,9.8065,-0.0537,0.0397,-0.2554,2.31,-36.31,-6.31,171.66,-82.04,-176.4
52.419037,-1.540888,155.04,10.83,3,330.14,21 / 21,3063629,2019-09-06 19:07:10:311,-1.0784,0.7508,13.0109,-0.0279,-0.1152,9.8059,0.3831,-0.0286,-0.0765,2.75,-36.19,-6.5,162.12,-82.1,175.75
52.419037,-1.540888,155.04,10.83,3,330.14,21 / 21,3063728,2019-09-06 19:07:10:410,-3.5513,-1.7803,10.0806,-0.013,0.0253,9.8065,0.3589,0.3871,-0.2137,2.44,-36.06,-5.81,166.4,-81.75,173.89
52.419037,-1.540888,155.04,10.83,3,330.14,21 / 21,3063829,2019-09-06 19:07:10:511,3.6286,0.2752,13.3134,0.0194,-0.1078,9.806,0.5897,0.1616,-0.1152,2.63,-37,-5.62,161.98,-81.96,174.89
52.419037,-1.540888,155.04,10.83,3,330.14,21 / 21,3063928,2019-09-06 19:07:10:610,-3.1276,-0.8909,11.195,-0.0322,0.1716,9.8051,0.4274,0.1563,-0.192,2.81,-36.06,-5.5,160.27,-81.06,172.54
52.419037,-1.540888,155.04,10.83,3,330.14,21 / 21,3064029,2019-09-06 19:07:10:711,0.9911,2.7513,10.752,0.02,-0.0331,9.8065,-0.1386,-0.3463,0.1724,3.19,-35.75,-6.87,162.44,-81.73,173.96
52.419037,-1.540888,155.04,10.83,3,330.14,21 / 21,3064128,2019-09-06 19:07:10:810,0.8485,0.2996,9.8454,0.0113,0.0575,9.8065,0.2627,0.1838,-0.1151,2.44,-34.94,-6.5,165.17,-82.19,172.62
52.419037,-1.540888,155.04,10.83,3,330.14,21 / 21,3064229,2019-09-06 19:07:10:911,-1.4173,-1.6567,9.8105,-0.0243,0.0207,9.8065,-0.2005,0.1487,-0.1559,3.06,-35.19,-7.44,161.52,-82.12,173.34
52.419037,-1.540888,155.04,10.83,3,330.14,21 / 21,3064328,2019-09-06 19:07:11:010,0.3243,0.1188,10.674,-0.0121,0.0139,9.8066,-0.0735,-0.056,-0.0173,2.81,-34.94,-7.19,160.29,-82.25,171.59
52.419037,-1.540888,155.04,10.83,3,330.14,22 / 22,3064428,2019-09-06 19:07:11:110,-1.1202,1.057,9.5189,0.0004,0.0042,9.8066,-0.1015,-0.0998,0.1585,2.69,-34.37,-7.37,159.87,-82.25,171.27
52.419037,-1.540888,155.04,10.83,3,330.14,22 / 22,3064528,2019-09-06 19:07:11:210,1.0572,-1.4751,10.6329,-0.0025,-0.0209,9.8066,0.1401,0.025,-0.1078,2.44,-34.5,-7.56,165.72,-82.3,172.04
52.419037,-1.540888,155.04,10.83,3,330.14,22 / 22,3064628,2019-09-06 19:07:11:310,-0.03,-1.5683,9.7856,0.0136,-0.0177,9.8065,0.2088,-0.0576,0.1609,2.06,-34.62,-7.69,166.14,-82.3,172.46
52.419037,-1.540888,155.04,10.83,3,330.14,22 / 22,3064729,2019-09-06 19:07:11:411,0.4587,-1.5539,9.9915,-0.006,0.0184,9.8066,0.0208,-0.0738,-0.0424,2.13,-34.62,-6.94,166.35,-82.02,173.37
52.419037,-1.540888,155.04,10.83,3,330.14,22 / 22,3064829,2019-09-06 19:07:11:511,-0.2265,0.3891,9.9673,0.0099,0.0109,9.8066,0.1419,0.0101,0.0347,2.56,-35.12,-7,161.84,-81.91,173.56
52.419037,-1.540888,155.04,10.83,3,330.14,22 / 22,3064928,2019-09-06 19:07:11:610,1.8438,-0.064,10.0474,-0.0007,0.0266,9.8065,0.0156,-0.0731,0.1023,1.69,-34.25,-7.37,167.02,-81.87,174.56
52.419037,-1.540888,155.04,10.83,3,330.14,22 / 22,3065028,2019-09-06 19:07:11:710,-0.4153,-0.5507,9.4881,-0.0068,-0.0198,9.8066,-0.0128,-0.0297,0.0428,2.94,-34.25,-7.75,162.14,-82.22,173.32
52.419037,-1.540888,155.04,10.83,3,330.14,22 / 22,3065128,2019-09-06 19:07:11:810,1.5704,-0.2557,10.1367,0.0024,0.0111,9.8066,0.0097,-0.0455,-0.0549,2.44,-33.81,-7.19,165.99,-82.34,173.39
52.419037,-1.540888,155.04,10.83,3,330.14,22 / 22,3065229,2019-09-06 19:07:11:911,0.6298,-0.2265,9.8372,0.0033,0.0193,9.8066,-0.032,-0.1052,0.1787,3,-34.12,-7,161.26,-82.56,173.89
52.419037,-1.540888,155.04,10.83,3,330.14,22 / 22,3065329,2019-09-06 19:07:12:011,-0.5514,-2.4999,10.4142,-0.0075,-0.0348,9.8066,-0.1692,-0.0005,-0.0798,2,-34.56,-7.06,166.54,-82.54,174.25
52.41985,-1.541598,156.3,11.71,2,331.85,22 / 22,3065428,2019-09-06 19:07:12:110,-1.046,-2.7818,10.2767,0.0113,-0.0158,9.8066,0.2028,-0.0492,0.0373,1.69,-34.94,-6.62,166.7,-82.62,174.59
52.41985,-1.541598,156.3,11.71,2,331.85,22 / 22,3065529,2019-09-06 19:07:12:211,0.7695,0.205,10.7024,-0.0024,-0.0028,9.8066,0.0988,-0.0064,0.0208,1.75,-35.37,-6.75,166.79,-82.64,174.74
52.41985,-1.541598,156.3,11.71,2,331.85,22 / 22,3065629,2019-09-06 19:07:12:311,-0.0507,-1.2813,9.9222,0.006,-0.0349,9.8066,0.1266,0.0368,-0.0459,2.5,-35.62,-6.12,160.71,-82.74,174.47
52.41985,-1.541598,156.3,11.71,2,331.85,22 / 22,3065729,2019-09-06 19:07:12:411,1.8506,0.0578,10.4353,0.0077,0.0261,9.8066,-0.045,-0.1248,0.0908,2.19,-35.75,-6.87,167.28,-82.66,175.32
52.41985,-1.541598,156.3,11.71,2,331.85,22 / 22,3065828,2019-09-06 19:07:12:510,1.2555,-0.514,10.1557,0.0165,-0.0019,9.8066,0.0186,0.0137,0.0078,1.94,-35.81,-7.12,168.25,-82.82,177.05
52.41985,-1.541598,156.3,11.71,2,331.85,22 / 22,3065929,2019-09-06 19:07:12:611,0.7413,0.3484,9.3359,0.0174,-0.003,9.8065,0.0155,0.0098,-0.0118,2.19,-36.37,-7.06,168.42,-82.86,177.36
52.41985,-1.541598,156.3,11.71,2,331.85,22 / 22,3066029,2019-09-06 19:07:12:711,1.0469,-0.8748,9.5027,0.0049,-0.0728,9.8063,-0.0173,-0.1075,0.045,1.69,-36.19,-7.94,169.15,-83.3,177.75
52.41985,-1.541598,156.3,11.71,2,331.85,22 / 22,3066129,2019-09-06 19:07:12:811,0.648,-0.9173,9.8146,-0.0125,0.0109,9.8066,0.0048,0.0417,-0.1136,2.13,-35.56,-8,168.13,-83.51,176.41
52.41985,-1.541598,156.3,11.71,2,331.85,22 / 22,3066229,2019-09-06 19:07:12:911,-0.9118,-1.2387,10.4484,-0.0174,0.039,9.8065,-0.0469,0.1032,-0.0485,2.13,-35.06,-7.37,166.42,-83.44,175.04
52.41985,-1.541598,156.3,11.71,2,331.85,22 / 22,3066328,2019-09-06 19:07:13:010,0.7239,0.3547,10.0764,-0.003,0.0391,9.8065,0.0733,0.1104,-0.0778,2.31,-34.19,-7,165.55,-83.38,173.87
52.41985,-1.541598,156.3,11.71,2,331.85,22 / 22,3066428,2019-09-06 19:07:13:110,-1.5425,0.6034,10.2159,-0.0057,0.0328,9.8066,0.0082,0.04,-0.1026,3,-33.94,-5.69,159.05,-83.01,173
52.41985,-1.541598,156.3,11.71,2,331.85,22 / 22,3066528,2019-09-06 19:07:13:210,0.9755,1.2437,9.0812,0.0052,-0.0397,9.8066,0.1754,-0.1019,0.0905,2.81,-34.37,-6.06,158.66,-83.3,172.91
52.41985,-1.541598,156.3,11.71,2,331.85,22 / 22,3066629,2019-09-06 19:07:13:311,-0.0536,-0.5951,9.9951,0.0101,-0.0223,9.8066,0.0336,0.0391,-0.0277,3.69,-34.06,-7.62,156.19,-83.42,172.76
52.41985,-1.541598,156.3,11.71,2,331.85,22 / 22,3066729,2019-09-06 19:07:13:411,1.7488,-0.4978,10.0854,-0.0065,-0.0072,9.8066,0.0826,0.0482,-0.0277,2.56,-34.31,-7.62,159.58,-83.5,171.2
52.41985,-1.541598,156.3,11.71,2,331.85,22 / 22,3066828,2019-09-06 19:07:13:510,1.2739,1.3635,10.4661,-0.0043,-0.0058,9.8066,0.2163,-0.0516,0.0211,2.19,-34.56,-6.62,162.96,-83.44,169.74
52.41985,-1.541598,156.3,11.71,2,331.85,22 / 22,3066930,2019-09-06 19:07:13:612,1.7846,1.4596,9.6418,-0.0085,0.0777,9.8062,-0.1323,-0.0547,0.0697,3.25,-33.69,-6.12,156.77,-83.5,170.38
52.41985,-1.541598,156.3,11.71,2,331.85,22 / 22,3067029,2019-09-06 19:07:13:711,-0.8244,-0.755,9.0612,-0.015,0.0276,9.8065,-0.2006,0.0707,-0.0878,3.75,-34.12,-6.87,153.56,-83.23,170.66
52.41985,-1.541598,156.3,11.71,2,331.85,22 / 22,3067128,2019-09-06 19:07:13:810,-0.2495,-3.5147,10.8667,0.0165,-0.0893,9.8061,0.3416,-0.1277,0.0338,3.38,-34.44,-7.75,156.22,-83.98,167.19
52.41985,-1.541598,156.3,11.71,2,331.85,22 / 22,3067228,2019-09-06 19:07:13:910,1.8538,-1.8274,11.316,-0.0149,-0.0603,9.8064,0.2366,-0.0397,-0.0815,4.06,-34.44,-8.56,152.01,-83.96,166.29
52.41985,-1.541598,156.3,11.71,2,331.85,22 / 22,3067328,2019-09-06 19:07:14:010,0.2747,2.1159,10.112,-0.023,0.0907,9.8061,-0.0885,-0.0268,-0.0361,3.69,-35,-8.69,149.89,-83.91,163.07
52.41985,-1.541598,156.3,11.71,2,331.85,22 / 22,3067429,2019-09-06 19:07:14:111,-1.2011,-0.7619,9.6772,-0.0194,0.0418,9.8064,0.0598,0.0694,-0.0301,3.63,-34.12,-8.5,149.39,-83.34,163.12
52.41985,-1.541598,156.3,11.71,2,331.85,22 / 22,3067528,2019-09-06 19:07:14:210,0.3255,-0.719,9.8186,0.0088,-0.0112,9.8066,-0.0505,-0.0093,0.0543,3.13,-34.37,-7.44,154.43,-83.17,164.52
52.41985,-1.541598,156.3,11.71,2,331.85,22 / 22,3067628,2019-09-06 19:07:14:310,1.4341,-0.8516,9.2854,-0.0012,0.0014,9.8066,-0.1708,-0.1462,0.1289,3.31,-34.62,-7.06,154.89,-83.2,164.88
52.41985,-1.541598,156.3,11.71,2,331.85,22 / 22,3067729,2019-09-06 19:07:14:411,-0.6935,-1.581,9.6013,0.0215,-0.0359,9.8065,0.0762,0.0148,0.0338,2.56,-35.62,-7.37,156.85,-83.48,167.99
52.41985,-1.541598,156.3,11.71,2,331.85,22 / 22,3067829,2019-09-06 19:07:14:511,0.5209,0.812,9.4503,0.0489,-0.0629,9.8063,0.0823,0.094,0.0127,2.44,-35.12,-7.31,162.93,-83.82,170.22
52.41985,-1.541598,156.3,11.71,2,331.85,22 / 22,3067928,2019-09-06 19:07:14:610,-3.0066,-0.4151,10.0481,-0.0104,0.0644,9.8063,-0.2851,-0.5496,0.2403,2.75,-35.31,-7.5,157.86,-83.93,170.6
52.41985,-1.541598,156.3,11.71,2,331.85,22 / 22,3068029,2019-09-06 19:07:14:711,1.304,2.0846,10.6115,-0.0475,0.133,9.8056,-0.0918,0.1142,-0.1801,2.69,-36,-7.69,162.93,-83.44,175.46
52.41985,-1.541598,156.3,11.71,2,331.85,22 / 22,3068128,2019-09-06 19:07:14:810,-4.6592,1.1977,10.0306,-0.0427,0.0284,9.8064,-0.6301,0.2807,-0.0546,3.13,-35.37,-7.56,159.08,-83.23,169.83
52.41985,-1.541598,156.3,11.71,2,331.85,22 / 22,3068229,2019-09-06 19:07:14:911,3.2599,4.3591,9.5839,-0.0243,0.1059,9.806,-0.0722,-0.2047,0.1312,3.13,-35.94,-7.5,157.5,-83.32,168.69
52.41985,-1.541598,156.3,11.71,2,331.85,22 / 22,3068329,2019-09-06 19:07:15:011,0.3883,-0.942,9.1262,-0.0227,0.0129,9.8066,-0.0975,-0.0332,-0.2115,3.5,-35.44,-7.81,152.35,-83.8,167.73
52.41985,-1.541598,156.3,11.71,2,331.85,22 / 22,3068429,2019-09-06 19:07:15:111,1.094,0.5286,10.6084,-0.0124,-0.0241,9.8065,-0.0429,-0.0035,0.1241,3.56,-35.75,-7.5,149.94,-83.67,165.54
52.41985,-1.541598,156.3,11.71,2,331.85,22 / 22,3068529,2019-09-06 19:07:15:211,1.4048,-3.6961,10.146,0.0247,-0.0009,9.8066,-0.0869,-0.0333,0.0782,2.63,-35.62,-7.25,156.98,-83.48,168.19
52.41985,-1.541598,156.3,11.71,2,331.85,22 / 22,3068628,2019-09-06 19:07:15:310,1.8656,0.2452,9.5699,0.0257,-0.0228,9.8065,-0.1779,-0.0399,0.0121,3.06,-35.87,-7.19,158.05,-83.57,169.95
52.41985,-1.541598,156.3,11.71,2,331.85,22 / 22,3068728,2019-09-06 19:07:15:410,0.9368,1.0179,9.601,0.0233,-0.0379,9.8065,0.1937,-0.0448,0.2192,1.81,-35.44,-7.94,164.64,-83.73,171.7
52.41985,-1.541598,156.3,11.71,2,331.85,22 / 22,3068829,2019-09-06 19:07:15:511,-2.0718,1.1354,8.5836,0.0333,-0.052,9.8064,0.1016,0.1374,-0.0361,1.81,-35.5,-8.56,166.97,-84.28,174.66
52.41985,-1.541598,156.3,11.71,2,331.85,22 / 22,3068928,2019-09-06 19:07:15:610,-0.9166,-0.8707,10.8446,0.0048,-0.0062,9.8066,0.1081,-0.0841,-0.0273,2.88,-35.44,-8.5,161.9,-84.3,175.27
52.41985,-1.541598,156.3,11.71,2,331.85,22 / 22,3069029,2019-09-06 19:07:15:711,-1.8921,1.5175,9.9045,0.0042,-0.0273,9.8066,0.3341,0.0226,0.0327,2.75,-35.12,-8.12,163.05,-84.2,176.76
52.41985,-1.541598,156.3,11.71,2,331.85,22 / 22,3069129,2019-09-06 19:07:15:811,-0.2441,1.1408,9.9511,-0.0204,0.0481,9.8065,-0.176,-0.0394,0.0253,3,-34.5,-8,163.9,-83.59,177.48
52.41985,-1.541598,156.3,11.71,2,331.85,22 / 22,3069229,2019-09-06 19:07:15:911,0.1628,-2.7925,12.091,-0.0462,0.1108,9.8058,0.2904,0.0572,0.0403,2.69,-34.62,-7.5,162.62,-83.27,176.66
52.41985,-1.541598,156.3,11.71,2,331.85,22 / 22,3069328,2019-09-06 19:07:16:010,-0.7229,0.6533,9.3009,0.0246,-0.0072,9.8066,-0.171,-0.023,-0.0807,1.94,-34.25,-7.06,167.09,-83.76,176.6
52.41985,-1.541598,156.3,11.71,2,331.85,22 / 22,3069428,2019-09-06 19:07:16:110,0.4008,-5.046,7.3673,-0.0212,0.0214,9.8065,0.0325,0.0386,-0.0162,2.81,-34.25,-5.94,160.5,-84.01,176.99
52.41985,-1.541598,156.3,11.71,2,331.85,22 / 22,3069528,2019-09-06 19:07:16:210,0.387,-0.0759,8.7961,0.0093,-0.0608,9.8064,-0.0351,-0.0761,0.0919,1.56,-34,-6.25,165.94,-84.29,176.98
52.41985,-1.541598,156.3,11.71,2,331.85,22 / 22,3069628,2019-09-06 19:07:16:310,-0.7774,-1.8175,9.8428,0.0173,-0.0441,9.8065,-0.2386,0.0779,-0.0181,1.44,-33.94,-6.87,173.44,-84.28,178.46
52.41985,-1.541598,156.3,11.71,2,331.85,22 / 22,3069729,2019-09-06 19:07:16:411,1.0072,-0.6887,9.5295,-0.007,-0.0372,9.8065,0.1001,-0.0501,0.0463,1.06,-34.87,-7.06,173.45,-84.42,178.46
52.41985,-1.541598,156.3,11.71,2,331.85,22 / 22,3069831,2019-09-06 19:07:16:513,-0.9185,0.1958,10.2135,0.0092,-0.0187,9.8066,0.1866,0.0004,-0.0295,0.88,-35.5,-7.19,173.13,-84.7,178.15
52.41985,-1.541598,156.3,11.71,2,331.85,22 / 22,3069929,2019-09-06 19:07:16:611,1.1245,0.1774,9.4741,0.0073,0.0334,9.8065,-0.0562,0.0072,0.1041,0.81,-35.5,-7.37,175.35,-84.48,-178.71
52.41985,-1.541598,156.3,11.71,2,331.85,22 / 22,3070029,2019-09-06 19:07:16:711,1.0164,-0.7135,10.1411,-0.0119,0.0463,9.8065,0.0523,0.1146,-0.0102,-0.19,-35.44,-7.19,181.24,-84.4,-178.16
52.41985,-1.541598,156.3,11.71,2,331.85,22 / 22,3070128,2019-09-06 19:07:16:810,-1.6072,0.416,8.8841,0.0181,-0.0005,9.8066,-0.1375,0.0238,-0.0615,-0.87,-35,-7.56,186.99,-84.47,-177.25
52.41985,-1.541598,156.3,11.71,2,331.85,22 / 22,3070228,2019-09-06 19:07:16:910,1.4984,-1.4446,10.2352,-0.0095,0.013,9.8066,0.0115,-0.0766,0.0501,-1.75,-34.87,-7.87,191.79,-84.43,-177.48
52.41985,-1.541598,156.3,11.71,2,331.85,22 / 22,3070328,2019-09-06 19:07:17:010,2.2891,1.0972,9.2819,-0.0003,0.0238,9.8065,-0.0323,0.0279,0.0734,-1.37,-34.56,-10.31,186.1,-84.56,-177.63
52.41985,-1.541598,156.3,11.71,2,331.85,22 / 22,3070428,2019-09-06 19:07:17:110,0.6992,1.4657,9.5296,0.0092,0.0124,9.8066,-0.1033,0.1367,-0.1562,1.06,-35,-12.62,178.16,-84.73,-177.89
52.41985,-1.541598,156.3,11.71,2,331.85,22 / 22,3070529,2019-09-06 19:07:17:211,-0.1588,-0.8823,11.2301,0.0056,0.0121,9.8066,-0.0452,0.0377,-0.0357,5.38,-36.69,-13.06,161.72,-85.06,178.7
52.41985,-1.541598,156.3,11.71,2,331.85,22 / 22,3070629,2019-09-06 19:07:17:311,-1.5675,0.4461,11.1406,0.0258,-0.051,9.8064,-0.1623,-0.0027,0.1263,7.13,-36.62,-10.31,150.91,-85.37,179.14
52.41985,-1.541598,156.3,11.71,2,331.85,22 / 22,3070729,2019-09-06 19:07:17:411,-0.3692,3.6971,11.3465,-0.0613,0.1687,9.8049,-0.1405,0.0422,0.0649,5.63,-37.06,-7.69,151.46,-85.51,-179.55
52.41985,-1.541598,156.3,11.71,2,331.85,22 / 22,3070829,2019-09-06 19:07:17:511,0.1007,1.0107,10.9994,-0.043,0.1694,9.8051,-0.0411,-0.0112,-0.0822,4.25,-37.19,-6.06,161.4,-84.28,-174.22
52.41985,-1.541598,156.3,11.71,2,331.85,22 / 22,3070929,2019-09-06 19:07:17:611,-0.5106,0.8435,10.707,-0.0102,0.0055,9.8066,-0.0975,0.0201,-0.1045,3.63,-36.44,-6.31,158.92,-84.41,-177.37
52.41985,-1.541598,156.3,11.71,2,331.85,22 / 22,3071029,2019-09-06 19:07:17:711,3.3843,-1.1296,9.7,-0.0234,0.0156,9.8065,-0.1374,-0.2259,0.2808,2.88,-36.5,-6.87,164.37,-84.24,-179.71
52.41985,-1.541598,156.3,11.71,2,331.85,22 / 22,3071129,2019-09-06 19:07:17:811,2.308,-1.5373,9.5124,0.0081,-0.0785,9.8063,0.2284,0.0724,-0.0829,2.69,-36.75,-6.81,164.76,-84.57,-178.91
52.41985,-1.541598,156.3,11.71,2,331.85,22 / 22,3071228,2019-09-06 19:07:17:910,0.5664,0.3079,9.07,0.0078,-0.0852,9.8062,0.0427,0.1049,-0.0891,1.81,-36,-7.25,167.85,-84.76,178.39
52.41985,-1.541598,156.3,11.71,2,331.85,22 / 22,3071329,2019-09-06 19:07:18:011,0.0515,-0.6275,9.8563,0.0058,0.0042,9.8066,0.0095,-0.1235,0.0973,1.81,-36.75,-7.56,167.95,-85.01,177.36
52.41985,-1.541598,156.3,11.71,2,331.85,22 / 22,3071428,2019-09-06 19:07:18:110,1.7189,-0.3414,10.2187,0.0077,0.0193,9.8066,0.0139,-0.0356,0.0387,1.94,-36.5,-7.69,169.76,-85.1,-179.97
52.41985,-1.541598,156.3,11.71,2,331.85,22 / 22,3071529,2019-09-06 19:07:18:211,-1.7828,-0.4353,8.5298,0.0213,-0.0012,9.8065,-0.1022,0.0131,0.0169,1.25,-36.25,-7.81,176.49,-85.25,-177.66
52.41985,-1.541598,156.3,11.71,2,331.85,22 / 22,3071628,2019-09-06 19:07:18:310,0.4643,-1.1435,8.846,0.0049,0.0548,9.8064,-0.2433,-0.0625,0.0341,1.25,-35.94,-8.25,178.72,-85.06,-174.64
52.41985,-1.541598,156.3,11.71,2,331.85,22 / 22,3071729,2019-09-06 19:07:18:411,-0.6312,-2.0476,10.1565,0.0079,-0.0801,9.8062,0.0957,0.1001,0.0337,0.56,-36.37,-8.56,181.32,-85.52,-171.94
52.41985,-1.541598,156.3,11.71,2,331.85,22 / 22,3071828,2019-09-06 19:07:18:510,-0.7926,-0.3715,10.311,0.0249,-0.0106,9.8065,-0.0496,0.0346,-0.0081,1,-35.75,-8.5,181.22,-85.41,-171.23
52.41985,-1.541598,156.3,11.71,2,331.85,22 / 22,3071929,2019-09-06 19:07:18:611,1.2728,1.1626,10.7246,0.0006,0.0416,9.8065,0.1884,-0.0581,0.073,-0.06,-35.94,-7.56,188.03,-85.18,-168.98
52.41985,-1.541598,156.3,11.71,2,331.85,22 / 22,3072029,2019-09-06 19:07:18:711,0.3422,1.4735,9.9787,-0.0007,0.0027,9.8066,0.2552,-0.0808,0.0422,0.5,-35.5,-7.56,182.32,-84.92,-169.68
52.41985,-1.541598,156.3,11.71,2,331.85,22 / 22,3072128,2019-09-06 19:07:18:810,0.4,-0.0847,9.3819,-0.0146,0.0058,9.8066,-0.1839,-0.1042,0.0384,1.75,-35.06,-7.44,175.5,-84.91,-170.46
52.41985,-1.541598,156.3,11.71,2,331.85,22 / 22,3072229,2019-09-06 19:07:18:911,0.7272,0.6804,9.5507,-0.0351,-0.0009,9.8065,-0.0402,-0.0362,0.1163,2.06,-34.75,-8.31,175.78,-85.24,-171.66
52.41985,-1.541598,156.3,11.71,2,331.85,22 / 22,3072329,2019-09-06 19:07:19:011,1.0048,-1.2341,8.7664,-0.0011,-0.0467,9.8065,-0.1438,0.0129,-0.0593,3.06,-35.12,-8.19,170.74,-85.43,-171.68
52.41985,-1.541598,156.3,11.71,2,331.85,22 / 22,3072428,2019-09-06 19:07:19:110,-0.5785,-3.1758,9.2639,-0.0007,0.0129,9.8066,-0.1276,0.2644,-0.1267,2.69,-35.25,-7.87,168.61,-85.66,-174.31
52.41985,-1.541598,156.3,11.71,2,331.85,22 / 22,3072529,2019-09-06 19:07:19:211,-0.5612,-2.2979,8.911,0.0299,-0.0277,9.8065,-0.0707,0.108,-0.0571,2.81,-35.44,-8.19,167.85,-85.67,-175.29
52.41985,-1.541598,156.3,11.71,2,331.85,22 / 22,3072629,2019-09-06 19:07:19:311,2.0401,-0.7841,9.5715,0.0166,-0.057,9.8064,0.074,-0.2149,0.1189,1.75,-35.81,-8.31,173.61,-85.65,-174.45
52.41985,-1.541598,156.3,11.71,2,331.85,22 / 22,3072729,2019-09-06 19:07:19:411,1.1567,0.7277,11.0571,0.0058,0.0176,9.8065,0.2195,-0.1048,0.0557,2.19,-36.37,-8,175.59,-85.42,-171.89
52.41985,-1.541598,156.3,11.71,2,331.85,22 / 22,3072829,2019-09-06 19:07:19:511,-0.8423,-0.5031,9.8875,0.0171,-0.055,9.8064,0.274,0.0645,0.1027,1.06,-36.31,-8.5,182.21,-85.62,-169.92
52.41985,-1.541598,156.3,11.71,2,331.85,22 / 22,3072929,2019-09-06 19:07:19:611,1.5849,2.8712,8.0422,0.0071,0.0351,9.8065,-0.2526,-0.208,-0.0323,1.25,-37,-8.44,185.09,-85.66,-166.03
52.41985,-1.541598,156.3,11.71,2,331.85,22 / 22,3073028,2019-09-06 19:07:19:710,-4.2269,-2.976,11.4666,-0.0371,-0.031,9.8065,-0.0901,0.1048,-0.0711,2.06,-36.94,-9,177.21,-86.02,-171.03
52.41985,-1.541598,156.3,11.71,2,331.85,22 / 22,3073128,2019-09-06 19:07:19:810,0.9179,-0.6804,10.573,0.0129,0.0239,9.8066,0.2238,-0.1906,0.1907,1.44,-36.5,-8.5,184.12,-86.05,-167.5
52.41985,-1.541598,156.3,11.71,2,331.85,22 / 22,3073229,2019-09-06 19:07:19:911,0.0038,1.4865,11.8143,0.0237,-0.0161,9.8066,0.5928,0.2038,-0.2216,0.75,-36.31,-8.06,187.58,-86.05,-162.99
52.41985,-1.541598,156.3,11.71,2,331.85,22 / 22,3073329,2019-09-06 19:07:20:011,1.52,-3.3525,9.4168,-0.0169,0.1191,9.8058,-0.3492,-0.0237,0.0597,0.94,-36.44,-7.87,182.31,-85.85,-169.82
52.41985,-1.541598,156.3,11.71,2,331.85,22 / 22,3073431,2019-09-06 19:07:20:113,1.5726,-3.2417,9.0472,-0.0218,0.0666,9.8064,-0.2194,0.0911,-0.0761,0.94,-36.12,-7.94,180.7,-85.26,-171.92
52.41985,-1.541598,156.3,11.71,2,331.85,22 / 22,3073528,2019-09-06 19:07:20:210,-1.3812,-0.6706,8.6169,-0.0067,0.0017,9.8066,-0.5194,-0.0145,-0.0262,0.63,-35.94,-9.31,179.44,-85.84,-174.38
52.41985,-1.541598,156.3,11.71,2,331.85,22 / 22,3073629,2019-09-06 19:07:20:311,0.4128,-2.5806,9.2563,-0.0252,0.0399,9.8065,-0.4416,-0.0438,-0.0125,0.75,-35.5,-9.19,178.45,-86.15,-175.6
52.41985,-1.541598,156.3,11.71,2,331.85,22 / 22,3073729,2019-09-06 19:07:20:411,-1.8864,-2.7472,10.4442,0.0125,-0.0519,9.8064,0.0289,0.1335,-0.1726,0.56,-35.62,-8.5,176.03,-86.91,-177.79
52.41985,-1.541598,156.3,11.71,2,331.85,22 / 22,3073828,2019-09-06 19:07:20:510,2.0879,-2.1207,10.5771,-0.0148,-0.043,9.8065,0.0188,-0.1209,0.0978,0.44,-34.87,-8.75,178.63,-86.88,178.35
52.41985,-1.541598,156.3,11.71,2,331.85,22 / 22,3073929,2019-09-06 19:07:20:611,-0.8112,-1.389,10.0962,0.0045,-0.0158,9.8066,0.1281,-0.0077,0.005,1.31,-34.69,-7.75,173.26,-86.74,178.73
52.41985,-1.541598,156.3,11.71,2,331.85,22 / 22,3074028,2019-09-06 19:07:20:710,0.7269,-0.7545,10.8939,0.0281,-0.0204,9.8065,0.0423,0.0127,0.1077,2.19,-34.75,-8.06,170,-86.63,-178.43
52.41985,-1.541598,156.3,11.71,2,331.85,22 / 22,3074128,2019-09-06 19:07:20:810,0.4137,-1.1549,9.9173,0.0191,0.0157,9.8066,0.079,0.0861,-0.0767,2.56,-34.94,-8.81,169.28,-86.31,-174.79
52.41985,-1.541598,156.3,11.71,2,331.85,22 / 22,3074228,2019-09-06 19:07:20:910,0.8569,-2.2842,9.2117,0.0125,-0.0901,9.8061,0.2125,-0.059,0.0489,1.75,-35.12,-9.06,174.11,-86.63,-174.67
52.41985,-1.541598,156.3,11.71,2,331.85,22 / 22,3074329,2019-09-06 19:07:21:011,1.7782,-0.0869,10.944,-0.0019,0.0423,9.8065,0.0126,-0.1363,0.054,2.63,-34.06,-8.5,169.55,-86.63,-172.31
52.420628,-1.542252,156.82,9.72,2,332.41,21 / 21,3074429,2019-09-06 19:07:21:111,1.8172,-1.6794,9.4321,0.0097,-0.0105,9.8066,0.0272,-0.0207,-0.0671,2,-34.5,-8.94,178.05,-86.53,-169.86
52.420628,-1.542252,156.82,9.72,2,332.41,21 / 21,3074529,2019-09-06 19:07:21:211,-0.1712,-0.84,10.3773,-0.0157,0.0077,9.8066,-0.0021,-0.0494,0.0432,2.31,-33.5,-8.5,175.34,-86.53,-171.75
52.420628,-1.542252,156.82,9.72,2,332.41,21 / 21,3074629,2019-09-06 19:07:21:311,0.3943,-2.2939,8.846,0.0038,0.0156,9.8066,-0.0422,-0.0086,0.013,2.13,-34.25,-8.75,176.39,-86.42,-171.9
52.420628,-1.542252,156.82,9.72,2,332.41,21 / 21,3074729,2019-09-06 19:07:21:411,2.3567,-0.2881,10.2956,0.0174,-0.0487,9.8065,0.0666,-0.0029,0.0267,2.5,-34,-9,173.01,-86.61,-170.02
52.420628,-1.542252,156.82,9.72,2,332.41,21 / 21,3074828,2019-09-06 19:07:21:510,-1.0109,-1.7572,10.8122,0.0064,-0.0128,9.8066,0.0356,-0.0427,0.0029,2.69,-33.94,-9.56,175.28,-86.61,-168.92
52.420628,-1.542252,156.82,9.72,2,332.41,21 / 21,3074929,2019-09-06 19:07:21:611,0.4175,-0.7122,9.5033,0,-0.0101,9.8066,-0.1792,-0.1465,0.1635,1.56,-34.5,-9.44,180.47,-86.86,-166.91
52.420628,-1.542252,156.82,9.72,2,332.41,21 / 21,3075029,2019-09-06 19:07:21:711,0.5479,-2.341,9.4004,0.0052,0.0328,9.8066,-0.0988,0.0779,-0.0468,2.25,-34.06,-9.25,181.53,-86.82,-165.62
52.420628,-1.542252,156.82,9.72,2,332.41,21 / 21,3075129,2019-09-06 19:07:21:811,0.2496,-2.2625,9.5861,-0.0181,0.0235,9.8065,-0.1538,-0.0035,-0.0011,0.56,-34.56,-9.87,185.36,-86.87,-167.92
52.420628,-1.542252,156.82,9.72,2,332.41,21 / 21,3075229,2019-09-06 19:07:21:911,-0.0026,-0.812,10.2491,0.0103,-0.0465,9.8065,0.1386,0.0182,0.0161,0.75,-34.5,-9.56,186.98,-87.26,-166.19
52.420628,-1.542252,156.82,9.72,2,332.41,21 / 21,3075329,2019-09-06 19:07:22:011,0.2644,-0.4378,9.7505,0.0078,-0.0436,9.8065,0.1365,-0.0097,0.0395,-0.12,-34.81,-10.06,192.59,-87.26,-165.34
52.420628,-1.542252,156.82,9.72,2,332.41,21 / 21,3075428,2019-09-06 19:07:22:110,-0.7126,-2.0088,9.634,-0.0021,0.0071,9.8066,-0.1081,-0.0744,0.0715,0.06,-34.56,-10.31,194.89,-87.05,-162.48
52.420628,-1.542252,156.82,9.72,2,332.41,21 / 21,3075529,2019-09-06 19:07:22:211,-0.0306,-0.9007,9.6504,0.0126,0.0166,9.8065,-0.008,0.022,-0.0038,-0.31,-34.5,-9.5,197.27,-87,-159.39
52.420628,-1.542252,156.82,9.72,2,332.41,21 / 21,3075628,2019-09-06 19:07:22:310,1.0566,-2.2731,9.7588,0.0037,-0.0449,9.8065,0.0033,-0.0275,0.0432,-0.81,-34.06,-10.69,205.55,-87.17,-155.91
52.420628,-1.542252,156.82,9.72,2,332.41,21 / 21,3075728,2019-09-06 19:07:22:410,-1.9413,-1.8908,10.2959,0.0042,-0.033,9.8066,-0.0453,0.1727,-0.0865,-0.75,-33.19,-10.06,207.02,-87.24,-154.61
52.420628,-1.542252,156.82,9.72,2,332.41,21 / 21,3075828,2019-09-06 19:07:22:510,0.0953,-1.3724,10.4271,-0.0001,-0.0131,9.8066,0.0595,0.0931,-0.033,-0.56,-33.62,-10,206.12,-87.34,-155.65
52.420628,-1.542252,156.82,9.72,2,332.41,21 / 21,3075929,2019-09-06 19:07:22:611,-1.1168,-1.75,9.5175,-0.0123,-0.0135,9.8066,0.0407,0.0862,-0.0831,-1.12,-33.56,-7.87,204.14,-87.43,-158.57
52.420628,-1.542252,156.82,9.72,2,332.41,21 / 21,3076028,2019-09-06 19:07:22:710,-1.9375,-2.0246,9.5583,-0.0079,0.0165,9.8066,0.0078,0.0423,0.0627,-0.12,-33.94,-6.69,193.89,-87.34,-163.03
52.420628,-1.542252,156.82,9.72,2,332.41,21 / 21,3076129,2019-09-06 19:07:22:811,-1.4799,-2.5847,9.8766,-0.0005,0.0249,9.8065,-0.0342,0.1689,-0.0605,1.31,-33.06,-5.56,186.17,-87.12,-162.7
52.420628,-1.542252,156.82,9.72,2,332.41,21 / 21,3076229,2019-09-06 19:07:22:911,-0.274,-1.4416,9.7748,0.0153,0.0083,9.8066,0.026,0.193,0.0264,1.56,-33,-5.56,180.57,-86.99,-160.85
52.420628,-1.542252,156.82,9.72,2,332.41,21 / 21,3076329,2019-09-06 19:07:23:011,-0.3348,-2.4627,9.4334,-0.0093,0.0064,9.8066,-0.0559,0.2118,-0.0181,2.38,-32.87,-5.5,178.01,-87.02,-160.82
52.420628,-1.542252,156.82,9.72,2,332.41,21 / 22,3076429,2019-09-06 19:07:23:111,-0.2167,-2.5123,9.2988,0.019,-0.0143,9.8066,0.0487,0.1728,-0.0178,2.94,-32.69,-5.87,173.52,-87.24,-161.44
52.420628,-1.542252,156.82,9.72,2,332.41,21 / 22,3076529,2019-09-06 19:07:23:211,0.4598,-1.4291,9.9981,0.0337,-0.0307,9.8065,0.1226,0.1622,0.0591,3.56,-32.06,-6.12,173.38,-87.47,-154.21
52.420628,-1.542252,156.82,9.72,2,332.41,21 / 22,3076628,2019-09-06 19:07:23:310,0.2611,-2.096,10.346,0.0163,0.0264,9.8065,-0.0702,0.1878,0.0082,3.75,-33.06,-6.75,183.21,-87.41,-146.46
52.420628,-1.542252,156.82,9.72,2,332.41,21 / 22,3076729,2019-09-06 19:07:23:411,0.6416,-1.5423,10.4923,0.023,0.0122,9.8066,0.0559,0.1598,0.0763,4.31,-33.81,-6.87,189.65,-87.39,-138.77
52.420628,-1.542252,156.82,9.72,2,332.41,21 / 22,3076829,2019-09-06 19:07:23:511,0.6137,-0.3952,10.1023,-0.0012,0.0406,9.8065,-0.1462,0.0737,0.0401,4.44,-34.75,-7.19,194.37,-87.12,-132.8
52.420628,-1.542252,156.82,9.72,2,332.41,21 / 22,3076929,2019-09-06 19:07:23:611,1.3946,-2.1369,9.86,-0.0056,0.0237,9.8065,0.0304,0.0374,0.0453,4.44,-34.94,-7.12,197.84,-87.04,-128.51
52.420628,-1.542252,156.82,9.72,2,332.41,21 / 22,3077029,2019-09-06 19:07:23:711,1.8084,-1.806,10.2053,0.0003,0.0218,9.8065,0.0117,0.0482,-0.0236,3.38,-35.12,-7.12,204.06,-86.9,-126.95
52.420628,-1.542252,156.82,9.72,2,332.41,21 / 22,3077128,2019-09-06 19:07:23:810,2.1942,-1.5863,10.1066,0.0189,-0.0166,9.8066,-0.0727,0.0264,0.0108,3.31,-35.94,-7.12,207.03,-86.95,-123.25
52.420628,-1.542252,156.82,9.72,2,332.41,21 / 22,3077230,2019-09-06 19:07:23:912,1.2358,-1.6307,10.1156,0.0095,0.0003,9.8066,0.0109,-0.0219,-0.007,3.31,-35.62,-6.94,207.52,-86.87,-122.46
52.420628,-1.542252,156.82,9.72,2,332.41,21 / 22,3077329,2019-09-06 19:07:24:011,1.5459,-1.6379,10.0733,0.0064,0.0092,9.8066,-0.0783,-0.0448,-0.0122,2.44,-35.56,-7.56,216.36,-86.86,-121.48
52.420628,-1.542252,156.82,9.72,2,332.41,21 / 21,3077430,2019-09-06 19:07:24:112,1.2427,-1.5526,9.8899,-0.0017,0.0025,9.8066,-0.0059,-0.0462,0.0027,2.44,-35.31,-7.5,215.27,-86.84,-120.03
52.420628,-1.542252,156.82,9.72,2,332.41,21 / 21,3077529,2019-09-06 19:07:24:211,1.7601,-1.4742,9.893,0.0219,-0.0143,9.8066,0.0033,-0.0928,0.0146,1.75,-36.25,-6.87,218.52,-86.82,-115.73
52.420628,-1.542252,156.82,9.72,2,332.41,21 / 21,3077628,2019-09-06 19:07:24:310,1.3718,-1.973,9.9403,0.0051,-0.02,9.8066,-0.0057,-0.1464,-0.0006,0.38,-36.69,-6.87,232.48,-86.83,-114.14
52.420628,-1.542252,156.82,9.72,2,332.41,21 / 21,3077729,2019-09-06 19:07:24:411,0.6818,-1.5464,9.6901,0.0062,0.0067,9.8066,-0.0061,-0.147,0.0146,0.94,-37.12,-7.31,226.03,-86.78,-113.65
52.420628,-1.542252,156.82,9.72,2,332.41,21 / 21,3077829,2019-09-06 19:07:24:511,2.0138,-1.613,10.2826,-0.0036,0.0145,9.8066,-0.0177,-0.1569,0.0597,1.69,-37.19,-7.81,223.04,-86.7,-112.8
52.420628,-1.542252,156.82,9.72,2,332.41,21 / 21,3077928,2019-09-06 19:07:24:610,1.0041,-1.7538,9.8759,0.0087,-0.0176,9.8065,-0.0319,-0.1451,-0.0154,0.69,-36.56,-7.37,226.79,-86.71,-112.47
52.420628,-1.542252,156.82,9.72,2,332.41,21 / 21,3078029,2019-09-06 19:07:24:711,0.558,-1.2403,9.5225,0.0044,-0.0255,9.8066,0.0211,-0.1397,0.0052,0.81,-35.81,-8.06,233.18,-86.82,-108.27
52.420628,-1.542252,156.82,9.72,2,332.41,21 / 21,3078129,2019-09-06 19:07:24:811,0.2234,-1.2279,9.5725,0.0076,-0.0057,9.8065,-0.0132,-0.188,0.0156,0.94,-36,-8,234.7,-86.88,-106.76
52.420628,-1.542252,156.82,9.72,2,332.41,21 / 21,3078229,2019-09-06 19:07:24:911,0.7186,-2.1671,10.813,0.0064,-0.0072,9.8066,-0.0071,-0.1114,0.0039,0.69,-36.31,-8.12,235.27,-86.8,-105.82
52.420628,-1.542252,156.82,9.72,2,332.41,21 / 21,3078329,2019-09-06 19:07:25:011,0.5627,-1.705,10.2934,0.0019,-0.0026,9.8066,-0.0044,-0.1068,0.0009,0.19,-36.62,-8.44,242.86,-86.82,-103.96
52.420628,-1.542252,156.82,9.72,2,332.41,21 / 21,3078429,2019-09-06 19:07:25:111,0.4246,-1.4639,9.9628,0.0067,-0.0078,9.8066,-0.0193,-0.1085,-0.0142,-0.56,-36.81,-7.87,250.77,-86.8,-102.35
52.420628,-1.542252,156.82,9.72,2,332.41,21 / 21,3078529,2019-09-06 19:07:25:211,0.0732,-1.1868,9.9326,-0.0015,-0.0044,9.8066,0.0406,-0.0911,0.0276,-0.31,-37.31,-8.56,246.52,-86.82,-101.42
52.420628,-1.542252,156.82,9.72,2,332.41,21 / 21,3078628,2019-09-06 19:07:25:310,0.1634,-0.4852,10.0509,0.0044,0.0023,9.8066,0.0164,-0.0997,0.0005,-0.75,-37,-8.25,251.45,-86.79,-101.57
52.420628,-1.542252,156.82,9.72,2,332.41,21 / 21,3078729,2019-09-06 19:07:25:411,0.3704,0.2207,9.8812,0.0052,0.0053,9.8066,0.0415,-0.0899,0.0286,-0.5,-36.12,-8.81,244.65,-86.68,-103.28
52.420628,-1.542252,156.82,9.72,2,332.41,21 / 21,3078829,2019-09-06 19:07:25:511,0.141,0.4247,9.8758,0.0103,0.0066,9.8066,0.0536,-0.097,0.0326,-1.19,-36.56,-8.5,248.37,-86.56,-103.95
52.420628,-1.542252,156.82,9.72,2,332.41,21 / 21,3078928,2019-09-06 19:07:25:610,0.2673,0.3953,9.6183,0.0009,0.0052,9.8066,-0.017,-0.082,0.0115,-0.75,-36.44,-8.44,247.34,-86.44,-104.98
52.420628,-1.542252,156.82,9.72,2,332.41,21 / 21,3079028,2019-09-06 19:07:25:710,0.4547,0.266,9.6599,0.0018,-0.0014,9.8066,0.0076,-0.1016,0.0319,-0.81,-36.44,-8.75,248.98,-86.44,-104.06
52.420628,-1.542252,156.82,9.72,2,332.41,21 / 21,3079128,2019-09-06 19:07:25:810,0.2666,-0.1876,9.8255,0.0019,-0.013,9.8066,0.0068,-0.096,-0.0198,-0.62,-36.94,-9.37,249.54,-86.41,-102.96
52.420628,-1.542252,156.82,9.72,2,332.41,21 / 21,3079229,2019-09-06 19:07:25:911,0.0622,-0.2812,9.8875,0.003,-0.0113,9.8066,-0.0042,-0.0877,0.0099,-0.87,-37.06,-9.37,251.8,-86.44,-100.62
52.420628,-1.542252,156.82,9.72,2,332.41,21 / 21,3079329,2019-09-06 19:07:26:011,-0.2791,-0.3465,9.7075,0.0037,-0.0052,9.8066,-0.0131,-0.074,0.0082,-1.19,-37.06,-9.56,254.26,-86.43,-98.72
52.420628,-1.542252,156.82,9.72,2,332.41,21 / 21,3079429,2019-09-06 19:07:26:111,0.0036,-0.7671,9.9315,0.0038,-0.0063,9.8066,-0.0182,-0.0676,0.0086,-0.81,-36.69,-9.06,255.09,-86.41,-96.92
52.420628,-1.542252,156.82,9.72,2,332.41,21 / 21,3079529,2019-09-06 19:07:26:211,0.1798,-0.9016,10.0223,0.0072,-0.0102,9.8066,0.0046,-0.0612,0.0289,-1.12,-36.5,-10.06,258.81,-86.32,-93.87
52.420628,-1.542252,156.82,9.72,2,332.41,21 / 21,3079628,2019-09-06 19:07:26:310,0.0169,-0.9358,9.955,0.0055,-0.0087,9.8066,-0.0203,-0.0545,0.0027,-1.37,-36.37,-9.56,259.7,-86.27,-92.74
52.420628,-1.542252,156.82,9.72,2,332.41,21 / 21,3079729,2019-09-06 19:07:26:411,-0.007,-0.7275,9.9342,0.0042,-0.0068,9.8066,0.0055,-0.0439,0.0029,-1.12,-36.19,-9.37,259.63,-86.22,-91.77
52.420628,-1.542252,156.82,9.72,2,332.41,21 / 21,3079828,2019-09-06 19:07:26:510,0.0453,-0.7144,9.8722,0.0046,-0.0095,9.8066,0.0093,-0.025,0.0189,-1.69,-36.94,-10.12,267.25,-86.16,-90
52.420628,-1.542252,156.82,9.72,2,332.41,21 / 21,3079929,2019-09-06 19:07:26:611,0.1026,-0.6329,9.9456,0.0029,-0.0014,9.8066,-0.0094,-0.0075,0.0098,-1.19,-36.56,-9.5,261.32,-86.11,-89.08
52.420628,-1.542252,156.82,9.72,2,332.41,21 / 21,3080029,2019-09-06 19:07:26:711,-0.0162,-0.1988,9.8419,0.0018,-0.0027,9.8066,0.0101,0.0002,0.0049,-1.06,-37,-9.69,263.03,-86.08,-88.21
52.420628,-1.542252,156.82,9.72,2,332.41,21 / 21,3080128,2019-09-06 19:07:26:810,-0.0399,0.3625,9.9468,0.0029,-0.0003,9.8065,0.0322,-0.0213,-0.001,-1.44,-37.25,-9.31,262.53,-86.05,-87.56
52.420628,-1.542252,156.82,9.72,2,332.41,21 / 21,3080229,2019-09-06 19:07:26:911,0.1233,0.6637,9.8992,0.0046,-0.002,9.8066,0.0203,-0.0112,0.0182,-1.81,-36.56,-9.56,269.06,-86,-87.55
52.420628,-1.542252,156.82,9.72,2,332.41,21 / 21,3080329,2019-09-06 19:07:27:011,-0.0743,0.6494,9.7167,-0.0007,0.0009,9.8066,-0.0066,-0.008,0.0142,-1.5,-36.62,-8.69,262.61,-85.96,-87.12
52.420628,-1.542252,156.82,9.72,2,332.41,21 / 21,3080429,2019-09-06 19:07:27:111,0.0688,0.4976,9.6909,0.0001,-0.0026,9.8066,0.015,-0.0059,-0.0093,-1.56,-36.31,-9.25,270.21,-85.95,-86.27
52.420628,-1.542252,156.82,9.72,2,332.41,21 / 21,3080529,2019-09-06 19:07:27:211,0.0144,0.4846,9.9136,-0.0007,-0.0066,9.8066,0.0035,-0.02,-0.0102,-1.5,-36.5,-9,265.08,-85.96,-85.02
52.420628,-1.542252,156.82,9.72,2,332.41,21 / 21,3080628,2019-09-06 19:07:27:310,0.0267,0.408,9.8507,0,-0.001,9.8066,-0.0119,-0.0027,0.0068,-1.25,-36.62,-9.62,265.81,-85.96,-84.9
52.420628,-1.542252,156.82,9.72,2,332.41,21 / 21,3080729,2019-09-06 19:07:27:411,-0.0464,0.4819,9.7988,0.0023,-0.0033,9.8066,0.0155,-0.0092,0.0063,-1.5,-37.5,-9.06,265.91,-85.94,-83.64
52.420628,-1.542252,156.82,9.72,2,332.41,21 / 21,3080829,2019-09-06 19:07:27:511,-0.0703,0.6697,9.7889,0.0018,-0.0053,9.8066,0.0055,-0.0093,-0.0023,-1.25,-37,-9.37,266.48,-85.92,-82.96
52.420628,-1.542252,156.82,9.72,2,332.41,21 / 21,3080929,2019-09-06 19:07:27:611,0.0762,0.9167,9.7714,0.002,-0.0007,9.8066,-0.0163,-0.017,-0.0049,-1.69,-36.94,-8.81,273.41,-85.89,-82.37
52.420628,-1.542252,156.82,9.72,2,332.41,21 / 21,3081029,2019-09-06 19:07:27:711,0.0465,1.0682,9.8095,-0.0001,0.0003,9.8066,0.002,-0.0084,0.0156,-1.5,-37.19,-8.94,267.2,-85.86,-81.98
52.420628,-1.542252,156.82,9.72,2,332.41,21 / 21,3081129,2019-09-06 19:07:27:811,0.1169,0.8661,9.8147,0.0005,-0.003,9.8066,0.0359,-0.0353,0.006,-1.62,-36.5,-9,274.55,-85.85,-81.54
52.420628,-1.542252,156.82,9.72,2,332.41,21 / 21,3081229,2019-09-06 19:07:27:911,0.0031,1.218,9.8444,0.0017,-0.0048,9.8066,0.0057,-0.0244,-0.0018,-1.56,-36.62,-8.5,273.35,-85.83,-81.6
52.420628,-1.542252,156.82,9.72,2,332.41,21 / 21,3081328,2019-09-06 19:07:28:010,-0.1077,1.1115,9.7302,0.0002,-0.0035,9.8066,0.0004,-0.044,0.0058,-1.87,-36.81,-8.75,274.86,-85.81,-80.6
52.420628,-1.542252,156.82,9.72,2,332.41,21 / 21,3081428,2019-09-06 19:07:28:110,0.115,0.8298,9.9012,0.002,-0.003,9.8066,0.0004,-0.0229,0.0009,-2.12,-37.12,-9.56,275.83,-85.77,-79.99
52.420628,-1.542252,156.82,9.72,2,332.41,21 / 21,3081529,2019-09-06 19:07:28:211,0.0635,0.8349,9.7912,0.0021,-0.0024,9.8066,0.0078,-0.0324,0.0043,-1.19,-37.25,-8.81,269.02,-85.74,-79.61
52.420628,-1.542252,156.82,9.72,2,332.41,21 / 21,3081628,2019-09-06 19:07:28:310,-0.0926,0.8405,9.8014,0.0007,-0.0019,9.8066,0.0131,-0.038,0.0006,-1.5,-36.44,-8.81,270.1,-85.71,-78.9
52.420628,-1.542252,156.82,9.72,2,332.41,21 / 21,3081729,2019-09-06 19:07:28:411,-0.0128,0.9579,9.873,0.0003,0.0011,9.8066,0.0023,-0.0603,-0.0036,-1.25,-36.87,-9.31,269.67,-85.71,-78.81
52.420628,-1.542252,156.82,9.72,2,332.41,21 / 21,3081828,2019-09-06 19:07:28:510,-0.0393,0.8729,9.7809,-0.0003,0.0056,9.8066,0.007,-0.0537,-0.0072,-1.81,-36.81,-8.56,276.18,-85.72,-78.94
52.420628,-1.542252,156.82,9.72,2,332.41,21 / 21,3081928,2019-09-06 19:07:28:610,-0.0127,1.3108,9.7975,-0.0018,0.0044,9.8066,0.0297,-0.06,0.001,-1.31,-36.12,-9.25,270.06,-85.73,-79
52.420628,-1.542252,156.82,9.72,2,332.41,21 / 21,3082029,2019-09-06 19:07:28:711,-0.1621,1.4995,9.8719,0.0016,0.0003,9.8066,0.0238,-0.0593,-0.0032,-1.12,-36,-9.06,269.81,-85.73,-79.26
52.420628,-1.542252,156.82,9.72,2,332.41,21 / 21,3082129,2019-09-06 19:07:28:811,-0.053,1.3451,9.7837,0.0008,0.0068,9.8066,0.0266,-0.0673,0.005,-1.81,-36.37,-9.25,276.03,-85.77,-79.79
52.420628,-1.542252,156.82,9.72,2,332.41,21 / 21,3082228,2019-09-06 19:07:28:910,0.0581,1.2584,9.8666,-0.0021,0.0041,9.8066,0.0125,-0.0515,0.0038,-1.81,-36.37,-9,274.91,-85.79,-80.97
52.420628,-1.542252,156.82,9.72,2,332.41,21 / 21,3082328,2019-09-06 19:07:29:010,0.2382,1.0863,9.7245,-0.0005,0.0066,9.8066,0.0247,-0.0841,0.0086,-1.62,-37.56,-9.31,272.36,-85.75,-82.34
52.420628,-1.542252,156.82,9.72,2,332.41,22 / 22,3082428,2019-09-06 19:07:29:110,0.0696,0.7389,9.89,0.0044,0.0056,9.8066,0.0112,-0.0847,0.0143,-2.25,-37.12,-8.69,271.92,-85.7,-83.04
52.420628,-1.542252,156.82,9.72,2,332.41,22 / 22,3082528,2019-09-06 19:07:29:210,-0.2795,-0.2502,9.7256,0.0011,0.0048,9.8066,0.0084,-0.0527,-0.0017,-2.44,-37.19,-8.62,271.5,-85.69,-83.42
52.420628,-1.542252,156.82,9.72,2,332.41,22 / 22,3082629,2019-09-06 19:07:29:311,0.0683,-0.6387,9.8622,0.0016,0.0061,9.8066,-0.0303,-0.0408,-0.0033,-2.81,-36.56,-9.44,278.31,-85.66,-83.08
52.420628,-1.542252,156.82,9.72,2,332.41,22 / 22,3082729,2019-09-06 19:07:29:411,-0.2785,-1.2602,9.9338,-0.0025,-0.0113,9.8066,0.0211,-0.0357,-0.0149,-3.06,-36.75,-9.37,278.26,-85.62,-82.98
52.420628,-1.542252,156.82,9.72,2,332.41,22 / 22,3082829,2019-09-06 19:07:29:511,-0.3326,-1.1685,10.006,-0.0009,-0.007,9.8066,0.0212,-0.0348,-0.0021,-2.69,-36.87,-9.56,279.63,-85.65,-81.64
52.420628,-1.542252,156.82,9.72,2,332.41,22 / 22,3082929,2019-09-06 19:07:29:611,-0.5514,-0.8918,9.9715,-0.0012,-0.0005,9.8066,0.0194,0.0023,0.0025,-2.56,-36.87,-9.5,279.64,-85.67,-81.84
52.420628,-1.542252,156.82,9.72,2,332.41,22 / 22,3083029,2019-09-06 19:07:29:711,-0.2296,0.8565,9.9722,0.0033,0.0004,9.8066,0.0262,0.0045,0.0157,-2.94,-36.81,-9.44,279.65,-85.65,-81.74
52.420628,-1.542252,156.82,9.72,2,332.41,22 / 22,3083129,2019-09-06 19:07:29:811,0.2738,1.0541,9.8959,0.0132,0.0178,9.8066,0.0633,-0.0189,0.0368,-3.37,-37.44,-8.94,276.66,-85.45,-83.8
52.420628,-1.542252,156.82,9.72,2,332.41,22 / 22,3083229,2019-09-06 19:07:29:911,0.2198,1.1311,9.5614,0.0024,0.0083,9.8066,0.0184,-0.0006,-0.0016,-3.56,-37.19,-9.25,281.87,-85.4,-84.87
52.420628,-1.542252,156.82,9.72,2,332.41,22 / 22,3083328,2019-09-06 19:07:30:010,0.1557,0.8109,9.8068,-0.0006,0.0045,9.8066,0.008,-0.0086,-0.0018,-3.19,-37.69,-9.12,274.61,-85.43,-85.21
52.4208,-1.542426,156.83,0,3,339.41,21 / 21,3083429,2019-09-06 19:07:30:111,0.1287,0.6892,9.9529,-0.0017,-0.0047,9.8066,0.0026,-0.0084,-0.0027,-3.37,-37.25,-9.37,275.31,-85.45,-85.12
52.4208,-1.542426,156.83,0,3,339.41,21 / 21,3083529,2019-09-06 19:07:30:211,-0.1297,0.6149,9.8453,-0.0027,-0.001,9.8066,0.0108,-0.0069,-0.0057,-2.87,-36.87,-8.69,276.07,-85.5,-84.58
52.4208,-1.542426,156.83,0,3,339.41,21 / 21,3083628,2019-09-06 19:07:30:310,0.0556,0.9512,9.669,-0.0023,0.0016,9.8066,0.0012,-0.0027,0.0049,-3.06,-37.19,-9.25,275.89,-85.52,-84.85
52.4208,-1.542426,156.83,0,3,339.41,21 / 21,3083729,2019-09-06 19:07:30:411,0.126,0.8884,9.7836,0,0.0018,9.8066,-0.0106,-0.0109,0.0041,-2.56,-36.5,-9.25,276.02,-85.5,-85.1
52.4208,-1.542426,156.83,0,3,339.41,21 / 21,3083829,2019-09-06 19:07:30:511,0.1051,0.7819,9.8813,0.002,0.0064,9.8066,0.0015,0.0061,-0.0032,-2.94,-37.06,-8.81,275.22,-85.47,-85.27
52.4208,-1.542426,156.83,0,3,339.41,21 / 21,3083929,2019-09-06 19:07:30:611,0.1027,0.6385,9.8335,-0.0004,-0.0022,9.8066,-0.0006,-0.0264,0.0088,-3,-37.81,-9.25,274.7,-85.46,-85.25
52.4208,-1.542426,156.83,0,3,339.41,21 / 21,3084029,2019-09-06 19:07:30:711,-0.2081,0.2992,9.8071,-0.0002,-0.0025,9.8066,0.0204,-0.0147,-0.0034,-2.94,-37,-9.25,275.59,-85.47,-84.93
52.4208,-1.542426,156.83,0,3,339.41,21 / 21,3084129,2019-09-06 19:07:30:811,-0.0484,0.2053,9.8853,-0.0006,-0.0002,9.8066,0.0128,-0.0168,0.0026,-2.75,-37.19,-8.81,276.04,-85.51,-84.64
52.4208,-1.542426,156.83,0,3,339.41,21 / 21,3084228,2019-09-06 19:07:30:910,-0.0611,0.3195,9.9352,-0.0006,-0.0031,9.8066,-0.0073,-0.0106,0.0064,-2.87,-37,-9.5,276.57,-85.52,-84.17
52.4208,-1.542426,156.83,0,3,339.41,21 / 21,3084329,2019-09-06 19:07:31:011,-0.0788,0.6869,9.8651,0.0037,0.0013,9.8066,-0.0098,-0.0117,0.007,-2.5,-37.19,-9.44,269.57,-85.47,-84.43
52.4208,-1.542426,156.83,0,3,339.41,21 / 21,3084429,2019-09-06 19:07:31:111,-0.0021,0.9601,9.6305,0.0021,0.0096,9.8066,-0.0047,-0.0102,0.0096,-2.75,-37.12,-9.5,275.11,-85.45,-85.29
52.4208,-1.542426,156.83,0,3,339.41,21 / 21,3084529,2019-09-06 19:07:31:211,-0.0029,0.6096,9.8229,0.0006,0.0012,9.8066,-0.001,-0.0119,0.0058,-2.94,-37,-9.37,274.46,-85.4,-85.73
52.4208,-1.542426,156.83,0,3,339.41,21 / 21,3084628,2019-09-06 19:07:31:310,0.0696,0.5616,9.8693,0.0002,-0.0022,9.8066,-0.0002,-0.0012,-0.0024,-3.19,-37.19,-9.5,274.55,-85.39,-85.6
52.4208,-1.542426,156.83,0,3,339.41,21 / 21,3084729,2019-09-06 19:07:31:411,-0.1399,0.7161,9.8394,0.0006,0.0023,9.8066,0.0175,0.0047,0.0055,-2.75,-37.5,-9.19,273.99,-85.38,-86.11
52.4208,-1.542426,156.83,0,3,339.41,21 / 21,3084829,2019-09-06 19:07:31:511,-0.1415,0.6296,9.7573,-0.0003,0.0052,9.8066,0.004,-0.0077,-0.0044,-3.12,-37.19,-8.94,273.79,-85.38,-86.31
52.4208,-1.542426,156.83,0,3,339.41,21 / 21,3084929,2019-09-06 19:07:31:611,-0.1818,0.5234,9.8807,0.002,-0.0024,9.8066,-0.0242,-0.0094,-0.0042,-2.5,-37.31,-9.06,267.46,-85.36,-86.08
52.4208,-1.542426,156.83,0,3,339.41,21 / 21,3085029,2019-09-06 19:07:31:711,-0.0925,0.5971,9.8644,0.002,-0.0003,9.8066,0.0077,-0.0124,0.0099,-2.81,-36.62,-9.12,273.44,-85.34,-86.47
52.4208,-1.542426,156.83,0,3,339.41,21 / 21,3085128,2019-09-06 19:07:31:810,0.0256,0.4349,9.8842,-0.0002,0.0011,9.8066,0.0028,0.0103,-0.0034,-2.75,-36.44,-9.75,273.53,-85.33,-86.84
52.4208,-1.542426,156.83,0,3,339.41,21 / 21,3085230,2019-09-06 19:07:31:912,-0.1492,0.5066,9.8816,0.0006,0,9.8066,0.0148,0.0006,-0.0039,-2.5,-36.69,-9.94,267.03,-85.33,-87.08
52.4208,-1.542426,156.83,0,3,339.41,21 / 21,3085329,2019-09-06 19:07:32:011,-0.0407,0.6761,9.7831,0.0002,0.0001,9.8066,0.0035,-0.0067,0.0054,-3.12,-36.5,-9.81,273.17,-85.33,-87.17
52.4208,-1.542426,156.83,0,3,339.41,22 / 22,3085428,2019-09-06 19:07:32:110,-0.0878,0.6161,9.8779,0.0021,0.0003,9.8066,0.011,0.0069,0.0008,-3.25,-36.69,-10.31,272.62,-85.32,-87.21
52.4208,-1.542426,156.83,0,3,339.41,22 / 22,3085529,2019-09-06 19:07:32:211,0.0347,0.7597,9.7233,0.0007,0.0033,9.8066,-0.0072,-0.0074,-0.0004,-3.56,-36.75,-9.31,278.54,-85.31,-87.64
52.4208,-1.542426,156.83,0,3,339.41,22 / 22,3085628,2019-09-06 19:07:32:310,-0.0299,0.4185,9.7798,-0.0005,0.0066,9.8066,-0.0116,0.0036,-0.0009,-3.12,-37.12,-8.81,271.8,-85.32,-88.01
52.4208,-1.542426,156.83,0,3,339.41,22 / 22,3085728,2019-09-06 19:07:32:410,-0.0277,0.6983,9.7607,-0.0002,-0.0012,9.8066,0.0257,-0.0158,0.0146,-3.44,-36.75,-8.94,271.22,-85.32,-88.58
52.4208,-1.542426,156.83,0,3,339.41,22 / 22,3085828,2019-09-06 19:07:32:510,-0.0092,0.9017,9.7467,0.0001,-0.0013,9.8066,0.0105,-0.0009,0.006,-3.5,-36.87,-9.31,270.69,-85.32,-89.11
52.4208,-1.542426,156.83,0,3,339.41,22 / 22,3085929,2019-09-06 19:07:32:611,-0.0126,0.4865,9.9392,0,0.0049,9.8066,0.0054,-0.0279,-0.0085,-3.06,-35.81,-9.19,270.17,-85.32,-90.14
52.4208,-1.542426,156.83,0,3,339.41,22 / 22,3086029,2019-09-06 19:07:32:711,0.0668,0.8155,9.9163,-0.0018,0.0052,9.8066,0.0082,-0.0168,0.0125,-3.44,-36.62,-8.12,269.06,-85.32,-90.74
52.4208,-1.542426,156.83,0,3,339.41,22 / 22,3086128,2019-09-06 19:07:32:810,-0.0025,1.1589,9.7879,0.0016,0.009,9.8066,0.0072,-0.0356,0.0184,-3.44,-36.37,-8.19,268.21,-85.31,-92.12
52.4208,-1.542426,156.83,0,3,339.41,22 / 22,3086228,2019-09-06 19:07:32:910,0.2097,1.3587,9.745,0.0042,0.0096,9.8066,0.0131,-0.0003,0.0063,-3.87,-36.94,-8.25,273.11,-85.26,-93.4
52.4208,-1.542426,156.83,0,3,339.41,22 / 22,3086329,2019-09-06 19:07:33:011,-0.1156,2.4106,9.8308,0.0035,0.0128,9.8066,0.0175,-0.0316,-0.0127,-3.5,-37.12,-8.12,264.74,-85.24,-94.8
52.4208,-1.542426,156.83,0,3,339.41,22 / 22,3086429,2019-09-06 19:07:33:111,0.5269,2.4941,9.8413,-0.0007,0.0086,9.8066,0.0262,-0.0658,0.024,-3.62,-36.94,-7.87,269.09,-85.2,-97.18
52.4208,-1.542426,156.83,0,3,339.41,22 / 22,3086529,2019-09-06 19:07:33:211,0.7286,1.629,9.9487,0.0032,0.0226,9.8065,0.0373,-0.0866,-0.0024,-3.94,-37.19,-7.69,265.07,-85.12,-100.91
52.4208,-1.542426,156.83,0,3,339.41,22 / 22,3086629,2019-09-06 19:07:33:311,0.9572,3.2413,9.8571,0.005,0.0203,9.8065,0.0634,-0.1211,0.0079,-4.06,-36.37,-7.5,263.54,-85.03,-103.54
52.4208,-1.542426,156.83,0,3,339.41,22 / 22,3086729,2019-09-06 19:07:33:411,0.9476,2.1409,9.7309,0.0078,0.0322,9.8065,0.0233,-0.1593,0.0217,-3.94,-36.62,-8.37,256.72,-84.83,-108.52
52.4208,-1.542426,156.83,0,3,339.41,22 / 22,3086829,2019-09-06 19:07:33:511,0.8314,2.3983,9.7398,0.0041,0.0317,9.8065,0.0515,-0.2009,0.0167,-3.75,-37.37,-8.25,253.55,-84.69,-111.45
52.4208,-1.542426,156.83,0,3,339.41,22 / 22,3086930,2019-09-06 19:07:33:612,0.7835,2.4486,9.8317,0.0029,0.0275,9.8066,0.0631,-0.2103,0.0201,-3.69,-37.06,-8.37,250.43,-84.55,-114.39
52.4208,-1.542426,156.83,0,3,339.41,22 / 22,3087028,2019-09-06 19:07:33:710,0.9556,2.747,9.703,0.0035,0.0248,9.8065,0.058,-0.2391,0.0183,-4.19,-37.37,-7.19,246.52,-84.32,-118.6
52.4208,-1.542426,156.83,0,3,339.41,22 / 22,3087128,2019-09-06 19:07:33:810,1.2218,2.5804,9.7492,0.0104,0.0217,9.8066,0.0389,-0.2674,0.0553,-5.25,-37,-7.31,248.41,-84.02,-122.47
52.4208,-1.542426,156.83,0,3,339.41,22 / 22,3087228,2019-09-06 19:07:33:910,1.6372,3.3526,9.7871,0.0163,0.0169,9.8065,0.0036,-0.3265,0.0679,-5.06,-37.37,-6.81,245.9,-83.72,-124.19
52.4208,-1.542426,156.83,0,3,339.41,22 / 22,3087329,2019-09-06 19:07:34:011,2.1159,2.2508,9.6393,0.0221,0.016,9.8065,0.0783,-0.3763,0.092,-6.44,-37.06,-6.44,250.92,-83.36,-125.55
52.4208,-1.542426,156.83,0,3,339.41,22 / 22,3087430,2019-09-06 19:07:34:112,2.7672,2.1267,9.7729,0.0427,0.0261,9.8065,0.0665,-0.4626,0.1249,-7.81,-37,-5.94,257.66,-82.63,-127.71
52.4208,-1.542426,156.83,0,3,339.41,22 / 22,3087529,2019-09-06 19:07:34:211,4.1079,1.3685,10.6135,0.0315,0.0192,9.8066,0.0902,-0.5469,0.0642,-8.25,-37.19,-5.44,255.08,-81.73,-129.67
52.4208,-1.542426,156.83,0,3,339.41,22 / 22,3087628,2019-09-06 19:07:34:310,3.1474,-0.1954,10.1915,-0.0116,-0.0167,9.8065,0.0511,-0.5049,0.016,-9.37,-36.69,-6.37,256.77,-81.59,-130.22
52.4208,-1.542426,156.83,0,3,339.41,22 / 22,3087728,2019-09-06 19:07:34:410,2.304,0.0653,10.1063,-0.0202,0.0062,9.8066,-0.1509,-0.566,0.023,-9.5,-36.12,-6.31,257.32,-81.86,-131.44
52.4208,-1.542426,156.83,0,3,339.41,22 / 22,3087829,2019-09-06 19:07:34:511,1.2856,0.2929,9.7865,-0.0172,0.0093,9.8066,-0.0896,-0.5437,-0.0185,-10.12,-37.12,-6.44,261.39,-82.12,-132
52.4208,-1.542426,156.83,0,3,339.41,22 / 22,3087929,2019-09-06 19:07:34:611,1.9037,-0.1295,9.9076,0.0033,0.0048,9.8066,0.01,-0.5759,0.0702,-10.94,-37.06,-6.19,264.83,-82.24,-132.97
52.4208,-1.542426,156.83,0,3,339.41,22 / 22,3088029,2019-09-06 19:07:34:711,2.3383,-0.5277,9.7795,0.0139,-0.0037,9.8065,-0.05,-0.6321,0.1087,-11.62,-37.25,-6.5,267.38,-82.03,-133.39
52.4208,-1.542426,156.83,0,3,339.41,22 / 22,3088129,2019-09-06 19:07:34:811,2.5064,-1.0671,9.7817,0.027,0.0026,9.8066,-0.0806,-0.667,0.124,-13,-36.5,-6.37,269.7,-81.58,-133.66
52.4208,-1.542426,156.83,0,3,339.41,22 / 22,3088229,2019-09-06 19:07:34:911,2.6103,-1.1899,10.0682,0.0326,0.0098,9.8065,-0.0877,-0.6787,0.1217,-14.19,-35.87,-5.56,271.68,-81.28,-133.86
52.4208,-1.542426,156.83,0,3,339.41,22 / 22,3088329,2019-09-06 19:07:35:011,2.1171,-1.7746,9.865,0.0098,0.0008,9.8066,0.0424,-0.6475,0.0569,-16.06,-36.19,-4.56,278.65,-81.02,-134.28
52.4208,-1.542426,156.83,0,3,339.41,22 / 22,3088429,2019-09-06 19:07:35:111,1.6582,-1.2399,9.7117,-0.0224,-0.0069,9.8066,-0.0478,-0.6606,0.0542,-16.56,-36,-5,280.5,-81.06,-134.69
52.4208,-1.542426,156.83,0,3,339.41,22 / 22,3088528,2019-09-06 19:07:35:210,1.3084,-1.0772,10.0828,0.0183,0.016,9.8066,-0.1308,-0.611,0.0808,-16.87,-35.69,-4.69,279.88,-80.98,-135.09
52.4208,-1.542426,156.83,0,3,339.41,22 / 22,3088629,2019-09-06 19:07:35:311,1.81,-0.5509,9.821,0.0329,0.0309,9.8064,-0.0374,-0.5821,0.0298,-17.19,-35.94,-3.62,280.87,-80.88,-136.81
52.4208,-1.542426,156.83,0,3,339.41,22 / 22,3088728,2019-09-06 19:07:35:410,1.7047,-0.6461,10.6955,0.0204,0.0192,9.8065,-0.0394,-0.519,0.0532,-18.56,-35.87,-2.75,284.65,-80.65,-138.85
52.4208,-1.542426,156.83,0,3,339.41,22 / 22,3088829,2019-09-06 19:07:35:511,1.987,-0.6943,10.1403,0.0485,0.0292,9.8064,0.0595,-0.4524,0.0337,-19.06,-36.06,-2.31,284.89,-80.39,-140.96
52.4208,-1.542426,156.83,0,3,339.41,22 / 22,3088928,2019-09-06 19:07:35:610,0.7933,-0.555,9.6724,-0.0021,0.0079,9.8066,-0.0518,-0.4346,0.0331,-19.25,-35.12,-1.31,286.3,-80.32,-142.97
52.4208,-1.542426,156.83,0,3,339.41,22 / 22,3089029,2019-09-06 19:07:35:711,0.9908,-0.014,9.6153,-0.0057,0.0128,9.8066,-0.0823,-0.3667,0.0192,-19.31,-34.81,-1.5,285.16,-80.34,-144.04
52.4208,-1.542426,156.83,0,3,339.41,22 / 22,3089128,2019-09-06 19:07:35:810,1.7336,0.353,9.7162,0.0078,0.0017,9.8066,0.0311,-0.3622,0.056,-20.56,-35.25,-1,286.67,-80.46,-144.86
52.4208,-1.542426,156.83,0,3,339.41,22 / 22,3089228,2019-09-06 19:07:35:910,0.7378,-0.051,10.0586,0.0149,-0.0016,9.8066,0.0113,-0.2633,0.0039,-20.62,-34.37,-0.12,289.39,-80.25,-145.17
52.4208,-1.542426,156.83,0,3,339.41,22 / 22,3089329,2019-09-06 19:07:36:011,0.8076,-0.0145,10.1637,-0.0022,-0.0009,9.8066,0.0208,-0.307,0.0594,-20.62,-34.19,0.63,291.79,-80.21,-145.65
52.4208,-1.542426,156.83,0,3,339.41,22 / 22,3089428,2019-09-06 19:07:36:110,1.8146,0.4294,10.1034,-0.0053,0.005,9.8065,0.0199,-0.1684,-0.0255,-20.81,-34,1.19,291.27,-80.16,-146.05
52.4208,-1.542426,156.83,0,3,339.41,22 / 22,3089528,2019-09-06 19:07:36:210,1.0885,1.098,10.0134,0.0078,0.0005,9.8066,-0.0416,-0.1745,0.0172,-21.12,-33.69,0.81,290.36,-80.19,-146.92
52.4208,-1.542426,156.83,0,3,339.41,22 / 22,3089628,2019-09-06 19:07:36:310,1.3685,0.1558,9.8994,0.0075,-0.0042,9.8066,-0.0163,-0.1958,0.0699,-20.94,-33.5,1.69,293.92,-80.08,-146.75
52.4208,-1.542426,156.83,0,3,339.41,22 / 22,3089729,2019-09-06 19:07:36:411,1.1502,0.2388,9.6961,0.0081,-0.0105,9.8066,-0.0118,-0.15,0.0598,-20.44,-33.25,2.06,293.97,-79.96,-146.05
52.4208,-1.542426,156.83,0,3,339.41,22 / 22,3089829,2019-09-06 19:07:36:511,0.301,0.3072,10.0175,0.0096,-0.0053,9.8066,-0.0346,-0.0901,0.0198,-21.44,-33.5,2.25,294.51,-79.73,-145.68
52.4208,-1.542426,156.83,0,3,339.41,22 / 22,3089929,2019-09-06 19:07:36:611,1.0016,0.5542,9.832,-0.0146,-0.0084,9.8066,0.1047,-0.1416,0.0632,-21.06,-33.06,1,291.81,-79.74,-145.33
52.4208,-1.542426,156.83,0,3,339.41,22 / 22,3090029,2019-09-06 19:07:36:711,1.1262,-0.2482,10.0384,-0.0172,-0.0163,9.8065,-0.1049,-0.1233,0.0855,-20.94,-32.81,1,292.44,-79.67,-144.66
52.4208,-1.542426,156.83,0,3,339.41,22 / 22,3090129,2019-09-06 19:07:36:811,0.4286,1.1047,9.7983,0.0217,-0.0051,9.8066,-0.1307,0.0128,-0.0181,-22.69,-32.81,0.31,290.8,-79.57,-144.62
52.4208,-1.542426,156.83,0,3,339.41,22 / 22,3090228,2019-09-06 19:07:36:910,1.2647,0.0094,10.0656,0.0081,-0.0022,9.8066,-0.0707,-0.0823,0.0606,-22.62,-32.94,0.19,291.12,-79.57,-144.33
52.4208,-1.542426,156.83,0,3,339.41,22 / 22,3090329,2019-09-06 19:07:37:011,1.1781,0.4329,10.3339,-0.0007,-0.0006,9.8066,0.0545,-0.1372,0.0526,-23.69,-33.5,1.31,295.01,-79.51,-143.72
52.4208,-1.542426,156.83,0,3,339.41,22 / 22,3090429,2019-09-06 19:07:37:111,0.3501,0.392,9.7962,0.0143,-0.0027,9.8066,-0.0358,-0.0746,0.0223,-24.12,-33.19,1.88,297.54,-79.37,-143.68
52.4208,-1.542426,156.83,0,3,339.41,22 / 22,3090529,2019-09-06 19:07:37:211,1.5991,-0.5951,10.0798,0.0135,-0.0099,9.8066,0.0124,-0.113,0.0501,-23,-33.12,2.75,299.94,-79.29,-143.64
52.4208,-1.542426,156.83,0,3,339.41,22 / 22,3090628,2019-09-06 19:07:37:310,1.1982,0.3588,10.1799,-0.0137,0.008,9.8066,0.0064,-0.048,-0.0661,-23.87,-33.87,2,296.89,-79.35,-143.82
52.4208,-1.542426,156.83,0,3,339.41,22 / 22,3090729,2019-09-06 19:07:37:411,1.6049,-0.9528,10.1425,0.0175,0.0029,9.8065,-0.0191,-0.1365,0.045,-23.62,-33.44,2.5,299.26,-79.29,-144.48
52.4208,-1.542426,156.83,0,3,339.41,22 / 22,3090829,2019-09-06 19:07:37:511,1.6267,-0.9568,10.1656,0.0053,0.0071,9.8065,-0.0346,-0.0686,-0.0575,-23.12,-34.06,2.69,297.49,-79.27,-145.31
52.4208,-1.542426,156.83,0,3,339.41,22 / 22,3090928,2019-09-06 19:07:37:610,0.5115,-0.6632,10.2115,0.003,0.0082,9.8065,-0.0139,-0.1863,0.0774,-23.75,-34.19,3.06,297,-79.18,-145.91
52.4208,-1.542426,156.83,0,3,339.41,22 / 22,3091029,2019-09-06 19:07:37:711,1.227,-0.2662,10.1649,-0.0003,0.0091,9.8066,0.0194,-0.1539,0.0064,-23.37,-33.69,3.13,295.56,-79.21,-146.93
52.4208,-1.542426,156.83,0,3,339.41,22 / 22,3091129,2019-09-06 19:07:37:811,0.8309,-1.756,10.7227,0.0287,0.0024,9.8065,0.0275,-0.162,0.0554,-24.06,-33.56,3.13,294.48,-78.92,-147.78
52.4208,-1.542426,156.83,0,3,339.41,22 / 22,3091231,2019-09-06 19:07:37:913,0.6274,0.0098,10.1736,0.027,0.0132,9.8066,0.0191,-0.1057,0.0405,-24.31,-33,4,296.55,-78.91,-148.78
52.4208,-1.542426,156.83,0,3,339.41,22 / 22,3091329,2019-09-06 19:07:38:011,0.2245,-0.7619,10.3031,0.0043,0.0156,9.8066,0.0135,-0.1256,-0.0491,-24.31,-32.69,4.81,298.65,-78.81,-149.2
52.4208,-1.542426,156.83,0,3,339.41,22 / 22,3091428,2019-09-06 19:07:38:110,0.1614,-0.0974,9.8863,-0.0004,0.0128,9.8066,-0.0065,-0.031,-0.0075,-23.37,-32.31,6.56,303.63,-78.91,-150.33
52.4208,-1.542426,156.83,0,3,339.41,22 / 22,3091529,2019-09-06 19:07:38:211,1.0766,-0.8141,10.3012,0.0032,0.0057,9.8066,0.0445,-0.0908,0.0946,-22.37,-32.5,6.88,303.53,-78.94,-150.64
52.4208,-1.542426,156.83,0,3,339.41,22 / 22,3091628,2019-09-06 19:07:38:310,0.8249,-0.6468,10.2676,-0.0115,0.0185,9.8065,-0.0343,-0.0449,-0.0873,-22.44,-33.37,6.31,299.37,-79.09,-151.43
52.4208,-1.542426,156.83,0,3,339.41,22 / 22,3091729,2019-09-06 19:07:38:411,0.3555,-0.0975,9.8829,0.0343,0.0045,9.8065,0.1156,-0.0198,0.0485,-21.75,-33.75,5.19,294.44,-78.9,-152.39
52.4208,-1.542426,156.83,0,3,339.41,22 / 22,3091828,2019-09-06 19:07:38:510,0.3097,0.2599,10.2572,0.0324,0.0189,9.8066,-0.0139,-0.005,-0.0246,-21.75,-33.69,4.38,290.63,-78.91,-153.16
52.4208,-1.542426,156.83,0,3,339.41,22 / 22,3091929,2019-09-06 19:07:38:611,-0.0594,0.6035,9.642,-0.0049,0.0113,9.8065,-0.0506,-0.0395,-0.0835,-21.75,-34.12,5.25,292.81,-78.99,-153.97
52.4208,-1.542426,156.83,0,3,339.41,22 / 22,3092029,2019-09-06 19:07:38:711,0.3074,-0.2959,10.1293,-0.0023,0.0057,9.8066,-0.0159,0.0168,0.0225,-22.37,-34.12,4.38,289.23,-79.05,-154.65
52.4208,-1.542426,156.83,0,3,339.41,22 / 22,3092129,2019-09-06 19:07:38:811,1.0269,0.12,10.4076,0.0095,0.0051,9.8066,0.0593,0.0375,0.0662,-21.44,-34,4.19,288.4,-79.03,-155.08
52.4208,-1.542426,156.83,0,3,339.41,22 / 22,3092228,2019-09-06 19:07:38:910,-0.1246,0.2794,10.1759,-0.0035,0.0062,9.8066,0.0277,-0.039,-0.0485,-22.25,-34.31,4.88,291.44,-79.1,-155.36
52.4208,-1.542426,156.83,0,3,339.41,22 / 22,3092329,2019-09-06 19:07:39:011,-0.2134,1.0633,9.6137,0,-0.0035,9.8066,0.0542,-0.0676,0.0018,-21.56,-33.62,4.75,290.8,-79.02,-155.82
52.42096,-1.542108,156.32,7.87,3,65.97,20 / 20,3092429,2019-09-06 19:07:39:111,-0.3881,0.7159,9.8488,-0.0119,0.0091,9.8065,-0.0428,0.0205,-0.0729,-22.44,-33.87,4.75,289.98,-78.91,-156.4
52.42096,-1.542108,156.32,7.87,3,65.97,20 / 20,3092528,2019-09-06 19:07:39:210,0.4971,0.9729,9.8757,0.0102,0.0035,9.8066,-0.0164,-0.0691,0.0076,-22.06,-33.06,5.19,289.76,-78.86,-157
52.42096,-1.542108,156.32,7.87,3,65.97,20 / 20,3092628,2019-09-06 19:07:39:310,-0.2521,0.7956,10.2675,0.0003,-0.0096,9.8066,0.0629,0.025,-0.0493,-22.5,-33,4.63,290.36,-78.85,-156.44
52.42096,-1.542108,156.32,7.87,3,65.97,20 / 20,3092729,2019-09-06 19:07:39:411,0.8289,0.2914,9.8482,0.0258,0.0119,9.8065,-0.1225,-0.0284,0.0137,-22.06,-32.44,4.25,288.02,-78.98,-156.62
52.42096,-1.542108,156.32,7.87,3,65.97,20 / 20,3092828,2019-09-06 19:07:39:510,-0.6176,0.6568,9.8218,0.0335,0.0067,9.8065,-0.0653,0.0298,0.0432,-23.25,-32.81,3.69,286.67,-78.82,-157.39
52.42096,-1.542108,156.32,7.87,3,65.97,20 / 20,3092929,2019-09-06 19:07:39:611,-0.3519,0.898,9.3652,-0.0217,-0.0037,9.8065,-0.157,-0.0106,-0.0425,-23.75,-33.69,4.13,287,-78.94,-157.05
52.42096,-1.542108,156.32,7.87,3,65.97,20 / 20,3093028,2019-09-06 19:07:39:710,0.3395,0.2947,8.708,0.0073,0.0016,9.8066,-0.1245,-0.0187,0.0634,-23.44,-34,5,289.27,-78.9,-157.17
52.42096,-1.542108,156.32,7.87,3,65.97,20 / 20,3093129,2019-09-06 19:07:39:811,1.2779,0.8273,9.1704,-0.0527,-0.0011,9.8065,-0.0093,-0.0195,0.004,-22.5,-32.87,4.88,290.5,-79.04,-156.61
52.42096,-1.542108,156.32,7.87,3,65.97,20 / 20,3093228,2019-09-06 19:07:39:910,0.0309,0.24,10.0289,-0.021,-0.0095,9.8066,-0.0619,-0.0279,0.0375,-22.25,-33.25,5.13,290.59,-78.99,-156.44
52.42096,-1.542108,156.32,7.87,3,65.97,20 / 20,3093329,2019-09-06 19:07:40:011,-0.7825,0.1659,9.6549,-0.024,-0.0027,9.8066,0.057,-0.025,-0.0157,-22.75,-33.37,4.25,288.03,-78.98,-156.37
52.42096,-1.542108,156.32,7.87,3,65.97,22 / 22,3093429,2019-09-06 19:07:40:111,0.4194,0.7591,9.5164,-0.0118,-0.0002,9.8066,0.0003,0.0302,0.0051,-23.31,-33.19,4.5,291.17,-79.07,-156.15
52.42096,-1.542108,156.32,7.87,3,65.97,22 / 22,3093528,2019-09-06 19:07:40:210,0.0169,0.7789,9.6391,-0.0059,-0.005,9.8066,-0.0068,0.0084,-0.0183,-23.12,-33.81,4.38,287.95,-79.08,-156.13
52.42096,-1.542108,156.32,7.87,3,65.97,22 / 22,3093628,2019-09-06 19:07:40:310,-0.9109,0.2538,9.5903,0.0046,-0.002,9.8066,-0.0536,0.0319,-0.0422,-23.06,-34.19,4.63,290.68,-79.04,-156.1
52.42096,-1.542108,156.32,7.87,3,65.97,22 / 22,3093728,2019-09-06 19:07:40:410,-2.1861,0.1536,10.0508,-0.0205,0.0039,9.8065,0.0014,0.0019,-0.0085,-22.19,-33.81,4.44,287.62,-79.26,-156.47
52.42096,-1.542108,156.32,7.87,3,65.97,22 / 22,3093828,2019-09-06 19:07:40:510,-1.1244,0.4158,10.0157,-0.0156,0.0011,9.8066,0.0217,0.0412,-0.0074,-22.37,-34.06,4.56,290.15,-79.24,-156.76
52.42096,-1.542108,156.32,7.87,3,65.97,22 / 22,3093929,2019-09-06 19:07:40:611,0.012,0.2878,9.9822,0.0006,0.007,9.8065,0.0531,-0.0079,-0.0656,-22.19,-33.56,4.94,289.5,-79.25,-157.37
52.42096,-1.542108,156.32,7.87,3,65.97,22 / 22,3094028,2019-09-06 19:07:40:710,-1.8784,-0.1446,9.7929,0.0079,0.0081,9.8066,-0.0324,-0.0265,-0.0064,-22,-33.5,5,288.84,-79.19,-158.35
52.42096,-1.542108,156.32,7.87,3,65.97,22 / 22,3094129,2019-09-06 19:07:40:811,-1.4165,0.5,10.0839,-0.0066,0.002,9.8066,0.0474,-0.0156,-0.0072,-21.75,-32.81,5.63,290.99,-79.18,-158.99
52.42096,-1.542108,156.32,7.87,3,65.97,22 / 22,3094228,2019-09-06 19:07:40:910,-1.0516,0.2971,9.9806,-0.0043,-0.0033,9.8066,-0.0004,0.0096,0.0223,-21.62,-33.37,5.25,287.85,-79.06,-159.06
52.42096,-1.542108,156.32,7.87,3,65.97,22 / 22,3094329,2019-09-06 19:07:41:011,-0.4984,1.0185,9.7957,0.0137,0.0061,9.8066,0.0189,0.0126,0.0102,-21.5,-33.5,5.06,287.49,-79.02,-159.19
52.42096,-1.542108,156.32,7.87,3,65.97,21 / 21,3094429,2019-09-06 19:07:41:111,-1.3481,-0.1127,9.5242,0.0177,0.0028,9.8066,-0.0002,-0.0176,-0.0313,-21.56,-32.69,5,287.12,-78.9,-159.49
52.42096,-1.542108,156.32,7.87,3,65.97,21 / 21,3094529,2019-09-06 19:07:41:211,-0.8013,0.4632,9.6249,-0.0328,0.004,9.8065,0.049,0.0121,-0.018,-22.37,-32.69,4.25,284.75,-79.12,-159.39
52.42096,-1.542108,156.32,7.87,3,65.97,21 / 21,3094628,2019-09-06 19:07:41:310,-1.1554,-0.1519,9.8659,-0.0202,0.0007,9.8066,-0.0258,-0.0105,-0.0409,-22.12,-33.19,4.19,284.49,-79.12,-159.63
52.42096,-1.542108,156.32,7.87,3,65.97,21 / 21,3094728,2019-09-06 19:07:41:410,-2.0073,0.4329,9.3192,-0.0109,0.0065,9.8066,0.0541,0.0467,0.0081,-22.87,-33,4.13,284.47,-79.06,-159.81
52.42096,-1.542108,156.32,7.87,3,65.97,21 / 21,3094829,2019-09-06 19:07:41:511,-1.3967,0.2507,9.8591,0.0017,-0.0093,9.8066,0.0433,-0.0015,0.0329,-23.06,-32.81,4.81,287.09,-79.05,-159.87
52.42096,-1.542108,156.32,7.87,3,65.97,21 / 21,3094928,2019-09-06 19:07:41:610,-0.7231,0.2953,9.648,0.0063,0.006,9.8066,0.0283,0.0015,-0.0383,-23.75,-33.87,4.81,286.41,-78.91,-159.98
52.42096,-1.542108,156.32,7.87,3,65.97,21 / 21,3095029,2019-09-06 19:07:41:711,-0.9177,1.2106,9.7235,0.0008,-0.0002,9.8066,0.0234,0.0413,0.0262,-22.94,-33.69,4.94,286.17,-78.96,-160.12
52.42096,-1.542108,156.32,7.87,3,65.97,21 / 21,3095129,2019-09-06 19:07:41:811,-1.417,-0.1903,10.3515,0.0037,-0.0099,9.8066,0.0468,0.0804,-0.0806,-22.5,-34.25,5,286.73,-78.91,-159.36
52.42096,-1.542108,156.32,7.87,3,65.97,21 / 21,3095229,2019-09-06 19:07:41:911,-1.6339,0.5927,9.7032,-0.0151,0.0043,9.8066,-0.1163,0.1005,-0.0247,-22.31,-34.12,4.63,286.88,-79.02,-159.41
52.42096,-1.542108,156.32,7.87,3,65.97,21 / 21,3095328,2019-09-06 19:07:42:010,-2.1661,0.8799,9.8725,0.0161,-0.002,9.8065,-0.0915,0.062,-0.0263,-21.94,-34.5,5.13,286.82,-79,-159.43
52.42096,-1.542108,156.32,7.87,3,65.97,22 / 22,3095429,2019-09-06 19:07:42:111,-1.4792,1.3528,9.5405,0.0077,-0.0077,9.8066,0.0377,0.1003,-0.0019,-22.25,-34.69,5.13,286.19,-78.92,-159.39
52.42096,-1.542108,156.32,7.87,3,65.97,22 / 22,3095530,2019-09-06 19:07:42:212,-1.2733,0.1689,9.6751,-0.0031,-0.0003,9.8066,0.0242,0.0601,0.0048,-22.12,-35.12,5,286.41,-78.92,-159.18
52.42096,-1.542108,156.32,7.87,3,65.97,22 / 22,3095629,2019-09-06 19:07:42:311,-1.689,1.4062,9.4581,-0.0007,0.0034,9.8065,-0.0663,0.0704,-0.0258,-22.31,-34.56,4.38,283.41,-78.94,-159.35
52.42096,-1.542108,156.32,7.87,3,65.97,22 / 22,3095728,2019-09-06 19:07:42:410,-1.1384,0.5117,9.566,-0.0058,-0.0025,9.8066,-0.0026,0.1063,-0.0204,-21.87,-34.56,4.25,283.43,-78.96,-159.37
52.42096,-1.542108,156.32,7.87,3,65.97,22 / 22,3095828,2019-09-06 19:07:42:510,-1.5257,1.7306,9.2741,-0.0316,-0.0121,9.8066,-0.0573,0.1197,0.0193,-21.69,-34.81,3.56,284.88,-79.06,-158.19
52.42096,-1.542108,156.32,7.87,3,65.97,22 / 22,3095929,2019-09-06 19:07:42:611,-1.2466,1.0412,9.9897,-0.0288,-0.0213,9.8066,0.0763,0.0802,0.0222,-21.25,-33.56,3.44,283.01,-79.02,-157.27
52.42096,-1.542108,156.32,7.87,3,65.97,22 / 22,3096029,2019-09-06 19:07:42:711,-2.0461,-0.4532,9.6286,0.0316,-0.0197,9.8065,0.0213,0.1017,-0.0026,-21.19,-33.87,3.19,283.85,-78.73,-155.96
52.42096,-1.542108,156.32,7.87,3,65.97,22 / 22,3096128,2019-09-06 19:07:42:810,-0.9465,0.8516,9.5979,0.0091,-0.0115,9.8066,0.0581,0.067,0.0072,-21.75,-34.19,2.25,282.1,-78.65,-155.3
52.42096,-1.542108,156.32,7.87,3,65.97,22 / 22,3096229,2019-09-06 19:07:42:911,-0.9082,-0.1688,9.9748,0.0167,-0.0073,9.8066,0.0922,0.0213,0.0448,-21.81,-33.62,2.56,285.39,-78.63,-154.84
52.42096,-1.542108,156.32,7.87,3,65.97,22 / 22,3096329,2019-09-06 19:07:43:011,-0.5764,0.7603,10.2514,-0.0063,0.004,9.8066,-0.1109,0.0311,-0.0232,-22.25,-35.06,2.06,282.22,-78.65,-154.64
52.42096,-1.542108,156.32,7.87,3,65.97,21 / 21,3096429,2019-09-06 19:07:43:111,-2.352,0.9073,9.5714,-0.0079,0.0049,9.8066,-0.0774,0.0908,-0.0304,-22.06,-34.69,2,282.47,-78.81,-154.69
52.42096,-1.542108,156.32,7.87,3,65.97,21 / 21,3096528,2019-09-06 19:07:43:210,-2.0417,1.2762,9.7964,0.0128,0.0122,9.8066,-0.0301,0.104,-0.0619,-22.37,-34.94,1.75,282.02,-78.83,-155.15
52.42096,-1.542108,156.32,7.87,3,65.97,21 / 21,3096629,2019-09-06 19:07:43:311,-2.2506,0.9582,9.4205,-0.0116,0.0035,9.8066,0.0548,0.1445,-0.052,-22.19,-35.12,2.06,281.3,-78.89,-155.93
52.42096,-1.542108,156.32,7.87,3,65.97,21 / 21,3096729,2019-09-06 19:07:43:411,-2.701,0.7191,9.312,-0.0049,0.0069,9.8066,-0.0448,0.1012,-0.0631,-21.31,-34.44,1.88,280.37,-78.89,-156.75
52.42096,-1.542108,156.32,7.87,3,65.97,21 / 21,3096829,2019-09-06 19:07:43:511,-2.2073,0.9677,9.2127,-0.0178,-0.0007,9.8066,0.1559,0.1065,-0.0401,-21.75,-34.62,2.19,280.17,-78.99,-157.19
52.42096,-1.542108,156.32,7.87,3,65.97,21 / 21,3096929,2019-09-06 19:07:43:611,-3.8959,0.7266,9.6624,-0.0442,0.0072,9.8065,0.0713,0.1465,-0.097,-21.87,-34.94,1.94,279.6,-79.08,-157.89
52.42096,-1.542108,156.32,7.87,3,65.97,21 / 21,3097029,2019-09-06 19:07:43:711,-2.4065,0.5885,9.3315,0.027,0.0054,9.8066,-0.022,0.1444,0.0195,-20.5,-35.37,1.56,277.36,-79.08,-158.76
52.42096,-1.542108,156.32,7.87,3,65.97,21 / 21,3097128,2019-09-06 19:07:43:810,-1.9908,0.8879,9.245,0.0173,-0.0041,9.8066,0.006,0.1873,-0.0468,-20.75,-35.62,1.44,275.63,-79.2,-158.03
52.42096,-1.542108,156.32,7.87,3,65.97,21 / 21,3097228,2019-09-06 19:07:43:910,-2.5206,1.3568,9.2006,-0.0237,-0.0005,9.8066,-0.0716,0.1549,-0.0002,-21.25,-35.69,0.44,273.85,-79.47,-157.55
52.42096,-1.542108,156.32,7.87,3,65.97,21 / 21,3097329,2019-09-06 19:07:44:011,-3.1699,-0.1666,9.6736,-0.0111,-0.0056,9.8066,-0.1002,0.1615,-0.024,-20.75,-35.75,0.13,274.86,-79.77,-157.12
52.42096,-1.542108,156.32,7.87,3,65.97,22 / 22,3097428,2019-09-06 19:07:44:110,-3.4635,0.8527,9.5885,-0.037,-0.0212,9.8065,0.0011,0.2498,-0.0429,-20.37,-34.87,-0.06,276.81,-80.23,-155.7
52.42096,-1.542108,156.32,7.87,3,65.97,22 / 22,3097531,2019-09-06 19:07:44:213,-3.2711,0.6492,9.2546,-0.0337,-0.0205,9.8065,-0.048,0.2437,0.035,-20.81,-35.87,-0.44,278.57,-80.38,-154.62
52.42096,-1.542108,156.32,7.87,3,65.97,22 / 22,3097629,2019-09-06 19:07:44:311,-3.6342,0.4791,9.0957,0.0048,-0.0193,9.8065,-0.0459,0.2364,0.0198,-20.81,-35.19,-0.87,277.63,-80.56,-153.63
52.42096,-1.542108,156.32,7.87,3,65.97,22 / 22,3097729,2019-09-06 19:07:44:411,-3.01,0.4388,9.6907,-0.0015,-0.0198,9.8066,-0.0186,0.2206,0.0055,-19.75,-35.56,-1.12,278.55,-80.59,-151.34
52.42096,-1.542108,156.32,7.87,3,65.97,22 / 22,3097828,2019-09-06 19:07:44:510,-2.8024,0.7198,9.3687,0.0052,-0.0142,9.8066,-0.0395,0.2027,0.0642,-19.44,-35.06,-1.44,279.96,-80.55,-149.36
52.42096,-1.542108,156.32,7.87,3,65.97,22 / 22,3097928,2019-09-06 19:07:44:610,-2.6771,0.2463,9.3262,0.0097,-0.0218,9.8065,-0.0199,0.2385,0.0215,-19.87,-35.44,-1.62,280.11,-80.53,-147.43
52.42096,-1.542108,156.32,7.87,3,65.97,22 / 22,3098029,2019-09-06 19:07:44:711,-3.1331,-0.1509,9.6757,-0.0205,-0.0252,9.8066,0.0107,0.231,-0.0015,-20,-35.75,-2.37,282.24,-80.65,-145.15
52.42096,-1.542108,156.32,7.87,3,65.97,22 / 22,3098129,2019-09-06 19:07:44:811,-3.3252,-0.6757,9.8109,-0.0189,-0.0194,9.8066,-0.0206,0.2206,0.0099,-19.81,-35.5,-2.94,281.28,-80.7,-143.93
52.42096,-1.542108,156.32,7.87,3,65.97,22 / 22,3098229,2019-09-06 19:07:44:911,-3.4773,-0.5862,9.5716,-0.0085,-0.0171,9.8066,0.021,0.2008,0.0193,-19.19,-35.5,-3.19,281.26,-80.78,-142.8
52.42096,-1.542108,156.32,7.87,3,65.97,22 / 22,3098328,2019-09-06 19:07:45:010,-3.1483,-0.8281,9.4315,-0.0057,-0.017,9.8066,-0.0256,0.1895,0.0011,-19.19,-34.75,-3.87,280.51,-80.82,-140.84
52.42096,-1.542108,156.32,7.87,3,65.97,22 / 22,3098430,2019-09-06 19:07:45:112,-3.0087,-1.6634,9.9924,-0.0029,-0.0179,9.8065,0.015,0.1655,0.0644,-19.19,-35,-4.37,282.69,-80.83,-138.77
52.42096,-1.542108,156.32,7.87,3,65.97,22 / 22,3098528,2019-09-06 19:07:45:210,-3.0472,-1.1309,9.9051,-0.0063,-0.0098,9.8065,0.0061,0.1772,-0.0296,-19.06,-35.5,-3.94,283.79,-80.86,-137.8
52.42096,-1.542108,156.32,7.87,3,65.97,22 / 22,3098629,2019-09-06 19:07:45:311,-2.3872,-1.1348,9.9129,-0.0051,-0.0033,9.8065,0.0058,0.1503,-0.0049,-18.94,-35.25,-4.44,284.3,-80.93,-137.46
52.42096,-1.542108,156.32,7.87,3,65.97,22 / 22,3098729,2019-09-06 19:07:45:411,-1.9434,-0.7761,9.7022,-0.0117,0.0001,9.8066,0.0177,0.124,0.002,-18.56,-35.87,-3.81,284.47,-81.06,-137.08
52.42096,-1.542108,156.32,7.87,3,65.97,22 / 22,3098828,2019-09-06 19:07:45:510,-1.45,-0.4934,9.6587,0.0036,0.0049,9.8066,0.0003,0.1101,-0.0383,-18.56,-35.62,-4.56,281.5,-81.13,-137.35
52.42096,-1.542108,156.32,7.87,3,65.97,22 / 22,3098929,2019-09-06 19:07:45:611,-1.6406,-0.6233,9.832,-0.0033,0.0038,9.8066,0.0237,0.0936,-0.0064,-18.31,-36.25,-4.94,279.84,-81.17,-137.38
52.42096,-1.542108,156.32,7.87,3,65.97,22 / 22,3099028,2019-09-06 19:07:45:710,-1.0914,-0.4498,9.7747,-0.0056,-0.0037,9.8066,0.0182,0.076,0.0089,-18.12,-36.31,-4.81,280.18,-81.25,-137.21
52.42096,-1.542108,156.32,7.87,3,65.97,22 / 22,3099129,2019-09-06 19:07:45:811,-1.2435,-0.3497,9.7796,-0.0119,-0.0094,9.8066,0.0385,0.0842,-0.0083,-17.87,-36.75,-5,280.33,-81.32,-136.72
52.42096,-1.542108,156.32,7.87,3,65.97,22 / 22,3099229,2019-09-06 19:07:45:911,-1.4079,-0.4925,9.704,-0.0022,-0.0017,9.8066,-0.0297,0.0641,0.0145,-17.69,-36.12,-4.87,281.48,-81.4,-136.28
52.42096,-1.542108,156.32,7.87,3,65.97,22 / 22,3099329,2019-09-06 19:07:46:011,-1.1583,-0.6007,9.6575,0.0012,-0.0055,9.8066,-0.0105,0.0697,0.0195,-17.56,-35.87,-5.94,279.77,-81.46,-135.39
52.42096,-1.542108,156.32,7.87,3,65.97,21 / 21,3099430,2019-09-06 19:07:46:112,-0.8744,-0.4772,9.7543,-0.0096,-0.0133,9.8066,0.0027,0.0489,0.0251,-17.62,-35.19,-5.81,281.8,-81.52,-134.02
52.42096,-1.542108,156.32,7.87,3,65.97,21 / 21,3099529,2019-09-06 19:07:46:211,-0.8013,-0.495,9.9089,-0.0098,-0.008,9.8065,-0.0053,0.0472,0.0178,-17.56,-35.5,-5.5,285.63,-81.58,-133.2
52.42096,-1.542108,156.32,7.87,3,65.97,21 / 21,3099629,2019-09-06 19:07:46:311,-0.9524,-0.5572,9.9892,-0.0154,-0.0081,9.8065,-0.0039,0.0304,0.011,-17.19,-35.5,-5.06,284.86,-81.69,-132.42
52.42096,-1.542108,156.32,7.87,3,65.97,21 / 21,3099729,2019-09-06 19:07:46:411,-0.6046,-0.24,9.8998,-0.0166,-0.002,9.8066,-0.0149,0.0268,-0.0046,-16.81,-36.44,-5.25,286.07,-81.93,-131.32
52.42096,-1.542108,156.32,7.87,3,65.97,21 / 21,3099828,2019-09-06 19:07:46:510,-0.6227,0.0313,9.8912,-0.0114,0.0019,9.8066,-0.0075,0.0245,0.0041,-18.06,-35.75,-5.44,288.75,-82.15,-131.01
52.42096,-1.542108,156.32,7.87,3,65.97,21 / 21,3099929,2019-09-06 19:07:46:611,-0.4642,0.0007,9.9524,-0.0095,0.0017,9.8066,-0.0179,0.0215,0.0041,-17.56,-36.44,-5.25,289.34,-82.28,-130.72
52.42096,-1.542108,156.32,7.87,3,65.97,21 / 21,3100030,2019-09-06 19:07:46:712,-0.0777,0.0757,9.9309,-0.0102,-0.0027,9.8066,0.0069,0.016,0.0199,-17.56,-36.12,-5.56,287.5,-82.46,-130.06
52.42096,-1.542108,156.32,7.87,3,65.97,21 / 21,3100129,2019-09-06 19:07:46:811,0.0212,0.2058,9.9244,-0.0073,-0.001,9.8066,0.0032,0.0351,0.0248,-17.94,-35.19,-4.75,291.43,-82.54,-129.69
52.42096,-1.542108,156.32,7.87,3,65.97,21 / 21,3100230,2019-09-06 19:07:46:912,-0.0292,0.0102,9.9233,-0.0104,-0.0014,9.8066,0.013,0.0164,0.0098,-17.19,-35.5,-5.37,290.36,-82.61,-129.21
52.42096,-1.542108,156.32,7.87,3,65.97,21 / 21,3100329,2019-09-06 19:07:47:011,0.0854,-0.0085,10.0736,-0.0076,0.0019,9.8065,-0.0034,0.0164,-0.0127,-17.56,-35,-5.37,292.83,-82.75,-128.81
52.42096,-1.542108,156.32,7.87,3,65.97,21 / 22,3100429,2019-09-06 19:07:47:111,0.4086,0.1605,9.9592,-0.0146,0.0061,9.8066,0.0161,0.0355,0.0023,-17.62,-34.94,-5.69,290.23,-82.98,-128.9
52.42096,-1.542108,156.32,7.87,3,65.97,21 / 22,3100529,2019-09-06 19:07:47:211,0.2258,0.2136,9.9091,-0.0106,0.0053,9.8066,-0.0001,0.0225,-0.0151,-17.87,-36.06,-5.44,292.95,-83.13,-129.04
52.42096,-1.542108,156.32,7.87,3,65.97,21 / 22,3100628,2019-09-06 19:07:47:310,0.4007,0.1261,9.8642,-0.0102,0.0076,9.8066,-0.014,0.0106,-0.0103,-17.81,-36.12,-4.75,293.11,-83.27,-129.17
52.42096,-1.542108,156.32,7.87,3,65.97,21 / 22,3100729,2019-09-06 19:07:47:411,0.3343,0.0782,9.8504,-0.0096,0.008,9.8066,0.0111,0.0208,-0.0067,-17.75,-36.19,-5.06,293.16,-83.51,-129.56
52.42096,-1.542108,156.32,7.87,3,65.97,21 / 22,3100828,2019-09-06 19:07:47:510,0.58,0.2226,9.7752,-0.0106,0.0072,9.8065,-0.0031,0.0188,-0.0115,-17.56,-35.62,-4.5,296.41,-83.76,-129.91
52.42096,-1.542108,156.32,7.87,3,65.97,21 / 22,3100929,2019-09-06 19:07:47:611,0.5081,0.134,9.8845,-0.0142,0.0037,9.8066,0.0157,0.0096,-0.007,-17.87,-36.19,-5.25,293.54,-83.91,-129.96
52.42096,-1.542108,156.32,7.87,3,65.97,21 / 22,3101028,2019-09-06 19:07:47:710,0.3825,0.2423,9.8137,-0.0155,-0.0025,9.8066,0.0165,0.0074,-0.0042,-17.44,-35.25,-5.25,292.93,-84.1,-129.75
52.42096,-1.542108,156.32,7.87,3,65.97,21 / 22,3101128,2019-09-06 19:07:47:810,0.6339,0.0611,9.836,-0.0165,-0.0027,9.8066,0.0036,-0.0004,0.0049,-18.06,-35.56,-5.31,294.68,-84.21,-129.47
52.42096,-1.542108,156.32,7.87,3,65.97,21 / 22,3101229,2019-09-06 19:07:47:911,0.6759,0.0531,9.8325,-0.0089,0.0018,9.8066,0.0148,-0.0066,0.0113,-17.37,-35.75,-6.12,290.48,-84.29,-129.21
52.42096,-1.542108,156.32,7.87,3,65.97,21 / 22,3101329,2019-09-06 19:07:48:011,0.4801,0.195,9.9577,-0.0095,-0.0003,9.8066,0.0116,-0.0018,0.0179,-17.19,-36.06,-5.25,294.39,-84.42,-128.72
52.421173,-1.541499,156.27,0.87,3,29.32,21 / 21,3101429,2019-09-06 19:07:48:111,0.7258,0.0238,10.0352,-0.0046,0.0012,9.8066,-0.0193,0.0021,-0.0068,-17.31,-35.69,-5.69,292.15,-84.53,-128.12
52.421173,-1.541499,156.27,0.87,3,29.32,21 / 21,3101529,2019-09-06 19:07:48:211,0.7398,-0.045,9.874,-0.0103,-0.0003,9.8066,0.008,-0.0283,0.0092,-17.44,-36.31,-5.81,292.93,-84.66,-127.64
52.421173,-1.541499,156.27,0.87,3,29.32,21 / 21,3101628,2019-09-06 19:07:48:310,1.2254,0.4273,9.6336,-0.0108,0.0018,9.8066,-0.0327,-0.0591,0.0093,-17.19,-35.87,-5.94,294.09,-84.83,-126.89
52.421173,-1.541499,156.27,0.87,3,29.32,21 / 21,3101729,2019-09-06 19:07:48:411,1.2786,0.3361,9.7267,-0.0071,0.005,9.8066,-0.0126,-0.0434,-0.005,-17.19,-35.56,-6.12,294.51,-84.93,-126.68
52.421173,-1.541499,156.27,0.87,3,29.32,21 / 21,3101829,2019-09-06 19:07:48:511,1.4771,0.3067,9.9307,-0.0112,0.0023,9.8066,-0.0238,-0.0547,-0.0043,-17,-35.12,-6.19,295.33,-85.09,-126.48
52.421173,-1.541499,156.27,0.87,3,29.32,21 / 21,3101928,2019-09-06 19:07:48:610,0.7657,0.2322,9.9142,-0.0074,0.0064,9.8066,-0.0259,-0.0631,0.0047,-17.37,-35.19,-6.69,292.96,-85.29,-126.28
52.421173,-1.541499,156.27,0.87,3,29.32,21 / 21,3102028,2019-09-06 19:07:48:710,0.8494,-0.1171,9.8389,-0.0047,-0.001,9.8066,-0.0287,-0.1021,0.0018,-17.56,-34.62,-6.31,298.35,-85.38,-125.61
52.421173,-1.541499,156.27,0.87,3,29.32,21 / 21,3102129,2019-09-06 19:07:48:811,1.3785,0.0717,9.7598,-0.0015,0.0031,9.8066,-0.0092,-0.0813,0.0011,-17.56,-35.19,-5.69,298.7,-85.43,-125.37
52.421173,-1.541499,156.27,0.87,3,29.32,21 / 21,3102228,2019-09-06 19:07:48:910,2.1888,0.2097,9.7523,-0.0011,-0.0018,9.8066,-0.0029,-0.0986,0.0219,-18.06,-35.19,-5.37,302.58,-85.51,-124.71
52.421173,-1.541499,156.27,0.87,3,29.32,21 / 21,3102328,2019-09-06 19:07:49:010,0.8448,-0.2008,9.9416,-0.0051,-0.0104,9.8066,-0.0562,-0.119,0.0539,-17.44,-35.06,-4.94,302.35,-85.49,-123.63
52.421173,-1.541499,156.27,0.87,3,29.32,21 / 21,3102431,2019-09-06 19:07:49:113,3.664,0.3232,9.9849,-0.0066,-0.0253,9.8066,0.1999,-0.0856,0.0327,-18.31,-35.06,-4.75,304.52,-85.28,-122.56
52.421173,-1.541499,156.27,0.87,3,29.32,21 / 21,3102528,2019-09-06 19:07:49:210,2.8563,-1.0638,10.4971,0.0166,-0.0064,9.8066,0.0817,-0.1994,0.0303,-18.56,-34.87,-4.87,305.98,-85.06,-122.03
52.421173,-1.541499,156.27,0.87,3,29.32,21 / 21,3102629,2019-09-06 19:07:49:311,2.2953,-0.261,10.2503,0.0088,0.0195,9.8066,0.0116,-0.2214,-0.001,-18.62,-35.06,-4.25,305.09,-84.99,-125.5
52.421173,-1.541499,156.27,0.87,3,29.32,21 / 21,3102729,2019-09-06 19:07:49:411,2.2173,-0.3064,9.4316,0.0014,0.0139,9.8066,-0.002,-0.2035,-0.0047,-19.5,-35.12,-3.06,305.87,-85.03,-127.71
52.421173,-1.541499,156.27,0.87,3,29.32,21 / 21,3102828,2019-09-06 19:07:49:510,1.887,1.002,9.6095,-0.0085,0.0047,9.8066,0.047,-0.3149,0.0124,-18.44,-34.44,-3.87,301.31,-85.26,-128.59
52.421173,-1.541499,156.27,0.87,3,29.32,21 / 21,3102929,2019-09-06 19:07:49:611,2.2407,-0.3114,9.6559,-0.0049,-0.0167,9.8066,-0.015,-0.3141,0.1099,-19.06,-35.37,-3.31,306.15,-85.12,-127.58
52.421173,-1.541499,156.27,0.87,3,29.32,21 / 21,3103029,2019-09-06 19:07:49:711,1.9322,-1.4219,9.7781,0.0278,-0.0157,9.8065,0.0479,-0.2833,0.0907,-20.62,-34.69,-2.56,307.56,-84.78,-127.34
52.421173,-1.541499,156.27,0.87,3,29.32,21 / 21,3103129,2019-09-06 19:07:49:811,1.8031,-2.1855,9.9524,0.0237,-0.0108,9.8066,0.0376,-0.3454,0.0544,-20.75,-35.19,-1.62,308.98,-84.31,-128.08
52.421173,-1.541499,156.27,0.87,3,29.32,21 / 21,3103229,2019-09-06 19:07:49:911,0.6668,-1.547,9.8221,0.0049,-0.0027,9.8066,0.0233,-0.397,0.0471,-20.81,-34.44,-1.56,307.72,-84.08,-129.11
52.421173,-1.541499,156.27,0.87,3,29.32,21 / 21,3103328,2019-09-06 19:07:50:010,1.338,-1.1353,10.305,-0.0015,-0.0074,9.8066,0.0261,-0.4292,0.0431,-21.5,-35.12,-0.37,312.78,-83.97,-129.65
52.421173,-1.541499,156.27,0.87,3,29.32,22 / 22,3103429,2019-09-06 19:07:50:111,1.0152,-2.3519,10.7128,0.0494,-0.0041,9.8065,-0.0763,-0.4325,0.0202,-21.37,-34.87,0,309.9,-83.52,-131.59
52.421173,-1.541499,156.27,0.87,3,29.32,22 / 22,3103529,2019-09-06 19:07:50:211,2.1774,-0.9241,10.0295,-0.0183,0.0206,9.8066,-0.1159,-0.5152,0.0655,-21.31,-34.5,-0.12,310.66,-83.77,-131.49
52.421173,-1.541499,156.27,0.87,3,29.32,22 / 22,3103628,2019-09-06 19:07:50:310,0.66,-1.0481,9.9379,0.0012,0.0046,9.8066,-0.0511,-0.3837,-0.0524,-21.81,-34,0.5,313.45,-83.85,-132.06
52.421173,-1.541499,156.27,0.87,3,29.32,22 / 22,3103729,2019-09-06 19:07:50:411,2.3192,-0.7888,9.881,0.0064,0.0034,9.8066,0.0339,-0.4697,0.1059,-23,-35,1.06,312.6,-83.93,-132.91
52.421173,-1.541499,156.27,0.87,3,29.32,22 / 22,3103828,2019-09-06 19:07:50:510,1.6866,-1.8381,9.7446,0.0159,-0.0267,9.8066,-0.0247,-0.4589,0.0634,-23.06,-34.69,2.31,315.02,-83.58,-132.87
52.421173,-1.541499,156.27,0.87,3,29.32,22 / 22,3103929,2019-09-06 19:07:50:611,0.9359,-2.7124,10.2246,-0.008,-0.024,9.8066,-0.0891,-0.4411,0.0805,-22.44,-34.25,2.94,320.46,-83.4,-130.67
52.421173,-1.541499,156.27,0.87,3,29.32,22 / 22,3104028,2019-09-06 19:07:50:710,0.9963,-1.968,9.9878,0.005,-0.0071,9.8066,-0.1189,-0.5123,0.0913,-23.37,-33.81,3.25,322.22,-83.24,-128.94
52.421173,-1.541499,156.27,0.87,3,29.32,22 / 22,3104128,2019-09-06 19:07:50:810,0.8783,-2.3456,9.9259,0.0268,-0.0095,9.8065,-0.099,-0.4519,0.0348,-24.06,-34.06,3.63,325.25,-83.13,-128.54
52.421173,-1.541499,156.27,0.87,3,29.32,22 / 22,3104229,2019-09-06 19:07:50:911,-0.0601,-1.8341,10.0102,-0.0174,-0.0007,9.8066,0.0387,-0.4984,0.0325,-24.25,-34,5.31,327.12,-83.11,-129.27
52.421173,-1.541499,156.27,0.87,3,29.32,22 / 22,3104329,2019-09-06 19:07:51:011,-0.0087,-1.9686,9.9925,-0.0077,-0.0019,9.8066,0.0917,-0.4748,0.0128,-23.81,-33.44,6,329.1,-83.01,-129.96
52.421173,-1.541499,156.27,0.87,3,29.32,21 / 21,3104429,2019-09-06 19:07:51:111,1.1885,-2.1263,10.1639,0.0215,-0.0041,9.8066,-0.0468,-0.5178,0.0753,-23.94,-33.81,7.81,331.38,-82.8,-132.22
52.421173,-1.541499,156.27,0.87,3,29.32,21 / 21,3104529,2019-09-06 19:07:51:211,-0.137,-2.1753,9.8402,0.0129,-0.0072,9.8066,-0.093,-0.5105,0.0697,-25.06,-34.56,8.94,332.15,-82.64,-132.92
52.421173,-1.541499,156.27,0.87,3,29.32,21 / 21,3104628,2019-09-06 19:07:51:310,0.7153,-1.758,9.842,-0.0131,-0.001,9.8066,-0.1624,-0.4634,0.0471,-24.56,-34.44,9.75,334.08,-82.45,-133.36
52.421173,-1.541499,156.27,0.87,3,29.32,21 / 21,3104729,2019-09-06 19:07:51:411,2.2264,-2.6879,9.7641,-0.01,0.0051,9.8066,0.0993,-0.4825,0.0028,-24.44,-33.62,10.94,336.37,-82.35,-134.12
52.421173,-1.541499,156.27,0.87,3,29.32,21 / 21,3104829,2019-09-06 19:07:51:511,-0.6857,-2.4115,9.8507,0.0373,0.0009,9.8065,-0.0871,-0.3712,-0.0249,-23.94,-33.37,11.19,335.1,-82.26,-135.25
52.421173,-1.541499,156.27,0.87,3,29.32,21 / 21,3104929,2019-09-06 19:07:51:611,2.2715,-2.1638,10.1088,0.0405,-0.0068,9.8065,-0.1532,-0.4728,0.0415,-24.5,-33.56,12.31,333.67,-82.17,-138.28
52.421173,-1.541499,156.27,0.87,3,29.32,21 / 21,3105028,2019-09-06 19:07:51:710,-0.0854,-0.9823,9.7494,-0.0088,0.0157,9.8066,-0.1539,-0.3931,-0.0218,-24.37,-32.81,12.69,335.6,-82.41,-138.87
52.421173,-1.541499,156.27,0.87,3,29.32,21 / 21,3105128,2019-09-06 19:07:51:810,1.2291,-1.6874,9.8702,0.0086,-0.0033,9.8066,0.109,-0.4031,0.0749,-24.12,-32.81,13.94,336.93,-82.34,-139.58
52.421173,-1.541499,156.27,0.87,3,29.32,21 / 21,3105229,2019-09-06 19:07:51:911,-0.1219,-1.0555,10.1226,-0.0022,0.0142,9.8066,0.0231,-0.3538,0.003,-24.06,-33.44,15.25,338.28,-82.36,-140.26
52.421173,-1.541499,156.27,0.87,3,29.32,21 / 21,3105329,2019-09-06 19:07:52:011,0.9858,-1.5,10.126,-0.0032,0.0144,9.8066,-0.1264,-0.329,-0.0133,-23.87,-33.06,14.94,337,-82.33,-141.33
52.421173,-1.541499,156.27,0.87,3,29.32,21 / 21,3105429,2019-09-06 19:07:52:111,1.9127,-2.5013,10.2078,0.0353,-0.017,9.8065,-0.0257,-0.2845,0.0477,-23.25,-33.25,15.38,335.74,-82.26,-143.36
52.421173,-1.541499,156.27,0.87,3,29.32,21 / 21,3105528,2019-09-06 19:07:52:210,-0.236,0.5776,8.9148,0.0698,-0.0387,9.8063,-0.1305,-0.2818,-0.0092,-23.75,-33.56,16.06,335.44,-82.19,-144.22
52.421173,-1.541499,156.27,0.87,3,29.32,21 / 21,3105628,2019-09-06 19:07:52:310,-0.0233,-0.3516,8.6735,-0.0676,0.0313,9.8063,-0.1828,-0.2207,-0.0091,-23.19,-33,16.94,340.53,-82.36,-142.85
52.421173,-1.541499,156.27,0.87,3,29.32,21 / 21,3105729,2019-09-06 19:07:52:411,-0.1396,-0.5706,9.2172,-0.0416,0.0198,9.8065,0.2461,-0.2122,0.0417,-23,-32,16.69,340,-82.17,-143.31
52.421173,-1.541499,156.27,0.87,3,29.32,21 / 21,3105829,2019-09-06 19:07:52:511,2.3983,-1.8879,9.807,0.0189,0.0078,9.8065,0.1207,-0.1793,-0.0062,-23.19,-33.06,17.19,338.69,-82.15,-144.3
52.421173,-1.541499,156.27,0.87,3,29.32,21 / 21,3105928,2019-09-06 19:07:52:610,1.1588,-1.5069,10.2954,0.0211,0.0254,9.8065,-0.1954,-0.0735,-0.0806,-22.37,-32.87,16.56,337.64,-82.45,-146.47
52.421173,-1.541499,156.27,0.87,3,29.32,21 / 21,3106030,2019-09-06 19:07:52:712,1.5239,0.9553,10.4049,0.0296,0.0173,9.8066,-0.1241,-0.0901,0.032,-22.12,-33.19,16.88,333,-83.02,-150.76
52.421173,-1.541499,156.27,0.87,3,29.32,21 / 21,3106129,2019-09-06 19:07:52:811,0.2657,1.2263,10.4938,0.0116,-0.037,9.8065,0.1497,-0.0088,0.0574,-21.81,-33.25,16.75,333.19,-82.95,-150.56
52.421173,-1.541499,156.27,0.87,3,29.32,21 / 21,3106228,2019-09-06 19:07:52:910,1.1589,-2.2795,9.9023,0.0011,-0.0259,9.8065,0.0965,-0.0664,0.0747,-21.87,-33.06,17.44,335.24,-82.55,-148.57
52.421173,-1.541499,156.27,0.87,3,29.32,21 / 21,3106328,2019-09-06 19:07:53:010,0.3054,-3.2819,10.3465,0.0047,-0.0235,9.8065,0.0412,-0.0253,0.0094,-22.37,-33.37,18.25,337.29,-82.04,-148.24
52.421173,-1.541499,156.27,0.87,3,29.32,21 / 21,3106429,2019-09-06 19:07:53:111,2.059,-1.478,9.3684,0.0723,-0.0152,9.8063,-0.2677,-0.1254,-0.0028,-22.87,-33.37,18.31,334.88,-82.16,-149.21
52.421173,-1.541499,156.27,0.87,3,29.32,21 / 21,3106528,2019-09-06 19:07:53:210,0.814,-0.1066,10.1045,0.0174,-0.0202,9.8066,-0.3057,-0.0506,0.0629,-22.25,-32.56,17.44,333.13,-82.09,-150.1
52.421173,-1.541499,156.27,0.87,3,29.32,21 / 21,3106628,2019-09-06 19:07:53:310,0.453,-1.1125,10.1471,-0.0257,-0.0193,9.8066,-0.113,-0.1048,0.1154,-22.69,-32.62,17.25,337.66,-82.3,-145.26
52.421173,-1.541499,156.27,0.87,3,29.32,21 / 21,3106729,2019-09-06 19:07:53:411,0.2336,-1.4006,9.6747,0.0076,-0.0119,9.8065,-0.0697,-0.0023,-0.0086,-22.69,-33,17.38,338.73,-82.24,-144.32
52.421173,-1.541499,156.27,0.87,3,29.32,21 / 21,3106828,2019-09-06 19:07:53:510,1.1909,-1.1025,9.7207,-0.005,0.0121,9.8066,-0.0257,-0.079,0.0441,-22.5,-32.69,17.56,341.91,-82.17,-144.41
52.421173,-1.541499,156.27,0.87,3,29.32,21 / 21,3106928,2019-09-06 19:07:53:610,0.0124,-0.8177,7.4208,-0.0017,0.0155,9.8065,0.1023,-0.2561,0.041,-22.19,-32.94,17.56,340.62,-82.24,-145.52
52.421173,-1.541499,156.27,0.87,3,29.32,21 / 21,3107029,2019-09-06 19:07:53:711,-0.3899,-0.7406,6.9396,-0.2188,0.1245,9.8034,-0.5948,0.0575,0.0453,-22.25,-32.62,17,334.2,-81.68,-148.96
52.421173,-1.541499,156.27,0.87,3,29.32,21 / 21,3107128,2019-09-06 19:07:53:810,1.816,0.3758,8.1505,-0.1406,0.1013,9.8051,0.5931,0.1184,-0.0998,-22.31,-32.44,18.19,342.29,-82.62,-144.34
52.421173,-1.541499,156.27,0.87,3,29.32,21 / 21,3107229,2019-09-06 19:07:53:911,1.0493,0.286,8.08,-0.1139,0.104,9.8054,-0.0634,-0.1163,-0.0191,-22.56,-32.5,17.81,341.79,-82.93,-143.71
52.421173,-1.541499,156.27,0.87,3,29.32,21 / 21,3107328,2019-09-06 19:07:54:010,-2.3606,1.2768,11.0227,-0.0153,0.0439,9.8065,0.1439,-0.0962,-0.0748,-22.19,-32.44,18.19,338.18,-82.63,-147.86
52.421173,-1.541499,156.27,0.87,3,29.32,22 / 22,3107429,2019-09-06 19:07:54:111,0.6597,0.4763,9.0184,-0.0117,0.0013,9.8066,-0.1341,-0.0832,0.1481,-21.94,-33,18.19,338.66,-82.51,-147.3
52.421173,-1.541499,156.27,0.87,3,29.32,22 / 22,3107528,2019-09-06 19:07:54:210,-1.3386,1.3093,9.4389,0.0212,0.0008,9.8065,0.0689,0.0253,-0.0123,-21.94,-32.81,18.31,337.34,-82.59,-148.46
52.421173,-1.541499,156.27,0.87,3,29.32,22 / 22,3107628,2019-09-06 19:07:54:310,0.5423,0.3561,9.928,-0.0108,0.0266,9.8066,0.0161,-0.0896,-0.0367,-22,-32.62,18.25,336.61,-82.76,-149.18
52.421173,-1.541499,156.27,0.87,3,29.32,22 / 22,3107729,2019-09-06 19:07:54:411,1.6688,-0.6744,10.1489,-0.0094,0.005,9.8066,0.147,0.0276,-0.0125,-22.06,-33.06,18.56,337.78,-82.76,-149.77
52.421173,-1.541499,156.27,0.87,3,29.32,22 / 22,3107829,2019-09-06 19:07:54:511,-0.0423,-1.198,9.7247,0.0132,-0.0041,9.8066,0.1801,-0.1005,0.0444,-21.94,-33.12,18.44,335.49,-82.56,-150.04
52.421173,-1.541499,156.27,0.87,3,29.32,22 / 22,3107929,2019-09-06 19:07:54:611,-0.4368,-0.3314,9.1639,0.0021,-0.0124,9.8066,0.0399,-0.0825,0.0639,-21.5,-33.06,18.44,337.45,-82.56,-149.58
52.421173,-1.541499,156.27,0.87,3,29.32,22 / 22,3108028,2019-09-06 19:07:54:710,0.0893,0.0254,9.9406,-0.0079,0.0085,9.8066,-0.1103,-0.0199,-0.0325,-21.94,-33.06,18.31,335.31,-82.62,-150.22
52.421173,-1.541499,156.27,0.87,3,29.32,22 / 22,3108129,2019-09-06 19:07:54:811,1.1452,-0.1998,11.0178,-0.0342,0.0259,9.8065,0.1196,-0.0944,0.0761,-21.81,-33.06,18,335.74,-82.83,-149.96
52.421173,-1.541499,156.27,0.87,3,29.32,22 / 22,3108228,2019-09-06 19:07:54:910,0.57,-0.5312,10.3566,0.0334,-0.05,9.8064,0.1722,0.0673,0.0765,-21.75,-32.87,18.13,334.88,-82.57,-150.57
52.421173,-1.541499,156.27,0.87,3,29.32,22 / 22,3108329,2019-09-06 19:07:55:011,-0.2091,0.2874,10.0039,0.019,-0.0287,9.8066,-0.0465,0.0144,-0.0149,-22.44,-33.19,17.88,336.55,-82.58,-149.14
52.421173,-1.541499,156.27,0.87,3,29.32,22 / 22,3108429,2019-09-06 19:07:55:111,1.8661,-0.9158,9.7473,-0.0076,0.0186,9.8065,-0.0436,-0.028,0.0099,-21.87,-32.44,18.88,338.21,-82.64,-149.44
52.421173,-1.541499,156.27,0.87,3,29.32,22 / 22,3108529,2019-09-06 19:07:55:211,2.6164,0.6305,10.4299,-0.0174,0.0256,9.8066,0.0917,0.098,-0.1242,-22.44,-33.31,18.38,335.38,-82.61,-150.16
52.421173,-1.541499,156.27,0.87,3,29.32,22 / 22,3108629,2019-09-06 19:07:55:311,-0.1278,-0.0776,9.9725,-0.0201,0.0079,9.8066,0.0299,-0.0108,-0.0105,-21.69,-32.44,17.75,336.11,-82.53,-149.6
52.421173,-1.541499,156.27,0.87,3,29.32,22 / 22,3108729,2019-09-06 19:07:55:411,-0.5227,0.0668,10.4225,-0.0045,0.0139,9.8066,0.0911,0.0314,0.0176,-21.75,-32.87,18.19,336.54,-82.62,-149.16
52.421173,-1.541499,156.27,0.87,3,29.32,22 / 22,3108829,2019-09-06 19:07:55:511,1.1551,0.0097,9.8672,0.0311,-0.0068,9.8066,0.1091,0.022,-0.0534,-21.75,-33.12,17.5,334.31,-82.56,-151.05
52.421173,-1.541499,156.27,0.87,3,29.32,22 / 22,3108929,2019-09-06 19:07:55:611,0.1804,0.0691,9.737,0.0138,-0.0103,9.8066,-0.0434,-0.0555,0.0586,-21.81,-32.94,18.19,333.24,-82.52,-151.94
52.421173,-1.541499,156.27,0.87,3,29.32,22 / 22,3109029,2019-09-06 19:07:55:711,0.7925,-0.0074,10.0017,0.0026,0.0099,9.8066,-0.0683,0.0179,-0.0429,-21.5,-32.81,17.69,333.44,-82.45,-152.93
52.421173,-1.541499,156.27,0.87,3,29.32,22 / 22,3109128,2019-09-06 19:07:55:810,0.1061,0.4754,10.0727,-0.0062,0.0014,9.8066,0.1435,0.0474,0.002,-22.37,-32.56,17.38,329.71,-82.47,-153.26
52.421173,-1.541499,156.27,0.87,3,29.32,22 / 22,3109228,2019-09-06 19:07:55:910,0.7064,0.2282,10.144,0.0302,-0.0067,9.8066,-0.0465,0.004,-0.0073,-22.94,-33.19,17.56,330.04,-82.38,-153.49
52.421173,-1.541499,156.27,0.87,3,29.32,22 / 22,3109328,2019-09-06 19:07:56:010,1.2348,-0.4297,10.0812,0.0194,-0.0073,9.8066,-0.064,0.0676,-0.0329,-22.69,-32.62,16.63,326.2,-82.14,-154.97
52.421173,-1.541499,156.27,0.87,3,29.32,22 / 22,3109428,2019-09-06 19:07:56:110,0.5166,0.0707,9.7951,0.004,-0.0026,9.8066,-0.025,0.0142,0.0535,-23.81,-32.62,17.75,327.1,-82.03,-154.75
52.421173,-1.541499,156.27,0.87,3,29.32,22 / 22,3109529,2019-09-06 19:07:56:211,0.5029,0.5533,9.3733,0.0097,0.0001,9.8066,-0.105,0.0182,-0.0265,-23.87,-31.62,18.38,326.69,-82.04,-155.26
52.421173,-1.541499,156.27,0.87,3,29.32,22 / 22,3109628,2019-09-06 19:07:56:310,1.0964,0.4204,9.9497,-0.0171,0.0068,9.8065,-0.0708,0.074,-0.0108,-23.5,-31.81,19.13,330.05,-82.06,-155.02
52.421173,-1.541499,156.27,0.87,3,29.32,22 / 22,3109729,2019-09-06 19:07:56:411,0.2674,0.5098,8.9184,-0.0071,0.0097,9.8066,-0.0062,0.0706,0.0096,-23.06,-31.62,18.38,328.69,-82.16,-154.65
52.421173,-1.541499,156.27,0.87,3,29.32,22 / 22,3109829,2019-09-06 19:07:56:511,0.309,0.7542,9.7232,-0.0104,0.0042,9.8066,-0.0042,-0.0598,0.0508,-22.56,-32.75,18.88,330.42,-82.09,-154.59
52.421173,-1.541499,156.27,0.87,3,29.32,22 / 22,3109929,2019-09-06 19:07:56:611,0.6278,0.1511,9.8715,-0.0138,0.0019,9.8066,0.0408,-0.0085,0.0114,-22,-32.69,18.69,331.58,-82.09,-154.73
52.421173,-1.541499,156.27,0.87,3,29.32,22 / 22,3110029,2019-09-06 19:07:56:711,-0.794,0.5019,10.186,-0.0009,-0.0087,9.8066,0.044,0.0556,0.0207,-21.87,-32.94,18.44,330.78,-81.95,-153.7
52.421173,-1.541499,156.27,0.87,3,29.32,22 / 22,3110129,2019-09-06 19:07:56:811,0.684,1.192,9.6519,-0.0039,-0.0003,9.8066,0.0557,0.0593,-0.0053,-22,-32.56,17.94,331.19,-81.94,-153.35
52.421173,-1.541499,156.27,0.87,3,29.32,22 / 22,3110229,2019-09-06 19:07:56:911,-0.5735,-0.3559,9.7794,0.0035,-0.0059,9.8066,0.1009,-0.0448,-0.0035,-22.19,-32.5,17.75,332.19,-81.86,-152.59
52.421173,-1.541499,156.27,0.87,3,29.32,22 / 22,3110329,2019-09-06 19:07:57:011,0.2965,0.8852,9.5123,-0.006,-0.0144,9.8066,-0.0409,-0.0665,0.0802,-22.12,-32.37,16.88,331.12,-81.73,-151.73
52.421104,-1.540824,158.59,8.55,2,108.71,22 / 22,3110429,2019-09-06 19:07:57:111,0.7923,0.9483,9.4041,0.0056,0.0041,9.8066,-0.0578,0.0454,-0.0277,-22.75,-31.94,17.5,331.77,-81.75,-151.76
52.421104,-1.540824,158.59,8.55,2,108.71,22 / 22,3110529,2019-09-06 19:07:57:211,1.153,0.5277,10.298,-0.0257,0.0103,9.8066,0.0369,0.0557,-0.0674,-22.94,-32.06,17.5,333.76,-81.78,-150.08
52.421104,-1.540824,158.59,8.55,2,108.71,22 / 22,3110628,2019-09-06 19:07:57:310,-0.214,0.2698,10.0997,-0.0157,0.0195,9.8065,0.1281,0.0019,0.0367,-23.25,-32.06,17.56,333.54,-81.87,-150.31
52.421104,-1.540824,158.59,8.55,2,108.71,22 / 22,3110729,2019-09-06 19:07:57:411,-0.8137,1.2847,8.3048,-0.014,-0.0044,9.8066,-0.2276,0.0245,-0.0521,-23.81,-31.62,16.94,329.71,-81.8,-150.84
52.421104,-1.540824,158.59,8.55,2,108.71,22 / 22,3110828,2019-09-06 19:07:57:510,-0.9865,0.7267,9.2964,0.0039,-0.001,9.8066,-0.1917,-0.0848,0.0473,-23.75,-30.19,17.88,331.96,-81.74,-150.78
52.421104,-1.540824,158.59,8.55,2,108.71,22 / 22,3110928,2019-09-06 19:07:57:610,-0.3866,0.6424,9.8109,-0.053,0.0358,9.8064,0.1092,0.0274,-0.0168,-23,-31.12,18.06,334.45,-81.85,-149.65
52.421104,-1.540824,158.59,8.55,2,108.71,22 / 22,3111029,2019-09-06 19:07:57:711,1.1646,0.1691,9.2202,-0.049,0.0192,9.8064,-0.0607,0.0225,-0.0434,-22.94,-30.19,18.38,334.32,-81.78,-149.85
52.421104,-1.540824,158.59,8.55,2,108.71,22 / 22,3111129,2019-09-06 19:07:57:811,-0.182,0.5299,8.8038,-0.0375,0.0155,9.8065,0.0844,-0.0233,0.0058,-22.75,-29.56,17.56,334.29,-81.7,-149.83
52.421104,-1.540824,158.59,8.55,2,108.71,22 / 22,3111228,2019-09-06 19:07:57:910,-0.4429,0.6668,9.562,-0.0223,0.0147,9.8065,0.0449,-0.0143,0.0358,-22.94,-28.87,16.75,332.19,-81.57,-150.04
52.421104,-1.540824,158.59,8.55,2,108.71,22 / 22,3111329,2019-09-06 19:07:58:011,0.1409,0.2123,9.9758,-0.0017,0.0053,9.8066,0.0505,-0.0484,-0.0092,-21.69,-29.62,16.75,332.74,-81.46,-150.48
52.421104,-1.540824,158.59,8.55,2,108.71,21 / 21,3111429,2019-09-06 19:07:58:111,-1.015,1.5807,9.6325,-0.0193,0.0188,9.8065,0.0859,0.0036,-0.0311,-22.31,-29.87,17.06,332.7,-81.61,-150.6
52.421104,-1.540824,158.59,8.55,2,108.71,21 / 21,3111529,2019-09-06 19:07:58:211,-0.3545,0.2759,10.4811,0.0393,-0.0244,9.8065,0.0462,0.0125,0.0183,-23.62,-31.25,17.19,328.85,-81.41,-151.49
52.421104,-1.540824,158.59,8.55,2,108.71,21 / 21,3111628,2019-09-06 19:07:58:310,-0.6666,0.5894,9.4218,0.0251,-0.007,9.8065,0.0432,-0.0366,-0.0214,-23.19,-31.81,17.63,331.92,-81.47,-151.47
52.421104,-1.540824,158.59,8.55,2,108.71,21 / 21,3111729,2019-09-06 19:07:58:411,0.06,0.7827,9.9931,0.0085,-0.0065,9.8066,-0.0904,0.0101,-0.0005,-23.31,-32.44,18.19,331.55,-81.49,-151.79
52.421104,-1.540824,158.59,8.55,2,108.71,21 / 21,3111829,2019-09-06 19:07:58:511,-1.6839,1.2285,10.256,0.0071,-0.0009,9.8066,-0.058,-0.0425,0.0271,-22.75,-31.69,17.25,329.48,-81.5,-151.88
52.421104,-1.540824,158.59,8.55,2,108.71,21 / 21,3111929,2019-09-06 19:07:58:611,-0.6609,0.1819,10.2276,0.0075,0.0018,9.8066,0.107,-0.0692,0.0426,-22.62,-32,17.75,331.26,-81.42,-151.99
52.421104,-1.540824,158.59,8.55,2,108.71,21 / 21,3112028,2019-09-06 19:07:58:710,-0.0028,0.2536,10.1812,-0.0136,0.0005,9.8066,0.2107,0.0006,-0.0228,-22.62,-31.62,17.63,331.45,-81.38,-151.81
52.421104,-1.540824,158.59,8.55,2,108.71,21 / 21,3112129,2019-09-06 19:07:58:811,0.0749,0.3473,9.7264,0.0203,-0.0229,9.8066,-0.1359,0.0023,0.002,-22.62,-32.25,18.44,330.74,-81.15,-152.28
52.421104,-1.540824,158.59,8.55,2,108.71,21 / 21,3112229,2019-09-06 19:07:58:911,-0.3727,0.3091,10.1702,0.0042,-0.0005,9.8066,-0.0382,0.0016,0.0341,-22.44,-32.44,18.19,332.5,-81.19,-151.93
52.421104,-1.540824,158.59,8.55,2,108.71,21 / 21,3112328,2019-09-06 19:07:59:010,-0.1807,0.3158,9.628,-0.0114,0.0071,9.8066,0.0673,-0.0317,-0.0116,-22.44,-32.06,17.5,332.62,-81.23,-151.85
52.421104,-1.540824,158.59,8.55,2,108.71,22 / 22,3112428,2019-09-06 19:07:59:110,-0.1156,0.0994,9.9859,-0.0165,0.0137,9.8066,0.0875,0.0169,0.0101,-23.19,-32.25,18,331.55,-81.34,-151.7
52.421104,-1.540824,158.59,8.55,2,108.71,22 / 22,3112529,2019-09-06 19:07:59:211,-0.0717,0.6126,10.0448,0.0261,-0.0176,9.8065,-0.0429,0.0577,-0.0142,-22.75,-32.75,17.56,330.51,-81.23,-152.37
52.421104,-1.540824,158.59,8.55,2,108.71,22 / 22,3112628,2019-09-06 19:07:59:310,0.0294,0.4526,9.4747,0.0169,-0.013,9.8066,-0.0402,0.0126,-0.0027,-22.87,-32.44,17.81,330.49,-81.21,-152.53
52.421104,-1.540824,158.59,8.55,2,108.71,22 / 22,3112728,2019-09-06 19:07:59:410,-0.3487,1.1994,9.8501,-0.0175,0.0214,9.8065,-0.0148,-0.014,0.0036,-22.44,-32.62,17.44,329.37,-81.15,-152.66
52.421104,-1.540824,158.59,8.55,2,108.71,22 / 22,3112829,2019-09-06 19:07:59:511,-0.0229,0.356,10.0626,-0.0045,-0.0016,9.8066,0.0403,-0.0333,0.0182,-22.56,-32.37,17.63,330.47,-81.27,-152.58
52.421104,-1.540824,158.59,8.55,2,108.71,22 / 22,3112929,2019-09-06 19:07:59:611,-1.4087,0.8278,10.4373,0.0068,-0.0059,9.8066,0.0169,0.0623,-0.0403,-22.31,-31.87,17.38,329.29,-81.2,-152.93
52.421104,-1.540824,158.59,8.55,2,108.71,22 / 22,3113029,2019-09-06 19:07:59:711,1.7865,-1.4721,10.0976,0.0399,-0.0185,9.8065,-0.109,0.0558,-0.0565,-22.44,-32.37,16.69,329.49,-81.28,-152.82
52.421104,-1.540824,158.59,8.55,2,108.71,22 / 22,3113129,2019-09-06 19:07:59:811,-4.522,3.3947,14.4211,0.0389,-0.0303,9.8064,0.699,-0.0933,-0.0562,-24,-32,17.81,325.7,-80.77,-155.27
52.421104,-1.540824,158.59,8.55,2,108.71,22 / 22,3113228,2019-09-06 19:07:59:910,1.2632,-1.3042,8.8903,-0.0025,0.0536,9.8065,0.659,-0.0165,-0.0985,-23.87,-31.62,17.75,321.27,-80.42,-158.8
52.421104,-1.540824,158.59,8.55,2,108.71,22 / 22,3113328,2019-09-06 19:08:00:010,2.3657,0.5478,8.1219,0.0493,-0.0295,9.8065,0.349,-0.0943,0.009,-25.06,-30.81,19.44,319.76,-79.83,-160.52
52.421104,-1.540824,158.59,8.55,2,108.71,22 / 22,3113429,2019-09-06 19:08:00:111,1.3216,-0.726,9.252,-0.0413,0.0107,9.8065,0.1421,0.0766,0.0512,-24.12,-30.62,21.38,324.83,-79.49,-160.01
52.421104,-1.540824,158.59,8.55,2,108.71,22 / 22,3113529,2019-09-06 19:08:00:211,-1.389,-0.234,8.2229,-0.0664,0.0487,9.8063,-0.474,0.0097,0.0251,-22.75,-29.37,20.19,330.12,-80.68,-156.15
52.421104,-1.540824,158.59,8.55,2,108.71,22 / 22,3113628,2019-09-06 19:08:00:310,0.009,0.6819,8.8909,-0.0068,0.0219,9.8066,-0.3704,-0.0106,-0.0462,-20.81,-29.81,19,333.37,-81.54,-154.5
52.421104,-1.540824,158.59,8.55,2,108.71,22 / 22,3113729,2019-09-06 19:08:00:411,1.8625,-0.9389,6.2164,-0.0443,0.0452,9.8064,-0.1359,-0.0363,0.0225,-19.69,-30.87,15.81,335.06,-82.93,-149.83
52.421104,-1.540824,158.59,8.55,2,108.71,22 / 22,3113828,2019-09-06 19:08:00:510,-0.2796,-1.0023,10.4,-0.0225,0.0085,9.8066,0.3629,-0.0276,0.0903,-19.69,-31.5,14.94,336.79,-83.47,-146.75
52.421104,-1.540824,158.59,8.55,2,108.71,22 / 22,3113929,2019-09-06 19:08:00:611,1.3614,-0.621,12.7207,0.1278,-0.0956,9.8053,-0.5105,-0.0313,-0.0347,-21.06,-31.12,14.31,340.42,-83.95,-140.68
52.421104,-1.540824,158.59,8.55,2,108.71,22 / 22,3114028,2019-09-06 19:08:00:710,-1.5443,-0.2972,11.8172,0.2106,-0.1045,9.8038,-0.1376,0.0405,0.0068,-22.19,-30.81,13.56,329.68,-82.76,-148.24
52.421104,-1.540824,158.59,8.55,2,108.71,22 / 22,3114129,2019-09-06 19:08:00:811,-0.5497,0.1485,11.0281,0.0757,-0.0297,9.8063,0.3843,-0.1552,0.0013,-23.06,-31.37,14.5,321.79,-81.5,-155.07
52.421104,-1.540824,158.59,8.55,2,108.71,22 / 22,3114228,2019-09-06 19:08:00:910,3.9994,-0.9734,9.2771,-0.0222,-0.0042,9.8066,0.179,-0.0192,-0.0095,-24.06,-31,15.81,319.41,-80.49,-157.22
52.421104,-1.540824,158.59,8.55,2,108.71,22 / 22,3114328,2019-09-06 19:08:01:010,1.7971,-1.4373,9.7179,-0.0255,0.0078,9.8066,-0.153,-0.0236,0.0258,-25.87,-32.19,16.5,319.16,-80.14,-156.93
52.421104,-1.540824,158.59,8.55,2,108.71,21 / 21,3114428,2019-09-06 19:08:01:110,-0.4915,0.7076,9.431,-0.074,0.037,9.8063,-0.1548,0.1124,-0.0198,-25.62,-31.94,17.69,325.22,-81.08,-154
52.421104,-1.540824,158.59,8.55,2,108.71,21 / 21,3114529,2019-09-06 19:08:01:211,1.7429,-0.2802,9.8989,-0.0011,0.0003,9.8066,-0.1053,0.085,-0.0158,-24.62,-32.12,18.13,328.63,-81.64,-152.33
52.421104,-1.540824,158.59,8.55,2,108.71,21 / 21,3114628,2019-09-06 19:08:01:310,2.5967,4.7977,8.0922,0.0502,-0.0363,9.8064,0.0997,0.3912,-0.1099,-24.12,-33.12,19,330.55,-81.46,-153.02
52.421104,-1.540824,158.59,8.55,2,108.71,21 / 21,3114728,2019-09-06 19:08:01:410,2.4141,-3.9095,8.4609,0.0502,-0.1075,9.8059,-0.7381,0.0719,-0.2674,-23.56,-32.25,18.44,328.06,-80.68,-153.21
52.421104,-1.540824,158.59,8.55,2,108.71,21 / 21,3114828,2019-09-06 19:08:01:510,2.3887,0.5184,8.7191,0.1198,-0.0397,9.8058,-0.3204,-0.0219,0.1841,-23.31,-32.25,17.81,328.41,-80.65,-153.92
52.421104,-1.540824,158.59,8.55,2,108.71,21 / 21,3114929,2019-09-06 19:08:01:611,1.795,5.5762,8.5963,-0.0642,0.071,9.8061,0.022,-0.3921,0.1166,-22.87,-32,17.94,329.22,-80.89,-153.39
52.421104,-1.540824,158.59,8.55,2,108.71,21 / 21,3115029,2019-09-06 19:08:01:711,4.0551,-0.7043,8.8341,0.0295,-0.0382,9.8065,-0.096,0.2318,-0.2599,-22.5,-32.31,17.63,333.87,-81.03,-150.69
52.421104,-1.540824,158.59,8.55,2,108.71,21 / 21,3115129,2019-09-06 19:08:01:811,-0.0768,0.5142,9.749,-0.0158,-0.0144,9.8066,-0.0342,0.1548,0.0364,-22.69,-31.44,17.06,330.51,-81.2,-150.98
52.421104,-1.540824,158.59,8.55,2,108.71,21 / 21,3115228,2019-09-06 19:08:01:910,0.2158,-2.1448,10.9907,0.0191,-0.0166,9.8066,-0.0046,-0.148,-0.0264,-23.25,-32.12,16.81,329.34,-80.98,-151.67
52.421104,-1.540824,158.59,8.55,2,108.71,21 / 21,3115328,2019-09-06 19:08:02:010,1.8265,0.0126,10.0388,0.0336,-0.0102,9.8065,0.1063,0.0105,0.0761,-23.62,-31,16.69,327.94,-80.83,-151.9
52.421104,-1.540824,158.59,8.55,2,108.71,22 / 22,3115428,2019-09-06 19:08:02:110,0.0079,0.4187,10.4148,0.0034,-0.0078,9.8066,-0.0369,-0.0033,0.0216,-25.12,-31.69,17.31,325.76,-80.55,-152.46
52.421104,-1.540824,158.59,8.55,2,108.71,22 / 22,3115529,2019-09-06 19:08:02:211,0.4181,0.2742,9.789,0.0039,-0.0145,9.8066,-0.0601,0.0526,0.0104,-25.5,-30.87,17.88,328.92,-80.57,-151.59
52.421104,-1.540824,158.59,8.55,2,108.71,22 / 22,3115628,2019-09-06 19:08:02:310,0.1463,0.0097,10.0662,-0.0027,-0.0088,9.8066,-0.0069,0.0337,0.0276,-25.62,-31.56,18.75,330.41,-80.63,-150.82
52.421104,-1.540824,158.59,8.55,2,108.71,22 / 22,3115728,2019-09-06 19:08:02:410,0.7557,-0.154,9.5706,-0.0236,0.0064,9.8065,0.0226,-0.0567,-0.0009,-24.87,-30.94,18.94,332.92,-80.78,-149.87
52.421104,-1.540824,158.59,8.55,2,108.71,22 / 22,3115829,2019-09-06 19:08:02:511,0.3241,-0.3696,10.1261,-0.0376,0.0198,9.8065,0.0939,-0.0718,-0.0543,-23.87,-31.5,19.25,335.06,-80.79,-149.1
52.421104,-1.540824,158.59,8.55,2,108.71,22 / 22,3115928,2019-09-06 19:08:02:610,-0.8222,0.3939,9.3249,0.0071,0.0067,9.8065,-0.1357,-0.0936,0.0781,-23.31,-30.62,18.94,336.54,-80.84,-148.97
52.421104,-1.540824,158.59,8.55,2,108.71,22 / 22,3116029,2019-09-06 19:08:02:711,-1.4572,-0.929,9.5006,0.0063,-0.0057,9.8066,-0.0936,-0.0251,0.0568,-23.81,-31.12,18.06,333.34,-80.89,-149.02
52.421104,-1.540824,158.59,8.55,2,108.71,22 / 22,3116129,2019-09-06 19:08:02:811,0.2937,-0.9615,9.9003,-0.0167,0.0174,9.8066,0.1315,-0.0883,-0.0456,-23.75,-30.87,17.88,334.22,-81.11,-148.39
52.421104,-1.540824,158.59,8.55,2,108.71,22 / 22,3116229,2019-09-06 19:08:02:911,-0.7497,-1.1871,10.2943,-0.0068,0.035,9.8065,0.0739,-0.1836,0.0493,-23.81,-31.5,17.38,331.45,-81.32,-149.21
52.421104,-1.540824,158.59,8.55,2,108.71,22 / 22,3116329,2019-09-06 19:08:03:011,-1.1392,0.3194,9.5658,0.0151,0.0018,9.8066,-0.1035,-0.0793,0.017,-22.94,-32.12,16.88,332.47,-81.44,-149.31
52.421104,-1.540824,158.59,8.55,2,108.71,21 / 21,3116428,2019-09-06 19:08:03:110,-0.482,-0.7308,10.5584,0.0197,-0.0041,9.8066,0.0575,-0.1408,0.0775,-23.12,-32.25,17.63,333.14,-81.42,-150.4
52.421104,-1.540824,158.59,8.55,2,108.71,21 / 21,3116529,2019-09-06 19:08:03:211,-0.821,0.5398,9.193,0.0085,0.0099,9.8065,-0.0983,-0.0892,-0.0141,-22.37,-32.25,18.63,335.18,-81.32,-151.38
52.421104,-1.540824,158.59,8.55,2,108.71,21 / 21,3116628,2019-09-06 19:08:03:310,-1.5438,0.0735,9.7495,0.0193,-0.0032,9.8066,-0.1558,-0.0954,0.0564,-22.62,-32.19,18.38,330.48,-81.19,-152.52
52.421104,-1.540824,158.59,8.55,2,108.71,21 / 21,3116729,2019-09-06 19:08:03:411,-1.4729,-0.0935,9.3306,-0.0168,0.0138,9.8066,0.0707,-0.0456,-0.0034,-22.37,-31.87,18.44,332.1,-81.31,-152.35
52.421104,-1.540824,158.59,8.55,2,108.71,21 / 21,3116829,2019-09-06 19:08:03:511,-0.6077,0.1841,10.2915,-0.0305,0.023,9.8065,0.0674,-0.1527,-0.0141,-22,-32.75,19,333.8,-81.47,-152.49
52.421104,-1.540824,158.59,8.55,2,108.71,21 / 21,3116928,2019-09-06 19:08:03:610,-0.1657,0.0363,10.0812,0.0243,0.0049,9.8066,0.0385,-0.1063,0.0154,-22.62,-31.75,17.88,330.15,-81.52,-153.01
52.421104,-1.540824,158.59,8.55,2,108.71,21 / 21,3117029,2019-09-06 19:08:03:711,0.4419,0.3427,10.2105,-0.0041,0.0107,9.8066,0.0893,-0.0176,-0.0231,-22.19,-32.5,18,330.49,-81.62,-153.88
52.421104,-1.540824,158.59,8.55,2,108.71,21 / 21,3117128,2019-09-06 19:08:03:810,1.0049,0.0658,10.0984,0.0309,-0.0232,9.8065,-0.1977,-0.003,0.0088,-21.56,-32.44,18.06,330.04,-81.68,-154.31
52.421104,-1.540824,158.59,8.55,2,108.71,21 / 21,3117229,2019-09-06 19:08:03:911,-0.6751,1.2578,9.2997,0.0218,-0.0137,9.8066,0.0291,-0.0254,-0.0123,-21.87,-33.31,18.06,330.7,-81.82,-153.7
52.421104,-1.540824,158.59,8.55,2,108.71,21 / 21,3117329,2019-09-06 19:08:04:011,0.786,0.0679,9.5202,-0.0031,0.0128,9.8066,-0.0306,0.0046,0.0031,-21.62,-32.81,17.94,330.74,-81.89,-153.7
52.421104,-1.540824,158.59,8.55,2,108.71,22 / 22,3117429,2019-09-06 19:08:04:111,-0.1169,0.5924,9.7152,0.0102,-0.0089,9.8066,-0.0522,0.0276,0.0034,-22.62,-33.31,17.25,327.12,-81.95,-154.04
52.421104,-1.540824,158.59,8.55,2,108.71,22 / 22,3117529,2019-09-06 19:08:04:211,0.4104,0.7918,9.7995,-0.018,0.0128,9.8066,0.0384,0.0403,-0.0289,-21.87,-32.75,17.5,331.06,-82.14,-153.59
52.421104,-1.540824,158.59,8.55,2,108.71,22 / 22,3117628,2019-09-06 19:08:04:310,-0.4872,0.2489,10.0341,-0.0123,0.016,9.8066,0.0501,-0.0007,0.0499,-22.75,-32.44,17.75,329.43,-82.18,-154.02
52.421104,-1.540824,158.59,8.55,2,108.71,22 / 22,3117729,2019-09-06 19:08:04:411,0.0062,0.4284,9.576,0.0116,-0.0028,9.8066,0.0541,-0.0028,0.0113,-22.31,-32.31,17.5,330.53,-82.09,-154.14
52.421104,-1.540824,158.59,8.55,2,108.71,22 / 22,3117828,2019-09-06 19:08:04:510,0.38,0.1792,9.9811,0.0036,-0.0068,9.8066,0.0682,0.0613,-0.0247,-22.44,-32.5,17.25,328.73,-82.06,-153.98
52.421104,-1.540824,158.59,8.55,2,108.71,22 / 22,3117929,2019-09-06 19:08:04:611,0.8682,1.0572,10.0613,-0.0001,-0.0051,9.8065,-0.0205,-0.013,0.0462,-21.75,-32.44,16.94,329.02,-82.1,-153.75
52.421104,-1.540824,158.59,8.55,2,108.71,22 / 22,3118029,2019-09-06 19:08:04:711,-0.5638,1.1601,10.0018,0.0274,-0.0145,9.8065,0.0858,0.0345,-0.0361,-23.37,-32.5,16.13,325.96,-81.98,-153.47
52.421104,-1.540824,158.59,8.55,2,108.71,22 / 22,3118129,2019-09-06 19:08:04:811,0.447,0.6729,10.236,-0.0386,0.0181,9.8065,0.1915,0.0439,-0.0098,-23.31,-31.94,16.69,328.27,-82.1,-153.3
52.421104,-1.540824,158.59,8.55,2,108.71,22 / 22,3118229,2019-09-06 19:08:04:911,0.541,-0.0235,9.7481,-0.0362,0.0261,9.8064,0.1781,0.0329,0.0209,-23.81,-32.19,17.63,328.23,-81.99,-153.89
52.421104,-1.540824,158.59,8.55,2,108.71,22 / 22,3118329,2019-09-06 19:08:05:011,1.2927,-0.1737,9.4993,0.0172,-0.0161,9.8066,-0.0886,0.0473,-0.0578,-23.5,-32.06,18.38,328.38,-81.77,-154.67
52.421104,-1.540824,158.59,8.55,2,108.71,21 / 21,3118429,2019-09-06 19:08:05:111,0.1486,0.4707,10.3521,-0.021,0.0204,9.8066,0.0485,0.0042,0.0249,-23.5,-32.44,17.88,329.16,-82.01,-154.15
52.421104,-1.540824,158.59,8.55,2,108.71,21 / 21,3118528,2019-09-06 19:08:05:210,0.226,0.5707,9.4737,0.0059,-0.0013,9.8066,-0.0076,0.0294,-0.0089,-22.87,-32.12,17.25,327.09,-82.07,-154.31
52.421104,-1.540824,158.59,8.55,2,108.71,21 / 21,3118628,2019-09-06 19:08:05:310,0.1409,-0.1034,9.6041,0.0041,-0.0023,9.8066,-0.0086,0.0026,0.0487,-22.94,-32.31,17.44,327,-82.1,-154.41
52.421104,-1.540824,158.59,8.55,2,108.71,21 / 21,3118729,2019-09-06 19:08:05:411,0.5627,0.8863,9.4865,0.0004,0.0106,9.8066,-0.0411,0.0652,0.0016,-22.37,-31.56,16.88,328.84,-82.23,-154
52.421104,-1.540824,158.59,8.55,2,108.71,21 / 21,3118828,2019-09-06 19:08:05:510,1.0124,-0.0336,10.0274,0.0038,-0.0116,9.8066,-0.0242,0.0426,-0.0155,-22.44,-32.25,16.5,329.42,-82.28,-153.53
52.421104,-1.540824,158.59,8.55,2,108.71,21 / 21,3118929,2019-09-06 19:08:05:611,0.5751,0.473,9.9996,0.004,-0.0055,9.8066,0.0098,-0.0101,-0.0147,-22.37,-32.06,16.69,328.95,-82.28,-153.93
52.421104,-1.540824,158.59,8.55,2,108.71,21 / 21,3119029,2019-09-06 19:08:05:711,-0.5336,0.0251,10.26,0.0022,-0.0067,9.8066,-0.0697,0.0009,-0.0254,-22.5,-31.81,16.75,328.77,-82.17,-154.02
52.421104,-1.540824,158.59,8.55,2,108.71,21 / 21,3119129,2019-09-06 19:08:05:811,0.0432,1.5295,9.8136,-0.0138,0.002,9.8066,0.1105,0.0618,-0.0135,-22.5,-31.56,16.25,326.72,-82.13,-153.98
52.421104,-1.540824,158.59,8.55,2,108.71,21 / 21,3119228,2019-09-06 19:08:05:910,-0.4325,0.7084,10.475,-0.0135,0.0124,9.8066,0.0192,0.0226,-0.0369,-23.25,-31.94,15.94,325.94,-82.17,-153.62
52.421104,-1.540824,158.59,8.55,2,108.71,21 / 21,3119329,2019-09-06 19:08:06:011,0.2617,1.2238,9.823,0.0479,-0.0227,9.8064,-0.093,0.1098,-0.0423,-23.37,-31.31,15.06,323.26,-82.15,-154.29
52.420883,-1.53976,160.94,9.2,2,107.79,21 / 21,3119428,2019-09-06 19:08:06:110,0.604,1.9121,9.4102,-0.0462,0.029,9.8065,0.1254,0.1236,-0.0852,-24,-31.5,15.88,325.39,-82.45,-153.45
52.420883,-1.53976,160.94,9.2,2,107.79,21 / 21,3119529,2019-09-06 19:08:06:211,-0.3863,0.5086,9.6389,-0.0155,0.0053,9.8066,-0.0897,0.0187,0.0415,-24.37,-32.31,16.25,324.97,-82.37,-153.61
52.420883,-1.53976,160.94,9.2,2,107.79,21 / 21,3119628,2019-09-06 19:08:06:310,-1.5879,-0.249,10.628,0.0292,0.001,9.8066,0.0306,0.0503,-0.0419,-24.12,-32.69,17.31,325.83,-82.41,-154.46
52.420883,-1.53976,160.94,9.2,2,107.79,21 / 21,3119728,2019-09-06 19:08:06:410,-0.884,1.7953,9.7786,0.0111,0.0205,9.8066,0.0362,0.0528,-0.0623,-22.69,-32.25,17.38,324.49,-82.42,-156.81
52.420883,-1.53976,160.94,9.2,2,107.79,21 / 21,3119829,2019-09-06 19:08:06:511,-1.6245,-0.5186,9.7406,0.0038,0.0038,9.8066,0.0253,0.0115,-0.027,-22.75,-33.12,17.13,322.07,-82.18,-158.58
52.420883,-1.53976,160.94,9.2,2,107.79,21 / 21,3119929,2019-09-06 19:08:06:611,-0.4414,1.3389,9.1637,-0.0488,0.0308,9.8064,-0.1302,0.0377,-0.0784,-22.5,-33.19,17.31,320.53,-82.15,-160.96
52.420883,-1.53976,160.94,9.2,2,107.79,21 / 21,3120028,2019-09-06 19:08:06:710,0.0365,2.557,9.2861,-0.0877,0.0331,9.8062,0.1246,-0.0267,0.046,-22.19,-33.69,17.13,323.87,-82.78,-158.4
52.420883,-1.53976,160.94,9.2,2,107.79,21 / 21,3120128,2019-09-06 19:08:06:810,-2.7635,4.9312,9.0806,0.0105,0.0019,9.8066,0.057,0.1296,-0.0176,-21.69,-32.81,16.44,322.68,-83.14,-158.09
52.420883,-1.53976,160.94,9.2,2,107.79,21 / 21,3120229,2019-09-06 19:08:06:911,1.7201,2.1369,9.8744,-0.0044,0.0065,9.8066,0.0202,0.0083,0.0072,-22.56,-33.75,15.81,321.59,-83.26,-157.95
52.420883,-1.53976,160.94,9.2,2,107.79,21 / 21,3120329,2019-09-06 19:08:07:011,-0.4445,0.8113,9.9275,0.0163,-0.0262,9.8065,0.0209,-0.0625,-0.0607,-22.37,-33.37,15.38,320.93,-83.18,-157.81
52.420883,-1.53976,160.94,9.2,2,107.79,21 / 21,3120429,2019-09-06 19:08:07:111,-1.2406,-0.0893,10.3274,0.0065,-0.0257,9.8066,0.0261,-0.0037,0.112,-22.69,-33.37,16,323.11,-83.03,-156.58
52.420883,-1.53976,160.94,9.2,2,107.79,21 / 21,3120529,2019-09-06 19:08:07:211,-0.7794,0.3612,10.3022,0.0028,-0.0031,9.8066,-0.0195,0.0815,-0.0471,-22.94,-33.25,14.88,321.21,-82.99,-156.41
52.420883,-1.53976,160.94,9.2,2,107.79,21 / 21,3120628,2019-09-06 19:08:07:310,0.4512,2.112,10.0582,0.0018,-0.0009,9.8065,0.0574,0.0073,0.0367,-22.94,-33.25,15.25,320.77,-82.94,-156.75
52.420883,-1.53976,160.94,9.2,2,107.79,21 / 21,3120729,2019-09-06 19:08:07:411,-0.78,1.4251,9.9917,-0.0021,-0.0093,9.8066,0.0716,0.0585,0.0329,-23.12,-33.19,14.94,320.84,-82.81,-156.58
52.420883,-1.53976,160.94,9.2,2,107.79,21 / 21,3120829,2019-09-06 19:08:07:511,1.0136,0.3893,9.8142,-0.0084,-0.0062,9.8066,0.0314,0.0519,0.0232,-23.69,-33.31,15.25,320.2,-82.72,-156.14
52.420883,-1.53976,160.94,9.2,2,107.79,21 / 21,3120929,2019-09-06 19:08:07:611,-0.3495,0.6366,9.8988,0,-0.0005,9.8066,0.0131,0.0194,0.0092,-22.44,-33.75,14.94,322.02,-82.56,-156.18
52.420883,-1.53976,160.94,9.2,2,107.79,21 / 21,3121028,2019-09-06 19:08:07:710,-0.4182,1.0998,9.8856,0.0088,-0.0099,9.8066,0.0578,0.0385,-0.0071,-23.37,-32.94,15.38,321.4,-82.5,-155.84
52.420883,-1.53976,160.94,9.2,2,107.79,21 / 21,3121129,2019-09-06 19:08:07:811,-0.9627,0.1879,9.9211,-0.008,0.0009,9.8066,0.0482,-0.0128,0.0348,-23.12,-33.25,14.88,321.81,-82.45,-155.43
52.420883,-1.53976,160.94,9.2,2,107.79,21 / 21,3121229,2019-09-06 19:08:07:911,0.4606,0.7025,9.583,-0.009,0.0024,9.8066,-0.0831,0.02,0.0356,-24.37,-32.94,14.25,318.98,-82.52,-155.18
52.420883,-1.53976,160.94,9.2,2,107.79,21 / 21,3121329,2019-09-06 19:08:08:011,-0.1867,0.8809,8.8078,-0.0068,0.0119,9.8066,-0.1397,0.089,-0.0497,-24.31,-33.37,14.19,319.96,-82.63,-154.41
52.420883,-1.53976,160.94,9.2,2,107.79,21 / 22,3121429,2019-09-06 19:08:08:111,-0.8338,1.1691,11.4438,0.1149,-0.0418,9.8058,-0.2161,0.2556,-0.0812,-24.12,-32.62,13.94,317.14,-82.25,-156.58
52.420883,-1.53976,160.94,9.2,2,107.79,21 / 22,3121529,2019-09-06 19:08:08:211,-1.6562,1.3699,9.3351,0.0043,-0.0122,9.8066,0.3464,0.0064,0.0021,-24.69,-33,14.44,315.21,-82.04,-157.27
52.420883,-1.53976,160.94,9.2,2,107.79,21 / 22,3121629,2019-09-06 19:08:08:311,-0.2069,-0.7525,5.6859,0.1721,-0.0862,9.8047,-0.1188,-0.0676,0.0492,-24.5,-32.44,15.63,316.9,-81.13,-159.69
52.420883,-1.53976,160.94,9.2,2,107.79,21 / 22,3121729,2019-09-06 19:08:08:411,0.2333,0.4971,6.3934,-0.0704,0.0316,9.8063,-0.4947,0.1525,-0.1211,-24.25,-33.06,16.13,315.68,-81.19,-160.6
52.420883,-1.53976,160.94,9.2,2,107.79,21 / 22,3121829,2019-09-06 19:08:08:511,-2.6393,3.8478,8.5919,0.0254,-0.0308,9.8065,-0.6897,0.0611,-0.0594,-24,-33.25,15.44,318.92,-81.92,-156.59
52.420883,-1.53976,160.94,9.2,2,107.79,21 / 22,3121929,2019-09-06 19:08:08:611,-1.3738,1.0329,10.0024,-0.0844,0.0396,9.8062,-0.2778,0.0089,0.0167,-23.44,-33.5,14.31,327,-83.64,-149.92
52.420883,-1.53976,160.94,9.2,2,107.79,21 / 22,3122029,2019-09-06 19:08:08:711,-1.2686,0.7548,9.2875,0.0243,0.0151,9.8065,0.1195,0.0239,-0.0833,-22.87,-33.44,13.56,326.11,-83.78,-150.8
52.420883,-1.53976,160.94,9.2,2,107.79,21 / 22,3122128,2019-09-06 19:08:08:810,1.5051,1.4239,9.6317,0.026,-0.0088,9.8065,0.1468,0.0501,-0.0393,-23,-32.94,13.94,320.31,-83.29,-155.57
52.420883,-1.53976,160.94,9.2,2,107.79,21 / 22,3122229,2019-09-06 19:08:08:911,1.4159,-0.7946,10.7453,-0.0163,-0.0035,9.8066,0.2169,-0.1765,0.0952,-23.25,-33.56,14,319.54,-83.04,-155.86
52.420883,-1.53976,160.94,9.2,2,107.79,21 / 22,3122328,2019-09-06 19:08:09:010,2.5151,0.8437,10.3304,0.0394,-0.0042,9.8065,0.37,0.1214,-0.073,-23.19,-33.31,14.38,322.85,-83.43,-153.43
52.420883,-1.53976,160.94,9.2,2,107.79,21 / 21,3122428,2019-09-06 19:08:09:110,1.3173,-1.4982,12.9057,-0.0701,0.0599,9.8062,-0.337,0.108,-0.0247,-23.37,-33.44,13.56,326.18,-84.08,-150.96
52.420883,-1.53976,160.94,9.2,2,107.79,21 / 21,3122529,2019-09-06 19:08:09:211,-2.2845,-2.4889,13.2697,0.1661,-0.0728,9.8049,-0.0496,0.202,-0.1355,-23.31,-32.37,13.63,324.77,-83.91,-152.23
52.420883,-1.53976,160.94,9.2,2,107.79,21 / 21,3122628,2019-09-06 19:08:09:310,-0.816,2.5502,10.9906,0.1206,-0.0628,9.8057,0.3024,-0.09,0.0635,-23,-33.25,13.94,322.26,-83.54,-154.04
52.420883,-1.53976,160.94,9.2,2,107.79,21 / 21,3122728,2019-09-06 19:08:09:410,4.3699,-1.6025,9.7659,0.1081,-0.0628,9.8058,0.3464,-0.0713,0.0063,-22.62,-32.5,15.31,316.88,-81.87,-159.45
52.420883,-1.53976,160.94,9.2,2,107.79,21 / 21,3122829,2019-09-06 19:08:09:511,1.5293,-1.1624,9.7817,0.0015,-0.0003,9.8066,-0.2017,0.0203,-0.0401,-23.31,-33.12,15.06,317.22,-81.83,-158.91
52.420883,-1.53976,160.94,9.2,2,107.79,21 / 21,3122929,2019-09-06 19:08:09:611,-0.4351,-1.1047,9.8931,-0.0538,0.0352,9.8064,-0.233,-0.0524,0.0573,-23.06,-32.44,14.69,320.59,-82.27,-156.53
52.420883,-1.53976,160.94,9.2,2,107.79,21 / 21,3123028,2019-09-06 19:08:09:710,1.0779,0.6609,9.3768,-0.0269,0.0187,9.8065,0.0008,-0.0329,0.01,-23,-32.94,13.94,320.56,-83.05,-155.14
52.420883,-1.53976,160.94,9.2,2,107.79,21 / 21,3123131,2019-09-06 19:08:09:813,0.9698,0.4062,9.7127,0.0137,-0.0058,9.8066,0.0476,-0.029,0.0017,-23.56,-32.69,15,320.37,-83,-156.21
52.420883,-1.53976,160.94,9.2,2,107.79,21 / 21,3123229,2019-09-06 19:08:09:911,1.3073,-1.3834,10.3267,0.0229,-0.018,9.8066,0.0331,0.0063,-0.0073,-23.19,-33,14.5,319.96,-82.65,-157.23
52.420883,-1.53976,160.94,9.2,2,107.79,21 / 21,3123329,2019-09-06 19:08:10:011,1.3702,-0.7365,10.2184,0.021,-0.0015,9.8066,0.0156,0.0183,-0.0159,-24.12,-31.94,14.75,317.49,-82.35,-158.4
52.420883,-1.53976,160.94,9.2,2,107.79,22 / 22,3123429,2019-09-06 19:08:10:111,-0.1048,0.4556,10.1431,0.0053,0.0016,9.8066,0.0102,-0.0173,0.0155,-24.5,-31.87,14.06,315.56,-82.44,-158.33
52.420883,-1.53976,160.94,9.2,2,107.79,22 / 22,3123528,2019-09-06 19:08:10:210,0.72,0.2084,9.8712,-0.0192,0.0117,9.8065,-0.046,0.0479,-0.0618,-23.87,-30.87,12.56,313.77,-82.69,-158.43
52.420883,-1.53976,160.94,9.2,2,107.79,22 / 22,3123629,2019-09-06 19:08:10:311,0.8565,-0.412,10.0838,-0.0191,0.0105,9.8066,0.1081,0.0344,-0.0204,-20.81,-31.81,13.56,319.43,-82.87,-158.15
52.420883,-1.53976,160.94,9.2,2,107.79,22 / 22,3123728,2019-09-06 19:08:10:410,1.2469,-0.6278,9.8386,0.0143,-0.0022,9.8066,0.0028,-0.046,0.0284,-21.12,-31.94,14.63,320.27,-82.78,-159.31
52.420883,-1.53976,160.94,9.2,2,107.79,22 / 22,3123828,2019-09-06 19:08:10:510,1.5224,-0.1415,9.9688,0.0112,0.0048,9.8066,0.022,0.0127,-0.0628,-21.44,-33,15.25,319.07,-82.68,-160.09
52.420883,-1.53976,160.94,9.2,2,107.79,22 / 22,3123928,2019-09-06 19:08:10:610,1.0421,-0.1891,9.8891,-0.0017,0.0008,9.8066,0.0579,-0.0141,0.024,-22.37,-33.12,14.63,317.4,-82.77,-160.58
52.420883,-1.53976,160.94,9.2,2,107.79,22 / 22,3124028,2019-09-06 19:08:10:710,0.9283,0.2126,10.5826,-0.0109,0.0018,9.8066,-0.0041,-0.0391,0.011,-22.62,-33.44,14.06,314.48,-82.86,-160.35
52.420883,-1.53976,160.94,9.2,2,107.79,22 / 22,3124129,2019-09-06 19:08:10:811,0.249,-0.6193,9.7088,0.0308,-0.0112,9.8066,0.0707,-0.0405,-0.0156,-22.81,-33.75,14.81,317.01,-83.01,-159.97
52.420883,-1.53976,160.94,9.2,2,107.79,22 / 22,3124228,2019-09-06 19:08:10:910,-0.1296,-0.4009,9.4027,0.047,-0.0109,9.8065,-0.1866,-0.0051,-0.0101,-22.37,-33.19,14.13,314.15,-82.76,-161.49
52.420883,-1.53976,160.94,9.2,2,107.79,22 / 22,3124329,2019-09-06 19:08:11:011,-0.1319,-0.4247,9.1446,-0.0499,0.0205,9.8065,0.1162,-0.0724,-0.0082,-21.69,-33.5,14.56,317.3,-83.12,-160.98
52.420883,-1.53976,160.94,9.2,2,107.79,22 / 22,3124429,2019-09-06 19:08:11:111,-0.9061,0.4592,10.1312,-0.0211,0.0194,9.8065,0.146,-0.034,-0.0451,-22.06,-32.75,14.81,316.39,-83.24,-161.9
52.420883,-1.53976,160.94,9.2,2,107.79,22 / 22,3124528,2019-09-06 19:08:11:210,-0.1519,0.8443,9.9463,0.0053,-0.003,9.8066,0.0351,0.0163,0.0347,-22.75,-33.25,14.88,314.91,-83.26,-162.24
52.420883,-1.53976,160.94,9.2,2,107.79,22 / 22,3124629,2019-09-06 19:08:11:311,0.2645,0.5204,10.051,0.0181,0.0067,9.8065,-0.0925,-0.0015,-0.0156,-22.75,-32.87,14.63,313.64,-83.23,-163.36
52.420883,-1.53976,160.94,9.2,2,107.79,22 / 22,3124729,2019-09-06 19:08:11:411,-0.1593,0.5523,10.3532,-0.0036,-0.003,9.8066,-0.017,0.0131,0.0072,-21.5,-33.69,14.94,315.32,-83.17,-163.66
52.420883,-1.53976,160.94,9.2,2,107.79,22 / 22,3124829,2019-09-06 19:08:11:511,-0.3242,0.0863,9.6772,0.0102,-0.0051,9.8066,0.0719,0.0042,0.0242,-21.69,-31.94,15.69,316.91,-83.12,-163.37
52.420883,-1.53976,160.94,9.2,2,107.79,22 / 22,3124929,2019-09-06 19:08:11:611,-0.139,0.4584,9.7851,-0.0132,0.0031,9.8066,0.0031,0.0224,-0.0028,-21.37,-31.94,14.94,316.6,-83.16,-162.89
52.420883,-1.53976,160.94,9.2,2,107.79,22 / 22,3125028,2019-09-06 19:08:11:710,0.3487,0.0733,10.075,-0.0147,0.01,9.8066,-0.015,0.0563,-0.0173,-21.37,-31.75,14.44,314.53,-83.18,-162.78
52.420883,-1.53976,160.94,9.2,2,107.79,22 / 22,3125128,2019-09-06 19:08:11:810,0.2991,0.4057,10.3496,0.0158,-0.009,9.8066,0.02,0.0164,0.0171,-21.37,-31.56,13.25,312.82,-83.1,-162.14
52.420883,-1.53976,160.94,9.2,2,107.79,22 / 22,3125229,2019-09-06 19:08:11:911,1.3383,0.1359,10.1848,-0.0019,0.0034,9.8066,0.0676,0.0439,-0.0037,-22.56,-32.25,13.31,311.14,-83.21,-161.92
52.420883,-1.53976,160.94,9.2,2,107.79,22 / 22,3125329,2019-09-06 19:08:12:011,0.4456,-0.1728,9.8876,0.0441,-0.0145,9.8065,-0.2071,0.0716,-0.0157,-23.31,-33,13.31,311.29,-83.36,-161.74
52.420883,-1.53976,160.94,9.2,2,107.79,21 / 21,3125430,2019-09-06 19:08:12:112,-0.3821,1.0483,10.0529,0.0603,-0.0313,9.8063,-0.1784,0.0585,0.0084,-23.62,-33.37,13.81,311.41,-83.17,-162.54
52.420883,-1.53976,160.94,9.2,2,107.79,21 / 21,3125528,2019-09-06 19:08:12:210,-0.9418,1.1827,9.5874,-0.0376,0.009,9.8066,-0.1375,0.0408,0.0349,-23.44,-32.87,13.5,314.51,-83.56,-160.99
52.420883,-1.53976,160.94,9.2,2,107.79,21 / 21,3125628,2019-09-06 19:08:12:310,-0.43,0.2297,9.9748,0.0026,-0.0106,9.8066,0.1456,0.0279,0.0307,-23.81,-33.62,13.81,313.57,-83.41,-160.64
52.420883,-1.53976,160.94,9.2,2,107.79,21 / 21,3125729,2019-09-06 19:08:12:411,-0.717,0.978,9.6637,-0.027,0.0093,9.8065,-0.0228,0.0094,-0.0388,-23.5,-32.69,14.38,315.51,-83.52,-160.06
52.420883,-1.53976,160.94,9.2,2,107.79,21 / 21,3125829,2019-09-06 19:08:12:511,-1.7173,1.1541,10.0874,-0.0436,0.0096,9.8065,0.1339,0.0298,0.0457,-23.37,-33.12,13.56,316.33,-83.51,-159.31
52.420883,-1.53976,160.94,9.2,2,107.79,21 / 21,3125929,2019-09-06 19:08:12:611,-0.0502,0.3402,10.1154,0.0357,-0.0121,9.8065,0.1452,-0.0004,0.0263,-23.87,-32.37,13.25,314.21,-83.51,-158.58
52.420883,-1.53976,160.94,9.2,2,107.79,21 / 21,3126028,2019-09-06 19:08:12:710,-0.6567,0.6167,10.1902,0.0289,-0.0105,9.8065,-0.0478,0.0477,-0.0179,-24.06,-32.94,12.63,312.45,-83.29,-159.8
52.420883,-1.53976,160.94,9.2,2,107.79,21 / 21,3126129,2019-09-06 19:08:12:811,0.572,0.3779,10.1072,0.0254,0.0003,9.8066,0.0282,0.0079,0.0057,-23.06,-32.12,12.75,312.81,-83.14,-160.34
52.420883,-1.53976,160.94,9.2,2,107.79,21 / 21,3126229,2019-09-06 19:08:12:911,-0.8967,0.7554,9.3393,0.0382,-0.01,9.8065,-0.0778,0.0119,-0.0105,-23.25,-32.06,13.31,311.98,-83.1,-161.06
52.420883,-1.53976,160.94,9.2,2,107.79,21 / 21,3126329,2019-09-06 19:08:13:011,-2.6585,0.77,8.458,-0.0959,0.0354,9.806,-0.325,-0.0226,0.0017,-24.5,-32.37,13.44,310.2,-83.01,-161.75
52.420883,-1.53976,160.94,9.2,2,107.79,21 / 22,3126429,2019-09-06 19:08:13:111,1.0729,-0.3123,10.4678,-0.072,0.0269,9.8063,0.2731,0.0108,-0.0211,-24.37,-32.12,15.31,316.39,-83.57,-160.42
52.420883,-1.53976,160.94,9.2,2,107.79,21 / 22,3126529,2019-09-06 19:08:13:211,0.851,0.271,10.472,0.0207,-0.0041,9.8066,-0.124,0.0143,0.0408,-23.25,-32.06,15.38,315.89,-83.48,-161.74
52.420883,-1.53976,160.94,9.2,2,107.79,21 / 22,3126629,2019-09-06 19:08:13:311,0.0424,0.656,10.4634,-0.015,0.0087,9.8066,0.0636,0.0267,-0.0351,-22.12,-32.81,13.38,313,-83.62,-161.35
52.420883,-1.53976,160.94,9.2,2,107.79,21 / 22,3126728,2019-09-06 19:08:13:410,-0.0027,0.2797,9.8006,0.0453,-0.0142,9.8065,0.1289,-0.0137,-0.0208,-22.5,-32.87,12.81,310.84,-83.41,-163.08
52.420883,-1.53976,160.94,9.2,2,107.79,21 / 22,3126829,2019-09-06 19:08:13:511,-1.4401,1.7754,9.7521,0.0492,-0.0141,9.8065,-0.1103,0.0734,-0.0394,-22.75,-33.5,12.88,309.57,-83.42,-163.36
52.420883,-1.53976,160.94,9.2,2,107.79,21 / 22,3126929,2019-09-06 19:08:13:611,0.2118,0.5361,9.2934,-0.0537,0.0329,9.8064,-0.1452,0.0494,-0.0552,-22.94,-33.19,12.31,307.13,-83.47,-163.59
52.420883,-1.53976,160.94,9.2,2,107.79,21 / 22,3127028,2019-09-06 19:08:13:710,-0.5052,-0.0254,11.8838,0.023,0.0095,9.8066,-0.1453,0.0519,-0.0439,-23.44,-33.5,13.06,307.74,-83.67,-165.29
52.420883,-1.53976,160.94,9.2,2,107.79,21 / 22,3127129,2019-09-06 19:08:13:811,-1.6921,1.4224,10.5352,0.1125,-0.053,9.8058,0.094,-0.0347,0.1564,-22.62,-34,13.69,308.59,-83.2,-165.8
52.420883,-1.53976,160.94,9.2,2,107.79,21 / 22,3127229,2019-09-06 19:08:13:911,-0.8399,0.2634,9.2724,0.1141,-0.0301,9.8059,-0.1469,-0.0356,-0.1052,-22.5,-34.94,13.38,304.62,-83.04,-167.87
52.420883,-1.53976,160.94,9.2,2,107.79,21 / 22,3127329,2019-09-06 19:08:14:011,-2.5573,0.6489,9.071,-0.0378,0.0206,9.8065,0.1338,0.0668,-0.0675,-22.19,-34.37,13.94,303.8,-82.63,-170.41
52.420883,-1.53976,160.94,9.2,2,107.79,21 / 21,3127428,2019-09-06 19:08:14:110,-1.7962,0.3943,9.8049,0.0153,-0.0284,9.8066,-0.0067,0.0483,0.086,-22.19,-34.37,14.31,305.43,-82.58,-168.88
52.420883,-1.53976,160.94,9.2,2,107.79,21 / 21,3127529,2019-09-06 19:08:14:211,-2.276,1.2051,9.6466,-0.054,0.0473,9.8063,-0.166,0.0694,-0.0426,-22.5,-33.69,13.44,302.8,-83.2,-169.94
52.420883,-1.53976,160.94,9.2,2,107.79,21 / 21,3127628,2019-09-06 19:08:14:310,-2.7223,1.3951,9.9734,-0.0369,0.0288,9.8064,0.1747,0.01,-0.037,-22.81,-33.81,13.44,300.49,-83.33,-171.38
52.420883,-1.53976,160.94,9.2,2,107.79,21 / 21,3127729,2019-09-06 19:08:14:411,-0.4227,1.8846,9.5266,0.0089,0.0152,9.8066,-0.0078,-0.0731,0.0235,-22.19,-33.56,13.69,300.73,-83.25,-173.97
52.420883,-1.53976,160.94,9.2,2,107.79,21 / 21,3127828,2019-09-06 19:08:14:510,-1.4415,0.6342,10.294,0.0188,-0.0008,9.8065,-0.0522,0.0125,-0.0568,-22.12,-34.5,13.56,299.65,-83.08,-174.75
52.420883,-1.53976,160.94,9.2,2,107.79,21 / 21,3127929,2019-09-06 19:08:14:611,-1.5542,1.4043,9.6738,-0.0102,0.0112,9.8066,0.1036,0.0177,-0.0239,-21.87,-34.5,13.25,296.21,-83.12,-175.94
52.420883,-1.53976,160.94,9.2,2,107.79,21 / 21,3128029,2019-09-06 19:08:14:711,-1.6311,1.2029,9.666,-0.016,0.0181,9.8065,0.0633,0.0046,-0.0158,-22.06,-34.75,14,296.92,-83.28,-177.29
52.420883,-1.53976,160.94,9.2,2,107.79,21 / 21,3128129,2019-09-06 19:08:14:811,-1.2505,1.2916,10.0022,-0.0034,0.0081,9.8066,0.0516,0.0757,-0.052,-21.81,-35.12,13.63,296.12,-83.42,-178.22
52.420883,-1.53976,160.94,9.2,2,107.79,21 / 21,3128229,2019-09-06 19:08:14:911,-1.7506,0.6666,9.6408,-0.0031,0.0136,9.8066,-0.0659,0.0162,-0.0066,-21.69,-34.5,12.81,293.65,-83.57,-178.91
52.420883,-1.53976,160.94,9.2,2,107.79,21 / 21,3128329,2019-09-06 19:08:15:011,-2.062,0.6371,9.2001,-0.0068,0.0091,9.8066,-0.0664,0.011,-0.0361,-22.06,-34.94,12.81,292.69,-83.76,-179.84
52.420757,-1.538579,163.29,7.07,2,95.42,21 / 21,3128428,2019-09-06 19:08:15:110,-1.9765,1.5073,8.8723,-0.0343,0.0216,9.8065,-0.2521,0.0837,-0.0576,-21.81,-34.37,12.5,292.82,-83.63,-179.77
52.420757,-1.538579,163.29,7.07,2,95.42,21 / 21,3128528,2019-09-06 19:08:15:210,-2.1071,2.1301,8.7707,-0.0583,0.0116,9.8064,-0.0347,-0.1279,-0.0581,-21.69,-34.69,12.81,293.14,-83.92,-179.61
52.420757,-1.538579,163.29,7.07,2,95.42,21 / 21,3128629,2019-09-06 19:08:15:311,-3.5329,0.9634,8.9383,0.0419,0.0159,9.8065,-0.1606,-0.1171,0.0872,-22.06,-34.56,12.94,292.42,-83.66,-179.95
52.420757,-1.538579,163.29,7.07,2,95.42,21 / 21,3128728,2019-09-06 19:08:15:410,-2.9292,1.317,8.6395,-0.0656,0.0058,9.8064,0.0085,-0.0488,-0.0084,-21.62,-35.19,12.63,293.83,-83.97,-179.03
52.420757,-1.538579,163.29,7.07,2,95.42,21 / 21,3128829,2019-09-06 19:08:15:511,-4.1797,2.0293,9.0649,-0.037,0.0183,9.8065,0.2517,-0.1014,0.0367,-21.75,-34.94,13.25,294.28,-83.87,-178.47
52.420757,-1.538579,163.29,7.07,2,95.42,21 / 21,3128929,2019-09-06 19:08:15:611,-2.8332,1.3028,9.2404,-0.0525,0.0187,9.8065,0.1013,-0.1458,0.0733,-21.62,-35.37,13,295.21,-83.68,-177.36
52.420757,-1.538579,163.29,7.07,2,95.42,21 / 21,3129029,2019-09-06 19:08:15:711,-1.3595,1.4577,9.7271,-0.0161,0.0091,9.8066,0.0319,-0.0325,-0.0934,-21.75,-35.37,12.63,296.63,-84,-176.44
52.420757,-1.538579,163.29,7.07,2,95.42,21 / 21,3129128,2019-09-06 19:08:15:810,-2.6991,0.1517,10.0035,-0.0047,0.0042,9.8066,0.0055,-0.0773,0.0213,-21.37,-34.31,13.06,297.48,-84.12,-176.94
52.420757,-1.538579,163.29,7.07,2,95.42,21 / 21,3129229,2019-09-06 19:08:15:911,-2.3963,0.7512,8.9937,-0.0188,0.0172,9.8066,-0.0639,-0.0686,0.0164,-22,-34.31,13.25,296,-84.27,-177.58
52.420757,-1.538579,163.29,7.07,2,95.42,21 / 21,3129328,2019-09-06 19:08:16:010,-1.8365,1.5883,10.2746,-0.0195,0.024,9.8065,0.0488,-0.1737,0.1159,-21.44,-34.37,12.88,296.56,-84.4,-178.15
52.420757,-1.538579,163.29,7.07,2,95.42,21 / 21,3129429,2019-09-06 19:08:16:111,-1.9515,-0.1513,9.4532,-0.0051,-0.0177,9.8066,-0.0903,-0.0596,-0.052,-22.06,-33.62,13.63,299.24,-84.3,-176.6
52.420757,-1.538579,163.29,7.07,2,95.42,21 / 21,3129531,2019-09-06 19:08:16:213,-1.615,-0.2336,9.3912,-0.0176,-0.0007,9.8066,0.0532,-0.1092,0.0486,-22.5,-34.62,14.06,299.07,-84.26,-176.52
52.420757,-1.538579,163.29,7.07,2,95.42,21 / 21,3129629,2019-09-06 19:08:16:311,-1.1,-0.9392,9.7756,-0.0264,0.0071,9.8066,0.0262,-0.169,0.0515,-22.37,-34.56,14.63,302.87,-84.46,-175.16
52.420757,-1.538579,163.29,7.07,2,95.42,21 / 21,3129729,2019-09-06 19:08:16:411,-0.6074,-0.954,9.7943,-0.0021,-0.0027,9.8066,-0.0251,-0.1803,0.0182,-22,-34.5,14.31,302.12,-84.49,-174.12
52.420757,-1.538579,163.29,7.07,2,95.42,21 / 21,3129829,2019-09-06 19:08:16:511,-0.5042,-1.2448,9.7285,0.0027,-0.0124,9.8066,0.031,-0.1471,0.0316,-22.12,-34.31,14.94,305.26,-84.54,-173.2
52.420757,-1.538579,163.29,7.07,2,95.42,21 / 21,3129928,2019-09-06 19:08:16:610,-0.9752,-1.4479,9.7721,-0.0212,-0.0037,9.8066,-0.1065,-0.2436,0.0374,-22.69,-33.5,15.5,307.56,-84.78,-172.26
52.420757,-1.538579,163.29,7.07,2,95.42,21 / 21,3130029,2019-09-06 19:08:16:711,-1.7915,-1.0198,10.0015,-0.0089,0.0001,9.8066,-0.0929,-0.2783,0.0467,-22,-33.69,15.56,309.87,-84.92,-171.16
52.420757,-1.538579,163.29,7.07,2,95.42,21 / 21,3130129,2019-09-06 19:08:16:811,-1.8411,-1.4257,9.9832,-0.0163,0.0133,9.8066,0.0494,-0.2986,0.0025,-22.37,-34.12,16.13,310.61,-85.03,-170.59
52.420757,-1.538579,163.29,7.07,2,95.42,21 / 21,3130228,2019-09-06 19:08:16:910,-1.2108,-0.8346,9.5279,-0.0094,0.0141,9.8066,0.0271,-0.317,-0.0042,-21.19,-33.44,16.69,312.67,-85.15,-171.85
52.420757,-1.538579,163.29,7.07,2,95.42,21 / 21,3130329,2019-09-06 19:08:17:011,-1.1415,-1.3961,9.459,0.0036,-0.0116,9.8066,0.0668,-0.353,0.0871,-21.44,-34.12,17.81,314.53,-85.05,-171.62
52.420757,-1.538579,163.29,7.07,2,95.42,21 / 21,3130429,2019-09-06 19:08:17:111,-1.2186,-2.2336,9.6601,-0.0232,-0.0052,9.8065,0.1093,-0.4422,0.1098,-21.75,-33.62,18.81,317.51,-85.12,-169.34
52.420757,-1.538579,163.29,7.07,2,95.42,21 / 21,3130528,2019-09-06 19:08:17:210,-1.8306,-1.6164,10.297,0.0004,-0.0243,9.8066,-0.0996,-0.4169,0.0286,-21.87,-34.62,18.81,322.48,-85.04,-164.59
52.420757,-1.538579,163.29,7.07,2,95.42,21 / 21,3130629,2019-09-06 19:08:17:311,-1.6276,-2.1374,10.1435,0.0094,-0.003,9.8066,0.0305,-0.4606,0.0854,-20.81,-34.12,19.31,325.38,-85.23,-163.41
52.420757,-1.538579,163.29,7.07,2,95.42,21 / 21,3130729,2019-09-06 19:08:17:411,-1.7527,-1.9076,9.5844,-0.0006,0.0031,9.8066,-0.0942,-0.5128,0.015,-20.25,-33.19,19.88,328.33,-85.34,-163.73
52.420757,-1.538579,163.29,7.07,2,95.42,21 / 21,3130829,2019-09-06 19:08:17:511,-1.2693,-1.864,9.5154,0.0032,-0.0102,9.8066,-0.0476,-0.5403,0.0809,-20.12,-33.31,20.69,330.47,-85.39,-163.26
52.420757,-1.538579,163.29,7.07,2,95.42,21 / 21,3130929,2019-09-06 19:08:17:611,-1.482,-2.1105,9.764,-0.026,-0.017,9.8066,0.0673,-0.6026,0.1303,-19.87,-33,22,336.73,-85.19,-158.81
52.420757,-1.538579,163.29,7.07,2,95.42,21 / 21,3131029,2019-09-06 19:08:17:711,-1.9953,-2.5286,10.1717,-0.0233,-0.0301,9.8065,0.1066,-0.6043,0.1491,-18.69,-33.12,22.69,344.01,-84.86,-154.8
52.420757,-1.538579,163.29,7.07,2,95.42,21 / 21,3131129,2019-09-06 19:08:17:811,-3.2372,-2.2729,10.0653,0.0059,-0.0232,9.8066,-0.0265,-0.6255,0.0468,-17.44,-32.75,23.88,351.34,-84.36,-152.36
52.420757,-1.538579,163.29,7.07,2,95.42,21 / 21,3131229,2019-09-06 19:08:17:911,-2.1868,-2.406,9.8082,0.0261,0.0197,9.8065,0.0188,-0.5751,-0.0376,-18.06,-33.62,24.38,346.65,-84.42,-154.96
52.420757,-1.538579,163.29,7.07,2,95.42,21 / 21,3131329,2019-09-06 19:08:18:011,-1.6475,-1.4328,9.3903,0.018,0.0014,9.8066,-0.0359,-0.5759,-0.0032,-16.31,-33.69,24.94,347.19,-84.52,-158.75
52.420757,-1.538579,163.29,7.07,2,95.42,21 / 21,3131429,2019-09-06 19:08:18:111,-2.0404,-1.3251,9.5833,-0.0001,-0.0178,9.8065,0.0807,-0.6211,0.1141,-14.69,-33.06,25.94,348.97,-84.43,-159.83
52.420757,-1.538579,163.29,7.07,2,95.42,21 / 21,3131529,2019-09-06 19:08:18:211,-2.6218,-1.6218,10.4799,-0.0287,0.0152,9.8066,0.0457,-0.6481,0.1225,-14.94,-32.94,26.06,353.57,-84.36,-155.73
52.420757,-1.538579,163.29,7.07,2,95.42,21 / 21,3131628,2019-09-06 19:08:18:310,-3.5399,-1.772,10.5272,-0.033,0.0023,9.8066,-0.0456,-0.6085,0.0802,-14.25,-32.69,26.56,359.27,-84.24,-153.24
52.420757,-1.538579,163.29,7.07,2,95.42,21 / 21,3131729,2019-09-06 19:08:18:411,-3.327,-1.2404,10.3623,0.0214,0.0213,9.8066,-0.0344,-0.458,-0.0246,-13.06,-33.19,26.94,0.61,-84.27,-153.75
52.420757,-1.538579,163.29,7.07,2,95.42,21 / 21,3131828,2019-09-06 19:08:18:510,-1.3974,-0.685,9.4232,0.0468,-0.0445,9.8063,-0.1342,-0.5395,-0.0402,-11.69,-33.25,27.75,358.03,-84.2,-158.55
52.420757,-1.538579,163.29,7.07,2,95.42,21 / 21,3131928,2019-09-06 19:08:18:610,-1.1689,-0.9957,9.2513,0.0075,0.0166,9.8066,0.0233,-0.5434,-0.0114,-10.94,-33.94,28.56,358.21,-84.19,-160.81
52.420757,-1.538579,163.29,7.07,2,95.42,21 / 21,3132029,2019-09-06 19:08:18:711,-0.6893,-0.4838,9.2971,0.0217,-0.0116,9.8066,-0.0797,-0.4522,0.0561,-9.87,-33.19,28.63,356.82,-84.04,-163.78
52.420757,-1.538579,163.29,7.07,2,95.42,21 / 21,3132129,2019-09-06 19:08:18:811,-1.0532,-1.4193,10.187,-0.0289,0.0172,9.8065,0.0187,-0.4271,0,-9.87,-33.31,28.56,358.52,-84.08,-162.28
52.420757,-1.538579,163.29,7.07,2,95.42,21 / 21,3132229,2019-09-06 19:08:18:911,-0.2693,-1.2219,10.0092,0.0045,0.0667,9.8063,0.0272,-0.309,-0.0616,-8.94,-33.19,28.44,359.01,-84.46,-163.06
52.420757,-1.538579,163.29,7.07,2,95.42,21 / 21,3132329,2019-09-06 19:08:19:011,1.1189,-0.5273,9.6946,0.0061,0.0169,9.8066,-0.038,-0.256,0.0714,-8.19,-33.31,27.94,358.05,-84.83,-165.8
52.420757,-1.538579,163.29,7.07,2,95.42,22 / 22,3132429,2019-09-06 19:08:19:111,1.2155,-0.126,9.2006,-0.0157,0.012,9.8066,0.037,-0.1524,0.0124,-7.44,-33.56,28.19,1.59,-85.01,-164.55
52.420757,-1.538579,163.29,7.07,2,95.42,22 / 22,3132528,2019-09-06 19:08:19:210,0.464,0.1611,8.8277,-0.0205,0.0191,9.8065,0.0741,-0.1375,0.0783,-7.62,-33.81,28.06,1.24,-85.21,-162.94
52.420757,-1.538579,163.29,7.07,2,95.42,22 / 22,3132629,2019-09-06 19:08:19:311,-0.7357,-1.0325,10.2115,-0.0199,0.0352,9.8065,-0.0078,-0.0302,-0.0871,-7.62,-33.69,27.94,3.18,-85.24,-161.19
52.420757,-1.538579,163.29,7.07,2,95.42,22 / 22,3132729,2019-09-06 19:08:19:411,1.7328,0.111,10.4926,0.0155,-0.0028,9.8066,0.0648,-0.0241,0.0604,-7.5,-33.81,27.63,2.69,-85.43,-163.54
52.420757,-1.538579,163.29,7.07,2,95.42,22 / 22,3132829,2019-09-06 19:08:19:511,1.3857,1.1092,10.5583,0.0003,0.0019,9.8066,0.0175,0.0439,-0.0759,-7.56,-33.5,27.38,0.22,-85.45,-163.29
52.420757,-1.538579,163.29,7.07,2,95.42,22 / 22,3132928,2019-09-06 19:08:19:610,0.3226,-2.4483,9.2044,0.0095,-0.0631,9.8064,0.1363,-0.048,0.1322,-8.12,-33.12,27.75,0.84,-85.37,-163.3
52.420757,-1.538579,163.29,7.07,2,95.42,22 / 22,3133029,2019-09-06 19:08:19:711,2.0489,-1.6697,9.9334,0.0017,-0.0457,9.8065,-0.1205,0.1502,-0.0155,-8,-33.25,28.38,1.81,-84.79,-162.44
52.420757,-1.538579,163.29,7.07,2,95.42,22 / 22,3133129,2019-09-06 19:08:19:811,2.6262,-2.2254,10.3349,0.0123,-0.044,9.8065,-0.0593,0.0088,0.0644,-8.5,-32.75,27.69,359.97,-84.65,-164.08
52.420757,-1.538579,163.29,7.07,2,95.42,22 / 22,3133229,2019-09-06 19:08:19:911,1.3414,-0.5873,9.574,0.0069,-0.0244,9.8066,-0.0212,0.0911,-0.0608,-7.87,-32.69,27.88,1.79,-84.76,-162.46
52.420757,-1.538579,163.29,7.07,2,95.42,22 / 22,3133328,2019-09-06 19:08:20:010,-0.8628,0.4371,10.4198,0.0064,0.0152,9.8066,-0.1196,0.0231,0.0891,-8.25,-33.5,26.69,4.73,-85.24,-159.24
52.420757,-1.538579,163.29,7.07,2,95.42,21 / 21,3133428,2019-09-06 19:08:20:110,1.3424,0.1017,9.7734,-0.0021,-0.0155,9.8066,-0.0365,0.1412,-0.0851,-8.81,-32.94,27,1.92,-85.35,-159.83
52.420757,-1.538579,163.29,7.07,2,95.42,21 / 21,3133529,2019-09-06 19:08:20:211,1.4856,-1.9756,9.783,0.0019,-0.0042,9.8065,0.0425,0.0489,-0.0049,-8.69,-33.25,27.5,1.9,-85.15,-160.46
52.420757,-1.538579,163.29,7.07,2,95.42,21 / 21,3133629,2019-09-06 19:08:20:311,2.346,-1.6927,10.0289,0.0022,0.0174,9.8066,0.0089,0.1029,0.0551,-8.87,-32.69,27.44,359.55,-85.02,-161.97
52.420757,-1.538579,163.29,7.07,2,95.42,21 / 21,3133729,2019-09-06 19:08:20:411,0.6044,-1.403,10.2659,-0.0159,-0.0161,9.8066,0.0206,0.0179,-0.0668,-8.31,-32.5,27.44,1.7,-84.95,-161.97
52.420757,-1.538579,163.29,7.07,2,95.42,21 / 21,3133829,2019-09-06 19:08:20:511,0.6786,-2.0183,9.2315,-0.0115,0.0309,9.8065,0.1388,0.0619,0.0148,-8.87,-32.25,26.5,2.39,-85,-159.42
52.420757,-1.538579,163.29,7.07,2,95.42,21 / 21,3133929,2019-09-06 19:08:20:611,0.8672,-0.9964,9.8656,-0.0031,-0.0078,9.8066,-0.0346,0.0224,-0.0132,-8.87,-31.5,27,3.33,-85.07,-158.56
52.420757,-1.538579,163.29,7.07,2,95.42,21 / 21,3134029,2019-09-06 19:08:20:711,1.3711,-0.1124,9.3651,-0.0028,-0.0229,9.8066,0.0699,0.0309,0.0327,-9.31,-31.56,25.63,3.81,-85,-157.5
52.420757,-1.538579,163.29,7.07,2,95.42,21 / 21,3134128,2019-09-06 19:08:20:810,1.302,-0.4165,9.6081,-0.013,0.0158,9.8066,0.0736,0.0207,0.0552,-10.37,-30.25,25,1.7,-85.09,-156.67
52.420757,-1.538579,163.29,7.07,2,95.42,21 / 21,3134229,2019-09-06 19:08:20:911,0.8521,-0.9796,10.2532,-0.0233,0.0184,9.8065,0.0153,-0.042,0.0133,-11.81,-30.62,25.56,0.46,-85.01,-154.81
52.420757,-1.538579,163.29,7.07,2,95.42,21 / 21,3134330,2019-09-06 19:08:21:012,0.2543,0.5174,9.7256,0.0155,-0.0077,9.8066,-0.063,-0.0116,0.007,-12.19,-30.94,26.75,3.03,-84.92,-153.3
52.420757,-1.538579,163.29,7.07,2,95.42,22 / 22,3134428,2019-09-06 19:08:21:110,0.5471,-1.5128,9.6127,0.0029,-0.0024,9.8066,-0.0216,-0.0247,0.08,-11.56,-31.69,26.63,1.85,-84.87,-154.38
52.420757,-1.538579,163.29,7.07,2,95.42,22 / 22,3134528,2019-09-06 19:08:21:210,0.0591,-0.4069,9.8454,-0.003,0.0256,9.8066,0.0872,-0.0579,0.0186,-11.19,-32.06,27.38,5.16,-84.89,-153.2
52.420757,-1.538579,163.29,7.07,2,95.42,22 / 22,3134628,2019-09-06 19:08:21:310,0.3879,-0.535,10.2479,-0.0079,0.0217,9.8066,0.0957,-0.0053,0.0117,-10.56,-32.87,27.13,5.54,-84.89,-152.87
52.420757,-1.538579,163.29,7.07,2,95.42,22 / 22,3134729,2019-09-06 19:08:21:411,0.0111,-1.1177,9.7811,0.006,-0.0266,9.8066,-0.061,-0.071,-0.0148,-10.5,-32.25,26.94,8.55,-84.92,-152
52.420757,-1.538579,163.29,7.07,2,95.42,22 / 22,3134829,2019-09-06 19:08:21:511,0.968,0.3272,10.1675,0.0081,-0.0117,9.8066,0.0335,0.0025,0.0878,-10.25,-32.87,26.38,7.27,-84.7,-152.52
52.420757,-1.538579,163.29,7.07,2,95.42,22 / 22,3134928,2019-09-06 19:08:21:610,1.0357,-0.5129,10.0433,-0.0001,-0.0147,9.8066,-0.0951,-0.0269,-0.027,-10.62,-32.19,27.19,6.68,-84.56,-151.88
52.420757,-1.538579,163.29,7.07,2,95.42,22 / 22,3135029,2019-09-06 19:08:21:711,-0.4733,0.448,10.1238,0.0113,-0.0137,9.8065,-0.1114,-0.0785,0.0137,-11,-32.69,26.81,6.28,-84.48,-152.27
52.420757,-1.538579,163.29,7.07,2,95.42,22 / 22,3135128,2019-09-06 19:08:21:810,0.8994,-0.938,9.8794,0.007,-0.0028,9.8066,0.0404,-0.0554,-0.0009,-11.25,-32.12,26.81,5.42,-84.41,-153.02
52.420757,-1.538579,163.29,7.07,2,95.42,22 / 22,3135229,2019-09-06 19:08:21:911,0.6387,-0.7365,9.6947,-0.0088,0.0129,9.8066,-0.1257,-0.0358,0.0097,-11.19,-32.44,26.38,5.04,-84.36,-152.61
52.420757,-1.538579,163.29,7.07,2,95.42,22 / 22,3135329,2019-09-06 19:08:22:011,0.6453,-0.0812,9.4701,0.0031,-0.0002,9.8066,-0.0779,-0.0155,0.0217,-11.12,-32.37,27.06,6.5,-84.4,-152.06
52.420757,-1.538579,163.29,7.07,2,95.42,21 / 21,3135429,2019-09-06 19:08:22:111,0.4135,-0.1221,9.7851,-0.0072,0.0083,9.8066,-0.0381,0.0174,-0.0128,-11,-32.62,27.63,8.21,-84.51,-151.24
52.420757,-1.538579,163.29,7.07,2,95.42,21 / 21,3135529,2019-09-06 19:08:22:211,0.1642,-0.0135,10.3118,-0.0065,0.0056,9.8066,0.1256,0.0449,0.0109,-10.56,-32.31,27.69,9.01,-84.57,-150.48
52.420757,-1.538579,163.29,7.07,2,95.42,21 / 21,3135628,2019-09-06 19:08:22:310,1.6722,0.4431,10.0866,-0.0204,-0.0042,9.8066,0.0853,0.012,-0.0227,-10.44,-32.87,26.88,10.92,-84.37,-150.03
52.420757,-1.538579,163.29,7.07,2,95.42,21 / 21,3135729,2019-09-06 19:08:22:411,2.2003,-1.7905,10.3093,0.014,-0.0522,9.8064,-0.004,0.0883,-0.0095,-10.56,-33.31,27.19,7.72,-83.84,-151.09
52.420757,-1.538579,163.29,7.07,2,95.42,21 / 21,3135829,2019-09-06 19:08:22:511,0.102,-2.6004,9.3796,0.0008,-0.0058,9.8066,0.1941,-0.1325,0.1438,-11,-32.75,27.13,8.47,-83.94,-150.42
52.420757,-1.538579,163.29,7.07,2,95.42,21 / 21,3135929,2019-09-06 19:08:22:611,0.6933,-0.683,9.9169,0.0017,-0.03,9.8065,-0.2083,0.0045,-0.0231,-10.81,-33.06,27.44,11.99,-83.92,-147.34
52.420757,-1.538579,163.29,7.07,2,95.42,21 / 21,3136029,2019-09-06 19:08:22:711,1.2084,0.3104,9.7271,0.0133,-0.0079,9.8066,-0.1763,0.1291,0.0685,-10.87,-33.5,27.38,13.29,-84.07,-146.16
52.420757,-1.538579,163.29,7.07,2,95.42,21 / 21,3136129,2019-09-06 19:08:22:811,-0.5651,1.2201,9.3699,-0.0345,0.0237,9.8065,0.0383,0.0752,-0.0602,-10.94,-33.19,27.13,16.24,-84.11,-143.54
52.420757,-1.538579,163.29,7.07,2,95.42,21 / 21,3136228,2019-09-06 19:08:22:910,0.384,-1.006,8.9173,-0.0176,0.0097,9.8065,-0.0179,-0.0372,0.0563,-10.81,-32.87,27.56,16.7,-83.89,-143.86
52.420757,-1.538579,163.29,7.07,2,95.42,21 / 21,3136329,2019-09-06 19:08:23:011,0.3482,-0.7559,10.1645,-0.0009,0.0173,9.8066,0.0269,-0.0673,-0.0191,-10.94,-33.31,27.5,17.12,-83.73,-143.55
52.420757,-1.538579,163.29,7.07,2,95.42,22 / 22,3136428,2019-09-06 19:08:23:110,0.9861,-0.1774,9.6937,-0.0159,0.0599,9.8064,0.0837,0.0095,-0.0363,-11.25,-33.69,27.56,18.96,-84.08,-141.86
52.420757,-1.538579,163.29,7.07,2,95.42,22 / 22,3136529,2019-09-06 19:08:23:211,1.5919,-0.2184,9.9391,0.0141,-0.0144,9.8066,0.0247,0.0913,0.0146,-11.62,-33.56,27,15.22,-84.12,-142.67
52.420757,-1.538579,163.29,7.07,2,95.42,22 / 22,3136629,2019-09-06 19:08:23:311,0.0553,-0.348,10.3333,0.0174,-0.0455,9.8064,0.0652,0.0292,-0.0245,-11.19,-33.25,26.81,15.67,-84.09,-144.05
52.420757,-1.538579,163.29,7.07,2,95.42,22 / 22,3136729,2019-09-06 19:08:23:411,2.0112,-0.5023,9.3052,0.0169,-0.0198,9.8066,-0.0122,-0.0348,-0.0123,-11,-33.31,26.75,14.71,-83.95,-144.94
52.420757,-1.538579,163.29,7.07,2,95.42,22 / 22,3136828,2019-09-06 19:08:23:510,0.9658,-0.4417,9.8297,0.0205,-0.0167,9.8065,-0.0272,0.0024,-0.0036,-11.25,-33.37,27,11.76,-83.73,-147.58
52.420757,-1.538579,163.29,7.07,2,95.42,22 / 22,3136929,2019-09-06 19:08:23:611,0.2832,0.2876,9.4235,-0.0114,0.0226,9.8066,-0.0182,-0.0049,-0.0399,-11.12,-33.81,26.75,12.61,-83.93,-146.84
52.420757,-1.538579,163.29,7.07,2,95.42,22 / 22,3137028,2019-09-06 19:08:23:710,0.6634,-0.4119,10.5152,0.0054,-0.0065,9.8066,-0.1011,0.0073,-0.0754,-10.5,-32.81,26.44,12.71,-83.84,-147.92
52.420757,-1.538579,163.29,7.07,2,95.42,22 / 22,3137129,2019-09-06 19:08:23:811,0.7253,1.3466,9.0003,0.0065,0.0043,9.8066,0.0691,-0.0292,0.0075,-10.31,-32.94,26.56,11.58,-83.97,-149.54
52.420757,-1.538579,163.29,7.07,2,95.42,22 / 22,3137229,2019-09-06 19:08:23:911,1.5075,0.263,8.6045,0.0034,-0.0007,9.8065,0.0259,0.0155,-0.0019,-10.94,-33.31,27.31,9.2,-83.89,-149.79
52.420757,-1.538579,163.29,7.07,2,95.42,22 / 22,3137328,2019-09-06 19:08:24:010,0.1957,0.9909,9.5251,-0.0258,0.0388,9.8065,-0.0763,-0.0289,0.0273,-10.87,-33.19,26.63,10.55,-83.99,-148.59
52.420296,-1.538145,164.62,10.8,3,161.52,21 / 22,3137429,2019-09-06 19:08:24:111,0.2991,-0.4593,10.048,-0.0236,0.0318,9.8065,0.0342,0.002,0.0588,-10.25,-33.12,26.94,17.39,-84.28,-144.33
52.420296,-1.538145,164.62,10.8,3,161.52,21 / 22,3137529,2019-09-06 19:08:24:211,1.2731,1.7266,9.8125,-0.0072,-0.0168,9.8066,-0.1936,0.0575,0.0435,-10.5,-32.44,25.81,17.6,-84.05,-143.52
52.420296,-1.538145,164.62,10.8,3,161.52,21 / 22,3137629,2019-09-06 19:08:24:311,-0.4966,2.5296,9.8529,0.02,-0.0838,9.8062,-0.3973,0.1075,-0.0209,-11.62,-32.69,25.31,12.15,-83.62,-143.88
52.420296,-1.538145,164.62,10.8,3,161.52,21 / 22,3137730,2019-09-06 19:08:24:412,-0.8148,2.1477,9.53,-0.0261,0.0858,9.8062,0.2172,0.0229,-0.0186,-11.81,-32.37,26.88,11.83,-83.4,-145.74
52.420296,-1.538145,164.62,10.8,3,161.52,21 / 22,3137829,2019-09-06 19:08:24:511,0.764,-1.0438,9.8003,-0.0094,-0.0023,9.8066,0.1424,0.0816,-0.1001,-11.62,-32.06,26.88,11.19,-83.41,-146.31
52.420296,-1.538145,164.62,10.8,3,161.52,21 / 22,3137928,2019-09-06 19:08:24:610,0.6921,-1.0965,9.5348,0.0252,-0.0144,9.8065,-0.1608,0.0153,0.0406,-11.31,-32.44,27.25,9.37,-83.3,-149.72
52.420296,-1.538145,164.62,10.8,3,161.52,21 / 22,3138028,2019-09-06 19:08:24:710,-0.4876,1.4208,9.507,0.0071,-0.0007,9.8066,-0.1591,-0.0077,0.0003,-11.31,-32,26.88,9.46,-83.5,-149.6
52.420296,-1.538145,164.62,10.8,3,161.52,21 / 22,3138128,2019-09-06 19:08:24:810,0.6752,1.3561,9.676,-0.0103,0.0387,9.8065,0.0582,-0.0231,0.0164,-11.12,-32.94,25.94,9.71,-83.92,-148.61
52.420296,-1.538145,164.62,10.8,3,161.52,21 / 22,3138229,2019-09-06 19:08:24:911,0.3216,-0.456,9.8181,-0.0086,0.0106,9.8065,-0.0803,-0.007,-0.0191,-10.94,-32,26.56,11.3,-83.93,-147.9
52.420296,-1.538145,164.62,10.8,3,161.52,21 / 22,3138329,2019-09-06 19:08:25:011,0.7878,2.2252,9.772,-0.0083,0.0024,9.8066,0.0187,-0.0066,-0.0077,-11.12,-32.56,27,11.9,-83.95,-147.4
52.420296,-1.538145,164.62,10.8,3,161.52,21 / 22,3138429,2019-09-06 19:08:25:111,-0.3178,0.1917,9.9893,-0.0047,0.0163,9.8066,0.1205,-0.0073,0.0513,-11.56,-31.44,28.31,11.58,-83.94,-146.52
52.420296,-1.538145,164.62,10.8,3,161.52,21 / 22,3138528,2019-09-06 19:08:25:210,0.444,2.6186,9.8744,-0.0006,-0.0266,9.8066,-0.1469,0.0695,-0.061,-10.87,-30.12,27.69,13.82,-83.73,-146.31
52.420296,-1.538145,164.62,10.8,3,161.52,21 / 22,3138629,2019-09-06 19:08:25:311,-0.9139,0.4134,10.2862,0.0107,-0.006,9.8066,-0.0415,-0.0997,0.0556,-9.87,-30.25,26.31,13.96,-83.8,-146.69
52.420296,-1.538145,164.62,10.8,3,161.52,21 / 22,3138729,2019-09-06 19:08:25:411,-0.086,-0.3551,9.3617,-0.0035,-0.0108,9.8066,0.0315,0.0369,0.0401,-10.25,-31.56,24.63,14.31,-83.74,-145.81
52.420296,-1.538145,164.62,10.8,3,161.52,21 / 22,3138828,2019-09-06 19:08:25:510,-0.2608,1.2129,8.7035,0.0023,-0.0221,9.8066,-0.1159,0.0061,-0.0045,-11,-32.31,24.94,12.73,-83.68,-145.22
52.420296,-1.538145,164.62,10.8,3,161.52,21 / 22,3138929,2019-09-06 19:08:25:611,0.2274,1.2845,9.9894,-0.0191,0.029,9.8065,0.0396,-0.0032,0.0154,-10.75,-32.94,26,14.02,-83.78,-144.89
52.420296,-1.538145,164.62,10.8,3,161.52,21 / 22,3139028,2019-09-06 19:08:25:710,-0.4643,2.0288,10.1503,-0.0127,0.021,9.8065,0.0988,-0.007,0.0156,-10.87,-32.69,26.94,17.01,-83.88,-142.94
52.420296,-1.538145,164.62,10.8,3,161.52,21 / 22,3139128,2019-09-06 19:08:25:810,-0.2912,1.2465,10.0025,0.0172,-0.06,9.8064,-0.072,-0.0007,0.0305,-10.94,-32.94,26.5,14.71,-83.42,-145.11
52.420296,-1.538145,164.62,10.8,3,161.52,21 / 22,3139231,2019-09-06 19:08:25:913,0.2667,1.0001,9.9115,0.0122,-0.0345,9.8065,0.0738,0.0149,0.0159,-11.31,-33,26.56,14.2,-83.31,-145.58
52.420296,-1.538145,164.62,10.8,3,161.52,21 / 22,3139329,2019-09-06 19:08:26:011,-0.7573,1.1674,9.9228,-0.0022,0.0065,9.8066,0.0624,0.0005,0.0003,-11.62,-32,26.06,11.4,-83.27,-145.38
52.420296,-1.538145,164.62,10.8,3,161.52,21 / 21,3139429,2019-09-06 19:08:26:111,0.9065,-0.4126,9.9387,0.0036,0.0122,9.8066,-0.06,0.0495,-0.0064,-12.25,-32.94,25.63,10.84,-83.33,-145.9
52.420296,-1.538145,164.62,10.8,3,161.52,21 / 21,3139528,2019-09-06 19:08:26:210,0.1514,1.3237,9.606,-0.0122,0.0406,9.8065,0.0355,-0.0251,-0.0068,-12.75,-32.69,26.63,10.36,-83.58,-145.26
52.420296,-1.538145,164.62,10.8,3,161.52,21 / 21,3139629,2019-09-06 19:08:26:311,-0.0335,1.0621,9.8608,-0.0086,0.0267,9.8065,0.0838,-0.0196,-0.0438,-12.19,-33,26.81,11.93,-83.6,-145.65
52.420296,-1.538145,164.62,10.8,3,161.52,21 / 21,3139729,2019-09-06 19:08:26:411,0.3942,0.6614,10.2498,0.028,-0.0263,9.8065,-0.0898,-0.046,-0.0289,-12.81,-33.62,27.13,9.19,-83.72,-146.29
52.420296,-1.538145,164.62,10.8,3,161.52,21 / 21,3139829,2019-09-06 19:08:26:511,0.6683,1.8057,8.9635,0.0268,-0.0322,9.8065,-0.1452,0.0167,-0.0069,-11.25,-33.56,27.38,9.98,-83.62,-149.2
52.420296,-1.538145,164.62,10.8,3,161.52,21 / 21,3139929,2019-09-06 19:08:26:611,-0.2807,1.6758,9.8826,-0.0089,0.0235,9.8065,0.0813,0.0528,-0.0201,-10.94,-33.5,27.06,9.95,-83.83,-149.15
52.420296,-1.538145,164.62,10.8,3,161.52,21 / 21,3140029,2019-09-06 19:08:26:711,-0.3442,1.8584,10.3586,-0.0038,0.032,9.8066,-0.0028,0.0502,-0.0731,-11.06,-33.19,26.75,8.97,-83.86,-150
52.420296,-1.538145,164.62,10.8,3,161.52,21 / 21,3140129,2019-09-06 19:08:26:811,0.976,0.7945,9.7842,0.0118,-0.0108,9.8066,0.0531,-0.0375,0.0024,-11.19,-34.5,26.44,6.44,-83.82,-151.5
52.420296,-1.538145,164.62,10.8,3,161.52,21 / 21,3140229,2019-09-06 19:08:26:911,-0.2494,1.4122,10.6675,0.0011,-0.0144,9.8066,0.0404,-0.0577,0.0332,-10.87,-34.06,26.75,7.71,-83.77,-151.14
52.420296,-1.538145,164.62,10.8,3,161.52,21 / 21,3140329,2019-09-06 19:08:27:011,-1.1552,1.7316,10.4607,0.0071,-0.0025,9.8066,-0.0347,0.0014,-0.0528,-11.12,-34.5,26.88,8.24,-83.82,-150.67
52.420296,-1.538145,164.62,10.8,3,161.52,21 / 21,3140428,2019-09-06 19:08:27:110,-0.1287,1.5287,9.979,0.0144,-0.0092,9.8066,0.0387,0.0594,0.0167,-10.87,-34.37,26.25,5.12,-83.81,-152.64
52.420296,-1.538145,164.62,10.8,3,161.52,21 / 21,3140529,2019-09-06 19:08:27:211,0.3479,0.944,9.7785,-0.0088,0.0161,9.8066,0.0383,-0.0013,0.0106,-11.25,-33.31,25.88,5.59,-83.85,-152.21
52.420296,-1.538145,164.62,10.8,3,161.52,21 / 21,3140628,2019-09-06 19:08:27:310,0.3924,1.9661,10.0643,-0.0065,-0.0013,9.8066,-0.0889,-0.0203,-0.0199,-11.19,-33.94,25.94,5.73,-83.72,-152.12
52.420296,-1.538145,164.62,10.8,3,161.52,21 / 21,3140728,2019-09-06 19:08:27:410,-0.9347,2.5645,9.9514,-0.0086,0.0122,9.8066,0.0911,0.039,-0.0259,-10.94,-33.62,26.5,7.27,-83.78,-151.52
52.420296,-1.538145,164.62,10.8,3,161.52,21 / 21,3140829,2019-09-06 19:08:27:511,0.3333,1.7027,10.1126,-0.0168,0.0257,9.8065,0.1328,0.0358,0.0431,-11.19,-33.5,26.75,7.64,-83.83,-151.17
52.420296,-1.538145,164.62,10.8,3,161.52,21 / 21,3140928,2019-09-06 19:08:27:610,0.269,1.2936,10.0421,0.007,-0.0346,9.8065,0.0112,-0.0346,0.0035,-11.12,-34,26.81,8.05,-83.76,-150.84
52.420296,-1.538145,164.62,10.8,3,161.52,21 / 21,3141029,2019-09-06 19:08:27:711,-0.6096,2.0412,9.6435,0.0134,-0.0307,9.8065,0.0257,-0.0353,-0.0391,-11.12,-34.31,26.44,6.79,-83.49,-151.24
52.420296,-1.538145,164.62,10.8,3,161.52,21 / 21,3141129,2019-09-06 19:08:27:811,-0.5171,1.5504,9.1916,0.0012,0.0149,9.8066,-0.0287,-0.0319,0.0967,-11.06,-33.87,27.06,7.21,-83.61,-151.61
52.420296,-1.538145,164.62,10.8,3,161.52,21 / 21,3141228,2019-09-06 19:08:27:910,-0.2623,1.6685,9.8209,-0.006,-0.0157,9.8065,-0.0226,-0.0007,-0.0267,-11.44,-33.81,26,7.52,-83.55,-150.61
52.420296,-1.538145,164.62,10.8,3,161.52,21 / 21,3141329,2019-09-06 19:08:28:011,-0.0588,0.9022,9.458,0.0092,0.0412,9.8065,-0.0543,0.0444,0.001,-10.87,-33.62,25.94,7.81,-83.62,-150.34
52.420296,-1.538145,164.62,10.8,3,161.52,22 / 22,3141429,2019-09-06 19:08:28:111,-0.3905,1.9989,9.0312,0.0029,0.0088,9.8066,-0.0271,0.0017,0.0526,-11.81,-33.12,26.06,4.99,-84.09,-150.85
52.420296,-1.538145,164.62,10.8,3,161.52,22 / 22,3141528,2019-09-06 19:08:28:210,0.4617,1.9189,9.7001,0.0051,0.0275,9.8065,-0.031,0.0536,0.0155,-11.19,-33.12,25.81,7.5,-84.36,-150.47
52.420296,-1.538145,164.62,10.8,3,161.52,22 / 22,3141629,2019-09-06 19:08:28:311,0.1928,1.4861,9.9303,0.0007,0.0194,9.8066,0.0888,0.0034,0.0482,-11.75,-33.25,26.06,5.19,-84.6,-150.62
52.420296,-1.538145,164.62,10.8,3,161.52,22 / 22,3141728,2019-09-06 19:08:28:410,-0.1285,1.7246,9.8026,0.0018,0.0066,9.8066,0.0341,0.1473,-0.0707,-11.25,-33.5,26.31,7.13,-84.47,-150.77
52.420296,-1.538145,164.62,10.8,3,161.52,22 / 22,3141829,2019-09-06 19:08:28:511,0.3065,1.661,9.647,-0.0016,-0.0046,9.8066,0.1406,-0.0089,0.1195,-11.62,-33.87,26.06,4.14,-84.45,-151.58
52.420296,-1.538145,164.62,10.8,3,161.52,22 / 22,3141929,2019-09-06 19:08:28:611,-0.3053,1.377,9.7648,-0.0003,-0.0019,9.8066,0.0647,-0.0474,0.0691,-11.56,-33.44,26,5.03,-84.13,-150.81
52.420296,-1.538145,164.62,10.8,3,161.52,22 / 22,3142028,2019-09-06 19:08:28:710,1.1172,1.9452,9.9649,-0.0147,-0.0224,9.8065,0.0469,0.1224,-0.0194,-11.94,-33.12,25.94,6.94,-83.96,-149.16
52.420296,-1.538145,164.62,10.8,3,161.52,22 / 22,3142128,2019-09-06 19:08:28:810,-0.8326,0.7052,9.7367,-0.0092,-0.0193,9.8066,-0.0286,0.1432,-0.0296,-12.44,-33,26.31,8.59,-83.82,-147.75
52.420296,-1.538145,164.62,10.8,3,161.52,22 / 22,3142228,2019-09-06 19:08:28:910,-0.9268,0.9918,8.3384,0.0017,-0.0114,9.8066,-0.1473,0.0276,0.0419,-12.37,-34.44,25.56,8.5,-83.76,-147.86
52.420296,-1.538145,164.62,10.8,3,161.52,22 / 22,3142329,2019-09-06 19:08:29:011,-0.2364,4.5848,9.181,-0.0626,0.125,9.8056,0.1138,0.1311,-0.0836,-12.5,-33.62,26,11.27,-84.35,-145.31
52.420296,-1.538145,164.62,10.8,3,161.52,21 / 21,3142428,2019-09-06 19:08:29:110,-1.6201,2.8709,9.9685,-0.03,0.1139,9.8059,-0.0777,-0.0627,-0.0624,-12.12,-34.62,26.13,9.4,-84.47,-146.97
52.420296,-1.538145,164.62,10.8,3,161.52,21 / 21,3142529,2019-09-06 19:08:29:211,-1.006,0.6047,10.1172,-0.038,0.0582,9.8063,0.2957,0.001,0.0693,-12.75,-34.25,26.25,5.2,-84.35,-148.86
52.420296,-1.538145,164.62,10.8,3,161.52,21 / 21,3142629,2019-09-06 19:08:29:311,-1.1227,3.5739,10.2997,0.0764,-0.0935,9.8059,0.4231,-0.0885,-0.0156,-12,-33.75,26.88,0.57,-83.72,-155.55
52.420296,-1.538145,164.62,10.8,3,161.52,21 / 21,3142728,2019-09-06 19:08:29:410,-0.4542,0.076,9.8126,0.0362,-0.0188,9.8066,-0.1116,-0.073,-0.0488,-12.12,-34.62,26.63,357.07,-84.03,-158.59
52.420296,-1.538145,164.62,10.8,3,161.52,21 / 21,3142828,2019-09-06 19:08:29:510,-1.4867,3.5879,10.7553,-0.0047,-0.0154,9.8066,0.0009,0.0143,0.0581,-12.25,-33.81,26.06,356.79,-84.11,-158.03
52.420296,-1.538145,164.62,10.8,3,161.52,21 / 21,3142930,2019-09-06 19:08:29:612,-1.8065,2.3292,9.9939,0.0021,-0.0058,9.8066,-0.0428,0.0283,0.0351,-12,-33.69,26.13,358.49,-84.1,-156.55
52.420296,-1.538145,164.62,10.8,3,161.52,21 / 21,3143029,2019-09-06 19:08:29:711,-1.5195,2.0114,9.125,-0.0251,0.0409,9.8065,-0.0475,-0.0178,0.0441,-12.62,-34.25,26.88,359.07,-84.26,-155.11
52.420296,-1.538145,164.62,10.8,3,161.52,21 / 21,3143129,2019-09-06 19:08:29:811,-1.5004,2.5173,9.4232,0.0026,0.0082,9.8066,0.0697,-0.0773,0.001,-12.19,-33.37,26.56,359.86,-84.17,-156.16
52.420296,-1.538145,164.62,10.8,3,161.52,21 / 21,3143228,2019-09-06 19:08:29:910,-1.6029,0.539,9.4357,-0.0242,-0.0315,9.8065,0.0473,-0.1776,0.1453,-12.81,-34.62,27.63,1.43,-83.86,-153.84
52.420296,-1.538145,164.62,10.8,3,161.52,21 / 21,3143329,2019-09-06 19:08:30:011,-2.5858,0.4407,9.8114,-0.0116,-0.0114,9.8065,-0.0132,-0.1573,0.034,-12.5,-34.12,27.5,5.82,-83.85,-151.71
52.420296,-1.538145,164.62,10.8,3,161.52,21 / 21,3143429,2019-09-06 19:08:30:111,-2.2384,0.4318,9.6551,-0.0186,0.0138,9.8065,-0.0635,-0.2116,0.0749,-12.37,-32.94,27.88,8,-83.83,-149.77
52.420296,-1.538145,164.62,10.8,3,161.52,21 / 21,3143529,2019-09-06 19:08:30:211,-3.0411,-0.3974,10.411,-0.0077,-0.0019,9.8066,0.0297,-0.3079,0.0651,-11.62,-33.5,27.88,11.55,-83.86,-146.65
52.420296,-1.538145,164.62,10.8,3,161.52,21 / 21,3143628,2019-09-06 19:08:30:310,-3.1534,-0.4314,10.1963,0.0069,-0.0171,9.8066,0.0863,-0.3654,0.0298,-11.12,-33.37,27.44,12.79,-83.8,-146.67
52.420296,-1.538145,164.62,10.8,3,161.52,21 / 21,3143729,2019-09-06 19:08:30:411,-2.2646,0.3018,9.2422,0.0116,-0.0073,9.8065,-0.0804,-0.3765,0.0459,-11,-33.37,27.81,12.45,-83.81,-147.63
52.420296,-1.538145,164.62,10.8,3,161.52,21 / 21,3143829,2019-09-06 19:08:30:511,-2.9564,0.8116,9.4594,0.01,-0.0278,9.8065,0.1257,-0.4036,0.0504,-9.69,-33.19,27.63,12.68,-83.6,-149.3
52.420296,-1.538145,164.62,10.8,3,161.52,21 / 21,3143928,2019-09-06 19:08:30:610,-3.3177,-0.3165,9.9175,-0.0118,0.0269,9.8066,0.0707,-0.5347,0.0647,-9.12,-33.5,27.63,16.15,-83.64,-148.11
52.420296,-1.538145,164.62,10.8,3,161.52,21 / 21,3144028,2019-09-06 19:08:30:710,-3.3528,0.3749,10.0402,-0.0064,0.0234,9.8065,-0.0079,-0.4003,-0.012,-7.81,-33.5,28.13,17.93,-83.57,-148.47
52.420296,-1.538145,164.62,10.8,3,161.52,21 / 21,3144128,2019-09-06 19:08:30:810,-2.7661,-0.8554,9.5054,0.014,-0.0043,9.8066,-0.0311,-0.4725,0.0171,-7.5,-34.62,28.19,18.11,-83.67,-150.34
52.420296,-1.538145,164.62,10.8,3,161.52,21 / 21,3144230,2019-09-06 19:08:30:912,-3.5972,-0.2999,9.8313,-0.0069,-0.0078,9.8066,-0.067,-0.5024,0.0229,-6.81,-33.12,27.88,17.96,-83.76,-150.3
52.420296,-1.538145,164.62,10.8,3,161.52,21 / 21,3144328,2019-09-06 19:08:31:010,-4.2743,-0.4329,10.1175,-0.0032,0.0146,9.8066,-0.0077,-0.6305,0.0794,-6,-33.5,27.5,22.05,-83.59,-148.75
52.420296,-1.538145,164.62,10.8,3,161.52,21 / 21,3144432,2019-09-06 19:08:31:114,-2.6827,-0.0507,10.0297,0.0059,-0.0012,9.8066,0.0154,-0.5485,0.0854,-5.31,-34.06,27.19,24.62,-83.63,-148.3
52.420296,-1.538145,164.62,10.8,3,161.52,21 / 21,3144529,2019-09-06 19:08:31:211,-3.6909,0.4276,9.6543,0.0048,0.0145,9.8065,-0.0469,-0.5272,0.0066,-3.62,-34,27.06,26.45,-83.68,-148.77
52.420296,-1.538145,164.62,10.8,3,161.52,21 / 21,3144628,2019-09-06 19:08:31:310,-2.5589,0.4066,9.19,0.0063,0.0135,9.8066,-0.0365,-0.5457,0.0266,-2.81,-34.37,27.44,28.15,-83.8,-149.31
52.420296,-1.538145,164.62,10.8,3,161.52,21 / 21,3144728,2019-09-06 19:08:31:410,-3.1377,0.627,10.1123,-0.0014,0.01,9.8066,0.0173,-0.5454,0.0702,-2.56,-34.44,26.44,28,-83.78,-149.35
52.420296,-1.538145,164.62,10.8,3,161.52,21 / 21,3144829,2019-09-06 19:08:31:511,-2.558,1.5989,10.1641,-0.005,0.0029,9.8066,0.0334,-0.541,0.0748,-1,-34.94,26.38,33.66,-83.75,-148.96
52.420296,-1.538145,164.62,10.8,3,161.52,21 / 21,3144929,2019-09-06 19:08:31:611,-2.9317,0.3842,10.2748,-0.0148,0.0002,9.8066,0.0095,-0.522,0.0811,-0.5,-34.75,26.44,36.96,-83.52,-148.47
52.420296,-1.538145,164.62,10.8,3,161.52,21 / 21,3145029,2019-09-06 19:08:31:711,-3.1823,1.2122,10.7284,0.0025,0.0024,9.8066,0.0329,-0.5216,-0.0137,0,-35.5,25.94,36.92,-83.4,-148.61
52.420296,-1.538145,164.62,10.8,3,161.52,21 / 21,3145128,2019-09-06 19:08:31:810,-2.6568,1.1851,9.8803,0.0212,-0.0239,9.8066,0.0866,-0.515,0.004,1.25,-35.06,25.69,36.16,-83.21,-151.63
52.420296,-1.538145,164.62,10.8,3,161.52,21 / 21,3145229,2019-09-06 19:08:31:911,-2.7539,-1.0358,9.3257,0.0005,-0.0403,9.8065,-0.2188,-0.4295,0.0398,2.13,-34.81,25.19,37.2,-82.95,-153.55
52.420296,-1.538145,164.62,10.8,3,161.52,21 / 21,3145329,2019-09-06 19:08:32:011,-2.425,1.3834,10.035,0.0246,0.014,9.8065,-0.1234,-0.4594,0.0138,2.38,-34.62,25.06,36.22,-82.95,-154.39
52.420296,-1.538145,164.62,10.8,3,161.52,22 / 22,3145428,2019-09-06 19:08:32:110,-0.9945,0.2468,10.3037,0.0215,0.0061,9.8066,0.0878,-0.5096,-0.0109,4,-34.31,25.69,37.33,-83.15,-156.99
52.420296,-1.538145,164.62,10.8,3,161.52,22 / 22,3145529,2019-09-06 19:08:32:211,-0.4523,-0.0539,11.4742,-0.0126,0.0326,9.8065,0.089,-0.4611,0.2032,3.44,-34.5,25,35.81,-83.24,-156.57
52.420296,-1.538145,164.62,10.8,3,161.52,22 / 22,3145628,2019-09-06 19:08:32:310,-1.6149,-0.1504,10.0014,0.0375,0.065,9.8063,0.2159,-0.2549,-0.0548,3.69,-35.31,24.63,37.59,-83.4,-157.25
52.420296,-1.538145,164.62,10.8,3,161.52,22 / 22,3145729,2019-09-06 19:08:32:411,-1.4596,-0.7797,9.4565,0.0097,-0.0156,9.8066,0.165,-0.2591,-0.0074,4.88,-35.44,24.63,37.55,-83.12,-159.72
52.420296,-1.538145,164.62,10.8,3,161.52,22 / 22,3145829,2019-09-06 19:08:32:511,0.3316,-1.3091,9.6194,0.0205,0.0354,9.8065,0.156,-0.1581,0.0007,4.88,-35.37,24.06,37.34,-83.31,-160.42
52.420296,-1.538145,164.62,10.8,3,161.52,22 / 22,3145928,2019-09-06 19:08:32:610,-1.6255,-1.5391,10.4179,-0.0128,-0.0512,9.8064,0.1745,-0.2537,0.0396,4.81,-34.37,24,38.67,-83.28,-159.12
52.420296,-1.538145,164.62,10.8,3,161.52,22 / 22,3146029,2019-09-06 19:08:32:711,-1.2019,-0.4203,10.5664,-0.0235,-0.0183,9.8065,-0.1517,-0.2471,0.1008,5.69,-34.87,23.31,42.92,-83.14,-158.8
52.420296,-1.538145,164.62,10.8,3,161.52,22 / 22,3146129,2019-09-06 19:08:32:811,-1.5278,0.3728,9.1291,0.0057,-0.007,9.8066,-0.1588,-0.2146,0.0194,5.25,-34.12,22.75,40.02,-83.17,-158.81
52.420296,-1.538145,164.62,10.8,3,161.52,22 / 22,3146229,2019-09-06 19:08:32:911,-1.1693,-0.2301,9.639,-0.015,-0.0209,9.8066,0.0593,-0.2059,0.0605,5.56,-34.44,22.81,42.19,-83.11,-159.28
52.420296,-1.538145,164.62,10.8,3,161.52,22 / 22,3146329,2019-09-06 19:08:33:011,-0.3521,-0.8739,9.8204,0.0003,0.0223,9.8066,-0.0197,-0.1001,0.0392,5.94,-34.87,22.69,43.7,-83.09,-158.18
52.419632,-1.537909,165.19,7.06,2,224.38,21 / 21,3146429,2019-09-06 19:08:33:111,-1.7751,-0.1888,10.1076,-0.0139,-0.0113,9.8066,-0.0947,-0.0451,-0.0505,5.88,-34.69,23.13,45.21,-83.01,-156.96
52.419632,-1.537909,165.19,7.06,2,224.38,21 / 21,3146529,2019-09-06 19:08:33:211,-1.375,-0.3814,9.5219,-0.0044,-0.0122,9.8066,0.0772,-0.1327,0.0476,6,-35.37,23.13,46.29,-82.91,-156.13
52.419632,-1.537909,165.19,7.06,2,224.38,21 / 21,3146629,2019-09-06 19:08:33:311,0.0116,0.6186,9.024,-0.0283,-0.0389,9.8065,-0.1351,0.0164,-0.0315,5.63,-34.87,22.44,47.97,-82.74,-155.83
52.419632,-1.537909,165.19,7.06,2,224.38,21 / 21,3146728,2019-09-06 19:08:33:410,0.1939,-0.5993,9.2383,0.0132,0.0406,9.8065,-0.0325,-0.0046,0.0339,6.06,-34.69,23.13,46.54,-82.59,-155.38
52.419632,-1.537909,165.19,7.06,2,224.38,21 / 21,3146829,2019-09-06 19:08:33:511,0.7604,-0.5914,10.5471,-0.0067,0.0222,9.8066,0.0087,-0.0397,0.0069,5.88,-33.37,22.88,49.16,-82.74,-153.35
52.419632,-1.537909,165.19,7.06,2,224.38,21 / 21,3146929,2019-09-06 19:08:33:611,-3.0445,-1.4151,10.6703,-0.0321,-0.0418,9.8064,0.1657,-0.1773,0.0523,5.81,-33.62,22.25,51.37,-82.73,-152.63
52.419632,-1.537909,165.19,7.06,2,224.38,21 / 21,3147029,2019-09-06 19:08:33:711,1.4302,-1.3798,8.8392,-0.0304,-0.0827,9.8062,-0.1396,-0.2268,0.0968,5.63,-33.5,21.06,50.95,-82.46,-154.14
52.419632,-1.537909,165.19,7.06,2,224.38,21 / 21,3147128,2019-09-06 19:08:33:810,1.5631,-2.038,10.328,0.0099,0.0143,9.8066,-0.1149,0.0352,-0.0986,5.25,-33.5,20.94,47.23,-82.76,-154.56
52.419632,-1.537909,165.19,7.06,2,224.38,21 / 21,3147228,2019-09-06 19:08:33:910,-2.2115,0.0371,10.6818,-0.0098,0.0065,9.8066,-0.2149,0.0597,-0.0084,5.31,-33.37,21.5,47.42,-82.74,-153.47
52.419632,-1.537909,165.19,7.06,2,224.38,21 / 21,3147329,2019-09-06 19:08:34:011,0.0443,-0.8831,9.7743,-0.0002,-0.0344,9.8065,0.0411,-0.0759,0.0209,5.31,-33.94,21.69,47.57,-82.83,-153.47
52.419632,-1.537909,165.19,7.06,2,224.38,22 / 22,3147428,2019-09-06 19:08:34:110,-0.1647,0.3584,9.0528,-0.008,-0.0191,9.8065,-0.0759,-0.084,0.0451,6,-34,22.06,49.92,-82.81,-153.8
52.419632,-1.537909,165.19,7.06,2,224.38,22 / 22,3147528,2019-09-06 19:08:34:210,-0.735,-0.4955,9.7571,-0.0214,-0.0285,9.8065,0.0594,0.0014,-0.0043,5.94,-33.81,21.81,50.18,-82.67,-153.74
52.419632,-1.537909,165.19,7.06,2,224.38,22 / 22,3147629,2019-09-06 19:08:34:311,0.2242,0.1478,10.3361,0.0006,0.0012,9.8066,0.0578,-0.0605,-0.0205,6.38,-33.81,21.81,51.25,-82.67,-152.8
52.419632,-1.537909,165.19,7.06,2,224.38,22 / 22,3147729,2019-09-06 19:08:34:411,-1.4167,-1.6168,9.6756,0.0191,0.0085,9.8066,-0.0984,0.021,-0.0332,5.75,-34.56,21.88,51.42,-82.8,-152.74
52.419632,-1.537909,165.19,7.06,2,224.38,22 / 22,3147829,2019-09-06 19:08:34:511,0.5165,0.2653,10.1422,-0.0015,-0.0095,9.8066,-0.0734,-0.1165,0.0169,6.38,-34.12,22.38,51.11,-82.7,-152.89
52.419632,-1.537909,165.19,7.06,2,224.38,22 / 22,3147929,2019-09-06 19:08:34:611,-1.2753,-1.3014,9.4767,0.0109,-0.0111,9.8065,-0.0772,-0.0747,-0.0241,6.31,-34,21.63,50.22,-82.66,-153.73
52.419632,-1.537909,165.19,7.06,2,224.38,22 / 22,3148028,2019-09-06 19:08:34:710,0.4269,-2.4614,9.0758,-0.0096,-0.0139,9.8066,-0.0806,-0.0306,-0.0253,6.69,-34.44,21.94,51.92,-82.66,-154.52
52.419632,-1.537909,165.19,7.06,2,224.38,22 / 22,3148129,2019-09-06 19:08:34:811,-0.3006,0.7017,9.744,-0.006,-0.0292,9.8066,-0.1852,-0.0737,0.0407,6.19,-35.06,21.5,49.76,-82.65,-154.39
52.419632,-1.537909,165.19,7.06,2,224.38,22 / 22,3148229,2019-09-06 19:08:34:911,0.7773,-1.0608,9.9941,0.0271,0.0282,9.8065,0.0741,-0.0834,0.0081,6.5,-34.69,21.88,52.55,-82.82,-154.01
52.419632,-1.537909,165.19,7.06,2,224.38,22 / 22,3148328,2019-09-06 19:08:35:010,0.9108,-0.2984,9.9195,0.0065,0.0173,9.8066,0.0161,0.0034,-0.0504,6.5,-34,21.19,53.79,-83.07,-153.49
52.419632,-1.537909,165.19,7.06,2,224.38,21 / 21,3148428,2019-09-06 19:08:35:110,0.155,0.4272,9.8676,-0.0144,-0.017,9.8066,0.0306,0.0343,0.0238,6.56,-34.69,21.63,52.41,-82.88,-154.06
52.419632,-1.537909,165.19,7.06,2,224.38,21 / 21,3148529,2019-09-06 19:08:35:211,0.5703,-1.1542,9.7958,0.0053,0.0369,9.8065,0.0985,0.0844,-0.0543,7,-34.19,21.31,54.69,-82.94,-152.86
52.419632,-1.537909,165.19,7.06,2,224.38,21 / 21,3148628,2019-09-06 19:08:35:310,-0.6473,-0.617,10.3935,-0.012,-0.0236,9.8066,-0.0551,0.0053,-0.0597,6.44,-34.44,21.81,51.13,-82.97,-152.55
52.419632,-1.537909,165.19,7.06,2,224.38,21 / 21,3148730,2019-09-06 19:08:35:412,-0.3505,-0.1564,10.0735,0.0104,0.0121,9.8066,-0.0088,0.0472,-0.0127,7.06,-34.56,20.56,55.12,-83.06,-152.57
52.419632,-1.537909,165.19,7.06,2,224.38,21 / 21,3148829,2019-09-06 19:08:35:511,0.1213,-0.1392,10.1937,-0.0141,-0.0305,9.8066,-0.1105,0.004,0.0416,6.94,-34.69,20.63,54.8,-82.96,-153
52.419632,-1.537909,165.19,7.06,2,224.38,21 / 21,3148928,2019-09-06 19:08:35:610,0.7279,0.0512,10.1813,-0.023,-0.0392,9.8065,-0.0862,-0.0362,-0.0478,7.19,-34.44,21.13,54.54,-82.94,-152.98
52.419632,-1.537909,165.19,7.06,2,224.38,21 / 21,3149028,2019-09-06 19:08:35:710,-0.3272,0.8993,9.7996,0.0095,0.0206,9.8066,0.0309,-0.0496,0.0334,7.38,-34.44,20.75,54.49,-82.87,-153.13
52.419632,-1.537909,165.19,7.06,2,224.38,21 / 21,3149129,2019-09-06 19:08:35:811,-0.1822,0.005,10.0473,0.0081,0.0142,9.8066,-0.056,-0.0311,0.0367,7.63,-34.25,20.94,57.17,-82.92,-152.95
52.419632,-1.537909,165.19,7.06,2,224.38,21 / 21,3149229,2019-09-06 19:08:35:911,-0.0398,0.4943,9.9956,-0.0043,-0.0091,9.8066,0.0406,0.0506,-0.0117,6.88,-33.56,21.38,54.62,-82.9,-152.98
52.419632,-1.537909,165.19,7.06,2,224.38,21 / 21,3149328,2019-09-06 19:08:36:010,0.1628,0.449,9.8813,-0.0145,-0.0027,9.8066,0.1196,-0.0732,0.0035,6.94,-34.12,21.5,54.26,-82.96,-152.06
52.419632,-1.537909,165.19,7.06,2,224.38,22 / 22,3149429,2019-09-06 19:08:36:111,0.269,-1.4003,9.479,0.0031,-0.0059,9.8066,-0.0946,-0.0285,0.0091,6.94,-33.62,20,57.78,-82.88,-151.46
52.419632,-1.537909,165.19,7.06,2,224.38,22 / 22,3149529,2019-09-06 19:08:36:211,1.6801,0.1408,9.2341,-0.0025,-0.0502,9.8065,0.16,-0.0252,0.0381,7.94,-34.19,19.94,59,-82.8,-152.83
52.419632,-1.537909,165.19,7.06,2,224.38,22 / 22,3149628,2019-09-06 19:08:36:310,0.3199,0.9191,9.5139,0.0306,0.0407,9.8064,0.0278,-0.0417,-0.079,8.56,-34.06,21.13,61.17,-82.67,-151.86
52.419632,-1.537909,165.19,7.06,2,224.38,22 / 22,3149729,2019-09-06 19:08:36:411,2.2409,-1.5123,9.3605,0.0057,0.004,9.8066,-0.023,0.1454,-0.1286,8.38,-33.31,21.56,56.41,-82.9,-152.17
52.419632,-1.537909,165.19,7.06,2,224.38,22 / 22,3149829,2019-09-06 19:08:36:511,-0.2582,0.6445,10.8322,-0.0334,-0.0286,9.8065,0.0921,0.0381,-0.0243,7.88,-33.31,22.13,55.14,-82.67,-153.6
52.419632,-1.537909,165.19,7.06,2,224.38,22 / 22,3149928,2019-09-06 19:08:36:610,0.3754,-0.5504,10.0317,0.0042,0.0203,9.8066,0.1604,0.0798,-0.0301,6.81,-33.44,21.56,53.19,-82.79,-152.98
52.419632,-1.537909,165.19,7.06,2,224.38,22 / 22,3150029,2019-09-06 19:08:36:711,0.3894,0.9555,10.0681,-0.0278,-0.0264,9.8065,-0.0521,0.0737,-0.0837,5.94,-34.25,20.5,52.45,-82.67,-152.83
52.419632,-1.537909,165.19,7.06,2,224.38,22 / 22,3150129,2019-09-06 19:08:36:811,0.5965,0.0149,9.6334,0.0228,0.0502,9.8065,0.0903,-0.0054,0.0068,6.81,-34.56,20.63,56.49,-83.05,-151.36
52.419632,-1.537909,165.19,7.06,2,224.38,22 / 22,3150229,2019-09-06 19:08:36:911,0.0842,-0.3347,9.9227,-0.0074,-0.0319,9.8066,-0.1271,0.0405,-0.0345,5.69,-34.06,20.44,56.22,-83.06,-150.12
52.419632,-1.537909,165.19,7.06,2,224.38,22 / 22,3150329,2019-09-06 19:08:37:011,-0.8402,1.2532,9.9107,-0.0064,-0.0253,9.8066,0.0179,0.1533,-0.0584,4.44,-34.12,20.75,47.51,-82.98,-151.76
52.419632,-1.537909,165.19,7.06,2,224.38,21 / 21,3150429,2019-09-06 19:08:37:111,0.9456,0.4653,9.8135,0.0098,0.0076,9.8066,0.0719,-0.0519,0.0161,3.69,-33.37,22.69,44.81,-82.93,-152.34
52.419632,-1.537909,165.19,7.06,2,224.38,21 / 21,3150529,2019-09-06 19:08:37:211,-0.2118,-0.817,10.371,-0.0015,0.009,9.8066,-0.0707,0.0252,-0.0383,5.56,-32,24,49.27,-82.85,-152.03
52.419632,-1.537909,165.19,7.06,2,224.38,21 / 21,3150628,2019-09-06 19:08:37:310,0.5386,-0.3311,10.3976,0.0087,0.0135,9.8066,0.067,0.1061,-0.0283,7.56,-31.94,22.56,55.46,-82.91,-151.64
52.419632,-1.537909,165.19,7.06,2,224.38,21 / 21,3150729,2019-09-06 19:08:37:411,1.1444,-0.3082,9.9577,0.0053,-0.0112,9.8066,0.0778,-0.0198,0.0285,8,-32.69,21.63,55.5,-82.83,-153.07
52.419632,-1.537909,165.19,7.06,2,224.38,21 / 21,3150829,2019-09-06 19:08:37:511,-1.133,0.5664,10.0925,-0.0133,-0.0066,9.8066,-0.0051,-0.0775,0.0368,7.13,-32.94,21,55.33,-82.61,-152.45
52.419632,-1.537909,165.19,7.06,2,224.38,21 / 21,3150928,2019-09-06 19:08:37:610,0.9408,-0.2848,9.9767,-0.0144,-0.0085,9.8066,-0.0811,0.0648,-0.0425,6.94,-34,21.5,54.44,-82.35,-152.69
52.419632,-1.537909,165.19,7.06,2,224.38,21 / 21,3151029,2019-09-06 19:08:37:711,0.8674,0.6778,9.6883,-0.018,-0.0054,9.8066,-0.0409,0.0307,0.018,6.69,-34.25,20.94,56.51,-82.36,-152.03
52.419632,-1.537909,165.19,7.06,2,224.38,21 / 21,3151128,2019-09-06 19:08:37:810,0.3292,0.5688,9.4492,-0.0131,-0.0119,9.8066,-0.1193,-0.05,0.045,6.44,-33.75,21.31,54.71,-82.29,-151.35
52.419632,-1.537909,165.19,7.06,2,224.38,21 / 21,3151228,2019-09-06 19:08:37:910,0.5267,0.0646,10.3584,0.0105,0.0161,9.8066,0.1326,-0.0125,-0.0197,6.13,-33.62,21.31,56.17,-82.39,-149.93
52.419632,-1.537909,165.19,7.06,2,224.38,21 / 21,3151328,2019-09-06 19:08:38:010,0.8001,-0.6937,9.1916,0.0115,0.0225,9.8066,0.1577,-0.0168,0.0388,6.69,-33.87,21.88,57.93,-82.48,-149.4
52.419632,-1.537909,165.19,7.06,2,224.38,22 / 22,3151429,2019-09-06 19:08:38:111,0.6568,-0.1137,9.6086,-0.0297,-0.0295,9.8065,-0.1896,0.0889,-0.0374,6.25,-33.87,21.31,57.85,-82.51,-148.27
52.419632,-1.537909,165.19,7.06,2,224.38,22 / 22,3151528,2019-09-06 19:08:38:210,-0.4011,0.2693,9.53,-0.0125,-0.032,9.8065,-0.0792,-0.0617,0.0664,6.5,-33.69,21.31,60.26,-82.37,-148.65
52.419632,-1.537909,165.19,7.06,2,224.38,22 / 22,3151629,2019-09-06 19:08:38:311,0.7618,-0.062,9.0799,0.0163,0.0308,9.8065,0.0435,-0.0717,0.047,6.25,-33.69,21.38,58.94,-82.42,-147.43
52.419632,-1.537909,165.19,7.06,2,224.38,22 / 22,3151729,2019-09-06 19:08:38:411,0.5388,-1.4964,10.0702,0.0079,0.0331,9.8065,-0.0472,-0.0934,0.009,6.94,-34.06,21.25,62.05,-82.4,-147
52.419632,-1.537909,165.19,7.06,2,224.38,22 / 22,3151829,2019-09-06 19:08:38:511,-0.4162,0.5904,10.5336,-0.0107,-0.0336,9.8065,0.0041,-0.0033,-0.022,7.06,-33.25,20.5,60.66,-82.3,-148.09
52.419632,-1.537909,165.19,7.06,2,224.38,22 / 22,3151928,2019-09-06 19:08:38:610,0.3592,0.9911,9.4333,-0.0144,-0.0254,9.8065,0.0669,-0.0697,0.0146,7.31,-33.94,20.81,60.55,-82.31,-148.49
52.419632,-1.537909,165.19,7.06,2,224.38,22 / 22,3152029,2019-09-06 19:08:38:711,0.3645,0.8053,10.1723,-0.0005,-0.0036,9.8066,-0.0242,-0.1026,0.0577,7.56,-34.62,21.13,63.4,-82.22,-148.61
52.419632,-1.537909,165.19,7.06,2,224.38,22 / 22,3152129,2019-09-06 19:08:38:811,0.8089,0.0256,10.0541,-0.001,0.007,9.8066,-0.0431,0.0127,-0.0273,7.88,-34.44,21.94,61.76,-82.08,-148.69
52.419632,-1.537909,165.19,7.06,2,224.38,22 / 22,3152228,2019-09-06 19:08:38:910,0.2756,-1.0548,9.692,-0.0082,-0.0024,9.8066,0.0136,-0.0169,0.0387,7.06,-34.75,22.13,59.66,-81.98,-148.83
52.419632,-1.537909,165.19,7.06,2,224.38,22 / 22,3152328,2019-09-06 19:08:39:010,0.5439,0.194,9.8382,-0.0113,-0.0049,9.8066,-0.0309,-0.0413,-0.0138,6.63,-35,22.31,60.48,-81.88,-148.24
52.419632,-1.537909,165.19,7.06,2,224.38,21 / 21,3152429,2019-09-06 19:08:39:111,0.6737,1.1176,9.8694,0.005,0.0062,9.8066,-0.0232,-0.003,-0.0114,6.13,-34.25,21.81,57.71,-81.94,-148.06
52.419632,-1.537909,165.19,7.06,2,224.38,21 / 21,3152529,2019-09-06 19:08:39:211,0.3688,0.5224,10.0435,-0.0038,-0.0193,9.8066,-0.021,-0.0446,-0.0209,6.5,-34.5,22,59.26,-81.86,-149.06
52.419632,-1.537909,165.19,7.06,2,224.38,21 / 21,3152629,2019-09-06 19:08:39:311,0.4095,0.4119,9.3641,-0.0004,-0.0111,9.8066,-0.0341,0.0014,-0.0437,6.13,-34.37,22.69,54.36,-81.93,-149.98
52.419632,-1.537909,165.19,7.06,2,224.38,21 / 21,3152728,2019-09-06 19:08:39:410,1.783,0.7053,9.5733,0.0063,-0.0171,9.8066,-0.0848,-0.0381,0.0198,6.06,-34.31,21.44,55.56,-81.92,-151.12
52.419632,-1.537909,165.19,7.06,2,224.38,21 / 21,3152828,2019-09-06 19:08:39:510,0.023,0.8537,10.3633,0.014,0.0069,9.8065,0.0473,0.0158,-0.065,6.31,-34.62,21.38,55.58,-82.2,-151.01
52.419632,-1.537909,165.19,7.06,2,224.38,21 / 21,3152929,2019-09-06 19:08:39:611,0.6314,-0.1823,9.8309,0.0062,-0.0041,9.8066,0.0666,-0.023,0.0072,6.88,-33.75,21.44,56.69,-82.23,-152.04
52.419632,-1.537909,165.19,7.06,2,224.38,21 / 21,3153029,2019-09-06 19:08:39:711,0.4191,1.3985,10.1758,-0.0062,0.0003,9.8066,0.0136,-0.002,0.0236,6.69,-33.87,21.13,57.01,-82.1,-151.94
52.419632,-1.537909,165.19,7.06,2,224.38,21 / 21,3153128,2019-09-06 19:08:39:810,0.7729,0.2154,9.746,0.0044,0.0142,9.8066,-0.0069,0.0023,-0.0184,6.69,-33.25,21.38,56.68,-82.06,-151.98
52.419632,-1.537909,165.19,7.06,2,224.38,21 / 21,3153229,2019-09-06 19:08:39:911,0.3771,0.3319,10.3329,-0.0208,-0.0279,9.8065,0.0236,-0.0363,0.0417,6.75,-33.44,21.13,57.15,-82.08,-151.54
52.419632,-1.537909,165.19,7.06,2,224.38,21 / 21,3153329,2019-09-06 19:08:40:011,0.7865,0.8993,9.3895,0.0032,-0.0053,9.8066,-0.0836,0.0182,0.0094,7.19,-33.56,20.69,57.33,-81.98,-151.82
52.419632,-1.537909,165.19,7.06,2,224.38,21 / 21,3153429,2019-09-06 19:08:40:111,0.7775,0.3579,9.5282,-0.014,0.001,9.8065,-0.0438,-0.0157,0.0427,7.31,-33,21.38,57.56,-82.04,-151.23
52.419632,-1.537909,165.19,7.06,2,224.38,21 / 21,3153529,2019-09-06 19:08:40:211,0.8577,0.516,9.3947,0.006,0.0066,9.8066,-0.128,0.0177,-0.0459,7,-33.75,21.38,58.33,-82.06,-150.83
52.419632,-1.537909,165.19,7.06,2,224.38,21 / 21,3153628,2019-09-06 19:08:40:310,0.1924,0.9403,10.0054,0.0101,0.0146,9.8066,0.0457,-0.0079,0.0446,6.19,-33.94,21.38,55.79,-82.3,-150.38
52.419632,-1.537909,165.19,7.06,2,224.38,21 / 21,3153729,2019-09-06 19:08:40:411,2.2954,-0.912,10.1296,0.0183,0.0255,9.8066,-0.0343,0.1385,0.0077,5.81,-33.12,21.75,54.23,-82.44,-150.2
52.419632,-1.537909,165.19,7.06,2,224.38,21 / 21,3153828,2019-09-06 19:08:40:510,0.286,-0.5651,9.7854,-0.0015,-0.0233,9.8065,-0.0952,-0.0109,-0.018,5.5,-33.62,21.69,52.45,-82.57,-151.87
52.419632,-1.537909,165.19,7.06,2,224.38,21 / 21,3153928,2019-09-06 19:08:40:610,0.5981,0.2117,10.1064,-0.0057,0.0008,9.8066,0.0504,0.1009,-0.0908,6.13,-34.06,21.81,51.52,-82.5,-152.79
52.419632,-1.537909,165.19,7.06,2,224.38,21 / 21,3154028,2019-09-06 19:08:40:710,3.0751,-3.29,9.5289,-0.0007,-0.0697,9.8064,-0.114,-0.1678,0.2649,5.94,-33.19,22,46.97,-82.32,-156.71
52.419632,-1.537909,165.19,7.06,2,224.38,21 / 21,3154128,2019-09-06 19:08:40:810,-2.1864,-0.3866,10.8761,-0.035,-0.1182,9.8058,0.029,-0.2419,0.1533,6.81,-33.31,21.38,51.98,-82.12,-156.04
52.419632,-1.537909,165.19,7.06,2,224.38,21 / 21,3154228,2019-09-06 19:08:40:910,2.3723,-0.5448,10.2643,0.0035,-0.0087,9.8066,-0.2075,0.0109,-0.0953,6.75,-33.06,21.13,52.76,-82.21,-155.24
52.419632,-1.537909,165.19,7.06,2,224.38,21 / 21,3154328,2019-09-06 19:08:41:010,1.3084,-0.894,9.3279,-0.0032,-0.0465,9.8065,-0.1714,0.0854,-0.0867,7.25,-33.69,20.81,51.31,-82.02,-157.04
52.419632,-1.537909,165.19,7.06,2,224.38,22 / 22,3154429,2019-09-06 19:08:41:111,0.5413,0.8283,9.3632,0.0007,0.0235,9.8066,0.0383,-0.016,0.0514,8,-33.31,21.38,52.43,-82.14,-157.9
52.419632,-1.537909,165.19,7.06,2,224.38,22 / 22,3154528,2019-09-06 19:08:41:210,0.375,0.3812,9.4467,0.006,0.0197,9.8066,-0.1356,-0.0349,-0.0299,6.88,-33.06,21.69,49.54,-82.25,-156.85
52.419632,-1.537909,165.19,7.06,2,224.38,22 / 22,3154629,2019-09-06 19:08:41:311,0.4813,0.3847,9.7478,0.0303,0.0259,9.8066,0.1155,-0.0383,0.0381,6.88,-33.5,21.56,48.94,-82.6,-156.96
52.419632,-1.537909,165.19,7.06,2,224.38,22 / 22,3154729,2019-09-06 19:08:41:411,0.7759,0.2604,10.1959,-0.0013,0.0253,9.8066,0.0111,0.0348,-0.0054,6.5,-32.94,21.94,49.63,-82.64,-156.31
52.419632,-1.537909,165.19,7.06,2,224.38,22 / 22,3154829,2019-09-06 19:08:41:511,1.5863,-0.4152,9.5359,-0.0027,-0.0367,9.8065,-0.1022,0.0021,-0.0115,7.38,-33.69,22.69,47.64,-82.63,-157.26
52.419632,-1.537909,165.19,7.06,2,224.38,22 / 22,3154929,2019-09-06 19:08:41:611,0.4945,0.7731,10.1184,-0.0252,-0.0483,9.8064,-0.0047,-0.0191,0.0315,7.81,-33.62,22.31,51.6,-82.53,-157.18
52.419632,-1.537909,165.19,7.06,2,224.38,22 / 22,3155028,2019-09-06 19:08:41:710,-0.7434,-0.3887,9.4281,-0.0037,-0.0038,9.8066,-0.0702,-0.0049,-0.0531,7.63,-32.75,21.69,50.73,-82.49,-157.73
52.419632,-1.537909,165.19,7.06,2,224.38,22 / 22,3155128,2019-09-06 19:08:41:810,1.077,1.0488,9.6521,-0.0043,0.0109,9.8066,0.053,0.0887,-0.0302,7.44,-33.37,21.25,49.6,-82.45,-157.7
52.419632,-1.537909,165.19,7.06,2,224.38,22 / 22,3155229,2019-09-06 19:08:41:911,1.2968,-0.3733,9.0495,0.0025,0.0151,9.8066,-0.0755,-0.057,0.0501,7.81,-34,21.63,51.51,-82.55,-157.22
52.419632,-1.537909,165.19,7.06,2,224.38,22 / 22,3155329,2019-09-06 19:08:42:011,-0.0654,1.3802,10.6319,-0.0144,-0.0174,9.8065,-0.1201,0.0129,-0.0027,7.56,-33.75,21.13,53.87,-82.49,-156.46
52.419064,-1.538917,164.13,11.61,2,227.73,21 / 22,3155429,2019-09-06 19:08:42:111,1.0304,-0.1596,10.115,-0.0032,-0.0016,9.8066,0.0398,0.0158,-0.0602,7.25,-34.19,21.25,51,-82.66,-156.47
52.419064,-1.538917,164.13,11.61,2,227.73,21 / 22,3155528,2019-09-06 19:08:42:210,0.1886,0.8085,9.9656,-0.0342,-0.0419,9.8064,-0.1263,-0.0477,0.0109,7.06,-34.19,21.56,48.92,-82.33,-157.55
52.419064,-1.538917,164.13,11.61,2,227.73,21 / 22,3155629,2019-09-06 19:08:42:311,0.7113,0.6031,9.6843,-0.003,-0.0102,9.8066,-0.1008,-0.0258,-0.0768,6.88,-33.75,21.06,50.54,-82.43,-157.18
52.419064,-1.538917,164.13,11.61,2,227.73,21 / 22,3155728,2019-09-06 19:08:42:410,0.682,0.5548,10.2,0.006,-0.012,9.8066,-0.019,-0.0368,0.0129,7.25,-33.94,21,50.04,-82.79,-157.15
52.419064,-1.538917,164.13,11.61,2,227.73,21 / 22,3155828,2019-09-06 19:08:42:510,1.0435,1.2402,10.203,0.0158,-0.0133,9.8066,-0.0741,-0.0446,-0.0363,7.5,-33.62,21.31,50.93,-82.92,-158.5
52.419064,-1.538917,164.13,11.61,2,227.73,21 / 22,3155928,2019-09-06 19:08:42:610,0.7788,1.2193,9.9037,0.014,0.0051,9.8066,0.1498,-0.0042,0.0093,6.94,-33.56,21.06,46.46,-82.91,-160.12
52.419064,-1.538917,164.13,11.61,2,227.73,21 / 22,3156029,2019-09-06 19:08:42:711,0.5107,0.2658,10.2239,0.0088,0.0164,9.8066,-0.0051,-0.0075,-0.0364,7.81,-33.75,21.25,48.34,-82.72,-161.01
52.419064,-1.538917,164.13,11.61,2,227.73,21 / 22,3156129,2019-09-06 19:08:42:811,-0.2535,-0.4515,9.3436,0.0096,-0.0066,9.8066,-0.0235,-0.0166,0.0135,7.81,-33.56,21.63,46,-82.56,-162.03
52.419064,-1.538917,164.13,11.61,2,227.73,21 / 22,3156229,2019-09-06 19:08:42:911,-0.1378,0.6822,9.812,0.0059,-0.0026,9.8066,-0.0428,-0.0334,-0.0061,7.38,-33.62,20.63,44.34,-82.73,-162.17
52.419064,-1.538917,164.13,11.61,2,227.73,21 / 22,3156329,2019-09-06 19:08:43:011,0.6489,0.4193,9.4062,0.0227,0.0111,9.8066,-0.0291,-0.033,-0.0233,7.94,-33.06,21.13,45.51,-82.87,-163.07
52.419064,-1.538917,164.13,11.61,2,227.73,22 / 22,3156429,2019-09-06 19:08:43:111,0.9026,0.3938,9.0801,0.0213,-0.0008,9.8066,-0.0506,-0.0369,-0.0269,8.5,-32.12,21.56,44.13,-83.11,-164.8
52.419064,-1.538917,164.13,11.61,2,227.73,22 / 22,3156529,2019-09-06 19:08:43:211,0.7217,0.5622,9.9671,0.017,0.0144,9.8066,0.1352,-0.0393,0.0476,8.81,-32.31,20.75,44.35,-83.24,-165.69
52.419064,-1.538917,164.13,11.61,2,227.73,22 / 22,3156629,2019-09-06 19:08:43:311,1.0183,-1.8512,9.2788,0.0037,0.0215,9.8066,0.3157,0.0954,-0.0269,7.81,-32.94,20.56,42.8,-83.15,-165.12
52.419064,-1.538917,164.13,11.61,2,227.73,22 / 22,3156729,2019-09-06 19:08:43:411,2.7393,0.1368,8.7396,-0.0364,0.0208,9.8065,-0.4479,0.1779,-0.0519,7.5,-33.94,20.5,46.69,-83.02,-162.09
52.419064,-1.538917,164.13,11.61,2,227.73,22 / 22,3156828,2019-09-06 19:08:43:510,3.2311,0.8064,10.2488,-0.0293,-0.0314,9.8065,-0.2887,0.0738,0.0634,7.63,-34.94,20.63,48.13,-83.03,-161.05
52.419064,-1.538917,164.13,11.61,2,227.73,22 / 22,3156929,2019-09-06 19:08:43:611,-0.5784,2.2924,8.9302,0.0171,0.051,9.8065,-0.0345,-0.0546,-0.0226,7.31,-34,21.31,48.1,-83.03,-158.55
52.419064,-1.538917,164.13,11.61,2,227.73,22 / 22,3157029,2019-09-06 19:08:43:711,0.5605,1.2933,10.4831,-0.0125,-0.0203,9.8066,0.0221,0.0332,-0.042,6.94,-33.62,20.94,48.6,-83.15,-157.97
52.419064,-1.538917,164.13,11.61,2,227.73,22 / 22,3157129,2019-09-06 19:08:43:811,-0.0618,3.0245,9.3721,0.004,0.0409,9.8065,0.0192,-0.0089,-0.0269,8,-33.56,21.06,50.99,-83.19,-158.11
52.419064,-1.538917,164.13,11.61,2,227.73,22 / 22,3157229,2019-09-06 19:08:43:911,-0.1205,2.4631,9.6522,0.0274,0.0694,9.8063,-0.1401,-0.12,-0.0232,8,-33.37,20,51.65,-83.28,-158.46
52.419064,-1.538917,164.13,11.61,2,227.73,22 / 22,3157329,2019-09-06 19:08:44:011,0.8235,3.3089,9.7731,0.0302,0.0736,9.8062,0.3562,-0.144,-0.0205,7.56,-32.62,19.44,54.42,-83.68,-156.85
52.419064,-1.538917,164.13,11.61,2,227.73,22 / 22,3157429,2019-09-06 19:08:44:111,0.0853,0.8429,10.4683,0.0816,0.0655,9.806,0.299,-0.0593,0.1142,7.38,-32.75,19.88,47.65,-83.9,-158.85
52.419064,-1.538917,164.13,11.61,2,227.73,22 / 22,3157528,2019-09-06 19:08:44:210,-0.3066,1.1745,10.8975,-0.0613,-0.0624,9.8062,0.0098,0.0373,-0.02,7.19,-32.44,20.38,46.45,-83.73,-159.91
52.419064,-1.538917,164.13,11.61,2,227.73,22 / 22,3157629,2019-09-06 19:08:44:311,-1.3059,-0.1789,10.2103,-0.0447,-0.0348,9.8065,0.1191,-0.0674,-0.0485,7.13,-33.25,20.81,48.46,-83.06,-157.96
52.419064,-1.538917,164.13,11.61,2,227.73,22 / 22,3157728,2019-09-06 19:08:44:410,0.6147,1.6417,9.6191,-0.0181,-0.0157,9.8065,-0.1284,-0.0756,0.1356,6.75,-33.44,19.63,50.94,-82.99,-157.09
52.419064,-1.538917,164.13,11.61,2,227.73,22 / 22,3157828,2019-09-06 19:08:44:510,0.396,0.3219,9.7248,-0.0199,0.0124,9.8066,-0.0227,-0.0426,0.0187,6.88,-33.81,19.81,54.02,-83.1,-154.49
52.419064,-1.538917,164.13,11.61,2,227.73,22 / 22,3157928,2019-09-06 19:08:44:610,1.3784,0.785,9.3821,0.0148,0.0374,9.8065,0.0432,0.024,-0.0784,6.88,-33.81,19.94,56.12,-83.3,-152.33
52.419064,-1.538917,164.13,11.61,2,227.73,22 / 22,3158028,2019-09-06 19:08:44:710,0.1266,1.7545,9.725,0.0101,0.0217,9.8066,-0.0432,-0.1188,0.0899,7.31,-34.5,18.88,57.8,-83.32,-152.17
52.419064,-1.538917,164.13,11.61,2,227.73,22 / 22,3158128,2019-09-06 19:08:44:810,0.6104,1.3868,9.3674,0.0044,-0.0005,9.8066,0.1426,-0.0833,0.0103,7.69,-34.62,19.5,60,-83.27,-151.52
52.419064,-1.538917,164.13,11.61,2,227.73,22 / 22,3158228,2019-09-06 19:08:44:910,-0.5055,1.2477,9.8053,0.0182,0.0312,9.8065,0.1839,-0.0442,-0.0419,6.88,-34.5,19.31,58.73,-83.41,-151.19
52.419064,-1.538917,164.13,11.61,2,227.73,22 / 22,3158328,2019-09-06 19:08:45:010,0.1638,0.4934,10.488,-0.0386,-0.0403,9.8065,-0.1421,-0.045,0.0671,8.19,-34.94,19.31,61.96,-83.29,-151.18
52.419064,-1.538917,164.13,11.61,2,227.73,22 / 22,3158429,2019-09-06 19:08:45:111,1.4219,1.2618,10.0628,-0.0273,-0.0449,9.8065,-0.1805,-0.0005,-0.0462,7.69,-34.37,19.44,62.03,-83.21,-150.94
52.419064,-1.538917,164.13,11.61,2,227.73,22 / 22,3158528,2019-09-06 19:08:45:210,0.0926,1.5408,10.3124,-0.0051,0.0076,9.8066,0.1533,-0.0772,0.0291,7.25,-34.62,19.31,59.43,-83.29,-151.03
52.419064,-1.538917,164.13,11.61,2,227.73,22 / 22,3158629,2019-09-06 19:08:45:311,0.1971,1.025,9.3832,0.0099,0.0186,9.8066,0.0395,-0.0519,-0.0088,7.06,-33.75,19.81,57.53,-83.13,-151.31
52.419064,-1.538917,164.13,11.61,2,227.73,22 / 22,3158729,2019-09-06 19:08:45:411,0.131,0.5777,9.3296,0.006,0.0063,9.8066,-0.0153,-0.0191,0.0426,7.31,-34.31,19.88,57.18,-83.07,-151.71
52.419064,-1.538917,164.13,11.61,2,227.73,22 / 22,3158829,2019-09-06 19:08:45:511,0.2718,0.6373,9.8581,0.0017,0.0019,9.8066,-0.0316,-0.038,-0.0085,7.06,-34.12,20.81,56.12,-83.18,-151.25
52.419064,-1.538917,164.13,11.61,2,227.73,22 / 22,3158929,2019-09-06 19:08:45:611,0.9166,1.2742,9.3912,0.0199,0.0285,9.8065,0.0695,-0.0794,0.0761,7.25,-33.5,19.13,59.36,-83.5,-150.2
52.419064,-1.538917,164.13,11.61,2,227.73,22 / 22,3159028,2019-09-06 19:08:45:710,-0.4136,1.5797,10.3921,-0.0134,0.0093,9.8066,0.0631,-0.042,-0.0013,7.75,-33.69,19.31,63.61,-83.33,-149.31
52.419064,-1.538917,164.13,11.61,2,227.73,22 / 22,3159129,2019-09-06 19:08:45:811,0.8563,-1.0367,9.6932,0.0023,0.0054,9.8066,0.0939,0.0462,-0.048,7.19,-34.19,19.44,60.06,-83.3,-150.15
52.419064,-1.538917,164.13,11.61,2,227.73,22 / 22,3159228,2019-09-06 19:08:45:910,-0.1193,1.515,10.2051,0.0017,-0.0069,9.8066,0.0681,-0.0731,0.0747,7.63,-34.94,19.69,60.82,-83.19,-150.88
52.419064,-1.538917,164.13,11.61,2,227.73,22 / 22,3159329,2019-09-06 19:08:46:011,1.1691,1.3842,9.5366,0.0064,0.0059,9.8066,-0.0191,-0.0395,-0.037,7.56,-34.12,19.44,62.45,-83.16,-150.64
52.419064,-1.538917,164.13,11.61,2,227.73,22 / 22,3159429,2019-09-06 19:08:46:111,-0.0263,2.3239,9.6226,0.0112,0.0037,9.8066,0.004,-0.0709,0.0465,7.81,-35.12,19.56,60.94,-83.31,-150.6
52.419064,-1.538917,164.13,11.61,2,227.73,22 / 22,3159529,2019-09-06 19:08:46:211,0.4074,2.7104,10.4065,-0.0057,-0.0315,9.8066,-0.0816,-0.0513,0.0188,8.06,-34.94,19.38,61.58,-83.27,-151.55
52.419064,-1.538917,164.13,11.61,2,227.73,22 / 22,3159628,2019-09-06 19:08:46:310,2.1046,0.977,9.8245,-0.0255,-0.0095,9.8066,0.0354,0.0795,-0.0638,7.69,-35.75,18.75,62.34,-83.38,-150.98
52.419064,-1.538917,164.13,11.61,2,227.73,22 / 22,3159729,2019-09-06 19:08:46:411,0.0558,1.6744,9.1892,0.0141,0.0461,9.8065,0.0972,-0.0055,-0.0028,7.63,-35.62,19.44,63.74,-83.53,-149.46
52.419064,-1.538917,164.13,11.61,2,227.73,22 / 22,3159829,2019-09-06 19:08:46:511,0.9678,1.41,10.1929,0.0197,0.0072,9.8065,-0.1304,-0.0981,0.0262,7.75,-35.56,18.88,63.55,-83.47,-149.73
52.419064,-1.538917,164.13,11.61,2,227.73,22 / 22,3159928,2019-09-06 19:08:46:610,1.3429,0.9327,10.2328,0.0312,0.0172,9.8065,-0.0062,-0.0375,0.0023,7.63,-35.44,18.94,64.28,-83.56,-148.62
52.419064,-1.538917,164.13,11.61,2,227.73,22 / 22,3160029,2019-09-06 19:08:46:711,1.7192,0.7088,9.2863,0.0039,-0.0083,9.8066,-0.1577,-0.0492,-0.04,7.94,-35.06,18.38,65.08,-83.97,-148.8
52.419064,-1.538917,164.13,11.61,2,227.73,22 / 22,3160129,2019-09-06 19:08:46:811,1.4259,2.0284,9.2654,-0.0009,-0.0091,9.8066,-0.2746,-0.0135,-0.0451,7.63,-35.25,18.56,62.69,-84.08,-149.26
52.419064,-1.538917,164.13,11.61,2,227.73,22 / 22,3160229,2019-09-06 19:08:46:911,0.9538,1.4383,10.3314,0.012,-0.0095,9.8066,-0.0616,-0.0099,0.0149,7.75,-35.06,18.38,65.45,-84.23,-148.02
52.419064,-1.538917,164.13,11.61,2,227.73,22 / 22,3160328,2019-09-06 19:08:47:010,2.0062,1.4833,10.4345,-0.0071,-0.027,9.8066,-0.1054,0.0368,-0.0505,7.69,-35.37,18.81,61.96,-84.32,-149.55
52.419064,-1.538917,164.13,11.61,2,227.73,22 / 22,3160429,2019-09-06 19:08:47:111,2.0019,1.1752,10.5467,0.0065,0.0089,9.8066,-0.1194,-0.0667,0.0741,8.31,-35,18.38,61.18,-84.43,-151.61
52.419064,-1.538917,164.13,11.61,2,227.73,22 / 22,3160529,2019-09-06 19:08:47:211,0.9486,0.4659,9.8687,0.0108,0.0026,9.8066,0.1806,0.0298,-0.0167,7.88,-34.81,20.13,55.52,-84.15,-154.29
52.419064,-1.538917,164.13,11.61,2,227.73,22 / 22,3160628,2019-09-06 19:08:47:310,-0.2917,1.4062,9.8095,-0.0201,-0.0382,9.8065,0.245,-0.0489,0.0353,8,-35.69,19.25,58.18,-83.79,-154.08
52.419064,-1.538917,164.13,11.61,2,227.73,22 / 22,3160728,2019-09-06 19:08:47:410,1.666,1.2169,10.0936,-0.0092,-0.0078,9.8066,0.0602,-0.0408,0.0208,8.44,-35.25,19.63,55.27,-83.65,-155.22
52.419064,-1.538917,164.13,11.61,2,227.73,22 / 22,3160828,2019-09-06 19:08:47:510,1.7737,-0.4757,8.9009,0.0052,0.0078,9.8066,-0.0035,0.0598,-0.0462,8.13,-34.94,18.88,56.62,-83.84,-155.16
52.419064,-1.538917,164.13,11.61,2,227.73,22 / 22,3160929,2019-09-06 19:08:47:611,0.6713,0.3096,9.4552,-0.0486,-0.0076,9.8064,-0.3221,0.0662,-0.0366,8.5,-35.12,18.75,62.57,-83.71,-152.28
52.419064,-1.538917,164.13,11.61,2,227.73,22 / 22,3161029,2019-09-06 19:08:47:711,-1.6895,0.5617,10.5047,0.0711,0.0625,9.8061,0.2624,0.2346,-0.108,7.88,-35.44,19.06,62.19,-84.15,-149.6
52.419064,-1.538917,164.13,11.61,2,227.73,22 / 22,3161129,2019-09-06 19:08:47:811,0.776,-1.8026,9.5043,0.037,0.0516,9.8064,0.0837,-0.0167,-0.0094,8.25,-34.25,18.88,60.37,-83.96,-151.31
52.419064,-1.538917,164.13,11.61,2,227.73,22 / 22,3161229,2019-09-06 19:08:47:911,-1.5198,-0.5366,9.4224,-0.0722,-0.0548,9.8062,0.2822,-0.1386,0.1469,8.5,-34.81,19.69,60.11,-84.08,-152.49
52.419064,-1.538917,164.13,11.61,2,227.73,22 / 22,3161328,2019-09-06 19:08:48:010,1.9782,-1.8786,8.9049,0.0043,-0.0221,9.8066,-0.1485,-0.1513,0.0952,8.19,-35,18.13,60.25,-83.85,-153.41
52.419064,-1.538917,164.13,11.61,2,227.73,21 / 21,3161430,2019-09-06 19:08:48:112,0.8036,0.9708,10.1327,0.0389,0.0527,9.8064,-0.2235,0.0188,-0.0804,8.38,-34.5,20.06,58.09,-84.38,-151.4
52.419064,-1.538917,164.13,11.61,2,227.73,21 / 21,3161529,2019-09-06 19:08:48:211,1.2301,0.2622,9.9456,0.0162,0.0093,9.8066,-0.013,0.0177,0.0173,7.81,-34.81,18.5,58.71,-84.4,-152.41
52.419064,-1.538917,164.13,11.61,2,227.73,21 / 21,3161628,2019-09-06 19:08:48:310,0.5292,-0.709,9.437,-0.0054,0.0085,9.8065,-0.0199,-0.0025,0.0071,7.75,-34.25,18.75,58.18,-84.33,-152.77
52.419064,-1.538917,164.13,11.61,2,227.73,21 / 21,3161729,2019-09-06 19:08:48:411,-0.9128,0.0282,10.1633,-0.0142,0.0113,9.8065,0.0269,-0.0691,0.0399,8,-33.19,18.75,59.24,-84.07,-151.93
52.419064,-1.538917,164.13,11.61,2,227.73,21 / 21,3161829,2019-09-06 19:08:48:511,-0.0652,0.4054,9.6416,0.0067,0.0065,9.8066,-0.0224,-0.0363,-0.0483,7.75,-32.12,19.44,58.34,-84.18,-152.35
52.419064,-1.538917,164.13,11.61,2,227.73,21 / 21,3161928,2019-09-06 19:08:48:610,1.1617,-0.4858,10.6538,0.0037,0.0159,9.8066,0.0301,-0.07,0.0815,7.5,-32.62,18.88,59.02,-84.4,-151.65
52.419064,-1.538917,164.13,11.61,2,227.73,21 / 21,3162029,2019-09-06 19:08:48:711,0.141,-0.5366,9.8744,0.0089,-0.017,9.8066,-0.0987,-0.0158,-0.0117,6.69,-33.19,18.13,57.07,-84.55,-152.15
52.419064,-1.538917,164.13,11.61,2,227.73,21 / 21,3162128,2019-09-06 19:08:48:810,-1.6827,1.1111,9.8822,-0.0362,-0.0259,9.8065,-0.0246,0.0513,0.0679,6.19,-34.25,18.5,55.03,-84.37,-150.53
52.419064,-1.538917,164.13,11.61,2,227.73,21 / 21,3162229,2019-09-06 19:08:48:911,1.2344,-1.9406,9.9498,0.0193,-0.0015,9.8065,0,0.1004,-0.0977,6.5,-34.37,19.94,54.58,-84.2,-152.48
52.419064,-1.538917,164.13,11.61,2,227.73,21 / 21,3162329,2019-09-06 19:08:49:011,-0.0408,-2.3512,9.8805,-0.0022,0.0079,9.8066,0.1316,0.0209,0.0475,7.88,-34.06,20.56,55.78,-83.99,-152.78
52.419064,-1.538917,164.13,11.61,2,227.73,21 / 21,3162429,2019-09-06 19:08:49:111,-0.5394,-1.1897,9.8063,-0.0249,-0.0347,9.8065,0.1178,-0.0074,0.0412,7.69,-34.87,20.31,58.65,-83.95,-151.74
52.419064,-1.538917,164.13,11.61,2,227.73,21 / 21,3162529,2019-09-06 19:08:49:211,-0.4887,-1.6919,10.4551,-0.022,-0.0194,9.8065,-0.1301,-0.0193,0.0192,7.75,-34.19,19.38,60.59,-83.83,-151.31
52.419064,-1.538917,164.13,11.61,2,227.73,21 / 21,3162628,2019-09-06 19:08:49:310,0.2725,-1.5442,9.4246,0.0095,0.0134,9.8065,-0.077,0.0256,0.0284,8.06,-34.81,19.31,62.25,-83.98,-149.83
52.419064,-1.538917,164.13,11.61,2,227.73,21 / 21,3162729,2019-09-06 19:08:49:411,1.1606,-0.6971,9.502,-0.0067,-0.0047,9.8066,0.0499,-0.0744,0.0223,7.5,-34.81,19.44,62,-83.89,-150.18
52.419064,-1.538917,164.13,11.61,2,227.73,21 / 21,3162829,2019-09-06 19:08:49:511,0.139,-0.6688,10.3714,-0.0138,-0.0006,9.8066,-0.0348,-0.0657,0.008,7.94,-34.44,19.31,61.8,-83.73,-150.34
52.419064,-1.538917,164.13,11.61,2,227.73,21 / 21,3162929,2019-09-06 19:08:49:611,0.2654,-0.082,9.8057,0.0136,0.0316,9.8065,0.0523,-0.0004,0.0443,7.75,-34.75,19.56,61.39,-83.87,-149.35
52.419064,-1.538917,164.13,11.61,2,227.73,21 / 21,3163029,2019-09-06 19:08:49:711,-1.11,-0.1769,10.307,0.0082,-0.0053,9.8066,0.045,-0.0897,0.0084,8.19,-35.19,19.25,63.46,-83.87,-148.88
52.419064,-1.538917,164.13,11.61,2,227.73,21 / 21,3163129,2019-09-06 19:08:49:811,0.1468,-0.6111,10.1543,0.0037,0.0052,9.8066,0.0635,-0.0476,-0.0042,7.75,-34.37,19.5,60.59,-83.98,-149.67
52.419064,-1.538917,164.13,11.61,2,227.73,21 / 21,3163229,2019-09-06 19:08:49:911,-1.1431,-0.327,9.881,-0.0051,-0.0123,9.8065,0,0.0637,-0.0321,7.75,-35.5,19.69,61.14,-83.82,-149.66
52.419064,-1.538917,164.13,11.61,2,227.73,21 / 21,3163329,2019-09-06 19:08:50:011,0.2362,-1.1823,9.9553,-0.0011,-0.0076,9.8066,0.0064,-0.0601,0.0175,7.94,-34.69,19.81,60.44,-83.83,-150.28
52.419064,-1.538917,164.13,11.61,2,227.73,21 / 22,3163429,2019-09-06 19:08:50:111,-0.2698,0.2064,9.9414,0.0099,-0.0024,9.8066,-0.0014,-0.0876,-0.024,8.5,-34.5,19.63,61.35,-83.98,-151.25
52.419064,-1.538917,164.13,11.61,2,227.73,21 / 22,3163528,2019-09-06 19:08:50:210,0.1346,-1.2026,9.5094,0.0056,0.0066,9.8066,-0.0301,-0.0884,0.0089,7.81,-34.69,19.69,58.51,-84.07,-151.69
52.419064,-1.538917,164.13,11.61,2,227.73,21 / 22,3163629,2019-09-06 19:08:50:311,0.0219,-0.4465,9.3893,0.0075,0.0127,9.8066,-0.0952,-0.0764,0.0187,7.5,-35.31,19.94,58.51,-84.06,-151.71
52.419064,-1.538917,164.13,11.61,2,227.73,21 / 22,3163729,2019-09-06 19:08:50:411,-0.1478,-0.4571,9.1175,0.0033,0.0055,9.8066,-0.0021,-0.037,0.0164,8.5,-34.87,19.06,62.86,-84.22,-151.22
52.419064,-1.538917,164.13,11.61,2,227.73,21 / 22,3163828,2019-09-06 19:08:50:510,-0.9862,0.2451,9.9106,0.0152,0.025,9.8065,-0.0106,-0.0456,0.0133,8,-35,18.56,60.93,-84.36,-150.44
52.419064,-1.538917,164.13,11.61,2,227.73,21 / 22,3163929,2019-09-06 19:08:50:611,-1.0532,-0.0327,10.8425,0.0336,0.0362,9.8064,0.1217,-0.0659,-0.0145,8.19,-34.69,19.13,59.47,-84.5,-151.56
52.419064,-1.538917,164.13,11.61,2,227.73,21 / 22,3164028,2019-09-06 19:08:50:710,-0.9329,-3.0996,10.2198,0.0071,-0.0339,9.8065,0.1756,-0.0209,-0.058,8.19,-34.94,19.31,56.44,-84.38,-154.51
52.419064,-1.538917,164.13,11.61,2,227.73,21 / 22,3164129,2019-09-06 19:08:50:811,-1.8004,0.1704,10.3435,0.0225,0.0002,9.8065,-0.0433,0.075,-0.0977,8.13,-35.19,19.63,53.12,-84.59,-155.86
52.419064,-1.538917,164.13,11.61,2,227.73,21 / 22,3164228,2019-09-06 19:08:50:910,0.0228,0.1145,9.8124,-0.0012,-0.0446,9.8065,0.0874,-0.0232,-0.0228,8.69,-35.19,18.56,57.46,-84.73,-155.42
52.419064,-1.538917,164.13,11.61,2,227.73,21 / 22,3164329,2019-09-06 19:08:51:011,0.7877,-0.4001,10.0045,-0.0055,-0.0312,9.8066,-0.0908,0.0085,-0.0878,8.25,-34.81,19.06,51.34,-84.75,-158.59
52.41857,-1.539932,163.05,9.8,2,234.66,21 / 21,3164429,2019-09-06 19:08:51:111,-0.7552,-1.246,10.0156,0.0074,-0.0061,9.8066,-0.0705,-0.1007,0.035,8.44,-35.12,18.63,50.67,-84.75,-159.21
52.41857,-1.539932,163.05,9.8,2,234.66,21 / 21,3164528,2019-09-06 19:08:51:210,0.7074,-0.6886,9.4661,-0.0157,0.0049,9.8066,-0.0268,0.0566,-0.0321,8.44,-34.44,19.13,49.67,-84.7,-159.97
52.41857,-1.539932,163.05,9.8,2,234.66,21 / 21,3164629,2019-09-06 19:08:51:311,0.0276,-0.2814,9.4074,0.0054,0.0151,9.8066,0.111,-0.0011,-0.0172,8.69,-34.06,19.81,50.99,-84.68,-159.79
52.41857,-1.539932,163.05,9.8,2,234.66,21 / 21,3164728,2019-09-06 19:08:51:410,0.9821,0.3813,9.9308,0.0287,0.0186,9.8065,0.089,-0.1138,0.022,9.19,-34.62,19.31,52.33,-84.79,-160.02
52.41857,-1.539932,163.05,9.8,2,234.66,21 / 21,3164829,2019-09-06 19:08:51:511,-2.4776,-0.9189,9.3179,0.0108,-0.047,9.8065,-0.1159,-0.2546,0.1067,8.88,-34.5,19.38,53.86,-85.02,-158.12
52.41857,-1.539932,163.05,9.8,2,234.66,21 / 21,3164928,2019-09-06 19:08:51:610,-1.9418,1.1237,10.3322,-0.0166,-0.0263,9.8065,0.1197,0.0758,-0.0839,9.31,-34.62,18.75,50.24,-85.18,-161.39
52.41857,-1.539932,163.05,9.8,2,234.66,21 / 21,3165029,2019-09-06 19:08:51:711,0.7693,-0.9469,10.1378,0.0094,-0.0036,9.8066,-0.0349,0.1794,-0.0105,9.75,-34.87,18.88,48.26,-85.47,-165.11
52.41857,-1.539932,163.05,9.8,2,234.66,21 / 21,3165128,2019-09-06 19:08:51:810,-0.5889,-0.1797,10.9749,0.0097,-0.011,9.8066,0.0304,-0.0773,0.0739,9.88,-34.31,18.31,46.45,-85.56,-168.01
52.41857,-1.539932,163.05,9.8,2,234.66,21 / 21,3165228,2019-09-06 19:08:51:910,-0.3739,-2.4106,9.7798,-0.0355,-0.0475,9.8064,-0.1769,-0.095,-0.0772,9,-34.75,18.75,45.19,-85.23,-165.9
52.41857,-1.539932,163.05,9.8,2,234.66,21 / 21,3165329,2019-09-06 19:08:52:011,2.3847,-2.2554,9.1866,0.0041,-0.0291,9.8065,-0.0078,0.045,0.1033,9.25,-34.5,18.63,44.87,-85.42,-165.8
52.41857,-1.539932,163.05,9.8,2,234.66,21 / 21,3165428,2019-09-06 19:08:52:110,-1.5887,0.742,9.5768,-0.0195,0.0539,9.8064,-0.0413,0.1945,0.0221,8.81,-34.94,18.44,51.34,-85.5,-161.43
52.41857,-1.539932,163.05,9.8,2,234.66,21 / 21,3165528,2019-09-06 19:08:52:210,0.8285,0.1501,8.9202,-0.0141,-0.0048,9.8066,-0.0149,-0.0022,0.0143,8.5,-34.69,18.69,55.4,-85.63,-156.03
52.41857,-1.539932,163.05,9.8,2,234.66,21 / 21,3165628,2019-09-06 19:08:52:310,-0.4474,0.6154,10.6086,0.0088,0.0264,9.8066,0.0107,-0.0709,0.1061,8.69,-34.94,18.19,59.93,-85.61,-153.34
52.41857,-1.539932,163.05,9.8,2,234.66,21 / 21,3165729,2019-09-06 19:08:52:411,0.4992,-0.0252,10.7718,0.0052,0.0174,9.8065,-0.0399,0.0186,0.0441,8.94,-34.75,18.56,59.86,-85.56,-151.98
52.41857,-1.539932,163.05,9.8,2,234.66,21 / 21,3165829,2019-09-06 19:08:52:511,-0.2629,-0.3113,10.4431,-0.0218,-0.0206,9.8066,0.0317,0.0331,-0.0468,8.75,-34.37,18.88,57.96,-85.41,-153.78
52.41857,-1.539932,163.05,9.8,2,234.66,21 / 21,3165929,2019-09-06 19:08:52:611,0.7301,-0.2873,9.8147,-0.0001,-0.0094,9.8065,-0.0302,0.0063,-0.0186,9.06,-34.44,18.31,59.06,-85.37,-154.33
52.41857,-1.539932,163.05,9.8,2,234.66,21 / 21,3166028,2019-09-06 19:08:52:710,-0.0263,-0.4027,9.8384,-0.0122,-0.0005,9.8066,-0.0218,0.0151,0.0131,8.75,-34.44,18.19,59.46,-85.45,-153.84
52.41857,-1.539932,163.05,9.8,2,234.66,21 / 21,3166129,2019-09-06 19:08:52:811,1.039,0.423,9.4797,-0.0065,-0.0091,9.8066,-0.097,0.0218,0.0166,8.56,-34.69,18.19,61.37,-85.48,-152.19
52.41857,-1.539932,163.05,9.8,2,234.66,21 / 21,3166229,2019-09-06 19:08:52:911,0.8523,0.3417,9.6016,0.0187,0.0467,9.8065,0.0699,-0.0143,0.009,8.69,-35,17.94,64.61,-85.72,-148.76
52.41857,-1.539932,163.05,9.8,2,234.66,21 / 21,3166329,2019-09-06 19:08:53:011,0.9366,0.0244,9.5773,0.0102,0.0256,9.8065,-0.0128,0.0564,0.0273,8.5,-34.12,17.88,64.89,-85.63,-148.44
52.41857,-1.539932,163.05,9.8,2,234.66,21 / 21,3166429,2019-09-06 19:08:53:111,1.7551,0.4016,9.7693,-0.0185,0.0038,9.8065,0.0126,0.0281,-0.0449,8,-34.19,18.13,63.96,-85.56,-146.99
52.41857,-1.539932,163.05,9.8,2,234.66,21 / 21,3166528,2019-09-06 19:08:53:210,-0.3017,0.7385,10.6348,0.0076,0.0115,9.8066,0.0482,-0.0825,0.0176,8.06,-33.31,18.19,65.34,-85.59,-145.43
52.41857,-1.539932,163.05,9.8,2,234.66,21 / 21,3166629,2019-09-06 19:08:53:311,0.4205,-0.0145,9.7871,-0.0136,-0.0222,9.8065,-0.0706,0.0677,0.0036,7.94,-33.62,18.06,66.53,-85.63,-144.44
52.41857,-1.539932,163.05,9.8,2,234.66,21 / 21,3166729,2019-09-06 19:08:53:411,-0.0081,0.1924,9.6989,-0.0164,-0.0123,9.8066,0.0341,0.0308,-0.0026,8,-32.75,18.63,64.34,-85.53,-145.03
52.41857,-1.539932,163.05,9.8,2,234.66,21 / 21,3166828,2019-09-06 19:08:53:510,0.8612,0.6366,9.5874,0.0118,0.0235,9.8066,0.0848,-0.068,0.0163,8.56,-33.31,18.69,69.42,-85.64,-142.42
52.41857,-1.539932,163.05,9.8,2,234.66,21 / 21,3166929,2019-09-06 19:08:53:611,-1.338,-0.4895,9.6681,0.0211,0.0247,9.8065,-0.1567,0.0786,-0.066,8.69,-34.75,18,72.2,-85.76,-141.46
52.41857,-1.539932,163.05,9.8,2,234.66,21 / 21,3167028,2019-09-06 19:08:53:710,3.4999,-1.3532,10.649,0.0415,0.0063,9.8065,0.2725,0.0306,-0.0466,8.38,-35.06,17.94,66.56,-86.2,-143.66
52.41857,-1.539932,163.05,9.8,2,234.66,21 / 21,3167129,2019-09-06 19:08:53:811,0.2775,0.5279,8.9013,0.0146,-0.0016,9.8066,0.0157,-0.0284,-0.0798,7.75,-34.87,18.19,65.27,-86.17,-144.94
52.41857,-1.539932,163.05,9.8,2,234.66,21 / 21,3167229,2019-09-06 19:08:53:911,1.4349,1.5648,10.2359,0.0019,-0.0648,9.8064,-0.431,0.0772,-0.075,7.75,-35.31,17.75,64.76,-86.53,-144.83
52.41857,-1.539932,163.05,9.8,2,234.66,21 / 21,3167328,2019-09-06 19:08:54:010,1.0234,1.2439,9.5274,-0.0556,-0.0363,9.8063,-0.2673,0.0194,0.0716,8.5,-35.37,17.5,63.47,-86.7,-148.28
52.41857,-1.539932,163.05,9.8,2,234.66,22 / 22,3167429,2019-09-06 19:08:54:111,0.2005,-0.4811,10.3015,-0.0366,-0.0532,9.8064,0.0868,-0.0055,0.071,8.75,-34.94,16.94,65.84,-86.83,-147.36
52.41857,-1.539932,163.05,9.8,2,234.66,22 / 22,3167528,2019-09-06 19:08:54:210,-1.2363,1.0692,9.0315,-0.0365,-0.0203,9.8065,-0.1378,-0.0058,-0.0512,8.81,-34.81,16.81,71.94,-87.01,-141.16
52.41857,-1.539932,163.05,9.8,2,234.66,22 / 22,3167629,2019-09-06 19:08:54:311,1.5876,1.8934,10.95,0.0194,0.0408,9.8065,-0.0483,0.0287,0.0197,7.69,-33.81,17,78.45,-87,-132.09
52.41857,-1.539932,163.05,9.8,2,234.66,22 / 22,3167728,2019-09-06 19:08:54:410,0.5103,1.6118,10.0052,0.0273,0.0654,9.8064,0.2175,0.1282,-0.0537,6.88,-34.37,16.88,79.46,-87.03,-128.34
52.41857,-1.539932,163.05,9.8,2,234.66,22 / 22,3167828,2019-09-06 19:08:54:510,1.1817,0.3197,10.2411,0.0066,-0.0676,9.8063,0.319,0.0093,-0.0871,7,-33.81,16.25,80.84,-87.21,-128.18
52.41857,-1.539932,163.05,9.8,2,234.66,22 / 22,3167928,2019-09-06 19:08:54:610,-0.3569,2.2575,9.8867,0.0333,0.0239,9.8066,-0.2103,-0.0871,0.0074,5.56,-33.94,16.31,70.5,-87.55,-134.67
52.41857,-1.539932,163.05,9.8,2,234.66,22 / 22,3168028,2019-09-06 19:08:54:710,0.5896,0.6034,10.2126,-0.0026,-0.0633,9.8064,-0.0828,0.0627,-0.1423,5.25,-33,17.44,56.91,-87.79,-142.96
52.41857,-1.539932,163.05,9.8,2,234.66,22 / 22,3168128,2019-09-06 19:08:54:810,2.2372,1.802,9.6279,-0.022,-0.0539,9.8064,0.0192,0.0392,0.0806,6.88,-33.25,18,57.57,-87.66,-147.08
52.41857,-1.539932,163.05,9.8,2,234.66,22 / 22,3168229,2019-09-06 19:08:54:911,2.4948,1.7344,9.9134,0.0149,0.014,9.8066,-0.0145,0.0952,-0.0506,7.06,-34.44,17.5,55.13,-87.68,-149.49
52.41857,-1.539932,163.05,9.8,2,234.66,22 / 22,3168329,2019-09-06 19:08:55:011,1.3229,0.8162,10.3193,0.0045,0.0435,9.8065,0.045,0.0045,0.0021,5.81,-34.44,18.25,53.87,-87.58,-148.09
52.41857,-1.539932,163.05,9.8,2,234.66,22 / 22,3168430,2019-09-06 19:08:55:112,2.2491,0.4032,10.2244,-0.0201,-0.0348,9.8065,-0.1694,-0.034,0.0808,6.31,-34,17.94,59.69,-87.58,-142.52
52.41857,-1.539932,163.05,9.8,2,234.66,22 / 22,3168528,2019-09-06 19:08:55:210,-0.9179,0.4017,9.0962,-0.0157,-0.0409,9.8065,-0.3542,-0.0105,0.0733,6.38,-34.56,18.19,60.09,-87.34,-142.63
52.41857,-1.539932,163.05,9.8,2,234.66,22 / 22,3168629,2019-09-06 19:08:55:311,1.5932,0.2027,8.6397,0.0245,0.0516,9.8065,-0.2841,0.1463,-0.0034,6.31,-33.87,19.25,61.86,-87.73,-139.11
52.41857,-1.539932,163.05,9.8,2,234.66,22 / 22,3168729,2019-09-06 19:08:55:411,3.1331,0.5831,10.6084,-0.0053,0.0154,9.8065,0.2161,0.2389,-0.1018,7.69,-33.25,20.13,65.85,-87.66,-139.24
52.41857,-1.539932,163.05,9.8,2,234.66,22 / 22,3168829,2019-09-06 19:08:55:511,1.3211,-0.5975,9.6246,0.0312,0.0264,9.8065,0.0785,0.0921,0.0144,9.63,-32.69,20.06,68.83,-87.83,-140.73
52.41857,-1.539932,163.05,9.8,2,234.66,22 / 22,3168928,2019-09-06 19:08:55:610,1.3793,-1.8227,10.0068,0.0069,0.0218,9.8065,0.0828,0.0273,-0.0071,10.06,-33.94,17.75,69.41,-87.66,-143.28
52.41857,-1.539932,163.05,9.8,2,234.66,22 / 22,3169028,2019-09-06 19:08:55:710,0.5888,-0.0484,9.4915,-0.0465,-0.039,9.8065,0.0811,0.0442,0.0395,9.75,-34.5,18.06,69.59,-87.69,-143.05
52.41857,-1.539932,163.05,9.8,2,234.66,22 / 22,3169128,2019-09-06 19:08:55:810,1.3629,0.3385,10.2183,-0.0165,-0.0291,9.8065,-0.1155,0.1159,0.0119,8.63,-34.94,17.44,69.6,-87.49,-142.59
52.41857,-1.539932,163.05,9.8,2,234.66,22 / 22,3169229,2019-09-06 19:08:55:911,1.4848,-0.1274,10.1863,-0.005,0.0223,9.8066,-0.0543,0.0875,0.0222,8.56,-34.94,18.63,75.19,-87.7,-133.88
52.41857,-1.539932,163.05,9.8,2,234.66,22 / 22,3169328,2019-09-06 19:08:56:010,2.0488,-0.0718,9.922,-0.0407,-0.0267,9.8065,0.1796,0.0514,0.0323,8,-35.69,18.25,74.86,-87.31,-133.88
52.41857,-1.539932,163.05,9.8,2,234.66,21 / 22,3169429,2019-09-06 19:08:56:111,0.0505,0.1771,9.1173,-0.0204,0.0713,9.8063,0.0462,-0.012,0.1523,7.38,-35.87,19.19,81.24,-87.03,-124.23
52.41857,-1.539932,163.05,9.8,2,234.66,21 / 22,3169528,2019-09-06 19:08:56:210,-1.6046,-0.9069,10.3904,-0.0016,0.1033,9.806,0.1079,0.0465,0.1342,6.13,-35.44,19.75,87.26,-86.65,-115.07
52.41857,-1.539932,163.05,9.8,2,234.66,21 / 22,3169629,2019-09-06 19:08:56:311,-0.3129,-0.2853,9.5731,-0.0263,-0.053,9.8064,0.1424,0.0639,-0.0127,6.31,-36.12,19.38,96.6,-86.47,-107.26
52.41857,-1.539932,163.05,9.8,2,234.66,21 / 22,3169729,2019-09-06 19:08:56:411,0.0799,-0.0344,10.1644,-0.0541,-0.0583,9.8062,-0.1489,-0.0305,0.0576,5.94,-35.56,19.13,96.31,-86.09,-108.26
52.41857,-1.539932,163.05,9.8,2,234.66,21 / 22,3169828,2019-09-06 19:08:56:510,0.6883,0.161,9.2513,0.0234,0.0308,9.8065,-0.1743,0.0531,-0.0313,5.81,-35.06,19.19,98.35,-86.09,-105.98
52.41857,-1.539932,163.05,9.8,2,234.66,21 / 22,3169929,2019-09-06 19:08:56:611,0.4623,-0.661,9.6686,-0.0407,-0.0133,9.8065,-0.1402,0.0397,-0.0512,5.25,-35.44,19.06,93.5,-85.74,-108.85
52.41857,-1.539932,163.05,9.8,2,234.66,21 / 22,3170028,2019-09-06 19:08:56:710,-1.3637,2.8756,10.2555,-0.0061,0.0483,9.8064,-0.1055,-0.2188,0.1192,5.19,-35.19,18.75,98.84,-85.45,-103.93
52.41857,-1.539932,163.05,9.8,2,234.66,21 / 22,3170129,2019-09-06 19:08:56:811,-3.2698,0.4381,11.6272,-0.0178,0.0115,9.8066,0.1928,-0.2002,0.1143,4.69,-35.94,19.13,102.99,-85.14,-100.43
52.41857,-1.539932,163.05,9.8,2,234.66,21 / 22,3170229,2019-09-06 19:08:56:911,0.1062,-0.2179,9.4742,0.001,0.0502,9.8064,0.1664,0.0137,-0.0679,4.38,-35.25,18.06,103.75,-84.98,-98.04
52.41857,-1.539932,163.05,9.8,2,234.66,21 / 22,3170328,2019-09-06 19:08:57:010,0.0388,-0.7041,9.7613,-0.0172,-0.0346,9.8065,-0.1155,-0.2244,0.0687,3.81,-35.19,17.13,101.77,-84.86,-101.59
52.41857,-1.539932,163.05,9.8,2,234.66,20 / 20,3170428,2019-09-06 19:08:57:110,-0.775,-0.0555,9.9248,-0.0133,0.0023,9.8066,-0.1579,-0.1514,0.014,4.81,-34.37,16.31,105.94,-84.75,-101.68
52.41857,-1.539932,163.05,9.8,2,234.66,20 / 20,3170529,2019-09-06 19:08:57:211,-0.6689,0.6266,9.6239,0.0195,-0.0071,9.8065,0.0697,-0.0781,-0.0367,7.81,-35,15.63,113.45,-84.92,-102.21
52.41857,-1.539932,163.05,9.8,2,234.66,20 / 20,3170628,2019-09-06 19:08:57:310,-0.6109,0.5722,9.8516,0.0142,0.0133,9.8066,-0.0068,-0.1708,-0.015,7.94,-35.56,17.63,110.04,-85.02,-102.46
52.41857,-1.539932,163.05,9.8,2,234.66,20 / 20,3170728,2019-09-06 19:08:57:410,-0.5317,-0.0261,10.025,0.0078,0.0115,9.8066,0.0626,-0.0986,-0.0116,6.38,-35.31,18,104.94,-85.05,-102.32
52.41857,-1.539932,163.05,9.8,2,234.66,20 / 20,3170828,2019-09-06 19:08:57:510,-0.7453,-0.1512,10.1248,-0.0144,-0.0089,9.8066,0.0467,-0.0886,0.0688,6.25,-36,17.75,105.18,-84.89,-102.62
52.41857,-1.539932,163.05,9.8,2,234.66,20 / 20,3170929,2019-09-06 19:08:57:611,-0.4932,0.338,9.4116,-0.0002,-0.0131,9.8065,-0.0238,-0.0735,0.0022,5.63,-35.81,16.94,105.9,-84.85,-103.44
52.41857,-1.539932,163.05,9.8,2,234.66,20 / 20,3171028,2019-09-06 19:08:57:710,-0.7186,0.9596,9.2216,0.0142,0.0168,9.8066,-0.0843,-0.1246,0.0096,6,-36.06,16.63,106.75,-84.85,-102.55
52.41857,-1.539932,163.05,9.8,2,234.66,20 / 20,3171129,2019-09-06 19:08:57:811,-0.7308,0.0105,9.9394,-0.0042,-0.0082,9.8066,-0.0371,-0.0579,-0.0008,6.38,-35.81,16.75,105.8,-84.88,-103.49
52.41857,-1.539932,163.05,9.8,2,234.66,20 / 20,3171229,2019-09-06 19:08:57:911,0.7164,-0.0953,9.9581,0.0144,0.0038,9.8066,0.0921,-0.0787,-0.0116,6.44,-35.25,16.69,104.97,-84.98,-103.89
52.41857,-1.539932,163.05,9.8,2,234.66,20 / 20,3171328,2019-09-06 19:08:58:010,-0.8409,0.485,10.2607,-0.0164,-0.0094,9.8066,0.1008,-0.0759,-0.0178,6.5,-36.06,16.5,106.38,-84.92,-105.55
52.41857,-1.539932,163.05,9.8,2,234.66,21 / 21,3171429,2019-09-06 19:08:58:111,-1.1879,-0.268,9.3498,0.0128,-0.0095,9.8065,0.0352,0.0733,-0.0907,6.56,-35.44,16.19,106.84,-84.94,-106.5
52.41857,-1.539932,163.05,9.8,2,234.66,21 / 21,3171529,2019-09-06 19:08:58:211,-2.2476,0.3456,10.1885,-0.0035,0.016,9.8066,0.1026,-0.1191,0.036,6.56,-35.56,15.88,106.74,-85.02,-106.73
52.41857,-1.539932,163.05,9.8,2,234.66,21 / 21,3171628,2019-09-06 19:08:58:310,-0.1791,-0.3646,10.4562,-0.0347,-0.019,9.8066,0.0723,-0.066,0.0602,6.88,-35.5,15.94,104.54,-85.08,-108.65
52.41857,-1.539932,163.05,9.8,2,234.66,21 / 21,3171728,2019-09-06 19:08:58:410,0.425,0.1363,9.3782,0.0232,-0.0147,9.8065,-0.0077,0.0131,-0.0931,7.25,-35.87,15.38,105.99,-85.29,-108.9
52.41857,-1.539932,163.05,9.8,2,234.66,21 / 21,3171830,2019-09-06 19:08:58:512,-0.1397,0.5335,9.9951,0.013,0.0041,9.8066,0.026,-0.0025,-0.0144,8.06,-35.62,15.63,105.6,-85.49,-109.72
52.41857,-1.539932,163.05,9.8,2,234.66,21 / 21,3171928,2019-09-06 19:08:58:610,-0.8798,-0.3441,9.4974,0.0141,0.0138,9.8066,0.0021,-0.0444,-0.0108,7.88,-35.44,16.81,103.41,-85.52,-109.9
52.41857,-1.539932,163.05,9.8,2,234.66,21 / 21,3172029,2019-09-06 19:08:58:711,0.0527,-1.1419,9.9998,-0.0063,-0.0166,9.8066,-0.0486,0.0207,-0.0718,7.69,-35.69,16.06,106.74,-85.72,-108.07
52.41857,-1.539932,163.05,9.8,2,234.66,21 / 21,3172129,2019-09-06 19:08:58:811,0.527,-0.203,8.8477,-0.0195,-0.0127,9.8066,-0.0672,-0.0273,0.0522,7.19,-36.19,16.69,102.27,-85.64,-108.46
52.41857,-1.539932,163.05,9.8,2,234.66,21 / 21,3172229,2019-09-06 19:08:58:911,0.1861,0.3954,10.3237,0.0344,0.0303,9.8065,-0.0408,0.0325,-0.0586,7.19,-35.31,16.63,103.33,-85.79,-106.85
52.41857,-1.539932,163.05,9.8,2,234.66,21 / 21,3172329,2019-09-06 19:08:59:011,1.6062,-1.2437,8.7226,0.0243,-0.0154,9.8065,0.069,0.013,0.0252,7.25,-35.44,16.38,99.76,-85.94,-111.9
52.41857,-1.539932,163.05,9.8,2,234.66,21 / 21,3172429,2019-09-06 19:08:59:111,-0.5729,-0.4863,10.7,0.0036,0.0286,9.8066,-0.0328,-0.0554,0.0573,7.13,-35.44,16.81,95.07,-85.72,-115.47
52.41857,-1.539932,163.05,9.8,2,234.66,21 / 21,3172529,2019-09-06 19:08:59:211,0.4708,-0.2334,9.274,0.0318,-0.0178,9.8065,-0.0014,-0.0147,-0.0543,7.44,-35.44,16.38,91.24,-85.81,-120.82
52.41857,-1.539932,163.05,9.8,2,234.66,21 / 21,3172628,2019-09-06 19:08:59:310,0.6949,1.0482,9.7658,0.0202,-0.0322,9.8065,-0.1389,-0.0016,-0.0718,7.81,-35.37,16.38,87.67,-86.18,-126.39
52.41857,-1.539932,163.05,9.8,2,234.66,21 / 21,3172729,2019-09-06 19:08:59:411,-0.4099,-1.2579,8.5068,0.0221,-0.004,9.8065,0.1399,-0.0146,-0.0821,8.44,-35.12,16.63,79.89,-86.53,-131.71
52.41857,-1.539932,163.05,9.8,2,234.66,21 / 21,3172829,2019-09-06 19:08:59:511,-0.0517,-2.2943,9.6344,0.004,-0.0062,9.8066,-0.2199,-0.1184,0.0608,9.06,-35.31,16.38,81.72,-86.97,-133.37
52.41857,-1.539932,163.05,9.8,2,234.66,21 / 21,3172928,2019-09-06 19:08:59:610,-0.7323,1.5053,9.4694,0.0395,0.0023,9.8065,-0.2509,0.0772,-0.1294,8.44,-35.31,16.31,81.14,-87.37,-130.53
52.41857,-1.539932,163.05,9.8,2,234.66,21 / 21,3173029,2019-09-06 19:08:59:711,0.3505,-1.3797,10.2532,0.0164,0.0159,9.8066,0.0111,-0.0096,0.0659,8.88,-34.87,16.44,90.74,-87.72,-122.98
52.41857,-1.539932,163.05,9.8,2,234.66,21 / 21,3173129,2019-09-06 19:08:59:811,-0.1081,-0.8896,9.7606,0.0005,0.0033,9.8066,0.0285,0.0669,0.016,8.69,-35.81,16.06,93.51,-87.71,-120.34
52.41857,-1.539932,163.05,9.8,2,234.66,21 / 21,3173229,2019-09-06 19:08:59:911,-0.5982,-1.0462,9.3482,0.0068,0.0095,9.8066,-0.0139,-0.0393,0.0231,8.75,-35.56,16.56,90.72,-87.51,-121.85
52.41857,-1.539932,163.05,9.8,2,234.66,21 / 21,3173328,2019-09-06 19:09:00:010,-1.4359,0.1101,10.3241,0.0089,0.0052,9.8066,-0.0071,0.0387,-0.146,9.13,-35.12,16.63,92.07,-87.56,-120.26
52.41804,-1.541084,160.99,12.02,2,235.35,21 / 21,3173429,2019-09-06 19:09:00:111,0.423,-1.8387,9.7058,0.0171,0.034,9.8065,0.1531,-0.0838,0.0457,9.13,-36,16.25,99.09,-87.74,-114.63
52.41804,-1.541084,160.99,12.02,2,235.35,21 / 21,3173529,2019-09-06 19:09:00:211,1.3048,0.5414,9.9477,0.0001,-0.0055,9.8066,-0.1314,-0.0006,-0.0414,8.5,-35.94,15.69,98.7,-87.85,-114.82
52.41804,-1.541084,160.99,12.02,2,235.35,21 / 21,3173628,2019-09-06 19:09:00:310,0.9236,-0.4463,9.5231,0.0046,-0.0087,9.8066,-0.0734,0.0593,-0.0172,8.69,-35.25,15.94,96.29,-87.99,-116.88
52.41804,-1.541084,160.99,12.02,2,235.35,21 / 21,3173728,2019-09-06 19:09:00:410,-0.373,-0.38,9.4966,0.0138,0.0299,9.8065,0.1732,0.0029,0.0014,8.81,-35.87,15.94,90.72,-87.9,-122.76
52.41804,-1.541084,160.99,12.02,2,235.35,21 / 21,3173829,2019-09-06 19:09:00:511,1.2318,2.1748,11.2185,0.0359,0.0798,9.8062,0.6166,0.0581,0.0055,7.81,-36,16.63,93.64,-87.98,-115.43
52.41804,-1.541084,160.99,12.02,2,235.35,21 / 21,3173929,2019-09-06 19:09:00:611,1.5562,-1.8827,11.3755,0.0209,0.0605,9.8064,0.1812,0.1022,-0.0111,7.81,-35.81,16.56,94.58,-87.75,-114.92
52.41804,-1.541084,160.99,12.02,2,235.35,21 / 21,3174028,2019-09-06 19:09:00:710,-1.3812,-1.4825,11.6625,0.0586,0.1359,9.8054,0.4901,-0.0599,0.0641,8,-36,16.13,97.92,-87.69,-113.25
52.41804,-1.541084,160.99,12.02,2,235.35,21 / 21,3174128,2019-09-06 19:09:00:810,-0.3852,-1.1708,10.1643,-0.0233,0.0019,9.8065,0.2817,0.004,0.064,7.19,-36.56,17,92.71,-87.29,-115.13
52.41804,-1.541084,160.99,12.02,2,235.35,21 / 21,3174229,2019-09-06 19:09:00:911,3.1059,-1.3995,9.5286,0.025,0.0542,9.8064,0.0481,0.2206,-0.0617,7.31,-36.12,16.5,95.83,-87.41,-111.6
52.41804,-1.541084,160.99,12.02,2,235.35,21 / 21,3174329,2019-09-06 19:09:01:011,-0.5736,1.1043,11.205,-0.0408,-0.0541,9.8064,0.1755,-0.1206,0.0642,6.94,-36.12,15.88,103.18,-87.3,-105.88
52.41804,-1.541084,160.99,12.02,2,235.35,21 / 21,3174429,2019-09-06 19:09:01:111,1.4032,-2.88,8.5174,0.0397,-0.0164,9.8065,0.0087,0.0301,-0.1748,8.06,-35.75,16.81,95.61,-87.67,-114.04
52.41804,-1.541084,160.99,12.02,2,235.35,21 / 21,3174529,2019-09-06 19:09:01:211,0.3905,0.3165,9.2769,0.0262,-0.0187,9.8065,-0.024,0.12,-0.0714,8.5,-35,16.81,91.2,-88.23,-119.93
52.41804,-1.541084,160.99,12.02,2,235.35,21 / 21,3174628,2019-09-06 19:09:01:310,0.6616,1.3126,8.9624,0.0287,0.0554,9.8064,-0.1477,0.0465,0.092,8.31,-35.75,17.13,90.44,-88.38,-117.87
52.41804,-1.541084,160.99,12.02,2,235.35,21 / 21,3174729,2019-09-06 19:09:01:411,2.1557,-2.8861,9.8183,0.0474,0.0429,9.8064,0.2616,0.1739,-0.1064,7.94,-35.19,17.31,106.64,-88.89,-100.53
52.41804,-1.541084,160.99,12.02,2,235.35,21 / 21,3174829,2019-09-06 19:09:01:511,1.2056,-0.828,10.2398,-0.0084,-0.0017,9.8066,-0.0003,0.0615,0.0562,7.81,-34.81,17.06,95.52,-89.09,-111.36
52.41804,-1.541084,160.99,12.02,2,235.35,21 / 21,3174929,2019-09-06 19:09:01:611,1.24,1.5461,11.0948,-0.0233,0.0084,9.8065,0.2351,0.2247,-0.041,7.88,-34.94,17.19,93.64,-88.79,-113.81
52.41804,-1.541084,160.99,12.02,2,235.35,21 / 21,3175029,2019-09-06 19:09:01:711,1.3707,0.1771,11.3568,-0.0313,-0.0608,9.8063,0.0205,0.0852,0.0086,8,-34.19,18.25,70.61,-88.48,-135.84
52.41804,-1.541084,160.99,12.02,2,235.35,21 / 21,3175128,2019-09-06 19:09:01:810,0.9755,1.5886,9.9766,-0.0072,-0.0364,9.8065,-0.0175,0.2346,-0.0335,8.38,-33.37,17.44,66.38,-88.41,-141.39
52.41804,-1.541084,160.99,12.02,2,235.35,21 / 21,3175229,2019-09-06 19:09:01:911,2.0833,2.1927,9.3394,0.0238,0.0376,9.8065,-0.0564,0.1124,0.0854,7.13,-33.37,16.31,68.37,-88.24,-138.36
52.41804,-1.541084,160.99,12.02,2,235.35,21 / 21,3175329,2019-09-06 19:09:02:011,3.2996,-0.3736,9.338,0.0673,0.083,9.806,-0.0066,0.1822,-0.2404,5.25,-33.75,18.38,67.03,-88.93,-130.29
52.41804,-1.541084,160.99,12.02,2,235.35,21 / 22,3175428,2019-09-06 19:09:02:110,1.8166,1.0868,9.0909,0.0297,0.0054,9.8066,-0.1179,0.0517,0.0859,6.94,-33.12,19.25,56.51,-89.1,-144.94
52.41804,-1.541084,160.99,12.02,2,235.35,21 / 22,3175528,2019-09-06 19:09:02:210,1.1153,2.0876,9.4992,0.0272,0.0336,9.8065,0.1995,0.2114,-0.1537,7.94,-33.94,19,46.56,-89.35,-157.05
52.41804,-1.541084,160.99,12.02,2,235.35,21 / 22,3175628,2019-09-06 19:09:02:310,2.9121,0.3135,10.4432,-0.032,-0.0351,9.8065,0.1069,0.1195,0.0239,6.88,-33.87,19.75,53.18,-89.09,-147.29
52.41804,-1.541084,160.99,12.02,2,235.35,21 / 22,3175729,2019-09-06 19:09:02:411,2.0961,0.4652,10.2185,-0.0095,-0.0339,9.8066,-0.3031,0.0272,0.0595,6.19,-33.56,18.88,53.64,-89.05,-145.2
52.41804,-1.541084,160.99,12.02,2,235.35,21 / 22,3175829,2019-09-06 19:09:02:511,-0.5604,1.4772,8.9401,-0.0589,0.0059,9.8064,-0.0963,0.0823,0.2158,5.69,-34.06,20.5,65.31,-88.82,-132.31
52.41804,-1.541084,160.99,12.02,2,235.35,21 / 22,3175931,2019-09-06 19:09:02:613,2.7874,1.6176,12.3,0.0017,0.0175,9.8066,0.138,0.1325,-0.0678,6.06,-33,21.31,69.93,-88.34,-128.38
52.41804,-1.541084,160.99,12.02,2,235.35,21 / 22,3176030,2019-09-06 19:09:02:712,1.1112,-0.2417,10.2966,-0.0033,0.0132,9.8066,0.2737,0.0912,0.1113,6.81,-33.19,20.63,75.92,-88.03,-125.38
52.41804,-1.541084,160.99,12.02,2,235.35,21 / 22,3176129,2019-09-06 19:09:02:811,0.8435,0.7631,10.6501,0.0206,0.0458,9.8065,-0.0022,0.042,0.0077,6.63,-34.06,20.63,78.98,-88.06,-122.39
52.41804,-1.541084,160.99,12.02,2,235.35,21 / 22,3176229,2019-09-06 19:09:02:911,0.2489,-0.3263,8.4947,-0.0059,-0.0062,9.8066,-0.1005,0.0317,-0.0561,6.06,-34.75,19.44,80.97,-87.94,-120.13
52.41804,-1.541084,160.99,12.02,2,235.35,21 / 22,3176328,2019-09-06 19:09:03:010,2.544,2.7625,10.2497,-0.0412,-0.0534,9.8064,0.0116,0.1033,0.0889,5.56,-35.19,19.94,80.1,-87.65,-120.49
52.41804,-1.541084,160.99,12.02,2,235.35,22 / 22,3176429,2019-09-06 19:09:03:111,1.8463,0.4277,10.4978,0.0052,0.0409,9.8065,0.2177,-0.0197,0.0822,5.56,-34.94,19.63,84.35,-87.74,-116.13
52.41804,-1.541084,160.99,12.02,2,235.35,22 / 22,3176528,2019-09-06 19:09:03:210,1.2957,-0.4048,11.0169,0.0106,0.0629,9.8064,0.0476,0.0982,-0.0152,4.75,-35.44,20.13,87.94,-87.68,-110.04
52.41804,-1.541084,160.99,12.02,2,235.35,22 / 22,3176629,2019-09-06 19:09:03:311,-1.2796,-0.613,9.8977,-0.0173,-0.0409,9.8065,0.2064,-0.0399,0.0687,4.88,-35.5,20.69,82.13,-87.15,-115.85
52.41804,-1.541084,160.99,12.02,2,235.35,22 / 22,3176728,2019-09-06 19:09:03:410,1.9948,-0.2576,9.7053,-0.019,-0.0455,9.8065,-0.0123,-0.0582,0.0674,4.63,-35.37,20.38,80.49,-87.1,-118.42
52.41804,-1.541084,160.99,12.02,2,235.35,22 / 22,3176828,2019-09-06 19:09:03:510,0.6356,-0.4856,10.5355,-0.0176,0.0233,9.8066,0.0905,0.0099,0.0782,4.5,-35.75,20.81,81.71,-86.92,-116.8
52.41804,-1.541084,160.99,12.02,2,235.35,22 / 22,3176928,2019-09-06 19:09:03:610,0.8225,0.2306,9.0188,0.0194,0.0325,9.8065,0.0588,0.1247,-0.0297,3.94,-35.44,21.06,77.92,-86.87,-117.9
52.41804,-1.541084,160.99,12.02,2,235.35,22 / 22,3177029,2019-09-06 19:09:03:711,0.0564,-1.2151,8.9482,0.0102,0.0276,9.8066,-0.1071,-0.0029,0.0247,4.19,-35.5,20.75,79.92,-86.85,-115.97
52.41804,-1.541084,160.99,12.02,2,235.35,22 / 22,3177128,2019-09-06 19:09:03:810,0.0229,-0.5204,9.7421,0.0016,0.0218,9.8066,-0.0374,0.0424,-0.0049,4.56,-35.5,20.69,88.39,-86.9,-110.04
52.41804,-1.541084,160.99,12.02,2,235.35,22 / 22,3177229,2019-09-06 19:09:03:911,0.5266,1.4766,9.6256,0.0204,0.001,9.8066,-0.1012,-0.0203,-0.0147,3.88,-34.37,20.38,89.53,-87.11,-106.61
52.41804,-1.541084,160.99,12.02,2,235.35,22 / 22,3177328,2019-09-06 19:09:04:010,2.0593,-0.0836,9.1372,0.0052,0.0117,9.8066,0.1609,0.0195,-0.0098,4.75,-34.25,20.5,91.84,-87.27,-105.85
52.41804,-1.541084,160.99,12.02,2,235.35,21 / 22,3177429,2019-09-06 19:09:04:111,1.1456,-0.1093,9.4074,0.0121,-0.0581,9.8064,0.2359,-0.0813,-0.0029,4.5,-32.87,19.94,86.93,-87.34,-111.37
52.41804,-1.541084,160.99,12.02,2,235.35,21 / 22,3177529,2019-09-06 19:09:04:211,0.4806,0.0107,10.462,-0.0129,-0.0272,9.8065,-0.3359,0.0558,0.0318,4.25,-32.06,17.69,91.1,-87.51,-105.75
52.41804,-1.541084,160.99,12.02,2,235.35,21 / 22,3177628,2019-09-06 19:09:04:310,2.2562,1.5846,11.0529,-0.0109,-0.0294,9.8065,-0.129,0.1944,0.0606,1.75,-30.56,17.13,91.65,-87.63,-99.36
52.41804,-1.541084,160.99,12.02,2,235.35,21 / 22,3177729,2019-09-06 19:09:04:411,1.4689,-1.345,9.7456,0.0191,-0.053,9.8064,0.0936,0.0992,-0.0398,-0.87,-30.75,21.13,64.85,-87.54,-115.74
52.41804,-1.541084,160.99,12.02,2,235.35,21 / 22,3177829,2019-09-06 19:09:04:511,0.55,-1.0524,9.4205,-0.0025,0.0291,9.8065,-0.069,0.0279,-0.0428,-0.12,-32.12,23.94,66.61,-87.51,-116.46
52.41804,-1.541084,160.99,12.02,2,235.35,21 / 22,3177929,2019-09-06 19:09:04:611,0.8142,0.8283,9.5589,0.0032,0.0379,9.8065,-0.0914,0.0857,0.0451,2,-33.69,23.25,73.86,-87.48,-114.69
52.41804,-1.541084,160.99,12.02,2,235.35,21 / 22,3178028,2019-09-06 19:09:04:710,1.2868,0.8919,10.466,0.0068,0.04,9.8065,-0.0862,0.0579,-0.005,3.69,-34.62,22.25,95.64,-87.62,-98.37
52.41804,-1.541084,160.99,12.02,2,235.35,21 / 22,3178129,2019-09-06 19:09:04:811,0.9015,1.6401,9.6189,-0.0003,0.0217,9.8066,0.1268,0.0727,0.0811,3.63,-35,22.13,99.67,-87.58,-94.36
52.41804,-1.541084,160.99,12.02,2,235.35,21 / 22,3178229,2019-09-06 19:09:04:911,2.2659,0.02,10.4157,-0.0211,-0.035,9.8065,0.1014,0.1528,-0.0217,3.75,-35.56,22.19,99.86,-87.53,-94.36
52.41804,-1.541084,160.99,12.02,2,235.35,21 / 22,3178328,2019-09-06 19:09:05:010,1.0432,2.0279,10.2336,-0.0251,-0.0362,9.8065,-0.1029,0.056,-0.0124,2.56,-35.44,22,90.47,-87.08,-101.9
52.41804,-1.541084,160.99,12.02,2,235.35,22 / 22,3178428,2019-09-06 19:09:05:110,1.0568,2.1995,10.0669,-0.0206,0.0178,9.8066,-0.0741,-0.119,0.0922,3.19,-34.87,21.56,93.73,-86.78,-99.11
52.41804,-1.541084,160.99,12.02,2,235.35,22 / 22,3178528,2019-09-06 19:09:05:210,1.3749,1.6573,9.9499,-0.0372,0.0087,9.8065,0.0623,0.0049,0.1384,3.19,-34.94,21.5,94.42,-86.52,-98.82
52.41804,-1.541084,160.99,12.02,2,235.35,22 / 22,3178629,2019-09-06 19:09:05:311,-0.1656,0.1531,9.978,-0.0154,0.0068,9.8066,0.0716,0.1158,0.0399,1.75,-35.75,21.44,94.14,-86.19,-97.8
52.41804,-1.541084,160.99,12.02,2,235.35,22 / 22,3178731,2019-09-06 19:09:05:413,1.4513,3.772,9.7753,-0.0023,0.0017,9.8066,-0.0131,-0.0161,0.0245,2.25,-35.69,21.63,95.37,-86.16,-96.06
52.41804,-1.541084,160.99,12.02,2,235.35,22 / 22,3178829,2019-09-06 19:09:05:511,-0.2095,3.049,10.3561,0.0117,0.0301,9.8066,-0.0046,0.049,-0.002,1.06,-35.94,20.88,96.23,-85.98,-93.35
52.41804,-1.541084,160.99,12.02,2,235.35,22 / 22,3178929,2019-09-06 19:09:05:611,1.5178,2.1158,10.5848,0.0134,0.0054,9.8066,0.1295,0.0009,-0.0021,1.38,-35.81,21.5,94.09,-86.13,-94.84
52.41804,-1.541084,160.99,12.02,2,235.35,22 / 22,3179029,2019-09-06 19:09:05:711,0.1989,2.4688,11.0029,-0.0035,-0.0135,9.8066,0.1377,-0.0084,-0.0959,1.44,-35.5,21.69,88.68,-86.37,-99.71
52.41804,-1.541084,160.99,12.02,2,235.35,22 / 22,3179128,2019-09-06 19:09:05:810,1.011,0.6422,9.4628,0.0246,0.0302,9.8065,0.0989,0.0775,-0.0091,1.56,-35.5,22.38,87.65,-86.56,-103.01
52.41804,-1.541084,160.99,12.02,2,235.35,22 / 22,3179230,2019-09-06 19:09:05:912,2.1268,0.5864,9.8632,0.0114,-0.0381,9.8065,-0.1578,0.0594,0.0243,1.69,-36.31,21.56,85.19,-86.78,-105.25
52.41804,-1.541084,160.99,12.02,2,235.35,22 / 22,3179329,2019-09-06 19:09:06:011,0.7916,1.0576,10.6877,-0.0177,-0.0313,9.8065,-0.0991,0.0347,0.0375,1.75,-35.69,23.06,83.36,-86.73,-106.7
52.41804,-1.541084,160.99,12.02,2,235.35,21 / 21,3179430,2019-09-06 19:09:06:112,1.2247,1.4173,10.5427,0.0069,0.0307,9.8065,-0.1239,0.0192,-0.0353,1.56,-36.75,21.94,90.88,-86.86,-99.57
52.41804,-1.541084,160.99,12.02,2,235.35,21 / 21,3179529,2019-09-06 19:09:06:211,0.7688,0.3921,9.9547,0.0179,0.0166,9.8066,0.0131,0.0526,-0.0084,1.63,-35.62,22.31,88.45,-87,-101.65
52.41804,-1.541084,160.99,12.02,2,235.35,21 / 21,3179628,2019-09-06 19:09:06:310,0.0764,0.4063,9.727,0.0054,-0.0285,9.8065,0.0548,0.0361,0.0077,1,-36,23,79.52,-86.99,-107.63
52.41804,-1.541084,160.99,12.02,2,235.35,21 / 21,3179728,2019-09-06 19:09:06:410,1.3258,0.7938,9.9106,-0.0116,-0.0252,9.8065,0.0236,-0.0157,0.0315,1.94,-35.25,23.06,80.98,-86.93,-108.61
52.41804,-1.541084,160.99,12.02,2,235.35,21 / 21,3179828,2019-09-06 19:09:06:510,0.9527,-0.4242,10.5054,-0.0075,0.0079,9.8066,0.0006,0.0386,-0.0466,1.81,-35.75,22.81,81.87,-87,-107.75
52.41804,-1.541084,160.99,12.02,2,235.35,21 / 21,3179928,2019-09-06 19:09:06:610,0.2328,0.6255,9.7987,0.0121,0.0133,9.8066,-0.0473,-0.0117,0.0235,0.81,-35.87,22.56,80.34,-87.04,-106.74
52.41804,-1.541084,160.99,12.02,2,235.35,21 / 21,3180028,2019-09-06 19:09:06:710,-0.812,0.3039,9.9064,0.0023,-0.0041,9.8066,-0.0156,-0.0085,0.0332,0.81,-35.75,23.06,78.24,-87.1,-108.72
52.41804,-1.541084,160.99,12.02,2,235.35,21 / 21,3180129,2019-09-06 19:09:06:811,1.0506,0.1374,10.4216,0.0127,0.0085,9.8066,-0.0015,0.058,-0.0448,1.25,-35.56,22.69,77.91,-87.2,-108.87
52.41804,-1.541084,160.99,12.02,2,235.35,21 / 21,3180229,2019-09-06 19:09:06:911,0.4621,1.1085,11.3108,-0.0037,-0.029,9.8066,0.0238,0.1241,-0.0922,1.75,-35.31,23,77.05,-87.35,-111.86
52.41804,-1.541084,160.99,12.02,2,235.35,21 / 21,3180328,2019-09-06 19:09:07:010,-0.3942,1.4527,10.448,0.0195,0.0171,9.8066,0.1301,-0.0064,0.0716,2.06,-36.06,23.5,80.59,-87.6,-107.73
52.41804,-1.541084,160.99,12.02,2,235.35,21 / 21,3180428,2019-09-06 19:09:07:110,1.1543,1.407,8.8562,-0.0006,-0.0178,9.8066,-0.1655,0.0382,0.0378,1,-35.94,23.25,78.55,-87.42,-107.9
52.41804,-1.541084,160.99,12.02,2,235.35,21 / 21,3180529,2019-09-06 19:09:07:211,-0.4615,2.0685,9.4512,-0.0231,-0.0498,9.8064,-0.1376,-0.0263,0.0288,1.63,-35.81,23.19,80.02,-87.2,-109.26
52.41804,-1.541084,160.99,12.02,2,235.35,21 / 21,3180628,2019-09-06 19:09:07:310,0.4393,3.8286,10.2261,0.0129,0.0715,9.8063,0.0464,0.0864,-0.0028,0.56,-35.87,22.88,88.89,-87.28,-97.86
52.41804,-1.541084,160.99,12.02,2,235.35,21 / 21,3180729,2019-09-06 19:09:07:411,1.1921,1.463,10.6289,-0.0022,0.0053,9.8066,-0.0186,0.0693,0.0267,0.69,-35.75,22.63,86.53,-87.3,-100.2
52.41804,-1.541084,160.99,12.02,2,235.35,21 / 21,3180829,2019-09-06 19:09:07:511,-0.3056,1.592,10.2818,-0.014,-0.0198,9.8066,0.0873,0.0368,-0.0033,0.94,-35.81,23.44,83.28,-87.12,-103.7
52.41804,-1.541084,160.99,12.02,2,235.35,21 / 21,3180928,2019-09-06 19:09:07:610,-0.155,1.5346,9.6809,0.0044,-0.026,9.8066,0.1183,0.0305,0.0276,0.75,-36.12,23,76.89,-87.08,-110.07
52.41804,-1.541084,160.99,12.02,2,235.35,21 / 21,3181028,2019-09-06 19:09:07:710,-0.5289,0.5314,9.4649,0.0022,-0.0167,9.8066,0.0544,0.0048,-0.0291,0.63,-35.75,24,69.02,-86.88,-117.77
52.41804,-1.541084,160.99,12.02,2,235.35,21 / 21,3181129,2019-09-06 19:09:07:811,0.4509,1.1678,9.3846,0.0157,-0.0094,9.8065,0.0524,0.0414,-0.0112,0.31,-35.25,23.56,61.35,-86.96,-122.57
52.41804,-1.541084,160.99,12.02,2,235.35,21 / 21,3181229,2019-09-06 19:09:07:911,0.204,1.0589,10.1078,0.0006,0.0228,9.8066,-0.027,0.0325,-0.0327,0.25,-34.69,24.19,62.24,-87.12,-121.52
52.41804,-1.541084,160.99,12.02,2,235.35,21 / 21,3181329,2019-09-06 19:09:08:011,0.7407,1.582,10.246,0.0071,0.0104,9.8066,0.0755,-0.0146,0.0095,1.13,-34.44,23.75,64.75,-87.17,-121.3
52.41804,-1.541084,160.99,12.02,2,235.35,22 / 22,3181429,2019-09-06 19:09:08:111,-0.5099,1.6064,9.6854,0.0026,0.007,9.8066,0.0596,0.0026,-0.029,0.56,-35.37,23.94,64.77,-87.15,-121.4
52.41804,-1.541084,160.99,12.02,2,235.35,22 / 22,3181529,2019-09-06 19:09:08:211,-1.1082,0.9788,8.9259,0.0156,0.0125,9.8066,0.0562,-0.0326,0.0127,0.56,-35.62,23.69,62.72,-87.27,-123.33
52.41804,-1.541084,160.99,12.02,2,235.35,22 / 22,3181628,2019-09-06 19:09:08:310,0.5861,0.3065,9.6684,0.0203,0.0057,9.8066,-0.1096,0.1057,-0.087,1.38,-36,23.81,59.31,-87.49,-126.34
52.41804,-1.541084,160.99,12.02,2,235.35,22 / 22,3181728,2019-09-06 19:09:08:410,0.6822,2.6901,10.8283,0.0135,-0.0093,9.8066,-0.0691,-0.1908,0.1988,1.06,-36.12,23.88,55.34,-87.67,-129.95
52.41804,-1.541084,160.99,12.02,2,235.35,22 / 22,3181828,2019-09-06 19:09:08:510,-0.6425,1.5096,9.6913,0.0102,0.0337,9.8065,0.1093,-0.0504,0.0697,0.38,-35.5,24,57.39,-87.56,-125.64
52.41804,-1.541084,160.99,12.02,2,235.35,22 / 22,3181928,2019-09-06 19:09:08:610,0.1119,0.5489,9.6601,-0.0123,0.0407,9.8065,0.1229,0.0587,-0.0137,1.06,-35.25,24.25,61.99,-87.49,-123.64
52.41804,-1.541084,160.99,12.02,2,235.35,22 / 22,3182029,2019-09-06 19:09:08:711,-0.3625,1.6642,10.0476,0.0364,-0.0349,9.8065,0.0046,0.0372,-0.044,0.94,-34.87,24.13,51.86,-87.57,-133.35
52.41804,-1.541084,160.99,12.02,2,235.35,22 / 22,3182128,2019-09-06 19:09:08:810,1.5145,1.2629,10.0497,0.0077,-0.0106,9.8066,-0.0651,0.0653,-0.0893,0.44,-35.31,23.88,43.97,-87.71,-138.37
52.41804,-1.541084,160.99,12.02,2,235.35,22 / 22,3182229,2019-09-06 19:09:08:911,1.1772,2.3099,10.4786,0.006,-0.0008,9.8066,0.0241,0.0029,0.0581,1.31,-34.75,24.25,44.56,-87.83,-140.07
52.41804,-1.541084,160.99,12.02,2,235.35,22 / 22,3182329,2019-09-06 19:09:09:011,0.098,0.9362,9.8174,-0.0054,0.0061,9.8066,-0.0693,0.0064,0.0147,1.5,-35,24.31,50.2,-87.91,-136.92
52.41747,-1.541937,158.52,5.49,3,206.87,22 / 22,3182429,2019-09-06 19:09:09:111,-0.5998,0.8952,9.8828,-0.0036,0.0009,9.8066,-0.0543,0.0317,-0.0354,0.94,-35.19,24.75,49,-87.85,-135.58
52.41747,-1.541937,158.52,5.49,3,206.87,22 / 22,3182529,2019-09-06 19:09:09:211,0.1388,1.3461,9.9872,0.0078,-0.0148,9.8065,-0.0752,0.0241,-0.0323,0.5,-35.19,24.13,46.06,-87.86,-138.59
52.41747,-1.541937,158.52,5.49,3,206.87,22 / 22,3182628,2019-09-06 19:09:09:310,0.0297,1.3193,10.0684,0.0062,-0.0037,9.8066,-0.0191,0.0273,0.0098,0.88,-35,23.81,44.82,-87.98,-139.66
52.41747,-1.541937,158.52,5.49,3,206.87,22 / 22,3182730,2019-09-06 19:09:09:412,0.0269,1.1063,9.5951,0.0123,0.0004,9.8066,-0.0088,-0.004,-0.0089,1.13,-35.06,24.56,42.08,-88.13,-141.99
52.41747,-1.541937,158.52,5.49,3,206.87,22 / 22,3182829,2019-09-06 19:09:09:511,-0.031,1.2187,9.6717,0.0056,0.0006,9.8065,-0.0458,0.0295,-0.0395,0.19,-35.5,24.25,38.53,-88.2,-143.12
52.41747,-1.541937,158.52,5.49,3,206.87,22 / 22,3182928,2019-09-06 19:09:09:610,0.4249,1.0851,9.8328,0.0183,0.0167,9.8066,0.0194,0.0488,-0.005,0.5,-35.44,23.94,38.96,-88.37,-144.93
52.41747,-1.541937,158.52,5.49,3,206.87,22 / 22,3183029,2019-09-06 19:09:09:711,0.2258,1.5957,10.1732,0.0069,0.011,9.8066,-0.0193,0.0413,0.0038,1.06,-35.75,24.06,35.93,-88.62,-147.67
52.41747,-1.541937,158.52,5.49,3,206.87,22 / 22,3183129,2019-09-06 19:09:09:811,0.3783,0.7854,9.4927,0.011,0.0044,9.8065,-0.0153,0.0407,-0.0064,1.13,-34.87,24.81,33.52,-88.8,-149.7
52.41747,-1.541937,158.52,5.49,3,206.87,22 / 22,3183229,2019-09-06 19:09:09:911,-0.137,0.9362,9.9401,-0.0008,-0.01,9.8066,-0.0033,0.0288,0,1,-35.19,24.5,32.94,-88.82,-150.25
52.41747,-1.541937,158.52,5.49,3,206.87,22 / 22,3183329,2019-09-06 19:09:10:011,0.1825,0.5521,9.7311,0.0121,0.0063,9.8066,-0.0215,0.0611,-0.021,-0.25,-35.44,23.69,24.76,-88.93,-155.9
52.41747,-1.541937,158.52,5.49,3,206.87,22 / 22,3183429,2019-09-06 19:09:10:111,0.0415,0.5582,9.5973,0.0102,-0.0002,9.8066,0.0408,0.0702,-0.0032,0.06,-34.94,24.06,18,-88.98,-162.46
52.41747,-1.541937,158.52,5.49,3,206.87,22 / 22,3183529,2019-09-06 19:09:10:211,0.5738,0.8994,9.7574,0.0121,-0.0001,9.8066,-0.0089,0.082,-0.0649,0.25,-34.69,24.38,9,-88.95,-171.24
52.41747,-1.541937,158.52,5.49,3,206.87,22 / 22,3183629,2019-09-06 19:09:10:311,0.7347,0.8731,10.0258,0.0138,-0.0083,9.8066,-0.0109,0.1002,-0.0203,0.75,-34.87,24.69,357.86,-88.87,175.63
52.41747,-1.541937,158.52,5.49,3,206.87,22 / 22,3183728,2019-09-06 19:09:10:410,0.2926,1.03,10.1014,0.0111,-0.0006,9.8066,0.0486,0.1204,-0.0408,0.75,-35.62,24.81,346.49,-88.83,164.6
52.41747,-1.541937,158.52,5.49,3,206.87,22 / 22,3183828,2019-09-06 19:09:10:510,0.5495,1.0553,10.1665,0.0096,0.0093,9.8066,0.0186,0.1074,-0.0257,-0.25,-34.94,25,338.37,-88.77,159.02
52.41747,-1.541937,158.52,5.49,3,206.87,22 / 22,3183929,2019-09-06 19:09:10:611,0.9993,1.1524,9.9833,0.0161,-0.0027,9.8066,0.0385,0.166,-0.0171,-0.12,-34.75,25.06,330.17,-88.6,151.15
52.41747,-1.541937,158.52,5.49,3,206.87,22 / 22,3184028,2019-09-06 19:09:10:710,0.7211,1.4935,10.0689,0.0025,0.0018,9.8066,-0.0153,0.1488,-0.0091,-0.75,-34.44,24.69,325.17,-88.56,148.58
52.41747,-1.541937,158.52,5.49,3,206.87,22 / 22,3184128,2019-09-06 19:09:10:810,0.6539,0.2859,9.7993,0.0086,-0.0021,9.8066,0.0388,0.1704,-0.0039,-0.5,-34.44,25.94,327.35,-88.52,148.4
52.41747,-1.541937,158.52,5.49,3,206.87,22 / 22,3184228,2019-09-06 19:09:10:910,0.6049,-0.2535,9.6901,0.0027,-0.0041,9.8066,0.0644,0.1912,-0.008,-1,-35,25.69,323.23,-88.42,146.72
52.41747,-1.541937,158.52,5.49,3,206.87,22 / 22,3184328,2019-09-06 19:09:11:010,0.4372,0.0011,9.9218,0.0076,-0.0185,9.8066,0.0227,0.2268,-0.0289,-1.25,-34.81,25.94,325.3,-88.19,148.9
52.41747,-1.541937,158.52,5.49,3,206.87,21 / 21,3184429,2019-09-06 19:09:11:111,0.9688,0.3319,9.7713,0.0207,0.0013,9.8066,0.0183,0.2419,-0.0208,-2.31,-35.06,26.38,318.15,-88.06,144.3
52.41747,-1.541937,158.52,5.49,3,206.87,21 / 21,3184528,2019-09-06 19:09:11:210,0.9586,-0.3567,10.1123,0.0113,-0.0148,9.8066,-0.0058,0.2346,-0.0359,-1.75,-34.75,26.38,315.17,-87.85,141.62
52.41747,-1.541937,158.52,5.49,3,206.87,21 / 21,3184629,2019-09-06 19:09:11:311,0.7651,-0.0355,9.7928,0.0176,-0.0029,9.8066,-0.0437,0.2768,-0.0599,-2.19,-35.19,26.88,311.5,-87.79,137.9
52.41747,-1.541937,158.52,5.49,3,206.87,21 / 21,3184729,2019-09-06 19:09:11:411,1.1088,0.1456,9.8336,0.0121,-0.0116,9.8066,0.0038,0.2742,-0.0172,-2.5,-34.87,27.38,307.14,-87.71,133.76
52.41747,-1.541937,158.52,5.49,3,206.87,21 / 21,3184829,2019-09-06 19:09:11:511,1.1752,0.1357,10.1089,0.0142,-0.0151,9.8066,-0.0409,0.2778,-0.0391,-3.25,-34.5,26.63,303.13,-87.53,132.09
52.41747,-1.541937,158.52,5.49,3,206.87,21 / 21,3184928,2019-09-06 19:09:11:610,1.6159,-0.4164,10.1092,0.0136,0.0059,9.8066,-0.0289,0.3403,-0.0653,-4.25,-34.31,27.19,295.41,-87.36,126.83
52.41747,-1.541937,158.52,5.49,3,206.87,21 / 21,3185029,2019-09-06 19:09:11:711,1.3796,-1.142,9.8192,0.0097,-0.0095,9.8065,0.0022,0.3726,-0.0281,-4.44,-34.81,26.94,295.71,-87.24,127.35
52.41747,-1.541937,158.52,5.49,3,206.87,21 / 21,3185129,2019-09-06 19:09:11:811,1.8587,-0.764,9.8978,0.0262,0.0003,9.8066,-0.0191,0.3875,-0.0722,-4.75,-34.37,26.88,290.65,-86.85,124.82
52.41747,-1.541937,158.52,5.49,3,206.87,21 / 21,3185228,2019-09-06 19:09:11:910,1.8727,-1.1817,9.743,0.0152,-0.0008,9.8066,0.0136,0.3896,-0.039,-5.06,-33.94,26.25,288.94,-86.68,123.9
52.41747,-1.541937,158.52,5.49,3,206.87,21 / 21,3185329,2019-09-06 19:09:12:011,2.0156,-0.405,10.0114,0.024,0.0091,9.8066,0.0303,0.4286,-0.0876,-5.62,-33.81,27.13,286,-86.46,122.75
52.41747,-1.541937,158.52,5.49,3,206.87,22 / 22,3185429,2019-09-06 19:09:12:111,1.7117,0.4272,10.2796,0.0326,0.009,9.8066,0.0872,0.4809,-0.0909,-5.94,-34.5,27.25,282.07,-85.93,119.53
52.41747,-1.541937,158.52,5.49,3,206.87,22 / 22,3185528,2019-09-06 19:09:12:210,1.7191,-0.1312,10.0524,0.0425,-0.0192,9.8065,-0.0209,0.5471,-0.1047,-6.25,-34.75,26.69,282.93,-85.31,121.31
52.41747,-1.541937,158.52,5.49,3,206.87,22 / 22,3185629,2019-09-06 19:09:12:311,2.4315,-0.4637,10.4217,0.0418,-0.0119,9.8065,0.0256,0.4756,-0.0388,-6.69,-34.44,26.5,280.22,-84.8,121.06
52.41747,-1.541937,158.52,5.49,3,206.87,22 / 22,3185729,2019-09-06 19:09:12:411,3.3689,0.5677,9.7772,0.0328,-0.0229,9.8065,0.0069,0.5238,-0.1109,-7.75,-33.81,26.63,279.25,-84.43,122.48
52.41747,-1.541937,158.52,5.49,3,206.87,22 / 22,3185830,2019-09-06 19:09:12:512,1.9057,-0.2614,10.1853,-0.004,-0.0501,9.8065,0.0718,0.4918,0.0626,-9.19,-33.19,26.94,281.63,-84.17,126.78
52.41747,-1.541937,158.52,5.49,3,206.87,22 / 22,3185929,2019-09-06 19:09:12:611,1.7692,0.4288,10.0946,0.0012,-0.0163,9.8066,0.0102,0.5296,-0.035,-9.69,-33.69,27,285.07,-83.99,132.37
52.41747,-1.541937,158.52,5.49,3,206.87,22 / 22,3186028,2019-09-06 19:09:12:710,2.0553,-0.3083,10.4473,-0.0106,-0.0374,9.8066,0.1284,0.5055,0.0366,-10.87,-33.06,27.13,287.76,-83.82,136.72
52.41747,-1.541937,158.52,5.49,3,206.87,22 / 22,3186128,2019-09-06 19:09:12:810,2.1818,0.4764,10.297,0.0357,-0.0356,9.8065,0.0933,0.5205,-0.0581,-11.56,-33.37,26.94,291.32,-83.33,142.4
52.41747,-1.541937,158.52,5.49,3,206.87,22 / 22,3186228,2019-09-06 19:09:12:910,2.3435,0.3407,9.9577,0.0157,-0.0421,9.8065,-0.0461,0.5025,-0.0163,-12.12,-32.69,26.88,292.58,-83.12,143.82
52.41747,-1.541937,158.52,5.49,3,206.87,22 / 22,3186329,2019-09-06 19:09:13:011,2.5095,1.3609,10.11,-0.0232,0.0115,9.8066,-0.0727,0.5188,-0.0006,-12.81,-33.25,26.31,291.38,-82.96,145.58
52.41747,-1.541937,158.52,5.49,3,206.87,21 / 21,3186429,2019-09-06 19:09:13:111,1.8195,0.757,10.1422,-0.0076,0.0012,9.8066,0.1267,0.5314,-0.0715,-13.75,-32.69,25.44,290.99,-82.88,148.09
52.41747,-1.541937,158.52,5.49,3,206.87,21 / 21,3186529,2019-09-06 19:09:13:211,2.2711,0.5015,10.2621,0.0038,-0.049,9.8065,-0.0232,0.5098,0.0262,-14.75,-32.37,25.94,295.76,-82.42,153.27
52.41747,-1.541937,158.52,5.49,3,206.87,21 / 21,3186628,2019-09-06 19:09:13:310,2.8246,-0.228,10.0375,0.0121,-0.031,9.8065,0.0271,0.5469,-0.0825,-15.37,-33.06,25.88,297.34,-82.2,155.22
52.41747,-1.541937,158.52,5.49,3,206.87,21 / 21,3186729,2019-09-06 19:09:13:411,2.7179,0.2896,9.4546,0.0258,-0.0388,9.8065,0.0745,0.5057,-0.0353,-16.37,-33,24.19,294.61,-81.77,157.17
52.41747,-1.541937,158.52,5.49,3,206.87,21 / 21,3186829,2019-09-06 19:09:13:511,2.5704,1.2926,9.2589,0.0128,-0.0367,9.8066,-0.1157,0.5131,0.0195,-17.19,-32.94,24.44,294.14,-81.7,158.26
52.41747,-1.541937,158.52,5.49,3,206.87,21 / 21,3186930,2019-09-06 19:09:13:612,1.8434,0.4885,10.4848,-0.0313,-0.0159,9.8065,-0.0578,0.4822,0.0181,-17.44,-33.19,23.75,296.7,-81.85,160.49
52.41747,-1.541937,158.52,5.49,3,206.87,21 / 21,3187029,2019-09-06 19:09:13:711,1.4394,0.1527,10.3744,-0.0476,0.0023,9.8065,-0.0408,0.4511,0.0284,-18.87,-33.69,22.38,294.27,-82.32,163.54
52.41747,-1.541937,158.52,5.49,3,206.87,21 / 21,3187129,2019-09-06 19:09:13:811,1.4157,0.037,9.3871,-0.0168,-0.025,9.8065,-0.0127,0.3716,-0.0031,-19.19,-33.81,22.19,298.6,-82.61,167.26
52.41747,-1.541937,158.52,5.49,3,206.87,21 / 21,3187229,2019-09-06 19:09:13:911,1.4736,0.3429,9.4547,-0.0025,-0.0462,9.8065,-0.0645,0.3327,0.0949,-19.69,-33.19,21.19,299.38,-82.75,170.42
52.41747,-1.541937,158.52,5.49,3,206.87,21 / 21,3187329,2019-09-06 19:09:14:011,1.1268,-0.2864,10.2372,-0.0235,-0.0045,9.8065,-0.0617,0.2988,0.0339,-20.56,-33.75,21,301.54,-82.8,173.81
52.41747,-1.541937,158.52,5.49,3,206.87,21 / 21,3187429,2019-09-06 19:09:14:111,0.8473,0.0399,11.2523,-0.0117,-0.005,9.8066,0.1501,0.2497,-0.0515,-20.75,-33.06,20.56,302.78,-82.6,174.96
52.41747,-1.541937,158.52,5.49,3,206.87,21 / 21,3187529,2019-09-06 19:09:14:211,1.2544,-0.1441,10.6248,0.0469,-0.0522,9.8064,0.2026,0.2494,0.0534,-20.5,-32.94,20.06,303.5,-82.3,176.28
52.41747,-1.541937,158.52,5.49,3,206.87,21 / 21,3187629,2019-09-06 19:09:14:311,1.7136,-1.4345,10.4407,0.038,-0.0231,9.8065,0.0421,0.1788,-0.0628,-21.25,-32.75,20.63,303.97,-81.51,177.14
52.41747,-1.541937,158.52,5.49,3,206.87,21 / 21,3187729,2019-09-06 19:09:14:411,1.5158,-0.3907,9.6951,0.0218,-0.0339,9.8065,0.0401,0.0971,0.0387,-21.37,-32.25,20.69,304.73,-80.88,178.21
52.41747,-1.541937,158.52,5.49,3,206.87,21 / 21,3187828,2019-09-06 19:09:14:510,1.3252,-0.5335,9.5951,0.008,0.01,9.8066,-0.0029,0.1573,-0.0798,-21.56,-33,20.38,300.9,-80.82,177.77
52.41747,-1.541937,158.52,5.49,3,206.87,21 / 21,3187929,2019-09-06 19:09:14:611,0.8858,-0.5133,9.8334,-0.0056,0.0084,9.8066,0.0261,0.1033,-0.0208,-21.44,-33.06,19.75,301.45,-80.98,176.99
52.41747,-1.541937,158.52,5.49,3,206.87,21 / 21,3188028,2019-09-06 19:09:14:710,0.8647,-0.9345,9.739,-0.0076,0.0115,9.8066,-0.0601,0.1059,0.0087,-21.19,-32.56,19.31,299.42,-81.2,176.59
52.41747,-1.541937,158.52,5.49,3,206.87,21 / 21,3188129,2019-09-06 19:09:14:811,0.3063,-0.4175,9.2827,0.0021,0.0082,9.8066,-0.052,0.0411,-0.0067,-21.87,-33.31,19.31,297.95,-81.3,176.21
52.41747,-1.541937,158.52,5.49,3,206.87,21 / 21,3188229,2019-09-06 19:09:14:911,0.4418,-0.4215,9.384,-0.0026,-0.0133,9.8066,-0.0395,0.0752,0.024,-21.5,-32.94,19.81,301.28,-81.33,176.47
52.41747,-1.541937,158.52,5.49,3,206.87,21 / 21,3188329,2019-09-06 19:09:15:011,0.1022,-0.3895,10.0612,-0.0279,0.0177,9.8066,-0.0342,0.0146,0.0465,-22.56,-33.19,19.31,298.55,-81.49,177.6
52.41747,-1.541937,158.52,5.49,3,206.87,22 / 22,3188429,2019-09-06 19:09:15:111,0.6963,-0.8928,9.7515,-0.0331,0.0177,9.8065,0.0346,0.08,-0.0348,-21.75,-32.69,18.63,299.84,-81.64,177.59
52.41747,-1.541937,158.52,5.49,3,206.87,22 / 22,3188529,2019-09-06 19:09:15:211,0.5197,-0.8346,9.839,0.0088,-0.0009,9.8066,0.0953,0.0219,0.0478,-22.12,-33,18.56,300,-81.48,177.91
52.41747,-1.541937,158.52,5.49,3,206.87,22 / 22,3188628,2019-09-06 19:09:15:310,0.6823,-0.526,9.6899,-0.004,-0.0024,9.8066,0.027,0.011,0.0175,-21.81,-33.06,19.13,300,-81.49,177.9
52.41747,-1.541937,158.52,5.49,3,206.87,22 / 22,3188729,2019-09-06 19:09:15:411,-0.3451,-0.1441,9.6913,-0.0029,-0.0025,9.8066,0.0422,0.0582,0.0482,-21.62,-32.37,18.5,301.02,-81.3,178.77
52.41747,-1.541937,158.52,5.49,3,206.87,22 / 22,3188828,2019-09-06 19:09:15:510,-0.1522,-0.2426,10.1479,-0.0066,0.0213,9.8066,-0.0207,0.0363,-0.0942,-22.44,-32.81,18.63,300.2,-81.37,178.2
52.41747,-1.541937,158.52,5.49,3,206.87,22 / 22,3188929,2019-09-06 19:09:15:611,-0.1293,-0.2619,9.7247,-0.0085,-0.0008,9.8066,0.0028,0.0497,0.0204,-21.75,-32.87,18.69,300.32,-81.41,178.28
52.41747,-1.541937,158.52,5.49,3,206.87,22 / 22,3189029,2019-09-06 19:09:15:711,-0.5066,-0.0944,10.5247,-0.016,0.0129,9.8065,0.1225,-0.0177,0.0017,-22,-33.31,18.25,298.35,-81.4,178.2
52.41747,-1.541937,158.52,5.49,3,206.87,22 / 22,3189129,2019-09-06 19:09:15:811,0.4748,-0.2448,9.6176,0.019,-0.0166,9.8066,0.0964,-0.0181,-0.0357,-22.31,-32.94,18.19,297.71,-81.16,177.88
52.41747,-1.541937,158.52,5.49,3,206.87,22 / 22,3189229,2019-09-06 19:09:15:911,0.1686,-0.4649,9.5822,-0.024,0.0176,9.8065,0.0686,0.0424,-0.0213,-22,-33.06,18.44,297.69,-81.2,177.81
52.41747,-1.541937,158.52,5.49,3,206.87,22 / 22,3189328,2019-09-06 19:09:16:010,-0.6876,0.0073,10.3727,0.0202,-0.0165,9.8066,0.2288,0.0167,0.0637,-21.69,-33.06,18.75,299.95,-81.04,178.34
52.41747,-1.541937,158.52,5.49,3,206.87,21 / 21,3189428,2019-09-06 19:09:16:110,1.0196,-1.6329,10.0496,-0.0191,0.0245,9.8065,-0.0028,0.0126,-0.0414,-22.87,-33.37,18.5,296.26,-81.08,177.62
52.41747,-1.541937,158.52,5.49,3,206.87,21 / 21,3189529,2019-09-06 19:09:16:211,-0.358,-0.7914,9.9809,0.0336,-0.0248,9.8065,-0.0714,0.0259,0.0354,-21.37,-32.75,18.75,300.83,-80.72,178.4
52.41747,-1.541937,158.52,5.49,3,206.87,21 / 21,3189628,2019-09-06 19:09:16:310,-0.5503,1.1389,10.2906,0.0327,-0.0176,9.8065,-0.0442,0.0979,-0.025,-22.12,-32.87,18.63,299.65,-80.69,178.44
52.41747,-1.541937,158.52,5.49,3,206.87,21 / 21,3189729,2019-09-06 19:09:16:411,-0.1978,-0.5582,10.2802,-0.0293,0.0022,9.8066,-0.0461,-0.1204,0.0781,-21.87,-32.69,18.56,301.03,-80.82,179.56
52.41747,-1.541937,158.52,5.49,3,206.87,21 / 21,3189828,2019-09-06 19:09:16:510,-0.2352,-2.3382,9.7705,-0.0228,0.0199,9.8065,0.0694,0.0543,-0.0785,-22.06,-32.81,18.81,300.98,-80.77,179.57
52.41747,-1.541937,158.52,5.49,3,206.87,21 / 21,3189929,2019-09-06 19:09:16:611,-1.1862,-0.6553,10.2728,0.045,-0.0306,9.8064,0.1186,0.0531,-0.0135,-21.19,-32.44,18.63,302.85,-80.88,179.78
52.41747,-1.541937,158.52,5.49,3,206.87,21 / 21,3190029,2019-09-06 19:09:16:711,0.5961,-0.6397,10.1323,0.019,-0.0177,9.8065,-0.067,-0.1062,0.1066,-21.81,-32.31,18.69,302.47,-80.73,-179.31
52.41747,-1.541937,158.52,5.49,3,206.87,21 / 21,3190129,2019-09-06 19:09:16:811,2.0991,-0.4737,9.3145,-0.013,0.0042,9.8066,-0.003,0.1062,-0.0964,-21.56,-32.31,18,299.88,-80.82,179.96
52.41747,-1.541937,158.52,5.49,3,206.87,21 / 21,3190229,2019-09-06 19:09:16:911,0.1013,-1.8026,10.1216,-0.0083,-0.0001,9.8066,0.0038,0.0439,-0.034,-21.75,-32.69,18.63,302.1,-80.67,-179.31
52.41747,-1.541937,158.52,5.49,3,206.87,21 / 21,3190331,2019-09-06 19:09:17:013,0.7218,-0.985,10.5132,-0.005,0.0043,9.8066,0.0185,-0.0455,0.031,-21,-33.06,18.31,301.03,-80.61,-179.53
52.41747,-1.541937,158.52,5.49,3,206.87,22 / 22,3190429,2019-09-06 19:09:17:111,0.2456,-1.3236,10.1538,0.0032,0.0137,9.8066,0.0441,0.0529,-0.0961,-21.75,-33.5,18.69,300.52,-80.52,179.41
52.41747,-1.541937,158.52,5.49,3,206.87,22 / 22,3190528,2019-09-06 19:09:17:210,0.4413,-1.0222,10.0094,0.0159,-0.0141,9.8066,0.1485,-0.0283,0.0486,-21.25,-33.31,19.25,301.19,-80.37,179.11
52.41747,-1.541937,158.52,5.49,3,206.87,22 / 22,3190629,2019-09-06 19:09:17:311,-0.2122,-0.5415,10.1189,0.0237,0.0153,9.8066,-0.1851,-0.0579,-0.0934,-21.94,-33.69,18.69,299.01,-80.44,178.42
52.41747,-1.541937,158.52,5.49,3,206.87,22 / 22,3190728,2019-09-06 19:09:17:410,-0.4138,-0.8361,9.3573,-0.048,0.0269,9.8064,-0.3194,-0.0885,0.0253,-21.5,-33.62,18.44,296.66,-80.73,176.66
52.41747,-1.541937,158.52,5.49,3,206.87,22 / 22,3190828,2019-09-06 19:09:17:510,-0.7179,0.2261,8.6254,-0.0135,0.0113,9.8066,0.1786,0.0508,0.027,-21.62,-33.5,19.13,296.77,-80.5,176.01
52.41747,-1.541937,158.52,5.49,3,206.87,22 / 22,3190928,2019-09-06 19:09:17:610,1.6897,-0.7383,10.4914,0.0084,0.0052,9.8066,0.0448,0.0591,-0.0423,-20.94,-32.81,18.75,296.69,-80.13,175.29
52.41747,-1.541937,158.52,5.49,3,206.87,22 / 22,3191028,2019-09-06 19:09:17:710,-0.9032,-1.8781,10.2187,-0.026,0.0308,9.8066,-0.0389,0.0533,-0.0255,-21.75,-32.94,18.56,295.04,-80.34,174.59
52.41747,-1.541937,158.52,5.49,3,206.87,22 / 22,3191129,2019-09-06 19:09:17:811,-0.1112,0.1423,10.025,0.0214,0.0165,9.8066,0.0622,-0.0138,-0.0249,-21.56,-33.44,18.94,295.3,-80.55,174.61
52.41747,-1.541937,158.52,5.49,3,206.87,22 / 22,3191228,2019-09-06 19:09:17:910,-0.4058,-0.962,9.4278,0.0207,-0.0139,9.8066,0.0363,-0.028,0.0228,-21.06,-33.12,18.5,295.04,-80.5,173.35
52.41747,-1.541937,158.52,5.49,3,206.87,22 / 22,3191329,2019-09-06 19:09:18:011,0.393,-1.0728,9.8639,0.0051,0.0065,9.8066,-0.0381,-0.1116,-0.028,-21.37,-33.5,18.88,294.13,-80.34,172.7
52.41719,-1.541517,156.06,9.31,4,114,21 / 22,3191429,2019-09-06 19:09:18:111,-0.4591,-0.8337,10.2704,-0.0025,-0.0056,9.8066,0.0994,-0.0494,0.0473,-21,-33.62,19.19,293.74,-80.21,172.83
52.41719,-1.541517,156.06,9.31,4,114,21 / 22,3191529,2019-09-06 19:09:18:211,1.0522,-0.255,9.8343,-0.0029,0.0252,9.8065,-0.0496,-0.0289,0.0723,-21.37,-33.62,18.19,291.11,-80.19,172.21
52.41719,-1.541517,156.06,9.31,4,114,21 / 22,3191628,2019-09-06 19:09:18:310,0.105,-0.6455,9.3885,0.0065,-0.0185,9.8066,-0.109,0.0303,-0.0805,-20.69,-33.69,19.5,294.75,-80.21,172.02
52.41719,-1.541517,156.06,9.31,4,114,21 / 22,3191729,2019-09-06 19:09:18:411,-0.7438,-0.8585,9.879,0.0107,0.0126,9.8066,-0.009,-0.0689,0.0049,-21.19,-33,18.63,292.8,-80.23,171.6
52.41719,-1.541517,156.06,9.31,4,114,21 / 22,3191829,2019-09-06 19:09:18:511,0.2008,-0.4588,9.5807,0.0335,-0.0145,9.8065,-0.0678,0.0355,-0.0179,-21.19,-33.25,18.94,292.47,-80.02,171.54
52.41719,-1.541517,156.06,9.31,4,114,21 / 22,3191929,2019-09-06 19:09:18:611,-0.0752,-1.7404,9.2376,0.0243,-0.0141,9.8066,0.0058,0.0756,-0.0632,-20.69,-33.19,19,292.13,-80.02,171.23
52.41719,-1.541517,156.06,9.31,4,114,21 / 22,3192028,2019-09-06 19:09:18:710,-0.5298,0.0927,9.5874,-0.0356,0.03,9.8065,0.0279,-0.0043,0.0162,-21.62,-33.94,18.81,290.45,-80.12,170.9
52.41719,-1.541517,156.06,9.31,4,114,21 / 22,3192129,2019-09-06 19:09:18:811,0.4493,-0.5377,9.674,-0.0161,0.0007,9.8066,-0.0675,0.0522,-0.0148,-21.19,-33.56,18.56,291.65,-80.05,171.08
52.41719,-1.541517,156.06,9.31,4,114,21 / 22,3192228,2019-09-06 19:09:18:910,-0.3765,0.1529,9.8953,-0.0151,0.0153,9.8066,0.0711,0.0634,-0.0305,-21,-33.44,18.69,292.09,-79.93,171.29
52.41719,-1.541517,156.06,9.31,4,114,21 / 22,3192330,2019-09-06 19:09:19:012,0.0689,0.2107,9.8455,0.0051,-0.0039,9.8066,-0.0473,-0.0304,0.0312,-21.37,-33.75,18.44,289.53,-79.93,171.07
52.41719,-1.541517,156.06,9.31,4,114,21 / 22,3192429,2019-09-06 19:09:19:111,1.0182,-0.4542,9.7027,-0.0037,-0.0019,9.8066,-0.1118,0.0354,-0.0238,-21.06,-33.75,18.88,291.4,-79.89,171.04
52.41719,-1.541517,156.06,9.31,4,114,21 / 22,3192529,2019-09-06 19:09:19:211,-0.4707,0.0732,9.946,0.0044,-0.004,9.8065,-0.0352,0.0884,0.0138,-20.94,-33.75,19.06,291.67,-79.78,171.42
52.41719,-1.541517,156.06,9.31,4,114,21 / 22,3192628,2019-09-06 19:09:19:310,-0.6793,0.4004,10.1901,-0.0077,0.0072,9.8066,-0.2183,0.0621,-0.0821,-21.69,-33.75,18.75,290.66,-79.81,171.47
52.41719,-1.541517,156.06,9.31,4,114,21 / 22,3192729,2019-09-06 19:09:19:411,-0.685,-0.1725,9.9348,0.0071,-0.0178,9.8066,0.057,0.0283,0.0689,-21.06,-33.62,19.06,292.55,-79.77,172.26
52.41719,-1.541517,156.06,9.31,4,114,21 / 22,3192829,2019-09-06 19:09:19:511,-0.5195,-0.0699,9.6092,0.0191,-0.0154,9.8065,-0.0614,0.1005,-0.057,-21.06,-33.69,18.38,290.59,-79.74,172.29
52.41719,-1.541517,156.06,9.31,4,114,21 / 22,3192929,2019-09-06 19:09:19:611,-1.2711,-0.0366,10.5943,0.0496,-0.0369,9.8064,-0.0601,-0.0011,-0.019,-21.37,-32.94,18.69,293.84,-79.57,173.34
52.41719,-1.541517,156.06,9.31,4,114,21 / 22,3193028,2019-09-06 19:09:19:710,-0.3039,0.0547,9.9239,-0.0262,0.0052,9.8065,-0.0937,-0.0009,-0.0434,-21.25,-33.62,18.13,290.82,-79.86,172.35
52.41719,-1.541517,156.06,9.31,4,114,21 / 22,3193129,2019-09-06 19:09:19:811,-1.023,-1.4688,9.6439,0.0269,-0.0216,9.8065,-0.0011,-0.1493,0.0976,-21.56,-33.75,18.44,290.52,-79.61,173.37
52.41719,-1.541517,156.06,9.31,4,114,21 / 22,3193228,2019-09-06 19:09:19:910,0.6201,1.0299,9.8507,0.0205,-0.0113,9.8066,-0.0256,0.0909,-0.1507,-21.44,-33.31,19.06,292.21,-79.81,171.54
52.41719,-1.541517,156.06,9.31,4,114,21 / 22,3193329,2019-09-06 19:09:20:011,0.9676,0.2982,10.4033,0.0269,-0.016,9.8065,0.0137,-0.108,0.0522,-20.75,-33.5,18.44,290.52,-79.61,172.02
52.41719,-1.541517,156.06,9.31,4,114,21 / 21,3193429,2019-09-06 19:09:20:111,0.1951,1.4015,9.4655,0.0041,0.0023,9.8066,-0.0373,0.0266,-0.035,-20.87,-33.75,18.5,290.85,-79.58,170.91
52.41719,-1.541517,156.06,9.31,4,114,21 / 21,3193529,2019-09-06 19:09:20:211,-0.261,0.3794,8.9756,0.027,-0.008,9.8066,-0.125,0.0696,-0.092,-21,-33.75,18.88,290.51,-79.42,170.8
52.41719,-1.541517,156.06,9.31,4,114,21 / 21,3193628,2019-09-06 19:09:20:310,1.0401,-1.0725,9.209,-0.0099,-0.0157,9.8066,-0.0948,0.0652,0.0711,-20.87,-33.56,18.81,291.43,-79.62,171.4
52.41719,-1.541517,156.06,9.31,4,114,21 / 21,3193729,2019-09-06 19:09:20:411,-0.3349,1.7583,9.2726,0.0229,0.0065,9.8066,-0.1461,0.0146,-0.1123,-20.31,-33.37,18.13,290.69,-79.67,171.05
52.41719,-1.541517,156.06,9.31,4,114,21 / 21,3193828,2019-09-06 19:09:20:510,0.0125,1.1815,9.3783,-0.0029,-0.0055,9.8065,-0.1337,0.0909,-0.0624,-21.44,-33.19,17.69,289.32,-79.64,170.87
52.41719,-1.541517,156.06,9.31,4,114,21 / 21,3193929,2019-09-06 19:09:20:611,-0.294,0.041,9.5083,0.0174,-0.0179,9.8066,0.0372,-0.0324,0.0714,-20.69,-33.62,18.56,291.66,-79.54,171.72
52.41719,-1.541517,156.06,9.31,4,114,21 / 21,3194028,2019-09-06 19:09:20:710,0.3971,0.6556,9.4967,-0.0406,0.0264,9.8065,-0.1555,-0.0071,-0.0931,-20.69,-33.25,18.25,289.71,-79.79,171.05
52.41719,-1.541517,156.06,9.31,4,114,21 / 21,3194128,2019-09-06 19:09:20:810,1.1034,-0.5518,9.8803,-0.0376,0.0022,9.8065,0.1248,0.0597,0.0461,-22.12,-33,18,289.44,-79.77,171.82
52.41719,-1.541517,156.06,9.31,4,114,21 / 21,3194228,2019-09-06 19:09:20:910,-0.6821,-1.1589,10.0504,0.0086,-0.0063,9.8066,-0.0262,-0.0741,0.0666,-22.06,-32.87,18.56,291.29,-79.66,171.89
52.41719,-1.541517,156.06,9.31,4,114,21 / 21,3194329,2019-09-06 19:09:21:011,0.7447,-0.0507,9.79,0.0001,-0.0059,9.8066,-0.018,-0.029,-0.0327,-22.19,-32.94,19.75,293.09,-79.65,171.88
52.41719,-1.541517,156.06,9.31,4,114,22 / 22,3194429,2019-09-06 19:09:21:111,-0.1987,-0.3404,10.2156,-0.0066,0.0077,9.8065,-0.0109,0.02,-0.0209,-21.12,-33.06,19.31,292.65,-79.65,172.15
52.41719,-1.541517,156.06,9.31,4,114,22 / 22,3194529,2019-09-06 19:09:21:211,-0.8553,-0.2094,10.2732,0.0137,-0.0115,9.8066,-0.0613,-0.0078,-0.0235,-21.19,-33.31,18.56,292.66,-79.69,172.1
52.41719,-1.541517,156.06,9.31,4,114,22 / 22,3194629,2019-09-06 19:09:21:311,-0.7579,0.3292,9.7826,-0.0091,0.0014,9.8066,-0.0401,0.0551,-0.0014,-20.5,-32.19,18.31,291.94,-79.67,171.85
52.41719,-1.541517,156.06,9.31,4,114,22 / 22,3194729,2019-09-06 19:09:21:411,-0.8597,-0.2562,9.667,0.0013,0.0069,9.8066,0.0305,0.0317,0.0029,-20.44,-32.37,18.19,291.74,-79.64,171.71
52.41719,-1.541517,156.06,9.31,4,114,22 / 22,3194828,2019-09-06 19:09:21:510,-0.6499,0.8601,10.1857,-0.0078,0.0215,9.8066,-0.0462,-0.0138,-0.0778,-20.81,-32.37,17.63,289.78,-79.69,170.88
52.41719,-1.541517,156.06,9.31,4,114,22 / 22,3194928,2019-09-06 19:09:21:610,-0.5363,-0.7,9.7814,-0.0012,-0.0089,9.8066,-0.0304,0.0161,-0.0039,-21.62,-33,18,288.51,-79.61,171.14
52.41719,-1.541517,156.06,9.31,4,114,22 / 22,3195028,2019-09-06 19:09:21:710,-0.5741,0.8199,9.4984,-0.0312,0.0114,9.8065,-0.0408,0.0953,0.0252,-20.81,-32.69,18.06,289.57,-79.42,171.38
52.41719,-1.541517,156.06,9.31,4,114,22 / 22,3195129,2019-09-06 19:09:21:811,0.0584,-0.8716,9.2072,-0.027,0.016,9.8066,-0.0199,0.0576,-0.041,-21.56,-32.25,16.88,287.37,-79.58,171.59
52.41719,-1.541517,156.06,9.31,4,114,22 / 22,3195229,2019-09-06 19:09:21:911,-1.9052,-0.2481,10.4852,0.0223,-0.0147,9.8066,-0.0579,0.073,-0.0518,-23.12,-32.75,17.63,288.16,-79.43,171.95
52.41719,-1.541517,156.06,9.31,4,114,22 / 22,3195329,2019-09-06 19:09:22:011,-0.1209,-0.9717,10.4448,-0.0125,0.0029,9.8066,-0.0637,0.0049,0.0374,-23.12,-32.62,18.25,287.99,-79.57,171.61
52.41719,-1.541517,156.06,9.31,4,114,22 / 22,3195428,2019-09-06 19:09:22:110,-0.8704,-0.0953,9.982,0.0035,0.0035,9.8066,-0.0902,0.038,0.0356,-22,-31.81,18.63,291.32,-79.55,171.71
52.41719,-1.541517,156.06,9.31,4,114,22 / 22,3195528,2019-09-06 19:09:22:210,0.9489,-0.3024,9.9731,0.0006,0.0102,9.8066,-0.0059,-0.0495,-0.0684,-22.5,-32.31,18.25,289.05,-79.58,171.32
52.41719,-1.541517,156.06,9.31,4,114,22 / 22,3195628,2019-09-06 19:09:22:310,-0.096,-0.2991,10.2853,0.0034,-0.0105,9.8065,-0.0144,-0.0044,-0.051,-22.62,-32.37,18.56,289.53,-79.6,170.95
52.41719,-1.541517,156.06,9.31,4,114,22 / 22,3195728,2019-09-06 19:09:22:410,0.4092,-0.9693,9.7294,0.0109,-0.0107,9.8066,0.0596,0.038,0.0978,-22.44,-32.25,19.5,292.97,-79.53,171.56
52.41719,-1.541517,156.06,9.31,4,114,22 / 22,3195829,2019-09-06 19:09:22:511,-0.7105,-0.4188,9.584,0.0002,0.0045,9.8066,-0.0378,-0.0547,-0.0516,-21,-32.5,19.38,291.68,-79.57,171
52.41719,-1.541517,156.06,9.31,4,114,22 / 22,3195928,2019-09-06 19:09:22:610,-1.2359,0.5813,9.562,0.0156,-0.009,9.8066,-0.0061,-0.0128,-0.043,-20.25,-32.31,18.56,293.01,-79.45,171.27
52.41719,-1.541517,156.06,9.31,4,114,22 / 22,3196029,2019-09-06 19:09:22:711,-1.4923,0.9913,9.5971,-0.0213,0.0048,9.8066,0.0329,-0.0121,0.0492,-21.19,-32.06,17.63,290.4,-79.55,171.63
52.41719,-1.541517,156.06,9.31,4,114,22 / 22,3196129,2019-09-06 19:09:22:811,-0.3359,-0.5452,9.8758,-0.0078,0.006,9.8065,0.0354,-0.0675,0.0223,-21.25,-32.69,17.88,289.91,-79.54,171.55
52.41719,-1.541517,156.06,9.31,4,114,22 / 22,3196229,2019-09-06 19:09:22:911,-1.251,0.0104,9.8773,-0.0036,-0.0125,9.8066,-0.013,-0.04,0.04,-21.87,-31.5,18.13,289.94,-79.57,171.81
52.41719,-1.541517,156.06,9.31,4,114,22 / 22,3196329,2019-09-06 19:09:23:011,0.854,1.3282,9.9008,-0.024,0.0111,9.8066,-0.0442,-0.1819,0.1039,-21.75,-31.12,17.81,290.76,-79.72,172.42
52.41719,-1.541517,156.06,9.31,4,114,22 / 22,3196429,2019-09-06 19:09:23:111,-0.616,0.4105,9.8677,0.014,-0.0089,9.8066,-0.0285,0.0505,-0.1221,-22.44,-31.87,17.88,290.29,-79.51,172.57
52.41719,-1.541517,156.06,9.31,4,114,22 / 22,3196529,2019-09-06 19:09:23:211,-1.9385,-0.0035,9.9055,0.0296,-0.007,9.8066,-0.0544,-0.0036,-0.0181,-22.37,-31.81,17.56,290.16,-79.44,172.53
52.41719,-1.541517,156.06,9.31,4,114,22 / 22,3196629,2019-09-06 19:09:23:311,-0.6518,-0.384,9.6241,-0.0192,0.0103,9.8066,-0.0555,0.001,0.0547,-22.94,-31.19,18.94,291.79,-79.45,172.89
52.41719,-1.541517,156.06,9.31,4,114,22 / 22,3196729,2019-09-06 19:09:23:411,-0.8397,-0.4803,9.7867,-0.0125,0.002,9.8066,0.028,-0.0621,0.0052,-22.81,-31.12,19.06,291.91,-79.55,172.91
52.41719,-1.541517,156.06,9.31,4,114,22 / 22,3196829,2019-09-06 19:09:23:511,-0.8463,-0.343,9.7048,-0.0029,0.0055,9.8066,-0.0331,-0.0259,-0.0476,-22.44,-31.87,19.06,292.43,-79.65,172.64
52.41719,-1.541517,156.06,9.31,4,114,22 / 22,3196928,2019-09-06 19:09:23:610,-1.6193,-0.6802,9.8107,-0.0129,0.0008,9.8066,-0.0861,0.0275,-0.016,-21.12,-32.87,18.94,293.46,-79.79,172.73
52.41719,-1.541517,156.06,9.31,4,114,22 / 22,3197029,2019-09-06 19:09:23:711,-1.4486,-0.0988,9.6686,-0.0064,0.0048,9.8066,0.0296,0.0019,0.0546,-20.87,-32.69,18.81,293.42,-79.84,172.64
52.41719,-1.541517,156.06,9.31,4,114,22 / 22,3197128,2019-09-06 19:09:23:810,1.6516,0.4045,10.2862,-0.0048,0.0058,9.8066,0.0843,-0.0041,-0.0045,-20.56,-32.37,18.75,293.5,-79.75,172.47
52.41719,-1.541517,156.06,9.31,4,114,22 / 22,3197229,2019-09-06 19:09:23:911,-2.3732,-1.5162,9.4029,0.034,-0.0374,9.8065,0.0773,0.0628,-0.0744,-21.12,-32.5,18.31,292.5,-79.78,173.31
52.41719,-1.541517,156.06,9.31,4,114,22 / 22,3197329,2019-09-06 19:09:24:011,-1.9288,0.8078,10.0823,-0.0023,-0.0125,9.8066,0.0577,-0.1323,0.1074,-21.06,-31.87,18.44,293.16,-79.67,174.05
52.41719,-1.541517,156.06,9.31,4,114,20 / 21,3197428,2019-09-06 19:09:24:110,-1.4706,1.1452,10.1461,-0.0042,-0.0073,9.8066,-0.0052,0.0505,0.0117,-20.44,-32,17.56,295.14,-79.85,174.58
52.41719,-1.541517,156.06,9.31,4,114,20 / 21,3197529,2019-09-06 19:09:24:211,-0.7633,-0.6277,9.5347,0.0034,0.0039,9.8066,0.0628,-0.0583,0.0353,-21.75,-32.56,17.44,290.84,-79.83,174.91
52.41719,-1.541517,156.06,9.31,4,114,20 / 21,3197628,2019-09-06 19:09:24:310,-1.2575,0.9871,9.7379,-0.0169,0.0107,9.8065,-0.0923,0.0137,-0.0686,-22.87,-32.44,18,292.48,-79.86,175.15
52.41719,-1.541517,156.06,9.31,4,114,20 / 21,3197729,2019-09-06 19:09:24:411,-0.4505,-0.5878,10.5218,-0.0296,0.009,9.8066,0.0278,0.0467,-0.0169,-21.87,-32.56,18.75,295.56,-79.88,175.6
52.41719,-1.541517,156.06,9.31,4,114,20 / 21,3197828,2019-09-06 19:09:24:510,-0.931,0.0482,10.1947,0.0361,-0.0235,9.8065,0.143,0.0423,0.0561,-21.75,-32.62,18.75,295.53,-79.63,175.86
52.41719,-1.541517,156.06,9.31,4,114,20 / 21,3197929,2019-09-06 19:09:24:611,-0.2908,0.1522,9.0136,0.0233,-0.0092,9.8066,-0.0522,0.0129,-0.0462,-21.5,-33.19,18.13,294.81,-79.59,176.01
52.41719,-1.541517,156.06,9.31,4,114,20 / 21,3198029,2019-09-06 19:09:24:711,-0.7108,0.2433,9.4779,0.016,-0.0114,9.8066,0.0395,-0.0914,-0.0171,-22.44,-33,18.69,295.83,-79.7,176.04
52.41719,-1.541517,156.06,9.31,4,114,20 / 21,3198129,2019-09-06 19:09:24:811,-1.2726,-0.677,10.334,0.0286,-0.0224,9.8066,-0.0715,-0.0223,0.0249,-21.37,-32.31,18.63,297.3,-79.59,176.14
52.41719,-1.541517,156.06,9.31,4,114,20 / 21,3198229,2019-09-06 19:09:24:911,-0.2668,0.0526,9.7337,0.0093,-0.004,9.8066,0.0215,0.0504,0.0035,-21.06,-32.37,18.44,295.08,-79.59,175.91
52.41719,-1.541517,156.06,9.31,4,114,20 / 21,3198329,2019-09-06 19:09:25:011,0.2274,-0.133,9.5395,0.0057,0.0005,9.8066,0.0038,-0.0038,-0.0169,-20.75,-32.44,17.63,294.95,-79.58,175.8
52.41719,-1.541517,156.06,9.31,4,114,21 / 22,3198429,2019-09-06 19:09:25:111,-0.2969,-0.1647,9.263,-0.0102,0.0074,9.8066,-0.0164,-0.0351,-0.0022,-21.81,-32.5,17.5,294.11,-79.6,176.02
52.41719,-1.541517,156.06,9.31,4,114,21 / 22,3198529,2019-09-06 19:09:25:211,-0.6963,-0.0782,9.8246,0.0043,-0.0056,9.8066,-0.0513,-0.0684,-0.0025,-22.5,-32.87,19.38,295.77,-79.74,175.95
52.41719,-1.541517,156.06,9.31,4,114,21 / 22,3198628,2019-09-06 19:09:25:310,-0.44,0.8425,9.4246,-0.0255,0.0158,9.8065,-0.0333,0.0116,-0.0096,-21.75,-32.5,19.44,295.97,-79.89,175.65
52.41719,-1.541517,156.06,9.31,4,114,21 / 22,3198729,2019-09-06 19:09:25:411,-0.6634,0.7603,9.9257,-0.0016,-0.0195,9.8066,0.0182,-0.0432,0.0974,-21.37,-32.44,18.75,298.14,-79.76,176.73
52.41719,-1.541517,156.06,9.31,4,114,21 / 22,3198829,2019-09-06 19:09:25:511,0.5834,0.0577,10.0422,-0.0153,0.011,9.8065,0.049,-0.0658,0.0272,-21.81,-32.5,18.75,296.82,-79.91,176.4
52.41719,-1.541517,156.06,9.31,4,114,21 / 22,3198928,2019-09-06 19:09:25:610,-0.9575,-0.2438,9.9048,0.0002,-0.0013,9.8066,0.0066,-0.0242,-0.0225,-20.81,-32.19,19.13,298.19,-79.79,176.73
52.41719,-1.541517,156.06,9.31,4,114,21 / 22,3199028,2019-09-06 19:09:25:710,-0.5373,0.2661,9.8437,-0.0112,0.0017,9.8066,-0.0539,0.0287,-0.0242,-20.19,-32.37,18.38,297.5,-79.74,176.86
52.41719,-1.541517,156.06,9.31,4,114,21 / 22,3199128,2019-09-06 19:09:25:810,-0.2313,0.1394,9.9133,-0.0106,0.0056,9.8066,0.0515,0.0239,0.0372,-21.94,-31.94,17.75,295.61,-79.85,177.12
52.41719,-1.541517,156.06,9.31,4,114,21 / 22,3199229,2019-09-06 19:09:25:911,0.0305,0.286,9.6275,0.0163,-0.0081,9.8066,0.0454,-0.0392,0.0136,-22.06,-31.56,18.25,295.34,-79.84,176.87
52.41719,-1.541517,156.06,9.31,4,114,21 / 22,3199329,2019-09-06 19:09:26:011,-0.8868,-0.0904,10.1946,0.0161,-0.0083,9.8066,0.0184,0.008,-0.041,-22.19,-31.75,18.63,297.37,-79.86,176.96
52.41719,-1.541517,156.06,9.31,4,114,21 / 21,3199429,2019-09-06 19:09:26:111,-0.4534,-0.495,10.0514,0.0077,-0.016,9.8066,-0.026,-0.0449,0.0265,-21.87,-32.06,18.63,297.7,-79.77,177.36
52.41719,-1.541517,156.06,9.31,4,114,21 / 21,3199528,2019-09-06 19:09:26:210,-0.049,-0.181,9.6025,0.005,-0.0062,9.8066,0.1063,0.0072,0.0333,-21.87,-31.87,19,297.97,-79.72,177.65
52.41719,-1.541517,156.06,9.31,4,114,21 / 21,3199629,2019-09-06 19:09:26:311,-0.7147,0.0895,9.7953,-0.0147,0.0042,9.8066,-0.0102,0.0117,0.0001,-21.81,-32,18.81,298.62,-79.74,178.23
52.41719,-1.541517,156.06,9.31,4,114,21 / 21,3199728,2019-09-06 19:09:26:410,-0.1751,-0.3385,9.8755,-0.0161,0.0023,9.8066,0.004,-0.0045,0.0091,-21.31,-31.37,18.94,300.86,-79.89,178.73
52.41719,-1.541517,156.06,9.31,4,114,21 / 21,3199829,2019-09-06 19:09:26:511,-0.9744,-0.2088,9.8458,0.0106,-0.0187,9.8066,0.0664,-0.0787,0.0704,-21.25,-32.06,17.88,299.1,-79.78,179.35
52.41719,-1.541517,156.06,9.31,4,114,21 / 21,3199929,2019-09-06 19:09:26:611,-0.0894,-0.9968,9.926,0.006,-0.0047,9.8066,-0.0117,-0.0824,0.0294,-21.5,-32.25,18.44,299.18,-79.84,179.35
52.41719,-1.541517,156.06,9.31,4,114,21 / 21,3200030,2019-09-06 19:09:26:712,-1.0498,0.7345,9.8714,-0.0172,0.0056,9.8066,0.1355,-0.0107,0.039,-21.31,-31.87,18.56,301.6,-79.89,179.7
52.41719,-1.541517,156.06,9.31,4,114,21 / 21,3200129,2019-09-06 19:09:26:811,-0.5346,-0.0267,9.9658,-0.0035,-0.0051,9.8066,0.0951,-0.0019,-0.0151,-21.69,-31.62,17.69,298.77,-79.8,-179.94
52.41719,-1.541517,156.06,9.31,4,114,21 / 21,3200229,2019-09-06 19:09:26:911,-0.6075,-0.3839,10.018,-0.0141,0.0011,9.8066,0.1402,-0.0824,0.0382,-23.37,-32.44,17.81,298.04,-79.84,-179.69
52.41719,-1.541517,156.06,9.31,4,114,21 / 21,3200329,2019-09-06 19:09:27:011,-0.5975,-1.4073,9.9825,-0.0403,0.0156,9.8065,-0.0234,-0.0555,-0.0071,-24.06,-32.5,18.31,297.58,-80.04,-179.41
52.4168,-1.539902,157.54,14.09,4,113.34,21 / 21,3200429,2019-09-06 19:09:27:111,-0.1303,-0.5674,10.5111,0.0074,-0.0065,9.8066,-0.0606,-0.0051,0.0165,-24.62,-32.44,18.13,296.98,-80.04,-179.09
52.4168,-1.539902,157.54,14.09,4,113.34,21 / 21,3200529,2019-09-06 19:09:27:211,-0.3214,-0.509,9.5575,0.0273,-0.0033,9.8066,-0.1425,-0.0243,0.0276,-24.12,-31.75,20.5,302.94,-79.99,-179.33
52.4168,-1.539902,157.54,14.09,4,113.34,21 / 21,3200628,2019-09-06 19:09:27:310,-1.2197,0.5044,9.9399,0.0432,-0.0333,9.8065,-0.1305,-0.0077,-0.0196,-21.5,-30.69,22.13,308.35,-79.89,-179.4
52.4168,-1.539902,157.54,14.09,4,113.34,21 / 21,3200729,2019-09-06 19:09:27:411,-0.0986,0.1002,9.7333,-0.0108,0.0101,9.8066,0.0355,0.023,-0.0181,-18.81,-30.94,19.75,307.25,-79.98,-179.75
52.4168,-1.539902,157.54,14.09,4,113.34,21 / 21,3200829,2019-09-06 19:09:27:511,0.1327,-0.0705,9.6493,-0.0184,0.0113,9.8065,-0.0551,-0.0946,0.0257,-19.37,-30.87,18.75,305.36,-80.1,-179.83
52.4168,-1.539902,157.54,14.09,4,113.34,21 / 21,3200928,2019-09-06 19:09:27:610,-0.3902,0.1189,9.2021,-0.0168,0.0133,9.8066,-0.1181,-0.0035,-0.045,-20.5,-30.87,17.69,302.41,-80.22,-179.59
52.4168,-1.539902,157.54,14.09,4,113.34,21 / 21,3201029,2019-09-06 19:09:27:711,-0.4249,0.7121,9.3629,0.0019,0.0059,9.8066,-0.0406,-0.0206,-0.0014,-21.12,-30.87,17.75,301.19,-80.5,-179.87
52.4168,-1.539902,157.54,14.09,4,113.34,21 / 21,3201129,2019-09-06 19:09:27:811,-1.6635,-0.0715,10.0453,-0.0041,0.005,9.8066,-0.0281,-0.0496,0.0076,-21.12,-31.87,18,300.7,-80.59,179.89
52.4168,-1.539902,157.54,14.09,4,113.34,21 / 21,3201228,2019-09-06 19:09:27:910,-0.6544,0.2467,10.066,-0.0119,0.0105,9.8065,0.0286,0.0169,-0.0333,-20.69,-32.25,18.19,300.42,-80.6,179.62
52.4168,-1.539902,157.54,14.09,4,113.34,21 / 21,3201328,2019-09-06 19:09:28:010,-1.0218,-0.4763,9.9095,0.0059,-0.0025,9.8066,0.0539,0.0581,-0.0214,-20.69,-31.62,17.31,297.54,-80.5,178.97
52.4168,-1.539902,157.54,14.09,4,113.34,22 / 22,3201429,2019-09-06 19:09:28:111,-1.1802,-0.5552,9.8451,0.0142,0.0025,9.8066,-0.0392,-0.0147,0.0021,-21.81,-32.56,18.06,297.76,-80.49,178.68
52.4168,-1.539902,157.54,14.09,4,113.34,22 / 22,3201529,2019-09-06 19:09:28:211,-1.0651,0.1259,9.8195,0.0009,-0.0001,9.8066,-0.0371,0.0437,-0.0276,-22.44,-32.75,18.06,297.54,-80.57,178.39
52.4168,-1.539902,157.54,14.09,4,113.34,22 / 22,3201629,2019-09-06 19:09:28:311,-0.1251,-0.3824,9.5511,0.0198,-0.0109,9.8066,-0.0326,0.0032,0.0121,-23.06,-33.19,18.81,297.79,-80.49,177.97
52.4168,-1.539902,157.54,14.09,4,113.34,22 / 22,3201729,2019-09-06 19:09:28:411,-0.0591,-0.3593,9.611,0.0218,-0.011,9.8066,-0.0435,-0.0251,0.0244,-22.19,-32.75,19.13,298.77,-80.49,177.86
52.4168,-1.539902,157.54,14.09,4,113.34,22 / 22,3201828,2019-09-06 19:09:28:510,-1.545,0.428,10.0786,-0.0096,0.0119,9.8066,-0.0097,0.0169,-0.033,-21.19,-32.62,18.69,300.45,-80.59,178.21
52.4168,-1.539902,157.54,14.09,4,113.34,22 / 22,3201929,2019-09-06 19:09:28:611,-0.7196,0.0305,9.1555,0.0075,-0.0083,9.8066,0.0846,-0.0146,0.0036,-21.75,-33.12,18.44,297.1,-80.58,177.98
52.4168,-1.539902,157.54,14.09,4,113.34,22 / 22,3202028,2019-09-06 19:09:28:710,-0.7275,0.0833,9.623,-0.0224,0.0047,9.8066,-0.0041,-0.0279,0.0151,-21.81,-32.69,18.44,298.33,-80.58,179.1
52.4168,-1.539902,157.54,14.09,4,113.34,22 / 22,3202128,2019-09-06 19:09:28:810,-1.6619,-0.3558,9.1489,-0.0263,-0.002,9.8065,-0.0607,-0.0241,0.0657,-21.87,-32.5,19.19,301.46,-80.66,179.84
52.4168,-1.539902,157.54,14.09,4,113.34,22 / 22,3202229,2019-09-06 19:09:28:911,-0.6987,0.4495,9.4141,-0.0258,0.0293,9.8065,0.0925,0.0127,0.0096,-21.44,-32.44,20.38,304.64,-80.89,179.72
52.4168,-1.539902,157.54,14.09,4,113.34,22 / 22,3202329,2019-09-06 19:09:29:011,-0.0598,-0.4826,9.6207,-0.0244,0.0072,9.8066,0.0937,0.0429,-0.0792,-20.31,-32.62,19.5,306.03,-80.99,179.93
52.4168,-1.539902,157.54,14.09,4,113.34,20 / 21,3202429,2019-09-06 19:09:29:111,-0.7401,-0.0365,9.8323,0.0313,-0.0098,9.8065,-0.1593,-0.0079,0.005,-20.62,-32.94,19.25,302.26,-80.96,179.43
52.4168,-1.539902,157.54,14.09,4,113.34,20 / 21,3202528,2019-09-06 19:09:29:210,-0.2659,0.2587,9.5013,0.0277,-0.0109,9.8065,-0.0965,-0.0483,0.0144,-20.62,-33.12,18.56,301.03,-80.77,178.53
52.4168,-1.539902,157.54,14.09,4,113.34,20 / 21,3202629,2019-09-06 19:09:29:311,-1.1129,0.21,10.1817,-0.0274,0.0163,9.8065,0.0585,-0.0158,-0.0074,-21.31,-32.69,18,299.27,-80.96,178.48
52.4168,-1.539902,157.54,14.09,4,113.34,20 / 21,3202729,2019-09-06 19:09:29:411,-1.3045,0.1119,10.4435,-0.0237,0.0171,9.8065,-0.0101,-0.0283,0.009,-22.12,-32.44,18.63,299.92,-80.97,178.11
52.4168,-1.539902,157.54,14.09,4,113.34,20 / 21,3202829,2019-09-06 19:09:29:511,0.4582,-0.3522,9.9879,0.0183,-0.0165,9.8065,0.05,-0.0204,0.0404,-22.31,-32.25,19.56,301.89,-80.77,178.46
52.4168,-1.539902,157.54,14.09,4,113.34,20 / 21,3202928,2019-09-06 19:09:29:610,-0.0999,0.113,10.141,-0.0098,-0.0161,9.8066,0.0775,-0.0508,0.0137,-21.31,-32.06,19.69,304.35,-80.8,179.54
52.4168,-1.539902,157.54,14.09,4,113.34,20 / 21,3203028,2019-09-06 19:09:29:710,-0.3121,-0.5472,9.969,0.0152,-0.0108,9.8066,-0.0821,-0.0253,0.0346,-21.44,-33.19,19.13,303.12,-80.97,-179.8
52.4168,-1.539902,157.54,14.09,4,113.34,20 / 21,3203129,2019-09-06 19:09:29:811,-1.3533,0.2562,9.9569,0.0135,-0.0158,9.8065,-0.0473,-0.0244,0.0454,-20.69,-33.31,18.88,303.6,-80.92,-179.31
52.4168,-1.539902,157.54,14.09,4,113.34,20 / 21,3203229,2019-09-06 19:09:29:911,-0.1865,0.4884,9.7806,-0.0167,0.0152,9.8065,0.0608,0.051,-0.0763,-20.87,-33,18.06,302.22,-81.14,-179.06
52.4168,-1.539902,157.54,14.09,4,113.34,20 / 21,3203329,2019-09-06 19:09:30:011,-0.9509,0.1763,9.9261,0.0008,-0.001,9.8066,0.0497,0.0082,-0.0484,-20.62,-33.56,18.44,301.33,-81.04,-179.46
52.4168,-1.539902,157.54,14.09,4,113.34,21 / 21,3203428,2019-09-06 19:09:30:110,-0.029,-0.5858,9.4025,0.012,-0.0051,9.8066,-0.0362,-0.0325,0.0935,-21.25,-32.44,18.31,301.58,-80.97,-179.72
52.4168,-1.539902,157.54,14.09,4,113.34,21 / 21,3203529,2019-09-06 19:09:30:211,-1.5522,0.4405,9.7496,0.001,-0.0039,9.8066,0.0228,-0.0073,-0.0587,-20.62,-32.37,18.44,302.12,-81.14,-179.42
52.4168,-1.539902,157.54,14.09,4,113.34,21 / 21,3203628,2019-09-06 19:09:30:310,-1.1472,0.049,9.4815,-0.0242,0.0153,9.8066,0.0593,-0.0222,0.0061,-19.31,-31.62,18,305.69,-81.18,-178.62
52.4168,-1.539902,157.54,14.09,4,113.34,21 / 21,3203728,2019-09-06 19:09:30:410,-0.4662,-0.1771,9.5956,-0.0095,0.0044,9.8066,0.0637,-0.0154,0.0094,-20.5,-32.44,17.5,304.76,-81.39,-178.44
52.4168,-1.539902,157.54,14.09,4,113.34,21 / 21,3203828,2019-09-06 19:09:30:510,-1.2299,0.157,10.144,-0.0107,0.0126,9.8066,0.0098,-0.043,-0.0116,-21.87,-32.69,18.19,301.85,-81.43,-178.63
52.4168,-1.539902,157.54,14.09,4,113.34,21 / 21,3203928,2019-09-06 19:09:30:610,-0.6357,-0.757,10.3776,-0.0022,0.0004,9.8066,0.0119,-0.0088,-0.0133,-22.87,-31.44,18.25,300.83,-81.35,-178.98
52.4168,-1.539902,157.54,14.09,4,113.34,21 / 21,3204029,2019-09-06 19:09:30:711,-0.6321,0.3671,9.6381,-0.0061,0.0066,9.8066,0.0617,0.0092,0.0283,-23.5,-31.06,20.25,303.92,-81.28,-179.37
52.4168,-1.539902,157.54,14.09,4,113.34,21 / 21,3204128,2019-09-06 19:09:30:810,-1.7028,0.6017,10.1114,-0.0049,-0.0033,9.8066,-0.0321,-0.0022,0.0151,-22.37,-31.94,20.19,305.24,-81.24,-178.96
52.4168,-1.539902,157.54,14.09,4,113.34,21 / 21,3204229,2019-09-06 19:09:30:911,-1.0025,0.2515,9.693,0.0108,-0.006,9.8066,0.0067,0.0027,0.0084,-22,-32,19.06,303.99,-81.33,-178.55
52.4168,-1.539902,157.54,14.09,4,113.34,21 / 21,3204328,2019-09-06 19:09:31:010,-1.0477,0.3407,10.387,0.0282,-0.0328,9.8065,-0.0744,-0.0107,-0.014,-22.56,-31.75,19.13,303.16,-81.17,-178.09
52.4168,-1.539902,157.54,14.09,4,113.34,22 / 22,3204429,2019-09-06 19:09:31:111,-1.6642,1.5122,9.7698,-0.0157,-0.0039,9.8066,-0.024,0.0418,-0.0169,-22.69,-31.81,19.63,306.29,-81.37,-177.05
52.4168,-1.539902,157.54,14.09,4,113.34,22 / 22,3204528,2019-09-06 19:09:31:210,-3.0295,0.2943,9.0684,-0.0069,-0.0036,9.8066,-0.0516,-0.109,0.0713,-22.12,-32,19.56,308.13,-81.33,-176.44
52.4168,-1.539902,157.54,14.09,4,113.34,22 / 22,3204629,2019-09-06 19:09:31:311,-1.4041,1.7784,9.6813,-0.0053,0.0113,9.8066,0.0634,-0.05,0.0516,-21.69,-32.56,18.81,306.91,-81.45,-175.79
52.4168,-1.539902,157.54,14.09,4,113.34,22 / 22,3204729,2019-09-06 19:09:31:411,-2.7976,0.5758,9.9523,-0.0127,0.0044,9.8066,0.0075,-0.0541,0.0365,-22.44,-31,19.31,308.08,-81.57,-175.31
52.4168,-1.539902,157.54,14.09,4,113.34,22 / 22,3204828,2019-09-06 19:09:31:510,-2.5401,1.9415,9.3306,-0.0041,0.0058,9.8066,-0.0463,0.0212,-0.0559,-22.87,-31,18.69,307.13,-81.74,-175.26
52.4168,-1.539902,157.54,14.09,4,113.34,22 / 22,3204929,2019-09-06 19:09:31:611,-3.5276,2.7395,10.3577,-0.0043,0.0087,9.8066,-0.12,-0.0263,0.095,-21.94,-31.31,18.56,308.07,-81.88,-175.62
52.4168,-1.539902,157.54,14.09,4,113.34,22 / 22,3205029,2019-09-06 19:09:31:711,-2.6343,0.5473,9.7771,0.0227,-0.0209,9.8066,-0.1015,0.0139,-0.0296,-22.56,-31.75,18.44,303.86,-81.89,-176.49
52.4168,-1.539902,157.54,14.09,4,113.34,22 / 22,3205129,2019-09-06 19:09:31:811,-1.5753,0.6372,9.3603,0.0075,-0.0193,9.8066,-0.0988,0.0278,-0.1715,-22.56,-32.19,19.81,308.28,-81.98,-175.82
52.4168,-1.539902,157.54,14.09,4,113.34,22 / 22,3205228,2019-09-06 19:09:31:910,-3.6268,2.42,9.9506,0.0212,-0.0007,9.8065,-0.0093,-0.0493,0.2106,-21.94,-31.81,19.88,307.99,-82.11,-177.29
52.4168,-1.539902,157.54,14.09,4,113.34,22 / 22,3205329,2019-09-06 19:09:32:011,-3.0481,3.48,10.173,0.0287,-0.0484,9.8064,-0.2173,0.0377,-0.171,-20.31,-32.12,19.75,312.12,-81.99,-175.85
52.4168,-1.539902,157.54,14.09,4,113.34,21 / 21,3205429,2019-09-06 19:09:32:111,-1.2164,-0.4942,9.1015,-0.022,0.0276,9.8066,0.2053,-0.0796,0.1272,-19.94,-32.37,18.81,309.7,-82.11,-176.48
52.4168,-1.539902,157.54,14.09,4,113.34,21 / 21,3205529,2019-09-06 19:09:32:211,-3.2011,1.418,9.3293,-0.0214,-0.0046,9.8066,0.012,-0.0124,-0.0013,-21.12,-32.44,17.75,307.49,-82.14,-175.6
52.4168,-1.539902,157.54,14.09,4,113.34,21 / 21,3205628,2019-09-06 19:09:32:310,-3.0232,1.64,10.1198,-0.0035,-0.0066,9.8066,-0.0872,0.0387,-0.0539,-21.62,-32.31,18.5,307.63,-82.28,-176.17
52.4168,-1.539902,157.54,14.09,4,113.34,21 / 21,3205731,2019-09-06 19:09:32:413,-2.4511,2.7199,9.7211,-0.0077,0.0237,9.8066,0.0473,-0.0363,0.0438,-20.87,-31.75,18.56,308.01,-82.47,-177.15
52.4168,-1.539902,157.54,14.09,4,113.34,21 / 21,3205828,2019-09-06 19:09:32:510,-3.8043,2.0594,9.6652,-0.0067,0.0039,9.8066,0.0473,0.0494,0.0197,-21.12,-32.56,18.5,308,-82.49,-176.97
52.4168,-1.539902,157.54,14.09,4,113.34,21 / 21,3205929,2019-09-06 19:09:32:611,-2.0739,1.7603,9.8951,-0.031,0.0047,9.8066,-0.1441,0.028,-0.0356,-20.87,-32.5,19.19,308.79,-82.61,-176.57
52.4168,-1.539902,157.54,14.09,4,113.34,21 / 21,3206029,2019-09-06 19:09:32:711,-2.4739,1.6034,10.5219,0.0367,-0.019,9.8065,-0.0399,0.0586,-0.0192,-21.5,-33.56,18.75,308.17,-82.66,-176.78
52.4168,-1.539902,157.54,14.09,4,113.34,21 / 21,3206129,2019-09-06 19:09:32:811,-2.2171,1.6148,10.0036,0.0339,-0.02,9.8065,-0.0164,-0.043,0.0338,-20.94,-33.56,18.06,305.53,-82.48,-177.27
52.4168,-1.539902,157.54,14.09,4,113.34,21 / 21,3206230,2019-09-06 19:09:32:912,-2.0647,1.0762,9.6383,-0.0072,0.015,9.8066,-0.0299,-0.0332,0.0266,-21.81,-33.56,18.31,304.81,-82.59,-176.94
52.4168,-1.539902,157.54,14.09,4,113.34,21 / 21,3206329,2019-09-06 19:09:33:011,-3.219,1.3632,9.4209,0.0147,-0.0031,9.8066,-0.0229,-0.0697,0.0202,-21.25,-32.94,18.81,307.72,-82.58,-177.32
52.4168,-1.539902,157.54,14.09,4,113.34,22 / 22,3206429,2019-09-06 19:09:33:111,-2.6996,2.6571,9.9199,0.0091,0.0153,9.8066,-0.0283,0.0156,0.0302,-20.94,-33.25,18.75,307.59,-82.57,-177.41
52.4168,-1.539902,157.54,14.09,4,113.34,22 / 22,3206529,2019-09-06 19:09:33:211,-2.4774,1.193,9.6618,0.0026,-0.0118,9.8066,0.0144,0.0591,-0.0061,-20.62,-33.44,18.5,307.71,-82.56,-177.3
52.4168,-1.539902,157.54,14.09,4,113.34,22 / 22,3206629,2019-09-06 19:09:33:311,-1.6783,1.0019,9.5467,-0.0098,0.0078,9.8066,0.0161,-0.0005,0.0153,-20.62,-33.69,18.25,307.41,-82.57,-175.67
52.4168,-1.539902,157.54,14.09,4,113.34,22 / 22,3206729,2019-09-06 19:09:33:411,-1.9222,2.2073,9.3791,-0.0112,-0.0053,9.8066,0.0319,0.0198,0.0202,-20.69,-34.06,17.94,308.3,-82.76,-175.05
52.4168,-1.539902,157.54,14.09,4,113.34,22 / 22,3206829,2019-09-06 19:09:33:511,-2.7422,1.7062,9.7812,-0.0271,0.0143,9.8065,0.0986,-0.0191,0.0603,-21,-34.25,18.13,310.18,-82.97,-173.58
52.4168,-1.539902,157.54,14.09,4,113.34,22 / 22,3206929,2019-09-06 19:09:33:611,-2.2415,2.6061,9.7618,-0.0336,0.0022,9.8065,0.0271,0.0653,-0.0317,-21.19,-34.37,17.56,311.63,-82.98,-172.28
52.4168,-1.539902,157.54,14.09,4,113.34,22 / 22,3207028,2019-09-06 19:09:33:710,-2.9446,1.5559,9.6397,0.0057,-0.013,9.8066,0.0027,0.0135,-0.0015,-21.56,-34.12,17.88,311.71,-82.99,-171.09
52.4168,-1.539902,157.54,14.09,4,113.34,22 / 22,3207128,2019-09-06 19:09:33:810,-3.1847,1.5494,9.4279,0.0144,0.0013,9.8066,-0.0189,-0.0449,0.0003,-21.25,-33.94,18,312.77,-83.1,-171.38
52.4168,-1.539902,157.54,14.09,4,113.34,22 / 22,3207228,2019-09-06 19:09:33:910,-2.8257,1.2045,9.5371,-0.0358,0.0184,9.8065,-0.0025,0.0305,0.0606,-21.12,-33.5,18.06,313.65,-83.26,-170.91
52.4168,-1.539902,157.54,14.09,4,113.34,22 / 22,3207328,2019-09-06 19:09:34:010,-1.8837,1.6156,9.6813,-0.0199,-0.0013,9.8066,-0.0408,-0.0059,-0.0083,-21.87,-33.87,18.13,314.16,-83.54,-169.39
52.4168,-1.539902,157.54,14.09,4,113.34,21 / 21,3207428,2019-09-06 19:09:34:110,-2.3314,1.1755,9.7408,-0.0099,0.0106,9.8066,0.0732,0.0062,-0.0032,-21.62,-33.69,17.44,312.46,-83.64,-169.31
52.4168,-1.539902,157.54,14.09,4,113.34,21 / 21,3207529,2019-09-06 19:09:34:211,-1.8137,0.9087,9.9154,-0.0223,0.0088,9.8065,0.0777,-0.0062,0.0163,-20.94,-34.37,17.81,316.01,-83.7,-169.02
52.4168,-1.539902,157.54,14.09,4,113.34,21 / 21,3207628,2019-09-06 19:09:34:310,-1.6565,0.7505,10.0631,0.0065,-0.0136,9.8066,-0.0176,-0.0681,0.0224,-21.87,-34.87,17.5,315.92,-83.69,-167.78
52.4168,-1.539902,157.54,14.09,4,113.34,21 / 21,3207728,2019-09-06 19:09:34:410,-1.9553,0.3631,10.1371,-0.0132,0.001,9.8066,0.0422,-0.0753,0.0497,-21.62,-34.19,18.31,317.6,-83.82,-166.53
52.4168,-1.539902,157.54,14.09,4,113.34,21 / 21,3207828,2019-09-06 19:09:34:510,-2.5703,0.5684,10.0072,0.0032,-0.0166,9.8066,-0.0455,-0.0892,0.038,-21.31,-33.75,18.31,320.81,-83.92,-164.91
52.4168,-1.539902,157.54,14.09,4,113.34,21 / 21,3207929,2019-09-06 19:09:34:611,-2.8994,-0.1118,9.6246,0.0032,-0.0155,9.8065,0.0134,-0.0998,0.0099,-22.06,-33.19,18.38,321.71,-83.87,-163.01
52.4168,-1.539902,157.54,14.09,4,113.34,21 / 21,3208028,2019-09-06 19:09:34:710,-2.1669,0.2106,9.6828,-0.0146,0.0038,9.8066,-0.0638,-0.1415,0.0451,-21.94,-33.62,18.44,322.47,-84.03,-162.31
52.4168,-1.539902,157.54,14.09,4,113.34,21 / 21,3208128,2019-09-06 19:09:34:810,-1.8422,-0.8738,9.8828,-0.0043,-0.004,9.8066,0.0204,-0.1692,0.0298,-21.56,-33.25,18.56,325.44,-84.03,-161.39
52.4168,-1.539902,157.54,14.09,4,113.34,21 / 21,3208229,2019-09-06 19:09:34:911,-1.1035,-0.6652,9.3876,-0.0143,0.0128,9.8066,0.019,-0.1749,0.0003,-22.25,-33.25,19.75,327.19,-84.08,-161.38
52.4168,-1.539902,157.54,14.09,4,113.34,21 / 21,3208328,2019-09-06 19:09:35:010,-1.3734,-1.8432,10.1995,-0.0229,-0.0089,9.8066,0.0715,-0.2343,0.0839,-21.94,-33.37,20.06,328.86,-84.06,-159.87
52.4168,-1.539902,157.54,14.09,4,113.34,22 / 22,3208428,2019-09-06 19:09:35:110,-1.2938,-0.806,10.1107,0.0065,-0.0202,9.8066,-0.0459,-0.2567,0.0516,-21.56,-33.31,20.19,330.81,-84,-158.08
52.4168,-1.539902,157.54,14.09,4,113.34,22 / 22,3208529,2019-09-06 19:09:35:211,-1.8995,-0.8861,9.5975,0.0073,-0.0141,9.8066,-0.0208,-0.246,0.035,-21.75,-33.94,20.81,333.91,-83.88,-156.62
52.4168,-1.539902,157.54,14.09,4,113.34,22 / 22,3208628,2019-09-06 19:09:35:310,-1.8936,-1.5313,9.7242,-0.0005,0.0167,9.8066,-0.04,-0.3133,-0.031,-22.12,-33.25,21.13,333.69,-84.01,-156.97
52.4168,-1.539902,157.54,14.09,4,113.34,22 / 22,3208728,2019-09-06 19:09:35:410,-1.4823,-1.0977,9.718,-0.0021,0.0121,9.8066,0.0199,-0.3093,0.0285,-21.62,-33.06,21.56,334.64,-84.14,-157.58
52.4168,-1.539902,157.54,14.09,4,113.34,22 / 22,3208828,2019-09-06 19:09:35:510,-1.7331,-1.0817,9.8909,0.0027,0.0006,9.8066,0.0359,-0.329,0.0473,-20.25,-33.06,22.25,337.12,-84.19,-158
52.4168,-1.539902,157.54,14.09,4,113.34,22 / 22,3208929,2019-09-06 19:09:35:611,-1.9828,-0.7965,9.8684,-0.0023,0.0079,9.8066,-0.0581,-0.3385,-0.0128,-20.12,-32.81,22.38,337.31,-84.31,-157.88
52.4168,-1.539902,157.54,14.09,4,113.34,22 / 22,3209028,2019-09-06 19:09:35:710,-2.2919,-0.9015,9.6585,0.0019,0.0081,9.8066,-0.0127,-0.3489,0.0307,-19.37,-33.12,23.69,341.34,-84.35,-158.26
52.4168,-1.539902,157.54,14.09,4,113.34,22 / 22,3209129,2019-09-06 19:09:35:811,-2.1915,-0.8144,9.6396,0.0052,0.0113,9.8066,-0.0025,-0.392,0.0073,-18.87,-33.12,24.13,339.99,-84.51,-159.54
52.4168,-1.539902,157.54,14.09,4,113.34,22 / 22,3209229,2019-09-06 19:09:35:911,-1.9136,-0.7502,9.8857,0.0003,0.0139,9.8065,0.021,-0.3944,0.0001,-18,-33.81,24.63,341.72,-84.65,-160.6
52.4168,-1.539902,157.54,14.09,4,113.34,22 / 22,3209329,2019-09-06 19:09:36:011,-1.9505,-0.8938,9.811,-0.0058,0.0178,9.8066,-0.0364,-0.4098,0.0109,-18,-33.81,24.44,339.88,-84.77,-161.14
52.416416,-1.538482,158.74,5.69,3,136.92,21 / 21,3209430,2019-09-06 19:09:36:112,-2.0772,-0.6927,9.498,-0.0082,0.017,9.8066,-0.0511,-0.3877,0.0246,-17.56,-33.25,24.94,341.15,-84.97,-161.29
52.416416,-1.538482,158.74,5.69,3,136.92,21 / 21,3209528,2019-09-06 19:09:36:210,-2.0537,-0.6309,9.818,-0.0097,0.0164,9.8066,-0.0641,-0.4131,0.0149,-16.37,-33.12,26.31,346.81,-85.29,-160.38
52.416416,-1.538482,158.74,5.69,3,136.92,21 / 21,3209628,2019-09-06 19:09:36:310,-1.9247,-0.7277,9.6699,-0.0163,0.0185,9.8066,-0.0132,-0.4026,0.0571,-15.87,-33.31,26.06,348.32,-85.51,-159.05
52.416416,-1.538482,158.74,5.69,3,136.92,21 / 21,3209729,2019-09-06 19:09:36:411,-2.1832,-0.6321,9.8431,-0.0102,0.0056,9.8066,-0.0549,-0.4415,-0.0052,-15.19,-33.19,25.88,352.32,-85.68,-157.04
52.416416,-1.538482,158.74,5.69,3,136.92,21 / 21,3209828,2019-09-06 19:09:36:510,-2.3916,-0.3212,9.8987,-0.0095,0.0177,9.8065,-0.0298,-0.4614,0.0237,-14.75,-33.31,26.44,353.89,-85.89,-155.64
52.416416,-1.538482,158.74,5.69,3,136.92,21 / 21,3209929,2019-09-06 19:09:36:611,-2.1858,-0.2928,9.8353,-0.0027,0.0111,9.8066,-0.0037,-0.4513,0.0409,-14,-33.37,27.38,357.77,-86.01,-154.65
52.416416,-1.538482,158.74,5.69,3,136.92,21 / 21,3210030,2019-09-06 19:09:36:712,-2.0838,-0.5081,9.7263,-0.0125,0.0035,9.8066,-0.034,-0.4828,0.0212,-13.31,-33.94,27.13,1.8,-86.13,-152.63
52.416416,-1.538482,158.74,5.69,3,136.92,21 / 21,3210129,2019-09-06 19:09:36:811,-2.1319,-0.4547,9.6522,-0.0081,0.0091,9.8066,-0.0118,-0.4662,0.0385,-12.87,-34.31,27.19,3.95,-86.13,-150.65
52.416416,-1.538482,158.74,5.69,3,136.92,21 / 21,3210230,2019-09-06 19:09:36:912,-2.3733,-0.7533,9.7708,-0.0146,0.0059,9.8065,0.0281,-0.4775,0.0447,-11.44,-33,27.5,10.81,-86.16,-148.56
52.416416,-1.538482,158.74,5.69,3,136.92,21 / 21,3210329,2019-09-06 19:09:37:011,-1.7578,-0.2524,10.182,0.0012,-0.0134,9.8066,-0.0554,-0.5108,0.0463,-10.75,-32.94,28.81,12.49,-86.05,-147.68
52.416416,-1.538482,158.74,5.69,3,136.92,22 / 22,3210429,2019-09-06 19:09:37:111,-3.2033,-1.4512,9.8853,-0.0063,-0.0205,9.8066,0.0415,-0.6196,0.1068,-10.44,-34,28.06,16.46,-85.97,-145.23
52.416416,-1.538482,158.74,5.69,3,136.92,22 / 22,3210529,2019-09-06 19:09:37:211,-3.2987,-0.2044,9.1715,0.0028,0.0134,9.8066,-0.1306,-0.5837,0.0368,-9.31,-33.87,28.94,21.42,-85.94,-143.05
52.416416,-1.538482,158.74,5.69,3,136.92,22 / 22,3210629,2019-09-06 19:09:37:311,-2.1191,0.8369,9.4837,-0.0059,0.007,9.8066,-0.1535,-0.4916,0.0232,-7.62,-34,28.5,24.15,-86.1,-142.28
52.416416,-1.538482,158.74,5.69,3,136.92,22 / 22,3210729,2019-09-06 19:09:37:411,-1.9622,-0.6755,10.0373,-0.0154,0.042,9.8065,0.0992,-0.5539,0.001,-7.37,-34.25,28.63,30.03,-86.27,-138.58
52.416416,-1.538482,158.74,5.69,3,136.92,22 / 22,3210828,2019-09-06 19:09:37:510,-1.8838,-0.2545,10.6912,-0.0097,0.0408,9.8065,0.038,-0.6282,0.0491,-6,-34.25,28.06,33.3,-86.3,-137.08
52.416416,-1.538482,158.74,5.69,3,136.92,22 / 22,3210929,2019-09-06 19:09:37:611,-2.1972,0.6424,10.8552,-0.0302,-0.0213,9.8065,0.0202,-0.53,0.1258,-5.19,-33.69,27.06,39.44,-86.07,-133.23
52.416416,-1.538482,158.74,5.69,3,136.92,22 / 22,3211028,2019-09-06 19:09:37:710,-1.9118,0.5016,10.65,-0.0242,-0.0144,9.8065,0.0208,-0.4968,0.0151,-4.37,-33.75,27.69,45.04,-85.76,-130.52
52.416416,-1.538482,158.74,5.69,3,136.92,22 / 22,3211128,2019-09-06 19:09:37:810,-2.2224,-0.087,8.8981,0.0036,-0.0245,9.8066,-0.0664,-0.5179,0.0557,-4.5,-34.25,27.75,45.31,-85.65,-130.36
52.416416,-1.538482,158.74,5.69,3,136.92,22 / 22,3211229,2019-09-06 19:09:37:911,-2.1765,-0.1797,8.7917,-0.0086,-0.0372,9.8065,-0.0921,-0.5359,0.0737,-2.81,-34.19,26.88,45.15,-85.36,-132.73
52.416416,-1.538482,158.74,5.69,3,136.92,22 / 22,3211328,2019-09-06 19:09:38:010,-1.7456,-0.0081,9.6572,-0.0165,0.0203,9.8066,-0.0134,-0.5001,0.0028,-1.44,-34.37,26.56,52.96,-85.24,-129.81
52.416416,-1.538482,158.74,5.69,3,136.92,21 / 21,3211428,2019-09-06 19:09:38:110,-2.2633,-0.5921,10.3992,-0.0025,0.0197,9.8065,0.0664,-0.5045,0.0798,-0.69,-34.5,26.44,54.49,-85.25,-128.46
52.416416,-1.538482,158.74,5.69,3,136.92,21 / 21,3211528,2019-09-06 19:09:38:210,-1.7153,-0.9745,10.3825,-0.0023,-0.0219,9.8066,-0.1984,-0.4784,0.0026,-1,-34.69,25.38,56.19,-85.24,-127.17
52.416416,-1.538482,158.74,5.69,3,136.92,21 / 21,3211630,2019-09-06 19:09:38:312,-1.3722,0.6723,10.3664,0.0017,-0.02,9.8066,-0.258,-0.4667,-0.0614,0.19,-35.44,25,58.54,-85.3,-127.18
52.416416,-1.538482,158.74,5.69,3,136.92,21 / 21,3211729,2019-09-06 19:09:38:411,-1.0084,-0.6318,9.6983,0.0174,0.0124,9.8066,0.0097,-0.3899,0.0438,1.88,-35.12,25.19,64.3,-85.72,-125.73
52.416416,-1.538482,158.74,5.69,3,136.92,21 / 21,3211829,2019-09-06 19:09:38:511,0.2312,-0.6071,9.1402,0.0158,-0.0029,9.8066,0.1116,-0.2686,0.0222,1.69,-35.12,24.5,61.17,-85.74,-128.69
52.416416,-1.538482,158.74,5.69,3,136.92,21 / 21,3211929,2019-09-06 19:09:38:611,0.6869,-1.7599,9.2277,0.0035,0.0044,9.8066,-0.0249,-0.2394,-0.0427,2,-34,24.5,57.05,-85.77,-132.42
52.416416,-1.538482,158.74,5.69,3,136.92,21 / 21,3212028,2019-09-06 19:09:38:710,0.0031,-1.4367,9.806,0.0034,-0.003,9.8066,-0.0473,-0.1673,-0.0063,2.75,-34.25,23.88,58.56,-85.69,-133.82
52.416416,-1.538482,158.74,5.69,3,136.92,21 / 21,3212128,2019-09-06 19:09:38:810,0.4324,-1.0998,10.1076,-0.0033,-0.0062,9.8065,-0.0243,-0.1449,-0.0335,2.69,-34.94,24.25,57.76,-85.65,-134.78
52.416416,-1.538482,158.74,5.69,3,136.92,21 / 21,3212229,2019-09-06 19:09:38:911,-0.1761,-1.2407,9.8128,0.0122,0.0064,9.8066,0.0226,-0.1369,0.0051,2.38,-35.31,23.56,55.1,-85.73,-134.84
52.416416,-1.538482,158.74,5.69,3,136.92,21 / 21,3212328,2019-09-06 19:09:39:010,-0.1383,-0.9809,10.1957,-0.0149,-0.0216,9.8066,0.0615,-0.0745,-0.0504,3.19,-34.12,23.75,57.18,-85.67,-135.15
52.416416,-1.538482,158.74,5.69,3,136.92,22 / 22,3212428,2019-09-06 19:09:39:110,1.1565,-0.6782,9.9447,0.0047,-0.0135,9.8066,0.0966,0.0143,-0.0427,3.75,-35.12,24.69,58.49,-85.69,-135.76
52.416416,-1.538482,158.74,5.69,3,136.92,22 / 22,3212529,2019-09-06 19:09:39:211,1.2694,-1.8669,9.721,-0.0108,-0.0272,9.8065,-0.1649,-0.0079,-0.013,2.31,-34.69,24.06,51.57,-85.7,-138.18
52.416416,-1.538482,158.74,5.69,3,136.92,22 / 22,3212628,2019-09-06 19:09:39:310,0.9557,-1.1617,10.0648,-0.0084,-0.0188,9.8065,-0.0672,0.0158,-0.0259,2.44,-34.12,24.56,52.05,-85.65,-137.27
52.416416,-1.538482,158.74,5.69,3,136.92,22 / 22,3212728,2019-09-06 19:09:39:410,-0.5477,-1.4537,10.0203,-0.0063,-0.0038,9.8066,0.072,-0.0104,0.0349,2.63,-33.87,24.25,55.2,-85.61,-137.08
52.416416,-1.538482,158.74,5.69,3,136.92,22 / 22,3212829,2019-09-06 19:09:39:511,1.2957,-0.0319,9.951,-0.0153,-0.0079,9.8066,-0.0562,0.0902,-0.1145,1.81,-33.12,23.31,52.84,-85.4,-137.47
52.416416,-1.538482,158.74,5.69,3,136.92,22 / 22,3212929,2019-09-06 19:09:39:611,0.8858,-1.6435,9.8153,0,-0.0069,9.8066,0.025,0.072,-0.0332,1.38,-32.31,23.69,47.93,-85.43,-139.07
52.416416,-1.538482,158.74,5.69,3,136.92,22 / 22,3213028,2019-09-06 19:09:39:710,0.2869,-0.5263,10.0352,0.0042,0.001,9.8066,0.0435,-0.0327,-0.0042,2,-31.81,24.13,49.92,-85.48,-139.54
52.416416,-1.538482,158.74,5.69,3,136.92,22 / 22,3213129,2019-09-06 19:09:39:811,1.1502,-0.2055,9.9317,0.0133,0.0065,9.8066,-0.0181,-0.0033,-0.0416,1.94,-31.44,25,49.06,-85.55,-139.76
52.416416,-1.538482,158.74,5.69,3,136.92,22 / 22,3213229,2019-09-06 19:09:39:911,0.5892,0.09,9.9502,0.008,-0.0035,9.8066,-0.0901,0.0233,-0.026,2.13,-30.5,25.44,48.14,-85.61,-140.43
52.416416,-1.538482,158.74,5.69,3,136.92,22 / 22,3213328,2019-09-06 19:09:40:010,1.3712,-0.6439,9.5127,0.0109,-0.0011,9.8066,0.0009,0.0747,-0.006,1.69,-31.12,25.06,47.27,-85.66,-141.34
52.416416,-1.538482,158.74,5.69,3,136.92,22 / 22,3213429,2019-09-06 19:09:40:111,1.4322,-0.1969,9.9284,-0.0176,-0.0175,9.8066,-0.03,0.0596,0.0048,2.63,-30.87,25.19,49.28,-85.59,-141.76
52.416416,-1.538482,158.74,5.69,3,136.92,22 / 22,3213534,2019-09-06 19:09:40:216,0.8292,0.0497,9.475,-0.0123,-0.0055,9.8066,-0.0339,0.0574,-0.008,3.5,-31.75,24.81,53.98,-85.43,-139.88
52.416416,-1.538482,158.74,5.69,3,136.92,22 / 22,3213629,2019-09-06 19:09:40:311,0.687,0.1322,9.6272,-0.0086,-0.0151,9.8065,-0.0088,0.0265,0.0387,3.13,-32,24.06,52.25,-85.35,-139.84
52.416416,-1.538482,158.74,5.69,3,136.92,22 / 22,3213729,2019-09-06 19:09:40:411,-0.0158,0.259,10.0341,-0.0075,0.0213,9.8066,0.0601,-0.053,0.0307,3.44,-32.44,23.81,53.41,-85.26,-138.85
52.416416,-1.538482,158.74,5.69,3,136.92,22 / 22,3213828,2019-09-06 19:09:40:510,0.1306,-1.4867,9.9633,-0.0029,0.0152,9.8065,-0.0568,0.0253,-0.0275,3.25,-32.87,24.25,54.76,-85.15,-137.89
52.416416,-1.538482,158.74,5.69,3,136.92,22 / 22,3213928,2019-09-06 19:09:40:610,0.51,0.0957,9.8655,-0.0034,-0.0123,9.8066,0.0858,-0.0014,-0.0062,2.44,-32.87,23.63,53.54,-85.11,-136.72
52.416416,-1.538482,158.74,5.69,3,136.92,22 / 22,3214029,2019-09-06 19:09:40:711,0.6522,-0.4012,9.7115,-0.0001,-0.0019,9.8066,0.032,0.0061,-0.0199,3.06,-32.56,23.06,56.65,-85.14,-136.67
52.416416,-1.538482,158.74,5.69,3,136.92,22 / 22,3214128,2019-09-06 19:09:40:810,0.6099,-1.5232,9.4417,-0.0088,-0.0289,9.8065,0.0542,0.006,0.0016,1.88,-32.62,22.31,54.4,-85.11,-136.85
52.416416,-1.538482,158.74,5.69,3,136.92,22 / 22,3214229,2019-09-06 19:09:40:911,1.3226,0.1937,9.2952,-0.0096,-0.0314,9.8065,-0.0023,-0.0243,0.0268,2.25,-32.31,22.06,53.5,-84.91,-137.75
52.416416,-1.538482,158.74,5.69,3,136.92,22 / 22,3214328,2019-09-06 19:09:41:010,0.6209,-0.1744,9.7584,0.0153,0.0259,9.8066,-0.0429,-0.0075,-0.0568,2.63,-32.5,21.63,57.26,-85.08,-136.58
52.416416,-1.538482,158.74,5.69,3,136.92,22 / 22,3214428,2019-09-06 19:09:41:110,1.615,-0.3489,10.0174,0.0029,-0.0004,9.8065,-0.0061,-0.0014,0.0489,2.38,-32.94,22,53.28,-85.1,-137.9
52.416416,-1.538482,158.74,5.69,3,136.92,22 / 22,3214530,2019-09-06 19:09:41:212,-1.3822,1.4274,10.1012,-0.0005,0.0005,9.8066,-0.1297,-0.1207,0.0097,2.56,-33.12,23.75,56.19,-84.94,-136.79
52.416416,-1.538482,158.74,5.69,3,136.92,22 / 22,3214629,2019-09-06 19:09:41:311,-0.9217,0.2293,10.0131,0.0016,-0.0085,9.8066,0.0219,-0.0984,0.0379,1.5,-33.31,24.5,51.37,-85.1,-138.35
52.416416,-1.538482,158.74,5.69,3,136.92,22 / 22,3214728,2019-09-06 19:09:41:410,0.7196,-0.0172,9.8516,-0.0002,0.0053,9.8066,0.0338,-0.0038,-0.0039,2.38,-33.37,25.56,51.72,-85,-137.76
52.416416,-1.538482,158.74,5.69,3,136.92,22 / 22,3214828,2019-09-06 19:09:41:510,1.0361,-0.1319,9.9609,-0.0041,0.035,9.8066,0.0934,-0.1222,-0.0238,2.56,-34.25,25.88,55.74,-85.02,-136.3
52.416416,-1.538482,158.74,5.69,3,136.92,22 / 22,3214929,2019-09-06 19:09:41:611,1.6782,0.1857,10.3418,-0.0227,-0.035,9.8065,-0.1251,0.0096,0.1208,1.38,-34.12,25.25,50.95,-84.85,-136.9
52.416416,-1.538482,158.74,5.69,3,136.92,22 / 22,3215029,2019-09-06 19:09:41:711,0.9149,0.2013,10.1238,-0.0149,-0.0011,9.8066,-0.0531,0.0085,0.0718,2.63,-34.5,24.56,58.15,-84.78,-134.81
52.416416,-1.538482,158.74,5.69,3,136.92,22 / 22,3215129,2019-09-06 19:09:41:811,0.3352,0.5148,10.7022,-0.0123,-0.0213,9.8066,0.0031,-0.0511,0.0091,2.38,-34.81,24.56,56.87,-84.45,-134.34
52.416416,-1.538482,158.74,5.69,3,136.92,22 / 22,3215229,2019-09-06 19:09:41:911,0.3989,0.6473,9.2117,-0.0121,-0.0402,9.8065,-0.1099,-0.0063,0.02,2.13,-34.31,24,56.78,-84.35,-134.81
52.416416,-1.538482,158.74,5.69,3,136.92,22 / 22,3215329,2019-09-06 19:09:42:011,1.2992,1.3308,9.1231,0.0104,0.0257,9.8065,-0.1459,0.0431,-0.0181,1.69,-35,24.5,55.45,-84.24,-135.91
52.416416,-1.538482,158.74,5.69,3,136.92,21 / 21,3215429,2019-09-06 19:09:42:111,0.2887,1.0464,9.5289,-0.0023,0.0045,9.8066,0.0992,0.0501,-0.0096,2.06,-34.37,25,55.48,-84.28,-135.64
52.416416,-1.538482,158.74,5.69,3,136.92,21 / 21,3215528,2019-09-06 19:09:42:210,0.2474,1.1006,10.5556,0.0024,0.0058,9.8066,0.0665,-0.0067,0.0136,2.63,-34,24.63,58.65,-84.16,-135.09
52.416416,-1.538482,158.74,5.69,3,136.92,21 / 21,3215629,2019-09-06 19:09:42:311,0.9754,0.9856,10.2338,0.007,0.0223,9.8065,0.0523,-0.0461,0,2.25,-35.37,24.56,57.03,-84.28,-134.4
52.416416,-1.538482,158.74,5.69,3,136.92,21 / 21,3215728,2019-09-06 19:09:42:410,0.6076,0.8994,9.5237,-0.0069,-0.0261,9.8066,0.0788,0.0537,0.0127,1.75,-34.37,24.06,55.64,-84.22,-136.03
52.416416,-1.538482,158.74,5.69,3,136.92,21 / 21,3215829,2019-09-06 19:09:42:511,1.5226,1.3352,9.9245,-0.0024,-0.0184,9.8065,-0.0124,-0.0305,-0.0632,2.75,-34.94,24.56,58.15,-84.27,-135.61
52.416416,-1.538482,158.74,5.69,3,136.92,21 / 21,3215929,2019-09-06 19:09:42:611,1.0493,1.0522,9.286,-0.0067,0.0045,9.8065,0.0555,-0.0109,0.0895,1.44,-34.44,24.25,52.77,-84.23,-136.29
52.416416,-1.538482,158.74,5.69,3,136.92,21 / 21,3216028,2019-09-06 19:09:42:710,0.7713,1.7067,9.4992,0.0055,0.0031,9.8066,-0.0127,-0.0257,-0.0816,2.38,-34.5,24.13,55.7,-84.25,-135.93
52.416416,-1.538482,158.74,5.69,3,136.92,21 / 21,3216129,2019-09-06 19:09:42:811,1.3639,1.9639,9.8312,-0.0101,0.0027,9.8066,-0.0103,-0.0216,-0.0118,1.88,-34.75,23.81,55.37,-84.23,-136.47
52.416416,-1.538482,158.74,5.69,3,136.92,21 / 21,3216229,2019-09-06 19:09:42:911,1.2731,1.7795,9.9466,0.0054,-0.0041,9.8066,0.0222,0.0475,-0.0694,2.44,-35.19,24.5,54.69,-84.12,-136.75
52.416416,-1.538482,158.74,5.69,3,136.92,21 / 21,3216328,2019-09-06 19:09:43:010,0.3664,1.1004,9.4686,-0.0055,0.0094,9.8066,0.0638,-0.046,0.0294,2.13,-34.81,24.5,55.25,-84.16,-136.19
52.416416,-1.538482,158.74,5.69,3,136.92,21 / 21,3216428,2019-09-06 19:09:43:110,0.9412,1.5343,9.9583,0.0073,0.0301,9.8065,0.0881,0.0217,-0.0058,1.94,-34.81,24.88,55.5,-84.22,-135.88
52.416416,-1.538482,158.74,5.69,3,136.92,21 / 21,3216528,2019-09-06 19:09:43:210,1.0714,1.0994,10.0586,-0.0077,-0.0213,9.8065,0.1229,-0.0305,0.0294,2.13,-34.44,24.25,55.92,-84.17,-135.83
52.416416,-1.538482,158.74,5.69,3,136.92,21 / 21,3216629,2019-09-06 19:09:43:311,0.8465,1.4358,10.0239,0.0003,-0.0098,9.8066,-0.0971,-0.0132,-0.0132,2.44,-35.19,24.63,55.62,-84.11,-135.91
52.416416,-1.538482,158.74,5.69,3,136.92,21 / 21,3216729,2019-09-06 19:09:43:411,0.6045,1.7843,10.0514,-0.0058,0.0036,9.8066,0.1049,0.0148,0.0318,2.19,-35.12,24.25,56.69,-84.05,-135.48
52.416416,-1.538482,158.74,5.69,3,136.92,21 / 21,3216829,2019-09-06 19:09:43:511,0.9857,1.378,9.2672,0.004,0.0007,9.8066,0.0418,-0.0297,-0.0166,1.75,-34.56,24.31,55.81,-84,-136.35
52.416416,-1.538482,158.74,5.69,3,136.92,21 / 21,3216928,2019-09-06 19:09:43:610,0.5012,0.8004,10.0855,-0.0058,-0.0006,9.8066,0.0306,-0.0271,-0.0347,2.06,-34.19,24.69,55.27,-83.96,-136.2
52.416416,-1.538482,158.74,5.69,3,136.92,21 / 21,3217029,2019-09-06 19:09:43:711,1.1212,1.2111,10.1197,-0.0021,-0.0105,9.8066,-0.0447,-0.054,0.0287,2.25,-35.12,24.94,55.16,-83.88,-136.61
52.416416,-1.538482,158.74,5.69,3,136.92,21 / 21,3217128,2019-09-06 19:09:43:810,0.5916,1.7238,9.9479,-0.003,0.0052,9.8066,-0.0103,0.0161,0.0079,2.31,-34.44,23.81,55.64,-83.85,-136.47
52.416416,-1.538482,158.74,5.69,3,136.92,21 / 21,3217228,2019-09-06 19:09:43:910,0.6331,0.7081,9.3693,-0.0045,-0.0114,9.8066,-0.092,-0.0456,0.0126,2,-34.25,24.13,55.8,-83.78,-136.42
52.416416,-1.538482,158.74,5.69,3,136.92,21 / 21,3217329,2019-09-06 19:09:44:011,0.1814,0.3111,9.6747,0.0067,0.0007,9.8065,0.0237,-0.0451,-0.0085,3,-34.12,24.75,57.52,-83.81,-136.56
52.416416,-1.538482,158.74,5.69,3,136.92,21 / 21,3217428,2019-09-06 19:09:44:110,1.1444,0.9814,9.5425,0.0074,0.0034,9.8066,0.0236,-0.0304,0.0061,2.44,-34.31,24.75,54.55,-83.9,-136.94
52.416416,-1.538482,158.74,5.69,3,136.92,21 / 21,3217528,2019-09-06 19:09:44:210,0.5737,0.8565,10.2609,-0.006,0.0036,9.8066,0.0113,-0.0493,-0.0113,2.94,-34.31,24.44,58.18,-83.84,-136.48
52.416416,-1.538482,158.74,5.69,3,136.92,21 / 21,3217629,2019-09-06 19:09:44:311,0.1804,0.8174,9.8777,0.0082,0.0155,9.8065,0.0562,-0.0576,0.0329,3.31,-34.31,24.25,58.34,-83.91,-136.25
52.416416,-1.538482,158.74,5.69,3,136.92,21 / 21,3217729,2019-09-06 19:09:44:411,0.0944,0.0659,9.6124,-0.0042,-0.0127,9.8066,-0.0113,-0.0533,0.0052,3.5,-34.19,23.44,61.43,-83.89,-136.43
52.416416,-1.538482,158.74,5.69,3,136.92,21 / 21,3217828,2019-09-06 19:09:44:510,0.6709,1.372,9.5833,0.0015,-0.0157,9.8066,0.0302,-0.0459,-0.0321,3.06,-34.75,23.63,57.4,-83.86,-137.4
52.416416,-1.538482,158.74,5.69,3,136.92,21 / 21,3217929,2019-09-06 19:09:44:611,0.5116,0.3799,9.6723,0.0054,0.0067,9.8066,0.0138,-0.09,0.0028,3.81,-33.5,23.81,58.39,-83.98,-138.21
52.416416,-1.538482,158.74,5.69,3,136.92,21 / 21,3218028,2019-09-06 19:09:44:710,0.3422,0.3514,9.9047,0.0058,0.0059,9.8066,-0.0192,-0.042,-0.0045,4.88,-33.19,23.31,61.07,-83.96,-138.77
52.416416,-1.538482,158.74,5.69,3,136.92,21 / 21,3218129,2019-09-06 19:09:44:811,0.2571,0.6673,10.2896,-0.0033,-0.0032,9.8066,0.0115,-0.0626,-0.018,4.88,-33,23.06,60.86,-84.01,-138.92
52.416416,-1.538482,158.74,5.69,3,136.92,21 / 21,3218229,2019-09-06 19:09:44:911,0.145,0.3874,9.7938,0.0046,-0.0073,9.8065,-0.0013,-0.1,-0.02,4.31,-32.62,23.5,57.11,-84.02,-139.33
52.416416,-1.538482,158.74,5.69,3,136.92,21 / 21,3218329,2019-09-06 19:09:45:011,0.5558,0.7644,9.2795,0.0039,-0.0003,9.8066,-0.0239,-0.074,0.0554,4.5,-32.31,23.69,58.83,-84.09,-139.7
52.415997,-1.538752,158.76,5.05,4,208.9,22 / 22,3218429,2019-09-06 19:09:45:111,-0.1525,0.6327,9.8791,0.0004,-0.0041,9.8066,-0.0149,-0.1215,0.0122,4.38,-32.31,24.25,56.78,-84.14,-139.29
52.415997,-1.538752,158.76,5.05,4,208.9,22 / 22,3218529,2019-09-06 19:09:45:211,-0.4104,0.3203,9.8683,0.0144,-0.0008,9.8066,-0.0612,-0.122,-0.0609,2.5,-32,23.38,54.34,-84.13,-139.84
52.415997,-1.538752,158.76,5.05,4,208.9,22 / 22,3218629,2019-09-06 19:09:45:311,0.4175,0.4388,9.8763,0.0056,-0.007,9.8066,-0.0288,-0.1333,-0.0003,1.25,-32.44,23.25,47.31,-84.31,-141.15
52.415997,-1.538752,158.76,5.05,4,208.9,22 / 22,3218729,2019-09-06 19:09:45:411,0.0797,0.92,10.1681,0.01,-0.0064,9.8066,0.0198,-0.1015,0.0233,0.69,-32,23.25,45.53,-84.41,-142.66
52.415997,-1.538752,158.76,5.05,4,208.9,22 / 22,3218829,2019-09-06 19:09:45:511,0.0318,1.353,9.9725,0.0266,-0.0012,9.8066,-0.0123,-0.0937,-0.054,0.88,-32.94,24.5,42.75,-84.61,-144.5
52.415997,-1.538752,158.76,5.05,4,208.9,22 / 22,3218929,2019-09-06 19:09:45:611,0.1208,1.2101,9.6543,0.0084,-0.0124,9.8066,0.0656,-0.0814,0.0332,-0.06,-32.06,23.44,38.1,-84.68,-146.59
52.415997,-1.538752,158.76,5.05,4,208.9,22 / 22,3219029,2019-09-06 19:09:45:711,0.8681,0.5875,9.5363,0.0133,-0.0077,9.8066,-0.0402,-0.0568,-0.0235,1.19,-32.75,23.69,39.04,-84.71,-148.05
52.415997,-1.538752,158.76,5.05,4,208.9,22 / 22,3219128,2019-09-06 19:09:45:810,0.5196,0.4206,9.7453,0.0137,-0.0052,9.8065,-0.0333,-0.1024,-0.0548,2.19,-33,23.38,41.12,-84.91,-148.75
52.415997,-1.538752,158.76,5.05,4,208.9,22 / 22,3219229,2019-09-06 19:09:45:911,0.6744,0.5734,10.0276,0.0038,-0.0175,9.8065,-0.0524,-0.0432,0.0247,2.81,-33.37,22.88,41.73,-85.04,-150.51
52.415997,-1.538752,158.76,5.05,4,208.9,22 / 22,3219329,2019-09-06 19:09:46:011,0.5996,1.0396,9.7744,0.0269,0.0238,9.8065,0.0258,-0.0175,0.006,3.31,-33.37,22.94,39.6,-85.37,-152.13
52.415997,-1.538752,158.76,5.05,4,208.9,21 / 21,3219428,2019-09-06 19:09:46:110,0.7156,0.3297,9.6345,0.0068,0.0022,9.8066,0.0121,-0.0167,-0.0185,3.5,-33.37,23.13,40.49,-85.42,-153.67
52.415997,-1.538752,158.76,5.05,4,208.9,21 / 21,3219529,2019-09-06 19:09:46:211,1.3763,0.4286,9.597,0.0099,0.0011,9.8066,0.0215,0.0131,-0.0467,5.19,-32.81,24.06,40.69,-85.47,-155.15
52.415997,-1.538752,158.76,5.05,4,208.9,21 / 21,3219630,2019-09-06 19:09:46:312,1.1261,0.3032,9.7918,0.0149,-0.0103,9.8065,0.0691,0.0192,-0.0222,5.5,-33.62,23.44,41.5,-85.48,-157.51
52.415997,-1.538752,158.76,5.05,4,208.9,21 / 21,3219728,2019-09-06 19:09:46:410,1.2331,0.412,9.754,0.0108,0.0013,9.8066,0.0635,0.0256,-0.0568,5.63,-32.5,23.06,38.96,-85.5,-159.57
52.415997,-1.538752,158.76,5.05,4,208.9,21 / 21,3219829,2019-09-06 19:09:46:511,1.6545,-0.1681,9.864,0.0225,-0.0005,9.8066,0.032,0.0852,-0.0801,5.88,-32.31,23.25,34.88,-85.54,-163.25
52.415997,-1.538752,158.76,5.05,4,208.9,21 / 21,3219928,2019-09-06 19:09:46:610,2.1204,-0.8879,9.9976,0.0221,-0.0028,9.8066,-0.009,0.1565,-0.0304,5.63,-32.37,23.06,28.98,-85.74,-168.49
52.415997,-1.538752,158.76,5.05,4,208.9,21 / 21,3220029,2019-09-06 19:09:46:711,1.3576,0.1569,9.8901,0.0146,0.0084,9.8066,0.0457,0.106,-0.0356,5.19,-33.19,22.19,25.21,-85.94,-170.18
52.415997,-1.538752,158.76,5.05,4,208.9,21 / 21,3220128,2019-09-06 19:09:46:810,1.6285,-0.233,9.7719,0.0098,-0.0029,9.8066,-0.0143,0.1958,-0.0035,4.38,-32.37,22.44,20.2,-86.05,-172.1
52.415997,-1.538752,158.76,5.05,4,208.9,21 / 21,3220229,2019-09-06 19:09:46:911,1.9824,0.6959,9.7575,-0.0044,0.01,9.8065,0.0358,0.1763,0.0671,4.25,-32.75,23.88,19.05,-86.13,-172.17
52.415997,-1.538752,158.76,5.05,4,208.9,21 / 21,3220328,2019-09-06 19:09:47:010,2.2033,0.1526,9.6461,0.0089,-0.0059,9.8066,-0.0145,0.2305,-0.0733,3.31,-32.81,23.75,16.79,-86.04,-171.93
52.415997,-1.538752,158.76,5.05,4,208.9,22 / 22,3220429,2019-09-06 19:09:47:111,2.204,0.0065,10.261,0.011,0.0051,9.8066,0.0375,0.2735,-0.0127,3.56,-32.87,23.94,17.33,-86.1,-173.75
52.415997,-1.538752,158.76,5.05,4,208.9,22 / 22,3220533,2019-09-06 19:09:47:215,1.352,0.3444,10.2121,-0.0013,-0.0204,9.8066,0.0082,0.2245,0.0143,3.06,-33.06,24.94,13.46,-86.02,-174.63
52.415997,-1.538752,158.76,5.05,4,208.9,22 / 22,3220629,2019-09-06 19:09:47:311,1.6256,-0.8224,9.7169,-0.0008,0.0021,9.8066,0.0002,0.2303,-0.0142,3.25,-32.56,24.75,13.54,-86.02,-174.55
52.415997,-1.538752,158.76,5.05,4,208.9,22 / 22,3220729,2019-09-06 19:09:47:411,1.3584,0.2199,9.761,-0.0003,0.011,9.8066,0.0073,0.1918,0.0217,3.06,-33.31,25.63,13.78,-86.07,-174.01
52.415997,-1.538752,158.76,5.05,4,208.9,22 / 22,3220828,2019-09-06 19:09:47:510,1.791,0.1271,10.1751,-0.0057,0.0056,9.8066,0.0267,0.2319,-0.0291,2.56,-33.12,24.94,15.56,-86.24,-172.64
52.415997,-1.538752,158.76,5.05,4,208.9,22 / 22,3220929,2019-09-06 19:09:47:611,1.5914,-0.4174,9.8368,-0.0085,0.0025,9.8066,-0.044,0.215,0.0445,1.69,-33.19,25,14.62,-86.28,-171.21
52.415997,-1.538752,158.76,5.05,4,208.9,22 / 22,3221029,2019-09-06 19:09:47:711,0.8616,0.1467,10.1618,-0.0179,-0.002,9.8065,-0.041,0.188,0.0418,2.25,-33.25,25.75,17.67,-86.26,-168.2
52.415997,-1.538752,158.76,5.05,4,208.9,22 / 22,3221129,2019-09-06 19:09:47:811,0.6516,-0.4114,9.6473,-0.0094,0.0033,9.8066,0.03,0.1306,0.0104,1.13,-33.69,25.06,18.03,-86.26,-165.87
52.415997,-1.538752,158.76,5.05,4,208.9,22 / 22,3221229,2019-09-06 19:09:47:911,1.046,-0.5955,9.7078,-0.0061,-0.006,9.8065,0.0213,0.0209,0.0867,0,-33.06,25.81,17.73,-86.18,-163.78
52.415997,-1.538752,158.76,5.05,4,208.9,22 / 22,3221329,2019-09-06 19:09:48:011,-0.1691,-0.4083,9.7651,-0.0171,-0.004,9.8066,0.0069,0.0569,0.0079,0.75,-33.06,25.56,22,-86.02,-162.14
52.415997,-1.538752,158.76,5.05,4,208.9,21 / 21,3221429,2019-09-06 19:09:48:111,-0.456,-0.7636,10.2847,-0.0067,-0.0017,9.8066,0.0181,0.0171,0.0282,0.25,-32.5,26.06,21.73,-85.85,-160.21
52.415997,-1.538752,158.76,5.05,4,208.9,21 / 21,3221529,2019-09-06 19:09:48:211,-0.1618,-0.8468,10.1086,-0.0079,-0.0142,9.8066,-0.0674,0.0495,0.023,-0.19,-33,26,23.88,-85.79,-158.34
52.415997,-1.538752,158.76,5.05,4,208.9,21 / 21,3221628,2019-09-06 19:09:48:310,0.3031,-1.6334,9.2448,-0.0104,-0.0209,9.8066,-0.0221,-0.0453,0.1047,-0.5,-32.5,26.06,25.17,-85.8,-157.08
52.415997,-1.538752,158.76,5.05,4,208.9,21 / 21,3221728,2019-09-06 19:09:48:410,-0.7016,-1.0654,9.3834,-0.0163,0.0006,9.8065,-0.0806,-0.0272,0.0449,0.56,-32.12,25.81,32.47,-85.7,-152.65
52.415997,-1.538752,158.76,5.05,4,208.9,21 / 21,3221829,2019-09-06 19:09:48:511,-0.7888,-1.3203,9.5832,-0.0189,-0.0177,9.8065,-0.0915,-0.0798,0.082,0.31,-32.44,26.5,32.91,-85.68,-149.95
52.415997,-1.538752,158.76,5.05,4,208.9,21 / 21,3221929,2019-09-06 19:09:48:611,-0.2989,-0.4952,9.7307,-0.004,0.0325,9.8065,0.0132,-0.0859,-0.0024,0.38,-32.5,25.63,35.49,-85.63,-147.72
52.415997,-1.538752,158.76,5.05,4,208.9,21 / 21,3222028,2019-09-06 19:09:48:710,0.5663,-1.8625,9.9019,-0.0123,0.0205,9.8066,-0.0237,-0.0237,0.0027,1.31,-32.12,26.13,41.58,-85.76,-144.16
52.415997,-1.538752,158.76,5.05,4,208.9,21 / 21,3222129,2019-09-06 19:09:48:811,0.1154,-0.871,9.3052,-0.0123,0.0032,9.8066,0.0098,-0.1303,0.0919,1.63,-32.87,25.94,46.9,-85.69,-141.57
52.415997,-1.538752,158.76,5.05,4,208.9,21 / 21,3222230,2019-09-06 19:09:48:912,-0.3204,-2.0497,9.7596,-0.0176,0.0089,9.8066,-0.0262,-0.0959,-0.0039,0.13,-32.69,25.63,45.32,-85.59,-138.75
52.415997,-1.538752,158.76,5.05,4,208.9,21 / 21,3222329,2019-09-06 19:09:49:011,-0.1601,-1.148,9.9092,-0.0003,0.0179,9.8065,0.0629,-0.1315,0.0619,0.63,-32.69,26.31,48.37,-85.43,-138.26
52.415997,-1.538752,158.76,5.05,4,208.9,22 / 22,3222429,2019-09-06 19:09:49:111,0.1739,-0.6587,9.9884,-0.0154,0.0224,9.8066,0.0332,-0.068,0.0063,0.44,-33.87,26.06,49.08,-85.4,-135.57
52.415997,-1.538752,158.76,5.05,4,208.9,22 / 22,3222528,2019-09-06 19:09:49:210,-0.6255,-1.7215,10.2601,-0.0196,-0.0285,9.8065,-0.1014,-0.0809,0.024,-0.06,-33.75,25.25,50.62,-85.23,-134.5
52.415997,-1.538752,158.76,5.05,4,208.9,22 / 22,3222629,2019-09-06 19:09:49:311,-0.237,-1.0657,9.4083,-0.0079,-0.0248,9.8066,-0.0816,-0.1075,0.0304,0.94,-34.56,25.31,55.05,-85.19,-132.86
52.415997,-1.538752,158.76,5.05,4,208.9,22 / 22,3222728,2019-09-06 19:09:49:410,-0.6034,-1.3017,9.801,-0.0058,0.0267,9.8066,0.0731,-0.0601,0.0422,-0.19,-33.94,24.88,55.24,-85.2,-130.24
52.415997,-1.538752,158.76,5.05,4,208.9,22 / 22,3222829,2019-09-06 19:09:49:511,0.0597,-0.7433,9.8533,-0.0124,0.0072,9.8066,0.0273,-0.0626,0.0664,0.44,-34,24.44,55.86,-85.09,-130.01
52.415997,-1.538752,158.76,5.05,4,208.9,22 / 22,3222928,2019-09-06 19:09:49:610,0.4686,-0.3689,9.8678,-0.0084,0.0103,9.8066,-0.0313,-0.0588,-0.0403,0.25,-34.69,24.75,56.35,-84.95,-129.66
52.415997,-1.538752,158.76,5.05,4,208.9,22 / 22,3223029,2019-09-06 19:09:49:711,-0.7548,-0.6522,9.6978,0.0081,0.0007,9.8066,-0.0416,-0.1135,0.1062,0.56,-34.62,25.13,58.63,-84.91,-129.85
52.415997,-1.538752,158.76,5.05,4,208.9,22 / 22,3223128,2019-09-06 19:09:49:810,-0.8693,-1.6944,9.3952,-0.0057,0.005,9.8066,0.0566,-0.1212,-0.0655,0.81,-34.31,24.94,58.92,-84.83,-129.51
52.415997,-1.538752,158.76,5.05,4,208.9,22 / 22,3223229,2019-09-06 19:09:49:911,0.0566,-0.2038,10.4419,0.0072,0.0344,9.8065,0.1642,-0.0551,0.004,0.75,-34.5,25.13,59.08,-84.9,-129.28
52.415997,-1.538752,158.76,5.05,4,208.9,22 / 22,3223329,2019-09-06 19:09:50:011,-0.031,-1.6368,9.6017,0.0077,0.0037,9.8066,0.0882,-0.0184,-0.0001,1.13,-33.69,25.19,56.35,-84.91,-131.82
52.415997,-1.538752,158.76,5.05,4,208.9,21 / 21,3223428,2019-09-06 19:09:50:110,0.0787,0.8173,10.0376,0.0086,0.0141,9.8066,0.0645,-0.0871,0.0065,1.44,-34.25,25.56,55.63,-84.98,-132.1
52.415997,-1.538752,158.76,5.05,4,208.9,21 / 21,3223528,2019-09-06 19:09:50:210,0.1723,-1.2084,9.9149,0.0097,-0.0242,9.8066,-0.0572,-0.0522,0.0205,0.75,-34.56,24.88,55.13,-85.05,-132.96
52.415997,-1.538752,158.76,5.05,4,208.9,21 / 21,3223629,2019-09-06 19:09:50:311,0.1223,-1.1315,9.9064,-0.0019,-0.0186,9.8066,-0.0703,-0.0369,0.0004,1.5,-34.44,24.88,55.69,-85.02,-134.58
52.415997,-1.538752,158.76,5.05,4,208.9,21 / 21,3223728,2019-09-06 19:09:50:410,0.3276,0.5103,9.6985,0.0051,-0.0013,9.8066,0.0843,-0.0429,0.0064,1.13,-33.75,24.81,52.87,-85.07,-134.88
52.415997,-1.538752,158.76,5.05,4,208.9,21 / 21,3223828,2019-09-06 19:09:50:510,0.5417,-0.9244,9.9234,-0.0031,-0.0155,9.8065,0.024,-0.105,0.0428,1.06,-34.56,24.63,52.01,-84.99,-135.92
52.415997,-1.538752,158.76,5.05,4,208.9,21 / 21,3223928,2019-09-06 19:09:50:610,-0.3311,-0.6637,9.9069,0.0098,0.0113,9.8066,0.0184,-0.0267,-0.0245,1.31,-34.62,24.75,52.1,-84.95,-135.89
52.415997,-1.538752,158.76,5.05,4,208.9,21 / 21,3224029,2019-09-06 19:09:50:711,0.0377,-2.3279,9.9309,-0.0071,-0.0045,9.8066,-0.0012,0.0312,0.0188,1.44,-34.19,25.19,51.46,-84.94,-136.33
52.415997,-1.538752,158.76,5.05,4,208.9,21 / 21,3224128,2019-09-06 19:09:50:810,1.2163,-0.3364,10.3657,-0.007,0.0019,9.8066,0.0608,0.0109,-0.0006,1.56,-34.62,24.69,53.58,-84.96,-136.78
52.415997,-1.538752,158.76,5.05,4,208.9,21 / 21,3224229,2019-09-06 19:09:50:911,0.6568,-1.9486,9.6157,-0.0178,0.0215,9.8065,0.1044,-0.0147,0.045,1.25,-34.37,25,53.06,-84.77,-135.05
52.415997,-1.538752,158.76,5.05,4,208.9,21 / 21,3224328,2019-09-06 19:09:51:010,-0.6627,-2.2148,9.4482,-0.0094,-0.0204,9.8065,-0.1611,-0.0392,-0.0064,1.13,-34.06,25,54.12,-84.43,-134.45
52.415997,-1.538752,158.76,5.05,4,208.9,21 / 21,3224429,2019-09-06 19:09:51:111,0.9984,-0.7457,9.0194,0.0034,0.0015,9.8066,-0.0808,-0.0429,0.0642,1.19,-34.25,25.31,55.24,-84.6,-133.22
52.415997,-1.538752,158.76,5.05,4,208.9,21 / 21,3224528,2019-09-06 19:09:51:210,-1.1001,-0.2089,9.6139,-0.0049,0.0265,9.8066,-0.0786,-0.0597,0.0462,1.19,-34.94,23.88,60.88,-84.64,-128.46
52.415997,-1.538752,158.76,5.05,4,208.9,21 / 21,3224628,2019-09-06 19:09:51:310,0.7415,-0.7233,9.1214,0.0091,0.0141,9.8066,-0.1123,0.0541,-0.0302,0.94,-34.94,24.06,62.86,-84.85,-126.32
52.415997,-1.538752,158.76,5.05,4,208.9,21 / 21,3224729,2019-09-06 19:09:51:411,-0.7023,-1.3059,10.0277,0.004,-0.0158,9.8065,-0.0065,0.019,-0.0715,1.06,-35.19,24.31,63.12,-84.98,-125.91
52.415997,-1.538752,158.76,5.05,4,208.9,21 / 21,3224829,2019-09-06 19:09:51:511,-0.3696,-0.6382,10.5592,0.0263,0.0058,9.8066,0.0639,-0.0798,0.0206,1.44,-34,24.94,58.94,-85.18,-129.06
52.415997,-1.538752,158.76,5.05,4,208.9,21 / 21,3224929,2019-09-06 19:09:51:611,-0.8825,0.8203,9.8751,-0.0043,-0.0329,9.8066,-0.0294,-0.1396,0.0189,2.13,-34.06,24.44,56.84,-84.99,-133.97
52.415997,-1.538752,158.76,5.05,4,208.9,21 / 21,3225029,2019-09-06 19:09:51:711,1.1925,-0.2953,8.3349,0.0269,-0.017,9.8065,-0.0872,0.0135,-0.1031,2,-34.06,25.13,52.93,-84.99,-137.19
52.415997,-1.538752,158.76,5.05,4,208.9,21 / 21,3225128,2019-09-06 19:09:51:810,0.1304,-0.8644,9.3851,0.0157,0.0323,9.8065,-0.0027,0.0293,0.0037,1.63,-33.62,23.94,51.57,-85.24,-138.57
52.415997,-1.538752,158.76,5.05,4,208.9,21 / 21,3225229,2019-09-06 19:09:51:911,-0.7704,0.8,10.0109,-0.0117,0.0574,9.8065,-0.0716,0.0853,-0.1062,2,-33.06,24.13,54.4,-85.45,-135.54
52.415997,-1.538752,158.76,5.05,4,208.9,21 / 21,3225328,2019-09-06 19:09:52:010,1.6466,0.0869,10.1526,0.0161,-0.003,9.8066,0.0482,-0.0061,0.0475,1.81,-33.44,24.19,54.54,-85.79,-135.01
52.415997,-1.538752,158.76,5.05,4,208.9,21 / 21,3225429,2019-09-06 19:09:52:111,0.7571,-0.0194,9.9006,-0.0006,-0.0039,9.8066,0.1917,0.0314,-0.0255,2.13,-33.5,23.94,54.08,-85.85,-135.37
52.415997,-1.538752,158.76,5.05,4,208.9,21 / 21,3225529,2019-09-06 19:09:52:211,1.3833,1.277,10.1514,-0.0218,-0.0413,9.8065,-0.1678,0.0335,-0.0431,0.94,-33.12,23.31,50.22,-85.56,-137.25
52.415997,-1.538752,158.76,5.05,4,208.9,21 / 21,3225628,2019-09-06 19:09:52:310,0.6451,-0.2009,10.077,-0.0035,-0.0404,9.8065,-0.0962,0.0562,0.0252,1.38,-34,24.56,48.25,-85.4,-138.8
52.415997,-1.538752,158.76,5.05,4,208.9,21 / 21,3225729,2019-09-06 19:09:52:411,0.082,-0.5714,9.3243,-0.0106,0.0184,9.8066,0.0032,-0.0035,0.0209,1.31,-33.69,24.81,49.81,-85.46,-137.29
52.415997,-1.538752,158.76,5.05,4,208.9,21 / 21,3225828,2019-09-06 19:09:52:510,0.1541,-1.1057,9.7193,-0.0106,0.0252,9.8065,-0.0166,0.0086,-0.0622,1.56,-34.81,25.19,53.62,-85.41,-136.21
52.415997,-1.538752,158.76,5.05,4,208.9,21 / 21,3225929,2019-09-06 19:09:52:611,0.1119,-0.7143,10.1471,0.0116,0.0502,9.8064,0.1973,-0.003,0.0543,1.38,-35,24.38,50.42,-85.48,-137.14
52.415997,-1.538752,158.76,5.05,4,208.9,21 / 21,3226029,2019-09-06 19:09:52:711,0.7208,0.8135,10.116,0.0053,0.05,9.8065,0.094,0.0207,0.0073,1.63,-34.5,24.31,55.48,-85.69,-134.38
52.415997,-1.538752,158.76,5.05,4,208.9,21 / 21,3226129,2019-09-06 19:09:52:811,0.1644,-0.206,10.6882,-0.0026,-0.0332,9.8066,0.0736,0.0048,0.0446,1.81,-34.12,24.94,52.8,-85.39,-136.85
52.415997,-1.538752,158.76,5.05,4,208.9,21 / 21,3226229,2019-09-06 19:09:52:911,-0.7754,0.1232,9.6902,-0.004,-0.0344,9.8066,0.0798,-0.0306,0.0233,1.63,-34.19,25,51.83,-85.31,-137.85
52.415997,-1.538752,158.76,5.05,4,208.9,21 / 21,3226328,2019-09-06 19:09:53:010,0.2686,-0.4339,9.2049,-0.0072,-0.015,9.8066,-0.1143,-0.0349,0.0276,1.63,-34.12,25.06,51.31,-85.24,-138.41
52.415997,-1.538752,158.76,5.05,4,208.9,21 / 21,3226428,2019-09-06 19:09:53:110,0.3389,1.3874,9.774,0.0073,-0.0092,9.8066,0.0272,0.0224,-0.0259,2.06,-34.5,23.75,51.93,-85.31,-138.15
52.415997,-1.538752,158.76,5.05,4,208.9,21 / 21,3226528,2019-09-06 19:09:53:210,0.3745,2.3741,10.4014,0.0034,0.0217,9.8065,-0.0433,-0.0247,0.0154,2.75,-34.12,24.56,53.08,-85.52,-138.69
52.415997,-1.538752,158.76,5.05,4,208.9,21 / 21,3226628,2019-09-06 19:09:53:310,0.4264,1.4559,9.4287,0.0098,0.0053,9.8065,-0.0702,-0.0027,-0.053,2.56,-34.19,24.69,52.3,-85.6,-139.34
52.415997,-1.538752,158.76,5.05,4,208.9,21 / 21,3226729,2019-09-06 19:09:53:411,0.1051,-1.4407,9.7541,0.0068,0.012,9.8066,0.1972,-0.0151,0.0203,2.38,-33.94,24.31,48.18,-85.71,-141.19
52.415997,-1.538752,158.76,5.05,4,208.9,21 / 21,3226829,2019-09-06 19:09:53:511,0.3641,0.3872,10.2379,0.009,0.0175,9.8065,0.0916,-0.0329,0.0078,1.94,-33.75,23.75,47.51,-85.68,-141.84
52.415997,-1.538752,158.76,5.05,4,208.9,21 / 21,3226929,2019-09-06 19:09:53:611,1.0487,0.091,9.8477,0.0051,-0.0049,9.8066,-0.0457,0.0009,-0.0047,2.38,-32.75,23.38,48.16,-85.75,-141.42
52.415997,-1.538752,158.76,5.05,4,208.9,21 / 21,3227028,2019-09-06 19:09:53:710,0.0412,-0.6082,9.773,0.006,-0.027,9.8066,0.0185,-0.0292,0.0292,1,-32.06,22.13,44.97,-85.76,-142.07
52.415997,-1.538752,158.76,5.05,4,208.9,21 / 21,3227129,2019-09-06 19:09:53:811,-0.1225,0.2477,9.3378,0.0105,0.0093,9.8066,-0.1313,-0.0534,0.0592,-0.12,-32.75,22.5,43.11,-85.74,-141.15
52.415997,-1.538752,158.76,5.05,4,208.9,21 / 21,3227228,2019-09-06 19:09:53:910,1.9933,0.0546,8.7835,-0.0179,0.0019,9.8066,-0.0339,0.0844,-0.0073,-0.25,-32.56,23.94,45.16,-85.85,-138.97
52.415997,-1.538752,158.76,5.05,4,208.9,21 / 21,3227328,2019-09-06 19:09:54:010,-1.036,0.3631,9.9413,-0.0133,0.0452,9.8064,0.043,0.0525,-0.0276,-0.94,-32.81,24.63,48.46,-85.83,-133.44
52.415462,-1.539123,156.52,10.13,3,203.55,20 / 20,3227429,2019-09-06 19:09:54:111,1.4184,1.4692,9.5165,-0.0013,0.0395,9.8066,-0.0206,0.0347,0.0123,0.63,-32.75,25.69,53.58,-85.91,-132.88
52.415462,-1.539123,156.52,10.13,3,203.55,20 / 20,3227528,2019-09-06 19:09:54:210,1.1043,0.7623,10.409,-0.0304,-0.0188,9.8066,0.1121,0.0286,-0.0295,1.31,-33.5,25.31,54.66,-85.71,-132.33
52.415462,-1.539123,156.52,10.13,3,203.55,20 / 20,3227628,2019-09-06 19:09:54:310,-0.682,0.9192,10.1985,-0.0092,-0.0238,9.8066,0.0073,0.0508,0.0071,1.44,-33.69,25.31,52.28,-85.5,-134.94
52.415462,-1.539123,156.52,10.13,3,203.55,20 / 20,3227729,2019-09-06 19:09:54:411,-0.1158,0.7601,9.8909,-0.0014,-0.0233,9.8066,-0.0244,0.0548,-0.0873,1,-33.25,24.75,50.02,-85.42,-137
52.415462,-1.539123,156.52,10.13,3,203.55,20 / 20,3227829,2019-09-06 19:09:54:511,0.7797,0.4722,9.5979,0.0128,0.0174,9.8065,0.0846,0.0571,-0.046,1.06,-33.81,25.06,47.42,-85.42,-139.56
52.415462,-1.539123,156.52,10.13,3,203.55,20 / 20,3227928,2019-09-06 19:09:54:610,0.062,0.5372,9.7007,0.0167,0.0098,9.8066,0.1041,-0.0779,0.0559,1.38,-33.81,24.94,45.82,-85.66,-140.79
52.415462,-1.539123,156.52,10.13,3,203.55,20 / 20,3228028,2019-09-06 19:09:54:710,0.1612,1.7,10.5038,0.0012,-0.0031,9.8066,-0.0099,-0.0509,-0.0391,1.31,-34.87,23.88,46.59,-85.64,-140.5
52.415462,-1.539123,156.52,10.13,3,203.55,20 / 20,3228129,2019-09-06 19:09:54:811,0.2226,0.314,10.2201,0.0164,0.0044,9.8066,0.0243,-0.0195,0.0028,1,-33.94,24.38,45.29,-85.77,-141.44
52.415462,-1.539123,156.52,10.13,3,203.55,20 / 20,3228228,2019-09-06 19:09:54:910,1.337,0.653,10.2987,0.0049,-0.0323,9.8065,0.0359,-0.0886,0.0853,1.06,-34.62,24.88,41.74,-85.77,-144.57
52.415462,-1.539123,156.52,10.13,3,203.55,20 / 20,3228329,2019-09-06 19:09:55:011,0.1381,0.1763,8.9004,0.0001,-0.0125,9.8066,0.0347,0.0068,-0.0584,1.81,-34.69,24.94,44.64,-85.78,-144.15
52.415462,-1.539123,156.52,10.13,3,203.55,21 / 21,3228429,2019-09-06 19:09:55:111,0.1083,0.7767,9.3845,0.0151,0.0127,9.8066,-0.1491,-0.0605,0.0827,1.06,-34.37,24.44,43.65,-85.79,-142.93
52.415462,-1.539123,156.52,10.13,3,203.55,21 / 21,3228528,2019-09-06 19:09:55:210,1.2468,0.3174,9.5451,-0.0036,-0.0066,9.8066,-0.1248,0.0022,-0.0415,0.94,-34.31,24.19,43.94,-85.95,-142.5
52.415462,-1.539123,156.52,10.13,3,203.55,21 / 21,3228629,2019-09-06 19:09:55:311,-0.445,1.2678,10.3514,0.0031,0.0233,9.8066,0.0636,-0.012,0.0286,0.81,-34.12,23.5,45.92,-86.06,-140.54
52.415462,-1.539123,156.52,10.13,3,203.55,21 / 21,3228729,2019-09-06 19:09:55:411,-0.217,0.4819,9.7728,-0.0079,0.0223,9.8065,0.0944,0.0003,0.0754,1.44,-34.12,24.69,45.53,-86.03,-140.68
52.415462,-1.539123,156.52,10.13,3,203.55,21 / 21,3228828,2019-09-06 19:09:55:510,-0.6789,1.0808,9.6963,-0.0085,-0.0127,9.8066,0.0163,0.0052,-0.0505,1.25,-33.87,23.13,46.48,-85.7,-140.7
52.415462,-1.539123,156.52,10.13,3,203.55,21 / 21,3228928,2019-09-06 19:09:55:610,0.9872,1.2159,9.9059,0.0057,0.0118,9.8065,0.0526,-0.0537,0.0595,2,-33.75,23.13,48.66,-85.77,-141.07
52.415462,-1.539123,156.52,10.13,3,203.55,21 / 21,3229028,2019-09-06 19:09:55:710,-0.7498,0.6407,10.2775,0.006,-0.0145,9.8065,-0.0968,-0.0306,-0.0198,2.5,-33.87,22.88,52.61,-85.67,-139.95
52.415462,-1.539123,156.52,10.13,3,203.55,21 / 21,3229128,2019-09-06 19:09:55:810,0.2688,0.1136,10.0474,-0.0059,-0.0166,9.8066,-0.0294,-0.0324,-0.0107,3.31,-33.87,25.13,49.98,-85.73,-141.37
52.415462,-1.539123,156.52,10.13,3,203.55,21 / 21,3229228,2019-09-06 19:09:55:910,-0.8034,0.947,9.7291,0.01,0.0084,9.8065,0.0705,-0.0535,0.0852,1.38,-33.37,24.56,44.31,-85.75,-141.98
52.415462,-1.539123,156.52,10.13,3,203.55,21 / 21,3229328,2019-09-06 19:09:56:010,0.304,0.2973,9.6593,-0.0045,-0.0053,9.8066,-0.0612,-0.0593,-0.0689,1.81,-33.12,24.5,45.61,-85.66,-143.13
52.415462,-1.539123,156.52,10.13,3,203.55,21 / 21,3229428,2019-09-06 19:09:56:110,0.5081,0.6434,9.6689,0.0094,-0.016,9.8066,-0.0843,-0.0401,0.0326,1.63,-33.44,24.44,45.79,-85.53,-143.46
52.415462,-1.539123,156.52,10.13,3,203.55,21 / 21,3229529,2019-09-06 19:09:56:211,0.4983,1.3219,9.9933,-0.0067,-0.0158,9.8066,-0.0351,0.0131,0.0554,2.5,-33.5,22.94,47.3,-85.53,-144.9
52.415462,-1.539123,156.52,10.13,3,203.55,21 / 21,3229629,2019-09-06 19:09:56:311,-0.339,2.0003,9.5954,-0.0001,0.0156,9.8066,-0.0168,-0.0704,-0.0151,2.75,-33.81,23.69,48.27,-85.45,-143.72
52.415462,-1.539123,156.52,10.13,3,203.55,21 / 21,3229729,2019-09-06 19:09:56:411,0.7217,1.5258,9.7354,0.0147,-0.0022,9.8066,-0.0109,0.0476,-0.0494,3.19,-33.69,23.75,46.57,-85.5,-145.25
52.415462,-1.539123,156.52,10.13,3,203.55,21 / 21,3229829,2019-09-06 19:09:56:511,-0.7167,0.5654,9.8797,-0.0099,-0.0391,9.8065,0.0174,-0.0764,0.0329,4.38,-34.62,24.94,45.85,-85.34,-147.96
52.415462,-1.539123,156.52,10.13,3,203.55,21 / 21,3229929,2019-09-06 19:09:56:611,-0.0242,0.025,9.3183,0.0015,-0.0078,9.8066,-0.0238,-0.0742,0.001,3.5,-33.69,25.06,46.31,-85.47,-147.27
52.415462,-1.539123,156.52,10.13,3,203.55,21 / 21,3230029,2019-09-06 19:09:56:711,1.1332,0.9082,10.0418,0.0107,0.0251,9.8066,0.0028,0.0047,0.0286,4,-33.75,25.38,47.52,-85.6,-146.02
52.415462,-1.539123,156.52,10.13,3,203.55,21 / 21,3230128,2019-09-06 19:09:56:810,-0.4978,1.1446,10.3085,0.0091,0.0114,9.8066,-0.0371,-0.1135,0.0365,3.38,-33.31,24.5,46.91,-85.85,-143.99
52.415462,-1.539123,156.52,10.13,3,203.55,21 / 21,3230228,2019-09-06 19:09:56:910,0.0853,1.2264,9.5524,0.0076,0.0132,9.8066,0.0671,-0.0526,0.0287,3,-32.25,24.56,47.79,-85.98,-142.91
52.415462,-1.539123,156.52,10.13,3,203.55,21 / 21,3230328,2019-09-06 19:09:57:010,0.4583,0.9162,9.3435,-0.0122,0.0114,9.8066,-0.0399,-0.0824,-0.0077,1.88,-32.25,23.25,46.63,-85.9,-142.55
52.415462,-1.539123,156.52,10.13,3,203.55,21 / 22,3230428,2019-09-06 19:09:57:110,-0.249,1.3582,9.4783,0.0006,0.0038,9.8066,-0.0261,-0.0959,0.0042,0.75,-32,23.31,43.69,-85.81,-142.9
52.415462,-1.539123,156.52,10.13,3,203.55,21 / 22,3230529,2019-09-06 19:09:57:211,-0.0184,2.327,10.2748,0.0117,0.0012,9.8066,-0.0232,-0.0149,-0.0163,-0.5,-32.37,22.94,41.27,-85.96,-142.5
52.415462,-1.539123,156.52,10.13,3,203.55,21 / 22,3230628,2019-09-06 19:09:57:310,0.0641,1.59,11.0045,-0.0071,0.0045,9.8066,-0.034,-0.009,-0.0842,-0.81,-31.94,24.31,38.07,-86.2,-142.73
52.415462,-1.539123,156.52,10.13,3,203.55,21 / 22,3230729,2019-09-06 19:09:57:411,-1.1581,2.1989,9.6389,0.0172,-0.0259,9.8066,0.0821,-0.0404,-0.0785,0.44,-33.19,23.5,37.96,-86.15,-145.36
52.415462,-1.539123,156.52,10.13,3,203.55,21 / 22,3230829,2019-09-06 19:09:57:511,-0.0037,2.3675,9.4313,0.0189,-0.0201,9.8066,0.0246,-0.0909,-0.0449,1.94,-32.56,23.31,37.15,-86.06,-151.29
52.415462,-1.539123,156.52,10.13,3,203.55,21 / 22,3230929,2019-09-06 19:09:57:611,0.8051,1.9986,10.6807,0.012,-0.0197,9.8066,-0.0034,-0.0667,0.0238,3.06,-32.87,23.75,34.9,-85.94,-155.46
52.415462,-1.539123,156.52,10.13,3,203.55,21 / 22,3231029,2019-09-06 19:09:57:711,0.8858,1.2947,9.1264,-0.0134,-0.016,9.8066,0.0017,-0.0339,0.0169,3.44,-33.31,23,35.32,-85.79,-155.64
52.415462,-1.539123,156.52,10.13,3,203.55,21 / 22,3231129,2019-09-06 19:09:57:811,-1.3959,2.0374,9.1406,-0.0288,-0.0216,9.8066,-0.0632,-0.1023,0.0774,3.69,-33.56,23.31,40.88,-85.74,-153.13
52.415462,-1.539123,156.52,10.13,3,203.55,21 / 22,3231229,2019-09-06 19:09:57:911,-0.2996,1.7204,9.4559,0.0063,0.0448,9.8065,-0.0546,-0.0978,-0.016,3.13,-34.5,23.5,40.55,-85.73,-150.56
52.415462,-1.539123,156.52,10.13,3,203.55,21 / 22,3231329,2019-09-06 19:09:58:011,-1.0932,2.6044,9.9276,-0.0016,0.042,9.8065,-0.0418,-0.1377,0.0436,2.81,-33.69,23.13,45.17,-86.05,-146.44
52.415462,-1.539123,156.52,10.13,3,203.55,21 / 21,3231429,2019-09-06 19:09:58:111,-0.7873,2.5738,11.4094,-0.0085,-0.0088,9.8066,0.0942,-0.1278,-0.0265,3.81,-33.44,24.19,48.96,-86.04,-144.63
52.415462,-1.539123,156.52,10.13,3,203.55,21 / 21,3231529,2019-09-06 19:09:58:211,-1.4931,1.0854,10.8506,0.0024,-0.0135,9.8066,-0.0015,-0.1188,-0.0378,3.63,-33.06,23.44,47.08,-85.94,-147.07
52.415462,-1.539123,156.52,10.13,3,203.55,21 / 21,3231628,2019-09-06 19:09:58:310,-0.4872,0.6978,9.0595,-0.0275,-0.069,9.8063,-0.0227,-0.1529,0.0743,4.19,-33.12,23.94,42.12,-85.39,-151.63
52.415462,-1.539123,156.52,10.13,3,203.55,21 / 21,3231728,2019-09-06 19:09:58:410,-1.9418,1.4003,8.926,-0.0339,-0.0444,9.8064,-0.014,-0.2539,0.077,3.69,-33.56,23.81,44.09,-85.01,-150.35
52.415462,-1.539123,156.52,10.13,3,203.55,21 / 21,3231828,2019-09-06 19:09:58:510,-1.3482,2.2602,9.7626,0.0152,0.0319,9.8065,-0.1213,-0.2423,0.056,4.5,-33.62,22.75,48.81,-84.99,-149.02
52.415462,-1.539123,156.52,10.13,3,203.55,21 / 21,3231928,2019-09-06 19:09:58:610,-0.8164,1.3955,10.3149,0.0148,0.0291,9.8065,-0.1338,-0.2058,-0.021,4.56,-33,22.94,50.41,-85.45,-146.87
52.415462,-1.539123,156.52,10.13,3,203.55,21 / 21,3232028,2019-09-06 19:09:58:710,-0.4552,1.32,9.988,-0.0028,0.0153,9.8066,-0.005,-0.2394,0.0125,4.5,-33.12,22.88,51.52,-85.82,-145.41
52.415462,-1.539123,156.52,10.13,3,203.55,21 / 21,3232128,2019-09-06 19:09:58:810,-1.7283,1.6793,9.3568,-0.0175,0.0011,9.8065,0.016,-0.2911,0.1017,4.5,-32.19,22,53.88,-85.69,-143.95
52.415462,-1.539123,156.52,10.13,3,203.55,21 / 21,3232228,2019-09-06 19:09:58:910,-2.0333,1.2278,9.6426,-0.0215,0.0108,9.8066,0.0922,-0.2885,0.0524,4.19,-31.44,21.44,55.42,-85.38,-140.99
52.415462,-1.539123,156.52,10.13,3,203.55,21 / 21,3232328,2019-09-06 19:09:59:010,-1.9538,0.6839,10.2245,-0.0044,0.0197,9.8066,0.01,-0.3557,0.0702,4.19,-32.06,20.5,56.61,-85.23,-140.24
52.415462,-1.539123,156.52,10.13,3,203.55,21 / 21,3232428,2019-09-06 19:09:59:110,-2.2636,-0.7457,9.8024,0.0115,-0.0165,9.8066,-0.0088,-0.3086,-0.0275,4.25,-31.5,20.25,56.84,-85.19,-140.7
52.415462,-1.539123,156.52,10.13,3,203.55,21 / 21,3232529,2019-09-06 19:09:59:211,-1.2875,0.8992,9.7319,0.0086,0.0077,9.8066,0.06,-0.2723,0.0312,5.31,-32.94,19.88,58.43,-85.37,-142.03
52.415462,-1.539123,156.52,10.13,3,203.55,21 / 21,3232628,2019-09-06 19:09:59:310,-0.6509,1.8985,9.8836,-0.0055,-0.012,9.8065,-0.1081,-0.2611,-0.0274,6.5,-32.62,18.88,64.66,-85.33,-142.55
52.415462,-1.539123,156.52,10.13,3,203.55,21 / 21,3232729,2019-09-06 19:09:59:411,-0.9459,1.1167,9.3837,-0.0038,-0.0072,9.8066,-0.0559,-0.2993,-0.0117,6.69,-33.12,19.06,64.08,-85.35,-143.06
52.415462,-1.539123,156.52,10.13,3,203.55,21 / 21,3232829,2019-09-06 19:09:59:511,-1.1029,1.6149,9.9867,0.012,0.0125,9.8066,0.09,-0.2779,0.0083,7.44,-34.25,18.13,65.32,-85.44,-143.32
52.415462,-1.539123,156.52,10.13,3,203.55,21 / 21,3232928,2019-09-06 19:09:59:610,-2.3888,1.0933,9.9481,0.0093,0.0136,9.8066,0.0433,-0.2762,-0.0192,7.88,-34.87,17.56,67.82,-85.49,-143.66
52.415462,-1.539123,156.52,10.13,3,203.55,21 / 21,3233028,2019-09-06 19:09:59:710,-0.7704,1.1388,10.1301,-0.0027,-0.0106,9.8066,-0.0513,-0.2811,0.05,8.06,-34.75,17.88,67.58,-85.56,-143.77
52.415462,-1.539123,156.52,10.13,3,203.55,21 / 21,3233129,2019-09-06 19:09:59:811,-1.0059,1.3314,10.0628,-0.0028,-0.0016,9.8066,-0.0619,-0.2389,-0.02,8.5,-35.06,17.56,70.32,-85.56,-143.61
52.415462,-1.539123,156.52,10.13,3,203.55,21 / 21,3233230,2019-09-06 19:09:59:912,-1.3835,0.4302,9.7093,0.0079,-0.0036,9.8066,0.0079,-0.2473,0.0041,8.69,-35,17.13,70.68,-85.69,-144.69
52.415462,-1.539123,156.52,10.13,3,203.55,21 / 21,3233328,2019-09-06 19:10:00:010,-1.69,0.1031,9.8527,-0.0021,-0.0152,9.8066,0.0469,-0.2668,0.0086,8.5,-35.44,17.25,70.81,-85.74,-144.48
52.415462,-1.539123,156.52,10.13,3,203.55,21 / 21,3233428,2019-09-06 19:10:00:110,-1.4947,1.2276,9.7588,-0.0031,-0.0184,9.8066,-0.0354,-0.2044,-0.0062,9.19,-35.81,16.5,69.02,-85.8,-146.31
52.415462,-1.539123,156.52,10.13,3,203.55,21 / 21,3233529,2019-09-06 19:10:00:211,-1.2813,1.1901,9.8178,0.003,-0.0051,9.8065,0.0163,-0.2316,0.0345,9.31,-34.81,16.19,70.13,-85.84,-146.77
52.415462,-1.539123,156.52,10.13,3,203.55,21 / 21,3233628,2019-09-06 19:10:00:310,-0.3597,1.095,9.8629,0.0274,-0.0058,9.8065,0.013,-0.2606,-0.0743,9.19,-35.44,16.25,67.12,-86.01,-149.32
52.415462,-1.539123,156.52,10.13,3,203.55,21 / 21,3233729,2019-09-06 19:10:00:411,-0.6345,0.5932,9.7509,0.0023,-0.007,9.8066,0.041,-0.2227,0.0223,9.88,-35.31,16,66.82,-86.04,-152.01
52.415462,-1.539123,156.52,10.13,3,203.55,21 / 21,3233828,2019-09-06 19:10:00:510,-1.561,-0.1289,9.7385,0.0153,-0.0039,9.8066,-0.0724,-0.2234,-0.0279,9.5,-35.12,15.63,65.09,-86.12,-153.52
52.415462,-1.539123,156.52,10.13,3,203.55,21 / 21,3233929,2019-09-06 19:10:00:611,-1.1353,1.9707,10.2427,0.0085,-0.0018,9.8066,0.0288,-0.1749,-0.0515,10.19,-35.25,15.25,65.32,-86.07,-155.38
52.415462,-1.539123,156.52,10.13,3,203.55,21 / 21,3234029,2019-09-06 19:10:00:711,-0.5692,0.9173,9.7896,0.0159,-0.0057,9.8066,0.0241,-0.2538,-0.0404,10.94,-34.69,14.38,67.48,-86.25,-157.56
52.415462,-1.539123,156.52,10.13,3,203.55,21 / 21,3234128,2019-09-06 19:10:00:810,-0.8078,1.0027,9.6033,0.0056,-0.0127,9.8066,0.033,-0.1756,-0.0642,11,-34.81,14.13,62.83,-86.31,-161.85
52.415462,-1.539123,156.52,10.13,3,203.55,21 / 21,3234229,2019-09-06 19:10:00:911,-1.0511,1.1653,10.2463,0.0175,0.001,9.8066,0.0309,-0.2259,0.0261,10.94,-34.44,13.81,60.49,-86.34,-163.81
52.415462,-1.539123,156.52,10.13,3,203.55,21 / 21,3234329,2019-09-06 19:10:01:011,-0.5675,1.4878,9.9498,-0.0052,-0.0119,9.8066,-0.0192,-0.2332,-0.0477,11.5,-34.12,13.38,64.57,-86.25,-164.71
52.415462,-1.539123,156.52,10.13,3,203.55,21 / 21,3234429,2019-09-06 19:10:01:111,-0.7082,1.661,10.3741,-0.0104,-0.0019,9.8066,0.0782,-0.2545,0.0062,11.5,-34.44,12.75,65.34,-86.16,-164.15
52.415462,-1.539123,156.52,10.13,3,203.55,21 / 21,3234529,2019-09-06 19:10:01:211,-0.9946,1.4996,10.2519,-0.019,-0.0084,9.8066,0.003,-0.2789,0.0139,11.94,-33.87,12.13,68.11,-86.07,-164.27
52.415462,-1.539123,156.52,10.13,3,203.55,21 / 21,3234628,2019-09-06 19:10:01:310,-0.181,1.4912,10.2223,0.0027,-0.0079,9.8066,-0.0266,-0.3039,-0.027,12,-34.12,11.38,70.37,-85.9,-165.27
52.415462,-1.539123,156.52,10.13,3,203.55,21 / 21,3234728,2019-09-06 19:10:01:410,-0.5527,1.6267,10.1568,-0.0191,-0.0109,9.8066,0.0392,-0.2789,0.0143,12.44,-34.75,11.5,67.43,-85.62,-166.01
52.415462,-1.539123,156.52,10.13,3,203.55,21 / 21,3234828,2019-09-06 19:10:01:510,0.1085,2.1862,10.0846,-0.0269,-0.0048,9.8066,0.0065,-0.2621,0.0545,13.13,-34.06,11.38,72.65,-85.48,-165.83
52.415462,-1.539123,156.52,10.13,3,203.55,21 / 21,3234928,2019-09-06 19:10:01:610,-0.7119,2.085,9.7149,0.0081,-0.0018,9.8066,-0.0205,-0.2611,-0.0045,12.88,-34,10.81,73.41,-85.39,-165.27
52.415462,-1.539123,156.52,10.13,3,203.55,21 / 21,3235029,2019-09-06 19:10:01:711,-0.722,1.7909,10.1609,0.0047,0.0039,9.8066,0.0171,-0.2434,0.0027,13.63,-34.06,10.31,77.92,-85.33,-165.67
52.415462,-1.539123,156.52,10.13,3,203.55,21 / 21,3235128,2019-09-06 19:10:01:810,-0.3209,1.4761,9.6599,-0.0107,-0.0002,9.8066,0.1138,-0.3479,0.0909,13.88,-33.56,10.75,75.42,-85.28,-165.25
52.415462,-1.539123,156.52,10.13,3,203.55,21 / 21,3235228,2019-09-06 19:10:01:910,-0.6323,1.4699,9.5207,-0.0287,-0.0008,9.8065,-0.1205,-0.1784,0.0157,12.75,-33.62,10.38,78.83,-85.09,-163.7
52.415462,-1.539123,156.52,10.13,3,203.55,21 / 21,3235328,2019-09-06 19:10:02:010,0.2969,1.6697,9.9695,0.0048,0.0094,9.8066,-0.2142,-0.2057,0.0606,12.31,-33.06,11,75.36,-85.09,-161.88
52.415462,-1.539123,156.52,10.13,3,203.55,21 / 21,3235429,2019-09-06 19:10:02:111,-0.1373,2.1263,10.0116,-0.0156,-0.0212,9.8065,0.1136,-0.2897,-0.0262,11.75,-33.56,10.56,74.86,-84.85,-163.14
52.415462,-1.539123,156.52,10.13,3,203.55,21 / 21,3235529,2019-09-06 19:10:02:211,-1.0796,2.6181,10.3372,0.0005,0.0024,9.8066,0.1512,-0.1807,0.0364,11.19,-33.44,10.44,75.33,-84.62,-164.12
52.415462,-1.539123,156.52,10.13,3,203.55,21 / 21,3235629,2019-09-06 19:10:02:311,-0.8901,1.1158,10.1354,0.0314,0.0167,9.8066,0.1637,-0.3388,0.0629,11.31,-33.69,9.44,79.9,-84.48,-164.02
52.415462,-1.539123,156.52,10.13,3,203.55,21 / 21,3235729,2019-09-06 19:10:02:411,-0.5472,0.7584,10.6488,-0.0176,-0.0086,9.8066,-0.0548,-0.3061,0.0074,10.63,-33.25,8.06,82.84,-84.39,-164.86
52.415462,-1.539123,156.52,10.13,3,203.55,21 / 21,3235828,2019-09-06 19:10:02:510,-0.6164,1.4032,10.2143,0.0308,0.0128,9.8065,0.0633,-0.2191,-0.0108,11.56,-33.5,7.13,87.9,-84.43,-165.24
52.415462,-1.539123,156.52,10.13,3,203.55,21 / 21,3235929,2019-09-06 19:10:02:611,-1.2172,2.0941,10.1782,-0.0372,-0.0293,9.8065,-0.1038,-0.2086,-0.0118,11.31,-34,6.31,90.31,-84.25,-166.92
52.415462,-1.539123,156.52,10.13,3,203.55,21 / 21,3236029,2019-09-06 19:10:02:711,-0.1039,1.3997,10.0819,-0.0454,-0.02,9.8065,-0.1286,-0.3149,0.0125,11.5,-33.12,6.19,89.47,-84.21,-168.42
52.415462,-1.539123,156.52,10.13,3,203.55,21 / 21,3236129,2019-09-06 19:10:02:811,-0.5726,0.9763,8.9302,-0.0131,-0.0139,9.8066,-0.0408,-0.2248,-0.071,11.63,-32.37,4.75,90.64,-84.08,-171.53
52.415462,-1.539123,156.52,10.13,3,203.55,21 / 21,3236228,2019-09-06 19:10:02:910,0.8461,2.1605,9.1722,-0.0387,-0.0204,9.8065,-0.0521,-0.241,0.0218,11.69,-32.56,4.13,94.5,-83.95,-173.03
52.415462,-1.539123,156.52,10.13,3,203.55,21 / 21,3236329,2019-09-06 19:10:03:011,-0.4803,1.987,10.5262,0.0406,-0.0116,9.8066,0.0382,-0.2994,-0.0279,11.81,-32,4,92.87,-83.92,-174.3
52.41501,-1.539685,153.12,7.05,3,277.03,22 / 22,3236428,2019-09-06 19:10:03:110,-0.1637,1.8204,9.8392,0.0234,-0.0199,9.8066,-0.0146,-0.2708,-0.0602,11.56,-32.94,3.44,94.76,-84.18,-176.9
52.41501,-1.539685,153.12,7.05,3,277.03,22 / 22,3236529,2019-09-06 19:10:03:211,0.8036,1.4906,9.5753,-0.0042,-0.0227,9.8065,-0.0243,-0.3497,-0.0395,11.31,-33.12,3.5,86.31,-84.07,179.27
52.41501,-1.539685,153.12,7.05,3,277.03,22 / 22,3236628,2019-09-06 19:10:03:310,-1.1642,2.2846,10.5556,-0.0232,-0.0117,9.8066,0.0079,-0.2361,-0.0141,11.88,-33.87,3.44,90.66,-83.87,177.53
52.41501,-1.539685,153.12,7.05,3,277.03,22 / 22,3236729,2019-09-06 19:10:03:411,0.7265,1.82,9.1744,-0.0054,-0.0336,9.8066,0.0542,-0.3017,-0.0152,11.13,-33.62,2.38,92.59,-83.72,173.39
52.41501,-1.539685,153.12,7.05,3,277.03,22 / 22,3236829,2019-09-06 19:10:03:511,0.0598,2.0408,9.8715,-0.0245,-0.0169,9.8066,-0.0501,-0.2024,-0.127,11.38,-33.81,2.25,91.13,-83.63,171.6
52.41501,-1.539685,153.12,7.05,3,277.03,22 / 22,3236929,2019-09-06 19:10:03:611,0.4007,2.3867,10.0119,0.0181,-0.0208,9.8066,0.0424,-0.3628,0.0169,11.94,-34.31,1.69,88.58,-83.63,169.85
52.41501,-1.539685,153.12,7.05,3,277.03,22 / 22,3237029,2019-09-06 19:10:03:711,0.1781,1.3359,9.8014,-0.0073,-0.0182,9.8066,0.0035,-0.1903,-0.04,11.44,-34.44,1.13,91.29,-83.65,166.46
52.41501,-1.539685,153.12,7.05,3,277.03,22 / 22,3237129,2019-09-06 19:10:03:811,1.1829,2.3723,10.1012,-0.0079,-0.0018,9.8066,0.0377,-0.3103,0.085,11.31,-34.94,1,92.06,-83.49,166.08
52.41501,-1.539685,153.12,7.05,3,277.03,22 / 22,3237228,2019-09-06 19:10:03:910,0.6658,1.4472,10.1132,-0.0237,0.0104,9.8066,0.0248,-0.2755,0.057,11.25,-34.81,1.25,92.61,-83.32,166.08
52.41501,-1.539685,153.12,7.05,3,277.03,22 / 22,3237329,2019-09-06 19:10:04:011,0.4354,2.4901,9.595,-0.0036,0.0019,9.8066,0.0633,-0.2784,0.0062,11.38,-35.25,0.5,94.56,-83.14,167.45
52.41501,-1.539685,153.12,7.05,3,277.03,21 / 21,3237429,2019-09-06 19:10:04:111,1.8942,1.3556,9.8927,-0.0153,0.0124,9.8066,0.0613,-0.2908,0.0619,11.25,-35.31,0.25,100.66,-83.01,168.22
52.41501,-1.539685,153.12,7.05,3,277.03,21 / 21,3237528,2019-09-06 19:10:04:210,-0.0091,1.6284,10.3672,-0.0142,0.0072,9.8066,0.0602,-0.2105,0.0122,11.31,-35.44,-0.5,100.89,-82.98,168.36
52.41501,-1.539685,153.12,7.05,3,277.03,21 / 21,3237629,2019-09-06 19:10:04:311,1.4899,1.6535,10.6005,-0.0105,0.0067,9.8066,0.1532,-0.2863,0.0171,11.19,-35.62,-0.56,107.09,-82.84,169
52.41501,-1.539685,153.12,7.05,3,277.03,21 / 21,3237729,2019-09-06 19:10:04:411,-0.2604,1.3706,10.1748,-0.041,0.0219,9.8065,0.1954,-0.2397,0.0176,10.56,-35.25,-0.37,103.35,-82.49,169.39
52.41501,-1.539685,153.12,7.05,3,277.03,21 / 21,3237828,2019-09-06 19:10:04:510,0.7641,2.1809,10.1032,-0.0442,0.0242,9.8065,-0.13,-0.2716,0.0302,10.06,-35.37,-1.31,111.89,-82.28,170.41
52.41501,-1.539685,153.12,7.05,3,277.03,21 / 21,3237929,2019-09-06 19:10:04:611,1.9006,1.34,9.6365,0.0099,-0.0102,9.8066,0.1299,-0.2299,0.018,10,-35.12,-1.81,116.46,-82.17,170.43
52.41501,-1.539685,153.12,7.05,3,277.03,21 / 21,3238029,2019-09-06 19:10:04:711,0.4187,1.8236,10.1987,0.0112,-0.0123,9.8066,0.0465,-0.2404,-0.0303,10.31,-35.37,-1.62,116.25,-82.16,170.14
52.41501,-1.539685,153.12,7.05,3,277.03,21 / 21,3238129,2019-09-06 19:10:04:811,0.4967,2.826,10.4188,-0.0071,0.001,9.8066,-0.1053,-0.2922,0.0531,10.31,-35.12,-2.06,115.89,-82.08,169.43
52.41501,-1.539685,153.12,7.05,3,277.03,21 / 21,3238229,2019-09-06 19:10:04:911,0.4768,0.4913,9.7431,-0.0102,-0.0198,9.8066,-0.038,-0.2054,-0.0468,9.44,-35.19,-2.75,121.95,-82.15,168.25
52.41501,-1.539685,153.12,7.05,3,277.03,21 / 21,3238329,2019-09-06 19:10:05:011,0.7239,1.119,9.5866,-0.0111,0.0062,9.8066,0.1239,-0.1786,-0.026,9.44,-35.5,-3.75,125.18,-81.9,167.15
52.41501,-1.539685,153.12,7.05,3,277.03,21 / 22,3238429,2019-09-06 19:10:05:111,2.0011,0.9103,9.9391,-0.0048,0.0195,9.8066,-0.0649,-0.2439,0.1082,9.19,-35.12,-3.25,122.33,-81.88,167.82
52.41501,-1.539685,153.12,7.05,3,277.03,21 / 22,3238528,2019-09-06 19:10:05:210,0.7119,1.6054,10.3517,0.0106,0.0027,9.8066,-0.0251,-0.1392,0.0145,8.69,-35.69,-3.31,123.38,-81.84,168.26
52.41501,-1.539685,153.12,7.05,3,277.03,21 / 22,3238629,2019-09-06 19:10:05:311,1.4103,0.6701,10.6151,0.0037,-0.0005,9.8066,0.1333,-0.1542,0.0145,8.06,-35.06,-3.25,127.48,-81.78,169.34
52.41501,-1.539685,153.12,7.05,3,277.03,21 / 22,3238729,2019-09-06 19:10:05:411,0.5425,1.8096,10.3061,-0.0459,0.0551,9.8063,0.1962,-0.1949,0.028,8.19,-35.56,-3.44,129.79,-81.29,169.97
52.41501,-1.539685,153.12,7.05,3,277.03,21 / 22,3238829,2019-09-06 19:10:05:511,0.8701,0.8194,9.8701,-0.0355,0.044,9.8065,-0.0572,-0.1635,0.0621,7.81,-35.19,-3.44,129.94,-81.1,170.42
52.41501,-1.539685,153.12,7.05,3,277.03,21 / 22,3238928,2019-09-06 19:10:05:610,2.7707,0.737,9.9626,0.0052,0.0059,9.8066,-0.05,-0.2318,0.1191,7.19,-35.37,-3.56,138.42,-80.93,171.87
52.41501,-1.539685,153.12,7.05,3,277.03,21 / 22,3239029,2019-09-06 19:10:05:711,1.5012,-1.6572,9.2225,-0.0001,0.0114,9.8066,0.0572,-0.1962,0.1266,7.44,-35.19,-3.87,138.73,-80.81,171.96
52.41501,-1.539685,153.12,7.05,3,277.03,21 / 22,3239128,2019-09-06 19:10:05:810,1.3409,-0.1218,9.4798,0.0029,0.0209,9.8066,0.08,-0.1391,0.1247,6.81,-35.19,-3,136.45,-80.89,173.34
52.41501,-1.539685,153.12,7.05,3,277.03,21 / 22,3239229,2019-09-06 19:10:05:911,1.2007,1.0152,9.4382,0.013,0.0237,9.8065,-0.052,-0.1595,0.0691,6.94,-35.31,-3.75,140.62,-80.95,175.42
52.41501,-1.539685,153.12,7.05,3,277.03,21 / 22,3239328,2019-09-06 19:10:06:010,3.3776,0.2148,10.2561,0.0131,-0.0155,9.8066,0.0329,-0.1649,0.0414,6.5,-35.5,-4,141.27,-81.06,176.78
52.41501,-1.539685,153.12,7.05,3,277.03,21 / 21,3239429,2019-09-06 19:10:06:111,-0.4993,-0.236,8.7127,0.0384,-0.0199,9.8065,0.0121,-0.1736,0.1691,7.06,-35.5,-4,141.59,-81.15,177.55
52.41501,-1.539685,153.12,7.05,3,277.03,21 / 21,3239528,2019-09-06 19:10:06:210,1.5412,0.1432,10.2019,0.0149,0.0112,9.8066,0.0418,-0.1279,0.0855,5.63,-36.06,-5,150.3,-80.97,179.74
52.41501,-1.539685,153.12,7.05,3,277.03,21 / 21,3239628,2019-09-06 19:10:06:310,1.8671,0.6547,10.102,0.0103,-0.0204,9.8066,0.0128,-0.0344,-0.0785,5.94,-36.19,-5.31,150.3,-81.11,-179.93
52.41501,-1.539685,153.12,7.05,3,277.03,21 / 21,3239729,2019-09-06 19:10:06:411,0.5834,0.3575,11.1615,-0.0197,0.0457,9.8065,0.1497,-0.1706,0.0475,5.13,-36.5,-5.25,154.3,-81.17,179.73
52.41501,-1.539685,153.12,7.05,3,277.03,21 / 21,3239829,2019-09-06 19:10:06:511,1.956,-0.0314,10.0365,0.006,0.0248,9.8065,0.0454,-0.1993,0.1251,5.5,-36.69,-5.25,151.36,-80.86,-179.33
52.41501,-1.539685,153.12,7.05,3,277.03,21 / 21,3239929,2019-09-06 19:10:06:611,1.2641,0.2758,9.7244,0.0108,0.0125,9.8066,0.1273,-0.0967,0.0682,4.94,-36.37,-5.25,156.66,-80.61,-177.3
52.41501,-1.539685,153.12,7.05,3,277.03,21 / 21,3240029,2019-09-06 19:10:06:711,0.9061,-0.9443,9.4224,0.0053,-0.0088,9.8066,-0.0749,-0.1173,0.0236,4.19,-36.75,-5.25,161.5,-80.55,-177.16
52.41501,-1.539685,153.12,7.05,3,277.03,21 / 21,3240129,2019-09-06 19:10:06:811,0.2916,1.1226,10.4451,0.02,0.0077,9.8065,-0.0173,-0.2166,0.1102,4,-36.56,-5.69,164.01,-80.64,-175.4
52.41501,-1.539685,153.12,7.05,3,277.03,21 / 21,3240229,2019-09-06 19:10:06:911,0.4072,0.1769,10.4047,0.0074,-0.0063,9.8066,0.1158,-0.0426,-0.008,3.75,-36.81,-5.87,164.25,-80.63,-174.98
52.41501,-1.539685,153.12,7.05,3,277.03,21 / 21,3240328,2019-09-06 19:10:07:010,1.0108,0.4616,10.2089,-0.0217,0.0396,9.8065,0.1598,-0.0621,0.0223,3.81,-36.69,-5.62,164.57,-80.48,-174.61
52.41501,-1.539685,153.12,7.05,3,277.03,21 / 21,3240428,2019-09-06 19:10:07:110,0.2249,-0.0887,10.0995,-0.0277,0.0442,9.8064,-0.0143,-0.0827,-0.006,4,-36.69,-5.19,162.64,-80,-175.9
52.41501,-1.539685,153.12,7.05,3,277.03,21 / 21,3240529,2019-09-06 19:10:07:211,0.4726,-0.5704,9.5441,-0.0004,-0.0114,9.8066,-0.0122,-0.0862,-0.0292,3.63,-36.69,-5.56,164.01,-79.91,-176.41
52.41501,-1.539685,153.12,7.05,3,277.03,21 / 21,3240628,2019-09-06 19:10:07:310,0.58,-0.342,9.3795,0.015,-0.0183,9.8065,-0.0528,-0.0491,0.0417,3.81,-36.62,-5.69,164.06,-79.98,-176.22
52.41501,-1.539685,153.12,7.05,3,277.03,21 / 21,3240729,2019-09-06 19:10:07:411,0.4525,-0.7676,10.2356,0.0178,-0.0189,9.8066,-0.067,-0.0206,0.0468,4.25,-36.69,-6.25,164.47,-80.02,-175.4
52.41501,-1.539685,153.12,7.05,3,277.03,21 / 21,3240829,2019-09-06 19:10:07:511,0.1544,-0.9655,9.8258,0.0113,-0.0157,9.8066,-0.0127,-0.042,0.0392,3.75,-36.25,-6.44,164.53,-80.16,-174.73
52.41501,-1.539685,153.12,7.05,3,277.03,21 / 21,3240929,2019-09-06 19:10:07:611,0.5774,-1.2209,9.6466,0.0014,0.0112,9.8065,-0.0523,-0.0208,-0.0023,4.75,-36.75,-6.5,161.42,-80.01,-173.72
52.41501,-1.539685,153.12,7.05,3,277.03,21 / 21,3241029,2019-09-06 19:10:07:711,0.6306,-0.9967,9.7966,0.0083,0.0138,9.8066,0.0662,-0.0444,0.0125,4.31,-37,-5.62,165.78,-79.87,-173.14
52.41501,-1.539685,153.12,7.05,3,277.03,21 / 21,3241128,2019-09-06 19:10:07:810,1.098,-0.4714,9.3216,-0.0022,0.0206,9.8066,0.0263,-0.0408,0.0487,3.88,-36.5,-4.31,162.46,-79.66,-172.45
52.41501,-1.539685,153.12,7.05,3,277.03,21 / 21,3241229,2019-09-06 19:10:07:911,0.6733,-1.62,9.6794,-0.008,0.0134,9.8066,0.0048,-0.0494,0.0171,3.31,-36.25,-4.69,168.77,-79.7,-172.52
52.41501,-1.539685,153.12,7.05,3,277.03,21 / 21,3241329,2019-09-06 19:10:08:011,0.6062,-0.5725,9.8353,0.0095,-0.006,9.8066,0.0691,-0.0052,0.0042,2.75,-35.69,-4.31,167.19,-79.74,-172.27
52.41501,-1.539685,153.12,7.05,3,277.03,21 / 21,3241429,2019-09-06 19:10:08:111,-0.5589,-1.4648,9.5054,-0.0051,-0.016,9.8065,-0.0737,-0.0017,-0.0248,1.75,-36.37,-5.31,173.44,-79.85,-172.4
52.41501,-1.539685,153.12,7.05,3,277.03,21 / 21,3241529,2019-09-06 19:10:08:211,0.7286,-1.2787,9.8373,0.0049,0.0114,9.8066,0.0018,-0.0089,-0.0047,2.25,-35.94,-5.87,174.65,-79.72,-172.26
52.41501,-1.539685,153.12,7.05,3,277.03,21 / 21,3241628,2019-09-06 19:10:08:310,0.3749,-2.2584,10.047,0.0051,0.0105,9.8066,0.043,-0.0223,-0.0098,2.69,-35.69,-6.56,171.68,-79.78,-171.97
52.41501,-1.539685,153.12,7.05,3,277.03,21 / 21,3241728,2019-09-06 19:10:08:410,-0.2137,-0.7567,9.6859,0.004,0.0099,9.8066,-0.0054,0.019,-0.0122,3.94,-35.44,-6.62,167.84,-79.76,-171.58
52.41501,-1.539685,153.12,7.05,3,277.03,21 / 21,3241828,2019-09-06 19:10:08:510,0.5517,-1.8808,9.6963,0.0002,0.0064,9.8066,-0.0209,-0.0105,-0.035,4.63,-35.25,-6.81,164.42,-79.72,-171.05
52.41501,-1.539685,153.12,7.05,3,277.03,21 / 21,3241929,2019-09-06 19:10:08:611,0.2805,-0.1683,9.8208,0.007,0.0063,9.8066,0.0701,-0.0175,0.0161,5.31,-34.69,-7,164.51,-79.76,-170.87
52.41501,-1.539685,153.12,7.05,3,277.03,21 / 21,3242029,2019-09-06 19:10:08:711,0.8818,-1.8939,10.3106,0.0077,0.0014,9.8066,-0.0676,0.001,0.0116,4,-34.12,-6.81,168.59,-79.76,-170.02
52.41501,-1.539685,153.12,7.05,3,277.03,21 / 21,3242128,2019-09-06 19:10:08:810,0.0252,-1.7719,9.6734,-0.001,-0.0008,9.8065,0.0314,0.0261,0.0228,3.38,-33.69,-6.87,172.72,-79.73,-169.75
52.41501,-1.539685,153.12,7.05,3,277.03,21 / 21,3242229,2019-09-06 19:10:08:911,0.9256,-0.9058,9.609,-0.0036,-0.0097,9.8066,0.0294,0.0307,-0.071,2.63,-33.62,-5.25,169.58,-79.81,-170.04
52.41501,-1.539685,153.12,7.05,3,277.03,21 / 21,3242329,2019-09-06 19:10:09:011,-0.482,-0.9002,9.5601,-0.005,-0.0034,9.8066,0.0399,0.0302,-0.0243,2.38,-34.31,-5.31,174.06,-79.72,-170.74
52.41501,-1.539685,153.12,7.05,3,277.03,21 / 21,3242428,2019-09-06 19:10:09:110,0.5041,-1.3628,9.8231,-0.0037,0.0026,9.8066,-0.0399,-0.0444,-0.0252,2.31,-34.69,-6.12,175.34,-79.68,-170.76
52.41501,-1.539685,153.12,7.05,3,277.03,21 / 21,3242528,2019-09-06 19:10:09:210,0.4638,-0.7646,9.7504,0.0012,-0.007,9.8066,-0.0668,-0.0299,-0.0098,2.25,-35.12,-6.94,176.13,-79.68,-171.2
52.41501,-1.539685,153.12,7.05,3,277.03,21 / 21,3242629,2019-09-06 19:10:09:311,0.5548,-0.9506,10.2702,0.0077,-0.0015,9.8066,0.0998,-0.0524,0.0039,1.31,-35.12,-7.12,180.47,-79.63,-170.98
52.41501,-1.539685,153.12,7.05,3,277.03,21 / 21,3242729,2019-09-06 19:10:09:411,0.1775,-0.9644,9.9195,-0.017,-0.0064,9.8065,0.045,-0.0314,-0.0315,-0.94,-35.31,-6.62,188.66,-79.65,-171.91
52.41501,-1.539685,153.12,7.05,3,277.03,21 / 21,3242828,2019-09-06 19:10:09:510,-0.2571,-0.762,9.4756,-0.0011,0.0031,9.8066,-0.0252,-0.0502,0.0025,-0.94,-35.12,-5,188.59,-79.64,-172.23
52.41501,-1.539685,153.12,7.05,3,277.03,21 / 21,3242929,2019-09-06 19:10:09:611,-0.5591,-0.9617,9.7932,0.0014,-0.0199,9.8065,0.0323,-0.0391,0.0119,-1.75,-35.12,-3.44,194.94,-79.61,-172.13
52.41501,-1.539685,153.12,7.05,3,277.03,21 / 21,3243029,2019-09-06 19:10:09:711,0.2031,-1.3659,9.8393,0.0038,-0.0235,9.8066,-0.0757,-0.0261,0.0038,1.13,-34.87,-2.44,175.13,-79.75,-171.9
52.41501,-1.539685,153.12,7.05,3,277.03,21 / 21,3243128,2019-09-06 19:10:09:810,-0.6673,-2.0854,9.4715,-0.0009,-0.0126,9.8066,-0.0419,0.0543,-0.053,2.06,-35.44,-3.62,172.25,-79.79,-171.84
52.41501,-1.539685,153.12,7.05,3,277.03,21 / 21,3243229,2019-09-06 19:10:09:911,0.912,-0.6683,9.024,-0.0089,0.0191,9.8066,-0.1061,0.0658,-0.0238,3.06,-35.06,-5.37,168.94,-79.78,-171.72
52.41501,-1.539685,153.12,7.05,3,277.03,21 / 21,3243329,2019-09-06 19:10:10:011,0.9688,-1.5567,10.2522,0.0367,-0.0277,9.8065,0.1249,-0.0332,0.0173,2.88,-35.81,-5.75,171.6,-79.94,-169.59
52.41501,-1.539685,153.12,7.05,3,277.03,21 / 22,3243429,2019-09-06 19:10:10:111,0.7502,-1.3508,10.1592,0.0274,-0.0375,9.8065,0.1278,-0.0012,0.0067,2.63,-36.44,-5.5,170.48,-79.92,-168.71
52.41501,-1.539685,153.12,7.05,3,277.03,21 / 22,3243529,2019-09-06 19:10:10:211,1.1212,-1.6445,9.7155,0.0027,0.0404,9.8065,-0.0384,-0.058,0.0468,2.44,-36.94,-6.19,176.63,-79.93,-168.33
52.41501,-1.539685,153.12,7.05,3,277.03,21 / 22,3243628,2019-09-06 19:10:10:310,1.5418,-2.2148,9.5526,0.0086,0.0193,9.8065,0.0478,-0.076,0.0611,1.69,-36.25,-5.56,177.14,-79.71,-167.28
52.41501,-1.539685,153.12,7.05,3,277.03,21 / 22,3243729,2019-09-06 19:10:10:411,0.7315,-1.8071,9.7348,0.0149,0.0145,9.8065,-0.0446,-0.0664,0.0594,1.81,-36.37,-5.94,177.95,-79.54,-165.71
52.41501,-1.539685,153.12,7.05,3,277.03,21 / 22,3243829,2019-09-06 19:10:10:511,1.6563,-1.0206,9.4118,0.01,0.0198,9.8065,-0.0746,-0.1275,0.0608,1,-37,-5.87,182.78,-79.37,-164.67
52.41501,-1.539685,153.12,7.05,3,277.03,21 / 22,3243929,2019-09-06 19:10:10:611,0.4424,-0.3393,9.5481,0.0125,-0.0261,9.8065,0.0817,-0.1382,0.0627,0.94,-36.81,-6.25,183.26,-79.46,-163.71
52.41501,-1.539685,153.12,7.05,3,277.03,21 / 22,3244029,2019-09-06 19:10:10:711,1.4242,-0.6028,9.8527,0.0169,-0.0155,9.8065,-0.037,-0.17,0.0748,0.81,-37.31,-6.87,184.69,-79.44,-162.77
52.41501,-1.539685,153.12,7.05,3,277.03,21 / 22,3244129,2019-09-06 19:10:10:811,1.5921,-2.4336,10.2873,0.0136,-0.0028,9.8066,0.0381,-0.1772,0.0857,0.13,-37.12,-6.25,188.69,-79.45,-161.62
52.41501,-1.539685,153.12,7.05,3,277.03,21 / 22,3244229,2019-09-06 19:10:10:911,2.1258,-1.5831,9.9539,0.0114,0.0104,9.8066,0.0035,-0.1987,0.0617,-0.37,-36.37,-6.94,190.13,-79.35,-160.42
52.41501,-1.539685,153.12,7.05,3,277.03,21 / 22,3244329,2019-09-06 19:10:11:011,2.4456,-0.3305,9.5502,0.0127,0.0315,9.8066,-0.0121,-0.2499,0.0869,-0.44,-37.25,-6.12,189.6,-79.1,-159.34
52.41501,-1.539685,153.12,7.05,3,277.03,20 / 20,3244428,2019-09-06 19:10:11:110,2.3539,-1.0829,9.7853,0.0142,0.0334,9.8066,0.0046,-0.2684,0.1699,-1.19,-37.19,-6.06,194.33,-78.89,-158.51
52.41501,-1.539685,153.12,7.05,3,277.03,20 / 20,3244529,2019-09-06 19:10:11:211,1.7456,-1.3409,9.9022,0.0275,-0.0171,9.8065,0.0748,-0.299,0.1137,-1.87,-36.81,-6.62,199.49,-78.59,-157.18
52.41501,-1.539685,153.12,7.05,3,277.03,20 / 20,3244628,2019-09-06 19:10:11:310,2.3648,-1.5447,9.8718,0.006,-0.0042,9.8066,-0.0029,-0.2442,0.02,-1.87,-36.37,-6.69,200.33,-78.43,-155.78
52.41501,-1.539685,153.12,7.05,3,277.03,20 / 20,3244730,2019-09-06 19:10:11:412,2.6036,-2.2753,9.0983,0.0012,-0.0044,9.8066,-0.0887,-0.2396,0.0289,-2.19,-36.75,-7.5,199.79,-78.47,-156.35
52.41501,-1.539685,153.12,7.05,3,277.03,20 / 20,3244828,2019-09-06 19:10:11:510,1.0834,-1.1687,9.3354,-0.0018,0.0232,9.8065,-0.1271,-0.2507,-0.0094,-2.25,-36.5,-8,199.85,-78.27,-156.98
52.41501,-1.539685,153.12,7.05,3,277.03,20 / 20,3244929,2019-09-06 19:10:11:611,1.2728,-1.8105,10.0877,0.0002,-0.0259,9.8066,0.0941,-0.2991,0.0257,-3.12,-36.81,-6.62,203.43,-78.39,-157.25
52.41501,-1.539685,153.12,7.05,3,277.03,20 / 20,3245028,2019-09-06 19:10:11:710,1.7857,-0.9936,10.0642,-0.0215,-0.046,9.8065,0.0367,-0.2871,0.0004,-2.94,-36.44,-7.5,203.49,-78.48,-157.95
52.41501,-1.539685,153.12,7.05,3,277.03,20 / 20,3245129,2019-09-06 19:10:11:811,1.386,-1.9115,9.9331,-0.0092,0.0075,9.8066,-0.0093,-0.3006,-0.0081,-3.5,-36.44,-7.44,203.02,-78.61,-159.1
52.41501,-1.539685,153.12,7.05,3,277.03,20 / 20,3245229,2019-09-06 19:10:11:911,0.6913,-4.0265,9.7459,-0.0215,0,9.8066,0.0406,-0.2672,0.0066,-4,-36.31,-7.37,206.51,-78.64,-160.47
52.41501,-1.539685,153.12,7.05,3,277.03,20 / 20,3245329,2019-09-06 19:10:12:011,1.0625,-1.4335,9.6386,-0.0131,0.0104,9.8065,0.0171,-0.2387,-0.0309,-4.12,-36.25,-7.44,205.61,-78.57,-162.01
52.415466,-1.540386,150.48,6.63,3,346.03,21 / 22,3245428,2019-09-06 19:10:12:110,1.0723,-1.8744,9.669,-0.0091,0.003,9.8065,0.0005,-0.2114,0.0332,-4.31,-36.25,-6.69,205.12,-78.44,-162.66
52.415466,-1.540386,150.48,6.63,3,346.03,21 / 22,3245529,2019-09-06 19:10:12:211,0.9754,-0.5836,10.1771,-0.0086,0.0078,9.8066,0.0659,-0.1713,-0.0274,-5.62,-36.94,-7.5,211.81,-78.39,-163.97
52.415466,-1.540386,150.48,6.63,3,346.03,21 / 22,3245628,2019-09-06 19:10:12:310,0.4007,-0.8688,9.6848,-0.0207,0.0029,9.8065,0.0716,-0.2261,0.0368,-5.62,-36.37,-7.31,211.68,-78.41,-164.96
52.415466,-1.540386,150.48,6.63,3,346.03,21 / 22,3245728,2019-09-06 19:10:12:410,0.6516,-2.1069,9.6371,-0.0095,0.021,9.8066,-0.1176,-0.161,-0.0393,-5.62,-36.69,-7.19,210.89,-78.5,-165.82
52.415466,-1.540386,150.48,6.63,3,346.03,21 / 22,3245829,2019-09-06 19:10:12:511,0.7009,-1.6615,9.9405,-0.0068,0.0332,9.8065,-0.1024,-0.1988,0.0136,-5.44,-36.56,-7.56,205.4,-78.43,-167.26
52.415466,-1.540386,150.48,6.63,3,346.03,21 / 22,3245931,2019-09-06 19:10:12:613,0.2906,-2.1898,10.0858,-0.0242,-0.0138,9.8066,0.0281,-0.2065,-0.0161,-5.81,-36.44,-7.56,208.75,-78.7,-168.67
52.415466,-1.540386,150.48,6.63,3,346.03,21 / 22,3246028,2019-09-06 19:10:12:710,-0.2615,-1.9593,10.1229,-0.0111,-0.0076,9.8065,-0.0358,-0.15,-0.026,-5.12,-36.62,-7.56,204.36,-78.66,-169.46
52.415466,-1.540386,150.48,6.63,3,346.03,21 / 22,3246129,2019-09-06 19:10:12:811,0.4135,-1.5236,9.6959,0.0025,0.0202,9.8066,0.0615,-0.1059,-0.017,-5.69,-37.06,-7.19,208.25,-78.52,-170.52
52.415466,-1.540386,150.48,6.63,3,346.03,21 / 22,3246229,2019-09-06 19:10:12:911,0.3594,-1.5998,9.7984,-0.004,0.0096,9.8066,0.0677,-0.1558,0.0041,-6.06,-36.31,-7.37,208.25,-78.42,-170.97
52.415466,-1.540386,150.48,6.63,3,346.03,21 / 22,3246328,2019-09-06 19:10:13:010,0.802,-0.7578,10.3784,0.0004,0.0202,9.8065,-0.0119,-0.1836,0.0446,-6.12,-36.19,-7.37,207.89,-78.32,-171.41
52.415466,-1.540386,150.48,6.63,3,346.03,21 / 21,3246429,2019-09-06 19:10:13:111,0.8097,-1.2267,10.0359,0.0006,0.0096,9.8066,0.0247,-0.1067,-0.0087,-5.94,-36.62,-7.19,207.09,-78.13,-171.82
52.415466,-1.540386,150.48,6.63,3,346.03,21 / 21,3246528,2019-09-06 19:10:13:210,-0.2406,-1.012,9.7343,-0.01,-0.0044,9.8066,0.0844,-0.1314,0.0042,-7.12,-35.81,-7.75,209.2,-78.15,-172.58
52.415466,-1.540386,150.48,6.63,3,346.03,21 / 21,3246629,2019-09-06 19:10:13:311,0.4251,-1.1992,9.7641,-0.0088,-0.0093,9.8065,0.0491,-0.1705,0.0456,-7.12,-35.62,-8.06,208.99,-78.06,-172.77
52.415466,-1.540386,150.48,6.63,3,346.03,21 / 21,3246729,2019-09-06 19:10:13:411,-0.2014,-1.0433,10.3378,0.0092,0.0262,9.8066,0.0176,-0.0727,-0.0446,-7.44,-35.69,-7.56,208.96,-78.02,-172.74
52.415466,-1.540386,150.48,6.63,3,346.03,21 / 21,3246829,2019-09-06 19:10:13:511,0.5157,-1.222,10.1552,-0.0141,0.0053,9.8066,0.0732,-0.185,0.0284,-7.87,-36,-8.31,211.44,-77.91,-173.66
52.415466,-1.540386,150.48,6.63,3,346.03,21 / 21,3246929,2019-09-06 19:10:13:611,0.1273,-1.5468,9.3913,-0.006,0.0137,9.8066,-0.0532,-0.1385,0.0434,-8.69,-35.81,-7.94,214.04,-77.89,-174.23
52.415466,-1.540386,150.48,6.63,3,346.03,21 / 21,3247029,2019-09-06 19:10:13:711,-0.7941,-2.0144,9.8491,0.0075,0.0161,9.8066,-0.098,-0.1181,0.0386,-9.12,-35.5,-7.56,214.3,-77.91,-174.45
52.415466,-1.540386,150.48,6.63,3,346.03,21 / 21,3247128,2019-09-06 19:10:13:810,-0.6989,-1.6121,9.7237,-0.0094,-0.0218,9.8066,0.0522,-0.069,0.0227,-9.75,-36.37,-7.69,217.21,-78.06,-173.98
52.415466,-1.540386,150.48,6.63,3,346.03,21 / 21,3247229,2019-09-06 19:10:13:911,-0.5907,-1.281,9.7302,-0.0059,-0.0088,9.8066,0.0103,-0.0668,-0.0094,-10.06,-35.81,-6.56,218.89,-78.03,-173.93
52.415466,-1.540386,150.48,6.63,3,346.03,21 / 21,3247329,2019-09-06 19:10:14:011,-0.4842,-0.7935,9.9025,0.0064,0.0132,9.8066,-0.0259,-0.0401,-0.0098,-9.44,-34.75,-6.31,218.19,-78.1,-174.15
52.415466,-1.540386,150.48,6.63,3,346.03,21 / 21,3247428,2019-09-06 19:10:14:110,-1.3777,-1.6594,9.6966,0.0025,0.007,9.8066,-0.015,-0.0422,0.0198,-9.06,-35.31,-6,218.09,-78.09,-174.3
52.415466,-1.540386,150.48,6.63,3,346.03,21 / 21,3247529,2019-09-06 19:10:14:211,-0.9362,-1.3282,9.7238,0.0066,-0.0084,9.8066,0.0353,-0.0587,0.0449,-8.56,-34.69,-4.87,220.55,-78.13,-173.7
52.415466,-1.540386,150.48,6.63,3,346.03,21 / 21,3247628,2019-09-06 19:10:14:310,-1.379,-0.8331,9.7471,0.004,-0.0062,9.8065,0.0498,0.0028,0.0085,-8.62,-34.31,-4.69,221.37,-78.09,-173.15
52.415466,-1.540386,150.48,6.63,3,346.03,21 / 21,3247729,2019-09-06 19:10:14:411,-1.2666,-1.4905,9.5151,0.0147,-0.0086,9.8066,-0.0198,0.0327,0.0291,-7.5,-34.56,-4.31,216.17,-78.12,-172.56
52.415466,-1.540386,150.48,6.63,3,346.03,21 / 21,3247829,2019-09-06 19:10:14:511,-1.0058,-1.3792,9.4665,0.0106,-0.0155,9.8065,0.0131,0.0236,0.0245,-6.87,-33.69,-4.62,215.68,-78.21,-171.03
52.415466,-1.540386,150.48,6.63,3,346.03,21 / 21,3247929,2019-09-06 19:10:14:611,-1.2475,-1.0325,9.2529,0.0119,-0.031,9.8065,-0.0057,0.0294,0.0481,-6.5,-34.81,-5.12,212.22,-78.28,-169.28
52.415466,-1.540386,150.48,6.63,3,346.03,21 / 21,3248029,2019-09-06 19:10:14:711,-1.1646,-1.6364,9.7052,0.0171,-0.0242,9.8066,-0.047,0.0544,0.0644,-5.69,-34.12,-6,212.14,-78.35,-167.73
52.415466,-1.540386,150.48,6.63,3,346.03,21 / 21,3248128,2019-09-06 19:10:14:810,-0.9744,-1.4572,9.4099,0.0191,-0.0223,9.8065,0.0047,0.1026,0.047,-6.69,-33.75,-6.31,217.43,-78.41,-165.56
52.415466,-1.540386,150.48,6.63,3,346.03,21 / 21,3248229,2019-09-06 19:10:14:911,-0.3679,-1.3172,9.7994,0.0234,-0.0182,9.8066,-0.0142,0.0623,0.0409,-7.06,-34.94,-6.75,216.45,-78.41,-163.95
52.415466,-1.540386,150.48,6.63,3,346.03,21 / 21,3248328,2019-09-06 19:10:15:010,-0.6175,-1.8502,9.7501,0.0163,-0.0095,9.8065,-0.0396,0.0033,0.0362,-7.19,-34.75,-7.37,217.57,-78.49,-162.32
52.415466,-1.540386,150.48,6.63,3,346.03,21 / 21,3248428,2019-09-06 19:10:15:110,-0.6905,-1.92,9.4418,0.0112,-0.0072,9.8066,-0.0829,0.0356,0.0168,-8.06,-35.37,-7.12,222.3,-78.54,-160.71
52.415466,-1.540386,150.48,6.63,3,346.03,21 / 21,3248529,2019-09-06 19:10:15:211,-0.118,-1.5761,9.5176,0.0002,-0.0288,9.8066,0.0257,-0.0289,0.0481,-8.37,-35.56,-7.37,223.05,-78.74,-159.21
52.415466,-1.540386,150.48,6.63,3,346.03,21 / 21,3248628,2019-09-06 19:10:15:310,-0.52,-2.2109,9.7985,0.0139,-0.0217,9.8066,-0.031,-0.0593,0.0344,-8.69,-35.62,-6.94,227.5,-78.74,-157.83
52.415466,-1.540386,150.48,6.63,3,346.03,21 / 21,3248729,2019-09-06 19:10:15:411,-0.2612,-1.6771,10.2266,0.0093,-0.0209,9.8066,0.0522,-0.0421,0.0628,-8.87,-35.56,-6.37,230.46,-78.77,-156.02
52.415466,-1.540386,150.48,6.63,3,346.03,21 / 21,3248829,2019-09-06 19:10:15:511,0.383,-1.1075,9.8094,0.0062,-0.0242,9.8066,-0.0906,-0.1052,0.0204,-9.44,-36.12,-6.37,231.17,-78.76,-154.94
52.415466,-1.540386,150.48,6.63,3,346.03,21 / 21,3248929,2019-09-06 19:10:15:611,-0.5102,-1.6066,9.555,0.0044,0.0093,9.8066,-0.0709,-0.0872,-0.0024,-9.81,-36.19,-6.75,233.36,-78.77,-154.37
52.415466,-1.540386,150.48,6.63,3,346.03,21 / 21,3249028,2019-09-06 19:10:15:710,0.0887,-1.7309,9.6452,-0.0028,0.0011,9.8066,0.022,-0.1519,0.0445,-10.06,-36.06,-7,233.33,-78.79,-154.46
52.415466,-1.540386,150.48,6.63,3,346.03,21 / 21,3249128,2019-09-06 19:10:15:810,0.002,-1.273,9.7064,-0.0064,-0.0031,9.8066,-0.0105,-0.1181,-0.0245,-10.56,-35.69,-7.12,236.38,-78.8,-154.76
52.415466,-1.540386,150.48,6.63,3,346.03,21 / 21,3249229,2019-09-06 19:10:15:911,-0.7316,-1.3475,10.0023,-0.0021,-0.0037,9.8066,0.0016,-0.1328,0.0346,-10.62,-36.25,-6.69,236.39,-78.83,-154.82
52.415466,-1.540386,150.48,6.63,3,346.03,21 / 21,3249329,2019-09-06 19:10:16:011,-0.3359,-1.2503,9.9757,0.0065,0.0078,9.8066,-0.0265,-0.1309,0.0194,-10.37,-36.06,-6.37,234.88,-78.77,-154.79
52.415466,-1.540386,150.48,6.63,3,346.03,21 / 22,3249431,2019-09-06 19:10:16:113,-0.4789,-2.2415,9.6138,0.0114,0.0107,9.8066,0.0205,-0.1342,0.0574,-10.94,-35.75,-6,238.36,-78.75,-154.6
52.415466,-1.540386,150.48,6.63,3,346.03,21 / 22,3249528,2019-09-06 19:10:16:210,-0.571,-1.2276,9.6582,-0.0054,-0.0093,9.8066,0.0015,-0.1233,0.0162,-11.75,-36.44,-6.06,241.71,-78.8,-154.42
52.415466,-1.540386,150.48,6.63,3,346.03,21 / 22,3249629,2019-09-06 19:10:16:311,-0.6802,-0.8914,9.7052,-0.0015,-0.0084,9.8066,-0.0195,-0.1523,-0.0006,-11.94,-36.56,-5.94,241.44,-78.85,-154.07
52.415466,-1.540386,150.48,6.63,3,346.03,21 / 22,3249728,2019-09-06 19:10:16:410,-0.3948,-1.5062,10.1068,-0.002,0.0044,9.8066,-0.0136,-0.1439,0.0127,-11.69,-36.12,-6.44,241.97,-78.88,-154.31
52.415466,-1.540386,150.48,6.63,3,346.03,21 / 22,3249828,2019-09-06 19:10:16:510,0.2214,-0.9259,9.7871,-0.001,0.0067,9.8066,-0.043,-0.1841,0.0028,-12.12,-35.81,-6.5,241.96,-78.95,-154.5
52.415466,-1.540386,150.48,6.63,3,346.03,21 / 22,3249928,2019-09-06 19:10:16:610,-0.9102,-0.3558,9.5666,-0.0034,0.001,9.8066,0.0048,-0.1752,0.0012,-12.56,-36.06,-6.75,242.66,-79,-154.68
52.415466,-1.540386,150.48,6.63,3,346.03,21 / 22,3250029,2019-09-06 19:10:16:711,-0.9425,-1.4789,9.9761,-0.0049,0.003,9.8066,0.0014,-0.1823,0.0521,-12.44,-36.19,-5.81,241.91,-79.03,-154.78
52.415466,-1.540386,150.48,6.63,3,346.03,21 / 22,3250128,2019-09-06 19:10:16:810,-0.38,-0.6411,9.7982,0.0027,-0.0017,9.8066,0.0107,-0.1607,0.0019,-12.94,-35.81,-5.81,244.77,-79.02,-154.78
52.415466,-1.540386,150.48,6.63,3,346.03,21 / 22,3250229,2019-09-06 19:10:16:911,-0.9829,-0.7329,9.7942,0.0131,0.0071,9.8066,-0.0316,-0.1637,-0.0023,-13.44,-36.5,-5,247.16,-78.96,-154.58
52.415466,-1.540386,150.48,6.63,3,346.03,21 / 22,3250328,2019-09-06 19:10:17:010,-1.3523,-1.4107,9.8743,-0.0139,-0.015,9.8066,0.0487,-0.1448,0.0296,-13.37,-36.06,-4.31,250.09,-79.05,-154.43
52.415466,-1.540386,150.48,6.63,3,346.03,21 / 21,3250428,2019-09-06 19:10:17:110,-0.9927,-0.9799,9.4299,-0.0108,-0.0091,9.8066,-0.0147,-0.1533,-0.0033,-14.31,-36.19,-4.62,249.99,-79.02,-154.57
52.415466,-1.540386,150.48,6.63,3,346.03,21 / 21,3250528,2019-09-06 19:10:17:210,-0.5237,-0.218,9.7374,0.0066,0.0082,9.8065,0.0282,-0.1407,0.009,-14.37,-36.19,-5.25,249.74,-78.98,-154.76
52.415466,-1.540386,150.48,6.63,3,346.03,21 / 21,3250629,2019-09-06 19:10:17:311,-0.7471,-1.2691,10.0807,0.0012,0.0096,9.8066,0.0098,-0.1849,0.0395,-14.31,-36.25,-5.69,247.1,-78.98,-155.08
52.415466,-1.540386,150.48,6.63,3,346.03,21 / 21,3250728,2019-09-06 19:10:17:410,-0.9584,-0.634,9.5798,0.0101,0.0129,9.8066,-0.0013,-0.1448,0.0219,-15.12,-36.19,-4.56,251.81,-79.02,-155.3
52.415466,-1.540386,150.48,6.63,3,346.03,21 / 21,3250828,2019-09-06 19:10:17:510,-0.9676,-1.2,9.8001,0.0114,0.0118,9.8066,-0.041,-0.1673,0.0065,-15.37,-35.87,-4.87,251.25,-78.92,-155.73
52.415466,-1.540386,150.48,6.63,3,346.03,21 / 21,3250929,2019-09-06 19:10:17:611,-1.2488,-1.0416,9.6052,-0.0148,-0.002,9.8066,-0.0074,-0.1503,0.0239,-15.56,-35.81,-5.12,253.57,-79.02,-155.84
52.415466,-1.540386,150.48,6.63,3,346.03,21 / 21,3251029,2019-09-06 19:10:17:711,-1.1373,-0.8527,9.6179,-0.0047,0.0001,9.8066,0.001,-0.1374,0.0123,-15.75,-35.56,-5.06,253.29,-79.02,-156.17
52.415466,-1.540386,150.48,6.63,3,346.03,21 / 21,3251129,2019-09-06 19:10:17:811,-1.2747,-0.3377,9.8169,-0.0031,0.0073,9.8066,0.0011,-0.129,-0.0354,-15.87,-35.56,-4.37,255.13,-78.99,-156.9
52.415466,-1.540386,150.48,6.63,3,346.03,21 / 21,3251228,2019-09-06 19:10:17:910,-1.0254,-0.4783,9.685,-0.0124,0.0037,9.8066,0.0579,-0.147,0.0207,-16.06,-34.81,-4.12,255.38,-79.05,-157.45
52.415466,-1.540386,150.48,6.63,3,346.03,21 / 21,3251328,2019-09-06 19:10:18:010,-1.0192,-0.4574,9.5938,0.0082,0.0082,9.8065,-0.0236,-0.1303,-0.0163,-16,-34.87,-3.81,255.05,-79.04,-157.8
52.415466,-1.540386,150.48,6.63,3,346.03,21 / 21,3251429,2019-09-06 19:10:18:111,-1.211,-0.2995,9.6308,-0.0007,0.0022,9.8066,0.0156,-0.1016,0.0046,-16.5,-34.62,-3.5,257.48,-79.01,-158.1
52.415466,-1.540386,150.48,6.63,3,346.03,21 / 21,3251528,2019-09-06 19:10:18:210,-1.0694,-0.4091,9.6221,-0.0021,0.0003,9.8066,-0.0186,-0.0867,0.0055,-15.69,-34.5,-4.44,255.32,-79.04,-158.22
52.415466,-1.540386,150.48,6.63,3,346.03,21 / 21,3251629,2019-09-06 19:10:18:311,-1.136,-0.4672,9.6575,-0.0015,0.0003,9.8066,0.0046,-0.0844,0.0132,-15.69,-34.69,-4.56,252.19,-79.07,-158.24
52.415466,-1.540386,150.48,6.63,3,346.03,21 / 21,3251729,2019-09-06 19:10:18:411,-1.2428,-0.4426,9.7494,-0.0068,-0.0011,9.8066,0.0013,-0.0657,-0.0066,-15.5,-34.81,-4.87,250.03,-79.12,-158.35
52.415466,-1.540386,150.48,6.63,3,346.03,21 / 21,3251829,2019-09-06 19:10:18:511,-1.2277,-0.2943,9.7432,-0.0024,0.0002,9.8066,0.0001,-0.0621,0.0033,-15.69,-35.5,-4.44,254.66,-79.14,-158.49
52.415466,-1.540386,150.48,6.63,3,346.03,21 / 21,3251929,2019-09-06 19:10:18:611,-1.3583,-0.4246,9.7547,-0.0059,-0.0077,9.8066,0.0159,-0.0383,0,-15.31,-35.12,-4.94,250.04,-79.15,-158.4
52.415466,-1.540386,150.48,6.63,3,346.03,21 / 21,3252028,2019-09-06 19:10:18:710,-1.4968,-0.4113,9.7571,-0.0058,-0.0064,9.8066,0.0036,-0.0253,0.0052,-15.81,-35,-4.25,255.26,-79.24,-158.03
52.415466,-1.540386,150.48,6.63,3,346.03,21 / 21,3252128,2019-09-06 19:10:18:810,-1.4536,-0.5645,9.7157,0,-0.0064,9.8066,-0.0052,-0.0112,-0.0113,-15.19,-35.06,-5,251.13,-79.31,-157.5
52.415466,-1.540386,150.48,6.63,3,346.03,21 / 21,3252228,2019-09-06 19:10:18:910,-0.9798,-0.2727,9.8872,-0.0038,-0.0083,9.8065,0.0011,-0.0041,0.0096,-14.87,-35.44,-3.69,254.21,-79.37,-157.14
52.415466,-1.540386,150.48,6.63,3,346.03,21 / 21,3252329,2019-09-06 19:10:19:011,-0.2009,0.0976,10.0332,0.0104,-0.0059,9.8066,0.0301,-0.0072,0.023,-14.94,-35.5,-4,254.76,-79.38,-156.52
52.415466,-1.540386,150.48,6.63,3,346.03,21 / 21,3252429,2019-09-06 19:10:19:111,-0.2452,0.315,9.7732,0.0012,-0.0039,9.8066,0.0246,0.0062,-0.0117,-15.5,-35.31,-3.81,255.14,-79.3,-155.89
52.415466,-1.540386,150.48,6.63,3,346.03,21 / 21,3252528,2019-09-06 19:10:19:210,-0.1679,0.1398,9.8414,-0.0003,-0.0019,9.8066,0.0041,0.0148,0.0097,-15.87,-34.75,-2.81,260.31,-79.32,-155.71
52.415466,-1.540386,150.48,6.63,3,346.03,21 / 21,3252629,2019-09-06 19:10:19:311,-0.0492,0.1142,9.9947,-0.0014,-0.0077,9.8066,-0.0036,-0.0097,0.0118,-16.37,-35.25,-1.94,263.87,-79.37,-155.22
52.415466,-1.540386,150.48,6.63,3,346.03,21 / 21,3252728,2019-09-06 19:10:19:410,0.1916,0.3437,9.8873,-0.0033,-0.0059,9.8066,0.0099,-0.0152,0.0035,-16.87,-34.75,-1.12,269.51,-79.43,-154.59
52.415466,-1.540386,150.48,6.63,3,346.03,21 / 21,3252828,2019-09-06 19:10:19:510,-0.4325,0.2963,9.8036,-0.0036,-0.0042,9.8066,-0.0285,-0.0103,-0.0109,-17.44,-35.12,-0.94,269.83,-79.46,-154.32
52.415466,-1.540386,150.48,6.63,3,346.03,21 / 21,3252929,2019-09-06 19:10:19:611,-0.5683,0.0097,9.8861,-0.0081,-0.0025,9.8066,0.0134,-0.0005,0.0025,-17,-35.37,-1,270.22,-79.56,-154.14
52.415466,-1.540386,150.48,6.63,3,346.03,21 / 21,3253028,2019-09-06 19:10:19:710,-0.1346,0.3188,10.0287,-0.0044,-0.0049,9.8065,0.016,-0.0116,0.0109,-17.19,-35.5,-1.19,270.63,-79.63,-153.91
52.415466,-1.540386,150.48,6.63,3,346.03,21 / 21,3253129,2019-09-06 19:10:19:811,-0.1019,0.2594,9.8467,-0.001,-0.0026,9.8066,-0.014,-0.0102,-0.0068,-17,-35.37,-1.19,271.05,-79.67,-153.57
52.415466,-1.540386,150.48,6.63,3,346.03,21 / 21,3253228,2019-09-06 19:10:19:910,-0.4224,0.1131,9.8243,-0.0036,-0.003,9.8066,-0.0136,-0.0058,0.006,-17.06,-35.06,-0.56,271.4,-79.72,-153.33
52.415466,-1.540386,150.48,6.63,3,346.03,21 / 21,3253328,2019-09-06 19:10:20:010,-0.1041,0.3054,9.8083,-0.0021,-0.0023,9.8066,0.0097,0.006,0.0118,-16.87,-35.25,0.06,275.34,-79.79,-152.91
52.415466,-1.540386,150.48,6.63,3,346.03,21 / 21,3253429,2019-09-06 19:10:20:111,-0.2721,0.1579,9.771,-0.0015,-0.0033,9.8066,-0.0082,-0.016,-0.0005,-17.25,-35.19,-0.44,275.65,-79.82,-152.67
52.415466,-1.540386,150.48,6.63,3,346.03,21 / 21,3253528,2019-09-06 19:10:20:210,0.0877,0.4211,9.7001,-0.0088,-0.0036,9.8066,0.0023,-0.0072,-0.007,-17.37,-35.56,-1.19,271.95,-79.85,-152.43
52.415466,-1.540386,150.48,6.63,3,346.03,21 / 21,3253629,2019-09-06 19:10:20:311,-0.5474,0.2438,9.9999,-0.0112,-0.0047,9.8065,0.0303,0.0151,0.0226,-17.25,-35.31,-1.12,273.2,-79.99,-152.15
52.415466,-1.540386,150.48,6.63,3,346.03,21 / 21,3253729,2019-09-06 19:10:20:411,-0.0291,0.3748,9.9944,0.0015,-0.0014,9.8066,-0.0091,-0.011,-0.0191,-17.56,-35.5,-0.81,274.96,-80.02,-151.9
52.415466,-1.540386,150.48,6.63,3,346.03,21 / 21,3253828,2019-09-06 19:10:20:510,0.1299,0.3672,9.8442,-0.0045,-0.0012,9.8066,0.0074,-0.0068,0.0016,-17,-35.37,-1.56,270.64,-80.09,-151.71
52.415466,-1.540386,150.48,6.63,3,346.03,21 / 21,3253928,2019-09-06 19:10:20:610,-0.1699,0.3469,9.8262,-0.0052,-0.0025,9.8066,0.0046,0.0007,0.0076,-16.94,-35.56,-2.31,270.55,-80.19,-151.4
52.415466,-1.540386,150.48,6.63,3,346.03,21 / 21,3254028,2019-09-06 19:10:20:710,-0.2262,0.2242,9.8307,-0.0025,-0.0014,9.8066,0.0031,-0.0088,-0.0066,-17.12,-35.56,-2.06,270.84,-80.23,-151.21
52.415466,-1.540386,150.48,6.63,3,346.03,21 / 21,3254128,2019-09-06 19:10:20:810,0.1279,0.388,9.8994,-0.0042,-0.0016,9.8066,-0.0019,-0.0006,-0.0039,-16.5,-35.69,-1.56,269.35,-80.3,-151.1
52.415466,-1.540386,150.48,6.63,3,346.03,21 / 21,3254228,2019-09-06 19:10:20:910,-0.1723,0.1431,9.8513,-0.0031,-0.0004,9.8066,-0.0094,-0.0124,0.0072,-16.81,-35.5,-1.62,271.94,-80.36,-151.02
52.415466,-1.540386,150.48,6.63,3,346.03,21 / 21,3254328,2019-09-06 19:10:21:010,0.6059,0.4832,9.922,-0.0073,0.0003,9.8066,0.0198,-0.0195,0.0094,-17.06,-36,-2.25,271.57,-80.44,-150.97
52.415688,-1.540354,149.94,0,2,24.31,21 / 21,3254428,2019-09-06 19:10:21:110,0.7119,0.5654,9.9759,-0.0061,-0.0029,9.8066,-0.0011,-0.0249,-0.0034,-16.75,-35.87,-1.5,274.96,-80.47,-150.91
52.415688,-1.540354,149.94,0,2,24.31,21 / 21,3254529,2019-09-06 19:10:21:211,0.6147,0.5203,9.9316,-0.0054,0.0009,9.8066,0.0062,-0.0452,0.011,-17.06,-36.06,-1.5,275.1,-80.51,-150.85
52.415688,-1.540354,149.94,0,2,24.31,21 / 21,3254628,2019-09-06 19:10:21:310,-0.0055,0.0556,9.8322,-0.0003,-0.001,9.8066,-0.0078,-0.0589,0.0113,-16.5,-35.69,-1.94,270.22,-80.56,-150.85
52.415688,-1.540354,149.94,0,2,24.31,21 / 21,3254729,2019-09-06 19:10:21:411,0.6905,0.4318,9.9329,-0.0025,0.0005,9.8066,0.0059,-0.0678,0.0021,-16.62,-35.5,-1.75,272.75,-80.6,-150.75
52.415688,-1.540354,149.94,0,2,24.31,21 / 21,3254829,2019-09-06 19:10:21:511,0.9969,0.786,10.015,-0.0018,0.0018,9.8066,0.0168,-0.0815,0.0198,-17,-36,-1.37,275.4,-80.64,-150.86
52.415688,-1.540354,149.94,0,2,24.31,21 / 21,3254929,2019-09-06 19:10:21:611,0.2346,0.1981,9.9311,0.0071,0.0073,9.8065,-0.0142,-0.1004,-0.005,-16.87,-35.62,-1.12,275.04,-80.62,-151.16
52.415688,-1.540354,149.94,0,2,24.31,21 / 21,3255028,2019-09-06 19:10:21:710,0.5875,0.4755,9.9535,0.0013,0.006,9.8066,0.0125,-0.0956,0.0168,-17.44,-36,-1.69,271.64,-80.67,-151.41
52.415688,-1.540354,149.94,0,2,24.31,21 / 21,3255129,2019-09-06 19:10:21:811,0.3725,0.2196,9.8105,-0.0003,0.0034,9.8066,-0.0107,-0.1151,0.0027,-17.5,-35.94,-2.06,271.51,-80.68,-151.59
52.415688,-1.540354,149.94,0,2,24.31,21 / 21,3255229,2019-09-06 19:10:21:911,0.1586,0.14,9.9251,0.0007,0.0039,9.8065,0.0236,-0.1239,0.0126,-16.94,-36.25,-1.75,271.15,-80.69,-151.97
52.415688,-1.540354,149.94,0,2,24.31,21 / 21,3255329,2019-09-06 19:10:22:011,0.4154,0.3361,9.8839,-0.0063,0.0038,9.8066,0.0195,-0.1225,0.0204,-17.62,-35.75,-1.69,272.35,-80.74,-152.38
52.415688,-1.540354,149.94,0,2,24.31,21 / 21,3255428,2019-09-06 19:10:22:110,0.176,0.2562,9.8802,-0.002,0.0027,9.8066,-0.0071,-0.1373,0.0111,-17.87,-36.12,-1.94,271.96,-80.72,-152.74
52.415688,-1.540354,149.94,0,2,24.31,21 / 21,3255529,2019-09-06 19:10:22:211,0.9036,0.4305,9.8763,-0.0007,0.0058,9.8066,0.0113,-0.155,0.0137,-17.94,-36.37,-1.31,274.58,-80.74,-153.26
52.415688,-1.540354,149.94,0,2,24.31,21 / 21,3255628,2019-09-06 19:10:22:310,0.2441,0.1664,9.7804,-0.0008,0.0034,9.8066,0.0227,-0.1648,0.0055,-17.69,-36.06,-1.56,271.14,-80.74,-153.6
52.415688,-1.540354,149.94,0,2,24.31,21 / 21,3255729,2019-09-06 19:10:22:411,0.8128,0.6919,9.775,0.0013,0.0079,9.8066,-0.0025,-0.1876,0.0275,-17.06,-35.94,-1.06,272.36,-80.75,-154.12
52.415688,-1.540354,149.94,0,2,24.31,21 / 21,3255829,2019-09-06 19:10:22:511,0.0709,0.1016,9.9406,0.0008,0.0072,9.8065,0.0145,-0.1759,0.0084,-17.37,-36.19,-1.87,268.38,-80.72,-154.85
52.415688,-1.540354,149.94,0,2,24.31,21 / 21,3255929,2019-09-06 19:10:22:611,0.4519,0.6186,9.8697,-0.0002,0.008,9.8066,-0.0217,-0.1897,0.0059,-17.44,-36.25,-1.31,270.71,-80.74,-155.76
52.415688,-1.540354,149.94,0,2,24.31,21 / 21,3256029,2019-09-06 19:10:22:711,0.2945,0.3998,9.8624,-0.0034,0.0079,9.8066,-0.0052,-0.1886,-0.004,-17.94,-36.12,-0.56,271.47,-80.75,-156.36
52.415688,-1.540354,149.94,0,2,24.31,21 / 21,3256129,2019-09-06 19:10:22:811,0.3877,0.4564,9.8141,-0.0025,0.0146,9.8066,0.0262,-0.1846,0.0118,-18.5,-35.69,0.63,276.41,-80.76,-157.85
52.415688,-1.540354,149.94,0,2,24.31,21 / 21,3256228,2019-09-06 19:10:22:910,0.8973,1.1008,9.7619,-0.0016,0.0105,9.8066,0.0125,-0.1643,-0.0251,-18.25,-35,0.25,272.67,-80.75,-158.85
52.415688,-1.540354,149.94,0,2,24.31,21 / 21,3256329,2019-09-06 19:10:23:011,0.7593,0.7035,9.7492,-0.0009,0.0111,9.8066,-0.0222,-0.1643,-0.0087,-18.62,-35.56,0.81,275.32,-80.76,-159.78
52.415688,-1.540354,149.94,0,2,24.31,21 / 21,3256429,2019-09-06 19:10:23:111,-0.1012,0.5536,9.7361,0.0062,0.0115,9.8066,-0.0663,-0.1446,0.0124,-18.25,-35.5,0.94,273.95,-80.8,-160.89
52.415688,-1.540354,149.94,0,2,24.31,21 / 21,3256529,2019-09-06 19:10:23:211,-0.0615,0.2002,9.9064,-0.0063,0.0017,9.8066,0.0355,-0.1169,-0.017,-17.81,-35.25,-0.12,270.41,-80.91,-161.46
52.415688,-1.540354,149.94,0,2,24.31,21 / 21,3256628,2019-09-06 19:10:23:310,0.6352,0.7929,9.9345,-0.015,0.0091,9.8066,0.0047,-0.1457,0.0052,-18.25,-35.37,0.56,273.02,-80.98,-162.2
52.415688,-1.540354,149.94,0,2,24.31,21 / 21,3256729,2019-09-06 19:10:23:411,0.9404,0.5302,10.0565,0.0056,0.0108,9.8066,0.0206,-0.1276,-0.0166,-18.12,-35.31,0.38,268.6,-80.96,-163.4
52.415688,-1.540354,149.94,0,2,24.31,21 / 21,3256828,2019-09-06 19:10:23:510,0.7193,0.573,9.888,-0.004,0.0119,9.8066,0.0296,-0.1275,-0.0309,-18.19,-35.31,0.63,271.05,-81,-164.21
52.415688,-1.540354,149.94,0,2,24.31,21 / 21,3256928,2019-09-06 19:10:23:610,1.3486,0.4985,10.0461,0.0041,0.0123,9.8066,0.005,-0.1085,-0.0072,-17.87,-35.06,0.81,270.06,-81.02,-165.26
52.415688,-1.540354,149.94,0,2,24.31,21 / 21,3257028,2019-09-06 19:10:23:710,1.0979,0.7899,9.8435,-0.01,0.0107,9.8066,0.0108,-0.077,-0.0087,-18.25,-35.25,0.94,268.76,-81.05,-166.64
52.415688,-1.540354,149.94,0,2,24.31,21 / 21,3257128,2019-09-06 19:10:23:810,1.9735,0.9226,9.9893,0.0017,0.02,9.8065,-0.0243,-0.0467,-0.0516,-18.25,-35.12,1.69,269.92,-81.09,-168.78
52.415688,-1.540354,149.94,0,2,24.31,21 / 21,3257229,2019-09-06 19:10:23:911,1.0228,1.04,9.9959,-0.0025,0.0214,9.8065,-0.0252,-0.0152,-0.0436,-17.94,-36.06,1.5,268.04,-81.18,-170.37
52.415688,-1.540354,149.94,0,2,24.31,21 / 21,3257328,2019-09-06 19:10:24:010,1.5639,1.9097,9.9872,-0.0097,0.02,9.8065,-0.0107,-0.0096,-0.0345,-17.12,-35.5,1.44,262.69,-81.33,-172.64
52.415688,-1.540354,149.94,0,2,24.31,22 / 22,3257429,2019-09-06 19:10:24:111,0.696,1.7623,9.896,-0.0143,0.0095,9.8065,-0.0112,0.0138,-0.0338,-16.87,-35.56,1.38,261.42,-81.45,-173.73
52.415688,-1.540354,149.94,0,2,24.31,22 / 22,3257528,2019-09-06 19:10:24:210,0.4079,1.0557,9.9999,-0.0108,0.0049,9.8066,0.0296,0.0748,-0.0323,-16.5,-35.37,1.25,260.52,-81.59,-174.6
52.415688,-1.540354,149.94,0,2,24.31,22 / 22,3257628,2019-09-06 19:10:24:310,1.0833,1.2073,9.6003,-0.0026,0.0089,9.8066,0.0049,0.0835,-0.0221,-15.94,-34.69,1,259.92,-81.62,-175.3
52.415688,-1.540354,149.94,0,2,24.31,22 / 22,3257728,2019-09-06 19:10:24:410,0.5012,1.1884,9.6151,-0.009,0.0117,9.8066,-0.0211,0.1109,-0.0215,-16,-35.37,0.44,255.4,-81.66,-176.67
52.415688,-1.540354,149.94,0,2,24.31,22 / 22,3257829,2019-09-06 19:10:24:511,0.9786,2.0273,9.7328,-0.0016,0.0049,9.8066,0.0342,0.172,-0.0946,-15.69,-35.37,0.31,254.92,-81.68,-177.25
52.415688,-1.540354,149.94,0,2,24.31,22 / 22,3257928,2019-09-06 19:10:24:610,1.1743,1.5035,10.2792,0.0075,0.0173,9.8066,-0.0012,0.1746,-0.0332,-15.62,-35.81,-0.75,249.67,-81.65,-178.97
52.415688,-1.540354,149.94,0,2,24.31,22 / 22,3258029,2019-09-06 19:10:24:711,0.6573,0.8309,10.5698,-0.015,0.0067,9.8066,-0.0077,0.1535,-0.0329,-15.69,-35.5,-0.87,249.47,-81.78,-179.99
52.415688,-1.540354,149.94,0,2,24.31,22 / 22,3258129,2019-09-06 19:10:24:811,0.6726,0.977,9.9466,-0.0139,0.0125,9.8066,0.0716,0.17,-0.046,-14.56,-35.81,-1.5,246.42,-81.84,178.32
52.415688,-1.540354,149.94,0,2,24.31,22 / 22,3258229,2019-09-06 19:10:24:911,0.6491,1.389,9.5905,-0.0054,0.0054,9.8066,-0.0191,0.2486,-0.0921,-14.19,-35.62,-2.12,240.63,-81.76,177.2
52.415688,-1.540354,149.94,0,2,24.31,22 / 22,3258329,2019-09-06 19:10:25:011,0.609,1.9587,9.4143,-0.0084,-0.0019,9.8066,-0.0386,0.2707,-0.0831,-14.12,-35.75,-2,239.93,-81.75,176.37
52.415688,-1.540354,149.94,0,2,24.31,21 / 21,3258429,2019-09-06 19:10:25:111,1.3764,0.5813,10.3792,-0.0145,0.0054,9.8066,-0.0383,0.0946,-0.0097,-14.37,-36.44,-2.31,239.33,-81.87,175.37
52.415688,-1.540354,149.94,0,2,24.31,21 / 21,3258528,2019-09-06 19:10:25:210,0.6586,1.6533,9.9133,-0.002,0.0036,9.8066,0.0418,0.2117,-0.0433,-13.56,-36.62,-2.69,235.16,-81.87,174.57
52.415688,-1.540354,149.94,0,2,24.31,21 / 21,3258629,2019-09-06 19:10:25:311,1.069,1.8516,9.7229,-0.0046,0.0078,9.8066,0.0458,0.1722,0.0158,-13.12,-36.69,-2.12,235.91,-81.78,173.99
52.415688,-1.540354,149.94,0,2,24.31,21 / 21,3258728,2019-09-06 19:10:25:410,0.0908,1.3973,9.7547,0.0006,-0.0074,9.8066,-0.0063,0.19,-0.0471,-12.62,-36.87,-2.87,232.56,-81.65,174.05
52.415688,-1.540354,149.94,0,2,24.31,21 / 21,3258829,2019-09-06 19:10:25:511,-1.1423,0.5913,10.0334,-0.0007,-0.0065,9.8066,0.0166,0.1525,0.051,-13,-36,-2.56,233.6,-81.7,174.72
52.415688,-1.540354,149.94,0,2,24.31,21 / 21,3258929,2019-09-06 19:10:25:611,0.2417,0.8974,10.1879,-0.0066,-0.0192,9.8065,0.0388,0.194,-0.0057,-12.69,-36.44,-2.69,235.15,-81.89,176.21
52.415688,-1.540354,149.94,0,2,24.31,21 / 21,3259029,2019-09-06 19:10:25:711,0.1393,0.1319,9.7919,-0.0048,-0.0111,9.8066,0.0302,0.1189,-0.005,-12.94,-37.06,-2.87,235.25,-81.92,176.79
52.415688,-1.540354,149.94,0,2,24.31,21 / 21,3259129,2019-09-06 19:10:25:811,0.4326,1.5779,10.0804,0.0137,0.0102,9.8066,-0.0308,0.1358,0.0006,-11.81,-36.5,-3.69,230.86,-81.79,177.49
52.415688,-1.540354,149.94,0,2,24.31,21 / 21,3259229,2019-09-06 19:10:25:911,0.7594,1.0283,9.9212,0.0262,0.0033,9.8065,-0.0894,0.1469,0.004,-12.5,-35.87,-3.56,231.44,-81.75,178.33
52.415688,-1.540354,149.94,0,2,24.31,21 / 21,3259328,2019-09-06 19:10:26:010,-0.1569,1.4023,10.0265,-0.0095,-0.0223,9.8066,0.0324,0.1113,0.0305,-12.56,-36.44,-3.62,234.22,-81.81,178.97
52.415688,-1.540354,149.94,0,2,24.31,22 / 22,3259428,2019-09-06 19:10:26:110,0.2428,0.6017,10.0282,0.0046,-0.0213,9.8066,-0.0338,0.0976,0.0339,-12.19,-36.5,-4,233.88,-81.89,-178.9
52.415688,-1.540354,149.94,0,2,24.31,22 / 22,3259529,2019-09-06 19:10:26:211,1.5073,1.5616,9.7515,0.0235,0,9.8065,0.0802,0.0884,0.0267,-11.75,-36.69,-4.62,231.83,-81.75,-176.99
52.415688,-1.540354,149.94,0,2,24.31,22 / 22,3259628,2019-09-06 19:10:26:310,1.8789,1.3304,10.1308,0.0068,-0.0129,9.8066,0.0697,0.0352,0.0165,-12.56,-35.5,-4.06,238.9,-81.84,-175.88
52.415688,-1.540354,149.94,0,2,24.31,22 / 22,3259728,2019-09-06 19:10:26:410,0.3937,0.6178,10.319,0.0049,0.0019,9.8066,0.008,0.0423,0.0092,-12.5,-36.25,-3.94,236.66,-81.82,-175.26
52.415688,-1.540354,149.94,0,2,24.31,22 / 22,3259828,2019-09-06 19:10:26:510,1.21,1.2179,10.0839,0.0083,-0.0006,9.8066,0.0287,0.0757,-0.0121,-12.94,-36.62,-3.25,241.95,-81.86,-174.85
52.415688,-1.540354,149.94,0,2,24.31,22 / 22,3259928,2019-09-06 19:10:26:610,0.541,0.9944,9.7629,0.0138,-0.0043,9.8066,-0.0371,0.064,0.0255,-13.06,-36.06,-4.37,239.64,-81.88,-174.53
52.415688,-1.540354,149.94,0,2,24.31,22 / 22,3260029,2019-09-06 19:10:26:711,1.1417,1.3821,9.3779,-0.0057,-0.0088,9.8066,-0.0108,0.0163,0.0309,-12.75,-36.5,-3.25,243.49,-81.87,-173.62
52.415688,-1.540354,149.94,0,2,24.31,22 / 22,3260128,2019-09-06 19:10:26:810,-0.0529,0.4479,10.2368,0.009,-0.0208,9.8065,-0.0902,0.0493,0.0538,-12.94,-36.94,-3.81,241.9,-81.87,-171.24
52.415688,-1.540354,149.94,0,2,24.31,22 / 22,3260228,2019-09-06 19:10:26:910,1.2972,0.2075,10.8497,-0.0037,-0.0171,9.8066,0.1233,0.0225,0.0178,-12.94,-36.31,-4.19,243.06,-81.81,-170.26
52.415688,-1.540354,149.94,0,2,24.31,22 / 22,3260329,2019-09-06 19:10:27:011,0.651,0.3805,9.9,0.0174,0.0214,9.8066,-0.0694,0.0147,-0.0385,-12.87,-35.75,-3.37,245.93,-81.76,-170.42
52.415688,-1.540354,149.94,0,2,24.31,21 / 21,3260428,2019-09-06 19:10:27:110,2.1596,1.9418,10.4397,0.013,0.0082,9.8066,-0.0303,0.0357,-0.0034,-12.44,-36.69,-2.31,245.61,-81.56,-170.95
52.415688,-1.540354,149.94,0,2,24.31,21 / 21,3260529,2019-09-06 19:10:27:211,2.5619,2.0085,9.9133,0.0289,0.0154,9.8065,0.0192,-0.0427,0.0394,-12.25,-37.06,-3.06,241.77,-81.38,-170.97
52.415688,-1.540354,149.94,0,2,24.31,21 / 21,3260629,2019-09-06 19:10:27:311,0.6958,0.6735,9.7602,0.027,-0.001,9.8065,-0.009,-0.0185,0.0853,-12.25,-36.25,-3.62,239.8,-81.29,-169.99
52.415688,-1.540354,149.94,0,2,24.31,21 / 21,3260729,2019-09-06 19:10:27:411,1.1618,0.4415,9.6611,-0.0303,-0.012,9.8065,0.0601,0.0035,-0.0446,-12.62,-36.37,-2.87,245.75,-81.16,-169.07
52.415688,-1.540354,149.94,0,2,24.31,21 / 21,3260828,2019-09-06 19:10:27:510,-0.6222,0.1385,10.6924,0.0155,0.0069,9.8065,0.1383,-0.0521,0.0045,-12.12,-37.25,-3.75,239.56,-81.23,-169.47
52.415688,-1.540354,149.94,0,2,24.31,21 / 21,3260929,2019-09-06 19:10:27:611,0.7117,1.5146,9.4469,-0.0006,-0.0021,9.8066,-0.0353,-0.0782,0.003,-11.69,-36.81,-3.81,239.41,-81.35,-170
52.415688,-1.540354,149.94,0,2,24.31,21 / 21,3261029,2019-09-06 19:10:27:711,1.1852,0.551,10.627,0.0069,-0.0056,9.8066,0.1175,-0.0279,0.0296,-12.94,-36.94,-3.25,244.85,-81.22,-169.65
52.415688,-1.540354,149.94,0,2,24.31,21 / 21,3261129,2019-09-06 19:10:27:811,0.5154,1.2594,9.7097,0.0024,0.0058,9.8065,0.0167,0.0082,-0.0366,-13.12,-36.75,-3.5,244.55,-81.09,-169.67
52.415688,-1.540354,149.94,0,2,24.31,21 / 21,3261228,2019-09-06 19:10:27:910,2.1815,0.7997,10.3842,0.0156,-0.002,9.8066,-0.019,0.0123,0.0859,-12.56,-36.69,-3.25,244.63,-80.95,-169.19
52.415688,-1.540354,149.94,0,2,24.31,21 / 21,3261328,2019-09-06 19:10:28:010,1.2208,1.5258,10.219,0.0192,0.0229,9.8066,0.0098,0.0448,-0.0024,-12.87,-36.87,-3.06,245.21,-81.12,-168.95
52.415688,-1.540354,149.94,0,2,24.31,22 / 22,3261429,2019-09-06 19:10:28:111,1.7743,1.2373,9.8908,0.0314,0.0207,9.8065,-0.1339,0.0408,0.007,-12.37,-36.81,-3.5,242.32,-80.96,-169.09
52.415688,-1.540354,149.94,0,2,24.31,22 / 22,3261528,2019-09-06 19:10:28:210,0.6179,0.7146,9.9995,-0.0317,-0.0363,9.8064,0.1744,-0.0509,0.0054,-13.31,-35.62,-3.75,244.23,-81.33,-167.68
52.415688,-1.540354,149.94,0,2,24.31,22 / 22,3261631,2019-09-06 19:10:28:313,1.0063,0.3454,10.0779,-0.0389,-0.0202,9.8065,0.1456,0.029,-0.0036,-13.5,-36.19,-2.87,247.01,-81.35,-168.06
52.415688,-1.540354,149.94,0,2,24.31,22 / 22,3261729,2019-09-06 19:10:28:411,0.7318,1.3112,9.9978,0.0089,0.0096,9.8066,0.0603,0.0212,0.0091,-12.56,-35.5,-3.44,247.44,-81.15,-167.7
52.415688,-1.540354,149.94,0,2,24.31,22 / 22,3261828,2019-09-06 19:10:28:510,2.4193,1.3189,9.7431,0.018,0.0007,9.8065,0.0071,-0.006,0.04,-12.44,-35.12,-2.37,248.69,-81.11,-167.33
52.415688,-1.540354,149.94,0,2,24.31,22 / 22,3261929,2019-09-06 19:10:28:611,0.9227,0.2505,9.6796,-0.0093,0,9.8066,0.0852,-0.0001,-0.0377,-13.12,-35.44,-2.5,251.04,-81.03,-167.05
52.415688,-1.540354,149.94,0,2,24.31,22 / 22,3262029,2019-09-06 19:10:28:711,1.406,-0.0036,10.752,-0.0097,-0.0121,9.8066,0.0465,-0.0729,0.0446,-12.37,-35,-2.19,248.55,-81.09,-167.45
52.415688,-1.540354,149.94,0,2,24.31,22 / 22,3262128,2019-09-06 19:10:28:810,-0.1865,1.1321,9.7619,0.0215,0.0051,9.8066,0.129,0.0035,0.0668,-12.87,-35.69,-2.81,247.12,-80.89,-166.69
52.415688,-1.540354,149.94,0,2,24.31,22 / 22,3262228,2019-09-06 19:10:28:910,0.4004,1.1696,9.6749,0.0065,0.0137,9.8065,-0.0514,-0.0243,-0.0679,-12.44,-35.62,-3.31,244.4,-80.9,-167.03
52.415688,-1.540354,149.94,0,2,24.31,22 / 22,3262329,2019-09-06 19:10:29:011,0.5084,0.3696,9.8389,0.0212,-0.0002,9.8066,-0.0756,-0.0129,0.0396,-12.69,-36.56,-3.19,245.95,-80.7,-166.9
52.415688,-1.540354,149.94,0,2,24.31,20 / 21,3262430,2019-09-06 19:10:29:112,0.4211,0.4054,10.1865,0.0136,0.0049,9.8065,-0.0455,-0.0104,0.0481,-12.44,-36.94,-3,243.46,-80.65,-166.74
52.415688,-1.540354,149.94,0,2,24.31,20 / 21,3262528,2019-09-06 19:10:29:210,0.8636,0.6687,9.5663,0.0109,-0.008,9.8066,0.0223,-0.0395,0.041,-13.25,-36.25,-3.31,246.68,-80.61,-166.49
52.415688,-1.540354,149.94,0,2,24.31,20 / 21,3262629,2019-09-06 19:10:29:311,1.6337,-0.0249,9.5593,-0.0041,-0.0082,9.8066,0.025,-0.0049,0.0272,-13.75,-37.19,-3.5,249.09,-80.6,-165.57
52.415688,-1.540354,149.94,0,2,24.31,20 / 21,3262728,2019-09-06 19:10:29:410,-0.1584,-0.0753,9.8402,-0.0177,-0.0183,9.8066,-0.0807,-0.0405,0.0955,-12.75,-36.44,-3.81,245,-80.67,-165.04
52.415688,-1.540354,149.94,0,2,24.31,20 / 21,3262829,2019-09-06 19:10:29:511,-0.6558,0.8696,9.5246,-0.0253,-0.0241,9.8065,0.0411,-0.0249,-0.0615,-13.56,-36.94,-3.31,250.21,-80.79,-164.75
52.415688,-1.540354,149.94,0,2,24.31,20 / 21,3262928,2019-09-06 19:10:29:610,0.3676,0.3557,9.3758,0.0073,0.0129,9.8066,-0.0521,-0.0481,-0.0228,-13.19,-37.25,-3.87,244.65,-80.71,-164.9
52.415688,-1.540354,149.94,0,2,24.31,20 / 21,3263028,2019-09-06 19:10:29:710,0.1958,0.2948,9.1762,0.0121,0.0076,9.8066,0.0744,0.0486,0.1066,-13.19,-36.81,-3.25,247.66,-80.76,-164.99
52.415688,-1.540354,149.94,0,2,24.31,20 / 21,3263128,2019-09-06 19:10:29:810,0.4448,-0.0667,10.7322,0.0044,0.0039,9.8066,0.0424,-0.0436,0.0571,-13.69,-36.75,-4.06,247.46,-80.58,-164
52.415688,-1.540354,149.94,0,2,24.31,20 / 21,3263228,2019-09-06 19:10:29:910,1.7947,1.3247,10.4425,0.0238,0.0248,9.8065,-0.1924,0.0163,-0.0086,-13.37,-36.19,-4,245.09,-80.5,-164.5
52.415688,-1.540354,149.94,0,2,24.31,20 / 21,3263328,2019-09-06 19:10:30:010,-0.2376,1.0516,9.6757,-0.0202,-0.0175,9.8066,-0.105,0.0116,0.0641,-13.56,-36.75,-3.62,247.54,-80.63,-164.05
52.41594,-1.540114,149.3,7.41,2,24.58,21 / 21,3263428,2019-09-06 19:10:30:110,0.4543,0.1822,9.6743,-0.0055,-0.0042,9.8066,-0.0484,-0.0604,-0.0223,-13.87,-36.06,-3.94,247.81,-80.54,-164.14
52.41594,-1.540114,149.3,7.41,2,24.58,21 / 21,3263528,2019-09-06 19:10:30:210,0.1527,-0.3375,10.3368,-0.0013,-0.0076,9.8066,-0.0588,-0.0483,-0.0915,-14,-36.81,-3.94,247.64,-80.52,-163.63
52.41594,-1.540114,149.3,7.41,2,24.58,21 / 21,3263629,2019-09-06 19:10:30:311,-0.6976,0.7004,10.3399,-0.0263,-0.0023,9.8066,0.0736,-0.012,-0.0224,-13.75,-36.37,-4.25,248.18,-80.64,-163.95
52.41594,-1.540114,149.3,7.41,2,24.58,21 / 21,3263729,2019-09-06 19:10:30:411,0.5348,0.6497,9.8913,0.0045,0.0143,9.8065,0.0396,0.0358,0.0477,-15.12,-35.69,-3.94,250.1,-80.61,-164.12
52.41594,-1.540114,149.3,7.41,2,24.58,21 / 21,3263828,2019-09-06 19:10:30:510,1.389,0.4432,9.3029,0.009,0.0142,9.8066,0.0932,-0.0715,0.1246,-14.5,-36.5,-3.5,250.11,-80.57,-164.97
52.41594,-1.540114,149.3,7.41,2,24.58,21 / 21,3263928,2019-09-06 19:10:30:610,0.8712,0.4968,10.2832,0.0095,-0.0055,9.8066,-0.0706,-0.0046,-0.1539,-14.06,-36.25,-2.75,250.62,-80.29,-163.64
52.41594,-1.540114,149.3,7.41,2,24.58,21 / 21,3264028,2019-09-06 19:10:30:710,-0.2363,0.6918,9.3283,-0.0261,0.0028,9.8065,-0.0792,0.0946,0.0677,-13.94,-37.31,-3.19,249.45,-80.45,-164.74
52.41594,-1.540114,149.3,7.41,2,24.58,21 / 21,3264129,2019-09-06 19:10:30:811,1.2924,0.0139,8.966,0.008,-0.0017,9.8066,-0.0664,0.0512,0.013,-13.25,-36,-4.06,245.41,-80.68,-164.58
52.41594,-1.540114,149.3,7.41,2,24.58,21 / 21,3264229,2019-09-06 19:10:30:911,0.6592,-0.7837,10.0071,-0.0172,-0.0235,9.8065,-0.1296,0.0071,-0.126,-13.44,-36.31,-4.25,246.95,-81.04,-163.67
52.41594,-1.540114,149.3,7.41,2,24.58,21 / 21,3264329,2019-09-06 19:10:31:011,0.3977,0.1708,10.4643,-0.0159,0.0124,9.8065,-0.0714,-0.0293,0.0157,-13.69,-36.19,-4.06,249.63,-81.38,-164.1
52.41594,-1.540114,149.3,7.41,2,24.58,21 / 21,3264429,2019-09-06 19:10:31:111,-0.7504,0.7312,9.9583,-0.0025,0.0164,9.8066,0.0473,-0.0201,0.016,-13.5,-36.94,-4.06,245.92,-81.55,-165.6
52.41594,-1.540114,149.3,7.41,2,24.58,21 / 21,3264528,2019-09-06 19:10:31:210,0.272,0.2978,10.1131,0.0115,0.0059,9.8066,0.0478,-0.0077,0.0372,-13.06,-36.25,-4.31,245.57,-81.38,-166.18
52.41594,-1.540114,149.3,7.41,2,24.58,21 / 21,3264628,2019-09-06 19:10:31:310,1.334,0.6176,10.2049,0.01,0.0059,9.8066,0.0841,-0.0207,0.0615,-13.87,-37.37,-4.56,244.72,-81.18,-165.51
52.41594,-1.540114,149.3,7.41,2,24.58,21 / 21,3264729,2019-09-06 19:10:31:411,-0.0979,1.529,9.8945,-0.0095,0,9.8066,-0.053,0.0341,-0.0245,-13.69,-37.06,-4.62,244.24,-81.14,-165.98
52.41594,-1.540114,149.3,7.41,2,24.58,21 / 21,3264828,2019-09-06 19:10:31:510,0.4006,-0.1598,9.6277,0.0145,-0.0042,9.8066,-0.0125,-0.0568,0.0639,-14.12,-37.06,-4.19,248.39,-81.13,-164.31
52.41594,-1.540114,149.3,7.41,2,24.58,21 / 21,3264929,2019-09-06 19:10:31:611,-0.1181,0.2558,9.7428,0.0044,-0.0004,9.8066,0.0569,-0.0512,0.0843,-13.81,-36.31,-4.56,246.37,-81.17,-164.11
52.41594,-1.540114,149.3,7.41,2,24.58,21 / 21,3265028,2019-09-06 19:10:31:710,-0.5794,0.9593,9.1518,0.0025,0.0055,9.8066,-0.056,0.0492,-0.0618,-14,-36.87,-4.62,245.58,-81.13,-164.37
52.41594,-1.540114,149.3,7.41,2,24.58,21 / 21,3265129,2019-09-06 19:10:31:811,-0.4524,-0.1596,9.386,0.0153,0.0179,9.8066,0.0115,0.002,-0.0194,-14.19,-36.81,-3.87,247.54,-80.95,-164.84
52.41594,-1.540114,149.3,7.41,2,24.58,21 / 21,3265228,2019-09-06 19:10:31:910,-0.812,0.5533,9.7049,-0.0279,-0.0299,9.8065,-0.0866,0.0356,0.0739,-13.56,-36.94,-4.19,248.34,-81.07,-164.21
52.41594,-1.540114,149.3,7.41,2,24.58,21 / 21,3265328,2019-09-06 19:10:32:010,1.1997,-0.7972,9.8713,-0.0291,-0.0115,9.8065,0.0159,0.0019,-0.0823,-14.12,-36.75,-4.75,244.82,-81.04,-165.05
52.41594,-1.540114,149.3,7.41,2,24.58,21 / 21,3265429,2019-09-06 19:10:32:111,-0.2795,1.4265,9.8197,-0.0156,-0.0065,9.8066,0.0885,0.0911,-0.0675,-14.37,-36.94,-4.44,247.24,-80.92,-165.12
52.41594,-1.540114,149.3,7.41,2,24.58,21 / 21,3265529,2019-09-06 19:10:32:211,0.3995,0.1712,9.9167,-0.036,-0.0316,9.8065,0.0097,0.0199,-0.0124,-15.19,-36,-4.37,250.85,-81.14,-164.49
52.41594,-1.540114,149.3,7.41,2,24.58,21 / 21,3265628,2019-09-06 19:10:32:310,-0.0183,0.9536,10.1811,0.039,0.0252,9.8065,0.0923,0.0042,-0.0057,-15.87,-36,-4.31,251.33,-80.88,-165.48
52.41594,-1.540114,149.3,7.41,2,24.58,21 / 21,3265729,2019-09-06 19:10:32:411,1.8707,0.2511,9.9514,0.0175,0.0186,9.8065,-0.102,0.013,0.0352,-15.81,-34.69,-2.37,257.63,-80.92,-165.61
52.41594,-1.540114,149.3,7.41,2,24.58,21 / 21,3265829,2019-09-06 19:10:32:511,-0.8414,0.4556,9.906,-0.0151,0,9.8066,-0.1576,0.0461,-0.0017,-13.62,-35.25,-1.69,253.91,-80.89,-165.76
52.41594,-1.540114,149.3,7.41,2,24.58,21 / 21,3265929,2019-09-06 19:10:32:611,-0.7594,-0.134,10.1424,-0.0014,-0.0037,9.8066,0.1013,-0.0025,-0.0016,-12.62,-35.19,-2.37,251.5,-80.81,-165.91
52.41594,-1.540114,149.3,7.41,2,24.58,21 / 21,3266029,2019-09-06 19:10:32:711,1.0843,0.4173,9.741,0.0033,-0.0104,9.8066,0.0578,-0.0356,-0.002,-11.5,-35.62,-3.81,238.96,-80.75,-166.07
52.41594,-1.540114,149.3,7.41,2,24.58,21 / 21,3266129,2019-09-06 19:10:32:811,-0.1686,1.9632,8.1873,-0.0266,-0.0118,9.8066,-0.1153,-0.0032,0.0121,-12.56,-35.87,-4.62,242.07,-80.96,-165.94
52.41594,-1.540114,149.3,7.41,2,24.58,21 / 21,3266228,2019-09-06 19:10:32:910,0.4208,0.3632,9.7711,0.0031,-0.0364,9.8065,-0.021,0.0539,0.1138,-13.37,-36.5,-5.75,241.93,-81.15,-163.43
52.41594,-1.540114,149.3,7.41,2,24.58,21 / 21,3266329,2019-09-06 19:10:33:011,0.0049,0.4983,10.0001,0.0141,-0.0102,9.8066,-0.0689,0.0492,-0.017,-13.62,-35.87,-5.06,249.37,-81.42,-161.22
52.41594,-1.540114,149.3,7.41,2,24.58,21 / 21,3266429,2019-09-06 19:10:33:111,-0.6003,0.8229,10.0937,0.0181,-0.0009,9.8066,0.0222,0.0257,0.0624,-14.06,-36,-5.75,247.85,-81.32,-159.7
52.41594,-1.540114,149.3,7.41,2,24.58,21 / 21,3266528,2019-09-06 19:10:33:210,0.0382,-0.0555,10.2627,0.0541,0.0378,9.8063,0.1895,0.0662,-0.0187,-14.5,-36.5,-5,249.11,-80.79,-160.01
52.41594,-1.540114,149.3,7.41,2,24.58,21 / 21,3266629,2019-09-06 19:10:33:311,1.5068,0.016,10.7943,-0.0113,-0.0002,9.8066,0.0863,-0.0546,0.0344,-13.81,-36.19,-4.19,249.67,-80.13,-160.93
52.41594,-1.540114,149.3,7.41,2,24.58,21 / 21,3266729,2019-09-06 19:10:33:411,0.4603,0.4416,10.7288,-0.0168,-0.0343,9.8065,0.1252,0.0058,0.0163,-14.12,-36.37,-4.37,249.23,-79.97,-161.02
52.41594,-1.540114,149.3,7.41,2,24.58,21 / 21,3266828,2019-09-06 19:10:33:510,1.1849,-0.8568,9.2158,0.0118,0.0224,9.8065,0.0072,-0.0429,0.0339,-14.06,-35.5,-4.5,249.1,-80.07,-162.15
52.41594,-1.540114,149.3,7.41,2,24.58,21 / 21,3266929,2019-09-06 19:10:33:611,0.2,0.0649,9.3108,-0.0157,0.0105,9.8066,-0.0723,0.0159,-0.0506,-14.81,-35.81,-4.87,248.4,-80.54,-162.81
52.41594,-1.540114,149.3,7.41,2,24.58,21 / 21,3267029,2019-09-06 19:10:33:711,-0.1947,0.6428,9.4998,-0.0196,-0.0076,9.8066,-0.0502,0.0387,0.0353,-14.62,-34.87,-5.75,247.5,-80.9,-162.29
52.41594,-1.540114,149.3,7.41,2,24.58,21 / 21,3267128,2019-09-06 19:10:33:810,-0.4119,-1.0616,9.9574,0.0024,0.0024,9.8066,0.0358,0.0958,-0.0575,-15.37,-35.31,-4.25,252.72,-80.92,-162.45
52.41594,-1.540114,149.3,7.41,2,24.58,21 / 21,3267229,2019-09-06 19:10:33:911,0.3358,0.5417,10.6294,-0.0049,-0.0061,9.8066,0.0583,0.0573,0.0398,-14.19,-34.69,-3.94,250.15,-80.67,-162.39
52.41594,-1.540114,149.3,7.41,2,24.58,21 / 21,3267329,2019-09-06 19:10:34:011,-0.0351,-0.1315,10.3458,-0.0076,-0.019,9.8066,0.0667,0.0687,-0.0017,-13.62,-35.44,-3.87,250.1,-80.51,-162.06
52.41594,-1.540114,149.3,7.41,2,24.58,21 / 21,3267428,2019-09-06 19:10:34:110,0.4386,0.6185,9.751,0.0171,0.012,9.8066,-0.0013,-0.012,0.0151,-12.81,-35.19,-4.06,247.78,-80.27,-161.35
52.41594,-1.540114,149.3,7.41,2,24.58,21 / 21,3267529,2019-09-06 19:10:34:211,-1.7355,0.1212,9.2649,-0.0056,0.0091,9.8065,-0.0763,0.0612,-0.0492,-14.31,-36.19,-4.69,247.47,-80.49,-161.19
52.41594,-1.540114,149.3,7.41,2,24.58,21 / 21,3267629,2019-09-06 19:10:34:311,-0.5346,-0.6179,8.8535,-0.0363,-0.0296,9.8064,-0.2094,0.0581,-0.0072,-13.5,-35.44,-4.87,246.76,-80.9,-160.8
52.41594,-1.540114,149.3,7.41,2,24.58,21 / 21,3267729,2019-09-06 19:10:34:411,1.4243,-0.7662,9.1879,-0.0422,-0.0164,9.8065,-0.1484,0.1331,-0.0954,-13.37,-35.81,-5.62,243.82,-81.28,-161.47
52.41594,-1.540114,149.3,7.41,2,24.58,21 / 21,3267829,2019-09-06 19:10:34:511,-1.1506,-1.2296,10.4573,0.0124,-0.0169,9.8066,-0.0741,-0.0492,0.0808,-13.56,-35.44,-5.19,251.57,-81.59,-159.7
52.41594,-1.540114,149.3,7.41,2,24.58,21 / 21,3267929,2019-09-06 19:10:34:611,-2.3053,0.7487,10.7207,-0.0202,-0.0051,9.8066,0.0214,-0.0177,-0.0055,-13.87,-36.06,-5.81,250.48,-81.87,-157.98
52.41594,-1.540114,149.3,7.41,2,24.58,21 / 21,3268028,2019-09-06 19:10:34:710,-1.9733,-1.1842,10.9923,0.0382,0.0338,9.8065,0.2486,0.0662,-0.0295,-13.75,-36.25,-4.75,250.17,-81.19,-159.74
52.41594,-1.540114,149.3,7.41,2,24.58,21 / 21,3268129,2019-09-06 19:10:34:811,-0.3495,0.2885,9.3114,0.06,0.0386,9.8063,0.1564,-0.0134,0.0635,-13.94,-36.69,-4.56,246.74,-80.38,-161.16
52.41594,-1.540114,149.3,7.41,2,24.58,21 / 21,3268229,2019-09-06 19:10:34:911,-0.199,-0.3838,9.4349,0.0195,-0.0225,9.8065,-0.0488,-0.0137,0.0927,-13.81,-36.69,-3.87,248.61,-79.83,-160.7
52.41594,-1.540114,149.3,7.41,2,24.58,21 / 21,3268329,2019-09-06 19:10:35:011,-0.7434,-1.7034,9.1457,-0.0411,-0.0506,9.8064,-0.0899,0.0648,-0.0464,-13.69,-36.5,-4.5,251.53,-80.24,-159.04
52.41594,-1.540114,149.3,7.41,2,24.58,21 / 21,3268429,2019-09-06 19:10:35:111,-0.1984,-0.7652,9.232,-0.0212,-0.0125,9.8066,-0.1062,-0.0255,0.0235,-14.12,-36.31,-4.62,250.77,-80.73,-157.93
52.41594,-1.540114,149.3,7.41,2,24.58,21 / 21,3268528,2019-09-06 19:10:35:210,-0.2417,0.9211,9.5044,0.0034,-0.017,9.8066,-0.0117,-0.0191,0.0894,-13.87,-37,-5.06,251.99,-81.07,-156.75
52.41594,-1.540114,149.3,7.41,2,24.58,21 / 21,3268628,2019-09-06 19:10:35:310,-1.0815,-1.0527,9.4217,0.0034,0.0024,9.8066,-0.023,0.0183,-0.0203,-13.75,-36.37,-5.19,252.62,-80.94,-156.34
52.41594,-1.540114,149.3,7.41,2,24.58,21 / 21,3268729,2019-09-06 19:10:35:411,-1.707,-0.2847,10.1283,0.0165,0.0057,9.8065,0.0845,-0.0017,-0.0042,-13.94,-36,-5.62,249.82,-80.84,-156.29
52.41594,-1.540114,149.3,7.41,2,24.58,21 / 21,3268828,2019-09-06 19:10:35:510,-0.6483,-0.4666,11.0292,0.0126,-0.0006,9.8065,0.0886,0.048,-0.0204,-14.44,-35.94,-4.75,252.53,-80.75,-155.95
52.41594,-1.540114,149.3,7.41,2,24.58,21 / 21,3268929,2019-09-06 19:10:35:611,0.2133,0.9281,9.8676,-0.0065,-0.0053,9.8066,0.0508,0.0234,0.013,-14.25,-36.25,-5.37,252.47,-80.66,-155.81
52.41594,-1.540114,149.3,7.41,2,24.58,21 / 21,3269029,2019-09-06 19:10:35:711,-0.2686,-0.0177,9.8042,0.0184,0.0081,9.8065,0.0253,-0.002,0.0224,-14.12,-36.44,-4.81,252.03,-80.46,-155.81
52.41594,-1.540114,149.3,7.41,2,24.58,21 / 21,3269129,2019-09-06 19:10:35:811,-0.1185,-0.006,9.2386,0.0016,0.004,9.8066,-0.1063,0.0008,0.012,-14.12,-36.06,-5.12,252.94,-80.65,-155.23
52.41594,-1.540114,149.3,7.41,2,24.58,21 / 21,3269229,2019-09-06 19:10:35:911,-1.254,-1.0132,9.8426,-0.0242,-0.0321,9.8065,0.0505,-0.0167,0.0296,-15.06,-36.37,-5.56,255.27,-81.06,-153.29
52.41594,-1.540114,149.3,7.41,2,24.58,21 / 21,3269329,2019-09-06 19:10:36:011,-0.9268,-1.2868,10.0936,-0.0073,-0.0105,9.8065,0.1029,-0.0198,0.0616,-14.44,-36.69,-5.37,254.83,-80.95,-153.22
52.41594,-1.540114,149.3,7.41,2,24.58,21 / 21,3269428,2019-09-06 19:10:36:110,-1.8698,-0.1254,9.7953,0.0034,0.0161,9.8065,0.0676,0.0235,-0.0883,-14.25,-35.69,-4.75,253.51,-80.73,-154.8
52.41594,-1.540114,149.3,7.41,2,24.58,21 / 21,3269528,2019-09-06 19:10:36:210,-0.1432,-0.8776,9.4347,0.0136,-0.0112,9.8065,-0.0542,-0.1016,0.0581,-14.12,-36.5,-5.12,252.84,-80.42,-154.77
52.41594,-1.540114,149.3,7.41,2,24.58,21 / 21,3269629,2019-09-06 19:10:36:311,-1.1653,-0.8172,9.6184,-0.0164,-0.0118,9.8066,0.0697,-0.0984,0.0055,-13.69,-36,-4.62,252.92,-80.64,-155.23
52.41594,-1.540114,149.3,7.41,2,24.58,21 / 21,3269729,2019-09-06 19:10:36:411,-1.191,-1.2807,8.6512,-0.065,-0.0382,9.8063,-0.0253,0.0234,-0.0419,-13.75,-36.5,-5.37,254.29,-81.12,-154.91
52.41594,-1.540114,149.3,7.41,2,24.58,21 / 21,3269828,2019-09-06 19:10:36:510,-1.7018,-1.8095,10.0167,-0.0184,-0.0337,9.8065,-0.0999,0.0065,0.0233,-13.75,-35.06,-6.19,254.64,-81.41,-152.79
52.41594,-1.540114,149.3,7.41,2,24.58,21 / 21,3269928,2019-09-06 19:10:36:610,-0.4276,-0.3453,10.9229,-0.0091,-0.0256,9.8066,0.0298,-0.0479,0.0449,-14.62,-36.12,-6.37,259.58,-81.67,-150.01
52.41594,-1.540114,149.3,7.41,2,24.58,21 / 21,3270029,2019-09-06 19:10:36:711,-0.131,-0.3557,10.0653,0.0168,0.0003,9.8066,0.1014,-0.0821,0.0656,-13.94,-35.31,-6.19,257.9,-81.46,-149.33
52.41594,-1.540114,149.3,7.41,2,24.58,21 / 21,3270129,2019-09-06 19:10:36:811,-0.0256,0.2926,8.9501,-0.0082,-0.0049,9.8066,-0.0071,-0.0094,-0.0392,-14.12,-35.44,-5.25,259.82,-81.24,-149.74
52.41594,-1.540114,149.3,7.41,2,24.58,21 / 21,3270229,2019-09-06 19:10:36:911,-0.4394,-0.6478,9.4625,-0.0018,-0.0131,9.8066,-0.0585,-0.0142,0.0567,-14.25,-35.69,-6.44,256.71,-81.24,-149.49
52.41594,-1.540114,149.3,7.41,2,24.58,21 / 21,3270329,2019-09-06 19:10:37:011,-1.423,-1.5711,10.9063,-0.0007,-0.0155,9.8066,-0.1113,0.0268,-0.0064,-14.69,-36.37,-6.37,261.22,-81.43,-147.69
52.41594,-1.540114,149.3,7.41,2,24.58,21 / 21,3270428,2019-09-06 19:10:37:110,-2.1182,-0.5496,10.6876,-0.0225,-0.0021,9.8066,-0.042,0.0277,-0.0209,-14.5,-35.81,-6.25,260.67,-81.93,-146.92
52.41594,-1.540114,149.3,7.41,2,24.58,21 / 21,3270528,2019-09-06 19:10:37:210,-0.306,-0.3055,9.6195,-0.0121,0.0258,9.8065,-0.0017,0.003,-0.0414,-14.44,-35.19,-6.56,256.9,-82.17,-149.25
52.41594,-1.540114,149.3,7.41,2,24.58,21 / 21,3270629,2019-09-06 19:10:37:311,-0.6885,0.0505,8.8946,0.0276,-0.0027,9.8065,-0.0158,0.0256,0.0763,-14.69,-35.87,-5.87,260.09,-81.74,-149.64
52.41594,-1.540114,149.3,7.41,2,24.58,21 / 21,3270729,2019-09-06 19:10:37:411,-0.3889,-1.2214,8.7663,0.0124,-0.017,9.8065,0.0048,-0.0074,0.0294,-15,-35.94,-6.62,258.23,-81.55,-148.44
52.41594,-1.540114,149.3,7.41,2,24.58,21 / 21,3270829,2019-09-06 19:10:37:511,-0.95,-1.6694,10.2218,-0.0212,-0.0306,9.8066,-0.2079,0.0454,-0.0191,-15.44,-35.69,-6.31,264.98,-81.92,-144.89
52.41594,-1.540114,149.3,7.41,2,24.58,21 / 21,3270929,2019-09-06 19:10:37:611,-0.7556,-2.2966,10.6462,-0.041,-0.049,9.8064,-0.0633,-0.1139,0.0494,-14.44,-35.87,-7.12,264.14,-82.36,-141.47
52.41594,-1.540114,149.3,7.41,2,24.58,21 / 21,3271029,2019-09-06 19:10:37:711,-1.8787,-2.4473,10.0405,0.0333,0.035,9.8064,0.1408,-0.0602,-0.091,-15,-35.12,-7.25,268.95,-82.72,-140.38
52.41594,-1.540114,149.3,7.41,2,24.58,21 / 21,3271128,2019-09-06 19:10:37:810,-1.7444,-0.6076,10.0727,0.064,0.0541,9.8062,-0.048,-0.0376,0.1339,-15.37,-35.44,-7.31,265.67,-82.35,-142.89
52.41594,-1.540114,149.3,7.41,2,24.58,21 / 21,3271228,2019-09-06 19:10:37:910,-2.1258,-0.1409,9.5257,0.006,0.0219,9.8066,-0.1277,0.0544,-0.0842,-14.81,-35,-7.37,263.15,-82.27,-145.34
52.41594,-1.540114,149.3,7.41,2,24.58,21 / 21,3271328,2019-09-06 19:10:38:010,-1.8782,-0.7539,8.8959,0.0223,0.0178,9.8065,-0.0073,0.0792,-0.0519,-15.06,-35.19,-7.19,262.05,-82.11,-146.14
52.41594,-1.540114,149.3,7.41,2,24.58,22 / 22,3271428,2019-09-06 19:10:38:110,-2.4446,-2.644,9.8358,-0.0406,-0.0106,9.8065,-0.0887,0.0034,-0.0012,-15.69,-36,-6.31,267.05,-82.3,-145.89
52.41594,-1.540114,149.3,7.41,2,24.58,22 / 22,3271529,2019-09-06 19:10:38:211,-1.3738,-0.5369,9.1709,-0.0233,0.0021,9.8066,-0.1232,-0.0215,-0.0095,-14.56,-36,-6.62,261.78,-82.49,-146.78
52.41594,-1.540114,149.3,7.41,2,24.58,22 / 22,3271629,2019-09-06 19:10:38:311,-1.4947,0.0413,9.3195,-0.0121,-0.0129,9.8066,0.0123,-0.0476,0.0142,-14.5,-35.12,-6.37,262.3,-82.67,-147.54
52.41594,-1.540114,149.3,7.41,2,24.58,22 / 22,3271729,2019-09-06 19:10:38:411,-1.8434,-1.879,10.3036,-0.0093,-0.0152,9.8065,0.0169,-0.0052,0,-14.44,-36.25,-7,260.86,-82.82,-146.02
52.41594,-1.540114,149.3,7.41,2,24.58,22 / 22,3271828,2019-09-06 19:10:38:510,-1.6413,-1.2855,10.4408,0.0082,0.0128,9.8066,0.0372,0.0249,-0.0062,-14.94,-35.31,-7.06,263.72,-82.85,-146.03
52.41594,-1.540114,149.3,7.41,2,24.58,22 / 22,3271929,2019-09-06 19:10:38:611,-1.3212,-0.7924,9.6461,-0.0118,0.0094,9.8066,-0.03,0.0176,-0.031,-14.37,-35.31,-7.69,258.72,-82.99,-146.45
52.41594,-1.540114,149.3,7.41,2,24.58,22 / 22,3272029,2019-09-06 19:10:38:711,-1.6459,-1.7811,9.2769,-0.0195,-0.0069,9.8066,-0.0758,-0.0512,-0.012,-14.81,-36.31,-6.87,263.68,-83.19,-146.39
52.41594,-1.540114,149.3,7.41,2,24.58,22 / 22,3272129,2019-09-06 19:10:38:811,-1.9017,-1.3919,9.5005,-0.0061,-0.0208,9.8066,0.1214,0.0491,0.0808,-14.5,-36.25,-6.81,262.04,-83.19,-145.67
52.41594,-1.540114,149.3,7.41,2,24.58,22 / 22,3272229,2019-09-06 19:10:38:911,-1.3518,-2.2711,9.9663,-0.0108,-0.0145,9.8066,0.0234,-0.0095,0.0788,-14.62,-36.12,-6.94,264.55,-83.01,-145.08
52.41594,-1.540114,149.3,7.41,2,24.58,22 / 22,3272328,2019-09-06 19:10:39:010,-1.098,-0.6309,9.7927,-0.0158,-0.0034,9.8065,-0.0117,0.0045,-0.0628,-14.62,-36.19,-6.56,265.47,-83.22,-144.61
52.41656,-1.539601,149.62,4.41,2,25.72,21 / 21,3272429,2019-09-06 19:10:39:111,-1.4048,-1.5892,10.0792,-0.0117,-0.0118,9.8066,-0.0644,0.0015,-0.0532,-14.5,-36.69,-6.56,263.55,-83.29,-143.89
52.41656,-1.539601,149.62,4.41,2,25.72,21 / 21,3272528,2019-09-06 19:10:39:210,-0.8939,-1.0965,8.5784,-0.0168,-0.0118,9.8065,-0.1354,0.0127,-0.0397,-15,-36.69,-7.06,268.57,-83.85,-142.5
52.41656,-1.539601,149.62,4.41,2,25.72,21 / 21,3272629,2019-09-06 19:10:39:311,-1.9317,-1.1035,9.7289,-0.0196,0.0002,9.8065,-0.1728,0.0032,-0.0413,-14.62,-36.25,-7.75,267.33,-84.12,-142.04
52.41656,-1.539601,149.62,4.41,2,25.72,21 / 21,3272728,2019-09-06 19:10:39:410,-2.3601,-1.3199,10.6774,-0.0167,-0.0139,9.8066,0.0215,0.0035,-0.0015,-14,-35.87,-8.06,267.13,-84.54,-140.82
52.41656,-1.539601,149.62,4.41,2,25.72,21 / 21,3272829,2019-09-06 19:10:39:511,-2.0814,-1.3101,10.6311,-0.0088,-0.0103,9.8066,-0.0002,-0.0133,0.0106,-14.06,-35,-7.56,269.33,-84.68,-139.28
52.41656,-1.539601,149.62,4.41,2,25.72,21 / 21,3272928,2019-09-06 19:10:39:610,-1.1966,-0.7674,9.9128,0.0059,0.0016,9.8066,0.0863,0.0217,0.0017,-14.37,-36,-7.69,268.99,-84.63,-139.15
52.41656,-1.539601,149.62,4.41,2,25.72,21 / 21,3273029,2019-09-06 19:10:39:711,-1.6738,-1.2245,9.6791,0.008,0.0027,9.8066,0.0245,-0.0107,0.0119,-14.56,-35.62,-7.25,273.58,-84.55,-139.42
52.41656,-1.539601,149.62,4.41,2,25.72,21 / 21,3273128,2019-09-06 19:10:39:810,-1.8018,-1.1673,9.4059,0.0034,0.004,9.8066,-0.0176,-0.0158,0.0364,-13.56,-36.31,-7.81,268.52,-84.49,-139.3
52.41656,-1.539601,149.62,4.41,2,25.72,21 / 21,3273228,2019-09-06 19:10:39:910,-1.7448,-1.9161,9.7861,0.0004,0.0046,9.8066,0.0375,0.0231,-0.0343,-14,-36.25,-7.94,268.59,-84.5,-139.27
52.41656,-1.539601,149.62,4.41,2,25.72,21 / 21,3273328,2019-09-06 19:10:40:010,-1.5252,-1.2401,9.6296,0.007,0.0179,9.8066,0.0244,0.0165,-0.0199,-13.75,-35.81,-8.25,267.04,-84.5,-140.84
52.41656,-1.539601,149.62,4.41,2,25.72,22 / 22,3273429,2019-09-06 19:10:40:111,-1.9869,-1.3811,10.1528,0.014,0.0184,9.8066,0.055,0.0046,0.0326,-13.75,-35.69,-7.31,266.16,-84.29,-144.04
52.41656,-1.539601,149.62,4.41,2,25.72,22 / 22,3273529,2019-09-06 19:10:40:211,-1.637,-0.8321,10.1423,0.0153,0.0177,9.8066,0.0092,-0.006,-0.0348,-13.62,-35.25,-7.25,263.32,-83.99,-146.63
52.41656,-1.539601,149.62,4.41,2,25.72,22 / 22,3273628,2019-09-06 19:10:40:310,-1.5068,-1.0198,9.9017,0.0077,0.0038,9.8065,0.0266,0.0221,0.02,-14.31,-35.37,-7.31,262.69,-83.89,-147.06
52.41656,-1.539601,149.62,4.41,2,25.72,22 / 22,3273729,2019-09-06 19:10:40:411,-1.799,-1.0867,9.6849,0.004,-0.0077,9.8066,-0.0148,0.0015,0.0019,-14,-35.75,-7.19,262.87,-83.85,-146.38
52.41656,-1.539601,149.62,4.41,2,25.72,22 / 22,3273828,2019-09-06 19:10:40:510,-1.7367,-1.4835,9.7526,-0.0068,-0.0081,9.8066,-0.029,-0.005,-0.0136,-14.25,-35.81,-7.12,263.5,-83.87,-145.77
52.41656,-1.539601,149.62,4.41,2,25.72,22 / 22,3273928,2019-09-06 19:10:40:610,-1.3105,-1.1631,10.1379,0.0003,0.0047,9.8066,0.0136,0.0013,0.0057,-14.19,-35.81,-7.44,264.08,-83.98,-145.42
52.41656,-1.539601,149.62,4.41,2,25.72,22 / 22,3274029,2019-09-06 19:10:40:711,-0.9542,-0.5694,9.9414,-0.0028,-0.0007,9.8066,0.0371,0.0094,-0.0051,-14.25,-36.81,-6.87,263.52,-84.02,-145.69
52.41656,-1.539601,149.62,4.41,2,25.72,22 / 22,3274129,2019-09-06 19:10:40:811,-0.7044,-0.2866,10.0178,0.0014,0.0041,9.8066,-0.0239,-0.0186,0.0009,-13.69,-36.31,-7,263.78,-84.06,-145.93
52.41656,-1.539601,149.62,4.41,2,25.72,22 / 22,3274229,2019-09-06 19:10:40:911,-0.7471,-0.2484,9.8146,0.0043,0.0053,9.8066,-0.0189,-0.0109,-0.013,-14.25,-36.44,-7.44,263.96,-84.09,-145.81
52.41656,-1.539601,149.62,4.41,2,25.72,22 / 22,3274328,2019-09-06 19:10:41:010,-0.496,-0.4117,9.8359,-0.005,-0.0076,9.8066,0.0054,-0.0134,0.0144,-13.87,-36.44,-7.87,261.59,-84.15,-145.62
52.41656,-1.539601,149.62,4.41,2,25.72,22 / 22,3274429,2019-09-06 19:10:41:111,-0.4926,-0.2857,9.8012,-0.0065,-0.0066,9.8066,-0.0027,-0.0091,0.0073,-13.94,-35.31,-7.75,263,-84.24,-144.73
52.41656,-1.539601,149.62,4.41,2,25.72,22 / 22,3274528,2019-09-06 19:10:41:210,-0.4585,-0.3464,9.9546,-0.0056,-0.0036,9.8066,-0.0032,0.0018,0.0075,-13.69,-35.75,-7.62,263.42,-84.33,-144.15
52.41656,-1.539601,149.62,4.41,2,25.72,22 / 22,3274629,2019-09-06 19:10:41:311,-0.3243,-0.2927,9.7845,-0.0116,-0.0085,9.8066,0.0226,0.0043,0.0154,-13.81,-35.75,-7.69,264.47,-84.47,-143.39
52.41656,-1.539601,149.62,4.41,2,25.72,22 / 22,3274729,2019-09-06 19:10:41:411,-0.4288,-0.3318,9.8697,-0.0085,-0.0085,9.8066,0.004,0.0077,-0.0012,-13.37,-36.19,-8.31,263.04,-84.58,-142.56
52.41656,-1.539601,149.62,4.41,2,25.72,22 / 22,3274829,2019-09-06 19:10:41:511,-0.448,-0.338,10.0101,-0.0084,-0.0072,9.8066,-0.0033,-0.0099,0.015,-13.44,-36.37,-7.69,264.75,-84.75,-141.19
52.41656,-1.539601,149.62,4.41,2,25.72,22 / 22,3274929,2019-09-06 19:10:41:611,-0.5445,-0.349,9.9705,-0.0064,-0.0061,9.8066,-0.0107,-0.0142,-0.0022,-13.94,-36.19,-7.81,268.79,-84.85,-139.87
52.41656,-1.539601,149.62,4.41,2,25.72,22 / 22,3275029,2019-09-06 19:10:41:711,-0.6603,-0.5378,9.8985,-0.0099,-0.0084,9.8066,-0.0032,-0.0021,0.0083,-13.62,-36,-7.69,270.08,-84.96,-138.82
52.41656,-1.539601,149.62,4.41,2,25.72,22 / 22,3275130,2019-09-06 19:10:41:812,-0.334,-0.1777,9.9024,-0.0071,-0.0081,9.8066,0.007,0.0025,0.006,-14.37,-35.75,-8.12,271.85,-85.11,-137.38
52.41656,-1.539601,149.62,4.41,2,25.72,22 / 22,3275229,2019-09-06 19:10:41:911,0.0433,0.0254,9.9041,-0.0086,-0.0075,9.8065,-0.009,-0.0026,-0.003,-14.12,-35.25,-7.69,273.28,-85.19,-136.45
52.41656,-1.539601,149.62,4.41,2,25.72,22 / 22,3275329,2019-09-06 19:10:42:011,-0.1053,0.0525,9.8562,-0.007,-0.0042,9.8065,0.0194,-0.012,0.0093,-14.37,-34.75,-8.06,274.34,-85.26,-135.57
52.41656,-1.539601,149.62,4.41,2,25.72,22 / 22,3275429,2019-09-06 19:10:42:111,0.0801,0.2039,9.9052,-0.005,-0.0048,9.8066,0.0083,-0.0078,-0.0024,-14.12,-34.81,-7.56,275.61,-85.36,-134.53
52.41656,-1.539601,149.62,4.41,2,25.72,22 / 22,3275529,2019-09-06 19:10:42:211,0.2101,0.377,9.8276,-0.0061,-0.0027,9.8066,0.0059,0.0069,0.0037,-13.62,-35.69,-7.56,276.5,-85.47,-133.6
52.41656,-1.539601,149.62,4.41,2,25.72,22 / 22,3275629,2019-09-06 19:10:42:311,0.114,0.0628,9.8301,-0.006,-0.0023,9.8065,0.0083,-0.0039,0.013,-13.56,-35.69,-7.31,280.34,-85.54,-132.91
52.41656,-1.539601,149.62,4.41,2,25.72,22 / 22,3275729,2019-09-06 19:10:42:411,0.3169,0.3054,9.7386,-0.0078,-0.0059,9.8066,-0.0056,-0.0027,-0.014,-14.06,-36.06,-7.87,279.07,-85.65,-131.51
52.41656,-1.539601,149.62,4.41,2,25.72,22 / 22,3275828,2019-09-06 19:10:42:510,0.1126,0.2923,9.8688,-0.0078,-0.0028,9.8066,-0.0015,-0.0169,0.0003,-13.87,-35.81,-7.37,282.83,-85.72,-130.92
52.41656,-1.539601,149.62,4.41,2,25.72,22 / 22,3275929,2019-09-06 19:10:42:611,0.0623,0.2276,9.8731,-0.0081,-0.0052,9.8066,0.0154,-0.0029,0.0082,-13.87,-36,-7.44,283.58,-85.79,-130.35
52.41656,-1.539601,149.62,4.41,2,25.72,22 / 22,3276028,2019-09-06 19:10:42:710,0.135,0.1651,9.8417,-0.0061,-0.0046,9.8066,0.005,-0.0113,-0.0011,-14,-35.5,-7.62,282.65,-85.88,-128.8
52.41656,-1.539601,149.62,4.41,2,25.72,22 / 22,3276128,2019-09-06 19:10:42:810,0.2775,0.1922,9.7901,-0.0086,-0.0046,9.8066,0.0097,-0.0113,0.0095,-13.75,-35,-7.37,287.75,-85.99,-127.06
52.41656,-1.539601,149.62,4.41,2,25.72,22 / 22,3276228,2019-09-06 19:10:42:910,0.2637,0.2938,9.815,-0.0052,-0.0038,9.8066,-0.0049,-0.0011,0.0073,-14.06,-34.87,-7.25,289.02,-86.05,-125.98
52.41656,-1.539601,149.62,4.41,2,25.72,22 / 22,3276329,2019-09-06 19:10:43:011,0.1374,0.1882,9.8987,-0.0072,-0.005,9.8066,-0.0092,-0.0091,-0.0108,-14.19,-35.75,-7.31,290.36,-86.12,-124.63
52.41656,-1.539601,149.62,4.41,2,25.72,21 / 21,3276428,2019-09-06 19:10:43:110,0.306,0.1323,9.8551,-0.0101,-0.0037,9.8066,0.0034,-0.0074,0.0069,-13.75,-35.69,-7.25,292.32,-86.22,-123
52.41656,-1.539601,149.62,4.41,2,25.72,21 / 21,3276529,2019-09-06 19:10:43:211,0.1558,0.1886,9.915,-0.0029,-0.0018,9.8066,-0.0139,-0.0098,0.0037,-14,-35.69,-7.37,293.63,-86.29,-121.92
52.41656,-1.539601,149.62,4.41,2,25.72,21 / 21,3276629,2019-09-06 19:10:43:311,0.0502,0.0559,9.8973,-0.0037,-0.003,9.8066,0.0086,-0.0011,-0.0026,-13.87,-35.81,-7.44,294.91,-86.34,-120.82
52.41656,-1.539601,149.62,4.41,2,25.72,21 / 21,3276729,2019-09-06 19:10:43:411,0.1534,0.1026,9.9019,-0.007,-0.0036,9.8066,0.0063,-0.0112,0.0034,-14,-35.31,-6.94,296.77,-86.41,-119.42
52.41656,-1.539601,149.62,4.41,2,25.72,21 / 21,3276829,2019-09-06 19:10:43:511,0.3649,0.3454,9.7726,-0.0042,-0.0033,9.8066,0.0005,-0.0149,0.004,-13.94,-35.25,-7.44,297.71,-86.43,-118.6
52.41656,-1.539601,149.62,4.41,2,25.72,21 / 21,3276928,2019-09-06 19:10:43:610,0.2145,0.2274,9.8918,-0.0041,-0.0023,9.8066,-0.0011,-0.0144,0.0003,-14.31,-35.31,-7.69,294.81,-86.46,-118.4
52.41656,-1.539601,149.62,4.41,2,25.72,21 / 21,3277029,2019-09-06 19:10:43:711,0.3633,0.3125,9.8379,-0.0028,-0.0012,9.8066,0.0113,0.0061,0.0044,-14.37,-35.5,-7.31,299.25,-86.5,-117.29
52.41656,-1.539601,149.62,4.41,2,25.72,21 / 21,3277129,2019-09-06 19:10:43:811,0.6539,0.4887,9.8821,-0.0008,-0.0016,9.8066,0.007,-0.0071,0.0007,-14.06,-36.31,-7.5,300.19,-86.53,-116.28
52.41656,-1.539601,149.62,4.41,2,25.72,21 / 21,3277228,2019-09-06 19:10:43:910,0.4674,0.4124,9.8085,-0.0007,-0.0009,9.8066,-0.0115,-0.0212,-0.0017,-13.44,-35.56,-7.31,298.54,-86.55,-115.7
52.41656,-1.539601,149.62,4.41,2,25.72,21 / 21,3277328,2019-09-06 19:10:44:010,0.4584,0.3092,9.9391,-0.0031,-0.0009,9.8066,-0.0097,-0.0066,0.0064,-13.87,-35.87,-7.75,299.01,-86.6,-114.54
52.41656,-1.539601,149.62,4.41,2,25.72,21 / 21,3277428,2019-09-06 19:10:44:110,0.3589,0.2506,9.8417,-0.0044,-0.0024,9.8066,0.0081,0.002,0.0181,-13.56,-35.62,-7,303.32,-86.63,-113.57
52.41656,-1.539601,149.62,4.41,2,25.72,21 / 21,3277529,2019-09-06 19:10:44:211,0.4244,0.2097,9.8441,-0.0028,-0.0023,9.8066,0.006,-0.0054,-0.005,-14.12,-35.37,-7.31,304.5,-86.64,-112.67
52.41656,-1.539601,149.62,4.41,2,25.72,21 / 21,3277628,2019-09-06 19:10:44:310,0.4661,0.3454,9.922,-0.0032,-0.0012,9.8066,0.0055,-0.019,-0.0015,-14.37,-35.06,-7.25,305.63,-86.67,-111.69
52.41656,-1.539601,149.62,4.41,2,25.72,21 / 21,3277728,2019-09-06 19:10:44:410,0.5313,0.4108,9.8857,-0.0015,-0.0003,9.8066,-0.0058,-0.0013,0.0064,-13.75,-34.94,-7.56,302.91,-86.69,-111.25
52.41656,-1.539601,149.62,4.41,2,25.72,21 / 21,3277829,2019-09-06 19:10:44:511,0.2901,0.2354,9.8757,-0.0026,-0.0007,9.8066,0.0041,-0.0073,0.0066,-13.56,-35.19,-7.5,306.8,-86.71,-110.69
52.41656,-1.539601,149.62,4.41,2,25.72,21 / 21,3277929,2019-09-06 19:10:44:611,0.5298,0.324,9.9594,-0.0016,-0.0021,9.8066,0.0075,-0.0013,-0.0039,-13.5,-36.06,-7.44,305.31,-86.73,-109.82
52.41656,-1.539601,149.62,4.41,2,25.72,21 / 21,3278028,2019-09-06 19:10:44:710,0.5999,0.4634,9.7227,0,0.0005,9.8066,-0.0106,-0.0111,-0.0023,-13.62,-35.06,-7.31,308.09,-86.73,-109.54
52.41656,-1.539601,149.62,4.41,2,25.72,21 / 21,3278128,2019-09-06 19:10:44:810,0.5283,0.3234,9.7293,-0.0027,-0.0004,9.8066,-0.0037,-0.0057,0.0108,-13.44,-35.69,-7.5,306.08,-86.74,-109.14
52.41656,-1.539601,149.62,4.41,2,25.72,21 / 21,3278229,2019-09-06 19:10:44:911,0.5783,0.5027,9.7755,-0.0025,-0.0019,9.8066,0.0089,0.0104,0.0123,-13.69,-35.69,-7.87,306.13,-86.77,-108.25
52.41656,-1.539601,149.62,4.41,2,25.72,21 / 21,3278328,2019-09-06 19:10:45:010,0.402,0.3435,9.8722,0.0006,-0.001,9.8066,0.0007,-0.0239,-0.0126,-13.81,-35.31,-7.62,306.83,-86.77,-107.75
52.41656,-1.539601,149.62,4.41,2,25.72,21 / 21,3278428,2019-09-06 19:10:45:110,0.3652,0.3713,9.9615,-0.0006,0.001,9.8066,-0.015,-0.0084,-0.002,-13.69,-34.81,-7.87,307.04,-86.79,-107.59
52.41656,-1.539601,149.62,4.41,2,25.72,21 / 21,3278529,2019-09-06 19:10:45:211,0.5428,0.5436,9.861,-0.0008,-0.0001,9.8066,0.0025,-0.0086,0.0131,-13.75,-35.25,-7.62,307.7,-86.82,-107.03
52.41656,-1.539601,149.62,4.41,2,25.72,21 / 21,3278628,2019-09-06 19:10:45:310,0.3624,0.2297,9.8933,-0.0006,-0.0008,9.8066,0.0106,-0.004,-0.0011,-13.12,-35.75,-7.25,309.01,-86.82,-106.61
52.41656,-1.539601,149.62,4.41,2,25.72,21 / 21,3278729,2019-09-06 19:10:45:411,0.7057,0.5031,9.8253,-0.0006,0,9.8066,-0.0119,-0.0166,-0.0062,-14.12,-36.25,-7.87,308.3,-86.83,-106.35
52.41656,-1.539601,149.62,4.41,2,25.72,21 / 21,3278829,2019-09-06 19:10:45:511,0.6123,0.3033,9.801,-0.002,0.0003,9.8066,-0.0063,-0.005,0.0138,-13.94,-35.94,-7.69,308.68,-86.85,-106.03
52.41656,-1.539601,149.62,4.41,2,25.72,21 / 21,3278929,2019-09-06 19:10:45:611,0.5709,0.4723,9.8313,-0.0004,0.0001,9.8066,0.0173,-0.0017,0.0038,-13.94,-36.56,-7.5,312.48,-86.87,-105.44
52.41656,-1.539601,149.62,4.41,2,25.72,21 / 21,3279029,2019-09-06 19:10:45:711,0.7803,0.4802,9.7247,-0.0002,-0.0008,9.8066,0.0059,-0.0272,-0.0108,-14.19,-35.62,-7,312.68,-86.86,-105.4
52.41656,-1.539601,149.62,4.41,2,25.72,21 / 21,3279129,2019-09-06 19:10:45:811,0.3704,0.3961,9.8447,-0.0026,0.0016,9.8066,0.0012,0.0002,0.0154,-13.75,-35.69,-7.56,309.47,-86.88,-105.36
52.41656,-1.539601,149.62,4.41,2,25.72,21 / 21,3279229,2019-09-06 19:10:45:911,0.4659,0.4078,9.9203,-0.0003,0.0017,9.8066,0.0062,-0.0037,0.0046,-13.75,-35.75,-7.44,312.97,-86.9,-105.19
52.41656,-1.539601,149.62,4.41,2,25.72,21 / 21,3279329,2019-09-06 19:10:46:011,0.4912,0.5069,9.8711,-0.0002,-0.0017,9.8066,0.0031,-0.0043,-0.0129,-14.19,-35.44,-8,310.08,-86.89,-104.97
52.41656,-1.539601,149.62,4.41,2,25.72,21 / 21,3279429,2019-09-06 19:10:46:111,0.6313,0.4531,9.7509,-0.0019,0,9.8066,-0.0101,-0.0093,-0.0006,-14.5,-35.56,-7.62,309.87,-86.89,-105.01
52.41656,-1.539601,149.62,4.41,2,25.72,21 / 21,3279528,2019-09-06 19:10:46:210,0.4355,0.3511,9.8034,-0.0021,-0.0007,9.8066,0.0188,0.0007,0.019,-14.06,-35.94,-6.87,313.3,-86.92,-104.93
52.41656,-1.539601,149.62,4.41,2,25.72,21 / 21,3279629,2019-09-06 19:10:46:311,0.5966,0.5589,9.8346,-0.0004,-0.0007,9.8066,0.0161,-0.0061,-0.0004,-14.19,-35.75,-7.25,313.5,-86.91,-104.73
52.41656,-1.539601,149.62,4.41,2,25.72,21 / 21,3279728,2019-09-06 19:10:46:410,0.3514,0.2033,9.9088,-0.0004,0.0006,9.8066,-0.013,-0.0175,-0.0077,-13.94,-35.94,-6.69,313.06,-86.89,-105.11
52.41656,-1.539601,149.62,4.41,2,25.72,21 / 21,3279829,2019-09-06 19:10:46:511,0.6494,0.3455,9.8968,-0.0034,-0.0009,9.8066,0.0161,-0.003,0.0168,-14.25,-35.87,-7.25,313.29,-86.92,-104.93
52.41656,-1.539601,149.62,4.41,2,25.72,21 / 21,3279928,2019-09-06 19:10:46:610,0.5882,0.3493,9.8925,0.0014,-0.0013,9.8066,0.0096,-0.0047,-0.0058,-14.06,-35.31,-7.25,313.04,-86.92,-105.31
52.41656,-1.539601,149.62,4.41,2,25.72,21 / 21,3280028,2019-09-06 19:10:46:710,0.6132,0.4327,9.8002,0.0001,0.0003,9.8066,-0.0195,-0.0064,-0.0095,-14.31,-35.62,-7.75,309.44,-86.91,-105.44
52.41656,-1.539601,149.62,4.41,2,25.72,21 / 21,3280129,2019-09-06 19:10:46:811,0.8061,0.4358,9.7499,0.0019,0.0015,9.8066,-0.0128,-0.0024,0.0166,-14.44,-35.81,-7,312.26,-86.92,-105.89
52.41656,-1.539601,149.62,4.41,2,25.72,21 / 21,3280229,2019-09-06 19:10:46:911,0.6395,0.4367,9.7348,0.001,-0.0003,9.8066,0.018,-0.002,0.0121,-14.06,-35.25,-7.37,312.47,-86.92,-105.83
52.41656,-1.539601,149.62,4.41,2,25.72,21 / 21,3280328,2019-09-06 19:10:47:010,0.4874,0.4968,9.9224,0.0015,0.0003,9.8066,-0.0049,-0.0063,-0.0139,-13.87,-36,-7.56,308.47,-86.9,-106.31
52.41656,-1.539601,149.62,4.41,2,25.72,21 / 21,3280428,2019-09-06 19:10:47:110,0.3277,0.3996,9.903,0.0006,0.0008,9.8066,-0.0272,-0.01,-0.003,-14.37,-36.06,-7.44,311.29,-86.89,-106.73
52.41656,-1.539601,149.62,4.41,2,25.72,21 / 21,3280529,2019-09-06 19:10:47:211,0.415,0.3173,9.8596,0.0006,0.0017,9.8066,0.0213,0.005,0.0199,-14.25,-35.94,-7.69,307.91,-86.91,-106.85
52.41656,-1.539601,149.62,4.41,2,25.72,21 / 21,3280628,2019-09-06 19:10:47:310,0.4501,0.4468,9.9689,0.0013,-0.0017,9.8066,-0.0011,-0.0008,-0.0122,-14.12,-35.31,-7.31,310.88,-86.89,-107.25
52.41656,-1.539601,149.62,4.41,2,25.72,21 / 21,3280729,2019-09-06 19:10:47:411,0.6228,0.3172,9.7685,0.0018,0.0032,9.8066,-0.0062,-0.0108,0.0063,-14.19,-35.12,-7.56,306.81,-86.88,-107.97
52.41656,-1.539601,149.62,4.41,2,25.72,21 / 21,3280828,2019-09-06 19:10:47:510,0.5344,0.3426,9.8412,0.0027,0.0037,9.8066,0.0102,0.0143,0.0258,-14.06,-35.81,-7.75,306.42,-86.9,-108.21
52.41656,-1.539601,149.62,4.41,2,25.72,21 / 21,3280929,2019-09-06 19:10:47:611,0.7654,0.4498,9.7403,0.0041,0.0006,9.8066,-0.0091,-0.0266,-0.0146,-13.94,-35.62,-7.44,308.77,-86.86,-108.98
52.41656,-1.539601,149.62,4.41,2,25.72,21 / 21,3281028,2019-09-06 19:10:47:710,0.3603,0.3316,9.877,0.001,0.0018,9.8066,-0.0023,-0.0113,-0.0048,-14.12,-35.56,-7.12,308.21,-86.86,-109.49
52.41656,-1.539601,149.62,4.41,2,25.72,21 / 21,3281128,2019-09-06 19:10:47:810,0.5704,0.4887,9.8069,-0.0005,0.0016,9.8066,0.0182,0.0123,0.0236,-14.12,-36.19,-7,307.54,-86.86,-110.11
52.41656,-1.539601,149.62,4.41,2,25.72,21 / 21,3281229,2019-09-06 19:10:47:911,0.295,0.2603,9.9252,0.0031,0.0009,9.8066,-0.0033,-0.0237,-0.021,-14.06,-35.75,-7.62,303.77,-86.84,-110.58
52.41656,-1.539601,149.62,4.41,2,25.72,21 / 21,3281328,2019-09-06 19:10:48:010,0.635,0.4356,9.8183,0.0008,0.0023,9.8066,-0.004,0.0019,0.002,-14,-35.94,-7.25,306.13,-86.83,-111.35
52.41656,-1.539601,149.62,4.41,2,25.72,20 / 21,3281428,2019-09-06 19:10:48:110,0.5705,0.2173,9.7207,-0.0005,0.0021,9.8066,0.0203,0.0061,0.0326,-13.87,-35.5,-7.56,302.77,-86.84,-111.67
52.41656,-1.539601,149.62,4.41,2,25.72,20 / 21,3281529,2019-09-06 19:10:48:211,0.558,0.5221,9.8348,0.0022,-0.0004,9.8066,-0.0001,-0.0222,-0.0268,-13.69,-35.31,-7.87,302.27,-86.81,-112.08
52.41656,-1.539601,149.62,4.41,2,25.72,20 / 21,3281629,2019-09-06 19:10:48:311,0.2575,0.2312,9.9231,-0.0009,0.0009,9.8066,0.0043,-0.0001,-0.0002,-13.87,-35.75,-7.87,301.22,-86.79,-112.85
52.41656,-1.539601,149.62,4.41,2,25.72,20 / 21,3281729,2019-09-06 19:10:48:411,0.3566,0.4384,9.9487,0.0028,0.0003,9.8066,0.0044,-0.0075,0.0113,-14.25,-35.94,-7.81,300.57,-86.8,-113.47
52.41656,-1.539601,149.62,4.41,2,25.72,20 / 21,3281829,2019-09-06 19:10:48:511,0.4775,0.1947,9.766,0.0016,-0.0001,9.8066,-0.0218,-0.0025,-0.0192,-13.94,-35.87,-7.5,303.34,-86.77,-113.84
52.41656,-1.539601,149.62,4.41,2,25.72,20 / 21,3281929,2019-09-06 19:10:48:611,0.6087,0.3738,9.7967,0.0018,0.0034,9.8066,-0.0017,0.0117,0.0193,-13.81,-36,-7.31,302.22,-86.77,-114.86
52.41656,-1.539601,149.62,4.41,2,25.72,20 / 21,3282029,2019-09-06 19:10:48:711,0.6498,0.4263,9.6819,0.0023,0.0006,9.8066,0.016,-0.0066,0.0176,-13.87,-35.69,-7.69,298.61,-86.76,-115.24
52.41656,-1.539601,149.62,4.41,2,25.72,20 / 21,3282128,2019-09-06 19:10:48:810,0.7627,0.2938,9.7216,0.0055,0.0012,9.8066,-0.024,-0.0092,-0.0269,-14.5,-35.87,-7.31,301.1,-86.73,-115.83
52.41656,-1.539601,149.62,4.41,2,25.72,20 / 21,3282229,2019-09-06 19:10:48:911,0.135,0.2389,9.9416,-0.001,0.0024,9.8066,0.0006,0.0164,0.0205,-14,-35.25,-7.31,300.45,-86.72,-116.61
52.41656,-1.539601,149.62,4.41,2,25.72,20 / 21,3282328,2019-09-06 19:10:49:010,0.2597,0.3243,10.0205,0.0046,0.0003,9.8066,0.013,-0.0216,-0.0023,-14.25,-35.69,-7.19,299.5,-86.7,-117.26
52.41656,-1.539601,149.62,4.41,2,25.72,21 / 21,3282429,2019-09-06 19:10:49:111,0.5739,0.3983,9.6815,-0.0008,0.0021,9.8066,0.0012,0,0.0001,-13.37,-35.44,-7.56,293.38,-86.66,-117.92
52.41656,-1.539601,149.62,4.41,2,25.72,21 / 21,3282529,2019-09-06 19:10:49:211,0.6397,0.3011,9.7636,0.0014,0.003,9.8066,0.0146,0.0033,0.0289,-13.94,-35.81,-7.25,298.23,-86.67,-118.4
52.41656,-1.539601,149.62,4.41,2,25.72,21 / 21,3282629,2019-09-06 19:10:49:311,0.6133,0.341,9.7285,0.0074,0.0021,9.8066,-0.0051,-0.0242,-0.0089,-14.12,-35.69,-7,297.26,-86.64,-119.24
52.41656,-1.539601,149.62,4.41,2,25.72,21 / 21,3282729,2019-09-06 19:10:49:411,0.2957,0.2911,9.9818,-0.0009,0.0005,9.8066,0.0057,0.0028,0.0024,-14,-36.12,-8.06,293.62,-86.61,-119.64
52.41656,-1.539601,149.62,4.41,2,25.72,21 / 21,3282829,2019-09-06 19:10:49:511,0.3423,0.2813,9.8357,-0.0001,0.0018,9.8066,0.0199,0.0093,0.0267,-14.56,-36.31,-7.69,295.22,-86.62,-120.17
52.41656,-1.539601,149.62,4.41,2,25.72,21 / 21,3282928,2019-09-06 19:10:49:610,0.3817,0.2956,9.8732,0.0011,0.0001,9.8066,-0.0078,-0.0269,-0.0244,-14,-36.12,-7.37,295.49,-86.57,-120.76
52.41656,-1.539601,149.62,4.41,2,25.72,21 / 21,3283028,2019-09-06 19:10:49:710,0.5851,0.4059,9.7454,-0.0019,0.0016,9.8066,0.0178,0.0032,0.005,-13.31,-35.31,-7.69,289.6,-86.57,-121.33
52.41656,-1.539601,149.62,4.41,2,25.72,21 / 21,3283129,2019-09-06 19:10:49:811,0.2982,0.2881,9.8996,0.0047,0.0013,9.8066,0.0024,-0.0013,0.0058,-14,-35.31,-7,294.5,-86.57,-121.9
52.41656,-1.539601,149.62,4.41,2,25.72,21 / 21,3283228,2019-09-06 19:10:49:910,0.3756,0.3875,9.8861,0.0037,0.0006,9.8066,-0.013,-0.0234,-0.0212,-14.19,-35.25,-7.12,293.59,-86.52,-122.64
52.41656,-1.539601,149.62,4.41,2,25.72,21 / 21,3283329,2019-09-06 19:10:50:011,0.1359,0.1392,9.9592,0.001,0.0025,9.8066,0.0165,0.0074,0.0243,-14.06,-35.31,-7.75,289.81,-86.52,-123.27
52.41656,-1.539601,149.62,4.41,2,25.72,21 / 21,3283429,2019-09-06 19:10:50:111,0.3593,0.3491,9.9485,0.0044,0.001,9.8066,-0.0054,-0.0236,-0.0157,-14.31,-35.75,-7.62,289.03,-86.5,-123.77
52.41656,-1.539601,149.62,4.41,2,25.72,21 / 21,3283529,2019-09-06 19:10:50:211,0.3035,0.2651,9.8617,0.0036,0.0026,9.8066,-0.0189,-0.0013,-0.0184,-14,-35.94,-7.75,288.19,-86.45,-124.46
52.41656,-1.539601,149.62,4.41,2,25.72,21 / 21,3283628,2019-09-06 19:10:50:310,0.3707,0.2216,9.8548,-0.0015,0.0023,9.8066,0.011,0.0156,0.0295,-13.87,-36.31,-7.25,291.02,-86.47,-124.78
52.41656,-1.539601,149.62,4.41,2,25.72,21 / 21,3283728,2019-09-06 19:10:50:410,0.6441,0.4632,9.72,0.0052,0.0011,9.8066,-0.0131,-0.0293,-0.0142,-14.5,-36.19,-7.75,287.29,-86.43,-125.29
52.41656,-1.539601,149.62,4.41,2,25.72,21 / 21,3283828,2019-09-06 19:10:50:510,0.1796,0.1995,9.8955,0.003,0.0025,9.8066,-0.017,-0.0063,-0.0123,-14.25,-35.37,-7.5,290.19,-86.41,-125.64
52.41656,-1.539601,149.62,4.41,2,25.72,21 / 21,3283929,2019-09-06 19:10:50:611,0.3297,0.3635,9.8517,-0.0003,0.0016,9.8066,0.0255,0.0061,0.0237,-14,-35.37,-7.44,289.72,-86.42,-126.11
52.41656,-1.539601,149.62,4.41,2,25.72,21 / 21,3284028,2019-09-06 19:10:50:710,0.1273,0.1276,9.8966,0.0037,-0.0009,9.8066,0.0027,-0.0191,-0.0111,-14.31,-35.44,-7.25,289.34,-86.38,-126.4
52.41656,-1.539601,149.62,4.41,2,25.72,21 / 21,3284128,2019-09-06 19:10:50:810,0.4592,0.3331,9.8386,-0.0005,0.0028,9.8066,0.001,0.0064,0.0099,-14,-35.5,-7.69,285.66,-86.37,-126.94
52.41656,-1.539601,149.62,4.41,2,25.72,21 / 21,3284229,2019-09-06 19:10:50:911,0.526,0.1291,9.7333,-0.0002,0.0016,9.8066,0.0197,-0.0047,0.0298,-14.25,-36,-7.37,288.13,-86.37,-127.3
52.41656,-1.539601,149.62,4.41,2,25.72,21 / 21,3284329,2019-09-06 19:10:51:011,0.4477,0.3119,9.798,0.0019,0.0017,9.8066,0.0052,-0.0221,-0.0162,-13.5,-36,-6.87,285.21,-86.33,-127.77
52.41656,-1.539601,149.62,4.41,2,25.72,21 / 21,3284429,2019-09-06 19:10:51:111,0.2866,0.1783,9.8144,0.0012,0.0018,9.8066,0.0045,0.0018,0.0003,-13.81,-35.94,-7.25,287,-86.31,-128.25
52.41656,-1.539601,149.62,4.41,2,25.72,21 / 21,3284528,2019-09-06 19:10:51:210,0.1501,0.2706,9.9633,-0.0004,-0.0016,9.8066,0.0195,-0.0063,0.0142,-14.31,-36.37,-7.12,286.49,-86.31,-128.73
52.41656,-1.539601,149.62,4.41,2,25.72,21 / 21,3284628,2019-09-06 19:10:51:310,0.1779,0.2457,9.9165,0.002,-0.0007,9.8066,0.0035,-0.0233,-0.0184,-13.87,-35.5,-7.62,283.39,-86.28,-128.95
52.41656,-1.539601,149.62,4.41,2,25.72,21 / 21,3284729,2019-09-06 19:10:51:411,0.5411,0.3395,9.7577,0.0004,0.004,9.8066,0.0003,0.0158,0.0187,-13.44,-35.62,-7.56,279.86,-86.25,-129.75
52.41656,-1.539601,149.62,4.41,2,25.72,21 / 21,3284829,2019-09-06 19:10:51:511,0.5718,0.2506,9.678,0.0014,-0.0001,9.8066,0.0182,-0.0062,0.0185,-13.62,-35.19,-7.19,285.41,-86.26,-129.9
52.41656,-1.539601,149.62,4.41,2,25.72,21 / 21,3284929,2019-09-06 19:10:51:611,0.5956,0.2626,9.7404,0.0042,0.0028,9.8066,-0.0289,-0.0077,-0.0186,-14.25,-35.75,-7.12,284.34,-86.19,-130.53
52.41656,-1.539601,149.62,4.41,2,25.72,21 / 21,3285028,2019-09-06 19:10:51:710,0.1846,0.2505,9.9189,-0.0006,0.0021,9.8066,0.0169,0.0028,0.0207,-14.37,-35.69,-6.81,284.08,-86.21,-130.82
52.41656,-1.539601,149.62,4.41,2,25.72,21 / 21,3285128,2019-09-06 19:10:51:810,0.1718,0.1394,9.9764,0.0047,0.0016,9.8066,0.0042,-0.018,-0.0115,-14.37,-35.75,-7.25,283.63,-86.19,-131.21
52.41656,-1.539601,149.62,4.41,2,25.72,21 / 21,3285228,2019-09-06 19:10:51:910,0.2774,0.2663,9.925,0.0042,0.0028,9.8066,-0.0257,-0.0068,-0.0167,-14,-36.25,-7.56,279.89,-86.13,-131.8
52.41656,-1.539601,149.62,4.41,2,25.72,21 / 21,3285328,2019-09-06 19:10:52:010,0.486,0.1163,9.7357,-0.0004,0.003,9.8066,0.0086,-0.0035,0.0297,-13.69,-35.94,-7.5,282.44,-86.15,-132.28
52.41656,-1.539601,149.62,4.41,2,25.72,21 / 22,3285428,2019-09-06 19:10:52:110,0.5997,0.3324,9.6773,0.0027,0,9.8066,0.0122,-0.0161,-0.0008,-13.62,-35.81,-7.19,282.44,-86.14,-132.26
52.41656,-1.539601,149.62,4.41,2,25.72,21 / 22,3285528,2019-09-06 19:10:52:210,0.0166,0.0835,9.9733,-0.0006,0.0007,9.8066,-0.006,-0.0079,-0.0104,-13.31,-35.69,-7.62,276.54,-86.09,-132.62
52.41656,-1.539601,149.62,4.41,2,25.72,21 / 22,3285629,2019-09-06 19:10:52:311,0.1528,0.2451,9.981,-0.0002,0.0021,9.8066,0.0135,-0.0061,0.031,-14.37,-35.25,-7.81,278.7,-86.1,-133.12
52.41656,-1.539601,149.62,4.41,2,25.72,21 / 22,3285729,2019-09-06 19:10:52:411,0.1072,0.2273,9.9079,0.0039,0.0022,9.8066,0.0024,-0.0105,-0.005,-13.81,-35.75,-7.5,281.06,-86.07,-133.43
52.41656,-1.539601,149.62,4.41,2,25.72,21 / 22,3285828,2019-09-06 19:10:52:510,0.1995,0.1236,9.9717,0.0037,0.003,9.8066,-0.0216,-0.0137,-0.0143,-13.69,-36.12,-7.06,280.67,-86.03,-133.71
52.41656,-1.539601,149.62,4.41,2,25.72,21 / 22,3285929,2019-09-06 19:10:52:611,0.4323,0.2428,9.6979,-0.0048,-0.0024,9.8066,0.0281,0.005,0.0263,-13.75,-35.75,-7.62,277.6,-86.06,-133.86
52.41656,-1.539601,149.62,4.41,2,25.72,21 / 22,3286029,2019-09-06 19:10:52:711,0.4412,0.2075,9.7983,0.0013,-0.0003,9.8066,0.021,-0.0003,0.0081,-13.75,-36.06,-7.31,280.27,-86.03,-134.1
52.41656,-1.539601,149.62,4.41,2,25.72,21 / 22,3286128,2019-09-06 19:10:52:810,0.5625,0.3361,9.6836,0.0029,0.0029,9.8066,-0.0257,-0.018,-0.0168,-13.62,-35.69,-7.62,276.89,-85.98,-134.38
52.41656,-1.539601,149.62,4.41,2,25.72,21 / 22,3286229,2019-09-06 19:10:52:911,0.0998,0.1334,9.9855,-0.0024,0.0014,9.8066,0.0287,0.0079,0.0258,-14,-35.37,-8.12,276.64,-85.99,-134.9
52.41656,-1.539601,149.62,4.41,2,25.72,21 / 22,3286328,2019-09-06 19:10:53:010,0.1285,0.1802,9.9181,0.0038,-0.0002,9.8066,-0.0042,-0.0049,-0.0091,-13.94,-35.06,-7.25,279.29,-85.94,-135.11
52.41656,-1.539601,149.62,4.41,2,25.72,20 / 21,3286428,2019-09-06 19:10:53:110,0.0652,0.0673,9.8715,0.0011,0.0015,9.8066,-0.0189,-0.0175,-0.0147,-13.5,-35.62,-7.37,276.23,-85.91,-135.46
52.41656,-1.539601,149.62,4.41,2,25.72,20 / 21,3286529,2019-09-06 19:10:53:211,0.4733,0.258,9.7338,0.0023,0.0034,9.8066,0.0136,0.0201,0.027,-14,-35.25,-7.62,275.29,-85.9,-136.05
52.41656,-1.539601,149.62,4.41,2,25.72,20 / 21,3286628,2019-09-06 19:10:53:310,0.2581,0.1072,9.7543,0.0053,0.0004,9.8066,0.0028,-0.0085,-0.0054,-13.81,-36.25,-7.12,277.81,-85.87,-136.14
52.41656,-1.539601,149.62,4.41,2,25.72,20 / 21,3286729,2019-09-06 19:10:53:411,0.15,0.2405,9.9238,0.0014,0.0039,9.8066,-0.0069,-0.0156,0.0013,-14.19,-35.87,-7.25,277.33,-85.81,-136.47
52.41656,-1.539601,149.62,4.41,2,25.72,20 / 21,3286828,2019-09-06 19:10:53:510,-0.0777,0.0411,9.9441,0.0018,0.0024,9.8066,0.0202,0.0177,0.0306,-14.19,-36,-7.12,276.71,-85.81,-137.08
52.41656,-1.539601,149.62,4.41,2,25.72,20 / 21,3286929,2019-09-06 19:10:53:611,0.2475,0.2047,9.9201,0.0039,0.0014,9.8066,-0.014,-0.0218,-0.0248,-14.37,-36.06,-7.31,276.35,-85.76,-137.32
52.41656,-1.539601,149.62,4.41,2,25.72,20 / 21,3287028,2019-09-06 19:10:53:710,0.0973,0.2059,9.9775,0.0013,0.0032,9.8066,-0.0045,-0.0093,-0.0056,-13.62,-35.69,-7.25,275.96,-85.74,-137.66
52.41656,-1.539601,149.62,4.41,2,25.72,20 / 21,3287129,2019-09-06 19:10:53:811,-0.0993,0.0743,9.8849,0.0026,0.0012,9.8066,-0.0184,-0.0173,-0.0261,-14,-34.94,-7.56,273.06,-85.75,-137.92
52.41656,-1.539601,149.62,4.41,2,25.72,20 / 21,3287229,2019-09-06 19:10:53:911,0.4009,0.2337,9.7265,0.0054,0.0007,9.8066,0.0102,0.0155,0.026,-14.25,-34.81,-7.44,275.72,-85.69,-138.05
52.41656,-1.539601,149.62,4.41,2,25.72,20 / 21,3287329,2019-09-06 19:10:54:011,0.3529,0.2093,9.7258,-0.0031,0.0012,9.8066,-0.0107,-0.0246,-0.0201,-14,-35.56,-7.94,272.23,-85.67,-138.29
52.41656,-1.539601,149.62,4.41,2,25.72,22 / 22,3287429,2019-09-06 19:10:54:111,0.3226,0.19,9.8167,0.0003,0.0005,9.8066,-0.0112,-0.0045,-0.0049,-14.06,-35.5,-7.25,275.11,-85.68,-138.64
52.41656,-1.539601,149.62,4.41,2,25.72,22 / 22,3287528,2019-09-06 19:10:54:210,0.2072,0.2914,9.8428,0.0023,0.0009,9.8066,0.0164,-0.005,0.0241,-14.12,-35.25,-7.25,274.91,-85.64,-138.74
52.41656,-1.539601,149.62,4.41,2,25.72,22 / 22,3287628,2019-09-06 19:10:54:310,0.1853,0.1619,9.7992,-0.0003,0.0008,9.8065,-0.0013,-0.007,-0.0026,-14.06,-35.81,-7.69,271.43,-85.63,-138.99
52.41656,-1.539601,149.62,4.41,2,25.72,22 / 22,3287728,2019-09-06 19:10:54:410,0.0949,0.0798,9.8392,-0.0013,-0.0011,9.8065,-0.0139,-0.0113,-0.0054,-14.19,-36.19,-7.37,274.06,-85.61,-139.22
52.41656,-1.539601,149.62,4.41,2,25.72,22 / 22,3287828,2019-09-06 19:10:54:510,0.1864,0.2922,9.8525,0.0023,0.0004,9.8066,0.0087,-0.012,0.0112,-13.75,-35.12,-7.62,271.47,-85.6,-139.17
52.41656,-1.539601,149.62,4.41,2,25.72,22 / 22,3287928,2019-09-06 19:10:54:610,-0.0525,-0.017,9.9357,0.0013,0.0014,9.8066,0.0127,0.0128,0.0156,-14.12,-35.44,-7.62,270.86,-85.56,-139.7
52.41656,-1.539601,149.62,4.41,2,25.72,22 / 22,3288029,2019-09-06 19:10:54:711,0.2937,0.2069,9.8713,-0.0022,0.0016,9.8066,-0.0149,-0.0252,-0.0182,-13.5,-35.81,-7.12,270.95,-85.58,-139.88
52.41656,-1.539601,149.62,4.41,2,25.72,22 / 22,3288128,2019-09-06 19:10:54:810,0.2555,0.0795,9.8501,0.0016,-0.0014,9.8066,-0.0151,-0.006,0.004,-14.25,-35.75,-7.56,270.13,-85.54,-140.1
52.41656,-1.539601,149.62,4.41,2,25.72,22 / 22,3288228,2019-09-06 19:10:54:910,0.3434,0.197,9.8432,0.0005,0.0006,9.8066,0.0312,-0.0009,0.019,-14.62,-36.25,-6.94,274.92,-85.52,-140.27
52.41656,-1.539601,149.62,4.41,2,25.72,22 / 22,3288329,2019-09-06 19:10:55:011,0.2866,0.1998,9.756,0.0016,0.0023,9.8066,-0.0082,-0.0032,-0.021,-13.62,-36.31,-7.37,272.54,-85.52,-140.52
52.41656,-1.539601,149.62,4.41,2,25.72,21 / 21,3288429,2019-09-06 19:10:55:111,0.0446,0.1318,10.0339,0.0015,-0.0002,9.8066,-0.0019,0.0066,0.0075,-14,-35.5,-7.69,269.74,-85.51,-140.7
52.41656,-1.539601,149.62,4.41,2,25.72,21 / 21,3288529,2019-09-06 19:10:55:211,0.1759,0.1398,9.8161,0.0035,0.0017,9.8066,0.0183,0.0067,0.0301,-14.12,-35.75,-8,269.13,-85.45,-140.89
52.41656,-1.539601,149.62,4.41,2,25.72,21 / 21,3288629,2019-09-06 19:10:55:311,0.0041,0.2166,9.9333,0.003,0.0045,9.8066,0.0094,-0.0316,-0.0158,-13.62,-35.31,-7.94,269.19,-85.45,-141.13
52.41656,-1.539601,149.62,4.41,2,25.72,21 / 21,3288729,2019-09-06 19:10:55:411,0.3432,0.2161,9.8084,0.0037,-0.0011,9.8066,0.0017,-0.0067,-0.0065,-13.94,-35.06,-7.31,271.88,-85.46,-141.33
52.41656,-1.539601,149.62,4.41,2,25.72,21 / 21,3288829,2019-09-06 19:10:55:511,0.4569,0.3016,9.9381,0.0014,0.0019,9.8066,-0.0014,-0.0016,0.0157,-13.87,-34.87,-7.5,271.54,-85.39,-141.51
52.41656,-1.539601,149.62,4.41,2,25.72,21 / 21,3288928,2019-09-06 19:10:55:610,0.2163,0.3863,9.9367,-0.0001,0.0008,9.8066,-0.0296,-0.0085,-0.0197,-14,-35.69,-7.25,271.02,-85.4,-141.75
52.41656,-1.539601,149.62,4.41,2,25.72,21 / 21,3289029,2019-09-06 19:10:55:711,0.1701,0.1308,9.9418,0.0034,0.0016,9.8066,0.0148,0.0032,0.0177,-14.06,-36.37,-7.37,270.7,-85.34,-141.93
52.41656,-1.539601,149.62,4.41,2,25.72,21 / 21,3289129,2019-09-06 19:10:55:811,0.4582,0.5173,9.7773,-0.0031,-0.0013,9.8066,-0.0125,-0.0115,0.0005,-14,-35.25,-7.69,268.09,-85.35,-142.02
52.41656,-1.539601,149.62,4.41,2,25.72,21 / 21,3289228,2019-09-06 19:10:55:910,0.6845,0.3972,9.8616,-0.0043,-0.0043,9.8066,0.01,-0.0128,0.0026,-13.75,-35.5,-7.5,270.92,-85.34,-142.02
52.41656,-1.539601,149.62,4.41,2,25.72,21 / 21,3289328,2019-09-06 19:10:56:010,0.5512,0.4516,9.9033,0.0044,0.0037,9.8066,-0.0149,0.0063,-0.0033,-13.94,-36.06,-7.56,267.94,-85.32,-141.8
52.41656,-1.539601,149.62,4.41,2,25.72,22 / 22,3289428,2019-09-06 19:10:56:110,0.2639,0.1695,9.8734,0.0031,0.0042,9.8066,-0.014,-0.0297,0.0076,-14,-35.56,-7.87,267.46,-85.3,-142.24
52.41656,-1.539601,149.62,4.41,2,25.72,22 / 22,3289529,2019-09-06 19:10:56:211,0.5761,0.48,9.7662,-0.0043,-0.0033,9.8066,0.0246,-0.0006,-0.0002,-14.06,-35.81,-7.5,270.51,-85.31,-142.05
52.41656,-1.539601,149.62,4.41,2,25.72,22 / 22,3289629,2019-09-06 19:10:56:311,0.48,0.4157,9.87,-0.0033,-0.0016,9.8065,0.0166,-0.0116,-0.0067,-14.06,-36.12,-6.87,270.37,-85.31,-142.19
52.41656,-1.539601,149.62,4.41,2,25.72,22 / 22,3289729,2019-09-06 19:10:56:411,-0.0795,-0.0707,9.8054,0.003,0.003,9.8066,-0.0264,-0.0037,-0.0019,-14.06,-35.75,-7.12,270.13,-85.32,-142.45
52.41656,-1.539601,149.62,4.41,2,25.72,22 / 22,3289828,2019-09-06 19:10:56:510,0.0522,0.0316,9.7764,0.0009,0.0032,9.8066,-0.0241,-0.0156,0.0068,-14.12,-36.12,-7.12,269.98,-85.32,-142.61
52.41656,-1.539601,149.62,4.41,2,25.72,22 / 22,3289929,2019-09-06 19:10:56:611,0.1564,0.2051,9.7248,-0.0053,-0.0022,9.8066,0.0106,-0.0214,-0.006,-13.75,-36.06,-7,269.94,-85.32,-142.64
52.41656,-1.539601,149.62,4.41,2,25.72,22 / 22,3290028,2019-09-06 19:10:56:710,-0.0739,-0.0261,9.9152,-0.0029,-0.003,9.8066,0.0028,-0.007,0.006,-14.56,-36.44,-7.37,272.25,-85.35,-142.55
52.41656,-1.539601,149.62,4.41,2,25.72,22 / 22,3290129,2019-09-06 19:10:56:811,-0.0184,0.0492,9.8214,0.0018,0.0026,9.8066,0.005,-0.0023,0.0096,-14.56,-36.06,-7.31,272.15,-85.35,-142.65
52.41656,-1.539601,149.62,4.41,2,25.72,22 / 22,3290228,2019-09-06 19:10:56:910,0.3446,0.2498,9.783,0.0029,0.0017,9.8066,0.0137,-0.0062,0.0023,-13.81,-36.19,-7.94,267.2,-85.35,-142.6
52.41656,-1.539601,149.62,4.41,2,25.72,22 / 22,3290329,2019-09-06 19:10:57:011,0.1763,0.0695,9.8939,-0.0009,-0.0009,9.8066,-0.0119,-0.0219,0.0003,-14.12,-36,-7.62,267.23,-85.32,-142.52
52.41656,-1.539601,149.62,4.41,2,25.72,21 / 21,3290429,2019-09-06 19:10:57:111,-0.0453,0.0282,9.8894,-0.0023,-0.0008,9.8065,0.005,0.0015,0.013,-14.19,-35.37,-7.44,270.31,-85.32,-142.58
52.41656,-1.539601,149.62,4.41,2,25.72,21 / 21,3290528,2019-09-06 19:10:57:210,-0.0043,-0.0204,9.8135,-0.0004,0,9.8066,-0.0047,-0.0141,0.0044,-14,-36.31,-7.19,270.03,-85.32,-142.56
52.41656,-1.539601,149.62,4.41,2,25.72,21 / 21,3290629,2019-09-06 19:10:57:311,0.1446,0.2356,9.7427,0,-0.0003,9.8066,0.0002,-0.0013,0.0001,-14.5,-36.5,-7.5,270.22,-85.34,-142.4
52.41656,-1.539601,149.62,4.41,2,25.72,21 / 21,3290729,2019-09-06 19:10:57:411,0.1652,0.2183,9.7269,-0.0018,-0.0017,9.8066,-0.0098,-0.0151,0.0046,-14.75,-36.06,-7.75,269.94,-85.36,-142.1
52.41656,-1.539601,149.62,4.41,2,25.72,21 / 21,3290829,2019-09-06 19:10:57:511,-0.0208,0.0186,9.8938,-0.0017,-0.0012,9.8066,-0.0091,-0.0093,0.0002,-13.69,-36.62,-7.87,267.6,-85.37,-141.97
52.41656,-1.539601,149.62,4.41,2,25.72,21 / 21,3290929,2019-09-06 19:10:57:611,0.297,0.2285,9.8363,-0.0007,0.0016,9.8066,-0.0045,-0.0111,-0.0007,-14.19,-35.87,-8.31,267.78,-85.4,-142.14
52.41656,-1.539601,149.62,4.41,2,25.72,21 / 21,3291028,2019-09-06 19:10:57:710,0.4955,0.4697,9.7405,-0.0018,0.0026,9.8066,0.0013,0.0029,0.0055,-13.94,-35.87,-8.31,267.63,-85.42,-142.35
52.41656,-1.539601,149.62,4.41,2,25.72,21 / 21,3291129,2019-09-06 19:10:57:811,0.4462,0.3309,9.7983,-0.0051,-0.0031,9.8066,0.0256,-0.0072,0.0014,-14.25,-36.25,-8.12,267.49,-85.43,-142.5
52.41656,-1.539601,149.62,4.41,2,25.72,21 / 21,3291229,2019-09-06 19:10:57:911,0.0397,0.0721,9.9232,-0.0023,-0.0019,9.8066,-0.0406,-0.0116,-0.0048,-13.94,-36.06,-8.37,267.7,-85.46,-142.35
52.41656,-1.539601,149.62,4.41,2,25.72,21 / 21,3291329,2019-09-06 19:10:58:011,0.2553,0.1017,9.8166,0.0011,0.0027,9.8066,-0.0208,-0.0066,0.0135,-13.56,-36.25,-8.12,267.64,-85.47,-142.45
52.41656,-1.539601,149.62,4.41,2,25.72,22 / 22,3291428,2019-09-06 19:10:58:110,-0.2052,-0.1063,9.8584,0.0064,0.0036,9.8066,-0.0124,-0.0017,0.0041,-13.69,-36.12,-7.44,270.66,-85.47,-142.29
52.41656,-1.539601,149.62,4.41,2,25.72,22 / 22,3291529,2019-09-06 19:10:58:211,-0.1569,-0.2359,9.8067,-0.0068,-0.0053,9.8066,0.0108,-0.0143,-0.0033,-13.62,-36.75,-8.06,267.77,-85.5,-142.1
52.41656,-1.539601,149.62,4.41,2,25.72,22 / 22,3291629,2019-09-06 19:10:58:311,-0.1339,-0.0677,9.9689,-0.0044,-0.0045,9.8066,0.0177,0.0063,0.0015,-14.19,-36.75,-8,268.32,-85.55,-141.66
52.41656,-1.539601,149.62,4.41,2,25.72,22 / 22,3291729,2019-09-06 19:10:58:411,0.1233,0.1332,9.8849,0.0027,0.0029,9.8066,-0.0136,-0.0035,0.0061,-14,-36,-8.12,268.26,-85.52,-141.93
52.41656,-1.539601,149.62,4.41,2,25.72,22 / 22,3291829,2019-09-06 19:10:58:511,-0.0106,-0.0336,9.9564,0.0013,-0.0001,9.8066,-0.0031,0.0064,-0.0001,-14,-36.12,-8.37,268.42,-85.53,-141.79
52.41656,-1.539601,149.62,4.41,2,25.72,22 / 22,3291929,2019-09-06 19:10:58:611,-0.1279,-0.2253,9.8874,0.0009,-0.0003,9.8065,-0.0044,-0.0018,0.0043,-14.06,-36.12,-7.94,268.81,-85.54,-141.41
52.41656,-1.539601,149.62,4.41,2,25.72,22 / 22,3292029,2019-09-06 19:10:58:711,-0.0469,-0.0001,9.7922,0.0024,0.0018,9.8066,-0.0054,-0.0073,0.0085,-14.12,-35.81,-7.56,268.82,-85.53,-141.38
52.41656,-1.539601,149.62,4.41,2,25.72,22 / 22,3292128,2019-09-06 19:10:58:810,-0.0606,-0.0593,9.8142,-0.0006,-0.0018,9.8066,-0.0075,-0.014,0.0025,-13.81,-36.44,-8.75,266.3,-85.55,-141.32
52.41656,-1.539601,149.62,4.41,2,25.72,22 / 22,3292228,2019-09-06 19:10:58:910,-0.2235,-0.2134,9.8789,-0.0031,-0.0032,9.8066,0.0216,-0.0003,0.0028,-14.31,-36.87,-8,268.92,-85.58,-141.11
52.41656,-1.539601,149.62,4.41,2,25.72,22 / 22,3292328,2019-09-06 19:10:59:010,0.4009,0.2191,9.7641,-0.0034,-0.001,9.8066,-0.0146,-0.0028,-0.0099,-14.56,-36,-8.31,271,-85.57,-141.49
52.41656,-1.539601,149.62,4.41,2,25.72,21 / 21,3292429,2019-09-06 19:10:59:111,0.2777,0.1964,9.8188,0.0029,-0.0037,9.8066,0.0062,-0.0138,0.0145,-13.87,-36.5,-7.81,269.12,-85.55,-141.14
52.41656,-1.539601,149.62,4.41,2,25.72,21 / 21,3292528,2019-09-06 19:10:59:210,0.1714,0.0727,9.7701,0.0032,0.0043,9.8066,0.0114,-0.0106,0.0085,-14.44,-36.06,-7.75,269.05,-85.54,-141.17
52.41656,-1.539601,149.62,4.41,2,25.72,21 / 21,3292629,2019-09-06 19:10:59:311,0.3317,0.367,9.821,0.0019,0.0018,9.8066,-0.0001,-0.0084,-0.0042,-13.81,-35.19,-7.75,269.11,-85.52,-141.37
52.41656,-1.539601,149.62,4.41,2,25.72,21 / 21,3292729,2019-09-06 19:10:59:411,0.4431,0.3031,9.7064,0.001,0.0005,9.8066,0.0093,-0.0118,0.0043,-13.94,-35.56,-7.62,268.65,-85.51,-141.51
52.41656,-1.539601,149.62,4.41,2,25.72,21 / 21,3292828,2019-09-06 19:10:59:510,0.1113,-0.0374,9.8147,0.004,0.0002,9.8066,0.0071,-0.006,0.0106,-14.5,-35.19,-7.62,268.71,-85.47,-141.65
52.41656,-1.539601,149.62,4.41,2,25.72,21 / 21,3292929,2019-09-06 19:10:59:611,0.659,0.1905,9.8041,0.0043,0.0037,9.8066,0.0258,-0.0194,0.0203,-14.31,-35.37,-7.75,267.94,-85.38,-142.23
52.41656,-1.539601,149.62,4.41,2,25.72,21 / 21,3293028,2019-09-06 19:10:59:710,1.7454,1.2382,9.9224,0.0125,0.0111,9.8066,0.0017,-0.0193,-0.0146,-14.56,-36,-7.5,271.41,-85.29,-143.24
52.41656,-1.539601,149.62,4.41,2,25.72,21 / 21,3293129,2019-09-06 19:10:59:811,1.4808,0.6862,9.7787,0.0036,-0.0014,9.8066,0.0009,-0.0384,0.0134,-15.37,-35.81,-7.44,270.67,-85.16,-143.7
52.41656,-1.539601,149.62,4.41,2,25.72,21 / 21,3293229,2019-09-06 19:10:59:911,1.9544,0.7228,9.6781,-0.002,-0.002,9.8066,0.0386,-0.0537,0.01,-14.69,-35.94,-6.5,273.12,-85.09,-144.05
52.41656,-1.539601,149.62,4.41,2,25.72,21 / 21,3293329,2019-09-06 19:11:00:011,2.7861,1.1563,9.7842,0.0129,0.006,9.8066,0.0243,-0.0783,0.0109,-14.5,-34.87,-7.19,268.14,-85.04,-144.11
52.41656,-1.539601,149.62,4.41,2,25.72,22 / 22,3293428,2019-09-06 19:11:00:110,1.8303,0.2271,9.8071,0.013,0.0059,9.8065,-0.0059,-0.1242,0.0353,-15.31,-35.06,-6.31,272.27,-84.9,-144.78
52.41656,-1.539601,149.62,4.41,2,25.72,22 / 22,3293528,2019-09-06 19:11:00:210,2.4811,0.5227,9.7055,0.0039,-0.0036,9.8066,-0.0106,-0.1349,0.028,-16.19,-35.31,-5.75,273.64,-84.78,-145.02
52.41656,-1.539601,149.62,4.41,2,25.72,22 / 22,3293628,2019-09-06 19:11:00:310,2.7096,0.7189,9.779,0.0021,-0.0041,9.8066,0.0208,-0.1781,0.0154,-15.94,-35.69,-5.81,272.91,-84.67,-145.19
52.41656,-1.539601,149.62,4.41,2,25.72,22 / 22,3293729,2019-09-06 19:11:00:411,1.9795,-0.1101,9.5539,0.0263,0.004,9.8066,-0.0485,-0.2518,0.0552,-16.37,-36,-5.69,272.34,-84.39,-145.16
52.41656,-1.539601,149.62,4.41,2,25.72,22 / 22,3293828,2019-09-06 19:11:00:510,3.0684,0.2305,9.5796,0.0314,-0.0051,9.8065,-0.0471,-0.2751,0.056,-16.56,-36.31,-5.87,275.14,-84.23,-143.8
52.41656,-1.539601,149.62,4.41,2,25.72,22 / 22,3293929,2019-09-06 19:11:00:611,1.9735,-0.9718,10.0645,-0.0011,-0.0123,9.8065,-0.0041,-0.3247,0.0279,-17.19,-36.06,-5.31,279.53,-84.04,-141.96
52.41656,-1.539601,149.62,4.41,2,25.72,22 / 22,3294028,2019-09-06 19:11:00:710,1.8866,-0.8037,10.1362,-0.0166,0.0012,9.8066,0.0279,-0.3395,0.0165,-17,-36,-5.19,279.17,-84.1,-142.42
52.41656,-1.539601,149.62,4.41,2,25.72,22 / 22,3294129,2019-09-06 19:11:00:811,1.5538,-0.9564,10.601,0.0029,0.0161,9.8066,0.0339,-0.3982,-0.0032,-17.31,-35.44,-5.06,277.41,-84.07,-144.42
52.41656,-1.539601,149.62,4.41,2,25.72,22 / 22,3294228,2019-09-06 19:11:00:910,1.2416,-0.5635,10.1659,0.0158,0.021,9.8065,-0.0166,-0.4116,0.027,-17.56,-34.56,-4.5,278.98,-83.98,-147.04
52.41656,-1.539601,149.62,4.41,2,25.72,22 / 22,3294329,2019-09-06 19:11:01:011,1.5522,-1.7649,9.8177,0.0235,0.0053,9.8066,-0.006,-0.4502,0.0661,-19,-35.06,-3.25,281.31,-83.8,-148.48
52.416634,-1.539545,149.83,3.06,2,41.72,21 / 21,3294429,2019-09-06 19:11:01:111,1.4286,-1.6326,9.5155,0.0245,0.0053,9.8065,-0.0696,-0.475,0.0622,-19.5,-35.25,-2.75,279.04,-83.48,-150.07
52.416634,-1.539545,149.83,3.06,2,41.72,21 / 21,3294529,2019-09-06 19:11:01:211,1.004,-1.44,9.5136,-0.0086,-0.0041,9.8066,-0.0121,-0.4872,0.0356,-18.87,-35.69,-2.19,280.92,-83.36,-150.56
52.416634,-1.539545,149.83,3.06,2,41.72,21 / 21,3294628,2019-09-06 19:11:01:310,1.1841,-1.324,9.5983,0.0111,-0.0006,9.8065,0.0928,-0.5054,0.0845,-20.12,-35.69,-0.44,286.32,-83.06,-151.44
52.416634,-1.539545,149.83,3.06,2,41.72,21 / 21,3294729,2019-09-06 19:11:01:411,1.7564,-2.2593,10.3454,0.0285,-0.0087,9.8066,0.0251,-0.5232,0.0622,-20.37,-35.44,0.06,285.43,-82.67,-151.92
52.416634,-1.539545,149.83,3.06,2,41.72,21 / 21,3294828,2019-09-06 19:11:01:510,1.4063,-2.7355,10.078,0.0215,0.0078,9.8065,0.0472,-0.5503,0.0514,-21.37,-34.94,0.75,287.58,-82.41,-152.81
52.416634,-1.539545,149.83,3.06,2,41.72,21 / 21,3294929,2019-09-06 19:11:01:611,1.2694,-2.147,10.1849,-0.0013,0.0124,9.8066,-0.0167,-0.5863,0.0274,-21.56,-34.69,1.81,288.79,-82.28,-154.52
52.416634,-1.539545,149.83,3.06,2,41.72,21 / 21,3295028,2019-09-06 19:11:01:710,0.0054,-1.883,10.0356,-0.0283,0.0159,9.8066,-0.099,-0.5781,0.0586,-21.31,-35,2.56,290.74,-82.61,-155.7
52.416634,-1.539545,149.83,3.06,2,41.72,21 / 21,3295128,2019-09-06 19:11:01:810,0.2044,-1.6559,10.0888,-0.0125,-0.0068,9.8065,-0.0375,-0.5267,0.0897,-21.69,-34.75,2.56,291.69,-82.77,-155.23
52.416634,-1.539545,149.83,3.06,2,41.72,21 / 21,3295228,2019-09-06 19:11:01:910,0.5805,-1.8284,9.8724,0.0115,-0.0072,9.8066,-0.0575,-0.5783,0.0868,-22.5,-34.69,3.81,295.56,-82.8,-154.32
52.416634,-1.539545,149.83,3.06,2,41.72,21 / 21,3295328,2019-09-06 19:11:02:010,1.5902,-2.5605,9.988,0.0209,-0.0114,9.8065,-0.0242,-0.5438,0.045,-23.69,-34.94,4.44,296.04,-82.64,-153.64
52.416634,-1.539545,149.83,3.06,2,41.72,21 / 21,3295428,2019-09-06 19:11:02:110,-0.398,-2.5133,9.7506,-0.0023,-0.0047,9.8066,-0.0012,-0.5143,0.0816,-23.06,-35,6.25,301.38,-82.54,-153.58
52.416634,-1.539545,149.83,3.06,2,41.72,21 / 21,3295529,2019-09-06 19:11:02:211,0.6062,-2.607,9.8675,-0.0187,-0.0007,9.8066,-0.0861,-0.5763,0.0695,-23.5,-35.69,7.06,304.73,-82.61,-152.81
52.416634,-1.539545,149.83,3.06,2,41.72,21 / 21,3295629,2019-09-06 19:11:02:311,-0.9812,-2.1435,10.1234,-0.0097,-0.0026,9.8066,-0.0506,-0.5606,0.088,-24.06,-35.06,7.94,308.51,-82.71,-151.76
52.416634,-1.539545,149.83,3.06,2,41.72,21 / 21,3295729,2019-09-06 19:11:02:411,1.203,-2.8739,10.3804,-0.0108,-0.0091,9.8066,-0.029,-0.5699,0.098,-24.44,-33.94,8.31,309.73,-82.68,-150.87
52.416634,-1.539545,149.83,3.06,2,41.72,21 / 21,3295829,2019-09-06 19:11:02:511,-0.6796,-2.2779,9.7399,0.02,-0.0043,9.8066,-0.1316,-0.5495,0.0658,-24.44,-33.25,10.38,314.85,-82.58,-150.83
52.416634,-1.539545,149.83,3.06,2,41.72,21 / 21,3295930,2019-09-06 19:11:02:612,-0.343,-1.9451,10.1678,0.0409,-0.012,9.8065,0.1174,-0.5149,0.0321,-24.06,-33.5,11.19,316.85,-82.5,-151.1
52.416634,-1.539545,149.83,3.06,2,41.72,21 / 21,3296029,2019-09-06 19:11:02:711,0.8442,-2.0351,9.9215,0.0027,0.0147,9.8066,0.0586,-0.4695,0.0203,-24.94,-33.56,12.38,316.94,-82.56,-152.22
52.416634,-1.539545,149.83,3.06,2,41.72,21 / 21,3296129,2019-09-06 19:11:02:811,0.9442,-1.524,9.576,0.0137,0.0204,9.8065,0.0778,-0.4248,0.0122,-24.25,-32.94,11.88,314.74,-82.58,-155.08
52.416634,-1.539545,149.83,3.06,2,41.72,21 / 21,3296229,2019-09-06 19:11:02:911,0.7737,-1.2544,9.7189,0.0179,0.0146,9.8066,-0.0169,-0.3361,0.0269,-24.25,-32.5,14,315.76,-82.49,-158.2
52.416634,-1.539545,149.83,3.06,2,41.72,21 / 21,3296329,2019-09-06 19:11:03:011,-0.3765,-0.9556,10.0852,0.008,0.0005,9.8066,-0.0406,-0.3098,0.0295,-24.37,-33.25,14,314.55,-82.48,-159.07
52.416634,-1.539545,149.83,3.06,2,41.72,21 / 21,3296428,2019-09-06 19:11:03:110,1.9335,-1.1614,9.8417,0.0026,0.009,9.8066,-0.011,-0.2259,0.0227,-23.5,-32.94,14.25,314.58,-82.55,-159.98
52.416634,-1.539545,149.83,3.06,2,41.72,21 / 21,3296529,2019-09-06 19:11:03:211,0.7022,-1.134,9.6985,0.0106,-0.0031,9.8066,0.0094,-0.2105,-0.0058,-23.81,-33,15.44,315.44,-82.55,-160.21
52.416634,-1.539545,149.83,3.06,2,41.72,21 / 21,3296629,2019-09-06 19:11:03:311,0.4188,-1.2637,9.7326,-0.0079,0.0115,9.8066,0.0209,-0.1858,0.002,-24.25,-33.19,15.19,315.07,-82.58,-160.56
52.416634,-1.539545,149.83,3.06,2,41.72,21 / 21,3296728,2019-09-06 19:11:03:410,0.6315,-1.5343,9.6602,0.0022,0.0066,9.8066,0.0194,-0.2317,0.0501,-23,-32.75,16.44,317.43,-82.67,-161.3
52.416634,-1.539545,149.83,3.06,2,41.72,21 / 21,3296830,2019-09-06 19:11:03:512,1.3938,-1.643,9.9498,0.0063,-0.0003,9.8066,-0.0298,-0.1582,-0.0058,-23.44,-32.56,17.19,319.33,-82.6,-161.32
52.416634,-1.539545,149.83,3.06,2,41.72,21 / 21,3296930,2019-09-06 19:11:03:612,0.1311,-1.5974,10.182,0.0102,0.0003,9.8066,0.0118,-0.1876,0.0232,-22.69,-33.19,17.69,320.57,-82.58,-161.91
52.416634,-1.539545,149.83,3.06,2,41.72,21 / 21,3297028,2019-09-06 19:11:03:710,1.2396,-2.0773,9.977,0.0028,0.0029,9.8066,0.0316,-0.1455,-0.024,-22.25,-33.12,17.31,319.44,-82.56,-162.26
52.416634,-1.539545,149.83,3.06,2,41.72,21 / 21,3297128,2019-09-06 19:11:03:810,0.2863,-0.8865,9.7337,0.0059,0.0086,9.8065,0.0727,-0.1579,0.0186,-21.94,-32.75,17.81,320.48,-82.57,-163.07
52.416634,-1.539545,149.83,3.06,2,41.72,21 / 21,3297229,2019-09-06 19:11:03:911,1.3324,-1.9061,9.9016,0.0085,-0.003,9.8066,-0.0688,-0.1504,0.0119,-21.75,-33.06,17.25,317.77,-82.51,-163.68
52.416634,-1.539545,149.83,3.06,2,41.72,21 / 21,3297329,2019-09-06 19:11:04:011,-0.0219,-1.1012,9.6931,0.0079,-0.0054,9.8066,-0.0504,-0.1571,-0.0005,-21,-32.44,18,320.77,-82.43,-164.04
52.416634,-1.539545,149.83,3.06,2,41.72,21 / 21,3297429,2019-09-06 19:11:04:111,-0.0188,-1.2477,10.0121,0.0126,0.0034,9.8066,-0.0103,-0.0846,-0.0205,-21.75,-33.19,17.63,317.84,-82.44,-165.29
52.416634,-1.539545,149.83,3.06,2,41.72,21 / 21,3297528,2019-09-06 19:11:04:210,0.5029,-1.4978,9.6169,0.0082,0.001,9.8066,0.013,-0.1474,0.0497,-21.37,-32.31,17.5,318.77,-82.48,-165.84
52.416634,-1.539545,149.83,3.06,2,41.72,21 / 21,3297629,2019-09-06 19:11:04:311,0.6099,-1.6235,9.7742,-0.0042,0.0077,9.8066,0.0068,-0.0884,0.0035,-22.19,-31.87,18.19,317.27,-82.4,-165.94
52.416634,-1.539545,149.83,3.06,2,41.72,21 / 21,3297728,2019-09-06 19:11:04:410,0.6171,-1.1446,9.8642,-0.0106,0.0133,9.8066,0.0683,-0.1341,0.0339,-21.87,-32.44,18.19,316.44,-82.45,-166.72
52.416634,-1.539545,149.83,3.06,2,41.72,21 / 21,3297829,2019-09-06 19:11:04:511,0.8556,-0.9505,9.9194,0.007,0.0007,9.8066,0.0301,-0.1203,-0.036,-22.31,-32.31,18.25,315.68,-82.27,-167.25
52.416634,-1.539545,149.83,3.06,2,41.72,21 / 21,3297928,2019-09-06 19:11:04:610,1.4287,-0.9392,9.5249,0.0077,0.0087,9.8066,0.0765,-0.0412,0.0273,-23,-32.31,19.06,315.02,-82.23,-168.36
52.416634,-1.539545,149.83,3.06,2,41.72,21 / 21,3298028,2019-09-06 19:11:04:710,0.903,-1.2143,9.4348,-0.0101,0.0002,9.8066,0.0183,-0.0755,0.0101,-22.25,-32,19.38,316.45,-82.12,-168.09
52.416634,-1.539545,149.83,3.06,2,41.72,21 / 21,3298129,2019-09-06 19:11:04:811,1.0196,-0.8686,10.3015,-0.0106,0.0106,9.8066,-0.0162,-0.0268,0.0141,-22.19,-32.62,19.63,317.81,-82.08,-168.27
52.416634,-1.539545,149.83,3.06,2,41.72,21 / 21,3298229,2019-09-06 19:11:04:911,0.8586,-0.4668,10.2118,0.015,-0.0137,9.8066,-0.0263,-0.0312,-0.0175,-21.75,-32.5,19.69,318.13,-82.09,-168.17
52.416634,-1.539545,149.83,3.06,2,41.72,21 / 21,3298329,2019-09-06 19:11:05:011,0.7255,-0.8705,10.121,0.0302,-0.014,9.8065,-0.0775,-0.078,-0.0302,-21.19,-32.75,19.94,318.66,-81.92,-168.57
52.416634,-1.539545,149.83,3.06,2,41.72,21 / 21,3298428,2019-09-06 19:11:05:110,0.7668,-0.468,9.5649,-0.0177,0.0083,9.8066,0.0386,-0.0068,0.033,-20.44,-32.81,19.88,320.19,-82.09,-168.61
52.416634,-1.539545,149.83,3.06,2,41.72,21 / 21,3298529,2019-09-06 19:11:05:211,1.2443,-0.698,10.2406,-0.0051,0.01,9.8066,0.0182,0.0075,0.0252,-20.94,-32.94,19.44,317,-82.01,-168.49
52.416634,-1.539545,149.83,3.06,2,41.72,21 / 21,3298628,2019-09-06 19:11:05:310,1.5096,-0.1236,10.0088,-0.0067,0.0068,9.8066,0.021,-0.0598,-0.0114,-20.62,-32.94,19.5,318.43,-81.96,-168.8
52.416634,-1.539545,149.83,3.06,2,41.72,21 / 21,3298729,2019-09-06 19:11:05:411,1.3014,-0.5447,9.6095,0.0151,-0.011,9.8066,-0.0455,-0.0271,-0.0637,-20.94,-33.37,19.94,317.17,-81.88,-169.84
52.416634,-1.539545,149.83,3.06,2,41.72,21 / 21,3298829,2019-09-06 19:11:05:511,0.4453,-0.2839,10.1153,0.008,-0.0069,9.8066,0.0019,-0.0226,0.0008,-20.94,-32.69,19.06,315.5,-81.81,-169.63
52.416634,-1.539545,149.83,3.06,2,41.72,21 / 21,3298929,2019-09-06 19:11:05:611,0.0622,-0.9821,9.7283,-0.0087,0.0098,9.8065,0.0577,0.0116,-0.0667,-20.81,-33.06,19.13,315.16,-81.8,-169.92
52.416634,-1.539545,149.83,3.06,2,41.72,21 / 21,3299028,2019-09-06 19:11:05:710,0.669,0.0512,9.6547,-0.0173,0.0053,9.8066,0.0696,-0.0561,0.0309,-21.31,-32.44,18.81,315.22,-81.86,-170.13
52.416634,-1.539545,149.83,3.06,2,41.72,21 / 21,3299129,2019-09-06 19:11:05:811,0.5266,-0.3232,10.0344,0.0078,0.0042,9.8066,0.0057,-0.0172,-0.0047,-22.31,-32.81,19.94,315.33,-81.86,-170.28
52.416634,-1.539545,149.83,3.06,2,41.72,21 / 21,3299229,2019-09-06 19:11:05:911,0.3119,-0.2816,10.1055,-0.0089,-0.0062,9.8066,0.0457,-0.0662,0.0435,-21.06,-32.25,19.31,315.66,-81.85,-169.72
52.416634,-1.539545,149.83,3.06,2,41.72,21 / 21,3299329,2019-09-06 19:11:06:011,0.557,-0.4213,10.1598,0.0124,-0.0081,9.8066,-0.0694,0.0223,0.0143,-21,-32.25,18.81,315.82,-81.81,-169.55
52.416634,-1.539545,149.83,3.06,2,41.72,21 / 21,3299428,2019-09-06 19:11:06:110,0.364,-0.427,10.0349,0.0058,-0.0107,9.8066,-0.0323,-0.018,-0.001,-20.75,-32.25,18.31,314.35,-81.87,-169.21
52.416634,-1.539545,149.83,3.06,2,41.72,21 / 21,3299529,2019-09-06 19:11:06:211,0.022,0.2871,9.8112,0.0003,-0.0037,9.8066,-0.0759,-0.0038,-0.0484,-21.37,-32.75,18.31,313.95,-81.91,-169.39
52.416634,-1.539545,149.83,3.06,2,41.72,21 / 21,3299628,2019-09-06 19:11:06:310,-0.0722,-0.1146,9.8575,0.0099,-0.0012,9.8066,-0.0731,-0.0798,-0.0096,-21.94,-32,18.44,312.67,-81.83,-169.54
52.416634,-1.539545,149.83,3.06,2,41.72,21 / 21,3299728,2019-09-06 19:11:06:410,0.5551,-0.094,9.5921,-0.0118,0.0187,9.8066,0.1296,-0.0148,0.0474,-22.44,-32,18.81,313.45,-81.8,-170.49
52.416634,-1.539545,149.83,3.06,2,41.72,21 / 21,3299828,2019-09-06 19:11:06:510,-0.0226,0.1049,10.0504,-0.0257,0.0085,9.8066,0.1108,-0.0177,-0.0333,-22.56,-31.69,19.19,312.29,-81.73,-170.37
52.416634,-1.539545,149.83,3.06,2,41.72,21 / 21,3299929,2019-09-06 19:11:06:611,0.7719,-0.5514,9.5883,0.0171,-0.0061,9.8066,-0.0153,0.0782,0.0076,-22.31,-31.75,19.88,315.26,-81.58,-170.31
52.416634,-1.539545,149.83,3.06,2,41.72,21 / 21,3300028,2019-09-06 19:11:06:710,-0.115,-1.1958,10.4861,0.0153,-0.0123,9.8065,-0.0125,-0.0399,0.0496,-22.25,-31.87,19.38,312.75,-81.51,-170.86
52.416634,-1.539545,149.83,3.06,2,41.72,21 / 21,3300129,2019-09-06 19:11:06:811,1.6974,-0.0214,10.1093,0.0138,-0.0085,9.8066,-0.0121,-0.0552,0.0033,-21.25,-31.81,19.63,316.12,-81.4,-170.56
52.416634,-1.539545,149.83,3.06,2,41.72,21 / 21,3300228,2019-09-06 19:11:06:910,0.4198,-0.75,9.9383,0.0216,-0.0092,9.8066,0.0919,-0.0449,0.0893,-21.75,-31.94,19.13,312.77,-81.23,-170.59
52.416634,-1.539545,149.83,3.06,2,41.72,21 / 21,3300329,2019-09-06 19:11:07:011,0.4481,-0.6317,10.2676,-0.0192,0.0032,9.8066,0.0197,0.0327,-0.0389,-21.31,-32.44,19.25,314.64,-81.05,-169.91
52.416634,-1.539545,149.83,3.06,2,41.72,21 / 21,3300429,2019-09-06 19:11:07:111,0.705,0.2041,9.7802,-0.0195,0.0085,9.8066,-0.0708,0.0514,0.0449,-22.19,-31.94,19.38,313.64,-81.15,-169.75
52.416634,-1.539545,149.83,3.06,2,41.72,21 / 21,3300529,2019-09-06 19:11:07:211,-0.3839,0.4034,9.9788,-0.0002,-0.0098,9.8066,0.0346,0.0112,0.0375,-22,-31.75,19.69,316.01,-81.04,-169.18
52.416634,-1.539545,149.83,3.06,2,41.72,21 / 21,3300629,2019-09-06 19:11:07:311,0.6727,-0.2085,9.6678,-0.0046,-0.0014,9.8066,0.008,-0.0003,-0.011,-21.37,-31.87,18.94,316.04,-81.01,-168.66
52.416634,-1.539545,149.83,3.06,2,41.72,21 / 21,3300729,2019-09-06 19:11:07:411,1.6176,-1.8075,9.9456,0.0069,-0.0065,9.8066,-0.0831,0.0533,0.0279,-21.37,-32.06,18.5,316.41,-80.93,-168.27
52.416634,-1.539545,149.83,3.06,2,41.72,21 / 21,3300829,2019-09-06 19:11:07:511,-0.4056,-0.7847,9.9171,0.0072,-0.0096,9.8066,-0.037,-0.0403,0.0541,-22.19,-31.69,19.06,315.27,-81,-168.19
52.416634,-1.539545,149.83,3.06,2,41.72,21 / 21,3300928,2019-09-06 19:11:07:610,1.0842,-0.9264,9.9794,-0.0149,0.0178,9.8066,0.0878,-0.0388,0.0354,-22.56,-31.87,18.81,314.11,-80.96,-168.09
52.416634,-1.539545,149.83,3.06,2,41.72,21 / 21,3301028,2019-09-06 19:11:07:710,0.4569,-1.5048,10.3608,0.0224,-0.0091,9.8066,-0.0476,-0.0389,0.0003,-21.94,-31.69,18.88,314.78,-80.89,-168.52
52.416634,-1.539545,149.83,3.06,2,41.72,21 / 21,3301128,2019-09-06 19:11:07:810,1.1507,1.0764,9.5051,-0.024,0.0182,9.8065,0.0361,-0.0922,0.0786,-22.19,-31.69,19.25,314.55,-81.17,-168.97
52.416634,-1.539545,149.83,3.06,2,41.72,21 / 21,3301229,2019-09-06 19:11:07:911,0.7601,-0.1905,9.9777,-0.0104,0.001,9.8066,0.0481,0.0609,-0.0948,-22.37,-32.19,18.88,314.91,-81.03,-168.53
52.416634,-1.539545,149.83,3.06,2,41.72,21 / 21,3301329,2019-09-06 19:11:08:011,0.0849,0.8186,10.1126,0.01,-0.0156,9.8066,-0.0656,0.0287,-0.0263,-21.94,-31.37,20,316.89,-81.07,-168.65
52.416634,-1.539545,149.83,3.06,2,41.72,21 / 21,3301429,2019-09-06 19:11:08:111,0.9917,-0.1991,9.5764,0.0061,0.0013,9.8066,-0.0572,-0.0302,0.0526,-21.19,-31.31,19.81,318.37,-81.09,-168.54
52.416634,-1.539545,149.83,3.06,2,41.72,21 / 21,3301528,2019-09-06 19:11:08:210,0.6992,0.8991,9.6909,0.0013,-0.01,9.8066,0.0055,0.0502,-0.064,-20.75,-32.06,18.5,316.53,-81.01,-168.24
52.416634,-1.539545,149.83,3.06,2,41.72,21 / 21,3301629,2019-09-06 19:11:08:311,0.8516,0.0048,9.8957,-0.0079,-0.0012,9.8066,-0.0133,0.0343,0.0124,-21.5,-32.19,18.75,316.82,-80.98,-167.96
52.416634,-1.539545,149.83,3.06,2,41.72,21 / 21,3301728,2019-09-06 19:11:08:410,1.69,0.6023,9.6916,-0.0144,0.0103,9.8066,-0.0601,0.0721,-0.0505,-21.31,-32,18.94,316.53,-81.14,-168.35
52.416634,-1.539545,149.83,3.06,2,41.72,21 / 21,3301828,2019-09-06 19:11:08:510,0.0489,0.3216,10.0371,0.0048,0.0116,9.8066,-0.0344,0.0649,-0.0229,-21.62,-32.06,18.56,314.88,-81.18,-168.69
52.416634,-1.539545,149.83,3.06,2,41.72,21 / 21,3301929,2019-09-06 19:11:08:611,0.601,-0.3554,9.9057,0.0094,-0.0085,9.8065,0.0258,0.0654,-0.0343,-21.56,-31.44,18.75,314.99,-81.3,-168.91
52.416634,-1.539545,149.83,3.06,2,41.72,21 / 21,3302030,2019-09-06 19:11:08:712,1.0193,-0.5813,9.582,0.011,-0.0114,9.8066,0.0834,-0.0094,0.0672,-21.06,-32.31,18.31,314.16,-81.14,-168.71
52.416634,-1.539545,149.83,3.06,2,41.72,21 / 21,3302128,2019-09-06 19:11:08:810,0.3605,0.2372,9.1124,-0.0152,0.0083,9.8065,0.0118,0.0071,-0.0216,-21.06,-32.56,17.69,313.74,-81.17,-168.87
52.416634,-1.539545,149.83,3.06,2,41.72,21 / 21,3302230,2019-09-06 19:11:08:912,-0.7441,1.4653,10.0851,-0.026,-0.0039,9.8065,0.158,0.0115,0.0562,-21.62,-32.69,17.75,313.64,-81.22,-167.9
52.416634,-1.539545,149.83,3.06,2,41.72,21 / 21,3302330,2019-09-06 19:11:09:012,1.1809,-0.0391,9.9047,0.0295,-0.0188,9.8066,0.1926,0.0533,0.0131,-21.19,-32.75,18.5,316.32,-80.97,-168.16
52.416634,-1.539545,149.83,3.06,2,41.72,21 / 21,3302429,2019-09-06 19:11:09:111,-0.2278,1.0692,9.926,0.0149,-0.0108,9.8066,-0.1556,-0.0094,-0.0153,-21.81,-33.19,18.75,314.92,-80.94,-168.22
52.416634,-1.539545,149.83,3.06,2,41.72,21 / 21,3302529,2019-09-06 19:11:09:211,0.9418,0.3525,9.8889,-0.0162,-0.0027,9.8066,-0.0342,0.004,0.0415,-21.19,-32.87,18.5,316.94,-80.96,-167.62
52.416634,-1.539545,149.83,3.06,2,41.72,21 / 21,3302628,2019-09-06 19:11:09:310,-0.6025,0.2726,9.5583,-0.0221,0.0004,9.8065,-0.0298,0.0761,-0.0089,-21.56,-33.56,18.38,315.23,-81.12,-166.2
52.416634,-1.539545,149.83,3.06,2,41.72,21 / 21,3302729,2019-09-06 19:11:09:411,1.3315,-0.177,9.3655,-0.0056,-0.0133,9.8066,0.0504,-0.0324,0.0697,-21.56,-33.56,17.75,317.19,-81.14,-164.52
52.416634,-1.539545,149.83,3.06,2,41.72,21 / 21,3302829,2019-09-06 19:11:09:511,1.1867,1.9388,8.5664,0.035,-0.0322,9.8065,-0.175,-0.0643,0.0335,-21.5,-33.37,17.44,317.14,-80.93,-163.93
52.416634,-1.539545,149.83,3.06,2,41.72,21 / 21,3302928,2019-09-06 19:11:09:610,-1.4817,0.8578,8.9414,-0.0785,0.0255,9.8063,-0.2757,-0.0168,-0.0049,-21.94,-33.69,16.94,318.34,-81.43,-162.04
52.416634,-1.539545,149.83,3.06,2,41.72,21 / 21,3303029,2019-09-06 19:11:09:711,-0.8091,0.3418,8.8697,-0.0519,0.0288,9.8064,0.1618,-0.064,0.1186,-21.69,-33.75,17.56,320.49,-81.38,-161.9
52.416634,-1.539545,149.83,3.06,2,41.72,21 / 21,3303129,2019-09-06 19:11:09:811,0.3198,0.7808,9.8641,-0.0211,0.022,9.8065,-0.1158,0.0455,-0.1016,-21.44,-33,17.31,319.47,-81.36,-162.32
52.416634,-1.539545,149.83,3.06,2,41.72,21 / 21,3303229,2019-09-06 19:11:09:911,-0.3675,-0.1013,9.9612,-0.0292,0.0002,9.8066,0.1099,0.0391,0.0554,-21.5,-33.62,17.56,322.75,-81.56,-161.26
52.416634,-1.539545,149.83,3.06,2,41.72,21 / 21,3303328,2019-09-06 19:11:10:010,0.189,-0.2575,10.0116,-0.0002,-0.0001,9.8066,0.0157,-0.0075,0.0043,-20.87,-33,17.19,321.63,-81.47,-160.57
52.416416,-1.538562,152.87,12.59,3,111.67,21 / 21,3303429,2019-09-06 19:11:10:111,-0.3745,0.0163,10.0743,-0.0088,-0.0216,9.8065,0.0566,0.0072,0.042,-21.56,-33.12,17.38,321.06,-81.41,-159.89
52.416416,-1.538562,152.87,12.59,3,111.67,21 / 21,3303529,2019-09-06 19:11:10:211,-0.2621,0.149,9.8673,0.0001,-0.0177,9.8066,-0.0161,-0.0002,0.0523,-22.37,-33.44,17.69,325.6,-81.16,-157.56
52.416416,-1.538562,152.87,12.59,3,111.67,21 / 21,3303628,2019-09-06 19:11:10:310,-0.861,-0.7661,9.9916,0.0006,-0.0201,9.8066,0.0124,-0.0865,0.0996,-22.12,-32.56,17.81,326.76,-81.06,-156.51
52.416416,-1.538562,152.87,12.59,3,111.67,21 / 21,3303728,2019-09-06 19:11:10:410,-0.571,-0.5563,9.7494,0.0056,-0.0032,9.8066,-0.0576,-0.0474,-0.0184,-22.12,-33.12,17.38,325.91,-80.98,-155.44
52.416416,-1.538562,152.87,12.59,3,111.67,21 / 21,3303828,2019-09-06 19:11:10:510,-0.7025,-0.2512,10.212,-0.001,-0.0047,9.8066,0.0005,0.0114,-0.0062,-22.25,-33.19,17.25,326.12,-81.03,-155.31
52.416416,-1.538562,152.87,12.59,3,111.67,21 / 21,3303928,2019-09-06 19:11:10:610,-0.3162,0.434,9.7097,-0.0027,0.0078,9.8066,0.0214,-0.0136,-0.0722,-22.56,-32.87,17.63,326.56,-81.18,-155.68
52.416416,-1.538562,152.87,12.59,3,111.67,21 / 21,3304028,2019-09-06 19:11:10:710,-0.3227,-0.5926,9.9076,-0.0055,0.0192,9.8066,0.0197,-0.1054,0.0109,-22.06,-32.81,17.44,325.28,-81.25,-156.18
52.416416,-1.538562,152.87,12.59,3,111.67,21 / 21,3304128,2019-09-06 19:11:10:810,-0.2633,-0.6123,10.2778,0.0058,-0.0004,9.8066,0.0249,-0.0823,0.0363,-22.5,-33.06,17.25,325.07,-81.23,-156.34
52.416416,-1.538562,152.87,12.59,3,111.67,21 / 21,3304229,2019-09-06 19:11:10:911,0.3383,-0.6051,10.1479,-0.014,0.0019,9.8066,0.0869,-0.0539,-0.0124,-22.12,-33.19,18.25,327.83,-81.29,-155.77
52.416416,-1.538562,152.87,12.59,3,111.67,21 / 21,3304329,2019-09-06 19:11:11:011,0.0079,-0.3914,10.143,0.0211,-0.0186,9.8065,-0.0582,-0.0531,0.0299,-22,-33.25,17.56,327.8,-81.19,-155.73
52.416416,-1.538562,152.87,12.59,3,111.67,21 / 21,3304429,2019-09-06 19:11:11:111,-1.1098,0.2142,9.98,0.0116,-0.0109,9.8066,-0.0732,-0.0237,0.0689,-21.56,-32.94,18,327.39,-80.98,-155.92
52.416416,-1.538562,152.87,12.59,3,111.67,21 / 21,3304528,2019-09-06 19:11:11:210,-1.1532,0.0406,9.7756,-0.0414,0.0297,9.8064,0.1921,-0.0293,-0.0474,-21.87,-32.94,17.88,328.46,-80.97,-155.02
52.416416,-1.538562,152.87,12.59,3,111.67,21 / 21,3304629,2019-09-06 19:11:11:311,0.0616,-1.4393,10.1191,-0.0177,0.0115,9.8065,0.0845,-0.0165,0.0978,-22.69,-33,18.19,326.54,-80.88,-155.48
52.416416,-1.538562,152.87,12.59,3,111.67,21 / 21,3304728,2019-09-06 19:11:11:410,0.1994,0.0982,10.5242,-0.0239,0.003,9.8066,0.2303,-0.0812,-0.006,-21.94,-32.44,18.56,329.77,-80.72,-155.57
52.416416,-1.538562,152.87,12.59,3,111.67,21 / 21,3304829,2019-09-06 19:11:11:511,1.0122,-0.263,9.6084,-0.0253,0.0297,9.8065,0.0385,-0.0767,-0.034,-21.94,-32.69,18.69,328.9,-80.53,-156.01
52.416416,-1.538562,152.87,12.59,3,111.67,21 / 21,3304929,2019-09-06 19:11:11:611,0.1928,-1.1324,9.5453,-0.0206,-0.0058,9.8066,0.0533,-0.0509,0.0934,-22.37,-32.5,18.13,327.27,-80.5,-155.87
52.416416,-1.538562,152.87,12.59,3,111.67,21 / 21,3305029,2019-09-06 19:11:11:711,-0.7295,-0.4074,9.4683,-0.0436,0.0134,9.8065,-0.0685,-0.0586,0.0036,-22.12,-32.5,18,330.58,-80.74,-153.27
52.416416,-1.538562,152.87,12.59,3,111.67,21 / 21,3305129,2019-09-06 19:11:11:811,-0.7418,0.5438,10.0448,0.0094,-0.0128,9.8066,-0.1446,-0.0356,0.0004,-22.56,-32.06,18.06,330.31,-80.71,-152.37
52.416416,-1.538562,152.87,12.59,3,111.67,21 / 21,3305228,2019-09-06 19:11:11:910,-1.7478,0.9616,10.0531,0.0535,-0.0197,9.8064,-0.1497,-0.0706,0.0438,-22.19,-32.69,18.44,329.87,-80.46,-153.51
52.416416,-1.538562,152.87,12.59,3,111.67,21 / 21,3305329,2019-09-06 19:11:12:011,-0.2321,-0.2776,10.0058,-0.0273,0.0253,9.8065,0.2556,-0.0666,-0.0136,-22.56,-32.94,19.25,328.12,-80.09,-155.26
52.416416,-1.538562,152.87,12.59,3,111.67,20 / 20,3305429,2019-09-06 19:11:12:111,-1.1917,0.1453,9.9241,-0.0394,0.036,9.8064,-0.022,-0.1023,-0.0195,-22,-32.12,18.94,329.37,-80.21,-155.59
52.416416,-1.538562,152.87,12.59,3,111.67,20 / 20,3305529,2019-09-06 19:11:12:211,0.3207,0.1803,10.2801,-0.0187,0.0087,9.8066,0.1144,0.0072,0.0648,-22.06,-32.25,19,329.75,-80.36,-155.37
52.416416,-1.538562,152.87,12.59,3,111.67,20 / 20,3305628,2019-09-06 19:11:12:310,-0.7149,0.0473,9.4209,-0.0288,0.0079,9.8065,0.0859,-0.0244,0.0159,-21.75,-32.25,18.94,330.76,-80.38,-154.53
52.416416,-1.538562,152.87,12.59,3,111.67,20 / 20,3305729,2019-09-06 19:11:12:411,-0.0156,-0.85,9.9461,0.0161,-0.0268,9.8065,-0.0645,-0.035,0.0077,-21.87,-31.87,19.19,331.58,-80.14,-153.71
52.416416,-1.538562,152.87,12.59,3,111.67,20 / 20,3305830,2019-09-06 19:11:12:512,-1.5152,0.4376,10.2172,0.0083,-0.0026,9.8066,0.0918,-0.0506,0.0498,-22.31,-32.12,18.69,331.74,-80.17,-153.6
52.416416,-1.538562,152.87,12.59,3,111.67,20 / 20,3305929,2019-09-06 19:11:12:611,-0.7196,-0.1471,9.5799,0.0074,0.0053,9.8066,-0.0043,-0.0499,-0.0347,-22.69,-32.62,19.31,330.64,-80.1,-153.18
52.416416,-1.538562,152.87,12.59,3,111.67,20 / 20,3306029,2019-09-06 19:11:12:711,-1.2294,1.153,9.5564,0.0029,0.001,9.8066,-0.0502,0.0112,-0.0083,-22.25,-32.75,19.44,331.24,-80.15,-153.84
52.416416,-1.538562,152.87,12.59,3,111.67,20 / 20,3306128,2019-09-06 19:11:12:810,-0.2437,0.2402,9.6877,-0.0001,0.0053,9.8066,0.0198,-0.0502,0.0072,-22.06,-32.69,19.06,331.58,-80.33,-153.67
52.416416,-1.538562,152.87,12.59,3,111.67,20 / 20,3306229,2019-09-06 19:11:12:911,-0.7907,0.5568,9.0495,-0.0114,0.0013,9.8066,-0.1108,-0.0052,-0.0087,-22.06,-32.62,18.94,332.52,-80.47,-152.98
52.416416,-1.538562,152.87,12.59,3,111.67,20 / 20,3306329,2019-09-06 19:11:13:011,-1.0967,0.9444,10.0252,-0.0117,0.015,9.8066,0.038,-0.0016,0.0241,-22.5,-32.56,18.81,333.11,-80.57,-152.56
52.416416,-1.538562,152.87,12.59,3,111.67,21 / 21,3306429,2019-09-06 19:11:13:111,-0.7703,0.4174,9.8147,-0.0107,-0.0008,9.8066,0.1022,-0.0173,-0.008,-22.56,-32.87,18.69,332.56,-80.73,-151.97
52.416416,-1.538562,152.87,12.59,3,111.67,21 / 21,3306529,2019-09-06 19:11:13:211,-2.0731,0.1608,10.1229,0.001,-0.0058,9.8066,-0.0377,-0.064,0.0098,-22.56,-32.56,18.5,332.45,-80.61,-151.99
52.416416,-1.538562,152.87,12.59,3,111.67,21 / 21,3306628,2019-09-06 19:11:13:310,-0.074,0.061,9.2808,-0.0155,0.0166,9.8065,-0.0059,-0.03,0.0039,-22.5,-32.56,19.25,333.92,-80.7,-151.96
52.416416,-1.538562,152.87,12.59,3,111.67,21 / 21,3306729,2019-09-06 19:11:13:411,-1.6744,0.3749,10.3785,-0.0004,-0.004,9.8066,0.0109,-0.0264,0.04,-22.44,-32.75,18.75,334.56,-80.75,-151.46
52.416416,-1.538562,152.87,12.59,3,111.67,21 / 21,3306828,2019-09-06 19:11:13:510,-0.7469,0.0115,10.7373,-0.013,0.0049,9.8066,0.108,-0.0299,-0.0094,-22,-32.81,19.25,335.43,-80.92,-150.84
52.416416,-1.538562,152.87,12.59,3,111.67,21 / 21,3306929,2019-09-06 19:11:13:611,-0.5038,0.1346,10.1474,0.0349,-0.0243,9.8065,-0.0533,0.0152,-0.0011,-22.56,-32.5,19.19,333.27,-80.77,-151.54
52.416416,-1.538562,152.87,12.59,3,111.67,21 / 21,3307028,2019-09-06 19:11:13:710,-1.0589,-0.0217,9.8988,0.0292,-0.02,9.8065,-0.0114,-0.0507,0.0416,-22.5,-32.25,19.19,332.9,-80.39,-152.77
52.416416,-1.538562,152.87,12.59,3,111.67,21 / 21,3307129,2019-09-06 19:11:13:811,-1.0574,0.1498,9.6025,-0.0069,0.0062,9.8066,-0.0501,-0.0885,0.0264,-21.62,-31.94,18.88,333.31,-80.44,-152.46
52.416416,-1.538562,152.87,12.59,3,111.67,21 / 21,3307228,2019-09-06 19:11:13:910,-1.1098,0.7708,9.4707,-0.004,0.0054,9.8065,-0.1044,-0.0282,0.0266,-21.94,-32.25,18.88,333.87,-80.52,-152.04
52.416416,-1.538562,152.87,12.59,3,111.67,21 / 21,3307328,2019-09-06 19:11:14:010,-0.9938,1.176,9.1291,-0.0283,0.0148,9.8066,0.0781,-0.0215,0.0165,-22.37,-32.56,18.81,334.25,-80.6,-151.63
52.416416,-1.538562,152.87,12.59,3,111.67,20 / 20,3307428,2019-09-06 19:11:14:110,-1.4721,0.5724,9.9895,-0.0219,0.0078,9.8065,0.0712,-0.0494,0.045,-22.12,-32.19,19.38,336,-80.69,-150.38
52.416416,-1.538562,152.87,12.59,3,111.67,20 / 20,3307529,2019-09-06 19:11:14:211,-0.9845,0.2997,10.3502,-0.0097,-0.0065,9.8066,0.0983,-0.0101,-0.021,-22.06,-32.81,19.25,336.56,-80.64,-149.75
52.416416,-1.538562,152.87,12.59,3,111.67,20 / 20,3307628,2019-09-06 19:11:14:310,-1.5342,0.7574,10.7184,-0.0071,0.0073,9.8066,0.1174,-0.017,-0.0107,-22.5,-32.5,18.63,336.32,-80.58,-150.05
52.416416,-1.538562,152.87,12.59,3,111.67,20 / 20,3307729,2019-09-06 19:11:14:411,-2.0579,0.7961,9.8611,0.0302,-0.019,9.8065,-0.0749,-0.0363,-0.0051,-22.81,-32.25,19.25,333.37,-80.42,-151.27
52.416416,-1.538562,152.87,12.59,3,111.67,20 / 20,3307829,2019-09-06 19:11:14:511,-1.0812,1.2557,10.2305,0.0323,-0.019,9.8065,-0.0849,0.0267,-0.0586,-22.56,-32.87,20.13,334.17,-80.31,-151.95
52.416416,-1.538562,152.87,12.59,3,111.67,20 / 20,3307929,2019-09-06 19:11:14:611,-1.5473,-0.6203,9.3474,-0.0152,0.0351,9.8065,0.1386,-0.1093,0.0337,-21.87,-32.94,19.94,333.71,-80.39,-153.53
52.416416,-1.538562,152.87,12.59,3,111.67,20 / 20,3308028,2019-09-06 19:11:14:710,-0.3366,0.8093,8.9936,-0.0164,0.0205,9.8066,0.0094,0.0078,-0.0684,-22.37,-32.5,18.94,331.78,-80.65,-153.85
52.416416,-1.538562,152.87,12.59,3,111.67,20 / 20,3308128,2019-09-06 19:11:14:810,-1.3069,0.1037,9.6644,-0.0144,0.0136,9.8066,-0.0259,-0.0052,0.0529,-22.12,-33.12,18.44,330.32,-81,-153.49
52.416416,-1.538562,152.87,12.59,3,111.67,20 / 20,3308229,2019-09-06 19:11:14:911,-0.4807,2.5789,10.4511,0.0065,-0.0031,9.8066,-0.0751,0.0171,-0.0932,-21.56,-33,18.56,332.75,-81.16,-153.19
52.416416,-1.538562,152.87,12.59,3,111.67,20 / 20,3308329,2019-09-06 19:11:15:011,-0.9664,-0.3443,10.1273,0.0097,-0.002,9.8066,-0.0739,0.0386,-0.0297,-21.87,-32.94,18.81,332.74,-81.28,-153.27
52.416416,-1.538562,152.87,12.59,3,111.67,21 / 21,3308429,2019-09-06 19:11:15:111,-1.1366,0.9369,10.4586,0.0331,-0.0275,9.8065,-0.0808,0.0532,-0.0453,-21.69,-33.06,19.88,333.14,-81.12,-154.41
52.416416,-1.538562,152.87,12.59,3,111.67,21 / 21,3308528,2019-09-06 19:11:15:210,-1.256,1.0467,9.6404,-0.0019,0.0251,9.8066,0.0173,-0.0687,-0.0018,-21.62,-33.25,19.56,331.48,-80.98,-155.71
52.416416,-1.538562,152.87,12.59,3,111.67,21 / 21,3308629,2019-09-06 19:11:15:311,-1.0296,1.4321,8.8951,-0.0172,0.0057,9.8066,-0.0716,0.003,-0.0456,-21.94,-33,19.13,328.88,-81.03,-156.36
52.416416,-1.538562,152.87,12.59,3,111.67,21 / 21,3308729,2019-09-06 19:11:15:411,-0.6103,0.3468,9.8152,-0.0393,0.0268,9.8065,0.0793,-0.0365,0.0314,-21.44,-32.87,19.06,331.64,-81.36,-155.44
52.416416,-1.538562,152.87,12.59,3,111.67,21 / 21,3308828,2019-09-06 19:11:15:510,-0.6887,1.3306,10.1484,-0.0137,0.0217,9.8066,-0.0375,0.0198,-0.017,-21.31,-33.19,19.31,332.21,-81.52,-155.07
52.416416,-1.538562,152.87,12.59,3,111.67,21 / 21,3308928,2019-09-06 19:11:15:610,-0.5087,1.2502,8.929,-0.0147,0.0112,9.8066,-0.0173,-0.0575,0.0877,-21.44,-32.94,19.38,331.81,-81.61,-155.45
52.416416,-1.538562,152.87,12.59,3,111.67,21 / 21,3309028,2019-09-06 19:11:15:710,-1.5791,3.7935,10.4541,0.0241,-0.027,9.8065,-0.0973,0.0888,0.007,-21.19,-33.06,19.63,333.07,-81.26,-155.76
52.416416,-1.538562,152.87,12.59,3,111.67,21 / 21,3309129,2019-09-06 19:11:15:811,-2.7279,-0.1081,9.8085,-0.0301,0.0091,9.8066,-0.0737,-0.0201,-0.0755,-21.56,-32.56,19.44,331.34,-81.12,-154.35
52.416416,-1.538562,152.87,12.59,3,111.67,21 / 21,3309229,2019-09-06 19:11:15:911,-0.5715,-0.2801,9.8832,0.0217,-0.0027,9.8065,-0.0957,0.0506,0.0383,-21.5,-32.44,19.25,332.23,-81.13,-154.96
52.416416,-1.538562,152.87,12.59,3,111.67,21 / 21,3309328,2019-09-06 19:11:16:010,-2.6399,0.3212,9.5837,-0.0276,0.0233,9.8066,0.0374,-0.0395,0.0722,-21.12,-32.81,19.13,333.43,-81.36,-153.95
52.416416,-1.538562,152.87,12.59,3,111.67,21 / 21,3309429,2019-09-06 19:11:16:111,-2.0589,0.2282,9.2176,-0.0169,0.0099,9.8065,0.0478,-0.0358,0.0144,-21.75,-32.69,19.56,334.26,-81.49,-153.66
52.416416,-1.538562,152.87,12.59,3,111.67,21 / 21,3309529,2019-09-06 19:11:16:211,-2.1735,1.8809,10.0511,-0.0086,0.0235,9.8065,0.0958,0.0095,-0.017,-21.56,-33.19,19,332.47,-81.75,-153.77
52.416416,-1.538562,152.87,12.59,3,111.67,21 / 21,3309628,2019-09-06 19:11:16:310,-1.0474,0.6125,9.7342,-0.0028,0.0068,9.8066,0.1003,0.0192,-0.0178,-21,-33.12,19.19,333.37,-81.83,-154.26
52.416416,-1.538562,152.87,12.59,3,111.67,21 / 21,3309728,2019-09-06 19:11:16:410,-1.3467,0.8448,10.1953,0.0238,-0.0174,9.8065,-0.0679,-0.0016,-0.0151,-21.87,-33.31,19.56,333.52,-81.8,-154.46
52.416416,-1.538562,152.87,12.59,3,111.67,21 / 21,3309828,2019-09-06 19:11:16:510,-0.9362,0.5525,9.3575,0.0138,0.0028,9.8066,0.0129,-0.0029,0.0474,-20.56,-33,19.63,333.57,-81.68,-155.58
52.416416,-1.538562,152.87,12.59,3,111.67,21 / 21,3309928,2019-09-06 19:11:16:610,-1.7827,1.7394,9.8979,-0.0093,0.0101,9.8066,0.0373,0.0614,-0.0718,-21.19,-32.62,19.5,333.92,-81.68,-155.29
52.416416,-1.538562,152.87,12.59,3,111.67,21 / 21,3310029,2019-09-06 19:11:16:711,-0.9225,0.8944,9.2838,-0.0177,0.0094,9.8066,0.069,0.0209,0.0401,-21.12,-32.69,19.63,333.64,-81.77,-155.57
52.416416,-1.538562,152.87,12.59,3,111.67,21 / 21,3310129,2019-09-06 19:11:16:811,-0.63,0.6103,9.6367,-0.0064,-0.0091,9.8065,-0.0923,0.0326,-0.0101,-21.87,-32.87,19,331.89,-81.8,-154.29
52.416416,-1.538562,152.87,12.59,3,111.67,21 / 21,3310228,2019-09-06 19:11:16:910,-2.0325,0.9712,9.8244,-0.021,0.0097,9.8065,-0.0312,-0.066,0.0434,-21.56,-33.5,19.19,333.87,-82.03,-152.74
52.416416,-1.538562,152.87,12.59,3,111.67,21 / 21,3310328,2019-09-06 19:11:17:010,-1.9961,0.5452,9.7035,0.0249,-0.0141,9.8066,-0.0416,-0.0476,0.0539,-21.94,-32.81,19.38,335.7,-82.12,-151.23
52.416416,-1.538562,152.87,12.59,3,111.67,20 / 20,3310429,2019-09-06 19:11:17:111,-1.4304,1.3036,9.3017,0.0288,-0.0379,9.8065,-0.0781,0.0905,-0.0035,-22.06,-32.62,19.44,335.33,-81.87,-151.42
52.416416,-1.538562,152.87,12.59,3,111.67,20 / 20,3310528,2019-09-06 19:11:17:210,-2.6515,2.2452,9.2846,-0.0311,0.0073,9.8066,-0.0308,0.0193,-0.0136,-21.87,-33.19,18.88,336.15,-81.98,-150.78
52.416416,-1.538562,152.87,12.59,3,111.67,20 / 20,3310629,2019-09-06 19:11:17:311,-1.2984,1.5294,9.212,-0.0107,0.0151,9.8065,-0.1314,-0.0261,-0.0583,-22,-33.19,19.69,337.45,-81.91,-151.18
52.416416,-1.538562,152.87,12.59,3,111.67,20 / 20,3310729,2019-09-06 19:11:17:411,-1.253,1.4507,10.3452,-0.022,0.0296,9.8065,0.143,0.013,0.0282,-21.31,-32.5,19.19,336.52,-82.12,-151.87
52.416416,-1.538562,152.87,12.59,3,111.67,20 / 20,3310828,2019-09-06 19:11:17:510,-2.1955,0.9618,9.8116,-0.0414,0.0431,9.8064,0.118,-0.0353,0.0515,-21.69,-32.69,19.06,334.76,-82.25,-152.1
52.416416,-1.538562,152.87,12.59,3,111.67,20 / 20,3310929,2019-09-06 19:11:17:611,-1.6496,0.6985,10.4885,0.0111,-0.0015,9.8066,0.1387,-0.0488,-0.0761,-21.69,-32.06,18.63,334.22,-82.16,-152.63
52.416416,-1.538562,152.87,12.59,3,111.67,20 / 20,3311028,2019-09-06 19:11:17:710,-1.3081,1.6879,10.0861,-0.0118,0.0307,9.8065,0.1866,-0.0665,0.0269,-21.94,-32.44,18.44,331.05,-82.21,-153.77
52.416416,-1.538562,152.87,12.59,3,111.67,20 / 20,3311128,2019-09-06 19:11:17:810,-1.697,1.8666,9.4991,0.0199,-0.0003,9.8066,-0.0532,-0.0071,-0.0329,-21.5,-32.06,18.5,332.6,-82.12,-155.23
52.416416,-1.538562,152.87,12.59,3,111.67,20 / 20,3311229,2019-09-06 19:11:17:911,-2.0755,2.0443,10.3156,-0.017,0.0232,9.8065,0.0807,-0.0561,0.0291,-21.69,-32.62,18.81,331.13,-82.32,-155.26
52.416416,-1.538562,152.87,12.59,3,111.67,20 / 20,3311328,2019-09-06 19:11:18:010,-1.5817,1.3298,10.3863,0.0033,0.0175,9.8066,0.0735,-0.0706,0.0005,-20.87,-32.56,18.56,331.06,-82.39,-156.57
52.416416,-1.538562,152.87,12.59,3,111.67,21 / 21,3311429,2019-09-06 19:11:18:111,-0.3161,0.4223,9.5917,-0.029,0.0319,9.8065,0.1312,0.023,0.0005,-21.56,-33.12,19.69,331.61,-82.52,-156.51
52.416416,-1.538562,152.87,12.59,3,111.67,21 / 21,3311528,2019-09-06 19:11:18:210,-1.7953,0.7348,9.2955,-0.0048,-0.0005,9.8066,0.0368,0.0313,-0.0505,-21.44,-33.25,18.75,330.42,-82.51,-157.19
52.416416,-1.538562,152.87,12.59,3,111.67,21 / 21,3311628,2019-09-06 19:11:18:310,-1.0057,-0.3712,9.9864,0.0151,-0.001,9.8065,0.2304,-0.0653,0.0272,-21.37,-32.87,19.44,330.15,-82.56,-157.47
52.416416,-1.538562,152.87,12.59,3,111.67,21 / 21,3311729,2019-09-06 19:11:18:411,-0.9669,1.291,9.3375,0.0014,-0.0006,9.8066,0.0235,-0.0346,0.0642,-21.12,-33.06,18.5,330.33,-82.69,-157.39
52.416416,-1.538562,152.87,12.59,3,111.67,21 / 21,3311828,2019-09-06 19:11:18:510,-1.8219,1.6726,9.801,-0.0065,0.0063,9.8066,-0.06,0.0439,-0.0173,-21.19,-32.62,19.31,329.84,-82.72,-157.84
52.416416,-1.538562,152.87,12.59,3,111.67,21 / 21,3311929,2019-09-06 19:11:18:611,-0.8459,1.9804,9.6275,0.0066,0.0134,9.8066,-0.0824,0.0808,-0.0714,-20.94,-33.31,18.75,329.31,-82.86,-158.39
52.416416,-1.538562,152.87,12.59,3,111.67,21 / 21,3312028,2019-09-06 19:11:18:710,-2.419,1.4962,9.3806,-0.0047,0.0057,9.8066,-0.0291,0.0031,0.0421,-20.37,-33,19.31,332.05,-83.01,-157.38
52.416416,-1.538562,152.87,12.59,3,111.67,21 / 21,3312129,2019-09-06 19:11:18:811,-0.4542,1.7454,9.8144,-0.01,0.0114,9.8066,0.0285,0.045,-0.0489,-21.37,-33.81,18.56,330.33,-83.14,-157.55
52.416416,-1.538562,152.87,12.59,3,111.67,21 / 21,3312229,2019-09-06 19:11:18:911,-0.4688,3.0672,10.1511,0.0025,-0.0038,9.8066,0.0343,0.1317,-0.0451,-20.75,-33.12,18.75,329.6,-83.24,-158.37
52.416416,-1.538562,152.87,12.59,3,111.67,21 / 21,3312330,2019-09-06 19:11:19:012,-1.7022,2.4122,10.2189,-0.004,0.0204,9.8066,-0.0118,0.159,-0.0086,-21.25,-33.69,18.63,329.24,-83.38,-158.66
52.415993,-1.537112,155.77,7.89,3,115.71,20 / 20,3312429,2019-09-06 19:11:19:111,-0.8164,4.0561,10.4714,0.0052,0.0124,9.8066,-0.0341,0.1465,-0.0583,-21.56,-33.56,19.13,326.94,-83.18,-159.34
52.415993,-1.537112,155.77,7.89,3,115.71,20 / 20,3312528,2019-09-06 19:11:19:210,0.3484,2.2706,9.6442,0.0106,-0.013,9.8066,0.1118,0.2297,-0.0156,-21.94,-33.12,18.44,323.87,-82.93,-160.37
52.415993,-1.537112,155.77,7.89,3,115.71,20 / 20,3312628,2019-09-06 19:11:19:310,-0.0969,3.0107,9.1637,0.0274,-0.008,9.8065,0.0835,0.2382,-0.0642,-21.87,-33.81,18.56,323.51,-82.78,-162.05
52.415993,-1.537112,155.77,7.89,3,115.71,20 / 20,3312728,2019-09-06 19:11:19:410,-0.3104,2.9985,9.4338,0.0058,-0.0085,9.8066,-0.0255,0.2377,0.0076,-21.75,-33.69,18.06,321.79,-82.81,-161.94
52.415993,-1.537112,155.77,7.89,3,115.71,20 / 20,3312828,2019-09-06 19:11:19:510,-0.3393,2.8307,9.8791,-0.024,0.0095,9.8065,-0.004,0.2628,-0.0043,-22.06,-33.5,17.69,325.21,-83.18,-159.36
52.415993,-1.537112,155.77,7.89,3,115.71,20 / 20,3312929,2019-09-06 19:11:19:611,-0.7096,2.7785,9.8132,-0.0176,0.0091,9.8066,-0.1452,0.2868,0.0008,-22.69,-33.69,16.19,321.91,-83.5,-157.87
52.415993,-1.537112,155.77,7.89,3,115.71,20 / 20,3313028,2019-09-06 19:11:19:710,-0.7764,2.9307,9.2335,-0.0084,-0.0054,9.8066,-0.0598,0.2568,0.0106,-22.56,-33.37,16.13,325.02,-83.82,-155.47
52.415993,-1.537112,155.77,7.89,3,115.71,20 / 20,3313129,2019-09-06 19:11:19:811,-1.1492,2.8866,9.7943,-0.0214,0.0088,9.8066,-0.0054,0.307,-0.0335,-22.87,-33.75,15,325.74,-84.1,-153.11
52.415993,-1.537112,155.77,7.89,3,115.71,20 / 20,3313229,2019-09-06 19:11:19:911,0.3963,3.3344,9.5172,-0.0196,0.0152,9.8066,0.0189,0.2767,0.0339,-23.31,-34.06,14.44,325.06,-84.35,-152.05
52.415993,-1.537112,155.77,7.89,3,115.71,20 / 20,3313329,2019-09-06 19:11:20:011,0.419,2.1639,9.965,-0.0059,0.0156,9.8066,-0.0173,0.3379,-0.0868,-22.75,-33.37,14.06,325.36,-84.43,-151.96
52.415993,-1.537112,155.77,7.89,3,115.71,21 / 21,3313428,2019-09-06 19:11:20:110,0.499,2.0921,9.8109,0.0042,-0.0065,9.8066,0.0293,0.3675,-0.0373,-23.12,-33.56,12.81,323.49,-84.55,-151.69
52.415993,-1.537112,155.77,7.89,3,115.71,21 / 21,3313529,2019-09-06 19:11:20:211,-0.2339,1.5105,10.3926,-0.0051,0.0095,9.8066,-0.0249,0.3591,-0.0253,-24,-34.25,12.44,320.55,-84.66,-151.59
52.415993,-1.537112,155.77,7.89,3,115.71,21 / 21,3313628,2019-09-06 19:11:20:310,0.306,2.11,9.646,0.0185,0.0247,9.8066,0.0017,0.3849,-0.1059,-23.62,-34.19,11.88,318.8,-84.74,-153.24
52.415993,-1.537112,155.77,7.89,3,115.71,21 / 21,3313728,2019-09-06 19:11:20:410,0.8245,2.2662,10.2791,0.0433,0.018,9.8064,0.0241,0.3514,-0.1458,-22.94,-33.5,11.94,313.45,-84.85,-159.23
52.415993,-1.537112,155.77,7.89,3,115.71,21 / 21,3313829,2019-09-06 19:11:20:511,0.9041,2.854,9.9277,-0.0074,0.0304,9.8066,-0.0363,0.3591,-0.108,-22.81,-34.87,10.25,301.37,-85.21,-166.32
52.415993,-1.537112,155.77,7.89,3,115.71,21 / 21,3313928,2019-09-06 19:11:20:610,1.5205,2.916,10.1984,-0.0116,0.0294,9.8066,0.0867,0.4426,-0.1099,-21.69,-34.37,9.38,295.82,-85.25,-170.22
52.415993,-1.537112,155.77,7.89,3,115.71,21 / 21,3314029,2019-09-06 19:11:20:711,1.1888,1.3165,9.6644,0.0606,0.0014,9.8064,0.2154,0.357,-0.0186,-21.81,-34.19,8.69,291.09,-85.4,-174.94
52.415993,-1.537112,155.77,7.89,3,115.71,21 / 21,3314128,2019-09-06 19:11:20:810,0.0011,2.6835,9.7636,0.0403,0.0316,9.8065,-0.1116,0.4348,-0.156,-21.5,-34.87,7.63,281.76,-85.15,178.38
52.415993,-1.537112,155.77,7.89,3,115.71,21 / 21,3314228,2019-09-06 19:11:20:910,0.2915,3.4701,10.1668,0.0002,0.0351,9.8065,-0.0163,0.5071,-0.1369,-21.81,-35.31,6.88,272.13,-85.17,171.84
52.415993,-1.537112,155.77,7.89,3,115.71,21 / 21,3314329,2019-09-06 19:11:21:011,0.2172,3.5946,9.8323,0.0009,0.0228,9.8066,-0.021,0.3833,-0.0555,-21.31,-34.69,5.69,266.5,-85.1,168.43
52.415993,-1.537112,155.77,7.89,3,115.71,21 / 21,3314428,2019-09-06 19:11:21:110,-0.4407,1.8857,9.9858,-0.0034,-0.0007,9.8066,-0.054,0.3431,-0.0278,-20.37,-35.44,6,264.7,-85.03,166.32
52.415993,-1.537112,155.77,7.89,3,115.71,21 / 21,3314529,2019-09-06 19:11:21:211,-0.7611,1.7931,10.171,-0.0082,-0.0024,9.8066,0.1677,0.3998,-0.0278,-21,-35.94,4.75,261.7,-84.95,166.66
52.415993,-1.537112,155.77,7.89,3,115.71,21 / 21,3314628,2019-09-06 19:11:21:310,0.2788,2.6738,9.9056,0.028,0.017,9.8065,0.182,0.4384,-0.0893,-20.19,-36.12,4.63,259.95,-84.73,165
52.415993,-1.537112,155.77,7.89,3,115.71,21 / 21,3314729,2019-09-06 19:11:21:411,0.621,1.7,10.0378,0.0119,0.018,9.8065,0.0554,0.4043,-0.1012,-19.25,-35.69,3.81,255.06,-84.45,163.13
52.415993,-1.537112,155.77,7.89,3,115.71,21 / 21,3314829,2019-09-06 19:11:21:511,0.9582,1.4955,10.2191,0.0361,0.0105,9.8065,0.1495,0.3136,0.0023,-19.12,-36.69,3.25,248.95,-84.1,160.57
52.415993,-1.537112,155.77,7.89,3,115.71,21 / 21,3314929,2019-09-06 19:11:21:611,0.2994,3.7359,10.3946,0.0373,0.0464,9.8064,-0.229,0.2988,-0.049,-19.19,-36.62,3,245.92,-83.86,157.71
52.415993,-1.537112,155.77,7.89,3,115.71,21 / 21,3315028,2019-09-06 19:11:21:710,-0.4125,3.7268,8.9638,-0.0095,-0.0175,9.8066,-0.1569,0.4391,0.0408,-18.12,-36.37,2.63,246.15,-83.82,157.82
52.415993,-1.537112,155.77,7.89,3,115.71,21 / 21,3315128,2019-09-06 19:11:21:810,-0.1695,0.9187,9.9266,0.0153,0.0029,9.8066,0.1125,0.3086,-0.0243,-18.37,-36.69,1.81,243.46,-83.69,158.63
52.415993,-1.537112,155.77,7.89,3,115.71,21 / 21,3315229,2019-09-06 19:11:21:911,0.8491,2.1575,9.9109,0.0332,0.0063,9.8065,0.0822,0.4345,-0.0944,-18.44,-36.19,1.44,241.38,-83.72,159.15
52.415993,-1.537112,155.77,7.89,3,115.71,21 / 21,3315328,2019-09-06 19:11:22:010,2.4609,2.2891,8.6361,0.056,0.0311,9.8064,-0.2914,0.3469,-0.0532,-17.37,-35.62,0.63,240.28,-83.32,159.14
52.415993,-1.537112,155.77,7.89,3,115.71,21 / 21,3315428,2019-09-06 19:11:22:110,0.4484,2.6648,10.1104,-0.0776,-0.0336,9.8062,-0.2992,0.5356,-0.0589,-17.19,-35.87,0.44,235.8,-83.62,156.9
52.415993,-1.537112,155.77,7.89,3,115.71,21 / 21,3315529,2019-09-06 19:11:22:211,-1.9916,1.4375,9.2477,0.0033,0.0109,9.8066,0.0513,0.3304,-0.041,-17.5,-36.5,0.25,237.95,-83.44,159.67
52.415993,-1.537112,155.77,7.89,3,115.71,21 / 21,3315628,2019-09-06 19:11:22:310,0.866,1.2237,9.6492,-0.0326,-0.0294,9.8065,-0.0588,0.2929,-0.0245,-17.12,-36,0.13,239.69,-83.3,161.9
52.415993,-1.537112,155.77,7.89,3,115.71,21 / 21,3315729,2019-09-06 19:11:22:411,0.6584,1.6964,10.8101,0.0062,-0.0259,9.8065,0.2168,0.4131,0.0288,-17.12,-35.94,-0.19,241.8,-82.9,165.03
52.415993,-1.537112,155.77,7.89,3,115.71,21 / 21,3315829,2019-09-06 19:11:22:511,2.2311,1.1463,10.7383,0.045,0.0069,9.8065,0.2219,0.2713,0.025,-17.56,-36.25,-0.62,240.73,-82.4,167.11
52.415993,-1.537112,155.77,7.89,3,115.71,21 / 21,3315928,2019-09-06 19:11:22:610,1.8855,2.1477,9.9791,0.0163,-0.0232,9.8066,-0.0432,0.1346,0.1824,-17.31,-35.69,-1.25,242.73,-82.14,170.89
52.415993,-1.537112,155.77,7.89,3,115.71,21 / 21,3316029,2019-09-06 19:11:22:711,1.4423,-0.2519,10.0149,-0.0105,-0.0097,9.8065,0.0332,0.1416,-0.0786,-17.5,-36.69,-1.44,244.14,-82.14,172.94
52.415993,-1.537112,155.77,7.89,3,115.71,21 / 21,3316129,2019-09-06 19:11:22:811,0.7042,-0.1651,9.5132,-0.0031,-0.0029,9.8066,-0.0235,0.056,0.0827,-18.19,-35.81,-2.44,243.07,-82.13,173.34
52.415993,-1.537112,155.77,7.89,3,115.71,21 / 21,3316230,2019-09-06 19:11:22:912,1.1914,0.6082,9.1172,-0.0893,-0.0166,9.8062,0.1236,0.1256,-0.0636,-18.12,-35.44,-2,243.24,-82.49,172.5
52.415993,-1.537112,155.77,7.89,3,115.71,21 / 21,3316328,2019-09-06 19:11:23:010,1.2019,0.533,10.5519,-0.0286,-0.0268,9.8065,0.1302,0.0691,-0.0352,-19,-35.31,-2.25,244.94,-82.24,173.8
52.415993,-1.537112,155.77,7.89,3,115.71,21 / 21,3316429,2019-09-06 19:11:23:111,0.6154,0.1163,10.5218,-0.0068,-0.0128,9.8066,0.048,0.1158,0.071,-19.62,-34.87,-2.94,243.12,-82.11,173.76
52.415993,-1.537112,155.77,7.89,3,115.71,21 / 21,3316528,2019-09-06 19:11:23:210,-0.0739,-0.6736,10.6766,-0.0428,-0.0138,9.8065,0.0856,0.0373,0.0037,-20.44,-34.25,-2.12,246.37,-82.19,174.13
52.415993,-1.537112,155.77,7.89,3,115.71,21 / 21,3316629,2019-09-06 19:11:23:311,1.5663,0.5846,10.4844,0.0205,0.0035,9.8066,0.1258,-0.0037,0.0316,-20.81,-33.75,-0.94,249.04,-81.81,174.11
52.415993,-1.537112,155.77,7.89,3,115.71,21 / 21,3316729,2019-09-06 19:11:23:411,2.4423,0.2821,9.9314,-0.0348,0.0009,9.8065,0.0465,0.0453,-0.0217,-19,-34,-0.31,249.61,-81.8,173.38
52.415993,-1.537112,155.77,7.89,3,115.71,21 / 21,3316829,2019-09-06 19:11:23:511,-0.23,-0.3188,9.6458,0.0091,0.0039,9.8066,-0.1166,0.0014,0.0138,-16.19,-32.81,0.56,251.43,-81.75,174.09
52.415993,-1.537112,155.77,7.89,3,115.71,21 / 21,3316929,2019-09-06 19:11:23:611,1.0811,0.0044,9.8743,0.0129,0.0033,9.8066,-0.0768,-0.0171,-0.0269,-14.44,-33.37,1.63,253.75,-81.84,174.19
52.415993,-1.537112,155.77,7.89,3,115.71,21 / 21,3317029,2019-09-06 19:11:23:711,0.5127,1.0986,9.4554,0.0155,-0.0095,9.8066,-0.0066,0.0577,0.0049,-12.87,-33.5,1.5,253.22,-82.02,173.97
52.415993,-1.537112,155.77,7.89,3,115.71,21 / 21,3317128,2019-09-06 19:11:23:810,2.0732,-0.2325,10.4817,0.0191,0.0018,9.8066,-0.0339,0.0034,-0.0336,-14.37,-33,0,247.56,-81.94,175.3
52.415993,-1.537112,155.77,7.89,3,115.71,21 / 21,3317228,2019-09-06 19:11:23:910,0.372,0.7222,9.9294,0.0234,0.0034,9.8066,-0.0339,-0.0119,-0.0347,-14.87,-32.87,-1.25,244.73,-81.87,174.76
52.415993,-1.537112,155.77,7.89,3,115.71,21 / 21,3317331,2019-09-06 19:11:24:013,0.0824,-0.9732,10.1502,0.0298,0.0133,9.8066,0.0044,-0.0448,0.0959,-15.12,-33.62,-1.37,244.23,-81.76,174.93
52.415993,-1.537112,155.77,7.89,3,115.71,21 / 21,3317429,2019-09-06 19:11:24:111,-0.3858,-0.5228,9.992,-0.0122,-0.002,9.8066,-0.0676,0.006,0.0228,-17.25,-32.37,-2.12,244.7,-81.9,175.08
52.415993,-1.537112,155.77,7.89,3,115.71,21 / 21,3317528,2019-09-06 19:11:24:210,0.8627,-0.8553,9.2468,0.0116,0.0122,9.8066,0.0511,-0.0742,-0.0132,-16.19,-32.56,-2.31,242.55,-81.8,174.57
52.415993,-1.537112,155.77,7.89,3,115.71,21 / 21,3317629,2019-09-06 19:11:24:311,-0.3667,0.1589,9.91,-0.0536,-0.0172,9.8064,-0.1012,0.0368,-0.0444,-16.94,-32.62,-2.69,240.68,-81.62,174.59
52.415993,-1.537112,155.77,7.89,3,115.71,21 / 21,3317729,2019-09-06 19:11:24:411,1.5471,0.4097,9.8963,-0.0445,-0.0197,9.8065,0.1081,0.0061,0.0377,-15.5,-33.06,-1.69,240.91,-81.93,173.9
52.415993,-1.537112,155.77,7.89,3,115.71,21 / 21,3317829,2019-09-06 19:11:24:511,0.8558,-0.4399,10.0716,0.0462,0.0082,9.8065,0.1636,-0.003,0.0113,-16.56,-32.87,-1.44,246.33,-81.75,174.36
52.415993,-1.537112,155.77,7.89,3,115.71,21 / 21,3317929,2019-09-06 19:11:24:611,2.1589,0.5691,9.3225,0.0035,0.0241,9.8066,-0.1883,0.0235,-0.0699,-16.81,-33.56,-1.25,245.18,-81.95,173.15
52.415993,-1.537112,155.77,7.89,3,115.71,21 / 21,3318029,2019-09-06 19:11:24:711,0.6472,-0.9618,10.2003,-0.0032,-0.0111,9.8066,0.0704,-0.007,0.1232,-18.31,-32.81,-2.5,244.01,-81.99,173.42
52.415993,-1.537112,155.77,7.89,3,115.71,21 / 21,3318129,2019-09-06 19:11:24:811,2.369,0.3058,10.3325,-0.0102,0.0011,9.8066,0.032,0.0001,-0.0035,-19,-31.69,-3.37,242.54,-82.17,172.97
52.415993,-1.537112,155.77,7.89,3,115.71,21 / 21,3318228,2019-09-06 19:11:24:910,0.2643,-0.304,9.7847,-0.0118,-0.011,9.8066,0.0125,-0.0541,0.0812,-18.75,-30.94,-2.75,243.56,-82.15,173.77
52.415993,-1.537112,155.77,7.89,3,115.71,21 / 21,3318329,2019-09-06 19:11:25:011,-0.8515,-1.4542,9.8303,-0.0158,0.0013,9.8066,0.1104,-0.0633,-0.0266,-18.87,-30.75,-2.19,246.07,-82.28,173.47
52.415993,-1.537112,155.77,7.89,3,115.71,21 / 21,3318429,2019-09-06 19:11:25:111,0.4784,0.2278,9.3834,0.0187,0.0112,9.8066,0.2124,0.0631,-0.0599,-18.19,-31.69,-2.25,243.93,-82.14,172.7
52.415993,-1.537112,155.77,7.89,3,115.71,21 / 21,3318528,2019-09-06 19:11:25:210,1.9413,0.7526,10.1547,0.0244,-0.0084,9.8065,-0.0532,-0.0785,0.091,-18.62,-32.06,-1.25,248.76,-82.11,174.12
52.415993,-1.537112,155.77,7.89,3,115.71,21 / 21,3318628,2019-09-06 19:11:25:310,1.1303,-0.9537,9.8841,-0.002,-0.0047,9.8065,-0.1032,0.0023,0.0191,-17.37,-32.62,-1.37,246.93,-82.07,174.46
52.415993,-1.537112,155.77,7.89,3,115.71,21 / 21,3318728,2019-09-06 19:11:25:410,1.4375,0.7621,9.3454,-0.0133,0.0108,9.8066,0.1212,-0.0628,-0.0675,-17.56,-33.75,-1.44,246.56,-82.04,173.51
52.415993,-1.537112,155.77,7.89,3,115.71,21 / 21,3318829,2019-09-06 19:11:25:511,-1.2305,0.6266,8.9815,0.0134,0.0069,9.8066,0.145,0.0136,0.0792,-17.25,-34.69,-2.06,241.52,-81.9,172.77
52.415993,-1.537112,155.77,7.89,3,115.71,21 / 21,3318929,2019-09-06 19:11:25:611,2.6796,-1.4647,11.2482,-0.0143,-0.0135,9.8066,0.2421,-0.0276,0.1206,-17.69,-34.69,-1.37,245.8,-82.17,172.86
52.415993,-1.537112,155.77,7.89,3,115.71,21 / 21,3319029,2019-09-06 19:11:25:711,1.0601,1.7003,9.7287,0.0339,0.0169,9.8065,0.3443,-0.0106,0.019,-16.94,-34.06,-1.31,245.63,-82.17,173.25
52.415993,-1.537112,155.77,7.89,3,115.71,21 / 21,3319129,2019-09-06 19:11:25:811,1.3135,-2.3528,10.1786,-0.0051,0.031,9.8065,-0.0089,-0.0079,-0.1089,-17.25,-33.81,-1.25,244.06,-82.32,171.21
52.415993,-1.537112,155.77,7.89,3,115.71,21 / 21,3319229,2019-09-06 19:11:25:911,1.5407,-0.7101,10.8767,0.0323,0.0117,9.8065,0.0661,0.0315,-0.0098,-17.62,-34.56,-1.62,242.65,-82.33,172.12
52.415993,-1.537112,155.77,7.89,3,115.71,21 / 21,3319329,2019-09-06 19:11:26:011,1.5636,-0.4785,9.6892,0.0405,0.0167,9.8065,-0.1635,-0.0602,0.0442,-17.81,-35,-1.75,242.12,-82.17,171.8
52.415993,-1.537112,155.77,7.89,3,115.71,21 / 21,3319429,2019-09-06 19:11:26:111,0.5758,-0.0211,9.7252,-0.0112,-0.0135,9.8066,-0.0428,-0.0432,0.0223,-18.25,-34.56,-2.5,242.05,-82.27,171.54
52.415993,-1.537112,155.77,7.89,3,115.71,21 / 21,3319529,2019-09-06 19:11:26:211,-1.0336,-0.0838,10.0725,-0.0296,-0.0025,9.8065,0.0215,0.0298,-0.1053,-18.19,-34.37,-1.44,245.03,-82.45,171.09
52.415993,-1.537112,155.77,7.89,3,115.71,21 / 21,3319629,2019-09-06 19:11:26:311,2.3743,0.9641,10.2126,0.0091,0.0087,9.8066,-0.0469,-0.0071,0.0695,-17.12,-34,-2.12,240.78,-82.28,170.83
52.415993,-1.537112,155.77,7.89,3,115.71,21 / 21,3319729,2019-09-06 19:11:26:411,1.7883,-0.2683,9.9263,-0.012,0.0037,9.8066,-0.0143,0.1258,-0.1274,-17.81,-34.06,-2.87,238.68,-82.26,170.38
52.415993,-1.537112,155.77,7.89,3,115.71,21 / 21,3319828,2019-09-06 19:11:26:510,1.8714,-2.7788,8.9048,0.0059,0.0092,9.8066,-0.1329,-0.162,0.0988,-17.62,-34.12,-2.44,240.78,-82.36,169.57
52.415993,-1.537112,155.77,7.89,3,115.71,21 / 21,3319929,2019-09-06 19:11:26:611,2.6174,-3.0492,9.8119,0.0152,0.029,9.8066,-0.2793,-0.092,0.1508,-17.87,-33.81,-2.19,237.49,-82.23,166.03
52.415993,-1.537112,155.77,7.89,3,115.71,21 / 21,3320029,2019-09-06 19:11:26:711,-0.9067,0.9607,9.8251,-0.0652,-0.0094,9.8064,-0.3429,0.1262,-0.2039,-17.87,-33.87,-1,240.56,-82.5,165.99
52.415993,-1.537112,155.77,7.89,3,115.71,21 / 21,3320128,2019-09-06 19:11:26:810,0.809,1.7231,9.3939,0.0369,-0.0077,9.8065,0.1766,-0.0154,0.1921,-18.12,-34.44,-0.5,244.75,-81.97,168.46
52.415993,-1.537112,155.77,7.89,3,115.71,21 / 21,3320228,2019-09-06 19:11:26:910,1.3945,-0.6127,9.5284,-0.051,-0.0082,9.8065,-0.0823,-0.0172,-0.016,-16.81,-33.94,-0.69,241.33,-82.03,168.62
52.415993,-1.537112,155.77,7.89,3,115.71,21 / 21,3320329,2019-09-06 19:11:27:011,1.593,-0.2182,10.218,-0.0727,-0.0336,9.8063,0.198,-0.1201,-0.0163,-17.19,-34.75,-1.5,241.87,-82.23,169.31
52.415993,-1.537112,155.77,7.89,3,115.71,21 / 21,3320429,2019-09-06 19:11:27:111,0.0683,-1.7994,10.6183,0.0252,-0.0004,9.8066,0.1274,-0.0542,0.0271,-16.81,-34.56,-2.06,239.47,-82.51,169.32
52.415993,-1.537112,155.77,7.89,3,115.71,21 / 21,3320528,2019-09-06 19:11:27:210,0.0393,-0.3929,8.9215,0.0415,0.0132,9.8065,-0.1537,0.0887,0.059,-17.69,-35.19,-2.37,240.97,-82.42,170.07
52.415993,-1.537112,155.77,7.89,3,115.71,21 / 21,3320629,2019-09-06 19:11:27:311,-1.2831,-1.204,9.7622,0.0284,0.0238,9.8065,-0.132,-0.014,-0.0293,-17.5,-34.69,-2.25,239.62,-82.32,169.83
52.415993,-1.537112,155.77,7.89,3,115.71,21 / 21,3320729,2019-09-06 19:11:27:411,-0.3103,0.487,9.3519,0.0498,0.0226,9.8065,0.0751,0.0103,0.0534,-17.81,-34.31,-3.06,237.93,-82.17,169.65
52.415993,-1.537112,155.77,7.89,3,115.71,21 / 21,3320829,2019-09-06 19:11:27:511,1.9579,-1.2411,9.5361,-0.0275,-0.0085,9.8066,-0.0675,-0.0352,-0.0036,-17.5,-34.5,-1.69,240.16,-82.29,170.09
52.415993,-1.537112,155.77,7.89,3,115.71,21 / 21,3320929,2019-09-06 19:11:27:611,0.1857,0.2901,10.2698,0.001,-0.009,9.8066,-0.0164,0.0348,0.0104,-17.19,-32.31,-1.31,244.05,-82.17,170.61
52.415993,-1.537112,155.77,7.89,3,115.71,21 / 21,3321029,2019-09-06 19:11:27:711,1.5245,-1.0883,9.5429,0.0251,0.0108,9.8065,-0.1398,0.0343,-0.0226,-17.44,-32.81,-1,243.6,-82.31,170.29
52.415993,-1.537112,155.77,7.89,3,115.71,21 / 21,3321129,2019-09-06 19:11:27:811,-0.1205,0.1834,10.5458,0.0319,0.0278,9.8065,-0.132,-0.0268,-0.1398,-16.94,-32.94,-0.69,242.34,-82.09,169.25
52.415993,-1.537112,155.77,7.89,3,115.71,21 / 21,3321229,2019-09-06 19:11:27:911,-0.8714,0.3129,9.6237,-0.0303,-0.0133,9.8066,-0.1329,0.0286,0.1096,-16.44,-33.56,-1.75,237.36,-82.14,168.4
52.415993,-1.537112,155.77,7.89,3,115.71,21 / 21,3321328,2019-09-06 19:11:28:010,0.4638,0.6934,9.4737,-0.0249,0.006,9.8066,-0.0099,-0.1838,0.0079,-16.5,-33.62,-2.81,233.89,-81.91,168.06
52.416306,-1.536354,157.7,10.14,3,43.34,21 / 21,3321428,2019-09-06 19:11:28:110,-0.1327,0.2172,9.8722,0.0352,0.0286,9.8065,-0.0757,-0.0595,-0.1162,-17.37,-33.75,-2.5,237.46,-82.02,167.45
52.416306,-1.536354,157.7,10.14,3,43.34,21 / 21,3321529,2019-09-06 19:11:28:211,-0.316,-0.7236,9.8442,0.0005,0.0073,9.8066,-0.0167,0.0346,0.0481,-16.94,-34.25,-3,233.55,-81.98,166.13
52.416306,-1.536354,157.7,10.14,3,43.34,21 / 21,3321629,2019-09-06 19:11:28:311,-0.254,-0.1236,9.4852,-0.0104,-0.0128,9.8066,0.0118,0.0333,-0.0407,-16.87,-34.31,-2.31,236.4,-82.14,166.02
52.416306,-1.536354,157.7,10.14,3,43.34,21 / 21,3321730,2019-09-06 19:11:28:412,-0.992,0.9059,10.3804,0.0144,0.0012,9.8066,0.0485,0.1039,-0.0048,-17.12,-34.87,-2.44,235.89,-81.98,166.1
52.416306,-1.536354,157.7,10.14,3,43.34,21 / 21,3321829,2019-09-06 19:11:28:511,-0.3973,-1.7191,9.821,-0.0155,-0.0173,9.8066,-0.045,-0.03,0.0005,-16.81,-35.19,-2.25,235.93,-82,166.11
52.416306,-1.536354,157.7,10.14,3,43.34,21 / 21,3321928,2019-09-06 19:11:28:610,-0.1597,0.9706,10.6076,0.027,0.0251,9.8065,-0.0146,0.0641,0.0044,-17.06,-34.69,-1.87,236.81,-81.97,167.19
52.416306,-1.536354,157.7,10.14,3,43.34,21 / 21,3322029,2019-09-06 19:11:28:711,-0.5086,-1.4357,10.8485,0.0233,0.0114,9.8066,-0.0052,-0.0478,0.0954,-16.56,-34.19,-2.12,236.59,-81.77,166.86
52.416306,-1.536354,157.7,10.14,3,43.34,21 / 21,3322129,2019-09-06 19:11:28:811,-0.094,-2.0752,10.2372,0.033,0.0063,9.8066,-0.0916,-0.1204,0.0438,-18.06,-34.25,-2.5,238.6,-81.73,168.1
52.416306,-1.536354,157.7,10.14,3,43.34,21 / 21,3322229,2019-09-06 19:11:28:911,0.7381,0.3158,8.7618,0.0158,0.0032,9.8066,-0.008,0.0279,0.0311,-17.81,-34.12,-2.19,238.92,-81.74,168.46
52.416306,-1.536354,157.7,10.14,3,43.34,21 / 21,3322328,2019-09-06 19:11:29:010,-1.2751,-2.0319,9.5252,-0.037,-0.0262,9.8065,-0.0071,0.111,-0.0511,-18.37,-34.25,-2.5,239.46,-81.91,168.81
52.416306,-1.536354,157.7,10.14,3,43.34,21 / 21,3322429,2019-09-06 19:11:29:111,0.1255,-0.077,9.3152,-0.0411,-0.0257,9.8065,0.1455,0.0437,0.064,-18.75,-33.69,-1.87,240.42,-81.9,168.87
52.416306,-1.536354,157.7,10.14,3,43.34,21 / 21,3322529,2019-09-06 19:11:29:211,-1.0642,0.2917,10.1034,0.0558,-0.0027,9.8065,-0.0371,0.0517,-0.0931,-18.19,-33.31,-1.25,242.88,-81.95,169.12
52.416306,-1.536354,157.7,10.14,3,43.34,21 / 21,3322629,2019-09-06 19:11:29:311,1.348,-0.7056,10.3492,-0.0082,0.0131,9.8066,0.1209,-0.0804,0.0989,-18.06,-33.37,-1.56,240.56,-81.93,169.63
52.416306,-1.536354,157.7,10.14,3,43.34,21 / 21,3322729,2019-09-06 19:11:29:411,-0.1531,0.9034,9.0895,-0.0034,0.0099,9.8065,-0.0575,-0.1178,-0.0121,-17.69,-33.31,-2.19,240.48,-81.89,169.61
52.416306,-1.536354,157.7,10.14,3,43.34,21 / 21,3322829,2019-09-06 19:11:29:511,-1.3042,0.3494,9.5726,-0.0225,-0.0139,9.8066,0.0391,0.0726,0.0402,-18.31,-33.25,-2.37,240.92,-81.92,170.06
52.416306,-1.536354,157.7,10.14,3,43.34,21 / 21,3322928,2019-09-06 19:11:29:610,-0.3539,-0.55,9.7369,-0.0094,-0.0134,9.8065,0.0003,-0.0517,-0.0453,-18.25,-33.25,-1.56,241.37,-81.93,170.54
52.416306,-1.536354,157.7,10.14,3,43.34,21 / 21,3323028,2019-09-06 19:11:29:710,-0.9419,0.2565,8.7501,-0.0185,-0.0032,9.8065,-0.0815,0.021,-0.069,-17.56,-32.81,-1.81,241.35,-81.99,170.42
52.416306,-1.536354,157.7,10.14,3,43.34,21 / 21,3323129,2019-09-06 19:11:29:811,0.2511,-0.4115,9.3257,-0.0082,-0.0082,9.8066,0.0463,0.0238,0.0284,-16.62,-33.31,-2.19,240.19,-82.09,170.07
52.416306,-1.536354,157.7,10.14,3,43.34,21 / 21,3323228,2019-09-06 19:11:29:910,-1.2878,-0.5519,9.0364,0.0082,0.0065,9.8066,0.0086,-0.0337,-0.0507,-16.75,-33.12,-2.37,240.33,-82.17,170.09
52.416306,-1.536354,157.7,10.14,3,43.34,21 / 21,3323328,2019-09-06 19:11:30:010,0.152,-0.6438,9.6742,-0.0235,0.0023,9.8065,-0.1139,-0.0168,0.0007,-17.56,-34.69,-2.5,240.32,-82.44,169.3
52.416306,-1.536354,157.7,10.14,3,43.34,21 / 21,3323429,2019-09-06 19:11:30:111,-1.7869,0.1176,9.1443,-0.0057,0.0171,9.8066,-0.2574,-0.0101,-0.0552,-17.12,-35.12,-2.19,238,-82.43,167.77
52.416306,-1.536354,157.7,10.14,3,43.34,21 / 21,3323528,2019-09-06 19:11:30:210,0.2823,0.455,10.5933,-0.0062,-0.0058,9.8066,0.2111,-0.0742,0.0491,-18.44,-35.44,-2.06,238.25,-82.48,166.87
52.416306,-1.536354,157.7,10.14,3,43.34,21 / 21,3323629,2019-09-06 19:11:30:311,1.9133,0.9842,10.5414,-0.0567,-0.0225,9.8065,0.1513,0.0164,-0.0582,-17.31,-35.56,-3.06,234.85,-82.9,166.88
52.416306,-1.536354,157.7,10.14,3,43.34,21 / 21,3323728,2019-09-06 19:11:30:410,1.6287,1.2418,9.819,0.074,0.0256,9.8063,-0.2009,0.0941,0.0198,-17.12,-35.62,-3.69,232.29,-82.75,167.25
52.416306,-1.536354,157.7,10.14,3,43.34,21 / 21,3323828,2019-09-06 19:11:30:510,1.1797,-0.0369,9.4915,0.0413,0.0155,9.8065,-0.0923,-0.0541,0.0852,-18,-35.06,-3.44,236.69,-82.97,167.32
52.416306,-1.536354,157.7,10.14,3,43.34,21 / 21,3323928,2019-09-06 19:11:30:610,0.6643,-3.1333,10.2477,-0.0748,-0.0279,9.8063,0.242,-0.2288,0.141,-17.5,-34.75,-3.25,237.48,-83.46,168.6
52.416306,-1.536354,157.7,10.14,3,43.34,21 / 21,3324029,2019-09-06 19:11:30:711,-1.707,-0.0607,10.3903,-0.0331,-0.0493,9.8065,0.1094,0.0827,-0.0511,-17.75,-34.75,-3.19,240.56,-83.37,171.03
52.416306,-1.536354,157.7,10.14,3,43.34,21 / 21,3324129,2019-09-06 19:11:30:811,1.0804,-1.0054,10.4742,0.0575,0.0117,9.8065,-0.1057,0.1273,-0.1338,-17.06,-34.75,-3.44,239.97,-83.44,171.44
52.416306,-1.536354,157.7,10.14,3,43.34,21 / 21,3324228,2019-09-06 19:11:30:910,-1.7068,0.1389,9.6041,0.0591,0.0477,9.8062,-0.1243,-0.0881,0.1757,-17.94,-34.81,-3.31,240.52,-82.97,171.66
52.416306,-1.536354,157.7,10.14,3,43.34,21 / 21,3324329,2019-09-06 19:11:31:011,0.0225,-1.6938,9.6344,-0.0451,-0.0352,9.8064,0.0992,-0.0006,-0.0634,-17.44,-33.56,-3.31,241.65,-83.41,173.03
52.416306,-1.536354,157.7,10.14,3,43.34,21 / 21,3324429,2019-09-06 19:11:31:111,-0.5112,-1.5638,10.5128,-0.0364,-0.0214,9.8065,-0.1289,0.0036,-0.0058,-18.56,-33.5,-3.25,243.78,-83.26,173.06
52.416306,-1.536354,157.7,10.14,3,43.34,21 / 21,3324529,2019-09-06 19:11:31:211,0.2055,0.5578,10.34,-0.003,0.0008,9.8066,0.2296,-0.1038,-0.0283,-18.62,-33.19,-3.06,243.67,-83.22,172.99
52.416306,-1.536354,157.7,10.14,3,43.34,21 / 21,3324628,2019-09-06 19:11:31:310,-0.1213,-0.8769,10.4758,-0.035,0.0023,9.8066,0.2735,-0.1196,-0.0646,-18.12,-32.81,-2.75,242.81,-83.35,172.92
52.416306,-1.536354,157.7,10.14,3,43.34,21 / 21,3324732,2019-09-06 19:11:31:414,-0.1823,0.4049,9.2952,0.0719,0.0298,9.8063,-0.2321,-0.0626,0.1032,-18.5,-33.25,-2.44,244.14,-83.42,171.22
52.416306,-1.536354,157.7,10.14,3,43.34,21 / 21,3324828,2019-09-06 19:11:31:510,-1.8298,0.8088,8.9378,0.0218,0.0033,9.8066,-0.0561,-0.0244,0.1197,-17.25,-33.19,-2.87,240.02,-83.05,171.46
52.416306,-1.536354,157.7,10.14,3,43.34,21 / 21,3324928,2019-09-06 19:11:31:610,-1.7043,-1.2206,9.6128,-0.0341,-0.0015,9.8066,-0.1103,0.0116,-0.0497,-16.62,-33.62,-2.81,238.99,-83.22,170.37
52.416306,-1.536354,157.7,10.14,3,43.34,21 / 21,3325029,2019-09-06 19:11:31:711,1.0792,-0.6346,9.3544,-0.0309,-0.0058,9.8065,-0.0435,0.0363,-0.0443,-16.12,-33.94,-3.37,237.3,-83.37,169.51
52.416306,-1.536354,157.7,10.14,3,43.34,21 / 21,3325129,2019-09-06 19:11:31:811,-1.3428,-0.2633,9.0571,-0.0292,-0.0009,9.8065,-0.0195,0.0589,0.0562,-16.12,-34.25,-3.31,236.51,-83.7,168.05
52.416306,-1.536354,157.7,10.14,3,43.34,21 / 21,3325229,2019-09-06 19:11:31:911,-1.333,-0.2348,10.0984,-0.0401,-0.0029,9.8065,0.0136,0.0997,-0.1312,-17.19,-34.75,-4.06,233.61,-83.78,166.79
52.416306,-1.536354,157.7,10.14,3,43.34,21 / 21,3325329,2019-09-06 19:11:32:011,-0.8948,-0.1307,9.6529,0.0098,0.0092,9.8066,0.0207,0.0756,0.0328,-17.31,-34.87,-4.06,234.21,-83.85,167.36
52.416306,-1.536354,157.7,10.14,3,43.34,21 / 21,3325429,2019-09-06 19:11:32:111,-0.9795,-0.979,9.2572,-0.0254,-0.0213,9.8065,0.1669,0.039,0.06,-19.06,-34.12,-3.87,237.2,-83.92,167.95
52.416306,-1.536354,157.7,10.14,3,43.34,21 / 21,3325529,2019-09-06 19:11:32:211,-0.7048,-0.7117,9.828,0.0256,0.0005,9.8066,-0.0517,0.029,-0.0143,-19.87,-33.87,-4.19,238.64,-83.76,168.74
52.416306,-1.536354,157.7,10.14,3,43.34,21 / 21,3325629,2019-09-06 19:11:32:311,0.1169,-0.7871,9.3903,0.0245,-0.0043,9.8065,-0.1749,-0.0756,0.0816,-20.94,-33.31,-2.5,245.53,-83.74,169.81
52.416306,-1.536354,157.7,10.14,3,43.34,21 / 21,3325729,2019-09-06 19:11:32:411,-3.2448,-1.0424,9.4242,-0.028,-0.0143,9.8066,-0.2294,-0.0382,-0.0147,-19.87,-31.81,-0.06,251.58,-83.89,170.83
52.416306,-1.536354,157.7,10.14,3,43.34,21 / 21,3325828,2019-09-06 19:11:32:510,1.0626,-0.2558,10.1551,0.0041,-0.0092,9.8066,-0.0645,0.0835,-0.0515,-17.94,-31.69,-0.25,251.5,-83.66,172.18
52.416306,-1.536354,157.7,10.14,3,43.34,21 / 21,3325929,2019-09-06 19:11:32:611,0.1049,-0.7267,10.2983,0.0041,-0.0061,9.8066,0.0294,-0.0331,0.0326,-16.37,-31.12,-1.62,244.62,-83.75,172.57
52.416306,-1.536354,157.7,10.14,3,43.34,21 / 21,3326029,2019-09-06 19:11:32:711,3.2019,0.5901,9.3563,-0.0114,-0.0098,9.8066,-0.1827,-0.0145,0.0302,-14.94,-31.44,-4.62,234.78,-83.8,173.05
52.416306,-1.536354,157.7,10.14,3,43.34,21 / 21,3326129,2019-09-06 19:11:32:811,-3.7999,-1.011,9.6452,-0.0314,-0.0147,9.8065,-0.0709,0.0963,-0.0384,-16.94,-32.12,-6.56,232.62,-83.87,173.37
52.416306,-1.536354,157.7,10.14,3,43.34,21 / 21,3326228,2019-09-06 19:11:32:910,-2.7959,-1.4983,9.0669,-0.0543,-0.0217,9.8064,0.1532,-0.132,-0.0086,-18.69,-33,-6.19,237.31,-84.06,173.02
52.416306,-1.536354,157.7,10.14,3,43.34,21 / 21,3326329,2019-09-06 19:11:33:011,0.4705,1.6239,10.196,0.0424,-0.0101,9.8065,0.1668,-0.1637,0.1335,-18.37,-33.56,-3.81,242.96,-83.91,175.44
52.416306,-1.536354,157.7,10.14,3,43.34,21 / 21,3326428,2019-09-06 19:11:33:110,0.5169,-0.4022,10.3388,-0.0108,-0.0059,9.8066,-0.0079,-0.0567,-0.0155,-17.31,-32.94,-3.81,241.99,-84.08,175.06
52.416306,-1.536354,157.7,10.14,3,43.34,21 / 21,3326529,2019-09-06 19:11:33:211,-0.8162,-1.9327,10.382,0.0159,-0.0023,9.8066,0.2798,-0.085,0.0701,-17.69,-33.12,-3.62,244.11,-83.99,176.27
52.416306,-1.536354,157.7,10.14,3,43.34,21 / 21,3326628,2019-09-06 19:11:33:310,0.4242,-1.1916,9.9943,-0.0024,0.001,9.8066,0.1834,0.039,0.0245,-18.5,-33,-4.44,245.27,-83.81,177.82
52.416306,-1.536354,157.7,10.14,3,43.34,21 / 21,3326729,2019-09-06 19:11:33:411,-0.2693,1.3822,9.664,0.0149,0.0206,9.8066,-0.036,0.132,-0.0439,-18.06,-33.12,-4.62,241.96,-83.59,177.42
52.416306,-1.536354,157.7,10.14,3,43.34,21 / 21,3326828,2019-09-06 19:11:33:510,-1.9686,-4.204,10.6229,0.031,0.0313,9.8065,-0.0382,0.2348,-0.1321,-18.37,-33.25,-4.25,243.55,-83.48,176.47
52.416306,-1.536354,157.7,10.14,3,43.34,21 / 21,3326929,2019-09-06 19:11:33:611,0.4076,-1.099,8.6429,-0.0172,0.0133,9.8065,-0.0481,0.1101,-0.0103,-17.44,-33.56,-3.69,239.65,-83.71,173.39
52.416306,-1.536354,157.7,10.14,3,43.34,21 / 21,3327028,2019-09-06 19:11:33:710,-1.1835,1.0706,9.4235,-0.0358,-0.0246,9.8065,0.2297,0.0356,0.0018,-18.5,-34,-3.25,245.78,-83.91,175.56
52.416306,-1.536354,157.7,10.14,3,43.34,21 / 21,3327128,2019-09-06 19:11:33:810,-3.7977,-1.7231,9.6963,-0.101,-0.0086,9.8061,-0.1369,-0.1055,-0.0024,-17.62,-32.94,-1.87,250.13,-84.01,176.72
52.416306,-1.536354,157.7,10.14,3,43.34,21 / 21,3327229,2019-09-06 19:11:33:911,-0.2398,-1.277,10.5641,-0.0382,-0.0216,9.8065,0.1579,-0.0116,-0.0138,-17.87,-32.56,-2.94,246.44,-84.48,175.01
52.416306,-1.536354,157.7,10.14,3,43.34,21 / 21,3327329,2019-09-06 19:11:34:011,1.102,-1.135,10.5312,0.0702,0.0204,9.8063,0.0765,0.0041,0.0615,-17.69,-33.06,-3.19,245.29,-84.08,174.43
52.416306,-1.536354,157.7,10.14,3,43.34,21 / 21,3327429,2019-09-06 19:11:34:111,-0.0516,0.0262,10.243,0.0103,0.0032,9.8066,0.2737,-0.0425,-0.0454,-18.31,-33.75,-4.31,242.36,-84.11,174.45
52.416306,-1.536354,157.7,10.14,3,43.34,21 / 21,3327528,2019-09-06 19:11:34:210,-1.019,-1.6056,9.328,0.0135,0.0277,9.8065,-0.1912,-0.0579,-0.0368,-18.94,-34.87,-5.44,239.15,-83.95,173.07
52.416306,-1.536354,157.7,10.14,3,43.34,21 / 21,3327629,2019-09-06 19:11:34:311,-0.8794,-0.6297,9.3771,0.0056,0.0204,9.8066,-0.1353,0.0111,-0.0083,-19.87,-35.37,-5.5,238.57,-84.15,170.99
52.416306,-1.536354,157.7,10.14,3,43.34,21 / 21,3327729,2019-09-06 19:11:34:411,-1.2443,-0.8837,9.8204,-0.0299,-0.0212,9.8065,0.0388,-0.0224,-0.0086,-20.75,-35.56,-6.06,235.79,-84.32,169.39
52.416306,-1.536354,157.7,10.14,3,43.34,21 / 21,3327829,2019-09-06 19:11:34:511,-1.353,-0.3816,9.9272,-0.014,-0.0128,9.8066,0.0441,-0.0566,-0.0163,-21.81,-35.44,-6.19,237.89,-84.57,170.12
52.416306,-1.536354,157.7,10.14,3,43.34,21 / 21,3327928,2019-09-06 19:11:34:610,-0.7805,-0.5327,9.495,0.0301,0.0181,9.8066,-0.0725,-0.0632,0.0113,-22.31,-35.44,-3.81,241.5,-84.68,169.05
52.416306,-1.536354,157.7,10.14,3,43.34,21 / 21,3328028,2019-09-06 19:11:34:710,-1.7043,0.1333,8.5374,0.0374,0.0139,9.8066,-0.2313,0.0508,0.0078,-18.87,-35.06,-1.94,243.58,-84.45,168.65
52.416306,-1.536354,157.7,10.14,3,43.34,21 / 21,3328128,2019-09-06 19:11:34:810,-1.3646,-1.508,9.6583,-0.0421,-0.0242,9.8065,0.0094,0.0256,0.007,-17.25,-34.25,-1.75,246.19,-84.84,172.24
52.416306,-1.536354,157.7,10.14,3,43.34,21 / 21,3328228,2019-09-06 19:11:34:910,0.0414,-0.5326,9.6224,-0.0663,-0.019,9.8063,0.1236,0.1199,-0.008,-15.5,-33.5,-3.5,240.4,-85.07,170.92
52.416306,-1.536354,157.7,10.14,3,43.34,21 / 21,3328329,2019-09-06 19:11:35:011,-3.1725,1.2913,9.5952,-0.0127,0.0008,9.8066,0.041,-0.1425,0.1553,-16.25,-33.62,-4.19,235.9,-85.11,168.23
52.416306,-1.536354,157.7,10.14,3,43.34,21 / 21,3328428,2019-09-06 19:11:35:110,-1.3917,-2.3278,9.6513,-0.0068,-0.0057,9.8066,0.0671,-0.072,0.1106,-17.75,-33,-4.19,240.12,-85.19,170.07
52.416306,-1.536354,157.7,10.14,3,43.34,21 / 21,3328528,2019-09-06 19:11:35:210,-0.9631,1.2722,8.9347,-0.0285,-0.006,9.8066,0.0805,0.0817,-0.0844,-20.31,-33.62,-3.62,242.91,-85.13,171.39
52.416306,-1.536354,157.7,10.14,3,43.34,21 / 21,3328628,2019-09-06 19:11:35:310,0.8726,-0.5781,9.8843,-0.0158,0.0041,9.8065,0.0166,-0.0758,0.0048,-19.56,-33.44,-3.37,244.67,-85.08,170.41
52.416306,-1.536354,157.7,10.14,3,43.34,21 / 21,3328728,2019-09-06 19:11:35:410,-1.3031,-1.7816,10.0666,0.0005,0.0043,9.8066,-0.0631,0.1086,-0.0638,-19.87,-33.75,-3.31,243.01,-85.11,168.81
52.416306,-1.536354,157.7,10.14,3,43.34,21 / 21,3328829,2019-09-06 19:11:35:511,-3.3796,-2.9977,9.3111,0.0207,0.013,9.8065,-0.023,0.0147,-0.0292,-18.12,-33.94,-4.56,234.76,-85.12,167.47
52.416306,-1.536354,157.7,10.14,3,43.34,21 / 21,3328928,2019-09-06 19:11:35:610,-3.6173,-0.6796,9.3524,-0.0503,-0.0157,9.8065,0.0608,-0.0361,0.0256,-17.94,-34.62,-5.44,234.34,-85.15,167.18
52.416306,-1.536354,157.7,10.14,3,43.34,21 / 21,3329028,2019-09-06 19:11:35:710,-0.0988,0.2565,10.2312,-0.0094,-0.0045,9.8066,0.0282,0.0197,-0.0396,-16.5,-34.87,-5.87,228.9,-85.29,166.66
52.416306,-1.536354,157.7,10.14,3,43.34,21 / 21,3329128,2019-09-06 19:11:35:810,-1.3751,1.163,9.134,-0.0083,-0.017,9.8066,0.0346,0.1005,-0.0411,-16.37,-33.94,-6.37,229.57,-85.18,167.35
52.416306,-1.536354,157.7,10.14,3,43.34,21 / 21,3329228,2019-09-06 19:11:35:910,-2.1903,-2.3408,9.2609,-0.003,0.0062,9.8066,-0.0058,-0.0783,0.0455,-16.5,-34.37,-6.56,227.07,-85.11,167.58
52.416306,-1.536354,157.7,10.14,3,43.34,21 / 21,3329328,2019-09-06 19:11:36:010,-0.2963,1.0663,9.8001,-0.0376,-0.0044,9.8065,0.0313,-0.0417,0.0716,-15.94,-33.87,-7.37,227.22,-85.07,167.81
52.416306,-1.536354,157.7,10.14,3,43.34,21 / 21,3329429,2019-09-06 19:11:36:111,-2.2609,-1.9735,9.7119,-0.014,-0.0119,9.8066,-0.0665,0.0171,-0.1046,-16.19,-33.19,-6.31,229.28,-85.3,166.64
52.416306,-1.536354,157.7,10.14,3,43.34,21 / 21,3329528,2019-09-06 19:11:36:210,0.3011,-1.1135,10.1537,0.0272,0.0098,9.8066,-0.0981,0.0526,0.0473,-15.75,-32.25,-6.06,229.19,-85.38,166.22
52.416306,-1.536354,157.7,10.14,3,43.34,21 / 21,3329628,2019-09-06 19:11:36:310,-2.2268,-0.9675,10.5376,0.0413,0.0025,9.8065,-0.126,-0.03,-0.0334,-16.87,-32.31,-3.94,236.61,-85.36,166.88
52.416306,-1.536354,157.7,10.14,3,43.34,21 / 21,3329729,2019-09-06 19:11:36:411,-1.3967,-1.0389,9.3745,0.0347,0.0183,9.8065,-0.1886,-0.0057,0.0093,-18,-32,-4.19,237.38,-85.31,166.69
52.416306,-1.536354,157.7,10.14,3,43.34,21 / 21,3329829,2019-09-06 19:11:36:511,-2.3371,-0.9148,9.8258,0.0227,0.0103,9.8066,-0.039,0.0131,0.0109,-18.06,-32.94,-3.69,236.32,-85.44,165.58
52.416306,-1.536354,157.7,10.14,3,43.34,21 / 21,3329929,2019-09-06 19:11:36:611,-2.4283,-1.7197,9.9553,-0.032,-0.0049,9.8066,0.1096,-0.0246,-0.0492,-18.25,-33.5,-3.62,236.09,-85.53,165.21
52.416306,-1.536354,157.7,10.14,3,43.34,21 / 21,3330029,2019-09-06 19:11:36:711,-1.74,-1.2813,9.5197,-0.0153,-0.0037,9.8066,0.0405,-0.0681,-0.0103,-18.19,-33.75,-3.5,237.62,-85.51,164.09
52.416306,-1.536354,157.7,10.14,3,43.34,21 / 21,3330128,2019-09-06 19:11:36:810,-0.8987,-0.2775,9.8936,-0.0115,-0.0045,9.8066,-0.0176,-0.0204,-0.0306,-16.31,-34,-4.06,231.63,-85.59,162.74
52.416306,-1.536354,157.7,10.14,3,43.34,21 / 21,3330229,2019-09-06 19:11:36:911,-0.4632,0.0141,10.0798,-0.0171,0.0048,9.8066,-0.0845,-0.0193,-0.0716,-16.94,-34.19,-3.56,232.21,-85.59,162.17
52.416306,-1.536354,157.7,10.14,3,43.34,21 / 21,3330329,2019-09-06 19:11:37:011,-1.572,-0.3217,9.994,0.0092,-0.0007,9.8066,0.0544,0.015,0.0017,-16.44,-34.12,-4.19,229.28,-85.6,160.14
52.416855,-1.53546,158.45,6.1,3,44.3,20 / 20,3330428,2019-09-06 19:11:37:110,-1.6236,-0.8936,10.2022,0.0063,0.0022,9.8066,0.045,-0.0125,0.0348,-16.44,-34.12,-3.87,229.94,-85.64,160.8
52.416855,-1.53546,158.45,6.1,3,44.3,20 / 20,3330529,2019-09-06 19:11:37:211,-1.2336,-0.6799,9.8801,-0.0265,-0.0167,9.8065,0.0813,0.0016,0.0136,-16.69,-34.19,-4.12,230.42,-85.78,159.93
52.416855,-1.53546,158.45,6.1,3,44.3,20 / 20,3330628,2019-09-06 19:11:37:310,-1.4642,-0.3394,10.0038,-0.0116,-0.0063,9.8066,-0.0036,0.0257,-0.0319,-16.5,-34.56,-3.87,229.86,-85.69,160.83
52.416855,-1.53546,158.45,6.1,3,44.3,20 / 20,3330728,2019-09-06 19:11:37:410,-1.192,-0.223,9.9534,0.0066,-0.0054,9.8066,0.0287,0.0362,0.0125,-16.44,-34.31,-4.12,229.96,-85.72,160.7
52.416855,-1.53546,158.45,6.1,3,44.3,20 / 20,3330828,2019-09-06 19:11:37:510,-1.6863,-1.2248,10.1904,0.0036,-0.0112,9.8066,-0.0149,-0.022,0.0086,-17.37,-33.69,-4.5,233.23,-85.74,163.06
52.416855,-1.53546,158.45,6.1,3,44.3,20 / 20,3330929,2019-09-06 19:11:37:611,-1.5512,-1.4424,9.9859,0.0062,0.0089,9.8066,0.0104,0.0299,0.0387,-17.81,-33.31,-5.19,231.09,-85.77,162.37
52.416855,-1.53546,158.45,6.1,3,44.3,20 / 20,3331028,2019-09-06 19:11:37:710,-1.9991,-1.1222,9.643,0.0108,0.0044,9.8066,-0.0191,0.043,-0.0262,-16.87,-33.5,-5,229.76,-85.71,162.18
52.416855,-1.53546,158.45,6.1,3,44.3,20 / 20,3331129,2019-09-06 19:11:37:811,-1.7148,-0.2508,9.7817,-0.0201,0.0002,9.8066,0.0832,0.0275,-0.0063,-17.19,-33.12,-5.25,227.59,-85.64,159.91
52.416855,-1.53546,158.45,6.1,3,44.3,20 / 20,3331228,2019-09-06 19:11:37:910,-1.6145,0.1597,9.5958,-0.0127,-0.0081,9.8066,0.0001,0.0764,-0.0213,-18.06,-33.19,-5.06,228.75,-85.58,160.07
52.416855,-1.53546,158.45,6.1,3,44.3,20 / 20,3331329,2019-09-06 19:11:38:011,-2.0067,-0.3255,9.9761,0,-0.0052,9.8066,0.0467,0.0325,0.0032,-18.44,-33.5,-5,229.51,-85.56,160.93
52.416855,-1.53546,158.45,6.1,3,44.3,21 / 21,3331431,2019-09-06 19:11:38:113,-1.5373,0.1596,9.8894,0.0109,-0.0016,9.8066,0.0156,0.0285,0.0272,-17.94,-33,-3.81,232.6,-85.64,161.27
52.416855,-1.53546,158.45,6.1,3,44.3,21 / 21,3331529,2019-09-06 19:11:38:211,-1.8528,-0.1192,9.804,0.0002,-0.0021,9.8066,-0.0196,0.0741,-0.0316,-17.87,-33.06,-4.12,233.73,-85.63,162.5
52.416855,-1.53546,158.45,6.1,3,44.3,21 / 21,3331629,2019-09-06 19:11:38:311,-2.1565,-0.573,10.125,-0.0073,-0.0012,9.8066,-0.0246,0.0813,-0.0136,-17.62,-33.5,-3.87,233.19,-85.79,161.69
52.416855,-1.53546,158.45,6.1,3,44.3,21 / 21,3331729,2019-09-06 19:11:38:411,-2.3736,-0.4401,10.8423,-0.0054,0.0003,9.8066,0.0093,0.0647,-0.0054,-17.25,-33.81,-3.37,234.27,-85.86,160.84
52.416855,-1.53546,158.45,6.1,3,44.3,21 / 21,3331828,2019-09-06 19:11:38:510,-2.0719,-0.5905,10.234,0.006,0.0101,9.8066,-0.0129,0.1128,-0.0328,-16.62,-33.81,-3.5,233.41,-85.8,160.01
52.416855,-1.53546,158.45,6.1,3,44.3,21 / 21,3331929,2019-09-06 19:11:38:611,-1.6145,-0.1778,9.196,0.0101,0.0034,9.8066,0.0453,0.1113,0.0258,-15.87,-34.19,-4.06,229.16,-85.77,159.74
52.416855,-1.53546,158.45,6.1,3,44.3,21 / 21,3332029,2019-09-06 19:11:38:711,-2.5142,-0.5567,9.8135,-0.0021,-0.0228,9.8065,0.0073,0.0761,0.023,-15.19,-33.69,-4,229.16,-85.77,161.04
52.416855,-1.53546,158.45,6.1,3,44.3,21 / 21,3332129,2019-09-06 19:11:38:811,-2.2248,-1.1877,10.265,-0.0004,-0.0138,9.8066,0.0259,0.0825,0.0376,-14.87,-34.31,-4.56,229.98,-85.93,165.07
52.416855,-1.53546,158.45,6.1,3,44.3,21 / 21,3332228,2019-09-06 19:11:38:910,-2.1021,-1.0079,10.3951,0.003,-0.0066,9.8066,0.0522,0.0775,0.0066,-15.62,-35,-5.19,232.48,-85.96,166.47
52.416855,-1.53546,158.45,6.1,3,44.3,21 / 21,3332328,2019-09-06 19:11:39:010,-1.2689,-0.5592,9.8451,0.0094,0.0008,9.8066,0.0201,0.0983,-0.0296,-15.81,-34.37,-5.12,233.51,-85.89,167.51
52.416855,-1.53546,158.45,6.1,3,44.3,20 / 20,3332428,2019-09-06 19:11:39:110,-2.1888,-0.518,9.7928,0.0093,0.0053,9.8066,0.0078,0.0943,0.0121,-15.19,-34,-5.81,228.48,-85.79,166.85
52.416855,-1.53546,158.45,6.1,3,44.3,20 / 20,3332529,2019-09-06 19:11:39:211,-1.8199,-1.0784,10.0431,0.0069,0.0032,9.8066,-0.0025,0.1049,-0.0172,-14.81,-34.75,-5.81,228.72,-85.8,167.31
52.416855,-1.53546,158.45,6.1,3,44.3,20 / 20,3332628,2019-09-06 19:11:39:310,-1.8041,-0.8147,10.0898,0.0026,0.0013,9.8066,-0.0331,0.1203,0.0306,-14.75,-35.25,-5.12,231.04,-85.84,166.57
52.416855,-1.53546,158.45,6.1,3,44.3,20 / 20,3332728,2019-09-06 19:11:39:410,-1.0901,-0.9833,9.8537,-0.0009,-0.0014,9.8066,-0.0407,0.0994,0.0177,-14.69,-34.94,-5.81,228.52,-85.86,166.99
52.416855,-1.53546,158.45,6.1,3,44.3,20 / 20,3332829,2019-09-06 19:11:39:511,-1.0339,-0.6209,9.6419,-0.0094,-0.0087,9.8065,0.0257,0.0793,0.0011,-13.94,-34.69,-6.06,227.61,-86,167.55
52.416855,-1.53546,158.45,6.1,3,44.3,20 / 20,3332928,2019-09-06 19:11:39:610,-0.6473,-0.5789,9.8385,-0.0083,-0.0059,9.8066,-0.017,0.0987,0.0058,-14.12,-34.87,-6,227.87,-86.08,167.7
52.416855,-1.53546,158.45,6.1,3,44.3,20 / 20,3333028,2019-09-06 19:11:39:710,-0.3496,-0.7351,9.8361,0.0013,0.0023,9.8066,0.0038,0.0812,0.0102,-13.5,-35,-6.69,222.62,-86.11,167.12
52.416855,-1.53546,158.45,6.1,3,44.3,20 / 20,3333129,2019-09-06 19:11:39:811,-0.5509,-0.2162,9.83,-0.001,-0.0045,9.8066,0.0251,0.096,-0.0201,-13.81,-34.94,-6.69,224.89,-86.16,167.46
52.416855,-1.53546,158.45,6.1,3,44.3,20 / 20,3333229,2019-09-06 19:11:39:911,-0.581,-0.3713,9.9002,-0.0035,-0.0006,9.8066,-0.0151,0.0794,0.0222,-13.44,-34.19,-6.12,226.23,-86.2,167.49
52.416855,-1.53546,158.45,6.1,3,44.3,20 / 20,3333329,2019-09-06 19:11:40:011,-0.5382,-0.7835,9.8152,0.0052,-0.0036,9.8065,-0.0383,0.0655,0.0125,-13.81,-35.12,-6.81,225.53,-86.27,168
52.416855,-1.53546,158.45,6.1,3,44.3,21 / 21,3333429,2019-09-06 19:11:40:111,-0.5433,-0.9506,9.9407,-0.0102,-0.0098,9.8066,0.0335,0.0397,0.0026,-13.31,-35.37,-7.25,224.33,-86.44,168.49
52.416855,-1.53546,158.45,6.1,3,44.3,21 / 21,3333529,2019-09-06 19:11:40:211,-0.39,-0.5039,9.8987,-0.0086,-0.0116,9.8066,-0.0176,0.0341,-0.0057,-13.94,-35,-6.37,229.71,-86.48,169.04
52.416855,-1.53546,158.45,6.1,3,44.3,21 / 21,3333628,2019-09-06 19:11:40:310,-0.6162,-0.8534,9.9792,0.0042,0.0056,9.8066,-0.035,0.0354,0.0048,-13.87,-35.25,-6.5,229.76,-86.5,169.06
52.416855,-1.53546,158.45,6.1,3,44.3,21 / 21,3333729,2019-09-06 19:11:40:411,-0.4268,-0.8596,9.9095,0.0014,-0.0022,9.8066,0.0132,0.0257,-0.0068,-14.12,-35.19,-6.25,229.81,-86.59,168.96
52.416855,-1.53546,158.45,6.1,3,44.3,21 / 21,3333829,2019-09-06 19:11:40:511,-0.1482,-0.5916,9.8342,-0.0088,-0.0039,9.8066,-0.0039,0.0227,-0.0047,-14,-35.12,-6.06,229.65,-86.67,168.64
52.416855,-1.53546,158.45,6.1,3,44.3,21 / 21,3333929,2019-09-06 19:11:40:611,-0.1011,-0.3259,9.775,-0.0075,-0.0014,9.8066,-0.0041,0.0157,0.0029,-14.06,-35.37,-6.19,229.02,-86.79,167.75
52.416855,-1.53546,158.45,6.1,3,44.3,21 / 21,3334029,2019-09-06 19:11:40:711,-0.0902,-0.2882,9.883,-0.0074,-0.0037,9.8066,-0.0024,0.014,-0.0201,-14.06,-35.06,-6.12,228.68,-86.9,167.19
52.416855,-1.53546,158.45,6.1,3,44.3,21 / 21,3334129,2019-09-06 19:11:40:811,0.4474,-0.0424,9.9069,-0.0097,-0.0005,9.8066,0.0154,0.01,0.0083,-13.62,-35.5,-6.5,227.7,-86.97,166.02
52.416855,-1.53546,158.45,6.1,3,44.3,21 / 21,3334229,2019-09-06 19:11:40:911,0.377,-0.1382,9.7584,-0.0025,-0.0042,9.8066,0.005,0.0008,0.0151,-13.94,-34.81,-6.62,224.69,-87.03,165.9
52.416855,-1.53546,158.45,6.1,3,44.3,21 / 21,3334329,2019-09-06 19:11:41:011,0.6394,0.0954,9.7541,-0.0023,-0.0027,9.8066,0.0037,0.0034,-0.0017,-14,-35.44,-7.25,224.9,-87.07,166.05
52.416855,-1.53546,158.45,6.1,3,44.3,20 / 20,3334428,2019-09-06 19:11:41:110,0.8314,0.219,9.7761,-0.0061,-0.003,9.8065,0.0031,0.002,-0.0051,-13.37,-35.56,-7.37,222.62,-87.12,165.64
52.416855,-1.53546,158.45,6.1,3,44.3,20 / 20,3334528,2019-09-06 19:11:41:210,0.7809,0.1628,9.7724,-0.0132,-0.0058,9.8066,-0.0038,0.0012,-0.0124,-13.56,-35.25,-6.12,226.56,-87.24,164.33
52.416855,-1.53546,158.45,6.1,3,44.3,20 / 20,3334628,2019-09-06 19:11:41:310,0.818,0.1886,9.9544,0.001,-0.0007,9.8066,0.022,-0.0077,0.01,-13.56,-35.12,-6.5,226.46,-87.3,164.13
52.416855,-1.53546,158.45,6.1,3,44.3,20 / 20,3334730,2019-09-06 19:11:41:412,0.934,0.3514,9.8314,-0.005,-0.0021,9.8066,-0.0152,-0.0109,0.0099,-12.81,-34.94,-6.75,221.29,-87.38,163.67
52.416855,-1.53546,158.45,6.1,3,44.3,20 / 20,3334828,2019-09-06 19:11:41:510,0.6964,0.2568,9.8274,-0.0072,-0.0049,9.8066,-0.0204,0.0105,-0.0098,-13,-35.31,-6.94,220.56,-87.5,162.68
52.416855,-1.53546,158.45,6.1,3,44.3,20 / 20,3334929,2019-09-06 19:11:41:611,0.541,0.0707,9.7208,-0.0028,-0.0016,9.8066,-0.0132,-0.0023,0.0167,-12.81,-34.81,-7.25,220.32,-87.57,162.32
52.416855,-1.53546,158.45,6.1,3,44.3,20 / 20,3335029,2019-09-06 19:11:41:711,0.3675,-0.2029,9.7578,-0.0148,-0.0085,9.8065,-0.0332,0.0052,0.0035,-13.06,-35,-6.87,220.26,-87.64,162.15
52.416855,-1.53546,158.45,6.1,3,44.3,20 / 20,3335129,2019-09-06 19:11:41:811,0.2771,-0.2446,9.8257,-0.0125,-0.0078,9.8066,0.0506,0.0084,-0.0009,-13.06,-35.19,-6.94,219.49,-87.78,161.11
52.416855,-1.53546,158.45,6.1,3,44.3,20 / 20,3335230,2019-09-06 19:11:41:912,0.4522,-0.0669,10.0446,-0.0087,-0.003,9.8066,-0.0251,0.0049,0.0058,-13.19,-35,-6.94,218.41,-87.9,159.79
52.416855,-1.53546,158.45,6.1,3,44.3,20 / 20,3335330,2019-09-06 19:11:42:012,0.2442,-0.0159,10.0537,-0.0085,-0.0029,9.8066,-0.0109,-0.0051,-0.01,-12.69,-34.81,-7.12,217.19,-87.95,158.41
52.416855,-1.53546,158.45,6.1,3,44.3,21 / 21,3335429,2019-09-06 19:11:42:111,0.1565,-0.119,9.9026,0.0044,0.0026,9.8066,-0.0365,-0.0031,0.0083,-12.56,-35,-6.87,215.41,-88.03,156.4
52.416855,-1.53546,158.45,6.1,3,44.3,21 / 21,3335528,2019-09-06 19:11:42:210,0.1125,-0.1085,9.8086,0.0046,0.0033,9.8066,-0.0271,0.0093,-0.0079,-13.31,-34.75,-6.75,215.27,-88.06,156.21
52.416855,-1.53546,158.45,6.1,3,44.3,21 / 21,3335628,2019-09-06 19:11:42:310,-0.0938,-0.4408,9.8894,-0.0099,-0.0057,9.8066,0.0006,-0.0078,0.0021,-12.87,-34.19,-6.56,213.24,-88.18,153.82
52.416855,-1.53546,158.45,6.1,3,44.3,21 / 21,3335728,2019-09-06 19:11:42:410,0.0275,-0.2669,9.844,-0.0085,-0.0053,9.8066,-0.0069,-0.0094,-0.0019,-13.31,-34.62,-6.56,212.72,-88.22,153.28
52.416855,-1.53546,158.45,6.1,3,44.3,21 / 21,3335829,2019-09-06 19:11:42:511,-0.0572,-0.3072,9.8869,-0.0033,-0.0012,9.8066,-0.0015,-0.0085,-0.0043,-13.5,-34.44,-6.69,211.65,-88.27,152.03
52.416855,-1.53546,158.45,6.1,3,44.3,21 / 21,3335929,2019-09-06 19:11:42:611,-0.2888,-0.4764,9.9188,-0.0079,-0.0018,9.8066,0.004,-0.0003,0.0061,-13.19,-34.62,-5.81,213,-88.32,150
52.416855,-1.53546,158.45,6.1,3,44.3,21 / 21,3336028,2019-09-06 19:11:42:710,-0.0687,-0.3172,9.9773,-0.0027,-0.0029,9.8066,0.0169,-0.0102,0.0015,-13.44,-34.37,-6.87,209.24,-88.36,149.38
52.416855,-1.53546,158.45,6.1,3,44.3,21 / 21,3336128,2019-09-06 19:11:42:810,0.1511,-0.1323,9.8463,-0.005,-0.003,9.8066,0.0198,-0.006,-0.0015,-13.06,-34.62,-5.87,212.07,-88.41,148.9
52.416855,-1.53546,158.45,6.1,3,44.3,21 / 21,3336229,2019-09-06 19:11:42:911,0.1402,-0.2214,9.9042,0.0004,0.0013,9.8066,-0.0146,-0.0198,-0.0022,-12.87,-34.06,-6.56,208.17,-88.43,148.18
52.416855,-1.53546,158.45,6.1,3,44.3,21 / 21,3336329,2019-09-06 19:11:43:011,0.4303,-0.0018,9.8638,-0.0009,0.0016,9.8066,0.0097,0.0017,0.0053,-13.19,-34.81,-6.81,207,-88.45,146.97
52.416855,-1.53546,158.45,6.1,3,44.3,20 / 20,3336428,2019-09-06 19:11:43:110,0.6568,0.0557,9.8521,-0.0044,-0.0034,9.8066,0.0124,-0.0008,0.0059,-13.31,-34.31,-6.94,206.23,-88.5,146.06
52.416855,-1.53546,158.45,6.1,3,44.3,20 / 20,3336528,2019-09-06 19:11:43:210,0.6722,0.0733,9.9167,-0.0027,-0.0021,9.8066,0.0201,-0.017,0.0019,-13.06,-34.31,-6.56,205.9,-88.52,145.67
52.416855,-1.53546,158.45,6.1,3,44.3,20 / 20,3336629,2019-09-06 19:11:43:311,0.622,0.0561,9.9444,-0.0031,-0.002,9.8066,0.0001,-0.0136,-0.001,-13.37,-34.37,-6.62,206.31,-88.54,146.09
52.416855,-1.53546,158.45,6.1,3,44.3,20 / 20,3336729,2019-09-06 19:11:43:411,0.686,-0.077,9.8706,-0.0031,-0.0002,9.8066,0.0044,-0.0061,0.0038,-13.19,-34,-6.75,204.99,-88.58,144.66
52.416855,-1.53546,158.45,6.1,3,44.3,20 / 20,3336829,2019-09-06 19:11:43:511,0.7157,0.0785,9.7628,-0.0021,-0.0011,9.8066,0.0007,-0.0094,-0.0057,-13.81,-34.5,-6.69,206.51,-88.6,144.42
52.416855,-1.53546,158.45,6.1,3,44.3,20 / 20,3336929,2019-09-06 19:11:43:611,0.6443,0.0359,9.8935,0.0043,0.0006,9.8066,0.0131,-0.014,0.0046,-13.25,-34.06,-6.31,207.78,-88.6,144.1
52.416855,-1.53546,158.45,6.1,3,44.3,20 / 20,3337029,2019-09-06 19:11:43:711,0.5705,0.1346,9.7601,-0.0044,-0.0023,9.8066,-0.0041,-0.0062,0.0047,-13.19,-33.81,-6.44,207.2,-88.61,143.47
52.416855,-1.53546,158.45,6.1,3,44.3,20 / 20,3337129,2019-09-06 19:11:43:811,0.1803,-0.0624,9.9904,-0.0008,0.0004,9.8066,0.0116,-0.0098,-0.0017,-12.37,-34.5,-6.62,200.95,-88.65,142.39
52.416855,-1.53546,158.45,6.1,3,44.3,20 / 20,3337229,2019-09-06 19:11:43:911,0.2916,-0.1165,9.9088,-0.0053,-0.0013,9.8066,-0.009,-0.0066,-0.0015,-13.12,-34.37,-5.75,204,-88.68,140.04
52.416855,-1.53546,158.45,6.1,3,44.3,20 / 20,3337330,2019-09-06 19:11:44:012,0.2675,-0.0639,9.8172,-0.0038,-0.0016,9.8065,-0.0024,-0.0168,0.0039,-13,-34.62,-5.94,202.9,-88.72,138.89
52.416855,-1.53546,158.45,6.1,3,44.3,21 / 21,3337429,2019-09-06 19:11:44:111,0.4106,-0.0589,9.7608,-0.0029,-0.0004,9.8066,-0.0083,-0.009,0.0009,-13.12,-34.62,-6.19,201.89,-88.74,137.81
52.416855,-1.53546,158.45,6.1,3,44.3,21 / 21,3337529,2019-09-06 19:11:44:211,0.4211,-0.0886,9.8102,-0.0032,-0.0017,9.8066,-0.0002,-0.0072,0.0024,-12.81,-34.81,-6.5,201.72,-88.75,137.62
52.416855,-1.53546,158.45,6.1,3,44.3,21 / 21,3337628,2019-09-06 19:11:44:310,0.5048,-0.0282,9.8218,-0.0028,-0.0007,9.8066,0.0007,-0.0066,0.0024,-13.37,-34.37,-6.06,201.2,-88.77,137.03
52.416855,-1.53546,158.45,6.1,3,44.3,21 / 21,3337728,2019-09-06 19:11:44:410,0.4612,0.0431,9.8205,-0.0006,-0.0001,9.8066,0.0092,-0.0013,-0.0007,-13.37,-34.87,-6.19,201.94,-88.77,137.83
52.416855,-1.53546,158.45,6.1,3,44.3,21 / 21,3337829,2019-09-06 19:11:44:511,0.5417,-0.0656,9.8763,-0.0025,-0.0009,9.8066,-0.0024,-0.0032,-0.0001,-13.25,-34.94,-6.31,200.98,-88.79,136.81
52.416855,-1.53546,158.45,6.1,3,44.3,21 / 21,3337929,2019-09-06 19:11:44:611,0.5453,0.0243,9.8135,0.0003,0.0004,9.8066,-0.0053,-0.0105,0.0022,-13.56,-34.5,-6.19,201.76,-88.81,135.94
52.416855,-1.53546,158.45,6.1,3,44.3,21 / 21,3338028,2019-09-06 19:11:44:710,0.8754,0.1631,9.7332,-0.001,0.0003,9.8066,-0.0193,-0.0128,-0.0036,-13.62,-34.87,-6.56,197.08,-88.83,134.41
52.416855,-1.53546,158.45,6.1,3,44.3,21 / 21,3338128,2019-09-06 19:11:44:810,0.6938,0.1481,9.7695,-0.0012,-0.0024,9.8066,-0.0025,0.0071,0.0142,-12.81,-35.19,-6.62,195.34,-88.84,134.37
52.416855,-1.53546,158.45,6.1,3,44.3,21 / 21,3338228,2019-09-06 19:11:44:910,0.6326,0.0208,9.9337,-0.0018,-0.0005,9.8066,-0.0012,-0.0082,-0.0012,-13.56,-35.06,-6.5,199.84,-88.86,133.92
52.416855,-1.53546,158.45,6.1,3,44.3,21 / 21,3338328,2019-09-06 19:11:45:010,1.0363,0.277,9.7671,0.0033,0.0009,9.8066,0.0113,-0.0043,-0.0094,-13.5,-35.06,-6.25,198.49,-88.87,134.14
52.416855,-1.53546,158.45,6.1,3,44.3,21 / 21,3338428,2019-09-06 19:11:45:110,1.1739,0.2798,9.7696,0.0056,0.0038,9.8066,-0.0205,0.0057,0.006,-13.87,-35,-6.69,197.49,-88.86,134.81
52.416855,-1.53546,158.45,6.1,3,44.3,21 / 21,3338529,2019-09-06 19:11:45:211,1.0396,0.3109,9.802,-0.0002,0.002,9.8066,0.0124,0.0002,-0.0013,-12.56,-34.75,-6.19,199.56,-88.85,135.27
52.416855,-1.53546,158.45,6.1,3,44.3,21 / 21,3338628,2019-09-06 19:11:45:310,1.143,0.433,9.8029,0.0005,-0.0014,9.8066,0.0083,-0.0035,-0.005,-13.37,-34.62,-6.25,200.34,-88.84,136.1
52.416855,-1.53546,158.45,6.1,3,44.3,21 / 21,3338729,2019-09-06 19:11:45:411,1.8907,0.4077,9.6977,0.0057,0.0009,9.8066,0.0119,-0.0111,-0.0047,-13.25,-34.12,-6.12,201.91,-88.84,137.71
52.416855,-1.53546,158.45,6.1,3,44.3,21 / 21,3338828,2019-09-06 19:11:45:510,1.6526,0.4992,9.7642,0.006,0.0018,9.8066,-0.0042,-0.0289,0.0075,-13.56,-34.75,-6.31,205.94,-88.79,140.36
52.416855,-1.53546,158.45,6.1,3,44.3,21 / 21,3338928,2019-09-06 19:11:45:610,2.5349,0.697,9.6565,0.0084,0.0019,9.8066,0.0256,-0.0217,0.0221,-14.06,-34.5,-5.44,213.25,-88.74,144.48
52.416855,-1.53546,158.45,6.1,3,44.3,21 / 21,3339029,2019-09-06 19:11:45:711,2.7533,0.5189,9.5953,0.0039,0.0035,9.8066,-0.0129,-0.0198,-0.0038,-14,-34.81,-5.31,213.54,-88.7,144.88
52.416855,-1.53546,158.45,6.1,3,44.3,21 / 21,3339128,2019-09-06 19:11:45:810,2.7139,1.021,9.6091,0.0022,-0.0017,9.8066,-0.0058,-0.0031,0.019,-14.25,-34.94,-5.62,214.29,-88.66,149.22
52.416855,-1.53546,158.45,6.1,3,44.3,21 / 21,3339228,2019-09-06 19:11:45:910,1.7256,0.523,9.7326,-0.0037,-0.0029,9.8066,0.0375,-0.0202,-0.0001,-14.5,-35.44,-5.87,214.21,-88.68,149.1
52.416855,-1.53546,158.45,6.1,3,44.3,21 / 21,3339329,2019-09-06 19:11:46:011,1.9673,0.495,9.8177,0.0029,0.0002,9.8066,0.0429,-0.0445,0.0032,-14,-35.06,-5.81,215.34,-88.64,150.34
52.41694,-1.535339,158.46,1.11,2,31.61,21 / 21,3339429,2019-09-06 19:11:46:111,2.5741,0.9645,9.5632,-0.0038,-0.0032,9.8066,0.0012,-0.0514,-0.0137,-13.75,-34.94,-5.81,216.01,-88.63,151.05
52.41694,-1.535339,158.46,1.11,2,31.61,21 / 21,3339528,2019-09-06 19:11:46:210,2.1143,0.7728,9.5307,0.0084,0.0049,9.8066,0.0339,-0.0114,0.0061,-14.31,-35.62,-5.56,218.27,-88.63,153.47
52.41694,-1.535339,158.46,1.11,2,31.61,21 / 21,3339629,2019-09-06 19:11:46:311,1.531,0.0338,9.8371,0.0011,0.0007,9.8066,-0.0054,-0.0575,-0.0054,-14.19,-35.25,-5.87,219.25,-88.6,154.47
52.41694,-1.535339,158.46,1.11,2,31.61,21 / 21,3339728,2019-09-06 19:11:46:410,1.3035,0.4488,9.7276,0.0021,0.0032,9.8066,0.0043,-0.0618,-0.0092,-14.06,-35.06,-5.44,221.84,-88.54,153.78
52.41694,-1.535339,158.46,1.11,2,31.61,21 / 21,3339828,2019-09-06 19:11:46:510,1.5735,0.2086,9.6945,0.0104,0.0052,9.8066,-0.0498,-0.0713,0.0127,-13.69,-35.37,-5.81,218.73,-88.51,154.07
52.41694,-1.535339,158.46,1.11,2,31.61,21 / 21,3339929,2019-09-06 19:11:46:611,0.6991,0.1393,9.7748,-0.0033,-0.0043,9.8066,0.0402,-0.1119,-0.0016,-13.5,-35.12,-6.25,217.36,-88.56,154.27
52.41694,-1.535339,158.46,1.11,2,31.61,21 / 21,3340029,2019-09-06 19:11:46:711,0.677,-0.1558,9.7449,0.0045,-0.0019,9.8066,0.0376,-0.0503,-0.0111,-14.12,-34.75,-6.19,220.45,-88.55,155.8
52.41694,-1.535339,158.46,1.11,2,31.61,21 / 21,3340129,2019-09-06 19:11:46:811,1.0005,-0.6756,10.0752,-0.0134,-0.0055,9.8066,0.0265,-0.1043,0.047,-15.31,-35,-5.25,230.02,-88.52,160.96
52.41694,-1.535339,158.46,1.11,2,31.61,21 / 21,3340229,2019-09-06 19:11:46:911,0.7381,-0.3736,10.1889,-0.0161,-0.0027,9.8066,0.0769,-0.1188,-0.026,-14.81,-35.06,-5.19,227.53,-88.55,158.32
52.41694,-1.535339,158.46,1.11,2,31.61,21 / 21,3340328,2019-09-06 19:11:47:010,0.9541,0.0042,9.5703,0.0197,0.0112,9.8066,0.0927,-0.1045,-0.0167,-14.94,-35.06,-5.37,227.41,-88.38,158.48
52.41694,-1.535339,158.46,1.11,2,31.61,20 / 20,3340428,2019-09-06 19:11:47:110,0.5694,0.4651,9.4855,0.0123,0.002,9.8066,-0.1017,-0.084,0.0324,-15.37,-35.75,-5.06,227.56,-88.41,158.67
52.41694,-1.535339,158.46,1.11,2,31.61,20 / 20,3340529,2019-09-06 19:11:47:211,0.0307,-0.436,9.8948,-0.0158,-0.0076,9.8066,0.0304,-0.0928,-0.0075,-15.19,-35.87,-4.81,227.11,-88.56,157.93
52.41694,-1.535339,158.46,1.11,2,31.61,20 / 20,3340631,2019-09-06 19:11:47:313,-0.0251,-0.5937,9.9796,-0.0027,-0.0089,9.8066,0.0308,-0.1099,0.0199,-15.44,-35.87,-4.94,229.11,-88.59,159.96
52.41694,-1.535339,158.46,1.11,2,31.61,20 / 20,3340729,2019-09-06 19:11:47:411,-0.1185,-0.5049,9.927,-0.0055,-0.0052,9.8066,0.0171,-0.1073,0.0085,-15.87,-35.44,-5,233.44,-88.59,163.15
52.41694,-1.535339,158.46,1.11,2,31.61,20 / 20,3340829,2019-09-06 19:11:47:511,0.3515,0.0102,9.7587,-0.0066,-0.0002,9.8066,0.0563,-0.1021,0.0046,-15.69,-35.62,-4.94,234.17,-88.59,163.98
52.41694,-1.535339,158.46,1.11,2,31.61,20 / 20,3340928,2019-09-06 19:11:47:610,0.0667,0.1289,9.7775,0.013,0.0055,9.8066,-0.0295,-0.1125,-0.001,-15.81,-35,-4.81,235.17,-88.43,165.2
52.41694,-1.535339,158.46,1.11,2,31.61,20 / 20,3341028,2019-09-06 19:11:47:710,-0.0874,0.0539,9.7183,0.0186,0.0059,9.8066,-0.0352,-0.0713,0.0196,-15.94,-35.37,-4.69,236.15,-88.36,166.34
52.41694,-1.535339,158.46,1.11,2,31.61,20 / 20,3341129,2019-09-06 19:11:47:811,0.0189,-0.1579,9.6792,0.0066,-0.0039,9.8066,0.0009,-0.0775,0.032,-15.44,-34.81,-4.69,238.4,-88.31,170.01
52.41694,-1.535339,158.46,1.11,2,31.61,20 / 20,3341229,2019-09-06 19:11:47:911,-0.2977,-0.4459,9.9514,0.0009,-0.0044,9.8066,-0.0034,-0.0734,-0.0086,-16,-35.19,-4.75,241.29,-88.27,171.81
52.41694,-1.535339,158.46,1.11,2,31.61,20 / 20,3341328,2019-09-06 19:11:48:010,-0.3128,-0.2459,9.7961,0.0067,0.0035,9.8066,0.0266,-0.0688,0.0053,-16.19,-35.25,-3.87,244.74,-88.19,172.25
52.41694,-1.535339,158.46,1.11,2,31.61,21 / 21,3341429,2019-09-06 19:11:48:111,-0.355,-0.2796,9.8768,0.0045,0.0062,9.8066,0.0002,-0.0456,-0.0242,-16.37,-35.56,-3.87,243.78,-88.07,171.59
52.41694,-1.535339,158.46,1.11,2,31.61,21 / 21,3341529,2019-09-06 19:11:48:211,-0.4653,-0.1114,9.8926,0.0032,0.0062,9.8066,0.0297,-0.0551,-0.0052,-15.94,-36,-3.62,242.26,-87.98,170.19
52.41694,-1.535339,158.46,1.11,2,31.61,21 / 21,3341628,2019-09-06 19:11:48:310,-0.5683,-0.3685,9.9172,0.004,0.0059,9.8066,0.016,-0.0526,-0.0162,-16.44,-35.87,-3.87,240.49,-87.87,168.56
52.41694,-1.535339,158.46,1.11,2,31.61,21 / 21,3341729,2019-09-06 19:11:48:411,-0.4828,-0.2496,9.9715,0.0001,0.0063,9.8066,0.0072,-0.0337,-0.0171,-17.12,-36.06,-3.81,239.14,-87.8,166.26
52.41694,-1.535339,158.46,1.11,2,31.61,21 / 21,3341828,2019-09-06 19:11:48:510,-0.3506,-0.069,9.9335,0.0004,0.0065,9.8066,0.0132,-0.0433,-0.0147,-16.62,-36.12,-3.69,237.73,-87.74,164.9
52.41694,-1.535339,158.46,1.11,2,31.61,21 / 21,3341929,2019-09-06 19:11:48:611,0.0213,0.022,9.9659,0.0092,0.0047,9.8066,0.0164,-0.0225,0.0107,-16.94,-35.75,-4.25,236.67,-87.61,164.02
52.41694,-1.535339,158.46,1.11,2,31.61,21 / 21,3342029,2019-09-06 19:11:48:711,0.1953,0.0513,9.6843,0.0064,0.0046,9.8066,0.0071,-0.0366,0.0003,-16.69,-35.69,-3.87,236.71,-87.51,164.22
52.41694,-1.535339,158.46,1.11,2,31.61,21 / 21,3342129,2019-09-06 19:11:48:811,0.5308,0.084,9.7418,0.0077,0.0011,9.8066,0.0165,-0.0378,0.0007,-16.69,-35.62,-3.62,236.64,-87.46,164.23
52.41694,-1.535339,158.46,1.11,2,31.61,21 / 21,3342229,2019-09-06 19:11:48:911,0.6213,0.2103,9.7885,0.0111,-0.0007,9.8066,0.0057,-0.0344,0.0116,-16.62,-34.94,-3.81,238.07,-87.36,165.78
52.41694,-1.535339,158.46,1.11,2,31.61,21 / 21,3342328,2019-09-06 19:11:49:010,0.659,0.1614,9.8597,0.0147,-0.0003,9.8065,0.021,-0.0338,0.0145,-16.56,-35.62,-3.81,239.91,-87.22,168.09
52.41694,-1.535339,158.46,1.11,2,31.61,20 / 20,3342428,2019-09-06 19:11:49:110,0.7339,0.0284,9.81,-0.0025,-0.0056,9.8066,0.0384,-0.0354,0.0094,-16.37,-35.5,-3.31,243.53,-87.18,169.56
52.41694,-1.535339,158.46,1.11,2,31.61,20 / 20,3342528,2019-09-06 19:11:49:210,0.8913,-0.0164,9.6865,-0.0075,-0.0022,9.8066,-0.0272,-0.0375,0.001,-16.19,-35.62,-3.5,244.15,-87.1,170.52
52.41694,-1.535339,158.46,1.11,2,31.61,20 / 20,3342629,2019-09-06 19:11:49:311,0.6595,0.0986,9.7967,0.0066,0.0012,9.8065,-0.0042,-0.03,0.0084,-16.62,-36.06,-3,245.01,-87.03,170.61
52.41694,-1.535339,158.46,1.11,2,31.61,20 / 20,3342728,2019-09-06 19:11:49:410,0.7343,0.2268,9.6881,-0.0052,-0.0003,9.8065,-0.0281,-0.0478,0.001,-16,-35.87,-3.5,244.05,-86.99,170.64
52.41694,-1.535339,158.46,1.11,2,31.61,20 / 20,3342828,2019-09-06 19:11:49:510,1.0751,0.0185,9.6609,0.0035,0.0051,9.8066,0.0035,-0.0354,-0.0028,-15.75,-35.5,-3.44,243.5,-86.94,169.99
52.41694,-1.535339,158.46,1.11,2,31.61,20 / 20,3342928,2019-09-06 19:11:49:610,0.8732,0.0867,9.8187,-0.0017,0.0027,9.8066,-0.0111,-0.0466,0.005,-16.31,-35.75,-3.25,243.12,-86.87,169.9
52.41694,-1.535339,158.46,1.11,2,31.61,20 / 20,3343028,2019-09-06 19:11:49:710,1.0806,0.4586,9.9745,0.0074,0.0054,9.8066,-0.0053,-0.0498,-0.0083,-15.75,-35.75,-2.94,242.75,-86.77,169.7
52.41694,-1.535339,158.46,1.11,2,31.61,20 / 20,3343129,2019-09-06 19:11:49:811,2.514,0.8231,9.8467,0.0017,-0.0066,9.8065,0.0086,-0.0576,0.0087,-15.81,-35.56,-2.87,243.47,-86.69,170.62
52.41694,-1.535339,158.46,1.11,2,31.61,20 / 20,3343229,2019-09-06 19:11:49:911,2.4762,-0.014,9.8179,0.0138,-0.0004,9.8066,0.0176,-0.024,0.0009,-16.69,-35.37,-2.69,245.4,-86.58,171.7
52.41694,-1.535339,158.46,1.11,2,31.61,20 / 20,3343329,2019-09-06 19:11:50:011,1.44,0.0396,9.9868,0.0058,-0.0006,9.8066,-0.0353,-0.058,0.024,-16.62,-36.12,-2.5,248.56,-86.4,172.3
52.41694,-1.535339,158.46,1.11,2,31.61,21 / 21,3343428,2019-09-06 19:11:50:110,1.1755,0.3196,9.7189,0.0085,0.0012,9.8065,-0.0517,-0.0407,0.0064,-17.31,-35.87,-2.37,249.25,-86.29,173.25
52.41694,-1.535339,158.46,1.11,2,31.61,21 / 21,3343529,2019-09-06 19:11:50:211,2.7433,0.7419,9.9027,-0.0057,-0.0014,9.8066,-0.0077,-0.0407,-0.0053,-17.12,-36,-2.5,249.5,-86.31,173.47
52.41694,-1.535339,158.46,1.11,2,31.61,21 / 21,3343628,2019-09-06 19:11:50:310,1.9932,0.322,9.7286,-0.008,0.0045,9.8066,-0.0441,-0.0384,-0.0309,-16.69,-36.69,-2.25,248.41,-86.31,172.52
52.41694,-1.535339,158.46,1.11,2,31.61,21 / 21,3343729,2019-09-06 19:11:50:411,2.426,0.3646,9.5549,-0.005,0.0105,9.8066,0.0173,-0.0206,-0.0188,-16.69,-36.44,-2.31,246,-86.3,169.81
52.41694,-1.535339,158.46,1.11,2,31.61,21 / 21,3343829,2019-09-06 19:11:50:511,2.4889,1.2335,10.0916,0.0089,0.0104,9.8066,-0.0059,-0.0068,0.0039,-16.06,-35.62,-2.31,243.44,-86.16,168.21
52.41694,-1.535339,158.46,1.11,2,31.61,21 / 21,3343928,2019-09-06 19:11:50:610,2.2184,-0.0118,9.7472,-0.0059,-0.0198,9.8066,0.0696,0.0113,-0.039,-16.37,-36.19,-1.87,244.25,-86.12,169.16
52.41694,-1.535339,158.46,1.11,2,31.61,21 / 21,3344029,2019-09-06 19:11:50:711,4.1694,0.6696,9.2799,0.0062,0.0026,9.8066,0.0901,-0.0481,0.0298,-16.19,-35.94,-1.75,245.99,-85.99,171.29
52.41694,-1.535339,158.46,1.11,2,31.61,21 / 21,3344129,2019-09-06 19:11:50:811,2.3085,2.2634,9.9364,0.0094,0.0383,9.8066,0.1026,-0.0195,-0.1106,-16.37,-35.75,-2.37,242.89,-85.8,168.33
52.41694,-1.535339,158.46,1.11,2,31.61,21 / 21,3344228,2019-09-06 19:11:50:910,3.7658,1.4477,10.0842,-0.0179,0.031,9.8066,0.1478,0.0385,-0.0615,-16.87,-35.75,-2.44,240.08,-85.77,164.46
52.41694,-1.535339,158.46,1.11,2,31.61,21 / 21,3344329,2019-09-06 19:11:51:011,1.0384,1.3274,10.0147,0.0256,0.0058,9.8066,-0.2776,-0.013,-0.0096,-15.69,-35.69,-2.31,235.35,-85.97,159.84
52.41694,-1.535339,158.46,1.11,2,31.61,21 / 21,3344429,2019-09-06 19:11:51:111,1.0581,0.0832,9.9859,-0.0007,0.0035,9.8066,-0.1142,0.0209,-0.0111,-16.06,-35.5,-3.06,231.4,-86.34,158.13
52.41694,-1.535339,158.46,1.11,2,31.61,21 / 21,3344528,2019-09-06 19:11:51:210,1.3927,0.4972,9.1099,-0.0171,0.0061,9.8066,-0.1038,0.0312,-0.0436,-15.25,-35.44,-3.5,224.44,-86.82,150.81
52.41694,-1.535339,158.46,1.11,2,31.61,21 / 21,3344628,2019-09-06 19:11:51:310,1.8269,1.1122,9.4046,-0.0276,-0.0108,9.8065,0.0024,-0.0384,0.0405,-16.44,-35.37,-3.75,219.57,-87.1,147.5
52.41694,-1.535339,158.46,1.11,2,31.61,21 / 21,3344728,2019-09-06 19:11:51:410,0.8999,-2.1473,9.4367,-0.0234,-0.0012,9.8066,0.106,0.0489,-0.0391,-16.19,-36.31,-4.37,220.13,-87.28,147.96
52.41694,-1.535339,158.46,1.11,2,31.61,21 / 21,3344828,2019-09-06 19:11:51:510,0.7825,1.1033,9.5391,-0.0109,-0.0105,9.8065,-0.0216,0.0276,-0.1439,-16,-35.75,-4.56,212.2,-87.29,142.62
52.41694,-1.535339,158.46,1.11,2,31.61,21 / 21,3344929,2019-09-06 19:11:51:611,2.3149,0.1483,8.9224,-0.0245,0.0143,9.8066,-0.0756,-0.0327,0.031,-15,-36.06,-4.62,203.42,-87.3,134.28
52.41694,-1.535339,158.46,1.11,2,31.61,21 / 21,3345028,2019-09-06 19:11:51:710,2.1866,1.4556,8.6265,-0.0582,-0.0096,9.8065,-0.1136,0.0572,-0.0962,-15.81,-36.12,-4.75,193.36,-87.51,121.94
52.41694,-1.535339,158.46,1.11,2,31.61,21 / 21,3345129,2019-09-06 19:11:51:811,0.9372,1.4967,9.4191,-0.0259,-0.0093,9.8065,-0.2067,-0.0051,0.095,-15.5,-35.62,-5.81,173.07,-87.65,104.25
52.41694,-1.535339,158.46,1.11,2,31.61,21 / 21,3345228,2019-09-06 19:11:51:910,0.3534,-0.5874,10.6341,0.0648,-0.019,9.8064,-0.1955,0.0181,0.0251,-15.44,-34.81,-6.06,171.13,-88.08,102.29
52.41694,-1.535339,158.46,1.11,2,31.61,21 / 21,3345328,2019-09-06 19:11:52:010,1.4225,0.6767,10.8851,0.0069,-0.0145,9.8066,-0.0444,-0.0412,0.0208,-15.75,-35.06,-5.81,161.2,-88.25,90.61
52.41694,-1.535339,158.46,1.11,2,31.61,21 / 21,3345429,2019-09-06 19:11:52:111,1.1053,-0.2384,9.8135,0.0208,-0.0067,9.8066,0.0706,0.0558,-0.044,-16.69,-34.94,-5.75,162.9,-88.38,91.43
52.41694,-1.535339,158.46,1.11,2,31.61,21 / 21,3345529,2019-09-06 19:11:52:211,2.6236,1.356,8.8095,0.0326,0.0187,9.8065,0.1048,-0.0253,-0.0114,-16.06,-34.69,-5.37,180.16,-88.29,107.53
52.41694,-1.535339,158.46,1.11,2,31.61,21 / 21,3345628,2019-09-06 19:11:52:310,2.3212,-0.0626,9.9997,0.0306,-0.0326,9.8065,0.1686,-0.0933,0.1303,-16.12,-34.69,-4.5,205.31,-88.2,130.97
52.41694,-1.535339,158.46,1.11,2,31.61,21 / 21,3345729,2019-09-06 19:11:52:411,1.3245,-0.088,9.9306,-0.0309,-0.0414,9.8064,0.0841,-0.0824,0.045,-16.62,-35,-4.62,216.36,-88.31,144.72
52.41694,-1.535339,158.46,1.11,2,31.61,21 / 21,3345829,2019-09-06 19:11:52:511,1.9589,0.6196,9.8465,-0.0316,-0.0232,9.8065,0.0521,-0.1201,0.0492,-16.75,-35.12,-5.25,221.25,-88.69,149.33
52.41694,-1.535339,158.46,1.11,2,31.61,21 / 21,3345929,2019-09-06 19:11:52:611,1.8661,1.069,9.9681,-0.029,-0.0359,9.8065,0.0345,0.0099,0.0351,-16.75,-34.81,-5.25,224.65,-89.07,152.32
52.41694,-1.535339,158.46,1.11,2,31.61,21 / 21,3346028,2019-09-06 19:11:52:710,1.6075,0.233,9.9592,0.0161,-0.0206,9.8066,-0.018,-0.0024,0.0168,-17.62,-34.81,-5.56,233.13,-89.23,162.7
52.41694,-1.535339,158.46,1.11,2,31.61,21 / 21,3346128,2019-09-06 19:11:52:810,2.1967,0.4691,9.3148,0.022,-0.0094,9.8065,0.0312,-0.0527,0.0588,-17.12,-35.19,-5.25,258.37,-89.12,-173.53
52.41694,-1.535339,158.46,1.11,2,31.61,21 / 21,3346229,2019-09-06 19:11:52:911,2.0309,-0.0555,9.7442,0.0082,-0.0193,9.8066,0.1264,-0.0147,0.0835,-17.37,-35.31,-5.19,272.64,-88.84,-158.68
52.41694,-1.535339,158.46,1.11,2,31.61,21 / 21,3346329,2019-09-06 19:11:53:011,1.5153,-0.3551,10.7799,0.026,-0.0022,9.8066,-0.0325,-0.0885,-0.0099,-18.12,-35.31,-4.56,274.51,-88.53,-157.23
52.41694,-1.535339,158.46,1.11,2,31.61,21 / 21,3346431,2019-09-06 19:11:53:113,0.9258,0.8792,9.7234,-0.0233,-0.0154,9.8066,0.0936,-0.0632,0.0672,-17.5,-34.75,-4.62,272.6,-88.45,-157.95
52.41694,-1.535339,158.46,1.11,2,31.61,21 / 21,3346528,2019-09-06 19:11:53:210,0.4842,0.8723,9.6305,0.0004,-0.0253,9.8066,-0.0297,0.0676,-0.0022,-17.94,-34.31,-4.25,284.68,-88.3,-149.75
52.41694,-1.535339,158.46,1.11,2,31.61,21 / 21,3346628,2019-09-06 19:11:53:310,2.5282,-0.1008,10.372,0.019,-0.0056,9.8065,0.0198,-0.0128,0.0477,-18.37,-34.44,-4.44,286.62,-88,-147.31
52.41694,-1.535339,158.46,1.11,2,31.61,21 / 21,3346728,2019-09-06 19:11:53:410,1.7869,0.1061,10.0746,-0.0043,-0.0112,9.8066,0.0377,-0.0494,-0.0582,-18.12,-34.62,-4.87,287.44,-88.02,-143.49
52.41694,-1.535339,158.46,1.11,2,31.61,21 / 21,3346829,2019-09-06 19:11:53:511,0.0469,0.7082,10.5866,0.0077,0.0063,9.8066,0.0274,0.0111,0.1089,-18.44,-34.62,-5.31,288.62,-88.01,-142.31
52.41694,-1.535339,158.46,1.11,2,31.61,21 / 21,3346929,2019-09-06 19:11:53:611,2.2299,0.8621,9.2796,-0.0046,-0.0066,9.8066,0.0744,-0.0064,0.0733,-18.19,-34.75,-5.31,289.29,-87.76,-141.21
52.41694,-1.535339,158.46,1.11,2,31.61,21 / 21,3347029,2019-09-06 19:11:53:711,1.107,-0.3629,9.2767,0.012,-0.0097,9.8066,-0.0271,0.0139,-0.0523,-18.62,-34.37,-5.69,286.45,-87.49,-141.89
52.41694,-1.535339,158.46,1.11,2,31.61,21 / 21,3347129,2019-09-06 19:11:53:811,1.9807,1.0039,9.9644,-0.0134,0.0032,9.8066,0.0638,0.008,0.0216,-18.75,-33.81,-4.87,287.89,-87.41,-143.08
52.41694,-1.535339,158.46,1.11,2,31.61,21 / 21,3347229,2019-09-06 19:11:53:911,1.3483,0.1887,10.1466,-0.0185,-0.0021,9.8066,0.0608,0.043,-0.0364,-18.44,-33.56,-4.25,291.63,-87.6,-141.7
52.41694,-1.535339,158.46,1.11,2,31.61,21 / 21,3347330,2019-09-06 19:11:54:012,1.1358,0.0107,9.9289,0.0129,0.0137,9.8066,-0.0748,-0.0511,-0.0541,-17.69,-33.37,-3.81,289.11,-87.7,-144.45
52.41694,-1.535339,158.46,1.11,2,31.61,21 / 21,3347429,2019-09-06 19:11:54:111,1.1465,1.4275,10.0432,0.0394,0.0225,9.8065,0.0053,0.0768,0.0111,-18.19,-33.31,-3,287.31,-87.68,-149.21
52.41694,-1.535339,158.46,1.11,2,31.61,21 / 21,3347529,2019-09-06 19:11:54:211,0.7372,0.5424,9.676,0.0009,-0.0062,9.8066,-0.0599,0.0354,-0.0939,-18.44,-33.31,-4.12,281.42,-87.62,-151.86
52.41694,-1.535339,158.46,1.11,2,31.61,21 / 21,3347629,2019-09-06 19:11:54:311,0.9519,0.052,9.8795,0.0002,0.014,9.8066,0.015,-0.008,-0.0743,-18.25,-33.81,-3.44,279.95,-87.49,-155.98
52.41694,-1.535339,158.46,1.11,2,31.61,21 / 21,3347728,2019-09-06 19:11:54:410,1.3062,1.1918,9.5924,-0.0049,0.003,9.8066,-0.041,0.0454,0.0435,-18.19,-33.25,-4.62,268.31,-87.47,-161.69
52.41694,-1.535339,158.46,1.11,2,31.61,21 / 21,3347829,2019-09-06 19:11:54:511,0.722,-0.1017,9.3545,0.0176,0.0059,9.8066,-0.0975,0.0531,0.0281,-17.87,-33.5,-4.44,270.72,-87.36,-162.01
52.41694,-1.535339,158.46,1.11,2,31.61,21 / 21,3347929,2019-09-06 19:11:54:611,0.9177,1.3631,9.7258,-0.0288,-0.001,9.8066,0.0356,0.0492,-0.1047,-18.37,-34.5,-4.62,266.33,-87.54,-163.68
52.41694,-1.535339,158.46,1.11,2,31.61,21 / 21,3348029,2019-09-06 19:11:54:711,0.9181,0.4789,9.5832,-0.0047,0.0123,9.8066,-0.0096,0.0146,0.0055,-17.87,-34,-4.37,264.22,-87.37,-168.43
52.41694,-1.535339,158.46,1.11,2,31.61,21 / 21,3348128,2019-09-06 19:11:54:810,1.3,1.103,9.0633,-0.0201,-0.0035,9.8066,0.0617,-0.0563,0.0256,-18,-34.5,-4.31,261.18,-87.22,-171.23
52.41694,-1.535339,158.46,1.11,2,31.61,21 / 21,3348228,2019-09-06 19:11:54:910,0.4818,0.7961,10.6293,-0.0302,-0.0073,9.8065,-0.0169,0.0597,-0.076,-17.5,-35.06,-4,260.37,-87.33,-171.11
52.41694,-1.535339,158.46,1.11,2,31.61,21 / 21,3348328,2019-09-06 19:11:55:010,0.8441,-0.1927,10.3803,0.0219,0.0024,9.8066,0.0476,0.0395,-0.0187,-17.31,-35.06,-3.69,258.92,-87.24,-172.4
52.417152,-1.534994,158,9,3,45.5,20 / 20,3348429,2019-09-06 19:11:55:111,1.4737,-0.4803,10.3944,0.0033,0.0068,9.8066,0.1156,0.0066,0.0513,-17.31,-34.87,-4.25,258.9,-87.32,-172.59
52.417152,-1.534994,158,9,3,45.5,20 / 20,3348529,2019-09-06 19:11:55:211,0.5724,0.3726,9.9871,0.0308,0.0086,9.8065,-0.0576,-0.057,0.0088,-17.25,-34.5,-5.06,256.02,-87.16,-172.31
52.417152,-1.534994,158,9,3,45.5,20 / 20,3348628,2019-09-06 19:11:55:310,-0.1646,0.6039,9.556,0.0411,0.0143,9.8065,-0.08,0.0048,-0.0015,-17.31,-34.81,-4.25,259.06,-87.11,-172.01
52.417152,-1.534994,158,9,3,45.5,20 / 20,3348728,2019-09-06 19:11:55:410,0.1465,-0.1229,9.7572,-0.0436,-0.0181,9.8065,0.0012,0.0019,-0.0004,-17.44,-35.06,-4.19,258.95,-87.13,-172.16
52.417152,-1.534994,158,9,3,45.5,20 / 20,3348828,2019-09-06 19:11:55:510,-0.1668,0.1469,9.6554,0.0017,0.003,9.8066,-0.0874,0.0102,-0.0098,-17.06,-35.06,-4.12,259.64,-87.26,-171.71
52.417152,-1.534994,158,9,3,45.5,20 / 20,3348929,2019-09-06 19:11:55:611,0.2022,-0.1928,9.7961,0.0061,-0.0057,9.8066,0.0485,0.0158,0.0114,-17.5,-34.69,-4.12,259.39,-87.15,-171.76
52.417152,-1.534994,158,9,3,45.5,20 / 20,3349029,2019-09-06 19:11:55:711,1.0945,0.3844,10.0699,0.0024,-0.0067,9.8066,0.1261,0.0613,-0.0071,-17.12,-34.44,-4.37,260.16,-87.1,-171.04
52.417152,-1.534994,158,9,3,45.5,20 / 20,3349129,2019-09-06 19:11:55:811,0.7666,0.129,9.8095,-0.0008,-0.0044,9.8066,-0.0364,0.0473,-0.0434,-17.19,-34.19,-3.94,259.45,-87.06,-171.68
52.417152,-1.534994,158,9,3,45.5,20 / 20,3349229,2019-09-06 19:11:55:911,0.5081,0.8877,9.881,0.0104,0.0085,9.8066,0.0095,-0.0069,0.0391,-18.12,-34.12,-3.94,260.14,-87.03,-171.94
52.417152,-1.534994,158,9,3,45.5,20 / 20,3349329,2019-09-06 19:11:56:011,-0.4253,0.0762,10.1495,-0.018,-0.0197,9.8065,-0.0185,0.0309,-0.0387,-18.31,-34.75,-4.44,260.28,-86.99,-171.55
52.417152,-1.534994,158,9,3,45.5,21 / 21,3349429,2019-09-06 19:11:56:111,-0.5728,0.0452,8.8103,-0.0131,-0.0043,9.8066,-0.0878,0.0346,0.0463,-17.81,-34.25,-4.19,262.18,-87.01,-169.82
52.417152,-1.534994,158,9,3,45.5,21 / 21,3349529,2019-09-06 19:11:56:211,0.065,-0.2675,11.311,-0.0069,-0.0113,9.8066,0.1994,-0.0089,0.0164,-18,-35,-4.75,260.41,-86.82,-168.2
52.417152,-1.534994,158,9,3,45.5,21 / 21,3349628,2019-09-06 19:11:56:310,2.3631,0.693,9.7069,-0.0613,-0.0045,9.8064,0.0034,-0.0641,-0.0944,-18.12,-35.31,-5,258.31,-86.78,-170.26
52.417152,-1.534994,158,9,3,45.5,21 / 21,3349729,2019-09-06 19:11:56:411,-0.0949,1.0377,9.7801,0.0163,0.0083,9.8066,0.0452,0.0657,0.0009,-17.62,-35.12,-4.31,257.44,-86.66,-173.85
52.417152,-1.534994,158,9,3,45.5,21 / 21,3349828,2019-09-06 19:11:56:510,0.0749,0.4683,10.7074,-0.0429,-0.025,9.8065,0.0489,-0.0138,0.0152,-18.44,-34.75,-5.25,255.42,-86.81,-173.28
52.417152,-1.534994,158,9,3,45.5,21 / 21,3349928,2019-09-06 19:11:56:610,0.8808,0.8217,10.6226,0.0328,0.0394,9.8065,-0.0074,-0.0005,0.0079,-17.69,-34.75,-5,256.81,-87.13,-172.44
52.417152,-1.534994,158,9,3,45.5,21 / 21,3350028,2019-09-06 19:11:56:710,0.3128,-0.0122,10.2356,0.0484,0.039,9.8065,0.1009,0.0073,0.0507,-18.94,-34.5,-4.37,253.81,-86.71,-178.79
52.417152,-1.534994,158,9,3,45.5,21 / 21,3350129,2019-09-06 19:11:56:811,-0.086,0.133,9.8155,0.0129,-0.0066,9.8066,0.0243,-0.0171,-0.0205,-18.37,-33.94,-4.56,251.03,-86.37,-177.22
52.417152,-1.534994,158,9,3,45.5,21 / 21,3350229,2019-09-06 19:11:56:911,0.5409,0.7294,9.8847,-0.0064,0.0045,9.8066,-0.0395,0.0622,0.0236,-18.19,-33.81,-4,253.31,-86.2,-177.47
52.417152,-1.534994,158,9,3,45.5,21 / 21,3350329,2019-09-06 19:11:57:011,-0.7651,-0.111,10.2574,-0.0058,-0.0077,9.8065,0.0574,0.0528,-0.0366,-17.06,-33.75,-4.06,250.94,-86.17,-178.78
52.417152,-1.534994,158,9,3,45.5,20 / 20,3350428,2019-09-06 19:11:57:110,0.685,0.0495,9.834,0.0057,0.002,9.8066,-0.0015,0.0677,-0.0568,-17.5,-34.12,-4.69,247.53,-86.2,-179.36
52.417152,-1.534994,158,9,3,45.5,20 / 20,3350529,2019-09-06 19:11:57:211,0.0877,0.2938,9.7679,-0.0018,0.0051,9.8066,-0.052,0.0259,0.024,-16.87,-35.25,-3.94,249.2,-86.17,179.59
52.417152,-1.534994,158,9,3,45.5,20 / 20,3350628,2019-09-06 19:11:57:310,0.3316,0.4784,9.2137,0.0072,0.0029,9.8066,-0.0928,-0.0512,0.0396,-17.44,-34.94,-4.12,250.47,-86.1,-178.94
52.417152,-1.534994,158,9,3,45.5,20 / 20,3350728,2019-09-06 19:11:57:410,-0.2906,-0.1169,8.6931,-0.0017,0.0102,9.8066,-0.0914,0.0094,-0.0245,-17.37,-35.25,-5.06,247.77,-86.21,-178.93
52.417152,-1.534994,158,9,3,45.5,20 / 20,3350829,2019-09-06 19:11:57:511,-1.7913,-0.1736,10.3878,-0.0422,-0.0172,9.8065,-0.0255,0.0554,-0.0154,-16.44,-35.19,-4.56,246.19,-86.69,179.85
52.417152,-1.534994,158,9,3,45.5,20 / 20,3350929,2019-09-06 19:11:57:611,-0.5254,-0.2478,10.4653,-0.0054,-0.0171,9.8066,-0.0176,0.0154,0.04,-17.19,-35.19,-5.56,245.64,-86.67,-179.05
52.417152,-1.534994,158,9,3,45.5,20 / 20,3351028,2019-09-06 19:11:57:710,0.8251,0.1053,9.3367,0.0255,0.0127,9.8065,0.1733,0.019,-0.0278,-16.69,-35.25,-4.62,248.81,-86.22,-177.86
52.417152,-1.534994,158,9,3,45.5,20 / 20,3351129,2019-09-06 19:11:57:811,-0.8381,0.5969,10.3168,0.0108,0.007,9.8066,0.0474,0.0441,0.0059,-17.06,-35,-4.56,247.54,-85.97,-178.73
52.417152,-1.534994,158,9,3,45.5,20 / 20,3351229,2019-09-06 19:11:57:911,0.5866,-0.2354,10.2193,0.02,-0.0032,9.8066,-0.1096,0.0165,0.0207,-16.25,-34.44,-5.12,248.34,-86.08,-176.93
52.417152,-1.534994,158,9,3,45.5,20 / 20,3351329,2019-09-06 19:11:58:011,0.402,0.0071,10.1021,0.0337,0.0129,9.8066,0.0425,0.0128,0.057,-16.94,-35,-4.81,250.9,-85.99,-175.24
52.417152,-1.534994,158,9,3,45.5,21 / 21,3351429,2019-09-06 19:11:58:111,-0.1022,-0.7747,8.9391,0.0056,-0.0139,9.8066,-0.0451,0.028,-0.0445,-17.19,-34.94,-5.19,253.07,-86.05,-173.08
52.417152,-1.534994,158,9,3,45.5,21 / 21,3351528,2019-09-06 19:11:58:210,0.1593,-0.2159,10.254,-0.0136,-0.0139,9.8065,-0.0297,0.0221,0.0402,-17.62,-35.06,-5.5,255.57,-86.13,-171.89
52.417152,-1.534994,158,9,3,45.5,21 / 21,3351629,2019-09-06 19:11:58:311,-0.3743,-0.3305,10.2364,0.0092,-0.001,9.8066,-0.0062,-0.0081,0.0093,-17.37,-34.69,-5.56,253.75,-86.17,-169.68
52.417152,-1.534994,158,9,3,45.5,21 / 21,3351728,2019-09-06 19:11:58:410,-1.0048,-0.913,9.9801,0.0061,0.0107,9.8066,0.023,-0.0395,0.0197,-17.81,-34.56,-5.81,254.87,-86.13,-169.82
52.417152,-1.534994,158,9,3,45.5,21 / 21,3351828,2019-09-06 19:11:58:510,0.2848,0.0992,9.7293,0.0196,0.0045,9.8066,0.0593,0.0013,-0.0037,-18,-35,-5.62,254.21,-85.81,-169.92
52.417152,-1.534994,158,9,3,45.5,21 / 21,3351928,2019-09-06 19:11:58:610,-0.2504,0.1465,9.6679,0.0109,0.0035,9.8066,-0.0069,-0.0423,0.0482,-17.69,-35.31,-5.31,256.97,-85.7,-169.65
52.417152,-1.534994,158,9,3,45.5,21 / 21,3352029,2019-09-06 19:11:58:711,-0.28,-0.483,9.9722,0.0071,-0.0024,9.8065,-0.0852,-0.0367,-0.0101,-18.06,-34.69,-4.69,258.45,-85.77,-168.26
52.417152,-1.534994,158,9,3,45.5,21 / 21,3352129,2019-09-06 19:11:58:811,-0.0771,-0.5472,9.7153,0.0141,0.0114,9.8066,-0.0835,-0.0145,0.029,-18.56,-34.44,-5.25,260.15,-85.77,-167.89
52.417152,-1.534994,158,9,3,45.5,21 / 21,3352228,2019-09-06 19:11:58:910,0.0687,-0.1728,9.3893,-0.0032,-0.0061,9.8066,0.0513,-0.0261,0.0059,-18.87,-34.75,-5.06,259.98,-85.72,-167.77
52.417152,-1.534994,158,9,3,45.5,21 / 21,3352329,2019-09-06 19:11:59:011,-0.1494,-0.9065,10.2766,0.003,-0.0111,9.8066,0.049,-0.0762,0.0252,-18.37,-34.06,-4.5,262.35,-85.52,-166.92
52.417152,-1.534994,158,9,3,45.5,21 / 21,3352429,2019-09-06 19:11:59:111,0.5321,-0.638,10.2473,0.0215,0.0091,9.8066,-0.0277,-0.0631,-0.0084,-18.5,-34,-3.94,261.97,-85.32,-166.94
52.417152,-1.534994,158,9,3,45.5,21 / 21,3352528,2019-09-06 19:11:59:210,-0.83,-0.2578,9.6471,0.0101,0.0142,9.8065,-0.0015,-0.0966,0.035,-17.62,-33.37,-3.87,261.64,-85.39,-167.65
52.417152,-1.534994,158,9,3,45.5,21 / 21,3352629,2019-09-06 19:11:59:311,-1.172,-1.6746,9.849,-0.0212,-0.0145,9.8066,-0.0232,-0.0917,0.0415,-18.81,-33.62,-4.12,263.18,-85.41,-166.93
52.417152,-1.534994,158,9,3,45.5,21 / 21,3352729,2019-09-06 19:11:59:411,-0.9521,-0.6934,9.8876,-0.0107,-0.0133,9.8066,-0.0525,-0.0065,-0.0105,-17.62,-33.44,-5.12,261.33,-85.49,-165.26
52.417152,-1.534994,158,9,3,45.5,21 / 21,3352829,2019-09-06 19:11:59:511,0.1598,-0.9972,9.879,0.0157,0.0033,9.8065,0.0899,-0.0952,-0.0202,-18.25,-33.87,-4.37,262.9,-85.31,-165.96
52.417152,-1.534994,158,9,3,45.5,21 / 21,3352928,2019-09-06 19:11:59:610,0.1905,-0.8278,10.3008,-0.0009,-0.0051,9.8066,0.1048,-0.0807,-0.0008,-17.44,-34,-3.75,261.81,-85.26,-165.78
52.417152,-1.534994,158,9,3,45.5,21 / 21,3353028,2019-09-06 19:11:59:710,-0.0016,-0.4207,9.8518,0.018,-0.0018,9.8066,-0.0328,-0.0941,-0.0094,-19.12,-33.5,-2.87,267.14,-85.09,-165.44
52.417152,-1.534994,158,9,3,45.5,21 / 21,3353129,2019-09-06 19:11:59:811,0.1927,-0.4494,9.8074,0.0033,0.0059,9.8066,-0.0562,-0.0684,-0.0153,-19.19,-32.69,-2.69,267.26,-85.1,-165.32
52.417152,-1.534994,158,9,3,45.5,21 / 21,3353229,2019-09-06 19:11:59:911,-0.7906,-0.5771,9.9034,0.0166,0.0008,9.8066,-0.0635,-0.0552,-0.0509,-19.94,-32.62,-1.44,273.61,-85.26,-165.67
52.417152,-1.534994,158,9,3,45.5,21 / 21,3353328,2019-09-06 19:12:00:010,-0.1658,-1.3939,10.0957,0.0238,0.0074,9.8066,-0.0181,-0.0975,0.0114,-18.62,-32.81,-2,268.74,-85.18,-166.88
52.417152,-1.534994,158,9,3,45.5,21 / 21,3353428,2019-09-06 19:12:00:110,-1.1799,-1.1934,10.5439,0.0053,0.0053,9.8066,0.1122,-0.0333,-0.0095,-18.87,-33.87,-2.81,264.59,-85.1,-167.78
52.417152,-1.534994,158,9,3,45.5,21 / 21,3353528,2019-09-06 19:12:00:210,1.7594,-1.0997,9.2017,0.0258,0.034,9.8065,0.1052,-0.0891,-0.0874,-18.56,-33.94,-4.06,259.47,-85.16,-170.3
52.417152,-1.534994,158,9,3,45.5,21 / 21,3353629,2019-09-06 19:12:00:311,-0.3644,-0.5168,10.4782,0.031,0.0215,9.8065,-0.0728,-0.03,0.01,-19.44,-34.25,-3.06,258.72,-84.84,-173.35
52.417152,-1.534994,158,9,3,45.5,21 / 21,3353729,2019-09-06 19:12:00:411,-0.011,-0.7333,10.2273,-0.0228,-0.0061,9.8065,-0.1407,-0.1841,0.032,-18.56,-34.12,-2.87,257.11,-85.07,-175.41
52.417152,-1.534994,158,9,3,45.5,21 / 21,3353829,2019-09-06 19:12:00:511,0.8464,-2.9603,9.9136,0.0272,0.0141,9.8065,-0.0436,-0.1828,0.1397,-19.06,-33.56,-1.31,261.19,-84.81,-176.61
52.417152,-1.534994,158,9,3,45.5,21 / 21,3353929,2019-09-06 19:12:00:611,-2.5063,-0.0456,10.8766,-0.0105,0.0042,9.8066,-0.1289,0.0522,-0.0519,-18.37,-33.56,-1.25,257.88,-84.61,-178.98
52.417152,-1.534994,158,9,3,45.5,21 / 21,3354028,2019-09-06 19:12:00:710,-0.7996,-0.6993,10.2645,-0.034,-0.0093,9.8065,0.1659,-0.1603,-0.0449,-18.06,-32.81,-0.81,258.05,-84.26,-178.46
52.417152,-1.534994,158,9,3,45.5,21 / 21,3354128,2019-09-06 19:12:00:810,-1.2151,0.6476,9.5418,0.0025,-0.0016,9.8066,-0.0236,0.0183,-0.0917,-16.62,-33.12,-0.75,254.51,-84.08,178.96
52.417152,-1.534994,158,9,3,45.5,21 / 21,3354228,2019-09-06 19:12:00:910,0.4569,-0.7702,10.2537,-0.0098,-0.0052,9.8066,0.0017,0.081,0.0389,-17,-33.87,-1.81,251.7,-83.92,179.89
52.417152,-1.534994,158,9,3,45.5,21 / 21,3354329,2019-09-06 19:12:01:011,-0.7575,-0.4742,9.8887,0.0135,0.0049,9.8066,0.0268,0.0188,-0.0591,-17.06,-33.75,-1.62,251.94,-84.08,179.85
52.417152,-1.534994,158,9,3,45.5,21 / 21,3354429,2019-09-06 19:12:01:111,-0.9846,-0.9127,9.9082,0.0229,0.0172,9.8065,-0.2053,-0.0251,0.0067,-17.81,-34.37,-1.94,252.58,-84.12,179.46
52.417152,-1.534994,158,9,3,45.5,21 / 21,3354528,2019-09-06 19:12:01:210,-1.3102,0.0186,10.3513,0.0274,0.0026,9.8066,-0.1029,-0.0281,-0.0001,-17.69,-34.19,-1.44,255.5,-84.12,179.45
52.417152,-1.534994,158,9,3,45.5,21 / 21,3354629,2019-09-06 19:12:01:311,-0.5874,-0.3653,9.4123,0.0379,0.0098,9.8065,0.0412,-0.0104,-0.0256,-18.5,-34.56,-1.69,252.71,-83.93,-179.72
52.417152,-1.534994,158,9,3,45.5,21 / 21,3354728,2019-09-06 19:12:01:410,0.1533,0.3145,10.2282,-0.0264,-0.0243,9.8065,-0.107,-0.0299,0.0456,-18.62,-35.31,-2.19,253.61,-83.76,-179.4
52.417152,-1.534994,158,9,3,45.5,21 / 21,3354829,2019-09-06 19:12:01:511,-0.5741,-0.2392,9.5262,-0.0323,-0.0175,9.8065,0.0152,0.0454,-0.0122,-19.37,-34.87,-2.5,254.99,-83.89,-178.17
52.417152,-1.534994,158,9,3,45.5,21 / 21,3354929,2019-09-06 19:12:01:611,0.1193,-0.5993,9.9763,0.0116,0.0009,9.8066,0.0843,-0.0327,0.0701,-19.62,-34.56,-2.81,254.12,-83.88,-177.16
52.417152,-1.534994,158,9,3,45.5,21 / 21,3355028,2019-09-06 19:12:01:710,-0.6472,0.3484,9.929,-0.0008,0.0065,9.8066,0.0005,0.0369,-0.0483,-21.06,-34.94,-2.56,254.45,-83.95,-177.8
52.417152,-1.534994,158,9,3,45.5,21 / 21,3355128,2019-09-06 19:12:01:810,0.1307,-0.6975,9.1609,0.0141,0.0066,9.8066,0.1048,-0.0533,0.0287,-20.69,-33.94,-0.75,259.57,-83.76,-177.75
52.417152,-1.534994,158,9,3,45.5,21 / 21,3355229,2019-09-06 19:12:01:911,0.0462,0.61,9.5991,0.022,0.0008,9.8066,-0.0664,-0.0054,0.0632,-20.31,-34.37,0,261.54,-83.67,-177.75
52.417152,-1.534994,158,9,3,45.5,21 / 21,3355329,2019-09-06 19:12:02:011,0.088,-0.5755,9.8655,-0.0128,0.0011,9.8066,-0.0494,-0.0316,0.0073,-18.75,-33.12,0,261.47,-83.52,-177.34
52.417152,-1.534994,158,9,3,45.5,21 / 21,3355429,2019-09-06 19:12:02:111,-0.3851,-0.9664,10.0202,0.012,-0.0026,9.8066,0.0018,-0.0012,0.0353,-18.75,-33,-1.06,258.5,-83.39,-177.2
52.417152,-1.534994,158,9,3,45.5,21 / 21,3355529,2019-09-06 19:12:02:211,-0.2283,0.0898,8.9279,-0.023,-0.0154,9.8066,0.1514,-0.0329,0.0912,-19.5,-33,-0.94,260.36,-83.49,-175.43
52.417152,-1.534994,158,9,3,45.5,21 / 21,3355628,2019-09-06 19:12:02:310,-0.3009,0.0146,9.3895,-0.0321,-0.0154,9.8066,-0.0319,0.0245,-0.0545,-21.87,-32.87,-1.62,261.16,-83.59,-174.16
52.417152,-1.534994,158,9,3,45.5,21 / 21,3355729,2019-09-06 19:12:02:411,-0.984,-0.4664,9.8728,-0.0156,-0.0108,9.8066,-0.1094,-0.006,0.0238,-22.25,-33.44,-2.44,262.09,-83.98,-173.78
52.417152,-1.534994,158,9,3,45.5,21 / 21,3355828,2019-09-06 19:12:02:510,-0.9266,0.0472,10.2107,0.0092,0.0046,9.8066,-0.0327,0.0068,-0.0573,-22.81,-33.81,-2.12,262.92,-84.15,-173.53
52.417152,-1.534994,158,9,3,45.5,21 / 21,3355929,2019-09-06 19:12:02:611,-0.0158,0.1129,9.9507,0.0122,0.0093,9.8066,0.1165,-0.0314,-0.0134,-21.75,-33.44,-1.37,263.82,-84.12,-174.78
52.417152,-1.534994,158,9,3,45.5,21 / 21,3356028,2019-09-06 19:12:02:710,-0.6016,0.2637,9.8739,0.017,0.0126,9.8066,0.0865,0.0183,-0.0338,-21.62,-34.06,-0.75,261.91,-83.81,-175.99
52.417152,-1.534994,158,9,3,45.5,21 / 21,3356128,2019-09-06 19:12:02:810,-0.189,-0.3662,10.2467,0.0029,-0.0003,9.8066,-0.0628,0.0158,-0.0564,-20.19,-34.31,-0.5,262.7,-83.72,-176.64
52.417152,-1.534994,158,9,3,45.5,21 / 21,3356228,2019-09-06 19:12:02:910,0.9389,0.3635,10.0187,0.0069,0.0151,9.8066,-0.0378,0.0263,-0.0165,-20.62,-33.81,-1.12,259.5,-83.76,-177.83
52.417152,-1.534994,158,9,3,45.5,21 / 21,3356329,2019-09-06 19:12:03:011,-0.0431,-0.1149,9.6581,-0.017,-0.0085,9.8066,0.0351,0.0026,-0.0035,-20.06,-33.62,-0.37,261.15,-83.77,-178.34
52.417152,-1.534994,158,9,3,45.5,20 / 20,3356429,2019-09-06 19:12:03:111,0.7374,-0.3104,9.7646,-0.0277,-0.0046,9.8065,0.0818,-0.0187,0.0526,-19.06,-32.94,0,261.47,-83.95,-178.09
52.417152,-1.534994,158,9,3,45.5,20 / 20,3356528,2019-09-06 19:12:03:210,-0.1625,0.0211,9.8189,-0.0072,-0.0114,9.8066,-0.0486,-0.0247,0.0266,-17.75,-32.75,0.25,262.73,-83.99,-176.28
52.417152,-1.534994,158,9,3,45.5,20 / 20,3356628,2019-09-06 19:12:03:310,-0.9773,-0.1396,10.4159,0.0001,-0.0046,9.8066,0.0116,-0.0205,0.0097,-18.62,-33.12,-0.5,264.2,-84.04,-175.44
52.417152,-1.534994,158,9,3,45.5,20 / 20,3356728,2019-09-06 19:12:03:410,0.4156,-0.3005,10.3603,0.0356,0.0043,9.8065,-0.0686,-0.0241,-0.0056,-18.75,-33.75,-0.75,260.67,-83.74,-175.22
52.417152,-1.534994,158,9,3,45.5,20 / 20,3356828,2019-09-06 19:12:03:510,-0.3231,0.4404,9.5943,0.0314,0.0032,9.8066,-0.0055,0.0072,-0.0031,-19.19,-34.31,-0.69,260.56,-83.61,-175.09
52.417152,-1.534994,158,9,3,45.5,20 / 20,3356928,2019-09-06 19:12:03:610,-0.6345,-0.8081,9.5243,-0.0184,-0.0067,9.8066,-0.0201,-0.0038,0.0562,-19.31,-34.06,-0.94,260.34,-83.37,-174.9
52.417152,-1.534994,158,9,3,45.5,20 / 20,3357028,2019-09-06 19:12:03:710,-1.2145,0.4641,9.1727,-0.0322,-0.007,9.8065,-0.1242,0.0669,-0.0681,-19.44,-34.75,-1.75,257.95,-83.65,-174.62
52.417152,-1.534994,158,9,3,45.5,20 / 20,3357129,2019-09-06 19:12:03:811,0.2745,-0.3954,9.5455,0.001,-0.0032,9.8066,-0.0367,-0.0236,-0.0164,-18.94,-35.06,-1.44,260.83,-83.86,-174.93
52.417152,-1.534994,158,9,3,45.5,20 / 20,3357229,2019-09-06 19:12:03:911,-0.6283,0.4555,9.9506,-0.0244,-0.0024,9.8065,0.0377,0.0649,-0.0045,-19.19,-34.81,-0.81,260.86,-84.05,-175.27
52.417152,-1.534994,158,9,3,45.5,20 / 20,3357328,2019-09-06 19:12:04:010,-0.5557,-0.6009,10.7312,0.0148,-0.0041,9.8066,0.1544,-0.0495,0.0123,-18.5,-35,-1.31,260.03,-83.86,-174.97
52.41767,-1.53407,157.77,8.97,2,52.1,20 / 21,3357430,2019-09-06 19:12:04:112,0.5022,0.3432,9.4281,0.0269,0.0185,9.8066,-0.0825,0.0206,0.0043,-18.62,-35.44,-1.12,260.48,-83.68,-174.97
52.41767,-1.53407,157.77,8.97,2,52.1,20 / 21,3357529,2019-09-06 19:12:04:211,0.5379,0.0045,9.9303,0.0191,0.0013,9.8066,-0.0681,-0.0248,0.0665,-18.94,-35,-1.31,259.79,-83.51,-175.38
52.41767,-1.53407,157.77,8.97,2,52.1,20 / 21,3357628,2019-09-06 19:12:04:310,-0.3665,0.0215,10.3695,0.0035,-0.0086,9.8065,-0.0714,-0.0071,0.0127,-19.19,-34.75,-0.56,261.23,-83.63,-174.1
52.41767,-1.53407,157.77,8.97,2,52.1,20 / 21,3357729,2019-09-06 19:12:04:411,-1.6408,-0.1232,9.5345,0.0164,0.0081,9.8066,-0.1158,0.0367,-0.0449,-19,-34.69,-0.62,261.7,-83.76,-173.86
52.41767,-1.53407,157.77,8.97,2,52.1,20 / 21,3357828,2019-09-06 19:12:04:510,-0.9876,-0.0026,8.7669,0.0274,0.0153,9.8065,-0.1037,-0.0309,0.0263,-18.94,-34.62,-1.31,260.78,-83.74,-174.78
52.41767,-1.53407,157.77,8.97,2,52.1,20 / 21,3357928,2019-09-06 19:12:04:610,0.4617,0.1633,9.5196,-0.0226,-0.0168,9.8066,0.0642,-0.0276,0.0497,-18.87,-34.62,-0.75,261.14,-83.68,-174.29
52.41767,-1.53407,157.77,8.97,2,52.1,20 / 21,3358029,2019-09-06 19:12:04:711,-0.0608,-0.4305,9.8849,-0.023,-0.0133,9.8066,0.0057,0.0068,0.0035,-19.25,-34.19,-0.56,263.5,-83.87,-172.54
52.41767,-1.53407,157.77,8.97,2,52.1,20 / 21,3358129,2019-09-06 19:12:04:811,-1.1229,-0.115,10.0695,-0.0095,-0.0064,9.8066,-0.0016,-0.0082,-0.0079,-19.12,-33.75,-1.44,264.22,-84.11,-172.23
52.41767,-1.53407,157.77,8.97,2,52.1,20 / 21,3358229,2019-09-06 19:12:04:911,-0.4734,-0.522,9.8435,-0.0052,-0.005,9.8066,0.0304,-0.026,0.0435,-19.25,-34.06,-1.87,261.61,-84.09,-171.92
52.41767,-1.53407,157.77,8.97,2,52.1,20 / 21,3358328,2019-09-06 19:12:05:010,-0.3255,-0.6006,9.922,0.0032,-0.0036,9.8066,0.0021,-0.0042,-0.0292,-19.37,-34.37,-1.5,264.96,-84.04,-171.35
52.41767,-1.53407,157.77,8.97,2,52.1,21 / 21,3358429,2019-09-06 19:12:05:111,-1.128,-0.0831,9.8827,-0.0021,0.0013,9.8066,0.0296,-0.0111,0.0267,-19.87,-34.37,-1.31,265.44,-84.07,-171.6
52.41767,-1.53407,157.77,8.97,2,52.1,21 / 21,3358529,2019-09-06 19:12:05:211,-0.2195,-0.1404,9.7421,-0.0073,-0.0055,9.8066,-0.0001,-0.0392,-0.0154,-20.87,-34.62,-0.69,265.75,-84.01,-171.51
52.41767,-1.53407,157.77,8.97,2,52.1,21 / 21,3358628,2019-09-06 19:12:05:310,0.335,-0.4155,9.6974,-0.0003,0.0024,9.8066,0.0531,-0.0344,0.0154,-20.62,-34,-0.06,268.86,-84.02,-171.39
52.41767,-1.53407,157.77,8.97,2,52.1,21 / 21,3358729,2019-09-06 19:12:05:411,-0.2645,0.6228,9.7306,-0.0111,-0.0009,9.8065,0.0016,-0.0049,-0.0219,-19.81,-33.31,-0.37,268.5,-84.08,-171.66
52.41767,-1.53407,157.77,8.97,2,52.1,21 / 21,3358828,2019-09-06 19:12:05:510,-0.3474,-0.0355,10.2219,-0.001,-0.0021,9.8066,0.0233,-0.0036,0.039,-18.94,-33.37,0.69,271.15,-84.03,-171.42
52.41767,-1.53407,157.77,8.97,2,52.1,21 / 21,3358929,2019-09-06 19:12:05:611,-0.6803,-0.5346,10.0259,0.013,-0.0057,9.8066,0.0072,-0.0267,-0.018,-19.25,-33.87,-0.44,268.02,-83.98,-171.12
52.41767,-1.53407,157.77,8.97,2,52.1,21 / 21,3359029,2019-09-06 19:12:05:711,-0.9564,0.0317,9.5813,-0.0009,-0.0006,9.8066,0.0528,0.0054,-0.0083,-19.12,-34.62,-0.19,267.84,-83.81,-170.65
52.41767,-1.53407,157.77,8.97,2,52.1,21 / 21,3359128,2019-09-06 19:12:05:810,-0.272,-0.1076,10.4853,0.0097,-0.0001,9.8066,0.0673,-0.0025,0.0189,-19.81,-34.75,-0.75,265.2,-83.53,-170.58
52.41767,-1.53407,157.77,8.97,2,52.1,21 / 21,3359229,2019-09-06 19:12:05:911,1.6437,-2.0954,10.492,-0.0385,-0.0292,9.8065,0.2022,-0.1479,0.0476,-19.69,-35.06,-0.81,267.06,-83.72,-169.01
52.41767,-1.53407,157.77,8.97,2,52.1,21 / 21,3359328,2019-09-06 19:12:06:010,-0.6841,1.7755,9.8569,-0.0191,0.0314,9.8065,0.0086,-0.2957,0.0332,-19.5,-35.06,-0.5,267.41,-83.65,-170.79
52.41767,-1.53407,157.77,8.97,2,52.1,21 / 21,3359429,2019-09-06 19:12:06:111,-0.1187,-0.5138,9.665,-0.0327,0.0062,9.8065,0.0867,0.0293,0.0135,-19.94,-34.87,-1.06,265.12,-83.78,-171.12
52.41767,-1.53407,157.77,8.97,2,52.1,21 / 21,3359529,2019-09-06 19:12:06:211,-0.0501,-3.1503,9.8655,0.0068,-0.0234,9.8066,-0.0143,0.1112,-0.0572,-19.94,-35.12,-1.12,266.69,-83.9,-169.73
52.41767,-1.53407,157.77,8.97,2,52.1,21 / 21,3359629,2019-09-06 19:12:06:311,-1.9938,-2.5628,10.5037,-0.0064,0.0081,9.8066,-0.1359,0.1267,-0.0964,-19.62,-34.87,-1.06,266.28,-83.95,-170.22
52.41767,-1.53407,157.77,8.97,2,52.1,21 / 21,3359728,2019-09-06 19:12:06:410,0.1655,1.5678,10.2246,-0.0214,-0.0046,9.8065,0.1256,0.0013,-0.0489,-19,-35.12,-0.62,263.93,-84.08,-172.16
52.41767,-1.53407,157.77,8.97,2,52.1,21 / 21,3359829,2019-09-06 19:12:06:511,-1.0017,-0.6305,9.7849,-0.0241,0.0056,9.8065,0.054,-0.0476,0.0153,-19.31,-35.25,-0.94,262.67,-83.84,-173.01
52.41767,-1.53407,157.77,8.97,2,52.1,21 / 21,3359928,2019-09-06 19:12:06:610,0.1072,0.1741,10.5236,0.0314,0.0056,9.8066,0.1069,-0.0197,-0.0104,-19.19,-35.06,-0.44,264.52,-83.44,-173.36
52.41767,-1.53407,157.77,8.97,2,52.1,21 / 21,3360029,2019-09-06 19:12:06:711,0.7901,-0.6191,10.6604,-0.0023,0.0029,9.8066,0.1688,-0.0626,-0.0059,-19.94,-35.31,-0.75,262.12,-83.38,-173.48
52.41767,-1.53407,157.77,8.97,2,52.1,21 / 21,3360129,2019-09-06 19:12:06:811,1.2148,0.2492,10.0458,0.0205,0.0039,9.8065,-0.083,0.0389,0.0012,-19.81,-34.87,-0.25,264.29,-83.33,-174
52.41767,-1.53407,157.77,8.97,2,52.1,21 / 21,3360228,2019-09-06 19:12:06:910,0.0329,-0.2402,9.6714,0.0178,0.0028,9.8066,0.0057,-0.0069,0.0564,-20.56,-34.87,0,264.51,-83.16,-174.05
52.41767,-1.53407,157.77,8.97,2,52.1,21 / 21,3360328,2019-09-06 19:12:07:010,-0.2288,-0.1062,10.013,-0.0074,-0.0068,9.8065,-0.017,-0.012,-0.0362,-20.62,-34,0.69,268.02,-83.11,-173.47
52.41767,-1.53407,157.77,8.97,2,52.1,21 / 21,3360429,2019-09-06 19:12:07:111,-0.0461,-0.8068,9.5184,-0.0101,0.0019,9.8066,-0.0625,-0.0038,0.0348,-19.94,-34.19,0.94,267.58,-83.17,-173.59
52.41767,-1.53407,157.77,8.97,2,52.1,21 / 21,3360529,2019-09-06 19:12:07:211,-0.8055,0.9263,9.6884,0.0044,-0.0058,9.8066,-0.022,-0.0062,-0.0469,-20,-34.12,1.13,267.58,-83.21,-173.64
52.41767,-1.53407,157.77,8.97,2,52.1,21 / 21,3360628,2019-09-06 19:12:07:310,-0.0882,0.1143,9.4598,-0.0057,-0.0017,9.8066,0.029,0.0095,0.0691,-19.06,-34.37,0.75,268.18,-83.31,-172.74
52.41767,-1.53407,157.77,8.97,2,52.1,21 / 21,3360728,2019-09-06 19:12:07:410,0.1838,-0.4528,9.586,-0.0191,-0.009,9.8066,-0.0395,-0.0335,-0.0602,-19.5,-34.5,0.56,269.76,-83.51,-171.51
52.41767,-1.53407,157.77,8.97,2,52.1,21 / 21,3360829,2019-09-06 19:12:07:511,-1.3341,1.0639,10.5347,-0.0278,0.0016,9.8066,0.1162,0.0497,0.0149,-18.62,-34.87,0.06,266.01,-83.62,-172.15
52.41767,-1.53407,157.77,8.97,2,52.1,21 / 21,3360930,2019-09-06 19:12:07:612,1.5353,0.1114,9.5826,0.0436,0.0009,9.8065,-0.0491,-0.0145,0.0141,-19.44,-35,0.06,266.21,-83.32,-171.39
52.41767,-1.53407,157.77,8.97,2,52.1,21 / 21,3361029,2019-09-06 19:12:07:711,0.7936,-0.0688,9.4136,0.0395,0.007,9.8065,-0.0264,-0.0285,0.038,-19.25,-34.56,-0.06,266.32,-83.29,-171.22
52.41767,-1.53407,157.77,8.97,2,52.1,21 / 21,3361129,2019-09-06 19:12:07:811,-0.9914,0.54,10.1093,-0.0245,-0.0027,9.8066,-0.0342,0.0145,-0.0624,-18.75,-34.87,-0.25,266.95,-83.33,-170.65
52.41767,-1.53407,157.77,8.97,2,52.1,21 / 21,3361228,2019-09-06 19:12:07:910,-0.2568,0.1782,9.9363,-0.0232,-0.0006,9.8065,0.0051,-0.0085,0.022,-18.87,-35.06,-0.87,263.97,-83.57,-171.16
52.41767,-1.53407,157.77,8.97,2,52.1,21 / 21,3361328,2019-09-06 19:12:08:010,0.2246,0.0454,9.5481,0.0014,-0.0002,9.8066,-0.0194,-0.0114,-0.0024,-18.25,-35.12,0.13,266.77,-83.55,-170.57
52.41767,-1.53407,157.77,8.97,2,52.1,21 / 21,3361430,2019-09-06 19:12:08:112,0.5093,-0.6495,9.7383,0.0046,0.0087,9.8066,-0.0436,-0.0303,0.0294,-19.12,-35.31,-0.06,266.54,-83.44,-171.28
52.41767,-1.53407,157.77,8.97,2,52.1,21 / 21,3361529,2019-09-06 19:12:08:211,0.4297,0.365,9.7579,-0.0109,0.0027,9.8066,0.1023,0.0364,0.009,-18.19,-35,0.19,265.3,-83.43,-171.83
52.41767,-1.53407,157.77,8.97,2,52.1,21 / 21,3361628,2019-09-06 19:12:08:310,0.3542,-0.6474,10.1538,-0.0103,-0.0008,9.8066,0.0601,-0.045,0.0111,-18.44,-35.75,0.13,264.61,-83.43,-172.16
52.41767,-1.53407,157.77,8.97,2,52.1,21 / 21,3361729,2019-09-06 19:12:08:411,0.4151,0.6143,9.6444,-0.0092,0.0082,9.8066,-0.022,-0.011,0.0345,-19,-35.19,-0.37,265.61,-83.4,-172.14
52.41767,-1.53407,157.77,8.97,2,52.1,21 / 21,3361829,2019-09-06 19:12:08:511,0.3516,-0.0859,9.5017,0.0014,-0.0053,9.8066,0.0481,0.0511,0.0238,-18.37,-35.44,0.13,264.95,-83.54,-172.42
52.41767,-1.53407,157.77,8.97,2,52.1,21 / 21,3361929,2019-09-06 19:12:08:611,-0.1793,0.5401,9.7577,0.0168,0.0047,9.8066,-0.083,-0.0254,0.0094,-19.19,-35.62,-0.12,265.56,-83.52,-172.08
52.41767,-1.53407,157.77,8.97,2,52.1,21 / 21,3362029,2019-09-06 19:12:08:711,0.6891,0.2674,9.566,0.0089,0.0008,9.8066,-0.0187,0.0132,0.0202,-18.31,-35.37,0.5,269.13,-83.64,-171.56
52.41767,-1.53407,157.77,8.97,2,52.1,21 / 21,3362129,2019-09-06 19:12:08:811,-0.6881,-0.1746,10.1963,-0.024,-0.0121,9.8066,0.0678,-0.0298,0.0012,-19.44,-35.44,-0.06,267.7,-83.76,-170.69
52.41767,-1.53407,157.77,8.97,2,52.1,21 / 21,3362229,2019-09-06 19:12:08:911,0.8314,0.0749,10.0704,-0.0365,-0.0109,9.8065,0.0848,-0.028,0.0221,-18.69,-35.25,-0.06,268.1,-83.75,-170.27
52.41767,-1.53407,157.77,8.97,2,52.1,21 / 21,3362329,2019-09-06 19:12:09:011,-0.5449,0.2618,9.7424,0.0304,0.0048,9.8066,0.0281,0.0364,-0.0697,-18.56,-35,-0.25,267.66,-83.65,-170.54
52.41767,-1.53407,157.77,8.97,2,52.1,20 / 20,3362429,2019-09-06 19:12:09:111,0.0035,0.5556,9.4568,-0.0014,0.0128,9.8066,-0.101,-0.021,0.0764,-18.94,-35.37,-0.5,266.37,-83.53,-171.62
52.41767,-1.53407,157.77,8.97,2,52.1,20 / 20,3362529,2019-09-06 19:12:09:211,0.3016,-0.5243,9.6496,0.0248,0.0037,9.8066,-0.223,-0.0057,-0.0317,-18.44,-35.37,0,265.87,-83.5,-171.39
52.41767,-1.53407,157.77,8.97,2,52.1,20 / 20,3362628,2019-09-06 19:12:09:310,-0.2108,0.3695,9.53,0.0107,0.0138,9.8066,-0.1148,0.0381,0.0052,-19,-35.87,-0.56,262.75,-83.66,-172.25
52.41767,-1.53407,157.77,8.97,2,52.1,20 / 20,3362729,2019-09-06 19:12:09:411,-0.736,0.3364,10.4091,-0.0163,-0.0153,9.8066,0.0221,-0.0082,-0.0582,-18,-34.75,-0.62,263.5,-83.91,-171.47
52.41767,-1.53407,157.77,8.97,2,52.1,20 / 20,3362829,2019-09-06 19:12:09:511,-0.0103,-0.0844,9.7392,-0.0288,0.0003,9.8066,0.1253,-0.0134,0.0023,-18.31,-34.87,0,266.31,-83.95,-171.84
52.41767,-1.53407,157.77,8.97,2,52.1,20 / 20,3362929,2019-09-06 19:12:09:611,0.0707,-0.2644,9.2901,0.0173,-0.0039,9.8066,-0.0306,0.0297,0.0124,-17.87,-35.06,0.63,268.71,-83.87,-172.43
52.41767,-1.53407,157.77,8.97,2,52.1,20 / 20,3363030,2019-09-06 19:12:09:712,-0.3888,-0.3325,9.8766,0.0152,0.0006,9.8066,-0.0408,-0.0338,0.0057,-18.87,-34.69,0.44,266.65,-83.76,-171.78
52.41767,-1.53407,157.77,8.97,2,52.1,20 / 20,3363128,2019-09-06 19:12:09:810,0.2847,-0.289,10.1484,-0.0225,-0.0011,9.8065,-0.0249,-0.0209,-0.016,-19.37,-34.62,0.5,270.63,-83.95,-171.15
52.41767,-1.53407,157.77,8.97,2,52.1,20 / 20,3363229,2019-09-06 19:12:09:911,-0.037,-0.4728,9.8835,0.0009,-0.0036,9.8066,0.0151,-0.0013,-0.0199,-19.75,-34.62,0.69,271.23,-83.95,-170.95
52.41767,-1.53407,157.77,8.97,2,52.1,20 / 20,3363329,2019-09-06 19:12:10:011,0.2695,-0.2577,9.8482,0.016,0.0102,9.8066,0.0163,0.0041,0.0118,-20,-34.31,-0.25,267.9,-83.85,-171.56
52.41767,-1.53407,157.77,8.97,2,52.1,21 / 21,3363428,2019-09-06 19:12:10:110,0.0479,-0.1392,9.5623,0.0057,-0.0022,9.8066,0.0309,-0.0092,-0.0093,-19.31,-33.81,-0.31,267.2,-83.79,-171.6
52.41767,-1.53407,157.77,8.97,2,52.1,21 / 21,3363528,2019-09-06 19:12:10:210,-0.3093,-0.1237,10.225,-0.002,-0.0028,9.8066,0.0352,-0.0527,0.0114,-18.87,-34.06,0.06,267.62,-83.78,-171.16
52.41767,-1.53407,157.77,8.97,2,52.1,21 / 21,3363628,2019-09-06 19:12:10:310,-0.2665,-0.2262,10.2527,-0.0068,-0.0019,9.8066,0.0197,0.0431,-0.0503,-18.62,-33.69,-0.87,265.14,-83.86,-170.83
52.41767,-1.53407,157.77,8.97,2,52.1,21 / 21,3363728,2019-09-06 19:12:10:410,-1.216,-0.0322,9.8209,0.0073,-0.0001,9.8066,-0.0048,0.0288,-0.0275,-17.81,-33.62,0,266.86,-83.88,-171.48
52.41767,-1.53407,157.77,8.97,2,52.1,21 / 21,3363828,2019-09-06 19:12:10:510,0.4915,-0.0638,9.3407,-0.0055,0.0065,9.8066,0.0287,-0.0326,0.0117,-18.87,-33.5,-0.12,267.22,-83.9,-172.11
52.41767,-1.53407,157.77,8.97,2,52.1,21 / 21,3363928,2019-09-06 19:12:10:610,-0.2014,-0.3466,10.0075,0.0116,0.0044,9.8066,-0.0348,-0.07,-0.0156,-18.12,-32.75,0.25,266.98,-83.93,-171.82
52.41767,-1.53407,157.77,8.97,2,52.1,21 / 21,3364029,2019-09-06 19:12:10:711,-0.8744,-0.8653,10.128,-0.0007,0.0045,9.8066,-0.0033,-0.0323,-0.0093,-19,-33.06,-0.25,267.05,-83.94,-172.35
52.41767,-1.53407,157.77,8.97,2,52.1,21 / 21,3364129,2019-09-06 19:12:10:811,-0.2025,0.4582,10.0768,-0.0031,0.008,9.8066,0.0343,-0.0302,0.0532,-18.69,-33.31,0.63,268.73,-83.98,-173.76
52.41767,-1.53407,157.77,8.97,2,52.1,21 / 21,3364228,2019-09-06 19:12:10:910,-0.8091,-0.17,10.1412,0.0227,0.0064,9.8066,-0.0206,-0.0083,0.01,-19.06,-33.06,1.19,267.95,-83.81,-174.24
52.41767,-1.53407,157.77,8.97,2,52.1,21 / 21,3364329,2019-09-06 19:12:11:011,0.3015,0.7339,9.2761,-0.0006,-0.0052,9.8066,0.008,-0.0012,-0.0181,-20.12,-33.31,0.75,268.45,-83.67,-173.89
52.41767,-1.53407,157.77,8.97,2,52.1,21 / 21,3364428,2019-09-06 19:12:11:110,-0.6013,-0.3297,9.5293,0.0136,-0.0009,9.8066,-0.0335,0.0076,0.0181,-20,-33.69,0.44,265.35,-83.54,-173.62
52.41767,-1.53407,157.77,8.97,2,52.1,21 / 21,3364529,2019-09-06 19:12:11:211,0.5657,0.2343,10.3396,-0.0289,-0.0072,9.8066,0.0841,0.0277,-0.043,-20.87,-33.19,0.56,268.57,-83.49,-173.85
52.41767,-1.53407,157.77,8.97,2,52.1,21 / 21,3364628,2019-09-06 19:12:11:310,0.6103,0.4261,10.0147,-0.0347,0.0002,9.8065,0.0338,-0.0207,0.0588,-20.12,-33.87,1.5,271.16,-83.67,-173.73
52.41767,-1.53407,157.77,8.97,2,52.1,21 / 21,3364729,2019-09-06 19:12:11:411,0.2552,-0.1864,9.6621,0.0279,-0.0013,9.8065,-0.0342,-0.0029,-0.0335,-19.75,-33.81,1.5,270.95,-83.53,-173.7
52.41767,-1.53407,157.77,8.97,2,52.1,21 / 21,3364828,2019-09-06 19:12:11:510,-0.6535,0.4097,9.8108,0.0147,0.0073,9.8066,-0.0318,-0.0233,-0.0518,-20.06,-33.5,1,268.03,-83.61,-174.22
52.41767,-1.53407,157.77,8.97,2,52.1,21 / 21,3364928,2019-09-06 19:12:11:610,-0.7359,-0.1601,10.1808,-0.0108,0.0001,9.8065,0.0988,0.0014,0.0264,-18.75,-33.81,1.56,270.43,-83.71,-174.28
52.41767,-1.53407,157.77,8.97,2,52.1,21 / 21,3365028,2019-09-06 19:12:11:710,0.0473,0.1951,10.4606,-0.0082,-0.0019,9.8066,0.0284,-0.0178,-0.0145,-19.19,-34.31,0.94,267.35,-83.66,-174.24
52.41767,-1.53407,157.77,8.97,2,52.1,21 / 21,3365128,2019-09-06 19:12:11:810,-0.0918,-0.0885,9.9785,0.0304,0.0072,9.8065,-0.0208,0.0361,-0.0209,-18.56,-34.06,1.06,267.16,-83.68,-174.48
52.41767,-1.53407,157.77,8.97,2,52.1,21 / 21,3365229,2019-09-06 19:12:11:911,1.1,0.9797,9.8637,0.0283,0.006,9.8065,-0.0601,0.0473,-0.0418,-17.94,-34.56,0.38,262.28,-83.45,-174.99
52.41767,-1.53407,157.77,8.97,2,52.1,21 / 21,3365329,2019-09-06 19:12:12:011,0.3819,-0.701,9.5191,-0.0134,-0.0077,9.8065,-0.0919,-0.0093,0.0599,-18.06,-33.56,-0.06,263.09,-83.57,-174.75
52.41767,-1.53407,157.77,8.97,2,52.1,21 / 21,3365429,2019-09-06 19:12:12:111,-0.6881,-1.3254,9.8645,-0.0115,0.0089,9.8066,-0.0202,0.098,-0.0782,-17.75,-34.06,-0.37,262.77,-83.68,-175.3
52.41767,-1.53407,157.77,8.97,2,52.1,21 / 21,3365528,2019-09-06 19:12:12:210,-1.0563,0.6921,9.8201,-0.0287,-0.0113,9.8065,0.0245,0.0541,-0.0535,-19.62,-34.56,-0.75,260.59,-83.89,-175.97
52.41767,-1.53407,157.77,8.97,2,52.1,21 / 21,3365629,2019-09-06 19:12:12:311,-1.7721,-0.3129,10.5135,-0.0278,0.002,9.8065,-0.0447,-0.0342,0.1101,-19.87,-34.56,0.13,262.44,-83.84,-176.8
52.41767,-1.53407,157.77,8.97,2,52.1,21 / 21,3365735,2019-09-06 19:12:12:417,0.2788,0.3059,11.0404,0.0232,0.0023,9.8066,0.1054,0.0077,-0.0385,-20.19,-34.75,-0.31,263.47,-83.78,-175.65
52.41767,-1.53407,157.77,8.97,2,52.1,21 / 21,3365828,2019-09-06 19:12:12:510,0.5076,1.5001,9.6532,0.0127,0.0098,9.8065,0.0885,0.0804,-0.1376,-19.81,-34.94,0.69,264.09,-83.44,-177.29
52.41767,-1.53407,157.77,8.97,2,52.1,21 / 21,3365929,2019-09-06 19:12:12:611,0.5802,0.5675,10.0204,-0.0053,-0.014,9.8066,0.0799,0.0465,0.0343,-19.56,-34.37,0.63,265.35,-83.34,-176.15
52.41767,-1.53407,157.77,8.97,2,52.1,21 / 21,3366028,2019-09-06 19:12:12:710,0.2715,-0.2831,10.0725,0.0429,0.0085,9.8065,0.0586,-0.0112,-0.0044,-19.19,-35,0.81,264.88,-83.28,-175.71
52.41767,-1.53407,157.77,8.97,2,52.1,21 / 21,3366128,2019-09-06 19:12:12:810,-0.0026,0.1982,10.252,0.0145,0.0004,9.8066,0.0235,-0.0048,0.0084,-19.87,-34.44,0.63,265.31,-83.01,-175.62
52.41767,-1.53407,157.77,8.97,2,52.1,21 / 21,3366228,2019-09-06 19:12:12:910,0.4619,0.4581,9.4372,0.0117,0.0015,9.8066,0.0139,-0.0325,0.0071,-19.62,-34.44,0.31,262.52,-82.94,-175.49
52.41767,-1.53407,157.77,8.97,2,52.1,21 / 21,3366328,2019-09-06 19:12:13:010,1.1564,-0.0381,9.3417,-0.0025,0.0059,9.8066,-0.0476,-0.0003,-0.0162,-19.81,-34.25,0.75,265.17,-82.96,-175.68
52.418045,-1.533227,158.22,7.26,2,52.7,21 / 21,3366429,2019-09-06 19:12:13:111,0.2755,-0.1751,9.8899,-0.0012,0.0022,9.8065,0.0663,0.0043,-0.025,-19.56,-34.62,0.38,261.22,-82.94,-176.47
52.418045,-1.533227,158.22,7.26,2,52.7,21 / 21,3366528,2019-09-06 19:12:13:210,0.985,-0.2788,10.2702,-0.0216,-0.0009,9.8065,0.1138,-0.0388,-0.0044,-19.37,-34.31,1.88,266.97,-83.04,-176.52
52.418045,-1.533227,158.22,7.26,2,52.7,21 / 21,3366629,2019-09-06 19:12:13:311,1.2154,1.0887,9.9262,-0.0322,-0.0028,9.8066,0.0439,0.0423,-0.0193,-19.81,-33.87,1.19,264.23,-83.04,-176.77
52.418045,-1.533227,158.22,7.26,2,52.7,21 / 21,3366729,2019-09-06 19:12:13:411,1.0596,0.7639,9.6441,0.0157,0.0027,9.8066,0.0395,0.0321,-0.014,-19.12,-33.81,1.63,266.75,-83.06,-176.79
52.418045,-1.533227,158.22,7.26,2,52.7,21 / 21,3366829,2019-09-06 19:12:13:511,1.4142,-0.1653,9.4288,0.0073,0.0025,9.8066,0.1155,0.0506,-0.0087,-19.37,-34.37,1.19,263.43,-83.05,-177.13
52.418045,-1.533227,158.22,7.26,2,52.7,21 / 21,3366929,2019-09-06 19:12:13:611,2.2199,0.0994,9.8777,0.0088,-0.0052,9.8066,-0.163,-0.0302,0.0351,-18.44,-35,1.31,262.38,-83.03,-177.25
52.418045,-1.533227,158.22,7.26,2,52.7,21 / 21,3367029,2019-09-06 19:12:13:711,-0.1074,-0.0962,9.8206,0.02,-0.0026,9.8066,-0.1046,0.0148,-0.0277,-18.81,-35.19,1.06,263.37,-83.04,-176.81
52.418045,-1.533227,158.22,7.26,2,52.7,21 / 21,3367129,2019-09-06 19:12:13:811,0.9693,0.1179,9.6842,-0.0193,-0.0029,9.8065,0.0951,-0.0339,0.0343,-19.31,-34.87,1,262.99,-83.09,-177.3
52.418045,-1.533227,158.22,7.26,2,52.7,21 / 21,3367228,2019-09-06 19:12:13:910,1.5433,-0.1669,9.901,-0.0104,-0.008,9.8066,0.0585,0.0487,-0.0365,-19.81,-35.81,0.5,263.5,-83,-176.74
52.418045,-1.533227,158.22,7.26,2,52.7,21 / 21,3367329,2019-09-06 19:12:14:011,1.5468,0.1652,10.3388,0.0122,0.0107,9.8065,0.0205,-0.0348,0.0771,-20.25,-34.62,0.44,260.87,-82.88,-176.74
52.418045,-1.533227,158.22,7.26,2,52.7,21 / 21,3367429,2019-09-06 19:12:14:111,1.6943,0.6041,9.8853,0.007,-0.0103,9.8066,-0.0311,0.0825,-0.0075,-20.37,-34.25,1.19,264.09,-82.76,-176.43
52.418045,-1.533227,158.22,7.26,2,52.7,21 / 21,3367529,2019-09-06 19:12:14:211,0.7512,0.7771,9.7914,0.0359,0.0032,9.8065,-0.0584,-0.0535,0.0031,-21.25,-34.44,0.56,264.21,-82.54,-176.39
52.418045,-1.533227,158.22,7.26,2,52.7,21 / 21,3367628,2019-09-06 19:12:14:310,0.9823,0.3855,10.0241,0.059,0.0024,9.8064,-0.065,0.0377,-0.0593,-20.19,-33.94,0.31,261.7,-82.4,-175.41
52.418045,-1.533227,158.22,7.26,2,52.7,21 / 21,3367729,2019-09-06 19:12:14:411,0.104,0.4427,9.762,-0.0251,-0.012,9.8065,-0.0103,0.0039,-0.0172,-19.12,-35.44,1.25,263.89,-82.58,-175.4
52.418045,-1.533227,158.22,7.26,2,52.7,21 / 21,3367829,2019-09-06 19:12:14:511,-0.0657,0.2825,9.2028,-0.0112,0.001,9.8066,0.0252,0.023,-0.0247,-18.56,-34.69,1.88,266.79,-82.52,-175.34
52.418045,-1.533227,158.22,7.26,2,52.7,21 / 21,3367929,2019-09-06 19:12:14:611,1.5564,0.4481,9.4145,-0.0125,-0.0037,9.8066,-0.0542,-0.0324,-0.0062,-18.37,-34.94,2.25,266.37,-82.48,-175.25
52.418045,-1.533227,158.22,7.26,2,52.7,21 / 21,3368029,2019-09-06 19:12:14:711,1.1563,1.1733,10.2262,-0.0191,0.0047,9.8065,0.0055,0.0012,0.0421,-18.31,-35.56,2.06,266.18,-82.62,-175.3
52.418045,-1.533227,158.22,7.26,2,52.7,21 / 21,3368129,2019-09-06 19:12:14:811,0.1456,-0.3999,9.9571,0.0082,-0.0042,9.8066,-0.0198,-0.0437,-0.0466,-18.56,-35.62,2.06,267.06,-82.53,-174.69
52.418045,-1.533227,158.22,7.26,2,52.7,21 / 21,3368229,2019-09-06 19:12:14:911,1.2363,0.1324,9.3825,0.001,0.0104,9.8066,0.0114,-0.0295,0.0032,-18.81,-35.75,2,266.44,-82.53,-175.31
52.418045,-1.533227,158.22,7.26,2,52.7,21 / 21,3368329,2019-09-06 19:12:15:011,0.5379,0.5431,9.4462,-0.0257,-0.0038,9.8065,0.0283,-0.036,0.024,-19.19,-35.75,1.56,266.34,-82.56,-175.48
52.418045,-1.533227,158.22,7.26,2,52.7,20 / 20,3368429,2019-09-06 19:12:15:111,0.7354,-0.1837,9.8936,-0.0432,-0.0077,9.8065,0.0137,-0.0382,-0.0275,-19,-35.75,1.81,266.89,-82.69,-175.17
52.418045,-1.533227,158.22,7.26,2,52.7,20 / 20,3368529,2019-09-06 19:12:15:211,0.7628,-0.513,10.1895,0.0062,0.0095,9.8066,0.0168,-0.0143,0.0225,-18.44,-35.87,1.63,266.02,-82.75,-175.74
52.418045,-1.533227,158.22,7.26,2,52.7,20 / 20,3368628,2019-09-06 19:12:15:310,-0.7453,0.1186,9.3947,-0.0034,0.0021,9.8066,-0.0104,-0.0025,-0.024,-19.25,-35.69,1,263.12,-82.84,-176.3
52.418045,-1.533227,158.22,7.26,2,52.7,20 / 20,3368728,2019-09-06 19:12:15:410,0.0873,-0.1583,10.3529,0.003,0.0011,9.8066,0.0935,0.0246,-0.0104,-18.5,-35.5,1.69,265.71,-82.78,-176.53
52.418045,-1.533227,158.22,7.26,2,52.7,20 / 20,3368829,2019-09-06 19:12:15:511,-0.0891,0.1556,10.0295,-0.0074,0.0031,9.8066,0.0897,0.0236,0.0342,-19.06,-36.06,1.25,262.19,-82.69,-176.98
52.418045,-1.533227,158.22,7.26,2,52.7,20 / 20,3368929,2019-09-06 19:12:15:611,0.0656,-0.0251,10.175,0.0255,-0.005,9.8065,-0.0232,-0.0084,-0.0181,-18.75,-35.87,1.94,264.88,-82.65,-177.16
52.418045,-1.533227,158.22,7.26,2,52.7,20 / 20,3369029,2019-09-06 19:12:15:711,-0.533,-0.1184,10.1828,-0.0034,-0.0024,9.8066,0.0259,0.0109,-0.0149,-19.75,-36.19,1.75,265.46,-82.52,-176.72
52.418045,-1.533227,158.22,7.26,2,52.7,20 / 20,3369128,2019-09-06 19:12:15:810,0.561,-0.5578,10.3758,-0.0073,-0.0019,9.8066,0.0353,-0.0035,0.0156,-18.62,-35.37,1.38,262.65,-82.67,-176.85
52.418045,-1.533227,158.22,7.26,2,52.7,20 / 20,3369229,2019-09-06 19:12:15:911,-0.1486,0.5852,9.283,-0.0117,-0.0007,9.8066,-0.1176,0.0084,0.0084,-19.31,-35.62,1.56,265.11,-82.69,-176.99
52.418045,-1.533227,158.22,7.26,2,52.7,20 / 20,3369328,2019-09-06 19:12:16:010,1.5017,0.8356,9.456,0.0289,-0.0011,9.8066,-0.0266,0.0146,0.0019,-19.19,-35.44,1.31,262.47,-82.59,-176.89
52.418045,-1.533227,158.22,7.26,2,52.7,21 / 21,3369429,2019-09-06 19:12:16:111,-0.8139,-0.7369,10.1851,0.041,0.0091,9.8065,-0.0154,-0.0609,0.0063,-19.06,-35.5,1.88,265.38,-82.5,-176.76
52.418045,-1.533227,158.22,7.26,2,52.7,21 / 21,3369529,2019-09-06 19:12:16:211,0.9426,0.5862,9.5419,-0.0145,0.0035,9.8066,-0.0282,0.0362,0.0467,-19,-35.25,1.31,262.3,-82.54,-176.97
52.418045,-1.533227,158.22,7.26,2,52.7,21 / 21,3369629,2019-09-06 19:12:16:311,-0.1447,-1.2322,9.6602,0.0121,0.0038,9.8066,-0.057,-0.0212,0.0064,-19.37,-35.69,1.31,261.52,-82.54,-177.38
52.418045,-1.533227,158.22,7.26,2,52.7,21 / 21,3369729,2019-09-06 19:12:16:411,-0.4535,1.1128,9.6282,-0.0198,-0.0082,9.8066,0.0064,0.0649,-0.0116,-18.44,-36.25,1.88,264.33,-82.55,-177.07
52.418045,-1.533227,158.22,7.26,2,52.7,21 / 21,3369828,2019-09-06 19:12:16:510,-0.6619,0.2273,9.796,-0.0317,-0.0051,9.8066,0.0124,0.0113,0.0365,-18.56,-35.75,1.69,265.06,-82.56,-176.79
52.418045,-1.533227,158.22,7.26,2,52.7,21 / 21,3369928,2019-09-06 19:12:16:610,-0.9252,0.608,10.3967,0.0032,-0.0018,9.8066,0.0915,0.065,-0.0275,-18.44,-35.44,1.75,264.63,-82.43,-176.95
52.418045,-1.533227,158.22,7.26,2,52.7,21 / 21,3370028,2019-09-06 19:12:16:710,0.3757,1.4219,10.199,-0.0277,-0.0104,9.8065,0.1433,0.1271,-0.0848,-19.06,-35.62,0.56,262.01,-82.47,-176.74
52.418045,-1.533227,158.22,7.26,2,52.7,21 / 21,3370129,2019-09-06 19:12:16:811,-0.794,0.3959,9.5306,0.0159,0.0012,9.8066,-0.0587,0.1388,0.0008,-19.5,-35.62,0.88,260.58,-82.4,-178.09
52.418045,-1.533227,158.22,7.26,2,52.7,21 / 21,3370229,2019-09-06 19:12:16:911,-0.1022,0.5315,9.6873,-0.0069,-0.0012,9.8066,0.0072,0.0438,0.0033,-19.19,-35.62,0.94,260.83,-82.39,-177.82
52.418045,-1.533227,158.22,7.26,2,52.7,21 / 21,3370329,2019-09-06 19:12:17:011,-0.5677,0.4683,9.6834,-0.0052,0.0071,9.8066,-0.0287,0.0855,-0.0327,-19.12,-35.44,1.56,263.9,-82.49,-178.27
52.418045,-1.533227,158.22,7.26,2,52.7,21 / 21,3370429,2019-09-06 19:12:17:111,-0.8306,0.4079,9.7786,-0.0117,0.005,9.8066,-0.0283,0.0775,0.0227,-18.81,-34.75,1.56,263.62,-82.66,-178.87
52.418045,-1.533227,158.22,7.26,2,52.7,21 / 21,3370528,2019-09-06 19:12:17:210,-1.2643,1.3139,9.4616,-0.0094,-0.0012,9.8066,-0.0466,0.1026,0.0209,-18.31,-34.12,1.06,260.54,-82.78,-179.09
52.418045,-1.533227,158.22,7.26,2,52.7,21 / 21,3370628,2019-09-06 19:12:17:310,-0.3354,0.5893,9.9967,-0.0081,-0.0094,9.8066,0.0199,0.1319,-0.0026,-17.12,-34.19,0.88,260.84,-82.85,-178.29
52.418045,-1.533227,158.22,7.26,2,52.7,21 / 21,3370729,2019-09-06 19:12:17:411,-0.84,0.3296,9.8689,0.0063,-0.0055,9.8066,0.0217,0.148,0.0143,-16.81,-34.37,0.56,261.26,-82.85,-177.84
52.418045,-1.533227,158.22,7.26,2,52.7,21 / 21,3370829,2019-09-06 19:12:17:511,-1.1105,-0.0066,9.4484,-0.0083,-0.019,9.8066,-0.1199,0.1717,-0.0003,-15.06,-34.37,-0.81,254.26,-82.95,-176.44
52.418045,-1.533227,158.22,7.26,2,52.7,21 / 21,3370928,2019-09-06 19:12:17:610,-1.668,0.4241,10.1052,0.0043,-0.0011,9.8066,-0.075,0.0965,0.0361,-15.44,-33.94,-2.12,251.95,-83,-175.39
52.418045,-1.533227,158.22,7.26,2,52.7,21 / 21,3371028,2019-09-06 19:12:17:710,-1.3967,0.5595,9.8118,0.0207,-0.0064,9.8066,-0.0599,0.0987,0.0258,-16,-34.31,-2.87,251.38,-82.98,-174.04
52.418045,-1.533227,158.22,7.26,2,52.7,21 / 21,3371128,2019-09-06 19:12:17:810,-1.0372,-0.3204,10.1728,0.0037,-0.0117,9.8066,0.1071,0.1078,-0.0362,-18.31,-35.12,-2.94,254.81,-82.82,-172.37
52.418045,-1.533227,158.22,7.26,2,52.7,21 / 21,3371228,2019-09-06 19:12:17:910,-1.0451,0.0516,9.7883,-0.004,-0.0051,9.8066,0.1539,0.0724,0.0296,-18.81,-35.44,-2.75,255.79,-82.73,-172.36
52.418045,-1.533227,158.22,7.26,2,52.7,21 / 21,3371328,2019-09-06 19:12:18:010,-0.5034,0.6196,9.1679,0.0111,0.0015,9.8065,-0.1201,0.1002,-0.0098,-20.25,-35.81,-1.81,259.56,-82.6,-171.6
52.418045,-1.533227,158.22,7.26,2,52.7,21 / 21,3371428,2019-09-06 19:12:18:110,0.3383,1.2579,9.801,0.0023,-0.0017,9.8066,-0.0309,0.088,0.0202,-20.62,-35.69,-1.19,263.59,-82.74,-171.22
52.418045,-1.533227,158.22,7.26,2,52.7,21 / 21,3371529,2019-09-06 19:12:18:211,-2.0485,-0.4346,9.9857,-0.0186,-0.0106,9.8066,-0.0811,0.1098,-0.046,-20.19,-35.62,-0.56,264.73,-83.01,-169.77
52.418045,-1.533227,158.22,7.26,2,52.7,21 / 21,3371628,2019-09-06 19:12:18:310,-1.3291,0.3452,9.7763,-0.0277,-0.0012,9.8066,-0.0348,0.099,-0.0245,-19.31,-35.19,-0.69,264.27,-83.24,-170.24
52.418045,-1.533227,158.22,7.26,2,52.7,21 / 21,3371729,2019-09-06 19:12:18:411,-0.9804,0.2417,10.016,0.0223,0.0084,9.8066,0.026,0.021,-0.0246,-18.62,-34.94,-1.5,263.01,-83.15,-171.35
52.418045,-1.533227,158.22,7.26,2,52.7,21 / 21,3371828,2019-09-06 19:12:18:510,-1.0651,-0.3753,9.9054,0.0018,0.0135,9.8066,0.05,-0.0325,-0.0035,-19.37,-35.37,-1.44,262.55,-83.16,-171.86
52.418045,-1.533227,158.22,7.26,2,52.7,21 / 21,3371928,2019-09-06 19:12:18:610,-1.6783,-0.3316,9.3354,-0.009,0.0003,9.8065,-0.0346,0.0408,-0.0053,-18.25,-34.69,-1.37,261.66,-83.22,-172.03
52.418045,-1.533227,158.22,7.26,2,52.7,21 / 21,3372028,2019-09-06 19:12:18:710,-1.2698,-0.1599,10.0495,-0.0097,0.0014,9.8066,-0.0435,0.0524,-0.0239,-17.69,-35.06,-1.87,258.43,-83.32,-172.5
52.418045,-1.533227,158.22,7.26,2,52.7,21 / 21,3372128,2019-09-06 19:12:18:810,-1.8702,-0.4929,10.0105,-0.0061,0.0083,9.8066,-0.0408,0.0251,-0.0024,-17.06,-35.31,-2.37,256.82,-83.46,-173.37
52.418045,-1.533227,158.22,7.26,2,52.7,21 / 21,3372228,2019-09-06 19:12:18:910,-0.8057,-0.8598,9.8608,-0.0063,-0.0012,9.8066,0.0224,0.0298,-0.0022,-17.06,-35.25,-2.44,256.7,-83.53,-173.65
52.418045,-1.533227,158.22,7.26,2,52.7,21 / 21,3372329,2019-09-06 19:12:19:011,-1.8219,-0.6511,9.7585,-0.0092,-0.004,9.8065,0.0534,0.0127,-0.0372,-17.56,-35.06,-2.44,257.15,-83.53,-174.24
52.418045,-1.533227,158.22,7.26,2,52.7,21 / 21,3372429,2019-09-06 19:12:19:111,-1.519,-0.9381,9.9379,-0.0332,-0.0011,9.8066,-0.0016,0.0464,-0.0345,-17.06,-34.56,-2.62,252.5,-83.53,-174.93
52.418045,-1.533227,158.22,7.26,2,52.7,21 / 21,3372529,2019-09-06 19:12:19:211,-1.177,-1.086,9.7725,0.0208,0.0166,9.8066,0.0095,-0.001,0.0315,-17.44,-34.94,-1.87,254.98,-83.5,-175.39
52.418045,-1.533227,158.22,7.26,2,52.7,21 / 21,3372628,2019-09-06 19:12:19:310,-2.035,-0.8719,10.0334,0.0197,-0.0001,9.8065,0.0223,-0.008,-0.0306,-17.44,-34.75,-2.69,251.26,-83.4,-176.02
52.418045,-1.533227,158.22,7.26,2,52.7,21 / 21,3372729,2019-09-06 19:12:19:411,-1.5784,-0.7255,10.0555,0.004,-0.0049,9.8066,-0.0268,0.001,0.0096,-17.44,-34.75,-2.62,252.16,-83.46,-175.17
52.418045,-1.533227,158.22,7.26,2,52.7,21 / 21,3372829,2019-09-06 19:12:19:511,-1.5577,-0.3371,10.3467,0.0057,0.0045,9.8066,0.0264,-0.0024,0.0665,-17.75,-34.81,-3.19,253.21,-83.47,-175.31
52.418045,-1.533227,158.22,7.26,2,52.7,21 / 21,3372928,2019-09-06 19:12:19:610,-2.5703,-0.5837,9.4392,0.0222,0.0028,9.8065,-0.1115,0.0187,-0.0752,-18.12,-33.94,-3.31,253.12,-83.33,-175.49
52.418045,-1.533227,158.22,7.26,2,52.7,21 / 21,3373028,2019-09-06 19:12:19:710,-1.7401,-1.1478,9.0555,0.0199,0.0154,9.8065,-0.0402,0.0283,0.0415,-18.81,-34.44,-3.06,253.62,-83.26,-175.95
52.418045,-1.533227,158.22,7.26,2,52.7,21 / 21,3373129,2019-09-06 19:12:19:811,-2.5866,-0.9188,9.9336,-0.0012,-0.0066,9.8066,0.0584,0.037,-0.0301,-18.75,-34.25,-2.62,253.54,-83.21,-175.97
52.418045,-1.533227,158.22,7.26,2,52.7,21 / 21,3373228,2019-09-06 19:12:19:910,-1.2694,-0.6438,9.9475,-0.0164,-0.0004,9.8065,0.1256,-0.0214,0.0389,-19.12,-34.37,-1.69,256.08,-83.24,-176.19
52.418045,-1.533227,158.22,7.26,2,52.7,21 / 21,3373329,2019-09-06 19:12:20:011,-2.3929,-0.9248,10.1968,0.0027,-0.0008,9.8066,-0.003,-0.0199,0.0146,-18.62,-34.62,-1.75,256.08,-83.16,-175.7
52.418045,-1.533227,158.22,7.26,2,52.7,21 / 21,3373429,2019-09-06 19:12:20:111,-1.6052,-0.785,9.8343,0.0111,-0.0065,9.8066,-0.0507,0.0026,-0.0047,-17.94,-34.37,-1.87,256.15,-83.17,-175
52.418045,-1.533227,158.22,7.26,2,52.7,21 / 21,3373528,2019-09-06 19:12:20:210,-2.5532,-1.0761,9.5091,-0.011,-0.004,9.8066,0.0679,0.0108,0.0435,-18.87,-34.12,-1.31,260.62,-83.27,-174.42
52.418045,-1.533227,158.22,7.26,2,52.7,21 / 21,3373629,2019-09-06 19:12:20:311,-1.9307,-0.6394,9.8877,0.0012,-0.0033,9.8066,0.015,-0.0014,0.0024,-18.31,-34.19,-2.12,257.07,-83.24,-174.15
52.418045,-1.533227,158.22,7.26,2,52.7,21 / 21,3373729,2019-09-06 19:12:20:411,-2.2278,-0.7281,10.2701,0.0023,-0.0095,9.8065,-0.0115,0.0001,-0.0067,-17.94,-34.31,-2.19,257.2,-83.2,-173.95
52.418045,-1.533227,158.22,7.26,2,52.7,21 / 21,3373829,2019-09-06 19:12:20:511,-1.7029,-0.6079,9.7679,-0.0024,0.0032,9.8066,0.0225,0.0137,0.0354,-18.06,-33.94,-1.87,257.66,-83.17,-173.39
52.418045,-1.533227,158.22,7.26,2,52.7,21 / 21,3373929,2019-09-06 19:12:20:611,-1.5828,-0.9305,9.6204,0.0077,-0.0036,9.8066,-0.0225,-0.0047,0.0106,-18.12,-34.25,-1.94,258,-83.12,-172.94
52.418045,-1.533227,158.22,7.26,2,52.7,21 / 21,3374031,2019-09-06 19:12:20:713,-1.9048,-0.6306,9.741,-0.0033,-0.0022,9.8066,0.0039,-0.0121,0.0084,-18.81,-34.12,-2.44,259.2,-83.16,-172.76
52.418045,-1.533227,158.22,7.26,2,52.7,21 / 21,3374128,2019-09-06 19:12:20:810,-1.9246,-1.0121,9.9468,0.0003,-0.0015,9.8066,0.0103,-0.0039,0.0246,-18.37,-34.06,-1.87,258.24,-83.17,-172.79
52.418045,-1.533227,158.22,7.26,2,52.7,21 / 21,3374229,2019-09-06 19:12:20:911,-1.5713,-1.0729,9.726,-0.0153,-0.003,9.8066,-0.0043,0.0019,-0.0377,-18.25,-34.25,-2.12,258.2,-83.24,-172.95
52.418045,-1.533227,158.22,7.26,2,52.7,21 / 21,3374329,2019-09-06 19:12:21:011,-1.9336,-0.3937,9.7167,0.0006,-0.0026,9.8066,0.0018,0,0.0393,-17.62,-34.12,-1.81,258.43,-83.25,-172.73
52.418045,-1.533227,158.22,7.26,2,52.7,21 / 21,3374429,2019-09-06 19:12:21:111,-1.6004,-0.6888,9.8962,-0.0113,-0.0059,9.8066,0.0217,-0.0279,0.0109,-17.75,-33.62,-2.19,258.58,-83.3,-172.67
52.418045,-1.533227,158.22,7.26,2,52.7,21 / 21,3374529,2019-09-06 19:12:21:211,-1.5894,-0.6775,9.7462,0.0052,0.0031,9.8065,-0.0544,-0.0362,-0.0357,-18.44,-34.31,-2.12,258.49,-83.33,-172.83
52.418045,-1.533227,158.22,7.26,2,52.7,21 / 21,3374628,2019-09-06 19:12:21:310,-1.3497,-0.4531,9.7282,-0.0007,-0.0013,9.8066,-0.0453,0.0089,0.0279,-17.94,-34,-1.5,261.87,-83.46,-172.64
52.418045,-1.533227,158.22,7.26,2,52.7,21 / 21,3374729,2019-09-06 19:12:21:411,-1.3951,-0.7242,9.7504,-0.0132,-0.0012,9.8066,-0.0176,-0.0122,0.0353,-18.25,-33.81,-2.25,259.43,-83.5,-172.16
52.418045,-1.533227,158.22,7.26,2,52.7,21 / 21,3374830,2019-09-06 19:12:21:512,-1.2098,-0.7074,9.8679,-0.0125,-0.007,9.8066,0.0244,-0.0127,-0.0147,-18.37,-33.94,-2.44,259.76,-83.63,-172.08
52.418045,-1.533227,158.22,7.26,2,52.7,21 / 21,3374929,2019-09-06 19:12:21:611,-1.4999,-0.309,9.8491,0.013,-0.0001,9.8066,-0.0306,-0.0286,0.0295,-18.56,-33.87,-2.31,261.04,-83.61,-171.66
52.418045,-1.533227,158.22,7.26,2,52.7,21 / 21,3375028,2019-09-06 19:12:21:710,-1.504,-0.2957,9.7832,0.0035,0.0024,9.8066,-0.0588,-0.0007,-0.0194,-18.31,-33.75,-2.37,260.39,-83.72,-171.58
52.418045,-1.533227,158.22,7.26,2,52.7,21 / 21,3375128,2019-09-06 19:12:21:810,-0.9742,-0.4413,9.7353,-0.0008,-0.0021,9.8066,0.0374,0.0036,0.0201,-17.56,-33.87,-2.12,260.89,-83.79,-171.2
52.418045,-1.533227,158.22,7.26,2,52.7,21 / 21,3375229,2019-09-06 19:12:21:911,-0.3654,-0.6007,9.749,-0.0074,-0.0011,9.8066,-0.0306,-0.0009,-0.0235,-17.81,-33.81,-2,260.94,-83.85,-171.26
52.418045,-1.533227,158.22,7.26,2,52.7,21 / 21,3375329,2019-09-06 19:12:22:011,-0.9363,-0.3617,9.7426,-0.0029,-0.0018,9.8066,0.0032,0.0111,-0.0006,-17.44,-33.31,-2,260.34,-83.87,-171.23
52.418396,-1.532524,159.41,2.07,3,45.07,21 / 21,3375428,2019-09-06 19:12:22:110,-0.5417,-0.3352,9.8135,-0.0038,0.0014,9.8065,0.0112,0.0031,-0.0019,-17.56,-33.62,-2.06,261.12,-83.93,-171.21
52.418396,-1.532524,159.41,2.07,3,45.07,21 / 21,3375529,2019-09-06 19:12:22:211,-0.179,-0.4329,9.9047,-0.0023,0.0074,9.8066,0.0013,0.0102,-0.016,-18.25,-34.12,-1.75,260.73,-83.93,-171.63
52.418396,-1.532524,159.41,2.07,3,45.07,21 / 21,3375629,2019-09-06 19:12:22:311,-0.2629,-0.1423,9.8854,-0.0105,-0.0005,9.8066,0.0235,-0.0059,-0.0017,-18.25,-34,-1.75,260.43,-84.04,-172.14
52.418396,-1.532524,159.41,2.07,3,45.07,21 / 21,3375729,2019-09-06 19:12:22:411,-0.2387,-0.0378,9.8818,-0.0082,0.0007,9.8066,-0.0122,-0.0129,-0.0005,-18.56,-33.87,-1.75,261.13,-84.09,-172.43
52.418396,-1.532524,159.41,2.07,3,45.07,21 / 21,3375828,2019-09-06 19:12:22:510,-0.1219,-0.2093,9.8921,0.003,0.0017,9.8065,-0.0084,-0.0092,-0.0065,-18.75,-34.12,-1.5,263.97,-84.12,-172.5
52.418396,-1.532524,159.41,2.07,3,45.07,21 / 21,3375929,2019-09-06 19:12:22:611,0.1755,-0.1117,9.8507,-0.0026,0.0022,9.8066,0.0108,-0.0116,0.0084,-18.25,-33.81,-1.44,263.11,-84.19,-172.76
52.418396,-1.532524,159.41,2.07,3,45.07,21 / 21,3376029,2019-09-06 19:12:22:711,0.1462,-0.2435,9.956,-0.0057,-0.0022,9.8066,0.0164,-0.0042,-0.0054,-18.75,-33.62,-1,264.08,-84.23,-172.58
52.418396,-1.532524,159.41,2.07,3,45.07,21 / 21,3376128,2019-09-06 19:12:22:810,0.1573,-0.0862,9.796,-0.0063,-0.0003,9.8066,0.006,0.0001,-0.0004,-18.44,-33.56,-1.25,263.53,-84.33,-172.6
52.418396,-1.532524,159.41,2.07,3,45.07,21 / 21,3376229,2019-09-06 19:12:22:911,0.3562,-0.0675,9.7388,-0.0089,-0.0009,9.8066,0.0033,-0.0089,-0.0035,-17.87,-33.56,-1.12,263.62,-84.4,-172.64
52.418396,-1.532524,159.41,2.07,3,45.07,21 / 21,3376328,2019-09-06 19:12:23:010,0.2481,0.0178,9.8631,-0.005,0.0014,9.8066,0.006,0.0171,-0.003,-18.5,-34.06,-1.37,263.46,-84.45,-172.91
52.418396,-1.532524,159.41,2.07,3,45.07,21 / 21,3376429,2019-09-06 19:12:23:111,0.5493,0.0267,9.919,-0.0006,0.0002,9.8066,0.0197,0.0105,-0.0032,-17.94,-33.37,-1.31,263.71,-84.53,-173.1
52.418396,-1.532524,159.41,2.07,3,45.07,21 / 21,3376529,2019-09-06 19:12:23:211,0.348,0.0761,9.806,-0.0079,0.0009,9.8066,0.0136,-0.0075,-0.0009,-18.5,-33.37,-1.06,263.57,-84.61,-173.39
52.418396,-1.532524,159.41,2.07,3,45.07,21 / 21,3376628,2019-09-06 19:12:23:310,0.5074,-0.2002,9.9571,-0.0033,-0.001,9.8066,0.0034,0.0034,-0.017,-18,-33.37,-0.75,263.77,-84.66,-173.28
52.418396,-1.532524,159.41,2.07,3,45.07,21 / 21,3376729,2019-09-06 19:12:23:411,0.3809,-0.1699,9.9048,-0.0077,0.001,9.8066,0.0134,-0.0143,0.0137,-17.81,-33.94,-1.12,263.36,-84.75,-173.57
52.418396,-1.532524,159.41,2.07,3,45.07,21 / 21,3376828,2019-09-06 19:12:23:510,0.2263,0.0358,9.7085,-0.0094,-0.0011,9.8066,-0.0075,-0.0213,-0.0008,-17.56,-33.75,-1.12,263.68,-84.83,-173.4
52.418396,-1.532524,159.41,2.07,3,45.07,21 / 21,3376929,2019-09-06 19:12:23:611,0.4391,-0.2764,9.928,-0.0027,0.0007,9.8066,-0.008,-0.028,0.0045,-17.56,-33.5,-1.25,263.98,-84.86,-173.45
52.418396,-1.532524,159.41,2.07,3,45.07,21 / 21,3377028,2019-09-06 19:12:23:710,0.742,-0.0619,9.8466,-0.0017,0.0012,9.8066,0.002,-0.0054,0.0084,-17.12,-33.5,-0.75,263.13,-84.93,-173.7
52.418396,-1.532524,159.41,2.07,3,45.07,21 / 21,3377129,2019-09-06 19:12:23:811,0.7593,0.109,9.879,0.0013,0.0012,9.8066,0.0233,0.0139,0.0022,-16.75,-33.44,-0.81,263.12,-84.95,-173.76
52.418396,-1.532524,159.41,2.07,3,45.07,21 / 21,3377229,2019-09-06 19:12:23:911,0.8001,-0.0459,9.7085,-0.0013,0.0015,9.8066,-0.0033,-0.0083,-0.0001,-17,-33.19,-0.94,263.1,-84.99,-173.85
52.418396,-1.532524,159.41,2.07,3,45.07,21 / 21,3377329,2019-09-06 19:12:24:011,0.8537,-0.0579,9.8429,-0.0109,-0.0009,9.8066,0.0073,-0.0108,-0.005,-16.87,-33.75,-1.25,262.73,-85.06,-174.06
52.418396,-1.532524,159.41,2.07,3,45.07,21 / 21,3377430,2019-09-06 19:12:24:112,1.2858,0.0331,9.9802,0.0021,0.0014,9.8066,0.0244,-0.0341,0.0058,-16.81,-33.62,-0.37,265.75,-85.06,-174.35
52.418396,-1.532524,159.41,2.07,3,45.07,21 / 21,3377528,2019-09-06 19:12:24:210,1.9928,0.4259,10.0631,-0.0013,0.0004,9.8066,0.0663,0.0149,-0.015,-16.56,-33.62,-0.81,262.39,-85.09,-174.48
52.418396,-1.532524,159.41,2.07,3,45.07,21 / 21,3377629,2019-09-06 19:12:24:311,2.1189,0.3962,9.9448,0.0162,0.0055,9.8065,-0.0001,-0.0025,0.0012,-16.56,-33.62,-0.44,265.01,-85.04,-175.04
52.418396,-1.532524,159.41,2.07,3,45.07,21 / 21,3377729,2019-09-06 19:12:24:411,2.1684,0.1306,9.9715,0.0008,0.0012,9.8066,0.0172,-0.0243,-0.0038,-16.81,-33.5,-0.56,262.1,-85.07,-175.04
52.418396,-1.532524,159.41,2.07,3,45.07,21 / 21,3377829,2019-09-06 19:12:24:511,1.712,0.1559,9.8896,0.003,0.0023,9.8066,-0.0043,0.0018,-0.0048,-17.31,-33.75,-1,261.65,-85.13,-175.32
52.418396,-1.532524,159.41,2.07,3,45.07,21 / 21,3377928,2019-09-06 19:12:24:610,1.2668,0.0167,9.7786,0.0013,0.004,9.8066,-0.0199,0,0.0087,-17.25,-33.69,-0.81,261.14,-85.13,-175.85
52.418396,-1.532524,159.41,2.07,3,45.07,21 / 21,3378028,2019-09-06 19:12:24:710,0.969,-0.0379,9.7606,-0.0036,0.0033,9.8066,-0.0024,-0.017,0.0027,-17.69,-33.94,-1.19,261.53,-85.2,-176.3
52.418396,-1.532524,159.41,2.07,3,45.07,21 / 21,3378129,2019-09-06 19:12:24:811,0.6922,0.1505,9.6831,-0.0031,0.001,9.8066,-0.0105,-0.0208,-0.0179,-16.5,-34,-1.56,256.36,-85.2,-176.65
52.418396,-1.532524,159.41,2.07,3,45.07,21 / 21,3378229,2019-09-06 19:12:24:911,0.6497,-0.1887,9.738,0.006,0.0038,9.8066,-0.0528,-0.0029,0.0111,-16.44,-34.12,-1.37,259.28,-85.22,-177.15
52.418396,-1.532524,159.41,2.07,3,45.07,21 / 21,3378330,2019-09-06 19:12:25:012,0.278,-0.3216,9.9138,-0.0013,-0.0001,9.8066,-0.0058,-0.0078,-0.0019,-16.75,-34.19,-1.81,257.02,-85.31,-177.18
52.418396,-1.532524,159.41,2.07,3,45.07,21 / 21,3378430,2019-09-06 19:12:25:112,0.7784,0.0493,9.8672,-0.0103,-0.0019,9.8066,0.0256,-0.0049,-0.0056,-16.37,-33.94,-1.69,256.19,-85.39,-177.23
52.418396,-1.532524,159.41,2.07,3,45.07,21 / 21,3378529,2019-09-06 19:12:25:211,0.6525,0.0902,9.8688,-0.0112,-0.0013,9.8066,0.0105,-0.0191,-0.0059,-16.19,-33.94,-2.12,256.28,-85.53,-177.42
52.418396,-1.532524,159.41,2.07,3,45.07,21 / 21,3378629,2019-09-06 19:12:25:311,0.1931,-0.2583,9.6842,-0.0065,0.0016,9.8066,0.003,0.0149,-0.0072,-15.81,-34.5,-2.37,256.31,-85.57,-177.47
52.418396,-1.532524,159.41,2.07,3,45.07,21 / 21,3378728,2019-09-06 19:12:25:410,0.6581,0.0835,9.9508,-0.0048,0.0016,9.8066,-0.0295,0.006,-0.0222,-17,-34.87,-2.19,256.63,-85.64,-177.97
52.418396,-1.532524,159.41,2.07,3,45.07,21 / 21,3378829,2019-09-06 19:12:25:511,-0.0105,-0.5247,9.9193,-0.0046,0.005,9.8066,-0.0058,-0.0203,-0.0022,-17.31,-35.44,-1.81,256.59,-85.65,-178.04
52.418396,-1.532524,159.41,2.07,3,45.07,21 / 21,3378928,2019-09-06 19:12:25:610,0.1362,0.0064,9.6693,-0.0053,-0.0008,9.8066,0.0137,0.0014,0.005,-17.19,-34.94,-2.06,256.14,-85.69,-178.58
52.418396,-1.532524,159.41,2.07,3,45.07,21 / 21,3379029,2019-09-06 19:12:25:711,0.217,-0.066,10.0377,0.0051,-0.0009,9.8066,-0.0008,0.0094,-0.0182,-17.06,-34.69,-2.37,256.1,-85.68,-178.61
52.418396,-1.532524,159.41,2.07,3,45.07,21 / 21,3379129,2019-09-06 19:12:25:811,-0.1237,-0.2312,10.0096,0.0028,0.0053,9.8066,0.031,-0.0089,0.0191,-17.06,-35.31,-2.37,255.74,-85.67,-178.96
52.418396,-1.532524,159.41,2.07,3,45.07,21 / 21,3379229,2019-09-06 19:12:25:911,0.0566,-0.4097,9.8552,0.0015,-0.0003,9.8066,-0.0141,-0.0184,-0.0225,-16.87,-35.19,-2.37,255.93,-85.69,-178.8
52.418396,-1.532524,159.41,2.07,3,45.07,21 / 21,3379329,2019-09-06 19:12:26:011,-0.3188,-0.1148,9.8415,-0.0008,0.0011,9.8066,-0.0286,-0.0284,-0.0125,-16.37,-35.44,-2.12,254.76,-85.7,-179.11
52.418396,-1.532524,159.41,2.07,3,45.07,21 / 21,3379429,2019-09-06 19:12:26:111,-0.1435,-0.3101,10.015,0.0049,-0.002,9.8066,0.0358,0.0072,0.0023,-17.25,-34.94,-1.81,255.7,-85.69,-179.03
52.418396,-1.532524,159.41,2.07,3,45.07,21 / 21,3379529,2019-09-06 19:12:26:211,0.111,-0.302,9.917,-0.0005,-0.0015,9.8066,0.0308,-0.0244,-0.0054,-16.62,-34.69,-2.06,255.74,-85.66,-178.94
52.418396,-1.532524,159.41,2.07,3,45.07,21 / 21,3379629,2019-09-06 19:12:26:311,0.1219,-0.2499,9.6665,0.0047,-0.0002,9.8066,-0.0202,-0.0153,0.0007,-16.62,-35,-2.19,255.76,-85.67,-178.94
52.418396,-1.532524,159.41,2.07,3,45.07,21 / 21,3379729,2019-09-06 19:12:26:411,0.3526,-0.0194,9.7219,0.0054,0.0031,9.8066,0.0054,-0.0027,-0.0204,-17,-35.75,-1.75,255.39,-85.66,-179.06
52.418396,-1.532524,159.41,2.07,3,45.07,21 / 21,3379828,2019-09-06 19:12:26:510,0.0485,-0.2566,9.6892,-0.0077,-0.0054,9.8066,0.0371,-0.0156,0.0135,-17.5,-35.69,-1.44,258.64,-85.73,-179.11
52.418396,-1.532524,159.41,2.07,3,45.07,21 / 21,3379928,2019-09-06 19:12:26:610,0.0976,-0.1798,9.9015,-0.0136,-0.0028,9.8066,-0.0036,-0.033,0.0136,-17.44,-35.62,-1.69,255.54,-85.73,-179.04
52.418396,-1.532524,159.41,2.07,3,45.07,21 / 21,3380028,2019-09-06 19:12:26:710,0.0989,-0.3994,10.0416,0.0033,0.0023,9.8066,0.0322,-0.0222,-0.0008,-17.69,-35.25,-1.5,259.75,-85.71,-178.87
52.418396,-1.532524,159.41,2.07,3,45.07,21 / 21,3380129,2019-09-06 19:12:26:811,0.0014,-0.0951,9.8948,0.0022,-0.0001,9.8066,0.0098,-0.0256,-0.0203,-18.06,-35.5,-1.5,259.63,-85.7,-178.96
52.418396,-1.532524,159.41,2.07,3,45.07,21 / 21,3380229,2019-09-06 19:12:26:911,0.3677,-0.0895,9.8736,0.004,0.0053,9.8066,-0.0002,-0.042,-0.0069,-17.44,-35.5,-1.81,255.32,-85.7,-179.46
52.418396,-1.532524,159.41,2.07,3,45.07,21 / 21,3380329,2019-09-06 19:12:27:011,0.5464,0.0983,9.8008,0.0042,0.004,9.8066,0.013,-0.0357,0.0042,-17.62,-35.69,-1.06,257.96,-85.64,179.66
52.418396,-1.532524,159.41,2.07,3,45.07,21 / 21,3380429,2019-09-06 19:12:27:111,0.7099,0.1369,9.679,0.0055,-0.0001,9.8066,-0.0233,-0.0429,-0.0047,-17.44,-35.75,-1.69,254.03,-85.6,179.65
52.418396,-1.532524,159.41,2.07,3,45.07,21 / 21,3380529,2019-09-06 19:12:27:211,0.614,0.1865,9.9116,-0.0012,0,9.8066,0.0093,-0.0324,0.0249,-17.69,-35.69,-1.56,254.92,-85.61,179.68
52.418396,-1.532524,159.41,2.07,3,45.07,21 / 21,3380628,2019-09-06 19:12:27:310,0.7676,0.1304,9.9276,-0.0004,-0.0058,9.8066,0.0076,-0.0251,0.0075,-17.75,-35.31,-1.69,256.4,-85.63,-179.05
52.418396,-1.532524,159.41,2.07,3,45.07,21 / 21,3380729,2019-09-06 19:12:27:411,0.8147,-0.1118,9.8735,0.0017,-0.0087,9.8066,0.0109,-0.0418,0.0213,-17.69,-35.19,-1.87,257.27,-85.64,-178.16
52.418396,-1.532524,159.41,2.07,3,45.07,21 / 21,3380829,2019-09-06 19:12:27:511,0.7148,0.0116,9.9265,0.005,-0.0038,9.8066,0.004,-0.0348,0.0044,-17.37,-35.62,-0.94,260.24,-85.65,-177.29
52.418396,-1.532524,159.41,2.07,3,45.07,21 / 21,3380928,2019-09-06 19:12:27:610,0.7395,0.1377,9.8774,0.0016,0.0016,9.8066,0.006,-0.0446,0.008,-17.37,-35.5,-1.12,260.93,-85.61,-176.76
52.418396,-1.532524,159.41,2.07,3,45.07,21 / 21,3381028,2019-09-06 19:12:27:710,0.5051,-0.1667,9.8314,0.0009,0,9.8066,-0.0028,-0.0179,0.004,-17.19,-35.12,-1.06,260.83,-85.6,-176.86
52.418396,-1.532524,159.41,2.07,3,45.07,21 / 21,3381128,2019-09-06 19:12:27:810,0.5178,-0.0575,9.7072,0.0074,0.0027,9.8066,-0.0192,-0.0466,-0.0031,-17.81,-35.5,-1.81,258.25,-85.58,-177.03
52.418396,-1.532524,159.41,2.07,3,45.07,21 / 21,3381228,2019-09-06 19:12:27:910,0.864,-0.0349,9.7688,0.0003,0.0021,9.8066,0.0136,-0.0333,0.0075,-17,-35.06,-0.69,260.06,-85.59,-177.62
52.418396,-1.532524,159.41,2.07,3,45.07,21 / 21,3381329,2019-09-06 19:12:28:011,0.6718,0.1313,9.7937,0.0006,0.0034,9.8066,0.0074,-0.011,-0.0055,-17.5,-35.69,-0.62,259.51,-85.54,-177.83
52.418396,-1.532524,159.41,2.07,3,45.07,21 / 21,3381429,2019-09-06 19:12:28:111,0.8803,-0.0478,9.9122,-0.0032,-0.0005,9.8066,0.0074,-0.0326,-0.0089,-17.25,-35.69,-1,259.35,-85.54,-177.99
52.418396,-1.532524,159.41,2.07,3,45.07,21 / 21,3381529,2019-09-06 19:12:28:211,0.7294,0.037,9.7712,0.0011,0.0011,9.8066,0.002,-0.0305,-0.0024,-17.87,-35.69,-1.25,259.96,-85.52,-178.03
52.418396,-1.532524,159.41,2.07,3,45.07,21 / 21,3381628,2019-09-06 19:12:28:310,0.6369,-0.0404,9.7111,0.0061,0.0027,9.8066,-0.038,-0.01,0.0002,-17.87,-35.44,-0.5,263.09,-85.54,-178.26
52.418396,-1.532524,159.41,2.07,3,45.07,21 / 21,3381729,2019-09-06 19:12:28:411,1.0348,-0.0009,9.7607,-0.0043,0.0002,9.8066,-0.0199,-0.0171,0.0051,-18.44,-35.37,-1.12,260.08,-85.58,-178.26
52.418396,-1.532524,159.41,2.07,3,45.07,21 / 21,3381829,2019-09-06 19:12:28:511,0.9446,0.3231,9.7584,-0.0005,0.0037,9.8066,-0.0129,0.0001,-0.0208,-18.31,-36.19,-0.87,259.35,-85.63,-178.88
52.418396,-1.532524,159.41,2.07,3,45.07,21 / 21,3381929,2019-09-06 19:12:28:611,0.742,-0.0076,9.8572,-0.0045,0.0069,9.8066,-0.0037,-0.0096,-0.021,-17.69,-35.75,-0.62,258.05,-85.7,179.65
52.418396,-1.532524,159.41,2.07,3,45.07,21 / 21,3382029,2019-09-06 19:12:28:711,0.5603,0.2362,9.7597,0.0029,0.003,9.8066,-0.0029,-0.0223,-0.0045,-17.69,-36.25,-1.25,257.44,-85.69,179.02
52.418396,-1.532524,159.41,2.07,3,45.07,21 / 21,3382129,2019-09-06 19:12:28:811,1.04,0.0732,9.5534,-0.005,0.0005,9.8066,-0.0068,-0.0166,-0.0039,-17.94,-36.06,-1.25,257.15,-85.73,178.65
52.418396,-1.532524,159.41,2.07,3,45.07,21 / 21,3382230,2019-09-06 19:12:28:912,1.2351,-0.1733,9.5879,-0.0121,0.0027,9.8066,-0.0362,-0.0142,-0.0252,-17.5,-35.81,-1.06,255.93,-85.84,177.83
52.418396,-1.532524,159.41,2.07,3,45.07,21 / 21,3382328,2019-09-06 19:12:29:010,1.2755,-0.5559,9.7605,-0.0218,0.0161,9.8065,-0.0559,-0.0372,-0.0382,-17.12,-35.56,-1.37,254.59,-85.99,176.14
52.418396,-1.532524,159.41,2.07,3,45.07,21 / 21,3382428,2019-09-06 19:12:29:110,1.0547,0.4913,9.6468,-0.0298,0.018,9.8066,-0.0338,-0.0208,-0.0468,-16.37,-35.5,-1.44,248.45,-86.3,169.53
52.418396,-1.532524,159.41,2.07,3,45.07,21 / 21,3382528,2019-09-06 19:12:29:210,0.203,1.813,10.2114,-0.0239,-0.0025,9.8065,-0.0537,0.0298,-0.0153,-16.31,-35.62,-2.37,240.06,-86.53,163.87
52.418396,-1.532524,159.41,2.07,3,45.07,21 / 21,3382628,2019-09-06 19:12:29:310,0.6972,1.0009,10.3025,-0.0086,-0.0241,9.8066,-0.0244,0.024,0.0798,-16.5,-35.37,-2.25,242.8,-86.69,166.29
52.418396,-1.532524,159.41,2.07,3,45.07,21 / 21,3382729,2019-09-06 19:12:29:411,1.1165,0.2198,9.9021,0.0357,-0.0444,9.8064,0.0597,0.0012,0.1565,-17.44,-35.19,-2,256.13,-86.65,179.49
52.418396,-1.532524,159.41,2.07,3,45.07,21 / 21,3382828,2019-09-06 19:12:29:510,1.1199,-0.9599,10.1625,0.0338,-0.0414,9.8064,0.0103,-0.023,0.0735,-18.56,-35.12,-1.5,269.51,-86.51,-171.04
52.418396,-1.532524,159.41,2.07,3,45.07,21 / 21,3382928,2019-09-06 19:12:29:610,2.0843,-0.5029,10.3346,0.0146,0.0005,9.8066,0.0264,0.0006,-0.0166,-18.75,-35.25,-1.75,270.19,-86.36,-167.1
52.418396,-1.532524,159.41,2.07,3,45.07,21 / 21,3383029,2019-09-06 19:12:29:711,1.0814,-0.4984,10.0492,0.0345,0.021,9.8065,0.0089,-0.0172,-0.0584,-18.75,-35.81,-1.44,269.78,-86.05,-169.71
52.418396,-1.532524,159.41,2.07,3,45.07,21 / 21,3383129,2019-09-06 19:12:29:811,1.9304,0.9723,9.8233,-0.004,0.033,9.8065,-0.0164,-0.0285,-0.0881,-18.06,-36,-1.5,260.92,-85.81,-177.62
52.418396,-1.532524,159.41,2.07,3,45.07,21 / 21,3383229,2019-09-06 19:12:29:911,2.2464,0.9828,9.4107,0.0053,0.0277,9.8065,0.0809,-0.0118,-0.0345,-17.5,-35.69,-1,255.3,-85.51,177.85
52.418396,-1.532524,159.41,2.07,3,45.07,21 / 21,3383329,2019-09-06 19:12:30:011,2.7641,0.9574,9.4549,0.0186,0.0074,9.8066,0.0607,-0.0344,0.0193,-17.44,-36.19,-0.75,253.2,-85.15,176.39
52.418396,-1.532524,159.41,2.07,3,45.07,21 / 21,3383428,2019-09-06 19:12:30:110,2.1003,0.5154,9.488,0.0314,0.0048,9.8065,0.0573,-0.0037,-0.0079,-17.5,-36.62,0,255.95,-84.81,176.95
52.418396,-1.532524,159.41,2.07,3,45.07,21 / 21,3383528,2019-09-06 19:12:30:210,4.1709,0.4735,10.0614,0.0277,-0.0017,9.8066,0.0946,-0.014,0.0372,-17.12,-37,0.25,255.87,-84.33,177.9
52.418396,-1.532524,159.41,2.07,3,45.07,21 / 21,3383629,2019-09-06 19:12:30:311,3.0838,-0.3533,9.5277,0.0358,0.0189,9.8066,0.0992,-0.0083,-0.067,-17.25,-36.75,0.13,254.75,-83.86,177.72
52.418396,-1.532524,159.41,2.07,3,45.07,21 / 21,3383728,2019-09-06 19:12:30:410,4.0105,2.0231,9.3833,0.0562,0.0316,9.8064,0.1768,-0.0521,0.0352,-17.31,-37.06,1.69,255.42,-82.7,174.14
52.418396,-1.532524,159.41,2.07,3,45.07,21 / 21,3383828,2019-09-06 19:12:30:510,3.8023,0.2644,9.6908,0.0353,-0.0213,9.8065,0.048,-0.0159,0.0577,-17.5,-36.62,2.44,256.04,-82.22,175.85
52.418396,-1.532524,159.41,2.07,3,45.07,21 / 21,3383928,2019-09-06 19:12:30:610,2.4868,-0.097,10.377,-0.0453,-0.0118,9.8065,-0.2272,-0.0892,0.0573,-17.37,-36.87,1.81,258.34,-82.32,178.1
52.418396,-1.532524,159.41,2.07,3,45.07,21 / 21,3384028,2019-09-06 19:12:30:710,2.816,-0.9175,9.4667,-0.0695,0.011,9.8064,-0.1896,-0.0149,-0.1104,-16.94,-36.06,1.63,259.87,-83.36,177.03
52.418396,-1.532524,159.41,2.07,3,45.07,21 / 21,3384129,2019-09-06 19:12:30:811,1.6089,0.2661,9.2588,-0.0501,0.0343,9.8064,-0.1035,-0.0199,-0.0803,-16.87,-36.69,0.5,251.52,-84.35,169.82
52.418396,-1.532524,159.41,2.07,3,45.07,21 / 21,3384229,2019-09-06 19:12:30:911,1.8505,2.1958,9.6147,-0.0236,0.0203,9.8065,-0.1259,0.0193,0.0194,-16.94,-37,0.69,247.77,-84.62,165.23
52.418396,-1.532524,159.41,2.07,3,45.07,21 / 21,3384329,2019-09-06 19:12:31:011,0.457,0.1707,10.7205,-0.0244,-0.0284,9.8065,0.0119,0.0426,0.0127,-16.75,-35.56,-0.31,247.12,-85.11,166.66
52.418472,-1.532394,159.81,4.31,3,48.78,21 / 21,3384428,2019-09-06 19:12:31:110,2.4331,0.2185,10.102,-0.0046,-0.0038,9.8066,-0.0836,-0.0058,0.0277,-16.19,-35.44,-0.06,247.78,-85.21,167.48
52.418472,-1.532394,159.81,4.31,3,48.78,21 / 21,3384529,2019-09-06 19:12:31:211,3.1055,-0.246,9.7244,-0.01,0.0263,9.8065,-0.0561,0.0009,-0.071,-16.37,-36.5,-0.56,241.49,-85.18,164.55
52.418472,-1.532394,159.81,4.31,3,48.78,21 / 21,3384628,2019-09-06 19:12:31:310,0.9493,1.0172,8.63,0.0215,0.0402,9.8065,-0.0628,0.0349,-0.056,-16.62,-36.44,-1.19,238.24,-84.96,160.61
52.418472,-1.532394,159.81,4.31,3,48.78,21 / 21,3384728,2019-09-06 19:12:31:410,3.0484,2.9651,9.1852,-0.0291,-0.0109,9.8065,-0.0515,0.0352,0.0659,-15.81,-36.44,-0.75,234.3,-85.04,156.87
52.418472,-1.532394,159.81,4.31,3,48.78,21 / 21,3384828,2019-09-06 19:12:31:510,2.15,0.0997,10.8507,0.0261,-0.0332,9.8065,-0.1023,0.0142,0.0827,-15.81,-36.31,-1,238.9,-85.16,161.74
52.418472,-1.532394,159.81,4.31,3,48.78,21 / 21,3384928,2019-09-06 19:12:31:610,1.5142,-0.2914,11.3451,-0.0104,-0.0094,9.8066,-0.1229,0.0515,0.0106,-16.37,-36.19,-1.75,237.56,-85.69,162.77
52.418472,-1.532394,159.81,4.31,3,48.78,21 / 21,3385029,2019-09-06 19:12:31:711,0.8363,-0.0243,10.675,0.0037,0.0103,9.8066,0.0098,0.0472,-0.0095,-16.12,-36.44,-1.87,236.95,-85.88,161.74
52.418472,-1.532394,159.81,4.31,3,48.78,21 / 21,3385129,2019-09-06 19:12:31:811,2.5911,1.355,8.7441,0.0126,0.0195,9.8065,0.0461,-0.028,-0.0386,-15.81,-35.94,-1,238.97,-85.38,161.4
52.418472,-1.532394,159.81,4.31,3,48.78,21 / 21,3385228,2019-09-06 19:12:31:910,1.5011,0.4364,9.4012,0.0298,-0.0179,9.8066,0.0275,0.1471,0.0032,-15.87,-36.75,-0.5,244.14,-84.78,165
52.418472,-1.532394,159.81,4.31,3,48.78,21 / 21,3385329,2019-09-06 19:12:32:011,3.3718,-0.4844,10.0666,0.0151,-0.0321,9.8066,0.2405,0.0337,0.0294,-16.87,-36.56,0.19,248.48,-84.16,170.32
52.418472,-1.532394,159.81,4.31,3,48.78,21 / 21,3385429,2019-09-06 19:12:32:111,2.7458,0.7126,10.0191,-0.0417,-0.028,9.8065,0.1099,0.019,0.0134,-16.12,-36.12,-0.06,249.95,-84.15,172.35
52.418472,-1.532394,159.81,4.31,3,48.78,21 / 21,3385529,2019-09-06 19:12:32:211,1.6643,-0.5296,9.7734,-0.0317,-0.0062,9.8065,-0.1379,-0.1024,-0.0351,-15.94,-35.75,-0.62,247.99,-84.39,173.26
52.418472,-1.532394,159.81,4.31,3,48.78,21 / 21,3385629,2019-09-06 19:12:32:311,-0.1264,1.92,9.7317,-0.0047,0.0018,9.8066,0.0001,0.0631,0.0146,-16.62,-36.37,-1.19,249.27,-84.86,172.8
52.418472,-1.532394,159.81,4.31,3,48.78,21 / 21,3385728,2019-09-06 19:12:32:410,0.9082,-0.5561,9.3002,0.0118,-0.0231,9.8066,-0.0151,0.1441,-0.1175,-15.19,-35.87,-0.56,249.3,-84.84,174.7
52.418472,-1.532394,159.81,4.31,3,48.78,21 / 21,3385828,2019-09-06 19:12:32:510,3.2292,0.6691,9.6176,0.0014,0.0047,9.8066,0.1015,-0.0592,0.0859,-16.5,-36.37,-0.25,252.53,-84.69,173.96
52.418472,-1.532394,159.81,4.31,3,48.78,21 / 21,3385928,2019-09-06 19:12:32:610,1.4191,0.7417,9.4712,-0.0001,-0.0024,9.8066,-0.0616,-0.0271,0.0291,-16.06,-36.31,-0.25,253.61,-84.41,175.73
52.418472,-1.532394,159.81,4.31,3,48.78,21 / 21,3386029,2019-09-06 19:12:32:711,1.7092,-0.0047,10.0315,0.0204,-0.0099,9.8065,-0.1772,-0.0775,0.0308,-15.81,-35.06,-1.19,252.13,-84.41,177.36
52.418472,-1.532394,159.81,4.31,3,48.78,21 / 21,3386128,2019-09-06 19:12:32:810,2.6765,0.6151,9.9115,-0.0119,-0.0044,9.8065,0.0213,0.0444,0.0334,-16.69,-35.06,-2.06,251.38,-84.54,178.68
52.418472,-1.532394,159.81,4.31,3,48.78,21 / 21,3386228,2019-09-06 19:12:32:910,1.4033,-0.7574,9.8912,0.0063,-0.0079,9.8066,0.0084,-0.0777,0.0886,-15.87,-35.37,-2.69,248.03,-84.58,179.47
52.418472,-1.532394,159.81,4.31,3,48.78,21 / 21,3386328,2019-09-06 19:12:33:010,2.4814,0.5107,10.3545,0.0039,0.0084,9.8066,0.1081,-0.0237,-0.0227,-17.94,-34.94,-3.56,248.07,-84.51,-179.75
52.418472,-1.532394,159.81,4.31,3,48.78,21 / 21,3386429,2019-09-06 19:12:33:111,2.8007,0.2591,9.9407,0.0042,0.0071,9.8066,0.1399,-0.0211,0.0773,-19.62,-34.94,-3.12,251.77,-84.34,179.59
52.418472,-1.532394,159.81,4.31,3,48.78,21 / 21,3386528,2019-09-06 19:12:33:210,1.085,-0.2773,10.7358,0.008,-0.0083,9.8066,0.0114,0.0444,-0.104,-20.81,-34.56,-1.62,255.59,-84.2,-179.65
52.418472,-1.532394,159.81,4.31,3,48.78,21 / 21,3386629,2019-09-06 19:12:33:311,1.6397,2.0876,9.8258,0.04,0.0164,9.8065,-0.1103,0.0354,-0.0294,-21,-33.69,-1.06,257.93,-83.91,-179.71
52.418472,-1.532394,159.81,4.31,3,48.78,21 / 21,3386729,2019-09-06 19:12:33:411,1.7689,-0.0484,9.3062,0.0035,-0.0082,9.8066,-0.0351,0.0401,-0.0166,-19.69,-33.62,0.81,262.55,-83.92,179.97
52.418472,-1.532394,159.81,4.31,3,48.78,21 / 21,3386829,2019-09-06 19:12:33:511,2.3846,1.6788,9.1549,-0.0136,0.0084,9.8066,-0.0814,0.0179,-0.0135,-17.94,-33,0.31,258.65,-83.88,179.7
52.418472,-1.532394,159.81,4.31,3,48.78,21 / 21,3386929,2019-09-06 19:12:33:611,1.9867,1.3519,9.426,0.0071,-0.0011,9.8066,-0.09,0.0654,-0.0191,-16,-32.62,0.38,258.25,-83.85,-179.26
52.418472,-1.532394,159.81,4.31,3,48.78,21 / 21,3387029,2019-09-06 19:12:33:711,1.9285,-0.2402,9.874,0.0205,0.0183,9.8065,-0.0972,-0.1141,0.116,-15.87,-32.25,-1.19,254.56,-83.89,179.95
52.418472,-1.532394,159.81,4.31,3,48.78,21 / 21,3387129,2019-09-06 19:12:33:811,0.344,0.6563,10.365,-0.0171,0.0134,9.8066,0.0749,-0.08,0.0087,-15.94,-31.75,-1.31,255.84,-84.06,-179.04
52.418472,-1.532394,159.81,4.31,3,48.78,21 / 21,3387229,2019-09-06 19:12:33:911,1.3504,0.1717,9.4764,0.0406,0.0018,9.8065,0.021,0.0233,0.0044,-17.62,-32.12,-0.56,257.33,-83.87,-178.85
52.418472,-1.532394,159.81,4.31,3,48.78,21 / 21,3387329,2019-09-06 19:12:34:011,0.2914,0.7032,9.6906,-0.0285,-0.0052,9.8066,0.0674,0.0469,0.0993,-17.06,-32.06,0,258.55,-83.86,179.93
52.418472,-1.532394,159.81,4.31,3,48.78,21 / 21,3387429,2019-09-06 19:12:34:111,2.4095,0.3516,9.4687,0.0124,0.0063,9.8066,-0.0175,-0.1665,-0.078,-16.81,-33,0.19,258.85,-83.82,-179.32
52.418472,-1.532394,159.81,4.31,3,48.78,21 / 21,3387528,2019-09-06 19:12:34:210,0.6958,0.5773,9.8469,-0.023,0.0133,9.8066,0.1008,-0.0179,0.024,-16.25,-33.19,0.69,260.24,-83.83,179.28
52.418472,-1.532394,159.81,4.31,3,48.78,21 / 21,3387629,2019-09-06 19:12:34:311,2.3955,0.6047,9.4773,-0.0245,0.0018,9.8066,0.0324,0.0582,0.0615,-16.44,-34.06,0,255.52,-83.8,178.35
52.418472,-1.532394,159.81,4.31,3,48.78,21 / 21,3387729,2019-09-06 19:12:34:411,1.3965,0.8542,9.4459,-0.0018,-0.0136,9.8066,0.0139,0.0165,-0.0318,-17.5,-35.06,0,255.54,-83.71,178.14
52.418472,-1.532394,159.81,4.31,3,48.78,21 / 21,3387828,2019-09-06 19:12:34:510,1.3801,0.4263,9.237,-0.0113,-0.003,9.8066,-0.0281,-0.0195,-0.0246,-16.44,-35.12,-0.12,255.36,-83.69,178.8
52.418472,-1.532394,159.81,4.31,3,48.78,21 / 21,3387928,2019-09-06 19:12:34:610,1.1382,-0.0598,10.499,0.0077,-0.0056,9.8066,0.0599,0.0537,0.0963,-16.81,-35.87,-0.19,255.79,-83.7,178.79
52.418472,-1.532394,159.81,4.31,3,48.78,21 / 21,3388028,2019-09-06 19:12:34:710,0.909,-0.0048,10.581,-0.0203,-0.0209,9.8066,0.0821,0.0578,0.0344,-17.75,-35.94,-0.12,258.1,-83.73,-179.57
52.418472,-1.532394,159.81,4.31,3,48.78,21 / 21,3388128,2019-09-06 19:12:34:810,0.8959,0.1522,9.9926,0.0305,-0.0086,9.8066,0.064,0.0523,0.0019,-17,-35.44,-0.5,259.04,-83.58,-177.89
52.418472,-1.532394,159.81,4.31,3,48.78,21 / 21,3388228,2019-09-06 19:12:34:910,0.6687,0.2921,9.959,0.0172,-0.0006,9.8065,0.0453,0.0473,0.0185,-17.56,-35.87,-0.94,257.68,-83.56,-176.5
52.418472,-1.532394,159.81,4.31,3,48.78,21 / 21,3388329,2019-09-06 19:12:35:011,1.0234,1.6411,10.0744,0.0197,0.0022,9.8066,-0.1687,-0.0331,0.0284,-17.44,-35.31,-1.25,257.63,-83.64,-176.15
52.418472,-1.532394,159.81,4.31,3,48.78,21 / 21,3388429,2019-09-06 19:12:35:111,1.1955,0.9129,10.4233,0.035,0.0119,9.8066,-0.0517,0.0534,-0.0511,-17.31,-35.44,-1,258.72,-83.68,-175.08
52.418472,-1.532394,159.81,4.31,3,48.78,21 / 21,3388528,2019-09-06 19:12:35:210,0.2197,-0.4121,10.0197,0.0282,-0.0024,9.8065,-0.1686,-0.0198,-0.009,-17.12,-35.44,-1.37,257.89,-83.85,-176.31
52.418472,-1.532394,159.81,4.31,3,48.78,21 / 21,3388629,2019-09-06 19:12:35:311,-0.0926,-0.4098,9.2339,0.0372,0.0195,9.8065,-0.1298,0.0464,-0.0045,-17.81,-35.87,-1.31,257.73,-83.58,-176.48
52.418472,-1.532394,159.81,4.31,3,48.78,21 / 21,3388728,2019-09-06 19:12:35:410,-0.4502,-0.1341,9.4032,-0.0549,-0.0188,9.8064,0.0739,0.0315,0.0451,-16.94,-34.75,-0.75,256.85,-83.81,-177.34
52.418472,-1.532394,159.81,4.31,3,48.78,21 / 21,3388828,2019-09-06 19:12:35:510,-0.3674,1.2314,9.2513,-0.0382,-0.0101,9.8065,-0.0721,0.043,-0.1122,-18.12,-35.12,-0.25,260.48,-83.68,-177.31
52.418472,-1.532394,159.81,4.31,3,48.78,21 / 21,3388928,2019-09-06 19:12:35:610,1.2244,0.2196,10.5038,-0.0009,-0.0078,9.8066,0.2327,0.0739,-0.0032,-18.87,-33.94,0.19,260.9,-83.65,-177.81
52.418472,-1.532394,159.81,4.31,3,48.78,21 / 21,3389029,2019-09-06 19:12:35:711,1.9881,-0.2304,10.0684,-0.0261,0.012,9.8065,0.1851,-0.0434,-0.0328,-18.62,-33.19,0.13,259.8,-83.55,-179.13
52.418472,-1.532394,159.81,4.31,3,48.78,21 / 21,3389129,2019-09-06 19:12:35:811,0.1876,-0.2329,9.3044,0.0229,0.0125,9.8066,-0.0822,-0.0713,0.0211,-17.25,-33.5,0,257.46,-83.42,179.99
52.418472,-1.532394,159.81,4.31,3,48.78,21 / 21,3389229,2019-09-06 19:12:35:911,0.2561,0.41,8.7496,0.0267,0.006,9.8066,-0.1083,0.1604,0.0055,-16.44,-34.44,-1.87,249.59,-83.2,-179.8
52.418472,-1.532394,159.81,4.31,3,48.78,21 / 21,3389328,2019-09-06 19:12:36:010,2.2496,-0.2403,10.456,0.101,-0.0053,9.8061,-0.1522,-0.0837,0.131,-17.12,-35.31,-1.87,252.19,-83.06,-177.52
52.418472,-1.532394,159.81,4.31,3,48.78,21 / 21,3389428,2019-09-06 19:12:36:110,-1.8272,-1.8472,11.9987,-0.009,0.0178,9.8066,0.0088,-0.151,-0.0384,-16.75,-34.81,-2.12,253.19,-83.57,-177.47
52.418472,-1.532394,159.81,4.31,3,48.78,21 / 21,3389529,2019-09-06 19:12:36:211,0.9202,1.1772,9.9463,0.0448,0.0361,9.8065,0.0979,-0.0147,0.0496,-17.19,-35.25,-1.87,252.7,-83.56,-177.97
52.418472,-1.532394,159.81,4.31,3,48.78,21 / 21,3389629,2019-09-06 19:12:36:311,0.9105,0.1913,9.169,0.037,0.0062,9.8066,-0.0589,0.035,0.1433,-16.62,-34.44,-1.25,254.41,-82.86,-178.4
52.418472,-1.532394,159.81,4.31,3,48.78,21 / 21,3389728,2019-09-06 19:12:36:410,-0.3093,-0.406,10.5435,-0.0299,0.0093,9.8065,-0.0325,-0.0571,-0.0832,-16.62,-34.25,-0.12,258.46,-83.01,-177.73
52.418472,-1.532394,159.81,4.31,3,48.78,21 / 21,3389829,2019-09-06 19:12:36:511,0.1743,-0.5376,9.3094,0.0122,0.0192,9.8066,-0.1141,-0.0108,-0.021,-17.06,-34.44,1.19,260.18,-83.04,-179.36
52.418472,-1.532394,159.81,4.31,3,48.78,21 / 21,3389929,2019-09-06 19:12:36:611,1.4878,0.7715,9.3332,-0.025,0.0067,9.8066,-0.0163,-0.0884,0.0186,-18.5,-34.06,0.44,256.38,-83.2,178.92
52.418472,-1.532394,159.81,4.31,3,48.78,21 / 21,3390029,2019-09-06 19:12:36:711,0.2116,-0.5732,9.3353,0.0165,-0.0113,9.8065,-0.0656,-0.0127,0.0052,-18.5,-33.94,-1.25,254.04,-83.08,179.81
52.418472,-1.532394,159.81,4.31,3,48.78,21 / 21,3390128,2019-09-06 19:12:36:810,0.3805,1.1737,9.8281,0.0133,-0.0026,9.8066,-0.0283,0.1883,-0.0733,-19.37,-34.5,-1.12,255.16,-83.08,-179.84
52.418472,-1.532394,159.81,4.31,3,48.78,21 / 21,3390228,2019-09-06 19:12:36:910,1.0446,-0.7399,9.7116,0.0079,-0.0075,9.8066,0.0342,-0.0173,0.0289,-18.37,-34.19,-0.5,257.33,-83.08,-179.84
52.418472,-1.532394,159.81,4.31,3,48.78,21 / 21,3390328,2019-09-06 19:12:37:010,-0.5617,0.5616,9.9814,-0.0208,0.0044,9.8065,0.0271,-0.0271,0.014,-17.44,-34.5,-0.44,256.74,-83.23,-179.99
52.418472,-1.532394,159.81,4.31,3,48.78,21 / 21,3390429,2019-09-06 19:12:37:111,-0.1051,0.2729,9.3638,0.0049,0.0058,9.8066,-0.1325,-0.0777,0.0843,-17.44,-34.81,-1.37,253.17,-83.19,-180
52.418472,-1.532394,159.81,4.31,3,48.78,21 / 21,3390529,2019-09-06 19:12:37:211,1.0606,0.6275,9.3808,-0.0221,-0.0137,9.8066,0.0775,-0.0084,0.0132,-18.06,-34.19,-1.44,256.24,-83.34,-178.33
52.418472,-1.532394,159.81,4.31,3,48.78,21 / 21,3390629,2019-09-06 19:12:37:311,0.6293,0.4682,9.1921,-0.029,-0.0048,9.8065,0.0468,0.0202,0.0459,-19.37,-34.19,-1.25,257.33,-83.37,-178.05
52.418472,-1.532394,159.81,4.31,3,48.78,21 / 21,3390728,2019-09-06 19:12:37:410,-0.5774,0.4696,10.0835,0.0233,-0.0148,9.8065,-0.1208,0.0615,-0.1015,-19.19,-33.12,-0.62,258.07,-83.33,-177.55
52.418472,-1.532394,159.81,4.31,3,48.78,21 / 21,3390829,2019-09-06 19:12:37:511,0.5327,-0.3331,9.6633,0.015,0.0131,9.8066,-0.0101,0.0197,0.0862,-19.81,-32.94,-2.25,256.02,-83.09,-177.24
52.418472,-1.532394,159.81,4.31,3,48.78,21 / 21,3390929,2019-09-06 19:12:37:611,-1.4115,-2.0937,9.4684,-0.0252,-0.0094,9.8066,0.1666,0.0021,-0.133,-19.37,-32.69,-1.12,258.29,-83.27,-177.21
52.418472,-1.532394,159.81,4.31,3,48.78,21 / 21,3391029,2019-09-06 19:12:37:711,-2.4942,2.7372,11.1349,-0.0212,0.0051,9.8066,-0.0079,0.0136,0.0457,-18.81,-32.25,-0.44,259.91,-83.04,-178.5
52.418472,-1.532394,159.81,4.31,3,48.78,21 / 21,3391129,2019-09-06 19:12:37:811,0.5219,-1.333,9.7467,-0.0059,-0.0119,9.8066,0.0889,0.169,-0.1439,-17.56,-32.94,-0.44,259.64,-83.06,-177.75
52.418472,-1.532394,159.81,4.31,3,48.78,21 / 21,3391229,2019-09-06 19:12:37:911,-2.2425,-0.4656,11.7057,-0.0111,0.0124,9.8066,-0.0186,-0.1754,0.1009,-16.25,-33.37,-0.56,252.91,-82.97,-179.6
52.418472,-1.532394,159.81,4.31,3,48.78,21 / 21,3391330,2019-09-06 19:12:38:012,0.9095,1.3191,10.1175,0.0452,0.0009,9.8065,0.0201,0.0357,0.0174,-15.94,-34,-0.37,256.52,-82.93,-178.73
52.418472,-1.532394,159.81,4.31,3,48.78,21 / 21,3391428,2019-09-06 19:12:38:110,-0.4764,-0.1325,10.1858,0.0392,0.0017,9.8065,-0.0824,-0.009,0.0457,-16.62,-34.31,-0.94,255.01,-82.56,-177.17
52.418472,-1.532394,159.81,4.31,3,48.78,21 / 21,3391529,2019-09-06 19:12:38:211,-0.1714,-0.1602,9.4596,-0.0082,-0.0064,9.8066,0.064,-0.0338,-0.0044,-17.31,-34.25,-0.94,255.9,-82.67,-176.44
52.418472,-1.532394,159.81,4.31,3,48.78,21 / 21,3391629,2019-09-06 19:12:38:311,0.1623,-0.805,10.1017,-0.0229,-0.0085,9.8065,0.0686,-0.0135,0.0771,-17.87,-33.06,-1.87,254.6,-82.71,-176.2
52.418472,-1.532394,159.81,4.31,3,48.78,21 / 21,3391729,2019-09-06 19:12:38:411,0.446,0.5905,9.691,0.0034,0.0003,9.8066,-0.0757,-0.0176,-0.0103,-18.12,-34.44,-2.37,254.45,-82.72,-175.99
52.418472,-1.532394,159.81,4.31,3,48.78,21 / 21,3391828,2019-09-06 19:12:38:510,0.7504,-0.1332,10.0977,0.0208,0.0105,9.8065,-0.0541,-0.033,-0.042,-19.69,-35.37,-1.56,256.07,-82.74,-175.9
52.418472,-1.532394,159.81,4.31,3,48.78,21 / 21,3391929,2019-09-06 19:12:38:611,-0.5073,-1.4501,9.8896,-0.0081,-0.004,9.8066,-0.0981,-0.1065,0.0282,-19,-35.06,-1.37,257.41,-82.8,-176.57
52.418472,-1.532394,159.81,4.31,3,48.78,21 / 21,3392029,2019-09-06 19:12:38:711,-0.1646,0.7638,10.075,-0.005,0.0025,9.8066,-0.0512,0.0017,-0.0168,-19.31,-35.31,-0.69,257.72,-82.76,-176.16
52.418472,-1.532394,159.81,4.31,3,48.78,21 / 21,3392128,2019-09-06 19:12:38:810,1.0129,-0.7916,10.5959,-0.0112,-0.0029,9.8066,0.1322,0.0308,-0.0162,-18.31,-34.81,-0.12,259.54,-82.72,-176.42
52.418472,-1.532394,159.81,4.31,3,48.78,21 / 21,3392228,2019-09-06 19:12:38:910,-0.4432,0.7576,9.8522,-0.0171,0.0131,9.8066,0.0767,-0.0005,-0.0394,-18.06,-34.19,-0.06,258.69,-82.75,-177.76
52.418472,-1.532394,159.81,4.31,3,48.78,21 / 21,3392328,2019-09-06 19:12:39:010,0.4131,0.2797,9.6207,0.0103,0.0097,9.8066,0.013,-0.081,-0.046,-17.37,-34.75,-0.62,253.32,-82.63,-178.7
52.418472,-1.532394,159.81,4.31,3,48.78,21 / 21,3392428,2019-09-06 19:12:39:110,-0.7954,1.4272,9.2098,0.0291,0.0203,9.8065,-0.0656,0.0773,-0.0369,-16.75,-34.69,-1.25,252.54,-82.43,-179.15
52.418472,-1.532394,159.81,4.31,3,48.78,21 / 21,3392529,2019-09-06 19:12:39:211,-0.571,0.106,9.0876,-0.016,-0.0097,9.8066,-0.1574,0.022,0.0106,-16.75,-35.12,-0.94,252.84,-82.68,-179.33
52.418472,-1.532394,159.81,4.31,3,48.78,21 / 21,3392628,2019-09-06 19:12:39:310,-0.0494,-0.8113,10.0233,-0.0116,-0.0088,9.8065,-0.1453,-0.0205,0.029,-16.37,-34.81,-2,248.97,-82.73,-179.11
52.418472,-1.532394,159.81,4.31,3,48.78,21 / 21,3392729,2019-09-06 19:12:39:411,-1.0476,0.5118,9.6175,-0.0213,-0.021,9.8065,0.069,0.12,-0.0573,-17.44,-36,-1.94,251.75,-82.94,-177.37
52.418472,-1.532394,159.81,4.31,3,48.78,21 / 21,3392829,2019-09-06 19:12:39:511,-0.6403,-0.3513,9.8019,-0.0175,-0.0156,9.8066,0.0193,-0.0183,0.0756,-16.81,-35.31,-1.06,255.74,-82.92,-176.68
52.418472,-1.532394,159.81,4.31,3,48.78,21 / 21,3392928,2019-09-06 19:12:39:610,-0.2634,0.2444,10.4548,0.0242,0.0012,9.8066,-0.0106,0.0215,-0.031,-17.5,-35,-2.12,254.45,-82.98,-174.91
52.418472,-1.532394,159.81,4.31,3,48.78,21 / 21,3393029,2019-09-06 19:12:39:711,-0.0577,-0.6864,9.8631,-0.0002,-0.0008,9.8066,0.0827,-0.0184,0.0433,-18.06,-34.69,-1.94,256.07,-83,-174.38
52.418472,-1.532394,159.81,4.31,3,48.78,21 / 21,3393128,2019-09-06 19:12:39:810,-0.7991,0.8096,9.4745,0.0192,0.0011,9.8066,-0.1406,-0.042,0.0575,-17.94,-33.37,-2.44,257.25,-83.07,-174.03
52.418472,-1.532394,159.81,4.31,3,48.78,21 / 21,3393229,2019-09-06 19:12:39:911,-0.9859,-0.7973,9.6453,0.0315,0.0076,9.8065,0.0538,0.0595,-0.0366,-18.37,-32.94,-1.94,258.43,-83.13,-172.89
52.418472,-1.532394,159.81,4.31,3,48.78,21 / 21,3393329,2019-09-06 19:12:40:011,-1.7812,0.0536,9.0835,-0.0177,-0.0049,9.8066,-0.1444,0.0657,0.0091,-18.94,-32.56,-2,259.34,-83.46,-173.51
52.418983,-1.531577,161.51,9.71,2,44.17,21 / 21,3393429,2019-09-06 19:12:40:111,-0.6033,-0.4354,9.7747,-0.003,-0.0044,9.8066,-0.0957,-0.0899,0.0425,-19.31,-32.56,-2.06,259.67,-83.53,-173.28
52.418983,-1.531577,161.51,9.71,2,44.17,21 / 21,3393529,2019-09-06 19:12:40:211,-0.503,0.6213,9.2789,-0.0189,-0.0014,9.8066,0.0177,-0.0236,0.0404,-18.81,-33.62,-1.25,262.91,-83.59,-172.63
52.418983,-1.531577,161.51,9.71,2,44.17,21 / 21,3393628,2019-09-06 19:12:40:310,0.4699,1.0093,10.0708,-0.0362,-0.0041,9.8065,0.0376,-0.048,0.0113,-18,-33.94,-2.19,259.26,-83.78,-172.86
52.418983,-1.531577,161.51,9.71,2,44.17,21 / 21,3393729,2019-09-06 19:12:40:411,0.2786,-0.3698,9.4422,0.0349,0.0182,9.8065,-0.0714,0.0048,-0.0511,-18.06,-33.94,-2.87,254.82,-83.59,-174.16
52.418983,-1.531577,161.51,9.71,2,44.17,21 / 21,3393828,2019-09-06 19:12:40:510,0.3588,0.0407,9.6956,0.0079,0.0133,9.8066,0.0125,-0.0142,0.0103,-17.69,-34.5,-3.19,254.23,-83.76,-175.1
52.418983,-1.531577,161.51,9.71,2,44.17,21 / 21,3393929,2019-09-06 19:12:40:611,-1.7881,-0.5604,9.9661,-0.0225,-0.0045,9.8066,0.0059,-0.0098,-0.0234,-16.12,-34.31,-3.56,248.03,-83.94,-176.33
52.418983,-1.531577,161.51,9.71,2,44.17,21 / 21,3394029,2019-09-06 19:12:40:711,0.6469,0.8404,10.2123,-0.0285,-0.0061,9.8066,-0.0386,-0.0098,0.0065,-16.44,-34.62,-3.81,247.34,-84.01,-176.89
52.418983,-1.531577,161.51,9.71,2,44.17,21 / 21,3394128,2019-09-06 19:12:40:810,1.8631,-2.778,8.258,0.014,0.0117,9.8065,-0.1776,0.0251,-0.1328,-15.37,-34.44,-3.75,246.33,-84,-176.68
52.418983,-1.531577,161.51,9.71,2,44.17,21 / 21,3394229,2019-09-06 19:12:40:911,-2.6178,4.3058,11.815,-0.0349,0.039,9.8064,0.0035,0.2766,-0.1937,-15.37,-34.19,-3.87,240.44,-84.12,176.54
52.418983,-1.531577,161.51,9.71,2,44.17,21 / 21,3394329,2019-09-06 19:12:41:011,2.5197,-1.3797,9.9893,0.1142,0.0365,9.8058,-0.182,-0.2806,0.2431,-15.81,-33.94,-3.12,245.45,-83.7,178.02
52.418983,-1.531577,161.51,9.71,2,44.17,21 / 21,3394428,2019-09-06 19:12:41:110,-0.6615,0.3427,11.0005,0.0977,0.0123,9.8061,0.1084,0.2501,-0.1554,-17.56,-34.12,-2.81,250.61,-83.76,-178.97
52.418983,-1.531577,161.51,9.71,2,44.17,21 / 21,3394529,2019-09-06 19:12:41:211,-1.11,-2.8686,8.2182,0.0128,-0.0088,9.8066,-0.1584,-0.1861,0.1722,-17.94,-34.5,-1.62,250.66,-83.67,178.22
52.418983,-1.531577,161.51,9.71,2,44.17,21 / 21,3394628,2019-09-06 19:12:41:310,-2.9223,-1.6243,9.4467,0.0507,-0.0049,9.8064,-0.3332,-0.1247,-0.043,-18,-34.69,-1.5,255.56,-83.48,-178.95
52.418983,-1.531577,161.51,9.71,2,44.17,21 / 21,3394729,2019-09-06 19:12:41:411,-0.1595,-1.5829,9.4779,-0.0464,-0.0205,9.8065,0.0971,-0.1075,0.1191,-16.69,-34.25,-1.75,254.08,-84.08,-177.87
52.418983,-1.531577,161.51,9.71,2,44.17,21 / 21,3394828,2019-09-06 19:12:41:510,-1.1788,-0.8681,9.7305,-0.0136,-0.0174,9.8065,-0.0761,0.0047,-0.0512,-16.75,-34.31,-2.62,252.62,-84.12,-176.3
52.418983,-1.531577,161.51,9.71,2,44.17,21 / 21,3394929,2019-09-06 19:12:41:611,-0.8314,-0.1901,9.6119,-0.0103,-0.0009,9.8066,0.1317,-0.0171,0.0387,-16.87,-33.62,-3.25,252.15,-84.22,-176.99
52.418983,-1.531577,161.51,9.71,2,44.17,21 / 21,3395029,2019-09-06 19:12:41:711,0.1423,-0.3733,9.8348,-0.0183,-0.0016,9.8066,0.0498,0.012,0.0114,-17.87,-33.75,-4.94,247.8,-84.23,-176.99
52.418983,-1.531577,161.51,9.71,2,44.17,21 / 21,3395129,2019-09-06 19:12:41:811,-1.9316,-1.4944,10.045,0.0011,-0.0051,9.8066,-0.073,-0.0873,-0.0264,-19.12,-34.19,-5.12,248.68,-84.28,-177.38
52.418983,-1.531577,161.51,9.71,2,44.17,21 / 21,3395228,2019-09-06 19:12:41:910,-0.3122,-0.314,9.6656,-0.0086,0.0061,9.8066,-0.0098,-0.028,-0.0125,-20.56,-35.31,-3.69,252.79,-84.35,-177.6
52.418983,-1.531577,161.51,9.71,2,44.17,21 / 21,3395328,2019-09-06 19:12:42:010,-0.7496,0.8681,9.8262,-0.0238,-0.0048,9.8065,0.1058,-0.0069,0.0281,-20.06,-34.56,-2.25,256.24,-84.46,-178.67
52.418983,-1.531577,161.51,9.71,2,44.17,21 / 21,3395429,2019-09-06 19:12:42:111,-1.1304,-0.8528,9.8765,-0.0233,-0.0095,9.8065,0.0591,-0.0558,0.0125,-19.5,-34.81,-1.94,256.28,-84.4,-177.73
52.418983,-1.531577,161.51,9.71,2,44.17,21 / 21,3395528,2019-09-06 19:12:42:210,-0.0415,0.6892,9.7151,0.0212,0.0051,9.8066,-0.0834,0.0013,0.0081,-17.06,-34.56,-2.5,254.11,-84.34,-178.03
52.418983,-1.531577,161.51,9.71,2,44.17,21 / 21,3395629,2019-09-06 19:12:42:311,-1.6796,-0.3661,9.7346,0.0298,0.0101,9.8065,-0.1908,0.0075,-0.0124,-17.31,-34.25,-3.69,249.21,-84.34,-177.25
52.418983,-1.531577,161.51,9.71,2,44.17,21 / 21,3395728,2019-09-06 19:12:42:410,-0.3369,-0.3503,9.5173,-0.0262,-0.0161,9.8065,0.0185,0.0164,0.0033,-17.31,-33.87,-3.5,252.36,-84.47,-177.25
52.418983,-1.531577,161.51,9.71,2,44.17,21 / 21,3395828,2019-09-06 19:12:42:510,-0.4787,-0.9231,9.8939,-0.0347,-0.0079,9.8065,0.0431,-0.0755,0.0512,-18.87,-34,-1.81,257.92,-84.7,-176.83
52.418983,-1.531577,161.51,9.71,2,44.17,21 / 21,3395929,2019-09-06 19:12:42:611,0.0307,-0.4437,9.8692,-0.009,-0.0008,9.8066,0.048,-0.0137,0.0165,-18.12,-34.37,-1.31,260.39,-84.77,-176.66
52.418983,-1.531577,161.51,9.71,2,44.17,21 / 21,3396029,2019-09-06 19:12:42:711,0.2282,0.233,9.8725,-0.0163,-0.012,9.8066,-0.0795,0.0047,0.0084,-17.5,-34.44,-1.87,257.02,-84.82,-176.23
52.418983,-1.531577,161.51,9.71,2,44.17,21 / 21,3396130,2019-09-06 19:12:42:812,0.2517,-0.1177,9.9733,0.0182,0.0019,9.8066,-0.0585,0.0332,0.036,-17.12,-34.25,-2.94,253.72,-84.91,-176.65
52.418983,-1.531577,161.51,9.71,2,44.17,21 / 21,3396229,2019-09-06 19:12:42:911,-0.0494,-0.9663,10.2361,0.0235,-0.0081,9.8066,-0.0604,0.0294,-0.05,-17.44,-34.19,-3.37,255.08,-84.99,-175.38
52.418983,-1.531577,161.51,9.71,2,44.17,21 / 21,3396329,2019-09-06 19:12:43:011,-1.9282,-0.3412,9.8607,-0.0298,0.0026,9.8065,0.1444,-0.0326,-0.0007,-18.37,-34,-3.87,253.66,-85.02,-175.01
52.418983,-1.531577,161.51,9.71,2,44.17,20 / 20,3396429,2019-09-06 19:12:43:111,0.3569,0.1188,9.4701,-0.0258,-0.0118,9.8065,0.102,-0.0221,0.0156,-17.62,-34.25,-4.5,252.95,-85.15,-175.97
52.418983,-1.531577,161.51,9.71,2,44.17,20 / 20,3396529,2019-09-06 19:12:43:211,-0.334,-0.3214,9.606,0.0121,0.0021,9.8066,-0.1481,-0.0333,0.0163,-18.5,-34.19,-4.81,250.77,-85.13,-175.36
52.418983,-1.531577,161.51,9.71,2,44.17,20 / 20,3396629,2019-09-06 19:12:43:311,-1.5129,-0.3119,9.2756,0.0051,0.0085,9.8066,-0.1693,-0.0089,-0.002,-18,-34,-4.25,253.53,-85.22,-175.49
52.418983,-1.531577,161.51,9.71,2,44.17,20 / 20,3396729,2019-09-06 19:12:43:411,-0.0453,-0.861,9.7295,-0.0336,-0.0028,9.8065,0.077,-0.0498,-0.0329,-18.37,-34.87,-3.62,253.66,-85.55,-175.71
52.418983,-1.531577,161.51,9.71,2,44.17,20 / 20,3396829,2019-09-06 19:12:43:511,-0.6272,0.3583,9.412,-0.0112,0.0098,9.8065,0.0124,-0.0647,0.0211,-17,-35.25,-3.37,253.47,-85.56,-177.89
52.418983,-1.531577,161.51,9.71,2,44.17,20 / 20,3396928,2019-09-06 19:12:43:610,-1.224,-0.8253,9.2793,-0.0327,-0.0118,9.8065,0.0308,-0.0089,-0.0499,-17.19,-34.87,-4.06,249.81,-85.51,-178.52
52.418983,-1.531577,161.51,9.71,2,44.17,20 / 20,3397029,2019-09-06 19:12:43:711,-0.6785,-0.025,9.992,-0.0379,-0.0004,9.8065,-0.0001,-0.0409,-0.0085,-17.81,-35.44,-3.81,249.48,-85.73,179.58
52.418983,-1.531577,161.51,9.71,2,44.17,20 / 20,3397128,2019-09-06 19:12:43:810,-0.4783,-0.5515,9.7918,0.0055,0.0128,9.8066,0.0423,-0.0355,0.0557,-17.06,-34.94,-4,246.59,-85.64,177.83
52.418983,-1.531577,161.51,9.71,2,44.17,20 / 20,3397229,2019-09-06 19:12:43:911,-1.8375,-0.7874,9.7231,0.0118,0.011,9.8066,0.0627,-0.0425,-0.0059,-17.69,-34.62,-3.62,247.24,-85.69,177.29
52.418983,-1.531577,161.51,9.71,2,44.17,20 / 20,3397328,2019-09-06 19:12:44:010,-1.2174,0.1266,9.6461,-0.0134,-0.0076,9.8066,-0.0433,0.0255,-0.0423,-17.12,-35.19,-3.69,245.33,-85.83,176.14
52.418983,-1.531577,161.51,9.71,2,44.17,21 / 21,3397429,2019-09-06 19:12:44:111,-0.9846,0.2063,10.4961,-0.0132,-0.0068,9.8066,0.015,0.0542,-0.0193,-17.62,-35.37,-4.06,246.18,-85.93,175.75
52.418983,-1.531577,161.51,9.71,2,44.17,21 / 21,3397529,2019-09-06 19:12:44:211,-1.7715,0.7529,9.4187,0.0435,0.0142,9.8065,-0.1739,0.0293,-0.0541,-17.81,-35.37,-4.5,244.65,-86.09,173.85
52.418983,-1.531577,161.51,9.71,2,44.17,21 / 21,3397629,2019-09-06 19:12:44:311,-0.9276,-1.5058,9.3834,0.0329,0.0014,9.8065,0.0048,0.0004,-0.0038,-17.12,-35,-4,244.32,-85.97,174.81
52.418983,-1.531577,161.51,9.71,2,44.17,21 / 21,3397729,2019-09-06 19:12:44:411,-0.6117,-0.2065,9.7157,-0.0042,-0.01,9.8066,-0.1158,0.0997,-0.0167,-17.31,-35.69,-4.37,244.86,-86.12,175.32
52.418983,-1.531577,161.51,9.71,2,44.17,21 / 21,3397829,2019-09-06 19:12:44:511,-1.3124,0.2199,9.1897,-0.0055,-0.0044,9.8066,-0.1381,-0.0176,0.0387,-17.19,-35.12,-4.19,244.91,-86.18,175.06
52.418983,-1.531577,161.51,9.71,2,44.17,21 / 21,3397929,2019-09-06 19:12:44:611,-0.1858,0.4584,10.1505,-0.0364,-0.0187,9.8065,0.0964,-0.0256,-0.0054,-17.5,-35.5,-4.75,244.07,-86.46,176.72
52.418983,-1.531577,161.51,9.71,2,44.17,21 / 21,3398029,2019-09-06 19:12:44:711,-1.0678,0.3878,9.5217,-0.0471,-0.008,9.8065,-0.0247,-0.0913,0.0717,-17.75,-35.44,-4.19,248.19,-86.57,176.75
52.418983,-1.531577,161.51,9.71,2,44.17,21 / 21,3398129,2019-09-06 19:12:44:811,-0.1483,-0.6523,9.9514,0.0133,-0.003,9.8066,0.0113,0.0569,-0.011,-16.75,-34.81,-4.75,244.77,-86.56,177.28
52.418983,-1.531577,161.51,9.71,2,44.17,21 / 21,3398229,2019-09-06 19:12:44:911,-1.2461,-0.4093,9.5965,0.0101,0.0038,9.8066,-0.0232,-0.0164,0.0132,-17.87,-35.75,-4.37,249.03,-86.53,177.88
52.418983,-1.531577,161.51,9.71,2,44.17,21 / 21,3398332,2019-09-06 19:12:45:014,-0.16,-0.429,9.8854,-0.027,-0.0172,9.8066,0.0464,-0.0917,0.0469,-18.12,-34.94,-4.69,247.95,-86.79,179.03
52.418983,-1.531577,161.51,9.71,2,44.17,21 / 21,3398428,2019-09-06 19:12:45:110,-1.1848,-0.5936,10.3421,-0.0152,-0.0173,9.8066,0.0415,-0.0341,0.066,-17.56,-34.62,-4.25,252.05,-86.91,-179.85
52.418983,-1.531577,161.51,9.71,2,44.17,21 / 21,3398529,2019-09-06 19:12:45:211,0.0375,-0.5894,10.6198,0.0058,0.0008,9.8066,0.0306,-0.0324,0.0293,-19.31,-34.31,-4.12,253.82,-87,-179.26
52.418983,-1.531577,161.51,9.71,2,44.17,21 / 21,3398628,2019-09-06 19:12:45:310,0.1949,0.6272,9.7178,0.0035,0.0025,9.8066,0.0216,0.0551,-0.0407,-18.69,-33.94,-4.44,254,-87.11,-179.26
52.418983,-1.531577,161.51,9.71,2,44.17,21 / 21,3398728,2019-09-06 19:12:45:410,-1.5854,0.391,9.4327,-0.0052,-0.012,9.8066,0.0031,0.066,-0.0076,-17.81,-33.12,-3.12,257.99,-87.15,-177.52
52.418983,-1.531577,161.51,9.71,2,44.17,21 / 21,3398829,2019-09-06 19:12:45:511,-0.0649,-0.9546,10.0955,0.0041,-0.0058,9.8066,0.0012,-0.0313,0.0289,-18.37,-33.87,-3.75,255.5,-87.13,-176.84
52.418983,-1.531577,161.51,9.71,2,44.17,21 / 21,3398930,2019-09-06 19:12:45:612,-1.4096,-0.653,10.4443,-0.0097,0.0034,9.8066,0.0925,0.015,0.0355,-17.06,-33.37,-3.62,255.57,-87.08,-175.86
52.418983,-1.531577,161.51,9.71,2,44.17,21 / 21,3399029,2019-09-06 19:12:45:711,0.2647,-0.0003,10.0285,-0.0033,-0.0095,9.8066,0.084,0.0144,0.0398,-16.44,-34.19,-4.69,251.23,-87.21,-176.07
52.418983,-1.531577,161.51,9.71,2,44.17,21 / 21,3399129,2019-09-06 19:12:45:811,-0.892,0.3177,9.8216,0.0036,0.0115,9.8066,-0.1377,0.0083,-0.009,-17.31,-34.25,-5.12,253.17,-87.22,-175.34
52.418983,-1.531577,161.51,9.71,2,44.17,21 / 21,3399229,2019-09-06 19:12:45:911,-0.3676,-0.2779,9.562,0.0066,-0.0045,9.8066,-0.0268,-0.0039,0.0427,-17.25,-34.44,-5.37,254.55,-87.35,-174.17
52.418983,-1.531577,161.51,9.71,2,44.17,21 / 21,3399329,2019-09-06 19:12:46:011,-0.5186,-0.8367,10.1715,-0.0142,-0.0093,9.8066,0.0183,-0.015,0.0025,-16.81,-34.19,-5.75,254.13,-87.42,-171.75
52.418983,-1.531577,161.51,9.71,2,44.17,21 / 21,3399429,2019-09-06 19:12:46:111,0.3052,-0.4582,10.2915,-0.0238,-0.0025,9.8066,0.1134,-0.0556,-0.0004,-17,-34.44,-6.06,252.92,-87.47,-173.08
52.418983,-1.531577,161.51,9.71,2,44.17,21 / 21,3399528,2019-09-06 19:12:46:210,0.1321,-0.088,9.6632,-0.0096,0.0011,9.8066,0.066,-0.0332,-0.0023,-16.81,-34.06,-5.62,250.54,-87.35,-175.32
52.418983,-1.531577,161.51,9.71,2,44.17,21 / 21,3399629,2019-09-06 19:12:46:311,-0.721,-0.4184,9.4997,0.0052,-0.019,9.8065,0.0374,0.0416,0.0329,-16.81,-34.25,-5.06,256.29,-87.47,-172.61
52.418983,-1.531577,161.51,9.71,2,44.17,21 / 21,3399729,2019-09-06 19:12:46:411,-0.2451,-1.2501,9.6295,-0.0073,-0.0019,9.8066,0.0309,-0.0149,0.0248,-17.5,-34.75,-5.06,258.41,-87.43,-170.22
52.418983,-1.531577,161.51,9.71,2,44.17,21 / 21,3399829,2019-09-06 19:12:46:511,-1.144,0.2386,10.027,-0.0008,-0.0002,9.8066,0.0469,0.0075,0.0171,-17.5,-34.19,-5.37,258.55,-87.54,-170.45
52.418983,-1.531577,161.51,9.71,2,44.17,21 / 21,3399929,2019-09-06 19:12:46:611,-1.4492,0.0163,10.3026,0.0051,0.0094,9.8066,-0.0336,0.0009,-0.0112,-16.75,-34.44,-4.5,260.35,-87.59,-171.78
52.418983,-1.531577,161.51,9.71,2,44.17,21 / 21,3400028,2019-09-06 19:12:46:710,-0.2849,-0.6108,9.738,-0.0011,-0.0058,9.8066,0.0045,-0.0535,0.0727,-17.75,-34.69,-4.69,260.09,-87.72,-170.17
52.418983,-1.531577,161.51,9.71,2,44.17,21 / 21,3400129,2019-09-06 19:12:46:811,-0.8742,-0.8852,9.8455,-0.0109,-0.0066,9.8065,-0.0183,-0.0172,0.0268,-17.44,-35.19,-5.12,260.79,-87.76,-168.45
52.418983,-1.531577,161.51,9.71,2,44.17,21 / 21,3400230,2019-09-06 19:12:46:912,-0.9069,-0.1742,9.6383,-0.0256,-0.0032,9.8066,0.0105,-0.0186,-0.0274,-17,-34.5,-5.37,260.65,-88,-169.16
52.418983,-1.531577,161.51,9.71,2,44.17,21 / 21,3400329,2019-09-06 19:12:47:011,-1.2503,-0.3718,10.2357,0.0085,0.0022,9.8066,0.0033,0.0194,0.0062,-16.94,-35.37,-4.81,260.44,-87.95,-169.17
52.418983,-1.531577,161.51,9.71,2,44.17,21 / 21,3400429,2019-09-06 19:12:47:111,-1.3416,-0.4315,10.1465,-0.0232,-0.0053,9.8066,0.0095,-0.0505,0.0156,-17.44,-35.37,-5.37,260.14,-88.18,-169.94
52.418983,-1.531577,161.51,9.71,2,44.17,21 / 21,3400528,2019-09-06 19:12:47:210,-1.409,-0.6676,9.8102,0.0014,0.0107,9.8066,-0.0772,-0.0193,0.0331,-17.25,-34.81,-5.62,255.35,-88.26,-171.93
52.418983,-1.531577,161.51,9.71,2,44.17,21 / 21,3400629,2019-09-06 19:12:47:311,-1.0346,-0.4094,9.9131,0.0084,0.011,9.8066,-0.1072,0.0283,0.0199,-17,-34.81,-5.62,254.22,-88.32,-173.2
52.418983,-1.531577,161.51,9.71,2,44.17,21 / 21,3400729,2019-09-06 19:12:47:411,-1.3397,-0.6953,9.9361,-0.007,0.0061,9.8066,0.0653,-0.0006,-0.0356,-17.44,-35,-5.81,254.62,-88.33,-172.83
52.418983,-1.531577,161.51,9.71,2,44.17,21 / 21,3400828,2019-09-06 19:12:47:510,-1.3906,-0.6403,9.5139,-0.0059,0.0052,9.8066,0.0169,-0.0102,-0.0195,-17.12,-34.87,-6.06,250.07,-88.4,-177.57
52.418983,-1.531577,161.51,9.71,2,44.17,21 / 21,3400929,2019-09-06 19:12:47:611,-1.5551,-0.521,9.8697,-0.0068,0.0018,9.8066,0.019,-0.0059,0.0136,-16.44,-35,-5.56,246.7,-88.43,-179.79
52.418983,-1.531577,161.51,9.71,2,44.17,21 / 21,3401029,2019-09-06 19:12:47:711,-1.2579,-0.1785,10.2642,0.0055,0.0029,9.8066,-0.0231,-0.0209,-0.0064,-16.62,-34.5,-5.37,251.73,-88.46,-179.09
52.418983,-1.531577,161.51,9.71,2,44.17,21 / 21,3401129,2019-09-06 19:12:47:811,-0.5466,-0.2514,10.1635,0.0053,0.0098,9.8066,-0.0007,0.0091,-0.03,-16.56,-34.44,-6.19,246.96,-88.41,179.16
52.418983,-1.531577,161.51,9.71,2,44.17,21 / 21,3401229,2019-09-06 19:12:47:911,-1.4541,-0.2568,9.7029,-0.0048,0.0044,9.8066,-0.0813,-0.0088,-0.008,-16.69,-34.25,-5.56,243.02,-88.5,174.98
52.418983,-1.531577,161.51,9.71,2,44.17,21 / 21,3401328,2019-09-06 19:12:48:010,-1.1663,-0.2127,9.6399,0.0048,0.0029,9.8066,-0.0688,0.021,-0.0107,-17.44,-34.31,-5.06,245.66,-88.51,174.66
52.418983,-1.531577,161.51,9.71,2,44.17,21 / 21,3401429,2019-09-06 19:12:48:111,-1.2414,-0.0217,9.6057,-0.0217,-0.0046,9.8066,0.0344,0.0326,0.0471,-16.69,-34.06,-5.31,244.83,-88.56,173.72
52.418983,-1.531577,161.51,9.71,2,44.17,21 / 21,3401529,2019-09-06 19:12:48:211,-0.4789,0.1672,9.9549,0.0159,0.0116,9.8065,-0.0141,0.0209,0.0066,-16.37,-33.44,-5.25,244.69,-88.57,174.59
52.418983,-1.531577,161.51,9.71,2,44.17,21 / 21,3401628,2019-09-06 19:12:48:310,-0.2954,-0.0959,9.8551,0.0085,0.0037,9.8066,0.0072,0.0317,0.0368,-16.37,-33,-4.94,242.92,-88.52,172.86
52.418983,-1.531577,161.51,9.71,2,44.17,21 / 21,3401728,2019-09-06 19:12:48:410,-0.0249,0.1734,9.5876,-0.0058,-0.0035,9.8066,0.0049,0.0253,0.0064,-16.25,-33.56,-5.37,244.59,-88.48,174.72
52.418983,-1.531577,161.51,9.71,2,44.17,21 / 21,3401828,2019-09-06 19:12:48:510,0.5419,0.2855,9.5501,-0.0065,-0.0042,9.8066,0.0325,0.0204,-0.002,-16.94,-33.19,-5,246.38,-88.45,175.41
52.418983,-1.531577,161.51,9.71,2,44.17,21 / 21,3401929,2019-09-06 19:12:48:611,-0.693,0.1461,10.021,-0.0099,0.0037,9.8066,-0.0128,0.0642,-0.0272,-16.37,-32.87,-5.31,244.48,-88.44,174.59
52.418983,-1.531577,161.51,9.71,2,44.17,21 / 21,3402029,2019-09-06 19:12:48:711,-0.7514,-0.0581,10.0283,-0.0126,0.0049,9.8066,-0.0249,0.0758,0.0147,-16.69,-32.56,-5.37,240.3,-88.53,169.06
52.418983,-1.531577,161.51,9.71,2,44.17,21 / 21,3402129,2019-09-06 19:12:48:811,-0.1672,0.5173,9.7455,-0.0079,-0.0052,9.8066,0.0469,0.0679,-0.0153,-16.56,-31.87,-5.69,232.09,-88.62,163.46
52.418983,-1.531577,161.51,9.71,2,44.17,21 / 21,3402228,2019-09-06 19:12:48:910,0.0657,0.4786,9.9919,-0.0163,-0.0014,9.8066,0.0347,0.0925,-0.0529,-16.69,-32.25,-5.62,230.29,-88.64,161.58
52.418983,-1.531577,161.51,9.71,2,44.17,21 / 21,3402328,2019-09-06 19:12:49:010,-0.314,0.2901,9.7617,-0.009,-0.0003,9.8066,-0.0172,0.1126,-0.0036,-17.56,-32.62,-6.06,227.4,-88.68,157.52
52.419403,-1.530961,162.45,3.25,2,37.63,20 / 20,3402429,2019-09-06 19:12:49:111,0.0981,0.4637,9.4995,-0.018,0.006,9.8066,0.0051,0.114,-0.0111,-16.75,-32.87,-5.37,223.27,-88.73,151.28
52.419403,-1.530961,162.45,3.25,2,37.63,20 / 20,3402528,2019-09-06 19:12:49:210,-0.6683,0.8463,9.9599,-0.0147,0.0032,9.8066,-0.0011,0.1265,-0.0308,-16.94,-32.31,-5.25,215.86,-88.73,143.58
52.419403,-1.530961,162.45,3.25,2,37.63,20 / 20,3402629,2019-09-06 19:12:49:311,-0.3385,0.9534,9.8866,-0.0176,-0.0012,9.8066,0.0355,0.1622,-0.0303,-15.81,-32.75,-5.69,202.5,-88.8,133.93
52.419403,-1.530961,162.45,3.25,2,37.63,20 / 20,3402729,2019-09-06 19:12:49:411,-0.2847,1.0755,9.8156,0.0208,0.0023,9.8066,-0.0258,0.1444,0.0489,-15.25,-32.75,-5.87,203.36,-88.76,136.16
52.419403,-1.530961,162.45,3.25,2,37.63,20 / 20,3402829,2019-09-06 19:12:49:511,-0.3868,1.0146,9.6283,0.0021,0.0072,9.8066,0.0168,0.2355,-0.0432,-15.06,-32.44,-5.62,203.43,-88.78,136.19
52.419403,-1.530961,162.45,3.25,2,37.63,20 / 20,3402928,2019-09-06 19:12:49:610,-0.3958,0.2903,10.042,0.0057,-0.0023,9.8066,0.018,0.1741,0.0038,-14.75,-32.87,-6.56,195.48,-88.71,131.18
52.419403,-1.530961,162.45,3.25,2,37.63,20 / 20,3403029,2019-09-06 19:12:49:711,-0.154,0.1223,10.253,-0.0015,0.0133,9.8066,0.0011,0.2178,-0.0395,-13.56,-33.94,-7,195.21,-88.61,132.56
52.419403,-1.530961,162.45,3.25,2,37.63,20 / 20,3403129,2019-09-06 19:12:49:811,-0.6845,0.4217,9.8442,0.0002,0.001,9.8066,0.0227,0.1862,0.0101,-13.75,-34.19,-7.62,187.97,-88.47,128.16
52.419403,-1.530961,162.45,3.25,2,37.63,20 / 20,3403228,2019-09-06 19:12:49:910,-0.5852,0.0375,9.8302,0.0033,-0.0021,9.8066,0.0001,0.1993,-0.0137,-12.69,-34.12,-7.56,189.45,-88.45,131.62
52.419403,-1.530961,162.45,3.25,2,37.63,20 / 20,3403328,2019-09-06 19:12:50:010,-0.4312,0.2955,9.8764,0.0057,0.0012,9.8066,0.0321,0.1952,0.0442,-11.81,-34.12,-7.62,187.64,-88.4,131.83
52.419403,-1.530961,162.45,3.25,2,37.63,20 / 20,3403431,2019-09-06 19:12:50:113,-0.0075,-0.3272,10.0402,0.0104,-0.0092,9.8066,-0.0054,0.1672,0.0049,-11.56,-34.06,-7.19,195.06,-88.48,136.28
52.419403,-1.530961,162.45,3.25,2,37.63,20 / 20,3403528,2019-09-06 19:12:50:210,0.0956,-0.0966,10.0044,0.0068,0,9.8066,-0.0277,0.1132,0.0221,-12.12,-34.56,-7.75,197.15,-88.54,141.88
52.419403,-1.530961,162.45,3.25,2,37.63,20 / 20,3403629,2019-09-06 19:12:50:311,-0.1547,-0.7215,9.9633,0.0162,-0.0015,9.8066,-0.0198,0.1349,0.0081,-13.37,-34.94,-7.62,202.91,-88.56,145.8
52.419403,-1.530961,162.45,3.25,2,37.63,20 / 20,3403729,2019-09-06 19:12:50:411,-0.1875,-0.38,9.5847,-0.0086,0.0088,9.8066,0.0405,0.1276,-0.0213,-12.62,-34.75,-7.94,204.28,-88.48,147.31
52.419403,-1.530961,162.45,3.25,2,37.63,20 / 20,3403828,2019-09-06 19:12:50:510,-0.4842,-0.1984,9.6438,-0.0057,0.0076,9.8066,0.0407,0.1243,-0.02,-12.25,-34.31,-7.25,201.45,-88.29,143.22
52.419403,-1.530961,162.45,3.25,2,37.63,20 / 20,3403929,2019-09-06 19:12:50:611,-0.8115,-0.5888,10.3086,0.0209,0.0266,9.8065,-0.0276,0.1031,-0.0576,-11.56,-35.19,-7.44,203.03,-87.93,145.32
52.419403,-1.530961,162.45,3.25,2,37.63,20 / 20,3404029,2019-09-06 19:12:50:711,-0.8448,-0.6896,9.9468,0.0038,0.0271,9.8066,-0.0429,0.0766,-0.0355,-11.56,-35.25,-7.81,196.76,-87.71,142.04
52.419403,-1.530961,162.45,3.25,2,37.63,20 / 20,3404128,2019-09-06 19:12:50:810,-0.588,-0.4321,10.1533,-0.0023,0.0036,9.8066,0.0753,0.0549,-0.0164,-11.75,-34.87,-6.87,198.7,-87.59,140.89
52.419403,-1.530961,162.45,3.25,2,37.63,20 / 20,3404229,2019-09-06 19:12:50:911,0.0653,-0.3085,9.6376,-0.0099,0.0134,9.8066,0.0358,0.067,-0.0291,-11.94,-34.62,-7.25,197.28,-87.45,139.42
52.419403,-1.530961,162.45,3.25,2,37.63,20 / 20,3404329,2019-09-06 19:12:51:011,-0.6041,-0.1359,9.8043,0.0113,0.0052,9.8066,-0.0092,0.0698,-0.0074,-11.69,-34.56,-6.81,195.31,-87.34,137.32
52.419403,-1.530961,162.45,3.25,2,37.63,20 / 20,3404429,2019-09-06 19:12:51:111,-0.2818,0.0406,9.9641,0.013,0.0003,9.8066,0.0456,0.0338,0.0269,-12.31,-34.62,-6.75,198.55,-87.25,140.99
52.419403,-1.530961,162.45,3.25,2,37.63,20 / 20,3404529,2019-09-06 19:12:51:211,0.6119,0.2,9.813,0.0058,-0.0074,9.8066,0.051,0.0429,0.0107,-12.25,-34.94,-7.12,201.58,-87.22,144.39
52.419403,-1.530961,162.45,3.25,2,37.63,20 / 20,3404628,2019-09-06 19:12:51:310,1.1681,-0.3317,9.5279,-0.0006,-0.0085,9.8066,-0.0018,0.0316,0.0021,-12.69,-35.12,-7.69,202.3,-87.23,146.3
52.419403,-1.530961,162.45,3.25,2,37.63,20 / 20,3404729,2019-09-06 19:12:51:411,1.2141,-0.8046,9.7158,-0.0217,0.0188,9.8066,0.0134,0.0695,-0.0933,-11.94,-35.06,-7.12,199.04,-87.18,141.59
52.419403,-1.530961,162.45,3.25,2,37.63,20 / 20,3404828,2019-09-06 19:12:51:510,0.2412,0.7121,10.2945,-0.0326,0.0233,9.8065,0.0428,0.0845,-0.1033,-11.31,-35.31,-7.62,187.06,-86.94,134.05
52.419403,-1.530961,162.45,3.25,2,37.63,20 / 20,3404928,2019-09-06 19:12:51:610,-0.6205,0.5768,10.5069,-0.0002,0.0223,9.8066,-0.0659,0.0785,-0.0497,-11,-35.37,-7.81,181.59,-86.78,127.84
52.419403,-1.530961,162.45,3.25,2,37.63,20 / 20,3405029,2019-09-06 19:12:51:711,-0.0791,0.6117,9.9567,0.0018,0.0156,9.8065,0.018,0.0651,0.0137,-10.87,-34.75,-7.5,182.76,-86.51,125.68
52.419403,-1.530961,162.45,3.25,2,37.63,20 / 20,3405129,2019-09-06 19:12:51:811,0.1879,0.1377,9.7409,0.0153,-0.0128,9.8066,0.0163,0.0725,0.0588,-11.19,-35.06,-7.19,186.51,-86.6,130.01
52.419403,-1.530961,162.45,3.25,2,37.63,20 / 20,3405228,2019-09-06 19:12:51:910,0.6616,-0.5022,9.6942,0.0265,-0.0084,9.8065,0.0069,0.0714,0.0581,-10.56,-34.44,-7.81,188.02,-86.66,135.2
52.419403,-1.530961,162.45,3.25,2,37.63,20 / 20,3405329,2019-09-06 19:12:52:011,0.6446,-0.3998,10.0597,0.0018,0.0021,9.8066,0.0452,0.0546,-0.017,-11.12,-34.81,-7.44,194.97,-86.61,139.77
52.419403,-1.530961,162.45,3.25,2,37.63,21 / 21,3405428,2019-09-06 19:12:52:110,0.5187,-0.3192,9.9104,-0.0005,0.0195,9.8066,0.0313,0.1062,-0.0398,-10.87,-35.44,-7.25,194.79,-86.41,139.69
52.419403,-1.530961,162.45,3.25,2,37.63,21 / 21,3405529,2019-09-06 19:12:52:211,0.1478,0.6905,9.9376,0.0074,0.0298,9.8066,0.0427,0.1007,-0.0684,-10.87,-35.44,-7.06,194.52,-86.11,139.58
52.419403,-1.530961,162.45,3.25,2,37.63,21 / 21,3405628,2019-09-06 19:12:52:310,1.3908,1.3229,9.7883,0.0028,0.0315,9.8066,0.0727,0.1011,-0.0453,-10.31,-35.69,-7.06,191.4,-85.56,138.94
52.419403,-1.530961,162.45,3.25,2,37.63,21 / 21,3405729,2019-09-06 19:12:52:411,0.7383,1.3419,9.9043,0.0188,0.0244,9.8066,0.0217,0.1041,0.0076,-10.06,-36.19,-7.25,192.21,-85.1,140.21
52.419403,-1.530961,162.45,3.25,2,37.63,21 / 21,3405828,2019-09-06 19:12:52:510,1.9846,1.5923,10.044,0.0326,0.0112,9.8066,0.0376,0.1324,0.0143,-9.69,-35.69,-6.87,194.14,-84.95,142.72
52.419403,-1.530961,162.45,3.25,2,37.63,21 / 21,3405929,2019-09-06 19:12:52:611,1.62,1.8028,10.0428,0.0076,0.0198,9.8066,0.1035,0.1506,-0.0217,-9.37,-36.19,-6.62,193.35,-84.68,145.04
52.419403,-1.530961,162.45,3.25,2,37.63,21 / 21,3406028,2019-09-06 19:12:52:710,1.253,0.7073,9.7273,0.0106,0.03,9.8065,0.1493,0.1501,-0.0883,-8.75,-36.06,-6.44,196.65,-84.31,145.7
52.419403,-1.530961,162.45,3.25,2,37.63,21 / 21,3406129,2019-09-06 19:12:52:811,0.8055,2.6493,9.5594,0.0124,0.0794,9.8062,0.0869,0.2447,-0.0979,-8.19,-36.5,-5.69,193.62,-83.45,145.96
52.419403,-1.530961,162.45,3.25,2,37.63,21 / 21,3406229,2019-09-06 19:12:52:911,0.2351,2.9994,10.0638,0.0173,0.0398,9.8065,0.0308,0.2994,-0.019,-7.56,-36.69,-5.56,193.04,-82.37,146.17
52.419403,-1.530961,162.45,3.25,2,37.63,21 / 21,3406329,2019-09-06 19:12:53:011,0.4965,1.5737,10.1129,-0.0078,-0.0253,9.8066,-0.082,0.32,-0.0306,-7.44,-36.94,-4.94,193.78,-82.37,147.03
52.419403,-1.530961,162.45,3.25,2,37.63,21 / 21,3406429,2019-09-06 19:12:53:111,-0.0879,0.477,10.292,-0.0094,-0.0372,9.8066,-0.0333,0.3165,0.0079,-6.56,-36.5,-6,190.96,-82.69,146.9
52.419403,-1.530961,162.45,3.25,2,37.63,21 / 21,3406528,2019-09-06 19:12:53:210,0.1719,0.5861,10.1776,0.0036,0.0059,9.8066,0.0146,0.367,-0.0537,-6,-36.94,-6.75,185.47,-82.88,147.55
52.419403,-1.530961,162.45,3.25,2,37.63,21 / 21,3406629,2019-09-06 19:12:53:311,0.0017,0.847,9.6547,-0.0031,0.0141,9.8066,0.0791,0.3439,-0.03,-5.12,-36.87,-6.06,184.37,-82.72,147.15
52.419403,-1.530961,162.45,3.25,2,37.63,21 / 21,3406729,2019-09-06 19:12:53:411,0.035,1.5672,9.8342,-0.015,0.0117,9.8066,0.0866,0.371,-0.0734,-4.44,-36.25,-6.25,180.89,-82.43,147.78
52.419403,-1.530961,162.45,3.25,2,37.63,21 / 21,3406829,2019-09-06 19:12:53:511,-1.4158,2.4184,9.8985,-0.007,0.0079,9.8066,0.0124,0.4772,-0.0744,-3.62,-36.5,-6.19,180.41,-82.08,147
52.419403,-1.530961,162.45,3.25,2,37.63,21 / 21,3406928,2019-09-06 19:12:53:610,-1.1066,1.3244,9.922,0.0202,0.0042,9.8065,0.0569,0.4218,-0.0177,-2.81,-36.94,-5.87,177.4,-81.86,148.84
52.419403,-1.530961,162.45,3.25,2,37.63,21 / 21,3407028,2019-09-06 19:12:53:710,-0.506,1.7859,9.9658,0.0175,0,9.8065,0.0263,0.4638,-0.0328,-2,-37,-5.87,174.08,-81.78,150.75
52.419403,-1.530961,162.45,3.25,2,37.63,21 / 21,3407128,2019-09-06 19:12:53:810,-0.0789,1.2387,10.2995,0.0262,0.03,9.8065,-0.025,0.474,-0.0005,-1.56,-36.81,-6.25,175.56,-81.55,153.37
52.419403,-1.530961,162.45,3.25,2,37.63,21 / 21,3407229,2019-09-06 19:12:53:911,-0.6007,0.9779,9.8995,0.0136,0.0303,9.8065,0.0077,0.4582,-0.1196,-0.87,-36,-6,171.36,-81.44,154.39
52.419403,-1.530961,162.45,3.25,2,37.63,21 / 21,3407328,2019-09-06 19:12:54:010,-1.1972,1.2909,9.3872,-0.0125,0.0139,9.8066,0.0038,0.5061,-0.0809,-0.37,-36.5,-5.62,166.38,-81.25,154.11
52.419403,-1.530961,162.45,3.25,2,37.63,21 / 21,3407428,2019-09-06 19:12:54:110,-1.4627,0.5287,9.5521,0,0.0341,9.8065,-0.0257,0.5377,-0.0975,1.69,-36.37,-5.75,156.61,-80.85,154.22
52.419403,-1.530961,162.45,3.25,2,37.63,21 / 21,3407529,2019-09-06 19:12:54:211,-1.6432,1.8874,10.3211,-0.0067,-0.011,9.8066,-0.0685,0.484,-0.029,2.06,-36.75,-5.25,157.18,-80.7,153.68
52.419403,-1.530961,162.45,3.25,2,37.63,21 / 21,3407629,2019-09-06 19:12:54:311,-1.5169,0.8571,10.4077,0.0143,-0.0048,9.8065,-0.0588,0.5096,-0.0722,2,-35.69,-4.94,157.13,-80.72,154.37
52.419403,-1.530961,162.45,3.25,2,37.63,21 / 21,3407729,2019-09-06 19:12:54:411,-1.7721,0.7123,10.0775,0.0172,0.0174,9.8066,0.0555,0.4674,-0.0295,3.31,-36.19,-4.75,152.29,-80.61,155.55
52.419403,-1.530961,162.45,3.25,2,37.63,21 / 21,3407829,2019-09-06 19:12:54:511,-1.018,1.1781,10.0542,0.0272,0.0127,9.8065,0.0321,0.4729,0.0414,3.88,-35.62,-4.56,148.24,-80.66,158.43
52.419403,-1.530961,162.45,3.25,2,37.63,21 / 21,3407929,2019-09-06 19:12:54:611,-0.1486,-0.66,9.9557,0.0184,0.0118,9.8066,-0.1135,0.4342,-0.0121,4.38,-35.81,-4,148.29,-80.8,161.17
52.419403,-1.530961,162.45,3.25,2,37.63,21 / 21,3408029,2019-09-06 19:12:54:711,-1.5626,1.2596,9.6064,0.0063,0.0206,9.8066,0.1378,0.4251,-0.0417,4.31,-36.44,-3,147.52,-80.73,162.31
52.419403,-1.530961,162.45,3.25,2,37.63,21 / 21,3408128,2019-09-06 19:12:54:810,-0.6443,0.2369,9.5303,0.0042,0.0044,9.8066,0.101,0.4333,-0.0683,5.38,-35.87,-2.87,142.32,-80.54,163.17
52.419403,-1.530961,162.45,3.25,2,37.63,21 / 21,3408229,2019-09-06 19:12:54:911,-1.3688,1.1937,10.538,0.0131,-0.0075,9.8066,0.1205,0.368,-0.0228,5.94,-35.62,-3.12,137.26,-80.46,163.68
52.419403,-1.530961,162.45,3.25,2,37.63,21 / 21,3408333,2019-09-06 19:12:55:015,-0.6589,0.9767,10.3804,-0.0078,0.0299,9.8065,-0.1281,0.4171,-0.0539,6.88,-36.06,-1.81,129.79,-80.42,164.61
52.419403,-1.530961,162.45,3.25,2,37.63,21 / 21,3408429,2019-09-06 19:12:55:111,-0.9102,0.1279,10.076,0.0221,0.0123,9.8066,0.0438,0.2739,-0.0601,5.94,-36.75,-1.5,133.34,-80.38,166.13
52.419403,-1.530961,162.45,3.25,2,37.63,21 / 21,3408528,2019-09-06 19:12:55:210,-0.1617,1.076,9.6654,0.0159,-0.0012,9.8065,0.0138,0.2743,0.0216,6.88,-36.69,-1.12,128.78,-80.32,167.28
52.419403,-1.530961,162.45,3.25,2,37.63,21 / 21,3408628,2019-09-06 19:12:55:310,-0.3165,0.4785,9.2416,0.0071,0.0076,9.8066,0.0035,0.2343,0.013,6.69,-36.12,-0.62,128.65,-80.29,168.35
52.419403,-1.530961,162.45,3.25,2,37.63,21 / 21,3408729,2019-09-06 19:12:55:411,-0.003,0.2461,9.7944,0.0057,0.0084,9.8066,-0.0244,0.1981,-0.0538,6.81,-37,0.13,125.95,-80.23,169.21
52.419403,-1.530961,162.45,3.25,2,37.63,21 / 21,3408829,2019-09-06 19:12:55:511,0.2174,1.1051,10.1557,0.0107,0.0162,9.8066,-0.0138,0.1367,0.0657,6.69,-36.81,0.06,126.45,-80.15,169.62
52.419403,-1.530961,162.45,3.25,2,37.63,21 / 21,3408928,2019-09-06 19:12:55:610,-1.1848,1.5633,10.0349,0.0118,0.0106,9.8066,-0.1203,0.1276,0.0056,7.25,-36.56,0,127.17,-80.22,171.36
52.419403,-1.530961,162.45,3.25,2,37.63,21 / 21,3409028,2019-09-06 19:12:55:710,0.264,1.225,10.3049,0.013,0.0003,9.8065,0.0915,0.1575,-0.0452,6.56,-36.87,0.31,127.16,-80.4,172.43
52.419403,-1.530961,162.45,3.25,2,37.63,21 / 21,3409129,2019-09-06 19:12:55:811,-0.502,0.8015,9.83,0.0101,-0.014,9.8066,0.2219,0.0374,-0.0247,7,-37.25,0.63,121.83,-80.43,172.04
52.419403,-1.530961,162.45,3.25,2,37.63,21 / 21,3409229,2019-09-06 19:12:55:911,-1.079,0.904,9.5808,-0.0331,0.026,9.8065,-0.0276,0.0291,0.0532,7.75,-37.12,0.19,123.63,-79.97,171.36
52.419403,-1.530961,162.45,3.25,2,37.63,21 / 21,3409329,2019-09-06 19:12:56:011,-0.4811,0.7138,9.9447,-0.0245,0.0333,9.8065,0.0242,0.0635,0.0108,7,-36.62,1.19,123.88,-79.91,172.13
52.419403,-1.530961,162.45,3.25,2,37.63,21 / 21,3409429,2019-09-06 19:12:56:111,-0.8752,1.4353,10.2885,0.0059,0.0045,9.8066,-0.0429,0.029,0.0127,7.25,-36.75,1,124.06,-79.92,172.54
52.419403,-1.530961,162.45,3.25,2,37.63,21 / 21,3409529,2019-09-06 19:12:56:211,0.0723,1.9574,10.0672,0.0132,0.019,9.8066,-0.0376,-0.0123,0.0391,6.94,-37.06,0.75,124.71,-79.94,173.83
52.419403,-1.530961,162.45,3.25,2,37.63,21 / 21,3409629,2019-09-06 19:12:56:311,-1.454,0.797,9.5814,-0.0111,0.0153,9.8065,0.0009,0.1061,-0.0623,7,-36.56,1.44,125.21,-79.87,174.34
52.419403,-1.530961,162.45,3.25,2,37.63,21 / 21,3409729,2019-09-06 19:12:56:411,-1.1801,1.6773,10.016,-0.01,0.0058,9.8066,0.0323,0.009,0.0117,7.44,-37.06,0.63,124.98,-79.9,174.12
52.419403,-1.530961,162.45,3.25,2,37.63,21 / 21,3409829,2019-09-06 19:12:56:511,-0.6027,2.3807,10.2272,0.0108,0.0131,9.8066,-0.0909,0.0827,-0.0549,7.31,-36.37,0.94,124.26,-79.96,174.98
52.419403,-1.530961,162.45,3.25,2,37.63,21 / 21,3409929,2019-09-06 19:12:56:611,0.1972,2.0097,9.5824,0.0018,-0.0095,9.8066,0.0083,-0.0878,0.0732,7.44,-36.94,0.69,124.9,-80.02,174.73
52.419403,-1.530961,162.45,3.25,2,37.63,21 / 21,3410029,2019-09-06 19:12:56:711,-0.8103,0.4467,9.9446,0.0085,-0.0254,9.8065,0.025,0.0137,-0.001,7.69,-37.62,1,122.18,-79.96,175.01
52.419403,-1.530961,162.45,3.25,2,37.63,21 / 21,3410129,2019-09-06 19:12:56:811,-0.8068,1.2297,9.8146,0.0077,-0.0002,9.8066,0.0461,-0.0207,0.0221,7.13,-37,0.81,124.52,-80.05,174.22
52.419403,-1.530961,162.45,3.25,2,37.63,21 / 21,3410229,2019-09-06 19:12:56:911,-0.4583,2.887,9.7674,-0.0311,0.0083,9.8066,-0.1419,0.0326,-0.0025,7.63,-36.87,0.63,121.14,-79.86,174.26
52.419403,-1.530961,162.45,3.25,2,37.63,21 / 21,3410328,2019-09-06 19:12:57:010,-0.5199,2.3728,9.5552,-0.0294,0.0198,9.8065,-0.0887,-0.0171,0.0058,7.69,-36.44,0.5,119.55,-79.92,173.62
52.419403,-1.530961,162.45,3.25,2,37.63,21 / 21,3410428,2019-09-06 19:12:57:110,-0.2805,0.8251,9.6363,0.0093,-0.0168,9.8066,-0.0286,0.0517,0.022,7.56,-36.87,0.56,120.18,-80.06,173.82
52.419403,-1.530961,162.45,3.25,2,37.63,21 / 21,3410528,2019-09-06 19:12:57:210,-1.0827,1.1633,9.7827,0.0199,-0.0171,9.8065,-0.0007,0.0494,-0.0304,7.31,-36.06,0.31,127.66,-80.18,173.56
52.419403,-1.530961,162.45,3.25,2,37.63,21 / 21,3410629,2019-09-06 19:12:57:311,-0.9834,2.505,9.8826,-0.0198,0.0116,9.8066,0.1454,-0.0369,0.0509,7.25,-36.5,0.94,122.75,-80.25,174.12
52.419403,-1.530961,162.45,3.25,2,37.63,21 / 21,3410728,2019-09-06 19:12:57:410,-0.7307,1.7153,10.3695,-0.0258,0.0103,9.8066,-0.1571,-0.0201,-0.0603,7.44,-36.37,0.06,127.72,-80.15,173.51
52.419403,-1.530961,162.45,3.25,2,37.63,21 / 21,3410828,2019-09-06 19:12:57:510,-0.7766,0.5814,10.2519,0.0134,0.0035,9.8066,-0.0603,0.0361,0.0622,7.75,-37,0.75,120.06,-80.2,174.4
52.419403,-1.530961,162.45,3.25,2,37.63,21 / 21,3410929,2019-09-06 19:12:57:611,-0.4385,0.3034,9.8076,-0.0035,-0.0091,9.8066,0.0914,0.0017,-0.021,7.81,-37,0.5,120.53,-80.04,174.27
52.419403,-1.530961,162.45,3.25,2,37.63,21 / 21,3411028,2019-09-06 19:12:57:710,-1.8201,3.2047,9.6948,-0.0258,0.0293,9.8065,0.1055,-0.0538,0.0308,7.56,-37.56,0.88,123.36,-79.57,174.78
52.419403,-1.530961,162.45,3.25,2,37.63,21 / 21,3411128,2019-09-06 19:12:57:810,-2.5894,-2.7325,9.5872,-0.0094,-0.0285,9.8065,0.2055,0.2472,-0.2094,7.44,-37.06,0.94,125.84,-79.52,173.17
52.419403,-1.530961,162.45,3.25,2,37.63,21 / 21,3411228,2019-09-06 19:12:57:910,-0.8129,0.5692,9.5749,0.0255,-0.0174,9.8065,0.1304,0.0709,-0.0493,7.13,-37.19,1.75,121.87,-79.29,173.93
52.419403,-1.530961,162.45,3.25,2,37.63,21 / 21,3411329,2019-09-06 19:12:58:011,-0.2505,2.809,10.4441,0.0352,-0.0089,9.8066,0.111,0.1422,0.0881,7,-37.06,0.69,126.51,-79.58,174.86
52.41965,-1.531206,163,8.7,3,304.72,20 / 20,3411429,2019-09-06 19:12:58:111,-1.6599,-2.0926,7.6812,0.0462,-0.0565,9.8064,0.0199,0.3182,-0.1262,6.38,-37.12,1.38,131.33,-79.55,174.51
52.41965,-1.531206,163,8.7,3,304.72,20 / 20,3411529,2019-09-06 19:12:58:211,1.2098,0.6215,9.3298,0.0284,-0.0125,9.8066,0.043,0.0554,-0.0706,6.81,-36.81,0.88,126.32,-79.52,174.07
52.41965,-1.531206,163,8.7,3,304.72,20 / 20,3411628,2019-09-06 19:12:58:310,-0.8637,1.589,10.6445,0.0347,-0.0157,9.8065,0.1032,-0.0141,0.099,6.94,-36.19,2.69,112.76,-79.78,174.68
52.41965,-1.531206,163,8.7,3,304.72,20 / 20,3411728,2019-09-06 19:12:58:410,-1.4766,1.6562,9.801,-0.0303,0.0125,9.8066,-0.0665,0.036,-0.07,8.25,-36.44,0.81,121.18,-79.6,174.46
52.41965,-1.531206,163,8.7,3,304.72,20 / 20,3411828,2019-09-06 19:12:58:510,-1.0464,1.4025,10.0655,0.0097,-0.0108,9.8065,0.1007,-0.0352,0.0018,8.13,-36.37,0.75,120.2,-79.8,173.98
52.41965,-1.531206,163,8.7,3,304.72,20 / 20,3411929,2019-09-06 19:12:58:611,0.3757,0.7908,10.331,-0.0151,0.0194,9.8065,-0.1071,-0.0372,0.0358,7.56,-36,-0.12,125.06,-79.81,174.32
52.41965,-1.531206,163,8.7,3,304.72,20 / 20,3412028,2019-09-06 19:12:58:710,0.2461,0.6511,10.0946,-0.0182,0.0208,9.8065,-0.0459,-0.022,-0.0341,7.13,-37.06,0.19,130.31,-79.82,174.79
52.41965,-1.531206,163,8.7,3,304.72,20 / 20,3412128,2019-09-06 19:12:58:810,-0.8259,0.3335,9.6233,-0.0003,0.0076,9.8066,-0.0189,-0.0158,0.0465,7.31,-35.75,-0.12,129.25,-79.88,174.75
52.41965,-1.531206,163,8.7,3,304.72,20 / 20,3412229,2019-09-06 19:12:58:911,0.6329,-0.5827,9.7886,-0.0039,0.0151,9.8066,0.0799,-0.0131,0.0379,7.13,-35.37,-1,133.54,-79.75,175.81
52.41965,-1.531206,163,8.7,3,304.72,20 / 20,3412329,2019-09-06 19:12:59:011,1.0885,0.1669,9.9498,0.0096,0.0015,9.8066,0.0028,0.0103,0.0126,6.13,-34.25,-1.75,141.29,-79.8,176.51
52.41965,-1.531206,163,8.7,3,304.72,21 / 21,3412429,2019-09-06 19:12:59:111,0.3586,0.394,9.3477,0.005,-0.0005,9.8066,-0.0275,0.0475,-0.0037,4.75,-33,-1.25,142.42,-79.78,176.76
52.41965,-1.531206,163,8.7,3,304.72,21 / 21,3412529,2019-09-06 19:12:59:211,0.4149,-0.043,10.1001,-0.0032,0.0145,9.8066,-0.0629,-0.0107,-0.0005,3.88,-31.31,-0.19,143.09,-79.69,176.64
52.41965,-1.531206,163,8.7,3,304.72,21 / 21,3412628,2019-09-06 19:12:59:310,0.0227,0.5138,9.6224,0.0021,-0.0085,9.8066,-0.032,0.0369,0.0203,4.06,-30.69,1.44,137.36,-79.8,176.59
52.41965,-1.531206,163,8.7,3,304.72,21 / 21,3412729,2019-09-06 19:12:59:411,0.3459,-0.2659,9.5148,-0.0072,0.0173,9.8065,-0.1374,0.0352,-0.0584,4.94,-31.69,2.5,115.52,-80.01,176.33
52.41965,-1.531206,163,8.7,3,304.72,21 / 21,3412828,2019-09-06 19:12:59:510,1.3628,0.2066,10.2419,-0.0188,0.0087,9.8065,-0.0355,0.0018,0.0381,6.81,-32.31,2.44,115.25,-79.9,176.62
52.41965,-1.531206,163,8.7,3,304.72,21 / 21,3412928,2019-09-06 19:12:59:610,-0.591,0.4097,9.2295,0.0078,0.0045,9.8066,-0.1407,-0.076,0.0071,7.44,-34.31,1.75,118.21,-79.88,177.48
52.41965,-1.531206,163,8.7,3,304.72,21 / 21,3413029,2019-09-06 19:12:59:711,0.1146,2.3322,9.6004,0.0061,-0.0044,9.8066,0.0412,-0.0157,0.1353,7.44,-34.69,1,125.55,-79.76,177.79
52.41965,-1.531206,163,8.7,3,304.72,21 / 21,3413129,2019-09-06 19:12:59:811,0.2812,0.2969,10.2809,0.0041,0.0077,9.8065,0.0221,0.0039,-0.0722,6.75,-35.44,1.38,126.68,-79.6,178.9
52.41965,-1.531206,163,8.7,3,304.72,21 / 21,3413229,2019-09-06 19:12:59:911,-0.592,1.0975,10.4072,0.0089,-0.0058,9.8066,-0.0194,-0.1346,0.0315,7.63,-35.37,2.56,111.92,-79.61,178.78
52.41965,-1.531206,163,8.7,3,304.72,21 / 21,3413335,2019-09-06 19:13:00:017,0.9138,1.6767,9.9647,-0.008,0.0143,9.8066,0.0602,-0.1027,-0.0174,7.88,-35.37,1.31,123.4,-79.49,179.01
52.41965,-1.531206,163,8.7,3,304.72,20 / 20,3413428,2019-09-06 19:13:00:110,0.7036,1.4596,10.1854,-0.032,0.0166,9.8066,-0.0165,-0.0524,-0.037,7.56,-36.25,0.25,129.61,-79.18,179.01
52.41965,-1.531206,163,8.7,3,304.72,20 / 20,3413529,2019-09-06 19:13:00:211,-0.9843,1.0139,8.569,0.038,-0.0643,9.8063,0.31,-0.1301,0.069,8.5,-35.69,0.5,120.3,-79.49,177.71
52.41965,-1.531206,163,8.7,3,304.72,20 / 20,3413628,2019-09-06 19:13:00:310,0.2049,-0.5723,8.9431,0.0919,-0.0761,9.8058,0.2926,-0.1154,0.0599,7.06,-37.12,0.06,134.04,-79.04,177.75
52.41965,-1.531206,163,8.7,3,304.72,20 / 20,3413729,2019-09-06 19:13:00:411,1.3161,-1.0023,10.7628,0.0929,-0.0839,9.8058,0.0845,-0.2656,0.0652,6.69,-37.25,0.25,132.07,-79.87,178.41
52.41965,-1.531206,163,8.7,3,304.72,20 / 20,3413828,2019-09-06 19:13:00:510,0.1027,-0.0885,9.7252,0.0139,-0.0214,9.8065,-0.023,-0.0376,-0.069,7,-37.25,-0.44,132.1,-79.72,177.63
52.41965,-1.531206,163,8.7,3,304.72,20 / 20,3413929,2019-09-06 19:13:00:611,-0.4362,1.6722,9.6711,-0.015,0.0016,9.8066,0.0203,-0.051,0.1275,6.81,-37.69,-0.44,133.4,-79.44,177.09
52.41965,-1.531206,163,8.7,3,304.72,20 / 20,3414029,2019-09-06 19:13:00:711,0.4469,0.0581,10.1741,0.0064,-0.0172,9.8066,-0.0437,-0.0012,-0.0812,6.69,-37.69,0.63,129.83,-79.25,177.42
52.41965,-1.531206,163,8.7,3,304.72,20 / 20,3414129,2019-09-06 19:13:00:811,-0.6834,-0.35,9.2498,-0.0032,-0.0239,9.8066,-0.028,0.0255,0.0506,6.25,-37.94,-0.06,138.23,-79.27,176.41
52.41965,-1.531206,163,8.7,3,304.72,20 / 20,3414228,2019-09-06 19:13:00:910,-0.223,1.3639,9.4565,-0.0013,0.0158,9.8066,-0.1904,0.0367,-0.0877,6.06,-37.37,0.31,137.05,-79.44,176.61
52.41965,-1.531206,163,8.7,3,304.72,20 / 20,3414329,2019-09-06 19:13:01:011,0.4566,1.1706,9.1788,-0.0296,0.0181,9.8065,-0.1549,-0.0277,-0.0241,6.38,-37.19,1.06,132.68,-79.37,176.25
52.41965,-1.531206,163,8.7,3,304.72,21 / 21,3414429,2019-09-06 19:13:01:111,0.1098,-0.9314,9.8061,0.0329,-0.0103,9.8065,0.0404,0.1271,-0.02,5.75,-37.44,0.75,133.17,-79.38,177.55
52.41965,-1.531206,163,8.7,3,304.72,21 / 21,3414528,2019-09-06 19:13:01:210,-1.1657,0.9586,9.1871,0.0402,-0.0104,9.8066,0.0241,-0.0399,0.0288,5.63,-36.75,1.13,133.83,-79.38,179.12
52.41965,-1.531206,163,8.7,3,304.72,21 / 21,3414629,2019-09-06 19:13:01:311,-0.6907,2.3934,8.5745,-0.0307,0.0433,9.8064,0.0019,-0.0803,0.0349,6.19,-35.56,1.06,134.18,-79.12,-179.77
52.41965,-1.531206,163,8.7,3,304.72,21 / 21,3414728,2019-09-06 19:13:01:410,-0.2284,-1.2339,8.8881,-0.0285,0.0453,9.8065,-0.174,0.0477,-0.0074,5.69,-35.5,0.75,132.59,-79.45,-178.97
52.41965,-1.531206,163,8.7,3,304.72,21 / 21,3414829,2019-09-06 19:13:01:511,0.4993,-0.1397,9.4601,0.034,-0.0202,9.8066,-0.1246,-0.0189,0.0192,6.63,-34.69,0.19,131.67,-79.88,-179.33
52.41965,-1.531206,163,8.7,3,304.72,21 / 21,3414929,2019-09-06 19:13:01:611,0.0538,-1.7624,9.3978,-0.011,-0.0084,9.8066,-0.0408,0.1278,-0.1252,7.5,-35.37,-0.44,127.42,-80.09,-179.28
52.41965,-1.531206,163,8.7,3,304.72,21 / 21,3415029,2019-09-06 19:13:01:711,0.1582,2.0515,9.4004,-0.0111,0.0011,9.8066,0.1014,-0.0952,0.0978,6.63,-35.94,-1,136.34,-79.94,-179.54
52.41965,-1.531206,163,8.7,3,304.72,21 / 21,3415129,2019-09-06 19:13:01:811,-0.9897,1.515,9.2828,-0.0075,0.0037,9.8066,-0.2222,0.0313,-0.0592,6.63,-35.75,-0.06,131.95,-79.95,-179.95
52.41965,-1.531206,163,8.7,3,304.72,21 / 21,3415228,2019-09-06 19:13:01:910,-0.3826,0.0087,9.0172,0.0178,-0.0244,9.8065,-0.0183,-0.0434,0.0617,7,-35,-0.62,134.59,-80.3,-179.86
52.41965,-1.531206,163,8.7,3,304.72,21 / 21,3415328,2019-09-06 19:13:02:010,-0.2372,0.7185,8.5445,-0.0085,-0.0157,9.8066,-0.1314,0.1003,-0.1627,7.25,-35.56,-0.06,129.77,-80.54,179.25
52.41965,-1.531206,163,8.7,3,304.72,21 / 21,3415428,2019-09-06 19:13:02:110,0.3595,1.3478,8.8727,0.0156,-0.0113,9.8066,0.0014,0.0177,0.0975,7.44,-34.87,-1.25,132.39,-80.78,178.47
52.41965,-1.531206,163,8.7,3,304.72,21 / 21,3415529,2019-09-06 19:13:02:211,-0.3371,-0.3883,9.699,0.0003,-0.0314,9.8066,-0.0825,0.0743,-0.1792,7.56,-36.75,-2.19,131.97,-81.19,177.33
52.41965,-1.531206,163,8.7,3,304.72,21 / 21,3415629,2019-09-06 19:13:02:311,0.0931,0.5885,9.9518,0.006,-0.0136,9.8066,0.056,-0.031,0.0973,7.19,-37.37,-1.87,135.55,-81.25,176.93
52.41965,-1.531206,163,8.7,3,304.72,21 / 21,3415728,2019-09-06 19:13:02:410,-0.1861,0.2529,9.6346,-0.0185,-0.0018,9.8066,0.0101,-0.1532,-0.0652,7.19,-37.19,-1.69,135.42,-81.05,175.9
52.41965,-1.531206,163,8.7,3,304.72,21 / 21,3415828,2019-09-06 19:13:02:510,-0.5094,0.0585,9.8143,0.0163,-0.0147,9.8066,-0.0497,0.0745,-0.0625,6.31,-38.25,-1,137.46,-80.79,175.51
52.41965,-1.531206,163,8.7,3,304.72,21 / 21,3415929,2019-09-06 19:13:02:611,-0.3264,-0.0641,9.4681,0.0039,-0.0039,9.8066,-0.1191,-0.0744,0.0318,6.19,-37.69,-1.19,138.15,-80.62,176
52.41965,-1.531206,163,8.7,3,304.72,21 / 21,3416028,2019-09-06 19:13:02:710,0.4808,-0.5061,8.7613,0.0314,-0.039,9.8065,-0.1544,-0.0303,-0.1054,6.5,-36.87,-1.37,131.3,-80.8,174.28
52.41965,-1.531206,163,8.7,3,304.72,21 / 21,3416128,2019-09-06 19:13:02:810,-0.8999,0.4106,8.6851,0.0169,-0.0157,9.8066,0.0064,0.082,-0.0005,6.88,-37.5,-1.44,130.28,-81.14,174.22
52.41965,-1.531206,163,8.7,3,304.72,21 / 21,3416229,2019-09-06 19:13:02:911,0.7047,0.5829,10.1294,-0.0137,0.0173,9.8066,0.0189,-0.0537,0.0446,6.63,-37.5,-1.19,130.28,-81.04,173.71
52.41965,-1.531206,163,8.7,3,304.72,21 / 21,3416328,2019-09-06 19:13:03:010,0.076,0.4269,9.9422,-0.0156,0.0433,9.8065,-0.067,0.0614,0.0117,6.5,-37.75,-1.19,132.15,-80.86,174.82
52.41965,-1.531206,163,8.7,3,304.72,21 / 21,3416428,2019-09-06 19:13:03:110,0.4553,-0.0219,9.7356,0.0301,-0.0155,9.8066,-0.1345,-0.0064,0.0918,6.13,-37.94,-1,138.02,-80.69,176.08
52.41965,-1.531206,163,8.7,3,304.72,21 / 21,3416529,2019-09-06 19:13:03:211,0.8395,-1.7144,9.6459,0.0332,-0.0038,9.8066,0.0767,-0.0597,0.0494,5.63,-38.25,-0.69,138.37,-80.89,177.9
52.41965,-1.531206,163,8.7,3,304.72,21 / 21,3416628,2019-09-06 19:13:03:310,0.7038,-0.0227,8.1777,0.0353,-0.0165,9.8066,-0.0182,-0.0832,-0.0182,5.94,-38.37,-0.81,137.37,-81.48,179.19
52.41965,-1.531206,163,8.7,3,304.72,21 / 21,3416729,2019-09-06 19:13:03:411,1.4207,-0.5362,8.8489,0.0118,0.0116,9.8065,-0.1741,0.0255,0.0937,5.81,-37,-1.81,141.18,-81.65,-179.27
52.41965,-1.531206,163,8.7,3,304.72,21 / 21,3416829,2019-09-06 19:13:03:511,1.5292,-0.7692,9.0525,0.0361,-0.0294,9.8065,-0.0853,-0.0012,0.1063,5.88,-37.94,-2.06,140.8,-82.37,-177.79
52.41965,-1.531206,163,8.7,3,304.72,21 / 21,3416929,2019-09-06 19:13:03:611,1.2008,0.7283,9.8575,-0.0032,0.0075,9.8066,0.0871,-0.1504,-0.0118,5.56,-37.31,-2.06,140.97,-82.14,-177.59
52.41965,-1.531206,163,8.7,3,304.72,21 / 21,3417028,2019-09-06 19:13:03:710,-0.0009,-0.0378,11.2354,0.0214,-0.0128,9.8066,0.0018,0.0746,-0.0265,5.81,-37.69,-1.81,142.3,-81.91,-177.12
52.41965,-1.531206,163,8.7,3,304.72,21 / 21,3417129,2019-09-06 19:13:03:811,1.5405,0.3425,10.6962,0.0124,-0.0376,9.8065,0.0342,-0.0018,-0.0205,5.38,-37.25,-2.81,150.12,-81.82,-177.4
52.41965,-1.531206,163,8.7,3,304.72,21 / 21,3417229,2019-09-06 19:13:03:911,0.0215,0.4869,9.9935,-0.0126,0.0283,9.8065,0.0127,0.0248,-0.0307,5.75,-37.81,-1.81,143.84,-81.35,-176.64
52.41965,-1.531206,163,8.7,3,304.72,21 / 21,3417329,2019-09-06 19:13:04:011,-0.9475,1.063,9.5468,-0.0018,-0.0057,9.8066,-0.0925,-0.0109,0.0044,6.69,-37.25,-1.62,138.91,-81.34,-177.06
52.41965,-1.531206,163,8.7,3,304.72,21 / 21,3417429,2019-09-06 19:13:04:111,-0.3441,0.2522,8.4012,-0.008,0.0178,9.8066,-0.0871,0.0371,0.0234,6,-38.19,-1.5,139.39,-81.5,-176.89
52.41965,-1.531206,163,8.7,3,304.72,21 / 21,3417529,2019-09-06 19:13:04:211,0.3546,0.5081,9.945,-0.0201,0.0329,9.8065,-0.0806,-0.0337,0.0284,5.44,-38.31,-0.75,143.66,-81.84,-176.35
52.41965,-1.531206,163,8.7,3,304.72,21 / 21,3417629,2019-09-06 19:13:04:311,1.1192,-0.7422,9.6611,0.0076,-0.0109,9.8066,0.097,0.0085,-0.0653,5.13,-37.62,-0.94,142.87,-82.12,-176.39
52.41965,-1.531206,163,8.7,3,304.72,21 / 21,3417728,2019-09-06 19:13:04:410,0.2767,0.0921,11.3078,-0.019,0.038,9.8065,0.0796,0.0421,0.0399,5.38,-37.37,-1.44,143.04,-81.92,-175.97
52.41965,-1.531206,163,8.7,3,304.72,21 / 21,3417829,2019-09-06 19:13:04:511,0.9975,1.8735,11.8378,-0.0402,0.0702,9.8062,0.2001,0.0238,0.0779,5.56,-37.37,-0.56,141.18,-81,-174.76
52.41965,-1.531206,163,8.7,3,304.72,21 / 21,3417929,2019-09-06 19:13:04:611,-0.2497,0.837,9.4432,-0.0305,0.0126,9.8065,-0.1262,0.0216,-0.0467,5.69,-37.37,-0.69,141.12,-80.86,-175.55
52.41965,-1.531206,163,8.7,3,304.72,21 / 21,3418029,2019-09-06 19:13:04:711,0.6828,0.6116,8.5614,0.0213,-0.0392,9.8064,-0.1294,-0.0284,0.0032,5.75,-36.75,-1.31,140.27,-81.28,-175.18
52.41965,-1.531206,163,8.7,3,304.72,21 / 21,3418129,2019-09-06 19:13:04:811,0.9561,0.1993,9.0021,0.0088,-0.0297,9.8065,0.007,0.0169,-0.0468,6.13,-36.87,-2.25,143.04,-81.66,-175.89
52.41965,-1.531206,163,8.7,3,304.72,21 / 21,3418228,2019-09-06 19:13:04:910,0.3535,-0.406,9.4777,-0.0105,0.0042,9.8066,0.1147,-0.0083,0.0166,6.19,-36.37,-2,141.49,-81.88,-176.85
52.41965,-1.531206,163,8.7,3,304.72,21 / 21,3418329,2019-09-06 19:13:05:011,-0.2307,0.3533,9.0758,-0.0198,-0.0081,9.8065,0.0052,-0.0211,-0.0238,6.81,-37.25,-2.87,140.42,-81.8,-178.8
52.41965,-1.531206,163,8.7,3,304.72,21 / 21,3418429,2019-09-06 19:13:05:111,-0.5224,0.359,9.577,-0.001,0.011,9.8066,0.0177,0.0657,0.0372,6.69,-36.94,-2.25,138.04,-81.51,-177.87
52.41965,-1.531206,163,8.7,3,304.72,21 / 21,3418529,2019-09-06 19:13:05:211,0.5131,0.3044,10.9182,0.0124,-0.005,9.8066,0.0584,-0.0263,0.0086,6,-37.06,-1.75,142.65,-81.54,-177.13
52.41965,-1.531206,163,8.7,3,304.72,21 / 21,3418628,2019-09-06 19:13:05:310,1.1805,0.6979,10.6833,-0.0035,0.0005,9.8066,0.0302,-0.0716,-0.0609,6.75,-37.94,-1.81,138.56,-81.56,-177.72
52.41965,-1.531206,163,8.7,3,304.72,21 / 21,3418729,2019-09-06 19:13:05:411,1.1325,-0.5344,10.2996,0.0118,0.0117,9.8065,0.0601,0.0073,0.0593,6.06,-37.62,-2.25,143.74,-81.42,-176.56
52.41965,-1.531206,163,8.7,3,304.72,21 / 21,3418828,2019-09-06 19:13:05:510,0.1325,0.6603,9.7895,-0.0052,-0.0025,9.8066,-0.0035,0.0004,0.0184,5.94,-37.37,-1.87,143.05,-81.48,-176.61
52.41965,-1.531206,163,8.7,3,304.72,21 / 21,3418928,2019-09-06 19:13:05:610,0.8645,0.0945,9.6712,0.0073,-0.0084,9.8066,0.0896,0.0235,-0.0083,5.94,-37.75,-1.87,143.12,-81.59,-177
52.41965,-1.531206,163,8.7,3,304.72,21 / 21,3419028,2019-09-06 19:13:05:710,0.8494,0.3166,9.2466,-0.0053,0.0018,9.8066,-0.0113,-0.0528,0.0275,5.38,-37.62,-2.06,147.77,-81.71,-176.74
52.41965,-1.531206,163,8.7,3,304.72,21 / 21,3419128,2019-09-06 19:13:05:810,-0.061,-0.3778,10.3717,-0.0054,0.0011,9.8066,0.0441,0.0132,-0.0003,5.06,-37.44,-2.56,150.16,-81.81,-177.36
52.41965,-1.531206,163,8.7,3,304.72,21 / 21,3419229,2019-09-06 19:13:05:911,0.0878,-0.4592,10.5063,-0.0105,0.0057,9.8066,0.0016,0.0034,0.0308,3.88,-37.75,-2.06,152.91,-81.71,-177.39
52.41965,-1.531206,163,8.7,3,304.72,21 / 21,3419328,2019-09-06 19:13:06:010,0.778,-0.1719,10.9138,-0.0197,0.0434,9.8065,-0.0393,-0.0766,0.0282,3.81,-37.5,-1,149.74,-81.32,-177.2
52.41965,-1.531206,163,8.7,3,304.72,21 / 21,3419428,2019-09-06 19:13:06:110,1.189,-0.106,10.6937,0.0105,0.0174,9.8066,-0.0103,-0.0266,0.0133,4.06,-38.19,0.69,141.29,-81.24,-176.21
52.41965,-1.531206,163,8.7,3,304.72,21 / 21,3419528,2019-09-06 19:13:06:210,0.7776,0.5958,10.0265,0.0349,-0.0028,9.8065,0.1166,-0.0359,0.1526,5.69,-37.37,0.06,136.53,-81.15,-174.18
52.41965,-1.531206,163,8.7,3,304.72,21 / 21,3419629,2019-09-06 19:13:06:311,-0.0152,-1.1843,9.8729,0.0018,0.0026,9.8066,-0.1111,0.0825,-0.0694,5.81,-37.25,-0.31,136.85,-81.24,-173.03
52.41965,-1.531206,163,8.7,3,304.72,21 / 21,3419729,2019-09-06 19:13:06:411,0.944,0.3072,8.4445,0.0044,0.0079,9.8066,-0.0591,0.0062,0.0031,5.25,-37.62,-0.12,142.34,-81.39,-171.61
52.41965,-1.531206,163,8.7,3,304.72,21 / 21,3419829,2019-09-06 19:13:06:511,2.1407,-0.1387,8.3837,-0.0082,-0.0063,9.8066,-0.0646,-0.0238,-0.0328,4.75,-37.25,-1.31,145.54,-81.68,-172.08
52.41965,-1.531206,163,8.7,3,304.72,21 / 21,3419929,2019-09-06 19:13:06:611,1.9507,-1.5858,9.401,-0.0283,0.0288,9.8065,-0.0829,0.0946,-0.0453,4.44,-37.12,-1.56,154.49,-81.84,-172.3
52.41965,-1.531206,163,8.7,3,304.72,21 / 21,3420029,2019-09-06 19:13:06:711,-0.5025,-1.1035,9.2731,-0.0093,-0.0175,9.8066,0.0332,0.0666,-0.0478,5.19,-35.87,-1.75,148.18,-82.09,-172.48
52.41965,-1.531206,163,8.7,3,304.72,21 / 21,3420129,2019-09-06 19:13:06:811,0.5714,-1.8846,10.2566,-0.0204,0.0237,9.8066,0.0072,0.0372,-0.0172,7,-35.94,-1.25,134.9,-82.03,-173.1
52.41965,-1.531206,163,8.7,3,304.72,21 / 21,3420229,2019-09-06 19:13:06:911,2.1712,-0.457,10.0126,0.0254,-0.0118,9.8065,-0.0456,-0.0315,0.066,7.38,-36,-1.56,140.19,-81.94,-171.95
52.41965,-1.531206,163,8.7,3,304.72,21 / 21,3420328,2019-09-06 19:13:07:010,0.057,0.0339,9.7372,0.035,-0.0237,9.8065,0.1702,-0.0049,0.0107,6.75,-35.12,-2.25,140.1,-81.81,-171.74
52.42023,-1.532483,164.72,13.31,2,306.54,21 / 21,3420428,2019-09-06 19:13:07:110,1.9821,-0.4448,9.9042,0.02,-0.0051,9.8066,0.1563,-0.079,0.0391,6.06,-35.5,-2.5,144.64,-81.64,-171.38
52.42023,-1.532483,164.72,13.31,2,306.54,21 / 21,3420529,2019-09-06 19:13:07:211,0.3971,-1.353,9.8125,-0.03,0.0519,9.8064,-0.0633,0.0312,0.0257,4.75,-36.31,-2.81,153.85,-81.49,-170.66
52.42023,-1.532483,164.72,13.31,2,306.54,21 / 21,3420628,2019-09-06 19:13:07:310,1.6864,-1.0761,9.6025,-0.0204,0.0503,9.8064,-0.1788,0.1166,-0.0199,4.06,-36.12,-1.75,155.98,-81.38,-169.82
52.42023,-1.532483,164.72,13.31,2,306.54,21 / 21,3420729,2019-09-06 19:13:07:411,0.039,0.3967,8.5499,0.033,-0.0378,9.8064,0.0949,-0.0066,-0.0265,5.5,-36.19,-1.69,146.02,-81.59,-169.97
52.42023,-1.532483,164.72,13.31,2,306.54,21 / 21,3420828,2019-09-06 19:13:07:510,0.6817,-0.8587,8.7677,0.0595,-0.0761,9.8061,-0.0478,-0.0111,-0.0112,5.5,-37.25,-2.81,149.31,-82.2,-169.54
52.42023,-1.532483,164.72,13.31,2,306.54,21 / 21,3420930,2019-09-06 19:13:07:612,0.3244,-0.2963,11.3544,-0.0042,0.021,9.8066,0.1403,0.0296,-0.0184,5.38,-37.69,-2.12,150.33,-82.34,-169.06
52.42023,-1.532483,164.72,13.31,2,306.54,21 / 21,3421028,2019-09-06 19:13:07:710,0.3089,-0.0802,10.1085,0.0047,-0.0083,9.8066,0.2683,-0.006,-0.0138,5.13,-37.62,-2.81,154.19,-82.3,-168.96
52.42023,-1.532483,164.72,13.31,2,306.54,21 / 21,3421128,2019-09-06 19:13:07:810,-0.3067,1.025,9.5762,-0.0381,0.0489,9.8064,-0.1878,0.0025,0.0126,4.25,-37.69,-3.75,162.29,-81.8,-169.51
52.42023,-1.532483,164.72,13.31,2,306.54,21 / 21,3421229,2019-09-06 19:13:07:911,0.7373,-0.6607,9.8602,-0.0337,0.0565,9.8064,-0.2399,-0.0131,0.0481,3.31,-37.94,-2.62,164.98,-81.73,-169.4
52.42023,-1.532483,164.72,13.31,2,306.54,21 / 21,3421329,2019-09-06 19:13:08:011,1.2944,0.3982,8.5636,0.0177,-0.0488,9.8064,0.024,-0.0416,-0.0216,2.69,-37.37,-0.62,157.77,-81.97,-168.72
52.42023,-1.532483,164.72,13.31,2,306.54,21 / 21,3421428,2019-09-06 19:13:08:110,1.4314,-0.9646,9.1071,-0.0035,-0.0134,9.8066,-0.1584,0.0077,-0.052,5.25,-35.94,-0.06,139.16,-82.26,-170.1
52.42023,-1.532483,164.72,13.31,2,306.54,21 / 21,3421529,2019-09-06 19:13:08:211,1.81,-0.9503,10.0436,0.005,-0.0113,9.8066,0.0442,-0.0108,-0.0297,6.38,-37.06,-1.37,139.55,-82.38,-171.36
52.42023,-1.532483,164.72,13.31,2,306.54,21 / 21,3421629,2019-09-06 19:13:08:311,0.5607,-0.79,9.5149,-0.0171,0.0062,9.8066,-0.0357,0.0575,-0.0388,6.63,-37.12,-2.12,139.94,-82.19,-172.25
52.42023,-1.532483,164.72,13.31,2,306.54,21 / 21,3421729,2019-09-06 19:13:08:411,0.9141,0.9733,9.6476,-0.0033,0.0115,9.8066,0.0128,0.0091,-0.0283,6.56,-37.19,-2.06,139.92,-82.04,-172.8
52.42023,-1.532483,164.72,13.31,2,306.54,21 / 21,3421828,2019-09-06 19:13:08:510,-0.1985,-0.4304,9.9039,-0.0007,-0.0059,9.8066,0.0328,-0.0047,-0.0631,6.44,-36.87,-2.31,143.43,-82.1,-173.48
52.42023,-1.532483,164.72,13.31,2,306.54,21 / 21,3421928,2019-09-06 19:13:08:610,1.5881,-0.516,9.4968,-0.0049,-0.0031,9.8066,-0.0628,-0.0171,0.0284,6.19,-37.37,-2.81,147.04,-82.11,-173.67
52.42023,-1.532483,164.72,13.31,2,306.54,21 / 21,3422029,2019-09-06 19:13:08:711,0.7761,-0.3401,9.251,-0.0152,0.0097,9.8066,-0.0885,0.0357,-0.0231,6.44,-38.12,-2.87,147.12,-82.05,-174.44
52.42023,-1.532483,164.72,13.31,2,306.54,21 / 21,3422129,2019-09-06 19:13:08:811,0.9407,-0.1123,9.6232,0.0151,-0.0129,9.8066,-0.0013,0.0067,-0.0416,6.31,-37.87,-2.12,142.68,-82.19,-175.26
52.42023,-1.532483,164.72,13.31,2,306.54,21 / 21,3422228,2019-09-06 19:13:08:910,0.1714,0.1685,9.694,0.0036,-0.0205,9.8066,0.0226,-0.0213,-0.0043,6.88,-37.44,-2.06,137.35,-82.34,-175.8
52.42023,-1.532483,164.72,13.31,2,306.54,21 / 21,3422328,2019-09-06 19:13:09:010,0.824,-0.7377,9.5216,0.0146,0.01,9.8065,-0.0423,-0.0089,0.0822,6.25,-36.5,-2.06,141.18,-82.31,-175.63
52.42023,-1.532483,164.72,13.31,2,306.54,21 / 21,3422429,2019-09-06 19:13:09:111,0.3204,0.0946,10.2462,0.0007,0.0207,9.8066,-0.0048,-0.0344,0.0097,6.5,-37.25,-1.44,134.47,-82.19,-174.04
52.42023,-1.532483,164.72,13.31,2,306.54,21 / 21,3422529,2019-09-06 19:13:09:211,0.9858,-0.2586,9.6189,0.0169,0.0143,9.8066,-0.0188,-0.0168,0.0715,5.56,-36.75,-1.69,144.22,-82.12,-172
52.42023,-1.532483,164.72,13.31,2,306.54,21 / 21,3422628,2019-09-06 19:13:09:310,0.5187,0.7282,9.2878,0.0187,-0.0005,9.8066,-0.046,-0.0215,0.0544,6.25,-36.81,-2.25,145.08,-82.14,-170.46
52.42023,-1.532483,164.72,13.31,2,306.54,21 / 21,3422729,2019-09-06 19:13:09:411,1.1152,-0.6424,9.6513,0.0116,-0.0185,9.8066,-0.0584,-0.0212,-0.0074,6.56,-36.81,-2.25,140.91,-82.5,-169.6
52.42023,-1.532483,164.72,13.31,2,306.54,21 / 21,3422828,2019-09-06 19:13:09:510,1.3775,-0.3136,10.0912,0.009,-0.0004,9.8065,0.0005,0.0529,-0.0224,6.38,-36.56,-2.5,144.69,-82.67,-169.15
52.42023,-1.532483,164.72,13.31,2,306.54,21 / 21,3422929,2019-09-06 19:13:09:611,0.2918,-0.5113,10.4919,-0.0197,0.02,9.8065,0.0799,0.033,-0.0014,5.19,-35.06,-3.12,151.98,-82.74,-169.72
52.42023,-1.532483,164.72,13.31,2,306.54,21 / 21,3423028,2019-09-06 19:13:09:710,-0.3399,0.0655,10.5258,-0.0174,0.0156,9.8065,0.0856,0.0071,-0.0251,4.81,-34.31,-1.62,147.7,-82.42,-170.39
52.42023,-1.532483,164.72,13.31,2,306.54,21 / 21,3423129,2019-09-06 19:13:09:811,0.0872,0.3722,11.3254,-0.0254,0.0372,9.8065,-0.0954,0.0227,0.0282,5.06,-35.87,-1.25,145.22,-82.05,-169.78
52.42023,-1.532483,164.72,13.31,2,306.54,21 / 21,3423229,2019-09-06 19:13:09:911,0.1318,-0.1374,8.9066,-0.0164,0.0164,9.8066,-0.0439,0.0075,0.023,5.81,-35.5,-1.06,140.38,-82.08,-169.33
52.42023,-1.532483,164.72,13.31,2,306.54,21 / 21,3423328,2019-09-06 19:13:10:010,0.0497,-0.0318,8.7939,0.0057,-0.0103,9.8066,-0.1955,-0.0301,0.001,6.56,-36.62,-1.12,137.55,-82.26,-168.83
52.42023,-1.532483,164.72,13.31,2,306.54,21 / 21,3423429,2019-09-06 19:13:10:111,1.0501,-0.1259,9.518,0.0028,0.0056,9.8066,0.0584,-0.0104,0.0032,6.75,-36.87,-1.44,137.38,-82.49,-168.19
52.42023,-1.532483,164.72,13.31,2,306.54,21 / 21,3423528,2019-09-06 19:13:10:210,1.3729,-0.485,9.4789,0.009,-0.0168,9.8065,-0.0079,-0.0367,-0.0073,5.94,-36.87,-2.31,145.11,-82.72,-168.27
52.42023,-1.532483,164.72,13.31,2,306.54,21 / 21,3423629,2019-09-06 19:13:10:311,1.6222,-0.2407,9.8056,0.0081,-0.0109,9.8066,-0.0177,-0.0634,-0.0193,6.31,-37.06,-1.44,139.85,-82.87,-168.65
52.42023,-1.532483,164.72,13.31,2,306.54,21 / 21,3423728,2019-09-06 19:13:10:410,0.2926,-0.2685,10.234,-0.0097,0.0054,9.8066,0.0662,-0.0478,0.0621,6.25,-36.5,-1.19,139.49,-82.68,-169.2
52.42023,-1.532483,164.72,13.31,2,306.54,21 / 21,3423828,2019-09-06 19:13:10:510,1.1772,0.0153,10.2597,-0.0005,0.0155,9.8065,-0.0009,-0.0634,0.0123,6,-37.37,-2.12,145.24,-82.56,-168.62
52.42023,-1.532483,164.72,13.31,2,306.54,21 / 21,3423929,2019-09-06 19:13:10:611,0.031,0.1908,9.6556,0.0054,0.0078,9.8065,0.0547,-0.0003,0.0242,6.19,-37.81,-1.94,146.34,-82.53,-167.58
52.42023,-1.532483,164.72,13.31,2,306.54,21 / 21,3424030,2019-09-06 19:13:10:712,0.3566,-0.7378,9.8933,0.0294,-0.0288,9.8065,-0.0347,0.0046,-0.0182,6.44,-37.06,-2.56,149.99,-82.75,-166.78
52.42023,-1.532483,164.72,13.31,2,306.54,21 / 21,3424129,2019-09-06 19:13:10:811,-0.4547,0.0063,10.6089,-0.0264,0.0078,9.8065,0.033,-0.0218,-0.0621,6.25,-37.31,-1.81,145.34,-82.97,-166.96
52.42023,-1.532483,164.72,13.31,2,306.54,21 / 21,3424229,2019-09-06 19:13:10:911,0.5401,-0.5435,10.2867,-0.0175,0.0121,9.8066,0.1767,0.0492,0.0125,6.19,-37.81,-2.25,145.26,-82.86,-168.21
52.42023,-1.532483,164.72,13.31,2,306.54,21 / 21,3424328,2019-09-06 19:13:11:010,0.1596,0.6409,10.1555,-0.0353,0.0414,9.8064,-0.1605,-0.0196,-0.0025,7.06,-37.31,-1.62,141.57,-82.5,-168.57
52.42023,-1.532483,164.72,13.31,2,306.54,21 / 21,3424429,2019-09-06 19:13:11:111,1.3171,-0.9792,9.8724,-0.0456,0.0455,9.8064,-0.1084,-0.0019,-0.0075,6.69,-37.19,-1.62,142.4,-82.31,-167.88
52.42023,-1.532483,164.72,13.31,2,306.54,21 / 21,3424528,2019-09-06 19:13:11:210,1.8625,0.3877,9.6688,0.0237,-0.0134,9.8065,-0.0585,-0.0691,0.0323,6.5,-37.31,-2.06,142.88,-82.57,-166.29
52.42023,-1.532483,164.72,13.31,2,306.54,21 / 21,3424628,2019-09-06 19:13:11:310,1.4313,-0.8171,9.6333,0.0128,-0.0216,9.8066,-0.0471,-0.0226,0.0339,6,-36.94,-2.69,150.23,-82.7,-166.54
52.42023,-1.532483,164.72,13.31,2,306.54,21 / 21,3424729,2019-09-06 19:13:11:411,0.5022,0.9001,9.5303,-0.0233,0.025,9.8065,-0.0817,-0.0179,-0.0606,6.31,-37.44,-2,146.59,-82.79,-165.53
52.42023,-1.532483,164.72,13.31,2,306.54,21 / 21,3424828,2019-09-06 19:13:11:510,0.8475,-0.0935,9.4475,-0.0226,0.003,9.8066,-0.0077,-0.0292,0.0218,6.56,-37,-3.06,146.29,-82.72,-166.74
52.42023,-1.532483,164.72,13.31,2,306.54,21 / 21,3424928,2019-09-06 19:13:11:610,0.8938,-0.6607,10.3992,0.0063,-0.003,9.8066,0.0345,0.0101,-0.0435,6.19,-37.12,-2.94,150.17,-82.78,-166.41
52.42023,-1.532483,164.72,13.31,2,306.54,21 / 21,3425029,2019-09-06 19:13:11:711,0.5864,0.2173,10.0656,0.0097,-0.0209,9.8066,0.1385,-0.043,0.0287,5.25,-36.5,-3.44,153.78,-82.86,-166.86
52.42023,-1.532483,164.72,13.31,2,306.54,21 / 21,3425128,2019-09-06 19:13:11:810,-0.5088,0.1577,10.3606,-0.0148,0.0182,9.8066,-0.034,-0.0185,-0.0751,5.31,-37.44,-2.81,154.06,-82.64,-167.58
52.42023,-1.532483,164.72,13.31,2,306.54,21 / 21,3425228,2019-09-06 19:13:11:910,0.5083,2.3398,8.376,0.0052,-0.013,9.8066,-0.1055,-0.0976,0.0442,5.25,-37.19,-2.19,149.78,-82.77,-167.67
52.42023,-1.532483,164.72,13.31,2,306.54,21 / 21,3425329,2019-09-06 19:13:12:011,-1.8893,-3.4711,12.4819,0.129,-0.1045,9.8052,0.7128,0.1805,-0.1597,6,-36.62,-1.56,144.37,-82.41,-170.68
52.42023,-1.532483,164.72,13.31,2,306.54,21 / 21,3425429,2019-09-06 19:13:12:111,2.6017,4.4719,10.036,0.171,-0.2081,9.8029,0.404,-0.398,0.0596,6.94,-37.06,-1.37,134.01,-83.44,-169.48
52.42023,-1.532483,164.72,13.31,2,306.54,21 / 21,3425529,2019-09-06 19:13:12:211,-1.4272,2.4548,11.6369,-0.0211,-0.0179,9.8065,0.6341,-0.0369,-0.0212,6.13,-36.37,-1.62,141.67,-82.65,-173.48
52.42023,-1.532483,164.72,13.31,2,306.54,21 / 21,3425629,2019-09-06 19:13:12:311,-1.4967,1.2745,11.5578,0.1025,-0.1105,9.8054,0.4544,-0.0731,0.0284,6.88,-36.62,-1.87,136.96,-82.94,-174.1
52.42023,-1.532483,164.72,13.31,2,306.54,21 / 21,3425728,2019-09-06 19:13:12:410,-0.6716,0.7746,9.8348,-0.0672,0.0491,9.8062,0.1133,0.0238,-0.0187,6.75,-36.19,-2.5,137.13,-82.39,-175.15
52.42023,-1.532483,164.72,13.31,2,306.54,21 / 21,3425829,2019-09-06 19:13:12:511,1.2313,0.3586,10.168,0.0181,-0.0023,9.8066,0.1105,-0.0807,0.0734,7,-36.5,-2.5,136.75,-82.81,-174.16
52.42023,-1.532483,164.72,13.31,2,306.54,21 / 21,3425929,2019-09-06 19:13:12:611,0.7563,-0.9858,10.2028,-0.0208,0.0469,9.8065,-0.1479,0.0285,0.0058,6.5,-36.5,-2.56,141.32,-83.21,-172.19
52.42023,-1.532483,164.72,13.31,2,306.54,21 / 21,3426029,2019-09-06 19:13:12:711,1.3042,0.02,10.1059,-0.0384,0.0314,9.8065,0.0065,-0.0223,0.0155,6.44,-36.94,-2.5,142.9,-82.91,-171.23
52.42023,-1.532483,164.72,13.31,2,306.54,21 / 21,3426129,2019-09-06 19:13:12:811,-0.0045,0.5182,10.2034,-0.0237,0.0085,9.8065,-0.1163,0.016,-0.0056,6.5,-37.31,-1.87,138.37,-82.86,-172.24
52.42023,-1.532483,164.72,13.31,2,306.54,21 / 21,3426229,2019-09-06 19:13:12:911,0.7458,-0.853,8.8338,-0.0151,0.0117,9.8066,-0.0768,0.0239,-0.0028,6.88,-36.75,-1.94,138,-82.9,-172.68
52.42023,-1.532483,164.72,13.31,2,306.54,21 / 21,3426328,2019-09-06 19:13:13:010,1.3649,-0.5281,10.3896,0.0108,-0.021,9.8065,-0.0539,-0.0114,0.0196,7.13,-35.94,-2.75,141.11,-83.2,-172.52
52.42023,-1.532483,164.72,13.31,2,306.54,21 / 21,3426429,2019-09-06 19:13:13:111,1.1642,-0.7877,10.1729,0.0073,0.0139,9.8066,-0.0187,-0.0086,0.0417,6.38,-36.12,-2.81,145.6,-83.21,-171.82
52.42023,-1.532483,164.72,13.31,2,306.54,21 / 21,3426529,2019-09-06 19:13:13:211,0.5865,1.0815,9.2067,-0.0117,0.0165,9.8066,0.0273,-0.0358,0.0862,5.5,-36.31,-2.69,146.89,-82.83,-170.97
52.42023,-1.532483,164.72,13.31,2,306.54,21 / 21,3426629,2019-09-06 19:13:13:311,0.7783,-0.205,9.5081,-0.0105,0.0211,9.8065,-0.1351,-0.0057,-0.0428,5.75,-36.69,-3.06,147.79,-82.81,-170.23
52.42023,-1.532483,164.72,13.31,2,306.54,21 / 21,3426729,2019-09-06 19:13:13:411,0.0163,-0.3491,10.3475,0.0199,-0.0322,9.8066,0.0895,0.0668,-0.0207,5.31,-36.87,-3,151.38,-83.13,-170.76
52.42023,-1.532483,164.72,13.31,2,306.54,21 / 21,3426830,2019-09-06 19:13:13:512,0.4281,-0.3666,10.0377,0.0029,-0.0066,9.8066,0.0016,-0.0088,0.0141,4.63,-37,-2.37,147.07,-83.11,-171.22
52.42023,-1.532483,164.72,13.31,2,306.54,21 / 21,3426928,2019-09-06 19:13:13:610,0.4832,0.5897,9.7601,-0.0232,0.0397,9.8065,-0.0602,0.0724,-0.0031,5.25,-36.5,-2.25,146.98,-82.91,-171.41
52.42023,-1.532483,164.72,13.31,2,306.54,21 / 21,3427028,2019-09-06 19:13:13:710,0.2429,-0.1111,9.9802,-0.0338,0.0565,9.8063,-0.1048,-0.0061,0.0113,5.56,-36.56,-1.44,139.59,-82.49,-170.78
52.42023,-1.532483,164.72,13.31,2,306.54,21 / 21,3427128,2019-09-06 19:13:13:810,0.1495,0.4328,9.3836,0.0019,0.0015,9.8066,0.0157,0.0221,0.0863,5.5,-36.69,-1,139.96,-82.61,-169.59
52.42023,-1.532483,164.72,13.31,2,306.54,21 / 21,3427229,2019-09-06 19:13:13:911,0.058,0.4668,9.0397,-0.0142,0.039,9.8065,-0.0695,0.0407,-0.0073,5.75,-36.5,-1.69,145.11,-82.54,-168.18
52.42023,-1.532483,164.72,13.31,2,306.54,21 / 21,3427328,2019-09-06 19:13:14:010,1.122,-0.8218,9.0729,0.046,-0.0305,9.8064,-0.0554,0.0406,0.0054,5.94,-37,-2,145.52,-83.04,-166.42
52.42023,-1.532483,164.72,13.31,2,306.54,21 / 21,3427430,2019-09-06 19:13:14:112,0.5588,-0.731,9.3166,0.0213,-0.0211,9.8066,-0.0171,0.0302,0.0126,6,-36.37,-2.06,145.02,-83.26,-165.81
52.42023,-1.532483,164.72,13.31,2,306.54,21 / 21,3427529,2019-09-06 19:13:14:211,1.9799,0.6978,9.9972,0.0013,0.0087,9.8066,0.0128,0.0943,-0.1022,6.5,-35.25,-1.81,140.74,-83.32,-165.81
52.42023,-1.532483,164.72,13.31,2,306.54,21 / 21,3427628,2019-09-06 19:13:14:310,0.3265,-0.5863,10.186,-0.0224,0.0084,9.8066,0.0603,0.0032,0.0484,7,-36,-2.06,140.83,-83.1,-167.03
52.42023,-1.532483,164.72,13.31,2,306.54,21 / 21,3427729,2019-09-06 19:13:14:411,0.3173,1.0824,9.5205,-0.006,0.0054,9.8066,0.0265,0.0333,-0.0505,6.63,-35.44,-1.94,140.78,-82.8,-167.4
52.42023,-1.532483,164.72,13.31,2,306.54,21 / 21,3427829,2019-09-06 19:13:14:511,-0.7362,0.2651,9.8682,-0.0014,0.0081,9.8066,0.0103,0.1233,-0.0442,6.31,-35.19,-2.44,144.43,-82.82,-167.58
52.42023,-1.532483,164.72,13.31,2,306.54,21 / 21,3427928,2019-09-06 19:13:14:610,0.2902,-0.9138,9.734,0.0047,0.0049,9.8066,-0.1435,0.0402,-0.0321,5.94,-35.31,-2.69,147.99,-83.27,-167.36
52.42023,-1.532483,164.72,13.31,2,306.54,21 / 21,3428028,2019-09-06 19:13:14:710,-0.0813,-1.6839,9.6175,-0.0192,0.0205,9.8065,-0.0164,-0.0675,0.0653,6.13,-34.62,-2.75,148.1,-83.32,-167.04
52.42023,-1.532483,164.72,13.31,2,306.54,21 / 21,3428128,2019-09-06 19:13:14:810,1.3975,-0.1017,9.7209,0.0162,0.0044,9.8066,0.0429,0.0282,-0.0357,5.56,-35.5,-2.62,147.12,-83.43,-168.21
52.42023,-1.532483,164.72,13.31,2,306.54,21 / 21,3428230,2019-09-06 19:13:14:912,0.5128,-1.2947,10.2047,0.0185,-0.0255,9.8066,0.1033,-0.0487,0.0614,5.06,-35.25,-1.81,147.53,-83.49,-167.45
52.42023,-1.532483,164.72,13.31,2,306.54,21 / 21,3428329,2019-09-06 19:13:15:011,0.4392,-0.1476,10.5344,-0.0259,0.0157,9.8066,0.0241,-0.001,-0.0584,6,-35.56,-1.69,144.17,-83.31,-166.99
52.42023,-1.532483,164.72,13.31,2,306.54,21 / 21,3428429,2019-09-06 19:13:15:111,0.5637,-0.7985,10.6559,-0.0122,-0.0177,9.8066,0.0322,-0.0308,-0.0025,6.38,-35.25,-1.25,137.43,-83.41,-168.46
52.42023,-1.532483,164.72,13.31,2,306.54,21 / 21,3428528,2019-09-06 19:13:15:210,0.7465,-0.1915,10.303,-0.0191,0.0191,9.8065,-0.0796,-0.0166,0.0286,6.69,-36.19,-2.25,139.32,-83.34,-168.46
52.42023,-1.532483,164.72,13.31,2,306.54,21 / 21,3428629,2019-09-06 19:13:15:311,0.9699,-0.7466,9.3527,-0.0256,0.0127,9.8065,-0.119,0.0154,-0.0585,6.88,-36.62,-2.94,143.78,-83.4,-168.55
52.42023,-1.532483,164.72,13.31,2,306.54,21 / 21,3428728,2019-09-06 19:13:15:410,1.8523,-1.1007,9.6858,0.0368,-0.0313,9.8065,0.0993,0.0402,-0.0063,6.69,-37.5,-2.87,143.02,-83.52,-169.3
52.42023,-1.532483,164.72,13.31,2,306.54,21 / 21,3428829,2019-09-06 19:13:15:511,0.8572,-0.3285,10.2535,0.0375,-0.0412,9.8064,-0.0414,0.0281,-0.0558,7,-37.31,-2.81,142.31,-83.94,-169.07
52.42023,-1.532483,164.72,13.31,2,306.54,21 / 21,3428929,2019-09-06 19:13:15:611,0.1249,-0.7381,10.1104,-0.012,0.0013,9.8066,0.0689,0.0601,-0.0548,6.75,-37.44,-2.5,137.37,-83.85,-170.09
52.42023,-1.532483,164.72,13.31,2,306.54,21 / 21,3429029,2019-09-06 19:13:15:711,1.7077,-0.1543,10.6836,-0.0027,0.0067,9.8066,0.0337,-0.0515,0.0462,6.63,-37.69,-2.44,137.48,-83.89,-170.41
52.42023,-1.532483,164.72,13.31,2,306.54,21 / 21,3429128,2019-09-06 19:13:15:810,1.1026,-0.0558,9.9675,-0.0118,0.0148,9.8066,0.0293,-0.0133,0.0159,6.63,-37.12,-1.69,137.43,-83.72,-170.5
52.42023,-1.532483,164.72,13.31,2,306.54,21 / 21,3429229,2019-09-06 19:13:15:911,0.8142,-0.0984,9.9954,0.0047,0.009,9.8066,-0.0284,-0.0163,0.0183,6.63,-37.75,-1.75,138.2,-83.7,-170.1
52.42023,-1.532483,164.72,13.31,2,306.54,21 / 21,3429329,2019-09-06 19:13:16:011,0.3317,-0.067,9.9996,-0.0035,0.0091,9.8066,-0.0307,-0.0001,0.0261,7.13,-37.37,-2.19,138.25,-83.73,-169.26
52.420864,-1.533795,166.13,10.69,2,307.72,21 / 21,3429429,2019-09-06 19:13:16:111,0.2716,0.0878,10.491,-0.0119,0.0121,9.8066,-0.1199,0.0262,0.0319,6.75,-37.19,-2.06,138.64,-83.83,-168.37
52.420864,-1.533795,166.13,10.69,2,307.72,21 / 21,3429528,2019-09-06 19:13:16:210,1.5096,-0.5892,10.0963,-0.0139,0.0278,9.8066,-0.0869,-0.0303,0.0379,6.44,-36.44,-2.81,147.31,-83.72,-167.61
52.420864,-1.533795,166.13,10.69,2,307.72,21 / 21,3429628,2019-09-06 19:13:16:310,2.4803,-0.8694,9.5495,0.0248,-0.0229,9.8066,0.0906,-0.0405,-0.0409,6.81,-36.37,-1.81,139.96,-83.67,-166.41
52.420864,-1.533795,166.13,10.69,2,307.72,21 / 21,3429729,2019-09-06 19:13:16:411,0.2636,-1.62,9.2608,0.0324,-0.0531,9.8064,0.0814,0.0331,-0.0308,6.63,-37.19,-2.19,138.29,-84,-168.26
52.420864,-1.533795,166.13,10.69,2,307.72,21 / 21,3429829,2019-09-06 19:13:16:511,0.4762,-0.7727,9.5899,-0.0033,-0.0054,9.8066,-0.0595,0.0675,-0.0711,6.44,-36.56,-2.87,145.79,-83.93,-169.81
52.420864,-1.533795,166.13,10.69,2,307.72,21 / 21,3429928,2019-09-06 19:13:16:610,0.8595,-1.7539,8.9475,0.0174,-0.0283,9.8065,0.0066,0.0711,-0.0288,6.31,-37.12,-2,139.94,-84.21,-170.7
52.420864,-1.533795,166.13,10.69,2,307.72,21 / 21,3430029,2019-09-06 19:13:16:711,0.577,-2.0253,9.8463,-0.0065,-0.0008,9.8066,0.0051,0.0401,-0.0673,6.88,-36.94,-2.44,134.33,-84.47,-172.03
52.420864,-1.533795,166.13,10.69,2,307.72,21 / 21,3430128,2019-09-06 19:13:16:810,1.0533,-1.1084,10.1584,0.0028,-0.009,9.8066,-0.0116,-0.0156,0.033,6.31,-37.06,-2,137.66,-84.63,-172.34
52.420864,-1.533795,166.13,10.69,2,307.72,21 / 21,3430230,2019-09-06 19:13:16:912,1.0136,-1.5911,9.8908,-0.0121,0.0031,9.8066,-0.0602,0.0031,0.032,7.06,-36.31,-1.37,128,-84.69,-171.87
52.420864,-1.533795,166.13,10.69,2,307.72,21 / 21,3430329,2019-09-06 19:13:17:011,0.7427,-1.2014,9.6828,-0.0378,0.0222,9.8065,-0.1208,0.0754,-0.0643,7.13,-36.5,-2.06,133.64,-84.54,-172.13
52.420864,-1.533795,166.13,10.69,2,307.72,21 / 21,3430429,2019-09-06 19:13:17:111,1.7674,-1.4724,9.8047,0.008,-0.0052,9.8066,0.0389,0.0867,0.0267,7.88,-35.75,-1.5,124.54,-84.71,-172.35
52.420864,-1.533795,166.13,10.69,2,307.72,21 / 21,3430529,2019-09-06 19:13:17:211,0.9298,0.526,10.8039,0.0079,0.0014,9.8066,-0.0573,0.0677,-0.0455,8.13,-36.06,-1.5,124.77,-84.69,-172.16
52.420864,-1.533795,166.13,10.69,2,307.72,21 / 21,3430628,2019-09-06 19:13:17:310,-0.5869,0.6284,9.5203,-0.0287,0.0117,9.8065,0.1004,0.057,0.0019,8.19,-35.75,-1.44,124.65,-84.63,-172.51
52.420864,-1.533795,166.13,10.69,2,307.72,21 / 21,3430728,2019-09-06 19:13:17:410,0.2061,-2.2365,9.7827,-0.045,0.0163,9.8064,0.0663,0.1573,-0.0947,8.19,-36.31,-1.25,124.33,-84.39,-173.87
52.420864,-1.533795,166.13,10.69,2,307.72,21 / 21,3430829,2019-09-06 19:13:17:511,0.7667,-0.9307,9.9371,0.0074,0.0021,9.8066,-0.0888,0.0835,0.0116,8.56,-35.94,-1.81,125.9,-84.41,-174.5
52.420864,-1.533795,166.13,10.69,2,307.72,21 / 21,3430929,2019-09-06 19:13:17:611,0.0767,-1.8093,9.6975,0.0081,0.0001,9.8066,0.0024,0.0535,-0.0014,8.63,-36.31,-1.31,120.8,-84.53,-174.5
52.420864,-1.533795,166.13,10.69,2,307.72,21 / 21,3431029,2019-09-06 19:13:17:711,0.4253,-0.6303,10.428,-0.0173,0.0066,9.8066,-0.0017,0.0454,0.0356,8.69,-36.75,-1.06,122.03,-84.39,-174.05
52.420864,-1.533795,166.13,10.69,2,307.72,21 / 21,3431129,2019-09-06 19:13:17:811,1.7338,-0.7093,10.5199,-0.0405,0.0341,9.8064,-0.0513,0.116,-0.0167,8.44,-36.56,-0.87,125.85,-84.29,-172.93
52.420864,-1.533795,166.13,10.69,2,307.72,21 / 21,3431229,2019-09-06 19:13:17:911,0.2893,-2.4584,9.9013,-0.0003,0.0055,9.8066,0.0632,0.0716,-0.0377,8.56,-36.62,-1.12,121.78,-84.38,-174.42
52.420864,-1.533795,166.13,10.69,2,307.72,21 / 21,3431328,2019-09-06 19:13:18:010,0.7096,-0.331,9.2034,0.0315,-0.0088,9.8066,0.0247,0.0293,0.0536,8.13,-36.56,0.25,120.57,-84.22,-173.03
52.420864,-1.533795,166.13,10.69,2,307.72,21 / 21,3431429,2019-09-06 19:13:18:111,0.0142,0.8285,10.0029,-0.0378,0.0286,9.8065,-0.2064,0.1612,0.0098,7.94,-36.37,-0.62,127.13,-84.14,-171.25
52.420864,-1.533795,166.13,10.69,2,307.72,21 / 21,3431529,2019-09-06 19:13:18:211,1.3327,-1.5317,9.8443,-0.0209,0.0045,9.8066,0.0218,0.1245,-0.0318,8.5,-35.94,0,118.3,-84.53,-171.28
52.420864,-1.533795,166.13,10.69,2,307.72,21 / 21,3431628,2019-09-06 19:13:18:310,1.2612,-1.2233,10.5618,0.0264,-0.0095,9.8066,0.0352,0.1004,-0.0544,7.69,-36.56,-0.56,125.23,-84.94,-171.15
52.420864,-1.533795,166.13,10.69,2,307.72,21 / 21,3431728,2019-09-06 19:13:18:410,-0.2796,-1.4343,10.0188,0.0429,-0.04,9.8064,0.1569,0.1236,-0.0089,8.5,-36.12,-0.12,114.85,-85.1,-173.2
52.420864,-1.533795,166.13,10.69,2,307.72,21 / 21,3431828,2019-09-06 19:13:18:510,-1.3085,0.7813,10.7089,-0.0948,0.0424,9.806,-0.0265,0.1592,-0.0003,8.19,-36.56,0.81,110.5,-85.17,-173.58
52.420864,-1.533795,166.13,10.69,2,307.72,21 / 21,3431928,2019-09-06 19:13:18:610,-0.5087,-0.9236,10.1066,-0.0128,0.0301,9.8065,-0.3081,0.1022,0.0279,8.63,-36.69,-0.25,117.82,-84.97,-170.74
52.420864,-1.533795,166.13,10.69,2,307.72,21 / 21,3432029,2019-09-06 19:13:18:711,0.0864,-1.2891,10.092,-0.0145,0.0056,9.8066,-0.1642,0.2838,-0.0541,8.44,-36.87,0.5,113.38,-85.25,-169.92
52.420864,-1.533795,166.13,10.69,2,307.72,21 / 21,3432129,2019-09-06 19:13:18:811,-1.1413,-1.4083,10.2358,-0.016,0.02,9.8065,-0.0074,0.135,0.0802,9,-37.75,0.5,112.89,-85.36,-168.99
52.420864,-1.533795,166.13,10.69,2,307.72,21 / 21,3432229,2019-09-06 19:13:18:911,-0.3121,-0.9316,10.1424,-0.0081,0.0243,9.8065,0.11,0.1931,-0.0051,8.06,-37.44,1.69,111.7,-85.11,-165.07
52.420864,-1.533795,166.13,10.69,2,307.72,21 / 21,3432330,2019-09-06 19:13:19:012,0.3826,-0.3421,9.4865,0.0121,0.018,9.8065,0.0471,0.2469,0.0251,8.69,-37.5,1.69,112.73,-85.01,-163.51
52.420864,-1.533795,166.13,10.69,2,307.72,21 / 21,3432429,2019-09-06 19:13:19:111,0.5298,-1.5435,9.333,0.0325,0.0338,9.8065,0.1156,0.1349,0.101,8.75,-37,1.94,115.06,-84.87,-161.37
52.420864,-1.533795,166.13,10.69,2,307.72,21 / 21,3432529,2019-09-06 19:13:19:211,-0.663,0.4912,10.3911,0.0212,0.0351,9.8065,-0.1218,0.1931,-0.0487,8.31,-37.12,2.81,116.44,-84.75,-153.78
52.420864,-1.533795,166.13,10.69,2,307.72,21 / 21,3432628,2019-09-06 19:13:19:310,0.3775,-0.9373,9.9322,-0.0231,-0.0022,9.8065,-0.1257,0.1123,0.0239,8.63,-36.81,1.75,121.89,-84.88,-153.24
52.420864,-1.533795,166.13,10.69,2,307.72,21 / 21,3432729,2019-09-06 19:13:19:411,0.7166,-0.9862,9.9189,-0.0363,-0.0077,9.8065,-0.1443,0.1055,-0.0175,8.31,-36.37,1.75,121.42,-84.93,-153.73
52.420864,-1.533795,166.13,10.69,2,307.72,21 / 21,3432828,2019-09-06 19:13:19:510,-0.1582,-0.7786,10.9127,0.0013,-0.0027,9.8066,0.1148,0.154,-0.0719,8.56,-37,2.69,114.94,-85.07,-154.28
52.420864,-1.533795,166.13,10.69,2,307.72,21 / 21,3432929,2019-09-06 19:13:19:611,-0.2108,-0.7614,10.5302,0.0282,-0.0264,9.8065,0.1266,0.1005,-0.0817,8.75,-36.37,3.31,111.72,-85.21,-156.94
52.420864,-1.533795,166.13,10.69,2,307.72,21 / 21,3433028,2019-09-06 19:13:19:710,-0.0493,-0.6738,10.0663,-0.0508,-0.0203,9.8064,0.0273,0.1413,-0.0371,9.44,-37.12,3.25,109.4,-85.22,-160.01
52.420864,-1.533795,166.13,10.69,2,307.72,21 / 21,3433128,2019-09-06 19:13:19:810,0.7668,-0.8847,8.6078,-0.0244,-0.0161,9.8065,-0.033,0.1266,-0.0298,9.44,-36.19,3.63,99.76,-84.98,-164.68
52.420864,-1.533795,166.13,10.69,2,307.72,21 / 21,3433229,2019-09-06 19:13:19:911,1.7695,-0.4673,9.7373,0.0952,-0.012,9.8062,0.0634,-0.018,0.0079,9.38,-36.25,4.25,97.83,-85.41,-165.08
52.420864,-1.533795,166.13,10.69,2,307.72,21 / 21,3433329,2019-09-06 19:13:20:011,0.4858,-0.6152,10.3604,0.0512,-0.0071,9.8065,0.0977,0.028,-0.0185,9.44,-36.56,3.13,102.63,-85.44,-166.55
52.420864,-1.533795,166.13,10.69,2,307.72,21 / 21,3433428,2019-09-06 19:13:20:110,0.9946,-0.7796,9.4194,0.027,-0.0035,9.8065,0.0958,0.0696,-0.0004,10.38,-35.81,3.88,95.66,-85.56,-167.5
52.420864,-1.533795,166.13,10.69,2,307.72,21 / 21,3433529,2019-09-06 19:13:20:211,0.3882,-0.7238,8.8489,-0.0082,0.0045,9.8065,0.0752,0.1175,-0.022,10.06,-36.62,3.31,102.87,-85.32,-166.83
52.420864,-1.533795,166.13,10.69,2,307.72,21 / 21,3433628,2019-09-06 19:13:20:310,1.0382,0.1402,8.7033,0.0182,0.009,9.8065,-0.1234,0.0024,0.0384,10,-36.06,2.88,101.06,-85.31,-168.32
52.420864,-1.533795,166.13,10.69,2,307.72,21 / 21,3433729,2019-09-06 19:13:20:411,2.8188,1.1903,10.4011,0.0467,0.024,9.8065,-0.0551,-0.105,0.1252,9.38,-36.5,2.88,104.39,-85.65,-163.35
52.420864,-1.533795,166.13,10.69,2,307.72,21 / 21,3433829,2019-09-06 19:13:20:511,1.0792,3.5436,12.5244,-0.0585,0.0095,9.8064,0.191,-0.035,-0.0691,9.81,-36.81,2.81,109.79,-85.35,-159.19
52.420864,-1.533795,166.13,10.69,2,307.72,21 / 21,3433928,2019-09-06 19:13:20:610,0.2401,0.3887,10.6857,-0.0636,-0.0279,9.8064,0.2464,-0.0006,-0.1257,9.25,-36.44,4,99.8,-85.07,-164.3
52.420864,-1.533795,166.13,10.69,2,307.72,21 / 21,3434029,2019-09-06 19:13:20:711,-0.6773,1.2591,8.2045,-0.1041,0.0003,9.806,-0.2445,-0.1037,-0.0234,9.25,-37.44,3.19,104.2,-84.26,-169.61
52.420864,-1.533795,166.13,10.69,2,307.72,21 / 21,3434129,2019-09-06 19:13:20:811,1.1701,3.8766,7.7357,-0.1044,0.004,9.8061,-0.3053,-0.2732,0.1339,9,-37.31,3.63,100.13,-83.81,-169.51
52.420864,-1.533795,166.13,10.69,2,307.72,21 / 21,3434229,2019-09-06 19:13:20:911,2.9404,3.7678,9.8781,0.1696,0.0212,9.8051,-0.0737,-0.249,0.0604,9.13,-37.31,2.75,106.95,-84.01,-167.58
52.420864,-1.533795,166.13,10.69,2,307.72,21 / 21,3434328,2019-09-06 19:13:21:010,3.3393,2.5319,11.2306,0.1454,-0.0093,9.8055,-0.1304,-0.34,-0.0362,8.75,-38.12,2,115.19,-85.54,-159.12
52.420864,-1.533795,166.13,10.69,2,307.72,21 / 21,3434429,2019-09-06 19:13:21:111,1.1136,0.2311,10.9577,0.0067,-0.0222,9.8065,0.2504,-0.2179,-0.0202,8.75,-37.12,2.19,110.56,-85.9,-162.47
52.420864,-1.533795,166.13,10.69,2,307.72,21 / 21,3434528,2019-09-06 19:13:21:210,-0.1053,3.2364,10.1834,-0.0027,0.0062,9.8066,0.3538,-0.3418,0.0489,8.06,-37.5,2.19,111.64,-85.55,-163.2
52.420864,-1.533795,166.13,10.69,2,307.72,21 / 21,3434629,2019-09-06 19:13:21:311,-0.9728,1.411,8.9839,-0.0993,0.0301,9.806,-0.0548,-0.4207,0.1111,7.63,-36.94,0.88,118.87,-84.47,-166.78
52.420864,-1.533795,166.13,10.69,2,307.72,21 / 21,3434729,2019-09-06 19:13:21:411,2.6696,3.425,9.3749,-0.0669,0.0238,9.8064,-0.1711,-0.4063,0.0568,6.94,-37,1,123.13,-84.11,-165.41
52.420864,-1.533795,166.13,10.69,2,307.72,21 / 21,3434829,2019-09-06 19:13:21:511,3.0756,1.9414,9.7782,0.0533,-0.0303,9.8064,-0.094,-0.3881,0.0142,6.94,-36.81,0,127.53,-84.43,-166.44
52.420864,-1.533795,166.13,10.69,2,307.72,21 / 21,3434929,2019-09-06 19:13:21:611,6.181,1.7749,11.206,0.0392,-0.0122,9.8065,-0.1176,-0.3858,0.0092,7.19,-35.94,-0.12,126.21,-85,-164.96
52.420864,-1.533795,166.13,10.69,2,307.72,21 / 21,3435029,2019-09-06 19:13:21:711,0.8732,4.0632,10.5703,-0.0515,0.006,9.8065,0.3716,-0.4531,0.0658,6.31,-36.56,-1.12,134.4,-84.6,-169.16
52.420864,-1.533795,166.13,10.69,2,307.72,21 / 21,3435129,2019-09-06 19:13:21:811,1.5164,2.9615,10.1669,0.0246,-0.0023,9.8066,0.336,-0.4066,0.0237,6.75,-37.06,-1.12,131.28,-84.48,-168.99
52.420864,-1.533795,166.13,10.69,2,307.72,21 / 21,3435228,2019-09-06 19:13:21:910,2.4611,2.8754,10.097,-0.0597,0.0579,9.8062,0.0762,-0.4244,0.0355,5.81,-36.62,-2.06,141.22,-83.74,-170.65
52.420864,-1.533795,166.13,10.69,2,307.72,21 / 21,3435329,2019-09-06 19:13:22:011,0.9652,0.5447,10.7757,-0.0145,0.0216,9.8066,0.1778,-0.3885,-0.0199,5.06,-37.31,-2.12,146.1,-83.82,-169.97
52.420864,-1.533795,166.13,10.69,2,307.72,21 / 21,3435429,2019-09-06 19:13:22:111,2.7508,1.0809,10.8527,-0.02,0.0509,9.8065,-0.1887,-0.5208,0.1447,5.25,-37.31,-4.25,154.97,-83.92,-168.59
52.420864,-1.533795,166.13,10.69,2,307.72,21 / 21,3435529,2019-09-06 19:13:22:211,5.3108,2.3849,10.7423,-0.0137,0.0271,9.8066,0.0392,-0.3438,-0.1547,4.56,-37.25,-4.25,156.39,-84.08,-165.99
52.420864,-1.533795,166.13,10.69,2,307.72,21 / 21,3435628,2019-09-06 19:13:22:310,3.0783,0.1805,9.9972,-0.016,-0.011,9.8065,0.0479,-0.3896,0.0237,4.25,-37.12,-4.87,160.27,-84.16,-172.43
52.420864,-1.533795,166.13,10.69,2,307.72,21 / 21,3435728,2019-09-06 19:13:22:410,0.7589,1.4377,8.9223,0.0038,-0.0284,9.8066,-0.0052,-0.3843,0.0313,4.31,-37.37,-5.12,159.35,-84.12,-173.94
52.420864,-1.533795,166.13,10.69,2,307.72,21 / 21,3435829,2019-09-06 19:13:22:511,1.4186,1.1996,9.182,0.0324,0.0327,9.8065,0.0685,-0.4498,0.1442,3.13,-36.94,-5,164.97,-83.92,-174.02
52.420864,-1.533795,166.13,10.69,2,307.72,21 / 21,3435929,2019-09-06 19:13:22:611,2.8925,0.8822,9.9357,0.0024,0.0045,9.8066,0.0691,-0.4428,0.084,1.69,-37.31,-5.44,173.57,-83.75,-169.39
52.420864,-1.533795,166.13,10.69,2,307.72,21 / 21,3436030,2019-09-06 19:13:22:712,1.3348,-0.424,10.0616,-0.0342,-0.0164,9.8066,-0.122,-0.283,-0.0874,2.38,-37.31,-5.19,171.79,-83.76,-172.49
52.420864,-1.533795,166.13,10.69,2,307.72,21 / 21,3436129,2019-09-06 19:13:22:811,0.8002,-0.8102,8.9847,-0.0369,0.0288,9.8065,-0.2529,-0.3309,0.0429,2.38,-37.44,-6.06,171.37,-83.7,-175.67
52.420864,-1.533795,166.13,10.69,2,307.72,21 / 21,3436228,2019-09-06 19:13:22:910,1.5275,0.0301,10.8047,0.0088,-0.0154,9.8066,0.112,-0.2865,-0.0184,1.19,-37.37,-5.69,177.15,-83.82,-175.24
52.420864,-1.533795,166.13,10.69,2,307.72,21 / 21,3436328,2019-09-06 19:13:23:010,0.0401,2.9421,9.4618,-0.0035,-0.0239,9.8066,0.1395,-0.2601,0.0686,1.25,-37.56,-5.69,176.73,-83.71,-176.03
52.420864,-1.533795,166.13,10.69,2,307.72,21 / 21,3436429,2019-09-06 19:13:23:111,0.2576,1.0701,10.0697,-0.0076,0.038,9.8065,0.1614,-0.2138,-0.0291,0.88,-37.25,-5.62,177.55,-83.37,-174.69
52.420864,-1.533795,166.13,10.69,2,307.72,21 / 21,3436528,2019-09-06 19:13:23:210,-0.0188,0.1798,9.7164,-0.0098,0.0087,9.8066,-0.1528,-0.2072,0.0652,0.19,-37.75,-6.19,182.73,-83.36,-175.3
52.420864,-1.533795,166.13,10.69,2,307.72,21 / 21,3436629,2019-09-06 19:13:23:311,-0.5242,-0.2231,9.3442,0.0332,-0.0535,9.8064,-0.256,-0.1161,0.1035,0.56,-37.69,-6.56,179.67,-83.86,-172.39
52.420864,-1.533795,166.13,10.69,2,307.72,21 / 21,3436731,2019-09-06 19:13:23:413,0.332,1.316,9.6191,0.0251,-0.033,9.8065,0.0887,-0.0712,0.0308,-0.12,-37.44,-6.81,186.83,-83.92,-169.39
52.420864,-1.533795,166.13,10.69,2,307.72,21 / 21,3436829,2019-09-06 19:13:23:511,-0.5548,0.6837,10.1218,0.0215,0.0002,9.8066,0.0565,-0.0012,0.0297,-0.56,-37.75,-6.69,193.5,-83.71,-166.81
52.420864,-1.533795,166.13,10.69,2,307.72,21 / 21,3436929,2019-09-06 19:13:23:611,0.1676,1.0699,10.4248,0.0075,-0.0092,9.8066,0.1118,0.0302,-0.0158,-0.75,-37.37,-6.31,194.86,-83.62,-164.71
52.420864,-1.533795,166.13,10.69,2,307.72,21 / 21,3437029,2019-09-06 19:13:23:711,-1.2397,1.8043,9.9607,0.0223,0.0255,9.8065,0.1101,0.041,0.0124,-0.69,-37.81,-6.37,194.18,-83.62,-165.57
52.420864,-1.533795,166.13,10.69,2,307.72,21 / 21,3437128,2019-09-06 19:13:23:810,-1.5506,1.0126,10.3459,0.0059,0.0043,9.8066,-0.0679,0.0746,0,-0.62,-37.37,-6.25,195.34,-83.35,-163.48
52.420864,-1.533795,166.13,10.69,2,307.72,21 / 21,3437228,2019-09-06 19:13:23:910,0.3789,1.1219,9.6039,0.0408,-0.018,9.8065,0.0043,-0.0568,0.1575,-0.75,-37.62,-6.25,197.35,-83.3,-159.67
52.420864,-1.533795,166.13,10.69,2,307.72,21 / 21,3437329,2019-09-06 19:13:24:011,1.3387,2.4637,10.1262,0.023,-0.0239,9.8066,0.2002,0.0306,0.0087,-1,-37.62,-6.37,198.4,-83.13,-157.52
52.420864,-1.533795,166.13,10.69,2,307.72,21 / 21,3437429,2019-09-06 19:13:24:111,1.6178,0.306,8.9529,-0.0031,-0.0638,9.8064,-0.1812,0.0237,-0.0453,-0.75,-37.56,-6.25,199.75,-83.41,-155.8
52.420864,-1.533795,166.13,10.69,2,307.72,21 / 21,3437529,2019-09-06 19:13:24:211,-4.1301,0.6382,10.5238,0.0005,-0.0604,9.8064,0.2157,0.0897,-0.0219,-0.37,-37.75,-6.5,192.77,-83.86,-158.69
52.420864,-1.533795,166.13,10.69,2,307.72,21 / 21,3437629,2019-09-06 19:13:24:311,-0.4732,0.865,10.1311,0.0151,-0.0761,9.8063,0.2204,-0.0585,0.2183,-1,-37.44,-6.31,200.43,-83.9,-156.08
52.420864,-1.533795,166.13,10.69,2,307.72,21 / 21,3437729,2019-09-06 19:13:24:411,0.5892,2.3297,11.4911,-0.0129,0.0583,9.8065,-0.0497,0.0348,-0.0577,-0.37,-37.19,-5.69,195.58,-83.32,-153.41
52.420864,-1.533795,166.13,10.69,2,307.72,21 / 21,3437829,2019-09-06 19:13:24:511,-1.0847,2.0738,9.8875,-0.0405,0.0383,9.8064,0.2104,0.1923,-0.1215,-1.06,-37.31,-6.31,200.13,-83.51,-155.74
52.420864,-1.533795,166.13,10.69,2,307.72,21 / 21,3437928,2019-09-06 19:13:24:610,-1.8726,0.5794,8.8705,0.0038,0.036,9.8065,-0.1762,0.0511,-0.0379,0.19,-37.37,-6,193.05,-83.67,-158.18
52.420864,-1.533795,166.13,10.69,2,307.72,21 / 21,3438028,2019-09-06 19:13:24:710,1.3717,0.9223,9.5171,-0.0177,0.0169,9.8065,-0.1507,-0.0013,0.002,0.38,-37.19,-6,192.85,-83.58,-158.41
52.420864,-1.533795,166.13,10.69,2,307.72,21 / 21,3438128,2019-09-06 19:13:24:810,-0.3505,-0.182,10.8841,0.0079,-0.0388,9.8065,-0.1176,0.1848,-0.0256,0.25,-37.12,-7.25,193.96,-84.08,-158.55
52.420864,-1.533795,166.13,10.69,2,307.72,21 / 21,3438229,2019-09-06 19:13:24:911,-0.3529,0.0621,9.9844,0.0243,-0.0535,9.8064,0.0079,0.1126,-0.0494,0.38,-37.56,-6.31,193.58,-84.3,-157.98
52.420864,-1.533795,166.13,10.69,2,307.72,21 / 21,3438329,2019-09-06 19:13:25:011,-1.155,0.4822,9.8234,-0.0228,0.0312,9.8065,0.1493,-0.0138,0.0128,0,-37.62,-6.12,191.39,-83.97,-161.11
52.42125,-1.534545,166.44,7.6,2,334.97,21 / 21,3438428,2019-09-06 19:13:25:110,-2.6329,0.8003,9.5145,-0.0046,0.0134,9.8066,0.0892,0.0654,-0.0482,0,-36.75,-5.5,189.78,-83.77,-162.44
52.42125,-1.534545,166.44,7.6,2,334.97,21 / 21,3438529,2019-09-06 19:13:25:211,-1.2576,0.9658,9.9816,0.0265,0.0006,9.8065,-0.1159,0.0364,0.0459,-0.25,-37.25,-5.87,191.77,-83.65,-160.29
52.42125,-1.534545,166.44,7.6,2,334.97,21 / 21,3438628,2019-09-06 19:13:25:310,-1.0162,0.9181,9.2415,0.0184,-0.0127,9.8066,-0.181,0.0387,0.0413,-0.06,-36.31,-5.81,192.91,-83.86,-158.92
52.42125,-1.534545,166.44,7.6,2,334.97,21 / 21,3438728,2019-09-06 19:13:25:410,-0.7279,-0.4209,9.518,0.016,-0.0118,9.8065,-0.1346,0.0655,0.0509,-0.31,-36.87,-6.19,195.68,-84.12,-154.56
52.42125,-1.534545,166.44,7.6,2,334.97,21 / 21,3438829,2019-09-06 19:13:25:511,-0.0501,-0.5568,9.9612,0.0144,-0.0317,9.8065,0.1115,-0.0196,0.0333,-0.62,-36.31,-6,204.44,-84.28,-150.98
52.42125,-1.534545,166.44,7.6,2,334.97,21 / 21,3438929,2019-09-06 19:13:25:611,-0.8954,1.128,9.8213,0.0122,-0.0319,9.8066,-0.0199,0.0129,0.017,-0.37,-36.44,-5.56,198.9,-84.23,-149.91
52.42125,-1.534545,166.44,7.6,2,334.97,21 / 21,3439028,2019-09-06 19:13:25:710,-0.051,0.7919,9.6739,-0.0051,0.0144,9.8066,0.0529,0.0398,0.0013,0,-35.94,-6.06,198.23,-84.1,-150.74
52.42125,-1.534545,166.44,7.6,2,334.97,21 / 21,3439129,2019-09-06 19:13:25:811,-0.8864,2.2805,9.8489,0.003,0.0017,9.8066,0.0837,0.0703,-0.0298,0.38,-36.25,-6.12,198.26,-84.11,-150.7
52.42125,-1.534545,166.44,7.6,2,334.97,21 / 21,3439229,2019-09-06 19:13:25:911,0.5763,-0.8671,10.2373,0.0002,0.0046,9.8066,-0.1444,-0.0087,-0.0119,-0.25,-36.44,-6.56,199.11,-84.2,-151.19
52.42125,-1.534545,166.44,7.6,2,334.97,21 / 21,3439328,2019-09-06 19:13:26:010,0.1731,0.6825,9.7632,-0.0009,-0.002,9.8066,0.1842,0.0335,-0.0272,0.63,-35.94,-5.81,191.91,-84.21,-151.61
52.42125,-1.534545,166.44,7.6,2,334.97,21 / 21,3439429,2019-09-06 19:13:26:111,-1.0239,1.2112,10.0916,-0.001,0.008,9.8066,0.1657,0.0119,-0.0304,0.06,-36.12,-6,196.89,-84.1,-152.87
52.42125,-1.534545,166.44,7.6,2,334.97,21 / 21,3439528,2019-09-06 19:13:26:210,0.2992,1.4018,10.235,-0.0126,-0.0075,9.8066,0.0262,-0.0475,0.0351,0.69,-35.94,-5.75,189.71,-84.09,-154.97
52.42125,-1.534545,166.44,7.6,2,334.97,21 / 21,3439629,2019-09-06 19:13:26:311,-0.0083,1.6999,10.3764,-0.0169,0.0511,9.8064,0.0448,-0.0136,-0.0273,0.81,-36.5,-5.69,188.58,-83.69,-156.44
52.42125,-1.534545,166.44,7.6,2,334.97,21 / 21,3439728,2019-09-06 19:13:26:410,-0.0431,0.729,10.2172,-0.0024,0.0306,9.8065,0.0671,-0.0592,0.0434,0.75,-36.12,-5.94,188.55,-83.75,-156.54
52.42125,-1.534545,166.44,7.6,2,334.97,21 / 21,3439829,2019-09-06 19:13:26:511,-0.3767,0.0966,9.849,-0.0007,0.0265,9.8066,0.0512,0.0008,-0.0317,1.25,-36.37,-5.81,188.14,-83.9,-157.33
52.42125,-1.534545,166.44,7.6,2,334.97,21 / 21,3439929,2019-09-06 19:13:26:611,-0.622,1.4005,9.3994,-0.01,0.016,9.8066,-0.0951,0.1195,-0.021,0.56,-36.19,-6.5,187.78,-83.7,-157.75
52.42125,-1.534545,166.44,7.6,2,334.97,21 / 21,3440028,2019-09-06 19:13:26:710,-0.3609,0.5656,10.1862,0.0016,-0.0065,9.8066,-0.0115,-0.0179,0.0094,1.13,-35.62,-6,187.71,-83.73,-157.9
52.42125,-1.534545,166.44,7.6,2,334.97,21 / 21,3440129,2019-09-06 19:13:26:811,0.0968,-0.3643,9.749,-0.0003,-0.0062,9.8066,-0.0223,-0.042,-0.008,0.88,-34.81,-6.75,189.07,-83.79,-158.01
52.42125,-1.534545,166.44,7.6,2,334.97,21 / 21,3440228,2019-09-06 19:13:26:910,0.3945,-0.3407,9.8912,-0.0003,0.0103,9.8066,0.0417,-0.0311,0.0315,0.63,-35.69,-6.75,189.03,-83.83,-157.97
52.42125,-1.534545,166.44,7.6,2,334.97,21 / 21,3440328,2019-09-06 19:13:27:010,0.1289,0.023,9.9852,-0.0144,0.0169,9.8066,-0.0709,-0.0246,-0.0451,-0.25,-35.37,-6.94,193.6,-83.76,-159.14
52.42125,-1.534545,166.44,7.6,2,334.97,21 / 21,3440428,2019-09-06 19:13:27:110,0.5444,-0.1945,9.5898,0.0012,-0.0263,9.8065,-0.0781,-0.0108,-0.0197,-0.62,-34.69,-7.19,198.8,-83.94,-159.73
52.42125,-1.534545,166.44,7.6,2,334.97,21 / 21,3440529,2019-09-06 19:13:27:211,-0.3696,-0.3013,9.6062,-0.0051,-0.0071,9.8066,0.037,-0.0509,0.0098,-1.31,-35.25,-6.31,198.09,-83.86,-160.44
52.42125,-1.534545,166.44,7.6,2,334.97,21 / 21,3440628,2019-09-06 19:13:27:310,0.3782,-0.7049,9.7646,-0.007,-0.0104,9.8066,0.0053,-0.0327,-0.0278,-0.19,-34.06,-5.69,191.41,-83.89,-161.8
52.42125,-1.534545,166.44,7.6,2,334.97,21 / 21,3440728,2019-09-06 19:13:27:410,0.2492,-0.123,9.8652,-0.0089,-0.0105,9.8066,-0.0108,-0.0251,-0.0123,-0.69,-35.06,-5.25,196.59,-84.03,-163.03
52.42125,-1.534545,166.44,7.6,2,334.97,21 / 21,3440829,2019-09-06 19:13:27:511,-0.6284,0.0664,9.5503,-0.0072,-0.0058,9.8065,0.0016,-0.0435,-0.0171,0.13,-34.75,-4.69,188.94,-84.06,-164.64
52.42125,-1.534545,166.44,7.6,2,334.97,21 / 21,3440929,2019-09-06 19:13:27:611,0.0108,-0.1083,10.1504,-0.0005,0.0018,9.8066,0.0485,-0.0269,-0.0118,0.88,-35.56,-4.44,180.77,-84.03,-164.5
52.42125,-1.534545,166.44,7.6,2,334.97,21 / 21,3441029,2019-09-06 19:13:27:711,-0.4382,0.2227,9.6246,-0.0064,0.0142,9.8066,0.0606,-0.0161,0.0127,1.75,-34.81,-5.06,175.29,-83.92,-166.13
52.42125,-1.534545,166.44,7.6,2,334.97,21 / 21,3441128,2019-09-06 19:13:27:810,0.1864,-0.4156,10.1628,-0.0007,0.0176,9.8066,-0.0326,0.0088,-0.0271,1.5,-35.44,-5.37,175.57,-83.87,-165.68
52.42125,-1.534545,166.44,7.6,2,334.97,21 / 21,3441228,2019-09-06 19:13:27:910,0.494,-0.5373,10.1297,-0.0101,0.0169,9.8066,-0.0882,-0.0154,-0.0058,2.13,-35.87,-5.19,175.88,-83.93,-165.21
52.42125,-1.534545,166.44,7.6,2,334.97,21 / 21,3441328,2019-09-06 19:13:28:010,0.2235,-0.4812,9.4298,-0.0064,-0.0031,9.8066,-0.0357,-0.0042,0.0099,2.5,-35.69,-5.62,172.13,-83.86,-165.78
52.42125,-1.534545,166.44,7.6,2,334.97,21 / 21,3441429,2019-09-06 19:13:28:111,-0.0474,0.2097,9.77,-0.0049,0.0106,9.8066,-0.0242,0.0175,-0.0093,1.44,-35.25,-5.25,181.31,-83.88,-166.43
52.42125,-1.534545,166.44,7.6,2,334.97,21 / 21,3441528,2019-09-06 19:13:28:210,0.377,-0.8057,10.2345,0.0033,0.0038,9.8066,0.0194,0.0025,0.0294,1.88,-35.37,-5.19,175.56,-83.91,-165.67
52.42125,-1.534545,166.44,7.6,2,334.97,21 / 21,3441629,2019-09-06 19:13:28:311,-0.0213,-1.1095,10.1974,-0.0143,-0.0122,9.8066,-0.031,0.0006,-0.0529,1.19,-34.44,-5.62,182.51,-84,-166.57
52.42125,-1.534545,166.44,7.6,2,334.97,21 / 21,3441730,2019-09-06 19:13:28:412,-0.3348,-0.8243,9.645,-0.0069,0.0007,9.8066,0.0326,0.0077,-0.0378,2.19,-35.37,-5.56,176.06,-83.98,-167.76
52.42125,-1.534545,166.44,7.6,2,334.97,21 / 21,3441829,2019-09-06 19:13:28:511,-0.136,-0.7267,9.8775,0.0012,0.0014,9.8066,0.0393,0.0179,-0.0049,2.25,-36.12,-6.31,175.79,-83.89,-168.31
52.42125,-1.534545,166.44,7.6,2,334.97,21 / 21,3441929,2019-09-06 19:13:28:611,-0.1397,-1.1651,9.8019,-0.0105,0.0235,9.8065,0.0822,-0.0005,0.0278,3.19,-35.62,-5.87,170.12,-83.68,-169.07
52.42125,-1.534545,166.44,7.6,2,334.97,21 / 21,3442029,2019-09-06 19:13:28:711,0.5762,-0.7629,9.7972,-0.0059,0.0245,9.8066,-0.1058,-0.0027,-0.0263,3,-35.94,-6.06,170.13,-83.66,-169.08
52.42125,-1.534545,166.44,7.6,2,334.97,21 / 21,3442129,2019-09-06 19:13:28:811,-0.0494,-0.7482,9.6906,0.0063,-0.0209,9.8066,-0.0797,0.0481,0.0067,2.94,-36.25,-5.69,170.07,-83.76,-169.08
52.42125,-1.534545,166.44,7.6,2,334.97,21 / 21,3442228,2019-09-06 19:13:28:910,0.0379,-0.9446,10.1242,0.0146,-0.0349,9.8065,0.0912,0.0179,-0.0158,3.5,-36.06,-5.81,165.05,-83.81,-169.16
52.42125,-1.534545,166.44,7.6,2,334.97,21 / 21,3442329,2019-09-06 19:13:29:011,-0.907,-0.6982,9.8532,-0.0131,0.0189,9.8066,0.1193,0.048,-0.0286,2.88,-36.81,-6.37,170.27,-83.78,-168.91
52.42125,-1.534545,166.44,7.6,2,334.97,21 / 21,3442429,2019-09-06 19:13:29:111,-0.0449,-1.0191,9.6056,-0.0101,0.0149,9.8066,-0.1207,0.0936,-0.0298,3.44,-36.06,-6.06,169.9,-83.63,-169.47
52.42125,-1.534545,166.44,7.6,2,334.97,21 / 21,3442528,2019-09-06 19:13:29:210,0.5773,-1.851,9.6917,0.01,-0.0092,9.8066,-0.052,-0.0049,0.0539,3.19,-37,-6.06,170.99,-83.72,-167.81
52.42125,-1.534545,166.44,7.6,2,334.97,21 / 21,3442629,2019-09-06 19:13:29:311,-0.3917,-2.4407,9.6586,0.0062,-0.011,9.8066,0.1089,0.0847,-0.024,3.25,-35.94,-5.87,170.85,-83.77,-167.85
52.42125,-1.534545,166.44,7.6,2,334.97,21 / 21,3442729,2019-09-06 19:13:29:411,0.1448,-1.8961,9.7907,0.0167,-0.0162,9.8066,0.0163,0.0435,0.0293,3.63,-35.75,-5.44,163.21,-83.77,-168.19
52.42125,-1.534545,166.44,7.6,2,334.97,21 / 21,3442828,2019-09-06 19:13:29:510,-0.8427,-1.8144,10.017,0.0243,-0.0336,9.8065,0.0781,0.0624,-0.011,3.5,-36.69,-5.06,163.96,-83.96,-166.97
52.42125,-1.534545,166.44,7.6,2,334.97,21 / 21,3442928,2019-09-06 19:13:29:610,-0.1693,-1.5639,9.6166,-0.0259,0.0392,9.8065,0.1538,0.1312,-0.0238,3.63,-36.56,-5.94,166.11,-83.82,-167.75
52.42125,-1.534545,166.44,7.6,2,334.97,21 / 21,3443028,2019-09-06 19:13:29:710,-0.9275,-2.5902,9.922,-0.008,0.0284,9.8065,-0.0887,0.1799,-0.0001,4.19,-36.12,-5.56,166.49,-83.95,-166.82
52.42125,-1.534545,166.44,7.6,2,334.97,21 / 21,3443129,2019-09-06 19:13:29:811,-0.9389,-2.1289,9.3681,0.0144,-0.01,9.8066,-0.0634,0.1314,0.0024,3.56,-36,-5.44,163.84,-84.18,-166.57
52.42125,-1.534545,166.44,7.6,2,334.97,21 / 21,3443229,2019-09-06 19:13:29:911,-0.2373,-1.5473,9.8243,-0.0029,0.0079,9.8066,0.0124,0.1629,0.0019,3.63,-36.44,-5.37,164.22,-84.2,-165.95
52.42125,-1.534545,166.44,7.6,2,334.97,21 / 21,3443329,2019-09-06 19:13:30:011,-0.624,-2.1369,10.1983,0.0111,-0.0157,9.8065,0.0267,0.2445,-0.0329,4.63,-35.87,-5.44,159.39,-84.28,-165.83
52.42125,-1.534545,166.44,7.6,2,334.97,21 / 21,3443429,2019-09-06 19:13:30:111,-0.3674,-2.3121,10.2495,-0.0181,-0.0205,9.8066,0.0256,0.2619,-0.1254,4.75,-36.5,-4.87,157.99,-84.29,-167.86
52.42125,-1.534545,166.44,7.6,2,334.97,21 / 21,3443529,2019-09-06 19:13:30:211,-0.9269,-3.0068,9.3265,-0.0238,0.018,9.8065,-0.0246,0.3609,-0.041,5.19,-35.87,-4.75,155.18,-84.22,-172.14
52.42125,-1.534545,166.44,7.6,2,334.97,21 / 21,3443628,2019-09-06 19:13:30:310,-0.9722,-2.8955,9.1752,-0.0108,0.0175,9.8066,-0.0137,0.2902,0.0018,5.88,-35.94,-3.62,147.23,-84.2,-172.21
52.42125,-1.534545,166.44,7.6,2,334.97,21 / 21,3443729,2019-09-06 19:13:30:411,-1.6902,-3.0047,9.8458,0.012,0.0005,9.8065,-0.0264,0.3913,-0.0375,5.63,-36,-3.37,143.21,-84.31,-171.83
52.42125,-1.534545,166.44,7.6,2,334.97,21 / 21,3443829,2019-09-06 19:13:30:511,-0.7945,-3.0449,10.1477,0.015,0.0028,9.8066,0.0144,0.3183,0.0148,5.13,-36.56,-3.62,153.43,-84.33,-169.92
52.42125,-1.534545,166.44,7.6,2,334.97,21 / 21,3443929,2019-09-06 19:13:30:611,0.0703,-1.959,9.8504,0.0036,-0.0087,9.8066,-0.0656,0.3367,-0.0646,6.38,-35.5,-3.12,144.09,-84.46,-169.55
52.42125,-1.534545,166.44,7.6,2,334.97,21 / 21,3444028,2019-09-06 19:13:30:710,0.177,-2.7779,10.2504,-0.005,-0.012,9.8066,0.0707,0.4072,-0.0208,7.25,-35.94,-2.31,134.3,-84.59,-171.07
52.42125,-1.534545,166.44,7.6,2,334.97,21 / 21,3444130,2019-09-06 19:13:30:812,-0.3883,-2.2722,9.4406,-0.0005,-0.0146,9.8066,-0.0022,0.4177,-0.0743,7.13,-35,-1.94,132.19,-84.72,-172.84
52.42125,-1.534545,166.44,7.6,2,334.97,21 / 21,3444229,2019-09-06 19:13:30:911,-0.5267,-2.6871,9.8549,0.0096,0.004,9.8066,0.0719,0.419,0.0056,7.25,-36.19,-1.31,127.45,-84.66,-172.71
52.42125,-1.534545,166.44,7.6,2,334.97,21 / 21,3444328,2019-09-06 19:13:31:010,0.3541,-2.2482,9.6394,-0.0073,0.0086,9.8066,0.02,0.4045,-0.0172,8.63,-36.31,-1.06,123.21,-84.61,-171.28
52.42125,-1.534545,166.44,7.6,2,334.97,21 / 21,3444429,2019-09-06 19:13:31:111,-0.5721,-1.8596,9.7235,0.0053,0.0077,9.8066,-0.0203,0.3979,0.029,8.88,-35.75,-0.44,119.55,-84.7,-169.16
52.42125,-1.534545,166.44,7.6,2,334.97,21 / 21,3444528,2019-09-06 19:13:31:210,0.6708,-0.9786,9.6234,-0.0046,0.012,9.8066,-0.0798,0.3667,-0.0185,8.75,-36,0.94,115.32,-84.71,-167.67
52.42125,-1.534545,166.44,7.6,2,334.97,21 / 21,3444629,2019-09-06 19:13:31:311,0.7685,-2.1542,9.7804,0.0484,-0.009,9.8065,0.0888,0.3965,0.0063,8.38,-35.94,1,117.46,-85.04,-165.41
52.42125,-1.534545,166.44,7.6,2,334.97,21 / 21,3444729,2019-09-06 19:13:31:411,0.8292,-1.6653,9.8308,0.0396,-0.013,9.8065,0.0719,0.3713,-0.0276,9.19,-35.94,1.13,115.8,-85.21,-165.22
52.42125,-1.534545,166.44,7.6,2,334.97,21 / 21,3444829,2019-09-06 19:13:31:511,0.5471,-1.3842,9.8319,-0.0176,-0.0137,9.8065,-0.0712,0.3649,-0.0596,9.75,-36.31,1.25,114.44,-85.3,-165.33
52.42125,-1.534545,166.44,7.6,2,334.97,21 / 21,3444929,2019-09-06 19:13:31:611,1.0499,-1.6307,9.8635,-0.0069,-0.0079,9.8066,-0.0103,0.381,-0.0278,10.19,-35.25,2.69,100.53,-85.4,-168.11
52.42125,-1.534545,166.44,7.6,2,334.97,21 / 21,3445029,2019-09-06 19:13:31:711,1.4199,-1.2215,9.9908,0.0041,0.0038,9.8066,0.026,0.3769,-0.0267,9.69,-36.25,3.75,95.26,-85.37,-168.55
52.42125,-1.534545,166.44,7.6,2,334.97,21 / 21,3445129,2019-09-06 19:13:31:811,1.3018,-0.3701,9.6284,0.0024,-0.0007,9.8066,0.077,0.3647,-0.0322,9.19,-36.56,4.88,89.24,-85.34,-168.74
52.42125,-1.534545,166.44,7.6,2,334.97,21 / 21,3445229,2019-09-06 19:13:31:911,1.2341,-1.3127,9.3515,-0.0034,-0.0175,9.8066,-0.0405,0.4111,-0.0458,9.38,-35.37,5.25,85.92,-85.23,-171.48
52.42125,-1.534545,166.44,7.6,2,334.97,21 / 21,3445329,2019-09-06 19:13:32:011,2.0341,-1.5996,9.4645,0.0073,-0.0178,9.8066,-0.0284,0.4246,-0.091,9.75,-35.94,6.25,79.51,-85.26,-174.13
52.42125,-1.534545,166.44,7.6,2,334.97,21 / 21,3445429,2019-09-06 19:13:32:111,2.5658,-1.3814,9.7718,0.012,-0.0111,9.8065,-0.0094,0.4112,-0.0233,10.38,-35.5,7.19,70.42,-85.33,-177.39
52.42125,-1.534545,166.44,7.6,2,334.97,21 / 21,3445529,2019-09-06 19:13:32:211,1.8973,-1.0498,9.9873,0.0063,0.0093,9.8066,-0.0375,0.4182,0.0037,9.81,-35.75,8.56,60.84,-85.48,-177.89
52.42125,-1.534545,166.44,7.6,2,334.97,21 / 21,3445628,2019-09-06 19:13:32:310,2.0055,-0.3953,9.9138,0.0082,0.0095,9.8066,-0.0625,0.4714,-0.0244,9.63,-36.06,8.94,61.67,-85.68,-176.65
52.42125,-1.534545,166.44,7.6,2,334.97,21 / 21,3445728,2019-09-06 19:13:32:410,2.317,0.1183,10.1069,0.0109,0.0028,9.8066,0.0119,0.476,-0.0617,9.69,-35.44,9.56,56.97,-85.81,-176.84
52.42125,-1.534545,166.44,7.6,2,334.97,21 / 21,3445829,2019-09-06 19:13:32:511,3.1251,0.5207,9.6939,0.0154,0.0003,9.8065,-0.0134,0.4951,-0.0611,9.63,-35.19,10.38,54.63,-85.96,-178.62
52.42125,-1.534545,166.44,7.6,2,334.97,21 / 21,3445929,2019-09-06 19:13:32:611,2.9548,1.0661,9.9018,0.0098,0.0022,9.8066,0.0141,0.4619,0.0006,10.25,-35.19,11.5,46.57,-86.02,-179.81
52.42125,-1.534545,166.44,7.6,2,334.97,21 / 21,3446029,2019-09-06 19:13:32:711,2.6908,1.7676,9.7952,0.0083,0.0125,9.8066,-0.0102,0.4518,-0.0113,9.81,-35.5,12.25,47.09,-86.07,-179.25
52.42125,-1.534545,166.44,7.6,2,334.97,21 / 21,3446129,2019-09-06 19:13:32:811,1.8553,1.5514,9.8049,0.0064,0.0138,9.8065,0.0315,0.4398,0.021,10.38,-35.69,13.06,45.17,-86.22,-178.36
52.42125,-1.534545,166.44,7.6,2,334.97,21 / 21,3446228,2019-09-06 19:13:32:910,1.2009,2.1552,9.9676,-0.0096,0.0011,9.8066,-0.0085,0.4094,-0.042,10.19,-35.56,13.88,45.19,-86.23,-176.01
52.42125,-1.534545,166.44,7.6,2,334.97,21 / 21,3446329,2019-09-06 19:13:33:011,1.5921,2.1969,9.7285,0.0059,-0.0012,9.8066,-0.0062,0.3319,0.0294,9.75,-35.5,13.88,44.44,-86.27,-176.49
52.42125,-1.534545,166.44,7.6,2,334.97,21 / 21,3446429,2019-09-06 19:13:33:111,0.8908,1.9905,9.8444,0.002,0.004,9.8066,0.048,0.3314,-0.0151,9.13,-35.44,13.94,42.11,-86.28,-175.93
52.42125,-1.534545,166.44,7.6,2,334.97,21 / 21,3446528,2019-09-06 19:13:33:210,0.8007,1.9802,9.8363,0.0014,-0.0037,9.8066,0.0474,0.2782,-0.0308,9.19,-35.56,14,41.74,-86.26,-176.45
52.42125,-1.534545,166.44,7.6,2,334.97,21 / 21,3446629,2019-09-06 19:13:33:311,0.644,1.7949,9.7446,-0.0096,-0.013,9.8066,-0.0379,0.2159,0.0494,9.19,-35.5,14.81,38.74,-86.2,-177.04
52.42125,-1.534545,166.44,7.6,2,334.97,21 / 21,3446729,2019-09-06 19:13:33:411,0.446,2.0006,9.8469,-0.018,-0.0097,9.8065,0.0592,0.1741,-0.0103,9.63,-35.69,14.81,43.44,-86.06,-175.73
52.42125,-1.534545,166.44,7.6,2,334.97,21 / 21,3446828,2019-09-06 19:13:33:510,0.2486,1.6354,9.6921,0.0076,0.0019,9.8066,0.0228,0.1483,-0.0153,9.44,-35.31,16.06,37.2,-85.98,-176.86
52.42125,-1.534545,166.44,7.6,2,334.97,21 / 21,3446929,2019-09-06 19:13:33:611,-0.154,1.7436,9.7842,0.0035,0.0003,9.8066,0.022,0.1029,0.0001,9.38,-35,16.13,36.53,-85.96,-177.48
52.42125,-1.534545,166.44,7.6,2,334.97,21 / 21,3447028,2019-09-06 19:13:33:710,0.2578,1.3795,9.9612,0.0011,-0.01,9.8066,-0.007,0.0882,-0.0308,8.94,-35.25,16.63,33.18,-85.91,-178.86
52.42125,-1.534545,166.44,7.6,2,334.97,21 / 21,3447131,2019-09-06 19:13:33:813,0.057,0.9567,9.8357,0.0051,-0.0081,9.8066,0.0116,0.0942,-0.0025,9.06,-35.12,16.19,33.54,-85.9,179.8
52.42125,-1.534545,166.44,7.6,2,334.97,21 / 21,3447229,2019-09-06 19:13:33:911,-0.1873,0.7253,9.8448,0.0035,-0.0045,9.8066,0.0038,0.0616,-0.0094,9.06,-35.06,15.88,32.28,-85.88,178.65
52.42125,-1.534545,166.44,7.6,2,334.97,21 / 21,3447329,2019-09-06 19:13:34:011,-0.3003,0.5719,9.802,0.0025,-0.0036,9.8066,0.0099,0.035,0.0013,8.69,-34.87,16.5,29.08,-85.84,177.43
52.4216,-1.534987,166.66,0.07,3,246.24,20 / 20,3447429,2019-09-06 19:13:34:111,-0.197,0.7222,9.8486,0.0034,-0.002,9.8066,0.0175,0.0496,-0.0065,9.13,-34.69,16.44,30.35,-85.8,176.88
52.4216,-1.534987,166.66,0.07,3,246.24,20 / 20,3447528,2019-09-06 19:13:34:210,-0.5245,0.309,9.7147,0.0096,-0.0023,9.8066,0.0211,0.0402,0.009,9.06,-34.56,16.75,27.13,-85.78,175.67
52.4216,-1.534987,166.66,0.07,3,246.24,20 / 20,3447628,2019-09-06 19:13:34:310,-0.191,0.278,9.9416,0.0011,-0.0049,9.8066,-0.0024,0.0231,-0.0248,8.69,-34.62,17.13,25.67,-85.74,174.36
52.4216,-1.534987,166.66,0.07,3,246.24,20 / 20,3447729,2019-09-06 19:13:34:411,-0.213,0.4992,9.8618,0.0072,-0.0006,9.8066,-0.0102,0.009,0.0081,9.44,-34.62,17.38,24.57,-85.75,173.4
52.4216,-1.534987,166.66,0.07,3,246.24,20 / 20,3447828,2019-09-06 19:13:34:510,-0.2748,0.6072,9.8371,0.0057,-0.0016,9.8066,0.0013,0.0328,0.0084,8.75,-34.06,17.19,23.27,-85.74,172.34
52.4216,-1.534987,166.66,0.07,3,246.24,20 / 20,3447928,2019-09-06 19:13:34:610,-0.3985,0.5936,9.8605,0.0052,-0.0026,9.8066,-0.0073,0.0208,0.0032,8.38,-34.44,17.31,18.65,-85.75,170.94
52.4216,-1.534987,166.66,0.07,3,246.24,20 / 20,3448029,2019-09-06 19:13:34:711,-0.3191,0.8415,9.9126,0.006,-0.001,9.8066,0.0132,-0.0005,0.0039,8.56,-34.44,17.06,19.97,-85.76,169.46
52.4216,-1.534987,166.66,0.07,3,246.24,20 / 20,3448128,2019-09-06 19:13:34:810,-0.2931,1.0915,9.8373,0.0064,-0.0019,9.8066,-0.0065,-0.0172,0.0006,8.44,-34.69,17.25,15.92,-85.76,168.51
52.4216,-1.534987,166.66,0.07,3,246.24,20 / 20,3448229,2019-09-06 19:13:34:911,-0.4335,0.0205,9.9198,0.0094,-0.0072,9.8066,0.0174,0.0031,-0.0094,8.63,-34.25,17.13,16.48,-85.73,166.4
52.4216,-1.534987,166.66,0.07,3,246.24,20 / 20,3448328,2019-09-06 19:13:35:010,-0.5485,-0.0259,9.8077,0.0088,-0.006,9.8066,0.0245,-0.009,-0.0034,8.69,-34.5,17.63,12.95,-85.69,164.71
52.4216,-1.534987,166.66,0.07,3,246.24,21 / 21,3448429,2019-09-06 19:13:35:111,-0.498,0.3588,9.6675,0.0031,-0.0034,9.8066,0.0111,-0.0066,0.0155,8.5,-34.5,17.25,13.36,-85.64,163.65
52.4216,-1.534987,166.66,0.07,3,246.24,21 / 21,3448529,2019-09-06 19:13:35:211,-0.5024,0.3101,9.8031,0.0022,-0.0026,9.8066,-0.0064,-0.0154,-0.0042,8.94,-34.44,17.69,10.82,-85.63,162.84
52.4216,-1.534987,166.66,0.07,3,246.24,21 / 21,3448629,2019-09-06 19:13:35:311,-0.5753,0.2522,9.8803,0.0057,-0.0004,9.8066,0.0121,-0.0081,0.0075,8.19,-34.62,16.88,8.15,-85.63,161.77
52.4216,-1.534987,166.66,0.07,3,246.24,21 / 21,3448729,2019-09-06 19:13:35:411,-0.6093,0.2211,9.7874,0.0075,0.0021,9.8066,0.0188,-0.0094,0.0148,8.25,-34.25,17.44,7.24,-85.62,161.02
52.4216,-1.534987,166.66,0.07,3,246.24,21 / 21,3448829,2019-09-06 19:13:35:511,-0.5204,0.2036,9.7612,0.0028,-0.0037,9.8066,-0.0032,-0.0073,-0.0004,8.25,-34.37,16.88,6.24,-85.59,160.15
52.4216,-1.534987,166.66,0.07,3,246.24,21 / 21,3448928,2019-09-06 19:13:35:610,-0.5631,0.1458,9.8089,0.0026,-0.0071,9.8065,-0.0063,-0.0058,-0.0001,8.5,-34.06,16.63,8.6,-85.57,159.51
52.4216,-1.534987,166.66,0.07,3,246.24,21 / 21,3449029,2019-09-06 19:13:35:711,-0.5183,0.1956,9.7442,0.0052,0.0004,9.8066,-0.0032,-0.0167,-0.0007,8.44,-34.56,16.94,4.77,-85.56,158.87
52.4216,-1.534987,166.66,0.07,3,246.24,21 / 21,3449129,2019-09-06 19:13:35:811,-0.469,0.4625,9.8827,0.0014,0.0017,9.8066,-0.0107,-0.0049,0.0081,8.19,-34.81,17.31,3.89,-85.56,158.11
52.4216,-1.534987,166.66,0.07,3,246.24,21 / 21,3449229,2019-09-06 19:13:35:911,-0.6406,0.0784,9.8899,0.0032,-0.0038,9.8066,0.0057,-0.0021,-0.0024,8.13,-34.44,16.81,2.91,-85.54,157.29
52.4216,-1.534987,166.66,0.07,3,246.24,21 / 21,3449329,2019-09-06 19:13:36:011,-0.6579,0.1694,9.8305,0.0047,0.0004,9.8066,0.0262,-0.0088,0.0043,8.06,-34,16.88,2.05,-85.54,156.56
52.4216,-1.534987,166.66,0.07,3,246.24,21 / 21,3449429,2019-09-06 19:13:36:111,-0.6067,0.1848,9.8084,0.0028,-0.0065,9.8066,-0.0141,-0.0121,-0.0055,8.44,-33.94,16.69,1.92,-85.52,156.44
52.4216,-1.534987,166.66,0.07,3,246.24,21 / 21,3449528,2019-09-06 19:13:36:210,-0.5317,-0.0437,9.8757,0.0034,-0.0086,9.8066,-0.0091,0.0165,-0.0003,8,-34.62,17.31,0.83,-85.45,155.5
52.4216,-1.534987,166.66,0.07,3,246.24,21 / 21,3449628,2019-09-06 19:13:36:310,-0.4906,0.2075,9.9051,0.0039,0.0012,9.8066,0.0171,0.0124,0.0041,7.25,-33.94,18.19,355.03,-85.43,154.49
52.4216,-1.534987,166.66,0.07,3,246.24,21 / 21,3449729,2019-09-06 19:13:36:411,-0.6474,-0.1635,9.8551,0.0028,-0.0046,9.8066,-0.0081,0.0145,-0.01,7.56,-33.69,18.06,357.89,-85.37,154.23
52.4216,-1.534987,166.66,0.07,3,246.24,21 / 21,3449828,2019-09-06 19:13:36:510,-0.638,-0.0848,9.6996,0.0063,0.0013,9.8066,0.0106,0.0331,0.0061,7.5,-34.31,18.06,356.77,-85.33,153.27
52.4216,-1.534987,166.66,0.07,3,246.24,21 / 21,3449929,2019-09-06 19:13:36:611,-0.7185,-0.4137,9.9124,0.0042,0.0019,9.8066,0.0042,0.0412,-0.0108,7.63,-33.31,17.5,356.43,-85.3,152.97
52.4216,-1.534987,166.66,0.07,3,246.24,21 / 21,3450028,2019-09-06 19:13:36:710,-0.6635,-0.6173,9.9567,0.0042,-0.004,9.8066,0.0172,0.0595,-0.0038,7.06,-34.19,18.19,353.13,-85.26,152.9
52.4216,-1.534987,166.66,0.07,3,246.24,21 / 21,3450129,2019-09-06 19:13:36:811,-0.5824,-0.2531,9.8693,0.0039,-0.0016,9.8066,-0.0085,0.0723,-0.0077,7.88,-33.75,18.44,355.5,-85.2,152.2
52.4216,-1.534987,166.66,0.07,3,246.24,21 / 21,3450229,2019-09-06 19:13:36:911,-0.4602,-0.3757,9.719,0.0034,-0.0033,9.8066,0.0071,0.0827,-0.0059,8.19,-33.94,17.94,354.67,-85.15,151.51
52.4216,-1.534987,166.66,0.07,3,246.24,21 / 21,3450329,2019-09-06 19:13:37:011,-0.4001,-0.4728,9.7655,0.0047,-0.0024,9.8065,-0.0026,0.1046,-0.0098,8.56,-33.81,17.44,358.84,-85.09,151.12
52.4216,-1.534987,166.66,0.07,3,246.24,21 / 21,3450429,2019-09-06 19:13:37:111,-0.7982,-1.4941,9.8683,0.0045,-0.0006,9.8066,0.015,0.1532,-0.0229,8.5,-33.56,17.75,356.55,-85.01,150.51
52.4216,-1.534987,166.66,0.07,3,246.24,21 / 21,3450528,2019-09-06 19:13:37:210,-0.7783,-1.3906,9.7681,0.0032,-0.0068,9.8066,0.0151,0.1737,-0.0155,9.25,-34.19,17.56,356.26,-84.92,150.27
52.4216,-1.534987,166.66,0.07,3,246.24,21 / 21,3450629,2019-09-06 19:13:37:311,-0.6149,-1.8245,9.8937,-0.0004,-0.0102,9.8066,0.0035,0.221,-0.0308,8.75,-34,18,355.73,-84.88,149.82
52.4216,-1.534987,166.66,0.07,3,246.24,21 / 21,3450729,2019-09-06 19:13:37:411,-0.5416,-1.6117,9.9099,0.0029,0.0008,9.8066,0.0066,0.2611,-0.0077,8.44,-34.25,17.63,352.27,-84.81,149.55
52.4216,-1.534987,166.66,0.07,3,246.24,21 / 21,3450828,2019-09-06 19:13:37:510,-0.2248,-1.3318,9.8455,-0.0017,0.0005,9.8066,-0.0057,0.2602,-0.0059,8.38,-34.56,18.25,352.55,-84.78,149.82
52.4216,-1.534987,166.66,0.07,3,246.24,21 / 21,3450929,2019-09-06 19:13:37:611,-0.5781,-1.0057,9.7967,0.0018,0.0027,9.8066,-0.0049,0.2985,-0.041,8.06,-34.19,19.63,350.24,-84.79,149.87
52.4216,-1.534987,166.66,0.07,3,246.24,21 / 21,3451028,2019-09-06 19:13:37:710,-0.4695,-0.4889,9.9286,0.0068,0.0033,9.8066,0.0266,0.3385,-0.0177,7.5,-34.31,19.19,350.97,-84.71,149.54
52.4216,-1.534987,166.66,0.07,3,246.24,21 / 21,3451128,2019-09-06 19:13:37:810,-0.1198,-0.1222,9.9368,0.0046,-0.0034,9.8066,-0.0133,0.3328,-0.0279,6.88,-34.5,20.13,346.46,-84.63,149.25
52.4216,-1.534987,166.66,0.07,3,246.24,21 / 21,3451229,2019-09-06 19:13:37:911,-0.108,0.0668,9.5616,0.008,0.0032,9.8066,-0.0401,0.3505,-0.0342,6.88,-34.19,19.88,346.48,-84.57,149.28
52.4216,-1.534987,166.66,0.07,3,246.24,21 / 21,3451329,2019-09-06 19:13:38:011,0.0279,0.3168,9.6703,0.0009,-0.0074,9.8066,0.0154,0.3765,-0.0333,6.56,-33.81,20.81,344.64,-84.52,148.5
52.4216,-1.534987,166.66,0.07,3,246.24,21 / 21,3451429,2019-09-06 19:13:38:111,0.053,0.2923,9.8793,0.0003,-0.003,9.8066,0.0226,0.3568,-0.0202,7.06,-34.06,21.69,343.36,-84.46,148.12
52.4216,-1.534987,166.66,0.07,3,246.24,21 / 21,3451529,2019-09-06 19:13:38:211,-1.1031,1.2764,10.6576,-0.0018,-0.0067,9.8066,-0.1304,0.328,-0.0543,6.06,-33.94,21.94,341,-84.42,148.53
52.4216,-1.534987,166.66,0.07,3,246.24,21 / 21,3451629,2019-09-06 19:13:38:311,-1.9525,1.7948,12.0252,0.0312,-0.073,9.8063,-0.0329,0.3515,-0.2297,6.06,-33.75,22.5,338.93,-83.84,147.59
52.4216,-1.534987,166.66,0.07,3,246.24,21 / 21,3451729,2019-09-06 19:13:38:411,1.2625,-0.5959,9.3575,0.0873,-0.0586,9.8061,0.0443,0.3763,-0.2259,6.5,-34.06,23.38,333.31,-83.07,140.95
52.4216,-1.534987,166.66,0.07,3,246.24,21 / 21,3451828,2019-09-06 19:13:38:510,0.1679,0.5926,8.9388,-0.0106,0.0015,9.8066,0.0508,0.3342,0.0192,5.63,-32.62,23.75,328.51,-82.44,139.97
52.4216,-1.534987,166.66,0.07,3,246.24,21 / 21,3451929,2019-09-06 19:13:38:611,-0.3312,0.7069,9.0122,0.003,0.0199,9.8066,-0.0154,0.3303,-0.0841,5.19,-32.81,24.69,327.06,-82.44,141.3
52.4216,-1.534987,166.66,0.07,3,246.24,21 / 21,3452029,2019-09-06 19:13:38:711,0.0411,0.7028,9.9206,0.0077,-0.0094,9.8065,-0.0001,0.3428,-0.0371,5.19,-33.62,24.81,325.96,-82.23,140.7
52.4216,-1.534987,166.66,0.07,3,246.24,21 / 21,3452129,2019-09-06 19:13:38:811,-0.105,0.1889,10.0597,-0.0059,-0.011,9.8066,0.0575,0.3608,-0.0209,4.31,-33.25,25.94,323.86,-82.22,141.14
52.4216,-1.534987,166.66,0.07,3,246.24,21 / 21,3452229,2019-09-06 19:13:38:911,-0.9004,2.4783,10.2032,0.001,-0.0206,9.8065,0.1116,0.281,0.0463,3.5,-33.06,26.13,325.2,-82.05,142.41
52.4216,-1.534987,166.66,0.07,3,246.24,21 / 21,3452329,2019-09-06 19:13:39:011,-6.7916,3.4095,10.575,-0.1029,-0.0675,9.8058,0.1211,0.9095,-0.1172,2.94,-33.5,26,330.73,-82.02,149.3
52.4216,-1.534987,166.66,0.07,3,246.24,21 / 21,3452429,2019-09-06 19:13:39:111,1.711,2.8225,8.7874,-0.0506,0.0805,9.8062,0.0356,0.3324,0.1924,1.5,-33.44,26.5,336.72,-81.73,156.68
52.4216,-1.534987,166.66,0.07,3,246.24,21 / 21,3452529,2019-09-06 19:13:39:211,-0.6847,1.1101,7.5591,-0.0214,-0.0161,9.8066,-0.3112,0.3213,-0.1007,0.69,-33.19,27.31,340.78,-81.71,162.17
52.4216,-1.534987,166.66,0.07,3,246.24,21 / 21,3452629,2019-09-06 19:13:39:311,-2.095,1.2463,8.6049,-0.0507,0.087,9.8061,0.3782,0.2333,0.0383,0.06,-33.06,27.38,343.93,-81.84,166.84
52.4216,-1.534987,166.66,0.07,3,246.24,21 / 21,3452729,2019-09-06 19:13:39:411,-0.936,0.0615,10.2191,0.0056,0.0803,9.8063,0.0413,0.2729,-0.1429,0.19,-33,27.38,344.75,-81.52,167.63
52.4216,-1.534987,166.66,0.07,3,246.24,21 / 21,3452829,2019-09-06 19:13:39:511,0.0749,0.2788,10.4658,0.0515,0.0117,9.8065,0.0419,0.3242,-0.1894,-0.12,-32.56,27.88,339.32,-81.25,163.17
52.4216,-1.534987,166.66,0.07,3,246.24,21 / 21,3452929,2019-09-06 19:13:39:611,0.724,0.37,10.1911,0.0379,0.0528,9.8064,-0.1071,0.3064,-0.0961,-0.56,-32.62,28.31,331.87,-81.36,158.98
52.4216,-1.534987,166.66,0.07,3,246.24,21 / 21,3453030,2019-09-06 19:13:39:712,0.4921,0.9576,10.27,0.0011,-0.0123,9.8065,-0.011,0.2732,0.0027,-1,-32.69,28.63,329.86,-81.34,157.06
52.4216,-1.534987,166.66,0.07,3,246.24,21 / 21,3453128,2019-09-06 19:13:39:810,-0.2857,0.9458,9.9927,-0.0204,-0.0129,9.8066,0.0606,0.2841,-0.001,-1.5,-32.87,29,331.84,-81.35,158.73
52.4216,-1.534987,166.66,0.07,3,246.24,21 / 21,3453229,2019-09-06 19:13:39:911,-0.266,1.2204,9.9184,-0.0186,-0.0315,9.8065,0.011,0.3082,0.0284,-2.25,-32.81,28.25,332.52,-81.21,161.65
52.4216,-1.534987,166.66,0.07,3,246.24,21 / 21,3453329,2019-09-06 19:13:40:011,-0.7417,0.8293,9.7561,-0.0155,-0.0317,9.8065,-0.035,0.3206,-0.0268,-2.44,-32.12,29.25,335.5,-81.05,163.8
52.4216,-1.534987,166.66,0.07,3,246.24,21 / 21,3453428,2019-09-06 19:13:40:110,-0.777,0.5803,9.9468,-0.0126,0.0137,9.8066,0.0565,0.3444,-0.0531,-3.37,-32.06,29.25,334.27,-80.98,164.75
52.4216,-1.534987,166.66,0.07,3,246.24,21 / 21,3453529,2019-09-06 19:13:40:211,-1.0276,0.5731,9.9399,-0.0079,0.0223,9.8065,0.0833,0.2642,-0.0215,-3.25,-32.31,29.19,334.87,-81.07,165.2
52.4216,-1.534987,166.66,0.07,3,246.24,21 / 21,3453629,2019-09-06 19:13:40:311,-0.5519,0.3689,10.0667,0.0156,-0.0103,9.8066,-0.009,0.2942,-0.0596,-3.5,-32.62,29.38,334.22,-80.95,164.86
52.4216,-1.534987,166.66,0.07,3,246.24,21 / 21,3453729,2019-09-06 19:13:40:411,0.695,1.3108,10.3861,0.0178,0.0017,9.8066,0.0318,0.3637,-0.0957,-4.31,-33.25,28.81,330.39,-81.02,163.55
52.4216,-1.534987,166.66,0.07,3,246.24,21 / 21,3453828,2019-09-06 19:13:40:510,-0.7016,0.1336,8.743,-0.101,0.0467,9.8059,-0.3563,0.2459,0.2232,-5.5,-33.81,28.19,331.21,-81.96,166.2
52.4216,-1.534987,166.66,0.07,3,246.24,21 / 21,3453929,2019-09-06 19:13:40:611,-3.4688,1.7947,10.1693,-0.0943,0.0211,9.8061,-0.3053,0.1284,0.2564,-6.06,-33.75,26.81,336.18,-82.92,172.38
52.4216,-1.534987,166.66,0.07,3,246.24,21 / 21,3454029,2019-09-06 19:13:40:711,-1.1299,0.8612,9.152,-0.015,0.0582,9.8064,0.1166,0.2618,-0.0482,-6.75,-34.06,26.5,339.02,-83.49,176.51
52.4216,-1.534987,166.66,0.07,3,246.24,21 / 21,3454129,2019-09-06 19:13:40:811,-0.5381,-0.1296,8.6985,0.0144,0.0024,9.8066,0.1983,0.307,-0.0766,-7.19,-33.44,26.63,337.42,-83.57,175
52.4216,-1.534987,166.66,0.07,3,246.24,21 / 21,3454228,2019-09-06 19:13:40:910,0.4192,-0.084,9.2857,0.0545,-0.0407,9.8063,0.0589,0.2448,-0.1033,-7.44,-32.94,26.94,332.68,-82.66,171.39
52.4216,-1.534987,166.66,0.07,3,246.24,21 / 21,3454328,2019-09-06 19:13:41:010,0.2933,0.0531,10.3232,0.0191,-0.0143,9.8066,0.0411,0.2285,-0.0398,-7.81,-33.31,27.5,329.39,-82.47,169.89
52.4216,-1.534987,166.66,0.07,3,246.24,21 / 21,3454429,2019-09-06 19:13:41:111,-0.0506,0.5661,10.3148,-0.0015,0.0123,9.8066,-0.1075,0.2354,-0.0372,-8.25,-33.44,27.06,327.89,-82.66,169.18
52.4216,-1.534987,166.66,0.07,3,246.24,21 / 21,3454529,2019-09-06 19:13:41:211,-0.8344,1.1124,10.1157,0.0048,0.0031,9.8066,-0.1047,0.2504,-0.0378,-8.06,-32.87,27.13,327.33,-82.82,168.59
52.4216,-1.534987,166.66,0.07,3,246.24,21 / 21,3454629,2019-09-06 19:13:41:311,-0.0236,0.4689,9.4868,0.0074,0.0022,9.8066,0.013,0.2771,-0.0556,-8.12,-33.69,26.75,326.33,-82.9,167.8
52.4216,-1.534987,166.66,0.07,3,246.24,21 / 21,3454729,2019-09-06 19:13:41:411,-0.0344,0.6178,9.2612,0.0124,-0.0066,9.8066,0.0016,0.2847,-0.0618,-8.56,-33.75,27.13,322.92,-82.76,166.8
52.4216,-1.534987,166.66,0.07,3,246.24,21 / 21,3454828,2019-09-06 19:13:41:510,-0.1145,0.3294,9.8011,0.0044,-0.0013,9.8066,-0.0299,0.2593,-0.0115,-9.12,-33.62,27.19,322.05,-82.66,166.12
52.4216,-1.534987,166.66,0.07,3,246.24,21 / 21,3454929,2019-09-06 19:13:41:611,-0.3054,0.5367,9.8465,0.0005,-0.0038,9.8066,0.0114,0.2728,-0.0349,-9.44,-33.25,26.69,322.38,-82.64,166.26
52.4216,-1.534987,166.66,0.07,3,246.24,21 / 21,3455028,2019-09-06 19:13:41:710,-0.075,0.3947,9.7127,-0.0056,0.0054,9.8066,0.0097,0.2514,-0.0184,-10.12,-32.75,26.81,320.31,-82.7,166.22
52.4216,-1.534987,166.66,0.07,3,246.24,21 / 21,3455128,2019-09-06 19:13:41:810,-0.4301,0.4537,9.6764,-0.0069,0.0039,9.8066,0.0094,0.2741,-0.042,-10.25,-33.12,26.63,320.78,-82.75,166.59
52.4216,-1.534987,166.66,0.07,3,246.24,21 / 21,3455228,2019-09-06 19:13:41:910,0.0025,0.2366,9.7386,-0.0028,-0.0026,9.8066,-0.0173,0.2761,-0.0423,-10.81,-33.44,26.25,317.56,-82.8,166.41
52.4216,-1.534987,166.66,0.07,3,246.24,21 / 21,3455329,2019-09-06 19:13:42:011,-0.3609,0.7605,9.8863,-0.0043,-0.0026,9.8066,-0.038,0.2297,-0.0111,-11.37,-33.56,25.88,317.93,-82.85,166.87
52.4216,-1.534987,166.66,0.07,3,246.24,21 / 21,3455429,2019-09-06 19:13:42:111,-0.0327,1.1728,9.7525,-0.0058,-0.0042,9.8066,-0.0295,0.2463,-0.029,-11.62,-33.56,25.75,316.6,-82.95,167.36
52.4216,-1.534987,166.66,0.07,3,246.24,21 / 21,3455529,2019-09-06 19:13:42:211,-0.5147,0.7408,9.8764,-0.0141,-0.0055,9.8066,0.003,0.2677,0.0144,-12.5,-33.37,25.19,316.55,-83.09,168.07
52.4216,-1.534987,166.66,0.07,3,246.24,21 / 21,3455628,2019-09-06 19:13:42:310,-0.869,0.4872,9.9182,-0.0111,-0.0092,9.8066,0.0073,0.2202,0.0164,-12.81,-33.44,25.38,316.85,-83.17,170.01
52.4216,-1.534987,166.66,0.07,3,246.24,21 / 21,3455728,2019-09-06 19:13:42:410,-0.7999,0.3785,9.8482,-0.0103,-0.0059,9.8065,-0.0264,0.2189,-0.0312,-12.94,-33.81,24.75,318.58,-83.21,171.69
52.4216,-1.534987,166.66,0.07,3,246.24,21 / 21,3455829,2019-09-06 19:13:42:511,-0.2796,0.6548,9.6274,-0.004,-0.0002,9.8066,-0.0183,0.1939,-0.0038,-14,-33.44,25.56,318.68,-83.2,172.21
52.4216,-1.534987,166.66,0.07,3,246.24,21 / 21,3455931,2019-09-06 19:13:42:613,-0.5959,0.6143,9.7334,-0.0043,0.002,9.8065,-0.0055,0.2028,-0.0444,-13.87,-33.06,25.44,317.44,-83.28,172.14
52.4216,-1.534987,166.66,0.07,3,246.24,21 / 21,3456029,2019-09-06 19:13:42:711,-0.7698,0.7693,9.7475,-0.0013,0.0066,9.8066,-0.0182,0.1577,0.0014,-14.37,-33.31,25.06,317.27,-83.33,171.94
52.4216,-1.534987,166.66,0.07,3,246.24,21 / 21,3456129,2019-09-06 19:13:42:811,-0.6771,0.7802,10.0124,-0.0093,-0.0089,9.8066,-0.0151,0.1484,0.0122,-14.12,-32.94,24.63,318.12,-83.38,172.66
52.4216,-1.534987,166.66,0.07,3,246.24,21 / 21,3456229,2019-09-06 19:13:42:911,-0.893,0.5723,9.8687,-0.0094,-0.0017,9.8066,0.0273,0.1269,0.0093,-15,-33.25,25,318.1,-83.43,174.23
52.4216,-1.534987,166.66,0.07,3,246.24,21 / 21,3456329,2019-09-06 19:13:43:011,-0.8085,0.3492,9.9166,-0.0018,-0.0021,9.8066,0.0372,0.1024,0.0258,-14.94,-32.75,24.88,318.75,-83.39,174.85
52.4216,-1.534987,166.66,0.07,3,246.24,21 / 21,3456429,2019-09-06 19:13:43:111,-1.0973,0.434,9.8832,-0.0039,-0.0086,9.8066,-0.0284,0.0771,-0.0041,-14.94,-32.31,25.13,319.77,-83.35,175.65
52.4216,-1.534987,166.66,0.07,3,246.24,21 / 21,3456529,2019-09-06 19:13:43:211,-1.0184,0.3521,9.8302,0.0048,0.0015,9.8066,-0.023,0.0708,-0.0204,-14.94,-32.56,24.88,319.78,-83.34,175.81
52.4216,-1.534987,166.66,0.07,3,246.24,21 / 21,3456629,2019-09-06 19:13:43:311,-0.6307,0.8291,9.8243,0.0079,0.0075,9.8066,-0.0373,0.0816,-0.0503,-15.12,-32.75,24.13,317.34,-83.39,174.77
52.4216,-1.534987,166.66,0.07,3,246.24,21 / 21,3456728,2019-09-06 19:13:43:410,-0.8114,1.1244,9.7503,0.0023,0.0087,9.8066,0.0097,0.0527,-0.0003,-14.94,-32.69,24,315.95,-83.46,173.46
52.4216,-1.534987,166.66,0.07,3,246.24,21 / 21,3456828,2019-09-06 19:13:43:510,-0.6663,0.6216,9.8538,-0.0015,0.0049,9.8065,0.0099,0.0355,-0.011,-15.19,-33.06,23.69,315.12,-83.51,172.65
52.4216,-1.534987,166.66,0.07,3,246.24,21 / 21,3456929,2019-09-06 19:13:43:611,-0.5594,0.5203,9.7977,0.004,0.0048,9.8066,0.0183,0.033,-0.0056,-15.44,-32.94,24.5,315.94,-83.51,172.21
52.4216,-1.534987,166.66,0.07,3,246.24,21 / 21,3457028,2019-09-06 19:13:43:710,-0.8603,0.7201,9.8079,0.0035,0.002,9.8066,0.0082,0.035,-0.0076,-14.94,-32.87,24.44,314.2,-83.49,171.85
52.4216,-1.534987,166.66,0.07,3,246.24,21 / 21,3457129,2019-09-06 19:13:43:811,-0.5859,0.4931,9.6684,0.0004,0.0106,9.8066,-0.0001,0.023,-0.0016,-15.06,-33.75,24.13,313.21,-83.6,171.02
52.4216,-1.534987,166.66,0.07,3,246.24,21 / 21,3457229,2019-09-06 19:13:43:911,-0.477,0.8034,9.7208,-0.0016,0.0069,9.8066,0.0043,-0.0013,-0.0188,-15.94,-33,24.31,311.22,-83.68,170.54
52.4216,-1.534987,166.66,0.07,3,246.24,21 / 21,3457329,2019-09-06 19:13:44:011,-0.6246,0.8179,9.6027,-0.0025,0.0077,9.8066,-0.0099,0.0207,-0.0035,-15.69,-33.44,24.06,310.61,-83.73,169.93
52.421513,-1.534985,166.88,1.02,3,142.47,21 / 21,3457429,2019-09-06 19:13:44:111,-0.7911,0.8746,9.8809,-0.0043,0.0002,9.8066,-0.0143,0.0215,0.0219,-15,-33.19,24.44,312.24,-83.83,169.75
52.421513,-1.534985,166.88,1.02,3,142.47,21 / 21,3457528,2019-09-06 19:13:44:210,-0.8744,1.0783,9.8736,-0.0124,0.0004,9.8065,-0.0006,0.0002,0.0332,-15.69,-33.25,24,311.27,-83.92,170.37
52.421513,-1.534985,166.88,1.02,3,142.47,21 / 21,3457629,2019-09-06 19:13:44:311,-0.9473,0.9022,9.8779,-0.0088,0.0009,9.8066,0.011,0.0281,0.0186,-15.81,-33.25,24,312.14,-84.02,171.07
52.421513,-1.534985,166.88,1.02,3,142.47,21 / 21,3457729,2019-09-06 19:13:44:411,-1.1078,0.8152,9.9386,-0.0071,0.0045,9.8066,0.006,0.0103,-0.0046,-16.44,-33.06,23.38,311.23,-84.08,171.47
52.421513,-1.534985,166.88,1.02,3,142.47,21 / 21,3457829,2019-09-06 19:13:44:511,-1.0945,1.0528,9.8524,-0.0032,0.0031,9.8066,0.0226,-0.001,0.0006,-15.75,-33.06,23.81,312.9,-84.1,171.7
52.421513,-1.534985,166.88,1.02,3,142.47,21 / 21,3457929,2019-09-06 19:13:44:611,-0.8405,1.0143,9.9295,-0.0037,0.0043,9.8066,0.008,-0.0025,-0.0073,-16.19,-33,23.88,312.94,-84.15,171.68
52.421513,-1.534985,166.88,1.02,3,142.47,21 / 21,3458029,2019-09-06 19:13:44:711,-0.6246,0.6827,9.7397,0.0009,0.0007,9.8066,-0.0008,0.0155,0.0204,-15.75,-33.5,23.88,312.65,-84.16,171.41
52.421513,-1.534985,166.88,1.02,3,142.47,21 / 21,3458129,2019-09-06 19:13:44:811,-0.6122,0.4928,9.682,-0.0041,-0.0003,9.8066,0.0167,-0.0043,0.0014,-15.5,-32.69,23.38,313.25,-84.21,171.59
52.421513,-1.534985,166.88,1.02,3,142.47,21 / 21,3458228,2019-09-06 19:13:44:910,-0.3589,0.3434,9.7583,-0.0011,0.0007,9.8066,0.0017,-0.0101,0,-15.19,-33.19,23.63,314.93,-84.23,171.85
52.421513,-1.534985,166.88,1.02,3,142.47,21 / 21,3458329,2019-09-06 19:13:45:011,-0.5237,0.419,9.7587,-0.0006,0.0019,9.8066,0.0098,0.0046,0.018,-15.69,-33.25,23.88,313.04,-84.25,171.69
52.421513,-1.534985,166.88,1.02,3,142.47,21 / 21,3458429,2019-09-06 19:13:45:111,-0.546,0.5793,9.745,-0.0024,0.0061,9.8066,0.0072,-0.0067,0.0019,-15.37,-33.19,24.06,314.82,-84.27,171.72
52.421513,-1.534985,166.88,1.02,3,142.47,21 / 21,3458528,2019-09-06 19:13:45:210,-0.3269,0.2639,9.7243,-0.0031,0.0067,9.8066,0.0254,-0.008,-0.0004,-15.37,-33,23.63,314.55,-84.37,171.38
52.421513,-1.534985,166.88,1.02,3,142.47,21 / 21,3458629,2019-09-06 19:13:45:311,-0.2469,0.1963,9.7367,0.0006,0.0024,9.8066,-0.022,-0.0013,-0.0038,-15.44,-33.19,24.56,315.63,-84.39,171.18
52.421513,-1.534985,166.88,1.02,3,142.47,21 / 21,3458728,2019-09-06 19:13:45:410,-0.5352,0.5076,9.9117,-0.0029,0.0062,9.8066,0.0162,0.0093,0.0202,-15.62,-33.06,24.06,312.3,-84.46,170.82
52.421513,-1.534985,166.88,1.02,3,142.47,21 / 21,3458829,2019-09-06 19:13:45:511,-0.19,0.2078,9.9434,-0.0028,0.0026,9.8066,0.013,-0.0132,-0.0109,-15.56,-33.5,23.94,312.26,-84.54,170.72
52.421513,-1.534985,166.88,1.02,3,142.47,21 / 21,3458929,2019-09-06 19:13:45:611,-0.2245,0.0472,9.7876,-0.0005,0.0048,9.8066,-0.0028,-0.0049,-0.0021,-15.62,-33.62,23.88,311.92,-84.57,170.51
52.421513,-1.534985,166.88,1.02,3,142.47,21 / 21,3459028,2019-09-06 19:13:45:710,-0.4029,0.5058,9.8867,-0.0011,0.0013,9.8065,-0.009,-0.005,0.0028,-14.81,-33,23.75,313.59,-84.61,170.28
52.421513,-1.534985,166.88,1.02,3,142.47,21 / 21,3459129,2019-09-06 19:13:45:811,-0.2766,0.1867,9.9331,-0.0006,0.0009,9.8066,0.0119,0.0014,0.0078,-15.37,-33.31,23.75,313.52,-84.65,170.18
52.421513,-1.534985,166.88,1.02,3,142.47,21 / 21,3459228,2019-09-06 19:13:45:910,-0.282,0.1542,9.9086,-0.0019,0.003,9.8066,-0.002,-0.0154,0.002,-16,-33.37,23.94,311.46,-84.72,169.81
52.421513,-1.534985,166.88,1.02,3,142.47,21 / 21,3459329,2019-09-06 19:13:46:011,-0.2572,0.2416,9.7662,-0.0004,0.0024,9.8066,0.0064,-0.008,0.0013,-15.12,-32.69,23.88,313.11,-84.75,169.71
52.421513,-1.534985,166.88,1.02,3,142.47,21 / 21,3459429,2019-09-06 19:13:46:111,-0.1339,0.1545,9.7783,-0.0027,0.0061,9.8066,-0.001,-0.0154,-0.0077,-15.56,-33.31,23.94,311.04,-84.81,169.33
52.421513,-1.534985,166.88,1.02,3,142.47,21 / 21,3459529,2019-09-06 19:13:46:211,-0.3433,0.2669,9.793,-0.0019,0.0042,9.8066,-0.0019,-0.0007,0.0033,-16,-33.12,24.06,310.72,-84.88,168.98
52.421513,-1.534985,166.88,1.02,3,142.47,21 / 21,3459629,2019-09-06 19:13:46:311,-0.2496,0.1844,9.8932,-0.0021,0.0044,9.8066,0.0071,-0.0078,0.018,-15.44,-33.37,24.13,312.14,-84.92,168.66
52.421513,-1.534985,166.88,1.02,3,142.47,21 / 21,3459729,2019-09-06 19:13:46:411,-0.3991,0.405,9.8807,-0.003,0.0046,9.8066,0.0134,-0.0119,-0.0084,-15.81,-33.44,24.25,310.23,-85.02,168.39
52.421513,-1.534985,166.88,1.02,3,142.47,21 / 21,3459830,2019-09-06 19:13:46:512,-0.1255,0.0109,9.8058,-0.0006,0.004,9.8066,-0.0133,-0.0129,0.0063,-15.37,-33.56,23.63,311.65,-85.05,168.21
52.421513,-1.534985,166.88,1.02,3,142.47,21 / 21,3459930,2019-09-06 19:13:46:612,-0.1648,0.0089,9.7149,-0.0036,0.0059,9.8066,0.0176,0.0009,0.0201,-15.94,-32.94,23.63,309.83,-85.09,167.95
52.421513,-1.534985,166.88,1.02,3,142.47,21 / 21,3460029,2019-09-06 19:13:46:711,-0.2492,0.0098,9.7813,-0.0018,0.0022,9.8066,-0.0106,-0.0062,-0.0141,-15.5,-33.12,23.56,311.33,-85.17,167.67
52.421513,-1.534985,166.88,1.02,3,142.47,21 / 21,3460129,2019-09-06 19:13:46:811,-0.0454,0.0213,9.7431,-0.0022,0.005,9.8066,-0.0041,-0.0142,-0.0045,-15.75,-32.81,24,309.56,-85.22,167.57
52.421513,-1.534985,166.88,1.02,3,142.47,21 / 21,3460229,2019-09-06 19:13:46:911,-0.3628,0.3114,9.9602,-0.0037,0.0079,9.8066,0.013,0.0074,0.0187,-15.75,-32.81,24,309.17,-85.28,167.15
52.421513,-1.534985,166.88,1.02,3,142.47,21 / 21,3460329,2019-09-06 19:13:47:011,-0.1458,0.0938,9.8922,-0.0018,-0.0005,9.8066,-0.0098,-0.0084,-0.0092,-16.37,-33.06,23.63,309.2,-85.34,167.13
52.421513,-1.534985,166.88,1.02,3,142.47,20 / 21,3460429,2019-09-06 19:13:47:111,-0.3312,0.2535,9.873,-0.0033,0.0055,9.8066,0.0032,-0.0145,-0.0052,-15.69,-33,23.81,309.07,-85.4,166.94
52.421513,-1.534985,166.88,1.02,3,142.47,20 / 21,3460528,2019-09-06 19:13:47:210,-0.0929,0.049,9.7979,-0.0021,0.0015,9.8066,-0.0046,0.01,0.0138,-15.37,-33.94,23.88,310.47,-85.46,166.72
52.421513,-1.534985,166.88,1.02,3,142.47,20 / 21,3460628,2019-09-06 19:13:47:310,-0.1976,0.0789,9.7244,-0.002,0.0019,9.8066,-0.0031,-0.0111,0.003,-15.5,-32.94,24.13,310.58,-85.52,166.64
52.421513,-1.534985,166.88,1.02,3,142.47,20 / 21,3460729,2019-09-06 19:13:47:411,-0.1801,-0.0173,9.7848,-0.0002,0.002,9.8066,-0.0072,-0.0015,-0.0073,-15.69,-33.69,23.5,308.64,-85.57,166.5
52.421513,-1.534985,166.88,1.02,3,142.47,20 / 21,3460828,2019-09-06 19:13:47:510,-0.1869,0.2351,9.9367,0.0001,0.004,9.8066,0.0046,0.0093,0.0149,-15.87,-33.5,24,308.45,-85.6,166.17
52.421513,-1.534985,166.88,1.02,3,142.47,20 / 21,3460928,2019-09-06 19:13:47:610,-0.2552,0.2053,9.9696,-0.0015,-0.0025,9.8066,-0.0067,-0.0189,-0.0093,-15.62,-32.81,23.69,308.48,-85.64,166.16
52.421513,-1.534985,166.88,1.02,3,142.47,20 / 21,3461029,2019-09-06 19:13:47:711,-0.1519,-0.048,9.7206,0,0.0001,9.8066,0.0056,0.0081,0.0088,-16.12,-33.56,23.88,308.41,-85.66,166.19
52.421513,-1.534985,166.88,1.02,3,142.47,20 / 21,3461128,2019-09-06 19:13:47:810,-0.2001,-0.0484,9.8174,-0.0015,0.0043,9.8066,0.0151,0.0006,0.026,-15.56,-33.56,23.56,308.08,-85.69,165.86
52.421513,-1.534985,166.88,1.02,3,142.47,20 / 21,3461229,2019-09-06 19:13:47:911,-0.0455,-0.0558,9.7938,-0.0039,-0.001,9.8066,0.003,-0.0084,-0.0131,-15.44,-33.5,23.94,310.14,-85.75,166.02
52.421513,-1.534985,166.88,1.02,3,142.47,20 / 21,3461329,2019-09-06 19:13:48:011,-0.2951,0.1912,9.9333,-0.0003,0.0027,9.8066,0.0043,0.0037,0.0014,-15.31,-32.94,23.75,310.04,-85.78,165.9
52.421513,-1.534985,166.88,1.02,3,142.47,20 / 21,3461428,2019-09-06 19:13:48:110,-0.1019,0.0238,9.9382,-0.0016,0.0032,9.8066,-0.0187,-0.0054,-0.0098,-16.12,-33.37,24.38,308.11,-85.81,165.65
52.421513,-1.534985,166.88,1.02,3,142.47,20 / 21,3461529,2019-09-06 19:13:48:211,-0.3466,0.3494,9.9026,-0.0028,0.0015,9.8066,-0.0032,0.0083,0.0112,-15.56,-33.44,24.06,308.36,-85.88,165.83
52.421513,-1.534985,166.88,1.02,3,142.47,20 / 21,3461628,2019-09-06 19:13:48:310,-0.1188,-0.0233,9.9037,0.0002,0.0017,9.8066,0.0068,-0.0018,0.0007,-16.19,-33,24,308.21,-85.89,165.67
52.421513,-1.534985,166.88,1.02,3,142.47,20 / 21,3461728,2019-09-06 19:13:48:410,-0.2293,0.1157,9.7558,-0.0034,0.0036,9.8066,-0.0167,-0.0072,-0.0137,-15.94,-32.94,23.81,307.94,-85.92,165.39
52.421513,-1.534985,166.88,1.02,3,142.47,20 / 21,3461828,2019-09-06 19:13:48:510,-0.0378,-0.1261,9.7912,-0.0034,0.0037,9.8066,0.0086,-0.005,0.0214,-15.94,-33.06,24.31,307.96,-85.98,165.35
52.421513,-1.534985,166.88,1.02,3,142.47,20 / 21,3461929,2019-09-06 19:13:48:611,-0.28,0.3306,9.9229,-0.0009,0.0018,9.8066,0.0072,-0.0084,-0.0105,-15.75,-32.94,24.31,308.18,-86,165.54
52.421513,-1.534985,166.88,1.02,3,142.47,20 / 21,3462029,2019-09-06 19:13:48:711,-0.119,0.024,9.9305,-0.0028,0.0024,9.8066,-0.0076,-0.0054,-0.0102,-16.37,-32.94,24.06,307.98,-86.04,165.32
52.421513,-1.534985,166.88,1.02,3,142.47,20 / 21,3462128,2019-09-06 19:13:48:810,-0.1675,-0.0772,9.7682,0.0011,-0.0021,9.8066,0.0193,-0.0065,0.0215,-16.31,-33.19,24.5,309.62,-86.05,165.69
52.421513,-1.534985,166.88,1.02,3,142.47,20 / 21,3462228,2019-09-06 19:13:48:910,-0.1231,-0.0252,9.8543,0,0.0022,9.8066,0.0016,-0.0067,-0.0042,-16.56,-33.19,24.19,306.49,-86.08,165.4
52.421513,-1.534985,166.88,1.02,3,142.47,20 / 21,3462328,2019-09-06 19:13:49:010,-0.1779,0.0029,9.7566,-0.0026,0.0008,9.8066,-0.0099,-0.0017,0.0016,-16.5,-32.94,24.81,309.22,-86.11,165.26
52.421513,-1.534985,166.88,1.02,3,142.47,20 / 20,3462428,2019-09-06 19:13:49:110,-0.1442,0.1183,9.9271,-0.0016,-0.0009,9.8066,0.0225,-0.0052,0.0174,-16.31,-33.31,24.88,309.6,-86.14,165.59
52.421513,-1.534985,166.88,1.02,3,142.47,20 / 20,3462529,2019-09-06 19:13:49:211,-0.1652,0.0226,9.8125,0.0001,0.0023,9.8066,0.0162,-0.0136,-0.008,-16.37,-32.75,24.88,309.39,-86.17,165.36
52.421513,-1.534985,166.88,1.02,3,142.47,20 / 20,3462628,2019-09-06 19:13:49:310,-0.0847,-0.0428,9.842,-0.0004,-0.0015,9.8066,-0.0149,0.0047,0.0031,-16.19,-33,24.81,309.37,-86.2,165.32
52.421513,-1.534985,166.88,1.02,3,142.47,20 / 20,3462728,2019-09-06 19:13:49:410,0.0072,-0.21,9.6962,-0.0023,0.0025,9.8066,0.0117,-0.006,0.022,-16.37,-33,25.19,309.74,-86.23,165.65
52.421513,-1.534985,166.88,1.02,3,142.47,20 / 20,3462829,2019-09-06 19:13:49:511,-0.1571,-0.1859,9.7881,-0.0002,0.0034,9.8066,-0.0215,-0.0113,-0.0173,-16.37,-32.75,25.38,309.42,-86.26,165.32
52.421513,-1.534985,166.88,1.02,3,142.47,20 / 20,3462928,2019-09-06 19:13:49:610,-0.1117,0.1859,9.8982,-0.0041,0.0008,9.8066,0.0007,0.0109,0.015,-17,-32.81,25.44,308.08,-86.28,165.56
52.421513,-1.534985,166.88,1.02,3,142.47,20 / 20,3463028,2019-09-06 19:13:49:710,-0.171,0.1722,10.0141,-0.0022,0.0035,9.8066,0.0053,-0.0135,-0.0027,-16.87,-32.56,24.81,308.18,-86.31,165.62
52.421513,-1.534985,166.88,1.02,3,142.47,20 / 20,3463129,2019-09-06 19:13:49:811,-0.0842,0.0792,9.8165,-0.002,-0.0009,9.8066,-0.0116,-0.0071,-0.0141,-16.62,-33.06,25.63,309.28,-86.35,165.52
52.421513,-1.534985,166.88,1.02,3,142.47,20 / 20,3463228,2019-09-06 19:13:49:910,-0.0453,-0.1997,9.7929,-0.0026,-0.0011,9.8066,0.0239,0.0093,0.0286,-17.37,-32.37,25.44,308.69,-86.36,165.97
52.421513,-1.534985,166.88,1.02,3,142.47,20 / 20,3463329,2019-09-06 19:13:50:011,-0.1583,-0.0848,9.7777,0.001,0.002,9.8066,-0.003,-0.0286,-0.0093,-16.44,-32.94,25.69,311.01,-86.39,165.62
52.421513,-1.534985,166.88,1.02,3,142.47,20 / 20,3463428,2019-09-06 19:13:50:110,-0.1207,0.1254,9.9684,0.0007,-0.0032,9.8066,0.0101,0.0052,0.0144,-17.12,-32.44,25.13,308.24,-86.4,165.5
52.421513,-1.534985,166.88,1.02,3,142.47,20 / 20,3463529,2019-09-06 19:13:50:211,-0.1679,-0.0307,9.7559,-0.0003,0.0008,9.8066,-0.008,-0.0014,-0.0035,-17.06,-32.81,24.81,308.69,-86.41,166.02
52.421513,-1.534985,166.88,1.02,3,142.47,20 / 20,3463628,2019-09-06 19:13:50:310,-0.0199,-0.1765,9.7278,-0.0009,0.0027,9.8065,-0.0126,-0.0165,-0.0161,-16.44,-32.94,25.69,311.03,-86.46,165.58
52.421513,-1.534985,166.88,1.02,3,142.47,20 / 20,3463728,2019-09-06 19:13:50:410,-0.0729,-0.119,9.7219,-0.003,0,9.8066,0.0132,-0.0037,0.0172,-16.87,-33.06,25.06,308.78,-86.47,166.05
52.421513,-1.534985,166.88,1.02,3,142.47,20 / 20,3463828,2019-09-06 19:13:50:510,-0.0461,0.0509,9.9808,-0.0021,0.0041,9.8066,-0.0173,-0.0064,-0.0082,-16.5,-32.56,25.31,310.39,-86.5,166.03
52.421513,-1.534985,166.88,1.02,3,142.47,20 / 20,3463928,2019-09-06 19:13:50:610,-0.155,0.2029,9.9113,-0.0018,0.0005,9.8066,-0.0114,-0.0075,-0.0101,-16.81,-33.12,25.13,308.72,-86.53,165.94
52.421513,-1.534985,166.88,1.02,3,142.47,20 / 20,3464028,2019-09-06 19:13:50:710,0.0716,-0.246,9.7091,-0.0001,-0.0026,9.8066,0.0204,-0.0106,0.0235,-17.19,-33,25.25,309.1,-86.53,166.3
52.421513,-1.534985,166.88,1.02,3,142.47,20 / 20,3464129,2019-09-06 19:13:50:811,-0.1281,-0.0545,9.7047,-0.0018,0.0034,9.8066,-0.0143,-0.011,-0.0111,-17.44,-32.81,25.63,310.2,-86.55,166.23
52.421513,-1.534985,166.88,1.02,3,142.47,20 / 20,3464228,2019-09-06 19:13:50:910,0.0062,-0.2877,9.7242,-0.0042,0.0017,9.8066,0.0098,-0.0072,0.016,-17.19,-32.75,25.25,309.05,-86.61,166.19
52.421513,-1.534985,166.88,1.02,3,142.47,20 / 20,3464329,2019-09-06 19:13:51:011,-0.0589,-0.1055,9.7828,-0.0015,0.0021,9.8066,0.0203,-0.0031,0.0189,-17,-33.25,25.13,309.55,-86.61,166.67
52.421513,-1.534985,166.88,1.02,3,142.47,20 / 21,3464428,2019-09-06 19:13:51:110,-0.0596,0.0628,9.9587,-0.0013,0.0034,9.8066,-0.0126,-0.0105,-0.0146,-16.75,-33.12,24.94,309.16,-86.64,166.28
52.421513,-1.534985,166.88,1.02,3,142.47,20 / 21,3464529,2019-09-06 19:13:51:211,-0.0357,-0.1387,9.8001,0.001,-0.0057,9.8066,0.0286,-0.0109,0.0238,-16.44,-33.06,25.13,311.1,-86.66,166.56
52.421513,-1.534985,166.88,1.02,3,142.47,20 / 21,3464629,2019-09-06 19:13:51:311,-0.118,0.0182,9.8701,0.0008,0.0011,9.8066,0.0009,-0.0031,-0.0061,-16.5,-32.62,25.19,311.29,-86.65,166.76
52.421513,-1.534985,166.88,1.02,3,142.47,20 / 21,3464729,2019-09-06 19:13:51:411,0.0377,-0.1945,9.7375,-0.0027,0.0019,9.8066,-0.0221,-0.0159,-0.0134,-16.25,-32.81,24.88,311.23,-86.71,166.65
52.421513,-1.534985,166.88,1.02,3,142.47,20 / 21,3464830,2019-09-06 19:13:51:512,-0.1382,0.1976,9.855,-0.0008,-0.0026,9.8066,0.0256,0.0005,0.0214,-16.62,-32.87,24.63,310.07,-86.71,167.08
52.421513,-1.534985,166.88,1.02,3,142.47,20 / 21,3464928,2019-09-06 19:13:51:610,0.0546,-0.0019,9.8642,-0.0008,0.0027,9.8066,0.01,0.0007,-0.0029,-16.19,-32.5,24.25,310.37,-86.73,166.87
52.421513,-1.534985,166.88,1.02,3,142.47,20 / 21,3465029,2019-09-06 19:13:51:711,-0.1684,0.124,9.8799,0.0008,0,9.8066,-0.0017,-0.0128,-0.0088,-16.25,-33.44,24.25,310.09,-86.75,166.67
52.421513,-1.534985,166.88,1.02,3,142.47,20 / 21,3465129,2019-09-06 19:13:51:811,-0.1032,-0.0242,9.9764,0,-0.0015,9.8066,0.0042,0.0051,0.0134,-16.37,-33.25,24.63,311.44,-86.76,166.81
52.421513,-1.534985,166.88,1.02,3,142.47,20 / 21,3465229,2019-09-06 19:13:51:911,-0.007,-0.0513,9.8708,0.0009,-0.0013,9.8065,0.0068,-0.0059,-0.0026,-16.06,-33.5,24.19,310.53,-86.76,167.08
52.421513,-1.534985,166.88,1.02,3,142.47,20 / 21,3465329,2019-09-06 19:13:52:011,-0.0436,-0.0357,9.823,-0.0016,0.0023,9.8066,-0.0067,-0.0134,-0.0162,-16.44,-32.62,24.44,310.13,-86.8,166.66
52.421513,-1.534985,166.88,1.02,3,142.47,21 / 21,3465429,2019-09-06 19:13:52:111,-0.019,-0.1148,9.8883,-0.0017,0.0008,9.8066,-0.0082,0.0133,0.0147,-16.37,-32.69,23.69,310.4,-86.81,166.91
52.421513,-1.534985,166.88,1.02,3,142.47,21 / 21,3465529,2019-09-06 19:13:52:211,0.0771,-0.2783,9.7361,0.0014,0,9.8066,0.0121,-0.0159,-0.0028,-16.56,-32.69,24.69,310.13,-86.8,167.06
52.421513,-1.534985,166.88,1.02,3,142.47,21 / 21,3465628,2019-09-06 19:13:52:310,-0.0834,-0.1419,9.7123,0.0002,0.0013,9.8066,-0.0248,-0.0044,-0.0174,-16.5,-32.75,25.25,311.49,-86.81,166.81
52.421513,-1.534985,166.88,1.02,3,142.47,21 / 21,3465728,2019-09-06 19:13:52:410,0.0906,0.1084,9.8686,-0.0023,0,9.8066,-0.0084,-0.0065,0.0133,-17.06,-32.75,24.56,310.07,-86.83,166.99
52.421513,-1.534985,166.88,1.02,3,142.47,21 / 21,3465828,2019-09-06 19:13:52:510,-0.2207,0.1237,9.8534,-0.0002,0.0012,9.8066,0.0122,0.0037,0.0087,-16.94,-32.81,25.06,310.16,-86.83,167.07
52.421513,-1.534985,166.88,1.02,3,142.47,21 / 21,3465929,2019-09-06 19:13:52:611,0.0099,0.0036,9.9719,-0.0018,0.0028,9.8066,-0.0067,-0.0017,-0.0088,-16.25,-32.37,25,311.88,-86.85,167.08
52.421513,-1.534985,166.88,1.02,3,142.47,21 / 21,3466029,2019-09-06 19:13:52:711,-0.0963,-0.1566,9.7722,-0.0029,0.002,9.8066,-0.0029,-0.0103,0.0126,-16.37,-33.06,24.69,311.82,-86.87,167.08
52.421513,-1.534985,166.88,1.02,3,142.47,21 / 21,3466128,2019-09-06 19:13:52:810,0.0257,-0.1879,9.814,0.0003,-0.0008,9.8066,0.0249,0.0099,0.0231,-16.31,-32.87,24.75,312.33,-86.84,167.59
52.421513,-1.534985,166.88,1.02,3,142.47,21 / 21,3466229,2019-09-06 19:13:52:911,0.1005,-0.2554,9.7646,-0.0012,0.0047,9.8066,-0.0119,-0.0228,-0.0182,-16.06,-32.69,24.75,311.77,-86.87,167.03
52.421513,-1.534985,166.88,1.02,3,142.47,21 / 21,3466329,2019-09-06 19:13:53:011,-0.0999,0.1282,9.8898,-0.0004,-0.004,9.8066,0.0106,0.0054,0.0165,-16,-32.94,24.31,310.79,-86.88,167.23
52.421513,-1.534985,166.88,1.02,3,142.47,20 / 21,3466430,2019-09-06 19:13:53:112,0.0788,-0.0117,9.8502,0.0005,-0.0002,9.8066,0.0063,-0.0021,0.0037,-16.44,-33.12,24.44,311.21,-86.86,167.65
52.421513,-1.534985,166.88,1.02,3,142.47,20 / 21,3466529,2019-09-06 19:13:53:211,-0.2336,0.2568,9.9215,-0.0006,-0.002,9.8066,0.0202,-0.0153,-0.0048,-16.5,-32.62,24.44,311.13,-86.86,167.57
52.421513,-1.534985,166.88,1.02,3,142.47,20 / 21,3466629,2019-09-06 19:13:53:311,-0.0698,0.0173,9.9308,-0.002,0.0016,9.8066,-0.0102,-0.0088,0.0015,-16.37,-32.62,24.81,312.34,-86.86,167.58
52.421513,-1.534985,166.88,1.02,3,142.47,20 / 21,3466728,2019-09-06 19:13:53:410,0.0291,-0.1558,9.8784,0.0013,-0.0034,9.8066,0.0117,-0.0126,0.0138,-16.19,-32.94,24.69,312.53,-86.86,167.77
52.421513,-1.534985,166.88,1.02,3,142.47,20 / 21,3466829,2019-09-06 19:13:53:511,-0.1734,0.1358,9.9531,0.0008,-0.0015,9.8066,0.0119,-0.0025,-0.0026,-16.69,-33,24.31,309.76,-86.86,167.82
52.421513,-1.534985,166.88,1.02,3,142.47,20 / 21,3466929,2019-09-06 19:13:53:611,0.1162,-0.1709,9.7412,-0.0004,-0.0006,9.8066,-0.0157,-0.0225,-0.0125,-16.56,-33.37,24.69,310.78,-86.88,167.62
52.421513,-1.534985,166.88,1.02,3,142.47,20 / 21,3467029,2019-09-06 19:13:53:711,-0.0458,0.0304,9.7596,-0.0024,-0.0006,9.8066,0.0173,0.0035,0.017,-16.31,-33.81,24.25,311.46,-86.89,167.94
52.421513,-1.534985,166.88,1.02,3,142.47,20 / 21,3467128,2019-09-06 19:13:53:810,0.0477,-0.1388,9.8393,0.002,-0.0008,9.8066,0.0149,-0.0038,0.012,-16.12,-33.06,24.5,312.65,-86.88,167.87
52.421513,-1.534985,166.88,1.02,3,142.47,20 / 21,3467228,2019-09-06 19:13:53:910,-0.1361,0.2246,9.9193,0.0023,-0.0002,9.8066,-0.0083,-0.0218,-0.0196,-16.25,-33.37,24.63,312.38,-86.89,167.6
52.421513,-1.534985,166.88,1.02,3,142.47,20 / 21,3467328,2019-09-06 19:13:54:010,-0.1147,0.0835,9.9597,-0.0017,-0.0027,9.8066,0.0084,0.0062,0.0174,-16.19,-32.31,24.25,311.6,-86.9,167.91
52.421513,-1.534985,166.88,1.02,3,142.47,20 / 20,3467429,2019-09-06 19:13:54:111,0.0614,-0.1841,9.773,-0.0008,0.0035,9.8066,0.0014,-0.0058,-0.0025,-16.31,-32.81,24.44,311.82,-86.9,168.2
52.421513,-1.534985,166.88,1.02,3,142.47,20 / 20,3467528,2019-09-06 19:13:54:210,0.2273,-0.4262,9.8615,0.0007,-0.0004,9.8066,0.0028,-0.0159,-0.0169,-16.62,-32.5,23.81,309.92,-86.89,167.87
52.421513,-1.534985,166.88,1.02,3,142.47,20 / 20,3467628,2019-09-06 19:13:54:310,-0.0072,-0.1506,9.8303,0.0017,-0.0041,9.8066,-0.0053,0.0065,0.0106,-16.94,-32.31,24.63,311.4,-86.87,168.15
52.421513,-1.534985,166.88,1.02,3,142.47,20 / 20,3467729,2019-09-06 19:13:54:411,0.0425,-0.2145,9.7877,0.0011,0.0008,9.8066,0.0242,-0.0028,0.0018,-16.94,-32.56,25.06,311.41,-86.84,168.25
52.421513,-1.534985,166.88,1.02,3,142.47,20 / 20,3467829,2019-09-06 19:13:54:511,0.2964,-0.4567,9.7611,0.0006,0.0022,9.8066,0.0076,-0.0106,-0.0069,-17.25,-32.12,25.19,311.06,-86.84,167.84
52.421513,-1.534985,166.88,1.02,3,142.47,20 / 20,3467928,2019-09-06 19:13:54:610,0.1178,-0.1777,9.9316,0.002,-0.0054,9.8066,0.0331,-0.0087,0.0165,-17.44,-32.25,25.25,311.4,-86.8,168.21
52.421513,-1.534985,166.88,1.02,3,142.47,20 / 20,3468028,2019-09-06 19:13:54:710,0.3906,-0.6139,9.7336,0.0001,0.0019,9.8066,-0.0101,-0.0263,-0.0114,-16.94,-32.56,25.56,312.56,-86.77,168.31
52.421513,-1.534985,166.88,1.02,3,142.47,20 / 20,3468129,2019-09-06 19:13:54:811,0.1397,-0.6094,9.877,0.0017,-0.0045,9.8066,0.0091,-0.0197,0.0087,-16.37,-33.06,25.25,313.3,-86.72,168.62
52.421513,-1.534985,166.88,1.02,3,142.47,20 / 20,3468229,2019-09-06 19:13:54:911,0.2042,-0.3546,9.7522,0.003,-0.0028,9.8066,0.0016,-0.015,0.002,-16.19,-32.06,24.25,312.12,-86.7,168.58
52.421513,-1.534985,166.88,1.02,3,142.47,20 / 20,3468329,2019-09-06 19:13:55:011,0.3296,-0.5621,9.723,-0.0008,0.0008,9.8066,-0.007,-0.0225,0.0013,-16,-32.37,24.13,311.96,-86.68,168.43
52.421513,-1.534985,166.88,1.02,3,142.47,20 / 20,3468429,2019-09-06 19:13:55:111,0.2119,-0.6311,9.8659,-0.0026,0.0015,9.8066,0.0216,-0.0415,0.0075,-15.69,-32.37,23.56,311.98,-86.66,168.48
52.421513,-1.534985,166.88,1.02,3,142.47,20 / 20,3468528,2019-09-06 19:13:55:210,0.0608,-0.2161,9.8429,0.0023,-0.0044,9.8065,0.0052,-0.0244,0.0031,-16.06,-32.31,24.31,312.02,-86.65,168.52
52.421513,-1.534985,166.88,1.02,3,142.47,20 / 20,3468629,2019-09-06 19:13:55:311,0.1325,-0.1183,9.7867,0.0014,-0.0017,9.8066,-0.0075,-0.0189,0.0048,-16.12,-31.75,23.69,312.23,-86.62,168.75
52.421513,-1.534985,166.88,1.02,3,142.47,20 / 20,3468729,2019-09-06 19:13:55:411,0.0248,-0.108,9.883,-0.003,0.0014,9.8066,0.0227,-0.0343,0.0042,-16.19,-31.81,22.81,311.2,-86.63,168.97
52.421513,-1.534985,166.88,1.02,3,142.47,20 / 20,3468829,2019-09-06 19:13:55:511,-0.1276,-0.0201,9.8644,-0.0016,0.0031,9.8066,0.0228,-0.0341,0.0061,-15.5,-32.06,23.31,312.85,-86.62,168.9
52.421513,-1.534985,166.88,1.02,3,142.47,20 / 20,3468928,2019-09-06 19:13:55:610,-0.2216,0.1504,9.8594,0.0006,0.0013,9.8066,0.0048,-0.0279,-0.0121,-15.56,-32.06,23.38,311.22,-86.6,169.02
52.421513,-1.534985,166.88,1.02,3,142.47,20 / 20,3469030,2019-09-06 19:13:55:712,-0.102,-0.0643,9.8924,0.0012,0.0008,9.8066,-0.0016,-0.0295,0.009,-15.62,-32.19,23.25,310.96,-86.58,168.78
52.421513,-1.534985,166.88,1.02,3,142.47,20 / 20,3469129,2019-09-06 19:13:55:811,-0.2774,0.4153,10.057,0.0051,-0.001,9.8066,0.0175,-0.0079,0.0008,-14.31,-31.69,23,313.99,-86.58,168.3
52.421513,-1.534985,166.88,1.02,3,142.47,20 / 20,3469229,2019-09-06 19:13:55:911,-0.2451,0.1935,9.8994,0.0011,0.0014,9.8066,-0.0147,-0.046,-0.0095,-14.19,-31.56,23,313.21,-86.55,167.58
52.421513,-1.534985,166.88,1.02,3,142.47,20 / 20,3469330,2019-09-06 19:13:56:012,-0.144,0.1861,9.7936,-0.001,0.0065,9.8066,-0.0174,-0.0306,-0.0136,-13.56,-31.37,22.94,312.36,-86.56,166.68
52.421513,-1.534985,166.88,1.02,3,142.47,21 / 21,3469429,2019-09-06 19:13:56:111,0.0162,0.2255,9.8139,-0.0015,0.0031,9.8066,0.0242,-0.0256,0.0209,-13.62,-31.69,23.56,313.09,-86.55,166.31
52.421513,-1.534985,166.88,1.02,3,142.47,21 / 21,3469529,2019-09-06 19:13:56:211,-0.2687,0.2722,9.9506,0.0024,-0.0007,9.8066,0.0049,-0.0192,-0.0047,-13.44,-31.87,23.94,314.98,-86.5,166.38
52.421513,-1.534985,166.88,1.02,3,142.47,21 / 21,3469629,2019-09-06 19:13:56:311,-0.0404,-0.0938,9.8183,0.0003,0.0039,9.8066,-0.0272,-0.0301,-0.017,-13.69,-31.06,23.56,312.74,-86.52,165.91
52.421513,-1.534985,166.88,1.02,3,142.47,21 / 21,3469728,2019-09-06 19:13:56:410,-0.1408,0.0273,9.864,0.0016,-0.0007,9.8066,0.0056,-0.0151,0.0088,-13.06,-31.44,24.31,314.49,-86.52,165.8
52.421513,-1.534985,166.88,1.02,3,142.47,21 / 21,3469828,2019-09-06 19:13:56:510,-0.0125,0.0063,9.7351,0.0014,-0.0009,9.8066,0.0141,-0.021,0.0092,-13.12,-31.31,24.44,314.45,-86.52,165.77
52.421513,-1.534985,166.88,1.02,3,142.47,21 / 21,3469928,2019-09-06 19:13:56:610,0.187,-0.1864,9.8119,0.0007,0.0004,9.8066,0.0053,-0.0225,-0.0036,-13.44,-31.75,24.06,314.3,-86.49,165.74
52.421513,-1.534985,166.88,1.02,3,142.47,21 / 21,3470029,2019-09-06 19:13:56:711,-0.0093,0.051,9.8199,-0.0004,0.0015,9.8066,-0.0117,-0.0279,-0.0015,-13.37,-31.75,25.06,315.35,-86.48,165.69
52.421513,-1.534985,166.88,1.02,3,142.47,21 / 21,3470128,2019-09-06 19:13:56:810,-0.0086,0.059,9.8664,-0.0005,-0.0059,9.8066,0.009,-0.0163,0.021,-13.31,-31.87,25.19,316.18,-86.45,166.5
52.421513,-1.534985,166.88,1.02,3,142.47,21 / 21,3470228,2019-09-06 19:13:56:910,0.1163,-0.1656,9.7652,0,0.0012,9.8066,0.0057,-0.0185,0.005,-13.31,-31.62,24.44,314.93,-86.47,166.36
52.421513,-1.534985,166.88,1.02,3,142.47,21 / 21,3470328,2019-09-06 19:13:57:010,0.1077,-0.1809,9.8411,-0.0007,-0.0006,9.8066,0.0124,-0.0198,0.0039,-13.62,-31.75,25.25,314.39,-86.46,166.51
52.421513,-1.534985,166.88,1.02,3,142.47,20 / 21,3470428,2019-09-06 19:13:57:110,0.2007,0.0608,9.8898,-0.0016,-0.0025,9.8066,-0.003,-0.0323,0.012,-14.56,-32.12,25.31,312.94,-86.48,166.79
52.421513,-1.534985,166.88,1.02,3,142.47,20 / 21,3470528,2019-09-06 19:13:57:210,-0.0986,0.1913,9.7818,-0.0082,-0.0007,9.8066,-0.0189,-0.0198,0.0249,-14.37,-31.69,25.56,317.66,-86.5,168.57
52.421513,-1.534985,166.88,1.02,3,142.47,20 / 21,3470629,2019-09-06 19:13:57:311,0.0935,-0.142,9.6902,-0.009,0.0004,9.8066,0.0151,-0.0108,0.0277,-14.12,-32,24.75,317.96,-86.52,169.87
52.421513,-1.534985,166.88,1.02,3,142.47,20 / 21,3470729,2019-09-06 19:13:57:411,0.0463,-0.464,9.8007,-0.0043,-0.0067,9.8066,0.037,-0.0223,0.0263,-14.56,-32.06,24.75,318.1,-86.54,171.65
52.421513,-1.534985,166.88,1.02,3,142.47,20 / 21,3470829,2019-09-06 19:13:57:511,0.053,-0.0524,9.7941,-0.003,-0.0004,9.8066,-0.0211,-0.0343,0.0054,-14.31,-32.44,24.94,321.19,-86.56,172.9
52.421513,-1.534985,166.88,1.02,3,142.47,20 / 21,3470929,2019-09-06 19:13:57:611,0.1206,-0.3577,9.8466,-0.0056,-0.0062,9.8066,0.0167,-0.0068,0.024,-14.37,-32.06,25.38,323.33,-86.56,174.93
52.421513,-1.534985,166.88,1.02,3,142.47,20 / 21,3471029,2019-09-06 19:13:57:711,0.3408,-0.5056,9.7869,-0.0018,-0.0027,9.8066,0.0118,-0.021,0.0067,-15.19,-31.62,25.13,322.33,-86.55,175.66
52.421513,-1.534985,166.88,1.02,3,142.47,20 / 21,3471129,2019-09-06 19:13:57:811,0.0362,-0.5143,9.824,-0.0021,0.0002,9.8066,-0.0041,-0.0443,-0.0032,-14.87,-31.81,25.88,323.67,-86.56,175.87
52.421513,-1.534985,166.88,1.02,3,142.47,20 / 21,3471229,2019-09-06 19:13:57:911,0.1575,-0.6888,9.7938,-0.0014,0.0062,9.8066,0.0106,-0.0276,-0.0088,-15.25,-32.06,25.25,322.28,-86.59,175.58
52.421513,-1.534985,166.88,1.02,3,142.47,20 / 21,3471328,2019-09-06 19:13:58:010,0.5402,-0.5688,9.977,0.0056,0.0025,9.8066,0.0221,-0.0284,-0.0044,-15.25,-31.94,26.06,322.29,-86.65,174.51
52.421513,-1.534985,166.88,1.02,3,142.47,20 / 21,3471429,2019-09-06 19:13:58:111,0.3952,0.2607,10.0027,-0.0046,0.0055,9.8066,0.0056,-0.0504,0.0227,-15.56,-32,25.5,319.78,-86.7,173.67
52.421513,-1.534985,166.88,1.02,3,142.47,20 / 21,3471529,2019-09-06 19:13:58:211,0.3761,-0.2373,9.72,-0.0122,-0.0045,9.8066,-0.0192,-0.0522,0.0261,-15.12,-32.12,25.38,322.82,-86.82,175.93
52.421513,-1.534985,166.88,1.02,3,142.47,20 / 21,3471629,2019-09-06 19:13:58:311,-0.0059,-0.279,9.6806,-0.0169,-0.0036,9.8065,-0.0332,-0.0359,0.0433,-15.62,-32.31,25.44,324.58,-86.9,179.18
52.421513,-1.534985,166.88,1.02,3,142.47,20 / 21,3471729,2019-09-06 19:13:58:411,-0.2402,-0.1928,10.13,-0.0133,-0.0095,9.8066,0.006,-0.0333,0.0486,-15.81,-31.81,25.56,331.06,-86.95,-175.76
52.421513,-1.534985,166.88,1.02,3,142.47,20 / 21,3471828,2019-09-06 19:13:58:510,-0.0361,-0.7291,10.0044,-0.0077,-0.0155,9.8066,0.0343,-0.0492,0.0415,-15.56,-32.44,25.63,334.69,-86.85,-172.25
52.421513,-1.534985,166.88,1.02,3,142.47,20 / 21,3471928,2019-09-06 19:13:58:610,0.1144,-0.8988,9.6793,0.0007,-0.0055,9.8066,0.014,-0.0677,0.0124,-16,-32.19,25,335.19,-86.75,-170.69
52.421513,-1.534985,166.88,1.02,3,142.47,20 / 21,3472028,2019-09-06 19:13:58:710,0.0721,-0.4423,9.5707,0.0034,-0.0008,9.8066,-0.003,-0.0664,-0.0157,-15.44,-32.5,25.44,336.59,-86.68,-170.96
52.421513,-1.534985,166.88,1.02,3,142.47,20 / 21,3472129,2019-09-06 19:13:58:811,0.5426,-0.2506,9.5191,0.0064,0.0023,9.8066,0.0215,-0.0413,-0.015,-15.5,-32.69,25.81,335.31,-86.67,-173.14
52.421513,-1.534985,166.88,1.02,3,142.47,20 / 21,3472229,2019-09-06 19:13:58:911,0.4759,-0.5576,9.8333,0.0036,-0.0006,9.8066,0.0033,-0.043,-0.0104,-14.5,-32.31,25.13,335.57,-86.66,-173.6
52.421513,-1.534985,166.88,1.02,3,142.47,20 / 21,3472329,2019-09-06 19:13:59:011,0.133,-0.9696,9.882,0.0009,-0.0033,9.8066,-0.026,-0.057,-0.0075,-14.31,-32.62,25.5,336.07,-86.66,-174.08
52.421513,-1.534985,166.88,1.02,3,142.47,21 / 21,3472429,2019-09-06 19:13:59:111,0.1176,-0.0073,9.8444,0.0029,-0.0039,9.8066,0.0166,-0.0592,0.0195,-14.44,-32.87,25.44,334.86,-86.65,-174.21
52.421513,-1.534985,166.88,1.02,3,142.47,21 / 21,3472529,2019-09-06 19:13:59:211,0.3526,-0.7585,9.8363,0.0017,0.0004,9.8066,0.0335,-0.0551,0.0047,-14.12,-32.31,25.38,334.88,-86.62,-174.23
52.421513,-1.534985,166.88,1.02,3,142.47,21 / 21,3472628,2019-09-06 19:13:59:310,0.2043,-0.3664,9.9328,0.0012,-0.0039,9.8066,0.029,-0.0517,0.0098,-13.81,-32.31,24.88,334.66,-86.54,-174.4
52.421513,-1.534985,166.88,1.02,3,142.47,21 / 21,3472729,2019-09-06 19:13:59:411,-0.216,0.0582,10.1153,-0.0022,-0.008,9.8065,-0.0007,-0.098,0.0287,-13.87,-31.87,25.94,336.91,-86.44,-173.23
52.421513,-1.534985,166.88,1.02,3,142.47,21 / 21,3472829,2019-09-06 19:13:59:511,0.2634,-0.8521,9.8469,-0.0041,-0.0061,9.8066,0.0204,-0.032,0.023,-13.75,-32,25.75,338.04,-86.41,-172.16
52.421513,-1.534985,166.88,1.02,3,142.47,21 / 21,3472928,2019-09-06 19:13:59:610,-0.1547,-0.4137,9.7371,-0.0028,-0.0023,9.8066,0.0383,-0.0686,0.0267,-14.12,-32.44,25.44,338.04,-86.41,-171.17
52.421513,-1.534985,166.88,1.02,3,142.47,21 / 21,3473029,2019-09-06 19:13:59:711,0.3818,-0.2734,9.7107,-0.0055,0,9.8066,-0.0293,-0.0864,0.0126,-14,-32.37,25.13,339.08,-86.46,-170.22
52.421513,-1.534985,166.88,1.02,3,142.47,21 / 21,3473128,2019-09-06 19:13:59:810,-0.0576,0.0159,9.9078,-0.008,-0.0017,9.8066,-0.0328,-0.0469,0.0279,-14.06,-32.81,25.5,341.78,-86.47,-168.65
52.421513,-1.534985,166.88,1.02,3,142.47,21 / 21,3473229,2019-09-06 19:13:59:911,0.0368,-0.0794,10.1118,-0.0052,-0.0064,9.8066,0.0524,-0.0428,0.0328,-14.81,-32.56,26,342.3,-86.4,-166.48
52.421513,-1.534985,166.88,1.02,3,142.47,21 / 21,3473328,2019-09-06 19:14:00:010,0.1607,-0.5895,9.7181,-0.0001,0.0012,9.8066,-0.0374,-0.061,-0.0235,-14.87,-32.5,25.69,342.74,-86.43,-166.12
52.421513,-1.534985,166.88,1.02,3,142.47,21 / 21,3473429,2019-09-06 19:14:00:111,0.4807,-0.2636,9.4459,0.0066,0.0001,9.8066,-0.0019,-0.0474,0.043,-15.5,-32.37,25.69,342.08,-86.38,-166.72
52.421513,-1.534985,166.88,1.02,3,142.47,21 / 21,3473528,2019-09-06 19:14:00:210,0.1459,0.6908,9.5338,-0.0136,0.0074,9.8066,-0.0201,-0.0463,0.0445,-15.25,-32.69,26.19,343.07,-86.45,-165.79
52.421513,-1.534985,166.88,1.02,3,142.47,21 / 21,3473629,2019-09-06 19:14:00:311,-0.0136,0.09,9.9351,-0.0125,-0.0127,9.8066,0.0113,-0.0112,0.0057,-14.81,-32.87,25.94,345.84,-86.33,-163.17
52.421513,-1.534985,166.88,1.02,3,142.47,21 / 21,3473728,2019-09-06 19:14:00:410,0.5311,0.7437,9.7052,-0.0022,0.0037,9.8066,0.016,0.0105,0.0379,-15.12,-32.25,26.63,347,-86.11,-163.01
52.421513,-1.534985,166.88,1.02,3,142.47,21 / 21,3473828,2019-09-06 19:14:00:510,0.371,-0.013,10.2132,-0.0243,-0.0208,9.8066,0.0152,-0.0633,0.0913,-16,-31.69,27.75,349.34,-85.95,-160.15
52.421513,-1.534985,166.88,1.02,3,142.47,21 / 21,3473929,2019-09-06 19:14:00:611,-0.1002,0.2285,10.0303,-0.0126,-0.0143,9.8066,0.0184,0.03,0.0185,-16.56,-32.06,28.31,353.94,-85.63,-154.33
52.421513,-1.534985,166.88,1.02,3,142.47,21 / 21,3474029,2019-09-06 19:14:00:711,0.3058,-0.0386,9.4345,0.0042,-0.0118,9.8066,0.0232,0.0577,0.0157,-16.25,-31.94,27.94,355.73,-85.54,-154.18
52.421513,-1.534985,166.88,1.02,3,142.47,21 / 21,3474128,2019-09-06 19:14:00:810,0.2777,-0.1731,9.4618,0.0025,0.0023,9.8066,0.0183,0.032,-0.0121,-16.94,-32.12,27.88,353.81,-85.5,-154.43
52.421513,-1.534985,166.88,1.02,3,142.47,21 / 21,3474229,2019-09-06 19:14:00:911,-0.0391,0.8539,9.8584,0.0037,0.0074,9.8066,-0.0098,0.0761,-0.012,-16.81,-31.31,27.56,353.05,-85.63,-155.17
52.421513,-1.534985,166.88,1.02,3,142.47,21 / 21,3474330,2019-09-06 19:14:01:012,-0.1044,1.1024,10.0625,-0.0025,0.0007,9.8066,0.01,0.0906,0.0106,-16.94,-31.44,27.38,352.6,-85.72,-154.65
52.421513,-1.534985,166.88,1.02,3,142.47,21 / 21,3474429,2019-09-06 19:14:01:111,-0.7161,1.5055,9.9374,-0.0038,-0.0042,9.8066,-0.0035,0.0928,0.0099,-17.06,-31.56,27.94,354.32,-85.72,-153.99
52.421513,-1.534985,166.88,1.02,3,142.47,21 / 21,3474528,2019-09-06 19:14:01:210,-0.8251,1.3184,10.0446,-0.0059,-0.0083,9.8066,0.0421,0.0955,0.0204,-18.06,-30.56,28.44,354.33,-85.68,-152.52
52.421513,-1.534985,166.88,1.02,3,142.47,21 / 21,3474628,2019-09-06 19:14:01:310,-1.114,1.0014,10.1213,-0.0026,-0.0016,9.8066,-0.0024,0.1041,-0.0104,-18.62,-31.25,27.88,354.59,-85.64,-150.86
52.421513,-1.534985,166.88,1.02,3,142.47,21 / 21,3474728,2019-09-06 19:14:01:410,-1.0508,1.4084,9.8834,0.0034,0.0036,9.8066,0.0003,0.1048,-0.0151,-18.31,-32,28,355.92,-85.68,-151.04
52.421513,-1.534985,166.88,1.02,3,142.47,21 / 21,3474828,2019-09-06 19:14:01:510,-0.7644,0.6916,9.7036,0.0029,0.0045,9.8066,-0.0252,0.0685,-0.0168,-18.06,-31.62,27.56,355.19,-85.71,-151.72
52.421513,-1.534985,166.88,1.02,3,142.47,21 / 21,3474928,2019-09-06 19:14:01:610,-0.838,0.8966,9.7687,-0.0001,0.0016,9.8066,0.0177,0.0663,0.0144,-18.06,-31.31,27.06,353.91,-85.71,-151.95
52.421513,-1.534985,166.88,1.02,3,142.47,21 / 21,3475028,2019-09-06 19:14:01:710,-0.4428,0.7733,10.0243,0.0026,0.0017,9.8066,-0.0086,0.059,-0.0242,-18.25,-32.12,27.19,353.44,-85.72,-152.37
52.421513,-1.534985,166.88,1.02,3,142.47,21 / 21,3475129,2019-09-06 19:14:01:811,-0.2697,0.5059,9.9089,0.0015,-0.0055,9.8066,0.0132,0.0574,-0.0043,-18.31,-31.81,27.13,353.38,-85.73,-152.43
52.421513,-1.534985,166.88,1.02,3,142.47,21 / 21,3475229,2019-09-06 19:14:01:911,-0.0925,-0.0539,9.8999,0.0007,-0.0041,9.8066,0.0066,0.0541,0.0173,-18.25,-31.75,26.81,353.37,-85.65,-152.43
52.421513,-1.534985,166.88,1.02,3,142.47,21 / 21,3475329,2019-09-06 19:14:02:011,-0.3532,0.1033,9.6772,-0.002,0.0044,9.8066,-0.0134,0.0443,-0.0216,-18.25,-32,26.5,353.64,-85.64,-152.17
52.421513,-1.534985,166.88,1.02,3,142.47,21 / 21,3475428,2019-09-06 19:14:02:110,-0.0132,-0.1825,9.7561,-0.0032,-0.0007,9.8066,0.0031,0.0383,0.0154,-18.25,-31.31,26.06,352.94,-85.65,-151.82
52.421513,-1.534985,166.88,1.02,3,142.47,21 / 21,3475528,2019-09-06 19:14:02:210,-0.381,0.1963,9.8222,-0.0017,0.0024,9.8066,0.0212,0.0262,0.0219,-18.44,-31.5,26.5,354.5,-85.65,-151.4
52.421513,-1.534985,166.88,1.02,3,142.47,21 / 21,3475628,2019-09-06 19:14:02:310,0.1047,-0.0551,9.7885,-0.0027,0.0067,9.8066,0.0137,0.0464,-0.0158,-18.19,-31.5,26.56,354.48,-85.7,-151.42
52.421513,-1.534985,166.88,1.02,3,142.47,21 / 21,3475729,2019-09-06 19:14:02:411,-0.3684,0.2838,9.8446,-0.0005,-0.0034,9.8066,-0.0191,0.0291,0.0154,-18.75,-31.62,27.06,353.2,-85.68,-151.15
52.421513,-1.534985,166.88,1.02,3,142.47,21 / 21,3475828,2019-09-06 19:14:02:510,-0.072,-0.0905,9.7597,0.001,-0.0012,9.8066,-0.0339,0.0302,-0.0013,-18.87,-31.69,27.25,353.53,-85.68,-150.85
52.421513,-1.534985,166.88,1.02,3,142.47,21 / 21,3475929,2019-09-06 19:14:02:611,-0.3804,0.198,9.846,-0.0029,0.0023,9.8066,-0.002,0.0386,-0.0013,-19.06,-31.56,27,353.96,-85.71,-150.45
52.421513,-1.534985,166.88,1.02,3,142.47,21 / 21,3476029,2019-09-06 19:14:02:711,-0.2712,0.2611,9.9741,-0.0002,-0.0014,9.8066,0.0257,0.0145,0.0034,-18.75,-31.56,26.25,353.09,-85.7,-150.22
52.421513,-1.534985,166.88,1.02,3,142.47,21 / 21,3476128,2019-09-06 19:14:02:810,-0.1238,0.1991,9.9124,-0.0006,0.0022,9.8066,-0.0067,0.0185,-0.0092,-17.62,-31.75,25.75,354.65,-85.75,-150.24
52.421513,-1.534985,166.88,1.02,3,142.47,21 / 21,3476228,2019-09-06 19:14:02:910,-0.09,0.0689,9.8099,-0.0007,0.0015,9.8066,-0.0194,0.0303,0.0073,-17.87,-31.44,25.5,354.62,-85.75,-150.28
52.421513,-1.534985,166.88,1.02,3,142.47,21 / 21,3476329,2019-09-06 19:14:03:011,0.1976,-0.343,9.7169,-0.0009,0.0032,9.8066,0.0162,0.0151,0.0072,-17.75,-31.75,25.13,353.6,-85.73,-150.13
52.421513,-1.534985,166.88,1.02,3,142.47,21 / 21,3476430,2019-09-06 19:14:03:112,-0.3334,0.2732,9.8968,0.0016,-0.0021,9.8066,0.0024,0.0092,-0.0022,-18.12,-32.44,25.13,353.74,-85.75,-150.01
52.421513,-1.534985,166.88,1.02,3,142.47,21 / 21,3476528,2019-09-06 19:14:03:210,-0.0328,0.0575,9.8686,-0.0023,0.0028,9.8066,-0.0277,-0.002,-0.0033,-17.69,-31.69,25.25,354.04,-85.79,-149.73
52.421513,-1.534985,166.88,1.02,3,142.47,21 / 21,3476629,2019-09-06 19:14:03:311,-0.0877,0.0061,9.8058,-0.0032,0.0029,9.8066,0.0171,0.0215,0.0137,-18.06,-31.75,25.25,354.06,-85.77,-149.72
52.421513,-1.534985,166.88,1.02,3,142.47,21 / 21,3476729,2019-09-06 19:14:03:411,-0.0496,-0.0787,9.7635,0.0029,-0.0002,9.8066,0.0252,-0.0028,-0.0104,-17.69,-31.81,25.44,353.9,-85.78,-149.86
52.421513,-1.534985,166.88,1.02,3,142.47,21 / 21,3476828,2019-09-06 19:14:03:510,-0.3397,0.3013,9.9186,0.0013,-0.0037,9.8066,0.005,0.0047,0.0076,-17.5,-32.19,25.38,355.76,-85.79,-149.69
52.421513,-1.534985,166.88,1.02,3,142.47,21 / 21,3476929,2019-09-06 19:14:03:611,-0.2253,0.129,9.8439,-0.0029,0.0036,9.8066,-0.0162,0.0048,0.0087,-17.69,-31.56,25.19,354.27,-85.78,-149.52
52.421513,-1.534985,166.88,1.02,3,142.47,21 / 21,3477029,2019-09-06 19:14:03:711,-0.3408,0.1024,9.9912,-0.0013,0.0025,9.8066,-0.0039,-0.0146,-0.0037,-17.87,-31.81,25.63,355.53,-85.79,-149.43
52.421513,-1.534985,166.88,1.02,3,142.47,21 / 21,3477129,2019-09-06 19:14:03:811,0.1561,0.0137,9.8445,0,0.0034,9.8066,-0.0026,-0.0008,-0.0066,-18.06,-32.12,25.56,355.13,-85.8,-149.8
52.421513,-1.534985,166.88,1.02,3,142.47,21 / 21,3477229,2019-09-06 19:14:03:911,0.0124,-0.2788,9.752,-0.0021,-0.0015,9.8066,0.0305,-0.0032,0.0238,-18.37,-31.44,25.5,355.32,-85.79,-149.63
52.421513,-1.534985,166.88,1.02,3,142.47,21 / 21,3477328,2019-09-06 19:14:04:010,-0.0305,-0.1052,9.7705,0.0017,0.0006,9.8066,-0.0026,-0.0281,-0.0003,-19.12,-31.87,26.19,353.82,-85.8,-149.56
52.421513,-1.534985,166.88,1.02,3,142.47,21 / 21,3477428,2019-09-06 19:14:04:110,-0.0901,0.0823,9.9522,-0.001,0.0008,9.8066,0.0054,0.0032,0.0063,-18.44,-31.62,26.06,355.3,-85.82,-149.65
52.421513,-1.534985,166.88,1.02,3,142.47,21 / 21,3477528,2019-09-06 19:14:04:210,0.0685,-0.1472,9.8249,-0.0001,0.0004,9.8066,0.0168,0.0072,0.0225,-18.25,-31.69,26.25,355.31,-85.79,-149.63
52.421513,-1.534985,166.88,1.02,3,142.47,21 / 21,3477629,2019-09-06 19:14:04:311,-0.1239,0.3538,9.98,0.0008,0.0011,9.8066,-0.0241,-0.0207,-0.0208,-19.19,-32,26.38,353.65,-85.81,-149.72
52.421513,-1.534985,166.88,1.02,3,142.47,21 / 21,3477728,2019-09-06 19:14:04:410,0.1542,-0.0958,9.8019,0.0003,-0.0025,9.8066,0.0313,-0.0065,0.0057,-19.12,-31.81,25.81,353.67,-85.81,-149.69
52.421513,-1.534985,166.88,1.02,3,142.47,21 / 21,3477828,2019-09-06 19:14:04:510,-0.0712,-0.0626,9.8111,0.0015,-0.0003,9.8065,-0.0053,-0.0032,-0.0084,-18.69,-31.25,26.13,353.74,-85.81,-149.65
52.421513,-1.534985,166.88,1.02,3,142.47,21 / 21,3477929,2019-09-06 19:14:04:611,-0.1821,0.304,9.9362,0.0011,-0.0028,9.8066,0.0195,-0.009,0.0209,-19.12,-31.69,26.69,354.91,-85.84,-149.58
52.421513,-1.534985,166.88,1.02,3,142.47,21 / 21,3478028,2019-09-06 19:14:04:710,0.023,0.0083,9.997,-0.0025,0.0029,9.8066,-0.001,-0.0293,0.0094,-18.81,-31.62,26.5,355.22,-85.84,-149.3
52.421513,-1.534985,166.88,1.02,3,142.47,21 / 21,3478128,2019-09-06 19:14:04:810,-0.0169,0.2157,9.9095,-0.0007,0.0025,9.8066,-0.0365,-0.0072,-0.0233,-19.12,-31.5,26.94,354.89,-85.86,-149.62
52.421513,-1.534985,166.88,1.02,3,142.47,21 / 21,3478228,2019-09-06 19:14:04:910,0.0377,-0.1916,9.7947,-0.0001,-0.0016,9.8066,0.0233,0.0111,0.0293,-18.94,-31.5,27.44,354.97,-85.84,-149.54
52.421513,-1.534985,166.88,1.02,3,142.47,21 / 21,3478329,2019-09-06 19:14:05:011,-0.2807,-0.0236,9.7652,0.0026,0.0015,9.8066,0.0054,-0.0242,-0.0067,-19.44,-31.44,27.31,354.69,-85.86,-149.8
52.421513,-1.534985,166.88,1.02,3,142.47,21 / 21,3478429,2019-09-06 19:14:05:111,-0.0522,-0.2068,9.6994,0.0014,-0.0058,9.8066,0.0243,0.0004,0.0143,-18.62,-31.5,26.88,354.67,-85.85,-149.82
52.421513,-1.534985,166.88,1.02,3,142.47,21 / 21,3478529,2019-09-06 19:14:05:211,-0.0944,-0.0182,9.7841,0.001,0.0031,9.8066,-0.0029,-0.0082,-0.0069,-18.81,-31.31,26.19,353.63,-85.86,-149.76
52.421513,-1.534985,166.88,1.02,3,142.47,21 / 21,3478628,2019-09-06 19:14:05:310,0.1005,-0.3763,9.7093,-0.0005,0.0026,9.8066,-0.0211,-0.0041,-0.008,-18.5,-31.56,26.63,356.2,-85.88,-149.83
52.421513,-1.534985,166.88,1.02,3,142.47,21 / 21,3478729,2019-09-06 19:14:05:411,-0.1159,-0.0655,9.7847,-0.0004,-0.0003,9.8066,0.02,-0.0023,0.0232,-18.81,-31.06,26.75,354.93,-85.84,-149.58
52.421513,-1.534985,166.88,1.02,3,142.47,21 / 21,3478828,2019-09-06 19:14:05:510,0.0296,0.2229,9.9441,0.0028,0.0003,9.8065,-0.0265,-0.0017,-0.019,-18.69,-31.87,26.44,353.56,-85.85,-149.8
52.421513,-1.534985,166.88,1.02,3,142.47,21 / 21,3478928,2019-09-06 19:14:05:610,-0.1366,0.2611,9.8666,-0.0018,-0.0014,9.8066,-0.0026,0.0044,0.0073,-18.69,-31.75,26.19,353.87,-85.86,-149.52
52.421513,-1.534985,166.88,1.02,3,142.47,21 / 21,3479028,2019-09-06 19:14:05:710,0.0503,0.0825,9.8341,-0.0016,0.0037,9.8066,0.0239,-0.0244,0.0058,-18.69,-31.44,26.31,353.92,-85.87,-149.49
52.421513,-1.534985,166.88,1.02,3,142.47,21 / 21,3479129,2019-09-06 19:14:05:811,-0.0698,-0.0285,9.9137,0.0005,-0.0007,9.8066,-0.023,-0.0075,-0.0219,-18.87,-31.62,26.69,354.77,-85.89,-149.72
52.421513,-1.534985,166.88,1.02,3,142.47,21 / 21,3479229,2019-09-06 19:14:05:911,-0.0389,0.0551,9.8622,-0.0014,-0.0012,9.8066,0.0198,0.0067,0.0264,-18.81,-31.69,26.5,354.87,-85.87,-149.62
52.421513,-1.534985,166.88,1.02,3,142.47,21 / 21,3479329,2019-09-06 19:14:06:011,-0.2126,0.002,9.833,-0.0008,0.0026,9.8066,0.0187,0.0129,0.018,-19,-31.19,26.38,353.76,-85.88,-149.63
52.421513,-1.534985,166.88,1.02,3,142.47,21 / 21,3479429,2019-09-06 19:14:06:111,0.0104,0.0511,9.9034,0.0021,-0.0043,9.8065,-0.0156,-0.002,0.0038,-19.37,-31.25,27,354.79,-85.88,-149.71
52.421513,-1.534985,166.88,1.02,3,142.47,21 / 21,3479529,2019-09-06 19:14:06:211,-0.0246,-0.1114,9.7762,0.0016,-0.0005,9.8066,-0.007,-0.0045,0.0029,-19.19,-31.62,26.38,353.77,-85.88,-149.61
52.421513,-1.534985,166.88,1.02,3,142.47,21 / 21,3479628,2019-09-06 19:14:06:310,0.1419,-0.2902,9.7245,0.0014,-0.0009,9.8066,0.0095,-0.0056,0.0171,-18.75,-30.81,26.25,353.81,-85.9,-149.59
52.421513,-1.534985,166.88,1.02,3,142.47,21 / 21,3479730,2019-09-06 19:14:06:412,-0.0868,0.0793,9.9621,-0.0014,0.0022,9.8066,0.0037,0.0056,-0.008,-19.06,-31.81,26.44,354.05,-85.9,-149.35
52.421513,-1.534985,166.88,1.02,3,142.47,21 / 21,3479830,2019-09-06 19:14:06:512,-0.0013,0.1525,9.9892,-0.0011,0.0041,9.8066,0.0179,-0.0092,0.0196,-18.94,-31.37,26.63,355.13,-85.91,-149.4
52.421513,-1.534985,166.88,1.02,3,142.47,21 / 21,3479929,2019-09-06 19:14:06:611,-0.0659,0.112,9.8734,0.0001,-0.0017,9.8066,-0.0067,-0.0032,-0.0124,-18.94,-31.56,26.5,355.28,-85.91,-149.25
52.421513,-1.534985,166.88,1.02,3,142.47,21 / 21,3480028,2019-09-06 19:14:06:710,-0.0103,0.0014,9.9138,0.0016,-0.0007,9.8066,-0.0118,-0.0057,-0.0047,-18.69,-30.94,26.75,355.21,-85.9,-149.32
52.421513,-1.534985,166.88,1.02,3,142.47,21 / 21,3480128,2019-09-06 19:14:06:810,-0.0829,0.0895,9.8438,-0.0014,0.0021,9.8066,0.0168,-0.0086,0.016,-19.37,-31,26.75,355.13,-85.93,-149.4
52.421513,-1.534985,166.88,1.02,3,142.47,21 / 21,3480229,2019-09-06 19:14:06:911,0.0549,-0.2008,9.8413,-0.0026,0.0035,9.8066,0.0181,-0.0071,-0.0077,-18.87,-32.06,27.06,355.27,-85.93,-149.26
52.421513,-1.534985,166.88,1.02,3,142.47,21 / 21,3480329,2019-09-06 19:14:07:011,0.0114,-0.0947,9.8497,0.0011,0.0018,9.8066,-0.0045,-0.0013,0.0056,-18.62,-31.56,26.56,355.16,-85.92,-149.36
52.421513,-1.534985,166.88,1.02,3,142.47,21 / 21,3480429,2019-09-06 19:14:07:111,-0.0509,-0.1302,9.8845,-0.0005,-0.0001,9.8066,0.014,0.0069,0.0174,-19,-31.37,26.63,355.17,-85.94,-149.37
52.421513,-1.534985,166.88,1.02,3,142.47,21 / 21,3480529,2019-09-06 19:14:07:211,0.031,-0.0694,9.8337,0.0013,-0.0016,9.8066,-0.0259,-0.0065,-0.0114,-19.25,-31.25,26.19,354.11,-85.94,-149.31
52.421513,-1.534985,166.88,1.02,3,142.47,21 / 21,3480629,2019-09-06 19:14:07:311,-0.0906,0.1033,9.8603,-0.0025,0.0044,9.8066,0.0018,-0.0057,-0.004,-19,-31.31,26.06,354.27,-85.96,-149.17
52.421513,-1.534985,166.88,1.02,3,142.47,21 / 21,3480729,2019-09-06 19:14:07:411,0.4133,-0.5064,9.7108,0.0022,0.0013,9.8066,0.0271,0.0091,0.012,-18.56,-31.44,26.38,353.76,-85.98,-149.65
52.421513,-1.534985,166.88,1.02,3,142.47,21 / 21,3480829,2019-09-06 19:14:07:511,-0.0099,0.1461,10.0063,0.0015,-0.0046,9.8066,-0.0246,0.0078,-0.007,-18.56,-31.25,25.81,353.69,-85.97,-149.71
52.421513,-1.534985,166.88,1.02,3,142.47,21 / 21,3480929,2019-09-06 19:14:07:611,0.6332,-0.4185,9.8391,0.0027,-0.001,9.8066,0.0004,0.0243,-0.0022,-17.87,-31.19,25.31,354.02,-85.99,-149.79
52.421513,-1.534985,166.88,1.02,3,142.47,21 / 21,3481028,2019-09-06 19:14:07:710,0.1137,0.0769,9.8778,-0.0004,0.0039,9.8066,0.0291,0.0382,0.0188,-17.94,-31.5,24.88,353.91,-86.03,-149.9
52.421513,-1.534985,166.88,1.02,3,142.47,21 / 21,3481128,2019-09-06 19:14:07:810,0.5034,-0.4003,9.7865,-0.001,0.0006,9.8066,0.0028,0.0234,-0.015,-17,-31.19,24.69,355.46,-86.01,-149.99
52.421513,-1.534985,166.88,1.02,3,142.47,21 / 21,3481228,2019-09-06 19:14:07:910,0.5645,-0.622,9.9016,0.0029,0.0005,9.8066,0.0114,0.0434,0.0019,-17.06,-30.94,23.81,354.12,-86.03,-150.12
52.421513,-1.534985,166.88,1.02,3,142.47,21 / 21,3481328,2019-09-06 19:14:08:010,0.5908,-0.4622,9.8627,-0.0005,0.0012,9.8066,0.0014,0.0468,-0.0062,-17.37,-31.44,24.25,354.13,-86.04,-150.12
52.421513,-1.534985,166.88,1.02,3,142.47,21 / 21,3481428,2019-09-06 19:14:08:110,0.2151,0.0755,9.9323,-0.0032,0.0051,9.8065,0.0255,0.0775,0.0099,-17.56,-30.69,24.75,353.66,-86.05,-150.13
52.421513,-1.534985,166.88,1.02,3,142.47,21 / 21,3481529,2019-09-06 19:14:08:211,0.4446,-0.6254,9.7854,0.0038,-0.0052,9.8066,-0.0042,0.0663,-0.019,-18.06,-30.37,25.25,353.27,-86,-150.5
52.421513,-1.534985,166.88,1.02,3,142.47,21 / 21,3481629,2019-09-06 19:14:08:311,0.6195,-0.8003,9.9009,0.0052,-0.0028,9.8066,0.0238,0.081,0.0031,-19.12,-29.75,25.94,352.64,-86.02,-150.71
52.421513,-1.534985,166.88,1.02,3,142.47,21 / 21,3481729,2019-09-06 19:14:08:411,0.1453,-0.3329,9.6851,-0.0011,0.0021,9.8066,-0.0233,0.0755,0.0004,-19.5,-30.31,26.75,353.63,-86.03,-150.82
52.421513,-1.534985,166.88,1.02,3,142.47,21 / 21,3481828,2019-09-06 19:14:08:510,0.2177,-0.5117,9.7136,0.0019,-0.0037,9.8066,-0.043,0.0755,0.0004,-20,-29.69,27.31,352.28,-86.05,-150.7
52.421513,-1.534985,166.88,1.02,3,142.47,21 / 21,3481928,2019-09-06 19:14:08:610,0.2598,-0.593,9.5419,-0.0115,0.0149,9.8066,0.0241,0.0611,-0.0004,-20.06,-29.62,27.56,354.6,-86.16,-149.54
52.421513,-1.534985,166.88,1.02,3,142.47,21 / 21,3482028,2019-09-06 19:14:08:710,0.4855,-0.8278,9.9248,-0.01,0.012,9.8066,-0.0028,0.0434,0.0112,-19.69,-29.69,27.19,353.97,-86.19,-149.13
52.421513,-1.534985,166.88,1.02,3,142.47,21 / 21,3482128,2019-09-06 19:14:08:810,0.4853,-0.9567,9.8783,-0.0054,0.0031,9.8066,0.0012,0.038,0.0106,-18.75,-29.19,25.94,355.37,-86.22,-148.19
52.421513,-1.534985,166.88,1.02,3,142.47,21 / 21,3482228,2019-09-06 19:14:08:910,0.7325,-0.7607,9.8408,-0.0093,0.0086,9.8066,0.0266,0.08,-0.0032,-19.06,-29.25,25.19,355.24,-86.26,-147.22
52.421513,-1.534985,166.88,1.02,3,142.47,21 / 21,3482328,2019-09-06 19:14:09:010,0.0791,-0.3507,10.0559,-0.0023,0.0022,9.8066,-0.0084,0.0486,-0.0179,-19.31,-29.81,25.13,355.61,-86.28,-146.87
52.421513,-1.534985,166.88,1.02,3,142.47,20 / 20,3482429,2019-09-06 19:14:09:111,0.1274,-0.7675,9.9878,0.0027,0.0093,9.8066,0.0148,0.039,-0.0085,-20,-29.69,24.81,353.66,-86.36,-147.3
52.421513,-1.534985,166.88,1.02,3,142.47,20 / 20,3482528,2019-09-06 19:14:09:210,0.0527,-0.4315,9.8099,0.0041,0.0038,9.8066,0.0532,0.0115,-0.0077,-19.81,-29.31,25,352.46,-86.42,-148.44
52.421513,-1.534985,166.88,1.02,3,142.47,20 / 20,3482629,2019-09-06 19:14:09:311,0.4096,-0.694,9.6745,0.0062,0.0011,9.8066,0.0324,0.0081,-0.0374,-19.94,-28.94,25.13,350.6,-86.36,-150.19
52.421513,-1.534985,166.88,1.02,3,142.47,20 / 20,3482729,2019-09-06 19:14:09:411,0.7555,-0.9092,9.8176,0.016,-0.0216,9.8066,0.0309,-0.0037,0.0373,-19.56,-29.75,24.25,346.26,-86.15,-153.03
52.421513,-1.534985,166.88,1.02,3,142.47,20 / 20,3482828,2019-09-06 19:14:09:510,1.1455,-1.5354,9.6508,0.0025,-0.0133,9.8066,0.0148,-0.0365,0.0265,-19.44,-30.19,24.44,348.12,-86.01,-152.68
52.421513,-1.534985,166.88,1.02,3,142.47,20 / 20,3482929,2019-09-06 19:14:09:611,1.1136,-2.1071,9.6665,-0.0031,-0.0191,9.8066,-0.0277,-0.0308,0.0511,-19.5,-30.25,24.69,351.69,-85.76,-150.47
52.421513,-1.534985,166.88,1.02,3,142.47,20 / 20,3483028,2019-09-06 19:14:09:710,-0.1302,-1.5967,9.9917,0.0003,-0.0186,9.8066,-0.0542,-0.0857,0.0382,-19.5,-30.5,24.31,352.05,-85.64,-148.97
52.421513,-1.534985,166.88,1.02,3,142.47,20 / 20,3483129,2019-09-06 19:14:09:811,0.0446,-1.2812,10.0511,-0.0063,0.0087,9.8066,0.0654,-0.0637,-0.0062,-18.62,-31,24.31,353.44,-85.66,-147.67
52.421513,-1.534985,166.88,1.02,3,142.47,20 / 20,3483229,2019-09-06 19:14:09:911,0.2654,-0.9279,9.5143,0.0086,-0.0095,9.8065,0.0519,-0.094,0.0064,-18.37,-31.31,23.75,353.22,-85.51,-149.35
52.421513,-1.534985,166.88,1.02,3,142.47,20 / 20,3483329,2019-09-06 19:14:10:011,0.3065,-0.9748,9.7087,0.0122,0.001,9.8066,0.0124,-0.0694,0.017,-18.44,-31.75,24.06,351.94,-85.41,-150.48
52.421455,-1.534905,167.22,2.02,2,139.05,21 / 21,3483428,2019-09-06 19:14:10:110,0.8409,-0.4743,9.569,0.0041,0.0098,9.8066,-0.0273,-0.0594,-0.0459,-17.94,-30.94,24.06,349.28,-85.44,-152.94
52.421455,-1.534905,167.22,2.02,2,139.05,21 / 21,3483529,2019-09-06 19:14:10:211,0.8649,-0.8438,9.841,-0.0055,0.0001,9.8066,0.1269,-0.0399,0.0325,-17.94,-31.5,24.31,348.37,-85.38,-153.76
52.421455,-1.534905,167.22,2.02,2,139.05,21 / 21,3483628,2019-09-06 19:14:10:310,-0.0768,-0.9163,9.6486,-0.0196,0.016,9.8065,0.0348,-0.0815,0.0509,-17.62,-30.87,24.63,350.31,-85.36,-153.12
52.421455,-1.534905,167.22,2.02,2,139.05,21 / 21,3483729,2019-09-06 19:14:10:411,-0.1831,-0.633,9.7347,0.0039,-0.0126,9.8066,0.0718,-0.0401,0.0107,-17.56,-30.75,25.25,351,-85.16,-152.45
52.421455,-1.534905,167.22,2.02,2,139.05,21 / 21,3483829,2019-09-06 19:14:10:511,-0.1597,-0.6086,10.1416,0.0003,0.0132,9.8066,0.0266,-0.0508,0.0001,-18,-31.94,25.19,350.29,-85.19,-153.08
52.421455,-1.534905,167.22,2.02,2,139.05,21 / 21,3483929,2019-09-06 19:14:10:611,-0.3101,-0.1023,10.3344,0.0165,0.0154,9.8066,0.007,-0.0301,-0.0557,-17.56,-32.06,24.75,348.57,-85.27,-154.66
52.421455,-1.534905,167.22,2.02,2,139.05,21 / 21,3484028,2019-09-06 19:14:10:710,0.1577,0.5922,10.2288,0.0071,0.0193,9.8066,0.0338,-0.0501,-0.0106,-17.25,-31.44,24.13,345.17,-85.51,-158.27
52.421455,-1.534905,167.22,2.02,2,139.05,21 / 21,3484129,2019-09-06 19:14:10:811,0.3631,0.0228,9.8193,0.0169,-0.0199,9.8065,-0.0476,-0.0041,-0.0114,-17.12,-31.69,24.69,345.01,-85.48,-159.5
52.421455,-1.534905,167.22,2.02,2,139.05,21 / 21,3484229,2019-09-06 19:14:10:911,-0.4043,-0.1606,9.6737,0.0087,-0.0073,9.8066,-0.0059,-0.0321,0.0332,-16.69,-31.12,24.38,343.91,-85.6,-159.45
52.421455,-1.534905,167.22,2.02,2,139.05,21 / 21,3484329,2019-09-06 19:14:11:011,-0.6754,0.443,9.9792,-0.0059,0.0015,9.8066,-0.0352,-0.0549,0.0134,-16.87,-31.19,25,347.07,-85.66,-157.68
52.421455,-1.534905,167.22,2.02,2,139.05,21 / 21,3484429,2019-09-06 19:14:11:111,-0.1616,0.4126,9.7733,-0.0058,0.0056,9.8066,-0.0173,-0.023,0.0016,-16.87,-31.31,24.69,347.68,-85.71,-157.13
52.421455,-1.534905,167.22,2.02,2,139.05,21 / 21,3484529,2019-09-06 19:14:11:211,-0.3892,0.4443,9.7687,-0.0015,-0.0044,9.8066,-0.0026,-0.0237,0.002,-17.31,-31.94,24.81,347.82,-85.71,-156.98
52.421455,-1.534905,167.22,2.02,2,139.05,21 / 21,3484629,2019-09-06 19:14:11:311,-0.1728,0.1478,9.8382,0.0014,0.003,9.8066,0.0025,-0.0411,0.0262,-17.31,-31.81,24.63,348.31,-85.73,-156.52
52.421455,-1.534905,167.22,2.02,2,139.05,21 / 21,3484729,2019-09-06 19:14:11:411,-0.0019,0.1899,9.8595,0.0029,-0.0004,9.8066,-0.0577,-0.0314,-0.0228,-16.94,-31.87,24.69,348.4,-85.79,-156.46
52.421455,-1.534905,167.22,2.02,2,139.05,21 / 21,3484829,2019-09-06 19:14:11:511,0.0049,-0.05,9.8191,0.0041,-0.005,9.8065,-0.0131,-0.0114,0.0107,-16.62,-31.94,25.19,348.29,-85.78,-156.56
52.421455,-1.534905,167.22,2.02,2,139.05,21 / 21,3484929,2019-09-06 19:14:11:611,-0.3025,0.03,10.1999,-0.0009,0.0012,9.8066,0.0332,-0.0224,-0.0035,-16.69,-31.56,24.56,348.04,-85.77,-156.79
52.421455,-1.534905,167.22,2.02,2,139.05,21 / 21,3485028,2019-09-06 19:14:11:710,-0.4859,0.5022,9.9768,0.0075,0.0047,9.8066,-0.0038,-0.0291,-0.0327,-15.87,-31.56,24.31,347.54,-85.79,-157.73
52.421455,-1.534905,167.22,2.02,2,139.05,21 / 21,3485128,2019-09-06 19:14:11:810,0.298,0.0842,9.4883,0.0036,0.0091,9.8066,-0.0065,-0.0369,0.0044,-16.75,-31.75,24.31,344.32,-85.85,-159.11
52.421455,-1.534905,167.22,2.02,2,139.05,21 / 21,3485229,2019-09-06 19:14:11:911,0.2706,0.5225,9.3743,0.0032,0.0029,9.8066,-0.0376,-0.025,0.0163,-16.62,-31.75,24.44,343.05,-85.94,-160.31
52.421455,-1.534905,167.22,2.02,2,139.05,21 / 21,3485328,2019-09-06 19:14:12:010,-0.2687,0.2647,9.737,-0.0085,-0.003,9.8066,0.0042,0.0049,0.0228,-17.12,-32.62,24.69,345.85,-85.99,-158.83
52.421455,-1.534905,167.22,2.02,2,139.05,21 / 21,3485429,2019-09-06 19:14:12:111,-0.2439,0.2796,10.2356,-0.0106,0.0002,9.8066,0.0181,-0.0173,0.0064,-16.75,-32.12,23.88,346.18,-85.99,-157.43
52.421455,-1.534905,167.22,2.02,2,139.05,21 / 21,3485529,2019-09-06 19:14:12:211,-0.035,0.1729,9.9152,0.0042,-0.0006,9.8066,-0.0236,-0.0142,0.0191,-16.44,-32.19,24.13,348.03,-85.96,-157.32
52.421455,-1.534905,167.22,2.02,2,139.05,21 / 21,3485628,2019-09-06 19:14:12:310,0.2164,0.0281,9.7926,0.0002,-0.007,9.8066,-0.0081,-0.0073,0.0209,-16.06,-32.37,24.44,348.49,-85.94,-156.89
52.421455,-1.534905,167.22,2.02,2,139.05,21 / 21,3485728,2019-09-06 19:14:12:410,0.2088,-0.2131,9.625,0.003,-0.0106,9.8066,0.0029,0.0033,-0.0076,-16.5,-32.12,23.81,348.5,-85.89,-156.87
52.421455,-1.534905,167.22,2.02,2,139.05,21 / 21,3485828,2019-09-06 19:14:12:510,-0.1296,-0.2604,9.6483,0.0035,-0.0084,9.8066,-0.0057,-0.0118,0.0063,-17.19,-31.56,24.25,346.75,-85.76,-156.85
52.421455,-1.534905,167.22,2.02,2,139.05,21 / 21,3485929,2019-09-06 19:14:12:611,-0.0672,-0.0644,9.9872,0.0102,0.0119,9.8066,0.017,0.002,-0.0617,-16.31,-31.37,24.06,347.11,-85.83,-158.17
52.421455,-1.534905,167.22,2.02,2,139.05,21 / 21,3486028,2019-09-06 19:14:12:710,-0.102,0.1778,10.1748,0.0184,0.0089,9.8066,0.0167,-0.0246,0.0123,-16.69,-31.37,24.88,343.34,-85.87,-161.2
52.421455,-1.534905,167.22,2.02,2,139.05,21 / 21,3486128,2019-09-06 19:14:12:810,0.2943,0.6565,9.8218,-0.0047,0.0203,9.8066,0.0262,0.0058,-0.0262,-16.69,-32.12,24.81,342.36,-85.98,-162.09
52.421455,-1.534905,167.22,2.02,2,139.05,21 / 21,3486228,2019-09-06 19:14:12:910,0.3576,-0.2309,9.4302,-0.0041,0.0212,9.8066,-0.0079,0.0194,-0.0309,-17.06,-32.44,24,339.83,-86.07,-163.34
52.421455,-1.534905,167.22,2.02,2,139.05,21 / 21,3486328,2019-09-06 19:14:13:010,0.3532,0.5841,10.1003,0.0072,-0.0079,9.8066,0.0025,0.0279,0.0285,-17.5,-32.06,23.75,339.19,-86.14,-163.96
52.421455,-1.534905,167.22,2.02,2,139.05,21 / 21,3486429,2019-09-06 19:14:13:111,0.3926,0.6528,10.0446,0.0084,-0.0137,9.8066,0.0151,0.0724,-0.023,-16.25,-32.25,23.88,340.77,-86.02,-164.05
52.421455,-1.534905,167.22,2.02,2,139.05,21 / 21,3486529,2019-09-06 19:14:13:211,0.2164,0.052,9.8139,-0.0027,-0.0134,9.8066,0.0017,0.0653,0.0279,-16.81,-31.87,23.56,339.33,-85.85,-163.72
52.421455,-1.534905,167.22,2.02,2,139.05,21 / 21,3486628,2019-09-06 19:14:13:310,-0.237,0.3739,9.8782,-0.0016,-0.0062,9.8066,-0.0056,0.0653,0.0153,-16.87,-31.25,23,339.09,-85.76,-162.75
52.421455,-1.534905,167.22,2.02,2,139.05,21 / 21,3486728,2019-09-06 19:14:13:410,0.0037,-0.0774,10.0788,0.0004,0.0127,9.8066,0.0404,0.0903,-0.0397,-17.19,-31.94,23.63,339.99,-85.73,-163.05
52.421455,-1.534905,167.22,2.02,2,139.05,21 / 21,3486829,2019-09-06 19:14:13:511,0.1564,0.3566,9.9001,0.0014,0.0132,9.8065,0.0479,0.0805,0.0028,-17.56,-30.94,23.94,336.38,-85.83,-164.97
52.421455,-1.534905,167.22,2.02,2,139.05,21 / 21,3486929,2019-09-06 19:14:13:611,0.4281,0.7489,9.6894,0.0136,-0.0031,9.8066,0.0022,0.1195,-0.0316,-17.5,-31.81,24.06,335.98,-85.76,-166.77
52.421455,-1.534905,167.22,2.02,2,139.05,21 / 21,3487029,2019-09-06 19:14:13:711,0.198,0.7709,9.7433,0.0112,-0.0093,9.8066,0.0029,0.1361,-0.0237,-18.5,-31.25,23.69,333.11,-85.69,-167.94
52.421455,-1.534905,167.22,2.02,2,139.05,21 / 21,3487128,2019-09-06 19:14:13:810,0.4846,0.4274,9.601,-0.0023,0,9.8066,0.0318,0.1413,0.023,-18.81,-31.87,23.44,330.04,-85.56,-167.95
52.421455,-1.534905,167.22,2.02,2,139.05,21 / 21,3487229,2019-09-06 19:14:13:911,0.1217,0.3762,10.0717,-0.0068,0.0035,9.8066,0.0327,0.179,-0.0028,-18.94,-31.87,23.63,331.67,-85.57,-167.69
52.421455,-1.534905,167.22,2.02,2,139.05,21 / 21,3487329,2019-09-06 19:14:14:011,-0.0755,0.2722,9.7489,0.0018,-0.0051,9.8066,-0.0122,0.1771,-0.0358,-18.94,-31.5,23.13,330.82,-85.53,-167.28
52.421455,-1.534905,167.22,2.02,2,139.05,21 / 21,3487429,2019-09-06 19:14:14:111,0.4193,0.6293,9.5579,0.0111,0.0002,9.8066,-0.0058,0.2031,-0.0368,-19.19,-31.56,22.88,329.4,-85.51,-168.51
52.421455,-1.534905,167.22,2.02,2,139.05,21 / 21,3487529,2019-09-06 19:14:14:211,0.2057,0.6516,9.9429,-0.0045,0.0033,9.8066,0.0008,0.2021,-0.0064,-19.75,-30.94,23.44,327.21,-85.53,-169.24
52.421455,-1.534905,167.22,2.02,2,139.05,21 / 21,3487629,2019-09-06 19:14:14:311,0.2734,0.9298,10.0402,-0.0076,0.0103,9.8065,0.02,0.2462,-0.0134,-19.62,-30.87,22.25,325.99,-85.63,-169.11
52.421455,-1.534905,167.22,2.02,2,139.05,21 / 21,3487729,2019-09-06 19:14:14:411,-0.3112,0.6246,9.9383,-0.0099,-0.0024,9.8066,-0.0185,0.2029,0.0016,-19.81,-31.12,21.75,326.64,-85.71,-168.55
52.421455,-1.534905,167.22,2.02,2,139.05,21 / 21,3487828,2019-09-06 19:14:14:510,-0.4528,1.0185,9.8341,-0.0014,-0.0057,9.8066,-0.0044,0.2342,-0.0097,-19.87,-31.56,20.63,327.02,-85.71,-166.72
52.421455,-1.534905,167.22,2.02,2,139.05,21 / 21,3487929,2019-09-06 19:14:14:611,-0.5232,0.8993,9.8103,-0.0054,-0.0079,9.8066,0.0206,0.2428,-0.0006,-20.44,-31.5,20.81,328.14,-85.66,-165.73
52.421455,-1.534905,167.22,2.02,2,139.05,21 / 21,3488028,2019-09-06 19:14:14:710,-0.3107,0.1528,9.9642,-0.0127,0.0005,9.8066,0.0106,0.242,-0.0269,-20.75,-32.12,19.88,326.28,-85.63,-164.57
52.421455,-1.534905,167.22,2.02,2,139.05,21 / 21,3488129,2019-09-06 19:14:14:811,-0.0576,0.8599,9.7438,-0.0022,0.0063,9.8066,-0.0134,0.2147,-0.0022,-21.25,-32,19.19,324.04,-85.73,-165.19
52.421455,-1.534905,167.22,2.02,2,139.05,21 / 21,3488229,2019-09-06 19:14:14:911,-0.1645,0.3343,9.7544,-0.0093,-0.0123,9.8066,0.0097,0.1708,0.0216,-21.06,-31.81,19,326.27,-85.77,-163.14
52.421455,-1.534905,167.22,2.02,2,139.05,21 / 21,3488328,2019-09-06 19:14:15:010,-0.381,0.3363,9.5075,-0.0096,-0.0005,9.8066,-0.0663,0.2088,-0.003,-21.25,-32.06,18.38,327.9,-85.85,-160.08
52.421455,-1.534905,167.22,2.02,2,139.05,21 / 21,3488429,2019-09-06 19:14:15:111,-0.8799,-0.0921,9.9605,-0.0012,-0.0027,9.8066,0.0649,0.1762,-0.0046,-21.62,-31.81,17.56,327.38,-85.89,-159.35
52.421455,-1.534905,167.22,2.02,2,139.05,21 / 21,3488529,2019-09-06 19:14:15:211,-1.0916,0.3314,10.2908,-0.0127,0.0076,9.8066,0.0524,0.1226,-0.0258,-22,-31.31,17.88,328.79,-85.96,-158.15
52.421455,-1.534905,167.22,2.02,2,139.05,21 / 21,3488629,2019-09-06 19:14:15:311,-1.0017,0.6224,10.0388,-0.0055,0.0167,9.8066,0.0246,0.1278,-0.0481,-21.75,-31.94,17.44,325.83,-85.98,-159.2
52.421455,-1.534905,167.22,2.02,2,139.05,21 / 21,3488729,2019-09-06 19:14:15:411,-0.7492,0.7416,9.6175,0.015,0.0037,9.8066,0.0006,0.1383,-0.0293,-22.06,-32.31,17.38,323.65,-86.02,-161.26
52.421455,-1.534905,167.22,2.02,2,139.05,21 / 21,3488828,2019-09-06 19:14:15:510,-0.6355,0.3218,9.5553,0.0061,0.0011,9.8066,0.0302,0.0899,-0.0002,-21.81,-32,17.63,322.99,-85.97,-163.5
52.421455,-1.534905,167.22,2.02,2,139.05,21 / 21,3488928,2019-09-06 19:14:15:610,-0.9664,0.4454,9.7785,-0.0067,-0.0021,9.8066,-0.0037,0.0639,0.023,-22.5,-31.94,17.5,324.02,-85.93,-162.51
52.421455,-1.534905,167.22,2.02,2,139.05,21 / 21,3489029,2019-09-06 19:14:15:711,-1.3005,0.4048,10.0625,-0.0067,-0.0028,9.8066,-0.013,0.0667,0.0095,-22.37,-31.69,17.31,323.64,-85.96,-161.23
52.421455,-1.534905,167.22,2.02,2,139.05,21 / 21,3489129,2019-09-06 19:14:15:811,-1.0151,0.072,9.9044,-0.0005,0.0006,9.8065,0.0071,0.0538,0.0213,-22.69,-32.19,17.44,323.28,-86,-160.45
52.421455,-1.534905,167.22,2.02,2,139.05,21 / 21,3489229,2019-09-06 19:14:15:911,-0.7253,0.1529,9.7548,-0.0024,-0.004,9.8066,0.0072,0.0393,0.0018,-23.19,-32,17.19,323.82,-86,-159.94
52.421455,-1.534905,167.22,2.02,2,139.05,21 / 21,3489330,2019-09-06 19:14:16:012,-0.4078,0.3346,9.9557,-0.0016,0.0014,9.8066,0.0046,0.0337,-0.0019,-23.37,-32.75,16.81,323.98,-85.95,-159.67
52.421455,-1.534905,167.22,2.02,2,139.05,21 / 21,3489428,2019-09-06 19:14:16:110,-0.515,-0.0048,9.9214,-0.0018,0.0033,9.8066,0.0226,0.0245,0.0038,-22.94,-33.06,16.75,323.84,-85.99,-159.83
52.421455,-1.534905,167.22,2.02,2,139.05,21 / 21,3489529,2019-09-06 19:14:16:211,-0.6532,0.2458,9.7862,-0.0024,0.0002,9.8066,-0.0168,0.015,-0.0059,-23.5,-32.75,16.63,324.33,-86.02,-159.39
52.421455,-1.534905,167.22,2.02,2,139.05,21 / 21,3489628,2019-09-06 19:14:16:310,-0.6524,0.1274,9.7274,-0.0018,0.0042,9.8066,-0.0061,-0.0031,0.0115,-23.37,-32.5,16.56,324.38,-86.05,-159.45
52.421455,-1.534905,167.22,2.02,2,139.05,21 / 21,3489729,2019-09-06 19:14:16:411,-0.5664,0.2722,9.7633,-0.0004,-0.0004,9.8066,-0.0056,0.0062,0.0021,-23.19,-32.19,16.63,324.86,-86.07,-159.02
52.421455,-1.534905,167.22,2.02,2,139.05,21 / 21,3489829,2019-09-06 19:14:16:511,-0.4956,0.14,9.829,-0.002,0.0019,9.8066,0.011,-0.0057,0.0116,-22.94,-32.62,15.31,321.38,-86.14,-158.77
52.421455,-1.534905,167.22,2.02,2,139.05,21 / 21,3489929,2019-09-06 19:14:16:611,-0.4137,0.1085,9.8903,-0.0054,0.0002,9.8066,-0.0125,-0.0105,-0.0021,-23.31,-32.75,16.25,324.06,-86.18,-158.06
52.421455,-1.534905,167.22,2.02,2,139.05,21 / 21,3490029,2019-09-06 19:14:16:711,-0.3565,0.0089,9.7051,-0.0024,0.0009,9.8066,-0.0001,-0.0099,-0.0056,-23.81,-32.25,15.69,323.73,-86.23,-157.42
52.421455,-1.534905,167.22,2.02,2,139.05,21 / 21,3490129,2019-09-06 19:14:16:811,-0.3749,0.027,9.7565,-0.0028,0.0049,9.8066,0.021,-0.0124,0.0038,-23.25,-32.44,16.44,324.83,-86.25,-157.46
52.421455,-1.534905,167.22,2.02,2,139.05,21 / 21,3490229,2019-09-06 19:14:16:911,-0.2979,0.2119,9.8263,-0.0017,0.0038,9.8066,0.0041,-0.0046,-0.0006,-23.5,-32,15.94,324.39,-86.27,-157.9
52.421455,-1.534905,167.22,2.02,2,139.05,21 / 21,3490329,2019-09-06 19:14:17:011,-0.1394,0.0051,9.7155,-0.0006,0.0012,9.8066,0.0131,-0.0049,0.0103,-23.5,-32.75,15.94,324.08,-86.29,-158.12
52.421455,-1.534905,167.22,2.02,2,139.05,21 / 21,3490429,2019-09-06 19:14:17:111,-0.1605,0.0586,9.8471,-0.0013,0.0011,9.8066,0.0065,-0.0125,0.0065,-23.25,-31.94,16,324.39,-86.31,-157.93
52.421455,-1.534905,167.22,2.02,2,139.05,21 / 21,3490529,2019-09-06 19:14:17:211,-0.2665,0.0141,9.9804,-0.0025,0.0008,9.8066,-0.0007,-0.0094,-0.0012,-23.06,-31.81,15.5,324.79,-86.36,-157.58
52.421455,-1.534905,167.22,2.02,2,139.05,21 / 21,3490628,2019-09-06 19:14:17:310,-0.221,0.0775,9.9237,-0.0032,0.0027,9.8066,0.0026,-0.0161,-0.0024,-23,-31.87,15.5,324.98,-86.39,-157.43
52.421455,-1.534905,167.22,2.02,2,139.05,21 / 21,3490728,2019-09-06 19:14:17:410,-0.342,0.2693,9.8386,-0.003,0.0022,9.8066,-0.0197,-0.0049,-0.008,-23.37,-31.69,15.69,325.43,-86.46,-157.05
52.421455,-1.534905,167.22,2.02,2,139.05,21 / 21,3490829,2019-09-06 19:14:17:511,-0.3365,-0.0165,9.8501,-0.0027,0.0027,9.8066,0.0007,-0.0141,0.0052,-23.06,-31.87,15.13,323.58,-86.5,-157.06
52.421455,-1.534905,167.22,2.02,2,139.05,21 / 21,3490928,2019-09-06 19:14:17:610,-0.1706,-0.0394,9.9414,0.0005,0.0027,9.8065,0.0127,-0.002,0.0015,-23.81,-32.12,15.81,324.15,-86.52,-157.23
52.421455,-1.534905,167.22,2.02,2,139.05,21 / 21,3491029,2019-09-06 19:14:17:711,-0.0389,-0.1165,9.8853,0.0002,0.0008,9.8066,0.0105,-0.014,0.0091,-23.5,-32.44,15.38,323.11,-86.55,-157.53
52.421455,-1.534905,167.22,2.02,2,139.05,21 / 21,3491129,2019-09-06 19:14:17:811,-0.0502,0.0232,9.9331,-0.0011,0.0003,9.8066,0.0072,-0.0158,0.0034,-23.19,-31.75,16.06,325.14,-86.56,-157.39
52.421455,-1.534905,167.22,2.02,2,139.05,21 / 21,3491229,2019-09-06 19:14:17:911,-0.3169,0.0017,9.8303,-0.0002,-0.002,9.8066,-0.0064,-0.0328,0.001,-23.44,-32,15.5,325.41,-86.56,-157.13
52.421455,-1.534905,167.22,2.02,2,139.05,21 / 21,3491329,2019-09-06 19:14:18:011,-0.2232,0.0614,9.8814,-0.0035,0.0012,9.8066,-0.0114,-0.0195,0.0065,-22.94,-31.62,15.81,326.09,-86.59,-156.52
52.421455,-1.534905,167.22,2.02,2,139.05,21 / 21,3491429,2019-09-06 19:14:18:111,-0.1492,-0.0734,9.9062,-0.0044,0.0018,9.8066,-0.0037,-0.0121,0.0219,-23.5,-31.56,15.44,324.65,-86.62,-156.13
52.421455,-1.534905,167.22,2.02,2,139.05,21 / 21,3491529,2019-09-06 19:14:18:211,-0.1533,0.0109,9.8593,-0.0055,0.0024,9.8066,0.0194,-0.0199,0.0022,-23.5,-31.56,15.69,327.66,-86.67,-155.09
52.421455,-1.534905,167.22,2.02,2,139.05,21 / 21,3491628,2019-09-06 19:14:18:310,-0.0509,-0.1069,9.8409,-0.0066,0.0031,9.8066,0.0238,-0.0124,0.0093,-23.19,-31.81,15.63,328.31,-86.72,-154.5
52.421455,-1.534905,167.22,2.02,2,139.05,21 / 21,3491729,2019-09-06 19:14:18:411,-0.3975,0.0045,9.8801,0.0011,-0.0012,9.8066,-0.0189,-0.0228,0.0116,-23.44,-31.56,15.38,327.2,-86.73,-153.8
52.421455,-1.534905,167.22,2.02,2,139.05,21 / 21,3491829,2019-09-06 19:14:18:511,-0.1915,0.0347,9.8726,0.0006,-0.0026,9.8066,-0.0223,-0.013,0.0048,-23.5,-32,15.69,329.68,-86.75,-153.23
52.421455,-1.534905,167.22,2.02,2,139.05,21 / 21,3491929,2019-09-06 19:14:18:611,-0.1823,0.0398,9.8076,-0.0065,0.0029,9.8066,0.0123,-0.0187,0.0045,-23.81,-31.81,15.44,327.26,-86.78,-152.74
52.421455,-1.534905,167.22,2.02,2,139.05,21 / 21,3492029,2019-09-06 19:14:18:711,-0.3481,0.0487,9.9646,-0.0057,0.0033,9.8066,0.0189,0.0029,0.0122,-23.19,-31.94,16.38,331.03,-86.84,-152.01
52.421455,-1.534905,167.22,2.02,2,139.05,21 / 21,3492128,2019-09-06 19:14:18:810,-0.0019,-0.1614,9.853,-0.0002,0.0007,9.8066,-0.0107,-0.0188,0.0001,-23.31,-31.94,15.94,331.29,-86.86,-151.78
52.421455,-1.534905,167.22,2.02,2,139.05,21 / 21,3492228,2019-09-06 19:14:18:910,0.0336,-0.2353,9.8857,0.0002,0.0001,9.8066,0.0039,-0.0088,0.0014,-23.62,-31.94,15.63,330.5,-86.9,-151.46
52.421455,-1.534905,167.22,2.02,2,139.05,21 / 21,3492329,2019-09-06 19:14:19:011,0.0759,-0.1895,9.823,-0.0011,0.0027,9.8066,-0.0027,-0.0063,0.0021,-23.37,-31.87,15.81,331.81,-86.93,-151.32
52.421368,-1.534768,167.59,0,2,117.77,20 / 20,3492429,2019-09-06 19:14:19:111,0.0859,-0.1933,9.8396,-0.0019,0.0028,9.8066,-0.0069,0.003,0.0039,-23.62,-31.31,15.94,330.81,-86.96,-151.25
52.421368,-1.534768,167.59,0,2,117.77,20 / 20,3492529,2019-09-06 19:14:19:211,0.0486,-0.1705,9.904,-0.0004,0.0016,9.8066,0.0006,-0.0042,-0.0001,-24.12,-31.62,16,331.11,-87.04,-150.96
52.421368,-1.534768,167.59,0,2,117.77,20 / 20,3492629,2019-09-06 19:14:19:311,-0.029,-0.0705,9.8091,-0.0016,0.0014,9.8066,-0.004,-0.011,-0.0032,-24.62,-31.69,16.88,331.88,-87.05,-150.83
52.421368,-1.534768,167.59,0,2,117.77,20 / 20,3492729,2019-09-06 19:14:19:411,-0.1204,-0.0774,9.9227,0.0008,0.0011,9.8066,-0.0182,-0.0161,-0.009,-24.25,-31.94,16.31,331.15,-87.09,-150.95
52.421368,-1.534768,167.59,0,2,117.77,20 / 20,3492828,2019-09-06 19:14:19:510,0.03,-0.0884,9.9025,-0.0027,0.0022,9.8066,0.0046,-0.0182,0.0106,-24.25,-31.62,16.69,332.98,-87.13,-150.88
52.421368,-1.534768,167.59,0,2,117.77,20 / 20,3492928,2019-09-06 19:14:19:610,0.0674,-0.2018,9.864,-0.0006,0.0001,9.8066,0.0026,-0.0018,0.001,-24.19,-32,16.25,331.34,-87.15,-150.8
52.421368,-1.534768,167.59,0,2,117.77,20 / 20,3493028,2019-09-06 19:14:19:710,-0.1755,0.0052,9.9122,-0.0015,0.0033,9.8066,0.0144,-0.0178,-0.0025,-23.87,-31.62,16.19,331.59,-87.19,-150.59
52.421368,-1.534768,167.59,0,2,117.77,20 / 20,3493128,2019-09-06 19:14:19:810,0.0132,-0.1655,9.8673,0.0004,0.0011,9.8066,-0.0018,-0.02,0.001,-24.56,-32.06,14.94,328.53,-87.22,-150.81
52.421368,-1.534768,167.59,0,2,117.77,20 / 20,3493229,2019-09-06 19:14:19:911,0.0022,-0.072,9.8714,0.0003,0.0021,9.8066,-0.0146,-0.0174,-0.0136,-23.94,-32.5,15.5,331.23,-87.24,-150.96
52.421368,-1.534768,167.59,0,2,117.77,20 / 20,3493328,2019-09-06 19:14:20:010,0.2696,-0.2833,9.7532,0.0023,0.0034,9.8066,-0.0068,-0.0037,0.0132,-23.75,-32,15.44,328.44,-87.28,-151.93
52.421368,-1.534768,167.59,0,2,117.77,21 / 21,3493430,2019-09-06 19:14:20:112,0.3654,-0.3981,9.78,0.0022,-0.0014,9.8066,0.0104,-0.0044,0.0044,-23.75,-32,16,330.04,-87.29,-152.12
52.421368,-1.534768,167.59,0,2,117.77,21 / 21,3493528,2019-09-06 19:14:20:210,0.3594,-0.3667,9.8494,-0.001,0.0006,9.8066,0.0053,-0.0249,0.0024,-24.19,-32.19,16.19,330.03,-87.29,-152.13
52.421368,-1.534768,167.59,0,2,117.77,21 / 21,3493629,2019-09-06 19:14:20:311,0.2441,-0.2184,9.7149,0.0008,0.0009,9.8066,0.0057,-0.0242,0.0015,-24.19,-32.12,15.63,329.83,-87.28,-152.32
52.421368,-1.534768,167.59,0,2,117.77,21 / 21,3493729,2019-09-06 19:14:20:411,0.3369,-0.2553,9.701,-0.0026,0.0014,9.8066,0.0064,-0.0185,0.0015,-24.44,-31.75,15.75,329.72,-87.29,-152.43
52.421368,-1.534768,167.59,0,2,117.77,21 / 21,3493828,2019-09-06 19:14:20:510,0.2773,-0.2956,9.7901,-0.0036,0,9.8066,0.0078,-0.0216,0.0058,-23.81,-31.31,16.38,329.97,-87.28,-152.23
52.421368,-1.534768,167.59,0,2,117.77,21 / 21,3493928,2019-09-06 19:14:20:610,0.5537,-0.4774,9.8418,0.0017,-0.0016,9.8066,0.02,-0.0051,0.0177,-24.44,-31.75,16.44,330.07,-87.24,-152.07
52.421368,-1.534768,167.59,0,2,117.77,21 / 21,3494028,2019-09-06 19:14:20:710,0.328,-0.5937,9.7916,0.0013,-0.0027,9.8066,0.0267,-0.0406,0.0162,-24.37,-31.69,15.88,330.4,-87.23,-151.74
52.421368,-1.534768,167.59,0,2,117.77,21 / 21,3494128,2019-09-06 19:14:20:810,0.194,-0.3535,9.7551,0.0014,0.0009,9.8066,-0.0094,-0.0387,-0.0027,-24.94,-31.37,16.13,329.61,-87.2,-151.5
52.421368,-1.534768,167.59,0,2,117.77,21 / 21,3494228,2019-09-06 19:14:20:910,0.3131,-0.288,9.7422,0.0015,0.0027,9.8066,0.0112,-0.0544,0.0134,-25,-31.94,16,328.88,-87.22,-152.16
52.421368,-1.534768,167.59,0,2,117.77,21 / 21,3494328,2019-09-06 19:14:21:010,0.2876,-0.3118,9.7262,-0.0042,0.0043,9.8066,0.0139,-0.0351,-0.0062,-25.44,-31.81,16.19,329.18,-87.23,-151.88
52.421368,-1.534768,167.59,0,2,117.77,21 / 21,3494428,2019-09-06 19:14:21:110,-0.0303,-0.1391,9.8381,-0.0029,0.0039,9.8066,0.013,-0.0388,0.0146,-24.87,-31.12,16.81,330.43,-87.25,-152.37
52.421368,-1.534768,167.59,0,2,117.77,21 / 21,3494529,2019-09-06 19:14:21:211,0.0478,-0.2381,9.8581,-0.0004,0.0009,9.8066,-0.004,-0.0391,0.0101,-24.37,-31.31,16.94,331.83,-87.26,-152.09
52.421368,-1.534768,167.59,0,2,117.77,21 / 21,3494629,2019-09-06 19:14:21:311,0.216,-0.2837,9.7922,-0.002,-0.0001,9.8066,0.0062,-0.0401,0.0037,-25.06,-30.81,16.75,331.33,-87.26,-151.51
52.421368,-1.534768,167.59,0,2,117.77,21 / 21,3494729,2019-09-06 19:14:21:411,0.031,-0.2103,9.8147,0.0014,-0.0002,9.8066,-0.0027,-0.0345,-0.0051,-24.69,-31.19,17.06,331.65,-87.28,-151.21
52.421368,-1.534768,167.59,0,2,117.77,21 / 21,3494829,2019-09-06 19:14:21:511,0.1008,-0.1103,9.8215,0.0015,-0.0003,9.8066,0.0109,-0.0255,0.0186,-24.69,-31.12,17,331.37,-87.28,-151.49
52.421368,-1.534768,167.59,0,2,117.77,21 / 21,3494929,2019-09-06 19:14:21:611,0.0478,-0.1703,9.8979,-0.0039,0.0011,9.8066,0.0154,-0.0374,0.0162,-25.06,-31.25,18.13,334.07,-87.27,-150.46
52.421368,-1.534768,167.59,0,2,117.77,21 / 21,3495029,2019-09-06 19:14:21:711,-0.1994,-0.0318,9.8488,-0.0059,-0.0031,9.8066,-0.0012,-0.0451,0.0044,-25.5,-30.81,17.63,334.98,-87.25,-149.58
52.421368,-1.534768,167.59,0,2,117.77,21 / 21,3495129,2019-09-06 19:14:21:811,-0.0239,-0.0616,9.7935,0.001,-0.0029,9.8066,0.0002,-0.0488,0.0088,-25.06,-30.75,18.5,337.54,-87.22,-148.62
52.421368,-1.534768,167.59,0,2,117.77,21 / 21,3495228,2019-09-06 19:14:21:910,-0.152,-0.1562,9.9042,-0.0023,-0.0004,9.8066,-0.0001,-0.0374,0.0136,-25.5,-30.75,18.63,338.13,-87.21,-148.05
52.421368,-1.534768,167.59,0,2,117.77,21 / 21,3495328,2019-09-06 19:14:22:010,-0.1271,-0.1487,9.8451,-0.0018,0.0015,9.8066,0.0027,-0.0476,0.012,-25.69,-30.75,19.56,339,-87.22,-147.61
52.421368,-1.534768,167.59,0,2,117.77,21 / 21,3495428,2019-09-06 19:14:22:110,-0.3921,0.1018,9.9048,-0.0005,-0.0034,9.8066,-0.0107,-0.0712,-0.0053,-25.44,-30.44,19.5,340.86,-87.22,-146.93
52.421368,-1.534768,167.59,0,2,117.77,21 / 21,3495528,2019-09-06 19:14:22:210,-0.1002,-0.2505,9.847,-0.0024,0.0019,9.8066,0.0204,-0.0609,0.0104,-25.69,-30.75,19.56,340.17,-87.23,-146.49
52.421368,-1.534768,167.59,0,2,117.77,21 / 21,3495629,2019-09-06 19:14:22:311,0.0285,-0.1368,9.8971,-0.0053,0.003,9.8066,0.0329,-0.0514,0.0151,-25.06,-30.94,20.31,341.56,-87.24,-146.24
52.421368,-1.534768,167.59,0,2,117.77,21 / 21,3495728,2019-09-06 19:14:22:410,-0.0849,-0.3154,9.9759,0.0038,-0.0061,9.8066,0.0026,-0.0478,-0.0046,-25.31,-30.62,19.81,341.72,-87.17,-146.06
52.421368,-1.534768,167.59,0,2,117.77,21 / 21,3495829,2019-09-06 19:14:22:511,0.4133,-0.5693,9.6895,0.0051,-0.0071,9.8066,-0.0143,-0.0822,0.0132,-25.87,-31.19,20.13,340.66,-87.13,-145.99
52.421368,-1.534768,167.59,0,2,117.77,21 / 21,3495928,2019-09-06 19:14:22:610,-0.0244,-0.2434,9.8871,-0.0029,-0.0012,9.8066,0.0308,-0.0501,0.0315,-24.69,-30.94,20.25,342.57,-87.1,-145.22
52.421368,-1.534768,167.59,0,2,117.77,21 / 21,3496029,2019-09-06 19:14:22:711,0.3604,-0.6934,9.8933,-0.0034,-0.0045,9.8066,0.0083,-0.0757,0.0083,-24.44,-31,20.56,346.07,-87.03,-144.41
52.421368,-1.534768,167.59,0,2,117.77,21 / 21,3496129,2019-09-06 19:14:22:811,0.5724,-0.5247,9.8358,-0.0036,-0.0039,9.8066,0.0056,-0.0668,0.0107,-24.94,-30.94,20.56,346,-86.93,-143.3
52.421368,-1.534768,167.59,0,2,117.77,21 / 21,3496228,2019-09-06 19:14:22:910,0.0196,-0.6098,9.8279,0.0002,-0.0067,9.8066,-0.0046,-0.0957,0.0272,-24.81,-30.94,21.06,346.57,-86.87,-142.76
52.421368,-1.534768,167.59,0,2,117.77,21 / 21,3496329,2019-09-06 19:14:23:011,0.3028,-0.6746,9.7124,-0.0026,-0.0017,9.8066,0.0087,-0.0726,0.0265,-24.19,-30.75,21.38,349.08,-86.78,-141.5
52.421368,-1.534768,167.59,0,2,117.77,20 / 20,3496429,2019-09-06 19:14:23:111,-0.0662,-0.8006,9.7877,0.0043,-0.0084,9.8066,-0.0072,-0.1155,0.0347,-24.44,-30.44,21.75,350.75,-86.72,-141.27
52.421368,-1.534768,167.59,0,2,117.77,20 / 20,3496529,2019-09-06 19:14:23:211,0.437,-0.6536,9.8884,-0.0068,-0.0004,9.8066,0.0397,-0.1067,-0.0006,-24,-30.69,21.88,352.2,-86.7,-139.87
52.421368,-1.534768,167.59,0,2,117.77,20 / 20,3496628,2019-09-06 19:14:23:310,0.4993,-0.7404,9.9758,-0.0072,0.0057,9.8066,0.0212,-0.1347,0.0061,-23.37,-30.37,21.69,353.54,-86.67,-139.82
52.421368,-1.534768,167.59,0,2,117.77,20 / 20,3496729,2019-09-06 19:14:23:411,0.0099,-0.5529,9.9636,0.0025,-0.0051,9.8066,-0.0309,-0.1229,0.0089,-23.06,-30.87,21.38,352.19,-86.58,-139.74
52.421368,-1.534768,167.59,0,2,117.77,20 / 20,3496829,2019-09-06 19:14:23:511,-0.1008,-0.8193,9.7352,0.0093,-0.0078,9.8066,0.0194,-0.1278,-0.0156,-22.56,-29.81,21.5,353.36,-86.55,-139.98
52.421368,-1.534768,167.59,0,2,117.77,20 / 20,3496928,2019-09-06 19:14:23:610,0.1753,-0.9177,9.7292,0.0028,0.0067,9.8066,0.0078,-0.1283,-0.0075,-22.62,-29.87,22,353.27,-86.57,-140.07
52.421368,-1.534768,167.59,0,2,117.77,20 / 20,3497029,2019-09-06 19:14:23:711,0.7561,-0.779,9.7231,0.0062,0.0092,9.8066,0.0263,-0.1275,-0.0117,-21.69,-29.69,22.88,354.22,-86.71,-141.73
52.421368,-1.534768,167.59,0,2,117.77,20 / 20,3497129,2019-09-06 19:14:23:811,0.4866,-0.6597,9.8621,0.0054,0.0032,9.8066,0.0034,-0.1407,-0.0136,-20.75,-29.87,22.06,351.93,-86.77,-143.94
52.421368,-1.534768,167.59,0,2,117.77,20 / 20,3497229,2019-09-06 19:14:23:911,0.5956,-0.8935,10.1324,-0.0027,-0.0061,9.8066,-0.0028,-0.1549,0.0048,-20.87,-29.94,22.31,351.94,-86.76,-143.94
52.421368,-1.534768,167.59,0,2,117.77,20 / 20,3497329,2019-09-06 19:14:24:011,1.0525,-1.0798,10.0008,-0.0088,-0.0052,9.8066,-0.0024,-0.1792,0.0686,-20.5,-29.94,22.69,356.85,-86.67,-141.96
52.421368,-1.534768,167.59,0,2,117.77,20 / 20,3497428,2019-09-06 19:14:24:110,-0.0213,-1.5604,10.0101,-0.0038,-0.015,9.8066,-0.0379,-0.1528,0.0203,-20.06,-30.12,23,358.83,-86.56,-140.09
52.421368,-1.534768,167.59,0,2,117.77,20 / 20,3497529,2019-09-06 19:14:24:211,-0.3422,-0.5822,10.0441,-0.0037,0.006,9.8066,0.0588,-0.1729,0.0044,-19.5,-30.19,22.13,359.42,-86.53,-139.73
52.421368,-1.534768,167.59,0,2,117.77,20 / 20,3497628,2019-09-06 19:14:24:310,0.614,-1.2197,9.7685,-0.0061,0.0084,9.8066,0.0657,-0.1649,-0.0246,-19.12,-30.37,22.5,0.16,-86.51,-140.29
52.421368,-1.534768,167.59,0,2,117.77,20 / 20,3497729,2019-09-06 19:14:24:411,0.5314,-1.0999,9.6428,0.0181,-0.0175,9.8065,-0.0398,-0.18,0.0181,-18.19,-30.94,22.5,358.38,-86.35,-143.46
52.421368,-1.534768,167.59,0,2,117.77,20 / 20,3497829,2019-09-06 19:14:24:511,0.0796,-0.7672,9.6275,0.0076,-0.0206,9.8065,-0.0387,-0.1697,0.0168,-18.12,-30.87,22.75,358.56,-86.3,-143.29
52.421368,-1.534768,167.59,0,2,117.77,20 / 20,3497929,2019-09-06 19:14:24:611,0.3867,-1.453,9.6864,-0.01,-0.0036,9.8065,0.0162,-0.2441,0.0475,-18.06,-30.94,23.31,0.63,-86.19,-141.37
52.421368,-1.534768,167.59,0,2,117.77,20 / 20,3498028,2019-09-06 19:14:24:710,-0.484,-1.0586,10.0404,-0.0128,-0.0021,9.8066,0.022,-0.2113,0.0098,-18.19,-30.94,23.56,3.57,-86.11,-139.82
52.421368,-1.534768,167.59,0,2,117.77,20 / 20,3498128,2019-09-06 19:14:24:810,-0.3669,-1.339,10.1738,-0.0031,-0.0136,9.8066,-0.0389,-0.2478,0.0339,-17.81,-31.5,24.44,5.12,-86.07,-138.38
52.421368,-1.534768,167.59,0,2,117.77,20 / 20,3498229,2019-09-06 19:14:24:911,-1.1553,-0.4975,9.6781,-0.0013,-0.0072,9.8066,-0.0541,-0.295,0.0162,-17.56,-32.12,25.5,8.32,-85.92,-137.6
52.421368,-1.534768,167.59,0,2,117.77,20 / 20,3498329,2019-09-06 19:14:25:011,-1.206,-0.5106,9.9923,-0.0135,0.0019,9.8066,-0.0023,-0.3519,0.0207,-17.12,-32.44,25.81,12.58,-85.88,-135.2
52.421368,-1.534768,167.59,0,2,117.77,21 / 21,3498428,2019-09-06 19:14:25:110,-1.2355,-0.2208,9.956,-0.0102,0.0052,9.8066,0.0453,-0.3438,0.0427,-16.69,-32.75,25.88,13.29,-85.82,-134.59
52.421368,-1.534768,167.59,0,2,117.77,21 / 21,3498529,2019-09-06 19:14:25:211,-1.1123,-0.8961,9.798,-0.0091,-0.034,9.8065,-0.0125,-0.4095,0.1363,-15.87,-33.06,26.5,16.56,-85.42,-134.21
52.421368,-1.534768,167.59,0,2,117.77,21 / 21,3498629,2019-09-06 19:14:25:311,-1.5974,-0.543,9.9116,-0.0111,-0.0353,9.8065,-0.0899,-0.3896,0.0668,-15.37,-33.5,27.75,20.83,-85.05,-132.89
52.421368,-1.534768,167.59,0,2,117.77,21 / 21,3498729,2019-09-06 19:14:25:411,-1.5912,-0.5173,9.695,-0.0183,0.0096,9.8066,0.0502,-0.4516,0.079,-14.94,-33.12,28.75,22.96,-84.93,-131.77
52.421368,-1.534768,167.59,0,2,117.77,21 / 21,3498828,2019-09-06 19:14:25:510,-1.8129,-0.1731,9.8745,-0.0176,0.001,9.8065,-0.0436,-0.4487,0.0227,-13.81,-32.44,29,27.35,-84.79,-129.35
52.421368,-1.534768,167.59,0,2,117.77,21 / 21,3498929,2019-09-06 19:14:25:611,-1.2433,-1.2569,9.7258,0.0154,-0.0148,9.8066,0.0394,-0.4948,0.0376,-14,-33,30,26.32,-84.72,-131.09
52.421368,-1.534768,167.59,0,2,117.77,21 / 21,3499028,2019-09-06 19:14:25:710,-1.2315,-1.0457,10.4402,0.0117,-0.0242,9.8066,0.0161,-0.5239,0.0082,-12.56,-32.94,29.88,26.5,-84.66,-132.58
52.421368,-1.534768,167.59,0,2,117.77,21 / 21,3499129,2019-09-06 19:14:25:811,-1.1484,0.1273,10.1797,0.01,-0.0025,9.8066,-0.039,-0.5247,0.0616,-12.37,-32.44,30.13,26.16,-84.62,-134.49
52.421368,-1.534768,167.59,0,2,117.77,21 / 21,3499229,2019-09-06 19:14:25:911,-1.4707,-0.168,9.6329,-0.0006,-0.014,9.8065,-0.0835,-0.52,0.0563,-10.94,-32.25,30.44,27.62,-84.56,-134.87
52.421368,-1.534768,167.59,0,2,117.77,21 / 21,3499329,2019-09-06 19:14:26:011,-1.464,-0.092,9.5225,-0.0212,0.0084,9.8066,-0.0248,-0.5538,0.0804,-9.81,-32,29.81,31.12,-84.45,-133.47
52.421368,-1.534768,167.59,0,2,117.77,21 / 21,3499429,2019-09-06 19:14:26:111,-1.7444,0.4377,9.8807,-0.0096,0.0136,9.8065,-0.0275,-0.5326,0.0532,-8.62,-32.37,29.5,35.77,-84.36,-131.03
52.421368,-1.534768,167.59,0,2,117.77,21 / 21,3499529,2019-09-06 19:14:26:211,-1.1639,-0.0283,9.8901,-0.0008,-0.0112,9.8066,-0.0387,-0.522,0.0211,-8.06,-32,28.94,37.16,-84.31,-131.21
52.421368,-1.534768,167.59,0,2,117.77,21 / 21,3499628,2019-09-06 19:14:26:310,-0.9688,-0.0749,9.7265,0.0073,-0.0202,9.8066,-0.0466,-0.5459,0.0107,-7.31,-32.44,29.06,38.34,-84.27,-132.05
52.421368,-1.534768,167.59,0,2,117.77,21 / 21,3499729,2019-09-06 19:14:26:411,-0.3789,0.7421,9.5038,0.0002,0.0093,9.8065,0.0075,-0.5084,0.0675,-6.12,-32.31,28.75,38.87,-84.21,-133.52
52.421368,-1.534768,167.59,0,2,117.77,21 / 21,3499828,2019-09-06 19:14:26:510,-1.2068,-0.0072,9.9388,-0.0148,0.0061,9.8066,0.0367,-0.4927,0.0528,-5.25,-32.56,28.88,41.79,-84.1,-132.99
52.421368,-1.534768,167.59,0,2,117.77,21 / 21,3499929,2019-09-06 19:14:26:611,-0.7431,0.878,10.0139,-0.007,-0.0169,9.8066,-0.0733,-0.4837,0.1008,-4.37,-33.06,28.94,43.7,-83.88,-133.38
52.421368,-1.534768,167.59,0,2,117.77,21 / 21,3500028,2019-09-06 19:14:26:710,-0.7724,1.2623,9.7614,-0.0176,-0.0252,9.8066,-0.0625,-0.4235,0.0366,-3.37,-33.06,28.69,46.66,-83.62,-132.87
52.421368,-1.534768,167.59,0,2,117.77,21 / 21,3500128,2019-09-06 19:14:26:810,-0.9829,0.9385,9.5827,-0.0031,0.012,9.8066,0.0492,-0.3707,0.0257,-3.31,-32.94,28.13,46.56,-83.54,-133.02
52.421368,-1.534768,167.59,0,2,117.77,21 / 21,3500228,2019-09-06 19:14:26:910,-0.1676,0.6345,10.3727,0.003,0.0059,9.8066,0.0084,-0.3651,0.0234,-2.62,-32.56,28.69,45.28,-83.46,-134.28
52.421368,-1.534768,167.59,0,2,117.77,21 / 21,3500328,2019-09-06 19:14:27:010,-0.5492,0.1171,10.6471,0.0008,-0.0445,9.8065,0.0391,-0.3239,0.0158,-2.31,-32.12,28.13,45.78,-83.38,-135.74
52.421368,-1.534768,167.59,0,2,117.77,21 / 21,3500429,2019-09-06 19:14:27:111,-0.0597,1.1128,10.3836,-0.0049,-0.0505,9.8065,0.0143,-0.3428,0.0176,-1.44,-32.56,28.5,45.74,-83.06,-138.17
52.421368,-1.534768,167.59,0,2,117.77,21 / 21,3500529,2019-09-06 19:14:27:211,-0.3455,0.7127,8.9326,0.0002,-0.0002,9.8066,0.0165,-0.3166,0.0828,-1.62,-32.44,28.81,42.17,-82.96,-139.32
52.421368,-1.534768,167.59,0,2,117.77,21 / 21,3500628,2019-09-06 19:14:27:310,-0.6463,1.2972,9.4019,-0.0043,-0.0237,9.8066,-0.0575,-0.3405,0.0343,-1.12,-32.19,28.94,43.51,-82.72,-140.29
52.421368,-1.534768,167.59,0,2,117.77,21 / 21,3500729,2019-09-06 19:14:27:411,-1.2482,1.435,9.5409,-0.0035,0.0019,9.8066,-0.0068,-0.3405,0.01,-1.37,-32.56,28.75,43.41,-82.62,-140.64
52.421368,-1.534768,167.59,0,2,117.77,21 / 21,3500828,2019-09-06 19:14:27:510,-0.7194,1.5266,10.1133,0.0054,0.0042,9.8066,0.0243,-0.4159,0.1157,-0.06,-32.31,28.06,44.93,-82.58,-141.31
52.421368,-1.534768,167.59,0,2,117.77,21 / 21,3500928,2019-09-06 19:14:27:610,-1.161,0.9948,10.0476,-0.0039,-0.0006,9.8066,0.0157,-0.36,0.0208,0.25,-32.62,27.69,45,-82.47,-141.54
52.421368,-1.534768,167.59,0,2,117.77,21 / 21,3501029,2019-09-06 19:14:27:711,-0.9251,1.0401,10.087,0.0089,0.017,9.8065,0.1298,-0.3289,0.0421,0.19,-31.69,27,44.86,-82.52,-141.67
52.421368,-1.534768,167.59,0,2,117.77,21 / 21,3501129,2019-09-06 19:14:27:811,-0.7378,1.9561,9.7545,0.0078,-0.0441,9.8065,-0.2202,-0.3472,0.0025,1.25,-31.37,26.19,44.75,-82.44,-144.07
52.421368,-1.534768,167.59,0,2,117.77,21 / 21,3501229,2019-09-06 19:14:27:911,0.0029,2.3466,9.7102,0.0096,-0.0368,9.8065,-0.0724,-0.3298,0.0275,1.75,-31.37,25.19,46.13,-82.56,-145.34
52.421368,-1.534768,167.59,0,2,117.77,21 / 21,3501329,2019-09-06 19:14:28:011,0.3447,1.4975,10.3185,0.0212,0.0128,9.8065,0.0494,-0.3954,-0.0248,3.19,-31.69,23.88,47.81,-82.68,-146.75
52.421284,-1.53471,168.05,1.77,2,217.34,20 / 21,3501429,2019-09-06 19:14:28:111,0.0701,0.7455,9.3506,0.0313,-0.0179,9.8065,-0.1497,-0.3195,-0.0763,3.25,-32,23.88,46.54,-82.67,-147.89
52.421284,-1.53471,168.05,1.77,2,217.34,20 / 21,3501529,2019-09-06 19:14:28:211,1.2876,1.9853,9.4471,0.0403,0.0389,9.8065,0.0819,-0.3368,0.0013,3.38,-32.06,22.69,41.35,-83.3,-152.4
52.421284,-1.53471,168.05,1.77,2,217.34,20 / 21,3501628,2019-09-06 19:14:28:310,0.6641,0.5322,9.6138,0.0267,0.0303,9.8065,0.0086,-0.3157,-0.0078,3.81,-31.94,22.5,42.57,-83.49,-153.54
52.421284,-1.53471,168.05,1.77,2,217.34,20 / 21,3501729,2019-09-06 19:14:28:411,0.4225,1.3841,10.1815,0.0024,-0.0034,9.8065,0.0327,-0.2058,-0.0111,3.63,-32.12,22.13,42.76,-83.5,-154.06
52.421284,-1.53471,168.05,1.77,2,217.34,20 / 21,3501828,2019-09-06 19:14:28:510,0.7788,0.9375,9.7815,0.0152,0.0068,9.8066,0.1193,-0.1981,0.0408,3.44,-32.06,21.25,38.91,-83.59,-155.48
52.421284,-1.53471,168.05,1.77,2,217.34,20 / 21,3501929,2019-09-06 19:14:28:611,0.7838,1.7141,9.9532,-0.014,-0.0047,9.8066,-0.0286,-0.2073,0.0488,3.31,-31.37,21.69,38.34,-83.32,-155.41
52.421284,-1.53471,168.05,1.77,2,217.34,20 / 21,3502028,2019-09-06 19:14:28:710,1.1173,0.961,9.6976,-0.0185,-0.0059,9.8066,-0.0168,-0.1381,0.0281,3.31,-31.5,21.44,40.43,-83.13,-154.43
52.421284,-1.53471,168.05,1.77,2,217.34,20 / 21,3502129,2019-09-06 19:14:28:811,0.5291,1.754,9.6184,0.0034,0.0162,9.8066,0.0354,-0.119,-0.0009,2.88,-31.69,21.31,41,-83.06,-154.23
52.421284,-1.53471,168.05,1.77,2,217.34,20 / 21,3502229,2019-09-06 19:14:28:911,0.296,1.6474,9.7584,0.009,0.0061,9.8066,-0.0037,-0.0846,-0.0095,3.19,-31.06,20.69,40.69,-83.19,-154.14
52.421284,-1.53471,168.05,1.77,2,217.34,20 / 21,3502328,2019-09-06 19:14:29:010,0.4866,1.8704,9.7281,0.0173,0.0072,9.8065,-0.0473,-0.0438,-0.0551,3,-30.62,20.81,38.83,-83.42,-155.52
52.421284,-1.53471,168.05,1.77,2,217.34,21 / 21,3502429,2019-09-06 19:14:29:111,0.9052,2.0533,10.0909,0.0174,0.0096,9.8065,0.0146,-0.0712,-0.0056,3.13,-31.12,21.56,36.61,-83.63,-156.63
52.421284,-1.53471,168.05,1.77,2,217.34,21 / 21,3502529,2019-09-06 19:14:29:211,1.1635,1.9071,9.9616,0.0042,-0.0006,9.8066,0.0038,-0.0329,0.0195,2.69,-30.75,21.31,36.72,-83.72,-157.07
52.421284,-1.53471,168.05,1.77,2,217.34,21 / 21,3502629,2019-09-06 19:14:29:311,0.6968,1.7845,9.7876,-0.0066,0.0026,9.8066,-0.0039,-0.0381,0.0374,2.5,-30.62,21,37.28,-83.72,-156.59
52.421284,-1.53471,168.05,1.77,2,217.34,21 / 21,3502728,2019-09-06 19:14:29:410,0.2035,1.0127,9.9038,-0.0136,-0.0059,9.8066,-0.0119,-0.0029,0.004,2.25,-30.44,20.94,35.36,-83.65,-155.48
52.421284,-1.53471,168.05,1.77,2,217.34,21 / 21,3502829,2019-09-06 19:14:29:511,0.0466,0.8021,9.7742,-0.0036,-0.0076,9.8066,-0.0109,-0.0188,0.0155,2.38,-30.62,21.69,35.69,-83.52,-154.99
52.421284,-1.53471,168.05,1.77,2,217.34,21 / 21,3502929,2019-09-06 19:14:29:611,0.1355,0.6595,9.8382,0.0019,0.0056,9.8066,0.0212,0,0.0043,1.75,-30.62,21.56,35.8,-83.53,-154.89
52.421284,-1.53471,168.05,1.77,2,217.34,21 / 21,3503028,2019-09-06 19:14:29:710,0.2854,0.4746,9.836,0.0037,0.0068,9.8066,0.0213,-0.0091,-0.0044,2.31,-31.12,20.69,36.18,-83.54,-155.04
52.421284,-1.53471,168.05,1.77,2,217.34,21 / 21,3503129,2019-09-06 19:14:29:811,0.3096,0.7252,9.8891,-0.0019,-0.0009,9.8066,-0.0084,-0.0111,-0.0064,2.63,-31.06,20.88,39.2,-83.54,-155.08
52.421284,-1.53471,168.05,1.77,2,217.34,21 / 21,3503229,2019-09-06 19:14:29:911,0.0503,0.0805,9.8601,0.0014,0.0022,9.8066,0.0071,0.0058,0.0112,2.31,-31.12,20.69,36.23,-83.58,-154.97
52.421284,-1.53471,168.05,1.77,2,217.34,21 / 21,3503330,2019-09-06 19:14:30:012,0.1055,0.0555,9.8501,-0.002,0.0028,9.8066,0.0119,-0.0067,0.0107,2.81,-31.12,20.25,40.07,-83.56,-155.02
52.421284,-1.53471,168.05,1.77,2,217.34,21 / 21,3503428,2019-09-06 19:14:30:110,0.1791,0.2544,9.6797,-0.0009,0.0003,9.8066,-0.0039,-0.0099,-0.0051,2.94,-30.5,21.06,39.41,-83.54,-154.72
52.421284,-1.53471,168.05,1.77,2,217.34,21 / 21,3503528,2019-09-06 19:14:30:210,0.033,-0.0591,9.5973,-0.0006,0.0008,9.8066,-0.0103,-0.0074,-0.0034,2.13,-31.19,20.56,36.57,-83.56,-154.69
52.421284,-1.53471,168.05,1.77,2,217.34,21 / 21,3503628,2019-09-06 19:14:30:310,0.0851,0.06,9.962,0.0021,0.0028,9.8066,0.0154,-0.0111,0.0093,2.63,-30.94,20.56,39.6,-83.58,-154.71
52.421284,-1.53471,168.05,1.77,2,217.34,21 / 21,3503728,2019-09-06 19:14:30:410,0.1659,0.2905,9.8591,0.0018,0.003,9.8066,0.0227,-0.0002,0.0106,2.75,-31.31,20.94,39.53,-83.6,-154.74
52.421284,-1.53471,168.05,1.77,2,217.34,21 / 21,3503828,2019-09-06 19:14:30:510,0.1164,0.0103,9.8067,-0.0014,0.001,9.8066,0.0127,-0.0038,-0.0036,2.38,-31,20.75,36.65,-83.6,-154.59
52.421284,-1.53471,168.05,1.77,2,217.34,21 / 21,3503929,2019-09-06 19:14:30:611,0.1858,0.2517,10.0069,0.0002,0.0032,9.8066,-0.0037,0.0035,-0.0041,3.19,-30.62,21.06,39.65,-83.59,-154.65
52.421284,-1.53471,168.05,1.77,2,217.34,21 / 21,3504029,2019-09-06 19:14:30:711,0.2032,0.4127,9.8363,0.0018,0.0034,9.8066,0.0063,0.0054,0.0125,2.5,-30.5,20.5,39.5,-83.62,-154.56
52.421284,-1.53471,168.05,1.77,2,217.34,21 / 21,3504129,2019-09-06 19:14:30:811,0.1311,0.2549,9.9183,0.0001,0.0016,9.8066,0.0283,-0.0052,0.0059,2.88,-30.62,20.5,39.7,-83.65,-154.55
52.421284,-1.53471,168.05,1.77,2,217.34,21 / 21,3504229,2019-09-06 19:14:30:911,0.0407,0.0113,9.9341,0.0001,-0.0003,9.8066,0.0099,-0.0104,-0.0139,2.75,-30.94,20.19,40.56,-83.64,-154.5
52.421284,-1.53471,168.05,1.77,2,217.34,21 / 21,3504329,2019-09-06 19:14:31:011,0.2472,0.461,9.951,0.0001,-0.0021,9.8066,0.0016,-0.0123,0.0123,2.69,-31.25,20.5,39.66,-83.65,-154.58
52.421284,-1.53471,168.05,1.77,2,217.34,18 / 21,3504428,2019-09-06 19:14:31:110,0.1981,0.2181,9.9074,-0.002,-0.0024,9.8066,-0.0244,-0.0081,-0.0063,3.13,-30.87,20.75,39.81,-83.64,-154.46
52.421284,-1.53471,168.05,1.77,2,217.34,18 / 21,3504529,2019-09-06 19:14:31:211,0.1447,-0.1401,9.7686,0.0015,0.0053,9.8066,0.0294,0.0083,0.0105,2.5,-30.56,20.88,39.89,-83.69,-154.33
52.421284,-1.53471,168.05,1.77,2,217.34,18 / 21,3504628,2019-09-06 19:14:31:310,0.0922,0.3017,9.7869,0.0008,0.0023,9.8066,0.0154,-0.0101,0.0056,2.94,-31.06,20.44,40.75,-83.69,-154.28
52.421284,-1.53471,168.05,1.77,2,217.34,18 / 21,3504729,2019-09-06 19:14:31:411,0.1593,0.0487,9.8111,-0.0003,0.0017,9.8066,-0.0023,-0.0149,-0.0037,2.63,-30.62,21.13,40.16,-83.69,-154.1
52.421284,-1.53471,168.05,1.77,2,217.34,18 / 21,3504828,2019-09-06 19:14:31:510,0.0731,0.0269,9.8249,0.0009,-0.0003,9.8066,-0.0116,-0.0086,0.0056,2.5,-31.12,20.75,40.23,-83.7,-154.03
52.421284,-1.53471,168.05,1.77,2,217.34,18 / 21,3504929,2019-09-06 19:14:31:611,0.2666,0.4032,9.8706,0.0004,0.0034,9.8066,0.0223,0.0155,0.0036,2.31,-30.37,20.56,37.02,-83.74,-153.96
52.421284,-1.53471,168.05,1.77,2,217.34,18 / 21,3505029,2019-09-06 19:14:31:711,0.0871,0.1371,9.946,0.0007,0.0042,9.8066,0.0114,-0.0065,-0.0025,2.69,-31.31,20.81,40.42,-83.74,-153.83
52.421284,-1.53471,168.05,1.77,2,217.34,18 / 21,3505128,2019-09-06 19:14:31:810,0.1753,0.0611,9.9012,-0.0009,0,9.8066,-0.0034,-0.0011,-0.0002,3,-30.75,20.88,40.59,-83.75,-153.67
52.421284,-1.53471,168.05,1.77,2,217.34,18 / 21,3505229,2019-09-06 19:14:31:911,0.0795,0.3866,9.9073,0.0001,0,9.8066,-0.0053,-0.0028,0.0042,2.63,-30.75,20.88,40.69,-83.76,-153.56
52.421284,-1.53471,168.05,1.77,2,217.34,18 / 21,3505329,2019-09-06 19:14:32:011,0.1083,0.1834,9.9276,-0.0007,0.0069,9.8066,0.011,0.001,0.0024,2.56,-30.5,21,40.62,-83.76,-153.44
52.421284,-1.53471,168.05,1.77,2,217.34,18 / 21,3505428,2019-09-06 19:14:32:110,0.0482,0.0741,9.8741,0.0007,0.0015,9.8066,-0.0016,0.0011,0.005,2.63,-30.62,20.81,41.18,-83.77,-153.13
52.421284,-1.53471,168.05,1.77,2,217.34,18 / 21,3505529,2019-09-06 19:14:32:211,0.1269,0.3148,9.8263,0.0008,0.0038,9.8066,0.0198,-0.0111,0.0095,2.69,-30.62,20.44,42.06,-83.79,-153.03
52.421284,-1.53471,168.05,1.77,2,217.34,18 / 21,3505628,2019-09-06 19:14:32:310,0.0816,-0.0329,9.8122,-0.001,0,9.8066,0.0009,-0.0099,-0.0093,2.94,-30.75,20.88,41.46,-83.79,-152.86
52.421284,-1.53471,168.05,1.77,2,217.34,18 / 21,3505728,2019-09-06 19:14:32:410,0.157,-0.0433,9.7534,-0.0015,0,9.8066,0.0017,-0.0097,0.0016,2.13,-31.06,21.06,38.59,-83.8,-152.71
52.421284,-1.53471,168.05,1.77,2,217.34,18 / 21,3505828,2019-09-06 19:14:32:510,0.069,0.1455,9.7805,-0.0005,0.0006,9.8066,0.0064,-0.0069,0.0142,2.25,-30.94,20.44,39.48,-83.8,-152.49
52.421284,-1.53471,168.05,1.77,2,217.34,18 / 21,3505928,2019-09-06 19:14:32:610,0.0791,0.2332,9.9094,-0.0016,-0.0042,9.8066,-0.0166,-0.0034,0.0088,2.5,-31,21.06,42.03,-83.79,-152.36
52.421284,-1.53471,168.05,1.77,2,217.34,18 / 21,3506029,2019-09-06 19:14:32:711,0.0578,0.1398,9.8078,-0.0014,0.0002,9.8066,0.0166,-0.0181,0.0028,2.44,-30.81,21,39.37,-83.81,-152.02
52.421284,-1.53471,168.05,1.77,2,217.34,18 / 21,3506129,2019-09-06 19:14:32:811,0.0967,0.3688,9.8984,-0.0006,0.0005,9.8066,0.012,-0.0067,-0.0116,2.5,-31,21.06,42.5,-83.8,-151.94
52.421284,-1.53471,168.05,1.77,2,217.34,18 / 21,3506229,2019-09-06 19:14:32:911,0.3717,0.0472,10.0228,0.0011,-0.0017,9.8065,0.0113,-0.0168,0.0255,2.63,-31.25,20.5,42.36,-83.78,-152.08
52.421284,-1.53471,168.05,1.77,2,217.34,18 / 21,3506328,2019-09-06 19:14:33:010,0.1679,0.3052,9.8554,-0.0041,-0.0026,9.8066,0.0023,0.0062,0.0071,2.38,-30.19,20.63,39.34,-83.76,-151.91
52.421284,-1.53471,168.05,1.77,2,217.34,18 / 19,3506429,2019-09-06 19:14:33:111,0.0983,0.1034,9.8499,-0.001,0.0033,9.8066,-0.0016,-0.0282,-0.0043,2.81,-30.94,20.13,43.96,-83.76,-151.4
52.421284,-1.53471,168.05,1.77,2,217.34,18 / 19,3506528,2019-09-06 19:14:33:210,-0.0052,0.1074,9.8989,0.0002,0.0023,9.8066,-0.0089,-0.0013,0.0002,2.69,-30.81,20.69,43.39,-83.77,-151.18
52.421284,-1.53471,168.05,1.77,2,217.34,18 / 19,3506629,2019-09-06 19:14:33:311,0.1139,0.0437,9.8353,-0.0005,0.0024,9.8066,0.0187,-0.0096,0.0084,2.81,-30.31,20.63,43.3,-83.8,-151.03
52.421284,-1.53471,168.05,1.77,2,217.34,18 / 19,3506728,2019-09-06 19:14:33:410,0.211,-0.0411,9.8347,-0.0013,0.001,9.8066,-0.0005,-0.0139,-0.0135,2.44,-30.5,20.75,40.48,-83.79,-150.87
52.421284,-1.53471,168.05,1.77,2,217.34,18 / 19,3506828,2019-09-06 19:14:33:510,0.2458,0.2276,9.7557,-0.0008,0.0008,9.8066,-0.0039,0.0023,0.0078,2.88,-30.81,21,43.8,-83.81,-150.78
52.421284,-1.53471,168.05,1.77,2,217.34,18 / 19,3506929,2019-09-06 19:14:33:611,0.2259,0.1151,9.9453,0.0002,0.003,9.8066,0.0146,-0.009,0.0289,3.13,-30.25,20.13,44.7,-83.81,-150.47
52.421284,-1.53471,168.05,1.77,2,217.34,18 / 19,3507029,2019-09-06 19:14:33:711,0.1424,0.1031,9.9644,-0.0021,0.0009,9.8066,0.0051,0.0028,-0.0109,2.69,-30.69,20.44,45.44,-83.81,-150.04
52.421284,-1.53471,168.05,1.77,2,217.34,18 / 19,3507129,2019-09-06 19:14:33:811,0.044,0.4409,9.9458,0.0003,0.0029,9.8066,-0.0106,-0.0344,0.0022,2.69,-30.19,20.31,45.35,-83.83,-149.88
52.421284,-1.53471,168.05,1.77,2,217.34,18 / 19,3507229,2019-09-06 19:14:33:911,0.1629,-0.1869,9.798,0.0015,0.0049,9.8066,0.0149,0.0097,0.0086,2.81,-30.12,20.25,45.53,-83.89,-149.65
52.421284,-1.53471,168.05,1.77,2,217.34,18 / 19,3507329,2019-09-06 19:14:34:011,0.1224,0.267,9.7952,0.0008,0.0023,9.8066,0.0177,-0.0139,0.0115,2.63,-30.94,20.44,45.9,-83.9,-149.54
52.421284,-1.53471,168.05,1.77,2,217.34,19 / 20,3507429,2019-09-06 19:14:34:111,0.1609,0.2045,9.8236,-0.0031,0.0016,9.8066,-0.0142,-0.0085,-0.0161,2.63,-30.81,20.44,46.17,-83.91,-149.28
52.421284,-1.53471,168.05,1.77,2,217.34,19 / 20,3507529,2019-09-06 19:14:34:211,0.0097,0.0116,9.8914,0.0029,0.0038,9.8066,0.0091,-0.02,0.0056,2.81,-29.94,20.38,46.17,-83.93,-149.03
52.421284,-1.53471,168.05,1.77,2,217.34,19 / 20,3507628,2019-09-06 19:14:34:310,0.1006,-0.0695,9.7724,0.0012,0.0036,9.8066,0.0183,0.0054,0.0082,2.69,-30.5,20.88,45.43,-83.98,-148.94
52.421284,-1.53471,168.05,1.77,2,217.34,19 / 20,3507728,2019-09-06 19:14:34:410,0.2177,0.0738,9.8121,0.0013,0.0008,9.8066,0.0152,0.0076,-0.0105,2.88,-30.69,20.56,45.57,-84,-149
52.421284,-1.53471,168.05,1.77,2,217.34,19 / 20,3507829,2019-09-06 19:14:34:511,0.1931,-0.3132,9.7758,-0.0004,0.0009,9.8066,-0.0185,-0.0192,-0.0045,2.69,-30,20.44,46.05,-84.02,-149.04
52.421284,-1.53471,168.05,1.77,2,217.34,19 / 20,3507929,2019-09-06 19:14:34:611,0.0499,0.2829,9.8317,0.001,0.0061,9.8066,0.008,0.0095,0.0116,2.81,-30.5,20.94,45.65,-84.07,-148.65
52.421284,-1.53471,168.05,1.77,2,217.34,19 / 20,3508029,2019-09-06 19:14:34:711,0.0755,0.146,10.0218,0,0.0028,9.8066,0.0099,-0.0086,0.0113,2.75,-30.19,20.88,45.92,-84.1,-148.38
52.421284,-1.53471,168.05,1.77,2,217.34,19 / 20,3508128,2019-09-06 19:14:34:810,0.3564,0.1985,9.8736,0.0002,0.0015,9.8066,-0.005,-0.0181,-0.0244,2.63,-30.31,20.25,46.91,-84.12,-148.17
52.421284,-1.53471,168.05,1.77,2,217.34,19 / 20,3508229,2019-09-06 19:14:34:911,0.1979,-0.1929,9.7681,0.0016,0.0006,9.8066,-0.0021,0.0005,0.0221,3,-30.62,20.56,46.19,-84.15,-148.28
52.421284,-1.53471,168.05,1.77,2,217.34,19 / 20,3508329,2019-09-06 19:14:35:011,-0.0109,-0.2112,9.7403,-0.0024,0.0027,9.8066,0.0105,-0.0081,0.0184,2.63,-31.12,20.81,46.62,-84.16,-147.89
52.421284,-1.53471,168.05,1.77,2,217.34,19 / 21,3508429,2019-09-06 19:14:35:111,-0.0813,0.1693,9.7887,-0.0007,0.0025,9.8066,-0.0043,-0.0133,-0.0127,3.06,-30.44,20.06,47.71,-84.17,-147.39
52.421284,-1.53471,168.05,1.77,2,217.34,19 / 21,3508528,2019-09-06 19:14:35:210,0.2092,-0.3062,9.8885,0.0039,0.0012,9.8066,-0.0032,0.0072,0.0047,2.75,-30.5,20.88,46.81,-84.2,-147.46
52.421284,-1.53471,168.05,1.77,2,217.34,19 / 21,3508629,2019-09-06 19:14:35:311,0.3073,-0.0174,9.7318,0.0002,-0.0014,9.8066,0.0051,0.0004,-0.0012,3.25,-30.56,20.56,46.86,-84.23,-147.58
52.421284,-1.53471,168.05,1.77,2,217.34,19 / 21,3508729,2019-09-06 19:14:35:411,0.0563,-0.3397,9.8589,-0.003,-0.0048,9.8066,-0.0158,-0.0262,-0.0008,2.56,-30.94,20.31,47.81,-84.23,-147.44
52.421284,-1.53471,168.05,1.77,2,217.34,19 / 21,3508829,2019-09-06 19:14:35:511,0.0977,-0.0762,9.7853,0.0027,0.0089,9.8066,-0.0015,-0.0034,0.0141,2.44,-30.37,20.31,44.9,-84.28,-147
52.421284,-1.53471,168.05,1.77,2,217.34,19 / 21,3508929,2019-09-06 19:14:35:611,0.1377,-0.0126,9.9218,0.0007,0.0034,9.8065,0.0229,-0.0067,0.0119,2.81,-30.5,20,48.23,-84.31,-146.76
52.421284,-1.53471,168.05,1.77,2,217.34,19 / 21,3509029,2019-09-06 19:14:35:711,0.1199,-0.425,9.7385,0.0016,0.0012,9.8065,-0.0078,-0.0139,-0.0097,3.06,-30.44,20,47.94,-84.3,-147.02
52.421284,-1.53471,168.05,1.77,2,217.34,19 / 21,3509128,2019-09-06 19:14:35:810,0.0793,-0.0607,9.7903,0.0027,0.0014,9.8066,0.0136,0.0008,0.0069,3.06,-30.56,20.25,48.18,-84.36,-146.95
52.421284,-1.53471,168.05,1.77,2,217.34,19 / 21,3509229,2019-09-06 19:14:35:911,0.0853,-0.188,9.8883,-0.0009,0.0008,9.8066,0.0028,0.0023,0.0117,2.44,-30.75,20.19,45.12,-84.41,-146.85
52.421284,-1.53471,168.05,1.77,2,217.34,19 / 21,3509328,2019-09-06 19:14:36:010,0.1267,0.2499,9.8363,0.0007,-0.0007,9.8066,-0.0121,-0.0203,-0.0085,2.94,-30.12,20.25,48.03,-84.41,-146.82
52.421284,-1.53471,168.05,1.77,2,217.34,19 / 19,3509428,2019-09-06 19:14:36:110,0.1387,-0.0144,9.9496,0.0036,0.0014,9.8066,0.0238,0.0026,0.0136,2.88,-30.81,21.19,47.39,-84.47,-146.83
52.421284,-1.53471,168.05,1.77,2,217.34,19 / 19,3509528,2019-09-06 19:14:36:210,0.0468,-0.1419,9.748,0.0014,-0.0006,9.8066,0.0227,0.0051,0.0065,2.94,-30.37,20.69,47.06,-84.49,-146.92
52.421284,-1.53471,168.05,1.77,2,217.34,19 / 19,3509629,2019-09-06 19:14:36:311,0.1597,-0.0047,9.8567,0.0009,0.0012,9.8066,-0.0234,-0.0198,-0.0061,2.69,-30.62,20.13,47.99,-84.5,-146.95
52.421284,-1.53471,168.05,1.77,2,217.34,19 / 19,3509728,2019-09-06 19:14:36:410,0.0168,-0.3905,9.7118,0.0035,0.0018,9.8066,0.0185,-0.0035,0.0056,2.75,-30.62,20.31,47.98,-84.55,-146.91
52.421284,-1.53471,168.05,1.77,2,217.34,19 / 19,3509829,2019-09-06 19:14:36:511,0.0472,0.1407,9.8852,0.002,0.0041,9.8066,0.002,-0.0048,0.007,2.94,-30.75,19.69,47.88,-84.59,-146.95
52.421284,-1.53471,168.05,1.77,2,217.34,19 / 19,3509930,2019-09-06 19:14:36:612,0.091,-0.3024,9.8653,0.001,0.0016,9.8066,-0.014,-0.0049,-0.0089,2.81,-30.5,21.31,46.8,-84.6,-147.04
52.421284,-1.53471,168.05,1.77,2,217.34,19 / 19,3510028,2019-09-06 19:14:36:710,0.1977,0.1617,9.8701,0.0026,0.0016,9.8066,0.01,0.0092,0.0108,2.56,-30.62,20.06,47.5,-84.63,-147.24
52.421284,-1.53471,168.05,1.77,2,217.34,19 / 19,3510128,2019-09-06 19:14:36:810,0.0674,-0.278,9.7765,-0.0004,-0.0009,9.8066,0.0055,0.0023,0.0058,2.56,-30.56,20.31,47.44,-84.64,-147.29
52.421284,-1.53471,168.05,1.77,2,217.34,19 / 19,3510228,2019-09-06 19:14:36:910,-0.0245,-0.0388,9.7664,0.0011,-0.0003,9.8066,-0.0015,-0.0157,0.0024,2.94,-30.31,20.69,46.52,-84.64,-147.25
52.421284,-1.53471,168.05,1.77,2,217.34,19 / 19,3510328,2019-09-06 19:14:37:010,0.1358,0.2887,9.9429,0.0004,-0.0013,9.8066,0.0211,-0.0114,0.0027,2.44,-30.56,20.56,43.67,-84.65,-147.34
52.421284,-1.53471,168.05,1.77,2,217.34,19 / 21,3510429,2019-09-06 19:14:37:111,0.1207,-0.001,9.9471,0.0008,-0.0017,9.8066,-0.0131,-0.0126,-0.0076,2.5,-30.25,20.75,46.15,-84.66,-147.56
52.421284,-1.53471,168.05,1.77,2,217.34,19 / 21,3510528,2019-09-06 19:14:37:210,0.1627,0.008,9.9407,0.0022,0.0016,9.8065,0.0168,0.0063,0.0142,2.75,-30.56,20.13,46.88,-84.69,-147.73
52.421284,-1.53471,168.05,1.77,2,217.34,19 / 21,3510629,2019-09-06 19:14:37:311,-0.0689,0.1992,9.7654,0.0001,0.0006,9.8066,-0.0092,-0.0017,-0.0088,2.75,-30.31,20.25,46.69,-84.69,-147.71
52.421284,-1.53471,168.05,1.77,2,217.34,19 / 21,3510729,2019-09-06 19:14:37:411,0.0294,-0.136,9.7928,0.0001,0.0008,9.8066,-0.0087,-0.0196,-0.011,2.5,-30.81,20.19,46.85,-84.67,-147.78
52.421284,-1.53471,168.05,1.77,2,217.34,19 / 21,3510828,2019-09-06 19:14:37:510,0.0722,-0.2893,9.7158,0.0033,0.0022,9.8065,0.0205,0.0087,0.0135,3.19,-30.62,20.06,46.61,-84.69,-147.97
52.421284,-1.53471,168.05,1.77,2,217.34,19 / 21,3510928,2019-09-06 19:14:37:610,0.0777,0.1538,9.9121,-0.0009,-0.0037,9.8066,-0.0142,-0.0176,0,2.63,-30.87,20.06,46.56,-84.71,-148
52.421284,-1.53471,168.05,1.77,2,217.34,19 / 21,3511028,2019-09-06 19:14:37:710,0.086,-0.1383,9.8972,-0.0003,-0.0014,9.8066,-0.0136,-0.0207,-0.0178,3.13,-30.81,20.19,46.49,-84.68,-148.09
52.421284,-1.53471,168.05,1.77,2,217.34,19 / 21,3511129,2019-09-06 19:14:37:811,0.1354,0.327,9.9741,0.0029,0.0008,9.8066,0.0194,0.0204,0.0217,2.63,-30.5,20.25,45.88,-84.71,-148.42
52.421284,-1.53471,168.05,1.77,2,217.34,19 / 21,3511229,2019-09-06 19:14:37:911,0.077,-0.2101,9.7791,-0.0014,-0.0001,9.8066,-0.005,-0.0071,0.0107,3.19,-30.12,20.19,45.83,-84.7,-148.47
52.421284,-1.53471,168.05,1.77,2,217.34,19 / 21,3511329,2019-09-06 19:14:38:011,-0.0453,0.0086,9.7217,0,-0.0025,9.8066,-0.0146,-0.0095,-0.0073,2.88,-30.37,20.63,45.16,-84.68,-148.44
52.421284,-1.53471,168.05,1.77,2,217.34,20 / 21,3511430,2019-09-06 19:14:38:112,0.0038,-0.1589,9.8543,0.0018,-0.0009,9.8066,0.0063,0.0078,0.0157,3.25,-30.19,20.19,45.72,-84.7,-148.57
52.421284,-1.53471,168.05,1.77,2,217.34,20 / 21,3511529,2019-09-06 19:14:38:211,0.0439,0.2408,9.8594,0,-0.0004,9.8066,0.0082,-0.0212,0.0051,2.13,-30.5,20.5,41.93,-84.7,-148.67
52.421284,-1.53471,168.05,1.77,2,217.34,20 / 21,3511628,2019-09-06 19:14:38:310,0.1423,0.1185,9.9545,-0.0008,-0.0023,9.8066,-0.0099,-0.0126,-0.0123,2.81,-30.69,20,45.81,-84.69,-148.7
52.421284,-1.53471,168.05,1.77,2,217.34,20 / 21,3511729,2019-09-06 19:14:38:411,0.0648,0.0935,9.8647,-0.0005,-0.0016,9.8066,0.0084,0.003,0.0186,2.81,-29.87,20.06,45.38,-84.69,-148.89
52.421284,-1.53471,168.05,1.77,2,217.34,20 / 21,3511828,2019-09-06 19:14:38:510,0.0222,-0.0596,9.87,0.0004,-0.0002,9.8066,0.0212,-0.0131,0.0113,2.19,-30.81,20.44,42.5,-84.7,-148.86
52.421284,-1.53471,168.05,1.77,2,217.34,20 / 21,3511928,2019-09-06 19:14:38:610,-0.0401,-0.2747,9.7124,0.0012,-0.0008,9.8066,-0.0143,-0.0095,-0.0006,2.88,-30.56,20.5,44.92,-84.68,-148.84
52.421284,-1.53471,168.05,1.77,2,217.34,20 / 21,3512029,2019-09-06 19:14:38:711,0.1428,0.2412,9.9576,0.0021,-0.0009,9.8066,0.0282,0.0032,0.0021,2.75,-30.87,20.25,45.37,-84.71,-149.08
52.421284,-1.53471,168.05,1.77,2,217.34,20 / 21,3512129,2019-09-06 19:14:38:811,0.1423,-0.1733,9.8753,0.0002,0.0016,9.8066,0.0117,0.0041,0.0054,3.06,-30.37,20.56,44.19,-84.71,-149.29
52.421284,-1.53471,168.05,1.77,2,217.34,20 / 21,3512229,2019-09-06 19:14:38:911,0.0117,0.1927,9.8321,-0.0002,-0.0009,9.8066,-0.016,-0.0245,0.0005,2.63,-30.31,20.5,44.16,-84.7,-149.33
52.421284,-1.53471,168.05,1.77,2,217.34,20 / 21,3512329,2019-09-06 19:14:39:011,-0.0555,-0.1539,9.8702,0.0019,0.0037,9.8066,0.0303,0.005,0.008,2.69,-30.37,20,44.94,-84.72,-149.26
52.421284,-1.53471,168.05,1.77,2,217.34,20 / 21,3512429,2019-09-06 19:14:39:111,-0.0064,0.0624,9.8686,0.0017,0.0006,9.8066,0.0235,0.0053,0.0123,3.31,-30.19,20.56,44.03,-84.71,-149.43
52.421284,-1.53471,168.05,1.77,2,217.34,20 / 21,3512528,2019-09-06 19:14:39:210,0.1034,-0.018,9.8556,0.0003,-0.0013,9.8066,-0.0116,-0.0261,-0.0037,3.06,-30.37,20.75,44.01,-84.69,-149.47
52.421284,-1.53471,168.05,1.77,2,217.34,20 / 21,3512628,2019-09-06 19:14:39:310,0.0528,-0.3316,9.8034,0.0008,0.0015,9.8066,0.0109,0.0008,0.0058,2.81,-30.69,20.31,44.82,-84.71,-149.57
52.421284,-1.53471,168.05,1.77,2,217.34,20 / 21,3512728,2019-09-06 19:14:39:410,0.042,0.2289,9.9288,-0.0004,0.0015,9.8066,0.0027,-0.0007,0.008,3,-30.31,20.69,43.91,-84.71,-149.54
52.421284,-1.53471,168.05,1.77,2,217.34,20 / 21,3512829,2019-09-06 19:14:39:511,0.105,-0.181,9.8222,-0.0002,0.0006,9.8066,-0.005,-0.0148,0.001,2.63,-30.31,20.44,44.61,-84.69,-149.58
52.421284,-1.53471,168.05,1.77,2,217.34,20 / 21,3512929,2019-09-06 19:14:39:611,-0.0336,0.1716,9.8964,0.0006,-0.0022,9.8066,-0.0025,0.0153,0.004,2.44,-29.94,20.44,41.47,-84.7,-149.61
52.421284,-1.53471,168.05,1.77,2,217.34,20 / 21,3513028,2019-09-06 19:14:39:710,-0.0521,-0.374,9.7813,0,0.001,9.8066,0.0158,-0.0076,0.0063,2.38,-30.37,20.69,40.93,-84.73,-149.55
52.421284,-1.53471,168.05,1.77,2,217.34,20 / 21,3513129,2019-09-06 19:14:39:811,0.0158,0.1501,9.7934,-0.0004,-0.0021,9.8066,-0.026,-0.0094,-0.0002,2.81,-30.06,20.06,44.58,-84.72,-149.58
52.421284,-1.53471,168.05,1.77,2,217.34,20 / 21,3513229,2019-09-06 19:14:39:911,0.1482,-0.1319,9.851,0.0017,0.0016,9.8066,0.02,0.0073,0.0105,3,-30.37,20.38,44.54,-84.76,-149.57
52.421284,-1.53471,168.05,1.77,2,217.34,20 / 21,3513330,2019-09-06 19:14:40:012,-0.0488,0.1518,9.908,-0.0015,-0.001,9.8066,0.0074,-0.0234,-0.0011,3,-30.31,20.56,43.85,-84.73,-149.57
52.421284,-1.53471,168.05,1.77,2,217.34,20 / 20,3513429,2019-09-06 19:14:40:111,0.0395,0.0112,10.0103,0.0001,-0.0035,9.8066,-0.0169,-0.0096,-0.0021,2.75,-30.44,20.56,43.65,-84.71,-149.77
52.421284,-1.53471,168.05,1.77,2,217.34,20 / 20,3513530,2019-09-06 19:14:40:212,0.12,0.2434,9.8436,0.0003,-0.0018,9.8065,0.0102,0.0072,0.0045,2.31,-30.56,20.69,40.76,-84.74,-149.85
52.421284,-1.53471,168.05,1.77,2,217.34,20 / 20,3513629,2019-09-06 19:14:40:311,-0.0099,0.2736,9.912,0.0006,-0.0011,9.8066,-0.003,-0.028,0.0022,2.94,-30.81,20.13,44.39,-84.73,-149.92
52.421284,-1.53471,168.05,1.77,2,217.34,20 / 20,3513728,2019-09-06 19:14:40:410,-0.0086,-0.2636,9.7974,0.0003,0.0025,9.8066,0.0082,-0.0003,0.0001,3.06,-30.31,20.56,43.46,-84.73,-149.93
52.421284,-1.53471,168.05,1.77,2,217.34,20 / 20,3513828,2019-09-06 19:14:40:510,0.0739,0.1652,9.8429,0.001,0.0004,9.8066,0.0067,0.0087,0.0077,2.25,-30.31,20.25,41.06,-84.74,-149.93
52.421284,-1.53471,168.05,1.77,2,217.34,20 / 20,3513929,2019-09-06 19:14:40:611,0.0435,-0.1521,9.7234,-0.0001,0.0011,9.8066,-0.0082,-0.0199,-0.0131,2.94,-30.31,20.63,43.4,-84.78,-149.93
52.421284,-1.53471,168.05,1.77,2,217.34,20 / 20,3514028,2019-09-06 19:14:40:710,0.0623,0.2287,9.8602,0.0025,0.0064,9.8066,0.0164,0.0002,-0.0002,2.81,-29.81,20,44.22,-84.81,-149.8
52.421284,-1.53471,168.05,1.77,2,217.34,20 / 20,3514129,2019-09-06 19:14:40:811,0.0988,0.0171,9.9958,-0.0019,-0.0006,9.8066,-0.0069,-0.0068,0.0244,2.75,-30.31,20.44,44.11,-84.8,-149.92
52.421284,-1.53471,168.05,1.77,2,217.34,20 / 20,3514228,2019-09-06 19:14:40:910,0.0241,0.1136,9.8894,-0.0027,0.0001,9.8066,0.0007,-0.0192,-0.0023,2.69,-30.81,20,44.81,-84.8,-149.47
52.421284,-1.53471,168.05,1.77,2,217.34,20 / 20,3514328,2019-09-06 19:14:41:010,-0.0805,-0.2439,9.7971,0.001,-0.003,9.8066,-0.0055,0.0154,0.0102,2.56,-30.5,20,44.82,-84.78,-149.3
52.421284,-1.53471,168.05,1.77,2,217.34,20 / 20,3514430,2019-09-06 19:14:41:112,0.0622,-0.2026,9.649,0.001,0.0024,9.8066,0.0013,-0.0007,0.0165,2.75,-30.06,20,44.63,-84.82,-149.42
52.421284,-1.53471,168.05,1.77,2,217.34,20 / 20,3514528,2019-09-06 19:14:41:210,-0.0364,0.1602,10.0065,-0.0025,-0.0012,9.8065,-0.0118,-0.0114,-0.0124,2.5,-30.25,20.25,45.05,-84.79,-149.08
52.421284,-1.53471,168.05,1.77,2,217.34,20 / 20,3514629,2019-09-06 19:14:41:311,0.207,0.3248,9.9327,0.0037,0.0001,9.8066,0.0055,0.0251,0.0035,2.56,-30.5,20.44,44.88,-84.81,-149.21
52.421284,-1.53471,168.05,1.77,2,217.34,20 / 20,3514729,2019-09-06 19:14:41:411,0.1456,-0.0205,9.9552,-0.0022,0.0002,9.8066,0.0081,-0.0324,0.0037,2.5,-30.56,20.44,44.91,-84.82,-149.36
52.421284,-1.53471,168.05,1.77,2,217.34,20 / 20,3514829,2019-09-06 19:14:41:511,0.2064,-0.0573,9.7949,-0.0005,-0.0014,9.8066,-0.0181,-0.0114,-0.0169,2.69,-30.25,20.44,44.79,-84.8,-149.31
52.421284,-1.53471,168.05,1.77,2,217.34,20 / 20,3514929,2019-09-06 19:14:41:611,-0.1145,-0.0142,9.8567,-0.0008,0.0007,9.8066,0.0185,0.0054,0.0295,2.94,-30.44,20.31,44.85,-84.82,-149.23
52.421284,-1.53471,168.05,1.77,2,217.34,20 / 20,3515029,2019-09-06 19:14:41:711,-0.2176,-0.1581,9.7015,-0.0015,-0.0009,9.8066,0.0017,-0.0213,-0.0066,2.63,-30.62,20.31,45.29,-84.81,-149.02
52.421284,-1.53471,168.05,1.77,2,217.34,20 / 20,3515128,2019-09-06 19:14:41:810,0.0963,0.0196,9.8564,0.0029,0.0004,9.8066,0.0105,-0.0032,-0.0042,2.38,-30.44,20.75,41.07,-84.82,-149.34
52.421284,-1.53471,168.05,1.77,2,217.34,20 / 20,3515228,2019-09-06 19:14:41:910,0.087,0.0092,9.8972,0.002,0.0017,9.8066,0.0285,0.0072,0.0281,2.75,-30.12,20.06,44.53,-84.84,-149.49
52.421284,-1.53471,168.05,1.77,2,217.34,20 / 20,3515329,2019-09-06 19:14:42:011,0.0587,0.2902,9.8862,-0.0019,0.0009,9.8066,-0.0104,-0.0193,-0.0186,2.44,-30.19,20.5,40.98,-84.82,-149.41
52.421284,-1.53471,168.05,1.77,2,217.34,20 / 20,3515428,2019-09-06 19:14:42:110,-0.0171,-0.3327,9.7344,0.0026,0.0018,9.8066,-0.0027,-0.0079,-0.009,2.88,-30.19,20.38,44.43,-84.83,-149.59
52.421284,-1.53471,168.05,1.77,2,217.34,20 / 20,3515529,2019-09-06 19:14:42:211,-0.0566,0.1511,9.7632,0.001,0.0018,9.8066,0.0144,-0.0038,0.0187,2.25,-30.5,20.88,40.51,-84.86,-149.8
52.421284,-1.53471,168.05,1.77,2,217.34,20 / 20,3515628,2019-09-06 19:14:42:310,-0.0163,-0.0606,9.9228,-0.0015,-0.0009,9.8066,0.0059,-0.0157,-0.0099,2.44,-30.19,20.69,40.58,-84.86,-149.74
52.421284,-1.53471,168.05,1.77,2,217.34,20 / 20,3515729,2019-09-06 19:14:42:411,0.1875,0.344,9.889,0.0027,-0.003,9.8066,-0.0244,0.0095,-0.0092,2.19,-30.31,20.75,40.07,-84.85,-150.2
52.421284,-1.53471,168.05,1.77,2,217.34,20 / 20,3515828,2019-09-06 19:14:42:510,0.1313,-0.0934,9.8043,0.003,-0.001,9.8066,0.0179,0.0003,0.0102,2.63,-30.12,20.25,43.3,-84.91,-150.53
52.421284,-1.53471,168.05,1.77,2,217.34,20 / 20,3515928,2019-09-06 19:14:42:610,0.0947,0.1498,9.7669,-0.0011,0.0009,9.8066,-0.0009,-0.0154,-0.0008,2.38,-30.75,20,40.37,-84.91,-150.55
52.421284,-1.53471,168.05,1.77,2,217.34,20 / 20,3516029,2019-09-06 19:14:42:711,-0.0236,-0.1748,9.8907,-0.0008,0.001,9.8066,0.0165,-0.0012,0.0101,3.19,-30.31,20.5,42.74,-84.89,-150.42
52.421284,-1.53471,168.05,1.77,2,217.34,20 / 20,3516128,2019-09-06 19:14:42:810,-0.0516,0.2319,9.8192,-0.0005,-0.0021,9.8066,0.0008,-0.0164,0.0148,2.94,-30.37,20.63,42.97,-84.91,-150.18
52.421284,-1.53471,168.05,1.77,2,217.34,20 / 20,3516228,2019-09-06 19:14:42:910,0.0726,-0.0216,9.9999,-0.002,-0.0017,9.8066,-0.016,-0.0063,-0.0036,3.06,-29.87,20.44,43.93,-84.9,-149.97
52.421284,-1.53471,168.05,1.77,2,217.34,20 / 20,3516329,2019-09-06 19:14:43:011,-0.1226,0.0373,9.6968,0.0017,0.0023,9.8066,0.0208,-0.0059,0.0147,2.94,-30.56,20.31,44.07,-84.92,-150
52.421284,-1.53471,168.05,1.77,2,217.34,20 / 20,3516429,2019-09-06 19:14:43:111,0.0184,-0.089,9.7826,-0.0007,-0.0027,9.8066,-0.0066,-0.0281,-0.0039,2.63,-30.44,19.94,43.84,-84.9,-150.06
52.421284,-1.53471,168.05,1.77,2,217.34,20 / 20,3516528,2019-09-06 19:14:43:210,0.0498,-0.241,9.6904,0.0017,0.0021,9.8066,0.0116,-0.0019,0.0065,2.56,-30.25,20.56,42.99,-84.91,-150.17
52.421284,-1.53471,168.05,1.77,2,217.34,20 / 20,3516629,2019-09-06 19:14:43:311,0.0347,-0.1162,9.8848,-0.0013,-0.0004,9.8066,0.0247,-0.0023,0.0097,2.63,-30.12,20.69,43.06,-84.91,-150.1
52.421284,-1.53471,168.05,1.77,2,217.34,20 / 20,3516729,2019-09-06 19:14:43:411,-0.0271,0.1612,9.927,-0.001,0.0001,9.8066,-0.0026,-0.016,0.0046,2.5,-30.62,20.25,44.13,-84.89,-149.97
52.421284,-1.53471,168.05,1.77,2,217.34,20 / 20,3516829,2019-09-06 19:14:43:511,-0.1022,0.0854,9.9218,0.0022,0.0027,9.8065,0.0184,0.0031,0.003,2.63,-30.5,20.44,43.97,-84.91,-149.93
52.421284,-1.53471,168.05,1.77,2,217.34,20 / 20,3516929,2019-09-06 19:14:43:611,0.0501,-0.1534,9.8664,0.0014,0.0013,9.8066,0.006,0.0003,0.0031,2.69,-30.31,20.13,43.71,-84.91,-150.16
52.421284,-1.53471,168.05,1.77,2,217.34,20 / 20,3517029,2019-09-06 19:14:43:711,-0.0079,-0.0284,9.8373,-0.0004,-0.0011,9.8066,-0.0103,-0.0134,0.0018,2.5,-30,20.5,42.97,-84.9,-150.19
52.421284,-1.53471,168.05,1.77,2,217.34,20 / 20,3517128,2019-09-06 19:14:43:810,-0.0476,-0.1518,9.7818,-0.0003,0.0001,9.8066,-0.0055,0.0004,0.0013,3.13,-29.37,20.31,43.54,-84.91,-150.14
52.421284,-1.53471,168.05,1.77,2,217.34,20 / 20,3517229,2019-09-06 19:14:43:911,-0.0849,0.1653,10.0565,0.0016,0.0071,9.8066,0.0186,-0.0013,0.0046,2.56,-30.44,20.13,43.91,-84.95,-149.95
52.421284,-1.53471,168.05,1.77,2,217.34,20 / 20,3517329,2019-09-06 19:14:44:011,-0.1004,-0.246,10.0029,0.0017,-0.0014,9.8066,-0.0104,-0.0126,-0.0052,2.63,-30.69,20,43.88,-84.91,-150.18
52.421284,-1.53471,168.05,1.77,2,217.34,20 / 20,3517428,2019-09-06 19:14:44:110,0.0834,0.0445,9.888,0.0054,0.0016,9.8066,-0.0292,-0.003,-0.0181,2.88,-30.56,20.38,43.34,-84.97,-150.61
52.421284,-1.53471,168.05,1.77,2,217.34,20 / 20,3517529,2019-09-06 19:14:44:211,0.0201,0.4337,9.9267,0.0053,0.0045,9.8066,-0.0194,-0.0024,-0.0014,2.56,-30.75,20.69,42.2,-85.15,-150.8
52.421284,-1.53471,168.05,1.77,2,217.34,20 / 20,3517628,2019-09-06 19:14:44:310,0.1838,0.108,9.9933,0.0053,0.0029,9.8066,-0.0199,0.0015,-0.0076,2.69,-30.62,19.94,42.73,-85.24,-150.86
52.421284,-1.53471,168.05,1.77,2,217.34,20 / 20,3517729,2019-09-06 19:14:44:411,-0.0732,-0.1198,9.7268,0.003,0.0044,9.8066,0.0072,-0.0166,0.0024,2.69,-30.25,20,42.38,-85.31,-150.94
52.421284,-1.53471,168.05,1.77,2,217.34,20 / 20,3517828,2019-09-06 19:14:44:510,0.0071,-0.1569,9.706,0,-0.0001,9.8066,0.0015,0.0062,0.0112,3.06,-30.69,20.19,42.62,-85.33,-150.86
52.421284,-1.53471,168.05,1.77,2,217.34,20 / 20,3517928,2019-09-06 19:14:44:610,0.0248,-0.1154,9.6328,-0.0011,-0.0018,9.8066,-0.0189,-0.0064,-0.0032,3.13,-30.19,20.25,42.66,-85.36,-150.64
52.421284,-1.53471,168.05,1.77,2,217.34,20 / 20,3518029,2019-09-06 19:14:44:711,-0.0617,0.0302,9.9189,0.0006,0.0013,9.8066,0.0117,-0.0104,-0.0029,2.94,-31,20.5,42.24,-85.36,-150.55
52.421284,-1.53471,168.05,1.77,2,217.34,20 / 20,3518128,2019-09-06 19:14:44:810,0.0107,-0.0868,9.9369,0.0023,0.0034,9.8066,0.0037,0.0016,0.0055,3,-30.56,20.44,42.79,-85.42,-150.61
52.421284,-1.53471,168.05,1.77,2,217.34,20 / 20,3518228,2019-09-06 19:14:44:910,0.001,0.3086,9.9276,0.0018,0.0044,9.8066,-0.0083,-0.0121,0.0027,2.69,-30.87,20.13,42.89,-85.44,-150.49
52.421284,-1.53471,168.05,1.77,2,217.34,20 / 20,3518329,2019-09-06 19:14:45:011,-0.1342,-0.1985,9.8353,-0.0011,0.0021,9.8066,0.0066,-0.0037,0.0039,2.94,-30.37,19.88,43.18,-85.49,-150.02
52.421284,-1.53471,168.05,1.77,2,217.34,19 / 19,3518428,2019-09-06 19:14:45:110,-0.0989,-0.224,9.8025,0.0019,-0.0003,9.8066,0.017,-0.0142,0.0147,3.25,-30.62,20.56,42.51,-85.5,-150.15
52.421284,-1.53471,168.05,1.77,2,217.34,19 / 19,3518529,2019-09-06 19:14:45:211,-0.0985,-0.3027,9.7172,0.0004,-0.0027,9.8066,-0.0191,0.0092,-0.0027,2.56,-30.44,19.94,43,-85.48,-150.2
52.421284,-1.53471,168.05,1.77,2,217.34,19 / 19,3518628,2019-09-06 19:14:45:310,-0.0009,0.0344,9.8378,0.0014,0.0044,9.8066,0.0285,-0.0112,0.0151,2.5,-31,19.88,43.13,-85.51,-150.19
52.421284,-1.53471,168.05,1.77,2,217.34,19 / 19,3518729,2019-09-06 19:14:45:411,-0.018,-0.0529,9.8179,-0.0025,-0.002,9.8066,-0.0146,-0.0198,-0.0016,3.19,-30.94,19.75,43.32,-85.48,-150.07
52.421284,-1.53471,168.05,1.77,2,217.34,19 / 19,3518828,2019-09-06 19:14:45:510,0.0154,0.0159,9.9037,-0.0003,-0.0013,9.8065,0.0035,0.0162,0.0067,2.5,-30.44,20.19,43.22,-85.48,-150
52.421284,-1.53471,168.05,1.77,2,217.34,19 / 19,3518928,2019-09-06 19:14:45:610,-0.0332,-0.2062,9.7675,0.0015,-0.0016,9.8066,-0.0036,-0.0136,-0.0021,2.94,-30.25,20.44,43.04,-85.48,-150.15
52.421284,-1.53471,168.05,1.77,2,217.34,19 / 19,3519028,2019-09-06 19:14:45:710,0.0345,-0.0505,9.9209,0.0002,-0.0019,9.8066,-0.0123,-0.0114,-0.0115,3.06,-30.75,20,43.04,-85.49,-150.3
52.421284,-1.53471,168.05,1.77,2,217.34,19 / 19,3519128,2019-09-06 19:14:45:810,0.1216,-0.0367,9.8331,0.0017,0.0025,9.8066,0.0283,0.0134,0.0246,2.88,-30.44,19.88,42.59,-85.52,-150.54
52.421284,-1.53471,168.05,1.77,2,217.34,19 / 19,3519229,2019-09-06 19:14:45:911,0.0102,-0.0638,9.865,-0.0028,-0.0018,9.8066,-0.0176,-0.0206,-0.0172,2.94,-30.31,20.19,42.78,-85.49,-150.38
52.421284,-1.53471,168.05,1.77,2,217.34,19 / 19,3519329,2019-09-06 19:14:46:011,-0.0829,-0.2586,9.7154,0.0031,0.0031,9.8066,0.0125,0.0057,0.0048,2.94,-30.69,20.56,42.32,-85.5,-150.33
52.421284,-1.53471,168.05,1.77,2,217.34,19 / 19,3519429,2019-09-06 19:14:46:111,-0.179,-0.3222,9.8068,0.0008,0.0019,9.8066,0.0295,0.0156,0.0191,2.94,-30.81,19.75,42.86,-85.53,-150.43
52.421284,-1.53471,168.05,1.77,2,217.34,19 / 19,3519528,2019-09-06 19:14:46:210,-0.0241,-0.2885,9.6717,-0.0017,0,9.8066,-0.0165,-0.0262,-0.0368,2.69,-30.62,19.69,42.45,-85.53,-150.8
52.421284,-1.53471,168.05,1.77,2,217.34,19 / 19,3519629,2019-09-06 19:14:46:311,-0.942,0.7285,9.3702,0.0055,0.0038,9.8066,0.0245,0.0015,0.0245,3,-30.44,19.94,42.04,-85.54,-151.01
52.421284,-1.53471,168.05,1.77,2,217.34,19 / 19,3519729,2019-09-06 19:14:46:411,1.4771,-2.5849,9.6018,0.0196,0.0599,9.8064,0.1729,0.0174,0.1356,2.88,-30.94,20.06,40.51,-85.77,-152.32
52.421284,-1.53471,168.05,1.77,2,217.34,19 / 19,3519828,2019-09-06 19:14:46:510,0.5249,0.5735,9.9882,-0.0111,0.0188,9.8066,0.0016,-0.0457,-0.0837,3.13,-31,20.69,41.89,-85.63,-150.59
52.421284,-1.53471,168.05,1.77,2,217.34,19 / 19,3519929,2019-09-06 19:14:46:611,-0.4125,-0.3294,9.7664,0.0059,-0.0066,9.8066,0.0264,0.0106,0.0414,2.69,-30.81,20.69,40.91,-85.62,-151.5
52.421284,-1.53471,168.05,1.77,2,217.34,19 / 19,3520030,2019-09-06 19:14:46:712,-0.2383,-0.2794,9.7738,-0.0041,-0.0049,9.8066,-0.0264,-0.0227,-0.015,3,-30.62,20.13,41.67,-85.63,-151.41
52.421284,-1.53471,168.05,1.77,2,217.34,19 / 19,3520129,2019-09-06 19:14:46:811,-0.0211,-0.1225,9.9073,0.0008,-0.0029,9.8066,-0.023,-0.0029,-0.0171,2.88,-30.75,20.5,41.28,-85.61,-151.18
52.421284,-1.53471,168.05,1.77,2,217.34,19 / 19,3520229,2019-09-06 19:14:46:911,0.1295,0.0803,9.9036,0.0003,-0.0049,9.8066,-0.0091,0.009,0.0194,2.81,-31.06,20.63,40.74,-85.62,-151.66
52.421284,-1.53471,168.05,1.77,2,217.34,19 / 19,3520329,2019-09-06 19:14:47:011,-0.0056,0.2141,9.9163,-0.0023,0.0011,9.8066,0.0007,-0.0202,-0.0082,2.69,-30.81,20.13,41.88,-85.61,-151.23
52.421284,-1.53471,168.05,1.77,2,217.34,19 / 19,3520429,2019-09-06 19:14:47:111,-0.0616,-0.1811,9.8789,0.0018,0.0013,9.8066,-0.0052,-0.008,-0.0118,3.13,-31.31,20.44,41.71,-85.61,-151.39
52.421284,-1.53471,168.05,1.77,2,217.34,19 / 19,3520528,2019-09-06 19:14:47:210,0.1961,0.0226,9.9469,0.0017,0.0013,9.8066,0.0263,-0.006,0.0286,2.56,-30.44,20.38,41.26,-85.64,-151.63
52.421284,-1.53471,168.05,1.77,2,217.34,19 / 19,3520629,2019-09-06 19:14:47:311,-0.092,-0.2648,9.7631,-0.0022,-0.001,9.8066,0.0072,-0.018,-0.0071,3,-30.5,20.06,41.55,-85.63,-151.37
52.421284,-1.53471,168.05,1.77,2,217.34,19 / 19,3520729,2019-09-06 19:14:47:411,-0.1206,-0.2642,9.6809,0.0022,0.001,9.8066,-0.0046,0.005,0.0072,2.44,-30.75,20.38,38.71,-85.62,-151.31
52.421284,-1.53471,168.05,1.77,2,217.34,19 / 19,3520829,2019-09-06 19:14:47:511,-0.0551,-0.1333,9.826,0.0022,-0.0011,9.8066,0.0204,0.003,0.0233,3.13,-30.94,20.5,40.75,-85.65,-151.61
52.421284,-1.53471,168.05,1.77,2,217.34,19 / 19,3520929,2019-09-06 19:14:47:611,0.1766,0.1974,9.9098,-0.0001,0.0025,9.8066,0.0014,-0.026,-0.0214,2.56,-30.5,20.19,41.43,-85.64,-151.47
52.421284,-1.53471,168.05,1.77,2,217.34,19 / 19,3521029,2019-09-06 19:14:47:711,0.0335,0.0515,9.9548,0.003,0.0031,9.8066,0.0057,0.0016,0.0061,2.94,-30.5,20.25,41.17,-85.64,-151.7
52.421284,-1.53471,168.05,1.77,2,217.34,19 / 19,3521128,2019-09-06 19:14:47:810,-0.0497,-0.0805,9.8443,-0.0011,-0.0005,9.8066,0.0022,-0.0082,0.0098,2.88,-30.37,20.19,41.05,-85.65,-151.81
52.421284,-1.53471,168.05,1.77,2,217.34,19 / 19,3521228,2019-09-06 19:14:47:910,-0.1105,-0.3182,9.8371,-0.0018,0.0012,9.8066,0.0026,-0.0221,-0.0242,3.31,-31.12,20.56,40.78,-85.64,-151.6
52.421284,-1.53471,168.05,1.77,2,217.34,19 / 19,3521328,2019-09-06 19:14:48:010,-0.0856,-0.1403,9.7519,0.0015,-0.0017,9.8066,0.0104,0.0222,0.0204,3.13,-30.75,20.38,41.24,-85.64,-151.78
52.421284,-1.53471,168.05,1.77,2,217.34,20 / 21,3521429,2019-09-06 19:14:48:111,-0.0562,0.0151,9.8457,0,0.0016,9.8066,0.0103,-0.0125,0.0105,2.88,-30.94,20.19,41.05,-85.64,-151.96
52.421284,-1.53471,168.05,1.77,2,217.34,20 / 21,3521528,2019-09-06 19:14:48:210,-0.0908,-0.2292,9.8415,0.0008,-0.0011,9.8066,-0.0228,-0.0045,-0.0113,3.06,-30.81,20.5,40.53,-85.63,-151.83
52.421284,-1.53471,168.05,1.77,2,217.34,20 / 21,3521629,2019-09-06 19:14:48:311,0.1108,-0.0686,9.8718,0.0032,-0.002,9.8066,-0.0009,0.017,0.0236,3.19,-30.56,20.13,40.96,-85.67,-152.01
52.421284,-1.53471,168.05,1.77,2,217.34,20 / 21,3521728,2019-09-06 19:14:48:410,-0.0028,0.1062,9.9222,-0.0022,0.0001,9.8066,-0.0068,-0.013,-0.0065,3.06,-30.56,20.25,41.21,-85.68,-151.77
52.421284,-1.53471,168.05,1.77,2,217.34,20 / 21,3521829,2019-09-06 19:14:48:511,-0.0008,-0.1999,9.8838,0,-0.001,9.8066,-0.0051,-0.0071,-0.0165,2.63,-30.25,20.06,41.07,-85.67,-151.76
52.421284,-1.53471,168.05,1.77,2,217.34,20 / 21,3521928,2019-09-06 19:14:48:610,-0.1391,-0.093,9.7761,0.0021,0.0013,9.8066,0.0149,-0.0058,0.0272,2.88,-31.12,20.31,40.9,-85.68,-152.05
52.421284,-1.53471,168.05,1.77,2,217.34,20 / 21,3522028,2019-09-06 19:14:48:710,-0.1307,-0.3675,9.732,-0.0021,-0.0022,9.8066,0.0028,-0.0069,-0.0008,3,-30.62,20.81,40.3,-85.69,-151.98
52.421284,-1.53471,168.05,1.77,2,217.34,20 / 21,3522128,2019-09-06 19:14:48:810,0.1224,-0.1473,9.4773,0.0172,0.0487,9.8065,-0.1677,-0.0209,0.0408,3,-30.87,20.13,43.16,-86.01,-149.62
52.421284,-1.53471,168.05,1.77,2,217.34,20 / 21,3522229,2019-09-06 19:14:48:911,-0.1123,0.1317,9.9905,-0.0023,0.0304,9.8066,-0.1078,-0.0482,0.0869,3.31,-31.25,20.25,49.33,-86.27,-143.6
52.421284,-1.53471,168.05,1.77,2,217.34,20 / 21,3522329,2019-09-06 19:14:49:011,0.1695,0.4235,9.695,0.0055,0.0478,9.8065,-0.0145,-0.0194,0.0128,2.88,-31.37,19.75,61.95,-86.76,-131.01
52.421284,-1.53471,168.05,1.77,2,217.34,20 / 20,3522430,2019-09-06 19:14:49:112,-0.0074,-0.2208,9.9567,-0.0001,-0.0328,9.8066,0.035,-0.0095,-0.0102,3.31,-31.5,19.56,58.57,-86.63,-134.42
52.421284,-1.53471,168.05,1.77,2,217.34,20 / 20,3522529,2019-09-06 19:14:49:211,0.0297,-0.3247,9.8525,-0.001,-0.0092,9.8066,0.0526,0.0049,-0.007,2.81,-32,19.94,57.46,-86.61,-135.66
52.421284,-1.53471,168.05,1.77,2,217.34,20 / 20,3522628,2019-09-06 19:14:49:310,0.1189,0.0056,9.7297,0.0062,0.0054,9.8066,0.0241,-0.0051,0.0096,2.81,-31.5,19.25,56.31,-86.59,-137.29
52.421284,-1.53471,168.05,1.77,2,217.34,20 / 20,3522729,2019-09-06 19:14:49:411,-0.4714,0.1923,10.1253,-0.0099,-0.0975,9.8061,0.5964,0.0315,-0.1563,3.19,-30.81,20.81,53.96,-86.44,-138.44
52.421284,-1.53471,168.05,1.77,2,217.34,20 / 20,3522829,2019-09-06 19:14:49:511,0.3038,0.1255,9.9768,0.0127,0.0206,9.8065,-0.0392,-0.0397,0.0188,3.06,-30.94,20.44,38.82,-85.3,-154.32
52.421284,-1.53471,168.05,1.77,2,217.34,20 / 20,3522928,2019-09-06 19:14:49:610,-0.7813,0.1857,9.3127,-0.0173,0.0689,9.8064,-0.157,-0.026,-0.0893,2.19,-30.25,20.25,41.38,-85.74,-148.61
52.421284,-1.53471,168.05,1.77,2,217.34,20 / 20,3523028,2019-09-06 19:14:49:710,-0.0016,-0.2988,9.8502,0.0316,-0.0387,9.8064,0.2685,0.0417,-0.0265,3.25,-30.69,20.63,38.87,-85.79,-153.2
52.421284,-1.53471,168.05,1.77,2,217.34,20 / 20,3523129,2019-09-06 19:14:49:811,-0.1144,0.0061,9.9046,-0.0026,-0.0253,9.8066,-0.0267,-0.0627,0.0474,2.88,-30.44,20.75,35.26,-85.34,-156.76
52.421284,-1.53471,168.05,1.77,2,217.34,20 / 20,3523229,2019-09-06 19:14:49:911,-0.1144,0.0061,9.9046,-0.0026,-0.0253,9.8066,-0.0267,-0.0627,0.0474,2.88,-30.44,20.75,35.26,-85.34,-156.76
52.421284,-1.53471,168.05,1.77,2,217.34,20 / 20,3523329,2019-09-06 19:14:50:011,-0.1015,0.4196,9.5298,0.0115,0.0762,9.8063,0.0077,0.0309,-0.004,3.19,-30.56,20.63,35.87,-85.35,-156.33
52.421284,-1.53471,168.05,1.77,2,217.34,20 / 20,3523429,2019-09-06 19:14:50:111,-0.0763,-0.0093,10.0351,0.0006,-0.001,9.8066,0.0021,-0.0212,-0.0063,3,-30.69,20.38,39.18,-85.74,-153.56
52.421284,-1.53471,168.05,1.77,2,217.34,20 / 21,3523529,2019-09-06 19:14:50:211,-0.0313,-0.3223,9.9364,-0.0034,0.0332,9.8066,-0.059,-0.0146,0.0151,3.13,-31.19,20.44,39.09,-85.74,-153.64
52.421284,-1.53471,168.05,1.77,2,217.34,20 / 21,3523628,2019-09-06 19:14:50:310,-0.3126,0.0552,9.8411,0.0204,0.0636,9.8064,-0.0675,-0.0016,-0.0137,3,-31.12,20.19,45.12,-86.37,-147.42
52.421284,-1.53471,168.05,1.77,2,217.34,20 / 21,3523730,2019-09-06 19:14:50:412,-0.2877,-0.2952,9.921,-0.0179,-0.071,9.8063,0.1703,-0.0145,0.037,3.5,-31.12,20.19,44.34,-85.94,-151.36
52.421284,-1.53471,168.05,1.77,2,217.34,20 / 21,3523828,2019-09-06 19:14:50:510,-0.1436,-0.6858,10.408,0.0183,0.0941,9.8061,0.1789,0.0442,-0.0446,3,-30.56,19.81,44.46,-86.22,-148.2
52.421284,-1.53471,168.05,1.77,2,217.34,20 / 21,3523929,2019-09-06 19:14:50:611,-0.0764,-0.0504,10.1288,-0.0036,-0.0306,9.8065,-0.0189,-0.0053,0.0067,3.31,-30.25,19.69,43.09,-86.17,-149.39
52.421284,-1.53471,168.05,1.77,2,217.34,20 / 21,3524029,2019-09-06 19:14:50:711,-0.1651,-0.3379,9.9691,-0.0025,-0.0134,9.8065,0.0107,-0.0234,-0.0027,2.94,-31.12,20.63,41.29,-86.05,-150.72
52.421284,-1.53471,168.05,1.77,2,217.34,20 / 21,3524129,2019-09-06 19:14:50:811,0.3374,0.5628,10.339,0.012,0.0476,9.8064,-0.1294,-0.0075,0.0335,3.19,-30.94,20.06,44.12,-86.32,-148.4
52.421284,-1.53471,168.05,1.77,2,217.34,20 / 21,3524229,2019-09-06 19:14:50:911,0.1935,-0.2422,9.5621,-0.0106,-0.0481,9.8064,-0.0298,-0.0779,0.0972,2.81,-31.12,19.88,43.17,-86.13,-149.49
52.421284,-1.53471,168.05,1.77,2,217.34,20 / 21,3524329,2019-09-06 19:14:51:011,0.0177,-0.0227,9.7054,0.0063,-0.0074,9.8066,0.0424,0.0135,-0.0305,3,-30.69,20.38,44.73,-85.93,-148.26
52.421284,-1.53471,168.05,1.77,2,217.34,20 / 21,3524428,2019-09-06 19:14:51:110,0.213,-0.2876,9.8489,0.0184,0.0079,9.8065,-0.0129,0.0588,-0.0364,2.81,-31.06,20.25,43.07,-86.03,-149.69
52.421284,-1.53471,168.05,1.77,2,217.34,20 / 21,3524529,2019-09-06 19:14:51:211,-0.133,-0.0623,9.8867,-0.005,0.0139,9.8065,-0.0233,-0.0159,0.006,2.63,-30.75,20,43.96,-86.21,-148.67
52.421284,-1.53471,168.05,1.77,2,217.34,20 / 21,3524628,2019-09-06 19:14:51:310,-0.1424,0.1297,9.7492,-0.002,-0.0007,9.8066,-0.0243,-0.0135,-0.0099,2.44,-31,20.06,42.06,-86.27,-147.57
52.421284,-1.53471,168.05,1.77,2,217.34,20 / 21,3524729,2019-09-06 19:14:51:411,-0.0292,-0.2938,9.8709,0.0022,0.0015,9.8066,0.0014,-0.0034,-0.0167,2.75,-31.31,19.75,45.15,-86.32,-147.45
52.421284,-1.53471,168.05,1.77,2,217.34,20 / 21,3524829,2019-09-06 19:14:51:511,-0.0408,0.1126,9.8504,0.005,0.0035,9.8065,0.005,-0.0157,0.0002,2.69,-31.25,20.5,44.1,-86.37,-147.78
52.421284,-1.53471,168.05,1.77,2,217.34,20 / 21,3524928,2019-09-06 19:14:51:610,-0.029,-0.2561,9.9123,-0.0015,0.0039,9.8066,-0.0072,-0.0125,0.0046,3.13,-31.31,19.75,44.8,-86.42,-147.66
52.421284,-1.53471,168.05,1.77,2,217.34,20 / 21,3525030,2019-09-06 19:14:51:712,-0.0828,-0.0783,9.732,0.0004,-0.0013,9.8066,-0.0015,-0.011,0.0032,2.56,-30.94,20.31,45.22,-86.43,-147.25
52.421284,-1.53471,168.05,1.77,2,217.34,20 / 21,3525128,2019-09-06 19:14:51:810,-0.0693,-0.1002,10.04,0.0004,-0.0011,9.8066,-0.0065,0.0047,-0.0146,3.25,-31.19,20.38,45.19,-86.44,-147.27
52.421284,-1.53471,168.05,1.77,2,217.34,20 / 21,3525228,2019-09-06 19:14:51:910,-0.152,-0.0048,9.6977,0.0004,-0.0005,9.8066,-0.0186,-0.0107,0.0118,2.88,-31.56,20.56,44.53,-86.46,-147.4
52.421284,-1.53471,168.05,1.77,2,217.34,20 / 21,3525328,2019-09-06 19:14:52:010,-0.1087,-0.0691,10.0141,0.0013,0.0008,9.8066,0.013,-0.004,0.005,3.13,-31.56,19.94,45.45,-86.43,-147.17
52.421284,-1.53471,168.05,1.77,2,217.34,19 / 21,3525428,2019-09-06 19:14:52:110,-0.1437,-0.3776,9.7775,0,-0.0015,9.8066,0.015,-0.0112,-0.0096,2.75,-31.5,20.19,45.15,-86.43,-147.32
52.421284,-1.53471,168.05,1.77,2,217.34,19 / 21,3525529,2019-09-06 19:14:52:211,0.137,-0.0506,9.8795,-0.0003,-0.004,9.8065,-0.0277,0.0084,-0.0111,2.94,-30.81,20.38,44.55,-86.43,-147.88
52.421284,-1.53471,168.05,1.77,2,217.34,19 / 21,3525628,2019-09-06 19:14:52:310,0.0221,-0.2492,9.7926,-0.0004,0.0027,9.8066,-0.0061,-0.007,0.0104,2.5,-31.19,20.31,44.79,-86.46,-147.62
52.421284,-1.53471,168.05,1.77,2,217.34,19 / 21,3525729,2019-09-06 19:14:52:411,-0.1156,-0.0374,9.706,-0.0008,-0.0007,9.8066,0.0076,-0.0011,-0.0022,2.94,-30.87,20.5,44.62,-86.48,-147.18
52.421284,-1.53471,168.05,1.77,2,217.34,19 / 21,3525828,2019-09-06 19:14:52:510,0.082,-0.0816,9.9373,0.0027,-0.0025,9.8066,-0.0088,0.0016,-0.0023,2.75,-31.25,20.19,44.7,-86.47,-147.69
52.421284,-1.53471,168.05,1.77,2,217.34,19 / 21,3525928,2019-09-06 19:14:52:610,-0.1279,-0.0937,9.708,0.0003,0.0041,9.8066,0.0061,-0.0104,0.0033,3.19,-31.19,19.81,45.18,-86.5,-147.21
52.421284,-1.53471,168.05,1.77,2,217.34,19 / 21,3526029,2019-09-06 19:14:52:711,-0.0839,-0.0634,9.9604,-0.0006,0.0011,9.8066,-0.0055,-0.0035,-0.0028,2.94,-31,19.69,45.51,-86.51,-146.89
52.421284,-1.53471,168.05,1.77,2,217.34,19 / 21,3526129,2019-09-06 19:14:52:811,0.0067,-0.3724,9.8274,-0.0007,0.0018,9.8066,-0.0239,-0.0052,0.0031,2.81,-30.87,20,45.62,-86.53,-146.77
52.421284,-1.53471,168.05,1.77,2,217.34,19 / 21,3526228,2019-09-06 19:14:52:910,-0.0448,-0.1947,9.6493,-0.001,-0.0031,9.8066,0.0242,-0.0219,-0.002,3.31,-31.06,20.81,45.59,-86.55,-146.2
52.421284,-1.53471,168.05,1.77,2,217.34,19 / 21,3526329,2019-09-06 19:14:53:011,-0.071,-0.3067,9.889,-0.0007,-0.0021,9.8066,-0.0174,0.0142,-0.0112,3.44,-31.12,20.5,45.04,-86.49,-146.78
52.421284,-1.53471,168.05,1.77,2,217.34,19 / 21,3526429,2019-09-06 19:14:53:111,-0.1293,-0.2766,9.9141,-0.0009,0.0024,9.8066,-0.0152,-0.0103,0.0064,2.81,-31.19,20.38,45.86,-86.54,-146.53
52.421284,-1.53471,168.05,1.77,2,217.34,19 / 21,3526529,2019-09-06 19:14:53:211,-0.1951,-0.0111,9.9504,-0.0026,-0.0047,9.8066,0.0064,-0.0098,-0.0076,2.69,-31.75,20.63,45.57,-86.54,-146.34
52.421284,-1.53471,168.05,1.77,2,217.34,19 / 21,3526628,2019-09-06 19:14:53:310,-0.024,-0.2632,9.9774,0.0015,0.0007,9.8066,-0.0034,0.0083,0.0082,2.75,-30.87,20.25,45.78,-86.53,-146.61
52.421284,-1.53471,168.05,1.77,2,217.34,19 / 21,3526728,2019-09-06 19:14:53:410,-0.0625,-0.2161,9.9263,0.0026,0.007,9.8066,0.0403,0.0007,0.0056,2.63,-31.31,20.5,45.41,-86.54,-146.38
52.421284,-1.53471,168.05,1.77,2,217.34,19 / 21,3526829,2019-09-06 19:14:53:511,0.1938,-0.3792,9.9243,-0.0016,-0.0012,9.8066,-0.047,-0.0279,-0.0065,2.81,-31.19,19.69,46.24,-86.59,-146.12
52.421284,-1.53471,168.05,1.77,2,217.34,19 / 21,3526929,2019-09-06 19:14:53:611,-0.2546,0.0187,9.9662,-0.003,-0.0203,9.8065,0.0716,0.0049,-0.0025,2.94,-31.37,20.5,45.62,-86.6,-146.12
52.42128,-1.534809,180.23,0.02,3,250.48,19 / 20,10,2019-09-06 19:20:05:753,-0.1508,0.0781,9.8514,0.0038,0.0127,9.8066,-0.0211,0.0349,0.0152,3.06,-31.75,20.56,53.85,-85.03,-140.45
52.42128,-1.534809,180.23,0.02,3,250.48,19 / 20,110,2019-09-06 19:20:05:853,-0.0761,-0.2569,10.0366,0.0006,0.0103,9.8066,-0.0251,-0.0261,-0.0032,2.69,-31.31,21,53.7,-85.02,-140.41
52.42128,-1.534809,180.23,0.02,3,250.48,19 / 20,209,2019-09-06 19:20:05:952,-0.0065,0.1712,10.0299,-0.0015,-0.0079,9.8066,0.0096,0.0377,0.0143,2.56,-31.5,21.25,53.29,-84.99,-140.84
52.42128,-1.534809,180.23,0.02,3,250.48,19 / 20,310,2019-09-06 19:20:06:053,-0.0084,0.0386,9.677,-0.0005,-0.005,9.8066,0.0087,-0.0258,-0.0044,2.25,-31.31,21.38,50.48,-84.99,-140.75
52.42128,-1.534809,180.23,0.02,3,250.48,20 / 20,410,2019-09-06 19:20:06:153,-0.0054,0.0183,10.0167,0.0001,0.0022,9.8066,-0.0048,0.0313,0.0184,2.63,-31.94,21.5,52.84,-85.01,-140.79
52.42128,-1.534809,180.23,0.02,3,250.48,20 / 20,510,2019-09-06 19:20:06:253,-0.1339,-0.1062,9.7027,-0.0003,-0.0025,9.8066,-0.0271,-0.0172,-0.0123,2.5,-31.06,20.56,53.43,-85.02,-140.66
52.42128,-1.534809,180.23,0.02,3,250.48,20 / 20,609,2019-09-06 19:20:06:352,0.1491,-0.1873,9.8102,-0.0009,-0.0014,9.8065,-0.008,0.0206,0.0231,2.5,-31.69,20.88,53.51,-85,-140.81
52.42128,-1.534809,180.23,0.02,3,250.48,20 / 20,710,2019-09-06 19:20:06:453,0.0159,0.1384,10.0685,-0.0002,0.0001,9.8066,0.0137,-0.0131,-0.0216,2.81,-31.81,21.13,53.5,-85.02,-140.79
52.42128,-1.534809,180.23,0.02,3,250.48,20 / 20,810,2019-09-06 19:20:06:553,-0.1704,0.0365,9.8268,-0.0002,-0.0023,9.8066,-0.0028,0.0292,0.0126,2.13,-30.81,20.63,50.4,-85.01,-140.81
52.42128,-1.534809,180.23,0.02,3,250.48,20 / 20,910,2019-09-06 19:20:06:653,-0.0249,0.1749,9.6828,-0.0003,-0.0015,9.8066,-0.0323,-0.0238,-0.0101,2.25,-31.31,20.63,50.26,-85.01,-140.94
52.42128,-1.534809,180.23,0.02,3,250.48,20 / 20,1009,2019-09-06 19:20:06:752,-0.057,-0.0393,9.6525,0.0008,0.0017,9.8066,-0.0112,0.0315,0.0187,2.94,-30.94,21.31,53.31,-85.01,-140.79
52.42128,-1.534809,180.23,0.02,3,250.48,20 / 20,1109,2019-09-06 19:20:06:852,0.1053,-0.0502,9.9812,0.0019,0.0062,9.8066,0.0169,-0.0315,-0.0122,2.44,-31.87,20.94,50.66,-85.02,-140.74
52.42128,-1.534809,180.23,0.02,3,250.48,20 / 20,1209,2019-09-06 19:20:06:952,-0.0271,0.0398,10.0207,0.0018,0.0076,9.8066,0.0039,0.0321,0.0174,2.94,-31.62,20.94,53.6,-85.03,-140.68
52.42128,-1.534809,180.23,0.02,3,250.48,20 / 20,1311,2019-09-06 19:20:07:054,-0.0039,0.2299,9.8887,-0.0022,-0.0047,9.8066,-0.0294,-0.025,-0.0121,2.5,-31.81,20.5,53.41,-85,-140.9
52.42128,-1.534809,180.23,0.02,3,250.48,19 / 20,1410,2019-09-06 19:20:07:153,0.0608,-0.2041,9.8295,0.0021,-0.0061,9.8066,-0.0253,0.0128,0.0211,2.63,-31.75,21.19,53.33,-85.01,-140.96
52.42128,-1.534809,180.23,0.02,3,250.48,19 / 20,1509,2019-09-06 19:20:07:252,-0.0092,0.1465,10.0416,0.0004,0.0049,9.8066,0.0236,-0.0231,-0.0205,2.5,-31.69,20.81,53.79,-85.02,-140.53
52.42128,-1.534809,180.23,0.02,3,250.48,19 / 20,1610,2019-09-06 19:20:07:353,0.1067,0.1881,10.0361,0.0012,0.0043,9.8066,-0.0051,0.0236,0.0093,2.81,-31.69,20.88,53.79,-85.03,-140.52
52.42128,-1.534809,180.23,0.02,3,250.48,19 / 20,1709,2019-09-06 19:20:07:452,-0.0836,0.1187,9.724,0.0003,-0.0015,9.8066,-0.019,-0.0263,-0.0168,2.19,-31.19,20.5,50.78,-85.02,-140.45
52.42128,-1.534809,180.23,0.02,3,250.48,19 / 20,1809,2019-09-06 19:20:07:552,0.0164,-0.0297,9.9836,-0.0008,-0.0019,9.8066,-0.0233,0.0244,0.0123,2.69,-31.62,21.31,53.8,-85.02,-140.52
52.42128,-1.534809,180.23,0.02,3,250.48,19 / 20,1909,2019-09-06 19:20:07:652,0.0352,1.0312,9.7898,0.0115,0.0748,9.8063,0.2047,0.0093,-0.0709,2.75,-31.25,20.69,54.66,-85.11,-139.41
52.42128,-1.534809,180.23,0.02,3,250.48,19 / 20,2009,2019-09-06 19:20:07:752,-0.1109,-0.1717,9.7205,0.0042,0.0343,9.8065,-0.1578,0.0442,-0.0017,2.94,-30.81,20.88,54.88,-85.14,-139.18
52.42128,-1.534809,180.23,0.02,3,250.48,19 / 20,2109,2019-09-06 19:20:07:852,-0.2085,-0.4483,9.842,-0.0021,-0.0103,9.8066,0.0569,-0.0395,-0.0216,2.63,-31.25,20.56,54.62,-85.1,-139.46
52.42128,-1.534809,180.23,0.02,3,250.48,19 / 20,2209,2019-09-06 19:20:07:952,0.0751,-0.0429,10.055,0,-0.0019,9.8066,0.0293,0.0145,0.0243,2.56,-31.5,20.81,54.37,-85.07,-139.74
52.42128,-1.534809,180.23,0.02,3,250.48,19 / 20,2309,2019-09-06 19:20:08:052,0.0577,0.1249,9.9301,-0.0021,-0.0049,9.8066,-0.0286,-0.0184,-0.0208,3.13,-31.37,20.81,54.37,-85.09,-139.71
52.42128,-1.534809,180.23,0.02,3,250.48,20 / 21,2410,2019-09-06 19:20:08:153,-0.0404,0.1825,9.7843,-0.002,-0.0066,9.8066,0.0293,0.0042,0.0037,2.38,-31.44,21,51.42,-85.06,-139.82
52.42128,-1.534809,180.23,0.02,3,250.48,20 / 21,2509,2019-09-06 19:20:08:252,0.0234,-0.1563,9.6281,-0.0016,-0.0067,9.8065,-0.0105,-0.0284,-0.0169,2.56,-31.37,20.81,54.34,-85.06,-139.77
52.42128,-1.534809,180.23,0.02,3,250.48,20 / 21,2609,2019-09-06 19:20:08:352,-0.0648,-0.1428,9.9586,0.0013,0.0057,9.8066,0.0141,0.0108,-0.0022,3,-31.75,20.75,54.47,-85.05,-139.85
52.42128,-1.534809,180.23,0.02,3,250.48,20 / 21,2709,2019-09-06 19:20:08:452,-0.1983,-0.0676,9.8356,0.002,0.0048,9.8066,0.0286,-0.0383,-0.0071,2.38,-32.19,20.06,52.36,-85.08,-139.67
52.42128,-1.534809,180.23,0.02,3,250.48,20 / 21,2809,2019-09-06 19:20:08:552,-0.1113,-0.2455,9.9847,0.0008,-0.0058,9.8066,0.0018,0.0179,-0.0089,2.31,-31.56,20.63,51.75,-85.07,-139.68
52.42128,-1.534809,180.23,0.02,3,250.48,20 / 21,2910,2019-09-06 19:20:08:653,-0.0284,-0.084,9.9812,-0.0024,-0.0047,9.8066,-0.0214,-0.0364,-0.0157,2.38,-31.75,20.38,52.15,-85.06,-139.89
52.42128,-1.534809,180.23,0.02,3,250.48,20 / 21,3009,2019-09-06 19:20:08:752,-0.1404,0.1875,10.0509,0.001,0.0051,9.8066,0.0264,0.0017,-0.0106,2.13,-31.37,21.31,51.56,-85.09,-139.66
52.42128,-1.534809,180.23,0.02,3,250.48,20 / 21,3109,2019-09-06 19:20:08:852,-0.0325,-0.1203,9.7847,0.003,0.0013,9.8066,0.0189,-0.0186,-0.0198,2.63,-31.75,20.81,54.44,-85.07,-139.86
52.42128,-1.534809,180.23,0.02,3,250.48,20 / 21,3210,2019-09-06 19:20:08:953,-0.0114,0.1547,9.6848,0,0.0003,9.8066,-0.0023,-0.0099,-0.0102,2.69,-31.69,20.5,54.38,-85.09,-139.89
52.42128,-1.534809,180.23,0.02,3,250.48,20 / 21,3309,2019-09-06 19:20:09:052,0.0826,-0.2219,9.6635,0.0009,0.0065,9.8066,-0.0379,-0.0219,-0.0039,2.75,-31.25,21,54.24,-85.08,-139.84
52.42128,-1.534809,180.23,0.02,3,250.48,21 / 21,3410,2019-09-06 19:20:09:153,-0.0256,0.1013,9.994,0.0012,0.0052,9.8066,0.0269,-0.0019,-0.0089,2.63,-32.12,21.56,54.07,-85.1,-139.52
52.42128,-1.534809,180.23,0.02,3,250.48,21 / 21,3510,2019-09-06 19:20:09:253,-0.088,-0.1929,9.702,-0.0002,-0.0042,9.8066,0.0131,-0.0306,-0.0075,2.19,-31.87,21.13,51.7,-85.08,-139.72
52.42128,-1.534809,180.23,0.02,3,250.48,21 / 21,3609,2019-09-06 19:20:09:352,-0.1172,0.1617,10.0836,-0.0012,-0.0045,9.8065,0.0007,0.0058,-0.0135,2.13,-31.62,21,51.7,-85.07,-139.73
52.42128,-1.534809,180.23,0.02,3,250.48,21 / 21,3710,2019-09-06 19:20:09:453,-0.0588,0.1985,9.8421,0.0015,0.0046,9.8066,-0.0355,-0.0142,-0.0117,3.25,-31.12,20.88,54.34,-85.07,-139.77
52.42128,-1.534809,180.23,0.02,3,250.48,21 / 21,3809,2019-09-06 19:20:09:552,0.1063,-0.0862,9.9057,0.0006,0.0028,9.8066,0.0336,0,0.0012,2.88,-31.31,20.75,54.36,-85.08,-139.73
52.42128,-1.534809,180.23,0.02,3,250.48,21 / 21,3909,2019-09-06 19:20:09:652,-0.0053,-0.1565,9.76,-0.0002,-0.0047,9.8066,0.0195,-0.0187,-0.0209,2.25,-31.44,20.88,51.53,-85.08,-139.69
52.42128,-1.534809,180.23,0.02,3,250.48,21 / 21,4010,2019-09-06 19:20:09:753,0.0396,0.0365,10.0322,-0.001,-0.0037,9.8066,-0.0035,0.0165,0.0095,2.25,-31.87,21.06,51.54,-85.06,-139.89
52.42128,-1.534809,180.23,0.02,3,250.48,21 / 21,4110,2019-09-06 19:20:09:853,0.0642,-0.1666,9.6644,0.0011,0.0043,9.8066,-0.0068,-0.0146,-0.0169,3.06,-31,21,54.17,-85.07,-139.91
52.42128,-1.534809,180.23,0.02,3,250.48,21 / 21,4210,2019-09-06 19:20:09:953,-0.0241,0.0324,10.048,-0.0007,0.004,9.8066,0.0019,0.0159,0.014,2.75,-31.12,20.94,54.5,-85.08,-139.59
52.42128,-1.534809,180.23,0.02,3,250.48,20 / 21,4309,2019-09-06 19:20:10:052,-0.0668,0.1855,9.9041,-0.0019,-0.0033,9.8066,0.0288,-0.0151,-0.0104,2.5,-31.62,20.94,54.71,-85.08,-139.59
52.42128,-1.534809,180.23,0.02,3,250.48,20 / 21,4409,2019-09-06 19:20:10:152,0.0492,0.1593,10.1314,0.0023,-0.002,9.8066,-0.0102,0.0346,0.0161,2.63,-31.69,21.25,54.61,-85.08,-139.68
52.42128,-1.534809,180.23,0.02,3,250.48,20 / 21,4509,2019-09-06 19:20:10:252,0.034,-0.2298,9.6661,0.0019,0.0056,9.8066,-0.0019,-0.0115,-0.0054,2.88,-31.37,21.06,54.56,-85.11,-139.51
52.42128,-1.534809,180.23,0.02,3,250.48,20 / 21,4610,2019-09-06 19:20:10:353,0.1535,-0.4297,9.7815,-0.0051,-0.0162,9.8066,0.0767,0.0272,0.02,2.56,-31.81,20.88,55.5,-85.21,-138.71
52.42128,-1.534809,180.23,0.02,3,250.48,20 / 21,4710,2019-09-06 19:20:10:453,-0.1133,-0.0607,9.7709,-0.001,-0.0041,9.8065,-0.0204,-0.0106,-0.0021,2.44,-31.44,20.88,51.71,-85.09,-139.51
52.42128,-1.534809,180.23,0.02,3,250.48,20 / 21,4809,2019-09-06 19:20:10:552,-0.0828,-0.1682,10.0122,0.0023,0.0031,9.8066,0.0196,0.0314,0.0265,2.75,-32.5,20.88,54.71,-85.1,-139.58
52.42128,-1.534809,180.23,0.02,3,250.48,20 / 21,4909,2019-09-06 19:20:10:652,-0.1254,-0.043,9.7453,-0.0024,-0.0054,9.8066,0.021,0.0019,-0.0212,2.69,-31.69,21.06,54.77,-85.1,-139.51
52.42128,-1.534809,180.23,0.02,3,250.48,20 / 21,5010,2019-09-06 19:20:10:753,-0.0522,-0.3629,9.7548,-0.0011,-0.0042,9.8066,-0.0275,0.0176,0.0206,2.25,-31.62,20.69,51.82,-85.07,-139.62
52.42128,-1.534809,180.23,0.02,3,250.48,20 / 21,5110,2019-09-06 19:20:10:853,1.0401,0.5298,10.0598,-0.0009,-0.0055,9.8065,0.029,-0.0095,-0.007,2.5,-32,20.56,54.79,-85.07,-139.54
52.42128,-1.534809,180.23,0.02,3,250.48,20 / 21,5210,2019-09-06 19:20:10:953,-1.4506,-0.6573,10.7827,-0.0294,-0.1709,9.8051,0.2582,-0.0693,0.12,2.5,-31.44,21.44,54.39,-85.13,-139.64
52.42128,-1.534809,180.23,0.02,3,250.48,20 / 21,5309,2019-09-06 19:20:11:052,0.3269,-0.878,10.392,-0.0064,0.0097,9.8066,0.1471,-0.0267,-0.0352,2.44,-31.75,20.5,52.84,-85.16,-138.56
52.42128,-1.534809,180.23,0.02,3,250.48,20 / 21,5410,2019-09-06 19:20:11:153,-0.1282,-0.616,9.9438,-0.0062,-0.0281,9.8066,-0.1235,0.0379,0.0186,2.69,-31.19,21.25,56,-85.2,-138.06
52.42128,-1.534809,180.23,0.02,3,250.48,20 / 21,5510,2019-09-06 19:20:11:253,0.1326,0.2387,9.4584,-0.0039,-0.0286,9.8065,0.0882,-0.0298,-0.0051,2.44,-31.44,20.56,51.96,-85.09,-139.28
52.42128,-1.534809,180.23,0.02,3,250.48,20 / 21,5610,2019-09-06 19:20:11:353,0.0108,0.2218,10.0294,0.0035,0.0251,9.8065,0.0106,0.0239,0.0092,2.06,-32,20.25,53.91,-85.2,-138.08
52.42128,-1.534809,180.23,0.02,3,250.48,20 / 21,5710,2019-09-06 19:20:11:453,-0.1621,-0.177,9.7874,0.0046,0.018,9.8066,-0.046,-0.0195,-0.0137,3,-31.19,21.31,55.72,-85.2,-138.32
52.42128,-1.534809,180.23,0.02,3,250.48,20 / 21,5809,2019-09-06 19:20:11:552,-0.0803,-0.4032,9.8378,-0.0018,-0.0119,9.8066,0.0075,0.0198,0.0243,2.63,-30.94,20.81,55.17,-85.14,-138.91
52.42128,-1.534809,180.23,0.02,3,250.48,20 / 21,5909,2019-09-06 19:20:11:652,-0.0033,-0.0313,9.803,-0.0023,-0.0094,9.8066,0.0213,-0.0234,-0.0113,2.63,-31.81,20.63,55.38,-85.14,-138.9
52.42128,-1.534809,180.23,0.02,3,250.48,20 / 21,6010,2019-09-06 19:20:11:753,-0.0882,0.1957,9.9402,0.0014,0.0047,9.8066,-0.0247,0.0241,0.0131,2.75,-31.25,21.25,55.53,-85.16,-138.55
52.42128,-1.534809,180.23,0.02,3,250.48,20 / 21,6110,2019-09-06 19:20:11:853,0.039,-0.3333,9.6338,0.0003,0.0039,9.8066,-0.0099,-0.0282,-0.0107,2.44,-31.37,21.31,52.71,-85.16,-138.51
52.42128,-1.534809,180.23,0.02,3,250.48,20 / 21,6210,2019-09-06 19:20:11:953,-0.0772,-0.0361,9.7221,-0.0013,-0.0049,9.8066,-0.0064,0.0249,0.0103,2.44,-32,20.88,52.78,-85.13,-138.66
52.42128,-1.534809,180.23,0.02,3,250.48,20 / 21,6310,2019-09-06 19:20:12:053,0.0983,-0.1715,9.6035,-0.0003,-0.0011,9.8066,0.0189,-0.0341,-0.0073,2.56,-31.75,21.19,55.75,-85.14,-138.55
52.42128,-1.534809,180.23,0.02,3,250.48,20 / 21,6409,2019-09-06 19:20:12:152,-0.0529,0.0788,10.0041,0.0007,0.0029,9.8066,0.0032,0.0213,0.0086,2.63,-31,20.81,55.74,-85.15,-138.36
52.42128,-1.534809,180.23,0.02,3,250.48,20 / 21,6509,2019-09-06 19:20:12:252,0.0671,0.2486,9.9229,0.0005,0.0004,9.8066,-0.0171,-0.0255,-0.0214,2,-30.94,21.06,52.79,-85.15,-138.44
52.42128,-1.534809,180.23,0.02,3,250.48,20 / 21,6610,2019-09-06 19:20:12:353,0.0239,-0.172,9.6178,0.0005,-0.0019,9.8066,-0.0232,0.0043,0.0166,2.44,-31.69,20.75,53.05,-85.15,-138.38
52.42128,-1.534809,180.23,0.02,3,250.48,20 / 21,6709,2019-09-06 19:20:12:452,-0.046,-0.1089,9.9069,-0.0001,-0.0001,9.8066,0.0268,-0.024,-0.0176,2.69,-31.69,20.44,56.38,-85.15,-138.65
52.42128,-1.534809,180.23,0.02,3,250.48,20 / 21,6810,2019-09-06 19:20:12:553,-0.087,0.1743,10.0516,0.0004,0.0005,9.8066,-0.0051,-0.0087,0.0056,2.13,-31.94,20.81,52.76,-85.15,-138.65
52.42128,-1.534809,180.23,0.02,3,250.48,20 / 21,6910,2019-09-06 19:20:12:653,-0.0186,-0.0763,9.6454,-0.0007,0.0015,9.8066,0.0056,-0.0017,-0.0155,2.56,-31.5,20.56,55.46,-85.15,-138.62
52.42128,-1.534809,180.23,0.02,3,250.48,20 / 21,7009,2019-09-06 19:20:12:752,-0.0058,-0.1798,9.9207,0.0006,0.0004,9.8066,-0.0151,-0.0143,-0.007,1.75,-31.75,21.19,52.71,-85.14,-138.71
52.42128,-1.534809,180.23,0.02,3,250.48,20 / 21,7109,2019-09-06 19:20:12:852,0.1129,-0.1255,9.9584,0.0001,0.002,9.8066,0.0317,-0.013,-0.0064,2.81,-31.5,20.75,55.4,-85.15,-138.68
52.42128,-1.534809,180.23,0.02,3,250.48,20 / 21,7209,2019-09-06 19:20:12:952,-0.1784,0.2171,10.067,-0.0016,-0.0034,9.8066,0.0097,-0.0174,-0.0135,2.31,-32.12,20.88,52.7,-85.14,-138.72
52.42128,-1.534809,180.23,0.02,3,250.48,20 / 21,7310,2019-09-06 19:20:13:053,0.0747,0.2935,10.075,-0.0012,-0.0047,9.8066,0.0109,-0.0096,0.0003,1.81,-31.81,20.94,52.76,-85.13,-138.67
52.42128,-1.534809,180.23,0.02,3,250.48,20 / 21,7410,2019-09-06 19:20:13:153,0.0752,-0.1228,9.9603,0.001,0.0054,9.8066,-0.0316,-0.0271,-0.011,2.38,-32.06,20.56,52.7,-85.14,-138.72
52.42128,-1.534809,180.23,0.02,3,250.48,20 / 21,7509,2019-09-06 19:20:13:252,-0.0616,-0.1752,9.7913,-0.0012,-0.0081,9.8066,0.0311,-0.0106,-0.0167,2.56,-31.62,20.75,55.97,-85.17,-138.31
52.42128,-1.534809,180.23,0.02,3,250.48,20 / 21,7609,2019-09-06 19:20:13:352,-0.0624,-0.4835,9.7128,-0.0009,-0.0077,9.8066,0.0162,-0.0284,-0.0049,1.81,-31.69,20.94,52.69,-85.14,-138.74
52.42128,-1.534809,180.23,0.02,3,250.48,20 / 21,7709,2019-09-06 19:20:13:452,0.0996,-0.2732,9.6358,-0.0017,-0.0088,9.8066,0.011,-0.0026,-0.0154,2.31,-31.12,20.81,52.52,-85.14,-138.71
52.42128,-1.534809,180.23,0.02,3,250.48,20 / 21,7809,2019-09-06 19:20:13:552,-0.003,-0.0133,10.0628,0.0002,0.007,9.8066,-0.0487,-0.0156,-0.0094,2.19,-31.56,21.25,53.17,-85.16,-138.26
52.42128,-1.534809,180.23,0.02,3,250.48,20 / 21,7910,2019-09-06 19:20:13:653,-0.118,0.1942,10.0472,-0.0026,-0.0074,9.8066,0.0406,-0.0191,-0.0142,2.63,-31.37,21.44,55.87,-85.16,-138.22
52.42128,-1.534809,180.23,0.02,3,250.48,20 / 21,8010,2019-09-06 19:20:13:753,-0.1748,0.1876,9.859,-0.0009,-0.0081,9.8066,0.018,-0.0131,-0.008,2.31,-31.87,21.06,52.99,-85.13,-138.47
52.42128,-1.534809,180.23,0.02,3,250.48,20 / 21,8109,2019-09-06 19:20:13:852,-0.0254,-0.029,9.6515,-0.0013,-0.0072,9.8066,-0.0062,-0.0129,-0.0027,2.19,-31.94,20.88,52.97,-85.14,-138.48
52.42128,-1.534809,180.23,0.02,3,250.48,20 / 21,8209,2019-09-06 19:20:13:952,-0.0514,0.078,9.8118,0.0011,0.0055,9.8066,-0.0234,-0.0199,-0.0002,2.75,-31.62,21.5,55.18,-85.15,-138.44
52.42128,-1.534809,180.23,0.02,3,250.48,20 / 21,8310,2019-09-06 19:20:14:053,-0.0664,-0.3384,9.6948,-0.0015,0.0047,9.8066,0.0367,-0.0024,-0.0065,2.63,-31.69,21.19,56.27,-85.15,-138.06
52.42128,-1.534809,180.23,0.02,3,250.48,20 / 22,8410,2019-09-06 19:20:14:153,-0.0065,0.188,9.9961,-0.0006,-0.0042,9.8066,0.0014,-0.0301,-0.0128,2.75,-31.25,20.63,56,-85.16,-138.11
52.42128,-1.534809,180.23,0.02,3,250.48,20 / 22,8510,2019-09-06 19:20:14:253,-0.0086,-0.1025,9.6434,-0.0005,-0.0004,9.8066,0.0068,0.0068,-0.0067,2.81,-31.69,21.13,55.95,-85.16,-138.35
52.42128,-1.534809,180.23,0.02,3,250.48,20 / 22,8610,2019-09-06 19:20:14:353,-0.0262,-0.2748,9.666,0.0014,0.0011,9.8066,-0.0187,-0.0217,-0.0144,2.69,-31.81,21.19,55.92,-85.17,-138.36
52.42128,-1.534809,180.23,0.02,3,250.48,20 / 22,8710,2019-09-06 19:20:14:453,0.0424,0.1528,10.0587,-0.0011,-0.0037,9.8066,0.0328,0.0069,0.0069,2.38,-31.31,21.13,52.87,-85.17,-138.34
52.42128,-1.534809,180.23,0.02,3,250.48,20 / 22,8810,2019-09-06 19:20:14:553,0.1114,-0.216,9.5834,-0.0005,-0.0066,9.8066,0.0162,-0.0234,-0.024,3,-31.19,20.75,55.51,-85.15,-138.58
52.42128,-1.534809,180.23,0.02,3,250.48,20 / 22,8910,2019-09-06 19:20:14:653,-0.0124,0.0814,10.0467,0.0006,0.0072,9.8066,0.0096,0.0076,0.0088,2.56,-32.25,21.75,54.93,-85.13,-138.69
52.42128,-1.534809,180.23,0.02,3,250.48,20 / 22,9010,2019-09-06 19:20:14:753,-0.2103,-0.1382,9.7646,0.001,0.0051,9.8066,-0.0116,-0.036,-0.0179,2.56,-31.31,21.5,54.97,-85.15,-138.45
52.42128,-1.534809,180.23,0.02,3,250.48,20 / 22,9110,2019-09-06 19:20:14:853,-0.0358,-0.3427,9.8343,-0.0018,-0.0052,9.8066,0.0061,0.0304,0.0112,2.75,-31.31,21.31,55.32,-85.12,-138.8
52.42128,-1.534809,180.23,0.02,3,250.48,20 / 22,9209,2019-09-06 19:20:14:952,-0.0102,-0.1545,9.8445,-0.0022,-0.0051,9.8065,0.0019,0.0078,0.002,2.13,-31.12,21.44,52.44,-85.11,-138.81
52.42128,-1.534809,180.23,0.02,3,250.48,20 / 22,9310,2019-09-06 19:20:15:053,-0.0752,0.1846,9.8412,0.0012,0.005,9.8066,0.0031,0.0375,0.0068,3.06,-31.62,21.19,55.5,-85.11,-138.83
52.42128,-1.534809,180.23,0.02,3,250.48,19 / 21,9409,2019-09-06 19:20:15:152,-0.0456,-0.2016,9.9826,0.0013,0.0066,9.8066,-0.0268,-0.0112,0.0092,2.19,-31.56,20.81,53.01,-85.13,-138.44
52.42128,-1.534809,180.23,0.02,3,250.48,19 / 21,9510,2019-09-06 19:20:15:253,-0.0955,0.0242,9.6912,-0.0023,-0.0042,9.8066,0.0069,0.0325,0.0074,2.38,-31.87,20.63,52.77,-85.11,-138.69
52.42128,-1.534809,180.23,0.02,3,250.48,19 / 21,9609,2019-09-06 19:20:15:352,0.0655,-0.2374,9.7502,0.0011,0.0052,9.8066,-0.0018,-0.0137,-0.0017,2.69,-31,21.31,55.52,-85.11,-138.62
52.42128,-1.534809,180.23,0.02,3,250.48,19 / 21,9710,2019-09-06 19:20:15:453,-0.017,0.0713,10.0656,0.0006,0.0047,9.8066,0.0043,0.0296,0.0169,2,-31.19,20.94,52.88,-85.12,-138.39
52.42128,-1.534809,180.23,0.02,3,250.48,19 / 21,9810,2019-09-06 19:20:15:553,0.0689,0.1194,10.0627,0.0012,0.0019,9.8066,-0.0377,-0.0151,-0.0119,2.38,-31.44,21.56,52.13,-85.12,-138.58
52.42128,-1.534809,180.23,0.02,3,250.48,19 / 21,9909,2019-09-06 19:20:15:652,-0.1762,-0.0311,9.7198,-0.0004,-0.0028,9.8066,-0.0022,0.017,0.0231,2.06,-31.56,21.38,52.93,-85.1,-138.56
52.42128,-1.534809,180.23,0.02,3,250.48,19 / 21,10010,2019-09-06 19:20:15:753,-0.1176,-0.1799,9.6846,-0.0013,0.0023,9.8065,-0.0005,-0.0093,-0.0168,2,-31.19,21.75,52.01,-85.09,-138.73
52.42128,-1.534809,180.23,0.02,3,250.48,19 / 21,10109,2019-09-06 19:20:15:852,-0.0489,0.2716,10.0535,0.001,0.0027,9.8066,-0.0168,0.0301,0.02,2.25,-31.25,21.31,52.68,-85.1,-138.61
52.42128,-1.534809,180.23,0.02,3,250.48,19 / 21,10210,2019-09-06 19:20:15:953,-0.1414,0.1849,9.978,-0.0006,0.0014,9.8066,-0.0089,-0.0266,-0.0082,2.56,-31.37,21.63,54.85,-85.08,-138.64
52.42128,-1.534809,180.23,0.02,3,250.48,19 / 21,10309,2019-09-06 19:20:16:052,-0.0406,0.0735,9.6668,0.0013,-0.0056,9.8066,-0.0104,0.0377,0.0164,2.56,-31.25,21.38,55.21,-85.07,-138.96
52.421345,-1.534866,180.5,0.1,4,269.34,20 / 20,10409,2019-09-06 19:20:16:152,0.0469,0.1168,10.152,0,0.003,9.8066,0.0123,-0.0277,-0.0106,2,-31.5,21.44,52.5,-85.07,-138.81
52.421345,-1.534866,180.5,0.1,4,269.34,20 / 20,10510,2019-09-06 19:20:16:253,0.0638,0.0503,9.897,-0.0004,-0.0057,9.8066,0.0084,0.0292,0.0227,2.25,-32.06,21.5,51.99,-85.08,-138.94
52.421345,-1.534866,180.5,0.1,4,269.34,20 / 20,10610,2019-09-06 19:20:16:353,-0.0615,-0.4486,9.8402,-0.004,-0.0081,9.8066,-0.0456,-0.0102,-0.0094,2.5,-31.5,21.5,54.76,-85.07,-138.74
52.421345,-1.534866,180.5,0.1,4,269.34,20 / 20,10709,2019-09-06 19:20:16:452,0.0713,-0.1658,9.8934,0.0017,0.0073,9.8066,-0.0162,0.0175,0.0241,2.69,-30.87,21.5,54.6,-85.04,-138.92
52.421345,-1.534866,180.5,0.1,4,269.34,20 / 20,10809,2019-09-06 19:20:16:552,0.0861,0.2306,10.1108,0.0022,0.0078,9.8065,0.014,-0.0123,-0.0164,2.38,-31.5,20.69,52.59,-85.08,-138.71
52.421345,-1.534866,180.5,0.1,4,269.34,20 / 20,10910,2019-09-06 19:20:16:653,-0.0317,-0.3871,9.7154,0.0006,0.0072,9.8065,-0.0013,0.0265,0.0177,2.31,-31.62,21.69,52.23,-85.07,-138.73
52.421345,-1.534866,180.5,0.1,4,269.34,20 / 20,11009,2019-09-06 19:20:16:752,-0.1278,-0.1661,10.0431,-0.0012,-0.0021,9.8066,-0.0238,-0.0279,-0.008,2.81,-31,21.19,55.47,-85.07,-138.72
52.421345,-1.534866,180.5,0.1,4,269.34,20 / 20,11110,2019-09-06 19:20:16:853,0.0082,0.1279,10.0604,0.0008,0.0001,9.8066,-0.0095,0.0268,0.007,2.31,-31.37,21.38,52.53,-85.06,-138.79
52.421345,-1.534866,180.5,0.1,4,269.34,20 / 20,11209,2019-09-06 19:20:16:952,-0.0932,0.1182,9.9167,0.0006,0.0021,9.8066,0.0235,-0.0293,-0.0095,2.19,-31.56,21.5,52.17,-85.07,-138.78
52.421345,-1.534866,180.5,0.1,4,269.34,20 / 20,11309,2019-09-06 19:20:17:052,0.026,-0.3812,9.689,-0.0005,-0.0064,9.8066,0.003,0.0087,0.0081,1.88,-31.44,21.63,51.93,-85.09,-138.81
52.421345,-1.534866,180.5,0.1,4,269.34,20 / 20,11409,2019-09-06 19:20:17:152,-0.0824,-0.1286,9.7484,-0.0016,-0.0058,9.8066,-0.0177,-0.0269,-0.0084,2.5,-30.69,21.5,54.39,-85.06,-139.1
52.421345,-1.534866,180.5,0.1,4,269.34,20 / 20,11509,2019-09-06 19:20:17:252,0.0468,0.1699,10.0702,0.0015,0.0057,9.8066,-0.0324,-0.0081,0.0054,2.31,-31,21.13,52.53,-85.08,-138.77
52.421345,-1.534866,180.5,0.1,4,269.34,20 / 20,11609,2019-09-06 19:20:17:352,0.0187,-0.0113,9.837,0.0009,0.0072,9.8065,0.0343,-0.0057,-0.0089,2.25,-31.5,22,52.05,-85.08,-138.71
52.421345,-1.534866,180.5,0.1,4,269.34,20 / 20,11709,2019-09-06 19:20:17:452,-0.0208,-0.326,9.7287,-0.002,-0.0045,9.8066,0.0058,-0.0267,-0.0006,2.56,-31.25,22.25,54.52,-85.06,-138.98
52.421345,-1.534866,180.5,0.1,4,269.34,20 / 20,11812,2019-09-06 19:20:17:555,0.0774,0.0905,10.0266,0.0009,0.0044,9.8066,0.0045,0.0093,-0.008,2.19,-31,21.31,52.48,-85.05,-138.85
52.421345,-1.534866,180.5,0.1,4,269.34,20 / 20,11910,2019-09-06 19:20:17:653,-0.0451,0.0518,9.8927,-0.0001,0.0061,9.8066,-0.0231,-0.0243,-0.0143,2.56,-31.44,21.69,54.67,-85.05,-138.86
52.421345,-1.534866,180.5,0.1,4,269.34,20 / 20,12010,2019-09-06 19:20:17:753,0.0222,-0.3182,9.9402,-0.0009,-0.0036,9.8066,0.0293,0.0067,0.001,2.38,-31.75,21.81,52.53,-85.07,-138.45
52.421345,-1.534866,180.5,0.1,4,269.34,20 / 20,12109,2019-09-06 19:20:17:852,-0.0996,0.2637,10.023,0.0001,-0.0017,9.8066,0.0268,-0.0212,-0.019,2.44,-31.19,21.94,52.37,-85.07,-138.43
52.421345,-1.534866,180.5,0.1,4,269.34,20 / 20,12210,2019-09-06 19:20:17:953,-0.0642,-0.0053,9.9283,-0.0001,-0.0015,9.8066,0.0061,0.0154,0.0103,2.63,-30.62,21.63,55,-85.07,-138.52
52.421345,-1.534866,180.5,0.1,4,269.34,20 / 20,12309,2019-09-06 19:20:18:052,-0.1362,-0.2354,9.7141,0.0015,0.0006,9.8066,-0.0384,0.0004,-0.0004,2.56,-31.37,22,55.02,-85.08,-138.49
52.421345,-1.534866,180.5,0.1,4,269.34,20 / 20,12410,2019-09-06 19:20:18:153,-0.0814,-0.4031,9.9405,0,-0.0002,9.8066,0.0016,0.0177,0.0218,2.69,-30.56,21.44,55.61,-85.07,-138.58
52.421345,-1.534866,180.5,0.1,4,269.34,19 / 20,12509,2019-09-06 19:20:18:252,-0.014,-0.031,9.9495,0.0012,0.0003,9.8066,0.0073,-0.0089,-0.0115,2.56,-31.19,21.63,54.85,-85.08,-138.65
52.421345,-1.534866,180.5,0.1,4,269.34,19 / 20,12610,2019-09-06 19:20:18:353,-0.089,0.2332,10.049,-0.0005,0.0014,9.8066,-0.0135,0.042,0.0148,2.38,-31.31,21.81,52.1,-85.08,-138.66
52.421345,-1.534866,180.5,0.1,4,269.34,19 / 20,12710,2019-09-06 19:20:18:453,-0.0091,-0.3642,9.789,-0.0004,-0.0002,9.8066,-0.0279,-0.0201,-0.0029,2.38,-31.19,21.63,51.94,-85.07,-138.82
52.421345,-1.534866,180.5,0.1,4,269.34,19 / 20,12809,2019-09-06 19:20:18:552,0.0337,-0.0763,10.0527,-0.0001,-0.0015,9.8066,-0.0017,0.0335,0.0168,2.06,-31.69,21.44,52.74,-85.07,-138.78
52.421345,-1.534866,180.5,0.1,4,269.34,19 / 20,12910,2019-09-06 19:20:18:653,0.0712,0.2052,10.1226,0.001,0.0033,9.8066,-0.0017,-0.0265,-0.0119,1.88,-30.69,21.38,52.49,-85.08,-138.8
52.421345,-1.534866,180.5,0.1,4,269.34,19 / 20,13010,2019-09-06 19:20:18:753,-0.0827,0.0061,9.9312,0.0028,0.0028,9.8066,0.0101,0.0272,0.0203,2.81,-30.94,21.25,55.22,-85.09,-138.91
52.421345,-1.534866,180.5,0.1,4,269.34,19 / 20,13109,2019-09-06 19:20:18:852,-0.0032,-0.4896,9.8141,-0.0011,-0.0048,9.8066,-0.048,-0.0166,-0.0105,2.38,-31,20.63,52.34,-85.08,-138.94
52.421345,-1.534866,180.5,0.1,4,269.34,19 / 20,13209,2019-09-06 19:20:18:952,-0.1358,0.1632,10.0256,0.0002,-0.0082,9.8066,-0.0208,0.0184,0.022,1.63,-31.06,21.31,51.94,-85.06,-139.34
52.421345,-1.534866,180.5,0.1,4,269.34,19 / 20,13310,2019-09-06 19:20:19:053,0.0023,0.1225,10.0353,0.0003,-0.0041,9.8066,0.0262,-0.0223,-0.0131,2.06,-31.25,21.25,52.48,-85.08,-138.82
52.421345,-1.534866,180.5,0.1,4,269.34,19 / 21,13410,2019-09-06 19:20:19:153,-0.0645,-0.4698,9.6733,0,0.006,9.8066,-0.0104,0.0368,0.0137,2.44,-31.5,21.44,52.09,-85.07,-139.18
52.421345,-1.534866,180.5,0.1,4,269.34,19 / 21,13510,2019-09-06 19:20:19:253,0.0028,0.2305,10.0594,0.0004,-0.0077,9.8066,-0.0002,-0.0161,-0.0054,2.25,-31.19,21.06,52.04,-85.08,-139.21
52.421345,-1.534866,180.5,0.1,4,269.34,19 / 21,13610,2019-09-06 19:20:19:353,0.0116,-0.4124,9.6936,-0.0024,-0.0063,9.8066,-0.0072,0.0387,0.014,2.13,-31.37,21.06,51.86,-85.08,-139.39
52.421345,-1.534866,180.5,0.1,4,269.34,19 / 21,13710,2019-09-06 19:20:19:453,-0.1143,0.3049,10.0283,-0.0005,-0.003,9.8066,0.0065,-0.0298,-0.0075,1.81,-31.5,21.13,51.93,-85.04,-139.36
52.421345,-1.534866,180.5,0.1,4,269.34,19 / 21,13809,2019-09-06 19:20:19:552,0.0002,-0.1811,9.6877,0.0017,0.0076,9.8066,0.0007,0.0287,0.0149,2.31,-31.5,20.81,51.78,-85.08,-139.46
52.421345,-1.534866,180.5,0.1,4,269.34,19 / 21,13909,2019-09-06 19:20:19:652,0.1192,0.1869,10.0484,-0.0011,-0.006,9.8066,-0.0314,-0.0162,-0.0148,1.75,-31.69,20.69,51.7,-85.04,-139.76
52.421345,-1.534866,180.5,0.1,4,269.34,19 / 21,14009,2019-09-06 19:20:19:752,0.0676,-0.143,9.6216,-0.0001,-0.006,9.8066,-0.0127,0.0175,0.0211,2.19,-31.37,21.19,51.51,-85.05,-139.75
52.421345,-1.534866,180.5,0.1,4,269.34,19 / 21,14110,2019-09-06 19:20:19:853,-0.0033,-0.0029,10.0081,-0.0003,0.0061,9.8066,0.0227,-0.0179,-0.0157,2.63,-31.5,21.06,54.44,-85.05,-139.69
52.421345,-1.534866,180.5,0.1,4,269.34,19 / 21,14210,2019-09-06 19:20:19:953,0.0515,-0.0833,10.0438,0.0009,0.0023,9.8066,-0.0201,0.0178,0.0098,1.63,-31.75,20.81,51.99,-85.06,-139.48
52.421345,-1.534866,180.5,0.1,4,269.34,19 / 21,14309,2019-09-06 19:20:20:052,-0.1033,0.2465,9.893,0.0002,-0.0033,9.8066,-0.0109,-0.0289,-0.0151,2.81,-31.75,21,54.71,-85.04,-139.65
52.421345,-1.534866,180.5,0.1,4,269.34,19 / 21,14410,2019-09-06 19:20:20:153,-0.049,-0.171,9.8406,-0.002,-0.0054,9.8066,-0.0223,0.0206,0.0093,2.25,-31,20.94,51.54,-85.03,-139.74
52.421345,-1.534866,180.5,0.1,4,269.34,19 / 21,14509,2019-09-06 19:20:20:252,-0.0196,0.1972,10.1105,0.0015,0.0045,9.8066,0.0246,-0.0375,-0.0172,1.94,-31.37,20.5,51.52,-85.02,-139.77
52.421345,-1.534866,180.5,0.1,4,269.34,19 / 21,14609,2019-09-06 19:20:20:352,-0.0859,0.2741,10.0491,0.0003,0.0041,9.8066,-0.0017,0.0137,0.0098,2.38,-31.75,21.38,51.94,-85.04,-139.54
52.421345,-1.534866,180.5,0.1,4,269.34,19 / 21,14710,2019-09-06 19:20:20:453,-0.0098,-0.1077,9.7105,-0.0003,-0.0011,9.8066,0,-0.0336,-0.009,2.63,-31.81,20.75,54.75,-85.04,-139.62
52.421345,-1.534866,180.5,0.1,4,269.34,19 / 21,14809,2019-09-06 19:20:20:552,0.073,0.0013,9.9972,-0.0013,-0.0013,9.8066,-0.0396,-0.0001,0.0085,2.63,-30.94,20.94,54.63,-85.02,-139.56
52.421345,-1.534866,180.5,0.1,4,269.34,19 / 21,14909,2019-09-06 19:20:20:652,-0.0905,0.1367,9.9153,-0.0007,0.0027,9.8066,0.0327,-0.0277,-0.0245,2.38,-31.69,21.19,52.15,-85.02,-139.38
52.421345,-1.534866,180.5,0.1,4,269.34,19 / 21,15009,2019-09-06 19:20:20:752,-0.0117,-0.4376,9.7958,0.0016,0.0008,9.8066,-0.0154,0.0042,0.0053,2.38,-31.94,20.75,52.2,-85.04,-139.31
52.421345,-1.534866,180.5,0.1,4,269.34,19 / 21,15109,2019-09-06 19:20:20:852,0.1205,-0.306,9.7302,0.0001,0.0002,9.8066,0.016,-0.0272,-0.0153,1.81,-31.44,21.13,51.87,-85.03,-139.44
52.421345,-1.534866,180.5,0.1,4,269.34,19 / 21,15210,2019-09-06 19:20:20:953,-0.0587,0.0315,9.857,-0.0022,-0.0015,9.8066,-0.0266,0.0037,0.0071,2.56,-31.69,21.56,54.25,-85.03,-139.45
52.421345,-1.534866,180.5,0.1,4,269.34,19 / 21,15310,2019-09-06 19:20:21:053,0.0695,-0.2864,9.8647,0.0005,-0.0013,9.8066,0.0291,-0.0401,-0.0074,2.13,-31.5,21.38,51.92,-85.03,-139.39
52.421345,-1.534866,180.5,0.1,4,269.34,19 / 21,15410,2019-09-06 19:20:21:153,-0.1258,0.2486,10.0104,-0.001,-0.003,9.8066,-0.0048,0.0074,0.0051,2.25,-32.06,21,51.95,-85.03,-139.55
52.421345,-1.534866,180.5,0.1,4,269.34,19 / 21,15510,2019-09-06 19:20:21:253,-0.0728,0.1741,9.7241,0.0005,0.0021,9.8066,-0.001,-0.0332,-0.0154,2.31,-31.5,21.19,51.83,-85.03,-139.47
52.421345,-1.534866,180.5,0.1,4,269.34,19 / 21,15609,2019-09-06 19:20:21:352,-0.1781,-0.1022,9.7789,0.0005,0.0048,9.8066,-0.0409,0.0044,0.0125,1.94,-31.25,21.31,51.88,-85.03,-139.43
52.421345,-1.534866,180.5,0.1,4,269.34,19 / 21,15710,2019-09-06 19:20:21:453,-0.0818,-0.139,9.9876,0,-0.0031,9.8066,0.0278,-0.0316,-0.0275,2.38,-31.5,21,51.64,-85.02,-139.66
52.421345,-1.534866,180.5,0.1,4,269.34,19 / 21,15809,2019-09-06 19:20:21:552,-0.0161,0.2621,9.9872,-0.0008,-0.0035,9.8066,0.0005,-0.0039,0.0139,2.38,-31.5,21.19,51.72,-85.03,-139.57
52.421345,-1.534866,180.5,0.1,4,269.34,19 / 21,15910,2019-09-06 19:20:21:653,-0.038,0.0883,9.6278,0.0011,0.0054,9.8066,-0.0074,-0.034,-0.0166,2.31,-31.25,20.88,51.85,-85.05,-139.43
52.421345,-1.534866,180.5,0.1,4,269.34,19 / 21,16009,2019-09-06 19:20:21:752,-0.027,-0.2205,9.7175,0.0008,0.004,9.8066,0.0168,0.0157,-0.0017,2.38,-31.62,20.94,52.16,-85.05,-139.32
52.421345,-1.534866,180.5,0.1,4,269.34,19 / 21,16110,2019-09-06 19:20:21:853,-0.0985,-0.4066,9.7187,-0.0002,-0.0057,9.8066,0.0347,-0.0406,-0.0124,2.81,-31.19,20.81,54.51,-85.03,-139.66
52.421345,-1.534866,180.5,0.1,4,269.34,19 / 21,16210,2019-09-06 19:20:21:953,0.0042,-0.0149,10.0586,0.0004,0.0048,9.8066,0.0114,0.0071,-0.0083,2.19,-31.19,20.88,51.6,-85.04,-139.67
52.421345,-1.534866,180.5,0.1,4,269.34,19 / 21,16310,2019-09-06 19:20:22:053,0.0016,0.1581,9.6678,-0.0037,-0.0047,9.8066,-0.0306,-0.0285,-0.0133,2.63,-30.94,21.25,54.51,-85.01,-139.67
52.421345,-1.534866,180.5,0.1,4,269.34,18 / 20,16409,2019-09-06 19:20:22:152,-0.1383,-0.1607,9.7371,0.0014,0.0047,9.8066,0.046,-0.0043,-0.0027,2.63,-31.31,21.44,54.91,-85.04,-139.27
52.421345,-1.534866,180.5,0.1,4,269.34,18 / 20,16510,2019-09-06 19:20:22:253,-0.0047,-0.3905,9.7779,-0.0019,-0.0042,9.8066,0.0267,-0.0198,-0.0123,1.69,-31.44,21.06,52.13,-85.04,-139.18
52.421345,-1.534866,180.5,0.1,4,269.34,18 / 20,16609,2019-09-06 19:20:22:352,0.0887,0.0662,10.0337,-0.0018,-0.0065,9.8066,0.0004,-0.0031,0.0017,2.44,-31.44,20.81,52.14,-85.04,-139.17
52.421345,-1.534866,180.5,0.1,4,269.34,18 / 20,16709,2019-09-06 19:20:22:452,-0.0116,0.135,10.0914,-0.0009,-0.0045,9.8066,-0.0211,-0.0241,-0.0102,2.25,-31.44,21.06,51.94,-85.01,-139.39
52.421345,-1.534866,180.5,0.1,4,269.34,18 / 20,16810,2019-09-06 19:20:22:553,0.0064,-0.3012,9.6827,0.0005,0.0064,9.8066,0.021,0.0035,-0.0024,2.56,-31.12,20.94,54.97,-85.03,-139.22
52.421345,-1.534866,180.5,0.1,4,269.34,18 / 20,16909,2019-09-06 19:20:22:652,0.0849,-0.2832,9.8849,0.0021,0.0039,9.8066,0.0177,-0.0428,-0.0099,2.44,-31.37,20.88,52.03,-85.05,-139.27
52.421345,-1.534866,180.5,0.1,4,269.34,18 / 20,17010,2019-09-06 19:20:22:753,-0.1391,0.2535,10.0263,-0.0008,-0.0025,9.8066,0.0031,0.015,-0.008,2.81,-32,21.31,55.01,-85.02,-139.39
52.421345,-1.534866,180.5,0.1,4,269.34,18 / 20,17110,2019-09-06 19:20:22:853,0.016,0.1881,10.0133,-0.001,0.001,9.8066,-0.0093,-0.0332,-0.0168,2.88,-31.25,21.31,54.69,-85.02,-139.49
52.421345,-1.534866,180.5,0.1,4,269.34,18 / 20,17209,2019-09-06 19:20:22:952,-0.1627,-0.0624,9.7198,0.0009,0.0014,9.8066,0.0252,0.0088,-0.0012,2.69,-31.44,21.5,54.02,-85.01,-139.5
52.421345,-1.534866,180.5,0.1,4,269.34,18 / 20,17310,2019-09-06 19:20:23:053,-0.0213,-0.2638,9.6383,0.002,-0.0065,9.8066,0.0189,-0.0214,-0.0266,2.38,-31.31,21.06,51.93,-85.01,-139.4
52.421345,-1.534866,180.5,0.1,4,269.34,20 / 21,17409,2019-09-06 19:20:23:152,0.0013,0.1348,9.8426,-0.0018,-0.0043,9.8066,0.0061,0.0047,0.0062,2.44,-31.69,20.81,51.82,-85.01,-139.69
52.421345,-1.534866,180.5,0.1,4,269.34,20 / 21,17509,2019-09-06 19:20:23:252,0.04,-0.1283,9.5682,0.0001,0.0066,9.8066,-0.0167,-0.0297,-0.0162,2.44,-31.69,21.63,51.58,-85.04,-139.37
52.421345,-1.534866,180.5,0.1,4,269.34,20 / 21,17609,2019-09-06 19:20:23:352,-0.0234,-0.2253,9.9875,0.0007,0.0079,9.8066,0.0159,0.0118,0.003,2,-31.94,20.94,52.37,-85.04,-139.15
52.421345,-1.534866,180.5,0.1,4,269.34,20 / 21,17710,2019-09-06 19:20:23:453,0.02,0.0702,10.0001,-0.0008,-0.0069,9.8066,0.0262,-0.0427,-0.0215,2.13,-31.06,20.75,51.92,-85.01,-139.41
52.421345,-1.534866,180.5,0.1,4,269.34,20 / 21,17809,2019-09-06 19:20:23:552,0.0678,-0.2238,9.5573,-0.0004,-0.0048,9.8066,0.0087,0.0185,-0.0062,2.38,-31.56,20.63,52.22,-85.03,-139.3
52.421345,-1.534866,180.5,0.1,4,269.34,20 / 21,17909,2019-09-06 19:20:23:652,-0.0444,-0.1523,9.9252,-0.0001,0.0026,9.8066,-0.0155,-0.0285,-0.0174,1.81,-31.56,20.38,52.95,-85.05,-139.18
52.421345,-1.534866,180.5,0.1,4,269.34,20 / 21,18009,2019-09-06 19:20:23:752,0.0407,-0.315,9.9159,-0.0002,0.0008,9.8066,0.0313,-0.0053,-0.0062,2.25,-31.44,21,51.99,-85.04,-139.31
52.421345,-1.534866,180.5,0.1,4,269.34,20 / 21,18110,2019-09-06 19:20:23:853,-0.125,0.2637,10.0552,0.0002,-0.0028,9.8066,0.0068,-0.0237,-0.0227,2.25,-31.75,21,52.19,-85.02,-139.34
52.421345,-1.534866,180.5,0.1,4,269.34,20 / 21,18209,2019-09-06 19:20:23:952,-0.0323,-0.0503,9.6836,-0.0015,0.0011,9.8066,0.0045,-0.0066,-0.005,2.13,-31.62,20.81,52.32,-85.03,-139.2
52.421345,-1.534866,180.5,0.1,4,269.34,20 / 21,18309,2019-09-06 19:20:24:052,-0.0646,0.1691,10.117,0.0003,0.0038,9.8066,-0.0243,-0.0202,-0.0064,1.94,-32.12,21.19,52.41,-85.04,-139.12
52.421345,-1.534866,180.5,0.1,4,269.34,21 / 21,18410,2019-09-06 19:20:24:153,-0.0008,-0.3079,9.6569,-0.0003,-0.0014,9.8066,0.0275,-0.0194,-0.0212,2.19,-31.44,21.63,51.42,-85.03,-139.35
52.421345,-1.534866,180.5,0.1,4,269.34,21 / 21,18509,2019-09-06 19:20:24:252,0.0318,-0.2684,9.8962,-0.0002,-0.0003,9.8066,-0.0094,-0.0151,0.0016,2.13,-31.75,21.31,52.28,-85.03,-139.25
52.421345,-1.534866,180.5,0.1,4,269.34,21 / 21,18610,2019-09-06 19:20:24:353,0.1628,-0.2336,9.8908,0.0007,0.0022,9.8066,0.0168,-0.0212,-0.0216,2.25,-31.75,21.63,51.59,-85.03,-139.37
52.421345,-1.534866,180.5,0.1,4,269.34,21 / 21,18710,2019-09-06 19:20:24:453,-0.0134,0.1868,10.0906,0.0022,0.0025,9.8066,0.0021,0.0209,0.0187,2.69,-31.5,21,54.65,-85.02,-139.53
52.421345,-1.534866,180.5,0.1,4,269.34,21 / 21,18809,2019-09-06 19:20:24:552,-0.0285,-0.2139,9.6266,0.0009,-0.0002,9.8066,0.0185,-0.0318,-0.018,2.06,-31.44,21,51.91,-85.03,-139.4
52.421345,-1.534866,180.5,0.1,4,269.34,21 / 21,18910,2019-09-06 19:20:24:653,0.047,-0.3032,9.6437,-0.0004,-0.0013,9.8066,0.0092,0.0298,0.0035,2.94,-31.81,20.94,54.84,-85.04,-139.53
52.421345,-1.534866,180.5,0.1,4,269.34,21 / 21,19009,2019-09-06 19:20:24:752,-0.0149,0.2048,9.8146,-0.0004,0.0027,9.8066,-0.0113,-0.0305,-0.0229,2.44,-31.69,20.75,51.95,-85.03,-139.55
52.421345,-1.534866,180.5,0.1,4,269.34,21 / 21,19110,2019-09-06 19:20:24:853,0.108,-0.2422,9.636,0.0015,-0.0019,9.8066,0.0117,0.0227,0.0014,2.31,-31.31,21,51.97,-85.04,-139.34
52.421345,-1.534866,180.5,0.1,4,269.34,21 / 21,19209,2019-09-06 19:20:24:952,0.065,0.1066,9.9901,-0.0004,-0.0037,9.8066,0.0166,-0.027,-0.0301,1.88,-31.56,20.94,51.86,-85.04,-139.62
52.421345,-1.534866,180.5,0.1,4,269.34,21 / 21,19310,2019-09-06 19:20:25:053,-0.0832,-0.078,9.7265,-0.0002,-0.0031,9.8065,0.0019,0.0079,0.0083,2.5,-31.62,20.38,55.44,-85.03,-139.68
52.421345,-1.534866,180.5,0.1,4,269.34,21 / 22,19410,2019-09-06 19:20:25:153,0.1221,-0.2168,9.7675,-0.0001,0.0028,9.8066,-0.0027,-0.0207,-0.0199,2.75,-31.31,20.63,54.53,-85.03,-139.64
52.421345,-1.534866,180.5,0.1,4,269.34,21 / 22,19510,2019-09-06 19:20:25:253,-0.0029,0.0872,10.0562,0.0014,-0.005,9.8066,0.003,0.0226,0.0079,2.38,-31.5,20.88,51.57,-85.04,-139.69
52.421345,-1.534866,180.5,0.1,4,269.34,21 / 22,19609,2019-09-06 19:20:25:352,-0.0936,0.0537,9.8734,-0.0013,-0.0041,9.8066,0.0321,-0.0401,-0.0164,2.06,-31.5,20.81,51.43,-85.04,-139.83
52.421345,-1.534866,180.5,0.1,4,269.34,21 / 22,19710,2019-09-06 19:20:25:453,-0.0793,0.2143,10.0506,-0.0004,0.0053,9.8066,0.0023,0.0348,0.0049,1.88,-31.5,21.25,51.28,-85.02,-139.99
52.421345,-1.534866,180.5,0.1,4,269.34,21 / 22,19809,2019-09-06 19:20:25:552,-0.0437,-0.0543,9.6414,0.0017,0.0045,9.8066,-0.0148,-0.0363,-0.0246,2.38,-31.75,21.44,51.58,-85.01,-139.91
52.421345,-1.534866,180.5,0.1,4,269.34,21 / 22,19910,2019-09-06 19:20:25:653,-0.0614,0.1664,10.0894,-0.0017,-0.0044,9.8066,0.0135,0.0215,0.0061,2.13,-31.87,21.13,51.68,-85.02,-139.81
52.421345,-1.534866,180.5,0.1,4,269.34,21 / 22,20010,2019-09-06 19:20:25:753,0.0403,-0.2457,9.6922,0,-0.0031,9.8066,0.0167,-0.0217,-0.0306,2.63,-31.44,21.13,54.24,-85.01,-139.93
52.421345,-1.534866,180.5,0.1,4,269.34,21 / 22,20110,2019-09-06 19:20:25:853,0.0822,-0.0919,10.0032,-0.0013,-0.0054,9.8066,0.0065,0.0094,0.0118,2.81,-31.69,21.06,54.42,-85,-139.97
52.421345,-1.534866,180.5,0.1,4,269.34,21 / 22,20209,2019-09-06 19:20:25:952,0.0803,-0.2437,9.6353,0.0009,0.0031,9.8066,-0.0092,-0.0311,-0.023,2.44,-31.5,21.31,51.46,-85.01,-139.84
52.421345,-1.534866,180.5,0.1,4,269.34,21 / 22,20309,2019-09-06 19:20:26:052,0.0088,-0.0525,10.0119,0.001,0.0052,9.8066,0.0098,0.0176,0.0032,2.75,-31.69,20.88,54.61,-85.01,-139.78
52.421345,-1.534866,180.5,0.1,4,269.34,19 / 20,20410,2019-09-06 19:20:26:153,-0.0811,-0.0555,9.7371,-0.0003,-0.0037,9.8066,0.0202,-0.036,-0.0213,2.44,-31.12,21.13,51.34,-84.99,-139.98
52.421345,-1.534866,180.5,0.1,4,269.34,19 / 20,20509,2019-09-06 19:20:26:252,0.0822,-0.2857,9.6893,-0.0005,0.0019,9.8066,0.0089,0.0151,-0.0042,2.75,-31.44,21,54.24,-84.99,-139.95
52.421345,-1.534866,180.5,0.1,4,269.34,19 / 20,20610,2019-09-06 19:20:26:353,0.0122,0.0992,10.0452,0.0002,0.0048,9.8066,-0.0247,-0.0239,-0.0201,2.75,-31.81,20.63,54.56,-84.98,-139.86
52.421345,-1.534866,180.5,0.1,4,269.34,19 / 20,20709,2019-09-06 19:20:26:452,-0.077,0.2391,9.9909,-0.0002,0.0023,9.8066,0.0251,0.0165,0.0017,2.69,-30.87,20.69,54.52,-84.99,-139.69
52.421345,-1.534866,180.5,0.1,4,269.34,19 / 20,20810,2019-09-06 19:20:26:553,0.012,-0.2279,9.8118,0.0012,-0.0045,9.8065,0.0138,-0.0237,-0.0225,2.06,-31.19,21.69,50.9,-84.98,-139.88
52.421345,-1.534866,180.5,0.1,4,269.34,19 / 20,20910,2019-09-06 19:20:26:653,-0.0274,0.181,9.8848,0.0017,0.0057,9.8066,0.0053,-0.0045,-0.0019,2.5,-31.81,20.88,54.57,-84.98,-139.86
52.421345,-1.534866,180.5,0.1,4,269.34,19 / 20,21009,2019-09-06 19:20:26:752,0.1373,-0.2425,9.6804,0.0019,0.006,9.8066,-0.0225,-0.0374,-0.0125,2.5,-32,20.88,54.67,-84.98,-139.77
52.421345,-1.534866,180.5,0.1,4,269.34,19 / 20,21110,2019-09-06 19:20:26:853,-0.0251,0.0341,9.9352,-0.0025,-0.0058,9.8066,0.0184,-0.016,-0.0184,2.63,-31.56,20.69,55.01,-85.01,-139.41
52.421345,-1.534866,180.5,0.1,4,269.34,19 / 20,21210,2019-09-06 19:20:26:953,-0.0543,0.2094,9.9001,-0.002,-0.0054,9.8066,0.0075,-0.0287,0.0008,2.31,-31.87,21.38,51.9,-84.97,-139.67
52.421345,-1.534866,180.5,0.1,4,269.34,19 / 20,21310,2019-09-06 19:20:27:053,0.2287,-0.1107,9.7796,-0.0002,-0.0057,9.8065,0.0003,-0.0101,-0.027,2.25,-31.69,21.38,51.78,-84.98,-139.77
52.421345,-1.534866,180.5,0.1,4,269.34,19 / 20,21410,2019-09-06 19:20:27:153,0.0516,0.0858,10.1062,0.0007,0.0054,9.8066,-0.0336,-0.0072,-0.009,2.63,-31.62,20.88,54.95,-85.01,-139.47
52.421345,-1.534866,180.5,0.1,4,269.34,19 / 20,21510,2019-09-06 19:20:27:253,-0.1151,0.128,9.9107,0.0014,0.0049,9.8066,0.0276,-0.0309,-0.0179,2.44,-31.87,21.25,51.97,-85.01,-139.55
52.421345,-1.534866,180.5,0.1,4,269.34,19 / 20,21609,2019-09-06 19:20:27:352,-0.0647,-0.2535,9.9268,-0.0014,-0.0062,9.8066,0.0125,-0.0057,-0.0017,2.44,-31.69,20.56,51.82,-84.97,-139.74
52.421345,-1.534866,180.5,0.1,4,269.34,19 / 20,21710,2019-09-06 19:20:27:453,0.0186,0.1275,9.7722,0.0018,0.0065,9.8066,-0.0094,-0.0247,-0.0242,1.94,-32,21.38,51.72,-84.96,-139.84
52.421345,-1.534866,180.5,0.1,4,269.34,19 / 20,21809,2019-09-06 19:20:27:552,0.2462,-0.0302,9.9359,0.0017,0.0066,9.8065,-0.0315,-0.0099,0.0101,2.94,-31.31,20.56,54.7,-85,-139.51
52.421345,-1.534866,180.5,0.1,4,269.34,19 / 20,21910,2019-09-06 19:20:27:653,-0.0279,-0.1194,9.7521,-0.0007,-0.0056,9.8066,0.0319,-0.0182,-0.0188,2.56,-31.44,21,54.81,-84.99,-139.42
52.421345,-1.534866,180.5,0.1,4,269.34,19 / 20,22009,2019-09-06 19:20:27:752,0.0648,-0.1065,9.9965,-0.0019,-0.0053,9.8066,-0.0051,0.034,0.0185,1.69,-31.19,21.13,51.82,-84.99,-139.52
52.421345,-1.534866,180.5,0.1,4,269.34,19 / 20,22109,2019-09-06 19:20:27:852,0.0741,0.1598,10.0647,0.0007,0.0032,9.8066,0.0034,0.0022,-0.015,2.56,-31.44,21.19,54.58,-84.98,-139.66
52.421345,-1.534866,180.5,0.1,4,269.34,19 / 20,22210,2019-09-06 19:20:27:953,-0.0494,0.0088,9.8684,0.0028,0.005,9.8066,-0.0328,-0.0117,-0.0074,2.44,-31.62,21,52.02,-85,-139.53
52.421345,-1.534866,180.5,0.1,4,269.34,19 / 20,22309,2019-09-06 19:20:28:052,-0.1143,-0.2222,9.6282,0.0009,0.0019,9.8066,0.0279,-0.0176,-0.0107,2.81,-31.62,21,54.81,-85,-139.61
52.421345,-1.534866,180.5,0.1,4,269.34,19 / 20,22410,2019-09-06 19:20:28:153,-0.0858,0.1961,10.1055,0.0006,-0.0022,9.8065,-0.0089,0.0313,0.0097,2.44,-31.62,21,51.97,-84.99,-139.58
52.421345,-1.534866,180.5,0.1,4,269.34,19 / 20,22509,2019-09-06 19:20:28:252,0.0348,0.1609,10.0658,-0.0012,-0.0029,9.8066,0.0012,-0.0225,-0.0102,2.06,-31.62,21.06,51.8,-84.98,-139.74
52.421345,-1.534866,180.5,0.1,4,269.34,19 / 20,22610,2019-09-06 19:20:28:353,-0.091,-0.3093,9.6199,0.0024,0.0025,9.8066,0.0052,0.0342,0.0133,2.5,-31.69,21.13,54.68,-85,-139.73
52.421345,-1.534866,180.5,0.1,4,269.34,19 / 20,22710,2019-09-06 19:20:28:453,-0.0898,0.3531,10.1235,-0.0008,0.0016,9.8066,0.0238,-0.0246,-0.0237,2.31,-31.56,21.06,51.76,-84.99,-139.77
52.421345,-1.534866,180.5,0.1,4,269.34,19 / 20,22809,2019-09-06 19:20:28:552,0.0052,0.0314,9.6523,-0.0001,-0.002,9.8066,0.0086,0.0249,0.0168,1.94,-31.75,21.69,51.01,-84.99,-139.95
52.421345,-1.534866,180.5,0.1,4,269.34,19 / 20,22910,2019-09-06 19:20:28:653,0.0469,0.248,10.1134,0.0008,-0.0011,9.8066,0.0091,-0.0304,-0.0231,2.56,-31.37,21.19,54.24,-84.99,-139.95
52.421345,-1.534866,180.5,0.1,4,269.34,19 / 20,23009,2019-09-06 19:20:28:752,-0.0769,-0.1746,9.9345,-0.0018,0.0022,9.8066,0.0004,0.0189,0.009,2.56,-31.69,20.69,54.4,-84.98,-140
52.421345,-1.534866,180.5,0.1,4,269.34,19 / 20,23110,2019-09-06 19:20:28:853,-0.0932,-0.264,9.6511,0.0018,0.0011,9.8066,0.026,-0.0359,-0.0109,2.5,-31.81,21.25,54.48,-84.99,-139.93
52.421345,-1.534866,180.5,0.1,4,269.34,19 / 20,23209,2019-09-06 19:20:28:952,-0.0409,0.0347,9.6502,-0.0001,-0.0014,9.8066,0.0021,0.0332,0.0068,2.69,-31.5,21.25,54.34,-84.97,-139.88
52.421345,-1.534866,180.5,0.1,4,269.34,20 / 21,23310,2019-09-06 19:20:29:053,0.0018,-0.0832,9.7251,-0.0003,-0.0032,9.8066,-0.0134,-0.0316,-0.0261,2.44,-31,21.19,51.2,-84.96,-140.14
52.421345,-1.534866,180.5,0.1,4,269.34,20 / 21,23410,2019-09-06 19:20:29:153,-0.0573,-0.3942,9.71,0.0018,0.0007,9.8066,0.0145,0.029,0.0133,1.88,-31.25,21.63,50.51,-84.97,-140.25
52.421345,-1.534866,180.5,0.1,4,269.34,20 / 21,23509,2019-09-06 19:20:29:252,-0.0654,0.0894,10.0262,-0.0008,-0.0013,9.8066,0.0228,-0.0193,-0.0293,2.31,-31.62,22.06,50.62,-84.96,-140.35
52.421345,-1.534866,180.5,0.1,4,269.34,20 / 21,23611,2019-09-06 19:20:29:354,-0.0346,0.1103,9.7968,0.0012,-0.0017,9.8066,-0.0003,0.023,0.0215,2.44,-31.56,21.31,51.24,-84.98,-140.26
52.421345,-1.534866,180.5,0.1,4,269.34,20 / 21,23709,2019-09-06 19:20:29:452,0.0557,-0.128,9.6179,-0.0015,-0.0016,9.8066,-0.0012,-0.0204,-0.0258,2.13,-31.69,21.06,51.21,-84.96,-140.31
52.421345,-1.534866,180.5,0.1,4,269.34,20 / 21,23811,2019-09-06 19:20:29:554,-0.1001,0.1636,10.0171,0.0002,0,9.8066,-0.0084,0.0205,0.0051,2.44,-31.81,21.13,51.02,-84.96,-140.49
52.421345,-1.534866,180.5,0.1,4,269.34,20 / 21,23910,2019-09-06 19:20:29:653,-0.0553,-0.2328,9.6755,0.0021,-0.0011,9.8066,0.0283,-0.0261,-0.0071,2.63,-31.56,21,53.7,-84.97,-140.67
52.421345,-1.534866,180.5,0.1,4,269.34,20 / 21,24009,2019-09-06 19:20:29:752,-0.0882,0.2008,9.9417,-0.0005,0.0016,9.8066,-0.0106,0.035,0.009,2.44,-32.19,21.5,50.25,-84.96,-140.68
52.421345,-1.534866,180.5,0.1,4,269.34,20 / 21,24110,2019-09-06 19:20:29:853,-0.1135,-0.1795,9.8191,0.0011,0.0034,9.8066,0.0056,-0.0179,-0.0074,2.38,-31.62,20.44,51.49,-84.97,-140.61
52.421345,-1.534866,180.5,0.1,4,269.34,20 / 21,24209,2019-09-06 19:20:29:952,-0.1876,0.1617,9.9317,-0.001,-0.004,9.8066,-0.0153,0.0354,0.01,2.38,-31.5,20.94,50.76,-84.97,-140.53
52.421345,-1.534866,180.5,0.1,4,269.34,20 / 21,24310,2019-09-06 19:20:30:053,0.163,-0.1154,9.6207,0.0007,0.0048,9.8066,0.0265,-0.0085,-0.0132,2.56,-31.5,20.94,53.24,-84.95,-140.93
52.421345,-1.534866,180.5,0.1,4,269.34,19 / 21,24409,2019-09-06 19:20:30:152,-0.0175,-0.0443,9.9572,0.0007,0.0058,9.8066,-0.0045,0.0204,0.0228,2.81,-31.37,20.94,53.56,-84.96,-140.62
52.421345,-1.534866,180.5,0.1,4,269.34,19 / 21,24509,2019-09-06 19:20:30:252,-0.105,0.2555,9.9693,-0.0013,0.0029,9.8066,-0.0042,0.0138,-0.0103,2.06,-31.56,21.63,50.42,-84.95,-140.53
52.421345,-1.534866,180.5,0.1,4,269.34,19 / 21,24610,2019-09-06 19:20:30:353,-0.075,0.2249,9.9006,-0.0003,-0.0053,9.8066,-0.0224,0.0095,0.0232,2.25,-31.56,21.13,50.83,-84.93,-140.71
52.421345,-1.534866,180.5,0.1,4,269.34,19 / 21,24709,2019-09-06 19:20:30:452,-0.0177,-0.0081,9.6706,-0.001,-0.0034,9.8066,0.0243,0.0087,0.0005,2.44,-31.25,20.81,50.63,-84.93,-140.7
52.421345,-1.534866,180.5,0.1,4,269.34,19 / 21,24810,2019-09-06 19:20:30:553,0.0222,0.1994,10.0636,-0.0003,0.0023,9.8066,-0.0104,0.0065,0.0128,2.44,-31,21.13,50.84,-84.93,-140.5
52.421345,-1.534866,180.5,0.1,4,269.34,19 / 21,24909,2019-09-06 19:20:30:652,-0.0156,-0.0687,9.7606,0.001,0.0038,9.8066,0.0052,0.0122,0.0116,2.81,-31.44,20.56,53.81,-84.93,-140.42
52.421345,-1.534866,180.5,0.1,4,269.34,19 / 21,25009,2019-09-06 19:20:30:752,-0.0153,0.0961,9.7392,-0.0016,-0.0031,9.8066,-0.0234,0.0209,0.0152,2.88,-31.37,21.06,53.7,-84.92,-140.54
52.421345,-1.534866,180.5,0.1,4,269.34,19 / 21,25109,2019-09-06 19:20:30:852,0.0921,-0.3162,9.6565,-0.0004,-0.0034,9.8066,0.0007,0.0146,0.0029,2.31,-31.37,21.38,50.88,-84.93,-140.47
52.421345,-1.534866,180.5,0.1,4,269.34,19 / 21,25210,2019-09-06 19:20:30:953,0.0109,0.1162,9.9627,0.0013,0.0034,9.8066,-0.0025,0.0152,0.0097,2.63,-30.94,21.38,53.7,-84.93,-140.53
52.421345,-1.534866,180.5,0.1,4,269.34,19 / 21,25310,2019-09-06 19:20:31:053,-0.1304,-0.1384,9.6963,0.0014,0.0012,9.8066,0.0039,0.0286,-0.0026,2.69,-31.62,21,53.9,-84.95,-140.52
52.421345,-1.534866,180.5,0.1,4,269.34,20 / 22,25410,2019-09-06 19:20:31:153,-0.0219,-0.2387,9.837,-0.0015,-0.0035,9.8066,-0.033,0.0049,0.0168,2.38,-31.94,21.25,50.97,-84.92,-140.58
52.421345,-1.534866,180.5,0.1,4,269.34,20 / 22,25510,2019-09-06 19:20:31:253,0.0029,0.2092,9.7992,-0.0017,-0.0026,9.8066,0.0229,-0.0261,-0.0256,2.56,-31.81,21.38,53.92,-84.92,-140.53
52.421345,-1.534866,180.5,0.1,4,269.34,20 / 22,25609,2019-09-06 19:20:31:352,-0.0514,-0.2015,9.6665,0.001,0.0016,9.8066,-0.0072,-0.0011,0.0108,2.13,-32.06,20.56,51.11,-84.92,-140.46
52.421345,-1.534866,180.5,0.1,4,269.34,20 / 22,25709,2019-09-06 19:20:31:452,0.0088,-0.1026,9.9508,0.0007,0.0023,9.8066,-0.0056,-0.0273,-0.0166,2.19,-31.5,21.5,50.39,-84.93,-140.41
52.421345,-1.534866,180.5,0.1,4,269.34,20 / 22,25809,2019-09-06 19:20:31:552,0.0339,0.2205,9.7365,-0.0013,-0.003,9.8066,-0.0374,0.0142,0.0071,2.25,-31.81,21.13,51.11,-84.95,-140.42
52.421345,-1.534866,180.5,0.1,4,269.34,20 / 22,25910,2019-09-06 19:20:31:653,0.1024,-0.2311,9.5994,0.0007,0.0007,9.8066,0.0241,-0.0356,-0.0154,2.38,-32,20.88,51.1,-84.94,-140.44
52.421345,-1.534866,180.5,0.1,4,269.34,20 / 22,26010,2019-09-06 19:20:31:753,0.0037,-0.0752,10.0092,0.0003,0.001,9.8066,0.0014,0.0173,0.0088,2,-31.62,21.13,51.06,-84.93,-140.48
52.421345,-1.534866,180.5,0.1,4,269.34,20 / 22,26110,2019-09-06 19:20:31:853,0.0151,0.2113,9.9768,0.0026,0.0015,9.8066,-0.0205,-0.0361,-0.019,2.19,-32,21.25,51.02,-84.95,-140.5
52.421345,-1.534866,180.5,0.1,4,269.34,20 / 22,26210,2019-09-06 19:20:31:953,0.0042,0.0852,9.6212,0.0004,-0.0006,9.8066,-0.0336,0.0077,0.0212,2.38,-31.56,21.25,51.05,-84.93,-140.5
52.421345,-1.534866,180.5,0.1,4,269.34,20 / 22,26310,2019-09-06 19:20:32:053,-0.0076,-0.113,9.7283,0.0033,-0.0004,9.8066,0.0227,-0.03,-0.0243,2.31,-31.94,20.94,50.94,-84.94,-140.59
52.421345,-1.534866,180.5,0.1,4,269.34,20 / 21,26409,2019-09-06 19:20:32:152,-0.0928,0.2299,10.0127,0.0008,0.0047,9.8066,-0.0094,0.0181,0.0136,2.44,-31.12,20.5,50.47,-84.95,-140.82
52.421345,-1.534866,180.5,0.1,4,269.34,20 / 21,26510,2019-09-06 19:20:32:253,-0.125,0.222,9.8568,-0.001,-0.0058,9.8066,-0.0074,-0.0329,-0.0153,2.31,-32.12,20.88,50.49,-84.92,-141.02
52.421345,-1.534866,180.5,0.1,4,269.34,20 / 21,26609,2019-09-06 19:20:32:352,-0.0295,0.0354,9.6485,-0.0016,-0.0027,9.8066,-0.0224,0.0241,0.0128,2.56,-31.81,20.75,53.45,-84.91,-140.97
52.421345,-1.534866,180.5,0.1,4,269.34,20 / 21,26710,2019-09-06 19:20:32:453,0.1621,-0.1443,9.8889,0.0011,0.0049,9.8066,0.0229,-0.0348,-0.0114,2.44,-31.56,21.63,50.1,-84.92,-140.87
52.421345,-1.534866,180.5,0.1,4,269.34,20 / 21,26809,2019-09-06 19:20:32:552,-0.0036,-0.0732,9.76,0.001,0.0045,9.8066,-0.003,0.0106,0.0057,2.19,-31.81,21.44,50.9,-84.94,-140.63
52.421345,-1.534866,180.5,0.1,4,269.34,20 / 21,26909,2019-09-06 19:20:32:652,-0.027,0.1301,9.7215,-0.0018,-0.0013,9.8066,-0.0063,-0.0352,-0.0234,2.44,-31.62,21.13,50.84,-84.93,-140.7
52.421345,-1.534866,180.5,0.1,4,269.34,20 / 21,27009,2019-09-06 19:20:32:752,0.0974,-0.1976,9.6894,-0.0004,-0.0024,9.8066,-0.0204,0.0043,0.0201,2.75,-31.75,21.31,53.71,-84.93,-140.71
52.421345,-1.534866,180.5,0.1,4,269.34,20 / 21,27110,2019-09-06 19:20:32:853,0.0271,0.2185,10.0005,0.0004,0.0024,9.8066,0.0187,-0.0343,-0.028,2.06,-31.56,21.44,50.82,-84.94,-140.7
52.421345,-1.534866,180.5,0.1,4,269.34,20 / 21,27210,2019-09-06 19:20:32:953,-0.1103,-0.1056,9.6849,0.0008,0.0016,9.8066,-0.0061,0.0043,0.0156,2.69,-31.62,21.31,53.73,-84.95,-140.67
52.421345,-1.534866,180.5,0.1,4,269.34,20 / 21,27310,2019-09-06 19:20:33:053,-0.11,0.2495,9.8941,-0.0009,-0.0016,9.8066,0.0004,-0.0283,-0.0198,2,-31.37,21,50.69,-84.93,-140.65
52.421345,-1.534866,180.5,0.1,4,269.34,21 / 21,27409,2019-09-06 19:20:33:152,-0.0468,-0.1706,9.8108,0.001,0.0033,9.8066,-0.0313,0.0186,0.0086,2.25,-31.25,21,50.49,-84.94,-140.81
52.421345,-1.534866,180.5,0.1,4,269.34,21 / 21,27510,2019-09-06 19:20:33:253,-0.1676,0.0583,9.902,-0.0013,-0.004,9.8066,0.0309,-0.0398,-0.0111,2,-31.31,20.56,50.73,-84.95,-140.58
52.421345,-1.534866,180.5,0.1,4,269.34,21 / 21,27610,2019-09-06 19:20:33:353,-0.0071,-0.296,9.6364,-0.001,-0.0052,9.8066,-0.0004,0.0184,0.0098,2.63,-31.87,21.06,53.56,-84.93,-140.85
52.421345,-1.534866,180.5,0.1,4,269.34,21 / 21,27709,2019-09-06 19:20:33:452,0.0071,-0.0037,9.6487,-0.0015,-0.0038,9.8066,-0.0154,-0.0344,-0.0205,2.25,-31.31,21,50.7,-84.93,-140.63
52.421345,-1.534866,180.5,0.1,4,269.34,21 / 21,27810,2019-09-06 19:20:33:553,0.0119,0.2227,10.1033,0.0003,0.0056,9.8066,-0.0398,0.0156,0.0164,2.63,-31.12,21.5,52.82,-84.92,-140.72
52.421345,-1.534866,180.5,0.1,4,269.34,21 / 21,27909,2019-09-06 19:20:33:652,0.017,-0.0645,9.7782,0.0023,0.0066,9.8066,0.0249,-0.0269,-0.0286,2.5,-31.69,21.19,54.02,-84.96,-140.39
52.421345,-1.534866,180.5,0.1,4,269.34,21 / 21,28010,2019-09-06 19:20:33:753,-0.0331,-0.3175,9.6705,-0.0021,-0.0042,9.8066,-0.0061,0.0141,0.0165,2.19,-31.25,21.38,50.67,-84.92,-140.67
52.421345,-1.534866,180.5,0.1,4,269.34,21 / 21,28109,2019-09-06 19:20:33:852,0.1093,-0.1831,9.5906,-0.0008,-0.0033,9.8066,-0.0123,-0.0241,-0.0267,2.75,-31.56,20.81,53.76,-84.93,-140.67
52.421345,-1.534866,180.5,0.1,4,269.34,21 / 21,28210,2019-09-06 19:20:33:953,-0.0096,0.1955,10.0471,0.0007,0.0028,9.8066,-0.0173,0.0229,0.0141,2.25,-31.56,20.94,50.88,-84.92,-140.66
52.421345,-1.534866,180.5,0.1,4,269.34,21 / 21,28309,2019-09-06 19:20:34:052,-0.071,0.0641,9.7396,0,0.0033,9.8066,0.0113,-0.0383,-0.0198,2.5,-31.94,21.06,53.93,-84.93,-140.5
52.421345,-1.534866,180.5,0.1,4,269.34,21 / 21,28410,2019-09-06 19:20:34:153,0.0556,-0.2593,9.7384,-0.0012,-0.0037,9.8066,0.0025,0.0318,0.027,1.94,-31.81,21.25,51.1,-84.95,-140.43
52.421345,-1.534866,180.5,0.1,4,269.34,21 / 21,28509,2019-09-06 19:20:34:252,-0.0225,-0.0904,9.8066,-0.0013,-0.003,9.8066,-0.0158,-0.0309,-0.0141,2.06,-31.81,21.69,50.44,-84.92,-140.56
52.421345,-1.534866,180.5,0.1,4,269.34,21 / 21,28609,2019-09-06 19:20:34:352,-0.1126,0.1368,9.9302,0.0015,0.0046,9.8066,-0.0291,0.0151,0.0215,2.13,-31.37,21.5,50.4,-84.95,-140.38
52.421345,-1.534866,180.5,0.1,4,269.34,21 / 21,28709,2019-09-06 19:20:34:452,0.0182,-0.3422,9.6344,0,0.0047,9.8066,0.0279,-0.0273,-0.0192,2.31,-31.94,21.06,51.29,-84.95,-140.25
52.421345,-1.534866,180.5,0.1,4,269.34,21 / 21,28810,2019-09-06 19:20:34:553,0.0301,-0.3359,9.8814,-0.0012,-0.0037,9.8066,-0.0084,0.014,0.0126,2.19,-31.81,20.88,51.3,-84.95,-140.25
52.421345,-1.534866,180.5,0.1,4,269.34,21 / 21,28909,2019-09-06 19:20:34:652,0.0973,-0.1012,9.9271,0.0007,-0.0036,9.8066,-0.0099,-0.0247,-0.019,2.5,-30.94,21,53.87,-84.94,-140.35
52.421345,-1.534866,180.5,0.1,4,269.34,21 / 21,29010,2019-09-06 19:20:34:753,-0.0089,-0.1587,9.7155,0.0008,0.0049,9.8066,0.0022,0.0184,0.0093,2.44,-31.31,21.19,51.27,-84.97,-140.06
52.421345,-1.534866,180.5,0.1,4,269.34,21 / 21,29110,2019-09-06 19:20:34:853,0.0634,-0.0297,10.0143,-0.0016,-0.0039,9.8066,0.0287,-0.0302,-0.0102,2.38,-31.44,21.25,51.38,-84.96,-139.97
52.421345,-1.534866,180.5,0.1,4,269.34,21 / 21,29209,2019-09-06 19:20:34:952,-0.1221,0.2277,9.7688,0.0009,-0.0036,9.8066,0.0016,0.0059,0.0063,2.13,-31.56,20.44,52.26,-84.96,-139.93
52.421345,-1.534866,180.5,0.1,4,269.34,21 / 21,29309,2019-09-06 19:20:35:052,-0.0741,-0.1583,9.6719,-0.0006,-0.003,9.8066,0.0014,-0.0271,-0.0064,2.69,-31.5,21.25,54.06,-84.95,-140.16
52.421345,-1.534866,180.5,0.1,4,269.34,20 / 22,29410,2019-09-06 19:20:35:153,0.0312,-0.316,9.7606,0.0016,0.0025,9.8066,-0.0072,0.0318,0.0114,2.06,-31.62,21.06,51.37,-84.98,-140.15
52.421345,-1.534866,180.5,0.1,4,269.34,20 / 22,29509,2019-09-06 19:20:35:252,-0.1487,0.0549,10.0211,-0.0017,-0.0022,9.8065,0.0275,-0.0017,-0.0055,2.38,-31.5,21.06,51.21,-84.98,-140.1
52.421345,-1.534866,180.5,0.1,4,269.34,20 / 22,29610,2019-09-06 19:20:35:353,-0.0415,-0.0006,9.6729,0.0003,0.001,9.8066,0.0094,0.0182,0.0168,2,-31.19,21.56,50.57,-84.98,-140.19
52.421345,-1.534866,180.5,0.1,4,269.34,20 / 22,29709,2019-09-06 19:20:35:452,0.1221,0.0048,10.0082,0.0016,0.0037,9.8066,0.0067,0.0182,-0.0032,2.38,-31.56,21.19,51.29,-84.97,-140.23
52.421345,-1.534866,180.5,0.1,4,269.34,20 / 22,29810,2019-09-06 19:20:35:553,-0.025,0.0828,10.0443,-0.0011,-0.0042,9.8066,-0.0342,-0.0003,0.0141,2.56,-32.31,21.13,54.03,-84.98,-140.36
52.421345,-1.534866,180.5,0.1,4,269.34,20 / 22,29910,2019-09-06 19:20:35:653,-0.0374,0.2456,9.8146,-0.0001,-0.0029,9.8066,0.0143,0.0259,0.013,2.63,-31.44,20.5,53.76,-84.96,-140.43
52.421345,-1.534866,180.5,0.1,4,269.34,20 / 22,30010,2019-09-06 19:20:35:753,0.0672,-0.1588,9.5966,0.0003,0.0047,9.8066,-0.0013,-0.0115,0.0061,2.56,-31.31,21,54,-84.98,-140.2
52.421345,-1.534866,180.5,0.1,4,269.34,20 / 22,30110,2019-09-06 19:20:35:853,0.0682,-0.3075,9.6841,0.0004,-0.0047,9.8066,-0.0031,0.0283,0.0178,2.06,-31.62,21,51.3,-84.99,-140.2
52.421345,-1.534866,180.5,0.1,4,269.34,20 / 22,30209,2019-09-06 19:20:35:952,0.0193,-0.2091,9.9529,-0.0007,-0.0038,9.8066,-0.0336,0.0002,-0.0053,2.31,-31.69,21.56,50.64,-84.98,-140.3
52.421345,-1.534866,180.5,0.1,4,269.34,20 / 22,30309,2019-09-06 19:20:36:052,-0.1579,0.175,9.965,0.0005,-0.0052,9.8066,-0.0011,0.0178,0.0183,2.25,-31.56,21,50.93,-84.96,-140.57
52.421345,-1.534866,180.5,0.1,4,269.34,20 / 21,30409,2019-09-06 19:20:36:152,-0.0788,-0.0037,9.6287,0.0002,0.0027,9.8066,-0.0087,0.0008,-0.0042,2.38,-31.5,21.19,50.84,-84.95,-140.48
52.421345,-1.534866,180.5,0.1,4,269.34,20 / 21,30509,2019-09-06 19:20:36:252,-0.0547,-0.0087,9.7041,-0.0001,0.0034,9.8066,0.0025,0.0336,0.0186,2.81,-31.87,21.19,54.06,-84.96,-140.35
52.421345,-1.534866,180.5,0.1,4,269.34,20 / 21,30610,2019-09-06 19:20:36:353,-0.0058,-0.3185,9.7742,-0.0006,-0.0026,9.8066,-0.0288,-0.0014,0.0092,2.56,-31.37,21.31,53.99,-84.95,-140.24
52.421345,-1.534866,180.5,0.1,4,269.34,20 / 21,30710,2019-09-06 19:20:36:453,0.0189,-0.1158,9.8246,-0.0015,-0.0029,9.8066,0.008,0.0345,0.0168,2.19,-31.31,20.81,51.21,-84.94,-140.15
52.421345,-1.534866,180.5,0.1,4,269.34,20 / 21,30810,2019-09-06 19:20:36:553,0.0539,0.1698,10.0911,0.0009,0.0038,9.8066,-0.0075,-0.0021,0.0065,2.38,-31.75,21.44,51.56,-84.96,-140
52.421345,-1.534866,180.5,0.1,4,269.34,20 / 21,30909,2019-09-06 19:20:36:652,-0.0299,0.0578,9.8688,0.0016,0.0039,9.8066,0.0081,0.02,0.0191,2.63,-31.12,21.56,53.59,-84.96,-139.97
52.421345,-1.534866,180.5,0.1,4,269.34,20 / 21,31010,2019-09-06 19:20:36:753,-0.099,-0.2861,9.648,-0.0009,-0.0042,9.8066,-0.0334,0.0075,0.0057,2.44,-31.87,21.31,51.32,-84.93,-140.26
52.421345,-1.534866,180.5,0.1,4,269.34,20 / 21,31109,2019-09-06 19:20:36:852,0.1855,-0.1274,9.8603,0.0003,0.0025,9.8066,-0.0005,0.0184,0.0152,2.38,-31.94,21.38,51.75,-84.96,-139.82
52.421345,-1.534866,180.5,0.1,4,269.34,20 / 21,31210,2019-09-06 19:20:36:953,-0.0139,0.1333,10.0594,0.0018,0.0019,9.8066,0.0068,0.0056,0.0113,2.13,-31.37,20.94,51.42,-84.97,-139.93
52.421345,-1.534866,180.5,0.1,4,269.34,20 / 21,31309,2019-09-06 19:20:37:052,0.0171,-0.1679,9.6998,0.0001,0.0002,9.8066,-0.0004,0.0303,0.0086,2,-31.25,21.44,51.45,-84.95,-139.92
52.421345,-1.534866,180.5,0.1,4,269.34,22 / 22,31410,2019-09-06 19:20:37:153,-0.1098,0.2328,10.0123,0.0001,0.0007,9.8066,-0.0187,-0.004,0.0111,2.69,-31.37,21.19,54.27,-84.95,-139.97
52.421345,-1.534866,180.5,0.1,4,269.34,22 / 22,31510,2019-09-06 19:20:37:253,-0.0424,0.0198,9.6726,0.0004,-0.002,9.8066,0.0175,0.024,0.0091,2.44,-31.81,21.44,51.55,-84.95,-140.01
52.421345,-1.534866,180.5,0.1,4,269.34,22 / 22,31610,2019-09-06 19:20:37:353,-0.0843,-0.0791,9.6978,0.0004,0.0036,9.8066,-0.003,-0.0278,-0.0077,2.38,-31.62,21.25,51.69,-84.96,-139.87
52.421345,-1.534866,180.5,0.1,4,269.34,22 / 22,31709,2019-09-06 19:20:37:452,0.0275,-0.1646,9.899,-0.0012,-0.0041,9.8066,0.005,0.0274,0.0231,2.56,-31.69,21.38,54.47,-84.98,-139.95
52.421345,-1.534866,180.5,0.1,4,269.34,22 / 22,31810,2019-09-06 19:20:37:553,0.0909,0.1601,10.0132,-0.0004,-0.0042,9.8066,-0.0315,-0.0137,-0.0145,3,-32,21.19,54.22,-84.95,-140.21
52.421345,-1.534866,180.5,0.1,4,269.34,22 / 22,31909,2019-09-06 19:20:37:652,-0.0681,0.207,10.0465,-0.0001,0.0061,9.8066,-0.0144,0.0233,0.0276,2.94,-31.12,21.31,54.17,-84.97,-140.05
52.421345,-1.534866,180.5,0.1,4,269.34,22 / 22,32009,2019-09-06 19:20:37:752,-0.0101,-0.2055,9.7199,0.0001,-0.006,9.8066,0.0106,-0.0192,-0.022,2.63,-31.44,21.06,54.17,-84.96,-140.05
52.421345,-1.534866,180.5,0.1,4,269.34,22 / 22,32109,2019-09-06 19:20:37:852,0.0761,-0.292,9.8086,-0.0022,-0.0026,9.8065,-0.0031,-0.0061,-0.0021,2.25,-31.5,21.56,50.62,-84.96,-140.16
52.421345,-1.534866,180.5,0.1,4,269.34,22 / 22,32210,2019-09-06 19:20:37:953,0.1207,-0.1927,9.8224,-0.0004,-0.0046,9.8066,-0.0156,-0.0212,-0.012,2.19,-31.5,21.63,50.63,-84.94,-140.18
52.421345,-1.534866,180.5,0.1,4,269.34,22 / 22,32310,2019-09-06 19:20:38:053,-0.0024,0.1261,9.7956,-0.0008,0.0016,9.8066,-0.0116,0.0299,0.0173,2.5,-31.69,21.5,53.85,-84.96,-139.9
52.421345,-1.534866,180.5,0.1,4,269.34,20 / 21,32410,2019-09-06 19:20:38:153,0.066,-0.2045,9.9575,0.0013,-0.0005,9.8066,0.0143,-0.0358,-0.0121,2.88,-31.31,21.44,54.26,-84.96,-139.98
52.421345,-1.534866,180.5,0.1,4,269.34,20 / 21,32509,2019-09-06 19:20:38:252,-0.1295,0.22,9.9586,-0.0005,0.0018,9.8066,0.0034,0.0229,-0.0047,2.63,-31.56,20.88,54.39,-84.96,-140.05
52.421345,-1.534866,180.5,0.1,4,269.34,20 / 21,32609,2019-09-06 19:20:38:352,-0.0059,0.1617,9.8659,0.0011,0.0019,9.8066,-0.0143,-0.0275,-0.0158,2.13,-31.44,21.31,51.3,-84.97,-140.04
52.421345,-1.534866,180.5,0.1,4,269.34,20 / 21,32709,2019-09-06 19:20:38:452,-0.0761,-0.2148,9.6843,0.0015,0.0038,9.8066,0.0191,0.0136,-0.0013,2.25,-31.62,20.81,51.53,-84.97,-140.01
52.421345,-1.534866,180.5,0.1,4,269.34,20 / 21,32809,2019-09-06 19:20:38:552,-0.0175,-0.2231,9.8632,-0.0005,-0.0036,9.8066,0.0241,-0.0216,-0.0236,2.38,-31.75,20.94,51.34,-84.98,-140.18
52.421345,-1.534866,180.5,0.1,4,269.34,20 / 21,32909,2019-09-06 19:20:38:652,0.0255,0.0684,10.0339,-0.0009,-0.0026,9.8066,0.0017,0.0132,0.0085,2.56,-31.44,20.81,54.04,-84.97,-140.17
52.421345,-1.534866,180.5,0.1,4,269.34,20 / 21,33009,2019-09-06 19:20:38:752,0.0635,0.2461,10.0927,-0.0002,0.0045,9.8066,-0.0067,-0.0272,-0.0175,2.81,-31.56,20.56,54.36,-84.98,-140.04
52.421345,-1.534866,180.5,0.1,4,269.34,20 / 21,33110,2019-09-06 19:20:38:853,0.0256,-0.0337,9.7803,0.002,0.0022,9.8066,0.0103,0.018,0.0088,2.19,-31.87,21.5,50.78,-84.99,-140.16
52.421345,-1.534866,180.5,0.1,4,269.34,20 / 21,33210,2019-09-06 19:20:38:953,-0.0486,-0.2581,9.6527,-0.0014,-0.0049,9.8065,0.0219,-0.0374,-0.0147,2.44,-31.56,21.13,51.34,-84.99,-140.16
52.421345,-1.534866,180.5,0.1,4,269.34,20 / 21,33309,2019-09-06 19:20:39:052,-0.161,0.2266,9.9745,-0.0006,-0.0042,9.8066,0.0022,0.0275,-0.0004,2.69,-31.19,21.19,53.83,-84.97,-140.36
52.421345,-1.534866,180.5,0.1,4,269.34,20 / 21,33410,2019-09-06 19:20:39:153,-0.0009,0.1793,9.9981,0.001,0.0038,9.8065,-0.0066,-0.0344,-0.0185,2.75,-31.94,21.31,54.34,-84.98,-140.07
52.421345,-1.534866,180.5,0.1,4,269.34,20 / 21,33509,2019-09-06 19:20:39:252,0.044,-0.3105,9.7587,0.0008,0.005,9.8066,0.011,0.0234,0.0072,2.38,-31.37,21.19,51.37,-84.98,-139.95
52.421345,-1.534866,180.5,0.1,4,269.34,20 / 21,33610,2019-09-06 19:20:39:353,-0.1016,0.0712,10.0461,-0.0004,-0.0029,9.8065,0.0215,-0.0274,-0.029,3.06,-31,21.31,54.03,-84.97,-140.17
52.421345,-1.534866,180.5,0.1,4,269.34,20 / 21,33710,2019-09-06 19:20:39:453,0.0009,0.1755,9.8938,-0.0019,-0.0021,9.8066,0.0085,0.0104,0.015,2.5,-32.06,20.75,54.36,-84.97,-140.06
52.421345,-1.534866,180.5,0.1,4,269.34,20 / 21,33810,2019-09-06 19:20:39:553,0.1448,-0.2202,9.8277,-0.0004,0.0034,9.8066,-0.0051,-0.0287,-0.0245,2.44,-31.44,20.88,51.44,-84.98,-139.89
52.421345,-1.534866,180.5,0.1,4,269.34,20 / 21,33910,2019-09-06 19:20:39:653,0.0133,0.0819,9.8761,-0.0007,-0.0025,9.8066,0.0134,0.016,0.0116,2.13,-31.44,20.75,51.52,-84.98,-139.82
52.421345,-1.534866,180.5,0.1,4,269.34,20 / 21,34009,2019-09-06 19:20:39:752,-0.0466,-0.2757,9.6702,-0.0011,-0.0048,9.8066,0.0215,-0.0418,-0.0176,2.31,-30.75,20.75,51.61,-84.99,-139.72
52.421345,-1.534866,180.5,0.1,4,269.34,20 / 21,34109,2019-09-06 19:20:39:852,0.0771,-0.1889,9.8814,-0.0002,0.0026,9.8066,0.0148,0.0227,-0.0032,2.69,-31.62,21.19,54.7,-84.99,-139.73
52.421345,-1.534866,180.5,0.1,4,269.34,20 / 21,34210,2019-09-06 19:20:39:953,-0.0431,0.1352,10.0766,0.0011,0.0015,9.8066,-0.012,-0.0344,-0.0231,2.06,-31.31,21.13,51.65,-84.99,-139.68
52.421345,-1.534866,180.5,0.1,4,269.34,20 / 21,34310,2019-09-06 19:20:40:053,-0.1027,0.0112,9.8012,0.001,-0.0011,9.8066,0.0228,0.0171,0,2.31,-31.81,21.88,51.25,-84.99,-139.73
52.421345,-1.534866,180.5,0.1,4,269.34,20 / 20,34409,2019-09-06 19:20:40:152,-0.1413,0.2399,10.0049,-0.0012,-0.0001,9.8066,0.0214,-0.0266,-0.0255,1.69,-31.37,20.63,51.59,-84.99,-139.74
52.421345,-1.534866,180.5,0.1,4,269.34,20 / 20,34510,2019-09-06 19:20:40:253,-0.0153,0.0541,9.6439,0.001,0.0026,9.8066,0.01,0.0043,0.0098,1.94,-31.25,20.94,51.39,-85,-139.91
52.421345,-1.534866,180.5,0.1,4,269.34,20 / 20,34610,2019-09-06 19:20:40:353,-0.1067,-0.1413,9.6933,-0.0007,0.0016,9.8066,-0.0068,-0.0236,-0.0201,2.06,-31.25,21.19,51.4,-84.99,-139.91
52.421345,-1.534866,180.5,0.1,4,269.34,20 / 20,34710,2019-09-06 19:20:40:453,-0.0603,-0.2887,9.8445,0.0001,-0.0041,9.8066,0.0045,0.018,0.0146,2.19,-31.87,20,52.04,-84.98,-140.11
52.421345,-1.534866,180.5,0.1,4,269.34,20 / 20,34809,2019-09-06 19:20:40:552,-0.048,0.0525,9.9654,-0.0005,-0.0049,9.8066,0.0234,-0.0281,-0.0215,2.38,-31.87,21.06,51.39,-84.98,-140.13
52.421345,-1.534866,180.5,0.1,4,269.34,20 / 20,34909,2019-09-06 19:20:40:652,0.0516,-0.3233,9.6259,0.0002,0.0044,9.8066,0.0024,0.034,0.0057,1.88,-32.06,20.69,51.22,-84.96,-140.31
52.421345,-1.534866,180.5,0.1,4,269.34,20 / 20,35009,2019-09-06 19:20:40:752,0.0311,-0.3153,9.844,0.0008,0.0046,9.8066,-0.0115,-0.0237,-0.0144,2.56,-31.44,21.44,54.1,-84.99,-140.09
52.421345,-1.534866,180.5,0.1,4,269.34,20 / 20,35109,2019-09-06 19:20:40:852,0.0275,0.0815,10.0054,-0.0015,-0.0046,9.8066,-0.0123,0.0254,0.0098,2.13,-31.56,20.75,51.1,-84.95,-140.43
52.421345,-1.534866,180.5,0.1,4,269.34,20 / 20,35210,2019-09-06 19:20:40:953,-0.0839,0.0851,9.6569,0.0006,0.0048,9.8065,0.0196,-0.0343,-0.0125,2.88,-31.75,21.06,53.99,-84.95,-140.42
52.421345,-1.534866,180.5,0.1,4,269.34,20 / 20,35309,2019-09-06 19:20:41:052,-0.0461,0.0013,10.0072,0.0002,0.0023,9.8066,-0.004,0.0146,0.0164,2.63,-32.06,20.94,54.12,-84.95,-140.31
52.421345,-1.534866,180.5,0.1,4,269.34,20 / 20,35410,2019-09-06 19:20:41:153,0.1046,0.1338,10.0535,0.0007,0.0027,9.8066,0.0015,-0.0284,-0.0107,2,-32.06,20.69,51.35,-84.97,-140.17
52.421345,-1.534866,180.5,0.1,4,269.34,20 / 20,35510,2019-09-06 19:20:41:253,-0.0694,0.0627,9.7337,0.0001,-0.0023,9.8066,-0.0222,-0.0034,0.0121,1.94,-31.5,20.75,51.1,-84.95,-140.23
52.421345,-1.534866,180.5,0.1,4,269.34,20 / 20,35610,2019-09-06 19:20:41:353,-0.0452,-0.1966,9.6827,-0.0007,0.0011,9.8066,0.0206,-0.0203,-0.0251,2.81,-32.12,21.31,54.23,-84.96,-140.2
52.421345,-1.534866,180.5,0.1,4,269.34,20 / 20,35710,2019-09-06 19:20:41:453,-0.1067,0.2294,10.0216,0.001,0.0003,9.8066,-0.0052,-0.0105,0.0079,2.38,-31.87,21.13,51.4,-84.95,-140.15
52.421345,-1.534866,180.5,0.1,4,269.34,20 / 20,35809,2019-09-06 19:20:41:552,0.0463,-0.1531,9.7088,-0.0004,0.0011,9.8066,-0.0047,-0.0165,-0.0256,2.88,-31.5,21.13,54.18,-84.96,-140.05
52.421345,-1.534866,180.5,0.1,4,269.34,20 / 20,35909,2019-09-06 19:20:41:652,0.0754,-0.0213,9.9978,0.0007,0.0024,9.8065,-0.0343,-0.0017,0.0019,2.5,-31.25,21.56,53.47,-84.96,-140.07
52.421345,-1.534866,180.5,0.1,4,269.34,20 / 20,36009,2019-09-06 19:20:41:752,0.0709,0.0608,9.5821,0.0005,-0.004,9.8066,0.0321,-0.0312,-0.0186,2.25,-31.56,20.81,51.61,-84.98,-139.92
52.421345,-1.534866,180.5,0.1,4,269.34,20 / 20,36110,2019-09-06 19:20:41:853,-0.0236,0.1437,10.1135,0.0005,-0.0022,9.8066,0.0099,0.0068,-0.0032,2.44,-31.5,20.94,51.27,-84.98,-140.05
52.421345,-1.534866,180.5,0.1,4,269.34,20 / 20,36209,2019-09-06 19:20:41:952,0.0369,0.1703,9.771,0.0012,-0.0019,9.8066,-0.0147,-0.0264,-0.0215,2.5,-32.19,20.88,54.13,-84.98,-140.25
52.421345,-1.534866,180.5,0.1,4,269.34,20 / 20,36311,2019-09-06 19:20:42:054,0.0308,-0.1744,9.5587,0.0006,0.0012,9.8066,-0.0251,-0.0148,0.0098,2.44,-31.81,20.94,51.34,-84.99,-140.16
52.421345,-1.534866,180.5,0.1,4,269.34,20 / 20,36410,2019-09-06 19:20:42:153,-0.1025,-0.1757,9.9228,-0.0006,0.0001,9.8066,0.0191,-0.0178,-0.029,2.63,-31.44,20.38,54.82,-84.99,-140.11
52.421345,-1.534866,180.5,0.1,4,269.34,20 / 20,36511,2019-09-06 19:20:42:254,0.0925,-0.2069,9.9597,0.0004,0.0018,9.8066,-0.0135,-0.0034,0.0079,2.25,-32,21.19,51.6,-84.98,-139.92
52.421345,-1.534866,180.5,0.1,4,269.34,20 / 20,36609,2019-09-06 19:20:42:352,-0.0953,0.2203,10.0324,0.0004,-0.0003,9.8066,0.0116,-0.0222,-0.0248,2.56,-32,21.31,54.34,-84.99,-140.05
52.421345,-1.534866,180.5,0.1,4,269.34,20 / 20,36710,2019-09-06 19:20:42:453,0.0138,0.1594,9.7103,0.0009,0.0005,9.8066,-0.03,0.0056,0.0053,2.69,-31.56,20.63,54.37,-85,-140.02
52.421345,-1.534866,180.5,0.1,4,269.34,20 / 20,36810,2019-09-06 19:20:42:553,-0.1808,-0.1809,9.696,0.0002,0.0034,9.8066,0.028,-0.0243,-0.012,2.19,-31.87,20.69,51.43,-85,-140.05
52.421345,-1.534866,180.5,0.1,4,269.34,20 / 20,36909,2019-09-06 19:20:42:652,-0.0429,-0.3218,9.8033,-0.0008,-0.0059,9.8066,0.0134,0.0022,-0.0024,2.25,-31.37,21.25,50.97,-84.98,-140.32
52.421345,-1.534866,180.5,0.1,4,269.34,20 / 20,37010,2019-09-06 19:20:42:753,0.0597,0.0189,9.9972,-0.001,-0.0062,9.8066,-0.0039,-0.0394,-0.0133,1.94,-31.69,20.75,51.14,-84.98,-140.35
52.421345,-1.534866,180.5,0.1,4,269.34,20 / 20,37110,2019-09-06 19:20:42:853,-0.0306,0.1727,9.7319,-0.0002,0.0057,9.8066,-0.0335,-0.0106,0.0026,2.63,-31.5,21.13,53.75,-84.99,-140.41
52.421345,-1.534866,180.5,0.1,4,269.34,20 / 20,37209,2019-09-06 19:20:42:952,-0.0069,-0.3792,9.6601,0.0017,0.0063,9.8066,0.0356,-0.0136,-0.014,2.19,-31.87,21.56,50.8,-85.01,-140.12
52.421345,-1.534866,180.5,0.1,4,269.34,20 / 20,37309,2019-09-06 19:20:43:052,-0.0417,-0.2764,9.9201,-0.0009,-0.0046,9.8066,-0.012,-0.0028,-0.008,2.56,-31.56,21,53.92,-84.97,-140.47
52.421345,-1.534866,180.5,0.1,4,269.34,20 / 20,37410,2019-09-06 19:20:43:153,-0.0943,-0.0586,9.5867,-0.0021,-0.0051,9.8066,0.0034,-0.005,-0.0149,2.38,-31.44,20.94,50.83,-84.97,-140.46
52.421345,-1.534866,180.5,0.1,4,269.34,20 / 20,37510,2019-09-06 19:20:43:253,-0.0417,0.0792,10.0289,0.0022,0.0051,9.8066,-0.0345,-0.0169,-0.0162,2.13,-31.69,21.06,51.21,-84.99,-140.28
52.421345,-1.534866,180.5,0.1,4,269.34,20 / 20,37609,2019-09-06 19:20:43:352,-0.1576,-0.241,9.6493,-0.0007,0.0037,9.8066,0.0282,0.0079,0.0019,2.13,-31.62,20.75,51.23,-84.99,-140.27
52.421345,-1.534866,180.5,0.1,4,269.34,20 / 20,37709,2019-09-06 19:20:43:452,-0.1801,0.1821,9.9897,0.0002,-0.0026,9.8066,0.0048,-0.0105,-0.0201,2.38,-31.37,20.81,51.03,-84.97,-140.28
52.421345,-1.534866,180.5,0.1,4,269.34,20 / 20,37809,2019-09-06 19:20:43:552,-0.0691,-0.0071,9.6684,-0.0013,-0.0028,9.8066,0.0074,-0.0002,0.0104,2.13,-31.37,20.81,51.14,-84.97,-140.18
52.421345,-1.534866,180.5,0.1,4,269.34,20 / 20,37909,2019-09-06 19:20:43:652,0.1477,-0.1704,9.7804,0.0022,0.0033,9.8066,-0.0041,-0.0254,-0.0207,2.75,-31.81,20.69,54.34,-84.99,-140.05
52.421345,-1.534866,180.5,0.1,4,269.34,20 / 20,38010,2019-09-06 19:20:43:753,-0.1047,0.1375,10.0445,-0.0017,0.0019,9.8066,0.0089,0.0161,0.012,2.19,-31.94,20.81,51.54,-84.98,-140
52.421345,-1.534866,180.5,0.1,4,269.34,20 / 20,38110,2019-09-06 19:20:43:853,-0.08,0.0589,9.737,-0.0004,-0.0011,9.8066,0.0199,-0.0338,-0.0119,2.44,-31.37,20.75,51.31,-84.97,-140.02
52.421345,-1.534866,180.5,0.1,4,269.34,20 / 20,38209,2019-09-06 19:20:43:952,0.0677,-0.0923,9.9677,-0.0006,0.0004,9.8066,0.0042,0.0268,0.0122,2.19,-32.12,21.06,51.64,-84.97,-139.91
52.421345,-1.534866,180.5,0.1,4,269.34,20 / 20,38309,2019-09-06 19:20:44:052,-0.0102,0.0954,10.0118,-0.0004,0.0012,9.8066,-0.0035,-0.0312,-0.0182,3.13,-30.94,20.88,54.35,-84.97,-139.87
52.421345,-1.534866,180.5,0.1,4,269.34,20 / 20,38412,2019-09-06 19:20:44:155,0.0945,0.0065,10.0081,0.001,-0.0081,9.8066,-0.0087,0.033,0.0147,2.81,-31.44,20.94,53.91,-84.95,-140.31
52.421345,-1.534866,180.5,0.1,4,269.34,20 / 20,38510,2019-09-06 19:20:44:253,0.0091,-0.0012,9.5981,-0.0003,0.003,9.8066,-0.0015,-0.0127,0.005,2.19,-31.56,21.06,51.24,-84.96,-140.29
52.421345,-1.534866,180.5,0.1,4,269.34,20 / 20,38609,2019-09-06 19:20:44:352,-0.0126,0.0673,10.0941,0.0011,0.0058,9.8066,0.0027,0.0343,0.021,2.69,-31.62,21.38,54.45,-84.97,-139.98
52.421345,-1.534866,180.5,0.1,4,269.34,20 / 20,38710,2019-09-06 19:20:44:453,-0.0868,-0.2374,9.6643,0.0008,0.0059,9.8066,-0.0383,0.0035,0.0025,2.19,-31.12,20.69,51.33,-84.97,-140.01
52.421345,-1.534866,180.5,0.1,4,269.34,20 / 20,38810,2019-09-06 19:20:44:553,-0.0366,0.1555,10.0777,-0.0013,-0.0057,9.8066,-0.0046,0.0246,0.0167,2.56,-31.81,21.38,54.2,-84.95,-140.24
52.421345,-1.534866,180.5,0.1,4,269.34,20 / 20,38910,2019-09-06 19:20:44:653,0.0008,0.01,9.6618,0.0005,0.0041,9.8065,0.0038,0.0019,0.0141,2.25,-32.19,20.69,51.38,-84.93,-140.19
52.421345,-1.534866,180.5,0.1,4,269.34,20 / 20,39009,2019-09-06 19:20:44:752,0.065,0.2958,10.1345,-0.001,0.0043,9.8066,-0.0048,0.0349,0.008,2.19,-31.62,21.44,51.71,-84.94,-139.88
52.421345,-1.534866,180.5,0.1,4,269.34,20 / 20,39109,2019-09-06 19:20:44:852,0.066,-0.2508,9.659,0.0015,0.0055,9.8066,-0.0327,0.0035,0.0138,2.56,-31.12,21,54.49,-84.94,-139.79
52.421345,-1.534866,180.5,0.1,4,269.34,20 / 20,39209,2019-09-06 19:20:44:952,0.0698,0.1918,10.0235,-0.0025,-0.0046,9.8066,0.0034,0.0364,0.0146,2.31,-31.06,21,51.47,-84.93,-139.93
52.421345,-1.534866,180.5,0.1,4,269.34,20 / 20,39309,2019-09-06 19:20:45:052,-0.1061,0.3313,9.9789,0.0008,-0.003,9.8066,-0.0068,0.0023,0.0101,2,-31.44,21.13,51.53,-84.95,-139.85
52.421345,-1.534866,180.5,0.1,4,269.34,19 / 20,39410,2019-09-06 19:20:45:153,-0.0307,-0.0802,10.0286,0.0008,0.0037,9.8066,0.0034,0.0252,0.0184,2.69,-31.19,20.5,54.44,-84.94,-139.82
52.421345,-1.534866,180.5,0.1,4,269.34,19 / 20,39510,2019-09-06 19:20:45:253,0.105,-0.0785,10.0433,-0.0009,-0.003,9.8066,-0.0268,0.0021,-0.0022,2.69,-30.94,21.25,54.53,-84.97,-139.71
52.421345,-1.534866,180.5,0.1,4,269.34,19 / 20,39609,2019-09-06 19:20:45:352,-0.1139,0.2208,9.8877,0.0005,-0.0028,9.8066,0.0056,0.0204,0.019,2.63,-31.94,20.69,54.64,-84.96,-139.82
52.421345,-1.534866,180.5,0.1,4,269.34,19 / 20,39709,2019-09-06 19:20:45:452,-0.0264,0.0042,9.6359,-0.0003,0.0022,9.8066,0.0008,-0.0029,-0.0012,2.44,-31,20.56,51.39,-84.96,-139.97
52.421345,-1.534866,180.5,0.1,4,269.34,19 / 20,39810,2019-09-06 19:20:45:553,-0.0235,-0.2249,9.6356,0.002,0.0013,9.8066,0.0005,0.0341,0.0109,2.44,-31.25,21,51.41,-84.98,-139.93
52.421345,-1.534866,180.5,0.1,4,269.34,19 / 20,39909,2019-09-06 19:20:45:652,-0.0512,-0.1868,9.9626,-0.0004,0.0022,9.8066,-0.0247,-0.0097,0.0046,2.38,-31.69,21.25,51.67,-84.97,-139.88
52.421345,-1.534866,180.5,0.1,4,269.34,19 / 20,40010,2019-09-06 19:20:45:753,-0.0031,0.1941,9.955,-0.0003,-0.0015,9.8066,-0.0012,0.0315,0.0118,1.94,-31.12,21,51.31,-84.98,-140.01
52.421345,-1.534866,180.5,0.1,4,269.34,19 / 20,40109,2019-09-06 19:20:45:852,-0.0385,0.1899,10.0165,0.0013,0.0005,9.8066,0.0018,-0.0173,0.0017,2.38,-31.75,20.88,51.51,-84.97,-140.03
52.421345,-1.534866,180.5,0.1,4,269.34,19 / 20,40210,2019-09-06 19:20:45:953,0.021,-0.2992,9.7856,-0.0009,-0.0006,9.8066,0.0011,0.0252,0.0221,2.06,-31.62,21.31,51.39,-84.98,-140.12
52.421345,-1.534866,180.5,0.1,4,269.34,19 / 20,40309,2019-09-06 19:20:46:052,0.0196,0.0322,10.0131,0.0009,0.0006,9.8066,-0.0306,-0.0146,-0.0074,2.88,-31.31,21,54.08,-84.98,-140.11
52.421345,-1.534866,180.5,0.1,4,269.34,20 / 20,40410,2019-09-06 19:20:46:153,-0.1381,0.1722,9.8174,0.0004,-0.0005,9.8066,-0.011,0.0216,0.0224,2.75,-31.81,21.38,54.12,-84.97,-140.29
52.421345,-1.534866,180.5,0.1,4,269.34,20 / 20,40510,2019-09-06 19:20:46:253,-0.0162,-0.0162,9.863,-0.0004,-0.0022,9.8066,0.0116,-0.0154,-0.0093,2.38,-31.5,21.06,50.87,-84.98,-140.42
52.421345,-1.534866,180.5,0.1,4,269.34,20 / 20,40609,2019-09-06 19:20:46:352,0.0601,-0.2579,9.9052,0.0016,-0.0002,9.8066,-0.01,0.0374,0.0127,2.44,-31.5,20.81,50.76,-84.97,-140.53
52.421345,-1.534866,180.5,0.1,4,269.34,20 / 20,40709,2019-09-06 19:20:46:452,-0.1494,0.2028,10.0194,-0.0007,-0.0017,9.8066,-0.0153,-0.0252,-0.006,2.63,-32.06,20.5,53.74,-84.97,-140.64
52.421345,-1.534866,180.5,0.1,4,269.34,20 / 20,40810,2019-09-06 19:20:46:553,-0.0322,0.1557,9.6781,0.0012,0.0026,9.8066,-0.0179,0.0388,0.0157,2.38,-31.81,20.94,50.77,-84.96,-140.72
52.421345,-1.534866,180.5,0.1,4,269.34,20 / 20,40909,2019-09-06 19:20:46:652,-0.1035,-0.1927,9.6875,-0.0001,0.0034,9.8066,0.0153,-0.0324,-0.0079,2.63,-31.87,21.25,53.75,-84.97,-140.62
52.421345,-1.534866,180.5,0.1,4,269.34,20 / 20,41010,2019-09-06 19:20:46:753,-0.0133,0.2123,10.1125,-0.0015,-0.0055,9.8066,0.0049,0.0192,0.0192,2.56,-31.44,21.13,53.4,-84.94,-140.78
52.421345,-1.534866,180.5,0.1,4,269.34,20 / 20,41110,2019-09-06 19:20:46:853,-0.0428,0.2004,9.8817,0.0003,-0.0001,9.8066,-0.0308,-0.0269,-0.0184,2.88,-31.5,20.75,53.57,-84.96,-140.62
52.421345,-1.534866,180.5,0.1,4,269.34,20 / 20,41210,2019-09-06 19:20:46:953,0.043,-0.1211,9.5321,-0.0002,0.0042,9.8066,-0.0222,0.0221,0.0273,2.5,-31.56,21,53.57,-84.95,-140.81
52.421345,-1.534866,180.5,0.1,4,269.34,20 / 20,41309,2019-09-06 19:20:47:052,-0.0313,-0.1687,9.8227,0.0019,0.0042,9.8066,0.0131,-0.0157,-0.0138,2.5,-31.81,20.94,53.68,-84.97,-140.69
52.421345,-1.534866,180.5,0.1,4,269.34,20 / 20,41409,2019-09-06 19:20:47:152,0.0643,0.1058,10.0347,-0.0009,-0.0037,9.8066,-0.0014,0.0352,0.0158,2.44,-31.44,21.38,50.69,-84.96,-140.61
52.421345,-1.534866,180.5,0.1,4,269.34,20 / 20,41510,2019-09-06 19:20:47:253,0.0676,-0.144,9.6117,-0.0006,0.0023,9.8066,-0.0161,-0.0223,-0.0003,2.69,-31.81,21.19,53.51,-84.94,-140.88
52.421345,-1.534866,180.5,0.1,4,269.34,20 / 20,41609,2019-09-06 19:20:47:352,-0.0127,-0.1021,9.9351,0.0016,0.0025,9.8066,-0.0085,0.037,0.0116,2.31,-32.06,21.06,50.67,-84.94,-140.83
52.421345,-1.534866,180.5,0.1,4,269.34,20 / 20,41710,2019-09-06 19:20:47:453,-0.0764,0.2235,10.0799,-0.0004,-0.0031,9.8066,0.0004,-0.0304,-0.0038,2.38,-31.31,20.88,50.39,-84.95,-140.9
52.421345,-1.534866,180.5,0.1,4,269.34,20 / 20,41809,2019-09-06 19:20:47:552,-0.0246,-0.1099,9.6943,-0.0022,-0.0032,9.8066,-0.0014,0.0309,0.0232,2.63,-31.31,21.19,53.29,-84.94,-140.89
52.421345,-1.534866,180.5,0.1,4,269.34,20 / 20,41910,2019-09-06 19:20:47:653,-0.0053,0.0612,9.6879,-0.0007,-0.0036,9.8066,-0.022,-0.0182,-0.0103,2.38,-31.25,20.56,50.34,-84.92,-140.96
52.421345,-1.534866,180.5,0.1,4,269.34,20 / 20,42009,2019-09-06 19:20:47:752,0.105,-0.207,9.7913,-0.0003,0.0052,9.8066,0.0297,0.0001,0.0028,3,-31.12,20.25,54.38,-84.94,-140.59
52.421345,-1.534866,180.5,0.1,4,269.34,20 / 20,42109,2019-09-06 19:20:47:852,-0.0058,-0.1706,9.9095,0.0014,0.0053,9.8066,0.0186,-0.0166,-0.0224,2.06,-31.81,21.63,50.42,-84.94,-140.54
52.421345,-1.534866,180.5,0.1,4,269.34,20 / 20,42210,2019-09-06 19:20:47:953,0.0982,0.2031,9.9986,-0.001,-0.0018,9.8066,-0.0058,0.0169,0.012,2.63,-31.12,21.38,53.59,-84.94,-140.62
52.421345,-1.534866,180.5,0.1,4,269.34,20 / 20,42310,2019-09-06 19:20:48:053,-0.0782,0.0156,9.6578,-0.0002,-0.0026,9.8066,-0.0047,-0.0292,-0.016,1.88,-31.31,21.13,50.7,-84.92,-140.64
52.421345,-1.534866,180.5,0.1,4,269.34,20 / 20,42409,2019-09-06 19:20:48:152,-0.0234,0.0443,10.0353,-0.0001,0.0037,9.8066,0.0155,0.011,0.0012,2.31,-31.94,21.31,51.1,-84.93,-140.46
52.421345,-1.534866,180.5,0.1,4,269.34,20 / 20,42509,2019-09-06 19:20:48:252,0.0701,-0.1136,9.9962,0.0018,0.0043,9.8066,0.0275,-0.0387,-0.0114,2.31,-31.94,21.63,50.51,-84.94,-140.47
52.421345,-1.534866,180.5,0.1,4,269.34,20 / 20,42609,2019-09-06 19:20:48:352,-0.0379,0.2969,9.9161,-0.0011,-0.0023,9.8066,0.0183,0.0157,-0.0009,2.25,-31.12,20.63,50.97,-84.94,-140.38
52.421345,-1.534866,180.5,0.1,4,269.34,20 / 20,42709,2019-09-06 19:20:48:452,-0.0052,0.0242,9.6405,-0.001,-0.0022,9.8066,-0.0179,-0.0317,-0.0157,2.19,-31.37,21.38,50.84,-84.93,-140.51
52.421345,-1.534866,180.5,0.1,4,269.34,20 / 20,42810,2019-09-06 19:20:48:553,0.0848,-0.2758,9.7768,0.0001,0.0021,9.8066,0.0251,0.0114,0.0063,2.81,-31.31,21.56,53.24,-84.94,-140.31
52.421345,-1.534866,180.5,0.1,4,269.34,20 / 20,42910,2019-09-06 19:20:48:653,-0.0709,0.2672,10.068,0.0003,-0.0017,9.8066,0.0246,-0.0297,-0.0251,2.13,-30.94,21.19,51.06,-84.94,-140.29
52.421345,-1.534866,180.5,0.1,4,269.34,20 / 20,43010,2019-09-06 19:20:48:753,-0.0172,0.118,9.7726,0,-0.0026,9.8066,0.0028,0.0055,0.0062,1.75,-31.62,21.25,50.98,-84.94,-140.56
52.421345,-1.534866,180.5,0.1,4,269.34,20 / 20,43109,2019-09-06 19:20:48:852,0.1213,-0.1005,9.9419,-0.0008,-0.0009,9.8066,-0.0065,-0.0316,-0.0167,2,-31.94,21.13,51.01,-84.94,-140.52
52.421345,-1.534866,180.5,0.1,4,269.34,20 / 20,43209,2019-09-06 19:20:48:952,-0.0342,-0.188,9.722,0.0011,0.0022,9.8066,0.0032,0.0127,0.0014,2.38,-31.56,21.31,50.91,-84.93,-140.62
52.421345,-1.534866,180.5,0.1,4,269.34,20 / 20,43310,2019-09-06 19:20:49:053,0.0619,-0.0525,9.983,0.0025,0,9.8066,0.0256,-0.0283,-0.0119,2.5,-31.25,21.25,53.45,-84.96,-140.72
52.421345,-1.534866,180.5,0.1,4,269.34,20 / 20,43410,2019-09-06 19:20:49:153,-0.0729,0.2051,9.8257,0.0004,0,9.8066,0.0006,0.0313,0.0093,1.94,-31.37,21.31,50.48,-84.95,-140.81
52.421345,-1.534866,180.5,0.1,4,269.34,20 / 20,43509,2019-09-06 19:20:49:252,0.01,-0.038,9.6773,0.0004,-0.0007,9.8066,-0.0133,-0.0186,-0.0127,2.13,-32.19,20.88,50.5,-84.96,-140.97
52.421345,-1.534866,180.5,0.1,4,269.34,20 / 20,43610,2019-09-06 19:20:49:353,-0.0422,0.3177,9.9836,0.0023,0.0001,9.8066,-0.0009,0.0294,0.0107,2.19,-31.37,20.88,50.29,-84.95,-140.98
52.421345,-1.534866,180.5,0.1,4,269.34,20 / 20,43710,2019-09-06 19:20:49:453,0.0219,-0.1749,9.5951,-0.0007,-0.0027,9.8066,0.0153,0.0006,-0.0091,2.13,-31.37,21.25,50.02,-84.95,-141.23
52.421345,-1.534866,180.5,0.1,4,269.34,20 / 20,43810,2019-09-06 19:20:49:553,-0.0536,-0.1192,9.9321,0.0014,0.0023,9.8066,0.0017,0.0153,0.0172,2.13,-31.31,20.38,50.65,-84.97,-141.19
52.421345,-1.534866,180.5,0.1,4,269.34,20 / 20,43909,2019-09-06 19:20:49:652,-0.0395,0.2949,10.0436,-0.0006,-0.0038,9.8066,0.0042,0.0163,-0.0063,2,-31.5,21.44,50.07,-84.95,-141.19
52.421345,-1.534866,180.5,0.1,4,269.34,20 / 20,44009,2019-09-06 19:20:49:752,-0.1567,0.2017,9.8557,-0.001,-0.0048,9.8066,-0.0265,-0.0033,0.0136,2.44,-31.5,21.19,49.96,-84.94,-141.3
52.421345,-1.534866,180.5,0.1,4,269.34,20 / 20,44109,2019-09-06 19:20:49:852,-0.0032,0.0365,9.6823,-0.0012,-0.0051,9.8066,0.0026,0.03,0.011,1.88,-31.81,21.06,50.16,-84.93,-141.31
52.421345,-1.534866,180.5,0.1,4,269.34,20 / 20,44209,2019-09-06 19:20:49:952,0.07,-0.1577,9.6377,0.0008,0.0043,9.8066,0.0031,-0.0163,-0.0016,1.81,-31.37,21.25,50.01,-84.93,-141.26
52.421345,-1.534866,180.5,0.1,4,269.34,20 / 20,44310,2019-09-06 19:20:50:053,-0.072,0.0591,10.01,0.0007,0.0056,9.8066,-0.006,0.0246,0.0182,2.25,-31,20.75,50.3,-84.96,-140.96
52.421345,-1.534866,180.5,0.1,4,269.34,20 / 20,44409,2019-09-06 19:20:50:152,0.0546,0.1248,9.8153,-0.0015,-0.004,9.8066,-0.0247,-0.0112,-0.0166,2.38,-31.81,21.25,50.29,-84.94,-141.19
52.421345,-1.534866,180.5,0.1,4,269.34,20 / 20,44509,2019-09-06 19:20:50:252,0.1244,-0.1762,9.6589,0.0005,0.0026,9.8066,-0.0143,0.0068,0.0207,2.31,-31.62,20.5,50.29,-84.95,-141.18
52.421345,-1.534866,180.5,0.1,4,269.34,20 / 20,44610,2019-09-06 19:20:50:353,-0.0363,-0.2469,9.792,-0.0009,0.0013,9.8066,0.0197,-0.0209,-0.022,1.63,-31.69,21,50.27,-84.94,-141.2
52.421345,-1.534866,180.5,0.1,4,269.34,20 / 20,44710,2019-09-06 19:20:50:453,-0.0015,-0.0054,9.992,0.0001,-0.001,9.8066,-0.0053,-0.0022,0.0078,2.38,-31.87,21.25,50.37,-84.94,-141.11
52.421345,-1.534866,180.5,0.1,4,269.34,20 / 20,44809,2019-09-06 19:20:50:552,-0.0297,0.2523,10.0609,0.0014,0.001,9.8066,0.0068,-0.0136,-0.0187,2.31,-31.25,21.06,50.02,-84.95,-141.23
52.421345,-1.534866,180.5,0.1,4,269.34,20 / 20,44910,2019-09-06 19:20:50:653,-0.005,-0.0551,9.8009,-0.0017,-0.0027,9.8066,-0.0391,0.0018,-0.0036,2.38,-31.56,21.25,50.16,-84.95,-141.28
52.421345,-1.534866,180.5,0.1,4,269.34,20 / 20,45010,2019-09-06 19:20:50:753,0.0976,-0.1115,9.9509,0.0017,-0.0003,9.8066,0.0322,-0.0293,-0.0075,2.25,-31.69,21.13,50.12,-84.95,-141.32
52.421345,-1.534866,180.5,0.1,4,269.34,20 / 20,45110,2019-09-06 19:20:50:853,-0.1262,0.2887,10.0152,-0.0005,-0.0008,9.8065,-0.0071,-0.0041,-0.0068,2.19,-31.19,21.13,49.93,-84.94,-141.32
52.421345,-1.534866,180.5,0.1,4,269.34,20 / 20,45210,2019-09-06 19:20:50:953,-0.0338,-0.1388,9.7044,0.0011,0.0014,9.8066,-0.0031,-0.0253,-0.0127,1.94,-31.75,21,50.15,-84.95,-141.3
52.421345,-1.534866,180.5,0.1,4,269.34,20 / 20,45309,2019-09-06 19:20:51:052,-0.1211,0.2222,9.9804,0,0.0041,9.8066,-0.0059,0.0377,0.0076,2.75,-31.69,21.5,52.52,-84.95,-141.15
52.421345,-1.534866,180.5,0.1,4,269.34,20 / 20,45410,2019-09-06 19:20:51:153,-0.0169,-0.2384,9.7991,0.0006,-0.003,9.8066,0.0239,-0.0166,-0.0188,2.38,-31,20.63,50.03,-84.96,-141.22
52.421345,-1.534866,180.5,0.1,4,269.34,20 / 20,45510,2019-09-06 19:20:51:253,-0.0301,0.174,9.8185,-0.0004,-0.0034,9.8066,-0.0004,0.0234,0.0151,2.5,-31.19,21.44,52.81,-84.95,-141.32
52.421345,-1.534866,180.5,0.1,4,269.34,20 / 20,45609,2019-09-06 19:20:51:352,0.0317,-0.1856,9.5634,0.0003,0.0038,9.8066,0.0078,-0.0046,-0.011,2.25,-31.5,21.13,49.95,-84.96,-141.29
52.421345,-1.534866,180.5,0.1,4,269.34,20 / 20,45709,2019-09-06 19:20:51:452,-0.0191,-0.0728,9.9164,0.0017,0.0056,9.8066,-0.0138,0.0271,0.0236,2.69,-31.62,21.38,53.11,-84.97,-141.21
52.421345,-1.534866,180.5,0.1,4,269.34,20 / 20,45810,2019-09-06 19:20:51:553,0.0443,-0.1677,9.9676,-0.0011,-0.0032,9.8066,0.0273,-0.0112,-0.0083,2.38,-31.31,20.56,49.95,-84.95,-141.3
52.421345,-1.534866,180.5,0.1,4,269.34,20 / 20,45910,2019-09-06 19:20:51:653,0.0925,-0.2517,9.7339,-0.0005,-0.0037,9.8066,-0.0171,0.0247,0.0127,2.25,-31.5,21,49.94,-84.95,-141.3
52.421345,-1.534866,180.5,0.1,4,269.34,20 / 20,46010,2019-09-06 19:20:51:753,-0.0466,0.109,10.0589,0.0014,0.0043,9.8066,0.0077,-0.0122,0.0031,2.44,-31.37,21.06,50.21,-84.96,-141.05
52.421345,-1.534866,180.5,0.1,4,269.34,20 / 20,46110,2019-09-06 19:20:51:853,-0.1903,0.1036,9.8031,-0.0008,0.0018,9.8066,-0.0293,0.0301,0.0024,2.88,-31.94,20.94,53.28,-84.95,-141.08
52.421345,-1.534866,180.5,0.1,4,269.34,20 / 20,46209,2019-09-06 19:20:51:952,0.0803,0.0917,9.6643,0.002,-0.0004,9.8066,0.0032,0.0093,0.0009,2.56,-30.81,20.63,53.03,-84.96,-141.1
52.421345,-1.534866,180.5,0.1,4,269.34,20 / 20,46310,2019-09-06 19:20:52:053,0.14,-0.0156,9.9577,-0.0017,-0.0022,9.8066,0.0039,0.0038,0.0058,2.69,-31.37,21,53.08,-84.97,-141.06
52.421345,-1.534866,180.5,0.1,4,269.34,20 / 20,46410,2019-09-06 19:20:52:153,-0.0316,0.107,10.0604,-0.0022,0.0029,9.8066,-0.007,0.0218,0.0091,2.13,-31.81,21.25,50.59,-84.97,-140.88
52.421345,-1.534866,180.5,0.1,4,269.34,20 / 20,46509,2019-09-06 19:20:52:252,-0.1878,0.1447,9.9315,0.001,-0.0035,9.8066,-0.0076,-0.0167,0.004,2.31,-31.31,21.06,50.16,-84.95,-141.1
52.421345,-1.534866,180.5,0.1,4,269.34,20 / 20,46609,2019-09-06 19:20:52:352,-0.0275,0.0165,9.6753,-0.0004,-0.0032,9.8066,-0.0061,0.0306,0.0093,2.19,-31.56,20.88,50.32,-84.94,-141.15
52.421345,-1.534866,180.5,0.1,4,269.34,20 / 20,46709,2019-09-06 19:20:52:452,0.0902,-0.2234,9.8402,0.0006,0.0018,9.8066,-0.0026,-0.0246,-0.0116,2.19,-31.62,20.75,50.1,-84.95,-141.34
52.421345,-1.534866,180.5,0.1,4,269.34,20 / 20,46810,2019-09-06 19:20:52:553,0.027,-0.0218,9.7377,0.0009,-0.0024,9.8066,-0.0073,0.0188,0.016,1.88,-31.12,21.56,49.41,-84.97,-141.27
52.421345,-1.534866,180.5,0.1,4,269.34,20 / 20,46910,2019-09-06 19:20:52:653,0.0589,-0.1111,9.9827,-0.0014,-0.0015,9.8066,-0.0048,-0.0279,-0.0119,2.19,-31.44,20.63,49.79,-84.95,-141.44
52.421345,-1.534866,180.5,0.1,4,269.34,20 / 20,47009,2019-09-06 19:20:52:752,0.0028,0.0065,10.0661,-0.0007,-0.002,9.8066,-0.0289,-0.0026,0.0136,2.56,-31.87,21.38,53.03,-84.95,-141.32
52.421345,-1.534866,180.5,0.1,4,269.34,20 / 20,47110,2019-09-06 19:20:52:853,0.0721,0.1373,9.8511,0.0013,0.0021,9.8066,0.023,-0.0193,-0.0313,2.31,-31.19,21.19,50.08,-84.95,-141.18
52.421345,-1.534866,180.5,0.1,4,269.34,20 / 20,47210,2019-09-06 19:20:52:953,-0.0715,-0.244,9.6923,-0.002,-0.0008,9.8066,0.0024,0.0008,0.0092,2.13,-31,20.69,50,-84.97,-141.23
52.421345,-1.534866,180.5,0.1,4,269.34,20 / 20,47310,2019-09-06 19:20:53:053,-0.0849,-0.2012,9.9274,-0.002,-0.0009,9.8066,0.0005,-0.0246,-0.0227,2.44,-31.44,21.94,49.71,-84.95,-141.01
52.421345,-1.534866,180.5,0.1,4,269.34,20 / 20,47409,2019-09-06 19:20:53:152,-0.0096,-0.0134,9.9556,0.0008,0.0056,9.8066,-0.038,0.0116,0.007,2.06,-31.44,21.25,50.14,-84.98,-141.09
52.421345,-1.534866,180.5,0.1,4,269.34,20 / 20,47510,2019-09-06 19:20:53:253,-0.0631,0.0733,9.7826,0.0009,0.002,9.8066,0.0302,-0.0324,-0.0161,2.31,-32,20.94,50.65,-84.97,-140.82
52.421345,-1.534866,180.5,0.1,4,269.34,20 / 20,47609,2019-09-06 19:20:53:352,-0.0161,-0.3039,9.6453,-0.0016,-0.0001,9.8066,0.0025,0.0054,0.0087,2.25,-31.69,21.38,50.83,-84.96,-140.66
52.421345,-1.534866,180.5,0.1,4,269.34,20 / 20,47709,2019-09-06 19:20:53:452,-0.0192,-0.2286,9.9307,-0.0001,-0.0024,9.8065,-0.0197,-0.028,-0.0277,2.06,-31.37,21,50.56,-84.95,-140.74
52.421345,-1.534866,180.5,0.1,4,269.34,20 / 20,47810,2019-09-06 19:20:53:553,-0.0067,0.2778,10.1004,0.0004,0.0001,9.8066,-0.029,0.0038,0.025,2.38,-31.75,21.75,50.25,-84.96,-140.68
52.421345,-1.534866,180.5,0.1,4,269.34,20 / 20,47910,2019-09-06 19:20:53:653,0.0453,-0.0893,9.7603,-0.0017,0.0008,9.8066,0.0103,-0.0217,-0.0315,2.63,-31.25,21.75,52.95,-84.95,-140.56
52.421345,-1.534866,180.5,0.1,4,269.34,20 / 20,48010,2019-09-06 19:20:53:753,-0.0228,-0.3087,9.7093,-0.0006,-0.002,9.8066,-0.0113,0.0196,0.0229,2,-31.56,20.94,51,-84.97,-140.5
52.421345,-1.534866,180.5,0.1,4,269.34,20 / 20,48109,2019-09-06 19:20:53:852,-0.1089,0.3153,9.972,0.0016,-0.0057,9.8066,-0.0061,-0.0299,-0.0256,2,-31.44,21.25,50.35,-84.94,-140.94
52.421345,-1.534866,180.5,0.1,4,269.34,20 / 20,48210,2019-09-06 19:20:53:953,-0.0421,-0.1227,9.7784,0.0012,0.0063,9.8066,-0.0292,0.0297,0.014,2.25,-31.62,20.88,50.53,-84.93,-140.97
52.421345,-1.534866,180.5,0.1,4,269.34,20 / 20,48310,2019-09-06 19:20:54:053,-0.0867,0.1476,10.0385,0.0002,0.004,9.8066,0.0185,-0.0384,-0.0173,2.31,-31.44,21.13,50.66,-84.95,-140.65
52.421345,-1.534866,180.5,0.1,4,269.34,19 / 21,48410,2019-09-06 19:20:54:153,-0.1447,0.1784,9.7552,-0.0008,-0.0059,9.8065,0.0002,0.0244,-0.0043,2.13,-31,21.44,50.52,-84.94,-140.79
52.421345,-1.534866,180.5,0.1,4,269.34,19 / 21,48510,2019-09-06 19:20:54:253,-0.074,-0.0635,9.6211,-0.0027,-0.0061,9.8066,-0.0203,-0.0306,-0.0251,2.25,-31.75,20.88,50.83,-84.93,-140.7
52.421345,-1.534866,180.5,0.1,4,269.34,19 / 21,48610,2019-09-06 19:20:54:353,0.1382,-0.0603,9.9404,0.002,0.0046,9.8066,0.0079,0.0249,-0.0015,2.38,-31.94,20.81,51.03,-84.97,-140.47
52.421345,-1.534866,180.5,0.1,4,269.34,19 / 21,48710,2019-09-06 19:20:54:453,-0.0765,-0.0729,10.0066,0.0002,0.0035,9.8066,0.0282,-0.0333,-0.0256,1.94,-31.31,20.88,50.9,-84.95,-140.42
52.421345,-1.534866,180.5,0.1,4,269.34,19 / 21,48809,2019-09-06 19:20:54:552,-0.0659,0.1247,9.9562,-0.0003,-0.0035,9.8066,-0.0158,0.0087,0.014,2.44,-31.69,21.56,50.33,-84.94,-140.63
52.421345,-1.534866,180.5,0.1,4,269.34,19 / 21,48909,2019-09-06 19:20:54:652,0.1171,-0.1492,9.7573,0.0017,-0.0018,9.8065,0.0041,-0.0278,-0.0151,2.44,-31.69,21.63,50.4,-84.96,-140.55
52.421345,-1.534866,180.5,0.1,4,269.34,19 / 21,49010,2019-09-06 19:20:54:753,-0.0663,0.0342,9.8974,0.0015,0.002,9.8066,-0.0124,0.0246,0.0165,2.75,-31.62,20.44,54.53,-84.96,-140.62
52.421345,-1.534866,180.5,0.1,4,269.34,19 / 21,49109,2019-09-06 19:20:54:852,-0.0658,-0.1863,9.651,-0.0004,-0.0005,9.8066,0.0236,-0.0274,-0.0138,1.88,-31.37,20.5,50.63,-84.95,-140.66
52.421345,-1.534866,180.5,0.1,4,269.34,19 / 21,49210,2019-09-06 19:20:54:953,0.1191,-0.1199,9.6282,-0.0006,0.0015,9.8066,-0.0022,0.0342,0.0053,2.44,-31.75,21.13,50.73,-84.96,-140.76
52.421345,-1.534866,180.5,0.1,4,269.34,19 / 21,49315,2019-09-06 19:20:55:058,-0.0594,-0.1763,9.9573,0.0015,0.0041,9.8066,0.0002,-0.0321,-0.0144,2.38,-31.94,21.13,50.6,-84.93,-140.91
52.421345,-1.534866,180.5,0.1,4,269.34,19 / 20,49409,2019-09-06 19:20:55:152,0.1002,-0.1731,9.5846,0.0001,0.0049,9.8066,0,0.0349,0.0054,2.25,-31.37,21.56,49.97,-84.96,-140.77
52.421345,-1.534866,180.5,0.1,4,269.34,19 / 20,49510,2019-09-06 19:20:55:253,0.0122,-0.0147,9.7448,0.0002,-0.0049,9.8066,0.033,-0.0242,-0.0224,2.25,-31.37,21.31,50.22,-84.93,-141.07
52.421345,-1.534866,180.5,0.1,4,269.34,19 / 20,49610,2019-09-06 19:20:55:353,-0.0189,-0.1313,9.7176,-0.0001,0.0022,9.8066,-0.0189,0.0295,0.018,2.44,-31.69,21.44,50.53,-84.94,-140.97
52.421345,-1.534866,180.5,0.1,4,269.34,19 / 20,49710,2019-09-06 19:20:55:453,0.0278,0.0876,10.0565,-0.0007,0.0026,9.8066,0.003,-0.0174,-0.0195,2.31,-31.31,20.81,50.26,-84.93,-141.04
52.421345,-1.534866,180.5,0.1,4,269.34,19 / 20,49810,2019-09-06 19:20:55:553,-0.0603,0.1196,9.8982,0.0009,0.004,9.8066,-0.006,0.0238,0.0184,2.44,-31.12,20.69,50.53,-84.94,-140.78
52.421345,-1.534866,180.5,0.1,4,269.34,19 / 20,49910,2019-09-06 19:20:55:653,-0.0245,0.1113,9.821,0,-0.0018,9.8066,0.0191,-0.0262,-0.0184,2.13,-31.19,21,50.53,-84.93,-140.79
52.421345,-1.534866,180.5,0.1,4,269.34,19 / 20,50009,2019-09-06 19:20:55:752,0.0565,-0.1872,9.559,-0.001,-0.0056,9.8066,0.0051,0.0299,0.0079,2.63,-31.44,20.56,53.24,-84.91,-140.98
52.421345,-1.534866,180.5,0.1,4,269.34,19 / 20,50109,2019-09-06 19:20:55:852,-0.0131,-0.0455,9.8813,0.0003,0.0039,9.8066,0.0007,-0.0352,-0.02,2.13,-31.5,20.88,50.52,-84.92,-140.81
52.421345,-1.534866,180.5,0.1,4,269.34,19 / 20,50209,2019-09-06 19:20:55:952,0.0064,-0.328,9.8463,0.0008,0.0026,9.8066,0.016,0.0199,0.0157,1.81,-31.62,21.25,50.58,-84.92,-140.94
52.421345,-1.534866,180.5,0.1,4,269.34,19 / 20,50310,2019-09-06 19:20:56:053,-0.0918,0.2875,10.09,0.0002,-0.0032,9.8065,0.0191,-0.0235,-0.0263,2.5,-31.5,21.06,53.17,-84.92,-141.03
52.421345,-1.534866,180.5,0.1,4,269.34,21 / 21,50409,2019-09-06 19:20:56:152,0.0415,-0.308,9.8896,-0.0007,-0.002,9.8066,-0.0178,0.0113,0.0104,2.31,-31.87,21.38,50.57,-84.93,-140.93
52.421345,-1.534866,180.5,0.1,4,269.34,21 / 21,50510,2019-09-06 19:20:56:253,-0.0995,0.0691,9.8092,0.0011,0.0028,9.8066,0.0012,-0.0303,-0.0224,2.13,-30.94,21.19,50.3,-84.94,-140.99
52.421345,-1.534866,180.5,0.1,4,269.34,21 / 21,50610,2019-09-06 19:20:56:353,0.0429,-0.2281,9.7546,0.0002,0.0036,9.8066,-0.0022,0.0185,0.0068,2.25,-31.12,21.31,50.23,-84.94,-141.06
52.421345,-1.534866,180.5,0.1,4,269.34,21 / 21,50710,2019-09-06 19:20:56:453,0.0116,0.2409,9.9719,-0.0024,-0.0039,9.8066,0.0328,-0.0342,-0.0129,2.06,-32.06,20.81,50.42,-84.95,-141.05
52.421345,-1.534866,180.5,0.1,4,269.34,21 / 21,50809,2019-09-06 19:20:56:552,0.0204,-0.0163,9.5814,-0.0005,0.0034,9.8066,-0.0008,0.0291,0.0013,2.56,-31.5,21.13,52.93,-84.94,-141.22
52.421345,-1.534866,180.5,0.1,4,269.34,21 / 21,50911,2019-09-06 19:20:56:654,-0.0254,-0.2887,9.6889,0.0014,0.004,9.8066,-0.0097,-0.0323,-0.0184,2.94,-30.94,20.94,53.03,-84.96,-141.11
52.421345,-1.534866,180.5,0.1,4,269.34,21 / 21,51010,2019-09-06 19:20:56:753,0.0368,-0.2806,9.8485,-0.0007,-0.0039,9.8066,0.0086,0.0249,0.0092,2.25,-31.44,20.63,50.04,-84.94,-141.23
52.421345,-1.534866,180.5,0.1,4,269.34,21 / 21,51110,2019-09-06 19:20:56:853,-0.0406,-0.1619,9.9578,-0.0007,0.0018,9.8066,0.0278,-0.0209,-0.0206,2.31,-31.37,21.44,49.91,-84.94,-141.34
52.421345,-1.534866,180.5,0.1,4,269.34,21 / 21,51210,2019-09-06 19:20:56:953,0.006,0.171,10.0325,-0.0001,0.0029,9.8066,-0.0069,0.028,0.0173,2.13,-31.69,20.88,50.19,-84.94,-141.27
52.421345,-1.534866,180.5,0.1,4,269.34,20 / 20,51309,2019-09-06 19:20:57:052,-0.1151,-0.0242,9.74,0,0.0052,9.8066,0.0041,-0.0123,-0.0178,2,-31.62,20.94,50.38,-84.95,-141.09
52.421345,-1.534866,180.5,0.1,4,269.34,20 / 20,51410,2019-09-06 19:20:57:153,0.0299,-0.2869,9.7762,-0.0006,-0.0052,9.8066,-0.0196,0.0259,0.0176,2.31,-31.56,21.19,50.27,-84.94,-141.2
52.421345,-1.534866,180.5,0.1,4,269.34,20 / 20,51509,2019-09-06 19:20:57:252,-0.0209,-0.083,9.8078,-0.0007,-0.003,9.8066,0.0284,-0.0198,-0.0109,2.63,-31.5,21.13,53.08,-84.94,-141.09
52.421345,-1.534866,180.5,0.1,4,269.34,20 / 20,51610,2019-09-06 19:20:57:353,0.0607,0.2292,10.1354,-0.0005,0.0035,9.8066,-0.0144,0.021,0.0135,2.13,-30.87,20.94,50.23,-84.94,-141.05
52.421345,-1.534866,180.5,0.1,4,269.34,20 / 20,51709,2019-09-06 19:20:57:452,-0.0188,-0.0104,9.8404,0.0019,0.0051,9.8066,-0.022,-0.0135,0.0013,2.31,-32.19,21,50.62,-84.96,-140.86
52.421345,-1.534866,180.5,0.1,4,269.34,20 / 20,51809,2019-09-06 19:20:57:552,0.0302,-0.3123,9.8996,-0.0021,-0.0035,9.8066,-0.0134,0.0412,0.0147,2.69,-31.56,21.81,52.76,-84.96,-140.91
52.421345,-1.534866,180.5,0.1,4,269.34,20 / 20,51909,2019-09-06 19:20:57:652,-0.0588,0.0636,9.6729,-0.0001,-0.0031,9.8066,0.0011,-0.0234,-0.0063,2.19,-32.06,21.31,50.47,-84.95,-141.01
52.421345,-1.534866,180.5,0.1,4,269.34,20 / 20,52010,2019-09-06 19:20:57:753,-0.05,0.1106,10.0029,0.0003,0.0043,9.8066,0.0009,0.023,0.0233,2.19,-31.94,21.69,50.21,-84.96,-140.72
52.421345,-1.534866,180.5,0.1,4,269.34,20 / 20,52110,2019-09-06 19:20:57:853,-0.033,-0.3695,9.7001,0.0007,0.0039,9.8066,-0.0336,-0.0206,-0.0117,1.88,-32.12,20.94,50.75,-84.96,-140.73
52.421345,-1.534866,180.5,0.1,4,269.34,20 / 20,52209,2019-09-06 19:20:57:952,-0.1036,0.0572,10.0667,0.0014,-0.0024,9.8066,-0.0243,0.0224,0.0251,2.44,-31.69,21.19,50.77,-84.95,-140.73
52.421345,-1.534866,180.5,0.1,4,269.34,20 / 20,52309,2019-09-06 19:20:58:052,0.0404,0.2842,9.8912,-0.0019,-0.0023,9.8066,0.0149,-0.0197,-0.0157,2.56,-31.62,21.06,53.78,-84.97,-140.6
52.421345,-1.534866,180.5,0.1,4,269.34,19 / 21,52410,2019-09-06 19:20:58:153,-0.0838,-0.1975,9.6389,0.0014,0.0028,9.8066,-0.0097,0.0284,0.0156,2.06,-31.69,20.75,51,-84.98,-140.49
52.421345,-1.534866,180.5,0.1,4,269.34,19 / 21,52510,2019-09-06 19:20:58:253,-0.0191,-0.15,9.8763,0.0005,-0.0022,9.8066,-0.0206,-0.0266,-0.0137,2.06,-31.5,21.13,50.82,-84.97,-140.47
52.421345,-1.534866,180.5,0.1,4,269.34,19 / 21,52609,2019-09-06 19:20:58:352,0.0174,0.1068,10.0753,-0.0007,-0.0035,9.8066,-0.0082,0.039,0.0253,2.31,-31.37,21.06,50.7,-84.98,-140.57
52.421345,-1.534866,180.5,0.1,4,269.34,19 / 21,52710,2019-09-06 19:20:58:453,0.0264,0.174,10.1469,0.0005,-0.0016,9.8066,-0.0024,-0.0168,-0.0033,2.06,-32.19,20.88,50.64,-84.98,-140.82
52.421345,-1.534866,180.5,0.1,4,269.34,19 / 21,52809,2019-09-06 19:20:58:552,-0.0174,0.0812,9.9121,0.0003,0.0024,9.8066,0.0063,0.0268,0.0249,2.63,-31.25,20.94,53.35,-84.98,-140.79
52.421345,-1.534866,180.5,0.1,4,269.34,19 / 21,52910,2019-09-06 19:20:58:653,-0.1278,-0.2221,9.6137,-0.0015,-0.0043,9.8066,-0.0415,-0.0011,0.0015,2.19,-31.56,21.25,50.65,-85,-140.78
52.421345,-1.534866,180.5,0.1,4,269.34,19 / 21,53010,2019-09-06 19:20:58:753,-0.0978,0.1997,9.8171,0.001,-0.0019,9.8065,-0.0002,0.0183,0.0175,2.44,-31.19,20.69,50.22,-84.98,-141
52.421345,-1.534866,180.5,0.1,4,269.34,19 / 21,53110,2019-09-06 19:20:58:853,0.0526,0.1553,10.063,-0.0015,-0.0024,9.8066,-0.0004,0.006,0.0041,2.94,-32,20.56,53.23,-84.99,-141.08
52.421345,-1.534866,180.5,0.1,4,269.34,19 / 21,53210,2019-09-06 19:20:58:953,0.0431,-0.1587,9.5553,0.0011,0.0003,9.8066,0.0027,0.0309,0.0099,2.06,-31.69,20.75,50.51,-85,-140.91
52.421345,-1.534866,180.5,0.1,4,269.34,19 / 21,53310,2019-09-06 19:20:59:053,-0.1006,0.2797,10.043,0.0003,-0.0001,9.8066,-0.0268,-0.0023,0.0121,2.69,-31.62,20.94,53.39,-85,-140.91
52.421345,-1.534866,180.5,0.1,4,269.34,20 / 21,53409,2019-09-06 19:20:59:152,0.0533,-0.1801,9.9634,-0.0004,-0.0026,9.8066,0.009,0.0312,0.0116,2.25,-31.5,21.5,49.29,-85,-141.34
52.421345,-1.534866,180.5,0.1,4,269.34,20 / 21,53510,2019-09-06 19:20:59:253,0.0514,-0.0648,10.0016,0.0007,0.0042,9.8066,-0.0035,-0.0108,0.0039,2.5,-31.56,20.63,52.74,-85.01,-141.5
52.421345,-1.534866,180.5,0.1,4,269.34,20 / 21,53609,2019-09-06 19:20:59:352,-0.0541,0.1289,9.9171,-0.0008,-0.0048,9.8066,0,0.0177,0.0164,2.63,-32.06,20.5,52.9,-85.02,-141.35
52.421345,-1.534866,180.5,0.1,4,269.34,20 / 21,53709,2019-09-06 19:20:59:452,-0.0194,0.1549,9.8462,-0.0013,-0.0033,9.8066,-0.0281,-0.006,-0.0088,2.13,-31.75,20.94,49.79,-84.99,-141.57
52.421345,-1.534866,180.5,0.1,4,269.34,20 / 21,53810,2019-09-06 19:20:59:553,0.0598,-0.0982,9.6146,-0.0003,-0.004,9.8066,-0.0075,0.0219,0.0193,2.19,-31.62,21.38,49.76,-85,-141.59
52.421345,-1.534866,180.5,0.1,4,269.34,20 / 21,53910,2019-09-06 19:20:59:653,-0.0591,-0.0378,9.9383,0.0003,0.0049,9.8066,0.0039,-0.02,-0.017,2.63,-31.37,21.06,52.6,-84.99,-141.47
52.421345,-1.534866,180.5,0.1,4,269.34,20 / 21,54009,2019-09-06 19:20:59:752,-0.1094,-0.0553,9.7334,0.001,0.0035,9.8066,-0.0138,0.0275,0.0163,2.63,-31.69,21.06,53.02,-85.02,-141.24
52.421345,-1.534866,180.5,0.1,4,269.34,20 / 21,54109,2019-09-06 19:20:59:852,-0.0917,0.1004,10.0567,-0.0002,-0.0029,9.8066,-0.0188,-0.0244,-0.0112,1.88,-31.62,21.25,50.27,-85.01,-141.11
52.421345,-1.534866,180.5,0.1,4,269.34,20 / 21,54210,2019-09-06 19:20:59:953,-0.0111,0.1003,10.0646,-0.0017,-0.005,9.8066,-0.029,0.0335,0.0095,2.44,-31.87,20.44,50.73,-85,-141.27
52.421345,-1.534866,180.5,0.1,4,269.34,20 / 21,54310,2019-09-06 19:21:00:053,0.1199,-0.1163,9.6021,0.0012,0.0018,9.8066,0.0328,-0.0401,-0.0094,2.75,-30.75,20.56,52.92,-85.01,-141.15
52.421345,-1.534866,180.5,0.1,4,269.34,19 / 20,54410,2019-09-06 19:21:00:153,-0.13,0.2878,10.0092,-0.0012,0.0015,9.8066,0.0069,0.0118,0.0086,2.38,-31.5,21.5,49.6,-85.01,-141.05
52.421345,-1.534866,180.5,0.1,4,269.34,19 / 20,54510,2019-09-06 19:21:00:253,-0.0202,-0.0417,9.7381,0.0016,0.0057,9.8066,-0.0217,-0.0351,-0.0188,2.25,-31.5,20.88,49.41,-85,-141.73
52.421345,-1.534866,180.5,0.1,4,269.34,19 / 20,54610,2019-09-06 19:21:00:353,0.0514,0.1328,10.0434,0.0012,0.0063,9.8066,-0.0326,0.001,0.0154,2.25,-31.81,21.31,49.78,-85.03,-141.54
52.421345,-1.534866,180.5,0.1,4,269.34,19 / 20,54709,2019-09-06 19:21:00:452,-0.0474,0.036,9.9315,0.0011,0.0052,9.8066,0.0317,-0.0264,-0.0239,2.38,-31.12,21.06,49.65,-85.03,-141.47
52.421345,-1.534866,180.5,0.1,4,269.34,19 / 20,54810,2019-09-06 19:21:00:553,-0.0955,-0.1091,9.6821,-0.0017,-0.0047,9.8066,-0.0054,0.0002,0.0149,2.81,-31.31,20.75,52.53,-85.03,-141.48
52.421345,-1.534866,180.5,0.1,4,269.34,19 / 20,54910,2019-09-06 19:21:00:653,0.1419,-0.126,9.8214,0.0002,0.0041,9.8066,-0.0026,-0.0311,-0.0154,2.63,-31.87,21.06,52.7,-85.01,-141.54
52.421345,-1.534866,180.5,0.1,4,269.34,19 / 20,55009,2019-09-06 19:21:00:752,-0.0342,0.1752,10.1167,0.0008,0.0056,9.8065,-0.0309,0.022,0.0068,2.56,-31.5,21,52.8,-85.02,-141.24
52.421345,-1.534866,180.5,0.1,4,269.34,19 / 20,55109,2019-09-06 19:21:00:852,0.08,-0.0965,9.5732,0.0008,0.0037,9.8066,0.0273,-0.0283,-0.0204,2.56,-31.5,20.94,52.5,-85.01,-141.53
52.421345,-1.534866,180.5,0.1,4,269.34,19 / 20,55210,2019-09-06 19:21:00:953,-0.0135,-0.1783,9.925,-0.0004,-0.0015,9.8066,-0.005,0.0224,0.0192,2.56,-31.69,20.56,52.87,-85.02,-141.37
52.421345,-1.534866,180.5,0.1,4,269.34,19 / 20,55309,2019-09-06 19:21:01:052,-0.0566,-0.1349,9.8447,0.0001,-0.0002,9.8065,-0.0206,-0.0296,-0.0241,2.44,-31.5,21,49.81,-85.03,-141.32
52.421345,-1.534866,180.5,0.1,4,269.34,19 / 20,55409,2019-09-06 19:21:01:152,-0.0596,0.1393,9.7711,-0.0009,0.0026,9.8066,-0.0227,0.0284,0.0325,2.44,-31.75,21.38,50.17,-85.03,-141.18
52.421345,-1.534866,180.5,0.1,4,269.34,19 / 20,55510,2019-09-06 19:21:01:253,-0.0414,-0.3002,9.6064,-0.0003,-0.003,9.8066,0.0124,-0.0208,-0.0185,2.13,-31.69,20.94,50.06,-85.03,-141.29
52.421345,-1.534866,180.5,0.1,4,269.34,19 / 20,55609,2019-09-06 19:21:01:352,-0.0229,-0.3081,9.8812,-0.0008,-0.0022,9.8066,0.001,-0.0111,-0.0166,2.81,-31.75,20.69,53.08,-85.03,-141.17
52.421345,-1.534866,180.5,0.1,4,269.34,19 / 20,55710,2019-09-06 19:21:01:453,0.1172,-0.1194,9.9285,0.0011,0.0029,9.8066,-0.0191,-0.0251,-0.0041,2.13,-31.81,20.94,50.23,-85.04,-141.11
52.421345,-1.534866,180.5,0.1,4,269.34,19 / 20,55809,2019-09-06 19:21:01:552,-0.0445,0.0957,10.0479,0.0005,0.0029,9.8066,0.0208,-0.0075,-0.0147,2.44,-31.69,20.75,50.27,-85.05,-141.07
52.421345,-1.534866,180.5,0.1,4,269.34,19 / 20,55910,2019-09-06 19:21:01:653,-0.0009,-0.2725,9.7252,-0.0016,-0.0031,9.8066,0.0093,-0.0297,-0.0031,2.31,-31.69,20.75,50.23,-85.02,-141.13
52.421345,-1.534866,180.5,0.1,4,269.34,19 / 20,56010,2019-09-06 19:21:01:753,-0.0823,0.047,10.0835,-0.0004,-0.0023,9.8066,0.0101,0.0045,-0.0106,2.69,-31.06,21.13,52.86,-85.03,-141.19
52.421345,-1.534866,180.5,0.1,4,269.34,19 / 20,56110,2019-09-06 19:21:01:853,-0.0585,0.1017,10.0761,0.001,0.0012,9.8066,-0.0276,-0.0219,-0.0177,2.56,-31.44,20.69,52.89,-85.04,-141.14
52.421345,-1.534866,180.5,0.1,4,269.34,19 / 20,56209,2019-09-06 19:21:01:952,-0.1462,0.1313,9.9144,-0.003,0.0047,9.8066,0.0256,0.0021,-0.0005,2.13,-31.94,20.25,51.12,-85.03,-140.88
52.421345,-1.534866,180.5,0.1,4,269.34,19 / 20,56309,2019-09-06 19:21:02:052,0.014,-0.254,9.673,0.0002,0.0035,9.8066,0.0151,-0.0152,-0.0213,2.25,-32,20.63,50.55,-85.02,-140.84
52.421345,-1.534866,180.5,0.1,4,269.34,19 / 20,56410,2019-09-06 19:21:02:153,0.0502,-0.2455,9.932,-0.0007,-0.0028,9.8066,0.0027,-0.0005,0.0043,1.81,-31.81,21.06,50.63,-85.03,-140.76
52.421345,-1.534866,180.5,0.1,4,269.34,19 / 20,56510,2019-09-06 19:21:02:253,0.0622,-0.1416,9.6222,0,-0.0027,9.8066,-0.0193,-0.0279,-0.0179,2.63,-31.25,21.25,53.25,-85.02,-140.83
52.421345,-1.534866,180.5,0.1,4,269.34,19 / 20,56610,2019-09-06 19:21:02:353,0.0038,-0.295,9.7199,0.0007,0.0013,9.8066,0.016,0.0097,-0.0024,1.56,-31.94,20.88,50.44,-85.02,-140.95
52.421345,-1.534866,180.5,0.1,4,269.34,19 / 20,56710,2019-09-06 19:21:02:453,0.0323,-0.1081,10.013,0.0008,0.0005,9.8066,0.0187,-0.0353,-0.0151,2.5,-31.56,20.56,53.2,-85.03,-141.06
52.421345,-1.534866,180.5,0.1,4,269.34,19 / 20,56810,2019-09-06 19:21:02:553,-0.0086,-0.0509,9.5991,0,-0.0014,9.8066,-0.0014,0.0169,-0.0067,2.5,-32.12,21.81,52.52,-85.02,-141.05
52.421345,-1.534866,180.5,0.1,4,269.34,19 / 20,56909,2019-09-06 19:21:02:652,-0.0106,0.1421,10.0841,-0.0006,-0.0008,9.8066,-0.0162,-0.0325,-0.0199,2.06,-31.25,21.25,50.05,-85.03,-141.12
52.421345,-1.534866,180.5,0.1,4,269.34,19 / 20,57009,2019-09-06 19:21:02:752,-0.1403,0.1064,9.8864,0.001,-0.0021,9.8066,0.0215,0.0184,0.0068,2.06,-32,21.31,50.32,-85.03,-141.04
52.421345,-1.534866,180.5,0.1,4,269.34,19 / 20,57109,2019-09-06 19:21:02:852,0.0258,-0.2702,9.6947,-0.0011,-0.0024,9.8065,0.0225,-0.0271,-0.0287,2.69,-31.94,21.06,53,-85.02,-141.25
52.421345,-1.534866,180.5,0.1,4,269.34,19 / 20,57209,2019-09-06 19:21:02:952,-0.0231,-0.0357,9.9291,-0.0001,0.0007,9.8066,0.0046,0.0096,0.0076,2.63,-31.87,20.56,53.15,-85.04,-141.09
52.421345,-1.534866,180.5,0.1,4,269.34,19 / 20,57309,2019-09-06 19:21:03:052,-0.0175,0.2962,10.1065,-0.0004,0.0036,9.8066,-0.0031,-0.0324,-0.0203,2.63,-31.81,20.81,53.28,-85.04,-140.97
52.421345,-1.534866,180.5,0.1,4,269.34,19 / 20,57409,2019-09-06 19:21:03:152,0.0377,-0.2521,9.6846,-0.0006,-0.0028,9.8066,0.0062,0.0164,0.0016,2.44,-32.06,21.19,50.21,-85.03,-141.14
52.421345,-1.534866,180.5,0.1,4,269.34,19 / 20,57509,2019-09-06 19:21:03:252,0.0052,0.2615,10.0242,0.0005,-0.0013,9.8066,0.0183,-0.0377,-0.0181,2.19,-31.81,21.06,50.3,-85.04,-141.05
52.421345,-1.534866,180.5,0.1,4,269.34,19 / 20,57610,2019-09-06 19:21:03:353,-0.0558,-0.0547,9.6414,-0.0009,0.0015,9.8066,0.006,0.0216,-0.0062,2.44,-31.37,20.94,50.17,-85.04,-140.99
52.421345,-1.534866,180.5,0.1,4,269.34,19 / 20,57710,2019-09-06 19:21:03:453,-0.0178,-0.1729,9.6859,0.0011,-0.0001,9.8066,-0.02,-0.0297,-0.0197,2.06,-31.81,21.13,50.29,-85.04,-141.06
52.421345,-1.534866,180.5,0.1,4,269.34,19 / 20,57809,2019-09-06 19:21:03:552,-0.0292,-0.374,9.7216,-0.0006,-0.0022,9.8066,0.0275,0.0032,-0.0001,2.19,-32.06,21.06,50.25,-85.04,-141.09
52.421345,-1.534866,180.5,0.1,4,269.34,19 / 20,57909,2019-09-06 19:21:03:652,-0.1259,0.0592,10.0694,-0.001,-0.0034,9.8066,0.0189,-0.0179,-0.0229,2.38,-31.69,21.31,50.15,-85.03,-141.2
52.421345,-1.534866,180.5,0.1,4,269.34,19 / 20,58010,2019-09-06 19:21:03:753,-0.0168,0.1299,10.1048,0,0.003,9.8066,0.0029,0.0029,0.0053,2.38,-31.94,21.81,49.76,-85.04,-141.05
52.421345,-1.534866,180.5,0.1,4,269.34,19 / 20,58110,2019-09-06 19:21:03:853,-0.1182,0.149,9.9028,0.0013,0.006,9.8066,-0.016,-0.0293,-0.0194,1.94,-31.75,20.63,50.39,-85.04,-140.97
52.421345,-1.534866,180.5,0.1,4,269.34,19 / 20,58209,2019-09-06 19:21:03:952,0.0419,-0.3012,9.6935,-0.0024,-0.0067,9.8066,0.006,0.0134,-0.0017,2.25,-31.25,21.56,49.66,-85.04,-140.96
52.421345,-1.534866,180.5,0.1,4,269.34,19 / 20,58309,2019-09-06 19:21:04:052,0.0438,0.2659,9.9996,0.0002,-0.0061,9.8065,0.0301,-0.0391,-0.014,2.31,-31.94,21.31,50.19,-85,-141.2
52.421345,-1.534866,180.5,0.1,4,269.34,19 / 20,58409,2019-09-06 19:21:04:152,-0.1748,0.2263,9.9636,-0.0009,0.0042,9.8066,-0.0083,0.0321,-0.0057,2.44,-31.37,20.63,50.27,-85.01,-140.93
52.421345,-1.534866,180.5,0.1,4,269.34,19 / 20,58510,2019-09-06 19:21:04:253,0.0067,-0.2251,9.6779,0.0016,0.0042,9.8066,-0.031,-0.0057,0.0058,2.44,-32,21.06,50.46,-85,-140.95
52.421345,-1.534866,180.5,0.1,4,269.34,19 / 20,58609,2019-09-06 19:21:04:352,0.0306,0.1558,10.043,-0.0024,-0.0047,9.8066,-0.0069,0.0266,0.0101,2.31,-31.44,21.19,50.25,-85.01,-140.95
52.421345,-1.534866,180.5,0.1,4,269.34,19 / 20,58710,2019-09-06 19:21:04:453,0.0319,-0.1968,9.6389,0.0008,0.0035,9.8066,-0.0101,-0.0126,-0.0045,2.13,-31.87,21.19,50.47,-84.98,-140.96
52.421345,-1.534866,180.5,0.1,4,269.34,19 / 20,58810,2019-09-06 19:21:04:553,0.0091,0.0461,10.0008,0.0001,0.006,9.8066,-0.0124,0.0324,0.0204,2.56,-31.69,21.06,53.68,-85.01,-140.64
52.421345,-1.534866,180.5,0.1,4,269.34,19 / 20,58909,2019-09-06 19:21:04:652,0.0513,-0.0258,10.0119,0.0015,-0.0014,9.8066,-0.025,-0.0228,-0.0092,1.81,-31.69,21.25,50.52,-85.01,-140.89
52.421345,-1.534866,180.5,0.1,4,269.34,19 / 20,59009,2019-09-06 19:21:04:752,-0.0352,-0.1025,9.6386,0.0001,-0.002,9.8066,-0.0089,0.026,0.0234,2.56,-32.12,21.13,53.34,-85.01,-140.95
52.421345,-1.534866,180.5,0.1,4,269.34,19 / 20,59110,2019-09-06 19:21:04:853,-0.0512,0.0411,10.0697,0.0011,0.002,9.8066,0.0106,-0.0134,-0.0076,2.31,-31.75,21.13,50.6,-85.03,-140.79
52.421345,-1.534866,180.5,0.1,4,269.34,19 / 20,59210,2019-09-06 19:21:04:953,-0.1198,0.0886,9.8815,-0.0019,0.0034,9.8066,-0.0136,0.0372,0.0099,1.69,-31.81,21.13,50.67,-85.01,-140.75
52.421345,-1.534866,180.5,0.1,4,269.34,19 / 20,59309,2019-09-06 19:21:05:052,0.0864,-0.1416,9.6696,0.0009,0.001,9.8066,-0.0078,-0.0283,-0.0033,2.13,-31.75,20.75,50.65,-85.01,-140.77
52.421345,-1.534866,180.5,0.1,4,269.34,19 / 20,59410,2019-09-06 19:21:05:153,0.0335,0.1,10.0257,-0.002,-0.0018,9.8066,-0.0061,0.0378,0.0201,2.69,-31.25,21.5,52.63,-85,-140.8
52.421345,-1.534866,180.5,0.1,4,269.34,19 / 20,59510,2019-09-06 19:21:05:253,-0.0675,0.2324,10.1437,-0.0006,-0.0011,9.8066,0.0012,-0.0273,-0.0046,2.25,-31.5,21.19,50.53,-85.01,-140.7
52.421345,-1.534866,180.5,0.1,4,269.34,19 / 20,59609,2019-09-06 19:21:05:352,-0.0186,-0.2171,9.6561,-0.0017,0.0004,9.8066,0.0036,0.0337,0.0302,2.38,-31.62,21.38,50.74,-85,-140.69
52.421345,-1.534866,180.5,0.1,4,269.34,19 / 20,59710,2019-09-06 19:21:05:453,0.0168,-0.301,9.9353,-0.0006,-0.003,9.8066,-0.0252,-0.0033,-0.0003,2.44,-31.56,21,50.76,-85,-140.68
52.421345,-1.534866,180.5,0.1,4,269.34,19 / 20,59809,2019-09-06 19:21:05:552,-0.1036,0.2686,10.0673,0,-0.0008,9.8066,-0.0088,0.0225,0.013,2.31,-31.75,21.19,50.54,-84.99,-140.88
52.421345,-1.534866,180.5,0.1,4,269.34,19 / 20,59910,2019-09-06 19:21:05:653,-0.1183,-0.1202,9.613,-0.0001,0.0004,9.8066,-0.0071,0.002,0.0007,2.38,-31.31,21.63,49.9,-84.98,-140.81
52.421345,-1.534866,180.5,0.1,4,269.34,19 / 20,60009,2019-09-06 19:21:05:752,-0.1418,0.1768,10.084,0.0022,-0.0002,9.8066,0.0019,0.0292,0.0058,2.25,-31.56,21.31,50.67,-84.98,-140.79
52.421345,-1.534866,180.5,0.1,4,269.34,19 / 20,60110,2019-09-06 19:21:05:853,-0.113,0.2983,9.9742,-0.0005,-0.0003,9.8065,-0.0315,0.0025,0.0097,2.13,-31.69,20.94,50.43,-84.98,-141
52.421345,-1.534866,180.5,0.1,4,269.34,19 / 20,60210,2019-09-06 19:21:05:953,-0.0705,0.0568,9.6564,0.0003,-0.0008,9.8066,0.004,0.0316,0.0097,2,-31.81,21.06,50.39,-84.99,-141.04
52.421345,-1.534866,180.5,0.1,4,269.34,19 / 20,60310,2019-09-06 19:21:06:053,0.113,-0.2583,9.7617,0.0014,-0.0001,9.8066,-0.0045,-0.0066,0.0008,2.5,-31.5,20.81,53.14,-84.98,-140.97
52.421345,-1.534866,180.5,0.1,4,269.34,19 / 20,60410,2019-09-06 19:21:06:153,-0.0469,0.0408,9.8534,0.0006,-0.0004,9.8066,-0.001,0.0194,0.0215,2.69,-31.37,21,53.01,-84.99,-141.09
52.421345,-1.534866,180.5,0.1,4,269.34,19 / 20,60510,2019-09-06 19:21:06:253,0.0333,-0.1713,9.9131,-0.0014,-0.0025,9.8066,-0.0185,-0.0113,-0.0065,2.44,-31.69,21.25,50.12,-84.99,-141.28
52.421345,-1.534866,180.5,0.1,4,269.34,19 / 20,60609,2019-09-06 19:21:06:352,0.0892,-0.0613,9.9969,-0.0002,-0.0041,9.8066,-0.0021,0.0187,0.0253,2.31,-31.56,20.94,50.04,-84.97,-141.38
52.421345,-1.534866,180.5,0.1,4,269.34,19 / 20,60710,2019-09-06 19:21:06:453,-0.0219,-0.0735,9.7271,0,0.0052,9.8066,0.011,-0.0123,-0.0075,2.75,-31.25,21.06,53.06,-84.99,-141.05
52.421345,-1.534866,180.5,0.1,4,269.34,19 / 20,60809,2019-09-06 19:21:06:552,0.0003,-0.2486,9.8662,0.0009,0.003,9.8066,0.0001,0.0235,0.0127,2.25,-31.69,21.25,50.37,-84.99,-141.06
52.421345,-1.534866,180.5,0.1,4,269.34,19 / 20,60909,2019-09-06 19:21:06:652,-0.1668,0.1545,10.0296,-0.0001,-0.0013,9.8066,-0.0065,-0.0267,-0.0141,2.38,-31.44,21.06,50.39,-84.98,-140.86
52.421345,-1.534866,180.5,0.1,4,269.34,19 / 20,61010,2019-09-06 19:21:06:753,-0.0098,0.2099,10.0661,-0.0013,-0.0037,9.8066,-0.0188,0.0223,0.0071,2.06,-31.56,21.25,50.5,-84.98,-140.94
52.421345,-1.534866,180.5,0.1,4,269.34,19 / 20,61109,2019-09-06 19:21:06:852,-0.1665,-0.1281,9.7032,0.0021,0.0021,9.8066,0.023,-0.0427,-0.0132,2,-31.62,21.31,50.64,-84.98,-140.8
52.421345,-1.534866,180.5,0.1,4,269.34,19 / 20,61210,2019-09-06 19:21:06:953,-0.0072,-0.2732,9.6966,-0.0009,0.001,9.8066,-0.011,0.0193,0.0117,1.94,-31.75,21.44,50.69,-84.99,-140.75
52.421345,-1.534866,180.5,0.1,4,269.34,19 / 20,61309,2019-09-06 19:21:07:052,-0.0335,-0.1648,9.7619,0.0002,-0.0007,9.8066,-0.0052,-0.0338,-0.0211,2.69,-31.37,21.19,53.37,-84.99,-140.76
52.421345,-1.534866,180.5,0.1,4,269.34,19 / 20,61410,2019-09-06 19:21:07:153,0.0822,0.1071,10.0665,-0.0002,0.0004,9.8066,-0.0238,0.0147,0.0184,1.75,-31.75,21.06,50.72,-84.98,-140.74
52.421345,-1.534866,180.5,0.1,4,269.34,19 / 20,61509,2019-09-06 19:21:07:252,-0.0341,0.116,9.9289,-0.0004,-0.0007,9.8066,0.0159,-0.022,-0.025,2.75,-31.69,20.94,53.55,-84.98,-140.8
52.421345,-1.534866,180.5,0.1,4,269.34,19 / 20,61609,2019-09-06 19:21:07:352,0.0486,0.2245,9.8837,0.0004,-0.0008,9.8065,0.0141,-0.0055,0.0076,2.25,-32.25,21.56,50.14,-84.98,-140.76
52.421345,-1.534866,180.5,0.1,4,269.34,19 / 20,61709,2019-09-06 19:21:07:452,0.1275,0.0938,9.5981,-0.0012,0.0014,9.8066,-0.0368,-0.0218,-0.0187,2.63,-31.5,20.94,53.57,-84.97,-140.59
52.421345,-1.534866,180.5,0.1,4,269.34,19 / 20,61809,2019-09-06 19:21:07:552,-0.0768,-0.118,9.6335,0.0004,0.0026,9.8066,0.0472,-0.0192,-0.0148,2,-31.62,21.19,50.93,-84.98,-140.55
52.421345,-1.534866,180.5,0.1,4,269.34,19 / 20,61910,2019-09-06 19:21:07:653,-0.0557,-0.1481,9.9642,-0.001,-0.001,9.8066,0.0025,-0.0156,-0.0035,2.63,-32.12,21.13,53.88,-84.96,-140.52
52.421345,-1.534866,180.5,0.1,4,269.34,19 / 20,62010,2019-09-06 19:21:07:753,-0.032,-0.1726,9.716,0,0,9.8066,-0.0003,0.0304,0.0168,2.13,-32.62,20.69,51.18,-84.96,-140.53
52.421345,-1.534866,180.5,0.1,4,269.34,19 / 20,62110,2019-09-06 19:21:07:853,0.0959,-0.1,10.0573,-0.0018,-0.0031,9.8066,-0.0359,0.0102,-0.0047,1.75,-32.5,20.75,51.04,-84.95,-140.48
52.421345,-1.534866,180.5,0.1,4,269.34,19 / 20,62209,2019-09-06 19:21:07:952,0.0711,-0.2526,9.8322,-0.0019,-0.0029,9.8065,0.0129,-0.047,-0.0354,2.06,-32.5,20.81,51.19,-84.93,-140.37
52.421345,-1.534866,180.5,0.1,4,269.34,19 / 20,62310,2019-09-06 19:21:08:053,-0.0985,0.121,10.1423,0.0011,0.0023,9.8066,0.0111,0.0335,0.04,2.25,-32.06,20.63,51.14,-84.93,-140.42
52.421345,-1.534866,180.5,0.1,4,269.34,18 / 20,62410,2019-09-06 19:21:08:153,-0.1174,-0.1379,9.6639,0.0017,0.0026,9.8066,-0.045,-0.0002,-0.002,1.88,-31.31,20.94,50.91,-84.94,-140.43
52.421345,-1.534866,180.5,0.1,4,269.34,18 / 20,62509,2019-09-06 19:21:08:252,0.0247,0.1388,9.6737,0.0005,-0.0019,9.8066,0.0053,0.0271,0.0242,1.5,-32.19,21.25,50.94,-84.93,-140.6
52.421345,-1.534866,180.5,0.1,4,269.34,18 / 20,62610,2019-09-06 19:21:08:353,-0.0254,0.0295,9.6025,-0.0008,-0.0048,9.8066,0.0043,0.0291,0.0283,1.63,-31.19,20.75,50.61,-84.92,-140.72
52.421345,-1.534866,180.5,0.1,4,269.34,18 / 20,62709,2019-09-06 19:21:08:452,-0.0285,0.2107,10.1428,0.0018,0.0053,9.8066,0.0119,0.0022,-0.0157,1.63,-31.87,20.81,51.01,-84.95,-140.51
52.421345,-1.534866,180.5,0.1,4,269.34,18 / 20,62809,2019-09-06 19:21:08:552,0.0615,-0.2241,9.6111,0.0012,0.0055,9.8066,-0.0164,0.0357,0.0332,1.56,-31.87,21.44,50.99,-84.95,-140.53
52.421345,-1.534866,180.5,0.1,4,269.34,18 / 20,62909,2019-09-06 19:21:08:652,0.0194,0.0231,10.0843,-0.0008,-0.0046,9.8066,0.0255,-0.0337,-0.0251,1.5,-31.62,21.25,50.59,-84.93,-140.92
52.421345,-1.534866,180.5,0.1,4,269.34,18 / 20,63010,2019-09-06 19:21:08:753,-0.1132,-0.0094,10.0834,-0.0001,-0.0054,9.8066,0.0086,0.0378,0.0074,2.13,-31.69,20.88,50.49,-84.93,-141.01
52.421345,-1.534866,180.5,0.1,4,269.34,18 / 20,63110,2019-09-06 19:21:08:853,-0.0254,0.1074,9.604,0.001,0.0053,9.8065,-0.016,-0.0375,-0.0236,2.25,-31.81,21.5,49.99,-84.92,-140.96
52.421345,-1.534866,180.5,0.1,4,269.34,18 / 20,63210,2019-09-06 19:21:08:953,0.0434,-0.0334,10.0777,-0.002,-0.0047,9.8066,0.0215,0.0214,0.0068,1.56,-31.56,21.19,50.61,-84.95,-140.88
52.421345,-1.534866,180.5,0.1,4,269.34,18 / 20,63309,2019-09-06 19:21:09:052,0.073,-0.1144,9.6948,0.0001,-0.0028,9.8066,0.0172,-0.0327,-0.032,1.44,-31.25,21.31,47.5,-84.95,-140.84
52.421345,-1.534866,180.5,0.1,4,269.34,19 / 20,63410,2019-09-06 19:21:09:153,0.0846,0.1112,10.0518,0,0.0052,9.8066,0.0054,0.0142,0.0155,2.31,-31.69,20.69,50.89,-84.95,-140.62
52.421345,-1.534866,180.5,0.1,4,269.34,19 / 20,63510,2019-09-06 19:21:09:253,-0.1388,0.0402,9.783,-0.0008,-0.0004,9.8066,-0.0046,-0.0215,-0.0131,2.38,-31.37,20.94,50.77,-84.95,-140.55
52.421345,-1.534866,180.5,0.1,4,269.34,19 / 20,63609,2019-09-06 19:21:09:352,0.0087,-0.2276,9.8805,-0.0002,-0.0005,9.8066,-0.003,0.0062,0.0178,2,-31.81,21.19,50.9,-84.95,-140.61
52.421345,-1.534866,180.5,0.1,4,269.34,19 / 20,63710,2019-09-06 19:21:09:453,-0.0099,-0.0209,9.7507,0.0013,0.0003,9.8066,0.0189,0.0177,0.0034,2,-31.44,21.38,50.84,-84.94,-140.49
52.421345,-1.534866,180.5,0.1,4,269.34,19 / 20,63810,2019-09-06 19:21:09:553,0.0218,0.3148,9.9497,-0.0008,0.0006,9.8066,0.0056,-0.0226,-0.0028,2.31,-31.56,21.88,50.46,-84.95,-140.5
52.421345,-1.534866,180.5,0.1,4,269.34,19 / 20,63909,2019-09-06 19:21:09:652,-0.0036,-0.0396,9.9373,0.001,-0.0009,9.8066,0.004,0.005,0.0087,2.25,-31.31,21.44,50.95,-84.94,-140.39
52.421345,-1.534866,180.5,0.1,4,269.34,19 / 20,64009,2019-09-06 19:21:09:752,0.0085,-0.0315,9.757,-0.0001,-0.0012,9.8066,-0.003,0.0055,-0.0003,1.94,-31.81,20.63,50.96,-84.94,-140.56
52.421345,-1.534866,180.5,0.1,4,269.34,19 / 20,64109,2019-09-06 19:21:09:852,0.0125,0.2446,9.8931,0.0013,-0.001,9.8066,0.0041,-0.0185,-0.0045,2.75,-31.25,21.31,53.54,-84.93,-140.67
52.421345,-1.534866,180.5,0.1,4,269.34,19 / 20,64210,2019-09-06 19:21:09:953,0.0968,-0.201,9.8491,-0.0012,-0.0014,9.8066,-0.0068,0.0073,0.0127,2,-31.56,20.75,50.74,-84.95,-140.76
52.421345,-1.534866,180.5,0.1,4,269.34,19 / 20,64309,2019-09-06 19:21:10:052,-0.0537,-0.0016,9.9364,-0.0009,-0.0022,9.8066,0.0208,0.0101,0.0122,1.69,-31.44,21.13,50.59,-84.92,-140.75
52.421345,-1.534866,180.5,0.1,4,269.34,19 / 20,64410,2019-09-06 19:21:10:153,-0.0779,0.1784,9.8452,0.0008,0.0022,9.8066,0.003,-0.0232,-0.0044,2.25,-30.87,20.81,50.69,-84.94,-140.62
52.421345,-1.534866,180.5,0.1,4,269.34,19 / 20,64510,2019-09-06 19:21:10:253,0.0719,-0.2167,9.8187,0.0007,0.0003,9.8066,0.0012,0.0109,0.0137,1.94,-31.19,21.5,50.09,-84.93,-140.68
52.421345,-1.534866,180.5,0.1,4,269.34,19 / 20,64609,2019-09-06 19:21:10:352,-0.0375,-0.0307,9.9456,-0.0001,-0.0022,9.8066,-0.0043,-0.005,-0.005,2.31,-31.62,20.81,50.62,-84.94,-140.89
52.421345,-1.534866,180.5,0.1,4,269.34,19 / 20,64709,2019-09-06 19:21:10:452,-0.063,0.2214,9.8715,-0.0007,0.0006,9.8066,-0.0094,-0.0188,0.0037,2.5,-31.44,21.06,53.38,-84.92,-140.83
52.421345,-1.534866,180.5,0.1,4,269.34,19 / 20,64809,2019-09-06 19:21:10:552,-0.0215,0.0441,10.0127,-0.0004,-0.0032,9.8066,0.0029,0.0192,0.0061,1.38,-32.06,20.75,47.5,-84.91,-141.06
52.421345,-1.534866,180.5,0.1,4,269.34,19 / 20,64910,2019-09-06 19:21:10:653,0.0329,0.2223,9.8082,0.0011,0.0035,9.8066,0.0079,-0.0096,-0.008,1.94,-31.44,21.19,50.29,-84.91,-141.03
52.421345,-1.534866,180.5,0.1,4,269.34,19 / 20,65010,2019-09-06 19:21:10:753,-0.1219,-0.0309,9.7423,-0.0001,0.0025,9.8066,-0.0158,0.0256,0.0045,1.69,-31.44,20.63,50.43,-84.93,-140.88
52.421345,-1.534866,180.5,0.1,4,269.34,19 / 20,65110,2019-09-06 19:21:10:853,-0.0089,-0.2605,9.8644,0.0002,-0.0027,9.8066,-0.0071,-0.0171,-0.0128,2.13,-31.87,21.06,50.77,-84.91,-140.78
52.421345,-1.534866,180.5,0.1,4,269.34,19 / 20,65210,2019-09-06 19:21:10:953,0.0828,0.1654,10.0182,-0.0011,-0.003,9.8066,-0.0248,0.0058,-0.009,1.81,-31.5,21.63,49.93,-84.92,-140.84
52.421345,-1.534866,180.5,0.1,4,269.34,19 / 20,65310,2019-09-06 19:21:11:053,-0.0796,0.224,9.9104,0.0045,-0.0004,9.8066,0.0258,-0.0153,-0.0048,1.81,-31.94,21.06,50.61,-84.91,-140.93
52.421345,-1.534866,180.5,0.1,4,269.34,19 / 19,65409,2019-09-06 19:21:11:152,0.0128,-0.2709,9.6855,-0.0004,0.0026,9.8066,0.002,-0.0164,-0.0142,1.81,-31.62,21.5,49.92,-84.92,-141.04
52.421345,-1.534866,180.5,0.1,4,269.34,19 / 19,65510,2019-09-06 19:21:11:253,0.0566,-0.0969,9.9285,-0.0019,-0.0026,9.8066,0.0054,-0.0018,0.0044,1.88,-31.12,21.06,50.28,-84.9,-141.05
52.421345,-1.534866,180.5,0.1,4,269.34,19 / 19,65609,2019-09-06 19:21:11:352,-0.1339,0.262,9.8431,-0.0008,-0.0033,9.8066,-0.004,-0.0145,-0.0083,1.88,-31.69,20.81,50.55,-84.9,-140.99
52.421345,-1.534866,180.5,0.1,4,269.34,19 / 19,65709,2019-09-06 19:21:11:452,-0.0426,-0.2266,9.7103,-0.001,0.0023,9.8066,-0.0029,0.0229,0.0103,2.25,-31.12,21,50.63,-84.9,-140.73
52.421345,-1.534866,180.5,0.1,4,269.34,19 / 19,65810,2019-09-06 19:21:11:553,0.0252,-0.1266,9.9726,-0.0005,-0.0012,9.8066,0.0315,-0.0209,-0.0066,2.13,-31.62,20.5,50.77,-84.91,-140.78
52.421345,-1.534866,180.5,0.1,4,269.34,19 / 19,65909,2019-09-06 19:21:11:652,-0.1511,0.2655,9.8672,-0.0007,0,9.8066,-0.0099,0.0321,0.0044,2.38,-31.37,21.06,50.69,-84.91,-140.66
52.421345,-1.534866,180.5,0.1,4,269.34,19 / 19,66010,2019-09-06 19:21:11:753,0.0084,0.0922,9.8128,-0.0006,0.0002,9.8066,0.0035,-0.0083,-0.0024,2.25,-31.37,20.44,51.3,-84.92,-140.65
52.421345,-1.534866,180.5,0.1,4,269.34,19 / 19,66109,2019-09-06 19:21:11:852,0.12,-0.1437,9.9674,0.0033,0.0001,9.8066,-0.0182,0.0307,0.0039,1.94,-31.44,21,50.58,-84.92,-140.75
52.421345,-1.534866,180.5,0.1,4,269.34,19 / 19,66210,2019-09-06 19:21:11:953,-0.1934,0.1727,9.919,0.0003,-0.0001,9.8066,0.0206,0.0106,0.0048,1.94,-31.94,21.38,50.62,-84.93,-140.89
52.421345,-1.534866,180.5,0.1,4,269.34,19 / 19,66309,2019-09-06 19:21:12:052,-0.0893,-0.0432,9.6236,0.0015,0.0003,9.8066,-0.0191,0.0016,-0.001,2.25,-31.75,21.25,50.66,-84.91,-140.87
52.421345,-1.534866,180.5,0.1,4,269.34,20 / 20,66410,2019-09-06 19:21:12:153,-0.0653,-0.3288,9.684,-0.0006,-0.0027,9.8066,-0.0044,0.0361,0.0055,1.63,-31.75,21.38,50.58,-84.93,-140.93
52.421345,-1.534866,180.5,0.1,4,269.34,20 / 20,66509,2019-09-06 19:21:12:252,0.0468,-0.2297,9.7427,0.0001,-0.0017,9.8066,-0.0155,-0.0183,0,2.5,-31.06,21.56,52.61,-84.93,-140.9
52.421345,-1.534866,180.5,0.1,4,269.34,20 / 20,66609,2019-09-06 19:21:12:352,-0.0262,0.248,9.8509,-0.0017,-0.0029,9.8066,-0.007,0.0316,0.0102,2.25,-31.37,21.31,50.32,-84.91,-141.01
52.421345,-1.534866,180.5,0.1,4,269.34,20 / 20,66710,2019-09-06 19:21:12:453,0.1559,-0.1461,9.9373,-0.0001,0.0049,9.8066,0.0177,-0.0367,-0.0084,2.13,-31.62,21.13,50.55,-84.91,-140.98
52.421345,-1.534866,180.5,0.1,4,269.34,20 / 20,66809,2019-09-06 19:21:12:552,0.0351,-0.187,9.7371,-0.0003,0.0043,9.8066,0.0027,0.0104,0.0123,1.75,-31.75,20.88,51.03,-84.92,-140.53
52.421345,-1.534866,180.5,0.1,4,269.34,20 / 20,66909,2019-09-06 19:21:12:652,0.0655,0.1643,9.9856,-0.0016,-0.0035,9.8066,-0.004,-0.0254,-0.0101,1.38,-32.06,20.88,48.07,-84.93,-140.52
52.421345,-1.534866,180.5,0.1,4,269.34,20 / 20,67009,2019-09-06 19:21:12:752,0.101,-0.2547,9.6597,-0.0012,-0.0012,9.8066,-0.026,-0.0182,0.0002,2.31,-31.25,20.94,50.97,-84.9,-140.41
52.421345,-1.534866,180.5,0.1,4,269.34,20 / 20,67110,2019-09-06 19:21:12:853,-0.0228,0.1012,9.9368,-0.0001,0.0022,9.8066,0.031,-0.0037,-0.0065,1.81,-31.87,21.31,51.08,-84.91,-140.5
52.421345,-1.534866,180.5,0.1,4,269.34,20 / 20,67210,2019-09-06 19:21:12:953,0.0165,-0.351,9.8918,0.0002,0.0008,9.8066,0.0184,-0.0397,-0.0094,2.25,-32,21.31,51.15,-84.91,-140.43
52.421345,-1.534866,180.5,0.1,4,269.34,20 / 20,67309,2019-09-06 19:21:13:052,-0.0854,0.1077,9.6923,-0.0008,-0.0034,9.8066,0.0012,0.0233,-0.0058,2.06,-31.56,21.31,50.97,-84.89,-140.62
52.421345,-1.534866,180.5,0.1,4,269.34,19 / 19,67409,2019-09-06 19:21:13:152,-0.0276,-0.1894,9.6737,0.0038,0.0042,9.8066,-0.0097,-0.0377,-0.0217,2.31,-31.31,21.44,50.9,-84.92,-140.46
52.421345,-1.534866,180.5,0.1,4,269.34,19 / 19,67509,2019-09-06 19:21:13:252,-0.13,-0.1745,9.6771,0.0007,0.0051,9.8066,0.0208,0.0228,0.0162,2,-31.62,20.88,51.22,-84.92,-140.36
52.421345,-1.534866,180.5,0.1,4,269.34,19 / 19,67610,2019-09-06 19:21:13:353,-0.0997,0.1593,10.0858,-0.0003,-0.0022,9.8066,0.0224,-0.0227,-0.0282,2,-31.19,21.19,50.96,-84.9,-140.43
52.421345,-1.534866,180.5,0.1,4,269.34,19 / 19,67709,2019-09-06 19:21:13:452,0.0206,0.239,10.1379,-0.0004,0.0026,9.8066,0.0043,0.0252,0.021,2.06,-32.12,21.38,51.11,-84.9,-140.48
52.421345,-1.534866,180.5,0.1,4,269.34,19 / 19,67810,2019-09-06 19:21:13:553,-0.1331,0.0691,9.8824,0.0017,0.0025,9.8066,0.0015,-0.0282,-0.0264,2,-31.81,20.75,51.18,-84.91,-140.4
52.421345,-1.534866,180.5,0.1,4,269.34,19 / 19,67909,2019-09-06 19:21:13:652,-0.0532,-0.2096,9.9258,0.0005,0.0025,9.8066,0.0092,0.0223,0.0137,2.38,-31.56,21.25,51.16,-84.9,-140.43
52.421345,-1.534866,180.5,0.1,4,269.34,19 / 19,68010,2019-09-06 19:21:13:753,-0.022,0.1436,9.7278,-0.0004,-0.0029,9.8066,0.0251,-0.0389,-0.0193,2.19,-31.75,20.94,50.93,-84.9,-140.64
52.421345,-1.534866,180.5,0.1,4,269.34,19 / 19,68110,2019-09-06 19:21:13:853,0.0944,-0.3243,9.5223,0.005,-0.0035,9.8066,0.0077,0.0375,0.011,1.94,-31.37,21.19,50.33,-84.91,-140.99
52.421345,-1.534866,180.5,0.1,4,269.34,19 / 19,68210,2019-09-06 19:21:13:953,-0.033,-0.1053,9.9649,-0.0056,0.005,9.8065,-0.0123,-0.0419,-0.0261,2.13,-31.44,20.75,50.8,-84.9,-140.57
52.421345,-1.534866,180.5,0.1,4,269.34,19 / 19,68309,2019-09-06 19:21:14:052,-0.1632,0.0093,9.7827,0.0015,0.0015,9.8066,0.0348,0.0161,0.0038,2.25,-31.94,21.38,50.92,-84.91,-140.64
52.421345,-1.534866,180.5,0.1,4,269.34,19 / 20,68409,2019-09-06 19:21:14:152,0.171,-0.3151,9.5361,0.0001,-0.0027,9.8066,0.013,-0.0304,-0.0296,2,-32.06,21,50.82,-84.9,-140.75
52.421345,-1.534866,180.5,0.1,4,269.34,19 / 20,68509,2019-09-06 19:21:14:252,-0.0243,-0.0542,10.0554,-0.0005,-0.0034,9.8066,0.0157,-0.0013,0.0042,1.44,-31.31,20.81,47.49,-84.89,-140.92
52.421345,-1.534866,180.5,0.1,4,269.34,19 / 20,68610,2019-09-06 19:21:14:353,-0.1553,0.0037,9.6934,0.0014,0.0004,9.8066,-0.0136,-0.0246,-0.0196,2.25,-31.5,21.25,50.43,-84.9,-140.92
52.421345,-1.534866,180.5,0.1,4,269.34,19 / 20,68710,2019-09-06 19:21:14:453,0.0169,-0.4465,9.6917,0.0031,-0.0069,9.8065,0.0265,0.0128,-0.0093,1.88,-31.56,20.81,49.95,-84.88,-141.56
52.421345,-1.534866,180.5,0.1,4,269.34,19 / 20,68809,2019-09-06 19:21:14:552,0.1174,0.0537,10.0917,-0.003,-0.0062,9.8066,-0.0054,0.0215,0.0145,2.25,-31.56,21.13,50,-84.87,-141.53
52.421345,-1.534866,180.5,0.1,4,269.34,19 / 20,68910,2019-09-06 19:21:14:653,0.1005,-0.0902,9.5723,0.0007,0.0047,9.8066,0.0103,0.0271,-0.0078,1.88,-31.62,20.88,50.11,-84.9,-141.4
52.421345,-1.534866,180.5,0.1,4,269.34,19 / 20,69009,2019-09-06 19:21:14:752,-0.05,0.2979,10.1217,0,0.0054,9.8066,-0.0285,0.0013,0.016,2.38,-31.81,21.56,49.62,-84.89,-141.34
52.421345,-1.534866,180.5,0.1,4,269.34,19 / 20,69109,2019-09-06 19:21:14:852,0.0067,-0.3609,9.717,-0.0025,-0.0044,9.8066,0.0131,0.0343,0.0109,1.56,-31.56,21.25,50.15,-84.89,-141.36
52.421345,-1.534866,180.5,0.1,4,269.34,19 / 20,69210,2019-09-06 19:21:14:953,-0.0663,0.2903,9.9177,0.0025,0.0033,9.8066,-0.0008,-0.0143,0.0081,2.31,-31.62,21.31,50.04,-84.88,-141.48
52.421345,-1.534866,180.5,0.1,4,269.34,19 / 20,69310,2019-09-06 19:21:15:053,-0.0572,-0.1338,9.8334,0.0007,0.0025,9.8066,0.0024,0.0222,0.0196,2.44,-31.5,21.13,49.77,-84.89,-141.54
52.421345,-1.534866,180.5,0.1,4,269.34,19 / 20,69409,2019-09-06 19:21:15:152,-0.1507,0.1001,9.8649,-0.0014,-0.0046,9.8066,-0.0399,-0.0119,-0.0076,2.19,-31.69,21.25,50.02,-84.86,-141.52
52.421345,-1.534866,180.5,0.1,4,269.34,19 / 20,69510,2019-09-06 19:21:15:253,0.0838,-0.2238,9.6351,-0.0011,-0.0071,9.8066,-0.0207,0.035,0.0242,1.81,-31.94,21.44,50,-84.86,-141.55
52.421345,-1.534866,180.5,0.1,4,269.34,19 / 20,69610,2019-09-06 19:21:15:353,-0.0258,0.1264,10.0556,0.0023,0.0064,9.8066,0.0093,-0.0171,-0.0182,2.38,-31.37,21.44,50.22,-84.87,-141.14
52.421345,-1.534866,180.5,0.1,4,269.34,19 / 20,69709,2019-09-06 19:21:15:452,-0.1151,0.2794,9.9979,-0.0025,-0.0048,9.8066,-0.0104,0.0288,0.0138,1.69,-31.37,21.13,50.2,-84.87,-141.15
52.421345,-1.534866,180.5,0.1,4,269.34,19 / 20,69810,2019-09-06 19:21:15:553,-0.129,0.2176,9.8423,0.0004,-0.0036,9.8066,-0.0194,-0.0266,-0.0057,1.69,-31.56,20.69,50.51,-84.87,-141.06
52.421345,-1.534866,180.5,0.1,4,269.34,19 / 20,69910,2019-09-06 19:21:15:653,-0.08,-0.0633,9.5969,0.0007,0.0049,9.8066,-0.0334,0.0327,0.0078,1.81,-31.5,21.19,50.28,-84.84,-141.12
52.421345,-1.534866,180.5,0.1,4,269.34,19 / 20,70009,2019-09-06 19:21:15:752,0.1578,-0.1506,9.9039,0.002,0.0042,9.8066,0.0145,-0.0482,-0.0161,2,-32.12,21,50.61,-84.88,-140.97
52.421345,-1.534866,180.5,0.1,4,269.34,19 / 20,70110,2019-09-06 19:21:15:853,0.0077,0.2936,10.084,-0.0003,-0.0033,9.8066,-0.0045,0.0241,0.025,2,-31.19,20.94,50.48,-84.88,-140.9
52.421345,-1.534866,180.5,0.1,4,269.34,19 / 20,70209,2019-09-06 19:21:15:952,0.1283,-0.1734,9.9939,-0.0025,-0.0038,9.8066,-0.0163,-0.0327,-0.0152,2.31,-31.69,21.25,50.7,-84.89,-140.87
52.421345,-1.534866,180.5,0.1,4,269.34,19 / 20,70325,2019-09-06 19:21:16:068,0.0382,0.1158,9.662,0.0025,0.0061,9.8066,0.0289,0.0009,-0.011,1.81,-31.56,20.63,50.8,-84.9,-140.76
52.421345,-1.534866,180.5,0.1,4,269.34,18 / 20,70410,2019-09-06 19:21:16:153,0.0192,-0.091,9.6469,-0.0002,0.0054,9.8066,0.0129,-0.0231,-0.0153,2.38,-31.5,21.19,50.72,-84.89,-140.66
52.421345,-1.534866,180.5,0.1,4,269.34,18 / 20,70510,2019-09-06 19:21:16:253,0.0297,-0.3175,9.6619,0,0.004,9.8066,-0.0081,0.0317,0.0204,1.94,-30.94,21.19,50.74,-84.89,-140.65
52.421345,-1.534866,180.5,0.1,4,269.34,18 / 20,70609,2019-09-06 19:21:16:352,-0.076,-0.1064,10.0493,0.0006,-0.0038,9.8066,-0.0285,-0.0247,-0.0118,1.44,-31.81,21.31,48.14,-84.88,-140.51
52.421345,-1.534866,180.5,0.1,4,269.34,18 / 20,70709,2019-09-06 19:21:16:452,-0.0602,0.0671,9.656,-0.0007,-0.0034,9.8066,-0.0029,0.0465,0.022,2.13,-32.37,21.44,50.77,-84.88,-140.82
52.421345,-1.534866,180.5,0.1,4,269.34,18 / 20,70809,2019-09-06 19:21:16:552,-0.1607,-0.0224,9.7475,0.0012,0.0044,9.8066,-0.0149,-0.0139,0.0049,1.94,-32.06,21.25,50.91,-84.91,-140.65
52.421345,-1.534866,180.5,0.1,4,269.34,18 / 20,70910,2019-09-06 19:21:16:653,0.0062,-0.439,9.5671,0.0003,-0.0037,9.8065,0.0151,0.0313,0.0279,1.75,-31.25,21.38,50.82,-84.9,-140.55
52.421345,-1.534866,180.5,0.1,4,269.34,18 / 20,71010,2019-09-06 19:21:16:753,0.0464,-0.3876,9.8947,-0.0003,-0.002,9.8066,-0.0409,0.0135,0.0175,2.19,-31.5,21.56,50.09,-84.9,-140.72
52.421345,-1.534866,180.5,0.1,4,269.34,18 / 20,71110,2019-09-06 19:21:16:853,0.1588,-0.1656,9.9681,0.0003,0.0026,9.8066,0.0067,0.0227,0.0047,1.81,-31.62,20.88,50.91,-84.92,-140.65
52.421345,-1.534866,180.5,0.1,4,269.34,18 / 20,71210,2019-09-06 19:21:16:953,-0.0019,0.2591,10.1692,-0.0003,0.0055,9.8066,-0.004,0.0209,0.0168,2.13,-31.75,21.19,51.1,-84.92,-140.46
52.421345,-1.534866,180.5,0.1,4,269.34,18 / 20,71309,2019-09-06 19:21:17:052,-0.1909,-0.0167,9.8144,0.0011,0.0046,9.8066,0.0199,0.0277,-0.0041,2,-32.06,21.44,51.07,-84.93,-140.49
52.421345,-1.534866,180.5,0.1,4,269.34,19 / 20,71410,2019-09-06 19:21:17:153,-0.0326,0.1159,9.6639,-0.0006,-0.002,9.8066,-0.0406,0.0127,0.0239,1.81,-31.5,20.81,51.01,-84.93,-140.35
52.421345,-1.534866,180.5,0.1,4,269.34,19 / 20,71510,2019-09-06 19:21:17:253,-0.0282,-0.1256,9.9993,-0.0011,-0.0029,9.8066,0.0122,-0.0293,-0.0225,1.94,-31,21.5,50.48,-84.91,-140.34
52.421345,-1.534866,180.5,0.1,4,269.34,19 / 20,71610,2019-09-06 19:21:17:353,-0.0649,0.3994,10.161,0.0013,0.0049,9.8066,-0.0097,0.0127,0.0162,1.94,-31.94,21.25,51.42,-84.94,-140.14
52.421345,-1.534866,180.5,0.1,4,269.34,19 / 20,71709,2019-09-06 19:21:17:452,-0.054,-0.2821,9.6816,0.0004,0.0069,9.8066,-0.0249,-0.0303,-0.017,2.5,-31.37,20.63,54.1,-84.96,-140.12
52.421345,-1.534866,180.5,0.1,4,269.34,19 / 20,71810,2019-09-06 19:21:17:553,0.0436,0.0234,10.0819,-0.0005,-0.0053,9.8066,-0.0238,0.0273,0.0112,2.19,-31.56,21.25,51.14,-84.93,-140.41
52.421345,-1.534866,180.5,0.1,4,269.34,19 / 20,71910,2019-09-06 19:21:17:653,0.0317,0.2116,10.1342,0.0016,0.0047,9.8066,0.018,-0.0343,-0.0089,1.75,-31.87,20.94,51.27,-84.94,-140.28
52.421345,-1.534866,180.5,0.1,4,269.34,19 / 20,72009,2019-09-06 19:21:17:752,-0.0021,-0.3806,9.6319,-0.0004,0.0038,9.8066,-0.0021,0.017,0.0129,1.88,-31.44,20.94,51.09,-84.94,-140.26
52.421345,-1.534866,180.5,0.1,4,269.34,19 / 20,72110,2019-09-06 19:21:17:853,0.0486,-0.3337,9.9053,0.0023,0.0018,9.8066,-0.0235,-0.0424,-0.018,2.44,-30.87,21.38,51.26,-84.97,-140.08
52.421345,-1.534866,180.5,0.1,4,269.34,19 / 20,72209,2019-09-06 19:21:17:952,-0.1653,0.2876,10.0199,0.0003,-0.0013,9.8066,-0.0369,0.001,0.018,1.63,-31.19,21.19,51.35,-84.96,-140
52.421345,-1.534866,180.5,0.1,4,269.34,19 / 20,72309,2019-09-06 19:21:18:052,-0.0884,-0.1796,9.6906,-0.0009,-0.0019,9.8066,0.0292,-0.0296,-0.0304,1.94,-31.62,21.19,51.39,-84.96,-140.15
52.421345,-1.534866,180.5,0.1,4,269.34,19 / 20,72410,2019-09-06 19:21:18:153,0.0329,-0.47,9.7417,0.0005,0.0031,9.8066,-0.0085,-0.0058,0.0158,1.94,-30.87,20.94,51.27,-84.94,-140.09
52.421345,-1.534866,180.5,0.1,4,269.34,19 / 20,72509,2019-09-06 19:21:18:252,-0.0646,0.2229,10.1172,-0.0002,0.001,9.8066,-0.002,-0.0262,-0.0253,1.88,-31.81,20.69,51.57,-84.96,-139.99
52.421345,-1.534866,180.5,0.1,4,269.34,19 / 20,72610,2019-09-06 19:21:18:353,-0.0658,0.2302,9.8532,0.0002,-0.0029,9.8066,-0.0321,0.007,0.0048,2.06,-31.19,20.81,51.37,-84.96,-139.99
52.421345,-1.534866,180.5,0.1,4,269.34,19 / 20,72709,2019-09-06 19:21:18:452,-0.0743,0.2836,9.9613,-0.0004,-0.0008,9.8066,0.0261,-0.0399,-0.0238,1.81,-31.69,20.63,51.43,-84.94,-140.14
52.421345,-1.534866,180.5,0.1,4,269.34,19 / 20,72810,2019-09-06 19:21:18:553,0.0424,-0.3077,9.5854,0.001,0.0016,9.8066,-0.0098,0.0096,0.0126,2.06,-31.56,21.19,51.38,-84.94,-140.19
52.421345,-1.534866,180.5,0.1,4,269.34,19 / 20,72909,2019-09-06 19:21:18:652,0.0542,-0.3955,9.8379,0.0006,0.0004,9.8066,-0.0187,-0.0351,-0.0216,1.94,-31.12,21.25,51.24,-84.95,-140.11
52.421345,-1.534866,180.5,0.1,4,269.34,19 / 20,73010,2019-09-06 19:21:18:753,-0.0591,0.1525,9.755,0.0004,0.0007,9.8066,-0.0304,0.0088,0.0241,2.56,-31.19,21.69,53.51,-84.95,-140.04
52.421345,-1.534866,180.5,0.1,4,269.34,19 / 20,73109,2019-09-06 19:21:18:852,-0.0053,-0.0011,9.7821,0,-0.0004,9.8065,0.0179,-0.03,-0.026,2.31,-31.31,21.13,51.27,-84.95,-140.08
52.421345,-1.534866,180.5,0.1,4,269.34,19 / 20,73210,2019-09-06 19:21:18:953,0.0389,-0.3364,9.8924,0.0006,0.0001,9.8066,-0.0248,0.0181,0.0126,2.31,-31.56,21.44,51.41,-84.94,-140.15
52.421345,-1.534866,180.5,0.1,4,269.34,19 / 20,73310,2019-09-06 19:21:19:053,-0.1384,0.3744,10.0933,-0.0009,-0.0026,9.8066,-0.0125,-0.0346,-0.0159,2.5,-31.37,21.06,53.97,-84.93,-140.27
52.421345,-1.534866,180.5,0.1,4,269.34,19 / 20,73410,2019-09-06 19:21:19:153,-0.0551,-0.2041,9.5952,0.0019,-0.0009,9.8066,-0.0268,0.0241,0.0088,1.81,-31.94,21.25,51.14,-84.94,-140.4
52.421345,-1.534866,180.5,0.1,4,269.34,19 / 20,73510,2019-09-06 19:21:19:253,0.0841,0.0742,10.0614,-0.0012,-0.0006,9.8066,0.0149,-0.0359,-0.016,1.88,-31.81,21,51.1,-84.93,-140.45
52.421345,-1.534866,180.5,0.1,4,269.34,19 / 20,73609,2019-09-06 19:21:19:352,-0.1128,0.055,10.0565,0.0002,0.0048,9.8066,-0.0095,0.0234,0.015,1.94,-31.56,21.19,51.18,-84.92,-140.39
52.421345,-1.534866,180.5,0.1,4,269.34,19 / 20,73709,2019-09-06 19:21:19:452,0.0979,-0.4164,9.7562,-0.0014,-0.0026,9.8066,-0.0153,-0.0379,-0.0127,2.19,-31.62,21,51.1,-84.9,-140.49
52.421345,-1.534866,180.5,0.1,4,269.34,19 / 20,73810,2019-09-06 19:21:19:553,-0.0561,0.2661,10.0921,-0.001,-0.0026,9.8066,-0.0347,0.0042,0.0162,2,-31.44,21.13,51.01,-84.9,-140.38
52.421345,-1.534866,180.5,0.1,4,269.34,19 / 20,73909,2019-09-06 19:21:19:652,-0.0426,-0.4729,9.7022,-0.0008,0.0032,9.8066,0.0359,-0.0238,-0.0215,2.56,-31.94,21.19,54.34,-84.92,-140.14
52.421345,-1.534866,180.5,0.1,4,269.34,19 / 20,74010,2019-09-06 19:21:19:753,0.0179,0.2764,9.9058,0.001,0.0019,9.8066,0.0035,-0.016,-0.0012,2.19,-31.81,20.94,51.47,-84.92,-140.13
52.421345,-1.534866,180.5,0.1,4,269.34,19 / 20,74109,2019-09-06 19:21:19:852,0.0322,-0.1761,9.5171,0.0003,0.0001,9.8066,0.0034,-0.0038,-0.0202,2.56,-31.5,20.94,54.2,-84.91,-140.08
52.421345,-1.534866,180.5,0.1,4,269.34,19 / 20,74209,2019-09-06 19:21:19:952,-0.0167,-0.1933,9.8848,0.0009,0.0006,9.8066,-0.0394,-0.0158,-0.0091,1.81,-31.75,20.63,51.46,-84.93,-140.12
52.421345,-1.534866,180.5,0.1,4,269.34,19 / 20,74310,2019-09-06 19:21:20:053,0.0036,0.343,10.1008,0.0014,0.0001,9.8066,0.0393,-0.014,-0.0145,2.31,-31.56,21.44,51.48,-84.92,-140.12
52.421345,-1.534866,180.5,0.1,4,269.34,19 / 20,74410,2019-09-06 19:21:20:153,-0.1353,0.1957,10.0597,-0.0004,0.002,9.8066,0.0064,-0.0146,-0.0145,1.94,-31.75,20.44,52.08,-84.93,-140.13
52.421345,-1.534866,180.5,0.1,4,269.34,19 / 20,74509,2019-09-06 19:21:20:252,-0.0039,-0.0729,10.0096,-0.0019,-0.0073,9.8066,-0.0035,-0.0168,-0.0062,1.31,-31.81,21,48.35,-84.9,-140.31
52.421345,-1.534866,180.5,0.1,4,269.34,19 / 20,74610,2019-09-06 19:21:20:353,-0.049,0.3905,10.1302,0.0015,0.0074,9.8066,-0.0448,-0.0146,-0.0005,1.94,-32.31,20.88,51.71,-84.95,-139.87
52.421345,-1.534866,180.5,0.1,4,269.34,19 / 20,74709,2019-09-06 19:21:20:452,0.0059,-0.2211,9.6924,-0.0011,-0.0065,9.8066,0.0456,-0.0182,-0.0236,1.94,-31.75,20.81,51.62,-84.95,-139.95
52.421345,-1.534866,180.5,0.1,4,269.34,19 / 20,74810,2019-09-06 19:21:20:553,0.0052,-0.475,9.6938,-0.002,-0.0063,9.8066,-0.0033,-0.031,0.0029,1.31,-31.69,21.19,48.43,-84.92,-140.21
52.421345,-1.534866,180.5,0.1,4,269.34,19 / 20,74909,2019-09-06 19:21:20:652,0.0631,0.0923,10.0535,-0.0006,-0.0063,9.8066,0.0092,-0.0158,-0.0163,2.06,-31.69,20.94,51.45,-84.93,-140.14
52.421345,-1.534866,180.5,0.1,4,269.34,19 / 20,75010,2019-09-06 19:21:20:753,-0.0223,0.1567,9.9948,0.0011,0.0061,9.8066,-0.0077,0.0277,0.0185,1.75,-31.5,20.31,52.1,-84.95,-139.89
52.421345,-1.534866,180.5,0.1,4,269.34,19 / 20,75110,2019-09-06 19:21:20:853,0.0296,-0.5209,9.7339,-0.0004,-0.0044,9.8066,0.0386,-0.0027,-0.0117,1.75,-31.62,21.19,51.55,-84.94,-140.03
52.421345,-1.534866,180.5,0.1,4,269.34,19 / 20,75209,2019-09-06 19:21:20:952,-0.1545,0.1955,10.1064,0.0002,-0.0048,9.8066,-0.0091,0.0367,0.0087,2,-31.87,21.06,51.43,-84.93,-140.15
52.421345,-1.534866,180.5,0.1,4,269.34,19 / 20,75310,2019-09-06 19:21:21:053,0.0936,0.1627,10.096,-0.0017,-0.0043,9.8066,0.0023,-0.0159,-0.0026,1.75,-32.31,20.88,51.57,-84.96,-139.99
52.421345,-1.534866,180.5,0.1,4,269.34,19 / 21,75410,2019-09-06 19:21:21:153,0.1449,-0.2555,9.6142,0.0013,0.0019,9.8066,-0.011,0.0273,0.0178,2.94,-31.62,21.38,53.9,-84.93,-140.53
52.421345,-1.534866,180.5,0.1,4,269.34,19 / 21,75510,2019-09-06 19:21:21:253,-0.0924,0.3347,9.9672,0,-0.0041,9.8066,-0.0237,0.0116,0.0185,2,-31.44,20.75,50.73,-84.93,-140.6
52.421345,-1.534866,180.5,0.1,4,269.34,19 / 21,75610,2019-09-06 19:21:21:353,-0.0938,-0.0116,9.608,-0.0014,-0.0042,9.8066,-0.0142,0.0205,0.0074,2,-31.62,21.13,50.85,-84.93,-140.68
52.421345,-1.534866,180.5,0.1,4,269.34,19 / 21,75709,2019-09-06 19:21:21:452,0.0042,0.2439,10.168,0,0.0057,9.8066,-0.0053,-0.0029,0.0076,1.81,-31.81,20.63,51.17,-84.94,-140.37
52.421345,-1.534866,180.5,0.1,4,269.34,19 / 21,75809,2019-09-06 19:21:21:552,-0.0156,0.0811,9.8734,0.0007,0.0053,9.8066,-0.0366,-0.0128,0.0073,1.5,-31.44,21.25,50.99,-84.94,-140.35
52.421345,-1.534866,180.5,0.1,4,269.34,19 / 21,75910,2019-09-06 19:21:21:653,-0.0926,0.0823,9.6986,-0.0008,-0.0057,9.8066,-0.0361,-0.0136,-0.0071,1.81,-31.75,21.25,51.17,-84.94,-140.38
52.421345,-1.534866,180.5,0.1,4,269.34,19 / 21,76010,2019-09-06 19:21:21:753,0.1612,-0.2522,9.6077,-0.0009,-0.0071,9.8065,0.0052,-0.0334,-0.0039,2.19,-31.5,20.69,50.71,-84.9,-140.65
52.421345,-1.534866,180.5,0.1,4,269.34,19 / 21,76109,2019-09-06 19:21:21:852,0.0147,0.242,10.001,0.0002,0.0061,9.8066,0.0172,-0.0266,-0.0236,2.13,-31.19,20.5,51.05,-84.93,-140.3
52.421345,-1.534866,180.5,0.1,4,269.34,19 / 21,76209,2019-09-06 19:21:21:952,-0.0999,-0.1552,9.6771,0.0007,0.0035,9.8066,-0.028,-0.0312,-0.0126,2.25,-31.62,20.81,51.06,-84.93,-140.5
52.421345,-1.534866,180.5,0.1,4,269.34,19 / 21,76309,2019-09-06 19:21:22:052,-0.007,-0.2396,9.6317,0.0041,0.0005,9.8066,-0.0015,0.0338,0.02,2,-31.19,20.69,50.51,-84.93,-140.81
52.421345,-1.534866,180.5,0.1,4,269.34,19 / 19,76409,2019-09-06 19:21:22:152,0.0154,-0.4178,9.7799,-0.0035,0.0007,9.8066,-0.0245,-0.0376,-0.0224,1.75,-31.25,21.38,50.93,-84.92,-140.44
52.421345,-1.534866,180.5,0.1,4,269.34,19 / 19,76510,2019-09-06 19:21:22:253,-0.1084,0.2817,9.965,0.0013,0.0033,9.8066,0.0173,-0.0405,-0.0167,2,-31.5,20.88,50.99,-84.94,-140.35
52.421345,-1.534866,180.5,0.1,4,269.34,19 / 19,76610,2019-09-06 19:21:22:353,-0.0055,-0.3299,9.5759,-0.0001,0.0037,9.8066,-0.0099,-0.0317,-0.0242,2,-31.94,20.88,51.29,-84.94,-140.28
52.421345,-1.534866,180.5,0.1,4,269.34,19 / 19,76710,2019-09-06 19:21:22:453,0.0568,0.2443,10.1208,-0.0006,-0.0028,9.8066,-0.0215,-0.0386,-0.0276,1.63,-31.75,21.06,51.27,-84.94,-140.29
52.421345,-1.534866,180.5,0.1,4,269.34,19 / 19,76810,2019-09-06 19:21:22:553,0.0467,-0.2677,9.4614,0.0007,0.0026,9.8065,0.0165,-0.0426,-0.0137,1.81,-31.56,20.94,51.16,-84.93,-140.4
52.421345,-1.534866,180.5,0.1,4,269.34,19 / 19,76909,2019-09-06 19:21:22:652,0.0757,-0.2776,9.5797,-0.0001,0.0026,9.8066,0.019,-0.026,-0.0292,1.94,-31.56,21,51.34,-84.93,-140.24
52.421345,-1.534866,180.5,0.1,4,269.34,19 / 19,77010,2019-09-06 19:21:22:753,0.0647,-0.3642,9.8709,0.0012,0.0031,9.8066,-0.0166,-0.0403,-0.0208,2.38,-31.19,21.06,51.1,-84.93,-140.26
52.421345,-1.534866,180.5,0.1,4,269.34,19 / 19,77110,2019-09-06 19:21:22:853,-0.0739,-0.1261,9.9823,0.0001,-0.0053,9.8066,-0.0023,-0.0262,-0.0277,2.06,-31.56,20.94,50.75,-84.92,-140.78
52.421345,-1.534866,180.5,0.1,4,269.34,19 / 19,77210,2019-09-06 19:21:22:953,0.0121,-0.1599,9.9432,0.0003,0.0042,9.8066,0.0314,-0.0273,-0.0228,2.69,-31.62,21,53.65,-84.91,-140.79
52.421345,-1.534866,180.5,0.1,4,269.34,19 / 19,77310,2019-09-06 19:21:23:053,-0.0721,0.353,10.1383,0.0009,0.0029,9.8066,0.0327,-0.0274,-0.0179,1.81,-31.37,20.88,50.61,-84.92,-140.72
52.421345,-1.534866,180.5,0.1,4,269.34,19 / 19,77409,2019-09-06 19:21:23:152,-0.0907,0.4377,10.0916,-0.0005,-0.0076,9.8066,0.0053,-0.0199,-0.0227,1.75,-31.94,21.19,50.57,-84.89,-140.99
52.421345,-1.534866,180.5,0.1,4,269.34,19 / 19,77510,2019-09-06 19:21:23:253,-0.0424,0.1092,9.6599,0.0003,0.0058,9.8066,-0.0013,-0.0233,-0.0159,2.63,-31.19,20.88,53.41,-84.89,-140.84
52.421345,-1.534866,180.5,0.1,4,269.34,19 / 19,77609,2019-09-06 19:21:23:352,0.1271,-0.4082,9.6184,0.0012,0.006,9.8065,0.0334,-0.011,-0.0131,2.63,-31.75,21,53.67,-84.88,-140.81
52.421345,-1.534866,180.5,0.1,4,269.34,19 / 19,77710,2019-09-06 19:21:23:453,0.0498,0.1892,10.0199,-0.0004,-0.0064,9.8066,0.0367,-0.0069,-0.0132,2.25,-31.12,20.88,50.95,-84.91,-140.42
52.421345,-1.534866,180.5,0.1,4,269.34,19 / 19,77809,2019-09-06 19:21:23:552,-0.0164,0.3325,9.8412,-0.0029,-0.0075,9.8066,0.006,-0.0046,-0.0007,2.31,-31.87,21.31,50.84,-84.88,-140.76
52.421345,-1.534866,180.5,0.1,4,269.34,19 / 19,77910,2019-09-06 19:21:23:653,0.1554,-0.0287,9.5091,-0.0006,-0.0078,9.8065,0.0079,0.017,-0.0149,1.94,-31.31,21.56,50.1,-84.89,-140.73
52.421345,-1.534866,180.5,0.1,4,269.34,19 / 19,78010,2019-09-06 19:21:23:753,0.0236,-0.1047,9.8855,-0.0003,0.0085,9.8065,0.0306,0.0071,-0.0021,1.75,-31.69,21,51.28,-84.92,-140.31
52.421345,-1.534866,180.5,0.1,4,269.34,19 / 19,78109,2019-09-06 19:21:23:852,-0.1078,0.1328,9.8743,0.0013,0.0074,9.8066,0.0439,0.008,0.0009,1.63,-31.94,20.69,50.98,-84.89,-140.61
52.421345,-1.534866,180.5,0.1,4,269.34,19 / 19,78210,2019-09-06 19:21:23:953,-0.0572,0.1789,9.7558,-0.0011,-0.0077,9.8066,-0.0515,-0.0116,0.0057,1.88,-31.81,20.75,51.08,-84.88,-140.53
52.421345,-1.534866,180.5,0.1,4,269.34,19 / 19,78310,2019-09-06 19:21:24:053,-0.0227,0.2523,9.7754,-0.0018,-0.0073,9.8066,-0.0064,-0.0035,-0.0046,1.75,-31.75,21.19,51.1,-84.89,-140.5
52.421345,-1.534866,180.5,0.1,4,269.34,19 / 20,78409,2019-09-06 19:21:24:152,0.1252,-0.2779,9.7999,0.0013,0.0059,9.8066,-0.0202,-0.0173,0.0065,2.06,-31.81,21.25,51.14,-84.9,-140.46
52.421345,-1.534866,180.5,0.1,4,269.34,19 / 20,78510,2019-09-06 19:21:24:253,0.0095,-0.1268,9.8666,0.0005,0.0064,9.8066,-0.0132,0.0021,-0.004,2,-31.75,21.44,51.53,-84.93,-140.06
52.421345,-1.534866,180.5,0.1,4,269.34,19 / 20,78609,2019-09-06 19:21:24:352,-0.1409,0.1615,9.8611,-0.0017,-0.0051,9.8066,-0.0387,-0.0068,0.0024,2.13,-31.94,21.38,51.4,-84.92,-140.2
52.421345,-1.534866,180.5,0.1,4,269.34,19 / 20,78709,2019-09-06 19:21:24:452,0.0862,-0.2822,9.4972,0.0001,-0.0056,9.8066,-0.0188,-0.0265,-0.0029,1.88,-31.87,21.13,51.39,-84.92,-140.2
52.421345,-1.534866,180.5,0.1,4,269.34,19 / 20,78810,2019-09-06 19:21:24:553,-0.0216,-0.2063,9.9001,0.0007,0.0038,9.8066,-0.0192,-0.0041,-0.0057,1.63,-31.56,21.56,50.78,-84.93,-140.22
52.421345,-1.534866,180.5,0.1,4,269.34,19 / 20,78910,2019-09-06 19:21:24:653,0.1171,-0.2463,9.9472,-0.0004,0.0002,9.8066,-0.0138,-0.022,0.0105,1.88,-31.94,21,51.66,-84.96,-139.9
52.421345,-1.534866,180.5,0.1,4,269.34,19 / 20,79010,2019-09-06 19:21:24:753,0.0077,0.1798,9.7185,0.0006,0.0006,9.8066,0.022,0.0248,0.002,1.88,-32,21.5,51.03,-84.97,-139.96
52.421345,-1.534866,180.5,0.1,4,269.34,19 / 20,79109,2019-09-06 19:21:24:852,0.0013,-0.1137,10.004,0.0011,0.0032,9.8066,0.019,0.0209,0.0051,1.56,-32,21,51.61,-84.98,-139.93
52.421345,-1.534866,180.5,0.1,4,269.34,19 / 20,79210,2019-09-06 19:21:24:953,-0.0713,0.2999,10.1669,-0.0002,-0.0039,9.8066,0.0221,0.0268,0.0066,2.31,-31.69,22.06,51.11,-84.97,-139.87
52.421345,-1.534866,180.5,0.1,4,269.34,19 / 20,79309,2019-09-06 19:21:25:052,-0.0085,-0.2049,9.6677,-0.0028,-0.002,9.8066,0.0045,0.0222,0.0154,2.25,-31.87,21,51.64,-84.96,-139.92
52.421345,-1.534866,180.5,0.1,4,269.34,19 / 20,79409,2019-09-06 19:21:25:152,-0.0432,0.0655,9.6152,-0.0023,-0.0061,9.8066,0.0063,0.0205,0.0152,2.13,-31.87,20.75,51.44,-84.93,-140.14
52.421345,-1.534866,180.5,0.1,4,269.34,19 / 20,79510,2019-09-06 19:21:25:253,0.2065,-0.3256,9.681,-0.0002,-0.0052,9.8065,0.005,0.0421,0.0051,1.94,-31.75,21.19,51.41,-84.94,-140.15
52.421345,-1.534866,180.5,0.1,4,269.34,19 / 20,79609,2019-09-06 19:21:25:352,0.0002,0.1505,10.1097,-0.0006,0.0045,9.8066,-0.0009,0.027,0.0281,1.25,-32.06,21.25,48.28,-84.94,-140.31
52.421345,-1.534866,180.5,0.1,4,269.34,19 / 20,79710,2019-09-06 19:21:25:453,-0.0592,-0.2681,9.6413,0.0017,0.0036,9.8066,0.0085,0.0394,0.015,1.81,-31.44,20.81,51.19,-84.96,-140.14
52.421345,-1.534866,180.5,0.1,4,269.34,19 / 20,79809,2019-09-06 19:21:25:552,-0.093,0.3055,10.0873,-0.0008,-0.0024,9.8066,-0.0159,0.0225,0.0239,2.13,-31.56,20.94,51.38,-84.95,-140.17
52.421345,-1.534866,180.5,0.1,4,269.34,19 / 20,79910,2019-09-06 19:21:25:653,-0.0054,-0.1854,9.6377,-0.0001,-0.0028,9.8066,0.0005,0.0224,0.0189,1.69,-31.62,21.44,51.21,-84.95,-140.33
52.421345,-1.534866,180.5,0.1,4,269.34,19 / 20,80009,2019-09-06 19:21:25:752,-0.0355,0.4221,10.0992,0.0024,-0.0026,9.8066,0.0334,-0.0267,-0.0151,2.31,-32,21.44,51.07,-84.96,-140.45
52.421345,-1.534866,180.5,0.1,4,269.34,19 / 20,80109,2019-09-06 19:21:25:852,0.0365,-0.4081,9.7564,-0.0033,0.0065,9.8065,0.0054,-0.0006,-0.0176,2.06,-32,20.88,51.39,-84.95,-140.16
52.421345,-1.534866,180.5,0.1,4,269.34,19 / 20,80210,2019-09-06 19:21:25:953,-0.0219,0.232,9.9406,-0.0006,-0.0016,9.8066,0.0006,-0.0175,-0.0041,1.81,-30.94,21.38,51.19,-84.96,-140.15
52.421345,-1.534866,180.5,0.1,4,269.34,19 / 20,80309,2019-09-06 19:21:26:052,0.0705,-0.1209,9.5426,-0.0009,0.0019,9.8066,-0.0071,-0.0039,0.0098,1.94,-31.94,21,51.58,-84.95,-139.99
52.421345,-1.534866,180.5,0.1,4,269.34,20 / 20,80410,2019-09-06 19:21:26:153,0.006,0.1884,10.1301,-0.0001,-0.0022,9.8066,-0.0308,-0.0219,0.0089,2.13,-32.12,20.81,51.39,-84.96,-140.16
52.421345,-1.534866,180.5,0.1,4,269.34,20 / 20,80510,2019-09-06 19:21:26:253,0.0898,-0.2915,9.8785,0.0013,0.0015,9.8066,-0.042,-0.008,-0.0035,2,-31.56,21.38,51.42,-84.96,-140.12
52.421345,-1.534866,180.5,0.1,4,269.34,20 / 20,80609,2019-09-06 19:21:26:352,-0.1114,0.3982,10.0403,-0.0002,0.0015,9.8066,-0.0346,-0.0191,-0.0012,2.06,-31.62,21,51.39,-84.96,-140.15
52.421345,-1.534866,180.5,0.1,4,269.34,20 / 20,80710,2019-09-06 19:21:26:453,0.0364,-0.1119,9.7368,0.0017,0.0019,9.8066,0.0054,-0.0169,-0.0189,1.94,-31.62,21.31,51.26,-84.96,-140.26
52.421345,-1.534866,180.5,0.1,4,269.34,20 / 20,80810,2019-09-06 19:21:26:553,0.0384,-0.4215,9.7124,0,-0.0042,9.8066,0.0118,-0.0395,-0.0055,1.75,-31.12,20.75,50.86,-84.95,-140.46
52.421345,-1.534866,180.5,0.1,4,269.34,20 / 20,80909,2019-09-06 19:21:26:652,-0.1503,0.2937,9.9514,-0.0008,-0.0035,9.8065,-0.0219,-0.0297,-0.0132,2.06,-32,21.38,50.96,-84.95,-140.55
52.421345,-1.534866,180.5,0.1,4,269.34,20 / 20,81010,2019-09-06 19:21:26:753,-0.0887,-0.0827,9.5501,0.0017,0.0023,9.8066,0.0146,-0.0224,-0.0279,2.06,-31.44,20.94,50.83,-84.96,-140.48
52.421345,-1.534866,180.5,0.1,4,269.34,20 / 20,81110,2019-09-06 19:21:26:853,-0.051,-0.2068,9.6245,-0.0007,0.0018,9.8066,0.0078,-0.0446,-0.0148,1.75,-31.5,20.5,50.83,-84.95,-140.49
52.421345,-1.534866,180.5,0.1,4,269.34,20 / 20,81209,2019-09-06 19:21:26:952,-0.0582,-0.4645,9.812,-0.0012,-0.0023,9.8066,0.0216,-0.029,-0.022,2.25,-31.5,20.63,50.82,-84.95,-140.5
52.421345,-1.534866,180.5,0.1,4,269.34,20 / 20,81310,2019-09-06 19:21:27:053,0.0174,0.1656,10.1363,-0.0044,0.0002,9.8066,-0.0186,-0.037,-0.0178,2.06,-31.69,21.06,51.25,-84.92,-140.32
52.421345,-1.534866,180.5,0.1,4,269.34,20 / 20,81409,2019-09-06 19:21:27:152,0.106,-0.1003,9.8757,-0.0008,0.004,9.8066,-0.0212,0.0344,0.0167,1.63,-31.81,20.75,51.15,-84.94,-140.39
52.421345,-1.534866,180.5,0.1,4,269.34,20 / 20,81510,2019-09-06 19:21:27:253,-0.0087,-0.0558,9.7274,-0.0009,-0.0038,9.8066,-0.018,0.0284,0.0268,2.31,-32.19,21.81,50.44,-84.95,-140.51
52.421345,-1.534866,180.5,0.1,4,269.34,20 / 20,81610,2019-09-06 19:21:27:353,-0.016,-0.4406,9.6295,-0.0024,-0.0029,9.8066,-0.0191,0.028,0.0132,2.13,-31.62,21.25,50.93,-84.95,-140.58
52.421345,-1.534866,180.5,0.1,4,269.34,20 / 20,81710,2019-09-06 19:21:27:453,-0.0628,0.0059,10.0401,0.0003,-0.0051,9.8066,-0.0104,0.0142,0.0089,1.88,-31.5,20.69,50.59,-84.92,-140.73
52.421345,-1.534866,180.5,0.1,4,269.34,20 / 20,81811,2019-09-06 19:21:27:554,0.0102,0.1342,9.9312,0.0016,0.0065,9.8065,0.0037,0.0043,0.0058,1.56,-32.06,21.13,51.11,-84.95,-140.42
52.421345,-1.534866,180.5,0.1,4,269.34,20 / 20,81909,2019-09-06 19:21:27:652,-0.0802,-0.2209,9.685,0.0005,0.0063,9.8066,-0.0411,0.0005,-0.003,2.19,-31.5,20.69,50.84,-84.95,-140.47
52.421345,-1.534866,180.5,0.1,4,269.34,20 / 20,82010,2019-09-06 19:21:27:753,-0.1423,0.2188,10.0062,-0.001,-0.0054,9.8066,-0.0237,-0.022,-0.002,1.81,-31.5,20.56,51.01,-84.95,-140.33
52.421345,-1.534866,180.5,0.1,4,269.34,20 / 20,82110,2019-09-06 19:21:27:853,-0.0547,-0.1622,9.7331,-0.0025,-0.0038,9.8066,0.0161,-0.0263,-0.0216,2.31,-31.5,20.88,50.82,-84.93,-140.52
52.421345,-1.534866,180.5,0.1,4,269.34,20 / 20,82210,2019-09-06 19:21:27:953,0.0785,0.2034,10.1147,0.0015,0.0044,9.8066,0.0153,-0.0404,-0.0098,1.81,-31.37,21.06,50.93,-84.96,-140.39
52.421345,-1.534866,180.5,0.1,4,269.34,20 / 20,82310,2019-09-06 19:21:28:053,-0.0865,0.3059,10.076,0.0004,0.0045,9.8066,-0.0129,-0.024,-0.0196,1.94,-32.19,21.06,51.2,-84.96,-140.33
52.421345,-1.534866,180.5,0.1,4,269.34,19 / 20,82410,2019-09-06 19:21:28:153,-0.0359,0.146,9.7003,-0.0007,-0.0032,9.8066,-0.0099,-0.0319,-0.0146,1.81,-31.69,21.44,50.93,-84.94,-140.59
52.421345,-1.534866,180.5,0.1,4,269.34,19 / 20,82509,2019-09-06 19:21:28:252,0.0941,-0.2927,9.6021,0.0007,0.0025,9.8066,0.0376,-0.0328,-0.0119,1.75,-31.56,21.44,51.01,-84.94,-140.52
52.421345,-1.534866,180.5,0.1,4,269.34,19 / 20,82609,2019-09-06 19:21:28:352,0.0409,-0.3379,9.832,-0.0001,0.0034,9.8066,0.0302,-0.006,-0.0208,2.06,-31.81,20.88,51.03,-84.94,-140.5
52.421345,-1.534866,180.5,0.1,4,269.34,19 / 20,82709,2019-09-06 19:21:28:452,0.0826,0.1095,10.0653,0.0013,0.0026,9.8066,0.0027,-0.0089,-0.0025,2.5,-31.94,21.13,53.84,-84.95,-140.57
52.421345,-1.534866,180.5,0.1,4,269.34,19 / 20,82809,2019-09-06 19:21:28:552,0.1437,-0.1646,9.5624,-0.0005,0.0005,9.8066,0.005,0.0162,-0.0095,1.75,-31.56,21,50.71,-84.93,-140.81
52.421345,-1.534866,180.5,0.1,4,269.34,19 / 20,82909,2019-09-06 19:21:28:652,-0.0106,0.175,10.0508,0.0019,0.0006,9.8066,0.0182,0.0108,0.0028,1.63,-31.94,21.06,50.61,-84.94,-140.89
52.421345,-1.534866,180.5,0.1,4,269.34,19 / 20,83010,2019-09-06 19:21:28:753,-0.0262,-0.3676,9.6453,0.0013,0.0007,9.8066,0.0308,0.0173,0.005,2.44,-31.44,21.25,50.49,-84.94,-140.82
52.421345,-1.534866,180.5,0.1,4,269.34,19 / 20,83110,2019-09-06 19:21:28:853,-0.0148,-0.4175,9.764,0,0.0006,9.8066,0.0092,0.0384,0.0093,1.81,-31.94,21.13,50.47,-84.93,-141.03
52.421345,-1.534866,180.5,0.1,4,269.34,19 / 20,83210,2019-09-06 19:21:28:953,0.0294,0.3152,9.9593,0.0002,0.0027,9.8066,0.0075,0.0248,0.0205,2,-31.62,21.13,50.51,-84.93,-140.99
52.421345,-1.534866,180.5,0.1,4,269.34,19 / 20,83310,2019-09-06 19:21:29:053,-0.1775,-0.2589,9.6102,-0.0003,0.0034,9.8066,0.0137,-0.0472,-0.0112,2.5,-31.62,20.75,53.44,-84.92,-140.97
52.421345,-1.534866,180.5,0.1,4,269.34,20 / 21,83409,2019-09-06 19:21:29:152,-0.0283,-0.3819,9.8284,-0.001,-0.0053,9.8066,-0.0144,-0.0323,-0.0153,2.69,-31.69,21.5,52.7,-84.93,-141.01
52.421345,-1.534866,180.5,0.1,4,269.34,20 / 21,83510,2019-09-06 19:21:29:253,0.0573,0.2111,10.0906,-0.0007,-0.0041,9.8066,-0.0239,-0.0386,-0.0181,1.88,-31.81,20.81,50.29,-84.89,-141.24
52.421345,-1.534866,180.5,0.1,4,269.34,20 / 21,83609,2019-09-06 19:21:29:352,0.0109,0.2738,10.1004,-0.0003,0.0042,9.8066,0.03,-0.0375,-0.011,2.06,-31.56,21,50.37,-84.9,-141.16
52.421345,-1.534866,180.5,0.1,4,269.34,20 / 21,83709,2019-09-06 19:21:29:452,0.0432,-0.0406,9.7113,0.0006,0.0048,9.8066,0.0242,-0.0199,-0.0279,1.75,-31.75,21.06,50.46,-84.9,-141.08
52.421345,-1.534866,180.5,0.1,4,269.34,20 / 21,83810,2019-09-06 19:21:29:553,0.0334,-0.1721,9.9917,-0.0002,0.0031,9.8066,-0.0065,-0.0254,-0.0127,1.56,-31.81,20.88,50.83,-84.89,-140.74
52.421345,-1.534866,180.5,0.1,4,269.34,20 / 21,83910,2019-09-06 19:21:29:653,-0.1203,0.302,9.9465,0,-0.0002,9.8066,0.0038,0.0018,-0.0147,2.06,-31.19,21.25,50.61,-84.88,-140.77
52.421345,-1.534866,180.5,0.1,4,269.34,20 / 21,84010,2019-09-06 19:21:29:753,-0.0156,-0.1031,9.8729,-0.0005,0.002,9.8065,0.032,-0.0079,-0.0171,2.25,-31,20.81,50.74,-84.89,-140.65
52.421345,-1.534866,180.5,0.1,4,269.34,20 / 21,84110,2019-09-06 19:21:29:853,-0.1411,0.1816,9.897,0.0019,0.0009,9.8066,0.038,-0.007,-0.0009,2.13,-31.62,21.25,50.96,-84.87,-140.66
52.421345,-1.534866,180.5,0.1,4,269.34,20 / 21,84209,2019-09-06 19:21:29:952,-0.0792,0.2105,9.8375,-0.0013,-0.0002,9.8066,0.0009,0.0115,-0.0193,1.88,-31.81,21.25,50.98,-84.88,-140.62
52.421345,-1.534866,180.5,0.1,4,269.34,20 / 21,84309,2019-09-06 19:21:30:052,0.0909,-0.424,9.8754,-0.0002,-0.0004,9.8066,0.0018,-0.004,-0.0044,1.75,-31.5,21.38,50.9,-84.88,-140.5
52.421345,-1.534866,180.5,0.1,4,269.34,19 / 21,84410,2019-09-06 19:21:30:153,-0.1075,0.1242,9.8749,0.0018,0.0065,9.8066,0.0386,0.0027,0.0002,2.38,-31.12,21.06,50.89,-84.89,-140.51
52.421345,-1.534866,180.5,0.1,4,269.34,19 / 21,84509,2019-09-06 19:21:30:252,0.0295,-0.2173,9.9676,0.0013,0.0063,9.8066,0.0194,0.0172,-0.006,2.06,-31.31,20.81,50.94,-84.89,-140.46
52.421345,-1.534866,180.5,0.1,4,269.34,19 / 21,84610,2019-09-06 19:21:30:353,0.0721,0.2497,10.0277,-0.0017,-0.0061,9.8066,0.0064,0.0038,0.0112,1.94,-31.31,21.25,50.73,-84.86,-140.7
52.421345,-1.534866,180.5,0.1,4,269.34,19 / 21,84709,2019-09-06 19:21:30:452,-0.0403,0.0801,9.6245,-0.0006,-0.0045,9.8066,-0.0025,0.0345,-0.0048,1.94,-31.56,21.19,51.01,-84.87,-140.61
52.421345,-1.534866,180.5,0.1,4,269.34,19 / 21,84810,2019-09-06 19:21:30:553,0.0267,0.0774,10.0565,0,0.0052,9.8066,0.0098,0.0184,0.0105,1.81,-31.25,20.75,50.86,-84.87,-140.56
52.421345,-1.534866,180.5,0.1,4,269.34,19 / 21,84909,2019-09-06 19:21:30:652,0.0301,-0.075,10.0124,0.0007,0.0036,9.8066,0.0146,0.0368,0.0174,1.81,-32.12,21.13,51.33,-84.89,-140.29
52.421345,-1.534866,180.5,0.1,4,269.34,19 / 21,85009,2019-09-06 19:21:30:752,-0.1262,0.3378,9.8887,-0.0005,-0.0059,9.8066,-0.0039,0.0255,0.0175,1.94,-31.81,21.19,51.14,-84.86,-140.5
52.421345,-1.534866,180.5,0.1,4,269.34,19 / 21,85111,2019-09-06 19:21:30:854,-0.0334,0.097,9.5684,-0.0024,-0.0056,9.8066,0.0021,0.0298,0.0188,2.06,-31.69,20.69,51.12,-84.86,-140.52
52.421345,-1.534866,180.5,0.1,4,269.34,19 / 21,85209,2019-09-06 19:21:30:952,0.1232,-0.2013,9.8012,0.0021,0.0032,9.8066,-0.0014,0.0378,0.0173,2,-31.69,20.69,51.19,-84.86,-140.45
52.421345,-1.534866,180.5,0.1,4,269.34,19 / 21,85310,2019-09-06 19:21:31:053,0.0151,-0.2065,9.934,0.0017,0.0046,9.8066,-0.0154,0.0268,0.0192,2.06,-31.37,21.44,50.94,-84.89,-140.46
52.421345,-1.534866,180.5,0.1,4,269.34,19 / 21,85410,2019-09-06 19:21:31:153,0.0882,0.2559,10.1177,-0.0003,-0.0051,9.8066,-0.0036,0.0289,0.0261,2.63,-31.37,21.31,53.57,-84.87,-140.73
52.421345,-1.534866,180.5,0.1,4,269.34,19 / 21,85509,2019-09-06 19:21:31:252,-0.0217,0.4359,10.1561,-0.0003,-0.0035,9.8066,-0.015,0.0294,0.0177,2.31,-31.69,20.75,50.87,-84.86,-140.75
52.421345,-1.534866,180.5,0.1,4,269.34,19 / 21,85610,2019-09-06 19:21:31:353,-0.0039,-0.0977,9.7133,0.0006,0.0025,9.8065,-0.023,0.0158,0.023,2.31,-31.37,20.75,50.45,-84.86,-140.95
52.421345,-1.534866,180.5,0.1,4,269.34,19 / 21,85709,2019-09-06 19:21:31:452,-0.0038,-0.4027,9.6672,0.0004,0.0021,9.8066,-0.0171,0.0329,0.0128,2.31,-31.37,21.44,50.61,-84.88,-140.78
52.421345,-1.534866,180.5,0.1,4,269.34,19 / 21,85810,2019-09-06 19:21:31:553,0.166,-0.3298,9.6811,0.0002,0.0008,9.8065,-0.016,0.003,0.0051,2.06,-31.37,20.94,50.58,-84.87,-140.81
52.421345,-1.534866,180.5,0.1,4,269.34,19 / 21,85909,2019-09-06 19:21:31:652,-0.0152,0.1663,10.0886,-0.0003,0.0009,9.8066,0.0028,0.014,0.0121,2.13,-32.06,21.13,50.71,-84.88,-140.87
52.421345,-1.534866,180.5,0.1,4,269.34,19 / 21,86009,2019-09-06 19:21:31:752,-0.1704,0.1927,9.9175,0.0011,-0.0009,9.8066,-0.0445,0.0043,-0.001,2.25,-31.5,20.94,50.62,-84.87,-140.77
52.421345,-1.534866,180.5,0.1,4,269.34,19 / 21,86109,2019-09-06 19:21:31:852,-0.0414,0.1358,9.6991,0.0002,-0.003,9.8066,-0.038,-0.0174,-0.0002,2,-31.19,21.31,50.44,-84.88,-140.94
52.421345,-1.534866,180.5,0.1,4,269.34,19 / 21,86209,2019-09-06 19:21:31:952,-0.0268,-0.17,9.6079,0.0011,0.0014,9.8066,-0.0422,-0.013,-0.009,2.06,-32.31,20.56,50.61,-84.89,-140.95
52.421345,-1.534866,180.5,0.1,4,269.34,19 / 21,86310,2019-09-06 19:21:32:053,0.1408,0.1092,9.9918,-0.0004,0.0012,9.8066,0.0032,-0.0266,-0.0025,1.94,-32.06,21.38,50.69,-84.89,-140.88
52.421345,-1.534866,180.5,0.1,4,269.34,20 / 21,86409,2019-09-06 19:21:32:152,0.0272,-0.1933,9.6788,0.0004,-0.0013,9.8066,-0.0245,-0.0295,-0.0138,1.88,-31.37,20.69,50.42,-84.89,-140.94
52.421345,-1.534866,180.5,0.1,4,269.34,20 / 21,86510,2019-09-06 19:21:32:253,-0.0357,0.0371,9.6308,0.0013,-0.0012,9.8066,-0.0277,-0.0322,-0.0186,2,-31.06,20.88,50.28,-84.89,-141.07
52.421345,-1.534866,180.5,0.1,4,269.34,20 / 21,86610,2019-09-06 19:21:32:353,0.1814,-0.3364,9.7074,-0.0007,0.001,9.8066,0.0136,-0.0415,-0.008,1.94,-31.12,21,50.25,-84.89,-141.09
52.421345,-1.534866,180.5,0.1,4,269.34,20 / 21,86710,2019-09-06 19:21:32:453,0.0281,0.1587,10.1193,-0.0023,0.003,9.8066,0.0134,-0.0267,-0.0243,2.69,-31.56,21.25,53.57,-84.88,-140.91
52.421345,-1.534866,180.5,0.1,4,269.34,20 / 21,86810,2019-09-06 19:21:32:553,0.051,0.2363,10.0853,-0.0001,0.0031,9.8066,-0.0215,-0.0314,-0.0207,2.25,-31.56,21,50.84,-84.88,-140.76
52.421345,-1.534866,180.5,0.1,4,269.34,20 / 21,86909,2019-09-06 19:21:32:652,-0.0777,0.1025,9.7623,-0.0003,-0.0014,9.8065,0.0033,-0.0298,-0.0221,1.88,-31.25,21.56,50.1,-84.87,-140.75
52.421345,-1.534866,180.5,0.1,4,269.34,20 / 21,87009,2019-09-06 19:21:32:752,0.0038,-0.0471,9.998,-0.0001,-0.0028,9.8066,0.0191,-0.0253,-0.0255,1.94,-31.81,21.25,50.74,-84.86,-140.87
52.421345,-1.534866,180.5,0.1,4,269.34,20 / 21,87109,2019-09-06 19:21:32:852,0.0237,0.4974,10.1922,0.0004,0.0013,9.8066,0.0361,-0.0357,-0.0195,1.75,-31.62,20.94,50.79,-84.88,-140.79
52.421345,-1.534866,180.5,0.1,4,269.34,20 / 21,87209,2019-09-06 19:21:32:952,-0.196,0.4097,10.0795,-0.0009,0.0025,9.8066,0.008,-0.0251,-0.025,2.13,-32.12,21.5,50.29,-84.87,-140.76
52.421345,-1.534866,180.5,0.1,4,269.34,20 / 21,87310,2019-09-06 19:21:33:053,-0.0136,-0.3898,9.5863,-0.0001,-0.0039,9.8066,0.0002,-0.033,-0.0156,1.94,-31.62,20.81,50.69,-84.86,-140.91
52.421345,-1.534866,180.5,0.1,4,269.34,19 / 20,87409,2019-09-06 19:21:33:152,0.0007,0.0407,9.655,-0.0005,0.0005,9.8066,0.0109,-0.0225,-0.0262,2.19,-31.56,20.94,50.83,-84.86,-140.79
52.421345,-1.534866,180.5,0.1,4,269.34,19 / 20,87510,2019-09-06 19:21:33:253,0.0836,-0.2745,9.7553,0.0003,0.0013,9.8066,0.0197,-0.0151,-0.022,2.44,-31.37,21.38,50.69,-84.87,-140.72
52.421345,-1.534866,180.5,0.1,4,269.34,19 / 20,87610,2019-09-06 19:21:33:353,0.0312,-0.0035,9.9916,0.0013,0.0018,9.8066,-0.0037,-0.0223,-0.0114,2.5,-31.81,21.44,53.88,-84.88,-140.62
52.421345,-1.534866,180.5,0.1,4,269.34,19 / 20,87710,2019-09-06 19:21:33:453,0.113,-0.0912,9.5735,0.0004,0.0026,9.8066,-0.0003,0.016,-0.0079,2.19,-31.94,21.56,50.37,-84.89,-140.65
52.421345,-1.534866,180.5,0.1,4,269.34,19 / 20,87810,2019-09-06 19:21:33:553,-0.0057,0.0656,10.0066,0.0013,0.0034,9.8066,0.001,0.0098,0.0162,2.13,-31.31,20.81,50.77,-84.9,-140.61
52.421345,-1.534866,180.5,0.1,4,269.34,19 / 20,87910,2019-09-06 19:21:33:653,0.1078,0.0887,10.0386,-0.0018,-0.0047,9.8066,0.0033,0.0331,0.0062,2.31,-32.25,20.75,50.74,-84.88,-140.84
52.421345,-1.534866,180.5,0.1,4,269.34,19 / 20,88009,2019-09-06 19:21:33:752,-0.0574,0.0304,9.6803,0.0005,-0.0039,9.8066,-0.0192,0.0214,0.0085,2.19,-31.56,20.88,50.59,-84.88,-140.98
52.421345,-1.534866,180.5,0.1,4,269.34,19 / 20,88110,2019-09-06 19:21:33:853,0.0306,0.1046,10.0505,0.0007,0.0038,9.8066,-0.0039,0.0201,0.0122,2.44,-31.44,20.56,50.42,-84.89,-140.94
52.421345,-1.534866,180.5,0.1,4,269.34,19 / 20,88209,2019-09-06 19:21:33:952,-0.0559,-0.1573,9.6765,0.0006,-0.0001,9.8066,-0.0073,0.0064,0.0114,2.69,-31.44,21.44,53.51,-84.88,-140.76
52.421345,-1.534866,180.5,0.1,4,269.34,19 / 20,88310,2019-09-06 19:21:34:053,-0.0593,0.2587,10.0388,-0.0009,-0.0023,9.8066,-0.0017,0.0163,-0.005,2.13,-31.81,21.25,50.69,-84.89,-140.88
52.421345,-1.534866,180.5,0.1,4,269.34,19 / 20,88410,2019-09-06 19:21:34:153,0.0127,-0.0694,9.7176,0.0007,-0.0003,9.8066,-0.0008,0.0089,0.0088,2.56,-31.44,20.94,53.19,-84.88,-141.06
52.421345,-1.534866,180.5,0.1,4,269.34,19 / 20,88510,2019-09-06 19:21:34:253,-0.0454,0.2391,10.0203,-0.0004,-0.002,9.8066,0.011,0.0263,0.0138,2.5,-31.37,21.69,52.52,-84.88,-141.05
52.421345,-1.534866,180.5,0.1,4,269.34,19 / 20,88609,2019-09-06 19:21:34:352,0.0452,-0.1914,9.834,-0.0014,-0.0043,9.8066,-0.0063,0.0221,0.0184,2.19,-31.87,21.19,50.4,-84.86,-141.18
52.421345,-1.534866,180.5,0.1,4,269.34,19 / 20,88709,2019-09-06 19:21:34:452,-0.0336,0.2473,9.8644,0.0009,-0.0024,9.8066,-0.0021,0.0267,0.0168,2.06,-31.94,21.81,49.9,-84.87,-141.11
52.421345,-1.534866,180.5,0.1,4,269.34,19 / 20,88809,2019-09-06 19:21:34:552,0.0506,-0.0927,9.5166,0,0.0062,9.8066,-0.0017,0.0391,0.0134,2.44,-31.81,20.69,50.64,-84.88,-140.93
52.421345,-1.534866,180.5,0.1,4,269.34,19 / 20,88909,2019-09-06 19:21:34:652,0.0322,-0.253,9.6599,0.0013,0.0063,9.8066,-0.0174,0.0257,0.0211,2.69,-31.5,20.94,53.39,-84.89,-140.86
52.421345,-1.534866,180.5,0.1,4,269.34,19 / 20,89010,2019-09-06 19:21:34:753,0.0523,-0.3201,9.8277,-0.0005,-0.0053,9.8066,-0.0249,-0.0371,-0.015,1.75,-31.94,21.19,50.4,-84.86,-141.18
52.421345,-1.534866,180.5,0.1,4,269.34,19 / 20,89109,2019-09-06 19:21:34:852,-0.0901,0.1772,9.7743,-0.0002,-0.0063,9.8066,-0.0246,-0.0268,-0.0194,2.69,-31,21.44,53.04,-84.86,-141.22
52.421345,-1.534866,180.5,0.1,4,269.34,19 / 20,89209,2019-09-06 19:21:34:952,-0.0747,-0.0501,9.5641,0.0019,0.0072,9.8066,0.0317,-0.0293,-0.0324,2.19,-31.62,21,50.41,-84.85,-141.18
52.421345,-1.534866,180.5,0.1,4,269.34,19 / 20,89310,2019-09-06 19:21:35:053,-0.0216,0.2146,10.1298,-0.0009,0.0061,9.8066,0.0289,-0.043,-0.0252,2.63,-31,21.31,53.44,-84.88,-140.82
52.421345,-1.534866,180.5,0.1,4,269.34,19 / 20,89409,2019-09-06 19:21:35:152,-0.0232,0.2958,10.1201,0.0036,-0.0034,9.8065,-0.0196,0.0329,0.0214,2.13,-31.06,21.31,50.64,-84.84,-140.79
52.421345,-1.534866,180.5,0.1,4,269.34,19 / 20,89510,2019-09-06 19:21:35:253,-0.0436,-0.3954,9.787,0.0004,-0.004,9.8066,0.0079,0.0328,0.0251,2,-31.62,21.44,50.52,-84.85,-141.07
52.421345,-1.534866,180.5,0.1,4,269.34,19 / 20,89609,2019-09-06 19:21:35:352,0.0511,0.1948,10.1542,-0.0014,0.0051,9.8066,-0.0047,0.0369,0.0146,2.38,-31.56,20.94,50.83,-84.86,-140.79
52.421345,-1.534866,180.5,0.1,4,269.34,19 / 20,89709,2019-09-06 19:21:35:452,0.0792,0.1622,9.9681,-0.0007,-0.004,9.8066,0.0014,0.0236,0.0302,2.69,-31.81,21.19,53.76,-84.86,-140.76
52.421345,-1.534866,180.5,0.1,4,269.34,19 / 20,89809,2019-09-06 19:21:35:552,-0.0912,-0.1586,9.6964,-0.0006,-0.0048,9.8066,0.0072,0.0298,0.0155,1.81,-31.31,21.38,50.76,-84.85,-140.67
52.421345,-1.534866,180.5,0.1,4,269.34,19 / 20,89910,2019-09-06 19:21:35:653,-0.0249,0.0062,9.6006,-0.0008,-0.0054,9.8066,0.0153,0.0198,0.0017,2.19,-31.19,21.5,50.03,-84.83,-140.86
52.421345,-1.534866,180.5,0.1,4,269.34,19 / 20,90009,2019-09-06 19:21:35:752,0.0196,-0.0786,9.9371,0.0012,0.0043,9.8066,0.0143,0.0049,0.0044,2.31,-32,20.88,51.13,-84.86,-140.51
52.421345,-1.534866,180.5,0.1,4,269.34,19 / 20,90109,2019-09-06 19:21:35:852,0.0101,0.2054,10.1644,0.0003,0.0027,9.8066,0.0241,0.0036,-0.0071,2.75,-31.37,20.94,53.84,-84.86,-140.49
52.421345,-1.534866,180.5,0.1,4,269.34,19 / 20,90209,2019-09-06 19:21:35:952,0.0447,-0.1992,9.5927,-0.0011,-0.0033,9.8065,0.0235,-0.0127,-0.0218,2.19,-31.37,20.88,50.82,-84.85,-140.62
52.421345,-1.534866,180.5,0.1,4,269.34,19 / 20,90310,2019-09-06 19:21:36:053,-0.0964,-0.1731,9.6243,0.0009,-0.002,9.8066,0.0047,-0.0202,-0.012,2,-31.44,21.5,50.12,-84.84,-140.76
52.421345,-1.534866,180.5,0.1,4,269.34,19 / 20,90410,2019-09-06 19:21:36:153,-0.086,0.3244,9.8876,0.0006,0.0014,9.8066,0.0077,-0.0045,-0.0206,2.25,-31.56,21.25,50.82,-84.84,-140.82
52.421345,-1.534866,180.5,0.1,4,269.34,19 / 20,90509,2019-09-06 19:21:36:252,-0.0686,-0.0134,9.9616,0.0027,0.0097,9.8066,0.0254,0.0145,0.0202,2.44,-31.31,21.38,50.35,-84.86,-141.04
52.421345,-1.534866,180.5,0.1,4,269.34,19 / 20,90610,2019-09-06 19:21:36:353,-0.1388,-0.1847,9.6887,0.0014,0.0072,9.8066,0.0025,0.0103,0.0109,2.81,-31.69,20.69,53.36,-84.84,-141.14
52.421345,-1.534866,180.5,0.1,4,269.34,19 / 20,90710,2019-09-06 19:21:36:453,-0.0135,-0.3675,9.8234,0,-0.0093,9.8066,-0.0455,0.0045,0.0241,2.06,-31.81,21.25,50.49,-84.84,-141.12
52.421345,-1.534866,180.5,0.1,4,269.34,19 / 20,90810,2019-09-06 19:21:36:553,-0.0172,0.2966,9.8507,-0.0023,-0.0084,9.8066,0.0067,0.0067,0.0034,2,-31.81,20.5,50.08,-84.8,-141.55
52.421345,-1.534866,180.5,0.1,4,269.34,19 / 20,90910,2019-09-06 19:21:36:653,0.1745,-0.0325,9.8235,0.0011,0.0092,9.8066,0.0077,-0.0044,0.0081,2.25,-31.19,21.19,50.25,-84.83,-141.16
52.421345,-1.534866,180.5,0.1,4,269.34,19 / 20,91009,2019-09-06 19:21:36:752,-0.0116,-0.0891,9.7331,0.001,0.0073,9.8066,-0.0283,-0.0119,0,2.63,-31.31,21.88,52.49,-84.82,-141.15
52.421345,-1.534866,180.5,0.1,4,269.34,19 / 20,91109,2019-09-06 19:21:36:852,-0.045,0.1072,9.6725,-0.0017,-0.0071,9.8065,-0.0308,-0.012,-0.0068,2.38,-31.44,21.31,50.19,-84.81,-141.25
52.421345,-1.534866,180.5,0.1,4,269.34,19 / 20,91209,2019-09-06 19:21:36:952,0.1649,-0.158,9.6228,-0.0001,-0.0066,9.8066,0.0105,-0.0341,-0.0089,2.31,-31.5,20.56,49.94,-84.78,-141.51
52.421345,-1.534866,180.5,0.1,4,269.34,19 / 20,91309,2019-09-06 19:21:37:052,-0.0535,-0.1075,9.6805,-0.0001,0.0053,9.8066,0.0091,-0.0124,-0.0188,2.5,-31.37,20.88,52.9,-84.77,-141.47
52.421345,-1.534866,180.5,0.1,4,269.34,19 / 20,91410,2019-09-06 19:21:37:153,-0.1276,-0.1072,9.6846,0.0018,0.0038,9.8066,-0.0193,-0.0226,-0.0088,2.25,-31.44,21.13,50.19,-84.79,-141.26
52.421345,-1.534866,180.5,0.1,4,269.34,19 / 20,91509,2019-09-06 19:21:37:252,-0.0348,0.1214,10.1176,-0.0014,-0.0046,9.8065,-0.0093,-0.0292,-0.0245,2.75,-31.5,20.81,53.2,-84.79,-141.16
52.421345,-1.534866,180.5,0.1,4,269.34,19 / 20,91610,2019-09-06 19:21:37:353,-0.0102,0.1979,10.0464,-0.0013,-0.0043,9.8066,0.0167,-0.0263,-0.0238,2.06,-31.56,21.13,50.35,-84.77,-141.34
52.421345,-1.534866,180.5,0.1,4,269.34,19 / 20,91709,2019-09-06 19:21:37:452,-0.1281,-0.3248,9.6118,0.0011,0.0016,9.8066,0.0261,-0.0398,-0.0131,2.56,-31.87,20.75,53.46,-84.79,-141.12
52.421345,-1.534866,180.5,0.1,4,269.34,19 / 20,91810,2019-09-06 19:21:37:553,-0.1077,0.3042,10.0182,-0.0014,0.0002,9.8066,0.0092,-0.0313,-0.0247,2.5,-31.75,21.13,53.55,-84.78,-141.06
52.421345,-1.534866,180.5,0.1,4,269.34,19 / 20,91909,2019-09-06 19:21:37:652,0.0082,0.1262,9.7102,0.0004,-0.0029,9.8066,-0.0001,-0.0314,-0.0185,2.38,-31.56,21.13,50.45,-84.77,-141.24
52.421345,-1.534866,180.5,0.1,4,269.34,19 / 20,92010,2019-09-06 19:21:37:753,0.122,-0.2396,9.6376,0.0002,0.0004,9.8065,-0.0209,0.0324,0.0212,2.25,-31.56,20.94,50.54,-84.78,-141.15
52.421345,-1.534866,180.5,0.1,4,269.34,19 / 20,92110,2019-09-06 19:21:37:853,-0.0565,0.0995,9.9857,0.0003,-0.0002,9.8066,-0.0012,0.0285,0.0159,2.38,-30.81,20.94,50.41,-84.77,-141.09
52.421345,-1.534866,180.5,0.1,4,269.34,19 / 20,92209,2019-09-06 19:21:37:952,-0.0677,-0.0537,9.6979,0.0008,-0.002,9.8066,-0.0247,0.0298,0.0193,3.13,-31.5,20.94,53.26,-84.78,-141.12
52.421345,-1.534866,180.5,0.1,4,269.34,19 / 20,92310,2019-09-06 19:21:38:053,0.0018,-0.0585,9.5291,0.0009,0.0041,9.8066,-0.0391,0.0127,0.0249,2.56,-32.06,21.25,53.56,-84.77,-141.05
52.421345,-1.534866,180.5,0.1,4,269.34,19 / 20,92409,2019-09-06 19:21:38:152,-0.0252,-0.1208,9.702,-0.0013,-0.0005,9.8066,0.0058,0.0206,0.021,2.56,-31.31,20.88,53.52,-84.78,-140.87
52.421345,-1.534866,180.5,0.1,4,269.34,19 / 20,92510,2019-09-06 19:21:38:253,-0.043,0.258,10.1004,0,-0.001,9.8066,-0.0123,0.0239,0.0186,2.94,-32.06,20.5,53.8,-84.78,-140.83
52.421345,-1.534866,180.5,0.1,4,269.34,19 / 20,92610,2019-09-06 19:21:38:353,-0.0965,0.2462,9.9179,-0.0009,0.0002,9.8065,-0.0391,0.0167,0.0315,2.25,-31.12,21.19,50.71,-84.77,-140.82
52.421345,-1.534866,180.5,0.1,4,269.34,19 / 20,92709,2019-09-06 19:21:38:452,-0.0244,0.1162,9.5879,-0.0007,-0.0012,9.8066,-0.0354,0.0274,0.0178,2.63,-32.12,21.06,53.85,-84.79,-140.76
52.421345,-1.534866,180.5,0.1,4,269.34,19 / 20,92810,2019-09-06 19:21:38:553,0.1123,0.0759,10.1061,0.0009,0.0005,9.8066,-0.0043,0.026,0.0198,2.31,-31.81,21.38,51.04,-84.78,-140.69
52.421345,-1.534866,180.5,0.1,4,269.34,19 / 20,92909,2019-09-06 19:21:38:652,-0.0029,-0.2241,9.6699,-0.0004,0.0007,9.8066,0.0091,0.0294,0.0245,2.31,-31.56,21,51.15,-84.78,-140.59
52.421345,-1.534866,180.5,0.1,4,269.34,19 / 20,93010,2019-09-06 19:21:38:753,0.1066,-0.0948,10.0462,0.0014,0.0012,9.8066,-0.0307,0.0266,0.015,2.31,-31.56,20.5,51.16,-84.79,-140.57
52.421345,-1.534866,180.5,0.1,4,269.34,19 / 20,93110,2019-09-06 19:21:38:853,0.0437,0.0236,9.5455,-0.0009,-0.0006,9.8066,-0.0465,0.015,0.0215,2.63,-31.62,20.31,54.66,-84.78,-140.75
52.421345,-1.534866,180.5,0.1,4,269.34,19 / 20,93210,2019-09-06 19:21:38:953,-0.0429,-0.0479,9.7055,-0.0004,-0.0005,9.8066,0.0023,0.0225,0.0225,1.88,-31.94,21.19,50.94,-84.77,-140.79
52.421345,-1.534866,180.5,0.1,4,269.34,19 / 20,93309,2019-09-06 19:21:39:052,0.0091,-0.3355,9.844,0.0014,-0.0003,9.8065,-0.0012,0.0179,0.0143,2.69,-31.31,20.56,53.66,-84.78,-140.75
52.421345,-1.534866,180.5,0.1,4,269.34,19 / 20,93409,2019-09-06 19:21:39:152,-0.0398,0.1469,10.1255,0.0007,0.002,9.8066,-0.0414,0.0009,0.0119,2.81,-31.5,21.38,53.76,-84.78,-140.66
52.421345,-1.534866,180.5,0.1,4,269.34,19 / 20,93509,2019-09-06 19:21:39:252,0.0502,0.0664,9.5964,-0.0001,-0.0014,9.8066,-0.0306,0.014,0.0117,2.5,-31.5,20.81,53.8,-84.79,-140.61
52.421345,-1.534866,180.5,0.1,4,269.34,19 / 20,93610,2019-09-06 19:21:39:353,0.212,-0.0059,9.9414,0.0024,-0.0004,9.8066,0.0004,-0.0114,0.0061,2.19,-31.5,21.31,50.86,-84.78,-140.66
52.421345,-1.534866,180.5,0.1,4,269.34,19 / 20,93710,2019-09-06 19:21:39:453,-0.0654,-0.2155,9.9487,-0.001,-0.0011,9.8066,-0.0425,-0.0031,0.0082,2.25,-31.56,21.31,50.85,-84.79,-140.85
52.421345,-1.534866,180.5,0.1,4,269.34,19 / 20,93809,2019-09-06 19:21:39:552,0.0388,0.1749,10.03,-0.0005,-0.0017,9.8065,-0.0421,-0.0017,0.0017,2.06,-31.56,20.75,50.94,-84.78,-140.79
52.421345,-1.534866,180.5,0.1,4,269.34,19 / 20,93909,2019-09-06 19:21:39:652,0.0783,-0.1389,9.5545,0.0006,0.0038,9.8066,0.0048,0.0133,-0.0014,2.63,-31.25,21.5,52.82,-84.77,-140.9
52.421345,-1.534866,180.5,0.1,4,269.34,19 / 20,94009,2019-09-06 19:21:39:752,-0.0259,0.163,10.0479,0.0009,0.0003,9.8066,0.0128,0.0104,-0.0015,2.5,-31.31,21.56,52.86,-84.79,-140.84
52.421345,-1.534866,180.5,0.1,4,269.34,19 / 20,94110,2019-09-06 19:21:39:853,-0.0948,-0.3848,9.6262,0.0011,-0.0002,9.8066,-0.042,-0.0062,-0.0099,2.75,-31.56,21.06,53.85,-84.8,-140.75
52.421345,-1.534866,180.5,0.1,4,269.34,19 / 20,94210,2019-09-06 19:21:39:953,-0.0492,-0.0952,10.0589,-0.002,-0.0015,9.8066,-0.0356,-0.0166,0.0036,1.94,-31.06,21.31,50.85,-84.79,-140.66
52.421345,-1.534866,180.5,0.1,4,269.34,19 / 20,94310,2019-09-06 19:21:40:053,0.069,0.2588,10.0716,0.0006,0.0026,9.8066,-0.0378,-0.0082,-0.0034,2.31,-32.31,21.19,51.24,-84.8,-140.49
52.421345,-1.534866,180.5,0.1,4,269.34,19 / 20,94410,2019-09-06 19:21:40:153,-0.1484,-0.0237,9.7372,0,0.0022,9.8066,0.0021,-0.0155,-0.0026,2.56,-31.56,21.06,54.25,-84.81,-140.37
52.421345,-1.534866,180.5,0.1,4,269.34,19 / 20,94510,2019-09-06 19:21:40:253,0.0857,-0.2657,9.6691,0.0004,-0.0014,9.8066,-0.0254,-0.011,0.0028,2.5,-31.62,21.31,54.15,-84.82,-140.45
52.421345,-1.534866,180.5,0.1,4,269.34,19 / 20,94609,2019-09-06 19:21:40:352,0.0814,-0.2374,9.9973,0.0008,-0.0008,9.8066,-0.0402,-0.0104,-0.0045,2.94,-31.62,21.13,54.12,-84.81,-140.48
52.421345,-1.534866,180.5,0.1,4,269.34,19 / 20,94710,2019-09-06 19:21:40:453,0.0777,-0.0312,9.9731,0.0002,0.0024,9.8066,-0.0003,-0.0121,0.0012,2.13,-31.87,21.38,51.28,-84.82,-140.42
52.421345,-1.534866,180.5,0.1,4,269.34,19 / 20,94809,2019-09-06 19:21:40:552,0.011,0.1675,10.0664,-0.0004,0.0007,9.8066,0.0074,-0.0085,-0.0055,2.56,-31.69,20.88,54.31,-84.83,-140.29
52.421345,-1.534866,180.5,0.1,4,269.34,19 / 20,94910,2019-09-06 19:21:40:653,-0.1158,-0.0152,9.7411,0.0007,-0.0005,9.8066,-0.036,-0.0128,-0.0086,2.19,-31.94,20.75,51.25,-84.83,-140.45
52.421345,-1.534866,180.5,0.1,4,269.34,19 / 20,95009,2019-09-06 19:21:40:752,-0.0428,-0.0378,10.0527,-0.0008,-0.0035,9.8066,-0.0281,-0.0149,-0.0039,1.94,-32.06,20.69,51.13,-84.82,-140.57
52.421345,-1.534866,180.5,0.1,4,269.34,19 / 20,95110,2019-09-06 19:21:40:853,-0.0217,0.1999,9.8887,0.0011,0.0026,9.8066,0.021,-0.0196,-0.0104,2.06,-31.81,20.81,51.29,-84.84,-140.38
52.421345,-1.534866,180.5,0.1,4,269.34,19 / 20,95210,2019-09-06 19:21:40:953,0.1119,0.0938,10.075,0.001,-0.0031,9.8066,0.0082,-0.036,-0.0137,2.31,-31.5,21,50.99,-84.85,-140.46
52.421345,-1.534866,180.5,0.1,4,269.34,19 / 20,95310,2019-09-06 19:21:41:053,0.0301,0.1602,10.1064,-0.0039,0.0023,9.8066,0.0242,-0.019,-0.0247,2.31,-31.69,20.88,51.31,-84.84,-140.37
52.421345,-1.534866,180.5,0.1,4,269.34,19 / 20,95410,2019-09-06 19:21:41:153,-0.0072,0.0467,9.5761,-0.0019,-0.0051,9.8066,-0.0008,0.0241,0.021,2.19,-31.5,20.63,50.84,-84.82,-140.63
52.421345,-1.534866,180.5,0.1,4,269.34,19 / 20,95509,2019-09-06 19:21:41:252,0.1349,-0.1621,9.8133,-0.0012,-0.0017,9.8066,0.0032,0.0346,0.0122,2.81,-32,20.88,54.13,-84.83,-140.45
52.421345,-1.534866,180.5,0.1,4,269.34,19 / 20,95610,2019-09-06 19:21:41:353,0.0067,0.1479,10.0418,0.0005,0.0046,9.8066,-0.0186,0.0267,0.0265,2.44,-32.06,21.19,51.33,-84.85,-140.34
52.421345,-1.534866,180.5,0.1,4,269.34,19 / 20,95709,2019-09-06 19:21:41:452,-0.0748,-0.3346,9.7335,0.0031,0.0032,9.8066,-0.0227,0.0305,0.0098,2.38,-31.06,21.5,50.43,-84.86,-140.44
52.421345,-1.534866,180.5,0.1,4,269.34,19 / 20,95810,2019-09-06 19:21:41:553,0.0902,-0.2158,9.6325,-0.0007,-0.0021,9.8066,-0.0167,0.0241,0.0138,1.88,-31.75,21,51.14,-84.85,-140.52
52.421345,-1.534866,180.5,0.1,4,269.34,19 / 20,95910,2019-09-06 19:21:41:653,-0.0201,0.1494,10.0399,0.0008,0.0017,9.8066,-0.0019,0.0232,0.0166,1.88,-31.31,21.38,50.81,-84.84,-140.64
52.421345,-1.534866,180.5,0.1,4,269.34,19 / 20,96009,2019-09-06 19:21:41:752,-0.1168,0.142,9.9242,0.0023,0.002,9.8066,-0.026,0.0117,0.0022,2.13,-31.94,20.75,51.02,-84.85,-140.63
52.421345,-1.534866,180.5,0.1,4,269.34,19 / 20,96109,2019-09-06 19:21:41:852,-0.0725,-0.2059,9.9483,0.0003,0.001,9.8066,-0.0335,-0.0076,0.0057,2.25,-31.81,20.38,51.55,-84.86,-140.7
52.421345,-1.534866,180.5,0.1,4,269.34,19 / 20,96209,2019-09-06 19:21:41:952,-0.0299,0.096,9.674,0.0011,0.0011,9.8066,-0.0296,-0.0073,-0.0022,3,-31.56,20.75,53.78,-84.88,-140.71
52.421345,-1.534866,180.5,0.1,4,269.34,19 / 20,96309,2019-09-06 19:21:42:052,0.0817,-0.2626,9.6502,-0.0001,0.0028,9.8066,0.0016,-0.0294,-0.0046,2.63,-31.5,20.5,53.67,-84.89,-140.61
52.421345,-1.534866,180.5,0.1,4,269.34,19 / 20,96410,2019-09-06 19:21:42:153,0.0165,-0.3018,9.8163,-0.0021,-0.0007,9.8066,-0.0087,-0.0302,-0.0122,2.38,-31.44,21,50.63,-84.88,-140.76
52.421345,-1.534866,180.5,0.1,4,269.34,19 / 20,96510,2019-09-06 19:21:42:253,0.0412,-0.0054,10.0433,0.0002,0,9.8066,-0.0271,-0.0278,-0.0158,2.25,-31.62,21,50.82,-84.88,-140.78
52.421345,-1.534866,180.5,0.1,4,269.34,19 / 20,96610,2019-09-06 19:21:42:353,0.1039,0.2472,10.1449,-0.0013,0.0046,9.8066,0.023,-0.0364,-0.0126,2.38,-31.75,20.94,51.11,-84.88,-140.51
52.421345,-1.534866,180.5,0.1,4,269.34,19 / 20,96710,2019-09-06 19:21:42:453,-0.025,-0.0707,9.8434,-0.0011,-0.0053,9.8066,0.0241,-0.0261,-0.0289,2.81,-31.81,21.19,54.04,-84.89,-140.46
52.421345,-1.534866,180.5,0.1,4,269.34,19 / 20,96809,2019-09-06 19:21:42:552,-0.0654,-0.2326,9.6577,-0.0004,-0.0021,9.8066,-0.0161,-0.0382,-0.0192,2.19,-31.44,20.63,50.86,-84.88,-140.55
52.421345,-1.534866,180.5,0.1,4,269.34,19 / 20,96909,2019-09-06 19:21:42:652,0.0781,-0.2305,9.551,-0.0008,-0.004,9.8066,0.0003,-0.0312,-0.0232,2.38,-31.12,20.94,50.72,-84.86,-140.69
52.421345,-1.534866,180.5,0.1,4,269.34,19 / 20,97009,2019-09-06 19:21:42:752,0.045,0.1932,10.1133,0.0003,0.0032,9.8066,0.0284,-0.0267,-0.0288,2.81,-31.56,20.88,54.14,-84.87,-140.39
52.421345,-1.534866,180.5,0.1,4,269.34,19 / 20,97109,2019-09-06 19:21:42:852,-0.1197,0.0146,9.7778,0.0017,0.0032,9.8066,0.029,-0.0387,-0.0293,2.06,-31.06,20.94,50.99,-84.88,-140.43
52.421345,-1.534866,180.5,0.1,4,269.34,19 / 20,97209,2019-09-06 19:21:42:952,0.0084,-0.066,10.0195,-0.0014,-0.0048,9.8066,0.014,-0.0213,-0.0182,2.31,-31.87,20.69,50.94,-84.86,-140.69
52.421345,-1.534866,180.5,0.1,4,269.34,19 / 20,97309,2019-09-06 19:21:43:052,0.0371,0.2022,9.9817,-0.0013,-0.0028,9.8066,-0.0017,-0.0321,-0.0141,2.25,-31.25,20.81,50.8,-84.84,-140.64
52.421345,-1.534866,180.5,0.1,4,269.34,19 / 19,97414,2019-09-06 19:21:43:157,-0.0848,0.1986,9.9757,-0.0007,-0.0041,9.8065,0.011,-0.0132,-0.0198,2.69,-31.62,21.06,53.91,-84.84,-140.65
52.421345,-1.534866,180.5,0.1,4,269.34,19 / 19,97510,2019-09-06 19:21:43:253,0.0533,-0.2494,9.68,-0.0013,-0.0004,9.8066,0.0186,-0.0088,-0.0154,2.38,-30.69,21.44,51.25,-84.84,-140.24
52.421345,-1.534866,180.5,0.1,4,269.34,19 / 19,97609,2019-09-06 19:21:43:352,0.0589,-0.2299,9.9463,0.0009,-0.0009,9.8066,0.0261,0.005,0.0086,1.94,-31.94,20.88,51.43,-84.84,-140.26
52.421345,-1.534866,180.5,0.1,4,269.34,19 / 19,97709,2019-09-06 19:21:43:452,-0.1054,0.2356,9.9435,0,0.0026,9.8066,-0.004,0.0267,-0.0025,2.31,-31.56,21.25,51.39,-84.84,-140.3
52.421345,-1.534866,180.5,0.1,4,269.34,19 / 19,97810,2019-09-06 19:21:43:553,0.0365,0.0461,9.8717,0.002,0.0046,9.8066,-0.0036,0.0221,0.0199,2.06,-31.25,20.56,51.25,-84.86,-140.21
52.421345,-1.534866,180.5,0.1,4,269.34,19 / 19,97909,2019-09-06 19:21:43:652,-0.0259,-0.2495,9.7227,-0.0008,-0.0043,9.8066,-0.0056,0.033,0.0093,2,-31.87,21.25,51.32,-84.87,-140.33
52.421345,-1.534866,180.5,0.1,4,269.34,19 / 19,98010,2019-09-06 19:21:43:753,0.1092,-0.1699,9.6575,0.0004,0.0035,9.8066,-0.0224,0.0283,0.0139,2.19,-31.62,21.19,50.95,-84.85,-140.7
52.421345,-1.534866,180.5,0.1,4,269.34,19 / 19,98109,2019-09-06 19:21:43:852,0.0237,0.1424,9.9213,-0.0024,0.0027,9.8066,-0.0091,-0.0211,-0.0134,1.94,-31.31,20.69,50.99,-84.84,-140.47
52.421345,-1.534866,180.5,0.1,4,269.34,19 / 19,98210,2019-09-06 19:21:43:953,0.0896,0.2462,10.0931,0.0021,0.0032,9.8066,0.0344,-0.0069,-0.0027,2.25,-31.44,20.56,51.06,-84.85,-140.4
52.421345,-1.534866,180.5,0.1,4,269.34,19 / 19,98310,2019-09-06 19:21:44:053,-0.0871,0.2719,10.0749,-0.0005,0.0003,9.8066,0.0244,-0.0074,-0.0035,2.19,-31.5,21.19,51.06,-84.85,-140.39
52.421345,-1.534866,180.5,0.1,4,269.34,20 / 20,98410,2019-09-06 19:21:44:153,-0.0105,0.0881,9.7003,-0.0004,0.0015,9.8066,0.0033,-0.0004,0.0012,2.19,-31.81,20.63,51.34,-84.86,-140.32
52.421345,-1.534866,180.5,0.1,4,269.34,20 / 20,98509,2019-09-06 19:21:44:252,0.1768,0.0786,10.0249,0.0003,0.0042,9.8066,0.0233,0.017,0.0086,2.38,-31.62,21.13,51.37,-84.86,-140.29
52.421345,-1.534866,180.5,0.1,4,269.34,20 / 20,98610,2019-09-06 19:21:44:353,0.0114,0.0788,9.9323,-0.002,-0.006,9.8066,0.0051,0.0183,0.0142,2.63,-31.25,20.94,53.69,-84.84,-140.65
52.421345,-1.534866,180.5,0.1,4,269.34,20 / 20,98709,2019-09-06 19:21:44:452,0.0514,-0.3374,9.8329,0.0003,-0.0049,9.8066,-0.0273,-0.0267,-0.0114,2.31,-31.75,21.06,51.03,-84.83,-140.63
52.421345,-1.534866,180.5,0.1,4,269.34,20 / 20,98810,2019-09-06 19:21:44:553,-0.0587,0.2188,9.8185,-0.0003,0.003,9.8066,-0.0191,-0.0283,-0.0196,2.19,-31.44,21.56,50.28,-84.84,-140.61
52.421345,-1.534866,180.5,0.1,4,269.34,20 / 20,98909,2019-09-06 19:21:44:652,-0.016,0.0399,9.7838,0.0006,0.0021,9.8066,0.0349,-0.0317,-0.0256,1.69,-32.25,20.88,50.98,-84.84,-140.68
52.421345,-1.534866,180.5,0.1,4,269.34,20 / 20,99010,2019-09-06 19:21:44:753,-0.0923,-0.2943,9.6292,-0.0006,-0.0018,9.8066,0.0278,-0.0417,-0.0175,2.25,-31.56,21.06,50.84,-84.81,-140.84
52.421345,-1.534866,180.5,0.1,4,269.34,20 / 20,99109,2019-09-06 19:21:44:852,0.1178,-0.174,9.5569,-0.0003,-0.0034,9.8066,-0.0009,-0.0261,-0.0256,2.69,-31.81,20.88,53.65,-84.82,-140.9
52.421345,-1.534866,180.5,0.1,4,269.34,20 / 20,99210,2019-09-06 19:21:44:953,-0.0077,-0.0253,9.9619,0.0012,0.0031,9.8066,-0.002,-0.0382,-0.0199,2.38,-31.25,21.44,50.63,-84.82,-140.83
52.421345,-1.534866,180.5,0.1,4,269.34,20 / 20,99309,2019-09-06 19:21:45:052,-0.0124,0.2993,10.095,0.0003,0.0027,9.8066,0.0304,-0.0372,-0.0232,2.63,-31.94,21.19,53.76,-84.83,-140.78
52.421345,-1.534866,180.5,0.1,4,269.34,20 / 20,99409,2019-09-06 19:21:45:152,0.04,-0.2984,9.6905,-0.0011,-0.0042,9.8066,0.0088,-0.0109,-0.0178,2.69,-31.44,20.69,53.45,-84.82,-140.89
52.421345,-1.534866,180.5,0.1,4,269.34,20 / 20,99509,2019-09-06 19:21:45:252,-0.0545,-0.1221,9.708,-0.0014,-0.0036,9.8066,0.0028,-0.0263,-0.0185,2.75,-32.19,21,53.82,-84.81,-140.76
52.421345,-1.534866,180.5,0.1,4,269.34,20 / 20,99610,2019-09-06 19:21:45:353,0.0938,0.1319,10.1088,-0.0003,0.0034,9.8066,0.0071,-0.0114,-0.022,2,-31.25,21.19,50.83,-84.83,-140.63
52.421345,-1.534866,180.5,0.1,4,269.34,20 / 20,99710,2019-09-06 19:21:45:453,0.0632,0.1718,9.9606,0.0015,0.0049,9.8066,0.0335,-0.0115,-0.0192,2.5,-31.25,21.5,53.09,-84.82,-140.58
52.421345,-1.534866,180.5,0.1,4,269.34,20 / 20,99809,2019-09-06 19:21:45:552,-0.0577,-0.1378,9.6485,-0.0021,-0.0052,9.8066,-0.0001,-0.0115,-0.0083,2.56,-31.56,21.13,53.97,-84.84,-140.59
52.421345,-1.534866,180.5,0.1,4,269.34,20 / 20,99909,2019-09-06 19:21:45:652,-0.058,0.2159,10.096,-0.0007,0.0006,9.8066,0.0115,0.002,-0.0108,2.5,-31.06,20.63,54.06,-84.83,-140.32
52.421345,-1.534866,180.5,0.1,4,269.34,20 / 20,100010,2019-09-06 19:21:45:753,0.0122,-0.088,9.6174,0.0015,0.0026,9.8066,0.0195,0.0031,-0.0057,2.44,-31.56,21.25,51.35,-84.84,-140.33
52.421345,-1.534866,180.5,0.1,4,269.34,20 / 20,100110,2019-09-06 19:21:45:853,-0.1067,0.2526,10.0193,0.0009,-0.0016,9.8066,0.018,0.0178,0.0016,2.81,-31.31,21,54.08,-84.83,-140.3
52.421345,-1.534866,180.5,0.1,4,269.34,20 / 20,100210,2019-09-06 19:21:45:953,0.0336,0.0096,9.6172,0,-0.0022,9.8066,0.0168,0.0154,0.0091,1.94,-31.69,21.31,51.19,-84.83,-140.49
52.421345,-1.534866,180.5,0.1,4,269.34,20 / 20,100309,2019-09-06 19:21:46:052,-0.0629,-0.1666,9.7084,0.0013,0.0027,9.8066,-0.0022,0.0226,0.0211,2.38,-31.94,21.25,51.21,-84.83,-140.48
52.421345,-1.534866,180.5,0.1,4,269.34,20 / 20,100410,2019-09-06 19:21:46:153,0.0172,0.1004,10.093,-0.0006,0.0018,9.8066,0.0189,-0.0401,-0.0106,2.25,-32.06,21.44,51.32,-84.84,-140.36
52.421345,-1.534866,180.5,0.1,4,269.34,20 / 20,100509,2019-09-06 19:21:46:252,-0.0478,-0.2682,9.869,0.0008,-0.002,9.8066,-0.0154,-0.0276,-0.0185,2.69,-31.81,20.81,53.85,-84.83,-140.71
52.421345,-1.534866,180.5,0.1,4,269.34,20 / 20,100609,2019-09-06 19:21:46:352,0.0525,0.2002,10.0155,-0.0002,-0.0043,9.8066,-0.0082,-0.0319,-0.0235,2.44,-31.75,20.81,50.9,-84.83,-140.76
52.421345,-1.534866,180.5,0.1,4,269.34,20 / 20,100710,2019-09-06 19:21:46:453,-0.0463,0.0888,9.6529,0.0003,0.0054,9.8066,0.0362,-0.0337,-0.0187,2,-31.44,20.88,50.42,-84.83,-141
52.421345,-1.534866,180.5,0.1,4,269.34,20 / 20,100810,2019-09-06 19:21:46:553,0.0035,0.1365,10.0138,0.001,0.0054,9.8066,0.0295,-0.0199,-0.0258,2.44,-32.12,21.25,50.86,-84.85,-140.77
52.421345,-1.534866,180.5,0.1,4,269.34,20 / 20,100909,2019-09-06 19:21:46:652,0.0058,-0.3201,9.7694,-0.0019,-0.0065,9.8066,0.0029,-0.0276,-0.0063,2.63,-31.56,21.38,53.54,-84.82,-141
52.421345,-1.534866,180.5,0.1,4,269.34,20 / 20,101010,2019-09-06 19:21:46:753,0.1956,-0.1131,9.7803,-0.0003,-0.0057,9.8065,-0.0062,-0.0043,-0.0263,2.19,-31.44,20.81,50.33,-84.83,-141.09
52.421345,-1.534866,180.5,0.1,4,269.34,20 / 20,101110,2019-09-06 19:21:46:853,0.0816,0.2204,10.1302,0.0024,0.0083,9.8066,0.0431,-0.015,-0.0073,2.69,-31.94,20.44,54.21,-84.82,-141.11
52.421345,-1.534866,180.5,0.1,4,269.34,20 / 20,101210,2019-09-06 19:21:46:953,-0.0903,-0.2852,9.666,0.0009,0.0079,9.8066,0.0444,-0.0167,-0.0047,2,-31.81,21.63,50.2,-84.85,-140.86
52.421345,-1.534866,180.5,0.1,4,269.34,20 / 20,101309,2019-09-06 19:21:47:052,-0.1405,0.1681,10.1056,-0.0005,-0.0067,9.8066,0.0292,-0.006,-0.0242,2.5,-31.62,21.13,53.31,-84.83,-141.21
52.421345,-1.534866,180.5,0.1,4,269.34,20 / 20,101410,2019-09-06 19:21:47:153,0.0037,0.2184,9.8542,-0.0031,-0.0087,9.8066,0.0005,-0.0091,0.0021,2.81,-31.12,20.75,53.16,-84.8,-141.18
52.421345,-1.534866,180.5,0.1,4,269.34,20 / 20,101509,2019-09-06 19:21:47:252,-0.1287,0.0815,9.892,0.0008,0.0058,9.8066,0.0379,-0.0048,-0.0125,2.56,-31.5,20.81,53.2,-84.81,-141.13
52.421345,-1.534866,180.5,0.1,4,269.34,20 / 20,101610,2019-09-06 19:21:47:353,0.0027,-0.2538,9.628,0.0005,0.0075,9.8066,0.0246,-0.0019,-0.0148,2.75,-32,20.69,53.77,-84.83,-140.77
52.421345,-1.534866,180.5,0.1,4,269.34,20 / 20,101709,2019-09-06 19:21:47:452,0.0199,-0.3364,9.8725,-0.0013,-0.0051,9.8066,-0.0035,-0.0129,-0.0056,2.81,-31.12,20.88,53.26,-84.81,-141.08
52.421345,-1.534866,180.5,0.1,4,269.34,20 / 20,101809,2019-09-06 19:21:47:552,-0.1155,0.0702,9.7658,-0.0003,-0.0042,9.8066,0.0036,0.0089,-0.0153,2.5,-31.62,21.31,53.53,-84.82,-141.02
52.421345,-1.534866,180.5,0.1,4,269.34,20 / 20,101910,2019-09-06 19:21:47:653,-0.0304,-0.0735,9.8081,0.001,0.0066,9.8066,0.0156,0.0064,-0.0125,2.19,-31.62,20.88,50.53,-84.82,-141.11
52.421345,-1.534866,180.5,0.1,4,269.34,20 / 20,102010,2019-09-06 19:21:47:753,-0.0919,-0.295,9.5906,-0.001,-0.004,9.8065,0.033,-0.003,-0.0074,2.56,-31.37,21.06,53.43,-84.85,-140.88
52.421345,-1.534866,180.5,0.1,4,269.34,20 / 20,102109,2019-09-06 19:21:47:852,-0.0333,-0.1801,9.9496,0.0005,-0.0053,9.8066,0.0085,0.0019,-0.0083,2.56,-31.87,20.56,53.4,-84.83,-141.11
52.421345,-1.534866,180.5,0.1,4,269.34,20 / 20,102209,2019-09-06 19:21:47:952,0.0755,0.0098,9.9641,0.0027,0.0084,9.8066,0.0038,0.0052,0.0044,2.25,-31.56,21,50.39,-84.83,-141.22
52.421345,-1.534866,180.5,0.1,4,269.34,20 / 20,102310,2019-09-06 19:21:48:053,-0.0276,0.2223,10.0786,0.0011,-0.0019,9.8066,0.0222,0.0201,0.0048,2.44,-31.62,20.81,50.57,-84.87,-141.01
52.421345,-1.534866,180.5,0.1,4,269.34,20 / 20,102409,2019-09-06 19:21:48:152,0.1127,-0.2464,9.8051,-0.0014,-0.0033,9.8066,0.0112,0.0146,0.0033,2.31,-31.5,20.38,50.76,-84.87,-141.21
52.421345,-1.534866,180.5,0.1,4,269.34,20 / 20,102509,2019-09-06 19:21:48:252,0.1016,0.008,10.0567,0.0006,0.0007,9.8066,-0.0016,0.0216,0.0227,2.56,-31.75,20.69,53.29,-84.87,-141.18
52.421345,-1.534866,180.5,0.1,4,269.34,20 / 20,102610,2019-09-06 19:21:48:353,0.0304,0.2521,10.0893,-0.0005,0.0014,9.8066,-0.0117,0.0327,0.0124,2.38,-31.75,21.25,50.31,-84.86,-141.26
52.421345,-1.534866,180.5,0.1,4,269.34,20 / 20,102710,2019-09-06 19:21:48:453,-0.0159,-0.0181,9.7982,0.0023,0.0028,9.8066,-0.0143,0.0224,0.0205,2.13,-31.62,20.88,50.37,-84.87,-141.2
52.421345,-1.534866,180.5,0.1,4,269.34,20 / 20,102809,2019-09-06 19:21:48:552,-0.0602,-0.3065,9.6844,-0.0013,-0.0032,9.8066,-0.0196,0.044,0.0181,2.56,-31.81,21.06,53.16,-84.85,-141.32
52.421345,-1.534866,180.5,0.1,4,269.34,20 / 20,102910,2019-09-06 19:21:48:653,0.1464,-0.167,9.618,-0.0006,-0.003,9.8066,-0.0161,0.0315,0.0141,2.06,-31.5,20.88,50.14,-84.85,-141.24
52.421345,-1.534866,180.5,0.1,4,269.34,20 / 20,103009,2019-09-06 19:21:48:752,-0.018,0.2139,9.9964,0.002,0.0051,9.8066,-0.0059,0.0213,0.0197,2.19,-31.56,20.75,50.56,-84.86,-141.03
52.421345,-1.534866,180.5,0.1,4,269.34,20 / 20,103110,2019-09-06 19:21:48:853,-0.005,-0.3828,9.7049,0.0008,0.0053,9.8066,-0.0252,0.0276,0.0082,2.44,-31.44,20.88,50.43,-84.86,-140.95
52.421345,-1.534866,180.5,0.1,4,269.34,20 / 20,103209,2019-09-06 19:21:48:952,-0.1053,0.2316,9.9164,-0.0003,-0.0038,9.8066,-0.0336,0.0097,0.0182,2.25,-31.94,21.19,50.64,-84.86,-140.96
52.421345,-1.534866,180.5,0.1,4,269.34,20 / 20,103310,2019-09-06 19:21:49:053,-0.0352,-0.1253,9.7952,-0.0009,-0.0035,9.8066,-0.0025,0.0119,0.0139,2.38,-31.62,21.31,50.56,-84.85,-141.04
52.421345,-1.534866,180.5,0.1,4,269.34,20 / 20,103409,2019-09-06 19:21:49:152,0.1218,0.3218,10.1533,0.0009,0.0073,9.8066,-0.0125,0.0067,0.0076,2.63,-31.06,20.5,53.6,-84.87,-140.69
52.421345,-1.534866,180.5,0.1,4,269.34,20 / 20,103509,2019-09-06 19:21:49:252,-0.0052,-0.0561,9.8371,0.0019,0.0072,9.8066,0.0119,0.0127,0.0022,2.38,-31.37,20.75,50.81,-84.88,-140.59
52.421345,-1.534866,180.5,0.1,4,269.34,20 / 20,103610,2019-09-06 19:21:49:353,0.0986,-0.1741,9.9343,-0.0027,-0.0054,9.8066,-0.0406,-0.0151,-0.0057,2.75,-31.31,20.88,53.69,-84.88,-140.6
52.421345,-1.534866,180.5,0.1,4,269.34,20 / 20,103710,2019-09-06 19:21:49:453,-0.0201,0.0588,9.6035,-0.001,-0.0053,9.8066,-0.0054,0.0276,-0.006,2,-31.62,20.88,50.86,-84.84,-140.78
52.421345,-1.534866,180.5,0.1,4,269.34,20 / 20,103810,2019-09-06 19:21:49:553,0.0008,0.0413,10.0335,0.0015,0.0073,9.8066,0.0013,0.0149,0.0109,2.38,-31.69,20.88,50.86,-84.84,-140.79
52.421345,-1.534866,180.5,0.1,4,269.34,20 / 20,103909,2019-09-06 19:21:49:652,-0.0711,0.292,10.0556,0.001,0.0073,9.8066,0.0198,0.0324,0.0123,2.06,-31.81,21.25,51.09,-84.87,-140.53
52.421345,-1.534866,180.5,0.1,4,269.34,20 / 20,104010,2019-09-06 19:21:49:753,0.0549,-0.2735,9.8064,0.0008,-0.0024,9.8066,0.0094,0.018,0.0134,2.5,-31.06,20.69,53.79,-84.87,-140.52
52.421345,-1.534866,180.5,0.1,4,269.34,20 / 20,104109,2019-09-06 19:21:49:852,0.0105,-0.1257,9.8051,-0.0021,-0.0049,9.8066,-0.0027,0.0253,0.0161,3.06,-31.31,20.88,53.62,-84.86,-140.68
52.421345,-1.534866,180.5,0.1,4,269.34,20 / 20,104210,2019-09-06 19:21:49:953,0.0774,0.2608,10.1305,0.0015,0.0041,9.8066,-0.0119,0.0279,0.0146,2.69,-31.56,21.63,53.2,-84.86,-140.62
52.421345,-1.534866,180.5,0.1,4,269.34,19 / 20,104310,2019-09-06 19:21:50:053,-0.0273,-0.02,9.7954,0.0002,0.0036,9.8066,-0.018,0.0245,0.0183,2.44,-31.44,20.75,50.9,-84.88,-140.51
52.421345,-1.534866,180.5,0.1,4,269.34,19 / 20,104410,2019-09-06 19:21:50:153,-0.0532,-0.1434,9.6347,-0.0012,-0.0031,9.8066,-0.0113,-0.0354,-0.0195,2.63,-31.69,21.31,53.85,-84.88,-140.65
52.421345,-1.534866,180.5,0.1,4,269.34,19 / 20,104509,2019-09-06 19:21:50:252,0.1758,0.0587,10.017,0.0006,-0.0027,9.8066,0.0376,-0.0335,-0.0108,2.44,-31.75,21.44,50.9,-84.87,-140.71
52.421345,-1.534866,180.5,0.1,4,269.34,19 / 20,104609,2019-09-06 19:21:50:352,0.0449,-0.1692,9.6767,-0.0008,0.0006,9.8066,0.0279,-0.0168,-0.0233,2.38,-31.75,20.88,50.82,-84.87,-140.78
52.421345,-1.534866,180.5,0.1,4,269.34,19 / 20,104710,2019-09-06 19:21:50:453,0.0135,-0.3438,9.8357,0.0024,0.0006,9.8066,0.0063,-0.0147,-0.0092,2.44,-31.5,20.63,50.49,-84.88,-140.89
52.421345,-1.534866,180.5,0.1,4,269.34,19 / 20,104810,2019-09-06 19:21:50:553,0.1776,-0.0841,9.8791,-0.0009,0.0007,9.8066,0.0067,0.0052,-0.0098,2.06,-32.06,21,50.63,-84.87,-140.96
52.421345,-1.534866,180.5,0.1,4,269.34,19 / 20,104910,2019-09-06 19:21:50:653,0.0605,0.0254,9.7984,0.0006,-0.0011,9.8066,0.028,0.0002,-0.0117,1.94,-32.06,20.69,50.54,-84.87,-141.04
52.421345,-1.534866,180.5,0.1,4,269.34,19 / 20,105009,2019-09-06 19:21:50:752,-0.0443,-0.3454,9.6894,0.0015,-0.0001,9.8066,0.0207,0.0157,-0.0054,2.31,-31.12,20.81,50.18,-84.87,-141.18
52.421345,-1.534866,180.5,0.1,4,269.34,19 / 20,105109,2019-09-06 19:21:50:852,-0.1024,-0.055,10.076,0.0005,-0.0013,9.8066,-0.0031,0.0317,0.0105,2.94,-31.56,20.38,53.87,-84.87,-141.34
52.421345,-1.534866,180.5,0.1,4,269.34,19 / 20,105209,2019-09-06 19:21:50:952,0.0413,0.2677,9.9716,0.0014,0.003,9.8066,0.0052,0.0256,0.0185,2.56,-31.69,21.25,53.11,-84.89,-141.32
52.421345,-1.534866,180.5,0.1,4,269.34,19 / 20,105309,2019-09-06 19:21:51:052,0.195,-0.1626,9.7465,-0.0005,0.0031,9.8066,-0.0043,0.0346,0.0062,2.13,-32.12,21,50.26,-84.88,-141.28
52.421345,-1.534866,180.5,0.1,4,269.34,20 / 21,105410,2019-09-06 19:21:51:153,-0.0486,-0.3218,9.8684,-0.0002,-0.0051,9.8066,-0.0046,0.0261,0.0251,2,-31.5,21.06,49.86,-84.87,-141.47
52.421345,-1.534866,180.5,0.1,4,269.34,20 / 21,105509,2019-09-06 19:21:51:252,0.0363,0.1923,10.0489,0,-0.0064,9.8066,0.0023,0.033,0.0145,2.88,-31.62,20.81,52.87,-84.86,-141.57
52.421345,-1.534866,180.5,0.1,4,269.34,20 / 21,105610,2019-09-06 19:21:51:353,-0.0028,0.297,10.0967,0.0007,0.0049,9.8066,-0.0121,0.0324,0.0191,2.38,-31.5,20.94,49.61,-84.85,-141.72
52.421345,-1.534866,180.5,0.1,4,269.34,20 / 21,105709,2019-09-06 19:21:51:452,0.0217,-0.0952,9.7122,0.0015,0.0046,9.8065,-0.0148,0.0082,0.0238,2.19,-32.06,21.25,50.07,-84.89,-141.45
52.421345,-1.534866,180.5,0.1,4,269.34,20 / 21,105810,2019-09-06 19:21:51:553,0.1137,-0.1053,10.0066,-0.0012,-0.0053,9.8066,-0.0253,0.0354,0.0102,1.75,-31.69,20.63,49.89,-84.84,-141.66
52.421345,-1.534866,180.5,0.1,4,269.34,20 / 21,105910,2019-09-06 19:21:51:653,-0.1329,0.292,9.9636,0.0012,-0.0039,9.8066,-0.0045,0.0199,0.0236,2.31,-31.75,21,49.83,-84.86,-141.7
52.421345,-1.534866,180.5,0.1,4,269.34,20 / 21,106009,2019-09-06 19:21:51:752,0.0026,0.1353,9.9908,0.0005,0.0065,9.8066,-0.0008,0.0214,0.0102,2.5,-31.56,20.88,53.1,-84.87,-141.35
52.421345,-1.534866,180.5,0.1,4,269.34,20 / 21,106109,2019-09-06 19:21:51:852,-0.1211,-0.1676,9.6888,0.001,0.0071,9.8066,-0.0335,0.0245,0.0097,2,-31.5,21.31,50.04,-84.87,-141.31
52.421345,-1.534866,180.5,0.1,4,269.34,20 / 21,106210,2019-09-06 19:21:51:953,-0.0963,0.1529,10.0734,-0.0008,-0.0048,9.8066,-0.0314,0.0065,0.0179,2.38,-32,20.69,50.39,-84.88,-141.16
52.421345,-1.534866,180.5,0.1,4,269.34,20 / 21,106310,2019-09-06 19:21:52:053,-0.0327,-0.0327,9.5931,-0.0023,-0.0067,9.8066,0.0049,0.0037,0.0007,1.94,-31.62,20.81,50.27,-84.86,-141.3
52.421345,-1.534866,180.5,0.1,4,269.34,19 / 21,106410,2019-09-06 19:21:52:153,0.0912,-0.0921,9.884,0.0005,0.0059,9.8066,-0.0075,-0.0104,0.0045,2.44,-31.75,20.94,50.64,-84.88,-140.93
52.421345,-1.534866,180.5,0.1,4,269.34,19 / 21,106510,2019-09-06 19:21:52:253,0.0069,0.2482,10.0657,-0.0014,-0.0066,9.8066,-0.0295,-0.0198,0.001,2.25,-31.44,21.13,50.57,-84.89,-140.8
52.421345,-1.534866,180.5,0.1,4,269.34,19 / 21,106609,2019-09-06 19:21:52:352,-0.0449,-0.445,9.7608,-0.0009,-0.0059,9.8066,-0.0353,-0.02,-0.0083,2.38,-31.94,21.19,50.8,-84.88,-140.79
52.421345,-1.534866,180.5,0.1,4,269.34,19 / 21,106710,2019-09-06 19:21:52:453,0.1493,0.244,10.0737,-0.0005,-0.0051,9.8066,0.0137,-0.0369,-0.0116,2.13,-31.94,20.88,50.6,-84.87,-140.98
52.421345,-1.534866,180.5,0.1,4,269.34,19 / 21,106810,2019-09-06 19:21:52:553,-0.0472,-0.012,9.8443,0.002,0.0072,9.8066,0.0286,-0.0235,-0.0227,1.81,-31.69,21.19,50.92,-84.9,-140.65
52.421345,-1.534866,180.5,0.1,4,269.34,19 / 21,106910,2019-09-06 19:21:52:653,-0.0791,-0.2504,9.7314,-0.0015,-0.0027,9.8066,-0.0154,-0.0337,-0.0113,2.31,-31.81,20.81,50.85,-84.92,-140.69
52.421345,-1.534866,180.5,0.1,4,269.34,19 / 21,107009,2019-09-06 19:21:52:752,0.1671,-0.1597,9.7203,-0.0003,-0.0038,9.8065,-0.0064,-0.0154,-0.0192,1.88,-31.56,20.5,51.07,-84.92,-140.49
52.421345,-1.534866,180.5,0.1,4,269.34,19 / 21,107110,2019-09-06 19:21:52:853,0.0199,0.1428,10.0316,-0.0009,-0.0034,9.8066,0.0279,-0.005,-0.0077,2.38,-31.87,20.44,51.43,-84.91,-140.74
52.421345,-1.534866,180.5,0.1,4,269.34,19 / 21,107210,2019-09-06 19:21:52:953,-0.1861,-0.0007,9.8176,0.0013,0.0005,9.8066,0.0304,0.0041,0.0005,2.38,-32.25,21.31,50.81,-84.92,-140.73
52.421345,-1.534866,180.5,0.1,4,269.34,19 / 21,107309,2019-09-06 19:21:53:052,-0.0494,0.0856,10.0893,-0.0012,-0.0017,9.8066,-0.0114,-0.0172,-0.004,2.31,-31.56,20.38,51.29,-84.92,-140.86
52.421345,-1.534866,180.5,0.1,4,269.34,19 / 21,107409,2019-09-06 19:21:53:152,-0.0082,-0.098,9.7967,-0.0022,-0.0047,9.8066,0.0197,-0.027,-0.0211,2.69,-31.62,21.31,53.52,-84.9,-140.92
52.421345,-1.534866,180.5,0.1,4,269.34,19 / 21,107509,2019-09-06 19:21:53:252,-0.1466,0.158,9.8977,0.0012,0.0039,9.8066,0.0227,-0.035,-0.0118,2.38,-31.87,21.56,50.4,-84.92,-140.59
52.421345,-1.534866,180.5,0.1,4,269.34,19 / 21,107609,2019-09-06 19:21:53:352,0.0056,-0.3231,9.6867,0,0.0039,9.8066,0.002,-0.027,-0.0167,1.56,-32.19,21.06,51.06,-84.92,-140.5
52.421345,-1.534866,180.5,0.1,4,269.34,19 / 21,107709,2019-09-06 19:21:53:452,-0.0447,-0.139,9.6302,-0.0021,-0.0033,9.8066,-0.0125,-0.0329,-0.0243,1.94,-31.75,20.69,51.01,-84.93,-140.53
52.421345,-1.534866,180.5,0.1,4,269.34,19 / 21,107809,2019-09-06 19:21:53:552,0.171,0.027,9.9958,-0.0007,-0.0007,9.8066,0.0421,-0.0347,-0.0121,2.25,-31.94,20.94,51.11,-84.91,-140.47
52.421345,-1.534866,180.5,0.1,4,269.34,19 / 21,107910,2019-09-06 19:21:53:653,-0.0124,-0.3264,9.7089,-0.0012,0.0022,9.8066,0.0341,-0.0229,-0.0214,2.38,-31.56,21.13,51.27,-84.91,-140.32
52.421345,-1.534866,180.5,0.1,4,269.34,19 / 21,108009,2019-09-06 19:21:53:752,0.0408,-0.0976,10.008,0.002,0.0027,9.8066,-0.0052,-0.023,-0.016,2.5,-32.06,20.94,54.24,-84.92,-140.23
52.421345,-1.534866,180.5,0.1,4,269.34,19 / 21,108109,2019-09-06 19:21:53:852,-0.1035,0.275,9.9314,0.0006,0,9.8065,0.0174,-0.011,-0.014,2.38,-31.31,21,51.1,-84.92,-140.28
52.421345,-1.534866,180.5,0.1,4,269.34,19 / 21,108210,2019-09-06 19:21:53:953,-0.0523,-0.1619,9.8077,0.0001,-0.0019,9.8066,0.0309,-0.005,-0.0178,2.13,-31.44,21.19,50.95,-84.91,-140.42
52.421345,-1.534866,180.5,0.1,4,269.34,19 / 21,108310,2019-09-06 19:21:54:053,0.053,0.2183,10.1057,0.0018,-0.0004,9.8066,0.029,-0.0004,-0.0043,2.06,-31.56,21.69,50.53,-84.92,-140.47
52.421345,-1.534866,180.5,0.1,4,269.34,19 / 21,108409,2019-09-06 19:21:54:152,-0.0742,0.3077,10.0757,0.0001,-0.0064,9.8066,0.0145,0.0107,-0.0091,1.88,-31.44,21.5,49.97,-84.9,-140.83
52.421345,-1.534866,180.5,0.1,4,269.34,19 / 21,108510,2019-09-06 19:21:54:253,0.0126,-0.0037,10.0034,0,0.0054,9.8066,0.0145,0.0027,-0.0097,1.81,-32,21.19,50.85,-84.92,-140.7
52.421345,-1.534866,180.5,0.1,4,269.34,19 / 21,108609,2019-09-06 19:21:54:352,-0.1665,-0.1077,9.773,0.0023,0.0076,9.8066,0.0192,-0.0302,-0.0036,2.38,-31.44,20.75,50.6,-84.91,-140.74
52.421345,-1.534866,180.5,0.1,4,269.34,19 / 21,108710,2019-09-06 19:21:54:453,-0.0669,0.0911,10.0988,-0.0012,-0.0049,9.8066,-0.0303,-0.0311,-0.0079,2.25,-32.12,21.13,50.72,-84.93,-140.81
52.421345,-1.534866,180.5,0.1,4,269.34,19 / 21,108809,2019-09-06 19:21:54:552,-0.0439,0.0062,9.6027,-0.0002,-0.0034,9.8066,-0.0276,-0.0286,-0.0154,2.06,-31.25,21,50.57,-84.93,-140.75
52.421345,-1.534866,180.5,0.1,4,269.34,19 / 21,108910,2019-09-06 19:21:54:653,0.0547,0.2916,10.1436,-0.0003,0.0015,9.8066,0.0207,-0.0366,-0.0138,2.13,-31.37,20.94,50.38,-84.93,-140.93
52.421345,-1.534866,180.5,0.1,4,269.34,19 / 21,109009,2019-09-06 19:21:54:752,0.0485,-0.2708,9.7002,0.0011,0.0041,9.8066,0.03,-0.022,-0.0269,2.31,-32.06,21.19,50.72,-84.95,-140.77
52.421345,-1.534866,180.5,0.1,4,269.34,19 / 21,109110,2019-09-06 19:21:54:853,0.1004,0.2163,10.0439,-0.0012,0.0043,9.8066,-0.0126,-0.0328,-0.0112,2.5,-32,21,53.65,-84.94,-140.76
52.421345,-1.534866,180.5,0.1,4,269.34,19 / 21,109210,2019-09-06 19:21:54:953,-0.0221,-0.0104,9.5954,0.0005,-0.003,9.8066,-0.0044,-0.0192,-0.0213,2,-31.62,21.06,50.82,-84.93,-140.71
52.421345,-1.534866,180.5,0.1,4,269.34,20 / 20,109310,2019-09-06 19:21:55:053,-0.0842,-0.1127,9.7882,-0.001,-0.0044,9.8066,-0.0059,-0.0228,-0.0095,2.94,-31.94,21.25,53.41,-84.93,-140.99
52.421345,-1.534866,180.5,0.1,4,269.34,20 / 20,109409,2019-09-06 19:21:55:152,-0.1574,0.1592,9.8745,0.0012,0.003,9.8066,0.0428,-0.013,-0.0034,2,-31.31,20.75,50.53,-84.94,-140.78
52.421345,-1.534866,180.5,0.1,4,269.34,20 / 20,109510,2019-09-06 19:21:55:253,-0.0743,0.1309,9.7693,-0.0002,0.0004,9.8066,0.0054,0.0174,-0.0181,2.31,-31.44,21.31,50.39,-84.93,-140.92
52.421345,-1.534866,180.5,0.1,4,269.34,20 / 20,109609,2019-09-06 19:21:55:352,-0.0968,-0.1595,9.6475,0.0017,-0.0003,9.8066,0.0126,0.0095,0.0094,2.06,-31.19,20.69,50.21,-84.92,-141.09
52.421345,-1.534866,180.5,0.1,4,269.34,20 / 20,109710,2019-09-06 19:21:55:453,0.0327,-0.0992,9.9587,-0.0002,0.0019,9.8066,-0.0135,-0.0153,0.002,2.75,-31.75,21.19,53.29,-84.93,-141.09
52.421345,-1.534866,180.5,0.1,4,269.34,20 / 20,109809,2019-09-06 19:21:55:552,-0.0331,-0.1251,9.6664,-0.0004,-0.0008,9.8066,0.0003,-0.0166,-0.004,2.19,-31.5,21.63,49.5,-84.92,-141.23
52.421345,-1.534866,180.5,0.1,4,269.34,20 / 20,109910,2019-09-06 19:21:55:653,-0.0633,-0.4126,9.6516,0.0002,0,9.8066,-0.0309,-0.0211,-0.0121,2,-31.75,20.56,50.3,-84.93,-141.19
52.421345,-1.534866,180.5,0.1,4,269.34,20 / 20,110010,2019-09-06 19:21:55:753,0.1364,-0.2531,9.6511,-0.0006,0.0039,9.8066,-0.0198,-0.0263,-0.0063,2.56,-31.69,21.13,53.26,-84.92,-141.13
52.421345,-1.534866,180.5,0.1,4,269.34,20 / 20,110109,2019-09-06 19:21:55:852,-0.0234,-0.0265,10.0879,0.0016,0.0036,9.8066,0.0115,-0.0249,-0.0206,2.69,-31.81,20.88,53.24,-84.94,-141.13
52.421345,-1.534866,180.5,0.1,4,269.34,20 / 20,110209,2019-09-06 19:21:55:952,-0.1328,-0.1804,9.6623,-0.0008,-0.0027,9.8066,0.0095,-0.0315,-0.0101,2.25,-31.37,21.13,50.23,-84.93,-141.07
52.421345,-1.534866,180.5,0.1,4,269.34,20 / 20,110309,2019-09-06 19:21:56:052,-0.0113,-0.3327,9.7705,-0.0009,-0.0065,9.8066,-0.0012,0.0246,0.0141,2.31,-31.56,21.13,50.24,-84.9,-141.28
52.421345,-1.534866,180.5,0.1,4,269.34,20 / 20,110409,2019-09-06 19:21:56:152,-0.0486,0.104,10.089,0.0015,0.0061,9.8066,0.0137,0.0249,0.0262,2.31,-31.56,20.94,50.39,-84.93,-141.11
52.421345,-1.534866,180.5,0.1,4,269.34,20 / 20,110510,2019-09-06 19:21:56:253,-0.1618,0.1679,9.9531,-0.0011,0.0041,9.8066,-0.0016,0.044,0.0121,1.69,-31.44,20.88,50.26,-84.91,-141.06
52.421345,-1.534866,180.5,0.1,4,269.34,20 / 20,110609,2019-09-06 19:21:56:352,-0.0522,-0.2273,9.9331,-0.0008,-0.0052,9.8066,-0.0054,0.0267,0.0248,2.5,-31.94,21.31,53.19,-84.89,-141.24
52.421345,-1.534866,180.5,0.1,4,269.34,20 / 20,110709,2019-09-06 19:21:56:452,-0.0353,0.1894,9.7854,-0.0009,-0.0042,9.8066,-0.0043,0.0356,0.0233,2.25,-31.37,21.38,50.19,-84.88,-141.15
52.421345,-1.534866,180.5,0.1,4,269.34,20 / 20,110809,2019-09-06 19:21:56:552,0.0887,-0.2062,9.5748,-0.0004,0.0035,9.8066,-0.0202,0.032,0.0138,2.31,-32,20.81,50.52,-84.91,-141.01
52.421345,-1.534866,180.5,0.1,4,269.34,20 / 20,110909,2019-09-06 19:21:56:652,-0.0035,-0.2999,9.7054,0.001,0.0047,9.8066,-0.014,0.0232,0.0261,2,-31.19,21.31,50.41,-84.91,-140.92
52.421345,-1.534866,180.5,0.1,4,269.34,20 / 20,111010,2019-09-06 19:21:56:753,0.0814,-0.0777,10.0689,-0.0016,-0.0034,9.8065,-0.013,0.0312,0.0174,2.5,-31.62,20.75,53.38,-84.9,-141.04
52.421345,-1.534866,180.5,0.1,4,269.34,20 / 20,111110,2019-09-06 19:21:56:853,-0.0173,-0.0113,9.6016,-0.0011,-0.0049,9.8066,-0.0313,0.0164,0.0187,2.38,-31.87,21.06,50.36,-84.87,-141.2
52.421345,-1.534866,180.5,0.1,4,269.34,20 / 20,111210,2019-09-06 19:21:56:953,-0.0501,0.0377,10.0647,0.0012,0.0068,9.8066,0.0004,0.0215,0.0183,2.31,-31.44,21.13,50.42,-84.9,-140.93
52.421345,-1.534866,180.5,0.1,4,269.34,20 / 20,111310,2019-09-06 19:21:57:053,-0.1043,0.2263,10.0031,0.0004,0.0047,9.8066,-0.0101,0.0123,0.0128,2.13,-31.5,20.94,50.44,-84.89,-140.92
52.421345,-1.534866,180.5,0.1,4,269.34,20 / 20,111410,2019-09-06 19:21:57:153,0.016,-0.29,9.6684,-0.0009,-0.0051,9.8066,-0.0363,-0.0075,0.0114,2.81,-31.5,20.94,53.42,-84.89,-140.83
52.421345,-1.534866,180.5,0.1,4,269.34,20 / 20,111509,2019-09-06 19:21:57:252,0.0655,0.2008,10.0139,-0.0019,-0.0055,9.8066,-0.0302,-0.0115,-0.0058,2.25,-31.94,20.94,50.65,-84.87,-140.94
52.421345,-1.534866,180.5,0.1,4,269.34,20 / 20,111609,2019-09-06 19:21:57:352,-0.1296,-0.1007,9.7121,0.0022,0.0048,9.8066,0.0079,-0.0322,0.0011,2.25,-31.87,21.25,50.79,-84.9,-140.78
52.421345,-1.534866,180.5,0.1,4,269.34,20 / 20,111709,2019-09-06 19:21:57:452,0.0213,-0.2111,9.8873,0.0004,0.0049,9.8066,-0.0122,-0.0216,-0.0172,2.44,-31.62,21.25,50.89,-84.89,-140.7
52.421345,-1.534866,180.5,0.1,4,269.34,20 / 20,111809,2019-09-06 19:21:57:552,0.0197,0.1219,10.0176,-0.0009,-0.0034,9.8066,-0.0118,-0.0243,-0.0153,2.13,-30.75,21,50.65,-84.9,-140.71
52.421345,-1.534866,180.5,0.1,4,269.34,20 / 20,111909,2019-09-06 19:21:57:652,-0.0619,-0.04,9.6309,-0.0002,-0.0018,9.8066,0.033,-0.0217,-0.0086,2.19,-31.44,20.5,50.6,-84.89,-140.78
52.421345,-1.534866,180.5,0.1,4,269.34,20 / 20,112011,2019-09-06 19:21:57:754,-0.0014,0.1575,10.0787,-0.0001,0.0017,9.8066,0.0251,-0.0063,-0.0129,1.81,-31.5,21,50.5,-84.89,-140.86
52.421345,-1.534866,180.5,0.1,4,269.34,20 / 20,112110,2019-09-06 19:21:57:853,-0.1144,-0.2617,9.6673,0.0016,-0.0006,9.8066,0.0076,-0.0052,0.0022,1.81,-31.69,21.19,50.65,-84.9,-140.91
52.421345,-1.534866,180.5,0.1,4,269.34,20 / 20,112209,2019-09-06 19:21:57:952,-0.1369,0.2161,9.997,0.0001,0.0002,9.8066,0.0048,0.0145,-0.0075,1.94,-31.44,21.06,50.45,-84.89,-140.91
52.421345,-1.534866,180.5,0.1,4,269.34,20 / 20,112309,2019-09-06 19:21:58:052,-0.002,-0.1011,9.6561,0.0018,0.0005,9.8066,0.011,0.0091,0.0096,2.25,-31.62,20.56,50.49,-84.9,-141.05
52.421345,-1.534866,180.5,0.1,4,269.34,19 / 20,112410,2019-09-06 19:21:58:153,-0.0379,0.286,10.0945,0,-0.0022,9.8066,0.0157,0.0249,0.0158,2.88,-31.62,20.75,53.21,-84.88,-141.23
52.421345,-1.534866,180.5,0.1,4,269.34,19 / 20,112510,2019-09-06 19:21:58:253,-0.0032,-0.066,9.5466,-0.0021,-0.0049,9.8066,-0.0034,0.0238,0.0032,2.06,-31.75,21.06,50.4,-84.88,-141.16
52.421345,-1.534866,180.5,0.1,4,269.34,19 / 20,112609,2019-09-06 19:21:58:352,-0.0651,-0.1334,9.7789,0.0011,0.0048,9.8065,0.0005,0.0321,0.0193,1.81,-31.75,21.13,50.45,-84.88,-141.12
52.421345,-1.534866,180.5,0.1,4,269.34,19 / 20,112709,2019-09-06 19:21:58:452,0.05,0.252,10.1708,0.0006,0.0039,9.8066,0.0014,0.0315,0.0167,2.44,-31.62,20.56,50.6,-84.89,-140.96
52.421345,-1.534866,180.5,0.1,4,269.34,19 / 20,112810,2019-09-06 19:21:58:553,-0.1273,0.2639,10.1219,-0.0012,-0.0051,9.8066,-0.0153,0.0231,0.024,2.38,-31.25,21.25,50.05,-84.87,-141.31
52.421345,-1.534866,180.5,0.1,4,269.34,19 / 20,112909,2019-09-06 19:21:58:652,-0.0149,0.195,9.7775,-0.0007,-0.0033,9.8066,0.0019,0.0308,0.0254,2.06,-31.31,21.06,50.15,-84.87,-141.21
52.421345,-1.534866,180.5,0.1,4,269.34,19 / 20,113009,2019-09-06 19:21:58:752,0.0465,-0.2345,9.5706,0.0002,0.0035,9.8066,-0.0128,0.0374,0.0114,2.31,-32.06,21.25,50.56,-84.87,-141.02
52.421345,-1.534866,180.5,0.1,4,269.34,19 / 20,113109,2019-09-06 19:21:58:852,-0.0554,-0.0193,9.983,0.0026,0.0057,9.8066,0.0046,0.0261,0.0264,2.5,-31.31,21.31,53.23,-84.89,-141.01
52.421345,-1.534866,180.5,0.1,4,269.34,19 / 20,113209,2019-09-06 19:21:58:952,-0.1878,-0.0572,9.7656,-0.0023,-0.006,9.8066,-0.0294,0.0346,0.0143,2.31,-31.75,21.25,50.46,-84.88,-141.1
52.421345,-1.534866,180.5,0.1,4,269.34,19 / 20,113310,2019-09-06 19:21:59:053,0.1329,-0.2468,9.6308,-0.0009,-0.0044,9.8066,-0.0168,0.0206,0.0177,2.25,-31.81,21.44,50.33,-84.85,-141.26
52.421345,-1.534866,180.5,0.1,4,269.34,19 / 20,113409,2019-09-06 19:21:59:152,-0.0508,0.1196,9.9493,0.0007,0.0024,9.8066,-0.0096,0.0183,0.0126,2.25,-32,21.44,50.69,-84.87,-140.91
52.421345,-1.534866,180.5,0.1,4,269.34,19 / 20,113509,2019-09-06 19:21:59:252,-0.0961,-0.1951,9.6517,0.0002,0.0041,9.8066,-0.0262,0.0057,0.0043,2.44,-31.25,20.88,50.53,-84.87,-140.86
52.421345,-1.534866,180.5,0.1,4,269.34,19 / 20,113609,2019-09-06 19:21:59:352,-0.0625,0.2678,10.1112,-0.0015,-0.0075,9.8066,-0.0287,-0.0119,0.0016,2.25,-31.37,20.94,50.68,-84.89,-140.7
52.421345,-1.534866,180.5,0.1,4,269.34,19 / 20,113710,2019-09-06 19:21:59:453,-0.0632,-0.0585,9.6735,-0.0016,-0.0045,9.8066,-0.0321,-0.0074,-0.0087,1.69,-31.25,20.88,50.37,-84.85,-141.03
52.421345,-1.534866,180.5,0.1,4,269.34,19 / 20,113810,2019-09-06 19:21:59:553,0.1227,0.0446,10.0192,0.0002,0.0033,9.8066,0.0144,-0.023,0.0019,2.38,-31.56,21.25,50.87,-84.88,-140.72
52.421345,-1.534866,180.5,0.1,4,269.34,19 / 20,113910,2019-09-06 19:21:59:653,-0.052,0.1387,10.0635,-0.0008,-0.0023,9.8066,-0.022,-0.0269,-0.0147,2.5,-31.31,20.94,53.6,-84.87,-140.69
52.421345,-1.534866,180.5,0.1,4,269.34,19 / 20,114009,2019-09-06 19:21:59:752,-0.031,0.179,9.8544,0.0002,-0.0032,9.8066,-0.0174,-0.0294,-0.0154,1.75,-31.69,21.13,51.01,-84.89,-140.59
52.421345,-1.534866,180.5,0.1,4,269.34,19 / 20,114110,2019-09-06 19:21:59:853,0.1091,-0.1427,9.621,0.0011,0.0021,9.8066,0.023,-0.0362,-0.0074,2.19,-31.37,20.81,50.57,-84.87,-140.82
52.421345,-1.534866,180.5,0.1,4,269.34,19 / 20,114209,2019-09-06 19:21:59:952,0.0403,-0.265,9.7151,-0.0008,0.0023,9.8066,0.022,-0.018,-0.0271,2.13,-31.44,20.94,50.75,-84.88,-140.64
52.421345,-1.534866,180.5,0.1,4,269.34,19 / 20,114310,2019-09-06 19:22:00:053,-0.0905,0.2519,10.0279,0.002,0,9.8066,0.0339,-0.0298,-0.0156,2.31,-31.56,21.63,50.2,-84.87,-140.83
52.421345,-1.534866,180.5,0.1,4,269.34,19 / 20,114409,2019-09-06 19:22:00:152,-0.0919,0.1546,10.0066,-0.0006,-0.0001,9.8066,-0.0004,0.0027,-0.0115,2.81,-31.12,21.81,52.63,-84.88,-140.94
52.421345,-1.534866,180.5,0.1,4,269.34,19 / 20,114510,2019-09-06 19:22:00:253,-0.0005,-0.1098,9.7821,-0.0003,-0.0029,9.8066,0.012,-0.0033,0.0027,2.38,-31.19,21.13,50.31,-84.88,-141.05
52.421345,-1.534866,180.5,0.1,4,269.34,19 / 20,114610,2019-09-06 19:22:00:353,-0.0503,-0.3359,9.6876,0.002,0.0014,9.8066,0.0097,0.0295,0.0107,2.19,-31.5,21.38,50.3,-84.87,-141.06
52.421345,-1.534866,180.5,0.1,4,269.34,19 / 20,114709,2019-09-06 19:22:00:452,-0.1503,0.1113,10.0724,-0.0001,-0.0034,9.8066,-0.0125,0.029,0.0024,2.75,-31.25,21.19,53.16,-84.88,-141.09
52.421345,-1.534866,180.5,0.1,4,269.34,19 / 20,114809,2019-09-06 19:22:00:552,-0.0445,0.0052,9.6649,0.0014,0.0064,9.8066,-0.003,0.0345,0.021,2.13,-31.81,21.38,50.37,-84.86,-141.21
52.421345,-1.534866,180.5,0.1,4,269.34,19 / 20,114909,2019-09-06 19:22:00:652,-0.0227,-0.328,9.7654,0.0012,0.0048,9.8066,-0.0073,0.0335,0.0123,2.19,-32.06,21.38,50.58,-84.89,-140.98
52.421345,-1.534866,180.5,0.1,4,269.34,19 / 20,115009,2019-09-06 19:22:00:752,-0.1321,0.1595,9.9887,-0.0013,-0.0062,9.8066,-0.0185,0.0079,0.0175,2,-31.62,20.94,50.25,-84.85,-141.33
52.421345,-1.534866,180.5,0.1,4,269.34,19 / 20,115110,2019-09-06 19:22:00:853,-0.071,0.0684,9.5725,-0.001,-0.004,9.8066,-0.0043,0.02,0.0084,2.63,-31.87,21.06,53.2,-84.85,-141.29
52.421345,-1.534866,180.5,0.1,4,269.34,19 / 20,115209,2019-09-06 19:22:00:952,0.1976,-0.1321,9.7926,0.0001,0.0055,9.8066,-0.007,0.0123,0.0113,1.88,-31.62,21.25,50.12,-84.84,-141.46
52.421345,-1.534866,180.5,0.1,4,269.34,19 / 20,115309,2019-09-06 19:22:01:052,-0.0228,-0.318,9.8373,0.0008,0.0099,9.8066,-0.0356,0.0024,0.0213,2.19,-31.37,21.19,50.41,-84.87,-140.97
52.421345,-1.534866,180.5,0.1,4,269.34,19 / 20,115410,2019-09-06 19:22:01:153,-0.0428,0.1875,9.857,-0.0029,-0.0079,9.8066,-0.0286,0.0046,0.0033,2.31,-31.69,21.81,49.87,-84.83,-141.18
52.421345,-1.534866,180.5,0.1,4,269.34,19 / 20,115509,2019-09-06 19:22:01:252,0.0045,-0.1993,9.9101,0.0004,-0.0066,9.8066,-0.0388,-0.0014,0.0095,2.19,-31.5,21.75,49.87,-84.86,-140.97
52.421345,-1.534866,180.5,0.1,4,269.34,19 / 20,115610,2019-09-06 19:22:01:353,0.0193,-0.0131,9.911,0.0005,0.0025,9.8066,0.0214,0.0045,-0.0063,2.5,-31.5,21.63,52.75,-84.87,-140.84
52.421345,-1.534866,180.5,0.1,4,269.34,19 / 20,115709,2019-09-06 19:22:01:452,0.0578,-0.2,9.9906,-0.0002,-0.0018,9.8066,0.0252,0.0121,0.0024,2.31,-31.31,21.38,50.28,-84.85,-141.11
52.421345,-1.534866,180.5,0.1,4,269.34,19 / 20,115809,2019-09-06 19:22:01:552,-0.0735,0.0482,9.6076,0.0006,0.0003,9.8066,0.0139,0.0147,0.002,2.5,-31.19,21.25,53.21,-84.88,-141.05
52.421345,-1.534866,180.5,0.1,4,269.34,19 / 20,115910,2019-09-06 19:22:01:653,-0.0039,-0.0065,10.1103,0.0011,0.0017,9.8066,0.0057,0.0074,0.0109,2.06,-31.62,21.13,50.48,-84.89,-141.08
52.421345,-1.534866,180.5,0.1,4,269.34,19 / 20,116009,2019-09-06 19:22:01:752,-0.0897,0.232,10.0099,0.0006,0.0062,9.8066,-0.0025,0.0278,0.0071,1.63,-31.62,21.44,50.55,-84.89,-141.01
52.421345,-1.534866,180.5,0.1,4,269.34,19 / 20,116109,2019-09-06 19:22:01:852,-0.0058,-0.234,9.6809,-0.0003,-0.006,9.8066,-0.0012,0.0212,0.0094,2.31,-31.5,20.94,50.51,-84.9,-140.84
52.421345,-1.534866,180.5,0.1,4,269.34,19 / 20,116210,2019-09-06 19:22:01:953,0.0172,-0.4295,9.8485,-0.001,-0.0047,9.8066,0.016,0.0319,0.0158,2.25,-31.5,21.44,50.16,-84.88,-141.18
52.421345,-1.534866,180.5,0.1,4,269.34,19 / 20,116310,2019-09-06 19:22:02:053,0.1729,0.0348,9.8139,0.0003,0.0033,9.8066,-0.0162,0.0323,0.0057,2.19,-31.25,21.56,49.75,-84.89,-141.04
52.421345,-1.534866,180.5,0.1,4,269.34,20 / 20,116409,2019-09-06 19:22:02:152,0.0475,0.2123,10.0492,-0.0006,0.0042,9.8066,-0.0193,0.0199,0.0221,2.5,-31.87,21.25,53.58,-84.89,-140.89
52.421345,-1.534866,180.5,0.1,4,269.34,20 / 20,116510,2019-09-06 19:22:02:253,-0.0559,-0.3633,9.7095,-0.0011,-0.0035,9.8066,-0.0153,0.0344,0.0164,2.56,-31.25,21.44,53.3,-84.89,-140.94
52.421345,-1.534866,180.5,0.1,4,269.34,20 / 20,116609,2019-09-06 19:22:02:352,-0.0669,0.0987,10.0938,-0.0001,-0.0001,9.8066,-0.0278,0.0141,0.025,2.13,-31.37,20.69,50.4,-84.89,-140.96
52.421345,-1.534866,180.5,0.1,4,269.34,20 / 20,116710,2019-09-06 19:22:02:453,-0.058,0.0929,9.9213,-0.0001,-0.0021,9.8066,0.0033,0.0118,0.0086,2.38,-31.12,21.69,49.78,-84.89,-141.02
52.421345,-1.534866,180.5,0.1,4,269.34,20 / 20,116809,2019-09-06 19:22:02:552,-0.0832,-0.2936,9.6966,0.0009,-0.0013,9.8066,-0.0026,-0.0004,0.0065,2.63,-31.5,21.25,53.3,-84.89,-140.95
52.421345,-1.534866,180.5,0.1,4,269.34,20 / 20,116909,2019-09-06 19:22:02:652,-0.0529,0.236,10.0038,-0.0009,-0.0019,9.8066,-0.0297,-0.0048,0.0065,3,-31.75,20.88,53.47,-84.88,-140.99
52.421345,-1.534866,180.5,0.1,4,269.34,20 / 20,117010,2019-09-06 19:22:02:753,-0.0583,-0.08,9.6512,0.0013,0.0031,9.8066,-0.0388,-0.0124,-0.0135,2.56,-31.87,21.06,53.46,-84.89,-140.99
52.421345,-1.534866,180.5,0.1,4,269.34,20 / 20,117110,2019-09-06 19:22:02:853,0.0606,0.0964,10.0676,-0.0014,0.0036,9.8066,0.0158,-0.0331,-0.0061,2.06,-31.94,21.31,50.86,-84.9,-140.72
52.421345,-1.534866,180.5,0.1,4,269.34,20 / 20,117210,2019-09-06 19:22:02:953,-0.1125,0.1605,10.1334,-0.0003,-0.0031,9.8066,0.018,-0.0234,-0.0202,1.88,-31.44,20.69,50.63,-84.9,-140.74
52.421345,-1.534866,180.5,0.1,4,269.34,20 / 20,117309,2019-09-06 19:22:03:052,-0.0441,0.1831,9.8627,-0.001,-0.0053,9.8065,-0.0186,-0.0318,-0.0168,2.13,-31.5,21.06,50.88,-84.89,-140.52
52.421345,-1.534866,180.5,0.1,4,269.34,21 / 21,117410,2019-09-06 19:22:03:153,0.0667,-0.1212,9.5688,-0.0004,-0.0032,9.8066,-0.0164,-0.0223,-0.0184,2.56,-32,21.56,53.13,-84.87,-140.68
52.421345,-1.534866,180.5,0.1,4,269.34,21 / 21,117509,2019-09-06 19:22:03:252,-0.0525,-0.3385,9.589,-0.0003,0.0039,9.8066,0.0326,-0.0296,-0.0247,3,-31.69,21.13,54.02,-84.88,-140.49
52.421345,-1.534866,180.5,0.1,4,269.34,21 / 21,117610,2019-09-06 19:22:03:353,0.0125,-0.3026,9.9176,0.001,0.0025,9.8066,-0.0172,-0.0364,-0.0225,2.13,-31.69,20.88,51.09,-84.88,-140.52
52.421345,-1.534866,180.5,0.1,4,269.34,21 / 21,117710,2019-09-06 19:22:03:453,-0.1045,0.0568,9.6937,0.0003,-0.001,9.8066,-0.0038,-0.0274,-0.0191,2.63,-31.44,20.94,53.83,-84.88,-140.47
52.421345,-1.534866,180.5,0.1,4,269.34,21 / 21,117810,2019-09-06 19:22:03:553,-0.0316,-0.0248,9.9701,-0.0008,-0.0028,9.8066,0.0331,-0.0244,-0.0278,1.81,-31.62,20.69,51.05,-84.88,-140.56
52.421345,-1.534866,180.5,0.1,4,269.34,21 / 21,117909,2019-09-06 19:22:03:652,-0.0578,0.2836,10.1131,0.0015,0.001,9.8066,0.0323,-0.0386,-0.0243,2,-31.25,21.38,51.05,-84.87,-140.38
52.421345,-1.534866,180.5,0.1,4,269.34,21 / 21,118010,2019-09-06 19:22:03:753,-0.0832,0.2856,10.0404,-0.0009,0.0021,9.8066,0.0037,-0.0228,-0.0204,2.19,-31.62,21.19,51.21,-84.88,-140.42
52.421345,-1.534866,180.5,0.1,4,269.34,21 / 21,118109,2019-09-06 19:22:03:852,-0.0925,0.0595,9.6767,-0.0004,-0.0013,9.8066,0.0054,-0.0305,-0.0131,1.81,-31,20.88,51.02,-84.88,-140.4
52.421345,-1.534866,180.5,0.1,4,269.34,21 / 21,118210,2019-09-06 19:22:03:953,0.0602,-0.3032,9.6443,-0.0007,0.0001,9.8066,0.0121,-0.0165,-0.0195,2.56,-30.75,21,54,-84.87,-140.32
52.421345,-1.534866,180.5,0.1,4,269.34,21 / 21,118310,2019-09-06 19:22:04:053,0.006,0.1522,9.9544,0.0008,0.0004,9.8066,-0.0265,0.0092,0.021,2.13,-31.31,21.06,51.15,-84.87,-140.29
52.421345,-1.534866,180.5,0.1,4,269.34,20 / 20,118410,2019-09-06 19:22:04:153,0.0097,-0.3744,9.7639,0.0002,-0.0065,9.8066,-0.0301,0.0205,0.0062,2.5,-31.5,20.81,54.15,-84.88,-140.17
52.421345,-1.534866,180.5,0.1,4,269.34,20 / 20,118510,2019-09-06 19:22:04:253,-0.1449,0.1571,9.7738,0.0003,-0.0021,9.8066,-0.0119,-0.0088,0.0057,2.69,-31.31,21.38,53.9,-84.87,-140.41
52.421345,-1.534866,180.5,0.1,4,269.34,20 / 20,118609,2019-09-06 19:22:04:352,-0.016,-0.0627,9.9572,0.0006,0.0037,9.8066,0.0109,0.0131,-0.0002,1.94,-31.81,21.25,51.22,-84.86,-140.43
52.421345,-1.534866,180.5,0.1,4,269.34,20 / 20,118710,2019-09-06 19:22:04:453,0.1226,-0.0118,10.0182,0.0017,0.0033,9.8066,0.0166,0.0236,0.0094,2.75,-31.44,20.88,53.96,-84.89,-140.34
52.421345,-1.534866,180.5,0.1,4,269.34,20 / 20,118809,2019-09-06 19:22:04:552,-0.1527,0.1709,9.7888,-0.0002,-0.0033,9.8066,-0.0157,0.0331,0.0114,2.19,-32,21.06,51.4,-84.87,-140.25
52.421345,-1.534866,180.5,0.1,4,269.34,20 / 20,118909,2019-09-06 19:22:04:652,0.0008,-0.0215,9.9517,-0.0017,-0.0071,9.8066,0.0031,0.0211,0.0159,2.25,-31.62,21.19,51.23,-84.85,-140.43
52.421345,-1.534866,180.5,0.1,4,269.34,20 / 20,119010,2019-09-06 19:22:04:753,0.0182,0.2825,10.0844,0.0013,0.0039,9.8066,-0.0252,0.0359,0.0155,2.44,-31.75,21.38,51.32,-84.88,-140.31
52.421345,-1.534866,180.5,0.1,4,269.34,20 / 20,119109,2019-09-06 19:22:04:852,-0.0452,-0.2919,9.7868,-0.0017,0.0014,9.8066,-0.0276,0.0153,0.0307,2.5,-31.06,21.25,54.01,-84.86,-140.33
52.421345,-1.534866,180.5,0.1,4,269.34,20 / 20,119209,2019-09-06 19:22:04:952,0.0482,-0.0442,9.7534,0.0001,-0.003,9.8066,-0.0043,0.018,0.0049,2.75,-31.87,20.94,54.01,-84.86,-140.52
52.421345,-1.534866,180.5,0.1,4,269.34,20 / 20,119310,2019-09-06 19:22:05:053,0.0791,0.1836,10.1589,-0.0015,-0.0038,9.8066,-0.018,0.002,0.0053,2.25,-31.69,21.13,51.12,-84.85,-140.53
52.421345,-1.534866,180.5,0.1,4,269.34,20 / 20,119410,2019-09-06 19:22:05:153,0.0066,0.0396,9.8219,-0.0004,-0.0018,9.8066,-0.0334,-0.0049,0.0186,2.19,-31.81,21.13,51,-84.85,-140.64
52.421345,-1.534866,180.5,0.1,4,269.34,20 / 20,119509,2019-09-06 19:22:05:252,-0.0757,0.0728,9.8373,0.0016,-0.0009,9.8066,-0.0271,0.0017,-0.0064,2.06,-31.37,20.88,50.85,-84.85,-140.59
52.421345,-1.534866,180.5,0.1,4,269.34,20 / 20,119609,2019-09-06 19:22:05:352,0.2046,-0.1194,9.638,-0.0015,-0.0005,9.8066,0.0067,-0.0213,0.0033,2,-31.69,21.44,50.93,-84.84,-140.72
52.421345,-1.534866,180.5,0.1,4,269.34,20 / 20,119709,2019-09-06 19:22:05:452,0.0373,0.1041,9.9794,0.0018,0.0017,9.8066,0.0167,-0.0134,-0.0121,2.38,-31.44,21.25,50.62,-84.86,-140.78
52.421345,-1.534866,180.5,0.1,4,269.34,20 / 20,119810,2019-09-06 19:22:05:553,-0.0802,-0.1207,9.7812,-0.0007,-0.0049,9.8066,-0.0296,-0.0207,-0.0103,2.81,-31.62,20.69,53.41,-84.83,-141.12
52.421345,-1.534866,180.5,0.1,4,269.34,20 / 20,119910,2019-09-06 19:22:05:653,-0.0309,-0.3351,9.7638,-0.0009,-0.0038,9.8066,-0.0266,-0.0203,-0.0084,2.25,-32,20.63,50.83,-84.85,-140.8
52.421345,-1.534866,180.5,0.1,4,269.34,20 / 20,120009,2019-09-06 19:22:05:752,0.0205,0.2282,10.2058,-0.0022,-0.0062,9.8066,-0.0155,-0.035,-0.0167,1.88,-31.44,21.06,50.49,-84.81,-140.97
52.421345,-1.534866,180.5,0.1,4,269.34,20 / 20,120109,2019-09-06 19:22:05:852,-0.1222,0.2031,9.9059,0.0016,0.0054,9.8066,0.0175,-0.0407,-0.0145,2.75,-31.5,21,53.55,-84.84,-140.78
52.421345,-1.534866,180.5,0.1,4,269.34,20 / 20,120209,2019-09-06 19:22:05:952,0.0293,-0.3131,9.6443,-0.0004,0.0029,9.8066,-0.0076,-0.0308,-0.0124,2.44,-32,21.31,50.92,-84.83,-140.74
52.421345,-1.534866,180.5,0.1,4,269.34,20 / 20,120310,2019-09-06 19:22:06:053,-0.0581,0.0056,9.5969,-0.0022,-0.004,9.8066,-0.0276,-0.027,-0.0162,2.44,-31.87,21.06,50.81,-84.83,-140.84
52.421345,-1.534866,180.5,0.1,4,269.34,20 / 20,120409,2019-09-06 19:22:06:152,-0.0571,0.3293,10.1025,0.0038,0.0007,9.8066,0.0447,-0.0358,-0.0167,2.19,-31.5,20.75,50.35,-84.83,-141.08
52.421345,-1.534866,180.5,0.1,4,269.34,20 / 20,120510,2019-09-06 19:22:06:253,-0.0335,-0.1444,9.7653,0.0006,0.0049,9.8066,0.043,-0.0254,-0.018,2.06,-31.12,20.75,50.9,-84.82,-140.58
52.421345,-1.534866,180.5,0.1,4,269.34,20 / 20,120609,2019-09-06 19:22:06:352,-0.0446,-0.3528,9.6341,0.0004,0.0026,9.8066,0.032,-0.0352,-0.0203,2.13,-31.69,21.19,51.11,-84.81,-140.59
52.421345,-1.534866,180.5,0.1,4,269.34,20 / 20,120709,2019-09-06 19:22:06:452,-0.1763,0.16,9.9801,-0.0002,-0.0031,9.8066,0.0055,-0.016,-0.0192,2.44,-31.37,21.31,50.97,-84.81,-140.53
52.421345,-1.534866,180.5,0.1,4,269.34,20 / 20,120810,2019-09-06 19:22:06:553,0.004,0.0706,9.8846,-0.0005,-0.0011,9.8066,0.0185,-0.0115,-0.0145,2.63,-31.62,21.38,53.9,-84.81,-140.69
52.421345,-1.534866,180.5,0.1,4,269.34,20 / 20,120909,2019-09-06 19:22:06:652,0.0879,-0.229,9.8446,0.0007,-0.0001,9.8066,-0.0323,0.0158,0.0022,1.81,-31.69,21.5,50.64,-84.82,-140.49
52.421345,-1.534866,180.5,0.1,4,269.34,20 / 20,121010,2019-09-06 19:22:06:753,-0.1088,0.2266,10.0781,-0.0015,-0.0033,9.8065,-0.0304,-0.0035,0.0121,2.44,-31.62,21.13,51.21,-84.81,-140.49
52.421345,-1.534866,180.5,0.1,4,269.34,20 / 20,121109,2019-09-06 19:22:06:852,-0.047,0.126,9.7029,0.0012,0.0012,9.8066,0.0136,0.0011,-0.0039,2.31,-31.75,20.5,51.43,-84.83,-140.27
52.421345,-1.534866,180.5,0.1,4,269.34,20 / 20,121209,2019-09-06 19:22:06:952,-0.1693,-0.0761,9.7572,0.0009,0.0046,9.8066,0.0069,-0.0211,-0.0041,2.31,-31.81,21.06,51.55,-84.84,-140.15
52.421345,-1.534866,180.5,0.1,4,269.34,20 / 20,121310,2019-09-06 19:22:07:053,-0.0134,-0.3569,9.7502,-0.0009,-0.0045,9.8066,-0.0302,-0.0222,-0.0086,2.56,-31.5,21.38,54.22,-84.86,-140.14
52.421345,-1.534866,180.5,0.1,4,269.34,20 / 20,121410,2019-09-06 19:22:07:153,0.0963,-0.0153,10.0361,0.0002,-0.0028,9.8066,-0.0285,-0.0201,-0.0165,2.13,-31.69,21.19,51.38,-84.84,-140.31
52.421345,-1.534866,180.5,0.1,4,269.34,20 / 20,121509,2019-09-06 19:22:07:252,0.0702,0.2069,10.0587,-0.0001,0.0026,9.8066,0.0233,-0.0386,-0.0114,2.13,-31.56,20.56,51.4,-84.85,-140.28
52.421345,-1.534866,180.5,0.1,4,269.34,20 / 20,121610,2019-09-06 19:22:07:353,0.0194,0.0027,9.8389,-0.0004,-0.0047,9.8066,0.036,-0.0252,-0.0281,2.44,-31.75,20.88,51.33,-84.86,-140.33
52.421345,-1.534866,180.5,0.1,4,269.34,20 / 20,121709,2019-09-06 19:22:07:452,-0.0312,-0.2981,9.6559,-0.0007,-0.004,9.8066,-0.0061,-0.0359,-0.0172,2.44,-31.62,20.5,51.07,-84.83,-140.6
52.421345,-1.534866,180.5,0.1,4,269.34,20 / 20,121810,2019-09-06 19:22:07:553,0.1295,-0.2685,9.5911,-0.0002,-0.004,9.8065,0.001,-0.0224,-0.0217,2.44,-32,21.44,50.92,-84.83,-140.74
52.421345,-1.534866,180.5,0.1,4,269.34,20 / 20,121909,2019-09-06 19:22:07:652,0.0216,0.0208,10.041,0.0001,0.0024,9.8066,0.0349,-0.0226,-0.021,2.13,-31.56,21.25,50.81,-84.83,-140.85
52.421345,-1.534866,180.5,0.1,4,269.34,20 / 20,122009,2019-09-06 19:22:07:752,-0.1025,0.2645,10.038,0.0005,0.0045,9.8066,0.031,-0.0275,-0.0149,2.06,-31.94,21.19,50.97,-84.84,-140.68
52.421345,-1.534866,180.5,0.1,4,269.34,20 / 20,122110,2019-09-06 19:22:07:853,-0.0661,0.3198,9.9965,-0.0002,-0.0051,9.8066,0.0114,-0.0143,-0.0169,2.5,-31.62,21.25,53.57,-84.82,-140.98
52.421345,-1.534866,180.5,0.1,4,269.34,20 / 20,122209,2019-09-06 19:22:07:952,-0.0125,0.0507,9.6493,-0.0011,-0.0027,9.8066,0.0031,-0.0328,-0.0169,2.75,-32.06,21.25,53.68,-84.83,-140.87
52.421345,-1.534866,180.5,0.1,4,269.34,20 / 20,122309,2019-09-06 19:22:08:052,0.15,-0.1761,9.7205,-0.0001,0.0051,9.8066,0.0141,-0.0083,-0.0141,1.56,-32.19,20.81,50.97,-84.84,-140.68
52.421345,-1.534866,180.5,0.1,4,269.34,20 / 20,122410,2019-09-06 19:22:08:153,0.0222,-0.333,9.6383,0.0022,0.0089,9.8066,0.0344,-0.0092,-0.0159,2.44,-31.62,21.06,51.08,-84.86,-140.56
52.421345,-1.534866,180.5,0.1,4,269.34,20 / 20,122509,2019-09-06 19:22:08:252,0.015,-0.4348,9.8114,-0.0019,-0.0093,9.8066,0.0463,-0.0115,-0.0117,2.06,-31.87,21.13,50.63,-84.81,-141.03
52.421345,-1.534866,180.5,0.1,4,269.34,20 / 20,122610,2019-09-06 19:22:08:353,0.1595,-0.1254,9.8073,-0.0004,-0.0066,9.8066,0.0023,0.013,-0.0139,2.13,-31.81,21.31,50.67,-84.83,-140.98
52.421345,-1.534866,180.5,0.1,4,269.34,20 / 20,122709,2019-09-06 19:22:08:452,0.0013,0.2243,10.1261,0.0012,0.0079,9.8066,0.0034,-0.0057,-0.0012,2.38,-31.5,20.44,51.13,-84.82,-140.94
52.421345,-1.534866,180.5,0.1,4,269.34,20 / 20,122810,2019-09-06 19:22:08:553,-0.1454,0.0277,9.8098,0.0023,0.0082,9.8066,0.0305,0.0109,-0.0005,2.31,-31.56,21.31,51.11,-84.86,-140.53
52.421345,-1.534866,180.5,0.1,4,269.34,20 / 20,122910,2019-09-06 19:22:08:653,0.0574,-0.3066,9.7237,-0.0006,-0.0048,9.8066,0.0203,0.0046,0.0013,2.44,-31.5,20.81,50.71,-84.83,-140.74
52.421345,-1.534866,180.5,0.1,4,269.34,20 / 20,123009,2019-09-06 19:22:08:752,-0.0861,-0.1999,9.7259,-0.0026,-0.0053,9.8066,0.0051,0.0194,0.0168,2.19,-31.75,20.5,51.06,-84.83,-140.61
52.421345,-1.534866,180.5,0.1,4,269.34,20 / 20,123109,2019-09-06 19:22:08:852,0.0614,0.2092,10.1162,0.0024,0.0054,9.8066,-0.011,0.0344,0.0073,2,-31.69,21,51.22,-84.83,-140.47
52.421345,-1.534866,180.5,0.1,4,269.34,20 / 20,123210,2019-09-06 19:22:08:953,0.0554,0.1227,9.913,0.0002,-0.0016,9.8066,0.0094,0.0221,0.019,2.69,-31.37,21.63,53.09,-84.86,-140.54
52.421345,-1.534866,180.5,0.1,4,269.34,20 / 20,123310,2019-09-06 19:22:09:053,0.0254,-0.3796,9.9114,-0.002,-0.0029,9.8066,-0.0047,0.0387,0.0138,2.5,-31.06,20.94,54.03,-84.86,-140.31
52.421345,-1.534866,180.5,0.1,4,269.34,20 / 20,123410,2019-09-06 19:22:09:153,-0.1175,0.0975,9.7709,-0.0011,-0.0012,9.8066,-0.0153,0.0371,0.0132,2.38,-31.44,21.25,51.31,-84.84,-140.18
52.421345,-1.534866,180.5,0.1,4,269.34,20 / 20,123510,2019-09-06 19:22:09:253,0.0346,-0.2957,9.7221,-0.0011,0.002,9.8066,-0.0198,0.0158,0.0194,2.88,-31.87,21.19,54.57,-84.85,-140.03
52.421345,-1.534866,180.5,0.1,4,269.34,20 / 20,123609,2019-09-06 19:22:09:352,0.116,0.0112,10.0573,0.0012,0.001,9.8066,-0.0339,0.0279,0.0048,2.44,-31.62,21.31,51.62,-84.85,-140.07
52.421345,-1.534866,180.5,0.1,4,269.34,20 / 20,123710,2019-09-06 19:22:09:453,0.0687,-0.1296,9.5469,-0.0006,-0.0002,9.8065,-0.0022,-0.0068,0.0082,2.69,-31.56,21,54.53,-84.85,-140.06
52.421345,-1.534866,180.5,0.1,4,269.34,20 / 20,123809,2019-09-06 19:22:09:552,-0.0683,-0.1211,9.9259,0.0023,0.0045,9.8066,-0.0018,-0.0025,-0.0094,2.38,-31.56,21.06,51.63,-84.87,-140.04
52.421345,-1.534866,180.5,0.1,4,269.34,20 / 20,123911,2019-09-06 19:22:09:654,-0.115,0.2394,10.0836,0.0002,-0.003,9.8066,-0.0269,-0.0213,-0.0047,2,-31.5,20.88,51.24,-84.86,-140.23
52.421345,-1.534866,180.5,0.1,4,269.34,20 / 20,124010,2019-09-06 19:22:09:753,0.0119,-0.3118,9.7731,0.0017,0.0018,9.8067,-0.0191,-0.0243,-0.0116,2.5,-31.5,21.31,53.96,-84.86,-140.37
52.421345,-1.534866,180.5,0.1,4,269.34,20 / 20,124109,2019-09-06 19:22:09:852,-0.0302,0.2029,9.8595,0.0006,0.0016,9.8066,0.0071,-0.0237,-0.0211,2,-31.94,21.38,51.38,-84.87,-140.28
52.421345,-1.534866,180.5,0.1,4,269.34,20 / 20,124210,2019-09-06 19:22:09:953,0.1379,-0.1912,9.7821,0.0011,0.0017,9.8066,0.014,-0.0377,-0.0108,2.31,-31.62,21.63,50.84,-84.87,-140.24
52.421345,-1.534866,180.5,0.1,4,269.34,20 / 20,124310,2019-09-06 19:22:10:053,-0.0044,0.0846,9.8701,0.0008,-0.0016,9.8065,-0.0074,-0.0275,-0.0212,2.38,-31.25,21.06,51.05,-84.87,-140.39
52.421345,-1.534866,180.5,0.1,4,269.34,20 / 20,124409,2019-09-06 19:22:10:152,0.0586,-0.2565,9.9189,-0.0006,-0.0024,9.8065,0.002,-0.0326,-0.0239,1.94,-31.44,21.19,51.04,-84.86,-140.4
52.421345,-1.534866,180.5,0.1,4,269.34,20 / 20,124509,2019-09-06 19:22:10:252,0.0663,-0.2434,9.5882,0.0002,0.0012,9.8066,0.0198,-0.0343,-0.0169,2.38,-32,21.25,51.05,-84.85,-140.59
52.421345,-1.534866,180.5,0.1,4,269.34,20 / 20,124610,2019-09-06 19:22:10:353,-0.0072,0.002,10.036,0.0013,0.0046,9.8066,0.0268,-0.0243,-0.0295,1.94,-31.44,21.13,50.88,-84.87,-140.54
52.421345,-1.534866,180.5,0.1,4,269.34,20 / 20,124709,2019-09-06 19:22:10:452,0.0911,0.359,10.0605,-0.0018,-0.0037,9.8066,-0.003,-0.0331,-0.024,2.44,-31.19,21.13,50.62,-84.84,-140.81
52.421345,-1.534866,180.5,0.1,4,269.34,20 / 20,124810,2019-09-06 19:22:10:553,-0.0745,0.0337,9.6547,-0.0004,0.004,9.8066,0.0026,-0.0233,-0.0242,2.19,-31.37,20.94,50.6,-84.84,-140.82
52.421345,-1.534866,180.5,0.1,4,269.34,20 / 20,124909,2019-09-06 19:22:10:652,-0.043,-0.1627,9.6384,0.0022,0.0033,9.8066,0.0218,-0.0205,-0.0289,2.19,-31.81,20.5,50.86,-84.83,-140.8
52.421345,-1.534866,180.5,0.1,4,269.34,20 / 20,125010,2019-09-06 19:22:10:753,0.1297,-0.0103,10.0623,-0.0002,0.0032,9.8066,0.0286,-0.0333,-0.011,2.69,-31.75,21.13,53.67,-84.84,-140.86
52.421345,-1.534866,180.5,0.1,4,269.34,20 / 20,125110,2019-09-06 19:22:10:853,0.0535,-0.1477,9.6979,-0.0002,-0.0047,9.8066,0.012,-0.0142,-0.028,2.19,-31.37,21.19,50.32,-84.83,-141.1
52.421345,-1.534866,180.5,0.1,4,269.34,20 / 20,125209,2019-09-06 19:22:10:952,-0.0285,-0.2173,9.6672,0.0011,0.0049,9.8066,0.0028,-0.0288,-0.0123,2.44,-31.5,20.94,50.34,-84.82,-141.09
52.421345,-1.534866,180.5,0.1,4,269.34,20 / 20,125310,2019-09-06 19:22:11:053,0.0532,0.107,10.1106,0.0005,0.0024,9.8065,-0.0122,0.0194,0.0158,2.5,-31.44,21.19,53.28,-84.84,-141.02
52.421345,-1.534866,180.5,0.1,4,269.34,20 / 20,125409,2019-09-06 19:22:11:152,0.0538,-0.1745,9.6463,0.0012,0.0005,9.8066,-0.0286,0.0021,0.0137,2.56,-31.25,21.63,52.56,-84.85,-141.04
52.421345,-1.534866,180.5,0.1,4,269.34,20 / 20,125509,2019-09-06 19:22:11:252,0.0246,-0.283,9.891,-0.002,-0.0063,9.8066,-0.0444,0.0152,0.0004,2.13,-31.81,21.06,50.27,-84.81,-141.35
52.421345,-1.534866,180.5,0.1,4,269.34,20 / 20,125610,2019-09-06 19:22:11:353,0.1391,-0.0273,9.9256,0.0003,0.0043,9.8066,-0.0026,-0.0056,0.0096,2.13,-31.19,21.38,50.08,-84.82,-141.33
52.421345,-1.534866,180.5,0.1,4,269.34,20 / 20,125710,2019-09-06 19:22:11:453,0.0288,0.1845,10.112,0.0003,0.005,9.8066,0.0115,-0.0017,-0.0079,2.69,-31.12,21.31,53.32,-84.83,-141
52.421345,-1.534866,180.5,0.1,4,269.34,20 / 20,125810,2019-09-06 19:22:11:553,-0.1144,0.0086,9.7377,0.0006,0.0049,9.8066,-0.0271,-0.0112,-0.0057,2.38,-31.75,21.5,50.04,-84.83,-141.02
52.421345,-1.534866,180.5,0.1,4,269.34,20 / 20,125909,2019-09-06 19:22:11:652,-0.1229,-0.0707,10.0578,-0.0013,-0.0038,9.8066,-0.023,-0.0189,-0.0089,1.75,-31.69,21.44,50.7,-84.81,-140.97
52.421345,-1.534866,180.5,0.1,4,269.34,20 / 20,126010,2019-09-06 19:22:11:753,-0.0748,0.0394,9.6279,-0.0005,-0.0025,9.8065,0.0239,-0.0208,-0.0186,2.56,-31.31,21.56,52.67,-84.81,-140.98
52.421345,-1.534866,180.5,0.1,4,269.34,20 / 20,126110,2019-09-06 19:22:11:853,-0.104,-0.152,9.7585,0.0024,0.0037,9.8066,0.0209,-0.0279,-0.0084,2.56,-31,20.88,53.55,-84.84,-140.77
52.421345,-1.534866,180.5,0.1,4,269.34,20 / 20,126209,2019-09-06 19:22:11:952,0.0586,-0.1553,9.9131,0.0016,-0.0007,9.8066,0.0066,-0.0248,-0.0115,2,-31.5,21.31,50.49,-84.82,-140.95
52.421345,-1.534866,180.5,0.1,4,269.34,20 / 20,126310,2019-09-06 19:22:12:053,-0.0506,0.2738,9.9528,-0.0011,0.0041,9.8066,0.0125,0.0269,0.0261,2.44,-31.81,20.88,51.32,-84.83,-140.37
52.421345,-1.534866,180.5,0.1,4,269.34,20 / 21,126409,2019-09-06 19:22:12:152,0.1355,-0.1653,9.6897,0.0024,0.0023,9.8066,0.0266,-0.0361,-0.0138,2.63,-31.56,20.88,54.2,-84.83,-140.38
52.421345,-1.534866,180.5,0.1,4,269.34,20 / 21,126510,2019-09-06 19:22:12:253,0.0286,-0.3273,9.7094,-0.0006,0.002,9.8066,0.0265,-0.0196,-0.0255,2.94,-31.5,21.19,53.73,-84.83,-140.62
52.421345,-1.534866,180.5,0.1,4,269.34,20 / 21,126609,2019-09-06 19:22:12:352,0.1505,-0.0694,10.0285,0.0015,-0.0012,9.8066,-0.0037,-0.027,-0.0097,2.56,-31.5,21.75,53.1,-84.83,-140.56
52.421345,-1.534866,180.5,0.1,4,269.34,20 / 21,126709,2019-09-06 19:22:12:452,-0.1901,0.2371,9.9012,-0.0017,0.0007,9.8066,-0.0046,-0.0109,-0.0194,2.56,-31.69,21.31,54.34,-84.82,-140.27
52.421345,-1.534866,180.5,0.1,4,269.34,20 / 21,126809,2019-09-06 19:22:12:552,0.0724,0.1011,9.9762,0.0004,-0.0052,9.8066,0.0343,-0.0174,-0.0136,2.25,-31.06,21.31,51,-84.82,-140.49
52.421345,-1.534866,180.5,0.1,4,269.34,20 / 21,126910,2019-09-06 19:22:12:653,-0.1441,-0.219,9.6461,0.0011,0.0033,9.8066,0.0335,-0.0095,-0.0086,2.63,-31.44,21.56,53.38,-84.83,-140.31
52.421345,-1.534866,180.5,0.1,4,269.34,20 / 21,127010,2019-09-06 19:22:12:753,0.0334,-0.2298,9.889,-0.0002,0.0013,9.8066,0.0032,0.0037,-0.0132,2.38,-31.62,20.88,51.35,-84.84,-140.34
52.421345,-1.534866,180.5,0.1,4,269.34,20 / 21,127109,2019-09-06 19:22:12:852,-0.0493,-0.0922,9.9273,0.0002,0,9.8066,-0.0043,-0.0039,-0.0007,1.88,-31.62,21.63,50.76,-84.83,-140.37
52.421345,-1.534866,180.5,0.1,4,269.34,20 / 21,127210,2019-09-06 19:22:12:953,0.0488,0.356,10.0756,-0.0008,0.0002,9.8066,0.0423,0.006,-0.0025,2.19,-32.06,21.06,51.45,-84.83,-140.26
52.421345,-1.534866,180.5,0.1,4,269.34,20 / 21,127310,2019-09-06 19:22:13:053,0.0408,-0.0413,9.6827,-0.0002,0.0004,9.8066,0.0136,0.0051,-0.0008,2.31,-31.56,20.75,51.36,-84.84,-140.33
52.421345,-1.534866,180.5,0.1,4,269.34,20 / 21,127410,2019-09-06 19:22:13:153,0.0843,-0.2695,10.006,0.0008,-0.0026,9.8066,0.0007,0.0012,0.0139,2.81,-31.5,21.5,53.32,-84.83,-140.36
52.421345,-1.534866,180.5,0.1,4,269.34,20 / 21,127509,2019-09-06 19:22:13:252,0.1461,0.1245,9.9603,-0.002,0.0033,9.8066,-0.0131,0.0244,-0.0036,2.38,-31.62,21.13,51.59,-84.84,-140.11
52.421345,-1.534866,180.5,0.1,4,269.34,20 / 21,127610,2019-09-06 19:22:13:353,0.0553,0.1027,9.9239,0.0001,-0.0017,9.8066,0.012,0.0098,0.0096,2.69,-31.56,21.13,54.34,-84.84,-140.25
52.421345,-1.534866,180.5,0.1,4,269.34,20 / 21,127709,2019-09-06 19:22:13:452,-0.173,-0.1376,9.6514,0.0003,-0.0002,9.8066,0.0091,0.0326,0.0171,2.81,-31.69,21.06,54.3,-84.84,-140.29
52.421345,-1.534866,180.5,0.1,4,269.34,20 / 21,127810,2019-09-06 19:22:13:553,0.107,-0.167,9.5484,-0.0001,-0.0063,9.8066,-0.0113,0.026,0.0235,2.63,-31.37,21.19,53.76,-84.83,-140.59
52.421345,-1.534866,180.5,0.1,4,269.34,20 / 21,127909,2019-09-06 19:22:13:652,0.0383,0.278,10.1505,0.0024,0.0032,9.8066,-0.0049,0.0256,0.0182,2.13,-31.69,21.31,51.25,-84.85,-140.41
52.421345,-1.534866,180.5,0.1,4,269.34,20 / 21,128010,2019-09-06 19:22:13:753,-0.1714,-0.0541,9.7665,0,0.0049,9.8066,-0.0056,0.0223,0.0165,1.69,-32,21.06,51.22,-84.86,-140.43
52.421345,-1.534866,180.5,0.1,4,269.34,20 / 21,128110,2019-09-06 19:22:13:853,-0.0609,-0.3952,9.667,-0.0001,-0.0036,9.8066,-0.0332,0.0223,0.0239,2.31,-31.94,20.69,51.23,-84.85,-140.43
52.421345,-1.534866,180.5,0.1,4,269.34,20 / 21,128210,2019-09-06 19:22:13:953,0.0293,-0.1418,9.7125,-0.0008,-0.0023,9.8066,-0.0137,0.0254,0.0182,1.94,-32.06,21.06,51.17,-84.86,-140.48
52.421345,-1.534866,180.5,0.1,4,269.34,20 / 21,128309,2019-09-06 19:22:14:052,-0.0416,0.2432,10.1132,-0.0004,0.0025,9.8065,-0.0177,0.0182,0.011,2.06,-31.19,21.06,51.09,-84.86,-140.36
52.421345,-1.534866,180.5,0.1,4,269.34,19 / 21,128410,2019-09-06 19:22:14:153,0.0108,-0.2656,9.7831,0.0016,0.0045,9.8066,-0.0232,0.0034,0.0271,2.88,-31.75,21.25,54.31,-84.87,-140.24
52.421345,-1.534866,180.5,0.1,4,269.34,19 / 21,128510,2019-09-06 19:22:14:253,0.0848,0.0947,10.0588,-0.0021,-0.0039,9.8066,-0.0324,0.0192,0.0075,2.19,-31.81,21.13,51.26,-84.84,-140.42
52.421345,-1.534866,180.5,0.1,4,269.34,19 / 21,128609,2019-09-06 19:22:14:352,0.058,-0.134,9.5677,0,-0.0035,9.8065,-0.0332,0.0044,0.0168,2.13,-31.12,21.38,51.1,-84.85,-140.36
52.421345,-1.534866,180.5,0.1,4,269.34,19 / 21,128709,2019-09-06 19:22:14:452,-0.003,0.1311,10.047,0.0005,0.0049,9.8066,-0.004,0.0099,0.0039,2.44,-31.31,21.06,51.42,-84.86,-140.06
52.421345,-1.534866,180.5,0.1,4,269.34,19 / 21,128809,2019-09-06 19:22:14:552,-0.0183,-0.2704,9.6865,0.001,0.0042,9.8066,0.0029,-0.0127,0.0095,2.19,-31.5,20.81,51.39,-84.87,-140.07
52.421345,-1.534866,180.5,0.1,4,269.34,19 / 21,128909,2019-09-06 19:22:14:652,-0.062,0.3143,10.1003,-0.0009,-0.0045,9.8066,-0.03,-0.0184,-0.0056,2.44,-31.75,21.44,51.75,-84.87,-139.93
52.421345,-1.534866,180.5,0.1,4,269.34,19 / 21,129010,2019-09-06 19:22:14:753,-0.0318,-0.1211,9.677,-0.001,-0.0028,9.8066,-0.029,-0.0134,-0.0077,2.63,-31.62,20.69,54.56,-84.85,-140.03
52.421345,-1.534866,180.5,0.1,4,269.34,19 / 21,129110,2019-09-06 19:22:14:853,-0.0698,0.317,10.0662,0.0007,0.0029,9.8066,-0.0037,-0.0297,-0.001,2.06,-32.25,21.25,51.74,-84.86,-139.95
52.421345,-1.534866,180.5,0.1,4,269.34,19 / 21,129209,2019-09-06 19:22:14:952,-0.0135,-0.1827,9.6514,-0.0004,0.0045,9.8066,-0.0193,-0.0264,-0.0143,2.38,-31.37,21.38,51.77,-84.87,-139.71
52.421345,-1.534866,180.5,0.1,4,269.34,20 / 20,129309,2019-09-06 19:22:15:052,-0.0003,-0.3408,9.753,-0.0007,-0.0019,9.8066,-0.023,-0.0236,-0.0142,1.88,-31.44,21.56,51.18,-84.88,-139.74
52.421345,-1.534866,180.5,0.1,4,269.34,20 / 20,129409,2019-09-06 19:22:15:152,0.1489,-0.232,9.7704,0.0009,-0.0014,9.8066,0.0001,0.0367,0.0083,2.31,-31.56,20.63,51.93,-84.88,-139.75
52.421345,-1.534866,180.5,0.1,4,269.34,20 / 20,129510,2019-09-06 19:22:15:253,0.0167,0.1373,10.1226,-0.0005,0.0028,9.8066,-0.0062,0.0263,0.0244,2.38,-31.81,21.19,52.01,-84.89,-139.68
52.421345,-1.534866,180.5,0.1,4,269.34,20 / 20,129610,2019-09-06 19:22:15:353,0.0438,0.1384,10.0785,0.0003,0.0026,9.8066,-0.0039,0.0404,0.0202,1.94,-32.12,21.38,52.02,-84.89,-139.66
52.421345,-1.534866,180.5,0.1,4,269.34,20 / 20,129710,2019-09-06 19:22:15:453,-0.1185,0.1101,9.7442,-0.0006,-0.0035,9.8066,-0.0101,0.037,0.0123,2.25,-32.19,21.13,52.18,-84.89,-139.52
52.421345,-1.534866,180.5,0.1,4,269.34,20 / 20,129811,2019-09-06 19:22:15:554,-0.0302,-0.0532,9.6216,-0.0013,-0.0042,9.8066,0.0049,0.0279,0.0219,2.63,-31.5,21.06,54.66,-84.87,-139.71
52.421345,-1.534866,180.5,0.1,4,269.34,20 / 20,129910,2019-09-06 19:22:15:653,-0.0574,-0.3909,9.6528,0.001,0.0037,9.8066,-0.0181,0.0439,0.0181,2.19,-31.37,20.56,52.03,-84.9,-139.45
52.421345,-1.534866,180.5,0.1,4,269.34,20 / 20,130010,2019-09-06 19:22:15:753,-0.0098,-0.088,10.0425,0.0004,0.0016,9.8066,-0.0238,0.0237,0.0235,1.63,-32.19,21.19,52.26,-84.9,-139.43
52.421345,-1.534866,180.5,0.1,4,269.34,20 / 20,130110,2019-09-06 19:22:15:853,-0.0737,0.0497,9.6949,-0.001,-0.0032,9.8066,-0.0092,0.0335,0.0189,1.94,-32.31,20.81,52.27,-84.9,-139.41
52.421345,-1.534866,180.5,0.1,4,269.34,20 / 20,130210,2019-09-06 19:22:15:953,-0.04,-0.0028,9.6126,0.0017,0.0021,9.8066,-0.0101,0.0253,0.0167,2.81,-31.19,21.19,54.99,-84.89,-139.39
52.421345,-1.534866,180.5,0.1,4,269.34,20 / 20,130310,2019-09-06 19:22:16:053,-0.0009,0.0503,10.0787,0.0002,0.0005,9.8066,0.002,0.0246,0.0154,2.25,-32,21.75,51.8,-84.89,-139.34
52.421345,-1.534866,180.5,0.1,4,269.34,19 / 20,130409,2019-09-06 19:22:16:152,-0.0746,-0.2364,9.6859,0.0007,0.0014,9.8066,-0.0365,0.0121,0.0108,2.38,-31.31,21.13,52.38,-84.91,-139.12
52.421345,-1.534866,180.5,0.1,4,269.34,19 / 20,130509,2019-09-06 19:22:16:252,0.1686,-0.1568,9.8331,-0.0004,0.0038,9.8066,-0.0049,-0.0072,0.0078,2.06,-32.37,21.19,52.65,-84.9,-139.06
52.421345,-1.534866,180.5,0.1,4,269.34,19 / 20,130610,2019-09-06 19:22:16:353,-0.0583,0.0976,10.0225,-0.0005,0.0002,9.8066,0.0161,-0.0048,0.0049,2.25,-31.94,21,52.65,-84.9,-139.08
52.421345,-1.534866,180.5,0.1,4,269.34,19 / 20,130709,2019-09-06 19:22:16:452,-0.2304,-0.0457,9.774,0.0014,-0.0003,9.8065,-0.0304,-0.0162,-0.0157,2.69,-31.69,21.56,54.76,-84.89,-139.14
52.421345,-1.534866,180.5,0.1,4,269.34,19 / 20,130809,2019-09-06 19:22:16:552,-0.1636,0.0204,10.0595,0,-0.0002,9.8066,-0.0159,-0.0246,-0.0071,2.5,-31.69,20.88,55.35,-84.9,-139.24
52.421345,-1.534866,180.5,0.1,4,269.34,19 / 20,130910,2019-09-06 19:22:16:653,0.0722,0.1217,10.0653,0.0019,0.0002,9.8066,-0.0137,-0.0284,-0.0075,2.13,-31.5,20.88,52.34,-84.89,-139.18
52.421345,-1.534866,180.5,0.1,4,269.34,19 / 20,131009,2019-09-06 19:22:16:752,-0.0269,0.2107,9.9202,0,0.0023,9.8066,0.0158,-0.0323,-0.0213,2.31,-31.94,20.81,52.31,-84.89,-139.39
52.421345,-1.534866,180.5,0.1,4,269.34,19 / 20,131110,2019-09-06 19:22:16:853,0.025,-0.3108,9.7054,-0.002,-0.0014,9.8066,0.0013,-0.0213,-0.0137,2.5,-31.62,21.19,55.14,-84.9,-139.44
52.421345,-1.534866,180.5,0.1,4,269.34,19 / 20,131209,2019-09-06 19:22:16:952,0.0914,0.1755,9.9855,-0.0013,-0.0016,9.8066,0.0079,-0.0483,-0.0082,2.19,-31.56,21.06,52.42,-84.87,-139.32
52.421345,-1.534866,180.5,0.1,4,269.34,19 / 20,131309,2019-09-06 19:22:17:052,0.0394,-0.0392,9.6247,-0.0001,0.0019,9.8066,0.0037,-0.0108,-0.0242,2.13,-31.5,20.69,52.03,-84.88,-139.47
52.421345,-1.534866,180.5,0.1,4,269.34,19 / 19,131409,2019-09-06 19:22:17:152,0.005,-0.2864,9.6306,0.0008,0.0034,9.8066,0.0237,-0.006,-0.0076,3,-31.37,20.69,54.86,-84.88,-139.52
52.421345,-1.534866,180.5,0.1,4,269.34,19 / 19,131510,2019-09-06 19:22:17:253,0.1154,0.1789,10.0193,-0.0014,-0.0044,9.8066,0.0289,-0.0025,-0.0026,1.94,-32,20.94,51.93,-84.86,-139.78
52.421345,-1.534866,180.5,0.1,4,269.34,19 / 19,131610,2019-09-06 19:22:17:353,0.1277,-0.1396,9.6247,0.0005,0.0048,9.8066,0.0003,0.0241,-0.0083,1.94,-31.81,21.31,51.96,-84.86,-139.74
52.421345,-1.534866,180.5,0.1,4,269.34,19 / 19,131709,2019-09-06 19:22:17:452,-0.0254,-0.0444,10.0007,0,0.0068,9.8066,0.0143,0.0147,0.007,2,-31.37,20.75,51.88,-84.85,-139.64
52.421345,-1.534866,180.5,0.1,4,269.34,19 / 19,131809,2019-09-06 19:22:17:552,0.1266,0.0163,10.0573,0.002,0.0061,9.8066,0.0123,0.0238,0.0066,2.56,-31.19,21.13,55.1,-84.89,-139.28
52.421345,-1.534866,180.5,0.1,4,269.34,19 / 19,131909,2019-09-06 19:22:17:652,-0.032,-0.0924,9.5854,0.0002,-0.0036,9.8065,-0.0037,0.0332,0.0051,2.13,-31.56,20.94,52.19,-84.87,-139.54
52.421345,-1.534866,180.5,0.1,4,269.34,19 / 19,132010,2019-09-06 19:22:17:753,-0.0836,-0.2723,9.6698,-0.0011,0.0029,9.8066,0.0114,0.0208,0.0236,2.25,-31.12,21.06,52.02,-84.86,-139.51
52.421345,-1.534866,180.5,0.1,4,269.34,19 / 19,132109,2019-09-06 19:22:17:852,0.0582,0.1865,10.1301,0.0017,0.0044,9.8066,0.0088,0.0301,0.0113,1.94,-31.69,21.44,52.28,-84.85,-139.47
52.421345,-1.534866,180.5,0.1,4,269.34,19 / 19,132209,2019-09-06 19:22:17:952,-0.0281,0.208,10.1352,0.0003,0.0039,9.8066,-0.0041,0.0238,0.016,2.13,-31.69,21.13,52.4,-84.87,-139.34
52.421345,-1.534866,180.5,0.1,4,269.34,19 / 19,132310,2019-09-06 19:22:18:053,-0.014,-0.0186,9.5895,-0.0008,-0.0022,9.8066,0.001,0.029,0.0211,2.19,-31.62,20.56,52.4,-84.87,-139.33
52.421345,-1.534866,180.5,0.1,4,269.34,19 / 20,132410,2019-09-06 19:22:18:153,0.1644,-0.2413,9.7381,0.0005,0.0028,9.8066,-0.0064,0.0392,0.0159,2.38,-31.94,21.13,52.46,-84.86,-139.3
52.421345,-1.534866,180.5,0.1,4,269.34,19 / 20,132509,2019-09-06 19:22:18:252,-0.054,0.1005,10.1325,-0.0002,0.0033,9.8066,-0.0085,0.0224,0.0199,2.19,-31.44,20.94,52.27,-84.85,-139.28
52.421345,-1.534866,180.5,0.1,4,269.34,19 / 20,132609,2019-09-06 19:22:18:352,0.1647,0.1708,10.0815,0.0007,0.0029,9.8066,-0.0105,0.0374,0.0127,2.19,-31.87,21.19,52.61,-84.87,-139.14
52.421345,-1.534866,180.5,0.1,4,269.34,19 / 20,132710,2019-09-06 19:22:18:453,-0.0411,0.2446,9.8471,-0.0003,-0.0024,9.8066,-0.0091,0.0206,0.0259,2.25,-31.87,20.5,52.46,-84.84,-139.32
52.421345,-1.534866,180.5,0.1,4,269.34,19 / 20,132809,2019-09-06 19:22:18:552,-0.0364,-0.0318,9.5763,-0.0003,-0.0019,9.8066,0.0022,0.0291,0.0228,2.38,-31.87,21.25,52.46,-84.85,-139.3
52.421345,-1.534866,180.5,0.1,4,269.34,19 / 20,132909,2019-09-06 19:22:18:652,0.0218,0.2246,10.172,0.0013,0.0029,9.8066,-0.023,0.0412,0.016,2.31,-31.56,21.25,52.64,-84.85,-139.15
52.421345,-1.534866,180.5,0.1,4,269.34,19 / 20,133010,2019-09-06 19:22:18:753,-0.0685,0.4034,10.0633,-0.0001,0.0021,9.8066,-0.0318,0.0272,0.0241,2.5,-31.5,20.75,55.47,-84.86,-138.98
52.421345,-1.534866,180.5,0.1,4,269.34,19 / 20,133110,2019-09-06 19:22:18:853,-0.0737,0.0606,9.7074,-0.0001,-0.005,9.8066,-0.0239,0.0386,0.0142,2.06,-32.12,21.19,52.55,-84.84,-139.24
52.421345,-1.534866,180.5,0.1,4,269.34,19 / 20,133209,2019-09-06 19:22:18:952,0.1612,-0.1534,9.6594,-0.0007,-0.0035,9.8066,-0.0161,0.0201,0.0183,2.5,-31.5,21.38,55.2,-84.85,-139.24
52.421345,-1.534866,180.5,0.1,4,269.34,19 / 20,133310,2019-09-06 19:22:19:053,0.0547,0.129,9.9109,0.0007,-0.0042,9.8066,-0.005,0.0139,0.007,3.38,-32,20.69,55.34,-84.85,-139.31
52.421345,-1.534866,180.5,0.1,4,269.34,19 / 20,133409,2019-09-06 19:22:19:152,-0.1094,0.1202,9.8937,-0.0005,0.003,9.8066,0.0361,-0.0076,-0.0018,2.19,-32.06,21.06,52.41,-84.85,-139.36
52.421345,-1.534866,180.5,0.1,4,269.34,19 / 20,133510,2019-09-06 19:22:19:253,-0.1445,0.2561,10.0543,-0.0001,-0.003,9.8066,-0.011,-0.0154,0.007,2.69,-31.44,20.75,55.05,-84.83,-139.4
52.421345,-1.534866,180.5,0.1,4,269.34,19 / 20,133610,2019-09-06 19:22:19:353,0.052,-0.0336,9.8089,0.0027,0.0047,9.8066,-0.0016,0.0037,-0.0132,2.13,-31.06,20.94,52.34,-84.85,-139.23
52.421345,-1.534866,180.5,0.1,4,269.34,19 / 20,133710,2019-09-06 19:22:19:453,0.0444,-0.3407,9.7628,0.0011,0.0002,9.8066,0.0026,-0.0285,-0.0062,2.19,-31.56,21.63,51.88,-84.85,-139.31
52.421345,-1.534866,180.5,0.1,4,269.34,19 / 20,133809,2019-09-06 19:22:19:552,-0.0986,0.1542,9.7883,-0.0006,-0.0027,9.8066,-0.0052,-0.0167,-0.0105,3.25,-31.56,21.56,54.56,-84.84,-139.39
52.421345,-1.534866,180.5,0.1,4,269.34,19 / 20,133909,2019-09-06 19:22:19:652,-0.0834,-0.1046,9.7255,0.0013,0.0018,9.8066,-0.0036,-0.0265,-0.0149,2.31,-31.31,20.5,52.13,-84.84,-139.42
52.421345,-1.534866,180.5,0.1,4,269.34,19 / 20,134009,2019-09-06 19:22:19:752,-0.2886,0.4363,9.9285,-0.0005,0.0021,9.8066,0.238,-0.0358,0.0153,2.31,-31.25,21.25,52.09,-84.84,-139.46
52.421345,-1.534866,180.5,0.1,4,269.34,19 / 20,134109,2019-09-06 19:22:19:852,0.1559,-0.3843,9.889,0.0064,0.0034,9.8066,-0.0246,-0.0043,0.0158,2.31,-31.44,21.13,50.38,-84.68,-141.23
52.421345,-1.534866,180.5,0.1,4,269.34,19 / 20,134209,2019-09-06 19:22:19:952,0.0523,0.0883,9.8452,0.0008,0.0025,9.8066,-0.0671,-0.0038,0.0012,2.56,-31.37,20.81,54.48,-84.82,-139.95
52.421345,-1.534866,180.5,0.1,4,269.34,19 / 20,134309,2019-09-06 19:22:20:052,-0.0106,0.3593,9.9433,-0.0007,-0.0022,9.8066,-0.0627,-0.026,-0.0004,2.38,-31.44,21.19,51.87,-84.85,-139.66
52.421345,-1.534866,180.5,0.1,4,269.34,19 / 20,134410,2019-09-06 19:22:20:153,0.066,0.0933,9.6585,-0.0021,-0.0071,9.8066,0.0234,-0.0258,-0.0079,2.19,-31.69,20.75,52.33,-84.85,-139.42
52.421345,-1.534866,180.5,0.1,4,269.34,19 / 20,134509,2019-09-06 19:22:20:252,0.0518,-0.2571,9.8109,-0.0002,0.0027,9.8066,-0.0207,-0.0244,-0.0102,2.31,-31.25,21,52.34,-84.88,-139.19
52.421345,-1.534866,180.5,0.1,4,269.34,19 / 20,134609,2019-09-06 19:22:20:352,0.051,0.1664,9.7316,0.001,0.0081,9.8066,-0.0115,-0.0238,-0.023,2.38,-31.37,21.06,53.23,-84.94,-138.29
52.421345,-1.534866,180.5,0.1,4,269.34,19 / 20,134710,2019-09-06 19:22:20:453,0.013,-0.225,9.9615,-0.0017,-0.0082,9.8066,0.016,-0.0174,-0.0207,2.31,-31.06,21.13,53.27,-84.94,-138.25
52.421345,-1.534866,180.5,0.1,4,269.34,19 / 20,134809,2019-09-06 19:22:20:552,0.0885,0.2,10.005,0,-0.0014,9.8066,-0.0327,0.0393,0.0121,2.63,-31.87,20.63,56.16,-84.91,-138.47
52.421345,-1.534866,180.5,0.1,4,269.34,19 / 20,134910,2019-09-06 19:22:20:653,0.0858,0.039,9.6518,-0.0014,-0.0142,9.8066,0.0255,0.0307,0.0205,2.63,-32.12,21.31,55.76,-84.85,-138.92
52.421345,-1.534866,180.5,0.1,4,269.34,19 / 20,135009,2019-09-06 19:22:20:752,0.0093,-0.0576,10.1449,0.0016,0.0062,9.8066,0.0186,0.0291,0.0214,2.44,-31.44,21.31,52.02,-84.85,-139.51
52.421345,-1.534866,180.5,0.1,4,269.34,19 / 20,135109,2019-09-06 19:22:20:852,-0.0118,0.2858,10.2319,0.0014,0.0077,9.8066,-0.0413,0.0403,0.0216,2.31,-31.75,20.81,52.23,-84.85,-139.52
52.421345,-1.534866,180.5,0.1,4,269.34,19 / 20,135210,2019-09-06 19:22:20:953,-0.1346,0.3336,10.0039,-0.0019,-0.0082,9.8066,-0.033,0.0214,0.0316,1.94,-31.75,21.56,51.3,-84.81,-139.9
52.421345,-1.534866,180.5,0.1,4,269.34,19 / 20,135309,2019-09-06 19:22:21:052,0.0514,0.2826,10.0042,-0.0022,-0.0062,9.8066,0.0002,-0.0356,-0.0062,2.5,-31.94,21.13,54.83,-84.8,-139.85
52.421345,-1.534866,180.5,0.1,4,269.34,19 / 20,135410,2019-09-06 19:22:21:153,0.1258,-0.2327,9.6122,0.0021,0.0036,9.8066,0.0021,-0.0248,-0.0243,2.5,-31.62,20.81,54.82,-84.8,-139.85
52.421345,-1.534866,180.5,0.1,4,269.34,19 / 20,135510,2019-09-06 19:22:21:253,0.0706,-0.2713,9.7182,-0.0006,-0.0043,9.8066,0.0238,-0.0201,-0.0265,2.75,-31.69,20.69,54.95,-84.83,-139.69
52.421345,-1.534866,180.5,0.1,4,269.34,19 / 20,135610,2019-09-06 19:22:21:353,0.0847,-0.0302,10.0231,-0.0016,-0.0029,9.8066,0.0024,-0.0242,-0.0126,3.31,-30.75,20.88,54.7,-84.81,-139.75
52.421345,-1.534866,180.5,0.1,4,269.34,19 / 20,135710,2019-09-06 19:22:21:453,0.0361,0.0032,9.6028,-0.0013,-0.0053,9.8066,0.0016,-0.0101,-0.0192,2.38,-31.62,21.38,51.92,-84.81,-139.85
52.421345,-1.534866,180.5,0.1,4,269.34,19 / 20,135810,2019-09-06 19:22:21:553,0.0301,0.1176,10.0707,0.0009,0.0067,9.8066,0.0338,-0.0078,-0.0203,2.63,-31.56,21,55.07,-84.83,-139.58
52.421345,-1.534866,180.5,0.1,4,269.34,19 / 20,135910,2019-09-06 19:22:21:653,-0.1667,0.0726,9.8843,-0.0025,-0.0057,9.8066,0.0387,-0.005,-0.0041,2.5,-31.69,21.81,54.22,-84.83,-139.71
52.421345,-1.534866,180.5,0.1,4,269.34,19 / 20,136009,2019-09-06 19:22:21:752,-0.0258,-0.2838,9.8917,0.0008,-0.0046,9.8066,0.0003,0.0133,-0.0106,2.94,-31.25,20.88,54.49,-84.81,-139.94
52.421345,-1.534866,180.5,0.1,4,269.34,19 / 20,136110,2019-09-06 19:22:21:853,0.0092,0.1796,10.0278,0.0001,0.0043,9.8066,0.0001,0.0046,0.0022,2.75,-30.94,21,54.58,-84.82,-139.86
52.421345,-1.534866,180.5,0.1,4,269.34,19 / 20,136210,2019-09-06 19:22:21:953,0.1063,-0.1084,9.9484,0.0007,0.0038,9.8066,0.0217,0.0148,0.009,2.81,-31.44,20.81,54.57,-84.81,-139.88
52.421345,-1.534866,180.5,0.1,4,269.34,19 / 20,136309,2019-09-06 19:22:22:052,0.0132,0.2091,10.0195,0.0005,0.003,9.8066,0.0078,0.0207,0.0035,2.06,-31.75,21.13,52.1,-84.82,-139.67
52.421345,-1.534866,180.5,0.1,4,269.34,19 / 20,136409,2019-09-06 19:22:22:152,0.0299,0.2263,9.926,-0.0011,-0.0017,9.8066,0.0082,0.0225,0.0193,2.56,-31.19,21,54.66,-84.82,-139.78
52.421345,-1.534866,180.5,0.1,4,269.34,19 / 20,136510,2019-09-06 19:22:22:253,0.1459,-0.1977,9.8184,0.0008,0.0019,9.8066,-0.0042,0.034,0.0154,2.38,-31.87,21,51.97,-84.82,-139.8
52.421345,-1.534866,180.5,0.1,4,269.34,19 / 20,136609,2019-09-06 19:22:22:352,0.0544,0.1328,10.0542,0.0009,0.0035,9.8066,-0.0169,0.019,0.0215,2.63,-31.5,20.81,54.59,-84.82,-139.84
52.421345,-1.534866,180.5,0.1,4,269.34,19 / 20,136709,2019-09-06 19:22:22:452,-0.0197,-0.3232,9.7348,0.0014,0.0021,9.8066,-0.0196,0.0342,0.0112,2.06,-31.87,21.13,52.06,-84.84,-139.69
52.421345,-1.534866,180.5,0.1,4,269.34,19 / 20,136810,2019-09-06 19:22:22:553,-0.0155,-0.2362,9.9412,0.0004,0.0039,9.8066,-0.0269,0.0322,-0.0268,2.44,-31.75,21,51.69,-84.82,-140.05
52.421345,-1.534866,180.5,0.1,4,269.34,19 / 20,136910,2019-09-06 19:22:22:653,-0.0706,-0.1475,10.1306,-0.0122,0.0041,9.8066,0.1359,-0.0223,-0.0138,2.63,-31.75,21.81,54.05,-84.91,-139.78
52.421345,-1.534866,180.5,0.1,4,269.34,19 / 20,137009,2019-09-06 19:22:22:752,-0.3455,-0.1576,9.8674,0.0051,0.0206,9.8065,0.0553,-0.0506,-0.0544,1.94,-31.62,20.63,51.88,-84.82,-139.87
52.421345,-1.534866,180.5,0.1,4,269.34,19 / 20,137110,2019-09-06 19:22:22:853,0.2108,0.2587,9.9503,0.0193,-0.0067,9.8066,-0.0027,-0.0008,-0.0997,3,-31.69,21.13,50.28,-84.94,-143.84
52.421345,-1.534866,180.5,0.1,4,269.34,19 / 20,137209,2019-09-06 19:22:22:952,-0.0661,-0.1362,9.9832,-0.0071,-0.0188,9.8066,0.0455,-0.0529,-0.1517,2.94,-31.19,21.38,45.64,-84.91,-147.94
52.421345,-1.534866,180.5,0.1,4,269.34,19 / 20,137310,2019-09-06 19:22:23:053,-0.3427,0.0745,10.0423,0.0318,0.0392,9.8065,-0.1027,-0.0393,-0.0726,2.56,-31.81,21.06,37.71,-85.28,-154.88
52.421345,-1.534866,180.5,0.1,4,269.34,18 / 20,137409,2019-09-06 19:22:23:152,0.1088,-0.155,9.835,0.0366,0.0195,9.8066,-0.0642,-0.022,0.0039,3.31,-32.19,21.31,33.5,-85.79,-158.21
52.421345,-1.534866,180.5,0.1,4,269.34,18 / 20,137509,2019-09-06 19:22:23:252,0.2562,0.0697,9.6439,0.0737,0.0133,9.8064,-0.0868,-0.0238,0.0509,3.88,-32.06,20.88,27.84,-86.46,-165.46
52.421345,-1.534866,180.5,0.1,4,269.34,18 / 20,137610,2019-09-06 19:22:23:353,0.6158,-0.3141,9.798,0.0728,-0.0302,9.8063,-0.012,-0.0248,-0.0214,4,-32.69,21.13,28.04,-86.65,-165.21
52.421345,-1.534866,180.5,0.1,4,269.34,18 / 20,137709,2019-09-06 19:22:23:452,0.9293,-0.3783,9.686,0.0404,0.0052,9.8065,0.0387,0.1048,-0.2857,4.19,-32.31,21.06,22.19,-86.72,-170.48
52.421345,-1.534866,180.5,0.1,4,269.34,18 / 20,137809,2019-09-06 19:22:23:552,0.4974,-0.1833,9.7553,-0.0367,-0.0011,9.8066,0.0791,0.0518,-0.0642,4.13,-32.44,20.69,13.87,-86.7,-178.12
52.421345,-1.534866,180.5,0.1,4,269.34,18 / 20,137909,2019-09-06 19:22:23:652,-0.3392,0.4536,9.5369,0.0706,0.0457,9.8062,-0.0549,-0.0109,-0.1057,4.06,-33.06,20.5,5.32,-86.64,174.05
52.421345,-1.534866,180.5,0.1,4,269.34,18 / 20,138010,2019-09-06 19:22:23:753,-0.3255,0.0791,10.2251,0.0874,-0.0497,9.8061,-0.0357,-0.1061,-0.299,5.25,-32.31,21.19,352.74,-86.34,160.05
52.421345,-1.534866,180.5,0.1,4,269.34,18 / 20,138109,2019-09-06 19:22:23:852,0.2922,0.0224,9.3728,-0.0855,-0.0521,9.806,0.3046,0.0844,0.4637,5.31,-32,21.25,339.91,-85.29,148.98
52.421345,-1.534866,180.5,0.1,4,269.34,18 / 20,138210,2019-09-06 19:22:23:953,-0.3887,-0.0349,9.911,-0.0932,-0.0727,9.8059,0.0376,0.0182,0.0307,4.75,-31.5,21.81,2.71,-84.64,169.54
52.421345,-1.534866,180.5,0.1,4,269.34,18 / 20,138310,2019-09-06 19:22:24:053,-0.0976,-0.1742,10.1714,-0.0068,0.003,9.8066,-0.0136,-0.0845,0.0457,4.63,-31.56,21.5,7.18,-84.43,173.36
52.421345,-1.534866,180.5,0.1,4,269.34,18 / 19,138409,2019-09-06 19:22:24:152,-0.6187,-0.2436,10.0331,-0.0126,0.0348,9.8065,-0.05,-0.0123,0.0607,4.69,-31.62,21.94,9.34,-84.78,175.3
52.421345,-1.534866,180.5,0.1,4,269.34,18 / 19,138509,2019-09-06 19:22:24:252,0.0955,-0.1472,9.8468,-0.0112,0.0159,9.8066,0.1376,0.0586,-0.0316,4.75,-31.69,21.13,12.91,-85.12,177.86
52.421345,-1.534866,180.5,0.1,4,269.34,18 / 19,138609,2019-09-06 19:22:24:352,-0.1347,0.2861,9.984,-0.0009,0.016,9.8066,-0.0302,0.0487,0.0389,4.69,-31.5,22,11.47,-84.86,177.21
52.421345,-1.534866,180.5,0.1,4,269.34,18 / 19,138710,2019-09-06 19:22:24:453,-0.0035,-0.3408,9.7531,-0.0025,-0.0087,9.8066,0.0386,0.0262,-0.0014,4.69,-31.94,21.31,12.46,-84.88,177.39
52.421345,-1.534866,180.5,0.1,4,269.34,18 / 19,138809,2019-09-06 19:22:24:552,-0.012,-0.0011,10.201,0.0015,0.0014,9.8066,0.0407,0.0362,0.0186,4.31,-31.56,22,8.68,-84.83,177.22
52.421345,-1.534866,180.5,0.1,4,269.34,18 / 19,138910,2019-09-06 19:22:24:653,-0.0084,-0.2218,9.6545,-0.0018,-0.0075,9.8066,-0.04,0.0369,0.0194,4.06,-31.37,21.69,8.75,-84.8,177.31
52.421345,-1.534866,180.5,0.1,4,269.34,18 / 19,139010,2019-09-06 19:22:24:753,-0.1294,0.3631,9.9558,-0.0026,-0.0102,9.8066,-0.0505,0.019,0.0223,4.19,-31.37,22.06,8.84,-84.79,177.39
52.421345,-1.534866,180.5,0.1,4,269.34,18 / 19,139111,2019-09-06 19:22:24:854,-0.0483,-0.172,9.681,0.003,0.011,9.8066,0.015,0.0208,0.0158,4.69,-31.87,21.44,12.56,-84.86,177.46
52.421345,-1.534866,180.5,0.1,4,269.34,18 / 19,139209,2019-09-06 19:22:24:952,-0.1188,0.1547,10.0568,0.0011,0.0089,9.8066,-0.04,0.025,0.0126,4.5,-31.5,21.75,11.69,-84.87,177.41
52.421345,-1.534866,180.5,0.1,4,269.34,18 / 19,139309,2019-09-06 19:22:25:052,-0.0443,0.1279,9.9638,-0.003,-0.0008,9.8066,0.0291,-0.0064,-0.0129,4.88,-31.69,21.56,11.7,-84.87,177.38
52.421345,-1.534866,180.5,0.1,4,269.34,18 / 19,139409,2019-09-06 19:22:25:152,0.0002,-0.175,9.7653,0.0017,0.0023,9.8066,0.005,0.0067,0.0052,4.69,-31.12,21.75,11.92,-84.87,177.61
52.421345,-1.534866,180.5,0.1,4,269.34,18 / 19,139509,2019-09-06 19:22:25:252,-0.0051,0.2605,10.0922,0.0019,0.0064,9.8066,-0.0015,-0.0094,0.0099,4.5,-31.5,21.75,11.74,-84.87,177.45
52.421345,-1.534866,180.5,0.1,4,269.34,18 / 19,139610,2019-09-06 19:22:25:353,0.0088,0.0539,9.8822,0.0008,0.006,9.8066,-0.0272,-0.0157,0.0066,4.38,-31.56,21.69,9.09,-84.86,177.59
52.421345,-1.534866,180.5,0.1,4,269.34,18 / 19,139710,2019-09-06 19:22:25:453,-0.0932,-0.3771,9.6803,-0.0027,-0.0073,9.8066,-0.0408,-0.0048,-0.0064,4.75,-31.5,21.56,11.96,-84.83,177.64
52.421345,-1.534866,180.5,0.1,4,269.34,18 / 19,139810,2019-09-06 19:22:25:553,-0.1741,0.2176,9.9716,-0.0007,-0.0044,9.8066,-0.0251,-0.0233,0.0012,4.56,-31.06,21.38,12.7,-84.84,177.63
52.421345,-1.534866,180.5,0.1,4,269.34,18 / 19,139910,2019-09-06 19:22:25:653,-0.0497,-0.2213,9.6625,0.0021,0.0052,9.8066,0.0058,-0.0168,-0.0152,4.69,-31.44,21.38,12.77,-84.83,177.69
52.421345,-1.534866,180.5,0.1,4,269.34,18 / 19,140010,2019-09-06 19:22:25:753,0.0652,0.0395,10.0425,-0.0019,-0.0035,9.8066,-0.0243,-0.0251,-0.0089,4.5,-31.37,21.94,11.84,-84.87,177.55
52.421345,-1.534866,180.5,0.1,4,269.34,18 / 19,140110,2019-09-06 19:22:25:853,-0.1578,0.1514,9.884,-0.0003,-0.004,9.8066,-0.0068,-0.0276,-0.0113,4.63,-31.44,20.88,12.72,-84.85,177.65
52.421345,-1.534866,180.5,0.1,4,269.34,18 / 19,140210,2019-09-06 19:22:25:953,0.0213,-0.0961,9.6887,0.004,-0.0007,9.8066,-0.0024,0.0269,0.0247,5,-31.37,21.81,11.67,-84.86,177.39
52.421345,-1.534866,180.5,0.1,4,269.34,18 / 19,140310,2019-09-06 19:22:26:053,-0.0732,-0.2956,9.6718,-0.0011,0.0032,9.8066,-0.0244,0.0273,-0.0032,3.88,-31.62,21.56,9.01,-84.86,177.52
52.421345,-1.534866,180.5,0.1,4,269.34,18 / 19,140409,2019-09-06 19:22:26:152,-0.0532,-0.0198,10.0542,-0.0007,-0.0044,9.8066,-0.0299,0.0131,0.0191,4.5,-31.12,22.19,11.73,-84.83,177.44
52.421345,-1.534866,180.5,0.1,4,269.34,18 / 19,140509,2019-09-06 19:22:26:252,-0.0084,0.1495,9.8732,-0.0015,-0.0036,9.8066,-0.0046,0.005,0.0043,4.63,-31.44,21.75,11.86,-84.84,177.56
52.421345,-1.534866,180.5,0.1,4,269.34,18 / 19,140610,2019-09-06 19:22:26:353,-0.1398,0.1158,9.8271,0.0003,0.0047,9.8066,-0.0098,-0.005,0.0022,4.75,-31.37,21.5,11.8,-84.84,177.5
52.421345,-1.534866,180.5,0.1,4,269.34,18 / 19,140710,2019-09-06 19:22:26:453,-0.0088,-0.3358,9.7181,0.0005,0.0054,9.8066,-0.019,-0.0166,0.0007,5.06,-31.06,21.75,12,-84.88,177.69
52.421345,-1.534866,180.5,0.1,4,269.34,18 / 19,140809,2019-09-06 19:22:26:552,0.0361,0.2235,9.9374,-0.0025,-0.0034,9.8066,-0.0245,-0.0168,-0.0093,4.75,-31.81,21.5,12.16,-84.85,177.77
52.421345,-1.534866,180.5,0.1,4,269.34,18 / 19,140910,2019-09-06 19:22:26:653,0.1404,-0.1368,9.8019,-0.0002,-0.0031,9.8066,0.0258,-0.0387,-0.0161,4.63,-31.94,21.75,12.19,-84.86,177.8
52.421345,-1.534866,180.5,0.1,4,269.34,18 / 19,141009,2019-09-06 19:22:26:752,-0.0054,-0.1618,9.813,0.0002,0.0046,9.8066,0.0197,-0.0231,-0.022,4.19,-30.69,21.88,9.26,-84.88,177.78
52.421345,-1.534866,180.5,0.1,4,269.34,18 / 19,141110,2019-09-06 19:22:26:853,-0.1415,0.0141,9.8147,-0.0003,-0.0031,9.8066,-0.0071,-0.0254,-0.0154,4.19,-31.69,21.94,9.29,-84.88,177.77
52.421345,-1.534866,180.5,0.1,4,269.34,18 / 19,141209,2019-09-06 19:22:26:952,-0.0076,-0.0727,9.9752,0.0008,0.0001,9.8066,0.0158,-0.0191,-0.019,4.19,-31.81,21.75,9.36,-84.87,177.83
52.421345,-1.534866,180.5,0.1,4,269.34,18 / 19,141309,2019-09-06 19:22:27:052,-0.0276,0.1619,10.0468,-0.0003,-0.0023,9.8066,-0.0064,-0.0275,-0.0211,4.19,-31.44,21.44,9.82,-84.85,177.73
52.421345,-1.534866,180.5,0.1,4,269.34,18 / 19,141409,2019-09-06 19:22:27:152,-0.1898,-0.0891,9.7248,0.0019,0.0012,9.8066,0.0252,-0.0223,-0.0057,3.88,-31.94,21.75,9.1,-84.88,177.6
52.421345,-1.534866,180.5,0.1,4,269.34,18 / 19,141510,2019-09-06 19:22:27:253,-0.1355,0.0123,10.0124,-0.001,-0.0002,9.8066,0.0019,-0.0086,-0.0182,4.81,-31.81,21.5,12.09,-84.88,177.72
52.421345,-1.534866,180.5,0.1,4,269.34,18 / 19,141609,2019-09-06 19:22:27:352,0.015,0.2801,9.9416,0,-0.0003,9.8066,0.0063,-0.0115,-0.004,4.69,-31.69,21.63,12.01,-84.87,177.65
52.421345,-1.534866,180.5,0.1,4,269.34,18 / 19,141710,2019-09-06 19:22:27:453,0.1055,-0.2059,9.7973,0.002,0.0002,9.8066,0.0345,0.0006,-0.0026,4.63,-31.44,21.44,12.74,-84.87,177.67
52.421345,-1.534866,180.5,0.1,4,269.34,18 / 19,141809,2019-09-06 19:22:27:552,-0.0865,-0.2384,9.9177,-0.0001,-0.0007,9.8066,0.0209,0.0061,-0.0025,4.5,-31.19,22.06,11.85,-84.87,177.55
52.421345,-1.534866,180.5,0.1,4,269.34,18 / 19,141909,2019-09-06 19:22:27:652,-0.0137,0.2006,9.9954,0.0014,-0.003,9.8066,0.0236,0.0179,-0.0013,4.5,-31.69,21.5,11.79,-84.87,177.45
52.421345,-1.534866,180.5,0.1,4,269.34,18 / 19,142010,2019-09-06 19:22:27:753,0.0991,-0.2305,9.7156,0.0014,0.001,9.8066,-0.0076,0.0257,0.0034,4.25,-31.69,21.94,8.87,-84.86,177.4
52.421345,-1.534866,180.5,0.1,4,269.34,18 / 19,142109,2019-09-06 19:22:27:852,-0.0036,0.1615,9.89,0.0019,0.0001,9.8066,0.0071,0.0209,0.0155,4.06,-31.06,21.69,8.53,-84.87,177.14
52.421345,-1.534866,180.5,0.1,4,269.34,18 / 19,142209,2019-09-06 19:22:27:952,0.067,-0.2236,9.9475,0.0012,0.0051,9.8066,-0.0002,0.0225,0.0095,4.13,-31.44,21.75,8.7,-84.88,177.29
52.421345,-1.534866,180.5,0.1,4,269.34,18 / 19,142309,2019-09-06 19:22:28:052,-0.0256,0.0097,9.7233,-0.0003,-0.0003,9.8066,-0.013,0.0242,0.0125,4.19,-31.75,21.25,9.43,-84.86,177.35
52.421345,-1.534866,180.5,0.1,4,269.34,18 / 19,142409,2019-09-06 19:22:28:152,-0.0344,0.0227,10.0495,-0.0008,-0.0009,9.8066,-0.0176,0.0213,0.0137,4.5,-31.44,22,11.66,-84.87,177.39
52.421345,-1.534866,180.5,0.1,4,269.34,18 / 19,142509,2019-09-06 19:22:28:252,-0.1358,0.1488,9.9437,0.0013,0.0008,9.8066,0.0272,-0.0061,-0.0051,4.13,-31.69,22,8.83,-84.88,177.37
52.421345,-1.534866,180.5,0.1,4,269.34,18 / 19,142610,2019-09-06 19:22:28:353,-0.1095,0.1999,9.854,-0.0007,-0.0011,9.8066,0.0041,0.0112,-0.0191,4.5,-31.75,22.25,11.64,-84.88,177.33
52.421345,-1.534866,180.5,0.1,4,269.34,18 / 19,142709,2019-09-06 19:22:28:452,-0.0313,-0.1951,9.8675,0.001,0.0032,9.8066,0.0147,-0.0083,0.0016,4.94,-31.37,22.44,11.51,-84.89,177.26
52.421345,-1.534866,180.5,0.1,4,269.34,18 / 19,142809,2019-09-06 19:22:28:552,-0.1678,0.0966,9.9285,0,0.0033,9.8066,0.0266,0.0195,-0.0007,4.44,-31.31,21.69,8.71,-84.91,177.3
52.421345,-1.534866,180.5,0.1,4,269.34,18 / 19,142909,2019-09-06 19:22:28:652,-0.0876,-0.3473,9.8684,-0.0007,-0.0019,9.8066,0.0239,0.0096,-0.0053,4.44,-31.69,22,8.76,-84.91,177.31
52.421345,-1.534866,180.5,0.1,4,269.34,18 / 19,143009,2019-09-06 19:22:28:752,0.0247,0.2239,10.0308,0.0005,-0.0023,9.8066,0.0056,0.0057,0.0038,4.5,-31.44,21.38,12.29,-84.92,177.3
52.421345,-1.534866,180.5,0.1,4,269.34,18 / 19,143110,2019-09-06 19:22:28:853,-0.0176,0.2144,9.7277,0.0007,0.0027,9.8066,-0.0433,-0.0121,-0.0027,4.75,-31.62,21.63,11.51,-84.92,177.22
52.421345,-1.534866,180.5,0.1,4,269.34,18 / 19,143209,2019-09-06 19:22:28:952,-0.0438,0.0262,9.9639,0.0011,0.0045,9.8065,0.0209,0.0167,0.0066,4.81,-31.56,21.69,11.45,-84.94,177.18
52.421345,-1.534866,180.5,0.1,4,269.34,18 / 19,143309,2019-09-06 19:22:29:052,-0.1562,-0.0981,9.743,-0.0006,0.0001,9.8066,0.0026,-0.0272,-0.0048,4.69,-31.56,21.44,12.33,-84.93,177.29
52.421345,-1.534866,180.5,0.1,4,269.34,18 / 19,143409,2019-09-06 19:22:29:152,-0.146,-0.0102,10.0447,-0.001,-0.0048,9.8066,-0.0259,-0.0242,-0.0124,4.13,-31.69,21.81,8.91,-84.94,177.45
52.421345,-1.534866,180.5,0.1,4,269.34,18 / 19,143509,2019-09-06 19:22:29:252,-0.0386,-0.0178,9.657,-0.0008,-0.004,9.8066,0.0129,-0.0256,-0.0153,4.81,-32.12,21.56,11.66,-84.92,177.35
52.421345,-1.534866,180.5,0.1,4,269.34,18 / 19,143610,2019-09-06 19:22:29:353,0.0413,0.2238,10.1012,0.0016,0.004,9.8066,0.0137,-0.036,-0.0162,4.5,-31.81,21.13,12.4,-84.94,177.35
52.421345,-1.534866,180.5,0.1,4,269.34,18 / 19,143709,2019-09-06 19:22:29:452,0.0148,-0.2693,9.652,0.0009,0.0011,9.8066,-0.0014,-0.025,-0.0158,4.19,-31.81,22.38,8.77,-84.93,177.32
52.421345,-1.534866,180.5,0.1,4,269.34,18 / 19,143809,2019-09-06 19:22:29:552,0.0316,-0.2501,9.8897,-0.0012,-0.0018,9.8066,-0.0075,-0.0284,-0.0161,4.88,-31.37,21.69,11.58,-84.94,177.34
52.421345,-1.534866,180.5,0.1,4,269.34,18 / 19,143910,2019-09-06 19:22:29:653,-0.0648,0.044,9.7098,0.0002,0.0001,9.8066,-0.0047,0.0211,0.0101,4.19,-31.56,21.5,8.87,-84.94,177.42
52.421345,-1.534866,180.5,0.1,4,269.34,18 / 19,144010,2019-09-06 19:22:29:753,-0.0274,0.1328,9.9966,0.0014,-0.0005,9.8065,0.0201,-0.0074,-0.0186,4.19,-31.25,21.69,8.56,-84.94,177.18
52.421345,-1.534866,180.5,0.1,4,269.34,18 / 19,144109,2019-09-06 19:22:29:852,0.0568,-0.2685,9.8626,-0.0019,-0.0037,9.8066,0.0272,-0.0019,-0.0032,4.19,-31.87,21.31,9.18,-84.95,177.16
52.421345,-1.534866,180.5,0.1,4,269.34,18 / 19,144209,2019-09-06 19:22:29:952,-0.164,0.1955,10.0229,0.0005,-0.0028,9.8066,0.0013,0.0191,-0.0026,4.38,-31.19,21.94,8.51,-84.93,177.14
52.421345,-1.534866,180.5,0.1,4,269.34,18 / 19,144310,2019-09-06 19:22:30:053,-0.0559,-0.2243,9.7091,0.0005,0.0033,9.8066,0.0142,0.0101,0.0136,4.25,-31.62,21.75,8.77,-84.92,177.33
52.421345,-1.534866,180.5,0.1,4,269.34,18 / 19,144410,2019-09-06 19:22:30:153,-0.0244,-0.3803,9.812,0.0006,0.0031,9.8066,-0.0014,0.0365,0.007,4.5,-31.81,21.44,12.24,-84.94,177.22
52.421345,-1.534866,180.5,0.1,4,269.34,18 / 19,144509,2019-09-06 19:22:30:252,-0.1484,0.1682,10.0372,-0.0009,-0.0032,9.8066,-0.0139,0.0318,0.0108,4.94,-31.37,21.69,11.57,-84.91,177.32
52.421345,-1.534866,180.5,0.1,4,269.34,18 / 19,144610,2019-09-06 19:22:30:353,-0.059,0.0539,9.7329,-0.0011,-0.0031,9.8066,-0.0047,0.0247,0.0214,3.94,-31.75,22.06,8.75,-84.92,177.31
52.421345,-1.534866,180.5,0.1,4,269.34,18 / 19,144710,2019-09-06 19:22:30:453,-0.2286,-0.2304,9.692,0.0027,0.0015,9.8066,-0.0052,0.0143,0.0072,4.63,-31.69,22.25,11.66,-84.92,177.36
52.421345,-1.534866,180.5,0.1,4,269.34,18 / 19,144810,2019-09-06 19:22:30:553,-0.0387,-0.2974,9.8418,-0.001,0.0001,9.8066,-0.0201,0.0018,0.0108,4.75,-31.25,21.5,11.38,-84.93,177.16
52.421345,-1.534866,180.5,0.1,4,269.34,18 / 19,144909,2019-09-06 19:22:30:652,0.0109,0.1539,10.0575,0.0002,-0.0001,9.8066,-0.0301,0.0021,0.0048,4.63,-31.44,21.44,12.05,-84.94,177.1
52.421345,-1.534866,180.5,0.1,4,269.34,18 / 19,145009,2019-09-06 19:22:30:752,-0.1405,0.0148,9.8208,0.0008,-0.0001,9.8066,-0.0059,-0.0217,-0.0032,4.31,-31.5,21.44,8.99,-84.93,177.02
52.421345,-1.534866,180.5,0.1,4,269.34,18 / 19,145110,2019-09-06 19:22:30:853,-0.0447,-0.3901,9.7121,-0.0004,-0.0032,9.8066,0.0052,-0.0131,-0.0123,4.56,-31.56,21.81,11.2,-84.92,176.95
52.421345,-1.534866,180.5,0.1,4,269.34,18 / 19,145210,2019-09-06 19:22:30:953,0.0152,0.2556,9.9915,0.0005,-0.0033,9.8066,-0.033,-0.027,-0.0136,4.69,-31.5,21.94,11.14,-84.91,176.95
52.421345,-1.534866,180.5,0.1,4,269.34,18 / 19,145309,2019-09-06 19:22:31:052,-0.0076,-0.04,9.5955,0.0004,0.0029,9.8066,0.0079,-0.0361,-0.0088,4.25,-31.37,21.75,8.27,-84.94,176.93
52.421345,-1.534866,180.5,0.1,4,269.34,18 / 19,145410,2019-09-06 19:22:31:153,-0.0598,0.0853,10.062,0.0003,0.0036,9.8066,0.0126,-0.022,-0.0192,4.19,-31.06,22.38,8.57,-84.93,177.19
52.421345,-1.534866,180.5,0.1,4,269.34,18 / 19,145510,2019-09-06 19:22:31:253,0.0168,0.1669,10.0565,0.0007,0.0035,9.8066,-0.0231,-0.0307,-0.0213,4.5,-31.69,21.56,11.41,-84.94,177.15
52.421345,-1.534866,180.5,0.1,4,269.34,18 / 19,145609,2019-09-06 19:22:31:352,-0.0813,0.1457,9.7674,-0.0001,-0.0011,9.8066,-0.0024,-0.0286,-0.0187,4.25,-31.5,22,8.63,-84.92,177.23
52.421345,-1.534866,180.5,0.1,4,269.34,18 / 19,145709,2019-09-06 19:22:31:452,-0.0519,-0.1369,9.9325,-0.0006,-0.0042,9.8066,-0.0038,0.0331,0.0183,4,-31.56,22,8.66,-84.9,177.22
52.421345,-1.534866,180.5,0.1,4,269.34,18 / 19,145809,2019-09-06 19:22:31:552,-0.161,-0.052,9.7728,0.0024,0.0026,9.8066,-0.012,0.0266,0.0121,4.25,-31.87,21.69,8.56,-84.92,177.14
52.421345,-1.534866,180.5,0.1,4,269.34,18 / 19,145910,2019-09-06 19:22:31:653,-0.0201,-0.3661,9.7542,0.0027,-0.0047,9.8066,-0.0271,0.0158,0.0172,4.63,-31.44,22.06,11.07,-84.88,176.88
52.421345,-1.534866,180.5,0.1,4,269.34,18 / 19,146009,2019-09-06 19:22:31:752,0.064,0.0376,10.0398,-0.0026,-0.0068,9.8066,-0.0349,0.0235,0.0044,4.63,-31.87,21.63,11.25,-84.87,176.98
52.421345,-1.534866,180.5,0.1,4,269.34,18 / 19,146109,2019-09-06 19:22:31:852,0.0551,-0.1753,9.5653,-0.0009,0.003,9.8066,-0.0059,-0.0036,0.0069,4.56,-31.06,21.69,11.02,-84.87,176.83
52.421345,-1.534866,180.5,0.1,4,269.34,18 / 19,146210,2019-09-06 19:22:31:953,-0.07,-0.243,9.9111,0.0016,0.0051,9.8066,-0.0313,-0.0064,0.0098,4.38,-31.62,22,8.38,-84.88,176.98
52.421345,-1.534866,180.5,0.1,4,269.34,18 / 19,146310,2019-09-06 19:22:32:053,0.0347,0.224,10.018,-0.0026,-0.0075,9.8065,-0.0432,-0.0075,-0.0075,4.13,-31.87,21.81,8.44,-84.84,177.02
52.421345,-1.534866,180.5,0.1,4,269.34,18 / 19,146409,2019-09-06 19:22:32:152,0.1036,-0.1381,9.7076,-0.001,-0.0057,9.8066,0.0156,-0.0253,-0.0106,4.56,-31.75,21.88,11.39,-84.86,177.1
52.421345,-1.534866,180.5,0.1,4,269.34,18 / 19,146509,2019-09-06 19:22:32:252,-0.0296,0.0603,9.9088,-0.0006,0.0062,9.8066,0.0238,-0.0154,-0.0158,4.19,-31.81,21.75,8.6,-84.9,177.17
52.421345,-1.534866,180.5,0.1,4,269.34,18 / 19,146611,2019-09-06 19:22:32:354,-0.0273,-0.4257,9.8279,-0.0027,-0.0046,9.8066,-0.0275,-0.0298,-0.0182,4.06,-31,21.94,8.57,-84.89,177.18
52.421345,-1.534866,180.5,0.1,4,269.34,18 / 19,146710,2019-09-06 19:22:32:453,0.0166,-0.2756,9.8383,0,-0.0036,9.8066,-0.0195,-0.0312,-0.0167,4.5,-31.56,21.44,12.43,-84.89,177.36
52.421345,-1.534866,180.5,0.1,4,269.34,18 / 19,146809,2019-09-06 19:22:32:552,-0.0575,-0.0946,9.637,-0.0015,-0.0045,9.8066,0.0189,-0.028,-0.0205,5.13,-31.44,21.94,11.57,-84.86,177.3
52.421345,-1.534866,180.5,0.1,4,269.34,18 / 19,146909,2019-09-06 19:22:32:652,-0.021,-0.2452,9.7251,0.0002,0.0023,9.8066,0.0188,-0.028,-0.0213,4.31,-31.56,22.06,8.87,-84.88,177.4
52.421345,-1.534866,180.5,0.1,4,269.34,18 / 19,147010,2019-09-06 19:22:32:753,-0.0441,-0.0581,10.0063,0.0017,0.0045,9.8066,0.0011,-0.0267,-0.0188,4.56,-31.75,22,11.67,-84.89,177.35
52.421345,-1.534866,180.5,0.1,4,269.34,18 / 19,147109,2019-09-06 19:22:32:852,0.8133,0.8268,9.5005,-0.0003,-0.0052,9.8066,0.1342,0.0126,0.2002,4.75,-31.81,21.94,11.64,-84.89,177.33
52.421345,-1.534866,180.5,0.1,4,269.34,18 / 19,147211,2019-09-06 19:22:32:954,-0.3937,-0.0174,9.8549,-0.0171,-0.0232,9.8066,0.1042,-0.0383,-0.0243,4.25,-31.06,22.63,11.46,-84.31,-179.96
52.421345,-1.534866,180.5,0.1,4,269.34,18 / 19,147309,2019-09-06 19:22:33:052,0.0462,0.8347,9.3666,0.0348,0.1061,9.806,0.0537,-0.0171,0.0016,3.88,-31.12,21.5,9.4,-84.7,177.85
52.421345,-1.534866,180.5,0.1,4,269.34,18 / 19,147410,2019-09-06 19:22:33:153,0.2178,-0.3216,9.9876,-0.0071,-0.0214,9.8066,0.2599,0.0105,0.213,4.25,-30.25,22.31,9.75,-84.18,178.07
52.421345,-1.534866,180.5,0.1,4,269.34,18 / 19,147509,2019-09-06 19:22:33:252,-0.4506,-0.5063,10.2404,-0.0012,-0.0569,9.8065,-0.1635,0.0584,-0.0286,3.88,-30.44,22.69,14,-82.64,-178.26
52.421345,-1.534866,180.5,0.1,4,269.34,18 / 19,147610,2019-09-06 19:22:33:353,-0.1081,0.0098,9.8123,-0.0506,0.0478,9.8064,0.0442,0.0207,0.0392,3.88,-31.06,22.88,17.83,-83.29,-174.88
52.421345,-1.534866,180.5,0.1,4,269.34,18 / 19,147709,2019-09-06 19:22:33:452,0.3897,-0.017,9.8964,-0.0238,0.0068,9.8065,-0.0284,0.0228,0.0355,3.69,-30.87,22.88,18.99,-83.02,-174.02
52.421345,-1.534866,180.5,0.1,4,269.34,18 / 19,147809,2019-09-06 19:22:33:552,-0.463,0.0437,9.885,-0.0147,-0.0156,9.8065,0.0725,0.0077,0.0382,3.5,-30.19,22.75,22,-82.95,-171.4
52.421345,-1.534866,180.5,0.1,4,269.34,18 / 19,147910,2019-09-06 19:22:33:653,0.0581,-0.2483,9.9375,-0.0217,-0.0216,9.8065,-0.0053,-0.0028,0.1039,3.5,-29.81,23,21.64,-82.63,-171.88
52.421345,-1.534866,180.5,0.1,4,269.34,18 / 19,148009,2019-09-06 19:22:33:752,0.6332,0.0301,9.7196,-0.0327,0.0488,9.8064,0.0431,0.0705,0.0237,2.94,-30.06,22.19,25.52,-82.69,-166.68
52.421345,-1.534866,180.5,0.1,4,269.34,18 / 19,148110,2019-09-06 19:22:33:853,0.5991,-0.1122,9.838,0.0203,-0.0429,9.8064,0.0718,0.0255,0.0776,3.06,-29.62,23.19,27,-82.15,-165.25
52.421345,-1.534866,180.5,0.1,4,269.34,18 / 19,148210,2019-09-06 19:22:33:953,0.0796,0.0037,9.8829,-0.01,0.0103,9.8066,-0.0629,0.0158,0.0181,2.63,-29.81,23.25,28.1,-81.59,-164.72
52.421345,-1.534866,180.5,0.1,4,269.34,18 / 19,148310,2019-09-06 19:22:34:053,0.7416,0.0136,9.5614,0.0217,-0.0215,9.8066,-0.0815,0.0294,0.2037,2.63,-29.87,23.19,28.08,-81.54,-164.76
52.421345,-1.534866,180.5,0.1,4,269.34,18 / 19,148409,2019-09-06 19:22:34:152,-0.4083,0.0123,10.1142,-0.0304,0.0001,9.8066,0.0883,0.0318,-0.0211,2.31,-29.12,23.19,29.78,-81.64,-160.67
52.421345,-1.534866,180.5,0.1,4,269.34,18 / 19,148510,2019-09-06 19:22:34:253,-0.2039,0.3296,9.7178,-0.0359,0.0202,9.8065,-0.0809,0.0401,0.0154,1.69,-29.87,23.25,30.21,-81.3,-160.74
52.421345,-1.534866,180.5,0.1,4,269.34,18 / 19,148609,2019-09-06 19:22:34:352,-0.054,0.1819,9.8557,0.0363,-0.0439,9.8064,0.0452,-0.0211,-0.1211,2.56,-29.5,23.06,32,-81.29,-161.5
52.421345,-1.534866,180.5,0.1,4,269.34,18 / 19,148710,2019-09-06 19:22:34:453,0.2079,-0.5289,10.0538,0.07,-0.0357,9.8062,-0.1741,-0.0248,-0.0768,3.13,-29.5,23.38,24.64,-81.23,-167.61
52.421345,-1.534866,180.5,0.1,4,269.34,18 / 19,148810,2019-09-06 19:22:34:553,-0.0209,0.3118,9.8202,0.0396,0.0542,9.8064,-0.1751,-0.015,-0.0351,3.44,-29.94,22.88,21.91,-81.94,-169.6
52.421345,-1.534866,180.5,0.1,4,269.34,18 / 19,148909,2019-09-06 19:22:34:652,-0.022,-0.0907,9.608,0.0172,0.0155,9.8065,-0.0076,0.0017,0.0032,3.19,-29.75,23.44,19.62,-82.45,-171.24
52.421345,-1.534866,180.5,0.1,4,269.34,18 / 19,149010,2019-09-06 19:22:34:753,-0.1045,0.0824,9.7192,0.0035,0.0025,9.8066,-0.0004,-0.0157,-0.0229,3.25,-29.87,22.31,19.06,-82.69,-172.07
52.421345,-1.534866,180.5,0.1,4,269.34,18 / 19,149109,2019-09-06 19:22:34:852,0.159,-0.1211,9.9022,0.0022,0.0036,9.8066,0.0164,-0.0405,-0.0058,3.56,-30.31,22.44,21.94,-82.72,-172.17
52.421345,-1.534866,180.5,0.1,4,269.34,18 / 19,149210,2019-09-06 19:22:34:953,-0.1207,0.1345,10.0203,-0.0002,0.0017,9.8066,-0.0179,-0.0254,-0.021,3.5,-30.56,22.75,21.37,-82.75,-172.16
52.421345,-1.534866,180.5,0.1,4,269.34,19 / 20,149310,2019-09-06 19:22:35:053,-0.0928,0.1321,9.8029,0,-0.0003,9.8066,-0.0096,-0.0378,-0.0151,3.69,-30.62,23.06,21.38,-82.76,-172.14
52.421345,-1.534866,180.5,0.1,4,269.34,19 / 20,149409,2019-09-06 19:22:35:152,0.0288,-0.0933,9.6628,0,-0.0015,9.8066,0.0215,-0.0361,-0.0134,3.31,-30.37,22.69,18.41,-82.76,-172.11
52.421345,-1.534866,180.5,0.1,4,269.34,19 / 20,149509,2019-09-06 19:22:35:252,0.0088,-0.1834,9.7336,-0.0006,0.0041,9.8066,0.0166,-0.0234,-0.0255,3.75,-30.31,22.75,21.28,-82.77,-172.11
52.421345,-1.534866,180.5,0.1,4,269.34,19 / 20,149609,2019-09-06 19:22:35:352,0.0209,0.2533,10.0075,0.0008,0.002,9.8066,0.0042,-0.0274,-0.0148,3.69,-30,22.81,21.34,-82.8,-172.05
52.421345,-1.534866,180.5,0.1,4,269.34,19 / 20,149710,2019-09-06 19:22:35:453,-0.1093,-0.0843,9.6133,0.0001,0.0006,9.8066,0.0131,-0.0133,-0.016,3.44,-29.87,21.63,19.04,-82.79,-172.03
52.421345,-1.534866,180.5,0.1,4,269.34,19 / 20,149809,2019-09-06 19:22:35:552,-0.1083,-0.2313,9.7408,0.0011,0.0005,9.8066,0.004,-0.021,-0.0097,3.63,-30.44,22.88,21.26,-82.81,-172.11
52.421345,-1.534866,180.5,0.1,4,269.34,19 / 20,149910,2019-09-06 19:22:35:653,-0.1583,0.1682,9.9431,0.0024,-0.0009,9.8066,0.0312,-0.0174,-0.008,3.25,-30.12,22.19,18.86,-82.81,-172.18
52.421345,-1.534866,180.5,0.1,4,269.34,19 / 20,150010,2019-09-06 19:22:35:753,-0.0753,-0.2256,9.8808,0.0003,0.0011,9.8066,-0.0273,0.0034,0.0062,3.56,-30.37,22.81,21.22,-82.82,-172.13
52.421345,-1.534866,180.5,0.1,4,269.34,19 / 20,150109,2019-09-06 19:22:35:852,-0.0898,0.1641,9.7981,0.0007,0.0015,9.8066,-0.0023,-0.0011,-0.001,3.81,-30.37,23.25,21.09,-82.83,-172.23
52.421345,-1.534866,180.5,0.1,4,269.34,19 / 20,150210,2019-09-06 19:22:35:953,-0.1569,0.0744,9.8529,0.0007,0.0021,9.8066,-0.0009,-0.0151,0,3.69,-29.81,22.69,21.18,-82.83,-172.16
52.421345,-1.534866,180.5,0.1,4,269.34,19 / 20,150310,2019-09-06 19:22:36:053,-0.0091,0.0311,9.8089,-0.0007,-0.0012,9.8066,-0.0227,-0.0167,-0.0011,3.56,-30.56,22.06,21.89,-82.83,-172.27
52.421345,-1.534866,180.5,0.1,4,269.34,18 / 20,150409,2019-09-06 19:22:36:152,-0.1878,0.032,9.7667,0.0003,-0.001,9.8066,0.0109,0.0161,0.0088,3.44,-30.31,22.75,18.25,-82.83,-172.21
52.421345,-1.534866,180.5,0.1,4,269.34,18 / 20,150509,2019-09-06 19:22:36:252,-0.0874,0.0529,9.7455,0.0007,-0.0028,9.8066,-0.0054,-0.0268,-0.0089,3.56,-30.12,22.5,21.17,-82.81,-172.18
52.421345,-1.534866,180.5,0.1,4,269.34,18 / 20,150610,2019-09-06 19:22:36:353,-0.0622,-0.1537,9.7608,0.0016,0.0024,9.8066,0.0033,-0.0226,-0.0165,3.06,-30.12,22.5,18.25,-82.81,-172.22
52.421345,-1.534866,180.5,0.1,4,269.34,18 / 20,150710,2019-09-06 19:22:36:453,-0.0813,0.2366,10.0068,0,0.003,9.8066,0.0067,-0.0328,-0.0093,3.56,-30.25,22.5,21.03,-82.83,-172.29
52.421345,-1.534866,180.5,0.1,4,269.34,18 / 20,150809,2019-09-06 19:22:36:552,-0.0687,-0.2931,9.8032,0.0007,-0.0023,9.8066,-0.0131,-0.0261,-0.0171,2.75,-30.25,22.56,18.19,-82.81,-172.27
52.421345,-1.534866,180.5,0.1,4,269.34,18 / 20,150910,2019-09-06 19:22:36:653,-0.0564,0.2082,9.8868,-0.0004,-0.0016,9.8066,-0.0113,-0.0297,-0.0153,3.44,-30.69,22.75,18.27,-82.82,-172.3
52.421345,-1.534866,180.5,0.1,4,269.34,18 / 20,151010,2019-09-06 19:22:36:753,0.0785,-0.1812,9.8499,0.0013,0.0017,9.8065,0.0134,-0.0421,-0.0149,3.56,-30,22.81,20.91,-82.83,-172.39
52.421345,-1.534866,180.5,0.1,4,269.34,18 / 20,151109,2019-09-06 19:22:36:852,-0.0193,-0.0082,9.8198,-0.0009,0.0006,9.8066,0.0145,-0.0252,-0.0263,3.06,-30.94,22.31,18.74,-82.82,-172.38
52.421345,-1.534866,180.5,0.1,4,269.34,18 / 20,151210,2019-09-06 19:22:36:953,-0.0391,0.8026,9.3665,-0.0038,0.0142,9.8066,-0.1862,-0.0224,-0.0439,3.31,-30.44,22.38,18.55,-82.83,-172.43
52.421345,-1.534866,180.5,0.1,4,269.34,18 / 20,151309,2019-09-06 19:22:37:052,-0.1256,0.5464,9.3845,-0.0095,-0.0633,9.8064,-0.2489,-0.0366,0.0333,3.44,-30.44,22.75,17.96,-82.66,-172.53
52.421345,-1.534866,180.5,0.1,4,269.34,18 / 20,151410,2019-09-06 19:22:37:153,-0.1331,0.1684,10.0287,0.0053,0.0324,9.8065,-0.1282,0.02,-0.0156,3.38,-30.69,22.31,19.43,-83.16,-171.64
52.421345,-1.534866,180.5,0.1,4,269.34,18 / 20,151511,2019-09-06 19:22:37:254,0.1885,-0.1057,9.8216,0.0204,0.0507,9.8064,-0.0738,-0.002,0.0009,3.75,-31.19,21.75,21.85,-84.51,-171.38
52.421345,-1.534866,180.5,0.1,4,269.34,18 / 20,151610,2019-09-06 19:22:37:353,-0.052,-0.013,9.8634,0.0142,0.0512,9.8064,-0.1086,0.0034,-0.0056,3.81,-31.75,21.88,22.96,-85,-170.22
52.421345,-1.534866,180.5,0.1,4,269.34,18 / 20,151709,2019-09-06 19:22:37:452,-0.0802,0.2105,9.8088,0.0085,0.0419,9.8065,-0.1522,0.0236,-0.0107,4.13,-32,21.19,24.9,-85.52,-168.78
52.421345,-1.534866,180.5,0.1,4,269.34,18 / 20,151810,2019-09-06 19:22:37:553,0.043,-0.2143,9.7612,0.0038,0.0234,9.8065,-0.047,-0.0153,0.0033,3.56,-32.44,20.94,25.73,-86,-167.7
52.421345,-1.534866,180.5,0.1,4,269.34,18 / 20,151910,2019-09-06 19:22:37:653,0.0553,0.5042,9.6498,0.0147,0.0652,9.8064,-0.1093,-0.0111,0.0039,4,-32.25,20.75,27.46,-86.51,-165.78
52.421345,-1.534866,180.5,0.1,4,269.34,18 / 20,152009,2019-09-06 19:22:37:752,0.2712,-0.0179,9.9211,0.0082,0.0456,9.8065,-0.0851,-0.029,0.0172,3.88,-32.37,20.38,30.03,-86.87,-163.77
52.421345,-1.534866,180.5,0.1,4,269.34,18 / 20,152109,2019-09-06 19:22:37:852,-0.2643,0.1694,9.67,0.0053,0.0314,9.8066,-0.0174,-0.0321,-0.0177,3.56,-32.75,19.94,32.99,-87.36,-160.68
52.421345,-1.534866,180.5,0.1,4,269.34,18 / 20,152209,2019-09-06 19:22:37:952,-0.1752,0.4022,9.7981,0.0221,0.0829,9.8062,-0.002,-0.0136,-0.0237,3.38,-33.69,19.06,37.55,-88.04,-153.55
52.421345,-1.534866,180.5,0.1,4,269.34,18 / 20,152310,2019-09-06 19:22:38:053,0.0595,0.1042,9.9059,0.0012,0.0201,9.8066,-0.0057,-0.0325,-0.0128,3.44,-33.75,19.75,42.54,-88.45,-147.76
52.421345,-1.534866,180.5,0.1,4,269.34,18 / 20,152410,2019-09-06 19:22:38:153,0.1603,-0.0492,10.058,-0.0064,-0.0233,9.8065,-0.016,-0.0369,-0.0062,3.75,-33.81,19.88,45.02,-88.42,-148.17
52.421345,-1.534866,180.5,0.1,4,269.34,18 / 20,152510,2019-09-06 19:22:38:253,-0.229,-0.2481,9.865,0.0034,0.0162,9.8066,-0.2358,-0.0277,-0.0141,3.75,-33.81,19.31,49.94,-88.53,-143.93
52.421345,-1.534866,180.5,0.1,4,269.34,18 / 20,152610,2019-09-06 19:22:38:353,0.0123,0.3069,9.7027,0.0259,0.078,9.8063,0.1667,-0.0239,-0.0117,4.69,-34.06,18.63,102.78,-89.17,-93.36
52.421345,-1.534866,180.5,0.1,4,269.34,18 / 20,152709,2019-09-06 19:22:38:452,0.215,0.0088,9.9548,0,-0.0064,9.8066,-0.0554,-0.0076,-0.0143,3.81,-34.06,19.63,74.21,-89.07,-118.6
52.421345,-1.534866,180.5,0.1,4,269.34,18 / 20,152809,2019-09-06 19:22:38:552,0.0631,0.117,9.9835,0.0008,0.0044,9.8066,-0.1887,-0.0141,-0.0332,3.25,-35,18.81,78.58,-89.13,-111.95
52.421345,-1.534866,180.5,0.1,4,269.34,18 / 20,152909,2019-09-06 19:22:38:652,-0.1626,0.5358,9.7182,0.0182,0.0738,9.8063,-0.1475,-0.0126,-0.0038,3.5,-34.81,18.31,152.94,-88.82,-40.6
52.421345,-1.534866,180.5,0.1,4,269.34,18 / 20,153010,2019-09-06 19:22:38:753,-0.2251,-0.0625,9.7703,-0.0134,-0.0686,9.8064,0.1557,-0.0326,-0.0016,3.38,-34.25,19,137.85,-89.03,-52.28
52.421345,-1.534866,180.5,0.1,4,269.34,18 / 20,153110,2019-09-06 19:22:38:853,-0.1639,0.0649,9.5681,-0.025,-0.0838,9.8062,0.3206,-0.0345,0.0006,3.94,-33.5,19.88,89.56,-89.15,-103.13
52.421345,-1.534866,180.5,0.1,4,269.34,18 / 20,153209,2019-09-06 19:22:38:952,-0.0904,-0.4651,9.7993,-0.042,-0.1669,9.8051,0.3692,0.036,0.0091,3.88,-32.69,21.25,33.33,-87.35,-159.73
52.421345,-1.534866,180.5,0.1,4,269.34,19 / 21,153309,2019-09-06 19:22:39:052,-0.0842,-0.28,9.7352,-0.0077,-0.0752,9.8063,0.0546,0.0201,0.036,3.63,-31.94,21.06,25.08,-85.52,-168.61
52.421345,-1.534866,180.5,0.1,4,269.34,19 / 21,153409,2019-09-06 19:22:39:152,-0.267,0.3307,9.7967,0.0001,-0.0314,9.8065,-0.0489,0.0074,0.0734,3.88,-31.5,21.81,23.43,-85.13,-169.63
52.421345,-1.534866,180.5,0.1,4,269.34,19 / 21,153509,2019-09-06 19:22:39:252,-0.0717,0.1456,9.5838,0.0039,0.013,9.8065,0.0504,0.0149,0.0005,4.06,-31,21.38,23.97,-85.1,-169.78
52.421345,-1.534866,180.5,0.1,4,269.34,19 / 21,153610,2019-09-06 19:22:39:353,-0.0407,-0.2412,9.8188,-0.0022,-0.0123,9.8066,0.0442,0.018,0.0004,3.69,-31.5,21.13,23.82,-85.12,-169.9
52.421345,-1.534866,180.5,0.1,4,269.34,19 / 21,153710,2019-09-06 19:22:39:453,-0.2105,0.0051,9.9409,-0.001,-0.0088,9.8066,0.0405,-0.0089,0.0033,3.5,-31,22,22.89,-85.03,-170.17
52.421345,-1.534866,180.5,0.1,4,269.34,19 / 21,153810,2019-09-06 19:22:39:553,-0.0862,-0.2241,9.9275,-0.0002,-0.0058,9.8066,-0.0313,-0.0052,0.006,3.88,-31.62,21.81,22.9,-85.01,-170.26
52.421345,-1.534866,180.5,0.1,4,269.34,19 / 21,153910,2019-09-06 19:22:39:653,-0.1451,0.0445,9.7113,0.0003,0.0007,9.8066,0.0149,-0.0136,-0.0159,3.56,-31.56,21.44,23.62,-84.99,-170.25
52.421345,-1.534866,180.5,0.1,4,269.34,19 / 21,154009,2019-09-06 19:22:39:752,-0.1306,-0.0217,9.7988,0.0003,0.0008,9.8066,0.0052,-0.0285,-0.0111,3.88,-31.81,21.63,22.85,-84.99,-170.31
52.421345,-1.534866,180.5,0.1,4,269.34,19 / 21,154110,2019-09-06 19:22:39:853,-0.0498,0.0816,10.0604,-0.0019,-0.0026,9.8066,0.0043,0.0245,0.0044,4,-31.19,21.38,23.39,-84.98,-170.36
52.421345,-1.534866,180.5,0.1,4,269.34,19 / 21,154210,2019-09-06 19:22:39:953,-0.0897,0.0287,9.6867,0.001,-0.0011,9.8066,0.0068,0.0265,0.0173,3.5,-31.56,21.31,23.5,-84.96,-170.37
52.421345,-1.534866,180.5,0.1,4,269.34,19 / 21,154310,2019-09-06 19:22:40:053,-0.1423,0.0794,10.0703,-0.0007,-0.0003,9.8066,-0.0039,0.0331,0.013,3.44,-31.19,21.25,20.39,-84.95,-170.38
52.421345,-1.534866,180.5,0.1,4,269.34,19 / 20,154409,2019-09-06 19:22:40:152,0.0082,-0.1659,9.6817,0.0014,0.0031,9.8066,-0.005,0.0182,0.0163,3.81,-31.62,21.56,22.73,-84.96,-170.44
52.421345,-1.534866,180.5,0.1,4,269.34,19 / 20,154510,2019-09-06 19:22:40:253,0.0718,0.2265,10.0727,-0.0009,-0.0045,9.8066,-0.011,0.0361,0.0102,3.56,-31.81,21.25,23.43,-84.89,-170.48
52.421345,-1.534866,180.5,0.1,4,269.34,19 / 20,154609,2019-09-06 19:22:40:352,-0.1042,0.0578,9.7007,0.001,-0.0025,9.8066,-0.0043,0.0192,0.0244,3.75,-31.62,21.44,23.25,-84.89,-170.63
52.421345,-1.534866,180.5,0.1,4,269.34,19 / 20,154710,2019-09-06 19:22:40:453,-0.0792,-0.1753,9.705,0.0004,0.0016,9.8066,-0.0079,0.02,0.0134,4.19,-31.62,21.63,22.55,-84.87,-170.65
52.421345,-1.534866,180.5,0.1,4,269.34,19 / 20,154810,2019-09-06 19:22:40:553,-0.1133,0.1984,9.9741,-0.0017,-0.0028,9.8066,-0.0204,0.0258,0.0049,3.63,-31.56,22,22.57,-84.87,-170.63
52.421345,-1.534866,180.5,0.1,4,269.34,19 / 20,154909,2019-09-06 19:22:40:652,-0.2126,0.1225,9.9052,0.0014,0,9.8066,-0.0093,0.005,0.0234,2.94,-31.81,21.25,20.19,-84.87,-170.69
52.421345,-1.534866,180.5,0.1,4,269.34,19 / 20,155009,2019-09-06 19:22:40:752,-0.044,-0.1243,9.823,-0.0011,-0.0027,9.8066,-0.016,0.0053,-0.0015,3.69,-31.25,21.81,22.48,-84.86,-170.63
52.421345,-1.534866,180.5,0.1,4,269.34,19 / 20,155110,2019-09-06 19:22:40:853,-0.1139,0.1263,9.9555,0.0009,0.0024,9.8066,-0.0029,0.0003,0.0046,3.63,-31.5,21.5,22.38,-84.86,-170.71
52.421345,-1.534866,180.5,0.1,4,269.34,19 / 20,155209,2019-09-06 19:22:40:952,-0.033,-0.3435,9.8191,0.0003,0.0031,9.8066,-0.032,0.0009,0.0171,3.44,-32.06,21.56,19.6,-84.86,-170.72
52.421345,-1.534866,180.5,0.1,4,269.34,19 / 20,155310,2019-09-06 19:22:41:053,-0.1309,-0.1974,9.6576,-0.0012,-0.0021,9.8066,-0.0345,0.0093,0.0023,3.81,-31.25,21.56,22.44,-84.85,-170.67
52.421345,-1.534866,180.5,0.1,4,269.34,19 / 21,155410,2019-09-06 19:22:41:153,0.097,-0.1962,9.8658,0.0005,-0.003,9.8066,-0.0049,0.0017,0.0041,4,-31.37,21.25,23.06,-84.84,-170.73
52.421345,-1.534866,180.5,0.1,4,269.34,19 / 21,155510,2019-09-06 19:22:41:253,-0.0295,0.153,10.0851,0.0003,0.0053,9.8066,0.0077,-0.0014,0.0055,3.63,-31.5,21.5,22.43,-84.86,-170.67
52.421345,-1.534866,180.5,0.1,4,269.34,19 / 21,155610,2019-09-06 19:22:41:353,-0.2008,0.0171,9.8324,-0.0001,0.0045,9.8066,-0.0352,-0.0073,-0.0086,3.88,-31.81,21.13,23.35,-84.86,-170.57
52.421345,-1.534866,180.5,0.1,4,269.34,19 / 21,155709,2019-09-06 19:22:41:452,-0.0692,-0.1147,9.9745,0.0008,-0.004,9.8066,-0.0141,-0.0225,0.0042,3.94,-31.81,21.19,23.25,-84.82,-170.68
52.421345,-1.534866,180.5,0.1,4,269.34,19 / 21,155810,2019-09-06 19:22:41:553,-0.0473,-0.0165,9.9627,-0.0016,-0.0053,9.8066,0.0052,-0.013,-0.0142,3.44,-31.44,21.81,19.55,-84.81,-170.72
52.421345,-1.534866,180.5,0.1,4,269.34,19 / 21,155911,2019-09-06 19:22:41:654,0.1488,-0.1574,9.79,0.0011,0.0057,9.8066,0.0127,-0.0303,-0.0041,3.69,-31.75,21.63,22.56,-84.85,-170.65
52.421345,-1.534866,180.5,0.1,4,269.34,19 / 21,156009,2019-09-06 19:22:41:752,-0.0408,-0.3052,9.8276,-0.0005,0.0044,9.8066,-0.0188,-0.0243,-0.0127,3.31,-31.19,21.75,19.77,-84.86,-170.49
52.421345,-1.534866,180.5,0.1,4,269.34,19 / 21,156110,2019-09-06 19:22:41:853,-0.0528,0.1771,9.866,-0.0013,-0.0048,9.8066,-0.0138,-0.027,-0.0172,3.13,-31.25,21.5,19.68,-84.87,-170.57
52.421345,-1.534866,180.5,0.1,4,269.34,19 / 21,156209,2019-09-06 19:22:41:952,0.1051,-0.1261,9.6805,-0.0007,-0.0017,9.8065,0.0329,-0.0307,-0.0088,4.06,-31.62,21.5,22.69,-84.85,-170.55
52.421345,-1.534866,180.5,0.1,4,269.34,19 / 21,156311,2019-09-06 19:22:42:054,-0.0218,-0.0903,9.7409,0.0022,-0.002,9.8066,0.0211,-0.013,-0.0206,3.69,-31.25,21.63,22.44,-84.86,-170.66
52.421345,-1.534866,180.5,0.1,4,269.34,19 / 21,156409,2019-09-06 19:22:42:152,0.0569,0.0407,10.0404,-0.0029,-0.0047,9.8066,0.0019,-0.0039,-0.0003,3.88,-31.44,21.25,23.17,-84.82,-170.65
52.421345,-1.534866,180.5,0.1,4,269.34,19 / 21,156509,2019-09-06 19:22:42:252,-0.0912,0.162,9.8195,-0.0005,-0.0043,9.8066,-0.0312,-0.0021,0.0073,3.63,-31.44,21.5,22.51,-84.83,-170.62
52.421345,-1.534866,180.5,0.1,4,269.34,19 / 21,156610,2019-09-06 19:22:42:353,-0.0606,-0.1149,9.6998,0.0008,0.0066,9.8066,0.0023,-0.0073,-0.0057,3.69,-31.56,21.81,22.71,-84.86,-170.51
52.421345,-1.534866,180.5,0.1,4,269.34,19 / 21,156709,2019-09-06 19:22:42:452,-0.0851,0.2842,10.0259,0.0002,0.0034,9.8066,0.0011,-0.0263,-0.0038,3.63,-31.19,21.63,22.49,-84.86,-170.62
52.421345,-1.534866,180.5,0.1,4,269.34,19 / 21,156809,2019-09-06 19:22:42:552,-0.0341,-0.291,9.8189,-0.0002,-0.0021,9.8066,-0.0119,-0.0231,-0.0114,3.69,-31.5,21.38,23.13,-84.85,-170.67
52.421345,-1.534866,180.5,0.1,4,269.34,19 / 21,156910,2019-09-06 19:22:42:653,-0.0532,0.1212,10.0484,-0.0008,-0.0031,9.8066,-0.0197,-0.0237,-0.0161,3.75,-31.81,21.75,22.52,-84.84,-170.69
52.421345,-1.534866,180.5,0.1,4,269.34,19 / 21,157010,2019-09-06 19:22:42:753,-0.1609,0.043,9.8809,0.0007,0.0008,9.8066,0.0231,-0.0355,-0.0105,3.69,-31.75,21.69,22.48,-84.85,-170.73
52.421345,-1.534866,180.5,0.1,4,269.34,19 / 21,157110,2019-09-06 19:22:42:853,0.0231,-0.3175,9.7157,0.0002,0.0007,9.8066,-0.0204,0.0199,0.0209,3.44,-31.69,21.88,19.63,-84.85,-170.7
52.421345,-1.534866,180.5,0.1,4,269.34,19 / 21,157210,2019-09-06 19:22:42:953,-0.0775,-0.1185,9.6436,-0.0012,-0.0032,9.8066,0.0004,0.0305,0.017,3.81,-31.25,21.81,22.21,-84.83,-170.88
52.421345,-1.534866,180.5,0.1,4,269.34,19 / 21,157313,2019-09-06 19:22:43:056,0.083,-0.0534,9.9604,0.0004,-0.0016,9.8066,-0.001,0.0145,0.0145,3.69,-31.06,21.81,22.18,-84.83,-170.91
52.421345,-1.534866,180.5,0.1,4,269.34,19 / 21,157409,2019-09-06 19:22:43:152,-0.0099,-0.0388,9.7892,0.0008,0.0009,9.8066,-0.0204,0.0138,0.016,3.56,-31.56,21.38,22.77,-84.83,-171.09
52.421345,-1.534866,180.5,0.1,4,269.34,20 / 22,157510,2019-09-06 19:22:43:253,-0.0539,-0.3878,9.6704,-0.0003,-0.0042,9.8065,-0.0177,0.027,0.0103,3.5,-31.5,21.75,21.91,-84.84,-171.15
52.421345,-1.534866,180.5,0.1,4,269.34,20 / 22,157610,2019-09-06 19:22:43:353,-0.1251,0.0517,10.0371,-0.0004,-0.002,9.8066,-0.0092,0.0082,0.0092,4.19,-31.56,21.63,22.01,-84.82,-171.16
52.421345,-1.534866,180.5,0.1,4,269.34,20 / 22,157710,2019-09-06 19:22:43:453,-0.0608,0.1775,9.998,-0.0001,-0.0026,9.8066,-0.0099,0.0211,0.009,3.81,-31.5,21.94,21.67,-84.8,-171.38
52.421345,-1.534866,180.5,0.1,4,269.34,20 / 22,157809,2019-09-06 19:22:43:552,-0.1109,-0.0617,9.7034,0.0002,0.0012,9.8066,-0.0247,0.0254,0.0134,3.94,-31.94,21.69,21.71,-84.81,-171.42
52.421345,-1.534866,180.5,0.1,4,269.34,20 / 22,157910,2019-09-06 19:22:43:653,-0.0501,-0.2994,9.7971,-0.0002,0.0006,9.8066,-0.0251,0.0008,0.0169,3.88,-30.75,21.44,22.36,-84.81,-171.36
52.421345,-1.534866,180.5,0.1,4,269.34,20 / 22,158009,2019-09-06 19:22:43:752,0.0407,0.1679,10.0486,0.0004,0.0011,9.8066,-0.0011,0.0061,0.0015,3.5,-31.62,21.63,21.76,-84.82,-171.37
52.421345,-1.534866,180.5,0.1,4,269.34,20 / 22,158109,2019-09-06 19:22:43:852,0.0957,-0.1877,9.6242,0.001,0.0017,9.8066,0.0013,-0.0123,0.0068,3.5,-31.81,21.88,21.72,-84.82,-171.4
52.421345,-1.534866,180.5,0.1,4,269.34,20 / 22,158210,2019-09-06 19:22:43:953,-0.032,-0.0236,9.827,-0.0002,-0.0025,9.8066,-0.0347,-0.0106,-0.0013,3.81,-31.25,21.75,21.52,-84.82,-171.5
52.421345,-1.534866,180.5,0.1,4,269.34,20 / 22,158310,2019-09-06 19:22:44:053,-0.0966,0.089,9.724,-0.0005,-0.0029,9.8066,-0.0237,-0.0185,-0.0039,3.81,-31.62,21.38,22.26,-84.8,-171.56
52.421345,-1.534866,180.5,0.1,4,269.34,20 / 21,158409,2019-09-06 19:22:44:152,0.0685,-0.2725,9.6424,0.0006,0.0006,9.8066,-0.0016,-0.0205,-0.0084,3.56,-31.87,21.63,21.54,-84.8,-171.58
52.421345,-1.534866,180.5,0.1,4,269.34,20 / 21,158510,2019-09-06 19:22:44:253,-0.0537,0.0514,9.9891,-0.0002,0.0006,9.8066,0.0075,-0.0201,-0.0114,4,-31.44,21.5,21.41,-84.8,-171.6
52.421345,-1.534866,180.5,0.1,4,269.34,20 / 21,158609,2019-09-06 19:22:44:352,0.0443,0.0386,10.0281,0.0005,-0.0019,9.8066,-0.0238,-0.0247,-0.0138,3.38,-31.44,21.63,18.53,-84.78,-171.62
52.421345,-1.534866,180.5,0.1,4,269.34,20 / 21,158710,2019-09-06 19:22:44:453,-0.1349,0.2348,9.8716,-0.0006,-0.0028,9.8066,-0.0206,-0.0258,-0.0123,3.88,-31.25,21.56,21.38,-84.78,-171.64
52.421345,-1.534866,180.5,0.1,4,269.34,20 / 21,158809,2019-09-06 19:22:44:552,-0.0849,-0.0223,9.6262,0.0011,0.0035,9.8065,0.0235,-0.0257,-0.0211,3.56,-31.75,21.88,21.55,-84.77,-171.58
52.421345,-1.534866,180.5,0.1,4,269.34,20 / 21,158909,2019-09-06 19:22:44:652,-0.1113,-0.3042,9.6879,0.0008,0.0051,9.8066,0.0278,-0.0279,-0.0091,3.63,-31.81,21.44,22.23,-84.8,-171.58
52.421345,-1.534866,180.5,0.1,4,269.34,20 / 21,159009,2019-09-06 19:22:44:752,-0.1355,-0.043,9.9827,-0.0004,-0.0042,9.8066,-0.016,0.0188,0.0249,3.63,-31.56,21.88,21.5,-84.79,-171.62
52.421345,-1.534866,180.5,0.1,4,269.34,20 / 21,159109,2019-09-06 19:22:44:852,-0.1385,-0.0129,9.6673,-0.0005,0.0034,9.8066,-0.0134,0.0143,0.0055,3.56,-31.94,21.69,21.56,-84.76,-171.58
52.421345,-1.534866,180.5,0.1,4,269.34,20 / 21,159209,2019-09-06 19:22:44:952,0.0796,-0.2012,9.7656,0.0015,0.0039,9.8066,-0.0086,0.0039,0.0048,3.75,-31.25,21.5,21.47,-84.78,-171.57
52.421345,-1.534866,180.5,0.1,4,269.34,20 / 21,159310,2019-09-06 19:22:45:053,-0.0591,0.0321,9.8552,0.001,0.0054,9.8066,0.0217,-0.0071,-0.0101,4.13,-31.37,21.13,22.16,-84.78,-171.56
52.421345,-1.534866,180.5,0.1,4,269.34,19 / 21,159409,2019-09-06 19:22:45:152,0.0437,-0.1748,9.9282,-0.0019,-0.0022,9.8066,0.01,0.0143,0.012,3.69,-31.5,21.5,21.49,-84.76,-171.56
52.421345,-1.534866,180.5,0.1,4,269.34,19 / 21,159510,2019-09-06 19:22:45:253,-0.0968,0.075,9.7197,0.0009,0.004,9.8066,0.0008,0.0261,-0.0049,4.06,-31.12,21.81,21.54,-84.77,-171.51
52.421345,-1.534866,180.5,0.1,4,269.34,19 / 21,159609,2019-09-06 19:22:45:352,-0.0148,-0.0865,9.7597,0.0007,0.0024,9.8066,0.0138,0.023,0.0114,3.63,-31.75,21.63,21.65,-84.79,-171.49
52.421345,-1.534866,180.5,0.1,4,269.34,19 / 21,159710,2019-09-06 19:22:45:453,-0.0558,-0.3372,9.7226,-0.0014,-0.0028,9.8066,0.009,0.0302,0.0129,3.5,-31.25,21.38,22.1,-84.79,-171.6
52.421345,-1.534866,180.5,0.1,4,269.34,19 / 21,159809,2019-09-06 19:22:45:552,-0.1413,0.1243,10.0434,0.0008,-0.0018,9.8066,0.0075,0.0207,0.0113,3.69,-31.25,21.81,21.46,-84.78,-171.57
52.421345,-1.534866,180.5,0.1,4,269.34,19 / 21,159910,2019-09-06 19:22:45:653,-0.0601,0.1469,10.0743,-0.0009,0.0006,9.8066,0.0062,0.0287,0.0233,3.25,-31.25,21.31,19.2,-84.77,-171.51
52.421345,-1.534866,180.5,0.1,4,269.34,19 / 21,160010,2019-09-06 19:22:45:753,-0.1146,-0.248,9.6738,0.0013,0.0017,9.8066,-0.0072,0.0301,0.0092,3.25,-31.62,21.25,19.21,-84.78,-171.58
52.421345,-1.534866,180.5,0.1,4,269.34,19 / 21,160110,2019-09-06 19:22:45:853,-0.0442,-0.1295,9.9269,-0.0012,0,9.8066,-0.028,0.0258,0.0199,4,-31.25,21.38,22.16,-84.77,-171.57
52.421345,-1.534866,180.5,0.1,4,269.34,19 / 21,160210,2019-09-06 19:22:45:953,0.0374,0.3212,10.066,-0.0002,0.0002,9.8066,0.0008,0.0217,0.0225,3.75,-31,21.13,22.09,-84.78,-171.62
52.421345,-1.534866,180.5,0.1,4,269.34,19 / 21,160310,2019-09-06 19:22:46:053,-0.1131,0.0696,9.6954,0.0002,-0.001,9.8066,-0.0031,0.0327,0.0118,3.06,-31.06,21.69,18.52,-84.76,-171.64
52.421345,-1.534866,180.5,0.1,4,269.34,19 / 19,160410,2019-09-06 19:22:46:153,-0.0388,-0.3631,9.759,0.0011,0.0019,9.8066,-0.0202,0.0206,0.0201,3.75,-31.12,21.19,22.06,-84.77,-171.66
52.421345,-1.534866,180.5,0.1,4,269.34,19 / 19,160510,2019-09-06 19:22:46:253,0.0596,0.067,10.0535,0.0019,0.0006,9.8066,-0.0319,0.0206,0.0032,3.94,-31.5,21.25,21.89,-84.76,-171.81
52.421345,-1.534866,180.5,0.1,4,269.34,19 / 19,160610,2019-09-06 19:22:46:353,-0.1081,0.2748,9.9454,-0.0001,-0.0007,9.8065,-0.0056,0.0024,0.0099,4.13,-31.75,21.94,21.4,-84.77,-171.71
52.421345,-1.534866,180.5,0.1,4,269.34,19 / 19,160709,2019-09-06 19:22:46:452,-0.0254,-0.082,9.8512,-0.0001,-0.0021,9.8066,-0.0077,0.0128,0.007,3.38,-31.56,21.56,18.36,-84.75,-171.86
52.421345,-1.534866,180.5,0.1,4,269.34,19 / 19,160810,2019-09-06 19:22:46:553,-0.197,0.0925,9.88,0.0011,-0.0001,9.8066,-0.0347,0.0009,-0.0047,3.5,-31.62,21.5,21.23,-84.74,-171.88
52.421345,-1.534866,180.5,0.1,4,269.34,19 / 19,160909,2019-09-06 19:22:46:652,-0.1052,-0.2078,9.9134,-0.0011,-0.0015,9.8065,-0.0289,-0.0185,0.0025,3.69,-31.75,21.75,21.12,-84.74,-171.98
52.421345,-1.534866,180.5,0.1,4,269.34,19 / 19,161009,2019-09-06 19:22:46:752,-0.1206,0.1347,9.752,0.0005,0.0015,9.8066,-0.0016,-0.0103,-0.0097,3.38,-31.31,21.44,18.67,-84.74,-171.99
52.421345,-1.534866,180.5,0.1,4,269.34,19 / 19,161110,2019-09-06 19:22:46:853,0.0813,0.0039,9.9791,0.0007,-0.0016,9.8066,0.0051,-0.0269,-0.0055,3.81,-31.44,21.81,21.02,-84.74,-171.98
52.421345,-1.534866,180.5,0.1,4,269.34,19 / 19,161209,2019-09-06 19:22:46:952,-0.1552,0.0871,10.0363,-0.0008,-0.0031,9.8066,-0.0229,-0.0253,-0.0095,3.38,-31.5,21.44,18.52,-84.73,-172.12
52.421345,-1.534866,180.5,0.1,4,269.34,19 / 19,161310,2019-09-06 19:22:47:053,-0.0275,0.2465,9.8955,0,-0.0042,9.8066,-0.0183,-0.0269,-0.0147,4,-31.56,21.19,21.63,-84.73,-172.14
52.421345,-1.534866,180.5,0.1,4,269.34,19 / 19,161410,2019-09-06 19:22:47:153,0.0491,-0.14,9.6051,-0.0008,0.002,9.8066,-0.0111,-0.0195,-0.0149,3.5,-30.81,21.75,20.84,-84.73,-172.14
52.421345,-1.534866,180.5,0.1,4,269.34,19 / 19,161509,2019-09-06 19:22:47:252,-0.0625,0.2504,10.0696,0.0007,0.002,9.8066,0.0218,-0.0157,-0.0222,3.56,-31.5,21.31,21.61,-84.74,-172.06
52.421345,-1.534866,180.5,0.1,4,269.34,19 / 19,161610,2019-09-06 19:22:47:353,-0.1785,-0.1348,9.7029,-0.0014,-0.0029,9.8066,0.0289,-0.023,-0.007,3.94,-31.25,21.56,20.97,-84.75,-172.02
52.421345,-1.534866,180.5,0.1,4,269.34,19 / 19,161709,2019-09-06 19:22:47:452,-0.2023,0.0687,10.0018,-0.0009,-0.0036,9.8066,-0.0055,0.0019,-0.0171,3.75,-30.87,21.06,21.69,-84.74,-172
52.421345,-1.534866,180.5,0.1,4,269.34,19 / 19,161810,2019-09-06 19:22:47:553,0.0059,0.2597,10.1025,-0.0004,0.0022,9.8066,0.0192,0.0028,0.0113,3,-31.06,21.56,18.35,-84.74,-171.79
52.421345,-1.534866,180.5,0.1,4,269.34,19 / 19,161909,2019-09-06 19:22:47:652,-0.2148,-0.0316,9.7726,0.0028,0.0053,9.8066,0.0061,0.0168,-0.0027,4.13,-31,21.75,21.04,-84.77,-171.95
52.421345,-1.534866,180.5,0.1,4,269.34,19 / 19,162009,2019-09-06 19:22:47:752,-0.0897,-0.4058,9.7548,-0.0009,-0.0057,9.8066,0.0201,0.0143,0.0131,3.5,-31.25,21.56,21.3,-84.76,-171.72
52.421345,-1.534866,180.5,0.1,4,269.34,19 / 19,162110,2019-09-06 19:22:47:853,0.0015,0.2254,10.0711,-0.0009,-0.0035,9.8066,-0.006,0.0228,0.013,3.44,-31.44,21.75,18.36,-84.74,-171.79
52.421345,-1.534866,180.5,0.1,4,269.34,19 / 19,162209,2019-09-06 19:22:47:952,-0.2115,0.0383,9.8526,0.001,0.0017,9.8066,-0.001,0.0317,0.0095,3.19,-31.44,21.63,18.3,-84.76,-171.83
52.421345,-1.534866,180.5,0.1,4,269.34,19 / 19,162310,2019-09-06 19:22:48:053,-0.0123,-0.2761,9.7493,-0.0008,0.0018,9.8066,-0.0103,0.0196,0.0264,3.31,-30.56,21.44,18.83,-84.75,-171.85
52.421345,-1.534866,180.5,0.1,4,269.34,19 / 20,162409,2019-09-06 19:22:48:152,-0.0923,-0.147,9.7022,-0.0003,-0.0023,9.8066,-0.0079,0.0279,0.0108,4,-31.25,21.56,20.98,-84.76,-172
52.421345,-1.534866,180.5,0.1,4,269.34,19 / 20,162509,2019-09-06 19:22:48:252,-0.038,0.1211,10.0103,-0.0018,-0.0004,9.8066,-0.0126,0.0156,0.0164,3.25,-31.25,21.81,18.27,-84.75,-171.86
52.421345,-1.534866,180.5,0.1,4,269.34,19 / 20,162609,2019-09-06 19:22:48:352,-0.0581,0.1532,9.9802,0.0006,0.0008,9.8066,-0.0095,0.0183,0.0065,3.81,-31.31,21.75,20.95,-84.75,-172.03
52.421345,-1.534866,180.5,0.1,4,269.34,19 / 20,162709,2019-09-06 19:22:48:452,-0.0656,0.2296,9.9669,0,0.0015,9.8066,-0.0218,0.0179,0.0077,3.94,-31.25,21.56,20.95,-84.75,-172.04
52.421345,-1.534866,180.5,0.1,4,269.34,19 / 20,162810,2019-09-06 19:22:48:553,-0.0127,-0.0981,9.6121,-0.0001,-0.0005,9.8066,-0.0147,0.0055,0.0098,3.56,-31.19,22.13,21.11,-84.76,-171.89
52.421345,-1.534866,180.5,0.1,4,269.34,19 / 20,162910,2019-09-06 19:22:48:653,-0.05,0.1531,10.0748,-0.0006,-0.0001,9.8066,-0.0078,0.0124,0.0073,3.63,-31.5,21.69,21.09,-84.76,-171.91
52.421345,-1.534866,180.5,0.1,4,269.34,19 / 20,163009,2019-09-06 19:22:48:752,-0.1724,-0.2009,9.7179,0.0009,-0.0001,9.8066,0.0253,-0.0043,-0.0021,3.13,-31.75,21.19,18.93,-84.76,-171.84
52.421345,-1.534866,180.5,0.1,4,269.34,19 / 20,163110,2019-09-06 19:22:48:853,-0.1837,0.2088,9.9651,-0.0005,0.0002,9.8066,-0.0007,0.025,-0.0056,4.19,-31.69,21.25,21.94,-84.76,-171.85
52.421345,-1.534866,180.5,0.1,4,269.34,19 / 20,163210,2019-09-06 19:22:48:953,-0.0306,-0.1173,9.6962,0.0018,0.0007,9.8066,0.0051,0.0085,0.0042,3.75,-31.37,21.38,21.57,-84.78,-172.08
52.421345,-1.534866,180.5,0.1,4,269.34,21 / 21,163310,2019-09-06 19:22:49:053,-0.0861,0.2209,10.0736,0.0008,0.0036,9.8066,0.0039,0.0241,0.0025,3.5,-31.37,21.94,20.82,-84.78,-172.13
52.421345,-1.534866,180.5,0.1,4,269.34,21 / 21,163410,2019-09-06 19:22:49:153,-0.1223,-0.2483,9.6697,-0.0009,-0.003,9.8066,0.0026,0.0203,0.0122,3.31,-31.87,21.94,18.05,-84.79,-172.11
52.421345,-1.534866,180.5,0.1,4,269.34,21 / 21,163509,2019-09-06 19:22:49:252,-0.0947,-0.4245,9.7239,-0.0006,-0.0035,9.8066,0.0073,0.0235,0.0168,3.19,-31.06,21.94,18.05,-84.78,-172.05
52.421345,-1.534866,180.5,0.1,4,269.34,21 / 21,163610,2019-09-06 19:22:49:353,-0.1312,0.1971,9.8429,0.0002,0.0039,9.8066,-0.003,0.0336,0.0098,3.5,-31.31,21.5,20.9,-84.79,-172.06
52.421345,-1.534866,180.5,0.1,4,269.34,21 / 21,163709,2019-09-06 19:22:49:452,-0.0167,0.1234,10.0643,0.0023,0.0047,9.8066,-0.0111,0.0216,0.0217,4.25,-31.12,21.56,20.87,-84.8,-172.08
52.421345,-1.534866,180.5,0.1,4,269.34,21 / 21,163810,2019-09-06 19:22:49:553,-0.1376,-0.2432,9.6706,-0.0013,-0.001,9.8066,0.0006,0.0306,0.018,3.56,-31.69,21,21.85,-84.79,-171.91
52.421345,-1.534866,180.5,0.1,4,269.34,21 / 21,163910,2019-09-06 19:22:49:653,-0.1874,0.2537,10.0646,-0.0014,-0.002,9.8066,-0.0131,0.0332,0.0106,3.75,-31.44,21.69,21.15,-84.79,-171.85
52.421345,-1.534866,180.5,0.1,4,269.34,21 / 21,164010,2019-09-06 19:22:49:753,-0.1228,-0.2284,9.6013,0.0012,0.0025,9.8066,-0.0092,0.0229,0.0232,4.06,-31.25,21.19,21.92,-84.8,-171.76
52.421345,-1.534866,180.5,0.1,4,269.34,21 / 21,164109,2019-09-06 19:22:49:852,0.0499,-0.017,10.0275,-0.0009,0.0018,9.8066,-0.0225,0.0321,0.0093,3.94,-31.56,21.5,21.38,-84.8,-171.72
52.421345,-1.534866,180.5,0.1,4,269.34,21 / 21,164209,2019-09-06 19:22:49:952,-0.0708,-0.3613,9.6723,0,-0.002,9.8066,-0.0216,0.0227,0.0225,3.63,-31.06,21,21.91,-84.79,-171.78
52.421345,-1.534866,180.5,0.1,4,269.34,21 / 21,164309,2019-09-06 19:22:50:052,0.02,-0.134,9.9606,-0.0013,-0.0023,9.8066,-0.0114,0.0295,0.0158,3.38,-31.12,21.56,18.48,-84.8,-171.65
52.421345,-1.534866,180.5,0.1,4,269.34,21 / 21,164409,2019-09-06 19:22:50:152,0.0684,0.0232,10.0539,-0.0008,0.0037,9.8066,-0.0123,0.0201,0.0118,2.94,-31.12,21.88,18.44,-84.79,-171.7
52.421345,-1.534866,180.5,0.1,4,269.34,21 / 21,164509,2019-09-06 19:22:50:252,-0.0709,-0.2106,9.7298,0.0009,0.0048,9.8066,-0.032,0.0132,0.0205,3.63,-31.12,21.31,22.18,-84.81,-171.53
52.421345,-1.534866,180.5,0.1,4,269.34,21 / 21,164609,2019-09-06 19:22:50:352,-0.0345,0.3058,9.971,-0.0016,-0.0048,9.8066,-0.0343,0.0263,0.0151,3.75,-31.37,21.81,21.49,-84.79,-171.54
52.421345,-1.534866,180.5,0.1,4,269.34,21 / 21,164709,2019-09-06 19:22:50:452,0.1093,-0.2889,9.6845,-0.0013,-0.0059,9.8066,-0.01,0.0122,0.0105,3.75,-31.31,21.88,21.52,-84.79,-171.52
52.421345,-1.534866,180.5,0.1,4,269.34,21 / 21,164810,2019-09-06 19:22:50:553,-0.0568,0.1036,10.02,0.0013,0.0067,9.8066,0.0046,0.0197,0.0089,3.44,-30.62,21.44,19.41,-84.82,-171.31
52.421345,-1.534866,180.5,0.1,4,269.34,21 / 21,164910,2019-09-06 19:22:50:653,-0.0661,-0.4426,9.7654,0.0006,0.0059,9.8066,0.037,-0.0075,-0.0053,3.63,-31.81,21.63,21.79,-84.82,-171.34
52.421345,-1.534866,180.5,0.1,4,269.34,21 / 21,165009,2019-09-06 19:22:50:752,-0.1465,0.1874,9.7865,-0.0001,-0.0051,9.8066,-0.0038,0.0085,-0.0155,3.81,-31.56,21.88,21.76,-84.79,-171.38
52.421345,-1.534866,180.5,0.1,4,269.34,21 / 21,165110,2019-09-06 19:22:50:853,-0.0441,-0.1833,9.861,-0.003,-0.0072,9.8066,0.0061,0.0073,0.0004,3.38,-31.69,21.38,19.6,-84.79,-171.24
52.421345,-1.534866,180.5,0.1,4,269.34,21 / 21,165209,2019-09-06 19:22:50:952,-0.145,0.0551,9.874,0.0016,0.0079,9.8066,-0.0028,-0.0039,0.0019,3.56,-31.5,21.5,21.93,-84.84,-171.13
52.421345,-1.534866,180.5,0.1,4,269.34,21 / 21,165309,2019-09-06 19:22:51:052,-0.0216,-0.1108,9.8617,0.0014,0.0084,9.8066,0.0105,-0.0044,0.0008,4,-31.62,22,22.18,-84.85,-170.99
52.421345,-1.534866,180.5,0.1,4,269.34,19 / 21,165410,2019-09-06 19:22:51:153,-0.1076,0.1292,9.7736,-0.0017,-0.0051,9.8066,-0.0372,-0.012,0.0006,3.56,-31.44,21.5,22.13,-84.85,-170.94
52.421345,-1.534866,180.5,0.1,4,269.34,19 / 21,165509,2019-09-06 19:22:51:252,0.0617,-0.1738,9.622,-0.001,-0.0057,9.8066,0.0021,-0.0235,-0.0081,3.56,-31.56,21.81,22.31,-84.83,-170.89
52.421345,-1.534866,180.5,0.1,4,269.34,19 / 21,165610,2019-09-06 19:22:51:353,-0.0783,-0.0575,9.9272,0.0015,0.0074,9.8066,0.004,-0.019,-0.013,3.63,-31.12,22.38,22.36,-84.86,-170.74
52.421345,-1.534866,180.5,0.1,4,269.34,19 / 21,165710,2019-09-06 19:22:51:453,-0.1669,-0.1571,9.6604,0.0008,0.0057,9.8066,-0.0306,-0.0195,-0.013,2.88,-31.56,21.88,19.49,-84.87,-170.82
52.421345,-1.534866,180.5,0.1,4,269.34,19 / 21,165809,2019-09-06 19:22:51:552,-0.1383,0.0339,10.0609,-0.001,-0.0029,9.8066,-0.0186,-0.0268,-0.0149,3.75,-31.56,21.81,22.47,-84.86,-170.73
52.421345,-1.534866,180.5,0.1,4,269.34,19 / 21,165910,2019-09-06 19:22:51:653,-0.0724,0.026,10.0348,-0.0011,-0.0032,9.8066,-0.0233,-0.0264,-0.0123,3.63,-31.81,21.88,22.39,-84.84,-170.81
52.421345,-1.534866,180.5,0.1,4,269.34,19 / 21,166010,2019-09-06 19:22:51:753,-0.1625,-0.1734,9.658,0.001,0.0017,9.8066,0.0061,-0.0362,-0.0066,3.88,-31.69,22,22.35,-84.86,-170.83
52.421345,-1.534866,180.5,0.1,4,269.34,19 / 21,166110,2019-09-06 19:22:51:853,-0.1756,0.0432,10.0262,-0.0011,0.0017,9.8065,-0.0218,-0.0225,-0.0138,4.06,-31.5,21.56,22.43,-84.85,-170.68
52.421345,-1.534866,180.5,0.1,4,269.34,19 / 21,166210,2019-09-06 19:22:51:953,-0.0433,0.2295,9.8905,-0.0009,-0.0008,9.8066,-0.018,-0.0264,-0.015,3.5,-31.31,21.88,22.4,-84.86,-170.7
52.421345,-1.534866,180.5,0.1,4,269.34,19 / 21,166309,2019-09-06 19:22:52:052,-0.0232,-0.1785,9.5743,0.0005,-0.0001,9.8066,-0.0005,-0.0353,-0.0146,3.63,-31.44,21.69,22.45,-84.86,-170.66
52.421345,-1.534866,180.5,0.1,4,269.34,20 / 21,166410,2019-09-06 19:22:52:153,-0.0407,-0.1765,9.8965,0.0007,0.0009,9.8066,0.0042,0.0315,0.0182,3.44,-31.75,22,19.62,-84.85,-170.71
52.421345,-1.534866,180.5,0.1,4,269.34,20 / 21,166509,2019-09-06 19:22:52:252,0.0248,-0.313,9.8842,0.0016,0.0027,9.8066,-0.0145,0.042,0.0179,3.63,-31,21.63,22.29,-84.87,-170.79
52.421345,-1.534866,180.5,0.1,4,269.34,20 / 21,166609,2019-09-06 19:22:52:352,-0.1953,0.2686,10.0218,0.0002,-0.0004,9.8066,-0.0211,0.0201,0.0219,4,-31.87,21.75,22.46,-84.87,-170.73
52.421345,-1.534866,180.5,0.1,4,269.34,20 / 21,166709,2019-09-06 19:22:52:452,-0.1724,-0.295,9.5995,-0.0008,0.0002,9.8066,-0.0025,0.0209,0.0221,3.94,-31.12,21.81,22.27,-84.87,-170.81
52.421345,-1.534866,180.5,0.1,4,269.34,20 / 21,166810,2019-09-06 19:22:52:553,-0.1133,0.1915,10.0363,0.0041,-0.0019,9.8066,-0.0261,0.0374,0.0107,3.81,-31.69,21.19,22.8,-84.87,-171.04
52.421345,-1.534866,180.5,0.1,4,269.34,20 / 21,166909,2019-09-06 19:22:52:652,-0.003,-0.0689,9.7745,0.0002,-0.0032,9.8066,-0.0173,0.0203,0.0245,3.25,-31.37,21.06,19.69,-84.87,-171.04
52.421345,-1.534866,180.5,0.1,4,269.34,20 / 21,167010,2019-09-06 19:22:52:753,-0.0719,-0.2758,9.6643,-0.0008,-0.0055,9.8065,-0.0071,0.0158,0.0168,3.94,-31.06,21.69,21.93,-84.85,-171.12
52.421345,-1.534866,180.5,0.1,4,269.34,20 / 21,167110,2019-09-06 19:22:52:853,0.0381,-0.0619,10.0191,0.0001,0.0038,9.8066,-0.0231,0.0238,0.0109,3.56,-31.5,21.75,21.99,-84.87,-171.06
52.421345,-1.534866,180.5,0.1,4,269.34,20 / 21,167209,2019-09-06 19:22:52:952,-0.0333,-0.1147,9.7222,0.0011,0.0039,9.8066,-0.0238,0.0109,0.016,3.31,-31.25,21.44,19.58,-84.89,-171.13
52.421345,-1.534866,180.5,0.1,4,269.34,20 / 21,167310,2019-09-06 19:22:53:053,0.0519,-0.0805,10.0105,-0.0007,-0.0034,9.8066,-0.0346,0.0382,0.0097,3.81,-31.31,21.69,21.87,-84.88,-171.16
52.421345,-1.534866,180.5,0.1,4,269.34,20 / 21,167409,2019-09-06 19:22:53:152,-0.0023,0.0271,9.625,0.0002,-0.0036,9.8066,-0.0033,0.0134,0.0155,3.5,-31.44,21.63,21.76,-84.87,-171.26
52.421345,-1.534866,180.5,0.1,4,269.34,20 / 21,167509,2019-09-06 19:22:53:252,-0.041,0.0263,10.0731,0.0005,0.0044,9.8066,-0.0012,0.0155,0.0138,3.56,-31.94,22.13,21.98,-84.89,-171.14
52.421345,-1.534866,180.5,0.1,4,269.34,20 / 21,167609,2019-09-06 19:22:53:352,-0.1294,0.2474,10.091,0.0003,0.0035,9.8066,-0.0337,0.0299,0.0162,3.25,-31.62,21.69,19.09,-84.88,-171.16
52.421345,-1.534866,180.5,0.1,4,269.34,20 / 21,167710,2019-09-06 19:22:53:453,-0.0173,-0.1853,9.7287,-0.0003,-0.0054,9.8066,-0.035,0.0115,0.0228,3.31,-31.62,21.69,18.99,-84.85,-171.26
52.421345,-1.534866,180.5,0.1,4,269.34,20 / 21,167809,2019-09-06 19:22:53:552,-0.0698,-0.2505,9.7207,-0.0022,-0.0063,9.8066,-0.0013,0.0232,0.0116,4.06,-31.06,21.38,22.53,-84.84,-171.21
52.421345,-1.534866,180.5,0.1,4,269.34,20 / 21,167909,2019-09-06 19:22:53:652,0.0316,0.086,10.0573,0.0003,0.0052,9.8066,-0.0058,0.0132,0.0131,3.56,-31.56,21.94,21.87,-84.83,-171.27
52.421345,-1.534866,180.5,0.1,4,269.34,20 / 21,168010,2019-09-06 19:22:53:753,-0.0739,0.0718,9.9772,0.0019,0.0055,9.8066,-0.0317,-0.0004,0.0135,3.13,-31.19,22.19,19.01,-84.87,-171.16
52.421345,-1.534866,180.5,0.1,4,269.34,20 / 21,168110,2019-09-06 19:22:53:853,-0.0684,0.2085,9.8698,-0.0024,-0.0053,9.8066,0.0055,-0.0115,-0.0024,3.5,-31.31,21.69,21.83,-84.87,-171.2
52.421345,-1.534866,180.5,0.1,4,269.34,20 / 21,168210,2019-09-06 19:22:53:953,0.0633,-0.1344,9.5938,-0.0004,-0.0056,9.8066,-0.0383,-0.0128,0.0089,4.25,-31.19,21.75,21.85,-84.84,-171.19
52.421345,-1.534866,180.5,0.1,4,269.34,20 / 21,168310,2019-09-06 19:22:54:053,-0.0675,-0.1252,9.8822,0.0008,0.0054,9.8066,0.0006,0.0027,-0.0044,3.69,-31.12,21.56,21.91,-84.84,-171.15
52.421345,-1.534866,180.5,0.1,4,269.34,20 / 21,168410,2019-09-06 19:22:54:153,-0.1962,-0.047,9.8075,0.0006,0.0048,9.8066,0.005,-0.0195,0.0006,3.94,-31.31,21.44,22.62,-84.87,-171.1
52.421345,-1.534866,180.5,0.1,4,269.34,20 / 21,168509,2019-09-06 19:22:54:252,-0.0928,-0.4079,9.6964,-0.0013,-0.0058,9.8066,-0.0368,-0.013,-0.0091,3.5,-31.31,21.69,22.07,-84.83,-171
52.421345,-1.534866,180.5,0.1,4,269.34,20 / 21,168610,2019-09-06 19:22:54:353,-0.0271,0.085,10.0462,-0.0017,-0.0045,9.8066,-0.028,-0.0237,-0.0095,3.81,-31.56,21.44,22.89,-84.84,-170.98
52.421345,-1.534866,180.5,0.1,4,269.34,20 / 21,168710,2019-09-06 19:22:54:453,-0.1457,0.2379,10.0507,0.0015,0.0045,9.8066,0.007,-0.0318,-0.0089,3.44,-31.87,21.94,19.4,-84.87,-170.89
52.421345,-1.534866,180.5,0.1,4,269.34,20 / 21,168810,2019-09-06 19:22:54:553,0.0158,-0.159,9.7221,-0.0003,0.0057,9.8066,-0.0314,-0.0255,-0.0138,3.31,-31.56,22.13,19.66,-84.87,-170.66
52.421345,-1.534866,180.5,0.1,4,269.34,20 / 21,168910,2019-09-06 19:22:54:653,-0.0774,-0.0176,9.6102,-0.0013,-0.0051,9.8066,-0.0254,-0.0295,-0.0135,3.94,-31.06,21.56,22.39,-84.85,-170.71
52.421345,-1.534866,180.5,0.1,4,269.34,20 / 21,169010,2019-09-06 19:22:54:753,0.0641,-0.3235,9.6959,-0.0011,-0.0045,9.8066,0.0086,-0.0326,-0.0157,3.5,-31.19,21.75,22.47,-84.85,-170.65
52.421345,-1.534866,180.5,0.1,4,269.34,20 / 21,169110,2019-09-06 19:22:54:853,-0.0768,0.0661,9.9715,-0.0002,0.0053,9.8066,-0.0006,0.0266,0.0164,3.56,-31.19,22.13,22.51,-84.85,-170.61
52.421345,-1.534866,180.5,0.1,4,269.34,20 / 21,169209,2019-09-06 19:22:54:952,-0.0108,-0.4161,9.7878,-0.0015,-0.0037,9.8066,0.006,0.0406,0.0166,3.94,-31.44,22.38,22.67,-84.87,-170.45
52.421345,-1.534866,180.5,0.1,4,269.34,20 / 21,169310,2019-09-06 19:22:55:053,-0.1521,0.1176,10.064,-0.0002,-0.0025,9.8066,-0.0061,0.0408,0.0123,3.81,-31.25,21.56,22.74,-84.85,-170.4
52.421345,-1.534866,180.5,0.1,4,269.34,19 / 21,169409,2019-09-06 19:22:55:152,-0.0702,0.1729,9.9054,-0.001,-0.0034,9.8066,0.0002,0.0302,0.0201,3.13,-31.25,21.88,19.89,-84.85,-170.4
52.421345,-1.534866,180.5,0.1,4,269.34,19 / 21,169510,2019-09-06 19:22:55:253,-0.0888,-0.2483,9.6448,0.0007,0.0017,9.8066,-0.0004,0.0392,0.017,3.44,-31.5,21.56,20.01,-84.86,-170.28
52.421345,-1.534866,180.5,0.1,4,269.34,19 / 21,169610,2019-09-06 19:22:55:353,-0.0636,-0.3579,9.8372,-0.0006,0.0011,9.8066,-0.002,0.029,0.0216,3.13,-31.37,22,20.08,-84.86,-170.22
52.421345,-1.534866,180.5,0.1,4,269.34,19 / 21,169710,2019-09-06 19:22:55:453,-0.0862,0.1448,9.8172,-0.0013,-0.0017,9.8066,0.0014,0.0303,0.0173,3.81,-31.75,21.94,22.99,-84.85,-170.27
52.421345,-1.534866,180.5,0.1,4,269.34,19 / 21,169810,2019-09-06 19:22:55:553,0.0713,-0.1875,9.5784,-0.0006,-0.0015,9.8066,0.0019,0.0331,0.0153,3.5,-31.37,21.63,23.02,-84.86,-170.16
52.421345,-1.534866,180.5,0.1,4,269.34,19 / 21,169910,2019-09-06 19:22:55:653,-0.0002,-0.3284,9.7231,0.0002,0.0023,9.8066,-0.0192,0.022,0.0198,3.75,-31.56,21.31,23.89,-84.87,-170.09
52.421345,-1.534866,180.5,0.1,4,269.34,19 / 21,170010,2019-09-06 19:22:55:753,0.0285,-0.1508,9.9894,-0.0007,-0.0013,9.8066,-0.0188,0.0285,0.0099,3.81,-31.69,21.25,23.83,-84.88,-170.13
52.421345,-1.534866,180.5,0.1,4,269.34,19 / 21,170110,2019-09-06 19:22:55:853,0.0839,-0.2776,9.6952,-0.0005,0.0006,9.8066,-0.012,0.0159,0.0111,3.31,-31.44,21.88,20.23,-84.88,-170.08
52.421345,-1.534866,180.5,0.1,4,269.34,19 / 21,170210,2019-09-06 19:22:55:953,-0.0479,0.0913,10.0695,0.0001,0.0009,9.8066,0.0032,0.0079,0.0151,3.56,-31.31,21.94,23.1,-84.89,-170.06
52.421345,-1.534866,180.5,0.1,4,269.34,19 / 21,170309,2019-09-06 19:22:56:052,-0.145,0.1268,9.9491,0.0006,-0.0004,9.8066,-0.0082,0.0023,0.0065,3.69,-31.5,21.75,23.23,-84.89,-169.95
52.421345,-1.534866,180.5,0.1,4,269.34,20 / 21,170410,2019-09-06 19:22:56:153,0.0128,-0.3204,9.7295,-0.001,-0.0022,9.8066,-0.0275,-0.0106,0.0047,3.25,-31.12,21.75,20.33,-84.88,-169.99
52.421345,-1.534866,180.5,0.1,4,269.34,20 / 21,170509,2019-09-06 19:22:56:252,-0.0705,-0.1691,9.6585,0.0016,0.0015,9.8066,0.0081,-0.0132,-0.0128,3.94,-31,21.88,23.05,-84.89,-170.11
52.421345,-1.534866,180.5,0.1,4,269.34,20 / 21,170610,2019-09-06 19:22:56:353,-0.1181,0.1634,9.9837,0,0.0017,9.8066,0.0203,-0.0308,-0.0066,3.31,-31.31,21.63,20.24,-84.88,-170.07
52.421345,-1.534866,180.5,0.1,4,269.34,20 / 21,170709,2019-09-06 19:22:56:452,0.0014,-0.2226,9.7323,-0.0002,-0.003,9.8066,-0.016,-0.03,-0.02,3.44,-31.44,22.19,20.13,-84.89,-170.16
52.421345,-1.534866,180.5,0.1,4,269.34,20 / 21,170809,2019-09-06 19:22:56:552,0.058,0.0821,10.0779,0.0007,0.0024,9.8066,-0.012,-0.0279,-0.0134,3.5,-31.25,21.69,22.97,-84.88,-170.19
52.421345,-1.534866,180.5,0.1,4,269.34,20 / 21,170910,2019-09-06 19:22:56:653,0.0433,-0.2306,9.6523,-0.0003,0.0016,9.8066,-0.009,-0.0235,-0.0211,4.13,-31.06,21.31,23.6,-84.88,-170.24
52.421345,-1.534866,180.5,0.1,4,269.34,20 / 21,171009,2019-09-06 19:22:56:752,-0.0029,0.173,10.0051,-0.0003,0.0007,9.8066,0.0231,-0.0234,-0.0213,3.44,-30.75,21.56,20.22,-84.88,-170.09
52.421345,-1.534866,180.5,0.1,4,269.34,20 / 21,171109,2019-09-06 19:22:56:852,0.0156,0.2058,9.9757,-0.0005,-0.0014,9.8066,0.0019,-0.0261,-0.0158,3.19,-31.69,22,20.31,-84.86,-170.1
52.421345,-1.534866,180.5,0.1,4,269.34,20 / 21,171209,2019-09-06 19:22:56:952,-0.0596,-0.0747,9.628,0.0002,-0.0031,9.8066,0.0133,-0.0006,-0.0138,3.38,-31.56,21.81,20.2,-84.86,-170.2
52.421345,-1.534866,180.5,0.1,4,269.34,20 / 21,171310,2019-09-06 19:22:57:053,-0.0341,-0.2437,9.7886,0.0017,0.0043,9.8065,0.0227,-0.0074,-0.0135,4.13,-31.31,22,23.12,-84.87,-170.06
52.421345,-1.534866,180.5,0.1,4,269.34,20 / 21,171409,2019-09-06 19:22:57:152,-0.0715,0.1457,10.0552,0.0014,0.0055,9.8066,0.019,0.0047,-0.0048,3.25,-31.25,21.19,20.73,-84.88,-170.12
52.421345,-1.534866,180.5,0.1,4,269.34,18 / 21,171510,2019-09-06 19:22:57:253,-0.178,0.2716,10.012,0.0002,-0.0052,9.8066,0.0064,0.0199,-0.0068,3.56,-31,21.63,23.3,-84.88,-169.89
52.421345,-1.534866,180.5,0.1,4,269.34,18 / 21,171609,2019-09-06 19:22:57:352,-0.0837,-0.0342,9.6956,-0.0008,-0.0031,9.8066,-0.005,0.019,0.0093,3.25,-31.5,20.94,20.82,-84.85,-170.06
52.421345,-1.534866,180.5,0.1,4,269.34,18 / 21,171710,2019-09-06 19:22:57:453,-0.1123,-0.1795,9.702,-0.0005,0.005,9.8066,-0.0053,0.0409,0.0097,3.88,-31.81,21.38,24.17,-84.88,-169.83
52.421345,-1.534866,180.5,0.1,4,269.34,18 / 21,171812,2019-09-06 19:22:57:555,-0.1587,0.1528,10.0426,-0.0001,0.0042,9.8066,0.0004,0.0207,0.0184,3.38,-31.5,21.81,20.71,-84.87,-169.66
52.421345,-1.534866,180.5,0.1,4,269.34,18 / 21,171909,2019-09-06 19:22:57:652,-0.0567,-0.0198,9.6585,-0.001,-0.0022,9.8066,-0.0002,0.0294,0.0179,3.56,-31.81,22.19,23.72,-84.87,-169.62
52.421345,-1.534866,180.5,0.1,4,269.34,18 / 21,172010,2019-09-06 19:22:57:753,-0.0612,0.2583,10.1085,-0.0015,-0.0006,9.8066,-0.0005,0.0256,0.0142,3.75,-31.56,21.81,23.97,-84.86,-169.4
52.421345,-1.534866,180.5,0.1,4,269.34,18 / 21,172110,2019-09-06 19:22:57:853,-0.0647,-0.1575,9.7512,0.0005,0.0021,9.8066,-0.0251,0.019,0.0191,4.06,-31.19,21.31,24.55,-84.87,-169.41
52.421345,-1.534866,180.5,0.1,4,269.34,18 / 21,172209,2019-09-06 19:22:57:952,-0.0521,-0.3911,9.7088,0.0007,0.001,9.8066,-0.0147,0.0268,0.0153,3.25,-31.69,21.19,21.61,-84.87,-169.45
52.421345,-1.534866,180.5,0.1,4,269.34,18 / 21,172309,2019-09-06 19:22:58:052,-0.1499,0.223,9.952,-0.0002,-0.0003,9.8066,-0.0101,0.0113,0.0123,3.81,-31.19,21.56,23.92,-84.86,-169.36
52.421345,-1.534866,180.5,0.1,4,269.34,18 / 21,172409,2019-09-06 19:22:58:152,0.0255,0.1458,10.0113,0.0002,-0.0002,9.8066,-0.0117,0.0184,0.0026,3.31,-31.69,21.5,21.06,-84.86,-169.44
52.421345,-1.534866,180.5,0.1,4,269.34,18 / 21,172510,2019-09-06 19:22:58:253,-0.1151,-0.1907,9.7216,0.002,0.0015,9.8066,-0.0098,0.0159,0.014,3.63,-31.19,22,23.85,-84.88,-169.41
52.421345,-1.534866,180.5,0.1,4,269.34,18 / 21,172609,2019-09-06 19:22:58:352,-0.0091,-0.3218,9.7882,0.0007,0.0022,9.8066,-0.0364,0.001,0.0144,4.25,-31.37,21.44,24.45,-84.89,-169.49
52.421345,-1.534866,180.5,0.1,4,269.34,18 / 21,172710,2019-09-06 19:22:58:453,0.0002,0.1809,9.9097,0.0006,-0.0004,9.8066,-0.0311,0.0072,0.0024,3.5,-31.12,21.69,23.83,-84.9,-169.42
52.421345,-1.534866,180.5,0.1,4,269.34,18 / 21,172810,2019-09-06 19:22:58:553,0.0969,-0.2839,9.8404,0.0009,0.0005,9.8066,-0.0127,-0.0049,0.0079,3.56,-31.37,21.25,24.65,-84.89,-169.31
52.421345,-1.534866,180.5,0.1,4,269.34,18 / 21,172909,2019-09-06 19:22:58:652,0.0046,0.1635,10.0293,0.0004,0.0004,9.8066,-0.0074,-0.001,-0.0047,3.56,-30.87,22.25,23.91,-84.9,-169.34
52.421345,-1.534866,180.5,0.1,4,269.34,18 / 21,173009,2019-09-06 19:22:58:752,-0.0883,-0.0004,9.6831,-0.0002,-0.0006,9.8066,-0.0233,-0.0103,-0.0155,3.63,-31.44,21.81,23.99,-84.9,-169.28
52.421345,-1.534866,180.5,0.1,4,269.34,18 / 21,173109,2019-09-06 19:22:58:852,0.1551,-0.2338,9.6984,-0.0016,0.0009,9.8066,-0.0255,-0.0221,-0.0063,3.31,-31.81,21.38,21.61,-84.9,-169.43
52.421345,-1.534866,180.5,0.1,4,269.34,18 / 21,173211,2019-09-06 19:22:58:954,0.0032,0.1521,9.9828,0.0017,0.0039,9.8066,0.0049,-0.011,-0.0193,3.56,-31.37,21.56,23.78,-84.92,-169.45
52.421345,-1.534866,180.5,0.1,4,269.34,18 / 21,173310,2019-09-06 19:22:59:053,-0.1083,-0.2427,9.7001,-0.0008,-0.0031,9.8066,0.0206,-0.0289,-0.0046,3.81,-31.62,21.5,23.86,-84.9,-169.48
52.421345,-1.534866,180.5,0.1,4,269.34,18 / 22,173410,2019-09-06 19:22:59:153,0.1165,-0.1168,9.65,0.0007,-0.0053,9.8066,-0.0109,-0.02,-0.0209,4,-31.25,21.5,23.56,-84.88,-169.66
52.421345,-1.534866,180.5,0.1,4,269.34,18 / 22,173509,2019-09-06 19:22:59:252,-0.067,-0.1059,9.9583,0.0034,0.0012,9.8066,0.0023,-0.0328,-0.0206,4,-31,22.13,23.6,-84.87,-169.63
52.421345,-1.534866,180.5,0.1,4,269.34,18 / 22,173609,2019-09-06 19:22:59:352,-0.1205,0.1947,10.0293,-0.0006,0.0017,9.8066,0.0203,-0.0264,-0.007,3.5,-31.81,22.19,23.54,-84.89,-169.77
52.421345,-1.534866,180.5,0.1,4,269.34,18 / 22,173710,2019-09-06 19:22:59:453,-0.1606,0.1844,10.0218,0.0012,-0.0011,9.8066,0.0167,-0.0154,-0.0339,3.63,-31,22.25,23.4,-84.88,-169.81
52.421345,-1.534866,180.5,0.1,4,269.34,18 / 22,173810,2019-09-06 19:22:59:553,-0.1196,-0.0986,9.6817,-0.0024,0,9.8066,0.0265,-0.0256,-0.0122,3.38,-31.25,21.94,20.61,-84.86,-169.75
52.421345,-1.534866,180.5,0.1,4,269.34,18 / 22,173910,2019-09-06 19:22:59:653,0.0711,-0.4501,9.6048,0,0.0004,9.8066,0.0053,-0.0318,-0.0163,3.94,-31,21.94,23.35,-84.84,-169.88
52.421345,-1.534866,180.5,0.1,4,269.34,18 / 22,174009,2019-09-06 19:22:59:752,0.0203,-0.293,9.6922,0.0003,0,9.8066,0.0102,-0.0199,-0.0298,3.81,-31.25,21.69,23.33,-84.84,-169.89
52.421345,-1.534866,180.5,0.1,4,269.34,18 / 22,174110,2019-09-06 19:22:59:853,0.075,-0.1074,9.9807,-0.0015,-0.0052,9.8066,0.0076,-0.024,-0.0088,3.88,-31.87,22,23.33,-84.84,-169.98
52.421345,-1.534866,180.5,0.1,4,269.34,18 / 22,174209,2019-09-06 19:22:59:952,-0.0977,0.3375,9.9807,0.0005,-0.0061,9.8066,0.0074,-0.0172,-0.0169,3.69,-31.37,21.75,23.04,-84.79,-170.17
52.421345,-1.534866,180.5,0.1,4,269.34,18 / 21,174310,2019-09-06 19:23:00:053,-0.0244,0.1329,9.7293,0.0017,0.0058,9.8066,-0.0036,-0.0236,-0.0149,3.56,-31.56,21.94,23.27,-84.83,-170.05
52.421345,-1.534866,180.5,0.1,4,269.34,18 / 21,174410,2019-09-06 19:23:00:153,-0.1525,-0.0886,9.7211,0.0008,0.003,9.8065,0.026,-0.0177,-0.0099,3.63,-31.12,21.94,23.01,-84.81,-170.19
52.421345,-1.534866,180.5,0.1,4,269.34,18 / 21,174510,2019-09-06 19:23:00:253,-0.0789,0.1914,10.0792,-0.0008,-0.006,9.8066,0.0152,-0.004,-0.0159,3.06,-31.19,21.75,20.17,-84.77,-170.19
52.421345,-1.534866,180.5,0.1,4,269.34,18 / 21,174609,2019-09-06 19:23:00:352,-0.0727,0.2408,9.9232,-0.0007,-0.0053,9.8066,0.0019,-0.0112,-0.0105,4,-31.75,21.31,23.79,-84.76,-170.24
52.421345,-1.534866,180.5,0.1,4,269.34,18 / 21,174710,2019-09-06 19:23:00:453,-0.1642,0.1838,9.9997,0.0016,0.0071,9.8066,0.0266,-0.0036,-0.0051,3.69,-31.75,21.69,23.02,-84.75,-170.31
52.421345,-1.534866,180.5,0.1,4,269.34,18 / 21,174810,2019-09-06 19:23:00:553,0.0038,-0.2755,9.7606,-0.0009,-0.0056,9.8066,0.0234,0.0037,-0.0046,3.69,-31.62,21.81,23.09,-84.81,-170.21
52.421345,-1.534866,180.5,0.1,4,269.34,18 / 21,174911,2019-09-06 19:23:00:654,0.0354,0.0993,10.0253,-0.0023,-0.0053,9.8066,-0.0013,0.0045,0.0083,3.75,-31.19,21.44,23.65,-84.78,-170.25
52.421345,-1.534866,180.5,0.1,4,269.34,18 / 21,175010,2019-09-06 19:23:00:753,-0.0623,0.1358,9.7384,-0.0006,-0.0073,9.8066,0.0012,0.0236,-0.0064,3.81,-31.06,21.25,23.67,-84.76,-170.25
52.421345,-1.534866,180.5,0.1,4,269.34,18 / 21,175109,2019-09-06 19:23:00:852,-0.0513,-0.2096,9.7715,-0.0002,0.0051,9.8066,0.0046,0.0174,0.0046,3.5,-31.19,21.5,23.2,-84.79,-170.03
52.421345,-1.534866,180.5,0.1,4,269.34,18 / 21,175209,2019-09-06 19:23:00:952,-0.1909,-0.1818,9.6725,-0.0003,0.0024,9.8066,0.0134,0.0349,0.0084,3.5,-30.87,21.63,23.19,-84.8,-170.04
52.421345,-1.534866,180.5,0.1,4,269.34,18 / 21,175309,2019-09-06 19:23:01:052,0.0042,-0.2859,9.8166,0.0008,-0.0007,9.8066,-0.0082,0.0348,-0.0018,3.31,-31.06,22,20.37,-84.79,-170.01
52.421345,-1.534866,180.5,0.1,4,269.34,19 / 22,175410,2019-09-06 19:23:01:153,0.0086,0.1787,10.0896,-0.0022,-0.0028,9.8066,0.0066,0.0302,0.0206,4.19,-31.44,22.13,23.17,-84.79,-170.06
52.421345,-1.534866,180.5,0.1,4,269.34,19 / 22,175509,2019-09-06 19:23:01:252,-0.2503,-0.0399,9.8377,0.0011,0.0024,9.8066,0.0043,0.0318,0.0149,3.94,-31,21.5,23.26,-84.78,-169.99
52.421345,-1.534866,180.5,0.1,4,269.34,19 / 22,175610,2019-09-06 19:23:01:353,-0.0143,-0.3476,9.7166,-0.001,-0.0012,9.8066,-0.0133,0.0276,0.0265,3.06,-31.81,22.13,20.62,-84.79,-169.87
52.421345,-1.534866,180.5,0.1,4,269.34,19 / 22,175709,2019-09-06 19:23:01:452,-0.1949,-0.1036,9.7568,-0.004,0.0016,9.8066,-0.0251,0.0295,0.0106,3.19,-31.31,21.88,20.6,-84.8,-169.8
52.421345,-1.534866,180.5,0.1,4,269.34,19 / 22,175810,2019-09-06 19:23:01:553,0.0528,-0.3931,10.4177,-0.0054,-0.0302,9.8066,0.0732,0.0098,-0.0102,3.56,-31.25,22,22.79,-84.59,-170.51
52.421345,-1.534866,180.5,0.1,4,269.34,19 / 22,175909,2019-09-06 19:23:01:652,0.0003,-0.1462,9.7009,0.0038,0.011,9.8066,-0.0779,0.0102,0.0142,3.38,-31.62,22.06,19.91,-84.62,-170.57
52.421345,-1.534866,180.5,0.1,4,269.34,19 / 22,176010,2019-09-06 19:23:01:753,-0.0217,0.0514,9.9231,-0.0023,-0.0051,9.8066,-0.0618,0.0117,0.0058,3.75,-31.62,21.5,23,-84.68,-170.36
52.421345,-1.534866,180.5,0.1,4,269.34,19 / 22,176109,2019-09-06 19:23:01:852,-0.0212,-0.0773,9.5585,0.0016,0.0057,9.8066,0.0017,0.0082,0.0045,3.13,-31.44,21.88,20.16,-84.79,-170.19
52.421345,-1.534866,180.5,0.1,4,269.34,19 / 22,176210,2019-09-06 19:23:01:953,-0.0632,0.1153,10.0094,0.0002,0.0027,9.8066,0.0292,-0.0061,-0.0152,3.69,-31.56,22,23.25,-84.82,-170.06
52.421345,-1.534866,180.5,0.1,4,269.34,19 / 21,176310,2019-09-06 19:23:02:053,-0.1945,0.065,9.8938,-0.0021,-0.006,9.8066,0.0309,0.0008,-0.0084,3.56,-31.5,21.75,23.11,-84.87,-170.07
52.421345,-1.534866,180.5,0.1,4,269.34,19 / 21,176409,2019-09-06 19:23:02:152,-0.093,-0.2471,9.9264,-0.0003,0,9.8066,-0.0012,0.0062,-0.002,3.44,-31.06,21.75,20.36,-84.87,-169.97
52.421345,-1.534866,180.5,0.1,4,269.34,19 / 21,176510,2019-09-06 19:23:02:253,-0.0611,0.1956,9.7594,0.0006,0.0041,9.8065,0.0124,0.0162,0.0007,3.81,-31.44,21.5,23.34,-84.93,-169.83
52.421345,-1.534866,180.5,0.1,4,269.34,19 / 21,176610,2019-09-06 19:23:02:353,0.058,-0.041,10.0046,0.0006,0.0006,9.8066,0.0069,0.0191,0.0073,3.63,-31.81,21.81,23.4,-84.92,-169.88
52.421345,-1.534866,180.5,0.1,4,269.34,19 / 21,176709,2019-09-06 19:23:02:452,-0.0141,-0.0757,9.7144,0.0006,0.0007,9.8066,0.0223,0.0124,0.0142,3.25,-31.44,21.56,20.56,-84.98,-169.74
52.421345,-1.534866,180.5,0.1,4,269.34,19 / 21,176810,2019-09-06 19:23:02:553,0.1083,-0.0193,9.9964,0.0003,0.0002,9.8066,0.001,0.0137,0.0153,3.81,-31.56,22.06,23.66,-84.94,-169.64
52.421345,-1.534866,180.5,0.1,4,269.34,19 / 21,176910,2019-09-06 19:23:02:653,-0.0331,-0.3228,9.7379,-0.001,-0.0102,9.8065,0.0031,0.04,0.0069,3.56,-31.81,22.06,23.73,-84.94,-169.57
52.421345,-1.534866,180.5,0.1,4,269.34,19 / 21,177009,2019-09-06 19:23:02:752,-0.0588,-0.3006,9.9144,0.0022,0.0106,9.8066,0.0154,0.033,0.016,4.13,-31.94,22,23.66,-84.94,-169.63
52.421345,-1.534866,180.5,0.1,4,269.34,19 / 21,177110,2019-09-06 19:23:02:853,0.1027,0.4082,9.9249,-0.0081,-0.0249,9.8065,-0.074,0.0425,0.0179,3.69,-31.19,21.63,23.12,-84.7,-170.16
52.421345,-1.534866,180.5,0.1,4,269.34,19 / 21,177210,2019-09-06 19:23:02:953,0.1775,-0.0191,9.5684,0.0029,0.0184,9.8066,0.036,0.0168,0.0067,3.56,-31.44,21.44,23.78,-84.69,-170.19
52.421345,-1.534866,180.5,0.1,4,269.34,19 / 21,177309,2019-09-06 19:23:03:052,-0.0256,0.0156,9.9297,0.0033,0.0151,9.8065,0.0152,0.0209,0.0109,4.25,-31.37,21.5,23.2,-84.68,-170.1
52.421345,-1.534866,180.5,0.1,4,269.34,18 / 21,177409,2019-09-06 19:23:03:152,-0.0695,0.2268,10.046,0.0015,0.0104,9.8066,-0.0245,0.0214,0.0158,3.75,-31.25,21.31,23.99,-84.75,-169.98
52.421345,-1.534866,180.5,0.1,4,269.34,18 / 21,177509,2019-09-06 19:23:03:252,-0.1402,0.2134,9.8953,-0.002,-0.0082,9.8066,-0.0323,0.004,0.0162,3.56,-31.56,21.88,23.39,-84.69,-170.02
52.421345,-1.534866,180.5,0.1,4,269.34,18 / 21,177610,2019-09-06 19:23:03:353,-0.0664,-0.025,9.6772,-0.0028,-0.0064,9.8066,-0.0083,0.0111,0.0073,3.94,-31.37,21.69,23.44,-84.7,-169.88
52.421345,-1.534866,180.5,0.1,4,269.34,18 / 21,177709,2019-09-06 19:23:03:452,0.1432,-0.1547,9.8626,0.0001,0.0032,9.8066,-0.0166,-0.0071,0.0088,3.88,-31.31,21.31,24.1,-84.7,-169.91
52.421345,-1.534866,180.5,0.1,4,269.34,18 / 21,177810,2019-09-06 19:23:03:553,-0.0432,-0.2067,9.9066,-0.0001,0.0003,9.8066,-0.0123,-0.0115,-0.0009,3.44,-31.5,22.31,20.72,-84.71,-169.73
52.421345,-1.534866,180.5,0.1,4,269.34,18 / 21,177909,2019-09-06 19:23:03:652,0.0182,0.2458,10.0315,-0.0003,0.0003,9.8066,-0.0129,-0.0115,-0.0076,3.38,-31.81,22.38,20.72,-84.71,-169.82
52.421345,-1.534866,180.5,0.1,4,269.34,18 / 21,178010,2019-09-06 19:23:03:753,-0.0995,-0.0706,9.7279,0.0004,0.0024,9.8066,0.0024,-0.0238,-0.0017,3.75,-31.19,21.94,23.53,-84.72,-169.79
52.421345,-1.534866,180.5,0.1,4,269.34,18 / 21,178110,2019-09-06 19:23:03:853,-0.029,-0.0488,10.0734,-0.0005,-0.0021,9.8066,-0.0074,-0.0175,-0.013,3.75,-31.62,21.63,23.7,-84.71,-169.74
52.421345,-1.534866,180.5,0.1,4,269.34,18 / 21,178209,2019-09-06 19:23:03:952,0.0187,-0.3372,9.6902,0.0016,-0.0022,9.8066,-0.0041,-0.0344,-0.0084,3.5,-31.06,22.25,23.49,-84.71,-169.83
52.421345,-1.534866,180.5,0.1,4,269.34,18 / 21,178309,2019-09-06 19:23:04:052,-0.0975,0.1553,10.0269,-0.0004,-0.0055,9.8066,-0.0188,-0.0278,-0.0127,3.69,-31.44,21,24.13,-84.7,-169.89
52.421345,-1.534866,180.5,0.1,4,269.34,19 / 21,178410,2019-09-06 19:23:04:153,-0.0612,-0.0187,9.6833,0.0013,0.0028,9.8066,-0.0136,-0.036,-0.0182,4.06,-31.06,22.13,23.52,-84.69,-169.81
52.421345,-1.534866,180.5,0.1,4,269.34,19 / 21,178509,2019-09-06 19:23:04:252,0.1114,-0.2954,9.8044,-0.0003,0.0049,9.8066,0.0086,-0.0346,-0.0161,3.75,-31.25,21.31,24.34,-84.71,-169.7
52.421345,-1.534866,180.5,0.1,4,269.34,19 / 21,178610,2019-09-06 19:23:04:353,-0.0214,-0.0343,9.8185,0,0.0009,9.8066,-0.0098,-0.03,-0.0178,3.88,-31.31,21.25,24.54,-84.7,-169.52
52.421345,-1.534866,180.5,0.1,4,269.34,19 / 21,178709,2019-09-06 19:23:04:452,-0.0225,0.1509,10.0115,-0.0004,-0.0031,9.8066,-0.0221,-0.025,-0.0162,3.38,-31.69,21.5,21.09,-84.7,-169.5
52.421345,-1.534866,180.5,0.1,4,269.34,19 / 21,178810,2019-09-06 19:23:04:553,0.098,-0.203,9.5935,0.0001,-0.0003,9.8066,0.0029,0.0289,0.009,3.44,-31.06,21.69,21.01,-84.7,-169.49
52.421345,-1.534866,180.5,0.1,4,269.34,19 / 21,178909,2019-09-06 19:23:04:652,-0.0648,0.0595,10.0071,-0.0007,0.0017,9.8066,-0.0251,0.0232,0.02,3.5,-32,22.31,24.13,-84.71,-169.36
52.421345,-1.534866,180.5,0.1,4,269.34,19 / 21,179010,2019-09-06 19:23:04:753,-0.1781,-0.1407,9.7871,-0.002,-0.0072,9.8066,-0.0205,-0.0171,-0.0139,3.5,-31.37,21.81,23.78,-84.67,-169.59
52.421345,-1.534866,180.5,0.1,4,269.34,19 / 21,179110,2019-09-06 19:23:04:853,-0.1685,0.2095,9.9174,0.0003,-0.0104,9.8066,-0.0049,0.0145,0.012,3.25,-31.19,21.94,20.74,-84.67,-169.73
52.421345,-1.534866,180.5,0.1,4,269.34,19 / 21,179210,2019-09-06 19:23:04:953,-0.006,0.0929,9.8965,0.0007,0.0074,9.8066,-0.0016,0.0104,0.0097,3.31,-31.12,21.63,21.05,-84.71,-169.45
52.421345,-1.534866,180.5,0.1,4,269.34,19 / 21,179311,2019-09-06 19:23:05:054,-0.0948,-0.2254,9.6894,0.0003,0.0058,9.8066,-0.0283,0.006,0,3.94,-30.75,22.19,23.87,-84.7,-169.5
52.421345,-1.534866,180.5,0.1,4,269.34,19 / 21,179410,2019-09-06 19:23:05:153,-0.1249,0.184,10.0429,-0.0003,-0.0048,9.8065,-0.0176,-0.0115,0.0006,3.75,-31.31,21.5,24.07,-84.7,-169.32
52.421345,-1.534866,180.5,0.1,4,269.34,19 / 21,179509,2019-09-06 19:23:05:252,-0.0488,0.1387,9.7671,-0.0014,-0.0035,9.8066,0.0033,-0.0093,-0.0077,3.31,-31.56,21.5,21.26,-84.68,-169.36
52.421345,-1.534866,180.5,0.1,4,269.34,19 / 21,179610,2019-09-06 19:23:05:353,0.1194,-0.2818,9.6956,0.0012,0.0033,9.8066,0.003,-0.0359,-0.0064,3.63,-31.5,22.06,24.06,-84.69,-169.33
52.421345,-1.534866,180.5,0.1,4,269.34,19 / 21,179709,2019-09-06 19:23:05:452,-0.0034,0.1346,9.9996,-0.0011,0.0046,9.8066,-0.0187,-0.0231,-0.0094,3.56,-31.31,21.88,24.23,-84.71,-169.17
52.421345,-1.534866,180.5,0.1,4,269.34,19 / 21,179810,2019-09-06 19:23:05:553,0.0585,-0.3373,9.7956,-0.0012,-0.0031,9.8066,-0.0033,0.0328,0.0145,4,-31.19,21.56,24.18,-84.71,-169.22
52.421345,-1.534866,180.5,0.1,4,269.34,19 / 21,179909,2019-09-06 19:23:05:652,-0.0031,0.1418,10.0853,-0.0003,-0.0033,9.8066,0.0001,0.0381,0.0134,3.94,-31.69,21.31,24.99,-84.71,-169.23
52.421345,-1.534866,180.5,0.1,4,269.34,19 / 21,180010,2019-09-06 19:23:05:753,-0.0515,-0.0907,9.811,0.0012,0.0023,9.8066,-0.0235,0.0263,0.016,3.19,-31.25,21.56,21.16,-84.73,-169.34
52.421345,-1.534866,180.5,0.1,4,269.34,19 / 21,180109,2019-09-06 19:23:05:852,-0.0691,-0.2985,9.6765,0.0003,0.0022,9.8066,-0.0114,0.0358,0.0155,4,-31.44,21.81,24.07,-84.74,-169.3
52.421345,-1.534866,180.5,0.1,4,269.34,19 / 21,180209,2019-09-06 19:23:05:952,-0.0758,-0.1063,9.9894,-0.0004,-0.0018,9.8066,-0.0096,0.0227,0.0108,3.75,-31.31,21.56,24.16,-84.74,-169.22
52.421345,-1.534866,180.5,0.1,4,269.34,21 / 21,180309,2019-09-06 19:23:06:052,-0.0232,0.0927,9.6985,0.0002,-0.0019,9.8066,-0.0039,0.0226,0.0163,3.75,-31.37,22.06,23.99,-84.74,-169.37
52.421345,-1.534866,180.5,0.1,4,269.34,21 / 21,180409,2019-09-06 19:23:06:152,-0.0423,-0.4207,9.683,0.002,0.001,9.8066,-0.0309,0.0276,0.005,4,-31.44,21.75,23.87,-84.74,-169.47
52.421345,-1.534866,180.5,0.1,4,269.34,21 / 21,180510,2019-09-06 19:23:06:253,-0.1252,0.0117,9.9919,-0.0007,-0.0006,9.8066,-0.0177,0.0161,0.0234,3.69,-31.06,21.75,24.01,-84.73,-169.36
52.421345,-1.534866,180.5,0.1,4,269.34,21 / 21,180609,2019-09-06 19:23:06:352,-0.0775,-0.0182,9.6635,0.0007,-0.0013,9.8066,-0.0032,0.0158,0.0018,3.88,-31.12,21.44,24.69,-84.73,-169.38
52.421345,-1.534866,180.5,0.1,4,269.34,21 / 21,180710,2019-09-06 19:23:06:453,0.1125,-0.1938,9.8155,0.0007,-0.0003,9.8066,-0.0062,-0.0081,0.005,3.5,-31.31,21.56,23.93,-84.73,-169.42
52.421345,-1.534866,180.5,0.1,4,269.34,21 / 21,180810,2019-09-06 19:23:06:553,0.0291,0.067,9.9127,0.0002,-0.0002,9.8066,-0.0389,-0.0038,0.0138,3.31,-31.31,21.81,20.97,-84.74,-169.5
52.421345,-1.534866,180.5,0.1,4,269.34,21 / 21,180910,2019-09-06 19:23:06:653,0.0826,-0.3423,9.8535,0.0003,-0.0013,9.8066,-0.034,0.0046,0.0045,3.88,-31.69,21.5,24,-84.74,-169.46
52.421345,-1.534866,180.5,0.1,4,269.34,21 / 21,181009,2019-09-06 19:23:06:752,0.1046,-0.2572,9.8047,0.0004,0.0017,9.8066,-0.0095,-0.0098,0.0019,3.25,-31.06,21.69,20.93,-84.75,-169.53
52.421345,-1.534866,180.5,0.1,4,269.34,21 / 21,181109,2019-09-06 19:23:06:852,-0.0217,0.1806,10.073,-0.0002,-0.0013,9.8066,-0.0006,0.0051,0.0018,3.44,-31.31,21.31,21.48,-84.75,-169.54
52.421345,-1.534866,180.5,0.1,4,269.34,21 / 21,181209,2019-09-06 19:23:06:952,-0.2062,0.083,9.8498,0.0005,-0.0024,9.8066,-0.0276,-0.0125,-0.0039,3.75,-31.19,21.44,24.46,-84.73,-169.58
52.421345,-1.534866,180.5,0.1,4,269.34,21 / 21,181309,2019-09-06 19:23:07:052,-0.0907,-0.1743,9.9796,0.0001,-0.0007,9.8066,-0.0312,-0.02,-0.0047,3.44,-31.75,21.56,20.9,-84.74,-169.65
52.421345,-1.534866,180.5,0.1,4,269.34,19 / 21,181409,2019-09-06 19:23:07:152,-0.05,-0.0149,10.005,0.0007,0.0016,9.8066,0.0029,0.0196,0.0078,3.5,-31.19,21.56,23.82,-84.75,-169.52
52.421345,-1.534866,180.5,0.1,4,269.34,19 / 21,181510,2019-09-06 19:23:07:253,-0.121,0.2095,10.0134,-0.0003,0.0004,9.8066,0.0065,0.0288,0.0091,3.25,-31.37,21.88,20.96,-84.74,-169.51
52.421345,-1.534866,180.5,0.1,4,269.34,19 / 21,181609,2019-09-06 19:23:07:352,-0.0641,-0.3435,9.7866,-0.0012,-0.0033,9.8066,-0.0009,0.0247,0.0222,3.5,-31.56,21.75,23.85,-84.75,-169.59
52.421345,-1.534866,180.5,0.1,4,269.34,19 / 21,181709,2019-09-06 19:23:07:452,-0.0442,0.19,9.8308,-0.0016,-0.0028,9.8066,0.0012,0.0258,0.0172,4,-30.75,22.25,23.84,-84.73,-169.51
52.421345,-1.534866,180.5,0.1,4,269.34,19 / 21,181809,2019-09-06 19:23:07:552,0.0503,-0.2239,9.6108,0.0006,0.0036,9.8066,-0.0099,0.0285,0.0077,3.56,-31.69,22.06,24.02,-84.72,-169.45
52.421345,-1.534866,180.5,0.1,4,269.34,19 / 21,181909,2019-09-06 19:23:07:652,-0.0017,0.1406,10.0239,0.0006,0.0041,9.8066,-0.0249,0.0053,0.0173,3.63,-31.37,21.13,24.68,-84.75,-169.38
52.421345,-1.534866,180.5,0.1,4,269.34,19 / 21,182010,2019-09-06 19:23:07:753,-0.0154,-0.3765,9.7737,-0.0016,-0.0033,9.8066,-0.0238,0.0209,0.0066,3.63,-31.44,21.5,23.95,-84.74,-169.4
52.421345,-1.534866,180.5,0.1,4,269.34,19 / 21,182109,2019-09-06 19:23:07:852,0.1465,-0.1766,9.8269,-0.001,-0.0032,9.8066,-0.0249,0.0036,0.0117,3.44,-31.62,22,21.32,-84.73,-169.29
52.421345,-1.534866,180.5,0.1,4,269.34,19 / 21,182210,2019-09-06 19:23:07:953,-0.006,-0.0126,9.8249,0.0018,0.0028,9.8066,0.0004,-0.0005,0.0003,3.38,-31.37,21.63,21.3,-84.72,-169.23
52.421345,-1.534866,180.5,0.1,4,269.34,19 / 21,182309,2019-09-06 19:23:08:052,-0.0511,-0.3932,9.6792,-0.0002,0.0036,9.8066,-0.0395,-0.0102,-0.0094,3.63,-31.19,22.13,24.19,-84.75,-169.19
52.421345,-1.534866,180.5,0.1,4,269.34,19 / 21,182409,2019-09-06 19:23:08:152,-0.0749,-0.0176,10.0181,-0.0032,-0.0039,9.8066,-0.0189,-0.0215,-0.0012,3.56,-31.19,21.56,24.12,-84.76,-169.24
52.421345,-1.534866,180.5,0.1,4,269.34,19 / 21,182510,2019-09-06 19:23:08:253,-0.0519,-0.0143,9.6779,-0.0017,-0.0028,9.8066,0.0028,-0.0284,-0.0177,3.75,-31.19,21.5,24.34,-84.73,-169.07
52.421345,-1.534866,180.5,0.1,4,269.34,19 / 21,182610,2019-09-06 19:23:08:353,-0.0458,-0.1144,9.6754,0.0014,0.0017,9.8066,0.0045,-0.0309,-0.0131,3.63,-30.87,21.56,24.37,-84.74,-169.03
52.421345,-1.534866,180.5,0.1,4,269.34,19 / 21,182709,2019-09-06 19:23:08:452,-0.0453,0.2477,10.0916,0.0003,0.0035,9.8066,-0.0138,-0.0234,-0.0183,3.88,-31.69,21.44,25.21,-84.75,-169.02
52.421345,-1.534866,180.5,0.1,4,269.34,19 / 21,182810,2019-09-06 19:23:08:553,0.0026,-0.0621,9.6579,-0.0001,-0.0028,9.8066,-0.0211,-0.0327,-0.0186,3.38,-31.5,21.25,22.09,-84.75,-169.01
52.421345,-1.534866,180.5,0.1,4,269.34,19 / 21,182910,2019-09-06 19:23:08:653,0.0325,0.3048,10.1275,0.001,-0.0012,9.8066,0.0189,-0.0376,-0.0117,4.31,-31,21.38,24.98,-84.75,-169.11
52.421345,-1.534866,180.5,0.1,4,269.34,19 / 21,183009,2019-09-06 19:23:08:752,-0.0083,-0.0238,9.8432,-0.0006,0.0035,9.8066,0.0201,-0.0248,-0.0231,3.69,-31.31,21.63,24.44,-84.74,-168.97
52.421345,-1.534866,180.5,0.1,4,269.34,19 / 21,183110,2019-09-06 19:23:08:853,-0.0634,-0.3743,9.651,0.0018,0.0023,9.8066,-0.0105,0.036,0.0121,3.88,-31.69,21.75,24.43,-84.75,-169.08
52.421345,-1.534866,180.5,0.1,4,269.34,19 / 21,183210,2019-09-06 19:23:08:953,-0.1115,0.3038,10.0001,-0.0003,-0.0011,9.8066,-0.0165,0.0244,0.0243,3.44,-31.62,21.75,21.54,-84.74,-169.09
52.421345,-1.534866,180.5,0.1,4,269.34,19 / 21,183309,2019-09-06 19:23:09:052,-0.0352,-0.0134,10.033,-0.0001,-0.0026,9.8066,-0.0047,0.0178,0.0105,3.38,-31.12,21.63,21.36,-84.72,-169.17
52.421345,-1.534866,180.5,0.1,4,269.34,19 / 21,183409,2019-09-06 19:23:09:152,-0.1008,0.2743,10.0119,0.0014,0.001,9.8066,-0.0164,0.0114,0.0066,3.69,-31.06,21.25,24.89,-84.72,-169.21
52.421345,-1.534866,180.5,0.1,4,269.34,19 / 21,183510,2019-09-06 19:23:09:253,-0.052,-0.3201,9.8071,0.0006,-0.0001,9.8066,-0.0249,0.0095,0.0195,3.88,-30.94,21.5,24.05,-84.72,-169.33
52.421345,-1.534866,180.5,0.1,4,269.34,19 / 21,183609,2019-09-06 19:23:09:352,0.0062,-0.1471,9.9075,0.0012,-0.0002,9.8066,-0.0093,0.0053,-0.0023,3.44,-31.19,21.75,20.94,-84.72,-169.54
52.421345,-1.534866,180.5,0.1,4,269.34,19 / 21,183710,2019-09-06 19:23:09:453,0.1267,-0.2146,9.5994,-0.0002,0.0021,9.8066,-0.0017,-0.0137,0.0058,3.25,-31.12,21.88,21.11,-84.72,-169.39
52.421345,-1.534866,180.5,0.1,4,269.34,19 / 21,183809,2019-09-06 19:23:09:552,-0.0295,0.2381,10.0798,0.0006,-0.0029,9.8066,0.0055,-0.0139,-0.0122,3.75,-31.19,21.69,23.98,-84.72,-169.39
52.421345,-1.534866,180.5,0.1,4,269.34,19 / 21,183910,2019-09-06 19:23:09:653,0.0558,-0.1533,9.9698,0.0004,-0.0033,9.8066,-0.0313,-0.0206,-0.0138,3.63,-30.87,21.19,24.51,-84.7,-169.55
52.421345,-1.534866,180.5,0.1,4,269.34,19 / 21,184010,2019-09-06 19:23:09:753,0.1628,-0.1768,9.7214,0.0004,0.0048,9.8066,-0.0299,-0.0298,-0.0093,4,-31.37,21.56,23.7,-84.69,-169.65
52.421345,-1.534866,180.5,0.1,4,269.34,19 / 21,184109,2019-09-06 19:23:09:852,-0.0319,0.1728,10.0929,0.0013,0.0053,9.8066,0.0225,-0.0213,-0.0223,3.69,-31.25,22,23.75,-84.72,-169.58
52.421345,-1.534866,180.5,0.1,4,269.34,19 / 21,184209,2019-09-06 19:23:09:952,-0.1075,0.0644,9.9203,-0.0008,-0.0053,9.8066,0.025,-0.0363,-0.013,3.63,-31.19,21.5,23.72,-84.68,-169.64
52.421345,-1.534866,180.5,0.1,4,269.34,19 / 20,184311,2019-09-06 19:23:10:054,-0.0255,0.2604,9.7637,-0.0015,-0.004,9.8066,-0.0159,-0.0223,-0.0223,3.69,-31.12,21.75,23.72,-84.68,-169.65
52.421345,-1.534866,180.5,0.1,4,269.34,19 / 20,184410,2019-09-06 19:23:10:153,0.0089,-0.0638,9.9529,0.0013,0.003,9.8066,-0.0069,-0.0327,-0.0151,3.5,-31.56,21.38,24.62,-84.68,-169.58
52.421345,-1.534866,180.5,0.1,4,269.34,19 / 20,184509,2019-09-06 19:23:10:252,-0.156,0.0146,9.8323,-0.0004,0.0047,9.8066,0.0242,-0.0287,-0.0151,3.56,-31.12,22.19,23.83,-84.69,-169.54
52.421345,-1.534866,180.5,0.1,4,269.34,19 / 20,184610,2019-09-06 19:23:10:353,-0.1065,-0.0166,10.0087,-0.0006,-0.0025,9.8066,0.0236,-0.0148,-0.0221,3.88,-31.62,22.31,23.97,-84.67,-169.52
52.421345,-1.534866,180.5,0.1,4,269.34,19 / 20,184710,2019-09-06 19:23:10:453,-0.0308,-0.0078,9.6757,0.0009,0.0037,9.8066,0.0001,-0.0143,-0.0065,4.13,-31.25,21.63,23.93,-84.67,-169.46
52.421345,-1.534866,180.5,0.1,4,269.34,19 / 20,184810,2019-09-06 19:23:10:553,0.1231,-0.293,9.8102,0.0013,0.0043,9.8066,0.0088,0.0019,-0.0127,3.75,-30.87,21.19,24.64,-84.68,-169.45
52.421345,-1.534866,180.5,0.1,4,269.34,19 / 20,184910,2019-09-06 19:23:10:653,-0.0295,-0.1821,9.9141,0.0015,0.0048,9.8066,0.0163,0.0098,-0.0036,3.88,-30.25,22,23.86,-84.68,-169.42
52.421345,-1.534866,180.5,0.1,4,269.34,19 / 20,185010,2019-09-06 19:23:10:753,0.0218,0.2256,10.0268,-0.0015,-0.0042,9.8066,0.0246,0.0178,-0.0013,3.81,-31.19,21.5,23.96,-84.67,-169.44
52.421345,-1.534866,180.5,0.1,4,269.34,19 / 20,185109,2019-09-06 19:23:10:852,-0.0304,-0.0001,9.66,0.0001,-0.0018,9.8066,0.0005,0.0312,0.0044,4,-31.12,21.31,24.65,-84.68,-169.44
52.421345,-1.534866,180.5,0.1,4,269.34,19 / 20,185210,2019-09-06 19:23:10:953,-0.026,-0.264,9.7012,0.0008,0.0023,9.8066,-0.0012,0.0269,0.0184,3.5,-31.37,21.81,24.04,-84.7,-169.34
52.421345,-1.534866,180.5,0.1,4,269.34,19 / 20,185309,2019-09-06 19:23:11:052,0.0118,-0.3546,9.7906,0.0021,-0.0028,9.8065,0.0009,0.0364,0.0163,3.69,-31.44,21.5,24.02,-84.7,-169.37
52.421345,-1.534866,180.5,0.1,4,269.34,21 / 21,185410,2019-09-06 19:23:11:153,-0.0022,-0.2633,9.5663,-0.0036,-0.0005,9.8066,-0.0108,0.0384,0.0097,3.63,-31.5,21.88,24.13,-84.7,-169.27
52.421345,-1.534866,180.5,0.1,4,269.34,21 / 21,185509,2019-09-06 19:23:11:252,-0.0045,-0.1187,9.8819,0.0025,0.0047,9.8066,0.0053,0.0294,0.0196,3.31,-31,21.56,20.94,-84.69,-169.56
52.421345,-1.534866,180.5,0.1,4,269.34,21 / 21,185610,2019-09-06 19:23:11:353,-0.038,0.2411,10.1124,0.0001,0.0052,9.8066,-0.022,0.0443,0.0106,3.5,-31.62,20.81,24.6,-84.71,-169.57
52.421345,-1.534866,180.5,0.1,4,269.34,21 / 21,185711,2019-09-06 19:23:11:454,-0.1504,0.2691,10.0133,-0.0007,-0.0059,9.8066,-0.0208,0.0203,0.0227,3.56,-31.12,22,23.58,-84.68,-169.77
52.421345,-1.534866,180.5,0.1,4,269.34,21 / 21,185809,2019-09-06 19:23:11:552,-0.105,0.0577,9.6848,-0.0008,-0.005,9.8066,-0.0079,0.0244,0.0139,3.19,-31.37,21.63,20.71,-84.67,-169.77
52.421345,-1.534866,180.5,0.1,4,269.34,21 / 21,185910,2019-09-06 19:23:11:653,0.0451,0.0722,10.0447,0.0008,0.0038,9.8066,0.0365,-0.0183,-0.015,3.56,-30.94,21.94,23.48,-84.7,-169.84
52.421345,-1.534866,180.5,0.1,4,269.34,21 / 21,186009,2019-09-06 19:23:11:752,-0.0018,-0.2132,9.7058,0.0012,0.0065,9.8066,0.0282,-0.0102,-0.0142,3.88,-31.25,21.63,23.54,-84.7,-169.79
52.421345,-1.534866,180.5,0.1,4,269.34,21 / 21,186110,2019-09-06 19:23:11:853,0.0623,0.0879,10.0473,-0.0018,-0.0032,9.8066,0.006,-0.0067,-0.0001,3.69,-30.87,22.19,23.48,-84.67,-169.86
52.421345,-1.534866,180.5,0.1,4,269.34,21 / 21,186210,2019-09-06 19:23:11:953,-0.0714,0.1819,9.8017,-0.0005,-0.0039,9.8066,0.0047,0.0129,-0.0069,3.25,-31.25,21.63,20.67,-84.67,-169.81
52.421345,-1.534866,180.5,0.1,4,269.34,20 / 21,186309,2019-09-06 19:23:12:052,-0.0202,-0.0312,9.9475,0.0006,0.0058,9.8066,0.0133,0.013,0.0012,3.63,-31,21.75,23.68,-84.71,-169.66
52.421345,-1.534866,180.5,0.1,4,269.34,20 / 21,186410,2019-09-06 19:23:12:153,0.079,-0.0547,9.9886,0.0016,0.0024,9.8066,0.0185,0.0247,0.0096,3.44,-31.06,21.75,20.67,-84.7,-169.79
52.421345,-1.534866,180.5,0.1,4,269.34,20 / 21,186509,2019-09-06 19:23:12:252,-0.1556,0.2282,9.9295,0.0004,-0.0017,9.8066,0.0003,0.0413,0.0001,3.5,-31.12,22.06,23.52,-84.69,-169.81
52.421345,-1.534866,180.5,0.1,4,269.34,20 / 21,186610,2019-09-06 19:23:12:353,-0.0094,-0.1834,9.78,-0.0022,-0.0042,9.8066,0.0196,-0.0296,-0.0246,3.44,-30.81,21.63,20.7,-84.68,-169.77
52.421345,-1.534866,180.5,0.1,4,269.34,20 / 21,186709,2019-09-06 19:23:12:452,-0.0402,0.2061,10.0643,0.0021,0.0048,9.8066,0.0304,-0.0381,-0.0107,3.63,-31.37,21.38,24.27,-84.71,-169.76
52.421345,-1.534866,180.5,0.1,4,269.34,20 / 21,186809,2019-09-06 19:23:12:552,0.0203,-0.3021,9.7544,-0.0005,0.0036,9.8066,-0.0102,-0.0161,-0.0191,3.44,-31.44,21.94,20.81,-84.71,-169.66
52.421345,-1.534866,180.5,0.1,4,269.34,20 / 21,186910,2019-09-06 19:23:12:653,-0.008,-0.1968,9.7159,-0.0005,-0.0024,9.8066,-0.0012,-0.0282,-0.0105,4,-31.44,22,23.6,-84.72,-169.72
52.421345,-1.534866,180.5,0.1,4,269.34,20 / 21,187010,2019-09-06 19:23:12:753,0.0389,0.1941,10.0755,-0.0005,-0.0032,9.8066,0.037,-0.0094,-0.0037,3.75,-31.25,21.44,24.3,-84.7,-169.74
52.421345,-1.534866,180.5,0.1,4,269.34,20 / 21,187110,2019-09-06 19:23:12:853,0.0062,-0.2724,9.7037,0.0004,0.0011,9.8066,0.0276,0.0034,-0.0075,3.88,-30.44,21.69,23.52,-84.72,-169.7
52.421345,-1.534866,180.5,0.1,4,269.34,20 / 21,187210,2019-09-06 19:23:12:953,0.1023,-0.1488,9.9277,0.0012,0.0006,9.8066,0.0082,0.0099,0.0112,4.19,-31.19,21.75,23.62,-84.72,-169.7
52.421345,-1.534866,180.5,0.1,4,269.34,20 / 21,187309,2019-09-06 19:23:13:052,-0.0313,0.0612,9.7575,0.0007,0.002,9.8066,0.0134,0.0284,0.0022,3.88,-31,22.13,23.56,-84.74,-169.74
52.421345,-1.534866,180.5,0.1,4,269.34,20 / 20,187409,2019-09-06 19:23:13:152,-0.0024,0.0114,10.0085,0.0012,0.0022,9.8066,0.0083,0.0148,0.0064,3.81,-31,22.5,22.89,-84.74,-169.77
52.421345,-1.534866,180.5,0.1,4,269.34,20 / 20,187510,2019-09-06 19:23:13:253,-0.1516,-0.0771,9.7196,0.0004,-0.0038,9.8066,0.0112,0.0259,0.0067,3.81,-30.56,21.56,23.61,-84.75,-169.7
52.421345,-1.534866,180.5,0.1,4,269.34,20 / 20,187609,2019-09-06 19:23:13:352,0.0188,-0.053,9.5986,0.001,0.0055,9.8066,0.0121,0.0388,0.0123,3.5,-31.06,22,23.38,-84.72,-169.91
52.421345,-1.534866,180.5,0.1,4,269.34,20 / 20,187710,2019-09-06 19:23:13:453,-0.0301,0.0143,10.0325,0.0015,0.0061,9.8066,0.0165,0.0286,0.0157,3.06,-31.06,21.56,20.52,-84.77,-169.88
52.421345,-1.534866,180.5,0.1,4,269.34,20 / 20,187809,2019-09-06 19:23:13:552,-0.1966,0.2151,10.0105,0,0.0049,9.8066,0.0021,0.0393,0.009,3.44,-31.12,21.63,20.58,-84.75,-169.84
52.421345,-1.534866,180.5,0.1,4,269.34,20 / 20,187910,2019-09-06 19:23:13:653,0.043,-0.1419,9.7152,-0.0008,-0.0035,9.8066,0.0075,0.0273,0.0244,3.81,-31.37,21.56,23.3,-84.73,-169.98
52.421345,-1.534866,180.5,0.1,4,269.34,20 / 20,188010,2019-09-06 19:23:13:753,0.0099,0.0206,10.0638,0.0005,0.0033,9.8066,0.0012,0.033,0.0143,3.81,-30.75,21.5,23.39,-84.72,-169.91
52.421345,-1.534866,180.5,0.1,4,269.34,20 / 20,188110,2019-09-06 19:23:13:853,0.0547,0.2046,10.1005,0.0001,0.0039,9.8066,0.0021,0.0394,0.0175,3.63,-31.37,21.13,24.08,-84.72,-169.92
52.421345,-1.534866,180.5,0.1,4,269.34,20 / 20,188209,2019-09-06 19:23:13:952,-0.0253,-0.2431,9.6956,0.0004,0.0026,9.8066,0.0003,0.0286,0.0151,3.81,-30.87,21.69,23.51,-84.74,-169.79
52.421345,-1.534866,180.5,0.1,4,269.34,20 / 20,188310,2019-09-06 19:23:14:053,0.0355,0.0518,10.0466,-0.0006,-0.0046,9.8066,0.0082,0.0394,0.0095,2.75,-30.87,21.69,20.57,-84.71,-169.87
52.421345,-1.534866,180.5,0.1,4,269.34,19 / 20,188410,2019-09-06 19:23:14:153,0.0488,-0.0182,9.5752,0.0002,0.0047,9.8066,-0.0271,-0.0289,-0.0165,3.5,-30.94,21.81,23.28,-84.71,-170.01
52.421345,-1.534866,180.5,0.1,4,269.34,19 / 20,188509,2019-09-06 19:23:14:252,-0.0015,0.0763,10.0475,0.0022,0.003,9.8066,0.004,-0.0328,-0.0197,3.81,-30.75,21.81,23.16,-84.73,-170.1
52.421345,-1.534866,180.5,0.1,4,269.34,19 / 20,188609,2019-09-06 19:23:14:352,-0.0993,-0.1595,9.6386,-0.0013,0.0008,9.8066,0.0142,-0.0394,-0.0086,3.5,-31.31,21.19,23.97,-84.72,-170.01
52.421345,-1.534866,180.5,0.1,4,269.34,19 / 20,188710,2019-09-06 19:23:14:453,-0.1858,0.1093,10.0648,-0.0015,-0.0023,9.8066,-0.0102,-0.024,-0.0151,3.31,-31.06,21.25,21.08,-84.72,-169.91
52.421345,-1.534866,180.5,0.1,4,269.34,19 / 20,188810,2019-09-06 19:23:14:553,-0.1086,-0.1104,9.7117,-0.0005,0.0007,9.8066,-0.0176,-0.0246,-0.0112,3.44,-31.62,21.81,20.84,-84.71,-169.72
52.421345,-1.534866,180.5,0.1,4,269.34,19 / 20,188909,2019-09-06 19:23:14:652,-0.055,0.1565,9.7638,0.0013,0.0015,9.8066,0.002,-0.0228,-0.0219,3.31,-30.94,21.81,20.64,-84.71,-169.81
52.421345,-1.534866,180.5,0.1,4,269.34,19 / 20,189010,2019-09-06 19:23:14:753,-0.019,-0.2471,9.9105,0.002,0.0027,9.8066,0.0112,-0.0204,-0.0261,3.69,-31.19,21.69,23.27,-84.73,-170.01
52.421345,-1.534866,180.5,0.1,4,269.34,19 / 20,189109,2019-09-06 19:23:14:852,0.0048,0.2889,10.0512,-0.0024,-0.0028,9.8066,-0.0053,-0.0261,-0.0104,3.75,-31.06,22.31,23.38,-84.69,-169.94
52.421345,-1.534866,180.5,0.1,4,269.34,19 / 20,189210,2019-09-06 19:23:14:953,-0.0611,0.1258,9.6775,-0.0005,-0.0047,9.8066,0.0001,-0.0156,-0.0185,3.5,-31.31,21.75,23.41,-84.69,-169.91
52.421345,-1.534866,180.5,0.1,4,269.34,19 / 20,189310,2019-09-06 19:23:15:053,-0.0437,-0.1599,9.7257,0.002,0.0042,9.8066,-0.0025,-0.0206,-0.0173,3.69,-30.75,21.69,23.44,-84.71,-169.87
52.421345,-1.534866,180.5,0.1,4,269.34,21 / 21,189410,2019-09-06 19:23:15:153,0.1199,-0.2664,9.6803,0.0013,0.0035,9.8066,-0.0085,0.0177,0.0074,4.06,-31.06,22.25,23.32,-84.68,-170
52.421345,-1.534866,180.5,0.1,4,269.34,21 / 21,189509,2019-09-06 19:23:15:252,-0.0842,0.3074,9.9186,0,-0.0008,9.8066,0.0085,0.0012,-0.0181,3.69,-30.94,21.5,23.34,-84.69,-169.97
52.421345,-1.534866,180.5,0.1,4,269.34,21 / 21,189610,2019-09-06 19:23:15:353,-0.0249,-0.1972,9.8104,-0.0003,-0.0024,9.8066,0.0079,-0.0122,-0.009,3.75,-31.56,21.63,23.37,-84.69,-170.04
52.421345,-1.534866,180.5,0.1,4,269.34,21 / 21,189709,2019-09-06 19:23:15:452,0.0099,-0.1438,9.5592,0.0001,0.001,9.8066,0.0109,0.0118,-0.0078,4,-31.62,22,23.37,-84.68,-170.04
52.421345,-1.534866,180.5,0.1,4,269.34,21 / 21,189810,2019-09-06 19:23:15:553,-0.023,0.1105,10.0727,-0.001,-0.0018,9.8066,0.0234,-0.0088,-0.0097,3.38,-31.06,22.13,20.35,-84.66,-170.09
52.421345,-1.534866,180.5,0.1,4,269.34,21 / 21,189909,2019-09-06 19:23:15:652,-0.1004,0.2043,9.783,0.0002,-0.0015,9.8066,0.0134,0.0051,0.0036,3.56,-30.87,21.69,23.22,-84.65,-170.1
52.421345,-1.534866,180.5,0.1,4,269.34,21 / 21,190009,2019-09-06 19:23:15:752,0.0791,-0.2002,9.5686,-0.0003,0.0027,9.8066,0.0104,0.0271,0.0039,3.63,-31.12,21.44,23.89,-84.66,-170.12
52.421345,-1.534866,180.5,0.1,4,269.34,21 / 21,190110,2019-09-06 19:23:15:853,-0.086,0.1859,10.0434,0.0001,0.0025,9.8066,0.0125,0.0097,0.0053,3.5,-31.62,20.75,24.1,-84.67,-170.03
52.421345,-1.534866,180.5,0.1,4,269.34,21 / 21,190210,2019-09-06 19:23:15:953,-0.065,-0.4277,9.6984,-0.0003,-0.0022,9.8066,0.0198,0.0235,0.008,3.94,-31.25,22,23.27,-84.64,-170.06
52.421345,-1.534866,180.5,0.1,4,269.34,21 / 21,190309,2019-09-06 19:23:16:052,-0.0396,0.0819,10.0421,0.0001,-0.0043,9.8066,-0.004,0.0222,0.0148,3.31,-31.19,21.69,20.26,-84.62,-170.18
52.421345,-1.534866,180.5,0.1,4,269.34,21 / 21,190410,2019-09-06 19:23:16:153,-0.0159,0.2655,9.9239,0.0007,0.0027,9.8066,0.0132,0.0218,0.0146,3.5,-31.06,21.81,23.24,-84.64,-170.09
52.421345,-1.534866,180.5,0.1,4,269.34,21 / 21,190509,2019-09-06 19:23:16:252,-0.1324,-0.1624,9.756,0,0.0054,9.8066,0.0009,0.0315,0.0086,3.75,-31.31,22.06,23.35,-84.64,-169.99
52.421345,-1.534866,180.5,0.1,4,269.34,21 / 21,190610,2019-09-06 19:23:16:353,-0.1028,-0.3036,9.7951,-0.0007,-0.0049,9.8066,-0.0032,0.028,0.0198,3.81,-31.87,21.81,23.45,-84.61,-170.02
52.421345,-1.534866,180.5,0.1,4,269.34,21 / 21,190710,2019-09-06 19:23:16:453,-0.0423,0.2057,9.8864,-0.0033,-0.0004,9.8066,0.0056,0.033,0.0114,3.81,-31.69,21.38,24.22,-84.61,-169.97
52.421345,-1.534866,180.5,0.1,4,269.34,21 / 21,190810,2019-09-06 19:23:16:553,0.2114,-0.1901,9.7647,-0.0005,-0.0042,9.8066,-0.004,0.0398,0.0074,3.38,-31.31,21.94,20.73,-84.6,-169.78
52.421345,-1.534866,180.5,0.1,4,269.34,21 / 21,190910,2019-09-06 19:23:16:653,-0.0503,0.1946,10.0801,-0.0008,0.0029,9.8066,-0.0014,0.0296,0.022,3.94,-31.31,22,23.62,-84.6,-169.77
52.421345,-1.534866,180.5,0.1,4,269.34,21 / 21,191009,2019-09-06 19:23:16:752,-0.1866,0.0991,9.8898,0.0004,0.0027,9.8065,-0.0127,0.0432,0.0088,3.5,-31.12,21.25,24.46,-84.62,-169.66
52.421345,-1.534866,180.5,0.1,4,269.34,21 / 21,191109,2019-09-06 19:23:16:852,-0.0504,-0.1198,9.9992,0.0003,-0.0023,9.8066,-0.0177,0.036,0.0134,3.81,-31.37,22.25,23.9,-84.6,-169.53
52.421345,-1.534866,180.5,0.1,4,269.34,21 / 21,191209,2019-09-06 19:23:16:952,-0.0232,0.2531,10.074,-0.0015,-0.0039,9.8066,0.0036,0.0265,0.0225,3.31,-31.75,22,21.05,-84.6,-169.6
52.421345,-1.534866,180.5,0.1,4,269.34,21 / 21,191310,2019-09-06 19:23:17:053,-0.1543,-0.0501,9.7499,0.0008,0.0022,9.8066,-0.0098,0.0209,0.0164,3.75,-31.06,21.81,23.84,-84.62,-169.58
52.421345,-1.534866,180.5,0.1,4,269.34,21 / 21,191409,2019-09-06 19:23:17:152,-0.1003,0.086,10.0322,-0.0008,0.0007,9.8066,-0.0221,0.0114,0.0174,3.69,-31.44,21.81,23.91,-84.61,-169.51
52.421345,-1.534866,180.5,0.1,4,269.34,21 / 21,191509,2019-09-06 19:23:17:252,-0.0002,0.2438,9.9399,0.0005,-0.0021,9.8066,-0.0111,0.0141,0.0054,3.38,-31.44,21.31,21.56,-84.62,-169.54
52.421345,-1.534866,180.5,0.1,4,269.34,21 / 21,191610,2019-09-06 19:23:17:353,-0.1678,0.1022,9.8338,0,-0.0009,9.8066,0.002,-0.0194,0.0106,3.31,-31.19,21.69,20.9,-84.6,-169.63
52.421345,-1.534866,180.5,0.1,4,269.34,21 / 21,191709,2019-09-06 19:23:17:452,-0.098,-0.4041,9.6596,-0.0003,-0.0003,9.8066,-0.0368,-0.0134,-0.0036,3.63,-32.06,22.25,23.74,-84.61,-169.76
52.421345,-1.534866,180.5,0.1,4,269.34,21 / 21,191809,2019-09-06 19:23:17:552,0.002,0.3022,9.9484,-0.0001,-0.0024,9.8066,-0.0004,0.0216,0.0097,3.25,-31.12,21.69,20.79,-84.61,-169.73
52.421345,-1.534866,180.5,0.1,4,269.34,21 / 21,191910,2019-09-06 19:23:17:653,-0.1182,0.253,9.9016,0.0003,0.0018,9.8066,-0.0067,0.0295,0.006,3.81,-31.06,21.25,24.31,-84.61,-169.79
52.421345,-1.534866,180.5,0.1,4,269.34,21 / 21,192009,2019-09-06 19:23:17:752,-0.0281,0.1267,10.0386,0.0007,0.0031,9.8066,-0.0043,0.0208,0.0211,3.19,-31,21.81,20.65,-84.62,-169.84
52.421345,-1.534866,180.5,0.1,4,269.34,21 / 21,192110,2019-09-06 19:23:17:853,-0.1531,-0.1604,9.7234,-0.0025,-0.0032,9.8066,-0.0227,0.0235,0.0042,3.75,-31.31,21.25,24.4,-84.59,-169.72
52.421345,-1.534866,180.5,0.1,4,269.34,21 / 21,192210,2019-09-06 19:23:17:953,0.1278,-0.1392,9.8507,-0.0006,-0.0039,9.8066,-0.0113,-0.0042,0.0004,3.88,-31.31,21.38,24.37,-84.6,-169.75
52.421345,-1.534866,180.5,0.1,4,269.34,21 / 21,192311,2019-09-06 19:23:18:054,0.0026,0.2255,9.9989,0.0018,0.0029,9.8066,-0.0115,0.0021,-0.0048,4.13,-31.06,21.38,24.38,-84.6,-169.73
52.421345,-1.534866,180.5,0.1,4,269.34,21 / 21,192410,2019-09-06 19:23:18:153,0.0988,0.1278,10.0327,0.0005,0.0038,9.8066,-0.0123,-0.0185,-0.0094,3.75,-31.75,21.75,23.74,-84.63,-169.75
52.421345,-1.534866,180.5,0.1,4,269.34,20 / 21,192510,2019-09-06 19:23:18:253,0.0591,-0.0992,9.7026,-0.0037,-0.0004,9.8066,-0.005,-0.0143,-0.0124,3.25,-31.56,21.31,21.6,-84.62,-169.61
52.421345,-1.534866,180.5,0.1,4,269.34,20 / 21,192610,2019-09-06 19:23:18:353,-0.038,-0.0039,9.9872,-0.0004,-0.0007,9.8066,0.0165,-0.0159,-0.0206,3.5,-31.25,21.44,24.56,-84.62,-169.56
52.421345,-1.534866,180.5,0.1,4,269.34,20 / 21,192710,2019-09-06 19:23:18:453,-0.1086,0.251,9.9622,0.0014,0.0013,9.8066,0.0315,-0.0104,-0.0006,3.31,-31.25,21.94,21.03,-84.63,-169.51
52.421345,-1.534866,180.5,0.1,4,269.34,20 / 21,192809,2019-09-06 19:23:18:552,-0.0059,-0.312,9.8772,-0.0012,-0.0003,9.8066,0.0004,0.0067,-0.016,3.56,-31.19,21.69,23.94,-84.64,-169.48
52.421345,-1.534866,180.5,0.1,4,269.34,20 / 21,192910,2019-09-06 19:23:18:653,-0.0865,0.1692,9.7922,0.0005,0.0003,9.8066,0.0025,0.008,0.0035,3.31,-31.25,21.94,20.92,-84.64,-169.6
52.421345,-1.534866,180.5,0.1,4,269.34,20 / 21,193010,2019-09-06 19:23:18:753,0.1266,0.0366,9.9861,-0.0006,0.001,9.8066,0.0109,0.0232,0.0092,2.81,-31.5,21.88,21,-84.64,-169.53
52.421345,-1.534866,180.5,0.1,4,269.34,20 / 21,193110,2019-09-06 19:23:18:853,-0.1351,0.1037,10.0571,-0.0007,-0.0022,9.8066,-0.0175,-0.0228,-0.0096,3,-31.12,21.63,20.98,-84.63,-169.55
52.421345,-1.534866,180.5,0.1,4,269.34,20 / 21,193210,2019-09-06 19:23:18:953,-0.0393,-0.0142,9.6631,-0.0015,-0.0045,9.8066,-0.0244,-0.0278,-0.0163,4.13,-31.37,21.69,24.16,-84.63,-169.29
52.421345,-1.534866,180.5,0.1,4,269.34,20 / 21,193310,2019-09-06 19:23:19:053,-0.0994,0.2134,10.0468,0.001,-0.0041,9.8066,-0.0138,-0.0248,-0.0184,3.56,-31.25,21.5,24.3,-84.65,-169.15
52.421345,-1.534866,180.5,0.1,4,269.34,19 / 21,193409,2019-09-06 19:23:19:152,0.0078,-0.2808,9.6573,-0.0003,0.0028,9.8066,0.0255,-0.0261,-0.0248,3.19,-31.81,21.31,21.92,-84.64,-169.31
52.421345,-1.534866,180.5,0.1,4,269.34,19 / 21,193510,2019-09-06 19:23:19:253,0.0232,-0.2394,9.8942,0.0008,0.0004,9.8066,-0.0109,-0.0359,-0.0238,3.69,-31.37,21.63,24.09,-84.63,-169.35
52.421345,-1.534866,180.5,0.1,4,269.34,19 / 21,193610,2019-09-06 19:23:19:353,-0.0838,0.3058,10.0523,0.0008,-0.0021,9.8066,0.0062,-0.0244,-0.0243,3.69,-31.25,21.69,24.17,-84.62,-169.28
52.421345,-1.534866,180.5,0.1,4,269.34,19 / 21,193709,2019-09-06 19:23:19:452,-0.0117,0.2083,10.1006,0.0003,-0.0029,9.8066,0.0228,-0.0278,-0.0222,3.25,-31.06,21.38,21.63,-84.6,-169.5
52.421345,-1.534866,180.5,0.1,4,269.34,19 / 21,193810,2019-09-06 19:23:19:553,-0.0344,-0.2218,9.6362,0.0001,0.0002,9.8065,0.0116,-0.0463,-0.0243,3.31,-31.75,21.44,21.87,-84.6,-169.38
52.421345,-1.534866,180.5,0.1,4,269.34,19 / 21,193909,2019-09-06 19:23:19:652,-0.1014,0.1798,10.0727,0.0001,0.0007,9.8066,0.0092,-0.028,-0.0357,3.56,-31.12,21.88,24.01,-84.59,-169.43
52.421345,-1.534866,180.5,0.1,4,269.34,19 / 21,194009,2019-09-06 19:23:19:752,-0.0394,0.1501,9.7575,0,-0.0016,9.8066,-0.0218,0.0368,0.0089,2.94,-31.06,21.56,20.87,-84.61,-169.66
52.421345,-1.534866,180.5,0.1,4,269.34,19 / 21,194110,2019-09-06 19:23:19:853,0.0314,0.1043,9.6718,0.0011,-0.0003,9.8066,-0.0044,0.0235,0.0164,3.69,-30.94,22.13,23.65,-84.6,-169.75
52.421345,-1.534866,180.5,0.1,4,269.34,19 / 21,194209,2019-09-06 19:23:19:952,-0.0352,-0.4018,9.7765,-0.0016,0,9.8066,0.0006,0.0209,0.0175,3.69,-30.81,21.5,23.65,-84.59,-169.76
52.421345,-1.534866,180.5,0.1,4,269.34,19 / 21,194310,2019-09-06 19:23:20:053,0.1111,0.1254,10.059,0.0012,0.0005,9.8066,-0.0374,0.0194,0.0013,3.06,-31.5,21.88,20.69,-84.6,-169.82
52.421345,-1.534866,180.5,0.1,4,269.34,20 / 21,194409,2019-09-06 19:23:20:152,0.0886,-0.0149,9.6273,-0.0003,0.0001,9.8066,0.0053,-0.0021,0.0034,3.63,-30.75,21.81,23.55,-84.6,-169.84
52.421345,-1.534866,180.5,0.1,4,269.34,20 / 21,194510,2019-09-06 19:23:20:253,0.0084,-0.0337,9.9057,0.0008,0.006,9.8066,0.0089,-0.0067,-0.0058,3.75,-31.5,21.94,23.47,-84.59,-169.91
52.421345,-1.534866,180.5,0.1,4,269.34,20 / 21,194609,2019-09-06 19:23:20:352,0.0677,-0.0786,10.0053,0.0016,0.0059,9.8066,-0.0287,-0.0166,-0.0146,3.44,-30.87,21.69,20.49,-84.6,-170
52.421345,-1.534866,180.5,0.1,4,269.34,20 / 21,194709,2019-09-06 19:23:20:452,0.0359,0.0533,9.6467,0.0035,0.0033,9.8066,-0.0179,-0.0263,-0.0067,3.56,-31.44,21.94,23.2,-84.59,-170.15
52.421345,-1.534866,180.5,0.1,4,269.34,20 / 21,194810,2019-09-06 19:23:20:553,-0.0133,0.2203,10.0521,0.002,0.0039,9.8066,0.0167,-0.0236,-0.0287,3,-31.56,21.44,20.98,-84.59,-170.16
52.421345,-1.534866,180.5,0.1,4,269.34,20 / 21,194909,2019-09-06 19:23:20:652,-0.0801,-0.2878,9.6699,-0.0013,0.002,9.8066,0.0308,-0.0366,-0.0088,3.06,-31.25,22.13,20.38,-84.58,-170.11
52.421345,-1.534866,180.5,0.1,4,269.34,20 / 21,195010,2019-09-06 19:23:20:753,0.0244,0.043,9.832,-0.0002,-0.0037,9.8066,0.0236,-0.0308,-0.022,3.5,-31.37,21.94,23.21,-84.58,-170.14
52.421345,-1.534866,180.5,0.1,4,269.34,20 / 21,195110,2019-09-06 19:23:20:853,-0.0931,0.0414,9.7437,-0.0007,-0.0041,9.8066,0.0008,-0.0254,-0.0086,3.44,-31.19,21.63,20.32,-84.55,-170.17
52.421345,-1.534866,180.5,0.1,4,269.34,20 / 21,195210,2019-09-06 19:23:20:953,0.1096,-0.2129,9.7429,0,0.0024,9.8066,0.0017,-0.006,-0.0192,3.5,-30.87,21.88,23.12,-84.56,-170.24
52.421345,-1.534866,180.5,0.1,4,269.34,20 / 21,195309,2019-09-06 19:23:21:052,0.0179,-0.2001,9.6819,0.0001,0.0026,9.8066,0.012,-0.0028,-0.0143,3.81,-31.5,21.75,23.29,-84.57,-170.09
52.421345,-1.534866,180.5,0.1,4,269.34,19 / 21,195410,2019-09-06 19:23:21:153,0.0553,0.2485,10.0602,-0.0014,-0.0034,9.8066,0.0165,-0.0047,-0.0004,3.69,-31.06,21.88,23.27,-84.56,-170.11
52.421345,-1.534866,180.5,0.1,4,269.34,19 / 21,195509,2019-09-06 19:23:21:252,-0.1249,0.1086,9.6631,-0.001,-0.0022,9.8066,0.0043,0.0221,-0.0087,3.5,-30.87,21.25,23.99,-84.56,-170.1
52.421345,-1.534866,180.5,0.1,4,269.34,19 / 21,195609,2019-09-06 19:23:21:352,-0.0612,-0.1619,9.7221,0.0016,0.0025,9.8066,0.014,0.0064,0.0092,3.81,-30.87,20.94,24.04,-84.54,-170.06
52.421345,-1.534866,180.5,0.1,4,269.34,19 / 21,195710,2019-09-06 19:23:21:453,-0.0733,0.2249,10.0413,0.0012,0.004,9.8066,0.0135,0.0205,0.0045,3.25,-31.19,21.63,20.37,-84.58,-170.12
52.421345,-1.534866,180.5,0.1,4,269.34,19 / 21,195811,2019-09-06 19:23:21:554,-0.1044,0.2656,9.9568,-0.0005,-0.0009,9.8066,0.0109,0.015,0.0123,3.63,-31.12,21.38,24.08,-84.57,-170.01
52.421345,-1.534866,180.5,0.1,4,269.34,19 / 21,195910,2019-09-06 19:23:21:653,-0.0574,0.1388,9.7438,-0.0003,0.0018,9.8066,0.0157,0.0043,0.0058,3.63,-31.25,21.94,23.35,-84.57,-170.03
52.421345,-1.534866,180.5,0.1,4,269.34,19 / 21,196009,2019-09-06 19:23:21:752,0.1096,-0.1532,9.6836,0.0012,0.0022,9.8066,0.0125,0.0196,-0.0037,3.63,-31.31,22.06,23.33,-84.57,-170.04
52.421345,-1.534866,180.5,0.1,4,269.34,19 / 21,196110,2019-09-06 19:23:21:853,0.0357,0.1588,9.9718,0.0011,0.0041,9.8066,0.0007,0.0185,0.0101,3.69,-31.37,22,23.37,-84.59,-170
52.421345,-1.534866,180.5,0.1,4,269.34,19 / 21,196210,2019-09-06 19:23:21:953,-0.023,-0.4394,9.8389,-0.0022,-0.0049,9.8066,-0.0341,-0.0239,-0.0079,3.81,-31.19,21.38,24,-84.57,-170.08
52.421345,-1.534866,180.5,0.1,4,269.34,19 / 21,196311,2019-09-06 19:23:22:054,0.0256,0.2555,10.1079,-0.0017,-0.0052,9.8066,0.0216,-0.0341,-0.0185,4.44,-31.75,21.63,23.48,-84.57,-170.01
52.421345,-1.534866,180.5,0.1,4,269.34,19 / 21,196410,2019-09-06 19:23:22:153,-0.0285,0.1149,9.948,0.0007,0.0064,9.8066,0.0238,-0.0229,-0.0168,3.19,-31.12,21.63,20.56,-84.59,-169.94
52.421345,-1.534866,180.5,0.1,4,269.34,19 / 21,196510,2019-09-06 19:23:22:253,-0.0067,-0.4689,9.8408,0.002,0.0057,9.8066,-0.0282,-0.023,-0.0153,3.25,-31.81,21.94,20.65,-84.58,-169.95
52.421345,-1.534866,180.5,0.1,4,269.34,19 / 21,196610,2019-09-06 19:23:22:353,-0.1254,0.1696,10.0088,0.0007,-0.0025,9.8066,-0.0071,-0.0267,-0.0164,3.38,-31.06,21.44,21.16,-84.58,-169.92
52.421345,-1.534866,180.5,0.1,4,269.34,19 / 21,196709,2019-09-06 19:23:22:452,0.0014,0.1772,9.8089,-0.0018,-0.0044,9.8066,-0.0046,-0.0381,-0.0159,3.69,-31.5,21.69,23.32,-84.56,-170.06
52.421345,-1.534866,180.5,0.1,4,269.34,19 / 21,196810,2019-09-06 19:23:22:553,0.1054,-0.046,10.0211,0.0023,0.0028,9.8066,0.0292,-0.0284,-0.0104,3.56,-31.44,21.56,23.3,-84.58,-170.07
52.421345,-1.534866,180.5,0.1,4,269.34,19 / 21,196909,2019-09-06 19:23:22:652,-0.0814,0.2984,9.996,0.0002,0.0015,9.8065,0.0063,-0.0112,-0.0217,3.81,-31,22,23.26,-84.57,-170.11
52.421345,-1.534866,180.5,0.1,4,269.34,19 / 21,197010,2019-09-06 19:23:22:753,-0.0623,0.0297,9.7206,0.001,-0.0038,9.8066,0.0048,-0.0176,-0.0116,4.13,-31.81,21.75,23.4,-84.57,-170.09
52.421345,-1.534866,180.5,0.1,4,269.34,19 / 21,197110,2019-09-06 19:23:22:853,0.1037,-0.2253,9.8145,0.0003,0.0002,9.8066,0.0235,-0.0027,-0.0015,3.63,-31.69,22.19,23.2,-84.56,-170.27
52.421345,-1.534866,180.5,0.1,4,269.34,19 / 21,197210,2019-09-06 19:23:22:953,-0.0397,-0.1735,9.9399,-0.0012,-0.0019,9.8066,0.0137,0.0115,-0.0045,3.19,-31.25,22.5,19.72,-84.55,-170.25
52.421345,-1.534866,180.5,0.1,4,269.34,19 / 21,197309,2019-09-06 19:23:23:052,0.0424,0.2692,9.9908,0.0005,-0.0014,9.8066,0.0065,0.0132,0.012,3.31,-31.25,22.13,20.22,-84.56,-170.25
52.421345,-1.534866,180.5,0.1,4,269.34,19 / 20,197410,2019-09-06 19:23:23:153,0.1358,-0.2332,9.7074,-0.0006,0.0031,9.8066,0.0049,0.0293,0.001,3.5,-31.25,21.69,23.22,-84.57,-170.14
52.421345,-1.534866,180.5,0.1,4,269.34,19 / 20,197510,2019-09-06 19:23:23:253,-0.0081,0.1464,10.059,0.0008,0.0026,9.8066,0.0045,0.0267,0.0157,3.5,-31.5,21.31,23.89,-84.57,-170.17
52.421345,-1.534866,180.5,0.1,4,269.34,19 / 20,197609,2019-09-06 19:23:23:352,0.0538,0.1427,10.0432,-0.0005,-0.0008,9.8066,0.0014,0.0345,0.0068,3.56,-31.31,22,23.23,-84.56,-170.14
52.421345,-1.534866,180.5,0.1,4,269.34,19 / 20,197710,2019-09-06 19:23:23:453,-0.1037,0.0679,9.7239,-0.0002,0.0009,9.8066,-0.0118,0.0131,0.0071,3.75,-31.37,22.38,23.11,-84.57,-170.24
52.421345,-1.534866,180.5,0.1,4,269.34,19 / 20,197810,2019-09-06 19:23:23:553,-0.0846,-0.2498,9.7586,0.0007,0.0005,9.8066,-0.0142,0.0172,0.0117,3.13,-30.69,22.19,20.21,-84.56,-170.26
52.421345,-1.534866,180.5,0.1,4,269.34,19 / 20,197910,2019-09-06 19:23:23:653,-0.1333,0.173,9.9101,-0.0008,-0.0001,9.8066,-0.0218,0.0031,-0.0022,3.19,-31.44,21.25,20.67,-84.57,-170.35
52.421345,-1.534866,180.5,0.1,4,269.34,19 / 20,198010,2019-09-06 19:23:23:753,-0.0513,0.1905,9.7726,0.0003,-0.0026,9.8066,-0.0236,-0.0105,0.0069,3.69,-31.37,21.69,23.03,-84.58,-170.31
52.421345,-1.534866,180.5,0.1,4,269.34,19 / 20,198110,2019-09-06 19:23:23:853,-0.054,-0.183,9.7168,-0.0012,-0.0033,9.8066,0.003,-0.0107,-0.0122,3.38,-31.12,21.69,20.11,-84.56,-170.35
52.421345,-1.534866,180.5,0.1,4,269.34,19 / 20,198209,2019-09-06 19:23:23:952,-0.1492,0.2289,9.9491,0.0001,0.0028,9.8066,0.0029,-0.0282,-0.0038,2.88,-31.31,22.44,20.2,-84.56,-170.27
52.421345,-1.534866,180.5,0.1,4,269.34,19 / 20,198309,2019-09-06 19:23:24:052,-0.0388,-0.1864,9.8656,-0.0012,0.0026,9.8066,0.0016,0.0219,0.0189,3.38,-31.19,22.06,20.39,-84.57,-170.1
52.421345,-1.534866,180.5,0.1,4,269.34,19 / 22,198409,2019-09-06 19:23:24:152,-0.0674,0.0786,9.7594,-0.0001,-0.003,9.8066,-0.0148,0.0212,0.0146,3.56,-31,21.63,23.13,-84.57,-170.23
52.421345,-1.534866,180.5,0.1,4,269.34,19 / 22,198510,2019-09-06 19:23:24:253,0.113,-0.1851,9.6732,0.0003,-0.0026,9.8066,-0.0144,0.0303,0.0081,3.88,-31.37,21.75,23.08,-84.57,-170.26
52.421345,-1.534866,180.5,0.1,4,269.34,19 / 22,198609,2019-09-06 19:23:24:352,0.0054,0.2468,10.0245,-0.0012,-0.0008,9.8066,-0.0162,0.0143,0.0267,3.5,-31,21.88,23.05,-84.57,-170.29
52.421345,-1.534866,180.5,0.1,4,269.34,19 / 22,198710,2019-09-06 19:23:24:453,0.0129,0.3165,9.9827,0.0001,-0.0006,9.8066,-0.0339,0.0284,0.0118,4.06,-31.25,21.69,23,-84.57,-170.34
52.421345,-1.534866,180.5,0.1,4,269.34,19 / 22,198809,2019-09-06 19:23:24:552,0.1306,-0.2117,9.6878,0.0001,0.0004,9.8065,-0.0047,0.0117,0.0126,3.81,-31.62,21.56,23.14,-84.56,-170.32
52.421345,-1.534866,180.5,0.1,4,269.34,19 / 22,198909,2019-09-06 19:23:24:652,-0.002,0.2422,10.0695,0.0018,0.0057,9.8066,0.0029,0.0205,0.0165,3.5,-31,22.19,22.76,-84.52,-170.58
52.421345,-1.534866,180.5,0.1,4,269.34,19 / 22,199009,2019-09-06 19:23:24:752,0.0567,-0.3421,9.7657,0.0006,0.0061,9.8066,0.0051,0.0173,0.0187,3.38,-30.75,21.25,20.47,-84.56,-170.53
52.421345,-1.534866,180.5,0.1,4,269.34,19 / 22,199109,2019-09-06 19:23:24:852,-0.1379,0.2682,9.9297,-0.0009,-0.0064,9.8066,-0.0285,-0.0009,0.0137,3.63,-30.81,22,22.85,-84.51,-170.51
52.421345,-1.534866,180.5,0.1,4,269.34,19 / 22,199210,2019-09-06 19:23:24:953,-0.0523,-0.1557,9.777,-0.0011,-0.006,9.8066,-0.0039,0.0159,0.0087,3.81,-31,21.88,22.82,-84.5,-170.54
52.421345,-1.534866,180.5,0.1,4,269.34,19 / 22,199309,2019-09-06 19:23:25:052,0.0679,0.2518,10.1082,0.0015,0.0041,9.8066,0.0019,-0.0066,0.0078,4.19,-30.94,21.81,22.77,-84.51,-170.58
52.421345,-1.534866,180.5,0.1,4,269.34,19 / 21,199410,2019-09-06 19:23:25:153,-0.073,0.0714,9.8671,0.0018,0.0061,9.8066,-0.0223,-0.0095,0.0076,3.88,-31.19,21.56,22.74,-84.53,-170.59
52.421345,-1.534866,180.5,0.1,4,269.34,19 / 21,199510,2019-09-06 19:23:25:253,-0.0146,0.2223,9.8045,-0.0022,-0.0055,9.8066,-0.034,-0.0076,-0.0083,3.63,-31.56,21.69,22.8,-84.48,-170.66
52.421345,-1.534866,180.5,0.1,4,269.34,19 / 21,199609,2019-09-06 19:23:25:352,0.1274,-0.193,9.6752,-0.0001,-0.0041,9.8066,-0.002,-0.0231,-0.0032,3.19,-31.31,21.81,19.76,-84.48,-170.69
52.421345,-1.534866,180.5,0.1,4,269.34,19 / 21,199710,2019-09-06 19:23:25:453,0.0121,0.0733,9.998,-0.0004,0.0048,9.8066,0.0085,-0.0211,-0.0101,3.69,-31,21.75,22.78,-84.5,-170.57
52.421345,-1.534866,180.5,0.1,4,269.34,19 / 21,199809,2019-09-06 19:23:25:552,0.0745,0.1049,10.0517,0.0002,0.004,9.8066,-0.0174,-0.0308,-0.0189,3.63,-31.44,22.13,22.82,-84.51,-170.53
52.421345,-1.534866,180.5,0.1,4,269.34,19 / 21,199910,2019-09-06 19:23:25:653,-0.1403,0.2084,9.799,0.0003,-0.003,9.8066,-0.0128,-0.0208,-0.0159,3.81,-30.69,21.88,22.93,-84.48,-170.45
52.421345,-1.534866,180.5,0.1,4,269.34,19 / 21,200009,2019-09-06 19:23:25:752,-0.0644,-0.1042,9.6569,-0.0002,0.002,9.8066,0.0255,-0.0252,-0.0212,4,-31.5,21.5,22.86,-84.49,-170.51
52.421345,-1.534866,180.5,0.1,4,269.34,19 / 21,200109,2019-09-06 19:23:25:852,-0.0252,0.0891,9.8159,0.0033,-0.0002,9.8066,0.228,-0.0265,-0.0278,3.44,-31.12,22.19,19.82,-84.49,-170.64
52.421345,-1.534866,180.5,0.1,4,269.34,19 / 21,200210,2019-09-06 19:23:25:953,0.0522,0.2435,9.8303,0.0017,-0.0126,9.8066,-0.0447,0.0117,-0.0011,3.5,-30.87,22,21.69,-83.96,-171.81
52.421345,-1.534866,180.5,0.1,4,269.34,19 / 21,200309,2019-09-06 19:23:26:052,-0.0746,0.1284,9.6818,0.0055,0.0139,9.8066,0.0181,0.0038,0.0054,3.25,-31.25,22.19,19.02,-84.15,-171.5
52.421345,-1.534866,180.5,0.1,4,269.34,19 / 21,200410,2019-09-06 19:23:26:153,0.2015,0.0989,9.8038,0.002,0.0095,9.8066,-0.0167,-0.007,0.0036,3.38,-31,21.88,19.05,-84.2,-171.45
52.421345,-1.534866,180.5,0.1,4,269.34,19 / 21,200510,2019-09-06 19:23:26:253,0.0616,-0.145,9.8054,0.0004,0.0039,9.8066,0.0001,-0.0099,-0.0053,3.5,-31.06,22.13,21.91,-84.26,-171.46
52.421345,-1.534866,180.5,0.1,4,269.34,19 / 21,200610,2019-09-06 19:23:26:353,-0.0726,-0.1212,9.9181,0.0016,0.0088,9.8066,0.0163,-0.0156,-0.0133,3.38,-31.69,22,19.1,-84.29,-171.44
52.421345,-1.534866,180.5,0.1,4,269.34,19 / 21,200710,2019-09-06 19:23:26:453,0.0246,-0.3099,9.8842,-0.002,0.0017,9.8066,0.036,-0.0245,-0.0064,3.81,-31.69,21.69,22.33,-84.33,-171.16
52.421345,-1.534866,180.5,0.1,4,269.34,19 / 21,200810,2019-09-06 19:23:26:553,0.0123,0.1817,10.1306,-0.0046,-0.0234,9.8065,-0.05,-0.0198,-0.0202,3.88,-31.12,21.5,22.52,-84.32,-170.9
52.421345,-1.534866,180.5,0.1,4,269.34,19 / 21,200909,2019-09-06 19:23:26:652,-0.1149,-0.0443,9.7514,-0.0021,-0.0142,9.8066,-0.0189,-0.0286,-0.0015,3.81,-30.94,21.69,22.47,-84.35,-170.92
52.421345,-1.534866,180.5,0.1,4,269.34,19 / 21,201009,2019-09-06 19:23:26:752,-0.0107,-0.2195,9.6704,0.0009,0.0057,9.8066,-0.0315,-0.0292,-0.0082,4,-31.37,22,22.55,-84.41,-170.83
52.421345,-1.534866,180.5,0.1,4,269.34,19 / 21,201110,2019-09-06 19:23:26:853,0.0446,0.6952,9.4937,0.0014,-0.0165,9.8066,-0.0267,0.0269,0.0157,4.06,-31.12,22.5,21.19,-84.25,-171.53
52.421345,-1.534866,180.5,0.1,4,269.34,19 / 21,201210,2019-09-06 19:23:26:953,0.1877,0.2758,9.4945,0.011,0.0482,9.8065,-0.075,0.0322,0.0205,3.63,-30.69,22.13,22.6,-84.62,-170.66
52.421345,-1.534866,180.5,0.1,4,269.34,19 / 21,201311,2019-09-06 19:23:27:054,-0.0685,-0.4501,9.9592,-0.0033,-0.0156,9.8065,0.0288,0.0333,0.0215,3.5,-30.75,22,22.61,-84.63,-170.65
52.421345,-1.534866,180.5,0.1,4,269.34,19 / 21,201410,2019-09-06 19:23:27:153,-0.0734,0.1884,9.875,-0.0032,-0.0116,9.8066,-0.0145,0.0381,0.0148,3.25,-31,21.63,19.68,-84.57,-170.72
52.421345,-1.534866,180.5,0.1,4,269.34,19 / 21,201510,2019-09-06 19:23:27:253,0.0271,-0.0468,9.6038,-0.003,-0.0111,9.8066,0.0369,0.0498,0.0169,3.75,-31.62,21.69,22.75,-84.54,-170.67
52.421345,-1.534866,180.5,0.1,4,269.34,19 / 21,201609,2019-09-06 19:23:27:352,0.0242,0.025,9.8591,0.0039,0.0101,9.8066,0.0045,0.0219,0.0171,3.88,-31.56,22.06,22.86,-84.4,-170.66
52.421345,-1.534866,180.5,0.1,4,269.34,19 / 21,201709,2019-09-06 19:23:27:452,-0.1477,-0.0232,9.8087,0.0019,0.0093,9.8066,-0.0114,0.0342,0.011,3.19,-31.31,22.19,19.84,-84.47,-170.63
52.421345,-1.534866,180.5,0.1,4,269.34,19 / 21,201809,2019-09-06 19:23:27:552,-0.0902,-0.1435,10.087,-0.0004,-0.0071,9.8066,0.0035,0.0172,0.0234,3.44,-31.06,21.88,19.8,-84.42,-170.69
52.421345,-1.534866,180.5,0.1,4,269.34,19 / 21,201910,2019-09-06 19:23:27:653,-0.0455,0.0068,9.6635,0.0002,-0.0071,9.8066,-0.0279,0.0179,0.0123,3.94,-31.56,21.69,22.6,-84.43,-170.86
52.421345,-1.534866,180.5,0.1,4,269.34,19 / 21,202009,2019-09-06 19:23:27:752,-0.1277,-0.1339,9.6601,0.0004,0.0008,9.8066,-0.02,0.005,0.008,3.44,-31.06,22.25,19.52,-84.43,-170.92
52.421345,-1.534866,180.5,0.1,4,269.34,19 / 21,202110,2019-09-06 19:23:27:853,-0.0367,-0.1988,9.8817,-0.0002,-0.0004,9.8066,-0.0162,-0.0082,0.0125,3.69,-31.5,21.94,22.55,-84.43,-170.81
52.421345,-1.534866,180.5,0.1,4,269.34,19 / 21,202210,2019-09-06 19:23:27:953,-0.0378,-0.1553,9.9586,-0.0019,-0.0029,9.8066,-0.0019,-0.0109,-0.0139,3.19,-30.94,21.88,19.67,-84.42,-170.8
52.421345,-1.534866,180.5,0.1,4,269.34,19 / 21,202310,2019-09-06 19:23:28:053,-0.1095,0.248,10.0222,0.001,0.0054,9.8066,0.0008,-0.021,-0.0019,3.31,-30.87,22,19.7,-84.45,-170.76
52.421345,-1.534866,180.5,0.1,4,269.34,19 / 21,202409,2019-09-06 19:23:28:152,-0.0052,-0.2921,9.7969,0.0023,0.0037,9.8065,0.0031,0.0233,0.0096,4,-31.19,22.19,22.54,-84.46,-170.81
52.421345,-1.534866,180.5,0.1,4,269.34,19 / 21,202510,2019-09-06 19:23:28:253,0.0553,0.0511,10.0232,-0.0022,-0.0026,9.8066,-0.0151,-0.0297,-0.0238,3.88,-31.81,21.75,22.89,-84.45,-170.61
52.421345,-1.534866,180.5,0.1,4,269.34,19 / 21,202609,2019-09-06 19:23:28:352,0.0028,0.2388,10.0869,-0.0012,-0.0004,9.8066,0.0225,-0.0398,-0.0068,3.75,-31.25,21.38,23.68,-84.44,-170.44
52.421345,-1.534866,180.5,0.1,4,269.34,19 / 21,202710,2019-09-06 19:23:28:453,-0.005,0.0524,9.8296,-0.0006,0.0015,9.8066,0.0146,-0.0224,-0.0255,4.06,-30.69,22,23.1,-84.45,-170.32
52.421345,-1.534866,180.5,0.1,4,269.34,19 / 21,202810,2019-09-06 19:23:28:553,-0.0697,-0.3423,9.6987,0.0016,0.0015,9.8066,-0.0042,-0.0307,-0.0129,3.69,-31.44,22.31,23.01,-84.45,-170.39
52.421345,-1.534866,180.5,0.1,4,269.34,19 / 21,202910,2019-09-06 19:23:28:653,-0.0739,-0.0388,10.0048,0.0001,-0.0012,9.8066,-0.0068,-0.0121,-0.0175,4.13,-30.81,22.06,23.01,-84.44,-170.4
52.421345,-1.534866,180.5,0.1,4,269.34,19 / 21,203009,2019-09-06 19:23:28:752,0.027,0.2155,9.9651,-0.0006,-0.0015,9.8066,0.0234,-0.0084,-0.0177,4.13,-31,21.56,22.95,-84.46,-170.44
52.421345,-1.534866,180.5,0.1,4,269.34,19 / 21,203110,2019-09-06 19:23:28:853,-0.1408,-0.2611,9.6632,0.0011,0.0016,9.8066,0.0379,-0.007,-0.0009,3.75,-31.06,21.69,23.02,-84.46,-170.38
52.421345,-1.534866,180.5,0.1,4,269.34,19 / 21,203209,2019-09-06 19:23:28:952,-0.031,-0.2151,9.8944,-0.0009,0.0002,9.8066,-0.0237,-0.0049,0.0048,4,-30.94,22,23.05,-84.45,-170.36
52.421345,-1.534866,180.5,0.1,4,269.34,19 / 21,203310,2019-09-06 19:23:29:053,-0.0686,0.1759,9.8164,-0.0001,0.001,9.8066,0.0069,-0.0107,-0.0086,3.75,-31.19,21.88,23.08,-84.47,-170.33
52.421345,-1.534866,180.5,0.1,4,269.34,19 / 20,203409,2019-09-06 19:23:29:152,0.0414,-0.0529,9.9598,0.0004,0.0035,9.8066,0.0092,0.0239,0.0016,4.06,-31.19,22,23.02,-84.46,-170.38
52.421345,-1.534866,180.5,0.1,4,269.34,19 / 20,203510,2019-09-06 19:23:29:253,0.0037,0.1428,9.9901,-0.0002,-0.0024,9.8066,-0.0163,-0.0234,-0.0058,3.63,-31.37,21.81,22.94,-84.48,-170.44
52.421345,-1.534866,180.5,0.1,4,269.34,19 / 20,203609,2019-09-06 19:23:29:352,-0.018,-0.4276,9.7234,-0.0002,0.0005,9.8066,-0.0331,-0.0197,-0.0152,4.19,-30.75,22,22.94,-84.48,-170.45
52.421345,-1.534866,180.5,0.1,4,269.34,19 / 20,203710,2019-09-06 19:23:29:453,0.0868,-0.1919,9.6993,-0.0003,-0.0003,9.8066,0.004,-0.0267,-0.0098,3.44,-31.37,21.69,20.01,-84.47,-170.48
52.421345,-1.534866,180.5,0.1,4,269.34,19 / 20,203810,2019-09-06 19:23:29:553,-0.0411,0.1969,9.9884,0.0009,0.0023,9.8066,0.0037,-0.02,-0.0157,3.75,-31.19,21.75,22.86,-84.49,-170.51
52.421345,-1.534866,180.5,0.1,4,269.34,19 / 20,203910,2019-09-06 19:23:29:653,-0.0531,-0.0907,9.6911,0.0005,-0.0008,9.8066,-0.0001,-0.0352,-0.01,3.25,-31.19,22.06,19.91,-84.47,-170.57
52.421345,-1.534866,180.5,0.1,4,269.34,19 / 20,204009,2019-09-06 19:23:29:752,-0.1092,0.1026,10.0695,-0.0003,-0.0021,9.8066,-0.0158,-0.0304,-0.0097,3.31,-31.31,21.63,19.84,-84.47,-170.63
52.421345,-1.534866,180.5,0.1,4,269.34,19 / 20,204110,2019-09-06 19:23:29:853,-0.0393,0.1071,10.0549,0.0008,0.0029,9.8066,0.0095,-0.0224,-0.021,4,-30.94,21.94,22.83,-84.49,-170.54
52.421345,-1.534866,180.5,0.1,4,269.34,19 / 20,204210,2019-09-06 19:23:29:953,-0.11,0.1944,10.0282,0.0019,0.0043,9.8066,0.015,-0.0356,-0.0136,3.63,-31.12,21.69,22.72,-84.49,-170.63
52.421345,-1.534866,180.5,0.1,4,269.34,19 / 20,204310,2019-09-06 19:23:30:053,0.0185,-0.2307,9.7015,-0.0016,-0.0051,9.8066,-0.0132,-0.0289,-0.0169,3.88,-31.44,21.94,22.68,-84.49,-170.66
52.421345,-1.534866,180.5,0.1,4,269.34,19 / 21,204410,2019-09-06 19:23:30:153,-0.0857,-0.0246,9.6193,0.0001,0.0019,9.8066,-0.0159,-0.0361,-0.0141,3.56,-31.12,22.13,22.73,-84.46,-170.64
52.421345,-1.534866,180.5,0.1,4,269.34,19 / 21,204509,2019-09-06 19:23:30:252,0.12,-0.2278,9.8168,-0.0002,0.0024,9.8066,0.0185,-0.0375,-0.0119,3.5,-30.87,21.94,22.78,-84.46,-170.59
52.421345,-1.534866,180.5,0.1,4,269.34,19 / 21,204609,2019-09-06 19:23:30:352,-0.0223,0.2409,10.0786,0.0013,0.0036,9.8066,0.014,-0.0224,-0.0242,3.19,-31.06,22.19,19.85,-84.47,-170.62
52.421345,-1.534866,180.5,0.1,4,269.34,19 / 21,204710,2019-09-06 19:23:30:453,-0.1461,0.1543,9.8667,-0.0015,-0.0035,9.8066,0.0192,-0.0371,-0.0075,3.75,-31.12,21.63,22.76,-84.45,-170.62
52.421345,-1.534866,180.5,0.1,4,269.34,19 / 21,204809,2019-09-06 19:23:30:552,-0.0904,0.1145,9.7459,-0.0008,-0.0035,9.8066,-0.0073,-0.0243,-0.0208,3.38,-30.62,21.44,20.74,-84.47,-170.34
52.421345,-1.534866,180.5,0.1,4,269.34,19 / 21,204909,2019-09-06 19:23:30:652,-0.0239,-0.0688,9.729,-0.0014,-0.0035,9.8066,0.0268,-0.0241,-0.0212,3.94,-31.19,22.13,23.03,-84.44,-170.39
52.421345,-1.534866,180.5,0.1,4,269.34,19 / 21,205009,2019-09-06 19:23:30:752,-0.0947,0.267,9.9933,0.0018,0.0017,9.8066,0.0292,-0.0197,-0.0123,3.69,-30.69,22.06,22.98,-84.46,-170.42
52.421345,-1.534866,180.5,0.1,4,269.34,19 / 21,205110,2019-09-06 19:23:30:853,-0.0149,-0.2755,9.7903,-0.0003,0.0006,9.8066,0.0167,-0.0085,-0.0128,3.69,-30.94,21.75,22.96,-84.45,-170.44
52.421345,-1.534866,180.5,0.1,4,269.34,19 / 21,205210,2019-09-06 19:23:30:953,-0.0264,-0.119,9.8394,-0.0007,-0.0017,9.8065,0.0001,-0.0142,-0.0042,3.63,-30.87,22,22.95,-84.45,-170.45
52.421345,-1.534866,180.5,0.1,4,269.34,19 / 21,205309,2019-09-06 19:23:31:052,0.0433,0.2641,10.1186,0.0005,0.0006,9.8066,0.0346,-0.0037,-0.0048,3.81,-30.75,21.63,23.02,-84.45,-170.39
52.421345,-1.534866,180.5,0.1,4,269.34,19 / 20,205410,2019-09-06 19:23:31:153,-0.0236,-0.0037,9.8924,-0.0009,-0.0026,9.8066,0.018,0.0039,-0.0041,3.63,-30.75,22.31,22.85,-84.43,-170.55
52.421345,-1.534866,180.5,0.1,4,269.34,19 / 20,205509,2019-09-06 19:23:31:252,0.0458,-0.2789,9.8758,0.0003,-0.0022,9.8066,0.0105,0.0047,0.0048,3.88,-31.25,21.75,22.83,-84.44,-170.56
52.421345,-1.534866,180.5,0.1,4,269.34,19 / 20,205609,2019-09-06 19:23:31:352,0.1421,-0.0474,9.9625,-0.0005,0.0022,9.8066,-0.0016,0.0272,-0.0029,3.19,-30.94,21.75,19.89,-84.45,-170.59
52.421345,-1.534866,180.5,0.1,4,269.34,19 / 20,205710,2019-09-06 19:23:31:453,0.0095,-0.0629,9.7639,0.001,0.0003,9.8066,0.0157,0.0138,0.0096,4.25,-31.75,21.94,22.81,-84.45,-170.66
52.421345,-1.534866,180.5,0.1,4,269.34,19 / 20,205809,2019-09-06 19:23:31:552,0.0076,-0.3049,9.8147,0.0002,-0.0023,9.8066,0.0029,0.0388,0.0094,4.13,-30.87,21.94,22.65,-84.43,-170.72
52.421345,-1.534866,180.5,0.1,4,269.34,19 / 20,205910,2019-09-06 19:23:31:653,-0.0795,0.1604,9.8398,-0.0012,-0.0027,9.8066,-0.0083,0.0314,0.0106,3.69,-31.06,21.63,22.71,-84.43,-170.67
52.421345,-1.534866,180.5,0.1,4,269.34,19 / 20,206009,2019-09-06 19:23:31:752,-0.0718,-0.1229,9.6728,-0.0008,0.0002,9.8066,-0.0071,0.0275,0.0191,4.25,-30.87,21.75,22.8,-84.42,-170.6
52.421345,-1.534866,180.5,0.1,4,269.34,19 / 20,206110,2019-09-06 19:23:31:853,0.0984,0.0091,10.0049,0,0.0006,9.8066,-0.0178,0.0271,0.0081,3.56,-31.19,22.25,22.82,-84.41,-170.59
52.421345,-1.534866,180.5,0.1,4,269.34,19 / 20,206209,2019-09-06 19:23:31:952,-0.1266,0.28,10.0009,0.0012,-0.0017,9.8066,-0.0167,0.013,0.021,3.25,-31.12,21.69,19.89,-84.42,-170.61
52.421345,-1.534866,180.5,0.1,4,269.34,19 / 20,206309,2019-09-06 19:23:32:052,-0.0871,0.0749,9.7041,-0.0015,-0.0026,9.8066,-0.0015,0.0217,0.0127,3.44,-31.37,21.81,19.85,-84.41,-170.65
52.421345,-1.534866,180.5,0.1,4,269.34,19 / 21,206410,2019-09-06 19:23:32:153,0.1199,-0.1767,9.7456,0.0005,0.0045,9.8066,-0.0122,0.0105,0.0067,4.19,-31.31,21.56,22.92,-84.43,-170.49
52.421345,-1.534866,180.5,0.1,4,269.34,19 / 21,206509,2019-09-06 19:23:32:252,0.01,-0.2631,9.917,0.0018,0.0082,9.8066,-0.0342,-0.0045,0.0105,3.69,-31.69,21.75,23.06,-84.45,-170.46
52.421345,-1.534866,180.5,0.1,4,269.34,19 / 21,206610,2019-09-06 19:23:32:353,0.0646,0.3459,9.8745,0.0003,0.0056,9.8066,-0.0574,0.0024,-0.0066,3.5,-31.56,22.06,23.12,-84.44,-170.4
52.421345,-1.534866,180.5,0.1,4,269.34,19 / 21,206709,2019-09-06 19:23:32:452,0.102,-0.1172,9.5885,-0.001,0.0026,9.8066,-0.0296,-0.0113,0.0134,3.81,-31.5,21.88,23.21,-84.46,-170.22
52.421345,-1.534866,180.5,0.1,4,269.34,19 / 21,206809,2019-09-06 19:23:32:552,0.0255,0.3304,10.1035,0.0007,0.0016,9.8066,-0.007,0.0005,-0.0106,3.44,-31.87,22.13,20.38,-84.46,-170.25
52.421345,-1.534866,180.5,0.1,4,269.34,19 / 21,206910,2019-09-06 19:23:32:653,-0.1325,0.0475,9.7921,0.0008,-0.0008,9.8065,0.0018,-0.0221,-0.0011,3.94,-31.19,21.88,23.25,-84.46,-170.18
52.421345,-1.534866,180.5,0.1,4,269.34,19 / 21,207009,2019-09-06 19:23:32:752,0.0398,-0.3564,9.6858,-0.001,-0.0008,9.8066,-0.0272,-0.0197,-0.0024,3.69,-31.75,22.06,23.4,-84.46,-170.15
52.421345,-1.534866,180.5,0.1,4,269.34,19 / 21,207109,2019-09-06 19:23:32:852,-0.0896,-0.2683,9.6695,-0.0006,0.0011,9.8066,-0.0232,-0.0206,-0.0098,3.63,-30.75,21.63,23.34,-84.47,-170.1
52.421345,-1.534866,180.5,0.1,4,269.34,19 / 21,207210,2019-09-06 19:23:32:953,0.103,0.0125,10.02,0.0007,-0.0008,9.8066,0.0023,-0.0309,-0.0066,3.88,-31,21.31,24.14,-84.48,-170.02
52.421345,-1.534866,180.5,0.1,4,269.34,19 / 21,207309,2019-09-06 19:23:33:052,0.0274,0.2901,10.0747,0.0007,-0.0016,9.8066,-0.0038,-0.0243,-0.0245,3,-31.31,21.19,20.95,-84.49,-170.14
52.421345,-1.534866,180.5,0.1,4,269.34,19 / 21,207410,2019-09-06 19:23:33:153,-0.0571,0.0181,9.6431,-0.0003,-0.0028,9.8066,-0.0186,-0.0293,-0.012,3.81,-31.25,21.19,23.99,-84.48,-170.15
52.421345,-1.534866,180.5,0.1,4,269.34,19 / 21,207510,2019-09-06 19:23:33:253,0.113,-0.232,9.8442,0.0004,0.005,9.8066,-0.0183,-0.0257,-0.0184,3.25,-31.19,21.81,20.36,-84.5,-170.16
52.421345,-1.534866,180.5,0.1,4,269.34,19 / 21,207609,2019-09-06 19:23:33:352,-0.006,0.2158,10.0761,0.0017,0.0055,9.8066,0.0261,-0.0265,-0.0284,3.38,-31.44,21.75,20.29,-84.51,-170.21
52.421345,-1.534866,180.5,0.1,4,269.34,19 / 21,207710,2019-09-06 19:23:33:453,0.0493,0.2321,10.0496,-0.0021,-0.0062,9.8066,-0.0231,-0.0246,-0.0151,3.94,-31.44,21.31,23.84,-84.51,-170.26
52.421345,-1.534866,180.5,0.1,4,269.34,19 / 21,207810,2019-09-06 19:23:33:553,-0.0674,0.2226,9.7372,-0.0006,-0.0065,9.8066,-0.0183,-0.0109,-0.0175,3.56,-31.06,22,23.1,-84.47,-170.31
52.421345,-1.534866,180.5,0.1,4,269.34,19 / 21,207909,2019-09-06 19:23:33:652,-0.0464,-0.1097,9.7231,0.0021,0.004,9.8066,0.024,-0.0224,-0.0186,3.88,-30.87,21.63,23.2,-84.49,-170.21
52.421345,-1.534866,180.5,0.1,4,269.34,19 / 21,208010,2019-09-06 19:23:33:753,0.1046,0.0838,10.0685,0.0001,0.0045,9.8066,0.0336,-0.0192,-0.0065,3.38,-30.94,21.56,20.41,-84.49,-170.12
52.421345,-1.534866,180.5,0.1,4,269.34,19 / 21,208110,2019-09-06 19:23:33:853,-0.1487,0.202,9.8788,-0.0007,-0.0034,9.8066,-0.0038,-0.0032,-0.015,3.56,-31.19,22.06,23.27,-84.49,-170.14
52.421345,-1.534866,180.5,0.1,4,269.34,19 / 21,208210,2019-09-06 19:23:33:953,-0.0389,0,9.628,-0.0019,-0.006,9.8066,0.0104,-0.0132,0.0001,3.5,-30.94,21.69,23.31,-84.46,-170.13
52.421345,-1.534866,180.5,0.1,4,269.34,19 / 21,208310,2019-09-06 19:23:34:053,0.1334,-0.12,9.899,0.0006,0.0067,9.8066,-0.0044,0.0168,-0.009,3.06,-31.44,21.75,20.48,-84.47,-170.07
52.421345,-1.534866,180.5,0.1,4,269.34,19 / 21,208409,2019-09-06 19:23:34:152,0.0059,0.2248,10.0466,0.002,0.0005,9.8066,0.0226,0.0121,0.0029,3.94,-31.06,21.88,23.63,-84.51,-169.82
52.421345,-1.534866,180.5,0.1,4,269.34,19 / 21,208510,2019-09-06 19:23:34:253,0.0068,0.2767,10.0108,0.0016,0.0002,9.8066,0.0036,0.0175,0.0156,3.44,-31.44,22.13,20.73,-84.51,-169.83
52.421345,-1.534866,180.5,0.1,4,269.34,19 / 21,208610,2019-09-06 19:23:34:353,0.1781,-0.1781,9.7263,-0.0019,-0.0006,9.8066,-0.0157,0.0362,0.0068,3.69,-31.56,21.88,23.58,-84.51,-169.96
52.421345,-1.534866,180.5,0.1,4,269.34,19 / 21,208710,2019-09-06 19:23:34:453,-0.0377,0.1824,9.9331,0.0013,0.0012,9.8066,0.0047,0.0232,0.0161,3.81,-30.87,21.69,23.57,-84.51,-169.88
52.421345,-1.534866,180.5,0.1,4,269.34,19 / 21,208810,2019-09-06 19:23:34:553,-0.0055,-0.3724,9.8183,-0.0004,-0.0013,9.8066,-0.0257,-0.0261,-0.0187,3.75,-31.19,22.06,23.56,-84.5,-169.89
52.421345,-1.534866,180.5,0.1,4,269.34,19 / 21,208909,2019-09-06 19:23:34:652,-0.0732,0.1386,9.7852,-0.0005,0.0025,9.8066,-0.0069,-0.0247,-0.0177,3.69,-31.37,22.06,23.64,-84.49,-169.82
52.421345,-1.534866,180.5,0.1,4,269.34,19 / 21,209009,2019-09-06 19:23:34:752,-0.0099,-0.1208,9.9269,0.0005,0.0044,9.8066,-0.0137,-0.0307,-0.0139,3.69,-31.44,21.56,23.69,-84.48,-169.78
52.421345,-1.534866,180.5,0.1,4,269.34,19 / 21,209110,2019-09-06 19:23:34:853,-0.1112,0.0563,9.8173,-0.0017,-0.0027,9.8066,0.0252,-0.0239,-0.0125,3.88,-31.19,22.06,23.71,-84.48,-169.76
52.421345,-1.534866,180.5,0.1,4,269.34,19 / 21,209210,2019-09-06 19:23:34:953,0.0665,-0.2583,9.7204,-0.0011,-0.0052,9.8065,0.0003,-0.0205,-0.0227,3.25,-31,21.69,20.79,-84.46,-169.81
52.421345,-1.534866,180.5,0.1,4,269.34,19 / 21,209309,2019-09-06 19:23:35:052,-0.0553,-0.1815,9.7095,-0.0016,-0.0038,9.8066,-0.0002,-0.0296,-0.0129,4.13,-30.87,21.5,23.79,-84.45,-169.71
52.421345,-1.534866,180.5,0.1,4,269.34,18 / 22,209410,2019-09-06 19:23:35:153,0.0505,0.0766,10.0203,0.0013,0.0039,9.8066,0.0317,-0.0189,-0.012,3.69,-30.44,21.75,23.61,-84.46,-169.77
52.421345,-1.534866,180.5,0.1,4,269.34,18 / 22,209510,2019-09-06 19:23:35:253,0.0188,0.1555,9.9857,0.0024,0.0057,9.8066,0.03,-0.0144,-0.0144,3.13,-31,21.81,20.82,-84.49,-169.77
52.421345,-1.534866,180.5,0.1,4,269.34,18 / 22,209610,2019-09-06 19:23:35:353,0.0525,-0.3385,9.8554,-0.0023,-0.0033,9.8066,-0.0005,-0.0049,-0.0025,3.81,-30.81,21.88,23.7,-84.46,-169.79
52.421345,-1.534866,180.5,0.1,4,269.34,18 / 22,209710,2019-09-06 19:23:35:453,0.1165,-0.1701,9.8317,0.0014,0.0048,9.8066,0.0088,0.0011,-0.0065,3.94,-31.12,21.19,24.43,-84.47,-169.77
52.421345,-1.534866,180.5,0.1,4,269.34,18 / 22,209810,2019-09-06 19:23:35:553,-0.0272,0.2186,10.062,0.0004,0.0079,9.8066,0.0213,0.0106,-0.0004,2.94,-31.25,21.94,20.96,-84.51,-169.63
52.421345,-1.534866,180.5,0.1,4,269.34,18 / 22,209909,2019-09-06 19:23:35:652,-0.0606,-0.3825,9.7345,0.0014,0.0066,9.8066,0.0208,0.0128,0.0016,3.94,-31.44,21.81,23.84,-84.52,-169.63
52.421345,-1.534866,180.5,0.1,4,269.34,18 / 22,210010,2019-09-06 19:23:35:753,-0.0639,0.0048,10.045,-0.0006,-0.0043,9.8066,-0.0047,0.0343,0.0074,3.56,-31.31,21.81,23.83,-84.49,-169.65
52.421345,-1.534866,180.5,0.1,4,269.34,18 / 22,210109,2019-09-06 19:23:35:852,-0.0635,0.0735,9.6639,0.001,0.0034,9.8066,0.0034,0.0263,0.0185,3.38,-31.19,21.69,20.84,-84.52,-169.73
52.421345,-1.534866,180.5,0.1,4,269.34,18 / 22,210209,2019-09-06 19:23:35:952,-0.0856,-0.2324,9.6907,0.0002,0.0036,9.8066,-0.0107,0.0369,0.0099,3.19,-31.37,21.5,20.86,-84.53,-169.71
52.421345,-1.534866,180.5,0.1,4,269.34,18 / 20,210309,2019-09-06 19:23:36:052,-0.0191,-0.3409,9.9275,-0.0023,-0.0073,9.8066,-0.0048,0.0222,0.0191,3.5,-31.12,21.63,23.74,-84.54,-169.71
52.421345,-1.534866,180.5,0.1,4,269.34,18 / 20,210410,2019-09-06 19:23:36:153,-0.0005,0.2906,9.8612,0.0042,-0.0003,9.8066,0.0007,0.0312,0.0219,3.88,-31.44,21.31,24.77,-84.52,-169.44
52.421345,-1.534866,180.5,0.1,4,269.34,18 / 20,210510,2019-09-06 19:23:36:253,0.1104,-0.1184,9.5768,-0.0011,0.0024,9.8066,-0.0155,0.032,0.0107,4.06,-31.06,21.94,23.68,-84.51,-169.77
52.421345,-1.534866,180.5,0.1,4,269.34,18 / 20,210609,2019-09-06 19:23:36:352,-0.0348,-0.2691,9.7412,0.0006,0.0035,9.8066,-0.0072,0.0172,0.0227,3.75,-31.19,21.88,23.74,-84.52,-169.72
52.421345,-1.534866,180.5,0.1,4,269.34,18 / 20,210709,2019-09-06 19:23:36:452,-0.084,0.2981,10.0987,-0.0006,-0.0033,9.8066,-0.0106,0.0327,0.0119,3.5,-31.06,21.69,23.66,-84.48,-169.81
52.421345,-1.534866,180.5,0.1,4,269.34,18 / 20,210810,2019-09-06 19:23:36:553,0.0883,-0.2349,9.5864,-0.0001,-0.0037,9.8066,-0.0123,0.028,0.011,3.31,-31.62,21.38,21.37,-84.49,-169.88
52.421345,-1.534866,180.5,0.1,4,269.34,18 / 20,210909,2019-09-06 19:23:36:652,-0.0237,-0.142,9.927,0.0032,0.0017,9.8066,-0.0084,0.0286,0.0262,3.94,-30.69,21.56,23.37,-84.5,-170.06
52.421345,-1.534866,180.5,0.1,4,269.34,18 / 20,211010,2019-09-06 19:23:36:753,-0.0422,0.2831,10.0753,-0.0008,0.0027,9.8066,-0.0178,0.0454,0.0141,3.69,-30.56,21.56,23.42,-84.5,-170.01
52.421345,-1.534866,180.5,0.1,4,269.34,18 / 20,211110,2019-09-06 19:23:36:853,0.0196,-0.3123,9.7265,-0.0009,-0.0052,9.8066,-0.0158,0.0207,0.0197,3.63,-31.37,21.69,23.4,-84.5,-170.02
52.421345,-1.534866,180.5,0.1,4,269.34,18 / 20,211209,2019-09-06 19:23:36:952,-0.0735,-0.2345,9.6407,-0.0014,-0.0041,9.8066,-0.0083,0.0267,0.0163,3.63,-30.94,21.63,23.4,-84.46,-170.05
52.421345,-1.534866,180.5,0.1,4,269.34,18 / 20,211309,2019-09-06 19:23:37:052,0.0769,0.077,10.0211,0.0006,0.003,9.8066,-0.0076,0.0189,0.0192,3.19,-30.94,21.06,20.97,-84.49,-170.13
52.421345,-1.534866,180.5,0.1,4,269.34,18 / 20,211409,2019-09-06 19:23:37:152,-0.0279,-0.1785,9.7245,0.0005,0.0055,9.8066,-0.0357,0.0142,0.016,3.56,-31.25,21.56,23.36,-84.49,-170.07
52.421345,-1.534866,180.5,0.1,4,269.34,18 / 20,211510,2019-09-06 19:23:37:253,-0.0893,-0.4542,9.7064,-0.0015,-0.0057,9.8066,-0.04,0.0266,0.0112,3.94,-31.25,21.25,24.09,-84.48,-170.06
52.421345,-1.534866,180.5,0.1,4,269.34,18 / 20,211609,2019-09-06 19:23:37:352,0.1458,-0.2144,9.7187,-0.0006,-0.0053,9.8066,-0.0131,0.016,0.013,3.5,-31.37,22,23.24,-84.46,-170.2
52.421345,-1.534866,180.5,0.1,4,269.34,18 / 20,211710,2019-09-06 19:23:37:453,0.0197,0.1694,10.0694,0.0025,0.0054,9.8066,-0.0058,0.0156,0.0113,3.75,-31.69,21.56,23.38,-84.49,-170.15
52.421345,-1.534866,180.5,0.1,4,269.34,18 / 20,211809,2019-09-06 19:23:37:552,-0.1361,0.2018,9.9982,0.0011,0.0052,9.8066,-0.0424,0.0142,0.0039,3.94,-31.19,21.94,23.21,-84.49,-170.2
52.421345,-1.534866,180.5,0.1,4,269.34,18 / 20,211910,2019-09-06 19:23:37:653,-0.0633,-0.3629,9.8391,-0.001,-0.0057,9.8066,-0.0356,-0.0028,0.0175,3.56,-31.06,21.44,24.02,-84.49,-170.12
52.421345,-1.534866,180.5,0.1,4,269.34,18 / 20,212009,2019-09-06 19:23:37:752,-0.0237,-0.1273,9.8871,-0.0015,-0.0053,9.8066,-0.0034,0.0068,-0.0019,3.31,-31.5,21.44,20.94,-84.46,-170.18
52.421345,-1.534866,180.5,0.1,4,269.34,18 / 20,212110,2019-09-06 19:23:37:853,0.1429,-0.1523,9.6097,0.0004,0.0065,9.8066,0.0027,-0.014,-0.0021,3.38,-31.19,21.31,21.07,-84.49,-170.04
52.421345,-1.534866,180.5,0.1,4,269.34,18 / 20,212209,2019-09-06 19:23:37:952,0.0135,0.2451,10.0751,0.0023,-0.0007,9.8066,-0.0001,-0.0067,-0.0122,3.88,-31.25,22,23.4,-84.48,-170.04
52.421345,-1.534866,180.5,0.1,4,269.34,18 / 20,212310,2019-09-06 19:23:38:053,0.0192,0.3073,10.0309,-0.0004,-0.003,9.8066,-0.0254,-0.0169,-0.0082,3.81,-31.31,21.94,23.23,-84.47,-170.19
52.421345,-1.534866,180.5,0.1,4,269.34,18 / 20,212410,2019-09-06 19:23:38:153,0.0777,-0.3196,9.6921,-0.0007,0.0015,9.8066,0.004,-0.0284,-0.0115,3.25,-31.12,21.56,20.34,-84.48,-170.19
52.421345,-1.534866,180.5,0.1,4,269.34,18 / 20,212509,2019-09-06 19:23:38:252,0.0803,0.2576,10.071,0,-0.0028,9.8066,0.0149,-0.0225,-0.0164,3.56,-30.81,21.44,23.82,-84.46,-170.31
52.421345,-1.534866,180.5,0.1,4,269.34,18 / 20,212610,2019-09-06 19:23:38:353,-0.1012,0.2331,9.8954,-0.0006,0.0014,9.8066,0.0047,-0.0411,-0.0127,3.5,-31.37,21.63,23.15,-84.47,-170.27
52.421345,-1.534866,180.5,0.1,4,269.34,18 / 20,212709,2019-09-06 19:23:38:452,0.1088,-0.1269,9.6421,-0.0012,-0.0038,9.8066,-0.003,-0.0279,-0.0143,4.13,-30.62,21.69,23.17,-84.46,-170.25
52.421345,-1.534866,180.5,0.1,4,269.34,18 / 20,212810,2019-09-06 19:23:38:553,-0.0681,-0.1357,9.9087,0.0015,0.0041,9.8066,-0.0058,-0.0289,-0.0132,3.5,-30.94,21.5,23.2,-84.47,-170.22
52.421345,-1.534866,180.5,0.1,4,269.34,18 / 20,212909,2019-09-06 19:23:38:652,-0.0864,0.2275,10.0917,-0.0009,-0.0054,9.8066,0.0292,-0.0255,-0.0141,3.88,-31.37,21.63,23.18,-84.46,-170.24
52.421345,-1.534866,180.5,0.1,4,269.34,18 / 20,213010,2019-09-06 19:23:38:753,0.0254,-0.0934,9.7258,-0.0005,-0.0037,9.8066,0.0181,-0.0085,-0.0175,3.75,-30.81,21.75,23.1,-84.44,-170.33
52.421345,-1.534866,180.5,0.1,4,269.34,18 / 20,213110,2019-09-06 19:23:38:853,-0.0683,-0.0117,9.7127,-0.0022,-0.0048,9.8066,0.0104,-0.0119,0.0005,3.94,-31.19,21.81,23.32,-84.44,-170.13
52.421345,-1.534866,180.5,0.1,4,269.34,18 / 20,213209,2019-09-06 19:23:38:952,0.1721,-0.0371,9.9161,0.0004,0.0047,9.8066,0.0185,0.0059,-0.0024,3.56,-31,21.94,23.3,-84.45,-170.15
52.421345,-1.534866,180.5,0.1,4,269.34,18 / 20,213310,2019-09-06 19:23:39:053,0.0142,0.2303,10.0179,0.0017,0.0057,9.8066,0.0142,0.0102,0.0042,3.31,-31.44,21.5,20.48,-84.48,-170.06
52.421345,-1.534866,180.5,0.1,4,269.34,18 / 20,213409,2019-09-06 19:23:39:152,-0.0312,0.0576,9.7227,0.0025,0.0021,9.8066,0.0035,0.0199,0.019,3.19,-31,21.81,20.3,-84.5,-170.22
52.421345,-1.534866,180.5,0.1,4,269.34,18 / 20,213509,2019-09-06 19:23:39:252,0.1049,-0.2172,9.8335,-0.0011,-0.0006,9.8066,-0.001,0.03,0.0025,3.81,-31.19,21.5,23.11,-84.49,-170.29
52.421345,-1.534866,180.5,0.1,4,269.34,18 / 20,213609,2019-09-06 19:23:39:352,-0.021,0.1424,10.1036,0.0009,-0.0023,9.8066,-0.0114,0.0242,0.0179,4.25,-31.25,21.5,22.95,-84.47,-170.44
52.421345,-1.534866,180.5,0.1,4,269.34,18 / 20,213709,2019-09-06 19:23:39:452,0.0781,0.1323,9.9761,0.0011,-0.0034,9.8066,-0.0044,0.0368,0.0236,3.5,-31.06,21.63,22.79,-84.47,-170.58
52.421345,-1.534866,180.5,0.1,4,269.34,18 / 20,213810,2019-09-06 19:23:39:553,-0.1558,0.2173,9.7855,-0.0016,-0.0059,9.8066,-0.0008,0.0349,0.0057,3.25,-31.19,21.19,20.39,-84.45,-170.65
52.421345,-1.534866,180.5,0.1,4,269.34,18 / 20,213910,2019-09-06 19:23:39:653,-0.0516,-0.112,9.8819,0.0022,0.0058,9.8066,0.0073,0.033,0.0216,3.88,-30.94,21.81,22.77,-84.45,-170.61
52.421345,-1.534866,180.5,0.1,4,269.34,18 / 20,214010,2019-09-06 19:23:39:753,-0.1639,0.0596,9.9116,0.0005,0.0042,9.8066,-0.0125,0.0404,0.0141,3.63,-30.94,22,22.7,-84.47,-170.66
52.421345,-1.534866,180.5,0.1,4,269.34,18 / 20,214109,2019-09-06 19:23:39:852,-0.0689,-0.1959,9.8499,-0.001,-0.0027,9.8066,-0.0046,-0.0255,-0.0245,3.88,-30.5,21.13,23.18,-84.47,-170.75
52.421345,-1.534866,180.5,0.1,4,269.34,18 / 20,214210,2019-09-06 19:23:39:953,-0.1192,0.161,9.7398,-0.002,-0.0045,9.8066,0.0037,-0.0324,-0.0047,3.88,-31,21.5,22.66,-84.44,-170.7
52.421345,-1.534866,180.5,0.1,4,269.34,18 / 20,214310,2019-09-06 19:23:40:053,0.0828,-0.1682,9.6488,0.0026,0.0084,9.8066,0.0242,-0.0318,-0.0193,4,-31.62,22.06,22.76,-84.48,-170.69
52.421345,-1.534866,180.5,0.1,4,269.34,18 / 20,214410,2019-09-06 19:23:40:153,-0.0012,-0.3116,9.7975,0.0005,0.0064,9.8066,0.0283,-0.023,-0.0208,3.81,-31,21.38,23.39,-84.48,-170.67
52.421345,-1.534866,180.5,0.1,4,269.34,18 / 20,214509,2019-09-06 19:23:40:252,0.1239,0.0639,10.0192,-0.0008,-0.0032,9.8066,0.0117,-0.0218,-0.0023,3.5,-31.31,21.31,23.41,-84.48,-170.65
52.421345,-1.534866,180.5,0.1,4,269.34,18 / 20,214610,2019-09-06 19:23:40:353,-0.1197,0.2601,9.8757,0.0005,-0.0055,9.8066,-0.0022,0.0004,-0.0224,3.81,-30.94,22,22.52,-84.45,-170.83
52.421345,-1.534866,180.5,0.1,4,269.34,18 / 20,214710,2019-09-06 19:23:40:453,-0.0263,-0.0862,9.8838,-0.001,0.0044,9.8066,0.0308,0.0017,0.001,3.75,-31.12,21.44,23.54,-84.47,-170.54
52.421345,-1.534866,180.5,0.1,4,269.34,18 / 20,214810,2019-09-06 19:23:40:553,-0.1501,0.0579,9.8291,-0.0011,-0.0042,9.8066,0.0164,0.0008,-0.0035,4,-30.94,21.81,22.75,-84.48,-170.6
52.421345,-1.534866,180.5,0.1,4,269.34,18 / 20,214909,2019-09-06 19:23:40:652,-0.0578,-0.1409,10.0303,-0.0013,-0.0058,9.8066,-0.0001,0.0249,-0.0008,3.75,-31.12,21.63,22.83,-84.45,-170.56
52.421345,-1.534866,180.5,0.1,4,269.34,18 / 20,215009,2019-09-06 19:23:40:752,-0.0425,0.1363,9.6927,-0.0015,-0.0032,9.8066,0.0058,0.0199,0.0175,3.69,-31.19,21.44,23.55,-84.46,-170.54
52.421345,-1.534866,180.5,0.1,4,269.34,18 / 20,215109,2019-09-06 19:23:40:852,0.0978,0.0896,10.0043,0.0022,0.006,9.8066,-0.0005,0.0292,0.0035,4.06,-31.5,21.75,22.95,-84.5,-170.42
52.421345,-1.534866,180.5,0.1,4,269.34,18 / 20,215209,2019-09-06 19:23:40:952,-0.0736,-0.3169,9.856,-0.0018,0.0013,9.8066,-0.0015,0.0342,0.0194,4.06,-31.12,21.44,23.84,-84.48,-170.28
52.421345,-1.534866,180.5,0.1,4,269.34,18 / 20,215309,2019-09-06 19:23:41:052,-0.0269,0.2291,9.8183,-0.0002,-0.0016,9.8066,-0.0053,0.0254,0.02,3.69,-31.12,21.63,23.03,-84.48,-170.36
52.421345,-1.534866,180.5,0.1,4,269.34,18 / 20,215409,2019-09-06 19:23:41:152,0.0656,-0.2179,9.6454,-0.0012,-0.0024,9.8066,-0.0122,0.0308,0.0093,3.31,-30.81,22.13,20.3,-84.49,-170.22
52.421345,-1.534866,180.5,0.1,4,269.34,18 / 20,215510,2019-09-06 19:23:41:253,-0.0047,-0.2641,9.758,-0.0005,0.0019,9.8066,-0.0069,0.0097,0.0191,3.56,-30.94,21.38,23.94,-84.49,-170.18
52.421345,-1.534866,180.5,0.1,4,269.34,18 / 20,215609,2019-09-06 19:23:41:352,0.1037,0.0532,10.0413,0.0006,-0.0002,9.8066,-0.0239,0.0211,0.0025,3.31,-30.94,22.19,20.37,-84.51,-170.15
52.421345,-1.534866,180.5,0.1,4,269.34,18 / 20,215709,2019-09-06 19:23:41:452,-0.1072,0.1575,9.851,-0.001,0.0016,9.8066,-0.0097,0.005,0.0074,3.88,-31.44,21.56,23.31,-84.52,-170.09
52.421345,-1.534866,180.5,0.1,4,269.34,18 / 20,215809,2019-09-06 19:23:41:552,-0.0282,-0.1152,9.8747,0.0009,0.0023,9.8066,0.0034,-0.0009,0.0014,3.69,-31,21.94,23.26,-84.53,-170.13
52.421345,-1.534866,180.5,0.1,4,269.34,18 / 20,215909,2019-09-06 19:23:41:652,0.0156,-0.3035,9.9161,0.0009,-0.0018,9.8066,-0.0023,-0.017,-0.0002,3.94,-30.81,21.44,23.89,-84.53,-170.21
52.421345,-1.534866,180.5,0.1,4,269.34,18 / 20,216010,2019-09-06 19:23:41:753,-0.0837,0.0396,9.6565,-0.0013,-0.0041,9.8066,-0.0267,-0.0139,0.0057,3.31,-31.19,21.75,20.27,-84.52,-170.23
52.421345,-1.534866,180.5,0.1,4,269.34,18 / 20,216110,2019-09-06 19:23:41:853,-0.0711,-0.0642,9.9203,0.0003,0.003,9.8066,0.0011,-0.0118,-0.0144,3.38,-31.62,21.56,20.45,-84.52,-170.16
52.421345,-1.534866,180.5,0.1,4,269.34,18 / 20,216210,2019-09-06 19:23:41:953,-0.0548,0.2512,10.0348,-0.0003,-0.0009,9.8066,0.0125,-0.0378,-0.0071,4,-30.69,21.69,23.27,-84.52,-170.13
52.421345,-1.534866,180.5,0.1,4,269.34,18 / 20,216309,2019-09-06 19:23:42:052,0.0178,-0.0227,9.7495,-0.0007,0.0001,9.8066,-0.0163,-0.0239,-0.0099,3.81,-30.75,21.94,23.23,-84.53,-170.16
52.421345,-1.534866,180.5,0.1,4,269.34,19 / 21,216410,2019-09-06 19:23:42:153,-0.0795,-0.0262,9.6623,0.0005,-0.0003,9.8066,-0.0221,-0.0265,-0.0148,3.88,-31.56,21.38,24.05,-84.53,-170.17
52.421345,-1.534866,180.5,0.1,4,269.34,19 / 21,216510,2019-09-06 19:23:42:253,0.0924,-0.278,9.7785,0,-0.0002,9.8066,0.0047,-0.0304,-0.0144,4.13,-30.94,21.38,23.85,-84.53,-170.23
52.421345,-1.534866,180.5,0.1,4,269.34,19 / 21,216609,2019-09-06 19:23:42:352,0.0262,0.1655,10.0794,0.0009,0.0013,9.8066,0.0069,-0.0267,-0.0244,4.06,-31.44,21.25,23.74,-84.54,-170.33
52.421345,-1.534866,180.5,0.1,4,269.34,19 / 21,216709,2019-09-06 19:23:42:452,0.0205,0.1544,10.0609,-0.003,0.0012,9.8066,-0.0171,-0.0286,-0.0161,3.81,-31.5,21.5,23.19,-84.54,-170.19
52.421345,-1.534866,180.5,0.1,4,269.34,19 / 21,216809,2019-09-06 19:23:42:552,-0.0984,0.2022,9.7808,0.0003,-0.0006,9.8066,-0.0054,-0.028,-0.0156,3.69,-31.12,21.31,23.99,-84.53,-170.12
52.421345,-1.534866,180.5,0.1,4,269.34,19 / 21,216910,2019-09-06 19:23:42:653,-0.0345,-0.0556,9.6189,-0.0013,-0.0007,9.8066,0.0171,-0.0254,-0.0276,3.19,-31,21.38,21.02,-84.51,-170.08
52.421345,-1.534866,180.5,0.1,4,269.34,19 / 21,217009,2019-09-06 19:23:42:752,-0.0529,0.224,10.1127,0.0014,0.0009,9.8066,0.0249,-0.0334,-0.0123,3.63,-31.19,21.94,23.33,-84.51,-170.09
52.421345,-1.534866,180.5,0.1,4,269.34,19 / 21,217109,2019-09-06 19:23:42:852,-0.0369,-0.4081,9.6852,-0.0028,0.002,9.8066,-0.0147,-0.0212,-0.0235,3.94,-30.81,21.81,23.44,-84.52,-169.98
52.421345,-1.534866,180.5,0.1,4,269.34,19 / 21,217209,2019-09-06 19:23:42:952,-0.0877,-0.1709,9.7074,0.0019,-0.0059,9.8066,-0.0075,-0.0341,-0.0157,4.06,-32,20.81,23.86,-84.49,-170.35
52.421345,-1.534866,180.5,0.1,4,269.34,19 / 21,217310,2019-09-06 19:23:43:053,0.103,0.0715,10.0063,0.0005,0.0036,9.8066,-0.0008,-0.009,-0.0169,3.5,-31.12,21.88,22.88,-84.49,-170.49
52.421345,-1.534866,180.5,0.1,4,269.34,19 / 21,217409,2019-09-06 19:23:43:152,0.0205,0.1616,9.9544,0.0012,0.0042,9.8066,0.0242,-0.008,-0.0142,3.5,-31.44,21.56,22.96,-84.51,-170.41
52.421345,-1.534866,180.5,0.1,4,269.34,19 / 21,217510,2019-09-06 19:23:43:253,-0.0819,0.0957,9.8332,-0.0021,-0.0027,9.8066,-0.0001,0.0078,0.0009,3.63,-30.87,21.38,23.71,-84.5,-170.38
52.421345,-1.534866,180.5,0.1,4,269.34,19 / 21,217610,2019-09-06 19:23:43:353,0.062,-0.1632,9.9105,-0.0006,0.0033,9.8066,0.0075,0.0236,0.0002,3.81,-31.06,21.31,23.78,-84.5,-170.32
52.421345,-1.534866,180.5,0.1,4,269.34,19 / 21,217709,2019-09-06 19:23:43:452,-0.0578,-0.0024,9.9477,-0.0002,0.003,9.8066,0.013,0.0083,-0.0009,4.13,-31.37,21.94,23.27,-84.52,-170.13
52.421345,-1.534866,180.5,0.1,4,269.34,19 / 21,217810,2019-09-06 19:23:43:553,-0.2388,-0.0965,9.733,0.0012,0.0026,9.8066,0.0153,0.0154,0.008,3.38,-31.12,21.63,20.35,-84.53,-170.16
52.421345,-1.534866,180.5,0.1,4,269.34,19 / 21,217910,2019-09-06 19:23:43:653,-0.0105,-0.3785,9.7353,0.0003,-0.0039,9.8066,0.0124,0.0195,0.0127,3.88,-31.69,21.75,23.36,-84.52,-170.15
52.421345,-1.534866,180.5,0.1,4,269.34,19 / 21,218010,2019-09-06 19:23:43:753,0.0732,0.3123,9.906,-0.0015,-0.0045,9.8066,0.0116,0.0272,0.0193,4.31,-31.12,21.94,23.12,-84.5,-170.27
52.421345,-1.534866,180.5,0.1,4,269.34,19 / 21,218109,2019-09-06 19:23:43:852,0.1381,-0.1162,9.8659,0.0011,0.0042,9.8066,-0.0023,0.031,0.0055,3.31,-31.06,22.06,20.4,-84.49,-170.13
52.421345,-1.534866,180.5,0.1,4,269.34,19 / 21,218210,2019-09-06 19:23:43:953,-0.0384,0.0845,9.9383,0.0005,0.0042,9.8065,0.0018,0.0274,0.0193,3.44,-31.06,21.63,20.46,-84.51,-170.07
52.421345,-1.534866,180.5,0.1,4,269.34,19 / 21,218310,2019-09-06 19:23:44:053,0.0498,-0.3301,9.8678,-0.0005,-0.0066,9.8066,0.0001,0.04,0.0135,3.63,-30.87,22,23.17,-84.49,-170.24
52.421345,-1.534866,180.5,0.1,4,269.34,20 / 21,218409,2019-09-06 19:23:44:152,0.1653,-0.124,9.8772,-0.0012,-0.0047,9.8066,-0.019,0.0346,0.0127,3.75,-31,22,23.21,-84.48,-170.2
52.421345,-1.534866,180.5,0.1,4,269.34,20 / 21,218510,2019-09-06 19:23:44:253,-0.0479,0.245,10.0556,-0.001,0.0014,9.8066,0.0005,0.019,0.0211,3.69,-31.19,21.75,23.28,-84.49,-170.14
52.421345,-1.534866,180.5,0.1,4,269.34,20 / 21,218610,2019-09-06 19:23:44:353,-0.1487,-0.0247,9.7612,0.0012,0.0032,9.8066,-0.0091,0.0326,0.0132,3.63,-31.31,21.88,23.35,-84.5,-170.07
52.421345,-1.534866,180.5,0.1,4,269.34,20 / 21,218710,2019-09-06 19:23:44:453,-0.039,-0.0871,9.9823,0.0001,-0.0003,9.8066,-0.0144,0.0243,0.0193,3.5,-31.37,22,23.3,-84.49,-170.12
52.421345,-1.534866,180.5,0.1,4,269.34,20 / 21,218810,2019-09-06 19:23:44:553,-0.0426,-0.0445,10.004,-0.0005,-0.0004,9.8066,0.0046,0.0214,0.0157,3.88,-31,21.63,23.27,-84.49,-170.15
52.421345,-1.534866,180.5,0.1,4,269.34,20 / 21,218910,2019-09-06 19:23:44:653,-0.0833,0.2621,10.05,0.0015,0.0011,9.8066,-0.0185,0.0191,0.0094,4.06,-31.44,22,23.2,-84.5,-170.2
52.421345,-1.534866,180.5,0.1,4,269.34,20 / 21,219010,2019-09-06 19:23:44:753,0.0193,-0.091,9.706,-0.0009,-0.0009,9.8066,-0.0234,-0.0041,0.015,4.13,-31.44,21.31,24.01,-84.49,-170.12
52.421345,-1.534866,180.5,0.1,4,269.34,20 / 21,219109,2019-09-06 19:23:44:852,-0.0589,0.2612,9.9024,0.0001,-0.0001,9.8066,0.0013,0.0151,0.0065,3.5,-30.62,21.81,23.26,-84.5,-170.15
52.421345,-1.534866,180.5,0.1,4,269.34,20 / 21,219210,2019-09-06 19:23:44:953,-0.1521,0.1486,9.8903,0.0002,0.0017,9.8066,-0.0037,-0.0056,0.0055,3.5,-31.37,22.25,23.35,-84.5,-170.07
52.421345,-1.534866,180.5,0.1,4,269.34,20 / 21,219310,2019-09-06 19:23:45:053,0.0165,-0.28,9.7188,-0.0008,-0.0017,9.8066,0.0182,0.0057,-0.0015,3.81,-31.75,22.19,23.26,-84.51,-170.24
52.421345,-1.534866,180.5,0.1,4,269.34,20 / 21,219410,2019-09-06 19:23:45:153,0.0435,-0.2139,9.9338,-0.0016,-0.0054,9.8066,-0.0335,-0.0102,-0.0049,3.63,-31.5,21.5,23.18,-84.46,-170.24
52.421345,-1.534866,180.5,0.1,4,269.34,20 / 21,219510,2019-09-06 19:23:45:253,-0.126,0.2839,9.9783,-0.0003,-0.0048,9.8066,0.0074,-0.0279,-0.0099,3.5,-30.87,21.31,23.88,-84.47,-170.25
52.421345,-1.534866,180.5,0.1,4,269.34,20 / 21,219609,2019-09-06 19:23:45:352,-0.0921,-0.2128,9.7807,-0.0002,0.0045,9.8066,0.0121,-0.0258,-0.0245,3.63,-31.12,21.63,23.28,-84.47,-170.15
52.421345,-1.534866,180.5,0.1,4,269.34,20 / 21,219710,2019-09-06 19:23:45:453,-0.1683,0.1665,9.9735,0.0023,0.0047,9.8066,-0.0252,-0.0234,-0.0113,3.88,-31.12,21.81,23.22,-84.51,-170.18
52.421345,-1.534866,180.5,0.1,4,269.34,20 / 21,219809,2019-09-06 19:23:45:552,-0.0162,-0.2802,9.8773,-0.0002,-0.0044,9.8066,-0.0101,-0.0193,-0.0156,4.06,-31,21.56,23.22,-84.49,-170.19
52.421345,-1.534866,180.5,0.1,4,269.34,20 / 21,219909,2019-09-06 19:23:45:652,-0.0225,0.2248,9.8324,-0.0019,-0.0047,9.8066,0.0223,-0.0231,-0.0265,3.69,-31,21.81,23.18,-84.48,-170.24
52.421345,-1.534866,180.5,0.1,4,269.34,20 / 21,220010,2019-09-06 19:23:45:753,0.1166,-0.0356,9.9575,0.0018,0.0038,9.8066,0.0281,-0.0255,-0.0104,3.63,-31,21.75,23.2,-84.5,-170.2
52.421345,-1.534866,180.5,0.1,4,269.34,20 / 21,220110,2019-09-06 19:23:45:853,-0.0075,-0.1943,9.7139,-0.002,-0.001,9.8066,-0.0006,-0.0151,-0.0216,3.44,-31.31,22,20.33,-84.5,-170.19
52.421345,-1.534866,180.5,0.1,4,269.34,20 / 21,220209,2019-09-06 19:23:45:952,0.0681,-0.0856,10.0096,-0.0007,-0.0019,9.8066,-0.0025,-0.0216,-0.0169,4,-31.31,22,23.23,-84.49,-170.18
52.421345,-1.534866,180.5,0.1,4,269.34,20 / 21,220309,2019-09-06 19:23:46:052,0.0189,0.0378,9.6123,-0.0005,-0.0006,9.8066,-0.0052,-0.005,-0.0154,3.81,-30.81,21.69,23.24,-84.5,-170.17
52.421345,-1.534866,180.5,0.1,4,269.34,20 / 21,220410,2019-09-06 19:23:46:153,-0.0271,-0.2746,9.7282,0.0021,-0.0014,9.8066,-0.0025,0.0299,0.0186,3.31,-31,21.69,20.27,-84.51,-170.23
52.421345,-1.534866,180.5,0.1,4,269.34,20 / 21,220510,2019-09-06 19:23:46:253,0.0203,0.027,10.0057,0.0009,-0.0003,9.8066,-0.0031,-0.0132,-0.0083,4.25,-30.87,21.81,23.27,-84.51,-170.14
52.421345,-1.534866,180.5,0.1,4,269.34,20 / 21,220609,2019-09-06 19:23:46:352,0.044,-0.1452,9.6088,-0.0001,0.0007,9.8066,0.0068,0.0071,-0.0095,3.44,-30.69,21.69,20.36,-84.52,-170.15
52.421345,-1.534866,180.5,0.1,4,269.34,20 / 21,220709,2019-09-06 19:23:46:452,0.0137,0.1462,10.0711,-0.0007,-0.0008,9.8065,0.0229,0.0012,-0.0058,3.38,-31.12,22,20.21,-84.52,-170.28
52.421345,-1.534866,180.5,0.1,4,269.34,20 / 21,220809,2019-09-06 19:23:46:552,-0.1039,-0.2579,9.6567,-0.0003,-0.0017,9.8066,0.0315,-0.0015,-0.0015,3.56,-31,22,23.15,-84.51,-170.24
52.421345,-1.534866,180.5,0.1,4,269.34,20 / 21,220909,2019-09-06 19:23:46:652,-0.1421,0.3008,10.0732,-0.0015,-0.0023,9.8066,0.0084,0.0145,-0.0063,3.63,-31.44,21.88,23.2,-84.51,-170.2
52.421345,-1.534866,180.5,0.1,4,269.34,20 / 21,221009,2019-09-06 19:23:46:752,-0.0963,-0.2403,9.6122,0.0008,-0.0002,9.8066,0.0133,0.0054,0.0051,4,-31.56,21.56,23.26,-84.51,-170.24
52.421345,-1.534866,180.5,0.1,4,269.34,20 / 21,221109,2019-09-06 19:23:46:852,0.1134,-0.1757,9.9277,0.0002,0.0008,9.8065,0.0241,0.0175,0.006,3.56,-31.69,22.06,23.27,-84.51,-170.23
52.421345,-1.534866,180.5,0.1,4,269.34,20 / 21,221210,2019-09-06 19:23:46:953,-0.0724,-0.0545,9.9894,-0.0001,-0.0011,9.8066,0.0164,0.016,0.008,3.94,-31.25,21.13,23.7,-84.52,-170.38
52.421345,-1.534866,180.5,0.1,4,269.34,20 / 21,221309,2019-09-06 19:23:47:052,-0.0335,0.2634,10.0209,-0.0004,-0.0015,9.8066,0.0028,0.0273,0.0154,3.81,-30.81,21.5,23.06,-84.51,-170.32
52.421345,-1.534866,180.5,0.1,4,269.34,20 / 21,221409,2019-09-06 19:23:47:152,-0.0141,-0.1005,9.626,0.0001,0.0029,9.8066,-0.0011,0.0369,0.0086,3.25,-31.44,21.75,20.19,-84.52,-170.3
52.421345,-1.534866,180.5,0.1,4,269.34,20 / 21,221510,2019-09-06 19:23:47:253,0.0298,-0.2226,9.7143,-0.0002,0.0036,9.8066,0.0134,-0.0221,-0.0201,3.56,-30.94,21.94,23.31,-84.49,-170.11
52.421345,-1.534866,180.5,0.1,4,269.34,20 / 21,221609,2019-09-06 19:23:47:352,0.0223,-0.3836,9.8803,-0.0021,-0.0027,9.8066,-0.0258,-0.0293,-0.0128,3.75,-31.31,21.56,23.32,-84.52,-170.09
52.421345,-1.534866,180.5,0.1,4,269.34,20 / 21,221710,2019-09-06 19:23:47:453,-0.0579,0.2306,9.778,-0.0002,-0.0018,9.8066,-0.0191,-0.0281,-0.0151,3.5,-30.75,21.69,23.44,-84.5,-169.99
52.421345,-1.534866,180.5,0.1,4,269.34,20 / 21,221809,2019-09-06 19:23:47:552,-0.0772,-0.1469,9.6324,0.0001,-0.0019,9.8066,0.0289,-0.0212,-0.0278,3.56,-30.81,22.13,23.42,-84.51,-170.01
52.421345,-1.534866,180.5,0.1,4,269.34,20 / 21,221909,2019-09-06 19:23:47:652,0.0029,-0.3505,9.7322,0.0031,0.0036,9.8065,0.0368,-0.0336,-0.0093,3.38,-31.25,21.69,20.62,-84.5,-169.93
52.421345,-1.534866,180.5,0.1,4,269.34,20 / 21,222009,2019-09-06 19:23:47:752,-0.0657,0.3096,10.0032,0.0004,0.003,9.8066,-0.0124,-0.0015,-0.0231,3.94,-31,21.94,23.39,-84.53,-170.02
52.421345,-1.534866,180.5,0.1,4,269.34,20 / 21,222110,2019-09-06 19:23:47:853,0.0097,0.0556,9.6694,0.0005,-0.0021,9.8066,-0.0008,-0.0154,-0.0122,4,-31.69,22.38,23.5,-84.53,-170.02
52.421345,-1.534866,180.5,0.1,4,269.34,20 / 21,222210,2019-09-06 19:23:47:953,0.1025,-0.3009,9.7088,-0.0003,-0.001,9.8066,0.0366,-0.0147,-0.0108,4,-31.19,21.88,23.47,-84.53,-169.94
52.421345,-1.534866,180.5,0.1,4,269.34,20 / 21,222309,2019-09-06 19:23:48:052,-0.0543,0.1079,10.0456,-0.0001,0.0006,9.8066,0.0254,-0.0044,-0.0149,4.06,-31.25,22,23.51,-84.54,-169.91
52.421345,-1.534866,180.5,0.1,4,269.34,20 / 21,222410,2019-09-06 19:23:48:153,-0.0785,-0.245,9.6691,0.0013,0.0009,9.8066,0.0067,-0.0055,-0.0041,3.38,-30.87,21.75,20.55,-84.55,-169.97
52.421345,-1.534866,180.5,0.1,4,269.34,20 / 21,222509,2019-09-06 19:23:48:252,-0.1007,0.1642,9.8291,0.0006,0.0013,9.8066,0.011,0.013,-0.0047,3.69,-31.75,22.19,23.42,-84.54,-170.08
52.421345,-1.534866,180.5,0.1,4,269.34,20 / 21,222610,2019-09-06 19:23:48:353,0.0079,0.0415,9.8607,0.0013,0.0042,9.8066,0.0141,0.0079,-0.0084,3.81,-30.75,22.13,23.25,-84.51,-170.16
52.421345,-1.534866,180.5,0.1,4,269.34,20 / 21,222710,2019-09-06 19:23:48:453,-0.1068,-0.3645,9.6365,0.0007,0.0015,9.8066,0.0323,0.0047,0.0043,3.44,-31,22.56,19.78,-84.54,-170.2
52.421345,-1.534866,180.5,0.1,4,269.34,20 / 21,222809,2019-09-06 19:23:48:552,-0.0737,-0.1534,9.9328,0.0005,-0.0035,9.8066,0.0185,0.007,-0.0017,3.88,-31.06,22.25,23.29,-84.53,-170.1
52.421345,-1.534866,180.5,0.1,4,269.34,20 / 21,222910,2019-09-06 19:23:48:653,0.0025,-0.1173,9.9416,-0.0016,-0.0024,9.8066,0.0127,0.0181,0.0023,3.75,-31,21.75,23.25,-84.52,-170.15
52.421345,-1.534866,180.5,0.1,4,269.34,20 / 21,223010,2019-09-06 19:23:48:753,-0.1071,0.1191,9.859,0.0015,0.0028,9.8066,0.023,0.0134,0.0043,4.38,-31.25,21.81,23.31,-84.54,-170.09
52.421345,-1.534866,180.5,0.1,4,269.34,20 / 21,223110,2019-09-06 19:23:48:853,-0.0668,-0.0409,10.0118,-0.0006,-0.0034,9.8066,0.0084,0.0151,0.0044,4.25,-31.06,22.38,23.33,-84.55,-170.06
52.421345,-1.534866,180.5,0.1,4,269.34,20 / 21,223209,2019-09-06 19:23:48:952,0.0136,0.092,9.6995,-0.0011,-0.0045,9.8066,0.0115,0.0061,0.0127,3.94,-31.06,21.81,23.28,-84.53,-170.12
52.421345,-1.534866,180.5,0.1,4,269.34,20 / 21,223310,2019-09-06 19:23:49:053,-0.1645,0.18,9.9186,0.0017,0.0017,9.8066,0.0008,0.0297,0.0002,3.81,-30.81,22,23,-84.54,-170.36
52.421345,-1.534866,180.5,0.1,4,269.34,20 / 20,223410,2019-09-06 19:23:49:153,-0.0454,0.1461,10.0771,0.0023,0.0038,9.8066,0.0087,0.0209,0.0249,3.69,-30.62,21.88,22.85,-84.55,-170.48
52.421345,-1.534866,180.5,0.1,4,269.34,20 / 20,223509,2019-09-06 19:23:49:252,0.0717,0.2792,10.0458,-0.0029,0.0043,9.8066,-0.0152,-0.0293,-0.0196,3.63,-30.94,21.5,23.21,-84.54,-170.17
52.421345,-1.534866,180.5,0.1,4,269.34,20 / 20,223610,2019-09-06 19:23:49:353,0.0916,-0.1059,9.6408,-0.0003,0.0047,9.8065,-0.0134,-0.0074,-0.0157,3.63,-31.75,22.19,23,-84.49,-170.48
52.421345,-1.534866,180.5,0.1,4,269.34,20 / 20,223709,2019-09-06 19:23:49:452,-0.1353,-0.2804,9.6073,0.0001,0.0051,9.8066,-0.0059,0.0211,0.0176,4,-30.94,21.5,23.14,-84.51,-170.25
52.421345,-1.534866,180.5,0.1,4,269.34,20 / 20,223809,2019-09-06 19:23:49:552,-0.1658,0.1354,9.9605,0.0064,-0.0022,9.8066,-0.0041,0.0124,0.0153,3.44,-31.25,22.19,19.89,-84.52,-170.56
52.421345,-1.534866,180.5,0.1,4,269.34,20 / 20,223910,2019-09-06 19:23:49:653,-0.085,-0.3211,9.8526,0.0007,-0.0058,9.8065,-0.0256,0.0005,0.0146,3.75,-31.12,22.13,22.85,-84.48,-170.52
52.421345,-1.534866,180.5,0.1,4,269.34,20 / 20,224009,2019-09-06 19:23:49:752,-0.0978,0.1155,9.7428,-0.0025,-0.0035,9.8066,-0.0269,-0.0032,-0.0057,3.94,-31.12,21.88,23.03,-84.48,-170.37
52.421345,-1.534866,180.5,0.1,4,269.34,20 / 20,224109,2019-09-06 19:23:49:852,0.0617,0.0404,9.9718,0.0012,0.0036,9.8066,0.0016,-0.0217,-0.003,3.81,-31.06,22.44,23.13,-84.5,-170.26
52.421345,-1.534866,180.5,0.1,4,269.34,20 / 20,224209,2019-09-06 19:23:49:952,-0.0311,0.225,10.0814,0.0002,0.0036,9.8066,-0.0031,-0.0259,-0.011,3.75,-30.69,22.44,23.16,-84.51,-170.24
52.421345,-1.534866,180.5,0.1,4,269.34,20 / 20,224310,2019-09-06 19:23:50:053,-0.0315,0.1178,9.8554,-0.0017,-0.0026,9.8066,-0.0125,-0.0222,-0.0218,3.81,-30.75,21.75,23.22,-84.51,-170.18
52.421345,-1.534866,180.5,0.1,4,269.34,21 / 21,224410,2019-09-06 19:23:50:153,0.0535,-0.2349,9.7023,0.0006,-0.0006,9.8066,0.0151,-0.0294,-0.0102,4.63,-31.56,22.5,25.43,-84.51,-170.14
52.421345,-1.534866,180.5,0.1,4,269.34,21 / 21,224510,2019-09-06 19:23:50:253,0.0138,-0.2523,9.6798,-0.0011,-0.0007,9.8066,0.0183,-0.0202,-0.0202,3.81,-30.81,21.63,23.24,-84.5,-170.17
52.421345,-1.534866,180.5,0.1,4,269.34,21 / 21,224609,2019-09-06 19:23:50:352,0.0295,-0.1663,9.9541,-0.0001,0.0006,9.8066,0.0253,-0.0295,-0.0123,3.94,-31.19,21.75,23.24,-84.52,-170.16
52.421345,-1.534866,180.5,0.1,4,269.34,21 / 21,224710,2019-09-06 19:23:50:453,-0.1719,0.3002,10.0044,-0.0001,-0.0001,9.8066,0.0058,-0.016,-0.0247,3.5,-30.5,21.44,23.91,-84.51,-170.1
52.421345,-1.534866,180.5,0.1,4,269.34,21 / 21,224809,2019-09-06 19:23:50:552,-0.0509,0.0978,9.7362,0.0002,-0.0008,9.8066,-0.0062,-0.0205,-0.0081,3.56,-31.06,21.38,23.94,-84.5,-170.18
52.421345,-1.534866,180.5,0.1,4,269.34,21 / 21,224910,2019-09-06 19:23:50:653,-0.1586,-0.1188,9.7229,0.0016,0.0013,9.8066,0.0235,-0.0198,-0.0079,3.56,-31.44,21.38,24.04,-84.52,-170.08
52.421345,-1.534866,180.5,0.1,4,269.34,21 / 21,225010,2019-09-06 19:23:50:753,-0.1064,0.1466,10.0343,-0.001,-0.0012,9.8066,0.0088,-0.0039,-0.0179,3.56,-31.19,22.31,23.4,-84.52,-170.01
52.421345,-1.534866,180.5,0.1,4,269.34,21 / 21,225109,2019-09-06 19:23:50:852,-0.071,-0.0552,9.6118,0.0009,-0.0003,9.8066,0.0088,-0.0069,-0.001,3.81,-30.94,21.75,23.26,-84.52,-170.14
52.421345,-1.534866,180.5,0.1,4,269.34,21 / 21,225210,2019-09-06 19:23:50:953,-0.0008,0.1839,10.0977,-0.0007,0.0007,9.8066,-0.0029,-0.005,0.0062,3.88,-31.06,21.31,24.05,-84.52,-170.07
52.421345,-1.534866,180.5,0.1,4,269.34,21 / 21,225309,2019-09-06 19:23:51:052,0.0304,0.0448,9.8697,-0.0005,-0.0021,9.8066,-0.0312,-0.0074,0.0085,4.06,-30.81,21.81,23.23,-84.54,-170.16
52.421345,-1.534866,180.5,0.1,4,269.34,20 / 21,225410,2019-09-06 19:23:51:153,-0.0263,0.1282,9.7375,0.0013,-0.0015,9.8066,-0.0293,-0.0165,-0.0064,3.75,-31.25,21,23.85,-84.53,-170.24
52.421345,-1.534866,180.5,0.1,4,269.34,20 / 21,225509,2019-09-06 19:23:51:252,0.0837,-0.236,9.668,-0.0011,0.0002,9.8066,0.0045,-0.0271,-0.0061,3.25,-31.37,22.06,20.29,-84.52,-170.22
52.421345,-1.534866,180.5,0.1,4,269.34,20 / 21,225610,2019-09-06 19:23:51:353,-0.0434,0.1662,9.9691,0.0012,0.0004,9.8066,0.0051,-0.0151,-0.0162,3.44,-30.62,21.5,20.14,-84.51,-170.35
52.421345,-1.534866,180.5,0.1,4,269.34,20 / 21,225709,2019-09-06 19:23:51:452,-0.0252,-0.3989,9.7355,0.0004,-0.0013,9.8066,-0.026,-0.034,-0.0215,3.75,-31.06,22.25,22.94,-84.5,-170.43
52.421345,-1.534866,180.5,0.1,4,269.34,20 / 21,225810,2019-09-06 19:23:51:553,-0.1673,0.0771,10.0147,-0.0003,-0.0025,9.8066,-0.0114,-0.0249,-0.0113,3.94,-31.31,22.13,22.84,-84.5,-170.52
52.421345,-1.534866,180.5,0.1,4,269.34,20 / 21,225911,2019-09-06 19:23:51:654,-0.0215,0.2278,9.8058,0.0014,0.006,9.8066,0.0244,-0.027,-0.0208,3.69,-31.31,22,22.87,-84.49,-170.5
52.421345,-1.534866,180.5,0.1,4,269.34,20 / 21,226009,2019-09-06 19:23:51:752,-0.0643,-0.3818,9.6966,0.0005,0.0051,9.8066,0.0317,-0.0342,-0.0164,3.5,-31.56,21.63,23.02,-84.52,-170.45
52.421345,-1.534866,180.5,0.1,4,269.34,20 / 21,226110,2019-09-06 19:23:51:853,-0.0719,0.0209,10.0272,-0.0013,-0.0064,9.8066,-0.0033,-0.0097,-0.0145,3.38,-31.06,21.06,20.48,-84.48,-170.55
52.421345,-1.534866,180.5,0.1,4,269.34,20 / 21,226209,2019-09-06 19:23:51:952,-0.0183,0.2228,9.9416,-0.0017,-0.004,9.8066,0.0019,-0.0175,-0.0038,3.94,-31.31,21.75,22.97,-84.48,-170.41
52.421345,-1.534866,180.5,0.1,4,269.34,20 / 21,226310,2019-09-06 19:23:52:053,-0.1107,0.2117,9.9463,0.0014,0.0038,9.8066,0.0347,-0.0093,-0.0071,3.56,-31,21.75,22.9,-84.48,-170.48
52.421345,-1.534866,180.5,0.1,4,269.34,20 / 21,226410,2019-09-06 19:23:52:153,-0.0175,-0.2739,9.6843,0.0004,0.0037,9.8065,0.0247,0.0039,-0.0074,3.88,-30.87,21.13,23.71,-84.49,-170.38
52.421345,-1.534866,180.5,0.1,4,269.34,20 / 21,226510,2019-09-06 19:23:52:253,0.0587,0.2071,10.0512,-0.0013,-0.0027,9.8066,0.009,0.0019,-0.0022,3.69,-31.25,21.88,22.96,-84.47,-170.43
52.421345,-1.534866,180.5,0.1,4,269.34,20 / 21,226610,2019-09-06 19:23:52:353,0.0728,-0.2016,9.6166,0.0013,-0.0021,9.8066,0.0018,0.0245,-0.0032,3.44,-30.81,21.56,19.91,-84.49,-170.56
52.421345,-1.534866,180.5,0.1,4,269.34,20 / 21,226710,2019-09-06 19:23:52:453,0.0122,0.3105,10.0736,0.0009,0.0042,9.8066,0.0168,0.0183,0.0057,3.13,-31.25,21.94,20.02,-84.48,-170.47
52.421345,-1.534866,180.5,0.1,4,269.34,20 / 21,226810,2019-09-06 19:23:52:553,-0.0339,-0.3147,9.715,0.0013,0.0036,9.8066,0.0171,0.0201,0.005,3.69,-31,21.56,22.89,-84.51,-170.47
52.421345,-1.534866,180.5,0.1,4,269.34,20 / 21,226910,2019-09-06 19:23:52:653,-0.1618,0.2235,9.9561,0.0007,-0.0036,9.8066,0.006,0.0271,0.0011,3.5,-31.31,21.5,22.85,-84.46,-170.53
52.421345,-1.534866,180.5,0.1,4,269.34,20 / 21,227009,2019-09-06 19:23:52:752,-0.0264,-0.1914,9.6978,-0.0007,-0.0022,9.8066,0.0116,0.0246,0.0146,3.88,-31.44,21.81,22.84,-84.46,-170.54
52.421345,-1.534866,180.5,0.1,4,269.34,20 / 21,227110,2019-09-06 19:23:52:853,-0.0988,0.2482,10.0673,0.0008,0.0023,9.8066,0.0062,0.0275,0.012,3.94,-31.5,21.88,22.85,-84.48,-170.52
52.421345,-1.534866,180.5,0.1,4,269.34,20 / 21,227210,2019-09-06 19:23:52:953,0.002,-0.3095,9.7609,-0.0013,-0.0034,9.8066,0.0002,0.0195,0.0189,3.19,-31.12,22,20.02,-84.48,-170.47
52.421345,-1.534866,180.5,0.1,4,269.34,20 / 21,227309,2019-09-06 19:23:53:052,0.0006,-0.0107,10.0409,-0.0014,-0.0048,9.8066,0.0022,0.0272,0.0104,3.81,-31.06,21.94,22.96,-84.49,-170.42
52.421345,-1.534866,180.5,0.1,4,269.34,21 / 21,227410,2019-09-06 19:23:53:153,-0.0081,-0.0443,9.5514,-0.0002,-0.0055,9.8066,0.0001,0.045,0.0076,3.5,-31.37,21.75,22.85,-84.45,-170.54
52.421345,-1.534866,180.5,0.1,4,269.34,21 / 21,227509,2019-09-06 19:23:53:252,0.0799,-0.1865,9.7301,0.0007,0.0048,9.8066,-0.0021,0.027,0.0152,3.94,-31.25,21.63,22.93,-84.48,-170.45
52.421345,-1.534866,180.5,0.1,4,269.34,21 / 21,227609,2019-09-06 19:23:53:352,0.0026,-0.4087,9.796,0.0015,0.0044,9.8065,0.0013,0.0314,0.0139,3.56,-30.75,22.31,22.84,-84.5,-170.52
52.421345,-1.534866,180.5,0.1,4,269.34,21 / 21,227710,2019-09-06 19:23:53:453,-0.1423,0.1669,10.0665,-0.001,-0.0049,9.8066,-0.0215,0.0432,0.0121,3.88,-30.81,22.19,23.06,-84.5,-170.32
52.421345,-1.534866,180.5,0.1,4,269.34,21 / 21,227809,2019-09-06 19:23:53:552,-0.0595,-0.0998,9.6567,-0.0019,-0.0048,9.8066,-0.0016,0.0295,0.0177,3.06,-31.31,21.63,20.17,-84.48,-170.34
52.421345,-1.534866,180.5,0.1,4,269.34,21 / 21,227909,2019-09-06 19:23:53:652,0.0079,-0.2812,9.6099,0.0014,0.0018,9.8066,-0.0038,0.0327,0.008,3.44,-31.12,21.63,20.16,-84.5,-170.33
52.421345,-1.534866,180.5,0.1,4,269.34,21 / 21,228009,2019-09-06 19:23:53:752,-0.0161,0.0375,10.0024,-0.001,-0.0008,9.8066,-0.0205,0.0183,0.0188,3.69,-31.62,22.63,22.55,-84.49,-170.3
52.421345,-1.534866,180.5,0.1,4,269.34,21 / 21,228110,2019-09-06 19:23:53:853,-0.0399,0.0776,9.7514,0,-0.0004,9.8066,-0.0007,0.016,0.0139,4.31,-31.69,21.63,23.07,-84.49,-170.42
52.421345,-1.534866,180.5,0.1,4,269.34,21 / 21,228209,2019-09-06 19:23:53:952,-0.1264,0.1916,9.9981,0.0004,0.0038,9.8066,-0.0083,0.0087,0.0083,3.5,-31.44,21.63,23.01,-84.49,-170.37
52.421345,-1.534866,180.5,0.1,4,269.34,21 / 21,228310,2019-09-06 19:23:54:053,0.0716,-0.2171,9.7001,-0.0009,-0.003,9.8066,-0.0012,0.0093,0.0054,4.25,-30.87,22.13,22.93,-84.5,-170.44
52.421345,-1.534866,180.5,0.1,4,269.34,21 / 21,228410,2019-09-06 19:23:54:153,0.0214,-0.2464,9.881,0.0008,0.0033,9.8066,-0.044,0.002,-0.0047,3.69,-31.19,21.63,22.88,-84.48,-170.49
52.421345,-1.534866,180.5,0.1,4,269.34,21 / 21,228509,2019-09-06 19:23:54:252,0.1427,0.0073,9.9535,-0.0006,-0.0057,9.8066,-0.0043,-0.019,-0.002,3.75,-30.75,21.75,22.8,-84.46,-170.58
52.421345,-1.534866,180.5,0.1,4,269.34,21 / 21,228609,2019-09-06 19:23:54:352,-0.0708,0.2416,10.0018,0.0012,0.0056,9.8066,-0.0017,-0.022,-0.0097,3.69,-31.37,21.69,23.03,-84.5,-170.36
52.421345,-1.534866,180.5,0.1,4,269.34,21 / 21,228710,2019-09-06 19:23:54:453,-0.152,-0.1259,9.7022,0.0009,0.0038,9.8066,-0.0168,-0.0291,-0.0142,3.88,-31.44,21.88,22.95,-84.5,-170.42
52.421345,-1.534866,180.5,0.1,4,269.34,21 / 21,228809,2019-09-06 19:23:54:552,0.1054,-0.1036,9.673,0.0005,-0.0028,9.8066,-0.0082,-0.0262,-0.0145,3.31,-31.31,21.94,20.11,-84.48,-170.39
52.421345,-1.534866,180.5,0.1,4,269.34,21 / 21,228909,2019-09-06 19:23:54:652,-0.003,0.2222,10.0728,0.0006,0.0006,9.8066,0.0135,-0.023,-0.0211,3.75,-30.94,22.44,22.88,-84.48,-170.49
52.421345,-1.534866,180.5,0.1,4,269.34,21 / 21,229009,2019-09-06 19:23:54:752,-0.1451,0.0501,9.8171,-0.0005,0.0003,9.8066,0.0129,-0.0287,-0.0171,3.63,-30.87,21.69,22.88,-84.48,-170.5
52.421345,-1.534866,180.5,0.1,4,269.34,21 / 21,229109,2019-09-06 19:23:54:852,0.0362,-0.2809,9.6933,-0.0006,-0.0031,9.8066,-0.0057,-0.0173,-0.0157,3.81,-31.06,21.63,22.78,-84.46,-170.59
52.421345,-1.534866,180.5,0.1,4,269.34,21 / 21,229209,2019-09-06 19:23:54:952,0.0202,0.2358,10.021,-0.0022,-0.0014,9.8066,0.0019,-0.0245,-0.0115,3.19,-31.06,21.94,20.08,-84.46,-170.43
52.421345,-1.534866,180.5,0.1,4,269.34,21 / 21,229309,2019-09-06 19:23:55:052,0.1888,-0.0877,9.7821,-0.0001,0.0051,9.8066,0.031,-0.0217,-0.0054,3.63,-31.06,21.75,22.81,-84.46,-170.57
52.421345,-1.534866,180.5,0.1,4,269.34,20 / 21,229409,2019-09-06 19:23:55:152,0.0021,-0.1295,9.7187,0.0001,0.0036,9.8066,0.0226,-0.0108,-0.0102,3.31,-31.12,22.06,20.18,-84.48,-170.33
52.421345,-1.534866,180.5,0.1,4,269.34,20 / 21,229510,2019-09-06 19:23:55:253,0.0197,-0.312,9.8343,-0.0024,-0.0052,9.8066,-0.005,-0.0122,-0.0077,3.88,-31.69,22.19,23.21,-84.47,-170.32
52.421345,-1.534866,180.5,0.1,4,269.34,20 / 21,229609,2019-09-06 19:23:55:352,0.168,-0.097,9.8229,-0.0002,-0.0047,9.8066,-0.0026,0.0114,-0.0111,4,-31.12,21.63,23.06,-84.47,-170.34
52.421345,-1.534866,180.5,0.1,4,269.34,20 / 21,229710,2019-09-06 19:23:55:453,0.0047,0.2689,10.1096,0.0007,0.0074,9.8066,-0.0032,-0.0023,0.0038,3.94,-31.12,21.63,23.11,-84.45,-170.31
52.421345,-1.534866,180.5,0.1,4,269.34,20 / 21,229809,2019-09-06 19:23:55:552,-0.1054,0.099,9.8449,0.002,0.0064,9.8066,0.0266,0.0042,-0.0039,3.81,-31.37,21.5,23.1,-84.49,-170.3
52.421345,-1.534866,180.5,0.1,4,269.34,20 / 21,229909,2019-09-06 19:23:55:652,-0.0956,-0.1541,9.9139,-0.0021,-0.0041,9.8066,0.0095,0.0104,-0.0057,4.06,-31.06,21.81,23.25,-84.45,-170.19
52.421345,-1.534866,180.5,0.1,4,269.34,20 / 21,230009,2019-09-06 19:23:55:752,-0.0935,0.0867,9.78,0.0003,-0.0029,9.8066,-0.0053,0.0082,-0.0044,3.63,-31.12,22.19,23.16,-84.45,-170.27
52.421345,-1.534866,180.5,0.1,4,269.34,20 / 21,230110,2019-09-06 19:23:55:853,0.1186,0.0166,10.0043,0.0003,0.0023,9.8066,0.0114,0.027,0.0037,3.63,-31.44,22.06,23.18,-84.46,-170.25
52.421345,-1.534866,180.5,0.1,4,269.34,20 / 21,230210,2019-09-06 19:23:55:953,0.0212,-0.1321,9.7486,0.0001,0.0036,9.8066,0.0042,0.0199,0.0093,3.81,-31.5,21.94,23.27,-84.47,-170.15
52.421345,-1.534866,180.5,0.1,4,269.34,20 / 21,230310,2019-09-06 19:23:56:053,0.0098,-0.3882,9.7682,-0.0012,-0.0037,9.8066,-0.0036,0.0252,0.0088,3.13,-31.06,21.94,20.33,-84.45,-170.21
52.421345,-1.534866,180.5,0.1,4,269.34,20 / 20,230410,2019-09-06 19:23:56:153,0.1259,-0.1931,9.8249,-0.0014,-0.0016,9.8066,-0.0047,0.0366,0.0126,3.38,-31.06,21.88,20.42,-84.46,-170.13
52.421345,-1.534866,180.5,0.1,4,269.34,20 / 20,230510,2019-09-06 19:23:56:253,-0.0651,0.1253,10.031,-0.0005,0.0041,9.8066,0.0051,0.0302,0.0258,3.38,-31.5,21.56,20.5,-84.45,-170.06
52.421345,-1.534866,180.5,0.1,4,269.34,20 / 20,230609,2019-09-06 19:23:56:352,-0.0845,-0.3197,9.6884,0.0016,0.0026,9.8066,-0.027,0.0353,0.0002,3.75,-30.44,22.19,23.36,-84.48,-169.98
52.421345,-1.534866,180.5,0.1,4,269.34,20 / 20,230710,2019-09-06 19:23:56:453,-0.1119,0.2831,10.0252,-0.002,-0.0017,9.8066,-0.0154,0.0164,0.0243,4.06,-30.94,22.5,22.96,-84.48,-169.86
52.421345,-1.534866,180.5,0.1,4,269.34,20 / 20,230809,2019-09-06 19:23:56:552,-0.026,0.0609,9.7,-0.001,-0.0027,9.8066,-0.0039,0.017,0.015,3.31,-31.06,21.38,21.4,-84.47,-169.77
52.421345,-1.534866,180.5,0.1,4,269.34,20 / 20,230910,2019-09-06 19:23:56:653,-0.1356,-0.2207,9.6641,0.0009,0.0012,9.8066,-0.036,0.0163,0.0015,3.56,-30.69,22,23.7,-84.48,-169.78
52.421345,-1.534866,180.5,0.1,4,269.34,20 / 20,231010,2019-09-06 19:23:56:753,-0.042,-0.3193,9.8502,-0.0004,0.0005,9.8066,-0.0206,-0.0005,0.0165,3.94,-30.81,22.06,23.75,-84.48,-169.73
52.421345,-1.534866,180.5,0.1,4,269.34,20 / 20,231110,2019-09-06 19:23:56:853,-0.0231,-0.1504,9.8762,0.0001,0.0001,9.8066,-0.0038,0.0017,0.001,3.81,-31.37,21.81,23.77,-84.48,-169.72
52.421345,-1.534866,180.5,0.1,4,269.34,20 / 20,231209,2019-09-06 19:23:56:952,-0.013,0.2524,10.0898,0.0001,0.0014,9.8066,0.0048,-0.0167,-0.0018,4,-31.37,21.63,23.83,-84.48,-169.66
52.421345,-1.534866,180.5,0.1,4,269.34,20 / 20,231310,2019-09-06 19:23:57:053,-0.0066,0.1956,10.033,0.0017,0.0064,9.8066,0.0105,-0.0085,-0.0113,3.56,-31,21.75,23.84,-84.48,-169.66
52.421345,-1.534866,180.5,0.1,4,269.34,21 / 22,231409,2019-09-06 19:23:57:152,-0.0591,0.0633,9.6774,-0.0017,-0.0041,9.8066,-0.0241,-0.0226,-0.0068,3.94,-30.87,21.63,23.73,-84.45,-169.77
52.421345,-1.534866,180.5,0.1,4,269.34,21 / 22,231510,2019-09-06 19:23:57:253,-0.0477,0.1644,10.0928,-0.0002,-0.0034,9.8066,-0.0164,-0.0215,-0.0127,3.38,-30.94,22.06,20.87,-84.46,-169.74
52.421345,-1.534866,180.5,0.1,4,269.34,21 / 22,231609,2019-09-06 19:23:57:352,0.0026,-0.0872,9.8543,0.0011,0.0046,9.8066,0.0165,-0.0159,-0.022,3.81,-31.19,21.56,23.76,-84.45,-169.74
52.421345,-1.534866,180.5,0.1,4,269.34,21 / 22,231710,2019-09-06 19:23:57:453,0.1008,0.2357,10.0457,0.0016,0.0027,9.8066,-0.0117,-0.0387,-0.0135,3.69,-31.12,21.63,23.68,-84.48,-169.8
52.421345,-1.534866,180.5,0.1,4,269.34,21 / 22,231810,2019-09-06 19:23:57:553,-0.0528,0.0958,9.7422,-0.001,-0.0017,9.8066,-0.0047,-0.0143,-0.0177,3.94,-31.25,21.38,24.5,-84.46,-169.72
52.421345,-1.534866,180.5,0.1,4,269.34,21 / 22,231910,2019-09-06 19:23:57:653,-0.0531,-0.1534,9.7414,0.0014,-0.0034,9.8066,-0.0012,-0.0181,-0.0106,4,-30.94,22.13,23.56,-84.46,-169.91
52.421345,-1.534866,180.5,0.1,4,269.34,21 / 22,232010,2019-09-06 19:23:57:753,-0.0033,-0.3857,9.7784,0.0019,0.0018,9.8066,0.0371,-0.0102,-0.0063,3.75,-31.44,21.38,24.19,-84.47,-169.98
52.421345,-1.534866,180.5,0.1,4,269.34,21 / 22,232110,2019-09-06 19:23:57:853,-0.1182,0.2046,10.0407,-0.0015,-0.0006,9.8066,-0.0036,0.0097,-0.0137,4.06,-31.31,21.63,23.51,-84.46,-169.96
52.421345,-1.534866,180.5,0.1,4,269.34,21 / 22,232209,2019-09-06 19:23:57:952,-0.0818,-0.0325,9.7053,0.0007,-0.0006,9.8066,0.0009,-0.0056,-0.0029,4.31,-31.37,22,23.55,-84.47,-169.91
52.421345,-1.534866,180.5,0.1,4,269.34,21 / 22,232309,2019-09-06 19:23:58:052,0.0454,-0.0747,9.9639,0.0004,0.0008,9.8066,-0.0094,-0.0181,-0.0063,3.88,-31.37,21.56,23.55,-84.47,-169.91
52.421345,-1.534866,180.5,0.1,4,269.34,21 / 21,232409,2019-09-06 19:23:58:152,-0.0677,0.0422,10.0532,-0.0003,0.0002,9.8066,-0.015,-0.021,-0.0009,3.88,-31.06,22.06,23.52,-84.46,-169.95
52.421345,-1.534866,180.5,0.1,4,269.34,21 / 21,232509,2019-09-06 19:23:58:252,0.0344,0.2643,9.9832,0.0002,-0.002,9.8065,0.0184,0.0176,0.0217,3.44,-30.62,21.81,20.59,-84.46,-169.98
52.421345,-1.534866,180.5,0.1,4,269.34,21 / 21,232610,2019-09-06 19:23:58:353,0.1485,-0.1987,9.7957,-0.0003,0.0044,9.8066,0.004,0.0324,0.009,3.69,-31.37,21.75,23.51,-84.45,-169.97
52.421345,-1.534866,180.5,0.1,4,269.34,21 / 21,232710,2019-09-06 19:23:58:453,-0.0378,0.015,9.8985,0.0007,0.0039,9.8066,-0.0162,0.0249,0.0198,3.44,-30.69,21.38,21.4,-84.48,-169.77
52.421345,-1.534866,180.5,0.1,4,269.34,21 / 21,232810,2019-09-06 19:23:58:553,-0.0327,-0.3629,9.837,-0.0014,-0.0053,9.8066,-0.007,0.0419,0.0187,4.13,-31.12,22.13,23.69,-84.45,-169.81
52.421345,-1.534866,180.5,0.1,4,269.34,21 / 21,232909,2019-09-06 19:23:58:652,-0.1465,0.2197,10.0433,-0.0021,-0.0058,9.8065,-0.0058,0.0344,0.0073,4.13,-31.31,21.94,23.66,-84.45,-169.83
52.421345,-1.534866,180.5,0.1,4,269.34,21 / 21,233009,2019-09-06 19:23:58:752,0.071,0.1684,10.0827,-0.0007,-0.0034,9.8066,-0.0078,0.0309,0.0165,3.75,-30.81,21.69,23.91,-84.46,-169.6
52.421345,-1.534866,180.5,0.1,4,269.34,21 / 21,233110,2019-09-06 19:23:58:853,-0.1884,0.0013,9.8216,0.0013,0.0019,9.8066,-0.0027,0.0266,0.0178,3.94,-30.75,22.19,24.1,-84.46,-169.44
52.421345,-1.534866,180.5,0.1,4,269.34,21 / 21,233210,2019-09-06 19:23:58:953,-0.1135,-0.1492,10.008,-0.0014,-0.0031,9.8066,-0.0001,-0.0264,-0.0284,4,-30.75,21.88,24.16,-84.47,-169.38
52.421345,-1.534866,180.5,0.1,4,269.34,21 / 21,233310,2019-09-06 19:23:59:053,-0.0092,0.1576,10.0433,-0.0009,-0.0043,9.8066,-0.0071,-0.0246,-0.0173,3.63,-31.12,22,23.72,-84.43,-169.79
52.421345,-1.534866,180.5,0.1,4,269.34,21 / 21,233410,2019-09-06 19:23:59:153,0.1095,-0.2717,9.5608,0.0004,0.0033,9.8066,0.0255,-0.0392,-0.0179,3.5,-30.87,21.38,24.54,-84.45,-169.69
52.421345,-1.534866,180.5,0.1,4,269.34,21 / 21,233509,2019-09-06 19:23:59:252,0.0247,-0.2969,9.6873,0.0003,0.0032,9.8066,0.0239,-0.0188,-0.0237,3.44,-31.19,21.31,21.51,-84.45,-169.68
52.421345,-1.534866,180.5,0.1,4,269.34,21 / 21,233610,2019-09-06 19:23:59:353,-0.0087,-0.2715,9.9348,-0.0016,-0.0031,9.8066,-0.0127,-0.0202,-0.0121,4,-31,21.75,23.96,-84.44,-169.57
52.421345,-1.534866,180.5,0.1,4,269.34,21 / 21,233709,2019-09-06 19:23:59:452,-0.0429,0.0542,9.7024,-0.0021,0.0019,9.8066,0.002,-0.0142,-0.0169,3.19,-30.5,22.38,21.27,-84.45,-169.3
52.421345,-1.534866,180.5,0.1,4,269.34,21 / 21,233809,2019-09-06 19:23:59:552,0.0022,-0.2055,9.7134,0.0003,0.0024,9.8066,0.0023,-0.0116,-0.0207,3.38,-31.19,21.94,21.51,-84.48,-169.17
52.421345,-1.534866,180.5,0.1,4,269.34,21 / 21,233909,2019-09-06 19:23:59:652,-0.0768,0.0961,9.9601,-0.0023,0.0008,9.8066,0.0298,-0.0239,-0.006,3.69,-31.31,22.38,24.67,-84.47,-168.94
52.421345,-1.534866,180.5,0.1,4,269.34,21 / 21,234010,2019-09-06 19:23:59:753,-0.0103,-0.2578,9.8148,0.0007,-0.002,9.8066,0.0047,0.0038,-0.0199,3.81,-31.19,21.5,24.51,-84.45,-169.09
52.421345,-1.534866,180.5,0.1,4,269.34,21 / 21,234110,2019-09-06 19:23:59:853,0.0502,0.2711,9.8843,0.0018,0.0048,9.8066,0.0145,-0.0121,-0.0002,3.75,-31.25,21.88,24.58,-84.43,-169.04
52.421345,-1.534866,180.5,0.1,4,269.34,21 / 21,234209,2019-09-06 19:23:59:952,-0.1522,0.1343,9.9274,0.0019,0.0048,9.8066,0.0212,0.0022,-0.006,3.94,-31.31,21.44,25.18,-84.44,-169.14
52.421345,-1.534866,180.5,0.1,4,269.34,21 / 21,234309,2019-09-06 19:24:00:052,0.0845,-0.2583,9.72,-0.0009,0.0024,9.8066,-0.0298,-0.0107,0.0049,3.44,-31.56,21.75,21.93,-84.49,-168.89
52.421345,-1.534866,180.5,0.1,4,269.34,20 / 22,234409,2019-09-06 19:24:00:152,0.0553,0.1571,10.0461,0.001,0.002,9.8066,0,0.0078,0.0136,3.81,-31,22,24.72,-84.5,-168.88
52.421345,-1.534866,180.5,0.1,4,269.34,20 / 22,234510,2019-09-06 19:24:00:253,0.1044,0.0196,10.0216,-0.0013,-0.0028,9.8066,-0.0159,0.027,-0.0045,3.44,-31.56,21.63,21.97,-84.48,-168.86
52.421345,-1.534866,180.5,0.1,4,269.34,20 / 22,234609,2019-09-06 19:24:00:352,0.0964,0.2478,9.9482,0.0025,-0.0014,9.8065,-0.001,0.0181,0.0164,3.94,-31.5,21.94,24.54,-84.49,-169.04
52.421345,-1.534866,180.5,0.1,4,269.34,20 / 22,234710,2019-09-06 19:24:00:453,-0.0422,-0.1779,9.6807,-0.0003,-0.0024,9.8066,0.0111,0.0336,0.0101,3.69,-30.75,21.81,24.42,-84.49,-169.14
52.421345,-1.534866,180.5,0.1,4,269.34,20 / 22,234809,2019-09-06 19:24:00:552,0.0778,-0.1539,9.6274,-0.0003,-0.0023,9.8066,-0.0043,0.0349,0.0099,3.19,-31.5,21.88,21.42,-84.45,-169.26
52.421345,-1.534866,180.5,0.1,4,269.34,20 / 22,234909,2019-09-06 19:24:00:652,-0.0262,-0.1253,9.9405,0.0005,0.0017,9.8066,-0.0067,0.0301,0.0172,3.75,-31.37,21.69,24.34,-84.46,-169.23
52.421345,-1.534866,180.5,0.1,4,269.34,20 / 22,235010,2019-09-06 19:24:00:753,-0.1201,0.1677,10.0091,0.0011,0.0074,9.8066,-0.0162,0.0335,0.0076,3.63,-30.75,22.13,24.4,-84.49,-169.16
52.421345,-1.534866,180.5,0.1,4,269.34,20 / 22,235110,2019-09-06 19:24:00:853,-0.0728,0.3182,9.9484,0,-0.008,9.8065,-0.03,0.0185,0.0279,4.06,-31,21.44,25.19,-84.49,-169.1
52.421345,-1.534866,180.5,0.1,4,269.34,20 / 22,235210,2019-09-06 19:24:00:953,-0.0111,0.1593,9.6754,-0.0028,-0.0057,9.8066,-0.0064,0.0278,0.0136,3.38,-31.19,21.63,21.47,-84.47,-169.21
52.421345,-1.534866,180.5,0.1,4,269.34,20 / 22,235309,2019-09-06 19:24:01:052,0.1446,-0.2298,9.6812,0.0009,0.0059,9.8066,-0.0061,0.0217,0.0147,3.94,-31.44,22,24.42,-84.5,-169.14
52.421345,-1.534866,180.5,0.1,4,269.34,21 / 22,235410,2019-09-06 19:24:01:153,-0.0562,-0.427,9.7101,0.0031,-0.0029,9.8066,-0.0321,0.0104,0.0213,3.81,-30.44,21.63,24.27,-84.5,-169.17
52.421345,-1.534866,180.5,0.1,4,269.34,21 / 22,235510,2019-09-06 19:24:01:253,0.0627,-0.0218,9.9982,0,-0.0053,9.8066,-0.0307,0.0271,0.0119,4,-30.87,21.56,24.39,-84.49,-169.16
52.421345,-1.534866,180.5,0.1,4,269.34,21 / 22,235609,2019-09-06 19:24:01:352,-0.0259,0.3497,9.9855,0.0002,-0.0063,9.8066,-0.0007,0.0119,0.0094,3.88,-31.06,21.81,24.18,-84.46,-169.37
52.421345,-1.534866,180.5,0.1,4,269.34,21 / 22,235709,2019-09-06 19:24:01:452,-0.0799,0.2085,10.0164,0.002,0.0065,9.8066,-0.0001,0.0128,0.013,4,-30.62,21.44,25.01,-84.5,-169.25
52.421345,-1.534866,180.5,0.1,4,269.34,21 / 22,235809,2019-09-06 19:24:01:552,-0.1699,-0.0831,9.7296,0.0016,0.0056,9.8066,-0.0061,0.007,0.0086,4,-31.44,21.81,24.13,-84.49,-169.4
52.421345,-1.534866,180.5,0.1,4,269.34,21 / 22,235910,2019-09-06 19:24:01:653,0.0984,-0.4271,9.814,-0.0003,-0.0055,9.8066,-0.0261,-0.004,0.0156,3.81,-31.12,21.44,24.79,-84.49,-169.45
52.421345,-1.534866,180.5,0.1,4,269.34,21 / 22,236009,2019-09-06 19:24:01:752,-0.0431,0.0169,9.6184,0.0012,0.0054,9.8066,-0.0026,0.013,0.0078,3.69,-30.5,22.19,23.89,-84.49,-169.5
52.421345,-1.534866,180.5,0.1,4,269.34,21 / 22,236110,2019-09-06 19:24:01:853,0.0244,-0.2132,9.7967,0.0002,0.0059,9.8066,-0.0055,-0.0005,0.0096,3.75,-31.25,21.69,24.14,-84.44,-169.42
52.421345,-1.534866,180.5,0.1,4,269.34,21 / 22,236209,2019-09-06 19:24:01:952,-0.0146,-0.3206,9.9191,0.001,0.0059,9.8066,-0.0303,-0.0032,0.011,3.44,-30.81,22.13,21.48,-84.47,-169.2
52.421345,-1.534866,180.5,0.1,4,269.34,20 / 21,236310,2019-09-06 19:24:02:053,0.2001,0.2984,10.0654,-0.0021,-0.0054,9.8066,-0.0413,0.005,-0.0035,3.69,-31.25,21.88,24.13,-84.44,-169.43
52.421345,-1.534866,180.5,0.1,4,269.34,20 / 21,236409,2019-09-06 19:24:02:152,0.1271,-0.1963,9.6179,-0.0008,-0.0048,9.8066,-0.0067,-0.0126,0.0036,4.31,-31,22,24.14,-84.43,-169.42
52.421345,-1.534866,180.5,0.1,4,269.34,20 / 21,236510,2019-09-06 19:24:02:253,-0.0316,-0.1539,9.8981,-0.0009,0.0044,9.8066,-0.0096,-0.0113,-0.009,3.5,-31.06,21.69,24.43,-84.44,-169.17
52.421345,-1.534866,180.5,0.1,4,269.34,20 / 21,236610,2019-09-06 19:24:02:353,0.0437,-0.1218,9.9857,0.0029,0.005,9.8066,-0.0251,-0.0143,-0.0095,3.81,-31.31,22,24.31,-84.45,-169.26
52.421345,-1.534866,180.5,0.1,4,269.34,20 / 21,236709,2019-09-06 19:24:02:452,-0.0965,0.3355,9.9937,-0.0001,-0.0012,9.8066,-0.0175,-0.0329,-0.0097,3.88,-31.5,21.81,24.31,-84.45,-169.26
52.421345,-1.534866,180.5,0.1,4,269.34,20 / 21,236809,2019-09-06 19:24:02:552,-0.0344,-0.3221,9.7133,0.0012,0.0004,9.8066,-0.0253,-0.0306,-0.0181,4.25,-30.69,21.81,24.23,-84.45,-169.33
52.421345,-1.534866,180.5,0.1,4,269.34,20 / 21,236909,2019-09-06 19:24:02:652,0.0144,0.1722,10.0806,-0.0016,0.0023,9.8066,0.0192,-0.041,-0.0098,3.63,-30.69,21.63,24.36,-84.45,-169.21
52.421345,-1.534866,180.5,0.1,4,269.34,20 / 21,237010,2019-09-06 19:24:02:753,-0.0449,0.0479,9.9132,-0.0017,-0.0066,9.8066,0.0233,-0.0254,-0.0157,3.81,-30.81,21.94,24.34,-84.45,-169.24
52.421345,-1.534866,180.5,0.1,4,269.34,20 / 21,237109,2019-09-06 19:24:02:852,-0.0142,0.2977,9.7767,-0.0011,-0.0061,9.8065,-0.021,-0.0303,-0.0151,4,-31.44,22.31,24.35,-84.42,-169.24
52.421345,-1.534866,180.5,0.1,4,269.34,20 / 21,237210,2019-09-06 19:24:02:953,0.1659,-0.0076,9.9718,0.0001,0.0068,9.8066,0.0402,-0.0347,-0.0118,3.63,-31.44,22.13,24.5,-84.45,-169.1
52.421345,-1.534866,180.5,0.1,4,269.34,20 / 21,237309,2019-09-06 19:24:03:052,-0.009,0.2028,10.0071,0.0019,0.0074,9.8065,0.0312,-0.0084,-0.018,3.94,-30.87,21.88,24.49,-84.45,-169.1
52.421345,-1.534866,180.5,0.1,4,269.34,19 / 20,237410,2019-09-06 19:24:03:153,0.0249,0.3224,9.9048,-0.0024,-0.0067,9.8066,-0.0058,-0.005,-0.0011,3.75,-31.5,22.06,24.56,-84.41,-169.07
52.421345,-1.534866,180.5,0.1,4,269.34,19 / 20,237509,2019-09-06 19:24:03:252,0.1068,-0.1621,9.5862,-0.0005,-0.0057,9.8066,0.0069,0.0125,-0.0135,4.38,-30.87,22.06,24.53,-84.42,-169.08
52.421345,-1.534866,180.5,0.1,4,269.34,19 / 20,237610,2019-09-06 19:24:03:353,0.0223,0.2435,10.0638,0.0014,0.005,9.8066,0.0256,0.0109,-0.0006,3.38,-30.87,22,21.71,-84.42,-169.03
52.421345,-1.534866,180.5,0.1,4,269.34,19 / 20,237710,2019-09-06 19:24:03:453,-0.0267,-0.4032,9.6885,0.0008,0.0044,9.8066,0.0241,0.019,0.0016,4.38,-30.94,21.88,24.5,-84.45,-169.1
52.421345,-1.534866,180.5,0.1,4,269.34,19 / 20,237810,2019-09-06 19:24:03:553,-0.1167,0.3244,9.9726,-0.0001,-0.003,9.8066,0.0116,0.0208,0.0102,3.94,-31.44,21.88,24.46,-84.43,-169.14
52.421345,-1.534866,180.5,0.1,4,269.34,19 / 20,237910,2019-09-06 19:24:03:653,-0.0108,0.1017,9.6622,-0.0015,-0.0048,9.8065,0.0128,0.0152,0.0199,4.13,-30.37,21.81,24.28,-84.43,-169.2
52.421345,-1.534866,180.5,0.1,4,269.34,19 / 20,238010,2019-09-06 19:24:03:753,0.1798,-0.2789,9.7262,0.0017,0.004,9.8066,0.0105,0.0303,0.007,3.5,-30.81,21.75,24.42,-84.43,-169.18
52.421345,-1.534866,180.5,0.1,4,269.34,19 / 20,238110,2019-09-06 19:24:03:853,0.0433,0.3018,10.0221,-0.0011,0.0028,9.8066,0.0102,0.0268,0.0242,3.94,-30.56,21.81,24.52,-84.45,-169.08
52.421345,-1.534866,180.5,0.1,4,269.34,19 / 20,238210,2019-09-06 19:24:03:953,0.0925,-0.4502,9.7441,0,-0.0038,9.8066,0.0118,0.0252,0.0124,4,-30.69,22,24.47,-84.46,-169.12
52.421345,-1.534866,180.5,0.1,4,269.34,19 / 20,238310,2019-09-06 19:24:04:053,0.0988,-0.4863,9.5642,-0.0018,-0.0047,9.8066,0.0186,0.0387,0.0165,4.31,-31.25,21.31,25.14,-84.42,-169.19
52.421345,-1.534866,180.5,0.1,4,269.34,20 / 21,238410,2019-09-06 19:24:04:153,-0.02,0.2903,10.0636,0.001,0.0055,9.8066,0.0193,0.0225,0.0124,3.75,-31.19,21.94,24.34,-84.45,-169.24
52.421345,-1.534866,180.5,0.1,4,269.34,20 / 21,238510,2019-09-06 19:24:04:253,0.0439,-0.0221,10.0267,0.0005,0.0049,9.8066,0.0192,0.0334,0.0023,3.94,-31.31,21.56,24.34,-84.45,-169.23
52.421345,-1.534866,180.5,0.1,4,269.34,20 / 21,238610,2019-09-06 19:24:04:353,-0.0818,0.4098,9.9952,0.0004,-0.0037,9.8066,0.0144,0.0339,0.0068,3.94,-31.06,21.63,24.32,-84.45,-169.25
52.421345,-1.534866,180.5,0.1,4,269.34,20 / 21,238710,2019-09-06 19:24:04:453,-0.004,-0.2804,9.6794,0.0002,0.0043,9.8066,0.0137,0.0303,0.0216,3.5,-31.37,21.44,24.86,-84.44,-169.41
52.421345,-1.534866,180.5,0.1,4,269.34,20 / 21,238810,2019-09-06 19:24:04:553,-0.1555,0.2716,10.0323,0.0018,0.0032,9.8066,0.0074,0.0341,0.0151,4,-31.44,21.94,24.23,-84.45,-169.33
52.421345,-1.534866,180.5,0.1,4,269.34,20 / 21,238910,2019-09-06 19:24:04:653,0.0321,-0.1655,9.7137,-0.0011,-0.0032,9.8066,0.0083,0.0293,0.0239,4,-31.12,22,24.35,-84.47,-169.22
52.421345,-1.534866,180.5,0.1,4,269.34,20 / 21,239009,2019-09-06 19:24:04:752,-0.0186,-0.0139,9.5542,-0.001,-0.0052,9.8066,0.0072,0.0382,0.011,3.5,-30.87,22.13,24.25,-84.45,-169.31
52.421345,-1.534866,180.5,0.1,4,269.34,20 / 21,239110,2019-09-06 19:24:04:853,0.1156,-0.259,9.8056,0.0016,0.0035,9.8066,0.0021,0.0344,0.0144,3.63,-31.19,21.88,24.36,-84.44,-169.22
52.421345,-1.534866,180.5,0.1,4,269.34,20 / 21,239209,2019-09-06 19:24:04:952,0.0164,0.2133,10.0824,0.0016,0.0039,9.8066,-0.006,0.013,0.0242,3.75,-31,21.94,24.3,-84.47,-169.26
52.421345,-1.534866,180.5,0.1,4,269.34,20 / 21,239309,2019-09-06 19:24:05:052,-0.0507,-0.3409,9.7226,0.0022,0.0038,9.8066,-0.0213,0.0371,0.0102,3.81,-31.12,21.19,24.9,-84.48,-169.36
52.421345,-1.534866,180.5,0.1,4,269.34,20 / 21,239410,2019-09-06 19:24:05:153,0.0714,-0.2405,9.6562,-0.0012,-0.0008,9.8066,-0.0112,0.0217,0.0139,4.13,-30.69,21.81,24.35,-84.47,-169.22
52.421345,-1.534866,180.5,0.1,4,269.34,20 / 21,239510,2019-09-06 19:24:05:253,-0.0389,-0.0152,10.0232,0.0015,0.0009,9.8066,-0.0025,0.0195,0.0158,3.81,-31.19,21.31,25.07,-84.47,-169.21
52.421345,-1.534866,180.5,0.1,4,269.34,20 / 21,239609,2019-09-06 19:24:05:352,-0.1043,-0.0154,9.728,0.0022,0.0017,9.8066,-0.028,0.0291,0.0123,3.81,-31.44,21.38,24.96,-84.49,-169.3
52.421345,-1.534866,180.5,0.1,4,269.34,20 / 21,239710,2019-09-06 19:24:05:453,-0.0132,-0.4445,9.6955,-0.0006,0.0006,9.8066,-0.0237,0.0135,0.0251,3.81,-31.19,21.75,24.19,-84.49,-169.34
52.421345,-1.534866,180.5,0.1,4,269.34,20 / 21,239810,2019-09-06 19:24:05:553,-0.0111,0.3956,10.071,-0.0011,-0.0038,9.8066,0.007,-0.029,-0.0161,3.63,-31.06,21.69,23.81,-84.47,-169.69
52.421345,-1.534866,180.5,0.1,4,269.34,20 / 21,239909,2019-09-06 19:24:05:652,0.0797,-0.3506,9.549,0.0018,0.0061,9.8065,0.0249,-0.0372,-0.0219,3.5,-31,21.88,23.74,-84.46,-169.75
52.421345,-1.534866,180.5,0.1,4,269.34,20 / 21,240009,2019-09-06 19:24:05:752,0.0808,-0.3603,9.6707,-0.001,-0.0047,9.8066,0.0139,-0.0247,-0.0273,3.94,-31.25,21.94,23.84,-84.5,-169.64
52.421345,-1.534866,180.5,0.1,4,269.34,20 / 21,240109,2019-09-06 19:24:05:852,0.0831,-0.2439,9.9317,-0.0017,-0.005,9.8066,-0.0268,0.0406,0.0155,3.5,-31.25,21.94,23.85,-84.49,-169.65
52.421345,-1.534866,180.5,0.1,4,269.34,20 / 21,240209,2019-09-06 19:24:05:952,-0.1825,0.2854,10.0364,0.0001,-0.0049,9.8066,-0.0081,-0.0272,-0.0235,4,-30.62,21.69,23.73,-84.47,-169.76
52.421345,-1.534866,180.5,0.1,4,269.34,20 / 21,240309,2019-09-06 19:24:06:052,-0.011,0.261,10.1186,0.0016,0.0028,9.8066,0.014,-0.0258,-0.0273,3.94,-31.31,22.25,23.71,-84.48,-169.77
52.421345,-1.534866,180.5,0.1,4,269.34,20 / 22,240410,2019-09-06 19:24:06:153,-0.1306,0.1407,9.8447,-0.0022,-0.0035,9.8066,0.0218,-0.0324,-0.0151,3.81,-30.81,22.38,23.58,-84.49,-169.88
52.421345,-1.534866,180.5,0.1,4,269.34,20 / 22,240510,2019-09-06 19:24:06:253,0.0409,-0.3022,9.618,-0.0001,-0.0024,9.8066,-0.0089,-0.0243,-0.0237,3.5,-31.19,21.31,24.38,-84.48,-169.8
52.421345,-1.534866,180.5,0.1,4,269.34,20 / 22,240610,2019-09-06 19:24:06:353,0.0049,-0.2333,9.9436,-0.0015,-0.0048,9.8066,-0.0071,-0.0354,-0.0176,3.31,-31.75,21.75,20.87,-84.46,-169.82
52.421345,-1.534866,180.5,0.1,4,269.34,20 / 22,240710,2019-09-06 19:24:06:453,-0.0625,0.2618,10.1356,0.0001,0.0048,9.8066,0.0212,-0.0314,-0.0154,3.81,-30.94,22,23.75,-84.48,-169.74
52.421345,-1.534866,180.5,0.1,4,269.34,20 / 22,240809,2019-09-06 19:24:06:552,0.0084,0.0276,9.8586,0.0024,0.0042,9.8066,0.0143,-0.0205,-0.0234,3.38,-31.44,22.38,20.76,-84.48,-169.82
52.421345,-1.534866,180.5,0.1,4,269.34,20 / 22,240909,2019-09-06 19:24:06:652,-0.0197,-0.337,9.6754,-0.0012,-0.0044,9.8066,-0.0012,-0.0322,-0.0134,3.75,-30.94,21.5,23.68,-84.47,-169.8
52.421345,-1.534866,180.5,0.1,4,269.34,20 / 22,241009,2019-09-06 19:24:06:752,0.2025,-0.0967,9.7927,0.0003,-0.0032,9.8065,-0.0103,-0.0108,-0.0204,3.75,-30.81,21.5,23.55,-84.45,-169.92
52.421345,-1.534866,180.5,0.1,4,269.34,20 / 22,241110,2019-09-06 19:24:06:853,-0.027,0.0144,10.0483,0.0003,0.0066,9.8066,0.0026,0.0119,0.0059,3.56,-31.37,21.69,23.77,-84.46,-169.72
52.421345,-1.534866,180.5,0.1,4,269.34,20 / 22,241209,2019-09-06 19:24:06:952,-0.1366,0.1739,9.9404,0.002,0.0074,9.8066,-0.0002,0.0012,0.0085,4.31,-31.31,21.88,23.76,-84.47,-169.73
52.421345,-1.534866,180.5,0.1,4,269.34,20 / 22,241310,2019-09-06 19:24:07:053,0.0866,-0.2075,9.7221,-0.0005,-0.0075,9.8066,-0.031,-0.0019,0.0107,4,-30.87,21.63,23.78,-84.47,-169.71
52.421345,-1.534866,180.5,0.1,4,269.34,19 / 22,241409,2019-09-06 19:24:07:152,-0.0603,0.1957,9.7799,-0.0038,-0.005,9.8066,-0.0038,-0.0063,-0.007,3.81,-31.12,21.38,24.55,-84.44,-169.69
52.421345,-1.534866,180.5,0.1,4,269.34,19 / 22,241510,2019-09-06 19:24:07:253,-0.1396,0.1181,9.7845,0.0015,0.0054,9.8066,-0.0135,-0.0164,-0.0037,3.88,-31.19,21.75,23.89,-84.47,-169.62
52.421345,-1.534866,180.5,0.1,4,269.34,19 / 22,241609,2019-09-06 19:24:07:352,0.0227,-0.288,9.7297,0,0.0038,9.8066,-0.0142,-0.0281,-0.0061,4,-31.06,21.69,24.03,-84.47,-169.49
52.421345,-1.534866,180.5,0.1,4,269.34,19 / 22,241710,2019-09-06 19:24:07:453,0.1023,-0.0362,10.0476,-0.0013,-0.0021,9.8066,-0.0149,-0.028,-0.0113,4.06,-31.75,21.75,24.05,-84.45,-169.6
52.421345,-1.534866,180.5,0.1,4,269.34,19 / 22,241809,2019-09-06 19:24:07:552,0.0286,0.054,10.0593,-0.0005,-0.0024,9.8066,-0.0067,-0.0316,-0.0084,3.5,-31,21.88,24.02,-84.44,-169.53
52.421345,-1.534866,180.5,0.1,4,269.34,19 / 22,241909,2019-09-06 19:24:07:652,-0.064,0.142,9.935,-0.0015,0.0023,9.8066,0.0087,-0.0287,-0.0173,3.75,-31,21.5,24.05,-84.44,-169.49
52.421345,-1.534866,180.5,0.1,4,269.34,19 / 22,242009,2019-09-06 19:24:07:752,-0.1433,-0.1988,9.6077,0.0002,0.0005,9.8066,-0.0184,-0.0358,-0.0219,3.69,-31.06,21.75,24.18,-84.45,-169.38
52.421345,-1.534866,180.5,0.1,4,269.34,19 / 22,242110,2019-09-06 19:24:07:853,-0.1393,0.2518,10.0563,0.0007,-0.0023,9.8066,-0.0126,-0.0338,-0.0239,3.19,-31.62,21.06,22.01,-84.45,-169.35
52.421345,-1.534866,180.5,0.1,4,269.34,19 / 22,242213,2019-09-06 19:24:07:956,0.0642,0.1738,10.1088,-0.0001,0.0042,9.8066,0.0259,-0.027,-0.026,3.75,-30.81,21.44,24.62,-84.42,-169.63
52.421345,-1.534866,180.5,0.1,4,269.34,19 / 22,242309,2019-09-06 19:24:08:052,0.1315,-0.2063,9.8221,0.001,0.0021,9.8066,0.0307,-0.0367,-0.0118,4.19,-31.44,21.44,24.69,-84.43,-169.57
52.421345,-1.534866,180.5,0.1,4,269.34,19 / 22,242410,2019-09-06 19:24:08:153,-0.0862,-0.1858,10.0006,-0.0012,0.0017,9.8066,-0.0121,-0.0228,-0.0213,3.88,-31.25,21.5,24.12,-84.41,-169.45
52.421345,-1.534866,180.5,0.1,4,269.34,19 / 22,242509,2019-09-06 19:24:08:252,0.069,0.2609,10.0148,-0.0006,-0.0028,9.8066,-0.0338,-0.0262,-0.0195,3.63,-30.75,21.63,23.99,-84.41,-169.57
52.421345,-1.534866,180.5,0.1,4,269.34,19 / 22,242610,2019-09-06 19:24:08:353,0.2032,-0.126,9.5278,-0.0004,-0.0047,9.8066,0.0515,-0.0341,-0.0102,3.38,-31.12,22.25,21.18,-84.41,-169.5
52.421345,-1.534866,180.5,0.1,4,269.34,19 / 22,242709,2019-09-06 19:24:08:452,-0.0442,-0.0878,9.9142,-0.0001,0.0072,9.8066,0.0259,-0.017,-0.0221,3.69,-31.19,21.56,24.05,-84.39,-169.52
52.421345,-1.534866,180.5,0.1,4,269.34,19 / 22,242809,2019-09-06 19:24:08:552,-0.01,0.2692,9.9578,0.0023,0.0037,9.8066,0.0454,-0.0288,-0.0129,3.56,-31.37,21.75,24.12,-84.44,-169.44
52.421345,-1.534866,180.5,0.1,4,269.34,19 / 22,242910,2019-09-06 19:24:08:653,0.1118,0.1303,9.62,-0.0008,-0.0038,9.8066,-0.029,-0.0091,-0.022,3.63,-30.56,21.56,24.07,-84.41,-169.5
52.421345,-1.534866,180.5,0.1,4,269.34,19 / 22,243010,2019-09-06 19:24:08:753,0.0454,0.2058,10.0833,-0.0003,-0.0048,9.8066,-0.0131,-0.0147,-0.0013,3.44,-31.19,21.63,20.99,-84.41,-169.66
52.421345,-1.534866,180.5,0.1,4,269.34,19 / 22,243110,2019-09-06 19:24:08:853,-0.0879,-0.1361,9.6911,0.0004,0.0047,9.8066,0.0428,-0.0072,-0.0081,3.63,-31.19,21.81,24.1,-84.44,-169.45
52.421345,-1.534866,180.5,0.1,4,269.34,19 / 22,243209,2019-09-06 19:24:08:952,-0.0354,-0.3747,9.8519,0.0015,-0.0058,9.8066,0.0276,-0.0097,-0.0143,3.63,-31.06,21.69,24.19,-84.44,-169.38
52.421345,-1.534866,180.5,0.1,4,269.34,19 / 21,243310,2019-09-06 19:24:09:053,0.1165,0.1691,10.0903,-0.0019,-0.0026,9.8066,0.0109,-0.0028,0.0095,3.69,-30.87,21.44,24.73,-84.4,-169.56
52.421345,-1.534866,180.5,0.1,4,269.34,19 / 21,243410,2019-09-06 19:24:09:153,-0.092,0.1533,9.8575,0.001,0.0016,9.8066,0.0219,0.0109,0.0031,3.38,-30.94,22.38,21.13,-84.41,-169.53
52.421345,-1.534866,180.5,0.1,4,269.34,19 / 21,243511,2019-09-06 19:24:09:254,0.0162,-0.2879,9.7487,0.0004,0.0053,9.8066,0.0103,0.0105,0.0019,4.06,-31.31,21.81,24.15,-84.43,-169.41
52.421345,-1.534866,180.5,0.1,4,269.34,19 / 21,243610,2019-09-06 19:24:09:353,0.0588,0.2718,9.9766,-0.002,-0.0023,9.8066,0.012,0.0243,0.012,3.5,-30.81,21.75,24.13,-84.42,-169.44
52.421345,-1.534866,180.5,0.1,4,269.34,19 / 21,243709,2019-09-06 19:24:09:452,0.1878,-0.1392,9.8179,0.0001,0.0002,9.8066,0.0025,0.0348,0.0045,2.88,-31.31,21.5,21.52,-84.45,-169.18
52.421345,-1.534866,180.5,0.1,4,269.34,19 / 21,243809,2019-09-06 19:24:09:552,-0.0224,0.1302,10.0467,-0.0005,0.0042,9.8066,0.0131,0.0201,0.0226,3.94,-31.12,21.44,25.08,-84.44,-169.23
52.421345,-1.534866,180.5,0.1,4,269.34,19 / 21,243910,2019-09-06 19:24:09:653,-0.1603,0.059,9.8441,0.0026,0.0059,9.8066,-0.0166,0.0339,0.0111,3.5,-31.06,22.13,24.33,-84.47,-169.23
52.421345,-1.534866,180.5,0.1,4,269.34,19 / 21,244010,2019-09-06 19:24:09:753,-0.0703,-0.1057,10.015,0.0004,-0.0034,9.8066,-0.0182,0.0188,0.007,3.25,-31.44,22.06,21.6,-84.46,-169.11
52.421345,-1.534866,180.5,0.1,4,269.34,19 / 21,244109,2019-09-06 19:24:09:852,-0.0416,0.0053,9.6967,0.0009,-0.0045,9.8066,-0.01,0.0107,0.0058,4.06,-31.37,21.81,24.18,-84.45,-169.38
52.421345,-1.534866,180.5,0.1,4,269.34,19 / 21,244209,2019-09-06 19:24:09:952,0.0856,0.2222,10.0741,0.0027,0.0016,9.8066,-0.0381,0.0021,-0.0105,3.5,-31.19,22.5,23.36,-84.46,-169.52
52.421345,-1.534866,180.5,0.1,4,269.34,19 / 21,244310,2019-09-06 19:24:10:053,-0.0186,0.2288,9.7699,-0.0018,-0.002,9.8066,-0.0355,-0.0186,0.0067,3.44,-31.5,21.56,21.1,-84.45,-169.55
52.421345,-1.534866,180.5,0.1,4,269.34,20 / 20,244410,2019-09-06 19:24:10:153,-0.2106,0.0427,9.7883,-0.0009,-0.0019,9.8066,0.0134,0.021,-0.0005,3.31,-31.62,21.81,21.34,-84.44,-169.43
52.421345,-1.534866,180.5,0.1,4,269.34,20 / 20,244510,2019-09-06 19:24:10:253,0.1499,-0.2202,9.6812,0.0017,0.0059,9.8066,0.018,0.0353,0.0061,3.75,-30.94,21.88,24.23,-84.45,-169.34
52.421345,-1.534866,180.5,0.1,4,269.34,20 / 20,244610,2019-09-06 19:24:10:353,-0.0649,0.1257,10.0643,-0.0001,0.0045,9.8066,0.0157,0.0266,0.0232,3.69,-30.94,21.38,25.03,-84.44,-169.27
52.421345,-1.534866,180.5,0.1,4,269.34,20 / 20,244710,2019-09-06 19:24:10:453,-0.0227,0.2902,9.8961,-0.0017,-0.0042,9.8066,0.0003,0.0276,0.0148,3.94,-30.69,21.69,24.42,-84.43,-169.18
52.421345,-1.534866,180.5,0.1,4,269.34,20 / 20,244810,2019-09-06 19:24:10:553,0.0705,-0.1865,9.6262,0.0005,0.002,9.8066,-0.009,0.0325,0.0125,3.5,-30.69,21.63,24.45,-84.42,-169.16
52.421345,-1.534866,180.5,0.1,4,269.34,20 / 20,244910,2019-09-06 19:24:10:653,0.0389,-0.227,9.754,-0.0004,0.0004,9.8066,-0.0101,0.0224,0.0213,3.75,-31.19,21.31,25.29,-84.42,-169.05
52.421345,-1.534866,180.5,0.1,4,269.34,20 / 20,245010,2019-09-06 19:24:10:753,0.0639,-0.1004,9.9768,-0.0014,-0.0025,9.8066,-0.0269,0.0273,0.0038,3.88,-30.87,21.44,25.04,-84.41,-169.28
52.421345,-1.534866,180.5,0.1,4,269.34,20 / 20,245109,2019-09-06 19:24:10:852,0.0323,-0.0102,9.5957,0.0001,0.0039,9.8066,-0.0117,0.0105,0.0064,3.88,-31.06,21.88,24.17,-84.41,-169.41
52.421345,-1.534866,180.5,0.1,4,269.34,20 / 20,245209,2019-09-06 19:24:10:952,-0.0573,0.0524,10.035,0.0019,0.006,9.8066,-0.0057,0.0141,0.0128,3.69,-31.31,21.94,24.28,-84.44,-169.3
52.421345,-1.534866,180.5,0.1,4,269.34,19 / 20,245309,2019-09-06 19:24:11:052,-0.1548,-0.221,9.6825,0,0.004,9.8066,-0.0447,0.0151,-0.0016,3.63,-30.94,21.63,24.26,-84.45,-169.31
52.421345,-1.534866,180.5,0.1,4,269.34,19 / 20,245410,2019-09-06 19:24:11:153,-0.1143,-0.4184,9.8041,-0.0002,-0.0047,9.8066,-0.0339,-0.0095,0.0067,3.5,-30.94,21.88,24.42,-84.45,-169.17
52.421345,-1.534866,180.5,0.1,4,269.34,19 / 20,245509,2019-09-06 19:24:11:252,-0.0264,0.3515,9.8296,-0.0015,-0.007,9.8066,0.005,-0.0019,0.004,3.38,-30.94,21.44,21.94,-84.42,-169.33
52.421345,-1.534866,180.5,0.1,4,269.34,19 / 20,245610,2019-09-06 19:24:11:353,-0.1732,0.0132,9.844,-0.0002,0.0045,9.8066,0.0022,-0.0305,-0.0051,3.38,-30.62,22.06,21.52,-84.46,-169.17
52.421345,-1.534866,180.5,0.1,4,269.34,19 / 20,245709,2019-09-06 19:24:11:452,0.0217,-0.3919,9.6672,0.0016,0.0062,9.8066,-0.0431,-0.0225,-0.0013,3.75,-31.06,21.44,25.07,-84.46,-169.22
52.421345,-1.534866,180.5,0.1,4,269.34,19 / 20,245810,2019-09-06 19:24:11:553,0.0674,0.3401,10.0686,-0.0002,-0.0027,9.8066,-0.05,-0.0114,-0.0024,3.81,-30.94,21.19,24.93,-84.46,-169.34
52.421345,-1.534866,180.5,0.1,4,269.34,19 / 20,245910,2019-09-06 19:24:11:653,0.1546,-0.1731,9.5953,-0.0004,0.0044,9.8066,0.0066,-0.0253,-0.0027,3.56,-31,21.69,24.3,-84.49,-169.25
52.421345,-1.534866,180.5,0.1,4,269.34,19 / 20,246009,2019-09-06 19:24:11:752,-0.0839,-0.1198,9.959,0.0017,0.0024,9.8066,-0.0093,-0.0091,-0.0114,3.63,-31.25,21.25,24.89,-84.49,-169.36
52.421345,-1.534866,180.5,0.1,4,269.34,19 / 20,246110,2019-09-06 19:24:11:853,0.1252,-0.0924,10.023,0.0005,-0.0003,9.8066,0.001,-0.0325,-0.0007,3.38,-31.56,21.75,21.54,-84.48,-169.23
52.421345,-1.534866,180.5,0.1,4,269.34,19 / 20,246209,2019-09-06 19:24:11:952,-0.1349,0.2983,9.9861,0.0012,0,9.8066,-0.027,-0.0212,-0.01,3.75,-30.31,21.75,24.03,-84.49,-169.38
52.421345,-1.534866,180.5,0.1,4,269.34,19 / 20,246309,2019-09-06 19:24:12:052,-0.0282,0.0413,9.668,0.0018,0.0028,9.8066,0.0064,-0.0225,-0.0191,3.88,-30.75,21.75,24.12,-84.5,-169.4
52.421345,-1.534866,180.5,0.1,4,269.34,20 / 20,246410,2019-09-06 19:24:12:153,0.0235,0.2068,10.1081,-0.0026,0.0029,9.8066,0.0144,-0.0439,-0.0133,3.5,-30.37,21.63,23.93,-84.49,-169.48
52.421345,-1.534866,180.5,0.1,4,269.34,20 / 20,246510,2019-09-06 19:24:12:253,-0.1246,0.2525,10.053,-0.0001,-0.0024,9.8066,-0.0182,-0.027,-0.0226,3.94,-31.31,21.63,24.38,-84.5,-169.18
52.421345,-1.534866,180.5,0.1,4,269.34,20 / 20,246610,2019-09-06 19:24:12:353,-0.0013,-0.1172,9.6484,-0.0004,-0.0033,9.8066,-0.0231,-0.0294,-0.0137,3.25,-31.25,22.13,21.35,-84.5,-169.3
52.421345,-1.534866,180.5,0.1,4,269.34,20 / 20,246710,2019-09-06 19:24:12:453,0.1178,-0.0104,9.9877,-0.0003,-0.002,9.8066,0.032,-0.0193,-0.0093,3.63,-31.44,21,24.94,-84.5,-169.31
52.421345,-1.534866,180.5,0.1,4,269.34,20 / 20,246809,2019-09-06 19:24:12:552,0.004,0.1769,9.9752,0,0.002,9.8066,0.0296,-0.0063,-0.0131,3.69,-31,21.63,24.18,-84.51,-169.34
52.421345,-1.534866,180.5,0.1,4,269.34,20 / 20,246910,2019-09-06 19:24:12:653,-0.0045,-0.426,9.8379,0.0004,0.0002,9.8066,0.0031,-0.0071,0.0053,3.94,-30.94,21.5,24.16,-84.52,-169.35
52.421345,-1.534866,180.5,0.1,4,269.34,20 / 20,247009,2019-09-06 19:24:12:752,-0.0689,0.2205,9.7689,-0.0002,-0.0001,9.8066,-0.0017,0.0192,-0.0124,3.88,-31.19,21.81,24.21,-84.52,-169.31
52.421345,-1.534866,180.5,0.1,4,269.34,20 / 20,247110,2019-09-06 19:24:12:853,-0.0079,0.0255,9.9742,0.0016,0.0011,9.8066,0.0156,0.0182,0.0117,3.75,-30.87,21.31,24.69,-84.53,-169.51
52.421345,-1.534866,180.5,0.1,4,269.34,20 / 20,247209,2019-09-06 19:24:12:952,-0.1363,-0.2359,9.7103,0.0001,-0.0017,9.8066,-0.0014,0.0412,0.0158,4.19,-31.31,21.5,23.89,-84.53,-169.58
52.421345,-1.534866,180.5,0.1,4,269.34,20 / 20,247309,2019-09-06 19:24:13:052,-0.1805,0.1514,9.9767,-0.0029,0.0008,9.8066,-0.0051,-0.0179,-0.0074,3.5,-30.69,22.19,24.08,-84.51,-169.43
52.421345,-1.534866,180.5,0.1,4,269.34,19 / 20,247410,2019-09-06 19:24:13:153,-0.0809,-0.2597,9.6856,-0.0009,-0.0022,9.8066,0.0181,-0.0113,-0.0201,3.38,-31.06,21.25,21.8,-84.52,-169.39
52.421345,-1.534866,180.5,0.1,4,269.34,19 / 20,247509,2019-09-06 19:24:13:252,0.0316,-0.3898,9.836,0.0021,0.0015,9.8066,0.0314,-0.0069,-0.0092,4,-30.94,22.06,24.13,-84.53,-169.37
52.421345,-1.534866,180.5,0.1,4,269.34,19 / 20,247610,2019-09-06 19:24:13:353,-0.0819,0.2158,10.0119,-0.0006,-0.0004,9.8066,-0.0011,0.0179,-0.0075,4,-30.62,21.13,24.78,-84.52,-169.43
52.421345,-1.534866,180.5,0.1,4,269.34,19 / 20,247710,2019-09-06 19:24:13:453,-0.0378,0.1775,9.7782,0.0008,0.0005,9.8066,0.0068,0.0137,0.0112,3.81,-31,21.63,23.95,-84.53,-169.53
52.421345,-1.534866,180.5,0.1,4,269.34,19 / 20,247810,2019-09-06 19:24:13:553,0.075,0.0543,10.0275,-0.0007,0.0001,9.8066,0.0136,0.0334,0.0046,3.25,-31,21.75,21.05,-84.52,-169.55
52.421345,-1.534866,180.5,0.1,4,269.34,19 / 20,247909,2019-09-06 19:24:13:652,-0.0195,-0.2614,9.7101,-0.0005,-0.0036,9.8066,-0.0065,0.0262,0.0173,3.56,-31.06,21.63,23.8,-84.5,-169.68
52.421345,-1.534866,180.5,0.1,4,269.34,19 / 20,248009,2019-09-06 19:24:13:752,0.0949,0.2499,10.0534,-0.0006,-0.0041,9.8066,0.0025,0.0266,0.018,3.44,-31.31,21.88,20.93,-84.5,-169.66
52.421345,-1.534866,180.5,0.1,4,269.34,19 / 20,248110,2019-09-06 19:24:13:853,0.0798,-0.2704,9.6055,-0.0008,0.0029,9.8066,-0.0134,0.0395,0.0121,4.31,-30.81,21.88,23.74,-84.5,-169.73
52.421345,-1.534866,180.5,0.1,4,269.34,19 / 20,248209,2019-09-06 19:24:13:952,-0.0749,-0.1638,9.9296,0.0012,0.0032,9.8066,-0.0065,0.0288,0.018,3.63,-31.56,21.75,23.98,-84.52,-169.61
52.421345,-1.534866,180.5,0.1,4,269.34,19 / 20,248309,2019-09-06 19:24:14:052,0.0354,0.3682,10.0663,-0.0008,-0.0048,9.8066,-0.022,0.0372,0.0118,3.63,-31,21.81,23.78,-84.49,-169.7
52.421345,-1.534866,180.5,0.1,4,269.34,20 / 20,248409,2019-09-06 19:24:14:152,-0.0003,0.1837,9.6993,0,-0.004,9.8065,-0.0158,0.0153,0.0217,3.13,-30.87,21.88,20.82,-84.49,-169.76
52.421345,-1.534866,180.5,0.1,4,269.34,20 / 20,248510,2019-09-06 19:24:14:253,-0.0196,0.1565,9.7208,-0.0007,-0.0009,9.8066,-0.0011,0.0183,0.0134,3.88,-30.56,21.63,24,-84.5,-169.5
52.421345,-1.534866,180.5,0.1,4,269.34,20 / 20,248610,2019-09-06 19:24:14:353,-0.0947,-0.036,9.7304,0.0013,0.0017,9.8066,-0.0175,0.0202,0.01,3.25,-30.69,21.5,21.05,-84.5,-169.56
52.421345,-1.534866,180.5,0.1,4,269.34,20 / 20,248709,2019-09-06 19:24:14:452,0.0258,-0.4123,9.787,-0.0009,-0.001,9.8066,-0.0218,0.0058,0.0201,3.75,-31,21.75,23.92,-84.49,-169.58
52.421345,-1.534866,180.5,0.1,4,269.34,20 / 20,248809,2019-09-06 19:24:14:552,0.119,0.0938,10.0623,0.0001,0.0008,9.8066,-0.0372,0.0118,0.0002,3.56,-30.94,22,23.75,-84.5,-169.72
52.421345,-1.534866,180.5,0.1,4,269.34,20 / 20,248910,2019-09-06 19:24:14:653,0.0927,-0.077,9.643,-0.0011,-0.0003,9.8066,-0.0097,-0.0046,0.0101,3.69,-30.75,21.69,23.88,-84.48,-169.62
52.421345,-1.534866,180.5,0.1,4,269.34,20 / 20,249009,2019-09-06 19:24:14:752,-0.0119,0.189,10.0683,0,-0.0007,9.8066,-0.0064,-0.0011,-0.0022,3.13,-30.81,21.38,21.43,-84.48,-169.74
52.421345,-1.534866,180.5,0.1,4,269.34,20 / 20,249109,2019-09-06 19:24:14:852,-0.0323,-0.4878,9.6909,0.0006,-0.0006,9.8066,-0.042,-0.016,-0.0145,3.06,-30.75,21.56,20.85,-84.48,-169.75
52.421345,-1.534866,180.5,0.1,4,269.34,20 / 20,249210,2019-09-06 19:24:14:953,-0.1774,0.2671,9.9271,-0.0003,0.0024,9.8066,-0.0002,0.0394,-0.0066,3.5,-30.87,21,24.54,-84.48,-169.67
52.421345,-1.534866,180.5,0.1,4,269.34,20 / 20,249310,2019-09-06 19:24:15:053,-0.0633,-0.2483,9.7538,0.0011,0.0032,9.8066,0.0128,0.0267,0.0173,3.31,-30.69,21.81,20.83,-84.48,-169.76
52.421345,-1.534866,180.5,0.1,4,269.34,19 / 20,249409,2019-09-06 19:24:15:152,-0.0823,-0.2143,9.7068,-0.0027,0,9.8066,-0.0006,0.0373,0.0097,3.81,-31.5,21.38,24.5,-84.46,-169.72
52.421345,-1.534866,180.5,0.1,4,269.34,19 / 20,249509,2019-09-06 19:24:15:252,0.1604,-0.1086,9.6068,-0.0013,-0.0046,9.8066,0.0003,0.032,0.0098,3.25,-31,21.38,21.49,-84.45,-169.7
52.421345,-1.534866,180.5,0.1,4,269.34,19 / 20,249609,2019-09-06 19:24:15:352,-0.0096,-0.097,9.9361,0.0013,0.004,9.8066,-0.002,0.0279,0.0173,4.31,-30.44,21.94,23.75,-84.48,-169.63
52.421345,-1.534866,180.5,0.1,4,269.34,19 / 20,249709,2019-09-06 19:24:15:452,-0.1496,-0.0178,9.7517,-0.0005,0.0037,9.8066,-0.0195,0.0186,0.0054,3.44,-30.94,21.81,21.03,-84.47,-169.6
52.421345,-1.534866,180.5,0.1,4,269.34,19 / 20,249809,2019-09-06 19:24:15:552,-0.1377,0.0052,10.0216,-0.0001,-0.0044,9.8066,-0.0212,0.0056,0.0197,3.31,-31.56,21.25,21.69,-84.47,-169.61
52.421345,-1.534866,180.5,0.1,4,269.34,19 / 20,249910,2019-09-06 19:24:15:653,-0.0114,-0.033,9.6456,0,0,9.8066,0.002,0.0009,-0.0007,3.63,-31.19,21.81,24.06,-84.47,-169.47
52.421345,-1.534866,180.5,0.1,4,269.34,19 / 20,250010,2019-09-06 19:24:15:753,0.1079,-0.2016,9.8867,0.0001,0.0019,9.8066,-0.0031,-0.0121,0.0014,3.19,-31.37,21.63,21.17,-84.47,-169.47
52.421345,-1.534866,180.5,0.1,4,269.34,19 / 20,250110,2019-09-06 19:24:15:853,-0.0106,0.2694,10.0378,-0.0003,-0.0016,9.8066,-0.0269,-0.0158,-0.0016,3.88,-31.12,21.19,24.62,-84.48,-169.6
52.421345,-1.534866,180.5,0.1,4,269.34,19 / 20,250210,2019-09-06 19:24:15:953,-0.0341,-0.442,9.7132,-0.0002,-0.001,9.8066,-0.0327,-0.0206,-0.0113,3.81,-30.69,21.44,24.63,-84.48,-169.6
52.421345,-1.534866,180.5,0.1,4,269.34,19 / 20,250309,2019-09-06 19:24:16:052,0.0738,0.0929,10.0594,0.001,0.0035,9.8066,0.0097,-0.0344,-0.0104,4,-31.06,21.25,24.56,-84.5,-169.64
52.421345,-1.534866,180.5,0.1,4,269.34,19 / 19,250410,2019-09-06 19:24:16:153,-0.0352,0.1637,9.9698,0.0014,0.0027,9.8066,0.0118,-0.0252,-0.021,4.13,-31.19,21.06,24.5,-84.5,-169.69
52.421345,-1.534866,180.5,0.1,4,269.34,19 / 19,250510,2019-09-06 19:24:16:253,0.0881,-0.4203,9.8195,-0.0003,-0.0024,9.8066,-0.0166,-0.0452,-0.0115,3.94,-31.06,21.81,23.76,-84.48,-169.73
52.421345,-1.534866,180.5,0.1,4,269.34,19 / 19,250610,2019-09-06 19:24:16:353,-0.1146,-0.3903,9.8443,0.0007,-0.004,9.8066,-0.0295,-0.0251,-0.0277,3.81,-31.56,21.63,23.66,-84.48,-169.91
52.421345,-1.534866,180.5,0.1,4,269.34,19 / 19,250710,2019-09-06 19:24:16:453,0.0364,0.2169,10.1163,0.0009,0.0022,9.8066,0.0281,-0.0277,-0.022,4.31,-30.94,21.63,23.52,-84.48,-169.93
52.421345,-1.534866,180.5,0.1,4,269.34,19 / 19,250809,2019-09-06 19:24:16:552,-0.1888,0.222,9.9192,0.0006,0.0064,9.8066,0.0142,-0.0386,-0.0155,3.75,-31.56,22.19,23.65,-84.5,-169.91
52.421345,-1.534866,180.5,0.1,4,269.34,19 / 19,250909,2019-09-06 19:24:16:652,0.0276,-0.3791,9.6475,-0.0001,-0.005,9.8066,-0.0067,-0.0215,-0.0235,3.63,-31.12,21.25,24.08,-84.47,-170.07
52.421345,-1.534866,180.5,0.1,4,269.34,19 / 19,251010,2019-09-06 19:24:16:753,-0.0257,-0.1766,9.6882,-0.0012,-0.0029,9.8066,-0.0052,-0.0328,-0.0134,3.63,-31.44,21.44,24.14,-84.47,-170.02
52.421345,-1.534866,180.5,0.1,4,269.34,19 / 19,251109,2019-09-06 19:24:16:852,0.1071,0.0047,10.0071,0,0.0038,9.8066,0.0279,-0.0237,-0.0119,3.63,-31.37,21.69,23.38,-84.48,-170.06
52.421345,-1.534866,180.5,0.1,4,269.34,19 / 19,251209,2019-09-06 19:24:16:952,0.0144,-0.1252,9.7255,0.0022,0.0047,9.8066,0.0213,-0.0071,-0.0171,3.63,-30.94,21.88,23.31,-84.48,-170.12
52.421345,-1.534866,180.5,0.1,4,269.34,19 / 19,251309,2019-09-06 19:24:17:052,0.0157,-0.4129,9.7996,-0.0009,-0.005,9.8066,0.0177,-0.0167,0.0019,3.38,-31.19,21.5,20.42,-84.47,-170.13
52.421345,-1.534866,180.5,0.1,4,269.34,20 / 21,251410,2019-09-06 19:24:17:153,0.1356,-0.0756,9.6447,0.0007,-0.0041,9.8066,-0.0044,0.0126,-0.0123,3.75,-31.06,21.81,23.12,-84.45,-170.3
52.421345,-1.534866,180.5,0.1,4,269.34,20 / 21,251510,2019-09-06 19:24:17:253,0.0096,0.2631,10.0914,-0.0002,0.0044,9.8066,0.0219,0.0123,0.0045,3.81,-31.44,21.81,23.3,-84.47,-170.14
52.421345,-1.534866,180.5,0.1,4,269.34,20 / 21,251609,2019-09-06 19:24:17:352,-0.1167,0.0673,9.8052,0.0022,0.0043,9.8066,0.0258,0.0218,0.0084,3.69,-30.69,21.31,23.91,-84.47,-170.23
52.421345,-1.534866,180.5,0.1,4,269.34,20 / 21,251710,2019-09-06 19:24:17:453,-0.0207,0.1139,9.6627,0.0003,-0.0031,9.8066,0.0021,0.0331,0.0021,3.38,-30.94,21.69,20.34,-84.45,-170.21
52.421345,-1.534866,180.5,0.1,4,269.34,20 / 21,251810,2019-09-06 19:24:17:553,-0.0661,-0.2705,9.7586,-0.0015,-0.0049,9.8066,0.0051,0.0299,0.0141,3.5,-31.06,21.5,23.24,-84.44,-170.2
52.421345,-1.534866,180.5,0.1,4,269.34,20 / 21,251910,2019-09-06 19:24:17:653,-0.0715,-0.142,9.6916,0.0025,0.0037,9.8066,0.0019,0.0373,0.0125,3.94,-31.19,21.25,23.97,-84.47,-170.17
52.421345,-1.534866,180.5,0.1,4,269.34,20 / 21,252009,2019-09-06 19:24:17:752,-0.0493,-0.3612,9.8817,-0.0012,-0.0013,9.8066,-0.0083,0.0367,0.0249,3.63,-31,21.81,23.41,-84.46,-170.04
52.421345,-1.534866,180.5,0.1,4,269.34,20 / 21,252109,2019-09-06 19:24:17:852,-0.0117,0.1871,10.0587,-0.0009,-0.0029,9.8066,0.0016,0.0279,0.021,3.63,-31.12,22.31,23.47,-84.47,-169.98
52.421345,-1.534866,180.5,0.1,4,269.34,20 / 21,252209,2019-09-06 19:24:17:952,0.1224,-0.2057,9.5747,0.0002,-0.0019,9.8066,-0.0056,0.0288,0.0109,3.44,-30.87,21.25,21.14,-84.46,-170
52.421345,-1.534866,180.5,0.1,4,269.34,20 / 21,252309,2019-09-06 19:24:18:052,-0.025,0.2419,10.089,-0.0006,0.0011,9.8066,0.0076,0.0263,0.0188,4,-30.69,21.56,23.45,-84.47,-170.01
52.421345,-1.534866,180.5,0.1,4,269.34,20 / 20,252409,2019-09-06 19:24:18:152,-0.0028,0.3444,10.0502,0.0012,0.0026,9.8066,-0.0186,0.0281,0.0112,3.94,-31.25,22.13,23.42,-84.47,-170.03
52.421345,-1.534866,180.5,0.1,4,269.34,20 / 20,252510,2019-09-06 19:24:18:253,0.0068,-0.0016,9.6192,-0.0003,-0.0007,9.8066,-0.0189,0.0151,0.0117,3.94,-30.87,21.63,23.41,-84.46,-170.04
52.421345,-1.534866,180.5,0.1,4,269.34,20 / 20,252609,2019-09-06 19:24:18:352,-0.0855,-0.3242,9.7414,-0.0004,-0.0014,9.8066,-0.0181,0.018,0.0109,3.88,-31,22.13,23.41,-84.47,-170.03
52.421345,-1.534866,180.5,0.1,4,269.34,20 / 20,252709,2019-09-06 19:24:18:452,-0.1634,0.26,9.9394,0.0016,0.0025,9.8066,-0.0294,0.0101,0.0002,3.13,-30.87,21.44,21.2,-84.5,-169.93
52.421345,-1.534866,180.5,0.1,4,269.34,20 / 20,252810,2019-09-06 19:24:18:553,-0.0856,0.2665,9.8263,-0.0013,0.0002,9.8066,-0.0252,-0.0114,0.0082,3.44,-31.25,22.19,20.68,-84.49,-169.89
52.421345,-1.534866,180.5,0.1,4,269.34,20 / 20,252909,2019-09-06 19:24:18:652,-0.0512,-0.1848,9.8953,0.0008,0.0019,9.8066,-0.0061,-0.0041,-0.0105,3.75,-31.56,21.38,24.39,-84.49,-169.9
52.421345,-1.534866,180.5,0.1,4,269.34,20 / 20,253009,2019-09-06 19:24:18:752,-0.077,0.2713,10.068,0.0002,0.0028,9.8066,0.0072,-0.0292,0.0044,4.06,-30.69,21.63,23.62,-84.51,-169.84
52.421345,-1.534866,180.5,0.1,4,269.34,20 / 20,253110,2019-09-06 19:24:18:853,-0.0081,-0.096,9.7821,0,-0.0028,9.8066,0.0021,-0.0147,-0.0189,3.69,-31.12,21.13,24.24,-84.5,-169.92
52.421345,-1.534866,180.5,0.1,4,269.34,20 / 20,253210,2019-09-06 19:24:18:953,0.0183,-0.0287,10.0232,-0.0007,-0.0041,9.8066,0.0075,0.0224,0.0108,3.5,-30.87,21.44,24.17,-84.48,-169.99
52.421345,-1.534866,180.5,0.1,4,269.34,20 / 20,253310,2019-09-06 19:24:19:053,0.0229,-0.1161,9.5841,0.0003,0.0023,9.8066,-0.0088,0.0402,0.0096,4.13,-31.19,22,23.34,-84.47,-170.1
52.421345,-1.534866,180.5,0.1,4,269.34,20 / 21,253409,2019-09-06 19:24:19:152,0.081,-0.2243,9.7094,0.001,0.0026,9.8066,-0.0006,0.0191,0.0249,4,-30.37,21.75,23.21,-84.49,-170.1
52.421345,-1.534866,180.5,0.1,4,269.34,20 / 21,253509,2019-09-06 19:24:19:252,0.0727,-0.249,9.9351,-0.0011,-0.0033,9.8066,-0.0149,0.035,0.0057,3.81,-31.37,22.06,23.42,-84.47,-170.02
52.421345,-1.534866,180.5,0.1,4,269.34,20 / 21,253609,2019-09-06 19:24:19:352,-0.1732,0.2175,10.0381,0.0005,-0.0034,9.8065,-0.0059,-0.0228,-0.0187,3.94,-31.06,21.75,23.27,-84.48,-170.16
52.421345,-1.534866,180.5,0.1,4,269.34,20 / 21,253710,2019-09-06 19:24:19:453,-0.0033,-0.2578,9.6718,0.0011,0.0045,9.8066,-0.005,-0.0237,-0.0154,3.69,-31.62,21.69,23.44,-84.47,-170.11
52.421345,-1.534866,180.5,0.1,4,269.34,20 / 21,253809,2019-09-06 19:24:19:552,0.0539,0.102,10.0861,-0.0009,0.0034,9.8066,0.0334,-0.0128,-0.0076,3.69,-31.31,21.75,23.44,-84.48,-170
52.421345,-1.534866,180.5,0.1,4,269.34,20 / 21,253910,2019-09-06 19:24:19:653,-0.0989,0.2826,9.8082,0.0002,-0.0019,9.8066,0.0022,-0.0044,-0.0157,4.13,-31.37,22.06,23.42,-84.48,-170.02
52.421345,-1.534866,180.5,0.1,4,269.34,20 / 21,254010,2019-09-06 19:24:19:753,-0.0237,0.0185,9.683,-0.0025,-0.0056,9.8066,0.0052,-0.0012,-0.0006,3.81,-31.62,21.69,23.64,-84.46,-169.94
52.421345,-1.534866,180.5,0.1,4,269.34,20 / 21,254109,2019-09-06 19:24:19:852,0.0518,-0.105,9.9702,0.0012,0.0051,9.8066,0.0059,0.0233,-0.0041,3.63,-31.56,21.69,23.67,-84.49,-169.9
52.421345,-1.534866,180.5,0.1,4,269.34,20 / 21,254209,2019-09-06 19:24:19:952,-0.0933,0.0113,10.0032,0.0008,0.0049,9.8066,0.0096,0.0183,0.0064,4.25,-30.87,21.94,23.61,-84.48,-169.86
52.421345,-1.534866,180.5,0.1,4,269.34,20 / 21,254310,2019-09-06 19:24:20:053,0.0587,0.2815,9.8901,-0.0033,-0.005,9.8066,0.0061,0.0249,0.0211,3.63,-30.25,21.5,23.38,-84.49,-169.95
52.421345,-1.534866,180.5,0.1,4,269.34,20 / 20,254410,2019-09-06 19:24:20:153,0.0988,-0.0837,9.6256,-0.0011,-0.0039,9.8066,-0.011,0.0287,0.0111,3.69,-31.31,21.63,23.73,-84.45,-169.76
52.421345,-1.534866,180.5,0.1,4,269.34,20 / 20,254509,2019-09-06 19:24:20:252,-0.029,-0.0252,9.975,-0.001,0.0019,9.8066,-0.008,0.0191,0.0131,3.75,-31.19,21.38,24.61,-84.47,-169.61
52.421345,-1.534866,180.5,0.1,4,269.34,20 / 20,254609,2019-09-06 19:24:20:352,0.0088,0.0538,10.0373,0.0023,0.0049,9.8066,-0.0244,0.0137,0.0056,3.13,-31.06,21.69,20.91,-84.49,-169.69
52.421345,-1.534866,180.5,0.1,4,269.34,20 / 20,254710,2019-09-06 19:24:20:453,0.0503,-0.1549,9.5838,0.0005,0.0005,9.8066,-0.0214,0.0021,0.0088,3.88,-31.5,21.81,23.76,-84.49,-169.72
52.421345,-1.534866,180.5,0.1,4,269.34,20 / 20,254809,2019-09-06 19:24:20:552,-0.0514,-0.235,9.8971,-0.0001,-0.0006,9.8066,0.0044,-0.0065,0.0002,3.88,-31.06,21.75,23.71,-84.49,-169.76
52.421345,-1.534866,180.5,0.1,4,269.34,20 / 20,254909,2019-09-06 19:24:20:652,-0.078,0.2636,10.065,-0.0005,-0.0007,9.8066,-0.0028,-0.0195,0.0056,3.88,-30.87,22.13,23.76,-84.48,-169.72
52.421345,-1.534866,180.5,0.1,4,269.34,20 / 20,255009,2019-09-06 19:24:20:752,-0.1346,0.2829,10.0538,0.0001,-0.0013,9.8066,-0.0202,-0.023,-0.003,3.44,-30.87,21.5,20.73,-84.48,-169.85
52.421345,-1.534866,180.5,0.1,4,269.34,20 / 20,255109,2019-09-06 19:24:20:852,-0.0508,-0.2623,9.6476,-0.0019,0.0011,9.8066,-0.0054,-0.012,-0.0146,3.31,-31.12,21.88,20.69,-84.47,-169.89
52.421345,-1.534866,180.5,0.1,4,269.34,20 / 20,255210,2019-09-06 19:24:20:953,0.0404,0.0134,10.0159,-0.0011,0.003,9.8066,0.0084,-0.0321,-0.0032,3.38,-31.37,21.88,21,-84.48,-169.62
52.421345,-1.534866,180.5,0.1,4,269.34,20 / 20,255310,2019-09-06 19:24:21:053,-0.0273,0.0726,10.0501,-0.0013,-0.004,9.8065,-0.028,-0.0292,-0.0101,3.5,-31.06,21.44,24.44,-84.46,-169.77
52.421345,-1.534866,180.5,0.1,4,269.34,20 / 20,255409,2019-09-06 19:24:21:152,0.0541,0.3145,9.9363,-0.001,-0.0053,9.8066,-0.0337,-0.0277,-0.0201,3.81,-31.44,21.19,24.42,-84.46,-169.78
52.421345,-1.534866,180.5,0.1,4,269.34,20 / 20,255510,2019-09-06 19:24:21:253,0.0273,-0.0035,9.5916,-0.0012,0.004,9.8066,0.0169,-0.0403,-0.0062,3.56,-31.06,22.19,23.65,-84.46,-169.83
52.421345,-1.534866,180.5,0.1,4,269.34,20 / 20,255610,2019-09-06 19:24:21:353,-0.0603,-0.2617,9.8044,0.0008,0.0034,9.8065,0.0082,-0.0258,-0.0245,3.69,-30.75,22,23.84,-84.48,-169.65
52.421345,-1.534866,180.5,0.1,4,269.34,20 / 20,255710,2019-09-06 19:24:21:453,0.0777,0.1003,10.0995,-0.0009,-0.0028,9.8066,-0.0224,-0.0336,-0.0173,3.94,-30.69,21.94,23.79,-84.48,-169.7
52.421345,-1.534866,180.5,0.1,4,269.34,20 / 20,255810,2019-09-06 19:24:21:553,-0.0603,0.3421,9.9118,0.001,-0.0018,9.8066,-0.024,-0.0347,-0.0201,4.13,-30.81,21.69,23.64,-84.48,-169.83
52.421345,-1.534866,180.5,0.1,4,269.34,20 / 20,255910,2019-09-06 19:24:21:653,-0.0319,0.3321,9.8815,0.0016,0.0032,9.8066,0.0183,-0.0327,-0.0215,3.56,-31.25,21.31,24.3,-84.5,-169.87
52.421345,-1.534866,180.5,0.1,4,269.34,20 / 20,256010,2019-09-06 19:24:21:753,0.1342,-0.2221,9.8676,-0.0001,0.0051,9.8066,0.0222,-0.043,-0.0132,3.75,-31.37,22.19,23.63,-84.5,-169.82
52.421345,-1.534866,180.5,0.1,4,269.34,20 / 20,256110,2019-09-06 19:24:21:853,0.0183,0.0718,9.8459,-0.0003,-0.0053,9.8066,-0.0118,-0.0218,-0.0207,3.44,-30.75,21.88,20.54,-84.47,-170.02
52.421345,-1.534866,180.5,0.1,4,269.34,20 / 20,256210,2019-09-06 19:24:21:953,-0.0522,-0.2017,9.6406,-0.0011,-0.0051,9.8066,-0.0101,-0.0267,-0.0141,3.94,-31.44,21.94,23.49,-84.46,-169.97
52.421345,-1.534866,180.5,0.1,4,269.34,20 / 20,256310,2019-09-06 19:24:22:053,0.0787,-0.0755,9.9925,0.0012,0.0042,9.8066,-0.0122,-0.0104,-0.0225,3.88,-31,21.69,23.39,-84.49,-170.05
52.421345,-1.534866,180.5,0.1,4,269.34,20 / 20,256410,2019-09-06 19:24:22:153,0.0053,0.2453,9.9922,-0.0011,-0.004,9.8066,0.03,-0.0129,-0.0108,3.44,-30.94,21.88,20.42,-84.49,-170.11
52.421345,-1.534866,180.5,0.1,4,269.34,20 / 20,256509,2019-09-06 19:24:22:252,0.0377,-0.377,9.799,-0.0013,-0.0031,9.8066,-0.0211,0.0064,0.0009,3.81,-30.75,21.88,23.4,-84.48,-170.04
52.421345,-1.534866,180.5,0.1,4,269.34,20 / 20,256610,2019-09-06 19:24:22:353,-0.1169,0.2574,10.0773,-0.0012,-0.0039,9.8066,-0.0069,-0.0113,0.0043,3.44,-30.94,21.88,20.54,-84.45,-170.03
52.421345,-1.534866,180.5,0.1,4,269.34,20 / 20,256710,2019-09-06 19:24:22:453,0.0153,-0.1691,9.9116,0.0004,0.0062,9.8066,0.0076,-0.0123,0.0011,3.19,-31.5,22.06,20.71,-84.47,-169.87
52.421345,-1.534866,180.5,0.1,4,269.34,20 / 20,256809,2019-09-06 19:24:22:552,-0.1629,0.0859,9.8705,-0.0003,0.0057,9.8066,-0.0483,-0.0112,-0.0087,3.69,-30.87,21.94,23.63,-84.47,-169.84
52.421345,-1.534866,180.5,0.1,4,269.34,20 / 20,256910,2019-09-06 19:24:22:653,-0.081,-0.1907,9.9801,-0.0003,0.0029,9.8066,-0.0311,-0.0276,-0.0024,3.81,-31.31,21.81,23.62,-84.47,-169.86
52.421345,-1.534866,180.5,0.1,4,269.34,20 / 20,257010,2019-09-06 19:24:22:753,-0.0516,-0.0399,9.9914,0.0008,0.0013,9.8066,0.0076,-0.0198,-0.0152,3.94,-31,21.88,23.62,-84.48,-169.85
52.421345,-1.534866,180.5,0.1,4,269.34,20 / 20,257110,2019-09-06 19:24:22:853,-0.072,0.31,10.0631,-0.0009,0.0019,9.8066,0.009,-0.0352,-0.0089,4.06,-31.44,22.31,23.63,-84.47,-169.84
52.421345,-1.534866,180.5,0.1,4,269.34,20 / 20,257209,2019-09-06 19:24:22:952,-0.0346,-0.4094,9.803,-0.0012,-0.0058,9.8065,-0.0277,-0.0306,-0.0147,3.69,-31.31,21.44,24.33,-84.48,-169.85
52.421345,-1.534866,180.5,0.1,4,269.34,20 / 20,257310,2019-09-06 19:24:23:053,0.0264,0.0062,10.0404,-0.0011,-0.0045,9.8066,-0.0408,-0.0247,-0.0162,3.69,-30.62,21.81,23.57,-84.45,-169.91
52.421345,-1.534866,180.5,0.1,4,269.34,20 / 21,257409,2019-09-06 19:24:23:152,0.0708,-0.0598,9.573,-0.0005,0.0048,9.8065,-0.0241,-0.0234,-0.0121,3.63,-31.12,21.38,24.36,-84.45,-169.85
52.421345,-1.534866,180.5,0.1,4,269.34,20 / 21,257510,2019-09-06 19:24:23:253,0.0154,-0.2918,9.7443,-0.0014,-0.0049,9.8066,0.0184,-0.0167,-0.0207,3.63,-31.25,21.38,24.42,-84.47,-169.77
52.421345,-1.534866,180.5,0.1,4,269.34,20 / 21,257610,2019-09-06 19:24:23:353,0.0278,-0.28,9.9253,-0.0017,-0.0061,9.8066,-0.0195,-0.0308,-0.0219,3.88,-31.12,21.56,23.73,-84.44,-169.78
52.421345,-1.534866,180.5,0.1,4,269.34,20 / 21,257709,2019-09-06 19:24:23:452,-0.133,0.3164,10.0143,-0.0009,-0.0065,9.8066,-0.002,-0.0149,-0.0151,3.69,-30.81,22,23.61,-84.45,-169.88
52.421345,-1.534866,180.5,0.1,4,269.34,20 / 21,257809,2019-09-06 19:24:23:552,-0.0707,-0.2757,9.6477,0.001,0.0043,9.8066,0.0272,-0.0189,-0.0248,3.69,-31.31,22.06,23.72,-84.44,-169.78
52.421345,-1.534866,180.5,0.1,4,269.34,20 / 21,257910,2019-09-06 19:24:23:653,0.0615,0.0204,10.0765,0.0007,0.0046,9.8066,0.0401,-0.0219,-0.0134,3.69,-31.5,21.75,23.74,-84.46,-169.75
52.421345,-1.534866,180.5,0.1,4,269.34,20 / 21,258010,2019-09-06 19:24:23:753,-0.0722,0.3499,9.9163,-0.0009,-0.0051,9.8066,-0.0043,0.005,-0.0118,4.19,-31.19,21.5,23.68,-84.44,-169.82
52.421345,-1.534866,180.5,0.1,4,269.34,20 / 21,258109,2019-09-06 19:24:23:852,-0.0699,0.0226,9.6448,-0.0004,-0.0003,9.8066,0.0109,-0.011,0.0023,3.5,-30.87,21.19,24.72,-84.48,-169.52
52.421345,-1.534866,180.5,0.1,4,269.34,20 / 21,258209,2019-09-06 19:24:23:952,0.1432,-0.2951,9.7802,-0.0015,0.0012,9.8066,-0.0006,0.0144,-0.0156,3.25,-31.12,21.63,21.35,-84.47,-169.32
52.421345,-1.534866,180.5,0.1,4,269.34,20 / 20,258310,2019-09-06 19:24:24:053,0.0066,0.22,9.9059,-0.0009,0.0003,9.8065,0.031,0.004,-0.0058,3.69,-31.12,21.94,24.25,-84.48,-169.29
52.421345,-1.534866,180.5,0.1,4,269.34,20 / 20,258410,2019-09-06 19:24:24:153,-0.0566,-0.3151,9.6722,0.0003,-0.001,9.8066,0.0328,0.0155,0.0003,4.13,-31.31,21.69,24.27,-84.48,-169.28
52.421345,-1.534866,180.5,0.1,4,269.34,20 / 20,258509,2019-09-06 19:24:24:252,0.0897,-0.1705,9.9446,-0.0001,0.0021,9.8066,0.0088,0.0268,-0.0029,3.56,-30.37,21.63,24.2,-84.49,-169.24
52.421345,-1.534866,180.5,0.1,4,269.34,20 / 20,258609,2019-09-06 19:24:24:352,0.052,0.0271,9.7523,0.0007,0.0012,9.8066,0.021,0.0222,0.0183,3.81,-31,22.06,24.21,-84.49,-169.33
52.421345,-1.534866,180.5,0.1,4,269.34,20 / 20,258710,2019-09-06 19:24:24:453,0.0379,-0.4277,9.7187,-0.0005,-0.0018,9.8066,0.0227,0.0337,0.0085,3.44,-31,21.94,21.39,-84.48,-169.28
52.421345,-1.534866,180.5,0.1,4,269.34,20 / 20,258809,2019-09-06 19:24:24:552,-0.1275,-0.0016,10.0374,-0.0001,-0.0007,9.8066,0.0145,0.0362,0.0083,3.81,-31.31,22.13,24.24,-84.48,-169.31
52.421345,-1.534866,180.5,0.1,4,269.34,20 / 20,258910,2019-09-06 19:24:24:653,0.0053,0.0996,9.6945,0.0019,0.0022,9.8066,0.0087,0.0248,0.0125,3.63,-31.81,21.88,24.4,-84.49,-169.26
52.421345,-1.534866,180.5,0.1,4,269.34,20 / 20,259009,2019-09-06 19:24:24:752,0.0375,0.1498,10.1057,-0.0003,0.0017,9.8066,-0.0062,0.0382,0.002,3.81,-31.75,22.06,24.25,-84.49,-169.39
52.421345,-1.534866,180.5,0.1,4,269.34,20 / 20,259109,2019-09-06 19:24:24:852,0.0084,-0.2481,9.6877,-0.0002,-0.0023,9.8066,-0.0077,0.0268,0.0278,3.56,-31.69,21.75,24.2,-84.47,-169.45
52.421345,-1.534866,180.5,0.1,4,269.34,20 / 20,259210,2019-09-06 19:24:24:953,-0.0245,-0.1622,9.6053,-0.0011,-0.0027,9.8066,-0.0007,0.0332,0.022,3.69,-31.62,21.25,25.03,-84.47,-169.36
52.421345,-1.534866,180.5,0.1,4,269.34,20 / 20,259309,2019-09-06 19:24:25:052,0.095,-0.3394,9.9616,0.0013,0.0027,9.8066,0,0.0343,0.0206,3.69,-31.62,21.25,24.84,-84.48,-169.51
52.421345,-1.534866,180.5,0.1,4,269.34,20 / 20,259409,2019-09-06 19:24:25:152,-0.0255,0.3104,10.1534,0.0012,0.0037,9.8066,-0.0168,0.0269,0.0277,3.44,-31.19,22.06,21.08,-84.48,-169.55
52.421345,-1.534866,180.5,0.1,4,269.34,20 / 20,259509,2019-09-06 19:24:25:252,-0.0015,0.3815,10.0869,-0.0017,-0.0047,9.8066,-0.0094,0.0327,0.016,3.13,-31.25,22.5,20.68,-84.44,-169.46
52.421345,-1.534866,180.5,0.1,4,269.34,20 / 20,259610,2019-09-06 19:24:25:353,-0.1416,-0.2473,10.0477,0.0004,-0.0065,9.8066,-0.0107,0.0189,0.0243,3.13,-31.06,21.63,21.05,-84.43,-169.6
52.421345,-1.534866,180.5,0.1,4,269.34,20 / 20,259709,2019-09-06 19:24:25:452,0.0333,-0.1704,9.9233,0.0029,0.0067,9.8066,0.0021,0.0235,0.019,3.44,-30.75,21.31,21.48,-84.46,-169.71
52.421345,-1.534866,180.5,0.1,4,269.34,20 / 20,259810,2019-09-06 19:24:25:553,-0.0944,0.3581,10.1391,0.0005,0.0037,9.8066,0.0289,-0.0246,-0.014,3.63,-31.06,21.31,24.45,-84.45,-169.77
52.421345,-1.534866,180.5,0.1,4,269.34,20 / 20,259910,2019-09-06 19:24:25:653,-0.0202,-0.5573,9.6684,-0.0011,-0.0075,9.8066,0.0038,-0.0096,-0.0184,3.06,-31.19,21.94,20.94,-84.44,-169.69
52.421345,-1.534866,180.5,0.1,4,269.34,20 / 20,260010,2019-09-06 19:24:25:753,-0.0059,-0.1736,9.9745,-0.0012,-0.0045,9.8066,-0.0068,-0.0174,-0.0088,2.88,-30.81,22,20.89,-84.4,-169.75
52.421345,-1.534866,180.5,0.1,4,269.34,20 / 20,260109,2019-09-06 19:24:25:852,0.1341,0.0312,9.5761,0.0008,0.0069,9.8066,0.0042,0.0049,-0.0148,3.19,-31.19,21.69,20.7,-84.39,-169.93
52.421345,-1.534866,180.5,0.1,4,269.34,20 / 20,260210,2019-09-06 19:24:25:953,0.0087,-0.464,9.8685,0.0012,0.006,9.8066,0.0347,0.0034,-0.0054,2.69,-31.25,21.94,20.83,-84.43,-169.79
52.421345,-1.534866,180.5,0.1,4,269.34,20 / 20,260310,2019-09-06 19:24:26:053,0.0135,0.177,10.0352,-0.0018,-0.0067,9.8066,0.0372,0.0136,0.0021,2.5,-31.19,21.5,20.79,-84.38,-169.85
52.421345,-1.534866,180.5,0.1,4,269.34,21 / 21,260409,2019-09-06 19:24:26:152,-0.0335,0.0526,9.6724,-0.0006,-0.0054,9.8066,-0.0064,0.0392,-0.0016,3.06,-31.25,22.06,20.84,-84.38,-169.81
52.421345,-1.534866,180.5,0.1,4,269.34,21 / 21,260509,2019-09-06 19:24:26:252,-0.005,-0.1099,9.8446,0.0009,0.0056,9.8066,0.0014,0.0197,0.0155,3.13,-30.81,22.44,21.05,-84.41,-169.61
52.421345,-1.534866,180.5,0.1,4,269.34,21 / 21,260610,2019-09-06 19:24:26:353,-0.1192,-0.3265,9.7618,0.0024,0.0041,9.8066,-0.0197,0.0027,-0.0022,3.38,-30.75,21.94,20.9,-84.42,-169.73
52.421345,-1.534866,180.5,0.1,4,269.34,21 / 21,260710,2019-09-06 19:24:26:453,-0.1394,0.2199,9.892,-0.0018,-0.0005,9.8066,-0.011,-0.0202,0.0069,3.31,-31.19,21.69,20.94,-84.41,-169.7
52.421345,-1.534866,180.5,0.1,4,269.34,21 / 21,260809,2019-09-06 19:24:26:552,0.0188,-0.314,9.8583,0.0006,0.0016,9.8066,0.0141,-0.0146,-0.0163,3.19,-31.12,21.75,21.02,-84.41,-169.63
52.421345,-1.534866,180.5,0.1,4,269.34,21 / 21,260910,2019-09-06 19:24:26:653,0.1016,0.2191,10.0219,-0.0024,-0.0038,9.8066,0.0048,0.0059,0.0142,3.5,-30.81,22.13,24,-84.41,-169.56
52.421345,-1.534866,180.5,0.1,4,269.34,21 / 21,261009,2019-09-06 19:24:26:752,0.1646,-0.1749,9.8556,0.0009,-0.0028,9.8066,-0.0123,0.0262,-0.0035,3.69,-30.87,21.31,24.71,-84.39,-169.57
52.421345,-1.534866,180.5,0.1,4,269.34,21 / 21,261109,2019-09-06 19:24:26:852,0.0866,0.0029,9.8129,0.0002,0.0019,9.8066,0.0033,-0.0043,0.0105,3.75,-31.25,21.81,23.97,-84.4,-169.59
52.421345,-1.534866,180.5,0.1,4,269.34,21 / 21,261209,2019-09-06 19:24:26:952,-0.0064,-0.2489,9.8947,0.0018,0.0028,9.8066,-0.0247,-0.0019,-0.0108,3.56,-31.37,21.56,23.89,-84.4,-169.65
52.421345,-1.534866,180.5,0.1,4,269.34,21 / 21,261309,2019-09-06 19:24:27:052,-0.1639,0.3253,9.8675,0,0.001,9.8066,-0.0121,-0.0224,-0.0021,3.44,-30.75,21.63,20.95,-84.4,-169.7
52.421345,-1.534866,180.5,0.1,4,269.34,20 / 22,261410,2019-09-06 19:24:27:153,0.0306,0.0493,9.8417,-0.0008,0.0014,9.8066,-0.0135,0.0026,0.0145,2.81,-31,21.38,21.66,-84.39,-169.59
52.421345,-1.534866,180.5,0.1,4,269.34,20 / 22,261509,2019-09-06 19:24:27:252,-0.0957,-0.2486,9.7654,0.002,0.0023,9.8066,-0.0237,0.0022,-0.0026,3.25,-31.12,21.94,20.97,-84.4,-169.68
52.421345,-1.534866,180.5,0.1,4,269.34,20 / 22,261609,2019-09-06 19:24:27:352,-0.1606,0.245,9.9321,-0.0016,0.0002,9.8066,0.0093,-0.0323,-0.0044,2.88,-31.44,21.63,20.84,-84.39,-169.8
52.421345,-1.534866,180.5,0.1,4,269.34,20 / 22,261709,2019-09-06 19:24:27:452,0.1019,-0.1536,9.7864,0.0006,0.0007,9.8066,0.0049,-0.0215,-0.0215,3.31,-30.62,21.75,20.88,-84.4,-169.76
52.421345,-1.534866,180.5,0.1,4,269.34,20 / 22,261809,2019-09-06 19:24:27:552,0.0883,-0.0566,10.0069,-0.0008,0,9.8066,0.0046,-0.023,0.0039,3.38,-31.56,21.81,21.16,-84.38,-169.62
52.421345,-1.534866,180.5,0.1,4,269.34,20 / 22,261910,2019-09-06 19:24:27:653,-0.1355,0.3045,9.8446,-0.0003,-0.0005,9.8066,0.0009,0.009,-0.0139,3.06,-31.44,22.06,21.05,-84.38,-169.63
52.421345,-1.534866,180.5,0.1,4,269.34,20 / 22,262010,2019-09-06 19:24:27:753,0.0516,0.0561,9.7815,0.0011,0.0046,9.8066,0.0066,0.0116,0.0076,3.63,-31,21.69,24.05,-84.36,-169.55
52.421345,-1.534866,180.5,0.1,4,269.34,20 / 22,262109,2019-09-06 19:24:27:852,0.0144,-0.3614,9.7962,0.0008,0.0039,9.8066,0.0116,0.0305,0.0128,3,-30.87,21.88,21.15,-84.4,-169.53
52.421345,-1.534866,180.5,0.1,4,269.34,20 / 22,262209,2019-09-06 19:24:27:952,-0.164,0.2165,10.0379,0.0002,-0.0027,9.8066,-0.0139,0.0216,0.0086,3.13,-31.5,21.81,21.14,-84.38,-169.54
52.421345,-1.534866,180.5,0.1,4,269.34,20 / 22,262310,2019-09-06 19:24:28:053,-0.0322,-0.2289,9.7022,-0.0008,-0.0028,9.8066,-0.0119,0.0196,0.0135,3.13,-30.87,21.63,21.09,-84.38,-169.59
52.421345,-1.534866,180.5,0.1,4,269.34,19 / 21,262410,2019-09-06 19:24:28:153,0.0239,-0.4646,9.7727,0.0019,0.0031,9.8066,-0.0282,0.0074,-0.001,3.19,-31.44,21.94,21.12,-84.38,-169.57
52.421345,-1.534866,180.5,0.1,4,269.34,19 / 21,262509,2019-09-06 19:24:28:252,-0.2012,0.1592,10.0011,-0.0014,-0.0013,9.8066,-0.0204,-0.0127,0.0156,3.25,-30.69,21.75,21.08,-84.38,-169.6
52.421345,-1.534866,180.5,0.1,4,269.34,19 / 21,262610,2019-09-06 19:24:28:353,-0.0458,0.2458,9.768,0.001,0.0013,9.8066,-0.0123,-0.0049,-0.0162,3.5,-31.19,21.63,23.84,-84.39,-169.71
52.421345,-1.534866,180.5,0.1,4,269.34,19 / 21,262710,2019-09-06 19:24:28:453,0.0968,-0.023,10.0022,-0.0017,-0.0015,9.8066,0.0071,-0.0376,-0.0016,3.56,-31,21.75,23.95,-84.37,-169.62
52.421345,-1.534866,180.5,0.1,4,269.34,19 / 21,262810,2019-09-06 19:24:28:553,-0.1295,-0.0282,10.0396,-0.0001,-0.0033,9.8066,-0.0301,-0.0327,-0.0146,3.31,-31.12,21.63,20.9,-84.35,-169.77
52.421345,-1.534866,180.5,0.1,4,269.34,19 / 21,262911,2019-09-06 19:24:28:654,-0.0051,0.3602,9.9061,0.0013,0.0053,9.8066,-0.0312,-0.0279,-0.0179,3.06,-30.87,21.81,20.92,-84.35,-169.76
52.421345,-1.534866,180.5,0.1,4,269.34,19 / 21,263009,2019-09-06 19:24:28:752,0.163,-0.2408,9.8061,-0.0008,0.0027,9.8066,0.0182,-0.0376,-0.0161,3.31,-31.19,21.56,20.95,-84.35,-169.73
52.421345,-1.534866,180.5,0.1,4,269.34,19 / 21,263110,2019-09-06 19:24:28:853,-0.034,0.1998,9.9047,0.0019,0.004,9.8066,0.0197,-0.0352,-0.0271,2.94,-31.31,21.69,21.03,-84.37,-169.65
52.421345,-1.534866,180.5,0.1,4,269.34,19 / 21,263211,2019-09-06 19:24:28:954,0.0551,-0.4754,9.8221,-0.0011,-0.0031,9.8066,-0.0226,-0.0336,-0.0223,3.38,-31.25,21.56,21.11,-84.34,-169.59
52.421345,-1.534866,180.5,0.1,4,269.34,19 / 21,263310,2019-09-06 19:24:29:053,-0.2032,0.2868,10.1061,-0.0008,-0.0056,9.8066,-0.0087,-0.0287,-0.0196,3.06,-31.19,21.69,21.01,-84.33,-169.68
52.421345,-1.534866,180.5,0.1,4,269.34,19 / 21,263409,2019-09-06 19:24:29:152,-0.0454,-0.28,9.8739,-0.0006,-0.004,9.8066,0.0134,-0.0272,-0.0297,3.5,-31.44,21.75,23.93,-84.33,-169.67
52.421345,-1.534866,180.5,0.1,4,269.34,19 / 21,263509,2019-09-06 19:24:29:252,0.0383,-0.381,9.6459,0.0018,0.0031,9.8066,0.0322,-0.0346,-0.0157,2.81,-31.12,22.44,21.44,-84.36,-169.29
52.421345,-1.534866,180.5,0.1,4,269.34,19 / 21,263610,2019-09-06 19:24:29:353,-0.0544,-0.1989,9.9774,-0.0003,0.0019,9.8066,-0.0149,-0.0163,-0.0195,3.44,-31.19,21.5,21.52,-84.36,-169.23
52.421345,-1.534866,180.5,0.1,4,269.34,19 / 21,263710,2019-09-06 19:24:29:453,-0.0079,0.3764,10.1028,0,-0.0027,9.8066,-0.0173,-0.0275,-0.0214,3.38,-31.12,21.56,21.56,-84.38,-169.18
52.421345,-1.534866,180.5,0.1,4,269.34,19 / 21,263809,2019-09-06 19:24:29:552,0.2086,-0.2257,9.5581,0.0004,0.0083,9.8065,0.038,-0.034,-0.0156,3.44,-31.62,21.69,21.37,-84.4,-169.43
52.421345,-1.534866,180.5,0.1,4,269.34,19 / 21,263909,2019-09-06 19:24:29:652,0.0406,-0.5385,9.6489,0.0012,0.006,9.8065,0.033,-0.0171,-0.0261,3.5,-30.75,21.94,24.24,-84.39,-169.36
52.421345,-1.534866,180.5,0.1,4,269.34,19 / 21,264010,2019-09-06 19:24:29:753,0.0455,-0.2323,9.9919,-0.0016,-0.0053,9.8066,-0.0121,-0.0321,-0.0146,3.63,-30.94,22.06,24.12,-84.38,-169.47
52.421345,-1.534866,180.5,0.1,4,269.34,19 / 21,264109,2019-09-06 19:24:29:852,-0.172,0.458,10.0234,-0.0007,-0.0045,9.8066,-0.0022,-0.0073,-0.0209,3.13,-31,21.81,21.22,-84.35,-169.5
52.421345,-1.534866,180.5,0.1,4,269.34,19 / 21,264210,2019-09-06 19:24:29:953,-0.0143,-0.3504,9.7028,0.0014,0.0036,9.8065,0.0286,-0.0094,-0.0134,2.94,-31.06,21.56,21.31,-84.36,-169.41
52.421345,-1.534866,180.5,0.1,4,269.34,19 / 21,264314,2019-09-06 19:24:30:057,-0.0841,0.3721,10.0275,0.0004,0.0038,9.8066,0.0428,-0.0116,-0.0052,3.31,-31.19,21.56,21.35,-84.35,-169.37
52.421345,-1.534866,180.5,0.1,4,269.34,19 / 21,264410,2019-09-06 19:24:30:153,0.0147,-0.4464,9.8277,-0.0006,-0.0059,9.8066,0.0047,0.0037,-0.0155,3.13,-31.06,22.19,21.22,-84.33,-169.5
52.421345,-1.534866,180.5,0.1,4,269.34,19 / 21,264510,2019-09-06 19:24:30:253,0.0087,-0.2321,9.8709,0,0.0054,9.8066,-0.0064,0.0001,-0.0041,3.31,-31.44,21.25,21.89,-84.32,-169.43
52.421345,-1.534866,180.5,0.1,4,269.34,19 / 21,264610,2019-09-06 19:24:30:353,-0.0358,0.3897,9.7915,0.0012,0.0064,9.8066,-0.0037,-0.022,0.0009,3.25,-31.12,21.5,21.38,-84.37,-169.34
52.421345,-1.534866,180.5,0.1,4,269.34,19 / 21,264710,2019-09-06 19:24:30:453,0.0772,0.1695,9.8153,-0.0007,-0.0033,9.8066,0.0252,0.0196,0.006,3.56,-30.94,21.63,24.39,-84.37,-169.24
52.421345,-1.534866,180.5,0.1,4,269.34,19 / 21,264809,2019-09-06 19:24:30:552,-0.0665,0.1436,9.714,-0.0022,-0.0053,9.8066,0.0129,0.019,0.0183,3.44,-31.37,22.19,21.46,-84.34,-169.29
52.421345,-1.534866,180.5,0.1,4,269.34,19 / 21,264910,2019-09-06 19:24:30:653,0.2223,-0.3274,9.7469,0.0015,0.0034,9.8066,0.0019,0.0442,0.0016,3.56,-31.12,21.56,24.46,-84.35,-169.2
52.421345,-1.534866,180.5,0.1,4,269.34,19 / 21,265009,2019-09-06 19:24:30:752,-0.0214,0.0874,10.0657,0,0.002,9.8066,0.0145,0.0298,0.0225,3.5,-31,21.44,25.19,-84.36,-169.18
52.421345,-1.534866,180.5,0.1,4,269.34,19 / 21,265110,2019-09-06 19:24:30:853,-0.0654,-0.3023,9.6251,0.0012,0.0028,9.8066,-0.0129,0.0365,0.0086,3.56,-32.25,21.88,24.44,-84.37,-169.31
52.421345,-1.534866,180.5,0.1,4,269.34,19 / 21,265210,2019-09-06 19:24:30:953,-0.153,0.3,10.0752,0.0001,-0.0024,9.8066,-0.0043,0.0245,0.0248,3.25,-31.19,21.81,21.46,-84.37,-169.28
52.421345,-1.534866,180.5,0.1,4,269.34,19 / 21,265310,2019-09-06 19:24:31:053,-0.0398,0.2915,9.7798,-0.0012,-0.0028,9.8066,-0.002,0.0327,0.0246,3.25,-30.94,21.88,21.41,-84.37,-169.32
52.421345,-1.534866,180.5,0.1,4,269.34,19 / 20,265409,2019-09-06 19:24:31:152,0.0479,-0.4523,9.6412,0.0014,0.0006,9.8066,-0.0204,0.0255,0.0134,3.31,-30.81,22,21.39,-84.35,-169.35
52.421345,-1.534866,180.5,0.1,4,269.34,19 / 20,265510,2019-09-06 19:24:31:253,-0.0614,-0.1603,10.0101,-0.001,0.0006,9.8066,-0.0173,0.0197,0.0241,3.69,-31.19,21.56,24.17,-84.34,-169.45
52.421345,-1.534866,180.5,0.1,4,269.34,19 / 20,265609,2019-09-06 19:24:31:352,-0.006,0.4327,10.0986,-0.0004,-0.002,9.8066,-0.0194,0.0343,0.0168,3.44,-31.56,21.75,21.41,-84.34,-169.43
52.421345,-1.534866,180.5,0.1,4,269.34,19 / 20,265710,2019-09-06 19:24:31:453,-0.1228,0.3824,10.1809,-0.0005,-0.001,9.8066,-0.0066,0.027,0.0273,3.5,-30.81,21.63,24.27,-84.33,-169.37
52.421345,-1.534866,180.5,0.1,4,269.34,19 / 20,265809,2019-09-06 19:24:31:552,0.0138,-0.0053,9.7502,0,0.0007,9.8066,-0.0023,0.0286,0.0197,3.25,-31.44,21.69,21.22,-84.32,-169.51
52.421345,-1.534866,180.5,0.1,4,269.34,19 / 20,265909,2019-09-06 19:24:31:652,0.0885,-0.1434,10.0024,-0.0002,0.0014,9.8066,-0.0255,0.0309,0.0117,3.5,-30.75,21.56,24.1,-84.32,-169.53
52.421345,-1.534866,180.5,0.1,4,269.34,19 / 20,266010,2019-09-06 19:24:31:753,-0.1892,0.3765,10.0143,0.0001,-0.0013,9.8066,-0.0196,0.007,0.0245,3.13,-31.44,22,21.25,-84.32,-169.49
52.421345,-1.534866,180.5,0.1,4,269.34,19 / 20,266110,2019-09-06 19:24:31:853,-0.0626,0.0018,9.613,0.0009,-0.0008,9.8066,-0.0046,0.0145,0.008,3.38,-31.06,21.88,21.11,-84.31,-169.61
52.421345,-1.534866,180.5,0.1,4,269.34,19 / 20,266210,2019-09-06 19:24:31:953,0.0142,0.1702,10.1092,0.0012,-0.0004,9.8066,-0.0013,-0.0061,0.0128,3.56,-31.62,22.13,24.26,-84.31,-169.5
52.421345,-1.534866,180.5,0.1,4,269.34,19 / 20,266310,2019-09-06 19:24:32:053,-0.0752,0.3295,9.8151,-0.0007,-0.0024,9.8066,-0.04,-0.0092,0.0083,3.44,-31.87,21.44,21.77,-84.31,-169.64
52.421345,-1.534866,180.5,0.1,4,269.34,19 / 20,266410,2019-09-06 19:24:32:153,0.0063,-0.13,9.6029,-0.0007,0.0023,9.8066,0.008,-0.0196,-0.004,3.63,-31.25,21.5,24.03,-84.33,-169.58
52.421345,-1.534866,180.5,0.1,4,269.34,19 / 20,266510,2019-09-06 19:24:32:253,0.1479,-0.0528,9.961,-0.0009,0.0032,9.8066,0.0067,-0.0334,-0.004,3.38,-30.87,21.56,21.28,-84.32,-169.46
52.421345,-1.534866,180.5,0.1,4,269.34,19 / 20,266609,2019-09-06 19:24:32:352,-0.1049,-0.0777,10.01,-0.001,-0.0045,9.8066,0.0184,0.0223,0.0171,3.44,-31.44,22.13,21.17,-84.32,-169.55
52.421345,-1.534866,180.5,0.1,4,269.34,19 / 20,266710,2019-09-06 19:24:32:453,0.0148,0.3501,9.922,0.0001,-0.0038,9.8066,0.0114,0.0403,0.0088,4,-31.31,22.13,24.09,-84.29,-169.55
52.421345,-1.534866,180.5,0.1,4,269.34,19 / 20,266810,2019-09-06 19:24:32:553,0.1871,-0.152,9.8612,0,0.0027,9.8066,-0.0124,0.0408,0.0116,3.13,-31.5,21.69,21.22,-84.31,-169.51
52.421345,-1.534866,180.5,0.1,4,269.34,19 / 20,266909,2019-09-06 19:24:32:652,0.0164,0.3275,10.1121,0.0007,0.0029,9.8066,-0.0097,0.0197,0.0249,3.19,-31.19,21.38,21.81,-84.31,-169.5
52.421345,-1.534866,180.5,0.1,4,269.34,19 / 20,267009,2019-09-06 19:24:32:752,0.0724,0.4554,10.0816,-0.0014,-0.0059,9.8066,-0.0219,0.0368,0.0087,3.44,-31.31,21.31,21.84,-84.32,-169.47
52.421345,-1.534866,180.5,0.1,4,269.34,19 / 20,267109,2019-09-06 19:24:32:852,0.0331,0.1272,9.6747,0.0003,-0.0039,9.8066,-0.0168,0.0143,0.0231,3.5,-31.62,21.44,24.9,-84.29,-169.59
52.421345,-1.534866,180.5,0.1,4,269.34,19 / 20,267210,2019-09-06 19:24:32:953,-0.0333,-0.296,9.6652,0.001,0.0048,9.8065,-0.0134,0.0179,0.0156,3.81,-30.94,21,24.85,-84.29,-169.53
52.421345,-1.534866,180.5,0.1,4,269.34,19 / 19,267309,2019-09-06 19:24:33:052,0.0614,-0.5124,9.7109,-0.0011,-0.0047,9.8066,-0.0342,0.019,0.004,3.38,-31.31,21.69,21.32,-84.32,-169.42
52.421345,-1.534866,180.5,0.1,4,269.34,19 / 19,267410,2019-09-06 19:24:33:153,-0.1033,0.2665,10.1045,-0.0002,-0.0041,9.8066,-0.037,-0.0035,0.0123,3.5,-31.06,21.56,24.15,-84.3,-169.5
52.421345,-1.534866,180.5,0.1,4,269.34,19 / 19,267510,2019-09-06 19:24:33:253,-0.017,-0.0532,9.5815,-0.0016,-0.0036,9.8066,0.0202,-0.0059,0.0023,3.69,-31.06,22.13,24.19,-84.3,-169.46
52.421345,-1.534866,180.5,0.1,4,269.34,19 / 19,267609,2019-09-06 19:24:33:352,0.1742,-0.1037,9.5362,0.0004,0.0062,9.8066,0.0364,0.0067,-0.0072,3.13,-31.62,22.19,21.37,-84.3,-169.48
52.421345,-1.534866,180.5,0.1,4,269.34,19 / 19,267710,2019-09-06 19:24:33:453,-0.0606,-0.4588,9.8334,0.0006,0.0066,9.8066,0.0347,0.0091,-0.0054,3.56,-31,21.81,24.37,-84.34,-169.28
52.421345,-1.534866,180.5,0.1,4,269.34,19 / 19,267809,2019-09-06 19:24:33:552,0.078,0.3594,10.1199,-0.0023,-0.0058,9.8066,0.0173,0.0059,0.0038,3,-31.19,21.81,21.43,-84.31,-169.33
52.421345,-1.534866,180.5,0.1,4,269.34,19 / 19,267909,2019-09-06 19:24:33:652,-0.0753,0.3327,9.7971,0.0005,-0.0059,9.8066,0.0102,0.0247,-0.0115,3.44,-31.06,21.81,21.35,-84.33,-169.39
52.421345,-1.534866,180.5,0.1,4,269.34,19 / 19,268010,2019-09-06 19:24:33:753,-0.0549,-0.3421,9.8596,0.0001,0.0058,9.8066,0.0382,0.0023,0.0005,3.13,-31.5,21.56,21.41,-84.32,-169.34
52.421345,-1.534866,180.5,0.1,4,269.34,19 / 19,268109,2019-09-06 19:24:33:852,-0.0832,0.4443,10.1793,0.0018,0.0057,9.8066,0.0395,0.0123,-0.0056,3.63,-30.94,21.94,24.29,-84.37,-169.33
52.421345,-1.534866,180.5,0.1,4,269.34,19 / 19,268209,2019-09-06 19:24:33:952,0.0598,-0.2739,9.5439,0,-0.0038,9.8066,0.0224,0.0207,-0.0069,3.38,-31.62,21.5,21.46,-84.35,-169.37
52.421345,-1.534866,180.5,0.1,4,269.34,19 / 19,268310,2019-09-06 19:24:34:053,-0.0161,-0.4286,9.7849,-0.0011,0.0028,9.8066,0.0231,0.0027,-0.0014,3.25,-31.19,21.81,21.56,-84.42,-169.16
52.421345,-1.534866,180.5,0.1,4,269.34,19 / 19,268410,2019-09-06 19:24:34:153,-0.0353,0.3322,10.2206,-0.0002,0.0025,9.8066,0.0402,0.0106,-0.0064,3.38,-31.56,21.56,21.78,-84.42,-169.06
52.421345,-1.534866,180.5,0.1,4,269.34,19 / 19,268510,2019-09-06 19:24:34:253,0.0048,0.2328,9.989,-0.0007,0.0003,9.8066,0.0381,-0.0045,-0.0088,3.38,-30.69,21.5,21.66,-84.42,-169.07
52.421345,-1.534866,180.5,0.1,4,269.34,19 / 19,268610,2019-09-06 19:24:34:353,0.0233,-0.3753,9.5436,0.001,-0.0006,9.8066,0.0202,-0.0062,-0.006,3.69,-31.25,21.81,24.51,-84.42,-169.1
52.421345,-1.534866,180.5,0.1,4,269.34,19 / 19,268709,2019-09-06 19:24:34:452,0.1539,-0.3727,9.7911,0,0.0026,9.8066,0.0189,0.0216,-0.0138,3.5,-31.12,21.5,24.42,-84.43,-169.18
52.421345,-1.534866,180.5,0.1,4,269.34,19 / 19,268810,2019-09-06 19:24:34:553,0.0149,0.2094,10.1874,0.0019,0.0024,9.8066,0.0313,0.0037,-0.0025,3.88,-31.19,21.75,24.36,-84.45,-169.22
52.421345,-1.534866,180.5,0.1,4,269.34,19 / 19,268910,2019-09-06 19:24:34:653,0.0536,-0.2176,9.6376,0.0003,-0.002,9.8066,0.0245,0.0236,-0.002,3.25,-31.69,21.81,21.55,-84.43,-169.25
52.421345,-1.534866,180.5,0.1,4,269.34,19 / 19,269010,2019-09-06 19:24:34:753,-0.1154,0.2898,10.0387,-0.0001,-0.0023,9.8066,0.0166,0.0331,0.0024,3.31,-31.37,21.75,21.41,-84.44,-169.28
52.421345,-1.534866,180.5,0.1,4,269.34,19 / 19,269110,2019-09-06 19:24:34:853,-0.057,-0.239,9.6505,0.0019,0.0011,9.8066,0.02,0.0239,0.022,3.75,-31.5,21.31,25.03,-84.44,-169.27
52.421345,-1.534866,180.5,0.1,4,269.34,19 / 19,269210,2019-09-06 19:24:34:953,0.0522,-0.0325,10.036,-0.0004,0.0039,9.8066,0.0196,0.0324,0.0021,3.63,-31.12,21.75,24.32,-84.45,-169.26
52.421345,-1.534866,180.5,0.1,4,269.34,20 / 21,269310,2019-09-06 19:24:35:053,0.0421,-0.0709,9.6571,-0.0003,-0.0025,9.8066,0.0141,0.0301,0.0181,3.38,-31.06,21.94,21.29,-84.44,-169.39
52.421345,-1.534866,180.5,0.1,4,269.34,20 / 21,269410,2019-09-06 19:24:35:153,0.0089,0.0542,9.6449,0.0004,-0.0025,9.8066,0.0096,0.0369,0.0201,3.63,-30.87,21.5,24.11,-84.44,-169.45
52.421345,-1.534866,180.5,0.1,4,269.34,20 / 21,269510,2019-09-06 19:24:35:253,-0.002,0.2057,10.1367,0.0009,0.0051,9.8066,0.0062,0.0343,0.0117,3.5,-30.94,21.94,23.97,-84.44,-169.56
52.421345,-1.534866,180.5,0.1,4,269.34,20 / 21,269609,2019-09-06 19:24:35:352,-0.0585,0.0466,9.8565,0.0019,0.0068,9.8066,-0.0182,0.0331,0.0257,3.44,-31,22.13,21.14,-84.48,-169.49
52.421345,-1.534866,180.5,0.1,4,269.34,20 / 21,269709,2019-09-06 19:24:35:452,-0.0136,-0.4766,9.6393,-0.0003,-0.0055,9.8066,-0.0127,0.0383,0.0229,4.13,-31.37,21.69,23.85,-84.43,-169.67
52.421345,-1.534866,180.5,0.1,4,269.34,20 / 21,269809,2019-09-06 19:24:35:552,-0.1331,0.3899,10.0912,-0.0005,-0.0074,9.8066,-0.0176,0.0322,0.0146,3.19,-31.37,22.31,20.89,-84.43,-169.74
52.421345,-1.534866,180.5,0.1,4,269.34,20 / 21,269909,2019-09-06 19:24:35:652,0.0209,0.4133,10.1091,0.0007,0.0037,9.8066,-0.006,0.031,0.0247,3.75,-30.81,21.94,23.8,-84.45,-169.7
52.421345,-1.534866,180.5,0.1,4,269.34,20 / 21,270009,2019-09-06 19:24:35:752,-0.216,0.1065,9.7382,-0.0022,-0.0045,9.8066,-0.0264,0.0304,0.0043,3.44,-30.56,22,20.86,-84.44,-169.76
52.421345,-1.534866,180.5,0.1,4,269.34,20 / 21,270110,2019-09-06 19:24:35:853,-0.0331,-0.5078,9.6004,0.0006,-0.0037,9.8066,-0.0237,0.0229,0.0298,3.19,-30.94,21.56,20.88,-84.43,-169.74
52.421345,-1.534866,180.5,0.1,4,269.34,20 / 21,270209,2019-09-06 19:24:35:952,-0.0337,0.4056,10.0618,-0.0007,-0.0038,9.8066,-0.0205,0.0352,0.0176,3.44,-31,22.31,20.7,-84.42,-169.9
52.421345,-1.534866,180.5,0.1,4,269.34,20 / 21,270309,2019-09-06 19:24:36:052,0.0074,0.2176,9.662,-0.0032,0.007,9.8065,0.0107,-0.0242,-0.021,3.25,-31.62,21.38,21.65,-84.45,-169.66
52.421345,-1.534866,180.5,0.1,4,269.34,21 / 21,270410,2019-09-06 19:24:36:153,-0.0993,0.329,10.1041,-0.0004,-0.005,9.8065,-0.0039,0.0113,0.02,3.75,-31.19,21.69,23.48,-84.45,-169.99
52.421345,-1.534866,180.5,0.1,4,269.34,21 / 21,270509,2019-09-06 19:24:36:252,-0.122,0.1269,9.745,-0.0006,-0.002,9.8065,-0.0277,-0.0428,-0.0219,3.88,-31.06,21.69,23.48,-84.43,-170
52.421345,-1.534866,180.5,0.1,4,269.34,21 / 21,270610,2019-09-06 19:24:36:353,0.1933,-0.4016,9.6257,0.0008,-0.0027,9.8066,-0.0134,0.0071,0.0278,3.25,-31.44,21.56,20.46,-84.43,-170.11
52.421345,-1.534866,180.5,0.1,4,269.34,21 / 21,270709,2019-09-06 19:24:36:452,0.0026,0.4693,10.0452,0.0006,0.003,9.8066,0.007,-0.032,-0.0257,3.38,-30.81,22.19,20.51,-84.41,-170.07
52.421345,-1.534866,180.5,0.1,4,269.34,21 / 21,270810,2019-09-06 19:24:36:553,0.0338,-0.5158,9.7482,0.0008,0.0047,9.8065,-0.0046,0.0125,0.0094,3.56,-30.87,21.5,23.34,-84.43,-170.12
52.421345,-1.534866,180.5,0.1,4,269.34,21 / 21,270910,2019-09-06 19:24:36:653,-0.1998,0.1998,10.0511,-0.0001,-0.0058,9.8066,-0.0239,-0.0287,-0.0167,3.38,-31.31,21.75,20.47,-84.4,-170.11
52.421345,-1.534866,180.5,0.1,4,269.34,21 / 21,271009,2019-09-06 19:24:36:752,-0.0033,0.4029,9.8006,-0.0033,-0.0071,9.8066,-0.0405,0.0195,0.0032,3.63,-31.37,21.88,23.4,-84.39,-170.1
52.421345,-1.534866,180.5,0.1,4,269.34,21 / 21,271109,2019-09-06 19:24:36:852,0.1438,-0.1676,9.9244,0.0017,0.0088,9.8066,0.0302,-0.0425,-0.0131,3.44,-30.87,21.63,20.46,-84.4,-170.13
52.421345,-1.534866,180.5,0.1,4,269.34,21 / 21,271209,2019-09-06 19:24:36:952,-0.1185,-0.0523,10.0305,0.0003,0.0057,9.8066,-0.0078,0.0052,0.0039,3.69,-30.87,21.69,23.55,-84.44,-169.94
52.421345,-1.534866,180.5,0.1,4,269.34,21 / 21,271310,2019-09-06 19:24:37:053,0.0003,0.3259,9.9492,-0.0018,-0.0052,9.8065,-0.011,-0.0298,-0.0159,3.06,-31.31,21.94,20.58,-84.42,-170.01
52.421345,-1.534866,180.5,0.1,4,269.34,20 / 21,271410,2019-09-06 19:24:37:153,0.1684,-0.2875,9.8488,-0.0007,-0.0036,9.8066,-0.0224,-0.0102,0.0094,3.38,-31.31,21.81,20.63,-84.42,-169.97
52.421345,-1.534866,180.5,0.1,4,269.34,20 / 21,271510,2019-09-06 19:24:37:253,-0.0188,0.2831,10.0238,-0.0007,0.0038,9.8066,0.023,-0.0091,-0.014,4.06,-31.12,21.44,24.41,-84.42,-169.82
52.421345,-1.534866,180.5,0.1,4,269.34,20 / 21,271609,2019-09-06 19:24:37:352,0.0222,0.3804,9.9963,0.0017,0.0016,9.8066,-0.0034,-0.0351,-0.0024,3.38,-30.75,22,20.92,-84.44,-169.71
52.421345,-1.534866,180.5,0.1,4,269.34,20 / 21,271709,2019-09-06 19:24:37:452,0.0876,0.0799,9.6533,-0.0006,0.0003,9.8066,0.0084,0.0091,-0.016,3.19,-31.12,21.75,21.03,-84.44,-169.61
52.421345,-1.534866,180.5,0.1,4,269.34,20 / 21,271810,2019-09-06 19:24:37:553,0.0403,0.1449,10.1162,0.0011,-0.0005,9.8065,-0.0319,-0.0317,-0.011,3.5,-31.37,22,23.75,-84.44,-169.76
52.421345,-1.534866,180.5,0.1,4,269.34,20 / 21,271910,2019-09-06 19:24:37:653,-0.1661,0.3224,9.9303,-0.0006,-0.0005,9.8066,0.0369,0.005,-0.0023,3.56,-30.87,21.81,23.9,-84.44,-169.63
52.421345,-1.534866,180.5,0.1,4,269.34,20 / 21,272009,2019-09-06 19:24:37:752,-0.1089,0.2868,9.8124,-0.0005,-0.0013,9.8066,0.0027,-0.0291,-0.0232,3.75,-30.87,22,23.88,-84.43,-169.64
52.421345,-1.534866,180.5,0.1,4,269.34,20 / 21,272110,2019-09-06 19:24:37:853,-0.0729,-0.246,9.5639,0.0022,-0.0003,9.8066,0.0205,0.0064,0.0062,3.56,-31.44,21.75,23.67,-84.45,-169.83
52.421345,-1.534866,180.5,0.1,4,269.34,20 / 21,272210,2019-09-06 19:24:37:953,0.1924,-0.2459,9.8547,-0.0001,0.0016,9.8066,-0.0338,-0.0362,-0.0179,3.56,-31.44,21.56,23.69,-84.45,-169.8
52.421345,-1.534866,180.5,0.1,4,269.34,20 / 21,272310,2019-09-06 19:24:38:053,0.0115,0.3131,10.14,-0.0006,-0.0025,9.8066,0.0333,-0.0019,-0.0082,3.31,-31.06,21.75,20.73,-84.46,-169.86
52.421345,-1.534866,180.5,0.1,4,269.34,19 / 21,272409,2019-09-06 19:24:38:152,-0.0308,-0.2499,9.9732,0,-0.0021,9.8066,0.0036,-0.0363,-0.0079,3.19,-30.81,21.88,20.81,-84.45,-169.8
52.421345,-1.534866,180.5,0.1,4,269.34,19 / 21,272510,2019-09-06 19:24:38:253,-0.187,0.3965,10.0672,0.0005,0.0041,9.8066,0.0106,0.0083,-0.0216,3.19,-30.81,21.94,20.94,-84.47,-169.67
52.421345,-1.534866,180.5,0.1,4,269.34,19 / 21,272610,2019-09-06 19:24:38:353,0.0794,-0.04,9.7744,0.0029,0.0033,9.8066,-0.0469,-0.0266,-0.0153,3.56,-30.75,21.94,23.58,-84.49,-169.88
52.421345,-1.534866,180.5,0.1,4,269.34,19 / 21,272709,2019-09-06 19:24:38:452,0.062,-0.534,9.6788,-0.0004,-0.0031,9.8066,0.0387,-0.0152,-0.0135,3.13,-31.19,21.88,20.64,-84.47,-169.93
52.421345,-1.534866,180.5,0.1,4,269.34,19 / 21,272809,2019-09-06 19:24:38:552,-0.1198,0.4006,10.0307,0.0001,-0.0046,9.8066,0.0043,-0.0291,-0.0086,2.81,-31,22.06,20.53,-84.47,-170.03
52.421345,-1.534866,180.5,0.1,4,269.34,19 / 21,272910,2019-09-06 19:24:38:653,-0.0282,0.0884,9.6248,0.0013,0,9.8066,0.0046,-0.0143,-0.0143,3.5,-31.06,21.63,23.33,-84.48,-170.1
52.421345,-1.534866,180.5,0.1,4,269.34,19 / 21,273010,2019-09-06 19:24:38:753,0.0044,-0.109,9.6285,0.0007,0.0019,9.8066,0.0015,0.0431,0.0177,3,-30.94,21.5,20.32,-84.47,-170.21
52.421345,-1.534866,180.5,0.1,4,269.34,19 / 21,273109,2019-09-06 19:24:38:852,-0.0099,-0.3521,9.8661,-0.001,-0.0032,9.8066,0.0252,0.0106,-0.0087,3.06,-30.94,21.25,20.93,-84.48,-170.17
52.421345,-1.534866,180.5,0.1,4,269.34,19 / 21,273211,2019-09-06 19:24:38:954,-0.0079,0.3853,9.8408,-0.0013,-0.0026,9.8066,-0.0074,-0.0369,-0.005,3.75,-31.12,22.19,23.39,-84.46,-170.06
52.421345,-1.534866,180.5,0.1,4,269.34,19 / 21,273310,2019-09-06 19:24:39:053,-0.194,0.3138,10.0541,-0.0049,-0.0005,9.8066,0.0095,0.0026,-0.0123,3.94,-31.12,21.81,23.71,-84.46,-169.78
52.421345,-1.534866,180.5,0.1,4,269.34,19 / 19,273410,2019-09-06 19:24:39:153,-0.0041,-0.0787,9.9466,-0.0009,0.0008,9.8066,0.0224,-0.0209,-0.0265,3,-31.31,22.19,20.85,-84.46,-169.76
52.421345,-1.534866,180.5,0.1,4,269.34,19 / 19,273509,2019-09-06 19:24:39:252,-0.1685,-0.1337,9.7286,0.0021,0.0006,9.8066,-0.0426,0.0209,0.0003,3.19,-31.31,21.31,21.2,-84.46,-169.94
52.421345,-1.534866,180.5,0.1,4,269.34,19 / 19,273611,2019-09-06 19:24:39:354,-0.1193,0.2018,10.0597,0.0007,0.0018,9.8066,0.0094,0.003,-0.0163,3.88,-30.62,21.63,23.49,-84.45,-169.98
52.421345,-1.534866,180.5,0.1,4,269.34,19 / 19,273709,2019-09-06 19:24:39:452,-0.0333,-0.0095,9.5666,-0.0004,-0.0013,9.8066,0.0303,0.0072,-0.0033,3.25,-31.06,21.5,20.45,-84.46,-170.1
52.421345,-1.534866,180.5,0.1,4,269.34,19 / 19,273809,2019-09-06 19:24:39:552,0.0883,-0.2933,9.9297,0.0003,-0.0003,9.8066,0.0349,0.0227,0.0025,3.63,-31.5,21.88,23.36,-84.45,-170.09
52.421345,-1.534866,180.5,0.1,4,269.34,19 / 19,273910,2019-09-06 19:24:39:653,-0.1875,0.3108,10.0348,0.0003,-0.0002,9.8066,0.0026,0.0382,-0.0007,3.38,-30.87,22.06,20.35,-84.44,-170.2
52.421345,-1.534866,180.5,0.1,4,269.34,19 / 19,274009,2019-09-06 19:24:39:752,-0.0147,-0.2913,9.6838,0.0009,-0.0003,9.8066,0.0073,0.0314,0.0176,3.69,-31.62,21.81,23.31,-84.43,-170.25
52.421345,-1.534866,180.5,0.1,4,269.34,19 / 19,274109,2019-09-06 19:24:39:852,-0.1043,0.3916,10.0168,-0.0008,0.0015,9.8066,0.0178,0.042,0.017,3.56,-31.31,21.69,23.21,-84.44,-170.23
52.421345,-1.534866,180.5,0.1,4,269.34,19 / 19,274210,2019-09-06 19:24:39:953,0.0117,-0.4587,9.8089,-0.0022,-0.0019,9.8066,-0.0035,0.0372,0.0226,3.5,-31.06,21.56,23.2,-84.44,-170.23
52.421345,-1.534866,180.5,0.1,4,269.34,19 / 19,274309,2019-09-06 19:24:40:052,-0.0156,0.4539,9.9122,-0.0012,-0.0025,9.8066,0.0112,0.0417,0.028,3.81,-31.25,21.69,23.44,-84.42,-170.03
52.421345,-1.534866,180.5,0.1,4,269.34,19 / 19,274410,2019-09-06 19:24:40:153,0.0969,-0.4729,9.7492,-0.001,-0.0046,9.8066,0.012,-0.0485,-0.0196,3.69,-31.25,21.69,23.4,-84.42,-170.07
52.421345,-1.534866,180.5,0.1,4,269.34,19 / 19,274509,2019-09-06 19:24:40:252,0.0055,0.1913,10.1327,0.0009,0.0031,9.8066,0.0076,-0.0317,-0.0232,3.56,-30.81,21.5,23.73,-84.4,-169.8
52.421345,-1.534866,180.5,0.1,4,269.34,19 / 19,274610,2019-09-06 19:24:40:353,-0.0212,-0.3108,9.589,0.0013,0.0011,9.8066,-0.0248,-0.0403,-0.0213,3.25,-31.06,21.88,20.82,-84.42,-169.8
52.421345,-1.534866,180.5,0.1,4,269.34,19 / 19,274709,2019-09-06 19:24:40:452,0.1476,-0.1719,9.5013,-0.0013,-0.0005,9.8066,-0.0057,-0.0376,-0.0201,3.19,-30.75,21.81,21.05,-84.42,-169.6
52.421345,-1.534866,180.5,0.1,4,269.34,19 / 19,274810,2019-09-06 19:24:40:553,-0.0431,-0.3409,9.8449,-0.0011,-0.0026,9.8066,0.0153,-0.0337,-0.0311,4.25,-30.87,21.56,23.9,-84.4,-169.65
52.421345,-1.534866,180.5,0.1,4,269.34,19 / 19,274909,2019-09-06 19:24:40:652,-0.0801,0.3395,10.1831,0.0005,-0.0002,9.8066,0.0199,-0.0418,-0.0196,2.69,-31,21.94,21.06,-84.4,-169.6
52.421345,-1.534866,180.5,0.1,4,269.34,19 / 19,275009,2019-09-06 19:24:40:752,0.0719,-0.3766,9.6297,-0.0008,0.0025,9.8066,-0.006,-0.0203,-0.0217,3.25,-31.06,22.25,21.09,-84.41,-169.57
52.421345,-1.534866,180.5,0.1,4,269.34,19 / 19,275109,2019-09-06 19:24:40:852,-0.0162,-0.2736,9.624,-0.0005,-0.0022,9.8065,-0.0128,-0.0322,-0.0158,2.5,-31.44,21.88,21.04,-84.4,-169.63
52.421345,-1.534866,180.5,0.1,4,269.34,19 / 19,275210,2019-09-06 19:24:40:953,0.0719,-0.0027,9.9997,-0.0015,-0.0009,9.8066,0.0344,-0.0215,-0.0141,3.13,-31.5,22.13,21.18,-84.4,-169.5
52.421345,-1.534866,180.5,0.1,4,269.34,19 / 19,275310,2019-09-06 19:24:41:053,-0.0195,0.3558,10.0009,-0.0005,0.0022,9.8066,0.0347,-0.0183,-0.0165,3.19,-31.62,21.75,21.34,-84.41,-169.45
52.421345,-1.534866,180.5,0.1,4,269.34,19 / 20,275409,2019-09-06 19:24:41:152,-0.0142,0.4361,9.9867,0.0013,0.0005,9.8066,0.0002,-0.0128,-0.01,3.31,-31,22,21.24,-84.42,-169.44
52.421345,-1.534866,180.5,0.1,4,269.34,19 / 20,275509,2019-09-06 19:24:41:252,0.1089,-0.0342,9.5312,-0.0008,0.0005,9.8066,0.0076,0.0091,-0.0157,3.63,-31.5,21.88,24.11,-84.42,-169.45
52.421345,-1.534866,180.5,0.1,4,269.34,19 / 20,275609,2019-09-06 19:24:41:352,-0.0069,-0.2992,9.7951,0.0003,0.001,9.8066,0.0342,0.0073,-0.0067,3.19,-31.37,21.5,21.18,-84.43,-169.49
52.421345,-1.534866,180.5,0.1,4,269.34,19 / 20,275710,2019-09-06 19:24:41:453,-0.1664,0.1971,9.905,0.0009,0.002,9.8066,0.0369,0.0152,-0.0011,3.88,-31.19,21.88,24.06,-84.42,-169.5
52.421345,-1.534866,180.5,0.1,4,269.34,19 / 20,275810,2019-09-06 19:24:41:553,-0.0391,-0.1118,9.9718,-0.0003,-0.0029,9.8066,0.0126,0.0249,-0.0007,3.19,-31.06,22,21.12,-84.43,-169.54
52.421345,-1.534866,180.5,0.1,4,269.34,19 / 20,275910,2019-09-06 19:24:41:653,-0.0006,-0.078,9.9582,0.0011,0.0018,9.8066,0.0107,0.0295,0.0171,3.88,-30.75,22.44,23.88,-84.44,-169.64
52.421345,-1.534866,180.5,0.1,4,269.34,19 / 20,276009,2019-09-06 19:24:41:752,-0.1273,-0.1705,9.6947,0.0013,0.0044,9.8066,0.0084,0.0402,0.0061,3.63,-31.06,22.06,24.06,-84.43,-169.5
52.421345,-1.534866,180.5,0.1,4,269.34,19 / 20,276110,2019-09-06 19:24:41:853,-0.1019,0.2453,10.0892,-0.0006,0.0053,9.8066,0,0.0311,0.0204,3.13,-31.12,22.06,21.3,-84.43,-169.38
52.421345,-1.534866,180.5,0.1,4,269.34,19 / 20,276209,2019-09-06 19:24:41:952,-0.0159,-0.0956,9.5869,0,-0.0035,9.8066,0.0007,0.0435,0.014,3.38,-31.5,22.06,21.25,-84.44,-169.42
52.421345,-1.534866,180.5,0.1,4,269.34,19 / 20,276310,2019-09-06 19:24:42:053,0.1714,-0.2412,9.8696,-0.0003,-0.0032,9.8066,-0.0123,0.0384,0.0151,3.63,-31,21.75,24.06,-84.42,-169.5
52.421345,-1.534866,180.5,0.1,4,269.34,19 / 20,276409,2019-09-06 19:24:42:152,0.032,0.2872,10.0648,0,0.002,9.8066,-0.0169,0.0237,0.0248,3.5,-31.19,21.69,23.95,-84.42,-169.59
52.421345,-1.534866,180.5,0.1,4,269.34,19 / 20,276510,2019-09-06 19:24:42:253,0.0468,0.3956,10.0574,0.0017,0.001,9.8065,-0.0262,0.0303,0.0163,3.13,-31.56,22,21.05,-84.43,-169.69
52.421345,-1.534866,180.5,0.1,4,269.34,19 / 20,276610,2019-09-06 19:24:42:353,-0.0396,0.1541,9.6316,-0.0003,-0.0012,9.8066,-0.0145,0.0192,0.0083,3.19,-30.87,21.75,21.05,-84.42,-169.6
52.421345,-1.534866,180.5,0.1,4,269.34,19 / 20,276710,2019-09-06 19:24:42:453,-0.0283,-0.3517,9.5949,-0.0003,-0.0001,9.8066,-0.0012,0.0268,0.0167,3.5,-31.37,21.94,23.74,-84.42,-169.78
52.421345,-1.534866,180.5,0.1,4,269.34,19 / 20,276810,2019-09-06 19:24:42:553,0.0016,-0.6952,9.6425,0.0025,0.0022,9.8066,-0.0459,0.024,0.0111,3.5,-31.06,22.06,23.72,-84.43,-169.79
52.421345,-1.534866,180.5,0.1,4,269.34,19 / 20,276910,2019-09-06 19:24:42:653,-0.066,0.0866,10.0606,-0.0007,-0.0021,9.8065,-0.0388,0.0038,0.0197,3.44,-31.12,21.69,20.79,-84.42,-169.83
52.421345,-1.534866,180.5,0.1,4,269.34,19 / 20,277009,2019-09-06 19:24:42:752,-0.0343,0.5355,10.0069,0.001,-0.0005,9.8066,0.0052,0.0154,0.012,3.38,-31.19,22.13,20.69,-84.42,-169.92
52.421345,-1.534866,180.5,0.1,4,269.34,19 / 20,277109,2019-09-06 19:24:42:852,0.1751,-0.4407,9.6668,-0.0008,0.003,9.8066,0.0417,-0.0089,-0.0131,3,-31.31,22.13,20.69,-84.42,-169.92
52.421345,-1.534866,180.5,0.1,4,269.34,19 / 20,277209,2019-09-06 19:24:42:952,0.0384,0.3115,9.9902,0.0004,-0.0007,9.8066,0.0383,-0.0011,-0.0113,3.44,-30.94,21.31,21.09,-84.43,-170.06
52.421345,-1.534866,180.5,0.1,4,269.34,19 / 21,277310,2019-09-06 19:24:43:053,0.0471,-0.5765,9.76,0.0001,0.0011,9.8066,0.0054,-0.004,-0.0058,3.44,-31.75,21.81,20.61,-84.44,-170.06
52.421345,-1.534866,180.5,0.1,4,269.34,19 / 21,277410,2019-09-06 19:24:43:153,-0.1135,0.335,9.8258,0.0002,0.0016,9.8066,0.0144,0.0184,-0.0064,3.19,-31.37,21.56,20.59,-84.44,-170
52.421345,-1.534866,180.5,0.1,4,269.34,19 / 21,277509,2019-09-06 19:24:43:252,0.0554,0.2267,9.8709,0.001,-0.0024,9.8066,0.0269,0.0117,-0.0026,3.25,-31.37,21.75,20.47,-84.44,-170.09
52.421345,-1.534866,180.5,0.1,4,269.34,19 / 21,277609,2019-09-06 19:24:43:352,0.129,-0.2841,9.8971,0.0015,0.0008,9.8066,0.0308,0.0235,0.0035,3.38,-30.87,22.06,20.41,-84.45,-170.14
52.421345,-1.534866,180.5,0.1,4,269.34,19 / 21,277710,2019-09-06 19:24:43:453,-0.1918,0.3564,10.034,-0.0004,-0.002,9.8066,0.0116,0.0324,-0.0017,3.13,-31,22,20.38,-84.44,-170.18
52.421345,-1.534866,180.5,0.1,4,269.34,19 / 21,277809,2019-09-06 19:24:43:552,-0.0355,0.1851,9.6896,0.0011,0.0029,9.8066,0.0195,0.0292,0.0194,3.13,-30.81,21.81,20.47,-84.43,-170.1
52.421345,-1.534866,180.5,0.1,4,269.34,19 / 21,277910,2019-09-06 19:24:43:653,0.0326,0.1024,10.0825,-0.0012,0.0031,9.8066,0.0059,0.0404,0.0039,3.25,-31.12,21.81,20.6,-84.44,-169.98
52.421345,-1.534866,180.5,0.1,4,269.34,19 / 21,278009,2019-09-06 19:24:43:752,0.0302,-0.2627,9.6554,0.0003,-0.0043,9.8066,-0.0027,0.0274,0.0217,3.38,-30.94,22.25,20.53,-84.43,-170.05
52.421345,-1.534866,180.5,0.1,4,269.34,19 / 21,278109,2019-09-06 19:24:43:852,0.0051,0.28,10.0553,-0.0026,-0.0037,9.8066,-0.0065,0.0354,0.0165,3.13,-31,21.94,20.46,-84.41,-170.12
52.421345,-1.534866,180.5,0.1,4,269.34,19 / 21,278210,2019-09-06 19:24:43:953,-0.047,0.1787,9.6744,-0.0002,0.0027,9.8066,-0.0194,0.028,0.0142,3.69,-31.19,21.63,23.42,-84.42,-170.06
52.421345,-1.534866,180.5,0.1,4,269.34,19 / 20,278310,2019-09-06 19:24:44:053,0.0651,-0.0515,9.6931,0.0011,0.0038,9.8066,-0.0226,0.0066,0.0235,3.5,-31.56,21.31,24.4,-84.44,-169.92
52.421345,-1.534866,180.5,0.1,4,269.34,19 / 20,278410,2019-09-06 19:24:44:153,0.0556,-0.494,9.7016,-0.0022,-0.0044,9.8066,-0.0325,0.0216,-0.0006,3.5,-31.31,21.63,23.66,-84.41,-169.85
52.421345,-1.534866,180.5,0.1,4,269.34,19 / 20,278509,2019-09-06 19:24:44:252,-0.1078,0.1891,10.074,0.0007,-0.0054,9.8066,-0.034,-0.0068,0.0167,3.19,-31.12,21.75,20.61,-84.41,-169.99
52.421345,-1.534866,180.5,0.1,4,269.34,19 / 20,278610,2019-09-06 19:24:44:353,0.0035,0.1808,10.0977,-0.0006,0.0051,9.8066,-0.0073,0.0008,-0.0018,3.56,-31.44,22,23.73,-84.44,-169.78
52.421345,-1.534866,180.5,0.1,4,269.34,19 / 20,278710,2019-09-06 19:24:44:453,-0.0885,0.311,9.8959,0.001,0.0043,9.8066,0.0432,0.0078,0.005,3.63,-31.19,21.56,23.69,-84.44,-169.8
52.421345,-1.534866,180.5,0.1,4,269.34,19 / 20,278809,2019-09-06 19:24:44:552,0.1298,-0.2959,9.6275,0.0006,-0.0056,9.8066,0.028,0.0103,-0.0076,3.38,-31.5,22.06,20.65,-84.41,-169.96
52.421345,-1.534866,180.5,0.1,4,269.34,19 / 20,278912,2019-09-06 19:24:44:655,-0.0467,-0.2983,9.8585,-0.003,-0.0062,9.8066,0.0256,0.0099,0.0127,3.19,-31.37,22.19,20.77,-84.42,-169.85
52.421345,-1.534866,180.5,0.1,4,269.34,19 / 20,279009,2019-09-06 19:24:44:752,-0.0956,0.3515,10.1598,0.0023,0.0066,9.8066,0.0122,0.0341,-0.0091,3,-31.31,21.75,20.72,-84.46,-169.87
52.421345,-1.534866,180.5,0.1,4,269.34,19 / 20,279110,2019-09-06 19:24:44:853,0.0361,0.1347,9.8786,0.0003,0.0044,9.8066,0.0402,0.0154,0.0017,3.25,-31.25,21.69,20.74,-84.46,-169.85
52.421345,-1.534866,180.5,0.1,4,269.34,19 / 20,279210,2019-09-06 19:24:44:953,-0.0554,0.382,9.8305,-0.002,-0.0029,9.8066,0.0117,0.0109,-0.0015,3.31,-31.37,21.81,20.8,-84.44,-169.81
52.421345,-1.534866,180.5,0.1,4,269.34,19 / 20,279310,2019-09-06 19:24:45:053,0.107,-0.2851,9.4679,-0.0011,-0.0058,9.8066,0.0267,0.0205,-0.0029,3.5,-31.62,21.69,23.77,-84.44,-169.84
52.421345,-1.534866,180.5,0.1,4,269.34,21 / 21,279409,2019-09-06 19:24:45:152,-0.0141,0.2894,10.1349,0.0013,0.0056,9.8066,0.0131,0.0042,0.0002,3.31,-31.06,21.75,20.81,-84.48,-169.78
52.421345,-1.534866,180.5,0.1,4,269.34,21 / 21,279510,2019-09-06 19:24:45:253,-0.0274,-0.3419,9.5848,0.0014,0.0039,9.8066,0.0364,0.0133,0,3.63,-31.19,21.5,23.63,-84.49,-169.84
52.421345,-1.534866,180.5,0.1,4,269.34,21 / 21,279610,2019-09-06 19:24:45:353,-0.0722,-0.3465,9.9236,0.0003,-0.004,9.8066,0.0178,0.0318,-0.0024,3.63,-31.12,21.81,23.72,-84.5,-169.75
52.421345,-1.534866,180.5,0.1,4,269.34,21 / 21,279709,2019-09-06 19:24:45:452,0.0103,-0.1144,9.9174,-0.0014,-0.0048,9.8066,0.0179,0.0183,0.0095,3.56,-31.37,22.13,23.57,-84.48,-169.9
52.421345,-1.534866,180.5,0.1,4,269.34,21 / 21,279810,2019-09-06 19:24:45:553,-0.0981,0.3141,10.0897,0.001,0.0039,9.8066,0.0104,0.0341,0.0014,2.88,-31.5,21.75,20.59,-84.48,-169.97
52.421345,-1.534866,180.5,0.1,4,269.34,21 / 21,279909,2019-09-06 19:24:45:652,0.0258,-0.1356,9.7192,-0.0002,0.0041,9.8066,0.0059,0.0319,0.0208,3.19,-31.44,21.94,20.7,-84.5,-169.87
52.421345,-1.534866,180.5,0.1,4,269.34,21 / 21,280010,2019-09-06 19:24:45:753,-0.0665,0.0343,9.5764,0.0001,-0.0054,9.8066,0.0081,0.0371,0.0174,3,-31.69,21.75,20.65,-84.48,-170.01
52.421345,-1.534866,180.5,0.1,4,269.34,21 / 21,280110,2019-09-06 19:24:45:853,0.167,-0.3823,9.7808,-0.0002,-0.0046,9.8066,-0.003,0.0375,0.0188,3.06,-31.5,21.75,20.54,-84.48,-170.02
52.421345,-1.534866,180.5,0.1,4,269.34,21 / 21,280209,2019-09-06 19:24:45:952,0.0511,0.1857,9.8453,0.001,0.0041,9.8066,-0.0033,0.0322,0.0231,3.75,-31.31,22.38,23.39,-84.48,-170.05
52.421345,-1.534866,180.5,0.1,4,269.34,19 / 21,280310,2019-09-06 19:24:46:053,-0.0308,-0.2171,9.6422,0.0008,0.0016,9.8066,-0.0041,0.0431,0.0109,3.38,-31.62,21.56,20.5,-84.5,-170.12
52.421345,-1.534866,180.5,0.1,4,269.34,19 / 21,280409,2019-09-06 19:24:46:152,0.1355,-0.3219,9.5353,0.0008,-0.0025,9.8066,-0.014,0.0383,0.0156,3.25,-31.44,21.88,20.4,-84.49,-170.13
52.421345,-1.534866,180.5,0.1,4,269.34,19 / 21,280509,2019-09-06 19:24:46:252,0.0229,-0.0416,9.961,-0.0006,0.0026,9.8066,-0.0106,0.026,0.0265,3.56,-31,21.69,23.09,-84.49,-170.3
52.421345,-1.534866,180.5,0.1,4,269.34,19 / 21,280609,2019-09-06 19:24:46:352,-0.1782,0.0255,9.7325,0.0014,0.0013,9.8066,-0.0198,0.028,0.0042,3.44,-31.25,21.44,20.79,-84.49,-170.29
52.421345,-1.534866,180.5,0.1,4,269.34,19 / 21,280710,2019-09-06 19:24:46:453,-0.0289,-0.5207,9.6582,-0.0004,0.0001,9.8066,-0.0201,0.009,0.0246,3.19,-30.87,22.31,20.17,-84.47,-170.34
52.421345,-1.534866,180.5,0.1,4,269.34,19 / 21,280810,2019-09-06 19:24:46:553,0.0166,-0.332,9.7603,0.0015,-0.001,9.8066,-0.0061,0.0141,0.0043,3.13,-31.44,22.13,19.89,-84.45,-170.59
52.421345,-1.534866,180.5,0.1,4,269.34,19 / 21,280909,2019-09-06 19:24:46:652,-0.1241,0.3237,9.9456,0.0018,-0.0015,9.8066,-0.0048,-0.001,0.0095,3.38,-30.69,22.06,19.93,-84.44,-170.57
52.421345,-1.534866,180.5,0.1,4,269.34,19 / 21,281010,2019-09-06 19:24:46:753,-0.0488,-0.3235,9.5907,0,-0.0013,9.8066,-0.0438,-0.0081,0.0045,3.56,-31.62,22,22.73,-84.43,-170.75
52.421345,-1.534866,180.5,0.1,4,269.34,19 / 21,281110,2019-09-06 19:24:46:853,-0.0051,-0.4719,9.8457,-0.0001,-0.0019,9.8066,-0.0501,-0.0014,-0.0019,2.94,-30.94,22.13,19.72,-84.43,-170.76
52.421345,-1.534866,180.5,0.1,4,269.34,19 / 21,281209,2019-09-06 19:24:46:952,-0.0809,0.3174,9.7333,0,0.0037,9.8066,-0.0125,-0.0111,0.0052,3.56,-31.19,21.69,22.67,-84.45,-170.7
52.421345,-1.534866,180.5,0.1,4,269.34,19 / 21,281310,2019-09-06 19:24:47:053,-0.0028,-0.3299,9.8032,0.001,0.0004,9.8066,-0.0085,-0.0074,-0.0078,3.25,-31.25,22,19.66,-84.44,-170.8
52.421345,-1.534866,180.5,0.1,4,269.34,20 / 21,281409,2019-09-06 19:24:47:152,0.0842,-0.4452,9.8379,0.0016,0.0035,9.8066,-0.0402,-0.0125,-0.0019,3.25,-31.31,22,19.59,-84.41,-170.87
52.421345,-1.534866,180.5,0.1,4,269.34,20 / 21,281510,2019-09-06 19:24:47:253,-0.1291,0.332,10.0928,-0.0003,-0.0063,9.8066,-0.0399,-0.0204,0.0036,3.31,-30.69,21.94,19.53,-84.36,-170.95
52.421345,-1.534866,180.5,0.1,4,269.34,20 / 21,281609,2019-09-06 19:24:47:352,-0.0294,-0.1489,9.5811,-0.0003,0.0047,9.8066,-0.009,-0.0149,-0.0067,3.19,-31.37,21.88,19.47,-84.36,-171
52.421345,-1.534866,180.5,0.1,4,269.34,20 / 21,281709,2019-09-06 19:24:47:452,-0.0488,0.3747,10.0991,0.0006,0.0033,9.8066,-0.013,-0.0248,-0.0021,3.63,-31.44,21.75,22.49,-84.36,-170.9
52.421345,-1.534866,180.5,0.1,4,269.34,20 / 21,281809,2019-09-06 19:24:47:552,-0.0194,0.0444,9.7711,0.0009,0.006,9.8066,-0.0246,-0.0251,-0.0056,3.63,-31,22.25,22.6,-84.38,-170.79
52.421345,-1.534866,180.5,0.1,4,269.34,20 / 21,281909,2019-09-06 19:24:47:652,-0.0386,0.1751,9.6867,-0.0021,-0.0042,9.8066,-0.0369,-0.0251,-0.0203,3.5,-31.19,21.63,22.56,-84.38,-170.83
52.421345,-1.534866,180.5,0.1,4,269.34,20 / 21,282010,2019-09-06 19:24:47:753,0.1735,-0.414,9.7045,0.0014,0.0017,9.8066,0.0054,-0.0424,-0.007,3.69,-31.19,21.88,22.58,-84.35,-170.83
52.421345,-1.534866,180.5,0.1,4,269.34,20 / 21,282110,2019-09-06 19:24:47:853,0.0414,-0.1946,9.6255,0.0003,0.0045,9.8066,0.0179,-0.0369,-0.0252,3.25,-31.19,21.88,19.66,-84.34,-170.85
52.421345,-1.534866,180.5,0.1,4,269.34,20 / 21,282210,2019-09-06 19:24:47:953,-0.0016,-0.4607,9.814,0.0008,0.0012,9.8066,-0.029,-0.0391,-0.0205,3.88,-31.19,21.63,22.56,-84.36,-170.84
52.421345,-1.534866,180.5,0.1,4,269.34,20 / 21,282309,2019-09-06 19:24:48:052,-0.1073,0.3631,10.082,0.001,0.0011,9.8066,-0.0021,-0.0283,-0.0209,3.69,-31.37,21.56,22.6,-84.37,-170.8
52.421345,-1.534866,180.5,0.1,4,269.34,21 / 21,282409,2019-09-06 19:24:48:152,-0.0239,-0.2179,9.619,-0.0009,-0.0032,9.8066,0.0276,-0.0199,-0.0253,3.19,-31.06,22.31,19.57,-84.36,-170.92
52.421345,-1.534866,180.5,0.1,4,269.34,21 / 21,282510,2019-09-06 19:24:48:253,0.0244,-0.4997,9.686,0.0013,0.0022,9.8066,0.0358,-0.0274,-0.009,3.25,-31,22.19,19.67,-84.37,-170.83
52.421345,-1.534866,180.5,0.1,4,269.34,21 / 21,282610,2019-09-06 19:24:48:353,-0.1117,0.0092,10.0422,-0.0008,0.0011,9.8066,0.0015,-0.0031,-0.0215,3.31,-31.25,21.5,19.74,-84.38,-170.77
52.421345,-1.534866,180.5,0.1,4,269.34,21 / 21,282710,2019-09-06 19:24:48:453,-0.0305,0.3513,9.9876,0,0,9.8066,0.008,-0.0181,-0.0102,3.56,-31.37,22.25,22.71,-84.38,-170.69
52.421345,-1.534866,180.5,0.1,4,269.34,21 / 21,282809,2019-09-06 19:24:48:552,-0.138,0.3622,10.0051,0.0001,0.0006,9.8066,0.0076,0.0025,-0.0169,3.38,-31.56,22.25,19.93,-84.39,-170.68
52.421345,-1.534866,180.5,0.1,4,269.34,21 / 21,282909,2019-09-06 19:24:48:652,-0.0491,-0.4808,9.7747,0.0003,0.0016,9.8066,0.0415,-0.0087,-0.0096,3.19,-31.31,21.56,19.78,-84.4,-170.71
52.421345,-1.534866,180.5,0.1,4,269.34,21 / 21,283009,2019-09-06 19:24:48:752,-0.0045,0.08,10.068,-0.0006,0.0024,9.8066,0.0258,-0.0001,-0.0162,3.25,-31.12,21.63,19.9,-84.41,-170.61
52.421345,-1.534866,180.5,0.1,4,269.34,21 / 21,283110,2019-09-06 19:24:48:853,-0.0224,0.3789,9.8655,0.0003,0.0009,9.8066,0.0267,0.0159,0.0006,3.5,-31.12,21.88,22.74,-84.41,-170.65
52.421345,-1.534866,180.5,0.1,4,269.34,21 / 21,283210,2019-09-06 19:24:48:953,0.0269,-0.3558,9.8115,0.0001,-0.0004,9.8066,0.0041,0.0052,-0.0105,2.81,-31.06,21.75,19.89,-84.41,-170.61
52.421345,-1.534866,180.5,0.1,4,269.34,21 / 21,283309,2019-09-06 19:24:49:052,-0.1775,0.2215,9.9319,0.0009,-0.0009,9.8066,0.0354,0.0071,0.0018,3.31,-31.5,21.44,20.6,-84.44,-170.47
52.421345,-1.534866,180.5,0.1,4,269.34,20 / 21,283410,2019-09-06 19:24:49:153,0.0178,0.4158,9.7714,0,0.0061,9.8066,0.0325,0.0193,-0.0117,3.94,-30.81,21.94,22.81,-84.43,-170.58
52.421345,-1.534866,180.5,0.1,4,269.34,20 / 21,283509,2019-09-06 19:24:49:252,-0.0314,0.4518,9.7956,0.0024,0.008,9.8065,0.0294,0.006,0.0016,3.31,-31.56,21.63,20.09,-84.43,-170.52
52.421345,-1.534866,180.5,0.1,4,269.34,20 / 21,283610,2019-09-06 19:24:49:353,0.1224,-0.342,9.8658,0.0012,0.0051,9.8066,0.037,0.0163,0.0005,3.81,-30.94,21.38,23.57,-84.47,-170.52
52.421345,-1.534866,180.5,0.1,4,269.34,20 / 21,283710,2019-09-06 19:24:49:453,0.0304,0.0955,9.8141,-0.0019,-0.0019,9.8066,0.0355,0.0103,0.0038,3.38,-31.19,21.13,20.51,-84.47,-170.54
52.421345,-1.534866,180.5,0.1,4,269.34,20 / 21,283810,2019-09-06 19:24:49:553,0.0056,-0.4707,9.5999,-0.0007,-0.0063,9.8066,0.0353,0.0226,0,3,-31.12,21.81,19.72,-84.44,-170.75
52.421345,-1.534866,180.5,0.1,4,269.34,20 / 21,283910,2019-09-06 19:24:49:653,0.0736,-0.1808,9.9379,-0.0011,-0.0053,9.8065,0.0174,0.0282,0.0047,4,-30.94,22.25,22.7,-84.45,-170.66
52.421345,-1.534866,180.5,0.1,4,269.34,20 / 21,284009,2019-09-06 19:24:49:752,-0.0027,0.2909,10.0105,0.0003,0.0057,9.8066,0.0217,0.0264,0.0133,3.19,-31.25,21.63,19.98,-84.48,-170.5
52.421345,-1.534866,180.5,0.1,4,269.34,20 / 21,284109,2019-09-06 19:24:49:852,0.0709,-0.4613,9.7357,0.0018,0.004,9.8066,0.0219,0.0365,0.0084,3.19,-31.75,21.75,19.95,-84.49,-170.6
52.421345,-1.534866,180.5,0.1,4,269.34,20 / 21,284210,2019-09-06 19:24:49:953,-0.1049,0.1484,10.0978,0.0007,-0.0035,9.8066,-0.0013,0.0431,0.0186,3.69,-31,21.75,22.86,-84.49,-170.51
52.421345,-1.534866,180.5,0.1,4,269.34,20 / 21,284310,2019-09-06 19:24:50:053,-0.0076,0.0043,9.6557,-0.0013,-0.0026,9.8066,0.0082,0.0383,0.0227,3.38,-31.44,22.19,19.86,-84.47,-170.61
52.421345,-1.534866,180.5,0.1,4,269.34,20 / 21,284410,2019-09-06 19:24:50:153,0.0015,-0.3611,9.605,0.0012,-0.0005,9.8066,-0.0101,0.0342,0.0121,3.25,-31.19,21.69,19.82,-84.47,-170.65
52.421345,-1.534866,180.5,0.1,4,269.34,20 / 21,284509,2019-09-06 19:24:50:252,-0.0574,-0.1763,9.9769,-0.0001,-0.0001,9.8066,-0.0198,0.0276,0.0254,3.19,-31.44,21.56,19.82,-84.46,-170.65
52.421345,-1.534866,180.5,0.1,4,269.34,20 / 21,284609,2019-09-06 19:24:50:352,-0.0347,0.3081,10.0658,0.0008,-0.0031,9.8066,-0.0039,0.0286,0.0221,3,-31.37,21.81,19.8,-84.46,-170.67
52.421345,-1.534866,180.5,0.1,4,269.34,20 / 21,284710,2019-09-06 19:24:50:453,0.1097,-0.5016,9.5032,0.0006,0.0002,9.8066,-0.0131,0.0244,0.0208,2.75,-31.12,22.06,19.63,-84.45,-170.82
52.421345,-1.534866,180.5,0.1,4,269.34,20 / 21,284810,2019-09-06 19:24:50:553,0.0251,-0.3918,9.6425,-0.0007,0.0013,9.8066,-0.0085,0.0288,0.0196,3.13,-31.37,21.81,19.67,-84.44,-170.79
52.421345,-1.534866,180.5,0.1,4,269.34,20 / 21,284909,2019-09-06 19:24:50:652,0.0348,-0.2648,9.958,0.0012,0.0016,9.8066,-0.0105,0.0336,0.0161,3.5,-31.06,21.81,22.49,-84.45,-170.86
52.421345,-1.534866,180.5,0.1,4,269.34,20 / 21,285009,2019-09-06 19:24:50:752,0.0246,0.1329,9.6497,0.0001,-0.0002,9.8066,-0.0216,0.0163,0.0258,3.38,-30.87,21.63,19.51,-84.44,-170.93
52.421345,-1.534866,180.5,0.1,4,269.34,20 / 21,285110,2019-09-06 19:24:50:853,0.0007,-0.0694,10.0044,0.0003,0.0001,9.8066,-0.0059,0.0164,0.0138,3.5,-30.62,21.38,22.98,-84.44,-171.05
52.421345,-1.534866,180.5,0.1,4,269.34,20 / 21,285209,2019-09-06 19:24:50:952,-0.1749,0.2687,9.9012,0.0018,-0.0004,9.8066,-0.0127,-0.0012,0.0059,3.38,-31.37,21.31,19.79,-84.45,-171.17
52.421345,-1.534866,180.5,0.1,4,269.34,20 / 20,285310,2019-09-06 19:24:51:053,-0.003,-0.2208,9.7425,-0.0021,-0.0026,9.8065,-0.0237,-0.0144,0.0047,3.44,-31.62,21.56,19.41,-84.43,-171.1
52.421345,-1.534866,180.5,0.1,4,269.34,20 / 20,285409,2019-09-06 19:24:51:152,0.0254,-0.0019,10.0131,0.0032,0.003,9.8066,0.011,-0.0147,-0.0205,3.94,-30.56,21.56,22.07,-84.46,-171.22
52.421345,-1.534866,180.5,0.1,4,269.34,20 / 20,285509,2019-09-06 19:24:51:252,-0.1731,0.1643,9.7979,-0.0004,0.0034,9.8066,0.0168,-0.0327,-0.0032,3.81,-31.62,21.69,22.2,-84.45,-171.2
52.421345,-1.534866,180.5,0.1,4,269.34,20 / 20,285610,2019-09-06 19:24:51:353,-0.0251,-0.3392,9.7155,0.0005,-0.0018,9.8066,0.024,-0.0246,-0.0191,4.19,-31.06,21.69,22.19,-84.45,-171.12
52.421345,-1.534866,180.5,0.1,4,269.34,20 / 20,285709,2019-09-06 19:24:51:452,-0.012,-0.037,9.8097,-0.0027,-0.0041,9.8066,-0.0024,-0.0181,-0.011,4.19,-31.25,21.81,22.24,-84.43,-171.08
52.421345,-1.534866,180.5,0.1,4,269.34,20 / 20,285810,2019-09-06 19:24:51:553,0.0156,0.1779,10.0438,-0.0004,0.0045,9.8066,0.0301,0.001,-0.001,3.69,-31.5,22,22.24,-84.45,-171.07
52.421345,-1.534866,180.5,0.1,4,269.34,20 / 20,285909,2019-09-06 19:24:51:652,-0.0016,-0.0073,9.7325,-0.0003,0.0032,9.8066,0.0209,0.0111,0.0097,3.69,-31.37,22.38,22.36,-84.44,-170.97
52.421345,-1.534866,180.5,0.1,4,269.34,20 / 20,286010,2019-09-06 19:24:51:753,0.0076,0.1611,9.6916,-0.0021,-0.0032,9.8066,0.0054,0.0145,0.0126,3.56,-31.25,21.5,22.48,-84.43,-170.87
52.421345,-1.534866,180.5,0.1,4,269.34,20 / 20,286110,2019-09-06 19:24:51:853,0.1675,-0.194,9.7762,-0.0005,-0.0031,9.8066,-0.0056,0.0347,0.0037,3.88,-31.25,21.38,23.23,-84.43,-170.84
52.421345,-1.534866,180.5,0.1,4,269.34,20 / 20,286209,2019-09-06 19:24:51:952,0.0891,0.1471,9.8814,-0.0012,0.0023,9.8066,-0.0017,0.0259,0.0272,4,-30.94,22.13,22.62,-84.44,-170.74
52.421345,-1.534866,180.5,0.1,4,269.34,20 / 20,286310,2019-09-06 19:24:52:053,-0.0752,-0.3084,9.6277,0.0025,0.0045,9.8066,-0.0101,0.0349,0.0139,3.75,-31.44,21.69,22.68,-84.47,-170.68
52.421345,-1.534866,180.5,0.1,4,269.34,20 / 21,286409,2019-09-06 19:24:52:152,-0.1091,0.3556,10.0572,-0.0006,0.0012,9.8066,0.0005,-0.0159,-0.0199,3.75,-30.87,22.63,22.06,-84.45,-170.67
52.421345,-1.534866,180.5,0.1,4,269.34,20 / 21,286510,2019-09-06 19:24:52:253,-0.0014,0.2756,10.0572,-0.0015,0.0024,9.8066,0.0228,-0.0229,-0.0277,3.44,-31.12,22.31,19.8,-84.45,-170.67
52.421345,-1.534866,180.5,0.1,4,269.34,20 / 21,286609,2019-09-06 19:24:52:352,-0.1359,-0.0165,9.7214,0.0026,0.002,9.8066,0.0306,-0.0262,-0.0115,3.69,-31.37,21.44,23.49,-84.44,-170.6
52.421345,-1.534866,180.5,0.1,4,269.34,20 / 21,286710,2019-09-06 19:24:52:453,-0.0877,0.0528,10.0307,0.0011,0.0024,9.8066,0.0096,-0.0096,-0.0206,3.5,-31.12,21.69,22.59,-84.46,-170.76
52.421345,-1.534866,180.5,0.1,4,269.34,20 / 21,286809,2019-09-06 19:24:52:552,-0.0501,0.2943,9.9109,0.0001,-0.0004,9.8066,0.0036,-0.0148,-0.0057,3.81,-31.37,21.69,22.56,-84.46,-170.79
52.421345,-1.534866,180.5,0.1,4,269.34,20 / 21,286910,2019-09-06 19:24:52:653,0.0683,-0.367,9.719,0.0009,0.0003,9.8066,0.0375,-0.0049,-0.0077,3.81,-31.37,21.63,22.62,-84.45,-170.74
52.421345,-1.534866,180.5,0.1,4,269.34,20 / 21,287010,2019-09-06 19:24:52:753,-0.0055,-0.3306,9.8496,-0.0005,-0.0002,9.8066,0.027,-0.0054,-0.0116,3.44,-31.19,21.88,19.64,-84.44,-170.81
52.421345,-1.534866,180.5,0.1,4,269.34,20 / 21,287109,2019-09-06 19:24:52:852,0.0488,0.1772,10.0677,0.0014,0.001,9.8066,0.0062,0.0029,0.0006,3.19,-31.37,21.88,19.6,-84.45,-170.85
52.421345,-1.534866,180.5,0.1,4,269.34,20 / 21,287210,2019-09-06 19:24:52:953,-0.0674,0.3323,9.8874,-0.0006,0.0018,9.8066,0.0227,0.0114,-0.0085,4.25,-31.12,21.31,23.23,-84.45,-170.82
52.421345,-1.534866,180.5,0.1,4,269.34,20 / 21,287310,2019-09-06 19:24:53:053,-0.0196,-0.0275,9.5874,-0.001,-0.0013,9.8066,0.0086,-0.0029,-0.0082,4,-31.37,21.69,22.55,-84.44,-170.8
52.421345,-1.534866,180.5,0.1,4,269.34,20 / 21,287409,2019-09-06 19:24:53:152,-0.1231,-0.3047,9.565,0.0005,-0.0003,9.8066,0.0331,0.0057,-0.0033,3.63,-31.37,22.19,22.55,-84.44,-170.8
52.421345,-1.534866,180.5,0.1,4,269.34,20 / 21,287509,2019-09-06 19:24:53:252,-0.1287,0.2548,10.0628,-0.0007,-0.0012,9.8066,0.0124,0.0133,-0.014,3.5,-31.31,21.88,22.53,-84.44,-170.82
52.421345,-1.534866,180.5,0.1,4,269.34,20 / 21,287609,2019-09-06 19:24:53:352,-0.0426,-0.0372,9.5526,0.0005,0.0026,9.8066,0.023,-0.0005,0.0009,3.44,-31.19,21.56,19.62,-84.44,-170.83
52.421345,-1.534866,180.5,0.1,4,269.34,20 / 21,287710,2019-09-06 19:24:53:453,0.1583,-0.2064,9.821,0.0003,0.0013,9.8066,0.0298,0.0011,-0.0075,4.25,-31.19,21.69,22.6,-84.44,-170.76
52.421345,-1.534866,180.5,0.1,4,269.34,20 / 21,287809,2019-09-06 19:24:53:552,-0.0614,-0.3554,9.8591,-0.0012,-0.0018,9.8066,0.0278,0.0033,-0.008,4,-31.12,21.75,22.48,-84.43,-170.87
52.421345,-1.534866,180.5,0.1,4,269.34,20 / 21,287910,2019-09-06 19:24:53:653,0.0602,0.3046,10.0955,0.0013,0.0011,9.8066,0.0135,0.0062,0.0006,3.81,-31.19,21.38,23.19,-84.43,-170.87
52.421345,-1.534866,180.5,0.1,4,269.34,20 / 21,288009,2019-09-06 19:24:53:752,-0.0651,0.3034,9.7925,0.0005,0.0036,9.8066,0.0141,0.0164,-0.0073,3.69,-30.87,21.63,22.43,-84.43,-170.92
52.421345,-1.534866,180.5,0.1,4,269.34,20 / 21,288109,2019-09-06 19:24:53:852,-0.0743,-0.2487,9.8441,0.0006,0.0016,9.8066,-0.0059,-0.0057,-0.003,3.5,-31.12,21.56,22.42,-84.45,-170.91
52.421345,-1.534866,180.5,0.1,4,269.34,20 / 21,288209,2019-09-06 19:24:53:952,-0.0792,0.2246,9.8047,0.0014,0.0039,9.8066,-0.0287,-0.0232,0.0005,3.63,-30.87,21.81,22.39,-84.44,-170.94
52.421345,-1.534866,180.5,0.1,4,269.34,20 / 21,288309,2019-09-06 19:24:54:052,-0.0572,-0.1285,9.9932,-0.0006,-0.0044,9.8066,-0.0282,-0.0196,-0.0079,4,-31.12,21.5,22.48,-84.4,-170.89
52.421345,-1.534866,180.5,0.1,4,269.34,20 / 21,288410,2019-09-06 19:24:54:153,-0.0718,-0.0498,10.0014,-0.0016,-0.0026,9.8066,-0.006,-0.0221,-0.0168,3.88,-31.44,21.5,22.56,-84.41,-170.82
52.421345,-1.534866,180.5,0.1,4,269.34,20 / 21,288509,2019-09-06 19:24:54:252,-0.1242,0.2938,9.9501,0.0007,0.0018,9.8066,-0.0024,-0.0364,-0.005,3.63,-30.62,21.94,22.56,-84.43,-170.81
52.421345,-1.534866,180.5,0.1,4,269.34,20 / 21,288609,2019-09-06 19:24:54:352,0.0445,-0.2068,9.6387,-0.0009,0.0022,9.8066,0.0044,-0.0306,-0.0241,3.88,-31.62,21.94,22.84,-84.43,-170.65
52.421345,-1.534866,180.5,0.1,4,269.34,20 / 21,288710,2019-09-06 19:24:54:453,0.0581,0.1653,10.0429,-0.0013,-0.0008,9.8066,-0.0155,-0.0457,-0.0163,3.56,-30.62,21.88,22.77,-84.43,-170.62
52.421345,-1.534866,180.5,0.1,4,269.34,20 / 21,288810,2019-09-06 19:24:54:553,-0.052,0.2392,10.1418,0.0012,0.0003,9.8066,0.0269,-0.0395,-0.0103,3.81,-31.44,21.81,22.94,-84.43,-170.47
52.421345,-1.534866,180.5,0.1,4,269.34,20 / 21,288910,2019-09-06 19:24:54:653,-0.0517,-0.4035,9.6992,-0.0004,-0.0001,9.8066,0.0235,-0.0261,-0.0234,3.75,-31.25,22.44,22.93,-84.42,-170.49
52.421345,-1.534866,180.5,0.1,4,269.34,20 / 21,289009,2019-09-06 19:24:54:752,-0.0356,0.2835,9.9839,0.0011,0.0011,9.8066,-0.0094,-0.0257,-0.0119,3.75,-31,21.88,22.92,-84.42,-170.5
52.421345,-1.534866,180.5,0.1,4,269.34,20 / 21,289110,2019-09-06 19:24:54:853,0.1308,-0.2893,9.7201,0.0004,-0.0017,9.8066,-0.0027,-0.0045,-0.0105,3.63,-30.94,22,22.94,-84.42,-170.48
52.421345,-1.534866,180.5,0.1,4,269.34,20 / 21,289209,2019-09-06 19:24:54:952,-0.0303,0.0948,10.0288,-0.0003,-0.0008,9.8066,0.0264,-0.0055,-0.0149,3.63,-30.5,21.5,22.72,-84.42,-170.57
52.421345,-1.534866,180.5,0.1,4,269.34,20 / 21,289309,2019-09-06 19:24:55:052,-0.1545,0.2242,9.8603,0.0017,0.0008,9.8066,0.042,0.0049,-0.0006,4.31,-30.94,21.5,22.79,-84.42,-170.61
52.421345,-1.534866,180.5,0.1,4,269.34,21 / 21,289409,2019-09-06 19:24:55:152,-0.0099,0.1543,9.6868,-0.0008,0.0001,9.8066,-0.0034,0.0326,-0.0054,3.75,-31.06,21.5,22.67,-84.42,-170.71
52.421345,-1.534866,180.5,0.1,4,269.34,21 / 21,289510,2019-09-06 19:24:55:253,-0.0462,-0.2025,9.7205,0.0016,0.0018,9.8066,0.01,0.0173,0.0141,3.31,-31.25,21.5,19.66,-84.43,-170.8
52.421345,-1.534866,180.5,0.1,4,269.34,21 / 21,289609,2019-09-06 19:24:55:352,-0.0402,0.135,10.0821,-0.0002,0.002,9.8066,-0.0065,0.0454,0.0061,4.06,-30.69,22.06,22.5,-84.43,-170.86
52.421345,-1.534866,180.5,0.1,4,269.34,21 / 21,289709,2019-09-06 19:24:55:452,-0.0028,-0.3684,9.6651,0.0011,-0.0035,9.8066,-0.0058,0.0136,0.0238,3.63,-31.56,21.44,23.19,-84.41,-170.99
52.421345,-1.534866,180.5,0.1,4,269.34,21 / 21,289809,2019-09-06 19:24:55:552,-0.0039,0.2596,9.9681,-0.0016,-0.0025,9.8066,-0.0098,0.0257,0.0106,3.81,-30.75,21.25,23.17,-84.41,-170.9
52.421345,-1.534866,180.5,0.1,4,269.34,21 / 21,289910,2019-09-06 19:24:55:653,0.1421,-0.2819,9.745,0.0014,0.0043,9.8066,-0.0054,0.0061,0.0103,3.69,-30.87,21.56,22.35,-84.41,-171
52.421345,-1.534866,180.5,0.1,4,269.34,21 / 21,290009,2019-09-06 19:24:55:752,0.0008,0.1331,9.8526,0.0003,0.0044,9.8065,-0.0197,-0.0157,0.01,3.69,-31.12,22.06,22.41,-84.43,-170.93
52.421345,-1.534866,180.5,0.1,4,269.34,21 / 21,290109,2019-09-06 19:24:55:852,-0.0353,-0.3419,9.6927,-0.0017,-0.0024,9.8066,-0.0281,-0.0166,-0.0067,3.5,-30.94,22,22.34,-84.42,-171
52.421345,-1.534866,180.5,0.1,4,269.34,21 / 21,290210,2019-09-06 19:24:55:953,0.1183,-0.2942,9.6644,-0.0003,-0.0045,9.8066,0.0023,-0.0298,-0.0076,3.56,-31.25,21.56,22.39,-84.41,-170.97
52.421345,-1.534866,180.5,0.1,4,269.34,21 / 21,290310,2019-09-06 19:24:56:053,-0.0522,0.0905,10.0361,0.0028,0.0014,9.8066,0.0092,0.0334,0.0189,3.56,-30.75,21.19,22.99,-84.44,-171.04
52.421345,-1.534866,180.5,0.1,4,269.34,20 / 21,290409,2019-09-06 19:24:56:152,0.0743,0.1753,10.0918,-0.0007,-0.0031,9.8066,0.0043,0.0368,0.0127,4,-31.37,22.25,22.4,-84.41,-170.95
52.421345,-1.534866,180.5,0.1,4,269.34,20 / 21,290510,2019-09-06 19:24:56:253,-0.0722,0.2566,9.7434,-0.001,-0.0044,9.8066,-0.0072,0.0362,0.0169,3.81,-30.87,22.19,22.32,-84.41,-171.03
52.421345,-1.534866,180.5,0.1,4,269.34,20 / 21,290609,2019-09-06 19:24:56:352,-0.0146,-0.0993,9.5902,0.0012,0.0048,9.8066,0.0038,0.0271,0.0193,3.5,-31.06,21.88,22.42,-84.41,-170.93
52.421345,-1.534866,180.5,0.1,4,269.34,20 / 21,290709,2019-09-06 19:24:56:452,-0.0468,0.4082,10.2039,0.0007,0.0071,9.8066,-0.022,0.046,0.0159,3.56,-31.19,21.56,22.52,-84.43,-170.84
52.421345,-1.534866,180.5,0.1,4,269.34,20 / 21,290810,2019-09-06 19:24:56:553,0.0797,0.0757,9.8374,-0.0048,0.0071,9.8066,-0.0093,0.0184,0.0347,4.31,-31.19,21.94,22.94,-84.42,-170.48
52.421345,-1.534866,180.5,0.1,4,269.34,20 / 21,290909,2019-09-06 19:24:56:652,-0.0931,0.1255,9.6839,0.0006,-0.0031,9.8066,-0.0173,0.0345,0.0083,4.06,-31.25,21.88,22.9,-84.44,-170.5
52.421345,-1.534866,180.5,0.1,4,269.34,20 / 21,291010,2019-09-06 19:24:56:753,0.159,-0.2737,9.6872,0.0011,0.0018,9.8066,-0.0064,0.0125,0.0144,3.69,-31.06,22.19,22.93,-84.43,-170.48
52.421345,-1.534866,180.5,0.1,4,269.34,20 / 21,291110,2019-09-06 19:24:56:853,-0.0298,0.1494,9.9364,-0.0001,0.0004,9.8066,-0.0317,0.0045,0.0122,3.38,-31,21.81,20.05,-84.44,-170.46
52.421345,-1.534866,180.5,0.1,4,269.34,20 / 21,291209,2019-09-06 19:24:56:952,-0.1017,-0.2543,9.6612,0.0011,0.0018,9.8066,-0.0361,0.0036,0.0008,3.88,-31.06,21.81,22.9,-84.44,-170.5
52.421345,-1.534866,180.5,0.1,4,269.34,20 / 20,291310,2019-09-06 19:24:57:053,0.0669,-0.2775,9.563,0,0.0031,9.8066,-0.0075,-0.0169,-0.0008,3.69,-31.06,22.31,22.87,-84.44,-170.52
52.421345,-1.534866,180.5,0.1,4,269.34,20 / 20,291410,2019-09-06 19:24:57:153,-0.0041,-0.0201,9.7664,0.0008,0.0015,9.8066,0.0071,-0.013,-0.0073,3.69,-30.69,21.94,22.88,-84.46,-170.51
52.421345,-1.534866,180.5,0.1,4,269.34,20 / 20,291510,2019-09-06 19:24:57:253,-0.0702,-0.457,9.6628,0.0011,-0.0025,9.8066,-0.0399,-0.023,-0.0158,4.06,-31,21.5,22.76,-84.45,-170.62
52.421345,-1.534866,180.5,0.1,4,269.34,20 / 20,291610,2019-09-06 19:24:57:353,-0.1401,-0.017,10.0542,-0.0016,-0.0034,9.8066,-0.0198,-0.0307,-0.0096,3.5,-30.75,21.69,22.73,-84.44,-170.65
52.421345,-1.534866,180.5,0.1,4,269.34,20 / 20,291709,2019-09-06 19:24:57:452,-0.0076,0.3462,9.9393,0.002,0.0027,9.8066,-0.0257,-0.0356,-0.0176,3.13,-30.81,21.69,19.72,-84.46,-170.74
52.421345,-1.534866,180.5,0.1,4,269.34,20 / 20,291809,2019-09-06 19:24:57:552,-0.0891,-0.233,9.684,-0.0003,0.0033,9.8066,0.0235,-0.0438,-0.0087,3.88,-30.56,21.88,22.59,-84.46,-170.76
52.421345,-1.534866,180.5,0.1,4,269.34,20 / 20,291909,2019-09-06 19:24:57:652,-0.0797,-0.2493,9.9683,-0.0007,-0.0069,9.8066,0.0283,-0.0262,-0.0246,3.75,-30.81,21.63,22.52,-84.42,-170.84
52.421345,-1.534866,180.5,0.1,4,269.34,20 / 20,292009,2019-09-06 19:24:57:752,-0.0327,0.4543,10.0141,-0.0011,-0.0036,9.8065,0.0338,-0.0219,-0.0214,3.38,-31.56,21.19,20.37,-84.42,-170.78
52.421345,-1.534866,180.5,0.1,4,269.34,20 / 20,292110,2019-09-06 19:24:57:853,-0.0417,-0.0383,9.5723,-0.0029,-0.001,9.8066,0.0255,-0.0176,-0.0142,3.63,-31.44,21.38,23.54,-84.33,-170.63
52.421345,-1.534866,180.5,0.1,4,269.34,20 / 20,292210,2019-09-06 19:24:57:953,-0.0174,-0.1594,9.713,-0.0014,-0.0008,9.8066,0.0268,-0.0017,-0.01,3.56,-31.37,21.56,22.85,-84.28,-170.64
52.421345,-1.534866,180.5,0.1,4,269.34,21 / 21,292309,2019-09-06 19:24:58:052,-0.0271,-0.2217,9.9057,-0.0011,-0.0023,9.8066,-0.0193,0.0108,-0.0087,3.63,-31.31,22.38,22.78,-84.23,-170.73
52.421345,-1.534866,180.5,0.1,4,269.34,21 / 21,292409,2019-09-06 19:24:58:152,0.0552,1.0047,9.6512,0.0135,0.0328,9.8065,-0.1366,-0.0166,0.0173,4.31,-31.25,22.06,22.69,-84.6,-170.34
52.421345,-1.534866,180.5,0.1,4,269.34,21 / 21,292510,2019-09-06 19:24:58:253,-0.0738,-0.1733,10.146,0.0014,0.0105,9.8066,0.1089,-0.0201,-0.0224,3.19,-31.31,22.13,19.93,-84.47,-170.55
52.421345,-1.534866,180.5,0.1,4,269.34,21 / 21,292609,2019-09-06 19:24:58:352,-0.1771,-0.4461,9.8789,0.0043,0.0198,9.8066,-0.0951,-0.0342,-0.0136,3.69,-30.94,21.63,22.97,-84.5,-170.4
52.421345,-1.534866,180.5,0.1,4,269.34,21 / 21,292709,2019-09-06 19:24:58:452,-0.0911,-0.455,10.0974,-0.004,-0.0206,9.8065,-0.0617,-0.0254,-0.0139,3.75,-31.12,22.19,23.06,-84.4,-170.39
52.421345,-1.534866,180.5,0.1,4,269.34,21 / 21,292810,2019-09-06 19:24:58:553,-0.0098,0.3181,9.9453,-0.0044,-0.0186,9.8066,0.0467,-0.0298,-0.0217,4,-31.12,21.88,23.04,-84.39,-170.41
52.421345,-1.534866,180.5,0.1,4,269.34,21 / 21,292910,2019-09-06 19:24:58:653,-0.0257,0.1224,9.6648,0.0015,0.0124,9.8066,0.0335,-0.0208,-0.0139,3.38,-30.94,21.75,20.22,-84.39,-170.34
52.421345,-1.534866,180.5,0.1,4,269.34,21 / 21,293010,2019-09-06 19:24:58:753,0.0308,-0.0491,9.6462,0.0011,0.0082,9.8066,0.0116,-0.004,-0.0126,3.69,-30.87,22.38,23.33,-84.45,-170.12
52.421345,-1.534866,180.5,0.1,4,269.34,21 / 21,293109,2019-09-06 19:24:58:852,-0.0775,-0.0854,9.7124,-0.0009,-0.0049,9.8065,0.0162,-0.0046,-0.0024,3.81,-31.06,21.88,23.24,-84.42,-170.21
52.421345,-1.534866,180.5,0.1,4,269.34,21 / 21,293210,2019-09-06 19:24:58:953,-0.018,0.2146,10.1136,-0.0009,0.0055,9.8066,0.0171,0.0042,-0.0011,3.44,-31.37,21.75,20.49,-84.43,-170.08
52.421345,-1.534866,180.5,0.1,4,269.34,21 / 21,293310,2019-09-06 19:24:59:053,0.0122,-0.2627,9.6128,-0.0003,-0.0027,9.8066,0.0081,0.0121,-0.0025,4,-31.12,22,23.2,-84.43,-170.24
52.421345,-1.534866,180.5,0.1,4,269.34,21 / 21,293410,2019-09-06 19:24:59:153,0.1015,-0.2635,9.862,-0.0011,-0.003,9.8066,0.0286,0.0003,0.0017,3.63,-31.12,21.63,23.27,-84.44,-170.17
52.421345,-1.534866,180.5,0.1,4,269.34,21 / 21,293510,2019-09-06 19:24:59:253,-0.0849,0.3838,10.1137,0.0002,0.0046,9.8066,0.0289,0.0175,-0.0033,4.13,-30.94,22,23.09,-84.43,-170.34
52.421345,-1.534866,180.5,0.1,4,269.34,21 / 21,293609,2019-09-06 19:24:59:352,0.0354,-0.1553,9.638,0.0006,0.0033,9.8066,0.0093,0.0142,0.0005,4,-31.37,21.69,23.22,-84.45,-170.21
52.421345,-1.534866,180.5,0.1,4,269.34,21 / 21,293710,2019-09-06 19:24:59:453,-0.0393,0.3512,10.1686,0.0002,-0.0017,9.8066,0.0278,0.0176,0.0043,3.44,-31.56,22.38,20.4,-84.46,-170.24
52.421345,-1.534866,180.5,0.1,4,269.34,21 / 21,293809,2019-09-06 19:24:59:552,-0.0193,0.148,9.7068,0.0002,-0.0014,9.8066,0.0086,0.0335,-0.0017,3.5,-31.12,21.88,23.06,-84.45,-170.36
52.421345,-1.534866,180.5,0.1,4,269.34,21 / 21,293910,2019-09-06 19:24:59:653,0.3124,0.4833,9.1514,0.0145,0.0418,9.8065,-0.0955,0.037,0.0236,3.56,-30.94,21.44,23.87,-84.45,-170.26
52.421345,-1.534866,180.5,0.1,4,269.34,21 / 21,294010,2019-09-06 19:24:59:753,0.0157,0.6524,9.8584,0.0045,0.0183,9.8066,0.1132,0.0157,0.0069,4,-31.31,21.75,23.33,-84.37,-170.17
52.421345,-1.534866,180.5,0.1,4,269.34,21 / 21,294109,2019-09-06 19:24:59:852,-0.0042,0.1707,9.6279,0.0024,0.0119,9.8066,0.0783,0.0255,0.0063,3.75,-30.87,21.63,23.35,-84.39,-170.13
52.421345,-1.534866,180.5,0.1,4,269.34,21 / 21,294209,2019-09-06 19:24:59:952,-0.0132,-0.1074,10.0439,0.0003,0.0037,9.8066,0.0087,0.0304,0.022,3.69,-31.37,21.31,23.92,-84.27,-170.34
52.421345,-1.534866,180.5,0.1,4,269.34,21 / 21,294310,2019-09-06 19:25:00:053,0.0006,0.1678,10.0859,-0.0013,-0.0024,9.8066,-0.0039,-0.0376,-0.0148,3.69,-31.31,21.75,23.12,-84.15,-170.48
52.421345,-1.534866,180.5,0.1,4,269.34,20 / 21,294410,2019-09-06 19:25:00:153,0.0107,0.1268,9.8226,0.0026,0.0056,9.8066,-0.004,-0.023,-0.0236,4.06,-30.81,21.81,22.96,-84.19,-170.59
52.421345,-1.534866,180.5,0.1,4,269.34,20 / 21,294510,2019-09-06 19:25:00:253,0.0606,-0.145,9.9131,-0.0023,-0.0056,9.8066,-0.0042,-0.023,-0.0121,3.81,-30.37,22,22.94,-84.16,-170.52
52.421345,-1.534866,180.5,0.1,4,269.34,20 / 21,294609,2019-09-06 19:25:00:352,0.0147,0.1661,9.6363,-0.0009,-0.0102,9.8066,-0.0223,-0.0135,-0.0205,3.56,-31.25,21.94,22.98,-84.14,-170.6
52.421345,-1.534866,180.5,0.1,4,269.34,20 / 21,294710,2019-09-06 19:25:00:453,-0.0038,0.0161,10.0507,0.0017,0.0039,9.8066,0.0136,-0.0086,-0.0142,4,-31.06,21.75,23.03,-84.18,-170.54
52.421345,-1.534866,180.5,0.1,4,269.34,20 / 21,294810,2019-09-06 19:25:00:553,-0.0886,-0.0602,9.7229,-0.0005,-0.0022,9.8066,0.0131,-0.0094,-0.0081,3.94,-31.37,22,22.92,-84.21,-170.62
52.421345,-1.534866,180.5,0.1,4,269.34,20 / 21,294909,2019-09-06 19:25:00:652,0.175,0.2334,9.7106,0.0052,0.0132,9.8066,-0.1359,0.0016,-0.0047,4.44,-31.06,21.56,22.84,-84.33,-170.61
52.421345,-1.534866,180.5,0.1,4,269.34,20 / 21,295010,2019-09-06 19:25:00:753,0.1465,0.3881,9.5082,-0.0048,-0.0239,9.8066,0.0752,0.0001,0.0085,3.56,-30.44,21.88,22.8,-84.35,-170.54
52.421345,-1.534866,180.5,0.1,4,269.34,20 / 21,295110,2019-09-06 19:25:00:853,0.2113,0.0521,9.8375,0.0046,0.0223,9.8066,0.0737,-0.0004,0.0023,4,-30.94,21.5,22.78,-84.38,-170.64
52.421345,-1.534866,180.5,0.1,4,269.34,20 / 21,295209,2019-09-06 19:25:00:952,-0.0828,-0.3709,10.0078,0.0046,0.0203,9.8066,0.052,0.0021,-0.0006,3.63,-30.94,21.56,23.05,-84.5,-170.33
52.421345,-1.534866,180.5,0.1,4,269.34,20 / 21,295310,2019-09-06 19:25:01:053,0.008,0.2111,10.0895,-0.003,-0.0116,9.8066,-0.0441,-0.0193,-0.008,4.19,-31.44,22,22.81,-84.42,-170.59
52.421345,-1.534866,180.5,0.1,4,269.34,20 / 21,295409,2019-09-06 19:25:01:152,0.0014,0.1638,10.0529,-0.0021,-0.0054,9.8066,-0.055,-0.03,0.0063,4.31,-30.56,21.81,22.98,-84.45,-170.42
52.421345,-1.534866,180.5,0.1,4,269.34,20 / 21,295510,2019-09-06 19:25:01:253,-0.0153,-0.0511,9.7152,-0.0027,-0.0116,9.8066,0.0116,-0.0151,-0.0212,4,-30.56,21.69,23.01,-84.4,-170.43
52.421345,-1.534866,180.5,0.1,4,269.34,20 / 21,295609,2019-09-06 19:25:01:352,-0.0183,-0.058,9.8664,-0.0033,-0.0123,9.8066,-0.0408,-0.0286,-0.0242,4.13,-31.31,21.88,22.97,-84.33,-170.5
52.421345,-1.534866,180.5,0.1,4,269.34,20 / 21,295709,2019-09-06 19:25:01:452,0.1177,0.1692,9.6177,0.006,0.0192,9.8066,-0.0425,-0.0337,-0.0082,4.25,-31.25,21.19,23.82,-84.49,-170.28
52.421345,-1.534866,180.5,0.1,4,269.34,20 / 21,295810,2019-09-06 19:25:01:553,-0.0586,-0.0373,10.1253,-0.0003,0.0049,9.8066,-0.054,-0.033,-0.0146,3.94,-31.25,21.5,22.99,-84.47,-170.41
52.421345,-1.534866,180.5,0.1,4,269.34,20 / 21,295909,2019-09-06 19:25:01:652,-0.1439,0.0843,9.9976,0.0011,0.0026,9.8066,0.0521,-0.0435,-0.0166,3.19,-31.12,22.06,20.24,-84.47,-170.29
52.421345,-1.534866,180.5,0.1,4,269.34,20 / 21,296009,2019-09-06 19:25:01:752,-0.0354,-0.4673,9.7393,-0.0007,-0.0037,9.8066,-0.0308,-0.0281,-0.0216,3.63,-31,21.88,23.17,-84.48,-170.24
52.421345,-1.534866,180.5,0.1,4,269.34,20 / 21,296109,2019-09-06 19:25:01:852,-0.0578,-0.1616,9.5781,-0.0016,-0.0052,9.8066,-0.0231,-0.0353,-0.0156,3.94,-31.25,22.06,23.14,-84.49,-170.26
52.421345,-1.534866,180.5,0.1,4,269.34,20 / 21,296209,2019-09-06 19:25:01:952,0.0972,-0.0987,9.9569,0.0048,0.0026,9.8066,0.0363,-0.0173,-0.022,3.44,-31,21.88,19.98,-84.48,-170.51
52.421345,-1.534866,180.5,0.1,4,269.34,20 / 21,296310,2019-09-06 19:25:02:053,-0.0147,-0.4265,9.7026,0.0014,0.0042,9.8066,-0.0172,0.016,0.0225,3.75,-31.19,22.06,22.89,-84.48,-170.48
52.421345,-1.534866,180.5,0.1,4,269.34,20 / 20,296410,2019-09-06 19:25:02:153,-0.0331,0.1205,10.1871,-0.0039,-0.0086,9.8066,0.0291,0.0226,0.0065,3.88,-31.06,21.63,22.98,-84.43,-170.43
52.421345,-1.534866,180.5,0.1,4,269.34,20 / 20,296509,2019-09-06 19:25:02:252,0.1156,-0.3541,9.6932,0.0036,0.0113,9.8066,-0.0452,0.0255,0.0143,4,-30.94,21.69,22.83,-84.46,-170.55
52.421345,-1.534866,180.5,0.1,4,269.34,20 / 20,296609,2019-09-06 19:25:02:352,-0.0134,0.217,9.9476,0.0018,0.0053,9.8066,-0.0046,-0.0251,-0.0094,4.5,-30.81,21.44,26.78,-84.54,-170.25
52.421345,-1.534866,180.5,0.1,4,269.34,20 / 20,296710,2019-09-06 19:25:02:453,0.0379,0.0457,10.1435,0.0017,0.0084,9.8066,0.0318,-0.0167,-0.0102,3.75,-30.75,22.13,23.18,-84.65,-170.13
52.421345,-1.534866,180.5,0.1,4,269.34,20 / 20,296809,2019-09-06 19:25:02:552,0.0692,-0.1406,9.6316,-0.0006,-0.0015,9.8066,0.0078,-0.0033,-0.0137,3.56,-31.12,21.63,23.26,-84.63,-170.07
52.421345,-1.534866,180.5,0.1,4,269.34,20 / 20,296910,2019-09-06 19:25:02:653,0.0246,-0.3265,10.2067,-0.0053,-0.0261,9.8065,-0.0571,-0.0083,0.005,3.44,-31.06,21.81,20.29,-84.47,-170.24
52.421345,-1.534866,180.5,0.1,4,269.34,20 / 20,297009,2019-09-06 19:25:02:752,0.1235,-0.1871,9.6458,0.0005,0.0005,9.8066,-0.0318,0.0125,-0.0126,3.69,-31.06,22,23.16,-84.5,-170.24
52.421345,-1.534866,180.5,0.1,4,269.34,20 / 20,297109,2019-09-06 19:25:02:852,-0.0102,-0.2978,9.5569,-0.0025,-0.0031,9.8066,0.033,0.0114,-0.0018,3.25,-30.75,22.19,20.46,-84.49,-170.08
52.421345,-1.534866,180.5,0.1,4,269.34,20 / 20,297210,2019-09-06 19:25:02:953,0.1016,-0.1883,9.9396,0.0004,0.0057,9.8066,0.0272,0.0057,0.0078,3.63,-31.19,21.56,23.33,-84.54,-170.07
52.421345,-1.534866,180.5,0.1,4,269.34,20 / 20,297309,2019-09-06 19:25:03:052,-0.0496,0.001,9.694,-0.0004,0.0004,9.8066,0.0146,0.031,0.001,3.63,-30.94,21.44,23.96,-84.52,-170.15
52.421345,-1.534866,180.5,0.1,4,269.34,21 / 21,297410,2019-09-06 19:25:03:153,-0.0612,-0.0835,10.0326,0.0018,0.0016,9.8066,0.0085,0.0239,0.0122,3.81,-30.94,21.31,23.88,-84.54,-170.21
52.421345,-1.534866,180.5,0.1,4,269.34,21 / 21,297509,2019-09-06 19:25:03:252,0.0529,0.0229,10.0023,0.0007,-0.0017,9.8066,0.0085,0.0336,0.0099,4,-30.94,21.75,23.03,-84.53,-170.34
52.421345,-1.534866,180.5,0.1,4,269.34,21 / 21,297610,2019-09-06 19:25:03:353,-0.1339,0.2604,9.9094,0.0004,0.0021,9.8066,0.007,0.0364,0.0054,3.94,-31.12,21.88,22.97,-84.52,-170.39
52.421345,-1.534866,180.5,0.1,4,269.34,21 / 21,297709,2019-09-06 19:25:03:452,-0.0794,-0.0089,9.6003,0.0012,0.0006,9.8066,0.0058,0.0395,0.0209,3.94,-30.69,21.5,22.87,-84.53,-170.47
52.421345,-1.534866,180.5,0.1,4,269.34,21 / 21,297810,2019-09-06 19:25:03:553,-0.101,-0.1963,9.6484,0.0003,0.0034,9.8066,-0.0039,0.045,0.0142,3.88,-31.12,22.06,22.86,-84.53,-170.49
52.421345,-1.534866,180.5,0.1,4,269.34,21 / 21,297909,2019-09-06 19:25:03:652,-0.091,-0.4404,9.8699,-0.0007,-0.0058,9.8066,-0.0096,0.0267,0.0285,4.19,-31.12,21.63,22.79,-84.53,-170.55
52.421345,-1.534866,180.5,0.1,4,269.34,21 / 21,298009,2019-09-06 19:25:03:752,-0.0835,0.2398,9.8174,-0.0023,-0.0048,9.8066,-0.0084,0.0374,0.014,3.88,-30.94,21.81,22.85,-84.49,-170.51
52.421345,-1.534866,180.5,0.1,4,269.34,21 / 21,298110,2019-09-06 19:25:03:853,0.1006,-0.1793,9.9322,-0.0002,0.0024,9.8066,-0.0126,0.0337,0.0185,3.69,-30.81,21.94,22.82,-84.48,-170.55
52.421345,-1.534866,180.5,0.1,4,269.34,21 / 21,298210,2019-09-06 19:25:03:953,0.0516,0.0507,9.7436,-0.0002,-0.0047,9.8065,0.0046,-0.0194,-0.025,3.56,-30.87,21.56,22.79,-84.45,-170.59
52.421345,-1.534866,180.5,0.1,4,269.34,20 / 21,298310,2019-09-06 19:25:04:053,0.062,-0.0777,10.0333,0.0001,-0.0005,9.8066,0.0233,-0.033,-0.0119,3.88,-30.94,22.44,22.77,-84.47,-170.6
52.421345,-1.534866,180.5,0.1,4,269.34,20 / 21,298409,2019-09-06 19:25:04:152,-0.1169,0.2144,10.0189,0.0011,0.0035,9.8066,0.0031,-0.0141,-0.0179,3.44,-30.81,21.44,20.3,-84.48,-170.71
52.421345,-1.534866,180.5,0.1,4,269.34,20 / 21,298510,2019-09-06 19:25:04:253,-0.114,-0.3612,9.7544,-0.0005,-0.0017,9.8066,0.0201,-0.0188,-0.0068,4.19,-31.12,21.88,22.69,-84.48,-170.67
52.421345,-1.534866,180.5,0.1,4,269.34,20 / 21,298611,2019-09-06 19:25:04:354,-0.0538,0.1546,10.1222,-0.0008,-0.0042,9.8066,0.001,-0.0023,-0.0089,3.88,-31,21.44,23.35,-84.47,-170.71
52.421345,-1.534866,180.5,0.1,4,269.34,20 / 21,298710,2019-09-06 19:25:04:453,0.0032,-0.1159,9.639,-0.0007,-0.0032,9.8065,0.0215,-0.0045,-0.0056,3.75,-30.75,21.69,22.61,-84.46,-170.75
52.421345,-1.534866,180.5,0.1,4,269.34,20 / 21,298809,2019-09-06 19:25:04:552,0.0104,0.2099,10.05,-0.0027,-0.0063,9.8066,0.0332,-0.0052,0.0065,3.56,-31.31,21.81,22.58,-84.38,-170.81
52.421345,-1.534866,180.5,0.1,4,269.34,20 / 21,298909,2019-09-06 19:25:04:652,0.0942,-0.1536,9.6521,0.001,0.0056,9.8066,-0.0018,-0.019,-0.0024,3.88,-31.25,21.63,22.74,-84.35,-170.7
52.421345,-1.534866,180.5,0.1,4,269.34,20 / 21,299010,2019-09-06 19:25:04:753,0.0414,-0.2866,9.7013,0.002,0.0086,9.8066,0.0018,-0.008,-0.0105,3.44,-31,22,19.96,-84.4,-170.56
52.421345,-1.534866,180.5,0.1,4,269.34,20 / 21,299110,2019-09-06 19:25:04:853,-0.0343,0.3152,10.0117,-0.0024,-0.0068,9.8066,-0.0133,-0.034,-0.0091,3.81,-30.81,22.38,22.9,-84.33,-170.57
52.421345,-1.534866,180.5,0.1,4,269.34,20 / 21,299209,2019-09-06 19:25:04:952,-0.1335,0.3451,10.0035,-0.0009,-0.0049,9.8066,-0.0028,-0.0335,-0.0103,3.81,-30.81,22.13,22.89,-84.28,-170.6
52.421345,-1.534866,180.5,0.1,4,269.34,20 / 21,299311,2019-09-06 19:25:05:054,-0.0286,-0.3387,9.8232,0.0004,0.0015,9.8066,-0.0292,-0.0313,-0.0212,3.88,-30.5,22.25,22.72,-84.27,-170.65
52.421345,-1.534866,180.5,0.1,4,269.34,20 / 20,299409,2019-09-06 19:25:05:152,-0.1631,0.1075,9.8987,0.0005,-0.002,9.8066,-0.0202,0.0404,0.0119,3.88,-30.62,22.38,22.81,-84.31,-170.65
52.421345,-1.534866,180.5,0.1,4,269.34,20 / 20,299510,2019-09-06 19:25:05:253,0.0487,-0.1702,9.6309,-0.0008,-0.0066,9.8066,-0.037,0.0385,0.0159,3.81,-30.37,21.56,22.81,-84.29,-170.56
52.421345,-1.534866,180.5,0.1,4,269.34,20 / 20,299612,2019-09-06 19:25:05:355,0.057,-0.1683,9.7723,-0.0002,-0.0008,9.8066,-0.0506,0.0482,0.0145,4.25,-31.44,22.25,22.97,-84.34,-170.5
52.421345,-1.534866,180.5,0.1,4,269.34,20 / 20,299710,2019-09-06 19:25:05:453,-0.1546,0.0924,9.6334,0.0025,0.0063,9.8066,-0.0005,0.0303,0.0031,3.88,-31.19,21.06,23.7,-84.46,-170.42
52.421345,-1.534866,180.5,0.1,4,269.34,20 / 20,299810,2019-09-06 19:25:05:553,-0.0331,-0.2409,9.7247,-0.0008,-0.0014,9.8066,-0.0131,0.0015,0.0193,3.56,-31.37,21.13,23.65,-84.45,-170.46
52.421345,-1.534866,180.5,0.1,4,269.34,20 / 20,299909,2019-09-06 19:25:05:652,0.0183,0.1422,9.9941,0.0005,0.004,9.8066,0.0041,0.0044,0.0045,3.56,-31.06,21.69,23.04,-84.45,-170.37
52.421345,-1.534866,180.5,0.1,4,269.34,20 / 20,300010,2019-09-06 19:25:05:753,-0.1559,0.0987,9.8735,0,0.0065,9.8066,-0.0024,-0.0066,0.0029,3.44,-31.12,21.88,20.27,-84.48,-170.25
52.421345,-1.534866,180.5,0.1,4,269.34,20 / 20,300109,2019-09-06 19:25:05:852,-0.0016,-0.3019,9.7265,-0.001,-0.0048,9.8066,-0.0257,-0.0218,-0.0053,3.94,-31.62,22.13,23.26,-84.49,-170.25
52.421345,-1.534866,180.5,0.1,4,269.34,20 / 20,300210,2019-09-06 19:25:05:953,0.0008,0.2524,9.9742,0.0001,0.0004,9.8066,-0.0261,-0.0224,-0.0122,3.94,-30.94,21.25,23.9,-84.5,-170.21
52.421345,-1.534866,180.5,0.1,4,269.34,20 / 20,300310,2019-09-06 19:25:06:053,0.0948,-0.3207,9.704,-0.0003,0.0043,9.8066,-0.0204,-0.0282,-0.0075,3.88,-30.81,22.13,23.37,-84.51,-170.05
52.421345,-1.534866,180.5,0.1,4,269.34,20 / 21,300409,2019-09-06 19:25:06:152,0.0034,-0.0099,9.9862,0.0018,-0.0004,9.8066,0.041,-0.0294,-0.0272,3.69,-30.81,21.63,23.19,-84.51,-170.21
52.421345,-1.534866,180.5,0.1,4,269.34,20 / 21,300510,2019-09-06 19:25:06:253,-0.0421,-0.5523,9.8384,-0.0023,-0.0104,9.8066,-0.0503,-0.0325,-0.0167,3.5,-31.19,22.06,23.42,-84.49,-170.02
52.421345,-1.534866,180.5,0.1,4,269.34,20 / 21,300609,2019-09-06 19:25:06:352,-0.0179,-0.3742,9.9775,0.0003,-0.0073,9.8066,-0.0295,-0.0332,-0.0184,3.69,-30.87,22.13,23.32,-84.44,-170.13
52.421345,-1.534866,180.5,0.1,4,269.34,20 / 21,300710,2019-09-06 19:25:06:453,0.0059,0.1668,10.0313,0.0033,0.0084,9.8066,0.023,-0.0239,-0.0244,3.56,-31.5,21.63,23.24,-84.44,-170.2
52.421345,-1.534866,180.5,0.1,4,269.34,20 / 21,300809,2019-09-06 19:25:06:552,-0.1001,0.3319,9.9872,0.0026,0.0063,9.8066,0.0201,-0.0457,-0.0113,3.94,-31.06,21.94,23.09,-84.46,-170.33
52.421345,-1.534866,180.5,0.1,4,269.34,20 / 21,300910,2019-09-06 19:25:06:653,-0.0329,-0.3778,9.8628,-0.0004,-0.0031,9.8066,-0.0078,-0.0379,-0.0195,3.56,-31.31,21.88,23.2,-84.49,-170.21
52.421345,-1.534866,180.5,0.1,4,269.34,20 / 21,301009,2019-09-06 19:25:06:752,-0.0327,0.347,9.9001,-0.0011,-0.004,9.8066,-0.0217,-0.0296,-0.0237,3.56,-31,22.13,23.1,-84.49,-170.29
52.421345,-1.534866,180.5,0.1,4,269.34,20 / 21,301109,2019-09-06 19:25:06:852,-0.0116,0.296,10.1368,0.0006,-0.0021,9.8066,0.0215,-0.0369,-0.0116,3.81,-31,22.13,22.96,-84.48,-170.43
52.421345,-1.534866,180.5,0.1,4,269.34,20 / 21,301210,2019-09-06 19:25:06:953,0.0105,0.0252,9.8257,0.0013,0.0013,9.8066,0.0222,-0.0271,-0.0263,3.44,-31.12,22,19.84,-84.49,-170.62
52.421345,-1.534866,180.5,0.1,4,269.34,19 / 21,301311,2019-09-06 19:25:07:054,0.0726,-0.1651,9.9756,0.0016,0.0014,9.8066,-0.0035,-0.0294,-0.0131,3.88,-30.75,21.63,22.63,-84.5,-170.7
52.421345,-1.534866,180.5,0.1,4,269.34,19 / 21,301410,2019-09-06 19:25:07:153,-0.153,0.317,9.9805,-0.0006,-0.0006,9.8066,-0.004,-0.0072,-0.0217,3.69,-31.19,21.81,22.66,-84.5,-170.68
52.421345,-1.534866,180.5,0.1,4,269.34,19 / 21,301509,2019-09-06 19:25:07:252,0.0005,0.2163,9.9477,0.0002,-0.0015,9.8066,0.0233,-0.0036,-0.0145,3.63,-30.87,21.81,22.56,-84.5,-170.77
52.421345,-1.534866,180.5,0.1,4,269.34,19 / 21,301609,2019-09-06 19:25:07:352,-0.1002,-0.2928,9.6558,0.0012,0.0006,9.8066,0.0319,0.0049,-0.0036,3.63,-31.12,22.38,22.56,-84.51,-170.76
52.421345,-1.534866,180.5,0.1,4,269.34,19 / 21,301710,2019-09-06 19:25:07:453,-0.0419,-0.1647,9.9685,-0.0004,0.0003,9.8066,0.0057,0.0241,-0.0049,3.5,-30.75,21.38,23.22,-84.51,-170.8
52.421345,-1.534866,180.5,0.1,4,269.34,19 / 21,301810,2019-09-06 19:25:07:553,-0.063,-0.0723,10.0034,0.0012,0.0002,9.8066,0.0073,0.0164,0.0161,4.44,-30.44,21.81,22.29,-84.52,-170.9
52.421345,-1.534866,180.5,0.1,4,269.34,19 / 21,301910,2019-09-06 19:25:07:653,-0.1514,0.2772,9.9925,-0.0011,0.0002,9.8066,0.0101,0.035,0.0072,3.69,-30.62,21.81,22.5,-84.52,-170.8
52.421345,-1.534866,180.5,0.1,4,269.34,19 / 21,302009,2019-09-06 19:25:07:752,-0.0158,-0.2526,9.6661,-0.004,0,9.8066,0.0152,-0.0342,-0.0187,3.63,-30.75,22.13,22.7,-84.52,-170.63
52.421345,-1.534866,180.5,0.1,4,269.34,19 / 21,302110,2019-09-06 19:25:07:853,0.0405,-0.3326,9.8821,0.0011,-0.0016,9.8066,-0.0133,-0.0336,-0.0197,3.88,-30.87,21.63,22.55,-84.5,-170.77
52.421345,-1.534866,180.5,0.1,4,269.34,19 / 21,302209,2019-09-06 19:25:07:952,0.1008,-0.2127,9.9084,-0.0003,0.0006,9.8066,0.0167,-0.0401,-0.0129,4.13,-30.94,22.13,22.61,-84.51,-170.71
52.421345,-1.534866,180.5,0.1,4,269.34,19 / 21,302310,2019-09-06 19:25:08:053,-0.0746,0.1691,10.0616,-0.0007,0.0021,9.8066,0.0109,-0.0245,-0.0242,3.81,-31.44,22.06,22.73,-84.52,-170.61
52.421345,-1.534866,180.5,0.1,4,269.34,20 / 20,302409,2019-09-06 19:25:08:152,-0.1561,0.0494,9.7625,0.001,0.0013,9.8066,0.0294,-0.0312,-0.0132,4,-31.31,21.63,22.74,-84.53,-170.59
52.421345,-1.534866,180.5,0.1,4,269.34,20 / 20,302510,2019-09-06 19:25:08:253,0.0183,-0.0242,9.5854,0.0008,0.0023,9.8066,0.0115,-0.0106,-0.0182,3.5,-31.44,21.44,23.45,-84.53,-170.58
52.421345,-1.534866,180.5,0.1,4,269.34,20 / 20,302609,2019-09-06 19:25:08:352,-0.0879,-0.2996,9.747,-0.0004,0.0006,9.8066,0.0234,-0.0079,-0.0187,3.81,-31.19,21.69,22.7,-84.54,-170.62
52.421345,-1.534866,180.5,0.1,4,269.34,20 / 20,302710,2019-09-06 19:25:08:453,0.0389,0.2025,10.1444,0.0014,0.001,9.8066,0.0397,-0.0097,-0.0075,3.56,-30.94,22,22.73,-84.54,-170.59
52.421345,-1.534866,180.5,0.1,4,269.34,20 / 20,302810,2019-09-06 19:25:08:553,-0.1231,0.3002,9.8619,-0.0004,-0.0005,9.8066,0.0277,-0.0046,-0.0111,3.69,-30.5,21.75,22.54,-84.55,-170.66
52.421345,-1.534866,180.5,0.1,4,269.34,20 / 20,302910,2019-09-06 19:25:08:653,-0.075,-0.0792,9.6041,-0.0007,-0.0003,9.8066,0.0128,-0.0014,-0.0018,3.75,-30.94,21.94,22.73,-84.56,-170.58
52.421345,-1.534866,180.5,0.1,4,269.34,20 / 20,303009,2019-09-06 19:25:08:752,0.1254,-0.3038,9.838,-0.0005,0.0002,9.8066,0.0135,0.0103,-0.0121,3.63,-31.31,22.19,22.83,-84.55,-170.5
52.421345,-1.534866,180.5,0.1,4,269.34,20 / 20,303110,2019-09-06 19:25:08:853,-0.0177,0.0863,9.9193,-0.0002,-0.003,9.8066,0.0014,-0.0027,-0.0057,3.44,-31.31,21.56,19.82,-84.56,-170.6
52.421345,-1.534866,180.5,0.1,4,269.34,20 / 20,303209,2019-09-06 19:25:08:952,0.043,-0.2993,9.9197,0,-0.0026,9.8066,-0.0439,-0.0055,-0.0047,3.5,-31.12,21.38,23.4,-84.54,-170.62
52.421345,-1.534866,180.5,0.1,4,269.34,20 / 20,303309,2019-09-06 19:25:09:052,-0.1787,0.2531,10.0689,0.0001,0.0019,9.8066,-0.0341,-0.0147,0.0014,3.31,-31.06,22.06,19.8,-84.54,-170.63
52.421345,-1.534866,180.5,0.1,4,269.34,19 / 20,303410,2019-09-06 19:25:09:153,-0.0046,0.0537,9.7558,0.0007,0.0001,9.8066,-0.0057,-0.0216,-0.015,3.75,-31.25,21.5,22.61,-84.55,-170.69
52.421345,-1.534866,180.5,0.1,4,269.34,19 / 20,303509,2019-09-06 19:25:09:252,-0.0119,-0.4498,9.7423,0.0012,0.0008,9.8066,-0.0062,-0.0317,-0.0095,3.63,-30.94,21.75,22.61,-84.55,-170.69
52.421345,-1.534866,180.5,0.1,4,269.34,19 / 20,303609,2019-09-06 19:25:09:352,-0.0942,0.1736,10.0918,-0.0001,-0.0021,9.8066,-0.0088,-0.0312,-0.0155,3.81,-31,21.63,22.55,-84.55,-170.74
52.421345,-1.534866,180.5,0.1,4,269.34,19 / 20,303709,2019-09-06 19:25:09:452,-0.0401,0.014,9.6642,0.0014,0.0021,9.8066,-0.0229,-0.0356,-0.0178,4.31,-31.56,21.69,22.6,-84.54,-170.8
52.421345,-1.534866,180.5,0.1,4,269.34,19 / 20,303810,2019-09-06 19:25:09:553,-0.0153,0.2078,10.1066,0.0001,0.0033,9.8066,0.006,-0.0401,-0.0101,3.69,-30.94,21.69,22.5,-84.55,-170.79
52.421345,-1.534866,180.5,0.1,4,269.34,19 / 20,303909,2019-09-06 19:25:09:652,0.0469,-0.0757,9.7363,0.0001,-0.0054,9.8066,0.0188,-0.0214,-0.0282,3.5,-31.12,21.81,22.48,-84.56,-170.8
52.421345,-1.534866,180.5,0.1,4,269.34,19 / 20,304010,2019-09-06 19:25:09:753,-0.0413,0.0042,10.0946,-0.0007,0.0037,9.8066,0.0105,-0.0301,-0.0085,3.44,-31.25,21.94,19.6,-84.56,-170.79
52.421345,-1.534866,180.5,0.1,4,269.34,19 / 20,304109,2019-09-06 19:25:09:852,0.0219,-0.4594,9.6716,-0.0007,-0.0098,9.8066,0.0002,-0.0202,-0.0173,3.94,-31,21.5,22.19,-84.5,-171.09
52.421345,-1.534866,180.5,0.1,4,269.34,19 / 20,304210,2019-09-06 19:25:09:953,-0.0875,-0.0977,10.045,-0.0014,-0.0068,9.8066,-0.0056,-0.0114,-0.0226,3.94,-31.37,21.75,22.21,-84.51,-171.06
52.421345,-1.534866,180.5,0.1,4,269.34,19 / 20,304310,2019-09-06 19:25:10:053,-0.0283,0.278,9.9881,-0.0008,0.0031,9.8066,0.0293,-0.022,-0.0014,4.31,-31.12,21.19,22.87,-84.5,-171.11
52.421345,-1.534866,180.5,0.1,4,269.34,20 / 21,304409,2019-09-06 19:25:10:152,0.1173,0.0474,9.6675,0.0027,0.0013,9.8066,0.0015,0.0127,-0.025,3.88,-30.69,21.5,22.15,-84.51,-171.11
52.421345,-1.534866,180.5,0.1,4,269.34,20 / 21,304509,2019-09-06 19:25:10:252,-0.0711,-0.1524,9.8814,0.0009,0.0052,9.8066,0.014,-0.0038,0.0059,3.75,-30.94,21.56,22.26,-84.53,-171.01
52.421345,-1.534866,180.5,0.1,4,269.34,20 / 21,304610,2019-09-06 19:25:10:353,-0.0111,-0.2432,9.9426,0.0003,0.0038,9.8066,0.0233,0.0199,0.0113,4.06,-31.37,21.94,22.25,-84.53,-171.02
52.421345,-1.534866,180.5,0.1,4,269.34,20 / 21,304709,2019-09-06 19:25:10:452,-0.1711,0.2101,9.9276,-0.0002,-0.0031,9.8066,-0.0294,-0.0251,-0.0006,3.63,-31,22.06,22.36,-84.52,-170.92
52.421345,-1.534866,180.5,0.1,4,269.34,20 / 21,304809,2019-09-06 19:25:10:552,-0.1061,-0.2645,9.8233,-0.0016,-0.0019,9.8066,-0.0146,-0.0211,-0.0151,3.5,-31.44,21.56,22.49,-84.55,-170.79
52.421345,-1.534866,180.5,0.1,4,269.34,20 / 21,304909,2019-09-06 19:25:10:652,-0.2074,-0.0218,9.9672,0.0019,-0.0082,9.8066,0.0345,-0.0402,-0.0141,4.13,-31.75,21.69,22.73,-84.56,-170.67
52.421345,-1.534866,180.5,0.1,4,269.34,20 / 21,305010,2019-09-06 19:25:10:753,-0.0296,-0.3526,9.8334,0.0004,0.0016,9.8066,0.0371,-0.0184,-0.0224,3.56,-31.19,21.56,22.44,-84.54,-170.85
52.421345,-1.534866,180.5,0.1,4,269.34,20 / 21,305109,2019-09-06 19:25:10:852,0.0393,-0.0779,10.0419,0,-0.006,9.8066,-0.0303,-0.0232,-0.0076,3.69,-31.06,21.88,22.4,-84.57,-170.86
52.421345,-1.534866,180.5,0.1,4,269.34,20 / 21,305209,2019-09-06 19:25:10:952,0.0252,-0.0325,9.6009,-0.0015,-0.007,9.8066,-0.0229,0.0079,-0.0159,3.94,-31.06,21.44,23.03,-84.53,-170.95
52.421345,-1.534866,180.5,0.1,4,269.34,20 / 21,305310,2019-09-06 19:25:11:053,-0.0143,0.2221,10.0007,0.0002,0.0029,9.8066,0.0268,0.0131,-0.0011,3.31,-31.81,21.63,19.4,-84.56,-171.04
52.421345,-1.534866,180.5,0.1,4,269.34,19 / 21,305409,2019-09-06 19:25:11:152,-0.0764,0.0871,9.7337,0.0025,0.0027,9.8066,0.0006,0.0197,0.016,3.88,-30.69,21.56,22.11,-84.57,-171.11
52.421345,-1.534866,180.5,0.1,4,269.34,19 / 21,305509,2019-09-06 19:25:11:252,0.1253,-0.3229,9.7468,-0.0003,0.0009,9.8066,0.0017,0.0304,0.0045,3.63,-30.69,22.13,21.93,-84.55,-171.29
52.421345,-1.534866,180.5,0.1,4,269.34,19 / 21,305610,2019-09-06 19:25:11:353,-0.0441,0.1357,10.0636,0.0011,0.0016,9.8066,-0.003,0.0219,0.0207,3.75,-31.19,21.81,21.88,-84.56,-171.33
52.421345,-1.534866,180.5,0.1,4,269.34,19 / 21,305711,2019-09-06 19:25:11:454,-0.1881,0.1491,9.8411,-0.0008,-0.0027,9.8066,-0.0067,0.036,0.0087,3.81,-31.25,22.06,21.82,-84.56,-171.37
52.421345,-1.534866,180.5,0.1,4,269.34,19 / 21,305809,2019-09-06 19:25:11:552,-0.0831,-0.0417,9.9949,0.0013,0.0005,9.8066,-0.011,0.0192,0.0103,3.69,-31.31,21.75,22,-84.56,-171.22
52.421345,-1.534866,180.5,0.1,4,269.34,19 / 21,305909,2019-09-06 19:25:11:652,-0.096,0.0193,9.6912,-0.0001,-0.002,9.8066,-0.0114,0.018,0.0086,3.63,-31.19,22.13,21.9,-84.56,-171.31
52.421345,-1.534866,180.5,0.1,4,269.34,19 / 21,306011,2019-09-06 19:25:11:754,-0.0021,0.2018,10.0989,0.0008,-0.0002,9.8066,-0.0446,0.0043,-0.0017,3.94,-31.12,21.75,21.91,-84.57,-171.29
52.421345,-1.534866,180.5,0.1,4,269.34,19 / 21,306110,2019-09-06 19:25:11:853,-0.0397,-0.3681,9.7858,-0.0009,-0.0039,9.8066,-0.0352,-0.0106,0.0005,3.56,-31.44,21.75,21.92,-84.56,-171.29
52.421345,-1.534866,180.5,0.1,4,269.34,19 / 21,306210,2019-09-06 19:25:11:953,0.031,0.2613,10.0049,0.0022,0.0026,9.8066,0.0035,-0.0163,-0.0206,3.81,-31,21.81,21.74,-84.58,-171.44
52.421345,-1.534866,180.5,0.1,4,269.34,19 / 21,306311,2019-09-06 19:25:12:054,0.1643,-0.2104,9.7409,-0.0009,0.0027,9.8066,0.0246,-0.0442,-0.007,3.94,-31.25,21.38,22.57,-84.58,-171.32
52.421345,-1.534866,180.5,0.1,4,269.34,19 / 20,306410,2019-09-06 19:25:12:153,-0.0228,0.0998,10.075,-0.0049,0.0006,9.8066,0.0116,-0.0236,-0.025,3.44,-30.37,21.88,19.1,-84.56,-171.15
52.421345,-1.534866,180.5,0.1,4,269.34,19 / 20,306510,2019-09-06 19:25:12:253,-0.0715,-0.0439,9.6263,-0.0015,-0.0043,9.8066,-0.0189,-0.0439,-0.0151,3.31,-31.37,21.63,19.16,-84.55,-171.18
52.421345,-1.534866,180.5,0.1,4,269.34,19 / 20,306609,2019-09-06 19:25:12:352,0.107,-0.2787,9.8495,-0.0014,-0.0034,9.8066,0.0235,-0.0427,-0.0135,3.63,-31.75,21.81,22.3,-84.53,-171.07
52.421345,-1.534866,180.5,0.1,4,269.34,19 / 20,306710,2019-09-06 19:25:12:453,-0.0305,0.2103,10.0777,-0.0004,0.0032,9.8066,0.0248,-0.0311,-0.0283,3.56,-31.25,21.69,22.34,-84.53,-170.94
52.421345,-1.534866,180.5,0.1,4,269.34,19 / 20,306810,2019-09-06 19:25:12:553,-0.0892,-0.3452,9.6743,0.0022,0.0031,9.8066,-0.0144,-0.0288,-0.0168,3.81,-31.06,21.38,23.08,-84.54,-170.9
52.421345,-1.534866,180.5,0.1,4,269.34,19 / 20,306909,2019-09-06 19:25:12:652,0.1153,-0.3075,9.6047,-0.0005,-0.0013,9.8066,-0.0062,-0.0216,-0.022,3.56,-31.12,21.38,23.11,-84.53,-170.88
52.421345,-1.534866,180.5,0.1,4,269.34,19 / 20,307010,2019-09-06 19:25:12:753,-0.0457,-0.0526,9.9894,0,-0.0014,9.8066,0.0215,-0.0238,-0.0265,4.06,-30.75,21.75,22.37,-84.54,-170.91
52.421345,-1.534866,180.5,0.1,4,269.34,19 / 20,307109,2019-09-06 19:25:12:852,0.0285,0.1134,10.0813,0.0018,0.0006,9.8066,0.0332,-0.0113,-0.0134,3.56,-30.81,21.88,22.39,-84.55,-170.88
52.421345,-1.534866,180.5,0.1,4,269.34,19 / 20,307209,2019-09-06 19:25:12:952,-0.1131,0.3314,9.9694,0.0004,0.0013,9.8066,0.0126,-0.0005,-0.0143,3.75,-30.87,21.38,22.98,-84.56,-170.98
52.421345,-1.534866,180.5,0.1,4,269.34,19 / 20,307309,2019-09-06 19:25:13:052,-0.003,0.1235,9.6644,-0.0007,-0.0005,9.8066,-0.0025,-0.0154,-0.0112,3.63,-31.37,21.88,22.24,-84.56,-171
52.421345,-1.534866,180.5,0.1,4,269.34,20 / 20,307409,2019-09-06 19:25:13:152,0.1229,-0.2249,9.8682,0.0006,0.0032,9.8066,0.0275,0.0036,-0.0016,3.06,-31.19,21.94,19.42,-84.57,-170.94
52.421345,-1.534866,180.5,0.1,4,269.34,20 / 20,307510,2019-09-06 19:25:13:253,-0.0145,0.055,9.8439,-0.0009,-0.0036,9.8066,0.0206,0.018,-0.0034,3.88,-31.44,21.88,22.12,-84.57,-171.1
52.421345,-1.534866,180.5,0.1,4,269.34,20 / 20,307609,2019-09-06 19:25:13:352,-0.0568,0.2044,9.7672,0.0006,0,9.8066,0.0016,0.017,0.0039,3.69,-31.44,21.44,22.84,-84.57,-171.09
52.421345,-1.534866,180.5,0.1,4,269.34,20 / 20,307709,2019-09-06 19:25:13:452,0.0648,-0.2769,9.628,0.001,-0.0007,9.8066,-0.0036,0.0322,0.0048,3.5,-31.19,22,21.93,-84.55,-171.29
52.421345,-1.534866,180.5,0.1,4,269.34,20 / 20,307809,2019-09-06 19:25:13:552,-0.055,-0.0861,9.9751,0.0003,0.001,9.8066,0.0078,0.0308,0.007,3.5,-31.12,21.75,21.97,-84.57,-171.24
52.421345,-1.534866,180.5,0.1,4,269.34,20 / 20,307910,2019-09-06 19:25:13:653,-0.1154,-0.0356,9.6597,0.0005,0.0017,9.8066,0.0219,0.0363,0.0152,3.94,-31,21.5,21.98,-84.57,-171.23
52.421345,-1.534866,180.5,0.1,4,269.34,20 / 20,308009,2019-09-06 19:25:13:752,0.0414,0.0125,9.6557,0.0007,0.0015,9.8066,-0.0002,0.0365,0.0056,4.13,-30.56,21.5,22.31,-84.58,-170.94
52.421345,-1.534866,180.5,0.1,4,269.34,20 / 20,308110,2019-09-06 19:25:13:853,-0.0938,0.0619,10.0619,-0.0005,0.0028,9.8066,0.0105,0.0284,0.0239,3.69,-31.62,21.38,23.17,-84.59,-170.9
52.421345,-1.534866,180.5,0.1,4,269.34,20 / 20,308210,2019-09-06 19:25:13:953,-0.1319,0.2668,9.8875,0.0019,-0.0011,9.8066,-0.0031,0.0397,0.0088,3.56,-30.87,21.38,22.82,-84.57,-171.11
52.421345,-1.534866,180.5,0.1,4,269.34,20 / 20,308310,2019-09-06 19:25:14:053,-0.0297,-0.2574,9.7232,-0.0008,0.0017,9.8066,-0.004,0.0138,0.0219,4.06,-31,22.06,22.26,-84.58,-170.98
52.421345,-1.534866,180.5,0.1,4,269.34,20 / 20,308410,2019-09-06 19:25:14:153,0.0204,0.2498,9.9344,0.0005,0.0013,9.8066,-0.0037,0.0277,0.0112,3.69,-30.81,21.69,22.04,-84.58,-171.17
52.421345,-1.534866,180.5,0.1,4,269.34,19 / 20,308510,2019-09-06 19:25:14:253,-0.1483,0.1992,10.0182,0.0004,-0.0003,9.8066,-0.0083,0.0133,0.0156,3.31,-30.81,22,19.25,-84.58,-171.09
52.421345,-1.534866,180.5,0.1,4,269.34,19 / 20,308609,2019-09-06 19:25:14:352,-0.0501,-0.111,9.6769,-0.0003,-0.0012,9.8066,-0.0225,0.0084,0.012,3.81,-31.31,21.81,21.98,-84.56,-171.23
52.421345,-1.534866,180.5,0.1,4,269.34,19 / 20,308710,2019-09-06 19:25:14:453,-0.0365,-0.3984,9.7385,-0.0013,-0.0019,9.8066,-0.023,0.0098,0.0066,3.94,-30.87,21.63,21.98,-84.57,-171.23
52.421345,-1.534866,180.5,0.1,4,269.34,19 / 20,308809,2019-09-06 19:25:14:552,-0.1437,0.2124,9.8423,0.0005,0.003,9.8066,-0.0301,-0.0019,0.0119,3.38,-31.25,21.69,19.14,-84.55,-171.2
52.421345,-1.534866,180.5,0.1,4,269.34,19 / 20,308909,2019-09-06 19:25:14:652,-0.038,-0.2084,9.8841,0.0011,0.0077,9.8066,0.0095,-0.004,-0.0008,3.94,-30.75,21.5,21.95,-84.52,-171.29
52.421345,-1.534866,180.5,0.1,4,269.34,19 / 20,309010,2019-09-06 19:25:14:753,0.071,-0.2614,9.9402,0.0005,0.0031,9.8066,-0.0305,-0.0135,-0.0131,3.94,-31.25,21.94,22.06,-84.56,-171.17
52.421345,-1.534866,180.5,0.1,4,269.34,19 / 20,309110,2019-09-06 19:25:14:853,-0.0315,0.099,9.6626,0.0009,-0.0032,9.8066,-0.0205,-0.0257,-0.009,3.88,-30.75,22.19,22.17,-84.56,-171.07
52.421345,-1.534866,180.5,0.1,4,269.34,19 / 20,309210,2019-09-06 19:25:14:953,-0.0477,-0.1583,9.8046,-0.0027,-0.0045,9.8066,0.006,-0.0179,-0.0162,4,-31.31,22.13,22.05,-84.53,-171.2
52.421345,-1.534866,180.5,0.1,4,269.34,19 / 20,309309,2019-09-06 19:25:15:052,-0.0159,0.0369,10.0234,0.0012,0.0016,9.8066,-0.0068,-0.0245,-0.012,3.88,-30.81,21.88,22.09,-84.54,-171.15
52.421345,-1.534866,180.5,0.1,4,269.34,20 / 21,309410,2019-09-06 19:25:15:153,0.0068,-0.1559,9.6718,-0.0004,0.0009,9.8066,-0.0007,0.0274,0.0164,3.75,-30.87,21.44,22.92,-84.54,-171.04
52.421345,-1.534866,180.5,0.1,4,269.34,20 / 21,309510,2019-09-06 19:25:15:253,-0.0484,0.0179,9.6629,-0.001,-0.0019,9.8066,0.0031,0.0378,0.015,3.88,-31.12,22.19,22.15,-84.51,-171.11
52.421345,-1.534866,180.5,0.1,4,269.34,20 / 21,309610,2019-09-06 19:25:15:353,0.1313,-0.1851,9.8389,0.0007,-0.0024,9.8066,0.005,0.0252,0.0118,4.06,-30.94,21.81,22.06,-84.51,-171.2
52.421345,-1.534866,180.5,0.1,4,269.34,20 / 21,309709,2019-09-06 19:25:15:452,-0.0778,0.1039,10.0637,-0.0007,0.0035,9.8066,-0.0136,0.0122,0.0213,3.56,-31.31,21.19,22.64,-84.51,-171.3
52.421345,-1.534866,180.5,0.1,4,269.34,20 / 21,309810,2019-09-06 19:25:15:553,-0.1796,0.0659,9.7477,0.0024,0.002,9.8066,-0.0208,0.0328,0.0043,3.75,-30.94,21.63,21.87,-84.53,-171.35
52.421345,-1.534866,180.5,0.1,4,269.34,20 / 21,309910,2019-09-06 19:25:15:653,0.0723,0.0387,9.6699,0.0007,-0.0022,9.8066,-0.0176,0.0081,0.0199,3.88,-31.06,21.5,22.05,-84.53,-171.19
52.421345,-1.534866,180.5,0.1,4,269.34,20 / 21,310009,2019-09-06 19:25:15:752,-0.0532,-0.125,9.8112,0.0006,-0.0023,9.8066,-0.0093,0.0117,-0.002,3.94,-30.69,21.81,21.73,-84.52,-171.48
52.421345,-1.534866,180.5,0.1,4,269.34,20 / 21,310109,2019-09-06 19:25:15:852,-0.2225,0.1472,9.8524,0.0022,-0.0009,9.8066,-0.0229,-0.006,-0.005,3.88,-31.06,21.69,21.74,-84.53,-171.46
52.421345,-1.534866,180.5,0.1,4,269.34,20 / 21,310209,2019-09-06 19:25:15:952,-0.1129,-0.275,9.9595,0.0007,-0.0048,9.8066,-0.037,-0.0115,-0.0009,3.88,-30.5,21.44,22.41,-84.52,-171.4
52.421345,-1.534866,180.5,0.1,4,269.34,20 / 21,310309,2019-09-06 19:25:16:052,-0.0181,0.0944,10.0056,-0.0027,-0.002,9.8066,0.0101,-0.015,-0.0232,3.38,-31.19,21.56,18.94,-84.52,-171.38
52.421345,-1.534866,180.5,0.1,4,269.34,18 / 20,310409,2019-09-06 19:25:16:152,-0.197,0.1495,9.9885,0.0017,0.0049,9.8066,0.027,-0.0372,-0.0048,4,-30.37,21.44,22.42,-84.54,-171.37
52.421345,-1.534866,180.5,0.1,4,269.34,18 / 20,310509,2019-09-06 19:25:16:252,-0.0435,-0.2992,9.7135,0.0001,0.0047,9.8066,0.0215,-0.0243,-0.0225,4.13,-30.81,21.5,21.98,-84.52,-171.25
52.421345,-1.534866,180.5,0.1,4,269.34,18 / 20,310609,2019-09-06 19:25:16:352,0.023,-0.2368,9.9611,-0.0019,-0.0049,9.8066,-0.0211,-0.0304,-0.0196,3.75,-31.25,21.63,21.91,-84.51,-171.33
52.421345,-1.534866,180.5,0.1,4,269.34,18 / 20,310710,2019-09-06 19:25:16:453,-0.0268,0.1298,9.726,-0.0006,-0.004,9.8066,-0.0113,-0.0217,-0.0225,3.75,-31.37,21.69,21.9,-84.52,-171.33
52.421345,-1.534866,180.5,0.1,4,269.34,18 / 20,310809,2019-09-06 19:25:16:552,-0.0021,-0.1022,9.7138,-0.001,0.0034,9.8066,0.0318,-0.0168,-0.016,3.5,-31.31,21.56,21.82,-84.53,-171.39
52.421345,-1.534866,180.5,0.1,4,269.34,18 / 20,310910,2019-09-06 19:25:16:653,-0.0132,0.0168,10.029,0.0024,0.0008,9.8066,0.0362,-0.0115,-0.0009,3.5,-31.19,21.75,21.71,-84.53,-171.49
52.421345,-1.534866,180.5,0.1,4,269.34,18 / 20,311009,2019-09-06 19:25:16:752,-0.095,0.2139,9.7864,-0.0006,0.0001,9.8066,0.0045,0.0069,-0.0154,3.94,-30.94,21.44,22.52,-84.51,-171.4
52.421345,-1.534866,180.5,0.1,4,269.34,18 / 20,311110,2019-09-06 19:25:16:853,-0.0163,0.0214,9.7592,0.0009,0.0001,9.8066,-0.0007,-0.008,-0.0058,3.69,-30.75,21.75,21.63,-84.52,-171.56
52.421345,-1.534866,180.5,0.1,4,269.34,18 / 20,311210,2019-09-06 19:25:16:953,-0.0483,-0.4141,9.6613,-0.0003,-0.0017,9.8065,-0.0018,-0.0297,-0.0045,3.5,-31.19,21.63,21.77,-84.52,-171.44
52.421345,-1.534866,180.5,0.1,4,269.34,18 / 20,311309,2019-09-06 19:25:17:052,-0.2402,0.2856,9.9689,-0.0012,-0.002,9.8066,-0.0245,-0.0177,-0.0019,3.38,-31.37,22.38,18.78,-84.51,-171.53
52.421345,-1.534866,180.5,0.1,4,269.34,20 / 20,311409,2019-09-06 19:25:17:152,-0.1364,-0.0123,9.5968,0.0016,0.0025,9.8066,-0.0209,-0.0258,-0.0106,3.75,-31,21.56,21.75,-84.52,-171.46
52.421345,-1.534866,180.5,0.1,4,269.34,20 / 20,311510,2019-09-06 19:25:17:253,-0.0509,-0.1487,9.6817,-0.0001,0.0013,9.8066,0.0042,-0.0371,-0.0191,3.56,-30.94,21.75,21.69,-84.51,-171.52
52.421345,-1.534866,180.5,0.1,4,269.34,20 / 20,311609,2019-09-06 19:25:17:352,-0.0267,-0.3172,9.8682,-0.0007,-0.0037,9.8066,-0.0114,-0.0231,-0.014,3.69,-30.56,21.56,21.7,-84.51,-171.51
52.421345,-1.534866,180.5,0.1,4,269.34,20 / 20,311710,2019-09-06 19:25:17:453,0.0206,0.2652,10.0908,-0.0014,-0.0027,9.8066,-0.0179,-0.0331,-0.0156,3.5,-31.44,21.5,21.84,-84.5,-171.39
52.421345,-1.534866,180.5,0.1,4,269.34,20 / 20,311809,2019-09-06 19:25:17:552,-0.0712,0.284,10.1552,0.0002,0.0046,9.8066,0.0235,-0.0335,-0.0224,3.63,-30.69,21.69,21.91,-84.53,-171.31
52.421345,-1.534866,180.5,0.1,4,269.34,20 / 20,311910,2019-09-06 19:25:17:653,-0.0795,0.0399,9.8013,0.0016,0.0034,9.8066,0.0217,-0.0271,-0.0167,4,-31.5,21.75,21.9,-84.53,-171.33
52.421345,-1.534866,180.5,0.1,4,269.34,20 / 20,312009,2019-09-06 19:25:17:752,-0.0179,-0.4104,9.8823,-0.0015,-0.0039,9.8066,-0.0247,-0.0356,-0.0279,3.31,-30.81,21.69,19.13,-84.51,-171.23
52.421345,-1.534866,180.5,0.1,4,269.34,20 / 20,312110,2019-09-06 19:25:17:853,-0.1872,0.3002,10.0576,-0.0002,-0.0004,9.8066,-0.0101,-0.0297,-0.0269,4.19,-31.56,21.69,22.61,-84.5,-170.81
52.421345,-1.534866,180.5,0.1,4,269.34,20 / 20,312210,2019-09-06 19:25:17:953,-0.0352,0.3313,9.7901,0.0048,0.0008,9.8066,0.0194,-0.0311,-0.0283,3.88,-31.19,21.63,22.21,-84.52,-171.05
52.421345,-1.534866,180.5,0.1,4,269.34,20 / 20,312310,2019-09-06 19:25:18:053,0.086,-0.2254,9.9282,0.0007,0.0051,9.8066,0.0276,-0.0355,-0.0183,3.44,-31.06,21.94,19.34,-84.51,-171.04
52.421345,-1.534866,180.5,0.1,4,269.34,20 / 20,312409,2019-09-06 19:25:18:152,-0.0543,-0.3206,9.9138,-0.0001,-0.0068,9.8066,-0.0145,-0.0298,-0.0225,3.38,-30.81,22.13,19.43,-84.51,-170.97
52.421345,-1.534866,180.5,0.1,4,269.34,20 / 20,312509,2019-09-06 19:25:18:252,0.0041,0.2947,10.1064,-0.0021,-0.0067,9.8066,-0.0231,-0.0359,-0.0204,3.56,-31.12,21.75,22.32,-84.46,-170.99
52.421345,-1.534866,180.5,0.1,4,269.34,20 / 20,312610,2019-09-06 19:25:18:353,-0.1031,0.3067,10.1686,0.0007,0.0065,9.8066,0.024,-0.0357,-0.0203,4.06,-30.75,21.81,22.39,-84.5,-170.91
52.421345,-1.534866,180.5,0.1,4,269.34,20 / 20,312709,2019-09-06 19:25:18:452,-0.0266,0.0935,9.8414,-0.0008,-0.0054,9.8066,0.0218,-0.0325,-0.0277,3.75,-30.69,21.94,22.4,-84.49,-170.9
52.421345,-1.534866,180.5,0.1,4,269.34,20 / 20,312809,2019-09-06 19:25:18:552,-0.0957,-0.3712,9.6008,-0.0017,-0.0047,9.8065,-0.0164,-0.0377,-0.0241,3.63,-31.31,21.38,23.1,-84.49,-170.91
52.421345,-1.534866,180.5,0.1,4,269.34,20 / 20,312910,2019-09-06 19:25:18:653,-0.1851,0.3109,10.0863,-0.0016,0.0049,9.8066,-0.0085,-0.0263,-0.0205,3.44,-31.31,21.88,19.46,-84.46,-170.96
52.421345,-1.534866,180.5,0.1,4,269.34,20 / 20,313009,2019-09-06 19:25:18:752,-0.0621,-0.1341,9.6031,0.0013,0.0052,9.8066,0.0076,0.0328,0.02,3.69,-31.37,21.75,22.52,-84.45,-170.83
52.421345,-1.534866,180.5,0.1,4,269.34,20 / 20,313110,2019-09-06 19:25:18:853,-0.1175,0.2716,10.1475,0.0008,0.0049,9.8066,0.0245,-0.0356,-0.017,3.75,-31,22,22.55,-84.48,-170.78
52.421345,-1.534866,180.5,0.1,4,269.34,20 / 20,313210,2019-09-06 19:25:18:953,-0.0373,-0.3962,9.6313,-0.0009,-0.0045,9.8066,-0.0287,0.0237,0.0237,3.88,-31,22,22.57,-84.46,-170.78
52.421345,-1.534866,180.5,0.1,4,269.34,20 / 20,313309,2019-09-06 19:25:19:052,-0.0665,0.2898,9.9911,-0.0017,-0.0036,9.8066,-0.0174,0.0355,0.0228,4,-31.75,21.63,22.69,-84.44,-170.78
52.421345,-1.534866,180.5,0.1,4,269.34,20 / 20,313410,2019-09-06 19:25:19:153,0.0962,-0.3726,9.607,-0.0004,0.0045,9.8066,-0.0027,0.0186,0.0132,3.63,-31.44,22.38,22.71,-84.44,-170.66
52.421345,-1.534866,180.5,0.1,4,269.34,20 / 20,313509,2019-09-06 19:25:19:252,-0.039,-0.3909,9.7305,0.0008,0.0053,9.8066,-0.0388,0.011,0.0218,3.81,-31.06,22.06,22.83,-84.45,-170.55
52.421345,-1.534866,180.5,0.1,4,269.34,20 / 20,313609,2019-09-06 19:25:19:352,0.0719,0.0068,10.0143,-0.0019,-0.0058,9.8066,-0.0418,0.0163,0.0087,3.5,-31,21.81,22.93,-84.45,-170.47
52.421345,-1.534866,180.5,0.1,4,269.34,20 / 20,313710,2019-09-06 19:25:19:453,0.0832,-0.0076,9.5685,-0.0008,-0.0067,9.8066,-0.0415,-0.0022,0.0146,3.63,-31,21.5,22.94,-84.42,-170.47
52.421345,-1.534866,180.5,0.1,4,269.34,20 / 20,313809,2019-09-06 19:25:19:552,-0.0105,0.122,9.926,0.0014,0.0094,9.8066,0.0103,-0.0005,0.0024,3.5,-31,21.63,23.16,-84.46,-170.26
52.421345,-1.534866,180.5,0.1,4,269.34,20 / 20,313910,2019-09-06 19:25:19:653,0.0687,-0.4225,9.8968,-0.002,-0.0074,9.8066,-0.0472,-0.0027,-0.0014,4.13,-31.12,21.81,23.07,-84.46,-170.34
52.421345,-1.534866,180.5,0.1,4,269.34,20 / 20,314010,2019-09-06 19:25:19:753,-0.0427,0.3299,9.8049,-0.001,-0.0065,9.8066,-0.0384,-0.0083,0.0047,3.88,-30.5,21.63,22.97,-84.42,-170.35
52.421345,-1.534866,180.5,0.1,4,269.34,20 / 20,314110,2019-09-06 19:25:19:853,0.0144,0.0312,9.6,-0.0021,-0.0072,9.8066,-0.003,0.005,0.0017,3.63,-30.69,21.56,23.12,-84.42,-170.32
52.421345,-1.534866,180.5,0.1,4,269.34,20 / 20,314209,2019-09-06 19:25:19:952,0.0934,-0.2452,9.7916,0.0003,0.0038,9.8066,-0.0149,-0.0064,0.0018,3.75,-31.19,21.38,24.02,-84.45,-170.14
52.421345,-1.534866,180.5,0.1,4,269.34,20 / 20,314310,2019-09-06 19:25:20:053,0.023,0.2502,9.9524,0.0021,0.0058,9.8066,-0.0064,0.0057,0.0042,3.25,-31.25,22,20.43,-84.46,-170.13
52.421345,-1.534866,180.5,0.1,4,269.34,19 / 20,314410,2019-09-06 19:25:20:153,-0.0661,0.3309,9.9158,-0.0012,-0.0037,9.8066,-0.0435,0.009,0.0049,3.38,-30.69,21.69,20.35,-84.44,-170.2
52.421345,-1.534866,180.5,0.1,4,269.34,19 / 20,314509,2019-09-06 19:25:20:252,0.155,-0.3955,9.6211,-0.001,0.0007,9.8066,0.0039,0.0204,0.0172,3.13,-31.06,21.88,20.52,-84.48,-170.03
52.421345,-1.534866,180.5,0.1,4,269.34,19 / 20,314610,2019-09-06 19:25:20:353,-0.0915,-0.0125,10.1112,-0.0004,0.0027,9.8066,0.0077,0.0262,0.0255,3.88,-30.94,22.06,23.54,-84.48,-169.92
52.421345,-1.534866,180.5,0.1,4,269.34,19 / 20,314709,2019-09-06 19:25:20:452,-0.1429,0.3179,10.1901,0.0007,-0.003,9.8066,-0.0058,0.0224,0.0177,3.94,-31.5,21.88,23.64,-84.49,-169.82
52.421345,-1.534866,180.5,0.1,4,269.34,19 / 20,314810,2019-09-06 19:25:20:553,0.0304,-0.3311,9.5795,-0.0014,-0.0014,9.8066,-0.0231,0.0275,0.0296,3.63,-30.75,21.69,23.53,-84.47,-169.93
52.421345,-1.534866,180.5,0.1,4,269.34,19 / 20,314909,2019-09-06 19:25:20:652,-0.019,0.3521,10.1535,-0.0006,-0.0051,9.8066,0.0005,0.0387,0.0289,4.06,-31.25,21,24.28,-84.49,-169.89
52.421345,-1.534866,180.5,0.1,4,269.34,19 / 20,315010,2019-09-06 19:25:20:753,0.0857,-0.3333,9.4868,-0.0012,-0.0011,9.8066,-0.005,0.0338,0.0262,3.88,-30.81,21.81,23.58,-84.45,-169.9
52.421345,-1.534866,180.5,0.1,4,269.34,19 / 20,315110,2019-09-06 19:25:20:853,-0.0694,-0.2661,9.9654,-0.0001,0.0002,9.8066,0.013,0.0328,0.0267,3.56,-31.5,21.75,23.64,-84.45,-169.85
52.421345,-1.534866,180.5,0.1,4,269.34,19 / 20,315209,2019-09-06 19:25:20:952,0.0718,-0.4194,9.7847,-0.0009,-0.0021,9.8066,-0.0314,-0.0347,-0.0223,3.44,-30.81,21.75,20.62,-84.45,-169.96
52.421345,-1.534866,180.5,0.1,4,269.34,19 / 20,315309,2019-09-06 19:25:21:052,-0.1432,0.2106,10.0698,-0.0008,-0.0016,9.8066,-0.0243,-0.0347,-0.0217,3.75,-31.25,22.06,23.66,-84.46,-169.83
52.421345,-1.534866,180.5,0.1,4,269.34,20 / 20,315410,2019-09-06 19:25:21:153,-0.1266,-0.2264,9.6779,0.0021,-0.0058,9.8066,-0.0072,0.0418,0.0165,3.94,-31.44,22,23.4,-84.43,-170.07
52.421345,-1.534866,180.5,0.1,4,269.34,20 / 20,315509,2019-09-06 19:25:21:252,0.0643,-0.0731,9.518,0.0015,0.0024,9.8066,0.0189,-0.0423,-0.0178,4,-31.19,21.81,23.76,-84.43,-169.76
52.421345,-1.534866,180.5,0.1,4,269.34,20 / 20,315610,2019-09-06 19:25:21:353,-0.0147,-0.357,9.8928,-0.001,-0.001,9.8066,-0.0163,-0.0357,-0.0188,4.13,-31.12,21.69,23.73,-84.44,-169.78
52.421345,-1.534866,180.5,0.1,4,269.34,20 / 20,315709,2019-09-06 19:25:21:452,0.0652,0.2319,10.058,-0.0011,-0.0034,9.8066,-0.0285,-0.0351,-0.0225,3.81,-30.69,21.31,24.49,-84.45,-169.73
52.421345,-1.534866,180.5,0.1,4,269.34,20 / 20,315810,2019-09-06 19:25:21:553,-0.06,0.1674,10.1442,-0.0009,-0.0021,9.8066,0.019,-0.044,-0.0179,3.63,-30.81,22.13,23.89,-84.43,-169.64
52.421345,-1.534866,180.5,0.1,4,269.34,20 / 20,315910,2019-09-06 19:25:21:653,0.0152,-0.3058,9.6539,-0.0002,0.0021,9.8066,0.0229,-0.0214,-0.0226,3.75,-30.44,21.63,23.76,-84.44,-169.65
52.421345,-1.534866,180.5,0.1,4,269.34,20 / 20,316009,2019-09-06 19:25:21:752,-0.1096,0.1495,9.9035,0.0007,0.0025,9.8066,0.0219,-0.0415,-0.0178,3.31,-30.94,21.69,21.03,-84.44,-169.61
52.421345,-1.534866,180.5,0.1,4,269.34,20 / 20,316109,2019-09-06 19:25:21:852,-0.0404,-0.0576,10.0218,0.0012,-0.0017,9.8066,-0.006,-0.0192,-0.0158,3.5,-31.69,21.63,24.07,-84.44,-169.58
52.421345,-1.534866,180.5,0.1,4,269.34,20 / 20,316210,2019-09-06 19:25:21:953,-0.0792,0.1853,9.735,-0.0004,-0.0025,9.8066,-0.0095,-0.0266,-0.0131,4.13,-30.94,21.63,23.76,-84.43,-169.76
52.421345,-1.534866,180.5,0.1,4,269.34,20 / 21,316310,2019-09-06 19:25:22:053,-0.0949,0.0067,9.7138,-0.0001,0.0018,9.8066,0.0261,-0.0149,-0.0142,3.25,-31.62,21.63,21.17,-84.44,-169.58
52.421345,-1.534866,180.5,0.1,4,269.34,20 / 21,316410,2019-09-06 19:25:22:153,-0.0379,-0.3177,9.8123,0.0005,-0.0059,9.8066,-0.0368,0.0046,0.0068,3.75,-31,21.81,23.76,-84.42,-169.76
52.421345,-1.534866,180.5,0.1,4,269.34,20 / 21,316510,2019-09-06 19:25:22:253,-0.0019,-0.0152,9.6354,0.0003,-0.0011,9.8066,0.0335,-0.0025,-0.0095,3.63,-31.12,21.5,23.89,-84.45,-169.63
52.421345,-1.534866,180.5,0.1,4,269.34,20 / 21,316609,2019-09-06 19:25:22:352,0.1759,-0.2205,9.8529,0.0003,0.0031,9.8066,-0.003,-0.0154,0.0047,4.44,-31.62,22,24.08,-84.46,-169.56
52.421345,-1.534866,180.5,0.1,4,269.34,20 / 21,316710,2019-09-06 19:25:22:453,0.0323,0.2557,10.1392,-0.0007,-0.0016,9.8066,-0.0018,-0.0056,-0.0097,3.69,-31.12,21.13,24.58,-84.47,-169.64
52.421345,-1.534866,180.5,0.1,4,269.34,20 / 21,316810,2019-09-06 19:25:22:553,-0.0343,0.2093,9.7398,-0.0014,-0.0017,9.8066,-0.0331,-0.011,-0.0013,3.81,-31.19,22,24.01,-84.47,-169.51
52.421345,-1.534866,180.5,0.1,4,269.34,20 / 21,316909,2019-09-06 19:25:22:652,0.1098,-0.2907,9.6194,0,0.0004,9.8066,-0.0228,-0.0244,-0.0021,4.06,-31,21.56,24.07,-84.46,-169.46
52.421345,-1.534866,180.5,0.1,4,269.34,20 / 21,317010,2019-09-06 19:25:22:753,0.0213,0.2247,10.0218,0.0011,0.0014,9.8066,-0.0032,-0.0196,-0.0183,3.81,-31.75,21.63,24.13,-84.48,-169.5
52.421345,-1.534866,180.5,0.1,4,269.34,20 / 21,317110,2019-09-06 19:25:22:853,0.0145,-0.4229,9.7102,-0.0003,0.0004,9.8066,-0.0036,-0.0374,-0.0104,4,-31,22.25,24.06,-84.48,-169.47
52.421345,-1.534866,180.5,0.1,4,269.34,20 / 21,317209,2019-09-06 19:25:22:952,-0.1198,0.2763,9.9982,0.0003,-0.0005,9.8066,-0.004,-0.0339,-0.0133,4,-31.19,21.94,24.03,-84.48,-169.49
52.421345,-1.534866,180.5,0.1,4,269.34,20 / 21,317310,2019-09-06 19:25:23:053,-0.0376,-0.3013,9.7104,0.001,0.0015,9.8066,-0.0049,-0.0328,-0.0242,3.75,-31.19,22.31,23.95,-84.48,-169.56
52.421345,-1.534866,180.5,0.1,4,269.34,20 / 21,317410,2019-09-06 19:25:23:153,-0.0829,0.3537,9.9857,0.0001,0.0014,9.8066,-0.0052,-0.0334,-0.0115,3.44,-30.94,21.5,21.03,-84.47,-169.59
52.421345,-1.534866,180.5,0.1,4,269.34,21 / 21,317510,2019-09-06 19:25:23:253,-0.0299,0.1915,10.0193,-0.0001,-0.0044,9.8066,0.0054,-0.0322,-0.0215,3.88,-30.75,21.56,23.81,-84.45,-169.7
52.421345,-1.534866,180.5,0.1,4,269.34,21 / 21,317609,2019-09-06 19:25:23:352,0.0061,0.3434,9.9213,-0.0005,-0.0046,9.8066,-0.0222,-0.0434,-0.0201,3.69,-30.75,21.94,23.74,-84.45,-169.76
52.421345,-1.534866,180.5,0.1,4,269.34,21 / 21,317710,2019-09-06 19:25:23:453,0.177,-0.2418,9.7993,0,0.0051,9.8066,0.0249,-0.0429,-0.0111,3.69,-31,21.88,23.83,-84.45,-169.68
52.421345,-1.534866,180.5,0.1,4,269.34,21 / 21,317810,2019-09-06 19:25:23:553,0.0376,0.1215,9.9073,0.001,0.0054,9.8066,0.018,-0.0292,-0.0294,3.5,-31.62,21.75,24.03,-84.45,-169.61
52.421345,-1.534866,180.5,0.1,4,269.34,21 / 21,317909,2019-09-06 19:25:23:652,0.0788,-0.2744,9.9091,-0.0011,-0.0028,9.8066,-0.0077,-0.0324,-0.0227,3.88,-31.06,21.56,23.98,-84.45,-169.55
52.421345,-1.534866,180.5,0.1,4,269.34,21 / 21,318010,2019-09-06 19:25:23:753,-0.1528,0.2438,10.0246,-0.0002,-0.0038,9.8066,-0.0056,-0.0205,-0.0228,3.69,-31.37,21.56,23.77,-84.44,-169.74
52.421345,-1.534866,180.5,0.1,4,269.34,21 / 21,318109,2019-09-06 19:25:23:852,-0.0642,0.0372,9.6421,0.0012,0.004,9.8066,0.0324,-0.0262,-0.0224,3.69,-31.31,22,23.78,-84.43,-169.74
52.421345,-1.534866,180.5,0.1,4,269.34,21 / 21,318210,2019-09-06 19:25:23:953,0.0926,0.0788,10.0877,0.0004,0.0037,9.8066,0.0374,-0.0216,-0.0093,3.75,-31.12,22.44,23.76,-84.45,-169.74
52.421345,-1.534866,180.5,0.1,4,269.34,19 / 21,318309,2019-09-06 19:25:24:052,-0.1204,0.2921,9.9233,-0.001,-0.0048,9.8066,0.005,-0.0017,-0.016,4.06,-31.19,21.88,23.73,-84.42,-169.78
52.421345,-1.534866,180.5,0.1,4,269.34,19 / 21,318410,2019-09-06 19:25:24:153,-0.0833,-0.0696,9.6536,0.001,0.003,9.8066,0.0087,-0.0043,-0.0007,3.69,-31,21.25,24.61,-84.42,-169.64
52.421345,-1.534866,180.5,0.1,4,269.34,19 / 21,318509,2019-09-06 19:25:24:252,0.114,-0.1807,9.8919,0.0006,0.0039,9.8066,0.0227,0.0082,-0.0028,4.31,-30.81,22.06,23.93,-84.45,-169.59
52.421345,-1.534866,180.5,0.1,4,269.34,19 / 21,318610,2019-09-06 19:25:24:353,-0.0351,0.1374,10.0249,0,0.004,9.8066,0.0034,0.0197,0.0071,3.63,-31.19,21.75,24.01,-84.45,-169.53
52.421345,-1.534866,180.5,0.1,4,269.34,19 / 21,318709,2019-09-06 19:25:24:452,0.0548,-0.2658,9.9515,-0.0015,-0.0032,9.8066,0.0179,0.0148,0.0106,3.88,-31.19,21.94,24.1,-84.44,-169.45
52.421345,-1.534866,180.5,0.1,4,269.34,19 / 21,318809,2019-09-06 19:25:24:552,0.1052,-0.0626,10.0397,-0.0001,-0.0013,9.8066,0.0121,0.0293,-0.0004,3.75,-30.69,21.5,24.12,-84.44,-169.43
52.421345,-1.534866,180.5,0.1,4,269.34,19 / 21,318909,2019-09-06 19:25:24:652,-0.0348,0.2443,10.1016,-0.0006,0.0038,9.8066,0.0082,0.0271,0.0104,3.81,-31,22.06,24.23,-84.45,-169.33
52.421345,-1.534866,180.5,0.1,4,269.34,19 / 21,319009,2019-09-06 19:25:24:752,-0.0177,-0.4795,9.6355,0.0004,0.0024,9.8066,0.0254,0.034,0.0143,3.5,-31.31,21.56,24.23,-84.46,-169.32
52.421345,-1.534866,180.5,0.1,4,269.34,19 / 21,319109,2019-09-06 19:25:24:852,0.135,0.1583,9.6263,0.0005,-0.0028,9.8066,0.0149,0.0327,0.0018,3.75,-31.06,21.13,24.86,-84.44,-169.42
52.421345,-1.534866,180.5,0.1,4,269.34,19 / 21,319209,2019-09-06 19:25:24:952,-0.0509,-0.3036,9.7028,-0.0017,0.0031,9.8066,0.0083,0.0225,0.0166,3.88,-31.87,21.88,24.26,-84.44,-169.42
52.421345,-1.534866,180.5,0.1,4,269.34,19 / 20,319309,2019-09-06 19:25:25:052,0.086,-0.3519,9.67,-0.0001,0.0023,9.8066,-0.0018,-0.0431,-0.0136,3.5,-31.19,22,24.28,-84.43,-169.3
52.421345,-1.534866,180.5,0.1,4,269.34,19 / 20,319410,2019-09-06 19:25:25:153,-0.0846,0.0413,10.0525,-0.0001,0.0029,9.8066,-0.021,-0.0346,-0.0154,3.56,-31.44,21.63,24.44,-84.44,-169.16
52.421345,-1.534866,180.5,0.1,4,269.34,19 / 20,319509,2019-09-06 19:25:25:252,0.0271,0.3479,9.971,-0.0017,-0.0031,9.8066,-0.0222,-0.0338,-0.0142,3.56,-31.25,22.31,24.39,-84.43,-169.21
52.421345,-1.534866,180.5,0.1,4,269.34,19 / 20,319610,2019-09-06 19:25:25:353,0.0402,-0.1165,9.5397,-0.0009,-0.0004,9.8066,0.008,-0.0497,-0.0145,3.94,-31.06,22.06,24.52,-84.44,-169.09
52.421345,-1.534866,180.5,0.1,4,269.34,19 / 20,319710,2019-09-06 19:25:25:453,0.0125,0.2164,10.0095,0.0004,0.0019,9.8066,0.0143,-0.0395,-0.0268,3.63,-31.25,21.81,24.56,-84.42,-169.06
52.421345,-1.534866,180.5,0.1,4,269.34,19 / 20,319810,2019-09-06 19:25:25:553,0.0734,-0.4875,9.7721,0.0014,0.0033,9.8066,-0.0278,-0.0331,-0.0143,3.94,-31.25,21.25,25.23,-84.44,-169.1
52.421345,-1.534866,180.5,0.1,4,269.34,19 / 20,319909,2019-09-06 19:25:25:652,-0.0531,0.2127,10.1263,-0.0016,-0.0056,9.8065,-0.0254,-0.0312,-0.0257,3.5,-31.06,21.75,24.47,-84.4,-169.15
52.421345,-1.534866,180.5,0.1,4,269.34,19 / 20,320010,2019-09-06 19:25:25:753,0.0066,-0.0092,9.6155,-0.0017,-0.0045,9.8066,0.0215,-0.032,-0.0235,4.38,-31.5,22,24.48,-84.4,-169.14
52.421345,-1.534866,180.5,0.1,4,269.34,19 / 20,320109,2019-09-06 19:25:25:852,-0.0753,-0.2991,9.6187,0.0015,0.0038,9.8066,0.0255,-0.0403,-0.0137,3.63,-30.75,21.63,24.51,-84.42,-169.1
52.421345,-1.534866,180.5,0.1,4,269.34,19 / 20,320209,2019-09-06 19:25:25:952,-0.0548,-0.3181,9.9419,0,0.002,9.8066,-0.0145,-0.0239,-0.0233,3.94,-30.69,21.56,24.49,-84.4,-169.14
52.421345,-1.534866,180.5,0.1,4,269.34,19 / 20,320310,2019-09-06 19:25:26:053,0.0286,0.2464,10.0641,-0.0009,-0.0025,9.8066,-0.0164,-0.0301,-0.0165,4.13,-31.19,21.75,24.51,-84.41,-169.11
52.421345,-1.534866,180.5,0.1,4,269.34,18 / 19,320410,2019-09-06 19:25:26:153,-0.0613,0.2584,10.1197,-0.0003,-0.001,9.8066,0.0225,-0.0311,-0.0108,3.69,-31.56,21.88,24.76,-84.41,-169
52.421345,-1.534866,180.5,0.1,4,269.34,18 / 19,320509,2019-09-06 19:25:26:252,0.005,-0.3796,9.7146,-0.001,0.0024,9.8066,0.0185,-0.0132,-0.0273,3.81,-30.81,21.94,24.74,-84.41,-168.91
52.421345,-1.534866,180.5,0.1,4,269.34,18 / 19,320610,2019-09-06 19:25:26:353,0.1348,-0.0123,10.0728,0.0013,0.0014,9.8066,0.0097,-0.0213,-0.0042,4.06,-31.37,21.19,25.42,-84.42,-168.94
52.421345,-1.534866,180.5,0.1,4,269.34,18 / 19,320710,2019-09-06 19:25:26:453,-0.0474,0.357,9.8753,-0.0006,0.0014,9.8066,0.0003,0.0025,-0.0192,3.56,-30.81,22.06,24.69,-84.42,-168.95
52.421345,-1.534866,180.5,0.1,4,269.34,18 / 19,320810,2019-09-06 19:25:26:553,0.0038,-0.1968,9.8551,-0.0006,-0.0024,9.8066,0.0253,0.0061,-0.0018,3.75,-31.19,22,24.71,-84.44,-168.92
52.421345,-1.534866,180.5,0.1,4,269.34,18 / 19,320909,2019-09-06 19:25:26:652,-0.0825,0.162,9.8763,-0.0002,-0.0011,9.8066,0.0226,0.0176,0.0038,3.81,-31.06,22.5,24.09,-84.43,-168.9
52.421345,-1.534866,180.5,0.1,4,269.34,18 / 19,321010,2019-09-06 19:25:26:753,0.0147,0.1753,9.6781,-0.0003,-0.0022,9.8066,0.0075,0.0364,0.0002,3.75,-31.75,21.88,24.87,-84.43,-168.89
52.421345,-1.534866,180.5,0.1,4,269.34,18 / 19,321110,2019-09-06 19:25:26:853,-0.0049,-0.186,9.7288,0.0015,0.0033,9.8066,0.0061,0.0261,0.0167,4.69,-31.19,22.06,27.53,-84.44,-168.91
52.421345,-1.534866,180.5,0.1,4,269.34,18 / 19,321209,2019-09-06 19:25:26:952,0.0023,0.054,10.039,0.0007,0.0045,9.8065,0.0015,0.0368,0.0062,4.5,-31.12,21.5,27.57,-84.45,-168.88
52.421345,-1.534866,180.5,0.1,4,269.34,18 / 19,321311,2019-09-06 19:25:27:054,0.0498,-0.2347,9.6984,0.0011,-0.0032,9.8066,0.0001,0.0198,0.0174,3.94,-31.44,21.94,24.7,-84.43,-168.93
52.421345,-1.534866,180.5,0.1,4,269.34,19 / 20,321410,2019-09-06 19:25:27:153,0.0029,-0.1311,9.6053,0,-0.004,9.8066,0.0013,0.024,0.0201,3.38,-31,21.63,21.56,-84.42,-169.16
52.421345,-1.534866,180.5,0.1,4,269.34,19 / 20,321510,2019-09-06 19:25:27:253,0.2031,-0.062,9.9543,0.0001,0.004,9.8066,-0.0151,0.032,0.0112,3.44,-30.81,22.31,21.54,-84.43,-169.17
52.421345,-1.534866,180.5,0.1,4,269.34,19 / 20,321610,2019-09-06 19:25:27:353,0.0116,0.2473,10.0188,0.0016,0.0053,9.8066,-0.007,0.0272,0.0222,3.75,-31.19,21.25,25.15,-84.44,-169.17
52.421345,-1.534866,180.5,0.1,4,269.34,19 / 20,321709,2019-09-06 19:25:27:452,0.0328,0.3057,10.062,-0.0009,-0.0012,9.8066,-0.0174,0.0277,0.0092,4.06,-31.37,21.38,25.11,-84.41,-169.21
52.421345,-1.534866,180.5,0.1,4,269.34,19 / 20,321810,2019-09-06 19:25:27:553,0.1319,-0.3603,9.6672,0.0004,-0.0023,9.8066,-0.0202,0.0133,0.0128,4.31,-31.12,22,24.3,-84.41,-169.29
52.421345,-1.534866,180.5,0.1,4,269.34,19 / 20,321909,2019-09-06 19:25:27:652,0.0141,0.0841,9.7036,0.0007,0.0031,9.8066,-0.0026,0.0158,0.014,4.25,-31.25,21.75,24.4,-84.43,-169.19
52.421345,-1.534866,180.5,0.1,4,269.34,19 / 20,322010,2019-09-06 19:25:27:753,-0.0658,-0.13,9.6296,0.0006,0.0022,9.8065,-0.0119,0.0079,0.0129,3.63,-31.25,21.94,24.42,-84.43,-169.18
52.421345,-1.534866,180.5,0.1,4,269.34,19 / 20,322109,2019-09-06 19:25:27:852,0.0205,-0.3195,9.8251,-0.0005,-0.0037,9.8066,-0.0342,-0.0055,0.0103,3.94,-31.31,21.25,25.23,-84.43,-169.1
52.421345,-1.534866,180.5,0.1,4,269.34,19 / 20,322210,2019-09-06 19:25:27:953,0.0668,0.1225,10.0604,-0.0018,-0.005,9.8065,-0.0438,0.0077,0.0031,3.75,-31.31,21.75,24.5,-84.4,-169.13
52.421345,-1.534866,180.5,0.1,4,269.34,19 / 20,322312,2019-09-06 19:25:28:055,-0.1717,0.1814,9.9469,0.0009,0.0065,9.8066,0.0059,-0.0123,0.0092,4.13,-31.19,22,24.61,-84.44,-169.01
52.421345,-1.534866,180.5,0.1,4,269.34,19 / 20,322409,2019-09-06 19:25:28:152,-0.0557,-0.3512,9.939,0.0015,0.0071,9.8066,-0.0423,-0.0133,0.0062,3.5,-31.81,22.13,24.84,-84.44,-168.91
52.421345,-1.534866,180.5,0.1,4,269.34,19 / 20,322509,2019-09-06 19:25:28:252,0.0526,0.1748,9.9703,-0.0024,-0.0076,9.8066,-0.0347,-0.0167,-0.005,3.44,-31.25,21.75,21.75,-84.41,-169
52.421345,-1.534866,180.5,0.1,4,269.34,19 / 20,322609,2019-09-06 19:25:28:352,0.0131,0.1426,9.6269,0.0026,0.0055,9.8065,-0.0327,-0.0231,-0.005,4.31,-31,21.5,24.7,-84.41,-168.95
52.421345,-1.534866,180.5,0.1,4,269.34,19 / 20,322709,2019-09-06 19:25:28:452,0.0141,-0.2143,9.6991,0.0013,0.0041,9.8066,0.0234,-0.0239,-0.0172,3.75,-31.44,22.13,24.63,-84.45,-168.98
52.421345,-1.534866,180.5,0.1,4,269.34,19 / 20,322810,2019-09-06 19:25:28:553,-0.0114,-0.487,9.8077,0.0004,-0.0031,9.8066,0.021,-0.0343,-0.0169,4.25,-31.12,21.5,24.63,-84.45,-168.98
52.421345,-1.534866,180.5,0.1,4,269.34,19 / 20,322909,2019-09-06 19:25:28:652,-0.0543,0.2088,9.7366,-0.0018,-0.0052,9.8066,-0.0117,-0.0283,-0.0179,3.94,-31.19,21.69,24.59,-84.44,-169.03
52.421345,-1.534866,180.5,0.1,4,269.34,19 / 20,323010,2019-09-06 19:25:28:753,-0.0152,-0.0621,9.9892,0.0016,0.0056,9.8066,-0.02,-0.0349,-0.0162,4.31,-31.12,21.88,24.67,-84.48,-168.92
52.421345,-1.534866,180.5,0.1,4,269.34,19 / 20,323110,2019-09-06 19:25:28:853,-0.1276,-0.0721,9.7503,-0.0005,0.0075,9.8066,0.0414,-0.0284,-0.0137,3.69,-31.12,21.69,24.86,-84.49,-168.75
52.421345,-1.534866,180.5,0.1,4,269.34,19 / 20,323210,2019-09-06 19:25:28:953,-0.147,0.0192,10.0433,-0.0002,0.0015,9.8066,0.0234,-0.015,-0.0217,4.06,-31.69,22.06,25.01,-84.48,-168.73
52.421345,-1.534866,180.5,0.1,4,269.34,19 / 20,323310,2019-09-06 19:25:29:053,-0.107,-0.0902,9.6216,0.0005,-0.0005,9.8066,0.0118,-0.0069,0.0049,4.25,-31.19,21.69,24.74,-84.49,-168.86
52.421345,-1.534866,180.5,0.1,4,269.34,18 / 19,323409,2019-09-06 19:25:29:152,0.1556,-0.1447,9.9234,-0.002,-0.0005,9.8066,-0.007,0.0189,-0.0099,4.13,-31.19,21.88,24.81,-84.48,-168.81
52.421345,-1.534866,180.5,0.1,4,269.34,18 / 19,323509,2019-09-06 19:25:29:252,-0.0669,-0.0983,10.0234,0.0003,-0.0015,9.8066,0.0227,0.0099,0.0107,3.81,-31,21.69,24.57,-84.47,-169.02
52.421345,-1.534866,180.5,0.1,4,269.34,18 / 19,323609,2019-09-06 19:25:29:352,0.024,0.304,9.9975,0.0007,-0.0008,9.8066,0.0094,0.0252,0.0193,4.25,-31.37,22.25,24.54,-84.47,-169.05
52.421345,-1.534866,180.5,0.1,4,269.34,18 / 19,323709,2019-09-06 19:25:29:452,0.1321,-0.3368,9.7481,0.0004,0.0017,9.8066,-0.0013,0.041,0.0109,3.81,-30.75,21.31,25.19,-84.47,-169.11
52.421345,-1.534866,180.5,0.1,4,269.34,18 / 19,323809,2019-09-06 19:25:29:552,0.0091,0.2215,9.9399,0.0012,0.0027,9.8066,-0.0018,0.0275,0.0235,3.31,-31.25,21.69,21.53,-84.48,-169.15
52.421345,-1.534866,180.5,0.1,4,269.34,18 / 19,323910,2019-09-06 19:25:29:653,0.0727,-0.3631,9.8946,-0.0015,-0.0051,9.8066,-0.0137,-0.031,-0.0136,3.94,-31.12,22.13,24.46,-84.48,-169.11
52.421345,-1.534866,180.5,0.1,4,269.34,18 / 19,324010,2019-09-06 19:25:29:753,0.0033,0.2337,9.7117,-0.0011,-0.0053,9.8066,-0.0016,0.028,0.0164,3.94,-30.5,22.25,24.27,-84.45,-169.2
52.421345,-1.534866,180.5,0.1,4,269.34,18 / 19,324109,2019-09-06 19:25:29:852,-0.0283,-0.0306,10.0489,-0.0002,0.0036,9.8066,-0.0067,0.0247,0.0115,3.63,-31,21.81,24.58,-84.47,-169.01
52.421345,-1.534866,180.5,0.1,4,269.34,18 / 19,324209,2019-09-06 19:25:29:952,-0.099,-0.1076,9.7009,0.0019,0.0054,9.8066,-0.0275,0.0181,0.0047,4.13,-30.94,21.88,24.51,-84.48,-169.07
52.421345,-1.534866,180.5,0.1,4,269.34,18 / 19,324310,2019-09-06 19:25:30:053,-0.0936,0.124,10.0729,0.0003,-0.0043,9.8066,0.0044,0.0089,-0.0094,3.44,-31.06,21.88,21.57,-84.47,-169.13
52.421345,-1.534866,180.5,0.1,4,269.34,18 / 19,324410,2019-09-06 19:25:30:153,-0.0068,0.2628,9.8359,-0.0025,-0.004,9.8066,0.0178,-0.0069,0.0044,3.5,-31.06,21.75,24.45,-84.44,-169.14
52.421345,-1.534866,180.5,0.1,4,269.34,18 / 19,324510,2019-09-06 19:25:30:253,0.1253,-0.2281,9.6396,0.0002,0.0044,9.8066,0.0231,0.0196,0,3.88,-32.12,21.94,24.59,-84.46,-169.11
52.421345,-1.534866,180.5,0.1,4,269.34,18 / 19,324609,2019-09-06 19:25:30:352,0.0877,0.2601,10.0067,-0.0006,0.0029,9.8066,0.0196,0.024,0.0158,3.81,-31.44,22.13,24.62,-84.44,-169
52.421345,-1.534866,180.5,0.1,4,269.34,18 / 19,324710,2019-09-06 19:25:30:453,-0.0173,0.0696,9.6521,-0.0014,-0.006,9.8066,-0.0107,0.0324,0.0127,3.5,-31.19,21.38,25.37,-84.41,-168.99
52.421345,-1.534866,180.5,0.1,4,269.34,18 / 19,324809,2019-09-06 19:25:30:552,0.1348,-0.2571,9.7699,-0.0012,-0.0068,9.8066,-0.0116,0.0391,0.0066,3.56,-31.37,21.94,24.76,-84.4,-168.89
52.421345,-1.534866,180.5,0.1,4,269.34,18 / 19,324909,2019-09-06 19:25:30:652,0.0148,0.2253,10.0733,-0.0008,0.0019,9.8066,0.0026,0.025,0.0277,3.69,-31.25,21.75,24.94,-84.41,-168.74
52.421345,-1.534866,180.5,0.1,4,269.34,18 / 19,325010,2019-09-06 19:25:30:753,0.0045,-0.2826,9.6803,0.0022,0.0023,9.8066,-0.0133,0.0383,0.011,3.81,-31.31,21.5,24.93,-84.42,-168.74
52.421345,-1.534866,180.5,0.1,4,269.34,18 / 19,325110,2019-09-06 19:25:30:853,0.1443,-0.2177,9.6298,-0.0008,-0.0023,9.8066,-0.007,0.0235,0.0176,3.69,-31,21.56,25.15,-84.41,-168.55
52.421345,-1.534866,180.5,0.1,4,269.34,18 / 19,325209,2019-09-06 19:25:30:952,0.0014,-0.0206,10.0419,-0.0004,0.0008,9.8066,-0.0056,0.026,0.0154,3.44,-31.06,21.69,22.23,-84.42,-168.58
52.421345,-1.534866,180.5,0.1,4,269.34,18 / 19,325310,2019-09-06 19:25:31:053,-0.081,-0.083,9.7005,0.0015,0.0013,9.8066,-0.0093,0.0126,0.012,3.31,-30.94,21.56,22.21,-84.43,-168.59
52.421345,-1.534866,180.5,0.1,4,269.34,18 / 19,325410,2019-09-06 19:25:31:153,-0.0327,0.0828,10.0608,0.0004,0.0023,9.8066,-0.0245,0.0003,0.0122,3.5,-31.56,21.63,25.18,-84.43,-168.62
52.421345,-1.534866,180.5,0.1,4,269.34,18 / 19,325510,2019-09-06 19:25:31:253,-0.0458,0.3039,9.8888,-0.0007,-0.0014,9.8066,0.0011,-0.0046,0.0052,3.44,-31.56,21.94,22.25,-84.44,-168.64
52.421345,-1.534866,180.5,0.1,4,269.34,18 / 19,325609,2019-09-06 19:25:31:352,0.0557,-0.3529,9.8482,0.001,0.0044,9.8066,-0.0151,-0.0168,0.0011,3.81,-31.44,22,25.12,-84.46,-168.55
52.421345,-1.534866,180.5,0.1,4,269.34,18 / 19,325710,2019-09-06 19:25:31:453,0.0268,0.0849,9.8821,-0.001,-0.0021,9.8066,0.0229,0.0042,-0.0046,3.56,-31.62,21.06,25.99,-84.45,-168.54
52.421345,-1.534866,180.5,0.1,4,269.34,18 / 19,325810,2019-09-06 19:25:31:553,0.1185,-0.2871,9.9268,-0.0005,-0.002,9.8066,0.0065,0.014,0.006,3.63,-31.25,21.88,25.21,-84.46,-168.47
52.421345,-1.534866,180.5,0.1,4,269.34,18 / 19,325909,2019-09-06 19:25:31:652,0.1122,-0.138,9.9635,0.0001,0.004,9.8066,0.0106,0.0347,0.0062,3.81,-31.19,22.44,25.15,-84.48,-168.51
52.421345,-1.534866,180.5,0.1,4,269.34,18 / 19,326009,2019-09-06 19:25:31:752,-0.0223,0.2089,10.0329,0.0017,0.0022,9.8065,0.0112,0.0211,0.0164,3.88,-31,21.88,25.11,-84.48,-168.54
52.421345,-1.534866,180.5,0.1,4,269.34,18 / 19,326110,2019-09-06 19:25:31:853,-0.0899,-0.1038,9.7094,-0.0002,-0.0033,9.8066,0.0125,0.0355,0.0102,3.75,-31.44,21.88,25.18,-84.48,-168.48
52.421345,-1.534866,180.5,0.1,4,269.34,18 / 19,326209,2019-09-06 19:25:31:952,-0.052,0.1685,10.0786,0.0008,-0.0042,9.8066,-0.0033,0.0406,0.0124,4.19,-31.5,21.94,24.93,-84.46,-168.71
52.421345,-1.534866,180.5,0.1,4,269.34,18 / 19,326310,2019-09-06 19:25:32:053,0,0.3025,9.8432,0.0007,0.0047,9.8066,0.0077,0.0356,0.0194,4.25,-31.62,22.38,25.02,-84.46,-168.74
52.421345,-1.534866,180.5,0.1,4,269.34,18 / 21,326409,2019-09-06 19:25:32:152,-0.1561,0.1047,9.8244,0.0005,0.0056,9.8066,-0.0208,0.0355,0.0116,3.56,-31.37,21.38,25.76,-84.47,-168.61
52.421345,-1.534866,180.5,0.1,4,269.34,18 / 21,326510,2019-09-06 19:25:32:253,0.0508,-0.3746,9.6971,0.0011,-0.0053,9.8066,-0.0171,0.0189,0.0232,3.69,-31.12,21.63,24.82,-84.44,-168.82
52.421345,-1.534866,180.5,0.1,4,269.34,18 / 21,326609,2019-09-06 19:25:32:352,-0.0319,-0.2913,9.662,-0.0019,-0.0043,9.8066,-0.0152,0.0208,0.0155,4.44,-31.31,22,24.89,-84.43,-168.77
52.421345,-1.534866,180.5,0.1,4,269.34,18 / 21,326710,2019-09-06 19:25:32:453,-0.0847,0.2635,10.0229,0.0002,0.0054,9.8066,0.0367,-0.0147,-0.0096,3.63,-31.12,21.44,25.68,-84.45,-168.7
52.421345,-1.534866,180.5,0.1,4,269.34,18 / 21,326810,2019-09-06 19:25:32:553,0.0121,-0.1933,9.7306,0.0005,0.0051,9.8065,0.0243,-0.0019,-0.0094,3.81,-31,21.88,25.06,-84.45,-168.61
52.421345,-1.534866,180.5,0.1,4,269.34,18 / 21,326909,2019-09-06 19:25:32:652,0.0927,-0.359,9.8603,-0.0013,-0.0043,9.8066,0.0071,-0.006,0.0068,3.44,-31.31,21.75,22.24,-84.43,-168.56
52.421345,-1.534866,180.5,0.1,4,269.34,18 / 21,327009,2019-09-06 19:25:32:752,0.2353,-0.1199,9.9394,-0.0001,-0.0052,9.8066,-0.0064,0.0204,-0.0158,3.44,-30.94,21.63,22.25,-84.43,-168.55
52.421345,-1.534866,180.5,0.1,4,269.34,18 / 21,327110,2019-09-06 19:25:32:853,0.0368,0.2639,10.1137,0,0.0057,9.8066,0.0248,0.0135,0.0068,2.94,-31.06,22.25,22.44,-84.46,-168.37
52.421345,-1.534866,180.5,0.1,4,269.34,18 / 21,327210,2019-09-06 19:25:32:953,-0.1318,0.0178,9.7763,0.0024,0.0065,9.8065,0.0202,0.0261,0.0125,4.13,-30.69,21.81,25.25,-84.48,-168.43
52.421345,-1.534866,180.5,0.1,4,269.34,18 / 21,327310,2019-09-06 19:25:33:053,0.0123,0.1404,9.663,0.0002,-0.0029,9.8066,0.005,0.0275,0.0001,3.56,-31.19,22.06,25.41,-84.45,-168.3
52.421345,-1.534866,180.5,0.1,4,269.34,18 / 20,327409,2019-09-06 19:25:33:152,0.0209,-0.2551,9.6742,-0.0007,-0.0039,9.8065,0.0048,0.0264,0.0113,3.25,-31,21.63,22.47,-84.45,-168.35
52.421345,-1.534866,180.5,0.1,4,269.34,18 / 20,327509,2019-09-06 19:25:33:252,0.0896,0.0013,10.0531,0.0007,0.0027,9.8066,0.0147,0.0344,0.0125,3.56,-30.81,21.63,25.39,-84.45,-168.32
52.421345,-1.534866,180.5,0.1,4,269.34,18 / 20,327610,2019-09-06 19:25:33:353,-0.0652,0.0745,10.0829,-0.0005,0.004,9.8066,-0.0025,0.0294,0.0173,3.63,-30.75,21.81,25.56,-84.47,-168.16
52.421345,-1.534866,180.5,0.1,4,269.34,18 / 20,327710,2019-09-06 19:25:33:453,0.0477,0.358,9.9717,-0.0011,-0.0014,9.8066,0.0171,0.0345,0.0203,4.06,-30.62,21.38,26.36,-84.46,-168.09
52.421345,-1.534866,180.5,0.1,4,269.34,18 / 20,327810,2019-09-06 19:25:33:553,0.0663,-0.0088,9.5664,0,-0.0005,9.8066,0.0081,0.0412,0.0115,3.88,-30.81,21.88,25.69,-84.46,-168.05
52.421345,-1.534866,180.5,0.1,4,269.34,18 / 20,327910,2019-09-06 19:25:33:653,0.035,0.091,10.1258,0.0004,0.005,9.8066,0.0008,0.0265,0.0182,3.94,-30.62,21.25,26.47,-84.48,-167.98
52.421345,-1.534866,180.5,0.1,4,269.34,18 / 20,328009,2019-09-06 19:25:33:752,-0.1051,-0.2107,9.6452,0.0012,0.0049,9.8066,0.0028,0.0331,0.0109,3.81,-30.94,21.5,25.74,-84.49,-167.99
52.421345,-1.534866,180.5,0.1,4,269.34,18 / 20,328110,2019-09-06 19:25:33:853,-0.036,-0.3697,9.8822,0.0009,-0.0044,9.8066,0.0013,0.0277,0.0241,4.13,-31.31,22.13,25.57,-84.45,-168.16
52.421345,-1.534866,180.5,0.1,4,269.34,18 / 20,328209,2019-09-06 19:25:33:952,-0.0067,0.2982,10.141,-0.0008,-0.0036,9.8066,0.0001,0.0376,0.0125,3.69,-31.06,21.75,25.46,-84.44,-168.26
52.421345,-1.534866,180.5,0.1,4,269.34,18 / 20,328309,2019-09-06 19:25:34:052,-0.1236,0.2169,9.9386,0.0006,0.0026,9.8066,0.0029,0.0365,0.0106,3.25,-30.69,21.81,22.49,-84.46,-168.33
52.421345,-1.534866,180.5,0.1,4,269.34,19 / 20,328409,2019-09-06 19:25:34:152,0.027,-0.3357,9.7055,-0.0004,0.0007,9.8066,-0.0162,0.0231,0.0292,3.44,-30.69,21.88,22.57,-84.45,-168.26
52.421345,-1.534866,180.5,0.1,4,269.34,19 / 20,328510,2019-09-06 19:25:34:253,0.1109,-0.2205,9.9785,-0.0015,-0.0005,9.8066,-0.0214,0.0287,0.0152,3.56,-31.31,21.31,26.22,-84.45,-168.23
52.421345,-1.534866,180.5,0.1,4,269.34,19 / 20,328609,2019-09-06 19:25:34:352,0.06,0.0309,9.6011,0,0,9.8066,-0.0078,0.0168,0.012,3.88,-31.31,21.88,25.53,-84.45,-168.19
52.421345,-1.534866,180.5,0.1,4,269.34,19 / 20,328710,2019-09-06 19:25:34:453,0.0125,0.0149,10.0623,-0.0001,0.0012,9.8066,-0.0042,0.0064,0.01,4.19,-30.94,21.81,25.49,-84.46,-168.22
52.421345,-1.534866,180.5,0.1,4,269.34,19 / 20,328810,2019-09-06 19:25:34:553,-0.0688,-0.2118,9.6622,0.001,0.0007,9.8066,-0.0295,0.0066,0.0052,3.56,-31.25,22.38,25.48,-84.46,-168.23
52.421345,-1.534866,180.5,0.1,4,269.34,19 / 20,328909,2019-09-06 19:25:34:652,-0.0823,0.2696,10.1007,0.0003,0.0008,9.8065,-0.0227,-0.0111,0.006,3.75,-31.62,22.13,25.62,-84.45,-168.22
52.421345,-1.534866,180.5,0.1,4,269.34,19 / 20,329009,2019-09-06 19:25:34:752,-0.0174,-0.2039,9.6584,0.0008,-0.0008,9.8066,-0.01,-0.0034,-0.0034,3.5,-31.31,21.88,25.32,-84.47,-168.36
52.421345,-1.534866,180.5,0.1,4,269.34,19 / 20,329109,2019-09-06 19:25:34:852,-0.0599,0.2702,10.0381,0.0019,-0.0007,9.8066,-0.0037,-0.0295,-0.0052,3.75,-31.25,22.31,25.32,-84.47,-168.36
52.421345,-1.534866,180.5,0.1,4,269.34,19 / 20,329210,2019-09-06 19:25:34:953,0.0707,0.0628,9.645,-0.0004,-0.0029,9.8066,-0.012,-0.0269,-0.0038,3.81,-30.87,22.06,25.29,-84.46,-168.4
52.421345,-1.534866,180.5,0.1,4,269.34,19 / 20,329309,2019-09-06 19:25:35:052,-0.0528,-0.2404,9.7472,0.0025,0.0039,9.8066,-0.021,-0.0253,-0.0154,3.5,-31.19,22.25,25.37,-84.47,-168.33
52.421345,-1.534866,180.5,0.1,4,269.34,18 / 20,329409,2019-09-06 19:25:35:152,-0.1384,0.2694,9.9922,0.0003,0.0038,9.8066,0.0104,-0.0381,-0.0138,3.25,-31.25,21.69,22.42,-84.47,-168.38
52.421345,-1.534866,180.5,0.1,4,269.34,18 / 20,329510,2019-09-06 19:25:35:253,0.0365,-0.2632,9.6588,-0.0012,-0.0062,9.8066,-0.0217,-0.0317,-0.0175,3.75,-30.37,21.38,25.8,-84.46,-168.47
52.421345,-1.534866,180.5,0.1,4,269.34,18 / 20,329609,2019-09-06 19:25:35:352,0.0697,-0.3145,9.9344,-0.0011,-0.0059,9.8066,-0.0182,-0.0308,-0.0159,3.81,-31.37,21.38,25.78,-84.42,-168.63
52.421345,-1.534866,180.5,0.1,4,269.34,18 / 20,329710,2019-09-06 19:25:35:453,-0.035,0.2008,9.7449,0,0.0036,9.8066,0.0278,-0.0317,-0.0116,3.5,-31.25,21.56,24.97,-84.41,-168.71
52.421345,-1.534866,180.5,0.1,4,269.34,18 / 20,329810,2019-09-06 19:25:35:553,0.0163,-0.3689,9.7404,0.0011,0.005,9.8066,0.0281,-0.0185,-0.0191,3.75,-31.19,21.94,25.1,-84.43,-168.58
52.421345,-1.534866,180.5,0.1,4,269.34,18 / 20,329910,2019-09-06 19:25:35:653,0.0887,-0.0555,10.0464,-0.0023,-0.0053,9.8066,0.0006,-0.0162,-0.0033,3.56,-31,21.25,25.84,-84.4,-168.59
52.421345,-1.534866,180.5,0.1,4,269.34,18 / 20,330010,2019-09-06 19:25:35:753,-0.0407,0.2905,9.8999,0.0017,0.0038,9.8065,0.006,0.0001,-0.0187,3.63,-31.25,22.13,25.16,-84.4,-168.55
52.421345,-1.534866,180.5,0.1,4,269.34,18 / 20,330110,2019-09-06 19:25:35:853,-0.0194,-0.0876,9.6326,-0.0004,0.0053,9.8066,0.0254,0.0038,-0.0034,3.31,-31.44,21.44,22.8,-84.39,-168.6
52.421345,-1.534866,180.5,0.1,4,269.34,18 / 20,330210,2019-09-06 19:25:35:953,0.0519,0.2845,10.127,0.0011,0.0031,9.8066,0.0334,0.0135,0.001,3.88,-31.37,21.75,25.18,-84.41,-168.52
52.421345,-1.534866,180.5,0.1,4,269.34,18 / 20,330310,2019-09-06 19:25:36:053,0.0755,-0.3781,9.6746,0,-0.0047,9.8066,0.0179,0.017,-0.0037,3.63,-31.44,21.88,25.26,-84.42,-168.44
52.421345,-1.534866,180.5,0.1,4,269.34,18 / 19,330410,2019-09-06 19:25:36:153,-0.0054,-0.0634,9.9873,0.0011,0.0031,9.8066,0.0107,0.0125,0.012,3.5,-30.94,21.94,25.21,-84.44,-168.48
52.421345,-1.534866,180.5,0.1,4,269.34,18 / 19,330510,2019-09-06 19:25:36:253,-0.1304,0.267,10.0232,0.0004,-0.0018,9.8066,0.015,0.0334,0.0085,3.38,-30.81,21.69,22.35,-84.43,-168.46
52.421345,-1.534866,180.5,0.1,4,269.34,18 / 19,330609,2019-09-06 19:25:36:352,0.0461,-0.3314,9.8243,0.0009,0.0005,9.8066,-0.0151,-0.0263,-0.0156,3.63,-30.5,21.88,25.07,-84.42,-168.51
52.421345,-1.534866,180.5,0.1,4,269.34,18 / 19,330709,2019-09-06 19:25:36:452,0.0537,0.0459,10.0709,0.0013,0.0016,9.8066,-0.0208,-0.0272,-0.0195,3.63,-31.19,22.06,25.18,-84.43,-168.51
52.421345,-1.534866,180.5,0.1,4,269.34,18 / 19,330809,2019-09-06 19:25:36:552,0.0272,0.2438,10.1174,-0.0006,0.0023,9.8066,0.0184,-0.0395,-0.0086,3.5,-30.87,21.75,25.06,-84.42,-168.63
52.421345,-1.534866,180.5,0.1,4,269.34,18 / 19,330909,2019-09-06 19:25:36:652,0.0863,0.1008,9.8437,0.0023,0.0028,9.8066,0.0103,-0.0166,-0.0289,3.69,-31.44,21.63,25.04,-84.44,-168.63
52.421345,-1.534866,180.5,0.1,4,269.34,18 / 19,331009,2019-09-06 19:25:36:752,0.1128,-0.1816,9.9652,-0.0003,-0.0029,9.8066,-0.005,-0.0188,-0.0089,4.31,-30.94,22.31,25.03,-84.43,-168.64
52.421345,-1.534866,180.5,0.1,4,269.34,18 / 19,331110,2019-09-06 19:25:36:853,0.0381,0.0737,9.633,-0.0011,-0.0036,9.8066,0.0005,-0.0051,-0.0144,3.88,-30.81,21.81,25.09,-84.43,-168.59
52.421345,-1.534866,180.5,0.1,4,269.34,18 / 19,331209,2019-09-06 19:25:36:952,0.0034,0.1,10.1102,0.0006,0.0053,9.8066,0.0286,-0.0044,-0.0132,3.31,-31.06,21.44,22.88,-84.42,-168.52
52.421345,-1.534866,180.5,0.1,4,269.34,18 / 19,331310,2019-09-06 19:25:37:053,-0.0512,-0.2553,9.6702,0.0006,0.0074,9.8066,0.0313,0.003,-0.0053,3.56,-30.69,22.13,25.35,-84.46,-168.35
52.421345,-1.534866,180.5,0.1,4,269.34,19 / 21,331409,2019-09-06 19:25:37:152,-0.0779,0.2641,10.0612,-0.0008,-0.0054,9.8066,0.0056,0.023,-0.0019,3.63,-31.25,21.38,26.1,-84.43,-168.35
52.421345,-1.534866,180.5,0.1,4,269.34,19 / 21,331510,2019-09-06 19:25:37:253,-0.0416,0.1927,9.7263,0.0002,0.006,9.8066,0.0009,0.0143,0.0121,4.06,-31.19,21.63,25.41,-84.43,-168.32
52.421345,-1.534866,180.5,0.1,4,269.34,19 / 21,331609,2019-09-06 19:25:37:352,-0.0842,-0.0011,9.7431,0.0018,0.004,9.8066,0.0123,0.0321,0.0065,3.06,-30.87,22,22.59,-84.46,-168.24
52.421345,-1.534866,180.5,0.1,4,269.34,19 / 21,331710,2019-09-06 19:25:37:453,-0.0503,0.1287,10.0798,-0.0008,-0.002,9.8065,-0.0012,0.0281,0.0211,3.5,-30.5,21.5,25.47,-84.45,-168.14
52.421345,-1.534866,180.5,0.1,4,269.34,19 / 21,331810,2019-09-06 19:25:37:553,0.0083,-0.0633,9.6469,-0.0002,-0.0036,9.8066,-0.0057,0.0301,0.0132,3.31,-31.25,21.5,22.53,-84.43,-168.31
52.421345,-1.534866,180.5,0.1,4,269.34,19 / 21,331910,2019-09-06 19:25:37:653,0.1669,-0.0888,9.9361,-0.0001,-0.0031,9.8066,-0.0154,0.0265,0.0122,3.44,-31.37,21.44,23.05,-84.45,-168.35
52.421345,-1.534866,180.5,0.1,4,269.34,19 / 21,332010,2019-09-06 19:25:37:753,0.0079,0.1745,10.0256,0.0005,0.0035,9.8065,-0.0246,0.018,0.0232,3.56,-31,22.19,25.32,-84.46,-168.38
52.421345,-1.534866,180.5,0.1,4,269.34,19 / 21,332110,2019-09-06 19:25:37:853,0.0362,0.3064,9.9843,0.0003,0.0008,9.8066,-0.0327,0.0268,0.006,3.75,-31.25,21.56,25.33,-84.46,-168.36
52.421345,-1.534866,180.5,0.1,4,269.34,19 / 21,332210,2019-09-06 19:25:37:953,0.167,-0.3145,9.7377,-0.0001,0.001,9.8066,-0.0324,0.0084,0.013,3.5,-31,21.63,25.34,-84.47,-168.35
52.421345,-1.534866,180.5,0.1,4,269.34,19 / 21,332310,2019-09-06 19:25:38:053,-0.0218,0.0711,10.0543,0,0.0002,9.8066,-0.0003,0.0027,0.0089,3.56,-31.56,21.13,26.17,-84.48,-168.36
52.421345,-1.534866,180.5,0.1,4,269.34,19 / 20,332409,2019-09-06 19:25:38:152,-0.1378,0.1766,9.9001,0.0015,-0.0007,9.8066,-0.0433,-0.009,-0.002,3.63,-31.12,22.19,25.33,-84.47,-168.35
52.421345,-1.534866,180.5,0.1,4,269.34,19 / 20,332510,2019-09-06 19:25:38:253,0.0253,0.0848,9.7243,-0.0012,-0.0027,9.8065,-0.0471,-0.0136,-0.0024,4.19,-31.12,21.63,25.22,-84.46,-168.46
52.421345,-1.534866,180.5,0.1,4,269.34,19 / 20,332610,2019-09-06 19:25:38:353,-0.011,-0.174,9.9434,0.0007,0.0014,9.8065,0.0035,-0.0139,-0.005,3.38,-31.19,22.13,22.38,-84.46,-168.42
52.421345,-1.534866,180.5,0.1,4,269.34,19 / 20,332710,2019-09-06 19:25:38:453,-0.0705,0.2469,10.1042,-0.0002,-0.0029,9.8066,0.0137,-0.0294,-0.0046,3.75,-31.37,21.31,26.08,-84.46,-168.34
52.421345,-1.534866,180.5,0.1,4,269.34,19 / 20,332810,2019-09-06 19:25:38:553,0.0604,-0.0541,9.7641,-0.0011,-0.0055,9.8066,0.014,-0.021,-0.021,3.44,-30.69,22.06,22.22,-84.44,-168.57
52.421345,-1.534866,180.5,0.1,4,269.34,19 / 20,332909,2019-09-06 19:25:38:652,0.0829,0.0206,10.0464,0.0004,-0.0041,9.8066,-0.0404,-0.0246,-0.0197,4.13,-30.94,21.38,25.82,-84.45,-168.58
52.421345,-1.534866,180.5,0.1,4,269.34,19 / 20,333009,2019-09-06 19:25:38:752,0.0757,-0.119,9.5638,0,0.0033,9.8066,-0.0189,-0.0312,-0.0162,3.81,-30.94,21.5,25.01,-84.45,-168.65
52.421345,-1.534866,180.5,0.1,4,269.34,19 / 20,333109,2019-09-06 19:25:38:852,0.0322,0.1897,10.1043,0.0015,0.0031,9.8066,0.0161,-0.0293,-0.0282,3.44,-31.19,21.75,22.21,-84.48,-168.56
52.421345,-1.534866,180.5,0.1,4,269.34,19 / 20,333210,2019-09-06 19:25:38:953,-0.0606,-0.2908,9.602,-0.0044,0.0012,9.8066,-0.0034,-0.0394,-0.0158,3.63,-30.62,21.19,26.03,-84.46,-168.38
52.421345,-1.534866,180.5,0.1,4,269.34,19 / 20,333309,2019-09-06 19:25:39:052,-0.1541,0.2906,10.0368,-0.0007,0.0001,9.8066,-0.0107,-0.023,-0.0271,3.56,-30.87,21.81,25.53,-84.45,-168.2
52.421345,-1.534866,180.5,0.1,4,269.34,18 / 21,333410,2019-09-06 19:25:39:153,0.043,0.2857,10.1385,0.0004,0.0019,9.8066,0.0361,-0.021,-0.0217,3.31,-31.31,21.38,23.15,-84.47,-168.25
52.421345,-1.534866,180.5,0.1,4,269.34,18 / 21,333510,2019-09-06 19:25:39:253,-0.1224,-0.0849,9.7665,0.002,0.0029,9.8066,0.0387,-0.0283,-0.0106,3.69,-30.62,22.31,25.53,-84.47,-168.19
52.421345,-1.534866,180.5,0.1,4,269.34,18 / 21,333610,2019-09-06 19:25:39:353,-0.0362,-0.5086,9.7753,-0.0004,0.0025,9.8066,-0.0096,-0.0051,-0.0214,3.5,-30.94,22,25.6,-84.47,-168.12
52.421345,-1.534866,180.5,0.1,4,269.34,18 / 21,333711,2019-09-06 19:25:39:454,0.1465,0.0834,10.104,0.0009,-0.0005,9.8066,0.0047,-0.0116,0.0002,3.56,-30.94,21.56,25.54,-84.48,-168.16
52.421345,-1.534866,180.5,0.1,4,269.34,18 / 21,333810,2019-09-06 19:25:39:553,0.0103,0.1808,10.1363,-0.0012,-0.0011,9.8066,0.0064,0.0028,-0.0108,3.94,-30.87,22.13,25.65,-84.48,-168.08
52.421345,-1.534866,180.5,0.1,4,269.34,18 / 21,333909,2019-09-06 19:25:39:652,0.0035,-0.0122,9.7855,0.0004,-0.0002,9.8066,0.0163,0.0126,-0.0066,3.81,-30.94,22.13,25.49,-84.48,-168.21
52.421345,-1.534866,180.5,0.1,4,269.34,18 / 21,334010,2019-09-06 19:25:39:753,0.0403,-0.2836,9.948,0.0007,-0.0008,9.8066,0.0324,0.0118,0.0067,4,-30.81,21.88,25.49,-84.49,-168.2
52.421345,-1.534866,180.5,0.1,4,269.34,18 / 21,334110,2019-09-06 19:25:39:853,-0.1007,0.2554,9.9158,-0.0001,0.0025,9.8066,-0.0069,0.0283,0.0003,3.56,-31.19,21.63,25.53,-84.49,-168.17
52.421345,-1.534866,180.5,0.1,4,269.34,18 / 21,334209,2019-09-06 19:25:39:952,-0.0383,-0.1748,9.7962,0.0016,0.0004,9.8066,-0.0052,0.0277,0.014,3.88,-30.75,21.5,25.4,-84.5,-168.27
52.421345,-1.534866,180.5,0.1,4,269.34,18 / 21,334309,2019-09-06 19:25:40:052,-0.0588,0.2393,9.8572,-0.0009,-0.0015,9.8066,0.0127,0.0406,0.0197,3.63,-31.25,22.31,25.42,-84.51,-168.25
52.421345,-1.534866,180.5,0.1,4,269.34,18 / 21,334410,2019-09-06 19:25:40:153,-0.0744,-0.3322,9.965,0,-0.0009,9.8066,-0.0074,-0.0289,-0.0225,3.88,-30.75,21.5,25.5,-84.49,-168.2
52.421345,-1.534866,180.5,0.1,4,269.34,18 / 20,334509,2019-09-06 19:25:40:252,0.0475,0.2578,10.0765,0.0006,0.001,9.8065,0.0134,-0.018,-0.0227,3.75,-30.94,22,25.54,-84.5,-168.15
52.421345,-1.534866,180.5,0.1,4,269.34,18 / 20,334609,2019-09-06 19:25:40:352,-0.1409,0.0191,9.7245,0.0014,0.0034,9.8066,0.0287,-0.0256,-0.0083,3.75,-31.31,22.06,25.47,-84.51,-168.21
52.421345,-1.534866,180.5,0.1,4,269.34,18 / 20,334712,2019-09-06 19:25:40:455,-0.1249,-0.0394,10.0001,0.0002,-0.0031,9.8066,0.027,-0.0074,-0.0143,3.63,-31.56,21.44,26.22,-84.48,-168.32
52.421345,-1.534866,180.5,0.1,4,269.34,18 / 20,334810,2019-09-06 19:25:40:553,0.0097,0.2655,9.8689,0.0003,0.0048,9.8066,0.0023,0.0024,0.001,3.56,-30.94,21.94,25.43,-84.48,-168.26
52.421345,-1.534866,180.5,0.1,4,269.34,18 / 20,334909,2019-09-06 19:25:40:652,0.1269,-0.1605,9.6108,0.0012,0.005,9.8066,0.0258,0.0139,0.0017,3.31,-31.12,21.94,22.53,-84.51,-168.26
52.421345,-1.534866,180.5,0.1,4,269.34,18 / 20,335010,2019-09-06 19:25:40:753,-0.0481,-0.2428,9.9578,-0.0002,0.0045,9.8066,0.0256,0.0146,0.0096,3.56,-30.81,21.94,25.57,-84.5,-168.13
52.421345,-1.534866,180.5,0.1,4,269.34,18 / 20,335110,2019-09-06 19:25:40:853,-0.0066,0.2897,10.014,-0.0009,-0.0063,9.8066,0.0036,0.0168,0.011,3.81,-30.81,22,25.45,-84.5,-168.23
52.421345,-1.534866,180.5,0.1,4,269.34,18 / 20,335210,2019-09-06 19:25:40:953,-0.0179,0.1168,9.6232,-0.0024,-0.0053,9.8066,0.0096,0.0354,0.0069,3.31,-30.94,21.63,22.64,-84.47,-168.19
52.421345,-1.534866,180.5,0.1,4,269.34,18 / 20,335316,2019-09-06 19:25:41:059,0.0367,-0.1511,9.7404,0.0018,0.0057,9.8066,0.0178,-0.0238,-0.0195,3.94,-31.19,22,25.62,-84.48,-168.1
52.421345,-1.534866,180.5,0.1,4,269.34,18 / 20,335410,2019-09-06 19:25:41:153,0.1174,-0.0012,10.06,0.0021,0.0051,9.8066,-0.0436,-0.0299,-0.0157,3.75,-31.31,21.69,25.57,-84.5,-168.13
52.421345,-1.534866,180.5,0.1,4,269.34,19 / 20,335510,2019-09-06 19:25:41:253,-0.0442,0.2955,9.8441,-0.0015,-0.0056,9.8066,-0.0359,-0.0219,-0.017,3.94,-31.12,21.88,25.64,-84.46,-168.1
52.421345,-1.534866,180.5,0.1,4,269.34,19 / 20,335610,2019-09-06 19:25:41:353,-0.012,-0.2673,9.7914,0.0012,0.0055,9.8066,0.0232,-0.0289,-0.0273,3.19,-31,21.75,22.56,-84.5,-168.25
52.421345,-1.534866,180.5,0.1,4,269.34,19 / 20,335710,2019-09-06 19:25:41:453,-0.1439,0.1676,9.9224,0.0001,0.0065,9.8066,-0.0038,0.0464,0.0118,4.06,-31.12,21.5,25.55,-84.5,-168.15
52.421345,-1.534866,180.5,0.1,4,269.34,19 / 20,335809,2019-09-06 19:25:41:552,-0.0475,-0.4001,9.9206,0.0011,-0.0023,9.8066,-0.0242,-0.03,-0.0261,3.44,-31.06,22.25,22.7,-84.48,-168.14
52.421345,-1.534866,180.5,0.1,4,269.34,19 / 20,335910,2019-09-06 19:25:41:653,-0.0084,0.2019,9.7527,-0.0007,-0.0059,9.8066,-0.014,-0.0321,-0.017,3.31,-31.56,22.19,23.03,-84.46,-167.95
52.421345,-1.534866,180.5,0.1,4,269.34,19 / 20,336009,2019-09-06 19:25:41:752,0.1658,-0.1654,9.5373,-0.0015,-0.0048,9.8065,0.0353,-0.0485,-0.0209,3.38,-31.44,21.44,23.57,-84.45,-167.9
52.421345,-1.534866,180.5,0.1,4,269.34,19 / 20,336110,2019-09-06 19:25:41:853,0.0097,-0.0806,9.9518,0.001,0.0036,9.8066,0.0312,-0.0262,-0.028,4.06,-31.06,22,25.84,-84.47,-167.91
52.421345,-1.534866,180.5,0.1,4,269.34,19 / 20,336209,2019-09-06 19:25:41:952,-0.1022,0.1606,9.8981,0.0019,0.002,9.8066,-0.0176,-0.0321,-0.014,3.75,-31.5,21.75,25.67,-84.47,-168.06
52.421345,-1.534866,180.5,0.1,4,269.34,19 / 20,336310,2019-09-06 19:25:42:053,-0.0571,-0.2692,9.9427,-0.0011,-0.002,9.8066,-0.013,-0.024,-0.0201,3.88,-30.81,21.38,26.48,-84.46,-167.99
52.421345,-1.534866,180.5,0.1,4,269.34,18 / 19,336410,2019-09-06 19:25:42:153,0.005,0.2283,10.0275,-0.001,-0.0029,9.8066,0.0253,-0.0172,-0.0181,3.69,-31.12,21.88,25.75,-84.46,-167.99
52.421345,-1.534866,180.5,0.1,4,269.34,18 / 19,336510,2019-09-06 19:25:42:253,-0.0788,-0.0421,9.729,0.0029,0.0014,9.8066,0.03,-0.012,-0.0054,3.69,-31.12,21.44,26.43,-84.48,-168.03
52.421345,-1.534866,180.5,0.1,4,269.34,18 / 19,336610,2019-09-06 19:25:42:353,-0.0891,0.1615,10.0399,-0.0008,0.0009,9.8066,0.0041,0.0101,-0.0144,4,-30.75,21.81,25.77,-84.48,-167.97
52.421345,-1.534866,180.5,0.1,4,269.34,18 / 19,336709,2019-09-06 19:25:42:452,-0.0269,-0.161,9.6608,0.0008,0.0027,9.8066,0.0055,0.0047,0.004,3.81,-31.19,21.19,26.47,-84.5,-167.98
52.421345,-1.534866,180.5,0.1,4,269.34,18 / 19,336810,2019-09-06 19:25:42:553,-0.0296,0.2682,10.0758,0.0002,-0.0025,9.8066,0.0042,-0.0218,-0.0025,3.94,-31.12,21.19,26.43,-84.5,-168
52.421345,-1.534866,180.5,0.1,4,269.34,18 / 19,336910,2019-09-06 19:25:42:653,-0.0195,-0.3886,9.8037,-0.001,-0.0044,9.8066,0.0028,0.025,0.0108,3.69,-31.62,21.75,25.79,-84.51,-168.04
52.421345,-1.534866,180.5,0.1,4,269.34,18 / 19,337010,2019-09-06 19:25:42:753,0.094,-0.0718,10.0195,-0.0001,-0.0033,9.8065,-0.0012,0.0289,0.0182,3.81,-30.62,22.06,25.59,-84.49,-168.11
52.421345,-1.534866,180.5,0.1,4,269.34,18 / 19,337110,2019-09-06 19:25:42:853,0.0033,0.1953,10.0934,-0.0004,0.0037,9.8066,-0.0062,0.0346,0.0098,3.75,-31,21.5,25.6,-84.51,-168.1
52.421345,-1.534866,180.5,0.1,4,269.34,18 / 19,337209,2019-09-06 19:25:42:952,0.0556,0.0785,9.831,0.0015,0.0047,9.8066,-0.0108,0.0241,0.0239,3.5,-31.62,21.88,25.72,-84.5,-168.1
52.421345,-1.534866,180.5,0.1,4,269.34,18 / 19,337310,2019-09-06 19:25:43:053,0.0344,-0.227,9.9708,-0.0013,-0.0049,9.8066,-0.0153,0.0296,0.0138,3.69,-30.87,22.13,25.49,-84.47,-168.22
52.421345,-1.534866,180.5,0.1,4,269.34,19 / 19,337410,2019-09-06 19:25:43:153,-0.0356,0.3047,10.0402,-0.0006,-0.0057,9.8066,-0.0175,0.0159,0.0114,3.81,-31.19,21.94,25.43,-84.46,-168.28
52.421345,-1.534866,180.5,0.1,4,269.34,19 / 19,337510,2019-09-06 19:25:43:253,0.034,0.2936,9.993,0.0015,0.0039,9.8066,-0.0097,0.0207,0.0187,3.75,-30.75,21.63,25.42,-84.46,-168.29
52.421345,-1.534866,180.5,0.1,4,269.34,19 / 19,337609,2019-09-06 19:25:43:352,-0.1404,-0.2152,9.6414,0.0007,0.0043,9.8066,-0.0399,0.0177,0.0048,4,-31.37,21.75,25.41,-84.47,-168.29
52.421345,-1.534866,180.5,0.1,4,269.34,19 / 19,337710,2019-09-06 19:25:43:453,0.0288,-0.4274,9.8292,-0.0008,-0.0041,9.8066,-0.0301,0.001,0.0142,4,-30.81,21.88,25.4,-84.45,-168.3
52.421345,-1.534866,180.5,0.1,4,269.34,19 / 19,337809,2019-09-06 19:25:43:552,0.04,0.4139,9.9362,-0.0015,-0.0056,9.8066,-0.0466,0.0134,0.0037,3.81,-31.31,21.63,25.44,-84.44,-168.28
52.421345,-1.534866,180.5,0.1,4,269.34,19 / 19,337910,2019-09-06 19:25:43:653,0.1242,-0.1901,9.7695,0.0011,0.005,9.8066,-0.006,-0.0027,0.007,3.63,-31.06,22,25.37,-84.46,-168.33
52.421345,-1.534866,180.5,0.1,4,269.34,19 / 19,338010,2019-09-06 19:25:43:753,0.0337,-0.1851,10.0368,-0.0003,-0.0044,9.8066,-0.0278,-0.0049,0.0109,3.88,-31.31,21.75,25.5,-84.48,-168.2
52.421345,-1.534866,180.5,0.1,4,269.34,19 / 19,338110,2019-09-06 19:25:43:853,-0.0004,0.2413,9.767,0.001,0.0013,9.8066,-0.0365,-0.0114,-0.0078,3.5,-31.44,21.81,25.47,-84.49,-168.23
52.421345,-1.534866,180.5,0.1,4,269.34,19 / 19,338209,2019-09-06 19:25:43:952,-0.0167,-0.3081,9.9688,-0.0003,0.003,9.8066,-0.0326,-0.0212,-0.0005,3.94,-31.25,22.06,25.48,-84.49,-168.21
52.421345,-1.534866,180.5,0.1,4,269.34,19 / 19,338309,2019-09-06 19:25:44:052,-0.0078,-0.0987,9.6384,0.0006,0.0026,9.8066,-0.0016,-0.0087,-0.0003,4.38,-31.19,21.81,25.51,-84.5,-168.18
52.421345,-1.534866,180.5,0.1,4,269.34,18 / 19,338410,2019-09-06 19:25:44:153,-0.1077,0.0802,9.8183,0.0014,-0.0023,9.8066,-0.0478,-0.0101,-0.0141,3.88,-31.12,22.38,25.43,-84.49,-168.26
52.421345,-1.534866,180.5,0.1,4,269.34,18 / 19,338510,2019-09-06 19:25:44:253,0.0651,0.1484,9.6704,0.0001,0.0033,9.8066,-0.0334,-0.0143,-0.0003,3.75,-31.19,21.94,25.34,-84.48,-168.35
52.421345,-1.534866,180.5,0.1,4,269.34,18 / 19,338609,2019-09-06 19:25:44:352,0.0119,-0.056,10.032,0.0006,0.004,9.8066,0.0065,-0.0175,-0.0101,3.56,-31.44,21.75,25.35,-84.48,-168.34
52.421345,-1.534866,180.5,0.1,4,269.34,18 / 19,338710,2019-09-06 19:25:44:453,-0.0102,-0.0621,9.7668,-0.0002,-0.0037,9.8066,-0.0015,-0.0334,-0.0135,3.44,-31.69,21.5,22.67,-84.49,-168.25
52.421345,-1.534866,180.5,0.1,4,269.34,18 / 19,338809,2019-09-06 19:25:44:552,-0.0281,-0.4644,9.7482,-0.0011,-0.0051,9.8066,-0.0313,-0.0182,-0.0094,3.69,-31.19,21.81,25.42,-84.49,-168.27
52.421345,-1.534866,180.5,0.1,4,269.34,18 / 19,338910,2019-09-06 19:25:44:653,0.0292,0.0488,10.0418,0.0018,0.0043,9.8066,-0.0352,-0.0285,-0.014,3.5,-31.25,21.5,25.52,-84.46,-168.2
52.421345,-1.534866,180.5,0.1,4,269.34,18 / 19,339009,2019-09-06 19:25:44:752,0.1484,-0.1668,9.5375,-0.0034,0.0022,9.8066,0.0194,-0.0371,-0.0126,3.94,-31.25,21.94,25.69,-84.46,-168.05
52.421345,-1.534866,180.5,0.1,4,269.34,18 / 19,339109,2019-09-06 19:25:44:852,0.1318,-0.3291,9.6766,0,0.0034,9.8066,-0.0127,0.0227,0.0224,3.69,-31.94,21.88,25.73,-84.45,-168.13
52.421345,-1.534866,180.5,0.1,4,269.34,18 / 19,339210,2019-09-06 19:25:44:953,0.0857,0.2587,10.0062,0.0012,0.0045,9.8066,-0.0165,0.0287,0.014,3.94,-31.25,22.19,25.66,-84.49,-168.05
52.421345,-1.534866,180.5,0.1,4,269.34,19 / 19,339309,2019-09-06 19:25:45:052,-0.0212,0.0203,9.631,-0.0003,-0.0023,9.8066,-0.0109,0.0165,0.0068,3.69,-31.31,21.81,25.83,-84.47,-167.93
52.421345,-1.534866,180.5,0.1,4,269.34,19 / 19,339410,2019-09-06 19:25:45:153,-0.0032,-0.2104,9.7601,-0.0006,0.0002,9.8066,0.0026,0.0087,0.0062,3.5,-30.81,21.13,26.48,-84.48,-167.98
52.421345,-1.534866,180.5,0.1,4,269.34,19 / 19,339509,2019-09-06 19:25:45:252,-0.0293,-0.2199,9.8127,0.0015,-0.0012,9.8066,-0.0419,-0.0097,-0.0049,3.56,-31.5,21.88,25.72,-84.48,-168.01
52.421345,-1.534866,180.5,0.1,4,269.34,19 / 19,339610,2019-09-06 19:25:45:353,0.0263,0.1908,9.9281,0.0015,-0.0048,9.8066,-0.0272,-0.0132,-0.0048,3.69,-31.12,21.63,25.39,-84.47,-168.31
52.421345,-1.534866,180.5,0.1,4,269.34,19 / 19,339710,2019-09-06 19:25:45:453,0.0179,0.1517,9.6909,0.0023,0.0057,9.8066,-0.0255,-0.0254,-0.0166,3.13,-31.25,21.69,22.64,-84.49,-168.18
52.421345,-1.534866,180.5,0.1,4,269.34,19 / 19,339810,2019-09-06 19:25:45:553,-0.1013,-0.2895,9.7145,-0.0003,0.0058,9.8066,0.0199,-0.0347,-0.0036,3.38,-31.06,21.75,22.72,-84.47,-168.12
52.421345,-1.534866,180.5,0.1,4,269.34,19 / 19,339910,2019-09-06 19:25:45:653,0.1265,-0.0369,9.7721,0.0012,-0.0042,9.8066,0.0162,-0.0092,-0.0214,3.63,-31.31,22.19,25.55,-84.46,-168.17
52.421345,-1.534866,180.5,0.1,4,269.34,19 / 19,340010,2019-09-06 19:25:45:753,0.0617,0.2795,9.9844,-0.0013,-0.0067,9.8066,-0.0012,-0.0187,-0.0099,3.38,-31.94,22,22.57,-84.42,-168.38
52.421345,-1.534866,180.5,0.1,4,269.34,19 / 19,340110,2019-09-06 19:25:45:853,0.2102,-0.1887,9.7787,0.0014,0.0068,9.8066,-0.002,0.0051,-0.0092,3.94,-31.75,21.81,25.4,-84.43,-168.43
52.421345,-1.534866,180.5,0.1,4,269.34,19 / 19,340210,2019-09-06 19:25:45:953,-0.0013,-0.2551,9.9237,0.001,0.0048,9.8066,0.0253,-0.0042,-0.0009,4.06,-31.06,22.13,25.4,-84.45,-168.31
52.421345,-1.534866,180.5,0.1,4,269.34,19 / 19,340309,2019-09-06 19:25:46:052,-0.0345,-0.3805,9.6594,-0.0012,-0.0062,9.8066,0.0361,0.0113,0.0011,3.31,-31.56,21.94,22.59,-84.41,-168.37
52.421345,-1.534866,180.5,0.1,4,269.34,18 / 19,340410,2019-09-06 19:25:46:153,0.1603,-0.0513,9.9693,-0.0007,-0.006,9.8066,0.0007,0.0246,-0.0007,3.31,-31.81,21.69,22.55,-84.41,-168.4
52.421345,-1.534866,180.5,0.1,4,269.34,18 / 19,340509,2019-09-06 19:25:46:252,0.0874,0.2428,10.0672,0.0013,0.0013,9.8066,0.0186,0.0236,0.0129,3.44,-31.12,21.5,22.37,-84.45,-168.44
52.421345,-1.534866,180.5,0.1,4,269.34,18 / 19,340609,2019-09-06 19:25:46:352,-0.0866,0.0431,9.7619,-0.0014,-0.002,9.8066,0.0138,0.0317,0.0046,3.56,-31.25,21.81,25.4,-84.43,-168.32
52.421345,-1.534866,180.5,0.1,4,269.34,18 / 19,340710,2019-09-06 19:25:46:453,0.0085,0.112,9.6133,0,-0.0014,9.8066,0.0023,0.0449,0.0027,3.5,-31.12,21.5,25.37,-84.44,-168.34
52.421345,-1.534866,180.5,0.1,4,269.34,18 / 19,340810,2019-09-06 19:25:46:553,-0.0179,-0.2985,9.68,0.0014,0.0019,9.8066,0.0164,0.0248,0.0222,3.38,-31.87,21.94,22.52,-84.45,-168.41
52.421345,-1.534866,180.5,0.1,4,269.34,18 / 19,340909,2019-09-06 19:25:46:652,-0.1156,0.1987,10.0104,-0.0002,0.0054,9.8065,0.0211,0.0264,0.0079,3.44,-31.06,21.44,23.04,-84.45,-168.36
52.421345,-1.534866,180.5,0.1,4,269.34,18 / 19,341009,2019-09-06 19:25:46:752,0.006,-0.3564,9.838,-0.001,-0.0043,9.8066,0.0015,0.0224,0.0186,3.81,-31.31,22,25.21,-84.4,-168.5
52.421345,-1.534866,180.5,0.1,4,269.34,18 / 19,341109,2019-09-06 19:25:46:852,0.0229,0.304,9.8998,-0.0003,-0.004,9.8066,0.0077,0.0409,0.0183,3.75,-31.12,22.19,25.25,-84.4,-168.47
52.421345,-1.534866,180.5,0.1,4,269.34,18 / 19,341210,2019-09-06 19:25:46:953,0.11,-0.0987,9.5705,0,0.0034,9.8066,-0.0043,0.038,0.0153,4.13,-31.31,21.44,26.02,-84.42,-168.42
52.421345,-1.534866,180.5,0.1,4,269.34,18 / 19,341309,2019-09-06 19:25:47:052,-0.0508,-0.2826,9.8515,-0.0059,-0.0002,9.8065,0.008,0.0288,0.0259,3.75,-31.06,22.25,25.27,-84.43,-168.43
52.421345,-1.534866,180.5,0.1,4,269.34,18 / 20,341410,2019-09-06 19:25:47:153,0.0759,0.32,10.0748,-0.0011,-0.0011,9.8066,-0.0165,0.0353,0.017,3.44,-31.37,22.25,22.64,-84.42,-168.22
52.421345,-1.534866,180.5,0.1,4,269.34,18 / 20,341509,2019-09-06 19:25:47:252,0.1745,-0.2435,9.6104,-0.001,-0.0009,9.8066,-0.0129,0.0171,0.0233,3.75,-31.44,22.13,25.68,-84.41,-168.09
52.421345,-1.534866,180.5,0.1,4,269.34,18 / 20,341610,2019-09-06 19:25:47:353,0.007,-0.0586,10.0141,-0.0013,-0.0006,9.8066,-0.0016,0.0252,0.0153,4.13,-31.25,21.69,25.75,-84.41,-168.03
52.421345,-1.534866,180.5,0.1,4,269.34,18 / 20,341709,2019-09-06 19:25:47:452,-0.0499,0.233,10.0188,0.002,0.0006,9.8066,-0.0365,0.0193,0.009,3.75,-31.37,21.88,25.75,-84.42,-168.02
52.421345,-1.534866,180.5,0.1,4,269.34,18 / 20,341810,2019-09-06 19:25:47:553,-0.0439,0.2846,9.8505,-0.0004,-0.0008,9.8066,-0.0399,-0.0023,0.0071,3.94,-31.44,22.13,25.77,-84.42,-168.01
52.421345,-1.534866,180.5,0.1,4,269.34,18 / 20,341910,2019-09-06 19:25:47:653,0.0146,-0.0336,9.6686,0.0013,0.0013,9.8065,0.004,-0.0029,0.0018,4.38,-31,21.69,25.67,-84.44,-168.08
52.421345,-1.534866,180.5,0.1,4,269.34,18 / 20,342009,2019-09-06 19:25:47:752,0.1626,-0.135,9.9243,0.0007,0.0024,9.8066,-0.0058,-0.015,0.0028,4.06,-30.81,22.06,25.69,-84.44,-168.06
52.421345,-1.534866,180.5,0.1,4,269.34,18 / 20,342109,2019-09-06 19:25:47:852,0.0024,0.1993,10.0298,-0.0012,-0.0033,9.8066,-0.03,-0.0255,-0.0039,3.31,-31.69,21.88,22.89,-84.42,-168.1
52.421345,-1.534866,180.5,0.1,4,269.34,18 / 20,342209,2019-09-06 19:25:47:952,-0.0204,0.0802,9.7337,0.0002,0.0001,9.8066,0.0189,0.0322,0.01,3.63,-31.44,21.94,25.71,-84.44,-168.04
52.421345,-1.534866,180.5,0.1,4,269.34,18 / 20,342310,2019-09-06 19:25:48:053,0.2128,-0.2125,9.7871,0,0.0006,9.8066,-0.001,0.0412,0.0026,3.81,-31.19,21.63,25.61,-84.42,-168.15
52.421314,-1.534755,186.83,0.01,4,269.34,18 / 20,342409,2019-09-06 19:25:48:152,0.0274,0.1181,9.9138,-0.0036,0.0014,9.8066,0.0143,0.0236,0.0211,3.75,-31.06,22.5,25.1,-84.41,-168.02
52.421314,-1.534755,186.83,0.01,4,269.34,18 / 20,342509,2019-09-06 19:25:48:252,0.0504,-0.3463,9.9322,-0.0023,0.0044,9.8066,-0.0129,-0.0341,-0.0161,3.5,-30.94,21.81,25.66,-84.44,-168.09
52.421314,-1.534755,186.83,0.01,4,269.34,18 / 20,342609,2019-09-06 19:25:48:352,-0.0208,0.2333,9.6815,0,0,9.8066,-0.0126,-0.0209,-0.0204,3.81,-31.25,21.44,26.41,-84.41,-168.09
52.421314,-1.534755,186.83,0.01,4,269.34,18 / 20,342709,2019-09-06 19:25:48:452,0.0515,-0.0133,10.0463,0.0011,-0.0012,9.8066,0.0372,-0.0171,-0.0172,3.81,-31.12,21.63,25.48,-84.42,-168.25
52.421314,-1.534755,186.83,0.01,4,269.34,18 / 20,342810,2019-09-06 19:25:48:553,-0.0726,0.2593,10.018,0.0016,0.0026,9.8066,-0.0337,0.022,0.0087,3.5,-31.06,22.06,25.46,-84.41,-168.28
52.421314,-1.534755,186.83,0.01,4,269.34,18 / 20,342909,2019-09-06 19:25:48:652,-0.0821,0.3316,9.9021,0.0006,-0.001,9.8066,-0.036,0.003,0.0094,3.25,-31.37,21.81,22.51,-84.44,-168.32
52.421314,-1.534755,186.83,0.01,4,269.34,18 / 20,343009,2019-09-06 19:25:48:752,-0.0213,-0.0785,9.6044,0.0008,0.0001,9.8066,-0.0075,0.0092,0.0014,3.81,-31,21.81,25.23,-84.43,-168.47
52.421314,-1.534755,186.83,0.01,4,269.34,18 / 20,343110,2019-09-06 19:25:48:853,0.01,0.1985,10.1153,-0.0018,0.0009,9.8066,0.0054,-0.0164,0.0073,3.63,-31.62,21.94,25.5,-84.44,-168.34
52.421314,-1.534755,186.83,0.01,4,269.34,18 / 20,343209,2019-09-06 19:25:48:952,0.01,-0.2873,9.7075,0.0001,-0.001,9.8066,-0.0416,-0.0124,0.0045,4.06,-31,21.69,25.28,-84.43,-168.43
52.421314,-1.534755,186.83,0.01,4,269.34,18 / 20,343310,2019-09-06 19:25:49:053,0.0272,0.2072,10.0158,0,-0.0021,9.8066,-0.0362,-0.0192,-0.0063,3.56,-31.94,21.75,25.48,-84.43,-168.36
52.421314,-1.534755,186.83,0.01,4,269.34,19 / 20,343409,2019-09-06 19:25:49:152,0.0966,-0.0426,9.9961,-0.0013,-0.0055,9.8066,0.0098,0.0325,0.0047,3.56,-31.25,22.19,25.36,-84.4,-168.37
52.421314,-1.534755,186.83,0.01,4,269.34,19 / 20,343510,2019-09-06 19:25:49:253,0.0083,0.2076,10.0139,0.001,0.0055,9.8066,0.0113,0.0215,0.0106,3.75,-31.37,21.94,25.39,-84.43,-168.33
52.421314,-1.534755,186.83,0.01,4,269.34,19 / 20,343609,2019-09-06 19:25:49:352,0.0276,-0.44,9.7158,-0.0024,-0.004,9.8066,0.0156,0.0326,0.0157,3.81,-31.81,22.06,25.49,-84.43,-168.35
52.421314,-1.534755,186.83,0.01,4,269.34,19 / 20,343709,2019-09-06 19:25:49:452,-0.0568,0.1203,10.1023,-0.0006,-0.0032,9.8066,0.0038,0.0419,0.0129,3.63,-31.31,22.44,25.47,-84.41,-168.27
52.421314,-1.534755,186.83,0.01,4,269.34,19 / 20,343810,2019-09-06 19:25:49:553,-0.0224,0.0309,9.6546,-0.0022,-0.004,9.8066,0.0055,0.0317,0.0202,3.38,-31.19,22.19,22.7,-84.4,-168.18
52.421314,-1.534755,186.83,0.01,4,269.34,19 / 20,343910,2019-09-06 19:25:49:653,0.0057,0.2098,10.0939,0.0013,0.0018,9.8066,0.0032,-0.0361,-0.0136,3.81,-31.5,22.13,25.55,-84.41,-168.2
52.421314,-1.534755,186.83,0.01,4,269.34,19 / 20,344009,2019-09-06 19:25:49:752,-0.0178,-0.3118,9.6421,0.0007,0.0037,9.8066,-0.0054,-0.0308,-0.0181,3.63,-31.5,22,25.57,-84.42,-168.18
52.421314,-1.534755,186.83,0.01,4,269.34,19 / 20,344109,2019-09-06 19:25:49:852,0.0352,0.181,10.06,0.0006,-0.0039,9.8066,-0.0182,-0.0338,-0.0195,3.63,-31.56,21.94,25.55,-84.39,-168.32
52.421314,-1.534755,186.83,0.01,4,269.34,19 / 20,344209,2019-09-06 19:25:49:952,-0.0035,0.3489,10.143,-0.0003,0.0005,9.8066,0.0272,-0.0433,-0.02,3.75,-31.37,21.88,25.49,-84.41,-168.25
52.421314,-1.534755,186.83,0.01,4,269.34,19 / 20,344310,2019-09-06 19:25:50:053,0.0994,-0.3704,9.6807,0.0043,0.0017,9.8066,-0.0183,0.022,0.0214,3.44,-30.56,22.06,22.23,-84.41,-168.58
52.421314,-1.534755,186.83,0.01,4,269.34,18 / 20,344410,2019-09-06 19:25:50:153,0.0839,-0.1833,9.9684,-0.001,-0.0017,9.8066,-0.0164,0.0266,0.0092,3.69,-30.94,21.94,25.18,-84.38,-168.54
52.421314,-1.534755,186.83,0.01,4,269.34,18 / 20,344509,2019-09-06 19:25:50:252,-0.0912,0.3286,9.9673,-0.0002,-0.004,9.8066,-0.0088,0.016,0.0151,4,-30.94,22,25.14,-84.38,-168.58
52.421314,-1.534755,186.83,0.01,4,269.34,18 / 20,344610,2019-09-06 19:25:50:353,0.0171,0.1133,9.9476,0.0005,0.0064,9.8066,0.0003,0.0118,0.0072,3.56,-30.81,22.06,25.34,-84.42,-168.38
52.421314,-1.534755,186.83,0.01,4,269.34,18 / 20,344709,2019-09-06 19:25:50:452,-0.0524,-0.2367,9.6985,0.0006,0.0049,9.8066,-0.0031,-0.0028,0.0077,3.44,-31.44,21.63,22.44,-84.42,-168.39
52.421314,-1.534755,186.83,0.01,4,269.34,18 / 20,344809,2019-09-06 19:25:50:552,-0.0869,0.3125,10.0789,-0.0008,-0.0057,9.8066,-0.0343,-0.0162,0.0067,3.81,-31.25,22.13,25.31,-84.4,-168.42
52.421314,-1.534755,186.83,0.01,4,269.34,18 / 20,344909,2019-09-06 19:25:50:652,0.0705,0.2893,9.8114,-0.002,-0.0065,9.8066,0.0043,-0.0116,-0.0125,3.56,-31.5,22.19,25.35,-84.39,-168.39
52.421314,-1.534755,186.83,0.01,4,269.34,18 / 20,345010,2019-09-06 19:25:50:753,0.2028,-0.0246,10.0002,0.0019,0.0037,9.8066,0.0027,-0.0198,0.0013,3.69,-31.25,21.81,25.24,-84.43,-168.47
52.421314,-1.534755,186.83,0.01,4,269.34,18 / 20,345109,2019-09-06 19:25:50:852,0.0571,-0.0333,9.7419,0.0006,0.0055,9.8066,-0.0301,-0.0284,-0.0128,3.88,-31.31,22.38,25.35,-84.43,-168.37
52.421314,-1.534755,186.83,0.01,4,269.34,18 / 20,345210,2019-09-06 19:25:50:953,0.0219,0.1252,9.6934,-0.0006,-0.0046,9.8066,-0.0354,-0.03,-0.0142,3.44,-30.94,22.06,22.45,-84.44,-168.37
52.421314,-1.534755,186.83,0.01,4,269.34,18 / 20,345310,2019-09-06 19:25:51:053,0.0661,0.1709,10.1448,0.0004,-0.0031,9.8066,0.0149,-0.0327,-0.0084,3.94,-31.06,22.06,25.27,-84.43,-168.44
52.421314,-1.534755,186.83,0.01,4,269.34,18 / 19,345409,2019-09-06 19:25:51:152,0.0031,0.1197,9.9908,-0.0011,-0.0009,9.8066,-0.0113,0.033,0.0212,4.25,-31.37,21.88,25.28,-84.43,-168.43
52.421314,-1.534755,186.83,0.01,4,269.34,18 / 19,345510,2019-09-06 19:25:51:253,-0.0252,-0.2576,9.6686,-0.001,-0.002,9.8066,-0.0074,0.0354,0.0166,3.88,-31.25,22.31,25.18,-84.44,-168.51
52.421314,-1.534755,186.83,0.01,4,269.34,18 / 19,345609,2019-09-06 19:25:51:352,-0.0563,0.2994,10.0609,-0.0001,-0.0038,9.8066,-0.0048,0.0326,0.0138,4,-31.12,21.69,25.18,-84.43,-168.52
52.421314,-1.534755,186.83,0.01,4,269.34,18 / 19,345709,2019-09-06 19:25:51:452,-0.0245,0.1894,10.1247,-0.0011,-0.0054,9.8066,0.0032,0.031,0.0179,3.5,-30.75,21.63,25.08,-84.41,-168.61
52.421314,-1.534755,186.83,0.01,4,269.34,18 / 19,345810,2019-09-06 19:25:51:553,-0.0388,0.1476,9.7323,0.0014,0.0018,9.8066,-0.0065,0.0239,0.0171,3.63,-31.06,21.63,25.07,-84.43,-168.61
52.421314,-1.534755,186.83,0.01,4,269.34,18 / 19,345910,2019-09-06 19:25:51:653,0.0088,-0.3096,9.8175,-0.0002,0.0019,9.8066,-0.0157,0.0207,0.02,3.75,-31.31,22.25,25.07,-84.42,-168.61
52.421314,-1.534755,186.83,0.01,4,269.34,18 / 19,346009,2019-09-06 19:25:51:752,0.0283,0.1692,9.9269,0,-0.0006,9.8066,-0.0057,0.0267,0.0243,3.81,-31.12,21.63,24.97,-84.42,-168.71
52.421314,-1.534755,186.83,0.01,4,269.34,18 / 19,346110,2019-09-06 19:25:51:853,-0.0232,-0.0378,9.5236,-0.0005,-0.0016,9.8066,-0.0146,0.0271,0.0139,4,-30.94,21.56,25.07,-84.42,-168.62
52.421314,-1.534755,186.83,0.01,4,269.34,18 / 19,346209,2019-09-06 19:25:51:952,-0.007,-0.0862,9.7707,-0.0001,0.0009,9.8066,-0.0283,0.0252,0.0273,3.5,-31.31,21.75,24.96,-84.4,-168.72
52.421314,-1.534755,186.83,0.01,4,269.34,19 / 19,346309,2019-09-06 19:25:52:052,-0.0042,-0.4142,9.6683,0,-0.001,9.8066,-0.0219,0.032,0.0154,3.44,-30.75,22,22.03,-84.39,-168.77
52.421314,-1.534755,186.83,0.01,4,269.34,19 / 19,346410,2019-09-06 19:25:52:153,-0.0833,0.2812,9.9251,0.0011,0.0012,9.8066,-0.0096,0.0192,0.0093,3.63,-30.94,21.63,24.73,-84.4,-168.93
52.421314,-1.534755,186.83,0.01,4,269.34,19 / 19,346510,2019-09-06 19:25:52:253,0.0558,-0.1894,9.7516,0.0007,-0.0031,9.8066,0.0049,0.0176,0.0161,3.56,-30.75,21.63,24.51,-84.39,-169.13
52.421314,-1.534755,186.83,0.01,4,269.34,19 / 19,346609,2019-09-06 19:25:52:352,0.0218,0.1658,10.1339,0.0022,-0.0002,9.8066,-0.0013,0.0128,0.0077,4.13,-31.56,21.94,24.61,-84.39,-169.14
52.421314,-1.534755,186.83,0.01,4,269.34,19 / 19,346710,2019-09-06 19:25:52:453,-0.0266,-0.1203,9.6457,-0.0005,0.0015,9.8066,-0.0298,0.0093,0.0105,3.31,-31,22,21.57,-84.39,-169.17
52.421314,-1.534755,186.83,0.01,4,269.34,19 / 19,346810,2019-09-06 19:25:52:553,0.0759,0.0189,10.067,-0.0002,-0.0058,9.8065,-0.0136,-0.0006,0.0012,3.81,-30.81,21.56,24.2,-84.37,-169.4
52.421314,-1.534755,186.83,0.01,4,269.34,19 / 19,346911,2019-09-06 19:25:52:654,0.0666,-0.1232,9.6458,0.0004,0.0004,9.8066,-0.0138,-0.0071,0.001,3.75,-31.19,21.63,24.22,-84.38,-169.39
52.421314,-1.534755,186.83,0.01,4,269.34,19 / 19,347009,2019-09-06 19:25:52:752,-0.0511,0.1519,9.9588,-0.0004,-0.0026,9.8065,0.0107,-0.0112,-0.0058,4.06,-30.87,22.06,24.18,-84.38,-169.42
52.421314,-1.534755,186.83,0.01,4,269.34,19 / 19,347109,2019-09-06 19:25:52:852,-0.0135,-0.4692,9.7944,0.0011,-0.0034,9.8066,-0.0277,-0.0245,-0.0196,3.88,-31.31,21.88,24,-84.37,-169.58
52.421314,-1.534755,186.83,0.01,4,269.34,19 / 19,347211,2019-09-06 19:25:52:954,0.1724,-0.075,9.8717,-0.0006,0.0036,9.8066,-0.006,-0.0311,-0.0093,4,-31.44,21.56,24,-84.36,-169.59
52.421314,-1.534755,186.83,0.01,4,269.34,19 / 19,347310,2019-09-06 19:25:53:053,0.0473,-0.0092,9.7813,0.0015,0.0061,9.8066,0.0227,-0.0198,-0.0212,3.88,-31.62,21.94,24.19,-84.4,-169.5
52.421314,-1.534755,186.83,0.01,4,269.34,19 / 20,347409,2019-09-06 19:25:53:152,-0.0237,-0.3763,9.8074,-0.003,-0.0047,9.8066,0.0304,-0.0142,-0.0001,4.06,-31.06,22.44,24.23,-84.35,-169.39
52.421314,-1.534755,186.83,0.01,4,269.34,19 / 20,347510,2019-09-06 19:25:53:253,-0.1163,0.1498,10.0474,0.0002,-0.0031,9.8066,-0.0003,0.014,-0.0079,3.75,-30.94,22.13,24.23,-84.37,-169.39
52.421314,-1.534755,186.83,0.01,4,269.34,19 / 20,347610,2019-09-06 19:25:53:353,0.0078,0.1975,10.0288,0.0007,0.0043,9.8066,0.0157,0.0119,0.0045,3.69,-30.81,21.63,24.27,-84.36,-169.35
52.421314,-1.534755,186.83,0.01,4,269.34,19 / 20,347709,2019-09-06 19:25:53:452,0.0307,-0.3727,9.7607,0.0008,0.0042,9.8066,0.0177,0.0307,0.0054,3.56,-31.25,21.56,24.27,-84.38,-169.34
52.421314,-1.534755,186.83,0.01,4,269.34,19 / 20,347809,2019-09-06 19:25:53:552,-0.0699,0.2897,9.8386,0.0028,-0.0065,9.8066,-0.0087,0.0245,0.0195,3.88,-30.81,21.75,24.21,-84.38,-169.39
52.421314,-1.534755,186.83,0.01,4,269.34,19 / 20,347910,2019-09-06 19:25:53:653,-0.0034,-0.0741,9.9163,-0.0037,-0.0033,9.8066,0.0098,0.0288,0.0134,3.94,-31.06,21.75,24.19,-84.37,-169.41
52.421314,-1.534755,186.83,0.01,4,269.34,19 / 20,348009,2019-09-06 19:25:53:752,-0.0189,0.3253,10.0911,0.0016,0.004,9.8066,-0.0234,0.0324,0.0118,3.56,-31,21.69,24.13,-84.39,-169.45
52.421314,-1.534755,186.83,0.01,4,269.34,19 / 20,348109,2019-09-06 19:25:53:852,-0.1153,0.2943,9.9444,-0.0006,0.0029,9.8066,-0.0254,0.0106,0.0235,3.25,-31.5,22,21.35,-84.39,-169.36
52.421314,-1.534755,186.83,0.01,4,269.34,19 / 20,348209,2019-09-06 19:25:53:952,0.0715,0.0231,10.0485,0.0002,-0.0012,9.8066,-0.01,0.012,0.0049,3.69,-30.94,22,24.12,-84.39,-169.46
52.421314,-1.534755,186.83,0.01,4,269.34,19 / 20,348310,2019-09-06 19:25:54:053,0.0854,-0.1171,9.6015,-0.0008,0.0006,9.8066,-0.0155,0.0014,0.0078,3.5,-31.06,21.5,24.18,-84.4,-169.41
52.421314,-1.534755,186.83,0.01,4,269.34,19 / 20,348410,2019-09-06 19:25:54:153,0.0304,0.245,10.1145,0.0002,-0.0007,9.8066,-0.0356,-0.0111,0.0099,3.44,-31.19,22,21.07,-84.41,-169.59
52.421314,-1.534755,186.83,0.01,4,269.34,19 / 19,348509,2019-09-06 19:25:54:252,-0.1003,-0.3263,9.5865,0.0015,-0.0003,9.8066,-0.046,0.0085,-0.0033,3.13,-30.69,21.81,20.99,-84.41,-169.66
52.421314,-1.534755,186.83,0.01,4,269.34,19 / 19,348610,2019-09-06 19:25:54:353,-0.1114,0.367,10.0721,-0.0001,0.0026,9.8066,-0.0035,-0.013,0.0096,4.06,-30.62,21.75,23.96,-84.39,-169.61
52.421314,-1.534755,186.83,0.01,4,269.34,19 / 19,348710,2019-09-06 19:25:54:453,-0.037,-0.1162,9.5853,-0.0002,-0.0024,9.8066,-0.0035,-0.0052,-0.0059,3.56,-31.5,22.06,23.85,-84.41,-169.69
52.421314,-1.534755,186.83,0.01,4,269.34,19 / 19,348809,2019-09-06 19:25:54:552,-0.1084,0.1431,9.8389,0.0009,-0.0004,9.8066,-0.03,-0.0206,-0.0109,3.94,-31.25,21.81,23.81,-84.41,-169.72
52.421314,-1.534755,186.83,0.01,4,269.34,19 / 19,348910,2019-09-06 19:25:54:653,-0.0519,-0.0709,10.0181,-0.0001,0.0025,9.8066,-0.0299,-0.0137,-0.0001,3.5,-30.37,21.75,23.58,-84.41,-169.83
52.421314,-1.534755,186.83,0.01,4,269.34,19 / 19,349010,2019-09-06 19:25:54:753,-0.0603,0.1112,9.6721,0.0014,0.0012,9.8066,-0.0004,-0.0216,-0.0183,4.06,-31.5,22.06,23.72,-84.42,-169.8
52.421314,-1.534755,186.83,0.01,4,269.34,19 / 19,349109,2019-09-06 19:25:54:852,0.1444,-0.3219,9.7425,-0.0007,-0.0032,9.8066,0.0051,-0.0443,-0.0113,4.06,-30.75,21.38,24.53,-84.42,-169.72
52.421314,-1.534755,186.83,0.01,4,269.34,19 / 19,349209,2019-09-06 19:25:54:952,0.0277,-0.2268,9.7172,-0.0001,-0.0061,9.8066,-0.0248,-0.0239,-0.0076,4.06,-30.94,21.31,24.38,-84.4,-169.86
52.421314,-1.534755,186.83,0.01,4,269.34,19 / 20,349310,2019-09-06 19:25:55:053,0.0737,0.1808,10.0889,-0.0001,-0.0047,9.8066,-0.0348,-0.03,-0.0204,3.69,-30.87,21.25,24.36,-84.4,-169.87
52.421314,-1.534755,186.83,0.01,4,269.34,19 / 20,349409,2019-09-06 19:25:55:152,-0.0648,0.2712,9.7966,0.001,0.0056,9.8066,-0.0239,-0.0248,-0.0232,3.88,-31.5,21.56,23.64,-84.42,-169.86
52.421314,-1.534755,186.83,0.01,4,269.34,19 / 20,349510,2019-09-06 19:25:55:253,-0.0363,0.2307,10.0962,0.0001,0.0043,9.8066,0.0277,-0.0195,-0.0224,4.25,-31.06,21.5,23.87,-84.4,-169.67
52.421314,-1.534755,186.83,0.01,4,269.34,19 / 20,349609,2019-09-06 19:25:55:352,-0.0085,-0.5029,9.6694,0.0011,0.0046,9.8066,-0.0088,-0.0249,-0.0165,3.69,-31,21.56,23.99,-84.44,-169.55
52.421314,-1.534755,186.83,0.01,4,269.34,19 / 20,349710,2019-09-06 19:25:55:453,0.1494,-0.0743,9.7329,-0.0015,-0.0021,9.8066,-0.0112,-0.0172,-0.0189,3.44,-31.5,22,21.08,-84.4,-169.59
52.421314,-1.534755,186.83,0.01,4,269.34,19 / 20,349810,2019-09-06 19:25:55:553,-0.0089,-0.0001,10.0448,-0.0003,0,9.8066,0.0226,-0.0066,-0.0105,3.69,-31.44,21.56,23.94,-84.43,-169.6
52.421314,-1.534755,186.83,0.01,4,269.34,19 / 20,349910,2019-09-06 19:25:55:653,-0.1029,0.2346,9.9712,0.002,0.0007,9.8066,0.0264,-0.014,-0.0068,3.81,-31.12,22.13,23.99,-84.43,-169.55
52.421314,-1.534755,186.83,0.01,4,269.34,19 / 20,350009,2019-09-06 19:25:55:752,-0.0365,-0.341,9.886,-0.001,-0.0011,9.8066,0.0019,0.0122,-0.0133,3.56,-31.06,21.5,23.91,-84.44,-169.62
52.421314,-1.534755,186.83,0.01,4,269.34,19 / 20,350110,2019-09-06 19:25:55:853,0.0013,-0.1675,9.9059,0.0004,0.0022,9.8066,0.0104,0.0088,0.0021,4,-31.12,22.06,23.93,-84.44,-169.6
52.421314,-1.534755,186.83,0.01,4,269.34,19 / 20,350209,2019-09-06 19:25:55:952,-0.1275,-0.0701,9.7623,0.0002,0.0019,9.8066,0.0316,0.0144,0.0056,3.44,-30.75,22.25,21.08,-84.45,-169.56
52.421314,-1.534755,186.83,0.01,4,269.34,19 / 20,350310,2019-09-06 19:25:56:053,0.0046,-0.3414,9.7627,0.0002,-0.0014,9.8066,0.0255,0.021,0.0098,3.81,-31.37,21.94,23.94,-84.43,-169.59
52.421314,-1.534755,186.83,0.01,4,269.34,19 / 20,350409,2019-09-06 19:25:56:152,-0.0171,0.2845,10.0099,0.0009,0.0005,9.8066,0.0058,0.0232,0.0169,3.88,-31.06,22,23.86,-84.43,-169.67
52.421314,-1.534755,186.83,0.01,4,269.34,19 / 20,350509,2019-09-06 19:25:56:252,0.0341,0.0158,9.6242,-0.0006,-0.0003,9.8066,-0.0035,0.0397,0.0122,3.69,-30.87,21.75,23.72,-84.42,-169.8
52.421314,-1.534755,186.83,0.01,4,269.34,19 / 20,350610,2019-09-06 19:25:56:353,-0.0411,-0.2397,9.6373,0.0015,0.0024,9.8066,-0.0064,0.0286,0.0178,3.81,-31.44,21.13,24.39,-84.43,-169.83
52.421314,-1.534755,186.83,0.01,4,269.34,19 / 20,350710,2019-09-06 19:25:56:453,-0.0041,0.0584,10.0776,0,-0.0034,9.8066,0.006,0.0437,0.0215,3.44,-31.37,22.19,20.5,-84.42,-170.08
52.421314,-1.534755,186.83,0.01,4,269.34,19 / 20,350810,2019-09-06 19:25:56:553,-0.0737,0.3386,9.912,0.0002,-0.001,9.8066,0.007,0.0428,0.0116,3.44,-31.12,21.63,20.81,-84.42,-169.81
52.421314,-1.534755,186.83,0.01,4,269.34,19 / 20,350909,2019-09-06 19:25:56:652,0.0055,-0.3611,9.7482,0.0004,-0.0022,9.8066,0.0203,0.0361,0.0198,3.5,-31.12,21.69,23.56,-84.41,-169.94
52.421314,-1.534755,186.83,0.01,4,269.34,19 / 20,351009,2019-09-06 19:25:56:752,-0.0516,0.2063,10.2024,-0.0009,0.0014,9.8066,0.0113,0.0415,0.0193,3.69,-31.31,21.5,23.65,-84.42,-169.86
52.421314,-1.534755,186.83,0.01,4,269.34,19 / 20,351110,2019-09-06 19:25:56:853,-0.0553,0.2335,10.1261,0.0006,0.0026,9.8066,-0.011,0.0304,0.0229,3.69,-30.44,21.5,23.53,-84.42,-169.86
52.421314,-1.534755,186.83,0.01,4,269.34,19 / 20,351210,2019-09-06 19:25:56:953,0.0125,-0.0288,9.6208,-0.0006,-0.0034,9.8066,0.0165,0.0272,0.0272,3.5,-31.12,21.56,23.76,-84.42,-169.76
52.421314,-1.534755,186.83,0.01,4,269.34,19 / 20,351311,2019-09-06 19:25:57:054,0.2205,-0.308,9.7702,0.0017,-0.0018,9.8066,-0.0031,0.0441,0.0103,3.94,-31.12,22.25,23.62,-84.41,-169.89
52.421314,-1.534755,186.83,0.01,4,269.34,19 / 20,351410,2019-09-06 19:25:57:153,0.0003,0.154,10.1135,-0.0001,0.0042,9.8066,0.0088,0.0286,0.024,3.88,-31.19,21.94,23.6,-84.39,-169.92
52.421314,-1.534755,186.83,0.01,4,269.34,19 / 20,351510,2019-09-06 19:25:57:253,-0.133,0.2712,10.1014,0.0012,0.0027,9.8066,0.0181,0.0318,0.0162,3.75,-31,21.56,23.5,-84.41,-169.99
52.421314,-1.534755,186.83,0.01,4,269.34,19 / 20,351609,2019-09-06 19:25:57:352,0.0347,0.0122,9.5378,0.0019,-0.0013,9.8066,0.0106,0.0371,0.0088,4,-30.87,21.75,23.49,-84.41,-170.01
52.421314,-1.534755,186.83,0.01,4,269.34,19 / 20,351709,2019-09-06 19:25:57:452,0.025,0.4317,10.0819,-0.0022,-0.0026,9.8066,0.0139,0.0275,0.0239,3.75,-30.94,21.69,23.34,-84.4,-170.14
52.421314,-1.534755,186.83,0.01,4,269.34,19 / 20,351809,2019-09-06 19:25:57:552,-0.1406,0.2629,10.0115,0.0026,0.0048,9.8066,-0.0025,0.0392,0.0058,4.31,-30.81,21.56,23.31,-84.39,-170.17
52.421314,-1.534755,186.83,0.01,4,269.34,19 / 20,351909,2019-09-06 19:25:57:652,-0.0342,-0.2101,9.6972,0.0003,0.0047,9.8066,-0.0005,0.0245,0.0159,3.5,-31.25,21.75,23.31,-84.42,-170.15
52.421314,-1.534755,186.83,0.01,4,269.34,19 / 20,352009,2019-09-06 19:25:57:752,0.0699,0.1071,9.9857,0.0041,-0.0003,9.8066,-0.0245,-0.0293,-0.0194,3.44,-31.31,21.5,20.08,-84.4,-170.45
52.421314,-1.534755,186.83,0.01,4,269.34,19 / 20,352110,2019-09-06 19:25:57:853,0.0411,-0.1202,9.5664,-0.0038,0.0044,9.8066,0.0209,-0.0415,-0.012,3.56,-31.37,22,23.36,-84.41,-170.12
52.421314,-1.534755,186.83,0.01,4,269.34,19 / 20,352209,2019-09-06 19:25:57:952,-0.0393,0.1168,10.0714,0.0001,0.001,9.8066,0.0191,-0.0281,-0.0349,4.06,-30.87,21.44,24.15,-84.42,-170.05
52.421314,-1.534755,186.83,0.01,4,269.34,19 / 20,352309,2019-09-06 19:25:58:052,-0.2139,0.0228,9.8003,0.003,0.0005,9.8066,0.035,-0.0339,-0.0068,4.19,-30.75,21.75,23.09,-84.42,-170.34
52.421314,-1.534755,186.83,0.01,4,269.34,20 / 20,352409,2019-09-06 19:25:58:152,0.0831,0.1856,9.6513,-0.0013,-0.0016,9.8066,-0.0375,-0.0008,-0.0172,3.69,-31.06,21.38,23.87,-84.41,-170.29
52.421314,-1.534755,186.83,0.01,4,269.34,20 / 20,352510,2019-09-06 19:25:58:253,-0.0525,-0.0453,9.7577,-0.0003,-0.0046,9.8066,0.0419,-0.0009,-0.0124,3.25,-31.06,21.94,20.26,-84.41,-170.3
52.421314,-1.534755,186.83,0.01,4,269.34,20 / 20,352610,2019-09-06 19:25:58:353,0.0319,-0.2528,9.9801,0.0024,0.0048,9.8066,0.0379,0.0184,0.0047,3.69,-31,21.56,23.1,-84.43,-170.33
52.421314,-1.534755,186.83,0.01,4,269.34,20 / 20,352709,2019-09-06 19:25:58:452,-0.1217,0.2381,9.9557,0.0007,0.0021,9.8066,-0.012,-0.0147,-0.0073,3.63,-30.44,21.63,22.94,-84.42,-170.38
52.421314,-1.534755,186.83,0.01,4,269.34,20 / 20,352812,2019-09-06 19:25:58:555,-0.0451,0.0219,9.6899,0.0014,0.0003,9.8066,-0.0114,-0.0253,-0.0136,3.88,-31.44,21.81,23.07,-84.42,-170.36
52.421314,-1.534755,186.83,0.01,4,269.34,20 / 20,352910,2019-09-06 19:25:58:653,0.0947,-0.2065,9.9376,-0.0014,-0.0003,9.8066,0.0147,-0.0329,-0.0026,3.44,-30.94,21.69,20.15,-84.41,-170.39
52.421314,-1.534755,186.83,0.01,4,269.34,20 / 20,353009,2019-09-06 19:25:58:752,0.0497,0.0447,9.8617,0.001,-0.0037,9.8066,-0.0161,0.0161,0.0246,3.5,-30.81,22,22.96,-84.4,-170.47
52.421314,-1.534755,186.83,0.01,4,269.34,20 / 20,353111,2019-09-06 19:25:58:854,0.0904,0.0025,9.9838,-0.0005,0.0054,9.8066,-0.0264,0.02,0.0067,3.81,-31.31,22.25,22.95,-84.39,-170.48
52.421314,-1.534755,186.83,0.01,4,269.34,20 / 20,353209,2019-09-06 19:25:58:952,0.0587,-0.0618,9.5944,0.0003,0.0007,9.8066,-0.0018,-0.0047,0.0072,4.13,-31.37,22,23.12,-84.42,-170.32
52.421314,-1.534755,186.83,0.01,4,269.34,20 / 20,353310,2019-09-06 19:25:59:053,-0.0643,-0.212,9.9916,0.0002,-0.0003,9.8066,-0.02,-0.0175,0.005,3.25,-31.44,21.44,20.61,-84.41,-170.48
52.421314,-1.534755,186.83,0.01,4,269.34,20 / 20,353409,2019-09-06 19:25:59:152,0.0032,0.2516,9.96,0.0019,0.0007,9.8066,-0.0364,-0.0073,-0.0141,3.63,-31.62,21.75,22.99,-84.42,-170.53
52.421314,-1.534755,186.83,0.01,4,269.34,20 / 20,353509,2019-09-06 19:25:59:252,0.045,0.0649,9.6675,-0.0008,0.0016,9.8066,0.0083,-0.0361,-0.0056,3.69,-31.25,21.81,22.85,-84.43,-170.55
52.421314,-1.534755,186.83,0.01,4,269.34,20 / 20,353609,2019-09-06 19:25:59:352,0.0362,-0.1648,9.6865,0.0022,0.0013,9.8066,0.0053,-0.0211,-0.0299,3.63,-31.19,22,22.66,-84.43,-170.71
52.421314,-1.534755,186.83,0.01,4,269.34,20 / 20,353710,2019-09-06 19:25:59:453,-0.0058,-0.2735,9.8267,-0.001,-0.0017,9.8066,-0.0127,-0.0318,-0.0148,4,-31.37,21.38,23.28,-84.43,-170.8
52.421314,-1.534755,186.83,0.01,4,269.34,20 / 20,353810,2019-09-06 19:25:59:553,-0.0703,0.2398,9.8206,-0.0005,-0.0047,9.8066,-0.0017,-0.0269,-0.0185,3.5,-31.06,21.88,22.5,-84.41,-170.87
52.421314,-1.534755,186.83,0.01,4,269.34,20 / 20,353910,2019-09-06 19:25:59:653,-0.0762,-0.2114,9.9759,0.002,0.0025,9.8066,0.0079,-0.0234,-0.0272,3.69,-30.81,21.75,22.49,-84.42,-170.87
52.421314,-1.534755,186.83,0.01,4,269.34,20 / 20,354009,2019-09-06 19:25:59:752,-0.1408,0.1336,9.75,0.0003,0.0018,9.8066,0.0187,-0.0317,-0.0132,4.06,-31.25,22.13,22.48,-84.42,-170.88
52.421314,-1.534755,186.83,0.01,4,269.34,20 / 20,354109,2019-09-06 19:25:59:852,-0.1431,-0.0259,10.0644,0.0007,-0.0037,9.8066,0,-0.0139,-0.0294,3.13,-30.94,22,19.54,-84.43,-170.91
52.421314,-1.534755,186.83,0.01,4,269.34,20 / 20,354210,2019-09-06 19:25:59:953,-0.0554,0.2538,9.9792,-0.0017,-0.0039,9.8065,-0.0044,-0.0257,-0.0095,3.5,-31.31,21.69,22.42,-84.4,-170.94
52.421314,-1.534755,186.83,0.01,4,269.34,20 / 20,354309,2019-09-06 19:26:00:052,-0.0379,0.0598,9.6088,0.0007,0.0028,9.8066,0.0264,-0.0251,-0.0156,3.56,-31.56,22.31,22.59,-84.43,-170.87
52.421314,-1.534755,186.83,0.01,4,269.34,20 / 20,354410,2019-09-06 19:26:00:153,0.0903,-0.2703,9.7622,0.0003,-0.0022,9.8066,0.0106,-0.008,-0.0326,3.5,-31.12,21.88,22.34,-84.43,-170.99
52.421314,-1.534755,186.83,0.01,4,269.34,20 / 20,354510,2019-09-06 19:26:00:253,0.0173,-0.0924,10.028,-0.0012,-0.0033,9.8066,0.0072,-0.0187,-0.0084,4.06,-31.31,21.44,23.02,-84.4,-171.04
52.421314,-1.534755,186.83,0.01,4,269.34,20 / 20,354609,2019-09-06 19:26:00:352,-0.1357,0.3475,9.9583,0.0006,-0.0023,9.8066,0.0132,-0.0084,-0.0223,3.56,-31,21.25,23,-84.4,-171.05
52.421314,-1.534755,186.83,0.01,4,269.34,20 / 20,354709,2019-09-06 19:26:00:452,-0.0387,0.1654,9.942,0.0014,0.0031,9.8066,0.0165,-0.0016,-0.0146,3.94,-31.06,21.75,22.31,-84.39,-171.04
52.421314,-1.534755,186.83,0.01,4,269.34,20 / 20,354810,2019-09-06 19:26:00:553,-0.1004,-0.1866,9.6471,-0.0009,-0.0029,9.8066,0.0294,-0.0054,-0.0039,4,-31.31,21.25,23.01,-84.41,-171.04
52.421314,-1.534755,186.83,0.01,4,269.34,20 / 20,354910,2019-09-06 19:26:00:653,-0.1637,0.157,10.0178,0.0002,-0.0024,9.8066,0.0044,0.017,-0.0118,3.56,-31,21.5,22.22,-84.4,-171.11
52.421314,-1.534755,186.83,0.01,4,269.34,20 / 20,355009,2019-09-06 19:26:00:752,-0.0942,-0.1371,9.6587,-0.0022,-0.0036,9.8066,0.0103,0.0045,0.0088,4.06,-30.87,21.5,22.36,-84.4,-170.99
52.421314,-1.534755,186.83,0.01,4,269.34,20 / 20,355109,2019-09-06 19:26:00:852,-0.0909,0.2239,10.1067,0.0016,0.0031,9.8065,0.0175,0.0195,0.0042,3.81,-30.56,21.81,22.39,-84.43,-170.95
52.421314,-1.534755,186.83,0.01,4,269.34,20 / 20,355209,2019-09-06 19:26:00:952,0.0066,-0.3223,9.692,-0.0011,0.0031,9.8066,0.0127,0.0208,0.0098,4.31,-31.19,21.69,22.57,-84.42,-170.8
52.421314,-1.534755,186.83,0.01,4,269.34,20 / 20,355309,2019-09-06 19:26:01:052,0.0624,-0.0833,9.9925,-0.0013,-0.0035,9.8066,0.0131,0.0204,0.017,3.56,-30.69,21.5,22.44,-84.41,-170.92
52.421314,-1.534755,186.83,0.01,4,269.34,20 / 20,355410,2019-09-06 19:26:01:153,0.048,0.1566,10.0991,-0.0001,-0.0031,9.8066,0.0008,0.0287,0.0053,3.94,-30.75,21.75,22.47,-84.41,-170.9
52.421314,-1.534755,186.83,0.01,4,269.34,20 / 20,355510,2019-09-06 19:26:01:253,-0.0136,0.1548,9.957,0.0004,0.0025,9.8066,0.0011,0.023,0.0201,3.75,-31.37,21.06,23.27,-84.4,-170.82
52.421314,-1.534755,186.83,0.01,4,269.34,20 / 20,355610,2019-09-06 19:26:01:353,0.0291,-0.3962,9.8639,0.0018,0.0033,9.8066,-0.0112,0.0414,0.0154,3.75,-31.19,21.38,23.24,-84.42,-170.83
52.421314,-1.534755,186.83,0.01,4,269.34,20 / 20,355710,2019-09-06 19:26:01:453,-0.1403,0.2436,10.028,-0.0002,-0.0014,9.8066,-0.0078,0.0315,0.0104,4.13,-30.94,21.81,22.57,-84.42,-170.81
52.421314,-1.534755,186.83,0.01,4,269.34,20 / 20,355809,2019-09-06 19:26:01:552,-0.0361,0.1834,10.0195,-0.0017,-0.0035,9.8066,-0.0043,0.0291,0.0183,3.44,-31.12,22.13,19.67,-84.42,-170.8
52.421314,-1.534755,186.83,0.01,4,269.34,20 / 20,355910,2019-09-06 19:26:01:653,-0.1262,0.0703,9.7376,0.0021,0.0039,9.8066,-0.0155,0.0227,0.0107,3.63,-31,21.88,22.67,-84.44,-170.7
52.421314,-1.534755,186.83,0.01,4,269.34,20 / 20,356010,2019-09-06 19:26:01:753,-0.0027,-0.3583,9.7844,0.0008,-0.0022,9.8066,-0.0213,0.0141,0.0215,3.75,-31.56,22,22.38,-84.45,-171.04
52.421314,-1.534755,186.83,0.01,4,269.34,20 / 20,356110,2019-09-06 19:26:01:853,-0.0456,0.2121,9.8807,-0.0025,-0.0042,9.8065,-0.0051,0.0142,0.0057,3.25,-31.37,21.94,19.5,-84.44,-170.94
52.421314,-1.534755,186.83,0.01,4,269.34,20 / 20,356210,2019-09-06 19:26:01:953,0.0382,-0.2763,9.7392,0,0.0038,9.8066,-0.0156,0.008,0.0084,3.5,-30.81,21.5,22.41,-84.44,-170.93
52.421314,-1.534755,186.83,0.01,4,269.34,20 / 20,356310,2019-09-06 19:26:02:053,-0.0939,0.0019,9.9049,0.0017,0.0069,9.8066,-0.0404,-0.0069,0.0142,3.88,-31.31,21.81,22.52,-84.48,-170.81
52.421314,-1.534755,186.83,0.01,4,269.34,19 / 20,356409,2019-09-06 19:26:02:152,-0.0171,0.3386,9.8478,0.001,0.0048,9.8066,0.007,-0.0016,0.0048,3.31,-30.81,21.69,19.66,-84.48,-170.78
52.421314,-1.534755,186.83,0.01,4,269.34,19 / 20,356509,2019-09-06 19:26:02:252,0.1428,-0.1389,9.6338,0.0001,-0.0019,9.8066,0.0069,-0.0218,0.0054,3.44,-31.44,21.88,19.63,-84.49,-170.8
52.421314,-1.534755,186.83,0.01,4,269.34,19 / 20,356610,2019-09-06 19:26:02:353,-0.0441,-0.0553,9.9936,0.0016,0.0061,9.8066,0.0134,0.0192,0.0075,3.31,-30.87,21.63,19.66,-84.5,-170.77
52.421314,-1.534755,186.83,0.01,4,269.34,19 / 20,356709,2019-09-06 19:26:02:452,-0.117,-0.0346,9.7195,0.0002,-0.0022,9.8066,0.0146,0.0294,0.0136,4.06,-30.94,21.75,22.52,-84.5,-170.8
52.421314,-1.534755,186.83,0.01,4,269.34,19 / 20,356810,2019-09-06 19:26:02:553,-0.099,0.1192,10.0512,-0.0001,0.0003,9.8066,-0.0097,0.0381,0.0094,3.44,-31.56,21.81,19.52,-84.49,-170.98
52.421314,-1.534755,186.83,0.01,4,269.34,19 / 20,356909,2019-09-06 19:26:02:652,-0.0702,0.1386,10.0231,0.0013,0.0028,9.8066,-0.0029,0.0306,0.0209,3.38,-31.06,22.13,19.4,-84.49,-171.01
52.421314,-1.534755,186.83,0.01,4,269.34,19 / 20,357009,2019-09-06 19:26:02:752,-0.1326,0.0666,9.7384,0.0003,0.0021,9.8066,-0.0124,0.0257,0.0053,3.81,-31.12,21.5,22.26,-84.48,-171.03
52.421314,-1.534755,186.83,0.01,4,269.34,19 / 20,357110,2019-09-06 19:26:02:853,-0.0343,-0.3155,9.7744,-0.0001,-0.0031,9.8066,-0.0202,0.0114,0.0164,4.31,-30.44,22.19,22.16,-84.47,-171.03
52.421314,-1.534755,186.83,0.01,4,269.34,19 / 20,357209,2019-09-06 19:26:02:952,-0.0415,0.2816,9.9404,-0.0013,-0.0005,9.8066,-0.0048,0.009,0.0068,3.63,-30.81,21.63,22.3,-84.46,-171.01
52.421314,-1.534755,186.83,0.01,4,269.34,19 / 20,357309,2019-09-06 19:26:03:052,0.1086,-0.2916,9.8768,0.0016,0.002,9.8066,-0.0098,-0.0073,0.008,4.19,-30.94,22.06,22.17,-84.47,-171.11
52.421314,-1.534755,186.83,0.01,4,269.34,19 / 20,357410,2019-09-06 19:26:03:153,-0.084,-0.1639,9.9523,0.0005,0.0047,9.8066,-0.0287,-0.0197,-0.0009,4.13,-30.94,21.94,22.25,-84.48,-171.05
52.421314,-1.534755,186.83,0.01,4,269.34,19 / 20,357510,2019-09-06 19:26:03:253,0.0306,0.2556,9.9708,-0.0019,-0.0046,9.8066,-0.0334,-0.0149,-0.0112,3.69,-30.75,21.63,22.19,-84.44,-171.12
52.421314,-1.534755,186.83,0.01,4,269.34,19 / 20,357610,2019-09-06 19:26:03:353,-0.0168,-0.0385,9.5603,-0.0007,-0.003,9.8066,-0.0164,-0.0229,-0.0014,3.88,-30.94,21.88,22.24,-84.44,-171.08
52.421314,-1.534755,186.83,0.01,4,269.34,19 / 20,357709,2019-09-06 19:26:03:452,-0.0973,-0.1619,9.9237,-0.0004,0.0025,9.8066,0.0188,-0.016,-0.0243,2.94,-31.5,21.75,19.57,-84.44,-170.87
52.421314,-1.534755,186.83,0.01,4,269.34,19 / 20,357809,2019-09-06 19:26:03:552,-0.1696,0.0724,9.7916,0.0023,0.0037,9.8066,0.0308,-0.0197,-0.0029,3.5,-31.44,22.19,22.34,-84.46,-170.98
52.421314,-1.534755,186.83,0.01,4,269.34,19 / 20,357910,2019-09-06 19:26:03:653,0.1862,-0.1618,9.823,-0.0006,-0.0029,9.8066,-0.007,-0.0019,-0.014,3.63,-31.06,21.63,22.5,-84.44,-170.85
52.421314,-1.534755,186.83,0.01,4,269.34,19 / 20,358009,2019-09-06 19:26:03:752,-0.0052,-0.0075,9.696,0.0007,-0.001,9.8066,-0.0021,-0.0019,0.0041,3.56,-30.94,21.56,22.35,-84.46,-170.97
52.421314,-1.534755,186.83,0.01,4,269.34,19 / 20,358110,2019-09-06 19:26:03:853,-0.0923,-0.3058,9.7525,0.0011,0.0004,9.8066,0.0335,0.0217,0.0045,3.63,-30.87,21.69,22.36,-84.46,-170.96
52.421314,-1.534755,186.83,0.01,4,269.34,19 / 20,358209,2019-09-06 19:26:03:952,-0.1291,-0.0149,10.0288,0.0001,-0.0017,9.8066,0.0103,0.0145,0.0107,4.13,-30.69,22.38,22.21,-84.45,-171.1
52.421314,-1.534755,186.83,0.01,4,269.34,19 / 20,358310,2019-09-06 19:26:04:053,-0.0116,0.2049,9.8285,0.0026,0.0036,9.8066,-0.0029,0.0318,0.0255,3.56,-31.31,21.69,22.29,-84.45,-171.03
52.421314,-1.534755,186.83,0.01,4,269.34,19 / 20,358410,2019-09-06 19:26:04:153,0.1837,-0.0744,9.9912,-0.0005,0.002,9.8066,-0.0073,0.0342,0.0095,3.81,-31.87,22.06,22.29,-84.46,-171.12
52.421314,-1.534755,186.83,0.01,4,269.34,19 / 20,358510,2019-09-06 19:26:04:253,-0.0101,0.088,9.789,0.0002,-0.0024,9.8066,-0.0165,0.0247,0.0304,3.81,-31.44,22.44,22.06,-84.45,-171.22
52.421314,-1.534755,186.83,0.01,4,269.34,19 / 20,358611,2019-09-06 19:26:04:354,-0.0353,-0.1085,9.7171,-0.0008,-0.0061,9.8066,-0.0171,-0.035,-0.0197,3.06,-31.25,22,19.46,-84.45,-170.97
52.421314,-1.534755,186.83,0.01,4,269.34,19 / 20,358709,2019-09-06 19:26:04:452,0.1459,0.0136,9.9502,0.0004,-0.0017,9.8066,-0.0163,-0.016,-0.0167,3.94,-31,21.88,22.27,-84.45,-171.04
52.421314,-1.534755,186.83,0.01,4,269.34,19 / 20,358810,2019-09-06 19:26:04:553,0.0191,-0.0464,9.8644,-0.0015,-0.0008,9.8066,0.0331,-0.0162,-0.0245,3.81,-31.19,21.44,23.03,-84.47,-170.99
52.421314,-1.534755,186.83,0.01,4,269.34,19 / 20,358910,2019-09-06 19:26:04:653,0.0099,-0.01,10.0278,0.0029,0.0039,9.8066,0.0285,-0.0255,-0.0135,4.06,-31.12,21.5,22.24,-84.47,-171.06
52.421314,-1.534755,186.83,0.01,4,269.34,19 / 20,359010,2019-09-06 19:26:04:753,0.0838,-0.0095,9.575,-0.0007,-0.0024,9.8066,-0.0054,0.0007,-0.0174,3.31,-31.06,21.81,19.46,-84.48,-170.96
52.421314,-1.534755,186.83,0.01,4,269.34,19 / 20,359110,2019-09-06 19:26:04:853,-0.0236,0.0298,10.0916,-0.0003,-0.0005,9.8066,-0.0037,-0.0142,0.0028,4.13,-31.44,21.75,22.25,-84.46,-171.05
52.421314,-1.534755,186.83,0.01,4,269.34,19 / 20,359209,2019-09-06 19:26:04:952,-0.2221,0.1974,9.7471,0.0002,0.0009,9.8066,0.013,0.0053,-0.006,3.56,-31,21.81,22.46,-84.48,-170.86
52.421314,-1.534755,186.83,0.01,4,269.34,19 / 20,359309,2019-09-06 19:26:05:052,0.0166,-0.2393,9.7718,-0.0006,-0.0019,9.8066,0.0194,0.0026,-0.0021,3.56,-30.87,21.94,22.4,-84.48,-170.92
52.421314,-1.534755,186.83,0.01,4,269.34,19 / 21,359409,2019-09-06 19:26:05:152,-0.0253,0.0135,9.954,0.0001,0.0003,9.8066,-0.005,0.0144,0.0035,3.38,-30.94,21.44,19.98,-84.47,-170.99
52.421314,-1.534755,186.83,0.01,4,269.34,19 / 21,359509,2019-09-06 19:26:05:252,-0.1577,0.1929,9.9941,-0.0001,0.0031,9.8066,0.0065,0.0207,0.0087,3.5,-31.25,21.81,22.39,-84.5,-170.91
52.421314,-1.534755,186.83,0.01,4,269.34,19 / 21,359610,2019-09-06 19:26:05:353,0.0656,-0.1208,9.7516,-0.0001,-0.0026,9.8066,-0.0013,0.0197,0.0224,3.88,-31.69,22.13,22.42,-84.48,-170.99
52.421314,-1.534755,186.83,0.01,4,269.34,19 / 21,359709,2019-09-06 19:26:05:452,-0.0138,0.0467,9.6076,-0.0013,-0.0033,9.8066,-0.0006,0.0256,0.0095,3.94,-30.81,22.44,22.49,-84.46,-170.85
52.421314,-1.534755,186.83,0.01,4,269.34,19 / 21,359810,2019-09-06 19:26:05:553,0.0766,-0.1541,9.9874,0.0005,0.0013,9.8066,-0.0025,0.0301,0.0108,4,-31.12,21.75,22.41,-84.47,-170.91
52.421314,-1.534755,186.83,0.01,4,269.34,19 / 21,359910,2019-09-06 19:26:05:653,-0.0781,0.1121,10.0084,0.0023,0.0042,9.8066,-0.0221,0.0138,0.0227,3.81,-30.75,22.13,22.33,-84.47,-170.98
52.421314,-1.534755,186.83,0.01,4,269.34,19 / 21,360009,2019-09-06 19:26:05:752,-0.0007,0.2808,9.9897,-0.0015,-0.0025,9.8066,-0.0186,0.0279,0.0064,3.44,-31.25,21.81,19.56,-84.45,-170.88
52.421314,-1.534755,186.83,0.01,4,269.34,19 / 21,360110,2019-09-06 19:26:05:853,0.0376,0.0165,9.696,-0.0004,0.0007,9.8066,-0.0092,0.0179,0.0216,3.13,-31.19,21.75,19.55,-84.45,-170.89
52.421314,-1.534755,186.83,0.01,4,269.34,19 / 21,360210,2019-09-06 19:26:05:953,-0.1182,0.0261,10.039,0.0008,0.0045,9.8066,-0.0054,0.0204,0.0146,3.31,-31.37,21.63,19.66,-84.43,-170.8
52.421314,-1.534755,186.83,0.01,4,269.34,20 / 20,360310,2019-09-06 19:26:06:053,-0.1501,-0.2875,9.8006,0.0001,0.0033,9.8066,-0.0327,0.0142,-0.0055,3.75,-31.19,21.81,22.6,-84.47,-170.75
52.421314,-1.534755,186.83,0.01,4,269.34,20 / 20,360410,2019-09-06 19:26:06:153,0.0125,0.0873,9.986,0.0042,0.004,9.8066,0.019,-0.0026,-0.0157,3.75,-31.06,21.81,22.35,-84.48,-170.96
52.421314,-1.534755,186.83,0.01,4,269.34,20 / 20,360510,2019-09-06 19:26:06:253,-0.15,0.0252,9.7578,-0.0009,0.0008,9.8066,0.0023,-0.0096,0.0057,3.75,-31.37,21.44,23.05,-84.46,-170.98
52.421314,-1.534755,186.83,0.01,4,269.34,20 / 20,360609,2019-09-06 19:26:06:352,-0.0238,-0.0315,9.589,-0.0006,0.0041,9.8066,0.0162,0.0081,-0.0031,3.81,-31.12,21.38,23.27,-84.49,-170.77
52.421314,-1.534755,186.83,0.01,4,269.34,20 / 20,360709,2019-09-06 19:26:06:452,-0.029,-0.3489,9.9688,-0.0015,-0.0063,9.8066,0.005,0.0071,-0.004,3.81,-31.25,21.94,22.35,-84.43,-170.99
52.421314,-1.534755,186.83,0.01,4,269.34,20 / 20,360810,2019-09-06 19:26:06:553,0.0632,-0.0421,9.7999,0,0.0006,9.8066,-0.031,0.004,-0.006,3.69,-31.12,21.81,22.48,-84.47,-170.86
52.421314,-1.534755,186.83,0.01,4,269.34,20 / 20,360911,2019-09-06 19:26:06:654,0.1852,-0.0828,10.0813,-0.0003,-0.0004,9.8066,-0.0117,-0.009,-0.0001,3.69,-30.62,22.06,22.49,-84.49,-170.83
52.421314,-1.534755,186.83,0.01,4,269.34,20 / 20,361009,2019-09-06 19:26:06:752,-0.0847,-0.0758,10.043,-0.0011,-0.0018,9.8066,-0.0081,0.0065,0.0009,3.75,-31.37,21.38,23.24,-84.47,-170.8
52.421314,-1.534755,186.83,0.01,4,269.34,20 / 20,361110,2019-09-06 19:26:06:853,-0.253,0.1871,9.6856,-0.0005,-0.0011,9.8066,-0.0245,-0.0072,-0.0095,3.31,-31.31,21.38,20.6,-84.47,-170.46
52.421314,-1.534755,186.83,0.01,4,269.34,20 / 20,361210,2019-09-06 19:26:06:953,-0.0117,0.0997,10.0973,0.0007,-0.0018,9.8066,-0.0077,-0.0186,-0.0155,3.75,-30.94,21.75,22.73,-84.48,-170.62
52.421314,-1.534755,186.83,0.01,4,269.34,20 / 20,361309,2019-09-06 19:26:07:052,0.1092,0.2315,10.0264,0.0007,-0.0008,9.8066,-0.0177,-0.0164,-0.018,3.5,-31.25,21.94,22.43,-84.49,-170.89
52.421314,-1.534755,186.83,0.01,4,269.34,19 / 21,361409,2019-09-06 19:26:07:152,0.1027,-0.2864,9.7326,-0.0006,0.0029,9.8066,0.0015,-0.0196,-0.002,3.69,-31.25,21.56,22.36,-84.48,-170.95
52.421314,-1.534755,186.83,0.01,4,269.34,19 / 21,361510,2019-09-06 19:26:07:253,-0.0437,0.0222,10.0079,0.0001,-0.0042,9.8066,-0.0131,-0.0251,-0.0157,3.56,-31.31,21.81,22.23,-84.5,-171.05
52.421314,-1.534755,186.83,0.01,4,269.34,19 / 21,361609,2019-09-06 19:26:07:352,-0.0461,0.1933,9.7336,-0.0021,-0.0051,9.8066,-0.0062,-0.0306,-0.0065,3.81,-31.25,21.56,22.28,-84.48,-171.02
52.421314,-1.534755,186.83,0.01,4,269.34,19 / 21,361710,2019-09-06 19:26:07:453,-0.2537,0.1385,10.0674,-0.0029,0.0008,9.8066,0.0271,-0.0244,-0.0032,3.5,-31.31,22,22.71,-84.43,-170.67
52.421314,-1.534755,186.83,0.01,4,269.34,19 / 21,361810,2019-09-06 19:26:07:553,0.0885,-0.0529,9.7315,0.0042,0.0007,9.8066,0.0225,-0.0213,-0.0313,4.19,-31.12,21.94,22.64,-84.42,-170.74
52.421314,-1.534755,186.83,0.01,4,269.34,19 / 21,361909,2019-09-06 19:26:07:652,0.0065,-0.2453,9.6386,0.002,-0.0023,9.8066,-0.0106,-0.027,-0.0323,4,-30.94,21.88,21.9,-84.43,-171.37
52.421314,-1.534755,186.83,0.01,4,269.34,19 / 21,362009,2019-09-06 19:26:07:752,-0.1458,0.1581,9.9909,-0.0004,-0.0038,9.8066,0.004,-0.0194,-0.0132,3.75,-30.69,22.06,21.7,-84.44,-171.54
52.421314,-1.534755,186.83,0.01,4,269.34,19 / 21,362110,2019-09-06 19:26:07:853,-0.0085,0.2458,10.1289,0.0009,0.0037,9.8066,0.0221,-0.022,-0.0232,3.13,-30.81,21.38,19.62,-84.42,-171.33
52.421314,-1.534755,186.83,0.01,4,269.34,19 / 21,362210,2019-09-06 19:26:07:953,0.015,-0.3266,9.6724,-0.0003,0.0039,9.8066,0.0238,-0.0285,-0.0165,3.25,-30.94,21.69,19.09,-84.44,-171.3
52.421314,-1.534755,186.83,0.01,4,269.34,19 / 21,362309,2019-09-06 19:26:08:052,-0.1531,0.008,9.9823,-0.0018,-0.0037,9.8066,0.0223,-0.016,-0.0179,3.69,-30.94,22.44,22.03,-84.42,-171.27
52.421314,-1.534755,186.83,0.01,4,269.34,20 / 21,362409,2019-09-06 19:26:08:152,-0.0281,0.2186,10.0723,-0.0017,-0.0062,9.8066,0.0012,-0.0177,-0.0134,4.25,-31,21.75,22.1,-84.39,-171.23
52.421314,-1.534755,186.83,0.01,4,269.34,20 / 21,362510,2019-09-06 19:26:08:253,0.026,-0.1747,9.6572,0.0011,0.0022,9.8066,0.0203,-0.0203,-0.0217,3.5,-31.5,21.88,21.92,-84.4,-171.37
52.421314,-1.534755,186.83,0.01,4,269.34,20 / 21,362609,2019-09-06 19:26:08:352,0.0377,-0.3877,9.8758,0.0017,0.0045,9.8066,0.0283,-0.0133,-0.018,3.31,-31.19,21.94,18.93,-84.43,-171.43
52.421314,-1.534755,186.83,0.01,4,269.34,20 / 21,362710,2019-09-06 19:26:08:453,0.0861,0.069,10.0061,-0.0019,-0.0034,9.8066,0.0308,-0.0089,-0.0021,3.63,-30.87,21.56,21.88,-84.38,-171.42
52.421314,-1.534755,186.83,0.01,4,269.34,20 / 21,362809,2019-09-06 19:26:08:552,-0.1296,0.2298,9.8054,-0.001,-0.0055,9.8066,0.0008,0.0027,-0.02,3.69,-31.12,21.19,22.55,-84.39,-171.45
52.421314,-1.534755,186.83,0.01,4,269.34,20 / 21,362910,2019-09-06 19:26:08:653,0.0019,0.0588,9.8284,-0.0005,0.0047,9.8066,0.002,-0.0079,0.002,3.44,-30.62,22.06,19.15,-84.39,-171.27
52.421314,-1.534755,186.83,0.01,4,269.34,20 / 21,363009,2019-09-06 19:26:08:752,0.0137,-0.1923,9.9042,0,0.0049,9.8066,0.0299,0.0048,0.0051,3.25,-31.19,22,19.33,-84.41,-171.1
52.421314,-1.534755,186.83,0.01,4,269.34,20 / 21,363110,2019-09-06 19:26:08:853,-0.1959,0.2218,9.9769,-0.0002,-0.0034,9.8066,0.0114,0.0117,0.001,3.5,-31.06,22.13,22.41,-84.4,-170.95
52.421314,-1.534755,186.83,0.01,4,269.34,20 / 21,363209,2019-09-06 19:26:08:952,-0.1472,0.1187,9.687,-0.0042,-0.0042,9.8066,0.0113,0.0135,0.0222,3.63,-30.87,21.75,22.53,-84.38,-170.85
52.421314,-1.534755,186.83,0.01,4,269.34,20 / 21,363310,2019-09-06 19:26:09:053,-0.0328,-0.0637,10.0165,0.0022,0.0041,9.8066,-0.0036,0.0342,0.0046,3.75,-31.31,22.19,22.75,-84.36,-170.67
52.421314,-1.534755,186.83,0.01,4,269.34,19 / 21,363409,2019-09-06 19:26:09:152,-0.0847,0.1279,10.0323,0.0007,0.0028,9.8066,-0.0007,0.0205,0.0118,3.75,-31.69,21.94,22.81,-84.39,-170.7
52.421314,-1.534755,186.83,0.01,4,269.34,19 / 21,363510,2019-09-06 19:26:09:253,-0.0116,0.2444,9.8632,-0.0011,-0.0022,9.8066,0.0029,0.0293,0.0138,3.31,-31.12,21.88,19.7,-84.39,-170.79
52.421314,-1.534755,186.83,0.01,4,269.34,19 / 21,363610,2019-09-06 19:26:09:353,0.0177,-0.1451,9.6119,-0.0015,-0.0015,9.8066,-0.0107,0.0376,0.0105,3.38,-31.25,21.75,19.78,-84.39,-170.73
52.421314,-1.534755,186.83,0.01,4,269.34,19 / 21,363710,2019-09-06 19:26:09:453,-0.0163,-0.1874,9.9265,-0.0018,0.0006,9.8066,0.0093,0.029,0.0286,3.56,-30.81,21.88,22.86,-84.39,-170.57
52.421314,-1.534755,186.83,0.01,4,269.34,19 / 21,363810,2019-09-06 19:26:09:553,0.0081,-0.2969,9.8274,0.0009,0.0015,9.8066,-0.0072,0.0401,0.0136,3.75,-31.25,21.88,22.74,-84.4,-170.66
52.421314,-1.534755,186.83,0.01,4,269.34,19 / 21,363909,2019-09-06 19:26:09:652,-0.0469,0.2003,9.7481,0.0033,-0.0037,9.8066,-0.0136,0.022,0.0221,4.06,-30.62,21.69,22.42,-84.37,-170.96
52.421314,-1.534755,186.83,0.01,4,269.34,19 / 21,364009,2019-09-06 19:26:09:752,-0.0621,-0.1318,10.0347,0,0.0021,9.8066,-0.0024,0.0235,0.0187,3.75,-31.37,22,22.49,-84.37,-170.9
52.421314,-1.534755,186.83,0.01,4,269.34,19 / 21,364110,2019-09-06 19:26:09:853,-0.1731,0.0031,9.7136,0.0001,0.0027,9.8066,-0.0113,0.0177,0.0153,3.25,-31.31,21.5,19.6,-84.38,-170.88
52.421314,-1.534755,186.83,0.01,4,269.34,19 / 21,364209,2019-09-06 19:26:09:952,-0.1844,0.0818,10.0985,-0.0001,-0.0013,9.8066,-0.0091,0.0032,0.0213,4,-31.25,22.13,22.61,-84.38,-170.79
52.421314,-1.534755,186.83,0.01,4,269.34,20 / 21,364311,2019-09-06 19:26:10:054,0.0394,0.1449,9.8585,-0.0006,-0.0025,9.8066,-0.0088,0.0017,0.0066,3.38,-30.87,21.63,19.74,-84.35,-170.77
52.421314,-1.534755,186.83,0.01,4,269.34,20 / 21,364409,2019-09-06 19:26:10:152,-0.0586,0.3546,9.89,0.0004,0.0044,9.8066,-0.014,0.0037,0.0104,3.63,-31.37,21.69,22.74,-84.39,-170.67
52.421314,-1.534755,186.83,0.01,4,269.34,20 / 21,364510,2019-09-06 19:26:10:253,0.021,-0.1601,9.7992,-0.0002,0.0025,9.8066,-0.0298,0.0029,0.006,3.5,-31.56,22.06,22.94,-84.38,-170.6
52.421314,-1.534755,186.83,0.01,4,269.34,20 / 21,364609,2019-09-06 19:26:10:352,-0.061,-0.4256,9.7689,-0.0016,-0.0031,9.8066,-0.0407,0.0027,-0.0027,3.19,-31,22.06,19.96,-84.37,-170.58
52.421314,-1.534755,186.83,0.01,4,269.34,20 / 21,364710,2019-09-06 19:26:10:453,-0.1537,0.1651,9.9801,0.0001,-0.0047,9.8066,-0.0152,-0.0108,0.0101,4.06,-31,21.75,22.75,-84.39,-170.66
52.421314,-1.534755,186.83,0.01,4,269.34,20 / 21,364810,2019-09-06 19:26:10:553,-0.0178,-0.0244,9.8079,0.0013,0.0051,9.8065,-0.0051,-0.0002,-0.0113,3.69,-31.19,21.69,22.79,-84.4,-170.62
52.421314,-1.534755,186.83,0.01,4,269.34,20 / 21,364909,2019-09-06 19:26:10:652,0.0169,-0.2642,9.6428,0.0012,0.0035,9.8066,-0.0139,-0.0145,-0.006,3.63,-30.44,22.13,22.68,-84.4,-170.61
52.421314,-1.534755,186.83,0.01,4,269.34,20 / 21,365010,2019-09-06 19:26:10:753,-0.1572,0.2272,10.0572,0,-0.0013,9.8066,-0.0167,-0.0208,-0.0068,3.88,-30.81,21.56,22.89,-84.39,-170.53
52.421314,-1.534755,186.83,0.01,4,269.34,20 / 21,365109,2019-09-06 19:26:10:852,-0.0639,0.2455,9.6899,-0.0022,-0.0023,9.8066,0.0021,-0.0219,-0.0171,3.63,-31.06,21.75,22.94,-84.39,-170.49
52.421314,-1.534755,186.83,0.01,4,269.34,20 / 21,365209,2019-09-06 19:26:10:952,0.1437,-0.2904,9.8891,0.0013,-0.0009,9.8066,0.011,-0.0318,-0.0065,4,-30.5,21.63,22.78,-84.39,-170.53
52.421314,-1.534755,186.83,0.01,4,269.34,20 / 21,365309,2019-09-06 19:26:11:052,0.0138,0.1733,9.9028,0.0003,0.0037,9.8066,-0.0049,0.0222,0.0237,3.75,-31.06,21.94,22.96,-84.4,-170.47
52.421314,-1.534755,186.83,0.01,4,269.34,20 / 21,365410,2019-09-06 19:26:11:153,-0.0835,-0.1447,9.6598,-0.0001,-0.0029,9.8066,0.0028,0.0311,0.0067,3.38,-31.31,21.31,20.58,-84.4,-170.52
52.421314,-1.534755,186.83,0.01,4,269.34,20 / 21,365510,2019-09-06 19:26:11:253,0.071,0.2614,10.107,-0.0004,-0.0011,9.8066,-0.008,0.0359,0.0098,3.88,-31.12,21.88,22.87,-84.41,-170.54
52.421314,-1.534755,186.83,0.01,4,269.34,20 / 21,365610,2019-09-06 19:26:11:353,-0.0178,0.0621,9.7231,0,0.0037,9.8066,-0.0211,0.0244,0.0256,3.06,-30.62,21.38,20.57,-84.4,-170.53
52.421314,-1.534755,186.83,0.01,4,269.34,20 / 21,365709,2019-09-06 19:26:11:452,-0.0798,-0.414,9.6635,-0.0007,-0.005,9.8066,-0.0096,0.0324,0.0153,3.44,-30.81,21.69,20.11,-84.42,-170.42
52.421314,-1.534755,186.83,0.01,4,269.34,20 / 21,365810,2019-09-06 19:26:11:553,-0.0645,-0.2068,10.0112,0.0008,-0.0007,9.8066,-0.0129,0.0325,0.0163,3.63,-31.06,21.56,22.88,-84.39,-170.54
52.421314,-1.534755,186.83,0.01,4,269.34,20 / 21,365910,2019-09-06 19:26:11:653,0.0122,0.2106,9.9761,0,-0.002,9.8066,0.0021,0.027,0.0232,3.94,-31,21.94,22.83,-84.4,-170.58
52.421314,-1.534755,186.83,0.01,4,269.34,20 / 21,366009,2019-09-06 19:26:11:752,-0.1404,0.0372,9.708,0.0015,0.0012,9.8066,-0.0324,0.0358,0.0112,3.63,-31.06,21.5,22.86,-84.41,-170.55
52.421314,-1.534755,186.83,0.01,4,269.34,20 / 21,366109,2019-09-06 19:26:11:852,-0.0411,-0.0683,9.7933,-0.0015,-0.0027,9.8066,-0.018,0.0168,0.0213,3.69,-31,21.81,22.9,-84.4,-170.52
52.421314,-1.534755,186.83,0.01,4,269.34,20 / 21,366210,2019-09-06 19:26:11:953,-0.0497,0.1339,9.8901,-0.0002,-0.0021,9.8066,-0.0173,0.0152,0.0131,3.81,-30.87,21.94,22.86,-84.43,-170.54
52.421314,-1.534755,186.83,0.01,4,269.34,20 / 21,366309,2019-09-06 19:26:12:052,0.0819,0.0018,9.6356,-0.0001,-0.0013,9.8066,-0.0092,0.011,0.011,3.88,-30.87,21.94,22.88,-84.41,-170.53
52.421314,-1.534755,186.83,0.01,4,269.34,20 / 20,366410,2019-09-06 19:26:12:153,0.0056,0.0882,10.0544,-0.0002,0.0009,9.8066,-0.0074,0.0075,0.0105,3.94,-31.31,21.38,23.48,-84.41,-170.64
52.421314,-1.534755,186.83,0.01,4,269.34,20 / 20,366510,2019-09-06 19:26:12:253,-0.0553,0.245,9.7578,-0.0021,-0.0023,9.8066,-0.023,-0.0076,-0.0057,3.38,-31.31,21.63,20.15,-84.41,-170.39
52.421314,-1.534755,186.83,0.01,4,269.34,20 / 20,366610,2019-09-06 19:26:12:353,0.0713,-0.2448,9.7783,-0.001,-0.0003,9.8066,-0.0115,-0.0177,-0.0026,3.5,-30.94,21.88,22.91,-84.4,-170.51
52.421314,-1.534755,186.83,0.01,4,269.34,20 / 20,366709,2019-09-06 19:26:12:452,-0.0062,0.1491,9.8948,0.0007,0.0011,9.8066,0.0068,-0.0201,-0.0092,3.56,-30.94,21.81,22.88,-84.42,-170.53
52.421314,-1.534755,186.83,0.01,4,269.34,20 / 20,366809,2019-09-06 19:26:12:552,0.0041,-0.2594,9.8173,0.0004,-0.0017,9.8066,0.0073,0.0266,0.0126,3.75,-31,22,23,-84.4,-170.44
52.421314,-1.534755,186.83,0.01,4,269.34,20 / 20,366910,2019-09-06 19:26:12:653,-0.1275,0.1465,10.0692,0.0006,0.0016,9.8066,-0.0087,0.0388,0.0085,3.44,-31.56,21.5,20.14,-84.38,-170.51
52.421314,-1.534755,186.83,0.01,4,269.34,20 / 20,367010,2019-09-06 19:26:12:753,-0.0324,-0.089,9.6484,0.0006,0.003,9.8066,0.0018,0.0246,0.0209,3.56,-30.69,21.69,22.93,-84.38,-170.5
52.421314,-1.534755,186.83,0.01,4,269.34,20 / 20,367110,2019-09-06 19:26:12:853,-0.029,-0.2716,9.6607,0.0001,0.0033,9.8066,-0.0122,0.0295,0.0113,3.56,-30.81,22,23,-84.4,-170.44
52.421314,-1.534755,186.83,0.01,4,269.34,20 / 20,367210,2019-09-06 19:26:12:953,-0.0744,-0.0595,9.9792,-0.0015,-0.0042,9.8066,-0.0221,0.0196,0.0263,3.56,-30.69,21.94,23,-84.38,-170.45
52.421314,-1.534755,186.83,0.01,4,269.34,20 / 20,367309,2019-09-06 19:26:13:052,-0.0418,0.1136,9.7254,-0.0021,-0.0057,9.8066,-0.014,0.022,0.0147,3.56,-30.94,21.56,23.12,-84.36,-170.35
52.421314,-1.534755,186.83,0.01,4,269.34,20 / 20,367409,2019-09-06 19:26:13:152,0.0401,0.1332,10.0475,0.0038,-0.0043,9.8066,0.0293,-0.0159,-0.0083,3.94,-31,22.38,22.99,-84.39,-170.45
52.421314,-1.534755,186.83,0.01,4,269.34,20 / 20,367509,2019-09-06 19:26:13:252,0.0298,-0.1558,9.7869,-0.0005,0.0004,9.8066,0.0228,-0.0006,-0.017,3.31,-31.06,21.81,20.4,-84.4,-170.18
52.421314,-1.534755,186.83,0.01,4,269.34,20 / 20,367610,2019-09-06 19:26:13:353,0.044,-0.2978,9.763,0,0.0009,9.8065,0.0126,-0.0096,-0.0028,4.06,-30.81,22,23.27,-84.42,-170.18
52.421314,-1.534755,186.83,0.01,4,269.34,20 / 20,367710,2019-09-06 19:26:13:453,0.1169,-0.2677,9.8695,0,0.0006,9.8066,0.0114,0.0101,-0.0169,3.5,-31.44,21.56,23.4,-84.42,-170.08
52.421314,-1.534755,186.83,0.01,4,269.34,20 / 20,367810,2019-09-06 19:26:13:553,0.0008,0.1375,10.1066,-0.0003,-0.002,9.8066,0.0109,0.0215,-0.0027,3.63,-31.12,21.69,23.21,-84.42,-170.24
52.421314,-1.534755,186.83,0.01,4,269.34,20 / 20,367909,2019-09-06 19:26:13:652,-0.1289,0.1845,9.8093,0.0001,0.0004,9.8066,0.0254,0.0112,0,3.69,-31.19,21.88,23.33,-84.45,-170.12
52.421314,-1.534755,186.83,0.01,4,269.34,20 / 20,368009,2019-09-06 19:26:13:752,-0.0316,-0.0934,10.0339,-0.0002,-0.0018,9.8066,0.0138,0.0244,-0.0043,3.44,-31.56,22.5,19.98,-84.44,-170.15
52.421314,-1.534755,186.83,0.01,4,269.34,20 / 20,368110,2019-09-06 19:26:13:853,-0.0533,-0.0519,9.9752,0.0015,0.004,9.8065,0.0195,0.0166,0.0133,3.63,-30.94,21.69,23.11,-84.44,-170.32
52.421314,-1.534755,186.83,0.01,4,269.34,20 / 20,368210,2019-09-06 19:26:13:953,-0.1245,0.0365,9.7514,-0.0001,0.0044,9.8066,0.0153,0.0263,0.0092,3.69,-31.31,21.56,23.24,-84.46,-170.2
52.421314,-1.534755,186.83,0.01,4,269.34,20 / 20,368309,2019-09-06 19:26:14:052,0.0232,-0.3462,9.7989,-0.0008,-0.0065,9.8066,-0.0019,0.0201,0.0112,3.69,-31.19,21.38,23.84,-84.46,-170.29
52.421314,-1.534755,186.83,0.01,4,269.34,20 / 21,368410,2019-09-06 19:26:14:153,0.0454,0.0318,10.0148,-0.0026,-0.0049,9.8066,-0.0238,-0.0208,-0.0156,3.69,-31.12,21.38,24.02,-84.42,-170.16
52.421314,-1.534755,186.83,0.01,4,269.34,20 / 21,368509,2019-09-06 19:26:14:252,-0.2041,0.1464,9.8995,0.0024,-0.0031,9.8065,-0.0093,-0.0223,-0.0102,3.88,-30.87,21.69,23.19,-84.42,-170.26
52.421314,-1.534755,186.83,0.01,4,269.34,20 / 21,368610,2019-09-06 19:26:14:353,0.0837,0.1891,9.8968,0.0012,0.0025,9.8066,0.0062,-0.0222,-0.0284,4.13,-30.94,21.75,23.05,-84.44,-170.37
52.421314,-1.534755,186.83,0.01,4,269.34,20 / 21,368709,2019-09-06 19:26:14:452,-0.0743,-0.2497,9.694,0.0011,0.0034,9.8066,0.0278,-0.035,-0.0103,3.81,-30.62,22.25,22.93,-84.45,-170.47
52.421314,-1.534755,186.83,0.01,4,269.34,20 / 21,368810,2019-09-06 19:26:14:553,-0.085,0.2807,10.0809,0.0002,-0.0018,9.8066,-0.0033,-0.0201,-0.0194,3.81,-31,21.56,22.95,-84.45,-170.45
52.421314,-1.534755,186.83,0.01,4,269.34,20 / 21,368910,2019-09-06 19:26:14:653,-0.0687,0.1884,9.9912,-0.0013,-0.0029,9.8066,0.0124,-0.02,-0.0252,3.38,-30.87,21.88,20.02,-84.43,-170.49
52.421314,-1.534755,186.83,0.01,4,269.34,20 / 21,369009,2019-09-06 19:26:14:752,-0.1441,0.0078,9.7258,0.0018,0.0028,9.8065,0.0311,-0.0182,-0.0062,3.69,-31.44,21.81,22.98,-84.43,-170.44
52.421314,-1.534755,186.83,0.01,4,269.34,20 / 21,369109,2019-09-06 19:26:14:852,-0.0197,-0.3099,9.8125,-0.0008,0.001,9.8066,0.0044,0.0052,-0.016,3.94,-31.75,22.06,23.08,-84.43,-170.44
52.421314,-1.534755,186.83,0.01,4,269.34,20 / 21,369209,2019-09-06 19:26:14:952,-0.0633,0.2405,9.8007,0.0001,0.0002,9.8066,0.0056,-0.0038,0.001,4,-31.37,21.94,22.91,-84.44,-170.49
52.421314,-1.534755,186.83,0.01,4,269.34,20 / 21,369310,2019-09-06 19:26:15:053,0.106,-0.0989,9.9773,0.0006,0.0032,9.8066,0.0033,0.0259,-0.0073,3.75,-31.37,21.81,22.92,-84.45,-170.48
52.421314,-1.534755,186.83,0.01,4,269.34,20 / 20,369410,2019-09-06 19:26:15:153,-0.0629,-0.0287,9.9977,0.0012,0.002,9.8066,0.0012,-0.0157,-0.0187,3.25,-31.81,21.5,20.02,-84.46,-170.56
52.421314,-1.534755,186.83,0.01,4,269.34,20 / 20,369509,2019-09-06 19:26:15:252,-0.0171,0.0845,9.6747,-0.0026,-0.0022,9.8066,-0.0182,-0.0208,-0.0157,4.13,-31.19,21.56,22.88,-84.45,-170.51
52.421314,-1.534755,186.83,0.01,4,269.34,20 / 20,369609,2019-09-06 19:26:15:352,0.0338,0.2116,10.1075,-0.0003,0.0017,9.8066,0.0098,-0.0396,-0.0097,3.63,-30.31,21.44,23.69,-84.44,-170.32
52.421314,-1.534755,186.83,0.01,4,269.34,20 / 20,369709,2019-09-06 19:26:15:452,-0.0625,-0.2186,9.8977,-0.0018,0.0011,9.8066,0.0075,-0.0291,-0.0247,3.81,-31.31,21.38,24.11,-84.43,-170.07
52.421314,-1.534755,186.83,0.01,4,269.34,20 / 20,369810,2019-09-06 19:26:15:553,0.0329,0.1275,10.0612,0.0004,-0.0011,9.8066,-0.0166,-0.0334,-0.0266,3.25,-31.5,21.94,20.46,-84.43,-170.11
52.421314,-1.534755,186.83,0.01,4,269.34,20 / 20,369909,2019-09-06 19:26:15:652,0.1114,-0.0464,9.5948,-0.0001,-0.001,9.8066,-0.0125,-0.0308,-0.0215,3.19,-30.62,22,20.46,-84.42,-170.11
52.421314,-1.534755,186.83,0.01,4,269.34,20 / 20,370010,2019-09-06 19:26:15:753,-0.0316,-0.2405,9.8682,-0.0006,-0.0024,9.8066,0.0193,-0.0329,-0.027,3.63,-31.06,21.56,23.26,-84.42,-170.2
52.421314,-1.534755,186.83,0.01,4,269.34,20 / 20,370109,2019-09-06 19:26:15:852,-0.0634,0.2114,10.1226,0.0001,-0.0056,9.8066,0.0202,-0.0415,-0.0216,3.38,-31.12,22.06,20.16,-84.43,-170.38
52.421314,-1.534755,186.83,0.01,4,269.34,20 / 20,370210,2019-09-06 19:26:15:953,-0.0515,0.1288,9.8616,-0.0011,-0.0051,9.8066,0.023,-0.0315,-0.0235,3.56,-31.25,22,23.01,-84.42,-170.41
52.421314,-1.534755,186.83,0.01,4,269.34,20 / 20,370310,2019-09-06 19:26:16:053,0.0005,-0.4022,9.8658,-0.0015,-0.0034,9.8066,-0.0138,-0.033,-0.0224,3.88,-31.19,21.63,23.19,-84.39,-170.28
52.421314,-1.534755,186.83,0.01,4,269.34,20 / 20,370409,2019-09-06 19:26:16:152,0.0288,0.2868,10.1058,-0.0043,0.0043,9.8066,0.0139,-0.0356,-0.0217,3.5,-31.12,21.63,23.52,-84.39,-169.99
52.421314,-1.534755,186.83,0.01,4,269.34,20 / 20,370510,2019-09-06 19:26:16:253,-0.0317,-0.1956,9.9024,-0.0003,0.0011,9.8066,0.0183,-0.0216,-0.0279,3.56,-31.37,21.75,23.51,-84.4,-170
52.421314,-1.534755,186.83,0.01,4,269.34,20 / 20,370609,2019-09-06 19:26:16:352,0.0391,0.2597,10.0859,0.0002,0.0014,9.8066,0.019,-0.0334,-0.0154,3.75,-31.06,21.56,23.51,-84.4,-169.99
52.421314,-1.534755,186.83,0.01,4,269.34,20 / 20,370710,2019-09-06 19:26:16:453,-0.0627,0.1166,9.6937,0.0001,-0.0002,9.8066,-0.0003,-0.0195,-0.0199,4.38,-30.94,22.25,23.56,-84.4,-169.95
52.421314,-1.534755,186.83,0.01,4,269.34,20 / 20,370809,2019-09-06 19:26:16:552,-0.0739,-0.1472,9.9937,-0.0009,-0.0016,9.8066,0.0001,-0.0274,-0.02,3.19,-31.25,21.81,20.6,-84.41,-170
52.421314,-1.534755,186.83,0.01,4,269.34,20 / 20,370910,2019-09-06 19:26:16:653,-0.1062,0.2561,10.0787,0.0018,0.0036,9.8066,0.0335,-0.0265,-0.0114,3.81,-31,22.06,23.57,-84.42,-169.93
52.421314,-1.534755,186.83,0.01,4,269.34,20 / 20,371009,2019-09-06 19:26:16:752,-0.1249,0.3433,9.9974,-0.0011,0.0015,9.8066,0.0074,-0.0131,-0.0282,3.88,-31.56,22.25,23.78,-84.42,-169.85
52.421314,-1.534755,186.83,0.01,4,269.34,20 / 20,371110,2019-09-06 19:26:16:853,0.0337,0.1467,9.6407,0.0005,-0.0014,9.8065,-0.0005,-0.0208,-0.0182,3.94,-30.81,22.25,23.62,-84.42,-169.89
52.421314,-1.534755,186.83,0.01,4,269.34,20 / 20,371209,2019-09-06 19:26:16:952,0.0539,0.0932,10.1015,-0.0001,0.001,9.8066,0.0039,-0.0061,-0.0203,3.94,-31.25,21.88,23.66,-84.42,-169.85
52.421314,-1.534755,186.83,0.01,4,269.34,20 / 20,371310,2019-09-06 19:26:17:053,-0.0887,0.1267,9.9264,-0.001,-0.0011,9.8066,0.0219,-0.0088,-0.0123,3.63,-30.94,21.63,23.54,-84.42,-169.95
52.421314,-1.534755,186.83,0.01,4,269.34,20 / 20,371409,2019-09-06 19:26:17:152,0.0384,0.1234,10.0692,0.0011,-0.0031,9.8066,-0.0013,-0.0028,-0.0004,3.38,-31.06,21.94,20.68,-84.42,-169.93
52.421314,-1.534755,186.83,0.01,4,269.34,19 / 20,371509,2019-09-06 19:26:17:252,-0.1084,0.17,9.6951,-0.0005,0.0018,9.8066,-0.0052,0.0154,-0.0056,3.75,-31.25,22.13,23.49,-84.43,-169.99
52.421314,-1.534755,186.83,0.01,4,269.34,19 / 20,371610,2019-09-06 19:26:17:353,0.0253,-0.0818,9.7566,0.0023,0.003,9.8066,0.0095,0.0231,0.011,4,-31.31,21.56,23.41,-84.45,-170.05
52.421314,-1.534755,186.83,0.01,4,269.34,19 / 20,371711,2019-09-06 19:26:17:454,-0.012,-0.4778,9.8922,0.0007,-0.0039,9.8066,0.0014,0.0323,0.0114,3.81,-31.37,22.38,23.28,-84.42,-170.18
52.421314,-1.534755,186.83,0.01,4,269.34,19 / 20,371809,2019-09-06 19:26:17:552,-0.1982,0.1589,9.9487,-0.0006,-0.0046,9.8066,-0.0177,0.0193,-0.0002,3.81,-31.5,22.25,23.18,-84.43,-170.26
52.421314,-1.534755,186.83,0.01,4,269.34,19 / 20,371910,2019-09-06 19:26:17:653,-0.0295,0.1136,9.7286,0.0017,0.0035,9.8066,-0.0102,0.0214,0.0154,3.44,-31.5,22.19,20.44,-84.42,-170.13
52.421314,-1.534755,186.83,0.01,4,269.34,19 / 20,372010,2019-09-06 19:26:17:753,0.0464,-0.329,9.8499,0.0002,0.0048,9.8066,-0.0103,0.0091,0.0101,4.06,-31.12,21.88,23.33,-84.44,-170.12
52.421314,-1.534755,186.83,0.01,4,269.34,19 / 20,372110,2019-09-06 19:26:17:853,-0.12,0.1746,9.9915,-0.0004,-0.0027,9.8066,-0.0217,-0.0063,0.0008,3.88,-31.37,21.06,24.18,-84.44,-170.01
52.421314,-1.534755,186.83,0.01,4,269.34,19 / 20,372209,2019-09-06 19:26:17:952,-0.0431,0.1019,9.8188,0.0002,-0.0038,9.8066,-0.0014,-0.0155,-0.0135,3.81,-31.5,22.19,23.32,-84.42,-170.14
52.421314,-1.534755,186.83,0.01,4,269.34,19 / 20,372310,2019-09-06 19:26:18:053,0.1333,-0.1394,9.7267,0.001,0.0036,9.8066,0.0088,-0.0287,-0.0051,3.06,-31.37,21.81,20.51,-84.45,-170.06
52.421314,-1.534755,186.83,0.01,4,269.34,20 / 20,372409,2019-09-06 19:26:18:152,-0.0462,0.0437,10.0361,0.0003,0.0049,9.8066,0.0154,-0.0246,-0.0193,3.75,-30.94,21.44,24.32,-84.45,-169.88
52.421314,-1.534755,186.83,0.01,4,269.34,20 / 20,372509,2019-09-06 19:26:18:252,-0.0734,-0.1341,9.6157,-0.0013,-0.0037,9.8066,-0.0194,-0.0324,-0.0155,4,-31.31,21.81,23.51,-84.43,-169.97
52.421314,-1.534755,186.83,0.01,4,269.34,20 / 20,372609,2019-09-06 19:26:18:352,0.1579,-0.1442,9.9315,-0.0007,-0.0016,9.8066,0.0352,-0.0442,-0.0188,3.69,-31.37,21.81,23.7,-84.44,-169.8
52.421314,-1.534755,186.83,0.01,4,269.34,20 / 20,372710,2019-09-06 19:26:18:453,-0.0416,0.2053,10.0612,0.0001,0.0025,9.8066,0.0206,-0.0196,-0.0231,3.69,-30.75,22.19,23.65,-84.44,-169.84
52.421314,-1.534755,186.83,0.01,4,269.34,20 / 20,372809,2019-09-06 19:26:18:552,-0.0061,0.3273,10.0568,0.002,0.0037,9.8066,-0.0075,-0.0269,-0.0138,3.94,-31.44,21.88,23.68,-84.47,-169.8
52.421314,-1.534755,186.83,0.01,4,269.34,20 / 20,372911,2019-09-06 19:26:18:654,0.0414,0.1499,9.6376,0.0009,0.0009,9.8066,-0.0022,-0.0142,-0.0256,3.88,-31.5,22.31,23.76,-84.45,-169.74
52.421314,-1.534755,186.83,0.01,4,269.34,20 / 20,373009,2019-09-06 19:26:18:752,-0.0204,0.0523,10.0288,0.0006,-0.0005,9.8066,0.0002,-0.0226,-0.013,3,-31.37,21.81,20.68,-84.46,-169.9
52.421314,-1.534755,186.83,0.01,4,269.34,20 / 20,373111,2019-09-06 19:26:18:854,-0.1202,-0.1335,9.6723,0.0029,0.001,9.8066,0.0341,-0.0185,-0.0066,3.56,-31.06,22,23.48,-84.46,-169.99
52.421314,-1.534755,186.83,0.01,4,269.34,20 / 20,373210,2019-09-06 19:26:18:953,-0.0787,-0.4219,9.8198,-0.0005,0.0016,9.8066,0,0.0042,-0.0182,4.06,-31,21.56,23.55,-84.45,-169.92
52.421314,-1.534755,186.83,0.01,4,269.34,20 / 20,373310,2019-09-06 19:26:19:053,0.0397,0.0596,10.0662,-0.0012,-0.0055,9.8066,0.0024,-0.0059,-0.0065,3.94,-30.62,21.81,23.35,-84.43,-170.12
52.421314,-1.534755,186.83,0.01,4,269.34,19 / 20,373410,2019-09-06 19:26:19:153,0.0434,0.2734,10.1443,0.0024,0.0056,9.8066,0.0345,-0.0065,-0.0089,3.88,-31.25,22.13,23.31,-84.44,-170.15
52.421314,-1.534755,186.83,0.01,4,269.34,19 / 20,373510,2019-09-06 19:26:19:253,0.03,0.2125,9.9683,-0.0016,-0.0056,9.8066,-0.0433,0.0021,0.0124,3.56,-30.69,21.63,23.44,-84.47,-170.01
52.421314,-1.534755,186.83,0.01,4,269.34,19 / 20,373610,2019-09-06 19:26:19:353,-0.0125,-0.3316,9.6535,-0.0012,-0.0047,9.8066,-0.038,-0.0057,0.0088,3.5,-30.81,22,23.42,-84.44,-170.04
52.421314,-1.534755,186.83,0.01,4,269.34,19 / 20,373709,2019-09-06 19:26:19:452,-0.0816,0.3598,9.8708,-0.0016,-0.0067,9.8066,-0.0103,-0.0146,0.0035,3.75,-30.94,22,23.41,-84.45,-170.04
52.421314,-1.534755,186.83,0.01,4,269.34,19 / 20,373809,2019-09-06 19:26:19:552,-0.065,-0.2419,9.889,0.0003,0.0014,9.8066,-0.0044,-0.0052,-0.0068,3.5,-31,21.94,23.49,-84.51,-169.95
52.421314,-1.534755,186.83,0.01,4,269.34,19 / 20,373910,2019-09-06 19:26:19:653,-0.1306,0.109,9.8446,0.0012,-0.0007,9.8066,-0.0352,-0.0113,-0.0042,3.69,-30.87,21.88,23.41,-84.5,-170.02
52.421314,-1.534755,186.83,0.01,4,269.34,19 / 20,374010,2019-09-06 19:26:19:753,-0.071,-0.1032,10.0007,-0.0005,0.0012,9.8066,-0.0291,-0.0182,-0.0003,3.13,-31.19,22.31,20.42,-84.5,-170.1
52.421314,-1.534755,186.83,0.01,4,269.34,19 / 20,374109,2019-09-06 19:26:19:852,-0.0015,0.0322,10.041,0.0014,0.0012,9.8066,0.0088,-0.0209,-0.0196,3.44,-31.31,21.88,20.4,-84.5,-170.13
52.421314,-1.534755,186.83,0.01,4,269.34,19 / 20,374210,2019-09-06 19:26:19:953,-0.0987,0.2445,9.9591,0.0007,0.002,9.8066,0.0051,-0.0332,-0.0124,3.81,-31.12,21.38,23.92,-84.5,-170.19
52.421314,-1.534755,186.83,0.01,4,269.34,19 / 20,374309,2019-09-06 19:26:20:052,-0.094,-0.3303,9.6643,-0.0002,-0.0041,9.8066,-0.0053,-0.0244,-0.0163,3.88,-31.25,21.94,23.21,-84.49,-170.2
52.421314,-1.534755,186.83,0.01,4,269.34,20 / 21,374410,2019-09-06 19:26:20:153,0.0265,-0.0037,9.7221,0.0002,-0.0022,9.8066,-0.0253,-0.0298,-0.0221,3.75,-30.56,21.06,23.9,-84.5,-170.22
52.421314,-1.534755,186.83,0.01,4,269.34,20 / 21,374510,2019-09-06 19:26:20:253,0.1753,-0.0385,9.9725,0.0014,0.0029,9.8066,0.0325,-0.0308,-0.012,3.69,-31.12,21.94,23.11,-84.49,-170.29
52.421314,-1.534755,186.83,0.01,4,269.34,20 / 21,374609,2019-09-06 19:26:20:352,-0.0561,0.1173,10.0099,0.002,0.0058,9.8066,0.0223,-0.0199,-0.0226,3.75,-30.62,21.25,23.79,-84.52,-170.3
52.421314,-1.534755,186.83,0.01,4,269.34,20 / 21,374710,2019-09-06 19:26:20:453,-0.0999,-0.4906,9.7088,-0.0027,-0.0049,9.8066,-0.0091,-0.0217,-0.0106,3.38,-30.69,22.19,20.23,-84.47,-170.29
52.421314,-1.534755,186.83,0.01,4,269.34,20 / 21,374810,2019-09-06 19:26:20:553,0.14,-0.298,9.6849,0.0008,-0.0084,9.8066,-0.0038,-0.0022,-0.0194,3.63,-31.31,21.94,22.97,-84.47,-170.43
52.421314,-1.534755,186.83,0.01,4,269.34,20 / 21,374909,2019-09-06 19:26:20:652,0.0791,0.1433,9.9612,0.0011,0.0061,9.8066,-0.0063,-0.0169,-0.0096,3.38,-30.81,21.88,20.11,-84.47,-170.39
52.421314,-1.534755,186.83,0.01,4,269.34,20 / 21,375010,2019-09-06 19:26:20:753,-0.15,-0.1623,9.7178,0.0004,0.0061,9.8066,0.0356,-0.0097,-0.0048,3.56,-31.06,21.94,23.05,-84.49,-170.34
52.421314,-1.534755,186.83,0.01,4,269.34,20 / 21,375110,2019-09-06 19:26:20:853,-0.147,-0.3558,9.9434,-0.0022,-0.007,9.8066,0.0373,-0.0033,-0.0058,3.75,-31.19,21.75,23.16,-84.49,-170.25
52.421314,-1.534755,186.83,0.01,4,269.34,20 / 21,375209,2019-09-06 19:26:20:952,-0.0732,0.2366,9.7779,-0.0011,-0.0043,9.8066,-0.0028,-0.0068,0.0043,3.81,-30.69,22,23.14,-84.45,-170.28
52.421314,-1.534755,186.83,0.01,4,269.34,20 / 21,375310,2019-09-06 19:26:21:053,-0.1013,0.0837,9.8345,0.003,0.0052,9.8066,0.0363,0.0054,0.0066,3.88,-31.25,21.69,23.11,-84.49,-170.28
52.421314,-1.534755,186.83,0.01,4,269.34,20 / 21,375409,2019-09-06 19:26:21:152,0.0668,-0.2822,9.7334,0.0009,0.0057,9.8066,0.0067,0.0165,0.0012,3.81,-31.31,22.13,23.19,-84.47,-170.22
52.421314,-1.534755,186.83,0.01,4,269.34,20 / 21,375509,2019-09-06 19:26:21:252,-0.0993,-0.2369,10.0058,-0.0034,-0.008,9.8066,-0.0064,0.0288,0.0147,3.69,-31.44,22.31,23.33,-84.48,-170.1
52.421314,-1.534755,186.83,0.01,4,269.34,20 / 21,375610,2019-09-06 19:26:21:353,0.1417,0.2283,10.0799,0.0002,-0.0071,9.8066,-0.0069,0.0286,-0.0011,3.5,-31.31,22.06,23.3,-84.45,-170.15
52.421314,-1.534755,186.83,0.01,4,269.34,20 / 21,375709,2019-09-06 19:26:21:452,0.0407,0.104,9.9016,0,0.0053,9.8066,-0.0018,0.0227,0.019,3.56,-30.5,21.44,23.71,-84.44,-170.31
52.421314,-1.534755,186.83,0.01,4,269.34,20 / 21,375810,2019-09-06 19:26:21:553,-0.1449,-0.2453,9.7302,0.0005,0.0027,9.8065,-0.0041,0.0338,0.0109,4,-31,21.5,23.3,-84.47,-170.13
52.421314,-1.534755,186.83,0.01,4,269.34,20 / 21,375909,2019-09-06 19:26:21:652,-0.1976,0.2047,10.0615,-0.0002,-0.002,9.8066,-0.0098,0.0177,0.0178,3.81,-30.94,21.69,23.43,-84.45,-170.03
52.421314,-1.534755,186.83,0.01,4,269.34,20 / 21,376010,2019-09-06 19:26:21:753,0.1145,0.0215,9.6519,0.0014,-0.0038,9.8066,0.0039,0.0287,0.0119,3.75,-31.25,21.63,23.28,-84.45,-170.16
52.421314,-1.534755,186.83,0.01,4,269.34,20 / 21,376109,2019-09-06 19:26:21:852,0.0319,0.1422,10.0375,0,0.0033,9.8066,-0.0277,0.0221,0.0162,3.75,-31.37,21.75,23.24,-84.47,-170.18
52.421314,-1.534755,186.83,0.01,4,269.34,20 / 21,376210,2019-09-06 19:26:21:953,-0.0604,-0.1388,9.7521,-0.0021,0.0014,9.8066,-0.0305,0.0107,0.0234,4,-31.56,21.81,23.65,-84.46,-169.93
52.421314,-1.534755,186.83,0.01,4,269.34,20 / 21,376309,2019-09-06 19:26:22:052,-0.0518,-0.1465,9.9034,0.0002,-0.0018,9.8066,-0.0007,0.0079,-0.0046,3.44,-31.12,21.5,20.55,-84.46,-170.01
52.421314,-1.534755,186.83,0.01,4,269.34,20 / 21,376409,2019-09-06 19:26:22:152,-0.0055,0.1648,10.0067,0.0002,0.0009,9.8066,-0.0036,-0.0094,0.0028,3.19,-31.12,21.81,20.48,-84.46,-170.07
52.421314,-1.534755,186.83,0.01,4,269.34,20 / 21,376510,2019-09-06 19:26:22:253,-0.0209,0.0289,9.7557,0.0003,0.0009,9.8066,-0.0355,-0.0186,-0.0014,3.56,-30.87,21.88,23.34,-84.47,-170.1
52.421314,-1.534755,186.83,0.01,4,269.34,20 / 21,376610,2019-09-06 19:26:22:353,0.0272,0.176,9.7683,-0.0006,-0.0019,9.8066,-0.031,-0.015,-0.0094,3.5,-30.62,21.31,24.09,-84.47,-170.07
52.421314,-1.534755,186.83,0.01,4,269.34,20 / 21,376709,2019-09-06 19:26:22:452,0.1472,-0.1993,9.7235,0.0001,0.002,9.8066,-0.0194,-0.0116,-0.0059,3.44,-31.44,21.63,20.54,-84.48,-170.02
52.421314,-1.534755,186.83,0.01,4,269.34,20 / 21,376809,2019-09-06 19:26:22:552,-0.0692,0.0444,9.9986,0.0028,0.0013,9.8066,0.011,-0.0167,-0.024,3.94,-31.19,21.44,23.93,-84.49,-170.19
52.421314,-1.534755,186.83,0.01,4,269.34,20 / 21,376910,2019-09-06 19:26:22:653,-0.1095,0.0918,9.8006,-0.0008,-0.0023,9.8066,0.025,-0.026,-0.0112,3.63,-31.19,21.69,23.15,-84.47,-170.26
52.421314,-1.534755,186.83,0.01,4,269.34,20 / 21,377009,2019-09-06 19:26:22:752,0.0563,-0.1754,9.856,-0.0011,-0.0051,9.8066,0.0032,-0.005,-0.0068,3.75,-30.75,21.63,23.13,-84.47,-170.28
52.421314,-1.534755,186.83,0.01,4,269.34,20 / 21,377109,2019-09-06 19:26:22:852,-0.0149,0.0276,10.0007,0.0001,0.0049,9.8066,0.001,-0.01,-0.0066,3.94,-31.25,21.13,24.05,-84.49,-170.09
52.421314,-1.534755,186.83,0.01,4,269.34,20 / 21,377210,2019-09-06 19:26:22:953,-0.0673,-0.3758,9.7105,-0.0035,-0.008,9.8066,0.0296,0.0091,-0.0031,3.75,-31.25,21.38,24.04,-84.49,-170.1
52.421314,-1.534755,186.83,0.01,4,269.34,20 / 21,377309,2019-09-06 19:26:23:052,-0.1399,-0.0732,10.099,-0.0015,-0.0072,9.8066,0.0245,0.0152,0.0116,3.31,-30.69,21.75,20.73,-84.48,-169.85
52.421314,-1.534755,186.83,0.01,4,269.34,19 / 20,377410,2019-09-06 19:26:23:153,-0.0017,0.1569,9.9948,-0.0026,-0.007,9.8066,-0.0103,0.0213,0.0171,3.81,-31.06,21.81,23.7,-84.45,-169.8
52.421314,-1.534755,186.83,0.01,4,269.34,19 / 20,377510,2019-09-06 19:26:23:253,-0.1746,0.1111,9.8438,0.0022,0.0059,9.8066,-0.0131,0.0304,0.0013,3.38,-31.62,21.63,20.98,-84.49,-169.72
52.421314,-1.534755,186.83,0.01,4,269.34,19 / 20,377609,2019-09-06 19:26:23:352,-0.072,-0.3577,9.6703,0,0.0052,9.8065,-0.0175,0.0183,0.0199,3.63,-30.69,21.94,23.87,-84.49,-169.63
52.421314,-1.534755,186.83,0.01,4,269.34,19 / 20,377709,2019-09-06 19:26:23:452,0.009,-0.3141,9.9718,-0.0013,-0.0037,9.8066,-0.0127,0.0372,0.0196,3.69,-31.19,21.63,23.79,-84.47,-169.7
52.421314,-1.534755,186.83,0.01,4,269.34,19 / 20,377809,2019-09-06 19:26:23:552,-0.0015,0.3388,10.1179,0.0009,0.0019,9.8066,-0.0106,0.0269,0.0143,3.69,-31.37,21.69,23.86,-84.48,-169.64
52.421314,-1.534755,186.83,0.01,4,269.34,19 / 20,377910,2019-09-06 19:26:23:653,-0.0255,-0.0914,9.7534,-0.0011,0.0018,9.8066,-0.0221,0.0176,0.0181,3.69,-30.87,21.19,24.64,-84.48,-169.59
52.421314,-1.534755,186.83,0.01,4,269.34,19 / 20,378010,2019-09-06 19:26:23:753,-0.0021,-0.1568,9.9865,0.0015,0.0029,9.8066,-0.022,0.0222,0.0164,3.13,-31.19,22.19,21.03,-84.5,-169.58
52.421314,-1.534755,186.83,0.01,4,269.34,19 / 20,378109,2019-09-06 19:26:23:852,-0.0059,-0.047,9.5711,0.0005,-0.0002,9.8066,-0.021,0.011,0.0108,3.69,-31.37,21.75,24.03,-84.49,-169.49
52.421314,-1.534755,186.83,0.01,4,269.34,19 / 20,378210,2019-09-06 19:26:23:953,-0.0455,-0.0384,10.0477,-0.0012,-0.001,9.8066,0.0043,0.0129,0.0117,3.69,-31.19,22.38,24.03,-84.49,-169.48
52.421314,-1.534755,186.83,0.01,4,269.34,19 / 20,378310,2019-09-06 19:26:24:053,-0.0812,-0.1321,9.6437,0.0016,0.0017,9.8066,-0.0207,0.0033,0.0127,3.81,-31.25,21.94,24.15,-84.49,-169.38
52.421314,-1.534755,186.83,0.01,4,269.34,19 / 19,378409,2019-09-06 19:26:24:152,-0.082,-0.4814,9.8434,0.0005,-0.0066,9.8066,-0.039,0.0002,0.0103,3.94,-31.56,21.81,23.92,-84.47,-169.69
52.421314,-1.534755,186.83,0.01,4,269.34,19 / 19,378510,2019-09-06 19:26:24:253,-0.0528,0.3387,9.882,-0.0015,-0.0058,9.8066,0.0103,0.0062,0.0064,3.81,-31.5,21.63,23.76,-84.47,-169.73
52.421314,-1.534755,186.83,0.01,4,269.34,19 / 19,378609,2019-09-06 19:26:24:352,-0.0868,0.2711,9.957,0.0019,0.0072,9.8066,-0.008,-0.009,0.0043,3.63,-31.37,22,23.73,-84.46,-169.76
52.421314,-1.534755,186.83,0.01,4,269.34,19 / 19,378710,2019-09-06 19:26:24:453,0.0056,-0.4278,9.7284,0.0012,0.0086,9.8066,-0.0404,-0.0159,0.0033,3.75,-30.44,21.94,23.75,-84.52,-169.61
52.421314,-1.534755,186.83,0.01,4,269.34,19 / 19,378810,2019-09-06 19:26:24:553,0.0176,-0.3056,9.9474,-0.0034,-0.0086,9.8066,-0.048,-0.0141,-0.0118,3.69,-31.62,21.56,23.99,-84.52,-169.59
52.421314,-1.534755,186.83,0.01,4,269.34,19 / 19,378909,2019-09-06 19:26:24:652,-0.1789,0.2318,9.9457,-0.0002,0.0034,9.8066,0.0226,-0.0325,-0.0067,3.5,-31.06,22,23.78,-84.5,-169.7
52.421314,-1.534755,186.83,0.01,4,269.34,19 / 19,379010,2019-09-06 19:26:24:753,-0.0455,-0.1613,9.7992,0.0028,0.003,9.8066,0.0247,-0.0214,-0.0213,3.81,-30.81,21.69,23.69,-84.53,-169.76
52.421314,-1.534755,186.83,0.01,4,269.34,19 / 19,379109,2019-09-06 19:26:24:852,-0.1488,0.0225,9.7862,-0.0011,-0.0032,9.8066,-0.0165,-0.0227,-0.0085,3.44,-31,21.94,20.82,-84.49,-169.76
52.421314,-1.534755,186.83,0.01,4,269.34,19 / 19,379210,2019-09-06 19:26:24:953,-0.1587,0.2017,9.9263,-0.0003,0.0021,9.8066,-0.006,-0.0076,-0.0129,3.5,-30.87,21.5,23.59,-84.5,-169.86
52.421314,-1.534755,186.83,0.01,4,269.34,19 / 19,379310,2019-09-06 19:26:25:053,-0.0552,-0.1047,9.8423,0.0006,0.0029,9.8066,0.0037,-0.0145,-0.0014,3.81,-31.12,21.56,23.73,-84.49,-169.75
52.421314,-1.534755,186.83,0.01,4,269.34,19 / 19,379410,2019-09-06 19:26:25:153,0.1349,-0.1151,9.9854,0.0006,-0.0005,9.8066,0.015,0.0145,0.0009,3.69,-31,21.63,23.75,-84.49,-169.73
52.421314,-1.534755,186.83,0.01,4,269.34,19 / 19,379510,2019-09-06 19:26:25:253,-0.1447,0.2374,9.8945,-0.0015,-0.0001,9.8066,-0.0024,0.0337,0.0082,4.19,-30.87,22.38,23.66,-84.49,-169.81
52.421314,-1.534755,186.83,0.01,4,269.34,19 / 19,379610,2019-09-06 19:26:25:353,-0.0415,-0.0385,9.731,0.0005,0.0021,9.8066,-0.0011,0.0267,0.0179,3.56,-31.31,21.69,23.71,-84.48,-169.77
52.421314,-1.534755,186.83,0.01,4,269.34,19 / 19,379709,2019-09-06 19:26:25:452,-0.014,0.2602,10.0316,0.0001,0.0042,9.8066,-0.0234,0.0229,0.0041,3.81,-31.44,21.69,23.8,-84.49,-169.68
52.421314,-1.534755,186.83,0.01,4,269.34,19 / 19,379809,2019-09-06 19:26:25:552,-0.0905,0.2157,9.926,-0.0008,-0.0049,9.8066,-0.0233,0.0102,0.0121,4.31,-30.44,21.75,23.61,-84.46,-169.77
52.421314,-1.534755,186.83,0.01,4,269.34,19 / 19,379910,2019-09-06 19:26:25:653,-0.0397,-0.0146,9.6468,0.0011,0.0052,9.8066,-0.0039,-0.0008,0.0011,3.5,-31.44,21.38,24.44,-84.45,-169.77
52.421314,-1.534755,186.83,0.01,4,269.34,19 / 19,380010,2019-09-06 19:26:25:753,-0.0087,0.3293,10.0883,0.0005,0.0048,9.8066,-0.0047,-0.0135,0.0038,3.81,-31.5,21.63,23.79,-84.48,-169.7
52.421314,-1.534755,186.83,0.01,4,269.34,19 / 19,380109,2019-09-06 19:26:25:852,-0.0017,-0.386,9.7541,0.0009,0.0055,9.8066,-0.0252,-0.0161,-0.0039,3.75,-31.12,21.69,23.87,-84.48,-169.63
52.421314,-1.534755,186.83,0.01,4,269.34,19 / 19,380209,2019-09-06 19:26:25:952,0.0255,-0.1137,10.0001,-0.0022,-0.0033,9.8066,-0.0306,-0.0255,-0.0077,3.75,-31.19,21.94,23.83,-84.47,-169.67
52.421314,-1.534755,186.83,0.01,4,269.34,19 / 19,380310,2019-09-06 19:26:26:053,0.043,0.1676,10.1201,0.0003,-0.0034,9.8066,0.013,-0.0386,-0.0131,3.38,-30.94,21.75,20.99,-84.46,-169.63
52.421314,-1.534755,186.83,0.01,4,269.34,19 / 19,380410,2019-09-06 19:26:26:153,0.0425,-0.2991,9.707,0.0011,0.0039,9.8066,0.019,-0.0221,-0.0272,3.5,-31.62,21.44,24.67,-84.44,-169.69
52.421314,-1.534755,186.83,0.01,4,269.34,19 / 19,380510,2019-09-06 19:26:26:253,0.0841,0.224,10.0122,-0.0012,-0.0023,9.8066,-0.0197,-0.0288,-0.0162,4,-31.5,21.56,23.73,-84.47,-169.75
52.421314,-1.534755,186.83,0.01,4,269.34,19 / 19,380610,2019-09-06 19:26:26:353,0.0988,-0.2243,9.6403,-0.0004,-0.0012,9.8066,-0.0043,-0.0128,-0.0196,4,-30.87,22.19,23.84,-84.46,-169.67
52.421314,-1.534755,186.83,0.01,4,269.34,19 / 19,380709,2019-09-06 19:26:26:452,-0.0621,-0.0086,10.0752,0.0001,-0.002,9.8066,0.0316,-0.0039,-0.0237,3.44,-31,21.13,21.39,-84.45,-169.79
52.421314,-1.534755,186.83,0.01,4,269.34,19 / 19,380810,2019-09-06 19:26:26:553,-0.0402,-0.1406,9.7139,0.0028,0.0012,9.8066,0.0345,-0.0115,-0.0077,3.94,-31.56,22.38,23.76,-84.45,-169.84
52.421314,-1.534755,186.83,0.01,4,269.34,19 / 19,380910,2019-09-06 19:26:26:653,-0.0756,-0.4079,9.884,-0.0013,-0.001,9.8066,-0.0029,0.0102,-0.0069,3.38,-31.06,21.81,20.68,-84.46,-169.9
52.421314,-1.534755,186.83,0.01,4,269.34,19 / 19,381009,2019-09-06 19:26:26:752,-0.0399,-0.1078,9.9408,-0.0001,0.0007,9.8066,0.0048,0.0046,0.0058,3.63,-31.19,22.44,23.65,-84.46,-169.83
52.421314,-1.534755,186.83,0.01,4,269.34,19 / 19,381110,2019-09-06 19:26:26:853,-0.0498,0.3572,10.063,-0.0002,-0.0008,9.8066,0.0231,0.0258,0.0037,4,-31.25,21.75,23.73,-84.47,-169.76
52.421314,-1.534755,186.83,0.01,4,269.34,19 / 19,381209,2019-09-06 19:26:26:952,0.0444,-0.0579,9.7471,-0.0009,-0.0036,9.8066,0.0145,0.0226,0.0082,3.81,-31.06,21.75,23.65,-84.46,-169.84
52.421314,-1.534755,186.83,0.01,4,269.34,19 / 19,381310,2019-09-06 19:26:27:053,0.05,-0.0675,10.0553,0.0001,-0.0042,9.8066,0.0054,0.0353,0.0136,4.19,-31.62,21.31,24.43,-84.45,-169.89
52.421314,-1.534755,186.83,0.01,4,269.34,18 / 20,381410,2019-09-06 19:26:27:153,0.0554,0.0032,9.5823,0.0008,0.0047,9.8066,0.0096,0.0358,0.0116,3.75,-31.5,21.38,24.33,-84.47,-169.86
52.421314,-1.534755,186.83,0.01,4,269.34,18 / 20,381509,2019-09-06 19:26:27:252,-0.0036,-0.2372,9.7016,0.0021,0.0051,9.8066,-0.0083,0.0278,0.0186,4.13,-31.06,21.56,23.55,-84.47,-169.91
52.421314,-1.534755,186.83,0.01,4,269.34,18 / 20,381610,2019-09-06 19:26:27:353,-0.0097,-0.4593,9.8099,-0.0011,-0.0028,9.8066,-0.0073,0.0389,0.0207,4.25,-30.69,21.88,23.52,-84.47,-169.94
52.421314,-1.534755,186.83,0.01,4,269.34,18 / 20,381709,2019-09-06 19:26:27:452,-0.2004,0.2278,10.0773,-0.0022,-0.0054,9.8066,-0.0073,0.0396,0.0081,3.94,-31.25,22,23.6,-84.46,-169.88
52.421314,-1.534755,186.83,0.01,4,269.34,18 / 20,381810,2019-09-06 19:26:27:553,-0.0414,-0.1052,9.6176,0.0026,0.0056,9.8066,0.0085,0.0335,0.0247,3.56,-31.37,21.69,23.7,-84.45,-169.79
52.421314,-1.534755,186.83,0.01,4,269.34,18 / 20,381910,2019-09-06 19:26:27:653,-0.0359,-0.4431,9.6313,-0.0018,-0.0065,9.8066,-0.024,0.0482,0.0173,3.19,-31.06,21.69,20.8,-84.49,-169.78
52.421314,-1.534755,186.83,0.01,4,269.34,18 / 20,382010,2019-09-06 19:26:27:753,-0.0505,-0.2501,9.9661,-0.0023,-0.0086,9.8066,-0.0244,0.024,0.0198,3.56,-31.19,22.13,23.78,-84.45,-169.73
52.421314,-1.534755,186.83,0.01,4,269.34,18 / 20,382109,2019-09-06 19:26:27:852,-0.0085,0.3358,10.0603,-0.0018,-0.0057,9.8066,0.0044,0.0318,0.0173,3.63,-31.25,21.88,23.82,-84.44,-169.69
52.421314,-1.534755,186.83,0.01,4,269.34,18 / 20,382209,2019-09-06 19:26:27:952,0.1084,-0.3147,9.5658,0.0013,0.0049,9.8066,-0.0112,0.0177,0.0132,4.19,-30.75,22.19,23.88,-84.46,-169.63
52.421314,-1.534755,186.83,0.01,4,269.34,18 / 19,382309,2019-09-06 19:26:28:052,-0.043,-0.1015,9.9951,0.0018,0.0056,9.8066,0.0077,0.024,0.0152,4.06,-31.31,22.19,23.88,-84.47,-169.63
52.421314,-1.534755,186.83,0.01,4,269.34,18 / 19,382410,2019-09-06 19:26:28:153,0.0231,-0.0291,10.0371,-0.0009,-0.004,9.8066,-0.0226,0.0258,0.0123,3.81,-31.37,21.19,24.61,-84.46,-169.62
52.421314,-1.534755,186.83,0.01,4,269.34,18 / 19,382509,2019-09-06 19:26:28:252,-0.135,0.2984,9.9171,0.0005,-0.005,9.8066,-0.0139,0.0156,0.0095,3.94,-31.25,21.88,23.75,-84.44,-169.75
52.421314,-1.534755,186.83,0.01,4,269.34,18 / 19,382610,2019-09-06 19:26:28:353,0.0105,0.0026,9.6526,0.0019,0.0064,9.8066,-0.0003,0.0136,0.0069,3.69,-31.62,21.81,23.94,-84.47,-169.68
52.421314,-1.534755,186.83,0.01,4,269.34,18 / 19,382709,2019-09-06 19:26:28:452,0.0559,0.3107,10.1387,0.0005,0.0048,9.8066,0.0344,0.003,-0.0013,4.19,-30.94,22.06,23.83,-84.47,-169.67
52.421314,-1.534755,186.83,0.01,4,269.34,18 / 19,382809,2019-09-06 19:26:28:552,-0.1058,0.2445,10.0229,0.0026,0.0062,9.8066,0.0065,0.0201,-0.0045,3.81,-31.12,21.75,23.82,-84.48,-169.67
52.421314,-1.534755,186.83,0.01,4,269.34,18 / 19,382909,2019-09-06 19:26:28:652,-0.0688,0.2072,9.7422,0.0012,0.0018,9.8066,0.0061,0.0167,0.0105,3.31,-31.37,22.63,20.39,-84.49,-169.69
52.421314,-1.534755,186.83,0.01,4,269.34,18 / 19,383010,2019-09-06 19:26:28:753,-0.1186,-0.2062,9.733,0.0001,0.0038,9.8066,0.0035,0.0358,0.0086,3.38,-30.94,21.81,20.89,-84.47,-169.72
52.421314,-1.534755,186.83,0.01,4,269.34,18 / 19,383109,2019-09-06 19:26:28:852,-0.0218,-0.1845,9.9813,-0.0008,-0.0058,9.8066,-0.0079,0.0184,0.0151,4,-31,21.88,23.68,-84.48,-169.79
52.421314,-1.534755,186.83,0.01,4,269.34,18 / 19,383210,2019-09-06 19:26:28:953,-0.0238,0.0756,9.7122,0.0004,0.0052,9.8066,-0.0058,0.0177,0.0103,4.06,-31.81,21.56,23.67,-84.44,-169.92
52.421314,-1.534755,186.83,0.01,4,269.34,18 / 19,383310,2019-09-06 19:26:29:053,0.1332,-0.2116,9.81,-0.0002,0.0041,9.8066,-0.0088,0.0037,0.0097,3.81,-31,21.94,23.7,-84.46,-169.79
52.421314,-1.534755,186.83,0.01,4,269.34,18 / 20,383409,2019-09-06 19:26:29:152,-0.0627,-0.086,10.0073,0.0006,0.006,9.8066,-0.0255,-0.018,-0.0017,3.75,-30.75,22.25,23.88,-84.46,-169.63
52.421314,-1.534755,186.83,0.01,4,269.34,18 / 20,383510,2019-09-06 19:26:29:253,0.0506,0.2897,9.9605,-0.0015,-0.003,9.8066,-0.0281,-0.0235,-0.0165,3.94,-30.69,21.38,24.59,-84.45,-169.65
52.421314,-1.534755,186.83,0.01,4,269.34,18 / 20,383609,2019-09-06 19:26:29:352,0.1228,-0.2838,9.8253,-0.0008,-0.0026,9.8066,-0.0108,-0.0258,-0.0121,3.69,-30.87,21.63,23.86,-84.44,-169.67
52.421314,-1.534755,186.83,0.01,4,269.34,18 / 20,383710,2019-09-06 19:26:29:453,0.0152,0.0801,9.7909,-0.0009,0.003,9.8066,0.013,-0.0185,-0.0212,4.13,-31.37,22.06,23.92,-84.45,-169.6
52.421314,-1.534755,186.83,0.01,4,269.34,18 / 20,383811,2019-09-06 19:26:29:554,0.0346,-0.1682,9.9445,-0.0016,-0.0022,9.8066,-0.0156,0.0334,0.0136,4.06,-31.37,21.5,23.77,-84.43,-169.75
52.421314,-1.534755,186.83,0.01,4,269.34,18 / 20,383909,2019-09-06 19:26:29:652,-0.107,0.2866,10.0314,-0.0003,-0.0044,9.8066,-0.0251,0.0261,0.0124,4,-31.12,21.06,24.39,-84.43,-169.83
52.421314,-1.534755,186.83,0.01,4,269.34,18 / 20,384010,2019-09-06 19:26:29:753,-0.0499,0.1504,9.6942,-0.0003,0.0037,9.8066,-0.0118,0.0173,0.0079,4.19,-31.12,21.31,24.41,-84.42,-169.82
52.421314,-1.534755,186.83,0.01,4,269.34,18 / 20,384110,2019-09-06 19:26:29:853,-0.0338,-0.4906,9.7172,0.0006,0.0014,9.8066,-0.0363,0.0281,0.01,3.56,-31,21.81,24.05,-84.44,-169.49
52.421314,-1.534755,186.83,0.01,4,269.34,18 / 20,384210,2019-09-06 19:26:29:953,-0.1035,0.0808,10.0718,-0.0003,-0.0009,9.8066,-0.0367,0.0097,0.0237,3.88,-31.44,22.13,24.09,-84.45,-169.45
52.421314,-1.534755,186.83,0.01,4,269.34,18 / 20,384310,2019-09-06 19:26:30:053,-0.0249,-0.2759,9.7298,0.0008,-0.0024,9.8066,-0.012,0.0107,0.0022,3.5,-31.69,21.88,24.05,-84.45,-169.59
52.421314,-1.534755,186.83,0.01,4,269.34,17 / 19,384409,2019-09-06 19:26:30:152,0.026,0.216,10.106,-0.0012,-0.0004,9.8066,-0.0118,-0.0077,0.0067,3.56,-31.44,21.63,24.05,-84.45,-169.49
52.421314,-1.534755,186.83,0.01,4,269.34,17 / 19,384510,2019-09-06 19:26:30:253,0.0402,-0.2749,9.701,-0.0003,-0.0012,9.8066,-0.0381,-0.0053,0.0037,4,-31.5,22.13,24.04,-84.45,-169.49
52.421314,-1.534755,186.83,0.01,4,269.34,17 / 19,384610,2019-09-06 19:26:30:353,0.0124,-0.4233,9.8969,0.0005,-0.0016,9.8066,-0.0458,-0.0038,-0.0007,3.81,-31.06,22.13,23.91,-84.46,-169.61
52.421314,-1.534755,186.83,0.01,4,269.34,17 / 19,384710,2019-09-06 19:26:30:453,-0.0495,0.2045,9.681,0.0003,0.0028,9.8066,0.002,-0.0222,-0.003,3.19,-31.62,21.88,21.1,-84.47,-169.62
52.421314,-1.534755,186.83,0.01,4,269.34,17 / 19,384809,2019-09-06 19:26:30:552,0.0587,-0.0222,9.7256,-0.0008,-0.0015,9.8066,0.0052,-0.0189,-0.016,3.75,-31.12,21.81,23.89,-84.47,-169.61
52.421314,-1.534755,186.83,0.01,4,269.34,17 / 19,384910,2019-09-06 19:26:30:653,0.1141,-0.0434,10.0492,0.0009,-0.0022,9.8066,-0.0325,-0.0298,-0.0161,3.38,-31.19,21.56,21.1,-84.47,-169.53
52.421314,-1.534755,186.83,0.01,4,269.34,17 / 19,385010,2019-09-06 19:26:30:753,-0.0666,0.3794,9.9653,-0.0005,-0.0029,9.8066,-0.0287,-0.0234,-0.0101,3.75,-30.56,21.19,24.45,-84.45,-169.76
52.421314,-1.534755,186.83,0.01,4,269.34,17 / 19,385110,2019-09-06 19:26:30:853,-0.0305,-0.2799,9.7753,0.0002,0.0014,9.8066,0.0136,-0.0284,-0.0189,3.81,-30.94,21.13,24.55,-84.45,-169.68
52.421314,-1.534755,186.83,0.01,4,269.34,17 / 19,385209,2019-09-06 19:26:30:952,-0.0273,0.2065,10.0817,-0.0003,0.0034,9.8066,0.0145,-0.0403,-0.0177,2.94,-31.31,21.25,21.58,-84.45,-169.62
52.421314,-1.534755,186.83,0.01,4,269.34,17 / 19,385309,2019-09-06 19:26:31:052,-0.0006,-0.3613,9.6682,-0.0012,-0.0079,9.8066,-0.0208,0.0258,0.0266,3.56,-31.25,21.31,24.62,-84.47,-169.61
52.421314,-1.534755,186.83,0.01,4,269.34,18 / 20,385410,2019-09-06 19:26:31:153,-0.0192,0.2561,9.7686,-0.003,-0.007,9.8066,0.0036,0.0252,0.0136,3.81,-30.56,22.25,23.89,-84.43,-169.64
52.421314,-1.534755,186.83,0.01,4,269.34,18 / 20,385510,2019-09-06 19:26:31:253,0.0277,-0.362,9.5831,0.0004,0.0068,9.8066,-0.0201,0.0258,0.0105,3.88,-31,21.56,23.91,-84.42,-169.63
52.421314,-1.534755,186.83,0.01,4,269.34,18 / 20,385609,2019-09-06 19:26:31:352,0.0267,-0.3903,9.8092,0.0012,0.0055,9.8066,-0.0166,0.0111,0.0229,3.69,-31.06,21.19,24.79,-84.47,-169.46
52.421314,-1.534755,186.83,0.01,4,269.34,18 / 20,385710,2019-09-06 19:26:31:453,0.1043,-0.0677,9.969,-0.0016,-0.0037,9.8066,-0.0271,0.0174,-0.0029,3.94,-31.37,22,24.21,-84.44,-169.35
52.421314,-1.534755,186.83,0.01,4,269.34,18 / 20,385809,2019-09-06 19:26:31:552,-0.071,0.273,9.8229,0.0009,-0.004,9.8066,0.0075,-0.0058,0.0064,3.56,-31.19,21.63,24.06,-84.45,-169.48
52.421314,-1.534755,186.83,0.01,4,269.34,18 / 20,385909,2019-09-06 19:26:31:652,-0.0107,0.058,9.9053,0.0013,0.0044,9.8066,0.0066,0,-0.0064,4.19,-31.44,21.75,24.22,-84.47,-169.33
52.421314,-1.534755,186.83,0.01,4,269.34,18 / 20,386009,2019-09-06 19:26:31:752,-0.0066,-0.2015,9.7544,0.0005,0.0026,9.8066,-0.0315,-0.0093,-0.0047,3,-31.56,22.06,21.38,-84.46,-169.38
52.421314,-1.534755,186.83,0.01,4,269.34,18 / 20,386109,2019-09-06 19:26:31:852,-0.0372,-0.1607,10.0334,-0.0015,-0.007,9.8066,-0.0269,-0.0232,-0.0023,3.56,-31.06,21.75,24.22,-84.47,-169.33
52.421314,-1.534755,186.83,0.01,4,269.34,18 / 20,386210,2019-09-06 19:26:31:953,-0.0524,-0.0947,10.0189,-0.0015,-0.0052,9.8066,-0.0086,-0.0138,-0.0141,3.5,-31.06,21.44,24.86,-84.42,-169.43
52.421314,-1.534755,186.83,0.01,4,269.34,18 / 20,386309,2019-09-06 19:26:32:052,-0.0993,0.3051,10.0817,0.0012,0.0005,9.8066,-0.0066,-0.0356,0.0046,3.56,-31.12,21.25,24.8,-84.43,-169.47
52.421314,-1.534755,186.83,0.01,4,269.34,17 / 20,386409,2019-09-06 19:26:32:152,0.054,-0.0712,9.6869,-0.0018,0.0018,9.8066,-0.017,-0.0273,-0.0204,4.13,-31.25,21.75,24.36,-84.43,-169.23
52.421314,-1.534755,186.83,0.01,4,269.34,17 / 20,386510,2019-09-06 19:26:32:253,-0.0072,-0.4693,9.7226,0,-0.0018,9.8066,-0.0319,-0.0256,-0.0176,3.81,-31.5,21.56,24.3,-84.43,-169.28
52.421314,-1.534755,186.83,0.01,4,269.34,17 / 20,386609,2019-09-06 19:26:32:352,0.0576,0.1243,10.1052,-0.0011,-0.001,9.8066,0.0088,-0.034,-0.0109,4.5,-31,21.94,27.19,-84.43,-169.22
52.421314,-1.534755,186.83,0.01,4,269.34,17 / 20,386711,2019-09-06 19:26:32:454,-0.0554,0.097,9.9655,-0.0003,0.0027,9.8066,0.0181,-0.0309,-0.0205,3.81,-31.44,21.25,25.16,-84.42,-169.17
52.421314,-1.534755,186.83,0.01,4,269.34,17 / 20,386810,2019-09-06 19:26:32:553,-0.0552,-0.1047,9.6701,0.0004,0.0013,9.8066,-0.0302,-0.0386,-0.0214,3.31,-30.87,21.44,22.19,-84.43,-169.11
52.421314,-1.534755,186.83,0.01,4,269.34,17 / 20,386909,2019-09-06 19:26:32:652,0.0926,-0.0751,9.558,0.0006,-0.0023,9.8065,-0.0091,-0.0322,-0.0169,3.56,-31,22.56,23.92,-84.42,-169.06
52.421314,-1.534755,186.83,0.01,4,269.34,17 / 20,387009,2019-09-06 19:26:32:752,-0.032,0.1411,10.1044,-0.0014,-0.0044,9.8066,-0.0233,-0.0292,-0.0245,3.69,-30.81,21.63,24.53,-84.4,-169.1
52.421314,-1.534755,186.83,0.01,4,269.34,17 / 20,387109,2019-09-06 19:26:32:852,-0.0363,-0.2554,9.6274,0.0016,0.0002,9.8066,0.0128,-0.0406,-0.0181,3.56,-31.06,21.69,24.51,-84.42,-169.11
52.421314,-1.534755,186.83,0.01,4,269.34,17 / 20,387210,2019-09-06 19:26:32:953,-0.0975,0.2777,10.0775,-0.0002,-0.001,9.8066,-0.0096,-0.0287,-0.0229,3.88,-30.62,21.63,24.58,-84.41,-169.04
52.421314,-1.534755,186.83,0.01,4,269.34,17 / 20,387310,2019-09-06 19:26:33:053,-0.0664,0.2685,9.8223,0.002,-0.0041,9.8066,-0.0066,-0.0402,-0.0158,3.44,-31.31,21.56,21.39,-84.4,-169.31
52.421314,-1.534755,186.83,0.01,4,269.34,17 / 21,387410,2019-09-06 19:26:33:153,0.0814,-0.2464,9.5999,0.001,0.004,9.8066,0.0208,-0.0354,-0.0185,3.88,-30.87,22.25,24.29,-84.42,-169.3
52.421314,-1.534755,186.83,0.01,4,269.34,17 / 21,387510,2019-09-06 19:26:33:253,0.0117,-0.408,9.6882,-0.0014,-0.0043,9.8065,0.025,-0.028,-0.0235,4,-31.12,21.69,24.35,-84.41,-169.25
52.421314,-1.534755,186.83,0.01,4,269.34,17 / 21,387610,2019-09-06 19:26:33:353,0.0304,-0.2577,9.9436,-0.0012,-0.0027,9.8066,-0.0088,-0.0242,-0.0188,4.13,-31.12,21.38,25.13,-84.41,-169.2
52.421314,-1.534755,186.83,0.01,4,269.34,17 / 21,387710,2019-09-06 19:26:33:453,-0.1462,0.338,9.9907,-0.0023,-0.0054,9.8066,0.0005,-0.0124,-0.019,3.94,-31.31,21.88,24.46,-84.4,-169.16
52.421314,-1.534755,186.83,0.01,4,269.34,17 / 21,387810,2019-09-06 19:26:33:553,-0.004,0.1095,9.6934,0.0016,0.0048,9.8066,-0.0006,-0.023,-0.0072,3.75,-30.75,21.25,25.29,-84.39,-169.07
52.421314,-1.534755,186.83,0.01,4,269.34,17 / 21,387909,2019-09-06 19:26:33:652,-0.1514,0.2038,9.9522,0.0023,0.0035,9.8066,0.0226,-0.0094,-0.0154,3.63,-30.75,21.81,24.48,-84.43,-169.13
52.421314,-1.534755,186.83,0.01,4,269.34,17 / 21,388010,2019-09-06 19:26:33:753,-0.0312,-0.2737,9.853,-0.0007,-0.0047,9.8066,0.0087,0.0026,-0.0096,3.5,-31.25,21.94,24.46,-84.39,-169.17
52.421314,-1.534755,186.83,0.01,4,269.34,17 / 21,388109,2019-09-06 19:26:33:852,-0.0311,0.0728,10.0472,0.0009,-0.0023,9.8066,0.0023,0.0005,-0.0044,3.75,-31.44,21.13,25.17,-84.41,-169.16
52.421314,-1.534755,186.83,0.01,4,269.34,17 / 21,388210,2019-09-06 19:26:33:953,0.1075,0.2451,9.8785,0.0002,0.0015,9.8066,0.032,0.0028,0.0053,3.63,-31.62,21.69,24.5,-84.41,-169.23
52.421314,-1.534755,186.83,0.01,4,269.34,17 / 21,388309,2019-09-06 19:26:34:052,0.0459,-0.2588,9.7002,0.0013,0.0051,9.8066,0.0169,0.0123,-0.0014,3.63,-31.37,21.88,24.45,-84.42,-169.16
52.421314,-1.534755,186.83,0.01,4,269.34,18 / 21,388410,2019-09-06 19:26:34:153,-0.1789,0.1343,9.8801,-0.0001,0.0002,9.8066,0.0321,0.0091,-0.0001,4,-31,21.88,24.48,-84.42,-169.13
52.421314,-1.534755,186.83,0.01,4,269.34,18 / 21,388509,2019-09-06 19:26:34:252,0.1256,-0.1358,9.5604,-0.0007,-0.006,9.8066,-0.0407,-0.0091,0.0025,3.69,-30.44,21.19,25.04,-84.39,-169.18
52.421314,-1.534755,186.83,0.01,4,269.34,18 / 21,388609,2019-09-06 19:26:34:352,0.021,0.2317,10.1142,0.0009,0.0094,9.8066,0.0093,-0.0111,-0.0068,3.44,-31.25,21.13,22.26,-84.44,-169.04
52.421314,-1.534755,186.83,0.01,4,269.34,18 / 21,388709,2019-09-06 19:26:34:452,-0.0646,0.118,9.8352,0.0025,0.0056,9.8066,0.0265,0.018,0.0083,3.38,-31,21.81,21.54,-84.44,-169.17
52.421314,-1.534755,186.83,0.01,4,269.34,18 / 21,388810,2019-09-06 19:26:34:553,-0.1347,0.2057,9.9963,-0.0011,-0.0045,9.8066,0.007,0.0203,0.0029,3.81,-31.31,21.75,24.44,-84.43,-169.16
52.421314,-1.534755,186.83,0.01,4,269.34,18 / 21,388909,2019-09-06 19:26:34:652,-0.0443,-0.0452,9.7286,-0.0018,-0.0048,9.8066,0.0087,0.0185,0.0083,3.94,-31.19,21.5,24.48,-84.42,-169.13
52.421314,-1.534755,186.83,0.01,4,269.34,18 / 21,389010,2019-09-06 19:26:34:753,-0.0211,0.3246,10.1428,0.0017,0.0032,9.8066,0.0096,0.0313,0.0035,3.56,-30.75,21.75,24.33,-84.44,-169.25
52.421314,-1.534755,186.83,0.01,4,269.34,18 / 21,389110,2019-09-06 19:26:34:853,0.0899,-0.324,9.778,0.0026,0.0062,9.8066,0.0011,0.0213,0.0079,3.75,-31,22.06,24.32,-84.46,-169.25
52.421314,-1.534755,186.83,0.01,4,269.34,18 / 21,389210,2019-09-06 19:26:34:953,0.0092,-0.0768,10.0064,-0.0023,-0.0064,9.8066,0.0136,0.0279,0.0126,4.13,-30.94,21.63,24.32,-84.47,-169.24
52.421314,-1.534755,186.83,0.01,4,269.34,18 / 21,389310,2019-09-06 19:26:35:053,-0.1239,0.2533,9.9041,-0.0013,-0.0039,9.8066,0.0011,0.0336,0.0093,3.56,-30.87,21.44,25.2,-84.44,-169.12
52.421314,-1.534755,186.83,0.01,4,269.34,19 / 21,389409,2019-09-06 19:26:35:152,0.0328,0.086,10.0066,0.0019,0.0064,9.8066,0.0105,0.0373,0.0156,4,-31.19,21.63,24.45,-84.43,-169.15
52.421314,-1.534755,186.83,0.01,4,269.34,19 / 21,389510,2019-09-06 19:26:35:253,0.0414,-0.5119,9.8229,0.0017,0.0055,9.8066,0.0038,0.039,0.0116,4.06,-31.19,21.44,25.09,-84.46,-169.2
52.421314,-1.534755,186.83,0.01,4,269.34,19 / 21,389609,2019-09-06 19:26:35:352,-0.0637,0.2987,10.1035,-0.0015,-0.0038,9.8066,-0.0035,0.0345,0.0227,3.63,-31.19,21.56,24.38,-84.43,-169.21
52.421314,-1.534755,186.83,0.01,4,269.34,19 / 21,389709,2019-09-06 19:26:35:452,-0.0478,0.2733,9.8438,-0.0011,-0.0047,9.8066,0.01,0.0297,0.0175,3.56,-31.37,21.94,24.42,-84.43,-169.18
52.421314,-1.534755,186.83,0.01,4,269.34,19 / 21,389810,2019-09-06 19:26:35:553,-0.0814,-0.3253,9.6802,0.0018,0.0052,9.8066,-0.0098,0.0287,0.0095,3.75,-31.44,22.25,24.35,-84.42,-169.24
52.421314,-1.534755,186.83,0.01,4,269.34,19 / 21,389909,2019-09-06 19:26:35:652,-0.0538,-0.0351,10.027,-0.0011,-0.0062,9.8065,-0.0176,0.0136,0.0217,3.81,-30.62,21.81,24,-84.42,-169.55
52.421314,-1.534755,186.83,0.01,4,269.34,19 / 21,390009,2019-09-06 19:26:35:752,-0.0372,0.0311,9.7012,-0.0012,-0.005,9.8065,-0.0075,0.0211,0.0106,3.69,-31,21.88,24.04,-84.41,-169.52
52.421314,-1.534755,186.83,0.01,4,269.34,19 / 21,390110,2019-09-06 19:26:35:853,0.0572,0.2159,10.0745,-0.0001,0.0044,9.8066,-0.0241,0.0071,0.0111,4.25,-31,21.56,24.1,-84.44,-169.45
52.421314,-1.534755,186.83,0.01,4,269.34,19 / 21,390209,2019-09-06 19:26:35:952,-0.0447,-0.0041,9.8618,0.0008,0.0037,9.8065,-0.0243,-0.0051,0.0088,4.06,-30.87,21.25,24.8,-84.44,-169.47
52.421314,-1.534755,186.83,0.01,4,269.34,19 / 21,390311,2019-09-06 19:26:36:054,-0.1215,-0.3598,9.6334,-0.0002,-0.0038,9.8066,-0.0427,0.0024,-0.0015,3.44,-31.19,22.38,21.2,-84.42,-169.48
52.421314,-1.534755,186.83,0.01,4,269.34,18 / 21,390409,2019-09-06 19:26:36:152,0.1184,-0.1319,9.9243,-0.0005,-0.0031,9.8066,-0.0071,-0.0161,0.0002,3.69,-31,21.5,24.01,-84.41,-169.55
52.421314,-1.534755,186.83,0.01,4,269.34,18 / 21,390510,2019-09-06 19:26:36:253,-0.0281,0.1894,10.09,-0.0003,0.0036,9.8066,0.0047,-0.0161,-0.0126,3.88,-30.75,21.25,24.89,-84.42,-169.4
52.421314,-1.534755,186.83,0.01,4,269.34,18 / 21,390609,2019-09-06 19:26:36:352,-0.0427,0.0387,9.7914,0.0014,0.0035,9.8066,-0.0342,-0.0259,-0.0057,3.63,-31.31,21.63,24.1,-84.42,-169.46
52.421314,-1.534755,186.83,0.01,4,269.34,18 / 21,390709,2019-09-06 19:26:36:452,0.0269,-0.1546,9.5533,-0.0007,-0.0022,9.8066,-0.0224,-0.0208,-0.0135,3.75,-31.12,21.69,24.14,-84.41,-169.43
52.421314,-1.534755,186.83,0.01,4,269.34,18 / 21,390809,2019-09-06 19:26:36:552,0.0132,-0.2574,9.8014,-0.0019,-0.0039,9.8066,-0.0312,-0.0261,-0.018,4.25,-31.19,21.81,24.15,-84.4,-169.43
52.421314,-1.534755,186.83,0.01,4,269.34,18 / 21,390909,2019-09-06 19:26:36:652,-0.1316,0.2471,9.9474,0.0008,0.0035,9.8066,0.0211,-0.0311,-0.0098,3.31,-31.06,22.13,21.37,-84.44,-169.32
52.421314,-1.534755,186.83,0.01,4,269.34,18 / 21,391009,2019-09-06 19:26:36:752,-0.1019,-0.3224,9.7007,-0.0014,0.0031,9.8066,-0.0098,-0.0163,-0.0217,3.56,-31.37,21.63,24.47,-84.43,-169.14
52.421314,-1.534755,186.83,0.01,4,269.34,18 / 21,391110,2019-09-06 19:26:36:853,0.0229,-0.1738,9.9676,0.0004,-0.0031,9.8066,-0.0069,-0.024,-0.0142,3.75,-31.06,21.88,24.25,-84.42,-169.33
52.421314,-1.534755,186.83,0.01,4,269.34,18 / 21,391209,2019-09-06 19:26:36:952,0.175,0.1072,10.0178,0.0012,-0.0001,9.8066,0.03,-0.0139,-0.0111,3.63,-31.06,21.81,24.11,-84.42,-169.46
52.421314,-1.534755,186.83,0.01,4,269.34,18 / 21,391309,2019-09-06 19:26:37:052,0.0595,-0.1692,9.7113,-0.001,-0.001,9.8066,0.028,-0.0082,-0.0147,3.38,-31.19,21.69,21.19,-84.42,-169.48
52.421314,-1.534755,186.83,0.01,4,269.34,18 / 20,391410,2019-09-06 19:26:37:153,-0.0834,-0.5342,9.84,-0.0001,0,9.8066,0.0058,-0.0056,-0.0006,3.75,-31.25,21.56,24.17,-84.42,-169.4
52.421314,-1.534755,186.83,0.01,4,269.34,18 / 20,391509,2019-09-06 19:26:37:252,-0.1162,0.2573,10.0271,0.0003,0.0051,9.8066,0.0027,0.0122,-0.0096,4.06,-31.37,21.56,24.32,-84.44,-169.26
52.421314,-1.534755,186.83,0.01,4,269.34,18 / 20,391609,2019-09-06 19:26:37:352,0.0293,0.0114,9.8704,0.0013,0.002,9.8066,0.014,0.0124,-0.002,3.63,-31.25,21.56,24.25,-84.45,-169.32
52.421314,-1.534755,186.83,0.01,4,269.34,18 / 20,391710,2019-09-06 19:26:37:453,-0.0164,-0.2955,9.937,-0.0001,-0.001,9.8066,0.039,0.0109,0.0089,3.94,-31.31,21.75,24.2,-84.44,-169.36
52.421314,-1.534755,186.83,0.01,4,269.34,18 / 20,391810,2019-09-06 19:26:37:553,0.0023,0.187,9.6441,-0.0016,-0.0048,9.8066,0.0146,0.0279,0.0045,3.88,-31.12,21.06,24.86,-84.42,-169.43
52.421314,-1.534755,186.83,0.01,4,269.34,18 / 20,391909,2019-09-06 19:26:37:652,0.0199,-0.0684,10.0147,0.0017,0.0044,9.8066,0.0083,-0.0196,-0.0172,3.81,-30.87,21.88,24.14,-84.46,-169.4
52.421314,-1.534755,186.83,0.01,4,269.34,18 / 20,392009,2019-09-06 19:26:37:752,-0.1011,-0.0028,9.7121,0.0005,0.0049,9.8066,0.0233,0.0392,0.0054,3.94,-30.62,21.69,24.13,-84.47,-169.41
52.421314,-1.534755,186.83,0.01,4,269.34,18 / 20,392110,2019-09-06 19:26:37:853,-0.1354,0.0489,10.1061,0.0003,-0.0038,9.8066,0.0158,0.0247,0.0215,4.06,-31.06,21.94,23.94,-84.44,-169.6
52.421314,-1.534755,186.83,0.01,4,269.34,18 / 20,392210,2019-09-06 19:26:37:953,0.0094,0.0906,9.6074,-0.0004,-0.0035,9.8066,-0.0001,0.031,0.0137,3.94,-30.81,21.44,24.66,-84.43,-169.6
52.421314,-1.534755,186.83,0.01,4,269.34,18 / 20,392310,2019-09-06 19:26:38:053,-0.0601,0.2431,10.1072,0.0016,0.0056,9.8066,0.0142,0.0369,0.0087,3.81,-31.44,21.31,24.55,-84.43,-169.69
52.421314,-1.534755,186.83,0.01,4,269.34,19 / 20,392410,2019-09-06 19:26:38:153,0.0059,-0.325,9.7001,-0.0005,-0.0065,9.8066,-0.0116,0.0229,0.0198,3.88,-31.5,21.56,23.81,-84.47,-169.69
52.421314,-1.534755,186.83,0.01,4,269.34,19 / 20,392509,2019-09-06 19:26:38:252,-0.0037,-0.3845,9.8451,-0.0009,-0.0044,9.8066,-0.0027,0.0334,0.0093,3.81,-31.44,21.44,24.39,-84.45,-169.82
52.421314,-1.534755,186.83,0.01,4,269.34,19 / 20,392610,2019-09-06 19:26:38:353,-0.1199,0.2859,10.0745,-0.0013,-0.0079,9.8066,-0.0204,0.0261,0.0197,3.69,-30.87,21.5,23.51,-84.43,-169.97
52.421314,-1.534755,186.83,0.01,4,269.34,19 / 20,392709,2019-09-06 19:26:38:452,0.0032,0.2173,10.0394,0.002,0.0076,9.8066,0.0006,0.0258,0.0131,3.38,-31.12,21.69,20.73,-84.48,-169.85
52.421314,-1.534755,186.83,0.01,4,269.34,19 / 20,392809,2019-09-06 19:26:38:552,-0.1272,-0.0653,9.7416,0.0013,0.0034,9.8066,-0.0096,0.0156,0.0129,3.56,-31.44,21.69,23.47,-84.47,-169.99
52.421314,-1.534755,186.83,0.01,4,269.34,19 / 20,392910,2019-09-06 19:26:38:653,-0.1035,-0.3697,9.8478,-0.001,-0.0058,9.8066,-0.0231,-0.0002,0.0156,4,-30.81,21.56,23.58,-84.47,-169.89
52.421314,-1.534755,186.83,0.01,4,269.34,19 / 20,393009,2019-09-06 19:26:38:752,-0.0627,-0.1662,9.8825,-0.0016,-0.0061,9.8066,0.0018,0.0102,-0.0011,4.06,-31.44,21.44,24.15,-84.43,-170.03
52.421314,-1.534755,186.83,0.01,4,269.34,19 / 20,393110,2019-09-06 19:26:38:853,0.1536,-0.2022,9.6166,0.001,0.0062,9.8066,-0.0044,-0.0029,0.0015,3.81,-31,20.94,24.11,-84.42,-170.08
52.421314,-1.534755,186.83,0.01,4,269.34,19 / 20,393209,2019-09-06 19:26:38:952,-0.0028,-0.3173,9.6883,0.0004,0.0073,9.8066,-0.0322,-0.0079,-0.0009,3.38,-31.44,21.38,21.34,-84.47,-169.82
52.421314,-1.534755,186.83,0.01,4,269.34,21 / 21,393310,2019-09-06 19:26:39:053,-0.0499,0.1514,10.0025,0.0026,0.0051,9.8066,-0.0017,-0.0161,-0.0005,3.88,-31.06,21.69,23.51,-84.47,-169.95
52.421314,-1.534755,186.83,0.01,4,269.34,21 / 21,393410,2019-09-06 19:26:39:153,-0.0535,0.0136,9.6435,0.0009,0.0015,9.8066,-0.0165,0.0281,0.0093,3.94,-30.87,21.13,24.1,-84.47,-170.06
52.421314,-1.534755,186.83,0.01,4,269.34,21 / 21,393509,2019-09-06 19:26:39:252,0.0214,-0.1973,9.7096,0.0013,0.0031,9.8066,-0.0036,0.0049,-0.0028,3.81,-31.12,21.19,24.06,-84.48,-170.09
52.421314,-1.534755,186.83,0.01,4,269.34,21 / 21,393610,2019-09-06 19:26:39:353,0.0053,-0.3954,9.8982,-0.0006,-0.0039,9.8066,-0.0258,0.0184,0.0094,3.75,-30.87,21.69,23.32,-84.46,-170.12
52.421314,-1.534755,186.83,0.01,4,269.34,21 / 21,393709,2019-09-06 19:26:39:452,-0.0928,0.3659,10.024,-0.0033,0.0044,9.8066,0.0171,0.0146,0.0065,4.06,-31.62,21.63,23.43,-84.43,-170.14
52.421314,-1.534755,186.83,0.01,4,269.34,21 / 21,393810,2019-09-06 19:26:39:553,-0.0143,-0.1511,9.7066,-0.0017,-0.0035,9.8066,0.0026,0.0145,0.0108,4,-30.87,21,24.35,-84.45,-169.86
52.421314,-1.534755,186.83,0.01,4,269.34,21 / 21,393910,2019-09-06 19:26:39:653,0.1137,0.1359,10.0928,0.0022,0.0015,9.8066,0.0035,0.0307,-0.0014,3.75,-31.75,21.94,23.76,-84.46,-169.84
52.421314,-1.534755,186.83,0.01,4,269.34,21 / 21,394009,2019-09-06 19:26:39:752,-0.054,0.3319,9.9064,-0.0014,0.0011,9.8066,-0.0314,0.0058,0.0151,4.69,-31.44,21.31,27.26,-84.46,-169.89
52.421314,-1.534755,186.83,0.01,4,269.34,21 / 21,394110,2019-09-06 19:26:39:853,-0.0704,0.084,9.6329,0.0004,-0.0012,9.8066,0.0253,0.0365,0.0059,3.94,-31.37,21.5,23.58,-84.47,-169.89
52.421314,-1.534755,186.83,0.01,4,269.34,21 / 21,394210,2019-09-06 19:26:39:953,0.0324,0.3014,10.1379,-0.0003,0.0009,9.8066,-0.0158,0.0095,0.0118,4.5,-30.87,21.25,27.31,-84.47,-169.83
52.421314,-1.534755,186.83,0.01,4,269.34,21 / 21,394309,2019-09-06 19:26:40:052,-0.0258,0.0847,9.9102,-0.0008,-0.0032,9.8066,0.0179,0.0182,0.0094,4,-31,21.88,23.56,-84.48,-169.9
52.421314,-1.534755,186.83,0.01,4,269.34,20 / 21,394410,2019-09-06 19:26:40:153,-0.0027,-0.3841,9.8526,0.0001,0.002,9.8066,-0.0405,0.0231,0.0108,4,-30.5,21.25,24.14,-84.47,-169.92
52.421314,-1.534755,186.83,0.01,4,269.34,20 / 21,394509,2019-09-06 19:26:40:252,-0.1246,0.337,10.0719,0.0005,0.003,9.8066,0.0133,0.0226,0.0061,4.25,-30.94,21.25,24.36,-84.48,-169.83
52.421314,-1.534755,186.83,0.01,4,269.34,20 / 21,394610,2019-09-06 19:26:40:353,-0.0237,0.2735,10.1524,0.0015,0.0042,9.8066,0.0045,0.0012,0.0002,3.63,-31.75,21.19,24.4,-84.5,-169.89
52.421314,-1.534755,186.83,0.01,4,269.34,20 / 21,394709,2019-09-06 19:26:40:452,-0.0877,-0.5658,9.6195,-0.0004,-0.005,9.8065,0.0169,0.032,0.0018,4.31,-31.31,21.69,23.44,-84.47,-170.01
52.421314,-1.534755,186.83,0.01,4,269.34,20 / 21,394810,2019-09-06 19:26:40:553,-0.0789,-0.0664,10.0043,-0.0018,-0.007,9.8066,-0.0354,0.0069,0.0151,3.81,-30.69,21.88,23.39,-84.47,-170.06
52.421314,-1.534755,186.83,0.01,4,269.34,20 / 21,394910,2019-09-06 19:26:40:653,-0.0173,0.0904,10.0464,0.0016,0.0061,9.8066,0.028,-0.0256,-0.0231,4.44,-31.31,21.75,23.46,-84.51,-169.97
52.421314,-1.534755,186.83,0.01,4,269.34,20 / 21,395009,2019-09-06 19:26:40:752,-0.1375,0.2428,9.996,0.0011,0.005,9.8066,0.0013,-0.0029,0.0096,3.63,-30.94,21.69,23.53,-84.5,-169.91
52.421314,-1.534755,186.83,0.01,4,269.34,20 / 21,395110,2019-09-06 19:26:40:853,0.0033,-0.264,9.7094,-0.0013,-0.0055,9.8066,0.0084,0.0233,0.014,4.5,-30.75,21.25,27.07,-84.5,-170.03
52.421314,-1.534755,186.83,0.01,4,269.34,20 / 21,395210,2019-09-06 19:26:40:953,0.026,-0.4459,9.8908,-0.0032,0.0008,9.8066,-0.0385,0.0095,-0.0007,3.81,-30.25,21.75,23.38,-84.47,-169.97
52.421314,-1.534755,186.83,0.01,4,269.34,20 / 21,395309,2019-09-06 19:26:41:052,-0.0532,0.2422,9.7756,-0.0012,-0.0037,9.8066,0.0242,0.0222,0.0139,3.75,-31.25,21.38,24.53,-84.46,-169.69
52.421314,-1.534755,186.83,0.01,4,269.34,20 / 21,395409,2019-09-06 19:26:41:152,-0.0135,-0.4013,9.6915,0,0.0031,9.8066,-0.0016,0.0086,0.0029,3.94,-30.94,21.5,23.86,-84.47,-169.64
52.421314,-1.534755,186.83,0.01,4,269.34,20 / 21,395509,2019-09-06 19:26:41:252,0.0234,-0.1179,9.9853,0.0016,0.0019,9.8066,-0.0157,-0.0304,-0.0215,4.06,-31.44,21.5,23.78,-84.48,-169.71
52.421314,-1.534755,186.83,0.01,4,269.34,20 / 21,395609,2019-09-06 19:26:41:352,0.025,-0.0606,9.6188,0.0008,-0.0019,9.8066,-0.0274,-0.0092,0.0031,3.81,-30.94,21.56,23.8,-84.46,-169.7
52.421314,-1.534755,186.83,0.01,4,269.34,20 / 21,395710,2019-09-06 19:26:41:453,0.0074,0.1769,10.0374,0.0001,0.001,9.8066,0.0277,-0.0158,-0.0166,3.75,-31.19,21.19,24.16,-84.45,-170.01
52.421314,-1.534755,186.83,0.01,4,269.34,20 / 21,395809,2019-09-06 19:26:41:552,-0.1133,-0.2726,9.7309,0.0011,-0.0002,9.8066,-0.0073,-0.0204,-0.0013,3.56,-31.12,21.81,23.44,-84.44,-170.03
52.421314,-1.534755,186.83,0.01,4,269.34,20 / 21,395909,2019-09-06 19:26:41:652,-0.1545,0.2618,9.9261,0.0006,0.0013,9.8066,0.0021,0.0023,-0.0151,3.56,-31.44,21.69,23.47,-84.43,-170.01
52.421314,-1.534755,186.83,0.01,4,269.34,20 / 21,396010,2019-09-06 19:26:41:753,-0.0402,-0.0031,9.6344,0.0027,0.0013,9.8066,-0.0195,-0.0226,-0.0147,4.06,-31.37,21.63,23.42,-84.42,-170.05
52.421314,-1.534755,186.83,0.01,4,269.34,20 / 21,396109,2019-09-06 19:26:41:852,-0.0601,-0.1777,9.7153,-0.0001,0.0029,9.8066,0.0177,0.0139,-0.0035,3.56,-31,21.5,23.25,-84.42,-170.21
52.421314,-1.534755,186.83,0.01,4,269.34,20 / 21,396209,2019-09-06 19:26:41:952,-0.0722,-0.3462,9.8917,-0.0004,-0.0034,9.8066,0.012,-0.0216,-0.019,3.5,-31.37,21.75,23.23,-84.41,-170.23
52.421314,-1.534755,186.83,0.01,4,269.34,20 / 21,396310,2019-09-06 19:26:42:053,-0.0125,0.2011,10.0125,-0.0015,-0.004,9.8066,0.0038,0.013,0.0073,3.94,-30.87,21,24.11,-84.4,-170.09
52.421314,-1.534755,186.83,0.01,4,269.34,20 / 20,396409,2019-09-06 19:26:42:152,0.123,-0.2144,9.6455,0.0007,0.0047,9.8066,-0.0187,-0.0244,-0.0205,3.5,-31.37,21.56,23.32,-84.41,-170.15
52.421314,-1.534755,186.83,0.01,4,269.34,20 / 20,396510,2019-09-06 19:26:42:253,0.0106,-0.4012,9.7391,0.0001,-0.0045,9.8066,0.0173,0.0185,0.0061,3.75,-31.31,21.38,24.2,-84.43,-169.99
52.421314,-1.534755,186.83,0.01,4,269.34,20 / 20,396610,2019-09-06 19:26:42:353,0.0385,-0.1096,10.0219,-0.0012,-0.004,9.8066,0.0168,-0.0356,-0.0165,3.56,-31.56,21.94,23.51,-84.41,-170.08
52.421314,-1.534755,186.83,0.01,4,269.34,20 / 20,396710,2019-09-06 19:26:42:453,-0.0861,0.4449,10.0014,0.0011,0.0058,9.8066,0.0168,0.0268,0.0031,3.63,-31.25,21.44,24.12,-84.41,-170.08
52.421314,-1.534755,186.83,0.01,4,269.34,20 / 20,396809,2019-09-06 19:26:42:552,-0.0602,0.1576,10.0341,0.002,0.0077,9.8066,-0.0317,-0.0341,-0.0195,3.81,-31.31,21.44,24.21,-84.45,-169.97
52.421314,-1.534755,186.83,0.01,4,269.34,20 / 20,396910,2019-09-06 19:26:42:653,-0.0801,-0.1602,9.6877,-0.0018,-0.0053,9.8066,0.0337,0.0124,0.0026,3.56,-31,21.5,23.47,-84.44,-170
52.421314,-1.534755,186.83,0.01,4,269.34,20 / 20,397009,2019-09-06 19:26:42:752,-0.1016,0.1802,10.0897,-0.0004,-0.0072,9.8066,0.017,-0.0286,-0.0204,4.06,-31.25,22.19,23.64,-84.45,-169.85
52.421314,-1.534755,186.83,0.01,4,269.34,20 / 20,397110,2019-09-06 19:26:42:853,-0.0341,0.3648,9.9505,-0.0028,-0.006,9.8066,0.0147,0.0005,0.0081,3.44,-31.19,22.19,20.73,-84.41,-169.88
52.421314,-1.534755,186.83,0.01,4,269.34,20 / 20,397209,2019-09-06 19:26:42:952,0.1089,-0.051,9.5342,0.0021,0.0059,9.8066,-0.0324,-0.0301,-0.016,3.88,-30.94,21.44,24.37,-84.44,-169.84
52.421314,-1.534755,186.83,0.01,4,269.34,20 / 20,397310,2019-09-06 19:26:43:053,0,-0.2844,9.6556,0.0004,0.0072,9.8066,0.0332,0.005,-0.0018,3.88,-31.19,22,23.76,-84.45,-169.74
52.421314,-1.534755,186.83,0.01,4,269.34,20 / 20,397409,2019-09-06 19:26:43:152,0.0005,-0.4152,9.8515,-0.0016,-0.0044,9.8066,-0.0016,-0.0398,-0.0148,3.94,-31.44,21.63,23.75,-84.44,-169.75
52.421314,-1.534755,186.83,0.01,4,269.34,20 / 20,397510,2019-09-06 19:26:43:253,-0.0424,0.2123,9.7478,0.0015,0.0049,9.8066,0.0107,0.0112,-0.0131,3.13,-30.87,21.88,20.94,-84.42,-169.7
52.421314,-1.534755,186.83,0.01,4,269.34,20 / 20,397610,2019-09-06 19:26:43:353,-0.0145,-0.0431,9.7796,0.0005,0.0061,9.8066,-0.0351,-0.0312,-0.015,3.75,-31.19,21.75,23.91,-84.45,-169.61
52.421314,-1.534755,186.83,0.01,4,269.34,20 / 20,397710,2019-09-06 19:26:43:453,-0.062,-0.5105,9.6726,-0.0019,-0.0056,9.8066,0.0397,0.0066,-0.0022,4.25,-30.87,21.81,23.87,-84.45,-169.64
52.421314,-1.534755,186.83,0.01,4,269.34,20 / 20,397809,2019-09-06 19:26:43:552,-0.126,0.333,9.9489,-0.0006,-0.004,9.8066,0.0121,-0.0231,-0.0184,3.5,-31.37,21.06,24.63,-84.46,-169.6
52.421314,-1.534755,186.83,0.01,4,269.34,20 / 20,397909,2019-09-06 19:26:43:652,-0.0385,0.1381,9.6867,0.0008,0.0047,9.8066,0.0075,0.0097,0.0079,4.31,-31.44,22.31,23.94,-84.43,-169.6
52.421314,-1.534755,186.83,0.01,4,269.34,20 / 20,398010,2019-09-06 19:26:43:753,-0.0658,-0.3063,9.6638,0.0017,0.0038,9.8066,-0.0187,-0.0281,-0.0183,4,-31.12,21.63,24.05,-84.46,-169.48
52.421314,-1.534755,186.83,0.01,4,269.34,20 / 20,398109,2019-09-06 19:26:43:852,-0.0211,-0.2398,9.9843,-0.0004,0.0021,9.8066,0.0103,0.0262,0.0137,3.81,-31.06,21.63,24.12,-84.45,-169.43
52.421314,-1.534755,186.83,0.01,4,269.34,20 / 20,398209,2019-09-06 19:26:43:952,-0.0004,0.1913,10.0137,-0.0014,-0.0055,9.8066,0.0184,-0.0294,-0.0116,4,-31.12,21.63,24.2,-84.46,-169.35
52.421314,-1.534755,186.83,0.01,4,269.34,20 / 20,398309,2019-09-06 19:26:44:052,0.168,-0.2533,9.7159,-0.0002,-0.0012,9.8066,-0.0005,0.0277,0.0009,3.81,-31.75,21.63,24.27,-84.44,-169.41
52.421314,-1.534755,186.83,0.01,4,269.34,20 / 20,398410,2019-09-06 19:26:44:153,0.0043,-0.3362,9.7655,0.0002,0.0018,9.8066,-0.0308,-0.0032,0.0093,3.38,-31.25,21.69,21.18,-84.46,-169.47
52.421314,-1.534755,186.83,0.01,4,269.34,20 / 20,398509,2019-09-06 19:26:44:252,0.0943,0.0351,10.0539,0.0015,-0.0001,9.8066,0.0106,0.0414,0.0093,4.38,-31.94,21.38,24.8,-84.47,-169.56
52.421314,-1.534755,186.83,0.01,4,269.34,20 / 20,398610,2019-09-06 19:26:44:353,-0.0092,0.3213,9.8713,-0.0008,-0.0067,9.8066,0.0005,-0.0048,0.0108,3.69,-31.56,21.5,23.92,-84.42,-169.73
52.421314,-1.534755,186.83,0.01,4,269.34,20 / 20,398709,2019-09-06 19:26:44:452,-0.0611,-0.1175,9.8509,0.0012,0.0066,9.8066,0.0043,0.024,0.0108,3.69,-31.19,21.63,23.9,-84.42,-169.64
52.421314,-1.534755,186.83,0.01,4,269.34,20 / 20,398809,2019-09-06 19:26:44:552,-0.1018,0.151,9.8672,0.0022,0.0051,9.8066,-0.0377,-0.0053,-0.0035,4.06,-31.69,21.38,24.72,-84.45,-169.65
52.421314,-1.534755,186.83,0.01,4,269.34,20 / 20,398910,2019-09-06 19:26:44:653,-0.0801,-0.2427,9.9603,-0.0002,-0.0057,9.8066,0.0143,0.0249,0.0225,3.88,-31.75,21.56,24.11,-84.43,-169.55
52.421314,-1.534755,186.83,0.01,4,269.34,20 / 20,399009,2019-09-06 19:26:44:752,-0.0919,0.2126,9.6934,-0.0019,-0.0038,9.8066,-0.0009,-0.0047,-0.0017,3.63,-31.25,21.81,23.9,-84.41,-169.65
52.421314,-1.534755,186.83,0.01,4,269.34,20 / 20,399109,2019-09-06 19:26:44:852,0.0591,0.015,10.0374,0.0031,-0.0007,9.8066,0.0027,0.0365,0.0114,3.81,-31.37,21.69,23.85,-84.45,-169.66
52.421314,-1.534755,186.83,0.01,4,269.34,20 / 20,399210,2019-09-06 19:26:44:953,0.0643,-0.1075,9.662,-0.0008,-0.0029,9.8066,-0.0271,-0.0169,0.0076,4,-31.56,21.94,23.93,-84.43,-169.71
52.421314,-1.534755,186.83,0.01,4,269.34,20 / 20,399309,2019-09-06 19:26:45:052,0.0255,-0.4396,9.7707,0.0008,-0.0007,9.8066,0.0168,0.0346,0.008,4.31,-31.19,21.88,23.81,-84.44,-169.7
52.421314,-1.534755,186.83,0.01,4,269.34,20 / 20,399410,2019-09-06 19:26:45:153,0.0521,0.3,10.1435,0.0004,0.001,9.8066,-0.0227,-0.0139,-0.0042,3.63,-31.5,21.25,24.58,-84.43,-169.67
52.421314,-1.534755,186.83,0.01,4,269.34,20 / 20,399509,2019-09-06 19:26:45:252,-0.0083,0.1224,9.9258,0.0011,0.0043,9.8066,0.0168,0.0274,0.0194,3.56,-31.19,21,24.53,-84.44,-169.7
52.421314,-1.534755,186.83,0.01,4,269.34,20 / 20,399610,2019-09-06 19:26:45:353,-0.0855,-0.4054,9.6453,-0.0015,-0.0052,9.8066,-0.0414,-0.0074,-0.0064,3.38,-31.44,21.81,21.01,-84.4,-169.65
52.421314,-1.534755,186.83,0.01,4,269.34,20 / 20,399709,2019-09-06 19:26:45:452,0.1015,-0.284,9.6352,-0.0008,-0.0063,9.8066,-0.004,0.0356,0.0239,4.38,-31.75,21.44,24.64,-84.4,-169.74
52.421314,-1.534755,186.83,0.01,4,269.34,20 / 20,399810,2019-09-06 19:26:45:553,0.0071,-0.0161,10.0382,0.0005,0.005,9.8066,0.0091,-0.0157,-0.0077,3.88,-31.25,21.38,24.8,-84.41,-169.49
52.421314,-1.534755,186.83,0.01,4,269.34,20 / 20,399909,2019-09-06 19:26:45:652,-0.0804,0.2502,10.027,0.0008,0.0059,9.8066,-0.0048,0.0384,0.0121,3.56,-31.12,21.19,24.89,-84.42,-169.41
52.421314,-1.534755,186.83,0.01,4,269.34,20 / 20,400009,2019-09-06 19:26:45:752,0.0157,-0.2109,9.7142,-0.0016,-0.0036,9.8066,-0.0281,-0.0232,-0.0061,3.63,-31.5,20.94,24.88,-84.42,-169.41
52.421314,-1.534755,186.83,0.01,4,269.34,20 / 20,400110,2019-09-06 19:26:45:853,-0.0294,-0.1961,9.8382,0.0003,0.0048,9.8066,-0.0075,0.037,0.0146,3.75,-31.81,21.13,25.05,-84.4,-169.39
52.421314,-1.534755,186.83,0.01,4,269.34,20 / 20,400210,2019-09-06 19:26:45:953,-0.0229,0.3349,10.0988,0.0015,0.0052,9.8066,0.0085,-0.0404,-0.0089,3.88,-31,21.38,24.97,-84.43,-169.33
52.421314,-1.534755,186.83,0.01,4,269.34,20 / 20,400310,2019-09-06 19:26:46:053,0.0176,0.0109,9.8056,0.0008,0.0064,9.8066,0.0015,0.0214,0.0135,4.5,-32,21.5,27.21,-84.43,-169.32
52.421314,-1.534755,186.83,0.01,4,269.34,20 / 20,400409,2019-09-06 19:26:46:152,0.0194,-0.3428,9.743,-0.0015,-0.0029,9.8066,-0.0273,-0.0258,-0.0121,4.19,-31,20.81,24.95,-84.43,-169.34
52.421314,-1.534755,186.83,0.01,4,269.34,20 / 20,400510,2019-09-06 19:26:46:253,-0.0012,0.1709,10.0873,-0.0015,-0.0048,9.8066,-0.0261,0.0116,0.016,4.13,-32.19,20.88,25.19,-84.42,-169.25
52.421314,-1.534755,186.83,0.01,4,269.34,20 / 20,400611,2019-09-06 19:26:46:354,0.0098,0.0638,9.8279,0.0016,0.0029,9.8066,0.0187,-0.0206,-0.0201,4.56,-32.19,21,28.11,-84.44,-169.28
52.421314,-1.534755,186.83,0.01,4,269.34,20 / 20,400710,2019-09-06 19:26:46:453,-0.0689,-0.437,9.6492,-0.0009,-0.002,9.8066,-0.0158,0.0035,0.0047,3.5,-31.69,21.38,25.11,-84.44,-169.31
52.421314,-1.534755,186.83,0.01,4,269.34,20 / 20,400810,2019-09-06 19:26:46:553,-0.0904,-0.0248,10.0122,-0.0014,0.0003,9.8066,-0.009,-0.0235,-0.0177,3.56,-31.37,21.63,24.37,-84.43,-169.22
52.421314,-1.534755,186.83,0.01,4,269.34,20 / 20,400910,2019-09-06 19:26:46:653,0.0188,0.1379,9.6409,0.0007,-0.0007,9.8066,-0.0503,-0.002,0.0013,3.81,-31.44,20.5,25.07,-84.43,-169.24
52.421314,-1.534755,186.83,0.01,4,269.34,20 / 20,401009,2019-09-06 19:26:46:752,0.1087,0.1453,10.1164,0.0006,0.0004,9.8066,0.0513,-0.0395,-0.0131,3.94,-31.81,20.63,25.06,-84.43,-169.36
52.421314,-1.534755,186.83,0.01,4,269.34,20 / 20,401109,2019-09-06 19:26:46:852,-0.0816,0.3225,9.8302,-0.0018,-0.0025,9.8066,0.011,-0.0027,0.001,4.5,-31.25,21.13,27.9,-84.41,-169.36
52.421314,-1.534755,186.83,0.01,4,269.34,20 / 20,401210,2019-09-06 19:26:46:953,-0.0744,-0.0404,9.5713,0.0015,0,9.8065,-0.0117,-0.029,-0.0073,4.06,-31.44,21.19,24.72,-84.42,-169.55
52.421314,-1.534755,186.83,0.01,4,269.34,20 / 20,401310,2019-09-06 19:26:47:053,-0.044,0.2205,10.1031,-0.001,0,9.8066,-0.0427,-0.0179,0.002,4.56,-31.62,21.19,27.85,-84.41,-169.53
52.421314,-1.534755,186.83,0.01,4,269.34,19 / 20,401410,2019-09-06 19:26:47:153,0.0229,0.1094,9.7951,-0.0004,-0.0022,9.8066,0.0388,-0.0214,-0.0184,4.56,-31.31,20.81,27.57,-84.41,-169.65
52.421314,-1.534755,186.83,0.01,4,269.34,19 / 20,401509,2019-09-06 19:26:47:252,-0.0116,0.1738,9.7051,0.0002,0.0004,9.8066,0.0015,0.0357,0.0193,4.44,-31.69,21.19,24.73,-84.39,-169.67
52.421314,-1.534755,186.83,0.01,4,269.34,19 / 20,401609,2019-09-06 19:26:47:352,0.1173,-0.2698,9.6323,-0.0005,0.0023,9.8066,0.0002,-0.0027,-0.0179,4.06,-32.12,20.88,24.78,-84.39,-169.62
52.421314,-1.534755,186.83,0.01,4,269.34,19 / 20,401709,2019-09-06 19:26:47:452,0.0069,-0.0393,10.0049,0.0006,0.002,9.8066,0.0017,0.0317,0.0183,4.56,-31.37,21.38,27.66,-84.39,-169.59
52.421314,-1.534755,186.83,0.01,4,269.34,19 / 20,401810,2019-09-06 19:26:47:553,-0.0801,0.3421,10.1148,-0.0008,-0.0042,9.8066,0.0312,-0.032,-0.0206,4.13,-31.69,21.25,24.83,-84.36,-169.6
52.421314,-1.534755,186.83,0.01,4,269.34,19 / 20,401910,2019-09-06 19:26:47:653,-0.0252,0.0773,9.646,-0.0016,-0.0062,9.8066,0.0129,0.0344,0.0088,3.94,-31.44,21.19,24.7,-84.34,-169.62
52.421314,-1.534755,186.83,0.01,4,269.34,19 / 20,402010,2019-09-06 19:26:47:753,-0.0132,-0.1869,9.636,0.0008,0.0036,9.8066,-0.0271,-0.0344,-0.0221,4.88,-31.44,20.94,27.71,-84.38,-169.55
52.421314,-1.534755,186.83,0.01,4,269.34,19 / 20,402109,2019-09-06 19:26:47:852,0.0581,0.0583,10.0665,-0.0008,0.0034,9.8066,0.0306,0.0305,0.0028,4.19,-31.5,21,24.8,-84.37,-169.51
52.421314,-1.534755,186.83,0.01,4,269.34,19 / 20,402209,2019-09-06 19:26:47:952,0.0059,-0.1664,9.6982,-0.0005,-0.0041,9.8066,0.0269,-0.0229,-0.0203,3.69,-32,20.88,24.81,-84.34,-169.64
52.421314,-1.534755,186.83,0.01,4,269.34,19 / 20,402310,2019-09-06 19:26:48:053,-0.0061,0.0357,10.0028,-0.0011,-0.003,9.8066,0.0062,0.0202,0.0113,4.19,-31.44,21,24.74,-84.34,-169.58
52.421314,-1.534755,186.83,0.01,4,269.34,19 / 20,402410,2019-09-06 19:26:48:153,-0.0715,0.278,10.0793,-0.0037,0.0023,9.8066,-0.008,-0.0247,-0.0184,4.25,-31.19,21.19,25.04,-84.33,-169.34
52.421314,-1.534755,186.83,0.01,4,269.34,19 / 20,402510,2019-09-06 19:26:48:253,0.0129,-0.3635,9.7027,0.0014,0.005,9.8066,0.0079,0.0234,0.0125,3.38,-31.5,21.25,21.75,-84.35,-169.54
52.421314,-1.534755,186.83,0.01,4,269.34,19 / 20,402610,2019-09-06 19:26:48:353,0.0395,-0.2545,9.927,-0.001,-0.0049,9.8066,0.0337,-0.034,-0.0157,4.81,-31.62,21.06,27.8,-84.31,-169.64
52.421314,-1.534755,186.83,0.01,4,269.34,19 / 20,402710,2019-09-06 19:26:48:453,0.0252,0.1107,9.6116,-0.0016,-0.0067,9.8065,-0.0068,0.0365,0.0071,4.31,-32,20.75,24.87,-84.31,-169.6
52.421314,-1.534755,186.83,0.01,4,269.34,19 / 20,402809,2019-09-06 19:26:48:552,-0.0296,-0.2169,9.7327,0.0018,0.0086,9.8066,-0.0143,-0.0258,-0.0121,4.56,-31.81,21,27.96,-84.3,-169.52
52.421314,-1.534755,186.83,0.01,4,269.34,19 / 20,402910,2019-09-06 19:26:48:653,-0.0844,0.3336,10.0304,-0.0017,-0.007,9.8066,0.0038,0.0419,0.0129,4,-31.75,21.25,25.11,-84.35,-169.37
52.421314,-1.534755,186.83,0.01,4,269.34,19 / 20,403010,2019-09-06 19:26:48:753,-0.0983,0.3163,9.9005,-0.0006,-0.0049,9.8066,0.0274,-0.0225,-0.0236,3.75,-31.69,21.63,24.27,-84.33,-169.48
52.421314,-1.534755,186.83,0.01,4,269.34,19 / 20,403110,2019-09-06 19:26:48:853,-0.0018,-0.2795,9.7722,-0.0027,-0.006,9.8066,0.0113,0.027,0.0167,3.88,-31.56,21.13,25.1,-84.32,-169.4
52.421314,-1.534755,186.83,0.01,4,269.34,19 / 20,403210,2019-09-06 19:26:48:953,0.0606,0.307,10.1505,0.0012,0.0069,9.8066,-0.0112,-0.0222,-0.0235,4.5,-32.25,21.13,28.24,-84.36,-169.22
52.421314,-1.534755,186.83,0.01,4,269.34,19 / 20,403310,2019-09-06 19:26:49:053,-0.0128,0.1662,9.9646,0.0024,0.007,9.8066,0.013,0.0257,0.01,4.75,-32.19,21.19,28.34,-84.37,-169.14
52.421314,-1.534755,186.83,0.01,4,269.34,20 / 20,403410,2019-09-06 19:26:49:153,0.0318,-0.5023,9.8016,-0.0009,-0.0026,9.8066,0.0265,-0.032,-0.0151,4.38,-31.69,21.38,25.4,-84.37,-169.11
52.421314,-1.534755,186.83,0.01,4,269.34,20 / 20,403510,2019-09-06 19:26:49:253,0.106,-0.2179,9.8733,0.0014,0.0049,9.8066,0.0137,0.0338,0.0101,4.69,-31.5,21.31,28.24,-84.35,-169.11
52.421314,-1.534755,186.83,0.01,4,269.34,20 / 20,403609,2019-09-06 19:26:49:352,-0.0259,0.1892,10.0439,0.0012,0.0074,9.8066,-0.0179,-0.0305,-0.0159,4.25,-32.19,21.44,25.54,-84.38,-168.97
52.421314,-1.534755,186.83,0.01,4,269.34,20 / 20,403710,2019-09-06 19:26:49:453,-0.1757,-0.0026,9.7784,0.0011,0.0053,9.8066,0.0135,0.0301,0.0109,4.31,-31.5,21.19,25.4,-84.39,-168.98
52.421314,-1.534755,186.83,0.01,4,269.34,20 / 20,403809,2019-09-06 19:26:49:552,0.0723,0.0416,9.5971,0.0006,-0.0037,9.8066,0.0244,-0.0221,-0.026,4.31,-31.5,21,25.35,-84.38,-169.03
52.421314,-1.534755,186.83,0.01,4,269.34,20 / 20,403910,2019-09-06 19:26:49:653,0.0842,0.2158,10.0923,-0.0017,-0.006,9.8066,0.0096,0.0322,0.0166,4.25,-31.37,21.19,25.25,-84.38,-169.12
52.421314,-1.534755,186.83,0.01,4,269.34,20 / 20,404009,2019-09-06 19:26:49:752,-0.0442,-0.2639,9.6998,0.002,0.0051,9.8066,-0.0109,-0.0136,-0.0206,4.44,-31.5,21.19,25.35,-84.41,-169.01
52.421314,-1.534755,186.83,0.01,4,269.34,20 / 20,404110,2019-09-06 19:26:49:853,-0.0666,-0.029,9.7941,0.0003,0.0046,9.8066,-0.0071,0.0301,0.0204,4.5,-31.94,21.5,27.64,-84.4,-168.96
52.421314,-1.534755,186.83,0.01,4,269.34,20 / 20,404210,2019-09-06 19:26:49:953,-0.0006,-0.3373,9.9261,-0.0006,-0.0031,9.8066,0.0286,-0.009,-0.0137,4.69,-31.37,21.5,27.52,-84.39,-168.96
52.421314,-1.534755,186.83,0.01,4,269.34,20 / 20,404310,2019-09-06 19:26:50:053,0.1466,-0.0124,10.031,-0.0005,-0.003,9.8066,-0.0027,0.0325,0.0111,3.88,-31.87,21.63,24.92,-84.39,-168.87
52.421314,-1.534755,186.83,0.01,4,269.34,20 / 20,404409,2019-09-06 19:26:50:152,0.0628,0.2452,10.0265,0.0004,0.0032,9.8066,-0.0087,-0.0088,-0.0027,4.13,-31.69,21.44,25.53,-84.38,-168.98
52.421314,-1.534755,186.83,0.01,4,269.34,20 / 20,404509,2019-09-06 19:26:50:252,0.0961,0.169,10.0608,-0.0037,-0.0054,9.8066,-0.0206,0.0377,0.0074,4.06,-31.81,20.44,26.29,-84.36,-169.05
52.421314,-1.534755,186.83,0.01,4,269.34,20 / 20,404610,2019-09-06 19:26:50:353,-0.072,0.2375,9.7618,0.001,-0.0078,9.8066,0.0349,0.0057,-0.0117,4.13,-31.75,21,25.32,-84.35,-169.19
52.421314,-1.534755,186.83,0.01,4,269.34,20 / 20,404709,2019-09-06 19:26:50:452,0.0124,-0.1536,9.6296,0.002,0.0078,9.8066,-0.0077,0.0232,0.0155,4.5,-31.69,21.69,27.49,-84.34,-169.13
52.421314,-1.534755,186.83,0.01,4,269.34,20 / 20,404809,2019-09-06 19:26:50:552,-0.0107,0.3735,10.0109,0.0024,0.009,9.8066,-0.0096,0.0132,-0.0056,4.38,-31.31,21.13,25.29,-84.4,-169.07
52.421314,-1.534755,186.83,0.01,4,269.34,20 / 20,404909,2019-09-06 19:26:50:652,-0.0338,0.2203,9.9437,-0.0024,-0.0065,9.8066,-0.0256,0.0067,0.0119,4.56,-31.62,21.06,28.53,-84.35,-168.98
52.421314,-1.534755,186.83,0.01,4,269.34,20 / 20,405009,2019-09-06 19:26:50:752,0.0047,-0.126,9.7974,-0.0021,-0.006,9.8065,0.0305,-0.0221,-0.0258,4.44,-32.5,21.63,24.83,-84.36,-168.97
52.421314,-1.534755,186.83,0.01,4,269.34,20 / 20,405109,2019-09-06 19:26:50:852,0.0173,0.3264,10.0525,0.0019,0.0053,9.8066,-0.0151,-0.0075,0.0014,3.63,-31.69,21.44,25.57,-84.37,-168.96
52.421314,-1.534755,186.83,0.01,4,269.34,20 / 20,405209,2019-09-06 19:26:50:952,-0.0637,0.2489,10.0805,0.001,0.0065,9.8066,-0.003,-0.0227,-0.0177,4.44,-31.5,21.19,25.58,-84.4,-168.82
52.421314,-1.534755,186.83,0.01,4,269.34,20 / 20,405310,2019-09-06 19:26:51:053,0.0245,0.207,9.7146,-0.001,-0.0031,9.8066,-0.0307,-0.0003,-0.0029,4.44,-32.12,21.19,25.67,-84.38,-168.87
52.421314,-1.534755,186.83,0.01,4,269.34,20 / 20,405409,2019-09-06 19:26:51:152,0.1122,0.0994,10.0871,-0.0002,-0.0009,9.8066,0.0348,-0.0289,-0.0128,4.38,-32.06,21.63,25,-84.39,-168.81
52.421314,-1.534755,186.83,0.01,4,269.34,20 / 20,405510,2019-09-06 19:26:51:253,0.0363,-0.1208,9.6836,0.0002,0.0026,9.8066,-0.0078,-0.0036,-0.0034,4.25,-32.31,21.63,24.95,-84.39,-168.85
52.421314,-1.534755,186.83,0.01,4,269.34,20 / 20,405609,2019-09-06 19:26:51:352,0.004,-0.4665,9.737,0.0006,-0.0007,9.8066,-0.0052,-0.0291,-0.018,4.13,-32.19,21.5,24.93,-84.41,-168.85
52.421314,-1.534755,186.83,0.01,4,269.34,20 / 20,405710,2019-09-06 19:26:51:453,-0.0695,0.2353,10.13,0.0007,0.0042,9.8066,-0.0538,-0.0114,0.0021,4.63,-32.19,21.06,28.62,-84.43,-168.84
52.421314,-1.534755,186.83,0.01,4,269.34,20 / 20,405809,2019-09-06 19:26:51:552,0.0374,0.0947,9.5552,0.0002,-0.0003,9.8066,0.0371,-0.0298,-0.0229,4.44,-31.62,21.19,25.58,-84.41,-168.92
52.421314,-1.534755,186.83,0.01,4,269.34,20 / 20,405909,2019-09-06 19:26:51:652,-0.045,-0.2439,9.6904,-0.0002,0.0007,9.8066,-0.0089,-0.0004,0.0098,4.31,-32.5,21.19,25.68,-84.42,-168.83
52.421314,-1.534755,186.83,0.01,4,269.34,20 / 20,406010,2019-09-06 19:26:51:753,-0.018,-0.3966,9.8656,-0.0002,0,9.8066,-0.0107,-0.0301,-0.0242,4.31,-31.87,21.69,24.96,-84.42,-168.82
52.421314,-1.534755,186.83,0.01,4,269.34,20 / 20,406110,2019-09-06 19:26:51:853,0.0253,-0.1181,9.9078,-0.0002,0.0012,9.8066,-0.0328,0.015,0.0056,4.44,-32.12,20.69,25.83,-84.44,-168.69
52.421314,-1.534755,186.83,0.01,4,269.34,20 / 20,406209,2019-09-06 19:26:51:952,0.04,0.2067,10.1514,0.0002,0.0009,9.8066,0.0162,-0.0358,-0.0215,4.19,-31.94,21.44,25.81,-84.43,-168.71
52.421314,-1.534755,186.83,0.01,4,269.34,20 / 20,406310,2019-09-06 19:26:52:053,0.049,-0.2589,9.6689,-0.0007,-0.0001,9.8066,-0.007,0.0169,0.0109,4.31,-31.87,21.19,25.98,-84.43,-168.56
52.421314,-1.534755,186.83,0.01,4,269.34,20 / 20,406409,2019-09-06 19:26:52:152,0.0955,0.3192,10.0811,0.0014,-0.0009,9.8066,-0.0173,-0.0367,-0.0202,3.81,-31.81,20.75,25.92,-84.44,-168.62
52.421314,-1.534755,186.83,0.01,4,269.34,20 / 20,406509,2019-09-06 19:26:52:252,-0.0365,0.1762,9.702,0.0002,0.0023,9.8066,-0.029,0.0088,0.023,4.69,-31.94,20.81,28.86,-84.44,-168.63
52.421314,-1.534755,186.83,0.01,4,269.34,20 / 20,406611,2019-09-06 19:26:52:354,0.0338,0.0074,9.7849,-0.0008,-0.0038,9.8066,0.0128,-0.029,-0.0267,3.81,-31.81,21.06,25.81,-84.45,-168.69
52.421314,-1.534755,186.83,0.01,4,269.34,20 / 20,406709,2019-09-06 19:26:52:452,0.02,-0.4206,9.7392,0.0001,-0.0005,9.8066,-0.0151,0.0115,0.0115,3.88,-32.37,21.31,25.79,-84.44,-168.72
52.421314,-1.534755,186.83,0.01,4,269.34,20 / 20,406810,2019-09-06 19:26:52:553,-0.0371,0.1161,10.0722,-0.0018,-0.0025,9.8066,-0.0053,-0.0238,-0.0169,4.19,-32,21.06,25.83,-84.43,-168.69
52.421314,-1.534755,186.83,0.01,4,269.34,20 / 20,406909,2019-09-06 19:26:52:652,0.0043,-0.0243,9.6837,0.0013,0.0023,9.8066,-0.0342,0.0074,0.0012,4.75,-32,21.5,27.89,-84.43,-168.72
52.421314,-1.534755,186.83,0.01,4,269.34,20 / 20,407010,2019-09-06 19:26:52:753,0.0276,0.3757,10.1137,0,0.0026,9.8066,0.032,-0.0249,-0.0115,4.44,-31.94,21.19,25.79,-84.44,-168.72
52.421314,-1.534755,186.83,0.01,4,269.34,20 / 20,407110,2019-09-06 19:26:52:853,0.0406,-0.1855,9.6976,-0.0007,-0.007,9.8066,0.0073,-0.0048,-0.0024,4.31,-32.37,21.25,25.82,-84.44,-168.69
52.421314,-1.534755,186.83,0.01,4,269.34,20 / 20,407210,2019-09-06 19:26:52:953,0.0577,0.3852,9.9868,-0.0007,0.0061,9.8066,-0.0065,-0.0245,-0.0034,4,-31.75,20.75,25.82,-84.39,-168.73
52.421314,-1.534755,186.83,0.01,4,269.34,20 / 20,407309,2019-09-06 19:26:53:052,0.102,0.0071,9.6085,-0.0005,-0.0008,9.8066,-0.0399,-0.0206,-0.0003,4.19,-31.87,21.19,26.14,-84.41,-168.44
52.421314,-1.534755,186.83,0.01,4,269.34,20 / 20,407410,2019-09-06 19:26:53:153,-0.0713,-0.2933,9.9311,0.0007,0.0001,9.8066,0.0366,-0.0029,-0.0069,4.5,-31.94,21.75,28.05,-84.42,-168.59
52.421314,-1.534755,186.83,0.01,4,269.34,20 / 20,407510,2019-09-06 19:26:53:253,0.0559,0.2945,9.9737,-0.003,-0.0075,9.8066,0.0192,-0.0395,-0.0091,4.31,-31.94,21.69,25.31,-84.37,-168.55
52.421314,-1.534755,186.83,0.01,4,269.34,20 / 20,407609,2019-09-06 19:26:53:352,0.0212,0.0474,9.632,-0.0002,-0.0072,9.8066,-0.0042,0.0218,0.0002,4.19,-31.87,21.63,25.27,-84.38,-168.58
52.421314,-1.534755,186.83,0.01,4,269.34,20 / 20,407709,2019-09-06 19:26:53:452,0.0313,-0.2617,9.7216,0.0002,0.0067,9.8065,-0.0272,-0.0304,-0.0128,4.19,-32.12,21.06,26.09,-84.37,-168.51
52.421314,-1.534755,186.83,0.01,4,269.34,20 / 20,407809,2019-09-06 19:26:53:552,-0.0106,-0.2449,9.9053,0.0013,0.0059,9.8066,0.0213,0.0263,0.0042,4.5,-32.19,21.56,28.37,-84.41,-168.31
52.421314,-1.534755,186.83,0.01,4,269.34,20 / 20,407910,2019-09-06 19:26:53:653,-0.1188,0.236,10.0052,0.0035,-0.0058,9.8066,0.0225,-0.012,-0.0228,4.06,-32.19,21.38,25.93,-84.38,-168.64
52.421314,-1.534755,186.83,0.01,4,269.34,20 / 20,408009,2019-09-06 19:26:53:752,0.1,0.1351,9.8872,0.0021,0.0066,9.8066,-0.0011,0.0225,0.0137,4,-31.62,21.38,25.96,-84.41,-168.6
52.421314,-1.534755,186.83,0.01,4,269.34,20 / 20,408110,2019-09-06 19:26:53:853,0.0065,-0.3592,9.8925,0.0004,0.0012,9.8066,-0.0293,-0.0146,-0.0039,4.5,-31.81,21.44,29.01,-84.4,-168.53
52.421314,-1.534755,186.83,0.01,4,269.34,20 / 20,408210,2019-09-06 19:26:53:953,-0.1159,0.2542,10.1177,-0.0004,-0.0002,9.8066,-0.0078,0.0207,0.0238,4.63,-32.19,21,29.09,-84.4,-168.46
52.421314,-1.534755,186.83,0.01,4,269.34,20 / 20,408309,2019-09-06 19:26:54:052,-0.0484,0.1579,9.7428,0.0015,0.0018,9.8066,0.005,-0.0139,-0.0179,4.5,-31.44,21.56,28.08,-84.4,-168.46
52.421314,-1.534755,186.83,0.01,4,269.34,20 / 20,408410,2019-09-06 19:26:54:153,-0.0352,0.0776,9.808,0.001,-0.0024,9.8066,-0.0026,0.0335,0.0143,4.5,-31.75,21.44,29.06,-84.43,-168.46
52.421314,-1.534755,186.83,0.01,4,269.34,20 / 20,408509,2019-09-06 19:26:54:252,0.0012,-0.3404,9.801,-0.0002,-0.0022,9.8066,-0.0301,-0.0196,-0.0115,4.5,-32,21.19,28.84,-84.42,-168.66
52.421314,-1.534755,186.83,0.01,4,269.34,20 / 20,408610,2019-09-06 19:26:54:353,0.0411,-0.1297,9.9765,0.0002,-0.0015,9.8066,-0.0123,0.0306,0.0213,4.25,-31.81,21.44,25.83,-84.44,-168.69
52.421314,-1.534755,186.83,0.01,4,269.34,20 / 20,408710,2019-09-06 19:26:54:453,-0.0119,0.0633,9.5921,-0.0002,0.0029,9.8066,-0.0053,-0.0257,-0.0058,4,-32.37,22,24.9,-84.43,-168.86
52.421314,-1.534755,186.83,0.01,4,269.34,20 / 20,408809,2019-09-06 19:26:54:552,-0.03,-0.0453,10.0631,-0.0007,-0.0041,9.8066,0.0112,0.0345,0.0227,4.56,-31.94,21.88,27.72,-84.45,-168.85
52.421314,-1.534755,186.83,0.01,4,269.34,20 / 20,408910,2019-09-06 19:26:54:653,0.0174,-0.1936,10.0061,-0.0001,-0.002,9.8066,-0.0458,-0.0028,-0.0022,4.69,-31.44,21.44,28.4,-84.45,-168.9
52.421314,-1.534755,186.83,0.01,4,269.34,20 / 20,409009,2019-09-06 19:26:54:752,0.0544,0.0806,9.5784,-0.0008,-0.0042,9.8066,0.0005,0.0254,0.0169,4.19,-32.31,21.5,24.76,-84.45,-168.97
52.421314,-1.534755,186.83,0.01,4,269.34,20 / 20,409110,2019-09-06 19:26:54:853,0.0123,0.0418,10.0625,0.0015,0.0052,9.8066,0.0024,-0.0044,0.0012,4.13,-32,20.94,25.56,-84.48,-168.9
52.421314,-1.534755,186.83,0.01,4,269.34,20 / 20,409210,2019-09-06 19:26:54:953,-0.0415,0.3988,10.1533,0.0006,-0.0014,9.8066,0.0023,0.0379,0.0087,4.19,-32.19,21.56,24.89,-84.48,-168.84
52.421314,-1.534755,186.83,0.01,4,269.34,20 / 20,409309,2019-09-06 19:26:55:052,0.0051,-0.1192,9.6853,-0.0022,-0.0044,9.8066,-0.0402,0.0032,0.0167,4.5,-32.75,21.94,27.81,-84.5,-168.86
52.421314,-1.534755,186.83,0.01,4,269.34,20 / 20,409410,2019-09-06 19:26:55:153,0.0393,0.1896,9.6739,0.0002,-0.0019,9.8066,0.0301,0.0336,0.0125,4.56,-31.69,21.69,27.74,-84.48,-168.82
52.421314,-1.534755,186.83,0.01,4,269.34,20 / 20,409509,2019-09-06 19:26:55:252,0.132,-0.3468,9.6577,0.0005,0.0038,9.8066,-0.0101,0.0215,0.0136,4.13,-31.94,20.44,26.58,-84.51,-168.69
52.421314,-1.534755,186.83,0.01,4,269.34,20 / 20,409610,2019-09-06 19:26:55:353,-0.0165,0.08,10.0678,-0.0011,-0.0066,9.8066,0.0104,0.0116,0.0026,4.5,-31.81,21.25,28.72,-84.52,-168.69
52.421314,-1.534755,186.83,0.01,4,269.34,20 / 20,409709,2019-09-06 19:26:55:452,-0.1489,0.1622,10.0221,-0.0009,-0.0056,9.8066,-0.0371,0.0269,0.0096,4.13,-31.81,21.25,25.78,-84.52,-168.68
52.421314,-1.534755,186.83,0.01,4,269.34,20 / 20,409809,2019-09-06 19:26:55:552,-0.0128,0.3605,9.9296,-0.0005,-0.0046,9.8066,0.024,0.0142,0.0046,4.5,-31.69,20.94,28.56,-84.5,-168.84
52.421314,-1.534755,186.83,0.01,4,269.34,20 / 20,409910,2019-09-06 19:26:55:653,0.0053,0.0367,9.5926,0.0008,0.0019,9.8066,-0.0053,0.0232,0.0178,4.31,-31.81,21.56,24.89,-84.52,-168.82
52.421314,-1.534755,186.83,0.01,4,269.34,20 / 20,410009,2019-09-06 19:26:55:752,0.0415,0.2147,10.1443,0.0002,0.0034,9.8066,0.0128,0.014,-0.0042,4.13,-31.94,21.25,25.62,-84.52,-168.81
52.421314,-1.534755,186.83,0.01,4,269.34,20 / 20,410109,2019-09-06 19:26:55:852,0.0001,-0.2827,9.6797,-0.0009,-0.0036,9.8066,-0.0219,0.0157,0.0167,4.69,-32.44,21.38,28.41,-84.53,-168.95
52.421314,-1.534755,186.83,0.01,4,269.34,20 / 20,410210,2019-09-06 19:26:55:953,0.0386,0.1732,10.0195,-0.0001,-0.0053,9.8066,0.025,0.0026,-0.0004,4,-32.19,20.94,25.29,-84.49,-169.11
52.421314,-1.534755,186.83,0.01,4,269.34,20 / 20,410309,2019-09-06 19:26:56:052,0.0664,-0.2802,9.5484,0.0007,0.0048,9.8066,0.0033,0.0233,0.0102,3.88,-32.37,21.06,25.41,-84.52,-169
52.421314,-1.534755,186.83,0.01,4,269.34,20 / 20,410410,2019-09-06 19:26:56:153,-0.0388,0.1705,10.0877,0.0018,0.0072,9.8066,0.0101,0.0054,0.0025,3.81,-32.19,21.19,25.35,-84.49,-169.07
52.421314,-1.534755,186.83,0.01,4,269.34,20 / 20,410510,2019-09-06 19:26:56:253,-0.107,0.0794,9.8098,-0.0019,-0.0058,9.8066,-0.0215,0.0319,0.0186,4.31,-32.12,21.38,25.49,-84.51,-168.93
52.421314,-1.534755,186.83,0.01,4,269.34,20 / 20,410609,2019-09-06 19:26:56:352,-0.0302,0.1166,10.082,-0.0035,-0.0073,9.8066,0.0147,0.0064,-0.0042,4.81,-32.06,21.19,28.49,-84.47,-168.93
52.421314,-1.534755,186.83,0.01,4,269.34,20 / 20,410710,2019-09-06 19:26:56:453,0.0322,0.2216,9.6977,0.0016,0.0069,9.8066,0.0068,0.0302,0.0217,3.94,-32.31,21.31,25.59,-84.5,-168.86
52.421314,-1.534755,186.83,0.01,4,269.34,20 / 20,410810,2019-09-06 19:26:56:553,-0.0337,-0.5035,9.6783,0.0005,0.0073,9.8066,0.0053,0.0116,-0.0102,4.25,-32.25,21.38,25.64,-84.5,-168.81
52.421314,-1.534755,186.83,0.01,4,269.34,20 / 20,410909,2019-09-06 19:26:56:652,-0.074,-0.043,10.0764,-0.0003,-0.0078,9.8066,-0.019,0.0273,0.0255,4.56,-31.62,21,28.46,-84.5,-168.93
52.421314,-1.534755,186.83,0.01,4,269.34,20 / 20,411010,2019-09-06 19:26:56:753,0.015,0.3307,9.9718,0.0025,0.0059,9.8066,0.0363,-0.0052,-0.008,4.31,-32,21.75,24.65,-84.47,-169.05
52.421314,-1.534755,186.83,0.01,4,269.34,20 / 20,411110,2019-09-06 19:26:56:853,0.0503,-0.1262,9.5313,0.0011,0.0054,9.8066,-0.0179,0.0383,0.0163,4,-31.81,21.31,25.29,-84.48,-169.13
52.421314,-1.534755,186.83,0.01,4,269.34,20 / 20,411210,2019-09-06 19:26:56:953,0.0454,-0.4127,9.8762,0.0036,0.0078,9.8066,-0.0068,-0.0104,-0.0133,4.31,-31.94,21.56,24.6,-84.53,-169.06
52.421314,-1.534755,186.83,0.01,4,269.34,20 / 20,411310,2019-09-06 19:26:57:053,0.0329,0.1416,10.0692,-0.0021,-0.0067,9.8066,-0.0097,0.033,0.0116,4.44,-32.06,21,25.37,-84.49,-169.05
52.421314,-1.534755,186.83,0.01,4,269.34,19 / 20,411410,2019-09-06 19:26:57:153,-0.03,-0.2557,9.9294,-0.0002,-0.0037,9.8066,0.0166,-0.0035,-0.0128,4,-32.12,21.69,24.68,-84.51,-169.01
52.421314,-1.534755,186.83,0.01,4,269.34,19 / 20,411509,2019-09-06 19:26:57:252,0.07,0.0165,9.7789,0.0011,0.004,9.8066,0,0.0261,0.0167,4.44,-31.69,21.38,25.35,-84.54,-169.03
52.421314,-1.534755,186.83,0.01,4,269.34,19 / 20,411610,2019-09-06 19:26:57:353,-0.0214,-0.4438,9.7529,0.0016,0.0042,9.8066,-0.0206,-0.0278,-0.0131,4.75,-31.87,21.69,27.43,-84.56,-169.04
52.421314,-1.534755,186.83,0.01,4,269.34,19 / 20,411710,2019-09-06 19:26:57:453,-0.1317,0.0285,10.0391,-0.0006,-0.0029,9.8066,-0.0215,0.0138,0.0231,4.31,-31.75,21.44,25.47,-84.53,-168.93
52.421314,-1.534755,186.83,0.01,4,269.34,19 / 20,411810,2019-09-06 19:26:57:553,0.0393,0.3084,9.8695,-0.0014,-0.0018,9.8066,0.0118,-0.0224,-0.0215,4.25,-31.25,20.88,25.39,-84.54,-168.89
52.421314,-1.534755,186.83,0.01,4,269.34,19 / 20,411910,2019-09-06 19:26:57:653,0.1877,-0.2976,9.8571,0.0011,0.0021,9.8066,0.003,0.0155,0.0115,4.25,-31.87,21.56,24.83,-84.56,-168.84
52.421314,-1.534755,186.83,0.01,4,269.34,19 / 20,412010,2019-09-06 19:26:57:753,-0.049,0.0068,9.8697,-0.0005,0.0024,9.8066,-0.023,-0.037,-0.021,4.56,-31.56,21,28.65,-84.56,-168.72
52.421314,-1.534755,186.83,0.01,4,269.34,19 / 20,412109,2019-09-06 19:26:57:852,-0.0503,-0.3184,9.9304,-0.0007,-0.0039,9.8066,-0.028,0.0322,0.0157,3.81,-32.62,21.06,25.88,-84.56,-168.67
52.421314,-1.534755,186.83,0.01,4,269.34,19 / 20,412210,2019-09-06 19:26:57:953,0.0817,0.2548,10.1118,0.001,-0.0011,9.8066,0.0194,-0.0403,-0.011,4.5,-32.31,21,28.57,-84.54,-168.81
52.421314,-1.534755,186.83,0.01,4,269.34,19 / 20,412310,2019-09-06 19:26:58:053,0.0225,-0.0273,9.7779,-0.0007,0.0014,9.8066,-0.0004,0.015,0.0184,4.38,-32,21.31,25.57,-84.54,-168.85
52.421314,-1.534755,186.83,0.01,4,269.34,19 / 19,412409,2019-09-06 19:26:58:152,-0.0302,-0.4033,9.7222,0.0012,0.0031,9.8066,-0.0216,-0.0408,-0.0165,4.38,-32.25,21.63,24.96,-84.56,-168.73
52.421314,-1.534755,186.83,0.01,4,269.34,19 / 19,412509,2019-09-06 19:26:58:252,0.1657,-0.312,9.7326,0.0036,-0.0039,9.8066,-0.0246,0.0097,0.0209,4.5,-31.81,21.63,27.8,-84.56,-168.71
52.421314,-1.534755,186.83,0.01,4,269.34,19 / 19,412610,2019-09-06 19:26:58:353,0.0171,-0.0297,10.0494,0.0012,0.004,9.8066,0.0095,-0.0248,-0.0232,4.5,-31.62,21.56,27.53,-84.55,-168.96
52.421314,-1.534755,186.83,0.01,4,269.34,19 / 19,412709,2019-09-06 19:26:58:452,-0.094,-0.1715,9.6879,-0.002,-0.0026,9.8066,-0.0095,0.0164,0.0149,4,-32.19,21.75,24.79,-84.54,-168.89
52.421314,-1.534755,186.83,0.01,4,269.34,19 / 19,412810,2019-09-06 19:26:58:553,-0.1356,0.1082,10.0581,-0.0002,-0.0025,9.8065,-0.0058,-0.0364,-0.014,4.56,-31.94,21.38,28.57,-84.54,-168.8
52.421314,-1.534755,186.83,0.01,4,269.34,19 / 19,412909,2019-09-06 19:26:58:652,0.0134,-0.0726,9.6406,0.0028,0.0039,9.8066,-0.0251,0.0164,0.0065,3.88,-31.69,21.38,25.6,-84.53,-168.82
52.421314,-1.534755,186.83,0.01,4,269.34,19 / 19,413009,2019-09-06 19:26:58:752,0.0178,0.2647,10.1405,0.0004,0.0018,9.8066,0.0108,-0.042,-0.021,4.31,-31.94,21.63,24.74,-84.55,-168.93
52.421314,-1.534755,186.83,0.01,4,269.34,19 / 19,413110,2019-09-06 19:26:58:853,0.096,0.0851,9.8309,0.0004,-0.0044,9.8066,0.002,0.0249,0.0174,4,-31.94,21.13,25.36,-84.58,-169
52.421314,-1.534755,186.83,0.01,4,269.34,19 / 19,413209,2019-09-06 19:26:58:952,0.0594,-0.2723,9.9161,-0.0023,-0.0018,9.8066,-0.0165,-0.0267,-0.0084,4.38,-31.75,21.19,25.34,-84.55,-169.04
52.421314,-1.534755,186.83,0.01,4,269.34,19 / 19,413309,2019-09-06 19:26:59:052,-0.0754,0.0665,9.6992,-0.0015,-0.0018,9.8066,-0.0254,0.0019,0.0127,3.81,-32.06,21.81,24.77,-84.56,-168.9
52.421314,-1.534755,186.83,0.01,4,269.34,19 / 20,413409,2019-09-06 19:26:59:152,0.0552,-0.088,9.7249,0.0014,0.0032,9.8066,0.0098,-0.027,-0.0248,4.06,-32.12,21.31,25.49,-84.58,-168.88
52.421314,-1.534755,186.83,0.01,4,269.34,19 / 20,413509,2019-09-06 19:26:59:252,0.008,-0.4008,9.7361,-0.001,-0.0025,9.8066,-0.0127,0.0136,0.0088,4.06,-31.75,21.81,24.68,-84.58,-168.96
52.421314,-1.534755,186.83,0.01,4,269.34,19 / 20,413610,2019-09-06 19:26:59:353,-0.0784,0.2739,9.8933,-0.0005,-0.0025,9.8066,-0.0081,-0.0244,-0.0217,3.81,-32.19,21.5,24.75,-84.57,-168.91
52.421314,-1.534755,186.83,0.01,4,269.34,19 / 20,413710,2019-09-06 19:26:59:453,-0.0407,-0.2156,9.8949,0.0003,0.0013,9.8066,-0.0356,0.0127,0.0035,4,-31.75,21.94,24.62,-84.57,-169.02
52.421314,-1.534755,186.83,0.01,4,269.34,19 / 20,413809,2019-09-06 19:26:59:552,0.0942,-0.2415,9.6206,0.0023,0.0004,9.8066,0.0284,-0.0323,-0.0081,4.44,-32.31,21.44,25.11,-84.58,-169.21
52.421314,-1.534755,186.83,0.01,4,269.34,19 / 20,413910,2019-09-06 19:26:59:653,-0.1539,0.2285,9.9615,-0.0005,-0.002,9.8066,-0.0028,-0.0005,0.0029,4.5,-31.81,22.13,27.31,-84.56,-169.14
52.421314,-1.534755,186.83,0.01,4,269.34,19 / 20,414010,2019-09-06 19:26:59:753,-0.0918,-0.2613,9.7641,0,-0.003,9.8066,-0.0008,-0.0236,-0.0118,4.63,-32.12,21,27.95,-84.55,-169.34
52.421314,-1.534755,186.83,0.01,4,269.34,19 / 20,414110,2019-09-06 19:26:59:853,-0.1252,0.218,9.8904,0.0011,0.0012,9.8066,-0.0202,-0.0162,0.0011,4.94,-31.56,21.63,27.15,-84.54,-169.29
52.421314,-1.534755,186.83,0.01,4,269.34,19 / 20,414209,2019-09-06 19:26:59:952,-0.0561,-0.1659,9.9491,0,-0.0006,9.8066,0.0208,-0.0007,-0.0074,4.75,-32.44,21.88,27.08,-84.54,-169.36
52.421314,-1.534755,186.83,0.01,4,269.34,19 / 20,414310,2019-09-06 19:27:00:053,-0.0981,0.1213,9.8153,0.002,0.0021,9.8066,-0.0102,-0.0339,-0.0071,3.88,-32.12,21.88,24.13,-84.54,-169.46
52.421314,-1.534755,186.83,0.01,4,269.34,19 / 19,414409,2019-09-06 19:27:00:152,0.0656,-0.0541,9.6556,-0.0001,-0.0022,9.8066,0.0075,0.0167,-0.0093,3.94,-31.5,22,24.13,-84.52,-169.38
52.421314,-1.534755,186.83,0.01,4,269.34,19 / 19,414509,2019-09-06 19:27:00:252,0.0344,-0.3345,9.7243,-0.0007,0.0022,9.8066,-0.0096,-0.0291,-0.0132,4.19,-32.06,22,24.28,-84.52,-169.35
52.421314,-1.534755,186.83,0.01,4,269.34,19 / 19,414610,2019-09-06 19:27:00:353,0.0364,-0.1146,9.9166,0.0014,0.0017,9.8066,0.0035,0.0309,0.0129,4.06,-32.25,20.94,25.12,-84.54,-169.23
52.421314,-1.534755,186.83,0.01,4,269.34,19 / 19,414709,2019-09-06 19:27:00:452,-0.1222,0.1575,9.845,0.0001,0.0009,9.8066,0.0093,-0.0138,-0.0193,4.5,-31.56,21.25,28.13,-84.54,-169.18
52.421314,-1.534755,186.83,0.01,4,269.34,19 / 19,414810,2019-09-06 19:27:00:553,-0.0499,-0.2095,9.8865,-0.0001,-0.0004,9.8066,0.0017,0.0264,0.0268,3.81,-32.69,21.69,24.52,-84.55,-169.22
52.421314,-1.534755,186.83,0.01,4,269.34,19 / 19,414909,2019-09-06 19:27:00:652,-0.1096,0.0805,9.7767,0.0007,-0.0004,9.8066,-0.0214,-0.0219,-0.0144,4,-32,21.31,25.2,-84.55,-169.16
52.421314,-1.534755,186.83,0.01,4,269.34,19 / 19,415010,2019-09-06 19:27:00:753,0.0159,-0.0554,9.66,-0.0002,-0.0023,9.8066,-0.0085,0.0074,0.0167,3.81,-31.44,20.88,24.96,-84.54,-169.26
52.421314,-1.534755,186.83,0.01,4,269.34,19 / 19,415110,2019-09-06 19:27:00:853,-0.0392,0.0544,10.0277,0.0021,0.0015,9.8066,0.0047,-0.0187,-0.0259,4.75,-31.56,21.63,27.17,-84.54,-169.28
52.421314,-1.534755,186.83,0.01,4,269.34,19 / 19,415210,2019-09-06 19:27:00:953,-0.0085,0.2247,10.0942,-0.0018,-0.0034,9.8066,-0.0116,0.0106,0.0086,4.31,-31.94,21.44,24.98,-84.54,-169.36
52.421314,-1.534755,186.83,0.01,4,269.34,19 / 19,415310,2019-09-06 19:27:01:053,-0.0307,-0.2695,9.7434,-0.0007,-0.0056,9.8066,-0.0086,-0.0206,-0.0216,4.13,-31.56,21.63,24.18,-84.51,-169.44
52.421314,-1.534755,186.83,0.01,4,269.34,20 / 20,415410,2019-09-06 19:27:01:153,0.0072,0.2848,9.9714,-0.0012,-0.0042,9.8066,-0.0316,0.0052,0.0044,4.44,-32.19,20.94,24.92,-84.51,-169.43
52.421314,-1.534755,186.83,0.01,4,269.34,20 / 20,415509,2019-09-06 19:27:01:252,-0.0061,0.2315,10.1105,0.0003,0.0026,9.8066,0.0205,-0.0332,-0.0205,4.5,-32.12,21.56,26.95,-84.53,-169.47
52.421314,-1.534755,186.83,0.01,4,269.34,20 / 20,415610,2019-09-06 19:27:01:353,0.0632,0.0242,9.7166,-0.0017,-0.0032,9.8066,-0.0061,0.0075,0.0168,4,-32.06,21.63,24.02,-84.53,-169.57
52.421314,-1.534755,186.83,0.01,4,269.34,20 / 20,415709,2019-09-06 19:27:01:452,-0.0907,-0.4794,9.6652,-0.0019,-0.0027,9.8066,-0.0137,-0.0356,-0.022,3.69,-31.37,21.38,24.69,-84.52,-169.51
52.421314,-1.534755,186.83,0.01,4,269.34,20 / 20,415809,2019-09-06 19:27:01:552,-0.0512,0.0181,10.0426,0.0004,-0.0022,9.8066,-0.0188,0.0094,0.0217,3.94,-31.31,21.56,23.95,-84.51,-169.54
52.421314,-1.534755,186.83,0.01,4,269.34,20 / 20,415910,2019-09-06 19:27:01:653,0.0225,0.0953,9.6975,0.0015,0.003,9.8066,0.001,-0.0274,-0.0234,4.13,-31.87,21.56,24.01,-84.53,-169.58
52.421314,-1.534755,186.83,0.01,4,269.34,20 / 20,416010,2019-09-06 19:27:01:753,0.0362,-0.5017,9.7218,-0.0011,0.0018,9.8066,-0.0151,0.0218,0.0139,4.38,-31.5,21.63,24.05,-84.52,-169.44
52.421314,-1.534755,186.83,0.01,4,269.34,20 / 20,416110,2019-09-06 19:27:01:853,0.0252,-0.2107,9.6331,-0.0006,-0.0032,9.8066,-0.015,-0.0295,-0.0203,4.75,-32.12,20.88,27.9,-84.52,-169.4
52.421314,-1.534755,186.83,0.01,4,269.34,20 / 20,416209,2019-09-06 19:27:01:952,0.0139,-0.0269,9.6199,-0.0022,-0.0036,9.8066,-0.0198,0.0284,0.011,4.06,-31.81,21.5,24.22,-84.49,-169.42
52.421314,-1.534755,186.83,0.01,4,269.34,20 / 20,416309,2019-09-06 19:27:02:052,0.1115,-0.2019,9.8969,0.001,0.0047,9.8066,0.0147,-0.0353,-0.0124,3.75,-32.12,21.38,25,-84.52,-169.35
52.421314,-1.534755,186.83,0.01,4,269.34,20 / 21,416409,2019-09-06 19:27:02:152,-0.0733,-0.0821,9.9862,0.0008,0.0057,9.8066,-0.004,0.0194,0.0081,4.44,-32.69,21.25,25.27,-84.53,-169.22
52.421314,-1.534755,186.83,0.01,4,269.34,20 / 21,416510,2019-09-06 19:27:02:253,-0.0387,0.1076,9.9197,-0.0023,-0.0055,9.8066,-0.0279,-0.0245,-0.0163,4.31,-32.12,21.19,25.07,-84.53,-169.28
52.421314,-1.534755,186.83,0.01,4,269.34,20 / 21,416609,2019-09-06 19:27:02:352,0.0672,0.0026,9.6029,-0.0011,-0.0046,9.8066,-0.0383,-0.0027,0.0106,4.31,-31.94,21.44,25.11,-84.51,-169.27
52.421314,-1.534755,186.83,0.01,4,269.34,20 / 21,416709,2019-09-06 19:27:02:452,0.0282,0.0245,10.0086,-0.0019,-0.0045,9.8065,0.03,-0.0081,-0.0217,4.38,-32,21.81,24.41,-84.52,-169.23
52.421314,-1.534755,186.83,0.01,4,269.34,20 / 21,416809,2019-09-06 19:27:02:552,-0.0525,-0.3483,9.745,0.002,0.0034,9.8066,-0.0023,-0.0114,0.0008,3.88,-32,21.5,24.43,-84.52,-169.22
52.421314,-1.534755,186.83,0.01,4,269.34,20 / 21,416909,2019-09-06 19:27:02:652,-0.0632,-0.2007,9.9792,-0.0006,-0.0037,9.8066,-0.0157,-0.0065,-0.0172,4.19,-32.19,21.5,24.46,-84.52,-169.19
52.421314,-1.534755,186.83,0.01,4,269.34,20 / 21,417009,2019-09-06 19:27:02:752,-0.011,0.1178,9.7063,-0.0004,-0.0035,9.8066,-0.036,-0.017,-0.0076,4.75,-31.81,22,27.12,-84.51,-169.35
52.421314,-1.534755,186.83,0.01,4,269.34,20 / 21,417110,2019-09-06 19:27:02:853,-0.068,-0.2449,9.6938,0.0009,0.0015,9.8066,0.0419,-0.0019,-0.0052,3.94,-32.12,21.56,24.4,-84.53,-169.24
52.421314,-1.534755,186.83,0.01,4,269.34,20 / 21,417209,2019-09-06 19:27:02:952,-0.0724,-0.3146,9.935,-0.0003,0.0011,9.8066,0.0107,-0.0209,-0.0193,4.44,-32.06,21.38,25.11,-84.52,-169.26
52.421314,-1.534755,186.83,0.01,4,269.34,20 / 21,417310,2019-09-06 19:27:03:053,-0.044,0.1288,10.0013,0.0004,-0.0025,9.8066,-0.0102,0.0075,-0.0012,4.06,-31.81,22.13,24.35,-84.52,-169.29
52.421314,-1.534755,186.83,0.01,4,269.34,20 / 21,417410,2019-09-06 19:27:03:153,0.0341,-0.3927,9.6507,0.0008,0.0003,9.8065,-0.0071,-0.0281,-0.0167,3.88,-32.06,21.63,24.1,-84.52,-169.5
52.421314,-1.534755,186.83,0.01,4,269.34,20 / 21,417509,2019-09-06 19:27:03:252,-0.0776,0.1372,9.8977,0.0001,-0.0016,9.8066,0.0103,0.0173,0.0029,4.06,-31.62,21.81,24.05,-84.52,-169.55
52.421314,-1.534755,186.83,0.01,4,269.34,20 / 21,417609,2019-09-06 19:27:03:352,-0.0047,-0.3684,9.8718,0.0006,-0.0018,9.8066,0.0201,-0.0349,-0.0112,4.19,-32,21.63,23.95,-84.51,-169.64
52.421314,-1.534755,186.83,0.01,4,269.34,20 / 21,417710,2019-09-06 19:27:03:453,-0.037,0.1909,9.7252,0.0007,0.0028,9.8066,0.0102,0.0366,0.0026,4.13,-32,21.56,23.85,-84.49,-169.74
52.421314,-1.534755,186.83,0.01,4,269.34,20 / 21,417809,2019-09-06 19:27:03:552,0.0106,-0.0402,9.9883,0.0017,0.0054,9.8066,-0.0149,-0.0249,-0.0126,4.31,-31.81,21.69,23.83,-84.5,-169.75
52.421314,-1.534755,186.83,0.01,4,269.34,20 / 21,417910,2019-09-06 19:27:03:653,-0.0922,0.0754,9.8504,-0.0014,-0.0056,9.8066,0.0095,0.0356,0.0152,4.06,-32.37,21.38,24.53,-84.49,-169.77
52.421314,-1.534755,186.83,0.01,4,269.34,20 / 21,418010,2019-09-06 19:27:03:753,-0.0152,0.0201,10.0758,-0.001,-0.0088,9.8066,0.0269,-0.0211,-0.025,3.94,-32.06,21.19,24.44,-84.46,-169.88
52.421314,-1.534755,186.83,0.01,4,269.34,20 / 21,418110,2019-09-06 19:27:03:853,0.0063,0.1037,9.6325,0.0022,0.0072,9.8066,0.0075,0.0298,0.0211,4.56,-31.75,21.56,26.6,-84.44,-169.85
52.421314,-1.534755,186.83,0.01,4,269.34,20 / 21,418210,2019-09-06 19:27:03:953,0.0734,0.1042,10.0758,0.0011,0.0054,9.8066,-0.0131,-0.027,-0.0183,3.94,-32.12,21.69,23.69,-84.46,-169.89
52.421314,-1.534755,186.83,0.01,4,269.34,20 / 21,418309,2019-09-06 19:27:04:052,0.0418,-0.334,9.8702,-0.0006,-0.0069,9.8066,0.0067,0.0198,0.0045,4.06,-32.25,21.88,23.73,-84.45,-169.87
52.421314,-1.534755,186.83,0.01,4,269.34,19 / 21,418409,2019-09-06 19:27:04:152,-0.0083,-0.2443,9.7669,0.0025,0.0058,9.8066,-0.0078,0.0057,0.0103,4.44,-32.5,21.75,23.54,-84.41,-170.06
52.421314,-1.534755,186.83,0.01,4,269.34,19 / 21,418510,2019-09-06 19:27:04:253,0.0329,0.3151,10.1639,0.0013,0.0042,9.8065,0.0039,0.0326,0,4.31,-32.06,21.5,23.38,-84.44,-170.18
52.421314,-1.534755,186.83,0.01,4,269.34,19 / 21,418610,2019-09-06 19:27:04:353,0.0145,0.1438,9.8979,0.001,0.0048,9.8066,-0.0348,-0.003,0.0156,4.44,-31.56,21.81,23.46,-84.43,-170.12
52.421314,-1.534755,186.83,0.01,4,269.34,19 / 21,418709,2019-09-06 19:27:04:452,-0.1048,-0.33,9.6132,-0.0017,-0.0029,9.8066,0.0224,0.0268,0.0096,4,-32.06,21.19,24.13,-84.43,-170.17
52.421314,-1.534755,186.83,0.01,4,269.34,19 / 21,418810,2019-09-06 19:27:04:553,-0.1034,0.3219,10.1077,0.0004,0.0034,9.8066,-0.0224,0.0011,0.0058,3.81,-32.12,21.75,23.38,-84.42,-170.2
52.421314,-1.534755,186.83,0.01,4,269.34,19 / 21,418910,2019-09-06 19:27:04:653,0.0111,-0.1037,9.9906,0.0004,0.0055,9.8066,0.0116,0.0263,0.0151,4.25,-32.12,21.63,23.55,-84.43,-170.04
52.421314,-1.534755,186.83,0.01,4,269.34,19 / 21,419009,2019-09-06 19:27:04:752,-0.0843,0.0376,9.771,0.0008,0.0026,9.8066,-0.0316,0.0033,0.0074,4.56,-31.94,21.69,26.35,-84.42,-170.07
52.421314,-1.534755,186.83,0.01,4,269.34,19 / 21,419109,2019-09-06 19:27:04:852,-0.0211,-0.3392,9.8353,0.0003,-0.0026,9.8066,0.0056,0.0211,0.0102,5,-31.94,21.81,26.27,-84.41,-170.16
52.421314,-1.534755,186.83,0.01,4,269.34,19 / 21,419210,2019-09-06 19:27:04:953,0.0063,0.0744,9.6531,-0.0011,0.005,9.8066,0.0014,0.0003,-0.0045,3.94,-32.44,21.63,23.3,-84.38,-170.28
52.421314,-1.534755,186.83,0.01,4,269.34,19 / 21,419309,2019-09-06 19:27:05:052,-0.0149,0.3281,10.0994,0.0024,0.0051,9.8066,0.0003,0.0341,0.0037,4.13,-31.94,21.06,24.15,-84.38,-170.17
52.421314,-1.534755,186.83,0.01,4,269.34,19 / 21,419410,2019-09-06 19:27:05:153,-0.0675,0.2828,10.0878,-0.0004,0.004,9.8066,-0.0424,-0.013,-0.01,3.69,-32.31,22.25,23.56,-84.42,-170.03
52.421314,-1.534755,186.83,0.01,4,269.34,19 / 21,419510,2019-09-06 19:27:05:253,-0.0082,0.1863,9.7158,-0.0001,-0.0036,9.8066,0.011,0.0353,0.0155,4.25,-32.44,21.56,23.5,-84.39,-170.11
52.421314,-1.534755,186.83,0.01,4,269.34,19 / 21,419609,2019-09-06 19:27:05:352,0.1504,0.0659,10.0286,0.0017,0.0025,9.8066,-0.0065,-0.0241,-0.0057,3.81,-31.56,21.31,24.22,-84.4,-170.1
52.421314,-1.534755,186.83,0.01,4,269.34,19 / 21,419709,2019-09-06 19:27:05:452,-0.0544,0.211,10.0707,-0.0005,0.0009,9.8066,0.015,0.0317,0.0276,4.25,-31.62,21.63,23.58,-84.41,-170.03
52.421314,-1.534755,186.83,0.01,4,269.34,19 / 21,419809,2019-09-06 19:27:05:552,-0.0105,-0.4564,9.6873,0.001,0.0005,9.8066,-0.0466,-0.0071,-0.0034,4.06,-32.06,22.13,23.58,-84.42,-170.02
52.421314,-1.534755,186.83,0.01,4,269.34,19 / 21,419910,2019-09-06 19:27:05:653,0.0608,0.1125,9.5829,-0.0006,0.0006,9.8066,0.004,0.0301,0.0203,3.88,-31.81,21.56,23.83,-84.42,-169.8
52.421314,-1.534755,186.83,0.01,4,269.34,19 / 21,420010,2019-09-06 19:27:05:753,-0.0218,-0.0302,10.0335,-0.0002,0.0013,9.8066,-0.0064,-0.0027,0.0018,4.38,-32.25,21.56,23.84,-84.42,-169.79
52.421314,-1.534755,186.83,0.01,4,269.34,19 / 21,420110,2019-09-06 19:27:05:853,-0.0667,0.096,9.7392,0.0007,0.0019,9.8066,0.0097,0.0394,0.0112,3.63,-32.31,21.69,23.92,-84.43,-169.72
52.421314,-1.534755,186.83,0.01,4,269.34,19 / 21,420210,2019-09-06 19:27:05:953,-0.1209,0.348,10.0442,0.0001,-0.0008,9.8066,-0.0277,0.0036,0.0113,4,-32.06,21.5,23.91,-84.43,-169.73
52.421314,-1.534755,186.83,0.01,4,269.34,19 / 21,420310,2019-09-06 19:27:06:053,-0.0314,-0.3093,9.6856,-0.0007,-0.0011,9.8066,0.0294,0.027,0.0067,4.13,-32,21.69,23.81,-84.43,-169.81
52.421314,-1.534755,186.83,0.01,4,269.34,19 / 21,420409,2019-09-06 19:27:06:152,0.0546,0.0792,10.0779,0.0014,0.0007,9.8066,-0.0201,0.0154,0.0138,4.31,-31.44,22.5,23.11,-84.42,-169.76
52.421314,-1.534755,186.83,0.01,4,269.34,19 / 21,420510,2019-09-06 19:27:06:253,-0.0517,0.2462,10.0403,0.0001,-0.0011,9.8066,0.0198,0.015,0.0045,4.19,-32.25,21.25,24.62,-84.43,-169.74
52.421314,-1.534755,186.83,0.01,4,269.34,19 / 21,420609,2019-09-06 19:27:06:352,0.0438,0.4598,9.9865,0.0004,-0.0012,9.8066,-0.0426,0.0254,0.0108,4.31,-32.12,21.75,23.83,-84.44,-169.79
52.421314,-1.534755,186.83,0.01,4,269.34,19 / 21,420709,2019-09-06 19:27:06:452,0.094,-0.3748,9.7571,0.0004,0.0041,9.8066,0.0136,0.0112,0.0009,4.5,-31.75,21.31,27.68,-84.46,-169.64
52.421314,-1.534755,186.83,0.01,4,269.34,19 / 21,420810,2019-09-06 19:27:06:553,-0.0268,0.1826,9.9628,-0.0004,-0.0038,9.8066,0.0052,0.0212,0.014,4.13,-31.62,21.88,23.96,-84.46,-169.67
52.421314,-1.534755,186.83,0.01,4,269.34,19 / 21,420909,2019-09-06 19:27:06:652,-0.0088,-0.4962,9.8291,0.001,-0.0008,9.8066,0.0079,0.0283,-0.0013,4.13,-31.87,21.38,24.53,-84.45,-169.8
52.421314,-1.534755,186.83,0.01,4,269.34,19 / 21,421009,2019-09-06 19:27:06:752,-0.1347,0.2832,10.0348,-0.0002,-0.0034,9.8066,-0.0323,0.0095,0.0236,4.44,-32.06,20.88,24.56,-84.45,-169.78
52.421314,-1.534755,186.83,0.01,4,269.34,19 / 21,421109,2019-09-06 19:27:06:852,-0.0373,0.3002,9.7029,0.0007,0.0024,9.8066,0.0307,0.0184,0.0024,4.06,-32.25,21.5,23.85,-84.46,-169.76
52.421314,-1.534755,186.83,0.01,4,269.34,19 / 21,421209,2019-09-06 19:27:06:952,-0.0705,0.0358,9.7979,0.0007,0.0045,9.8065,-0.0087,0.0079,0.0112,4.75,-32.44,21.88,26.66,-84.48,-169.77
52.421314,-1.534755,186.83,0.01,4,269.34,19 / 21,421309,2019-09-06 19:27:07:052,-0.0093,0.0419,10.036,-0.0003,-0.0045,9.8066,-0.0032,0.014,0.0102,4.25,-32.19,21.81,23.71,-84.46,-169.88
52.421314,-1.534755,186.83,0.01,4,269.34,20 / 22,421409,2019-09-06 19:27:07:152,0.0844,0.1198,9.6513,0.0003,-0.002,9.8066,-0.0367,0.015,0.007,4.06,-32.12,21.5,23.62,-84.46,-169.96
52.421314,-1.534755,186.83,0.01,4,269.34,20 / 22,421509,2019-09-06 19:27:07:252,0.107,-0.2723,9.8001,0.0006,0.0027,9.8066,0.0312,-0.0312,-0.0137,4.13,-31.69,21.56,23.61,-84.46,-169.96
52.421314,-1.534755,186.83,0.01,4,269.34,20 / 22,421609,2019-09-06 19:27:07:352,-0.0506,0.2011,10.0579,0.002,0.0037,9.8066,0.0017,-0.0023,0.0001,4.31,-32.25,21.56,23.5,-84.47,-170.05
52.421314,-1.534755,186.83,0.01,4,269.34,20 / 22,421709,2019-09-06 19:27:07:452,0.0307,0.2683,10.018,-0.0001,-0.0035,9.8066,-0.0132,-0.0232,-0.0142,4.13,-31.94,21.88,23.44,-84.45,-170.12
52.421314,-1.534755,186.83,0.01,4,269.34,20 / 22,421810,2019-09-06 19:27:07:553,0.0338,0.0512,9.6327,-0.0008,-0.0053,9.8066,-0.0294,-0.0138,0.0049,5.06,-31.75,21.25,26.93,-84.43,-170.31
52.421314,-1.534755,186.83,0.01,4,269.34,20 / 22,421910,2019-09-06 19:27:07:653,-0.0546,-0.2058,9.8123,0.0012,0.0056,9.8066,0.0027,0.0374,0.013,4.19,-32.31,21.44,24.03,-84.41,-170.26
52.421314,-1.534755,186.83,0.01,4,269.34,20 / 22,422009,2019-09-06 19:27:07:752,-0.0962,0.1965,9.8801,0.0006,0.0037,9.8066,0.0018,-0.0264,-0.006,4.06,-31.81,21.5,23.33,-84.44,-170.22
52.421314,-1.534755,186.83,0.01,4,269.34,20 / 22,422109,2019-09-06 19:27:07:852,-0.0443,-0.1201,9.9758,-0.0009,-0.0033,9.8066,0.0062,0.0103,-0.0079,4.19,-31.56,21.19,24.09,-84.45,-170.18
52.421314,-1.534755,186.83,0.01,4,269.34,20 / 22,422209,2019-09-06 19:27:07:952,0.0433,0.2854,9.726,-0.0017,-0.0065,9.8066,-0.0438,-0.0226,-0.0187,4.25,-31.56,22.06,23.37,-84.41,-170.2
52.421314,-1.534755,186.83,0.01,4,269.34,20 / 22,422309,2019-09-06 19:27:08:052,0.0727,0.0596,10.0747,0.0007,0.0033,9.8066,0.0298,0.0074,0.001,4.5,-31.69,21.19,27.1,-84.44,-170.16
52.421314,-1.534755,186.83,0.01,4,269.34,19 / 21,422410,2019-09-06 19:27:08:153,-0.1134,0.1447,10.0574,0,-0.003,9.8066,0.0066,-0.0255,-0.0214,4.13,-31.87,21.06,24.4,-84.45,-169.92
52.421314,-1.534755,186.83,0.01,4,269.34,19 / 21,422509,2019-09-06 19:27:08:252,0.0051,0.3113,9.9263,-0.0011,-0.0048,9.8066,0.0056,0.0067,0.0054,4.44,-31.81,21.5,23.43,-84.43,-170.14
52.421314,-1.534755,186.83,0.01,4,269.34,19 / 21,422610,2019-09-06 19:27:08:353,0.0799,-0.1613,9.5518,-0.0005,-0.003,9.8066,-0.0138,-0.0364,-0.0122,4.06,-32.12,22.25,23.4,-84.43,-170.16
52.421314,-1.534755,186.83,0.01,4,269.34,19 / 21,422709,2019-09-06 19:27:08:452,-0.0626,-0.2493,9.8158,0.0003,0.0014,9.8066,0.0185,0.01,-0.0035,4.5,-31.81,21.5,26.3,-84.43,-170.12
52.421314,-1.534755,186.83,0.01,4,269.34,19 / 21,422809,2019-09-06 19:27:08:552,-0.0141,-0.4972,9.8307,0.0003,0.0017,9.8066,0.0075,-0.0378,-0.0156,4.25,-32.19,21.69,23.46,-84.45,-170.11
52.421314,-1.534755,186.83,0.01,4,269.34,19 / 21,422910,2019-09-06 19:27:08:653,-0.1071,0.2955,10.109,-0.001,-0.0017,9.8066,0.0083,0.0048,-0.0182,3.88,-31.87,21.44,24.35,-84.43,-169.98
52.421314,-1.534755,186.83,0.01,4,269.34,19 / 21,423010,2019-09-06 19:27:08:753,0.0198,0.2201,10.1841,-0.0014,-0.004,9.8066,-0.0564,-0.0197,-0.0108,4.44,-32.25,21.63,23.58,-84.43,-170.01
52.421314,-1.534755,186.83,0.01,4,269.34,19 / 21,423109,2019-09-06 19:27:08:852,-0.116,0.2434,9.9842,0.0005,0.0042,9.8066,0.035,-0.0209,-0.0201,4.38,-31.75,21.31,24.4,-84.43,-169.93
52.421314,-1.534755,186.83,0.01,4,269.34,19 / 21,423210,2019-09-06 19:27:08:953,-0.0044,-0.2272,9.6388,0.0004,0.0013,9.8066,0.0022,-0.0106,-0.0085,3.88,-31.81,21.88,23.7,-84.45,-169.9
52.421314,-1.534755,186.83,0.01,4,269.34,19 / 20,423309,2019-09-06 19:27:09:052,-0.0029,-0.0423,9.569,-0.0015,-0.0048,9.8066,-0.0124,-0.0278,-0.0203,4.5,-31.69,21.38,27.25,-84.42,-170.04
52.421314,-1.534755,186.83,0.01,4,269.34,19 / 20,423410,2019-09-06 19:27:09:153,0.1613,-0.2065,9.781,-0.0008,-0.0042,9.8066,-0.0449,-0.0083,0.0069,4.38,-31.69,21.25,24.29,-84.42,-170.03
52.421314,-1.534755,186.83,0.01,4,269.34,19 / 20,423509,2019-09-06 19:27:09:252,-0.015,0.1471,9.9433,0,0.0039,9.8066,0.0274,-0.0305,-0.0268,4.25,-31.69,21.63,23.71,-84.45,-169.89
52.421314,-1.534755,186.83,0.01,4,269.34,19 / 20,423609,2019-09-06 19:27:09:352,-0.0639,-0.3063,9.6458,0.0015,0.0028,9.8066,-0.0099,0.0038,0.0095,4.19,-32.06,21.5,23.68,-84.45,-169.91
52.421314,-1.534755,186.83,0.01,4,269.34,19 / 20,423710,2019-09-06 19:27:09:453,-0.0838,-0.4085,9.9022,0,-0.004,9.8066,-0.0242,-0.0265,-0.0236,4.31,-31.87,22.19,23.67,-84.42,-169.94
52.421314,-1.534755,186.83,0.01,4,269.34,19 / 20,423809,2019-09-06 19:27:09:552,-0.0005,0.2497,10.1291,-0.0011,-0.0055,9.8066,-0.0375,0.0159,0.0096,4.06,-32.31,21.69,23.59,-84.42,-170.01
52.421314,-1.534755,186.83,0.01,4,269.34,19 / 20,423910,2019-09-06 19:27:09:653,-0.0993,0.2296,9.8938,0.0005,0.0019,9.8066,0.0187,-0.0346,-0.0174,4.19,-31.87,21.38,24.43,-84.44,-169.9
52.421314,-1.534755,186.83,0.01,4,269.34,19 / 20,424010,2019-09-06 19:27:09:753,-0.0144,-0.1563,9.9888,0.0001,0.0028,9.8066,0.0014,0.0164,0.0158,3.56,-32.06,21.31,24.59,-84.43,-169.77
52.421314,-1.534755,186.83,0.01,4,269.34,19 / 20,424109,2019-09-06 19:27:09:852,0.0076,0.3116,9.7721,-0.0019,-0.0041,9.8066,-0.0302,-0.0422,-0.0186,4.06,-32.37,21.63,23.92,-84.45,-169.7
52.421314,-1.534755,186.83,0.01,4,269.34,19 / 20,424210,2019-09-06 19:27:09:953,0.1061,-0.0894,9.9891,-0.0005,-0.0019,9.8066,-0.0244,0.0098,0.0125,4.38,-31.94,22.25,23.97,-84.43,-169.67
52.421314,-1.534755,186.83,0.01,4,269.34,19 / 20,424310,2019-09-06 19:27:10:053,-0.004,-0.0638,9.7189,-0.0007,0.001,9.8066,0.0125,-0.0325,-0.0186,4.31,-31.69,21.88,24.01,-84.43,-169.64
52.421314,-1.534755,186.83,0.01,4,269.34,19 / 21,424409,2019-09-06 19:27:10:152,-0.1114,0.0822,9.7526,0.0004,0.0004,9.8066,-0.0157,0.0138,0.0132,4.44,-31.5,22,23.89,-84.43,-169.64
52.421314,-1.534755,186.83,0.01,4,269.34,19 / 21,424510,2019-09-06 19:27:10:253,-0.1449,0.1876,9.8614,0.0006,0.0005,9.8066,-0.0063,-0.0252,-0.015,4.25,-32.31,21.56,23.99,-84.43,-169.65
52.421314,-1.534755,186.83,0.01,4,269.34,19 / 21,424609,2019-09-06 19:27:10:352,-0.0037,-0.122,9.6079,0.0012,0.0019,9.8066,-0.0419,0.0223,0.0023,4.44,-32.06,21.38,24.62,-84.46,-169.72
52.421314,-1.534755,186.83,0.01,4,269.34,19 / 21,424710,2019-09-06 19:27:10:453,-0.0179,0.2491,10.1299,0.0002,-0.0018,9.8066,0.024,-0.0353,-0.0127,4.38,-31.5,21.44,24.53,-84.45,-169.69
52.421314,-1.534755,186.83,0.01,4,269.34,19 / 21,424810,2019-09-06 19:27:10:553,-0.0478,0.2301,9.7681,-0.0008,0.0019,9.8066,0.0078,0.0237,0.0044,4.31,-32.25,21.94,23.95,-84.46,-169.67
52.421314,-1.534755,186.83,0.01,4,269.34,19 / 21,424909,2019-09-06 19:27:10:652,0.0269,-0.1231,9.656,0.0002,0.0014,9.8066,-0.0267,-0.0304,-0.0176,4.31,-32,21.5,24.01,-84.46,-169.62
52.421314,-1.534755,186.83,0.01,4,269.34,19 / 21,425009,2019-09-06 19:27:10:752,0.1367,-0.0254,9.9685,0.0006,0.0026,9.8066,0.0324,0.0228,0.0123,4.5,-32.06,21.44,27.75,-84.47,-169.57
52.421314,-1.534755,186.83,0.01,4,269.34,19 / 21,425110,2019-09-06 19:27:10:853,-0.1121,-0.1035,10.022,-0.0015,-0.003,9.8066,0.0184,-0.0256,-0.0294,4.19,-31.87,21.13,24.64,-84.48,-169.69
52.421314,-1.534755,186.83,0.01,4,269.34,19 / 21,425209,2019-09-06 19:27:10:952,0.0055,0.3441,10.0267,-0.0001,-0.0026,9.8066,0.0107,0.0098,0.0057,4,-31.56,21.56,23.91,-84.47,-169.71
52.421314,-1.534755,186.83,0.01,4,269.34,19 / 21,425310,2019-09-06 19:27:11:053,0.0004,0.0819,9.6058,-0.0038,-0.0044,9.8066,-0.0143,-0.03,-0.013,3.88,-31.94,21.75,24.09,-84.45,-169.56
52.421314,-1.534755,186.83,0.01,4,269.34,20 / 21,425409,2019-09-06 19:27:11:152,-0.0695,-0.2755,9.7294,0.0019,0.0029,9.8066,0.017,0.0206,0.0069,4.5,-32.06,21.31,27.54,-84.48,-169.74
52.421314,-1.534755,186.83,0.01,4,269.34,20 / 21,425510,2019-09-06 19:27:11:253,0.0763,0.1005,10.0547,-0.0008,-0.0046,9.8066,0.0331,-0.0384,-0.0125,4.56,-31.62,21.56,26.67,-84.45,-169.77
52.421314,-1.534755,186.83,0.01,4,269.34,20 / 21,425610,2019-09-06 19:27:11:353,-0.0937,0.1811,9.7927,-0.0005,0.0022,9.8066,-0.0083,0.0316,0.0019,4.25,-31.94,21.56,23.76,-84.45,-169.84
52.421314,-1.534755,186.83,0.01,4,269.34,20 / 21,425709,2019-09-06 19:27:11:452,-0.0253,-0.1296,9.8907,0.0013,0.0006,9.8066,-0.0112,-0.0352,-0.0167,4.38,-31.87,22,23.78,-84.45,-169.82
52.421314,-1.534755,186.83,0.01,4,269.34,20 / 21,425810,2019-09-06 19:27:11:553,-0.1248,0.0745,9.7531,-0.0021,-0.0004,9.8066,0.0169,0.0396,0.0082,4.31,-32,21.88,23.77,-84.43,-169.84
52.421314,-1.534755,186.83,0.01,4,269.34,20 / 21,425909,2019-09-06 19:27:11:652,-0.0455,-0.3739,9.7561,-0.0004,-0.0022,9.8065,0.019,-0.0218,-0.0181,4.56,-31.75,21.13,27.58,-84.43,-169.74
52.421314,-1.534755,186.83,0.01,4,269.34,20 / 21,426009,2019-09-06 19:27:11:752,0.0433,0.3332,9.944,-0.0011,-0.0025,9.8066,0.0122,0.0323,0.0192,4.38,-31.81,21.25,24.62,-84.41,-169.75
52.421314,-1.534755,186.83,0.01,4,269.34,20 / 21,426110,2019-09-06 19:27:11:853,0.0632,-0.2034,9.6261,0.0007,0.0025,9.8066,0.0053,-0.0051,-0.017,4.5,-32.25,21.88,26.58,-84.42,-169.88
52.421314,-1.534755,186.83,0.01,4,269.34,20 / 21,426210,2019-09-06 19:27:11:953,-0.0022,-0.018,9.8392,0.0021,0.0067,9.8066,-0.0183,0.0168,0.0198,4.13,-32.31,21.44,24.49,-84.44,-169.85
52.421314,-1.534755,186.83,0.01,4,269.34,20 / 21,426309,2019-09-06 19:27:12:052,-0.0276,-0.37,9.8176,-0.0016,-0.0059,9.8066,0.03,-0.0038,-0.0024,4.63,-32,21.75,26.51,-84.41,-169.94
52.421314,-1.534755,186.83,0.01,4,269.34,18 / 21,426410,2019-09-06 19:27:12:153,0.0688,0.2069,10.1018,-0.0016,-0.004,9.8066,-0.0146,0.0196,0.0116,3.94,-32.5,21.94,23.83,-84.42,-169.8
52.421314,-1.534755,186.83,0.01,4,269.34,18 / 21,426510,2019-09-06 19:27:12:253,-0.0193,0.123,9.8717,-0.0002,0.0049,9.8066,0.0038,0.0059,0.0066,3.88,-32.25,22.06,23.97,-84.44,-169.67
52.421314,-1.534755,186.83,0.01,4,269.34,18 / 21,426610,2019-09-06 19:27:12:353,-0.0421,-0.3621,9.6964,-0.0012,-0.0038,9.8066,-0.0213,0.0149,0.0009,4.44,-32.25,21.75,23.87,-84.45,-169.75
52.421314,-1.534755,186.83,0.01,4,269.34,18 / 21,426709,2019-09-06 19:27:12:452,-0.0904,0.2624,9.9811,-0.0009,-0.0026,9.8066,0.0177,0.018,0.0121,4.31,-32.06,21.13,24.63,-84.44,-169.73
52.421314,-1.534755,186.83,0.01,4,269.34,18 / 21,426809,2019-09-06 19:27:12:552,-0.0088,0.1977,9.937,-0.0006,-0.0025,9.8066,-0.0054,-0.0005,0.0003,4.75,-31.81,21.75,26.72,-84.44,-169.74
52.421314,-1.534755,186.83,0.01,4,269.34,18 / 21,426910,2019-09-06 19:27:12:653,0.0037,-0.3685,9.8275,0.0023,0.0026,9.8066,-0.0035,0.0317,0.0049,4.31,-32,21.13,24.61,-84.46,-169.73
52.421314,-1.534755,186.83,0.01,4,269.34,18 / 21,427009,2019-09-06 19:27:12:752,-0.0015,0.1899,9.7376,-0.0002,-0.0035,9.8066,-0.0363,-0.0113,0.0019,4.5,-31.87,21.5,26.65,-84.44,-169.8
52.421314,-1.534755,186.83,0.01,4,269.34,18 / 21,427109,2019-09-06 19:27:12:852,0.045,-0.1737,9.9569,0.0006,0.0023,9.8066,-0.0078,0.032,0.0125,4.56,-31.44,21.44,27.33,-84.46,-169.83
52.421314,-1.534755,186.83,0.01,4,269.34,18 / 21,427209,2019-09-06 19:27:12:952,-0.0716,0.2608,10.04,0.0007,0.0054,9.8066,0.0072,-0.0238,-0.0064,4.69,-31.31,21.25,27.36,-84.46,-169.79
52.421314,-1.534755,186.83,0.01,4,269.34,18 / 21,427309,2019-09-06 19:27:13:052,-0.0412,-0.2905,9.692,-0.0013,-0.0046,9.8066,-0.0074,0.0269,0.0165,4.88,-31.87,21.44,27.37,-84.46,-169.91
52.421314,-1.534755,186.83,0.01,4,269.34,18 / 19,427409,2019-09-06 19:27:13:152,-0.0165,-0.0229,9.6327,-0.0006,-0.003,9.8066,-0.0261,-0.0307,-0.0115,3.94,-32.19,21.25,24.44,-84.44,-169.89
52.421314,-1.534755,186.83,0.01,4,269.34,18 / 19,427510,2019-09-06 19:27:13:253,0.1361,-0.1635,9.9021,0.0004,0.0032,9.8066,-0.0222,0.0224,0.0208,4.06,-31.62,21.56,23.6,-84.42,-170
52.421314,-1.534755,186.83,0.01,4,269.34,18 / 19,427609,2019-09-06 19:27:13:352,-0.0528,0.1847,10.0163,0.0002,0.0045,9.8065,0.0268,-0.0299,-0.0176,4.44,-31.5,21.81,23.58,-84.44,-169.9
52.421314,-1.534755,186.83,0.01,4,269.34,18 / 19,427710,2019-09-06 19:27:13:453,0.0034,0.3038,10.0266,-0.0013,-0.0029,9.8066,-0.0149,0.023,0.0137,4.38,-32.06,21.06,24.33,-84.41,-170
52.421314,-1.534755,186.83,0.01,4,269.34,18 / 19,427810,2019-09-06 19:27:13:553,0.0187,0.0556,9.6458,0.0002,-0.0042,9.8066,-0.0191,-0.0295,-0.0183,4.19,-31.44,21.69,23.35,-84.41,-170.12
52.421314,-1.534755,186.83,0.01,4,269.34,18 / 19,427909,2019-09-06 19:27:13:652,-0.0028,-0.145,9.7808,0.0013,0.0042,9.8066,0.019,0.0117,-0.0008,4.13,-31.81,21.25,24.29,-84.41,-170.04
52.421314,-1.534755,186.83,0.01,4,269.34,18 / 19,428010,2019-09-06 19:27:13:753,-0.081,-0.45,9.7847,-0.0019,-0.0047,9.8066,0.0141,-0.0316,-0.0156,4.69,-31.56,21.38,27.29,-84.42,-170.01
52.421314,-1.534755,186.83,0.01,4,269.34,18 / 19,428110,2019-09-06 19:27:13:853,0.085,-0.2529,9.7136,-0.0002,-0.0048,9.8066,0.0106,0.0097,0.0198,4.44,-32.19,21.63,23.55,-84.42,-170.05
52.421314,-1.534755,186.83,0.01,4,269.34,18 / 19,428209,2019-09-06 19:27:13:952,-0.0113,-0.1004,9.8961,-0.0032,-0.0054,9.8066,-0.0287,-0.034,-0.0166,4.06,-32.06,21.56,23.53,-84.39,-170.08
52.421314,-1.534755,186.83,0.01,4,269.34,18 / 19,428310,2019-09-06 19:27:14:053,-0.1018,0.3039,10.0696,0.0019,0.0061,9.8066,0.0254,0.0165,-0.0011,4.31,-32.31,21.63,23.56,-84.42,-170.03
52.421314,-1.534755,186.83,0.01,4,269.34,18 / 21,428409,2019-09-06 19:27:14:152,-0.0228,0.0067,9.7475,0,0.004,9.8066,0.0234,-0.0269,-0.0191,3.88,-32,21.63,23.62,-84.41,-169.99
52.421314,-1.534755,186.83,0.01,4,269.34,18 / 21,428510,2019-09-06 19:27:14:253,-0.0252,0.1036,9.6702,-0.0018,-0.0038,9.8066,0.0029,0.0221,0.0113,4.5,-31.75,20.94,27.29,-84.38,-170.04
52.421314,-1.534755,186.83,0.01,4,269.34,18 / 21,428610,2019-09-06 19:27:14:353,-0.0665,0.3361,9.8711,-0.0005,-0.0018,9.8066,-0.0015,-0.024,-0.0213,4,-31.81,21.63,23.66,-84.4,-169.96
52.421314,-1.534755,186.83,0.01,4,269.34,18 / 21,428710,2019-09-06 19:27:14:453,0.0187,-0.1906,9.825,0.0015,0.0061,9.8066,0.0075,0.0172,0.0062,4.5,-31.56,21.63,26.52,-84.42,-169.92
52.421314,-1.534755,186.83,0.01,4,269.34,18 / 21,428809,2019-09-06 19:27:14:552,0.0289,-0.4103,9.7993,0.001,0.0034,9.8066,0.0243,-0.0318,-0.0173,4.31,-31.5,22,23.62,-84.43,-169.88
52.421314,-1.534755,186.83,0.01,4,269.34,18 / 21,428910,2019-09-06 19:27:14:653,-0.1117,0.2328,10.0488,0,-0.0017,9.8066,0.0103,0.0262,0.0012,3.88,-32.44,21.44,24.58,-84.41,-169.79
52.421314,-1.534755,186.83,0.01,4,269.34,18 / 21,429010,2019-09-06 19:27:14:753,-0.0293,-0.0604,9.6498,-0.0007,-0.0029,9.8066,-0.0238,-0.0344,-0.0138,4.31,-32,21.31,24.47,-84.41,-169.88
52.421314,-1.534755,186.83,0.01,4,269.34,18 / 21,429109,2019-09-06 19:27:14:852,0.0861,-0.033,10.0323,0.0018,0.0011,9.8066,0.0135,0.036,0.0064,4.19,-32.06,21.44,24.44,-84.42,-169.9
52.421314,-1.534755,186.83,0.01,4,269.34,18 / 21,429209,2019-09-06 19:27:14:952,-0.0411,0.3754,10.0486,-0.001,-0.0011,9.8066,0.0289,-0.0257,-0.0217,4.5,-31.81,21.44,27.45,-84.42,-169.86
52.421314,-1.534755,186.83,0.01,4,269.34,18 / 21,429310,2019-09-06 19:27:15:053,-0.05,0.0769,9.6735,-0.0005,-0.0025,9.8066,-0.0014,0.0163,0.0069,4.19,-32.19,21.69,23.8,-84.41,-169.84
52.421314,-1.534755,186.83,0.01,4,269.34,17 / 22,429409,2019-09-06 19:27:15:152,0.0594,-0.3841,9.5687,-0.0004,0.0036,9.8065,-0.0041,-0.0271,-0.0152,4.69,-31.94,21.06,27.36,-84.42,-169.95
52.421314,-1.534755,186.83,0.01,4,269.34,17 / 22,429510,2019-09-06 19:27:15:253,-0.0022,-0.4541,9.6756,-0.0014,-0.0047,9.8066,0.022,0.0233,0.0014,4.88,-31.81,21.25,27.3,-84.43,-169.99
52.421314,-1.534755,186.83,0.01,4,269.34,17 / 22,429609,2019-09-06 19:27:15:352,0.0597,-0.1501,9.9827,-0.0013,-0.0019,9.8066,0.0039,-0.0409,-0.013,4.5,-32.25,21.56,26.47,-84.42,-169.98
52.421314,-1.534755,186.83,0.01,4,269.34,17 / 22,429710,2019-09-06 19:27:15:453,-0.0908,0.3496,9.9846,-0.0013,-0.0036,9.8066,0.0141,0.0238,-0.0032,4.75,-32.06,21.56,26.49,-84.41,-169.96
52.421314,-1.534755,186.83,0.01,4,269.34,17 / 22,429809,2019-09-06 19:27:15:552,-0.0387,0.088,9.6459,0.0005,0.0055,9.8066,-0.0169,-0.0382,-0.018,4,-32.19,21.31,24.64,-84.44,-169.72
52.421314,-1.534755,186.83,0.01,4,269.34,17 / 22,429909,2019-09-06 19:27:15:652,0.0383,0.2022,10.1357,0.0003,0.0053,9.8066,0.023,0.0131,0.0046,4.38,-32.06,22,23.96,-84.45,-169.67
52.421314,-1.534755,186.83,0.01,4,269.34,17 / 22,430010,2019-09-06 19:27:15:753,-0.0325,0.3584,9.8656,-0.0022,-0.0055,9.8066,0.0165,-0.0241,-0.0218,4.56,-31.81,21.25,27.81,-84.41,-169.56
52.421314,-1.534755,186.83,0.01,4,269.34,17 / 22,430110,2019-09-06 19:27:15:853,0.0201,0.0185,9.5786,-0.0022,-0.006,9.8066,0.0116,0.0067,0.0041,4.06,-31.94,21.63,24.11,-84.4,-169.57
52.421314,-1.534755,186.83,0.01,4,269.34,17 / 22,430210,2019-09-06 19:27:15:953,0.0344,0.3421,10.1957,0.0017,0.0055,9.8066,-0.0244,-0.0341,-0.0173,4,-32.12,20.75,24.89,-84.43,-169.5
52.421314,-1.534755,186.83,0.01,4,269.34,17 / 22,430310,2019-09-06 19:27:16:053,-0.0027,-0.3641,9.6798,0.002,0.0098,9.8066,0.0261,0.0131,-0.0042,4.31,-32,21.69,24.24,-84.45,-169.43
52.421314,-1.534755,186.83,0.01,4,269.34,17 / 22,430410,2019-09-06 19:27:16:153,0.0316,-0.3142,9.9427,-0.0028,-0.0058,9.8066,0.0202,-0.04,-0.0105,4.69,-32.44,22.13,27.01,-84.44,-169.49
52.421314,-1.534755,186.83,0.01,4,269.34,17 / 22,430510,2019-09-06 19:27:16:253,-0.0745,0.317,10.0447,-0.0008,-0.0056,9.8066,0.009,0.0161,0.0014,4.25,-31.56,21.88,24.21,-84.42,-169.47
52.421314,-1.534755,186.83,0.01,4,269.34,17 / 22,430611,2019-09-06 19:27:16:354,0.0388,-0.1764,9.7568,0.0019,0.0064,9.8066,-0.0287,-0.0374,-0.0199,4.13,-31.87,21.25,25.03,-84.45,-169.37
52.421314,-1.534755,186.83,0.01,4,269.34,17 / 22,430710,2019-09-06 19:27:16:453,0.0509,0.0433,10.0638,0.001,0.0047,9.8066,0.0319,0.0171,0.0069,3.63,-32.19,21.5,24.32,-84.46,-169.35
52.421314,-1.534755,186.83,0.01,4,269.34,17 / 22,430809,2019-09-06 19:27:16:552,-0.0568,0.33,9.9262,0.0001,-0.0026,9.8066,0.0143,-0.0252,-0.0253,4.56,-31.75,21.13,27.92,-84.45,-169.44
52.421314,-1.534755,186.83,0.01,4,269.34,17 / 22,430910,2019-09-06 19:27:16:653,0.0099,-0.2458,9.8383,-0.0002,0.0029,9.8066,0.0108,0.0168,0.0062,4.5,-31.37,21.31,27.77,-84.44,-169.46
52.421314,-1.534755,186.83,0.01,4,269.34,17 / 22,431009,2019-09-06 19:27:16:752,0.0717,-0.3212,9.8367,0.0007,0.0004,9.8066,-0.0125,-0.0251,-0.0117,4.44,-31.75,21.19,24.93,-84.45,-169.46
52.421314,-1.534755,186.83,0.01,4,269.34,17 / 22,431110,2019-09-06 19:27:16:853,-1.1164,0.6961,10.1708,-0.0054,0.0056,9.8066,-0.0094,-0.0112,0.0523,4.56,-32.19,21.56,26.72,-84.55,-169.66
52.421314,-1.534755,186.83,0.01,4,269.34,17 / 22,431210,2019-09-06 19:27:16:953,0.1414,0.2042,9.822,0.0004,0.0034,9.8066,0.0074,0.015,-0.022,4.69,-32.06,22.06,26.62,-84.49,-169.79
52.421314,-1.534755,186.83,0.01,4,269.34,17 / 22,431310,2019-09-06 19:27:17:053,0.0746,-0.494,9.7157,0.0114,0.0169,9.8065,0.0566,0.0688,-0.0261,4.31,-31.5,21.56,23.55,-84.57,-169.86
52.421314,-1.534755,186.83,0.01,4,269.34,20 / 21,431410,2019-09-06 19:27:17:153,0.8999,-0.3495,9.2638,0.0061,0.0204,9.8065,0.0156,-0.0577,0.1031,4.06,-32.12,21.56,23.67,-84.6,-169.83
52.421314,-1.534755,186.83,0.01,4,269.34,20 / 21,431510,2019-09-06 19:27:17:253,0.5358,0.1038,9.8351,0.0035,-0.0026,9.8066,-0.0215,0.0397,-0.0332,3.94,-32,21,24.73,-84.58,-169.55
52.421314,-1.534755,186.83,0.01,4,269.34,20 / 21,431609,2019-09-06 19:27:17:352,-3.5146,0.7174,11.1147,-0.036,0.0061,9.8065,-0.3042,0.0222,0.093,4.31,-31.69,21.63,24.41,-84.61,-169.18
52.421314,-1.534755,186.83,0.01,4,269.34,20 / 21,431709,2019-09-06 19:27:17:452,-0.5974,-0.7146,10.1062,-0.014,-0.0644,9.8064,-0.0754,0.0029,0.0587,4.44,-32.12,21.38,25.83,-84.52,-168.63
52.421314,-1.534755,186.83,0.01,4,269.34,20 / 21,431811,2019-09-06 19:27:17:554,-0.3864,0.1515,9.8148,-0.0044,-0.0139,9.8066,0.034,-0.0066,0.0271,4.31,-32.12,21.38,26.24,-84.89,-168.02
52.421314,-1.534755,186.83,0.01,4,269.34,20 / 21,431909,2019-09-06 19:27:17:652,-1.0106,1.2193,9.9945,0.0135,-0.038,9.8065,-0.2313,-0.0316,0.1525,4.63,-32.12,21.19,26.87,-84.49,-170.32
52.421314,-1.534755,186.83,0.01,4,269.34,20 / 21,432009,2019-09-06 19:27:17:752,0.0004,-0.1555,10.2635,-0.0178,-0.0121,9.8066,-0.0452,-0.0496,0.0182,4.19,-32.12,21.5,24.57,-84.62,-169.03
52.421314,-1.534755,186.83,0.01,4,269.34,20 / 21,432110,2019-09-06 19:27:17:853,0.3285,-0.1708,9.6676,-0.0027,-0.0056,9.8066,-0.0474,-0.0001,0.0689,4.44,-31.69,22,23.52,-84.75,-169.87
52.421314,-1.534755,186.83,0.01,4,269.34,20 / 21,432209,2019-09-06 19:27:17:952,0.1075,-0.4813,9.5903,-0.0026,-0.0258,9.8066,-0.0293,0.0199,0.0076,4.06,-32.62,21.44,24.22,-84.53,-170.12
52.421314,-1.534755,186.83,0.01,4,269.34,20 / 21,432309,2019-09-06 19:27:18:052,0.601,-0.3864,9.8581,0.0062,0.0313,9.8066,0.0436,0.0146,-0.0168,4.06,-32,21.06,24.68,-84.72,-169.49
52.421314,-1.534755,186.83,0.01,4,269.34,19 / 21,432410,2019-09-06 19:27:18:153,-0.4142,0.0076,9.7625,-0.0104,0.0205,9.8065,-0.0214,-0.0029,-0.0372,4.19,-31.75,20.88,24.8,-84.67,-169.43
52.421314,-1.534755,186.83,0.01,4,269.34,19 / 21,432509,2019-09-06 19:27:18:252,-0.1006,0.0064,9.7464,-0.0084,0.0334,9.8065,-0.0184,0.046,0.0465,4.06,-31.81,21.5,26.69,-84.93,-166.97
52.421314,-1.534755,186.83,0.01,4,269.34,19 / 21,432610,2019-09-06 19:27:18:353,-0.1104,-0.8421,9.5653,0.0148,-0.0119,9.8066,-0.1405,0.0304,0.0074,4.19,-32.06,20.94,26.57,-84.86,-167.75
52.421314,-1.534755,186.83,0.01,4,269.34,19 / 21,432710,2019-09-06 19:27:18:453,-0.1232,-0.3184,9.6372,0.0107,0.0195,9.8065,-0.0061,-0.0764,0.0841,4.19,-32.31,21.25,27.11,-85.22,-167.02
52.421314,-1.534755,186.83,0.01,4,269.34,19 / 21,432810,2019-09-06 19:27:18:553,0.079,0.6734,10.0173,-0.0077,0.014,9.8066,-0.1362,0.0915,-0.0767,4.56,-32.5,20.75,31.36,-85.28,-165.76
52.421314,-1.534755,186.83,0.01,4,269.34,19 / 21,432913,2019-09-06 19:27:18:656,0.7396,-0.2773,9.3093,0.0161,0.0004,9.8066,-0.0976,0.0561,0.019,4.5,-32.06,20.75,28.9,-85.57,-167.74
52.421314,-1.534755,186.83,0.01,4,269.34,19 / 21,433009,2019-09-06 19:27:18:752,-0.5548,-0.1662,10.4691,-0.0269,-0.0575,9.8064,0.0467,0.0191,-0.0208,4.38,-32.44,20.94,27.36,-85.23,-166.79
52.421314,-1.534755,186.83,0.01,4,269.34,19 / 21,433109,2019-09-06 19:27:18:852,-0.234,0.2168,10.0221,0.0006,-0.0081,9.8066,0.0413,0.0295,0.0099,4.5,-31.94,21.13,29.47,-84.74,-167.87
52.421314,-1.534755,186.83,0.01,4,269.34,19 / 21,433210,2019-09-06 19:27:18:953,0.04,-0.2357,9.832,0.0049,-0.0048,9.8066,-0.0004,-0.0355,-0.0171,4.19,-32.31,21.63,25.22,-84.7,-168.41
52.421314,-1.534755,186.83,0.01,4,269.34,19 / 21,433309,2019-09-06 19:27:19:052,0.2005,-0.3892,9.5589,0.0034,-0.0053,9.8066,-0.0004,-0.0355,-0.0171,4.38,-31.87,21.81,25.22,-84.7,-168.41
52.4213,-1.53463,196,0.04,3,269.34,20 / 20,433410,2019-09-06 19:27:19:153,-0.0409,0.1855,9.863,0.0075,-0.01,9.8066,-0.0915,0.0164,-0.0385,4.19,-32.12,21.44,25.63,-84.7,-168.68
52.4213,-1.53463,196,0.04,3,269.34,20 / 20,433509,2019-09-06 19:27:19:252,0.2757,0.0469,9.7868,-0.0024,-0.0048,9.8066,0.0289,0.0283,0.011,4.56,-31.69,21.13,28.26,-84.56,-169.06
52.4213,-1.53463,196,0.04,3,269.34,20 / 20,433610,2019-09-06 19:27:19:353,0.0447,0.1648,9.8542,0.0002,-0.0057,9.8066,0.0152,-0.0252,-0.0212,4.56,-32.12,21.69,27.1,-84.57,-169.32
52.4213,-1.53463,196,0.04,3,269.34,20 / 20,433710,2019-09-06 19:27:19:453,0.0028,-0.3743,9.8238,-0.0019,0.0049,9.8066,-0.0324,0.0183,0.0136,4.56,-31.56,21.25,28.19,-84.57,-169.11
52.4213,-1.53463,196,0.04,3,269.34,20 / 20,433809,2019-09-06 19:27:19:552,-0.1273,0.1432,9.8292,-0.001,-0.0001,9.8066,-0.0066,-0.0274,-0.0139,4.25,-31.75,21.25,25.11,-84.55,-169.23
52.4213,-1.53463,196,0.04,3,269.34,20 / 20,433909,2019-09-06 19:27:19:652,-0.0132,-0.1068,9.7095,0.0013,0.0026,9.8066,-0.0211,0.0152,0.0084,4.06,-32.31,21.06,25.1,-84.56,-169.24
52.4213,-1.53463,196,0.04,3,269.34,20 / 20,434010,2019-09-06 19:27:19:753,0.028,-0.3743,9.7286,0.0007,0.0039,9.8066,0.0166,-0.0349,-0.0058,4.31,-31.69,21.5,24.34,-84.56,-169.27
52.4213,-1.53463,196,0.04,3,269.34,20 / 20,434110,2019-09-06 19:27:19:853,-0.1134,0.0809,10.0348,-0.0013,-0.0042,9.8066,-0.0078,0.0095,0.0062,4.25,-31.69,21.81,24.44,-84.56,-169.18
52.4213,-1.53463,196,0.04,3,269.34,20 / 20,434210,2019-09-06 19:27:19:953,-0.0502,0.2248,9.8851,-0.0031,-0.0051,9.8065,-0.0123,-0.0284,-0.0135,4.38,-31.56,21.13,25.26,-84.53,-169.12
52.4213,-1.53463,196,0.04,3,269.34,20 / 21,434310,2019-09-06 19:27:20:053,-0.091,0.2539,9.8576,0.0018,0.0043,9.8066,-0.0347,-0.0121,0.0064,4.31,-31.69,21.63,24.55,-84.53,-169.1
52.4213,-1.53463,196,0.04,3,269.34,20 / 21,434410,2019-09-06 19:27:20:153,0.0294,0.2245,10.1221,0.0017,0.0074,9.8066,0.0304,-0.0229,-0.0209,4.63,-31.94,21.19,28.28,-84.56,-169.04
52.4213,-1.53463,196,0.04,3,269.34,20 / 21,434509,2019-09-06 19:27:20:252,0.0252,0.2313,10.0678,-0.0025,-0.004,9.8066,0.0144,0.0242,0.0152,4.25,-32.62,21,25.4,-84.53,-169.1
52.4213,-1.53463,196,0.04,3,269.34,20 / 21,434610,2019-09-06 19:27:20:353,-0.1106,0.1926,9.7963,-0.0007,-0.0039,9.8066,-0.002,-0.0164,-0.018,3.94,-31.62,21.63,24.5,-84.54,-169.14
52.4213,-1.53463,196,0.04,3,269.34,20 / 21,434709,2019-09-06 19:27:20:452,-0.0072,0.1076,9.8957,0.0016,0.0046,9.8066,0.0173,0.019,0.0071,3.88,-31.62,21.06,25.28,-84.55,-169.09
52.4213,-1.53463,196,0.04,3,269.34,20 / 21,434809,2019-09-06 19:27:20:552,-0.0916,-0.4619,9.5823,0.002,0.0029,9.8066,0.0224,-0.0423,-0.0168,3.94,-32.12,20.81,25.2,-84.55,-169.15
52.4213,-1.53463,196,0.04,3,269.34,20 / 21,434909,2019-09-06 19:27:20:652,-0.0643,-0.2305,9.9626,-0.0003,-0.004,9.8066,0.0131,0.0248,-0.0108,4.56,-31.5,21.06,28.17,-84.54,-169.03
52.4213,-1.53463,196,0.04,3,269.34,20 / 21,435010,2019-09-06 19:27:20:753,-0.0448,-0.1956,9.9055,-0.002,-0.0069,9.8066,-0.0328,-0.036,-0.0218,4.13,-31.62,21.75,24.53,-84.51,-169.14
52.4213,-1.53463,196,0.04,3,269.34,20 / 21,435109,2019-09-06 19:27:20:852,-0.0227,0.3241,10.1574,0.0012,0.0065,9.8066,0.0399,0.0025,-0.0035,3.81,-32.19,21.38,25.27,-84.54,-169.1
52.4213,-1.53463,196,0.04,3,269.34,20 / 21,435209,2019-09-06 19:27:20:952,-0.0904,-0.1028,9.7567,0.0013,0.0073,9.8066,0.0258,-0.0313,-0.0145,4.88,-31.75,21.06,28.31,-84.54,-169.03
52.4213,-1.53463,196,0.04,3,269.34,20 / 21,435310,2019-09-06 19:27:21:053,0.0444,0.2366,9.7215,-0.0017,-0.0054,9.8065,0.0046,-0.0014,-0.0067,4.44,-31.94,21.75,24.59,-84.54,-169.07
52.4213,-1.53463,196,0.04,3,269.34,20 / 21,435410,2019-09-06 19:27:21:153,0.1036,-0.3211,9.6276,0,-0.0037,9.8066,-0.0104,-0.0313,-0.0097,3.81,-31.75,21.69,24.5,-84.52,-169.16
52.4213,-1.53463,196,0.04,3,269.34,20 / 21,435509,2019-09-06 19:27:21:252,0.0299,0.0162,10.0312,-0.0003,0.0049,9.8066,0.0267,0.0031,-0.0024,4.44,-31.87,21.56,24.65,-84.52,-169.02
52.4213,-1.53463,196,0.04,3,269.34,20 / 21,435610,2019-09-06 19:27:21:353,0.0529,-0.0113,10.0016,-0.0014,-0.0039,9.8066,0.0164,-0.0403,-0.0092,4.5,-32.37,21.56,27.46,-84.53,-169.03
52.4213,-1.53463,196,0.04,3,269.34,20 / 21,435709,2019-09-06 19:27:21:452,-0.0491,0.3079,9.8832,-0.0014,-0.0057,9.8066,0.0053,0.0209,-0.003,4.25,-32,21.19,25.39,-84.49,-169.04
52.4213,-1.53463,196,0.04,3,269.34,20 / 21,435810,2019-09-06 19:27:21:553,-0.0164,-0.0104,9.6434,-0.0014,-0.0041,9.8066,-0.0323,-0.0312,-0.0143,4.56,-31.31,21.13,28.21,-84.48,-169.04
52.4213,-1.53463,196,0.04,3,269.34,20 / 21,435909,2019-09-06 19:27:21:652,-0.0694,-0.3278,9.7421,0.0025,0.0053,9.8066,0.028,0.01,0.0014,3.88,-31.94,21.19,25.44,-84.49,-168.99
52.4213,-1.53463,196,0.04,3,269.34,20 / 21,436010,2019-09-06 19:27:21:753,-0.0514,-0.2198,9.9953,0.0013,0.009,9.8066,0.0261,-0.0328,-0.0193,4,-31.62,21.19,25.54,-84.56,-168.85
52.4213,-1.53463,196,0.04,3,269.34,20 / 21,436110,2019-09-06 19:27:21:853,0.0123,0.179,10.0134,-0.0003,-0.0029,9.8065,-0.0011,0.0097,0.0132,4.56,-31.5,21.44,28.26,-84.54,-168.95
52.4213,-1.53463,196,0.04,3,269.34,20 / 21,436209,2019-09-06 19:27:21:952,-0.1165,0.283,10.019,-0.0012,-0.0031,9.8066,-0.0162,-0.0262,-0.0239,3.94,-32.19,20.94,25.54,-84.53,-168.88
52.4213,-1.53463,196,0.04,3,269.34,20 / 20,436310,2019-09-06 19:27:22:053,-0.017,-0.4376,9.7942,-0.001,0.0035,9.8066,0.0223,0.0158,0.0037,4.38,-31.87,21.44,25.46,-84.55,-168.93
52.4213,-1.53463,196,0.04,3,269.34,20 / 20,436410,2019-09-06 19:27:22:153,0.0634,0.0498,10.0387,0.0012,-0.0001,9.8066,0.0257,-0.0342,-0.0106,4.19,-32,21.88,24.79,-84.56,-168.88
52.4213,-1.53463,196,0.04,3,269.34,20 / 20,436509,2019-09-06 19:27:22:252,-0.077,0.3288,9.9073,-0.0005,0.0038,9.8066,0.014,0.0218,-0.0019,4.31,-31.5,21.69,24.9,-84.57,-168.67
52.4213,-1.53463,196,0.04,3,269.34,20 / 20,436609,2019-09-06 19:27:22:352,-0.1075,0.0281,9.9082,-0.0008,0.0019,9.8066,-0.0352,-0.0332,-0.0202,4.19,-32.37,21.31,25.75,-84.56,-168.67
52.4213,-1.53463,196,0.04,3,269.34,20 / 20,436710,2019-09-06 19:27:22:453,0.1374,-0.1252,9.9076,0.0017,0.0014,9.8066,0.043,0.0122,0.003,4.5,-32.37,21.25,28.64,-84.56,-168.72
52.4213,-1.53463,196,0.04,3,269.34,20 / 20,436809,2019-09-06 19:27:22:552,0.0259,-0.3589,9.6854,-0.0015,-0.008,9.8066,0.0278,-0.024,-0.0232,4.13,-31.87,21.13,25.63,-84.56,-168.77
52.4213,-1.53463,196,0.04,3,269.34,20 / 20,436910,2019-09-06 19:27:22:653,-0.0076,-0.1765,9.6405,0.0005,0.0058,9.8066,0.0069,0.0061,0.01,4.25,-32.19,21.69,24.74,-84.52,-168.95
52.4213,-1.53463,196,0.04,3,269.34,20 / 20,437009,2019-09-06 19:27:22:752,0.0851,-0.0422,9.9647,0.0007,0.0044,9.8065,-0.0104,-0.0272,-0.0198,3.94,-32.12,21.44,25.58,-84.55,-168.83
52.4213,-1.53463,196,0.04,3,269.34,20 / 20,437110,2019-09-06 19:27:22:853,-0.0767,-0.0333,10.0519,-0.0008,-0.0033,9.8066,0.0182,0.0153,0.0045,4,-32.12,21.56,24.92,-84.56,-168.76
52.4213,-1.53463,196,0.04,3,269.34,20 / 20,437210,2019-09-06 19:27:22:953,0.0592,0.2787,9.9344,-0.0018,-0.0034,9.8066,0.0216,-0.0381,-0.0145,4.06,-32.31,21.13,25.61,-84.54,-168.81
52.4213,-1.53463,196,0.04,3,269.34,20 / 21,437310,2019-09-06 19:27:23:053,-0.1194,0.1269,9.8088,0.0013,0.0015,9.8066,-0.0017,0.0406,-0.001,4.56,-32.06,21.75,27.74,-84.55,-168.77
52.4213,-1.53463,196,0.04,3,269.34,20 / 21,437410,2019-09-06 19:27:23:153,0.0316,-0.3229,9.7539,-0.0011,0.0018,9.8065,-0.0063,-0.0217,-0.0112,4.25,-32,21.5,24.94,-84.55,-168.75
52.4213,-1.53463,196,0.04,3,269.34,20 / 21,437510,2019-09-06 19:27:23:253,0.0491,-0.1645,9.9468,0.0012,0.0015,9.8066,-0.0024,0.0294,0.0084,4.06,-31.69,21.38,25.7,-84.56,-168.71
52.4213,-1.53463,196,0.04,3,269.34,20 / 21,437609,2019-09-06 19:27:23:352,-0.0529,0.2847,9.8751,0.0004,0.0007,9.8066,0.0286,-0.0131,-0.0115,4.5,-31.56,21.31,28.68,-84.57,-168.69
52.4213,-1.53463,196,0.04,3,269.34,20 / 21,437709,2019-09-06 19:27:23:452,0.0137,0.0577,9.9265,-0.0003,-0.0001,9.8066,0.0068,0.0229,0.0212,4.13,-31.19,21.81,24.78,-84.57,-168.78
52.4213,-1.53463,196,0.04,3,269.34,20 / 21,437809,2019-09-06 19:27:23:552,-0.0725,-0.3658,9.7125,0.0011,0.0009,9.8065,0.0006,-0.003,-0.0136,4.31,-32.37,20.81,25.65,-84.57,-168.75
52.4213,-1.53463,196,0.04,3,269.34,20 / 21,437910,2019-09-06 19:27:23:653,-0.0836,-0.1573,10.0171,-0.0007,0.0001,9.8066,-0.0142,0.0103,0.0171,4.63,-32.25,21.69,27.72,-84.57,-168.78
52.4213,-1.53463,196,0.04,3,269.34,20 / 21,438010,2019-09-06 19:27:23:753,0.0149,0.0987,10.0359,0,0.0001,9.8066,0.0188,-0.0242,-0.0161,4.31,-31.81,21.56,24.84,-84.57,-168.83
52.4213,-1.53463,196,0.04,3,269.34,20 / 21,438110,2019-09-06 19:27:23:853,-0.0605,0.2664,10.0171,-0.0004,0,9.8066,-0.0167,0.0101,0.0078,4.56,-31.87,20.94,28.56,-84.55,-168.8
52.4213,-1.53463,196,0.04,3,269.34,20 / 21,438210,2019-09-06 19:27:23:953,0.021,-0.2465,9.704,-0.0019,-0.0044,9.8065,-0.0051,-0.0292,-0.0131,4.38,-31.31,21.25,25.32,-84.51,-168.97
52.4213,-1.53463,196,0.04,3,269.34,21 / 21,438310,2019-09-06 19:27:24:053,0.0352,-0.0586,9.7399,-0.0036,-0.0003,9.8066,-0.02,0.0119,0.0055,4,-32.44,21.38,25.52,-84.51,-168.91
52.4213,-1.53463,196,0.04,3,269.34,21 / 21,438409,2019-09-06 19:27:24:152,0.0902,-0.0105,10.035,0.0003,0.0011,9.8066,0.0241,-0.0365,-0.0184,4.19,-31.87,21.25,25.73,-84.52,-168.72
52.4213,-1.53463,196,0.04,3,269.34,21 / 21,438510,2019-09-06 19:27:24:253,-0.0487,0.0845,9.9318,-0.0004,0.0019,9.8066,0.0006,0.0034,0.0084,4.06,-31.94,21.69,25.06,-84.51,-168.67
52.4213,-1.53463,196,0.04,3,269.34,21 / 21,438610,2019-09-06 19:27:24:353,0.0275,0.2471,9.9193,0.0014,0.003,9.8066,-0.0099,-0.0253,-0.0129,4.69,-32.31,21.13,28.71,-84.53,-168.69
52.4213,-1.53463,196,0.04,3,269.34,21 / 21,438710,2019-09-06 19:27:24:453,0.1271,-0.0744,9.5925,-0.0002,0.0018,9.8066,-0.0366,-0.0167,0.0016,4.06,-32,21.63,25.11,-84.54,-168.61
52.4213,-1.53463,196,0.04,3,269.34,21 / 21,438810,2019-09-06 19:27:24:553,-0.003,-0.1426,9.9073,-0.0014,-0.0024,9.8066,0.0256,-0.0166,-0.0185,4.25,-31.94,21.13,25.9,-84.54,-168.56
52.4213,-1.53463,196,0.04,3,269.34,21 / 21,438910,2019-09-06 19:27:24:653,-0.0188,-0.3592,9.8956,0.0005,-0.0015,9.8066,-0.0049,-0.0182,-0.0025,4.56,-32.12,21.19,28.89,-84.53,-168.53
52.4213,-1.53463,196,0.04,3,269.34,21 / 21,439009,2019-09-06 19:27:24:752,-0.0762,0.3094,10.0546,-0.0007,-0.0027,9.8065,0.0036,-0.0054,-0.0132,4.5,-32.19,21.44,28.72,-84.52,-168.69
52.4213,-1.53463,196,0.04,3,269.34,21 / 21,439110,2019-09-06 19:27:24:853,0.0616,0.2634,9.7417,0.0018,0.0032,9.8066,-0.0479,-0.0106,-0.0118,4.81,-32,21.88,27.84,-84.55,-168.68
52.4213,-1.53463,196,0.04,3,269.34,21 / 21,439210,2019-09-06 19:27:24:953,-0.1354,-0.0344,9.7274,-0.0009,-0.0031,9.8066,0.0379,-0.0251,-0.0129,4.56,-31.69,21.75,28.01,-84.54,-168.54
52.4213,-1.53463,196,0.04,3,269.34,20 / 21,439309,2019-09-06 19:27:25:052,0.0193,-0.3744,9.7222,-0.0015,-0.0051,9.8066,0.0045,-0.0131,-0.0049,4,-32.31,21.19,25.85,-84.52,-168.61
52.4213,-1.53463,196,0.04,3,269.34,20 / 21,439410,2019-09-06 19:27:25:153,0.0302,-0.2033,9.9871,-0.0007,-0.0018,9.8066,-0.0184,-0.0351,-0.0232,4.19,-33.12,21.56,25.29,-84.54,-168.56
52.4213,-1.53463,196,0.04,3,269.34,20 / 21,439509,2019-09-06 19:27:25:252,0.0724,-0.1272,10.0421,-0.0001,0.0044,9.8066,-0.0364,-0.0064,0.0102,3.5,-32.81,21.06,25.94,-84.55,-168.63
52.4213,-1.53463,196,0.04,3,269.34,20 / 21,439610,2019-09-06 19:27:25:353,0.045,0.255,10.0709,0.0018,0.0033,9.8066,0.0198,-0.0364,-0.0342,3.94,-33,21.25,26.02,-84.58,-168.53
52.4213,-1.53463,196,0.04,3,269.34,20 / 21,439710,2019-09-06 19:27:25:453,-0.0672,0.102,9.7188,-0.0004,-0.0015,9.8066,-0.0149,0.0135,0.0208,4,-32.56,21.38,25.95,-84.58,-168.6
52.4213,-1.53463,196,0.04,3,269.34,20 / 21,439809,2019-09-06 19:27:25:552,-0.0707,0.1074,9.6588,-0.0013,-0.0023,9.8066,-0.0127,-0.0342,-0.0161,3.69,-32.44,20.88,25.8,-84.57,-168.62
52.4213,-1.53463,196,0.04,3,269.34,20 / 21,439910,2019-09-06 19:27:25:653,-0.0312,-0.2294,9.5024,0.0003,0.0008,9.8066,-0.0136,0.0376,0.019,4.13,-32.37,21.31,25.72,-84.59,-168.68
52.4213,-1.53463,196,0.04,3,269.34,20 / 21,440010,2019-09-06 19:27:25:753,0.1613,-0.4049,9.8134,0.0008,-0.0013,9.8066,-0.01,-0.0321,-0.0068,3.88,-32,21,25.74,-84.59,-168.66
52.4213,-1.53463,196,0.04,3,269.34,20 / 21,440110,2019-09-06 19:27:25:853,-0.0051,-0.5251,9.8149,-0.0016,-0.0021,9.8066,0.022,0.0352,0.0247,4.25,-32.31,21.25,25.64,-84.59,-168.75
52.4213,-1.53463,196,0.04,3,269.34,20 / 21,440210,2019-09-06 19:27:25:953,0.0537,0.1276,10.0694,-0.0002,-0.0025,9.8066,-0.0478,0.0078,0.0028,3.88,-31.87,21.63,25.13,-84.59,-168.56
52.4213,-1.53463,196,0.04,3,269.34,20 / 21,440310,2019-09-06 19:27:26:053,-0.1367,0.3868,10.0164,0.0005,0.0034,9.8066,0.0142,0.0303,0.012,4.13,-31.37,21.19,25.96,-84.61,-168.35
52.4213,-1.53463,196,0.04,3,269.34,20 / 20,440409,2019-09-06 19:27:26:152,0.0075,0.3811,10.1712,-0.0006,-0.0005,9.8066,0.0034,0.0346,0.0234,3.56,-31.87,21.38,26.09,-84.61,-168.34
52.4213,-1.53463,196,0.04,3,269.34,20 / 20,440510,2019-09-06 19:27:26:253,-0.0441,0.0782,9.7923,0.0008,-0.0008,9.8065,0.02,0.0078,-0.0106,3.88,-31.37,21.94,25.12,-84.6,-168.46
52.4213,-1.53463,196,0.04,3,269.34,20 / 20,440610,2019-09-06 19:27:26:353,0.0713,-0.4176,9.5732,-0.0025,0.0006,9.8066,-0.0119,0.0402,0.0305,3.06,-31.75,21.38,23.17,-84.6,-168.26
52.4213,-1.53463,196,0.04,3,269.34,20 / 20,440710,2019-09-06 19:27:26:453,-0.0189,-0.1539,9.5523,-0.001,-0.0025,9.8066,0.0293,-0.0282,-0.0168,3.38,-31.94,21.69,22.65,-84.59,-168.21
52.4213,-1.53463,196,0.04,3,269.34,20 / 20,440809,2019-09-06 19:27:26:552,0.1128,-0.4286,9.8666,0.0003,-0.003,9.8066,0.012,0.0453,0.011,3.63,-32.19,21.19,26.24,-84.57,-168.24
52.4213,-1.53463,196,0.04,3,269.34,20 / 20,440910,2019-09-06 19:27:26:653,-0.0153,0.294,10.1691,0.0003,0.0036,9.8066,-0.0217,-0.0396,-0.0222,3.5,-31.94,21.31,26.2,-84.58,-168.27
52.4213,-1.53463,196,0.04,3,269.34,20 / 20,441009,2019-09-06 19:27:26:752,0.0743,0.3831,10.147,0.0012,0.0016,9.8066,0.0334,0.0322,0.0047,4,-31.69,21.5,25.37,-84.57,-168.36
52.4213,-1.53463,196,0.04,3,269.34,20 / 20,441110,2019-09-06 19:27:26:853,-0.029,0.3277,9.8341,-0.0024,-0.0013,9.8066,-0.0126,0.0194,0.0169,3.44,-32.06,21.25,23.22,-84.53,-168.25
52.4213,-1.53463,196,0.04,3,269.34,20 / 20,441210,2019-09-06 19:27:26:953,0.0338,-0.187,9.6283,0.0006,0.0026,9.8066,0.013,0.0125,0.0017,3.56,-32.06,21.13,26.3,-84.52,-168.22
52.4213,-1.53463,196,0.04,3,269.34,20 / 21,441309,2019-09-06 19:27:27:052,-0.0862,-0.5823,9.6409,0.0019,0.0045,9.8066,-0.0302,0.0188,0.0027,3.75,-32,21.56,25.62,-84.52,-168.17
52.4213,-1.53463,196,0.04,3,269.34,20 / 21,441410,2019-09-06 19:27:27:153,-0.0975,0.002,10.0209,-0.0005,0.0001,9.8066,0.0162,0.0166,0.0041,4,-32.06,21.5,25.63,-84.54,-168.16
52.4213,-1.53463,196,0.04,3,269.34,20 / 21,441509,2019-09-06 19:27:27:252,0.0532,0.3266,9.8662,0.0006,-0.0017,9.8066,0.0024,-0.0065,-0.0027,3.88,-32.12,21.69,25.41,-84.55,-168.35
52.4213,-1.53463,196,0.04,3,269.34,20 / 21,441610,2019-09-06 19:27:27:353,-0.0729,-0.1131,9.7673,0.0008,-0.0015,9.8066,-0.0132,0.0234,0.0053,3.88,-32.44,21.38,26.06,-84.54,-168.42
52.4213,-1.53463,196,0.04,3,269.34,20 / 21,441710,2019-09-06 19:27:27:453,-0.0105,-0.1147,9.9535,-0.0006,-0.0032,9.8066,-0.0106,-0.0181,-0.0129,3.25,-32.19,21.31,22.93,-84.52,-168.52
52.4213,-1.53463,196,0.04,3,269.34,20 / 21,441809,2019-09-06 19:27:27:552,0.0247,0.2656,9.9071,-0.0008,-0.0028,9.8066,-0.0159,0.0008,-0.0045,4,-31.62,21.5,25.16,-84.51,-168.59
52.4213,-1.53463,196,0.04,3,269.34,20 / 21,441909,2019-09-06 19:27:27:652,-0.0412,0.0976,9.7781,-0.0003,0.002,9.8066,0.0271,0.0029,0.0015,3.94,-32.31,21.19,25.88,-84.5,-168.6
52.4213,-1.53463,196,0.04,3,269.34,20 / 21,442010,2019-09-06 19:27:27:753,-0.0124,-0.2569,9.9094,-0.0005,-0.0008,9.8066,0.015,-0.0156,-0.0138,4.38,-31.81,21.13,25.99,-84.52,-168.49
52.4213,-1.53463,196,0.04,3,269.34,20 / 21,442109,2019-09-06 19:27:27:852,0.0109,0.1515,9.9324,-0.0002,-0.0025,9.8066,0.0046,0.0192,0.0135,3.81,-32.06,21.31,26.01,-84.52,-168.47
52.4213,-1.53463,196,0.04,3,269.34,20 / 21,442209,2019-09-06 19:27:27:952,-0.0225,0.1838,9.843,0.0001,0.0005,9.8066,-0.0005,0.0113,-0.007,4.38,-31.87,21.69,25.28,-84.53,-168.47
52.4213,-1.53463,196,0.04,3,269.34,20 / 21,442310,2019-09-06 19:27:28:053,0.0713,-0.365,9.8319,0.0002,-0.0006,9.8066,-0.0231,-0.0025,0.0048,3.81,-32,21.56,25.09,-84.53,-168.63
52.4213,-1.53463,196,0.04,3,269.34,20 / 20,442409,2019-09-06 19:27:28:152,-0.0263,0.0136,9.968,0.0018,0.0002,9.8066,0.0276,0.0267,0.011,4.31,-31.87,21.25,25.68,-84.54,-168.74
52.4213,-1.53463,196,0.04,3,269.34,20 / 20,442510,2019-09-06 19:27:28:253,0.0095,0.2326,9.9662,0.0003,0.0036,9.8066,0.0066,-0.0278,-0.0063,3.75,-31.69,21.13,25.65,-84.54,-168.77
52.4213,-1.53463,196,0.04,3,269.34,20 / 20,442610,2019-09-06 19:27:28:353,0.0412,-0.1284,9.7172,0.0012,0.004,9.8066,-0.0024,0.0202,0.0156,4.13,-32.12,21.5,24.97,-84.54,-168.73
52.4213,-1.53463,196,0.04,3,269.34,20 / 20,442710,2019-09-06 19:27:28:453,0.0311,-0.4021,9.8848,-0.0016,-0.0023,9.8066,-0.019,-0.029,-0.0144,4.06,-32.19,21.13,25.67,-84.53,-168.76
52.4213,-1.53463,196,0.04,3,269.34,20 / 20,442810,2019-09-06 19:27:28:553,0.171,-0.0944,9.9557,-0.0002,-0.0045,9.8066,-0.0249,0.0024,0.0162,4.06,-31.87,21.25,25.67,-84.51,-168.78
52.4213,-1.53463,196,0.04,3,269.34,20 / 20,442910,2019-09-06 19:27:28:653,-0.0079,0.2747,9.9803,0.0016,0.0045,9.8065,0.016,-0.0257,-0.0225,4.19,-31.87,21.31,25.88,-84.54,-168.58
52.4213,-1.53463,196,0.04,3,269.34,20 / 20,443009,2019-09-06 19:27:28:752,-0.1023,-0.097,9.6864,0.0009,0.0034,9.8066,-0.0159,-0.002,0.0027,4.31,-31.87,21.81,25.1,-84.54,-168.62
52.4213,-1.53463,196,0.04,3,269.34,20 / 20,443111,2019-09-06 19:27:28:854,-0.032,-0.3673,9.5408,-0.0001,-0.0028,9.8066,-0.0037,-0.0254,-0.0208,4.25,-31.94,21.69,25.15,-84.52,-168.58
52.4213,-1.53463,196,0.04,3,269.34,20 / 20,443210,2019-09-06 19:27:28:953,0.0239,-0.2337,9.8613,0.0009,0.0022,9.8066,-0.046,-0.0043,-0.0038,4.5,-32.31,21.13,28.82,-84.52,-168.6
52.4213,-1.53463,196,0.04,3,269.34,20 / 20,443309,2019-09-06 19:27:29:052,-0.0078,0.3349,10.1574,0.0009,0.0009,9.8066,0.0337,-0.0313,-0.0155,4.38,-31.94,21.19,25.89,-84.53,-168.57
52.4213,-1.53463,196,0.04,3,269.34,20 / 20,443410,2019-09-06 19:27:29:153,-0.0859,0.3954,10.0297,0.0001,0.0007,9.8066,-0.0011,-0.0019,-0.0027,4.44,-31.81,21.31,25.9,-84.51,-168.57
52.4213,-1.53463,196,0.04,3,269.34,20 / 20,443510,2019-09-06 19:27:29:253,0.0596,0.385,9.7642,0,0.0007,9.8066,-0.0125,-0.0319,-0.0189,4,-32.06,21.56,25.16,-84.51,-168.58
52.4213,-1.53463,196,0.04,3,269.34,20 / 20,443609,2019-09-06 19:27:29:352,0.1904,-0.3525,9.5649,-0.0001,-0.0001,9.8066,-0.0437,-0.0139,0.0146,3.88,-32.5,22.31,25.15,-84.51,-168.59
52.4213,-1.53463,196,0.04,3,269.34,20 / 20,443710,2019-09-06 19:27:29:453,0.0106,-0.485,9.6189,-0.001,0.0013,9.8066,0.0254,-0.032,-0.0294,4,-31.81,21.13,25.85,-84.5,-168.62
52.4213,-1.53463,196,0.04,3,269.34,20 / 20,443810,2019-09-06 19:27:29:553,0.0842,-0.203,9.9545,0.0009,0.0009,9.8066,-0.011,0.0044,0.013,4.19,-32.31,22,25.25,-84.51,-168.5
52.4213,-1.53463,196,0.04,3,269.34,20 / 20,443909,2019-09-06 19:27:29:652,-0.0013,0.052,9.651,-0.0006,-0.0009,9.8065,-0.0106,-0.0349,-0.0261,4.44,-32.12,20.94,26.07,-84.51,-168.44
52.4213,-1.53463,196,0.04,3,269.34,20 / 20,444010,2019-09-06 19:27:29:753,0.0366,-0.2543,9.626,-0.0011,-0.0033,9.8066,-0.0284,0.0192,0.0122,4.31,-32.12,21.81,25.32,-84.49,-168.46
52.4213,-1.53463,196,0.04,3,269.34,20 / 20,444110,2019-09-06 19:27:29:853,0.0029,-0.5201,9.6028,0.0017,0.0014,9.8066,0.0086,-0.0438,-0.0207,4.13,-32.06,21.13,25.99,-84.51,-168.5
52.4213,-1.53463,196,0.04,3,269.34,20 / 20,444209,2019-09-06 19:27:29:952,-0.0178,-0.047,10.0553,0.0005,0.0025,9.8066,-0.0056,0.0242,0.0183,4.19,-31.94,21.13,25.97,-84.51,-168.52
52.4213,-1.53463,196,0.04,3,269.34,20 / 20,444310,2019-09-06 19:27:30:053,0.0298,0.3678,10.0894,-0.0007,-0.0025,9.8066,-0.0334,-0.0361,-0.0193,3.88,-31.81,20.88,26,-84.52,-168.48
52.4213,-1.53463,196,0.04,3,269.34,20 / 20,444409,2019-09-06 19:27:30:152,0.0088,0.4346,10.1829,0.0003,0.002,9.8066,0.0378,-0.0115,-0.0105,3.88,-32.12,22.13,25.29,-84.51,-168.47
52.4213,-1.53463,196,0.04,3,269.34,20 / 20,444510,2019-09-06 19:27:30:253,-0.0478,0.0279,9.8077,-0.001,-0.0018,9.8066,0.0002,-0.0238,-0.0092,3.56,-32.25,20.88,26.09,-84.49,-168.42
52.4213,-1.53463,196,0.04,3,269.34,20 / 20,444610,2019-09-06 19:27:30:353,-0.0383,0.0281,9.711,0.0007,-0.0001,9.8065,-0.0027,-0.0154,-0.0164,4.13,-31.62,21.69,25.36,-84.49,-168.42
52.4213,-1.53463,196,0.04,3,269.34,20 / 20,444710,2019-09-06 19:27:30:453,0.1615,-0.3859,9.5506,-0.0002,0.0023,9.8066,-0.0382,-0.0135,-0.0007,4.19,-32.25,21,26.15,-84.51,-168.36
52.4213,-1.53463,196,0.04,3,269.34,20 / 20,444810,2019-09-06 19:27:30:553,-0.0347,-0.1075,10.005,-0.0006,-0.0002,9.8066,0.0337,-0.0189,-0.0194,3.94,-32.31,21.25,26.14,-84.5,-168.37
52.4213,-1.53463,196,0.04,3,269.34,20 / 20,444910,2019-09-06 19:27:30:653,-0.0653,0.3804,10.0949,0.0016,0.0021,9.8066,-0.0071,-0.0245,-0.0052,4,-32,21,26.17,-84.49,-168.35
52.4213,-1.53463,196,0.04,3,269.34,20 / 20,445009,2019-09-06 19:27:30:752,-0.0237,0.3612,9.89,-0.0013,0.0009,9.8066,-0.0049,-0.0074,-0.0239,4.19,-32.37,20.88,26.23,-84.5,-168.3
52.4213,-1.53463,196,0.04,3,269.34,20 / 20,445110,2019-09-06 19:27:30:853,0.0105,-0.0381,9.6107,-0.0009,-0.0023,9.8065,-0.0398,-0.0207,-0.0033,3.81,-32,21,26.09,-84.49,-168.42
52.4213,-1.53463,196,0.04,3,269.34,20 / 20,445210,2019-09-06 19:27:30:953,0.1423,-0.3434,9.8003,0.0004,0.0018,9.8066,0.0439,-0.0088,-0.0107,3.44,-32.25,20.88,23.13,-84.49,-168.36
52.4213,-1.53463,196,0.04,3,269.34,19 / 20,445310,2019-09-06 19:27:31:053,-0.0021,0.2481,10.0784,-0.0005,-0.0015,9.8066,0.0089,-0.0157,-0.0113,3.81,-32.19,21.25,26.08,-84.49,-168.43
52.4213,-1.53463,196,0.04,3,269.34,19 / 20,445410,2019-09-06 19:27:31:153,0.0354,0.2879,9.7305,0.0004,-0.0008,9.8066,0.0002,-0.0081,-0.0049,4,-31.87,21.44,26.04,-84.5,-168.46
52.4213,-1.53463,196,0.04,3,269.34,19 / 20,445509,2019-09-06 19:27:31:252,0.1213,-0.3903,9.6206,0.0014,0.0029,9.8066,-0.0315,-0.029,-0.0114,3.94,-32.06,21.06,26.1,-84.49,-168.42
52.4213,-1.53463,196,0.04,3,269.34,19 / 20,445610,2019-09-06 19:27:31:353,0.0305,0.154,10.0757,-0.0001,-0.0039,9.8066,0.0269,0.0058,-0.0077,4.13,-32.25,21.19,26.12,-84.51,-168.38
52.4213,-1.53463,196,0.04,3,269.34,19 / 20,445710,2019-09-06 19:27:31:453,0.0251,0.1443,10.0347,0.0002,-0.0047,9.8066,0.0082,-0.0395,-0.0175,3.88,-31.81,21.38,25.93,-84.49,-168.57
52.4213,-1.53463,196,0.04,3,269.34,19 / 20,445810,2019-09-06 19:27:31:553,-0.0313,0.3124,9.7353,-0.0006,-0.0065,9.8066,0.0043,0.0268,-0.0026,4.13,-31.69,21.44,25.77,-84.48,-168.71
52.4213,-1.53463,196,0.04,3,269.34,19 / 20,445910,2019-09-06 19:27:31:653,0.0442,-0.1243,9.6251,0.0028,0.008,9.8066,-0.042,-0.032,-0.0219,4.44,-31.81,21.38,25.83,-84.52,-168.63
52.4213,-1.53463,196,0.04,3,269.34,19 / 20,446010,2019-09-06 19:27:31:753,-0.0116,-0.5442,9.6478,-0.002,-0.0059,9.8066,0.0401,0.015,0.0092,4.13,-31.87,20.94,25.89,-84.5,-168.59
52.4213,-1.53463,196,0.04,3,269.34,19 / 20,446109,2019-09-06 19:27:31:852,-0.0927,0.0546,10.0716,-0.001,-0.0056,9.8066,0.0193,-0.0284,-0.0265,3.81,-32.25,21.75,25.17,-84.5,-168.58
52.4213,-1.53463,196,0.04,3,269.34,19 / 20,446210,2019-09-06 19:27:31:953,0.0661,0.4138,9.9902,-0.0005,-0.0047,9.8066,0.0175,0.0146,0.0076,3.94,-32,21.06,25.83,-84.47,-168.66
52.4213,-1.53463,196,0.04,3,269.34,19 / 19,446311,2019-09-06 19:27:32:054,-0.078,0.3293,10.0103,0.0013,0.0038,9.8066,-0.0009,-0.0305,-0.0217,3.75,-32.12,21.31,25.75,-84.5,-168.72
52.4213,-1.53463,196,0.04,3,269.34,19 / 19,446410,2019-09-06 19:27:32:153,0.0192,-0.2349,9.5499,0.0009,0.0038,9.8066,0.0233,0.015,0.0033,3.56,-31.87,21.38,25.81,-84.5,-168.66
52.4213,-1.53463,196,0.04,3,269.34,19 / 19,446510,2019-09-06 19:27:32:253,0.0196,-0.5499,9.705,-0.0002,-0.0014,9.8066,-0.0035,-0.0384,-0.0216,3.75,-31.94,21.44,25.61,-84.49,-168.84
52.4213,-1.53463,196,0.04,3,269.34,19 / 19,446610,2019-09-06 19:27:32:353,0.1373,-0.5518,9.633,-0.0013,-0.0044,9.8066,0.025,0.0111,-0.0083,3.44,-32.31,21.06,22.61,-84.49,-168.8
52.4213,-1.53463,196,0.04,3,269.34,19 / 19,446714,2019-09-06 19:27:32:457,-0.0249,0.1001,10.1365,0.0009,0.004,9.8066,-0.0413,-0.0296,-0.0114,4.56,-32.12,21.38,28.67,-84.5,-168.75
52.4213,-1.53463,196,0.04,3,269.34,19 / 19,446810,2019-09-06 19:27:32:553,-0.0241,0.4575,10.0927,-0.0009,-0.0036,9.8066,0.0354,-0.0029,-0.0112,3.81,-32.19,21.38,25.71,-84.51,-168.74
52.4213,-1.53463,196,0.04,3,269.34,19 / 19,446910,2019-09-06 19:27:32:653,-0.0323,0.4296,9.9094,-0.0007,-0.0047,9.8066,0.0031,-0.0219,-0.0161,3.5,-31.75,21.63,24.9,-84.49,-168.82
52.4213,-1.53463,196,0.04,3,269.34,19 / 19,447009,2019-09-06 19:27:32:752,0.0489,-0.0317,9.5979,-0.0011,-0.0057,9.8066,0.003,-0.0171,-0.0068,3.63,-31.62,20.81,25.62,-84.48,-168.84
52.4213,-1.53463,196,0.04,3,269.34,19 / 19,447110,2019-09-06 19:27:32:853,0.1505,-0.2236,9.8987,0.0007,0.0051,9.8066,-0.0381,-0.029,-0.005,3.94,-32,21.13,25.65,-84.52,-168.79
52.4213,-1.53463,196,0.04,3,269.34,19 / 19,447210,2019-09-06 19:27:32:953,-0.0213,-0.2568,9.9347,0.0015,0.0059,9.8066,0.028,-0.0046,-0.0136,4.44,-31.25,20.69,25.46,-84.52,-168.84
52.4213,-1.53463,196,0.04,3,269.34,19 / 19,447310,2019-09-06 19:27:33:053,0.0225,0.2914,10.0662,-0.0018,-0.0072,9.8066,0.0025,-0.0382,-0.0133,4.06,-31.69,21.31,25.51,-84.47,-168.94
52.4213,-1.53463,196,0.04,3,269.34,19 / 20,447410,2019-09-06 19:27:33:153,0.0357,0.2204,9.6354,-0.0005,-0.0059,9.8066,0.005,0.0011,-0.0135,4.31,-32.12,21.38,25.4,-84.49,-169.03
52.4213,-1.53463,196,0.04,3,269.34,19 / 20,447509,2019-09-06 19:27:33:252,0.0439,-0.0651,9.6617,-0.0003,0.0072,9.8066,-0.0444,-0.0228,-0.007,3.75,-32.19,21.06,25.62,-84.53,-168.81
52.4213,-1.53463,196,0.04,3,269.34,19 / 20,447610,2019-09-06 19:27:33:353,-0.0321,-0.5681,9.708,-0.0009,-0.0045,9.8066,0.0404,0.0027,0.0014,3.94,-32,21.69,24.89,-84.52,-168.81
52.4213,-1.53463,196,0.04,3,269.34,19 / 20,447709,2019-09-06 19:27:33:452,-0.101,0.0792,10.0742,-0.0002,-0.0033,9.8066,-0.0086,0.0403,0.0129,4.06,-31.81,20.88,25.62,-84.52,-168.81
52.4213,-1.53463,196,0.04,3,269.34,19 / 20,447810,2019-09-06 19:27:33:553,0.0438,0.1144,10.1115,-0.0017,-0.0054,9.8066,0.0039,-0.0138,-0.0074,4.19,-32,21.06,25.6,-84.49,-168.85
52.4213,-1.53463,196,0.04,3,269.34,19 / 20,447910,2019-09-06 19:27:33:653,-0.0674,0.3333,9.9912,0.0003,0.003,9.8066,-0.0039,0.0421,0.0155,3.94,-32.12,21.5,24.95,-84.51,-168.76
52.4213,-1.53463,196,0.04,3,269.34,19 / 20,448009,2019-09-06 19:27:33:752,0.0279,-0.2961,9.5641,0.0004,0.0045,9.8066,0.0408,-0.0157,-0.0155,4.31,-32,21.38,25.79,-84.51,-168.67
52.4213,-1.53463,196,0.04,3,269.34,19 / 20,448110,2019-09-06 19:27:33:853,-0.0237,-0.1141,9.5558,-0.0006,-0.0041,9.8066,-0.0127,-0.0356,-0.001,3.94,-31.75,21.06,25.74,-84.48,-168.74
52.4213,-1.53463,196,0.04,3,269.34,19 / 20,448210,2019-09-06 19:27:33:953,0.0898,-0.4032,9.8006,-0.0012,-0.0021,9.8066,0.0151,-0.01,-0.0206,4.19,-31.37,21.5,25.03,-84.49,-168.61
52.4213,-1.53463,196,0.04,3,269.34,19 / 20,448309,2019-09-06 19:27:34:052,-0.0187,0.0435,9.8467,0.0008,0.0031,9.8066,-0.0092,0.0354,0.0232,3.88,-32.06,21.31,25.83,-84.5,-168.65
52.4213,-1.53463,196,0.04,3,269.34,19 / 22,448410,2019-09-06 19:27:34:153,-0.0564,-0.5304,9.5767,0.0002,0.0004,9.8066,0.0384,-0.0208,-0.015,3.81,-32.56,21.88,25.21,-84.49,-168.66
52.4213,-1.53463,196,0.04,3,269.34,19 / 22,448510,2019-09-06 19:27:34:253,0.1853,-0.2279,9.5118,0,-0.0023,9.8066,0.0125,0.0391,0.0139,4.06,-32.12,21.69,25.13,-84.49,-168.62
52.4213,-1.53463,196,0.04,3,269.34,19 / 22,448609,2019-09-06 19:27:34:352,0.0528,-0.228,9.8759,-0.0012,-0.0017,9.8066,-0.0106,-0.0264,-0.0138,4.19,-31.87,21.75,25.07,-84.48,-168.68
52.4213,-1.53463,196,0.04,3,269.34,19 / 22,448709,2019-09-06 19:27:34:452,-0.0408,0.2877,10.1808,0.0007,0.0003,9.8065,0.0098,0.0404,0.014,4.19,-31.75,21.38,26.03,-84.48,-168.48
52.4213,-1.53463,196,0.04,3,269.34,19 / 22,448809,2019-09-06 19:27:34:552,-0.0616,0.4532,10.0544,-0.0001,0.0028,9.8066,0.0389,-0.0305,-0.0177,4,-31.87,20.94,26.2,-84.49,-168.33
52.4213,-1.53463,196,0.04,3,269.34,19 / 22,448910,2019-09-06 19:27:34:653,0.0183,0.1935,9.663,0.0004,-0.0022,9.8066,0.0089,0.032,0.0147,4.06,-32.44,21.69,25.35,-84.49,-168.44
52.4213,-1.53463,196,0.04,3,269.34,19 / 22,449010,2019-09-06 19:27:34:753,0.154,-0.4404,9.6026,-0.0002,-0.0014,9.8066,-0.0125,-0.0275,-0.0235,4.13,-31.94,21.69,25.34,-84.49,-168.44
52.4213,-1.53463,196,0.04,3,269.34,19 / 22,449110,2019-09-06 19:27:34:853,0.0045,-0.468,9.7979,0.0005,0.0026,9.8066,0.0073,0.0299,0.0147,4,-32.37,21.31,25.95,-84.49,-168.55
52.4213,-1.53463,196,0.04,3,269.34,19 / 22,449210,2019-09-06 19:27:34:953,0.088,0.0629,10.0631,0.001,-0.0014,9.8065,0.0346,-0.0298,-0.0132,4.13,-32.19,21.06,26.04,-84.52,-168.45
52.4213,-1.53463,196,0.04,3,269.34,19 / 22,449309,2019-09-06 19:27:35:052,0.0973,-0.1287,9.5662,-0.0004,0.0002,9.8066,-0.0044,0.0408,0.0132,3.88,-31.87,21.5,25.2,-84.52,-168.54
52.4213,-1.53463,196,0.04,3,269.34,18 / 22,449410,2019-09-06 19:27:35:153,0.051,-0.1365,9.9536,0.0008,0.0013,9.8066,-0.0013,-0.0201,-0.0092,3.88,-31.81,21.5,25.21,-84.53,-168.53
52.4213,-1.53463,196,0.04,3,269.34,18 / 22,449509,2019-09-06 19:27:35:252,0.0786,-0.1223,9.9876,-0.0016,-0.0006,9.8066,-0.0125,0.0384,0.012,3.94,-32,21,25.99,-84.53,-168.48
52.4213,-1.53463,196,0.04,3,269.34,18 / 22,449610,2019-09-06 19:27:35:353,-0.0615,0.4249,9.9255,-0.0011,-0.0046,9.8066,0.0311,-0.0038,-0.0066,3.94,-32.37,21.69,25.16,-84.51,-168.58
52.4213,-1.53463,196,0.04,3,269.34,18 / 22,449710,2019-09-06 19:27:35:453,-0.0005,0.0562,9.5996,0.002,0.0033,9.8066,0.003,0.0313,0.0153,4.63,-31.81,21.25,28.9,-84.5,-168.55
52.4213,-1.53463,196,0.04,3,269.34,18 / 22,449810,2019-09-06 19:27:35:553,-0.0098,-0.3213,9.5852,0.0006,0.0045,9.8066,0.0071,0.0159,-0.0124,4.19,-32.12,21.38,25.83,-84.52,-168.63
52.4213,-1.53463,196,0.04,3,269.34,18 / 22,449910,2019-09-06 19:27:35:653,-0.0212,-0.2432,9.9379,-0.0008,-0.0038,9.8066,-0.025,0.0311,0.0272,4.13,-32,20.94,25.71,-84.49,-168.75
52.4213,-1.53463,196,0.04,3,269.34,18 / 22,450010,2019-09-06 19:27:35:753,0.08,0.3921,10.1248,0.0002,0.0021,9.8066,0.0411,0.0007,0.0018,4.06,-32.31,21.06,25.89,-84.48,-168.6
52.4213,-1.53463,196,0.04,3,269.34,18 / 22,450109,2019-09-06 19:27:35:852,-0.0239,0.4146,10.1181,0.0007,0.0027,9.8066,-0.0227,0.0306,0.021,3.63,-32.25,21.38,25.84,-84.5,-168.64
52.4213,-1.53463,196,0.04,3,269.34,18 / 22,450210,2019-09-06 19:27:35:953,0.065,0.0078,9.7179,0.0009,0.0023,9.8066,0.0148,-0.0002,-0.0013,4,-32.5,21.44,25.83,-84.5,-168.64
52.4213,-1.53463,196,0.04,3,269.34,17 / 21,450309,2019-09-06 19:27:36:052,-0.0104,-0.5342,9.5703,-0.0003,-0.0026,9.8066,-0.0117,0.0459,0.0258,4.56,-32.12,21.69,27.82,-84.48,-168.75
52.4213,-1.53463,196,0.04,3,269.34,17 / 21,450410,2019-09-06 19:27:36:153,0.1242,-0.4711,9.5615,0.0011,0.0037,9.8066,0.0315,0.0004,-0.0099,3.81,-31.75,21.56,24.95,-84.46,-168.8
52.4213,-1.53463,196,0.04,3,269.34,17 / 21,450509,2019-09-06 19:27:36:252,-0.0081,-0.0468,10.0079,0.0014,0.0049,9.8066,0.0073,0.0366,0.0271,3.94,-31.81,21.81,24.91,-84.48,-168.82
52.4213,-1.53463,196,0.04,3,269.34,17 / 21,450610,2019-09-06 19:27:36:353,-0.1026,0.3448,10.0302,-0.0001,0.0047,9.8066,0.0078,-0.0043,-0.0167,4.13,-32.25,21.81,24.97,-84.48,-168.77
52.4213,-1.53463,196,0.04,3,269.34,17 / 21,450709,2019-09-06 19:27:36:452,-0.0769,0.352,9.9677,-0.0017,-0.0081,9.8066,-0.0103,0.0324,0.0287,4.13,-32.19,21.44,25.58,-84.44,-168.9
52.4213,-1.53463,196,0.04,3,269.34,17 / 21,450809,2019-09-06 19:27:36:552,0.0053,0.145,9.5942,-0.0034,-0.005,9.8066,0.0352,-0.0132,-0.0091,4,-31.94,21.69,24.97,-84.44,-168.8
52.4213,-1.53463,196,0.04,3,269.34,17 / 21,450910,2019-09-06 19:27:36:653,0.1546,-0.3516,9.7092,0.0016,0.0055,9.8066,-0.0003,0.0375,0.0122,3.81,-32.25,21.31,25.62,-84.45,-168.86
52.4213,-1.53463,196,0.04,3,269.34,17 / 21,451009,2019-09-06 19:27:36:752,-0.0348,-0.457,9.8939,0.0011,0.0044,9.8066,0.0038,-0.0187,-0.0066,4.44,-32.31,21.13,25.64,-84.48,-168.82
52.4213,-1.53463,196,0.04,3,269.34,17 / 21,451110,2019-09-06 19:27:36:853,0.0464,0.259,10.0266,-0.0023,-0.0043,9.8066,-0.0187,0.0304,0.0122,4.06,-32.56,21.19,25.67,-84.44,-168.93
52.4213,-1.53463,196,0.04,3,269.34,17 / 21,451210,2019-09-06 19:27:36:953,0.0259,0.2052,9.7062,-0.0016,-0.0053,9.8065,0.0024,-0.038,-0.0126,4.25,-32.12,21.25,25.61,-84.45,-168.87
52.4213,-1.53463,196,0.04,3,269.34,17 / 19,451310,2019-09-06 19:27:37:053,0.1216,-0.0003,9.7041,0.0008,0.0057,9.8066,-0.0052,0.0276,0.0213,3.88,-32.62,21.88,25.1,-84.48,-168.77
52.4213,-1.53463,196,0.04,3,269.34,17 / 19,451409,2019-09-06 19:27:37:152,0.0215,-0.5534,9.7098,0.002,0.0028,9.8066,-0.0263,-0.0302,-0.0093,3.94,-31.62,20.94,25.58,-84.48,-168.87
52.4213,-1.53463,196,0.04,3,269.34,17 / 19,451510,2019-09-06 19:27:37:253,-0.1495,0.1461,10.0955,-0.0002,-0.0018,9.8066,-0.0205,0.0011,0.0154,4.44,-32.25,21.19,25.73,-84.47,-168.75
52.4213,-1.53463,196,0.04,3,269.34,17 / 19,451610,2019-09-06 19:27:37:353,0.0619,0.2708,9.9989,-0.0002,0.003,9.8066,0.0115,-0.0218,-0.0316,4.75,-32.06,21.38,28.58,-84.46,-168.86
52.4213,-1.53463,196,0.04,3,269.34,17 / 19,451710,2019-09-06 19:27:37:453,-0.0904,-0.0977,9.6955,0.0012,0.0011,9.8065,-0.003,-0.006,0.007,3.88,-31.69,21.5,24.92,-84.48,-168.81
52.4213,-1.53463,196,0.04,3,269.34,17 / 19,451809,2019-09-06 19:27:37:552,-0.129,0.0681,10.0582,-0.0005,-0.0054,9.8066,-0.012,-0.0145,-0.0189,4.5,-31.19,21.63,27.44,-84.44,-168.99
52.4213,-1.53463,196,0.04,3,269.34,17 / 19,451909,2019-09-06 19:27:37:652,-0.0381,0.2276,9.8031,-0.0016,-0.0058,9.8066,-0.0344,-0.0142,-0.0042,4.19,-32.06,21.13,25.51,-84.44,-168.96
52.4213,-1.53463,196,0.04,3,269.34,17 / 19,452010,2019-09-06 19:27:37:753,-0.0756,0.0814,9.7841,0.001,0.0043,9.8066,0.0379,-0.0071,-0.0023,4.31,-31.69,21.56,24.84,-84.48,-168.88
52.4213,-1.53463,196,0.04,3,269.34,17 / 19,452110,2019-09-06 19:27:37:853,0.0045,-0.4771,9.7763,-0.0008,-0.0031,9.8066,0.0016,-0.024,-0.0174,4.44,-31.81,21.31,25.57,-84.47,-168.89
52.4213,-1.53463,196,0.04,3,269.34,17 / 19,452209,2019-09-06 19:27:37:952,0.0713,0.0695,10.0699,-0.0011,-0.0055,9.8066,0.0088,-0.0009,0.0069,4,-31.62,21.56,24.81,-84.47,-168.92
52.4213,-1.53463,196,0.04,3,269.34,17 / 20,452309,2019-09-06 19:27:38:052,-0.0253,0.2692,9.8149,-0.001,-0.0031,9.8066,-0.0204,-0.0303,-0.0174,4.13,-32.25,22.06,24.78,-84.44,-168.96
52.4213,-1.53463,196,0.04,3,269.34,17 / 20,452410,2019-09-06 19:27:38:153,-0.0123,0.012,9.8286,0.0011,0.0032,9.8066,0.0173,0.012,-0.0021,4.13,-31.37,21.5,24.69,-84.46,-168.93
52.4213,-1.53463,196,0.04,3,269.34,17 / 20,452509,2019-09-06 19:27:38:252,-0.0019,-0.4523,9.6122,-0.0002,-0.0023,9.8066,0.0011,-0.04,-0.0146,4.44,-31.69,21.38,25.5,-84.45,-168.96
52.4213,-1.53463,196,0.04,3,269.34,17 / 20,452610,2019-09-06 19:27:38:353,0.0808,-0.4074,9.5282,-0.0007,-0.0015,9.8066,0.0222,0.023,0.0011,3.81,-31.81,21.19,25.48,-84.46,-168.97
52.4213,-1.53463,196,0.04,3,269.34,17 / 20,452709,2019-09-06 19:27:38:452,0.0406,-0.0422,10.0118,-0.0005,-0.0026,9.8066,-0.039,-0.0341,-0.0238,4.31,-32.25,22,24.66,-84.45,-169.06
52.4213,-1.53463,196,0.04,3,269.34,17 / 20,452809,2019-09-06 19:27:38:552,-0.0837,0.3401,10.1248,0.0018,-0.0004,9.8066,0.0344,0.0127,0.0023,4.38,-31.56,22.19,24.67,-84.46,-169.04
52.4213,-1.53463,196,0.04,3,269.34,17 / 20,452910,2019-09-06 19:27:38:653,-0.0536,0.4459,9.9821,0,0.0005,9.8066,0.0173,-0.0304,-0.0249,4.31,-32,21.81,24.55,-84.46,-169.15
52.4213,-1.53463,196,0.04,3,269.34,17 / 20,453010,2019-09-06 19:27:38:753,0.0222,0.1256,9.6275,0.0018,-0.0008,9.8066,0.0076,0.0133,0.0064,4,-31.25,21.25,24.89,-84.47,-169.37
52.4213,-1.53463,196,0.04,3,269.34,17 / 20,453110,2019-09-06 19:27:38:853,0.1275,-0.2557,9.8282,0.0008,-0.0002,9.8066,-0.0297,-0.0314,-0.0197,4.19,-32,21.31,25.07,-84.47,-169.33
52.4213,-1.53463,196,0.04,3,269.34,17 / 20,453210,2019-09-06 19:27:38:953,-0.024,-0.0726,9.9636,0,-0.0017,9.8066,0.0193,0.0238,0.0124,4.06,-31.87,21.31,24.94,-84.47,-169.44
52.4213,-1.53463,196,0.04,3,269.34,19 / 20,453310,2019-09-06 19:27:39:053,0.0597,0.3099,10.0454,0.0002,-0.0012,9.8066,0.028,-0.0393,-0.0175,4.31,-31.62,21.5,24.24,-84.47,-169.42
52.4213,-1.53463,196,0.04,3,269.34,19 / 20,453410,2019-09-06 19:27:39:153,-0.0044,0.0734,9.6193,-0.0011,0,9.8066,-0.0021,0.0384,0.0031,3.81,-32.19,21.56,24.22,-84.47,-169.43
52.4213,-1.53463,196,0.04,3,269.34,19 / 20,453510,2019-09-06 19:27:39:253,0.0746,-0.0887,9.5992,-0.002,-0.003,9.8066,-0.0308,-0.0328,-0.0197,4.13,-32,21.56,24.18,-84.47,-169.46
52.4213,-1.53463,196,0.04,3,269.34,19 / 20,453610,2019-09-06 19:27:39:353,-0.0311,-0.5974,9.7812,-0.0011,-0.0083,9.8066,0.0234,0.0332,0.0144,4.06,-32.19,21.19,24.92,-84.43,-169.48
52.4213,-1.53463,196,0.04,3,269.34,19 / 20,453710,2019-09-06 19:27:39:453,-0.112,0.3949,9.8401,0.0014,0.0059,9.8066,0.0215,-0.0297,-0.0232,4.25,-32.06,21.31,24.91,-84.42,-169.49
52.4213,-1.53463,196,0.04,3,269.34,19 / 20,453809,2019-09-06 19:27:39:552,0.0093,-0.0042,9.6292,0.0015,0.001,9.8066,0.0161,0.0263,0.0135,3.75,-32.37,21.63,24.19,-84.45,-169.47
52.4213,-1.53463,196,0.04,3,269.34,19 / 20,453909,2019-09-06 19:27:39:652,-0.0772,-0.4138,9.6184,0.0018,0.0037,9.8066,-0.0047,-0.0232,-0.0184,4.69,-32.25,21.94,26.84,-84.44,-169.63
52.4213,-1.53463,196,0.04,3,269.34,19 / 20,454010,2019-09-06 19:27:39:753,-0.081,-0.2093,9.9371,-0.001,-0.0069,9.8066,0.02,0.0223,0.0172,4.19,-32.25,21.94,24.03,-84.43,-169.62
52.4213,-1.53463,196,0.04,3,269.34,19 / 20,454110,2019-09-06 19:27:39:853,0.0441,0.2268,10.0357,0.0013,0.0015,9.8066,0.0231,-0.0286,-0.0144,3.94,-32.06,21.19,24.83,-84.42,-169.57
52.4213,-1.53463,196,0.04,3,269.34,19 / 20,454209,2019-09-06 19:27:39:952,-0.0064,0.4298,9.9817,0.0012,0.0058,9.8066,-0.0062,0.0444,0.012,4,-31.94,21.5,24.11,-84.45,-169.54
52.4213,-1.53463,196,0.04,3,269.34,19 / 20,454310,2019-09-06 19:27:40:053,0.1057,-0.1279,9.7018,-0.0022,0.0057,9.8066,-0.0151,-0.0264,-0.0184,4.06,-31.62,21.25,25.13,-84.44,-169.29
52.4213,-1.53463,196,0.04,3,269.34,18 / 20,454410,2019-09-06 19:27:40:153,-0.0445,-0.4888,9.7731,0.0002,-0.0001,9.8066,0.0066,0.0409,0.0169,4.06,-31.94,21.94,24.42,-84.45,-169.27
52.4213,-1.53463,196,0.04,3,269.34,18 / 20,454509,2019-09-06 19:27:40:252,0.2217,-0.0257,9.9665,-0.0001,-0.0036,9.8066,0.0059,-0.0337,-0.0045,3.94,-32.06,21.25,25.15,-84.45,-169.27
52.4213,-1.53463,196,0.04,3,269.34,18 / 20,454610,2019-09-06 19:27:40:353,0.0363,0.2211,9.9416,0.0011,0.0012,9.8066,-0.0151,0.0301,0.0158,4.38,-32.19,21.75,24.16,-84.44,-169.5
52.4213,-1.53463,196,0.04,3,269.34,18 / 20,454710,2019-09-06 19:27:40:453,-0.0975,-0.1271,9.6897,-0.0005,-0.0042,9.8066,-0.0166,-0.0274,-0.0096,4,-31.87,21.69,24.09,-84.43,-169.57
52.4213,-1.53463,196,0.04,3,269.34,18 / 20,454809,2019-09-06 19:27:40:552,0.0863,-0.1993,9.5326,-0.001,-0.0046,9.8066,-0.0335,0.0112,0.0139,3.63,-31.87,21.19,24.76,-84.41,-169.63
52.4213,-1.53463,196,0.04,3,269.34,18 / 20,454910,2019-09-06 19:27:40:653,-0.043,-0.1589,9.9334,0.0005,0.0034,9.8066,0.019,-0.0243,-0.0229,3.88,-31.5,21.5,23.98,-84.43,-169.57
52.4213,-1.53463,196,0.04,3,269.34,18 / 20,455009,2019-09-06 19:27:40:752,-0.0503,0.2567,10.02,0.0009,0.0032,9.8066,-0.0195,0.0021,0.0073,4.13,-31.94,21.5,23.98,-84.42,-169.67
52.4213,-1.53463,196,0.04,3,269.34,18 / 20,455110,2019-09-06 19:27:40:853,-0.0896,0.3562,9.9651,-0.001,-0.0039,9.8065,-0.0127,-0.0219,-0.0155,4.56,-31.31,21.69,26.62,-84.42,-169.73
52.4213,-1.53463,196,0.04,3,269.34,18 / 20,455209,2019-09-06 19:27:40:952,-0.0133,-0.0172,9.5909,-0.002,-0.007,9.8066,-0.0377,-0.0015,-0.0018,3.5,-31.62,21.56,23.99,-84.38,-169.68
52.4213,-1.53463,196,0.04,3,269.34,18 / 20,455309,2019-09-06 19:27:41:052,0.1525,-0.2882,9.7364,0.0014,0.0055,9.8066,0.0358,-0.027,-0.0175,4.5,-32.25,21.44,27.72,-84.41,-169.64
52.4213,-1.53463,196,0.04,3,269.34,18 / 20,455410,2019-09-06 19:27:41:153,-0.0181,-0.3185,10.0217,0,0.0048,9.8066,0.0032,-0.0042,-0.0046,4.25,-31.75,21.69,24.04,-84.41,-169.63
52.4213,-1.53463,196,0.04,3,269.34,18 / 20,455509,2019-09-06 19:27:41:252,-0.0098,0.3416,9.9825,-0.0012,-0.0041,9.8066,-0.0201,-0.0349,-0.0227,3.88,-31.87,21.25,24.71,-84.37,-169.7
52.4213,-1.53463,196,0.04,3,269.34,18 / 20,455610,2019-09-06 19:27:41:353,0.0402,0.1449,9.6395,0.0009,-0.006,9.8066,-0.0275,-0.0128,0.0086,3.75,-31.12,21.5,23.66,-84.38,-169.87
52.4213,-1.53463,196,0.04,3,269.34,18 / 20,455710,2019-09-06 19:27:41:453,0.0619,-0.0449,9.7321,0.0007,0.0042,9.8066,0.0222,-0.0137,-0.0186,3.69,-32,21.5,23.8,-84.35,-169.87
52.4213,-1.53463,196,0.04,3,269.34,18 / 20,455810,2019-09-06 19:27:41:553,0.0416,-0.4313,9.6549,0.0006,0.0051,9.8066,-0.009,-0.0146,0.0005,3.69,-31.5,21.31,24.58,-84.39,-169.69
52.4213,-1.53463,196,0.04,3,269.34,18 / 20,455910,2019-09-06 19:27:41:653,-0.1259,0.1819,10.2091,-0.0012,-0.0042,9.8066,0.0041,-0.0014,-0.0216,4.25,-31.25,21.81,23.91,-84.35,-169.67
52.4213,-1.53463,196,0.04,3,269.34,18 / 20,456010,2019-09-06 19:27:41:753,0.053,0.2851,10.0554,-0.0003,-0.0028,9.8066,-0.0438,-0.0197,-0.014,4.25,-31.81,21.13,24.6,-84.36,-169.8
52.4213,-1.53463,196,0.04,3,269.34,18 / 20,456110,2019-09-06 19:27:41:853,-0.0668,0.3167,9.9049,0.0012,0.0012,9.8066,0.0355,-0.0127,-0.0133,4.06,-31.87,21.5,23.98,-84.38,-169.69
52.4213,-1.53463,196,0.04,3,269.34,18 / 20,456210,2019-09-06 19:27:41:953,0.001,-0.4599,9.6914,0.0001,-0.0002,9.8066,0.0103,-0.0191,-0.0144,3.44,-32.25,21.75,21.05,-84.37,-169.72
52.4213,-1.53463,196,0.04,3,269.34,19 / 20,456310,2019-09-06 19:27:42:053,-0.0411,-0.1298,9.7341,-0.0007,0.0001,9.8066,0.0042,0.0002,0.0029,3.88,-31.81,21.44,24.7,-84.39,-169.69
52.4213,-1.53463,196,0.04,3,269.34,19 / 20,456410,2019-09-06 19:27:42:153,0.0351,0.2049,10.1408,-0.0009,-0.0003,9.8066,-0.0155,-0.0215,-0.0168,4.38,-31.44,20.81,24.69,-84.39,-169.6
52.4213,-1.53463,196,0.04,3,269.34,19 / 20,456509,2019-09-06 19:27:42:252,0.0708,0.1026,9.8028,0.0008,0.0001,9.8066,0.0216,0.0145,0.0084,3.38,-31.62,21.5,20.86,-84.4,-169.87
52.4213,-1.53463,196,0.04,3,269.34,19 / 20,456609,2019-09-06 19:27:42:352,-0.0301,0.242,9.7628,0.0001,-0.001,9.8066,0.0176,-0.0385,-0.0108,4.06,-32.19,21.69,23.89,-84.41,-169.75
52.4213,-1.53463,196,0.04,3,269.34,19 / 20,456709,2019-09-06 19:27:42:452,0.1011,-0.3674,9.6518,0.0018,0.0044,9.8066,0.0009,0.0382,0.0053,4,-32.25,21.44,24.4,-84.42,-169.94
52.4213,-1.53463,196,0.04,3,269.34,19 / 20,456810,2019-09-06 19:27:42:553,0.0687,0.1458,10.0314,0.0013,0.0043,9.8066,-0.0206,-0.0303,-0.0179,3.75,-32.06,21.19,24.4,-84.44,-169.92
52.4213,-1.53463,196,0.04,3,269.34,19 / 20,456910,2019-09-06 19:27:42:653,0.0857,0.1427,10.0454,-0.0009,-0.005,9.8066,0.014,0.028,0.0102,4.5,-32,21.44,27.41,-84.43,-169.9
52.4213,-1.53463,196,0.04,3,269.34,19 / 20,457010,2019-09-06 19:27:42:753,-0.0197,0.4453,9.8599,-0.0008,-0.0054,9.8066,0.0295,-0.0291,-0.0195,3.81,-32.06,21,24.31,-84.39,-170.03
52.4213,-1.53463,196,0.04,3,269.34,19 / 20,457109,2019-09-06 19:27:42:852,0.0803,0.0478,9.616,-0.0001,0.005,9.8066,0.0112,0.0357,0.0165,4.19,-32.25,21.75,23.59,-84.42,-170
52.4213,-1.53463,196,0.04,3,269.34,19 / 20,457210,2019-09-06 19:27:42:953,-0.0644,-0.3529,9.6127,0.0019,0.0058,9.8066,-0.0032,-0.0315,-0.0227,4.19,-32.25,21.56,23.55,-84.42,-170.04
52.4213,-1.53463,196,0.04,3,269.34,19 / 20,457310,2019-09-06 19:27:43:053,-0.087,-0.2419,9.9063,-0.0021,-0.0058,9.8066,0.0079,0.0201,0.0105,4.44,-31.94,21.63,23.48,-84.4,-170.12
52.4213,-1.53463,196,0.04,3,269.34,19 / 21,457409,2019-09-06 19:27:43:152,0.0877,0.3352,10.1284,-0.0007,-0.0038,9.8066,0.0256,-0.0347,-0.0116,3.69,-31.62,22,23.44,-84.41,-170.15
52.4213,-1.53463,196,0.04,3,269.34,19 / 21,457510,2019-09-06 19:27:43:253,0.0156,0.356,10.1222,0.0007,0.0027,9.8066,-0.0002,0.025,0.0083,4.63,-31.81,21.38,27.02,-84.37,-170.27
52.4213,-1.53463,196,0.04,3,269.34,19 / 21,457609,2019-09-06 19:27:43:352,-0.0477,0.0437,9.6102,0.0008,0.0073,9.8066,-0.0329,-0.0018,0.0101,4.25,-32.19,22.13,23.6,-84.42,-170
52.4213,-1.53463,196,0.04,3,269.34,19 / 21,457710,2019-09-06 19:27:43:453,-0.0168,-0.5532,9.758,-0.0003,-0.0071,9.8066,0.0316,0.0239,0.0043,4.38,-31.5,21.5,23.2,-84.36,-170.29
52.4213,-1.53463,196,0.04,3,269.34,19 / 21,457809,2019-09-06 19:27:43:552,0.1298,-0.3594,9.5951,0,-0.0005,9.8066,0.012,-0.0268,-0.0258,4.44,-31.81,21.5,23.23,-84.39,-170.34
52.4213,-1.53463,196,0.04,3,269.34,19 / 21,457910,2019-09-06 19:27:43:653,0.0385,0.1576,10.0973,0.0008,0.0027,9.8066,0.0082,0.0247,0.0162,4.06,-31.87,21.44,24.06,-84.4,-170.24
52.4213,-1.53463,196,0.04,3,269.34,19 / 21,458010,2019-09-06 19:27:43:753,-0.1384,0.1868,9.9267,-0.0001,0.0024,9.8066,-0.0448,0.0028,-0.0007,4.06,-32.44,21.94,23.37,-84.39,-170.21
52.4213,-1.53463,196,0.04,3,269.34,19 / 21,458110,2019-09-06 19:27:43:853,-0.0264,-0.1453,9.8679,0.0003,-0.0011,9.8066,-0.0109,0.0239,0.0173,3.69,-32.06,20.94,24.25,-84.42,-170.07
52.4213,-1.53463,196,0.04,3,269.34,19 / 21,458210,2019-09-06 19:27:43:953,0.0242,-0.0073,10.1093,-0.0015,-0.006,9.8066,-0.0032,-0.0165,-0.0106,4.25,-31.81,20.63,24.18,-84.39,-170.14
52.4213,-1.53463,196,0.04,3,269.34,19 / 20,458310,2019-09-06 19:27:44:053,-0.0761,0.3435,9.9538,0.0014,0.0054,9.8066,-0.0109,0.0302,0.0139,4.63,-31.81,21.06,27.23,-84.42,-170.06
52.4213,-1.53463,196,0.04,3,269.34,19 / 20,458410,2019-09-06 19:27:44:153,0.0766,-0.1742,9.6511,-0.0016,-0.0032,9.8066,-0.0132,-0.0234,-0.0031,4.06,-31.69,21.25,24.34,-84.42,-169.99
52.4213,-1.53463,196,0.04,3,269.34,19 / 20,458509,2019-09-06 19:27:44:252,-0.0026,-0.075,9.6856,-0.0012,-0.0038,9.8066,-0.0132,0.0355,0.0117,4,-31.69,21.56,23.65,-84.41,-169.96
52.4213,-1.53463,196,0.04,3,269.34,19 / 20,458609,2019-09-06 19:27:44:352,0.1052,0.0308,9.9389,0.0006,-0.0009,9.8066,0.0072,-0.0338,-0.0101,4,-31.87,21.44,24.44,-84.41,-169.91
52.4213,-1.53463,196,0.04,3,269.34,19 / 20,458709,2019-09-06 19:27:44:452,0.0415,0.1575,9.9566,0.0001,0.0022,9.8066,-0.0073,0.0132,0.0096,4.69,-31.69,21.69,26.53,-84.41,-169.92
52.4213,-1.53463,196,0.04,3,269.34,19 / 20,458809,2019-09-06 19:27:44:552,-0.0073,0.3309,9.8787,0.0002,0.0036,9.8066,-0.0165,-0.0289,-0.016,4.5,-31.5,21,27.36,-84.43,-169.82
52.4213,-1.53463,196,0.04,3,269.34,19 / 20,458909,2019-09-06 19:27:44:652,0.1177,-0.1951,9.5749,0.0014,0.0032,9.8066,-0.0375,-0.0045,0.0099,4.19,-31.87,22.06,23.82,-84.44,-169.8
52.4213,-1.53463,196,0.04,3,269.34,19 / 20,459009,2019-09-06 19:27:44:752,0.0059,-0.1496,9.8498,0.0019,0.0013,9.8066,0.016,-0.0143,-0.0222,4.44,-32.5,21.69,23.64,-84.44,-169.95
52.4213,-1.53463,196,0.04,3,269.34,19 / 20,459110,2019-09-06 19:27:44:853,0.1164,-0.0926,10.0634,0.0002,-0.003,9.8066,-0.0068,-0.0125,0.0029,4.13,-31.81,21.56,23.85,-84.44,-169.77
52.4213,-1.53463,196,0.04,3,269.34,19 / 20,459209,2019-09-06 19:27:44:952,-0.0937,0.4197,9.9079,0.0004,-0.0006,9.8066,-0.0037,-0.0151,-0.0175,4,-32,21.69,23.64,-84.43,-169.96
52.4213,-1.53463,196,0.04,3,269.34,19 / 20,459312,2019-09-06 19:27:45:055,-0.0209,-0.1989,9.8939,0.0019,0.0024,9.8066,-0.0328,-0.0096,-0.0023,4.38,-32.12,21.44,24.49,-84.46,-169.83
52.4213,-1.53463,196,0.04,3,269.34,19 / 20,459410,2019-09-06 19:27:45:153,0.0774,0.2655,10.1699,0.0011,0.0036,9.8066,0.028,-0.0197,-0.0093,3.88,-31.87,21.38,24.35,-84.43,-169.97
52.4213,-1.53463,196,0.04,3,269.34,19 / 20,459510,2019-09-06 19:27:45:253,-0.0587,0.2851,10.0388,0.0009,-0.0032,9.8066,-0.0052,-0.0094,-0.0076,4.13,-32.75,21.19,24.3,-84.45,-170.11
52.4213,-1.53463,196,0.04,3,269.34,19 / 20,459610,2019-09-06 19:27:45:353,-0.022,0.26,9.8944,-0.001,-0.0053,9.8066,-0.0065,-0.021,-0.0134,4.25,-32.25,21.81,23.42,-84.42,-170.16
52.4213,-1.53463,196,0.04,3,269.34,19 / 20,459710,2019-09-06 19:27:45:453,0.0718,-0.2965,9.4938,0,0.0051,9.8066,-0.0395,-0.023,-0.0065,4.38,-31.75,21.63,23.31,-84.41,-170.26
52.4213,-1.53463,196,0.04,3,269.34,19 / 20,459810,2019-09-06 19:27:45:553,0.0705,-0.4309,9.6899,0.0011,0.0045,9.8066,0.0266,-0.0165,-0.0195,4.44,-31.87,21.56,23.39,-84.45,-170.16
52.4213,-1.53463,196,0.04,3,269.34,19 / 20,459910,2019-09-06 19:27:45:653,0.0623,-0.2365,9.9842,-0.0014,-0.0048,9.8066,-0.0152,-0.024,0.0031,3.81,-31.81,21.63,23.35,-84.4,-170.23
52.4213,-1.53463,196,0.04,3,269.34,19 / 20,460010,2019-09-06 19:27:45:753,-0.1325,0.5543,10.0247,-0.0012,-0.004,9.8066,0.0078,-0.0193,-0.0218,3.88,-31.5,21.63,23.31,-84.4,-170.16
52.4213,-1.53463,196,0.04,3,269.34,19 / 20,460110,2019-09-06 19:27:45:853,0.0179,0.2414,10.0675,0.0014,0.0062,9.8066,-0.042,-0.0006,0.0004,3.56,-32,21,24.11,-84.42,-170.19
52.4213,-1.53463,196,0.04,3,269.34,19 / 20,460210,2019-09-06 19:27:45:953,-0.1135,-0.0367,9.6883,-0.0001,0.0034,9.8066,0.0337,-0.0394,-0.0135,4.19,-32.12,21.38,24.05,-84.41,-170.24
52.4213,-1.53463,196,0.04,3,269.34,19 / 20,460310,2019-09-06 19:27:46:053,0.0132,-0.4025,9.7851,-0.0014,-0.0055,9.8066,-0.0001,0.001,0.0081,3.94,-32.44,21.44,24.09,-84.44,-170.19
52.4213,-1.53463,196,0.04,3,269.34,19 / 20,460410,2019-09-06 19:27:46:153,-0.0261,-0.349,9.7197,-0.0014,-0.0054,9.8066,-0.0066,-0.0304,-0.0182,4.13,-32.12,21.44,24.13,-84.39,-170.18
52.4213,-1.53463,196,0.04,3,269.34,19 / 20,460510,2019-09-06 19:27:46:253,0.063,0.2142,10.0886,0.0014,0.0053,9.8066,-0.0407,-0.0087,0.0055,4.44,-32,21.19,24,-84.43,-170.27
52.4213,-1.53463,196,0.04,3,269.34,19 / 20,460610,2019-09-06 19:27:46:353,-0.0092,0.1636,9.8714,0.0013,0.0067,9.8066,0.0311,-0.024,-0.0161,4.13,-32,21.75,23.33,-84.43,-170.23
52.4213,-1.53463,196,0.04,3,269.34,19 / 20,460710,2019-09-06 19:27:46:453,0.0041,-0.4551,9.875,-0.0027,-0.0049,9.8066,-0.0131,-0.006,0.0079,3.94,-32.06,21.56,23.37,-84.41,-170.2
52.4213,-1.53463,196,0.04,3,269.34,19 / 20,460810,2019-09-06 19:27:46:553,0.0856,-0.1511,9.8886,0.0009,0.005,9.8065,-0.0015,-0.015,-0.0206,4.06,-32.25,21.19,24.12,-84.39,-170.2
52.4213,-1.53463,196,0.04,3,269.34,19 / 20,460909,2019-09-06 19:27:46:652,0.0389,0.185,10.0795,0.0015,0.0054,9.8066,0.0066,0.0267,0.0201,4.06,-32.25,21.5,23.53,-84.43,-170.06
52.4213,-1.53463,196,0.04,3,269.34,19 / 20,461009,2019-09-06 19:27:46:752,-0.0687,0.1054,9.7842,0.0016,0.0035,9.8066,0.0339,-0.0306,-0.0157,4.5,-31.81,22.06,26.27,-84.41,-170.16
52.4213,-1.53463,196,0.04,3,269.34,19 / 20,461110,2019-09-06 19:27:46:853,0.0288,0.0893,9.6012,0.0001,-0.0055,9.8065,0.0051,0.0385,0.0093,4.06,-32.44,21.31,24.1,-84.39,-170.21
52.4213,-1.53463,196,0.04,3,269.34,19 / 20,461209,2019-09-06 19:27:46:952,-0.1003,-0.2501,9.6698,-0.0024,-0.0041,9.8066,-0.0121,-0.0374,-0.0202,4,-31.31,21.13,24.01,-84.38,-170.2
52.4213,-1.53463,196,0.04,3,269.34,19 / 21,461309,2019-09-06 19:27:47:052,0.0983,0.167,10.1129,0.0024,0.0028,9.8066,-0.0387,-0.0111,0.007,4.38,-32.06,21.06,24.07,-84.38,-170.25
52.4213,-1.53463,196,0.04,3,269.34,19 / 21,461409,2019-09-06 19:27:47:152,-0.0052,0.2016,10.1005,0.0005,0.0053,9.8066,0.0353,-0.0249,-0.0206,4.31,-32.06,21.81,23.36,-84.4,-170.22
52.4213,-1.53463,196,0.04,3,269.34,19 / 21,461510,2019-09-06 19:27:47:253,0.0076,0.4716,9.8909,-0.0024,-0.0046,9.8066,0.0161,0.0292,0.0224,4.13,-31.87,21.25,24.05,-84.37,-170.27
52.4213,-1.53463,196,0.04,3,269.34,19 / 21,461609,2019-09-06 19:27:47:352,0.0469,-0.1626,9.5166,-0.0006,-0.0044,9.8066,-0.0056,-0.0196,-0.023,4.13,-32.44,20.75,24.11,-84.37,-170.22
52.4213,-1.53463,196,0.04,3,269.34,19 / 21,461710,2019-09-06 19:27:47:453,0.0166,-0.2386,9.6364,0.0012,0.0056,9.8066,0.0169,0.0256,0.0162,4,-32.44,21.31,24.17,-84.39,-170.16
52.4213,-1.53463,196,0.04,3,269.34,19 / 21,461810,2019-09-06 19:27:47:553,0.0713,-0.4825,9.8172,0.0018,0.0029,9.8066,0.0245,-0.0288,-0.0195,4.31,-32.12,21.63,23.36,-84.38,-170.23
52.4213,-1.53463,196,0.04,3,269.34,19 / 21,461909,2019-09-06 19:27:47:652,-0.0335,0.3957,10.16,-0.0015,-0.0041,9.8066,0.011,0.0397,0.0124,4.13,-32.25,21.63,23.44,-84.38,-170.16
52.4213,-1.53463,196,0.04,3,269.34,19 / 21,462009,2019-09-06 19:27:47:752,0.0299,0.3776,10.1432,-0.0006,-0.0043,9.8066,-0.0238,-0.0415,-0.0205,3.94,-32.37,21.81,23.4,-84.35,-170.22
52.4213,-1.53463,196,0.04,3,269.34,19 / 21,462109,2019-09-06 19:27:47:852,-0.0644,0.312,9.9046,0.0005,0.0025,9.8066,0.039,0.0257,0.0117,4.13,-31.81,21.19,24.2,-84.38,-170.14
52.4213,-1.53463,196,0.04,3,269.34,19 / 21,462209,2019-09-06 19:27:47:952,-0.0043,-0.4145,9.5994,-0.0012,0.0026,9.8066,0.0226,-0.0359,-0.0228,4.19,-31.75,21.25,24.43,-84.36,-169.95
52.4213,-1.53463,196,0.04,3,269.34,19 / 21,462310,2019-09-06 19:27:48:053,0.0403,-0.1097,9.5683,-0.0008,-0.0016,9.8066,0.0206,0.0073,0.0054,4.75,-32,21.13,27.49,-84.35,-169.88
52.4213,-1.53463,196,0.04,3,269.34,19 / 21,462409,2019-09-06 19:27:48:152,0.1534,-0.1463,9.9603,0.0003,-0.0002,9.8066,-0.0254,-0.0346,-0.0193,3.75,-31.87,21.94,23.82,-84.35,-169.86
52.4213,-1.53463,196,0.04,3,269.34,19 / 21,462510,2019-09-06 19:27:48:253,0.0323,0.3476,10.1407,-0.0003,0.0015,9.8066,0.0334,0.0076,0.0007,3.69,-32.06,21.63,23.8,-84.35,-169.87
52.4213,-1.53463,196,0.04,3,269.34,19 / 21,462609,2019-09-06 19:27:48:352,0.0307,0.4511,10.037,0.0012,0.0007,9.8066,0.0174,-0.0465,-0.0162,4,-32.12,21.56,23.82,-84.36,-169.85
52.4213,-1.53463,196,0.04,3,269.34,19 / 21,462710,2019-09-06 19:27:48:453,0.0685,0.198,9.6365,-0.0007,-0.0007,9.8066,0.0143,0.0178,-0.0041,3.75,-32.37,21.56,23.81,-84.35,-169.86
52.4213,-1.53463,196,0.04,3,269.34,19 / 21,462810,2019-09-06 19:27:48:553,-0.01,-0.2521,9.6769,0.0001,0.0026,9.8066,-0.0331,-0.0406,-0.0182,4.06,-31.69,21.25,24.49,-84.33,-169.92
52.4213,-1.53463,196,0.04,3,269.34,19 / 21,462910,2019-09-06 19:27:48:653,-0.0003,-0.6124,9.7444,0.0023,0.0028,9.8066,0.043,0.0148,0.003,4.25,-32.25,21.44,24.52,-84.37,-169.87
52.4213,-1.53463,196,0.04,3,269.34,19 / 21,463010,2019-09-06 19:27:48:753,-0.1361,0.1849,10.0957,-0.0007,0.0015,9.8066,0.0083,-0.0313,-0.0252,4.06,-31.31,21.19,24.46,-84.37,-169.81
52.4213,-1.53463,196,0.04,3,269.34,19 / 21,463110,2019-09-06 19:27:48:853,-0.0229,0.3471,9.8812,0.0006,-0.0018,9.8066,0.0105,0.0113,0.0146,4.44,-32.06,21.44,24.62,-84.38,-169.77
52.4213,-1.53463,196,0.04,3,269.34,19 / 21,463210,2019-09-06 19:27:48:953,-0.0345,0.2929,9.858,0,0.0016,9.8066,-0.0131,-0.0298,-0.0202,4.56,-32.12,21.75,26.67,-84.36,-169.84
52.4213,-1.53463,196,0.04,3,269.34,19 / 21,463310,2019-09-06 19:27:49:053,0.0693,-0.3508,9.6228,0.0004,0.0002,9.8066,0.0231,0.022,-0.0005,3.94,-31.37,21.38,24.49,-84.36,-169.79
52.4213,-1.53463,196,0.04,3,269.34,19 / 20,463410,2019-09-06 19:27:49:153,0.0476,-0.1999,9.9721,0.0013,0.0004,9.8066,0.0122,-0.0425,-0.0146,4.06,-32.06,21.56,23.77,-84.37,-169.88
52.4213,-1.53463,196,0.04,3,269.34,19 / 20,463509,2019-09-06 19:27:49:252,0.0758,0.0843,10.0417,-0.0002,0.0026,9.8066,0.0133,0.0253,0.0006,4.38,-32.12,21.63,23.79,-84.37,-169.87
52.4213,-1.53463,196,0.04,3,269.34,19 / 20,463610,2019-09-06 19:27:49:353,-0.0292,0.2382,9.9898,-0.0002,-0.006,9.8066,-0.0149,-0.0368,-0.0186,4.44,-31.81,21.63,23.73,-84.37,-169.91
52.4213,-1.53463,196,0.04,3,269.34,19 / 20,463709,2019-09-06 19:27:49:452,-0.094,-0.2232,9.6346,0.0003,-0.0056,9.8066,0.0267,0.0345,0.012,3.69,-32.25,20.94,24.37,-84.37,-169.99
52.4213,-1.53463,196,0.04,3,269.34,19 / 20,463810,2019-09-06 19:27:49:553,0.1188,-0.2199,9.5125,-0.0013,-0.0071,9.8066,0.0287,-0.0267,-0.0246,4.06,-31.56,21.25,24.15,-84.34,-170.2
52.4213,-1.53463,196,0.04,3,269.34,19 / 20,463910,2019-09-06 19:27:49:653,0.0362,-0.0956,9.9244,0.0019,0.0054,9.8066,0.0065,0.0311,0.016,4.56,-31.5,21.31,27.09,-84.37,-170.1
52.4213,-1.53463,196,0.04,3,269.34,19 / 20,464010,2019-09-06 19:27:49:753,-0.0535,0.4403,10.123,-0.0017,-0.0044,9.8066,-0.0084,-0.0236,-0.021,4.13,-32.19,21.25,24.16,-84.37,-170.18
52.4213,-1.53463,196,0.04,3,269.34,19 / 20,464109,2019-09-06 19:27:49:852,-0.0983,0.376,9.9604,-0.0019,-0.007,9.8066,-0.0012,0.0288,0.0226,4.19,-31.37,21.63,23.35,-84.34,-170.16
52.4213,-1.53463,196,0.04,3,269.34,19 / 20,464210,2019-09-06 19:27:49:953,-0.0068,0.1194,9.5992,-0.0011,-0.0066,9.8066,0.039,-0.0298,-0.0145,3.88,-31.75,21.13,24.15,-84.34,-170.2
52.4213,-1.53463,196,0.04,3,269.34,19 / 20,464309,2019-09-06 19:27:50:052,0.0302,0.1896,10.1341,0.001,0.006,9.8066,0.0062,0.0416,0.011,3.5,-31.5,21.31,24.05,-84.38,-170.16
52.4213,-1.53463,196,0.04,3,269.34,19 / 20,464410,2019-09-06 19:27:50:153,0.0065,0.154,9.9054,-0.0011,-0.0058,9.8066,-0.0447,-0.0207,-0.003,4,-32.19,21.25,24.28,-84.39,-170.06
52.4213,-1.53463,196,0.04,3,269.34,19 / 20,464509,2019-09-06 19:27:50:252,-0.0007,0.3393,9.8375,-0.0016,-0.0066,9.8066,0.0143,0.0435,0.0178,4.13,-31.62,21.31,24.16,-84.35,-170.19
52.4213,-1.53463,196,0.04,3,269.34,19 / 20,464610,2019-09-06 19:27:50:353,0.0879,-0.1601,9.4839,-0.0015,-0.0065,9.8065,-0.0097,-0.0219,-0.0017,4.63,-31.87,21.63,26.2,-84.36,-170.25
52.4213,-1.53463,196,0.04,3,269.34,19 / 20,464709,2019-09-06 19:27:50:452,-0.0064,-0.1739,9.9172,0.0023,0.0069,9.8066,0.0133,0.0427,0.0234,4.06,-31.94,21.69,23.45,-84.35,-170.18
52.4213,-1.53463,196,0.04,3,269.34,19 / 20,464810,2019-09-06 19:27:50:553,0.0213,-0.3582,9.8941,-0.0015,-0.0051,9.8066,-0.0421,0.0021,0.0065,4.31,-32.37,21.69,23.47,-84.38,-170.13
52.4213,-1.53463,196,0.04,3,269.34,19 / 20,464910,2019-09-06 19:27:50:653,-0.0973,0.4807,10.1368,0.0004,-0.0047,9.8066,0.0173,0.0303,0.0169,3.31,-31.81,20.94,21.11,-84.37,-170.17
52.4213,-1.53463,196,0.04,3,269.34,19 / 20,465009,2019-09-06 19:27:50:752,0.0041,0.3641,9.8068,-0.0017,-0.0057,9.8066,-0.0068,0.0035,0.007,4,-31.81,21,24.21,-84.37,-170.14
52.4213,-1.53463,196,0.04,3,269.34,19 / 20,465109,2019-09-06 19:27:50:852,-0.0747,0.1635,9.7708,0.0018,0.0038,9.8066,0.0176,0.0325,0.0064,4.44,-31.81,21,24.14,-84.4,-170.17
52.4213,-1.53463,196,0.04,3,269.34,19 / 20,465209,2019-09-06 19:27:50:952,-0.0345,-0.5529,9.6738,0.0009,0.0037,9.8066,-0.0441,-0.0066,0.0106,4.06,-32.06,21.56,23.5,-84.4,-170.1
52.4213,-1.53463,196,0.04,3,269.34,20 / 20,465310,2019-09-06 19:27:51:053,0.0334,0.3922,10.0115,-0.0008,-0.0043,9.8066,0.0219,0.0312,0.0084,4.06,-32,21.38,24.24,-84.38,-170.1
52.4213,-1.53463,196,0.04,3,269.34,20 / 20,465410,2019-09-06 19:27:51:153,0.1404,0.1047,9.5707,0.0019,0.0062,9.8066,-0.0019,-0.0042,0.0128,4.25,-31.69,21.63,23.52,-84.39,-170.09
52.4213,-1.53463,196,0.04,3,269.34,20 / 20,465509,2019-09-06 19:27:51:252,0.0039,-0.2739,9.7055,-0.0012,0.0031,9.8066,0.0191,0.0279,0.0182,4.19,-32.19,22.44,23.74,-84.41,-169.89
52.4213,-1.53463,196,0.04,3,269.34,20 / 20,465610,2019-09-06 19:27:51:353,0.0637,-0.3451,9.8934,-0.0004,-0.002,9.8066,-0.0293,-0.0096,0.0003,4.38,-32.19,21.38,24.46,-84.43,-169.88
52.4213,-1.53463,196,0.04,3,269.34,20 / 20,465710,2019-09-06 19:27:51:453,-0.0578,0.3383,9.9347,-0.0005,-0.0006,9.8066,-0.0127,0.0207,0.0127,4.44,-32,20.88,24.48,-84.45,-169.85
52.4213,-1.53463,196,0.04,3,269.34,20 / 20,465810,2019-09-06 19:27:51:553,0.027,0.0204,9.765,-0.0002,-0.0019,9.8066,0.0129,-0.0124,-0.0218,4.44,-32.19,21.06,24.48,-84.44,-169.85
52.4213,-1.53463,196,0.04,3,269.34,20 / 20,465910,2019-09-06 19:27:51:653,-0.0504,-0.3619,9.7587,0.0012,0.0006,9.8066,-0.012,0.0073,0.0027,4.69,-32.12,21.06,27.43,-84.45,-169.87
52.4213,-1.53463,196,0.04,3,269.34,20 / 20,466009,2019-09-06 19:27:51:752,-0.1106,0.1238,10.0402,-0.0007,-0.0007,9.8066,-0.0041,0.0027,-0.0126,4.31,-31.87,21.63,23.68,-84.44,-169.92
52.4213,-1.53463,196,0.04,3,269.34,20 / 20,466110,2019-09-06 19:27:51:853,-0.0177,0.1652,9.9282,0,0.0034,9.8066,-0.0193,-0.0146,-0.0066,4.56,-31.44,21.06,27.35,-84.45,-169.81
52.4213,-1.53463,196,0.04,3,269.34,20 / 20,466210,2019-09-06 19:27:51:953,-0.0291,-0.1776,9.6784,0.001,0.0012,9.8066,0.0215,0.0076,0.003,4.25,-32.06,21.56,23.67,-84.44,-169.93
52.4213,-1.53463,196,0.04,3,269.34,20 / 20,466310,2019-09-06 19:27:52:053,-0.0143,-0.1344,9.9486,-0.0007,-0.0037,9.8065,0.018,-0.0199,-0.0156,4.56,-31.94,21.63,26.51,-84.44,-169.92
52.4213,-1.53463,196,0.04,3,269.34,20 / 20,466409,2019-09-06 19:27:52:152,-0.0232,0.2127,9.6992,0.0017,0.0042,9.8066,0.0056,0.0211,0.0136,4.94,-31.81,21.63,26.54,-84.42,-169.9
52.4213,-1.53463,196,0.04,3,269.34,20 / 20,466510,2019-09-06 19:27:52:253,-0.0857,-0.0815,9.7655,0.0012,0.0029,9.8066,-0.005,-0.0212,-0.0179,4.69,-31.75,21.88,26.47,-84.45,-169.95
52.4213,-1.53463,196,0.04,3,269.34,20 / 20,466609,2019-09-06 19:27:52:352,-0.0461,-0.3863,9.7843,0.0011,0.0051,9.8066,-0.003,0.0287,0.0186,4.44,-31.94,21.94,23.68,-84.45,-169.91
52.4213,-1.53463,196,0.04,3,269.34,20 / 20,466710,2019-09-06 19:27:52:453,0.0966,0.1908,10.0443,-0.0015,-0.0064,9.8066,0.0408,-0.0292,-0.0132,4.25,-32.12,21.31,24.42,-84.44,-169.91
52.4213,-1.53463,196,0.04,3,269.34,20 / 20,466809,2019-09-06 19:27:52:552,0.0911,0.3184,10.1238,0.0018,0.0034,9.8066,-0.0034,0.0365,0.0101,4.69,-31.44,21.69,26.47,-84.44,-169.85
52.4213,-1.53463,196,0.04,3,269.34,20 / 20,466910,2019-09-06 19:27:52:653,-0.0356,0.0204,9.7978,-0.0005,0.0042,9.8066,-0.0057,-0.0267,-0.0106,4.5,-31.69,21.44,27.4,-84.43,-169.91
52.4213,-1.53463,196,0.04,3,269.34,20 / 20,467010,2019-09-06 19:27:52:753,-0.1338,-0.4577,9.6739,0.0014,0.0026,9.8066,0.0168,0.0312,0.0187,4.63,-32.25,21.44,27.55,-84.46,-169.75
52.4213,-1.53463,196,0.04,3,269.34,20 / 20,467110,2019-09-06 19:27:52:853,0.1143,-0.2074,9.4469,0.0005,-0.0031,9.8066,0.0369,-0.0244,-0.0276,4.44,-32.25,21.19,24.59,-84.44,-169.76
52.4213,-1.53463,196,0.04,3,269.34,20 / 20,467210,2019-09-06 19:27:52:953,0.0175,-0.1812,9.8744,0.0011,0.0026,9.8066,0.0159,0.0237,0.0115,4.38,-31.5,21.44,24.44,-84.43,-169.79
52.4213,-1.53463,196,0.04,3,269.34,20 / 20,467310,2019-09-06 19:27:53:053,-0.0655,0.1892,9.9066,0.001,0.0034,9.8066,-0.0094,-0.0304,-0.0237,4.69,-31.75,21.56,26.62,-84.45,-169.82
52.4213,-1.53463,196,0.04,3,269.34,20 / 20,467409,2019-09-06 19:27:53:152,0.0109,-0.2662,9.5502,-0.0008,0.0041,9.8066,0.0248,0.0133,0.0055,4.25,-31.81,21,24.79,-84.44,-169.59
52.4213,-1.53463,196,0.04,3,269.34,20 / 20,467510,2019-09-06 19:27:53:253,0.0207,-0.019,9.5471,-0.0008,-0.0057,9.8066,0.0064,0.032,0.0201,4.13,-31.44,21.44,24.65,-84.45,-169.59
52.4213,-1.53463,196,0.04,3,269.34,20 / 20,467609,2019-09-06 19:27:53:352,0.0989,-0.3826,9.679,-0.0009,-0.0019,9.8066,0.0129,0.0136,-0.0045,4.38,-32.31,21.44,24.74,-84.43,-169.64
52.4213,-1.53463,196,0.04,3,269.34,20 / 20,467709,2019-09-06 19:27:53:452,0.0066,0.1283,10.1157,0.0013,0.0035,9.8066,-0.0505,-0.023,-0.0103,4.38,-32.06,21.69,23.97,-84.44,-169.67
52.4213,-1.53463,196,0.04,3,269.34,20 / 20,467810,2019-09-06 19:27:53:553,0.0636,0.0805,10.1117,0.0018,0.0052,9.8066,0.0498,-0.0297,-0.0108,4.63,-32.06,21.31,27.65,-84.46,-169.66
52.4213,-1.53463,196,0.04,3,269.34,20 / 20,467910,2019-09-06 19:27:53:653,-0.064,0.437,9.9837,-0.0006,-0.0034,9.8066,0.0112,0.0367,0.0142,4.31,-31.31,21.69,23.98,-84.42,-169.57
52.4213,-1.53463,196,0.04,3,269.34,20 / 20,468010,2019-09-06 19:27:53:753,0.0233,0.1566,9.6065,-0.0005,-0.0057,9.8066,-0.0093,-0.0388,-0.0264,4.19,-31.81,20.88,24.69,-84.41,-169.69
52.4213,-1.53463,196,0.04,3,269.34,20 / 20,468110,2019-09-06 19:27:53:853,-0.0322,0.0558,9.7633,0.0014,0.0039,9.8066,0.0353,0.0206,0.0027,4.25,-32.31,21.56,23.96,-84.4,-169.69
52.4213,-1.53463,196,0.04,3,269.34,20 / 20,468210,2019-09-06 19:27:53:953,-0.0335,-0.4368,9.6338,0.0029,-0.0032,9.8066,0.0239,-0.0283,-0.0254,4.63,-32.19,21,27.42,-84.43,-169.89
52.4213,-1.53463,196,0.04,3,269.34,19 / 20,468310,2019-09-06 19:27:54:053,0.0202,0.4039,10.0605,-0.0019,-0.0062,9.8066,0.006,-0.0045,-0.0026,4.38,-32.5,21.63,23.91,-84.4,-169.75
52.4213,-1.53463,196,0.04,3,269.34,19 / 20,468409,2019-09-06 19:27:54:152,0.048,0.1673,9.6631,-0.0008,-0.0051,9.8066,-0.034,-0.0253,-0.0191,4.63,-31.37,21.81,26.66,-84.41,-169.7
52.4213,-1.53463,196,0.04,3,269.34,19 / 20,468510,2019-09-06 19:27:54:253,0.0252,-0.0375,9.7274,0.0014,0.0043,9.8066,0.0367,-0.0039,-0.0174,4.75,-31.94,21.75,26.66,-84.43,-169.8
52.4213,-1.53463,196,0.04,3,269.34,19 / 20,468609,2019-09-06 19:27:54:352,-0.059,-0.4346,9.5889,0.0014,0.0033,9.8066,-0.0109,-0.0281,-0.006,4.5,-32.06,21.19,27.42,-84.43,-169.89
52.4213,-1.53463,196,0.04,3,269.34,19 / 20,468709,2019-09-06 19:27:54:452,-0.0502,-0.2134,9.9483,-0.0003,-0.0057,9.8066,0.0094,-0.0189,-0.025,4.31,-31.81,21.25,24.47,-84.42,-169.88
52.4213,-1.53463,196,0.04,3,269.34,19 / 20,468809,2019-09-06 19:27:54:552,-0.0271,-0.1693,9.9638,-0.0011,-0.0024,9.8066,-0.0517,0.0022,0.0036,3.88,-31.81,20.81,24.37,-84.39,-169.98
52.4213,-1.53463,196,0.04,3,269.34,19 / 20,468909,2019-09-06 19:27:54:652,0.0649,0.3837,10.218,0.0012,0.0036,9.8066,0.0323,-0.037,-0.0221,4.56,-31.75,21.31,27.37,-84.41,-169.95
52.4213,-1.53463,196,0.04,3,269.34,19 / 20,469009,2019-09-06 19:27:54:752,0.0254,0.0755,9.799,0.0012,0.0077,9.8066,-0.0014,0.0114,0.0161,4.38,-32.37,21,24.53,-84.42,-169.82
52.4213,-1.53463,196,0.04,3,269.34,19 / 20,469110,2019-09-06 19:27:54:853,0.0372,0.3761,9.7395,-0.0026,-0.0083,9.8066,-0.0264,-0.0393,-0.0188,4.75,-32,21.06,27.41,-84.38,-169.93
52.4213,-1.53463,196,0.04,3,269.34,19 / 20,469210,2019-09-06 19:27:54:953,0.1477,-0.2984,9.5943,-0.0007,-0.0044,9.8066,-0.048,0.0004,0.0168,4.25,-32.12,21.13,24.46,-84.39,-169.9
52.4213,-1.53463,196,0.04,3,269.34,19 / 20,469310,2019-09-06 19:27:55:053,0.0498,0.0965,10.0352,0.0008,0.0062,9.8066,0.0289,-0.0268,-0.0229,4.19,-31.5,21.25,24.22,-84.38,-170
52.4213,-1.53463,196,0.04,3,269.34,19 / 20,469410,2019-09-06 19:27:55:153,0.0697,0.0056,10.0387,0.0021,0.0067,9.8066,-0.0178,0.0031,0.0109,4.63,-31.81,21.63,26.57,-84.42,-169.88
52.4213,-1.53463,196,0.04,3,269.34,19 / 20,469509,2019-09-06 19:27:55:252,-0.019,0.3987,9.9235,-0.0008,-0.0068,9.8066,-0.0118,-0.0153,-0.0223,4.31,-31.87,21.31,24.44,-84.39,-169.92
52.4213,-1.53463,196,0.04,3,269.34,19 / 20,469610,2019-09-06 19:27:55:353,-0.0335,-0.082,9.5867,0.0008,0.0028,9.8066,-0.033,0.0073,0.0056,4,-32.06,21.44,24.41,-84.39,-169.95
52.4213,-1.53463,196,0.04,3,269.34,19 / 20,469710,2019-09-06 19:27:55:453,-0.0268,-0.2058,9.6612,0.0024,0.0024,9.8066,0.0253,-0.0339,-0.015,4.31,-31.37,20.94,24.15,-84.41,-170.05
52.4213,-1.53463,196,0.04,3,269.34,19 / 20,469810,2019-09-06 19:27:55:553,-0.0405,-0.2344,9.9152,-0.0003,0.0036,9.8066,-0.0146,0.0001,0.0052,4.38,-31.75,21.75,23.64,-84.41,-169.97
52.4213,-1.53463,196,0.04,3,269.34,19 / 20,469910,2019-09-06 19:27:55:653,0.0579,0.2993,10.0761,-0.0018,-0.0037,9.8066,-0.0183,-0.0269,-0.022,4.44,-31.62,21.5,23.59,-84.41,-170.01
52.4213,-1.53463,196,0.04,3,269.34,19 / 20,470010,2019-09-06 19:27:55:753,-0.0064,0.3769,10.1923,0.0002,0.0009,9.8066,-0.0401,-0.0031,0.0131,4.19,-32.19,21.19,24.38,-84.4,-169.97
52.4213,-1.53463,196,0.04,3,269.34,19 / 20,470109,2019-09-06 19:27:55:852,0.0336,-0.0243,9.7263,-0.0001,0.001,9.8066,0.0278,-0.0303,-0.0296,5.13,-31.94,21.25,27.3,-84.4,-170.01
52.4213,-1.53463,196,0.04,3,269.34,19 / 20,470209,2019-09-06 19:27:55:952,-0.0966,-0.5102,9.611,0.002,0.0011,9.8065,-0.0107,0.0123,0.0124,4.69,-31.87,21.44,27.21,-84.4,-170.08
52.4213,-1.53463,196,0.04,3,269.34,19 / 20,470310,2019-09-06 19:27:56:053,-0.0793,-0.1005,9.9983,-0.0008,0.0009,9.8066,-0.022,-0.033,-0.0226,4.19,-31.87,21.75,23.78,-84.4,-169.86
52.4213,-1.53463,196,0.04,3,269.34,19 / 20,470409,2019-09-06 19:27:56:152,0.0321,-0.0236,10.0096,-0.0014,-0.0008,9.8066,-0.043,0.0229,0.0162,4.38,-31.94,21.5,23.86,-84.4,-169.79
52.4213,-1.53463,196,0.04,3,269.34,19 / 20,470509,2019-09-06 19:27:56:252,-0.0051,0.4341,10.0972,0.0007,0.0016,9.8066,0.0167,-0.0408,-0.0155,4.63,-31.62,21.38,27.54,-84.39,-169.81
52.4213,-1.53463,196,0.04,3,269.34,19 / 20,470609,2019-09-06 19:27:56:352,-0.0406,0.431,10.0435,0.0005,0.0026,9.8066,-0.0081,0.0262,0.0138,4.5,-32.31,21.44,27.57,-84.4,-169.78
52.4213,-1.53463,196,0.04,3,269.34,19 / 20,470710,2019-09-06 19:27:56:453,-0.0057,0.194,9.6368,-0.001,-0.0033,9.8066,-0.0358,-0.0379,-0.0147,3.88,-32.19,21.31,24.62,-84.38,-169.77
52.4213,-1.53463,196,0.04,3,269.34,19 / 20,470810,2019-09-06 19:27:56:553,0.1177,-0.4412,9.5771,-0.0006,0.0008,9.8066,0.036,0.004,-0.0072,4.06,-32.19,20.75,24.69,-84.39,-169.71
52.4213,-1.53463,196,0.04,3,269.34,19 / 20,470910,2019-09-06 19:27:56:653,-0.0073,-0.3962,9.7482,-0.0001,0.0015,9.8066,0.0175,-0.0309,-0.0167,4.88,-31.37,21.38,27.46,-84.39,-169.76
52.4213,-1.53463,196,0.04,3,269.34,19 / 20,471010,2019-09-06 19:27:56:753,0.0073,-0.0351,10.0315,-0.0003,0.0008,9.8066,-0.0096,0.0302,0.0223,3.94,-31.94,21.63,23.96,-84.39,-169.71
52.4213,-1.53463,196,0.04,3,269.34,19 / 20,471110,2019-09-06 19:27:56:853,-0.0998,0.3404,9.9046,0.0002,0.0014,9.8066,-0.0241,-0.0319,-0.0138,4.5,-32.12,21.44,27.65,-84.38,-169.72
52.4213,-1.53463,196,0.04,3,269.34,19 / 20,471210,2019-09-06 19:27:56:953,-0.0001,0.1228,9.9233,0.0003,-0.0003,9.8066,0.0268,0.0005,-0.0103,4.38,-31.31,21.31,24.54,-84.4,-169.72
52.4213,-1.53463,196,0.04,3,269.34,20 / 20,471310,2019-09-06 19:27:57:053,-0.0368,-0.2698,9.615,0.0007,0.0008,9.8066,0.001,-0.0398,-0.0125,4.44,-31.56,21.56,23.93,-84.41,-169.72
52.4213,-1.53463,196,0.04,3,269.34,20 / 20,471409,2019-09-06 19:27:57:152,-0.0814,-0.2886,9.9377,0.0001,0.0003,9.8066,0.004,0.0041,-0.0138,4.44,-32.06,21.5,23.93,-84.41,-169.72
52.4213,-1.53463,196,0.04,3,269.34,20 / 20,471509,2019-09-06 19:27:57:252,0.0324,-0.0778,10.0011,0.0012,0.0003,9.8066,-0.0264,-0.0293,-0.0085,4.19,-32,21.5,23.98,-84.42,-169.67
52.4213,-1.53463,196,0.04,3,269.34,20 / 20,471610,2019-09-06 19:27:57:353,-0.016,0.3479,10.1009,0.0003,-0.0017,9.8066,0.0386,0.0037,-0.0029,4.63,-32.06,21.81,26.81,-84.43,-169.67
52.4213,-1.53463,196,0.04,3,269.34,20 / 20,471710,2019-09-06 19:27:57:453,0,-0.1344,9.6524,-0.0009,-0.0039,9.8066,0.0186,-0.03,-0.0181,4.5,-31.56,21.25,27.6,-84.42,-169.74
52.4213,-1.53463,196,0.04,3,269.34,20 / 20,471810,2019-09-06 19:27:57:553,-0.0123,0.0807,9.6241,0,-0.001,9.8066,0.0073,0.0004,0.007,4.06,-32,21.44,24.54,-84.41,-169.82
52.4213,-1.53463,196,0.04,3,269.34,20 / 20,471909,2019-09-06 19:27:57:652,0.0882,-0.3353,9.7697,0.0006,0.0032,9.8066,-0.018,-0.0395,-0.0197,4.69,-31.94,21.19,27.49,-84.42,-169.83
52.4213,-1.53463,196,0.04,3,269.34,20 / 20,472009,2019-09-06 19:27:57:752,0.0181,0.1677,10.1143,0.0006,0.0036,9.8066,0.0185,0.0133,0.0019,4.75,-31.87,21.69,26.63,-84.42,-169.83
52.4213,-1.53463,196,0.04,3,269.34,20 / 20,472109,2019-09-06 19:27:57:852,0.079,0.2378,10.0562,-0.0003,-0.0043,9.8066,0.0159,-0.0466,-0.0158,4.13,-32.12,21.31,24.43,-84.39,-169.93
52.4213,-1.53463,196,0.04,3,269.34,20 / 20,472210,2019-09-06 19:27:57:953,-0.0009,0.1802,9.6715,-0.0007,-0.0072,9.8066,0.01,0.0176,0.003,4.56,-32.12,21.06,27.32,-84.39,-170
52.4213,-1.53463,196,0.04,3,269.34,19 / 21,472310,2019-09-06 19:27:58:053,0.0211,-0.1464,9.6244,0.0012,0.0069,9.8066,-0.0386,-0.0375,-0.0161,4.69,-31.62,21.38,27.34,-84.39,-169.98
52.4213,-1.53463,196,0.04,3,269.34,19 / 21,472409,2019-09-06 19:27:58:152,0.0048,-0.3864,9.702,0.0012,0.0069,9.8066,0.0372,0.0162,0.0016,4.56,-31.87,21.88,26.57,-84.42,-169.88
52.4213,-1.53463,196,0.04,3,269.34,19 / 21,472509,2019-09-06 19:27:58:252,-0.0869,0.0342,10.0978,-0.0011,-0.0073,9.8066,0.0253,-0.0254,-0.0221,4.56,-32.25,21.75,26.44,-84.38,-170.02
52.4213,-1.53463,196,0.04,3,269.34,19 / 21,472610,2019-09-06 19:27:58:353,0.0562,0.3213,9.9853,-0.0015,-0.005,9.8066,0.0131,0.01,0.0102,4.94,-31.5,20.94,27.18,-84.38,-170.01
52.4213,-1.53463,196,0.04,3,269.34,19 / 21,472710,2019-09-06 19:27:58:453,-0.1125,0.2317,9.9722,0.0021,0.0047,9.8066,-0.0191,-0.0316,-0.0196,4.06,-31.62,21.25,24.08,-84.4,-170.23
52.4213,-1.53463,196,0.04,3,269.34,19 / 21,472810,2019-09-06 19:27:58:553,-0.0004,-0.2355,9.6741,-0.0011,-0.005,9.8066,0.0156,0.0171,0.0036,4.31,-31.94,21.75,23.48,-84.39,-170.12
52.4213,-1.53463,196,0.04,3,269.34,19 / 21,472910,2019-09-06 19:27:58:653,-0.0596,-0.4998,9.8385,-0.001,-0.0042,9.8065,0.0252,-0.041,-0.0149,4.81,-32.25,21.94,26.39,-84.39,-170.06
52.4213,-1.53463,196,0.04,3,269.34,19 / 21,473010,2019-09-06 19:27:58:753,0.1433,-0.1391,9.8886,-0.0012,-0.0062,9.8066,0.0028,0.0225,0.0025,4.44,-31.75,21.13,24.18,-84.37,-170.15
52.4213,-1.53463,196,0.04,3,269.34,19 / 21,473110,2019-09-06 19:27:58:853,0.0235,0.304,10.0341,0.0003,0.0065,9.8066,-0.0211,-0.0358,-0.0196,4.19,-31.69,20.81,24.32,-84.4,-170.01
52.4213,-1.53463,196,0.04,3,269.34,19 / 21,473210,2019-09-06 19:27:58:953,-0.1425,0.0192,9.7014,0.0016,0.0009,9.8066,0.0289,0.0157,0.01,4.25,-31.44,20.69,24.24,-84.4,-169.98
52.4213,-1.53463,196,0.04,3,269.34,18 / 22,473314,2019-09-06 19:27:59:057,-0.1041,0.0572,10.0557,-0.0013,-0.001,9.8066,0.0132,-0.0261,-0.0304,5,-32.12,21.63,26.32,-84.4,-170.12
52.4213,-1.53463,196,0.04,3,269.34,18 / 22,473409,2019-09-06 19:27:59:152,0.0296,0.1789,10.081,0,0.0021,9.8066,0.0143,0.0228,0.0115,4.25,-31.87,21.94,23.61,-84.41,-170
52.4213,-1.53463,196,0.04,3,269.34,18 / 22,473510,2019-09-06 19:27:59:253,-0.0609,0.2817,9.9436,-0.0013,-0.0026,9.8066,0.0029,-0.0236,-0.0203,4.25,-31.69,21.81,23.51,-84.4,-170.09
52.4213,-1.53463,196,0.04,3,269.34,18 / 22,473609,2019-09-06 19:27:59:352,-0.0572,-0.4024,9.6914,-0.0021,-0.007,9.8066,-0.0175,0.0247,0.0203,4.19,-31.81,21.13,24.3,-84.41,-170.03
52.4213,-1.53463,196,0.04,3,269.34,18 / 22,473710,2019-09-06 19:27:59:453,0.028,-0.1307,9.7349,0.0022,0.0054,9.8066,0.0312,-0.0117,-0.0141,4.63,-31.5,21.25,27.2,-84.38,-170
52.4213,-1.53463,196,0.04,3,269.34,18 / 22,473809,2019-09-06 19:27:59:552,0.1238,0.1539,10.0402,0.0008,0.0045,9.8066,-0.0094,0.0353,0.016,4.63,-31.62,21.25,27.4,-84.4,-169.92
52.4213,-1.53463,196,0.04,3,269.34,18 / 22,473910,2019-09-06 19:27:59:653,-0.0143,0.0801,9.8327,-0.0019,-0.0056,9.8065,-0.0075,-0.0107,-0.0043,4.56,-32.19,21.69,26.58,-84.41,-169.88
52.4213,-1.53463,196,0.04,3,269.34,18 / 22,474010,2019-09-06 19:27:59:753,-0.0019,0.1974,9.7315,-0.0018,-0.0024,9.8066,-0.0177,0.0263,0.0061,5,-31.75,21.38,27.49,-84.37,-169.87
52.4213,-1.53463,196,0.04,3,269.34,18 / 22,474110,2019-09-06 19:27:59:853,0.1439,-0.2965,9.6811,-0.0007,-0.0045,9.8066,0.0203,-0.0444,-0.0179,4.19,-31.75,21.38,24.54,-84.38,-169.85
52.4213,-1.53463,196,0.04,3,269.34,18 / 22,474210,2019-09-06 19:27:59:953,0.0067,0.0692,10.0291,0.0006,0.0052,9.8066,0.0037,0.0088,0.0115,4.5,-32.06,21.31,27.47,-84.37,-169.88
52.4213,-1.53463,196,0.04,3,269.34,20 / 22,474309,2019-09-06 19:28:00:052,-0.106,0.2124,9.894,0.0017,0.0051,9.8065,-0.0262,-0.0302,-0.0137,4.75,-32.06,21.63,26.65,-84.42,-169.82
52.4213,-1.53463,196,0.04,3,269.34,20 / 22,474410,2019-09-06 19:28:00:153,0.1486,-0.2493,9.5977,-0.0002,-0.0043,9.8066,-0.0176,-0.0136,-0.0206,4.25,-31.62,21.5,23.82,-84.38,-169.84
52.4213,-1.53463,196,0.04,3,269.34,20 / 22,474509,2019-09-06 19:28:00:252,-0.0003,0.0053,9.971,0.0002,-0.0023,9.8066,0.0295,-0.0177,-0.0173,4.38,-32.19,21.31,24.43,-84.4,-169.93
52.4213,-1.53463,196,0.04,3,269.34,20 / 22,474609,2019-09-06 19:28:00:352,-0.0782,0.2346,9.9477,0.0012,0.0026,9.8066,0.0452,-0.0028,-0.0039,4.44,-32.25,21.44,24.43,-84.4,-169.92
52.4213,-1.53463,196,0.04,3,269.34,20 / 22,474710,2019-09-06 19:28:00:453,-0.0519,0.2303,9.7419,-0.0001,-0.0005,9.8066,-0.0051,0.0172,-0.0079,4.38,-31.31,22.13,23.53,-84.4,-169.97
52.4213,-1.53463,196,0.04,3,269.34,20 / 22,474810,2019-09-06 19:28:00:553,-0.017,-0.1554,9.6724,0.0003,-0.001,9.8066,0.0017,0.0114,0.0067,4.69,-32.12,21.56,26.39,-84.4,-170.05
52.4213,-1.53463,196,0.04,3,269.34,20 / 22,474909,2019-09-06 19:28:00:652,0.1016,0.1116,10.0131,-0.0001,0.0007,9.8066,0.0275,0.028,0.0087,4.13,-32,21.88,23.51,-84.39,-170.1
52.4213,-1.53463,196,0.04,3,269.34,20 / 22,475009,2019-09-06 19:28:00:752,-0.0716,0.1418,10.0903,-0.0003,-0.0027,9.8066,0.003,0.0217,0.012,4.38,-31.37,21.44,24.03,-84.38,-170.18
52.4213,-1.53463,196,0.04,3,269.34,20 / 22,475110,2019-09-06 19:28:00:853,0.0191,0.27,9.8135,0.0008,-0.0012,9.8066,-0.0052,0.0296,0.0203,4.56,-31.75,21.56,26.23,-84.38,-170.21
52.4213,-1.53463,196,0.04,3,269.34,20 / 22,475210,2019-09-06 19:28:00:953,0.0813,-0.3618,9.6384,-0.0005,0.0017,9.8066,-0.0204,0.0296,0.0097,5.25,-31.44,21.69,26.04,-84.37,-170.27
52.4213,-1.53463,196,0.04,3,269.34,20 / 22,475310,2019-09-06 19:28:01:053,-0.027,-0.274,9.789,0.0011,0.003,9.8066,-0.0236,0.0105,0.0142,4.63,-31.5,21.94,26.09,-84.39,-170.21
52.4213,-1.53463,196,0.04,3,269.34,20 / 21,475410,2019-09-06 19:28:01:153,0.0246,0.0381,10.023,-0.0004,-0.002,9.8066,-0.0249,0.0009,0.0086,4.25,-31.75,21.81,23.37,-84.37,-170.23
52.4213,-1.53463,196,0.04,3,269.34,20 / 21,475510,2019-09-06 19:28:01:253,-0.0309,0.2688,9.8024,-0.0013,-0.0048,9.8066,-0.0164,-0.0099,-0.0019,4.81,-32.19,21.94,26.3,-84.37,-170.15
52.4213,-1.53463,196,0.04,3,269.34,20 / 21,475610,2019-09-06 19:28:01:353,-0.0074,0.0093,9.7505,0.0016,0.0076,9.8066,0.0108,-0.0093,-0.0051,4.56,-31.69,21.75,26.38,-84.41,-170.05
52.4213,-1.53463,196,0.04,3,269.34,20 / 21,475710,2019-09-06 19:28:01:453,0.0134,-0.2149,9.9866,-0.0014,-0.0048,9.8066,-0.0348,-0.0147,-0.0091,5.13,-31.75,21.13,27.26,-84.41,-170.04
52.4213,-1.53463,196,0.04,3,269.34,20 / 21,475810,2019-09-06 19:28:01:553,-0.0231,0.2797,9.9714,-0.0017,-0.0052,9.8066,-0.0159,-0.0295,-0.0172,4.63,-32.12,20.94,27.24,-84.42,-170.05
52.4213,-1.53463,196,0.04,3,269.34,20 / 21,475910,2019-09-06 19:28:01:653,0.0841,0.2634,9.6762,-0.0019,-0.0068,9.8066,0.0193,-0.0286,-0.0183,4.25,-31.87,21.25,24.16,-84.39,-170.16
52.4213,-1.53463,196,0.04,3,269.34,20 / 21,476010,2019-09-06 19:28:01:753,-0.0569,-0.1971,9.6175,0.0016,0.0017,9.8066,0.0014,-0.0381,-0.0149,4.5,-31.69,21.06,27.06,-84.43,-170.2
52.4213,-1.53463,196,0.04,3,269.34,20 / 21,476109,2019-09-06 19:28:01:852,-0.0307,-0.1195,9.9295,0.0001,0.003,9.8066,0.0088,-0.0298,-0.0228,4.13,-31.94,21.25,24.15,-84.43,-170.15
52.4213,-1.53463,196,0.04,3,269.34,20 / 21,476209,2019-09-06 19:28:01:952,0.025,0.2494,10.0123,0,-0.0027,9.8066,-0.0158,-0.0313,-0.0132,4.5,-31.87,21.5,26.13,-84.41,-170.27
52.4213,-1.53463,196,0.04,3,269.34,20 / 21,476309,2019-09-06 19:28:02:052,-0.0084,0.4125,10.149,0.0002,-0.0002,9.8065,0.0299,-0.0339,-0.0135,4.75,-31.12,20.94,26.93,-84.42,-170.2
52.4213,-1.53463,196,0.04,3,269.34,19 / 20,476410,2019-09-06 19:28:02:153,-0.0235,-0.1142,9.7217,0.0008,0.0001,9.8066,0.0275,-0.0196,-0.0181,4.13,-31.75,21.06,24.05,-84.4,-170.25
52.4213,-1.53463,196,0.04,3,269.34,19 / 20,476510,2019-09-06 19:28:02:253,-0.0001,-0.4672,9.7606,-0.0004,-0.0002,9.8066,-0.0048,-0.0127,-0.0068,4.13,-31.94,21,23.99,-84.42,-170.29
52.4213,-1.53463,196,0.04,3,269.34,19 / 20,476610,2019-09-06 19:28:02:353,0.1535,-0.145,9.8471,0.0009,0.0003,9.8066,0.0053,0.0127,-0.0061,4.75,-32.31,21,26.91,-84.42,-170.33
52.4213,-1.53463,196,0.04,3,269.34,19 / 20,476711,2019-09-06 19:28:02:454,0.0409,0.1238,9.9378,-0.0003,-0.0003,9.8066,0.0194,0.017,0.0066,4.44,-32.06,21.25,23.83,-84.42,-170.43
52.4213,-1.53463,196,0.04,3,269.34,19 / 20,476810,2019-09-06 19:28:02:553,-0.131,-0.0109,9.7241,-0.0002,-0.0021,9.8066,0.0128,0.0246,0.0042,4.81,-31.5,21.38,26.72,-84.41,-170.39
52.4213,-1.53463,196,0.04,3,269.34,19 / 20,476910,2019-09-06 19:28:02:653,0.0224,-0.1366,9.5949,-0.0007,-0.0016,9.8066,-0.0174,0.0355,0.0131,4.38,-32.06,21.56,23.17,-84.41,-170.38
52.4213,-1.53463,196,0.04,3,269.34,19 / 20,477009,2019-09-06 19:28:02:752,0.0015,-0.0716,9.8971,0.0009,0.0032,9.8066,0.0003,0.0225,0.0168,4.25,-31.37,20.88,23.88,-84.41,-170.28
52.4213,-1.53463,196,0.04,3,269.34,19 / 20,477109,2019-09-06 19:28:02:852,0.0137,0.3663,10.0327,0.0007,0.0046,9.8066,-0.022,0.0241,0.0095,4.19,-31.87,21.31,24.11,-84.43,-170.18
52.4213,-1.53463,196,0.04,3,269.34,19 / 20,477209,2019-09-06 19:28:02:952,-0.0415,0.3092,9.9191,-0.0008,-0.006,9.8066,-0.0309,0.0047,0.0198,4.75,-31.37,21.5,25.93,-84.41,-170.35
52.4213,-1.53463,196,0.04,3,269.34,19 / 20,477309,2019-09-06 19:28:03:052,-0.035,-0.0177,9.5823,-0.0015,-0.0057,9.8066,0.0068,0.0109,0.005,4.31,-32.5,21,23.95,-84.4,-170.33
52.4213,-1.53463,196,0.04,3,269.34,18 / 20,477410,2019-09-06 19:28:03:153,0.1068,-0.1717,9.7967,0.0019,0.0076,9.8066,-0.0057,-0.0071,0.0088,4.13,-32.06,21.69,23.25,-84.44,-170.29
52.4213,-1.53463,196,0.04,3,269.34,18 / 20,477509,2019-09-06 19:28:03:252,-0.0294,-0.3004,9.9668,0.001,0.0081,9.8066,-0.0432,-0.0108,0.0051,4.75,-31.75,21.81,26.25,-84.45,-170.14
52.4213,-1.53463,196,0.04,3,269.34,18 / 20,477610,2019-09-06 19:28:03:353,0.0138,0.1888,10.0265,-0.0034,-0.0075,9.8066,-0.0448,-0.0084,-0.0097,4.63,-31.87,21.63,26.26,-84.46,-170.13
52.4213,-1.53463,196,0.04,3,269.34,18 / 20,477709,2019-09-06 19:28:03:452,-0.0971,0.0952,9.6527,-0.0004,-0.0062,9.8066,-0.0121,-0.0188,-0.0009,4.56,-32.19,21.31,26.86,-84.43,-170.37
52.4213,-1.53463,196,0.04,3,269.34,18 / 20,477809,2019-09-06 19:28:03:552,0.0961,0.0497,9.7732,0.0013,0.0058,9.8066,0.0007,-0.0068,-0.0065,4.75,-31.56,21.44,27.04,-84.46,-170.2
52.4213,-1.53463,196,0.04,3,269.34,18 / 20,477909,2019-09-06 19:28:03:652,-0.0141,-0.4384,9.6847,0.0016,0.0054,9.8066,-0.035,-0.0144,-0.0045,4.75,-31.69,21.13,27.03,-84.47,-170.2
52.4213,-1.53463,196,0.04,3,269.34,18 / 20,478009,2019-09-06 19:28:03:752,-0.1551,-0.0173,10.0889,-0.0025,-0.0065,9.8066,-0.0251,-0.0228,-0.0045,4.75,-31.5,21.69,26.19,-84.43,-170.11
52.4213,-1.53463,196,0.04,3,269.34,18 / 20,478110,2019-09-06 19:28:03:853,0.0322,0.1551,10.0686,-0.0018,-0.0069,9.8066,0.0182,-0.0168,-0.0146,4.44,-31.69,21.44,24.17,-84.4,-170.15
52.4213,-1.53463,196,0.04,3,269.34,18 / 20,478210,2019-09-06 19:28:03:953,-0.0247,0.2158,10.0054,0.0027,0.0034,9.8066,0.0199,-0.0339,-0.0063,4.38,-32.37,21.75,23.44,-84.41,-170.14
52.4213,-1.53463,196,0.04,3,269.34,18 / 20,478311,2019-09-06 19:28:04:054,0.0733,-0.3419,9.7106,0,0.005,9.8066,0.0341,-0.023,-0.0205,4.69,-32.06,22.06,26.3,-84.44,-170.11
52.4213,-1.53463,196,0.04,3,269.34,18 / 20,478410,2019-09-06 19:28:04:153,-0.0844,-0.1027,9.6165,-0.0018,-0.003,9.8066,-0.0309,-0.0316,-0.0169,4.13,-31.81,21.38,24.25,-84.4,-170.08
52.4213,-1.53463,196,0.04,3,269.34,18 / 20,478509,2019-09-06 19:28:04:252,0.1279,0.069,9.9399,0.0002,-0.0021,9.8066,0.0517,-0.0333,-0.0088,4.63,-32.25,21.88,26.46,-84.41,-169.99
52.4213,-1.53463,196,0.04,3,269.34,18 / 20,478610,2019-09-06 19:28:04:353,0.0411,0.0673,10.0067,0.001,0.0014,9.8066,0.0329,-0.0146,-0.0144,4.13,-32.12,21.38,24.04,-84.41,-170.25
52.4213,-1.53463,196,0.04,3,269.34,18 / 20,478710,2019-09-06 19:28:04:453,0.0402,0.2088,9.9092,0.0004,-0.0023,9.8066,-0.0167,-0.0108,-0.0008,3.94,-31.56,21.31,23.99,-84.42,-170.29
52.4213,-1.53463,196,0.04,3,269.34,18 / 20,478810,2019-09-06 19:28:04:553,0.0497,-0.071,9.5945,-0.0003,0.0013,9.8066,-0.0079,0.0016,-0.0128,4.5,-32.06,21,27.01,-84.41,-170.26
52.4213,-1.53463,196,0.04,3,269.34,18 / 20,478910,2019-09-06 19:28:04:653,0.0625,0.0257,9.8987,-0.0002,-0.0018,9.8066,0.0312,0.0065,0.0053,4.31,-32.37,21.69,23.31,-84.41,-170.26
52.4213,-1.53463,196,0.04,3,269.34,18 / 20,479010,2019-09-06 19:28:04:753,0.0469,-0.2278,9.9224,0.0001,0.0004,9.8066,0.0347,0.0155,0.0049,4.75,-31.87,21.75,26.21,-84.41,-170.2
52.4213,-1.53463,196,0.04,3,269.34,18 / 20,479110,2019-09-06 19:28:04:853,-0.1165,0.2218,9.9925,-0.0001,-0.001,9.8066,-0.0043,0.0272,0.0047,4.25,-32.25,21.38,24.08,-84.4,-170.22
52.4213,-1.53463,196,0.04,3,269.34,18 / 20,479210,2019-09-06 19:28:04:953,-0.0381,0.1348,9.7437,0.0002,0.0012,9.8066,-0.0047,0.0265,0.0118,4.38,-32.5,21.31,24.13,-84.4,-170.18
52.4213,-1.53463,196,0.04,3,269.34,18 / 19,479309,2019-09-06 19:28:05:052,-0.038,-0.1607,9.7075,-0.0002,0.0026,9.8066,0.0005,0.0295,0.0073,4.06,-32.5,21.31,24.17,-84.39,-170.15
52.4213,-1.53463,196,0.04,3,269.34,18 / 19,479410,2019-09-06 19:28:05:153,-0.0673,0.2359,9.9947,0.0006,-0.0048,9.8066,-0.0117,0.0144,0.0198,4.56,-32.19,22.13,26.35,-84.4,-170.09
52.4213,-1.53463,196,0.04,3,269.34,18 / 19,479509,2019-09-06 19:28:05:252,0.0433,0.1863,9.7151,-0.0007,-0.0004,9.8066,0.0062,0.0172,0.0112,4.56,-31.56,20.88,27.23,-84.38,-170.09
52.4213,-1.53463,196,0.04,3,269.34,18 / 19,479609,2019-09-06 19:28:05:352,0.0614,-0.2371,9.837,-0.0006,0.0025,9.8066,-0.0182,-0.0016,0.0051,4.38,-32.31,21.81,23.73,-84.4,-169.9
52.4213,-1.53463,196,0.04,3,269.34,18 / 19,479710,2019-09-06 19:28:05:453,-0.026,-0.0544,9.9863,0.0002,0.0058,9.8066,-0.0249,-0.0099,0.0011,4.75,-31.69,21.88,26.75,-84.42,-169.73
52.4213,-1.53463,196,0.04,3,269.34,18 / 19,479810,2019-09-06 19:28:05:553,0.0551,0.1368,9.9366,-0.0015,-0.0032,9.8066,-0.0272,-0.0088,-0.0018,4.69,-32.19,21.94,26.65,-84.38,-169.84
52.4213,-1.53463,196,0.04,3,269.34,18 / 19,479910,2019-09-06 19:28:05:653,-0.0034,0.0661,9.5968,-0.0002,-0.0045,9.8066,0.0138,-0.0318,-0.004,4.5,-31.56,21.31,27.52,-84.39,-169.83
52.4213,-1.53463,196,0.04,3,269.34,18 / 19,480009,2019-09-06 19:28:05:752,0.0324,-0.1883,9.7559,0,0.0055,9.8066,0.02,-0.0173,-0.0238,3.88,-32.12,21.13,24.66,-84.38,-169.74
52.4213,-1.53463,196,0.04,3,269.34,18 / 19,480110,2019-09-06 19:28:05:853,0.0774,-0.2444,9.8875,-0.0009,-0.003,9.8066,-0.0261,-0.024,-0.0083,4.25,-32.31,22,23.87,-84.43,-169.76
52.4213,-1.53463,196,0.04,3,269.34,18 / 19,480209,2019-09-06 19:28:05:952,-0.0981,0.1831,9.9641,-0.0002,-0.0012,9.8066,-0.0039,-0.0132,-0.0107,4.13,-31.94,21.44,24.63,-84.43,-169.73
52.4213,-1.53463,196,0.04,3,269.34,18 / 18,480310,2019-09-06 19:28:06:053,-0.0382,0.1007,9.8704,0,-0.0037,9.8065,-0.0188,-0.0142,-0.0053,4.56,-32.31,22.25,26.67,-84.42,-169.79
52.4213,-1.53463,196,0.04,3,269.34,18 / 18,480409,2019-09-06 19:28:06:152,0.1126,-0.2605,9.9431,0.002,0.0034,9.8066,-0.0292,0.0093,0.0052,4.31,-31.94,21.38,24.51,-84.46,-169.82
52.4213,-1.53463,196,0.04,3,269.34,18 / 18,480510,2019-09-06 19:28:06:253,-0.0444,0.134,9.9583,-0.0007,-0.0002,9.8066,0.0104,-0.0124,0.0042,4.38,-31.75,21.69,23.78,-84.45,-169.83
52.4213,-1.53463,196,0.04,3,269.34,18 / 18,480609,2019-09-06 19:28:06:352,-0.015,-0.0483,9.7517,-0.0016,-0.0035,9.8066,-0.0071,-0.017,-0.0221,4.25,-32.37,21.81,23.58,-84.43,-170.01
52.4213,-1.53463,196,0.04,3,269.34,18 / 18,480710,2019-09-06 19:28:06:453,-0.0805,0.0117,9.6892,-0.0015,-0.0016,9.8066,0.0034,-0.0273,-0.0035,4,-31.62,21.81,23.8,-84.4,-169.83
52.4213,-1.53463,196,0.04,3,269.34,18 / 18,480810,2019-09-06 19:28:06:553,-0.0067,-0.2155,9.8432,0.001,-0.0005,9.8066,-0.0035,-0.0229,-0.0208,4.44,-32.06,21.75,23.65,-84.4,-169.97
52.4213,-1.53463,196,0.04,3,269.34,18 / 18,480910,2019-09-06 19:28:06:653,0.0535,0.2366,9.9841,-0.0011,-0.002,9.8066,-0.0123,-0.0309,-0.0171,3.94,-31.62,21.69,23.67,-84.4,-169.95
52.4213,-1.53463,196,0.04,3,269.34,18 / 18,481010,2019-09-06 19:28:06:753,-0.0026,0.2478,10.1553,-0.0004,0.0026,9.8066,0.0197,-0.0281,-0.0082,4.19,-32.12,21.75,23.71,-84.4,-169.92
52.4213,-1.53463,196,0.04,3,269.34,18 / 18,481110,2019-09-06 19:28:06:853,0.0588,0.0079,9.7713,0.0011,0.0055,9.8066,0.0164,-0.0152,-0.0202,4.63,-32.25,21.63,26.65,-84.41,-169.82
52.4213,-1.53463,196,0.04,3,269.34,18 / 18,481211,2019-09-06 19:28:06:954,-0.0451,-0.3847,9.7793,-0.0024,-0.0065,9.8066,-0.0144,-0.0028,0.0002,4.44,-32.62,21.19,24.79,-84.41,-169.72
52.4213,-1.53463,196,0.04,3,269.34,18 / 18,481310,2019-09-06 19:28:07:053,0.1392,-0.1471,9.8924,-0.0012,-0.0074,9.8066,0.0005,0.0142,-0.0082,4,-32.06,21.63,23.9,-84.37,-169.77
52.4213,-1.53463,196,0.04,3,269.34,19 / 20,481410,2019-09-06 19:28:07:153,0.0995,-0.1299,9.7358,0.001,0.0069,9.8066,0.0029,0.0133,0.0097,4.38,-32.56,21.81,24.18,-84.41,-169.61
52.4213,-1.53463,196,0.04,3,269.34,19 / 20,481509,2019-09-06 19:28:07:252,-0.0233,-0.2544,9.8909,0.0007,0.0058,9.8066,0.0125,0.0197,0.0109,4.06,-32.19,22.06,24.12,-84.42,-169.55
52.4213,-1.53463,196,0.04,3,269.34,19 / 20,481610,2019-09-06 19:28:07:353,-0.1413,0.1999,9.8664,0,-0.0013,9.8066,-0.0101,-0.0096,-0.0053,4.31,-31.81,21.63,24.22,-84.39,-169.48
52.4213,-1.53463,196,0.04,3,269.34,19 / 20,481710,2019-09-06 19:28:07:453,0.1335,-0.1064,9.779,0.001,-0.0017,9.8066,0.0054,-0.0101,-0.0089,4.31,-31.87,21.56,24.04,-84.4,-169.63
52.4213,-1.53463,196,0.04,3,269.34,19 / 20,481810,2019-09-06 19:28:07:553,0.0676,-0.0593,9.9025,0.0005,-0.0008,9.8066,-0.0127,-0.0077,-0.0062,4.13,-32.25,21.25,24.86,-84.39,-169.56
52.4213,-1.53463,196,0.04,3,269.34,19 / 20,481909,2019-09-06 19:28:07:652,-0.0999,0.0201,9.731,-0.001,-0.0032,9.8066,-0.0148,0.0134,-0.009,4.38,-31.87,21.5,24.03,-84.39,-169.65
52.4213,-1.53463,196,0.04,3,269.34,19 / 20,482009,2019-09-06 19:28:07:752,0.0811,-0.0937,9.8355,0.0008,0.0049,9.8066,0.0017,0.005,0.0135,4.19,-32.56,22.06,24.42,-84.4,-169.41
52.4213,-1.53463,196,0.04,3,269.34,19 / 20,482110,2019-09-06 19:28:07:853,0.0563,-0.0308,9.9775,0.0022,0.0033,9.8066,-0.0077,0.0027,-0.0127,3.94,-32,21.81,24.16,-84.41,-169.52
52.4213,-1.53463,196,0.04,3,269.34,19 / 20,482210,2019-09-06 19:28:07:953,0.0145,-0.0068,9.7023,-0.0007,-0.0023,9.8066,0.0052,-0.0231,-0.0047,4.25,-31.44,21.81,23.93,-84.39,-169.63
52.4213,-1.53463,196,0.04,3,269.34,19 / 20,482309,2019-09-06 19:28:08:052,0.101,-0.1762,9.8406,0.0021,-0.0006,9.8066,0.0031,-0.0105,-0.0147,4.44,-32.62,22.69,23.19,-84.41,-169.88
52.4213,-1.53463,196,0.04,3,269.34,18 / 19,482409,2019-09-06 19:28:08:152,0.0633,0.0772,9.9509,-0.0021,-0.0011,9.8066,0.0003,0.0038,0.0092,3.81,-32.12,23.44,23.16,-84.4,-169.82
52.4213,-1.53463,196,0.04,3,269.34,18 / 19,482510,2019-09-06 19:28:08:253,-0.0416,-0.0823,9.6584,0.0007,0.0027,9.8066,-0.0043,0.0205,-0.001,3.63,-32.44,23.81,22.63,-84.4,-169.76
52.4213,-1.53463,196,0.04,3,269.34,18 / 19,482609,2019-09-06 19:28:08:352,0.0558,-0.4104,9.768,0.0012,0.0041,9.8066,-0.0155,0.0007,0.009,2.75,-32.06,24.13,19.9,-84.41,-169.83
52.4213,-1.53463,196,0.04,3,269.34,18 / 19,482710,2019-09-06 19:28:08:453,-0.0201,-0.1841,9.9714,0.0016,0.0042,9.8066,-0.0132,0.0176,0.0098,2.63,-31.75,24.19,19.71,-84.41,-169.99
52.4213,-1.53463,196,0.04,3,269.34,18 / 19,482810,2019-09-06 19:28:08:553,-0.1352,0.2936,9.8385,0.0016,-0.0009,9.8066,-0.021,-0.0064,-0.0086,3,-32.5,23.94,19.55,-84.42,-170.13
52.4213,-1.53463,196,0.04,3,269.34,18 / 19,482910,2019-09-06 19:28:08:653,0.1765,0.2309,9.8078,-0.0005,-0.0045,9.8066,-0.0107,-0.005,-0.0053,3.06,-32.19,24.25,19.44,-84.43,-170.22
52.4213,-1.53463,196,0.04,3,269.34,18 / 19,483010,2019-09-06 19:28:08:753,-0.0397,-0.6705,9.6981,0.0015,0.0032,9.8066,-0.0175,-0.0147,-0.0099,2.56,-31.5,23.81,19.55,-84.43,-170.05
52.4213,-1.53463,196,0.04,3,269.34,18 / 19,483110,2019-09-06 19:28:08:853,-0.0645,0.201,10.0537,-0.001,-0.0028,9.8066,-0.005,-0.0222,-0.0114,2.94,-31.87,24.25,19.59,-84.46,-170.08
52.4213,-1.53463,196,0.04,3,269.34,18 / 19,483209,2019-09-06 19:28:08:952,0.0333,0.3893,9.8613,0.0005,0.0001,9.8066,0.005,0.0043,0.0029,2.75,-31.87,24.25,19.56,-84.46,-170.11
52.4213,-1.53463,196,0.04,3,269.34,18 / 18,483310,2019-09-06 19:28:09:053,0.0351,-0.3076,9.8066,0.0018,0.0008,9.8066,0.0084,0.0166,0.0066,2.5,-32.31,24.25,19.43,-84.47,-170.22
52.4213,-1.53463,196,0.04,3,269.34,18 / 18,483410,2019-09-06 19:28:09:153,-0.0648,0.0178,9.8576,0.002,-0.0008,9.8066,-0.0128,0.0065,-0.0134,2.75,-31.69,24.5,18.71,-84.48,-170.46
52.4213,-1.53463,196,0.04,3,269.34,18 / 18,483509,2019-09-06 19:28:09:252,-0.0408,0.235,9.8643,-0.0008,-0.001,9.8066,0.0045,0.0012,-0.0079,3.13,-31.37,25.13,18.68,-84.49,-170.41
52.4213,-1.53463,196,0.04,3,269.34,18 / 18,483610,2019-09-06 19:28:09:353,0.0629,-0.1521,9.8695,-0.0019,-0.0006,9.8066,-0.0036,-0.0003,0.0175,3.25,-31.31,23.81,19.16,-84.5,-170.36
52.4213,-1.53463,196,0.04,3,269.34,18 / 18,483710,2019-09-06 19:28:09:453,0.1617,0.0146,9.9865,0.0013,-0.002,9.8066,0.0191,-0.0014,-0.0068,3.25,-31.56,23.38,19.72,-84.48,-170.36
52.4213,-1.53463,196,0.04,3,269.34,18 / 18,483810,2019-09-06 19:28:09:553,-0.0104,0.3861,9.8644,-0.0003,-0.0008,9.8066,0.0017,-0.0037,-0.0146,3.25,-32.06,24.25,18.98,-84.49,-170.59
52.4213,-1.53463,196,0.04,3,269.34,18 / 18,483910,2019-09-06 19:28:09:653,-0.1064,0.2667,9.8508,0.0001,0.0003,9.8066,-0.0049,-0.0222,0.0074,2.94,-31.56,24.06,19.09,-84.49,-170.5
52.4213,-1.53463,196,0.04,3,269.34,18 / 18,484009,2019-09-06 19:28:09:752,0.0389,0.2022,9.8576,-0.001,0.0013,9.8066,0.0019,-0.0038,0.006,3.31,-31.56,24.19,19.12,-84.49,-170.47
52.4213,-1.53463,196,0.04,3,269.34,18 / 18,484109,2019-09-06 19:28:09:852,-0.1597,0.0545,10.0023,0.0004,0.0016,9.8066,0.0011,-0.0138,0.0158,2.94,-31.56,24.25,19.12,-84.48,-170.48
52.4213,-1.53463,196,0.04,3,269.34,18 / 18,484209,2019-09-06 19:28:09:952,0.0799,-0.0892,9.919,0.0011,0.0003,9.8066,-0.0025,-0.0044,0.009,3.63,-31.44,23.31,22.11,-84.46,-170.62
52.4213,-1.53463,196,0.04,3,269.34,18 / 19,484309,2019-09-06 19:28:10:052,0.0129,-0.0892,9.8756,-0.0001,-0.0019,9.8066,0.003,-0.0066,0.0061,3.13,-31.25,24.13,18.87,-84.45,-170.63
52.4213,-1.53463,196,0.04,3,269.34,18 / 19,484410,2019-09-06 19:28:10:153,-0.1408,0.0753,9.9414,-0.0007,0.0001,9.8066,0.0194,-0.0136,-0.0078,3.19,-32.06,24.63,18.51,-84.45,-170.65
52.4213,-1.53463,196,0.04,3,269.34,18 / 19,484510,2019-09-06 19:28:10:253,0.0436,-0.1728,9.8359,-0.0005,-0.0031,9.8066,0.0132,-0.0037,-0.0032,2.31,-31.37,24.5,15.84,-84.43,-170.68
52.4213,-1.53463,196,0.04,3,269.34,18 / 19,484609,2019-09-06 19:28:10:352,-0.0992,0.3158,9.8712,-0.0001,-0.0018,9.8066,-0.0044,-0.0062,0.0077,3.13,-31.5,24.44,18.74,-84.42,-170.76
52.4213,-1.53463,196,0.04,3,269.34,18 / 19,484709,2019-09-06 19:28:10:452,0.0377,0.4118,9.8793,-0.0008,0.0009,9.8066,-0.0072,-0.0265,0.0065,3.63,-31.69,24.38,21.67,-84.42,-170.59
52.4213,-1.53463,196,0.04,3,269.34,18 / 19,484809,2019-09-06 19:28:10:552,-0.0191,0.5846,9.7544,-0.0004,0.0028,9.8066,0.0001,-0.0179,0.0069,3.88,-31.87,23.63,21.73,-84.42,-170.54
52.4213,-1.53463,196,0.04,3,269.34,18 / 19,484910,2019-09-06 19:28:10:653,-0.0561,0.379,9.8001,0.0002,0.0008,9.8066,0.0105,-0.0305,0.0077,4,-31.31,24.31,21.76,-84.4,-170.44
52.4213,-1.53463,196,0.04,3,269.34,18 / 19,485010,2019-09-06 19:28:10:753,-0.2788,0.1722,9.9225,0.0003,-0.0006,9.8066,0.0167,-0.0247,-0.0008,3.75,-31.56,24.06,22,-84.39,-170.32
52.4213,-1.53463,196,0.04,3,269.34,18 / 19,485110,2019-09-06 19:28:10:853,-0.2316,0.2102,9.9365,-0.0004,-0.0007,9.8066,0.0024,-0.0506,0.0077,3.75,-32.06,24.06,22.05,-84.37,-170.29
52.4213,-1.53463,196,0.04,3,269.34,18 / 19,485210,2019-09-06 19:28:10:953,0.1714,0.4485,9.7619,-0.001,-0.0009,9.8066,0.0088,-0.0612,0.0269,3.56,-31.5,24.06,21.88,-84.35,-170.36
52.4213,-1.53463,196,0.04,3,269.34,18 / 19,485310,2019-09-06 19:28:11:053,-0.2498,0.8114,9.9224,-0.002,0.0013,9.8066,0.0132,-0.0654,0.0027,4.69,-31.19,23.06,25.61,-84.33,-169.99
52.4213,-1.53463,196,0.04,3,269.34,18 / 18,485410,2019-09-06 19:28:11:153,-0.1785,0.1843,9.8612,-0.0019,-0.0051,9.8066,0.0164,-0.0692,0.0136,4.69,-31.81,23.06,25.91,-84.26,-169.88
52.4213,-1.53463,196,0.04,3,269.34,18 / 18,485510,2019-09-06 19:28:11:253,-0.0352,0.357,9.9031,0.0014,0.0024,9.8066,0.0008,-0.1046,0.0074,5.25,-32.19,22.31,26.93,-84.24,-169.69
52.4213,-1.53463,196,0.04,3,269.34,18 / 18,485610,2019-09-06 19:28:11:353,0.0172,0.3208,9.9146,0.0004,0.007,9.8066,0.0095,-0.1181,0.0137,6,-32.19,21.94,29.64,-84.2,-169.77
52.4213,-1.53463,196,0.04,3,269.34,18 / 18,485710,2019-09-06 19:28:11:453,-0.3755,0.6134,9.9932,0.0024,0.0065,9.8066,0.0009,-0.0979,-0.0057,5.63,-32.37,21.19,30.86,-84.22,-169.56
52.4213,-1.53463,196,0.04,3,269.34,18 / 18,485810,2019-09-06 19:28:11:553,0.0229,0.6592,9.8228,-0.0035,-0.0064,9.8066,0.0244,-0.1501,0.0222,5.5,-31.62,21.63,29.74,-84.15,-169.72
52.4213,-1.53463,196,0.04,3,269.34,18 / 18,485910,2019-09-06 19:28:11:653,-0.0328,0.5404,9.8549,0.0019,-0.0058,9.8066,0.0285,-0.1629,-0.0065,6.31,-32.44,20.75,30.42,-84.1,-170.04
52.4213,-1.53463,196,0.04,3,269.34,18 / 18,486010,2019-09-06 19:28:11:753,-0.1433,0.3072,9.6829,0.0048,-0.0078,9.8066,-0.0332,-0.1701,-0.0001,6.31,-32.62,21.25,29.36,-84.04,-171.13
52.4213,-1.53463,196,0.04,3,269.34,18 / 18,486110,2019-09-06 19:28:11:853,0.4785,0.5268,9.9359,0.0031,-0.019,9.8065,-0.0451,-0.1554,-0.0132,6.88,-32.31,21.06,30.69,-83.96,-172.34
52.4213,-1.53463,196,0.04,3,269.34,18 / 18,486210,2019-09-06 19:28:11:953,0.7044,0.4797,9.7872,0.003,0.0095,9.8066,0.0789,-0.1835,0.0405,6.63,-31.69,20.44,31.58,-83.91,-172.68
52.4213,-1.53463,196,0.04,3,269.34,18 / 18,486310,2019-09-06 19:28:12:053,0.3497,0.2231,9.6091,0.0056,0.0134,9.8066,0.0595,-0.1833,0.0362,6.88,-32.69,20.19,31.65,-83.97,-172.72
52.4213,-1.53463,196,0.04,3,269.34,19 / 20,486409,2019-09-06 19:28:12:152,-0.3823,0.3925,10.0219,-0.0071,-0.0083,9.8066,-0.0553,-0.1647,-0.0081,8,-32.81,20.63,33.81,-83.85,-172.23
52.4213,-1.53463,196,0.04,3,269.34,19 / 20,486510,2019-09-06 19:28:12:253,-0.0151,0.1014,9.7716,0.0009,-0.0018,9.8066,-0.0384,-0.217,0.0359,7.88,-32.94,20.38,35.3,-83.84,-172.11
52.4213,-1.53463,196,0.04,3,269.34,19 / 20,486609,2019-09-06 19:28:12:352,0.5908,0.0454,10.0131,0.0001,0.0006,9.8066,0.0185,-0.1786,0,7.25,-33.06,20.56,30.92,-83.78,-172.43
52.4213,-1.53463,196,0.04,3,269.34,19 / 20,486710,2019-09-06 19:28:12:453,0.4515,-0.1243,9.9274,-0.0043,-0.0091,9.8066,0.0209,-0.1353,0.048,7.5,-32.94,20.19,34.98,-83.66,-172.57
52.4213,-1.53463,196,0.04,3,269.34,19 / 20,486810,2019-09-06 19:28:12:553,0.1032,-0.1166,9.8636,0.0007,-0.0014,9.8066,0.0371,-0.1883,0.0185,7.13,-33.19,19.94,32.49,-83.56,-172.36
52.4213,-1.53463,196,0.04,3,269.34,19 / 20,486909,2019-09-06 19:28:12:652,-0.1266,-0.213,9.8469,0.0003,-0.0029,9.8066,0.0211,-0.1586,-0.0268,7.81,-32.44,19.88,34.8,-83.47,-172.72
52.4213,-1.53463,196,0.04,3,269.34,19 / 20,487010,2019-09-06 19:28:12:753,0.3254,-0.1494,9.8363,-0.0044,-0.0075,9.8066,0.0108,-0.197,0.0675,7.69,-33,19.88,34.88,-83.38,-172.91
52.4213,-1.53463,196,0.04,3,269.34,19 / 20,487110,2019-09-06 19:28:12:853,0.6168,-0.1592,9.8221,0.0113,-0.014,9.8066,-0.0438,-0.1473,-0.035,7.88,-33.12,20.06,33.43,-83.32,-174.19
52.4213,-1.53463,196,0.04,3,269.34,19 / 20,487210,2019-09-06 19:28:12:953,0.4547,-0.5217,9.8469,0.0034,-0.0032,9.8066,0.0095,-0.1498,0.0189,8.44,-32.69,19.06,33.37,-83.31,-175.54
52.4213,-1.53463,196,0.04,3,269.34,19 / 20,487310,2019-09-06 19:28:13:053,0.041,-0.2538,9.9064,0.0025,-0.0054,9.8066,0.0465,-0.1481,0.0019,8.69,-34,19.06,35.88,-83.29,-176.03
52.4213,-1.53463,196,0.04,3,269.34,21 / 21,487410,2019-09-06 19:28:13:153,0.1178,-0.432,9.9235,-0.0103,-0.0088,9.8066,-0.0225,-0.1233,0.0373,8.94,-33.25,18.69,35.64,-83.17,-176.16
52.4213,-1.53463,196,0.04,3,269.34,21 / 21,487509,2019-09-06 19:28:13:252,0.0769,-0.4179,10.038,-0.0098,-0.0096,9.8066,-0.0246,-0.1361,0.047,8.94,-34.06,18.31,38.29,-83.08,-175.75
52.4213,-1.53463,196,0.04,3,269.34,21 / 21,487610,2019-09-06 19:28:13:353,0.3376,-0.1032,9.9192,-0.0007,0.0038,9.8066,0.0571,-0.1489,0.0123,9.44,-33.87,17.44,40.71,-83.08,-175.41
52.4213,-1.53463,196,0.04,3,269.34,21 / 21,487709,2019-09-06 19:28:13:452,0.278,0.1196,10.0225,0.0003,0.0104,9.8066,0.0356,-0.1159,-0.0023,9.38,-33.75,17.19,41.3,-83.05,-174.94
52.4213,-1.53463,196,0.04,3,269.34,21 / 21,487809,2019-09-06 19:28:13:552,-0.257,-0.1474,9.9609,-0.0102,-0.0098,9.8065,-0.0483,-0.0891,0.0373,9.94,-34.25,17.19,44.62,-83.02,-174.55
52.4213,-1.53463,196,0.04,3,269.34,21 / 21,487910,2019-09-06 19:28:13:653,0.1461,0.077,9.6779,-0.0101,-0.0102,9.8066,-0.0613,-0.1303,0.0436,9.81,-33.87,16.75,44.97,-82.89,-174.42
52.4213,-1.53463,196,0.04,3,269.34,21 / 21,488010,2019-09-06 19:28:13:753,0.1788,0.5635,9.7207,0.0026,0.0033,9.8066,0.0542,-0.1244,-0.0165,10.19,-34.12,16.63,45.27,-82.88,-174.18
52.4213,-1.53463,196,0.04,3,269.34,21 / 21,488110,2019-09-06 19:28:13:853,0.0415,0.1519,9.9492,0.0015,0.0056,9.8066,0.0472,-0.1655,0.0068,10,-33.94,16.5,45.37,-82.83,-174.16
52.4213,-1.53463,196,0.04,3,269.34,21 / 21,488209,2019-09-06 19:28:13:952,0.2191,0.0053,9.7896,-0.0038,-0.0102,9.8066,-0.002,-0.11,0.0026,9.94,-33.75,16.13,47.24,-82.72,-174.68
52.4213,-1.53463,196,0.04,3,269.34,21 / 21,488310,2019-09-06 19:28:14:053,0.3171,-0.0778,9.6477,-0.0038,-0.0078,9.8066,-0.0007,-0.134,0.0173,10.31,-33.81,16.06,46.99,-82.66,-174.98
52.4213,-1.53463,196,0.04,3,269.34,21 / 21,488409,2019-09-06 19:28:14:152,-0.0806,0.0044,9.8135,-0.0073,-0.0092,9.8066,0.0147,-0.1217,0.0014,10.5,-33.69,15.56,49.76,-82.53,-175.05
52.4213,-1.53463,196,0.04,3,269.34,21 / 21,488510,2019-09-06 19:28:14:253,-0.072,-0.335,9.8863,-0.0092,-0.0062,9.8066,0.0014,-0.1099,0.0236,10.25,-34.19,15.63,47.39,-82.44,-174.97
52.4213,-1.53463,196,0.04,3,269.34,21 / 21,488609,2019-09-06 19:28:14:352,0.3665,-0.0437,9.9184,0.0007,-0.0024,9.8066,0.0378,-0.1401,0.0343,11,-34.12,16.25,50.34,-82.33,-174.84
52.4213,-1.53463,196,0.04,3,269.34,21 / 21,488710,2019-09-06 19:28:14:453,0.0154,-0.563,9.9348,-0.0009,-0.0037,9.8066,0.0091,-0.1206,-0.0027,10.69,-33.69,15.38,52.64,-82.25,-175.24
52.4213,-1.53463,196,0.04,3,269.34,21 / 21,488810,2019-09-06 19:28:14:553,0.2677,-0.0803,10.0043,-0.0069,-0.0034,9.8066,-0.0136,-0.1204,0.0173,10.69,-33.56,15.25,53.01,-82.16,-175.07
52.4213,-1.53463,196,0.04,3,269.34,21 / 21,488910,2019-09-06 19:28:14:653,-0.0405,-0.1733,9.7843,-0.0062,-0.0026,9.8066,0.0248,-0.0911,0.048,10.63,-33.87,15.19,53.21,-82.11,-174.97
52.4213,-1.53463,196,0.04,3,269.34,21 / 21,489010,2019-09-06 19:28:14:753,-0.1246,-0.2653,9.7719,0.001,-0.0014,9.8066,0.0155,-0.1271,0.002,10.44,-34.12,14.44,53.58,-82.05,-175.01
52.4213,-1.53463,196,0.04,3,269.34,21 / 21,489109,2019-09-06 19:28:14:852,0.0262,0.0868,9.8696,-0.0025,-0.003,9.8066,0.0075,-0.1186,-0.0126,10.06,-33.87,14.31,53.55,-82.01,-175.1
52.4213,-1.53463,196,0.04,3,269.34,21 / 21,489210,2019-09-06 19:28:14:953,0.0773,-0.4603,9.8158,0.0019,-0.0001,9.8066,0.0072,-0.0941,0.0266,10.44,-33.94,15,50.51,-81.97,-175.25
52.4213,-1.53463,196,0.04,3,269.34,20 / 21,489310,2019-09-06 19:28:15:053,0.269,-0.2065,9.9312,-0.0023,-0.0037,9.8066,0.0143,-0.094,0.0208,10.69,-34.12,14.56,52.88,-82,-175.43
52.4213,-1.53463,196,0.04,3,269.34,20 / 21,489409,2019-09-06 19:28:15:152,0.0477,-0.2114,9.8801,-0.0041,0.0009,9.8066,-0.0174,-0.1025,0.0065,10.38,-34.25,13.94,53.36,-81.97,-175.32
52.4213,-1.53463,196,0.04,3,269.34,20 / 21,489510,2019-09-06 19:28:15:253,0.099,-0.0728,9.9152,-0.005,0.0035,9.8066,-0.0264,-0.0992,0.0226,9.88,-34.25,13.69,53.79,-81.95,-175.01
52.4213,-1.53463,196,0.04,3,269.34,20 / 21,489609,2019-09-06 19:28:15:352,0.4444,0.3893,9.8729,0.0002,0.0017,9.8066,0.036,-0.0705,0.0359,10.81,-34.5,13.56,57.04,-81.9,-174.52
52.4213,-1.53463,196,0.04,3,269.34,20 / 21,489710,2019-09-06 19:28:15:453,0.3462,0.2507,9.9043,0.0017,0.0024,9.8066,-0.0027,-0.1103,0.0071,10.25,-35.19,13.44,58.38,-81.89,-174.42
52.4213,-1.53463,196,0.04,3,269.34,20 / 21,489809,2019-09-06 19:28:15:552,0.0235,-0.3617,9.8704,-0.0038,-0.0029,9.8066,0.0044,-0.0867,-0.0021,10.06,-34.62,13.25,58.01,-81.88,-174.74
52.4213,-1.53463,196,0.04,3,269.34,20 / 21,489909,2019-09-06 19:28:15:652,0.3536,0.1168,9.889,-0.0059,0.0035,9.8066,0.0072,-0.0715,0.0458,10.06,-34.75,13.06,58.58,-81.82,-174.39
52.4213,-1.53463,196,0.04,3,269.34,20 / 21,490009,2019-09-06 19:28:15:752,-0.5181,-0.2513,9.6512,-0.002,-0.0064,9.8066,-0.021,-0.1122,-0.0128,10.19,-34.87,13.06,58.55,-81.79,-174.46
52.4213,-1.53463,196,0.04,3,269.34,20 / 21,490109,2019-09-06 19:28:15:852,-0.0605,0.2193,9.7078,-0.0053,-0.0042,9.8066,-0.0003,-0.0881,-0.0158,10.56,-35.06,12.63,60.85,-81.77,-174.65
52.4213,-1.53463,196,0.04,3,269.34,20 / 21,490209,2019-09-06 19:28:15:952,0.0163,-0.1978,9.883,0.0016,-0.001,9.8066,-0.0006,-0.1104,0.0355,10.44,-34.56,12.31,62.03,-81.76,-174.64
52.4213,-1.53463,196,0.04,3,269.34,18 / 20,490311,2019-09-06 19:28:16:054,0.3057,0.0381,9.9406,0.0019,-0.0028,9.8066,-0.0115,-0.1063,-0.0028,10.44,-35.19,13.13,58.13,-81.76,-174.89
52.4213,-1.53463,196,0.04,3,269.34,18 / 20,490410,2019-09-06 19:28:16:153,0.607,0.4703,9.9846,0.003,-0.0033,9.8066,-0.0032,-0.1059,-0.0009,10.5,-35.44,12.38,63.72,-81.77,-175.18
52.4213,-1.53463,196,0.04,3,269.34,18 / 20,490509,2019-09-06 19:28:16:252,-0.0013,-0.2539,9.7973,0.0047,-0.0036,9.8066,0.0085,-0.1145,0.0143,11.13,-34.81,12.06,62.93,-81.8,-175.8
52.4213,-1.53463,196,0.04,3,269.34,18 / 20,490610,2019-09-06 19:28:16:353,0.2376,0.3565,9.844,0.0015,-0.004,9.8066,-0.0005,-0.1119,-0.0082,10.75,-35.31,11.56,62.32,-81.81,-176.31
52.4213,-1.53463,196,0.04,3,269.34,18 / 20,490710,2019-09-06 19:28:16:453,-0.2885,-0.0027,9.8936,0.0027,-0.0014,9.8066,-0.036,-0.112,-0.0087,10.38,-35.06,11.19,63.44,-81.84,-176.61
52.4213,-1.53463,196,0.04,3,269.34,18 / 20,490809,2019-09-06 19:28:16:552,0.2211,-0.1116,9.8485,-0.0011,-0.0042,9.8066,0.011,-0.0976,0.0141,10.69,-35.12,11.06,65.51,-81.8,-176.85
52.4213,-1.53463,196,0.04,3,269.34,18 / 20,490910,2019-09-06 19:28:16:653,-0.1413,-0.353,9.7574,0.0063,-0.0047,9.8066,-0.0053,-0.1036,-0.006,10.88,-35.31,10.81,64.93,-81.81,-177.32
52.4213,-1.53463,196,0.04,3,269.34,18 / 20,491009,2019-09-06 19:28:16:752,0.2718,-0.2593,9.9099,0.0047,-0.0001,9.8066,0.0133,-0.1272,0.0145,10.94,-35.25,11.44,64.39,-81.81,-177.77
52.4213,-1.53463,196,0.04,3,269.34,18 / 20,491110,2019-09-06 19:28:16:853,-0.497,-0.647,9.7803,-0.0023,0.0003,9.8066,0.0374,-0.0833,0.0099,10.69,-35.5,10.44,68.63,-81.78,-177.73
52.4213,-1.53463,196,0.04,3,269.34,18 / 20,491210,2019-09-06 19:28:16:953,-0.1,-0.4144,9.7224,0.0043,-0.0008,9.8066,-0.0358,-0.1022,0.0054,11.06,-35.25,10.5,64.22,-81.8,-177.95
52.4213,-1.53463,196,0.04,3,269.34,20 / 20,491310,2019-09-06 19:28:17:053,-0.3718,-0.2754,9.8602,0.0011,-0.0028,9.8065,-0.05,-0.0919,0.004,10.63,-35.62,9.5,68.65,-81.81,-178.19
52.4213,-1.53463,196,0.04,3,269.34,20 / 20,491409,2019-09-06 19:28:17:152,0.4353,0.1477,9.8024,0.0018,0.0043,9.8066,0.0523,-0.0739,0.0386,10.94,-35.5,10.19,68.13,-81.81,-178.11
52.4213,-1.53463,196,0.04,3,269.34,20 / 20,491510,2019-09-06 19:28:17:253,0.3479,0.2365,9.8754,0.0039,0.0061,9.8066,0.0122,-0.1132,0.0076,11,-35.94,10.19,69.07,-81.82,-177.8
52.4213,-1.53463,196,0.04,3,269.34,20 / 20,491610,2019-09-06 19:28:17:353,0.1475,-0.1292,10.0117,-0.0001,-0.0003,9.8066,-0.0098,-0.1001,0.0176,11,-35.62,10.19,68.88,-81.86,-177.88
52.4213,-1.53463,196,0.04,3,269.34,20 / 20,491710,2019-09-06 19:28:17:453,0.3226,0.2589,9.8779,0.0028,0.0033,9.8066,0.0283,-0.0951,0.0331,11.25,-35.56,9.88,68.92,-81.87,-177.81
52.4213,-1.53463,196,0.04,3,269.34,20 / 20,491810,2019-09-06 19:28:17:553,-0.1208,-0.1589,9.7497,-0.0065,-0.0077,9.8066,-0.022,-0.1064,-0.0046,11,-35.75,10.06,68.82,-81.82,-178.01
52.4213,-1.53463,196,0.04,3,269.34,20 / 20,491910,2019-09-06 19:28:17:653,0.1057,-0.0825,9.6549,-0.0103,-0.0014,9.8066,-0.0061,-0.1028,0.0272,11.5,-35.69,9.31,74.81,-81.81,-177.92
52.4213,-1.53463,196,0.04,3,269.34,20 / 20,492009,2019-09-06 19:28:17:752,0.1165,-0.0947,9.9298,0.0063,0.0037,9.8066,0.0244,-0.1112,0.0319,11.25,-35.75,9.44,73.68,-81.83,-177.59
52.4213,-1.53463,196,0.04,3,269.34,20 / 20,492109,2019-09-06 19:28:17:852,-0.3941,-0.447,10.0103,0.0041,-0.0001,9.8066,0.0524,-0.0902,-0.0051,11.31,-35.75,9.5,69.36,-81.78,-177.64
52.4213,-1.53463,196,0.04,3,269.34,20 / 20,492210,2019-09-06 19:28:17:953,0.0855,-0.1695,9.9285,-0.0111,-0.0075,9.8066,-0.0413,-0.114,0.002,10.81,-35.5,8.69,72.63,-81.77,-178.11
52.4213,-1.53463,196,0.04,3,269.34,21 / 21,492310,2019-09-06 19:28:18:053,-0.316,-0.4371,9.8262,0.0041,-0.0015,9.8066,-0.0219,-0.0934,0.0141,11.25,-35.69,9.25,73.34,-81.65,-178.38
52.4213,-1.53463,196,0.04,3,269.34,21 / 21,492410,2019-09-06 19:28:18:153,-0.2573,-0.3534,9.907,0.0085,0.0013,9.8066,0.0281,-0.0883,0.0055,11.13,-35,8.38,76.99,-81.66,-178.66
52.4213,-1.53463,196,0.04,3,269.34,21 / 21,492509,2019-09-06 19:28:18:252,0.5119,-0.0474,9.875,0.0073,-0.0023,9.8066,0.0007,-0.1015,-0.0207,11.19,-36,8.25,77.32,-81.68,-178.95
52.4213,-1.53463,196,0.04,3,269.34,21 / 21,492610,2019-09-06 19:28:18:353,0.2363,0.1834,9.9706,0.0001,0.0017,9.8066,-0.0183,-0.0723,0.018,11.19,-35.56,8.94,72.28,-81.69,-179.22
52.4213,-1.53463,196,0.04,3,269.34,21 / 21,492709,2019-09-06 19:28:18:452,0.3534,0.075,9.861,0.0022,-0.0014,9.8066,-0.0221,-0.0993,0.0305,11.25,-35.06,8.25,76.29,-81.71,-179.16
52.4213,-1.53463,196,0.04,3,269.34,21 / 21,492809,2019-09-06 19:28:18:552,0.1463,-0.1579,9.6752,0.0019,-0.0078,9.8065,-0.0015,-0.0868,-0.0279,11.25,-35.12,7.31,80.19,-81.74,179.99
52.4213,-1.53463,196,0.04,3,269.34,21 / 21,492910,2019-09-06 19:28:18:653,-0.4314,-0.2759,9.7955,-0.004,-0.0002,9.8066,0.0021,-0.0909,0.013,10.69,-35.5,7.25,80.01,-81.74,179.83
52.4213,-1.53463,196,0.04,3,269.34,21 / 21,493009,2019-09-06 19:28:18:752,0.0077,-0.2842,9.8715,0.0019,-0.0017,9.8066,0.0155,-0.0749,0.0225,11.38,-36.19,7.31,80.92,-81.71,179.91
52.4213,-1.53463,196,0.04,3,269.34,21 / 21,493110,2019-09-06 19:28:18:853,-0.5681,-0.518,9.9563,0.0016,-0.0009,9.8066,-0.0011,-0.0711,-0.0039,10.5,-35.81,7.06,80.84,-81.7,179.8
52.4213,-1.53463,196,0.04,3,269.34,21 / 21,493210,2019-09-06 19:28:18:953,-0.4509,-0.6929,9.9121,-0.0016,-0.0068,9.8066,-0.0098,-0.0516,-0.0103,10.69,-35.44,7.38,79.89,-81.7,179.59
52.4213,-1.53463,196,0.04,3,269.34,21 / 21,493309,2019-09-06 19:28:19:052,-0.6941,-0.6968,9.8874,-0.0055,-0.0014,9.8066,0.0073,-0.0151,0.0182,10.75,-35.69,6.88,80.33,-81.66,179.2
52.4213,-1.53463,196,0.04,3,269.34,21 / 21,493410,2019-09-06 19:28:19:153,-0.5599,-0.5664,9.8546,0.0032,-0.0006,9.8066,0.0093,-0.0182,0.0003,11.06,-35.44,7,79.56,-81.66,179.16
52.4213,-1.53463,196,0.04,3,269.34,21 / 21,493509,2019-09-06 19:28:19:252,-0.2379,-0.3994,9.7773,0.0039,-0.0028,9.8066,-0.0127,-0.012,-0.0271,11,-36.31,7.06,80.04,-81.67,178.94
52.4213,-1.53463,196,0.04,3,269.34,21 / 21,493610,2019-09-06 19:28:19:353,0.3631,0.2165,9.9068,0.0009,0.0102,9.8066,0.0153,-0.0003,0.0423,10.63,-35.62,6.31,85.7,-81.69,179.51
52.4213,-1.53463,196,0.04,3,269.34,21 / 21,493709,2019-09-06 19:28:19:452,0.3124,0.1045,10.1032,0.0042,0.0032,9.8066,0.0076,-0.0084,-0.0004,10.81,-35.56,6.88,81.09,-81.7,-179.98
52.4213,-1.53463,196,0.04,3,269.34,21 / 21,493809,2019-09-06 19:28:19:552,-0.0202,-0.0868,10.0345,-0.0035,-0.0012,9.8066,-0.0065,-0.0025,-0.0126,10.81,-35.12,7.06,80.22,-81.69,179.87
52.4213,-1.53463,196,0.04,3,269.34,21 / 21,493909,2019-09-06 19:28:19:652,0.159,-0.0713,9.7159,0.0014,0.0021,9.8066,0.0036,0.008,0.0154,10.44,-35.5,6.63,79.44,-81.68,179.98
52.4213,-1.53463,196,0.04,3,269.34,21 / 21,494009,2019-09-06 19:28:19:752,-0.0355,-0.1432,9.7885,0.0011,-0.0041,9.8066,-0.0008,-0.0191,-0.0142,11,-35.5,7.13,80,-81.68,179.64
52.4213,-1.53463,196,0.04,3,269.34,21 / 21,494110,2019-09-06 19:28:19:853,0.0422,0.0571,9.8269,-0.0004,0.0001,9.8066,-0.0004,-0.0015,-0.0199,10.81,-35.44,7.06,79.74,-81.69,179.42
52.4213,-1.53463,196,0.04,3,269.34,21 / 21,494209,2019-09-06 19:28:19:952,0.0131,-0.0796,9.8533,-0.0019,0.0027,9.8066,-0.0023,0.0135,0.0273,10.31,-35.81,6.63,79.9,-81.68,179.67
52.4213,-1.53463,196,0.04,3,269.34,21 / 21,494309,2019-09-06 19:28:20:052,0.2991,-0.1062,9.975,0.0006,-0.0005,9.8066,-0.0184,-0.0005,-0.0113,10.13,-35.44,8.5,68.54,-81.69,179.64
52.4213,-1.53463,196,0.04,3,269.34,20 / 21,494410,2019-09-06 19:28:20:153,0.4043,-0.0307,9.516,0.0081,0.009,9.8066,0.0586,-0.0243,0.0172,9.5,-35.5,10.25,63.74,-81.66,179.56
52.4213,-1.53463,196,0.04,3,269.34,20 / 21,494509,2019-09-06 19:28:20:252,-0.2876,-0.1732,9.8134,0.0133,0.0075,9.8066,0.0693,-0.0386,0.0001,8.69,-35.75,10.56,57.53,-81.71,179.88
52.4213,-1.53463,196,0.04,3,269.34,20 / 21,494610,2019-09-06 19:28:20:353,-0.5299,-0.3886,9.967,-0.0119,-0.0047,9.8066,-0.0818,-0.0394,-0.0176,9.44,-35.87,10.44,62.49,-81.62,179.85
52.4213,-1.53463,196,0.04,3,269.34,20 / 21,494709,2019-09-06 19:28:20:452,0.1117,0.0886,9.7965,-0.0125,-0.0056,9.8066,-0.0466,-0.009,0.0039,8.44,-35.5,9.56,59.09,-81.64,-179.95
52.4213,-1.53463,196,0.04,3,269.34,20 / 21,494809,2019-09-06 19:28:20:552,-0.3083,-0.3155,9.7254,0.0102,0.0059,9.8066,0.0165,0.0076,-0.0099,8.81,-35.81,10.38,62.94,-81.69,-179.61
52.4213,-1.53463,196,0.04,3,269.34,20 / 21,494909,2019-09-06 19:28:20:652,0.0998,0.3206,9.8616,0.0045,0.0035,9.8066,0.0215,-0.0311,0.0047,8.56,-35.25,9.69,62.27,-81.69,-179.58
52.4213,-1.53463,196,0.04,3,269.34,20 / 21,495010,2019-09-06 19:28:20:753,0.0506,-0.2009,9.9122,-0.0001,-0.0005,9.8066,-0.016,0.0144,-0.0041,8.81,-35.87,9.75,62.83,-81.69,-179.7
52.4213,-1.53463,196,0.04,3,269.34,20 / 21,495110,2019-09-06 19:28:20:853,0.1862,0.1159,9.7276,-0.0008,-0.0003,9.8066,-0.02,-0.0171,0.0129,8.5,-35.12,9,67.32,-81.69,-179.62
52.4213,-1.53463,196,0.04,3,269.34,20 / 21,495210,2019-09-06 19:28:20:953,-0.0569,-0.1118,9.7203,0.0043,0.0002,9.8066,0.0144,-0.0138,-0.0171,9.06,-35.25,8.88,66.89,-81.73,-179.87
52.4213,-1.53463,196,0.04,3,269.34,21 / 21,495309,2019-09-06 19:28:21:052,0.0486,0.181,9.6812,-0.0003,0.0012,9.8066,0.0142,0.0134,-0.0014,8.19,-35.19,9.81,58.94,-81.72,-179.85
52.4213,-1.53463,196,0.04,3,269.34,21 / 21,495410,2019-09-06 19:28:21:153,0.0348,-0.3894,9.9826,0.0051,0.001,9.8066,-0.0171,-0.0094,0.0192,8.25,-35.06,10.38,59.18,-81.7,-179.7
52.4213,-1.53463,196,0.04,3,269.34,21 / 21,495510,2019-09-06 19:28:21:253,0.3581,-0.1028,9.8715,0.0075,-0.0007,9.8066,-0.0206,-0.008,-0.0305,8.63,-35,10.5,56.73,-81.75,179.85
52.4213,-1.53463,196,0.04,3,269.34,21 / 21,495609,2019-09-06 19:28:21:352,0.2614,-0.2265,9.9175,-0.0026,0.0025,9.8066,0.0259,0.0082,0.0342,9.13,-35.62,10,62.15,-81.75,179.89
52.4213,-1.53463,196,0.04,3,269.34,21 / 21,495710,2019-09-06 19:28:21:453,-0.2977,0.0774,9.7536,0.0034,0.0013,9.8066,0.0039,-0.0149,0.0142,8.94,-35.75,8.75,67.44,-81.75,-179.99
52.4213,-1.53463,196,0.04,3,269.34,21 / 21,495810,2019-09-06 19:28:21:553,-0.0625,0.0385,9.7664,0.0012,-0.001,9.8066,-0.0089,-0.0052,-0.0266,8.63,-35.37,8.88,66.32,-81.77,179.78
52.4213,-1.53463,196,0.04,3,269.34,21 / 21,495910,2019-09-06 19:28:21:653,-0.1778,-0.1394,9.8253,-0.0006,0.0026,9.8066,0.0124,-0.0085,0.0255,8.56,-35.06,9.38,66.47,-81.77,179.9
52.4213,-1.53463,196,0.04,3,269.34,21 / 21,496009,2019-09-06 19:28:21:752,0.4088,-0.0037,9.8973,-0.0017,-0.0032,9.8065,0.0121,0.0058,0.0041,8.38,-35.12,9.5,58.48,-81.77,179.91
52.4213,-1.53463,196,0.04,3,269.34,21 / 21,496110,2019-09-06 19:28:21:853,0.1732,-0.0803,9.8903,0.0025,-0.0017,9.8066,-0.0097,-0.0223,-0.028,8.81,-35.37,8.81,66.15,-81.76,179.61
52.4213,-1.53463,196,0.04,3,269.34,21 / 21,496209,2019-09-06 19:28:21:952,0.1191,-0.1804,9.8938,-0.0013,0.0004,9.8066,0.0097,0.0005,0.0108,9.25,-35.5,9.38,66.03,-81.78,179.57
52.4213,-1.53463,196,0.04,3,269.34,21 / 21,496309,2019-09-06 19:28:22:052,0.2134,0.0207,9.8734,0.0007,0.0007,9.8066,0.009,0.0079,0.025,8.69,-35.94,9.63,61.74,-81.77,179.62
52.4213,-1.53463,196,0.04,3,269.34,20 / 21,496410,2019-09-06 19:28:22:153,0.3231,0.1424,9.9154,-0.0004,-0.0011,9.8066,-0.0191,0.0072,0.0081,8.44,-35.19,10.25,57.96,-81.77,179.52
52.4213,-1.53463,196,0.04,3,269.34,20 / 21,496509,2019-09-06 19:28:22:252,0.0899,-0.0388,9.9846,0.003,-0.0002,9.8065,0.0061,0.0041,0.0167,8.44,-35.94,10.25,58.51,-81.79,179.41
52.4213,-1.53463,196,0.04,3,269.34,20 / 21,496609,2019-09-06 19:28:22:352,0.1462,0.0516,9.8441,-0.0045,-0.0013,9.8066,-0.0123,-0.0067,-0.0092,8.44,-35.12,9.38,63.36,-81.77,179.46
52.4213,-1.53463,196,0.04,3,269.34,20 / 21,496710,2019-09-06 19:28:22:453,-0.2522,-0.0152,9.8001,-0.0049,-0.0009,9.8066,-0.01,-0.0162,-0.0232,8.75,-35.31,9.13,66.03,-81.76,179.51
52.4213,-1.53463,196,0.04,3,269.34,20 / 21,496810,2019-09-06 19:28:22:553,-0.2136,0.1261,9.7019,0.0073,0.0004,9.8066,0.0335,-0.0053,0.0247,7.94,-35.31,9.38,62.87,-81.8,179.17
52.4213,-1.53463,196,0.04,3,269.34,20 / 21,496910,2019-09-06 19:28:22:653,-0.0837,0.1026,9.9369,-0.0004,0.0015,9.8066,-0.026,0.0066,-0.0255,8.94,-34.44,9.19,64.72,-81.79,179.14
52.4213,-1.53463,196,0.04,3,269.34,20 / 21,497010,2019-09-06 19:28:22:753,0.205,-0.0676,9.8718,-0.001,-0.0033,9.8066,0.0042,-0.0114,-0.0019,9.06,-35.06,9,65.63,-81.8,179.28
52.4213,-1.53463,196,0.04,3,269.34,20 / 21,497109,2019-09-06 19:28:22:852,0.0754,0.1151,9.8677,-0.0022,-0.0022,9.8066,-0.0031,-0.0026,0.0037,8.94,-35.87,9.19,66.22,-81.77,179.05
52.4213,-1.53463,196,0.04,3,269.34,20 / 21,497209,2019-09-06 19:28:22:952,-0.5822,-0.2594,9.7745,-0.003,0.0014,9.8066,0.0055,-0.0269,-0.0083,8.44,-35.69,9.5,58.5,-81.77,179.35
52.4213,-1.53463,196,0.04,3,269.34,20 / 20,497309,2019-09-06 19:28:23:052,-0.1712,0.1067,9.9137,0.0001,-0.0045,9.8066,-0.0012,-0.0188,0.012,8.56,-35,9.69,60.72,-81.72,179.26
52.4213,-1.53463,196,0.04,3,269.34,20 / 20,497410,2019-09-06 19:28:23:153,-0.2697,0.0168,9.9092,-0.0061,-0.0029,9.8065,0.0055,-0.026,0.0139,9.06,-35.12,8.63,66.08,-81.68,179.33
52.4213,-1.53463,196,0.04,3,269.34,20 / 20,497509,2019-09-06 19:28:23:252,-0.1966,0.1345,9.9147,0.0016,0.0018,9.8066,-0.0198,-0.0242,0.0005,9.75,-35.06,7,78.77,-81.68,179.37
52.4213,-1.53463,196,0.04,3,269.34,20 / 20,497610,2019-09-06 19:28:23:353,-0.2269,0.1798,9.9446,0.0023,0.0025,9.8066,0.0381,-0.0596,0.0142,10,-35.31,6.88,78.88,-81.69,179.49
52.4213,-1.53463,196,0.04,3,269.34,20 / 20,497710,2019-09-06 19:28:23:453,-0.5272,0.0497,9.8614,-0.0031,-0.001,9.8066,0.0151,-0.0538,0.0204,9.5,-34.87,7.81,73.62,-81.66,179.52
52.4213,-1.53463,196,0.04,3,269.34,20 / 20,497810,2019-09-06 19:28:23:553,-0.6563,-0.0669,9.8606,-0.0009,-0.0012,9.8066,0.006,-0.0694,0.0106,9.5,-35.06,8.06,73.78,-81.63,179.59
52.4213,-1.53463,196,0.04,3,269.34,20 / 20,497909,2019-09-06 19:28:23:652,-0.5909,-0.0093,10.0542,-0.0013,0.0017,9.8065,-0.003,-0.0692,0.014,9.56,-35.25,7.5,73.89,-81.65,179.73
52.4213,-1.53463,196,0.04,3,269.34,20 / 20,498010,2019-09-06 19:28:23:753,-0.7355,0.1681,9.8958,0.002,0.0034,9.8066,0.0114,-0.1041,0.0317,9.75,-35.62,7.31,80.43,-81.61,179.95
52.4213,-1.53463,196,0.04,3,269.34,20 / 20,498110,2019-09-06 19:28:23:853,-0.5253,0.1203,9.8955,-0.001,0.0021,9.8066,-0.0008,-0.1093,0.0157,9.5,-36.06,7.25,80.67,-81.64,-179.74
52.4213,-1.53463,196,0.04,3,269.34,20 / 20,498210,2019-09-06 19:28:23:953,-0.427,0.28,9.9938,-0.0018,0.0029,9.8066,0.0122,-0.1213,0.0346,9.5,-35.06,7.25,80.1,-81.64,-179.53
52.4213,-1.53463,196,0.04,3,269.34,20 / 20,498310,2019-09-06 19:28:24:053,-0.3734,0.3597,10.0676,0.0083,-0.0026,9.8066,0.0353,-0.1301,0.0088,9.06,-36.25,6.88,79.67,-81.67,-179.61
52.4213,-1.53463,196,0.04,3,269.34,20 / 20,498410,2019-09-06 19:28:24:153,-0.2668,0.2633,10.0746,-0.0071,-0.0032,9.8065,0.0372,-0.1459,0.0221,9.31,-35.5,6.06,84.92,-81.68,-179.58
52.4213,-1.53463,196,0.04,3,269.34,20 / 20,498509,2019-09-06 19:28:24:252,-0.5656,0.2324,9.97,-0.0086,-0.0036,9.8066,-0.048,-0.1265,0.0086,9,-35.75,5.5,85.55,-81.68,-179.83
52.4213,-1.53463,196,0.04,3,269.34,20 / 20,498610,2019-09-06 19:28:24:353,-0.3119,0.2416,9.798,-0.0127,-0.0008,9.8066,-0.0599,-0.1545,0.0259,9.19,-36.06,5.25,92,-81.61,-179.95
52.4213,-1.53463,196,0.04,3,269.34,20 / 20,498709,2019-09-06 19:28:24:452,-0.2498,0.0989,9.7874,-0.0078,-0.0037,9.8066,0.013,-0.1808,0.016,8.94,-36.31,4.44,97.81,-81.61,179.58
52.4213,-1.53463,196,0.04,3,269.34,20 / 20,498810,2019-09-06 19:28:24:553,-0.284,0.4182,9.8596,0.0032,-0.0026,9.8066,-0.0061,-0.1747,0.0004,9.31,-36.56,4.25,98.25,-81.62,179.12
52.4213,-1.53463,196,0.04,3,269.34,20 / 20,498912,2019-09-06 19:28:24:655,-0.1327,0.0689,9.9224,0.0006,-0.0032,9.8066,-0.0022,-0.1814,0.0356,8.81,-36.37,3.63,97.14,-81.61,178.83
52.4213,-1.53463,196,0.04,3,269.34,20 / 20,499010,2019-09-06 19:28:24:753,-0.3386,0.2487,9.7257,-0.0042,-0.0022,9.8066,-0.0207,-0.183,0.0208,9.13,-36.69,3.44,103.8,-81.62,178.48
52.4213,-1.53463,196,0.04,3,269.34,20 / 20,499110,2019-09-06 19:28:24:853,-0.5673,0.4037,9.7812,0.0015,-0.0043,9.8066,0.0122,-0.1848,-0.0029,9,-36.25,2.69,102.94,-81.6,178.45
52.4213,-1.53463,196,0.04,3,269.34,20 / 20,499210,2019-09-06 19:28:24:953,-0.268,0.6563,9.9039,0.0045,-0.0011,9.8065,0.0033,-0.2326,0.0325,9.19,-36.37,1.88,108.37,-81.65,178.17
52.4213,-1.53463,196,0.04,3,269.34,20 / 20,499309,2019-09-06 19:28:25:052,-0.4426,-0.0882,9.711,0.0045,-0.0032,9.8065,-0.0011,-0.2325,0.0517,9.19,-36.87,2.19,108.93,-81.71,178.09
52.4213,-1.53463,196,0.04,3,269.34,21 / 21,499409,2019-09-06 19:28:25:152,-0.5148,-0.1164,9.5564,0.0045,-0.0012,9.8066,-0.0051,-0.2041,0.0349,8.5,-37,1.75,108.77,-81.76,178.12
52.4213,-1.53463,196,0.04,3,269.34,21 / 21,499509,2019-09-06 19:28:25:252,-0.0586,0.3799,9.8081,0.0096,0.0114,9.8066,-0.0362,-0.2183,0.0727,8.5,-36.94,0.94,114.57,-81.87,179.13
52.4213,-1.53463,196,0.04,3,269.34,21 / 21,499609,2019-09-06 19:28:25:352,0.174,0.5221,10.3866,0.0088,0.009,9.8066,0.0117,-0.2464,0.0613,8.13,-36.44,0.75,116.88,-81.99,-179.79
52.4213,-1.53463,196,0.04,3,269.34,21 / 21,499709,2019-09-06 19:28:25:452,-0.098,-0.0573,10.1812,-0.0005,-0.0009,9.8066,-0.0583,-0.2175,0.0391,8,-36.19,0.5,116.92,-82.07,-179.36
52.4213,-1.53463,196,0.04,3,269.34,21 / 21,499810,2019-09-06 19:28:25:553,0.4124,0.7733,10.1203,-0.0073,0.0097,9.8066,-0.0088,-0.2487,0.0494,7.69,-36.12,0.38,122.68,-82.07,-178.82
52.4213,-1.53463,196,0.04,3,269.34,21 / 21,499910,2019-09-06 19:28:25:653,0.1813,0.2001,10.1815,-0.0098,-0.0063,9.8066,0.0141,-0.2235,-0.0095,7.81,-36.19,0,122.18,-82,-179.8
52.4213,-1.53463,196,0.04,3,269.34,21 / 21,500009,2019-09-06 19:28:25:752,-0.1326,0.3198,10.0441,-0.0118,-0.0237,9.8066,-0.0189,-0.2095,-0.0781,7.13,-36.12,0.06,124.54,-81.98,178.28
52.4213,-1.53463,196,0.04,3,269.34,21 / 21,500109,2019-09-06 19:28:25:852,0.0821,0.0742,10.0213,-0.0272,-0.0066,9.8066,0.0353,-0.2331,0.0081,7.44,-36.31,0.25,122.8,-81.82,174.81
52.4213,-1.53463,196,0.04,3,269.34,21 / 21,500209,2019-09-06 19:28:25:952,-0.2403,-0.6763,9.6937,-0.0218,-0.0147,9.8065,-0.0253,-0.1823,-0.0569,7.25,-36.06,-0.19,121.77,-81.76,172.89
52.4213,-1.53463,196,0.04,3,269.34,21 / 21,500309,2019-09-06 19:28:26:052,-0.4975,-0.2859,9.8086,-0.008,-0.0109,9.8066,-0.0192,-0.2039,0.0059,6.81,-36.87,-0.44,121.54,-81.74,171.12
52.4213,-1.53463,196,0.04,3,269.34,21 / 21,500410,2019-09-06 19:28:26:153,-0.4324,-0.1116,9.4956,-0.0141,0.0032,9.8066,-0.0134,-0.1436,0.0241,7.06,-36.37,-1.31,125.02,-81.67,169.7
52.4213,-1.53463,196,0.04,3,269.34,21 / 21,500509,2019-09-06 19:28:26:252,-0.3476,0.3171,9.9834,0.0123,-0.0113,9.8066,0.0627,-0.1694,0.0082,6.56,-36.69,-1.56,129.89,-81.7,169.75
52.4213,-1.53463,196,0.04,3,269.34,21 / 21,500610,2019-09-06 19:28:26:353,-0.0945,0.4237,10.064,0.0099,0.0149,9.8065,0.0368,-0.1618,0.0038,7.13,-36.31,-1.94,129.28,-81.68,169.76
52.4213,-1.53463,196,0.04,3,269.34,21 / 21,500710,2019-09-06 19:28:26:453,-0.1955,0.9502,9.9714,-0.0098,0.0209,9.8065,-0.0028,-0.1321,0.039,6.88,-36.56,-1.81,130.84,-81.53,170.48
52.4213,-1.53463,196,0.04,3,269.34,21 / 21,500810,2019-09-06 19:28:26:553,0.1626,0.5305,9.7291,0.0074,-0.0077,9.8066,-0.0142,-0.2154,0.0524,6.44,-37.19,-2.37,135.77,-81.62,170.91
52.4213,-1.53463,196,0.04,3,269.34,21 / 21,500910,2019-09-06 19:28:26:653,-0.6172,0.3452,9.9886,0.0147,-0.0038,9.8066,-0.02,-0.1563,0.045,6.19,-36.25,-3,138.38,-81.67,170.86
52.4213,-1.53463,196,0.04,3,269.34,21 / 21,501010,2019-09-06 19:28:26:753,-0.6371,1.1375,10.3644,0.0078,-0.0085,9.8065,-0.0256,-0.1079,-0.0037,6.56,-36.62,-2.87,134.23,-81.81,171.41
52.4213,-1.53463,196,0.04,3,269.34,21 / 21,501109,2019-09-06 19:28:26:852,-0.8636,0.5025,10.0173,0.0005,0.0033,9.8066,-0.0244,-0.1603,0.0563,6.81,-36.5,-3.19,133.41,-81.84,171.14
52.4213,-1.53463,196,0.04,3,269.34,21 / 21,501209,2019-09-06 19:28:26:952,-0.4091,-0.3616,9.4201,0.0015,-0.0028,9.8066,-0.0055,-0.0818,0.005,6.5,-35.69,-2.94,133.28,-81.88,171.11
52.4213,-1.53463,196,0.04,3,269.34,21 / 21,501309,2019-09-06 19:28:27:052,0.1444,-0.814,10.0779,0.0182,0.0406,9.8065,0.1699,-0.1435,0.1877,5,-36.44,-3,145.48,-81.65,174.16
52.4213,-1.53463,196,0.04,3,269.34,21 / 21,501410,2019-09-06 19:28:27:153,0.2999,1.063,10.6725,0.0197,0.0242,9.8065,0.0776,-0.077,0.0379,4.19,-36.56,-2.62,153.56,-81.3,176.98
52.4213,-1.53463,196,0.04,3,269.34,21 / 21,501509,2019-09-06 19:28:27:252,1.123,1.3535,11.0531,0.0014,-0.0227,9.8066,-0.2156,-0.0726,-0.0654,4.06,-37,-3.5,154.36,-81.25,178.51
52.4213,-1.53463,196,0.04,3,269.34,21 / 21,501610,2019-09-06 19:28:27:353,0.0249,-0.1312,9.5742,-0.0134,-0.0783,9.8063,-0.1992,-0.0693,-0.1254,4.69,-36.5,-3.87,147.67,-82.05,174.61
52.4213,-1.53463,196,0.04,3,269.34,21 / 21,501709,2019-09-06 19:28:27:452,0.2053,-1.5377,9.1887,-0.0378,-0.0113,9.8065,0.0454,-0.0725,-0.0935,5.69,-36.19,-4.19,137.39,-82.59,168
52.4213,-1.53463,196,0.04,3,269.34,21 / 21,501810,2019-09-06 19:28:27:553,-1.0441,-0.3642,8.8085,-0.0131,-0.0418,9.8065,0.139,-0.0187,-0.1415,5.63,-35.94,-4.75,137.33,-82.77,164.5
52.4213,-1.53463,196,0.04,3,269.34,21 / 21,501910,2019-09-06 19:28:27:653,-0.3042,0.4944,10.2421,0.0076,0.0141,9.8066,0.1108,-0.0179,0.0571,6.06,-35.5,-4.12,134.51,-82.52,164.14
52.4213,-1.53463,196,0.04,3,269.34,21 / 21,502010,2019-09-06 19:28:27:753,-1.4406,0.7856,10.0571,-0.0342,0.0578,9.8063,0.3275,-0.015,-0.0515,5.69,-35.94,-4.25,136.06,-82.83,166.86
52.4213,-1.53463,196,0.04,3,269.34,21 / 21,502110,2019-09-06 19:28:27:853,-0.4897,0.8307,9.9738,0.0379,0.0056,9.8066,0.0048,-0.0459,0.0835,4.75,-36.06,-3.5,141.26,-82.39,169.66
52.4213,-1.53463,196,0.04,3,269.34,21 / 21,502210,2019-09-06 19:28:27:953,0.584,0.3713,9.9208,0.005,-0.0368,9.8065,-0.0199,0.0735,0.1031,4.75,-36,-3.75,143.94,-82.5,169.86
52.4213,-1.53463,196,0.04,3,269.34,21 / 21,502310,2019-09-06 19:28:28:053,0.0618,0.2417,10.2315,-0.0067,-0.0182,9.8066,0.0863,0.0132,-0.0377,5.25,-35.87,-3.5,139.67,-82.44,167.11
52.4213,-1.53463,196,0.04,3,269.34,21 / 21,502410,2019-09-06 19:28:28:153,-1.0463,0.8566,10.2511,0.0016,-0.0086,9.8066,0.0445,0.0081,0.024,4.75,-35.19,-2.94,139.34,-82.34,167.08
52.4213,-1.53463,196,0.04,3,269.34,21 / 21,502509,2019-09-06 19:28:28:252,-0.8108,0.7477,10.004,-0.0242,0.0544,9.8064,0.0236,0.014,0.1275,5.31,-35.81,-2.19,138.05,-81.93,167.47
52.4213,-1.53463,196,0.04,3,269.34,21 / 21,502613,2019-09-06 19:28:28:356,1.1109,-0.4705,9.7331,0.0302,-0.0329,9.8065,0.1673,-0.0028,-0.0507,5.88,-35.94,-1.75,138.21,-80.44,170.85
52.4213,-1.53463,196,0.04,3,269.34,21 / 21,502709,2019-09-06 19:28:28:452,-0.2032,0.4836,10.2508,-0.0348,0.0244,9.8065,0.0945,-0.0184,0.0031,6.06,-35.62,-1.5,134.65,-80.44,170.85
52.4213,-1.53463,196,0.04,3,269.34,21 / 21,502809,2019-09-06 19:28:28:552,-0.6063,0.954,10.601,0.1047,-0.0795,9.8057,-0.076,-0.0506,-0.0553,6.13,-35.56,-2.5,137.45,-80.94,171.82
52.4213,-1.53463,196,0.04,3,269.34,21 / 21,502909,2019-09-06 19:28:28:652,0.8494,0.9617,10.003,-0.009,0.0063,9.8066,-0.0161,0.0358,-0.0086,5.5,-35.62,-1.94,137.05,-81.03,171.52
52.4213,-1.53463,196,0.04,3,269.34,21 / 21,503009,2019-09-06 19:28:28:752,-0.5985,-0.679,9.2846,0.0074,-0.0204,9.8066,-0.0176,-0.0272,0.1148,6.38,-35.87,-2.5,135.7,-81.23,170.06
52.4213,-1.53463,196,0.04,3,269.34,21 / 21,503110,2019-09-06 19:28:28:853,-0.0112,-0.6104,10.0598,0.0165,-0.0179,9.8066,0.089,0.0352,-0.0545,6,-35.19,-2.37,135.85,-81.16,171.2
52.4213,-1.53463,196,0.04,3,269.34,21 / 21,503210,2019-09-06 19:28:28:953,0.2355,-0.5841,10.0837,0.0074,-0.0063,9.8066,0.0781,-0.0453,0.079,5.69,-35.31,-2.44,136.37,-81.06,171.63
52.4213,-1.53463,196,0.04,3,269.34,21 / 21,503310,2019-09-06 19:28:29:053,-0.6532,0.3747,10.0002,0.0162,-0.0024,9.8066,-0.0446,-0.0317,-0.0458,6,-35.25,-2.75,140.16,-81.08,172.54
52.421368,-1.534696,195.55,1.53,2,269.34,21 / 21,503410,2019-09-06 19:28:29:153,-0.0579,0.8541,9.3223,-0.001,-0.0013,9.8065,0.0706,-0.0506,0.007,5.5,-34.87,-2.12,136.73,-81.07,172.33
52.421368,-1.534696,195.55,1.53,2,269.34,21 / 21,503510,2019-09-06 19:28:29:253,-0.4855,0.5241,9.5465,-0.0189,0.0095,9.8066,-0.0624,0.0322,-0.0041,5.25,-35.12,-2.56,144.92,-80.93,171.19
52.421368,-1.534696,195.55,1.53,2,269.34,21 / 21,503610,2019-09-06 19:28:29:353,-0.5586,0.4108,10.1191,0.0022,0.0075,9.8066,-0.0056,-0.0132,0.0721,5.69,-35.31,-3,139.74,-80.97,171.39
52.421368,-1.534696,195.55,1.53,2,269.34,21 / 21,503710,2019-09-06 19:28:29:453,-0.8844,0.6558,10.0771,-0.0129,-0.001,9.8065,0.0357,0.035,-0.0546,5.56,-36.12,-2.31,136.7,-81.02,170.81
52.421368,-1.534696,195.55,1.53,2,269.34,21 / 21,503809,2019-09-06 19:28:29:552,-0.9834,-0.1278,9.7511,0.0048,0.0082,9.8065,0.02,-0.0157,0.0567,5.81,-34.75,-2.56,139.69,-80.97,171.28
52.421368,-1.534696,195.55,1.53,2,269.34,21 / 21,503910,2019-09-06 19:28:29:653,-1.0084,0.4176,8.9891,0.0177,-0.0051,9.8066,-0.0361,0.0422,0.0711,5.88,-34.87,-1.94,137.12,-81.04,172.87
52.421368,-1.534696,195.55,1.53,2,269.34,21 / 21,504009,2019-09-06 19:28:29:752,0.9529,0.05,9.5255,0.0054,0.0054,9.8066,0.0491,-0.009,-0.0859,4.5,-35.69,-2.12,143.24,-81.15,173.57
52.421368,-1.534696,195.55,1.53,2,269.34,21 / 21,504109,2019-09-06 19:28:29:852,0.9116,0.2769,9.4901,0.0207,-0.0512,9.8064,0.0509,-0.0253,-0.0282,4.88,-35.69,-2.44,142.17,-81.45,172.94
52.421368,-1.534696,195.55,1.53,2,269.34,21 / 21,504210,2019-09-06 19:28:29:953,-0.908,-0.3778,9.7848,-0.0044,-0.0354,9.8065,0.0165,0.0127,-0.0078,6.44,-35.56,-2.75,137.86,-81.78,170.44
52.421368,-1.534696,195.55,1.53,2,269.34,21 / 21,504309,2019-09-06 19:28:30:052,-1.7315,-0.8129,9.4337,-0.001,0.011,9.8066,0.0619,0.0362,0.057,6.56,-35.37,-2.75,132.03,-81.66,169.28
52.421368,-1.534696,195.55,1.53,2,269.34,21 / 21,504409,2019-09-06 19:28:30:152,-0.5925,0.1694,9.9427,0.0169,0.0203,9.8065,-0.1073,0.0034,-0.0167,6.94,-35.69,-3.06,134.21,-81.62,171.54
52.421368,-1.534696,195.55,1.53,2,269.34,21 / 21,504510,2019-09-06 19:28:30:253,0.6175,-0.8155,9.745,0.0112,-0.002,9.8066,-0.0186,0.0195,0.0255,6.13,-35.69,-3.31,139.05,-81.71,172.16
52.421368,-1.534696,195.55,1.53,2,269.34,21 / 21,504609,2019-09-06 19:28:30:352,-1.6554,0.8614,9.958,-0.0132,-0.0014,9.8066,0.1005,-0.029,-0.026,6.31,-35.44,-3.75,140.86,-81.85,171.61
52.421368,-1.534696,195.55,1.53,2,269.34,21 / 21,504709,2019-09-06 19:28:30:452,-0.2199,-0.6911,8.324,0.0119,-0.0475,9.8064,0.0396,0.0323,-0.0199,6.81,-35.81,-2.94,133.09,-81.8,170.52
52.421368,-1.534696,195.55,1.53,2,269.34,21 / 21,504809,2019-09-06 19:28:30:552,0.0029,-0.4903,9.94,0.012,0.0131,9.8066,0.0619,0.035,-0.0198,7,-36,-3.31,132.67,-81.86,170.1
52.421368,-1.534696,195.55,1.53,2,269.34,21 / 21,504909,2019-09-06 19:28:30:652,-0.0324,-0.2482,10.0748,0.0091,-0.0301,9.8066,0.0812,0.1048,-0.0121,7,-36.06,-3.62,135.8,-81.78,169.79
52.421368,-1.534696,195.55,1.53,2,269.34,21 / 21,505010,2019-09-06 19:28:30:753,-1.2938,1.2082,11.4826,0.0329,-0.0022,9.8066,0.0034,0.0357,0.0457,5.75,-35.69,-3.37,137.48,-81.9,170.31
52.421368,-1.534696,195.55,1.53,2,269.34,21 / 21,505110,2019-09-06 19:28:30:853,-0.0373,1.0291,10.9248,0.0077,0.009,9.8066,0.1259,0.1041,0.0269,4.94,-35.81,-2.94,144.6,-81.84,173.32
52.421368,-1.534696,195.55,1.53,2,269.34,21 / 21,505209,2019-09-06 19:28:30:952,-0.2902,-0.0138,9.6274,-0.0026,-0.0086,9.8066,-0.0135,0.0409,-0.0252,5,-35,-1,136.8,-81.8,173.47
52.421368,-1.534696,195.55,1.53,2,269.34,21 / 21,505310,2019-09-06 19:28:31:053,-0.3682,-0.2262,8.9778,-0.0322,0.0114,9.8066,-0.0389,0.0438,-0.1044,4.94,-35.44,0.13,132.44,-81.43,171.98
52.421368,-1.534696,195.55,1.53,2,269.34,21 / 21,505410,2019-09-06 19:28:31:153,-0.8436,0.4767,9.9791,-0.0378,0.0136,9.8065,0.1,-0.0202,-0.0111,4.31,-34.56,1.31,134.43,-81.24,170.56
52.421368,-1.534696,195.55,1.53,2,269.34,21 / 21,505509,2019-09-06 19:28:31:252,-0.3985,-0.4531,9.8161,-0.0163,0.0113,9.8065,-0.0147,0.0856,-0.0244,2.88,-34.37,1.81,137.01,-81.1,169.89
52.421368,-1.534696,195.55,1.53,2,269.34,21 / 21,505610,2019-09-06 19:28:31:353,-0.8192,0.3619,10.1323,0.0176,0.0206,9.8065,0.0322,0.0256,0.0696,1.69,-33.5,2,150.26,-81,170.82
52.421368,-1.534696,195.55,1.53,2,269.34,21 / 21,505709,2019-09-06 19:28:31:452,-0.7284,-0.8588,10.1487,0.0145,-0.0466,9.8065,-0.1034,0.0171,0.0173,0.31,-32.81,1.81,184.76,-81.36,172.83
52.421368,-1.534696,195.55,1.53,2,269.34,21 / 21,505809,2019-09-06 19:28:31:552,0.7037,0.3991,9.7706,0.017,-0.0334,9.8065,0.0391,0.1011,0.0208,-0.75,-32.69,0.81,195.29,-81.51,174.8
52.421368,-1.534696,195.55,1.53,2,269.34,21 / 21,505910,2019-09-06 19:28:31:653,-0.1992,-0.0791,9.5504,-0.0126,0.0144,9.8065,0.039,0.0936,-0.0541,-1.81,-33.25,-0.62,197.51,-81.6,174.38
52.421368,-1.534696,195.55,1.53,2,269.34,21 / 21,506010,2019-09-06 19:28:31:753,-0.5123,-0.1303,9.2002,-0.0097,0.0209,9.8066,-0.022,0.0322,-0.0612,-1.69,-33.31,-2.44,193.65,-81.46,172.67
52.421368,-1.534696,195.55,1.53,2,269.34,21 / 21,506109,2019-09-06 19:28:31:852,-0.3114,-0.1901,9.3825,-0.008,-0.0098,9.8066,-0.0533,0.0351,0.0077,-1.37,-33.62,-4.75,181.58,-81.38,171.84
52.421368,-1.534696,195.55,1.53,2,269.34,21 / 21,506210,2019-09-06 19:28:31:953,-0.2585,-0.3959,10.0817,-0.0023,-0.0143,9.8066,0.033,0.0457,-0.0221,0.69,-33.81,-5,169.79,-81.47,171.11
52.421368,-1.534696,195.55,1.53,2,269.34,21 / 21,506309,2019-09-06 19:28:32:052,-0.1846,-1.3209,10.0355,0.0037,-0.0056,9.8066,0.0101,0.0312,-0.0009,1.5,-34.81,-5.5,164.21,-81.48,170.98
52.421368,-1.534696,195.55,1.53,2,269.34,21 / 21,506410,2019-09-06 19:28:32:153,0.0039,-0.759,10.3021,0.0097,-0.0005,9.8066,0.0241,0.0454,-0.0039,2.88,-34.75,-5.31,159.04,-81.52,171.73
52.421368,-1.534696,195.55,1.53,2,269.34,21 / 21,506509,2019-09-06 19:28:32:252,0.0574,0.3492,9.3824,-0.002,0.0036,9.8066,-0.0299,0.036,-0.0314,4.38,-35.25,-4.87,153.95,-81.47,171.95
52.421368,-1.534696,195.55,1.53,2,269.34,21 / 21,506610,2019-09-06 19:28:32:353,0.2679,0.0119,8.9791,-0.0123,0.002,9.8066,-0.0562,0.0417,-0.0477,5.06,-35.56,-4.87,149.22,-81.44,171.59
52.421368,-1.534696,195.55,1.53,2,269.34,21 / 21,506709,2019-09-06 19:28:32:452,0.2692,-0.8342,10.0962,-0.0132,-0.0205,9.8066,0.0647,0.0671,-0.0604,6.06,-36.25,-4.31,140.95,-81.44,169.52
52.421368,-1.534696,195.55,1.53,2,269.34,21 / 21,506810,2019-09-06 19:28:32:553,0.1462,-0.6592,10.2573,-0.0042,-0.0295,9.8066,0.0663,0.0443,-0.0697,6.63,-35.94,-4.06,135.28,-81.42,167.75
52.421368,-1.534696,195.55,1.53,2,269.34,21 / 21,506910,2019-09-06 19:28:32:653,-0.515,-0.2986,10.4669,-0.0142,0.0024,9.8066,-0.0575,0.0561,-0.0118,6.94,-35.75,-3.69,134.66,-81.34,166.49
52.421368,-1.534696,195.55,1.53,2,269.34,21 / 21,507009,2019-09-06 19:28:32:752,-0.0266,-0.6725,10.3785,0.0177,0.007,9.8065,-0.2169,0.0625,0.0356,7.38,-35.44,-3.25,131.34,-81.35,166.97
52.421368,-1.534696,195.55,1.53,2,269.34,21 / 21,507110,2019-09-06 19:28:32:853,1.3169,1.7303,10.0224,-0.0536,0.0822,9.8061,0.3435,-0.0467,0.075,7.38,-35.81,-2.81,132.65,-81.56,168.89
52.421368,-1.534696,195.55,1.53,2,269.34,21 / 21,507210,2019-09-06 19:28:32:953,0.3355,-0.1674,9.7083,0.0159,-0.0264,9.8065,0.1556,-0.0106,-0.0154,7.31,-35.69,-2.5,130.04,-81.16,168.58
52.421368,-1.534696,195.55,1.53,2,269.34,21 / 21,507310,2019-09-06 19:28:33:053,-0.0442,0.1186,9.3721,-0.0014,-0.0257,9.8066,0.0948,-0.0126,-0.0531,7.5,-35.62,-2.44,125.2,-81.05,167.47
52.421368,-1.534696,195.55,1.53,2,269.34,21 / 21,507409,2019-09-06 19:28:33:152,0.1468,-0.7054,9.3087,-0.0322,-0.0016,9.8066,-0.0274,0.0021,-0.0509,8.25,-35.75,-2.25,124.67,-80.64,164.89
52.421368,-1.534696,195.55,1.53,2,269.34,21 / 21,507510,2019-09-06 19:28:33:253,-0.5677,-0.846,9.5648,0.0085,-0.0138,9.8066,-0.0053,-0.0086,0.024,8.38,-36.06,-2.44,123.84,-80.63,163.61
52.421368,-1.534696,195.55,1.53,2,269.34,21 / 21,507610,2019-09-06 19:28:33:353,0.3421,-0.1228,10.0105,0.0219,0.0016,9.8066,-0.0412,-0.0282,0.0423,7.94,-36.37,-2.31,123.45,-80.86,164.05
52.421368,-1.534696,195.55,1.53,2,269.34,21 / 21,507709,2019-09-06 19:28:33:452,0.9147,-0.4369,10.4021,0.0317,-0.0094,9.8066,-0.047,-0.0533,0.0245,7.81,-36.62,-2.94,127.31,-81.32,165.51
52.421368,-1.534696,195.55,1.53,2,269.34,21 / 21,507809,2019-09-06 19:28:33:552,1.2112,-0.4541,9.9731,0.0211,-0.0247,9.8065,-0.0285,-0.0236,-0.0142,7.94,-36.5,-2.87,126.27,-81.56,165.88
52.421368,-1.534696,195.55,1.53,2,269.34,21 / 21,507909,2019-09-06 19:28:33:652,1.0421,-0.2076,9.7845,-0.0058,0.0031,9.8066,-0.0174,-0.0409,-0.0119,7.88,-36,-2.75,125.65,-81.65,165.34
52.421368,-1.534696,195.55,1.53,2,269.34,21 / 21,508010,2019-09-06 19:28:33:753,0.2305,-0.7826,9.3685,-0.018,-0.006,9.8066,-0.0378,-0.0093,-0.0614,7.44,-36.44,-3.75,132.33,-81.68,164.18
52.421368,-1.534696,195.55,1.53,2,269.34,21 / 21,508110,2019-09-06 19:28:33:853,0.5743,-0.6679,10.1492,-0.01,-0.0178,9.8066,0.0083,-0.0388,-0.0167,7.88,-36.12,-3.5,123.34,-81.72,162.35
52.421368,-1.534696,195.55,1.53,2,269.34,21 / 21,508210,2019-09-06 19:28:33:953,0.3883,-0.8085,9.7177,0.009,0.0047,9.8066,0.0345,-0.0633,0.0762,7.5,-36.75,-3.5,123.89,-81.63,161.82
52.421368,-1.534696,195.55,1.53,2,269.34,21 / 21,508310,2019-09-06 19:28:34:053,0.4897,0.0463,9.3695,0.0165,0.0132,9.8065,0.0997,-0.0471,0.091,7.38,-36.5,-3.75,132.36,-81.59,163.89
52.421368,-1.534696,195.55,1.53,2,269.34,21 / 21,508410,2019-09-06 19:28:34:153,0.5194,0.3612,9.9458,-0.0013,0.0118,9.8065,-0.0898,-0.0865,-0.0035,7.31,-36.5,-3.37,130.62,-81.5,165.49
52.421368,-1.534696,195.55,1.53,2,269.34,21 / 21,508509,2019-09-06 19:28:34:252,0.5327,-0.6609,9.9775,-0.0077,-0.0012,9.8065,-0.0688,-0.057,-0.0269,7.81,-36.31,-3.87,128.9,-81.58,165.13
52.421368,-1.534696,195.55,1.53,2,269.34,21 / 21,508609,2019-09-06 19:28:34:352,0.7264,-0.62,9.9121,-0.0302,0.0177,9.8065,-0.0361,-0.0599,-0.0229,6.94,-36.12,-2.94,129.51,-81.67,164.48
52.421368,-1.534696,195.55,1.53,2,269.34,21 / 21,508709,2019-09-06 19:28:34:452,0.0806,-1.0702,9.3708,-0.0224,-0.0078,9.8065,-0.1399,-0.0516,-0.003,6.63,-36.75,-3.87,131.86,-81.53,161.99
52.421368,-1.534696,195.55,1.53,2,269.34,21 / 21,508809,2019-09-06 19:28:34:552,0.2121,-2.355,10.331,0.0218,0.0003,9.8065,-0.0597,0.0286,-0.0634,6.94,-36.87,-3.69,130.81,-81.61,160.7
52.421368,-1.534696,195.55,1.53,2,269.34,21 / 21,508909,2019-09-06 19:28:34:652,0.4072,-0.4744,9.5469,0.0208,0.0491,9.8065,0.0595,-0.1603,0.2081,6.38,-36.81,-4.37,137.72,-81.8,164.67
52.421368,-1.534696,195.55,1.53,2,269.34,21 / 21,509010,2019-09-06 19:28:34:753,1.2653,-0.2641,9.3678,0.0576,0.0295,9.8064,0.0437,-0.1435,0.196,6.13,-37.25,-4.75,142.64,-82.09,169.71
52.421368,-1.534696,195.55,1.53,2,269.34,21 / 21,509109,2019-09-06 19:28:34:852,1.7991,-0.5363,9.25,0.0586,-0.0226,9.8064,-0.0091,-0.111,-0.0049,5.19,-36.5,-3.69,147.6,-82.37,175.54
52.421368,-1.534696,195.55,1.53,2,269.34,21 / 21,509209,2019-09-06 19:28:34:952,0.1956,-1.0482,9.9745,0.0046,-0.0235,9.8066,-0.0567,0.0167,-0.0349,4.94,-37.25,-4,147.16,-82.63,174.94
52.421368,-1.534696,195.55,1.53,2,269.34,21 / 21,509310,2019-09-06 19:28:35:053,-0.1889,-1.7504,10.1125,-0.0182,-0.0345,9.8065,0.1894,-0.1021,-0.0366,4.81,-37.25,-5.25,146.46,-83.07,171.19
52.421368,-1.534696,195.55,1.53,2,269.34,21 / 21,509409,2019-09-06 19:28:35:152,1.43,-1.6466,9.2135,0.028,0.0262,9.8066,0.2442,0.0862,-0.1452,4.38,-36.94,-4.94,152.76,-82.69,171.92
52.421368,-1.534696,195.55,1.53,2,269.34,21 / 21,509510,2019-09-06 19:28:35:253,0.0549,-0.6827,9.3603,0.0312,-0.0442,9.8064,0.2323,0.102,-0.1165,4.81,-36.56,-5.37,147.32,-83.2,172.91
52.421368,-1.534696,195.55,1.53,2,269.34,21 / 21,509610,2019-09-06 19:28:35:353,-0.0685,-1.7002,9.1545,0.059,-0.0588,9.8063,0.12,0.1015,-0.0937,5,-36.94,-5.19,147.67,-83.39,174.02
52.421368,-1.534696,195.55,1.53,2,269.34,21 / 21,509709,2019-09-06 19:28:35:452,0.5355,-0.0716,9.5069,0.0106,0.158,9.8054,-0.29,-0.2803,0.3904,4.81,-37.25,-4.81,147.54,-83.12,173.03
52.421368,-1.534696,195.55,1.53,2,269.34,21 / 21,509810,2019-09-06 19:28:35:553,2.4046,-1.6825,10.4748,0.0124,0.1378,9.8056,0.1076,-0.0259,0.1095,3.19,-37.31,-5.19,165.59,-82.21,-175.69
52.421368,-1.534696,195.55,1.53,2,269.34,21 / 21,509909,2019-09-06 19:28:35:652,2.5254,-1.6272,10.0705,0.0549,-0.0224,9.8064,0.0337,-0.0775,0.0621,2.06,-37.31,-4.37,172.6,-82.47,-168.8
52.421368,-1.534696,195.55,1.53,2,269.34,21 / 21,510011,2019-09-06 19:28:35:754,1.7283,0.5524,10.5365,-0.0022,0.0689,9.8063,0.0522,-0.0642,-0.0053,2.25,-37.25,-4.12,172.93,-82.07,-168.52
52.421368,-1.534696,195.55,1.53,2,269.34,21 / 21,510109,2019-09-06 19:28:35:852,0.1179,-0.6937,9.1784,-0.0776,-0.0148,9.8062,-0.0682,0.0394,-0.0578,2.94,-37.81,-3.37,163.49,-82.03,-172.04
52.421368,-1.534696,195.55,1.53,2,269.34,21 / 21,510210,2019-09-06 19:28:35:953,-0.8691,-1.449,9.6295,-0.0188,0.0091,9.8065,-0.0118,-0.0377,0.0109,3.38,-37.06,-4,164.31,-81.75,-175.37
52.421368,-1.534696,195.55,1.53,2,269.34,21 / 21,510310,2019-09-06 19:28:36:053,0.1913,-1.1813,9.788,-0.005,0.0023,9.8066,-0.0221,-0.0199,0.0177,3.44,-37.56,-3.69,164.15,-81.76,-176.14
52.421368,-1.534696,195.55,1.53,2,269.34,21 / 21,510410,2019-09-06 19:28:36:153,0.887,-1.2686,10.2193,0.0036,0.0013,9.8066,0.029,-0.0364,0.0394,3.63,-38,-3.94,159.15,-81.76,-175.73
52.421368,-1.534696,195.55,1.53,2,269.34,21 / 21,510509,2019-09-06 19:28:36:252,0.6233,-1.3439,9.7502,-0.0043,0.0116,9.8066,-0.001,-0.0077,-0.0354,3.19,-38.06,-3.81,164.64,-81.71,-175.22
52.421368,-1.534696,195.55,1.53,2,269.34,21 / 21,510610,2019-09-06 19:28:36:353,0.9738,-1.3993,9.7349,-0.0045,-0.0085,9.8066,0.0605,-0.0084,0.0128,3.56,-37.56,-3.37,156.83,-81.59,-175.82
52.421368,-1.534696,195.55,1.53,2,269.34,21 / 21,510709,2019-09-06 19:28:36:452,0.5182,-0.9218,9.466,-0.0061,-0.0135,9.8065,0.0253,-0.0238,-0.0296,3,-37.87,-4.19,163.99,-81.57,-176.89
52.421368,-1.534696,195.55,1.53,2,269.34,21 / 21,510810,2019-09-06 19:28:36:553,-0.1156,-1.1828,9.8342,-0.011,0.0091,9.8066,-0.0759,-0.0309,0.0079,2.25,-37.37,-3.37,167.37,-81.48,-178.23
52.421368,-1.534696,195.55,1.53,2,269.34,21 / 21,510909,2019-09-06 19:28:36:652,-0.1626,-0.9883,10.036,-0.0078,0.0013,9.8066,-0.0257,-0.0155,-0.0076,3,-37.81,-3.69,163.22,-81.5,-178.68
52.421368,-1.534696,195.55,1.53,2,269.34,21 / 21,511009,2019-09-06 19:28:36:752,-0.0867,-1.4456,9.8962,0.0039,0.0163,9.8066,-0.0018,-0.0281,0.0541,2.81,-37.81,-3.87,163.15,-81.52,-178.78
52.421368,-1.534696,195.55,1.53,2,269.34,21 / 21,511110,2019-09-06 19:28:36:853,0.8656,-0.3198,9.9336,0.0239,-0.0063,9.8065,-0.0238,-0.0158,0.0559,2.63,-37.94,-3.75,164.3,-81.41,-176.56
52.421368,-1.534696,195.55,1.53,2,269.34,21 / 21,511210,2019-09-06 19:28:36:953,0.5217,-0.416,9.6174,0.0091,-0.0222,9.8066,0.033,0.0021,-0.0063,2.81,-38.25,-3.19,162.69,-81.53,-175.27
52.421368,-1.534696,195.55,1.53,2,269.34,21 / 21,511311,2019-09-06 19:28:37:054,0.6061,-0.5287,9.5784,0.0059,-0.0165,9.8066,0.0461,-0.0127,-0.0328,2.88,-38.19,-3.75,164.75,-81.6,-175.22
52.421368,-1.534696,195.55,1.53,2,269.34,21 / 21,511409,2019-09-06 19:28:37:152,-0.2138,-0.1903,9.5765,-0.0037,-0.0069,9.8066,-0.0653,-0.0103,-0.0046,2.69,-37.44,-4.31,163.99,-81.76,-176.01
52.421368,-1.534696,195.55,1.53,2,269.34,21 / 21,511509,2019-09-06 19:28:37:252,-0.2231,-0.1652,9.7927,0.0055,-0.0105,9.8066,-0.0442,0.012,0.0285,2.88,-38.19,-4.19,164.16,-81.85,-175.95
52.421368,-1.534696,195.55,1.53,2,269.34,21 / 21,511610,2019-09-06 19:28:37:353,-0.1127,-0.316,9.7937,0.007,-0.0069,9.8066,-0.0374,-0.0111,0.0099,2.94,-37.69,-4.31,164.1,-82.01,-175.72
52.421368,-1.534696,195.55,1.53,2,269.34,21 / 21,511709,2019-09-06 19:28:37:452,0.0784,-0.0316,9.8461,0.0168,0.0004,9.8065,-0.046,-0.0162,0.0307,2.88,-38.25,-3.87,164.61,-82.17,-174.33
52.421368,-1.534696,195.55,1.53,2,269.34,21 / 21,511809,2019-09-06 19:28:37:552,0.009,-0.0968,9.7588,0.0093,-0.0057,9.8066,-0.0101,0.0016,-0.0062,3.31,-37.69,-3.56,165.28,-82.27,-172.78
52.421368,-1.534696,195.55,1.53,2,269.34,21 / 21,511909,2019-09-06 19:28:37:652,0.0211,0.1009,9.7581,0.006,-0.0054,9.8065,-0.003,0.0323,0.0041,3.13,-37.56,-3.69,165.43,-82.32,-172.39
52.421368,-1.534696,195.55,1.53,2,269.34,21 / 21,512009,2019-09-06 19:28:37:752,-0.295,0.6898,9.9044,0.0004,-0.0197,9.8065,-0.0017,0.0155,-0.0129,3.19,-37.12,-3.81,164.89,-82.51,-172.68
52.421368,-1.534696,195.55,1.53,2,269.34,21 / 21,512110,2019-09-06 19:28:37:853,-0.1342,0.3578,9.8529,-0.0025,-0.0274,9.8066,-0.0831,0.0256,-0.074,3.13,-37.5,-4.25,164.22,-82.7,-173.61
52.421368,-1.534696,195.55,1.53,2,269.34,21 / 21,512210,2019-09-06 19:28:37:953,-0.2671,0.6046,10.1141,-0.0186,-0.0119,9.8066,-0.0757,0.0065,-0.0449,3.25,-36.94,-4.44,163.15,-82.95,-175.12
52.421368,-1.534696,195.55,1.53,2,269.34,21 / 21,512309,2019-09-06 19:28:38:052,-0.5993,0.2082,10.1434,-0.0112,-0.0218,9.8065,0.0019,0.0434,-0.0601,2.94,-37.37,-4.62,163.37,-83.27,-177.86
52.421574,-1.535015,192.91,1.09,3,322.62,21 / 21,512410,2019-09-06 19:28:38:153,-0.6842,0.3048,9.8749,-0.0063,-0.0081,9.8066,-0.0325,0.0533,-0.0199,3.5,-36.81,-4.69,156.93,-83.43,-179.32
52.421574,-1.535015,192.91,1.09,3,322.62,21 / 21,512509,2019-09-06 19:28:38:252,-0.5099,0.9359,9.8331,-0.0015,-0.0111,9.8065,0.0085,0.0803,-0.0405,3.5,-37.37,-3.94,153.41,-83.53,179.27
52.421574,-1.535015,192.91,1.09,3,322.62,21 / 21,512609,2019-09-06 19:28:38:352,-1.6174,1.1244,9.9195,-0.0036,-0.0084,9.8065,0.0084,0.0996,-0.0308,2.94,-37,-3.25,156.49,-83.55,178.59
52.421574,-1.535015,192.91,1.09,3,322.62,21 / 21,512709,2019-09-06 19:28:38:452,-1.2846,0.739,10.1592,0.0116,-0.01,9.8065,-0.0065,0.1177,0.0289,3.31,-37.25,-3.44,156.41,-83.62,178.71
52.421574,-1.535015,192.91,1.09,3,322.62,21 / 21,512810,2019-09-06 19:28:38:553,-1.201,0.9606,10.1208,0.009,0.0079,9.8066,0.0382,0.1267,0.0294,3.44,-36.75,-3.62,159.65,-83.64,-179.96
52.421574,-1.535015,192.91,1.09,3,322.62,21 / 21,512909,2019-09-06 19:28:38:652,-0.8005,0.5051,9.7411,0.0036,0.0116,9.8066,0.0564,0.1791,-0.042,3.81,-37.25,-3.5,151.66,-83.55,-178.34
52.421574,-1.535015,192.91,1.09,3,322.62,21 / 21,513009,2019-09-06 19:28:38:752,-2.2368,1.7032,9.7971,-0.0089,-0.0002,9.8065,0.0017,0.2382,-0.0365,4.19,-37.44,-3.12,151.72,-83.47,-178.53
52.421574,-1.535015,192.91,1.09,3,322.62,21 / 21,513110,2019-09-06 19:28:38:853,-1.874,1.5986,9.5021,-0.0027,-0.0123,9.8066,-0.1208,0.2559,-0.0622,4.88,-37.37,-3.19,145.39,-83.51,-179.5
52.421574,-1.535015,192.91,1.09,3,322.62,21 / 21,513210,2019-09-06 19:28:38:953,-3.6441,-0.5434,8.7312,-0.0051,-0.0004,9.8066,-0.1669,0.3214,0.0039,5.19,-36.75,-3.37,145.3,-83.57,-179.42
52.421574,-1.535015,192.91,1.09,3,322.62,21 / 21,513310,2019-09-06 19:28:39:053,-0.5062,-0.0373,9.9462,0.0392,-0.0347,9.8064,0.1367,0.3317,-0.0611,5.19,-36.62,-2.81,146.1,-83.9,-176.85
52.421574,-1.535015,192.91,1.09,3,322.62,21 / 21,513410,2019-09-06 19:28:39:153,-1.5401,0.2976,10.231,0.0092,-0.0156,9.8065,0.2128,0.2953,-0.0561,5.44,-36.62,-2.5,141.84,-83.83,-176.99
52.421574,-1.535015,192.91,1.09,3,322.62,21 / 21,513509,2019-09-06 19:28:39:252,-1.5177,0.2378,9.886,-0.049,0.0231,9.8064,0.0322,0.317,-0.1241,6.25,-37,-1.44,132.88,-83.19,-178.41
52.421574,-1.535015,192.91,1.09,3,322.62,21 / 21,513609,2019-09-06 19:28:39:352,-2.0567,-1.2291,10.0683,-0.0643,-0.0057,9.8064,0.0271,0.3719,-0.1487,7.13,-37.44,-1.31,127.52,-82.77,177.92
52.421574,-1.535015,192.91,1.09,3,322.62,21 / 21,513709,2019-09-06 19:28:39:452,-1.538,-1.2161,10.2722,-0.0111,-0.0064,9.8066,-0.0435,0.3886,-0.0165,7.81,-37.62,-0.62,123.93,-82.51,176.19
52.421574,-1.535015,192.91,1.09,3,322.62,21 / 21,513810,2019-09-06 19:28:39:553,-1.3466,-1.4504,9.6999,0.007,0.0122,9.8066,0.0019,0.3492,0.0806,8.31,-36.69,0.25,118.24,-82.5,176.07
52.421574,-1.535015,192.91,1.09,3,322.62,21 / 21,513910,2019-09-06 19:28:39:653,-0.7602,-0.6952,9.5422,0.0142,0.0325,9.8065,0.0321,0.3323,0.0099,8.81,-36.5,0.56,112.92,-82.46,-179.51
52.421574,-1.535015,192.91,1.09,3,322.62,21 / 21,514009,2019-09-06 19:28:39:752,-1.1229,1.2312,10.1291,0.0066,0.0384,9.8065,0.0343,0.3703,-0.0086,7.63,-36.75,1.13,119.05,-82.3,-176.37
52.421574,-1.535015,192.91,1.09,3,322.62,21 / 21,514109,2019-09-06 19:28:39:852,-1.5749,0.7093,9.8508,0.018,-0.0244,9.8065,-0.0308,0.3346,-0.1323,8.25,-37.31,2.19,113.59,-82.35,-175.63
52.421574,-1.535015,192.91,1.09,3,322.62,21 / 21,514209,2019-09-06 19:28:39:952,-0.5105,-2.2943,8.3076,0.0188,-0.0177,9.8066,0.0408,0.3131,-0.0156,8.75,-36.94,2.81,103.9,-82.56,-177.15
52.421574,-1.535015,192.91,1.09,3,322.62,21 / 21,514310,2019-09-06 19:28:40:053,-3.8394,-2.4762,10.408,-0.1083,0.0532,9.8058,-0.107,0.1954,0.1145,9,-36.94,3,105.59,-82.38,-176.01
52.421574,-1.535015,192.91,1.09,3,322.62,21 / 21,514409,2019-09-06 19:28:40:152,-0.2841,0.8221,9.7827,-0.1068,0.0342,9.806,-0.2023,0.2582,0.0858,9.06,-36.75,4,106.15,-81.3,-173.21
52.421574,-1.535015,192.91,1.09,3,322.62,21 / 21,514510,2019-09-06 19:28:40:253,-0.4243,0.5302,10.712,0.0643,0.0344,9.8064,0.014,0.1473,0.0095,8.69,-37.06,4.38,109,-81.65,-168.22
52.421574,-1.535015,192.91,1.09,3,322.62,21 / 21,514609,2019-09-06 19:28:40:352,0.8618,-0.2653,10.1121,0.0595,-0.007,9.8065,-0.0074,0.1741,-0.0497,8.5,-37.75,4.38,109.49,-82.09,-166.7
52.421574,-1.535015,192.91,1.09,3,322.62,21 / 21,514709,2019-09-06 19:28:40:452,0.1542,-0.8854,10.0413,0.0188,-0.015,9.8066,0.0363,0.2008,-0.07,8.88,-37.37,4.56,100.9,-82.54,-167.44
52.421574,-1.535015,192.91,1.09,3,322.62,21 / 21,514810,2019-09-06 19:28:40:553,-1.9722,-0.828,9.4942,-0.051,-0.0205,9.8065,0.0974,0.1678,-0.0746,8.81,-37.06,5.06,99.05,-82.57,-169.4
52.421574,-1.535015,192.91,1.09,3,322.62,21 / 21,514909,2019-09-06 19:28:40:652,-1.3114,-0.7429,9.1447,-0.0683,-0.0135,9.8063,-0.1031,0.1828,-0.023,9.5,-35.94,5.06,97.52,-82.35,-171.22
52.421574,-1.535015,192.91,1.09,3,322.62,21 / 21,515009,2019-09-06 19:28:40:752,-1.0239,0.0532,9.8039,-0.077,0.0017,9.8063,-0.2713,0.0919,0.071,9.5,-37.06,6.19,94.62,-81.73,-171.74
52.421574,-1.535015,192.91,1.09,3,322.62,21 / 21,515109,2019-09-06 19:28:40:852,0.2711,-0.3777,9.5327,0.0406,0.0017,9.8065,0.2023,0.1017,-0.062,9.56,-36.87,5.94,94.25,-82.04,-171.01
52.421574,-1.535015,192.91,1.09,3,322.62,21 / 21,515210,2019-09-06 19:28:40:953,0.2463,-0.0699,9.3362,-0.009,0.003,9.8066,0.064,0.0994,-0.0713,9.81,-36.81,5.88,94.6,-81.94,-170.97
52.421574,-1.535015,192.91,1.09,3,322.62,21 / 21,515310,2019-09-06 19:28:41:053,-1.5889,-0.5885,10.5242,0.0584,0.0039,9.8064,0.1345,0.0743,0.0286,9.56,-36.56,6.56,88.74,-82.25,-170.65
52.421574,-1.535015,192.91,1.09,3,322.62,21 / 21,515409,2019-09-06 19:28:41:152,-1.9884,-0.8463,10.3985,0.0494,0.0113,9.8064,0.1412,0.1148,-0.0156,9.94,-36.69,7.38,89,-82.17,-170.65
52.421574,-1.535015,192.91,1.09,3,322.62,21 / 21,515510,2019-09-06 19:28:41:253,-1.7996,-0.5319,10.3874,-0.0425,-0.0157,9.8065,-0.1903,0.0702,-0.0148,9.81,-36.62,6.88,89.41,-82.06,-170.6
52.421574,-1.535015,192.91,1.09,3,322.62,21 / 21,515609,2019-09-06 19:28:41:352,-0.6535,0.2359,9.5261,0.0184,0.0094,9.8066,-0.1759,0.0443,0.0268,9.75,-36.87,6.44,95.03,-81.82,-170.96
52.421574,-1.535015,192.91,1.09,3,322.62,21 / 21,515710,2019-09-06 19:28:41:453,-0.1924,-0.78,9.1411,0.0122,-0.0025,9.8066,0.1025,0.0214,0.014,10.13,-36.31,6.81,88.8,-81.96,-170.85
52.421574,-1.535015,192.91,1.09,3,322.62,21 / 21,515810,2019-09-06 19:28:41:553,-0.4751,-0.0783,9.498,-0.0113,0.0013,9.8066,0.004,0.0404,-0.0436,9.94,-36.62,7.75,84.91,-81.95,-170.48
52.421574,-1.535015,192.91,1.09,3,322.62,21 / 21,515910,2019-09-06 19:28:41:653,-0.8229,-0.1655,10.371,0.0322,0.0077,9.8065,0.045,0.0487,0.0195,10,-37,6.75,89.56,-82.07,-170.44
52.421574,-1.535015,192.91,1.09,3,322.62,21 / 21,516009,2019-09-06 19:28:41:752,-1.3926,-1.0256,9.9282,0.0371,-0.0003,9.8066,0.0533,0.0535,0.0051,9.5,-36.94,7.25,88.87,-82.31,-170.31
52.421574,-1.535015,192.91,1.09,3,322.62,21 / 21,516109,2019-09-06 19:28:41:852,-0.8137,-0.5217,9.8078,-0.0165,0.0074,9.8066,-0.0783,0.0267,0.0239,10.38,-36.31,7.31,89.03,-82.24,-169.68
52.421574,-1.535015,192.91,1.09,3,322.62,21 / 21,516210,2019-09-06 19:28:41:953,-0.2772,0.0325,10.1361,-0.0029,0.0079,9.8066,-0.0722,0.0431,0.0262,9.5,-36.94,7.25,90.49,-82.29,-168.75
52.421574,-1.535015,192.91,1.09,3,322.62,21 / 21,516310,2019-09-06 19:28:42:053,-0.3664,0.1423,10.0588,-0.0054,0.0009,9.8065,0.0645,0.02,-0.0154,9.25,-36.75,6.69,90.51,-82.21,-167.98
52.421574,-1.535015,192.91,1.09,3,322.62,21 / 21,516410,2019-09-06 19:28:42:153,-0.6662,-0.5101,9.32,0.0034,0.005,9.8065,-0.0117,0.0374,0.0182,9.75,-36.25,7.25,90.84,-82.11,-168.29
52.421574,-1.535015,192.91,1.09,3,322.62,21 / 21,516510,2019-09-06 19:28:42:253,-0.6563,-0.2979,10.0847,-0.0015,0.0108,9.8066,0.0103,0.028,-0.0065,10.06,-37.06,7.06,92.25,-82.01,-167.91
52.421574,-1.535015,192.91,1.09,3,322.62,21 / 21,516610,2019-09-06 19:28:42:353,-0.2381,-0.407,9.5666,-0.0072,0.0009,9.8066,0.0069,0.0335,-0.0011,9.31,-36.81,6.94,92.05,-81.95,-167.35
52.421574,-1.535015,192.91,1.09,3,322.62,21 / 21,516710,2019-09-06 19:28:42:453,-0.9348,-0.3966,10.0346,-0.0055,0.0069,9.8066,-0.0175,0.0353,0.0198,9.25,-36.5,7.44,92.87,-81.76,-166.39
52.421574,-1.535015,192.91,1.09,3,322.62,21 / 21,516810,2019-09-06 19:28:42:553,-0.5746,-0.2586,9.873,-0.0006,-0.0039,9.8066,-0.0117,0.0321,-0.0489,9.25,-37.06,7.75,88.41,-81.73,-166.48
52.421574,-1.535015,192.91,1.09,3,322.62,21 / 21,516909,2019-09-06 19:28:42:652,-0.4315,-1.0653,9.3456,0,-0.0039,9.8066,0.0091,0.0523,0.0143,9.44,-36.87,7.31,92.36,-81.81,-167.56
52.421574,-1.535015,192.91,1.09,3,322.62,21 / 21,517010,2019-09-06 19:28:42:753,-0.3313,-0.8853,9.3805,0.0073,-0.0003,9.8066,0.0226,0.0818,0.0031,9.69,-36.69,7.81,88.09,-81.93,-167.44
52.421574,-1.535015,192.91,1.09,3,322.62,21 / 21,517110,2019-09-06 19:28:42:853,-0.8399,-0.6183,9.9244,0.0087,0.0075,9.8065,-0.0189,0.0704,-0.0108,9.63,-36.44,7.69,87.46,-81.99,-167.19
52.421574,-1.535015,192.91,1.09,3,322.62,21 / 21,517210,2019-09-06 19:28:42:953,-0.5826,-0.6677,10.0359,0.0126,-0.0006,9.8066,-0.0117,0.0934,-0.0267,10.06,-36.5,7.19,92.2,-82.1,-166.92
52.421574,-1.535015,192.91,1.09,3,322.62,21 / 21,517309,2019-09-06 19:28:43:052,-0.5541,-0.8156,9.6595,0.0066,-0.0144,9.8066,-0.0271,0.1014,-0.0618,9.69,-36.37,7.81,86.03,-82.22,-167.87
52.421574,-1.535015,192.91,1.09,3,322.62,21 / 21,517410,2019-09-06 19:28:43:153,0.0162,-0.6316,9.8662,0.0062,-0.0154,9.8066,0.0052,0.1249,-0.0448,9.75,-36.12,7.63,84.39,-82.35,-169.07
52.421574,-1.535015,192.91,1.09,3,322.62,21 / 21,517510,2019-09-06 19:28:43:253,0.0354,-0.4691,10.1005,-0.0007,-0.0086,9.8066,0.0582,0.1057,-0.0253,10.13,-36.25,7.75,83.34,-82.35,-170.1
52.421574,-1.535015,192.91,1.09,3,322.62,21 / 21,517610,2019-09-06 19:28:43:353,-0.3593,-1.4262,9.7848,-0.0015,-0.0018,9.8066,-0.0148,0.1379,-0.0359,10.5,-36.25,7.63,84.05,-82.31,-170.8
52.421574,-1.535015,192.91,1.09,3,322.62,21 / 21,517709,2019-09-06 19:28:43:452,-0.359,-0.6678,10.1747,-0.0019,-0.0029,9.8066,-0.037,0.1394,-0.0443,10.44,-36.12,7.88,82.76,-82.26,-170.92
52.421574,-1.535015,192.91,1.09,3,322.62,21 / 21,517809,2019-09-06 19:28:43:552,-0.6906,-1.0442,10.04,0.0047,-0.0057,9.8066,-0.0054,0.1139,-0.0121,10.19,-35.94,7.5,81.21,-82.3,-172.25
52.421574,-1.535015,192.91,1.09,3,322.62,21 / 21,517910,2019-09-06 19:28:43:653,0.6104,-0.9314,9.9345,0.0044,-0.0064,9.8066,0.0733,0.1286,-0.0128,9.63,-35.06,8.44,80.7,-82.25,-172.24
52.421574,-1.535015,192.91,1.09,3,322.62,21 / 21,518009,2019-09-06 19:28:43:752,0.3825,-1.4458,9.8597,0.0059,-0.0034,9.8066,0.0602,0.1476,-0.0302,9.25,-34.94,9.19,72.84,-82.27,-173.17
52.421574,-1.535015,192.91,1.09,3,322.62,21 / 21,518109,2019-09-06 19:28:43:852,0.1584,-1.7701,9.4646,0.0117,-0.003,9.8066,-0.1045,0.1408,-0.0101,9,-34.44,9.69,66.84,-82.26,-173.73
52.421574,-1.535015,192.91,1.09,3,322.62,21 / 21,518210,2019-09-06 19:28:43:953,0.4443,-1.0931,9.406,-0.0095,-0.0045,9.8066,-0.105,0.1546,-0.0139,9.56,-33.81,10.56,64.76,-82.27,-174
52.421574,-1.535015,192.91,1.09,3,322.62,21 / 21,518310,2019-09-06 19:28:44:053,0.2264,-0.0412,10.2041,0.0018,-0.0051,9.8066,-0.1331,0.2864,-0.0558,9.44,-33.75,10.44,66.47,-82.35,-173.81
52.421574,-1.535015,192.91,1.09,3,322.62,21 / 21,518409,2019-09-06 19:28:44:152,1.7217,-1.7907,10.2204,0.0054,-0.0015,9.8066,0.0448,0.0739,0.0621,10.19,-33.5,11.69,59.21,-82.53,-174.55
52.421574,-1.535015,192.91,1.09,3,322.62,21 / 21,518510,2019-09-06 19:28:44:253,-0.12,-0.2294,9.7998,0.005,-0.0155,9.8066,-0.0414,0.1652,-0.0249,10.69,-34.75,10.94,67.27,-82.48,-173.78
52.421574,-1.535015,192.91,1.09,3,322.62,21 / 21,518609,2019-09-06 19:28:44:352,1.6761,-1.2971,9.4159,-0.0237,-0.0173,9.8066,-0.0229,0.2056,-0.0447,11.06,-34.75,11.19,65.44,-82.59,-175.14
52.421574,-1.535015,192.91,1.09,3,322.62,21 / 21,518709,2019-09-06 19:28:44:452,0.5126,-0.8758,9.5609,-0.0098,-0.0168,9.8066,-0.0075,0.1723,-0.0887,11.38,-33.87,10.75,64.53,-82.37,-175.97
52.421574,-1.535015,192.91,1.09,3,322.62,21 / 21,518810,2019-09-06 19:28:44:553,0.039,-1.1193,9.956,0.0101,-0.0003,9.8066,-0.0082,0.1606,-0.0402,11.44,-33.81,10.13,68.31,-82.43,-175.97
52.421574,-1.535015,192.91,1.09,3,322.62,21 / 21,518910,2019-09-06 19:28:44:653,0.365,-1.3683,9.9145,0.0094,-0.0048,9.8066,0.0107,0.1655,-0.0384,10.88,-33.12,10.75,62.97,-82.45,-176.7
52.421574,-1.535015,192.91,1.09,3,322.62,21 / 21,519009,2019-09-06 19:28:44:752,0.2966,-1.0501,10.0513,-0.007,-0.0199,9.8066,0.0239,0.2067,-0.09,11.44,-34,11.75,58.76,-82.33,-177.87
52.421574,-1.535015,192.91,1.09,3,322.62,21 / 21,519109,2019-09-06 19:28:44:852,1.1737,-1.7602,9.5206,0.0015,-0.0254,9.8066,-0.0195,0.1629,-0.0115,10.94,-33.37,12.38,56.2,-82.28,-179.72
52.421574,-1.535015,192.91,1.09,3,322.62,21 / 21,519211,2019-09-06 19:28:44:954,0.8459,-1.8174,9.612,0.0075,0.0026,9.8066,-0.0109,0.2204,-0.0741,11.94,-33.62,12.31,58.4,-82.21,179.7
52.421574,-1.535015,192.91,1.09,3,322.62,21 / 21,519309,2019-09-06 19:28:45:052,1.8749,-3.0741,8.6835,0.0467,0.0042,9.8065,-0.1232,0.2193,-0.0271,11.81,-34.81,12.38,56.52,-82.44,178.14
52.421574,-1.535015,192.91,1.09,3,322.62,21 / 21,519410,2019-09-06 19:28:45:153,-0.3721,-1.6787,11.4304,-0.0118,0.0411,9.8065,0.1619,0.2484,0.0414,11.56,-34.75,12.94,54.69,-82.68,179.82
52.421574,-1.535015,192.91,1.09,3,322.62,21 / 21,519510,2019-09-06 19:28:45:253,-0.4355,-0.9141,10.5622,0.0114,0.0134,9.8066,-0.153,0.2223,0.0178,12,-35,12.69,55.19,-82.78,-179.58
52.421574,-1.535015,192.91,1.09,3,322.62,21 / 21,519609,2019-09-06 19:28:45:352,-0.0046,-2.7703,8.5681,-0.0535,-0.0421,9.8064,-0.1418,0.2595,-0.1313,11.63,-34.87,13.81,51.31,-82.27,178.9
52.421574,-1.535015,192.91,1.09,3,322.62,21 / 21,519709,2019-09-06 19:28:45:452,-0.0336,-0.9593,8.9895,-0.0955,-0.1108,9.8055,-0.0348,0.0782,0.0487,11.19,-34.87,14.56,45.67,-81.76,177.93
52.421574,-1.535015,192.91,1.09,3,322.62,21 / 21,519809,2019-09-06 19:28:45:552,1.2802,-1.1701,9.0564,0.0265,0.079,9.8063,-0.1881,0.3049,-0.1206,11.06,-34.5,14.5,48.49,-81.84,-179.33
52.421574,-1.535015,192.91,1.09,3,322.62,21 / 21,519909,2019-09-06 19:28:45:652,1.568,0.5079,9.2544,0.0056,-0.0072,9.8066,0.2671,0.1354,0.0127,11.44,-34.56,15.06,49.69,-82.2,-178.12
52.421574,-1.535015,192.91,1.09,3,322.62,21 / 21,520010,2019-09-06 19:28:45:753,0.4387,-0.9327,9.9773,0.0167,-0.0021,9.8065,0.1214,0.0895,-0.0035,10.75,-35.06,15.13,48.24,-82.25,-179.25
52.421574,-1.535015,192.91,1.09,3,322.62,21 / 21,520110,2019-09-06 19:28:45:853,0.2168,-2.2067,9.7375,0.0152,0.0213,9.8065,-0.1161,0.0919,0.026,10.63,-34.37,15.63,45.81,-82.2,-178.83
52.421574,-1.535015,192.91,1.09,3,322.62,21 / 21,520214,2019-09-06 19:28:45:957,-0.5962,-1.029,9.9881,-0.035,-0.0181,9.8065,-0.1648,0.1181,-0.0484,11.06,-35.12,15.69,48.7,-81.91,-177.14
52.421574,-1.535015,192.91,1.09,3,322.62,21 / 21,520310,2019-09-06 19:28:46:053,0.6115,-1.1867,9.7341,-0.0125,-0.0214,9.8066,-0.1609,0.1466,0.0133,10.5,-35.31,15.94,48.19,-82.12,-177.27
52.421574,-1.535015,192.91,1.09,3,322.62,21 / 21,520410,2019-09-06 19:28:46:153,0.3412,-0.6336,9.8421,0.021,0.0324,9.8065,0.0508,0.1174,-0.0016,11.38,-34.94,16.94,45.99,-82.34,-176.75
52.421574,-1.535015,192.91,1.09,3,322.62,21 / 21,520509,2019-09-06 19:28:46:252,0.1949,-0.932,10.086,0.0096,0.0063,9.8065,0.037,0.1461,-0.0295,10.81,-35,17,46.07,-82.51,-176.46
52.421574,-1.535015,192.91,1.09,3,322.62,21 / 21,520610,2019-09-06 19:28:46:353,0.3358,-1.3011,9.872,-0.018,-0.0045,9.8066,0.0554,0.1171,0.0281,10.56,-34.31,16.81,46.85,-82.33,-175.77
52.421574,-1.535015,192.91,1.09,3,322.62,21 / 21,520709,2019-09-06 19:28:46:452,-0.2721,-0.252,9.9582,0.0041,-0.0026,9.8066,0.0135,0.0846,-0.0072,10.25,-35.06,17.69,43.58,-82.21,-174.92
52.421574,-1.535015,192.91,1.09,3,322.62,21 / 21,520810,2019-09-06 19:28:46:553,0.4913,-1.0086,10.0339,0.0018,0.0021,9.8066,0.0138,0.1027,0.0197,10.69,-34.5,17.38,47.81,-82.21,-175.12
52.421574,-1.535015,192.91,1.09,3,322.62,21 / 21,520910,2019-09-06 19:28:46:653,1.3107,-0.7081,10.075,0.0087,0.0101,9.8066,0.0291,0.1517,-0.0361,10.25,-34.37,17.56,43.07,-82.29,-174.98
52.421574,-1.535015,192.91,1.09,3,322.62,21 / 21,521009,2019-09-06 19:28:46:752,0.3527,-0.9804,9.3863,0.0177,0.0175,9.8066,-0.0407,0.0981,0.0038,10.69,-35.12,18.06,45.88,-82.33,-175
52.421574,-1.535015,192.91,1.09,3,322.62,21 / 21,521110,2019-09-06 19:28:46:853,0.6716,-1.0576,9.5667,-0.0054,-0.0037,9.8066,-0.0612,0.1362,-0.0223,9.88,-34.81,18.19,44.1,-82.24,-174.45
52.421574,-1.535015,192.91,1.09,3,322.62,21 / 21,521210,2019-09-06 19:28:46:953,0.07,-0.7702,9.4549,-0.0049,0.0005,9.8066,-0.0815,0.0764,0.0149,9.75,-34.44,18.31,43.98,-82.24,-174.29
52.421574,-1.535015,192.91,1.09,3,322.62,21 / 21,521310,2019-09-06 19:28:47:053,0.6614,-0.6967,9.9249,0.0025,0.0191,9.8066,-0.001,0.084,0.004,9.88,-35.12,18.38,45.96,-82.39,-172.7
52.421593,-1.53572,181.35,8.89,3,246.55,21 / 21,521409,2019-09-06 19:28:47:152,-0.1002,0.0545,9.9398,0.0004,0.0207,9.8066,0.0286,0.0606,0.0314,9.63,-34.5,17.69,46.28,-82.47,-172.05
52.421593,-1.53572,181.35,8.89,3,246.55,21 / 21,521510,2019-09-06 19:28:47:253,0.3573,-0.7712,9.76,-0.0096,0.0049,9.8066,0.0089,0.1146,-0.0237,9.13,-35.12,17.25,47.73,-82.4,-170.73
52.421593,-1.53572,181.35,8.89,3,246.55,21 / 21,521610,2019-09-06 19:28:47:353,0.8674,0.0593,9.9945,-0.0239,-0.0132,9.8065,-0.0077,0.0692,0.0087,9.88,-34.87,18,48.96,-82.25,-170.37
52.421593,-1.53572,181.35,8.89,3,246.55,21 / 21,521710,2019-09-06 19:28:47:453,0.5913,-0.2614,10.0644,-0.0172,-0.0095,9.8066,-0.0724,0.0617,0.0319,9.44,-35.44,17.44,49.56,-82.08,-169.67
52.421593,-1.53572,181.35,8.89,3,246.55,21 / 21,521809,2019-09-06 19:28:47:552,0.9124,-0.2877,9.4954,-0.0279,-0.0205,9.8065,0.1241,0.0012,0.0302,9.81,-34.94,17.88,51.02,-81.77,-169.3
52.421593,-1.53572,181.35,8.89,3,246.55,21 / 21,521909,2019-09-06 19:28:47:652,-1.0711,-0.6966,10.3886,0.0155,0.0307,9.8066,0.16,0.0496,-0.0085,9.63,-35.25,18.75,50.51,-81.67,-168.12
52.421593,-1.53572,181.35,8.89,3,246.55,21 / 21,522009,2019-09-06 19:28:47:752,-0.8299,-0.588,9.7314,0.0255,0.0352,9.8065,-0.0862,0.0824,-0.0092,9.25,-35.25,18.56,47.91,-81.66,-168.12
52.421593,-1.53572,181.35,8.89,3,246.55,21 / 21,522109,2019-09-06 19:28:47:852,0.4813,-0.3949,9.7244,-0.0156,-0.0326,9.8065,-0.1376,0.0354,-0.0307,8.81,-34.94,18.69,47.37,-81.41,-168.91
52.421593,-1.53572,181.35,8.89,3,246.55,21 / 21,522210,2019-09-06 19:28:47:953,1.2931,-0.0365,9.6462,-0.0123,-0.0253,9.8066,-0.1071,0.0986,-0.0795,9.75,-34.81,18.63,49.48,-81.5,-169.21
52.421593,-1.53572,181.35,8.89,3,246.55,21 / 21,522310,2019-09-06 19:28:48:053,-0.2389,-0.3417,9.7422,0.0271,-0.0057,9.8066,-0.0642,0.0633,-0.035,9.56,-34.69,18.88,47.95,-81.51,-170.48
52.421593,-1.53572,181.35,8.89,3,246.55,21 / 21,522410,2019-09-06 19:28:48:153,-0.2547,-1.0057,9.5796,0.0217,-0.0107,9.8066,0.0609,-0.0154,-0.0387,9.88,-34.69,19.5,42.56,-81.65,-173.2
52.421593,-1.53572,181.35,8.89,3,246.55,21 / 21,522509,2019-09-06 19:28:48:252,0.0859,0.1112,10.2261,0.0314,0.0141,9.8066,0.0665,0.0506,-0.1241,9.63,-34.75,18.81,42.34,-81.72,-174.85
52.421593,-1.53572,181.35,8.89,3,246.55,21 / 21,522610,2019-09-06 19:28:48:353,0.201,-0.3456,10.092,0.0336,0.0057,9.8065,0.0093,0.0077,0.0339,9.56,-34.19,18.56,39.49,-81.8,-176.85
52.421593,-1.53572,181.35,8.89,3,246.55,21 / 21,522709,2019-09-06 19:28:48:452,0.0373,-0.409,10.4153,-0.0023,-0.0084,9.8066,0.0171,0.0366,-0.0421,9.88,-34.94,19.44,39.1,-81.68,-177.54
52.421593,-1.53572,181.35,8.89,3,246.55,21 / 21,522809,2019-09-06 19:28:48:552,-0.3213,-0.6575,10.14,0.0147,0.0044,9.8066,-0.0729,0.051,-0.0056,10.19,-35.12,18.94,38.23,-81.72,-178.2
52.421593,-1.53572,181.35,8.89,3,246.55,21 / 21,522909,2019-09-06 19:28:48:652,-0.1796,-0.6,9.6514,-0.0255,-0.0096,9.8065,-0.0423,0.0008,0.0822,9.88,-34.31,19,38.32,-81.68,-177.94
52.421593,-1.53572,181.35,8.89,3,246.55,21 / 21,523010,2019-09-06 19:28:48:753,-0.056,0.6345,10.5683,-0.0296,0.0016,9.8065,0.0126,0.0292,0.0005,9.19,-35.06,19.25,39.08,-81.49,-175.55
52.421593,-1.53572,181.35,8.89,3,246.55,21 / 21,523110,2019-09-06 19:28:48:853,-0.5896,-0.3691,10.4963,-0.0191,-0.008,9.8066,0.008,0.0222,0.0021,10.19,-34.69,19.75,41.92,-81.34,-174.08
52.421593,-1.53572,181.35,8.89,3,246.55,21 / 21,523210,2019-09-06 19:28:48:953,0.2675,0.0065,9.4416,-0.0111,-0.0036,9.8066,-0.0022,-0.0119,0.0253,9.44,-34.56,20,39.8,-81.19,-173.81
52.421593,-1.53572,181.35,8.89,3,246.55,21 / 21,523310,2019-09-06 19:28:49:053,-0.6864,-0.2803,9.4785,0.0049,0.0092,9.8066,-0.0367,-0.0309,0.0412,10.06,-34.75,19.38,45.29,-81.02,-173.3
52.421593,-1.53572,181.35,8.89,3,246.55,21 / 21,523410,2019-09-06 19:28:49:153,0.1534,-0.1656,9.3314,0.0035,0.0082,9.8066,0.071,-0.0245,0.0294,8.94,-34.75,19.69,41.17,-81.09,-172.82
52.421593,-1.53572,181.35,8.89,3,246.55,21 / 21,523509,2019-09-06 19:28:49:252,-0.6943,-0.1408,10.2405,0.0119,0.0329,9.8065,0.0713,-0.0167,-0.0479,9.06,-34.06,19.31,42.96,-81.5,-172.12
52.421593,-1.53572,181.35,8.89,3,246.55,21 / 21,523610,2019-09-06 19:28:49:353,0.3829,-0.2373,9.5037,0.039,0.037,9.8065,-0.1205,-0.0077,0.0176,8.94,-34.19,19.25,42.22,-81.74,-172.45
52.421593,-1.53572,181.35,8.89,3,246.55,21 / 21,523709,2019-09-06 19:28:49:452,-0.9898,-0.0482,10.3491,-0.0261,-0.0187,9.8066,-0.01,0.039,0.0483,8.56,-32.62,19.63,41.42,-81.6,-171.52
52.421593,-1.53572,181.35,8.89,3,246.55,21 / 21,523810,2019-09-06 19:28:49:553,-0.3879,-0.3701,9.0396,-0.0211,-0.0239,9.8065,-0.0458,0.0082,-0.0195,9.5,-33.31,19.5,44.44,-81.58,-171.18
52.421593,-1.53572,181.35,8.89,3,246.55,21 / 21,523910,2019-09-06 19:28:49:653,0.6126,1.1409,10.084,0.0091,-0.0031,9.8066,-0.0807,-0.0926,0.0009,9.31,-33.62,18.5,43.94,-81.6,-171.2
52.421593,-1.53572,181.35,8.89,3,246.55,21 / 21,524009,2019-09-06 19:28:49:752,0.6066,0.2649,9.6131,0.0028,-0.0135,9.8066,0.1775,-0.0369,0.0363,9.25,-33.75,18.5,43.35,-81.54,-171.75
52.421593,-1.53572,181.35,8.89,3,246.55,21 / 21,524110,2019-09-06 19:28:49:853,-0.4417,-1.5588,10.6307,0.0297,0.0177,9.8066,0.0966,0.0699,-0.1322,9.31,-34.69,18.81,41.68,-81.68,-173.23
52.421593,-1.53572,181.35,8.89,3,246.55,21 / 21,524210,2019-09-06 19:28:49:953,0.0799,-0.7113,10.2794,0.0572,0.0278,9.8064,0.1968,-0.062,0.0176,9.06,-34.44,18.94,38.36,-81.76,-175.58
52.421593,-1.53572,181.35,8.89,3,246.55,21 / 21,524310,2019-09-06 19:28:50:053,-0.661,0.7039,10.8865,0.0398,-0.0273,9.8064,0.1674,0.2251,-0.3195,9.63,-34.69,18.94,38.05,-81.73,-178.33
52.421593,-1.53572,181.35,8.89,3,246.55,21 / 21,524409,2019-09-06 19:28:50:152,4.2836,-0.6058,11.3448,0.0459,-0.0164,9.8065,0.0685,0.2565,-0.1466,9.69,-35.19,19.25,31.24,-81.78,176.26
52.421593,-1.53572,181.35,8.89,3,246.55,21 / 21,524509,2019-09-06 19:28:50:252,-5.2236,3.1837,9.9036,0.0185,0.0131,9.8066,0.3642,-0.2025,0.269,9.63,-34.31,19.5,33.62,-81.6,179.69
52.421593,-1.53572,181.35,8.89,3,246.55,21 / 21,524610,2019-09-06 19:28:50:353,2.3914,-1.862,9.1573,-0.0125,0.0162,9.8065,-0.0956,0.0434,-0.0723,9.38,-34.62,20.13,31.29,-81.23,179.48
52.421593,-1.53572,181.35,8.89,3,246.55,21 / 21,524709,2019-09-06 19:28:50:452,-0.5486,-0.3003,9.6276,-0.0214,0.0193,9.8065,-0.0148,0.0334,0.156,9.38,-34.56,19.13,35.92,-81.28,-178.29
52.421593,-1.53572,181.35,8.89,3,246.55,21 / 21,524809,2019-09-06 19:28:50:552,-0.2377,0.0915,9.1357,-0.0069,0.0356,9.8066,-0.1534,-0.0137,-0.0049,9.25,-34.44,18.81,37.66,-81.59,-176.33
52.421593,-1.53572,181.35,8.89,3,246.55,21 / 21,524909,2019-09-06 19:28:50:652,0.0757,0.4836,9.2216,0.0047,-0.0062,9.8066,-0.1252,-0.0264,-0.0045,9.44,-35.06,18.69,38.13,-81.8,-175.96
52.421593,-1.53572,181.35,8.89,3,246.55,21 / 21,525010,2019-09-06 19:28:50:753,0.0204,-0.2785,10.33,0.0095,0.0035,9.8066,0.1572,0.0305,-0.0331,9.56,-35.06,19.19,39.87,-81.87,-176.71
52.421593,-1.53572,181.35,8.89,3,246.55,21 / 21,525110,2019-09-06 19:28:50:853,-1.4127,-2.1963,9.1206,0.0191,0.006,9.8066,0.0488,0.0413,-0.0075,9.5,-34.75,18.94,39.31,-81.79,-177.25
52.421593,-1.53572,181.35,8.89,3,246.55,21 / 21,525210,2019-09-06 19:28:50:953,0.7262,0.3324,9.3453,-0.0346,-0.0639,9.8063,0.2312,0.0188,-0.0607,9.94,-34.25,18.5,37.81,-81.55,-178.49
52.421593,-1.53572,181.35,8.89,3,246.55,21 / 21,525310,2019-09-06 19:28:51:053,2.1013,1.0129,9.528,0.0696,0.0725,9.8061,0.2139,-0.0095,0.0888,9.81,-34.25,18.44,37.92,-81.86,-179.7
52.421593,-1.53572,181.35,8.89,3,246.55,21 / 21,525413,2019-09-06 19:28:51:156,-0.7587,-1.4006,9.8626,0.0162,0.0322,9.8065,0.123,-0.0078,0.0177,9.75,-34.81,19.31,36.69,-81.5,-179.68
52.421593,-1.53572,181.35,8.89,3,246.55,21 / 21,525510,2019-09-06 19:28:51:253,-0.2492,0.1865,9.9479,-0.0241,-0.018,9.8066,-0.1038,0.0287,-0.0005,9.44,-34.19,19.19,34.35,-81.25,-179.32
52.421593,-1.53572,181.35,8.89,3,246.55,21 / 21,525609,2019-09-06 19:28:51:352,-0.0312,-0.1809,9.1839,-0.0004,-0.0032,9.8066,-0.0474,0.0225,0.0012,10.63,-34.37,19.63,37.64,-81.38,-179.35
52.421593,-1.53572,181.35,8.89,3,246.55,21 / 21,525710,2019-09-06 19:28:51:453,-0.5786,-0.0636,9.5977,0.0098,-0.0024,9.8065,-0.1044,0.0079,-0.0207,9.69,-34.62,19.44,36.95,-81.48,-179.49
52.421593,-1.53572,181.35,8.89,3,246.55,21 / 21,525809,2019-09-06 19:28:51:552,0.2498,0.7775,9.8671,-0.0114,-0.0185,9.8066,-0.0818,-0.0022,0.0061,10.63,-34.37,19.31,38.94,-81.5,-179.75
52.421593,-1.53572,181.35,8.89,3,246.55,21 / 21,525910,2019-09-06 19:28:51:653,0.5062,0.5743,9.4038,0.0151,0.0224,9.8066,0.1607,0.0191,-0.0129,10.5,-34.56,19.94,36.21,-81.52,179.4
52.421593,-1.53572,181.35,8.89,3,246.55,21 / 21,526010,2019-09-06 19:28:51:753,0.1517,-0.1565,10.0222,0.006,0.0238,9.8066,0.0612,0.0184,-0.0044,9.81,-33.69,20.06,34.02,-81.39,179.81
52.421593,-1.53572,181.35,8.89,3,246.55,21 / 21,526109,2019-09-06 19:28:51:852,-0.5213,-0.0887,10.161,-0.0072,-0.0076,9.8066,-0.0557,0.0047,0.0008,10.31,-34.12,19.63,34.08,-81.37,179.84
52.421593,-1.53572,181.35,8.89,3,246.55,21 / 21,526214,2019-09-06 19:28:51:957,-0.0644,0.6184,9.7982,0.0027,0.0004,9.8066,-0.0581,-0.0123,-0.013,9.5,-34.37,19,36.04,-81.48,-179.99
52.421593,-1.53572,181.35,8.89,3,246.55,21 / 21,526310,2019-09-06 19:28:52:053,0.1287,0.235,10.06,0.0066,-0.013,9.8066,0.0407,0.0412,-0.0562,9.38,-33.81,18.69,31.99,-81.61,179.16
52.421593,-1.53572,181.35,8.89,3,246.55,21 / 21,526410,2019-09-06 19:28:52:153,0.5557,-0.0669,9.7992,0.0174,-0.0111,9.8066,0.0041,-0.0686,-0.0124,9.13,-33.12,19.81,27.43,-81.5,177.05
52.421593,-1.53572,181.35,8.89,3,246.55,21 / 21,526509,2019-09-06 19:28:52:252,0.1992,-0.7861,9.6328,0.0148,-0.0192,9.8066,0.013,0.0249,-0.0698,9.13,-32.69,19.75,25.23,-81.25,175.13
52.421593,-1.53572,181.35,8.89,3,246.55,21 / 21,526609,2019-09-06 19:28:52:352,0.9815,0.1502,9.701,0.0019,-0.0196,9.8066,0.0178,0.0264,-0.0173,9.5,-32.62,20.38,26.94,-81.11,174.15
52.421593,-1.53572,181.35,8.89,3,246.55,21 / 21,526710,2019-09-06 19:28:52:453,0.6402,-0.0844,9.4705,0.0248,0.0366,9.8065,0.0245,0.0356,-0.0594,10.5,-32.56,20.81,27.27,-81.35,173.84
52.421593,-1.53572,181.35,8.89,3,246.55,21 / 21,526810,2019-09-06 19:28:52:553,0.6281,1.3314,9.6134,0.0266,0.0285,9.8065,0.0819,-0.0111,-0.0376,11.13,-31.87,20.25,27.91,-81.44,173.21
52.421593,-1.53572,181.35,8.89,3,246.55,21 / 21,526910,2019-09-06 19:28:52:653,0.2562,0.5785,10.9613,0.0106,0.0185,9.8065,0.0803,-0.0089,0.045,11,-32.87,19.69,27.68,-81.56,172.94
52.421593,-1.53572,181.35,8.89,3,246.55,21 / 21,527010,2019-09-06 19:28:52:753,0.2816,0.2243,10.6427,0.0307,0.0472,9.8064,-0.0215,-0.0941,0.0274,11.19,-31.69,18.25,31.56,-81.73,173.29
52.421593,-1.53572,181.35,8.89,3,246.55,21 / 21,527110,2019-09-06 19:28:52:853,0.4922,1.6858,9.9297,-0.0255,-0.0345,9.8065,0.0235,0.1118,-0.0776,10.44,-32.25,17.75,31.32,-81.29,174.92
52.421593,-1.53572,181.35,8.89,3,246.55,21 / 21,527210,2019-09-06 19:28:52:953,0.3956,-0.9736,10.6566,-0.0147,0.0165,9.8065,0.1817,0.0464,0.0678,9.69,-32.81,17.88,31.41,-81.02,174.52
52.421593,-1.53572,181.35,8.89,3,246.55,21 / 21,527310,2019-09-06 19:28:53:053,-0.6719,-0.0365,10.3045,-0.0134,0.0176,9.8065,0.066,-0.0289,-0.0043,9.75,-32.44,18.81,32.51,-80.9,177.12
52.421593,-1.53572,181.35,8.89,3,246.55,20 / 20,527410,2019-09-06 19:28:53:153,0.9677,-0.4544,9.3909,0.0107,0.0173,9.8066,-0.1482,-0.0281,0.0715,8.19,-32.25,18.69,27.11,-80.95,177.58
52.421593,-1.53572,181.35,8.89,3,246.55,20 / 20,527510,2019-09-06 19:28:53:253,0.5562,0.3995,8.9979,-0.0029,0.0269,9.8066,-0.14,-0.0154,-0.0081,7.56,-32.37,19.06,26.62,-81.19,177.39
52.421593,-1.53572,181.35,8.89,3,246.55,20 / 20,527609,2019-09-06 19:28:53:352,0.2477,0.0261,9.2727,0.0046,0.0128,9.8066,0.0743,0.0072,0.0205,7.5,-32.62,19.25,27.82,-81.53,178.39
52.421593,-1.53572,181.35,8.89,3,246.55,20 / 20,527710,2019-09-06 19:28:53:453,-0.1188,0.8442,9.9179,0.0169,0.0202,9.8065,0.0827,0.0079,-0.0338,7.5,-32.56,20.13,25.66,-81.89,178.26
52.421593,-1.53572,181.35,8.89,3,246.55,20 / 20,527810,2019-09-06 19:28:53:553,0.4817,0.5989,10.1456,0.0178,0.0104,9.8066,-0.0831,0.013,-0.065,8.63,-32.25,20.5,25.56,-81.95,177.28
52.421593,-1.53572,181.35,8.89,3,246.55,20 / 20,527909,2019-09-06 19:28:53:652,0.1269,1.34,10.2869,-0.0079,-0.0373,9.8065,-0.0387,-0.0216,0.011,9.56,-32,20.13,29.07,-81.79,176.54
52.421593,-1.53572,181.35,8.89,3,246.55,20 / 20,528010,2019-09-06 19:28:53:753,0.3137,0.2361,9.938,-0.0014,-0.0263,9.8066,0.0254,0.055,-0.0349,10.06,-32,20.06,27.64,-81.42,175.11
52.421593,-1.53572,181.35,8.89,3,246.55,20 / 20,528110,2019-09-06 19:28:53:853,1.47,1.2365,9.5996,0.0118,0.0152,9.8065,0.0368,-0.0187,0.0119,11.31,-32.12,20.44,30.51,-81.32,175.23
52.421593,-1.53572,181.35,8.89,3,246.55,20 / 20,528209,2019-09-06 19:28:53:952,1.3632,1.1383,9.514,-0.0064,-0.0019,9.8066,-0.1168,0.0219,-0.0094,11.81,-32.25,20,33.32,-81.26,175.46
52.421593,-1.53572,181.35,8.89,3,246.55,20 / 20,528309,2019-09-06 19:28:54:052,0.6222,1.5044,9.7465,0.0079,0.0091,9.8066,0.0976,0.0315,-0.0013,11.69,-32.37,18.31,37.52,-81.44,175.78
52.421593,-1.53572,181.35,8.89,3,246.55,21 / 21,528410,2019-09-06 19:28:54:153,1.719,0.9038,9.864,-0.0138,-0.004,9.8065,-0.1438,0.0296,-0.0263,10.81,-33,16.06,39.6,-81.61,175.65
52.421593,-1.53572,181.35,8.89,3,246.55,21 / 21,528510,2019-09-06 19:28:54:253,1.0437,1.3922,9.7882,-0.0125,-0.0311,9.8065,-0.0713,0.0164,0.0299,8.31,-33.44,17.06,28.7,-81.6,176.14
52.421593,-1.53572,181.35,8.89,3,246.55,21 / 21,528610,2019-09-06 19:28:54:353,0.5037,1.8419,9.7629,-0.0277,-0.0319,9.8065,-0.0619,0.0035,-0.0177,9,-33.69,20,27.19,-81.16,176.41
52.421593,-1.53572,181.35,8.89,3,246.55,21 / 21,528709,2019-09-06 19:28:54:452,-0.1474,0.8753,9.4396,0.011,0.0127,9.8065,0.0863,-0.0423,0.0574,10.56,-33.69,20.19,32.64,-81.16,176.4
52.421593,-1.53572,181.35,8.89,3,246.55,21 / 21,528809,2019-09-06 19:28:54:552,0.8624,2.0157,9.7354,0.0006,0.0156,9.8066,-0.0637,0.0349,-0.0106,9.63,-33.94,18.94,32.33,-81.28,176.87
52.421593,-1.53572,181.35,8.89,3,246.55,21 / 21,528910,2019-09-06 19:28:54:653,1.6987,1.6037,9.53,0.011,0.0156,9.8065,-0.0397,-0.0023,-0.0192,8.88,-33.81,17.75,30.74,-81.5,176.54
52.421593,-1.53572,181.35,8.89,3,246.55,21 / 21,529010,2019-09-06 19:28:54:753,1.4529,1.3448,9.775,0.0183,0.0005,9.8066,0.071,-0.0244,0.0542,5.75,-34.62,18.31,19.59,-81.64,175.8
52.421593,-1.53572,181.35,8.89,3,246.55,21 / 21,529110,2019-09-06 19:28:54:853,0.3449,1.2973,9.8442,-0.0114,-0.0067,9.8066,-0.0057,0.0177,-0.007,5.81,-33.94,20.56,14.89,-81.6,175.44
52.421593,-1.53572,181.35,8.89,3,246.55,21 / 21,529210,2019-09-06 19:28:54:953,0.0621,1.4987,9.9717,-0.0016,0.0145,9.8066,-0.0598,0.0865,-0.0175,7.5,-33.25,21.81,19.63,-81.61,175.49
52.421593,-1.53572,181.35,8.89,3,246.55,21 / 21,529309,2019-09-06 19:28:55:052,0.1832,2.3983,9.3483,0.0003,0.0034,9.8066,-0.0718,-0.0398,0.0643,8.63,-32.19,21.06,23.94,-81.72,175.82
52.421593,-1.53572,181.35,8.89,3,246.55,21 / 21,529410,2019-09-06 19:28:55:153,1.312,1.4429,9.999,-0.011,-0.0076,9.8066,0.1075,-0.0546,-0.0083,10.38,-31.37,21.69,25.6,-81.77,176.37
52.421593,-1.53572,181.35,8.89,3,246.55,21 / 21,529509,2019-09-06 19:28:55:252,1.3054,1.494,9.7487,0.003,0.0158,9.8066,0.0541,0.0723,-0.0494,12.5,-31,21.44,34.59,-81.81,176.71
52.421593,-1.53572,181.35,8.89,3,246.55,21 / 21,529610,2019-09-06 19:28:55:353,1.393,2.0885,9.7226,0.006,0.002,9.8066,-0.0589,0.0349,0.0387,12.44,-31.75,18.38,39.02,-81.85,177.43
52.421593,-1.53572,181.35,8.89,3,246.55,21 / 21,529709,2019-09-06 19:28:55:452,0.7143,1.9916,10.4219,0.0047,-0.0064,9.8066,-0.0116,-0.062,0.0303,10,-32.94,18.19,33.3,-81.84,176.78
52.421593,-1.53572,181.35,8.89,3,246.55,21 / 21,529809,2019-09-06 19:28:55:552,0.0254,1.0697,10.6064,0.0004,-0.0026,9.8066,0.0554,0.0439,-0.0957,9.5,-33.25,19.06,31.34,-81.79,176.75
52.421593,-1.53572,181.35,8.89,3,246.55,21 / 21,529909,2019-09-06 19:28:55:652,0.269,0.6593,10.1054,0.0086,-0.0101,9.8066,0.1483,0.0058,0.044,8.31,-33.56,20.25,23.04,-81.5,175.77
52.421593,-1.53572,181.35,8.89,3,246.55,21 / 21,530010,2019-09-06 19:28:55:753,-0.146,0.8185,10.0721,-0.0157,-0.0233,9.8065,-0.0623,-0.0016,-0.0124,9.25,-33.06,20,26.21,-81.37,175.99
52.421593,-1.53572,181.35,8.89,3,246.55,21 / 21,530109,2019-09-06 19:28:55:852,-0.2109,0.2493,9.9404,-0.0102,-0.0226,9.8065,-0.0766,-0.0223,-0.0354,9.56,-33.87,20.88,27.72,-81.37,176.12
52.421593,-1.53572,181.35,8.89,3,246.55,21 / 21,530210,2019-09-06 19:28:55:953,-0.0424,1.2668,9.4845,-0.0054,-0.0093,9.8066,-0.0716,-0.0055,-0.0172,9.25,-34.06,19.75,26.32,-81.38,175.91
52.421593,-1.53572,181.35,8.89,3,246.55,21 / 21,530310,2019-09-06 19:28:56:053,0.4966,0.8695,9.6472,0.0191,0.0129,9.8066,-0.0479,-0.0236,-0.0239,11,-33.81,19.69,30.12,-81.75,174.88
52.42115,-1.537001,178.04,9.7,3,240.87,20 / 20,530409,2019-09-06 19:28:56:152,0.676,1.2615,10.5209,0.0103,-0.0025,9.8066,0.0327,-0.0376,0.0253,10.75,-33.56,20.13,29.59,-81.77,174.46
52.42115,-1.537001,178.04,9.7,3,240.87,20 / 20,530510,2019-09-06 19:28:56:253,0.6428,0.9476,9.1569,-0.0268,-0.0097,9.8066,-0.0801,0.001,0.1131,10.31,-34.06,19.31,29.18,-81.81,174.84
52.42115,-1.537001,178.04,9.7,3,240.87,20 / 20,530610,2019-09-06 19:28:56:353,0.3422,0.7357,9.2049,-0.057,-0.0495,9.8063,-0.1302,-0.0032,0.0052,10.56,-33.81,19.81,33.99,-81.25,177.57
52.42115,-1.537001,178.04,9.7,3,240.87,20 / 20,530710,2019-09-06 19:28:56:453,0.3662,0.2652,9.287,-0.0275,-0.0335,9.8065,0.0215,-0.0542,0.0248,10.56,-33,19.94,34.48,-81.19,178.12
52.42115,-1.537001,178.04,9.7,3,240.87,20 / 20,530810,2019-09-06 19:28:56:553,-0.1351,0.9692,9.7661,0.005,0.0448,9.8064,-0.0762,-0.0134,0.0584,10.38,-33.87,19.5,33.82,-81.6,179.84
52.42115,-1.537001,178.04,9.7,3,240.87,20 / 20,530909,2019-09-06 19:28:56:652,0.0466,1.4073,9.8279,0.0047,0.0292,9.8065,0.0219,-0.01,0.009,10.63,-32.94,18.44,41.55,-81.86,-178.66
52.42115,-1.537001,178.04,9.7,3,240.87,20 / 20,531010,2019-09-06 19:28:56:753,0.7676,0.7155,9.7666,0.0003,-0.0004,9.8066,-0.0078,-0.0436,0.0033,9.13,-32.19,17.75,35.69,-81.95,-178.64
52.42115,-1.537001,178.04,9.7,3,240.87,20 / 20,531109,2019-09-06 19:28:56:852,-0.1405,0.4739,9.3038,-0.0083,-0.0041,9.8066,0.0083,-0.0285,0.0347,9.31,-31.62,18.56,34.3,-81.88,-178.29
52.42115,-1.537001,178.04,9.7,3,240.87,20 / 20,531210,2019-09-06 19:28:56:953,0.1389,0.3846,10.0443,-0.0107,-0.007,9.8066,-0.053,-0.0205,0.0039,8.5,-31.75,19.69,33.23,-81.74,-177.89
52.42115,-1.537001,178.04,9.7,3,240.87,20 / 20,531310,2019-09-06 19:28:57:053,0.0811,0.3702,9.693,-0.0005,0.0015,9.8066,0.0194,-0.0501,0.0332,8.69,-31.87,20.13,33.33,-81.79,-177.76
52.42115,-1.537001,178.04,9.7,3,240.87,19 / 20,531410,2019-09-06 19:28:57:153,0.3214,1.1554,10.2147,-0.0022,0.0064,9.8066,-0.003,-0.0297,0.0071,8.94,-31.62,20.56,32.11,-81.81,-177.45
52.42115,-1.537001,178.04,9.7,3,240.87,19 / 20,531509,2019-09-06 19:28:57:252,0.2304,1.0179,9.921,0.001,0.0156,9.8066,0.0525,-0.0677,0.0464,9.69,-30.44,20.69,35.18,-81.86,-176.61
52.42115,-1.537001,178.04,9.7,3,240.87,19 / 20,531609,2019-09-06 19:28:57:352,0.6428,1.2742,10.4036,0.0034,0.0047,9.8066,0.1521,-0.0318,-0.0706,11,-30.62,20.69,38.32,-81.9,-176.19
52.42115,-1.537001,178.04,9.7,3,240.87,19 / 20,531710,2019-09-06 19:28:57:453,-0.7816,-0.6646,9.4999,0.0466,0.0594,9.8063,-0.2008,-0.0383,0.0595,12.13,-31.31,20.31,41.91,-82.04,-176.42
52.42115,-1.537001,178.04,9.7,3,240.87,19 / 20,531810,2019-09-06 19:28:57:553,-0.6386,0.0028,9.8046,-0.0468,-0.0591,9.8064,-0.128,-0.0501,0.0122,12.44,-32.94,18.19,46.87,-81.66,-176.47
52.42115,-1.537001,178.04,9.7,3,240.87,19 / 20,531909,2019-09-06 19:28:57:652,-0.8727,0.2963,10.2662,-0.0441,-0.0465,9.8064,-0.1656,0.0563,-0.0391,12.31,-33.5,17.06,49.13,-81.73,-176.37
52.42115,-1.537001,178.04,9.7,3,240.87,19 / 20,532010,2019-09-06 19:28:57:753,-0.9595,0.9951,9.077,0.0346,0.0268,9.8065,-0.0436,-0.0459,0.0508,11.13,-33.75,16.69,47.17,-81.99,-175.94
52.42115,-1.537001,178.04,9.7,3,240.87,19 / 20,532110,2019-09-06 19:28:57:853,-1.0843,1.6736,8.8868,0.0438,0.0184,9.8065,0.0107,0.0754,-0.1952,10.56,-35.44,16,47.73,-82.49,-177.11
52.42115,-1.537001,178.04,9.7,3,240.87,19 / 20,532209,2019-09-06 19:28:57:952,2.4804,-1.7918,9.9452,0.0518,0.0146,9.8064,0.0706,0.047,-0.0678,9.44,-36.19,16.5,32.49,-82.94,177.28
52.42115,-1.537001,178.04,9.7,3,240.87,19 / 20,532310,2019-09-06 19:28:58:053,1.4001,1.0365,9.8453,0.023,0.0091,9.8066,-0.1007,0.0501,-0.0583,9.69,-35.87,17,34.49,-83.05,176.63
52.42115,-1.537001,178.04,9.7,3,240.87,21 / 21,532409,2019-09-06 19:28:58:152,0.0406,-1.0034,10.2048,-0.0078,-0.0621,9.8064,0.1253,0.0124,-0.0399,9.06,-35.19,19.06,28.27,-82.78,177.03
52.42115,-1.537001,178.04,9.7,3,240.87,21 / 21,532509,2019-09-06 19:28:58:252,0.507,0.8044,8.9464,-0.0031,-0.0379,9.8065,-0.0173,-0.0806,-0.0528,10,-34.75,19.38,28.16,-82.14,174.13
52.42115,-1.537001,178.04,9.7,3,240.87,21 / 21,532609,2019-09-06 19:28:58:352,-0.3427,-0.1377,9.4683,0.0163,0.0326,9.8065,-0.056,0.1447,-0.0528,9.56,-34.5,18.75,28.38,-82.27,174.58
52.42115,-1.537001,178.04,9.7,3,240.87,21 / 21,532711,2019-09-06 19:28:58:454,-1.7632,1.7373,9.7444,-0.0179,0.0265,9.8066,-0.0008,-0.0839,0.1331,10.56,-34.37,18,34.43,-82.44,175.86
52.42115,-1.537001,178.04,9.7,3,240.87,21 / 21,532810,2019-09-06 19:28:58:553,1.764,0.8138,9.9728,-0.0425,-0.0584,9.8063,0.0584,-0.0595,0.0482,10.38,-34.81,18.75,28.23,-82.66,174.61
52.42115,-1.537001,178.04,9.7,3,240.87,21 / 21,532909,2019-09-06 19:28:58:652,2.4197,-0.559,9.2899,0.0401,0.0233,9.8065,-0.0493,-0.092,-0.0953,10.81,-34.44,18.75,31.19,-82.03,174.47
52.42115,-1.537001,178.04,9.7,3,240.87,21 / 21,533009,2019-09-06 19:28:58:752,-0.4966,0.0731,10.0311,0.0191,0.0483,9.8065,0.3011,-0.0279,0.0906,10.31,-34.87,18.25,30.37,-82,174.19
52.42115,-1.537001,178.04,9.7,3,240.87,21 / 21,533110,2019-09-06 19:28:58:853,0.5591,-0.5936,9.8321,0.0128,0.0212,9.8066,0.1898,0.0664,0.0248,11.31,-34.75,18.88,32.21,-81.84,174.94
52.42115,-1.537001,178.04,9.7,3,240.87,21 / 21,533213,2019-09-06 19:28:58:956,0.4392,0.344,10.093,0.0172,0.033,9.8065,0.0114,0.0018,-0.0079,10.19,-34.94,18.88,28.99,-82.01,174.68
52.42115,-1.537001,178.04,9.7,3,240.87,21 / 21,533309,2019-09-06 19:28:59:052,-0.0388,-0.1918,9.9016,0.0195,0.0347,9.8065,0.0895,0.0331,-0.0044,10.75,-34.25,18.19,34.14,-82.01,175.21
52.42115,-1.537001,178.04,9.7,3,240.87,21 / 21,533409,2019-09-06 19:28:59:152,0.2781,0.0804,9.0953,-0.0163,-0.0113,9.8066,-0.0733,0.0734,0.0037,10.19,-34.56,18.63,30.81,-81.97,176.09
52.42115,-1.537001,178.04,9.7,3,240.87,21 / 21,533510,2019-09-06 19:28:59:253,-0.5103,0.2158,9.6582,-0.018,0.0006,9.8066,-0.0527,0.0206,0.0436,9.25,-33.94,18.19,31.12,-82.03,177.34
52.42115,-1.537001,178.04,9.7,3,240.87,21 / 21,533610,2019-09-06 19:28:59:353,0.1273,-0.2135,9.7245,0.0137,0.0332,9.8065,0.0178,0.0394,-0.0063,9.25,-34.31,18.38,31.05,-82.46,177.69
52.42115,-1.537001,178.04,9.7,3,240.87,21 / 21,533710,2019-09-06 19:28:59:453,-0.0111,-0.2999,10.4594,0.0062,0.0337,9.8065,0.1128,0.0295,0.0078,9.13,-34.75,18.88,30.48,-82.6,178.67
52.42115,-1.537001,178.04,9.7,3,240.87,21 / 21,533810,2019-09-06 19:28:59:553,0.0391,-0.2454,9.8272,-0.0192,-0.0408,9.8064,-0.0797,0.0529,-0.0128,9.38,-34.56,19.06,30.9,-82.29,178.72
52.42115,-1.537001,178.04,9.7,3,240.87,21 / 21,533909,2019-09-06 19:28:59:652,-0.4177,0.7915,9.9733,-0.0314,-0.0375,9.8065,-0.0551,0.0973,-0.0136,9.5,-35,19.75,32.69,-82.13,179.22
52.42115,-1.537001,178.04,9.7,3,240.87,21 / 21,534009,2019-09-06 19:28:59:752,1.7018,1.4512,9.7501,0.0155,0.0097,9.8066,0.0535,0.062,-0.0298,9.69,-35.25,19.69,33.51,-82.18,179.92
52.42115,-1.537001,178.04,9.7,3,240.87,21 / 21,534109,2019-09-06 19:28:59:852,0.7215,1.5702,9.4299,0.0044,0.0107,9.8066,0.0137,-0.0083,-0.0038,9.13,-35,19.5,29.96,-82.35,179.41
52.42115,-1.537001,178.04,9.7,3,240.87,21 / 21,534209,2019-09-06 19:28:59:952,1.8956,1.232,9.3333,0.0018,0.003,9.8066,-0.0456,0.0667,-0.0534,10.13,-34.56,19.94,31.91,-82.47,178.88
52.42115,-1.537001,178.04,9.7,3,240.87,21 / 21,534310,2019-09-06 19:29:00:053,1.6713,2.0003,9.4065,-0.001,-0.0044,9.8066,-0.0311,0.0725,-0.0401,9.75,-34.06,20,31.83,-82.51,179.03
52.42115,-1.537001,178.04,9.7,3,240.87,21 / 21,534410,2019-09-06 19:29:00:153,2.4128,1.1905,9.2201,0.0246,0.0174,9.8065,0.0186,-0.0302,0.0212,10.63,-33.44,19.63,32.73,-82.81,178.09
52.42115,-1.537001,178.04,9.7,3,240.87,21 / 21,534509,2019-09-06 19:29:00:252,1.2864,2.8321,10.0212,0.0182,0.0218,9.8066,-0.0499,0.0739,-0.0878,10.88,-33.5,19.38,33.65,-83,177.54
52.42115,-1.537001,178.04,9.7,3,240.87,21 / 21,534610,2019-09-06 19:29:00:353,3.0094,1.7828,9.7813,0.0147,0.0027,9.8066,0.017,-0.0051,0.0064,11.19,-33.69,18.63,33.54,-83.13,177.39
52.42115,-1.537001,178.04,9.7,3,240.87,21 / 21,534710,2019-09-06 19:29:00:453,2.2063,2.102,9.7167,-0.0098,0.0012,9.8066,-0.0123,0.0322,-0.0296,10.56,-34.37,18.5,31.56,-83.28,175.86
52.42115,-1.537001,178.04,9.7,3,240.87,21 / 21,534810,2019-09-06 19:29:00:553,1.0279,1.7585,9.6504,-0.0026,0.0051,9.8066,-0.0069,0.0172,0.0197,11,-33.94,18.63,33.26,-83.2,177.22
52.42115,-1.537001,178.04,9.7,3,240.87,21 / 21,534909,2019-09-06 19:29:00:652,1.4801,2.3649,9.9062,-0.0076,-0.0031,9.8066,0.0066,0.009,0.0076,9.94,-34.25,18.25,32.59,-83.23,177.32
52.42115,-1.537001,178.04,9.7,3,240.87,21 / 21,535009,2019-09-06 19:29:00:752,1.4987,2.8512,9.6712,0.0072,0.0039,9.8065,0.0602,0.0527,0.0051,10.38,-34.81,18.69,31.56,-83.31,177.91
52.42115,-1.537001,178.04,9.7,3,240.87,21 / 21,535110,2019-09-06 19:29:00:853,2.417,2.2007,9.7903,0.0135,-0.0008,9.8066,0.0288,-0.003,0.0071,10.63,-34.62,19.06,34.71,-83.27,178.33
52.42115,-1.537001,178.04,9.7,3,240.87,21 / 21,535214,2019-09-06 19:29:00:957,1.3118,2.4759,9.901,0.0079,0.0023,9.8066,0.0282,0.0523,-0.038,9.56,-34.5,19.25,30.51,-83.3,177.19
52.42115,-1.537001,178.04,9.7,3,240.87,21 / 21,535310,2019-09-06 19:29:01:053,1.2301,1.892,9.9196,0.0121,0.0131,9.8066,0.0642,-0.0042,0.0505,10.38,-34.12,18.94,29.51,-83.38,176.43
52.42115,-1.537001,178.04,9.7,3,240.87,20 / 20,535410,2019-09-06 19:29:01:153,1.3708,2.3704,10.1588,-0.0138,-0.0049,9.8066,-0.063,0.0263,0.008,10,-34.31,19.56,28.45,-83.43,176.97
52.42115,-1.537001,178.04,9.7,3,240.87,20 / 20,535509,2019-09-06 19:29:01:252,1.223,2.5256,9.9469,0.0012,-0.008,9.8065,-0.0641,0.0127,-0.0223,9.63,-33.87,19.63,28.55,-83.48,177.09
52.42115,-1.537001,178.04,9.7,3,240.87,20 / 20,535610,2019-09-06 19:29:01:353,1.7529,2.023,9.521,-0.0001,0.0011,9.8066,-0.0265,0.0056,0.0253,10.5,-34.25,19,31.78,-83.65,176.36
52.42115,-1.537001,178.04,9.7,3,240.87,20 / 20,535710,2019-09-06 19:29:01:453,1.5156,2.2162,9.8242,0.0093,-0.0011,9.8066,-0.0165,0.0271,-0.029,10.06,-34.44,19.56,26.55,-83.75,175.6
52.42115,-1.537001,178.04,9.7,3,240.87,20 / 20,535810,2019-09-06 19:29:01:553,1.4076,2.3839,9.776,-0.0041,0.0096,9.8066,-0.025,-0.0373,0.0219,10.13,-34.06,18.94,27.65,-83.89,175.27
52.42115,-1.537001,178.04,9.7,3,240.87,20 / 20,535909,2019-09-06 19:29:01:652,1.2753,2.1764,9.7794,0.0038,0.0052,9.8066,-0.0341,0.0207,-0.0161,10,-33.69,18.94,28.36,-84.05,176
52.42115,-1.537001,178.04,9.7,3,240.87,20 / 20,536010,2019-09-06 19:29:01:753,1.1646,2.6153,9.7636,-0.0002,0.0068,9.8066,0.0434,-0.0273,0.0182,9.88,-33.44,18.38,30.25,-84.2,176.38
52.42115,-1.537001,178.04,9.7,3,240.87,20 / 20,536110,2019-09-06 19:29:01:853,0.95,1.8987,10.2457,-0.0009,-0.0014,9.8065,0.0094,-0.0001,-0.026,9,-34,18.88,25.74,-84.22,176.22
52.42115,-1.537001,178.04,9.7,3,240.87,20 / 20,536214,2019-09-06 19:29:01:957,0.8036,1.4785,9.6831,0.0018,0.0065,9.8065,0.0352,-0.0194,0.0184,8.75,-33.94,18.88,25.87,-84.2,176.32
52.42115,-1.537001,178.04,9.7,3,240.87,20 / 20,536310,2019-09-06 19:29:02:053,0.5935,1.8986,9.6511,-0.0026,0.0044,9.8066,0.0003,-0.0091,0.0206,8.63,-34.25,18.38,28.13,-84.2,176.82
52.42115,-1.537001,178.04,9.7,3,240.87,21 / 21,536410,2019-09-06 19:29:02:153,0.5777,1.8687,10.1574,-0.0012,0.004,9.8066,0.0088,-0.031,0.0185,8.38,-33.75,19.25,24.41,-84.18,177.5
52.42115,-1.537001,178.04,9.7,3,240.87,21 / 21,536509,2019-09-06 19:29:02:252,0.3805,1.2879,9.8221,0.0008,0.0006,9.8066,0.0108,-0.0177,-0.0227,8.13,-34.62,19.31,25.2,-84.18,178.04
52.42115,-1.537001,178.04,9.7,3,240.87,21 / 21,536610,2019-09-06 19:29:02:353,0.8646,1.5809,9.5326,0.0008,0.0092,9.8066,-0.0029,-0.0732,0.013,8.13,-34.75,19.75,23.88,-84.28,178.21
52.42115,-1.537001,178.04,9.7,3,240.87,21 / 21,536709,2019-09-06 19:29:02:452,0.3484,1.775,9.8633,0.0014,0.0073,9.8066,0.0241,-0.0241,-0.003,8.88,-34.25,20,26.62,-84.32,178.34
52.42115,-1.537001,178.04,9.7,3,240.87,21 / 21,536809,2019-09-06 19:29:02:552,0.3597,1.4872,9.7188,0.0008,0.0076,9.8066,-0.0135,-0.057,0.0102,8.69,-34.87,19.56,27.45,-84.42,179
52.42115,-1.537001,178.04,9.7,3,240.87,21 / 21,536910,2019-09-06 19:29:02:653,0.232,1.4445,9.7879,0.0006,0.0023,9.8066,0.0085,-0.0251,0.0015,8.25,-34.62,19.75,24.84,-84.45,179.15
52.42115,-1.537001,178.04,9.7,3,240.87,21 / 21,537010,2019-09-06 19:29:02:753,-0.1935,1.0486,9.6895,0.0051,0.0029,9.8065,0.0055,-0.0641,-0.0002,8.38,-34.44,19.63,25.05,-84.4,179.4
52.42115,-1.537001,178.04,9.7,3,240.87,21 / 21,537109,2019-09-06 19:29:02:852,0.4726,1.0921,9.8701,0.0023,0.002,9.8066,-0.0216,-0.0578,-0.0254,9.13,-35.56,19.38,28.87,-84.45,178.82
52.42115,-1.537001,178.04,9.7,3,240.87,21 / 21,537210,2019-09-06 19:29:02:953,0.6848,1.049,9.8627,-0.0018,-0.0026,9.8065,0.0226,-0.0632,0.0263,9.56,-34.75,19.31,31.46,-84.48,178.88
52.42115,-1.537001,178.04,9.7,3,240.87,21 / 21,537310,2019-09-06 19:29:03:053,0.3383,1.102,9.9187,-0.004,0.0017,9.8066,0.0055,-0.05,0.0145,10.38,-34.81,19.06,31.94,-84.49,179.3
52.42115,-1.537001,178.04,9.7,3,240.87,21 / 21,537411,2019-09-06 19:29:03:154,0.1723,1.1267,10.0964,-0.0037,-0.002,9.8066,0.0378,-0.0547,0.0127,9.25,-34.44,19,29.9,-84.48,179.99
52.42115,-1.537001,178.04,9.7,3,240.87,21 / 21,537510,2019-09-06 19:29:03:253,0.0742,0.8207,9.9105,0.0011,-0.0009,9.8066,0.0333,-0.0681,0.0024,8.88,-35.12,19,30.24,-84.46,-179.87
52.42115,-1.537001,178.04,9.7,3,240.87,21 / 21,537610,2019-09-06 19:29:03:353,0.6985,1.0772,9.9218,0.001,0.0012,9.8066,0.0012,-0.0525,0.0162,9.81,-35.06,18.56,33.13,-84.47,-179.68
52.42115,-1.537001,178.04,9.7,3,240.87,21 / 21,537709,2019-09-06 19:29:03:452,0.2957,0.8455,9.5977,-0.0015,0.0023,9.8066,0.0098,-0.0492,0.0268,9.94,-34.81,19.13,32.9,-84.52,-179.83
52.42115,-1.537001,178.04,9.7,3,240.87,21 / 21,537810,2019-09-06 19:29:03:553,0.2095,0.7266,9.5584,-0.0062,-0.002,9.8066,-0.0162,-0.0318,-0.027,9.5,-34.81,18.69,33.68,-84.55,-179.13
52.42115,-1.537001,178.04,9.7,3,240.87,21 / 21,537910,2019-09-06 19:29:03:653,0.213,0.8707,9.7407,0.0041,0.0109,9.8066,0.0538,-0.0334,-0.0012,10.63,-34.19,18.31,38.44,-84.66,-178.47
52.42115,-1.537001,178.04,9.7,3,240.87,21 / 21,538009,2019-09-06 19:29:03:752,0.2036,0.8955,9.7951,-0.0105,0.0055,9.8066,-0.0387,-0.0322,-0.0474,10.31,-34.37,18.25,35.92,-84.6,-178.5
52.42115,-1.537001,178.04,9.7,3,240.87,21 / 21,538110,2019-09-06 19:29:03:853,0.7435,0.9771,9.9836,0.0003,0.0064,9.8066,-0.0357,-0.0261,-0.0126,11.13,-34.25,18.75,37.09,-84.67,-178.09
52.42115,-1.537001,178.04,9.7,3,240.87,21 / 21,538211,2019-09-06 19:29:03:954,0.5443,0.8538,9.9221,0.0102,0.0194,9.8066,0.057,-0.0142,0.004,10.13,-34.56,19.06,34.43,-84.75,-178.29
52.42115,-1.537001,178.04,9.7,3,240.87,21 / 21,538309,2019-09-06 19:29:04:052,0.3821,0.7295,9.9794,-0.0018,0.0059,9.8066,0.0063,-0.0293,0.0047,10.13,-34.31,19.13,34.44,-84.86,-178.03
52.42115,-1.537001,178.04,9.7,3,240.87,21 / 21,538409,2019-09-06 19:29:04:152,0.1912,0.2478,9.6756,-0.0009,0.0125,9.8066,-0.0153,-0.0029,0.0405,9.81,-34.5,18.75,35.72,-84.95,-176.82
52.42115,-1.537001,178.04,9.7,3,240.87,21 / 21,538510,2019-09-06 19:29:04:253,0.2701,0.4094,9.7512,-0.0015,0.007,9.8066,0.0082,-0.0116,0.0001,9.88,-34.56,18.31,39.17,-85.03,-175.33
52.42115,-1.537001,178.04,9.7,3,240.87,21 / 21,538610,2019-09-06 19:29:04:353,0.0022,0.0863,9.9372,0.0031,0.0074,9.8066,-0.0022,-0.0186,-0.0187,9.88,-35.25,18.56,37.83,-85.1,-174.93
52.42115,-1.537001,178.04,9.7,3,240.87,21 / 21,538710,2019-09-06 19:29:04:453,0.0426,-0.2225,9.7295,-0.0086,-0.0075,9.8066,0.1982,0.1111,0.002,9.75,-35,18.56,38.14,-85.1,-174.67
52.42115,-1.537001,178.04,9.7,3,240.87,21 / 21,538809,2019-09-06 19:29:04:552,-0.1357,-0.1681,9.7399,0.0122,0.0234,9.8066,-0.0594,0.0759,-0.0366,9.5,-35,17.94,41.65,-85.35,-172.76
52.42115,-1.537001,178.04,9.7,3,240.87,21 / 21,538910,2019-09-06 19:29:04:653,-0.1383,-0.2007,9.7629,-0.0096,-0.0184,9.8066,0.2502,-0.0192,0.0361,9.38,-34.62,18.69,37.02,-85.42,-173.01
52.42115,-1.537001,178.04,9.7,3,240.87,21 / 21,539009,2019-09-06 19:29:04:752,-0.1736,-0.1748,10.0075,0.0074,0.0268,9.8065,0.1166,0.0344,-0.0016,8.06,-35.06,18.25,37.89,-85.37,-171.23
52.42115,-1.537001,178.04,9.7,3,240.87,21 / 21,539109,2019-09-06 19:29:04:852,-0.0308,-0.3069,9.8481,0.0085,0.0462,9.8064,0.3022,0.1572,-0.0075,8.94,-34.94,18,41.62,-85.57,-170.15
52.42115,-1.537001,178.04,9.7,3,240.87,21 / 21,539210,2019-09-06 19:29:04:953,-0.2356,-0.3653,9.8223,-0.0122,-0.0211,9.8066,-0.0022,-0.0079,-0.0256,8.44,-34.37,18,40.08,-85.43,-169.06
52.42115,-1.537001,178.04,9.7,3,240.87,21 / 21,539310,2019-09-06 19:29:05:053,0.02,-0.2964,9.7343,0.024,0.0688,9.8064,-0.3544,-0.0938,0.0229,8.38,-34.94,17.63,39.44,-85.29,-169.95
52.42087,-1.537796,177.9,1.97,3,243.6,20 / 21,539410,2019-09-06 19:29:05:153,-0.3149,-0.672,9.9604,-0.0128,-0.0325,9.8065,0.2754,0.0907,-0.0097,8.56,-34.69,18,44.71,-85.96,-166.87
52.42087,-1.537796,177.9,1.97,3,243.6,20 / 21,539509,2019-09-06 19:29:05:252,-0.1822,-0.3021,9.727,-0.0526,-0.0768,9.8062,0.0156,-0.0119,0.029,9,-35.19,17.44,44.98,-84.97,-169.52
52.42087,-1.537796,177.9,1.97,3,243.6,20 / 21,539610,2019-09-06 19:29:05:353,-0.1168,-0.1257,9.8611,0.0288,0.0631,9.8064,0.2099,0.1449,-0.0251,9,-35.12,17.5,47.08,-85.7,-165.05
52.42087,-1.537796,177.9,1.97,3,243.6,20 / 21,539711,2019-09-06 19:29:05:454,-0.1069,0.008,9.844,-0.0153,0.0009,9.8066,0.0159,-0.0226,-0.0397,8.69,-34.94,18,47.24,-85.41,-165.3
52.42087,-1.537796,177.9,1.97,3,243.6,20 / 21,539810,2019-09-06 19:29:05:553,-0.166,0.1231,9.8641,0,0.0048,9.8066,-0.0026,-0.0064,0.0062,8.31,-33.87,18.25,41.82,-85.12,-167.88
52.42087,-1.537796,177.9,1.97,3,243.6,20 / 21,539909,2019-09-06 19:29:05:652,-0.1082,-0.0234,9.7288,0.0054,0.0027,9.8066,-0.0222,0.0088,-0.0199,7.81,-34.12,17.19,43.32,-85.19,-167.97
52.42087,-1.537796,177.9,1.97,3,243.6,20 / 21,540010,2019-09-06 19:29:05:753,-0.0042,-0.1005,9.6946,0.0065,0,9.8066,-0.0167,0.0074,-0.0079,7.69,-34.31,17.94,40.84,-85.29,-168.54
52.42087,-1.537796,177.9,1.97,3,243.6,20 / 21,540110,2019-09-06 19:29:05:853,0.0767,0.0025,9.9064,0.0041,0.0021,9.8066,-0.0027,-0.0053,-0.0199,7.06,-34.06,17.38,38.61,-85.39,-169.18
52.42087,-1.537796,177.9,1.97,3,243.6,20 / 21,540210,2019-09-06 19:29:05:953,0.0786,-0.0672,9.8321,0.0067,0.0062,9.8066,-0.0013,-0.0044,0.0017,7.13,-33.69,17.63,36.57,-85.52,-169.47
52.42087,-1.537796,177.9,1.97,3,243.6,20 / 21,540309,2019-09-06 19:29:06:052,0.0775,-0.0752,9.7342,0.0044,0.0089,9.8066,-0.0194,-0.0014,0.0053,7.25,-33.69,17.63,36.66,-85.61,-169.29
52.42087,-1.537796,177.9,1.97,3,243.6,21 / 21,540409,2019-09-06 19:29:06:152,0.001,-0.0134,9.8756,0.0027,0.0054,9.8066,0.0038,-0.0058,0.0015,7.38,-33.31,18.06,36.98,-85.73,-168.74
52.42087,-1.537796,177.9,1.97,3,243.6,21 / 21,540510,2019-09-06 19:29:06:253,-0.2126,-0.2563,9.8332,0.0005,0.0043,9.8066,-0.0043,0.0195,-0.0071,6.94,-32.87,18.13,37.31,-85.78,-168.39
52.42087,-1.537796,177.9,1.97,3,243.6,21 / 21,540610,2019-09-06 19:29:06:353,-0.1174,-0.3923,9.7828,-0.0015,0.0041,9.8066,-0.0009,0.0148,0.0058,7.75,-32.31,17.88,40.18,-85.82,-168.24
52.42087,-1.537796,177.9,1.97,3,243.6,21 / 21,540709,2019-09-06 19:29:06:452,-0.257,-0.4217,10.0146,-0.0002,0.0033,9.8066,-0.0148,0.0077,-0.0001,7.75,-32.19,19.06,39.53,-85.87,-167.46
52.42087,-1.537796,177.9,1.97,3,243.6,21 / 21,540812,2019-09-06 19:29:06:555,-0.3857,-0.6874,10.0772,0.0226,0.0327,9.8065,-0.0776,-0.0241,0.0163,7.75,-30.87,19.63,37.57,-85.63,-168.15
52.42087,-1.537796,177.9,1.97,3,243.6,21 / 21,540909,2019-09-06 19:29:06:652,-0.3284,-0.5199,9.9957,0.0051,0.0145,9.8066,-0.4655,-0.0247,0.0331,6.13,-30.37,20.06,32.14,-85.49,-168.09
52.42087,-1.537796,177.9,1.97,3,243.6,21 / 21,541010,2019-09-06 19:29:06:753,-0.443,-0.7773,9.9522,-0.0065,-0.0522,9.8064,-0.0451,0.1065,-0.0174,6.13,-30.06,20.5,34.39,-86.33,-164.46
52.42087,-1.537796,177.9,1.97,3,243.6,21 / 21,541109,2019-09-06 19:29:06:852,-0.0732,-0.6364,9.8726,-0.0161,-0.0465,9.8065,-0.0324,0.0701,-0.037,6.56,-30,19.44,36.76,-85.69,-167.37
52.42087,-1.537796,177.9,1.97,3,243.6,21 / 21,541210,2019-09-06 19:29:06:953,0.0284,-0.4008,9.831,-0.008,-0.0327,9.8065,0.3475,0.1414,-0.0118,6.75,-29.87,20.81,33.45,-85.88,-168.14
52.42087,-1.537796,177.9,1.97,3,243.6,21 / 21,541309,2019-09-06 19:29:07:052,0.1208,-0.3484,9.7672,0.0005,0.0093,9.8066,-0.2234,-0.023,-0.0325,7.13,-30.37,20.25,34.4,-85.71,-168.39
52.42087,-1.537796,177.9,1.97,3,243.6,21 / 21,541410,2019-09-06 19:29:07:153,-0.4013,-1.0226,9.7867,0.0136,0.0369,9.8065,0.3135,-0.0506,-0.0149,7.38,-29.75,21.25,36.28,-86.77,-164.79
52.42087,-1.537796,177.9,1.97,3,243.6,21 / 21,541510,2019-09-06 19:29:07:253,-0.6714,-1.4776,9.7561,0.0277,0.068,9.8063,-0.0645,-0.0669,-0.0101,8.38,-30.12,20.38,39.48,-86.74,-165.25
52.42087,-1.537796,177.9,1.97,3,243.6,21 / 21,541609,2019-09-06 19:29:07:352,-0.3332,-1.2733,9.643,-0.0302,-0.0781,9.8063,-0.0631,-0.0095,-0.0133,8.5,-29.62,21.31,39.92,-86.97,-165.87
52.42087,-1.537796,177.9,1.97,3,243.6,21 / 21,541710,2019-09-06 19:29:07:453,-0.5423,-1.4817,9.7249,0.0209,0.0272,9.8065,-0.0531,0.0357,0.0437,9.19,-30.44,21.75,36.41,-86.92,-168.18
52.42087,-1.537796,177.9,1.97,3,243.6,21 / 21,541810,2019-09-06 19:29:07:553,-0.6337,-1.4398,10.0034,-0.009,0.0012,9.8066,-0.0114,0.0129,-0.0236,8.88,-30.12,21.56,37.84,-86.94,-166.82
52.42087,-1.537796,177.9,1.97,3,243.6,21 / 21,541909,2019-09-06 19:29:07:652,-0.6987,-1.72,10.1048,0.0073,-0.0002,9.8066,-0.0208,0.0252,-0.0156,9.5,-29.94,21.63,38.72,-87.02,-168.08
52.42087,-1.537796,177.9,1.97,3,243.6,21 / 21,542009,2019-09-06 19:29:07:752,-0.4854,-1.7349,9.6713,-0.0015,-0.0102,9.8065,-0.0275,0.0404,-0.009,10.13,-29.69,20.69,38.11,-87,-169.78
52.42087,-1.537796,177.9,1.97,3,243.6,21 / 21,542110,2019-09-06 19:29:07:853,-0.4348,-1.6003,9.4368,0.0072,0.0114,9.8066,0.0481,0.0279,0.0008,10.56,-30,20.75,39.15,-86.94,-170.98
52.42087,-1.537796,177.9,1.97,3,243.6,21 / 21,542210,2019-09-06 19:29:07:953,-0.543,-0.9955,9.4958,0.0092,0.0185,9.8066,0.0466,0.0383,-0.0002,11.31,-30.12,19.56,40.25,-86.9,-171.23
52.42087,-1.537796,177.9,1.97,3,243.6,21 / 21,542309,2019-09-06 19:29:08:052,-1.3453,-1.9083,9.7463,0.0078,0.0152,9.8066,-0.0103,0.0467,-0.0156,12.63,-30.12,18.88,46.82,-87,-170.45
52.42087,-1.537796,177.9,1.97,3,243.6,21 / 21,542409,2019-09-06 19:29:08:152,-1.1749,-1.7196,9.7727,-0.0064,-0.0103,9.8066,-0.0293,0.0295,-0.011,12.56,-30.06,18.06,48.16,-86.9,-170.84
52.42087,-1.537796,177.9,1.97,3,243.6,21 / 21,542509,2019-09-06 19:29:08:252,-1.0805,-1.6399,9.9297,-0.0037,-0.0098,9.8065,0.0686,0.0265,-0.0229,13.44,-30.94,17.75,47.74,-86.91,-171.34
52.42087,-1.537796,177.9,1.97,3,243.6,21 / 21,542609,2019-09-06 19:29:08:352,-1.096,-1.6396,10.0556,0.0092,0.0004,9.8066,0.0401,0.0206,-0.0183,14.06,-31.25,18.25,48.24,-86.94,-172.78
52.42087,-1.537796,177.9,1.97,3,243.6,21 / 21,542710,2019-09-06 19:29:08:453,-0.6069,-1.151,9.9748,0.0045,-0.0122,9.8066,-0.0461,0.0392,0.0298,12.88,-31.06,19.38,41.89,-86.96,-175.27
52.42087,-1.537796,177.9,1.97,3,243.6,21 / 21,542809,2019-09-06 19:29:08:552,-0.4283,-1.7212,9.3206,0.0465,0.058,9.8063,-0.1029,-0.0396,-0.0065,11.56,-32,19.69,36.52,-87.24,-176.73
52.42087,-1.537796,177.9,1.97,3,243.6,21 / 21,542909,2019-09-06 19:29:08:652,0.063,-1.2338,9.0275,0.0063,0.016,9.8066,-0.2938,0.0873,0.022,10.94,-32.69,19.25,35.33,-86.95,-177.43
52.42087,-1.537796,177.9,1.97,3,243.6,21 / 21,543009,2019-09-06 19:29:08:752,-0.6446,-1.5391,9.7418,-0.0129,-0.0142,9.8066,0.0561,0.0638,-0.0127,9.56,-32.56,18.81,34.4,-87.62,-175.44
52.42087,-1.537796,177.9,1.97,3,243.6,21 / 21,543109,2019-09-06 19:29:08:852,-0.7548,-1.4206,9.8212,-0.0154,-0.0365,9.8065,-0.0041,0.0145,0.0094,9.75,-33.37,18.69,33.07,-87.26,-177.02
52.42087,-1.537796,177.9,1.97,3,243.6,21 / 21,543210,2019-09-06 19:29:08:953,-0.3526,-1.3269,9.9246,-0.0115,-0.0275,9.8065,-0.0351,-0.0084,-0.0202,8.88,-32.37,18.94,31.07,-87.92,-175.92
52.42087,-1.537796,177.9,1.97,3,243.6,21 / 21,543309,2019-09-06 19:29:09:052,-0.2698,-1.6794,9.8932,0.0369,0.0897,9.8062,0.0109,0.192,-0.0551,9.19,-33.06,19.31,32.11,-88.18,-174.77
52.42087,-1.537796,177.9,1.97,3,243.6,21 / 21,543410,2019-09-06 19:29:09:153,-0.2909,-2.1092,10.0043,-0.0013,-0.0204,9.8066,-0.2301,-0.031,0.0301,9,-32.94,19.31,25.59,-88.23,179.04
52.42087,-1.537796,177.9,1.97,3,243.6,21 / 21,543510,2019-09-06 19:29:09:253,-0.3509,-1.3645,9.9399,0.0083,-0.0516,9.8064,0.244,0.1044,-0.0606,9.25,-32.94,20.25,20.07,-88.29,174.95
52.42087,-1.537796,177.9,1.97,3,243.6,21 / 21,543609,2019-09-06 19:29:09:352,0.3198,-1.5979,9.5277,0.0155,0.0357,9.8066,0.3304,0.2456,-0.0514,8.63,-32.69,20.44,16.64,-87.76,171.43
52.42087,-1.537796,177.9,1.97,3,243.6,21 / 21,543709,2019-09-06 19:29:09:452,-0.3284,-2.0928,9.2465,-0.0163,-0.0319,9.8065,-0.503,0.1408,0.0192,9.69,-33.56,20.5,19.11,-87.27,172.32
52.42087,-1.537796,177.9,1.97,3,243.6,21 / 21,543811,2019-09-06 19:29:09:554,-0.3794,-2.7908,9.3187,0.0015,-0.004,9.8066,0.0237,0.1185,-0.0108,10.31,-33.12,21.25,18.17,-87.39,171.54
52.42087,-1.537796,177.9,1.97,3,243.6,21 / 21,543909,2019-09-06 19:29:09:652,0.3806,-1.6428,9.8592,-0.0042,-0.0015,9.8066,0.0056,0.0957,0.0318,8.94,-33.25,21.19,16.42,-87.3,172.11
52.42087,-1.537796,177.9,1.97,3,243.6,21 / 21,544010,2019-09-06 19:29:09:753,-0.2347,-1.4245,10.1208,-0.009,0.0076,9.8066,-0.0361,0.1052,-0.0065,8.75,-33.5,20.94,18.43,-87.36,174.01
52.42087,-1.537796,177.9,1.97,3,243.6,21 / 21,544109,2019-09-06 19:29:09:852,-0.2735,-1.4412,9.8842,0.0019,0.0057,9.8066,-0.0418,0.1059,0.0042,9.19,-33.87,21.19,20.77,-87.51,176.24
52.42087,-1.537796,177.9,1.97,3,243.6,21 / 21,544209,2019-09-06 19:29:09:952,-0.4644,-1.6377,9.5512,0.004,0.0127,9.8066,-0.04,0.0947,0.0021,8.69,-34.25,21.31,19.75,-87.73,175.4
52.42087,-1.537796,177.9,1.97,3,243.6,21 / 21,544310,2019-09-06 19:29:10:053,-0.964,-1.4878,9.5586,0.0032,0.0053,9.8066,-0.0365,0.0603,-0.006,8.63,-34.56,21.31,20.04,-87.77,175.65
52.42087,-1.537796,177.9,1.97,3,243.6,21 / 21,544409,2019-09-06 19:29:10:152,-0.5143,-1.2018,9.5504,-0.0115,-0.0114,9.8065,-0.0008,0.0518,0.0529,8.56,-34.56,21.75,19.74,-87.77,176.37
52.42087,-1.537796,177.9,1.97,3,243.6,21 / 21,544509,2019-09-06 19:29:10:252,-0.8098,-1.4712,9.421,-0.0087,0.0153,9.8066,0.0552,0.0254,0.03,8.44,-34.31,22.19,23.34,-87.76,-177.95
52.42087,-1.537796,177.9,1.97,3,243.6,21 / 21,544610,2019-09-06 19:29:10:353,-1.4616,-1.121,10.0738,-0.008,0.0142,9.8066,0.0863,-0.0237,0.0385,8.44,-33.81,21.38,28.29,-87.61,-174.29
52.42087,-1.537796,177.9,1.97,3,243.6,21 / 21,544710,2019-09-06 19:29:10:453,-1.1998,-1.3222,9.8688,-0.0166,-0.0199,9.8066,-0.0522,0.0972,-0.0607,7.25,-34.44,21.31,29.61,-87.32,-170.88
52.42087,-1.537796,177.9,1.97,3,243.6,21 / 21,544810,2019-09-06 19:29:10:553,-1.1882,-0.6119,9.8336,-0.0064,-0.0266,9.8065,0.0403,0.0573,-0.0145,8.63,-34.44,20.81,32.43,-87.23,-173.01
52.42087,-1.537796,177.9,1.97,3,243.6,21 / 21,544909,2019-09-06 19:29:10:652,-1.0927,-0.6562,9.7522,-0.0076,-0.038,9.8065,0.1768,-0.127,-0.0328,8.13,-34.87,19.88,29.69,-87.47,-174.17
52.42087,-1.537796,177.9,1.97,3,243.6,21 / 21,545010,2019-09-06 19:29:10:753,-1.0505,-0.7493,9.8574,-0.0161,-0.0461,9.8065,-0.3349,-0.1249,-0.0057,9.88,-35.31,18.94,33.69,-86.8,-177.01
52.42087,-1.537796,177.9,1.97,3,243.6,21 / 21,545109,2019-09-06 19:29:10:852,-1.1628,-0.46,9.9881,-0.0197,-0.04,9.8065,0.1753,-0.0058,-0.0016,12.13,-34.37,19.75,36.53,-87.15,-176.95
52.42087,-1.537796,177.9,1.97,3,243.6,21 / 21,545210,2019-09-06 19:29:10:953,-1.8259,-0.0109,9.9372,0.033,0.0721,9.8063,0.0482,0.0126,-0.0817,11.56,-34.25,21.88,35.37,-87.38,-175.33
52.42087,-1.537796,177.9,1.97,3,243.6,21 / 21,545310,2019-09-06 19:29:11:053,-1.3681,-0.5993,9.5615,-0.0225,-0.0578,9.8064,0.1268,-0.0955,0.0273,10.06,-34.81,22,28.66,-86.84,-178.02
52.42087,-1.537796,177.9,1.97,3,243.6,20 / 20,545410,2019-09-06 19:29:11:153,-1.5961,-2.1625,9.4361,-0.0326,-0.0322,9.8065,-0.1145,-0.243,0.0465,9.19,-34.44,22.31,29.18,-87.01,-175.18
52.42087,-1.537796,177.9,1.97,3,243.6,20 / 20,545510,2019-09-06 19:29:11:253,-0.9366,-0.1677,10.0333,0.0084,0.0743,9.8063,0.3265,-0.0832,0.0492,8.63,-34.25,21.81,37.1,-87.21,-167.59
52.42087,-1.537796,177.9,1.97,3,243.6,20 / 20,545609,2019-09-06 19:29:11:352,-1.0257,-0.629,10.3887,-0.0058,0.0087,9.8066,-0.0734,-0.0498,-0.0125,8.44,-35.12,21.19,37.37,-86.84,-166.52
52.42087,-1.537796,177.9,1.97,3,243.6,20 / 20,545709,2019-09-06 19:29:11:452,-0.7122,-0.2114,10.2042,-0.0327,-0.1241,9.8057,-0.0723,-0.238,0.0484,9.25,-34.81,20.94,38.21,-86.7,-168.16
52.42087,-1.537796,177.9,1.97,3,243.6,20 / 20,545810,2019-09-06 19:29:11:553,-0.9843,-0.703,9.7574,0.0036,0.03,9.8066,-0.054,-0.1077,0.0358,9.06,-34.56,20.81,39.64,-86.64,-166.89
52.42087,-1.537796,177.9,1.97,3,243.6,20 / 20,545909,2019-09-06 19:29:11:652,-1.164,-0.0486,9.9369,-0.019,-0.0093,9.8066,0.0124,-0.134,0.041,8.31,-35.94,20.88,39.77,-86.55,-164.67
52.42087,-1.537796,177.9,1.97,3,243.6,20 / 20,546009,2019-09-06 19:29:11:752,-1.4412,0.5467,10.2848,-0.0195,-0.018,9.8066,-0.0034,-0.0802,0.0108,8.94,-34.87,20.56,44.97,-86.3,-162.3
52.42087,-1.537796,177.9,1.97,3,243.6,20 / 20,546109,2019-09-06 19:29:11:852,-1.3805,-0.0386,10.2113,0.0019,0.0058,9.8066,0.0356,-0.1331,-0.0025,8.81,-34.62,20.25,47.76,-86.19,-161.04
52.42087,-1.537796,177.9,1.97,3,243.6,20 / 20,546211,2019-09-06 19:29:11:954,-1.5583,-0.2885,9.7865,0.0101,0.0161,9.8066,0.082,-0.1376,0.0031,8.75,-35.12,20.06,46.72,-86.18,-162.01
52.42087,-1.537796,177.9,1.97,3,243.6,20 / 20,546312,2019-09-06 19:29:12:055,-1.0456,0.4033,9.5922,-0.022,-0.0228,9.8065,-0.1453,-0.085,0.0111,9.5,-35.31,19.88,51.08,-86.13,-160.27
52.42087,-1.537796,177.9,1.97,3,243.6,21 / 21,546409,2019-09-06 19:29:12:152,-1.4683,0.8852,9.971,-0.0202,-0.0257,9.8065,-0.107,-0.1352,0.0604,9.5,-34.94,19.88,51.8,-85.89,-159.9
52.42087,-1.537796,177.9,1.97,3,243.6,21 / 21,546510,2019-09-06 19:29:12:253,-0.9453,0.102,9.4444,0.0134,0.0058,9.8066,0.0445,-0.1234,-0.062,9.75,-36.69,19.44,52.7,-85.99,-160.64
52.42087,-1.537796,177.9,1.97,3,243.6,21 / 21,546609,2019-09-06 19:29:12:352,-1.4672,-0.1837,9.7956,-0.0132,0.0052,9.8066,0.0518,-0.1915,0.0668,9.69,-35.81,18.81,53.6,-85.93,-159.73
52.42087,-1.537796,177.9,1.97,3,243.6,21 / 21,546710,2019-09-06 19:29:12:453,-1.5409,0.7735,10.1526,-0.0044,0.0008,9.8066,0.0416,-0.1613,0.0096,9.75,-36.19,19.19,54.81,-85.89,-158.67
52.42087,-1.537796,177.9,1.97,3,243.6,21 / 21,546810,2019-09-06 19:29:12:553,-0.6708,0.1999,9.7614,-0.0205,-0.0587,9.8064,0.0583,-0.098,-0.0364,9.44,-36.12,18.38,52.26,-85.95,-160.12
52.42087,-1.537796,177.9,1.97,3,243.6,21 / 21,546910,2019-09-06 19:29:12:653,0.446,0.3542,9.2991,-0.0227,-0.0399,9.8065,-0.0728,-0.1748,0.0564,9.81,-35.56,17.38,54.13,-85.78,-162.67
52.42087,-1.537796,177.9,1.97,3,243.6,21 / 21,547010,2019-09-06 19:29:12:753,-0.1902,1.3555,10.3253,-0.0399,-0.0275,9.8065,-0.2217,-0.1067,0.0361,9.69,-35.87,16.56,55.03,-85.44,-162.37
52.42087,-1.537796,177.9,1.97,3,243.6,21 / 21,547110,2019-09-06 19:29:12:853,-0.8237,0.8049,10.0254,-0.0141,-0.0043,9.8066,0.082,-0.1958,0.0084,9.75,-35.87,16.75,58.19,-86.08,-158.43
52.42087,-1.537796,177.9,1.97,3,243.6,21 / 21,547209,2019-09-06 19:29:12:952,-1.2003,0.2943,9.9881,0.0339,0.0607,9.8064,0.3381,-0.0277,-0.0561,10.25,-35.81,16.13,64.97,-86.28,-153.53
52.42087,-1.537796,177.9,1.97,3,243.6,21 / 21,547310,2019-09-06 19:29:13:053,-0.897,0.6516,9.977,-0.0155,-0.0013,9.8066,0.0864,-0.2117,0.0511,10,-37.31,16.44,64.57,-85.8,-154.96
52.42087,-1.537796,177.9,1.97,3,243.6,21 / 21,547409,2019-09-06 19:29:13:152,-0.9001,0.4147,10.0495,-0.027,-0.0246,9.8065,0.0882,-0.1804,0.0489,9.69,-36.5,16.13,62.91,-85.61,-156.65
52.42087,-1.537796,177.9,1.97,3,243.6,21 / 21,547510,2019-09-06 19:29:13:253,-0.3249,1.0698,10.3603,-0.0691,-0.087,9.806,-0.0242,-0.2043,0.0644,9.63,-36.25,16,65.44,-85.7,-154.13
52.42087,-1.537796,177.9,1.97,3,243.6,21 / 21,547609,2019-09-06 19:29:13:352,-1.019,1.0527,10.0071,-0.004,-0.0175,9.8066,-0.038,-0.2346,-0.0691,9.19,-36.5,16.5,57.52,-85.04,-158.33
52.42087,-1.537796,177.9,1.97,3,243.6,21 / 21,547710,2019-09-06 19:29:13:453,0.5675,0.6523,10.0775,0.0101,0.002,9.8066,-0.184,-0.1604,-0.0028,9.38,-35.75,15.69,56.02,-84.51,-162.44
52.42087,-1.537796,177.9,1.97,3,243.6,21 / 21,547810,2019-09-06 19:29:13:553,-0.2716,0.8211,9.8111,-0.0087,0.0032,9.8066,0.0506,-0.0971,0.0221,10.5,-35.94,15.81,60.18,-83.75,-164.61
52.42087,-1.537796,177.9,1.97,3,243.6,21 / 21,547910,2019-09-06 19:29:13:653,-0.4915,1.3796,9.7291,-0.0136,-0.0202,9.8065,-0.1054,-0.1258,-0.0258,10.13,-36.62,15.38,60.36,-83.57,-165.06
52.42087,-1.537796,177.9,1.97,3,243.6,21 / 21,548010,2019-09-06 19:29:13:753,-0.6119,1.2403,9.782,-0.0169,-0.0253,9.8065,-0.0982,-0.178,0.0487,10.31,-36.87,15.31,59.13,-83.39,-166.49
52.42087,-1.537796,177.9,1.97,3,243.6,21 / 21,548110,2019-09-06 19:29:13:853,0.6431,1.9162,9.8343,0.0216,0.0036,9.8066,0.0714,-0.153,-0.0411,10.19,-36.81,14.94,57.64,-83.54,-167.51
52.42087,-1.537796,177.9,1.97,3,243.6,21 / 21,548210,2019-09-06 19:29:13:953,0.6504,1.9778,10.2476,0.0162,0.0041,9.8065,0.0775,-0.1357,-0.0046,10.5,-36.69,14.56,58.88,-83.64,-168.45
52.42087,-1.537796,177.9,1.97,3,243.6,21 / 21,548310,2019-09-06 19:29:14:053,0.6593,1.6247,9.7011,0.0162,-0.0087,9.8065,-0.0491,-0.1245,-0.0256,9.56,-36.31,14.31,56.18,-83.7,-170.56
52.420715,-1.53828,177.85,6.11,3,253.6,21 / 21,548410,2019-09-06 19:29:14:153,0.6738,1.5562,9.177,0.0072,0.0043,9.8066,-0.0482,-0.1442,0.0268,10.38,-35.44,14.31,54.92,-83.77,-171.23
52.420715,-1.53828,177.85,6.11,3,253.6,21 / 21,548509,2019-09-06 19:29:14:252,0.9585,2.4878,9.8674,0.0044,-0.0055,9.8066,0.0188,-0.1343,-0.035,11.13,-36.12,14,57.29,-83.84,-171.58
52.420715,-1.53828,177.85,6.11,3,253.6,21 / 21,548609,2019-09-06 19:29:14:352,1.0448,1.9969,9.9699,0.0104,-0.0192,9.8066,0.0135,-0.1162,-0.0584,10.38,-36.56,13.56,52.83,-83.85,-173.49
52.420715,-1.53828,177.85,6.11,3,253.6,21 / 21,548709,2019-09-06 19:29:14:452,1.5401,1.5497,9.4139,0.0153,-0.0108,9.8066,0.1325,-0.0778,0.0067,10.56,-35.56,13.63,51.98,-83.62,-176.59
52.420715,-1.53828,177.85,6.11,3,253.6,21 / 21,548810,2019-09-06 19:29:14:553,1.5427,1.9926,9.5558,-0.0213,0.0028,9.8066,-0.2532,-0.0824,-0.0388,10.5,-35.81,13,56.16,-83.38,-175.98
52.420715,-1.53828,177.85,6.11,3,253.6,21 / 21,548909,2019-09-06 19:29:14:652,2.1573,1.3105,9.2563,0.0253,0.0248,9.8065,0.7294,-0.2214,0.0822,10.75,-36.75,13.31,54.55,-83.74,-177.02
52.420715,-1.53828,177.85,6.11,3,253.6,21 / 21,549011,2019-09-06 19:29:14:754,3.1854,2.2557,9.2688,0.0485,0.0369,9.8064,0.1622,-0.0192,-0.0185,10.69,-36.44,12.5,55.27,-83.54,-176.46
52.420715,-1.53828,177.85,6.11,3,253.6,21 / 21,549109,2019-09-06 19:29:14:852,1.9633,1.5732,10.2355,0.0003,-0.0078,9.8066,0.2479,-0.0331,0.0232,10.5,-36.25,12.44,57.9,-84.16,-175.78
52.420715,-1.53828,177.85,6.11,3,253.6,21 / 21,549210,2019-09-06 19:29:14:953,1.251,1.8792,10.2438,-0.043,-0.0418,9.8064,-0.1415,-0.2114,0.0188,10.75,-35.94,12.38,57.76,-83.77,-176.65
52.420715,-1.53828,177.85,6.11,3,253.6,21 / 21,549310,2019-09-06 19:29:15:053,2.2049,1.318,9.8884,0.0622,0.0344,9.8063,0.0986,-0.2541,0.0163,11.19,-35.81,11.69,56.44,-84.38,-176.63
52.420715,-1.53828,177.85,6.11,3,253.6,21 / 21,549410,2019-09-06 19:29:15:153,1.6261,2.1509,10.0483,0.0301,0.0487,9.8064,-0.1927,-0.1892,0.0402,11.13,-36.75,11.44,61.48,-84.6,-175.02
52.420715,-1.53828,177.85,6.11,3,253.6,21 / 21,549509,2019-09-06 19:29:15:252,1.6015,1.6876,9.7811,0.0002,-0.0039,9.8066,-0.2176,-0.1126,0.036,10.63,-36.31,10.75,60.83,-84.84,-174.78
52.420715,-1.53828,177.85,6.11,3,253.6,21 / 21,549609,2019-09-06 19:29:15:352,1.6008,1.6088,9.8673,-0.0196,-0.0137,9.8065,-0.0622,-0.1108,0.0025,10.25,-36.31,10.38,62.17,-85,-174.26
52.420715,-1.53828,177.85,6.11,3,253.6,21 / 21,549709,2019-09-06 19:29:15:452,1.2694,1.2814,10.0067,0.0456,0.0312,9.8065,0.0225,-0.0777,0.0368,10.31,-36.25,11.19,58.08,-85.31,-173.98
52.420715,-1.53828,177.85,6.11,3,253.6,21 / 21,549810,2019-09-06 19:29:15:553,1.689,1.306,9.9814,-0.0159,-0.0081,9.8066,-0.0221,-0.1295,0.0017,10.44,-36.44,11,59.03,-84.87,-174.06
52.420715,-1.53828,177.85,6.11,3,253.6,21 / 21,549910,2019-09-06 19:29:15:653,2.0186,1.2123,10.0006,-0.0159,-0.0037,9.8066,0.0243,-0.0844,0.0221,10.81,-36.75,11.13,63.2,-84.68,-173.28
52.420715,-1.53828,177.85,6.11,3,253.6,21 / 21,550010,2019-09-06 19:29:15:753,2.2426,1.2304,9.4865,-0.0155,-0.0037,9.8066,0.0206,-0.0849,0.0658,11,-36.25,10.44,67.41,-84.51,-172.82
52.420715,-1.53828,177.85,6.11,3,253.6,21 / 21,550109,2019-09-06 19:29:15:852,1.0943,0.9021,9.8082,-0.0817,-0.038,9.8062,-0.1931,-0.0738,-0.0214,10.63,-36.19,10.75,65.92,-83.73,-172.61
52.420715,-1.53828,177.85,6.11,3,253.6,21 / 21,550210,2019-09-06 19:29:15:953,1.6162,0.9383,9.7308,-0.0009,-0.0006,9.8066,-0.0769,-0.0948,0.0393,10.56,-36.69,9.69,70.21,-84.44,-170.78
52.420715,-1.53828,177.85,6.11,3,253.6,21 / 21,550309,2019-09-06 19:29:16:052,1.6913,0.5535,9.8497,-0.0171,-0.0041,9.8066,-0.0237,-0.0498,0.0015,10.25,-36.75,9.31,72.48,-84.44,-170.4
52.420715,-1.53828,177.85,6.11,3,253.6,20 / 21,550410,2019-09-06 19:29:16:153,1.6447,0.8291,9.9886,0.0073,0.0034,9.8066,0.0059,-0.0514,0.0176,10.81,-36.87,9.5,70.74,-84.5,-170.15
52.420715,-1.53828,177.85,6.11,3,253.6,20 / 21,550510,2019-09-06 19:29:16:253,1.6689,0.722,9.9906,-0.0071,-0.0013,9.8066,0.0185,-0.0432,-0.0044,10.94,-37.75,9.31,75.33,-84.47,-169.93
52.420715,-1.53828,177.85,6.11,3,253.6,20 / 21,550609,2019-09-06 19:29:16:352,1.1939,0.5183,9.9847,-0.0026,-0.0009,9.8066,0.0282,-0.0332,0.0142,10.31,-37.19,9.06,73.06,-84.46,-169.81
52.420715,-1.53828,177.85,6.11,3,253.6,20 / 21,550710,2019-09-06 19:29:16:453,1.3074,0.5415,9.7668,-0.0018,0.0033,9.8066,-0.0211,-0.0326,0.0016,10.06,-37.06,8.69,73.46,-84.42,-169.56
52.420715,-1.53828,177.85,6.11,3,253.6,20 / 21,550809,2019-09-06 19:29:16:552,1.1191,0.4717,9.9064,-0.0014,0.0019,9.8066,-0.0265,-0.0261,-0.0047,9.81,-36.94,9.38,74.08,-84.4,-169.04
52.420715,-1.53828,177.85,6.11,3,253.6,20 / 21,550910,2019-09-06 19:29:16:653,0.9612,0.2902,9.8482,0.0025,0.0019,9.8065,0.0189,-0.0135,0.0014,10.06,-36.75,9.25,74.31,-84.37,-168.9
52.420715,-1.53828,177.85,6.11,3,253.6,20 / 21,551009,2019-09-06 19:29:16:752,0.7804,0.3095,10.037,0.0033,0.0019,9.8066,0.0275,0.0053,0.0185,9.56,-36.75,8.5,74.35,-84.4,-168.79
52.420715,-1.53828,177.85,6.11,3,253.6,20 / 21,551110,2019-09-06 19:29:16:853,0.4687,0.0411,9.8573,0.0061,0.0059,9.8066,-0.0151,-0.0264,-0.0086,10.94,-36.62,8.88,76.6,-84.41,-168.53
52.420715,-1.53828,177.85,6.11,3,253.6,20 / 21,551210,2019-09-06 19:29:16:953,0.5162,0.227,9.8897,-0.0052,-0.0016,9.8066,-0.0208,-0.0197,-0.018,10.06,-36.81,9.25,75.01,-84.39,-168.21
52.420715,-1.53828,177.85,6.11,3,253.6,20 / 21,551309,2019-09-06 19:29:17:052,0.274,0.0249,9.7582,-0.003,-0.0021,9.8066,0.0048,0.0047,0.0088,9.81,-36.81,8.88,75.06,-84.37,-168.19
52.420715,-1.53828,177.85,6.11,3,253.6,21 / 21,551410,2019-09-06 19:29:17:153,0.4341,-0.0595,9.928,0.0002,0.004,9.8066,0.0067,0.0048,-0.0047,10,-37.06,9.38,75.4,-84.39,-167.84
52.420715,-1.53828,177.85,6.11,3,253.6,21 / 21,551509,2019-09-06 19:29:17:252,0.4023,0.0012,9.9659,0.0022,0.0016,9.8066,0.013,0.0018,0.0153,9.75,-37.25,9.25,75.61,-84.38,-167.65
52.420715,-1.53828,177.85,6.11,3,253.6,21 / 21,551610,2019-09-06 19:29:17:353,-0.0842,-0.1077,9.8303,0.0009,0.0042,9.8066,0.0091,-0.0192,-0.0014,9.69,-36.69,9.13,75.99,-84.42,-167.2
52.420715,-1.53828,177.85,6.11,3,253.6,21 / 21,551709,2019-09-06 19:29:17:452,-0.3392,-0.2757,9.9408,0.0009,0.004,9.8066,0.0071,-0.0092,-0.0046,9.63,-36.31,8.75,76.02,-84.4,-166.81
52.420715,-1.53828,177.85,6.11,3,253.6,21 / 21,551810,2019-09-06 19:29:17:553,-0.0886,-0.1758,9.7059,-0.0044,-0.0004,9.8066,-0.0145,0.002,-0.0032,10.19,-36.31,9.06,76.21,-84.38,-166.67
52.420715,-1.53828,177.85,6.11,3,253.6,21 / 21,551909,2019-09-06 19:29:17:652,-0.1039,-0.1582,9.791,0.0014,0.0024,9.8066,0.004,0.0218,0.0068,10.13,-36.37,9.63,72.51,-84.39,-166.37
52.420715,-1.53828,177.85,6.11,3,253.6,21 / 21,552010,2019-09-06 19:29:17:753,-0.1264,-0.2596,9.957,-0.0008,0.0014,9.8066,-0.0016,0.012,0.0055,10.56,-37.25,9.25,79.05,-84.42,-166.16
52.420715,-1.53828,177.85,6.11,3,253.6,21 / 21,552110,2019-09-06 19:29:17:853,0.0461,-0.1759,9.7528,0.0037,0.0042,9.8066,0.0013,-0.0005,0.0012,10.25,-37.12,9.88,73.4,-84.44,-165.79
52.420715,-1.53828,177.85,6.11,3,253.6,21 / 21,552209,2019-09-06 19:29:17:952,-0.1292,-0.1002,9.7873,0.0046,0.0039,9.8066,0.0055,-0.0156,-0.001,9.69,-37.12,9.25,77.58,-84.49,-165.51
52.420715,-1.53828,177.85,6.11,3,253.6,21 / 21,552310,2019-09-06 19:29:18:053,-0.1447,-0.2258,9.9338,0.0031,0.0055,9.8066,-0.0085,-0.0016,-0.0059,9.94,-36.94,9.31,77.94,-84.5,-165.14
52.420715,-1.53828,177.85,6.11,3,253.6,21 / 21,552409,2019-09-06 19:29:18:152,0.1137,-0.1409,9.8461,-0.0006,0.0028,9.8066,-0.0032,0.002,0.0053,10.19,-36.37,10,73.59,-84.53,-165
52.420715,-1.53828,177.85,6.11,3,253.6,21 / 21,552510,2019-09-06 19:29:18:253,-0.2279,-0.2344,9.7841,0.0009,0.0028,9.8066,0.0007,0.0136,0.0065,9.88,-36.5,9.63,74.16,-84.54,-164.44
52.420715,-1.53828,177.85,6.11,3,253.6,21 / 21,552610,2019-09-06 19:29:18:353,-0.1725,-0.1304,9.8878,-0.0009,0.0019,9.8066,0.0159,-0.0166,0.013,9.69,-36.56,9.56,74.83,-84.57,-164.11
52.420715,-1.53828,177.85,6.11,3,253.6,21 / 21,552709,2019-09-06 19:29:18:452,0.0259,-0.2505,9.8681,-0.0031,0.0024,9.8066,0.0019,-0.0065,-0.0161,9.56,-35.94,9.31,78.86,-84.57,-163.66
52.420715,-1.53828,177.85,6.11,3,253.6,21 / 21,552810,2019-09-06 19:29:18:553,-0.253,-0.2852,9.8436,0.0044,0.0024,9.8066,0.0194,0.0058,0.016,10.44,-36.81,9.38,79.5,-84.63,-163.29
52.420715,-1.53828,177.85,6.11,3,253.6,21 / 21,552909,2019-09-06 19:29:18:652,-0.1462,-0.1121,9.7112,-0.0004,0.004,9.8066,-0.0185,0.0088,-0.0159,10.44,-36.56,9.5,75.95,-84.64,-162.89
52.420715,-1.53828,177.85,6.11,3,253.6,21 / 21,553009,2019-09-06 19:29:18:752,-0.1714,-0.2167,9.8483,0.0058,0.0045,9.8065,-0.0002,-0.0033,0.0114,9.5,-37,9.19,80.23,-84.65,-162.53
52.420715,-1.53828,177.85,6.11,3,253.6,21 / 21,553111,2019-09-06 19:29:18:854,0.007,-0.2238,9.898,0.0041,0.0059,9.8066,-0.0177,-0.0044,-0.0193,9.81,-36.75,9.88,76.81,-84.72,-161.84
52.420715,-1.53828,177.85,6.11,3,253.6,21 / 21,553209,2019-09-06 19:29:18:952,-0.0637,-0.3843,9.8268,0.0019,0.0012,9.8066,0.101,0.0142,-0.0116,9.69,-36.81,9.19,81.14,-84.75,-161.37
52.420715,-1.53828,177.85,6.11,3,253.6,21 / 21,553312,2019-09-06 19:29:19:055,-0.4594,-0.3313,10.0822,0.0448,0.0256,9.8064,0.1183,-0.0013,-0.0209,10.13,-36.06,9.06,81.05,-84.9,-160.64
52.420715,-1.53828,177.85,6.11,3,253.6,20 / 20,553410,2019-09-06 19:29:19:153,-0.6829,-0.5608,10.0102,0.0295,0.0181,9.8066,-0.1,0.0007,0.0011,9.75,-36.5,9.06,81.28,-84.86,-160.55
52.420715,-1.53828,177.85,6.11,3,253.6,20 / 20,553510,2019-09-06 19:29:19:253,0.4145,-0.1427,9.8335,-0.0163,-0.0083,9.8066,-0.0922,0.0155,-0.0071,10.38,-36.37,8.94,81.48,-84.77,-160.59
52.420715,-1.53828,177.85,6.11,3,253.6,20 / 20,553609,2019-09-06 19:29:19:352,-0.1731,-0.2379,9.8535,-0.0118,-0.0063,9.8066,-0.0256,-0.0072,-0.0181,10.06,-37.06,9.5,77.94,-84.81,-160.55
52.420715,-1.53828,177.85,6.11,3,253.6,20 / 20,553710,2019-09-06 19:29:19:453,-0.1825,-0.2454,9.6865,0.0084,0.0086,9.8066,-0.0097,0.0103,0.0184,9.56,-37.12,9.38,82.21,-84.82,-160.12
52.420715,-1.53828,177.85,6.11,3,253.6,20 / 20,553809,2019-09-06 19:29:19:552,-0.2078,-0.0542,9.7033,0.0071,0.0033,9.8066,-0.0019,0.0292,-0.0127,10.25,-37.31,9.69,78.68,-84.9,-159.61
52.420715,-1.53828,177.85,6.11,3,253.6,20 / 20,553910,2019-09-06 19:29:19:653,0.1453,-0.3161,10.1034,0.0012,0.0012,9.8066,0.0328,-0.0243,0.0077,10.44,-37,9.25,82.57,-84.9,-159.55
52.420715,-1.53828,177.85,6.11,3,253.6,20 / 20,554015,2019-09-06 19:29:19:758,0.1453,-0.3161,10.1034,0.0012,0.0012,9.8066,0.0328,-0.0243,0.0077,10.44,-37,9.25,82.57,-84.9,-159.55
52.420715,-1.53828,177.85,6.11,3,253.6,20 / 20,554110,2019-09-06 19:29:19:853,-0.2368,-0.336,9.918,0.0011,0.0057,9.8066,0.043,0.0155,0.0021,10.44,-36.69,8.69,82.84,-84.9,-159.29
52.420715,-1.53828,177.85,6.11,3,253.6,20 / 20,554209,2019-09-06 19:29:19:952,-0.2353,-0.2382,9.7301,0.0104,0.0036,9.8066,0.0256,-0.0146,0.0062,10.31,-35.87,9,82.79,-84.93,-158.88
52.420715,-1.53828,177.85,6.11,3,253.6,20 / 20,554310,2019-09-06 19:29:20:053,-0.6963,-0.6687,9.8157,0.0065,0.0058,9.8066,-0.014,-0.0061,-0.0208,10.13,-36.25,9.69,79.11,-84.94,-158.73
52.420715,-1.53828,177.85,6.11,3,253.6,20 / 20,554409,2019-09-06 19:29:20:152,-0.1007,-0.3979,9.9431,-0.0036,-0.0027,9.8066,-0.0191,0.0035,0.001,10.13,-37.25,9.44,83.64,-84.94,-158.41
52.420715,-1.53828,177.85,6.11,3,253.6,20 / 20,554509,2019-09-06 19:29:20:252,-0.4648,-0.6377,9.7874,-0.0032,0.0011,9.8066,-0.0121,-0.0043,0.0239,9.63,-36.44,10.5,76.08,-84.94,-158.25
52.420715,-1.53828,177.85,6.11,3,253.6,20 / 20,554609,2019-09-06 19:29:20:352,-0.5414,-0.3836,9.8299,-0.0016,0.0044,9.8066,0.0025,-0.0428,-0.0075,9.81,-36.75,10.25,80.85,-84.94,-157.42
52.420715,-1.53828,177.85,6.11,3,253.6,20 / 20,554709,2019-09-06 19:29:20:452,-0.6486,-0.313,9.629,-0.0062,0.0011,9.8066,0.0859,-0.0015,-0.0021,10.06,-36.19,11.5,74.18,-84.9,-157.1
52.420715,-1.53828,177.85,6.11,3,253.6,20 / 20,554810,2019-09-06 19:29:20:553,-0.7665,0.2187,9.7063,0.0193,0.0189,9.8065,-0.0522,0.0133,-0.0713,9.5,-36.25,11.44,78.33,-84.89,-156.24
52.420715,-1.53828,177.85,6.11,3,253.6,20 / 20,554910,2019-09-06 19:29:20:653,-0.0253,-0.5545,9.4976,0.0028,0.0054,9.8066,0.0991,-0.0853,0.0427,9.5,-36,11.5,75.48,-84.95,-155.74
52.420715,-1.53828,177.85,6.11,3,253.6,20 / 20,555010,2019-09-06 19:29:20:753,-0.8808,-0.3158,10.2427,-0.0077,0.0061,9.8066,0.0244,-0.014,-0.0211,10,-36.06,10.19,83.85,-84.85,-154.36
52.420715,-1.53828,177.85,6.11,3,253.6,20 / 20,555110,2019-09-06 19:29:20:853,-1.2099,-0.3671,9.9735,0.0142,0.0264,9.8066,-0.0416,0.0167,-0.0273,9.75,-36.06,10.88,82.06,-85.04,-152.25
52.420715,-1.53828,177.85,6.11,3,253.6,20 / 20,555209,2019-09-06 19:29:20:952,-1.1733,-0.7687,9.7234,0.0009,0.0221,9.8066,0.0299,-0.13,0.0477,9.5,-36.94,10.94,81.84,-85.08,-152.71
52.420715,-1.53828,177.85,6.11,3,253.6,20 / 20,555310,2019-09-06 19:29:21:053,-1.6295,-0.7147,9.9794,0.0126,0.028,9.8065,-0.0804,-0.1003,0.0531,9.63,-36.69,10.63,85.73,-85.04,-149
52.420715,-1.53828,177.85,6.11,3,253.6,20 / 20,555410,2019-09-06 19:29:21:153,-2.9285,-0.4954,10.4879,-0.0566,-0.0119,9.8064,-0.0133,-0.0618,0.0057,9.19,-37.25,10.25,89.11,-84.74,-147.55
52.420715,-1.53828,177.85,6.11,3,253.6,20 / 20,555509,2019-09-06 19:29:21:252,-2.1899,-0.7294,9.8492,0.0352,0.0306,9.8065,0.1653,-0.2263,-0.0217,9.5,-37.25,9.81,93.98,-85.33,-143.33
52.420715,-1.53828,177.85,6.11,3,253.6,20 / 20,555609,2019-09-06 19:29:21:352,-2.7814,-0.1877,9.6718,-0.0686,-0.0769,9.8061,0.0712,-0.1963,0.004,9.44,-36.75,9.44,90.82,-84.45,-150.58
52.420715,-1.53828,177.85,6.11,3,253.6,20 / 20,555709,2019-09-06 19:29:21:452,-1.8742,0.6275,9.7682,0.013,0.0104,9.8066,0.0537,-0.2386,-0.0286,9.88,-36.94,8.81,92.96,-84.19,-151.26
52.420715,-1.53828,177.85,6.11,3,253.6,20 / 20,555810,2019-09-06 19:29:21:553,-2.542,-0.11,10.0273,-0.0105,0.0105,9.8065,0.0636,-0.3033,-0.0148,9.63,-37.06,8.25,96.64,-84.16,-151.74
52.420715,-1.53828,177.85,6.11,3,253.6,20 / 20,555910,2019-09-06 19:29:21:653,-2.2497,-0.3557,10.0979,-0.0272,-0.0036,9.8066,-0.0648,-0.3294,0.0475,8.81,-36.94,7.69,95.54,-84.06,-151.36
52.420715,-1.53828,177.85,6.11,3,253.6,20 / 20,556009,2019-09-06 19:29:21:752,-1.9971,0.1277,9.6951,-0.0301,0.0001,9.8065,-0.0519,-0.3417,0.0772,9,-38.06,6.88,101.59,-83.74,-151.45
52.420715,-1.53828,177.85,6.11,3,253.6,20 / 20,556109,2019-09-06 19:29:21:852,-0.8861,1.0939,9.8779,-0.046,0.0046,9.8065,-0.0437,-0.3862,0.1035,9.19,-37.06,6.19,107.34,-83.46,-150.84
52.420715,-1.53828,177.85,6.11,3,253.6,20 / 20,556209,2019-09-06 19:29:21:952,-1.8443,0.7722,9.8194,-0.003,0.0127,9.8065,0.0308,-0.4054,0.0665,8.06,-37.44,5.81,108.25,-83.19,-149.57
52.420715,-1.53828,177.85,6.11,3,253.6,20 / 20,556311,2019-09-06 19:29:22:054,-1.4412,1.1697,10.1808,0.0032,0.0095,9.8066,0.0419,-0.4194,0.0648,7.94,-37.12,5.13,114.4,-83.04,-149.25
52.420715,-1.53828,177.85,6.11,3,253.6,20 / 20,556409,2019-09-06 19:29:22:152,-1.3958,1.0495,10.1314,-0.0272,0,9.8065,0.0305,-0.4497,0.0687,7.88,-37.56,5,115.51,-82.93,-149.08
52.420715,-1.53828,177.85,6.11,3,253.6,20 / 20,556510,2019-09-06 19:29:22:253,-1.2392,1.479,9.9287,-0.0118,0.009,9.8066,-0.0572,-0.4801,0.0839,7.5,-37.5,3.06,126.27,-82.68,-149.52
52.420715,-1.53828,177.85,6.11,3,253.6,20 / 20,556610,2019-09-06 19:29:22:353,-0.6676,1.5035,9.6828,-0.0079,0.0083,9.8066,-0.0751,-0.4961,0.0617,6.88,-38.25,2.38,134.15,-82.46,-149.24
52.420715,-1.53828,177.85,6.11,3,253.6,20 / 20,556709,2019-09-06 19:29:22:452,-0.4824,1.4398,9.8958,-0.0109,0.0105,9.8066,0.0118,-0.5348,0.0846,6.75,-38,1.69,134.55,-82.36,-149.02
52.420715,-1.53828,177.85,6.11,3,253.6,20 / 20,556810,2019-09-06 19:29:22:553,-0.4033,2.4347,10.0725,-0.0041,0.0022,9.8066,0.0011,-0.569,0.075,5.56,-38.37,0.5,142.37,-82.24,-149.01
52.420715,-1.53828,177.85,6.11,3,253.6,20 / 20,556909,2019-09-06 19:29:22:652,0.2526,1.5397,9.8956,-0.0133,0.0031,9.8066,-0.0132,-0.5566,0.0649,6,-38.62,0,148.23,-82.13,-149.56
52.420715,-1.53828,177.85,6.11,3,253.6,20 / 20,557010,2019-09-06 19:29:22:753,0.5897,1.5209,10.0517,-0.0047,0.0015,9.8066,-0.0074,-0.5651,0.0593,4.06,-38.25,-0.44,154.28,-82.08,-150.22
52.420715,-1.53828,177.85,6.11,3,253.6,20 / 20,557109,2019-09-06 19:29:22:852,0.8613,1.1134,9.5801,-0.0008,0.0042,9.8065,-0.0586,-0.584,0.0828,3.94,-38.44,-1.75,164.37,-81.94,-150.79
52.420715,-1.53828,177.85,6.11,3,253.6,20 / 20,557209,2019-09-06 19:29:22:952,1.2525,1.3249,10.1009,-0.0013,0.0083,9.8066,-0.0157,-0.5673,0.0719,3.5,-38.06,-3.31,168.5,-81.87,-150.64
52.420715,-1.53828,177.85,6.11,3,253.6,20 / 20,557309,2019-09-06 19:29:23:052,1.2637,1.0708,9.9697,-0.0107,-0.0086,9.8066,-0.0593,-0.5527,0.0355,2.75,-38.44,-3.37,172.95,-81.75,-151.05
52.420727,-1.538457,177.79,3.19,3,319.37,20 / 20,557410,2019-09-06 19:29:23:153,1.0615,0.4994,9.8847,-0.02,-0.0009,9.8066,0.0483,-0.5394,0.039,2.44,-37.87,-3.69,180.53,-81.84,-152.28
52.420727,-1.538457,177.79,3.19,3,319.37,20 / 20,557509,2019-09-06 19:29:23:252,0.0549,1.2377,9.8109,-0.0257,0.0077,9.8066,-0.0396,-0.5203,0.0482,1.06,-38.75,-5,186.45,-81.81,-155.28
52.420727,-1.538457,177.79,3.19,3,319.37,20 / 20,557609,2019-09-06 19:29:23:352,0.1721,0.0482,9.8175,-0.0082,0.0092,9.8066,-0.0568,-0.4539,0.0476,0.5,-38.37,-4.75,185.9,-81.76,-156.55
52.420727,-1.538457,177.79,3.19,3,319.37,20 / 20,557709,2019-09-06 19:29:23:452,0.2646,1.311,9.9048,0.0138,0.0426,9.8065,0.1556,-0.453,0.1265,-0.06,-38.37,-5.44,191.12,-81.48,-156.46
52.420727,-1.538457,177.79,3.19,3,319.37,20 / 20,557810,2019-09-06 19:29:23:553,0.2821,1.4706,9.4769,-0.003,-0.0103,9.8066,0.0586,-0.3674,-0.0203,-0.44,-38.5,-4.87,191.08,-81.04,-155.9
52.420727,-1.538457,177.79,3.19,3,319.37,20 / 20,557909,2019-09-06 19:29:23:652,1.1688,-0.0642,9.1815,-0.0199,0.0281,9.8065,0.1257,-0.4069,-0.0159,-1.62,-38.56,-5.87,200.24,-80.79,-158.44
52.420727,-1.538457,177.79,3.19,3,319.37,20 / 20,558010,2019-09-06 19:29:23:753,0.581,0.5291,9.2734,-0.0401,-0.0089,9.8065,0.213,-0.3992,-0.0091,-2.06,-38.31,-5.75,199.26,-80.5,-160.29
52.420727,-1.538457,177.79,3.19,3,319.37,20 / 20,558109,2019-09-06 19:29:23:852,-0.2278,1.6706,9.3567,-0.0367,-0.0113,9.8065,-0.0712,-0.2619,-0.0273,-1.81,-37.62,-5.12,197.16,-80.51,-164.75
52.420727,-1.538457,177.79,3.19,3,319.37,20 / 20,558209,2019-09-06 19:29:23:952,-0.8278,0.8901,9.8401,-0.012,0.0496,9.8065,-0.0465,-0.2169,0.0128,-2.75,-38.5,-5.75,199.9,-80.16,-167.66
52.420727,-1.538457,177.79,3.19,3,319.37,20 / 20,558309,2019-09-06 19:29:24:052,-0.0057,1.0908,10.4932,0.0072,0.0237,9.8065,-0.0736,-0.2553,0.0605,-2.37,-38.94,-5.31,195.27,-80.15,-167.69
52.420727,-1.538457,177.79,3.19,3,319.37,20 / 20,558410,2019-09-06 19:29:24:153,0.0913,0.7365,10.3807,0.0068,-0.051,9.8064,0.0011,-0.1284,0.055,-3,-38.06,-5.5,202.18,-80.64,-165.43
52.420727,-1.538457,177.79,3.19,3,319.37,20 / 20,558509,2019-09-06 19:29:24:252,1.0373,0.6947,9.6206,0.0009,-0.0378,9.8065,0.0033,-0.1027,-0.0209,-3.5,-38,-5.87,202.09,-80.77,-164.72
52.420727,-1.538457,177.79,3.19,3,319.37,20 / 20,558610,2019-09-06 19:29:24:353,-0.8241,-0.0625,9.049,-0.0174,-0.0094,9.8066,0.1296,-0.1129,0.0038,-3.31,-38.06,-6.12,201.82,-80.76,-165.2
52.420727,-1.538457,177.79,3.19,3,319.37,20 / 20,558710,2019-09-06 19:29:24:453,-0.0868,1.4454,9.7635,-0.0044,0.0429,9.8065,-0.1123,-0.0953,-0.0188,-3.37,-38.37,-6.25,201.1,-80.76,-166.56
52.420727,-1.538457,177.79,3.19,3,319.37,20 / 20,558809,2019-09-06 19:29:24:552,-0.347,1.0606,9.6245,-0.0164,0.0359,9.8065,-0.1741,-0.0563,-0.0283,-3.31,-38,-5.94,199.82,-80.55,-168.57
52.420727,-1.538457,177.79,3.19,3,319.37,20 / 20,558909,2019-09-06 19:29:24:652,-0.5379,0.1786,10.0355,0.0063,0.0435,9.8065,0.0886,-0.0299,-0.0044,-3.44,-37.81,-5.87,199.67,-80.64,-169.05
52.420727,-1.538457,177.79,3.19,3,319.37,20 / 20,559010,2019-09-06 19:29:24:753,0.2145,0.13,10.189,-0.0088,-0.0517,9.8064,0.0231,-0.0836,0.0544,-3.87,-38.19,-6.62,204.3,-81.09,-168.2
52.420727,-1.538457,177.79,3.19,3,319.37,20 / 20,559109,2019-09-06 19:29:24:852,-0.7481,1.2938,10.1347,0.0091,0.0364,9.8065,0.0862,-0.043,0.0463,-3.81,-37.87,-6.31,205.63,-81.07,-167.55
52.420727,-1.538457,177.79,3.19,3,319.37,20 / 20,559210,2019-09-06 19:29:24:953,0.091,1.3272,9.877,0.0105,0.0185,9.8065,0.0654,0.0061,0.002,-4.06,-37.44,-5.75,205.8,-80.91,-167.47
52.420727,-1.538457,177.79,3.19,3,319.37,20 / 20,559309,2019-09-06 19:29:25:052,-0.7674,0.4864,9.6496,-0.0011,0.012,9.8066,-0.0389,0.053,0.0188,-3.5,-37.94,-5.94,200.36,-80.76,-167.96
52.420727,-1.538457,177.79,3.19,3,319.37,20 / 20,559410,2019-09-06 19:29:25:153,-0.0378,0.8283,9.6389,0.0018,0.0168,9.8066,-0.0136,0.0842,-0.0928,-3.62,-37.94,-6.87,204.08,-80.78,-167.95
52.420727,-1.538457,177.79,3.19,3,319.37,20 / 20,559509,2019-09-06 19:29:25:252,-1.1126,0.2652,9.8963,-0.0178,-0.0222,9.8065,-0.0206,0.0681,-0.0157,-3.31,-37.37,-6.81,199.86,-80.89,-168.41
52.420727,-1.538457,177.79,3.19,3,319.37,20 / 20,559609,2019-09-06 19:29:25:352,-1.2817,0.5031,9.6829,-0.0025,-0.0263,9.8066,-0.0182,0.0587,0.0198,-3.5,-37.5,-6.56,199.94,-81.2,-168.78
52.420727,-1.538457,177.79,3.19,3,319.37,20 / 20,559710,2019-09-06 19:29:25:453,-1.2871,0.8503,9.8659,-0.0024,0.0049,9.8066,-0.0609,0.1358,-0.0554,-3.5,-38.06,-6.75,199.86,-81.22,-168.53
52.420727,-1.538457,177.79,3.19,3,319.37,20 / 20,559809,2019-09-06 19:29:25:552,-1.3526,0.3157,9.2051,-0.0115,0.0114,9.8066,0.072,0.1181,-0.0119,-2.62,-37.44,-6.69,199.76,-81.34,-169.3
52.420727,-1.538457,177.79,3.19,3,319.37,20 / 20,559910,2019-09-06 19:29:25:653,-1.9821,0.7933,9.322,-0.0028,-0.0239,9.8066,0.0206,0.1767,-0.0453,-2.19,-38.06,-6.37,195.61,-81.47,-169.1
52.420727,-1.538457,177.79,3.19,3,319.37,20 / 20,560010,2019-09-06 19:29:25:753,-1.0888,0.7,9.7872,-0.0029,-0.0237,9.8065,-0.043,0.1408,-0.0061,-1.37,-37.44,-6.75,190.64,-81.57,-169.45
52.420727,-1.538457,177.79,3.19,3,319.37,20 / 20,560110,2019-09-06 19:29:25:853,-0.7833,0.6066,9.8702,-0.002,-0.0002,9.8066,-0.0301,0.17,-0.0738,-1.12,-37.31,-6.62,191.16,-81.61,-168.58
52.420727,-1.538457,177.79,3.19,3,319.37,20 / 20,560214,2019-09-06 19:29:25:957,-1.9287,-0.0021,9.8474,-0.0084,-0.0088,9.8066,-0.0344,0.1301,0.019,-1.31,-37.81,-6.56,190.66,-81.73,-169.35
52.420727,-1.538457,177.79,3.19,3,319.37,20 / 20,560310,2019-09-06 19:29:26:053,-0.5306,-0.1305,10.0881,0.0019,0.0069,9.8066,-0.0086,0.1202,-0.0297,-0.94,-36.62,-6.81,191.22,-81.68,-168.55
52.420727,-1.538457,177.79,3.19,3,319.37,20 / 20,560410,2019-09-06 19:29:26:153,-1.4092,0.2198,9.6624,-0.0063,0.008,9.8066,0.0321,0.1205,0.0197,-0.69,-37.12,-6.06,190.83,-81.62,-169.15
52.420727,-1.538457,177.79,3.19,3,319.37,20 / 20,560509,2019-09-06 19:29:26:252,-0.6764,0.3992,9.8059,0.0049,0.0115,9.8066,0.042,0.1483,-0.0392,0.44,-36.69,-5.87,185.92,-81.42,-168.69
52.420727,-1.538457,177.79,3.19,3,319.37,20 / 20,560610,2019-09-06 19:29:26:353,-0.7463,0.3981,9.9631,0.0011,0.0064,9.8066,-0.0704,0.1777,-0.0503,0.19,-36.37,-6.62,186.33,-81.34,-168.85
52.420727,-1.538457,177.79,3.19,3,319.37,20 / 20,560710,2019-09-06 19:29:26:453,-1.0474,-0.3924,9.5952,-0.0025,0.0182,9.8065,-0.0753,0.1044,0.016,0.38,-35.75,-6.69,186.31,-81.36,-168.9
52.420727,-1.538457,177.79,3.19,3,319.37,20 / 20,560810,2019-09-06 19:29:26:553,-1.6513,0.5316,9.5225,0.0008,0.012,9.8066,0.0223,0.0989,0.001,-0.31,-36.44,-7.06,186.39,-81.29,-168.72
52.420727,-1.538457,177.79,3.19,3,319.37,20 / 20,560910,2019-09-06 19:29:26:653,-1.6104,-0.5792,9.8612,-0.0061,-0.0036,9.8066,-0.1079,0.1544,-0.0804,-0.56,-36.06,-7.19,190.8,-81.45,-169.29
52.420727,-1.538457,177.79,3.19,3,319.37,20 / 20,561009,2019-09-06 19:29:26:752,-2.364,-0.7696,9.5374,-0.0043,0.0071,9.8066,-0.0919,0.1167,0.0126,-1.06,-35.69,-5.94,190.51,-81.5,-169.89
52.420727,-1.538457,177.79,3.19,3,319.37,20 / 20,561109,2019-09-06 19:29:26:852,-0.7422,-0.771,9.8991,0.0004,-0.019,9.8066,0.112,0.1304,-0.0773,-1,-35.5,-5.44,191.04,-81.67,-169.39
52.420727,-1.538457,177.79,3.19,3,319.37,20 / 20,561210,2019-09-06 19:29:26:953,-1.4442,-0.516,10.0434,-0.0109,-0.0341,9.8065,-0.0628,0.1279,-0.0006,-1.37,-34.75,-5.25,190.79,-81.77,-170.03
52.420727,-1.538457,177.79,3.19,3,319.37,20 / 20,561309,2019-09-06 19:29:27:052,-1.4877,-0.4997,10.4875,0.0045,0.025,9.8065,-0.032,0.0916,-0.0369,-1.62,-34.62,-5.44,196.53,-81.71,-169.95
52.420727,-1.538457,177.79,3.19,3,319.37,20 / 20,561410,2019-09-06 19:29:27:153,-0.4983,0.3136,9.9212,-0.0109,-0.0223,9.8065,-0.0124,0.0673,-0.0263,-2.31,-34.44,-5.44,196.63,-81.69,-170.17
52.420727,-1.538457,177.79,3.19,3,319.37,20 / 20,561509,2019-09-06 19:29:27:252,-1.2812,0.1124,9.9385,-0.0014,0.0242,9.8065,-0.0147,0.077,-0.0457,-1.06,-34.62,-5,190.38,-81.47,-170.47
52.420727,-1.538457,177.79,3.19,3,319.37,20 / 20,561609,2019-09-06 19:29:27:352,-0.8085,-0.1219,9.5998,-0.0043,0.0242,9.8065,0.0096,0.0831,-0.0382,-0.31,-34.56,-5.25,184.46,-81.47,-170.97
52.420727,-1.538457,177.79,3.19,3,319.37,20 / 20,561709,2019-09-06 19:29:27:452,-0.4992,0.9794,9.6723,-0.0016,0.002,9.8066,-0.0521,0.0722,-0.0091,1,-34.44,-5.81,179.82,-81.43,-170.87
52.420727,-1.538457,177.79,3.19,3,319.37,20 / 20,561809,2019-09-06 19:29:27:552,-0.9072,-0.1477,9.2461,-0.0052,0.0019,9.8066,-0.099,0.0614,-0.0197,2.5,-34.37,-6,169.76,-81.43,-171.28
52.420727,-1.538457,177.79,3.19,3,319.37,20 / 20,561909,2019-09-06 19:29:27:652,0.0594,1.4671,10.3948,-0.0092,-0.028,9.8066,0.1544,-0.0364,0.0339,2.13,-35.19,-7.19,175.55,-81.39,-171.65
52.420727,-1.538457,177.79,3.19,3,319.37,20 / 20,562009,2019-09-06 19:29:27:752,-1.3691,0.0946,9.8035,-0.0011,-0.0117,9.8066,-0.1136,0.0242,0.0194,2.81,-35.12,-7.12,170.6,-81.56,-172.42
52.420727,-1.538457,177.79,3.19,3,319.37,20 / 20,562110,2019-09-06 19:29:27:853,-0.3986,0.28,9.9449,-0.0048,0.0196,9.8066,-0.0911,0.0865,-0.0499,2.38,-35.44,-6.69,174.83,-81.45,-172.86
52.420727,-1.538457,177.79,3.19,3,319.37,20 / 20,562210,2019-09-06 19:29:27:953,-0.1521,-0.1732,10.1274,-0.0176,0.0266,9.8066,0.1346,0.0177,0.0212,2,-35.75,-6.19,173.41,-81.45,-173.65
52.420727,-1.538457,177.79,3.19,3,319.37,20 / 20,562309,2019-09-06 19:29:28:052,-0.6169,0.7461,10.0206,0.0117,-0.0269,9.8065,0.025,0.0528,-0.0079,2.75,-35.81,-6.37,168.66,-81.59,-173.53
52.420727,-1.538457,177.79,3.19,3,319.37,20 / 20,562410,2019-09-06 19:29:28:153,-0.6882,0.1768,9.8241,-0.0134,-0.0026,9.8066,0.0752,0.05,-0.0035,1.69,-35.62,-6.31,173.28,-81.57,-173.81
52.420727,-1.538457,177.79,3.19,3,319.37,20 / 20,562510,2019-09-06 19:29:28:253,-0.2087,0.8505,9.9413,0.0051,-0.016,9.8065,0.1232,-0.0079,-0.0315,2.38,-34.87,-6.94,173.56,-81.56,-174.97
52.420727,-1.538457,177.79,3.19,3,319.37,20 / 20,562610,2019-09-06 19:29:28:353,-0.8961,0.0898,9.7609,-0.0029,-0.0174,9.8065,-0.0546,-0.0045,0.023,2.88,-35.19,-7,169.11,-81.53,-174.93
52.420727,-1.538457,177.79,3.19,3,319.37,20 / 20,562709,2019-09-06 19:29:28:452,-1.2548,-0.293,9.7628,-0.0161,0.0138,9.8065,0.0398,-0.0109,-0.0271,2.06,-35.19,-5.75,171.67,-81.41,-176.68
52.420727,-1.538457,177.79,3.19,3,319.37,20 / 20,562810,2019-09-06 19:29:28:553,-0.2843,-0.77,9.4759,-0.0133,0.0223,9.8065,0.0109,-0.0059,0.0041,2.31,-35.37,-5.31,170.4,-81.31,-177.11
52.420727,-1.538457,177.79,3.19,3,319.37,20 / 20,562909,2019-09-06 19:29:28:652,0.0157,-1.0162,10.2134,0.0071,-0.0143,9.8066,0.0156,0.0324,-0.0603,2.56,-35.31,-3.94,163.16,-81.3,-177.67
52.420727,-1.538457,177.79,3.19,3,319.37,20 / 20,563010,2019-09-06 19:29:28:753,-0.4802,-0.3437,10.4008,0.0091,-0.031,9.8065,0.0347,0.0182,-0.0295,3.44,-36.12,-3.62,163.06,-81.36,-178.28
52.420727,-1.538457,177.79,3.19,3,319.37,20 / 20,563109,2019-09-06 19:29:28:852,0.2007,0.2469,10.0782,-0.0231,0.0329,9.8066,0.0612,-0.0654,0.0411,3.81,-36.19,-3.87,157.65,-81.1,-179.13
52.420727,-1.538457,177.79,3.19,3,319.37,20 / 20,563209,2019-09-06 19:29:28:952,0.0185,-0.0734,9.7196,-0.014,0.0293,9.8066,0.051,-0.0271,-0.0082,3.63,-36.19,-4.75,159.65,-81.03,-179.25
52.420727,-1.538457,177.79,3.19,3,319.37,20 / 20,563310,2019-09-06 19:29:29:053,-0.4982,-0.4793,10.0097,0.0076,-0.0206,9.8066,0.0626,-0.006,0.0342,2.94,-36.19,-5.75,165.95,-80.96,-179.13
52.420727,-1.538457,177.79,3.19,3,319.37,20 / 20,563410,2019-09-06 19:29:29:153,0.186,0.8298,10.1151,0.0121,-0.0274,9.8065,-0.0793,0.0268,0.0104,2.44,-36.12,-5.12,170.01,-81.06,-178.47
52.420727,-1.538457,177.79,3.19,3,319.37,20 / 20,563509,2019-09-06 19:29:29:252,-1.0664,-0.8029,9.7697,0.0038,0.0141,9.8066,-0.1019,0.0331,-0.0012,1.13,-35.94,-6.19,176.51,-80.97,-177.23
52.420727,-1.538457,177.79,3.19,3,319.37,20 / 20,563610,2019-09-06 19:29:29:353,-0.5539,-0.2598,9.8598,0.0085,0.0033,9.8066,0.0289,-0.0123,0.0347,0.44,-36.87,-5.75,181.81,-80.94,-176.46
52.420727,-1.538457,177.79,3.19,3,319.37,20 / 20,563710,2019-09-06 19:29:29:453,0.4244,-0.1888,9.5027,0.0061,-0.0059,9.8066,-0.0612,-0.04,0.0494,0.69,-37.06,-5.87,177.43,-80.77,-175.58
52.420727,-1.538457,177.79,3.19,3,319.37,20 / 20,563810,2019-09-06 19:29:29:553,-0.8198,1.9368,9.1374,0.0154,0.0169,9.8066,-0.0693,-0.0368,0.0693,1.56,-37.25,-5.37,172.1,-80.58,-174.89
52.420727,-1.538457,177.79,3.19,3,319.37,20 / 20,563910,2019-09-06 19:29:29:653,-0.8585,0.9018,8.6696,0.013,0.0606,9.8064,-0.1962,0.0555,-0.0357,1.25,-37.94,-5.81,178.87,-80.63,-172.8
52.420727,-1.538457,177.79,3.19,3,319.37,20 / 20,564010,2019-09-06 19:29:29:753,-0.7842,-0.6454,8.4534,-0.0386,0.0114,9.8065,-0.0696,-0.0819,-0.0509,2.06,-36.44,-5.5,172.8,-80.6,-173.17
52.420727,-1.538457,177.79,3.19,3,319.37,20 / 20,564110,2019-09-06 19:29:29:853,0.0951,0.1438,9.9545,0.0052,-0.059,9.8064,-0.1929,-0.0011,-0.1127,3.06,-36.75,-5,167.35,-81.35,-173.62
52.420727,-1.538457,177.79,3.19,3,319.37,20 / 20,564210,2019-09-06 19:29:29:953,-0.1056,-0.4859,10.3512,-0.012,0.0172,9.8066,-0.0497,-0.0415,0.0362,2.5,-35.62,-4.69,166.74,-81.47,-174.29
52.420727,-1.538457,177.79,3.19,3,319.37,20 / 20,564310,2019-09-06 19:29:30:053,0.3523,0.6086,9.7519,-0.0216,0.0197,9.8066,0.1794,0.0034,-0.0056,2,-36.25,-5,171.29,-81.1,-175.81
52.420727,-1.538457,177.79,3.19,3,319.37,20 / 20,564409,2019-09-06 19:29:30:152,0.0948,0.1942,9.6592,-0.0227,0.034,9.8065,0.0435,0.0625,-0.1485,2.56,-35.87,-5.06,166.01,-80.63,-176.93
52.420727,-1.538457,177.79,3.19,3,319.37,20 / 20,564510,2019-09-06 19:29:30:253,-0.6618,0.3119,9.7337,0.0059,-0.0363,9.8065,0.0131,-0.0605,0.1026,2.94,-34.81,-5.81,166.78,-80.5,-177.85
52.420727,-1.538457,177.79,3.19,3,319.37,20 / 20,564609,2019-09-06 19:29:30:352,0.3351,-0.2039,10.1465,0.017,-0.0301,9.8065,-0.0497,0.0186,-0.0367,3.56,-34.31,-6.31,162.02,-80.99,-177.27
52.420727,-1.538457,177.79,3.19,3,319.37,20 / 20,564709,2019-09-06 19:29:30:452,-1.1881,-1.277,9.9248,0.0028,0.0183,9.8066,-0.032,0.0252,-0.0808,3.5,-34.44,-5.69,161.95,-81.17,-177.14
52.420727,-1.538457,177.79,3.19,3,319.37,20 / 20,564809,2019-09-06 19:29:30:552,-0.1839,0.3007,9.8797,-0.0154,0.0115,9.8065,0.0121,0.0159,0.0983,2.19,-34.75,-5.94,171.44,-81.13,-177.32
52.420727,-1.538457,177.79,3.19,3,319.37,20 / 20,564910,2019-09-06 19:29:30:653,-0.5886,0.1044,9.9342,0.0113,0.0153,9.8066,-0.0323,0.0951,-0.0412,2,-34.56,-6.06,171.9,-80.97,-176.6
52.420727,-1.538457,177.79,3.19,3,319.37,20 / 20,565010,2019-09-06 19:29:30:753,-0.3219,-0.035,10.1507,-0.0142,0.001,9.8065,-0.0115,0.0096,-0.0134,0.75,-34.5,-6.56,176.94,-80.93,-177.21
52.420727,-1.538457,177.79,3.19,3,319.37,20 / 20,565110,2019-09-06 19:29:30:853,-0.0299,-0.9096,10.2316,-0.0069,-0.0065,9.8066,0.0675,0.0082,-0.0379,0.38,-34.75,-6.44,181.59,-80.9,-176.96
52.420727,-1.538457,177.79,3.19,3,319.37,20 / 20,565210,2019-09-06 19:29:30:953,0.0667,0.2097,8.9198,-0.0164,-0.0117,9.8065,-0.0139,-0.0358,0.0808,0.94,-33.5,-6.19,175.81,-80.93,-178.25
52.420727,-1.538457,177.79,3.19,3,319.37,20 / 20,565310,2019-09-06 19:29:31:053,-0.6971,0.013,9.882,0.0056,-0.0217,9.8065,0.0886,0.0102,-0.0618,1.56,-34.69,-6,171.44,-80.75,-177.62
52.420727,-1.538457,177.79,3.19,3,319.37,20 / 20,565409,2019-09-06 19:29:31:152,-0.3558,0.1788,9.5637,-0.0098,-0.0074,9.8066,-0.1056,0.0438,-0.01,2.69,-34.44,-6,166.05,-80.89,-178.38
52.420727,-1.538457,177.79,3.19,3,319.37,20 / 20,565510,2019-09-06 19:29:31:253,0.6477,0.4283,10.3967,0.0034,0.026,9.8065,-0.0104,0.0275,0.0424,2.75,-35.94,-5.56,166.78,-80.76,-177.86
52.420727,-1.538457,177.79,3.19,3,319.37,20 / 20,565610,2019-09-06 19:29:31:353,-0.7584,0.8879,9.6551,0.0061,0.0139,9.8066,-0.0934,0.046,-0.0094,2.25,-36.06,-4.69,170.52,-80.8,-177.71
52.420727,-1.538457,177.79,3.19,3,319.37,20 / 20,565709,2019-09-06 19:29:31:452,-0.1295,-0.7267,9.7519,-0.0085,0.0224,9.8065,-0.1122,-0.0011,0.0192,1.94,-35.44,-3.44,167.93,-80.81,-177.15
52.420727,-1.538457,177.79,3.19,3,319.37,20 / 20,565809,2019-09-06 19:29:31:552,-0.3391,-1.0899,9.5221,0.0001,0.0173,9.8066,0.0618,-0.0056,0.0413,3.13,-34.56,-3.56,164.03,-80.72,-177.02
52.420727,-1.538457,177.79,3.19,3,319.37,20 / 20,565909,2019-09-06 19:29:31:652,0.2459,-0.0404,9.837,0.0059,-0.0186,9.8066,0.0205,-0.018,0.0217,3.19,-34.44,-4.44,163.73,-80.89,-176.79
52.420727,-1.538457,177.79,3.19,3,319.37,20 / 20,566011,2019-09-06 19:29:31:754,0.0541,-0.4418,10.2279,0.0004,0.0135,9.8066,0.0276,-0.0316,-0.0337,3.5,-34.81,-5.56,162.38,-80.88,-177.2
52.420727,-1.538457,177.79,3.19,3,319.37,20 / 20,566110,2019-09-06 19:29:31:853,0.4242,0.2866,9.9515,-0.0051,-0.0043,9.8066,0.0317,0.1092,-0.0344,3.25,-35.5,-6.31,167.12,-80.79,-176.88
52.420727,-1.538457,177.79,3.19,3,319.37,20 / 20,566210,2019-09-06 19:29:31:953,-0.8403,-0.8026,9.8921,-0.0018,-0.0146,9.8066,-0.0313,0.0473,-0.0448,2.56,-36,-6,166.72,-80.88,-177.84
52.420727,-1.538457,177.79,3.19,3,319.37,20 / 20,566310,2019-09-06 19:29:32:053,-0.0889,-0.4316,9.7766,-0.0164,0.019,9.8066,-0.1124,-0.0455,-0.0251,2.06,-35.87,-5.75,171.3,-80.7,-178.15
52.42126,-1.538847,177.24,9.78,2,331.29,20 / 20,566410,2019-09-06 19:29:32:153,0.0165,-0.7482,10.6923,-0.0107,0.0176,9.8065,0.0125,0.015,-0.0234,2.13,-35.81,-5.31,170.09,-80.86,-178.52
52.42126,-1.538847,177.24,9.78,2,331.29,20 / 20,566510,2019-09-06 19:29:32:253,0.7307,-0.38,10.1209,-0.0029,-0.0052,9.8066,0.0129,0.0641,-0.1181,1,-35.69,-5.75,175.42,-80.77,-179.41
52.42126,-1.538847,177.24,9.78,2,331.29,20 / 20,566609,2019-09-06 19:29:32:352,0.6861,1.0834,10.7566,-0.0091,0.0074,9.8066,0.1584,0.002,0.0436,1.31,-35.56,-5.56,174.84,-80.7,179.43
52.42126,-1.538847,177.24,9.78,2,331.29,20 / 20,566709,2019-09-06 19:29:32:452,-0.6448,0.4778,9.8979,-0.0102,-0.0137,9.8066,-0.1564,-0.0064,0.0285,1.06,-34.75,-5.31,174,-80.78,178.8
52.42126,-1.538847,177.24,9.78,2,331.29,20 / 20,566810,2019-09-06 19:29:32:553,-1.0521,-0.8916,9.2321,0.0106,0.001,9.8066,-0.1373,0.0471,-0.0271,1.19,-35.12,-5.94,174.79,-80.82,179.54
52.42126,-1.538847,177.24,9.78,2,331.29,20 / 20,566910,2019-09-06 19:29:32:653,-0.4543,-1.4518,9.2894,0.0005,0.0321,9.8065,0.0716,-0.0053,0.0742,2.06,-34.69,-5.81,170.36,-80.78,-179.62
52.42126,-1.538847,177.24,9.78,2,331.29,20 / 20,567010,2019-09-06 19:29:32:753,-0.0331,-1.3615,9.4195,0.0183,-0.0217,9.8065,-0.0745,0.0451,-0.0181,1.88,-35.69,-5.56,171.1,-80.86,-178.39
52.42126,-1.538847,177.24,9.78,2,331.29,20 / 20,567109,2019-09-06 19:29:32:852,0.2471,0.1449,9.8151,0.0109,-0.0096,9.8066,0.1109,0.0113,-0.0032,1.63,-36.31,-5.37,170.41,-80.82,-177.9
52.42126,-1.538847,177.24,9.78,2,331.29,20 / 20,567210,2019-09-06 19:29:32:953,0.4608,0.6107,10.0464,-0.0078,0.0101,9.8066,0.0705,0.0115,0.002,1.13,-36.37,-5.5,175.77,-80.65,-177.72
52.42126,-1.538847,177.24,9.78,2,331.29,20 / 20,567309,2019-09-06 19:29:33:052,-0.0854,-1.0347,9.8156,-0.0111,-0.0018,9.8066,0.0275,0.0014,-0.0364,1.75,-36.19,-4.69,170.13,-80.71,-178.61
52.42126,-1.538847,177.24,9.78,2,331.29,20 / 20,567410,2019-09-06 19:29:33:153,0.477,-0.1279,9.4044,-0.0084,-0.0041,9.8066,-0.0182,-0.0403,-0.0265,1.44,-36.06,-6,175.53,-80.77,-179.19
52.42126,-1.538847,177.24,9.78,2,331.29,20 / 20,567509,2019-09-06 19:29:33:252,-0.3984,-1.1719,9.8691,-0.0087,0.0089,9.8066,0.0524,-0.0482,0.0361,2.75,-36,-6.37,165.68,-80.79,-179.85
52.42126,-1.538847,177.24,9.78,2,331.29,20 / 20,567610,2019-09-06 19:29:33:353,-0.6665,-0.0516,9.1974,-0.0194,0.0032,9.8066,-0.1085,-0.0677,0.1207,3.06,-35.37,-6.62,166.04,-80.81,179.2
52.42126,-1.538847,177.24,9.78,2,331.29,20 / 20,567710,2019-09-06 19:29:33:453,-0.0246,1.1482,9.7436,0.0045,0.0279,9.8065,0.0485,0.0375,-0.0336,2.63,-35.56,-6.56,166.56,-80.84,179.85
52.42126,-1.538847,177.24,9.78,2,331.29,20 / 20,567810,2019-09-06 19:29:33:553,0.8956,-0.249,9.7678,0.0215,-0.0276,9.8066,0.0164,0.0177,0.0676,3.25,-35.37,-7.06,166.64,-81.1,-179.46
52.42126,-1.538847,177.24,9.78,2,331.29,20 / 20,567910,2019-09-06 19:29:33:653,0.491,-0.4228,9.7847,0.0203,-0.0096,9.8066,0.0687,-0.0415,-0.0402,2.19,-35.81,-6.62,171.65,-81.06,-178.72
52.42126,-1.538847,177.24,9.78,2,331.29,20 / 20,568010,2019-09-06 19:29:33:753,-1.05,0.5758,9.8552,-0.0076,0.0013,9.8066,0.0904,-0.0118,-0.0019,1.56,-35.19,-6.31,170.97,-81.08,-178.23
52.42126,-1.538847,177.24,9.78,2,331.29,20 / 20,568110,2019-09-06 19:29:33:853,0.3667,0.4931,10.004,0.01,0.0002,9.8066,-0.1358,0.0168,-0.0427,-0.12,-35.37,-5.25,180.94,-81.1,-178.04
52.42126,-1.538847,177.24,9.78,2,331.29,20 / 20,568210,2019-09-06 19:29:33:953,0.6552,0.469,9.6829,-0.0099,0.015,9.8066,-0.0884,0.036,0.0602,0.31,-35.75,-4.62,180.77,-81.14,-178.38
52.42126,-1.538847,177.24,9.78,2,331.29,20 / 20,568310,2019-09-06 19:29:34:053,0.0805,-1.235,9.7012,-0.0052,-0.0276,9.8065,0.0085,0.0101,-0.0274,1.06,-36.19,-3.87,174.87,-81.2,-177.9
52.42126,-1.538847,177.24,9.78,2,331.29,20 / 20,568410,2019-09-06 19:29:34:153,-0.2476,0.6765,9.5218,-0.0065,0.0146,9.8066,-0.0186,0.0066,0.0399,2.5,-35.69,-4.87,164.34,-81.38,-179.01
52.42126,-1.538847,177.24,9.78,2,331.29,20 / 20,568509,2019-09-06 19:29:34:252,-0.2837,-0.2428,9.2527,-0.0089,-0.0097,9.8066,-0.0249,-0.0471,-0.0042,3.25,-35.12,-5.94,165.12,-81.32,-179.83
52.42126,-1.538847,177.24,9.78,2,331.29,20 / 20,568609,2019-09-06 19:29:34:352,-0.168,0.3684,10.1297,-0.0026,0.0041,9.8066,0.0629,-0.0228,-0.0888,3.69,-35.5,-6.94,161.73,-81.34,179.83
52.42126,-1.538847,177.24,9.78,2,331.29,20 / 20,568709,2019-09-06 19:29:34:452,0.0392,-0.0854,9.7276,-0.0177,-0.0234,9.8066,0.0636,0.0175,0.0256,2.81,-35.56,-8.44,166.28,-81.56,178.54
52.42126,-1.538847,177.24,9.78,2,331.29,20 / 20,568810,2019-09-06 19:29:34:553,-0.0096,-0.0152,9.6134,0.0072,-0.0155,9.8066,-0.1231,0.002,-0.0181,1.69,-36.06,-8.06,170.26,-81.69,178.26
52.42126,-1.538847,177.24,9.78,2,331.29,20 / 20,568910,2019-09-06 19:29:34:653,0.2655,-1.1964,10.0494,0.0018,0.0063,9.8066,-0.0438,-0.0137,-0.0246,1.81,-36.69,-7.94,170.98,-81.71,179.29
52.42126,-1.538847,177.24,9.78,2,331.29,20 / 20,569010,2019-09-06 19:29:34:753,-0.9914,-1.3354,10.4996,-0.0068,0.0154,9.8066,0.104,-0.0013,0.0904,2,-36.37,-6.75,170.08,-81.69,179.05
52.42126,-1.538847,177.24,9.78,2,331.29,20 / 20,569109,2019-09-06 19:29:34:852,-1.786,-1.116,8.4943,0.0216,0.0328,9.8065,-0.12,0.0551,0.0781,3.06,-36.94,-7.06,166.85,-81.56,-179.16
52.42126,-1.538847,177.24,9.78,2,331.29,20 / 20,569217,2019-09-06 19:29:34:960,-0.4088,2.9129,9.8646,0.0192,0.0231,9.8065,-0.0717,-0.0418,0.0141,1.75,-36.81,-7,173.43,-81.51,-175.48
52.42126,-1.538847,177.24,9.78,2,331.29,20 / 20,569309,2019-09-06 19:29:35:052,2.1748,1.1731,9.5465,-0.0476,0.0418,9.8064,-0.0497,-0.182,0.0843,1.25,-37.06,-6.06,178.25,-81.85,-173.77
52.42126,-1.538847,177.24,9.78,2,331.29,20 / 20,569409,2019-09-06 19:29:35:152,-0.2567,0.7442,10.145,0.0025,0.0412,9.8065,-0.387,0.0772,-0.1472,0.19,-35.06,-5.62,182.54,-81.97,-175.42
52.42126,-1.538847,177.24,9.78,2,331.29,20 / 20,569510,2019-09-06 19:29:35:253,-0.5169,-1.7102,8.9346,-0.0125,0.0337,9.8065,-0.3509,0.1536,-0.0736,0.56,-34.69,-5.62,176.47,-82.28,-176.77
52.42126,-1.538847,177.24,9.78,2,331.29,20 / 20,569610,2019-09-06 19:29:35:353,-1.6412,-2.5251,9.3208,-0.047,0.0816,9.8061,0.3722,-0.0754,0.0364,1.88,-34.69,-6.56,170.48,-82.02,-179.83
52.42126,-1.538847,177.24,9.78,2,331.29,20 / 20,569710,2019-09-06 19:29:35:453,0.5964,-0.9103,9.6331,0.0032,-0.0641,9.8064,0.2165,0.089,-0.1133,0.94,-36.12,-5.87,174.29,-82.01,179.11
52.42126,-1.538847,177.24,9.78,2,331.29,20 / 20,569810,2019-09-06 19:29:35:553,0.051,1.0329,10.9545,-0.0005,-0.0497,9.8064,0.0519,0.0281,-0.0161,1.38,-35.81,-5.37,173.39,-81.72,178.06
52.42126,-1.538847,177.24,9.78,2,331.29,20 / 20,569910,2019-09-06 19:29:35:653,0.4755,-0.5871,9.8264,-0.0108,0.029,9.8066,-0.0033,-0.0655,0.0342,1,-36.37,-6.12,173.9,-81.65,178.19
52.42126,-1.538847,177.24,9.78,2,331.29,20 / 20,570010,2019-09-06 19:29:35:753,-0.107,0.186,10.2769,0.0076,0.0221,9.8065,-0.1097,0.0528,-0.0451,1.13,-36.06,-6.12,174.08,-81.57,178.47
52.42126,-1.538847,177.24,9.78,2,331.29,20 / 20,570110,2019-09-06 19:29:35:853,-0.4203,-1.3209,8.9968,-0.0043,0.0215,9.8066,-0.1212,0.038,0.0056,1.94,-36,-6.19,168.6,-81.62,177.7
52.42126,-1.538847,177.24,9.78,2,331.29,20 / 20,570214,2019-09-06 19:29:35:957,0.162,-1.2088,9.6942,0.008,0.0178,9.8066,0.0671,0.0099,0.0137,1.13,-36.25,-6.75,174.27,-81.62,178.21
52.42126,-1.538847,177.24,9.78,2,331.29,20 / 20,570310,2019-09-06 19:29:36:053,-0.8575,0.7036,9.6077,0.0022,-0.0235,9.8066,0.0548,0.022,0.0066,1.13,-36.31,-6.87,174.17,-81.75,178.11
52.42126,-1.538847,177.24,9.78,2,331.29,20 / 20,570410,2019-09-06 19:29:36:153,-0.5016,-0.7044,9.8219,0.0019,0.017,9.8066,-0.1219,0.024,-0.0224,1.25,-35.5,-7.06,174.08,-81.8,178.09
52.42126,-1.538847,177.24,9.78,2,331.29,20 / 20,570509,2019-09-06 19:29:36:252,0.81,-1.3628,10.1266,-0.0099,0.0104,9.8066,-0.1212,-0.0317,0.0345,1.88,-35.75,-7.12,169.58,-81.81,178.3
52.42126,-1.538847,177.24,9.78,2,331.29,20 / 20,570610,2019-09-06 19:29:36:353,-1.1171,-1.1123,9.5307,-0.0007,-0.0004,9.8066,0.1,-0.0102,0.0746,1.44,-35.31,-6.12,173.51,-81.84,177.74
52.42126,-1.538847,177.24,9.78,2,331.29,20 / 20,570710,2019-09-06 19:29:36:453,0.3767,-1.2831,10.6163,0.0147,0.0126,9.8066,0.0438,0.0136,0.0011,2.69,-35.44,-6.25,163.89,-81.82,178.7
52.42126,-1.538847,177.24,9.78,2,331.29,20 / 20,570809,2019-09-06 19:29:36:552,-0.266,-0.8136,10.1453,0.008,-0.0071,9.8066,0.0399,-0.0059,0.0372,1.88,-35.19,-5.81,169.1,-81.8,179.05
52.42126,-1.538847,177.24,9.78,2,331.29,20 / 20,570910,2019-09-06 19:29:36:653,0.3974,0.2555,10.3626,-0.0052,0.042,9.8065,-0.0517,0.0566,-0.0136,1.44,-35.44,-6.12,174.9,-81.41,-179.96
52.42126,-1.538847,177.24,9.78,2,331.29,20 / 20,571009,2019-09-06 19:29:36:752,0.5472,-1.0745,9.4738,-0.0028,0.0377,9.8065,0.001,0.0084,-0.068,1.38,-35.06,-5,174.28,-81.36,179.76
52.42126,-1.538847,177.24,9.78,2,331.29,20 / 20,571110,2019-09-06 19:29:36:853,0.3647,1.0461,10.166,-0.0023,0.0011,9.8066,0.0951,0.0124,0.0119,0.44,-35.81,-5.62,179.68,-81.36,179.39
52.42126,-1.538847,177.24,9.78,2,331.29,20 / 20,571214,2019-09-06 19:29:36:957,0.6292,-0.6278,10.2333,-0.0107,-0.0156,9.8066,-0.1148,-0.0462,0.042,0.56,-36.56,-7.44,174.57,-81.46,178.55
52.42126,-1.538847,177.24,9.78,2,331.29,20 / 20,571310,2019-09-06 19:29:37:053,-1.3393,-2.0874,9.8166,-0.0066,-0.0004,9.8066,-0.1756,0.0467,-0.1295,0,-36.37,-6.94,178.64,-81.56,177.62
52.42126,-1.538847,177.24,9.78,2,331.29,20 / 20,571409,2019-09-06 19:29:37:152,-0.2085,-1.1631,9.9699,-0.0135,0.004,9.8066,0.1537,0.0377,-0.0008,-0.44,-36.37,-6.69,178.02,-81.6,176.55
52.42126,-1.538847,177.24,9.78,2,331.29,20 / 20,571510,2019-09-06 19:29:37:253,0.0487,-0.391,9.8847,-0.019,-0.0264,9.8065,0.0533,-0.0476,0.0399,0.75,-34.87,-5.12,172.21,-81.68,175.87
52.42126,-1.538847,177.24,9.78,2,331.29,20 / 20,571610,2019-09-06 19:29:37:353,0.0018,-1.0922,10.0468,-0.0143,0.029,9.8066,-0.0985,-0.057,-0.0292,1.94,-35.06,-4.62,166.71,-81.65,176.11
52.42126,-1.538847,177.24,9.78,2,331.29,20 / 20,571709,2019-09-06 19:29:37:452,-0.5073,-1.1175,9.458,-0.0132,0.0355,9.8065,-0.0904,0.0098,-0.0488,1.94,-34.87,-5.31,166.38,-81.77,175.66
52.42126,-1.538847,177.24,9.78,2,331.29,20 / 20,571810,2019-09-06 19:29:37:553,0.4045,-2.1068,9.964,0.0025,0.0198,9.8066,-0.0312,-0.0291,0.0546,2.5,-34.75,-6,161.97,-81.77,175.32
52.42126,-1.538847,177.24,9.78,2,331.29,20 / 20,571910,2019-09-06 19:29:37:653,0.2339,-1.5794,9.6416,0.0057,-0.0137,9.8065,-0.0803,0.0258,-0.0626,3.25,-34.62,-6.87,162.65,-82.13,175.18
52.42126,-1.538847,177.24,9.78,2,331.29,20 / 20,572010,2019-09-06 19:29:37:753,0.4395,-0.9162,9.3883,-0.0047,-0.0083,9.8066,-0.0021,-0.0552,0.0062,3.06,-34.44,-7.69,163.06,-82.22,174.73
52.42126,-1.538847,177.24,9.78,2,331.29,20 / 20,572110,2019-09-06 19:29:37:853,0.0201,-0.3251,9.4343,0.0015,-0.0085,9.8066,-0.0281,-0.0343,-0.0197,3.88,-33.94,-7,157.3,-82.31,174.63
52.42126,-1.538847,177.24,9.78,2,331.29,20 / 20,572210,2019-09-06 19:29:37:953,-0.8455,-1.1054,9.0143,-0.0106,0.007,9.8066,0.1327,-0.0715,0.0459,3.56,-34.25,-6.62,157.05,-82.27,174.17
52.42126,-1.538847,177.24,9.78,2,331.29,20 / 20,572310,2019-09-06 19:29:38:053,0.5715,-1.0994,9.3041,0.0168,-0.0479,9.8065,0.0987,0.0023,-0.0437,4.06,-35.19,-6.62,157.03,-82.18,173.62
52.42126,-1.538847,177.24,9.78,2,331.29,20 / 20,572410,2019-09-06 19:29:38:153,0.1067,0.3323,10.3134,0.0051,-0.0511,9.8065,-0.0309,0.035,0.0062,3.19,-35,-6.75,161.05,-82.41,173.03
52.42126,-1.538847,177.24,9.78,2,331.29,20 / 20,572510,2019-09-06 19:29:38:253,0.6249,0.1344,10.597,-0.0071,0.0434,9.8065,0.0756,-0.0483,0.0404,3,-36.12,-7.37,161.43,-82.07,172.79
52.42126,-1.538847,177.24,9.78,2,331.29,20 / 20,572609,2019-09-06 19:29:38:352,-1.0867,0.1701,10.2991,-0.0061,0.0069,9.8066,-0.0781,-0.0738,0.0638,2.56,-35.87,-6.94,161.34,-82.09,172.68
52.42126,-1.538847,177.24,9.78,2,331.29,20 / 20,572709,2019-09-06 19:29:38:452,-0.2676,-0.1353,9.8456,0.004,0.0438,9.8065,-0.072,0.0186,-0.0369,1.94,-36.94,-7.25,167,-81.85,173.73
52.42126,-1.538847,177.24,9.78,2,331.29,20 / 20,572809,2019-09-06 19:29:38:552,-0.4962,-2.1187,9.8509,-0.0043,0.0269,9.8065,0.0975,-0.0138,0.0304,2.31,-36.37,-6.31,166.21,-81.86,173.68
52.42126,-1.538847,177.24,9.78,2,331.29,20 / 20,572909,2019-09-06 19:29:38:652,-0.5106,0.419,10.2565,-0.0001,0.0007,9.8066,0.0248,-0.113,0.0195,2.25,-36.75,-6.62,167.21,-81.92,174.18
52.42126,-1.538847,177.24,9.78,2,331.29,20 / 20,573010,2019-09-06 19:29:38:753,0.4653,-0.6223,9.7692,-0.0044,0.009,9.8066,-0.0574,-0.041,0.0672,2.56,-36.37,-6.5,161.43,-81.96,174.33
52.42126,-1.538847,177.24,9.78,2,331.29,20 / 20,573110,2019-09-06 19:29:38:853,0.8163,-0.9923,9.5112,-0.0042,-0.005,9.8066,-0.027,0.0089,0.0648,1.94,-37.12,-6.75,166.71,-82.05,173.48
52.42126,-1.538847,177.24,9.78,2,331.29,20 / 20,573210,2019-09-06 19:29:38:953,-0.2458,-1.5531,9.4377,-0.0058,0.0294,9.8066,-0.0929,0.0031,-0.0411,2.44,-36.69,-6.12,166.12,-81.97,173.37
52.42126,-1.538847,177.24,9.78,2,331.29,20 / 20,573310,2019-09-06 19:29:39:053,0.4507,-0.5527,10.0408,0.0067,-0.0429,9.8065,0.0656,-0.056,0.0105,1.94,-36,-6.31,165.9,-82.08,173.44
52.42126,-1.538847,177.24,9.78,2,331.29,20 / 20,573413,2019-09-06 19:29:39:156,0.0611,-0.5139,10.2278,0.0039,-0.0225,9.8065,0.0142,0.0687,0.0109,2.38,-36.06,-6.37,165.99,-81.99,173.48
52.42126,-1.538847,177.24,9.78,2,331.29,20 / 20,573509,2019-09-06 19:29:39:252,-0.6756,-1.6145,10.0257,0.0016,-0.0081,9.8066,0.1274,0.0418,0.0049,0.94,-36.44,-6.75,171.22,-81.92,173.16
52.42126,-1.538847,177.24,9.78,2,331.29,20 / 20,573609,2019-09-06 19:29:39:352,0.9063,-0.2901,9.4863,0.0099,-0.0351,9.8065,-0.2118,0.0749,-0.0382,2.31,-35.69,-7.69,167.08,-82.07,173.5
52.42126,-1.538847,177.24,9.78,2,331.29,20 / 20,573709,2019-09-06 19:29:39:452,-0.2011,0.5763,9.0954,-0.0147,0.0085,9.8065,0.0033,-0.0307,0.0506,2.56,-34.94,-7.19,161.2,-82.11,172.82
52.42126,-1.538847,177.24,9.78,2,331.29,20 / 20,573809,2019-09-06 19:29:39:552,0.1768,-0.9052,9.4678,-0.0073,0.0307,9.8066,0.0054,0.0096,-0.0164,3.81,-34.56,-7.12,156.89,-82.08,173.23
52.42126,-1.538847,177.24,9.78,2,331.29,20 / 20,573910,2019-09-06 19:29:39:653,0.6021,-0.3035,10.073,0.0051,-0.0364,9.8065,0.0356,-0.0518,-0.0078,4.25,-33.62,-7,155.69,-82.35,172.25
52.42126,-1.538847,177.24,9.78,2,331.29,20 / 20,574009,2019-09-06 19:29:39:752,-0.6879,-0.8067,10.2607,-0.002,-0.0251,9.8066,-0.0215,-0.0675,0.0727,3.75,-33.94,-6.56,155.34,-82.32,171.66
52.42126,-1.538847,177.24,9.78,2,331.29,20 / 20,574110,2019-09-06 19:29:39:853,-0.1982,-0.0875,9.8923,0.0022,0.0288,9.8065,-0.0336,0.0457,0.0039,2.38,-34.44,-6.37,163.8,-82.36,170.85
52.42126,-1.538847,177.24,9.78,2,331.29,20 / 20,574210,2019-09-06 19:29:39:953,-0.4867,-1.6323,10.265,0.0022,0.0142,9.8066,0.0977,-0.0251,0.0787,2.44,-35.25,-5.94,164.73,-82.19,171.87
52.42126,-1.538847,177.24,9.78,2,331.29,20 / 20,574310,2019-09-06 19:29:40:053,-2.5283,0.7359,9.5492,-0.0106,0.0495,9.8064,0.0263,-0.0357,0.0263,2.75,-35.31,-5.37,159.59,-82.02,173.83
52.42126,-1.538847,177.24,9.78,2,331.29,20 / 20,574410,2019-09-06 19:29:40:153,-0.2119,-0.1913,9.8006,0.0134,-0.0318,9.8065,-0.331,-0.0243,0.0742,2.38,-36.75,-5.37,166.47,-82.19,175.75
52.42126,-1.538847,177.24,9.78,2,331.29,20 / 20,574509,2019-09-06 19:29:40:252,2.9137,-4.058,8.1443,0.0106,0.0236,9.8066,-0.4734,-0.0359,-0.0038,1.88,-35.75,-6.25,167.43,-82.44,176.58
52.42126,-1.538847,177.24,9.78,2,331.29,20 / 20,574610,2019-09-06 19:29:40:353,0.6638,-4.2382,8.9283,-0.0446,0.064,9.8063,0.2776,0.0433,0.1765,1.69,-36.62,-6.81,167.42,-82.49,175.16
52.42126,-1.538847,177.24,9.78,2,331.29,20 / 20,574710,2019-09-06 19:29:40:453,0.0201,-1.8722,8.9521,0.042,-0.0787,9.8062,0.0714,0.0503,-0.1234,1.63,-36.94,-6.37,166.63,-82.67,175.23
52.42126,-1.538847,177.24,9.78,2,331.29,20 / 20,574810,2019-09-06 19:29:40:553,-0.2502,0.2362,11.2476,-0.0152,0.0784,9.8062,0.1682,0.0147,-0.0123,1.19,-36.62,-6.25,172.4,-83,176.29
52.42126,-1.538847,177.24,9.78,2,331.29,20 / 20,574910,2019-09-06 19:29:40:653,-0.4006,-0.4848,10.5399,-0.009,0.0446,9.8065,0.1335,-0.0209,0.0259,1.81,-36.81,-6,167.24,-82.4,175.94
52.42126,-1.538847,177.24,9.78,2,331.29,20 / 20,575009,2019-09-06 19:29:40:752,0.0882,0.2762,10.4624,0.0051,0.0074,9.8066,-0.2229,0.0367,0.0338,2.19,-37.06,-5.75,167.74,-82.36,176.77
52.42126,-1.538847,177.24,9.78,2,331.29,20 / 20,575109,2019-09-06 19:29:40:852,0.7034,-1.0297,9.3254,0.0027,0.021,9.8066,-0.1616,-0.0146,0.0652,1.88,-37.06,-6.37,168.02,-82.37,177.28
52.42126,-1.538847,177.24,9.78,2,331.29,20 / 20,575210,2019-09-06 19:29:40:953,0.8519,-1.2936,9.3089,0.005,0.0375,9.8065,-0.0203,0.0191,-0.0678,1.88,-36.81,-6.37,168.54,-82.46,178.31
52.42126,-1.538847,177.24,9.78,2,331.29,20 / 20,575309,2019-09-06 19:29:41:052,-0.0548,-1.1632,9.7196,-0.0036,-0.0385,9.8065,0.0378,0.0178,0.0075,2.31,-35.94,-6.69,168.8,-82.68,177.8
52.421967,-1.53949,176.73,8.96,2,329.99,20 / 20,575410,2019-09-06 19:29:41:153,-0.0122,-0.4465,9.0066,0.002,-0.0077,9.8066,0.0056,0.0202,0.0135,2.69,-35.19,-6.19,161.93,-82.88,177.05
52.421967,-1.53949,176.73,8.96,2,329.99,20 / 20,575510,2019-09-06 19:29:41:253,-0.3659,-1.6493,9.7041,-0.0101,0.0026,9.8066,0.0298,-0.0112,0.0094,2.06,-35.75,-7.06,168.04,-82.92,176.83
52.421967,-1.53949,176.73,8.96,2,329.99,20 / 20,575610,2019-09-06 19:29:41:353,0.2909,-1.9791,9.8866,0.0092,-0.0306,9.8065,0.0678,0.0339,0.0157,2.06,-35.81,-7.44,167.79,-83.09,176.59
52.421967,-1.53949,176.73,8.96,2,329.99,20 / 20,575709,2019-09-06 19:29:41:452,0.5722,-0.7147,10.0313,-0.0021,-0.0217,9.8066,0.0292,0.0275,-0.0505,1.19,-36.31,-6.5,172.42,-83.04,176.51
52.421967,-1.53949,176.73,8.96,2,329.99,20 / 20,575810,2019-09-06 19:29:41:553,-0.2868,-0.9898,10.0188,-0.0033,0.0174,9.8066,0.0324,0.0023,0.0309,2.31,-36.31,-6.44,166.91,-82.9,176.28
52.421967,-1.53949,176.73,8.96,2,329.99,20 / 20,575910,2019-09-06 19:29:41:653,0.2681,-1.4894,9.5682,0.0076,0.0124,9.8066,-0.0013,0.013,-0.0075,1.56,-36.37,-5.81,167.4,-82.9,177.1
52.421967,-1.53949,176.73,8.96,2,329.99,20 / 20,576010,2019-09-06 19:29:41:753,1.1031,-1.4162,9.8484,0.0098,-0.0139,9.8066,0.0012,-0.039,0.0357,2.44,-36.69,-6.31,168.27,-82.9,178.34
52.421967,-1.53949,176.73,8.96,2,329.99,20 / 20,576110,2019-09-06 19:29:41:853,0.3642,0.0163,9.7621,0.0071,0.0155,9.8065,0.0211,0.0446,0.0286,1.5,-36.31,-7,169.35,-83.02,179
52.421967,-1.53949,176.73,8.96,2,329.99,20 / 20,576209,2019-09-06 19:29:41:952,-0.2169,-0.8303,9.6727,0.0069,-0.007,9.8066,0.0988,0.0202,0.0234,2.44,-35.56,-6.44,169.05,-83.13,-179.88
52.421967,-1.53949,176.73,8.96,2,329.99,20 / 20,576310,2019-09-06 19:29:42:053,0.881,-0.9849,10.5108,0.005,-0.022,9.8066,0.1011,-0.0293,0.0483,1.5,-35.75,-6.62,170.26,-83.24,-179.38
52.421967,-1.53949,176.73,8.96,2,329.99,20 / 20,576409,2019-09-06 19:29:42:152,0.0314,-2.6918,10.1468,0.0048,0.0279,9.8066,-0.2056,-0.0177,0.0571,1,-35,-7.31,175.78,-83.28,-178.51
52.421967,-1.53949,176.73,8.96,2,329.99,20 / 20,576510,2019-09-06 19:29:42:253,1.5299,-1.8193,9.5363,0.0121,0.0256,9.8065,0.1415,0.056,-0.0602,1.19,-35.44,-6.12,175.9,-83.36,-177.34
52.421967,-1.53949,176.73,8.96,2,329.99,20 / 20,576609,2019-09-06 19:29:42:352,-0.0313,-1.5952,9.9421,-0.0042,-0.0234,9.8066,0.1446,-0.0097,0.0282,1.44,-35.81,-6.87,176.62,-83.16,-177.28
52.421967,-1.53949,176.73,8.96,2,329.99,20 / 20,576710,2019-09-06 19:29:42:453,0.0514,0.0147,10.444,0.0083,-0.0129,9.8066,-0.0453,-0.0099,-0.0226,2.13,-36.06,-6.5,170.58,-83.16,-177.28
52.421967,-1.53949,176.73,8.96,2,329.99,20 / 20,576810,2019-09-06 19:29:42:553,0.2091,-1.3984,9.6123,-0.0055,0.0123,9.8066,-0.0063,0.0188,0.0437,2.13,-36.31,-7.31,171.46,-83.04,-177.63
52.421967,-1.53949,176.73,8.96,2,329.99,20 / 20,576910,2019-09-06 19:29:42:653,0.2797,-0.6679,9.9748,0.0074,-0.0042,9.8066,-0.0099,0.0398,0.0026,2.31,-36.69,-6.81,171.89,-82.98,-177.13
52.421967,-1.53949,176.73,8.96,2,329.99,20 / 20,577010,2019-09-06 19:29:42:753,0.478,-1.5935,10.4,-0.0009,0.0051,9.8066,-0.0605,-0.0051,-0.0578,2,-36.87,-7.06,172.15,-82.98,-176.72
52.421967,-1.53949,176.73,8.96,2,329.99,20 / 20,577110,2019-09-06 19:29:42:853,-0.1854,-1.0024,9.5488,-0.0083,-0.0115,9.8066,-0.0641,0.0128,0.0345,2.44,-37.06,-6.31,170.38,-83.08,-177.87
52.421967,-1.53949,176.73,8.96,2,329.99,20 / 20,577210,2019-09-06 19:29:42:953,-0.3196,-0.9199,9.853,0.0059,0.0063,9.8066,-0.0491,0.0508,-0.0231,2.06,-37,-5.62,170.18,-83.17,-178.14
52.421967,-1.53949,176.73,8.96,2,329.99,20 / 20,577310,2019-09-06 19:29:43:053,-0.4328,-0.5643,9.603,-0.0028,0.0015,9.8066,-0.026,0.0024,0.003,1.44,-36.94,-6.25,175.67,-83.23,-177.94
52.421967,-1.53949,176.73,8.96,2,329.99,20 / 20,577409,2019-09-06 19:29:43:152,0.6202,-1.1856,9.6877,0.0069,-0.0244,9.8065,0.0066,-0.017,0.0192,2.5,-36.69,-5.81,164.89,-83.42,-177.94
52.421967,-1.53949,176.73,8.96,2,329.99,20 / 20,577510,2019-09-06 19:29:43:253,0.8386,-1.7822,9.9148,0.0017,-0.0149,9.8066,0.0596,0.0347,-0.0427,1.44,-37.69,-6.19,175.74,-83.45,-177.8
52.421967,-1.53949,176.73,8.96,2,329.99,20 / 20,577610,2019-09-06 19:29:43:353,-0.0253,-1.5671,9.9637,0.0077,-0.0199,9.8065,0.1177,-0.0332,0.0771,1.69,-36.75,-5.62,170.17,-83.45,-177.87
52.421967,-1.53949,176.73,8.96,2,329.99,20 / 20,577709,2019-09-06 19:29:43:452,-0.141,-0.2764,9.9431,0.02,-0.0261,9.8065,-0.1179,0.024,0.0316,1.81,-36.69,-6.06,171.17,-83.6,-176.08
52.421967,-1.53949,176.73,8.96,2,329.99,20 / 20,577810,2019-09-06 19:29:43:553,0.3218,-0.8782,9.8829,0.009,0.0233,9.8066,-0.0855,-0.0152,0.0407,1,-37.37,-6.31,177.75,-83.48,-174.32
52.421967,-1.53949,176.73,8.96,2,329.99,20 / 20,577909,2019-09-06 19:29:43:652,0.3244,-1.9191,10.234,0.009,0.0327,9.8065,0.0299,-0.0058,0.014,0.81,-36.75,-6.25,178.56,-83.47,-172.97
52.421967,-1.53949,176.73,8.96,2,329.99,20 / 20,578010,2019-09-06 19:29:43:753,0.0339,-0.8971,9.5686,0.0126,-0.0113,9.8066,0.0922,0.0115,0.0293,1.75,-36.81,-5.5,172.1,-83.57,-172.12
52.421967,-1.53949,176.73,8.96,2,329.99,20 / 20,578109,2019-09-06 19:29:43:852,0.2472,-1.7763,10.1362,0.0147,0.008,9.8066,-0.0222,0.0313,0.0159,0.81,-37.25,-6.25,179.85,-83.43,-170.79
52.421967,-1.53949,176.73,8.96,2,329.99,20 / 20,578210,2019-09-06 19:29:43:953,0.106,-1.8853,10.1438,0.0123,0.0157,9.8066,-0.0618,0.0371,0.0195,0.75,-37.19,-6.75,181.05,-83.55,-170.2
52.421967,-1.53949,176.73,8.96,2,329.99,20 / 20,578311,2019-09-06 19:29:44:054,0.516,-2.1027,10.2652,0.0116,0.0279,9.8066,0.0927,0.0185,0.0147,1.25,-36.75,-6,181.47,-83.4,-168.05
52.421967,-1.53949,176.73,8.96,2,329.99,20 / 20,578410,2019-09-06 19:29:44:153,0.4416,-1.8356,9.8668,0.0082,-0.0442,9.8065,0.0797,0.0008,0.0177,0.63,-37.44,-6.06,182.28,-83.63,-166.73
52.421967,-1.53949,176.73,8.96,2,329.99,20 / 20,578510,2019-09-06 19:29:44:253,0.2812,-1.3446,10.0312,0.0052,0.0524,9.8065,-0.0837,0.0323,0.0045,0.06,-36.62,-5.56,188.38,-83.62,-165.94
52.421967,-1.53949,176.73,8.96,2,329.99,20 / 20,578610,2019-09-06 19:29:44:353,-0.1233,-1.2184,9.9448,0.0022,0.0191,9.8066,0.0594,0.0401,0.0365,0.44,-36.94,-5.12,187.98,-83.45,-165.34
52.421967,-1.53949,176.73,8.96,2,329.99,20 / 20,578710,2019-09-06 19:29:44:453,0.5391,-1.0113,10.1458,0.0135,0.0114,9.8066,-0.043,0.0463,0.0005,0.25,-36.75,-5.44,188.63,-83.45,-164.14
52.421967,-1.53949,176.73,8.96,2,329.99,20 / 20,578809,2019-09-06 19:29:44:552,0.4407,-1.4069,10.0398,-0.0003,0.0023,9.8066,-0.025,0.0565,-0.0006,0.19,-36.81,-5.5,189.09,-83.41,-163.26
52.421967,-1.53949,176.73,8.96,2,329.99,20 / 20,578909,2019-09-06 19:29:44:652,-0.4404,-2.1462,9.9044,0.0013,-0.0025,9.8066,0.0652,0.0345,0.0041,0.25,-36.37,-4.62,189.26,-83.45,-163.21
52.421967,-1.53949,176.73,8.96,2,329.99,20 / 20,579010,2019-09-06 19:29:44:753,-0.309,-1.3939,9.8828,0.0073,-0.0172,9.8066,0.0732,0.0517,0.0015,0.19,-35.44,-3.81,188.9,-83.52,-162.37
52.421967,-1.53949,176.73,8.96,2,329.99,20 / 20,579110,2019-09-06 19:29:44:853,0.5316,-0.9707,10.1018,0.0055,-0.0147,9.8066,-0.0928,0.0513,0.0048,0.56,-36.62,-4.25,182,-83.57,-161.97
52.421967,-1.53949,176.73,8.96,2,329.99,20 / 20,579210,2019-09-06 19:29:44:953,0.1946,-2.3528,10.0913,-0.0063,0.0131,9.8066,-0.0229,0.0549,-0.0058,0.13,-35.94,-4.12,188.9,-83.48,-162.07
52.421967,-1.53949,176.73,8.96,2,329.99,20 / 20,579309,2019-09-06 19:29:45:052,-0.1788,-1.5076,9.9717,0.0007,0.0135,9.8065,0.0326,0.0498,0.0083,0.38,-36.12,-4.12,188.85,-83.44,-162.1
52.421967,-1.53949,176.73,8.96,2,329.99,20 / 21,579410,2019-09-06 19:29:45:153,0.3806,-0.9098,9.6348,-0.0011,-0.0071,9.8066,0.0573,0.0357,-0.0016,0.69,-36.06,-3.44,179.73,-83.49,-162.19
52.421967,-1.53949,176.73,8.96,2,329.99,20 / 21,579509,2019-09-06 19:29:45:252,-0.2867,-1.5569,10.0746,-0.0104,-0.0099,9.8066,-0.0361,0.0738,-0.024,0.94,-36.44,-3.87,181.53,-83.6,-162.95
52.421967,-1.53949,176.73,8.96,2,329.99,20 / 21,579610,2019-09-06 19:29:45:353,-0.5131,-1.979,9.8483,-0.0003,0.0151,9.8065,-0.036,0.0702,-0.0149,0.38,-36.5,-3.75,188.21,-83.65,-163.67
52.421967,-1.53949,176.73,8.96,2,329.99,20 / 21,579710,2019-09-06 19:29:45:453,-0.2915,-1.8319,9.7879,0.0036,-0.0053,9.8066,0.008,0.1129,-0.0052,-0.37,-35.56,-3.5,187.13,-83.71,-163.51
52.421967,-1.53949,176.73,8.96,2,329.99,20 / 21,579809,2019-09-06 19:29:45:552,-0.1905,-1.9461,9.8696,0.0075,-0.0059,9.8066,0.0125,0.091,0.0503,0,-35.81,-3.62,188.73,-83.72,-162.73
52.421967,-1.53949,176.73,8.96,2,329.99,20 / 21,579909,2019-09-06 19:29:45:652,0.1451,-1.5672,9.7803,0.0131,-0.0043,9.8066,-0.0063,0.1123,-0.0006,0.19,-36.5,-3.81,189.38,-83.7,-161.41
52.421967,-1.53949,176.73,8.96,2,329.99,20 / 21,580009,2019-09-06 19:29:45:752,0.3509,-1.6231,9.9942,0.0089,-0.0045,9.8066,0.0064,0.0906,0.0147,-0.37,-36.62,-3.94,189.89,-83.78,-160.24
52.421967,-1.53949,176.73,8.96,2,329.99,20 / 21,580110,2019-09-06 19:29:45:853,0.541,-1.7445,10.0348,0.0036,-0.0065,9.8066,-0.0126,0.1161,-0.0324,-0.06,-36.62,-4.56,191.84,-83.88,-158.89
52.421967,-1.53949,176.73,8.96,2,329.99,20 / 21,580210,2019-09-06 19:29:45:953,-0.1453,-1.8326,9.6492,-0.0065,-0.0019,9.8066,0.0243,0.0893,-0.0035,-0.69,-36.94,-4.75,198.07,-83.97,-159.65
52.421967,-1.53949,176.73,8.96,2,329.99,20 / 21,580310,2019-09-06 19:29:46:053,0.0331,-1.8867,10.0953,0.0001,-0.0031,9.8066,-0.0393,0.1128,-0.0164,-0.31,-36.25,-4.5,190.54,-84,-159.6
52.421967,-1.53949,176.73,8.96,2,329.99,20 / 21,580410,2019-09-06 19:29:46:153,0.6075,-2.4971,9.6755,0.0072,-0.0098,9.8066,-0.046,0.0575,0.0384,0,-36.31,-5.19,192.35,-84.15,-158.69
52.421967,-1.53949,176.73,8.96,2,329.99,20 / 21,580509,2019-09-06 19:29:46:252,0.6096,-2.7971,9.7707,0.0098,-0.0021,9.8066,0.0065,0.0632,-0.026,0.69,-36.69,-4.5,184.56,-84.22,-157.31
52.421967,-1.53949,176.73,8.96,2,329.99,20 / 21,580610,2019-09-06 19:29:46:353,0.7046,-2.8232,9.9852,0.0041,-0.0153,9.8066,-0.0084,0.064,0.0182,0.25,-36,-5,193.79,-84.35,-156.55
52.421967,-1.53949,176.73,8.96,2,329.99,20 / 21,580709,2019-09-06 19:29:46:452,0.6652,-3.1887,10.0075,0.0047,-0.0123,9.8066,-0.0083,0.0689,0.0207,0.56,-36.75,-5.44,188.08,-84.56,-155.1
52.421967,-1.53949,176.73,8.96,2,329.99,20 / 21,580809,2019-09-06 19:29:46:552,1.0687,-2.8304,9.9182,0.0045,-0.0066,9.8066,-0.0033,0.0352,-0.0296,0.69,-36.81,-5.25,188.98,-84.7,-153.74
52.421967,-1.53949,176.73,8.96,2,329.99,20 / 21,580909,2019-09-06 19:29:46:652,0.8477,-2.4961,9.9576,-0.0026,-0.0096,9.8066,-0.0201,0.0237,0.0075,0,-37,-5.31,195.9,-84.79,-153.55
52.421967,-1.53949,176.73,8.96,2,329.99,20 / 21,581009,2019-09-06 19:29:46:752,0.8901,-2.5323,9.7864,-0.0016,-0.0009,9.8066,-0.0373,0.0317,-0.0118,0.75,-37,-6.19,190.78,-84.86,-153.95
52.421967,-1.53949,176.73,8.96,2,329.99,20 / 21,581109,2019-09-06 19:29:46:852,0.7843,-1.965,9.8069,-0.0047,0.0001,9.8066,0.0268,0.0093,-0.0237,0.44,-36.56,-5.69,196.85,-84.94,-154.14
52.421967,-1.53949,176.73,8.96,2,329.99,20 / 21,581209,2019-09-06 19:29:46:952,0.1431,-1.4583,10.0853,-0.0028,-0.0136,9.8066,0.0225,0.0269,0.0011,0.38,-36.25,-5.87,196.82,-84.97,-154.48
52.421967,-1.53949,176.73,8.96,2,329.99,20 / 21,581310,2019-09-06 19:29:47:053,0.3311,-0.9227,9.9973,0.0026,-0.0079,9.8066,0.0361,0.0135,0.0226,0.63,-37.19,-5.62,190.55,-85.08,-154.54
52.421967,-1.53949,176.73,8.96,2,329.99,20 / 21,581410,2019-09-06 19:29:47:153,0.361,-0.5923,9.8835,0.0013,0.0007,9.8066,0.0134,0.0051,0.0024,0.19,-36.94,-5.31,195.76,-85.03,-154.26
52.421967,-1.53949,176.73,8.96,2,329.99,20 / 21,581510,2019-09-06 19:29:47:253,0.2633,-0.6423,9.9079,-0.0003,-0.0001,9.8066,0.0007,0.0029,-0.0066,0,-36.62,-5.75,196.98,-85.04,-154.11
52.421967,-1.53949,176.73,8.96,2,329.99,20 / 21,581610,2019-09-06 19:29:47:353,0.0179,0.154,10.0028,-0.0019,-0.0019,9.8066,0.0158,0.004,-0.013,0.25,-37.06,-5.81,196.97,-85.05,-154.16
52.421967,-1.53949,176.73,8.96,2,329.99,20 / 21,581710,2019-09-06 19:29:47:453,-0.2327,0.3485,9.9007,-0.0037,-0.0006,9.8066,0.0173,-0.0038,-0.0089,0.63,-36.87,-5,188.6,-85.08,-154.77
52.421967,-1.53949,176.73,8.96,2,329.99,20 / 21,581809,2019-09-06 19:29:47:552,-0.1571,0.3372,9.7127,-0.0034,0.005,9.8066,0.0203,0.0101,0.0124,0.19,-37.31,-5.12,194.91,-85.05,-155.7
52.421967,-1.53949,176.73,8.96,2,329.99,20 / 21,581909,2019-09-06 19:29:47:652,-0.0508,0.3356,9.6758,0.0033,-0.0038,9.8066,-0.0082,-0.0125,-0.0132,0.38,-37.12,-5.19,194.89,-85.04,-155.71
52.421967,-1.53949,176.73,8.96,2,329.99,20 / 21,582009,2019-09-06 19:29:47:752,0.1801,-0.0154,9.8903,0.0005,-0.0087,9.8066,-0.0132,-0.0151,-0.0095,0.94,-37.12,-5.69,190.15,-85.12,-155.19
52.421967,-1.53949,176.73,8.96,2,329.99,20 / 21,582109,2019-09-06 19:29:47:852,-0.0628,0.0482,9.9106,-0.0013,-0.0044,9.8066,0.0197,0.0066,0.0161,0.94,-37.87,-5.25,188.31,-85.18,-155.21
52.421967,-1.53949,176.73,8.96,2,329.99,20 / 21,582210,2019-09-06 19:29:47:953,-0.1035,0.1646,9.8208,0.0015,-0.0068,9.8066,0.0074,-0.0115,-0.0092,0.19,-36.69,-5.62,196.63,-85.24,-155
52.421967,-1.53949,176.73,8.96,2,329.99,20 / 21,582310,2019-09-06 19:29:48:053,-0.1229,0.2473,9.8233,0.0006,-0.0075,9.8066,0.0047,-0.0045,-0.0005,0.63,-37.06,-5.56,190.75,-85.33,-154.52
52.421967,-1.53949,176.73,8.96,2,329.99,19 / 20,582409,2019-09-06 19:29:48:152,0.0224,0.2401,9.8644,-0.002,-0.0051,9.8066,0.014,0.0041,0.0151,0.75,-36.75,-5.56,190.94,-85.44,-154.37
52.421967,-1.53949,176.73,8.96,2,329.99,19 / 20,582510,2019-09-06 19:29:48:253,-0.1,0.4945,9.7289,0.0009,-0.0034,9.8066,-0.0214,-0.0183,-0.0151,1,-36.69,-5.94,191.16,-85.49,-154.1
52.421967,-1.53949,176.73,8.96,2,329.99,19 / 20,582610,2019-09-06 19:29:48:353,0.0224,0.3133,9.7459,-0.0001,-0.0068,9.8066,-0.0161,0.0024,-0.0017,0.5,-37.12,-5.5,189.5,-85.54,-153.87
52.421967,-1.53949,176.73,8.96,2,329.99,19 / 20,582710,2019-09-06 19:29:48:453,-0.1052,0.208,9.9096,0,-0.0051,9.8066,0.0135,0.0004,0.0105,0.69,-37.25,-5.19,189.74,-85.65,-153.63
52.421967,-1.53949,176.73,8.96,2,329.99,19 / 20,582810,2019-09-06 19:29:48:553,-0.02,0.0369,9.952,0.0008,-0.0045,9.8066,-0.003,-0.012,-0.015,0.56,-36.87,-5.31,190.18,-85.72,-153.05
52.421967,-1.53949,176.73,8.96,2,329.99,19 / 20,582910,2019-09-06 19:29:48:653,0.0112,0.2725,9.9254,-0.0001,-0.0075,9.8066,-0.0084,0.0088,0.0022,0.31,-37.44,-4.87,197.63,-85.78,-152.91
52.421967,-1.53949,176.73,8.96,2,329.99,19 / 20,583010,2019-09-06 19:29:48:753,-0.0567,0.2451,9.8015,0.0009,-0.0065,9.8066,0.0003,0.0049,0.0088,0.38,-37.37,-5.06,198.01,-85.87,-152.55
52.421967,-1.53949,176.73,8.96,2,329.99,19 / 20,583110,2019-09-06 19:29:48:853,0.0804,0.2452,9.8328,0.0003,-0.0062,9.8066,-0.0051,0.0056,-0.0114,0.31,-37.19,-5.94,199.5,-85.94,-152.16
52.421967,-1.53949,176.73,8.96,2,329.99,19 / 20,583217,2019-09-06 19:29:48:960,-0.1165,0.4986,9.79,-0.0002,-0.0053,9.8066,-0.0154,0.0058,-0.0089,1.19,-36.75,-5.31,191.23,-85.98,-151.81
52.421967,-1.53949,176.73,8.96,2,329.99,19 / 20,583309,2019-09-06 19:29:49:052,-0.0716,0.428,9.8222,-0.0014,-0.0027,9.8066,-0.0071,0.0122,0.012,0.75,-37.06,-5.44,191.49,-86.07,-151.53
52.421967,-1.53949,176.73,8.96,2,329.99,19 / 20,583410,2019-09-06 19:29:49:153,-0.1995,0.6321,9.8738,-0.0001,-0.0028,9.8066,-0.0063,-0.0001,-0.0013,1.25,-37.19,-5.12,191.73,-86.13,-151.28
52.421967,-1.53949,176.73,8.96,2,329.99,19 / 20,583509,2019-09-06 19:29:49:252,-0.1424,0.4304,9.8538,0.001,-0.0067,9.8066,-0.0082,-0.0077,-0.009,0.88,-37.31,-5,191.92,-86.2,-151.09
52.421967,-1.53949,176.73,8.96,2,329.99,19 / 20,583610,2019-09-06 19:29:49:353,-0.1574,0.9386,9.8268,0.0003,-0.0024,9.8066,0.0111,0.0133,0.0187,0.25,-36.87,-5.37,199.8,-86.23,-150.74
52.421967,-1.53949,176.73,8.96,2,329.99,19 / 20,583709,2019-09-06 19:29:49:452,-0.26,0.7238,9.8137,-0.0008,-0.0037,9.8066,-0.003,-0.0083,-0.0089,1,-36.75,-5.06,192.34,-86.29,-150.61
52.421967,-1.53949,176.73,8.96,2,329.99,19 / 20,583809,2019-09-06 19:29:49:552,-0.0364,0.852,9.8285,0.0026,-0.0031,9.8066,-0.0092,0.0113,-0.008,0.13,-37.25,-5.12,200.37,-86.34,-150.19
52.421967,-1.53949,176.73,8.96,2,329.99,19 / 20,583910,2019-09-06 19:29:49:653,-0.3894,0.9276,9.8557,-0.0011,-0.0043,9.8066,0.0222,0.0096,0.0104,0.5,-37.62,-4.87,192.73,-86.39,-150.05
52.421967,-1.53949,176.73,8.96,2,329.99,19 / 20,584009,2019-09-06 19:29:49:752,-0.0211,0.6481,9.8542,0.0011,-0.0038,9.8066,0.0051,-0.0006,-0.0006,0.44,-36.44,-4.81,201.08,-86.42,-149.66
52.421967,-1.53949,176.73,8.96,2,329.99,19 / 20,584110,2019-09-06 19:29:49:853,-0.3542,1.0287,9.8309,-0.0015,-0.0022,9.8066,-0.0019,0.0132,-0.0068,0.31,-36.56,-5.31,201.46,-86.48,-149.02
52.421967,-1.53949,176.73,8.96,2,329.99,19 / 20,584209,2019-09-06 19:29:49:952,-0.2065,0.9112,9.851,-0.0012,-0.0014,9.8066,-0.0101,-0.0054,0.0108,0.75,-37.25,-5.06,193.72,-86.55,-149.04
52.421967,-1.53949,176.73,8.96,2,329.99,19 / 20,584309,2019-09-06 19:29:50:052,-0.1325,0.5664,9.7791,-0.0016,0.0008,9.8066,0.0154,0.0125,-0.0082,1,-36.75,-4.62,193.98,-86.59,-148.75
52.42223,-1.539751,176.27,0.3,2,319.56,20 / 21,584410,2019-09-06 19:29:50:153,-0.3369,1.2176,9.8536,-0.0022,0.0034,9.8066,-0.0105,0.0117,-0.0025,0.75,-36.37,-5,194.23,-86.62,-148.62
52.42223,-1.539751,176.27,0.3,2,319.56,20 / 21,584509,2019-09-06 19:29:50:252,-0.0723,0.8124,9.8817,0.0006,-0.0052,9.8066,0.0238,0.0199,-0.0073,0.19,-37.25,-5.06,202.5,-86.7,-148.13
52.42223,-1.539751,176.27,0.3,2,319.56,20 / 21,584610,2019-09-06 19:29:50:353,-0.2455,1.0335,9.7591,-0.001,-0.0058,9.8066,0.0317,0.004,0.0041,0.5,-36.94,-5.31,194.8,-86.76,-147.9
52.42223,-1.539751,176.27,0.3,2,319.56,20 / 21,584710,2019-09-06 19:29:50:453,-0.4391,1.2426,9.7382,-0.0002,-0.0082,9.8066,0.0048,0.017,-0.0042,0.5,-36.81,-4.94,194.96,-86.8,-147.75
52.42223,-1.539751,176.27,0.3,2,319.56,20 / 21,584809,2019-09-06 19:29:50:552,-0.0934,0.9257,9.8348,-0.0002,-0.0017,9.8066,-0.0057,-0.0059,-0.007,1.13,-36.81,-5,195.01,-86.84,-147.76
52.42223,-1.539751,176.27,0.3,2,319.56,20 / 21,584909,2019-09-06 19:29:50:652,-0.2036,0.9683,9.7648,0.0006,-0.0038,9.8066,0.0038,0.0132,-0.0026,1.44,-36.62,-4.75,195.2,-86.88,-147.57
52.42223,-1.539751,176.27,0.3,2,319.56,20 / 21,585010,2019-09-06 19:29:50:753,-0.4295,1.0171,9.6609,-0.0019,-0.0055,9.8066,0.0176,-0.0038,0.0032,0.88,-36.56,-4.94,195.24,-86.93,-147.61
52.42223,-1.539751,176.27,0.3,2,319.56,20 / 21,585110,2019-09-06 19:29:50:853,-0.3739,0.7686,9.8972,0.0008,-0.0017,9.8066,0.0134,0.0135,-0.013,1.88,-37.06,-4.94,187.63,-86.97,-147.82
52.42223,-1.539751,176.27,0.3,2,319.56,20 / 21,585210,2019-09-06 19:29:50:953,-0.2351,1.0032,9.8109,-0.0016,-0.002,9.8066,0.0036,-0.0059,0.0051,1.5,-37.12,-5.56,190.4,-86.99,-148
52.42223,-1.539751,176.27,0.3,2,319.56,20 / 21,585309,2019-09-06 19:29:51:052,-0.1918,1.3329,9.8165,-0.0001,-0.0001,9.8066,0.0145,0,0.0079,1.31,-36,-5.19,195.28,-87.01,-147.87
52.42223,-1.539751,176.27,0.3,2,319.56,20 / 21,585410,2019-09-06 19:29:51:153,-0.38,0.8745,9.8396,0.0005,-0.0075,9.8066,0.0012,-0.0118,0.0012,2.19,-36.56,-5.37,188.13,-87.07,-147.24
52.42223,-1.539751,176.27,0.3,2,319.56,20 / 21,585509,2019-09-06 19:29:51:252,-0.3206,0.7118,9.9119,-0.0033,0.0037,9.8066,0.0208,-0.0064,-0.0042,2.19,-37.06,-5,187.93,-87.05,-147.49
52.42223,-1.539751,176.27,0.3,2,319.56,20 / 21,585610,2019-09-06 19:29:51:353,-0.2691,0.8565,9.7425,-0.0025,-0.0011,9.8066,0.0137,-0.0193,-0.0172,1.69,-36.94,-5.31,187.89,-87.07,-147.56
52.42223,-1.539751,176.27,0.3,2,319.56,20 / 21,585709,2019-09-06 19:29:51:452,-0.3698,1.3098,9.7284,-0.0021,-0.0033,9.8066,0.011,-0.0097,-0.0097,2,-37.19,-5.37,187.24,-87.1,-148.45
52.42223,-1.539751,176.27,0.3,2,319.56,20 / 21,585809,2019-09-06 19:29:51:552,-0.1489,0.5444,9.9212,-0.0004,-0.0079,9.8066,0.009,-0.0088,-0.015,2.06,-36.44,-5.31,187.06,-87.14,-148.8
52.42223,-1.539751,176.27,0.3,2,319.56,20 / 21,585909,2019-09-06 19:29:51:652,-0.3581,1.1081,9.7989,-0.0024,-0.0058,9.8066,-0.0039,-0.0204,-0.0192,2.19,-36.69,-5.87,189.15,-87.17,-149.79
52.42223,-1.539751,176.27,0.3,2,319.56,20 / 21,586009,2019-09-06 19:29:51:752,-0.3226,0.8473,9.7481,-0.0061,-0.0004,9.8066,0.0079,-0.0083,-0.0215,2.25,-37.12,-5.19,184.87,-87.19,-151.7
52.42223,-1.539751,176.27,0.3,2,319.56,20 / 21,586110,2019-09-06 19:29:51:853,-0.3317,0.8934,9.7569,-0.0056,-0.0038,9.8066,-0.0002,-0.0143,0.0004,1.88,-37.56,-5.12,183.82,-87.23,-153.08
52.42223,-1.539751,176.27,0.3,2,319.56,20 / 21,586209,2019-09-06 19:29:51:952,-0.1933,0.567,9.8023,-0.004,-0.0024,9.8066,0.0116,-0.0228,0.0006,2.25,-37,-5.81,185.54,-87.23,-154.47
52.42223,-1.539751,176.27,0.3,2,319.56,20 / 21,586309,2019-09-06 19:29:52:052,-0.1836,0.5371,9.8032,-0.002,0.001,9.8066,0.0009,-0.0121,-0.021,1.81,-36.75,-5.44,182,-87.21,-155.54
52.42223,-1.539751,176.27,0.3,2,319.56,20 / 21,586409,2019-09-06 19:29:52:152,-0.1503,0.5466,9.9126,0.0005,-0.0031,9.8066,0.0104,-0.0163,0.0067,2.06,-37.12,-5.5,181.45,-87.19,-156.27
52.42223,-1.539751,176.27,0.3,2,319.56,20 / 21,586510,2019-09-06 19:29:52:253,-0.141,0.6089,9.7895,-0.0049,0.0046,9.8066,-0.0091,-0.0021,-0.0047,2.63,-36.87,-6.44,177.49,-87.2,-156.62
52.42223,-1.539751,176.27,0.3,2,319.56,20 / 21,586609,2019-09-06 19:29:52:352,-0.2869,0.8586,9.8021,-0.0021,0.0004,9.8066,-0.0105,-0.0221,-0.0164,2.69,-36.56,-5.19,173.65,-87.19,-157.35
52.42223,-1.539751,176.27,0.3,2,319.56,20 / 21,586710,2019-09-06 19:29:52:453,-0.2528,0.5001,9.8165,-0.0019,-0.0001,9.8066,-0.0029,0.0024,0.0071,2.81,-36.5,-5,173.17,-87.19,-157.92
52.42223,-1.539751,176.27,0.3,2,319.56,20 / 21,586809,2019-09-06 19:29:52:552,-0.2991,0.7792,9.9101,0.0008,0.0011,9.8066,0.0109,-0.016,0.0236,3.25,-36.5,-5.44,173.24,-87.22,-157.81
52.42223,-1.539751,176.27,0.3,2,319.56,20 / 21,586910,2019-09-06 19:29:52:653,-0.2533,0.7159,9.7853,0,0.0014,9.8066,-0.0104,-0.0143,-0.0131,3,-37.06,-5.56,177.04,-87.2,-157.19
52.42223,-1.539751,176.27,0.3,2,319.56,20 / 21,587010,2019-09-06 19:29:52:753,-0.0697,0.3024,9.8563,-0.0012,0.0005,9.8066,-0.009,-0.0039,0.0051,3.63,-36.31,-5.44,167.47,-87.22,-157.24
52.42223,-1.539751,176.27,0.3,2,319.56,20 / 21,587110,2019-09-06 19:29:52:853,-0.3672,0.5377,9.797,-0.0021,0.0019,9.8066,0.0226,-0.0032,-0.0037,2.69,-36.31,-5.5,173.26,-87.2,-157.79
52.42223,-1.539751,176.27,0.3,2,319.56,20 / 21,587210,2019-09-06 19:29:52:953,-0.3455,0.4191,9.8175,-0.0012,-0.0026,9.8066,0.0111,-0.0065,-0.0129,2.81,-37.62,-5.31,172.78,-87.2,-158.54
52.42223,-1.539751,176.27,0.3,2,319.56,20 / 21,587309,2019-09-06 19:29:53:052,-0.3957,0.7883,9.637,-0.0015,-0.004,9.8066,-0.0299,-0.0031,-0.0005,2.5,-37.37,-5.44,172.3,-87.19,-159.12
52.42223,-1.539751,176.27,0.3,2,319.56,20 / 21,587410,2019-09-06 19:29:53:153,-0.3776,0.8213,9.7635,-0.0026,-0.0032,9.8066,-0.0031,0.0253,0.0118,2.81,-37.5,-4.81,171.97,-87.22,-159.53
52.42223,-1.539751,176.27,0.3,2,319.56,20 / 21,587509,2019-09-06 19:29:53:252,-0.2281,0.5698,9.849,-0.0014,-0.0034,9.8066,-0.0017,0.0033,-0.0186,2.38,-37.25,-5.19,178.44,-87.3,-160.26
52.42223,-1.539751,176.27,0.3,2,319.56,20 / 21,587609,2019-09-06 19:29:53:352,-0.392,0.5436,9.8157,-0.0003,-0.0013,9.8066,-0.0114,0.0083,-0.0142,3.19,-37,-5.06,171.17,-87.32,-160.46
52.42223,-1.539751,176.27,0.3,2,319.56,20 / 21,587710,2019-09-06 19:29:53:453,-0.2353,0.1691,9.9285,-0.0007,0.0007,9.8066,0.0216,0.0256,0.0125,3,-37.25,-4.87,171.22,-87.31,-160.41
52.42223,-1.539751,176.27,0.3,2,319.56,20 / 21,587810,2019-09-06 19:29:53:553,-0.1003,0.2717,10.1274,-0.0008,-0.0019,9.8066,0.0206,0.0194,-0.0054,2.88,-37.25,-5.12,170.88,-87.33,-160.83
52.42223,-1.539751,176.27,0.3,2,319.56,20 / 21,587910,2019-09-06 19:29:53:653,-0.2925,0.3001,9.8712,-0.0023,-0.0043,9.8066,-0.0266,0.017,-0.0423,2.88,-36.75,-5.37,170.29,-87.36,-161.56
52.42223,-1.539751,176.27,0.3,2,319.56,20 / 21,588010,2019-09-06 19:29:53:753,-0.1323,0.1257,9.7784,-0.0096,0.001,9.8066,-0.0391,0.025,-0.0223,3.69,-36.31,-5.12,162.65,-87.38,-163.07
52.42223,-1.539751,176.27,0.3,2,319.56,20 / 21,588110,2019-09-06 19:29:53:853,-0.32,0.1382,9.7199,-0.0067,0,9.8066,0.0484,0.0463,-0.0042,3.56,-37.31,-5.31,160.44,-87.38,-165.96
52.42223,-1.539751,176.27,0.3,2,319.56,20 / 21,588210,2019-09-06 19:29:53:953,-0.3084,0.4435,9.7971,-0.001,-0.0031,9.8066,0.0134,0.0348,-0.0044,4.56,-36.75,-5.81,157.75,-87.39,-167.11
52.42223,-1.539751,176.27,0.3,2,319.56,20 / 21,588309,2019-09-06 19:29:54:052,-0.1307,0.2805,9.7525,0,-0.0011,9.8066,0.0014,0.043,-0.0227,4.44,-37.19,-5.12,159.21,-87.37,-167.5
52.42223,-1.539751,176.27,0.3,2,319.56,20 / 21,588410,2019-09-06 19:29:54:153,-0.166,0.5605,9.8192,-0.0051,0.0018,9.8066,-0.0123,0.0549,-0.0016,4.56,-37.31,-5.19,152.8,-87.34,-168.54
52.42223,-1.539751,176.27,0.3,2,319.56,20 / 21,588509,2019-09-06 19:29:54:252,-0.0562,-0.1308,9.9011,-0.0071,-0.0012,9.8066,0.0144,0.0553,-0.0037,3.63,-36.94,-4.81,157.2,-87.36,-170.05
52.42223,-1.539751,176.27,0.3,2,319.56,20 / 21,588610,2019-09-06 19:29:54:353,0.1116,-0.1243,9.7658,-0.0037,-0.0074,9.8066,-0.0018,0.031,-0.0446,3.69,-37,-4.75,156.28,-87.39,-171.11
52.42223,-1.539751,176.27,0.3,2,319.56,20 / 21,588709,2019-09-06 19:29:54:452,-0.2894,0.0065,9.7687,-0.0071,-0.0094,9.8066,-0.0071,0.063,-0.0225,3.88,-37.31,-4.62,153.3,-87.45,-174.64
52.42223,-1.539751,176.27,0.3,2,319.56,20 / 21,588809,2019-09-06 19:29:54:552,-0.2814,-0.0998,9.8388,-0.004,-0.0071,9.8066,-0.0041,0.0747,-0.0162,4.56,-37.62,-4.69,144.98,-87.51,-177.68
52.42223,-1.539751,176.27,0.3,2,319.56,20 / 21,588909,2019-09-06 19:29:54:652,-0.2178,0.2834,9.7413,-0.0019,-0.0072,9.8066,-0.0206,0.0782,-0.0297,4.31,-37.31,-4.62,148.86,-87.56,-179.77
52.42223,-1.539751,176.27,0.3,2,319.56,20 / 21,589009,2019-09-06 19:29:54:752,-0.4121,0.4118,9.7877,-0.0061,0.0003,9.8066,-0.0321,0.0609,-0.0229,4.31,-37.12,-4.94,147.17,-87.54,178.13
52.42223,-1.539751,176.27,0.3,2,319.56,20 / 21,589110,2019-09-06 19:29:54:853,-0.2934,0.1932,9.9669,-0.0029,-0.0004,9.8066,-0.0274,0.0916,-0.012,4.69,-37.12,-4.87,140.6,-87.57,177.52
52.42223,-1.539751,176.27,0.3,2,319.56,20 / 21,589212,2019-09-06 19:29:54:955,-0.0537,-0.0747,10.0466,0.0038,-0.0085,9.8066,-0.0244,0.1033,0.0123,4.94,-36.81,-4.87,139.91,-87.6,176.81
52.42223,-1.539751,176.27,0.3,2,319.56,20 / 21,589310,2019-09-06 19:29:55:053,-0.0458,0.0772,10.0409,0.0025,-0.0034,9.8066,0.001,0.0864,-0.0102,4.81,-37.19,-4.75,138.96,-87.69,176.02
52.42223,-1.539751,176.27,0.3,2,319.56,20 / 21,589410,2019-09-06 19:29:55:153,-0.196,0.3623,10.0015,-0.0049,0.0025,9.8066,-0.0241,0.0778,-0.0426,4.88,-36.44,-4.5,133.9,-87.69,175.86
52.42223,-1.539751,176.27,0.3,2,319.56,20 / 21,589510,2019-09-06 19:29:55:253,0.0102,0.2847,9.6711,-0.0068,-0.002,9.8066,-0.0205,0.0975,-0.0023,5.25,-36.69,-4.56,137.15,-87.7,173.94
52.42223,-1.539751,176.27,0.3,2,319.56,20 / 21,589609,2019-09-06 19:29:55:352,-0.2476,0.0331,9.7615,-0.0038,-0.0086,9.8066,-0.0285,0.0944,-0.0009,5.38,-36.81,-4.37,128.64,-87.76,169.82
52.42223,-1.539751,176.27,0.3,2,319.56,20 / 21,589710,2019-09-06 19:29:55:453,-0.1233,0.0418,9.7589,0.0023,-0.0021,9.8066,0.0162,0.0959,-0.0387,5.63,-37.56,-4.37,122.88,-87.78,169.32
52.42223,-1.539751,176.27,0.3,2,319.56,20 / 21,589810,2019-09-06 19:29:55:553,-0.7194,0.376,10.0219,0.0054,-0.0085,9.8065,0.0477,0.1201,0.0141,5.5,-37.12,-4.69,127.23,-87.77,169.01
52.42223,-1.539751,176.27,0.3,2,319.56,20 / 21,589910,2019-09-06 19:29:55:653,-0.8411,0.201,9.8255,-0.0015,0.0104,9.8066,-0.0296,0.096,0.0334,5.31,-37.12,-4.37,128.81,-87.83,170.36
52.42223,-1.539751,176.27,0.3,2,319.56,20 / 21,590009,2019-09-06 19:29:55:752,-0.2031,0.5119,9.8331,-0.0003,0.013,9.8065,-0.0621,0.101,-0.0036,5.44,-37.37,-4.62,137.1,-87.78,174.19
52.42223,-1.539751,176.27,0.3,2,319.56,20 / 21,590109,2019-09-06 19:29:55:852,-0.5033,0.4456,9.7653,0.0027,0.0089,9.8066,0.0163,0.1342,0.0034,4.88,-37.12,-3.87,133.99,-87.84,176.33
52.42223,-1.539751,176.27,0.3,2,319.56,20 / 21,590216,2019-09-06 19:29:55:959,-0.3113,0.3234,9.9668,0.0092,-0.0094,9.8066,-0.0077,0.136,-0.0249,5.44,-37.37,-4,134.98,-87.94,177.89
52.42223,-1.539751,176.27,0.3,2,319.56,20 / 21,590309,2019-09-06 19:29:56:052,-0.5152,0.5819,9.9893,-0.0046,-0.0002,9.8066,-0.0222,0.1351,-0.0132,5.5,-37.5,-3.44,124.02,-87.92,177.91
52.42223,-1.539751,176.27,0.3,2,319.56,20 / 21,590410,2019-09-06 19:29:56:153,-0.3711,-0.086,9.7601,-0.0102,-0.0043,9.8066,0.0172,0.124,-0.0169,5.25,-37.44,-2.81,127.02,-87.92,175.49
52.42223,-1.539751,176.27,0.3,2,319.56,20 / 21,590509,2019-09-06 19:29:56:252,-0.462,-0.2321,9.8308,-0.0103,-0.0069,9.8066,-0.0271,0.1386,-0.0643,6.13,-37.31,-3.06,117.81,-87.86,170.78
52.42223,-1.539751,176.27,0.3,2,319.56,20 / 21,590609,2019-09-06 19:29:56:352,-0.7902,-0.173,9.8891,-0.0163,-0.0117,9.8066,-0.0095,0.1754,-0.0231,5.75,-36.69,-3.25,113.54,-87.8,165.78
52.42223,-1.539751,176.27,0.3,2,319.56,20 / 21,590709,2019-09-06 19:29:56:452,-0.6611,-0.1513,9.7708,-0.0104,-0.0047,9.8066,0.0135,0.1862,-0.0319,6.25,-36.31,-2.25,102.3,-87.71,160.99
52.42223,-1.539751,176.27,0.3,2,319.56,20 / 21,590809,2019-09-06 19:29:56:552,-0.7649,-0.4444,9.7762,-0.0133,-0.0038,9.8066,0.0301,0.165,-0.0447,7,-36.06,-1.62,96.91,-87.51,158.66
52.42223,-1.539751,176.27,0.3,2,319.56,20 / 21,590909,2019-09-06 19:29:56:652,-0.5486,-0.397,9.8094,-0.0118,-0.0058,9.8066,0.0049,0.229,-0.0443,6.56,-36.44,-0.81,88.77,-87.31,156.8
52.42223,-1.539751,176.27,0.3,2,319.56,20 / 21,591010,2019-09-06 19:29:56:753,-0.7999,-0.4306,9.8066,-0.0138,-0.008,9.8066,-0.0005,0.2414,-0.0114,6.56,-36.37,-0.12,80.14,-87.15,155.53
52.42223,-1.539751,176.27,0.3,2,319.56,20 / 21,591110,2019-09-06 19:29:56:853,-0.9247,-0.6948,9.9406,-0.007,-0.0067,9.8066,-0.0088,0.2858,-0.0583,7.31,-36.06,0.13,78.27,-86.99,152.89
52.42223,-1.539751,176.27,0.3,2,319.56,20 / 21,591209,2019-09-06 19:29:56:952,-1.0572,-0.8088,9.8207,-0.0004,-0.0196,9.8066,0.0056,0.3007,-0.0804,7.75,-36.31,0.94,65.9,-86.86,150.08
52.42223,-1.539751,176.27,0.3,2,319.56,20 / 21,591310,2019-09-06 19:29:57:053,-2.1344,-1.2131,9.5194,-0.0199,-0.0121,9.8066,0.0095,0.3255,-0.0413,8.13,-36.31,0.69,64.83,-86.56,147.88
52.42223,-1.539751,176.27,0.3,2,319.56,20 / 21,591409,2019-09-06 19:29:57:152,-0.5514,-1.0574,9.6376,-0.0134,-0.0089,9.8066,0.0232,0.3635,-0.0221,8.94,-35.5,1.25,64.45,-86.22,147.43
52.42223,-1.539751,176.27,0.3,2,319.56,20 / 21,591510,2019-09-06 19:29:57:253,-1.5487,-0.5742,9.8485,-0.0074,-0.0048,9.8066,-0.0003,0.3649,-0.0441,9.31,-36,1.38,66.03,-86.08,147.9
52.42223,-1.539751,176.27,0.3,2,319.56,20 / 21,591610,2019-09-06 19:29:57:353,-1.6068,-1.1825,9.872,-0.0071,-0.0103,9.8066,-0.0171,0.3727,-0.0254,9,-35.75,2.13,59.32,-85.96,148.06
52.42223,-1.539751,176.27,0.3,2,319.56,20 / 21,591710,2019-09-06 19:29:57:453,-1.0917,-0.889,9.5705,-0.0043,-0.0041,9.8066,-0.0363,0.4212,-0.093,10.06,-34.5,2.44,58.1,-85.78,147.31
52.42223,-1.539751,176.27,0.3,2,319.56,20 / 21,591810,2019-09-06 19:29:57:553,-1.0028,-1.6042,9.9756,-0.0014,-0.0164,9.8066,0.0583,0.4159,-0.031,10.75,-34.75,4.31,45.27,-85.63,145.84
52.42223,-1.539751,176.27,0.3,2,319.56,20 / 21,591909,2019-09-06 19:29:57:652,-1.0781,-1.6911,10.1592,0.0184,-0.0023,9.8066,0.042,0.4373,-0.0327,10.5,-35,4.38,44.04,-85.52,144.58
52.42223,-1.539751,176.27,0.3,2,319.56,20 / 21,592010,2019-09-06 19:29:57:753,-0.941,-0.8619,10.19,-0.0121,0.0007,9.8066,-0.0767,0.4317,-0.0492,10.75,-35.37,5.5,31.39,-85.61,143.53
52.42223,-1.539751,176.27,0.3,2,319.56,20 / 21,592110,2019-09-06 19:29:57:853,-0.7815,-1.8939,9.7936,-0.0077,-0.0195,9.8065,-0.054,0.4297,-0.029,10.94,-35.44,5.56,31.57,-85.48,143.48
52.42223,-1.539751,176.27,0.3,2,319.56,20 / 21,592209,2019-09-06 19:29:57:952,-1.3613,-1.6279,9.6939,-0.0213,-0.0094,9.8065,0.0383,0.4314,-0.069,11.38,-34.81,6,32.31,-85.29,143.78
52.42223,-1.539751,176.27,0.3,2,319.56,20 / 21,592309,2019-09-06 19:29:58:052,-1.0393,-1.6083,9.5362,0.0005,-0.0128,9.8066,-0.0059,0.4636,-0.0854,11.19,-34.37,8.06,23.12,-85.07,144.23
52.42223,-1.539751,176.27,0.3,2,319.56,20 / 21,592410,2019-09-06 19:29:58:153,-0.5837,-1.6528,9.6661,0.0007,0.0013,9.8066,-0.0229,0.4535,-0.0317,12,-33.94,8.63,20.55,-84.97,143.34
52.42223,-1.539751,176.27,0.3,2,319.56,20 / 21,592509,2019-09-06 19:29:58:252,-0.5041,-1.0487,9.7102,0.0106,0.0094,9.8066,-0.0593,0.3697,-0.032,12.19,-34,9.25,20.35,-85,143.21
52.42223,-1.539751,176.27,0.3,2,319.56,20 / 21,592610,2019-09-06 19:29:58:353,-0.1857,-1.1482,9.7362,0.0288,0.0119,9.8066,-0.0209,0.3446,-0.0347,12.25,-34.69,9.5,13.87,-85.21,141.06
52.42223,-1.539751,176.27,0.3,2,319.56,20 / 21,592709,2019-09-06 19:29:58:452,-0.2622,-1.5423,10.0189,0.0103,0.0033,9.8066,-0.0122,0.3509,-0.0465,12.44,-33.75,10.13,10.55,-85.22,138.42
52.42223,-1.539751,176.27,0.3,2,319.56,20 / 21,592810,2019-09-06 19:29:58:553,-1.0222,-1.1956,10.0797,0.008,0.008,9.8066,-0.0805,0.2948,-0.0128,12.94,-33.75,11.13,8.9,-85.28,137.65
52.42223,-1.539751,176.27,0.3,2,319.56,20 / 21,592910,2019-09-06 19:29:58:653,-0.9984,-0.1348,10.0742,0.0002,0.0015,9.8065,-0.0632,0.263,-0.0276,14.25,-33.25,11.5,7.63,-85.45,137.13
52.42223,-1.539751,176.27,0.3,2,319.56,20 / 21,593010,2019-09-06 19:29:58:753,-0.9519,-0.9238,9.5645,0.0124,-0.0016,9.8066,-0.0275,0.2174,-0.0022,14.31,-33.94,11.5,4.87,-85.51,134.76
52.42223,-1.539751,176.27,0.3,2,319.56,20 / 21,593109,2019-09-06 19:29:58:852,-0.1316,-0.9185,9.4817,-0.0017,-0.0135,9.8066,-0.0692,0.1836,-0.0762,14.38,-34,11.63,3.58,-85.48,133.65
52.42223,-1.539751,176.27,0.3,2,319.56,20 / 21,593210,2019-09-06 19:29:58:953,-0.1738,-0.9711,10.1594,-0.0056,-0.0211,9.8066,0.0408,0.16,0.0585,15.13,-32.94,12.06,5.8,-85.21,133.61
52.42223,-1.539751,176.27,0.3,2,319.56,20 / 21,593310,2019-09-06 19:29:59:053,-1.1169,-0.9758,10.1999,-0.0149,-0.0018,9.8066,0.1067,0.1907,0.0194,15.06,-32.94,12.88,4.47,-85.03,134.72
52.42228,-1.53992,175.81,4.15,2,259.73,20 / 21,593410,2019-09-06 19:29:59:153,-2.4379,-0.7012,9.8881,-0.0194,0.0003,9.8066,-0.0072,0.1301,-0.0809,14.63,-33,13.38,7.54,-85.01,137.34
52.42228,-1.53992,175.81,4.15,2,259.73,20 / 21,593509,2019-09-06 19:29:59:252,-2.0639,-0.4677,10.3109,0.0144,-0.0053,9.8066,0.1081,0.0041,0.0296,14,-33,12.88,5.06,-84.81,137.13
52.42228,-1.53992,175.81,4.15,2,259.73,20 / 21,593609,2019-09-06 19:29:59:352,-1.1182,-1.2883,9.3394,-0.0114,-0.0065,9.8066,-0.027,0.06,0.008,13.63,-32.25,13.69,4.23,-84.68,138.58
52.42228,-1.53992,175.81,4.15,2,259.73,20 / 21,593709,2019-09-06 19:29:59:452,-0.0853,-1.8176,9.1392,0.0019,-0.0007,9.8066,0.05,0.0484,-0.0098,14.06,-33.19,13.31,7.88,-84.46,139.41
52.42228,-1.53992,175.81,4.15,2,259.73,20 / 21,593810,2019-09-06 19:29:59:553,-0.2682,-1.8664,9.4202,-0.0104,0.0033,9.8066,0.0291,-0.0415,0.099,12.69,-33.12,13.13,7.36,-84.4,141.04
52.42228,-1.53992,175.81,4.15,2,259.73,20 / 21,593910,2019-09-06 19:29:59:653,-0.9384,-0.7546,9.8908,0.0081,0.022,9.8065,-0.0543,0.1314,0.0328,12.38,-32.44,12.38,10.15,-84.65,143.33
52.42228,-1.53992,175.81,4.15,2,259.73,20 / 21,594010,2019-09-06 19:29:59:753,-1.5356,-0.9099,10.1776,-0.0032,0.0486,9.8064,-0.0215,-0.0456,0.0878,12.25,-33.44,12,10.38,-84.88,143.55
52.42228,-1.53992,175.81,4.15,2,259.73,20 / 21,594110,2019-09-06 19:29:59:853,0.6483,-0.6487,9.3496,-0.0206,-0.0119,9.8065,-0.202,0.041,-0.0142,11.75,-33.69,10.63,17.18,-85.38,146.79
52.42228,-1.53992,175.81,4.15,2,259.73,20 / 21,594210,2019-09-06 19:29:59:953,-0.7648,1.5886,9.1015,-0.0437,-0.0287,9.8064,0.0176,0.0462,0.056,11.13,-34,11.81,11.26,-85.56,146.91
52.42228,-1.53992,175.81,4.15,2,259.73,20 / 21,594310,2019-09-06 19:30:00:053,-0.5012,0.1845,8.1606,0.0008,0.002,9.8066,-0.2636,0.0983,-0.1312,12.25,-34.62,12.88,14.22,-85.89,149.47
52.42228,-1.53992,175.81,4.15,2,259.73,20 / 21,594410,2019-09-06 19:30:00:153,0.4068,-0.3901,11.6574,0.0119,0.0077,9.8066,0.2111,-0.1962,0.2012,11.44,-33.87,12.63,11.62,-85.87,149.7
52.42228,-1.53992,175.81,4.15,2,259.73,20 / 21,594510,2019-09-06 19:30:00:253,-1.0416,-2.331,10.8451,-0.0076,-0.0257,9.8066,0.1513,0.0424,-0.0349,11.81,-34.44,13.81,12.84,-85.84,150.51
52.42228,-1.53992,175.81,4.15,2,259.73,20 / 21,594609,2019-09-06 19:30:00:352,-2.7261,1.3683,9.9647,-0.0214,0.0151,9.8066,-0.2205,0.1236,-0.0663,11.69,-34.25,13.63,15.56,-85.96,152.92
52.42228,-1.53992,175.81,4.15,2,259.73,20 / 21,594711,2019-09-06 19:30:00:454,0.3274,-2.542,8.0558,-0.0142,-0.043,9.8065,-0.1594,0.1147,-0.0792,11.06,-34.25,14,18.56,-85.6,157.68
52.42228,-1.53992,175.81,4.15,2,259.73,20 / 21,594809,2019-09-06 19:30:00:552,-2.1638,-0.348,8.5423,-0.0306,-0.0668,9.8063,0.0428,0.0141,-0.0826,11.13,-34.19,14.25,18.77,-85.43,157.75
52.42228,-1.53992,175.81,4.15,2,259.73,20 / 21,594910,2019-09-06 19:30:00:653,0.1803,-2.1906,9.2751,0.0485,0.0527,9.8064,0.0505,0.1142,-0.0753,11.19,-35.12,13.31,13.91,-85.95,151.65
52.42228,-1.53992,175.81,4.15,2,259.73,20 / 21,595009,2019-09-06 19:30:00:752,-0.4852,-1.5403,8.8601,0.055,0.0483,9.8063,-0.2571,-0.0365,0.0355,11.31,-34.62,13.44,8.36,-86.16,146.96
52.42228,-1.53992,175.81,4.15,2,259.73,20 / 21,595110,2019-09-06 19:30:00:853,-1.9345,-0.4568,9.3646,-0.0382,-0.0137,9.8065,-0.1593,-0.0412,0.0678,11.63,-35,12.5,15.42,-86.21,150.68
52.42228,-1.53992,175.81,4.15,2,259.73,20 / 21,595210,2019-09-06 19:30:00:953,-0.9586,0.1333,9.7682,-0.0264,-0.0161,9.8065,0.1509,-0.0438,-0.0016,12.19,-34.69,12.56,17.17,-86.23,152.22
52.42228,-1.53992,175.81,4.15,2,259.73,20 / 21,595309,2019-09-06 19:30:01:052,0.3633,-0.5127,9.3323,0.0375,0.0218,9.8065,0.1855,-0.0626,-0.0631,13.44,-34.06,13.81,18.29,-85.98,153.12
52.42228,-1.53992,175.81,4.15,2,259.73,19 / 20,595409,2019-09-06 19:30:01:152,-0.7538,-0.6294,9.8116,0.0388,0.0183,9.8065,0.0831,-0.0305,-0.0324,13.63,-33.56,14.31,17.59,-85.97,150.46
52.42228,-1.53992,175.81,4.15,2,259.73,19 / 20,595509,2019-09-06 19:30:01:252,0.1338,-2.2136,9.0648,-0.0359,-0.0421,9.8065,-0.0886,-0.0072,0.0847,12.81,-33.44,14.81,11.96,-85.89,149.6
52.42228,-1.53992,175.81,4.15,2,259.73,19 / 20,595609,2019-09-06 19:30:01:352,-1.0002,1.8442,10.7627,-0.0501,-0.0141,9.8065,-0.0913,-0.076,0.1283,12.5,-33.44,13.63,20.27,-85.88,154.88
52.42228,-1.53992,175.81,4.15,2,259.73,19 / 20,595710,2019-09-06 19:30:01:453,-2.5343,-1.4247,10.9499,0.0268,0.0667,9.8063,-0.0291,-0.0709,0.0461,11.19,-33.62,13.38,19.07,-86.46,156.49
52.42228,-1.53992,175.81,4.15,2,259.73,19 / 20,595809,2019-09-06 19:30:01:552,-1.3433,-1.2963,9.2498,0.0651,0.07,9.8061,0.356,0.0902,0.0352,11.31,-33.87,13.44,21.82,-86.52,158.97
52.42228,-1.53992,175.81,4.15,2,259.73,19 / 20,595910,2019-09-06 19:30:01:653,-0.1156,-1.7284,10.3507,-0.0698,-0.0896,9.8059,-0.1612,-0.1149,0.0204,10.81,-34.69,13.56,21.16,-86.42,160.43
52.42228,-1.53992,175.81,4.15,2,259.73,19 / 20,596009,2019-09-06 19:30:01:752,1.2051,-1.1446,9.2069,-0.0923,-0.0832,9.8058,-0.1811,-0.2053,0.0814,10.5,-35.25,12.63,31.49,-85.52,166.37
52.42228,-1.53992,175.81,4.15,2,259.73,19 / 20,596110,2019-09-06 19:30:01:853,-0.5666,0.9893,9.7838,0.0698,0.0468,9.8062,0.5795,0.0037,-0.0593,11.25,-35.87,13.13,30.27,-85.48,165.13
52.42228,-1.53992,175.81,4.15,2,259.73,19 / 20,596209,2019-09-06 19:30:01:952,-1.589,-1.7975,9.4987,0.0555,0.0184,9.8064,0.3186,0.0033,-0.0942,10.75,-35.06,13,28.59,-84.95,163.29
52.42228,-1.53992,175.81,4.15,2,259.73,19 / 20,596311,2019-09-06 19:30:02:054,-0.6242,-2.1171,9.8012,-0.0067,-0.027,9.8066,-0.1728,-0.0705,0.0554,11.19,-35.75,13.25,26.24,-84.51,160.76
52.42228,-1.53992,175.81,4.15,2,259.73,19 / 21,596409,2019-09-06 19:30:02:152,-0.7213,0.2744,8.4133,0.0257,-0.0092,9.8065,-0.1833,0.0032,-0.0908,11.13,-35.37,12.88,22.7,-84.66,158.14
52.42228,-1.53992,175.81,4.15,2,259.73,19 / 21,596510,2019-09-06 19:30:02:253,-0.2203,1.1292,8.8693,0.0442,0.0186,9.8065,-0.2454,-0.0142,-0.1082,11.81,-34.94,12.63,18.63,-84.9,152.63
52.42228,-1.53992,175.81,4.15,2,259.73,19 / 21,596609,2019-09-06 19:30:02:352,2.4623,0.674,10.3731,0.014,0.016,9.8066,0.1442,-0.0723,0.0844,11.75,-35.62,12.25,15.11,-85.36,147.5
52.42228,-1.53992,175.81,4.15,2,259.73,19 / 21,596710,2019-09-06 19:30:02:453,-1.4516,0.8189,10.8061,0.0173,0.0326,9.8066,0.0388,-0.0623,0.0085,12,-35.12,12.75,8.97,-85.68,144.9
52.42228,-1.53992,175.81,4.15,2,259.73,19 / 21,596809,2019-09-06 19:30:02:552,-0.6866,-0.3383,10.1759,0.0072,-0.0066,9.8066,0.0845,0.0212,0.0095,11.63,-35.5,12.5,12.15,-85.39,147.49
52.42228,-1.53992,175.81,4.15,2,259.73,19 / 21,596909,2019-09-06 19:30:02:652,-0.7401,0.3182,9.6958,-0.0179,-0.0328,9.8066,0.1143,0.0428,-0.0453,11.56,-35.19,14,13.77,-84.81,150.77
52.42228,-1.53992,175.81,4.15,2,259.73,19 / 21,597010,2019-09-06 19:30:02:753,-2.2214,-0.0838,10.2736,-0.0099,-0.001,9.8066,0.1263,-0.107,0.048,11.31,-35.31,12.94,16.68,-84.33,153.02
52.42228,-1.53992,175.81,4.15,2,259.73,19 / 21,597110,2019-09-06 19:30:02:853,0.2842,-0.079,10.2967,0.0089,0.0055,9.8066,-0.1405,-0.0678,0.023,11.63,-35.19,13.31,17.59,-84.43,151.48
52.42228,-1.53992,175.81,4.15,2,259.73,19 / 21,597210,2019-09-06 19:30:02:953,-0.4618,0.3143,9.4036,0.0255,0.0206,9.8066,-0.1241,0.0175,0.0132,11.5,-34.62,12.63,14.72,-84.79,149.34
52.42228,-1.53992,175.81,4.15,2,259.73,19 / 21,597309,2019-09-06 19:30:03:052,-0.6983,1.0851,9.6129,0.0087,-0.0264,9.8065,-0.0857,0.0484,-0.1216,11.19,-34.44,12.81,10.59,-84.82,148.41
52.42228,-1.53992,175.81,4.15,2,259.73,20 / 21,597409,2019-09-06 19:30:03:152,-0.0722,0.5412,9.4136,-0.0323,-0.0345,9.8065,-0.1298,-0.0868,0.0116,10.81,-34.12,13,11.03,-84.68,148.72
52.42228,-1.53992,175.81,4.15,2,259.73,20 / 21,597510,2019-09-06 19:30:03:253,0.4207,0.7325,9.728,0.0025,0.0245,9.8066,0.0713,-0.1209,0.0524,11.19,-33.94,13.13,8.86,-84.65,146.94
52.42228,-1.53992,175.81,4.15,2,259.73,20 / 21,597610,2019-09-06 19:30:03:353,0.2149,1.2545,11.1544,0.0441,0.0276,9.8065,0.0387,0.0386,-0.0362,12.13,-33.37,13.56,7.73,-84.87,145.86
52.42228,-1.53992,175.81,4.15,2,259.73,20 / 21,597710,2019-09-06 19:30:03:453,-0.2169,1.3208,10.6399,0.0016,-0.0077,9.8065,0.0046,0.0174,-0.0434,12,-34.37,12.81,11.88,-84.75,147.04
52.42228,-1.53992,175.81,4.15,2,259.73,20 / 21,597809,2019-09-06 19:30:03:552,-0.2996,0.3807,10.6813,-0.0089,-0.012,9.8066,0.0553,-0.0634,-0.0402,12,-34.44,13.31,11.73,-84.56,146.84
52.42228,-1.53992,175.81,4.15,2,259.73,20 / 21,597910,2019-09-06 19:30:03:653,-0.4846,0.172,9.161,-0.0507,-0.0097,9.8065,-0.1009,0.054,0.0816,12.13,-34.94,13,14.13,-84.48,148.7
52.42228,-1.53992,175.81,4.15,2,259.73,20 / 21,598010,2019-09-06 19:30:03:753,-1.3964,-0.4026,10.329,-0.0305,-0.0076,9.8066,-0.0702,-0.0164,0.0749,12.25,-35.5,12.75,20.02,-84.38,153.41
52.42228,-1.53992,175.81,4.15,2,259.73,20 / 21,598110,2019-09-06 19:30:03:853,-0.1698,0.8711,10.351,0.0008,0.0115,9.8065,0.0329,0.0486,-0.022,12.06,-35.37,12.94,20.79,-84.65,154.24
52.42228,-1.53992,175.81,4.15,2,259.73,20 / 21,598211,2019-09-06 19:30:03:954,-0.9719,1.3606,10.2612,-0.0172,0.023,9.8066,0.1962,-0.0624,0.2333,11.69,-34.81,12.69,23.22,-84.83,156.39
52.42228,-1.53992,175.81,4.15,2,259.73,20 / 21,598309,2019-09-06 19:30:04:052,-0.4069,-0.1086,10.153,-0.0202,0.0051,9.8065,0.029,0.0589,0.0428,11.81,-35.81,12.63,28.83,-84.71,160.82
52.42228,-1.53992,175.81,4.15,2,259.73,20 / 21,598410,2019-09-06 19:30:04:153,-0.7943,-1.5322,9.381,-0.0224,0.0148,9.8066,-0.1948,-0.0211,0.1094,11,-35.69,12.88,31.24,-84.58,164.94
52.42228,-1.53992,175.81,4.15,2,259.73,20 / 21,598512,2019-09-06 19:30:04:255,-0.5567,0.9404,9.874,-0.0464,0.0094,9.8065,-0.1697,-0.0513,0.0465,11.25,-36.12,13.25,35.48,-84.68,168.59
52.42228,-1.53992,175.81,4.15,2,259.73,20 / 21,598609,2019-09-06 19:30:04:352,-1.0743,1.2286,9.4827,-0.0343,0.0121,9.8065,0.0254,-0.0638,0.0519,9.94,-35.87,13,40.58,-84.71,175.32
52.42228,-1.53992,175.81,4.15,2,259.73,20 / 21,598710,2019-09-06 19:30:04:453,-0.3311,-0.3767,9.4527,-0.0151,-0.0272,9.8065,-0.085,-0.0472,0.0756,10.25,-36.56,12.69,45.23,-84.63,178.89
52.42228,-1.53992,175.81,4.15,2,259.73,20 / 21,598810,2019-09-06 19:30:04:553,-1.1851,1.1251,9.5611,-0.0559,-0.0496,9.8063,0.1988,0.0037,-0.1716,9.88,-36.19,13.19,47.08,-84.32,-179.81
52.42228,-1.53992,175.81,4.15,2,259.73,20 / 21,598909,2019-09-06 19:30:04:652,-1.0423,0.3021,9.9101,0.0524,-0.0071,9.8064,0.0496,0.025,-0.1543,11.19,-36.06,13.38,42.97,-84.2,174.19
52.42228,-1.53992,175.81,4.15,2,259.73,20 / 21,599010,2019-09-06 19:30:04:753,1.6573,-0.5138,9.0406,0.0459,-0.0219,9.8065,-0.0537,-0.1972,0.0994,10.69,-35.75,13.19,37.55,-84,169.4
52.42228,-1.53992,175.81,4.15,2,259.73,20 / 21,599110,2019-09-06 19:30:04:853,-1.4183,0.8395,8.828,0.0172,0.0177,9.8066,-0.0518,-0.0113,-0.2144,11.13,-36,13.19,38.27,-83.95,169.93
52.42228,-1.53992,175.81,4.15,2,259.73,20 / 21,599210,2019-09-06 19:30:04:953,0.2221,0.8759,9.4331,0.0506,0.0046,9.8064,-0.0419,-0.0064,-0.0614,11,-35.81,12.25,35.85,-84.35,165.88
52.42228,-1.53992,175.81,4.15,2,259.73,20 / 21,599309,2019-09-06 19:30:05:052,0.8062,2.5182,10.4753,0.022,-0.0275,9.8065,-0.0676,-0.1305,-0.0318,11.44,-35.37,12.31,29.54,-84.51,161.09
52.42228,-1.53992,175.81,4.15,2,259.73,20 / 21,599410,2019-09-06 19:30:05:153,1.5697,0.1051,9.4582,-0.0054,0.0213,9.8066,0.0396,0.0213,-0.1173,11.06,-34.94,11.69,26.53,-84.69,158.81
52.42228,-1.53992,175.81,4.15,2,259.73,20 / 21,599510,2019-09-06 19:30:05:253,0.7987,1.0438,9.4795,-0.0012,0.0123,9.8065,0.0461,-0.0171,0.0804,11.56,-35.44,12.44,31.49,-84.58,160.53
52.42228,-1.53992,175.81,4.15,2,259.73,20 / 21,599610,2019-09-06 19:30:05:353,0.6296,1.1665,9.3852,0.0109,0.0242,9.8065,-0.0041,-0.0486,0.0414,11.75,-35.31,11.94,35.02,-84.47,163.33
52.42228,-1.53992,175.81,4.15,2,259.73,20 / 21,599709,2019-09-06 19:30:05:452,0.9233,-0.3575,9.7192,0.0299,0.0237,9.8065,0.0304,0.0662,0.0059,11.25,-33.37,12.25,31.9,-84.71,163.61
52.42228,-1.53992,175.81,4.15,2,259.73,20 / 21,599810,2019-09-06 19:30:05:553,-0.2454,0.2116,10.563,-0.0036,0.0011,9.8066,0.0693,0.0026,0.0077,11.38,-33.69,12,32.52,-84.59,163.8
52.42228,-1.53992,175.81,4.15,2,259.73,20 / 21,599910,2019-09-06 19:30:05:653,0.3434,0.5169,9.9868,-0.0223,-0.0085,9.8066,-0.0607,-0.1235,-0.0029,11,-32.69,11.88,33.09,-84.6,164.48
52.42228,-1.53992,175.81,4.15,2,259.73,20 / 21,600010,2019-09-06 19:30:05:753,-1.2479,1.6052,9.694,-0.0133,-0.0066,9.8066,0.0019,-0.0671,-0.0185,9.69,-33.25,12.63,29.23,-84.63,166.28
52.42228,-1.53992,175.81,4.15,2,259.73,20 / 21,600110,2019-09-06 19:30:05:853,0.1082,1.289,10.4287,0.0006,0.0105,9.8066,-0.0144,0.018,0.0186,9.19,-33.69,12.5,25.43,-84.82,165.85
52.42228,-1.53992,175.81,4.15,2,259.73,20 / 21,600209,2019-09-06 19:30:05:952,-0.6756,-0.2382,11.0472,-0.0029,0.0068,9.8066,0.1321,0.0197,0.0532,9.88,-33.75,12.44,32.2,-84.82,166.27
52.42228,-1.53992,175.81,4.15,2,259.73,20 / 21,600310,2019-09-06 19:30:06:053,0.4864,1.6481,9.8708,-0.0139,-0.0271,9.8065,0.0979,-0.0508,0.0222,9.88,-33.94,11.81,34.41,-84.49,167.69
52.42228,-1.53992,175.81,4.15,2,259.73,20 / 21,600410,2019-09-06 19:30:06:153,0.5778,-0.0027,10.4219,-0.0176,-0.0151,9.8065,0.0402,0.0561,-0.0938,10.25,-34.44,11.75,37.04,-83.91,169.07
52.42228,-1.53992,175.81,4.15,2,259.73,20 / 21,600509,2019-09-06 19:30:06:252,0.6183,1.3652,9.2814,0.0264,0.0092,9.8065,-0.0167,0.0363,-0.0282,10.25,-34.19,11.06,39.52,-83.81,168.03
52.42228,-1.53992,175.81,4.15,2,259.73,20 / 21,600610,2019-09-06 19:30:06:353,-1.3016,-0.2344,9.3964,0.0193,0.0164,9.8065,-0.0559,-0.1359,0.0498,10.75,-34.81,10.56,42.72,-84.15,168.6
52.42228,-1.53992,175.81,4.15,2,259.73,20 / 21,600710,2019-09-06 19:30:06:453,-0.0341,0.6934,8.939,0.0435,0.0366,9.8065,-0.1191,0.0176,0.0092,10.25,-34.5,9.63,42.39,-84.59,168.46
52.42228,-1.53992,175.81,4.15,2,259.73,20 / 21,600810,2019-09-06 19:30:06:553,0.7434,1.4922,10.1059,-0.0171,0.0056,9.8066,-0.1629,0.012,0.0762,11.38,-35,9.44,47.71,-84.99,167.72
52.42228,-1.53992,175.81,4.15,2,259.73,20 / 21,600909,2019-09-06 19:30:06:652,-0.9652,3.5673,13.1365,-0.0385,-0.0255,9.8065,-0.1696,0.2137,-0.2508,10.56,-34.75,10.63,41.8,-84.91,169.03
52.42228,-1.53992,175.81,4.15,2,259.73,20 / 21,601009,2019-09-06 19:30:06:752,0.8056,0.2699,10.1304,-0.0409,-0.0852,9.8062,0.067,0.0538,-0.0524,10.5,-34.25,11.69,31.6,-84.22,162.63
52.42228,-1.53992,175.81,4.15,2,259.73,20 / 21,601110,2019-09-06 19:30:06:853,0.8369,0.6046,7.9151,-0.0782,-0.0747,9.806,0.4716,0.0839,-0.0352,9.5,-34.5,12.19,32.01,-83.36,164.34
52.42228,-1.53992,175.81,4.15,2,259.73,20 / 21,601211,2019-09-06 19:30:06:954,1.5016,2.3792,9.3092,0.0854,0.1164,9.8055,0.2168,0.1738,-0.1426,10.31,-34.25,14.56,28.85,-83.3,168.89
52.42228,-1.53992,175.81,4.15,2,259.73,20 / 21,601310,2019-09-06 19:30:07:053,0.837,2.8574,9.234,0.0754,0.0737,9.806,-0.0858,-0.1185,-0.0285,10.5,-34.25,13.81,33.43,-83.27,168
52.42228,-1.53992,175.81,4.15,2,259.73,20 / 21,601410,2019-09-06 19:30:07:153,0.6929,3.0395,8.9084,0.1232,0.078,9.8055,-0.1875,-0.0443,-0.0715,10.88,-34.44,12.56,32.41,-83.82,165.4
52.42228,-1.53992,175.81,4.15,2,259.73,20 / 21,601509,2019-09-06 19:30:07:252,-0.4186,0.9002,10.1396,0.0045,-0.0047,9.8066,-0.0246,-0.0863,0.0873,11.75,-35.25,12.81,38.63,-83.94,168.26
52.42228,-1.53992,175.81,4.15,2,259.73,20 / 21,601610,2019-09-06 19:30:07:353,-0.068,1.7819,9.4457,-0.0273,-0.0076,9.8066,-0.0319,0.0195,0.0184,10.69,-35.19,12.44,40.01,-83.93,168.91
52.42228,-1.53992,175.81,4.15,2,259.73,20 / 21,601709,2019-09-06 19:30:07:452,-0.0973,0.8918,8.4611,-0.0274,-0.0055,9.8065,-0.133,-0.0096,0.0501,11.31,-35.37,11.31,46.46,-83.73,170.99
52.42228,-1.53992,175.81,4.15,2,259.73,20 / 21,601810,2019-09-06 19:30:07:553,0.0989,0.8235,10.5107,-0.0313,0.0001,9.8065,0.2244,-0.0998,-0.0091,10.5,-35.37,11.25,48.2,-83.81,172.58
52.42228,-1.53992,175.81,4.15,2,259.73,20 / 21,601909,2019-09-06 19:30:07:652,-0.4834,3.6198,11.4994,0.0543,0.0616,9.8063,0.3256,-0.1583,0.0718,10.75,-35.56,11.44,50.19,-84.59,175.39
52.42228,-1.53992,175.81,4.15,2,259.73,20 / 21,602009,2019-09-06 19:30:07:752,1.4102,3.5125,11.7125,0.1216,0.0829,9.8054,-0.211,0.0051,-0.1397,10.88,-35.62,10.94,49.09,-85.03,175.24
52.42228,-1.53992,175.81,4.15,2,259.73,20 / 21,602109,2019-09-06 19:30:07:852,-2.2511,0.7221,11.4593,-0.0924,-0.0612,9.806,0.3127,-0.1658,0.0944,11,-35.19,11.56,44.58,-84.81,174.1
52.42228,-1.53992,175.81,4.15,2,259.73,20 / 21,602209,2019-09-06 19:30:07:952,-2.5269,0.4774,13.4502,-0.0086,0.0167,9.8066,0.6801,-0.1591,-0.0031,10.88,-35.12,10.94,53.05,-84.21,177.43
52.42228,-1.53992,175.81,4.15,2,259.73,20 / 21,602310,2019-09-06 19:30:08:053,-6.7087,1.0938,10.0876,-0.1422,-0.0759,9.8053,-0.0838,-0.1187,-0.1692,11.44,-35,11.69,53.63,-83,178.69
52.42212,-1.54093,173.86,8.57,3,261.47,19 / 21,602410,2019-09-06 19:30:08:153,-2.1155,2.3419,10.9422,0.0633,0.0287,9.8063,-0.3044,0.0219,-0.0263,10.88,-34.87,11.56,52.09,-83.4,178.12
52.42212,-1.54093,173.86,8.57,3,261.47,19 / 21,602510,2019-09-06 19:30:08:253,3.212,-1.2677,9.9522,0.0351,-0.0388,9.8064,-0.0622,-0.3877,-0.0108,11.75,-33.94,11.94,49.6,-83.22,173.99
52.42212,-1.54093,173.86,8.57,3,261.47,19 / 21,602610,2019-09-06 19:30:08:353,0.4502,-0.8453,10.2153,0.1313,0.0674,9.8054,-0.0467,-0.0063,-0.1913,11.81,-34.81,11.06,52.25,-83.82,174.01
52.42212,-1.54093,173.86,8.57,3,261.47,19 / 21,602710,2019-09-06 19:30:08:453,-2.4392,-1.138,7.011,-0.0513,-0.0898,9.806,-0.1591,0.2225,0.0223,12.63,-34.12,10.25,57.46,-83.37,173.15
52.42212,-1.54093,173.86,8.57,3,261.47,19 / 21,602809,2019-09-06 19:30:08:552,-1.6744,-0.5845,11.2928,-0.1449,-0.1417,9.8045,-0.2629,0.1498,-0.2494,12.75,-34.25,10.38,52.13,-83.3,168.45
52.42212,-1.54093,173.86,8.57,3,261.47,19 / 21,602911,2019-09-06 19:30:08:654,3.3474,1.2175,8.7968,-0.0156,-0.0305,9.8065,-0.4048,-0.0175,0.0285,13.19,-33.81,10.56,42.7,-83.46,163.86
52.42212,-1.54093,173.86,8.57,3,261.47,19 / 21,603009,2019-09-06 19:30:08:752,1.9233,-2.6997,6.9008,-0.0841,-0.0613,9.806,0.0667,-0.2228,0.1818,13.25,-33.94,11.75,41.45,-82.87,164.83
52.42212,-1.54093,173.86,8.57,3,261.47,19 / 21,603110,2019-09-06 19:30:08:853,-0.1173,1.8555,9.8421,0.0366,0.024,9.8065,-0.1034,0.0744,-0.2177,12.69,-33.37,11.38,44.06,-83.31,165.05
52.42212,-1.54093,173.86,8.57,3,261.47,19 / 21,603210,2019-09-06 19:30:08:953,-0.4182,0.13,10.996,0.0297,-0.0145,9.8065,0.1578,0.0125,0.0163,12.75,-33.81,11.88,36.86,-83.35,161.7
52.42212,-1.54093,173.86,8.57,3,261.47,19 / 21,603310,2019-09-06 19:30:09:053,0.3037,1.1054,10.1861,-0.0057,-0.0105,9.8066,0.0854,-0.0489,0.0649,12.06,-33.69,11.19,38.29,-83.15,161.7
52.42212,-1.54093,173.86,8.57,3,261.47,20 / 21,603409,2019-09-06 19:30:09:152,-0.2391,0.1889,9.8302,-0.024,0.0032,9.8065,0.0319,-0.0241,-0.0183,11.81,-33.62,12.13,37.22,-82.98,163.47
52.42212,-1.54093,173.86,8.57,3,261.47,20 / 21,603510,2019-09-06 19:30:09:253,-1.4441,-0.1371,9.6177,0.0114,-0.0078,9.8066,0.0874,0.034,0.0277,11.94,-33.62,11.44,40.94,-82.82,163.35
52.42212,-1.54093,173.86,8.57,3,261.47,20 / 21,603609,2019-09-06 19:30:09:352,0.6366,0.8936,9.9955,0.0092,-0.0083,9.8066,-0.0568,-0.07,-0.0235,11.94,-33.81,11.44,38.94,-82.88,161.84
52.42212,-1.54093,173.86,8.57,3,261.47,20 / 21,603710,2019-09-06 19:30:09:453,-0.4622,1.448,10.3556,0.0188,0.0099,9.8066,0.0427,0.0305,-0.0772,12.69,-34.12,10.5,39.57,-83.15,160.86
52.42212,-1.54093,173.86,8.57,3,261.47,20 / 21,603809,2019-09-06 19:30:09:552,-0.4155,0.4596,9.2911,0.0352,0.0146,9.8066,-0.1333,-0.0524,0.0386,13,-33.5,10.75,37.23,-83.29,159.38
52.42212,-1.54093,173.86,8.57,3,261.47,20 / 21,603909,2019-09-06 19:30:09:652,0.4405,0.4443,9.8706,-0.0522,-0.0211,9.8065,-0.1831,-0.0176,-0.1001,12.38,-34.75,10.19,42.42,-82.99,161.35
52.42212,-1.54093,173.86,8.57,3,261.47,20 / 21,604010,2019-09-06 19:30:09:753,-0.3909,-0.2827,10.9369,-0.0139,-0.0248,9.8066,0.0635,-0.0065,0.0576,11.81,-34.25,10.06,40.38,-83.02,160.08
52.42212,-1.54093,173.86,8.57,3,261.47,20 / 21,604110,2019-09-06 19:30:09:853,-0.7977,1.0981,10.2396,-0.0205,-0.0047,9.8065,0.0853,-0.0934,-0.0272,12,-34.5,10.88,36.99,-83.14,160.64
52.42212,-1.54093,173.86,8.57,3,261.47,20 / 21,604210,2019-09-06 19:30:09:953,2.6006,1.698,9.8479,-0.032,-0.0198,9.8065,0.1118,0.0479,-0.0005,11.38,-34.25,10.19,39.8,-82.98,161.53
52.42212,-1.54093,173.86,8.57,3,261.47,20 / 21,604310,2019-09-06 19:30:10:053,-0.4541,-0.2765,9.97,0.0144,0.0201,9.8065,0.0412,-0.0134,0.1104,11.56,-34,10.94,39.44,-83.01,162.42
52.42212,-1.54093,173.86,8.57,3,261.47,20 / 21,604409,2019-09-06 19:30:10:152,1.3021,1.0672,9.272,-0.0049,-0.002,9.8065,0.0248,-0.0407,-0.0722,11.5,-34.25,10.81,40.43,-82.97,163.15
52.42212,-1.54093,173.86,8.57,3,261.47,20 / 21,604509,2019-09-06 19:30:10:252,0.6325,-0.3294,9.2171,-0.0093,-0.008,9.8066,-0.0791,0.0106,-0.0934,12.25,-34.25,10.94,40.17,-82.91,162.86
52.42212,-1.54093,173.86,8.57,3,261.47,20 / 21,604610,2019-09-06 19:30:10:353,1.4541,0.8087,9.4767,-0.0282,-0.0213,9.8065,0.0416,-0.0975,0.0824,12.5,-34.87,10.75,42.39,-82.83,162.4
52.42212,-1.54093,173.86,8.57,3,261.47,20 / 21,604710,2019-09-06 19:30:10:453,1.5528,0.1854,9.0996,0.0228,0.0113,9.8066,-0.0322,0.0706,0.0407,12.88,-34.87,10.44,45.31,-83,161.98
52.42212,-1.54093,173.86,8.57,3,261.47,20 / 21,604809,2019-09-06 19:30:10:552,1.0042,0.6334,9.805,-0.0173,0.0009,9.8065,0.0221,-0.0046,-0.0448,12.5,-35.31,10.81,42.94,-82.91,162.98
52.42212,-1.54093,173.86,8.57,3,261.47,20 / 21,604909,2019-09-06 19:30:10:652,-0.674,0.5227,10.1535,-0.0043,-0.0155,9.8065,-0.0113,-0.0303,0.0294,12.31,-34.81,10.94,39.86,-82.82,162.2
52.42212,-1.54093,173.86,8.57,3,261.47,20 / 21,605010,2019-09-06 19:30:10:753,1.1961,0.6195,10.0364,-0.0365,-0.0053,9.8065,0.1654,-0.1149,0.0329,12.25,-35.87,10.75,41.52,-82.71,163.04
52.42212,-1.54093,173.86,8.57,3,261.47,20 / 21,605109,2019-09-06 19:30:10:852,0.1633,-0.1534,9.7177,-0.0101,0.0071,9.8065,0.0124,0.0383,-0.063,12.06,-35.44,10.63,44.06,-82.68,165.3
52.42212,-1.54093,173.86,8.57,3,261.47,20 / 21,605212,2019-09-06 19:30:10:955,-0.8305,1.6454,9.3408,-0.006,-0.0046,9.8066,-0.0671,0.0726,-0.0149,12.06,-35.44,10.88,44.56,-82.66,165.68
52.42212,-1.54093,173.86,8.57,3,261.47,20 / 21,605309,2019-09-06 19:30:11:052,0.5057,-0.6272,10.4099,0.0073,0.0004,9.8065,-0.086,0.0474,0.0492,12.13,-35.19,10.63,43.87,-82.75,165.28
52.42212,-1.54093,173.86,8.57,3,261.47,20 / 21,605410,2019-09-06 19:30:11:153,0.2748,0.8603,10.0035,-0.0002,0.0227,9.8065,0.0445,0.0067,0.0231,11.81,-35,11.25,44.36,-83,166.07
52.42212,-1.54093,173.86,8.57,3,261.47,20 / 21,605509,2019-09-06 19:30:11:252,-0.12,2.203,9.8804,-0.0099,0.0138,9.8066,0.1034,0.0009,-0.0032,11.44,-35.44,10.88,45.82,-83.11,169.41
52.42212,-1.54093,173.86,8.57,3,261.47,20 / 21,605609,2019-09-06 19:30:11:352,1.3942,0.8261,9.8077,0.0053,0.0116,9.8066,-0.2738,0.1227,-0.2028,11.69,-34.75,11.06,48.57,-83.08,169.63
52.42212,-1.54093,173.86,8.57,3,261.47,20 / 21,605710,2019-09-06 19:30:11:453,1.6285,0.8617,10.6218,0.0659,0.0086,9.8064,0.0147,-0.0472,0.0306,12.19,-34.5,10.88,48.86,-82.88,169.85
52.42212,-1.54093,173.86,8.57,3,261.47,20 / 21,605810,2019-09-06 19:30:11:553,2.3279,-0.9898,10.9769,0.0256,0.0269,9.8065,0.1383,-0.0331,0.1458,11.88,-34.31,10.06,51.15,-82.98,168.74
52.42212,-1.54093,173.86,8.57,3,261.47,20 / 21,605910,2019-09-06 19:30:11:653,2.4221,1.3262,9.6926,-0.0663,-0.0097,9.8064,0.2362,0.0856,0.0646,11.94,-34.62,10.5,52.38,-82.27,171.31
52.42212,-1.54093,173.86,8.57,3,261.47,20 / 21,606009,2019-09-06 19:30:11:752,0.7351,1.6125,8.8614,-0.0517,-0.0082,9.8064,-0.1702,0.1359,-0.0931,11.44,-35.25,11,53.09,-81.84,172.93
52.42212,-1.54093,173.86,8.57,3,261.47,20 / 21,606110,2019-09-06 19:30:11:853,-0.1222,-1.656,8.5744,0.0126,0.0155,9.8065,-0.2172,0.0778,0.1297,10.63,-35.31,11.13,53.84,-81.9,173.64
52.42212,-1.54093,173.86,8.57,3,261.47,20 / 21,606210,2019-09-06 19:30:11:953,1.2593,1.2725,10.4517,-0.0016,0.0427,9.8065,-0.13,0.0483,0.0939,9.75,-35.5,10.75,53.19,-82.39,176.12
52.42212,-1.54093,173.86,8.57,3,261.47,20 / 21,606310,2019-09-06 19:30:12:053,0.5244,1.1624,11.3421,0.0366,-0.0002,9.8066,-0.1539,0.073,-0.0481,10.75,-34.31,11.06,53.73,-83.11,176.28
52.42212,-1.54093,173.86,8.57,3,261.47,20 / 21,606409,2019-09-06 19:30:12:152,2.2774,2.7314,9.1452,-0.0251,-0.0209,9.8066,-0.0723,-0.0968,0.0645,10.31,-34.87,10.75,49.55,-83.2,174.79
52.42212,-1.54093,173.86,8.57,3,261.47,20 / 21,606510,2019-09-06 19:30:12:253,-0.2632,-0.4493,9.7155,-0.0241,0.01,9.8066,0.0071,-0.0308,-0.0158,9.81,-34.56,11.25,50.65,-83.05,175.39
52.42212,-1.54093,173.86,8.57,3,261.47,20 / 21,606610,2019-09-06 19:30:12:353,-1.9621,1.299,10.1163,0.0013,0.0096,9.8066,-0.0055,0.045,-0.035,10.25,-34.25,11.69,48.34,-82.83,176.55
52.42212,-1.54093,173.86,8.57,3,261.47,20 / 21,606709,2019-09-06 19:30:12:452,0.8548,-2.6516,10.4122,0.0191,-0.0476,9.8065,-0.2785,-0.0908,0.0515,10.88,-34.06,11.88,48.28,-82.82,174.26
52.42212,-1.54093,173.86,8.57,3,261.47,20 / 21,606810,2019-09-06 19:30:12:553,3.3866,0.1812,8.8071,-0.0648,-0.0829,9.806,-0.1891,0.0543,-0.0745,11.63,-33.62,11.25,51.96,-82.49,171.74
52.42212,-1.54093,173.86,8.57,3,261.47,20 / 21,606909,2019-09-06 19:30:12:652,-0.4324,1.1416,8.6836,0.0285,0.0707,9.8063,0.2773,-0.1227,-0.0009,11.38,-34.87,10.56,54.88,-82.76,176.18
52.42212,-1.54093,173.86,8.57,3,261.47,20 / 21,607009,2019-09-06 19:30:12:752,0.2413,0.1638,8.6734,-0.0072,-0.0791,9.8063,-0.2748,-0.1274,-0.0985,10.94,-34.31,11.06,52.25,-82.11,173.17
52.42212,-1.54093,173.86,8.57,3,261.47,20 / 21,607110,2019-09-06 19:30:12:853,-0.3722,1.3283,9.086,0.1356,0.0284,9.8056,0.3486,-0.0269,0.0353,11,-34.87,11.06,45.28,-82.55,168.02
52.42212,-1.54093,173.86,8.57,3,261.47,20 / 21,607210,2019-09-06 19:30:12:953,0.8633,1.2396,9.5976,0.0698,0.0319,9.8063,0.0122,-0.0362,0.0311,11.31,-34,11.13,43.88,-82.5,167.19
52.42212,-1.54093,173.86,8.57,3,261.47,20 / 21,607309,2019-09-06 19:30:13:052,2.1339,1.0407,8.9875,0.0741,0.025,9.8063,-0.14,0.0183,-0.1485,12,-34.06,11.56,39.73,-82.76,165.19
52.42212,-1.54093,173.86,8.57,3,261.47,20 / 21,607410,2019-09-06 19:30:13:153,-1.7389,0.61,9.8506,0.0175,0.0199,9.8065,0.0881,-0.0937,0.0231,12.69,-33.56,10.31,47.62,-83.08,164.32
52.42212,-1.54093,173.86,8.57,3,261.47,20 / 21,607510,2019-09-06 19:30:13:253,0.6408,0.1004,10.3001,-0.0044,-0.0168,9.8065,0.068,-0.0481,-0.0178,13.69,-33.62,10.69,43.8,-82.88,162.28
52.42212,-1.54093,173.86,8.57,3,261.47,20 / 21,607609,2019-09-06 19:30:13:352,-0.1189,0.6904,10.4341,-0.0135,0.0037,9.8066,0.0577,-0.1104,0.0412,14.88,-34.06,9.5,50.11,-82.57,162.73
52.42212,-1.54093,173.86,8.57,3,261.47,20 / 21,607710,2019-09-06 19:30:13:453,0.358,1.011,9.4311,-0.0637,-0.0101,9.8063,-0.1312,-0.094,0.0791,15.69,-34.56,10.13,55.6,-82.17,165.24
52.42212,-1.54093,173.86,8.57,3,261.47,20 / 21,607810,2019-09-06 19:30:13:553,1.2287,0.6279,9.9225,-0.0348,-0.0092,9.8065,-0.1449,0.0285,0.0471,16.38,-35.12,10.81,52.9,-82.25,165.91
52.42212,-1.54093,173.86,8.57,3,261.47,20 / 21,607909,2019-09-06 19:30:13:652,-1.3942,1.3728,10.0738,0.007,0.0169,9.8066,-0.0521,-0.1137,0.0425,15.5,-34.62,11.81,51.14,-82.49,167.46
52.42212,-1.54093,173.86,8.57,3,261.47,20 / 21,608010,2019-09-06 19:30:13:753,-1.8393,-0.2424,9.6444,-0.0104,-0.0135,9.8065,-0.1227,-0.1224,-0.1442,14,-35.25,12,46.98,-82.5,166.85
52.42212,-1.54093,173.86,8.57,3,261.47,20 / 21,608109,2019-09-06 19:30:13:852,-0.1832,-0.9341,9.6897,-0.0008,0.0125,9.8065,0.1405,-0.1115,0.1216,13.06,-34.75,12,43.29,-82.63,165.7
52.42212,-1.54093,173.86,8.57,3,261.47,20 / 21,608209,2019-09-06 19:30:13:952,1.4042,1.707,9.5113,-0.0042,-0.0001,9.8066,0.1337,-0.013,-0.0377,11.75,-35.37,11.56,42.96,-82.58,167.22
52.42212,-1.54093,173.86,8.57,3,261.47,20 / 21,608310,2019-09-06 19:30:14:053,-1.1843,-0.2032,8.9952,-0.0266,-0.0159,9.8065,-0.0236,-0.0386,-0.0466,11.81,-35.25,10.63,46.68,-82.54,167.18
52.42212,-1.54093,173.86,8.57,3,261.47,20 / 21,608410,2019-09-06 19:30:14:153,-0.0828,1.5079,10.782,-0.0055,0.0009,9.8066,0.0024,-0.1723,0.0879,11.81,-34.87,10.19,48.36,-82.51,165.26
52.42212,-1.54093,173.86,8.57,3,261.47,20 / 21,608509,2019-09-06 19:30:14:252,-0.784,0.1755,10.5446,-0.0223,0.0166,9.8065,0.2438,-0.0548,0.0668,11.94,-34.81,9.31,55.4,-82.38,167.19
52.42212,-1.54093,173.86,8.57,3,261.47,20 / 21,608609,2019-09-06 19:30:14:352,-0.889,-0.2365,10.7486,-0.0252,0.0008,9.8065,0.2432,-0.0119,0.0608,12.25,-34.19,10.81,46,-82.2,166.41
52.42212,-1.54093,173.86,8.57,3,261.47,20 / 21,608710,2019-09-06 19:30:14:453,1.142,0.5613,10.6964,-0.0033,-0.0206,9.8066,0.0682,-0.0593,-0.0054,12.25,-35,9.88,52.05,-81.93,167.12
52.42212,-1.54093,173.86,8.57,3,261.47,20 / 21,608810,2019-09-06 19:30:14:553,-0.8252,0.9329,10.3299,0.0199,0.0132,9.8066,0.0066,-0.0434,-0.0851,12.63,-34.62,9.5,54.74,-82,167.91
52.42212,-1.54093,173.86,8.57,3,261.47,20 / 21,608910,2019-09-06 19:30:14:653,0.8183,0.1682,9.6528,0.0444,0.0109,9.8065,-0.2428,0.0688,-0.0453,13.13,-35.31,9.88,52.72,-82.21,166.66
52.42212,-1.54093,173.86,8.57,3,261.47,20 / 21,609010,2019-09-06 19:30:14:753,-0.5218,0.4951,9.5568,-0.0329,-0.0289,9.8065,-0.105,-0.0138,0.0927,13.19,-34.25,9.94,50.26,-82.09,164.82
52.42212,-1.54093,173.86,8.57,3,261.47,20 / 21,609109,2019-09-06 19:30:14:852,0.0552,-0.1545,9.3383,-0.0217,-0.0067,9.8065,0.022,-0.0159,0.0055,12.88,-34.56,10.38,50.9,-82.16,165.08
52.42212,-1.54093,173.86,8.57,3,261.47,20 / 21,609209,2019-09-06 19:30:14:952,-1.2005,0.7164,9.8067,0.0147,0.0097,9.8066,0.062,-0.0296,0.0898,12.19,-33.94,11,44.31,-82.36,165.33
52.42212,-1.54093,173.86,8.57,3,261.47,20 / 21,609310,2019-09-06 19:30:15:053,-0.0725,0.6264,9.6739,0.0132,0.0198,9.8066,-0.1256,0.0108,-0.0394,12.31,-34.87,10.31,48.35,-82.64,165.48
52.42212,-1.54093,173.86,8.57,3,261.47,20 / 21,609410,2019-09-06 19:30:15:153,0.5581,-0.8358,9.5218,-0.0036,0.0037,9.8066,-0.0415,-0.0437,-0.0505,12.19,-34.5,9.81,47.93,-82.65,165.52
52.42212,-1.54093,173.86,8.57,3,261.47,20 / 21,609510,2019-09-06 19:30:15:253,-0.3164,-0.8591,8.6477,-0.0292,-0.0081,9.8065,0.1409,-0.0823,0.0559,11.56,-35.12,9.25,54.07,-82.56,166.47
52.42212,-1.54093,173.86,8.57,3,261.47,20 / 21,609610,2019-09-06 19:30:15:353,0.0384,0.074,9.9799,0.0269,0.0247,9.8065,0.0436,0.0367,-0.0033,12.13,-34.75,9.38,55.28,-82.71,167.76
52.42212,-1.54093,173.86,8.57,3,261.47,20 / 21,609709,2019-09-06 19:30:15:452,1.3999,0.8247,10.29,0.0326,0.0221,9.8066,0.0065,0.0044,0.0405,12.06,-34.94,9.94,51.61,-82.77,168.37
52.42212,-1.54093,173.86,8.57,3,261.47,20 / 21,609810,2019-09-06 19:30:15:553,0.3866,0.6812,10.4317,-0.0018,-0.0026,9.8066,0.0795,0.0481,-0.0513,12.44,-34.37,9.38,55.42,-82.9,168.67
52.42212,-1.54093,173.86,8.57,3,261.47,20 / 21,609910,2019-09-06 19:30:15:653,0.4666,-0.2985,9.9565,-0.0011,-0.0043,9.8066,-0.0267,-0.0177,-0.0392,12.63,-34.37,10.75,49.52,-82.72,168.38
52.42212,-1.54093,173.86,8.57,3,261.47,20 / 21,610009,2019-09-06 19:30:15:752,0.2167,0.9097,8.9106,-0.0119,-0.0281,9.8065,-0.0201,0.0076,-0.0101,13.56,-33.37,9.75,55.59,-82.22,168.44
52.42212,-1.54093,173.86,8.57,3,261.47,20 / 21,610110,2019-09-06 19:30:15:853,0.9484,0.9679,9.1629,-0.0122,0.0005,9.8066,-0.0301,0.0588,-0.0086,13.25,-33.56,9.81,54.1,-82.13,168.03
52.42212,-1.54093,173.86,8.57,3,261.47,20 / 21,610210,2019-09-06 19:30:15:953,-0.2764,-1.0852,9.6788,0.0159,0.0098,9.8066,-0.0332,-0.0855,0.0539,13.19,-34.19,8.5,58.43,-82.38,168.74
52.42212,-1.54093,173.86,8.57,3,261.47,20 / 21,610310,2019-09-06 19:30:16:053,-0.6133,0.3635,10.4478,0.0149,0.0021,9.8065,-0.0813,0.0174,-0.0318,12.88,-33.87,8.75,57.91,-82.64,168.81
52.42212,-1.54093,173.86,8.57,3,261.47,19 / 21,610410,2019-09-06 19:30:16:153,-0.7211,0.3531,10.5966,-0.0124,-0.0177,9.8066,0.0638,0.0271,0.0396,12.44,-34.87,9.19,55.35,-82.86,168.14
52.42212,-1.54093,173.86,8.57,3,261.47,19 / 21,610509,2019-09-06 19:30:16:252,0.1344,0.8252,9.9621,-0.0161,-0.0158,9.8065,-0.0653,0.0053,-0.0342,12.69,-33.81,8.75,55.55,-82.71,166.95
52.42212,-1.54093,173.86,8.57,3,261.47,19 / 21,610609,2019-09-06 19:30:16:352,0.2094,0.5466,8.887,-0.0122,-0.0091,9.8066,-0.0898,-0.0553,-0.0275,12.81,-34.37,8.56,57.06,-82.48,167.78
52.42212,-1.54093,173.86,8.57,3,261.47,19 / 21,610710,2019-09-06 19:30:16:453,0.8176,0.3487,9.9746,-0.0074,-0.0038,9.8066,0.045,-0.0334,0.0749,12.75,-33.94,8.81,56.67,-82.58,167.64
52.42212,-1.54093,173.86,8.57,3,261.47,19 / 21,610810,2019-09-06 19:30:16:553,0.1986,1.5808,10.3573,0.0051,0.0142,9.8066,-0.0568,-0.0223,-0.0371,12.06,-35.5,7.94,58.91,-82.98,167.62
52.42212,-1.54093,173.86,8.57,3,261.47,19 / 21,610911,2019-09-06 19:30:16:654,-0.8496,1.0069,10.8468,0.0214,0.0022,9.8066,-0.0418,-0.021,-0.043,12,-35.12,7.5,56.67,-83.33,166.5
52.42212,-1.54093,173.86,8.57,3,261.47,19 / 21,611009,2019-09-06 19:30:16:752,0.0309,0.2411,9.6798,0.0056,-0.001,9.8066,0.0397,-0.0813,0.0438,11.88,-35.56,7.69,56.18,-83.36,165.75
52.42212,-1.54093,173.86,8.57,3,261.47,19 / 21,611110,2019-09-06 19:30:16:853,0.1924,-0.7508,9.6266,-0.0294,0.0018,9.8066,-0.0208,-0.0944,0.052,12,-34.75,8.81,53.04,-83.24,166.98
52.42212,-1.54093,173.86,8.57,3,261.47,19 / 21,611211,2019-09-06 19:30:16:954,1.1945,0.9454,10.4156,-0.0139,0.0038,9.8065,-0.0298,-0.0072,0.0059,11.81,-35.75,8.94,56.72,-82.95,169.06
52.42212,-1.54093,173.86,8.57,3,261.47,19 / 21,611310,2019-09-06 19:30:17:053,0.2059,0.1402,9.828,-0.003,-0.0017,9.8066,0.1345,-0.0496,0.0292,11.06,-35,9.25,54.65,-82.87,169.21
52.422077,-1.542022,171.93,8.5,3,271.84,20 / 21,611410,2019-09-06 19:30:17:153,-0.5998,-0.0948,10.1904,0.0078,0.0223,9.8066,0.0825,-0.1083,0.0173,11.06,-35.5,9.63,53.5,-82.65,171.45
52.422077,-1.542022,171.93,8.5,3,271.84,20 / 21,611509,2019-09-06 19:30:17:252,0.8229,1.5963,8.8649,0.005,-0.0081,9.8066,0.0553,-0.1057,0.035,11.44,-35.06,9.44,58.84,-82.72,172.34
52.422077,-1.542022,171.93,8.5,3,271.84,20 / 21,611610,2019-09-06 19:30:17:353,1.2399,-0.0581,9.9242,-0.0007,-0.0014,9.8066,-0.0962,-0.0323,-0.0096,10.38,-35,9.69,50.32,-82.7,171.02
52.422077,-1.542022,171.93,8.5,3,271.84,20 / 21,611709,2019-09-06 19:30:17:452,1.5111,2.5364,10.1634,-0.0076,0.0169,9.8066,0.0421,0.0646,-0.0399,10.88,-34.5,9.19,57.26,-82.84,171.73
52.422077,-1.542022,171.93,8.5,3,271.84,20 / 21,611809,2019-09-06 19:30:17:552,2.7618,0.4554,10.0692,-0.0019,-0.0025,9.8066,0.0677,-0.0314,0.0182,10.69,-34.5,9.75,52.75,-82.9,171.75
52.422077,-1.542022,171.93,8.5,3,271.84,20 / 21,611910,2019-09-06 19:30:17:653,2.723,1.5205,9.2908,0.0184,-0.0018,9.8065,-0.1089,-0.0265,-0.0019,9.94,-34.5,8.94,54.65,-82.94,171.68
52.422077,-1.542022,171.93,8.5,3,271.84,20 / 21,612009,2019-09-06 19:30:17:752,2.1168,1.3321,9.2651,-0.0422,-0.0209,9.8064,-0.1418,-0.0212,0.0156,10.63,-33.62,8.94,55.52,-83.02,170.67
52.422077,-1.542022,171.93,8.5,3,271.84,20 / 21,612110,2019-09-06 19:30:17:853,3.0797,1.8833,9.6165,-0.0494,-0.0197,9.8064,0.1664,-0.0078,-0.0227,10.25,-34.44,8.38,60.16,-82.72,171.56
52.422077,-1.542022,171.93,8.5,3,271.84,20 / 21,612210,2019-09-06 19:30:17:953,1.2892,1.2575,9.9876,0.0327,0.0023,9.8066,0.0206,-0.1151,0.004,10.44,-34.81,8.25,58.54,-82.86,170.06
52.422077,-1.542022,171.93,8.5,3,271.84,20 / 21,612309,2019-09-06 19:30:18:052,2.0994,2.1817,8.76,-0.0055,0.0172,9.8066,0.0559,-0.0295,-0.0139,11.25,-34.69,8.44,60.15,-82.92,169.93
52.422077,-1.542022,171.93,8.5,3,271.84,20 / 21,612410,2019-09-06 19:30:18:153,2.5188,1.3392,9.4883,-0.029,-0.005,9.8065,-0.1238,-0.0167,-0.0341,11.19,-35.31,8.44,60.74,-83.23,171.16
52.422077,-1.542022,171.93,8.5,3,271.84,20 / 21,612509,2019-09-06 19:30:18:252,2.8631,2.3715,9.8157,-0.0303,-0.0057,9.8065,-0.042,-0.0105,0.0535,11.19,-35.62,7.75,61.82,-83.22,171.6
52.422077,-1.542022,171.93,8.5,3,271.84,20 / 21,612609,2019-09-06 19:30:18:352,1.3262,1.4738,10.1702,0.0592,0.0033,9.8064,0.0457,-0.0652,-0.0967,11.25,-35.94,8.13,58.27,-83.7,169.78
52.422077,-1.542022,171.93,8.5,3,271.84,20 / 21,612710,2019-09-06 19:30:18:453,2.3179,0.1326,9.7723,0.0051,0.0014,9.8066,0.0108,0.0222,-0.0342,11.56,-35.56,8,60.62,-83.53,169.9
52.422077,-1.542022,171.93,8.5,3,271.84,20 / 21,612810,2019-09-06 19:30:18:553,0.6618,0.6462,8.7509,-0.0123,-0.0045,9.8066,0.1152,-0.0342,0.0172,11.31,-34.81,8.19,60.46,-83.18,170.82
52.422077,-1.542022,171.93,8.5,3,271.84,20 / 21,612909,2019-09-06 19:30:18:652,0.7955,-0.25,9.9783,-0.0368,-0.0161,9.8065,0.0875,0.0662,-0.0757,11.19,-35.44,9.06,57.02,-82.81,171.02
52.422077,-1.542022,171.93,8.5,3,271.84,20 / 21,613010,2019-09-06 19:30:18:753,-0.3657,0.0012,9.7741,-0.0045,-0.0142,9.8066,-0.0318,-0.0099,0.0245,11.13,-35.37,9.25,58.52,-82.54,171.67
52.422077,-1.542022,171.93,8.5,3,271.84,20 / 21,613109,2019-09-06 19:30:18:852,1.2896,0.0569,9.1313,-0.0068,-0.0127,9.8066,-0.072,-0.0674,-0.0262,12.06,-34.94,9.75,55.12,-82.4,170.53
52.422077,-1.542022,171.93,8.5,3,271.84,20 / 21,613212,2019-09-06 19:30:18:955,1.24,0.162,10.1363,0.0244,0.0321,9.8065,0.0261,-0.064,0.0785,11.88,-35.19,9.5,55.69,-82.79,171.78
52.422077,-1.542022,171.93,8.5,3,271.84,20 / 21,613310,2019-09-06 19:30:19:053,1.745,1.7271,10.4515,0.0223,0.0158,9.8066,-0.0542,0.0169,0.0249,11.69,-35.31,9.06,59.92,-83.05,172.39
52.422077,-1.542022,171.93,8.5,3,271.84,20 / 21,613410,2019-09-06 19:30:19:153,0.8379,0.9862,10.1425,0.0137,0.0117,9.8066,0.0204,-0.0032,-0.0494,12.5,-34.75,8.56,61.59,-83.29,172.91
52.422077,-1.542022,171.93,8.5,3,271.84,20 / 21,613509,2019-09-06 19:30:19:252,1.0041,0.755,9.4554,0.0154,0.0148,9.8066,0.092,-0.0176,-0.0317,12.44,-34.37,8.56,59.03,-83.56,173.09
52.422077,-1.542022,171.93,8.5,3,271.84,20 / 21,613610,2019-09-06 19:30:19:353,1.0387,0.4439,9.3375,-0.0048,0.0059,9.8065,-0.0155,0.0032,0.0287,12.38,-35.06,8.13,64.6,-83.53,173.78
52.422077,-1.542022,171.93,8.5,3,271.84,20 / 21,613710,2019-09-06 19:30:19:453,0.2475,0.5505,9.7335,0.0115,0.0122,9.8066,0.1958,0.0127,0.0938,12.56,-34.75,8,66.97,-83.46,174.47
52.422077,-1.542022,171.93,8.5,3,271.84,20 / 21,613810,2019-09-06 19:30:19:553,0.0796,0.201,9.8374,0.0003,0.0092,9.8066,-0.0567,0.0158,-0.0437,12.13,-34.25,8.13,67.12,-83.36,176.03
52.422077,-1.542022,171.93,8.5,3,271.84,20 / 21,613909,2019-09-06 19:30:19:652,0.7738,0.9164,9.942,0.0017,-0.0062,9.8066,-0.0364,-0.03,-0.0188,12.38,-34.87,8.25,67.75,-83.31,176.05
52.422077,-1.542022,171.93,8.5,3,271.84,20 / 21,614009,2019-09-06 19:30:19:752,0.9824,0.7158,10.1891,0.0049,-0.0165,9.8066,0.0065,-0.0079,-0.048,12.31,-34.31,8.5,61.2,-83.29,174.42
52.422077,-1.542022,171.93,8.5,3,271.84,20 / 21,614110,2019-09-06 19:30:19:853,0.9685,0.0576,9.4266,0.0047,-0.0248,9.8066,0.0206,-0.0164,-0.0856,12,-34.06,8,61.74,-83.2,170.96
52.422077,-1.542022,171.93,8.5,3,271.84,20 / 21,614209,2019-09-06 19:30:19:952,1.064,-0.2475,9.7959,0.0042,-0.008,9.8066,0.0325,-0.0064,0.0133,12.19,-34,8,60.05,-83.19,169.47
52.422077,-1.542022,171.93,8.5,3,271.84,20 / 21,614309,2019-09-06 19:30:20:052,1.5425,0.2345,9.6845,0.0184,0.0074,9.8066,0.063,-0.0267,-0.0017,12.81,-34.19,7.63,62.32,-83.17,170.11
52.422077,-1.542022,171.93,8.5,3,271.84,20 / 21,614410,2019-09-06 19:30:20:153,0.6546,0.3928,10.5926,-0.017,0.0092,9.8066,-0.0782,-0.0261,0.0383,11.69,-34.5,8.06,60.47,-83.42,170.33
52.422077,-1.542022,171.93,8.5,3,271.84,20 / 21,614509,2019-09-06 19:30:20:252,-0.4346,0.2616,10.4046,-0.0025,-0.0002,9.8066,-0.0763,-0.0211,-0.0185,11.69,-34.19,7.63,61.78,-83.46,171.56
52.422077,-1.542022,171.93,8.5,3,271.84,20 / 21,614609,2019-09-06 19:30:20:352,0.296,0.3178,9.548,0.0059,0.0039,9.8066,0.0063,-0.0091,0.0067,11.06,-33.81,7.38,65.16,-83.55,172.01
52.422077,-1.542022,171.93,8.5,3,271.84,20 / 21,614709,2019-09-06 19:30:20:452,0.8756,-0.7647,9.4291,-0.0059,-0.0059,9.8066,-0.0184,0.069,-0.0299,11.31,-33.75,7.19,65,-83.6,171.96
52.422077,-1.542022,171.93,8.5,3,271.84,20 / 21,614810,2019-09-06 19:30:20:553,0.3516,1.2433,10.1578,0.0108,-0.0001,9.8066,-0.0336,0.0102,-0.0202,10.69,-34.12,7.63,59.25,-83.8,171.65
52.422077,-1.542022,171.93,8.5,3,271.84,20 / 21,614909,2019-09-06 19:30:20:652,0.4854,-0.0248,10.3774,-0.0115,-0.0051,9.8066,-0.0437,0.0122,0.0288,11.06,-35,6.63,64.17,-83.74,171.17
52.422077,-1.542022,171.93,8.5,3,271.84,20 / 21,615010,2019-09-06 19:30:20:753,0.4231,0.3165,9.8567,0.0036,0.0013,9.8066,0.0871,-0.024,-0.0145,10.63,-34.31,7.25,64.76,-83.59,171.75
52.422077,-1.542022,171.93,8.5,3,271.84,20 / 21,615109,2019-09-06 19:30:20:852,0.1908,0.4046,9.8774,-0.0006,0.0099,9.8066,-0.0101,0.0121,-0.0237,10.81,-34.44,7.38,65.55,-83.56,172.37
52.422077,-1.542022,171.93,8.5,3,271.84,20 / 21,615212,2019-09-06 19:30:20:955,0.4973,0.6249,10.1055,-0.0111,0.0086,9.8066,-0.0439,0.0204,0.0024,10.38,-34.81,7.88,61.64,-83.65,174.66
52.422077,-1.542022,171.93,8.5,3,271.84,20 / 21,615311,2019-09-06 19:30:21:054,0.5951,0.2307,9.7278,0.0019,-0.0005,9.8066,-0.0862,-0.0132,0.0024,10.25,-35.37,7.44,66.45,-83.73,174.56
52.422077,-1.542022,171.93,8.5,3,271.84,20 / 21,615410,2019-09-06 19:30:21:153,0.5947,0.7476,9.4535,-0.0098,0.003,9.8066,0.0568,-0.0025,0.003,10.56,-35.19,7.31,69.33,-83.76,175.77
52.422077,-1.542022,171.93,8.5,3,271.84,20 / 21,615509,2019-09-06 19:30:21:252,0.3609,0.6394,10.3125,0.0151,-0.0038,9.8066,-0.0072,-0.0519,0.0179,10.94,-35,7.25,70,-83.79,176.44
52.422077,-1.542022,171.93,8.5,3,271.84,20 / 21,615610,2019-09-06 19:30:21:353,0.9067,0.3872,10.3508,0.0067,0.0024,9.8066,-0.0203,-0.0002,0.0051,10.88,-35.62,7.5,64.63,-83.89,175.72
52.422077,-1.542022,171.93,8.5,3,271.84,20 / 21,615709,2019-09-06 19:30:21:452,0.4633,0.3737,10.0838,-0.0014,-0.005,9.8066,0.0456,-0.0088,-0.044,11.19,-36,7.5,62.52,-83.95,174.02
52.422077,-1.542022,171.93,8.5,3,271.84,20 / 21,615809,2019-09-06 19:30:21:552,-0.1476,0.3405,9.6502,-0.0003,-0.0054,9.8066,-0.0549,-0.0168,-0.0456,10.75,-35.31,7.31,66.39,-83.95,173.63
52.422077,-1.542022,171.93,8.5,3,271.84,20 / 21,615910,2019-09-06 19:30:21:653,0.5881,0.1471,9.6819,0.0155,-0.0027,9.8066,0.0547,-0.0027,-0.0206,11.25,-35.31,7.44,64.96,-84.09,172.74
52.422077,-1.542022,171.93,8.5,3,271.84,20 / 21,616009,2019-09-06 19:30:21:752,0.5779,-0.3622,9.5873,0.0179,0.0051,9.8066,-0.0316,0.0013,0.0536,11,-35.25,7.63,59.43,-84.18,172.29
52.422077,-1.542022,171.93,8.5,3,271.84,20 / 21,616109,2019-09-06 19:30:21:852,-0.0041,0.3146,10.0821,-0.0166,0.0176,9.8066,0.0187,-0.001,0.0709,10.44,-35.44,7.63,58.96,-84.25,173.87
52.422077,-1.542022,171.93,8.5,3,271.84,20 / 21,616213,2019-09-06 19:30:21:956,-1.138,0.7546,10.5158,-0.0114,0.0043,9.8066,-0.0036,-0.004,-0.0626,10.25,-35.75,7.63,62.78,-84.28,176.82
52.422077,-1.542022,171.93,8.5,3,271.84,20 / 21,616312,2019-09-06 19:30:22:055,-0.0478,0.6793,10.1738,0.0303,-0.0052,9.8065,-0.017,-0.058,-0.0384,11.19,-35.31,6.75,67.64,-84.52,176.26
52.422077,-1.542022,171.93,8.5,3,271.84,20 / 21,616410,2019-09-06 19:30:22:153,0.3563,0.4343,9.4267,0.0302,-0.0075,9.8066,0.0234,-0.0065,-0.0521,10.5,-34.5,7.31,64.83,-84.58,174.27
52.422077,-1.542022,171.93,8.5,3,271.84,20 / 21,616509,2019-09-06 19:30:22:252,0.3453,-0.2285,9.6905,-0.0026,-0.0083,9.8065,0.0385,-0.0314,-0.0336,10.81,-34.31,7.63,58.16,-84.52,172.33
52.422077,-1.542022,171.93,8.5,3,271.84,20 / 21,616610,2019-09-06 19:30:22:353,0.2139,-0.5529,9.565,-0.0062,-0.0071,9.8066,-0.0816,-0.0113,0.0368,10.13,-34.75,8,55.86,-84.44,171.7
52.422077,-1.542022,171.93,8.5,3,271.84,20 / 21,616709,2019-09-06 19:30:22:452,0.3774,-0.1199,9.8155,-0.034,-0.0069,9.8065,-0.0563,-0.003,0.0605,10.63,-35,8.06,59.76,-84.24,172.72
52.422077,-1.542022,171.93,8.5,3,271.84,20 / 21,616810,2019-09-06 19:30:22:553,-0.1413,0.1714,10.1224,-0.0574,-0.0052,9.8064,0.0549,-0.024,0.0338,10.88,-34.87,7.94,62.63,-84.04,174.75
52.422077,-1.542022,171.93,8.5,3,271.84,20 / 21,616910,2019-09-06 19:30:22:653,-0.1097,0.6861,10.0821,0.0066,0.0074,9.8066,-0.0035,-0.0151,0.0264,10.88,-33.87,9,60.59,-83.94,176.98
52.422077,-1.542022,171.93,8.5,3,271.84,20 / 21,617009,2019-09-06 19:30:22:752,-0.5329,0.3816,9.4228,0.0053,0.0007,9.8066,-0.08,-0.0401,-0.0338,11.5,-34.44,8.75,62.58,-83.88,176.87
52.422077,-1.542022,171.93,8.5,3,271.84,20 / 21,617109,2019-09-06 19:30:22:852,-0.095,-0.1926,9.2858,0.0341,-0.02,9.8065,0.0276,-0.0389,-0.0138,12.5,-34.69,7.94,66.73,-83.88,175.18
52.422077,-1.542022,171.93,8.5,3,271.84,20 / 21,617211,2019-09-06 19:30:22:954,0.1984,-1.7788,9.7335,0.02,-0.0076,9.8065,0.1391,0.0794,-0.0441,12.19,-34.37,7.69,60.24,-84.01,171.42
52.422077,-1.542022,171.93,8.5,3,271.84,20 / 21,617310,2019-09-06 19:30:23:053,0.01,-1.1044,9.7784,-0.038,-0.0091,9.8065,-0.0108,-0.1047,0.0576,12.63,-34.5,6.88,66.25,-83.91,171.45
52.422077,-1.542022,171.93,8.5,3,271.84,20 / 21,617410,2019-09-06 19:30:23:153,-0.8845,0.1495,9.4244,-0.0189,0.0043,9.8066,-0.0743,-0.0261,0.0273,12.94,-34.56,7.5,64.86,-83.63,172.94
52.422077,-1.542022,171.93,8.5,3,271.84,20 / 21,617509,2019-09-06 19:30:23:252,-0.0917,1.1404,9.7125,0.026,0.0144,9.8065,-0.1357,0.0032,0.001,13.06,-34.56,7.5,64.21,-83.99,173.16
52.422077,-1.542022,171.93,8.5,3,271.84,20 / 21,617610,2019-09-06 19:30:23:353,-1.1642,1.5311,10.4236,-0.0153,-0.0077,9.8066,-0.0091,-0.0411,-0.0235,13.13,-34.69,6.25,71.65,-84.22,172.77
52.422077,-1.542022,171.93,8.5,3,271.84,20 / 21,617709,2019-09-06 19:30:23:452,-0.7756,-1.1167,10.6167,0.0072,-0.0021,9.8066,0.1139,-0.0099,-0.0159,13.5,-35.12,6.56,66.26,-84.35,171.06
52.422077,-1.542022,171.93,8.5,3,271.84,20 / 21,617809,2019-09-06 19:30:23:552,0.6683,1.2179,10.7575,0.0203,0.0059,9.8066,-0.1211,-0.1058,0.0274,13,-34.75,6.25,69.44,-84.43,171.24
52.422077,-1.542022,171.93,8.5,3,271.84,20 / 21,617910,2019-09-06 19:30:23:653,-0.0677,0.0403,9.5634,-0.0081,-0.0191,9.8065,-0.1172,-0.0321,-0.0567,12.88,-34.69,6.44,68.32,-84.41,170.17
52.422077,-1.542022,171.93,8.5,3,271.84,20 / 21,618010,2019-09-06 19:30:23:753,0.1135,-0.8463,8.6451,0.0393,0.0016,9.8065,0.0444,-0.0227,0.0151,12.88,-35.19,6.94,60.78,-84.4,167.26
52.422077,-1.542022,171.93,8.5,3,271.84,20 / 21,618109,2019-09-06 19:30:23:852,-0.9168,1.001,10.2921,0.0032,0.0259,9.8066,0.1731,-0.028,0.0301,12.06,-34.75,6.31,63.85,-84.69,167.75
52.422077,-1.542022,171.93,8.5,3,271.84,20 / 21,618211,2019-09-06 19:30:23:954,-0.9296,-0.2181,9.6276,0.0272,-0.0116,9.8066,-0.2622,0.0203,-0.0961,13,-35.12,6.38,63.48,-84.75,166.56
52.422077,-1.542022,171.93,8.5,3,271.84,20 / 21,618310,2019-09-06 19:30:24:053,-0.1772,0.0065,10.0973,-0.0598,-0.0207,9.8064,-0.2017,-0.0403,0.05,12.63,-34,6.19,63.97,-84.35,166.46
52.422077,-1.542022,171.93,8.5,3,271.84,20 / 21,618409,2019-09-06 19:30:24:152,-0.3119,-0.8101,9.1328,-0.0584,-0.0147,9.8064,0.1639,-0.043,0.0194,12.81,-34.62,6.44,65.46,-84.26,167.23
52.422077,-1.542022,171.93,8.5,3,271.84,20 / 21,618510,2019-09-06 19:30:24:253,0.3447,0.9498,10.0335,0.0714,0.0184,9.8063,-0.0083,-0.0025,0.0365,12.5,-34.94,6.88,63.33,-84.2,169.09
52.422077,-1.542022,171.93,8.5,3,271.84,20 / 21,618610,2019-09-06 19:30:24:353,-0.1414,-0.3924,9.4232,0.0343,-0.0033,9.8065,0.1409,-0.0245,-0.0351,12.69,-34.56,5.81,64.34,-84.61,167.02
52.422077,-1.542022,171.93,8.5,3,271.84,20 / 21,618709,2019-09-06 19:30:24:452,-0.6918,-0.1096,10.2999,-0.0021,0.0024,9.8066,0.1982,-0.1406,-0.0145,12.69,-34.12,5.44,67.75,-84.53,166.21
52.422077,-1.542022,171.93,8.5,3,271.84,20 / 21,618809,2019-09-06 19:30:24:552,-1.4053,-0.4958,10.5055,-0.0463,-0.0052,9.8065,-0.0894,0.0141,-0.0589,12.31,-34.69,5.81,63.06,-84.5,166.58
52.422077,-1.542022,171.93,8.5,3,271.84,20 / 21,618910,2019-09-06 19:30:24:653,-2.3304,0.0734,10.9292,-0.0514,-0.0228,9.8065,-0.1443,-0.0658,0.0425,12,-34.81,5.44,69.88,-84.15,167.41
52.422077,-1.542022,171.93,8.5,3,271.84,20 / 21,619009,2019-09-06 19:30:24:752,-0.7869,-0.6073,10.1049,-0.0182,-0.0031,9.8066,-0.0607,0.0383,-0.0668,12.31,-34.81,4.63,68.37,-84.42,166.74
52.422077,-1.542022,171.93,8.5,3,271.84,20 / 21,619110,2019-09-06 19:30:24:853,-1.3093,-0.5417,9.4902,0.0437,0.0053,9.8065,-0.0227,0.0538,-0.0116,12.25,-34.81,4.44,70.64,-84.7,164.99
52.422077,-1.542022,171.93,8.5,3,271.84,20 / 21,619210,2019-09-06 19:30:24:953,-0.3951,-0.9199,9.1333,0.0212,0.0028,9.8066,-0.0382,0.0312,0.0737,12.44,-34.31,5.5,59.24,-84.91,164.54
52.422077,-1.542022,171.93,8.5,3,271.84,20 / 21,619310,2019-09-06 19:30:25:053,-0.7019,-0.2547,9.6128,-0.0123,0.0068,9.8066,0.0363,0.1133,0.0216,12.5,-34.69,5.94,62.77,-84.83,166.11
52.422077,-1.542022,171.93,8.5,3,271.84,20 / 21,619410,2019-09-06 19:30:25:153,-2.2327,-1.1428,9.982,-0.0102,-0.0066,9.8066,0.0079,-0.0287,-0.0406,12.94,-34.25,5.81,62.54,-84.82,166.22
52.422077,-1.542022,171.93,8.5,3,271.84,20 / 21,619510,2019-09-06 19:30:25:253,-1.6582,-0.5524,9.7114,-0.0179,-0.0101,9.8066,0.0064,0.0149,-0.1124,13.25,-34.12,6.44,62.5,-84.7,165.92
52.422077,-1.542022,171.93,8.5,3,271.84,20 / 21,619609,2019-09-06 19:30:25:352,-1.5424,-1.2614,10.0061,-0.0197,-0.0224,9.8065,0.0185,0.0083,0.0267,13.63,-34.37,7.19,57.63,-84.63,164.16
52.422077,-1.542022,171.93,8.5,3,271.84,20 / 21,619709,2019-09-06 19:30:25:452,-1.1658,-0.7423,9.2358,0.0034,0.0057,9.8066,0.0261,0.0237,-0.0225,13.56,-34.37,7.44,57.06,-84.67,163.73
52.422077,-1.542022,171.93,8.5,3,271.84,20 / 21,619809,2019-09-06 19:30:25:552,-1.6417,-1.454,9.3406,-0.0086,-0.0008,9.8066,-0.0482,-0.012,-0.0044,13.44,-34.37,6.94,56.92,-84.58,164.56
52.422077,-1.542022,171.93,8.5,3,271.84,20 / 21,619909,2019-09-06 19:30:25:652,-2.4203,-0.3764,9.4091,-0.007,0.0049,9.8066,-0.0251,0.0367,0.0355,13.13,-34.5,7.5,52.84,-84.53,164.54
52.422077,-1.542022,171.93,8.5,3,271.84,20 / 21,620010,2019-09-06 19:30:25:753,-0.6981,-1.1855,9.3025,-0.0074,0.0081,9.8066,-0.0581,0.0648,-0.0752,12.38,-34.12,8.38,51.97,-84.52,165.28
52.422077,-1.542022,171.93,8.5,3,271.84,20 / 21,620110,2019-09-06 19:30:25:853,-2.6246,0.1387,9.6856,0.0024,-0.008,9.8066,-0.025,0.0504,0.0579,11.56,-34.94,7.56,52.87,-84.57,165.86
52.422077,-1.542022,171.93,8.5,3,271.84,20 / 21,620210,2019-09-06 19:30:25:953,-0.3038,0.4157,9.4681,0.0023,0.0008,9.8066,-0.0127,0.0101,-0.0771,12.13,-34.69,7.5,51.33,-84.69,164.79
52.422077,-1.542022,171.93,8.5,3,271.84,20 / 21,620310,2019-09-06 19:30:26:053,-1.341,-1.176,10.5195,-0.0069,-0.0143,9.8065,-0.0562,-0.0265,-0.005,12.19,-34.06,7.25,55.31,-84.74,164.78
52.422123,-1.542676,170.94,5.51,3,277.5,20 / 21,620409,2019-09-06 19:30:26:152,-0.9876,-0.8457,9.8468,0.0021,0.0126,9.8066,-0.027,0.0312,0.0491,12.13,-34.31,6.81,54.08,-84.83,163.92
52.422123,-1.542676,170.94,5.51,3,277.5,20 / 21,620509,2019-09-06 19:30:26:252,-0.7323,-0.5181,9.2405,0.0006,0.0166,9.8066,-0.0558,0.0236,-0.0354,12.75,-33.87,6.25,61.3,-84.68,164.8
52.422123,-1.542676,170.94,5.51,3,277.5,20 / 21,620610,2019-09-06 19:30:26:353,-1.9877,-0.531,9.1033,0.0061,0.0021,9.8066,0.1263,-0.0527,0.0056,12.13,-34.06,6.13,60.84,-84.65,165.34
52.422123,-1.542676,170.94,5.51,3,277.5,20 / 21,620710,2019-09-06 19:30:26:453,-1.9002,1.1239,10.7854,0.0042,-0.0112,9.8066,0.1925,-0.1343,0.0455,13.19,-34.56,6,62.99,-84.54,165.67
52.422123,-1.542676,170.94,5.51,3,277.5,20 / 21,620810,2019-09-06 19:30:26:553,-3.7922,0.7722,10.5602,0.0139,-0.0242,9.8065,-0.2982,-0.0173,0.0456,14.13,-35.25,5.94,61.88,-84.63,164
52.422123,-1.542676,170.94,5.51,3,277.5,20 / 21,620910,2019-09-06 19:30:26:653,-3.1681,-0.2442,10.1539,-0.0506,-0.0089,9.8065,-0.394,0.0063,-0.0002,13.75,-34.94,6.38,62.92,-84.83,165.37
52.422123,-1.542676,170.94,5.51,3,277.5,20 / 21,621009,2019-09-06 19:30:26:752,-1.0281,-0.7762,9.1124,-0.0588,-0.0031,9.8064,0.1529,0.0026,0.0119,14.13,-35.44,6.88,60.02,-84.82,166.39
52.422123,-1.542676,170.94,5.51,3,277.5,20 / 21,621109,2019-09-06 19:30:26:852,-1.6326,-0.1843,10.615,0.0241,0.0318,9.8065,0.1005,-0.1478,0.0249,13.31,-35.5,7.31,62.02,-85.24,170.2
52.422123,-1.542676,170.94,5.51,3,277.5,20 / 21,621210,2019-09-06 19:30:26:953,-3.4478,0.7971,10.2782,0.0586,0.0195,9.8064,-0.1005,-0.0398,0.0174,12.75,-34.94,8,59.01,-85.44,171.52
52.422123,-1.542676,170.94,5.51,3,277.5,20 / 21,621309,2019-09-06 19:30:27:052,-1.7823,1.486,10.1939,-0.0304,0.0023,9.8065,-0.0087,-0.0405,-0.0409,13,-35.94,7.81,64.52,-85.4,176.2
52.422123,-1.542676,170.94,5.51,3,277.5,20 / 21,621409,2019-09-06 19:30:27:152,0.8792,-0.2635,10.2333,-0.0174,-0.0067,9.8065,0.0672,-0.11,0.0708,11.75,-35.56,7.19,67.96,-85.25,176.65
52.422123,-1.542676,170.94,5.51,3,277.5,20 / 21,621510,2019-09-06 19:30:27:253,-0.0533,1.2886,9.3123,-0.0009,0.0144,9.8066,-0.0549,-0.0848,-0.1094,11.31,-35.75,7.69,66.73,-85.13,-179.26
52.422123,-1.542676,170.94,5.51,3,277.5,20 / 21,621610,2019-09-06 19:30:27:353,-0.8735,0.2803,9.6882,0.0313,-0.0042,9.8066,-0.041,0.0558,0.0026,11.31,-35.81,6.94,68.36,-85.22,178.39
52.422123,-1.542676,170.94,5.51,3,277.5,20 / 21,621710,2019-09-06 19:30:27:453,-1.4544,0.9714,9.7614,0.0003,-0.0067,9.8066,0.07,-0.1036,0.1168,11.25,-35.87,5.75,70.56,-85.35,176.38
52.422123,-1.542676,170.94,5.51,3,277.5,20 / 21,621810,2019-09-06 19:30:27:553,-0.912,0.5813,9.6029,0.0151,0.0144,9.8066,-0.1261,-0.0886,-0.0365,11.44,-35.69,6.06,71.7,-85.53,177.95
52.422123,-1.542676,170.94,5.51,3,277.5,20 / 21,621910,2019-09-06 19:30:27:653,0.9424,0.7943,9.6044,0.0324,-0.0218,9.8065,0.0148,-0.0278,-0.0339,11.63,-35.75,5.69,72.5,-85.65,177.79
52.422123,-1.542676,170.94,5.51,3,277.5,20 / 21,622009,2019-09-06 19:30:27:752,-0.1145,-0.2613,9.9933,0.0047,-0.0081,9.8066,0.1095,0.031,-0.0808,11.5,-35.56,5.81,67.11,-85.66,172.82
52.422123,-1.542676,170.94,5.51,3,277.5,20 / 21,622109,2019-09-06 19:30:27:852,-0.8354,0.1717,10.4275,-0.0259,-0.0076,9.8066,0.003,-0.0158,0.0189,10.88,-35.75,5.38,71.19,-85.27,172.08
52.422123,-1.542676,170.94,5.51,3,277.5,20 / 21,622210,2019-09-06 19:30:27:953,-1.9904,0.0089,9.8477,-0.0184,0.0023,9.8066,0.0447,-0.0531,0.0069,11.81,-34.87,4.94,72.36,-85.09,172.2
52.422123,-1.542676,170.94,5.51,3,277.5,20 / 21,622310,2019-09-06 19:30:28:053,0.5351,1.66,10.2079,-0.0039,-0.0054,9.8066,-0.0944,-0.1201,0.0711,11.44,-35.5,5.88,67.89,-84.91,173.1
52.422123,-1.542676,170.94,5.51,3,277.5,20 / 21,622410,2019-09-06 19:30:28:153,-1.7807,-0.1941,10.6182,0.0267,0.0149,9.8066,0.0306,-0.0585,0.021,11.81,-35.56,5.94,69.32,-85.08,173.34
52.422123,-1.542676,170.94,5.51,3,277.5,20 / 21,622509,2019-09-06 19:30:28:252,-1.8706,-1.8271,9.5174,0.0112,0.001,9.8066,-0.0647,-0.0666,0.0154,12.13,-35,5.31,71.64,-85.34,172.18
52.422123,-1.542676,170.94,5.51,3,277.5,20 / 21,622610,2019-09-06 19:30:28:353,1.9812,-0.2126,10.0325,0.0156,0.0107,9.8066,0.137,-0.0883,0.0742,11.75,-35.06,5.69,67.7,-85.62,173.55
52.422123,-1.542676,170.94,5.51,3,277.5,20 / 21,622709,2019-09-06 19:30:28:452,-1.0728,-0.0469,9.1192,0.0346,0.0105,9.8065,0.1412,-0.0391,0.0287,11.38,-35.12,5.44,72.98,-85.67,175.29
52.422123,-1.542676,170.94,5.51,3,277.5,20 / 21,622810,2019-09-06 19:30:28:553,-2.9273,-0.5229,8.4652,0.0029,-0.0056,9.8066,0.0594,0.0058,-0.0043,11.88,-34.87,6,70.16,-85.43,175.36
52.422123,-1.542676,170.94,5.51,3,277.5,20 / 21,622910,2019-09-06 19:30:28:653,-0.5389,1.4749,7.8624,0.0305,0.0059,9.8065,-0.0694,-0.1289,0.0994,11.38,-35.12,5.56,69.08,-85.62,176.11
52.422123,-1.542676,170.94,5.51,3,277.5,20 / 21,623010,2019-09-06 19:30:28:753,-5.356,2.1168,11.252,0.0801,0.0444,9.8062,-0.5316,-0.0034,-0.0609,11.06,-33.94,5.69,66.93,-86.47,176.64
52.422123,-1.542676,170.94,5.51,3,277.5,20 / 21,623110,2019-09-06 19:30:28:853,-3.2266,3.6338,12.4315,-0.0595,-0.0115,9.8064,-0.3005,0.3786,-0.0662,10.75,-34.12,5.44,69.28,-86.88,175.45
52.422123,-1.542676,170.94,5.51,3,277.5,20 / 21,623214,2019-09-06 19:30:28:957,-0.2108,1.7648,12.0189,-0.0669,0.0162,9.8063,0.2463,0.1378,-0.3464,10.44,-33.87,5.19,68,-86.42,174.36
52.422123,-1.542676,170.94,5.51,3,277.5,20 / 21,623310,2019-09-06 19:30:29:053,-5.1778,2.4542,10.2362,-0.0873,-0.0615,9.806,0.5594,-0.2838,0.1927,10,-34.25,6.19,70.83,-84.56,176.51
52.422123,-1.542676,170.94,5.51,3,277.5,20 / 21,623410,2019-09-06 19:30:29:153,-3.601,2.1325,9.2907,0.0029,-0.0388,9.8065,-0.1895,0.0617,0.0417,10.56,-34.81,5.31,78.61,-83.62,174.49
52.422123,-1.542676,170.94,5.51,3,277.5,20 / 21,623509,2019-09-06 19:30:29:252,-0.4517,0.0638,9.1747,0.0427,0.0238,9.8064,-0.2953,-0.1292,-0.0421,10.44,-35.12,5.06,80.61,-83.76,177.4
52.422123,-1.542676,170.94,5.51,3,277.5,20 / 21,623610,2019-09-06 19:30:29:353,2.2969,0.4355,9.7075,0.067,0.024,9.8063,0.0209,-0.0882,0.0399,11.19,-34.69,3.94,84.95,-85.07,-179.98
52.422123,-1.542676,170.94,5.51,3,277.5,20 / 21,623710,2019-09-06 19:30:29:453,-1.3212,-0.1379,10.1506,0.0265,-0.0014,9.8066,0.129,-0.0375,0.0708,11.31,-35,3.88,83.37,-85.79,-179.29
52.422123,-1.542676,170.94,5.51,3,277.5,20 / 21,623809,2019-09-06 19:30:29:552,-1.394,1.0416,9.8635,0.0017,0.007,9.8066,-0.0161,0.0273,-0.0634,10.81,-35.37,3.81,84.22,-85.74,-178.61
52.422123,-1.542676,170.94,5.51,3,277.5,20 / 21,623909,2019-09-06 19:30:29:652,-0.1891,-0.2147,9.8836,-0.0443,-0.0075,9.8065,0.0136,-0.0857,-0.0195,11.06,-34.69,4.63,80.65,-85.13,-179.03
52.422123,-1.542676,170.94,5.51,3,277.5,20 / 21,624010,2019-09-06 19:30:29:753,-1.2733,-0.9162,9.3772,0.0043,0.0046,9.8066,0.0354,-0.1167,0.1338,11.31,-35.62,4,87.06,-85.07,-178.35
52.422123,-1.542676,170.94,5.51,3,277.5,20 / 21,624109,2019-09-06 19:30:29:852,0.5641,-0.4265,10.6502,0.0024,0.018,9.8066,-0.0867,0.0734,-0.025,10.88,-35.19,4.19,86.92,-85.28,-177.38
52.422123,-1.542676,170.94,5.51,3,277.5,20 / 21,624210,2019-09-06 19:30:29:953,-0.0434,2.4208,10.4256,0.0122,0.0057,9.8066,-0.0353,-0.1257,0.0212,10.13,-34.94,3.88,85.96,-85.68,-176.43
52.422123,-1.542676,170.94,5.51,3,277.5,20 / 21,624310,2019-09-06 19:30:30:053,0.8346,0.5099,10.6559,0.0061,-0.0253,9.8066,0.1607,-0.1618,0.0694,10.44,-34.25,4.13,83.89,-85.88,-177.38
52.422123,-1.542676,170.94,5.51,3,277.5,20 / 21,624409,2019-09-06 19:30:30:152,-0.2498,-0.8554,9.6264,-0.0044,-0.0114,9.8066,0.1101,-0.0214,0.0069,10.06,-34.31,4.25,82.86,-85.57,-179.41
52.422123,-1.542676,170.94,5.51,3,277.5,20 / 21,624510,2019-09-06 19:30:30:253,-0.1036,0.1062,9.8557,-0.0101,0.0215,9.8066,0.0267,0.0089,-0.0369,11.13,-34.5,3.56,84.77,-85.16,-179.45
52.422123,-1.542676,170.94,5.51,3,277.5,20 / 21,624609,2019-09-06 19:30:30:352,0.7367,-0.259,9.8549,-0.0053,-0.0175,9.8065,0.0997,-0.0124,0.0479,11.25,-35.12,3.94,85.52,-84.9,-179.93
52.422123,-1.542676,170.94,5.51,3,277.5,20 / 21,624710,2019-09-06 19:30:30:453,0.1893,1.3891,10.4646,0.0183,-0.0042,9.8066,0.1157,-0.0133,-0.0119,11.88,-35.62,4.06,86.55,-84.77,179.91
52.422123,-1.542676,170.94,5.51,3,277.5,20 / 21,624810,2019-09-06 19:30:30:553,-1.528,0.5275,10.3499,-0.0246,-0.0093,9.8066,-0.1018,-0.0208,-0.0593,11.25,-36.56,4.19,84.42,-84.99,178.36
52.422123,-1.542676,170.94,5.51,3,277.5,20 / 21,624909,2019-09-06 19:30:30:652,0.1698,-0.4094,8.9063,-0.02,-0.0231,9.8066,0.0135,-0.0055,0.0112,11.38,-35.62,4.31,81.22,-84.9,175.43
52.422123,-1.542676,170.94,5.51,3,277.5,20 / 21,625009,2019-09-06 19:30:30:752,-0.1411,0.0919,8.5154,-0.028,-0.0133,9.8066,-0.1371,-0.013,-0.0691,11.06,-35.62,4.31,80.04,-84.93,174.38
52.422123,-1.542676,170.94,5.51,3,277.5,20 / 21,625109,2019-09-06 19:30:30:852,0.8305,-0.1167,9.5579,0.0298,-0.0102,9.8065,-0.1188,-0.0283,0.0005,10.63,-35.87,3.56,78.66,-85.24,174.05
52.422123,-1.542676,170.94,5.51,3,277.5,20 / 21,625213,2019-09-06 19:30:30:956,0.2164,-0.7298,10.333,0.023,0.0038,9.8066,-0.0813,0.0144,0.0771,10.31,-35.56,4.44,77.29,-85.48,174.12
52.422123,-1.542676,170.94,5.51,3,277.5,20 / 21,625309,2019-09-06 19:30:31:052,-0.6192,-0.6193,9.8698,-0.0414,-0.0051,9.8065,-0.0955,0.0508,0.0068,9.94,-34.81,4.25,78.47,-85.57,175.96
52.422123,-1.542676,170.94,5.51,3,277.5,20 / 21,625409,2019-09-06 19:30:31:152,-0.1156,-0.6812,9.4665,-0.0555,-0.0238,9.8064,0.082,0.0167,0.0058,10.56,-34.81,4.56,75.15,-85.06,175.55
52.422123,-1.542676,170.94,5.51,3,277.5,20 / 21,625510,2019-09-06 19:30:31:253,-0.5581,-0.5731,8.5874,-0.0014,0.0004,9.8066,-0.0389,0.1178,-0.0233,10.38,-35.31,4,79.6,-84.78,174.4
52.422123,-1.542676,170.94,5.51,3,277.5,20 / 21,625609,2019-09-06 19:30:31:352,-0.9764,-0.5838,9.0391,0.0118,-0.0176,9.8066,-0.1228,0.0589,-0.049,10.5,-35.44,4.69,72.27,-84.91,172.44
52.422123,-1.542676,170.94,5.51,3,277.5,20 / 21,625710,2019-09-06 19:30:31:453,1.3312,-0.2216,10.4438,0.03,0.0008,9.8066,-0.147,0.0761,-0.0683,10.88,-35.56,4,76.35,-84.98,171.08
52.422123,-1.542676,170.94,5.51,3,277.5,20 / 21,625810,2019-09-06 19:30:31:553,1.4283,-0.6552,9.9086,-0.0088,0.0017,9.8066,0.2401,-0.0393,0.0159,10.56,-34.94,5.44,69.57,-85.14,170.6
52.422123,-1.542676,170.94,5.51,3,277.5,20 / 21,625909,2019-09-06 19:30:31:652,0.1188,0.9815,9.68,-0.0009,-0.0437,9.8065,0.2481,0.0397,-0.0196,10.44,-34.94,5.31,67.35,-84.81,168.64
52.422123,-1.542676,170.94,5.51,3,277.5,20 / 21,626010,2019-09-06 19:30:31:753,-0.6316,-2.8579,9.1499,-0.0491,-0.0006,9.8065,-0.1853,0.0423,-0.0196,11.06,-34.87,5.19,64.9,-84.68,165.12
52.422123,-1.542676,170.94,5.51,3,277.5,20 / 21,626110,2019-09-06 19:30:31:853,0.1486,-0.282,9.5323,-0.0192,0.0166,9.8066,-0.1718,0.0245,-0.0192,10.94,-35.31,4.94,69.13,-84.76,169.12
52.422123,-1.542676,170.94,5.51,3,277.5,20 / 21,626209,2019-09-06 19:30:31:952,-0.3393,0.0186,9.7472,-0.0229,-0.0067,9.8066,-0.1206,0.1236,-0.0418,11.38,-35.19,4.75,67.63,-85.08,168.66
52.422123,-1.542676,170.94,5.51,3,277.5,20 / 21,626309,2019-09-06 19:30:32:052,-0.8549,-1.6381,10.4722,0.0211,0.0052,9.8066,-0.0327,0.1036,0.0449,10.94,-35.37,4.31,70.61,-85.22,166.9
52.422123,-1.542676,170.94,5.51,3,277.5,20 / 21,626409,2019-09-06 19:30:32:152,-1.3975,1.203,9.4756,0.0364,0.0184,9.8065,-0.0896,0.1506,-0.0919,11.44,-34.81,4.81,66.67,-85.34,168.52
52.422123,-1.542676,170.94,5.51,3,277.5,20 / 21,626510,2019-09-06 19:30:32:253,1.0266,0.1993,10.0811,-0.0343,-0.0055,9.8065,0.0738,0.1093,-0.0253,10.75,-34.94,4.44,71.6,-84.92,166.92
52.422123,-1.542676,170.94,5.51,3,277.5,20 / 21,626609,2019-09-06 19:30:32:352,0.6336,-0.8482,9.3915,-0.01,-0.0076,9.8066,-0.099,-0.0525,0.0412,11.75,-35.25,4.5,66.58,-84.89,166.35
52.422123,-1.542676,170.94,5.51,3,277.5,20 / 21,626710,2019-09-06 19:30:32:453,0.1196,-0.2023,10.1207,0.0029,0.0018,9.8066,-0.05,0.0464,-0.0053,11.81,-35.37,4.56,66.63,-85.17,167.12
52.422123,-1.542676,170.94,5.51,3,277.5,20 / 21,626810,2019-09-06 19:30:32:553,0.0777,0.0952,9.3839,0.0211,0.0069,9.8065,-0.0754,0.065,-0.0071,11.44,-35.75,3.44,77.1,-85.24,167.48
52.422123,-1.542676,170.94,5.51,3,277.5,20 / 21,626909,2019-09-06 19:30:32:652,0.4805,-0.3468,8.8863,-0.0254,-0.0118,9.8066,-0.2858,0.0663,-0.0047,10.63,-34.69,4.5,65.71,-85.38,167.75
52.422123,-1.542676,170.94,5.51,3,277.5,20 / 21,627010,2019-09-06 19:30:32:753,3.5999,-2.8773,10.5422,-0.0497,-0.0126,9.8065,0.4583,0.0559,-0.0096,10.25,-35.12,4.31,70.49,-85.14,167.13
52.422123,-1.542676,170.94,5.51,3,277.5,20 / 21,627110,2019-09-06 19:30:32:853,1.3186,-5.7733,12.7597,0.1178,0.1162,9.8052,0.7733,0.3887,-0.1234,9.63,-34.94,4.88,68.69,-85.68,172.46
52.422123,-1.542676,170.94,5.51,3,277.5,20 / 21,627209,2019-09-06 19:30:32:952,-1.6909,1.6391,10.7454,0.2695,0.0338,9.8029,0.6292,0.0458,0.0523,9.44,-34.75,5.38,72.16,-85.85,177.59
52.422123,-1.542676,170.94,5.51,3,277.5,20 / 21,627310,2019-09-06 19:30:33:053,-1.3883,-3.0699,10.4699,0.0237,-0.0506,9.8064,-0.5689,0.2028,-0.025,10.5,-34.12,6.63,56.8,-85.62,169.59
52.422123,-1.542676,170.94,5.51,3,277.5,20 / 21,627409,2019-09-06 19:30:33:152,-1.0552,-1.6107,11.286,-0.124,-0.026,9.8058,-0.1048,-0.0103,-0.0797,10.81,-34.19,5.81,57.29,-85.07,164.46
52.422123,-1.542676,170.94,5.51,3,277.5,20 / 21,627510,2019-09-06 19:30:33:253,-0.1163,-2.0432,11.0975,0.0086,-0.0031,9.8066,-0.3201,-0.095,-0.0344,11.38,-34.06,5.31,60.04,-85.86,164.26
52.422123,-1.542676,170.94,5.51,3,277.5,20 / 21,627609,2019-09-06 19:30:33:352,1.3751,0.1854,9.8709,-0.0771,-0.0434,9.8062,-0.3288,0.0124,-0.0796,11,-34.56,4.38,61.05,-85.59,159.33
52.422123,-1.542676,170.94,5.51,3,277.5,20 / 21,627710,2019-09-06 19:30:33:453,-1.3779,-1.034,9.2467,-0.078,-0.024,9.8062,0.2059,-0.0278,0.073,11.5,-33.69,4.31,59.43,-85.47,157.22
52.422123,-1.542676,170.94,5.51,3,277.5,20 / 21,627809,2019-09-06 19:30:33:552,-0.837,-1.0696,10.1348,0.0276,0.0229,9.8065,0.195,0.0695,0.0542,11.13,-33.37,5.25,52.91,-85.36,157.1
52.422123,-1.542676,170.94,5.51,3,277.5,20 / 21,627909,2019-09-06 19:30:33:652,0.0467,-1.8618,10.0985,0.02,0.0318,9.8065,-0.0552,-0.0164,0.0117,11.13,-32.56,5.25,57.09,-85.51,161.1
52.422123,-1.542676,170.94,5.51,3,277.5,20 / 21,628010,2019-09-06 19:30:33:753,-0.6211,0.3928,9.0214,-0.018,0.0135,9.8066,0.0226,-0.0595,0.0489,11.75,-32.81,5.81,55.35,-85.38,162.43
52.422123,-1.542676,170.94,5.51,3,277.5,20 / 21,628110,2019-09-06 19:30:33:853,1.4593,-1.9095,10.3968,0.0357,-0.0072,9.8066,-0.0657,0.0174,0.0914,11.13,-33.25,5.44,63.5,-85.31,166.31
52.422123,-1.542676,170.94,5.51,3,277.5,20 / 21,628209,2019-09-06 19:30:33:952,-0.0888,-0.2693,10.0029,-0.0013,-0.0097,9.8066,0.0197,0.0178,0.1011,11.31,-33.37,4.31,66.88,-85.48,164.98
52.422123,-1.542676,170.94,5.51,3,277.5,20 / 21,628309,2019-09-06 19:30:34:052,-1.7575,-0.2241,9.4603,-0.0139,0.0223,9.8066,-0.1028,0.11,-0.1114,12.06,-33.69,3.38,75.73,-85.44,167.47
52.422123,-1.542676,170.94,5.51,3,277.5,20 / 21,628409,2019-09-06 19:30:34:152,-1.2995,-1.141,9.649,-0.0672,-0.0206,9.8063,-0.1564,0.0913,0.0003,13.56,-33.19,2.31,78.42,-85.42,165.97
52.422123,-1.542676,170.94,5.51,3,277.5,20 / 21,628510,2019-09-06 19:30:34:253,-0.9988,-0.8247,9.4168,-0.068,-0.0127,9.8063,-0.0458,0.0909,-0.0481,15.69,-31.12,1.94,75.8,-85,163.48
52.422123,-1.542676,170.94,5.51,3,277.5,20 / 21,628609,2019-09-06 19:30:34:352,-0.118,-0.2685,8.8536,0.0139,0.0057,9.8066,-0.1011,-0.0134,0.0255,16.81,-29.75,2.94,72.6,-85.15,164.47
52.422123,-1.542676,170.94,5.51,3,277.5,20 / 21,628710,2019-09-06 19:30:34:453,1.7129,-0.4754,9.4087,0.0156,0.0206,9.8066,0.0673,0.0002,0.0735,17.06,-29.87,3,74.42,-85.32,166.5
52.422123,-1.542676,170.94,5.51,3,277.5,20 / 21,628810,2019-09-06 19:30:34:553,-1.9809,-0.0369,10.0017,0.0305,0.0125,9.8065,-0.0439,0.0263,0.0157,15.5,-30,3.13,73.44,-85.8,166.57
52.422123,-1.542676,170.94,5.51,3,277.5,20 / 21,628910,2019-09-06 19:30:34:653,-0.135,-0.2599,10.7749,0.0165,-0.0035,9.8066,0.0144,0.0898,0.0602,14.56,-31.5,2.94,71.66,-86.08,165.36
52.422123,-1.542676,170.94,5.51,3,277.5,20 / 21,629010,2019-09-06 19:30:34:753,0.54,0.4167,9.9177,-0.0238,0.0099,9.8065,0.1036,0.0786,0.0306,13,-32,3.81,68.74,-86.02,167.03
52.422123,-1.542676,170.94,5.51,3,277.5,20 / 21,629109,2019-09-06 19:30:34:852,-1.0152,0.1023,9.8357,-0.0797,-0.0026,9.8063,-0.0549,0.1692,-0.121,11.88,-33.31,6,65.13,-85.42,171.33
52.422123,-1.542676,170.94,5.51,3,277.5,20 / 21,629210,2019-09-06 19:30:34:953,1.148,0.756,9.9298,-0.0006,-0.0016,9.8066,-0.2056,0.0075,-0.0104,11.88,-32.31,5.88,64.44,-85.11,170.32
52.422123,-1.542676,170.94,5.51,3,277.5,20 / 21,629309,2019-09-06 19:30:35:052,1.9534,-0.9633,9.0775,0.01,-0.0059,9.8066,0.0886,-0.0065,0.1199,11.94,-32.19,6.06,62.85,-85.03,168.69
52.422253,-1.543695,169.88,8.92,3,278.23,20 / 21,629410,2019-09-06 19:30:35:153,1.6053,-0.912,10.0949,-0.0307,-0.0081,9.8066,0.3744,-0.0902,-0.0095,12.25,-31.44,5.63,61.77,-84.95,167.88
52.422253,-1.543695,169.88,8.92,3,278.23,20 / 21,629509,2019-09-06 19:30:35:252,-1.7767,-0.0713,9.934,0.0591,0.0002,9.8064,0.2351,-0.0188,0.0224,13,-33.69,5.31,69.54,-85.1,169.21
52.422253,-1.543695,169.88,8.92,3,278.23,20 / 21,629609,2019-09-06 19:30:35:352,-0.7831,1.0218,9.9004,0.033,0.0238,9.8065,-0.2164,0.1885,0.0282,13.25,-33.62,5.13,68.44,-85.35,168.78
52.422253,-1.543695,169.88,8.92,3,278.23,20 / 21,629710,2019-09-06 19:30:35:453,1.0063,1.409,10.086,0.0202,0.0318,9.8065,0.0419,-0.0299,0.1347,12.19,-34.56,5.63,66.09,-85.62,172.06
52.422253,-1.543695,169.88,8.92,3,278.23,20 / 21,629810,2019-09-06 19:30:35:553,-0.6261,0.0614,9.4384,0.0152,0.0242,9.8066,0.0068,0.0524,-0.0407,11.44,-33.62,6.44,67.78,-85.59,175.16
52.422253,-1.543695,169.88,8.92,3,278.23,20 / 21,629910,2019-09-06 19:30:35:653,0.2664,-2.3439,9.5736,0.0051,-0.0099,9.8066,0.0346,0.1296,-0.0624,9.38,-33.94,8.13,52.36,-85.42,173.6
52.422253,-1.543695,169.88,8.92,3,278.23,20 / 21,630010,2019-09-06 19:30:35:753,0.4193,-1.9884,9.4637,0.0071,0.0073,9.8065,-0.0551,-0.0314,0.0023,8.44,-33.06,9,44.03,-85.48,173.67
52.422253,-1.543695,169.88,8.92,3,278.23,20 / 21,630110,2019-09-06 19:30:35:853,-0.1159,0.198,11.0729,0.0237,0.0135,9.8066,0.1094,0.0007,0.0016,9.38,-33.12,7.63,53.29,-85.55,175
52.422253,-1.543695,169.88,8.92,3,278.23,20 / 21,630211,2019-09-06 19:30:35:954,0.1711,0.5542,10.2988,-0.0519,-0.0105,9.8064,-0.107,0.0247,-0.1432,11.31,-32.25,6.63,58.84,-85.8,172.39
52.422253,-1.543695,169.88,8.92,3,278.23,20 / 21,630309,2019-09-06 19:30:36:052,-0.6008,0.2969,10.4092,-0.0251,-0.0175,9.8065,-0.0413,-0.0445,0.0779,12.88,-33,5.69,67.6,-85.4,172.44
52.422253,-1.543695,169.88,8.92,3,278.23,20 / 21,630410,2019-09-06 19:30:36:153,1.0085,-0.404,9.211,-0.0297,0.0073,9.8066,-0.0177,0.0054,0.0662,14.06,-33,6.5,67.1,-85.33,174.46
52.422253,-1.543695,169.88,8.92,3,278.23,20 / 21,630510,2019-09-06 19:30:36:253,-1.3563,-0.5369,9.1247,0.047,0.0296,9.8064,0.0454,0.0029,0.0247,12.81,-33.62,6.94,66.99,-85.62,175.9
52.422253,-1.543695,169.88,8.92,3,278.23,20 / 21,630609,2019-09-06 19:30:36:352,2.6755,-0.2352,8.8309,0.0285,0.0295,9.8065,0.0987,-0.1307,-0.0307,12,-33.37,6.88,67.85,-85.72,178.57
52.422253,-1.543695,169.88,8.92,3,278.23,20 / 21,630709,2019-09-06 19:30:36:452,-1.0016,-0.1024,10.5319,0.0744,0.0417,9.8063,0.3521,0.0314,-0.0386,11.38,-33.31,7.06,66.34,-85.84,179.06
52.422253,-1.543695,169.88,8.92,3,278.23,20 / 21,630810,2019-09-06 19:30:36:553,0.3607,0.6656,11.1251,-0.0665,-0.0209,9.8064,-0.1358,0.0915,0.0371,11.13,-33.62,5.75,69.76,-86.49,179.35
52.422253,-1.543695,169.88,8.92,3,278.23,20 / 21,630910,2019-09-06 19:30:36:653,0.4615,0.7604,10.5647,-0.038,-0.0265,9.8065,0.0763,-0.0352,0.0792,11.69,-33.87,5.5,71.01,-86,177.89
52.422253,-1.543695,169.88,8.92,3,278.23,20 / 21,631009,2019-09-06 19:30:36:752,-0.0552,0.5232,9.7874,-0.0375,-0.0072,9.8065,0.0019,0.0187,0.042,11.75,-33.56,5.25,77.23,-85.74,178.87
52.422253,-1.543695,169.88,8.92,3,278.23,20 / 21,631109,2019-09-06 19:30:36:852,-0.1463,0.1626,10.6649,-0.0107,-0.0054,9.8065,0.061,0.0035,-0.0098,12.31,-34.56,5.19,80.65,-85.36,-179.21
52.422253,-1.543695,169.88,8.92,3,278.23,20 / 21,631210,2019-09-06 19:30:36:953,1.1043,-1.8316,9.6042,-0.0086,-0.0224,9.8066,0.0576,-0.0998,-0.035,13,-34.62,5.31,78.35,-85.28,177.63
52.422253,-1.543695,169.88,8.92,3,278.23,20 / 21,631309,2019-09-06 19:30:37:052,-0.9834,0.6175,9.5296,0.0273,-0.0076,9.8066,-0.0313,-0.0459,-0.076,13.31,-34.94,4.88,78.85,-85.14,177.74
52.422253,-1.543695,169.88,8.92,3,278.23,20 / 21,631409,2019-09-06 19:30:37:152,-0.1129,1.5545,8.9939,0.0378,0.0071,9.8065,-0.1201,0.0857,-0.0024,12,-35,6,70.17,-85.39,175.28
52.422253,-1.543695,169.88,8.92,3,278.23,20 / 21,631510,2019-09-06 19:30:37:253,0.4347,0.6145,10.3007,0.0229,0.0117,9.8066,-0.0388,0.0557,0.1032,11.88,-35.44,6.06,67.42,-85.73,173.57
52.422253,-1.543695,169.88,8.92,3,278.23,20 / 21,631610,2019-09-06 19:30:37:353,0.7704,-0.4753,9.9739,-0.0301,0.0034,9.8065,-0.1598,0.0765,0.0082,11.63,-35.31,6.44,67.04,-86.13,174.21
52.422253,-1.543695,169.88,8.92,3,278.23,20 / 21,631709,2019-09-06 19:30:37:452,-0.6871,0.2651,10.6376,-0.032,-0.0292,9.8065,-0.053,-0.0605,0.0724,11.5,-35.75,6.63,64.33,-85.97,175.07
52.422253,-1.543695,169.88,8.92,3,278.23,20 / 21,631809,2019-09-06 19:30:37:552,1.7092,0.585,9.5901,-0.0241,0.0067,9.8065,-0.0361,-0.0413,-0.0162,11.13,-34.56,6.75,63.05,-85.94,175.68
52.422253,-1.543695,169.88,8.92,3,278.23,20 / 21,631909,2019-09-06 19:30:37:652,1.0068,1.1136,9.5737,-0.0318,-0.0044,9.8065,-0.0485,-0.0646,-0.0068,11.13,-35.25,6.88,65.47,-85.64,177.16
52.422253,-1.543695,169.88,8.92,3,278.23,20 / 21,632010,2019-09-06 19:30:37:753,1.1521,-0.5104,9.3693,-0.0004,-0.0244,9.8066,-0.0013,-0.0144,0.0353,11.63,-34.56,7.31,66.07,-85.46,175.72
52.422253,-1.543695,169.88,8.92,3,278.23,20 / 21,632110,2019-09-06 19:30:37:853,0.9574,0.1131,10.642,0.0348,0.0179,9.8065,-0.0208,-0.0111,-0.0477,11.06,-35.37,6.75,60.1,-85.9,172.92
52.422253,-1.543695,169.88,8.92,3,278.23,20 / 21,632210,2019-09-06 19:30:37:953,1.3535,0.4423,9.1942,0.0664,0.0213,9.8064,-0.0076,-0.0953,-0.0322,11.5,-34.56,7.13,59.08,-86.25,171.14
52.422253,-1.543695,169.88,8.92,3,278.23,20 / 21,632309,2019-09-06 19:30:38:052,-0.8496,-1.2912,10.0243,-0.0229,-0.0233,9.8065,0.0499,0.0418,-0.0854,12.25,-34.75,6.63,59.49,-85.98,170.91
52.422253,-1.543695,169.88,8.92,3,278.23,20 / 21,632410,2019-09-06 19:30:38:153,2.7403,-1.0648,10.7341,-0.0346,-0.0402,9.8065,0.0868,-0.0025,0.0713,12.25,-34.31,6.69,56.52,-85.82,168.13
52.422253,-1.543695,169.88,8.92,3,278.23,20 / 21,632509,2019-09-06 19:30:38:252,-0.976,-1.5732,8.7765,-0.027,-0.0112,9.8065,-0.1265,0.0812,-0.0155,11.31,-34.62,7.38,57.14,-85.65,169.67
52.422253,-1.543695,169.88,8.92,3,278.23,20 / 21,632610,2019-09-06 19:30:38:353,1.219,-1.5363,8.5152,-0.0548,-0.0132,9.8064,0.0251,-0.0362,0.0891,10.44,-33.56,6.38,62.58,-85.37,171.38
52.422253,-1.543695,169.88,8.92,3,278.23,20 / 21,632710,2019-09-06 19:30:38:453,-0.0589,-1.0769,11.2966,0.0088,0.0128,9.8066,0.029,0.1503,-0.1626,10.06,-34.31,6.63,59.12,-85.69,173.67
52.422253,-1.543695,169.88,8.92,3,278.23,20 / 21,632810,2019-09-06 19:30:38:553,2.5747,-2.5154,10.5207,0.0209,0.0358,9.8065,-0.7406,-0.0458,0.0975,10.13,-33.44,6.69,58.02,-86.06,173.88
52.422253,-1.543695,169.88,8.92,3,278.23,20 / 21,632909,2019-09-06 19:30:38:652,2.085,1.1531,8.8396,-0.1414,-0.0718,9.8053,-0.4464,0.0665,0.0936,10.75,-33.69,6.56,62.06,-85.6,174.26
52.422253,-1.543695,169.88,8.92,3,278.23,20 / 21,633009,2019-09-06 19:30:38:752,4.0091,0.4192,9.4692,-0.1732,-0.1002,9.8045,-0.1278,0.1296,-0.176,11.5,-33.31,6.63,62.64,-85.45,173.16
52.422253,-1.543695,169.88,8.92,3,278.23,20 / 21,633109,2019-09-06 19:30:38:852,1.9917,-0.4682,9.6211,-0.0478,-0.0338,9.8064,-0.3327,0.0493,0.1476,12,-32.75,6.94,58.86,-85.86,170.6
52.422253,-1.543695,169.88,8.92,3,278.23,20 / 21,633210,2019-09-06 19:30:38:953,2.4023,-0.0035,11.0708,-0.1064,-0.0051,9.8061,-0.276,0.0026,-0.0598,11.94,-33.75,6.81,64.9,-85.35,174.71
52.422253,-1.543695,169.88,8.92,3,278.23,20 / 21,633310,2019-09-06 19:30:39:053,0.4961,-0.3849,9.0783,0.0459,0.001,9.8065,-0.0866,0.0339,0.0559,11.63,-33.5,7,62.19,-85.76,173.42
52.422253,-1.543695,169.88,8.92,3,278.23,20 / 21,633409,2019-09-06 19:30:39:152,0.9555,-1.1461,8.6096,0.0295,-0.0123,9.8065,0.02,0.0712,0.0208,11.5,-34.31,7.56,54.87,-85.73,170.21
52.422253,-1.543695,169.88,8.92,3,278.23,20 / 21,633509,2019-09-06 19:30:39:252,1.1841,1.2139,10.1032,0.0149,0.0107,9.8066,0.0324,0.0763,0.0533,10.81,-34.12,8.5,49.07,-85.86,170.77
52.422253,-1.543695,169.88,8.92,3,278.23,20 / 21,633610,2019-09-06 19:30:39:353,0.7907,0.7487,10.5477,0.005,0.0242,9.8066,-0.0318,0.1158,-0.0863,10.63,-34.62,9.19,50.16,-85.91,171.62
52.422253,-1.543695,169.88,8.92,3,278.23,20 / 21,633710,2019-09-06 19:30:39:453,1.0847,-0.2972,9.6558,-0.0188,-0.0385,9.8065,0.0607,0.0788,0.0222,10.38,-34.37,8.5,43.54,-85.92,168.33
52.422253,-1.543695,169.88,8.92,3,278.23,20 / 21,633810,2019-09-06 19:30:39:553,0.244,-0.6503,9.6925,-0.028,-0.005,9.8066,-0.2817,0.1116,-0.104,10.44,-34.62,8.94,44.4,-85.56,168.2
52.422253,-1.543695,169.88,8.92,3,278.23,20 / 21,633911,2019-09-06 19:30:39:654,2.2601,2.689,9.8015,-0.0295,-0.0209,9.8065,-0.2223,0.0261,0.0926,10.56,-34.19,8.94,47.08,-85.39,168.17
52.422253,-1.543695,169.88,8.92,3,278.23,20 / 21,634010,2019-09-06 19:30:39:753,1.8605,1.2678,10.0946,-0.008,-0.0029,9.8066,0.1627,0.1109,-0.0077,10.44,-32.94,9.06,42.85,-85.6,167.39
52.422253,-1.543695,169.88,8.92,3,278.23,20 / 21,634109,2019-09-06 19:30:39:852,3.4437,1.4661,9.5993,0.0563,0.0441,9.8063,0.2684,0.0879,0.0309,11.69,-33.31,9.75,44.57,-86.05,168.44
52.422253,-1.543695,169.88,8.92,3,278.23,20 / 21,634209,2019-09-06 19:30:39:952,0.629,-0.3511,10.5205,0.0406,0.0327,9.8065,0.2209,0.1042,0.0419,12.38,-33.06,9.06,50.59,-85.88,170.37
52.422253,-1.543695,169.88,8.92,3,278.23,20 / 21,634309,2019-09-06 19:30:40:052,0.507,-0.1253,9.4036,-0.0446,-0.0227,9.8064,-0.0392,0.0466,0.0338,12.56,-33.25,9.06,55,-85.7,172.24
52.422253,-1.543695,169.88,8.92,3,278.23,20 / 21,634410,2019-09-06 19:30:40:153,0.0286,-0.8712,9.5031,0.0499,0.0231,9.8064,-0.0793,0.0837,-0.0146,12.81,-34.94,8.69,58.65,-85.34,174.41
52.422253,-1.543695,169.88,8.92,3,278.23,20 / 21,634510,2019-09-06 19:30:40:253,1.9759,1.4947,10.2314,-0.0075,0.0197,9.8066,-0.1678,0.0475,0.0746,11.88,-34.12,8.69,56.66,-85.65,175.18
52.422253,-1.543695,169.88,8.92,3,278.23,20 / 21,634609,2019-09-06 19:30:40:352,1.2568,-0.3339,9.159,0.0015,0.0168,9.8066,0.0875,0.0143,0.099,12.13,-35.19,8.69,59.45,-85.84,177.86
52.422253,-1.543695,169.88,8.92,3,278.23,20 / 21,634710,2019-09-06 19:30:40:453,0.9516,-0.0229,9.5924,0.0062,0.0307,9.8065,-0.0546,0.0838,-0.0343,11.25,-35.62,9,62.77,-86.09,-176.86
52.422253,-1.543695,169.88,8.92,3,278.23,20 / 21,634813,2019-09-06 19:30:40:556,2.966,0.7203,10.0411,0.0086,-0.0023,9.8066,0.1753,0.0722,-0.0329,11.63,-35.62,9.25,65.13,-86.2,-176.37
52.422253,-1.543695,169.88,8.92,3,278.23,20 / 21,634910,2019-09-06 19:30:40:653,0.9324,1.4598,10.3991,0.0236,0.0103,9.8065,0.1318,0.0386,-0.0025,10.94,-35.25,9.13,65.55,-86.07,-174.08
52.422253,-1.543695,169.88,8.92,3,278.23,20 / 21,635010,2019-09-06 19:30:40:753,0.8246,1.1241,9.8809,0.0454,0.0169,9.8065,-0.1567,0.0656,-0.04,11.75,-35.81,9.63,61.53,-86.33,-176.18
52.422253,-1.543695,169.88,8.92,3,278.23,20 / 21,635110,2019-09-06 19:30:40:853,0.4799,1.7747,9.5945,-0.0537,-0.0386,9.8064,-0.102,-0.066,0.097,11.81,-35.5,9.75,60.53,-85.96,-177.63
52.422253,-1.543695,169.88,8.92,3,278.23,20 / 21,635210,2019-09-06 19:30:40:953,1.3698,0.9043,10.1462,-0.0578,-0.0434,9.8063,-0.0988,0.012,-0.0276,11.56,-35.81,9.81,60.98,-85.96,-177.45
52.422253,-1.543695,169.88,8.92,3,278.23,20 / 21,635310,2019-09-06 19:30:41:053,1.4237,1.9813,10.1875,-0.0163,0.05,9.8065,0.0039,0.0437,0.0316,10.56,-36.56,9.19,73.68,-85.9,-167.37
52.422253,-1.543695,169.88,8.92,3,278.23,18 / 21,635409,2019-09-06 19:30:41:152,0.2903,0.2322,9.9488,0.0017,0.0244,9.8065,0.0181,-0.004,0.004,10.63,-36.12,10.5,69.98,-85.8,-164.26
52.422253,-1.543695,169.88,8.92,3,278.23,18 / 21,635510,2019-09-06 19:30:41:253,-1.5696,1.1917,9.7248,-0.0113,-0.0302,9.8066,0.1073,-0.1388,0.0517,10.75,-36.06,10.75,71.18,-85.73,-163.28
52.422253,-1.543695,169.88,8.92,3,278.23,18 / 21,635610,2019-09-06 19:30:41:353,1.7277,-0.4439,9.8349,0.0455,-0.003,9.8064,-0.0349,-0.0047,0.0189,10.69,-36.25,9.69,71.44,-85.67,-166.36
52.422253,-1.543695,169.88,8.92,3,278.23,18 / 21,635710,2019-09-06 19:30:41:453,0.8114,1.327,10.2136,0.0085,0.0342,9.8065,-0.0628,-0.135,0.1051,10.31,-35.87,9.56,69.72,-85.97,-165
52.422253,-1.543695,169.88,8.92,3,278.23,18 / 21,635810,2019-09-06 19:30:41:553,1.4979,2.0193,9.5848,-0.0107,0.0271,9.8066,0.0839,-0.1355,0.0042,10.44,-35.69,9.81,76.16,-85.89,-159.1
52.422253,-1.543695,169.88,8.92,3,278.23,18 / 21,635910,2019-09-06 19:30:41:653,0.4385,1.3353,9.444,0.0241,0.0154,9.8066,0.0126,-0.0512,0.07,10.31,-36.5,9.31,82.55,-85.89,-156.47
52.422253,-1.543695,169.88,8.92,3,278.23,18 / 21,636010,2019-09-06 19:30:41:753,0.516,1.4167,8.9098,0.0008,0.0052,9.8066,0.1153,-0.0524,-0.022,10.56,-36.31,9,84.77,-85.73,-156.82
52.422253,-1.543695,169.88,8.92,3,278.23,18 / 21,636111,2019-09-06 19:30:41:854,0.684,0.3037,9.0643,0.0263,0.0039,9.8066,0.0171,-0.081,-0.0432,9.94,-36.19,8.94,81.62,-85.69,-157.93
52.422253,-1.543695,169.88,8.92,3,278.23,18 / 21,636210,2019-09-06 19:30:41:953,1.6712,0.0623,9.9552,0.0167,0.0222,9.8065,-0.0337,-0.0592,0.0003,9.69,-36.31,9.13,82.13,-85.91,-156.82
52.422253,-1.543695,169.88,8.92,3,278.23,18 / 21,636310,2019-09-06 19:30:42:053,0.6134,1.1229,10.5541,0.0193,-0.0031,9.8066,0.0622,-0.029,0.0083,9.88,-36.37,8.31,84.8,-86.27,-157.07
52.422253,-1.543695,169.88,8.92,3,278.23,18 / 20,636409,2019-09-06 19:30:42:152,0.53,-0.2874,9.8485,0.0133,-0.0078,9.8066,-0.0853,-0.0239,-0.0353,9.81,-36,7.69,83.45,-86.42,-157.98
52.422253,-1.543695,169.88,8.92,3,278.23,18 / 20,636510,2019-09-06 19:30:42:253,1.1615,0.3452,9.4616,0.0046,0.0064,9.8066,-0.0222,0.0363,0.0162,10.19,-35.69,8.44,83.37,-86.56,-157.65
52.422253,-1.543695,169.88,8.92,3,278.23,18 / 20,636610,2019-09-06 19:30:42:353,0.3579,0.3606,10.1748,-0.0035,-0.0023,9.8066,0.092,0.0681,-0.0064,9.94,-36.19,8.06,83.42,-86.48,-157.82
52.422253,-1.543695,169.88,8.92,3,278.23,18 / 20,636710,2019-09-06 19:30:42:453,1.4599,1.052,10.0652,0.0085,-0.0145,9.8066,0.1281,-0.0139,0.0133,10.06,-35.44,7.19,85.94,-86.41,-159.41
52.422253,-1.543695,169.88,8.92,3,278.23,18 / 20,636810,2019-09-06 19:30:42:553,1.1548,0.0937,9.6429,0.0056,-0.0108,9.8065,-0.0229,0.0494,-0.0407,10.63,-35.19,7.44,84.05,-86.28,-163.49
52.422253,-1.543695,169.88,8.92,3,278.23,18 / 20,636909,2019-09-06 19:30:42:652,1.6115,-0.0697,9.6105,-0.0102,-0.01,9.8066,-0.0262,0.0907,0.0003,11.13,-35.25,8,75.8,-86.24,-167.64
52.422253,-1.543695,169.88,8.92,3,278.23,18 / 20,637010,2019-09-06 19:30:42:753,1.4138,0.7819,10.5543,0.0163,0.0073,9.8066,-0.065,0.084,-0.0636,11.25,-35.81,9.63,68.48,-86.48,-167.25
52.422253,-1.543695,169.88,8.92,3,278.23,18 / 20,637110,2019-09-06 19:30:42:853,1.8112,1.3655,10.9624,0.017,-0.005,9.8066,0.0196,0.0901,-0.0465,10.63,-36.81,9.44,71.65,-86.77,-167.11
52.422253,-1.543695,169.88,8.92,3,278.23,18 / 20,637211,2019-09-06 19:30:42:954,1.5964,0.2266,10.3078,0.0105,-0.0078,9.8066,-0.0262,0.1302,-0.0623,10.69,-36.44,9.5,65,-86.89,-169.61
52.422253,-1.543695,169.88,8.92,3,278.23,19 / 20,637310,2019-09-06 19:30:43:053,1.6569,0.4636,9.6258,0.0054,-0.0133,9.8066,-0.0155,0.1325,-0.0328,10.56,-36.62,9.5,62.61,-86.9,-172.01
52.422253,-1.543695,169.88,8.92,3,278.23,19 / 20,637409,2019-09-06 19:30:43:152,1.4747,-0.0325,9.2383,0.0104,-0.0046,9.8066,-0.0492,0.1525,0.0118,10.63,-36,9.56,58.35,-87,-175.61
52.422253,-1.543695,169.88,8.92,3,278.23,19 / 20,637510,2019-09-06 19:30:43:253,1.5162,0.2513,9.8431,-0.005,0.0046,9.8066,-0.0228,0.1433,0.022,10.75,-36.44,9.56,58.14,-87.21,-175.35
52.422253,-1.543695,169.88,8.92,3,278.23,19 / 20,637609,2019-09-06 19:30:43:352,1.1976,-0.524,9.4437,-0.0123,0.012,9.8066,-0.0294,0.1769,0.0722,10.19,-37.06,10,58.42,-87.3,-172.63
52.422253,-1.543695,169.88,8.92,3,278.23,19 / 20,637710,2019-09-06 19:30:43:453,0.612,0.8991,10.2246,-0.0163,0.0219,9.8066,0.0474,0.198,0.0141,10.31,-35.75,10.88,60.51,-87.2,-167.71
52.422253,-1.543695,169.88,8.92,3,278.23,19 / 20,637810,2019-09-06 19:30:43:553,0.1428,1.0162,10.1521,0.0088,0.0167,9.8065,-0.1374,0.2103,-0.0157,9.5,-36.19,10.94,66.4,-87.17,-162.19
52.422253,-1.543695,169.88,8.92,3,278.23,19 / 20,637910,2019-09-06 19:30:43:653,0.9088,1.2393,9.8181,0.0211,0.0022,9.8066,-0.0896,0.1426,-0.0122,9.88,-35.5,11.06,63.59,-87.38,-164.23
52.422253,-1.543695,169.88,8.92,3,278.23,19 / 20,638010,2019-09-06 19:30:43:753,1.6552,1.2801,9.573,0.0253,-0.001,9.8065,0.0064,0.2264,-0.1428,10.38,-35.94,11.13,60.59,-87.65,-166.68
52.422253,-1.543695,169.88,8.92,3,278.23,19 / 20,638110,2019-09-06 19:30:43:853,1.6877,1.141,10.5167,0.0293,0.0034,9.8065,0.0105,0.1351,0.0593,11.19,-36.06,11.38,47.21,-88.23,179.19
52.422253,-1.543695,169.88,8.92,3,278.23,19 / 20,638210,2019-09-06 19:30:43:953,2.4567,1.3929,10.5648,0.0002,0.009,9.8066,0.0911,0.2451,0.0053,10.31,-35.87,11.56,44.2,-88.35,-178.28
52.422253,-1.543695,169.88,8.92,3,278.23,19 / 20,638309,2019-09-06 19:30:44:052,2.3586,0.5524,10.4889,-0.0276,0.0125,9.8066,0.1522,0.215,0.156,10.19,-35.56,11.81,42.53,-88.25,179.98
52.422264,-1.544637,168.73,2.68,3,255.33,19 / 20,638410,2019-09-06 19:30:44:153,1.0881,1.7022,9.4901,-0.0648,0.0106,9.8064,-0.0105,0.2132,0.0136,9.31,-36.19,13.19,57.43,-87.92,-161.28
52.422264,-1.544637,168.73,2.68,3,255.33,19 / 20,638509,2019-09-06 19:30:44:252,0.312,1.4833,9.3822,-0.0083,0.0081,9.8066,0.0067,0.1652,0.0041,9.38,-35.81,12.69,68.76,-87.45,-151.36
52.422264,-1.544637,168.73,2.68,3,255.33,19 / 20,638610,2019-09-06 19:30:44:353,1.1518,1.89,9.8932,0.004,-0.0035,9.8066,0.0448,0.1198,0.0715,9.44,-35.94,13,68.88,-87.41,-151.35
52.422264,-1.544637,168.73,2.68,3,255.33,19 / 20,638710,2019-09-06 19:30:44:453,1.5471,1.0845,10.2302,0.0079,0.0018,9.8066,0.0459,0.1789,-0.106,9.56,-36.31,13.38,68.82,-87.53,-153.83
52.422264,-1.544637,168.73,2.68,3,255.33,19 / 20,638809,2019-09-06 19:30:44:552,1.0166,0.9388,10.0943,0.016,-0.006,9.8066,-0.0042,0.1495,-0.0176,9.31,-36.06,14.06,58.79,-87.56,-158.49
52.422264,-1.544637,168.73,2.68,3,255.33,19 / 20,638909,2019-09-06 19:30:44:652,0.2617,1.1614,10.2573,-0.0029,-0.0108,9.8066,-0.0066,0.1418,-0.0118,9.94,-36.44,14.44,59.79,-87.55,-160.2
52.422264,-1.544637,168.73,2.68,3,255.33,19 / 20,639009,2019-09-06 19:30:44:752,0.2322,0.9027,9.7678,-0.0033,-0.0105,9.8066,-0.0242,0.1139,0.0047,9.5,-36.69,14.44,57.28,-87.56,-162.7
52.422264,-1.544637,168.73,2.68,3,255.33,19 / 20,639110,2019-09-06 19:30:44:853,0.468,0.9663,9.9569,-0.0054,-0.0029,9.8066,-0.0211,0.1045,-0.0201,9.5,-36.87,14.25,55.99,-87.57,-163.91
52.422264,-1.544637,168.73,2.68,3,255.33,19 / 20,639210,2019-09-06 19:30:44:953,0.1795,0.706,9.8871,0.0058,-0.0138,9.8066,0.031,0.1237,-0.0461,9.94,-36.5,14.63,51.61,-87.57,-165.92
52.422264,-1.544637,168.73,2.68,3,255.33,19 / 20,639310,2019-09-06 19:30:45:053,-0.0794,0.0574,9.9606,0.0148,-0.0075,9.8066,0.0232,0.1171,-0.0419,10.13,-37.06,14.69,43.17,-87.63,-173.88
52.422264,-1.544637,168.73,2.68,3,255.33,18 / 20,639410,2019-09-06 19:30:45:153,0.2307,-0.2933,9.8845,0.0151,-0.0085,9.8066,0.0001,0.1132,-0.024,9.56,-37.5,14.69,38.2,-87.59,-178.57
52.422264,-1.544637,168.73,2.68,3,255.33,18 / 20,639510,2019-09-06 19:30:45:253,0.2236,-0.554,9.9565,0.0102,-0.0015,9.8066,0.0596,0.1096,-0.0058,9.31,-36.37,15.69,30.1,-87.6,178.36
52.422264,-1.544637,168.73,2.68,3,255.33,18 / 20,639609,2019-09-06 19:30:45:352,-0.1442,-0.5411,9.8,0.005,0.0085,9.8066,-0.0448,0.1192,-0.0109,9.5,-36.31,15.19,32.86,-87.66,176.61
52.422264,-1.544637,168.73,2.68,3,255.33,18 / 20,639710,2019-09-06 19:30:45:453,-0.1303,-0.2589,9.7177,-0.0054,-0.0171,9.8066,-0.0498,0.1584,-0.035,8.94,-36.37,16.13,26.64,-87.57,175.13
52.422264,-1.544637,168.73,2.68,3,255.33,18 / 20,639809,2019-09-06 19:30:45:552,0.2212,-0.7184,9.9228,0.0044,-0.0211,9.8065,0.0296,0.1599,-0.0041,9.44,-36.06,16.5,21.46,-87.54,171.86
52.422264,-1.544637,168.73,2.68,3,255.33,18 / 20,639910,2019-09-06 19:30:45:653,0.2397,-0.6784,10.0086,0.0148,0.0071,9.8066,-0.0231,0.1501,-0.0168,9.69,-36.19,16.88,18.91,-87.57,166.98
52.422264,-1.544637,168.73,2.68,3,255.33,18 / 20,640009,2019-09-06 19:30:45:752,-0.2504,-0.5103,9.9862,0.0081,0.0211,9.8066,-0.0276,0.157,-0.0047,9.31,-36.56,16.63,13.09,-87.84,164.24
52.422264,-1.544637,168.73,2.68,3,255.33,18 / 20,640109,2019-09-06 19:30:45:852,0.0684,-0.5972,9.6059,0.0064,0.0096,9.8066,-0.0207,0.2018,0.0072,9.56,-36.31,16.69,13.58,-88.08,162.29
52.422264,-1.544637,168.73,2.68,3,255.33,18 / 20,640214,2019-09-06 19:30:45:957,-0.1781,-0.7207,9.4384,0.0018,-0.0011,9.8066,-0.0109,0.1974,-0.0131,9.5,-36.25,17.5,10.89,-88.13,161.21
52.422264,-1.544637,168.73,2.68,3,255.33,18 / 20,640310,2019-09-06 19:30:46:053,0.1416,-0.6282,9.731,0.0056,0.0023,9.8065,0.0076,0.2059,-0.0101,9.06,-35.81,18.31,7.09,-88.11,160.1
52.422264,-1.544637,168.73,2.68,3,255.33,20 / 21,640409,2019-09-06 19:30:46:152,0.4048,-0.157,10.1183,-0.0041,0.0014,9.8066,0.0042,0.2289,0.0049,9.31,-35.37,19,5.42,-88.12,159.78
52.422264,-1.544637,168.73,2.68,3,255.33,20 / 21,640510,2019-09-06 19:30:46:253,-0.0336,-0.1193,10.0451,0.0066,0.0052,9.8066,0.0192,0.232,-0.0091,8.88,-35.94,18.63,7.19,-88.17,161.45
52.422264,-1.544637,168.73,2.68,3,255.33,20 / 21,640609,2019-09-06 19:30:46:352,0.0739,-0.4769,10.2227,0.0001,-0.007,9.8066,-0.0199,0.2712,0.0034,8.38,-35.94,19.19,3.64,-88.1,160.59
52.422264,-1.544637,168.73,2.68,3,255.33,20 / 21,640710,2019-09-06 19:30:46:453,-0.3732,-0.4036,9.655,0.009,-0.0122,9.8066,0.0337,0.2715,-0.0505,8.56,-36.06,19.5,3.82,-88.01,159.37
52.422264,-1.544637,168.73,2.68,3,255.33,20 / 21,640809,2019-09-06 19:30:46:552,0.0242,-0.7545,9.4797,0.0163,-0.016,9.8066,0.0151,0.2263,-0.0675,8,-35.69,20.13,353.88,-87.76,152.49
52.422264,-1.544637,168.73,2.68,3,255.33,20 / 21,640910,2019-09-06 19:30:46:653,-0.0342,-0.748,9.5272,0.0201,-0.0134,9.8066,-0.0102,0.2749,-0.0712,7.69,-35.75,20.81,346.27,-87.47,146.39
52.422264,-1.544637,168.73,2.68,3,255.33,20 / 21,641010,2019-09-06 19:30:46:753,0.4273,-0.6817,9.7738,0.0231,-0.0172,9.8065,0.0056,0.2978,-0.0655,7.81,-35.31,20.88,340.88,-87.25,141.45
52.422264,-1.544637,168.73,2.68,3,255.33,20 / 21,641109,2019-09-06 19:30:46:852,0.0514,-1.1524,9.8669,0.0159,-0.0142,9.8066,0.0096,0.3081,-0.0377,7.63,-34.94,22.69,334.36,-86.9,137.14
52.422264,-1.544637,168.73,2.68,3,255.33,20 / 21,641210,2019-09-06 19:30:46:953,0.0413,-0.8927,10.2189,0.0131,-0.0125,9.8066,0.0115,0.3267,-0.0882,7.56,-34.81,22.19,333.7,-86.7,135.94
52.422264,-1.544637,168.73,2.68,3,255.33,20 / 21,641309,2019-09-06 19:30:47:052,0.7598,-1.1734,10.0139,0.0157,-0.0194,9.8066,0.0088,0.312,-0.0191,7.69,-34.75,22.81,330.04,-86.48,133.44
52.422264,-1.544637,168.73,2.68,3,255.33,20 / 21,641409,2019-09-06 19:30:47:152,0.9347,-1.3198,9.7919,0.0016,-0.0064,9.8066,-0.0228,0.3371,0.0139,7.5,-34.5,23,328.89,-86.27,132.46
52.422264,-1.544637,168.73,2.68,3,255.33,20 / 21,641510,2019-09-06 19:30:47:253,0.5767,-1.7009,9.8632,-0.0053,-0.0064,9.8066,-0.0067,0.3353,-0.0205,7.06,-33.62,23.56,327.03,-86.18,133.65
52.422264,-1.544637,168.73,2.68,3,255.33,20 / 21,641609,2019-09-06 19:30:47:352,-0.4051,-1.8939,9.9295,-0.0077,-0.0147,9.8066,0.0109,0.3714,-0.0165,6.38,-34.12,24.56,328.21,-86.09,137.5
52.422264,-1.544637,168.73,2.68,3,255.33,20 / 21,641710,2019-09-06 19:30:47:453,0.1575,-1.1527,9.6452,-0.0059,-0.0127,9.8065,-0.0893,0.4301,-0.0428,5.56,-34.25,24.75,329.04,-86.05,138.29
52.422264,-1.544637,168.73,2.68,3,255.33,20 / 21,641810,2019-09-06 19:30:47:553,0.782,-0.345,9.6988,0.013,-0.0033,9.8066,-0.0335,0.461,0.0095,4.81,-34,24.94,326.23,-85.99,137.96
52.422264,-1.544637,168.73,2.68,3,255.33,20 / 21,641910,2019-09-06 19:30:47:653,0.1435,-1.2879,9.4487,0.0021,-0.0104,9.8066,0.0293,0.4159,-0.1177,4.44,-34,25.5,323.26,-85.89,137.76
52.422264,-1.544637,168.73,2.68,3,255.33,20 / 21,642010,2019-09-06 19:30:47:753,1.345,-0.9009,9.791,0.016,-0.0176,9.8066,0.0334,0.3974,-0.0606,4.25,-34.56,25.69,323.53,-85.69,138.27
52.422264,-1.544637,168.73,2.68,3,255.33,20 / 21,642110,2019-09-06 19:30:47:853,0.8417,-1.9477,9.8324,0.0082,-0.0086,9.8066,-0.0334,0.4339,-0.0471,3.19,-33.87,26.19,320.99,-85.3,138.35
52.422264,-1.544637,168.73,2.68,3,255.33,20 / 21,642214,2019-09-06 19:30:47:957,0.6674,-1.9943,9.5916,0.0069,-0.0098,9.8066,-0.0754,0.4297,-0.0348,2.5,-33.44,26.44,321.01,-85.12,138.4
52.422264,-1.544637,168.73,2.68,3,255.33,20 / 21,642310,2019-09-06 19:30:48:053,1.0184,-0.9988,9.8796,0.0166,0.009,9.8066,0.0432,0.4367,-0.0605,2.25,-33.62,27.13,318.31,-85.06,138.32
52.422264,-1.544637,168.73,2.68,3,255.33,20 / 21,642410,2019-09-06 19:30:48:153,0.7056,-0.379,9.9397,0.0014,0.0099,9.8066,-0.0561,0.4306,-0.0414,0.94,-34.19,26.94,313.64,-84.91,136.28
52.422264,-1.544637,168.73,2.68,3,255.33,20 / 21,642509,2019-09-06 19:30:48:252,1.1526,0.0289,9.43,0.0099,0.0249,9.8065,0.0622,0.4146,-0.0469,1.13,-34.44,26.94,312.14,-84.87,134.93
52.422264,-1.544637,168.73,2.68,3,255.33,20 / 21,642610,2019-09-06 19:30:48:353,0.182,-0.0231,9.7431,0.0004,0.015,9.8065,0.0415,0.3856,-0.0176,0.25,-34.19,26.75,309.78,-84.79,134.95
52.422264,-1.544637,168.73,2.68,3,255.33,20 / 21,642710,2019-09-06 19:30:48:453,0.7502,-0.7732,9.8981,0.0199,0.0068,9.8066,-0.0024,0.3866,-0.0979,-0.69,-33.87,27.69,305.51,-84.54,133.09
52.422264,-1.544637,168.73,2.68,3,255.33,20 / 21,642810,2019-09-06 19:30:48:553,0.7747,-0.5657,9.5975,0.0047,-0.0047,9.8066,-0.0271,0.394,-0.0144,-0.56,-33.31,27.81,306.28,-84.35,133.84
52.422264,-1.544637,168.73,2.68,3,255.33,20 / 21,642910,2019-09-06 19:30:48:653,0.707,-0.4538,10.3021,-0.0001,-0.0214,9.8066,0.0082,0.4257,-0.0477,-1.75,-34.12,27.88,304.89,-84.24,134.85
52.422264,-1.544637,168.73,2.68,3,255.33,20 / 21,643010,2019-09-06 19:30:48:753,-0.4122,-1.156,9.9211,-0.0181,-0.0111,9.8066,0.0417,0.3015,0.0565,-2.37,-34.37,27.94,308.4,-84.19,138.16
52.422264,-1.544637,168.73,2.68,3,255.33,20 / 21,643110,2019-09-06 19:30:48:853,0.172,-1.5663,10.1235,0.0016,-0.033,9.8065,0.0306,0.3603,-0.0426,-3.5,-33.87,28.06,309.14,-84.02,141.02
52.422264,-1.544637,168.73,2.68,3,255.33,20 / 21,643210,2019-09-06 19:30:48:953,0.3776,-0.8049,9.6408,0.0218,-0.006,9.8066,0.0149,0.4042,-0.0916,-4.31,-33.75,28.25,306.83,-83.83,141.07
52.422264,-1.544637,168.73,2.68,3,255.33,20 / 21,643310,2019-09-06 19:30:49:053,1.9842,-1.3093,10.3014,0.0152,0.0098,9.8066,0.0172,0.3975,-0.1331,-3.44,-33.81,28.94,307.43,-83.59,139.47
52.422264,-1.544637,168.73,2.68,3,255.33,20 / 21,643409,2019-09-06 19:30:49:152,0.8182,-1.2609,10.1817,0.0267,0.015,9.8066,-0.0958,0.3648,-0.0842,-4,-33.69,29.19,301.88,-83.37,136.48
52.422264,-1.544637,168.73,2.68,3,255.33,20 / 21,643510,2019-09-06 19:30:49:253,1.5919,-0.4445,9.9151,0.035,-0.0182,9.8065,-0.0617,0.2931,-0.1,-4.87,-34,28.19,297.05,-83.15,134.67
52.422264,-1.544637,168.73,2.68,3,255.33,20 / 21,643609,2019-09-06 19:30:49:352,1.5941,0.3928,9.7393,0.023,-0.0243,9.8065,0.0451,0.279,-0.0317,-5.31,-33.81,28.81,296.62,-82.7,134.18
52.422264,-1.544637,168.73,2.68,3,255.33,20 / 21,643709,2019-09-06 19:30:49:452,0.9619,-0.7489,9.925,-0.0048,-0.0182,9.8066,0.069,0.2614,0.0003,-5.5,-33.12,28.5,298.45,-82.48,135.91
52.422264,-1.544637,168.73,2.68,3,255.33,20 / 21,643810,2019-09-06 19:30:49:553,1.3733,-0.8689,9.72,-0.0185,-0.0148,9.8065,-0.0341,0.2652,0.0318,-6.12,-33.31,28.94,299.51,-82.38,138.86
52.422264,-1.544637,168.73,2.68,3,255.33,20 / 21,643910,2019-09-06 19:30:49:653,0.0084,-1.1817,9.666,0.0012,-0.0407,9.8066,-0.0369,0.3095,0.0239,-7.31,-33.37,28.5,301.67,-82.04,143.03
52.422264,-1.544637,168.73,2.68,3,255.33,20 / 21,644010,2019-09-06 19:30:49:753,0.1549,-1.2939,10.5542,0.0009,-0.0188,9.8065,0.0243,0.2231,-0.0906,-8.06,-32.12,28.69,300.92,-81.98,143.95
52.422264,-1.544637,168.73,2.68,3,255.33,20 / 21,644109,2019-09-06 19:30:49:852,0.5187,-0.5926,10.3666,0.0102,-0.0127,9.8066,-0.0248,0.2084,-0.0228,-7.62,-31.75,28.13,300.32,-82.01,144.14
52.422264,-1.544637,168.73,2.68,3,255.33,20 / 21,644210,2019-09-06 19:30:49:953,0.4443,-1.6983,9.5599,-0.0007,-0.0033,9.8066,-0.1064,0.1669,0.0065,-9,-32.37,27.88,297.98,-82.03,143.75
52.422264,-1.544637,168.73,2.68,3,255.33,20 / 21,644309,2019-09-06 19:30:50:052,0.3875,-1.3265,9.0941,-0.0191,-0.004,9.8065,-0.1393,0.1548,0.0135,-9.62,-32.87,27.88,297.58,-82.31,145.07
52.422264,-1.544637,168.73,2.68,3,255.33,20 / 21,644410,2019-09-06 19:30:50:153,0.5696,-2.0286,9.7632,-0.0173,-0.0148,9.8066,0.0487,0.0803,0.0267,-9.5,-32.12,27.75,301.24,-82.4,146.4
52.422264,-1.544637,168.73,2.68,3,255.33,20 / 21,644509,2019-09-06 19:30:50:252,-0.1376,-1.511,9.8147,-0.0055,-0.0108,9.8066,-0.0499,0.0616,-0.0237,-9.62,-32.31,28.38,301.19,-82.46,148.04
52.422264,-1.544637,168.73,2.68,3,255.33,20 / 21,644610,2019-09-06 19:30:50:353,0.4694,-0.2638,10.071,0.0107,-0.0003,9.8065,0.0192,0.0178,0.037,-9.5,-31.81,28.94,303.83,-82.48,147.93
52.422264,-1.544637,168.73,2.68,3,255.33,20 / 21,644709,2019-09-06 19:30:50:452,0.1137,-0.5031,10.2785,-0.0157,0.0216,9.8065,0.059,0.0611,-0.0275,-8.81,-31.94,28.88,302.87,-82.64,146.88
52.422264,-1.544637,168.73,2.68,3,255.33,20 / 21,644810,2019-09-06 19:30:50:553,-0.2749,-0.027,10.1681,-0.007,0.0096,9.8066,0.0411,0.0667,0.0122,-10.06,-32.25,28.38,300.67,-82.58,147.45
52.422264,-1.544637,168.73,2.68,3,255.33,20 / 21,644910,2019-09-06 19:30:50:653,0.2293,-1.4821,9.6821,0.0039,-0.023,9.8066,0.058,0.0456,0.0206,-9.44,-31.75,28.56,304.59,-82.42,148.68
52.422264,-1.544637,168.73,2.68,3,255.33,20 / 21,645010,2019-09-06 19:30:50:753,-0.4222,-0.4741,9.5618,0.0008,-0.01,9.8066,-0.1336,0.0702,0.016,-9.62,-32.37,29.38,303.43,-82.38,149.36
52.422264,-1.544637,168.73,2.68,3,255.33,20 / 21,645110,2019-09-06 19:30:50:853,-0.8386,-0.0742,9.9945,0.0095,-0.0281,9.8066,-0.1477,-0.0039,0.0287,-10.37,-31.37,29.63,304.56,-82.46,149.35
52.422264,-1.544637,168.73,2.68,3,255.33,20 / 21,645210,2019-09-06 19:30:50:953,-0.599,1.503,9.9949,0.0104,-0.0275,9.8066,0.075,-0.0124,0.0219,-9.44,-30.87,30,307.3,-82.37,150.28
52.422264,-1.544637,168.73,2.68,3,255.33,20 / 21,645310,2019-09-06 19:30:51:053,-1.1833,1.538,10.0872,-0.0223,0.0243,9.8065,0.147,0.0707,-0.0048,-8.12,-29.81,30.94,309.85,-82.65,149.86
52.422264,-1.544637,168.73,2.68,3,255.33,19 / 21,645409,2019-09-06 19:30:51:152,0.1465,-0.3066,9.8645,0.0034,-0.0065,9.8066,-0.0822,-0.0303,-0.0071,-7.94,-29.5,31.25,311.2,-82.49,151.05
52.422264,-1.544637,168.73,2.68,3,255.33,19 / 21,645510,2019-09-06 19:30:51:253,-0.7152,-1.2657,9.0968,-0.0052,-0.0209,9.8065,-0.0506,0.0109,-0.0013,-7.12,-29.5,30.81,312.93,-82.41,150.99
52.422264,-1.544637,168.73,2.68,3,255.33,19 / 21,645609,2019-09-06 19:30:51:352,-1.1459,0.6507,9.6018,0.008,-0.0183,9.8066,-0.0537,0.0041,-0.0302,-7,-29.31,29.75,313.19,-82.39,151.81
52.422264,-1.544637,168.73,2.68,3,255.33,19 / 21,645710,2019-09-06 19:30:51:453,-0.828,1.555,10.0091,0.0088,-0.023,9.8065,-0.0904,0.0149,0.0061,-7.81,-30.5,29.13,310.03,-82.48,151.47
52.422264,-1.544637,168.73,2.68,3,255.33,19 / 21,645810,2019-09-06 19:30:51:553,-2.2104,1.9353,10.4727,-0.0199,0.0704,9.8063,0.12,0.0725,-0.0509,-7.62,-30.56,28.25,306.78,-82.88,149.04
52.422264,-1.544637,168.73,2.68,3,255.33,19 / 21,645910,2019-09-06 19:30:51:653,-0.7713,2.3504,9.9662,0.0185,-0.0361,9.8065,0.1527,0.0065,0.0503,-7,-29.94,28.44,310.49,-82.9,150.38
52.422264,-1.544637,168.73,2.68,3,255.33,19 / 21,646009,2019-09-06 19:30:51:752,-1.557,1.2217,9.2404,0.0131,-0.0289,9.8066,-0.0396,0.0302,0.012,-7.75,-30.25,27.56,308.4,-82.77,150.42
52.422264,-1.544637,168.73,2.68,3,255.33,19 / 21,646110,2019-09-06 19:30:51:853,-1.2385,2.6267,9.8251,0.0086,-0.0225,9.8066,-0.075,0.0055,0.0139,-7.25,-29.75,27.94,311.75,-82.47,151.89
52.422264,-1.544637,168.73,2.68,3,255.33,19 / 21,646214,2019-09-06 19:30:51:957,-1.9351,3.0675,9.8836,-0.0161,0.0311,9.8065,0.1118,-0.0026,-0.0042,-7.25,-29.5,28.56,313.2,-82.51,152.34
52.422264,-1.544637,168.73,2.68,3,255.33,19 / 21,646310,2019-09-06 19:30:52:053,-1.3865,1.267,9.4404,-0.0103,0.0348,9.8066,0.1061,0.0041,-0.0208,-8.5,-29.44,27.75,310.13,-82.52,152.03
52.422264,-1.544637,168.73,2.68,3,255.33,19 / 21,646410,2019-09-06 19:30:52:153,-0.9572,0.8545,9.6932,0.0041,-0.0377,9.8065,-0.0541,-0.0048,0.0703,-7.69,-28.62,28.56,311.88,-82.31,153.1
52.422264,-1.544637,168.73,2.68,3,255.33,19 / 21,646509,2019-09-06 19:30:52:252,-0.0683,0.6538,9.9669,0.0065,-0.0164,9.8065,-0.0236,-0.0176,0.0207,-7.31,-28.12,27.38,313.01,-82.3,153.47
52.422264,-1.544637,168.73,2.68,3,255.33,19 / 21,646610,2019-09-06 19:30:52:353,-1.6137,0.2543,10.26,-0.0118,-0.0148,9.8066,0.0089,0.0026,-0.0083,-7.56,-28,27.63,312.93,-82.29,154.58
52.422264,-1.544637,168.73,2.68,3,255.33,19 / 21,646710,2019-09-06 19:30:52:453,-0.4785,0.5069,9.4969,0.0093,-0.009,9.8066,-0.0046,0.0518,-0.0153,-8,-28.31,26.69,313.35,-82.16,155.81
52.422264,-1.544637,168.73,2.68,3,255.33,19 / 21,646810,2019-09-06 19:30:52:553,-0.6319,0.3252,9.178,0.0022,0.0146,9.8066,0.0257,0.0017,-0.0186,-8.25,-28.87,26.81,312.16,-82.16,154.95
52.422264,-1.544637,168.73,2.68,3,255.33,19 / 21,646909,2019-09-06 19:30:52:652,0.1307,-0.6121,9.0804,-0.0071,0.0136,9.8066,0.0007,-0.0348,0.0545,-7.56,-28.94,26.94,311.79,-82.15,154.62
52.422264,-1.544637,168.73,2.68,3,255.33,19 / 21,647009,2019-09-06 19:30:52:752,-0.8602,0.4873,9.797,-0.008,0.0092,9.8066,-0.025,-0.0126,0.0058,-8.37,-30.31,26.88,311.86,-82.22,154.82
52.422264,-1.544637,168.73,2.68,3,255.33,19 / 21,647110,2019-09-06 19:30:52:853,-0.5808,-0.0244,10.414,-0.0166,0.0041,9.8066,-0.0553,-0.0453,0.0047,-9.56,-30.56,26.44,307.06,-82.39,155.14
52.422264,-1.544637,168.73,2.68,3,255.33,19 / 21,647210,2019-09-06 19:30:52:953,-0.8555,0.5296,9.8788,-0.0196,-0.0069,9.8066,0.0551,-0.0309,0.0751,-9.75,-31.25,27.06,309.16,-82.56,155.96
52.422264,-1.544637,168.73,2.68,3,255.33,19 / 21,647309,2019-09-06 19:30:53:052,-1.2978,0.2755,9.6543,-0.0096,0.0035,9.8065,0.0088,-0.0176,0.0001,-11.5,-31.62,27.56,309.98,-82.73,157.61
52.421993,-1.544616,167,5.13,3,160.71,19 / 21,647410,2019-09-06 19:30:53:153,-1.3876,0.3994,9.8952,-0.0001,0.0101,9.8066,-0.0116,-0.0077,-0.0445,-11.19,-31.56,27.63,309.46,-82.75,157.11
52.421993,-1.544616,167,5.13,3,160.71,19 / 21,647509,2019-09-06 19:30:53:252,-1.161,0.6131,9.7258,-0.0051,0.004,9.8066,0.0439,-0.0698,0.0103,-10.06,-30.81,28.38,311.16,-82.76,156.74
52.421993,-1.544616,167,5.13,3,160.71,19 / 21,647609,2019-09-06 19:30:53:352,-0.745,0.3307,9.7226,0.0052,-0.0116,9.8066,-0.043,-0.0355,0.0098,-9.31,-31.25,28.81,314.22,-82.59,157.14
52.421993,-1.544616,167,5.13,3,160.71,19 / 21,647709,2019-09-06 19:30:53:452,-0.691,0.2721,9.6259,-0.0014,-0.0028,9.8065,0.0053,-0.0358,0.0501,-9.44,-31.56,28.31,313.4,-82.61,157.33
52.421993,-1.544616,167,5.13,3,160.71,19 / 21,647810,2019-09-06 19:30:53:553,-1.557,0.5272,9.7381,-0.0044,0.0069,9.8065,-0.0235,-0.0562,-0.0172,-9.06,-31.75,27.88,313.44,-82.69,157.29
52.421993,-1.544616,167,5.13,3,160.71,19 / 21,647910,2019-09-06 19:30:53:653,-0.5101,0.5373,9.7923,-0.0024,0.0063,9.8066,-0.0339,-0.0482,-0.0142,-8.87,-31.75,27.44,312.34,-82.8,157
52.421993,-1.544616,167,5.13,3,160.71,19 / 21,648010,2019-09-06 19:30:53:753,-1.1067,0.656,10.1205,-0.0086,0.0091,9.8066,0.0045,-0.0253,0.0135,-9.31,-32.19,27.81,313.25,-82.93,156.91
52.421993,-1.544616,167,5.13,3,160.71,19 / 21,648110,2019-09-06 19:30:53:853,-0.8618,0.4345,10.0136,0.007,0.0058,9.8066,0.0086,-0.0296,-0.0101,-9.81,-33.06,28.38,310.42,-83.04,156.19
52.421993,-1.544616,167,5.13,3,160.71,19 / 21,648210,2019-09-06 19:30:53:953,-0.6774,0.2145,10.1587,-0.0019,-0.0077,9.8066,0.0346,-0.0405,0.0123,-9.37,-32.5,28,312.47,-83.01,156.13
52.421993,-1.544616,167,5.13,3,160.71,19 / 21,648310,2019-09-06 19:30:54:053,-0.8436,0.3916,10.1079,0.0077,-0.0128,9.8065,0.0234,-0.0165,0.0025,-9,-32.81,28.25,312.59,-82.89,156.53
52.421993,-1.544616,167,5.13,3,160.71,19 / 21,648409,2019-09-06 19:30:54:152,-0.4141,0.6863,9.6743,0.0064,-0.0207,9.8065,0.0712,-0.0276,0.0143,-9.44,-32.25,29,314.35,-82.61,157.42
52.421993,-1.544616,167,5.13,3,160.71,19 / 21,648510,2019-09-06 19:30:54:253,-1.0023,0.4755,9.5465,0.004,-0.0263,9.8065,0.0502,-0.0356,0.0201,-9.62,-32.44,29.75,314.29,-82.44,158.47
52.421993,-1.544616,167,5.13,3,160.71,19 / 21,648610,2019-09-06 19:30:54:353,-1.1444,0.2158,9.5069,-0.0069,0.0159,9.8065,-0.0061,-0.0268,-0.0207,-8.69,-31.62,29.31,316.44,-82.38,159.49
52.421993,-1.544616,167,5.13,3,160.71,19 / 21,648709,2019-09-06 19:30:54:452,-0.5463,0.1804,9.5016,-0.0115,0.0301,9.8065,-0.0281,-0.0413,0.0231,-8.62,-31.56,29.44,315.8,-82.53,158.79
52.421993,-1.544616,167,5.13,3,160.71,19 / 21,648810,2019-09-06 19:30:54:553,-0.5332,1.5112,10.0651,0.0025,-0.0068,9.8066,-0.0782,-0.0235,0.0056,-8.69,-31.31,29.31,316.14,-82.69,158.8
52.421993,-1.544616,167,5.13,3,160.71,19 / 21,648910,2019-09-06 19:30:54:653,-1.0005,1.3953,9.8602,0.0017,0.0039,9.8066,-0.1269,-0.0087,0.023,-9,-31.31,27.88,314.38,-82.94,157.75
52.421993,-1.544616,167,5.13,3,160.71,19 / 21,649009,2019-09-06 19:30:54:752,-1.2981,1.4145,10.2445,-0.0193,0.0232,9.8065,0.0742,0.0347,0.0235,-9.06,-30.87,26.88,314.02,-83.31,157.9
52.421993,-1.544616,167,5.13,3,160.71,19 / 21,649110,2019-09-06 19:30:54:853,-1.3116,1.6891,9.8308,0.0036,-0.0006,9.8066,0.0368,0.0183,-0.019,-9.75,-30.19,27.19,312.97,-83.31,158.6
52.421993,-1.544616,167,5.13,3,160.71,19 / 21,649210,2019-09-06 19:30:54:953,-0.777,1.8355,9.5304,0.0016,0.0078,9.8066,0.0852,0.0578,-0.0238,-10.87,-29.44,26.94,310.91,-83.21,158.39
52.421993,-1.544616,167,5.13,3,160.71,19 / 21,649309,2019-09-06 19:30:55:052,-0.6437,1.805,9.7126,0.0032,0.0098,9.8066,0.1051,0.0849,-0.0277,-10.75,-29.31,27.44,310.21,-83.05,157.88
52.421993,-1.544616,167,5.13,3,160.71,18 / 20,649409,2019-09-06 19:30:55:152,0.1392,1.3971,9.919,0.0195,-0.0294,9.8065,-0.0535,0.1327,-0.0146,-11,-28.94,27.63,311.11,-82.64,158.15
52.421993,-1.544616,167,5.13,3,160.71,18 / 20,649509,2019-09-06 19:30:55:252,-0.3674,0.9998,9.7851,-0.0053,-0.0217,9.8066,-0.0365,0.1208,0.0352,-11.37,-29.06,28.5,313.37,-82.59,159.44
52.421993,-1.544616,167,5.13,3,160.71,18 / 20,649610,2019-09-06 19:30:55:353,-0.6004,1.814,9.9613,0.0084,0.0048,9.8066,-0.0177,0.1495,-0.0691,-12,-29.06,27.25,309.41,-82.54,159.3
52.421993,-1.544616,167,5.13,3,160.71,18 / 20,649709,2019-09-06 19:30:55:452,-0.6132,2.2872,9.7219,0.0026,0.0036,9.8066,-0.0098,0.1568,-0.0587,-12.06,-28.94,27.75,309.58,-82.61,158.46
52.421993,-1.544616,167,5.13,3,160.71,18 / 20,649809,2019-09-06 19:30:55:552,-0.4736,1.8189,9.7595,0.0019,0.0098,9.8066,-0.0394,0.2145,-0.0494,-11.06,-29.37,27.81,310.7,-82.68,157.75
52.421993,-1.544616,167,5.13,3,160.71,18 / 20,649910,2019-09-06 19:30:55:653,-0.4834,2.0088,10.1129,-0.0126,0.0083,9.8066,-0.0461,0.1711,0.0242,-11.5,-29.56,28.31,309.95,-82.82,157.13
52.421993,-1.544616,167,5.13,3,160.71,18 / 20,650010,2019-09-06 19:30:55:753,-0.7158,1.95,10.2129,-0.0003,-0.0075,9.8065,0.0032,0.24,-0.0192,-12.06,-30.94,28.13,308.95,-82.91,158
52.421993,-1.544616,167,5.13,3,160.71,18 / 20,650109,2019-09-06 19:30:55:852,-0.3268,1.6048,9.7726,-0.0136,-0.0158,9.8066,0.0113,0.2014,0.0141,-12.81,-31.19,27.06,307.54,-83.06,159.17
52.421993,-1.544616,167,5.13,3,160.71,18 / 20,650210,2019-09-06 19:30:55:953,-0.744,0.4331,9.9204,-0.0143,-0.0075,9.8066,0.0143,0.1731,0.0218,-12.94,-31.62,28.06,311.51,-83.14,161.96
52.421993,-1.544616,167,5.13,3,160.71,18 / 20,650310,2019-09-06 19:30:56:053,-0.8883,0.2996,9.5522,-0.0028,0.0008,9.8066,0.017,0.1742,-0.0073,-11.94,-31.62,27.69,314.04,-83.09,162.68
52.421993,-1.544616,167,5.13,3,160.71,20 / 21,650409,2019-09-06 19:30:56:152,-1.0045,0.2478,9.4568,0.0036,-0.0071,9.8066,-0.0203,0.1653,-0.0861,-12.56,-31.62,27.88,312.61,-83.04,163.05
52.421993,-1.544616,167,5.13,3,160.71,20 / 21,650509,2019-09-06 19:30:56:252,-1.3653,1.0323,9.8985,0.0055,-0.0172,9.8066,0.0069,0.1172,0.0474,-12.62,-31.69,27.94,312.9,-82.97,163.37
52.421993,-1.544616,167,5.13,3,160.71,20 / 21,650610,2019-09-06 19:30:56:353,-1.1938,0.6426,9.9478,-0.0106,0.021,9.8066,0.0018,0.0949,0.0079,-13.19,-31.94,28.19,312.47,-83.13,162.85
52.421993,-1.544616,167,5.13,3,160.71,20 / 21,650710,2019-09-06 19:30:56:453,-0.9441,0.5426,9.7812,-0.0145,0.0114,9.8065,0.033,0.0296,0.0146,-13.56,-31.62,27.94,311.23,-83.19,163.25
52.421993,-1.544616,167,5.13,3,160.71,20 / 21,650809,2019-09-06 19:30:56:552,-1.9778,0.9515,9.8546,-0.0103,-0.0209,9.8065,0.0454,-0.0432,0.0599,-13.56,-32.31,28.38,313.45,-83.17,165.31
52.421993,-1.544616,167,5.13,3,160.71,20 / 21,650910,2019-09-06 19:30:56:653,-1.8324,0.606,9.6422,-0.0199,-0.0056,9.8065,0.007,-0.0394,0.039,-14.12,-32.06,29.5,317.67,-83.29,167.25
52.421993,-1.544616,167,5.13,3,160.71,20 / 21,651010,2019-09-06 19:30:56:753,-1.9087,0.0887,9.7664,-0.0217,-0.0052,9.8066,0.0291,-0.1118,0.0827,-13.62,-31.5,28.75,319.07,-83.4,169.19
52.421993,-1.544616,167,5.13,3,160.71,20 / 21,651110,2019-09-06 19:30:56:853,-2.2324,0.2383,10.0692,-0.0082,0.0082,9.8066,-0.0054,-0.1517,-0.012,-13.75,-30.94,29.06,321.4,-83.62,171.18
52.421993,-1.544616,167,5.13,3,160.71,20 / 21,651210,2019-09-06 19:30:56:953,-2.1531,0.4077,9.9469,-0.0009,-0.0003,9.8066,-0.0506,-0.1615,0.0188,-13.69,-31.37,29.31,321.72,-83.79,171.36
52.421993,-1.544616,167,5.13,3,160.71,20 / 21,651309,2019-09-06 19:30:57:052,-1.8564,0.6327,9.9739,0.0034,0.0026,9.8066,-0.001,-0.2257,0.031,-14.19,-31.44,29,321.15,-83.88,170.78
52.421993,-1.544616,167,5.13,3,160.71,19 / 20,651409,2019-09-06 19:30:57:152,-1.5702,0.6548,9.7098,0.0006,-0.0049,9.8065,0.0358,-0.2698,0.0121,-12.62,-31.06,29.06,322.42,-83.97,170.31
52.421993,-1.544616,167,5.13,3,160.71,19 / 20,651510,2019-09-06 19:30:57:253,-1.4564,0.2438,10.1126,-0.0191,0.0197,9.8066,0.0916,-0.2453,0.0167,-11.75,-31.31,29.13,324.65,-84.23,170.56
52.421993,-1.544616,167,5.13,3,160.71,19 / 20,651609,2019-09-06 19:30:57:352,-1.4604,-0.8238,9.8844,-0.0168,0.042,9.8065,-0.0912,-0.2606,0.0209,-11.69,-31.75,28.94,324.37,-84.38,170.32
52.421993,-1.544616,167,5.13,3,160.71,19 / 20,651710,2019-09-06 19:30:57:453,-1.4489,-0.1608,9.6305,0.0045,-0.0142,9.8066,-0.0005,-0.306,0.0342,-12.06,-31.62,29.81,325.53,-84.36,170.62
52.421993,-1.544616,167,5.13,3,160.71,19 / 20,651810,2019-09-06 19:30:57:553,-1.2132,0.4109,9.7459,0.0067,-0.0246,9.8066,0.0953,-0.3745,0.0687,-11.31,-32.25,29.81,328.16,-84.24,171.47
52.421993,-1.544616,167,5.13,3,160.71,19 / 20,651909,2019-09-06 19:30:57:652,-1.767,0.4772,9.5056,-0.0231,0.0215,9.8065,0.0324,-0.3181,-0.0305,-10.69,-31.94,30.44,329.4,-84.44,172.49
52.421993,-1.544616,167,5.13,3,160.71,19 / 20,652010,2019-09-06 19:30:57:753,-1.5584,-0.7794,10.0792,-0.0136,0.0388,9.8065,-0.0085,-0.3512,0.0675,-11.06,-32.56,30.81,329.96,-84.5,172.37
52.421993,-1.544616,167,5.13,3,160.71,19 / 20,652110,2019-09-06 19:30:57:853,-2.0632,-0.3993,10.1668,0.0123,-0.028,9.8066,-0.0193,-0.4308,0.0479,-10.06,-33.06,29.94,330.83,-84.37,172.25
52.421993,-1.544616,167,5.13,3,160.71,19 / 20,652211,2019-09-06 19:30:57:954,-1.2007,0.4639,9.8609,0.0124,-0.0227,9.8065,-0.0097,-0.3645,-0.0406,-9.25,-32.94,29.75,332.62,-84.37,172.17
52.421993,-1.544616,167,5.13,3,160.71,19 / 20,652310,2019-09-06 19:30:58:053,-1.2981,0.3553,9.9311,0.0008,0.0151,9.8066,0.0412,-0.3836,0.0257,-7.56,-32.5,29.25,332.58,-84.37,170.87
52.421993,-1.544616,167,5.13,3,160.71,20 / 21,652410,2019-09-06 19:30:58:153,-0.9117,-0.0024,9.9956,0.009,-0.0103,9.8066,0.0589,-0.367,0.0297,-6.75,-32.44,29,333.5,-84.36,169.88
52.421993,-1.544616,167,5.13,3,160.71,20 / 21,652509,2019-09-06 19:30:58:252,-0.6359,-0.4612,10.1302,0.003,-0.0064,9.8066,0.063,-0.376,0.0315,-5.69,-32.87,29.31,335.01,-84.26,169.52
52.421993,-1.544616,167,5.13,3,160.71,20 / 21,652610,2019-09-06 19:30:58:353,-0.1376,-0.3412,9.8196,0.0067,0.0072,9.8065,-0.0585,-0.3189,0.0172,-5,-32.62,29.69,337.04,-84.26,169.04
52.421993,-1.544616,167,5.13,3,160.71,20 / 21,652709,2019-09-06 19:30:58:452,-0.1464,0.4084,9.5149,0.0038,-0.0057,9.8066,-0.1106,-0.2841,-0.0245,-4.87,-32.5,29.56,336.43,-84.27,168.41
52.421993,-1.544616,167,5.13,3,160.71,20 / 21,652810,2019-09-06 19:30:58:553,-0.0902,0.3258,9.8477,0.002,0.0299,9.8066,0.0742,-0.2016,0.032,-4.75,-33.12,29.25,334.89,-84.33,167.48
52.421993,-1.544616,167,5.13,3,160.71,20 / 21,652909,2019-09-06 19:30:58:652,0.0858,0.6065,10.0011,-0.0035,0.0295,9.8066,0.0648,-0.165,0.0023,-4.69,-32.37,30.19,333.96,-84.46,166.08
52.421993,-1.544616,167,5.13,3,160.71,20 / 21,653010,2019-09-06 19:30:58:753,-0.3401,-0.2658,9.6862,-0.001,0.0254,9.8065,-0.1366,-0.1051,-0.0315,-4,-32.37,29.88,334.45,-84.77,164.52
52.421993,-1.544616,167,5.13,3,160.71,20 / 21,653110,2019-09-06 19:30:58:853,-0.0593,0.101,9.6623,0.0066,-0.0131,9.8065,-0.0811,-0.0831,0.035,-3.56,-32.5,29.75,332.79,-84.79,163.01
52.421993,-1.544616,167,5.13,3,160.71,20 / 21,653210,2019-09-06 19:30:58:953,0.5623,-0.1323,9.6503,0.0029,0.0133,9.8066,0.0281,-0.0663,0.0194,-2.75,-32.5,30.25,334.37,-84.86,162.53
52.421993,-1.544616,167,5.13,3,160.71,20 / 21,653310,2019-09-06 19:30:59:053,0.5272,-0.165,10.1262,0.0009,0.0148,9.8066,-0.0082,-0.0184,-0.0365,-2.37,-32.44,29.88,335.33,-84.94,161.48
52.421993,-1.544616,167,5.13,3,160.71,20 / 21,653410,2019-09-06 19:30:59:153,0.3585,-0.1676,10.0094,0.0006,0.0085,9.8066,0.05,0.0372,0.0318,-2.69,-33.12,29.44,332.48,-84.95,161.12
52.421993,-1.544616,167,5.13,3,160.71,20 / 21,653509,2019-09-06 19:30:59:252,0.3434,-0.1313,10.0236,-0.0085,-0.0016,9.8065,0.0511,0.0284,0.0089,-3.19,-32.12,30,333.21,-84.92,161.44
52.421993,-1.544616,167,5.13,3,160.71,20 / 21,653609,2019-09-06 19:30:59:352,0.3675,-0.9224,9.6358,0.0002,-0.0045,9.8066,0.0424,0.0776,-0.0312,-2.87,-32.06,30.88,334.96,-84.81,162.83
52.421993,-1.544616,167,5.13,3,160.71,20 / 21,653709,2019-09-06 19:30:59:452,1.6414,-1.5341,9.3732,0.0113,-0.0086,9.8066,0.0457,0.136,-0.0558,-3.56,-31.31,30.63,331.83,-84.62,161.8
52.421993,-1.544616,167,5.13,3,160.71,20 / 21,653810,2019-09-06 19:30:59:553,1.4504,-1.3005,9.4263,0.0149,-0.0076,9.8066,-0.0139,0.207,-0.0436,-2.56,-31.06,30.63,332.43,-84.51,160.59
52.421993,-1.544616,167,5.13,3,160.71,20 / 21,653910,2019-09-06 19:30:59:653,1.0604,-1.3884,10.0241,0.006,0.0135,9.8066,-0.0006,0.1967,-0.042,-2.75,-31.44,30.19,330.61,-84.5,159.21
52.421993,-1.544616,167,5.13,3,160.71,20 / 21,654009,2019-09-06 19:30:59:752,1.025,-0.6016,10.1091,0.0071,0.005,9.8066,-0.0472,0.2664,-0.0273,-3.19,-31.75,29.19,328.3,-84.55,157.47
52.421993,-1.544616,167,5.13,3,160.71,20 / 21,654109,2019-09-06 19:30:59:852,1.2639,-0.8339,10.2542,0.0017,0.0031,9.8066,-0.0496,0.2369,-0.0119,-3.56,-31.81,28.69,324.81,-84.53,156.23
52.421993,-1.544616,167,5.13,3,160.71,20 / 21,654214,2019-09-06 19:30:59:957,1.0836,0.0078,9.9493,0.0036,0.0219,9.8065,0.0367,0.243,-0.0553,-3.69,-31.81,29.06,324.08,-84.58,155.53
52.421993,-1.544616,167,5.13,3,160.71,20 / 21,654310,2019-09-06 19:31:00:053,0.6744,-0.0344,9.7137,0.003,0.0374,9.8065,0.015,0.2699,-0.0449,-4,-31.37,29.13,323.25,-84.61,154.64
52.421993,-1.544616,167,5.13,3,160.71,19 / 20,654410,2019-09-06 19:31:00:153,0.8551,0.2198,9.4746,0.0134,-0.0017,9.8066,-0.0074,0.2742,-0.0482,-5,-31.44,28.88,316.78,-84.87,150.39
52.421993,-1.544616,167,5.13,3,160.71,19 / 20,654510,2019-09-06 19:31:00:253,1.0313,0.5316,9.9169,0.0199,-0.0167,9.8066,-0.0556,0.2744,-0.0896,-5.5,-32.12,28.19,314.43,-84.65,148.99
52.421993,-1.544616,167,5.13,3,160.71,19 / 20,654610,2019-09-06 19:31:00:353,0.6807,-0.0567,9.9199,0.0181,-0.0172,9.8066,0.0251,0.2991,-0.0601,-5.87,-32.31,27.88,310.64,-84.47,147.57
52.421993,-1.544616,167,5.13,3,160.71,19 / 20,654710,2019-09-06 19:31:00:453,0.8506,-0.2171,10.0862,0.0044,-0.0097,9.8066,-0.0461,0.2516,0.0184,-6.87,-32.31,28.88,309.66,-84.3,148.09
52.421993,-1.544616,167,5.13,3,160.71,19 / 20,654810,2019-09-06 19:31:00:553,0.1952,0.0934,10.0574,-0.0077,-0.0012,9.8066,-0.0135,0.2338,-0.0084,-6.87,-32.62,28.81,309.83,-84.38,148.32
52.421993,-1.544616,167,5.13,3,160.71,19 / 20,654910,2019-09-06 19:31:00:653,-0.2098,0.0428,9.9356,-0.0165,0.0092,9.8066,0.0056,0.2163,-0.0188,-6.87,-32.44,29.13,310.62,-84.56,148.76
52.421993,-1.544616,167,5.13,3,160.71,19 / 20,655009,2019-09-06 19:31:00:752,-0.1045,-0.1773,9.7585,-0.006,0.0188,9.8066,-0.0386,0.1661,-0.0132,-7.69,-32.94,28.63,308.38,-84.78,148.42
52.421993,-1.544616,167,5.13,3,160.71,19 / 20,655109,2019-09-06 19:31:00:852,-0.2231,0.4219,9.6611,0.0012,-0.0063,9.8066,-0.0329,0.1424,0.0004,-7.69,-33.31,29.19,308.59,-84.8,148.6
52.421993,-1.544616,167,5.13,3,160.71,19 / 20,655212,2019-09-06 19:31:00:955,-0.3234,1.1652,9.7054,0.0002,-0.0064,9.8066,0.012,0.1228,0.0335,-8.19,-33.75,29,308.41,-84.87,148.49
52.421993,-1.544616,167,5.13,3,160.71,19 / 20,655309,2019-09-06 19:31:01:052,-0.9679,1.9945,10.3756,-0.021,0.0124,9.8065,0.0301,0.0803,0.0113,-7.62,-33,28.69,309.9,-85.13,149.53
52.421993,-1.544616,167,5.13,3,160.71,18 / 21,655409,2019-09-06 19:31:01:152,-1.2656,1.2088,10.103,-0.0143,0.0118,9.8066,-0.0109,0.0468,0.008,-7.81,-33.25,28.63,311.24,-85.23,150.71
52.421993,-1.544616,167,5.13,3,160.71,18 / 21,655509,2019-09-06 19:31:01:252,-0.7142,0.7418,9.9196,0.0138,-0.016,9.8066,0.0144,0.0663,-0.0474,-7.81,-33.69,28.5,310.67,-85.27,150.25
52.421993,-1.544616,167,5.13,3,160.71,18 / 21,655610,2019-09-06 19:31:01:353,-0.4374,0.99,9.6843,0.0134,-0.001,9.8066,0.043,0.0457,-0.0569,-7.19,-33.94,28.19,310.21,-85,148.86
52.421993,-1.544616,167,5.13,3,160.71,18 / 21,655709,2019-09-06 19:31:01:452,-0.3533,1.263,9.8293,0.0069,-0.0134,9.8066,0.0251,0.0184,0.0229,-7.06,-33.31,28.81,311.09,-84.7,149.21
52.421993,-1.544616,167,5.13,3,160.71,18 / 21,655810,2019-09-06 19:31:01:553,-0.6652,1.119,9.6325,0.0007,-0.0245,9.8066,0.104,0.0362,0.0249,-7,-33.25,28,312.33,-84.51,151.14
52.421993,-1.544616,167,5.13,3,160.71,18 / 21,655909,2019-09-06 19:31:01:652,-0.9664,0.6933,9.3851,-0.0143,-0.0031,9.8066,0.0966,-0.0032,0.0408,-6.94,-32.62,28.75,316.56,-84.42,154.52
52.421993,-1.544616,167,5.13,3,160.71,18 / 21,656010,2019-09-06 19:31:01:753,-1.1447,0.0865,9.8665,-0.0159,-0.002,9.8066,0.0034,-0.0275,-0.0112,-7,-32.19,29,319.16,-84.33,156.85
52.421993,-1.544616,167,5.13,3,160.71,18 / 21,656109,2019-09-06 19:31:01:852,-1.3578,0.3299,9.8351,0.0067,0.001,9.8065,0.0426,-0.0361,-0.0018,-8,-32.62,29,317.28,-84.31,157.08
52.421993,-1.544616,167,5.13,3,160.71,18 / 21,656211,2019-09-06 19:31:01:954,-1.1028,0.4988,9.8825,0.0016,0.0014,9.8066,-0.0282,-0.0646,-0.0236,-7.25,-32.62,28.75,318.39,-84.28,156.31
52.421993,-1.544616,167,5.13,3,160.71,18 / 21,656310,2019-09-06 19:31:02:053,-1.1053,0.6266,9.9486,0.0037,-0.0137,9.8065,-0.0304,-0.0873,-0.0072,-7.5,-33.12,28.63,318.31,-84.24,156.27
52.421726,-1.544494,166.28,2.24,3,162.74,19 / 21,656410,2019-09-06 19:31:02:153,-1.201,0.8985,10.0814,-0.0006,0.006,9.8066,-0.0026,-0.0934,0.0295,-6.56,-32.31,28.38,317.38,-84.32,155.83
52.421726,-1.544494,166.28,2.24,3,162.74,19 / 21,656509,2019-09-06 19:31:02:252,-0.8905,1.1174,10.129,0.0069,0.0072,9.8066,-0.0481,-0.1093,-0.0406,-6.25,-33.5,28.44,317.97,-84.3,154.61
52.421726,-1.544494,166.28,2.24,3,162.74,19 / 21,656609,2019-09-06 19:31:02:352,-0.7411,1.2114,9.7596,0.0086,0.0202,9.8065,-0.0613,-0.1322,-0.0058,-6.25,-32.19,27.88,315.1,-84.38,151.77
52.421726,-1.544494,166.28,2.24,3,162.74,19 / 21,656710,2019-09-06 19:31:02:453,-0.3155,1.6592,9.5053,0.0017,0.0025,9.8066,-0.0481,-0.0837,0.0173,-6.94,-33.06,27.25,310.34,-84.47,150.01
52.421726,-1.544494,166.28,2.24,3,162.74,19 / 21,656809,2019-09-06 19:31:02:552,-1.4221,1.1682,9.5823,-0.0021,-0.0047,9.8066,0.0227,-0.1393,-0.0278,-7.19,-32.75,27.31,310.21,-84.55,149.8
52.421726,-1.544494,166.28,2.24,3,162.74,19 / 21,656910,2019-09-06 19:31:02:653,-0.792,1.6371,9.7748,-0.0047,0.0066,9.8066,0.0143,-0.1119,0.0127,-7,-32.62,27.06,311.33,-84.66,150.74
52.421726,-1.544494,166.28,2.24,3,162.74,19 / 21,657010,2019-09-06 19:31:02:753,-2.0449,0.8528,9.9261,-0.0086,0.0009,9.8066,0.0336,-0.0683,-0.0289,-6.87,-33.12,27.75,312.57,-84.63,151.26
52.421726,-1.544494,166.28,2.24,3,162.74,19 / 21,657109,2019-09-06 19:31:02:852,-0.4969,1.0681,9.8278,0.0079,0.0075,9.8066,0.0178,-0.1447,-0.0097,-6.75,-34.25,28.13,312.24,-84.59,151.13
52.421726,-1.544494,166.28,2.24,3,162.74,19 / 21,657214,2019-09-06 19:31:02:957,-0.7353,0.6185,9.9523,0.0065,0.0191,9.8065,0.0205,-0.0895,-0.0593,-5.94,-33.5,28.19,312.34,-84.55,149.22
52.421726,-1.544494,166.28,2.24,3,162.74,19 / 21,657310,2019-09-06 19:31:03:053,-0.1261,0.9598,9.8114,0.0014,-0.01,9.8065,-0.0306,-0.1197,0.0057,-6.12,-34.06,28.44,310.94,-84.47,148.14
52.421726,-1.544494,166.28,2.24,3,162.74,19 / 21,657410,2019-09-06 19:31:03:153,-0.1498,1.0281,9.7633,0,-0.0119,9.8066,0.0128,-0.1212,0.0273,-5.81,-33.81,27.88,311.21,-84.53,148.34
52.421726,-1.544494,166.28,2.24,3,162.74,19 / 21,657509,2019-09-06 19:31:03:252,-0.5183,0.7595,9.5087,-0.0087,0.0078,9.8066,-0.0032,-0.0851,0.0233,-6,-33.25,28.63,312.25,-84.61,148.52
52.421726,-1.544494,166.28,2.24,3,162.74,19 / 21,657610,2019-09-06 19:31:03:353,-0.548,0.7654,9.9004,-0.0059,0.0042,9.8066,0.0241,-0.1132,0.0293,-5.75,-34.12,28.56,312.73,-84.67,149.05
52.421726,-1.544494,166.28,2.24,3,162.74,19 / 21,657709,2019-09-06 19:31:03:452,-0.5257,0.7497,10.0306,-0.0024,0.0039,9.8066,0.0136,-0.1057,-0.0259,-5.69,-33.5,28.44,312.84,-84.77,149.48
52.421726,-1.544494,166.28,2.24,3,162.74,19 / 21,657809,2019-09-06 19:31:03:552,-0.4982,0.8686,9.9462,0.0048,0.0071,9.8065,-0.029,-0.0894,-0.0273,-5.62,-34.19,28.75,312.31,-84.8,148.54
52.421726,-1.544494,166.28,2.24,3,162.74,19 / 21,657909,2019-09-06 19:31:03:652,-0.3687,0.5389,9.9079,0.011,-0.0037,9.8065,-0.0503,-0.0937,-0.0157,-6.06,-33.56,27.63,309.79,-84.75,146.8
52.421726,-1.544494,166.28,2.24,3,162.74,19 / 21,658010,2019-09-06 19:31:03:753,0.0431,0.6617,9.8068,0.0096,0.0027,9.8066,0.0127,-0.0875,0.0135,-5.5,-34.75,27.75,310.12,-84.77,145.29
52.421726,-1.544494,166.28,2.24,3,162.74,19 / 21,658110,2019-09-06 19:31:03:853,0.2443,0.4143,9.6736,-0.0019,0.0083,9.8066,0.0046,-0.1015,-0.0014,-4.94,-34.37,28.31,308.68,-84.84,143.74
52.421726,-1.544494,166.28,2.24,3,162.74,19 / 21,658210,2019-09-06 19:31:03:953,-0.2582,-0.2335,9.9307,-0.0046,0.0071,9.8065,-0.0132,-0.0876,-0.0062,-5.31,-33.69,28.06,308.95,-84.9,143.94
52.421726,-1.544494,166.28,2.24,3,162.74,19 / 21,658310,2019-09-06 19:31:04:053,-0.1457,-0.4493,9.887,0.0023,-0.0009,9.8066,-0.0166,-0.0752,-0.0125,-5,-34.5,28.56,309.03,-84.95,143.46
52.421726,-1.544494,166.28,2.24,3,162.74,19 / 21,658410,2019-09-06 19:31:04:153,-0.0883,-0.547,9.7592,0.0034,0.0021,9.8066,-0.0013,-0.0997,0.0184,-4.44,-33.81,28.75,309.96,-84.99,142.39
52.421726,-1.544494,166.28,2.24,3,162.74,19 / 21,658509,2019-09-06 19:31:04:252,0.3167,-0.3233,9.6723,-0.0028,0.0135,9.8065,-0.0302,-0.0903,-0.0138,-3.94,-34.31,29.44,308.38,-85.14,140.76
52.421726,-1.544494,166.28,2.24,3,162.74,19 / 21,658610,2019-09-06 19:31:04:353,0.1364,-0.8003,9.9238,-0.0153,0.012,9.8066,-0.0486,-0.0927,0.034,-4.44,-34.31,28.31,308.02,-85.31,140.69
52.421726,-1.544494,166.28,2.24,3,162.74,19 / 21,658710,2019-09-06 19:31:04:453,0.1295,-0.078,9.8041,-0.0159,0.0076,9.8066,-0.0184,-0.0928,0.0744,-3.94,-34.56,29.19,309.36,-85.6,141.37
52.421726,-1.544494,166.28,2.24,3,162.74,19 / 21,658810,2019-09-06 19:31:04:553,-0.3356,-0.646,10.0409,-0.022,0.0128,9.8065,-0.0369,-0.1295,0.0384,-3.69,-34.44,28.75,311.06,-85.86,142.62
52.421726,-1.544494,166.28,2.24,3,162.74,19 / 21,658910,2019-09-06 19:31:04:653,-0.5498,-0.3857,10.1067,-0.0122,-0.0002,9.8066,-0.0302,-0.1174,0.0033,-4.19,-34.25,28.94,312.91,-86.05,144.2
52.421726,-1.544494,166.28,2.24,3,162.74,19 / 21,659010,2019-09-06 19:31:04:753,-0.3935,-0.3563,9.7459,-0.0026,0.0066,9.8066,-0.0274,-0.144,0.0334,-3.5,-34.5,28.94,315.37,-86.2,144.45
52.421726,-1.544494,166.28,2.24,3,162.74,19 / 21,659109,2019-09-06 19:31:04:852,0.2062,-0.744,9.6077,-0.0053,0.013,9.8066,-0.0084,-0.1245,0.0051,-3.19,-34.37,28.56,314.8,-86.43,143.72
52.421726,-1.544494,166.28,2.24,3,162.74,19 / 21,659210,2019-09-06 19:31:04:953,-0.5582,-0.5051,10.068,-0.0124,0.0058,9.8066,-0.0277,-0.151,0.0082,-3.19,-34.31,28.81,315.71,-86.54,144.49
52.421726,-1.544494,166.28,2.24,3,162.74,19 / 21,659310,2019-09-06 19:31:05:053,-0.2502,-0.0777,10.293,-0.0059,0.004,9.8066,0.0039,-0.1632,0.0532,-3.12,-33.94,28.38,316.53,-86.63,145.49
52.421726,-1.544494,166.28,2.24,3,162.74,19 / 20,659409,2019-09-06 19:31:05:152,-0.4728,-0.3438,9.8159,0.0023,-0.0093,9.8066,0.0079,-0.1575,-0.0005,-3,-35.31,28.13,317.52,-86.72,146.44
52.421726,-1.544494,166.28,2.24,3,162.74,19 / 20,659510,2019-09-06 19:31:05:253,-0.6055,-0.5455,9.6629,0.0019,-0.005,9.8066,-0.0052,-0.1782,-0.0103,-2.81,-34.56,28.69,317.94,-86.63,146.61
52.421726,-1.544494,166.28,2.24,3,162.74,19 / 20,659609,2019-09-06 19:31:05:352,-0.2582,-0.271,9.5662,0.0056,-0.0038,9.8066,-0.0212,-0.2172,0.0005,-2.12,-34.31,28.31,319.23,-86.58,146.07
52.421726,-1.544494,166.28,2.24,3,162.74,19 / 20,659710,2019-09-06 19:31:05:453,-0.409,-0.6006,9.7313,0.0004,-0.0064,9.8065,0.0203,-0.2111,0.0283,-2.62,-34.37,28.38,316.88,-86.55,145.89
52.421726,-1.544494,166.28,2.24,3,162.74,19 / 20,659809,2019-09-06 19:31:05:552,-0.5135,-0.591,9.9086,-0.0093,-0.0093,9.8066,0.0176,-0.2443,0.0416,-1.44,-33.19,28.69,323.77,-86.55,148.12
52.421726,-1.544494,166.28,2.24,3,162.74,19 / 20,659909,2019-09-06 19:31:05:652,-0.6341,-1.242,9.7239,-0.0116,-0.0138,9.8065,-0.0009,-0.293,0.0565,-1.06,-33.87,27.94,326.97,-86.52,151.36
52.421726,-1.544494,166.28,2.24,3,162.74,19 / 20,660009,2019-09-06 19:31:05:752,-1.051,-1.2726,10.0164,-0.0088,-0.0127,9.8066,-0.048,-0.2832,0.0097,-0.56,-34.06,28.94,329.73,-86.5,153.82
52.421726,-1.544494,166.28,2.24,3,162.74,19 / 20,660110,2019-09-06 19:31:05:853,-0.9126,-1.9074,9.652,-0.0122,-0.0044,9.8066,0.0754,-0.3215,0.0752,0,-33.44,28.94,335.16,-86.43,156.91
52.421726,-1.544494,166.28,2.24,3,162.74,19 / 20,660209,2019-09-06 19:31:05:952,-1.0716,-2.0028,9.3276,-0.0208,-0.0031,9.8066,0.0776,-0.3223,0.09,0.88,-33.62,29.25,342.88,-86.38,162.19
52.421726,-1.544494,166.28,2.24,3,162.74,19 / 20,660310,2019-09-06 19:31:06:053,-1.6075,-1.6246,9.672,-0.0294,-0.0315,9.8065,0.1037,-0.4018,0.095,1.19,-34.81,29.31,349.37,-86.17,168.27
52.421726,-1.544494,166.28,2.24,3,162.74,19 / 21,660410,2019-09-06 19:31:06:153,-2.1628,-0.6053,9.9425,-0.0135,-0.0179,9.8066,0.0193,-0.4383,0.0513,1.56,-34.44,28.75,358.62,-85.75,174.79
52.421726,-1.544494,166.28,2.24,3,162.74,19 / 21,660509,2019-09-06 19:31:06:252,-1.5497,-0.8189,9.8158,-0.0063,0.0209,9.8065,-0.0139,-0.4491,0.0652,2.19,-34.75,28.75,359.95,-85.84,176.01
52.421726,-1.544494,166.28,2.24,3,162.74,19 / 21,660610,2019-09-06 19:31:06:353,-1.6749,0.2652,10.1504,0.0024,0.0304,9.8066,-0.0744,-0.4836,0.001,2.69,-33.75,27.5,3.35,-86.06,176.95
52.421726,-1.544494,166.28,2.24,3,162.74,19 / 21,660710,2019-09-06 19:31:06:453,-1.9174,-0.0799,9.7544,0.0067,0.0164,9.8066,-0.061,-0.5047,0.0826,3.38,-33.75,27.19,2.57,-86.52,176.03
52.421726,-1.544494,166.28,2.24,3,162.74,19 / 21,660810,2019-09-06 19:31:06:553,-1.3913,0.7531,10.0747,-0.0076,0.0159,9.8066,-0.0374,-0.5495,0.0507,3.94,-33.87,27,5.94,-86.82,177.1
52.421726,-1.544494,166.28,2.24,3,162.74,19 / 21,660910,2019-09-06 19:31:06:653,-2.1725,0.1978,10.5198,-0.0232,-0.0069,9.8066,-0.0018,-0.542,0.0653,4.31,-34.5,26,9.91,-86.83,-179.56
52.421726,-1.544494,166.28,2.24,3,162.74,19 / 21,661010,2019-09-06 19:31:06:753,-2.1222,0.2189,9.4804,-0.0114,-0.0125,9.8066,-0.0057,-0.581,0.0694,5.88,-35.44,24.63,20.19,-86.68,-174.89
52.421726,-1.544494,166.28,2.24,3,162.74,19 / 21,661109,2019-09-06 19:31:06:852,-2.2584,0.0921,9.5225,-0.0178,-0.0006,9.8066,-0.0186,-0.5852,0.0574,6.44,-35,24.56,23.15,-86.62,-172.19
52.421726,-1.544494,166.28,2.24,3,162.74,19 / 21,661214,2019-09-06 19:31:06:957,-1.9496,0.0571,9.7154,-0.0157,0.0077,9.8066,-0.0035,-0.6113,0.0827,7.38,-35.06,23.31,29.59,-86.51,-169.89
52.421726,-1.544494,166.28,2.24,3,162.74,19 / 21,661310,2019-09-06 19:31:07:053,-1.988,0.7577,10.4573,-0.0285,-0.0078,9.8065,0.0524,-0.6496,0.1379,6.81,-35.19,22.31,36.27,-86.29,-164.77
52.421726,-1.544494,166.28,2.24,3,162.74,19 / 21,661410,2019-09-06 19:31:07:153,-2.3072,0.4453,10.0872,-0.031,-0.005,9.8066,-0.0119,-0.6151,0.0585,7.25,-34.5,21.44,43.51,-85.78,-159.47
52.421726,-1.544494,166.28,2.24,3,162.74,19 / 21,661509,2019-09-06 19:31:07:252,-2.1925,0.786,9.8065,-0.0267,-0.0051,9.8066,0.0778,-0.606,0.1017,8.44,-35,20.13,49.7,-85.53,-157.74
52.421726,-1.544494,166.28,2.24,3,162.74,19 / 21,661610,2019-09-06 19:31:07:353,-3.3551,1.1529,10.1468,-0.0193,-0.0026,9.8066,0.1256,-0.6401,0.1285,8.81,-35.31,19.63,54.81,-85.29,-155.67
52.421726,-1.544494,166.28,2.24,3,162.74,19 / 21,661710,2019-09-06 19:31:07:453,-2.789,-0.1568,9.8301,0.0032,0.0046,9.8066,-0.1074,-0.6508,0.0391,9.56,-35.5,18,61.38,-85,-155.27
52.421726,-1.544494,166.28,2.24,3,162.74,19 / 21,661810,2019-09-06 19:31:07:553,-2.1485,0.5691,10.0087,-0.0232,-0.0144,9.8065,-0.0863,-0.6824,0.0314,9.31,-36.44,17.63,59.34,-84.79,-155.38
52.421726,-1.544494,166.28,2.24,3,162.74,19 / 21,661909,2019-09-06 19:31:07:652,-2.1121,0.7677,9.7265,-0.0155,-0.0041,9.8066,0.033,-0.6386,0.1455,9.56,-36.25,15.94,66.94,-84.71,-154.51
52.421726,-1.544494,166.28,2.24,3,162.74,19 / 21,662010,2019-09-06 19:31:07:753,-3.0002,1.5043,10.0265,-0.0387,0.003,9.8065,0.0006,-0.6382,0.1358,10.25,-35.75,15.31,73.02,-84.28,-151.78
52.421726,-1.544494,166.28,2.24,3,162.74,19 / 21,662109,2019-09-06 19:31:07:852,-2.1622,1.4889,9.9243,-0.0154,-0.0003,9.8066,-0.0347,-0.617,0.0102,10.56,-36.37,13.81,78.97,-84.09,-151.1
52.421726,-1.544494,166.28,2.24,3,162.74,19 / 21,662209,2019-09-06 19:31:07:952,-2.0276,1.6484,10.3806,-0.0086,-0.0156,9.8066,-0.0028,-0.6143,0.0444,9.81,-36.12,12.44,82.15,-84,-151.57
52.421726,-1.544494,166.28,2.24,3,162.74,19 / 21,662317,2019-09-06 19:31:08:060,-1.4481,-0.1809,9.9429,0.0023,-0.0233,9.8066,-0.0196,-0.5483,0.0474,9.81,-35.87,11.19,82.36,-83.89,-154.84
52.421726,-1.544494,166.28,2.24,3,162.74,20 / 21,662410,2019-09-06 19:31:08:153,-0.5687,0.6556,9.5973,-0.0104,-0.0103,9.8066,-0.0824,-0.4868,0.0283,10.88,-36.25,10.81,82.16,-83.72,-157.5
52.421726,-1.544494,166.28,2.24,3,162.74,20 / 21,662509,2019-09-06 19:31:08:252,-0.8822,0.308,9.7276,-0.0084,0.0095,9.8066,0.0511,-0.4574,0.1227,10.5,-36.75,10.31,86.19,-83.67,-157.56
52.421726,-1.544494,166.28,2.24,3,162.74,20 / 21,662609,2019-09-06 19:31:08:352,-1.2548,0.2935,9.8756,-0.007,0.0173,9.8065,0.0365,-0.3604,0.0373,9.94,-36.5,8.88,90.28,-83.46,-155.6
52.421726,-1.544494,166.28,2.24,3,162.74,20 / 21,662710,2019-09-06 19:31:08:453,-1.4732,0.5926,9.7227,-0.0051,0.0061,9.8066,-0.0136,-0.326,0.0176,10.25,-36.25,8,95.21,-83.31,-155.27
52.421726,-1.544494,166.28,2.24,3,162.74,20 / 21,662809,2019-09-06 19:31:08:552,-1.3343,0.626,10.3503,-0.0104,-0.009,9.8066,0.0258,-0.2824,0.03,10.06,-36.31,7.75,95.27,-83.14,-155.71
52.421726,-1.544494,166.28,2.24,3,162.74,20 / 21,662910,2019-09-06 19:31:08:653,-1.1578,0.226,9.8165,-0.0027,-0.0013,9.8066,-0.0613,-0.2403,0.0127,10.13,-36.87,7.25,99.61,-83.01,-156.81
52.421726,-1.544494,166.28,2.24,3,162.74,20 / 21,663010,2019-09-06 19:31:08:753,-1.0334,0.4912,9.7652,-0.0398,-0.0106,9.8065,-0.0875,-0.2289,0.0201,10.25,-36.31,7.19,99.12,-82.64,-157.91
52.421726,-1.544494,166.28,2.24,3,162.74,20 / 21,663110,2019-09-06 19:31:08:853,-0.5187,0.7596,9.8496,-0.0358,-0.0093,9.8065,0.0154,-0.1819,-0.0072,10,-35.87,6.75,99,-82.5,-158.48
52.421726,-1.544494,166.28,2.24,3,162.74,20 / 21,663210,2019-09-06 19:31:08:953,-1.1701,-0.1928,9.7618,0.0119,-0.0074,9.8066,-0.0059,-0.1566,0.0052,9.44,-36.44,7.06,97.21,-82.47,-159.29
52.421726,-1.544494,166.28,2.24,3,162.74,20 / 21,663310,2019-09-06 19:31:09:053,-0.3605,-0.5841,9.5002,0.0137,-0.0077,9.8066,-0.0728,-0.106,-0.0457,10.19,-36.31,6.56,97.29,-82.43,-160.54
52.421726,-1.544494,166.28,2.24,3,162.74,20 / 21,663410,2019-09-06 19:31:09:153,-1.0865,-0.5594,9.7293,0.0025,-0.0177,9.8066,0.0022,-0.0715,-0.0244,9.94,-36.12,6.88,95.95,-82.45,-161.87
52.421726,-1.544494,166.28,2.24,3,162.74,20 / 21,663509,2019-09-06 19:31:09:252,-1.0212,-0.34,10.1444,0.0174,-0.0051,9.8065,-0.1056,-0.0273,-0.0153,10,-36.06,6.25,98.69,-82.65,-163.44
52.421726,-1.544494,166.28,2.24,3,162.74,20 / 21,663609,2019-09-06 19:31:09:352,-0.4018,-0.8394,9.7164,0.0016,-0.0077,9.8066,-0.0601,-0.012,-0.0125,10.5,-35.75,5.81,97.92,-82.77,-164.57
52.421726,-1.544494,166.28,2.24,3,162.74,20 / 21,663709,2019-09-06 19:31:09:452,-0.2211,-0.0501,9.5989,-0.0086,-0.0041,9.8066,0.0552,-0.0102,0.0208,10.25,-34.75,6.06,96.54,-82.74,-164.75
52.421726,-1.544494,166.28,2.24,3,162.74,20 / 21,663810,2019-09-06 19:31:09:553,0.0312,-0.3389,9.7322,-0.0037,0.0034,9.8065,-0.0208,0.0235,-0.047,10.13,-35.12,5.69,96.06,-82.78,-165.14
52.421726,-1.544494,166.28,2.24,3,162.74,20 / 21,663910,2019-09-06 19:31:09:653,-0.6726,0.0382,9.9835,0.0023,-0.0113,9.8066,-0.0018,-0.0228,-0.009,9.81,-34.44,5.56,94.62,-82.8,-165.91
52.421726,-1.544494,166.28,2.24,3,162.74,20 / 21,664009,2019-09-06 19:31:09:752,-0.7833,-0.0693,10.109,0.0074,-0.0109,9.8066,0.0506,-0.0419,-0.0027,10.63,-33.62,5.94,94.76,-82.76,-166.69
52.421726,-1.544494,166.28,2.24,3,162.74,20 / 21,664109,2019-09-06 19:31:09:852,-0.5665,-0.5523,10.2311,0.0103,-0.0016,9.8066,-0.0493,0.0002,-0.0188,10.88,-34.06,6.31,93.9,-82.74,-167.62
52.421726,-1.544494,166.28,2.24,3,162.74,20 / 21,664209,2019-09-06 19:31:09:952,-1.2524,-0.3727,9.5804,-0.0218,-0.0086,9.8066,-0.0746,0.0342,-0.0268,11.5,-33.81,5.25,98.3,-82.61,-168.63
52.421726,-1.544494,166.28,2.24,3,162.74,20 / 21,664309,2019-09-06 19:31:10:052,0.0564,-0.8504,9.504,-0.0372,-0.0115,9.8066,0.1339,0.0213,-0.0644,11.31,-34.31,5.19,97.54,-82.5,-169.48
52.421726,-1.544494,166.28,2.24,3,162.74,20 / 21,664410,2019-09-06 19:31:10:153,-0.4496,0.197,9.9461,0.0559,-0.0002,9.8065,0.1637,-0.0009,0.0099,10.5,-34.87,5.38,97.84,-82.72,-169.15
52.421726,-1.544494,166.28,2.24,3,162.74,20 / 21,664509,2019-09-06 19:31:10:252,-0.6332,-0.1653,10.093,0.0401,0.0079,9.8066,-0.0966,0.0404,-0.0241,10.44,-35.19,5.06,97.67,-82.7,-169.12
52.421726,-1.544494,166.28,2.24,3,162.74,20 / 21,664610,2019-09-06 19:31:10:353,-1.6591,-0.6646,9.8167,-0.0255,0.0018,9.8066,-0.0134,0.0367,-0.0193,10.31,-35.12,5.63,92.72,-82.67,-168.98
52.421726,-1.544494,166.28,2.24,3,162.74,20 / 21,664709,2019-09-06 19:31:10:452,-0.8052,-1.4532,9.9455,-0.0173,-0.0107,9.8066,-0.0964,0.0183,-0.005,10.31,-35.31,6,92.78,-82.52,-169.42
52.421726,-1.544494,166.28,2.24,3,162.74,20 / 21,664810,2019-09-06 19:31:10:553,-1.6779,-0.2084,9.5147,-0.0348,-0.0138,9.8065,-0.1301,0.0176,0.0511,10.5,-34.75,6.19,93.25,-82.28,-170.32
52.421726,-1.544494,166.28,2.24,3,162.74,20 / 21,664909,2019-09-06 19:31:10:652,0.02,-0.1018,9.4629,-0.044,-0.004,9.8065,-0.0663,0.0467,-0.0502,9.94,-35.37,6.06,92.7,-82.22,-170.49
52.421726,-1.544494,166.28,2.24,3,162.74,20 / 21,665010,2019-09-06 19:31:10:753,-0.5905,-0.6275,9.6777,0.0015,0.004,9.8066,-0.0509,0.0216,-0.0506,11,-34.19,7,87.41,-82.33,-170.69
52.421726,-1.544494,166.28,2.24,3,162.74,20 / 21,665110,2019-09-06 19:31:10:853,0.0459,-0.1012,9.914,0.0072,-0.0071,9.8066,0.094,0.0147,0.0076,11,-33.75,5.88,91.45,-82.36,-171.28
52.421726,-1.544494,166.28,2.24,3,162.74,20 / 21,665209,2019-09-06 19:31:10:952,-0.9475,0.202,9.6644,0.0138,-0.0017,9.8066,0.0734,-0.009,0.0088,11.44,-34.25,5.44,96.58,-82.32,-171.05
52.421726,-1.544494,166.28,2.24,3,162.74,20 / 21,665309,2019-09-06 19:31:11:052,-0.6745,-0.4817,10.0747,0.0079,-0.0053,9.8066,-0.0231,0.0283,-0.0457,11.25,-34.37,6.56,86.33,-82.35,-171.7
52.42166,-1.544821,165.54,7.09,3,279.4,20 / 21,665410,2019-09-06 19:31:11:153,0.5511,-0.6577,10.0915,-0.0031,-0.0053,9.8066,0.1358,0.0424,0.0063,11.25,-34.75,6.13,91.07,-82.3,-172.49
52.42166,-1.544821,165.54,7.09,3,279.4,20 / 21,665509,2019-09-06 19:31:11:252,0.3289,-0.0386,9.9002,-0.0271,0.0006,9.8066,0.0556,0.0091,-0.0154,10.69,-34.19,5.88,91.01,-82.11,-172.45
52.42166,-1.544821,165.54,7.09,3,279.4,20 / 21,665610,2019-09-06 19:31:11:353,-0.9733,-1.4135,10.3227,0.0209,0.0009,9.8065,0.0716,0.0951,-0.056,10,-34.56,6.25,91.05,-82.21,-172.21
52.42166,-1.544821,165.54,7.09,3,279.4,20 / 21,665709,2019-09-06 19:31:11:452,0.6992,0.2889,10.0148,0.0317,0.0023,9.8066,-0.0165,0.0893,-0.0159,9.81,-34.37,6.13,89.7,-82.24,-172.74
52.42166,-1.544821,165.54,7.09,3,279.4,20 / 21,665810,2019-09-06 19:31:11:553,-0.9581,-0.0577,10.2449,-0.0261,-0.0059,9.8065,-0.0517,0.0586,0.0387,9.75,-34.5,6.63,85.31,-82.2,-172.08
52.42166,-1.544821,165.54,7.09,3,279.4,20 / 21,665910,2019-09-06 19:31:11:653,0.2731,-0.0818,9.3794,-0.0188,-0.0081,9.8066,0.0027,0.1068,0.0132,10.13,-34.5,5.81,90.55,-82.05,-172.5
52.42166,-1.544821,165.54,7.09,3,279.4,20 / 21,666010,2019-09-06 19:31:11:753,-0.0258,-0.8099,10.0861,0.0242,0.0053,9.8066,0.0537,0.1171,0.0001,10,-34.44,5.75,89.27,-82.22,-173.25
52.42166,-1.544821,165.54,7.09,3,279.4,20 / 21,666110,2019-09-06 19:31:11:853,0.4963,-0.185,10.0206,0.0214,-0.0043,9.8066,-0.0828,0.0627,-0.0434,9.94,-35.31,5.38,94.91,-82.18,-173.84
52.42166,-1.544821,165.54,7.09,3,279.4,20 / 21,666214,2019-09-06 19:31:11:957,-0.0298,-0.9333,9.5703,-0.0136,-0.0069,9.8066,-0.0458,0.0856,0.0181,7.38,-34.94,5.25,93.94,-82.16,-174.47
52.42166,-1.544821,165.54,7.09,3,279.4,20 / 21,666310,2019-09-06 19:31:12:053,0.4515,-1.2002,9.6465,-0.0098,0.0035,9.8066,0.0102,0.0187,0.0663,5.56,-35,6.63,76.84,-82.21,-174.22
52.42166,-1.544821,165.54,7.09,3,279.4,20 / 21,666410,2019-09-06 19:31:12:153,0.6655,-1.1599,9.9561,0.0028,0.0156,9.8066,0.02,0.0597,-0.0922,6.31,-33.69,8.56,64,-82.27,-172.4
52.42166,-1.544821,165.54,7.09,3,279.4,20 / 21,666509,2019-09-06 19:31:12:252,-0.3359,-0.6079,9.9187,0.0009,0.016,9.8066,-0.0606,0.0481,0.12,7.69,-34.5,9.81,66.84,-82.25,-171.39
52.42166,-1.544821,165.54,7.09,3,279.4,20 / 21,666610,2019-09-06 19:31:12:353,-0.2885,-1.0301,9.9485,-0.0453,0.0085,9.8065,-0.0624,0.077,0.0481,8.56,-34.31,9.06,76.55,-82.03,-169.89
52.42166,-1.544821,165.54,7.09,3,279.4,20 / 21,666710,2019-09-06 19:31:12:453,0.4937,-1.0752,9.4513,-0.0403,-0.0116,9.8065,0.1051,0.0015,-0.0275,9.25,-35.37,9.13,78.78,-81.89,-168.93
52.42166,-1.544821,165.54,7.09,3,279.4,20 / 21,666810,2019-09-06 19:31:12:553,0.2741,-0.6576,9.5268,0.0414,0.011,9.8065,0.0424,0.0355,-0.0456,9.81,-35.06,9.25,80.13,-81.88,-169.42
52.42166,-1.544821,165.54,7.09,3,279.4,20 / 21,666910,2019-09-06 19:31:12:653,0.3497,-0.65,9.4106,0.0164,0.0149,9.8066,-0.0429,0.0383,0.0355,11.31,-34.87,9.75,77.17,-82.12,-169.19
52.42166,-1.544821,165.54,7.09,3,279.4,20 / 21,667010,2019-09-06 19:31:12:753,0.616,-0.5218,9.2267,0.0215,0.0038,9.8066,-0.0427,0.1533,-0.0227,12,-34.31,8.5,82.77,-82.14,-168.52
52.42166,-1.544821,165.54,7.09,3,279.4,20 / 21,667110,2019-09-06 19:31:12:853,1.5508,-0.878,9.8341,0.0132,-0.0064,9.8066,0.0762,0.0657,-0.0114,11.69,-34.56,8.31,86.55,-82.17,-169.25
52.42166,-1.544821,165.54,7.09,3,279.4,20 / 21,667210,2019-09-06 19:31:12:953,0.5613,-1.2203,9.4355,0.026,0.0069,9.8066,0.0298,0.1027,-0.0534,11.88,-34.81,7.38,90.59,-82.25,-169.2
52.42166,-1.544821,165.54,7.09,3,279.4,20 / 21,667309,2019-09-06 19:31:13:052,1.0442,-0.2141,9.4102,0,0.0047,9.8066,0.0043,0.0062,0.0749,11.63,-33.87,7.63,85.81,-82.2,-169.32
52.42166,-1.544821,165.54,7.09,3,279.4,20 / 21,667409,2019-09-06 19:31:13:152,1.1433,-0.043,9.489,0.0074,0.0067,9.8066,-0.1076,-0.0058,-0.0042,11.25,-35.5,7.5,87.08,-82.06,-167.91
52.42166,-1.544821,165.54,7.09,3,279.4,20 / 21,667509,2019-09-06 19:31:13:252,1.5526,-0.2279,9.6178,-0.0086,0.0071,9.8066,0.2234,-0.0303,0.0196,10.88,-35.25,7.38,92.15,-82.06,-167.34
52.42166,-1.544821,165.54,7.09,3,279.4,20 / 21,667609,2019-09-06 19:31:13:352,0.6748,-0.1021,10.1517,0.051,0.0217,9.8065,0.2413,-0.0964,0.0409,10.44,-35.56,7.5,87.47,-82.31,-166.17
52.42166,-1.544821,165.54,7.09,3,279.4,20 / 21,667710,2019-09-06 19:31:13:453,-0.0147,-0.6294,9.6261,0.0509,0.0084,9.8064,-0.1598,-0.0218,-0.0346,10.44,-35.31,7.31,92.33,-82.28,-165.52
52.42166,-1.544821,165.54,7.09,3,279.4,20 / 21,667810,2019-09-06 19:31:13:553,0.9079,0.9036,9.9724,-0.0401,-0.0088,9.8065,-0.1352,-0.0344,0.0408,10.56,-36.5,7,94.16,-82.05,-165.96
52.42166,-1.544821,165.54,7.09,3,279.4,20 / 21,667910,2019-09-06 19:31:13:653,0.8431,0.1703,9.7571,-0.0251,-0.0003,9.8066,0.1257,-0.0099,-0.0162,10,-35.87,7.13,93.58,-82.01,-165.8
52.42166,-1.544821,165.54,7.09,3,279.4,20 / 21,668010,2019-09-06 19:31:13:753,-0.5385,-0.1444,9.8397,-0.0006,0.0039,9.8066,0.1454,-0.0495,0.0156,10.56,-36,7.44,94.66,-81.92,-165.82
52.42166,-1.544821,165.54,7.09,3,279.4,20 / 21,668110,2019-09-06 19:31:13:853,0.7905,-0.4014,9.5897,-0.0137,0.0055,9.8066,-0.0503,-0.0404,0.0298,11.19,-35.44,7.19,94.8,-81.77,-165.43
52.42166,-1.544821,165.54,7.09,3,279.4,20 / 21,668210,2019-09-06 19:31:13:953,0.6771,0.8067,10.9975,-0.0049,0.0103,9.8066,-0.0139,-0.0558,0.0501,10.31,-36.12,7.06,96.05,-81.68,-164.27
52.42166,-1.544821,165.54,7.09,3,279.4,20 / 21,668310,2019-09-06 19:31:14:053,1.1917,-0.1957,9.7685,-0.0153,0.0011,9.8066,0.0385,0.0121,0.0089,10.19,-36.12,7.56,91.41,-81.64,-164.32
52.42166,-1.544821,165.54,7.09,3,279.4,20 / 21,668409,2019-09-06 19:31:14:152,-0.1811,0.4856,9.9317,-0.0071,0.0009,9.8066,-0.0223,-0.0144,-0.0212,10.5,-36.44,8.25,93.28,-81.47,-164.01
52.42166,-1.544821,165.54,7.09,3,279.4,20 / 21,668510,2019-09-06 19:31:14:253,-0.0457,0.8384,9.6017,0.0125,-0.0015,9.8066,-0.0436,0.0055,-0.0281,10.81,-36.5,7.5,93.55,-81.29,-164.26
52.42166,-1.544821,165.54,7.09,3,279.4,20 / 21,668609,2019-09-06 19:31:14:352,0.7825,-0.1834,9.3242,0.0109,0.0063,9.8066,-0.0531,0.0221,0.0109,10.13,-36.44,8.13,92,-81.49,-164.16
52.42166,-1.544821,165.54,7.09,3,279.4,20 / 21,668710,2019-09-06 19:31:14:453,1.4029,1.0795,10.0919,0.0217,0.005,9.8066,0.0361,-0.0338,0.0119,10.5,-35.94,7.13,97.46,-81.64,-163.72
52.42166,-1.544821,165.54,7.09,3,279.4,20 / 21,668809,2019-09-06 19:31:14:552,1.5048,-0.0983,9.6716,0.0351,-0.0106,9.8066,0.0257,0.0138,-0.0348,10.44,-36.19,8.38,90.01,-81.9,-164.93
52.42166,-1.544821,165.54,7.09,3,279.4,20 / 21,668909,2019-09-06 19:31:14:652,0.2553,-0.1108,9.517,0.0549,0.0058,9.8064,0.0414,-0.0063,0.0089,10.5,-36.56,7.81,91.2,-81.96,-165.34
52.42166,-1.544821,165.54,7.09,3,279.4,20 / 21,669009,2019-09-06 19:31:14:752,1.0086,0.0489,9.6203,-0.0332,-0.0144,9.8065,-0.0929,-0.008,0.0216,10.44,-36.37,7.94,88.9,-82.01,-165.7
52.42166,-1.544821,165.54,7.09,3,279.4,20 / 21,669110,2019-09-06 19:31:14:853,1.3746,-0.3939,8.7623,-0.0353,-0.0149,9.8065,-0.1882,-0.0099,-0.0022,10.13,-37.06,7.25,94.2,-81.84,-166.44
52.42166,-1.544821,165.54,7.09,3,279.4,20 / 21,669210,2019-09-06 19:31:14:953,1.1295,0.4447,9.9749,0.0713,0.016,9.8063,0.1432,-0.0044,-0.0132,10,-36.37,7.25,92.85,-82.26,-165.74
52.42166,-1.544821,165.54,7.09,3,279.4,20 / 21,669310,2019-09-06 19:31:15:053,1.1318,-0.0556,9.8772,0.0443,0.0131,9.8064,0.1307,-0.019,0.0103,10.75,-36.87,7.19,94.65,-82.17,-165.72
52.42166,-1.544821,165.54,7.09,3,279.4,20 / 21,669410,2019-09-06 19:31:15:153,1.4954,-0.4525,10.2379,-0.0003,0.0068,9.8065,-0.0266,0.0062,0.0213,10.75,-36.06,7.63,90.2,-82.06,-165.43
52.42166,-1.544821,165.54,7.09,3,279.4,20 / 21,669509,2019-09-06 19:31:15:252,1.2777,0.6814,10.0298,0.0219,0.0131,9.8065,-0.0276,-0.0182,0.039,10.63,-36.31,7.56,90.74,-82.13,-164.69
52.42166,-1.544821,165.54,7.09,3,279.4,20 / 21,669610,2019-09-06 19:31:15:353,1.941,-0.4392,9.3372,-0.0261,-0.0143,9.8065,-0.0437,0.0153,0.0004,10.63,-36.69,7.5,91.93,-82.09,-164.22
52.42166,-1.544821,165.54,7.09,3,279.4,20 / 21,669710,2019-09-06 19:31:15:453,1.5189,-0.7564,9.7162,-0.0197,-0.017,9.8066,-0.0556,0.1383,-0.0605,10.38,-36.81,7.75,89.9,-82.02,-165.33
52.42166,-1.544821,165.54,7.09,3,279.4,20 / 21,669810,2019-09-06 19:31:15:553,1.8742,-0.828,10.1396,0.0215,0.0009,9.8066,0.076,0.0834,-0.0555,11.13,-36.69,7.5,90,-82.27,-165.63
52.42166,-1.544821,165.54,7.09,3,279.4,20 / 21,669910,2019-09-06 19:31:15:653,1.5668,-1.0601,9.6775,0.0214,-0.0015,9.8066,0.0331,0.1053,0.0022,10.56,-36.06,7.44,93.14,-82.36,-166.07
52.42166,-1.544821,165.54,7.09,3,279.4,20 / 21,670010,2019-09-06 19:31:15:753,1.381,-1.1748,9.5998,-0.0158,0.0032,9.8066,0.0268,0.1163,0.0044,9.75,-36.87,8.13,89.02,-82.26,-165.46
52.42166,-1.544821,165.54,7.09,3,279.4,20 / 21,670110,2019-09-06 19:31:15:853,2.289,-1.1082,10.2009,-0.0095,-0.0174,9.8066,-0.0676,0.1751,-0.0793,10.25,-36.25,8.38,87.79,-82.25,-166.05
52.42166,-1.544821,165.54,7.09,3,279.4,20 / 21,670214,2019-09-06 19:31:15:957,2.6877,-1.3421,10.1303,0.0221,-0.0022,9.8065,0.1463,0.1122,0.0021,10.69,-36.12,8.69,83.75,-82.26,-167.03
52.42166,-1.544821,165.54,7.09,3,279.4,20 / 21,670310,2019-09-06 19:31:16:053,2.3425,-0.968,9.9773,0.0385,-0.0061,9.8065,0.1199,0.2535,-0.1149,10.69,-36.25,8.75,82.13,-82.37,-168.29
52.42166,-1.544821,165.54,7.09,3,279.4,20 / 21,670410,2019-09-06 19:31:16:153,2.0365,-0.8294,9.794,-0.0257,-0.0159,9.8066,-0.1094,0.2346,-0.054,10.69,-35.31,9.38,80.9,-82.15,-169.49
52.42166,-1.544821,165.54,7.09,3,279.4,20 / 21,670509,2019-09-06 19:31:16:252,3.3287,-2.0825,7.3773,-0.0057,-0.019,9.8066,-0.2097,0.2529,-0.0432,11.38,-35.81,10.19,76.02,-82.2,-170.6
52.42166,-1.544821,165.54,7.09,3,279.4,20 / 21,670610,2019-09-06 19:31:16:353,3.9461,-0.5121,8.4544,0.0791,-0.001,9.8062,0.1963,0.556,-0.0591,10.88,-36.06,9.31,77.53,-82.58,-172.05
52.42166,-1.544821,165.54,7.09,3,279.4,20 / 21,670709,2019-09-06 19:31:16:452,3.6747,0.2791,9.3767,-0.113,-0.0447,9.8059,-0.0591,0.317,-0.0498,11.38,-35.25,10.63,71.54,-81.92,-171.25
52.42166,-1.544821,165.54,7.09,3,279.4,20 / 21,670809,2019-09-06 19:31:16:552,4.1264,-0.8263,8.9058,0.1511,0.1057,9.8049,0.5189,0.2467,-0.0532,11.81,-35.94,11.31,74.35,-81.83,-171.08
52.42166,-1.544821,165.54,7.09,3,279.4,20 / 21,670910,2019-09-06 19:31:16:653,4.5736,1.1614,7.7251,0.1065,0.0622,9.8058,0.4489,0.152,0.0153,11.06,-35.37,11.75,69.21,-82.64,-168.48
52.42166,-1.544821,165.54,7.09,3,279.4,20 / 21,671010,2019-09-06 19:31:16:753,2.9086,-2.0875,10.3734,0.0284,0.0392,9.8064,0.0809,0.1887,-0.0327,10.94,-35.31,12.69,66.85,-82.52,-167.9
52.42166,-1.544821,165.54,7.09,3,279.4,20 / 21,671109,2019-09-06 19:31:16:852,3.1117,-0.2263,10.2905,0.0846,0.0687,9.806,0.038,0.3804,-0.0714,10.81,-34.56,13.13,67.25,-82.81,-166.96
52.42166,-1.544821,165.54,7.09,3,279.4,20 / 21,671214,2019-09-06 19:31:16:957,1.0406,-0.5093,10.3944,-0.013,-0.0231,9.8065,-0.3323,0.3653,-0.086,9.88,-35.19,12.5,66.44,-82.77,-165.65
52.42166,-1.544821,165.54,7.09,3,279.4,20 / 21,671310,2019-09-06 19:31:17:053,2.2456,-1.2442,10.0484,-0.056,-0.0308,9.8064,-0.2052,0.2355,0.0546,9.75,-34.94,13.56,64.27,-82.77,-164.86
52.42166,-1.544821,165.54,7.09,3,279.4,20 / 21,671410,2019-09-06 19:31:17:153,2.0067,-0.5292,9.5983,0.0336,0.0292,9.8065,0.163,0.3065,-0.0521,10.69,-34.69,14.63,64.23,-82.78,-164.59
52.42166,-1.544821,165.54,7.09,3,279.4,20 / 21,671509,2019-09-06 19:31:17:252,2.5321,-1.2459,9.49,0.024,0.0303,9.8066,0.1106,0.3452,-0.0233,9.94,-35.06,14.63,62.8,-82.99,-163.3
52.42166,-1.544821,165.54,7.09,3,279.4,20 / 21,671610,2019-09-06 19:31:17:353,2.5252,-0.6692,9.5736,0.0086,0.0146,9.8066,-0.0601,0.3374,0.0059,9.31,-34.81,16,58.6,-83.13,-162.23
52.42166,-1.544821,165.54,7.09,3,279.4,20 / 21,671709,2019-09-06 19:31:17:452,2.1598,0.0626,9.9903,0.0115,0.0319,9.8066,-0.0219,0.2977,-0.0266,10.38,-34.12,16.13,62.56,-83.33,-160.37
52.42166,-1.544821,165.54,7.09,3,279.4,20 / 21,671810,2019-09-06 19:31:17:553,0.676,0.7881,9.8233,0.0256,0.0127,9.8065,-0.1379,0.3051,-0.1286,9.44,-34.25,16.63,58.57,-83.73,-159.01
52.42166,-1.544821,165.54,7.09,3,279.4,20 / 21,671910,2019-09-06 19:31:17:653,2.5849,0.8395,9.7832,0.0313,-0.0361,9.8065,-0.085,0.2906,0.0078,10.06,-34.31,16.75,57.35,-84.03,-161.97
52.42166,-1.544821,165.54,7.09,3,279.4,20 / 21,672010,2019-09-06 19:31:17:753,1.9709,0.6985,10.1474,0.0309,0.0528,9.8064,0.1926,0.3325,-0.0345,9.5,-33.75,16.94,56.68,-84.12,-162.45
52.42166,-1.544821,165.54,7.09,3,279.4,20 / 21,672110,2019-09-06 19:31:17:853,2.4319,-0.4642,9.7258,-0.0295,-0.0347,9.8064,0.2767,0.2691,0.0324,9.69,-34.19,18.06,57.09,-84.22,-160.15
52.42166,-1.544821,165.54,7.09,3,279.4,20 / 21,672209,2019-09-06 19:31:17:952,2.1278,0.0473,9.5389,-0.0246,-0.0077,9.8066,0.0145,0.2565,-0.026,8.38,-34.19,19.31,51.29,-83.84,-159.67
52.42166,-1.544821,165.54,7.09,3,279.4,20 / 21,672309,2019-09-06 19:31:18:052,1.1042,0.8225,9.473,-0.0007,-0.0022,9.8066,0.0291,0.2552,-0.0926,9.25,-34.37,19.63,52.77,-83.67,-159.48
52.42166,-1.544821,165.54,7.09,3,279.4,20 / 21,672409,2019-09-06 19:31:18:152,1.5737,0.3922,9.1519,0.0104,0.0127,9.8066,0.1164,0.3731,-0.0312,8.63,-34.06,20.38,49.74,-83.7,-162.13
52.42166,-1.544821,165.54,7.09,3,279.4,20 / 21,672509,2019-09-06 19:31:18:252,2.7467,0.6097,9.87,0.0108,0.0223,9.8066,0.1091,0.3314,-0.0202,9.06,-34.25,20.56,48.82,-83.75,-161.57
52.42166,-1.544821,165.54,7.09,3,279.4,20 / 21,672609,2019-09-06 19:31:18:352,1.7085,-1.3985,10.4643,0.0387,0.0202,9.8065,-0.1155,0.2894,-0.027,8.56,-34.44,21.06,47.12,-84,-162.8
52.42166,-1.544821,165.54,7.09,3,279.4,20 / 21,672710,2019-09-06 19:31:18:453,1.338,-1.5884,9.4538,0.0325,0.0547,9.8064,-0.0208,0.3262,-0.0281,8.88,-35.19,21.56,44.47,-84.61,-163.48
52.42166,-1.544821,165.54,7.09,3,279.4,20 / 21,672809,2019-09-06 19:31:18:552,1.7788,-0.9173,9.2417,0.0047,-0.016,9.8066,-0.1133,0.3394,-0.0621,8.19,-34.69,21.13,43.29,-84.77,-163.27
52.42166,-1.544821,165.54,7.09,3,279.4,20 / 21,672910,2019-09-06 19:31:18:653,1.9849,-0.1241,9.8066,0.0202,0.0293,9.8065,-0.0879,0.3495,-0.0525,7.75,-34.25,21.13,43.53,-85,-162.65
52.42166,-1.544821,165.54,7.09,3,279.4,20 / 21,673009,2019-09-06 19:31:18:752,2.3122,-0.0346,10.2177,0.0042,0.0101,9.8066,0.079,0.2895,-0.0159,7.25,-34.12,22.19,39.84,-85.21,-162.43
52.42166,-1.544821,165.54,7.09,3,279.4,20 / 21,673110,2019-09-06 19:31:18:853,1.9652,-0.4961,9.7013,0.0317,0.0055,9.8066,0.0201,0.3298,-0.0952,6.56,-34.44,22.31,36.32,-85.37,-165.46
52.42166,-1.544821,165.54,7.09,3,279.4,20 / 21,673214,2019-09-06 19:31:18:957,1.8297,-0.7354,9.7695,-0.0116,-0.0083,9.8066,-0.1248,0.3176,0.0169,7.13,-34.37,22.25,35.08,-85.49,-166.48
52.42166,-1.544821,165.54,7.09,3,279.4,20 / 21,673310,2019-09-06 19:31:19:053,2.0519,0.2993,9.998,0.0079,-0.0144,9.8066,-0.0828,0.3335,-0.0452,6.56,-33.62,22.94,33.96,-85.55,-166.57
52.42166,-1.544821,165.54,7.09,3,279.4,20 / 21,673410,2019-09-06 19:31:19:153,2.5024,-0.582,9.5764,0.002,-0.0087,9.8066,0.0624,0.2996,-0.0093,5.19,-34.37,24.38,26.67,-85.55,-167.94
52.42166,-1.544821,165.54,7.09,3,279.4,20 / 21,673509,2019-09-06 19:31:19:252,1.1738,-0.5205,9.7132,-0.0009,-0.0076,9.8066,-0.0191,0.3217,-0.0541,5.13,-34,23.88,25.99,-85.52,-168.57
52.42166,-1.544821,165.54,7.09,3,279.4,20 / 21,673610,2019-09-06 19:31:19:353,1.3316,-1.2001,9.5551,0.0069,0.0077,9.8066,0.0671,0.3139,0.0052,4.88,-34.62,24.5,24.6,-85.45,-169.37
52.42166,-1.544821,165.54,7.09,3,279.4,20 / 21,673710,2019-09-06 19:31:19:453,1.3282,-0.4581,10.2425,-0.0002,0.0055,9.8066,0.0945,0.3124,0.0013,4.13,-33.5,25.31,21.35,-85.49,-169.94
52.42166,-1.544821,165.54,7.09,3,279.4,20 / 21,673810,2019-09-06 19:31:19:553,0.929,-1.5073,10.2694,0.0129,-0.0049,9.8066,-0.0237,0.3394,-0.0546,3.69,-34.19,25.56,19.09,-85.43,-171.64
52.42166,-1.544821,165.54,7.09,3,279.4,20 / 21,673910,2019-09-06 19:31:19:653,1.2955,-1.6403,10.038,0.0091,0.0178,9.8065,0.0256,0.304,-0.0105,3.44,-34.37,25.69,15.03,-85.49,-173.11
52.42166,-1.544821,165.54,7.09,3,279.4,20 / 21,674010,2019-09-06 19:31:19:753,-0.1952,-0.5592,11.2544,0.0084,-0.0267,9.8065,0.0626,0.3308,0.0404,2.69,-34.06,26.25,12.52,-85.53,-175.36
52.42166,-1.544821,165.54,7.09,3,279.4,20 / 21,674109,2019-09-06 19:31:19:852,2.1674,-1.8202,9.7669,0.0046,-0.0148,9.8066,0.3847,0.1929,-0.0197,2.81,-33.44,27.13,13.18,-85.42,-174.47
52.42166,-1.544821,165.54,7.09,3,279.4,20 / 21,674213,2019-09-06 19:31:19:956,3.0651,-1.6112,9.9481,-0.0175,-0.0132,9.8066,0.0589,0.3133,-0.1537,2.38,-33.25,26.69,7.16,-85.28,-177.81
52.42166,-1.544821,165.54,7.09,3,279.4,20 / 21,674310,2019-09-06 19:31:20:053,1.4287,-2.7066,8.1783,-0.0182,-0.0652,9.8064,0.0481,0.324,0.0606,1.44,-34,27.5,7.52,-84.74,-175.39
52.421616,-1.545685,163.98,5.26,3,200.69,20 / 21,674410,2019-09-06 19:31:20:153,1.5109,-2.5345,10.656,0.0115,-0.0094,9.8065,-0.3007,0.287,-0.0807,0.81,-33.5,27.94,9.79,-84.53,-173.4
52.421616,-1.545685,163.98,5.26,3,200.69,20 / 21,674509,2019-09-06 19:31:20:252,0.6091,-1.6791,11.5021,-0.045,0.016,9.8064,-0.0297,0.198,0.1609,0,-33.94,28.56,8.09,-84.66,-172.82
52.421616,-1.545685,163.98,5.26,3,200.69,20 / 21,674610,2019-09-06 19:31:20:353,2.5143,-0.3215,10.0894,-0.0253,0.0772,9.8063,0.045,0.2341,-0.0372,-0.25,-33.81,28.38,14.18,-84.82,-167.42
52.421616,-1.545685,163.98,5.26,3,200.69,20 / 21,674709,2019-09-06 19:31:20:452,3.0794,-2.67,9.2812,-0.0005,0.0145,9.8066,0.1263,0.3483,-0.0381,-1.31,-33.81,28.44,12.68,-84.93,-166.67
52.421616,-1.545685,163.98,5.26,3,200.69,20 / 21,674810,2019-09-06 19:31:20:553,1.5072,-0.2845,11.196,-0.0034,-0.009,9.8066,0.0341,0.3532,-0.0332,-1.37,-33.37,29.44,13.33,-84.86,-166.1
52.421616,-1.545685,163.98,5.26,3,200.69,20 / 21,674909,2019-09-06 19:31:20:652,2.8809,-2.4531,9.832,0.0013,-0.0317,9.8065,0.0305,0.3616,-0.0486,-2.19,-34,29.06,8.29,-84.73,-168.68
52.421616,-1.545685,163.98,5.26,3,200.69,20 / 21,675009,2019-09-06 19:31:20:752,3.6281,-0.1814,9.4205,0.0088,-0.0227,9.8066,0.0345,0.2414,-0.0084,-2.5,-33.25,29.81,7.88,-84.46,-169.17
52.421616,-1.545685,163.98,5.26,3,200.69,20 / 21,675110,2019-09-06 19:31:20:853,2.8282,-0.6165,9.2597,0.0075,0.0315,9.8065,0.1096,0.3479,-0.1387,-3.56,-33,29.38,3.54,-84.65,-168.99
52.421616,-1.545685,163.98,5.26,3,200.69,20 / 21,675210,2019-09-06 19:31:20:953,2.9526,-2.4631,9.2289,0.0064,0.0173,9.8066,0.0853,0.3256,-0.0159,-3.87,-33.12,29.5,1.78,-84.51,-170.82
52.421616,-1.545685,163.98,5.26,3,200.69,20 / 21,675310,2019-09-06 19:31:21:053,2.5392,-1.2608,8.9544,0.0041,0.0132,9.8066,-0.1424,0.4071,-0.0864,-4.62,-32.75,29.63,359.46,-84.55,-171.02
52.421616,-1.545685,163.98,5.26,3,200.69,20 / 21,675409,2019-09-06 19:31:21:152,3.0428,-1.4825,9.4423,0.0019,0.0328,9.8066,-0.0766,0.2987,-0.0193,-5.19,-33.31,29.63,358.84,-85,-171.58
52.421616,-1.545685,163.98,5.26,3,200.69,20 / 21,675509,2019-09-06 19:31:21:252,0.079,-0.5758,9.8667,-0.006,0.0369,9.8066,0.0058,0.5039,-0.0682,-5.56,-33.06,30.31,357.09,-85.64,-171.35
52.421616,-1.545685,163.98,5.26,3,200.69,20 / 21,675609,2019-09-06 19:31:21:352,1.9244,-1.1693,9.4827,-0.0222,0.0379,9.8065,-0.1939,0.422,-0.1266,-6,-32.62,29.75,355.94,-85.97,-172.43
52.421616,-1.545685,163.98,5.26,3,200.69,20 / 21,675710,2019-09-06 19:31:21:453,1.5533,-0.318,9.9491,0.0167,-0.0498,9.8065,-0.0279,0.2563,0.0561,-6.56,-33.37,29.75,354.79,-85.76,-171.65
52.421616,-1.545685,163.98,5.26,3,200.69,20 / 21,675810,2019-09-06 19:31:21:553,2.7383,0.3999,9.5738,0.0139,-0.0785,9.8063,0.1408,0.2596,0.0275,-6.56,-32.5,29.56,355.46,-85.41,-171.02
52.421616,-1.545685,163.98,5.26,3,200.69,20 / 21,675910,2019-09-06 19:31:21:653,1.4141,-1.1545,10.3425,-0.0244,0.0167,9.8066,0.1682,0.181,0.0095,-5.94,-32.44,30,356.88,-85.15,-171.52
52.421616,-1.545685,163.98,5.26,3,200.69,20 / 21,676010,2019-09-06 19:31:21:753,3.239,-1.5195,9.8615,-0.0285,0.0294,9.8065,-0.04,0.0165,0.1834,-7,-32.56,30.13,358.65,-84.88,-168.08
52.421616,-1.545685,163.98,5.26,3,200.69,20 / 21,676110,2019-09-06 19:31:21:853,1.4407,-0.1378,10.882,-0.0199,-0.0281,9.8066,0.0051,0.2091,-0.1482,-7,-32.31,29.75,359.53,-84.57,-167.29
52.421616,-1.545685,163.98,5.26,3,200.69,20 / 21,676209,2019-09-06 19:31:21:952,1.5602,-0.8025,9.3289,0.0085,0.0127,9.8066,-0.1162,0.0518,0.075,-7.94,-32.44,28.75,356.68,-84.67,-167.56
52.421616,-1.545685,163.98,5.26,3,200.69,20 / 21,676309,2019-09-06 19:31:22:052,2.56,0.1905,8.2805,0.0079,-0.0247,9.8065,-0.0996,0.2396,-0.1081,-8.31,-32.25,27.94,353.59,-84.62,-169.78
52.421616,-1.545685,163.98,5.26,3,200.69,19 / 21,676410,2019-09-06 19:31:22:153,0.031,-1.4141,9.4079,-0.0156,0.0319,9.8065,0.0012,0.072,-0.0723,-8.56,-32.5,28.06,349.62,-84.57,-171.45
52.421616,-1.545685,163.98,5.26,3,200.69,19 / 21,676509,2019-09-06 19:31:22:252,-0.6685,-0.4234,9.7703,-0.0211,0.0326,9.8065,-0.0184,0.1368,-0.1119,-9.44,-33.25,28.25,349.43,-84.55,-171.59
52.421616,-1.545685,163.98,5.26,3,200.69,19 / 21,676610,2019-09-06 19:31:22:353,1.6906,-1.8589,10.1654,-0.0021,0.0423,9.8065,-0.0793,0.0062,0.0728,-9.12,-33.56,29.19,349.4,-84.91,-172.27
52.421616,-1.545685,163.98,5.26,3,200.69,19 / 21,676710,2019-09-06 19:31:22:453,0.7675,-1.7278,9.7717,0.0178,-0.0649,9.8064,-0.074,0.0251,-0.0164,-9.37,-34,29.5,350.81,-84.57,-171.51
52.421616,-1.545685,163.98,5.26,3,200.69,19 / 21,676810,2019-09-06 19:31:22:553,0.1624,-1.7485,10.513,0.0246,-0.0655,9.8063,-0.113,0.0419,0.0045,-8.62,-33.69,28.75,350.35,-84.55,-171.35
52.421616,-1.545685,163.98,5.26,3,200.69,19 / 21,676910,2019-09-06 19:31:22:653,0.2836,0.7995,9.2942,0.0158,-0.0118,9.8066,-0.2377,0.0245,-0.0151,-9.19,-34.12,29.44,349.02,-84.62,-172.55
52.421616,-1.545685,163.98,5.26,3,200.69,19 / 21,677010,2019-09-06 19:31:22:753,0.5466,-0.5898,9.4052,0.0112,-0.0509,9.8064,0.1887,0.0523,0.0315,-9,-34.06,29.38,349.29,-84.47,-172.27
52.421616,-1.545685,163.98,5.26,3,200.69,19 / 21,677110,2019-09-06 19:31:22:853,0.8244,-0.6977,9.7982,-0.0074,0.0262,9.8066,0.0713,-0.0119,-0.0074,-9.44,-33.56,29.44,350.12,-84.48,-171.54
52.421616,-1.545685,163.98,5.26,3,200.69,19 / 21,677214,2019-09-06 19:31:22:957,0.1902,-2.0779,10.6779,0.003,0.0177,9.8066,0.1555,-0.009,-0.0256,-9.19,-33.62,29.69,349.84,-84.56,-172.37
52.421616,-1.545685,163.98,5.26,3,200.69,19 / 21,677310,2019-09-06 19:31:23:053,0.8318,-1.6104,10.2033,0.0111,0.0063,9.8066,0.236,0.0017,-0.0126,-9.25,-33.87,29.44,347.22,-84.47,-174.11
52.421616,-1.545685,163.98,5.26,3,200.69,19 / 20,677410,2019-09-06 19:31:23:153,0.268,-2.2359,10.0603,-0.006,0.0159,9.8066,-0.1425,0.0881,-0.0194,-9,-33.75,29.38,346.29,-84.35,-174.9
52.421616,-1.545685,163.98,5.26,3,200.69,19 / 20,677509,2019-09-06 19:31:23:252,1.781,-1.4688,10.1677,0.0142,-0.0367,9.8065,-0.1202,-0.0277,0.0279,-9.37,-33.44,29.31,346.31,-84.07,-174.85
52.421616,-1.545685,163.98,5.26,3,200.69,19 / 20,677610,2019-09-06 19:31:23:353,0.5939,-0.3126,9.8751,-0.0041,0.0254,9.8065,0.0512,-0.0307,0.0477,-8.81,-33.62,29.31,346.98,-84.14,-174.24
52.421616,-1.545685,163.98,5.26,3,200.69,19 / 20,677710,2019-09-06 19:31:23:453,0.833,-0.1547,10.0629,-0.0032,-0.01,9.8065,0.0222,0.0402,-0.0162,-9.62,-33.5,29.38,345.3,-84.26,-174.04
52.421616,-1.545685,163.98,5.26,3,200.69,19 / 20,677810,2019-09-06 19:31:23:553,-0.4541,-0.5192,10.4542,-0.0021,-0.0142,9.8065,0.0309,0.0526,0.0183,-9.62,-33.25,30.13,346.89,-84.11,-173.22
52.421616,-1.545685,163.98,5.26,3,200.69,19 / 20,677910,2019-09-06 19:31:23:653,-0.2119,0.0768,9.3684,0.0112,0.0031,9.8066,0.0519,0.0042,0.015,-9.31,-33.06,29.5,348.73,-83.99,-173.28
52.421616,-1.545685,163.98,5.26,3,200.69,19 / 20,678010,2019-09-06 19:31:23:753,1.4378,-0.5639,9.4977,-0.0044,-0.0042,9.8066,0.0019,-0.043,0.0305,-8.69,-32.75,29.25,348.18,-83.93,-173.16
52.421616,-1.545685,163.98,5.26,3,200.69,19 / 20,678110,2019-09-06 19:31:23:853,-0.5592,-0.4726,10.4126,-0.0108,0.0056,9.8066,0.0696,0.0833,-0.0379,-9.44,-32.94,28.88,350.42,-83.99,-171.21
52.421616,-1.545685,163.98,5.26,3,200.69,19 / 20,678210,2019-09-06 19:31:23:953,0.494,0.1405,9.8587,-0.0051,0.0052,9.8066,-0.0957,0.0023,0.0508,-9.25,-32.69,28.06,349.85,-84.05,-171.1
52.421616,-1.545685,163.98,5.26,3,200.69,19 / 20,678310,2019-09-06 19:31:24:053,0.7638,-0.4208,9.1456,-0.0019,-0.0284,9.8066,-0.1899,0.0561,-0.0217,-9.56,-33.81,29.25,349.7,-84.03,-170.04
52.421616,-1.545685,163.98,5.26,3,200.69,19 / 21,678409,2019-09-06 19:31:24:152,0.3427,-0.6199,9.5136,-0.0037,-0.036,9.8065,0.0716,0.0308,0.0189,-9.69,-33,28.63,351.53,-83.77,-168.41
52.421616,-1.545685,163.98,5.26,3,200.69,19 / 21,678509,2019-09-06 19:31:24:252,-0.3839,0.0403,10.1826,-0.0085,0.0041,9.8066,-0.0702,0.0328,0.028,-10,-32.69,29,353.31,-83.63,-166.83
52.421616,-1.545685,163.98,5.26,3,200.69,19 / 21,678610,2019-09-06 19:31:24:353,-1.0603,-0.5278,9.638,-0.0164,-0.0096,9.8066,-0.044,-0.0679,0.0768,-10.75,-33.44,28.25,352.44,-83.53,-165.13
52.421616,-1.545685,163.98,5.26,3,200.69,19 / 21,678709,2019-09-06 19:31:24:452,-1.1489,0.5095,9.4714,-0.013,-0.026,9.8065,0.1143,-0.0881,0.0332,-11.12,-32.19,28.19,354.86,-83.39,-163.03
52.421616,-1.545685,163.98,5.26,3,200.69,19 / 21,678809,2019-09-06 19:31:24:552,-1.1147,-0.1137,9.3114,-0.0028,-0.0097,9.8066,0.0002,-0.0407,0.0397,-12.25,-32.44,28.38,353.99,-83.32,-162.04
52.421616,-1.545685,163.98,5.26,3,200.69,19 / 21,678910,2019-09-06 19:31:24:653,0.5398,-1.396,9.4972,-0.0172,0.0289,9.8065,-0.0639,-0.0185,-0.0376,-12,-32.44,29.63,355.76,-83.16,-161.91
52.421616,-1.545685,163.98,5.26,3,200.69,19 / 21,679010,2019-09-06 19:31:24:753,-0.0029,0.7063,9.44,-0.0078,-0.0107,9.8066,-0.1495,-0.0425,-0.0039,-11.69,-32.25,29.88,356.51,-83.14,-161.25
52.421616,-1.545685,163.98,5.26,3,200.69,19 / 21,679110,2019-09-06 19:31:24:853,-1.2199,-0.06,10.097,-0.0216,0.0567,9.8064,0.1142,-0.0388,0.0061,-10.94,-31.94,29.69,1.11,-83.27,-158.89
52.421616,-1.545685,163.98,5.26,3,200.69,19 / 21,679210,2019-09-06 19:31:24:953,-1.287,-0.8768,10.0808,-0.0101,0.0361,9.8065,0.1868,-0.0929,0.0152,-10.94,-30.81,29.44,359.68,-83.18,-159.5
52.421616,-1.545685,163.98,5.26,3,200.69,19 / 21,679309,2019-09-06 19:31:25:052,0.9571,-1.0618,9.5983,0.0323,-0.0618,9.8063,-0.2007,-0.2129,0.0263,-10.94,-30.81,28.69,355.93,-82.78,-162.75
52.421616,-1.545685,163.98,5.26,3,200.69,20 / 21,679410,2019-09-06 19:31:25:153,-1.1875,-2.0062,9.4179,0.032,-0.0306,9.8065,-0.1916,-0.0064,-0.1024,-9.37,-31.94,29.19,358.54,-82.85,-164.02
52.421616,-1.545685,163.98,5.26,3,200.69,20 / 21,679509,2019-09-06 19:31:25:252,-0.002,1.2269,9.2453,0.0156,0.0252,9.8066,-0.1445,-0.1249,0.0537,-9.31,-31.94,29.88,358.33,-82.88,-164.75
52.421616,-1.545685,163.98,5.26,3,200.69,20 / 21,679610,2019-09-06 19:31:25:353,-0.8434,-0.8926,9.6357,0.0147,0.0012,9.8066,0.0547,-0.084,-0.0472,-8.94,-32.75,29,354.7,-83.15,-167.34
52.421616,-1.545685,163.98,5.26,3,200.69,20 / 21,679709,2019-09-06 19:31:25:452,-0.9721,-0.8099,9.8334,0.0016,0.0164,9.8066,0.0204,-0.0376,-0.0084,-8.5,-32.56,29.25,355.72,-83.3,-168.28
52.421616,-1.545685,163.98,5.26,3,200.69,20 / 21,679811,2019-09-06 19:31:25:554,-0.5629,-0.184,10.1426,-0.0041,0.0217,9.8066,0.0751,-0.0578,0.0235,-8.44,-32,28.69,354.92,-83.33,-169
52.421616,-1.545685,163.98,5.26,3,200.69,20 / 21,679909,2019-09-06 19:31:25:652,-1.4383,-0.5424,9.527,0.0248,-0.0412,9.8064,-0.1029,-0.067,-0.0197,-8.25,-32.5,28.25,352.68,-82.99,-170.34
52.421616,-1.545685,163.98,5.26,3,200.69,20 / 21,680009,2019-09-06 19:31:25:752,-1.0012,0.0844,9.8198,0.0254,-0.0371,9.8065,-0.098,-0.1097,-0.05,-8.56,-32.12,28.69,350.34,-82.93,-171.1
52.421616,-1.545685,163.98,5.26,3,200.69,20 / 21,680109,2019-09-06 19:31:25:852,-0.4868,0.8311,9.5364,0.0004,0.0203,9.8065,0.0915,-0.1077,0.0122,-8.5,-32.5,29.06,350.6,-82.97,-172.69
52.421616,-1.545685,163.98,5.26,3,200.69,20 / 21,680210,2019-09-06 19:31:25:953,-0.8269,0.0035,9.7377,0.0046,0.021,9.8066,0.1074,-0.0398,-0.0477,-8.31,-32.37,29.81,349.87,-83.04,-173.86
52.421616,-1.545685,163.98,5.26,3,200.69,20 / 21,680309,2019-09-06 19:31:26:052,0.1447,-0.6284,10.0033,0.0095,-0.0073,9.8066,-0.0742,-0.1046,0.0004,-8.25,-31.69,29.25,348.16,-82.97,-174.8
52.421616,-1.545685,163.98,5.26,3,200.69,19 / 20,680410,2019-09-06 19:31:26:153,-0.9047,-1.1291,9.9766,0.0255,-0.0061,9.8065,-0.0678,-0.0404,-0.0334,-7.75,-31.62,29.69,346.35,-82.94,-176.9
52.421616,-1.545685,163.98,5.26,3,200.69,19 / 20,680509,2019-09-06 19:31:26:252,0.3006,-0.3125,9.2095,0.0198,-0.0026,9.8066,0.0258,-0.0326,-0.059,-7,-32.19,29.63,346.17,-82.82,-178.82
52.421616,-1.545685,163.98,5.26,3,200.69,19 / 20,680610,2019-09-06 19:31:26:353,-0.8429,0.3467,9.7826,0.014,-0.0141,9.8065,-0.0565,-0.0521,-0.0069,-7.75,-33,29.19,341.67,-82.71,179.74
52.421616,-1.545685,163.98,5.26,3,200.69,19 / 20,680709,2019-09-06 19:31:26:452,-0.3389,0.4419,10.1526,0.0078,0.0174,9.8066,0.0406,0.0259,-0.0287,-7.19,-32.5,29.25,342.36,-82.78,178.41
52.421616,-1.545685,163.98,5.26,3,200.69,19 / 20,680810,2019-09-06 19:31:26:553,2.8978,-0.6571,9.8181,-0.01,0.0141,9.8066,0.2368,0.1597,-0.1051,-7.12,-32.19,28.94,341.93,-82.86,178
52.421616,-1.545685,163.98,5.26,3,200.69,19 / 20,680910,2019-09-06 19:31:26:653,-1.8443,-2.1171,10.3631,0.0296,-0.0754,9.8062,-0.414,0.1578,0.0047,-7.06,-33.12,29.13,341.29,-82.47,177.68
52.421616,-1.545685,163.98,5.26,3,200.69,19 / 20,681010,2019-09-06 19:31:26:753,-0.2223,-2.4782,10.1677,-0.0054,-0.0553,9.8064,-0.255,0.0893,0.1795,-7.69,-33.19,29.13,341.61,-82.61,179.73
52.421616,-1.545685,163.98,5.26,3,200.69,19 / 20,681110,2019-09-06 19:31:26:853,-0.5328,1.5162,9.2028,0.023,-0.0137,9.8066,0.072,-0.0326,0.0301,-7.94,-32.87,29.19,340.38,-82.58,178.68
52.421616,-1.545685,163.98,5.26,3,200.69,19 / 20,681214,2019-09-06 19:31:26:957,-0.6417,-0.401,10.0497,0.0056,-0.0243,9.8066,0.114,-0.0412,0.0387,-7.5,-33.12,29.88,343.04,-82.4,178.68
52.421616,-1.545685,163.98,5.26,3,200.69,19 / 20,681309,2019-09-06 19:31:27:052,-0.3121,-0.8131,9.7829,0.0045,0.0111,9.8066,-0.0008,0.0266,-0.0514,-7,-33.06,29.94,342.65,-82.31,178.38
52.421616,-1.545685,163.98,5.26,3,200.69,19 / 21,681410,2019-09-06 19:31:27:153,0.1498,0.0834,9.3333,-0.0042,0.0052,9.8065,0.0056,0.0285,-0.0022,-7.37,-32.62,28.94,341.56,-82.41,177.93
52.421616,-1.545685,163.98,5.26,3,200.69,19 / 21,681510,2019-09-06 19:31:27:253,-0.5017,-0.5875,9.5165,0.0041,0.0292,9.8065,-0.0557,-0.0092,-0.0624,-7.12,-33.31,29.06,340.54,-82.71,176.94
52.421616,-1.545685,163.98,5.26,3,200.69,19 / 21,681609,2019-09-06 19:31:27:352,-0.8148,0.54,9.5452,0.0169,0.0209,9.8066,-0.0177,0.0394,-0.0489,-7.94,-32.87,29.25,336.42,-82.82,175.15
52.421616,-1.545685,163.98,5.26,3,200.69,19 / 21,681710,2019-09-06 19:31:27:453,0.662,0.4676,10.0361,0.0168,-0.0064,9.8066,0.053,0.0724,-0.0675,-7,-33.06,29.44,336.4,-82.79,173.33
52.421616,-1.545685,163.98,5.26,3,200.69,19 / 21,681810,2019-09-06 19:31:27:553,-0.0298,-0.1411,9.3506,0.0093,0.004,9.8066,0.0057,-0.1081,0.0655,-6.56,-33.06,29.44,334.73,-82.79,171.88
52.421616,-1.545685,163.98,5.26,3,200.69,19 / 21,681909,2019-09-06 19:31:27:652,-0.0407,0.5638,9.9299,0.0054,-0.0275,9.8066,0.0547,0.0313,-0.0021,-6.94,-33.25,29.13,334.5,-82.71,171.72
52.421616,-1.545685,163.98,5.26,3,200.69,19 / 21,682010,2019-09-06 19:31:27:753,-0.4617,1.05,9.1771,0.0156,0.0277,9.8065,-0.0135,0.0204,-0.1008,-7.19,-33.06,28.56,333.55,-82.46,171.04
52.421616,-1.545685,163.98,5.26,3,200.69,19 / 21,682109,2019-09-06 19:31:27:852,0.6856,1.2742,10.5302,-0.0125,0.008,9.8066,0.1015,-0.0223,0.084,-7.44,-33.62,28.19,331.43,-82.53,169.88
52.421616,-1.545685,163.98,5.26,3,200.69,19 / 21,682209,2019-09-06 19:31:27:952,-0.491,0.0521,10.2494,0.0025,0.0208,9.8066,0.0016,0.0645,-0.0619,-8.06,-33.69,29.13,329.84,-82.5,169.74
52.421616,-1.545685,163.98,5.26,3,200.69,19 / 21,682310,2019-09-06 19:31:28:053,-0.439,0.0367,9.6593,0.0092,-0.0188,9.8066,0.0171,-0.0094,0.0314,-7.94,-33.81,28,328.03,-82.39,168.91
52.421616,-1.545685,163.98,5.26,3,200.69,20 / 21,682410,2019-09-06 19:31:28:153,-0.982,-0.3881,9.0146,-0.0013,0.0016,9.8066,-0.0659,-0.0197,-0.0059,-9,-33.12,30.06,328.38,-82.22,169.61
52.421616,-1.545685,163.98,5.26,3,200.69,20 / 21,682509,2019-09-06 19:31:28:252,-0.4169,1.9139,9.3905,0.0232,0.0322,9.8066,0.0391,0.0922,-0.046,-9.69,-32.69,30.75,324.48,-82.35,167.1
52.421616,-1.545685,163.98,5.26,3,200.69,20 / 21,682610,2019-09-06 19:31:28:353,-0.5624,1.3575,9.6768,-0.0128,-0.0178,9.8066,0.0844,-0.1022,0.1258,-7.87,-32.75,31.44,328.64,-82.43,167.39
52.421616,-1.545685,163.98,5.26,3,200.69,20 / 21,682709,2019-09-06 19:31:28:452,-0.7305,0.225,9.6837,-0.0033,0.0281,9.8065,-0.0322,0.0332,-0.009,-5.69,-32.06,30.75,334.38,-82.66,168.73
52.421616,-1.545685,163.98,5.26,3,200.69,20 / 21,682809,2019-09-06 19:31:28:552,0.2101,0.1183,9.5508,-0.0149,-0.0079,9.8066,-0.0148,0.0026,0.0352,-4.81,-32.06,29.88,337.82,-82.59,170.39
52.421616,-1.545685,163.98,5.26,3,200.69,20 / 21,682909,2019-09-06 19:31:28:652,0.2184,-0.2122,10.2326,-0.0237,-0.0133,9.8066,0.0193,0.0234,0.0345,-4.37,-32.62,28.69,340.48,-82.48,171.32
52.421616,-1.545685,163.98,5.26,3,200.69,20 / 21,683009,2019-09-06 19:31:28:752,-0.1287,0.6067,10.1942,-0.0038,0.0051,9.8066,-0.0154,0.0562,-0.0054,-5.25,-32.44,25.63,339.26,-82.41,173.55
52.421616,-1.545685,163.98,5.26,3,200.69,20 / 21,683109,2019-09-06 19:31:28:852,-1.3663,-0.2524,9.9529,0.0144,-0.0193,9.8066,-0.0455,0.1006,-0.0691,-8.31,-33.37,25.44,330.57,-82.2,173.36
52.421616,-1.545685,163.98,5.26,3,200.69,20 / 21,683210,2019-09-06 19:31:28:953,1.2054,1.2347,9.6727,0.0147,-0.0209,9.8066,0.02,0.0335,-0.0006,-10.19,-33.12,27.13,327.26,-82.16,172.69
52.421616,-1.545685,163.98,5.26,3,200.69,20 / 21,683310,2019-09-06 19:31:29:053,0.0745,-0.2965,10.1795,-0.0148,0.0128,9.8066,0.024,-0.0665,0.0187,-10.44,-33.62,29,329.36,-82.19,173.03
52.42084,-1.545461,160.34,12.16,3,168.93,19 / 20,683409,2019-09-06 19:31:29:152,-0.723,1.1302,9.7487,-0.0149,-0.0053,9.8065,0.0038,0.0236,0.0453,-10.19,-32.69,29.94,331.65,-82.16,174.19
52.42084,-1.545461,160.34,12.16,3,168.93,19 / 20,683510,2019-09-06 19:31:29:253,-0.6568,0.4048,9.9449,0.0048,-0.0115,9.8066,0.0117,-0.0158,0.0319,-9.12,-31.81,30.31,333.72,-82.14,174.19
52.42084,-1.545461,160.34,12.16,3,168.93,19 / 20,683610,2019-09-06 19:31:29:353,0.0961,0.9657,9.7393,-0.0091,0.0321,9.8065,0.0484,-0.0052,-0.0547,-7.44,-30.94,29.5,338.5,-82.35,174.63
52.42084,-1.545461,160.34,12.16,3,168.93,19 / 20,683710,2019-09-06 19:31:29:453,-0.0484,1.7963,10.2076,0.0246,-0.0112,9.8065,-0.0065,-0.0515,0.0443,-8.56,-32.12,28.94,332.82,-82.36,173.94
52.42084,-1.545461,160.34,12.16,3,168.93,19 / 20,683809,2019-09-06 19:31:29:552,-0.6677,0.6923,9.9548,0.0185,-0.0459,9.8065,0.0595,-0.0633,0.0467,-8.81,-32.62,29.44,332.79,-82.03,174.21
52.42084,-1.545461,160.34,12.16,3,168.93,19 / 20,683910,2019-09-06 19:31:29:653,0.3677,1.3182,9.5203,0.0027,0.009,9.8066,-0.0828,-0.0334,0.0583,-8.62,-33.37,29.88,334.88,-81.96,175.39
52.42084,-1.545461,160.34,12.16,3,168.93,19 / 20,684010,2019-09-06 19:31:29:753,0.4122,1.0368,9.9724,-0.0153,0.0147,9.8066,-0.0405,-0.0594,0.0255,-8.87,-33.37,29.5,335.39,-81.94,175.84
52.42084,-1.545461,160.34,12.16,3,168.93,19 / 20,684109,2019-09-06 19:31:29:852,-1.1936,0.9811,10.4878,-0.0117,0.0013,9.8066,0.1059,-0.024,0.0336,-8.44,-33.56,29.44,338.31,-82.12,177.21
52.42084,-1.545461,160.34,12.16,3,168.93,19 / 20,684211,2019-09-06 19:31:29:954,-0.995,2.2417,10.0582,-0.0121,0.0214,9.8066,0.0356,-0.0066,0.0103,-8.37,-33.5,29.19,338.65,-82.15,177.38
52.42084,-1.545461,160.34,12.16,3,168.93,19 / 20,684309,2019-09-06 19:31:30:052,-0.4488,0.7898,10.1671,-0.0039,0.0074,9.8066,-0.0284,-0.0685,-0.0062,-8.31,-33.94,29.69,339.55,-82.01,177.72
52.42084,-1.545461,160.34,12.16,3,168.93,20 / 21,684409,2019-09-06 19:31:30:152,-0.2831,-0.6089,9.9325,0.0008,-0.0134,9.8066,-0.0129,-0.0381,0.0069,-7.81,-33.44,29.56,339.07,-81.98,177.23
52.42084,-1.545461,160.34,12.16,3,168.93,20 / 21,684510,2019-09-06 19:31:30:253,-0.5383,1.0402,9.6975,-0.0046,0.0252,9.8066,0.0763,-0.0477,0.0117,-7.94,-33.81,29.44,338.58,-81.94,177.52
52.42084,-1.545461,160.34,12.16,3,168.93,20 / 21,684609,2019-09-06 19:31:30:352,-0.6501,0.8831,9.9764,-0.0047,0.0351,9.8065,0.0635,-0.031,-0.0017,-7.81,-33.62,29.19,338.07,-82.19,176.97
52.42084,-1.545461,160.34,12.16,3,168.93,20 / 21,684709,2019-09-06 19:31:30:452,-1.328,1.0185,10.0016,-0.0078,0.0135,9.8066,-0.0111,0.0023,-0.009,-7.75,-33.81,29.56,338.81,-82.19,177.01
52.42084,-1.545461,160.34,12.16,3,168.93,20 / 21,684809,2019-09-06 19:31:30:552,-0.248,1.105,9.746,0.0085,-0.0219,9.8066,-0.0135,0.0105,-0.0059,-7.81,-33.75,29.69,338.55,-81.97,176.88
52.42084,-1.545461,160.34,12.16,3,168.93,20 / 21,684910,2019-09-06 19:31:30:653,-0.583,-0.2671,9.6284,-0.0043,-0.0047,9.8066,-0.0846,-0.016,0.0001,-7.75,-33.69,28.88,338.63,-81.94,177.56
52.42084,-1.545461,160.34,12.16,3,168.93,20 / 21,685010,2019-09-06 19:31:30:753,-0.4277,0.3639,9.6278,-0.0069,-0.0165,9.8065,-0.1123,-0.0007,-0.0224,-7.69,-33.44,29.69,339.59,-81.98,177.67
52.42084,-1.545461,160.34,12.16,3,168.93,20 / 21,685110,2019-09-06 19:31:30:853,-0.5956,0.9646,10.1026,-0.0096,0.0092,9.8066,0.0596,-0.0628,0.091,-7.75,-33.87,29.75,340.16,-81.98,178.25
52.42084,-1.545461,160.34,12.16,3,168.93,20 / 21,685209,2019-09-06 19:31:30:952,-0.7908,1.5181,9.8346,0.001,-0.0195,9.8066,-0.0483,-0.0441,-0.053,-8.31,-34.12,29.44,340.78,-81.91,179.39
52.42084,-1.545461,160.34,12.16,3,168.93,20 / 21,685310,2019-09-06 19:31:31:053,-0.7682,1.3817,9.7716,0.0158,-0.0363,9.8065,0.1254,-0.0277,0.0276,-7.87,-33.37,29.56,341.39,-81.69,179.31
52.42084,-1.545461,160.34,12.16,3,168.93,20 / 21,685410,2019-09-06 19:31:31:153,-0.5806,-0.1387,9.4534,-0.0069,0.0133,9.8066,0.0666,0.0011,0.0532,-8.69,-32.87,30.31,339.87,-81.7,179.77
52.42084,-1.545461,160.34,12.16,3,168.93,20 / 21,685509,2019-09-06 19:31:31:252,-2.7298,1.1632,9.2693,-0.0097,0.0097,9.8065,0.0286,0.0424,-0.0887,-8.87,-32.37,30.13,340.65,-81.67,-179.65
52.42084,-1.545461,160.34,12.16,3,168.93,20 / 21,685610,2019-09-06 19:31:31:353,-1.7144,1.605,11.2542,0.0188,-0.0131,9.8065,-0.0267,-0.137,0.0489,-7.87,-32.5,30.5,342.76,-81.84,179.8
52.42084,-1.545461,160.34,12.16,3,168.93,20 / 21,685710,2019-09-06 19:31:31:453,-0.7559,3.289,8.5007,0.0141,0.024,9.8065,-0.5002,0.0849,0.0422,-7.62,-32.5,29.88,340.52,-82.1,178.33
52.42084,-1.545461,160.34,12.16,3,168.93,20 / 21,685809,2019-09-06 19:31:31:552,-1.5243,1.7502,9.7738,0.0229,-0.0978,9.8061,-0.5281,-0.0338,0.0857,-7.81,-32.94,29.19,341.7,-81.7,-179.85
52.42084,-1.545461,160.34,12.16,3,168.93,20 / 21,685909,2019-09-06 19:31:31:652,-0.9895,0.2745,9.5108,0.0247,-0.0901,9.8062,0.1795,-0.0332,0.1157,-6.87,-32.62,29.31,344.85,-81.93,-179.11
52.42084,-1.545461,160.34,12.16,3,168.93,20 / 21,686010,2019-09-06 19:31:31:753,-2.2574,0.1305,10.1179,-0.0559,0.0473,9.8063,0.1182,-0.1852,0.0289,-7.62,-32.19,29.25,349,-82.19,-173.89
52.42084,-1.545461,160.34,12.16,3,168.93,20 / 21,686110,2019-09-06 19:31:31:853,-1.8561,1.7283,10.202,-0.0161,0.031,9.8066,-0.0456,-0.17,0.0074,-8.5,-32.12,29,350.35,-82,-172.71
52.42084,-1.545461,160.34,12.16,3,168.93,20 / 21,686209,2019-09-06 19:31:31:952,0.052,2.5216,8.7804,0.0372,0.0068,9.8065,0.019,-0.1278,-0.0182,-8.56,-31.56,29.94,347.16,-82.09,-174.23
52.42084,-1.545461,160.34,12.16,3,168.93,20 / 21,686310,2019-09-06 19:31:32:053,-0.2013,0.5803,8.9346,0.0236,-0.0455,9.8065,0.065,-0.2155,0.0839,-7.5,-32.87,29.94,348.46,-81.78,-176.53
52.42084,-1.545461,160.34,12.16,3,168.93,20 / 21,686410,2019-09-06 19:31:32:153,-1.0647,0.7326,10.2121,-0.0012,0.0084,9.8066,0.0516,0.0159,-0.1125,-7.19,-33.25,29.75,347.09,-82.1,-177.77
52.42084,-1.545461,160.34,12.16,3,168.93,20 / 21,686510,2019-09-06 19:31:32:253,-1.9786,0.7255,10.2945,0.0216,-0.0321,9.8065,-0.2351,-0.0037,-0.0719,-6.69,-32.94,29.56,344.66,-82.25,-179.88
52.42084,-1.545461,160.34,12.16,3,168.93,20 / 21,686610,2019-09-06 19:31:32:353,-1.1928,1.0959,8.4815,0.0113,-0.0336,9.8066,-0.057,-0.0246,0.0722,-7.37,-33.75,29.38,343.05,-82.2,179.35
52.42084,-1.545461,160.34,12.16,3,168.93,20 / 21,686709,2019-09-06 19:31:32:452,-1.7106,-0.1485,9.6362,0.0068,-0.0427,9.8065,0.0382,-0.06,-0.0286,-6.56,-33.37,29.69,344.02,-82.22,179.58
52.42084,-1.545461,160.34,12.16,3,168.93,20 / 21,686810,2019-09-06 19:31:32:553,-1.5121,0.2111,9.7937,0.0041,0.0371,9.8065,0.1167,-0.0521,-0.0167,-6.5,-33.44,29.69,345.43,-82.21,178.97
52.42084,-1.545461,160.34,12.16,3,168.93,20 / 21,686910,2019-09-06 19:31:32:653,-0.243,-0.1257,10.4446,0.0094,0.0311,9.8065,-0.0695,-0.1252,0.0534,-5.87,-33.56,30,342.86,-82.33,176.82
52.42084,-1.545461,160.34,12.16,3,168.93,20 / 21,687010,2019-09-06 19:31:32:753,-0.2274,1.1041,10.3955,0.0077,-0.0219,9.8066,-0.0788,-0.0224,-0.0913,-5.81,-33.44,30.13,342.79,-82.04,176.79
52.42084,-1.545461,160.34,12.16,3,168.93,20 / 21,687110,2019-09-06 19:31:32:853,-1.8965,-0.3816,10.1674,0.0187,0.024,9.8066,-0.0743,-0.0184,-0.0083,-5.75,-33.25,29.63,340.94,-82.18,175.17
52.42084,-1.545461,160.34,12.16,3,168.93,20 / 21,687209,2019-09-06 19:31:32:952,-1.7499,0.7595,9.4182,0.0076,0.0011,9.8066,-0.0834,-0.1363,-0.019,-5.94,-34.19,30.19,339.77,-82.18,174.25
52.42084,-1.545461,160.34,12.16,3,168.93,20 / 21,687311,2019-09-06 19:31:33:054,-0.3884,0.7361,9.0319,0.0215,-0.0169,9.8066,-0.1836,-0.0366,-0.1355,-5.5,-33.5,30.13,341.49,-82.24,173.78
52.42084,-1.545461,160.34,12.16,3,168.93,19 / 21,687410,2019-09-06 19:31:33:153,-1.7218,-0.6122,10.0751,-0.0117,0.073,9.8063,0.184,-0.0934,-0.0228,-5,-34.12,30,338.62,-81.99,171.53
52.42084,-1.545461,160.34,12.16,3,168.93,19 / 21,687510,2019-09-06 19:31:33:253,0.257,-1.3792,9.5004,0.0133,-0.0442,9.8065,-0.1814,-0.0347,0.0454,-4.87,-33.69,29.69,337.29,-82.35,170.23
52.42084,-1.545461,160.34,12.16,3,168.93,19 / 21,687609,2019-09-06 19:31:33:352,-1.5361,-0.0818,9.9433,0.0119,-0.0113,9.8065,-0.0491,0.0039,0.0358,-4.87,-33.87,29,336.73,-82.3,170.21
52.42084,-1.545461,160.34,12.16,3,168.93,19 / 21,687710,2019-09-06 19:31:33:453,2.0869,2.2451,8.5092,0.0041,0.0713,9.8063,-0.1411,0.0057,-0.2108,-4.25,-34.31,29.13,339.34,-82.17,170.58
52.42084,-1.545461,160.34,12.16,3,168.93,19 / 21,687810,2019-09-06 19:31:33:553,-0.8296,0.7384,8.3633,0.0175,0.0329,9.8065,0.0185,-0.1437,0.1314,-4.37,-34.12,29.13,335.29,-82.48,166.97
52.42084,-1.545461,160.34,12.16,3,168.93,19 / 21,687910,2019-09-06 19:31:33:653,-5.3809,1.2043,9.8861,-0.0358,-0.0121,9.8065,0.0764,0.0368,-0.1596,-4.62,-33.87,29.94,336.41,-82.48,169.42
52.42084,-1.545461,160.34,12.16,3,168.93,19 / 21,688009,2019-09-06 19:31:33:752,1.4848,-0.7709,10.783,0.0143,0.0052,9.8066,0.2157,0.0474,-0.0118,-4.81,-33.81,29.63,336.98,-82.84,169.73
52.42084,-1.545461,160.34,12.16,3,168.93,19 / 21,688110,2019-09-06 19:31:33:853,-2.9873,2.477,10.6396,0.0007,-0.034,9.8065,-0.103,0.0108,-0.1058,-4.69,-34,29.38,335.38,-82.93,168.73
52.42084,-1.545461,160.34,12.16,3,168.93,19 / 21,688214,2019-09-06 19:31:33:957,-0.8275,2.3884,11.0972,0.0259,-0.0784,9.8062,-0.0083,-0.0093,0.0099,-3.62,-33.62,29.94,337.64,-82.34,168.69
52.42084,-1.545461,160.34,12.16,3,168.93,19 / 21,688309,2019-09-06 19:31:34:052,-2.9633,1.1232,10.3332,0.02,-0.072,9.8063,-0.081,-0.2486,0.1965,-4.19,-34.37,29.94,337.93,-81.88,169.15
52.42084,-1.545461,160.34,12.16,3,168.93,20 / 21,688409,2019-09-06 19:31:34:152,-2.9476,1.2165,9.6492,0.0213,-0.014,9.8065,0.012,-0.2071,-0.0168,-3.94,-33.37,30.56,340.58,-81.67,171.04
52.42084,-1.545461,160.34,12.16,3,168.93,20 / 21,688510,2019-09-06 19:31:34:253,-0.3098,1.3096,9.3444,-0.0218,0.0109,9.8066,0.1807,0.0326,-0.0348,-3.94,-33.44,29.94,340.77,-81.75,171.51
52.42084,-1.545461,160.34,12.16,3,168.93,20 / 21,688609,2019-09-06 19:31:34:352,-0.6161,-0.0253,10.6376,-0.0367,0.0714,9.8063,0.1961,0.0004,0.0768,-3.75,-33.44,29.69,339.47,-82.05,170.28
52.42084,-1.545461,160.34,12.16,3,168.93,20 / 21,688710,2019-09-06 19:31:34:453,-1.595,1.1609,10.4826,0.0121,-0.0604,9.8064,-0.2584,-0.0121,-0.1369,-3.81,-33.69,29.5,341.39,-82.88,171.67
52.42084,-1.545461,160.34,12.16,3,168.93,20 / 21,688809,2019-09-06 19:31:34:552,0.4546,0.4764,11.5147,0.0185,-0.0848,9.8062,-0.0525,-0.0444,0.0408,-3.31,-34.31,29.75,343.56,-82.54,171.78
52.42084,-1.545461,160.34,12.16,3,168.93,20 / 21,688909,2019-09-06 19:31:34:652,0.5429,2.7639,10.0312,0.0154,-0.0773,9.8063,-0.026,0.005,0.0597,-3.87,-33.56,29.63,342.1,-82.53,172.41
52.42084,-1.545461,160.34,12.16,3,168.93,20 / 21,689009,2019-09-06 19:31:34:752,-1.7592,1.5989,9.4359,0.0089,-0.0052,9.8066,-0.0932,-0.0564,0.0442,-3.31,-33.69,29.31,346.01,-82.42,174.17
52.42084,-1.545461,160.34,12.16,3,168.93,20 / 21,689110,2019-09-06 19:31:34:853,-1.0778,0.4472,9.4298,0.0171,0.0244,9.8066,0.1435,-0.1381,-0.069,-2.75,-33.44,30.19,345.55,-82.35,173.47
52.42084,-1.545461,160.34,12.16,3,168.93,20 / 21,689214,2019-09-06 19:31:34:957,-0.4363,1.8588,10.2145,0.0217,0.0264,9.8065,0.0626,-0.107,-0.0739,-2.94,-33.81,29.75,344.08,-82.47,172.25
52.42084,-1.545461,160.34,12.16,3,168.93,20 / 21,689310,2019-09-06 19:31:35:053,-0.1415,2.3598,10.0745,0.0147,-0.0116,9.8066,-0.1346,-0.0231,0.0053,-2.5,-33.81,29.13,342.66,-82.73,169.26
52.42084,-1.545461,160.34,12.16,3,168.93,20 / 21,689409,2019-09-06 19:31:35:152,1.5416,0.9019,10.2239,0.02,-0.0276,9.8065,-0.0904,-0.0826,0.0726,-2.94,-33.69,29.13,339.52,-82.74,168.54
52.42084,-1.545461,160.34,12.16,3,168.93,20 / 21,689510,2019-09-06 19:31:35:253,0.7707,3.1626,8.8403,0.0113,-0.0277,9.8065,0.1706,-0.0078,0.0352,-2.81,-33.56,29.31,336.66,-82.69,166.12
52.42084,-1.545461,160.34,12.16,3,168.93,20 / 21,689609,2019-09-06 19:31:35:352,1.0764,2.686,10.7179,-0.0089,-0.0266,9.8065,0.0905,0.002,-0.024,-3.25,-33.81,29.19,337.38,-82.47,166.84
52.42084,-1.545461,160.34,12.16,3,168.93,20 / 21,689710,2019-09-06 19:31:35:453,-2.9916,2.7817,9.7434,-0.0116,-0.0099,9.8065,0.1552,0.1364,-0.0406,-3.62,-33.5,29.38,338,-82.56,169.16
52.42084,-1.545461,160.34,12.16,3,168.93,20 / 21,689809,2019-09-06 19:31:35:552,2.0021,0.1424,11.2052,-0.0081,0.014,9.8066,0.262,0.026,-0.0377,-3.44,-34.06,30,339.8,-82.48,168.6
52.42084,-1.545461,160.34,12.16,3,168.93,20 / 21,689910,2019-09-06 19:31:35:653,-0.0523,0.4113,10.7416,-0.0158,-0.0782,9.8063,-0.1014,0.0417,0.0566,-3.69,-33.25,30.63,342.93,-81.95,172.93
52.42084,-1.545461,160.34,12.16,3,168.93,20 / 21,690009,2019-09-06 19:31:35:752,-0.2417,1.8131,9.7221,-0.0167,-0.0247,9.8066,-0.0054,0.099,-0.0107,-3.12,-33.25,30.69,347.71,-81.85,175.19
52.42084,-1.545461,160.34,12.16,3,168.93,20 / 21,690109,2019-09-06 19:31:35:852,1.6223,1.686,8.8588,0.0037,-0.0266,9.8066,-0.1154,0.01,0.0279,-3.56,-32.94,30.06,344.39,-81.9,174.5
52.42084,-1.545461,160.34,12.16,3,168.93,20 / 21,690214,2019-09-06 19:31:35:957,0.8391,1.1882,8.9919,-0.0131,0.0084,9.8066,-0.157,0.0972,-0.1069,-3.5,-33.31,29.81,347.46,-82.21,175.13
52.42084,-1.545461,160.34,12.16,3,168.93,20 / 21,690309,2019-09-06 19:31:36:052,0.6092,3.8682,9.6941,-0.0358,0.0923,9.8061,-0.2667,0.1356,0.1015,-4.25,-33.75,29.56,345.95,-83.21,175.49
52.42084,-1.545461,160.34,12.16,3,168.93,20 / 21,690409,2019-09-06 19:31:36:152,0.4483,0.9144,11.2906,-0.0102,0.0377,9.8065,0.1857,0.0882,-0.1307,-4.56,-33.31,29.25,341.88,-83.19,174.15
52.42084,-1.545461,160.34,12.16,3,168.93,20 / 21,690510,2019-09-06 19:31:36:253,1.226,2.1415,10.3083,0.0527,-0.0281,9.8064,-0.0283,0.1984,-0.034,-4.75,-33.06,29.88,340.06,-83.22,172.15
52.42084,-1.545461,160.34,12.16,3,168.93,20 / 21,690610,2019-09-06 19:31:36:353,3.1131,0.6676,9.5691,0.0453,-0.0737,9.8062,-0.1641,0.185,0.0244,-4.69,-33.12,30,334.99,-82.42,168.12
52.42084,-1.545461,160.34,12.16,3,168.93,20 / 21,690710,2019-09-06 19:31:36:453,0.5217,4.1607,9.8413,0.0041,0.0456,9.8065,0.2645,0.1677,-0.0253,-4.81,-33,30.75,336.11,-82.13,168.82
52.42084,-1.545461,160.34,12.16,3,168.93,20 / 21,690809,2019-09-06 19:31:36:552,0.1787,2.6886,11.2021,-0.0276,0.0457,9.8065,0.0787,0.3593,-0.0958,-5.56,-33.12,30.56,333.4,-82.26,168.19
52.42084,-1.545461,160.34,12.16,3,168.93,20 / 21,690910,2019-09-06 19:31:36:653,0.9281,3.8162,9.3095,0.0284,-0.0915,9.8061,0.0335,0.365,-0.1784,-6.19,-32.87,31.06,332.24,-82.22,167.2
52.42084,-1.545461,160.34,12.16,3,168.93,20 / 21,691009,2019-09-06 19:31:36:752,-0.208,0.6055,9.6466,0.0175,-0.0402,9.8065,0.2078,0.1638,0.0667,-6,-32.5,31.69,332.31,-81.84,166.89
52.42084,-1.545461,160.34,12.16,3,168.93,20 / 21,691109,2019-09-06 19:31:36:852,3.6624,2.7356,9.1024,0.0154,-0.0149,9.8066,-0.1781,0.1983,0.0764,-7.06,-33.12,30.5,329.77,-81.51,167.21
52.42084,-1.545461,160.34,12.16,3,168.93,20 / 21,691210,2019-09-06 19:31:36:953,1.47,2.3108,9.7695,-0.0127,-0.0154,9.8065,-0.1836,0.3416,-0.0624,-7.06,-32.5,31.31,330.32,-81.56,167.52
52.42084,-1.545461,160.34,12.16,3,168.93,20 / 21,691310,2019-09-06 19:31:37:053,1.2431,3.9782,10.0675,0.0063,-0.0155,9.8065,0.2521,0.2714,-0.009,-7.5,-33.56,30.94,330.35,-81.68,167.74
52.42084,-1.545461,160.34,12.16,3,168.93,20 / 21,691410,2019-09-06 19:31:37:153,0.3106,3.9331,9.8956,-0.031,0.0668,9.8063,0.144,0.3254,-0.0812,-7.87,-33,30.56,329.87,-81.69,168.91
52.42084,-1.545461,160.34,12.16,3,168.93,20 / 21,691509,2019-09-06 19:31:37:252,0.3467,2.7699,10.2382,-0.0091,0.0522,9.8064,-0.0955,0.4363,-0.1842,-8.56,-33.25,30.94,326.67,-82.13,167.53
52.42084,-1.545461,160.34,12.16,3,168.93,20 / 21,691609,2019-09-06 19:31:37:352,1.0904,2.6427,10.1582,0.0371,-0.0423,9.8064,-0.0055,0.3778,-0.0357,-9.06,-32.81,30.25,324.11,-81.7,166.22
52.42084,-1.545461,160.34,12.16,3,168.93,20 / 21,691709,2019-09-06 19:31:37:452,1.2104,2.7559,9.8197,0.0263,-0.0234,9.8065,-0.0187,0.5064,-0.13,-9.5,-33.37,29.75,322.88,-81.63,165.21
52.42084,-1.545461,160.34,12.16,3,168.93,20 / 21,691810,2019-09-06 19:31:37:553,3.7585,2.1479,10.0212,0.0486,-0.0256,9.8065,-0.1889,0.3928,-0.0234,-10.25,-33.62,30,316.92,-81.38,162.03
52.42084,-1.545461,160.34,12.16,3,168.93,20 / 21,691909,2019-09-06 19:31:37:652,2.7513,3.9685,9.8291,0.0359,-0.0508,9.8064,0.0916,0.4954,-0.1079,-10.12,-33,29.38,315.71,-81.34,161.6
52.42084,-1.545461,160.34,12.16,3,168.93,20 / 21,692009,2019-09-06 19:31:37:752,0.6761,0.0502,9.7746,-0.0014,0.0161,9.8066,0.0688,0.3904,0.062,-11.87,-32.75,29.44,311.99,-81.33,161.6
52.42084,-1.545461,160.34,12.16,3,168.93,20 / 21,692110,2019-09-06 19:31:37:853,2.0954,3.4649,10.2969,-0.0213,-0.0128,9.8066,0.0349,0.3478,-0.0355,-12.12,-33.69,28.56,312.91,-81.3,162.66
52.42084,-1.545461,160.34,12.16,3,168.93,20 / 21,692210,2019-09-06 19:31:37:953,2.294,2.1238,10.341,0.0182,-0.0327,9.8065,0.0232,0.4991,-0.0571,-12.81,-33,28.31,311.27,-81.03,163.77
52.42084,-1.545461,160.34,12.16,3,168.93,20 / 21,692310,2019-09-06 19:31:38:053,1.1704,2.2134,9.6059,0.0021,-0.034,9.8065,0.0416,0.4453,-0.032,-13.87,-32.87,28.25,310.46,-80.87,164.76
52.42004,-1.545285,157.37,5.27,2,142.71,20 / 21,692410,2019-09-06 19:31:38:153,1.2654,3.0115,9.4893,-0.0384,-0.0432,9.8064,0.0283,0.4262,0.0126,-14.44,-32.81,28.31,314.31,-80.87,168.16
52.42004,-1.545285,157.37,5.27,2,142.71,20 / 21,692510,2019-09-06 19:31:38:253,0.9237,2.034,10.0625,0.0053,-0.0088,9.8066,0.0442,0.3913,-0.0385,-15.19,-33.25,28.06,314.7,-80.81,170.06
52.42004,-1.545285,157.37,5.27,2,142.71,20 / 21,692610,2019-09-06 19:31:38:353,1.6067,1.819,10.5309,-0.0002,-0.0045,9.8066,0.0678,0.5331,-0.094,-16.06,-32.44,26.31,311.13,-80.69,170.51
52.42004,-1.545285,157.37,5.27,2,142.71,20 / 21,692710,2019-09-06 19:31:38:453,0.6421,1.6427,10.2579,-0.0134,0.0073,9.8066,-0.1327,0.4649,-0.0812,-16.62,-32.69,26.13,309.13,-80.68,170.41
52.42004,-1.545285,157.37,5.27,2,142.71,20 / 21,692810,2019-09-06 19:31:38:553,0.5488,2.9368,9.3903,0.0062,-0.0005,9.8066,-0.1827,0.4051,-0.004,-17,-33.25,25.56,309.73,-80.61,171.01
52.42004,-1.545285,157.37,5.27,2,142.71,20 / 21,692910,2019-09-06 19:31:38:653,0.5198,2.851,9.2526,-0.0424,0.0183,9.8065,0.1117,0.4072,0.0029,-18.19,-33.69,24.56,307.37,-80.63,171.78
52.42004,-1.545285,157.37,5.27,2,142.71,20 / 21,693009,2019-09-06 19:31:38:752,1.0257,2.4848,9.0046,-0.0309,0.0053,9.8065,-0.0061,0.4416,-0.087,-18.44,-33.37,24.56,309.85,-80.92,173.48
52.42004,-1.545285,157.37,5.27,2,142.71,20 / 21,693110,2019-09-06 19:31:38:853,1.7098,1.5004,9.6496,-0.0183,0.0149,9.8065,-0.0303,0.4051,0.0254,-18.31,-33.56,24.81,310.21,-80.95,173.99
52.42004,-1.545285,157.37,5.27,2,142.71,20 / 21,693210,2019-09-06 19:31:38:953,1.6922,1.1455,10.5331,0.0084,-0.0196,9.8066,-0.0412,0.4029,-0.0867,-19.62,-33.87,23.38,305.17,-80.88,174.9
52.42004,-1.545285,157.37,5.27,2,142.71,20 / 21,693310,2019-09-06 19:31:39:053,1.2271,1.4242,10.2695,0.0155,0.0078,9.8066,-0.0553,0.4275,-0.1235,-19.62,-33.94,22.25,303.13,-80.97,174.45
52.42004,-1.545285,157.37,5.27,2,142.71,20 / 21,693410,2019-09-06 19:31:39:153,1.9232,1.8944,9.7775,0.0087,0.0168,9.8066,-0.0507,0.4486,-0.1376,-20,-34.31,21.69,301.44,-81.12,172.76
52.42004,-1.545285,157.37,5.27,2,142.71,20 / 21,693509,2019-09-06 19:31:39:252,1.3332,2.47,9.3997,0.0232,0.005,9.8066,0.017,0.4635,-0.0669,-19.56,-34.31,20.63,297.44,-81.07,170.72
52.42004,-1.545285,157.37,5.27,2,142.71,20 / 21,693610,2019-09-06 19:31:39:353,1.9915,1.9272,9.9152,-0.004,0.0077,9.8066,0.0532,0.4815,-0.0901,-20.69,-35.44,20.31,292.91,-80.97,169.72
52.42004,-1.545285,157.37,5.27,2,142.71,20 / 21,693709,2019-09-06 19:31:39:452,1.5688,2.1143,9.7329,0.0034,0.0062,9.8066,0.0459,0.4519,-0.0778,-20.56,-34.62,19.63,292.33,-80.76,169.43
52.42004,-1.545285,157.37,5.27,2,142.71,20 / 21,693809,2019-09-06 19:31:39:552,1.5699,1.8789,10.0342,0.0022,-0.0085,9.8066,0.0553,0.4311,-0.073,-21.06,-34.62,19.44,291.16,-80.55,170.33
52.42004,-1.545285,157.37,5.27,2,142.71,20 / 21,693909,2019-09-06 19:31:39:652,1.5111,1.5741,10.3014,0.021,-0.0145,9.8065,-0.0536,0.5171,-0.0398,-20.94,-34.25,18.81,292.06,-80.41,171.02
52.42004,-1.545285,157.37,5.27,2,142.71,20 / 21,694009,2019-09-06 19:31:39:752,1.2466,2.3021,10.1894,0.0203,-0.012,9.8066,-0.0286,0.4622,0.0272,-21.25,-34.44,17.06,288.15,-80.31,171.16
52.42004,-1.545285,157.37,5.27,2,142.71,20 / 21,694110,2019-09-06 19:31:39:853,1.122,1.771,9.8192,0.0012,-0.0195,9.8066,-0.0176,0.4895,-0.0966,-21.37,-35.06,16.75,288.78,-80.13,172.35
52.42004,-1.545285,157.37,5.27,2,142.71,20 / 21,694210,2019-09-06 19:31:39:953,0.6856,2.023,9.881,-0.0064,0.0081,9.8066,0.023,0.4272,-0.0496,-22,-34.87,15.56,285.77,-80.23,172.26
52.42004,-1.545285,157.37,5.27,2,142.71,20 / 21,694309,2019-09-06 19:31:40:052,1.3391,2.4961,9.9675,-0.0028,0.0016,9.8066,0.006,0.4263,-0.0441,-22.56,-35.06,14.94,282.76,-80.19,172.23
52.42004,-1.545285,157.37,5.27,2,142.71,20 / 21,694409,2019-09-06 19:31:40:152,1.4159,2.4154,9.5599,0.0136,-0.006,9.8066,-0.0887,0.465,-0.0108,-22.12,-35.69,14.06,280.44,-80.03,171.92
52.42004,-1.545285,157.37,5.27,2,142.71,20 / 21,694510,2019-09-06 19:31:40:253,0.8647,2.2783,9.9664,-0.0349,-0.0054,9.8065,0.1617,0.4167,-0.0417,-21.75,-34.87,13.19,279.39,-79.99,172.75
52.42004,-1.545285,157.37,5.27,2,142.71,20 / 21,694609,2019-09-06 19:31:40:352,1.0876,2.0186,10.0438,-0.0298,-0.0028,9.8066,0.1251,0.4307,-0.029,-22.81,-35.56,12.13,276.98,-79.94,173.67
52.42004,-1.545285,157.37,5.27,2,142.71,20 / 21,694710,2019-09-06 19:31:40:453,1.7096,1.2501,9.7828,0.0292,-0.023,9.8066,-0.0904,0.3867,-0.0316,-22.19,-35.87,11.44,276.68,-80.04,175
52.42004,-1.545285,157.37,5.27,2,142.71,20 / 21,694809,2019-09-06 19:31:40:552,1.048,0.9677,9.9693,0.0274,-0.0071,9.8066,-0.0793,0.3516,-0.0434,-22.37,-35.44,11.44,277.83,-79.86,175.98
52.42004,-1.545285,157.37,5.27,2,142.71,20 / 21,694910,2019-09-06 19:31:40:653,0.3358,1.9864,9.4813,-0.0261,0.0116,9.8066,0.0536,0.3518,-0.0515,-22.69,-34.94,10.44,274.69,-79.83,175.71
52.42004,-1.545285,157.37,5.27,2,142.71,20 / 21,695009,2019-09-06 19:31:40:752,0.552,1.4792,9.959,-0.0241,0.0056,9.8066,0.0596,0.3305,-0.0032,-22.62,-35.37,9.69,274.37,-79.95,175.21
52.42004,-1.545285,157.37,5.27,2,142.71,20 / 21,695109,2019-09-06 19:31:40:852,1.2178,0.568,10.1497,-0.0119,-0.0035,9.8066,-0.0249,0.2821,-0.0955,-22.12,-34.94,8.94,272.53,-79.92,175.48
52.42004,-1.545285,157.37,5.27,2,142.71,20 / 21,695209,2019-09-06 19:31:40:952,-0.0278,1.2173,9.9783,0.0068,-0.0036,9.8066,-0.0239,0.1842,-0.0462,-22.87,-35.31,8.19,270,-79.93,175.61
52.42004,-1.545285,157.37,5.27,2,142.71,20 / 21,695310,2019-09-06 19:31:41:053,0.8329,0.7601,10.0681,-0.0052,0.0007,9.8066,0.0432,0.1516,0.002,-22.5,-35.19,7.94,270.5,-79.89,175.99
52.42004,-1.545285,157.37,5.27,2,142.71,20 / 21,695410,2019-09-06 19:31:41:153,0.7746,0.2575,10.2444,0.0016,-0.0016,9.8066,0.0992,0.1744,0.0088,-22.37,-35.37,8.75,272.98,-79.83,176.08
52.42004,-1.545285,157.37,5.27,2,142.71,20 / 21,695510,2019-09-06 19:31:41:253,2.0892,-0.2644,10.0536,0.0373,0.0132,9.8066,-0.1769,0.1782,-0.1092,-22.69,-35.25,8.63,272.46,-79.74,175.97
52.42004,-1.545285,157.37,5.27,2,142.71,20 / 21,695609,2019-09-06 19:31:41:352,0.1787,0.0892,10.277,0.0391,0.0172,9.8065,-0.0878,0.0984,0.0316,-21.56,-34.81,7.75,268.86,-79.6,174.79
52.42004,-1.545285,157.37,5.27,2,142.71,20 / 21,695710,2019-09-06 19:31:41:453,0.389,1.3271,9.6799,-0.0174,0.0317,9.8066,0.1089,0.1691,-0.1074,-21.25,-36,7.69,266.25,-79.11,173.23
52.42004,-1.545285,157.37,5.27,2,142.71,20 / 21,695809,2019-09-06 19:31:41:552,-0.0229,1.0036,9.3869,-0.0003,0.0011,9.8066,-0.006,0.0996,-0.0041,-20.94,-35.44,6.75,262.49,-78.96,171.72
52.42004,-1.545285,157.37,5.27,2,142.71,20 / 21,695910,2019-09-06 19:31:41:653,-0.3725,0.5985,9.6946,-0.0037,-0.0039,9.8066,0.0645,0.0942,0.078,-20.75,-35.25,7.13,262.65,-78.9,171.98
52.42004,-1.545285,157.37,5.27,2,142.71,20 / 21,696010,2019-09-06 19:31:41:753,0.627,-0.2308,10.2994,0.0066,-0.0159,9.8066,-0.0275,0.0905,-0.0655,-21.31,-36.12,6.13,261.01,-78.98,173.37
52.42004,-1.545285,157.37,5.27,2,142.71,20 / 21,696109,2019-09-06 19:31:41:852,0.3656,0.7086,10.2878,-0.0359,0.0037,9.8066,0.0274,0.0414,0.0344,-20.94,-34.87,6.13,261.65,-79.29,173.01
52.42004,-1.545285,157.37,5.27,2,142.71,20 / 21,696209,2019-09-06 19:31:41:952,-0.2059,-0.2276,10.1169,0.0243,-0.0006,9.8066,-0.001,0.0363,0.0163,-21.56,-35.5,6.44,262.35,-79.42,173.46
52.42004,-1.545285,157.37,5.27,2,142.71,20 / 21,696310,2019-09-06 19:31:42:053,0.2293,0.8619,9.6633,0.0168,0.0017,9.8066,0.0029,-0.0354,0.0296,-21.19,-35.69,5.38,259.17,-79.32,173.57
52.42004,-1.545285,157.37,5.27,2,142.71,20 / 21,696410,2019-09-06 19:31:42:153,0.0001,0.062,9.9169,0.0049,-0.0021,9.8066,-0.0973,0.0624,0.0001,-21.37,-35.62,5.94,262.33,-79.18,174.45
52.42004,-1.545285,157.37,5.27,2,142.71,20 / 21,696510,2019-09-06 19:31:42:253,0.1835,0.0459,9.585,0.0168,0.0017,9.8065,0.0698,-0.0498,0.0013,-21.87,-35.12,6.31,262.65,-79.12,174.27
52.42004,-1.545285,157.37,5.27,2,142.71,20 / 21,696610,2019-09-06 19:31:42:353,1.0086,0.0004,9.0474,-0.019,0.01,9.8066,-0.0165,0.0985,-0.0745,-22.37,-35.06,6,262.06,-79.13,173.63
52.42004,-1.545285,157.37,5.27,2,142.71,20 / 21,696709,2019-09-06 19:31:42:452,-0.4695,0.0807,10.2801,-0.0089,0.0028,9.8066,0.037,-0.0205,-0.058,-22.81,-35.44,6.38,261.52,-79.09,173.04
52.42004,-1.545285,157.37,5.27,2,142.71,20 / 21,696810,2019-09-06 19:31:42:553,0.0013,0.327,10.079,0.012,0.0147,9.8066,0.0104,0.0965,-0.1008,-22.69,-34.12,7.94,266.4,-78.98,172.9
52.42004,-1.545285,157.37,5.27,2,142.71,20 / 21,696910,2019-09-06 19:31:42:653,1.0554,-0.2593,9.7887,0.032,0.0052,9.8065,-0.0361,0.0307,0.0062,-21.25,-33.56,7.81,264.84,-78.87,171.12
52.42004,-1.545285,157.37,5.27,2,142.71,20 / 21,697010,2019-09-06 19:31:42:753,0.2955,1.2058,9.7371,0.0233,0.0053,9.8065,-0.1021,0.0905,-0.1375,-20.5,-33.12,6.56,262.13,-78.61,170.78
52.42004,-1.545285,157.37,5.27,2,142.71,20 / 21,697110,2019-09-06 19:31:42:853,-1.1684,0.2131,10.252,0.0081,0.0151,9.8065,0.0722,0.1115,0.0181,-19.75,-33.56,6.56,260.86,-78.62,169.97
52.42004,-1.545285,157.37,5.27,2,142.71,20 / 21,697210,2019-09-06 19:31:42:953,-0.9821,0.8711,10.2635,-0.0157,0.0009,9.8066,0.0374,0.0164,-0.0169,-19.87,-34.69,4.38,252.18,-78.79,169.41
52.42004,-1.545285,157.37,5.27,2,142.71,20 / 21,697309,2019-09-06 19:31:43:052,-1.1359,1.3963,10.0872,-0.0175,-0.0105,9.8066,-0.0201,0.1018,-0.1395,-20.44,-34.69,4.44,252.54,-78.78,169.83
52.42004,-1.545285,157.37,5.27,2,142.71,20 / 21,697410,2019-09-06 19:31:43:153,0.342,-0.2157,9.6675,0.0145,-0.0045,9.8066,-0.0119,0.0515,0.137,-21.69,-34.87,4.75,255.22,-78.71,169.55
52.42004,-1.545285,157.37,5.27,2,142.71,20 / 21,697509,2019-09-06 19:31:43:252,-0.766,0.0807,9.8038,0.0231,-0.0185,9.8065,0.0546,0.0016,-0.0035,-22.19,-33.94,5.25,256.98,-78.58,171.16
52.42004,-1.545285,157.37,5.27,2,142.71,20 / 21,697610,2019-09-06 19:31:43:353,-0.3113,-0.0716,10.2885,-0.0075,-0.0114,9.8065,-0.0353,0.0466,-0.0484,-21.81,-34.69,5.69,259.69,-78.56,172.01
52.42004,-1.545285,157.37,5.27,2,142.71,20 / 21,697710,2019-09-06 19:31:43:453,-0.7352,-0.3615,9.498,-0.0151,-0.003,9.8066,0.1099,0.0896,0.0527,-21.62,-34.5,5.81,260.29,-78.56,172.14
52.42004,-1.545285,157.37,5.27,2,142.71,20 / 21,697809,2019-09-06 19:31:43:552,0.1441,-0.2869,9.5299,-0.0112,-0.0111,9.8066,0.0419,-0.0141,0.029,-21.81,-35.37,5.63,260.8,-78.45,173.39
52.42004,-1.545285,157.37,5.27,2,142.71,20 / 21,697909,2019-09-06 19:31:43:652,1.6726,-1.1051,9.9048,-0.0309,-0.0121,9.8065,-0.1426,0.0223,-0.0171,-20.75,-34.81,5.88,261.19,-78.56,173.75
52.42004,-1.545285,157.37,5.27,2,142.71,20 / 21,698010,2019-09-06 19:31:43:753,0.0886,-0.3069,9.8648,0.0298,0.0029,9.8065,-0.0029,0.021,0.0483,-21,-35.69,5.81,260.65,-78.5,173.83
52.42004,-1.545285,157.37,5.27,2,142.71,20 / 21,698110,2019-09-06 19:31:43:853,0.4046,-0.1157,10.0257,0.0241,-0.002,9.8066,-0.0383,-0.0317,0.0226,-20.19,-36.19,5.31,257.6,-78.25,174.06
52.42004,-1.545285,157.37,5.27,2,142.71,20 / 21,698217,2019-09-06 19:31:43:960,0.0002,-0.2852,10.1713,0.0189,-0.01,9.8066,-0.0947,-0.009,-0.0399,-20.87,-35.87,5.44,258.4,-78.12,174.84
52.42004,-1.545285,157.37,5.27,2,142.71,20 / 21,698309,2019-09-06 19:31:44:052,0.2731,-0.8502,10.1869,-0.0097,-0.0113,9.8065,0.0206,0.0442,0.0513,-20.94,-35.69,5.31,258.05,-78.05,174.57
52.42004,-1.545285,157.37,5.27,2,142.71,20 / 21,698410,2019-09-06 19:31:44:153,0.7185,0.8673,10.2768,0.0096,0.0031,9.8066,0.0204,0.0391,0.0142,-21.06,-35.75,5.81,261.18,-78,175.29
52.42004,-1.545285,157.37,5.27,2,142.71,20 / 21,698510,2019-09-06 19:31:44:253,-0.1116,-0.0621,10.0811,0.0208,0.0026,9.8066,-0.0447,0.0221,0.0053,-20.62,-35.37,5.75,261.56,-77.81,175.44
52.42004,-1.545285,157.37,5.27,2,142.71,20 / 21,698609,2019-09-06 19:31:44:352,-0.1647,-0.2611,9.9683,0.0557,-0.0043,9.8064,-0.0894,0.0402,0.0356,-21.31,-35.62,5.88,261.07,-77.58,175.91
52.42004,-1.545285,157.37,5.27,2,142.71,20 / 21,698710,2019-09-06 19:31:44:453,0.3211,0.3959,9.8135,-0.0175,-0.0118,9.8066,0.1225,-0.0085,0.0877,-21.37,-35.25,5.19,259.87,-77.64,176.7
52.42004,-1.545285,157.37,5.27,2,142.71,20 / 21,698810,2019-09-06 19:31:44:553,-1.575,-1.0379,10.1616,0.0009,-0.0121,9.8065,0.0747,-0.0099,-0.0009,-21.87,-35.12,6.19,262.96,-77.42,177.39
52.42004,-1.545285,157.37,5.27,2,142.71,20 / 21,698910,2019-09-06 19:31:44:653,0.4188,0.3564,9.4544,0.0083,-0.0014,9.8066,-0.1283,-0.008,-0.023,-21.69,-35.19,5.88,262.88,-77.2,177.67
52.42004,-1.545285,157.37,5.27,2,142.71,20 / 21,699010,2019-09-06 19:31:44:753,-0.3051,-1.7351,9.4794,0.04,-0.0062,9.8065,-0.1558,-0.064,0.0763,-21.56,-34.62,6.13,262.76,-76.9,178.06
52.42004,-1.545285,157.37,5.27,2,142.71,20 / 21,699109,2019-09-06 19:31:44:852,-2.0865,0.0334,9.799,-0.0689,-0.0098,9.8064,0.2043,-0.0449,-0.0045,-21,-34.19,5.38,261.23,-77.1,178.49
52.42004,-1.545285,157.37,5.27,2,142.71,20 / 21,699209,2019-09-06 19:31:44:952,1.099,-0.0602,9.8149,-0.0894,-0.0215,9.8062,0.1147,0.0516,0.0481,-22.12,-33.44,6.19,265.16,-77.17,178.95
52.42004,-1.545285,157.37,5.27,2,142.71,20 / 21,699310,2019-09-06 19:31:45:053,-0.0513,0.4396,9.9926,0.0269,0.0167,9.8066,-0.0376,-0.0284,-0.0189,-21.87,-33.75,6.06,264.17,-76.97,178.83
52.42004,-1.545285,157.37,5.27,2,142.71,20 / 21,699410,2019-09-06 19:31:45:153,1.3449,-0.9458,10.0429,0.0251,0.0079,9.8065,-0.0375,-0.1581,0.0828,-21.94,-34.25,6.13,263.53,-76.93,178.22
52.42004,-1.545285,157.37,5.27,2,142.71,20 / 21,699509,2019-09-06 19:31:45:252,-0.3585,-1.1209,9.7223,0.009,0.0107,9.8066,0.1283,-0.0084,-0.0432,-21.62,-34.56,6.38,262.92,-76.86,178.29
52.42004,-1.545285,157.37,5.27,2,142.71,20 / 21,699610,2019-09-06 19:31:45:353,0.1692,-0.2992,10.0756,0.0182,0.0006,9.8066,0.0853,-0.0263,-0.0103,-21.94,-35.69,6.44,261.87,-76.65,178.15
52.42004,-1.545285,157.37,5.27,2,142.71,20 / 21,699709,2019-09-06 19:31:45:452,-0.1966,-0.3877,9.6272,-0.0339,-0.0013,9.8065,0.1055,-0.066,0.0266,-21.62,-34.81,6.25,262.32,-76.77,177.8
52.42004,-1.545285,157.37,5.27,2,142.71,20 / 21,699810,2019-09-06 19:31:45:553,0.5845,-1.2034,10.2893,-0.0308,0.0002,9.8065,0.0663,-0.0692,-0.0311,-21.75,-35.06,6.5,264.56,-76.7,177.65
52.42004,-1.545285,157.37,5.27,2,142.71,20 / 21,699910,2019-09-06 19:31:45:653,0.8833,-0.3614,9.8814,0.037,0.0023,9.8065,-0.06,-0.0742,0.0671,-21.75,-35.19,6.44,261.5,-76.39,177.55
52.42004,-1.545285,157.37,5.27,2,142.71,20 / 21,700009,2019-09-06 19:31:45:752,-0.2543,-1.7225,10.4194,-0.0134,0.005,9.8066,-0.0875,-0.0243,-0.0206,-22.06,-35,7.13,263.96,-76.4,177.53
52.42004,-1.545285,157.37,5.27,2,142.71,20 / 21,700110,2019-09-06 19:31:45:853,-0.7029,-0.7873,9.5901,-0.0025,0.0032,9.8066,0.118,-0.0515,-0.0066,-22.44,-33.94,7.19,264.27,-76.47,177.09
52.42004,-1.545285,157.37,5.27,2,142.71,20 / 21,700209,2019-09-06 19:31:45:952,0.3011,-1.0151,9.7702,0.0005,-0.0084,9.8065,0.0809,-0.0751,0.005,-22.75,-34.37,6.81,264.54,-76.44,177.31
52.42004,-1.545285,157.37,5.27,2,142.71,20 / 21,700309,2019-09-06 19:31:46:052,0.074,-0.7983,10.3701,-0.0052,0.0017,9.8066,-0.0311,-0.0661,0.0215,-23,-34.25,6.88,264.61,-76.44,177.37
52.42004,-1.545285,157.37,5.27,2,142.71,19 / 21,700410,2019-09-06 19:31:46:153,0.0896,-0.2682,9.3111,-0.017,0.0015,9.8065,-0.0797,-0.0323,-0.0068,-22.69,-34.56,6.75,264.08,-76.45,177.4
52.42004,-1.545285,157.37,5.27,2,142.71,19 / 21,700510,2019-09-06 19:31:46:253,-1.1372,-1.3414,9.2968,0.01,0.0027,9.8066,0.1249,-0.0344,-0.0207,-22.56,-34.62,7.38,263.91,-76.39,177.32
52.42004,-1.545285,157.37,5.27,2,142.71,19 / 21,700609,2019-09-06 19:31:46:352,0.3417,-0.2278,9.0806,0.0216,0.0047,9.8066,-0.0915,-0.0445,0.0096,-22.12,-35.19,7.44,263.35,-76.23,177.15
52.42004,-1.545285,157.37,5.27,2,142.71,19 / 21,700710,2019-09-06 19:31:46:453,1.1404,-0.5321,10.0312,-0.0468,-0.0031,9.8064,0.0547,-0.0295,-0.0361,-22.69,-34.94,8,265.71,-76.16,177.08
52.42004,-1.545285,157.37,5.27,2,142.71,19 / 21,700809,2019-09-06 19:31:46:552,0.2301,-0.8188,10.2664,-0.0448,0.0082,9.8065,0.0805,-0.0716,-0.0396,-21.81,-34.37,7.69,266.16,-76.45,176.51
52.42004,-1.545285,157.37,5.27,2,142.71,19 / 21,700909,2019-09-06 19:31:46:652,0.2709,-0.8146,10.654,0.0277,0.0077,9.8065,-0.0349,-0.0646,0.0072,-22.37,-35.44,7.94,264.64,-76.28,175.8
52.42004,-1.545285,157.37,5.27,2,142.71,19 / 21,701010,2019-09-06 19:31:46:753,0.4362,-0.425,9.8654,0.0132,0.0198,9.8066,-0.0023,-0.0448,-0.0336,-22.06,-34.62,7.44,261.36,-76.25,174.96
52.42004,-1.545285,157.37,5.27,2,142.71,19 / 21,701110,2019-09-06 19:31:46:853,-0.0363,-0.0945,9.6224,-0.0086,0.009,9.8066,0.055,-0.023,-0.0198,-21.75,-36,7.88,262.36,-76.12,174.26
52.42004,-1.545285,157.37,5.27,2,142.71,19 / 21,701209,2019-09-06 19:31:46:952,-0.1233,-0.703,9.5632,-0.0272,0.0123,9.8065,0.0415,0.0014,-0.0184,-22.56,-35.44,7.56,262.38,-76.19,173.47
52.42004,-1.545285,157.37,5.27,2,142.71,19 / 21,701310,2019-09-06 19:31:47:053,-0.7239,-0.5396,9.8662,-0.0071,0.0136,9.8065,-0.089,-0.0061,0.0013,-21.87,-35.37,7.56,262.23,-76.32,173.14
52.420227,-1.544377,155.79,10.56,3,64.15,20 / 21,701409,2019-09-06 19:31:47:152,-0.8965,0.2165,9.9164,0.0061,0.0112,9.8066,-0.1179,-0.0076,-0.0274,-22.31,-35.62,7.94,260.97,-76.44,172.21
52.420227,-1.544377,155.79,10.56,3,64.15,20 / 21,701510,2019-09-06 19:31:47:253,-0.844,0.1521,9.4487,-0.0091,0.0004,9.8065,0.0032,-0.0349,0.0158,-21.94,-35.5,7.81,261.21,-76.37,171.96
52.420227,-1.544377,155.79,10.56,3,64.15,20 / 21,701609,2019-09-06 19:31:47:352,-0.1682,-0.1391,10.1978,0.0168,0.0014,9.8065,-0.0109,0.0236,0.0015,-22.19,-35.31,8.44,260.89,-76.16,171.95
52.420227,-1.544377,155.79,10.56,3,64.15,20 / 21,701709,2019-09-06 19:31:47:452,-0.6361,-0.9249,10.1092,-0.0137,0.0034,9.8066,0.1147,0.0524,-0.0543,-21.81,-35,8.06,260.68,-76.14,171.75
52.420227,-1.544377,155.79,10.56,3,64.15,20 / 21,701809,2019-09-06 19:31:47:552,-1.0199,-0.0568,9.9534,-0.0192,-0.0101,9.8066,0.13,-0.0394,0.0338,-21.81,-35.94,7.44,257.95,-76.18,171.96
52.420227,-1.544377,155.79,10.56,3,64.15,20 / 21,701910,2019-09-06 19:31:47:653,0.0083,-0.1621,9.4505,0.0287,-0.0004,9.8066,-0.1716,-0.0672,0.1108,-22.31,-35.69,7.5,260.37,-76.21,171.93
52.420227,-1.544377,155.79,10.56,3,64.15,20 / 21,702009,2019-09-06 19:31:47:752,-0.4872,0.1685,9.5094,0.0141,0.0091,9.8066,-0.1841,0.0836,-0.055,-22.81,-35.37,7.5,260.92,-76.12,171.98
52.420227,-1.544377,155.79,10.56,3,64.15,20 / 21,702109,2019-09-06 19:31:47:852,-0.4777,-0.9847,9.5521,-0.0073,0.0081,9.8066,0.0002,0.0851,-0.1108,-22.56,-35.25,8.31,260.96,-76.22,171.87
52.420227,-1.544377,155.79,10.56,3,64.15,20 / 21,702214,2019-09-06 19:31:47:957,-0.6814,1.4668,9.3915,0.0121,-0.0069,9.8066,0.054,-0.0942,0.1018,-21.69,-34.5,8.63,264.04,-76.25,171.98
52.420227,-1.544377,155.79,10.56,3,64.15,20 / 21,702309,2019-09-06 19:31:48:052,-0.4999,-0.4472,10.3733,-0.0304,-0.0001,9.8066,0.0659,0.0324,-0.038,-21.19,-33.69,8.63,264.17,-76.37,171.83
52.420227,-1.544377,155.79,10.56,3,64.15,20 / 21,702410,2019-09-06 19:31:48:153,-0.6445,0.6095,10.1207,0.0373,0.003,9.8065,0.0261,0.0034,0.0604,-20.19,-33.19,9,264.56,-76.35,171.5
52.420227,-1.544377,155.79,10.56,3,64.15,20 / 21,702509,2019-09-06 19:31:48:252,0.4413,0.3596,9.9455,0.0469,0.0001,9.8064,-0.1084,-0.0276,-0.0097,-20,-34.69,8.19,260.78,-76.34,171.64
52.420227,-1.544377,155.79,10.56,3,64.15,20 / 21,702609,2019-09-06 19:31:48:352,-0.8349,-1.1665,9.9314,0.0166,-0.0009,9.8065,-0.0374,-0.006,-0.035,-20,-34.94,7.13,258.18,-76.19,171.93
52.420227,-1.544377,155.79,10.56,3,64.15,20 / 21,702709,2019-09-06 19:31:48:452,-1.6782,-0.5294,9.6241,0.0032,0.0027,9.8066,-0.0807,-0.0067,-0.031,-19.44,-35.5,6.81,258.03,-76.28,171.81
52.420227,-1.544377,155.79,10.56,3,64.15,20 / 21,702810,2019-09-06 19:31:48:553,-2.3289,-0.6255,9.8198,-0.0031,-0.0102,9.8066,0.0761,0.0153,0.0485,-21,-36.25,7.31,257.87,-76.33,171.81
52.420227,-1.544377,155.79,10.56,3,64.15,20 / 21,702910,2019-09-06 19:31:48:653,0.2418,-0.1045,9.9347,-0.0185,-0.0017,9.8065,0.1039,0.0221,0.0232,-20.5,-34.31,7.31,259.56,-76.47,172.27
52.420227,-1.544377,155.79,10.56,3,64.15,20 / 21,703010,2019-09-06 19:31:48:753,-1.5119,-0.1166,9.1682,-0.0067,-0.0086,9.8066,0.0104,-0.0323,0.0056,-21,-35.25,7,259.19,-76.39,172.52
52.420227,-1.544377,155.79,10.56,3,64.15,20 / 21,703109,2019-09-06 19:31:48:852,-0.8182,-0.1142,9.6082,-0.0127,-0.0062,9.8066,-0.0146,0.0219,-0.0026,-21.25,-34.81,7,259.37,-76.32,172.83
52.420227,-1.544377,155.79,10.56,3,64.15,20 / 21,703210,2019-09-06 19:31:48:953,-1.6544,0.279,9.6297,0.0101,0.0021,9.8065,0.0877,-0.0286,-0.0142,-21.37,-35.06,7.13,259.57,-76.37,172.96
52.420227,-1.544377,155.79,10.56,3,64.15,20 / 21,703310,2019-09-06 19:31:49:053,-1.2602,-0.5935,10.2465,-0.0154,-0.0046,9.8066,0.0669,0.0172,-0.0271,-21.87,-35.5,6.63,260.25,-76.39,173.51
52.420227,-1.544377,155.79,10.56,3,64.15,20 / 21,703410,2019-09-06 19:31:49:153,-1.1635,-0.3731,9.8967,-0.0265,0.0002,9.8065,-0.017,0.0125,0.0827,-21.94,-34.5,6.88,260.8,-76.44,173.41
52.420227,-1.544377,155.79,10.56,3,64.15,20 / 21,703509,2019-09-06 19:31:49:252,-2.742,-0.5789,9.5038,0.0276,-0.0091,9.8065,-0.1698,0.0214,-0.0125,-22.62,-35.87,7.75,262.34,-76.25,173.92
52.420227,-1.544377,155.79,10.56,3,64.15,20 / 21,703610,2019-09-06 19:31:49:353,-1.9109,-0.8102,9.5764,0.0079,-0.0043,9.8065,0.1629,0.0374,-0.0184,-22.75,-35.19,8,263.17,-76.33,174.08
52.420227,-1.544377,155.79,10.56,3,64.15,20 / 21,703710,2019-09-06 19:31:49:453,-2.5222,-0.5446,9.9318,-0.025,0.003,9.8066,0.1858,-0.0537,0.0752,-22,-35.37,7.56,263.38,-76.41,174.23
52.420227,-1.544377,155.79,10.56,3,64.15,20 / 21,703810,2019-09-06 19:31:49:553,-1.254,-0.9241,9.8289,-0.0272,-0.0122,9.8065,-0.1777,0.0403,0.0262,-21.94,-35,7.31,261.41,-76.62,174.41
52.420227,-1.544377,155.79,10.56,3,64.15,20 / 21,703909,2019-09-06 19:31:49:652,-0.7918,-0.6391,9.23,0.0705,-0.0014,9.8064,-0.1754,0.011,-0.0001,-21.5,-35.94,7.31,260.44,-76.28,174.75
52.420227,-1.544377,155.79,10.56,3,64.15,20 / 21,704009,2019-09-06 19:31:49:752,-1.6435,0.1507,9.4174,0.0652,0.0008,9.8064,0.0841,-0.0648,0.0083,-22,-35.19,7.44,261.34,-76.35,174.78
52.420227,-1.544377,155.79,10.56,3,64.15,20 / 21,704109,2019-09-06 19:31:49:852,-1.5051,-0.2344,9.2648,-0.0333,0.0063,9.8065,-0.0416,0.0069,-0.0814,-21.81,-36,7.44,260.89,-76.58,174.54
52.420227,-1.544377,155.79,10.56,3,64.15,20 / 21,704210,2019-09-06 19:31:49:953,-1.98,-0.9068,9.6498,0.0013,0.0121,9.8066,0.1,0.0657,-0.0162,-21.87,-36.25,7.94,262.66,-76.49,173.96
52.420227,-1.544377,155.79,10.56,3,64.15,20 / 21,704310,2019-09-06 19:31:50:053,-1.486,-0.3486,9.7575,-0.0144,0.0063,9.8066,0.1406,-0.0517,0.0527,-22.19,-36.25,7.38,259.97,-76.49,173.68
52.420227,-1.544377,155.79,10.56,3,64.15,20 / 21,704409,2019-09-06 19:31:50:152,-1.0069,-0.6636,10.3745,-0.027,-0.0049,9.8065,-0.0637,0.0053,-0.0675,-22.31,-35.56,7.75,262.43,-76.61,173.5
52.420227,-1.544377,155.79,10.56,3,64.15,20 / 21,704510,2019-09-06 19:31:50:253,-1.9371,-0.6798,9.8829,0.032,0.0129,9.8066,-0.0424,-0.0397,0.0281,-21.75,-35.44,7.25,259.95,-76.39,173.18
52.420227,-1.544377,155.79,10.56,3,64.15,20 / 21,704609,2019-09-06 19:31:50:352,-1.9675,-0.6969,10.1872,0.0365,-0.0033,9.8065,0.0277,0.0324,-0.0467,-21.62,-35.31,7.69,262.41,-76.29,173.39
52.420227,-1.544377,155.79,10.56,3,64.15,20 / 21,704710,2019-09-06 19:31:50:453,-1.1105,-0.8381,9.2854,-0.0039,0.0061,9.8066,0.0195,-0.0501,0.0498,-21.69,-35.87,7.56,261.58,-76.22,173.24
52.420227,-1.544377,155.79,10.56,3,64.15,20 / 21,704810,2019-09-06 19:31:50:553,-1.9035,-0.5199,9.3946,0.007,-0.0086,9.8066,0.009,-0.0546,-0.011,-22,-35,8.25,262.28,-76.13,173.51
52.420227,-1.544377,155.79,10.56,3,64.15,20 / 21,704910,2019-09-06 19:31:50:653,-1.147,-0.6754,9.3455,-0.0237,-0.0012,9.8066,-0.0194,-0.0162,0.0181,-21.75,-36.37,8.06,261.9,-76.15,173.71
52.420227,-1.544377,155.79,10.56,3,64.15,20 / 21,705010,2019-09-06 19:31:50:753,-1.4384,-1.1544,10.0418,-0.0095,-0.0085,9.8066,-0.0253,0.0155,-0.0113,-21.87,-36.44,8,262.45,-76.4,173.88
52.420227,-1.544377,155.79,10.56,3,64.15,20 / 21,705110,2019-09-06 19:31:50:853,-1.8514,-0.5132,9.8264,-0.0061,0.0002,9.8066,0.0096,0.0014,0.026,-21.44,-36.5,7.5,262.39,-76.52,173.68
52.420227,-1.544377,155.79,10.56,3,64.15,20 / 21,705209,2019-09-06 19:31:50:952,-1.9793,-0.5342,9.4217,-0.0084,-0.0049,9.8066,-0.0028,-0.0365,0.0254,-22.56,-36,7.13,260.39,-76.58,173.8
52.420227,-1.544377,155.79,10.56,3,64.15,20 / 21,705309,2019-09-06 19:31:51:052,-1.8726,-0.6514,9.5072,0.0122,-0.0021,9.8066,-0.0135,-0.0123,0.0017,-22.31,-35.69,7.81,263.03,-76.51,174.32
52.420227,-1.544377,155.79,10.56,3,64.15,20 / 21,705410,2019-09-06 19:31:51:153,-1.237,-0.68,9.817,0.0232,0.0021,9.8066,0.0113,-0.0222,-0.016,-22,-35.56,8.19,262.95,-76.47,174.3
52.420227,-1.544377,155.79,10.56,3,64.15,20 / 21,705509,2019-09-06 19:31:51:252,-1.7271,0.093,9.6644,-0.0165,0,9.8066,0.0015,-0.0119,-0.0189,-22.56,-36.06,8.06,262.98,-76.49,174.24
52.420227,-1.544377,155.79,10.56,3,64.15,20 / 21,705610,2019-09-06 19:31:51:353,-1.3322,-0.219,9.7879,-0.0143,-0.0049,9.8066,0.0336,-0.0107,0.0362,-21.5,-35.44,7.69,263.77,-76.59,174.39
52.420227,-1.544377,155.79,10.56,3,64.15,20 / 21,705710,2019-09-06 19:31:51:453,-1.4771,-0.9962,10.2787,0.0041,-0.0069,9.8066,0.0048,-0.0371,0.0089,-21.94,-36.37,7.88,263.72,-76.59,174.93
52.420227,-1.544377,155.79,10.56,3,64.15,20 / 21,705810,2019-09-06 19:31:51:553,-1.9701,-0.3008,10.3436,-0.0022,-0.0018,9.8066,-0.1009,0.0272,-0.0291,-22.37,-35.87,8.13,263.84,-76.64,174.97
52.420227,-1.544377,155.79,10.56,3,64.15,20 / 21,705910,2019-09-06 19:31:51:653,-1.8095,-0.8137,9.4459,0.0236,-0.0086,9.8066,-0.0519,-0.0028,0.0519,-22.25,-36.62,8.44,263.53,-76.65,175.25
52.420227,-1.544377,155.79,10.56,3,64.15,20 / 21,706010,2019-09-06 19:31:51:753,-2.4376,-0.6752,9.8909,0.0185,0.0021,9.8066,0.106,-0.0045,-0.0176,-22.5,-35.62,8,264.25,-76.65,175.4
52.420227,-1.544377,155.79,10.56,3,64.15,20 / 21,706110,2019-09-06 19:31:51:853,-2.8319,-0.426,9.6323,-0.0213,-0.0048,9.8065,0.1262,-0.004,0.0032,-22.44,-35.25,8.06,264.84,-76.57,175.54
52.420227,-1.544377,155.79,10.56,3,64.15,20 / 21,706209,2019-09-06 19:31:51:952,-0.5893,0.0622,8.6707,-0.0378,-0.0054,9.8065,-0.014,-0.0131,0.0819,-22.62,-35.44,8.88,267.67,-76.65,175.87
52.420227,-1.544377,155.79,10.56,3,64.15,20 / 21,706310,2019-09-06 19:31:52:053,-0.1653,-0.7253,9.668,0.0095,-0.0262,9.8066,0.0587,-0.0096,0.0227,-22.75,-34.81,8.63,268.99,-76.64,177.25
52.420227,-1.544377,155.79,10.56,3,64.15,20 / 21,706409,2019-09-06 19:31:52:152,-1.0806,-0.5911,10.0987,0.0189,-0.0085,9.8066,-0.184,-0.0467,0.0109,-23.44,-34.87,8.25,267.37,-76.97,177.53
52.420227,-1.544377,155.79,10.56,3,64.15,20 / 21,706510,2019-09-06 19:31:52:253,-2.5981,0.2038,9.6621,0.0211,-0.0034,9.8066,-0.1754,0.0187,-0.0017,-23.06,-36.12,7.88,267.52,-77.09,178.05
52.420227,-1.544377,155.79,10.56,3,64.15,20 / 21,706610,2019-09-06 19:31:52:353,-2.127,-0.6584,9.4725,-0.011,-0.0069,9.8065,0.0466,-0.0451,0.0404,-23.19,-34.94,8.63,271.61,-77.46,178.64
52.420227,-1.544377,155.79,10.56,3,64.15,20 / 21,706709,2019-09-06 19:31:52:452,-1.8507,-1.1283,9.2992,0.0354,-0.0086,9.8065,-0.0831,-0.0137,0.0417,-23.12,-35.87,8.69,271.13,-77.18,179.16
52.420227,-1.544377,155.79,10.56,3,64.15,20 / 21,706810,2019-09-06 19:31:52:553,-1.9381,-2.4332,9.3543,-0.0083,-0.0129,9.8066,0.0739,-0.0763,0.0098,-22.75,-34.94,9.63,274.59,-77.1,179.78
52.420227,-1.544377,155.79,10.56,3,64.15,20 / 21,706910,2019-09-06 19:31:52:653,-2.2088,-1.4301,9.5623,-0.0108,0.0013,9.8066,0.0181,-0.1168,0.0468,-23.06,-34.56,9.56,274.92,-77.11,-179.91
52.420227,-1.544377,155.79,10.56,3,64.15,20 / 21,707009,2019-09-06 19:31:52:752,-2.4608,-1.7537,10.2056,-0.024,0.0015,9.8066,0.0017,-0.1381,0.029,-22.75,-34.87,9.44,272.7,-77.19,-179.83
52.420227,-1.544377,155.79,10.56,3,64.15,20 / 21,707109,2019-09-06 19:31:52:852,-2.639,-2.0795,9.7547,-0.0246,0.0077,9.8066,0.0066,-0.2123,0.0126,-22.87,-34.5,9.5,275.84,-77.45,179.96
52.420227,-1.544377,155.79,10.56,3,64.15,20 / 21,707209,2019-09-06 19:31:52:952,-2.5483,-1.8839,9.9136,0.0209,0.0031,9.8066,0.0102,-0.278,0.0467,-23.25,-35.06,10.44,274.55,-77.39,179.29
52.420227,-1.544377,155.79,10.56,3,64.15,20 / 21,707310,2019-09-06 19:31:53:053,-1.7356,-2.6177,9.4545,0.0208,0.0198,9.8065,-0.0306,-0.2532,-0.0072,-23.31,-35.06,10.69,275.88,-77.32,178.35
52.420227,-1.544377,155.79,10.56,3,64.15,19 / 21,707410,2019-09-06 19:31:53:153,-2.1141,-2.3021,9.1928,-0.0063,0.0148,9.8065,0.0576,-0.3052,0.0125,-23.19,-35,11.63,277.12,-77.31,177.29
52.420227,-1.544377,155.79,10.56,3,64.15,19 / 21,707510,2019-09-06 19:31:53:253,-2.0044,-2.7307,9.6737,-0.0045,0.0146,9.8066,-0.0038,-0.3059,0.0279,-23.12,-34.44,12.38,276.93,-77.33,176.55
52.420227,-1.544377,155.79,10.56,3,64.15,19 / 21,707609,2019-09-06 19:31:53:352,-2.1431,-2.6035,10.0763,-0.0064,0.0171,9.8066,0.0239,-0.3592,0.049,-23.5,-33.69,12.94,278.08,-77.45,175.28
52.420227,-1.544377,155.79,10.56,3,64.15,19 / 21,707710,2019-09-06 19:31:53:453,-1.5765,-2.4422,9.3048,-0.0091,0.0267,9.8066,-0.0303,-0.3757,0.003,-23.25,-33.62,13.25,276.97,-77.54,174.05
52.420227,-1.544377,155.79,10.56,3,64.15,19 / 21,707810,2019-09-06 19:31:53:553,-2.16,-2.5139,9.3099,0.0002,0.0146,9.8066,-0.0238,-0.3984,0.0613,-23.06,-34.19,14.38,277.74,-77.71,172.39
52.420227,-1.544377,155.79,10.56,3,64.15,19 / 21,707910,2019-09-06 19:31:53:653,-1.936,-2.7215,9.408,-0.0114,0.0123,9.8066,-0.0416,-0.4725,0.0201,-23.62,-34.06,14.75,278.64,-77.91,171.56
52.420227,-1.544377,155.79,10.56,3,64.15,19 / 21,708009,2019-09-06 19:31:53:752,-2.2172,-2.3071,9.6491,-0.0133,0.0229,9.8066,-0.0271,-0.4686,0.0105,-22.94,-34.31,15.75,280.96,-78.05,170.96
52.420227,-1.544377,155.79,10.56,3,64.15,19 / 21,708109,2019-09-06 19:31:53:852,-2.8908,-2.3478,9.5303,-0.0048,0.0285,9.8065,0.0096,-0.453,0.0055,-22.19,-34.37,16.69,281.96,-78.32,168.82
52.420227,-1.544377,155.79,10.56,3,64.15,19 / 21,708209,2019-09-06 19:31:53:952,-2.3691,-2.2765,9.5616,-0.0154,0.0473,9.8064,0.0156,-0.499,-0.0055,-21.87,-34.87,17.56,280.69,-78.59,165.73
52.420227,-1.544377,155.79,10.56,3,64.15,19 / 21,708310,2019-09-06 19:31:54:053,-1.9275,-2.3664,9.3417,0.0024,0.0466,9.8065,-0.0504,-0.477,-0.0371,-21.37,-34.87,17.69,279.82,-78.59,163.98
52.420227,-1.544377,155.79,10.56,3,64.15,20 / 21,708409,2019-09-06 19:31:54:152,-1.615,-1.5156,9.0816,-0.0082,0.0443,9.8065,-0.0352,-0.4545,0.0266,-21.06,-34.75,18.5,278.01,-78.68,160.2
52.420227,-1.544377,155.79,10.56,3,64.15,20 / 21,708510,2019-09-06 19:31:54:253,-2.4456,-1.8978,9.5947,-0.0099,0.0232,9.8065,-0.0032,-0.5094,0.04,-20.19,-34.69,19.25,276.6,-78.93,157.47
52.420227,-1.544377,155.79,10.56,3,64.15,20 / 21,708610,2019-09-06 19:31:54:353,-1.6013,-1.6893,9.7341,-0.0049,0.0254,9.8066,-0.0023,-0.4816,0.015,-19.56,-34.75,19.69,276.91,-79.14,155.67
52.420227,-1.544377,155.79,10.56,3,64.15,20 / 21,708710,2019-09-06 19:31:54:453,-0.5631,-1.083,10.2045,-0.0299,0.006,9.8065,0.0218,-0.4941,0.1932,-19.81,-34.06,20.75,278.73,-79.48,154.9
52.420227,-1.544377,155.79,10.56,3,64.15,20 / 21,708809,2019-09-06 19:31:54:552,-1.3731,-2.4105,10.0975,-0.0407,-0.0219,9.8065,0.0681,-0.4843,0.1866,-19.62,-34.19,21.5,282.47,-79.76,156.56
52.420227,-1.544377,155.79,10.56,3,64.15,20 / 21,708910,2019-09-06 19:31:54:653,-1.8346,-3.204,10.6947,-0.0194,-0.0352,9.8065,0.0349,-0.4987,0.1337,-19.31,-34.12,22.44,286.88,-79.89,159.44
52.420227,-1.544377,155.79,10.56,3,64.15,20 / 21,709010,2019-09-06 19:31:54:753,-2.0372,-2.5458,10.039,0.0118,-0.0245,9.8066,0.0054,-0.4314,-0.0083,-19.12,-34.19,23,291.93,-79.79,162.76
52.420227,-1.544377,155.79,10.56,3,64.15,20 / 21,709110,2019-09-06 19:31:54:853,-2.6029,-2.7496,9.1058,0.0411,0.0228,9.8065,0.1646,-0.5115,-0.0451,-18.37,-33.87,24.69,293.02,-79.23,160.25
52.420227,-1.544377,155.79,10.56,3,64.15,20 / 21,709210,2019-09-06 19:31:54:953,-1.1603,-1.272,9.8489,0.0443,0.0037,9.8064,0.1771,-0.535,0.0724,-17.31,-33.19,25.5,293.97,-78.7,158.71
52.420227,-1.544377,155.79,10.56,3,64.15,20 / 21,709310,2019-09-06 19:31:55:053,-0.6878,-1.1949,9.548,-0.0006,-0.0143,9.8066,0.1401,-0.4945,0.1371,-16.94,-33.31,26.69,296.04,-78.3,159.77
52.420227,-1.544377,155.79,10.56,3,64.15,20 / 21,709410,2019-09-06 19:31:55:153,-2.2712,-3.794,10.5963,-0.0162,-0.0199,9.8065,-0.0689,-0.5342,0.0977,-16.25,-32.25,27.88,300.94,-78.27,161.34
52.420227,-1.544377,155.79,10.56,3,64.15,20 / 21,709509,2019-09-06 19:31:55:252,-3.2716,-2.4214,10.0888,0.0064,0.0048,9.8066,-0.1763,-0.4796,-0.0013,-15.25,-32.06,27.81,302.87,-78.69,161.25
52.420227,-1.544377,155.79,10.56,3,64.15,20 / 21,709610,2019-09-06 19:31:55:353,-2.1835,-0.5599,9.0497,0.0171,0.0466,9.8065,-0.1704,-0.4931,-0.0423,-14.81,-33.5,28.44,299.24,-79.13,157.84
52.420227,-1.544377,155.79,10.56,3,64.15,20 / 21,709710,2019-09-06 19:31:55:453,-0.5351,-1.17,8.6131,-0.0092,0.0339,9.8065,0.0621,-0.4615,0.0947,-14.06,-33.62,28.38,297.42,-79.5,154.64
52.420227,-1.544377,155.79,10.56,3,64.15,20 / 21,709810,2019-09-06 19:31:55:553,-1.5323,-1.4644,9.5422,-0.0052,-0.0027,9.8066,-0.0119,-0.4728,0.054,-13.5,-32.94,28.5,300.37,-79.66,154.3
52.420227,-1.544377,155.79,10.56,3,64.15,20 / 21,709909,2019-09-06 19:31:55:652,-0.8671,-1.2562,9.6837,-0.0624,0.0411,9.8063,0.0746,-0.4465,0.141,-13.06,-33.12,29.44,300.59,-79.86,154.29
52.420227,-1.544377,155.79,10.56,3,64.15,20 / 21,710010,2019-09-06 19:31:55:753,-0.5571,-1.7799,9.9079,0.0078,0.0013,9.8066,0.0124,-0.3538,-0.015,-11.94,-32.81,29.19,302.43,-80.67,153.61
52.420227,-1.544377,155.79,10.56,3,64.15,20 / 21,710109,2019-09-06 19:31:55:852,-0.8722,-1.2505,9.8413,-0.0228,-0.0035,9.8065,-0.137,-0.3499,0.1393,-11.37,-32.62,28.44,302.72,-81.17,152.69
52.420227,-1.544377,155.79,10.56,3,64.15,20 / 21,710210,2019-09-06 19:31:55:953,0.3985,-0.0868,9.8503,-0.0172,0.0123,9.8066,-0.1313,-0.1906,0.0148,-12.25,-32.44,29.06,302.48,-81.65,152.47
52.420227,-1.544377,155.79,10.56,3,64.15,20 / 21,710310,2019-09-06 19:31:56:053,-0.1423,-1.4842,9.4369,-0.0245,-0.0223,9.8065,0.0166,-0.2556,0.1444,-11.37,-33.12,28.31,303.69,-82.02,152.73
52.420406,-1.543414,155.78,5.89,3,146.26,20 / 21,710409,2019-09-06 19:31:56:152,0.453,-2.3106,10.361,0.004,-0.0194,9.8065,-0.114,-0.237,0.1038,-11.25,-33.31,28.56,308.11,-82.21,155.7
52.420406,-1.543414,155.78,5.89,3,146.26,20 / 21,710510,2019-09-06 19:31:56:253,-0.2135,-1.8082,10.7125,-0.0273,-0.0186,9.8065,0.1327,-0.1763,0.0745,-11.37,-33.37,29.38,311.22,-82.36,158.38
52.420406,-1.543414,155.78,5.89,3,146.26,20 / 21,710609,2019-09-06 19:31:56:352,-0.1765,-1.9666,10.0744,-0.0268,-0.0073,9.8065,0.1576,-0.1759,0.0904,-10.94,-32.94,29.56,317.04,-82.36,162.82
52.420406,-1.543414,155.78,5.89,3,146.26,20 / 21,710710,2019-09-06 19:31:56:453,0.4414,-1.656,10.0995,-0.0278,-0.0084,9.8065,-0.0453,-0.1024,0.0409,-10.94,-33.12,29.25,319.02,-82.35,165.4
52.420406,-1.543414,155.78,5.89,3,146.26,20 / 21,710810,2019-09-06 19:31:56:553,-0.8576,-1.0491,10.0605,0.0068,-0.0301,9.8065,-0.0078,-0.1548,0.0315,-11.5,-32.5,29.5,321.85,-82.15,167.12
52.420406,-1.543414,155.78,5.89,3,146.26,20 / 21,710910,2019-09-06 19:31:56:653,0.3847,-1.5671,10.9098,0.0028,-0.0169,9.8066,-0.0183,-0.0837,0.0431,-10.81,-33.19,29.81,322.45,-82.09,167.84
52.420406,-1.543414,155.78,5.89,3,146.26,20 / 21,711010,2019-09-06 19:31:56:753,0.6778,-0.5228,10.0645,0.0016,-0.0357,9.8065,-0.0316,-0.0418,0.0076,-10.69,-32.31,29.5,322.95,-82.02,168.18
52.420406,-1.543414,155.78,5.89,3,146.26,20 / 21,711109,2019-09-06 19:31:56:852,0.3742,-0.2439,9.3937,0.0123,-0.0338,9.8065,0.0785,-0.0248,0.0528,-11.37,-32.62,29.94,324.62,-81.66,170.04
52.420406,-1.543414,155.78,5.89,3,146.26,20 / 21,711210,2019-09-06 19:31:56:953,0.2498,-0.8881,10.0612,-0.0177,0.004,9.8066,0.0656,0.0091,-0.0084,-11.37,-32.87,29.69,325.7,-81.63,171
52.420406,-1.543414,155.78,5.89,3,146.26,20 / 21,711310,2019-09-06 19:31:57:053,-0.2053,-1.3299,10.3949,-0.0174,0.0108,9.8066,-0.1569,-0.0079,-0.0413,-10.62,-31.81,30.38,326.52,-81.56,171.61
52.420406,-1.543414,155.78,5.89,3,146.26,20 / 21,711409,2019-09-06 19:31:57:152,-0.496,-1.3066,9.7148,0.0197,-0.0249,9.8066,-0.0464,-0.0853,0.0363,-10.44,-32.31,30.06,327.99,-81.44,171.3
52.420406,-1.543414,155.78,5.89,3,146.26,20 / 21,711510,2019-09-06 19:31:57:253,-0.1512,-0.8796,9.9602,0.0098,-0.0233,9.8065,-0.0168,0.0202,-0.0191,-9.69,-32.12,30.63,328.85,-81.49,171.34
52.420406,-1.543414,155.78,5.89,3,146.26,20 / 21,711610,2019-09-06 19:31:57:353,0.4894,0.0268,9.6395,0.0076,-0.0061,9.8066,-0.0762,-0.0817,0.0326,-10.75,-32.69,30.19,325.64,-81.57,170.99
52.420406,-1.543414,155.78,5.89,3,146.26,20 / 21,711710,2019-09-06 19:31:57:453,-0.615,-0.6329,10.069,0.0027,-0.0266,9.8065,0.1894,-0.0298,0.0101,-10,-32,29.88,328.21,-81.4,171.52
52.420406,-1.543414,155.78,5.89,3,146.26,20 / 21,711810,2019-09-06 19:31:57:553,0.7102,-1.5745,10.5421,-0.0048,-0.0011,9.8066,0.1648,0.0008,-0.0082,-10.12,-32.37,30.69,329.15,-81.29,171.71
52.420406,-1.543414,155.78,5.89,3,146.26,20 / 21,711910,2019-09-06 19:31:57:653,0.4281,-1.3334,10.6692,0.0018,0.0036,9.8066,-0.0689,0.0147,0.0091,-10.19,-32.37,30.63,328.93,-81.14,171.61
52.420406,-1.543414,155.78,5.89,3,146.26,20 / 21,712009,2019-09-06 19:31:57:752,-1.1208,0.3279,9.7277,0.0048,-0.0245,9.8066,-0.1027,-0.0777,-0.0187,-10.31,-32.25,30.38,328.59,-81.01,172.09
52.420406,-1.543414,155.78,5.89,3,146.26,20 / 21,712110,2019-09-06 19:31:57:853,-0.3583,0.0482,10.2809,0.008,0.0103,9.8065,0.1067,0.0278,0.0187,-10.69,-32.44,30.56,327.56,-81,172.12
52.420406,-1.543414,155.78,5.89,3,146.26,20 / 21,712209,2019-09-06 19:31:57:952,1.052,-0.2106,10.2667,-0.0082,-0.0173,9.8066,0.0102,-0.0149,-0.0091,-10.12,-32.06,30.81,328.68,-81.04,171.45
52.420406,-1.543414,155.78,5.89,3,146.26,20 / 21,712310,2019-09-06 19:31:58:053,-0.3015,-0.6533,9.4478,-0.0139,0.012,9.8066,-0.0306,0.0564,-0.0004,-10.87,-32.12,30.81,328.52,-81.02,172.93
52.420406,-1.543414,155.78,5.89,3,146.26,20 / 21,712410,2019-09-06 19:31:58:153,-1.3407,-2.0072,10.0661,-0.0077,0.0069,9.8066,0.0433,-0.1342,0.0145,-10.62,-32.81,30.38,326.29,-81.08,171.86
52.420406,-1.543414,155.78,5.89,3,146.26,20 / 21,712509,2019-09-06 19:31:58:252,1.0332,0.2961,10.2313,-0.0026,0.0323,9.8066,-0.1249,-0.0028,0.0431,-10.37,-33.12,30.63,329.2,-81.2,171.94
52.420406,-1.543414,155.78,5.89,3,146.26,20 / 21,712610,2019-09-06 19:31:58:353,-0.0514,0.2077,10.1864,0.0016,-0.0033,9.8066,0.0354,-0.0224,0.0951,-9.94,-32.94,30.69,327.84,-81.36,170.67
52.420406,-1.543414,155.78,5.89,3,146.26,20 / 21,712710,2019-09-06 19:31:58:453,-0.1661,-0.5088,10.2524,-0.0104,-0.0045,9.8066,0.0007,-0.1169,-0.0669,-10.12,-32.44,30.5,328.84,-81.37,171.39
52.420406,-1.543414,155.78,5.89,3,146.26,20 / 21,712810,2019-09-06 19:31:58:553,0.3231,-0.1933,10.0731,0.0129,-0.0204,9.8065,-0.0205,0.0608,-0.0576,-10.75,-32.44,30.25,325.47,-81.24,170.9
52.420406,-1.543414,155.78,5.89,3,146.26,20 / 21,712910,2019-09-06 19:31:58:653,0.715,-0.8481,9.7979,0.0074,-0.0087,9.8066,0.0268,0.0097,0.0553,-9.75,-32.12,30.13,326.62,-81.06,170.36
52.420406,-1.543414,155.78,5.89,3,146.26,20 / 21,713009,2019-09-06 19:31:58:752,-0.041,0.2197,10.2865,-0.0125,0.0207,9.8065,0.0355,-0.0056,-0.0556,-10.31,-32.25,30.06,327.07,-81.15,170.69
52.420406,-1.543414,155.78,5.89,3,146.26,20 / 21,713109,2019-09-06 19:31:58:852,0.0018,-0.3263,10.0481,-0.0125,0.028,9.8066,-0.0301,0.0063,-0.0506,-9.19,-31.94,30.19,329.15,-81.16,170.78
52.420406,-1.543414,155.78,5.89,3,146.26,20 / 21,713210,2019-09-06 19:31:58:953,0.2757,0.4863,10.3293,0.0145,-0.0167,9.8066,0.1055,-0.0328,0.0219,-10.25,-32.37,29.69,326.43,-80.98,170.24
52.420406,-1.543414,155.78,5.89,3,146.26,20 / 21,713310,2019-09-06 19:31:59:053,0.1589,0.1527,9.8458,0.0018,-0.0036,9.8066,-0.0362,-0.0007,-0.0361,-9.19,-31.25,29.94,328.65,-80.88,170.37
52.420406,-1.543414,155.78,5.89,3,146.26,20 / 21,713409,2019-09-06 19:31:59:152,0.4824,0.2848,9.6988,0.0149,-0.017,9.8066,-0.0458,-0.0128,-0.0112,-9.75,-31.69,29.81,327.05,-80.71,170.94
52.420406,-1.543414,155.78,5.89,3,146.26,20 / 21,713510,2019-09-06 19:31:59:253,0.1996,-1.3204,9.8103,-0.009,-0.0108,9.8066,-0.0906,0.0524,-0.023,-8.56,-30.81,29.81,329.41,-80.53,171.22
52.420406,-1.543414,155.78,5.89,3,146.26,20 / 21,713610,2019-09-06 19:31:59:353,0.8431,0.2637,9.8984,-0.0059,-0.0016,9.8066,-0.0537,-0.0475,0.0494,-9.37,-31.62,30,330.07,-80.5,171.95
52.420406,-1.543414,155.78,5.89,3,146.26,20 / 21,713710,2019-09-06 19:31:59:453,-0.6928,0.4972,10.2664,-0.0058,-0.009,9.8066,0.1079,0.0409,0.0686,-9.37,-31.62,29.19,330.75,-80.41,173.27
52.420406,-1.543414,155.78,5.89,3,146.26,20 / 21,713810,2019-09-06 19:31:59:553,0.7824,-0.4293,9.9523,-0.0136,-0.0112,9.8066,0.1089,0.0346,0.0732,-10.37,-32.12,30.19,331.13,-80.29,174.66
52.420406,-1.543414,155.78,5.89,3,146.26,20 / 21,713910,2019-09-06 19:31:59:653,0.5537,-1.2233,10.1596,-0.0196,-0.0245,9.8066,-0.001,-0.0083,0.0156,-9.94,-32.06,29.94,333.07,-80.13,176.37
52.420406,-1.543414,155.78,5.89,3,146.26,20 / 21,714010,2019-09-06 19:31:59:753,0.7203,0.2556,9.6504,-0.0159,-0.0157,9.8065,0.0544,0.0099,-0.0223,-10.87,-32.25,30.19,333.44,-79.97,178.41
52.420406,-1.543414,155.78,5.89,3,146.26,20 / 21,714109,2019-09-06 19:31:59:852,0.0472,0.1694,10.0873,-0.0133,-0.0126,9.8066,0.0169,0.0426,0.047,-10.37,-31.87,30.19,337.46,-79.83,-179.85
52.420406,-1.543414,155.78,5.89,3,146.26,20 / 21,714210,2019-09-06 19:31:59:953,0.9134,0.4224,10.0541,-0.01,-0.0015,9.8066,-0.0488,0.0163,-0.0014,-11.31,-32.12,30,337.13,-79.8,-178.45
52.420406,-1.543414,155.78,5.89,3,146.26,20 / 21,714310,2019-09-06 19:32:00:053,0.4142,0.6812,9.5536,-0.0048,-0.0102,9.8066,0.0321,-0.0261,0.0059,-11.31,-31.31,30.19,338.02,-79.79,-177.83
52.420406,-1.543414,155.78,5.89,3,146.26,19 / 21,714409,2019-09-06 19:32:00:152,0.6283,0.4416,9.8605,-0.0012,-0.0032,9.8066,-0.0103,-0.0129,-0.0527,-11.37,-31.94,30.31,338.9,-79.73,-176.96
52.420406,-1.543414,155.78,5.89,3,146.26,19 / 21,714510,2019-09-06 19:32:00:253,1.195,-0.1287,9.2628,-0.0016,0.0181,9.8066,0.1765,-0.012,0.0778,-11.5,-31.56,30.56,339.58,-79.64,-177.07
52.420406,-1.543414,155.78,5.89,3,146.26,19 / 21,714609,2019-09-06 19:32:00:352,0.5382,-0.5107,9.7779,-0.0045,0.0111,9.8066,0.0251,0.0205,-0.0255,-11.5,-31,30.75,339.73,-79.53,-177.01
52.420406,-1.543414,155.78,5.89,3,146.26,19 / 21,714710,2019-09-06 19:32:00:453,0.6154,1.1434,9.5193,-0.0103,0.0263,9.8065,0.0621,-0.0395,0.0406,-11.06,-30.69,31.06,339.81,-79.51,-176.94
52.420406,-1.543414,155.78,5.89,3,146.26,19 / 21,714809,2019-09-06 19:32:00:552,0.6925,0.7497,10.0059,-0.0193,0.0083,9.8065,0.0239,-0.025,-0.0439,-10.87,-31.19,31.19,340.66,-79.58,-176.27
52.420406,-1.543414,155.78,5.89,3,146.26,19 / 21,714910,2019-09-06 19:32:00:653,-0.2158,-0.1808,9.5692,0.0002,0.0174,9.8066,-0.0154,-0.0263,0.0417,-9.75,-30.5,29.88,341.94,-79.54,-176.28
52.420406,-1.543414,155.78,5.89,3,146.26,19 / 21,715009,2019-09-06 19:32:00:752,1.1507,-0.2592,9.8227,-0.0163,0.0092,9.8066,0.1163,0.0602,-0.0479,-10.37,-30.81,29.75,342.4,-79.48,-175.78
52.420406,-1.543414,155.78,5.89,3,146.26,19 / 21,715109,2019-09-06 19:32:00:852,0.3786,-0.8976,10.0054,-0.0098,0.033,9.8065,-0.0526,-0.0324,-0.0018,-10.31,-30.94,29.81,342.37,-79.48,-175.8
52.420406,-1.543414,155.78,5.89,3,146.26,19 / 21,715210,2019-09-06 19:32:00:953,1.581,1.4766,9.4264,0.0047,-0.0243,9.8065,-0.0688,0.0796,-0.0716,-10.56,-31.06,30.13,340.37,-79.47,-175.77
52.420406,-1.543414,155.78,5.89,3,146.26,19 / 21,715310,2019-09-06 19:32:01:053,-0.6342,0.7729,9.775,-0.0135,0.0048,9.8066,0.0347,0.0273,-0.004,-10.62,-30.56,29.75,340.74,-79.37,-175.43
52.420406,-1.543414,155.78,5.89,3,146.26,20 / 21,715410,2019-09-06 19:32:01:153,0.921,0.2534,10.2127,0.005,0.0046,9.8066,0.0168,0.0576,-0.0095,-11.44,-30.44,30.19,340.94,-79.37,-175.37
52.420406,-1.543414,155.78,5.89,3,146.26,20 / 21,715509,2019-09-06 19:32:01:252,0.1959,-0.615,10.0766,0.001,-0.0065,9.8066,0.079,0.0397,-0.0605,-11.75,-30.31,30.56,339.85,-79.29,-175.35
52.420406,-1.543414,155.78,5.89,3,146.26,20 / 21,715610,2019-09-06 19:32:01:353,0.2218,-0.1046,9.4458,-0.0058,0.0222,9.8066,0.0857,-0.0871,0.0001,-11.12,-30.69,30.88,341.66,-79.25,-175.32
52.420406,-1.543414,155.78,5.89,3,146.26,20 / 21,715709,2019-09-06 19:32:01:452,0.1967,0.2567,10.3134,-0.0246,0.0247,9.8066,-0.0241,0.0299,0.0735,-11.31,-31.12,31.44,342.64,-79.15,-174.49
52.420406,-1.543414,155.78,5.89,3,146.26,20 / 21,715809,2019-09-06 19:32:01:552,1.0273,-1.0161,10.7242,0.0058,-0.0379,9.8065,-0.0699,0.022,-0.0087,-11.44,-31.25,30.56,342.98,-79.17,-174.22
52.420406,-1.543414,155.78,5.89,3,146.26,20 / 21,715909,2019-09-06 19:32:01:652,0.3283,0.6718,9.3986,0.009,-0.0387,9.8065,-0.0057,-0.0403,0.0006,-11.62,-31.06,30.31,340.73,-78.98,-173.66
52.420406,-1.543414,155.78,5.89,3,146.26,20 / 21,716010,2019-09-06 19:32:01:753,0.4804,0.6774,9.6467,-0.0177,-0.003,9.8065,-0.034,-0.0087,0.0056,-11.12,-30.75,30.38,343.34,-79.01,-173.19
52.420406,-1.543414,155.78,5.89,3,146.26,20 / 21,716109,2019-09-06 19:32:01:852,0.0883,1.3551,9.6368,-0.0088,0.0061,9.8066,0.002,0.0989,0.0617,-11.19,-31.5,30.13,344.06,-78.94,-172.59
52.420406,-1.543414,155.78,5.89,3,146.26,20 / 21,716214,2019-09-06 19:32:01:957,0.3066,-1.3771,9.7068,-0.0317,0.0101,9.8065,0.1511,-0.0308,0.054,-11.69,-31.19,30.75,344.12,-79.06,-171.66
52.420406,-1.543414,155.78,5.89,3,146.26,20 / 21,716310,2019-09-06 19:32:02:053,0.1748,0.8384,9.3376,-0.0078,-0.0052,9.8066,0.0327,-0.0453,-0.0385,-11.56,-32.19,30.63,345.13,-78.97,-170.73
52.420406,-1.543414,155.78,5.89,3,146.26,20 / 21,716410,2019-09-06 19:32:02:153,0.2088,-0.0824,8.5816,0.0005,0.002,9.8066,-0.0347,-0.052,-0.0257,-11.5,-31.12,30.69,346.65,-79.25,-171.26
52.420406,-1.543414,155.78,5.89,3,146.26,20 / 21,716509,2019-09-06 19:32:02:252,-0.1586,-0.1497,10.0847,-0.0301,0.0205,9.8065,-0.1733,0.0312,0.0785,-11.12,-31.62,29.44,346.27,-79.78,-170.26
52.420406,-1.543414,155.78,5.89,3,146.26,20 / 21,716610,2019-09-06 19:32:02:353,-0.705,1.4873,10.1513,-0.0088,0.0506,9.8065,-0.1101,0.0206,0.0036,-11.81,-32.12,29.25,344.62,-80.4,-170.11
52.420406,-1.543414,155.78,5.89,3,146.26,20 / 21,716709,2019-09-06 19:32:02:452,0.1489,1.0581,10.2555,0.0306,-0.0178,9.8065,-0.015,-0.0382,-0.0946,-10.94,-31.62,28.56,345.63,-80.55,-171
52.420406,-1.543414,155.78,5.89,3,146.26,20 / 21,716810,2019-09-06 19:32:02:553,0.8724,0.9266,9.1864,0.0435,-0.0568,9.8064,0.012,0.0145,-0.0093,-12.37,-31.81,28.75,340.87,-80.02,-173.06
52.420406,-1.543414,155.78,5.89,3,146.26,20 / 21,716910,2019-09-06 19:32:02:653,0.5618,0.1378,9.7693,-0.0197,0.0157,9.8065,0.1653,0.0118,0.0482,-13.06,-31.94,28.88,338.9,-79.86,-172.99
52.420406,-1.543414,155.78,5.89,3,146.26,20 / 21,717009,2019-09-06 19:32:02:752,0.0333,0.8921,9.3783,-0.0294,0.0452,9.8064,0.0994,0.0139,0.0186,-13.62,-32.44,30.06,338.54,-79.94,-172.59
52.420406,-1.543414,155.78,5.89,3,146.26,20 / 21,717109,2019-09-06 19:32:02:852,0.7211,0.7451,9.6805,0.0049,0.0058,9.8066,-0.1121,0.039,-0.0598,-12.37,-32.56,30.13,341.92,-79.97,-172.85
52.420406,-1.543414,155.78,5.89,3,146.26,20 / 21,717211,2019-09-06 19:32:02:954,-0.1395,-0.0396,9.6225,0.0118,-0.011,9.8065,0.006,-0.0449,-0.002,-11.31,-32.5,29.81,343.34,-80.05,-173.44
52.420406,-1.543414,155.78,5.89,3,146.26,20 / 21,717310,2019-09-06 19:32:03:053,0.1383,0.7198,10.1964,0.0218,-0.0307,9.8065,-0.0003,0.0128,-0.036,-11.44,-32.81,30.25,342.63,-80.11,-173.95
52.420406,-1.543414,155.78,5.89,3,146.26,20 / 21,717410,2019-09-06 19:32:03:153,0.9611,0.5337,10.0894,0.0154,-0.0254,9.8066,-0.0235,0.0577,-0.0115,-10.56,-32.12,29.31,340.68,-79.79,-174.79
52.420406,-1.543414,155.78,5.89,3,146.26,20 / 21,717509,2019-09-06 19:32:03:252,-0.1016,1.0216,10.1079,0.0063,0.0152,9.8066,0.0229,0.0129,-0.0427,-11.19,-32.69,29.69,341.08,-79.81,-175.1
52.420406,-1.543414,155.78,5.89,3,146.26,20 / 21,717610,2019-09-06 19:32:03:353,-0.2372,1.7254,10.1619,-0.0021,0.0017,9.8066,0.1618,-0.0466,-0.0168,-10.44,-33.06,29.94,342.79,-79.82,-175.39
52.420406,-1.543414,155.78,5.89,3,146.26,20 / 21,717710,2019-09-06 19:32:03:453,0.9004,1.1129,9.2634,0.0245,-0.0413,9.8064,-0.1312,0.0147,-0.0012,-10.87,-33.25,29.5,339.46,-79.59,-176.33
52.420406,-1.543414,155.78,5.89,3,146.26,20 / 21,717810,2019-09-06 19:32:03:553,-0.0435,1.1778,9.2476,0.0113,-0.022,9.8066,-0.1729,0.0554,-0.0305,-11.37,-33.44,29.75,339.14,-79.66,-176.63
52.420406,-1.543414,155.78,5.89,3,146.26,20 / 21,717909,2019-09-06 19:32:03:652,0.1342,-1.0495,10.1878,-0.0064,0.0188,9.8066,-0.0177,0.1371,-0.0262,-11.06,-32.62,29.75,339.78,-79.85,-176.18
52.420406,-1.543414,155.78,5.89,3,146.26,20 / 21,718009,2019-09-06 19:32:03:752,-0.8914,1.3567,9.9778,-0.0097,0.0157,9.8066,0.005,-0.0186,0.0531,-11.31,-32.87,29.38,339.21,-80.2,-176.05
52.420406,-1.543414,155.78,5.89,3,146.26,20 / 21,718110,2019-09-06 19:32:03:853,0.1928,0.9555,9.8378,-0.0157,0.0229,9.8065,-0.0353,-0.0315,0.0059,-11.31,-32.56,28.69,339.35,-80.45,-176.04
52.420406,-1.543414,155.78,5.89,3,146.26,20 / 21,718209,2019-09-06 19:32:03:952,0.197,1.8012,9.5174,-0.012,0.0066,9.8066,0.059,0.0018,0.0164,-10.94,-33.87,29.19,340.07,-80.42,-175.33
52.420406,-1.543414,155.78,5.89,3,146.26,20 / 21,718309,2019-09-06 19:32:04:052,-0.2703,0.6082,9.8295,-0.006,0.0042,9.8066,0.0131,-0.002,0.0165,-11.25,-33,29.06,341.02,-80.41,-174.66
52.420406,-1.543414,155.78,5.89,3,146.26,19 / 20,718410,2019-09-06 19:32:04:153,0.6767,1.2972,9.7767,-0.0089,0.0131,9.8066,0.0253,-0.0206,0.0413,-10.94,-33.44,29.13,340.9,-80.55,-174.8
52.420406,-1.543414,155.78,5.89,3,146.26,19 / 20,718509,2019-09-06 19:32:04:252,0.3082,0.1115,9.7169,-0.0196,0.0162,9.8066,-0.0278,-0.0159,0.0129,-11.5,-33.5,29.38,341.98,-80.66,-173.96
52.420406,-1.543414,155.78,5.89,3,146.26,19 / 20,718609,2019-09-06 19:32:04:352,-0.0619,1.2244,9.7364,0.0017,-0.017,9.8066,-0.0158,-0.0072,0.0124,-11.56,-33.31,29.56,341.54,-80.61,-173.4
52.420406,-1.543414,155.78,5.89,3,146.26,19 / 20,718709,2019-09-06 19:32:04:452,-0.1196,1.8911,9.6234,0.0088,-0.027,9.8065,-0.0434,0.0416,-0.0659,-11.75,-32.56,29.38,341.1,-80.58,-172.99
52.420406,-1.543414,155.78,5.89,3,146.26,19 / 20,718810,2019-09-06 19:32:04:553,0.1794,0.4495,9.7214,-0.0091,0.0114,9.8066,0.0456,-0.0048,0.0893,-10.5,-32.37,29.69,345.98,-80.5,-173.08
52.420406,-1.543414,155.78,5.89,3,146.26,19 / 20,718909,2019-09-06 19:32:04:652,-0.319,1.0608,9.4839,-0.0088,0.0176,9.8066,-0.0652,-0.0011,0.0264,-11.44,-32.12,29.13,343.83,-80.6,-172.5
52.420406,-1.543414,155.78,5.89,3,146.26,19 / 20,719011,2019-09-06 19:32:04:754,-0.3677,2.2071,9.7398,-0.004,0.014,9.8066,0.0499,0.0112,-0.0147,-11.44,-31.25,28.69,344.36,-80.76,-172.2
52.420406,-1.543414,155.78,5.89,3,146.26,19 / 20,719110,2019-09-06 19:32:04:853,-0.6047,1.0021,9.8077,-0.008,0.0101,9.8065,0.0097,-0.0181,0.0277,-12.37,-30.87,27.94,341.76,-80.83,-171.91
52.420406,-1.543414,155.78,5.89,3,146.26,19 / 20,719210,2019-09-06 19:32:04:953,-0.4004,1.1264,9.7824,-0.0152,0.0157,9.8065,0.0876,0.0265,-0.0028,-12.56,-31,28.31,339.74,-80.94,-171.98
52.420406,-1.543414,155.78,5.89,3,146.26,19 / 20,719309,2019-09-06 19:32:05:052,-0.1748,1.441,10.5639,-0.026,0.0294,9.8065,0.2076,-0.0256,0.0283,-13.94,-31.5,28.06,338.34,-81,-171.57
52.419746,-1.542895,155.94,10.18,3,152.4,20 / 21,719410,2019-09-06 19:32:05:153,-0.0408,0.6881,9.0961,0.0052,-0.0148,9.8066,0.1091,-0.0154,-0.0048,-13.44,-31.44,28.06,340.34,-81.03,-171.5
52.419746,-1.542895,155.94,10.18,3,152.4,20 / 21,719509,2019-09-06 19:32:05:252,0.2337,1.6425,9.1311,0.0221,-0.0208,9.8065,-0.1181,-0.0304,-0.0387,-13,-31.69,28.44,339.42,-80.77,-172.07
52.419746,-1.542895,155.94,10.18,3,152.4,20 / 21,719610,2019-09-06 19:32:05:353,0.1757,1.523,8.6977,0.0234,-0.0443,9.8064,-0.2583,-0.0058,-0.0545,-13.62,-31.62,28.88,338.3,-80.73,-172.27
52.419746,-1.542895,155.94,10.18,3,152.4,20 / 21,719709,2019-09-06 19:32:05:452,0.2198,0.7101,9.6699,-0.0153,0.0246,9.8066,0.0833,0.0003,0.0271,-12.5,-30.81,28.81,342.45,-80.79,-172.12
52.419746,-1.542895,155.94,10.18,3,152.4,20 / 21,719810,2019-09-06 19:32:05:553,-1.1046,1.1467,10.7186,0,0.021,9.8066,0.0429,-0.0502,-0.0192,-12.31,-30.87,28.81,342.68,-81.09,-172.03
52.419746,-1.542895,155.94,10.18,3,152.4,20 / 21,719910,2019-09-06 19:32:05:653,-0.1368,0.8735,9.8759,-0.0115,0.0092,9.8066,0.0601,0.0212,-0.0075,-11.94,-30.81,28.75,342.21,-81.13,-172.45
52.419746,-1.542895,155.94,10.18,3,152.4,20 / 21,720009,2019-09-06 19:32:05:752,-0.1068,1.5482,10.0844,-0.0152,0.0178,9.8066,0.1499,0.0173,0.0206,-12.06,-31.19,28.81,342.5,-81.08,-172.18
52.419746,-1.542895,155.94,10.18,3,152.4,20 / 21,720110,2019-09-06 19:32:05:853,0.1498,0.778,9.8314,0.0133,-0.008,9.8066,-0.1303,-0.0096,-0.0513,-11.25,-31.81,28.75,343.58,-80.98,-172.83
52.419746,-1.542895,155.94,10.18,3,152.4,20 / 21,720210,2019-09-06 19:32:05:953,0.173,1.5582,9.6311,0.0108,-0.0183,9.8066,-0.1005,0.0753,-0.0049,-12.06,-32.12,28.75,341.25,-81.01,-173.12
52.419746,-1.542895,155.94,10.18,3,152.4,20 / 21,720310,2019-09-06 19:32:06:053,-0.6328,0.3397,9.6938,-0.0038,0.002,9.8066,-0.0105,-0.0612,0.0792,-11.37,-32.06,28.81,343.8,-81.09,-172.69
52.419746,-1.542895,155.94,10.18,3,152.4,20 / 21,720409,2019-09-06 19:32:06:152,-0.0213,1.5879,9.8097,0.0113,-0.0107,9.8065,-0.1071,0.0394,-0.0428,-11.56,-31.94,28.19,340.6,-81.09,-172.89
52.419746,-1.542895,155.94,10.18,3,152.4,20 / 21,720510,2019-09-06 19:32:06:253,-0.0998,1.3967,8.947,-0.012,0.0153,9.8066,0.109,0.0508,0.0319,-12.06,-31.62,27.56,341.3,-81.25,-172.36
52.419746,-1.542895,155.94,10.18,3,152.4,20 / 21,720609,2019-09-06 19:32:06:352,1.0222,0.5203,9.1905,-0.003,-0.0036,9.8066,-0.0446,-0.0029,0.0013,-13.75,-32.37,27.63,337.54,-81.25,-172.25
52.419746,-1.542895,155.94,10.18,3,152.4,20 / 21,720709,2019-09-06 19:32:06:452,-0.2828,0.5629,10.1138,-0.0351,0.0365,9.8064,0.1109,-0.0221,0.0683,-13.94,-32.25,29.06,340.05,-81.51,-171.1
52.419746,-1.542895,155.94,10.18,3,152.4,20 / 21,720810,2019-09-06 19:32:06:553,0.0958,-0.1546,10.5239,-0.0344,0.0459,9.8064,0.2054,-0.0172,0.0135,-14.25,-32.62,28.38,339.65,-81.61,-170.51
52.419746,-1.542895,155.94,10.18,3,152.4,20 / 21,720910,2019-09-06 19:32:06:653,-0.2574,0.3948,10.2817,0.0044,-0.0228,9.8066,-0.0619,0.0095,0.0117,-14.56,-32.56,28.88,339.21,-81.62,-170.24
52.419746,-1.542895,155.94,10.18,3,152.4,20 / 21,721010,2019-09-06 19:32:06:753,0.0249,1.2151,10.1067,0.0005,0.0078,9.8066,0.0063,-0.0056,-0.0276,-13,-33.12,28,341.89,-81.57,-170.23
52.419746,-1.542895,155.94,10.18,3,152.4,20 / 21,721109,2019-09-06 19:32:06:852,0.0317,0.5933,10.0289,0.0153,-0.0283,9.8066,-0.0793,0.0029,0.0031,-13,-32.75,28,341.8,-81.37,-170.23
52.419746,-1.542895,155.94,10.18,3,152.4,20 / 21,721210,2019-09-06 19:32:06:953,0.1909,0.5436,9.7677,0.0151,-0.0283,9.8065,-0.0815,0.0027,0.017,-12,-33.62,28.69,344.5,-81.35,-170.35
52.419746,-1.542895,155.94,10.18,3,152.4,20 / 21,721310,2019-09-06 19:32:07:053,-0.1287,1.0501,8.8964,-0.0104,0.0029,9.8066,-0.0712,-0.004,0.0027,-12.37,-32.94,28.38,344.44,-81.44,-169.72
52.419746,-1.542895,155.94,10.18,3,152.4,20 / 21,721409,2019-09-06 19:32:07:152,-0.0096,1.9165,10.1601,-0.0001,-0.0243,9.8066,-0.1103,0.0267,0.0216,-12,-33.62,29,346.18,-81.45,-168.99
52.419746,-1.542895,155.94,10.18,3,152.4,20 / 21,721509,2019-09-06 19:32:07:252,-0.4901,1.5265,10.0268,-0.0322,0.0275,9.8065,0.0677,-0.0155,0.0283,-12.69,-33,29,347.42,-81.63,-166.42
52.419746,-1.542895,155.94,10.18,3,152.4,20 / 21,721610,2019-09-06 19:32:07:353,-0.3427,0.045,9.7919,-0.0162,0.0171,9.8066,0.1127,-0.0282,0.0367,-12.75,-33.25,29.06,347.85,-81.59,-166.05
52.419746,-1.542895,155.94,10.18,3,152.4,20 / 21,721710,2019-09-06 19:32:07:453,-0.0958,0.3417,9.392,-0.0036,-0.0173,9.8066,-0.0918,-0.0195,-0.0239,-13.19,-33.25,29.44,349.07,-81.34,-164.96
52.419746,-1.542895,155.94,10.18,3,152.4,20 / 21,721809,2019-09-06 19:32:07:552,-0.87,0.9231,9.6496,-0.0003,-0.0169,9.8066,0.0122,-0.0216,0.0264,-12.5,-33.12,29,351.56,-81.36,-164.54
52.419746,-1.542895,155.94,10.18,3,152.4,20 / 21,721909,2019-09-06 19:32:07:652,-0.6921,0.733,10.084,0.0003,-0.0049,9.8066,-0.0937,-0.0224,0.0014,-12.81,-33.06,29.25,350.15,-81.48,-164.09
52.419746,-1.542895,155.94,10.18,3,152.4,20 / 21,722009,2019-09-06 19:32:07:752,-0.5359,1.0564,9.791,0.0059,-0.0128,9.8066,-0.0794,-0.021,-0.0315,-12.44,-32.81,28.06,351.19,-81.5,-164.11
52.419746,-1.542895,155.94,10.18,3,152.4,20 / 21,722110,2019-09-06 19:32:07:853,-0.0968,1.323,9.7304,0.0046,0.0131,9.8065,0.0425,-0.0279,0.008,-12.5,-32.87,28.31,350.77,-81.63,-164.49
52.419746,-1.542895,155.94,10.18,3,152.4,20 / 21,722209,2019-09-06 19:32:07:952,0.1494,1.6908,9.5199,0.0149,0.0044,9.8066,-0.0651,-0.0083,-0.0536,-12.56,-33.5,28.75,348.3,-81.66,-165.69
52.419746,-1.542895,155.94,10.18,3,152.4,20 / 21,722309,2019-09-06 19:32:08:052,-0.2588,1.4141,10.0702,-0.0029,0.0017,9.8066,0.0414,-0.0067,0.0366,-12.56,-32.62,28.69,348.16,-81.72,-165.82
52.419746,-1.542895,155.94,10.18,3,152.4,20 / 21,722410,2019-09-06 19:32:08:153,-0.6514,-0.0112,9.5028,-0.006,-0.0019,9.8066,0.0655,-0.0458,-0.0095,-12.81,-33.37,28.5,348.48,-81.68,-165.54
52.419746,-1.542895,155.94,10.18,3,152.4,20 / 21,722510,2019-09-06 19:32:08:253,-1.0553,1.5603,9.045,0.0034,0.0012,9.8066,0.0675,-0.007,-0.0185,-12.87,-33.37,28.44,347.12,-81.7,-165.87
52.419746,-1.542895,155.94,10.18,3,152.4,20 / 21,722609,2019-09-06 19:32:08:352,0.9567,-0.1711,8.9679,-0.0005,0.0161,9.8066,-0.1031,0.0191,0.0224,-12.31,-33.44,28.19,348.83,-81.87,-166.16
52.419746,-1.542895,155.94,10.18,3,152.4,20 / 21,722709,2019-09-06 19:32:08:452,-1.4789,1.2949,10.2572,-0.0183,0.0545,9.8065,0.0313,0.0044,-0.054,-12.31,-33.06,28.5,351.28,-82.44,-164.96
52.419746,-1.542895,155.94,10.18,3,152.4,20 / 21,722810,2019-09-06 19:32:08:553,-0.1931,1.7607,9.8969,-0.0145,0.0501,9.8064,0.0613,-0.0131,-0.034,-12.5,-32.87,27.13,349.3,-82.77,-165.16
52.419746,-1.542895,155.94,10.18,3,152.4,20 / 21,722910,2019-09-06 19:32:08:653,-0.3782,1.5703,9.5891,0.0042,-0.0014,9.8066,-0.0717,-0.0601,0.0191,-12.25,-33.5,28.44,349.86,-82.86,-165.51
52.419746,-1.542895,155.94,10.18,3,152.4,20 / 21,723010,2019-09-06 19:32:08:753,0.0876,1.0962,9.8195,0.0242,-0.0098,9.8065,-0.0306,0.0321,-0.0299,-13.12,-33.94,28,346.3,-82.83,-166.82
52.419746,-1.542895,155.94,10.18,3,152.4,20 / 21,723110,2019-09-06 19:32:08:853,-0.285,1.9868,9.7708,0.0092,0.0001,9.8066,0.109,-0.0179,0.0327,-11.5,-33.06,27.94,348.86,-82.78,-168.08
52.419746,-1.542895,155.94,10.18,3,152.4,20 / 21,723209,2019-09-06 19:32:08:952,-0.2702,2.2588,10.196,0.0215,-0.0153,9.8065,0.0905,-0.0348,-0.0691,-12.62,-33.25,27.94,343.48,-82.61,-169.24
52.419746,-1.542895,155.94,10.18,3,152.4,20 / 21,723310,2019-09-06 19:32:09:053,0.6035,0.9081,10.0258,-0.0041,0.0092,9.8066,0.0397,-0.0238,0.0173,-11.31,-33.06,28.5,346.89,-82.56,-170.44
52.419746,-1.542895,155.94,10.18,3,152.4,20 / 21,723410,2019-09-06 19:32:09:153,-0.857,1.3078,9.9029,-0.0084,0.0254,9.8066,-0.0715,0.0125,-0.0178,-12.44,-33.56,28.56,344.29,-82.52,-170.91
52.419746,-1.542895,155.94,10.18,3,152.4,20 / 21,723510,2019-09-06 19:32:09:253,0.6784,2.3968,10.3284,0.0228,-0.0138,9.8065,-0.0266,-0.0398,0.0505,-12.44,-33.62,27.75,342.16,-82.51,-171.94
52.419746,-1.542895,155.94,10.18,3,152.4,20 / 21,723610,2019-09-06 19:32:09:353,-0.7439,2.2074,10.6206,0.0103,-0.0256,9.8065,-0.0208,0.0332,-0.0586,-12.25,-32.62,27.75,341.87,-82.36,-172.21
52.419746,-1.542895,155.94,10.18,3,152.4,20 / 21,723710,2019-09-06 19:32:09:453,-0.601,2.0222,9.9934,0.0029,0.0172,9.8065,0.155,0.0298,-0.0352,-12.87,-33.19,27.44,337.85,-82.32,-173.07
52.419746,-1.542895,155.94,10.18,3,152.4,20 / 21,723810,2019-09-06 19:32:09:553,0.5327,1.6868,8.9726,0.0004,0.026,9.8066,0.1902,0.0386,-0.0402,-13.06,-32.62,28.13,337.11,-82.2,-174.56
52.419746,-1.542895,155.94,10.18,3,152.4,20 / 21,723910,2019-09-06 19:32:09:653,0.568,2.4023,8.1089,0.0149,-0.0227,9.8066,-0.2959,0.0917,-0.0514,-13.56,-32.31,28.31,334.82,-82.17,-175.01
52.419746,-1.542895,155.94,10.18,3,152.4,20 / 21,724010,2019-09-06 19:32:09:753,-0.7754,1.7272,9.4795,0.0108,-0.0525,9.8065,-0.2477,-0.0061,0.0878,-14.12,-31.69,28.63,336.51,-82.18,-174.43
52.419746,-1.542895,155.94,10.18,3,152.4,20 / 21,724110,2019-09-06 19:32:09:853,-0.7374,2.6608,9.8596,-0.0435,0.0489,9.8064,0.1104,0.0467,0.0101,-14.5,-31.31,28.63,339.74,-83.01,-172.03
52.419746,-1.542895,155.94,10.18,3,152.4,20 / 21,724210,2019-09-06 19:32:09:953,-1.2095,2.2663,10.2774,-0.02,0.0269,9.8065,0.1007,0.01,-0.0055,-13.69,-31.81,28.69,340.82,-83.15,-171.05
52.419746,-1.542895,155.94,10.18,3,152.4,20 / 21,724310,2019-09-06 19:32:10:053,0.3316,0.26,10.142,0.0059,0.0048,9.8066,0.0585,0.0336,-0.0589,-12.87,-30.81,28.38,340.59,-83.12,-172.08
52.419746,-1.542895,155.94,10.18,3,152.4,21 / 21,724409,2019-09-06 19:32:10:152,0.1269,1.2416,9.8404,0.0157,-0.0093,9.8066,0.1308,0.0011,-0.0402,-12.81,-31.31,28.13,339.71,-82.84,-172.75
52.419746,-1.542895,155.94,10.18,3,152.4,21 / 21,724510,2019-09-06 19:32:10:253,0.3593,1.7984,10.3906,0.0132,-0.0026,9.8066,-0.0707,0.06,0.0217,-13.19,-32.25,28.06,338.51,-82.83,-173.71
52.419746,-1.542895,155.94,10.18,3,152.4,21 / 21,724610,2019-09-06 19:32:10:353,-0.1358,1.6644,10.1824,0.0064,-0.012,9.8065,-0.0897,0.0524,0.0008,-12.62,-32.25,27.69,337.98,-82.83,-174.17
52.419746,-1.542895,155.94,10.18,3,152.4,21 / 21,724710,2019-09-06 19:32:10:453,0.1746,2.3339,9.9284,-0.0139,0.0393,9.8065,0.0252,0.1013,0.005,-14.19,-32.25,27.38,335.19,-82.92,-174.11
52.419746,-1.542895,155.94,10.18,3,152.4,21 / 21,724809,2019-09-06 19:32:10:552,-0.2691,2.6148,9.4287,-0.0129,0.0166,9.8065,0.0005,0.1307,-0.0145,-14,-32.56,27.44,334.47,-83.12,-174.75
52.419746,-1.542895,155.94,10.18,3,152.4,21 / 21,724910,2019-09-06 19:32:10:653,0.0366,2.2846,9.546,-0.0027,-0.0007,9.8066,0.0123,0.0833,-0.0124,-13.94,-31.75,27.75,336.45,-83.23,-174.07
52.419746,-1.542895,155.94,10.18,3,152.4,21 / 21,725010,2019-09-06 19:32:10:753,-0.4584,1.9572,9.8439,-0.0002,0.0049,9.8066,0.0244,0.1245,-0.0143,-14,-32.12,27.88,336.49,-83.33,-174.09
52.419746,-1.542895,155.94,10.18,3,152.4,21 / 21,725110,2019-09-06 19:32:10:853,-0.0397,2.9496,9.7006,-0.0074,0.0017,9.8066,-0.0431,0.0932,-0.0009,-14.12,-32.31,27.25,335.79,-83.4,-173.81
52.419746,-1.542895,155.94,10.18,3,152.4,21 / 21,725210,2019-09-06 19:32:10:953,-0.7856,2.2088,9.6722,-0.008,0.0018,9.8065,-0.0539,0.0917,0.0088,-13.44,-32.56,26.81,338.93,-83.47,-172.65
52.419746,-1.542895,155.94,10.18,3,152.4,21 / 21,725310,2019-09-06 19:32:11:053,-0.8951,1.6,9.7075,-0.0118,-0.0033,9.8066,-0.0393,0.0773,0.0345,-13.5,-32.69,27.38,340.13,-83.5,-171.61
52.419746,-1.542895,155.94,10.18,3,152.4,20 / 20,725409,2019-09-06 19:32:11:152,-0.7429,1.5643,9.8968,-0.0127,0.0025,9.8065,0.025,0.1081,0.0051,-14.12,-32.87,27.19,339.39,-83.53,-170.62
52.419746,-1.542895,155.94,10.18,3,152.4,20 / 20,725510,2019-09-06 19:32:11:253,-0.0982,1.3179,9.7735,-0.0158,-0.0045,9.8066,0.0016,0.0878,0.0289,-14.25,-33.37,26.81,341.33,-83.59,-168.93
52.419746,-1.542895,155.94,10.18,3,152.4,20 / 20,725609,2019-09-06 19:32:11:352,-0.532,1.2828,9.7311,-0.0185,-0.0015,9.8065,-0.0298,0.0297,0.049,-14.19,-33.31,26.63,344.57,-83.67,-166.11
52.419746,-1.542895,155.94,10.18,3,152.4,20 / 20,725710,2019-09-06 19:32:11:453,-0.6932,0.5553,10.0046,-0.0223,-0.0001,9.8066,-0.0274,0.0216,0.0615,-14.62,-33.62,27.25,345.5,-83.73,-163.64
52.419746,-1.542895,155.94,10.18,3,152.4,20 / 20,725810,2019-09-06 19:32:11:553,-0.7789,0.8221,10.0131,-0.0079,-0.003,9.8066,0.0322,0.0425,0.0134,-14.56,-34.12,26.5,347.68,-83.79,-161.74
52.419746,-1.542895,155.94,10.18,3,152.4,20 / 20,725910,2019-09-06 19:32:11:653,-0.428,0.9537,9.6483,-0.005,0.0025,9.8066,-0.0038,0.0158,0.0081,-14.69,-33.81,26.38,347.27,-83.83,-161.14
52.419746,-1.542895,155.94,10.18,3,152.4,20 / 20,726009,2019-09-06 19:32:11:752,-0.9321,1.3035,9.9805,-0.0083,-0.0033,9.8066,-0.0205,-0.0187,0.026,-14.44,-33.31,26.63,351.07,-83.9,-160.45
52.419746,-1.542895,155.94,10.18,3,152.4,20 / 20,726110,2019-09-06 19:32:11:853,-0.6916,1.1265,9.9538,-0.0056,-0.0043,9.8066,0.0283,-0.019,0.0223,-14.87,-33.44,26.38,349.77,-83.94,-159.01
52.419746,-1.542895,155.94,10.18,3,152.4,20 / 20,726210,2019-09-06 19:32:11:953,-1.0078,0.7118,9.9265,-0.0128,0.006,9.8066,-0.0069,-0.046,0.0012,-15.37,-33.75,26.94,352.71,-83.97,-157.36
52.419746,-1.542895,155.94,10.18,3,152.4,20 / 20,726309,2019-09-06 19:32:12:052,-0.7011,0.4633,9.7638,-0.0121,0.0009,9.8065,0.0442,-0.0214,0.0476,-15.19,-33.5,26.63,353.68,-83.91,-156.52
52.419746,-1.542895,155.94,10.18,3,152.4,20 / 20,726409,2019-09-06 19:32:12:152,-0.9271,1.3171,10.1555,0.0004,-0.0044,9.8066,-0.0444,-0.0276,-0.0124,-15.12,-33.19,26.81,354.7,-83.84,-155.61
52.419746,-1.542895,155.94,10.18,3,152.4,20 / 20,726510,2019-09-06 19:32:12:253,-0.9034,0.8897,9.8255,-0.0001,0.0015,9.8066,0.005,-0.0481,0.0155,-14.81,-33.25,26.44,353.97,-83.87,-155.31
52.419746,-1.542895,155.94,10.18,3,152.4,20 / 20,726609,2019-09-06 19:32:12:352,-0.421,1.0322,9.7251,0.0114,0.0028,9.8066,0.0141,-0.0273,-0.0372,-15.44,-33.75,26.56,354.43,-83.87,-155.83
52.419746,-1.542895,155.94,10.18,3,152.4,20 / 20,726710,2019-09-06 19:32:12:453,0.1126,1.4479,9.8872,0.0094,-0.0018,9.8066,-0.0186,0.0144,-0.0215,-14.94,-33.37,27.25,352.86,-83.92,-157.24
52.419746,-1.542895,155.94,10.18,3,152.4,20 / 20,726810,2019-09-06 19:32:12:553,-0.0772,1.1025,9.7883,-0.0043,-0.002,9.8066,0.0068,0.0109,0.0266,-14.81,-33.5,26.81,353.02,-83.93,-157.1
52.419746,-1.542895,155.94,10.18,3,152.4,20 / 20,726910,2019-09-06 19:32:12:653,-0.3073,1.0158,9.7068,-0.0045,0.0034,9.8066,-0.0148,-0.0113,0.0079,-14.37,-33.19,26.44,354.4,-84.01,-156.62
52.419746,-1.542895,155.94,10.18,3,152.4,20 / 20,727009,2019-09-06 19:32:12:752,-0.1691,1.1621,9.984,-0.008,0.0013,9.8065,-0.0109,0.0125,0.0205,-15.44,-33.56,26.88,354.9,-84.03,-155.43
52.419746,-1.542895,155.94,10.18,3,152.4,20 / 20,727109,2019-09-06 19:32:12:852,-0.2852,0.487,9.8506,-0.0082,0.0008,9.8066,0.0097,0.0126,0.0283,-16.12,-33.62,27.06,353.98,-84,-154.66
52.419746,-1.542895,155.94,10.18,3,152.4,20 / 20,727210,2019-09-06 19:32:12:953,-0.6386,0.8274,9.6015,-0.0053,-0.0021,9.8066,0.0003,0.0343,-0.0077,-15.81,-33.44,27.19,354.64,-84.06,-154.09
52.419746,-1.542895,155.94,10.18,3,152.4,20 / 20,727310,2019-09-06 19:32:13:053,-0.6126,0.9343,9.85,-0.0067,-0.0126,9.8066,-0.0059,0.0367,0.0323,-15.69,-33.5,26.38,355.19,-83.99,-152.63
52.419746,-1.542895,155.94,10.18,3,152.4,19 / 19,727410,2019-09-06 19:32:13:153,-0.1771,1.2173,9.9438,-0.0077,0.0149,9.8066,-0.0004,0.0065,-0.0214,-15,-33.81,26.56,359.03,-84.13,-151.8
52.419746,-1.542895,155.94,10.18,3,152.4,19 / 19,727509,2019-09-06 19:32:13:252,-0.4795,0.9823,9.9716,-0.0118,0.0073,9.8066,-0.0121,0.0326,0.0233,-15.62,-32.94,26.63,358.03,-84.2,-151.1
52.419746,-1.542895,155.94,10.18,3,152.4,19 / 19,727610,2019-09-06 19:32:13:353,-0.1417,0.5308,9.7294,-0.004,0.0044,9.8066,0.0167,0.0123,0.0252,-16.25,-33.94,27.06,359.31,-84.18,-149.96
52.419746,-1.542895,155.94,10.18,3,152.4,19 / 19,727710,2019-09-06 19:32:13:453,-0.5496,0.7974,10.3176,-0.0054,-0.0035,9.8066,-0.0214,0.0197,-0.018,-16.25,-33.75,26.88,359.91,-84.21,-149.43
52.419746,-1.542895,155.94,10.18,3,152.4,19 / 19,727809,2019-09-06 19:32:13:552,-0.0068,0.7697,9.9758,-0.0053,0.0049,9.8066,0.0353,0.0138,0.0433,-16.25,-33.94,26.94,0.42,-84.17,-148.98
52.419746,-1.542895,155.94,10.18,3,152.4,19 / 19,727909,2019-09-06 19:32:13:652,-0.1039,0.6825,9.8111,0.002,0.0109,9.8065,0.0066,0.0152,-0.0165,-15.56,-33.87,26.88,0.2,-84.23,-149.17
52.419746,-1.542895,155.94,10.18,3,152.4,19 / 19,728010,2019-09-06 19:32:13:753,-0.1614,0.406,9.5835,-0.0069,0.0051,9.8066,0.001,0.0053,0.015,-16.06,-33.06,26.44,359.41,-84.35,-148.91
52.419746,-1.542895,155.94,10.18,3,152.4,19 / 19,728110,2019-09-06 19:32:13:853,-0.4433,0.5332,9.9897,-0.0067,0.0007,9.8066,0.0318,-0.0048,0.0113,-15.69,-33.19,26.38,0.24,-84.34,-148.18
52.419746,-1.542895,155.94,10.18,3,152.4,19 / 19,728210,2019-09-06 19:32:13:953,-0.7463,0.6513,10.1096,0.005,0.0014,9.8066,-0.0028,-0.0037,-0.0323,-15.87,-33.44,27.63,2.37,-84.4,-148.13
52.419746,-1.542895,155.94,10.18,3,152.4,19 / 19,728310,2019-09-06 19:32:14:053,-0.8235,0.7485,10.1615,0.0106,0.0101,9.8065,0.0236,-0.0073,-0.0147,-16.56,-33.75,28.06,359.47,-84.41,-149.21
52.41925,-1.54244,155.87,2.8,2,144.74,20 / 20,728409,2019-09-06 19:32:14:152,-0.5678,0.7011,9.6272,-0.0003,0.0162,9.8065,0.0076,-0.0149,-0.0395,-16.69,-33.94,27.56,357.38,-84.47,-151.09
52.41925,-1.54244,155.87,2.8,2,144.74,20 / 20,728510,2019-09-06 19:32:14:253,-0.5154,0.9075,9.8682,0.0083,-0.0023,9.8066,-0.0843,-0.0551,-0.0113,-16.31,-33.37,28.31,357.39,-84.58,-152.6
52.41925,-1.54244,155.87,2.8,2,144.74,20 / 20,728609,2019-09-06 19:32:14:352,-0.5174,0.7926,9.721,0.0047,-0.0046,9.8066,-0.0812,-0.0307,0.017,-15.81,-33.12,27.81,357.37,-84.65,-152.63
52.41925,-1.54244,155.87,2.8,2,144.74,20 / 20,728709,2019-09-06 19:32:14:452,-0.874,0.4066,9.6708,-0.0062,-0.0051,9.8066,0.025,-0.103,0.027,-16.19,-33,28.63,359.49,-84.61,-151.58
52.41925,-1.54244,155.87,2.8,2,144.74,20 / 20,728810,2019-09-06 19:32:14:553,-1.0971,0.6653,10.0956,0.0007,-0.0063,9.8066,-0.0073,-0.1056,-0.0097,-16.06,-32.94,28.19,359.35,-84.58,-150.84
52.41925,-1.54244,155.87,2.8,2,144.74,20 / 20,728910,2019-09-06 19:32:14:653,-0.6173,0.7604,9.6995,-0.0066,0.012,9.8066,0.0023,-0.1199,0.0153,-15.31,-33.06,27.94,2.01,-84.67,-150.01
52.41925,-1.54244,155.87,2.8,2,144.74,20 / 20,729010,2019-09-06 19:32:14:753,-0.396,0.6523,9.6497,-0.0031,0.0177,9.8066,0.004,-0.0898,-0.0159,-15.31,-32.87,28.69,2.84,-84.75,-150.08
52.41925,-1.54244,155.87,2.8,2,144.74,20 / 20,729110,2019-09-06 19:32:14:853,-0.6433,1.2124,9.9348,0.0059,-0.0036,9.8066,0.0113,-0.0781,0.0224,-14.94,-32.87,28.38,1.07,-84.77,-150.86
52.41925,-1.54244,155.87,2.8,2,144.74,20 / 20,729211,2019-09-06 19:32:14:954,-0.5068,0.9246,9.9693,0.0028,-0.0016,9.8066,-0.0001,-0.1188,-0.0047,-15.19,-32.75,28,1.01,-84.79,-150.91
52.41925,-1.54244,155.87,2.8,2,144.74,20 / 20,729310,2019-09-06 19:32:15:053,0.0829,1.1271,9.8804,0.0026,0.0011,9.8066,-0.0123,-0.0899,0.0112,-14.94,-33.44,28.19,0.27,-84.88,-151.57
52.41925,-1.54244,155.87,2.8,2,144.74,20 / 20,729410,2019-09-06 19:32:15:153,0.1054,1.18,9.7205,-0.0028,0.0101,9.8066,-0.0317,-0.0499,0.0128,-14.62,-33.31,27.69,0.07,-84.91,-151.76
52.41925,-1.54244,155.87,2.8,2,144.74,20 / 20,729510,2019-09-06 19:32:15:253,-0.0504,0.9452,9.6831,-0.009,0.007,9.8066,0.0111,-0.0731,0.0332,-14.69,-33.12,27.56,0.77,-84.98,-151.13
52.41925,-1.54244,155.87,2.8,2,144.74,20 / 20,729609,2019-09-06 19:32:15:352,-0.2773,0.7208,9.8374,-0.0074,0.003,9.8066,0.0039,-0.0325,0.0165,-14.87,-33.31,27.69,1.63,-84.96,-150.35
52.41925,-1.54244,155.87,2.8,2,144.74,20 / 20,729709,2019-09-06 19:32:15:452,-0.4113,0.6451,9.9585,-0.0079,-0.0004,9.8066,0.0058,-0.0262,0.0232,-14.69,-33.19,28,3.4,-84.9,-148.74
52.41925,-1.54244,155.87,2.8,2,144.74,20 / 20,729810,2019-09-06 19:32:15:553,-0.4413,0.8972,9.8206,-0.0019,0.0026,9.8066,-0.0128,-0.0526,0.0014,-14.44,-33.19,28.56,6.66,-84.93,-148.2
52.41925,-1.54244,155.87,2.8,2,144.74,20 / 20,729910,2019-09-06 19:32:15:653,-0.2055,0.8013,9.796,-0.0075,0.0057,9.8066,-0.0035,-0.0415,0.0089,-14.31,-33.31,28.13,6.57,-84.99,-147.5
52.41925,-1.54244,155.87,2.8,2,144.74,20 / 20,730009,2019-09-06 19:32:15:752,-0.0343,0.6088,9.6891,-0.0077,0.0042,9.8066,0.0106,-0.0125,0.0355,-14.06,-33.31,28.06,8.18,-85.03,-146.03
52.41925,-1.54244,155.87,2.8,2,144.74,20 / 20,730110,2019-09-06 19:32:15:853,-0.1708,0.5186,10.0672,-0.0055,0.0024,9.8066,0.0013,-0.0292,0.0181,-13.94,-32.5,28.44,9.55,-85.04,-144.76
52.41925,-1.54244,155.87,2.8,2,144.74,20 / 20,730209,2019-09-06 19:32:15:952,-0.0816,0.4,9.9614,-0.004,0.0044,9.8066,-0.0084,-0.014,-0.0054,-14.12,-32.81,28.13,10.15,-85.05,-144.24
52.41925,-1.54244,155.87,2.8,2,144.74,20 / 20,730309,2019-09-06 19:32:16:052,-0.2505,0.6268,9.8938,-0.0055,0.0028,9.8066,-0.0164,-0.0011,0.0175,-14.19,-32.56,28.06,11.37,-85.06,-143.13
52.41925,-1.54244,155.87,2.8,2,144.74,20 / 20,730410,2019-09-06 19:32:16:153,-0.1009,0.2831,9.8095,0.0009,0.0042,9.8066,0.0103,-0.0335,-0.0027,-14.19,-33.19,27.88,11.76,-85.1,-142.76
52.41925,-1.54244,155.87,2.8,2,144.74,20 / 20,730509,2019-09-06 19:32:16:252,0.0022,0.3027,10.0065,-0.0018,0.0018,9.8066,-0.006,-0.0155,0.0005,-13.56,-32.5,27.94,11.98,-85.17,-142.52
52.41925,-1.54244,155.87,2.8,2,144.74,20 / 20,730610,2019-09-06 19:32:16:353,-0.1225,0.5747,9.8411,-0.0018,0.0019,9.8066,0.0224,-0.0099,0.0184,-13.94,-32.12,28.13,12.63,-85.19,-141.93
52.41925,-1.54244,155.87,2.8,2,144.74,20 / 20,730710,2019-09-06 19:32:16:453,0.0537,0.0983,9.725,-0.0007,0.0028,9.8066,-0.0206,0.0112,-0.0044,-13.87,-32.75,28.44,13.33,-85.24,-141.31
52.41925,-1.54244,155.87,2.8,2,144.74,20 / 20,730810,2019-09-06 19:32:16:553,0.0073,0.1262,9.958,-0.0003,-0.0025,9.8066,-0.0036,-0.0058,0.0142,-13.87,-32.56,28.69,14.45,-85.25,-141.04
52.41925,-1.54244,155.87,2.8,2,144.74,20 / 20,730910,2019-09-06 19:32:16:653,-0.0185,0.0871,9.822,-0.0008,0.0035,9.8066,-0.0162,-0.0124,-0.0154,-14.62,-32.44,29.13,13.17,-85.29,-140.57
52.41925,-1.54244,155.87,2.8,2,144.74,20 / 20,731010,2019-09-06 19:32:16:753,0.1723,-0.0029,9.6926,-0.0021,0.0009,9.8066,-0.0057,-0.0162,0.0158,-14.31,-32.37,29.19,15.18,-85.3,-140.32
52.41925,-1.54244,155.87,2.8,2,144.74,20 / 20,731110,2019-09-06 19:32:16:853,0.1399,-0.1602,9.8234,-0.0009,0.0051,9.8066,0.0093,-0.0229,-0.0203,-14.37,-31.94,28.75,15.7,-85.3,-139.84
52.41925,-1.54244,155.87,2.8,2,144.74,20 / 20,731214,2019-09-06 19:32:16:957,-0.1658,0.1578,9.8413,-0.0023,0.0043,9.8066,0.0218,0.005,-0.0034,-14.75,-31.37,28.81,14.46,-85.37,-139.33
52.41925,-1.54244,155.87,2.8,2,144.74,20 / 20,731310,2019-09-06 19:32:17:053,0.2502,-0.3314,9.7405,0,0.0019,9.8066,0.0299,-0.002,0.0162,-15.5,-31.44,28.5,15.06,-85.39,-138.77
52.41925,-1.54244,155.87,2.8,2,144.74,20 / 20,731409,2019-09-06 19:32:17:152,0.2569,-0.2561,9.8238,-0.0005,0.0045,9.8066,0.0089,0.0069,-0.0023,-15.37,-30.62,28,14.58,-85.43,-138.41
52.41925,-1.54244,155.87,2.8,2,144.74,20 / 20,731509,2019-09-06 19:32:17:252,0.1331,-0.0177,9.9064,-0.0016,0.0028,9.8066,0.0194,0.0041,0.0066,-15.37,-31.44,27.31,14.14,-85.49,-137.95
52.41925,-1.54244,155.87,2.8,2,144.74,20 / 20,731610,2019-09-06 19:32:17:353,0.3774,-0.5461,9.8211,0.0003,0.0014,9.8066,-0.011,-0.016,-0.0109,-14.25,-31.31,27.31,16.41,-85.54,-137.51
52.41925,-1.54244,155.87,2.8,2,144.74,20 / 20,731710,2019-09-06 19:32:17:453,0.2498,-0.3503,9.7714,-0.0008,0.0016,9.8065,-0.0045,0.0078,-0.0007,-14.19,-32.31,26.94,16.61,-85.57,-137.36
52.41925,-1.54244,155.87,2.8,2,144.74,20 / 20,731810,2019-09-06 19:32:17:553,0.3261,-0.2669,9.8425,0.0007,-0.0003,9.8066,0.0054,0.001,0.0138,-13.31,-31.94,27,18.92,-85.59,-136.95
52.41925,-1.54244,155.87,2.8,2,144.74,20 / 20,731909,2019-09-06 19:32:17:652,0.1348,0.1432,9.9144,0.0023,0.0012,9.8066,-0.0164,-0.0143,-0.018,-12.75,-31.87,27.25,19,-85.63,-136.86
52.41925,-1.54244,155.87,2.8,2,144.74,20 / 20,732009,2019-09-06 19:32:17:752,0.2664,-0.2021,9.9374,-0.0028,0.0042,9.8066,0.0122,0.0064,0.0073,-13.31,-32.5,28.38,20.11,-85.66,-136.58
52.41925,-1.54244,155.87,2.8,2,144.74,20 / 20,732109,2019-09-06 19:32:17:852,0.3022,-0.4038,9.8383,-0.0021,0.0057,9.8066,0.0118,0.0003,0.0092,-13.25,-32.94,28.38,20.99,-85.7,-135.8
52.41925,-1.54244,155.87,2.8,2,144.74,20 / 20,732210,2019-09-06 19:32:17:953,0.1644,-0.3518,9.8116,0.0014,0.0002,9.8066,0.0221,-0.0122,-0.0063,-13.31,-32.31,28.31,21.18,-85.75,-135.56
52.41925,-1.54244,155.87,2.8,2,144.74,20 / 20,732310,2019-09-06 19:32:18:053,0.355,-0.6085,9.746,-0.0035,0.0065,9.8066,-0.0235,-0.0036,-0.0085,-13,-32.81,29.38,22.42,-85.78,-135.16
52.41925,-1.54244,155.87,2.8,2,144.74,20 / 20,732409,2019-09-06 19:32:18:152,0.2011,-0.2942,9.8444,-0.0014,0.006,9.8066,0.0113,0.0039,0.0076,-13.12,-32.69,28.13,22.32,-85.81,-134.52
52.41925,-1.54244,155.87,2.8,2,144.74,20 / 20,732510,2019-09-06 19:32:18:253,0.2237,-0.2343,9.8879,-0.0011,0.0034,9.8066,0.005,-0.0053,-0.0041,-13.19,-32.44,28.88,23.24,-85.84,-134.32
52.41925,-1.54244,155.87,2.8,2,144.74,20 / 20,732610,2019-09-06 19:32:18:353,0.3525,-0.3437,9.8601,-0.0001,0.0029,9.8065,-0.0139,-0.0072,-0.0037,-13.81,-32.87,28.38,21.22,-85.87,-133.83
52.41925,-1.54244,155.87,2.8,2,144.74,20 / 20,732709,2019-09-06 19:32:18:452,0.2276,-0.1755,9.9125,-0.0005,0.0004,9.8066,-0.0049,0.015,0.0121,-13.56,-33,28.06,21.52,-85.88,-133.55
52.41925,-1.54244,155.87,2.8,2,144.74,20 / 20,732809,2019-09-06 19:32:18:552,0.3081,-0.398,9.8802,0.0005,0.0024,9.8066,0.0045,-0.0162,-0.005,-13.69,-32.69,28.38,21.83,-85.91,-133.25
52.41925,-1.54244,155.87,2.8,2,144.74,20 / 20,732909,2019-09-06 19:32:18:652,0.1587,-0.2844,9.8437,-0.0009,0.002,9.8066,-0.0077,-0.0016,-0.013,-13.94,-32.56,28.25,22.14,-85.94,-132.96
52.41925,-1.54244,155.87,2.8,2,144.74,20 / 20,733009,2019-09-06 19:32:18:752,0.3585,-0.4933,9.818,-0.0022,0.0017,9.8066,0.0088,0.0065,0.0103,-13.5,-32.69,27.88,24.34,-85.94,-132.6
52.41925,-1.54244,155.87,2.8,2,144.74,20 / 20,733109,2019-09-06 19:32:18:852,0.1308,-0.333,9.8087,-0.0019,0.0025,9.8066,0.0102,-0.0179,0.0087,-13.62,-32.69,28.69,23.56,-85.94,-132.39
52.41925,-1.54244,155.87,2.8,2,144.74,20 / 20,733210,2019-09-06 19:32:18:953,0.3119,-0.3092,9.9101,-0.0011,0.0024,9.8066,-0.0146,0.0059,-0.0086,-13.87,-32.81,28.81,23.77,-85.96,-132.18
52.41925,-1.54244,155.87,2.8,2,144.74,20 / 20,733310,2019-09-06 19:32:19:053,0.2555,-0.3107,9.8679,0.0019,-0.0005,9.8066,0.0062,0.0146,0.0172,-13.94,-32.69,28.56,24.16,-85.96,-131.82
52.41925,-1.54244,155.87,2.8,2,144.74,20 / 20,733409,2019-09-06 19:32:19:152,0.3255,-0.5533,9.7118,-0.001,-0.001,9.8066,-0.015,-0.0106,-0.0177,-14.19,-32.31,28.56,24.18,-85.97,-131.74
52.41925,-1.54244,155.87,2.8,2,144.74,20 / 20,733510,2019-09-06 19:32:19:253,0.1935,-0.4142,9.815,-0.0013,0.0044,9.8065,0.0035,-0.0004,-0.0101,-14.5,-32.37,28.5,24.58,-85.98,-131.36
52.41925,-1.54244,155.87,2.8,2,144.74,20 / 20,733609,2019-09-06 19:32:19:352,0.2911,-0.1188,9.8348,0.0015,0.0016,9.8066,0.0109,-0.0026,0.0075,-14.56,-32.5,29.44,22.78,-86,-131.44
52.41925,-1.54244,155.87,2.8,2,144.74,20 / 20,733710,2019-09-06 19:32:19:453,0.4427,-0.3099,9.8183,-0.0018,0.0008,9.8066,-0.015,0.0176,-0.0158,-14.5,-33,29.56,25.61,-85.99,-131.16
52.41925,-1.54244,155.87,2.8,2,144.74,20 / 20,733810,2019-09-06 19:32:19:553,0.2567,-0.3619,9.8566,0.0011,0.0028,9.8066,-0.0005,-0.0005,0.0144,-14.06,-32.75,29.31,24.7,-86.02,-131.29
52.41925,-1.54244,155.87,2.8,2,144.74,20 / 20,733910,2019-09-06 19:32:19:653,0.2806,-0.2717,9.8895,-0.0002,-0.0019,9.8066,-0.0129,0.0088,-0.008,-14.5,-33,29.63,25.57,-86.02,-131.18
52.41925,-1.54244,155.87,2.8,2,144.74,20 / 20,734010,2019-09-06 19:32:19:753,0.4865,-0.379,9.808,-0.0017,0.003,9.8066,0.0061,-0.0255,0.0021,-14.44,-32.75,28.75,24.9,-86.01,-131.11
52.41925,-1.54244,155.87,2.8,2,144.74,20 / 20,734110,2019-09-06 19:32:19:853,0.1888,-0.292,9.7885,-0.0023,0.0028,9.8066,0.0129,-0.0063,-0.0183,-14.19,-32.19,29.13,25.41,-86.01,-130.57
52.41925,-1.54244,155.87,2.8,2,144.74,20 / 20,734211,2019-09-06 19:32:19:954,0.2995,-0.2483,9.8717,0.0016,0.0027,9.8066,-0.0042,0.0061,0.0081,-14.12,-32.69,29.13,25.01,-86.02,-130.99
52.41925,-1.54244,155.87,2.8,2,144.74,20 / 20,734311,2019-09-06 19:32:20:054,0.3882,-0.5361,9.6628,-0.0002,-0.0008,9.8066,-0.0245,0.0203,-0.0039,-14.37,-32.5,28.38,23.95,-86.01,-131.19
52.41925,-1.54244,155.87,2.8,2,144.74,20 / 20,734410,2019-09-06 19:32:20:153,0.2125,-0.3206,9.8615,0.0006,0.0005,9.8066,-0.0005,-0.01,0.0154,-14.25,-32.37,28.38,24.13,-86.03,-131.02
52.41925,-1.54244,155.87,2.8,2,144.74,20 / 20,734509,2019-09-06 19:32:20:252,0.3019,-0.3274,9.7414,0.0006,-0.0021,9.8066,-0.0184,-0.0131,-0.0184,-14.12,-32.37,29.19,25.12,-86.01,-130.85
52.41925,-1.54244,155.87,2.8,2,144.74,20 / 20,734610,2019-09-06 19:32:20:353,0.3294,-0.0744,9.9836,0.0031,-0.0011,9.8066,0.0305,-0.0075,0.0105,-14.37,-33.12,29.13,25.01,-86.02,-130.99
52.41925,-1.54244,155.87,2.8,2,144.74,20 / 20,734709,2019-09-06 19:32:20:452,0.2991,-0.3079,9.7928,-0.001,-0.0012,9.8066,-0.0052,0.0104,-0.0123,-13.81,-33.19,29.13,25.07,-86,-130.95
52.41925,-1.54244,155.87,2.8,2,144.74,20 / 20,734809,2019-09-06 19:32:20:552,0.3276,-0.3061,9.8126,0.0004,0.0006,9.8066,0.0092,0.007,0.0175,-14.06,-32.44,28.31,24.11,-86.02,-131.04
52.41925,-1.54244,155.87,2.8,2,144.74,20 / 20,734910,2019-09-06 19:32:20:653,0.2483,-0.1279,10.0332,-0.0027,-0.0012,9.8066,-0.0144,-0.0126,-0.0093,-13.94,-32.31,28.75,24.92,-85.99,-131.05
52.41925,-1.54244,155.87,2.8,2,144.74,20 / 20,735009,2019-09-06 19:32:20:752,0.3656,-0.3759,9.7532,-0.0029,0.0035,9.8066,0.0011,-0.0128,0.0031,-13.94,-33,29.19,25.18,-85.99,-130.85
52.41925,-1.54244,155.87,2.8,2,144.74,20 / 20,735109,2019-09-06 19:32:20:852,0.3547,-0.4373,9.8793,0,-0.0033,9.8066,-0.0114,-0.0071,-0.0071,-14.06,-32.37,28.63,24.99,-85.99,-130.98
52.41925,-1.54244,155.87,2.8,2,144.74,20 / 20,735210,2019-09-06 19:32:20:953,0.2221,-0.1768,9.9399,0.0019,-0.0016,9.8066,-0.0082,0.012,0.0013,-14.06,-32.69,29.19,24.83,-85.96,-131.19
52.41925,-1.54244,155.87,2.8,2,144.74,20 / 20,735309,2019-09-06 19:32:21:052,0.3993,-0.4698,9.7609,0.0004,-0.0024,9.8066,-0.0086,0.0106,0.0096,-14.69,-32.81,29.25,22.86,-85.96,-131.43
52.41925,-1.54244,155.87,2.8,2,144.74,20 / 20,735409,2019-09-06 19:32:21:152,0.3344,-0.4107,9.8989,-0.001,-0.0027,9.8066,-0.0051,-0.005,-0.0047,-14.31,-32.37,29.06,24.78,-85.95,-131.2
52.41925,-1.54244,155.87,2.8,2,144.74,20 / 20,735510,2019-09-06 19:32:21:253,0.191,-0.2153,9.9497,0,0.001,9.8066,0.0165,0.014,0.015,-14.12,-32.62,29.25,24.79,-85.94,-131.24
52.41925,-1.54244,155.87,2.8,2,144.74,20 / 20,735609,2019-09-06 19:32:21:352,0.4029,-0.3893,9.773,0.0002,-0.0011,9.8066,-0.0026,0.0153,0.0097,-14.5,-32.62,29.88,25.43,-85.93,-131.35
52.41925,-1.54244,155.87,2.8,2,144.74,20 / 20,735710,2019-09-06 19:32:21:453,0.4679,-0.6237,9.7893,0.0008,-0.002,9.8066,-0.0146,-0.0041,-0.0001,-14.62,-32.44,30.75,24.33,-85.91,-131.47
52.41925,-1.54244,155.87,2.8,2,144.74,20 / 20,735809,2019-09-06 19:32:21:552,0.3069,-0.3962,10.0411,-0.0008,0,9.8066,-0.0172,-0.0001,0.0014,-15.5,-32.5,30.63,23.93,-85.88,-131.86
52.41925,-1.54244,155.87,2.8,2,144.74,20 / 20,735909,2019-09-06 19:32:21:652,0.2429,-0.426,9.8104,0.0003,0.0008,9.8066,0.0006,-0.0267,0.0206,-15.44,-32.06,31.19,23.58,-85.86,-132.19
52.41925,-1.54244,155.87,2.8,2,144.74,20 / 20,736009,2019-09-06 19:32:21:752,0.5108,-0.6824,9.8164,0.0006,-0.0073,9.8066,-0.0105,-0.0092,-0.0147,-15.31,-32.25,30.94,23.24,-85.79,-132.53
52.41925,-1.54244,155.87,2.8,2,144.74,20 / 20,736110,2019-09-06 19:32:21:853,0.42,-0.6427,9.9563,0.0021,-0.0024,9.8066,0.0139,-0.0095,0.0082,-15.37,-32.06,31.31,23.16,-85.78,-132.61
52.41925,-1.54244,155.87,2.8,2,144.74,20 / 20,736210,2019-09-06 19:32:21:953,0.3284,-0.6223,9.7835,-0.0014,-0.0012,9.8066,0.0131,-0.0024,-0.0087,-15.44,-31.94,30.94,23.15,-85.76,-132.63
52.41925,-1.54244,155.87,2.8,2,144.74,20 / 20,736310,2019-09-06 19:32:22:053,0.6096,-0.955,9.8308,0.0005,-0.0018,9.8066,-0.0006,-0.0224,0,-14.44,-31.5,29.56,23.66,-85.72,-132.99
52.41925,-1.54244,155.87,2.8,2,144.74,20 / 20,736410,2019-09-06 19:32:22:153,0.1877,-0.4774,9.9039,-0.0036,0.0003,9.8066,0.0198,-0.0295,0.0158,-14,-31.87,30.25,23.84,-85.65,-132.9
52.41925,-1.54244,155.87,2.8,2,144.74,20 / 20,736509,2019-09-06 19:32:22:252,0.4308,-0.8926,9.8565,-0.0036,0.0007,9.8066,0.0049,-0.0508,0.0066,-14.5,-31.81,29.31,23.2,-85.62,-132.81
52.41925,-1.54244,155.87,2.8,2,144.74,20 / 20,736610,2019-09-06 19:32:22:353,0.3665,-0.8173,9.7896,-0.0007,-0.0094,9.8066,-0.0069,-0.0416,0.0141,-13.12,-31.87,28.81,24.82,-85.52,-132.99
52.41925,-1.54244,155.87,2.8,2,144.74,20 / 20,736710,2019-09-06 19:32:22:453,0.16,-0.6887,9.8084,-0.003,-0.008,9.8066,-0.0069,-0.0628,0.0268,-13.06,-31.37,29.31,25.14,-85.45,-132.67
52.41925,-1.54244,155.87,2.8,2,144.74,20 / 20,736810,2019-09-06 19:32:22:553,0.3348,-0.9299,9.7563,-0.0053,-0.003,9.8066,0.0148,-0.0768,0.0227,-13.06,-31.25,29.13,25.37,-85.38,-132.49
52.41925,-1.54244,155.87,2.8,2,144.74,20 / 20,736910,2019-09-06 19:32:22:653,0.2712,-1.2869,9.73,-0.0078,-0.002,9.8066,0.0009,-0.0855,0.0213,-12.75,-31.06,29.25,26.21,-85.27,-131.76
52.41925,-1.54244,155.87,2.8,2,144.74,20 / 20,737010,2019-09-06 19:32:22:753,0.2949,-0.977,9.7959,-0.0054,-0.0083,9.8066,0.0008,-0.0737,0.0177,-12.44,-30.81,29.69,28.97,-85.15,-131.57
52.41925,-1.54244,155.87,2.8,2,144.74,20 / 20,737110,2019-09-06 19:32:22:853,0.062,-0.9669,9.8377,-0.0035,-0.0081,9.8066,-0.014,-0.0921,0.0315,-12.5,-30.31,30,29.11,-85.05,-131.41
52.41925,-1.54244,155.87,2.8,2,144.74,20 / 20,737210,2019-09-06 19:32:22:953,0.303,-1.0346,9.7177,-0.0039,-0.0005,9.8066,-0.0134,-0.1315,0.0133,-12.94,-30.12,30.94,28.62,-84.95,-130.88
52.41925,-1.54244,155.87,2.8,2,144.74,20 / 20,737310,2019-09-06 19:32:23:053,0.1128,-1.5262,10.0956,-0.0045,-0.0099,9.8065,0.0151,-0.1591,0.04,-12.69,-30.19,31.06,28.99,-84.84,-130.59
52.41925,-1.54244,155.87,2.8,2,144.74,20 / 20,737409,2019-09-06 19:32:23:152,0.1721,-1.0016,9.927,-0.0035,-0.0115,9.8066,-0.0093,-0.1906,0.0318,-12.69,-30.31,31.38,29.14,-84.76,-130.49
52.41925,-1.54244,155.87,2.8,2,144.74,20 / 20,737510,2019-09-06 19:32:23:253,0.3273,-2.1632,9.8234,-0.0024,-0.0098,9.8066,-0.0003,-0.182,0.0395,-12.81,-30.31,30.5,28.58,-84.52,-131.12
52.41925,-1.54244,155.87,2.8,2,144.74,20 / 20,737609,2019-09-06 19:32:23:352,0.2533,-1.8735,9.9569,-0.0002,-0.014,9.8066,0.0102,-0.2269,0.0265,-12,-30.56,30.5,29.62,-84.32,-131.96
52.41925,-1.54244,155.87,2.8,2,144.74,20 / 20,737710,2019-09-06 19:32:23:453,0.0832,-1.517,9.9236,0.0011,-0.0048,9.8066,0.0282,-0.2368,0.005,-11.94,-30.81,30,28.19,-84.25,-132.73
52.41925,-1.54244,155.87,2.8,2,144.74,20 / 20,737810,2019-09-06 19:32:23:553,0.446,-2.3942,9.9901,0.001,-0.0159,9.8066,0.0101,-0.2857,0.0548,-10.94,-31,29.5,28.37,-84.03,-134.38
52.41925,-1.54244,155.87,2.8,2,144.74,20 / 20,737910,2019-09-06 19:32:23:653,0.3042,-1.9815,9.9874,0.0072,-0.0188,9.8066,-0.0001,-0.275,0.0172,-10.69,-31.37,30,27.41,-83.91,-135.3
52.41925,-1.54244,155.87,2.8,2,144.74,20 / 20,738009,2019-09-06 19:32:23:752,0.3832,-2.1685,9.9288,0.0072,-0.0121,9.8066,-0.0065,-0.2801,-0.0065,-10.81,-31.56,30.31,26.1,-83.79,-136.63
52.41925,-1.54244,155.87,2.8,2,144.74,20 / 20,738109,2019-09-06 19:32:23:852,0.4328,-1.4988,9.6413,0.011,-0.0215,9.8066,-0.0123,-0.2723,0.0056,-9.94,-31.75,30.63,26.1,-83.63,-138.92
52.41925,-1.54244,155.87,2.8,2,144.74,20 / 20,738210,2019-09-06 19:32:23:953,0.6362,-1.4167,9.6598,0.0053,-0.0027,9.8066,-0.0265,-0.2434,0.0238,-9.75,-31.31,30.56,24.39,-83.52,-140.41
52.41925,-1.54244,155.87,2.8,2,144.74,20 / 20,738310,2019-09-06 19:32:24:053,0.7864,-1.1941,9.6319,0.0163,-0.0067,9.8066,-0.0127,-0.1981,-0.0132,-9.31,-32.31,30.81,24.42,-83.51,-142.19
52.41925,-1.54244,155.87,2.8,2,144.74,20 / 20,738410,2019-09-06 19:32:24:153,1.0241,-1.4078,9.719,0.0102,0.0058,9.8066,0.0153,-0.1596,-0.0324,-9.25,-32.06,30.31,21.74,-83.6,-144.11
52.41925,-1.54244,155.87,2.8,2,144.74,20 / 20,738509,2019-09-06 19:32:24:252,1.1951,-2.0299,9.959,0.006,0.005,9.8066,0.0733,-0.1226,-0.0044,-9.62,-32,30.56,19.04,-83.6,-145.24
52.41925,-1.54244,155.87,2.8,2,144.74,20 / 20,738609,2019-09-06 19:32:24:352,1.1209,-1.3283,10.0986,0.0149,-0.0188,9.8066,-0.0117,-0.0783,-0.0087,-8.62,-32.31,31.69,19.96,-83.55,-146.56
52.41925,-1.54244,155.87,2.8,2,144.74,20 / 20,738710,2019-09-06 19:32:24:453,1.3348,-1.1469,9.7054,0.0156,0.0025,9.8066,-0.0509,-0.0337,-0.0536,-8.37,-32.31,31.06,18.39,-83.47,-149.31
52.41925,-1.54244,155.87,2.8,2,144.74,20 / 20,738809,2019-09-06 19:32:24:552,1.436,-1.0659,9.474,0.0113,0.0012,9.8066,0.0606,0.0019,-0.0148,-8.06,-32,30.88,15.94,-83.51,-151.46
52.41925,-1.54244,155.87,2.8,2,144.74,20 / 20,738910,2019-09-06 19:32:24:653,0.8014,-1.1575,9.5852,0.014,-0.0062,9.8066,0.0365,0.048,-0.0394,-7.75,-32.12,30.06,13.94,-83.5,-152.82
52.41925,-1.54244,155.87,2.8,2,144.74,20 / 20,739010,2019-09-06 19:32:24:753,1.5862,-1.4864,9.6077,0.0124,0.0013,9.8066,-0.0382,0.0675,-0.0556,-8.62,-32.37,30.25,10.07,-83.57,-154.44
52.41925,-1.54244,155.87,2.8,2,144.74,20 / 20,739110,2019-09-06 19:32:24:853,1.5366,-1.5583,9.8432,0.0133,0.0111,9.8066,-0.014,0.0815,-0.0532,-8.94,-32.37,30.5,8.9,-83.66,-155.93
52.41925,-1.54244,155.87,2.8,2,144.74,20 / 20,739210,2019-09-06 19:32:24:953,1.4918,-1.429,9.9171,0.0162,-0.0032,9.8066,-0.0639,0.1477,-0.048,-9.12,-32.44,30.25,6.84,-83.75,-157.26
52.41925,-1.54244,155.87,2.8,2,144.74,20 / 20,739310,2019-09-06 19:32:25:053,1.5804,-0.9568,9.4192,0.0166,-0.002,9.8066,-0.0698,0.1365,-0.0468,-9.25,-32.75,29.94,4.42,-83.89,-159.4
52.41925,-1.54244,155.87,2.8,2,144.74,20 / 20,739409,2019-09-06 19:32:25:152,1.3752,-0.6108,9.786,0.002,0.0189,9.8066,-0.0662,0.1652,-0.0416,-9.81,-32.56,30.63,2.13,-84.06,-160.23
52.41925,-1.54244,155.87,2.8,2,144.74,20 / 20,739510,2019-09-06 19:32:25:253,1.6088,-0.8644,9.8485,0.007,0.0248,9.8066,0.0134,0.1919,-0.0414,-9.69,-33.25,30.56,1.1,-84.4,-161.13
52.41925,-1.54244,155.87,2.8,2,144.74,20 / 20,739609,2019-09-06 19:32:25:352,1.6574,-1.4429,9.8683,0.0055,0.0144,9.8065,-0.0596,0.1954,-0.0416,-10.56,-33.19,29.63,356.81,-84.69,-162.73
52.41925,-1.54244,155.87,2.8,2,144.74,20 / 20,739710,2019-09-06 19:32:25:453,1.9063,-1.1344,9.7922,0.0041,0.011,9.8066,-0.0479,0.1891,-0.0368,-10.5,-32.5,30.31,358.02,-84.81,-163.36
52.41925,-1.54244,155.87,2.8,2,144.74,20 / 20,739810,2019-09-06 19:32:25:553,2.0593,-0.9461,10.0867,-0.0069,0.0014,9.8066,0.0363,0.1747,0.0406,-10.87,-32,30.38,355.8,-84.89,-163.67
52.41925,-1.54244,155.87,2.8,2,144.74,20 / 20,739909,2019-09-06 19:32:25:652,1.5401,-1.016,9.7171,0.0055,0.0226,9.8065,-0.0212,0.2098,-0.1045,-10.94,-32.44,29.81,355.93,-85.03,-163.56
52.41925,-1.54244,155.87,2.8,2,144.74,20 / 20,740009,2019-09-06 19:32:25:752,2.072,-0.3852,9.5092,0.0103,-0.0072,9.8066,-0.0125,0.1665,0.0219,-11.69,-32.31,29.38,351.05,-85.16,-165.68
52.41925,-1.54244,155.87,2.8,2,144.74,20 / 20,740110,2019-09-06 19:32:25:853,2.1829,-1.3656,9.6988,0.0196,0.0038,9.8066,-0.0068,0.2124,-0.0602,-11.81,-32.87,29.69,349.74,-85.22,-167.56
52.41925,-1.54244,155.87,2.8,2,144.74,20 / 20,740210,2019-09-06 19:32:25:953,1.501,-1.0545,10.0955,0.0054,-0.0054,9.8066,0.0416,0.1536,-0.0354,-11.56,-31.94,30,347.99,-85.19,-169.18
52.41925,-1.54244,155.87,2.8,2,144.74,20 / 20,740310,2019-09-06 19:32:26:053,1.7781,-1.7459,9.8945,0.0037,0.0083,9.8066,0.0092,0.1892,-0.0526,-11.94,-32.06,29.88,347.24,-85.12,-169.85
52.419167,-1.542392,155.76,4.74,3,158.91,20 / 20,740409,2019-09-06 19:32:26:152,1.3505,-2.0025,9.5346,0.0025,0.0112,9.8066,0.0204,0.1463,-0.0073,-11.75,-32.19,30.69,347.17,-85.1,-170.58
52.419167,-1.542392,155.76,4.74,3,158.91,20 / 20,740510,2019-09-06 19:32:26:253,1.2159,-2.3949,9.8113,-0.0086,0.0091,9.8066,0.0504,0.079,0.0087,-10.44,-32.37,30.19,349.8,-85.16,-170.87
52.419167,-1.542392,155.76,4.74,3,158.91,20 / 20,740609,2019-09-06 19:32:26:352,0.9025,-1.8569,10.0179,0.0076,-0.0186,9.8065,-0.0746,0.0865,-0.017,-10.12,-32.75,29.63,350.4,-85.01,-170.27
52.419167,-1.542392,155.76,4.74,3,158.91,20 / 20,740710,2019-09-06 19:32:26:453,0.5138,-1.5946,10.2769,0.0125,-0.0176,9.8065,-0.0468,0.0731,-0.0255,-11.12,-32.87,29.56,347.63,-84.98,-171.08
52.419167,-1.542392,155.76,4.74,3,158.91,20 / 20,740810,2019-09-06 19:32:26:553,1.2049,-0.9558,9.6337,0.0139,0.0041,9.8066,0.0357,0.067,-0.0513,-10.44,-33.06,29.44,346.05,-85,-173.58
52.419167,-1.542392,155.76,4.74,3,158.91,20 / 20,740910,2019-09-06 19:32:26:653,1.0617,-1.1602,9.8847,0.0073,0.0005,9.8065,0.0363,0.049,0.0029,-10.69,-32.56,29,342.65,-85,-174.93
52.419167,-1.542392,155.76,4.74,3,158.91,20 / 20,741010,2019-09-06 19:32:26:753,1.3068,-2.2019,10.1444,0.016,-0.0081,9.8066,0.0009,0.0764,-0.0285,-11.56,-32.75,28.88,340.01,-84.94,-175.62
52.419167,-1.542392,155.76,4.74,3,158.91,20 / 20,741109,2019-09-06 19:32:26:852,0.7085,-1.7347,9.588,-0.0018,-0.0082,9.8066,-0.0187,-0.0016,0.0251,-11.25,-32.62,28.44,339.98,-84.81,-176.55
52.419167,-1.542392,155.76,4.74,3,158.91,20 / 20,741210,2019-09-06 19:32:26:953,0.5072,-0.8406,9.5628,0.0032,-0.0106,9.8066,-0.0702,0.0254,-0.0206,-11.56,-32.94,28.69,339.91,-84.7,-175.62
52.419167,-1.542392,155.76,4.74,3,158.91,20 / 20,741309,2019-09-06 19:32:27:052,0.6895,-1.1185,9.9825,0.0231,-0.0121,9.8065,0.0459,0.0369,-0.0173,-11.81,-32.69,29.19,338.25,-84.62,-177.09
52.419167,-1.542392,155.76,4.74,3,158.91,20 / 20,741410,2019-09-06 19:32:27:153,1.4978,-0.5606,9.8487,0.0047,0.0023,9.8066,0.0118,0.0026,-0.0265,-10.81,-32.56,29,337.72,-84.47,-179.18
52.419167,-1.542392,155.76,4.74,3,158.91,20 / 20,741509,2019-09-06 19:32:27:252,1.2031,-0.7844,9.2723,-0.0007,0.0009,9.8066,-0.0259,0.005,0.0107,-11.31,-32.62,29.44,337.4,-84.35,-179.42
52.419167,-1.542392,155.76,4.74,3,158.91,20 / 20,741609,2019-09-06 19:32:27:352,-0.1034,-1.7511,9.0661,-0.0143,0.0119,9.8066,-0.0355,0.1081,-0.0684,-11,-32.31,28.25,338.91,-84.25,-177.34
52.419167,-1.542392,155.76,4.74,3,158.91,20 / 20,741710,2019-09-06 19:32:27:453,0.0833,-1.8054,9.6848,-0.0185,0.0033,9.8066,-0.005,-0.062,0.1057,-11.81,-31.94,29.56,340.71,-84.38,-175.56
52.419167,-1.542392,155.76,4.74,3,158.91,20 / 20,741810,2019-09-06 19:32:27:553,1.2031,-2.1353,9.5837,0.0068,0.0102,9.8066,-0.1195,0.0484,-0.0647,-11.31,-33.12,28.38,340.16,-84.62,-176.31
52.419167,-1.542392,155.76,4.74,3,158.91,20 / 20,741909,2019-09-06 19:32:27:652,0.7417,-0.1116,10.0888,-0.007,-0.0329,9.8065,-0.0416,-0.0594,0.0994,-11.62,-32.25,28.44,340.25,-84.64,-174.57
52.419167,-1.542392,155.76,4.74,3,158.91,20 / 20,742010,2019-09-06 19:32:27:753,0.9051,-1.3955,9.3976,0.0016,0.0184,9.8066,0.0499,0.0462,-0.043,-12.44,-32.56,28.13,340.14,-84.79,-174.67
52.419167,-1.542392,155.76,4.74,3,158.91,20 / 20,742110,2019-09-06 19:32:27:853,0.6344,-0.999,9.5749,-0.0039,-0.0058,9.8066,0.094,0.0221,0.0674,-11.12,-33,28.44,342.02,-84.64,-174.65
52.419167,-1.542392,155.76,4.74,3,158.91,20 / 20,742210,2019-09-06 19:32:27:953,0.5627,-0.634,10.1436,0.0035,0.0189,9.8066,-0.0294,0.0449,-0.0972,-11.62,-33.25,28.56,340.71,-84.47,-174.81
52.419167,-1.542392,155.76,4.74,3,158.91,20 / 20,742309,2019-09-06 19:32:28:052,0.8471,-0.5637,10.2856,-0.0076,0.0176,9.8066,0.0342,0.0365,0.0205,-11.94,-32.81,28.38,339.07,-84.6,-175.56
52.419167,-1.542392,155.76,4.74,3,158.91,20 / 20,742409,2019-09-06 19:32:28:152,1.884,-0.453,9.7326,0.0248,-0.0116,9.8065,-0.0688,0.0116,-0.0447,-11.81,-33.31,28.13,336.49,-84.47,-177.82
52.419167,-1.542392,155.76,4.74,3,158.91,20 / 20,742510,2019-09-06 19:32:28:253,0.9294,-0.0106,9.7258,-0.0124,0.0199,9.8065,-0.1589,0.013,-0.0856,-11.94,-33.37,27.81,334.5,-84.55,-179.66
52.419167,-1.542392,155.76,4.74,3,158.91,20 / 20,742609,2019-09-06 19:32:28:352,-1.0769,-0.5376,9.4552,-0.0302,0.0124,9.8066,0.2246,0.1725,-0.0231,-11.62,-33.06,27.69,335.52,-84.61,-178.77
52.419167,-1.542392,155.76,4.74,3,158.91,20 / 20,742710,2019-09-06 19:32:28:453,-0.7586,-1.498,10.093,-0.0349,0.0506,9.8064,0.1715,-0.0457,0.181,-12.12,-33.87,27.31,336.3,-84.9,-177.3
52.419167,-1.542392,155.76,4.74,3,158.91,20 / 20,742810,2019-09-06 19:32:28:553,0.8991,-0.4366,10.5934,-0.0051,0.014,9.8065,-0.1109,-0.0212,0.0215,-11.56,-33.5,27.88,336.22,-84.98,-178.3
52.419167,-1.542392,155.76,4.74,3,158.91,20 / 20,742910,2019-09-06 19:32:28:653,1.9845,-1.1618,11.0873,-0.0117,0.0514,9.8064,-0.0475,0.1436,-0.1326,-11.81,-33.69,27.88,335.89,-85.2,-178.65
52.419167,-1.542392,155.76,4.74,3,158.91,20 / 20,743010,2019-09-06 19:32:28:753,2.0898,-0.3331,9.691,0.0106,-0.0692,9.8064,-0.0395,-0.0311,0.1175,-11.62,-33.06,27.81,336.89,-84.87,-177.65
52.419167,-1.542392,155.76,4.74,3,158.91,20 / 20,743110,2019-09-06 19:32:28:853,0.7269,-0.4436,9.6036,0.0412,-0.0609,9.8063,-0.2006,0.0145,-0.0725,-12.37,-33.25,27.63,335.79,-84.66,-178.54
52.419167,-1.542392,155.76,4.74,3,158.91,20 / 20,743214,2019-09-06 19:32:28:957,0.5561,-0.6467,9.5963,-0.0156,-0.0055,9.8066,0.1313,-0.0379,0.0049,-11.44,-32.81,28.19,337,-84.55,-179.12
52.419167,-1.542392,155.76,4.74,3,158.91,20 / 20,743310,2019-09-06 19:32:29:053,0.6017,-0.9976,10.6452,-0.0046,0.0205,9.8066,0.0567,0.0469,-0.0089,-11.56,-33.25,27.94,336.22,-84.44,-178.06
52.419167,-1.542392,155.76,4.74,3,158.91,20 / 20,743409,2019-09-06 19:32:29:152,-0.019,-0.1833,10.3817,0.0071,0.0111,9.8066,0.0874,0.0108,0.0265,-11.06,-32.06,28.5,338.01,-84.32,-178.93
52.419167,-1.542392,155.76,4.74,3,158.91,20 / 20,743510,2019-09-06 19:32:29:253,1.3962,-0.0234,8.667,0.0032,0.0182,9.8066,0.0478,-0.0023,-0.0102,-10.94,-32.81,28.19,337.36,-84.16,-178.62
52.419167,-1.542392,155.76,4.74,3,158.91,20 / 20,743610,2019-09-06 19:32:29:353,-1.4155,-0.5011,9.4732,-0.0308,0.0699,9.8063,0.3622,0.0342,0.062,-10.81,-31.69,28.88,338.68,-83.96,-178.17
52.419167,-1.542392,155.76,4.74,3,158.91,20 / 20,743709,2019-09-06 19:32:29:452,0.2697,-0.3751,9.9515,-0.0691,0.0972,9.8059,0.2548,-0.0096,-0.0019,-11.25,-31.5,27.81,340.26,-84.7,-176.37
52.419167,-1.542392,155.76,4.74,3,158.91,20 / 20,743809,2019-09-06 19:32:29:552,0.3552,-1.261,11.1077,-0.0565,0.1156,9.8058,-0.2179,-0.0743,0.1188,-11.75,-31.44,27.31,338.61,-85.09,-175.47
52.419167,-1.542392,155.76,4.74,3,158.91,20 / 20,743910,2019-09-06 19:32:29:653,2.534,-0.0161,10.3419,0.0138,-0.0893,9.8062,0.0808,0.1233,-0.2238,-13.06,-32.31,26.88,337.68,-84.64,-174.35
52.419167,-1.542392,155.76,4.74,3,158.91,20 / 20,744009,2019-09-06 19:32:29:752,1.5987,-0.6673,9.8285,0.0262,-0.0358,9.8065,-0.127,-0.1173,0.0532,-13.56,-31.37,27.44,335.34,-84.61,-174.86
52.419167,-1.542392,155.76,4.74,3,158.91,20 / 20,744111,2019-09-06 19:32:29:854,0.2117,-0.8833,9.632,0.013,-0.0241,9.8065,-0.2164,-0.0268,-0.0045,-13.06,-32.5,27.69,338.64,-84.44,-174.27
52.419167,-1.542392,155.76,4.74,3,158.91,20 / 20,744210,2019-09-06 19:32:29:953,-0.865,-0.3165,9.6759,0.0046,-0.0199,9.8066,-0.2048,-0.075,0.025,-12.69,-33,28.06,339.01,-84.37,-173.84
52.419167,-1.542392,155.76,4.74,3,158.91,20 / 20,744310,2019-09-06 19:32:30:053,0.1031,-0.6242,9.7927,-0.0187,0.0609,9.8064,0.135,-0.0464,-0.0061,-12.25,-33.25,28.06,340.92,-84.93,-174.02
52.419167,-1.542392,155.76,4.74,3,158.91,20 / 20,744409,2019-09-06 19:32:30:152,0.6745,-0.3226,9.706,-0.0111,0.0269,9.8066,-0.0369,-0.0515,0.0178,-12.37,-33.06,27.75,340.26,-84.92,-174.61
52.419167,-1.542392,155.76,4.74,3,158.91,20 / 20,744510,2019-09-06 19:32:30:253,0.5757,-0.4836,9.7745,0.0056,-0.007,9.8066,0.0212,0.009,-0.0228,-11.69,-32.62,27.75,339.05,-84.77,-175.65
52.419167,-1.542392,155.76,4.74,3,158.91,20 / 20,744609,2019-09-06 19:32:30:352,-0.6117,0.3648,9.6941,0.0071,-0.0099,9.8066,-0.0668,-0.0035,0.0185,-12,-32.81,27.56,338.83,-84.7,-175.82
52.419167,-1.542392,155.76,4.74,3,158.91,20 / 20,744709,2019-09-06 19:32:30:452,-0.0136,1.3301,9.2151,-0.0025,-0.0056,9.8066,-0.1139,0.0047,0.0063,-11.69,-32.75,27.88,337.54,-84.73,-176.99
52.419167,-1.542392,155.76,4.74,3,158.91,20 / 20,744809,2019-09-06 19:32:30:552,-0.2237,0.8,10.0726,-0.0025,-0.0136,9.8066,-0.0197,-0.0141,0.0041,-12.69,-32.44,27.44,336.23,-84.7,-175.69
52.419167,-1.542392,155.76,4.74,3,158.91,20 / 20,744910,2019-09-06 19:32:30:653,-0.0859,0.5668,9.6828,-0.014,-0.001,9.8066,-0.0744,-0.001,0.0175,-11.56,-32.44,27.44,339.5,-84.8,-174.49
52.419167,-1.542392,155.76,4.74,3,158.91,20 / 20,745010,2019-09-06 19:32:30:753,-0.1204,0.0192,9.7512,-0.002,-0.0081,9.8065,0.1006,-0.0271,0.0362,-11.75,-32.37,27,340.86,-84.73,-173.23
52.419167,-1.542392,155.76,4.74,3,158.91,20 / 20,745110,2019-09-06 19:32:30:853,0.116,0.4063,10.0788,-0.0022,0.0121,9.8066,0.1154,-0.0521,-0.0063,-11.19,-32.12,26.81,342.36,-84.65,-173.62
52.419167,-1.542392,155.76,4.74,3,158.91,20 / 20,745209,2019-09-06 19:32:30:952,0.2052,-0.857,10.411,-0.006,0.0263,9.8065,-0.0384,0.0111,0.0178,-11.87,-32.31,26.31,338.59,-84.51,-174.3
52.419167,-1.542392,155.76,4.74,3,158.91,20 / 20,745310,2019-09-06 19:32:31:053,-0.2361,-0.9861,9.6715,0.0359,-0.0523,9.8063,-0.004,-0.018,0.0247,-12.62,-32,26.38,334.72,-84.37,-175.96
52.419167,-1.542392,155.76,4.74,3,158.91,20 / 20,745410,2019-09-06 19:32:31:153,0.3329,-0.3127,9.8305,0.0347,-0.0479,9.8064,0.0126,-0.0002,-0.074,-13.69,-32.5,27.5,333.02,-83.87,-177.44
52.419167,-1.542392,155.76,4.74,3,158.91,20 / 20,745510,2019-09-06 19:32:31:253,-0.4989,0.3987,10.1395,0.0018,0.0205,9.8066,-0.0218,-0.0389,0.0198,-12.56,-32.62,28.25,333.08,-83.93,-178.95
52.419167,-1.542392,155.76,4.74,3,158.91,20 / 20,745609,2019-09-06 19:32:31:352,-0.2151,-0.2135,9.4503,0.0064,0.0224,9.8066,-0.018,0.0325,-0.0834,-12.81,-32.44,28.69,332.04,-83.9,179.2
52.419167,-1.542392,155.76,4.74,3,158.91,20 / 20,745710,2019-09-06 19:32:31:453,0.116,0.1353,9.6934,0.0048,0.0064,9.8066,0.0437,0.0125,-0.0008,-11.56,-32.25,28.06,331.13,-83.83,177.6
52.419167,-1.542392,155.76,4.74,3,158.91,20 / 20,745810,2019-09-06 19:32:31:553,0.3706,0.1627,9.6542,0.0006,0.0088,9.8066,-0.0495,0.0183,-0.0081,-11.75,-32.94,27.88,330.19,-83.8,176.88
52.419167,-1.542392,155.76,4.74,3,158.91,20 / 20,745910,2019-09-06 19:32:31:653,-0.0995,0.1924,9.7428,0.0038,-0.0129,9.8066,-0.0408,-0.0424,-0.0091,-12.5,-31.94,27.69,330.51,-83.76,177.08
52.419167,-1.542392,155.76,4.74,3,158.91,20 / 20,746009,2019-09-06 19:32:31:752,0.3382,0.9936,9.3818,-0.0121,0.0249,9.8066,0.053,-0.0501,0.0443,-11.31,-32.37,27.44,331.49,-83.69,177.11
52.419167,-1.542392,155.76,4.74,3,158.91,20 / 20,746110,2019-09-06 19:32:31:853,-0.2551,0.9037,9.9104,-0.0117,0.0223,9.8066,-0.0277,-0.0117,0.0193,-11.81,-32.19,27.81,331.08,-83.91,177.5
52.419167,-1.542392,155.76,4.74,3,158.91,20 / 20,746210,2019-09-06 19:32:31:953,-1.1599,1.0623,10.0839,-0.0123,0.0208,9.8065,0.0322,0.0261,-0.0125,-10.87,-31.69,27.94,333,-84,177.47
52.419167,-1.542392,155.76,4.74,3,158.91,20 / 20,746309,2019-09-06 19:32:32:052,-0.0396,1.1409,9.8156,-0.0025,0.0109,9.8066,0.0601,0.0491,-0.0112,-10.5,-30.75,28.19,335.01,-83.99,177.43
52.419167,-1.542392,155.76,4.74,3,158.91,19 / 19,746409,2019-09-06 19:32:32:152,-0.0701,-0.7915,10.0629,0.0205,-0.0545,9.8064,-0.0842,0.0666,-0.0039,-10.12,-30.44,28.56,336.64,-84.05,178.08
52.419167,-1.542392,155.76,4.74,3,158.91,19 / 19,746510,2019-09-06 19:32:32:253,0.049,-0.2285,10.8257,0.0229,-0.0516,9.8064,-0.0324,0.0387,0.0281,-11.87,-30.75,28.31,331.98,-84.03,178.16
52.419167,-1.542392,155.76,4.74,3,158.91,19 / 19,746609,2019-09-06 19:32:32:352,0.2001,0.2253,10.4077,0.0158,-0.0201,9.8066,-0.1144,-0.0221,0.028,-11.56,-31,28.75,332.45,-83.74,177.93
52.419167,-1.542392,155.76,4.74,3,158.91,19 / 19,746710,2019-09-06 19:32:32:453,0.5294,0.3975,9.3669,0.0039,-0.0182,9.8066,-0.1334,0.0022,-0.0202,-11.94,-30.62,28.25,333.03,-83.69,179.28
52.419167,-1.542392,155.76,4.74,3,158.91,19 / 19,746810,2019-09-06 19:32:32:553,-0.7917,1.3882,9.7761,0.0104,-0.037,9.8065,0.1267,0.0223,0.0322,-12.19,-30.69,28.5,334.73,-83.58,-179.95
52.419167,-1.542392,155.76,4.74,3,158.91,19 / 19,746910,2019-09-06 19:32:32:653,0.0925,0.6698,9.7848,-0.0241,0.0339,9.8065,0.0971,0.0538,-0.0367,-12.81,-31.25,28.19,332.09,-83.72,-179.91
52.419167,-1.542392,155.76,4.74,3,158.91,19 / 19,747010,2019-09-06 19:32:32:753,0.2222,-0.464,9.9618,-0.0162,0.0249,9.8065,0.0129,0.019,-0.0786,-12.81,-32.12,28.06,332.12,-83.64,-179.75
52.419167,-1.542392,155.76,4.74,3,158.91,19 / 19,747110,2019-09-06 19:32:32:853,0.2296,0.394,10.0023,0.0173,-0.009,9.8066,0.0282,0.0325,0.0002,-12.44,-32.56,28.13,333.65,-83.63,-179.95
52.419167,-1.542392,155.76,4.74,3,158.91,19 / 19,747210,2019-09-06 19:32:32:953,-0.0385,0.0801,10.1838,0.006,-0.0023,9.8066,-0.1883,0.063,-0.0216,-12.06,-32.19,28,332.32,-83.55,178.81
52.419167,-1.542392,155.76,4.74,3,158.91,19 / 19,747310,2019-09-06 19:32:33:053,-1.7938,2.0009,9.1837,0.0272,-0.0242,9.8065,-0.2548,-0.0378,0.0812,-12.31,-31.56,27.56,331.86,-83.42,178.48
52.419167,-1.542392,155.76,4.74,3,158.91,20 / 20,747409,2019-09-06 19:32:33:152,-0.6573,1.0614,9.4936,0.0242,-0.0557,9.8064,0.2131,0.0483,-0.0119,-12.37,-32.25,27.63,332.58,-83.34,179.15
52.419167,-1.542392,155.76,4.74,3,158.91,20 / 20,747510,2019-09-06 19:32:33:253,-0.1284,1.3202,9.1045,-0.0378,0.0539,9.8064,0.0654,0.0119,0.0069,-12.06,-31.81,27.69,332.8,-83.7,179.16
52.419167,-1.542392,155.76,4.74,3,158.91,20 / 20,747610,2019-09-06 19:32:33:353,0.6626,-0.5461,10.4325,-0.0313,0.0321,9.8065,0.1432,0.0221,0.0535,-11.19,-31.5,27.5,335.9,-83.59,-179.83
52.419167,-1.542392,155.76,4.74,3,158.91,20 / 20,747710,2019-09-06 19:32:33:453,0.9195,-0.1367,10.2657,0.0012,0.0032,9.8066,0.218,0.0223,-0.0025,-11.87,-32.75,27.19,332.79,-83.53,-179.79
52.419167,-1.542392,155.76,4.74,3,158.91,20 / 20,747810,2019-09-06 19:32:33:553,-0.2019,0.1887,10.4862,-0.0041,0.0062,9.8066,-0.1588,-0.06,0.0259,-11.75,-32.69,27.56,334.13,-83.49,-179.45
52.419167,-1.542392,155.76,4.74,3,158.91,20 / 20,747909,2019-09-06 19:32:33:652,-0.1464,1.1078,9.7055,0.0034,0.0021,9.8066,-0.0108,0.0187,0.0264,-11.75,-33.25,27.38,333.74,-83.5,-178.94
52.419167,-1.542392,155.76,4.74,3,158.91,20 / 20,748010,2019-09-06 19:32:33:753,-0.0814,-0.3087,10.2355,-0.0026,-0.0103,9.8066,-0.0355,-0.0594,-0.0632,-11.87,-33.56,28.13,335.23,-83.47,-178.38
52.419167,-1.542392,155.76,4.74,3,158.91,20 / 20,748110,2019-09-06 19:32:33:853,-0.8685,0.1438,10.1442,0.0094,0,9.8066,-0.0091,0.011,-0.1219,-11.44,-33.56,28.25,337.22,-83.41,-178.32
52.419167,-1.542392,155.76,4.74,3,158.91,20 / 20,748210,2019-09-06 19:32:33:953,-0.7471,0.6137,9.9121,-0.0008,0.0087,9.8066,0.1001,0.0164,0.0443,-11.87,-33.06,28.19,334.27,-83.44,-179.3
52.419167,-1.542392,155.76,4.74,3,158.91,20 / 20,748310,2019-09-06 19:32:34:053,-0.8464,1.419,9.8658,0.0123,-0.0317,9.8065,-0.1356,-0.0277,-0.0671,-11.81,-33.12,27.63,334.01,-83.38,-179.5
52.419167,-1.542392,155.76,4.74,3,158.91,20 / 20,748410,2019-09-06 19:32:34:153,-0.2224,0.4731,9.6147,-0.0049,0.0293,9.8066,0.0637,-0.053,0.0918,-11.81,-32.56,29,334.85,-83.11,-179.44
52.419167,-1.542392,155.76,4.74,3,158.91,20 / 20,748509,2019-09-06 19:32:34:252,0.4455,0.8579,9.9013,-0.0196,0.0015,9.8066,0.0262,0.0025,-0.019,-11.94,-33.19,28.75,335.55,-83.21,-178.86
52.419167,-1.542392,155.76,4.74,3,158.91,20 / 20,748609,2019-09-06 19:32:34:352,0.3624,0.2981,10.0458,-0.0119,0.0013,9.8066,0.0892,-0.0906,0.0856,-12.37,-31.94,28.75,337.05,-83.11,-177.59
52.419167,-1.542392,155.76,4.74,3,158.91,20 / 20,748710,2019-09-06 19:32:34:453,0.038,1.3678,9.9624,-0.0015,-0.0232,9.8066,0.038,0.0567,-0.0504,-12.37,-31.75,28.38,336.41,-82.84,-177.22
52.419167,-1.542392,155.76,4.74,3,158.91,20 / 20,748809,2019-09-06 19:32:34:552,0.5671,0.6186,10.0091,-0.002,-0.0052,9.8066,-0.0265,-0.0633,0.0789,-12.81,-30.75,28.31,335.1,-82.73,-176.75
52.419167,-1.542392,155.76,4.74,3,158.91,20 / 20,748909,2019-09-06 19:32:34:652,-0.4134,-0.1974,9.8524,-0.0052,-0.0191,9.8066,-0.0369,-0.0252,-0.0009,-12.94,-30,27.94,335.89,-82.72,-176.14
52.419167,-1.542392,155.76,4.74,3,158.91,20 / 20,749009,2019-09-06 19:32:34:752,-1.0218,1.042,10.6617,0.0082,-0.0139,9.8065,0.1737,-0.0194,0.0239,-13.25,-29.12,27.31,335.97,-82.6,-175.22
52.419167,-1.542392,155.76,4.74,3,158.91,20 / 20,749109,2019-09-06 19:32:34:852,0.2477,-0.75,8.9085,-0.0095,0.008,9.8065,0.1128,0.0066,0.0723,-13.25,-28.75,27.5,337.43,-82.48,-174.78
52.419167,-1.542392,155.76,4.74,3,158.91,20 / 20,749210,2019-09-06 19:32:34:953,-0.7351,-0.0992,8.9604,-0.009,-0.0113,9.8066,-0.0619,0.0661,-0.0895,-13.06,-29.44,28.44,338.35,-82.32,-173.91
52.419167,-1.542392,155.76,4.74,3,158.91,20 / 20,749310,2019-09-06 19:32:35:053,0.5626,0.2154,9.7081,-0.0134,0.0268,9.8066,0.015,-0.098,0.0642,-12.69,-29.37,26.81,337.04,-82.67,-174.31
52.418533,-1.54187,154.14,9.43,2,153.3,20 / 20,749410,2019-09-06 19:32:35:153,-0.2217,0.9886,9.0171,-0.0098,0.0337,9.8065,-0.2445,0.0546,-0.1214,-12.25,-29.75,26.44,338.18,-82.76,-174.07
52.418533,-1.54187,154.14,9.43,2,153.3,20 / 20,749509,2019-09-06 19:32:35:252,-0.7078,1.074,9.4642,0.0462,-0.0303,9.8064,-0.1722,-0.0253,0.0458,-12.06,-30.12,24.69,332.01,-82.97,-178.6
52.418533,-1.54187,154.14,9.43,2,153.3,20 / 20,749609,2019-09-06 19:32:35:352,0.4521,-0.6042,9.3404,0.0101,-0.0285,9.8066,0.0414,0.0097,-0.0224,-13.37,-30.81,25.69,330.74,-82.89,-178.8
52.418533,-1.54187,154.14,9.43,2,153.3,20 / 20,749709,2019-09-06 19:32:35:452,-1.3084,-0.3241,10.5223,-0.0111,0.0004,9.8066,-0.0478,-0.0716,0.0682,-13.75,-31.19,26.25,329.81,-82.85,-177.92
52.418533,-1.54187,154.14,9.43,2,153.3,20 / 20,749810,2019-09-06 19:32:35:553,-0.0615,1.7182,10.253,-0.0135,0.0283,9.8065,0.0635,-0.0291,0.0097,-13.31,-32.06,27.75,335.47,-83.09,-176.5
52.418533,-1.54187,154.14,9.43,2,153.3,20 / 20,749909,2019-09-06 19:32:35:652,-0.0772,1.061,10.5508,0.0044,-0.0181,9.8066,0.1667,0.018,0.0149,-12.62,-31.87,29,336.12,-83.12,-176.78
52.418533,-1.54187,154.14,9.43,2,153.3,20 / 20,750010,2019-09-06 19:32:35:753,-0.1161,-0.6537,9.9814,0.0036,-0.0138,9.8066,-0.0523,-0.0287,0.0291,-12.62,-32.19,29.56,337.25,-82.84,-176.45
52.418533,-1.54187,154.14,9.43,2,153.3,20 / 20,750110,2019-09-06 19:32:35:853,-0.0696,0.0338,9.4887,0.0126,-0.0398,9.8065,-0.0909,-0.0022,-0.0251,-11.69,-33.25,29.44,338.5,-82.29,-175.87
52.418533,-1.54187,154.14,9.43,2,153.3,20 / 20,750210,2019-09-06 19:32:35:953,-0.8227,-0.0467,9.7996,0.0101,-0.0084,9.8066,-0.0654,-0.0627,-0.0059,-11.87,-32.94,29,338.41,-82.33,-175.97
52.418533,-1.54187,154.14,9.43,2,153.3,20 / 20,750310,2019-09-06 19:32:36:053,1.3506,-0.1373,9.346,-0.0078,0.0148,9.8066,-0.0017,-0.015,-0.059,-11.44,-32.56,28.81,339.85,-82.54,-176.5
52.418533,-1.54187,154.14,9.43,2,153.3,20 / 20,750410,2019-09-06 19:32:36:153,0.2186,0.7106,9.6611,-0.0075,0.0364,9.8065,-0.016,0.011,0.0045,-12.25,-32.94,29.19,337.48,-82.69,-176.94
52.418533,-1.54187,154.14,9.43,2,153.3,20 / 20,750509,2019-09-06 19:32:36:252,-0.5462,1.6291,9.8973,-0.0091,0.0176,9.8065,-0.0088,0.0032,-0.033,-12.06,-32.62,29.06,337.2,-82.85,-177.25
52.418533,-1.54187,154.14,9.43,2,153.3,20 / 20,750610,2019-09-06 19:32:36:353,0.3501,0.0824,10.4031,0.0017,0.0165,9.8066,0.0634,0.0269,-0.0235,-12.69,-32.56,28.88,334.61,-82.74,-177.84
52.418533,-1.54187,154.14,9.43,2,153.3,20 / 20,750710,2019-09-06 19:32:36:453,-0.3683,0.0107,10.617,0.0057,-0.0211,9.8066,0.0619,-0.0371,0.0301,-12.37,-32.37,29.44,335.94,-82.49,-178.28
52.418533,-1.54187,154.14,9.43,2,153.3,20 / 20,750810,2019-09-06 19:32:36:553,-0.3684,0.1066,10.7501,0.0154,-0.0014,9.8066,0.0406,-0.0406,-0.0119,-12.44,-32.31,29.06,335.89,-82.3,-178.23
52.418533,-1.54187,154.14,9.43,2,153.3,20 / 20,750909,2019-09-06 19:32:36:652,0.7077,-1.1702,9.1288,0.0155,0.0197,9.8066,0.2411,-0.0127,-0.0438,-12.12,-32.12,28.44,333.05,-82.12,-179.78
52.418533,-1.54187,154.14,9.43,2,153.3,20 / 20,751010,2019-09-06 19:32:36:753,1.8789,-0.078,8.6604,0.0024,-0.0027,9.8066,-0.1977,-0.0718,0.0861,-12,-32.5,28.69,331.88,-82.07,178.4
52.418533,-1.54187,154.14,9.43,2,153.3,20 / 20,751110,2019-09-06 19:32:36:853,-0.5094,0.3724,9.4463,-0.0204,-0.0035,9.8066,-0.1947,0.0827,-0.0242,-11.25,-32.31,28.13,334.37,-82.18,179.62
52.418533,-1.54187,154.14,9.43,2,153.3,20 / 20,751210,2019-09-06 19:32:36:953,-1.4667,1.7869,9.0164,0.0129,-0.0045,9.8066,0.0781,0.0122,0.0731,-11.12,-32.87,27.75,334.07,-82.45,179.33
52.418533,-1.54187,154.14,9.43,2,153.3,20 / 20,751310,2019-09-06 19:32:37:053,0.2737,1.0332,8.9829,-0.0324,0.0344,9.8065,-0.0161,-0.0179,-0.0037,-11.25,-32.75,28.31,334.02,-82.92,179.04
52.418533,-1.54187,154.14,9.43,2,153.3,19 / 19,751409,2019-09-06 19:32:37:152,-0.1553,0.8298,9.2317,-0.0052,-0.0078,9.8066,0.1767,-0.0205,-0.0555,-11.19,-33,28.69,335.98,-82.76,-179.94
52.418533,-1.54187,154.14,9.43,2,153.3,19 / 19,751509,2019-09-06 19:32:37:252,-0.5551,-0.8764,10.5024,-0.009,0.0107,9.8066,0.1797,-0.0765,0.041,-11.12,-33.31,29.06,336.44,-82.6,-179.46
52.418533,-1.54187,154.14,9.43,2,153.3,19 / 19,751609,2019-09-06 19:32:37:352,-0.5136,-0.1484,9.7847,-0.0089,0.0321,9.8066,0.1434,0.0411,-0.0447,-11.5,-32.87,29.13,336.46,-82.7,-179.5
52.418533,-1.54187,154.14,9.43,2,153.3,19 / 19,751709,2019-09-06 19:32:37:452,0.5121,0.1059,9.9999,0.0056,-0.0203,9.8066,-0.1016,0.0234,0.042,-11.75,-32.81,29.06,334.04,-82.6,-179.89
52.418533,-1.54187,154.14,9.43,2,153.3,19 / 19,751810,2019-09-06 19:32:37:553,-1.2323,0.6467,9.7517,-0.0029,-0.0058,9.8066,0.0587,0.0219,0.0366,-11.75,-33.06,28.94,334.69,-82.75,-179.4
52.418533,-1.54187,154.14,9.43,2,153.3,19 / 19,751909,2019-09-06 19:32:37:652,-0.0445,1.2152,9.9586,-0.0108,-0.0079,9.8066,-0.0162,0.0289,-0.0354,-11.87,-32.37,29.06,334.44,-82.86,-179.77
52.418533,-1.54187,154.14,9.43,2,153.3,19 / 19,752010,2019-09-06 19:32:37:753,0.3908,1.3155,10.3284,0.0088,-0.0027,9.8065,-0.0073,-0.0185,0.0142,-11.5,-33,29.13,336.73,-82.81,-179.31
52.418533,-1.54187,154.14,9.43,2,153.3,19 / 19,752110,2019-09-06 19:32:37:853,0.4523,0.4794,9.4009,0.0037,-0.02,9.8066,0.0258,0.0649,0.0077,-11.56,-32.44,27.94,333.56,-82.71,-179.65
52.418533,-1.54187,154.14,9.43,2,153.3,19 / 19,752214,2019-09-06 19:32:37:957,0.1524,-0.2052,9.1823,0.0129,-0.0115,9.8065,-0.0894,0.0074,-0.0496,-11.75,-32.62,27.63,332.77,-82.71,179.77
52.418533,-1.54187,154.14,9.43,2,153.3,19 / 19,752310,2019-09-06 19:32:38:053,-0.0715,0.2819,9.0669,-0.0045,0.0255,9.8065,-0.0849,0.0623,0.0226,-12.31,-32.69,28.31,332.9,-82.64,179.92
52.418533,-1.54187,154.14,9.43,2,153.3,20 / 20,752409,2019-09-06 19:32:38:152,-0.5497,0.9866,9.772,0.0065,0.0025,9.8066,0.0757,0.05,-0.0482,-12,-32.25,28.38,331.91,-82.78,178.87
52.418533,-1.54187,154.14,9.43,2,153.3,20 / 20,752510,2019-09-06 19:32:38:253,0.1439,0.246,10.0292,-0.0101,0.0252,9.8066,0.0648,0.0472,-0.0496,-12.75,-32.25,27.88,329.57,-82.9,178.4
52.418533,-1.54187,154.14,9.43,2,153.3,20 / 20,752610,2019-09-06 19:32:38:353,0.2391,1.0282,9.6025,-0.0027,0.0173,9.8066,0.006,0.0066,0.0218,-12.19,-32.81,27.81,330.26,-82.86,177.49
52.418533,-1.54187,154.14,9.43,2,153.3,20 / 20,752710,2019-09-06 19:32:38:453,0.6008,0.5198,10.0422,0.0031,-0.003,9.8066,0.0478,0.0646,-0.0319,-12.56,-32.94,27.69,328.11,-82.8,177.29
52.418533,-1.54187,154.14,9.43,2,153.3,20 / 20,752810,2019-09-06 19:32:38:553,0.4269,0.568,9.8304,0.001,0.0042,9.8066,-0.0389,0.0077,-0.0067,-12.19,-32,27.56,329.45,-82.83,176.67
52.418533,-1.54187,154.14,9.43,2,153.3,20 / 20,752909,2019-09-06 19:32:38:652,0.029,0.6327,9.6579,-0.0023,0.0045,9.8066,-0.0056,-0.0139,-0.0034,-13.06,-31.25,27.38,326.83,-82.77,176.84
52.418533,-1.54187,154.14,9.43,2,153.3,20 / 20,753009,2019-09-06 19:32:38:752,0.0833,0.1637,9.7456,0.0104,0.0048,9.8066,0.0816,0.0725,0.0041,-13.44,-31.06,29,328.03,-82.7,176.16
52.418533,-1.54187,154.14,9.43,2,153.3,20 / 20,753110,2019-09-06 19:32:38:853,0.0854,1.055,9.7691,-0.0155,0.0142,9.8065,0.0736,-0.0124,0.0043,-13.94,-31,29.63,327.12,-82.75,176.03
52.418533,-1.54187,154.14,9.43,2,153.3,20 / 20,753214,2019-09-06 19:32:38:957,0.4458,0.4781,10.1145,0.0137,-0.0207,9.8066,-0.0605,0.0162,0.0177,-12.12,-31.31,30.13,331.06,-82.8,176.4
52.418533,-1.54187,154.14,9.43,2,153.3,20 / 20,753310,2019-09-06 19:32:39:053,-0.1529,0.5448,9.8942,0.0118,-0.0213,9.8065,-0.1145,0.0491,-0.0249,-11.62,-31.5,29,329.67,-82.76,175.96
52.418533,-1.54187,154.14,9.43,2,153.3,20 / 20,753410,2019-09-06 19:32:39:153,-0.0571,1.5827,9.6595,0.0182,-0.0157,9.8066,0.0241,-0.0052,0.0094,-10.94,-32.19,28.69,330.68,-82.87,175.24
52.418533,-1.54187,154.14,9.43,2,153.3,20 / 20,753509,2019-09-06 19:32:39:252,-0.1355,1.1554,9.7485,-0.0088,0.0019,9.8066,-0.0363,0.0932,-0.0611,-11.5,-32.25,28.31,329.05,-83,174.51
52.418533,-1.54187,154.14,9.43,2,153.3,20 / 20,753610,2019-09-06 19:32:39:353,-0.4138,0.4482,9.4709,-0.0012,0.0139,9.8066,0.0974,-0.0322,0.0183,-11.44,-33.06,27.88,328.79,-83.03,174.39
52.418533,-1.54187,154.14,9.43,2,153.3,20 / 20,753710,2019-09-06 19:32:39:453,0.792,0.8786,9.491,0.0039,0.0084,9.8066,-0.0073,0.0756,-0.0733,-11.5,-33.56,28.31,327.3,-83.07,173.17
52.418533,-1.54187,154.14,9.43,2,153.3,20 / 20,753810,2019-09-06 19:32:39:553,0.3752,0.3535,9.895,-0.0005,0.0071,9.8066,-0.0113,-0.0184,0.0151,-11.69,-33.81,27.88,324.65,-83.16,172.46
52.418533,-1.54187,154.14,9.43,2,153.3,20 / 20,753910,2019-09-06 19:32:39:653,-1.2934,1.5645,10.6391,0.0023,-0.0037,9.8066,-0.0699,-0.0129,0.0154,-11.5,-34.25,27.69,326.14,-83.31,171.99
52.418533,-1.54187,154.14,9.43,2,153.3,20 / 20,754009,2019-09-06 19:32:39:752,0.0199,1.3609,10.0052,0.0163,-0.0196,9.8066,0.1069,0.0715,0.0276,-11.5,-33.56,28.38,325.93,-83.23,171.86
52.418533,-1.54187,154.14,9.43,2,153.3,20 / 20,754110,2019-09-06 19:32:39:853,-0.9938,1.5911,9.97,-0.0092,-0.0085,9.8066,0.1441,0.0147,0.0656,-11.62,-33.56,28.63,326.35,-83,173.23
52.418533,-1.54187,154.14,9.43,2,153.3,20 / 20,754210,2019-09-06 19:32:39:953,-0.1149,-0.5516,10.145,-0.0112,0.0069,9.8065,0.0998,0.0564,-0.017,-12.81,-33.37,28.75,325.98,-82.72,174.58
52.418533,-1.54187,154.14,9.43,2,153.3,20 / 20,754309,2019-09-06 19:32:40:052,-1.1161,0.2308,9.9158,-0.0012,-0.016,9.8066,0.0274,-0.0192,0.1042,-11.81,-33.62,29.13,328.89,-82.41,175.84
52.418533,-1.54187,154.14,9.43,2,153.3,21 / 21,754410,2019-09-06 19:32:40:153,-1.2838,1.5184,10.3414,-0.0129,0.0055,9.8066,-0.0655,0.019,-0.0138,-12.56,-33.37,29.19,328.38,-82.57,176.79
52.418533,-1.54187,154.14,9.43,2,153.3,21 / 21,754509,2019-09-06 19:32:40:252,-0.715,1.202,9.6433,0.0018,-0.0018,9.8066,-0.0795,0.0057,-0.0352,-12.12,-33.19,28.69,329.36,-82.9,175.84
52.418533,-1.54187,154.14,9.43,2,153.3,21 / 21,754610,2019-09-06 19:32:40:353,-1.354,2.0275,9.7463,0.01,0.0037,9.8066,0.0409,0.0485,-0.024,-12.37,-33.5,27.44,327.14,-83.08,175.49
52.418533,-1.54187,154.14,9.43,2,153.3,21 / 21,754711,2019-09-06 19:32:40:454,-1.148,2.3529,9.7442,-0.0095,0.0236,9.8065,0.0228,0.0002,0.0362,-12.56,-33.37,27.44,323.95,-83.12,174.32
52.418533,-1.54187,154.14,9.43,2,153.3,21 / 21,754810,2019-09-06 19:32:40:553,-1.6017,1.0434,9.8986,-0.0181,0.0269,9.8066,0.0232,-0.0226,-0.0255,-12.06,-33.44,27.75,326.86,-83.25,174.24
52.418533,-1.54187,154.14,9.43,2,153.3,21 / 21,754910,2019-09-06 19:32:40:653,-0.0091,1.0506,9.4948,0.0147,0.0276,9.8065,0.11,0.0139,-0.0823,-12.25,-33.69,27.69,324.4,-83.14,172.25
52.418533,-1.54187,154.14,9.43,2,153.3,21 / 21,755010,2019-09-06 19:32:40:753,-0.9708,1.6658,9.5498,0.0077,0.0301,9.8065,-0.1239,0.0011,-0.042,-11.37,-33.44,27.19,323.05,-83.15,170.08
52.418533,-1.54187,154.14,9.43,2,153.3,21 / 21,755110,2019-09-06 19:32:40:853,-0.1801,2.9386,9.7244,0.0113,0.0152,9.8066,-0.1319,0.0605,-0.0609,-12.37,-34.19,27.13,318.33,-83.35,167.58
52.418533,-1.54187,154.14,9.43,2,153.3,21 / 21,755210,2019-09-06 19:32:40:953,-0.9857,2.0185,10.2492,0.0036,0.0003,9.8066,-0.0243,0.0172,0.0066,-11.56,-33.37,27,317.19,-83.56,166.23
52.418533,-1.54187,154.14,9.43,2,153.3,21 / 21,755310,2019-09-06 19:32:41:053,-0.8152,1.8894,10.0469,0.0115,0.0077,9.8066,-0.0093,0.0198,-0.0604,-11.19,-34.19,27.31,319.04,-83.63,166.27
52.418533,-1.54187,154.14,9.43,2,153.3,20 / 20,755409,2019-09-06 19:32:41:152,0.0881,1.6831,10.0027,0.0257,-0.0112,9.8066,0.0262,0.0735,-0.0856,-11.69,-34.12,27.75,315.87,-83.36,164.43
52.418533,-1.54187,154.14,9.43,2,153.3,20 / 20,755509,2019-09-06 19:32:41:252,-0.5803,2.298,9.3189,0.0076,-0.0005,9.8066,0.1059,0.0106,-0.0088,-11.62,-34.19,27.88,314.98,-83.08,163.86
52.418533,-1.54187,154.14,9.43,2,153.3,20 / 20,755610,2019-09-06 19:32:41:353,-1.6056,1.5023,9.6322,0.0063,0.0119,9.8066,0.0943,0.0304,-0.0312,-11.69,-33.44,28.56,315.14,-82.96,163.07
52.418533,-1.54187,154.14,9.43,2,153.3,20 / 20,755710,2019-09-06 19:32:41:453,-0.6042,0.9015,10.4326,0.004,0.0136,9.8066,-0.082,0.0702,-0.0652,-11.87,-33.44,28.38,313.53,-82.92,162.52
52.418533,-1.54187,154.14,9.43,2,153.3,20 / 20,755810,2019-09-06 19:32:41:553,-0.4427,1.3894,9.9626,-0.006,0.0124,9.8066,-0.0742,0.0372,0.032,-11.62,-32.81,27.38,312.13,-82.96,162.16
52.418533,-1.54187,154.14,9.43,2,153.3,20 / 20,755909,2019-09-06 19:32:41:652,-0.7968,2.0618,9.7453,0.0007,-0.0006,9.8066,0.0601,0.0261,-0.0106,-12,-33.69,28,313.8,-83,162.87
52.418533,-1.54187,154.14,9.43,2,153.3,20 / 20,756010,2019-09-06 19:32:41:753,-1.4179,1.1438,9.3602,-0.0043,0.009,9.8066,0.0173,-0.0053,-0.0025,-11.94,-33.44,27.94,313.13,-83.03,162.07
52.418533,-1.54187,154.14,9.43,2,153.3,20 / 20,756110,2019-09-06 19:32:41:853,-0.3172,1.6554,9.9468,-0.0064,0.0219,9.8065,0.0254,0.0342,-0.0141,-11.06,-33.37,27.13,312.53,-83.12,160.66
52.418533,-1.54187,154.14,9.43,2,153.3,20 / 20,756210,2019-09-06 19:32:41:953,-0.2849,1.3219,10.1496,-0.0012,0.0438,9.8065,0.0523,0.045,-0.022,-11.31,-34,27.13,310.56,-83.17,159
52.418533,-1.54187,154.14,9.43,2,153.3,20 / 20,756309,2019-09-06 19:32:42:052,-0.3852,1.3793,9.8479,0.0237,0.006,9.8066,-0.0716,0.0824,-0.0809,-11.87,-34.19,26.38,304.37,-83.06,156.18
52.418533,-1.54187,154.14,9.43,2,153.3,20 / 20,756410,2019-09-06 19:32:42:153,0.3782,1.8803,9.4186,0.0021,0.0212,9.8065,-0.0552,0.1522,-0.0317,-11.56,-34,26.5,303.76,-83.03,154.62
52.418533,-1.54187,154.14,9.43,2,153.3,20 / 20,756509,2019-09-06 19:32:42:252,-0.3511,1.6594,9.2757,0.0155,0.016,9.8066,0.1298,0.1076,-0.1137,-11.12,-34.06,27.38,304.33,-82.96,153.52
52.418533,-1.54187,154.14,9.43,2,153.3,20 / 20,756610,2019-09-06 19:32:42:353,0.1873,2.0872,9.7399,0.0247,0.0066,9.8066,0.0515,0.106,-0.0716,-11.62,-34.19,26.81,299.46,-82.69,150.99
52.418533,-1.54187,154.14,9.43,2,153.3,20 / 20,756710,2019-09-06 19:32:42:453,0.4699,1.8494,9.8165,0.0084,0.0166,9.8066,0.0025,0.1526,-0.0446,-11.87,-34.06,26.88,297.58,-82.51,149.44
52.418533,-1.54187,154.14,9.43,2,153.3,20 / 20,756810,2019-09-06 19:32:42:553,-0.2921,2.0151,10.2498,-0.0039,0.0225,9.8066,0.0376,0.1618,-0.0279,-11.56,-33.94,27.44,296.62,-82.42,148.64
52.418533,-1.54187,154.14,9.43,2,153.3,20 / 20,756910,2019-09-06 19:32:42:653,-1.0272,2.8866,10.3992,0.039,-0.0149,9.8065,-0.0138,0.1807,-0.1172,-12.5,-34.56,27.44,294.84,-82.06,147.62
52.418533,-1.54187,154.14,9.43,2,153.3,20 / 20,757009,2019-09-06 19:32:42:752,-0.3521,2.9199,9.8798,0.0487,-0.0126,9.8065,-0.0843,0.1804,-0.1259,-12.31,-34.5,26.75,293.03,-81.73,146.05
52.418533,-1.54187,154.14,9.43,2,153.3,20 / 20,757110,2019-09-06 19:32:42:853,0.2941,2.3636,9.8176,0.0179,0.0068,9.8066,0.0747,0.204,-0.0279,-12.19,-34.56,27.56,291.58,-81.4,144.29
52.418533,-1.54187,154.14,9.43,2,153.3,20 / 20,757210,2019-09-06 19:32:42:953,0.0546,1.9762,9.4935,0.0165,-0.0073,9.8065,0.0436,0.2055,-0.0409,-12.62,-34.62,26.94,287.78,-81.11,143.7
52.418533,-1.54187,154.14,9.43,2,153.3,20 / 20,757309,2019-09-06 19:32:43:052,-0.4245,2.0059,9.4745,0.0055,-0.0061,9.8066,0.0366,0.2274,-0.0239,-13.12,-34.44,27.81,289.14,-80.9,143.85
52.418533,-1.54187,154.14,9.43,2,153.3,20 / 20,757410,2019-09-06 19:32:43:153,-0.2543,1.7996,9.9819,0.0006,-0.0083,9.8066,0.0296,0.2046,-0.0199,-13.12,-35,27.63,289.73,-80.8,144.82
52.418533,-1.54187,154.14,9.43,2,153.3,20 / 20,757509,2019-09-06 19:32:43:252,-0.0913,1.3353,9.5625,-0.0068,-0.0099,9.8066,-0.017,0.2104,-0.0103,-13.62,-34.62,27,287.3,-80.73,145.25
52.418533,-1.54187,154.14,9.43,2,153.3,20 / 20,757609,2019-09-06 19:32:43:352,-0.7321,0.3265,9.6268,-0.0121,0.0041,9.8066,-0.0253,0.226,-0.0491,-13.5,-33.87,26.56,290.26,-80.82,146.1
52.418533,-1.54187,154.14,9.43,2,153.3,20 / 20,757709,2019-09-06 19:32:43:452,-0.1759,1.4765,9.5814,0.0029,0.0243,9.8066,-0.1491,0.1523,-0.0414,-13.31,-34.06,26.25,286.5,-80.93,143.57
52.418533,-1.54187,154.14,9.43,2,153.3,20 / 20,757810,2019-09-06 19:32:43:553,-0.7726,2.5203,10.1414,0.0159,0.0283,9.8066,-0.1478,0.1783,-0.1166,-13.5,-34.12,25.81,284,-81.02,141.06
52.418533,-1.54187,154.14,9.43,2,153.3,20 / 20,757910,2019-09-06 19:32:43:653,-1.2179,2.9863,10.6048,-0.0022,0.0184,9.8066,0.0804,0.1619,-0.0224,-13.94,-34.12,25.75,279.03,-81.08,137.71
52.418533,-1.54187,154.14,9.43,2,153.3,20 / 20,758010,2019-09-06 19:32:43:753,-0.672,2.4581,9.9176,0.0063,0.0051,9.8066,0.0897,0.1859,-0.0073,-13.62,-34.75,25.38,277.05,-80.97,137.49
52.418533,-1.54187,154.14,9.43,2,153.3,20 / 20,758110,2019-09-06 19:32:43:853,-0.9012,1.5849,9.7501,-0.0051,-0.0267,9.8066,-0.0331,0.1551,0.0282,-14.25,-34.31,24.88,278.14,-80.93,138.3
52.418533,-1.54187,154.14,9.43,2,153.3,20 / 20,758210,2019-09-06 19:32:43:953,-1.5045,1.1565,9.9546,-0.0114,-0.0195,9.8066,-0.0202,0.1499,0.0291,-14.87,-33.94,24.69,279.52,-81.04,141.05
52.418533,-1.54187,154.14,9.43,2,153.3,20 / 20,758310,2019-09-06 19:32:44:053,-1.413,1.1153,10.0519,-0.0008,-0.0195,9.8065,0.0005,0.1397,0.0196,-14.81,-34.12,24.31,280.42,-81.12,143.19
52.418,-1.541349,153.12,2.48,2,126.17,20 / 20,758410,2019-09-06 19:32:44:153,-1.461,1.4623,9.5501,0.0043,0.0009,9.8065,0.0709,0.1384,0.0031,-14.94,-33.19,24.13,281.05,-81.12,143.48
52.418,-1.541349,153.12,2.48,2,126.17,20 / 20,758509,2019-09-06 19:32:44:252,-0.8082,1.1865,9.6339,0.0084,-0.0019,9.8066,0.0718,0.1399,-0.0381,-15.37,-33.81,24.19,280.87,-80.91,143.88
52.418,-1.541349,153.12,2.48,2,126.17,20 / 20,758610,2019-09-06 19:32:44:353,-0.3049,0.8532,9.9048,0.0083,-0.0047,9.8066,-0.0061,0.1199,-0.0293,-14.81,-33.81,24.19,281.19,-80.69,144.48
52.418,-1.541349,153.12,2.48,2,126.17,20 / 20,758710,2019-09-06 19:32:44:453,-0.5652,0.5198,9.9028,0.0162,-0.0237,9.8065,0.0457,0.1038,0.0223,-14.87,-33.75,24.5,283.75,-80.36,145.99
52.418,-1.541349,153.12,2.48,2,126.17,20 / 20,758810,2019-09-06 19:32:44:553,-0.4909,0.3909,9.8566,0.0257,-0.0273,9.8065,0.0361,0.1306,-0.021,-15.62,-33.81,25.13,283.06,-80.13,147.06
52.418,-1.541349,153.12,2.48,2,126.17,20 / 20,758912,2019-09-06 19:32:44:655,-0.4822,0.2837,9.8235,0.008,-0.0131,9.8066,0.0263,0.0997,0.0143,-15.56,-33.75,24.5,283.81,-79.92,148.03
52.418,-1.541349,153.12,2.48,2,126.17,20 / 20,759010,2019-09-06 19:32:44:753,-0.3323,0.1515,9.681,0.0053,-0.0066,9.8066,0.0047,0.0906,-0.0258,-15.62,-33.56,24,283,-79.76,148.86
52.418,-1.541349,153.12,2.48,2,126.17,20 / 20,759110,2019-09-06 19:32:44:853,-0.3129,0.1746,10.0769,0.0044,0.0008,9.8066,0.0232,0.0872,-0.0295,-16.19,-33.81,24,282.56,-79.71,148.49
52.418,-1.541349,153.12,2.48,2,126.17,20 / 20,759210,2019-09-06 19:32:44:953,-0.3148,0.7787,10.1357,0.0044,0.006,9.8066,-0.05,0.0749,0.0111,-16.31,-33.69,23.44,280.51,-79.71,148
52.418,-1.541349,153.12,2.48,2,126.17,20 / 20,759310,2019-09-06 19:32:45:053,-0.2144,0.6623,9.5408,0.007,-0.0085,9.8066,-0.0933,0.1026,-0.007,-15.87,-33.81,23.94,281.96,-79.64,148
52.418,-1.541349,153.12,2.48,2,126.17,20 / 20,759410,2019-09-06 19:32:45:153,0.3124,-0.2565,9.8588,0.0164,-0.0208,9.8066,0.0769,0.0916,-0.0088,-16.31,-33.69,23.06,280.8,-79.64,148.38
52.418,-1.541349,153.12,2.48,2,126.17,20 / 20,759509,2019-09-06 19:32:45:252,-1.0357,-1.1698,9.2285,0.0004,0.0054,9.8066,0.0229,0.2042,0.0372,-16.56,-33.44,23.31,279.75,-79.61,148.41
52.418,-1.541349,153.12,2.48,2,126.17,20 / 20,759610,2019-09-06 19:32:45:353,-0.4732,-0.3002,9.4342,0.0079,-0.0193,9.8066,-0.0877,0.1237,-0.0211,-16.75,-32.87,23.38,280.05,-79.43,148.92
52.418,-1.541349,153.12,2.48,2,126.17,20 / 20,759710,2019-09-06 19:32:45:453,2.0395,0.1839,10.8533,0.007,-0.0109,9.8066,0.0687,0.2009,-0.0797,-17.06,-33.87,24.13,282.04,-79.3,149.88
52.418,-1.541349,153.12,2.48,2,126.17,20 / 20,759810,2019-09-06 19:32:45:553,0.2076,-1.2823,10.5031,-0.0105,0.0114,9.8065,-0.0017,0.1736,-0.0127,-17.37,-33.69,24,281.73,-79.35,149.53
52.418,-1.541349,153.12,2.48,2,126.17,20 / 20,759909,2019-09-06 19:32:45:652,0.4834,-0.4867,11.0708,0.0032,-0.0001,9.8066,-0.0081,0.1075,0.0361,-16.62,-33.5,24.13,282.68,-79.39,150.03
52.418,-1.541349,153.12,2.48,2,126.17,20 / 20,760010,2019-09-06 19:32:45:753,1.1444,-1.6156,10.5742,0.0253,-0.0191,9.8066,0.0394,0.1824,-0.0659,-17.44,-33.75,24.06,282.26,-79.36,150.03
52.418,-1.541349,153.12,2.48,2,126.17,20 / 20,760110,2019-09-06 19:32:45:853,1.9713,-0.3173,9.9002,0.0182,-0.0021,9.8066,0.0217,0.1885,-0.0824,-17.69,-34.44,23.94,280.68,-79.12,150.09
52.418,-1.541349,153.12,2.48,2,126.17,20 / 20,760210,2019-09-06 19:32:45:953,1.5171,-1.1744,9.7016,0.0264,0.0027,9.8065,0.0528,0.1527,0.0166,-17.56,-34.56,23.06,277.91,-78.82,149.66
52.418,-1.541349,153.12,2.48,2,126.17,20 / 20,760309,2019-09-06 19:32:46:052,0.8557,0.7076,9.7356,0.0114,-0.0181,9.8066,-0.1328,0.2101,-0.061,-17.69,-34.19,22.88,278.75,-78.72,150.23
52.418,-1.541349,153.12,2.48,2,126.17,21 / 21,760409,2019-09-06 19:32:46:152,0.5436,-0.1801,10.1038,0.0137,-0.0213,9.8066,0.0316,0.2772,-0.0334,-17.69,-34.31,23,279.27,-78.77,150.68
52.418,-1.541349,153.12,2.48,2,126.17,21 / 21,760510,2019-09-06 19:32:46:253,3.0076,-0.1551,10.3528,0.0128,-0.0168,9.8065,0.0182,0.1838,0.0373,-18.69,-33.94,22.69,278.45,-78.73,151.15
52.418,-1.541349,153.12,2.48,2,126.17,21 / 21,760610,2019-09-06 19:32:46:353,0.0538,0.0081,9.7335,0.0182,-0.0323,9.8065,0.0989,0.2428,-0.0135,-18.56,-33.94,22.75,279.7,-78.67,152.46
52.418,-1.541349,153.12,2.48,2,126.17,21 / 21,760710,2019-09-06 19:32:46:453,1.8043,0.2999,9.9662,-0.0129,0.0056,9.8066,0.0731,0.2868,-0.0287,-18,-33.56,21.88,279.08,-78.61,152.3
52.418,-1.541349,153.12,2.48,2,126.17,21 / 21,760810,2019-09-06 19:32:46:553,1.3151,-0.0307,10.1204,0.0029,-0.0108,9.8066,-0.0613,0.2663,0.0042,-19.31,-34.31,21,276.67,-78.71,152.7
52.418,-1.541349,153.12,2.48,2,126.17,21 / 21,760909,2019-09-06 19:32:46:652,0.9916,0.4565,9.9387,0.0151,-0.0094,9.8066,-0.0382,0.2939,-0.0428,-19.12,-34.62,20.75,276.79,-78.7,153.25
52.418,-1.541349,153.12,2.48,2,126.17,21 / 21,761010,2019-09-06 19:32:46:753,0.1355,0.4602,9.9137,0.0148,-0.0132,9.8066,0.0116,0.2649,-0.0453,-19.37,-34.44,20.5,277.15,-78.64,153.27
52.418,-1.541349,153.12,2.48,2,126.17,21 / 21,761110,2019-09-06 19:32:46:853,-0.2917,0.319,9.7147,-0.0037,0.0059,9.8066,-0.0113,0.2749,-0.0393,-20.37,-34.5,20,274.79,-78.66,153.79
52.418,-1.541349,153.12,2.48,2,126.17,21 / 21,761210,2019-09-06 19:32:46:953,0.9081,0.6133,9.7151,-0.0136,0.0067,9.8065,-0.0958,0.2692,-0.052,-19.62,-34.44,19.69,274.61,-78.66,153.6
52.418,-1.541349,153.12,2.48,2,126.17,21 / 21,761310,2019-09-06 19:32:47:053,0.2099,0.6022,9.6875,0.0114,-0.0074,9.8066,-0.0827,0.2647,-0.0674,-19.75,-34.19,18.44,271.03,-78.77,153.59
52.418,-1.541349,153.12,2.48,2,126.17,20 / 20,761409,2019-09-06 19:32:47:152,0.0211,1.0791,9.3052,0.0171,0.0004,9.8066,0.0474,0.266,-0.0444,-19.69,-34.25,18.06,270.71,-78.71,153.34
52.418,-1.541349,153.12,2.48,2,126.17,20 / 20,761510,2019-09-06 19:32:47:253,0.7531,0.833,9.8656,-0.004,-0.0063,9.8065,-0.0266,0.2869,-0.0454,-19.37,-35.06,17.69,271.77,-78.73,153.81
52.418,-1.541349,153.12,2.48,2,126.17,20 / 20,761609,2019-09-06 19:32:47:352,-0.0471,0.8407,10.0462,0.0081,-0.0058,9.8066,0.0493,0.2689,-0.0038,-20.94,-35.12,17.13,268.12,-78.67,154.13
52.418,-1.541349,153.12,2.48,2,126.17,20 / 20,761710,2019-09-06 19:32:47:453,-0.5773,0.6212,9.8124,-0.0127,-0.0062,9.8066,0.0632,0.3146,-0.0593,-20.25,-35.25,16.31,267.73,-78.74,154.79
52.418,-1.541349,153.12,2.48,2,126.17,20 / 20,761810,2019-09-06 19:32:47:553,1.2541,0.7131,10.0397,-0.0106,0.0062,9.8066,-0.0477,0.2406,0.002,-20.31,-35.25,16.13,267.89,-78.7,155.03
52.418,-1.541349,153.12,2.48,2,126.17,20 / 20,761910,2019-09-06 19:32:47:653,0.8312,0.4983,9.9597,0.0095,-0.0135,9.8066,-0.0017,0.3053,-0.0695,-20,-35.06,15.5,268.25,-78.66,155.45
52.418,-1.541349,153.12,2.48,2,126.17,20 / 20,762009,2019-09-06 19:32:47:752,-0.0107,0.3317,10.1196,0.0131,-0.006,9.8066,-0.0445,0.2817,-0.0601,-20,-34.56,15.25,266.64,-78.57,156.11
52.418,-1.541349,153.12,2.48,2,126.17,20 / 20,762110,2019-09-06 19:32:47:853,0.3422,0.9305,9.5934,0.007,0.0059,9.8066,-0.0655,0.3295,-0.0364,-20.37,-34.94,14.38,264.02,-78.48,155.8
52.418,-1.541349,153.12,2.48,2,126.17,20 / 20,762210,2019-09-06 19:32:47:953,-0.1243,1.1491,9.6504,0.0043,-0.0031,9.8066,0.0253,0.2834,-0.0274,-20.94,-35.25,13.38,261.14,-78.42,155.85
52.418,-1.541349,153.12,2.48,2,126.17,20 / 20,762310,2019-09-06 19:32:48:053,1.9819,-0.1151,10.25,0.0017,-0.0026,9.8066,0.0215,0.3136,-0.0338,-21.25,-35.44,13.69,263.75,-78.34,156.45
52.418,-1.541349,153.12,2.48,2,126.17,21 / 21,762410,2019-09-06 19:32:48:153,0.3459,-0.1222,10.2797,0.0001,-0.014,9.8066,-0.033,0.3373,-0.0885,-20.69,-35.37,13.38,262.2,-78.28,157.21
52.418,-1.541349,153.12,2.48,2,126.17,21 / 21,762509,2019-09-06 19:32:48:252,0.476,0.6666,10.015,0.0102,0.0054,9.8066,0.0153,0.3097,-0.0306,-20.12,-35.37,12.75,263.09,-78.18,157.66
52.418,-1.541349,153.12,2.48,2,126.17,21 / 21,762610,2019-09-06 19:32:48:353,1.4061,0.747,9.8548,0.0085,-0.0088,9.8065,-0.0538,0.3694,-0.0503,-20.25,-35.19,11.56,260.84,-78.02,157.99
52.418,-1.541349,153.12,2.48,2,126.17,21 / 21,762709,2019-09-06 19:32:48:452,0.4372,-0.0847,9.6124,0.0031,-0.0123,9.8066,-0.0912,0.296,-0.0145,-20.44,-36.06,11.25,258.79,-78,158.92
52.418,-1.541349,153.12,2.48,2,126.17,21 / 21,762810,2019-09-06 19:32:48:553,0.5005,0.4748,9.3269,0.0309,0.0039,9.8066,0.1073,0.3271,-0.1042,-20.25,-35.87,9.94,256.31,-77.88,159.05
52.418,-1.541349,153.12,2.48,2,126.17,21 / 21,762910,2019-09-06 19:32:48:653,-0.7404,1.4372,9.799,-0.0398,0.0057,9.8065,0.2424,0.3061,-0.0157,-19.87,-36.19,9.63,255.49,-77.98,157.97
52.418,-1.541349,153.12,2.48,2,126.17,21 / 21,763010,2019-09-06 19:32:48:753,1.465,0.6387,10.4489,-0.042,-0.0116,9.8065,-0.1101,0.3216,0.0029,-19.81,-35.94,9.19,253.65,-77.86,158.83
52.418,-1.541349,153.12,2.48,2,126.17,21 / 21,763110,2019-09-06 19:32:48:853,0.6511,0.6661,9.7618,0.0692,-0.0327,9.8063,-0.074,0.2857,-0.0358,-20.31,-35.69,8.81,254.44,-77.78,159.87
52.418,-1.541349,153.12,2.48,2,126.17,21 / 21,763210,2019-09-06 19:32:48:953,-0.3331,1.083,9.3398,0.0554,-0.0191,9.8064,-0.1453,0.3086,-0.0491,-20.06,-35.81,8.69,256.2,-77.36,162.56
52.418,-1.541349,153.12,2.48,2,126.17,21 / 21,763310,2019-09-06 19:32:49:053,-1.0566,0.2986,9.0754,-0.0364,-0.0187,9.8065,0.0729,0.3177,-0.0086,-20,-35.62,8,254.29,-77.39,163.16
52.418,-1.541349,153.12,2.48,2,126.17,20 / 20,763409,2019-09-06 19:32:49:152,0.4033,-0.0873,9.4985,-0.0081,-0.0095,9.8066,-0.0214,0.3299,-0.0404,-20.06,-36.69,6.88,252.22,-77.45,164.2
52.418,-1.541349,153.12,2.48,2,126.17,20 / 20,763510,2019-09-06 19:32:49:253,0.5919,-0.2096,9.6249,0.0387,-0.0145,9.8065,-0.0561,0.2569,-0.0292,-19.62,-36.37,7.5,255.97,-77.03,165.7
52.418,-1.541349,153.12,2.48,2,126.17,20 / 20,763609,2019-09-06 19:32:49:352,-1.1089,-0.3456,10.4099,0.0281,-0.0165,9.8065,0.1215,0.2527,-0.0732,-19.56,-35.44,7.06,254.7,-77,166.57
52.418,-1.541349,153.12,2.48,2,126.17,20 / 20,763710,2019-09-06 19:32:49:453,-0.7407,-0.6215,10.5215,-0.0438,-0.0134,9.8065,0.1275,0.1473,0.0507,-19.25,-35.94,6.81,254.82,-77.23,167.06
52.418,-1.541349,153.12,2.48,2,126.17,20 / 20,763810,2019-09-06 19:32:49:553,-0.1658,-0.0019,10.1918,-0.0287,-0.0178,9.8066,-0.0382,0.1438,0.0332,-19.62,-36.06,6.38,253.01,-77.12,168
52.418,-1.541349,153.12,2.48,2,126.17,20 / 20,763909,2019-09-06 19:32:49:652,0.8438,-0.4416,9.539,0.0541,-0.0089,9.8065,-0.0014,0.1156,-0.0459,-19.87,-36.12,5.81,253.26,-77.01,168.48
52.418,-1.541349,153.12,2.48,2,126.17,20 / 20,764010,2019-09-06 19:32:49:753,0.2245,-0.1662,9.7278,0.0402,-0.0064,9.8065,-0.0267,0.0874,0.036,-19.37,-35.5,5.75,254.29,-76.7,169.85
52.418,-1.541349,153.12,2.48,2,126.17,20 / 20,764109,2019-09-06 19:32:49:852,-0.9612,-0.9751,9.4107,-0.0133,-0.0111,9.8066,-0.063,0.1327,-0.0044,-19.94,-36,6.56,257.16,-76.77,170.41
52.418,-1.541349,153.12,2.48,2,126.17,20 / 20,764211,2019-09-06 19:32:49:954,0.7183,-0.6265,10.4972,0.0234,0.0122,9.8065,0.109,0.0818,-0.045,-20,-35.75,4.69,252.05,-76.7,170.61
52.418,-1.541349,153.12,2.48,2,126.17,20 / 20,764310,2019-09-06 19:32:50:053,0.3638,-0.1049,10.2229,0.0102,0.0084,9.8066,0.0991,0.0471,-0.0337,-19.62,-35.19,5.31,251.99,-76.54,170.15
52.418,-1.541349,153.12,2.48,2,126.17,20 / 20,764410,2019-09-06 19:32:50:153,0.887,-0.2787,9.8044,0.0015,0.0099,9.8066,-0.0675,0.0194,-0.0293,-19.56,-34.62,4.69,251.62,-76.52,169.74
52.418,-1.541349,153.12,2.48,2,126.17,20 / 20,764509,2019-09-06 19:32:50:252,-0.6663,0.0712,9.365,0.0053,0.0019,9.8066,-0.0667,0.0374,-0.0195,-19.75,-34.62,5.31,251.41,-76.4,169.72
52.418,-1.541349,153.12,2.48,2,126.17,20 / 20,764610,2019-09-06 19:32:50:353,-0.0848,0.0219,9.7919,-0.0016,-0.0036,9.8066,-0.004,-0.0189,0.0494,-20.69,-34.75,4.88,251.91,-76.38,169.89
52.418,-1.541349,153.12,2.48,2,126.17,20 / 20,764709,2019-09-06 19:32:50:452,-0.135,-0.4776,9.8513,-0.0083,-0.0071,9.8066,0.0058,0.0031,-0.0251,-20.25,-35.5,5,252,-76.52,170.19
52.418,-1.541349,153.12,2.48,2,126.17,20 / 20,764809,2019-09-06 19:32:50:552,-0.0287,-0.5512,9.5435,-0.0067,0.0056,9.8065,-0.0809,-0.0204,-0.0382,-21.19,-34.69,4.56,252.33,-76.62,169.98
52.418,-1.541349,153.12,2.48,2,126.17,20 / 20,764909,2019-09-06 19:32:50:652,-1.3694,0.3265,9.191,-0.0369,0.0039,9.8065,-0.1434,0.0098,-0.0653,-21,-34.94,4.56,252.06,-76.9,169.19
52.418,-1.541349,153.12,2.48,2,126.17,20 / 20,765009,2019-09-06 19:32:50:752,-1.4371,0.0218,9.6061,-0.0475,-0.005,9.8065,0.0132,0.0261,0.051,-20.81,-35.94,4.75,251.43,-77.18,168.62
52.418,-1.541349,153.12,2.48,2,126.17,20 / 20,765109,2019-09-06 19:32:50:852,-0.8138,-0.6308,10.195,0.0111,-0.0063,9.8065,0.0093,0.0135,0.0191,-20.25,-35.06,4.5,251.71,-77.35,168.41
52.418,-1.541349,153.12,2.48,2,126.17,20 / 20,765210,2019-09-06 19:32:50:953,-0.7478,-0.5291,9.912,0.0156,-0.0049,9.8065,0.0228,0.0478,-0.0124,-20,-35.5,4.25,249.65,-77.36,168.97
52.418,-1.541349,153.12,2.48,2,126.17,20 / 20,765310,2019-09-06 19:32:51:053,-0.9582,0.42,10.0003,0.0094,0.0019,9.8066,-0.0421,0.0329,0.0225,-19.44,-35.5,4.44,249.1,-77.31,168.94
52.418,-1.541349,153.12,2.48,2,126.17,20 / 20,765409,2019-09-06 19:32:51:152,-1.1423,-0.052,9.1174,0.0197,0.0042,9.8066,-0.0133,0.0039,-0.0751,-20.06,-35.62,4.44,249.18,-77.27,169.2
52.418,-1.541349,153.12,2.48,2,126.17,20 / 20,765510,2019-09-06 19:32:51:253,-0.7716,-0.642,9.0305,-0.0213,0.0034,9.8066,-0.027,0.0444,-0.0468,-19.06,-35.37,4.31,249.39,-77.38,169.15
52.418,-1.541349,153.12,2.48,2,126.17,20 / 20,765610,2019-09-06 19:32:51:353,-1.0816,-0.7983,9.2885,0.0095,0.0023,9.8066,0.1299,0.0111,0.0072,-19.81,-34,4.19,249.76,-77.24,168.66
52.418,-1.541349,153.12,2.48,2,126.17,20 / 20,765709,2019-09-06 19:32:51:452,-0.8702,-0.6263,10.1777,-0.0008,-0.0019,9.8066,0.0757,-0.0095,-0.0368,-20.19,-34.31,5.44,252.23,-77.09,168.8
52.418,-1.541349,153.12,2.48,2,126.17,20 / 20,765810,2019-09-06 19:32:51:553,-0.8848,-1.0002,9.9081,-0.0237,0.0019,9.8066,-0.0838,0.0237,-0.0245,-22.5,-34.37,5.31,252.8,-77.17,168.67
52.418,-1.541349,153.12,2.48,2,126.17,20 / 20,765910,2019-09-06 19:32:51:653,-1.1864,-0.0902,9.9223,0.0055,0.0116,9.8066,-0.0466,-0.0342,0.066,-22.75,-34.25,5.06,252.15,-77.2,167.61
52.418,-1.541349,153.12,2.48,2,126.17,20 / 20,766010,2019-09-06 19:32:51:753,-0.8656,-0.1342,9.1372,0.014,0.0038,9.8065,-0.0407,0.019,-0.0354,-22.56,-34.12,5.5,254.53,-77.26,167.66
52.418,-1.541349,153.12,2.48,2,126.17,20 / 20,766109,2019-09-06 19:32:51:852,-0.9787,-0.3384,9.2834,-0.0074,-0.0012,9.8066,0.0488,0.0044,0.0244,-22.25,-34.12,5.44,251.97,-77.39,167.39
52.418,-1.541349,153.12,2.48,2,126.17,20 / 20,766209,2019-09-06 19:32:51:952,-0.6256,-0.5754,9.4286,0.006,-0.0077,9.8066,-0.0032,0.0067,-0.011,-22.31,-34.62,6.38,254.11,-77.31,167.85
52.418,-1.541349,153.12,2.48,2,126.17,20 / 20,766310,2019-09-06 19:32:52:053,-1.5911,-0.2968,9.865,0.0019,0.0025,9.8065,-0.0323,-0.0054,-0.0462,-21.31,-35,5.88,254.02,-77.28,168.01
52.418,-1.541349,153.12,2.48,2,126.17,20 / 20,766410,2019-09-06 19:32:52:153,-1.0783,-0.4357,9.7067,-0.0042,0.0056,9.8066,0.0232,0.014,0.0438,-20.69,-34.94,6.06,253.7,-77.22,167.73
52.418,-1.541349,153.12,2.48,2,126.17,20 / 20,766510,2019-09-06 19:32:52:253,-0.9468,-0.3977,9.4711,-0.002,0.0069,9.8066,0.0556,0.0258,-0.0263,-20.5,-34.62,6.31,252.91,-77.19,167.12
52.418,-1.541349,153.12,2.48,2,126.17,20 / 20,766609,2019-09-06 19:32:52:352,-0.946,-0.5445,10.0395,-0.0063,0.0062,9.8066,-0.027,-0.0191,-0.0638,-19.81,-34.5,6.19,253.14,-77.15,166.8
52.418,-1.541349,153.12,2.48,2,126.17,20 / 20,766710,2019-09-06 19:32:52:453,-0.8549,-0.4661,9.9119,0.019,0.0238,9.8065,-0.0536,0.0111,-0.0238,-18.69,-35.19,6.56,253.94,-76.93,165.93
52.418,-1.541349,153.12,2.48,2,126.17,20 / 20,766810,2019-09-06 19:32:52:553,-0.774,-0.8834,9.8378,0.0237,0.0073,9.8066,0.0189,0.0177,-0.0512,-18.31,-35.5,5.94,250.36,-76.85,165.32
52.418,-1.541349,153.12,2.48,2,126.17,20 / 20,766909,2019-09-06 19:32:52:652,-0.9432,-0.0603,9.6317,-0.0105,0.013,9.8066,0.0144,0.006,-0.0592,-17.87,-35.12,5.56,249.82,-76.81,164.74
52.418,-1.541349,153.12,2.48,2,126.17,20 / 20,767009,2019-09-06 19:32:52:752,-1.1468,-0.1227,9.6639,-0.0106,0.0023,9.8066,-0.0201,-0.0108,0.0281,-18.12,-35.25,5.81,249.24,-76.83,164.01
52.418,-1.541349,153.12,2.48,2,126.17,20 / 20,767110,2019-09-06 19:32:52:853,-0.7134,-0.3926,9.7425,0.0096,-0.0024,9.8065,-0.0138,0.0047,0.0049,-17.44,-34.87,4.63,246.21,-76.79,164.24
52.418,-1.541349,153.12,2.48,2,126.17,20 / 20,767210,2019-09-06 19:32:52:953,-0.5594,-0.9872,9.5279,0.0182,-0.0038,9.8065,0.0076,0.0221,0.0136,-16.75,-34.19,5.31,247.05,-76.77,164.53
52.418,-1.541349,153.12,2.48,2,126.17,20 / 20,767310,2019-09-06 19:32:53:053,-1.2838,-0.7121,9.4487,0.0015,-0.0012,9.8066,0.0114,-0.0227,-0.0112,-17.44,-34.44,4.19,244.4,-76.8,164.74
52.41808,-1.540966,152.85,2.69,3,52.12,20 / 20,767410,2019-09-06 19:32:53:153,-0.3959,-0.3999,9.698,0.0007,0.0102,9.8066,-0.0145,-0.0025,0.0487,-17.37,-34.69,4.31,243.83,-76.78,164.83
52.41808,-1.540966,152.85,2.69,3,52.12,20 / 20,767509,2019-09-06 19:32:53:252,-1.2773,-0.9448,10.0258,-0.002,0.0082,9.8065,-0.0033,-0.0026,-0.0462,-17.75,-34.31,3.38,241.84,-76.73,164.37
52.41808,-1.540966,152.85,2.69,3,52.12,20 / 20,767610,2019-09-06 19:32:53:353,-1.1945,-1.024,10.1962,0.0015,0.0023,9.8066,-0.0219,-0.0052,-0.0155,-18,-34.37,2.44,239.04,-76.72,164.17
52.41808,-1.540966,152.85,2.69,3,52.12,20 / 20,767710,2019-09-06 19:32:53:453,-1.4347,-0.7224,9.8018,-0.0027,0.0084,9.8066,0.0611,0.0176,-0.0028,-17.94,-34.25,2.06,238.82,-76.64,164.02
52.41808,-1.540966,152.85,2.69,3,52.12,20 / 20,767810,2019-09-06 19:32:53:553,-0.7991,-0.1878,9.5351,-0.0011,0.0039,9.8066,0.0033,0.0125,-0.0073,-18.75,-34.37,1.81,239.06,-76.53,163.62
52.41808,-1.540966,152.85,2.69,3,52.12,20 / 20,767910,2019-09-06 19:32:53:653,-1.139,-0.2783,9.5017,0.0145,-0.0091,9.8065,-0.0268,-0.0168,0.0493,-19.06,-34.19,2.31,239.45,-76.48,164.18
52.41808,-1.540966,152.85,2.69,3,52.12,20 / 20,768009,2019-09-06 19:32:53:752,-0.8592,-0.3896,9.352,0.0106,-0.0051,9.8066,-0.0367,0.036,-0.0019,-19.69,-34.81,2.44,239.96,-76.51,164.6
52.41808,-1.540966,152.85,2.69,3,52.12,20 / 20,768109,2019-09-06 19:32:53:852,-0.6406,-1.0602,10.05,-0.0113,-0.0103,9.8066,0.007,-0.0265,0.0001,-20.56,-34.87,2.56,243.34,-76.63,164.97
52.41808,-1.540966,152.85,2.69,3,52.12,20 / 20,768210,2019-09-06 19:32:53:953,-0.6866,-0.8857,9.8997,-0.0107,-0.0008,9.8066,0.0127,-0.0087,-0.0011,-21.5,-35.31,2.31,241.06,-76.66,164.96
52.41808,-1.540966,152.85,2.69,3,52.12,20 / 20,768310,2019-09-06 19:32:54:053,-1.0543,-0.9008,9.801,0.0031,0.005,9.8066,-0.0085,-0.0341,-0.0375,-20.87,-35.44,2.69,243.3,-76.67,164.85
52.41808,-1.540966,152.85,2.69,3,52.12,21 / 21,768409,2019-09-06 19:32:54:152,-0.9738,-0.3884,9.4519,0.01,0.0063,9.8066,-0.014,-0.0192,0.0023,-21.25,-35.69,3.19,242.46,-76.61,164.53
52.41808,-1.540966,152.85,2.69,3,52.12,21 / 21,768509,2019-09-06 19:32:54:252,-1.201,-0.5063,9.5822,-0.008,-0.0026,9.8066,0.0495,-0.0123,-0.0009,-21.62,-36.06,2.69,243.06,-76.67,164.57
52.41808,-1.540966,152.85,2.69,3,52.12,21 / 21,768610,2019-09-06 19:32:54:353,-0.8893,-0.4889,9.5891,-0.0076,-0.0054,9.8065,0.061,0.0024,0.0151,-21.5,-35.5,3.06,243.1,-76.66,164.63
52.41808,-1.540966,152.85,2.69,3,52.12,21 / 21,768709,2019-09-06 19:32:54:452,-0.776,-0.5014,9.6909,0.0025,-0.0034,9.8066,-0.0187,0.0033,0.0016,-21.75,-34.94,3.63,246.18,-76.64,165.08
52.41808,-1.540966,152.85,2.69,3,52.12,21 / 21,768809,2019-09-06 19:32:54:552,-0.8937,-0.9418,9.7678,0.0019,-0.0087,9.8066,0.0028,-0.0146,0.0287,-21.69,-35.37,4.31,246.53,-76.67,165.44
52.41808,-1.540966,152.85,2.69,3,52.12,21 / 21,768909,2019-09-06 19:32:54:652,-0.686,-0.9091,9.9311,0.0043,0.0008,9.8066,-0.0157,-0.0065,-0.0127,-21.69,-35.19,3.88,246.81,-76.74,165.67
52.41808,-1.540966,152.85,2.69,3,52.12,21 / 21,769010,2019-09-06 19:32:54:753,-1.0518,-0.3784,9.7723,-0.0009,0.0023,9.8066,-0.0304,-0.0273,-0.0224,-21.56,-35.44,5.13,248.99,-76.78,165.49
52.41808,-1.540966,152.85,2.69,3,52.12,21 / 21,769110,2019-09-06 19:32:54:853,-1.1343,-0.3039,9.6099,-0.004,-0.0038,9.8066,0.0079,-0.0112,0.0031,-21.62,-35.75,4.75,248.63,-76.88,165.5
52.41808,-1.540966,152.85,2.69,3,52.12,21 / 21,769210,2019-09-06 19:32:54:953,-0.5625,-0.2892,9.7585,0.0004,-0.0065,9.8065,0.0393,0.0076,0.0327,-22.06,-35.5,4.56,249.39,-76.94,165.7
52.41808,-1.540966,152.85,2.69,3,52.12,21 / 21,769309,2019-09-06 19:32:55:052,0.195,-0.1096,9.7197,0.0087,-0.005,9.8066,0.0643,0.0128,-0.0044,-21.5,-36.25,4.81,248.93,-76.83,166.3
52.41808,-1.540966,152.85,2.69,3,52.12,20 / 20,769409,2019-09-06 19:32:55:152,0.8995,-0.6554,9.7245,0.014,-0.0044,9.8066,0.0726,-0.0239,0.0313,-21.5,-35,4.5,249.63,-76.64,166.81
52.41808,-1.540966,152.85,2.69,3,52.12,20 / 20,769509,2019-09-06 19:32:55:252,1.216,-0.2153,9.9129,0,0.0025,9.8066,-0.0455,-0.0047,-0.0055,-21.69,-34.94,4.63,250.13,-76.55,167.17
52.41808,-1.540966,152.85,2.69,3,52.12,20 / 20,769610,2019-09-06 19:32:55:353,0.1865,-0.0609,9.8771,-0.0106,0.0027,9.8066,-0.0102,-0.0039,-0.045,-22,-35.44,4.75,250,-76.63,166.88
52.41808,-1.540966,152.85,2.69,3,52.12,20 / 20,769710,2019-09-06 19:32:55:453,0.3935,-0.3116,9.9747,-0.0098,0.0035,9.8066,0.0206,0.0213,-0.0325,-21.87,-35.37,4.75,249.67,-76.78,166.28
52.41808,-1.540966,152.85,2.69,3,52.12,20 / 20,769809,2019-09-06 19:32:55:552,0.2094,0.5806,9.5476,-0.0034,-0.0027,9.8065,0.0279,-0.0226,0.0358,-22.12,-35.25,4.38,247.29,-76.77,166.19
52.41808,-1.540966,152.85,2.69,3,52.12,20 / 20,769909,2019-09-06 19:32:55:652,1.4133,0.4256,9.7887,-0.0136,-0.0094,9.8066,-0.0077,-0.051,0.0401,-21.87,-34.56,4,247.4,-76.79,166.3
52.41808,-1.540966,152.85,2.69,3,52.12,20 / 20,770010,2019-09-06 19:32:55:753,-0.3044,-1.0732,9.8148,-0.014,-0.0044,9.8066,-0.0907,-0.0397,-0.0099,-22.87,-34.12,4.25,248.26,-76.7,166.43
52.41808,-1.540966,152.85,2.69,3,52.12,20 / 20,770110,2019-09-06 19:32:55:853,1.4978,0.1501,10.5363,0.0153,0.0023,9.8066,-0.0064,0.0147,-0.0082,-23.12,-34.06,4.81,250.53,-76.81,166.33
52.41808,-1.540966,152.85,2.69,3,52.12,20 / 20,770210,2019-09-06 19:32:55:953,1.7641,-0.8551,10.1218,-0.006,-0.0047,9.8066,0.0656,-0.0451,0.0299,-23.12,-34.19,5.5,252.92,-76.75,166.6
52.41808,-1.540966,152.85,2.69,3,52.12,20 / 20,770310,2019-09-06 19:32:56:053,2.6758,1.1018,10.9658,0.0107,-0.002,9.8065,0.0118,-0.0714,0.0603,-24.25,-33.81,5.94,252.95,-76.57,166.69
52.41808,-1.540966,152.85,2.69,3,52.12,20 / 20,770410,2019-09-06 19:32:56:153,2.0888,-1.0392,10.7098,0.0009,-0.0045,9.8066,0.1008,0.0939,-0.0385,-24.37,-33.12,5.94,253.48,-76.56,166.75
52.41808,-1.540966,152.85,2.69,3,52.12,20 / 20,770509,2019-09-06 19:32:56:252,1.9891,0.2474,10.8617,-0.0327,0.0017,9.8065,0.2021,0.1085,-0.1026,-23.75,-32.75,6.06,253.72,-76.69,166.85
52.41808,-1.540966,152.85,2.69,3,52.12,20 / 20,770609,2019-09-06 19:32:56:352,2.41,-1.8509,9.7864,-0.0324,-0.0109,9.8065,-0.0499,-0.1607,0.1237,-23.62,-32,6.31,254.19,-76.6,166.95
52.41808,-1.540966,152.85,2.69,3,52.12,20 / 20,770710,2019-09-06 19:32:56:453,1.7236,1.5,8.8274,-0.039,-0.0009,9.8065,0.0377,-0.0481,0.0308,-23.06,-31.94,8.31,258.42,-76.48,166.93
52.41808,-1.540966,152.85,2.69,3,52.12,20 / 20,770810,2019-09-06 19:32:56:553,2.4769,0.8233,9.5672,-0.0016,0.0021,9.8066,0.12,0.1195,-0.0778,-22.44,-31.87,8.75,261.19,-76.67,167.06
52.41808,-1.540966,152.85,2.69,3,52.12,20 / 20,770910,2019-09-06 19:32:56:653,2.1217,-0.7934,9.6338,-0.0019,-0.0068,9.8066,-0.0461,0.011,-0.0724,-22.12,-32.56,9.81,263.46,-76.72,167.51
52.41808,-1.540966,152.85,2.69,3,52.12,20 / 20,771010,2019-09-06 19:32:56:753,1.9024,-1.5181,9.9878,0.008,0.0009,9.8066,0.021,-0.0274,0.0722,-21.37,-32.5,9.5,263.9,-76.72,167.11
52.41808,-1.540966,152.85,2.69,3,52.12,20 / 20,771110,2019-09-06 19:32:56:853,1.1548,-0.6564,9.7367,-0.0137,0.0082,9.8065,-0.0544,0.0239,-0.0499,-19.81,-32.87,9.19,261.24,-76.85,167.09
52.41808,-1.540966,152.85,2.69,3,52.12,20 / 20,771214,2019-09-06 19:32:56:957,1.1998,-0.2951,10.0994,-0.0114,0.0115,9.8066,-0.0182,-0.0456,-0.0289,-18.94,-32.94,8.75,260.98,-76.97,166.4
52.41808,-1.540966,152.85,2.69,3,52.12,20 / 20,771309,2019-09-06 19:32:57:052,0.0008,-0.0084,9.3929,-0.0042,-0.001,9.8066,0.0512,-0.0184,-0.002,-18.19,-32.94,7.88,257.99,-77,165.93
52.41808,-1.540966,152.85,2.69,3,52.12,20 / 20,771410,2019-09-06 19:32:57:153,1.7416,0.3335,10.0229,-0.0073,-0.0035,9.8066,0.0858,-0.0148,0.0221,-17.56,-33.75,7.75,257.37,-76.97,166.01
52.41808,-1.540966,152.85,2.69,3,52.12,20 / 20,771509,2019-09-06 19:32:57:252,1.8771,-0.9565,10.01,0.0189,-0.01,9.8065,-0.1623,0.0082,-0.0537,-17.56,-33.69,7.13,255.23,-76.91,166.87
52.41808,-1.540966,152.85,2.69,3,52.12,20 / 20,771609,2019-09-06 19:32:57:352,1.9967,0.3213,9.3998,0.0202,-0.0135,9.8066,-0.0875,0.0232,0.0944,-17.37,-34.19,5.38,249.77,-77.01,167.35
52.41808,-1.540966,152.85,2.69,3,52.12,20 / 20,771710,2019-09-06 19:32:57:453,0.6156,-0.7042,9.9092,-0.0286,-0.0066,9.8066,0.1375,0.0393,-0.0369,-17.87,-35.06,5.69,253.88,-77.27,168.61
52.41808,-1.540966,152.85,2.69,3,52.12,20 / 20,771810,2019-09-06 19:32:57:553,0.6388,-0.1164,10.6629,-0.0152,0.0064,9.8066,0.1088,-0.0388,0.0001,-18.12,-35.56,5.06,249.95,-77.26,168.04
52.41808,-1.540966,152.85,2.69,3,52.12,20 / 20,771910,2019-09-06 19:32:57:653,0.5312,0.2123,10.1227,0.0029,0.0108,9.8066,-0.1033,0.0265,-0.0804,-18,-36.25,4.31,247.04,-77.32,167.76
52.41808,-1.540966,152.85,2.69,3,52.12,20 / 20,772010,2019-09-06 19:32:57:753,0.278,-0.9987,9.591,0.0206,-0.01,9.8065,0.0083,-0.0537,0.1244,-17.94,-35.94,5.06,249.94,-77.26,168.02
52.41808,-1.540966,152.85,2.69,3,52.12,20 / 20,772110,2019-09-06 19:32:57:853,0.8725,0.1697,9.533,0.0143,-0.0069,9.8066,0.0309,0.0092,0.0655,-18.37,-35.62,5.56,253.18,-77.12,168.82
52.41808,-1.540966,152.85,2.69,3,52.12,20 / 20,772212,2019-09-06 19:32:57:955,0.7816,-0.1675,10.1585,-0.001,0.0051,9.8066,-0.0406,-0.0341,-0.0537,-19.37,-36.56,5.69,253.7,-76.99,170.03
52.41808,-1.540966,152.85,2.69,3,52.12,20 / 20,772309,2019-09-06 19:32:58:052,0.8417,-0.0934,10.0557,0.0116,-0.0056,9.8066,0.0121,-0.0498,0.015,-19,-36.94,4.81,250.89,-76.91,170.04
52.41808,-1.540966,152.85,2.69,3,52.12,20 / 20,772410,2019-09-06 19:32:58:153,0.2038,0.1045,10.125,-0.0281,-0.0023,9.8065,-0.0664,0.003,-0.0135,-19.12,-35.56,5,251.75,-76.94,170.29
52.41808,-1.540966,152.85,2.69,3,52.12,20 / 20,772509,2019-09-06 19:32:58:252,0.1792,0.033,9.9987,-0.0181,-0.0109,9.8065,-0.0081,0.0138,0.0694,-19.31,-35.94,5.81,254.61,-77.05,170.27
52.41808,-1.540966,152.85,2.69,3,52.12,20 / 20,772609,2019-09-06 19:32:58:352,0.3067,-0.348,9.849,-0.0096,-0.0044,9.8066,-0.0267,0.0084,-0.0374,-18.69,-37.12,5.25,251.95,-77.18,170.76
52.41808,-1.540966,152.85,2.69,3,52.12,20 / 20,772709,2019-09-06 19:32:58:452,0.9666,0.6579,9.4235,0.0154,-0.0059,9.8065,-0.0627,-0.0146,0.0786,-19.12,-36.5,4.56,252.45,-77.07,170.86
52.41808,-1.540966,152.85,2.69,3,52.12,20 / 20,772810,2019-09-06 19:32:58:553,0.8173,0.7397,10.2785,0.0561,-0.0075,9.8065,-0.2254,-0.0831,-0.0535,-19.44,-36.25,5.38,252.87,-76.91,171.66
52.41808,-1.540966,152.85,2.69,3,52.12,20 / 20,772910,2019-09-06 19:32:58:653,1.0049,-0.784,10.753,-0.0445,-0.0176,9.8065,0.1754,0.034,0.1073,-19.12,-36.37,5.25,253.29,-77.2,171.59
52.41808,-1.540966,152.85,2.69,3,52.12,20 / 20,773010,2019-09-06 19:32:58:753,0.6007,0.5237,10.2456,-0.0526,-0.007,9.8065,0.0333,0.002,-0.0098,-19.37,-36.31,5.44,253.4,-77.17,171.78
52.41808,-1.540966,152.85,2.69,3,52.12,20 / 20,773109,2019-09-06 19:32:58:852,0.7273,0.2968,10.3193,0.0367,-0.0037,9.8065,-0.0493,0.0328,0.0078,-19.62,-36.25,5.81,255.92,-77.17,171.23
52.41808,-1.540966,152.85,2.69,3,52.12,20 / 20,773213,2019-09-06 19:32:58:956,1.4618,0.1706,9.7912,0.0412,-0.0079,9.8066,-0.0062,0.0463,-0.0316,-19.5,-36.5,5.75,256.04,-76.88,172.24
52.41808,-1.540966,152.85,2.69,3,52.12,20 / 20,773309,2019-09-06 19:32:59:052,1.5987,-0.9123,9.8111,0.0337,0.0004,9.8065,-0.238,0.1225,0.0382,-19.06,-36.69,6,255.24,-76.68,172.44
52.41808,-1.540966,152.85,2.69,3,52.12,20 / 20,773411,2019-09-06 19:32:59:154,-0.8423,0.9002,9.8848,0.0706,0.0075,9.8063,-0.1589,0.0367,-0.0052,-19.25,-35.87,5.5,255.92,-76.63,172.58
52.41808,-1.540966,152.85,2.69,3,52.12,20 / 20,773510,2019-09-06 19:32:59:253,1.0475,-0.6992,10.1872,-0.055,-0.0073,9.8064,0.1318,0.0224,0.0228,-18.87,-37.12,5.69,255.81,-77.12,172.21
52.41808,-1.540966,152.85,2.69,3,52.12,20 / 20,773609,2019-09-06 19:32:59:352,-0.0707,0.5783,10.3556,-0.0251,-0.0008,9.8066,0.1265,0.0218,0.0345,-18.81,-35.81,5.44,253.41,-76.98,172.17
52.41808,-1.540966,152.85,2.69,3,52.12,20 / 20,773710,2019-09-06 19:32:59:453,-0.0649,-0.6992,10.3142,0.0277,-0.0093,9.8065,-0.2062,-0.0097,-0.0184,-19.06,-35.69,6.69,258.84,-76.92,172.21
52.41808,-1.540966,152.85,2.69,3,52.12,20 / 20,773809,2019-09-06 19:32:59:552,0.0783,-0.1866,8.9291,0.0279,-0.0031,9.8065,-0.1122,0.0302,-0.0057,-18.69,-36.06,5.94,256.05,-76.71,172.59
52.41808,-1.540966,152.85,2.69,3,52.12,20 / 20,773909,2019-09-06 19:32:59:652,0.2711,0.4232,9.0595,0.0084,0.0069,9.8066,0.0358,-0.0062,0.0032,-18.56,-34.75,6,256.78,-76.67,172.77
52.41808,-1.540966,152.85,2.69,3,52.12,20 / 20,774010,2019-09-06 19:32:59:753,0.4483,-0.1767,9.9464,0.0217,0.0096,9.8066,-0.0373,0.0356,-0.0753,-17.87,-35.19,6.38,256.07,-76.63,172.4
52.41808,-1.540966,152.85,2.69,3,52.12,20 / 20,774109,2019-09-06 19:32:59:852,1.709,0.408,9.8242,-0.0364,-0.0058,9.8066,-0.0287,0.0136,0.0372,-16.81,-34.31,5.19,253.51,-76.87,172.06
52.41808,-1.540966,152.85,2.69,3,52.12,20 / 20,774210,2019-09-06 19:32:59:953,1.9485,-0.4556,9.8975,-0.0344,-0.0119,9.8065,0.0077,-0.0265,0.0486,-16.56,-34.06,5,253.94,-76.98,172.33
52.41808,-1.540966,152.85,2.69,3,52.12,20 / 20,774309,2019-09-06 19:33:00:052,0.215,-1.4209,10.4251,0.0115,0.0082,9.8065,-0.0319,0.0482,-0.126,-17.25,-34.69,3.88,250.48,-76.99,172.57
52.41808,-1.540966,152.85,2.69,3,52.12,20 / 20,774410,2019-09-06 19:33:00:153,0.4682,-0.0031,9.0235,0.017,0.0081,9.8066,-0.0218,-0.0108,0.0589,-19.56,-35.31,2.19,246.6,-76.85,172.16
52.41808,-1.540966,152.85,2.69,3,52.12,20 / 20,774509,2019-09-06 19:33:00:252,0.7349,-0.7644,9.9057,0.0046,0.0063,9.8066,0.0132,0.0447,-0.0693,-20.19,-35.69,3.19,248.5,-76.85,172.11
52.41808,-1.540966,152.85,2.69,3,52.12,20 / 20,774609,2019-09-06 19:33:00:352,0.7033,0.0582,9.6192,-0.0013,0.0036,9.8066,0.0266,-0.0053,0.0339,-19.44,-36.12,4.06,250.14,-76.9,171.62
52.41808,-1.540966,152.85,2.69,3,52.12,20 / 20,774710,2019-09-06 19:33:00:453,1.1248,0.7181,9.2488,-0.061,-0.0034,9.8064,0.0303,0.0306,0.0002,-19.5,-36.37,4.44,250.37,-77.15,171.42
52.41808,-1.540966,152.85,2.69,3,52.12,20 / 20,774810,2019-09-06 19:33:00:553,0.6354,-0.2946,9.9744,-0.052,-0.0192,9.8065,0.0132,-0.0436,-0.0665,-19.62,-36.37,4.5,253.91,-77.29,171.67
52.41808,-1.540966,152.85,2.69,3,52.12,20 / 20,774910,2019-09-06 19:33:00:653,0.1838,1.1373,9.802,0.0138,-0.0073,9.8066,-0.1454,-0.0732,0.1033,-20.12,-37.12,3.63,250.66,-77.48,171.2
52.41808,-1.540966,152.85,2.69,3,52.12,20 / 20,775010,2019-09-06 19:33:00:753,-1.511,1.2385,9.1654,0.0078,0.0109,9.8066,-0.2056,0.1015,-0.0452,-21,-37.5,3.19,249.17,-77.6,171.53
52.41808,-1.540966,152.85,2.69,3,52.12,20 / 20,775110,2019-09-06 19:33:00:853,0.0269,-0.0361,9.333,0.0198,0.0028,9.8066,0.0496,0.0198,-0.0695,-21.75,-37.31,2.75,250.32,-77.77,171.96
52.41808,-1.540966,152.85,2.69,3,52.12,20 / 20,775214,2019-09-06 19:33:00:957,-0.4208,-0.7039,9.4458,0.0384,0.0022,9.8065,0.0415,0.0408,0.0494,-22.87,-37.06,3.44,250.76,-77.73,171.99
52.41808,-1.540966,152.85,2.69,3,52.12,20 / 20,775311,2019-09-06 19:33:01:054,0.7188,1.0913,10.2308,-0.0173,0.0034,9.8066,-0.0051,0.1343,-0.0687,-23.31,-36.75,5,255.91,-77.75,172.63
52.41808,-1.540966,152.85,2.69,3,52.12,20 / 20,775410,2019-09-06 19:33:01:153,-0.4278,0.0102,9.6413,0.0099,-0.0245,9.8065,-0.0467,0.0213,0.0612,-22.94,-35.62,6.31,259.26,-77.6,173.46
52.41808,-1.540966,152.85,2.69,3,52.12,20 / 20,775509,2019-09-06 19:33:01:252,-0.0651,-0.1026,9.6669,-0.0188,-0.0131,9.8066,0.0406,0.0178,0.0203,-22.62,-35.87,7,262.28,-77.5,174.37
52.41808,-1.540966,152.85,2.69,3,52.12,20 / 20,775610,2019-09-06 19:33:01:353,1.0441,1.3008,9.4779,-0.0261,0.0024,9.8066,0.0445,0.0838,-0.015,-20.69,-35.31,6.25,260.54,-77.65,174.6
52.41808,-1.540966,152.85,2.69,3,52.12,20 / 20,775709,2019-09-06 19:33:01:452,-0.443,0.7021,8.7416,0.0552,-0.0061,9.8064,-0.1806,-0.0656,-0.0443,-19.75,-35.87,4.81,257.27,-77.33,175.41
52.41808,-1.540966,152.85,2.69,3,52.12,20 / 20,775810,2019-09-06 19:33:01:553,0.1916,-1.634,9.3697,0.0529,0.0067,9.8064,-0.1878,0.1096,-0.0111,-19.69,-36.19,4,254.79,-77.53,175.22
52.41808,-1.540966,152.85,2.69,3,52.12,20 / 20,775910,2019-09-06 19:33:01:653,-0.9796,1.0619,10.7769,-0.0589,0.0002,9.8064,0.082,0.0648,-0.1183,-19,-35.25,3.63,255.98,-77.79,175.98
52.41808,-1.540966,152.85,2.69,3,52.12,20 / 20,776009,2019-09-06 19:33:01:752,-1.9316,-0.8431,11.0005,-0.0291,-0.0116,9.8065,0.1705,-0.048,0.0034,-18.81,-36.37,3.19,252.66,-78.23,175.14
52.41808,-1.540966,152.85,2.69,3,52.12,20 / 20,776110,2019-09-06 19:33:01:853,1.2804,-0.0226,11.1157,0.0494,-0.0063,9.8065,-0.2836,0.053,0.1036,-18.81,-35.81,3.44,253.27,-77.89,176.51
52.41808,-1.540966,152.85,2.69,3,52.12,20 / 20,776209,2019-09-06 19:33:01:952,1.1688,-1.3761,10.773,0.0243,0.0024,9.8066,-0.1133,0.0797,-0.089,-18.62,-35.94,3.69,256.42,-77.86,177.01
52.41808,-1.540966,152.85,2.69,3,52.12,20 / 20,776309,2019-09-06 19:33:02:052,-0.3217,-0.8297,9.8149,0.0441,0.0108,9.8065,-0.2042,0.003,-0.0032,-18.56,-36.44,3.44,252.89,-77.75,176.36
52.41831,-1.540512,153.54,7.44,3,49,20 / 20,776409,2019-09-06 19:33:02:152,-1.6255,-0.5401,9.9572,0.0233,0.005,9.8065,0.1269,0.0095,0.0909,-18.37,-35.87,3.75,255.64,-77.91,176.66
52.41831,-1.540512,153.54,7.44,3,49,20 / 20,776509,2019-09-06 19:33:02:252,-1.7206,-0.3845,10.2064,-0.0383,-0.028,9.8065,0.0586,0.0354,-0.042,-18.44,-35.94,2.5,254.32,-78.34,177.59
52.41831,-1.540512,153.54,7.44,3,49,20 / 20,776609,2019-09-06 19:33:02:352,-0.6415,-0.5635,9.8147,-0.0303,-0.0148,9.8065,0.0529,-0.0619,0.0682,-18.94,-35.94,3.56,257.98,-78.25,177.99
52.41831,-1.540512,153.54,7.44,3,49,20 / 20,776709,2019-09-06 19:33:02:452,-0.1191,-0.1922,9.6547,0.0279,0.0121,9.8066,0.0301,0.0241,-0.0283,-18.62,-36.5,3.25,254.72,-77.81,178.33
52.41831,-1.540512,153.54,7.44,3,49,20 / 20,776810,2019-09-06 19:33:02:553,-0.193,0.0057,9.6004,0.0109,0.0095,9.8065,0.0029,-0.0355,0.0265,-18.62,-36.06,3.94,257.1,-77.75,178
52.41831,-1.540512,153.54,7.44,3,49,20 / 20,776910,2019-09-06 19:33:02:653,-0.6778,-0.4976,9.9338,-0.0268,-0.0185,9.8065,-0.0028,-0.0211,0.0458,-18.69,-35.87,3.56,257.48,-77.75,178.41
52.41831,-1.540512,153.54,7.44,3,49,20 / 20,777009,2019-09-06 19:33:02:752,-1.3091,-0.558,10.5282,0.0015,-0.0084,9.8066,0.1133,0.0157,-0.0164,-18.94,-36,3.88,258.65,-77.92,179.39
52.41831,-1.540512,153.54,7.44,3,49,20 / 20,777110,2019-09-06 19:33:02:853,-0.5605,0.113,9.8979,0.012,-0.012,9.8066,0.1019,-0.0131,0.0636,-18.69,-35.62,4.13,258.34,-77.71,179.46
52.41831,-1.540512,153.54,7.44,3,49,20 / 20,777210,2019-09-06 19:33:02:953,0.9185,0.1153,9.0382,0.0376,-0.0048,9.8065,-0.0109,-0.0163,0.0799,-19.44,-36.31,3.88,258.47,-77.35,-179.67
52.41831,-1.540512,153.54,7.44,3,49,20 / 20,777310,2019-09-06 19:33:03:053,-0.3866,-1.8861,9.1843,-0.01,-0.0196,9.8066,-0.0892,-0.0723,-0.0392,-20.19,-35.44,4.44,260.36,-77.16,-178.52
52.41831,-1.540512,153.54,7.44,3,49,20 / 20,777409,2019-09-06 19:33:03:152,0.0302,-0.4048,10.0086,-0.022,0.0147,9.8066,0.0047,-0.0683,0.0671,-19.81,-36.37,4.75,262.67,-77.3,-178.59
52.41831,-1.540512,153.54,7.44,3,49,20 / 20,777510,2019-09-06 19:33:03:253,-0.6652,0.2093,10.6201,-0.0163,-0.0067,9.8065,0.0428,0.0772,0.0409,-20.12,-35.75,4.25,260.42,-77.72,-178.87
52.41831,-1.540512,153.54,7.44,3,49,20 / 20,777609,2019-09-06 19:33:03:352,-0.0272,-2.2187,9.5198,-0.0048,-0.0062,9.8065,-0.0959,0.008,-0.1259,-19.56,-36.12,4.38,260.67,-77.78,-178.71
52.41831,-1.540512,153.54,7.44,3,49,20 / 20,777710,2019-09-06 19:33:03:453,-0.0623,-0.1189,9.6841,-0.0117,0.0201,9.8066,0.0506,-0.0492,0.0035,-19.69,-35.87,3.75,259.31,-77.77,179.83
52.41831,-1.540512,153.54,7.44,3,49,20 / 20,777809,2019-09-06 19:33:03:552,0.0321,-0.7281,10.1092,-0.0119,-0.0037,9.8066,-0.0088,-0.057,0.0178,-20.37,-36.12,4.69,261.63,-77.65,179.61
52.41831,-1.540512,153.54,7.44,3,49,20 / 20,777910,2019-09-06 19:33:03:653,0.1262,-0.5313,9.708,-0.0081,0.003,9.8066,-0.0198,0.0098,-0.0628,-20.06,-36.62,4.25,258.12,-77.67,179.34
52.41831,-1.540512,153.54,7.44,3,49,20 / 20,778010,2019-09-06 19:33:03:753,-1.7269,-0.331,9.3308,-0.0103,0.0167,9.8065,-0.056,0.024,-0.0139,-19.87,-36.62,3.63,257.73,-77.91,178.44
52.41831,-1.540512,153.54,7.44,3,49,20 / 20,778110,2019-09-06 19:33:03:853,-0.6215,-1.1894,10.447,-0.0114,-0.0177,9.8065,-0.0868,-0.1014,0.1144,-20.12,-36.12,4,259.29,-78.11,179.16
52.41831,-1.540512,153.54,7.44,3,49,20 / 20,778209,2019-09-06 19:33:03:952,-0.5538,-1.0248,9.1535,-0.0249,-0.0072,9.8065,0.0476,0.0201,-0.051,-19.31,-36.12,4.06,259.54,-78.23,179.73
52.41831,-1.540512,153.54,7.44,3,49,20 / 20,778310,2019-09-06 19:33:04:053,-0.6494,-0.1699,10.0639,-0.0163,-0.0155,9.8065,0.1042,0.027,-0.039,-20.12,-36.87,4.38,259.16,-78.13,179.59
52.41831,-1.540512,153.54,7.44,3,49,20 / 20,778410,2019-09-06 19:33:04:153,-0.4695,0.518,10.191,0.0406,0.0071,9.8065,-0.1385,-0.097,0.104,-20.5,-36.25,4,259.98,-78.29,179.56
52.41831,-1.540512,153.54,7.44,3,49,20 / 20,778509,2019-09-06 19:33:04:252,-0.1938,-0.8456,9.6953,0.0128,-0.0087,9.8066,-0.1462,-0.0324,-0.0455,-20.44,-35.62,3.56,260.57,-78.36,-179.93
52.41831,-1.540512,153.54,7.44,3,49,20 / 20,778610,2019-09-06 19:33:04:353,-0.2386,-2.2173,10.0025,0.0048,0.0019,9.8066,-0.128,0.0511,0.0295,-20.94,-36.06,3.31,259.12,-78.55,-179.51
52.41831,-1.540512,153.54,7.44,3,49,20 / 20,778709,2019-09-06 19:33:04:452,-1.791,-0.0794,9.7214,0.0124,0.0029,9.8066,-0.2272,-0.0557,0.049,-19.75,-36.62,3.81,260.54,-78.81,179.76
52.41831,-1.540512,153.54,7.44,3,49,20 / 20,778809,2019-09-06 19:33:04:552,-1.1546,0.3164,9.2258,0.0094,-0.0031,9.8066,0.0958,-0.0705,0.0527,-19.87,-35.94,3.88,261.71,-78.93,-179.79
52.41831,-1.540512,153.54,7.44,3,49,20 / 20,778909,2019-09-06 19:33:04:652,-1.1245,0.1555,9.7503,-0.0291,-0.0129,9.8066,0.0715,0.0345,0.0073,-20.62,-37,3.69,262.39,-79.13,-179.3
52.41831,-1.540512,153.54,7.44,3,49,20 / 20,779009,2019-09-06 19:33:04:752,-0.8083,-0.7167,9.844,-0.0217,-0.0128,9.8066,0.0673,0.0059,0.0417,-20.62,-35.94,3.25,260.73,-79.17,-178.88
52.41831,-1.540512,153.54,7.44,3,49,20 / 20,779109,2019-09-06 19:33:04:852,-0.0934,-0.2209,10.0692,0.0058,-0.0129,9.8066,-0.0818,-0.0374,0.0355,-20.62,-35.62,3.63,264.3,-79.21,-177.96
52.41831,-1.540512,153.54,7.44,3,49,20 / 20,779209,2019-09-06 19:33:04:952,-0.7811,-0.4009,9.8082,0.0064,-0.0029,9.8066,0.0611,-0.0396,0.0796,-20.81,-35.75,2.94,262.55,-79.23,-177.05
52.41831,-1.540512,153.54,7.44,3,49,20 / 20,779310,2019-09-06 19:33:05:053,-1.5332,0.1188,9.4663,-0.0168,-0.0187,9.8065,0.0308,0.0266,0.0068,-20.87,-35.62,3.19,263.91,-79.35,-175.84
52.41831,-1.540512,153.54,7.44,3,49,20 / 20,779409,2019-09-06 19:33:05:152,-0.9241,-1.104,9.9773,0.0011,-0.0177,9.8066,0.0618,-0.0094,0.032,-21.44,-35.5,3.88,267.66,-79.25,-175.07
52.41831,-1.540512,153.54,7.44,3,49,20 / 20,779510,2019-09-06 19:33:05:253,-0.6064,-0.3207,9.9315,-0.0048,-0.0084,9.8066,0.0039,-0.0053,0.0101,-21,-36.06,3.56,268.16,-79.23,-173.98
52.41831,-1.540512,153.54,7.44,3,49,20 / 20,779609,2019-09-06 19:33:05:352,-0.5007,-0.183,9.7185,0,-0.0112,9.8066,0.0528,-0.0441,0.0317,-21.25,-35.81,3.5,269.23,-79.24,-172.9
52.41831,-1.540512,153.54,7.44,3,49,20 / 20,779710,2019-09-06 19:33:05:453,-1.6311,-0.7455,9.9956,-0.0044,-0.0181,9.8065,-0.0413,-0.023,0.0112,-21.5,-36.25,3.75,270.36,-79.26,-171.79
52.41831,-1.540512,153.54,7.44,3,49,20 / 20,779810,2019-09-06 19:33:05:553,-0.7264,-0.9626,10.0443,0.0125,-0.0013,9.8066,0.0711,-0.008,0.063,-21.12,-35.25,3.5,271.31,-79.2,-171.25
52.41831,-1.540512,153.54,7.44,3,49,20 / 20,779910,2019-09-06 19:33:05:653,-1.2008,-1.5687,9.8802,0.0061,-0.0077,9.8065,-0.0432,-0.0228,-0.0108,-21.5,-35.06,3.25,268.77,-79.19,-171.02
52.41831,-1.540512,153.54,7.44,3,49,20 / 20,780010,2019-09-06 19:33:05:753,-1.0181,-0.5328,9.8837,-0.0022,-0.0037,9.8066,0.0075,-0.1169,-0.0196,-21.56,-35.5,3.81,272,-79.1,-170.73
52.41831,-1.540512,153.54,7.44,3,49,20 / 20,780109,2019-09-06 19:33:05:852,0.5442,-1.3926,10.0022,-0.009,0.0023,9.8066,0.0525,-0.0534,0.0208,-22.31,-35,3.81,271.85,-79,-170.72
52.41831,-1.540512,153.54,7.44,3,49,20 / 20,780210,2019-09-06 19:33:05:953,-0.0703,-1.2253,10.2864,0.0153,0.0016,9.8066,0.0256,-0.1159,0.0385,-21.87,-34.94,5.31,273.86,-78.84,-171.1
52.41831,-1.540512,153.54,7.44,3,49,20 / 20,780310,2019-09-06 19:33:06:053,-0.5544,-1.2425,10.2107,0.0047,0.0095,9.8066,-0.019,-0.1633,0.0151,-22.25,-36.37,4.69,273.05,-78.82,-171.33
52.41831,-1.540512,153.54,7.44,3,49,20 / 20,780409,2019-09-06 19:33:06:152,0.1335,-1.9807,9.8086,-0.0075,0.0124,9.8066,0.0138,-0.1907,0.0085,-22,-35.25,6,274.81,-78.96,-172.99
52.41831,-1.540512,153.54,7.44,3,49,20 / 20,780509,2019-09-06 19:33:06:252,-0.5214,-1.7086,9.7815,-0.016,0.0078,9.8066,-0.0254,-0.2461,-0.0092,-22.31,-35.31,6.13,274.42,-78.98,-173.42
52.41831,-1.540512,153.54,7.44,3,49,20 / 20,780611,2019-09-06 19:33:06:354,-0.2074,-1.8271,9.703,-0.007,0.0142,9.8065,0.042,-0.2415,0.0354,-21.87,-36.19,6,273.32,-78.96,-173.97
52.41831,-1.540512,153.54,7.44,3,49,20 / 20,780710,2019-09-06 19:33:06:453,0.2293,-2.2408,10.018,0.0091,0.0113,9.8066,-0.0781,-0.2907,0.0424,-22.62,-35.06,6.25,273.11,-79,-174.85
52.41831,-1.540512,153.54,7.44,3,49,20 / 20,780810,2019-09-06 19:33:06:553,-0.624,-2.2225,9.9369,0.0141,0.0132,9.8066,-0.0748,-0.2581,0.0215,-22.31,-35,7,274.59,-79,-175.9
52.41831,-1.540512,153.54,7.44,3,49,20 / 20,780910,2019-09-06 19:33:06:653,-1.2836,-2.5326,10.0312,0.0101,0.0119,9.8066,-0.0067,-0.3511,0.0291,-22.25,-35.37,6.88,274.13,-79.12,-176.55
52.41831,-1.540512,153.54,7.44,3,49,20 / 20,781010,2019-09-06 19:33:06:753,-0.0011,-1.9032,9.3198,-0.0004,0.0228,9.8066,-0.0166,-0.2973,0.0179,-21.31,-35.31,8.38,275.67,-79.17,-177.84
52.41831,-1.540512,153.54,7.44,3,49,20 / 20,781110,2019-09-06 19:33:06:853,-0.3357,-3.3827,8.7862,0.0177,0.0041,9.8066,0.0066,-0.3231,0.0174,-22.19,-35.56,9.56,279.39,-79.19,-178.59
52.41831,-1.540512,153.54,7.44,3,49,20 / 20,781210,2019-09-06 19:33:06:953,-2.0661,-2.9148,9.9307,-0.0432,0.0236,9.8064,-0.009,-0.4216,0.0686,-22.75,-35.5,9.63,279.64,-79.21,-178.5
52.41831,-1.540512,153.54,7.44,3,49,20 / 20,781310,2019-09-06 19:33:07:053,-1.1452,-3.0791,10.0929,-0.0311,0.0171,9.8065,0.071,-0.4089,-0.0218,-21.37,-35.69,9.94,278.99,-79.58,-180
52.41831,-1.540512,153.54,7.44,3,49,20 / 20,781409,2019-09-06 19:33:07:152,0.535,-2.4966,9.8902,-0.0205,0.0351,9.8065,0.0448,-0.3247,-0.0073,-22.94,-34.75,10.25,276.33,-79.76,177.45
52.41831,-1.540512,153.54,7.44,3,49,20 / 20,781510,2019-09-06 19:33:07:253,-0.0409,-2.9037,10.0535,-0.0234,0.0212,9.8065,-0.0741,-0.3601,0.0103,-22.12,-35.25,10.88,277.62,-79.91,175.71
52.41831,-1.540512,153.54,7.44,3,49,20 / 20,781610,2019-09-06 19:33:07:353,-0.7782,-3.2101,9.8361,0.0452,0.0169,9.8065,-0.053,-0.4104,0.0203,-21.25,-34.75,11.31,276.02,-79.65,174.03
52.41831,-1.540512,153.54,7.44,3,49,20 / 20,781709,2019-09-06 19:33:07:452,-0.4025,-2.3302,8.7984,0.0324,0.0308,9.8065,0.1244,-0.4157,-0.0284,-21.75,-35.25,12,275.51,-79.63,171.72
52.41831,-1.540512,153.54,7.44,3,49,20 / 20,781810,2019-09-06 19:33:07:553,-0.6249,-2.5301,9.2103,-0.0767,0.0618,9.8061,0.1021,-0.4357,0.0056,-21.5,-36.44,12.81,275.66,-79.66,169.33
52.41831,-1.540512,153.54,7.44,3,49,20 / 20,781910,2019-09-06 19:33:07:653,-0.7258,-3.0036,10.1067,-0.0815,0.05,9.8061,-0.1724,-0.4098,-0.0555,-20,-36.12,13.56,275.53,-80.46,164.89
52.41831,-1.540512,153.54,7.44,3,49,20 / 20,782010,2019-09-06 19:33:07:753,-0.3741,-2.3664,10.0168,0.0192,0.0209,9.8066,-0.0712,-0.4453,0.0161,-20.75,-35.75,13.94,271.08,-80.52,161.18
52.41831,-1.540512,153.54,7.44,3,49,20 / 20,782110,2019-09-06 19:33:07:853,-0.8455,-3.1656,9.6814,-0.0412,0.0274,9.8065,-0.0794,-0.3648,-0.0512,-20.81,-36.06,14.25,269.36,-80.85,158.94
52.41831,-1.540512,153.54,7.44,3,49,20 / 20,782214,2019-09-06 19:33:07:957,-0.0602,-2.8854,9.3732,-0.0269,0.0363,9.8065,-0.0533,-0.3914,0.0366,-19.87,-35.75,14.38,267.52,-81.26,155.59
52.41831,-1.540512,153.54,7.44,3,49,20 / 20,782310,2019-09-06 19:33:08:053,-0.2906,-0.8272,9.7625,-0.0008,0.0258,9.8065,0.1059,-0.4178,0.0477,-20.44,-35.62,14.56,267.5,-81.31,153.31
52.41831,-1.540512,153.54,7.44,3,49,20 / 20,782410,2019-09-06 19:33:08:153,-0.5747,-2.1969,9.4258,-0.0537,0.0042,9.8064,0.1039,-0.2873,-0.0203,-20.19,-35.69,15.25,268.13,-81.42,153.78
52.41831,-1.540512,153.54,7.44,3,49,20 / 20,782509,2019-09-06 19:33:08:252,-0.7275,-1.8434,10.9373,-0.0511,0.01,9.8065,-0.1084,-0.328,0.0285,-19.37,-35.62,16.81,274.18,-81.84,154.05
52.41831,-1.540512,153.54,7.44,3,49,20 / 20,782610,2019-09-06 19:33:08:353,-1.0626,-2.2421,10.4925,0.0857,-0.0171,9.8062,-0.1199,-0.2357,-0.0436,-18.87,-35.75,16.75,274.97,-81.33,155.6
52.41831,-1.540512,153.54,7.44,3,49,20 / 20,782709,2019-09-06 19:33:08:452,-0.8845,-1.7441,9.4304,0.0644,-0.0287,9.8063,0.1555,-0.279,0.0743,-19.75,-35.75,18.13,274.37,-81.01,154.61
52.41831,-1.540512,153.54,7.44,3,49,20 / 20,782809,2019-09-06 19:33:08:552,-0.8964,-3.1017,9.2112,-0.0254,-0.0085,9.8065,0.0771,-0.3475,-0.0188,-19.19,-35.69,19,280.02,-81.02,157.17
52.41831,-1.540512,153.54,7.44,3,49,20 / 20,782909,2019-09-06 19:33:08:652,-0.7433,-2.1014,9.069,0.0133,0.0198,9.8066,0.2681,-0.2375,-0.0154,-19.5,-35.94,18.63,279.2,-80.74,156.76
52.41831,-1.540512,153.54,7.44,3,49,20 / 20,783010,2019-09-06 19:33:08:753,-1.4008,-1.2741,8.5794,-0.1075,0.0939,9.8055,0.1211,-0.272,0.0698,-19.37,-35.44,19.63,282.26,-80.85,157.46
52.41831,-1.540512,153.54,7.44,3,49,20 / 20,783110,2019-09-06 19:33:08:853,-1.019,-3.2071,11.7345,-0.1117,0.0642,9.8057,0.2128,-0.1561,-0.0561,-18.75,-35.37,19.5,279.34,-81.97,153.13
52.41831,-1.540512,153.54,7.44,3,49,20 / 20,783209,2019-09-06 19:33:08:952,3.4815,-1.2022,11.3078,-0.0204,0.0155,9.8066,0.3792,-0.0136,-0.0901,-19.06,-34.62,19.69,277.56,-82.21,151.06
52.41831,-1.540512,153.54,7.44,3,49,20 / 20,783309,2019-09-06 19:33:09:052,0.4353,-3.0861,10.3818,-0.0651,0.04,9.8063,0.3924,-0.2106,0.1505,-17.87,-34.62,20.06,277.97,-82.43,149.88
52.41831,-1.540512,153.54,7.44,3,49,20 / 20,783410,2019-09-06 19:33:09:153,-0.4752,-0.1669,9.1253,0.0528,-0.0406,9.8064,-0.1373,-0.1073,0.0208,-18.62,-35.25,19.75,278.94,-82.04,152.64
52.41831,-1.540512,153.54,7.44,3,49,20 / 20,783509,2019-09-06 19:33:09:252,0.0486,-0.4951,9.3838,0.0441,-0.048,9.8064,-0.0112,-0.2121,0.0601,-18.37,-35.37,20.5,283.16,-82.05,153.78
52.41831,-1.540512,153.54,7.44,3,49,20 / 20,783609,2019-09-06 19:33:09:352,-0.1644,-1.3666,8.9411,-0.0137,0.0038,9.8066,-0.1951,-0.0513,-0.0222,-18.81,-35.56,20.56,282.4,-82.21,154.42
52.41831,-1.540512,153.54,7.44,3,49,20 / 20,783710,2019-09-06 19:33:09:453,0.486,-0.3111,9.6665,-0.0228,0.0121,9.8065,0.092,-0.0058,-0.022,-18.69,-34.75,20.63,282.12,-82.43,153.6
52.41831,-1.540512,153.54,7.44,3,49,20 / 20,783810,2019-09-06 19:33:09:553,0.9268,-1.4277,9.747,-0.0499,0.0336,9.8064,0.2,-0.099,0.0816,-18.44,-34.5,20.69,283.24,-82.96,152.43
52.41831,-1.540512,153.54,7.44,3,49,20 / 20,783910,2019-09-06 19:33:09:653,1.7235,-0.2174,10.5795,-0.0637,0.0135,9.8064,-0.2718,-0.0732,0.0591,-18.69,-34.87,19.38,279.65,-83.32,153.36
52.41831,-1.540512,153.54,7.44,3,49,20 / 20,784010,2019-09-06 19:33:09:753,0.3767,0.2253,9.6692,0.0125,-0.05,9.8064,-0.0537,0.0487,0.0703,-18.37,-34.75,19.81,286.05,-83.43,156.41
52.41831,-1.540512,153.54,7.44,3,49,20 / 20,784110,2019-09-06 19:33:09:853,0.6717,0.5058,9.2014,0.0251,-0.046,9.8064,-0.0062,-0.0463,0.0882,-19,-34.87,19.94,287.6,-83.45,159.21
52.41831,-1.540512,153.54,7.44,3,49,20 / 20,784210,2019-09-06 19:33:09:953,0.0583,-0.1395,8.6336,-0.0066,-0.0179,9.8066,-0.1356,0.0071,0.0384,-19.31,-34.37,20.06,290.11,-83.46,161.38
52.41831,-1.540512,153.54,7.44,3,49,20 / 20,784309,2019-09-06 19:33:10:052,0.5141,0.4745,10.8967,-0.0182,-0.0227,9.8066,0.1621,0.0057,0.062,-19,-34.62,20.31,293.52,-83.5,164.79
52.41831,-1.540512,153.54,7.44,3,49,21 / 21,784410,2019-09-06 19:33:10:153,0.7979,0.3262,10.8772,-0.0565,-0.0004,9.8065,0.2147,0.0792,0.0199,-19.62,-34.06,20.38,298.15,-83.74,169.96
52.41831,-1.540512,153.54,7.44,3,49,21 / 21,784510,2019-09-06 19:33:10:253,-0.135,-0.9192,10.9384,-0.0681,0.0173,9.8063,-0.1681,0.0482,0.0216,-19.69,-34.19,20.94,302.89,-83.82,172.76
52.41831,-1.540512,153.54,7.44,3,49,21 / 21,784609,2019-09-06 19:33:10:352,0.4455,-0.3162,9.7198,0.0938,-0.0899,9.8057,-0.0235,0.0528,-0.029,-19.94,-34,20.56,304.89,-82.95,175.51
52.41831,-1.540512,153.54,7.44,3,49,21 / 21,784709,2019-09-06 19:33:10:452,0.4696,0.1418,8.7613,0.0988,-0.0852,9.8058,-0.1503,0.0622,-0.0061,-18.87,-33.62,21.38,305.65,-82.69,175.18
52.41831,-1.540512,153.54,7.44,3,49,21 / 21,784810,2019-09-06 19:33:10:553,-2.0529,1.2866,9.6058,-0.0225,-0.0093,9.8065,-0.3758,0.0335,-0.0274,-19,-33.56,20.63,304.71,-82.56,174.46
52.41831,-1.540512,153.54,7.44,3,49,21 / 21,784909,2019-09-06 19:33:10:652,-0.0466,-0.6405,11.1456,0.0276,-0.0292,9.8065,0.3368,0.1587,-0.1155,-18.69,-33,20.94,306.14,-82.32,175.79
52.41831,-1.540512,153.54,7.44,3,49,21 / 21,785010,2019-09-06 19:33:10:753,0.0541,-0.9863,10.1466,-0.0108,0.0173,9.8066,0.3051,0.0083,0.0084,-19,-33.19,20.44,303.67,-82.22,175.24
52.41831,-1.540512,153.54,7.44,3,49,21 / 21,785110,2019-09-06 19:33:10:853,1.7693,-0.2527,10.1589,0.0289,-0.014,9.8065,-0.1858,0.0606,0.0139,-18.37,-32.81,19.88,303.85,-81.97,174.33
52.41831,-1.540512,153.54,7.44,3,49,21 / 21,785210,2019-09-06 19:33:10:953,-0.4486,-0.7409,9.5164,0.0239,-0.0286,9.8065,-0.0922,-0.0443,0.0188,-20.37,-33.31,18.13,297.34,-81.83,174.57
52.41831,-1.540512,153.54,7.44,3,49,21 / 21,785310,2019-09-06 19:33:11:053,-0.2193,0.5965,9.4953,-0.0092,0.0077,9.8066,-0.0024,0.0323,-0.0826,-22.37,-33.56,18.5,296.92,-82.17,174.56
52.41844,-1.539713,155.69,7.53,3,113.03,20 / 20,785409,2019-09-06 19:33:11:152,-1.1042,0.9831,9.6329,-0.0093,-0.0021,9.8066,0.0125,0.0178,-0.0023,-22.25,-33.69,19.69,299.22,-82.37,174.83
52.41844,-1.539713,155.69,7.53,3,113.03,20 / 20,785510,2019-09-06 19:33:11:253,-0.9119,0.8737,9.5827,-0.022,0.002,9.8066,0.018,0.0658,-0.0533,-22.56,-34.37,20.25,299.49,-82.54,175.98
52.41844,-1.539713,155.69,7.53,3,113.03,20 / 20,785609,2019-09-06 19:33:11:352,0.7925,0.9,9.4969,-0.0289,0.0204,9.8065,-0.0165,0.0794,0.0212,-21.19,-33.19,20.69,304.5,-82.73,176.41
52.41844,-1.539713,155.69,7.53,3,113.03,20 / 20,785710,2019-09-06 19:33:11:453,0.3333,0.4371,10.1075,-0.0049,0.0025,9.8066,0.0148,0.0208,-0.0071,-20.81,-34.06,20.25,304.24,-82.57,178.1
52.41844,-1.539713,155.69,7.53,3,113.03,20 / 20,785810,2019-09-06 19:33:11:553,1.78,0.4351,10.136,-0.0031,0.0095,9.8066,0.0583,-0.0513,0.1216,-20.81,-33.75,20.31,304.16,-82.58,178.02
52.41844,-1.539713,155.69,7.53,3,113.03,20 / 20,785910,2019-09-06 19:33:11:653,0.9622,0.354,8.9736,-0.0083,-0.012,9.8066,-0.0027,0.0915,-0.1036,-20.5,-33.87,20.44,306.3,-82.43,178.91
52.41844,-1.539713,155.69,7.53,3,113.03,20 / 20,786009,2019-09-06 19:33:11:752,-0.3206,3.1721,10.6619,0.0396,-0.0246,9.8065,0.3857,-0.0949,0.1195,-20.62,-33.62,19.81,304.6,-82.14,178.89
52.41844,-1.539713,155.69,7.53,3,113.03,20 / 20,786110,2019-09-06 19:33:11:853,-1.0659,-0.0806,10.5258,-0.0588,0.0341,9.8064,0.3619,0.0781,-0.054,-20.94,-33.56,20.63,307.43,-82.01,-180
52.41844,-1.539713,155.69,7.53,3,113.03,20 / 20,786210,2019-09-06 19:33:11:953,1.3441,-0.2353,9.7522,-0.0344,0.0365,9.8065,0.1803,-0.0374,0.0382,-21.06,-33.75,20.25,305.92,-82.36,179.86
52.41844,-1.539713,155.69,7.53,3,113.03,20 / 20,786310,2019-09-06 19:33:12:053,0.6191,0.5347,9.5169,0.0483,-0.041,9.8064,-0.1933,0.0783,0.0408,-19.94,-33.06,20.06,307.26,-81.97,-179.97
52.41844,-1.539713,155.69,7.53,3,113.03,20 / 20,786409,2019-09-06 19:33:12:152,-0.204,-0.3189,9.6327,0.0359,-0.0425,9.8064,0.1836,-0.0055,0.0482,-20.5,-33.62,20.56,309.65,-81.94,-179.15
52.41844,-1.539713,155.69,7.53,3,113.03,20 / 20,786510,2019-09-06 19:33:12:253,0.1737,0.3379,10.3545,-0.0359,0.0106,9.8065,0.0722,-0.0187,-0.0645,-21.12,-32.56,20.88,311.09,-82.18,-177.07
52.41844,-1.539713,155.69,7.53,3,113.03,20 / 20,786609,2019-09-06 19:33:12:352,-0.4376,-0.1586,10.2516,-0.0392,0.0143,9.8065,-0.087,0.0156,-0.0009,-21.19,-33.37,20.25,310.65,-82.31,-176.03
52.41844,-1.539713,155.69,7.53,3,113.03,20 / 20,786709,2019-09-06 19:33:12:452,0.9818,0.7494,10.2818,0.0163,-0.0104,9.8066,-0.0593,-0.0797,0.0055,-21.25,-33.31,20.13,310.69,-82.4,-176.08
52.41844,-1.539713,155.69,7.53,3,113.03,20 / 20,786810,2019-09-06 19:33:12:553,-0.0875,-0.1879,9.9047,0.0203,-0.0176,9.8066,0.0065,0.0088,-0.0135,-21,-33.56,20,310.72,-82.24,-175.7
52.41844,-1.539713,155.69,7.53,3,113.03,20 / 20,786910,2019-09-06 19:33:12:653,0.4561,0.0599,9.9529,0.026,-0.0035,9.8066,0.0053,-0.0067,-0.0113,-21.12,-33.5,19.94,308.81,-82.15,-177.53
52.41844,-1.539713,155.69,7.53,3,113.03,20 / 20,787009,2019-09-06 19:33:12:752,0.5878,0.1443,9.2151,0.0296,-0.0045,9.8065,0.0695,0.042,-0.0052,-20.5,-33.31,19.94,309.06,-81.98,-178.36
52.41844,-1.539713,155.69,7.53,3,113.03,20 / 20,787110,2019-09-06 19:33:12:853,0.1026,0.2421,9.7159,-0.0238,0.0169,9.8066,0.019,-0.012,0.0082,-21,-33.25,20.06,307.33,-82.05,-178.77
52.41844,-1.539713,155.69,7.53,3,113.03,20 / 20,787210,2019-09-06 19:33:12:953,0.4122,0.651,9.762,-0.0285,0.0099,9.8065,-0.0639,-0.0138,0.0547,-20.62,-32.75,20,307.56,-82.01,-178.52
52.41844,-1.539713,155.69,7.53,3,113.03,20 / 20,787309,2019-09-06 19:33:13:052,-0.1874,-0.4714,9.8715,0.0061,-0.0209,9.8066,-0.0929,0.038,0.0008,-20.5,-32.69,20.19,310.17,-82.03,-177.42
52.41844,-1.539713,155.69,7.53,3,113.03,21 / 21,787409,2019-09-06 19:33:13:152,-1.5209,1.9863,9.611,0.0109,-0.0142,9.8066,0.1533,0.13,-0.1308,-20.87,-32.12,19.31,308.16,-82.04,-176.6
52.41844,-1.539713,155.69,7.53,3,113.03,21 / 21,787510,2019-09-06 19:33:13:253,0.2652,-0.3957,10.4909,-0.0427,0.0221,9.8065,0.1169,-0.1393,0.0803,-21.25,-32,18.94,310.19,-82.45,-175.15
52.41844,-1.539713,155.69,7.53,3,113.03,21 / 21,787610,2019-09-06 19:33:13:353,-1.6028,1.0226,11.1213,-0.0578,-0.016,9.8064,-0.063,-0.0672,0.0926,-21.69,-31.06,17.69,310.99,-82.51,-171.87
52.41844,-1.539713,155.69,7.53,3,113.03,21 / 21,787710,2019-09-06 19:33:13:453,-0.3026,-1.2098,9.9909,0.036,-0.0353,9.8065,0.0787,-0.0791,0.0239,-21.75,-31.94,17.81,312.22,-82.21,-170.28
52.41844,-1.539713,155.69,7.53,3,113.03,21 / 21,787809,2019-09-06 19:33:13:552,-0.1128,-0.1596,9.1066,0.0275,-0.0174,9.8065,-0.0702,0.019,-0.0597,-22.19,-32,17.88,311.71,-82.12,-170.66
52.41844,-1.539713,155.69,7.53,3,113.03,21 / 21,787909,2019-09-06 19:33:13:652,-0.7036,0.3281,9.8185,-0.0066,-0.0142,9.8066,-0.0982,0.0511,0.054,-21.5,-31.81,19.13,314.43,-82.04,-170.99
52.41844,-1.539713,155.69,7.53,3,113.03,21 / 21,788009,2019-09-06 19:33:13:752,-0.1586,0.4053,10.3407,0.0018,-0.0022,9.8066,0.0416,0.0242,-0.0362,-21.56,-32.81,19.25,313.75,-82.02,-170.22
52.41844,-1.539713,155.69,7.53,3,113.03,21 / 21,788110,2019-09-06 19:33:13:853,-0.5694,0.0503,9.9082,-0.0089,0.0209,9.8066,0.1004,-0.0635,0.024,-20.81,-33.19,20.13,316.55,-82.17,-170.64
52.41844,-1.539713,155.69,7.53,3,113.03,21 / 21,788210,2019-09-06 19:33:13:953,1.001,-0.123,9.777,-0.0093,-0.0026,9.8066,0.0168,-0.019,-0.0269,-21.25,-33.5,19.63,316.63,-82.03,-170.45
52.41844,-1.539713,155.69,7.53,3,113.03,21 / 21,788310,2019-09-06 19:33:14:053,0.3825,0.0996,10.1292,0.0098,-0.0017,9.8065,0.0228,0.0154,0.0072,-20.5,-33.37,19.94,316.84,-81.84,-171.34
52.41844,-1.539713,155.69,7.53,3,113.03,20 / 20,788410,2019-09-06 19:33:14:153,0.3604,-0.4059,9.931,0.0111,-0.0029,9.8066,-0.1332,0.0181,0.0063,-20.75,-33.31,20.06,314.89,-81.75,-171.74
52.41844,-1.539713,155.69,7.53,3,113.03,20 / 20,788509,2019-09-06 19:33:14:252,0.5323,0.5019,9.6046,0.0028,-0.0068,9.8066,-0.0709,0.0536,0.0673,-21,-33.56,19.94,315.08,-81.72,-171.34
52.41844,-1.539713,155.69,7.53,3,113.03,20 / 20,788610,2019-09-06 19:33:14:353,-0.8547,0.4039,9.9618,-0.0118,-0.0029,9.8066,0.0424,-0.0137,-0.0264,-21,-33.37,19.75,315.79,-81.76,-170.95
52.41844,-1.539713,155.69,7.53,3,113.03,20 / 20,788710,2019-09-06 19:33:14:453,-0.8694,0.1609,10.3631,0.0137,-0.0015,9.8065,0.0765,-0.0552,-0.0187,-20.94,-33.62,19.5,316.68,-81.94,-170.14
52.41844,-1.539713,155.69,7.53,3,113.03,20 / 20,788810,2019-09-06 19:33:14:553,0.7659,0.5771,9.9163,0.0109,-0.0173,9.8066,0.0169,-0.0567,0.0643,-21.31,-33.44,20.06,316.66,-81.87,-170.28
52.41844,-1.539713,155.69,7.53,3,113.03,20 / 20,788910,2019-09-06 19:33:14:653,-1.2324,0.7265,9.5349,-0.0134,0.0074,9.8066,0.023,-0.0151,-0.0387,-21.12,-33.06,19.25,315.58,-81.99,-169.71
52.41844,-1.539713,155.69,7.53,3,113.03,20 / 20,789009,2019-09-06 19:33:14:752,0.6413,-0.0591,9.6329,0.0211,-0.0048,9.8065,-0.0983,-0.0343,0.0022,-21.87,-32.69,19.69,315.38,-81.94,-170.31
52.41844,-1.539713,155.69,7.53,3,113.03,20 / 20,789109,2019-09-06 19:33:14:852,0.4053,-0.3114,10.1071,0.022,-0.0088,9.8066,-0.124,0.0134,-0.0655,-21.69,-33.5,19.19,313.32,-81.94,-170.52
52.41844,-1.539713,155.69,7.53,3,113.03,20 / 20,789209,2019-09-06 19:33:14:952,-1.5021,1.2119,9.8123,-0.0029,0.0062,9.8065,0.0866,-0.0045,0.0122,-21.62,-32.56,19.63,314.83,-82.08,-170.91
52.41844,-1.539713,155.69,7.53,3,113.03,20 / 20,789309,2019-09-06 19:33:15:052,0.7356,0.0917,10.3848,-0.0134,0.018,9.8065,0.0998,0.0042,-0.0474,-20.75,-33.56,19.56,315.4,-82.17,-171.47
52.41844,-1.539713,155.69,7.53,3,113.03,21 / 21,789409,2019-09-06 19:33:15:152,-0.7286,0.8989,9.87,0.0125,-0.0042,9.8066,-0.011,-0.0184,0.0593,-21.12,-32.56,19.44,313.03,-82.12,-172.09
52.41844,-1.539713,155.69,7.53,3,113.03,21 / 21,789510,2019-09-06 19:33:15:253,0.4771,-0.1949,9.7564,0.0082,-0.0117,9.8065,-0.0148,-0.0315,0.009,-20.94,-32.81,20.19,314.91,-82.1,-172.03
52.41844,-1.539713,155.69,7.53,3,113.03,21 / 21,789609,2019-09-06 19:33:15:352,-1.0018,0.6066,9.6103,-0.0035,0.007,9.8066,0.0356,-0.0514,-0.0601,-20.81,-31.87,19.88,315.02,-82.03,-172.07
52.41844,-1.539713,155.69,7.53,3,113.03,21 / 21,789710,2019-09-06 19:33:15:453,-0.9064,1.7828,10.4013,0.0094,0.0032,9.8066,0.0393,0.0314,0.0055,-21.19,-32.25,20.56,316.02,-81.98,-172.68
52.41844,-1.539713,155.69,7.53,3,113.03,21 / 21,789810,2019-09-06 19:33:15:553,-1.108,-0.1146,10.1074,-0.0039,0.0129,9.8066,-0.0063,0.0505,-0.0271,-21.5,-31.81,20.69,316.49,-81.84,-172.15
52.41844,-1.539713,155.69,7.53,3,113.03,21 / 21,789910,2019-09-06 19:33:15:653,-0.2186,1.1619,9.4907,-0.0121,0.0184,9.8066,0.0482,-0.017,0.0269,-20.56,-31.5,21.81,317.33,-81.99,-173.17
52.41844,-1.539713,155.69,7.53,3,113.03,21 / 21,790010,2019-09-06 19:33:15:753,0.081,0.801,10.2976,-0.0033,-0.0009,9.8066,-0.0109,-0.038,0.0063,-19.87,-31.69,21.25,317.31,-81.88,-172.7
52.41844,-1.539713,155.69,7.53,3,113.03,21 / 21,790109,2019-09-06 19:33:15:852,-0.8471,1.2997,9.2385,0.0079,0.0143,9.8066,-0.075,-0.0017,-0.0584,-19.5,-31.06,21.13,318.11,-81.93,-173.56
52.41844,-1.539713,155.69,7.53,3,113.03,21 / 21,790209,2019-09-06 19:33:15:952,-0.8064,1.5175,9.6069,-0.0056,-0.011,9.8066,-0.0265,0.0315,0.0398,-20.19,-31.56,20.5,316.13,-81.95,-173.81
52.41844,-1.539713,155.69,7.53,3,113.03,21 / 21,790310,2019-09-06 19:33:16:053,-0.3362,1.5386,9.5227,-0.0288,0.019,9.8065,-0.0224,0.0702,-0.0047,-20.19,-31.37,20,314.64,-81.88,-173.71
52.41844,-1.539713,155.69,7.53,3,113.03,20 / 20,790410,2019-09-06 19:33:16:153,-0.8616,0.0013,9.7775,-0.0403,0.0206,9.8065,-0.0065,0.0231,-0.0104,-21.25,-31.31,19.44,311.7,-81.83,-173.44
52.41844,-1.539713,155.69,7.53,3,113.03,20 / 20,790510,2019-09-06 19:33:16:253,0.237,0.339,10.6583,-0.0468,0.014,9.8065,0.0859,0.0116,0.0047,-21.5,-31.44,18.31,311.9,-82.12,-171.82
52.41844,-1.539713,155.69,7.53,3,113.03,20 / 20,790609,2019-09-06 19:33:16:352,-0.287,0.0164,9.6074,0.0315,-0.0327,9.8065,-0.0954,-0.0275,0.0586,-22.31,-31.19,17.31,309.06,-81.92,-171.32
52.41844,-1.539713,155.69,7.53,3,113.03,20 / 20,790710,2019-09-06 19:33:16:453,-0.0183,0.9891,9.1296,0.0152,-0.006,9.8065,-0.1106,0.0498,-0.0485,-22.62,-31.69,16.81,308.09,-81.99,-171.02
52.41844,-1.539713,155.69,7.53,3,113.03,20 / 20,790809,2019-09-06 19:33:16:552,-0.3295,0.3028,9.6322,0.0095,-0.0119,9.8065,0.0622,-0.0167,0.0129,-24.87,-31,17.38,306.79,-82.02,-170.56
52.41844,-1.539713,155.69,7.53,3,113.03,20 / 20,790909,2019-09-06 19:33:16:652,-0.507,0.7445,9.9393,0.0272,-0.0119,9.8065,0.1029,0.0043,-0.0135,-25.06,-29.87,19.13,310.14,-81.97,-170.92
52.41844,-1.539713,155.69,7.53,3,113.03,20 / 20,791010,2019-09-06 19:33:16:753,-0.8243,1.5185,9.4328,-0.0153,0.0145,9.8066,0.0161,-0.0862,-0.0173,-23.69,-30.37,20.38,312.99,-81.96,-170.87
52.41844,-1.539713,155.69,7.53,3,113.03,20 / 20,791109,2019-09-06 19:33:16:852,-2.0843,0.2784,9.8452,0.0052,0.0041,9.8066,0.0343,0.0327,-0.0712,-23.12,-29.87,20.38,313.71,-82.02,-171.32
52.41844,-1.539713,155.69,7.53,3,113.03,20 / 20,791214,2019-09-06 19:33:16:957,-0.5447,1.0733,9.9841,-0.004,0.0091,9.8066,0.074,0.029,0.0316,-21.87,-30.12,20.81,316.54,-82.02,-171.42
52.41844,-1.539713,155.69,7.53,3,113.03,20 / 20,791310,2019-09-06 19:33:17:053,-0.0056,0.329,9.6255,-0.0028,0.005,9.8066,0.0186,0.0189,-0.0221,-22,-31.19,20.19,313.52,-81.94,-172.35
52.41844,-1.539713,155.69,7.53,3,113.03,21 / 21,791409,2019-09-06 19:33:17:152,-0.7893,0.5903,9.8691,-0.0022,0.0045,9.8066,-0.0305,0.026,-0.0252,-21.87,-30.19,21.56,316.71,-82.03,-172.73
52.41844,-1.539713,155.69,7.53,3,113.03,21 / 21,791510,2019-09-06 19:33:17:253,-0.6394,0.1184,10.2508,0.008,0.0062,9.8066,-0.0423,-0.0377,-0.0195,-21.87,-31.44,21,313.92,-82.05,-173.62
52.41844,-1.539713,155.69,7.53,3,113.03,21 / 21,791609,2019-09-06 19:33:17:352,-0.3045,0.563,10.2757,-0.0011,0.0221,9.8066,-0.0152,0.0106,-0.0675,-20.81,-31.44,20.56,314.02,-82.16,-174.8
52.41844,-1.539713,155.69,7.53,3,113.03,21 / 21,791710,2019-09-06 19:33:17:453,0.6902,0.715,10.0596,0.0213,0.003,9.8065,0.1046,-0.0071,-0.0038,-20.25,-32.12,21.25,313.07,-82.15,-176.7
52.41844,-1.539713,155.69,7.53,3,113.03,21 / 21,791810,2019-09-06 19:33:17:553,-1.2273,1.854,10.6737,0.0218,-0.0081,9.8066,0.0801,-0.0153,0.0006,-20.69,-33,19.75,309.39,-82.17,-177.03
52.41844,-1.539713,155.69,7.53,3,113.03,21 / 21,791910,2019-09-06 19:33:17:653,-0.8429,1.1888,9.7292,-0.0134,0.0227,9.8066,0.0752,0.0272,-0.0075,-20.87,-33.25,19.88,309.02,-82.12,-177.31
52.41844,-1.539713,155.69,7.53,3,113.03,21 / 21,792010,2019-09-06 19:33:17:753,0.0757,0.2353,10.0377,0.0075,-0.0108,9.8066,-0.1727,0.1501,-0.1172,-20.75,-33.25,19.94,308.73,-82.22,-177.67
52.41844,-1.539713,155.69,7.53,3,113.03,21 / 21,792110,2019-09-06 19:33:17:853,-0.8803,1.4996,9.7734,0.0202,-0.0095,9.8066,-0.1499,0.0753,0.0303,-20.81,-33.25,19.19,306.55,-82.21,-178
52.41844,-1.539713,155.69,7.53,3,113.03,21 / 21,792209,2019-09-06 19:33:17:952,0.623,1.4038,10.2321,0.0157,-0.0125,9.8065,0.0944,0.0545,0.0456,-21.25,-33.56,18.69,306.66,-82.32,-177.78
52.41844,-1.539713,155.69,7.53,3,113.03,21 / 21,792310,2019-09-06 19:33:18:053,-0.9016,0.8813,9.9092,-0.0209,0.0129,9.8066,0.0673,0.1627,0.0019,-21.62,-33.06,19.38,307.01,-82.42,-176.66
52.41844,-1.539713,155.69,7.53,3,113.03,20 / 20,792410,2019-09-06 19:33:18:153,-1.5534,2.3785,9.9324,-0.0013,0.0013,9.8066,0.0412,0.2465,-0.1543,-21.12,-33.44,19.13,307.64,-82.36,-177.17
52.41844,-1.539713,155.69,7.53,3,113.03,20 / 20,792510,2019-09-06 19:33:18:253,-0.2511,1.9614,9.8326,0.0201,0.0234,9.8066,0.0698,0.1496,-0.0114,-21.12,-33.44,18.13,304.24,-82.37,-178.54
52.41844,-1.539713,155.69,7.53,3,113.03,20 / 20,792610,2019-09-06 19:33:18:353,1.292,2.336,10.2028,0.005,-0.0083,9.8065,-0.088,0.1769,-0.0015,-21.25,-32.94,18.56,304.18,-82.29,179.76
52.41844,-1.539713,155.69,7.53,3,113.03,20 / 20,792710,2019-09-06 19:33:18:453,-1.1863,2.5747,9.21,0.0145,-0.004,9.8066,-0.1674,0.2097,-0.0195,-21.87,-34,18.44,300.76,-82.3,179.67
52.41844,-1.539713,155.69,7.53,3,113.03,20 / 20,792809,2019-09-06 19:33:18:552,-0.6108,1.3762,9.1062,0.036,-0.021,9.8065,0.1278,0.2898,-0.0748,-22.19,-33.37,17.63,300.71,-82.24,179.45
52.41844,-1.539713,155.69,7.53,3,113.03,20 / 20,792909,2019-09-06 19:33:18:652,-0.1346,2.7353,9.0158,-0.0464,0.0351,9.8064,0.1119,0.2723,-0.0619,-21.56,-33.06,17.56,300.53,-82.55,178.95
52.41844,-1.539713,155.69,7.53,3,113.03,20 / 20,793010,2019-09-06 19:33:18:753,0.5215,0.8779,10.7399,-0.0489,0.0324,9.8065,-0.165,0.4158,-0.1211,-21,-33.87,17.56,301.08,-82.59,178.54
52.41844,-1.539713,155.69,7.53,3,113.03,20 / 20,793110,2019-09-06 19:33:18:853,1.3384,2.7638,9.7679,0.061,-0.0179,9.8064,-0.1019,0.2791,-0.0327,-20.87,-33.56,16.13,295.28,-82.7,176.72
52.41844,-1.539713,155.69,7.53,3,113.03,20 / 20,793209,2019-09-06 19:33:18:952,0.9945,2.4938,9.716,0.0386,-0.0192,9.8064,-0.0357,0.3019,-0.0184,-21.06,-33.62,15.75,294.73,-82.47,176.49
52.41844,-1.539713,155.69,7.53,3,113.03,20 / 20,793310,2019-09-06 19:33:19:053,-0.778,2.6951,9.7853,-0.0195,0.0093,9.8066,-0.1775,0.2851,-0.0309,-20.81,-34.37,15.31,293.33,-82.81,176.72
52.41844,-1.539713,155.69,7.53,3,113.03,21 / 21,793409,2019-09-06 19:33:19:152,1.2966,1.3597,10.1899,0.0138,-0.0072,9.8065,0.1802,0.2737,-0.0442,-21.37,-34.44,13.63,291.37,-82.71,177.06
52.41844,-1.539713,155.69,7.53,3,113.03,21 / 21,793510,2019-09-06 19:33:19:253,0.3611,3.2023,8.9278,-0.0219,0.0265,9.8066,0.1337,0.3282,-0.0842,-21.62,-34,13.56,288.93,-82.73,175.65
52.41844,-1.539713,155.69,7.53,3,113.03,21 / 21,793610,2019-09-06 19:33:19:353,1.0986,2.4172,9.4144,0.0006,-0.0046,9.8066,-0.0602,0.2873,0.0183,-20.56,-33.87,12.31,285.6,-82.58,176.13
52.41844,-1.539713,155.69,7.53,3,113.03,21 / 21,793709,2019-09-06 19:33:19:452,0.2759,2.4566,10.0061,0.0107,-0.0156,9.8066,-0.051,0.3396,-0.0662,-21.37,-34.25,12,286.35,-82.69,176.69
52.41844,-1.539713,155.69,7.53,3,113.03,21 / 21,793810,2019-09-06 19:33:19:553,-0.2403,1.6129,10.4681,-0.0001,-0.0051,9.8066,0.0368,0.3348,-0.0387,-22.19,-34.56,11,284.31,-82.71,178.02
52.41844,-1.539713,155.69,7.53,3,113.03,21 / 21,793910,2019-09-06 19:33:19:653,-0.5232,1.5228,10.0103,-0.0217,0.0165,9.8066,-0.0223,0.3321,-0.0583,-20.81,-35.06,10.31,282.72,-82.95,177.82
52.41844,-1.539713,155.69,7.53,3,113.03,21 / 21,794010,2019-09-06 19:33:19:753,0.4446,1.5013,9.6742,0.0018,0.0159,9.8066,0.02,0.3338,-0.1068,-21,-35.62,10,280.78,-83.07,176.05
52.41844,-1.539713,155.69,7.53,3,113.03,21 / 21,794109,2019-09-06 19:33:19:852,0.1543,2.4557,9.5711,-0.0106,0.0104,9.8066,0.0637,0.3202,-0.0302,-21.37,-35.75,9.31,276.17,-83.15,173.86
52.41844,-1.539713,155.69,7.53,3,113.03,21 / 21,794209,2019-09-06 19:33:19:952,0.3481,2.7284,9.891,-0.0205,-0.0028,9.8066,-0.0663,0.366,-0.0083,-21.06,-35.12,9.31,276.78,-83.12,174.21
52.41844,-1.539713,155.69,7.53,3,113.03,21 / 21,794309,2019-09-06 19:33:20:052,0.4301,1.1738,10.6113,0.0314,-0.0189,9.8066,-0.0047,0.3539,-0.0098,-20.75,-34.81,7.81,274.14,-83.01,174.29
52.418236,-1.538802,157.48,5.62,3,76.17,21 / 22,794409,2019-09-06 19:33:20:152,0.5766,1.6784,11.1926,0.0287,0.0128,9.8065,-0.0158,0.3483,-0.0886,-21.75,-35.81,7.13,270.58,-82.7,174.46
52.418236,-1.538802,157.48,5.62,3,76.17,21 / 22,794510,2019-09-06 19:33:20:253,0.8987,2.3129,9.4075,0.0267,0.0146,9.8066,-0.0529,0.3748,-0.0535,-21.37,-34.56,6.25,265.12,-82.5,171.28
52.418236,-1.538802,157.48,5.62,3,76.17,21 / 22,794610,2019-09-06 19:33:20:353,0.0337,1.2598,9.4475,0.0338,0.0092,9.8065,-0.0134,0.3932,-0.09,-20.87,-34.75,6.31,264.01,-82.27,170.5
52.418236,-1.538802,157.48,5.62,3,76.17,21 / 22,794709,2019-09-06 19:33:20:452,1.611,2.6354,9.4434,-0.0124,0.0018,9.8066,0.0079,0.3432,-0.0078,-21.75,-35.06,5.88,262.94,-82.2,169.66
52.418236,-1.538802,157.48,5.62,3,76.17,21 / 22,794809,2019-09-06 19:33:20:552,1.3319,1.2611,10.1072,-0.0058,-0.0203,9.8066,-0.0248,0.3861,-0.0769,-21.94,-34.87,5.69,264.24,-82.16,171.07
52.418236,-1.538802,157.48,5.62,3,76.17,21 / 22,794910,2019-09-06 19:33:20:653,0.9791,1.8977,9.9304,-0.0079,-0.0015,9.8066,-0.1197,0.3511,-0.0134,-21.37,-34.87,5.38,262.97,-82.28,172.1
52.418236,-1.538802,157.48,5.62,3,76.17,21 / 22,795009,2019-09-06 19:33:20:752,0.6179,2.3786,9.6307,-0.0037,-0.0102,9.8066,-0.0732,0.3366,-0.0148,-21.31,-34.75,4.81,263.61,-82.43,172.52
52.418236,-1.538802,157.48,5.62,3,76.17,21 / 22,795109,2019-09-06 19:33:20:852,0.2441,1.2043,9.2964,-0.0282,0.0033,9.8066,0.0283,0.2194,-0.0281,-21.37,-35.62,4.69,264.14,-82.57,173.2
52.418236,-1.538802,157.48,5.62,3,76.17,21 / 22,795209,2019-09-06 19:33:20:952,-0.4815,2.9256,9.2893,-0.0087,-0.0071,9.8066,-0.0565,0.3809,-0.0738,-20.12,-35.62,3.75,261.93,-82.55,173.76
52.418236,-1.538802,157.48,5.62,3,76.17,21 / 22,795309,2019-09-06 19:33:21:052,1.7511,0.8108,9.9892,0.0116,-0.005,9.8066,0.0307,0.2221,-0.0116,-20.06,-34.81,3.5,262.86,-82.44,174.55
52.418236,-1.538802,157.48,5.62,3,76.17,21 / 22,795410,2019-09-06 19:33:21:153,0.3595,0.9608,9.8897,0.0082,-0.0028,9.8066,-0.025,0.2935,-0.0213,-19.56,-35.31,2.44,257.85,-82.42,175.13
52.418236,-1.538802,157.48,5.62,3,76.17,21 / 22,795509,2019-09-06 19:33:21:252,0.3164,0.9165,10.1078,0.0033,0.0037,9.8066,0.0123,0.2492,0.0438,-18.75,-35.69,2.44,256.93,-82.36,175.04
52.418236,-1.538802,157.48,5.62,3,76.17,21 / 22,795609,2019-09-06 19:33:21:352,1.251,1.6423,9.8387,-0.0059,0.0022,9.8066,-0.0333,0.1414,-0.0386,-18.75,-35.69,1.81,256.31,-82.29,174.53
52.418236,-1.538802,157.48,5.62,3,76.17,21 / 22,795710,2019-09-06 19:33:21:453,1.3554,1.5502,9.9928,-0.0101,0.0058,9.8066,0.0954,0.2218,-0.0887,-19.06,-35.75,1.25,252.96,-82.3,173.95
52.418236,-1.538802,157.48,5.62,3,76.17,21 / 22,795810,2019-09-06 19:33:21:553,2.0383,1.1838,10.5096,-0.0133,0.0152,9.8066,-0.0509,0.1445,-0.046,-18.62,-36.12,1.13,251.59,-82.25,172.54
52.418236,-1.538802,157.48,5.62,3,76.17,21 / 22,795910,2019-09-06 19:33:21:653,1.7138,0.2542,9.9543,0.0283,0.0244,9.8065,-0.1717,0.1663,-0.0921,-18.87,-36.31,1.13,249.62,-82.03,170.78
52.418236,-1.538802,157.48,5.62,3,76.17,21 / 22,796010,2019-09-06 19:33:21:753,1.6453,1.6078,9.684,-0.0311,-0.0022,9.8066,0.006,0.0962,0.0058,-18.94,-37.19,0.75,247.49,-82.12,168.66
52.418236,-1.538802,157.48,5.62,3,76.17,21 / 22,796110,2019-09-06 19:33:21:853,0.956,0.0823,9.6052,0.0001,-0.0067,9.8065,-0.061,0.0357,0.0129,-18.62,-36.37,0.81,247.94,-82.14,168.74
52.418236,-1.538802,157.48,5.62,3,76.17,21 / 22,796214,2019-09-06 19:33:21:957,-0.2194,0.5633,9.5386,0.0223,-0.0047,9.8065,0.1257,0.0504,-0.0014,-18.62,-36.56,0.81,248.4,-82.06,169.79
52.418236,-1.538802,157.48,5.62,3,76.17,21 / 22,796309,2019-09-06 19:33:22:052,1.2422,-0.118,9.4509,-0.0153,-0.0044,9.8066,0.0618,0.0309,0.024,-17.94,-35.87,1.25,248.54,-82.04,170.2
52.418236,-1.538802,157.48,5.62,3,76.17,21 / 22,796410,2019-09-06 19:33:22:153,0.5391,1.2524,9.9144,0.0194,0.0014,9.8065,-0.0308,-0.0051,0.0636,-17.81,-36.12,1.38,248.86,-82.07,170.51
52.418236,-1.538802,157.48,5.62,3,76.17,21 / 22,796509,2019-09-06 19:33:22:252,1.2666,0.0605,9.9237,0.0132,-0.0059,9.8065,-0.0302,0.0817,0.0294,-18.19,-36.44,0,246.94,-82.02,171.66
52.418236,-1.538802,157.48,5.62,3,76.17,21 / 22,796610,2019-09-06 19:33:22:353,1.3535,0.4082,9.9304,0.0046,-0.0028,9.8066,-0.0135,0.0574,0.0075,-18.44,-36.06,0.25,247.18,-82.03,171.92
52.418236,-1.538802,157.48,5.62,3,76.17,21 / 22,796710,2019-09-06 19:33:22:453,1.1572,1.032,9.9823,0.0096,-0.0078,9.8066,0.0289,0.0113,-0.0152,-17.94,-36.19,0,247.61,-81.98,172.48
52.418236,-1.538802,157.48,5.62,3,76.17,21 / 22,796809,2019-09-06 19:33:22:552,0.1412,0,10.1039,-0.0085,-0.0003,9.8066,0.1281,-0.0438,0.0981,-18.5,-36.19,-0.12,247.96,-81.79,173.25
52.418236,-1.538802,157.48,5.62,3,76.17,21 / 22,796910,2019-09-06 19:33:22:653,1.0777,0.9002,10.1944,-0.0076,-0.008,9.8066,0.0992,0.0402,-0.0667,-18.19,-35.31,0.44,248.74,-81.73,173.8
52.418236,-1.538802,157.48,5.62,3,76.17,21 / 22,797009,2019-09-06 19:33:22:752,1.4017,0.0557,10.0986,-0.0214,-0.0019,9.8066,-0.1533,0.0178,-0.044,-18.19,-35.25,0.38,248.6,-81.68,173.72
52.418236,-1.538802,157.48,5.62,3,76.17,21 / 22,797110,2019-09-06 19:33:22:853,1.7596,-0.1696,9.5635,0.0453,0.0264,9.8064,-0.1796,0.0079,0.0318,-18.69,-34.19,0.75,251.99,-81.7,173.13
52.418236,-1.538802,157.48,5.62,3,76.17,21 / 22,797210,2019-09-06 19:33:22:953,0.7728,0.2234,9.0899,0.0398,0.0113,9.8065,0.0703,0.0043,-0.0321,-19.31,-34.31,1.69,253.39,-81.47,172
52.418236,-1.538802,157.48,5.62,3,76.17,21 / 22,797310,2019-09-06 19:33:23:053,-0.0042,0.0669,9.7744,-0.0256,-0.0009,9.8065,-0.0069,0.044,0.0047,-20,-34,1.81,253.79,-81.76,171.52
52.418236,-1.538802,157.48,5.62,3,76.17,21 / 22,797409,2019-09-06 19:33:23:152,0.3949,0.2002,10.0571,-0.0168,0.0029,9.8066,-0.0256,-0.0257,-0.0168,-19.94,-33.75,1.94,253.45,-81.83,171.03
52.418236,-1.538802,157.48,5.62,3,76.17,21 / 22,797509,2019-09-06 19:33:23:252,1.3039,0.3304,9.3142,0.0045,-0.0041,9.8066,-0.0378,-0.0235,0.0166,-19.56,-33.62,1.19,251.22,-81.85,171.47
52.418236,-1.538802,157.48,5.62,3,76.17,21 / 22,797610,2019-09-06 19:33:23:353,1.0887,0.1323,10.1865,0.0218,0.001,9.8065,0.0377,0.0147,-0.037,-19.19,-34.12,1.75,253.97,-81.93,171.83
52.418236,-1.538802,157.48,5.62,3,76.17,21 / 22,797709,2019-09-06 19:33:23:452,1.174,-0.2401,9.7469,0.0136,0.0049,9.8066,0.0132,0.0225,0.04,-18.5,-34.87,1.5,253.2,-81.84,172.07
52.418236,-1.538802,157.48,5.62,3,76.17,21 / 22,797809,2019-09-06 19:33:23:552,0.134,-0.4642,9.8222,0.034,0.0098,9.8065,0.0626,0.0265,-0.0409,-18.44,-35,0.75,250,-81.74,171.98
52.418236,-1.538802,157.48,5.62,3,76.17,21 / 22,797909,2019-09-06 19:33:23:652,0.1122,-0.0124,9.6096,-0.0134,-0.001,9.8065,-0.0297,0.0056,0.0174,-18.12,-35.5,0.38,247.41,-81.76,172.24
52.418236,-1.538802,157.48,5.62,3,76.17,21 / 22,798010,2019-09-06 19:33:23:753,0.9267,-0.0366,9.9995,-0.0001,-0.0035,9.8066,0.1128,-0.0518,0.0126,-17.94,-36.19,0.25,247,-81.66,172.41
52.418236,-1.538802,157.48,5.62,3,76.17,21 / 22,798110,2019-09-06 19:33:23:853,-0.2706,0.6504,10.104,-0.0107,0.0151,9.8066,0.1141,-0.0799,-0.1019,-18.19,-36.56,0.94,247.56,-81.65,170.3
52.418236,-1.538802,157.48,5.62,3,76.17,21 / 22,798210,2019-09-06 19:33:23:953,-0.6629,-0.0064,9.6096,-0.0344,0.0069,9.8065,-0.1516,-0.0237,0.0809,-17.81,-36.25,0.38,244.36,-81.8,169.17
52.418236,-1.538802,157.48,5.62,3,76.17,21 / 22,798309,2019-09-06 19:33:24:052,-1.4397,-0.597,9.7802,0.029,-0.0007,9.8066,-0.1489,0.0363,0.0123,-18.06,-35.81,0.38,243.96,-81.9,168.53
52.418236,-1.538802,157.48,5.62,3,76.17,21 / 22,798410,2019-09-06 19:33:24:153,0.0173,-0.3758,10.0723,-0.0141,0.0006,9.8066,0.1056,-0.0121,0.0397,-17.62,-36.25,0.31,244.4,-81.68,169.43
52.418236,-1.538802,157.48,5.62,3,76.17,21 / 22,798509,2019-09-06 19:33:24:252,-0.585,1.1401,9.7035,-0.0064,-0.0039,9.8066,0.1441,0.0127,-0.0201,-18.31,-36.31,0.56,246.73,-81.54,169.13
52.418236,-1.538802,157.48,5.62,3,76.17,21 / 22,798609,2019-09-06 19:33:24:352,1.7114,0.3682,9.6516,0.0046,-0.0058,9.8066,-0.046,-0.1024,0.1421,-18.87,-36.75,0.19,244.78,-81.31,170.11
52.418236,-1.538802,157.48,5.62,3,76.17,21 / 22,798709,2019-09-06 19:33:24:452,0.3612,-0.0393,9.1279,0.057,-0.0133,9.8064,-0.2837,-0.007,0.0036,-18.56,-36.87,0.56,248.54,-81.02,171.87
52.418236,-1.538802,157.48,5.62,3,76.17,21 / 22,798810,2019-09-06 19:33:24:553,-1.2731,0.1159,8.9205,-0.0776,-0.0223,9.8063,0.2511,-0.0189,0.1564,-18.75,-36.12,0.88,249.93,-81.17,172.7
52.418236,-1.538802,157.48,5.62,3,76.17,21 / 22,798910,2019-09-06 19:33:24:653,-0.4887,-0.1706,9.7569,-0.0689,-0.0223,9.8064,0.103,-0.0448,-0.0088,-19.06,-35.69,0.88,250.29,-81.28,172.9
52.418236,-1.538802,157.48,5.62,3,76.17,21 / 22,799010,2019-09-06 19:33:24:753,-0.2366,-1.1,9.1475,-0.0436,-0.0088,9.8065,-0.0442,-0.0222,0.0246,-18.62,-36.06,0.44,248.15,-81.65,172.88
52.418236,-1.538802,157.48,5.62,3,76.17,21 / 22,799110,2019-09-06 19:33:24:853,-0.0261,-0.0829,9.9147,0.0248,-0.0032,9.8065,0.0616,0.0146,0.0184,-18.87,-35.87,0.63,250.27,-81.48,172.5
52.418236,-1.538802,157.48,5.62,3,76.17,21 / 22,799210,2019-09-06 19:33:24:953,-0.3222,-0.1346,9.721,0.02,0.016,9.8066,0.0513,-0.0561,-0.0132,-18.94,-36.44,0.63,249.7,-81.21,172.37
52.418236,-1.538802,157.48,5.62,3,76.17,21 / 22,799310,2019-09-06 19:33:25:053,0.0023,0.3476,9.5095,0.0003,0.0104,9.8066,-0.012,-0.0024,-0.0495,-18.69,-35.56,1.25,248.14,-81.05,170.91
52.418236,-1.538802,157.48,5.62,3,76.17,21 / 23,799409,2019-09-06 19:33:25:152,-0.6665,-2.0962,10.2259,0.0093,0.0066,9.8066,0.0125,-0.0281,0.0281,-18.81,-36.44,1.56,250.25,-80.99,170.32
52.418236,-1.538802,157.48,5.62,3,76.17,21 / 23,799509,2019-09-06 19:33:25:252,-1.0285,-0.6781,8.6632,-0.0683,-0.004,9.8064,0.1221,-0.177,0.0624,-18.69,-36.12,0.81,248.07,-81.04,170.85
52.418236,-1.538802,157.48,5.62,3,76.17,21 / 23,799610,2019-09-06 19:33:25:353,-0.5752,-2.1239,9.8236,-0.0437,-0.0091,9.8065,0.0615,-0.0826,0.069,-18.75,-36.87,1.31,247.72,-81.39,170.27
52.418236,-1.538802,157.48,5.62,3,76.17,21 / 23,799710,2019-09-06 19:33:25:453,1.1996,-0.417,9.5908,-0.0207,0.0059,9.8066,0.1379,-0.0802,-0.0756,-18.19,-36.31,1.06,244.86,-81.42,167.22
52.418236,-1.538802,157.48,5.62,3,76.17,21 / 23,799809,2019-09-06 19:33:25:552,1.1333,-0.8004,10.4836,-0.0527,0.0065,9.8064,-0.2298,-0.004,-0.0429,-18.44,-36.75,0.88,243.5,-81.57,165.83
52.418236,-1.538802,157.48,5.62,3,76.17,21 / 23,799910,2019-09-06 19:33:25:653,-1.8406,-0.6952,9.2057,-0.0074,-0.0058,9.8066,-0.1563,0.0071,0.0156,-18.37,-36.06,0.44,241.73,-81.64,166.44
52.418236,-1.538802,157.48,5.62,3,76.17,21 / 23,800010,2019-09-06 19:33:25:753,0.4979,-0.6449,9.9027,-0.013,-0.0062,9.8066,0.0822,0.028,-0.0558,-19.06,-36.62,0,242.28,-81.89,166.23
52.418236,-1.538802,157.48,5.62,3,76.17,21 / 23,800109,2019-09-06 19:33:25:852,0.2971,0.6186,10.3979,0,-0.0009,9.8066,0.049,0.0118,0.0154,-18.81,-35.5,0.31,243.08,-81.94,166.27
52.418236,-1.538802,157.48,5.62,3,76.17,21 / 23,800210,2019-09-06 19:33:25:953,-0.9938,-0.0941,10.2142,0.0104,-0.01,9.8066,-0.0083,-0.0854,0.0467,-19.25,-35.44,0.13,243.99,-81.93,167.32
52.418236,-1.538802,157.48,5.62,3,76.17,21 / 23,800310,2019-09-06 19:33:26:053,-0.0229,0.2476,9.5992,0.0171,-0.0057,9.8066,-0.0434,0.0272,-0.0109,-19.25,-36.56,0.19,244.64,-81.51,169.59
52.418236,-1.538802,157.48,5.62,3,76.17,21 / 23,800410,2019-09-06 19:33:26:153,0.0734,-0.5791,9.6476,0.0347,-0.0154,9.8066,0.1974,-0.002,0.0807,-19.12,-35.69,1.13,248.51,-81.2,171.05
52.418236,-1.538802,157.48,5.62,3,76.17,21 / 23,800510,2019-09-06 19:33:26:253,1.8244,-0.492,10.3061,-0.0025,-0.0155,9.8065,0.1478,-0.0266,-0.0534,-19.25,-35.81,0.81,250.63,-81.13,173.56
52.418236,-1.538802,157.48,5.62,3,76.17,21 / 23,800610,2019-09-06 19:33:26:353,0.7924,1.1978,10.0639,-0.0231,0.0076,9.8065,-0.1196,-0.0312,0.0698,-19.37,-35.5,1,250.63,-81.19,172.99
52.418236,-1.538802,157.48,5.62,3,76.17,21 / 23,800710,2019-09-06 19:33:26:453,0.2553,0.5416,10.097,0.0343,-0.0132,9.8066,-0.1593,0.0825,-0.04,-19.75,-36.37,0.88,250.53,-81.21,172.64
52.418236,-1.538802,157.48,5.62,3,76.17,21 / 23,800809,2019-09-06 19:33:26:552,-1.6323,-0.4726,9.9381,0.0426,0.0186,9.8065,0.1792,0.0087,0.0511,-20.06,-35.56,0.75,251.1,-81,173.62
52.418236,-1.538802,157.48,5.62,3,76.17,21 / 23,800910,2019-09-06 19:33:26:653,-0.1245,-0.675,10.172,-0.0272,-0.009,9.8066,0.0889,-0.0232,0.0161,-19.75,-35.25,0.13,249.4,-81.02,174.15
52.418236,-1.538802,157.48,5.62,3,76.17,21 / 23,801010,2019-09-06 19:33:26:753,1.7697,0.2929,9.8003,-0.0326,-0.0149,9.8065,-0.104,-0.0447,-0.0228,-19.5,-35.06,0.81,251.56,-80.98,174.4
52.418236,-1.538802,157.48,5.62,3,76.17,21 / 23,801109,2019-09-06 19:33:26:852,0.4213,-0.5013,10.5232,-0.0202,-0.0106,9.8066,0.0169,-0.0431,-0.0216,-19.69,-35.37,0.44,249.84,-81.11,174.48
52.418236,-1.538802,157.48,5.62,3,76.17,21 / 23,801214,2019-09-06 19:33:26:957,-0.2593,-0.7197,9.8279,-0.0567,-0.004,9.8065,-0.0934,-0.0558,-0.0463,-19.12,-34.56,0.75,251.65,-81.37,173.8
52.418236,-1.538802,157.48,5.62,3,76.17,21 / 23,801310,2019-09-06 19:33:27:053,0.514,-0.7647,10.3898,0.0203,0.0252,9.8065,0.0121,0.0364,-0.0674,-19.56,-35.44,0.38,249.05,-81.34,173.23
52.418236,-1.538802,157.48,5.62,3,76.17,21 / 22,801409,2019-09-06 19:33:27:152,-1.7933,-0.5925,10.085,0.0406,0.0316,9.8064,0.073,-0.0286,-0.0854,-19.12,-35.62,1,248.3,-81.01,171.17
52.418236,-1.538802,157.48,5.62,3,76.17,21 / 22,801510,2019-09-06 19:33:27:253,-0.3691,-0.4781,10.1352,-0.0124,0.0115,9.8066,0.0641,-0.079,-0.1217,-19,-35.75,0.94,246.99,-80.93,169.83
52.418236,-1.538802,157.48,5.62,3,76.17,21 / 22,801609,2019-09-06 19:33:27:352,-0.0674,0.2419,9.1285,-0.037,0.0094,9.8065,-0.0106,-0.0687,0.0459,-19.44,-35.56,0.88,245.68,-80.81,168.55
52.418236,-1.538802,157.48,5.62,3,76.17,21 / 22,801710,2019-09-06 19:33:27:453,0.2976,0.6947,9.8355,-0.0135,-0.0092,9.8066,0.0017,0.0693,0.007,-19.12,-35.94,1.06,245.99,-80.8,168.93
52.418236,-1.538802,157.48,5.62,3,76.17,21 / 22,801810,2019-09-06 19:33:27:553,0.0089,-1.053,9.6716,-0.0206,-0.0072,9.8065,-0.0858,0.0803,-0.034,-19.12,-36,0.75,246.01,-80.99,168.61
52.418236,-1.538802,157.48,5.62,3,76.17,21 / 22,801910,2019-09-06 19:33:27:653,1.3812,0.9364,9.6997,0.0056,0.0006,9.8066,0.0016,-0.039,0.0417,-19.06,-36.75,0.88,245.5,-81.07,168.33
52.418236,-1.538802,157.48,5.62,3,76.17,21 / 22,802009,2019-09-06 19:33:27:752,-0.0655,-0.8125,10.1318,0.0082,-0.0155,9.8066,0.1182,-0.1463,0.0671,-19.37,-35.81,0.81,246.92,-81.03,169.56
52.418236,-1.538802,157.48,5.62,3,76.17,21 / 22,802110,2019-09-06 19:33:27:853,0.1172,0.2725,9.6765,-0.0021,-0.0059,9.8065,0.0678,0.0525,-0.1375,-19.06,-36.25,0.88,247.78,-80.93,170.73
52.418236,-1.538802,157.48,5.62,3,76.17,21 / 22,802210,2019-09-06 19:33:27:953,0.1414,-0.2002,9.6861,-0.0072,0.0112,9.8066,-0.0183,-0.0058,-0.0281,-19.25,-36.06,0.44,244.14,-80.8,169.84
52.418236,-1.538802,157.48,5.62,3,76.17,21 / 22,802310,2019-09-06 19:33:28:053,-0.669,-0.0961,10.1263,0.0227,0.0029,9.8066,-0.0679,0.0304,-0.0999,-19.62,-37,0.56,246.39,-80.39,169.85
52.418236,-1.538802,157.48,5.62,3,76.17,21 / 23,802410,2019-09-06 19:33:28:153,0.5066,0.9407,9.6477,0.0022,0.0208,9.8065,0.0317,-0.0372,0.0991,-20.06,-36.75,0.75,245.7,-80.41,169.03
52.418236,-1.538802,157.48,5.62,3,76.17,21 / 23,802509,2019-09-06 19:33:28:252,0.7745,-0.6198,10.0789,0.0148,0.0001,9.8066,-0.015,0.0605,-0.0572,-20.69,-36.81,0.69,245.48,-80.38,168.16
52.418236,-1.538802,157.48,5.62,3,76.17,21 / 23,802610,2019-09-06 19:33:28:353,0.073,0.0625,9.054,-0.0082,0.0134,9.8066,-0.1168,-0.0602,-0.0101,-20.81,-36,0.81,245.13,-80.44,167.23
52.418236,-1.538802,157.48,5.62,3,76.17,21 / 23,802710,2019-09-06 19:33:28:453,-1.3202,0.1283,9.1996,-0.0347,-0.0046,9.8065,-0.0916,0.0786,-0.0046,-20.75,-36,2.13,247.23,-80.73,166.37
52.418236,-1.538802,157.48,5.62,3,76.17,21 / 23,802810,2019-09-06 19:33:28:553,0.5054,-1.203,8.9666,-0.0137,-0.0015,9.8066,-0.0234,0.0619,-0.0518,-19.62,-35.81,2.13,246.81,-80.82,166.22
52.418236,-1.538802,157.48,5.62,3,76.17,21 / 23,802910,2019-09-06 19:33:28:653,-0.8149,-0.576,10.2841,-0.0107,0.0097,9.8066,0.0505,-0.0146,0.0242,-18.75,-35.69,1.75,245.97,-80.89,165.67
52.418236,-1.538802,157.48,5.62,3,76.17,21 / 23,803010,2019-09-06 19:33:28:753,-0.9706,-1.3726,10.3835,-0.0232,-0.0066,9.8066,-0.0842,0.1093,-0.0205,-18.31,-35.5,0.25,240,-80.89,165.29
52.418236,-1.538802,157.48,5.62,3,76.17,21 / 23,803110,2019-09-06 19:33:28:853,0.0319,-0.0723,10.1181,0.072,0.0245,9.8063,-0.1629,-0.0416,-0.0068,-19.19,-36.06,0.06,240.35,-80.99,165.14
52.418236,-1.538802,157.48,5.62,3,76.17,21 / 23,803210,2019-09-06 19:33:28:953,-0.329,-0.4734,8.2804,0.0465,0.0169,9.8065,-0.1095,0.0639,-0.0496,-19.87,-36.06,-0.06,240.65,-80.55,165.41
52.418236,-1.538802,157.48,5.62,3,76.17,21 / 23,803310,2019-09-06 19:33:29:053,-2.9122,-0.4371,8.8004,0.0103,0.0043,9.8066,-0.3128,-0.0218,0.021,-20,-35.69,0.81,243.19,-80.64,165.31
52.418644,-1.538013,158.62,9.1,3,49.07,21 / 22,803410,2019-09-06 19:33:29:153,-1.9087,-1.4984,8.8846,0.0318,0.0041,9.8066,0.1266,0.0895,-0.1253,-19.12,-35.62,1.13,242.94,-80.8,165.42
52.418644,-1.538013,158.62,9.1,3,49.07,21 / 22,803510,2019-09-06 19:33:29:253,-1.1251,-1.1961,10.5285,-0.0529,-0.0078,9.8064,0.2307,0.1633,0.0224,-18.56,-36.62,1.38,240.84,-81.15,162.82
52.418644,-1.538013,158.62,9.1,3,49.07,21 / 22,803610,2019-09-06 19:33:29:353,-0.2439,0.1834,9.8271,-0.0332,-0.0136,9.8065,-0.0691,0.0066,0.0418,-18.06,-35.62,1.06,240.35,-80.93,162.9
52.418644,-1.538013,158.62,9.1,3,49.07,21 / 22,803710,2019-09-06 19:33:29:453,1.0291,0.6969,9.8188,0.0791,0.0151,9.8063,-0.0681,-0.0124,-0.0156,-18.94,-35.5,0.56,242.52,-80.8,164.48
52.418644,-1.538013,158.62,9.1,3,49.07,21 / 22,803810,2019-09-06 19:33:29:553,-0.5593,0.8257,9.708,0.0424,-0.0156,9.8065,-0.0184,-0.0621,0.0246,-19.25,-35.12,0.75,243.7,-80.45,166.43
52.418644,-1.538013,158.62,9.1,3,49.07,21 / 22,803910,2019-09-06 19:33:29:653,-0.666,-0.4771,9.3222,0.0013,-0.0148,9.8066,-0.114,0.0043,0.0425,-19.44,-35.19,1.13,244.93,-80.74,167.34
52.418644,-1.538013,158.62,9.1,3,49.07,21 / 22,804010,2019-09-06 19:33:29:753,-1.2836,-0.1776,9.1259,-0.0355,-0.0266,9.8065,0.081,-0.0022,0.0724,-19.31,-35.62,-0.19,242.97,-80.88,168.35
52.418644,-1.538013,158.62,9.1,3,49.07,21 / 22,804109,2019-09-06 19:33:29:852,-0.9268,-0.998,9.3496,-0.026,-0.0232,9.8066,0.0998,0.0654,0.0177,-19.06,-35.62,1.13,247.58,-81.2,170
52.418644,-1.538013,158.62,9.1,3,49.07,21 / 22,804210,2019-09-06 19:33:29:953,-0.0568,-0.3015,9.8438,-0.0348,-0.0268,9.8065,0.1132,0.0211,0.013,-19,-35.87,0.38,245.81,-81.3,170.87
52.418644,-1.538013,158.62,9.1,3,49.07,21 / 22,804309,2019-09-06 19:33:30:052,-0.2821,-0.0485,10.4216,0.0443,0.0134,9.8065,-0.0475,-0.0023,0.0381,-19.25,-35.5,0.19,246.73,-81.3,171.48
52.418644,-1.538013,158.62,9.1,3,49.07,21 / 21,804409,2019-09-06 19:33:30:152,-0.1936,0.1233,10.0423,0.0354,0.0058,9.8065,-0.038,-0.023,0.0019,-18.94,-35.37,0.19,246.83,-81.03,172.05
52.418644,-1.538013,158.62,9.1,3,49.07,21 / 21,804509,2019-09-06 19:33:30:252,0.1073,0.0857,9.7667,0.0158,0.0042,9.8066,-0.0445,0.0019,-0.0103,-18.75,-35.81,0.69,249.07,-80.94,172.15
52.418644,-1.538013,158.62,9.1,3,49.07,21 / 21,804610,2019-09-06 19:33:30:353,-0.606,-0.5169,9.968,0.0318,0.0119,9.8066,0.1265,0.0517,-0.0186,-19.44,-36.37,0.56,248.82,-80.78,172.17
52.418644,-1.538013,158.62,9.1,3,49.07,21 / 21,804709,2019-09-06 19:33:30:452,-0.5746,0.1989,10.2692,-0.0478,-0.0137,9.8065,0.1214,-0.0226,-0.0182,-19.44,-36.31,0.75,248.74,-80.95,171.78
52.418644,-1.538013,158.62,9.1,3,49.07,21 / 21,804810,2019-09-06 19:33:30:553,-1.2243,-0.2733,9.5512,0.0132,0.0156,9.8066,0.051,-0.036,0.043,-19.37,-36.12,0.06,245.88,-80.84,171.76
52.418644,-1.538013,158.62,9.1,3,49.07,21 / 21,804910,2019-09-06 19:33:30:653,-0.4205,0.5499,10.0432,-0.0114,0.0024,9.8066,0.0861,0.0455,-0.055,-19.62,-35.94,0.31,245.95,-80.79,171.09
52.418644,-1.538013,158.62,9.1,3,49.07,21 / 21,805009,2019-09-06 19:33:30:752,1.12,-0.6319,10.058,-0.0271,-0.0094,9.8065,-0.1853,0.0018,-0.0288,-19.25,-35.37,0.31,245.32,-80.94,170.49
52.418644,-1.538013,158.62,9.1,3,49.07,21 / 21,805110,2019-09-06 19:33:30:853,-0.0827,-0.1707,9.7004,0.0093,0.0073,9.8065,-0.0792,0.0954,-0.0023,-18.56,-34.69,0.88,247.59,-80.98,169.96
52.418644,-1.538013,158.62,9.1,3,49.07,21 / 21,805210,2019-09-06 19:33:30:953,-2.2295,0.526,9.6121,-0.0145,-0.0041,9.8066,-0.0008,-0.082,0.083,-18.19,-35.75,-0.19,243.65,-81.09,169.65
52.418644,-1.538013,158.62,9.1,3,49.07,21 / 21,805309,2019-09-06 19:33:31:052,-0.4451,0.1788,10.1769,0.0081,-0.0135,9.8065,-0.0181,-0.0491,-0.0236,-17.56,-35.44,-0.5,245.36,-81.15,171.03
52.418644,-1.538013,158.62,9.1,3,49.07,22 / 23,805409,2019-09-06 19:33:31:152,-0.1458,-0.7696,9.9752,0.0124,0.0074,9.8065,0.0533,-0.0021,-0.0197,-17.56,-35.44,-0.25,245.83,-81.12,171.63
52.418644,-1.538013,158.62,9.1,3,49.07,22 / 23,805510,2019-09-06 19:33:31:253,-1.1361,-0.1057,10.7682,0.017,-0.0057,9.8066,0.0557,-0.0255,0.0053,-17.5,-35.56,0.69,247.58,-80.9,172.17
52.418644,-1.538013,158.62,9.1,3,49.07,22 / 23,805609,2019-09-06 19:33:31:352,0.7908,0.8856,11.3142,-0.0357,-0.0315,9.8065,-0.0752,-0.1259,0.0445,-17.69,-36.37,1.75,252.33,-80.91,173.4
52.418644,-1.538013,158.62,9.1,3,49.07,22 / 23,805709,2019-09-06 19:33:31:452,0.9168,-0.2914,10.4322,0.0776,0.0273,9.8062,0.0221,0.0555,-0.0024,-18.12,-35.87,2.5,253.28,-80.34,172.33
52.418644,-1.538013,158.62,9.1,3,49.07,22 / 23,805809,2019-09-06 19:33:31:552,-0.4665,0.8088,9.1668,0.0472,0.009,9.8065,-0.1288,0.0388,0.0279,-18.69,-35.75,1.44,248.16,-80.41,172.1
52.418644,-1.538013,158.62,9.1,3,49.07,22 / 23,805910,2019-09-06 19:33:31:653,0.6035,-0.6551,10.1126,-0.0254,0.0125,9.8065,-0.0918,-0.0816,0.0708,-19.87,-35.37,1.06,250.19,-80.7,172.68
52.418644,-1.538013,158.62,9.1,3,49.07,22 / 23,806010,2019-09-06 19:33:31:753,-1.4375,-0.9989,10.1569,-0.0128,-0.001,9.8066,-0.1483,0.0036,-0.0236,-20.25,-34.94,-0.12,246.94,-81.22,171.07
52.418644,-1.538013,158.62,9.1,3,49.07,22 / 23,806110,2019-09-06 19:33:31:853,-1.1099,0.4974,9.6154,-0.0249,-0.0067,9.8065,0.0188,0.0149,-0.0333,-21,-34.75,-1.12,245.02,-81.59,170.37
52.418644,-1.538013,158.62,9.1,3,49.07,22 / 23,806210,2019-09-06 19:33:31:953,-1.0691,-0.2206,9.9834,0.0074,0.0003,9.8066,0.0076,-0.0455,0.0401,-22.5,-34.44,-1.31,246.1,-81.5,170.63
52.418644,-1.538013,158.62,9.1,3,49.07,22 / 23,806310,2019-09-06 19:33:32:053,-0.1458,-0.2306,9.9422,-0.0001,0.0012,9.8066,0.0607,0.0476,-0.116,-22.56,-34,-0.81,247.09,-81.38,171.22
52.418644,-1.538013,158.62,9.1,3,49.07,22 / 23,806409,2019-09-06 19:33:32:152,-0.169,-0.4351,10.474,-0.0096,0.0034,9.8066,-0.0053,0.0523,0.0212,-22.44,-34.06,-0.19,248.2,-81.26,170.7
52.418644,-1.538013,158.62,9.1,3,49.07,22 / 23,806510,2019-09-06 19:33:32:253,-2.0396,-0.8106,9.8745,0.0176,0.0119,9.8065,-0.0975,0.0332,0.0325,-21.19,-34.44,0.38,247.43,-81.05,170.77
52.418644,-1.538013,158.62,9.1,3,49.07,22 / 23,806609,2019-09-06 19:33:32:352,0.2192,0.1651,9.7979,-0.0112,0.003,9.8066,-0.0613,0.0611,-0.0428,-20.12,-34.69,1.19,248.31,-80.95,170.17
52.418644,-1.538013,158.62,9.1,3,49.07,22 / 23,806710,2019-09-06 19:33:32:453,-1.4294,-1.6336,9.7102,0.0306,-0.0021,9.8065,-0.1422,-0.0481,0.0014,-18.87,-34.69,0.44,245.52,-80.78,171
52.418644,-1.538013,158.62,9.1,3,49.07,22 / 23,806809,2019-09-06 19:33:32:552,-2.7849,-0.1857,9.5236,-0.0262,-0.0039,9.8065,0.1905,-0.0199,0.0896,-18.31,-34.75,0.25,244.59,-80.85,170.68
52.418644,-1.538013,158.62,9.1,3,49.07,22 / 23,806909,2019-09-06 19:33:32:652,-0.8231,0.0107,9.5292,-0.0289,-0.0192,9.8065,0.1327,0.1506,-0.0005,-18.12,-34.94,0.69,248.07,-81.05,171.08
52.418644,-1.538013,158.62,9.1,3,49.07,22 / 23,807009,2019-09-06 19:33:32:752,-0.9252,-0.5516,9.9229,-0.0103,-0.017,9.8066,0.1243,-0.0596,0.0791,-19,-33.69,0.94,249.57,-81.05,171.59
52.418644,-1.538013,158.62,9.1,3,49.07,22 / 23,807110,2019-09-06 19:33:32:853,-0.4607,-0.2522,9.8142,0.0252,0.0043,9.8065,-0.0422,-0.022,0.0402,-19.19,-33.62,0.81,250.81,-81.02,173.03
52.418644,-1.538013,158.62,9.1,3,49.07,22 / 23,807210,2019-09-06 19:33:32:953,-2.1634,0.3629,9.0432,-0.0466,-0.0112,9.8065,0.0684,-0.0578,0.0212,-19.75,-33.12,0.69,252.06,-80.85,173.58
52.418644,-1.538013,158.62,9.1,3,49.07,22 / 23,807309,2019-09-06 19:33:33:052,-1.5843,-0.8969,9.8513,-0.0353,-0.0165,9.8065,0.0088,-0.0162,-0.0283,-19.56,-33.56,0.63,252.5,-81.05,174.19
52.418644,-1.538013,158.62,9.1,3,49.07,21 / 23,807409,2019-09-06 19:33:33:152,-0.4487,-0.0165,9.8247,-0.0168,0.0007,9.8066,0.0753,0.0063,0.0141,-18.81,-33.62,0.31,248.95,-81.02,174
52.418644,-1.538013,158.62,9.1,3,49.07,21 / 23,807510,2019-09-06 19:33:33:253,-1.2021,-0.1306,9.7877,-0.0021,0.009,9.8066,0.0462,-0.0304,-0.0158,-18.06,-34.44,0,247.94,-81.05,173.67
52.418644,-1.538013,158.62,9.1,3,49.07,21 / 23,807609,2019-09-06 19:33:33:352,-1.4796,0.164,10.0946,0.0021,0,9.8066,-0.0847,-0.0506,0.0063,-18.06,-34.81,-0.5,247.11,-81.08,173.15
52.418644,-1.538013,158.62,9.1,3,49.07,21 / 23,807710,2019-09-06 19:33:33:453,-1.4442,-0.4883,9.4034,-0.0183,0.0059,9.8065,-0.076,-0.0047,-0.0193,-17.06,-34.19,-0.56,242.91,-81.22,171.89
52.418644,-1.538013,158.62,9.1,3,49.07,21 / 23,807810,2019-09-06 19:33:33:553,-2.0541,-1.207,9.764,0.0022,-0.0026,9.8066,0.0597,0.05,-0.018,-17.75,-34.37,-0.75,243.75,-81.16,171.88
52.418644,-1.538013,158.62,9.1,3,49.07,21 / 23,807909,2019-09-06 19:33:33:652,-2.303,-0.3002,10.2927,-0.0006,-0.0051,9.8066,0.1067,-0.0064,0.0087,-17.94,-34.12,-0.44,245.59,-81.18,170.78
52.418644,-1.538013,158.62,9.1,3,49.07,21 / 23,808009,2019-09-06 19:33:33:752,-2.9724,-0.2433,9.664,-0.0164,0.0027,9.8066,-0.1509,0.0102,0.0026,-19.37,-34.25,0.5,249.1,-81.18,170.84
52.418644,-1.538013,158.62,9.1,3,49.07,21 / 23,808110,2019-09-06 19:33:33:853,-1.1856,-0.7555,9.9442,0.0379,0.0073,9.8065,-0.0497,-0.015,0.0361,-19.19,-34.5,0.81,248.51,-81,170.5
52.418644,-1.538013,158.62,9.1,3,49.07,21 / 23,808209,2019-09-06 19:33:33:952,-1.0901,0.0923,9.3326,0.0221,0.0146,9.8065,0.0397,0.0081,0.035,-18.81,-34.25,1.19,248.26,-81.03,170.17
52.418644,-1.538013,158.62,9.1,3,49.07,21 / 23,808310,2019-09-06 19:33:34:053,-1.8445,-0.2081,9.802,-0.0102,-0.0157,9.8065,-0.1116,0.0267,-0.064,-18.19,-35.06,1.25,248.21,-81.17,171.02
52.418644,-1.538013,158.62,9.1,3,49.07,21 / 22,808410,2019-09-06 19:33:34:153,-1.8724,-1.4695,10.0367,-0.0183,-0.0162,9.8066,0.1313,0.0411,-0.0327,-17.87,-34.87,0.13,245.29,-81.25,170.78
52.418644,-1.538013,158.62,9.1,3,49.07,21 / 22,808509,2019-09-06 19:33:34:252,-2.3049,-1.3683,9.5768,-0.0319,-0.0048,9.8065,0.1353,0.0297,0.0744,-18.06,-34.81,0.25,245.64,-81.25,171.18
52.418644,-1.538013,158.62,9.1,3,49.07,21 / 22,808610,2019-09-06 19:33:34:353,-1.808,-0.8798,9.7521,-0.0213,-0.0189,9.8065,0.1047,0.0172,0.0217,-18.44,-35,-0.25,246.04,-81.44,171.28
52.418644,-1.538013,158.62,9.1,3,49.07,21 / 22,808710,2019-09-06 19:33:34:453,-1.1949,-0.8529,9.989,0.0186,0.0046,9.8066,-0.0135,-0.0008,-0.0327,-18.62,-35,-1.19,245.03,-81.32,172.5
52.418644,-1.538013,158.62,9.1,3,49.07,21 / 22,808810,2019-09-06 19:33:34:553,-1.5078,0.0898,9.8551,-0.0164,-0.011,9.8065,0.0241,-0.0257,0.0758,-18.94,-34.56,-0.44,247.36,-81.39,172.03
52.418644,-1.538013,158.62,9.1,3,49.07,21 / 22,808910,2019-09-06 19:33:34:653,-3.2608,-1.0226,9.7411,-0.0104,-0.0009,9.8066,-0.1208,0.0011,0.0436,-20.25,-35,0,248.69,-81.45,172.64
52.418644,-1.538013,158.62,9.1,3,49.07,21 / 22,809009,2019-09-06 19:33:34:752,-2.006,-1.4921,10.1797,-0.0011,-0.0079,9.8066,0.1469,0.0323,-0.0863,-20.56,-34.69,-0.25,249.42,-81.5,172.68
52.418644,-1.538013,158.62,9.1,3,49.07,21 / 22,809110,2019-09-06 19:33:34:853,-1.019,-0.2288,9.8552,-0.0176,0.0062,9.8065,0.1157,-0.0386,-0.0144,-20.12,-34.37,0.38,249.77,-81.5,173.33
52.418644,-1.538013,158.62,9.1,3,49.07,21 / 22,809210,2019-09-06 19:33:34:953,-1.0698,-0.1523,9.9209,0.0252,0.0033,9.8066,-0.1272,0.0594,-0.0212,-20.31,-34.19,1.19,252.1,-81.63,172.79
52.418644,-1.538013,158.62,9.1,3,49.07,21 / 22,809309,2019-09-06 19:33:35:052,-1.9806,-1.0686,10.057,0.0215,0.0063,9.8066,-0.112,-0.0409,0.0405,-19.87,-34.44,0.69,252.03,-81.53,172.89
52.418644,-1.538013,158.62,9.1,3,49.07,21 / 22,809409,2019-09-06 19:33:35:152,-2.3392,-0.7523,9.5964,0.0288,0.0061,9.8066,-0.0015,-0.0165,0.0302,-20.56,-35,0,249.93,-81.6,173.08
52.418644,-1.538013,158.62,9.1,3,49.07,21 / 22,809509,2019-09-06 19:33:35:252,-1.4516,-0.2947,9.682,-0.0214,-0.0078,9.8066,-0.0462,0.0117,-0.0417,-20.75,-34.5,-0.25,250.28,-81.69,172.93
52.418644,-1.538013,158.62,9.1,3,49.07,21 / 22,809611,2019-09-06 19:33:35:354,-1.5806,-0.5477,10.0636,-0.0177,0.0007,9.8066,0.1062,0.0058,-0.0027,-20.31,-35,0.31,249.31,-81.83,172.69
52.418644,-1.538013,158.62,9.1,3,49.07,21 / 22,809710,2019-09-06 19:33:35:453,-1.57,-0.4449,10.2963,-0.0198,-0.0107,9.8066,0.0699,-0.006,-0.0104,-20.5,-35.37,-0.69,246.97,-82.01,172.67
52.418644,-1.538013,158.62,9.1,3,49.07,21 / 22,809809,2019-09-06 19:33:35:552,-1.7083,-0.5375,10.2964,-0.0291,-0.0072,9.8065,-0.127,0.0234,0.0091,-21.19,-35.19,-1.25,247.75,-82.13,172.56
52.418644,-1.538013,158.62,9.1,3,49.07,21 / 22,809909,2019-09-06 19:33:35:652,-2.2217,-1.066,9.618,0.0162,0.0086,9.8065,-0.0623,0.0081,0.022,-20.87,-34.5,-1.25,247.6,-82.03,172.19
52.418644,-1.538013,158.62,9.1,3,49.07,21 / 22,810009,2019-09-06 19:33:35:752,-1.99,-0.7994,9.3566,-0.0044,-0.0032,9.8066,0.0504,0.0109,-0.015,-21.37,-34.44,-0.44,250.41,-82.13,172.39
52.418644,-1.538013,158.62,9.1,3,49.07,21 / 22,810109,2019-09-06 19:33:35:852,-1.4228,-0.4151,9.5759,-0.0032,0.0041,9.8066,0.0221,0.0186,-0.0131,-22,-34.12,0.38,250.76,-82.16,172.17
52.418644,-1.538013,158.62,9.1,3,49.07,21 / 22,810210,2019-09-06 19:33:35:953,-1.0588,0.1283,10.2611,-0.0076,0.0031,9.8066,-0.0138,0.0109,-0.0366,-21.94,-34.62,0.69,252.32,-82.21,171.5
52.418644,-1.538013,158.62,9.1,3,49.07,21 / 22,810310,2019-09-06 19:33:36:053,-1.1991,-0.4695,10.0637,0.0224,0.0112,9.8066,0.0228,0.004,-0.0035,-20.94,-34.12,1.19,251.77,-82.14,171.11
52.418644,-1.538013,158.62,9.1,3,49.07,21 / 22,810410,2019-09-06 19:33:36:153,-0.4918,0.1461,9.4762,0.0133,0.0037,9.8066,-0.0181,0.0002,-0.0039,-20.5,-34.37,1.5,253.7,-82.15,170.77
52.418644,-1.538013,158.62,9.1,3,49.07,21 / 22,810509,2019-09-06 19:33:36:252,-0.6317,-0.2288,9.5637,-0.0027,-0.0009,9.8066,-0.0394,0.0228,-0.0378,-19.94,-33.56,1.75,253.88,-82.13,170.99
52.418644,-1.538013,158.62,9.1,3,49.07,21 / 22,810610,2019-09-06 19:33:36:353,-0.8338,0.3959,10.0656,-0.006,0.0066,9.8066,0.0233,-0.0041,0.0602,-19.44,-33.62,2.44,253.11,-82.19,170.45
52.418644,-1.538013,158.62,9.1,3,49.07,21 / 22,810710,2019-09-06 19:33:36:453,-1.4414,-0.1306,10.1893,0.0012,-0.0059,9.8065,-0.0252,0.012,-0.0368,-19.06,-33.37,2.19,253.78,-82.26,170.65
52.418644,-1.538013,158.62,9.1,3,49.07,21 / 22,810810,2019-09-06 19:33:36:553,-1.8583,-0.1233,9.9133,-0.0043,0.0019,9.8066,0.0088,0.0074,0.0186,-17.56,-34.44,2.31,253.01,-82.32,170.52
52.418644,-1.538013,158.62,9.1,3,49.07,21 / 22,810910,2019-09-06 19:33:36:653,-1.6599,-0.5068,9.6569,-0.0032,-0.0008,9.8066,0.0035,0.0398,0.0004,-17.69,-34.56,1.31,249.66,-82.44,170.28
52.418644,-1.538013,158.62,9.1,3,49.07,21 / 22,811010,2019-09-06 19:33:36:753,-1.7635,-0.78,9.8993,-0.0023,0.0001,9.8066,0.0117,0.0513,-0.0213,-17.12,-34.12,1.31,249.45,-82.47,170.22
52.418644,-1.538013,158.62,9.1,3,49.07,21 / 22,811109,2019-09-06 19:33:36:852,-2.0936,-0.5965,9.9045,-0.0049,-0.0023,9.8066,0.0347,0.0326,0.0041,-16.44,-33.87,0.81,248.75,-82.47,170.14
52.418644,-1.538013,158.62,9.1,3,49.07,21 / 22,811210,2019-09-06 19:33:36:953,-1.9368,-0.6405,10.1257,-0.006,-0.0006,9.8066,-0.0009,0.0724,-0.0316,-16.5,-34.25,0.75,248.83,-82.52,170.12
52.418644,-1.538013,158.62,9.1,3,49.07,21 / 22,811309,2019-09-06 19:33:37:052,-1.6112,-0.2783,10.0293,-0.0125,-0.0127,9.8066,0.0754,0.0368,0.0365,-16.5,-34.94,0.81,249.12,-82.64,170.64
52.418644,-1.538013,158.62,9.1,3,49.07,21 / 22,811409,2019-09-06 19:33:37:152,-0.5753,-0.822,9.7465,-0.0153,-0.0177,9.8066,-0.0697,0.026,-0.0073,-16.81,-34.56,1,250.89,-82.69,171.8
52.418644,-1.538013,158.62,9.1,3,49.07,21 / 22,811509,2019-09-06 19:33:37:252,-1.3954,-0.6791,9.407,0.0187,0.0027,9.8065,-0.0554,0.0135,-0.0072,-16.56,-34.75,0.25,248.5,-82.7,172.53
52.418644,-1.538013,158.62,9.1,3,49.07,21 / 22,811610,2019-09-06 19:33:37:353,-1.8425,-0.4467,9.8789,-0.0224,-0.0058,9.8066,0.0465,-0.0247,0.0129,-16.94,-35.12,0,248.75,-82.64,172.92
52.418644,-1.538013,158.62,9.1,3,49.07,21 / 22,811709,2019-09-06 19:33:37:452,-1.253,-0.867,9.9255,-0.018,-0.0031,9.8066,0.0252,0.026,-0.0199,-16.81,-35.75,-0.37,248.45,-82.82,172.64
52.418644,-1.538013,158.62,9.1,3,49.07,21 / 22,811810,2019-09-06 19:33:37:553,-1.1383,-0.2509,9.8347,-0.0253,-0.001,9.8065,-0.0239,0.0281,-0.0191,-16.94,-35.75,-0.75,244.96,-82.88,171.99
52.418644,-1.538013,158.62,9.1,3,49.07,21 / 22,811909,2019-09-06 19:33:37:652,-1.1312,-0.4228,9.9339,0.0171,0.004,9.8066,-0.0292,-0.0155,-0.0052,-17.06,-35.87,-0.19,247.9,-82.8,172.07
52.418644,-1.538013,158.62,9.1,3,49.07,21 / 22,812010,2019-09-06 19:33:37:753,-0.9913,-0.3788,9.9699,0.006,0.0007,9.8066,0.002,0.0266,0.0222,-17.06,-35.75,-1.19,245.11,-82.86,172.18
52.418644,-1.538013,158.62,9.1,3,49.07,21 / 22,812110,2019-09-06 19:33:37:853,-0.435,-0.454,9.8508,-0.0046,-0.0083,9.8066,0.0223,0.0168,0.0223,-16.87,-36.12,-1.37,245.38,-82.91,172.4
52.418644,-1.538013,158.62,9.1,3,49.07,21 / 22,812210,2019-09-06 19:33:37:953,-0.2101,-0.4334,9.6758,-0.0082,-0.0053,9.8066,0.0186,0.0115,-0.005,-16.81,-36.19,-1.31,245.99,-82.95,172.99
52.418644,-1.538013,158.62,9.1,3,49.07,21 / 22,812310,2019-09-06 19:33:38:053,-0.0059,-0.2856,9.8363,0.0012,0.0009,9.8066,0.0069,-0.0058,-0.018,-16.75,-36.37,-1.06,246.06,-82.94,173.1
52.419006,-1.537406,159.71,1.17,2,44.05,21 / 22,812410,2019-09-06 19:33:38:153,-0.1845,-0.1052,9.7274,-0.0059,0.0051,9.8066,0.004,0.0272,-0.0006,-17,-36.06,-1.19,245.9,-82.98,172.84
52.419006,-1.537406,159.71,1.17,2,44.05,21 / 22,812509,2019-09-06 19:33:38:252,-0.138,0.0049,9.9388,-0.0039,-0.0015,9.8066,-0.0049,0.0089,-0.0029,-17.25,-35.81,-1.12,245.55,-83.06,172.3
52.419006,-1.537406,159.71,1.17,2,44.05,21 / 22,812610,2019-09-06 19:33:38:353,0.0507,0.0545,9.7966,-0.0077,-0.0055,9.8066,-0.0166,-0.0107,-0.0008,-16.81,-35.06,-2.12,243.16,-83.15,172.35
52.419006,-1.537406,159.71,1.17,2,44.05,21 / 22,812709,2019-09-06 19:33:38:452,-0.1035,-0.0931,9.9463,-0.0046,-0.0059,9.8066,-0.0107,0.0257,0.0092,-16.75,-35.62,-1.19,246.27,-83.26,172.68
52.419006,-1.537406,159.71,1.17,2,44.05,21 / 22,812810,2019-09-06 19:33:38:553,0.1364,0.2518,9.9435,-0.0038,-0.0061,9.8066,0.0147,-0.0041,0.0222,-16.94,-35.5,-1.06,246.91,-83.36,172.84
52.419006,-1.537406,159.71,1.17,2,44.05,21 / 22,812909,2019-09-06 19:33:38:652,-0.0545,-0.2339,9.9147,-0.0016,-0.0117,9.8066,-0.0025,0.017,-0.002,-16.75,-35.81,-1.06,247.3,-83.43,173.5
52.419006,-1.537406,159.71,1.17,2,44.05,21 / 22,813010,2019-09-06 19:33:38:753,0.5441,-0.0411,9.8502,-0.004,-0.0072,9.8066,0.0032,0.0122,0.0291,-17.81,-36.25,-0.44,252.3,-83.54,174.64
52.419006,-1.537406,159.71,1.17,2,44.05,21 / 22,813110,2019-09-06 19:33:38:853,0.0879,-0.3244,9.9951,-0.0002,-0.0077,9.8066,-0.004,0,0.0104,-17.81,-35.56,-1.25,250.63,-83.63,175.84
52.419006,-1.537406,159.71,1.17,2,44.05,21 / 22,813209,2019-09-06 19:33:38:952,0.2185,-0.1639,9.9867,-0.0088,-0.0072,9.8066,-0.0019,-0.0229,-0.0134,-17.5,-35.37,-0.62,250.65,-83.72,176.23
52.419006,-1.537406,159.71,1.17,2,44.05,21 / 22,813309,2019-09-06 19:33:39:052,0.2529,-0.0062,9.9646,-0.0043,0.0048,9.8066,-0.0049,0.0206,-0.0206,-16.87,-36.19,-0.87,250.38,-83.74,176.25
52.419006,-1.537406,159.71,1.17,2,44.05,22 / 22,813410,2019-09-06 19:33:39:153,0.2425,-0.0132,9.8271,0.0012,0.0058,9.8066,0.0297,0.0148,0.0008,-16.87,-36.19,0,252.62,-83.78,175.24
52.419006,-1.537406,159.71,1.17,2,44.05,22 / 22,813509,2019-09-06 19:33:39:252,0.1257,0.289,9.7429,-0.0116,-0.0011,9.8066,0.005,0.0014,-0.0057,-17.37,-36.06,-0.87,249.11,-83.88,174.58
52.419006,-1.537406,159.71,1.17,2,44.05,22 / 22,813610,2019-09-06 19:33:39:353,0.4025,0.2594,9.8646,-0.0073,-0.0039,9.8066,-0.0123,-0.0161,0.0069,-17.31,-36.19,-0.87,249.27,-83.95,174.62
52.419006,-1.537406,159.71,1.17,2,44.05,22 / 22,813709,2019-09-06 19:33:39:452,0.5542,0.1325,9.8944,-0.0029,-0.0041,9.8066,-0.0125,0.0212,0.0065,-17.75,-36.56,-0.75,250.41,-84.07,175.07
52.419006,-1.537406,159.71,1.17,2,44.05,22 / 22,813810,2019-09-06 19:33:39:553,0.5168,-0.096,9.9221,-0.0017,-0.0049,9.8066,0.0011,0.0155,0.0091,-18.12,-36.19,-0.75,251.31,-84.15,175.56
52.419006,-1.537406,159.71,1.17,2,44.05,22 / 22,813910,2019-09-06 19:33:39:653,0.7237,0.155,9.8786,-0.0025,-0.0022,9.8066,0.0019,0.016,-0.0012,-17.19,-36.75,-0.87,250.46,-84.18,175.77
52.419006,-1.537406,159.71,1.17,2,44.05,22 / 22,814010,2019-09-06 19:33:39:753,0.6999,0.1261,9.9005,-0.0034,-0.0004,9.8066,0.0095,-0.0059,-0.0091,-17.12,-36.06,-1.12,250.79,-84.23,175.69
52.419006,-1.537406,159.71,1.17,2,44.05,22 / 22,814110,2019-09-06 19:33:39:853,0.7682,0.5127,9.8899,-0.0026,0.0004,9.8066,0.0109,0.0303,-0.0124,-17.5,-36.81,-1.25,250.19,-84.27,175.3
52.419006,-1.537406,159.71,1.17,2,44.05,22 / 22,814210,2019-09-06 19:33:39:953,0.9443,0.0918,9.8874,-0.0039,-0.0007,9.8066,0.0162,0.0033,0.0051,-17.31,-36.87,-1.31,250.17,-84.3,175.2
52.419006,-1.537406,159.71,1.17,2,44.05,22 / 22,814310,2019-09-06 19:33:40:053,0.7835,0.0364,9.8807,-0.0009,-0.0004,9.8066,-0.0242,0.0026,0.005,-17.19,-36.5,-1.44,250.89,-84.34,175.58
52.419006,-1.537406,159.71,1.17,2,44.05,21 / 22,814410,2019-09-06 19:33:40:153,0.5962,-0.0575,9.9224,-0.0025,-0.0005,9.8066,0.0189,0.0017,-0.0076,-18.19,-36.31,-1.12,251.69,-84.4,175.49
52.419006,-1.537406,159.71,1.17,2,44.05,21 / 22,814509,2019-09-06 19:33:40:252,0.3779,0.1031,9.8233,-0.0104,-0.0003,9.8066,0.0091,-0.0089,-0.0021,-17.81,-36.25,-1.19,251.62,-84.43,175.36
52.419006,-1.537406,159.71,1.17,2,44.05,21 / 22,814610,2019-09-06 19:33:40:353,0.6316,0.0861,9.9035,-0.0026,-0.0004,9.8066,0.0041,0.0045,-0.0175,-18.06,-36.31,-0.56,251.52,-84.5,175.12
52.419006,-1.537406,159.71,1.17,2,44.05,21 / 22,814710,2019-09-06 19:33:40:453,0.7952,0.2584,9.9793,-0.0014,-0.0002,9.8066,0.008,0.0217,0.0004,-17.44,-35.94,-1.37,250.51,-84.58,174.7
52.419006,-1.537406,159.71,1.17,2,44.05,21 / 22,814810,2019-09-06 19:33:40:553,0.5114,0.1537,9.9225,-0.0021,-0.0022,9.8066,0.0007,0.0216,0.0132,-17.62,-36.12,-1.56,248.48,-84.62,174.76
52.419006,-1.537406,159.71,1.17,2,44.05,21 / 22,814910,2019-09-06 19:33:40:653,0.3286,-0.0658,9.6371,-0.0022,-0.0006,9.8066,-0.0217,0.0159,0.0021,-17.19,-35.81,-0.62,250.88,-84.67,174.89
52.419006,-1.537406,159.71,1.17,2,44.05,21 / 22,815009,2019-09-06 19:33:40:752,0.6792,0.0855,9.5945,0.004,-0.0017,9.8066,0.0185,0.0081,-0.0037,-17.12,-36.56,-0.62,250.82,-84.69,175.1
52.419006,-1.537406,159.71,1.17,2,44.05,21 / 22,815110,2019-09-06 19:33:40:853,0.7211,0.0895,9.9437,0.0006,-0.0013,9.8065,0.0307,0.004,-0.0011,-17.62,-36.25,-0.25,254.88,-84.68,175.17
52.419006,-1.537406,159.71,1.17,2,44.05,21 / 22,815209,2019-09-06 19:33:40:952,0.6511,0.3264,9.9229,0.0019,0.0007,9.8066,0.0323,0.013,-0.0095,-17.25,-37.19,-0.56,250.75,-84.61,175.19
52.419006,-1.537406,159.71,1.17,2,44.05,21 / 22,815309,2019-09-06 19:33:41:052,0.8382,0.3698,9.8989,0.0095,-0.0017,9.8066,0.011,0.0123,0.0153,-17.5,-36,-0.69,251.18,-84.46,175.66
52.419006,-1.537406,159.71,1.17,2,44.05,20 / 21,815410,2019-09-06 19:33:41:153,0.8941,0.1897,10.0075,0.0068,-0.0062,9.8066,0.0043,0.0151,0.0167,-17.69,-37.12,-0.81,252.32,-84.45,176.37
52.419006,-1.537406,159.71,1.17,2,44.05,20 / 21,815509,2019-09-06 19:33:41:252,1.1416,-0.1021,9.8895,0.0001,-0.0061,9.8066,0.0077,0.0245,0.0059,-17.62,-36.75,-0.19,256.5,-84.45,177.63
52.419006,-1.537406,159.71,1.17,2,44.05,20 / 21,815610,2019-09-06 19:33:41:353,1.0117,0.0171,9.6916,-0.0083,0.0016,9.8066,-0.0116,0.0188,-0.0146,-17.75,-37.25,-0.5,256.52,-84.53,177.48
52.419006,-1.537406,159.71,1.17,2,44.05,20 / 21,815710,2019-09-06 19:33:41:453,0.7723,0.0646,9.7822,-0.0067,0.0054,9.8066,-0.0131,0.0012,-0.0247,-17.31,-37.31,-0.62,252.11,-84.58,176.71
52.419006,-1.537406,159.71,1.17,2,44.05,20 / 21,815810,2019-09-06 19:33:41:553,0.788,0.185,9.9844,-0.0062,0.0096,9.8066,0.0189,0.0243,-0.0315,-17.12,-36.81,-1.37,250.51,-84.61,174.93
52.419006,-1.537406,159.71,1.17,2,44.05,20 / 21,815909,2019-09-06 19:33:41:652,0.6463,0.6402,9.8566,-0.0013,0.0092,9.8065,0.0181,0.0315,-0.0397,-17.12,-36.87,-0.69,249.43,-84.56,173.87
52.419006,-1.537406,159.71,1.17,2,44.05,20 / 21,816009,2019-09-06 19:33:41:752,0.8091,0.3364,9.9416,0.0085,0.001,9.8066,-0.0172,0.0315,0.0029,-17.44,-36.5,-0.44,252.01,-84.53,173.05
52.419006,-1.537406,159.71,1.17,2,44.05,20 / 21,816110,2019-09-06 19:33:41:853,0.5846,0.2421,9.6981,0,-0.0004,9.8066,0.0005,0.0398,-0.0075,-16.94,-36.25,-0.56,248.94,-84.48,173.21
52.419006,-1.537406,159.71,1.17,2,44.05,20 / 21,816210,2019-09-06 19:33:41:953,0.4879,0.0515,9.8391,0.0026,0.0021,9.8066,0.0007,0.0402,-0.0163,-16.87,-36.75,-0.06,251.67,-84.46,173.14
52.419006,-1.537406,159.71,1.17,2,44.05,20 / 21,816309,2019-09-06 19:33:42:052,0.3638,0.1586,9.8423,0.0018,0.0027,9.8066,-0.0249,0.0311,-0.0087,-16.81,-37.06,-0.56,248.3,-84.45,172.87
52.419006,-1.537406,159.71,1.17,2,44.05,21 / 22,816410,2019-09-06 19:33:42:153,0.0311,0.385,9.7096,-0.0045,0.0012,9.8066,-0.0215,0.0641,-0.0042,-17.25,-37,-0.37,250.89,-84.48,172.26
52.419006,-1.537406,159.71,1.17,2,44.05,21 / 22,816509,2019-09-06 19:33:42:252,-0.1105,0.2388,10.0354,-0.005,-0.0001,9.8066,-0.0156,0.0747,0.0058,-17.44,-37.69,-0.31,250.6,-84.53,172.15
52.419006,-1.537406,159.71,1.17,2,44.05,21 / 22,816610,2019-09-06 19:33:42:353,-0.1174,0.1887,10.1387,0.0032,-0.002,9.8066,-0.0071,0.0785,0.0066,-17.62,-37.25,-1.31,248.57,-84.59,172.08
52.419006,-1.537406,159.71,1.17,2,44.05,21 / 22,816709,2019-09-06 19:33:42:452,0.112,-0.0291,9.9571,0.0095,-0.0031,9.8066,-0.0221,0.071,-0.0044,-16.81,-37.44,-0.62,248.52,-84.53,172.96
52.419006,-1.537406,159.71,1.17,2,44.05,21 / 22,816810,2019-09-06 19:33:42:553,0.0775,0.1427,9.68,-0.0031,-0.0009,9.8066,0.0115,0.1065,-0.0061,-17.19,-36.81,-0.94,248.69,-84.46,173.29
52.419006,-1.537406,159.71,1.17,2,44.05,21 / 22,816909,2019-09-06 19:33:42:652,0.2479,0.0906,9.6902,-0.0053,-0.0008,9.8066,0.022,0.0853,-0.0036,-16.87,-36.87,-0.75,248.68,-84.44,173.31
52.419006,-1.537406,159.71,1.17,2,44.05,21 / 22,817009,2019-09-06 19:33:42:752,0.1381,-0.0194,9.8974,0.0027,0.0051,9.8066,-0.0118,0.1063,-0.032,-17.37,-36.94,-1.44,248.07,-84.41,172.71
52.419006,-1.537406,159.71,1.17,2,44.05,21 / 22,817109,2019-09-06 19:33:42:852,-0.0758,0.3186,9.9647,0.005,0.0067,9.8066,0.014,0.1082,-0.0253,-16.37,-37.06,-0.87,246.67,-84.38,172.16
52.419006,-1.537406,159.71,1.17,2,44.05,21 / 22,817210,2019-09-06 19:33:42:953,0.0717,0.3001,9.9055,-0.0007,0.0005,9.8066,0.0026,0.1022,-0.0124,-16.31,-37.06,-0.87,246.45,-84.34,172.02
52.419006,-1.537406,159.71,1.17,2,44.05,21 / 22,817310,2019-09-06 19:33:43:053,0.0077,0.2501,9.7638,0.0024,0.0009,9.8066,-0.0192,0.11,-0.0236,-16.44,-36.81,-1.31,246.34,-84.29,172.01
52.419006,-1.537406,159.71,1.17,2,44.05,20 / 22,817410,2019-09-06 19:33:43:153,0.1274,0.0537,9.6696,0.007,-0.0041,9.8066,0.0201,0.1194,0.0256,-15.69,-37.12,-1.25,246.81,-84.21,172.69
52.419006,-1.537406,159.71,1.17,2,44.05,20 / 22,817509,2019-09-06 19:33:43:252,0.0158,-0.1445,9.9143,0.0038,-0.0032,9.8066,0.014,0.1097,0.0162,-15.37,-36.81,-2.19,243,-84.17,173.31
52.419006,-1.537406,159.71,1.17,2,44.05,20 / 22,817610,2019-09-06 19:33:43:353,-0.0346,-0.0933,9.9243,-0.0001,-0.0021,9.8066,-0.0075,0.107,-0.0297,-15.81,-36.94,-1.62,244.47,-84.16,173.69
52.419006,-1.537406,159.71,1.17,2,44.05,20 / 22,817710,2019-09-06 19:33:43:453,0.067,0.0507,9.9384,-0.0001,-0.0028,9.8066,-0.0037,0.1189,-0.0118,-15.62,-37.62,-2.31,244.39,-84.15,173.96
52.419006,-1.537406,159.71,1.17,2,44.05,20 / 22,817809,2019-09-06 19:33:43:552,-0.2851,-0.1888,10.0039,0.0079,0.0022,9.8066,0.0244,0.1204,0.0059,-15.81,-37.56,-2.25,244.46,-84.11,174.13
52.419006,-1.537406,159.71,1.17,2,44.05,20 / 22,817910,2019-09-06 19:33:43:653,0.306,0.1145,9.9309,0.0037,-0.0002,9.8066,0.003,0.086,-0.0055,-14.62,-37.56,-2.69,240.13,-84.04,174.29
52.419006,-1.537406,159.71,1.17,2,44.05,20 / 22,818010,2019-09-06 19:33:43:753,0.2931,-0.2403,9.5338,0.0048,-0.0004,9.8066,0.0101,0.125,-0.0174,-15,-37.56,-3,240.22,-83.95,174.58
52.419006,-1.537406,159.71,1.17,2,44.05,20 / 22,818110,2019-09-06 19:33:43:853,0.3385,0.2774,9.7423,0.0046,0,9.8066,0.0638,0.1258,0.0103,-14.69,-38,-3.44,240.45,-83.86,175.04
52.419006,-1.537406,159.71,1.17,2,44.05,20 / 22,818214,2019-09-06 19:33:43:957,0.6127,0.0658,9.9999,0.0022,-0.0019,9.8066,-0.0262,0.12,-0.0287,-14.94,-37.87,-3.5,240.67,-83.79,175.46
52.419006,-1.537406,159.71,1.17,2,44.05,20 / 22,818310,2019-09-06 19:33:44:053,0.3319,0.1491,9.9609,0.0065,-0.0058,9.8065,0.003,0.1105,0.0112,-14.87,-37.37,-3.19,241.45,-83.71,176.13
52.419006,-1.537406,159.71,1.17,2,44.05,21 / 22,818409,2019-09-06 19:33:44:152,0.492,0.2676,9.7272,0.0125,-0.0015,9.8066,0.0084,0.0967,0.0057,-15.5,-37.44,-2.94,242.16,-83.63,177.13
52.419006,-1.537406,159.71,1.17,2,44.05,21 / 22,818510,2019-09-06 19:33:44:253,0.6658,0.2365,9.7468,0.0113,-0.0028,9.8066,0.0198,0.1121,-0.004,-14.94,-37.12,-3.31,242.85,-83.51,178.16
52.419006,-1.537406,159.71,1.17,2,44.05,21 / 22,818609,2019-09-06 19:33:44:352,0.8823,0.7679,9.8652,0.0073,0.0008,9.8065,0.0019,0.1145,-0.0165,-14.62,-37.12,-2.56,243.19,-83.39,178.81
52.419006,-1.537406,159.71,1.17,2,44.05,21 / 22,818710,2019-09-06 19:33:44:453,0.2747,0.2674,9.9568,0.0062,-0.0038,9.8066,-0.0211,0.1347,-0.001,-14.37,-37.31,-3.12,241.55,-83.31,178.92
52.419006,-1.537406,159.71,1.17,2,44.05,21 / 22,818809,2019-09-06 19:33:44:552,1.1767,0.5807,9.9204,0.0161,0.0009,9.8066,0.0614,0.1399,-0.0029,-13.87,-37.44,-2.87,242.2,-83.16,-180
52.419006,-1.537406,159.71,1.17,2,44.05,21 / 22,818910,2019-09-06 19:33:44:653,0.9209,0.5014,10.0376,0.005,-0.0031,9.8066,0.0188,0.1473,-0.0134,-13.44,-36.87,-3.12,240.56,-83.04,-179.51
52.419006,-1.537406,159.71,1.17,2,44.05,21 / 22,819009,2019-09-06 19:33:44:752,0.6607,0.3151,9.9235,-0.0065,0.0028,9.8066,0.0394,0.1453,-0.0481,-13.81,-37.56,-2.87,241.82,-82.86,-179.27
52.419006,-1.537406,159.71,1.17,2,44.05,21 / 22,819110,2019-09-06 19:33:44:853,0.8721,0.7211,9.8876,-0.0089,0.0052,9.8066,0.0353,0.1555,-0.0692,-13.37,-37.25,-3,239.26,-82.78,179.58
52.419006,-1.537406,159.71,1.17,2,44.05,21 / 22,819209,2019-09-06 19:33:44:952,0.9295,0.9881,10.029,0.0133,0.0234,9.8066,0.0006,0.1996,-0.054,-13.25,-38.06,-2.94,237.06,-82.54,178.02
52.419006,-1.537406,159.71,1.17,2,44.05,21 / 22,819309,2019-09-06 19:33:45:052,0.8788,1.2869,10.1195,0.0106,0.0294,9.8066,-0.0059,0.2021,-0.083,-13.31,-38.75,-3.19,235.12,-82.39,176.51
52.419006,-1.537406,159.71,1.17,2,44.05,21 / 22,819409,2019-09-06 19:33:45:152,1.0723,1.3341,9.8923,0.0017,0.0183,9.8066,0.0135,0.2369,-0.0791,-12.37,-38.25,-2.81,231.22,-82.19,174.09
52.419006,-1.537406,159.71,1.17,2,44.05,21 / 22,819510,2019-09-06 19:33:45:253,1.2532,2.2073,9.6151,0.0016,0.0099,9.8066,0.0133,0.2452,-0.0332,-11.94,-38.25,-3.5,230.11,-81.99,173.16
52.419006,-1.537406,159.71,1.17,2,44.05,21 / 22,819609,2019-09-06 19:33:45:352,0.4894,1.5283,9.6035,0.0067,0.0054,9.8066,0.0141,0.2522,-0.0396,-11.44,-38.44,-3.37,227.45,-81.9,172.78
52.419006,-1.537406,159.71,1.17,2,44.05,21 / 22,819710,2019-09-06 19:33:45:453,0.5709,1.3394,9.507,0.0042,-0.0088,9.8066,-0.0025,0.3013,-0.0454,-10.94,-38.37,-3.87,224.55,-81.83,173.21
52.419006,-1.537406,159.71,1.17,2,44.05,21 / 22,819810,2019-09-06 19:33:45:553,0.1509,0.9134,9.9067,0.0227,-0.0102,9.8066,-0.0289,0.2939,0.0121,-10.44,-38.62,-4.44,223.13,-81.79,175.43
52.419006,-1.537406,159.71,1.17,2,44.05,21 / 22,819910,2019-09-06 19:33:45:653,0.3716,0.8619,10.2765,0.0014,-0.0175,9.8066,-0.0993,0.2997,-0.0152,-10.69,-38.5,-3.69,226.97,-81.7,176.8
52.419006,-1.537406,159.71,1.17,2,44.05,21 / 22,820009,2019-09-06 19:33:45:752,0.8962,0.5599,10.0028,-0.0123,-0.0175,9.8066,0.0646,0.3596,-0.0721,-9.87,-39.37,-3.81,224.93,-81.75,178.09
52.419006,-1.537406,159.71,1.17,2,44.05,21 / 22,820110,2019-09-06 19:33:45:853,0.7067,1.3518,10.2296,0.0261,0.0076,9.8065,0.1179,0.2909,0.0488,-9.87,-38.62,-4.56,222.06,-81.71,178.11
52.419006,-1.537406,159.71,1.17,2,44.05,21 / 22,820210,2019-09-06 19:33:45:953,1.3303,1.3302,10.1521,0.0089,0.0181,9.8066,-0.0726,0.3381,-0.1148,-9.94,-38.69,-4.25,225.22,-81.66,178.72
52.419006,-1.537406,159.71,1.17,2,44.05,21 / 22,820310,2019-09-06 19:33:46:053,1.1461,1.9625,9.8881,-0.0045,0.0034,9.8065,-0.0307,0.2824,-0.0273,-8.81,-39.37,-4.12,221.4,-81.49,177.97
52.419006,-1.537406,159.71,1.17,2,44.05,22 / 23,820409,2019-09-06 19:33:46:152,1.248,1.8988,9.6027,-0.0047,0.0024,9.8066,-0.006,0.2903,-0.0711,-8.44,-38.87,-4.25,217.63,-81.45,177.32
52.419006,-1.537406,159.71,1.17,2,44.05,22 / 23,820510,2019-09-06 19:33:46:253,0.7336,2.9862,9.5545,-0.017,0.0019,9.8066,-0.0088,0.3145,-0.1188,-7.81,-38.75,-4,217.17,-81.51,176.43
52.419006,-1.537406,159.71,1.17,2,44.05,22 / 23,820609,2019-09-06 19:33:46:352,0.0825,1.5492,9.4166,-0.0181,-0.01,9.8065,0.0061,0.3117,-0.0669,-7.56,-38.44,-4.81,214.05,-81.67,174.9
52.419006,-1.537406,159.71,1.17,2,44.05,22 / 23,820710,2019-09-06 19:33:46:453,-0.1096,1.8219,9.704,-0.0006,-0.0063,9.8066,0.0167,0.2813,-0.02,-7.12,-38.37,-4.44,213.25,-81.64,174.86
52.419006,-1.537406,159.71,1.17,2,44.05,22 / 23,820810,2019-09-06 19:33:46:553,0.3542,1.3651,10.1487,0.023,0.0052,9.8066,-0.06,0.2424,-0.001,-7.06,-38.56,-4.75,210.55,-81.57,175.63
52.419006,-1.537406,159.71,1.17,2,44.05,22 / 23,820910,2019-09-06 19:33:46:653,0.1501,0.4482,10.1885,0.0193,0.0021,9.8066,-0.0167,0.2555,0.0107,-6.19,-38.31,-4.87,208.03,-81.49,177.4
52.419006,-1.537406,159.71,1.17,2,44.05,22 / 23,821009,2019-09-06 19:33:46:752,0.7284,0.4178,10.1666,0.0015,-0.0113,9.8066,0.0068,0.2672,-0.0597,-5.94,-37.94,-4.44,211.8,-81.64,179.1
52.419006,-1.537406,159.71,1.17,2,44.05,22 / 23,821109,2019-09-06 19:33:46:852,0.252,0.9108,10.1361,-0.0075,-0.0079,9.8066,0.0223,0.1961,-0.0436,-5.37,-38.12,-4.25,207.32,-81.69,178.97
52.419006,-1.537406,159.71,1.17,2,44.05,22 / 23,821209,2019-09-06 19:33:46:952,0.1837,1.4558,9.8934,0.0095,0.0236,9.8066,0.0034,0.2186,-0.0308,-5.12,-38.12,-4.69,204.39,-81.45,178.44
52.419006,-1.537406,159.71,1.17,2,44.05,22 / 23,821309,2019-09-06 19:33:47:052,0.3974,1.3577,9.9471,0.0011,0.021,9.8066,-0.011,0.1893,-0.0258,-4.69,-37.94,-4.94,203.99,-81.34,178
52.419136,-1.537332,160.54,4.31,2,349.27,22 / 23,821410,2019-09-06 19:33:47:153,0.9312,1.8618,10.1323,0.0009,0.0173,9.8065,-0.0054,0.1601,-0.0116,-4.69,-37.56,-5.12,203.53,-81.2,177.48
52.419136,-1.537332,160.54,4.31,2,349.27,22 / 23,821509,2019-09-06 19:33:47:252,0.7664,1.7662,10.1173,-0.0147,0.008,9.8066,-0.0533,0.1817,-0.0907,-4,-38.25,-4.81,198.16,-81.11,175.92
52.419136,-1.537332,160.54,4.31,2,349.27,22 / 23,821609,2019-09-06 19:33:47:352,-0.4351,1.1306,9.6266,-0.0085,0.0109,9.8065,-0.0838,0.1868,-0.0582,-3.87,-38.19,-5.12,197.73,-81.07,175.18
52.419136,-1.537332,160.54,4.31,2,349.27,22 / 23,821709,2019-09-06 19:33:47:452,-0.4114,1.6104,9.6635,-0.0091,0.007,9.8066,0.0429,0.2104,-0.041,-3.12,-38.19,-5.5,192.42,-81.05,173.91
52.419136,-1.537332,160.54,4.31,2,349.27,22 / 23,821809,2019-09-06 19:33:47:552,-0.4293,1.4864,9.8136,-0.0064,0.0132,9.8065,0.0564,0.2211,-0.0501,-2.31,-37.94,-4.75,187.02,-80.94,172.95
52.419136,-1.537332,160.54,4.31,2,349.27,22 / 23,821909,2019-09-06 19:33:47:652,-0.0411,1.7827,9.8952,-0.0115,0.0027,9.8066,-0.0789,0.2035,-0.0504,-2.5,-37.81,-4.75,186.47,-80.89,171.82
52.419136,-1.537332,160.54,4.31,2,349.27,22 / 23,822010,2019-09-06 19:33:47:753,-0.239,1.7137,9.6025,-0.0037,0.0031,9.8066,-0.0543,0.1795,-0.0136,-1.5,-38.5,-5,181.22,-80.84,171.35
52.419136,-1.537332,160.54,4.31,2,349.27,22 / 23,822109,2019-09-06 19:33:47:852,-0.5262,1.2196,9.7998,-0.0155,0.0044,9.8066,0.0208,0.1748,-0.1368,-0.87,-37.62,-5.25,180.71,-80.79,170.23
52.419136,-1.537332,160.54,4.31,2,349.27,22 / 23,822210,2019-09-06 19:33:47:953,-0.6106,2.0804,9.7641,-0.0124,0.0097,9.8066,-0.0282,0.161,-0.1298,-0.75,-37.87,-4.94,180.2,-80.73,169.12
52.419136,-1.537332,160.54,4.31,2,349.27,22 / 23,822310,2019-09-06 19:33:48:053,-0.7253,0.7504,9.5458,-0.012,-0.0097,9.8066,-0.0881,0.1708,-0.0511,-0.62,-38.69,-5,179.76,-80.71,168.15
52.419136,-1.537332,160.54,4.31,2,349.27,22 / 23,822409,2019-09-06 19:33:48:152,-0.6956,1.7242,10.0406,-0.019,-0.0123,9.8066,-0.0214,0.1771,-0.0353,0.38,-37.25,-5.19,173.81,-80.73,166.51
52.419136,-1.537332,160.54,4.31,2,349.27,22 / 23,822510,2019-09-06 19:33:48:253,-0.6381,0.8921,10.199,-0.0186,-0.0077,9.8066,0.0051,0.1512,-0.1048,0.5,-37.06,-5.12,167.78,-80.69,164.86
52.419136,-1.537332,160.54,4.31,2,349.27,22 / 23,822609,2019-09-06 19:33:48:352,-0.907,0.621,10.2999,-0.0082,-0.0032,9.8066,-0.0458,0.051,-0.0407,0.63,-37.44,-5,167.48,-80.62,164.08
52.419136,-1.537332,160.54,4.31,2,349.27,22 / 23,822710,2019-09-06 19:33:48:453,0.6162,0.0596,9.7907,0.0019,0,9.8066,0.0815,0.107,0.0327,1.38,-36.56,-5,167.43,-80.58,163.91
52.419136,-1.537332,160.54,4.31,2,349.27,22 / 23,822809,2019-09-06 19:33:48:552,-1.2582,0.2458,9.6614,-0.0049,-0.0016,9.8066,0.0754,0.1073,-0.0457,1.19,-36.87,-4.94,167.54,-80.51,164.04
52.419136,-1.537332,160.54,4.31,2,349.27,22 / 23,822909,2019-09-06 19:33:48:652,-0.7867,1.9728,10.3426,-0.0006,0.0132,9.8066,-0.1362,0.1091,0.0313,1.25,-37,-4.37,167.95,-80.31,163.74
52.419136,-1.537332,160.54,4.31,2,349.27,22 / 23,823009,2019-09-06 19:33:48:752,-0.0407,2.664,9.9318,-0.0039,0.0192,9.8066,-0.0992,0.2079,0.0971,1.38,-35.81,-5.75,167.27,-80.13,163.98
52.419136,-1.537332,160.54,4.31,2,349.27,22 / 23,823109,2019-09-06 19:33:48:852,0.2579,-0.5169,8.8091,-0.0121,-0.0062,9.8066,0.0744,0.0623,-0.136,0.88,-35.94,-4.37,167.86,-80.12,163.69
52.419136,-1.537332,160.54,4.31,2,349.27,22 / 23,823213,2019-09-06 19:33:48:956,-0.0207,0.0564,9.0546,-0.0013,0.0319,9.8065,0.1158,0.0121,-0.0445,0.88,-35.81,-5.44,167.31,-80.03,163.22
52.419136,-1.537332,160.54,4.31,2,349.27,22 / 23,823310,2019-09-06 19:33:49:053,0.6706,1.8751,10.2486,0.0065,-0.0327,9.8065,0.0573,0.1951,-0.0164,0.56,-35.25,-3.75,167.62,-80.12,163.64
52.419136,-1.537332,160.54,4.31,2,349.27,21 / 22,823409,2019-09-06 19:33:49:152,0.9121,-0.8773,9.8845,0.0086,-0.0235,9.8066,0.1186,0.0402,0.0749,0.38,-35.5,-3.31,174.92,-79.98,164.63
52.419136,-1.537332,160.54,4.31,2,349.27,21 / 22,823510,2019-09-06 19:33:49:253,0.5624,3.4641,10.4171,0.0093,0.0079,9.8066,-0.1441,-0.0238,-0.0344,0.63,-35.44,-3.25,168.75,-79.9,165.08
52.419136,-1.537332,160.54,4.31,2,349.27,21 / 22,823610,2019-09-06 19:33:49:353,0.1154,1.3711,9.5007,0.0019,-0.0067,9.8066,-0.1528,0.0116,0.0004,1,-34.56,-3.25,168.77,-79.91,165.18
52.419136,-1.537332,160.54,4.31,2,349.27,21 / 22,823709,2019-09-06 19:33:49:452,0.9106,-1.0522,9.6528,-0.0036,0.005,9.8066,0.054,0.0475,0.0007,0.94,-35.12,-3.5,169.03,-79.84,165.78
52.419136,-1.537332,160.54,4.31,2,349.27,21 / 22,823810,2019-09-06 19:33:49:553,-0.5583,-1.0434,9.9053,-0.0125,-0.0402,9.8065,-0.093,0.009,-0.0489,1.31,-34.69,-4.37,168.54,-79.87,165.48
52.419136,-1.537332,160.54,4.31,2,349.27,21 / 22,823910,2019-09-06 19:33:49:653,0.1847,0.4171,9.8178,0.0061,-0.0132,9.8065,0.0757,-0.0053,0.0586,0.5,-35.37,-3.56,168.33,-79.9,165
52.419136,-1.537332,160.54,4.31,2,349.27,21 / 22,824010,2019-09-06 19:33:49:753,-0.4515,1.1808,10.1456,-0.0124,-0.0104,9.8066,0.0127,0.0693,-0.0464,1.31,-35.31,-3.69,168.14,-79.93,164.56
52.419136,-1.537332,160.54,4.31,2,349.27,21 / 22,824110,2019-09-06 19:33:49:853,-0.2589,0.8029,9.7959,-0.0008,0.0079,9.8066,-0.0304,-0.0485,-0.0534,1.81,-35.19,-2.87,162.41,-79.79,165
52.419136,-1.537332,160.54,4.31,2,349.27,21 / 22,824210,2019-09-06 19:33:49:953,0.6885,1.868,10.0991,-0.0122,-0.0081,9.8066,-0.0403,-0.0461,-0.0517,2.81,-36.06,-3.31,156.09,-79.82,163.9
52.419136,-1.537332,160.54,4.31,2,349.27,21 / 22,824310,2019-09-06 19:33:50:053,-0.236,-1.156,9.9339,0.0069,0.0154,9.8066,-0.0026,-0.016,0.0401,2.69,-35.87,-4.12,157.12,-79.75,164.39
52.419136,-1.537332,160.54,4.31,2,349.27,21 / 22,824409,2019-09-06 19:33:50:152,0.3517,0.8182,9.8085,0.003,0.0162,9.8066,-0.0393,0.0357,0.0197,2.19,-36.56,-4.25,163,-79.86,164.55
52.419136,-1.537332,160.54,4.31,2,349.27,21 / 22,824510,2019-09-06 19:33:50:253,0.836,-0.3812,9.7617,0.0031,-0.0271,9.8066,0.0515,0.0059,0.0135,2,-35.75,-5.44,163.01,-79.93,165.05
52.419136,-1.537332,160.54,4.31,2,349.27,21 / 22,824609,2019-09-06 19:33:50:352,0.5162,0.8795,10.5019,0.0017,-0.0291,9.8065,0.0336,-0.0405,-0.0531,1.75,-36.69,-4.75,163,-80.07,164.77
52.419136,-1.537332,160.54,4.31,2,349.27,21 / 22,824710,2019-09-06 19:33:50:453,-0.0191,0.9843,10.261,0.0074,0.0291,9.8065,-0.024,0.0432,0.0748,1.69,-36.5,-5.31,163.27,-79.9,165.56
52.419136,-1.537332,160.54,4.31,2,349.27,21 / 22,824809,2019-09-06 19:33:50:552,-0.3675,-1.7668,10.5221,0.0119,0.0048,9.8066,0.099,-0.076,0.1053,1.44,-36.56,-3.37,169.6,-79.91,166.45
52.419136,-1.537332,160.54,4.31,2,349.27,21 / 22,824910,2019-09-06 19:33:50:653,-0.0853,2.616,8.9319,0.0014,-0.0217,9.8066,-0.0117,-0.0153,-0.0295,2.19,-36.25,-3.75,163.42,-79.94,166.55
52.419136,-1.537332,160.54,4.31,2,349.27,21 / 22,825010,2019-09-06 19:33:50:753,0.9288,-0.3357,10.0193,0.0136,0.011,9.8066,0.0724,-0.0067,0.0888,1.44,-36.37,-3.31,169.5,-79.96,166.89
52.419136,-1.537332,160.54,4.31,2,349.27,21 / 22,825110,2019-09-06 19:33:50:853,0.7545,0.1422,10.3294,-0.0087,-0.0043,9.8066,-0.089,0.0115,-0.083,1.25,-36.62,-4.5,169.53,-80.08,167.39
52.419136,-1.537332,160.54,4.31,2,349.27,21 / 22,825209,2019-09-06 19:33:50:952,-0.5508,-0.7462,9.7847,0.0047,-0.0048,9.8066,0.0114,0.0591,-0.0101,2.06,-36.75,-4.25,163.68,-80.22,167.18
52.419136,-1.537332,160.54,4.31,2,349.27,21 / 22,825310,2019-09-06 19:33:51:053,0.2995,0.0758,9.7741,-0.0134,0.0067,9.8066,0.091,-0.0115,-0.0311,2.56,-37.25,-4.12,158.5,-79.97,167.4
52.419136,-1.537332,160.54,4.31,2,349.27,21 / 22,825410,2019-09-06 19:33:51:153,0.072,1.2578,10.4467,-0.0035,0.011,9.8066,0.0744,-0.0417,-0.0394,2.75,-37.06,-3.81,158.83,-79.65,167.25
52.419136,-1.537332,160.54,4.31,2,349.27,21 / 22,825509,2019-09-06 19:33:51:252,-1.0697,0.181,10.4285,-0.0055,0.0386,9.8065,0.0032,-0.0389,0.0471,2.19,-37.75,-3.69,165.24,-79.13,167.93
52.419136,-1.537332,160.54,4.31,2,349.27,21 / 22,825610,2019-09-06 19:33:51:353,0.4238,-0.6447,8.6838,-0.0043,0.0481,9.8065,-0.1151,0.0652,-0.001,2.69,-37.44,-3.19,159.31,-78.9,168.18
52.419136,-1.537332,160.54,4.31,2,349.27,21 / 22,825709,2019-09-06 19:33:51:452,-0.067,0.2688,8.8107,0.0064,-0.0542,9.8065,0.0811,-0.0144,0.0087,2.56,-38.19,-2.87,159.9,-78.77,168.3
52.419136,-1.537332,160.54,4.31,2,349.27,21 / 22,825809,2019-09-06 19:33:51:552,0.4055,0.5111,9.4957,0.0081,-0.0634,9.8064,-0.0082,0.0364,-0.0416,2.63,-37.19,-4.12,159.58,-79.23,167.86
52.419136,-1.537332,160.54,4.31,2,349.27,21 / 22,825910,2019-09-06 19:33:51:653,0.3539,-0.9644,9.8848,0.0109,-0.0118,9.8066,-0.1343,-0.0402,0.0018,2.31,-37.81,-3.31,164.49,-79.73,168.21
52.419136,-1.537332,160.54,4.31,2,349.27,21 / 22,826010,2019-09-06 19:33:51:753,0.5817,0.5997,10.0251,-0.0095,0.0096,9.8066,-0.0807,-0.0054,-0.0046,2.13,-37.81,-4.31,164.41,-79.89,167.52
52.419136,-1.537332,160.54,4.31,2,349.27,21 / 22,826110,2019-09-06 19:33:51:853,0.0281,-0.4925,9.8345,0.0049,-0.0072,9.8066,0.1156,-0.013,0.0068,2.19,-37.37,-4.31,164.28,-79.83,167.73
52.419136,-1.537332,160.54,4.31,2,349.27,21 / 22,826209,2019-09-06 19:33:51:952,0.6315,0.1014,9.9845,0.0116,0.0051,9.8065,0.0713,0.0106,-0.0028,2.38,-37.69,-4.31,165.16,-79.58,168.74
52.419136,-1.537332,160.54,4.31,2,349.27,21 / 22,826310,2019-09-06 19:33:52:053,0.5467,0.2627,9.951,0.004,0.0199,9.8065,-0.0744,0.0163,0.0055,1.81,-37.25,-3.94,165.13,-79.59,169.33
52.419136,-1.537332,160.54,4.31,2,349.27,20 / 21,826410,2019-09-06 19:33:52:153,0.3303,-1.5906,9.7879,0.0128,0.0118,9.8065,-0.0604,-0.0006,0.0571,2.19,-37.81,-4.56,166.04,-79.64,170.2
52.419136,-1.537332,160.54,4.31,2,349.27,20 / 21,826510,2019-09-06 19:33:52:253,0.5844,-1.2649,9.856,0.0074,-0.01,9.8066,0.0106,-0.0051,-0.01,1.75,-37.69,-3.87,165.87,-79.82,171.11
52.419136,-1.537332,160.54,4.31,2,349.27,20 / 21,826609,2019-09-06 19:33:52:352,0.331,-0.6207,9.6747,0.0023,0.0094,9.8065,0.0237,-0.0026,-0.0129,1.75,-38.06,-4.5,166.07,-79.72,171.4
52.419136,-1.537332,160.54,4.31,2,349.27,20 / 21,826709,2019-09-06 19:33:52:452,0.6081,-0.6279,9.6786,0.0035,0.0117,9.8066,0.0244,0.0323,0.0057,2.13,-37.87,-4.12,166.32,-79.55,171.71
52.419136,-1.537332,160.54,4.31,2,349.27,20 / 21,826810,2019-09-06 19:33:52:553,0.5581,-0.2045,10.0751,0.0051,0.0058,9.8066,0.0128,-0.009,0.0189,2.5,-38.37,-3.56,161.51,-79.4,172.31
52.419136,-1.537332,160.54,4.31,2,349.27,20 / 21,826910,2019-09-06 19:33:52:653,1.0396,-1.4248,9.9006,-0.0015,0.0036,9.8066,0.061,0.0482,-0.0441,3.25,-37.5,-4.31,161.2,-79.38,172.24
52.419136,-1.537332,160.54,4.31,2,349.27,20 / 21,827009,2019-09-06 19:33:52:752,0.6256,-1.5153,9.9026,0.0091,-0.0093,9.8065,0.0513,-0.0155,0.0364,3,-37.19,-3.12,160.04,-79.48,172.36
52.419136,-1.537332,160.54,4.31,2,349.27,20 / 21,827109,2019-09-06 19:33:52:852,0.6613,0.0555,10.2596,-0.0045,0.0008,9.8066,-0.0315,0.0115,-0.0122,2.44,-36.81,-3,165.79,-79.45,172.2
52.419136,-1.537332,160.54,4.31,2,349.27,20 / 21,827210,2019-09-06 19:33:52:953,0.109,-0.8754,9.3627,-0.0002,-0.0029,9.8066,0.0002,0.0046,0.0046,1.38,-36.87,-2.56,171.7,-79.42,172.2
52.419136,-1.537332,160.54,4.31,2,349.27,20 / 21,827310,2019-09-06 19:33:53:053,-0.1015,-0.518,9.5019,-0.0064,0.0105,9.8066,0.0407,0.045,0.0036,1.63,-36.75,-3.44,165.88,-79.35,172.2
52.419136,-1.537332,160.54,4.31,2,349.27,21 / 22,827409,2019-09-06 19:33:53:152,-0.2175,-1.2998,9.6901,-0.0018,-0.0073,9.8066,0.0024,0.0816,-0.0178,0.56,-36.25,-2.81,171.48,-79.33,171.83
52.419136,-1.537332,160.54,4.31,2,349.27,21 / 22,827509,2019-09-06 19:33:53:252,0.1087,-0.7358,9.885,-0.0088,-0.0143,9.8066,-0.0786,0.0255,-0.0416,1.38,-36.81,-3.56,171.32,-79.5,171.2
52.419136,-1.537332,160.54,4.31,2,349.27,21 / 22,827610,2019-09-06 19:33:53:353,0.2034,-1.421,9.4723,-0.0066,-0.0202,9.8066,-0.0262,0.0799,-0.0192,1.81,-36,-4,165.23,-79.67,170.42
52.419136,-1.537332,160.54,4.31,2,349.27,21 / 22,827709,2019-09-06 19:33:53:452,0.2041,-1.7746,9.9471,0.0025,0.0126,9.8066,-0.0149,0.0461,-0.0194,2.25,-35.69,-3.81,165.26,-79.74,170.61
52.419136,-1.537332,160.54,4.31,2,349.27,21 / 22,827809,2019-09-06 19:33:53:552,-0.3485,-1.3,9.6446,-0.009,0.0203,9.8066,0.0094,0.0719,-0.0635,2.56,-35.12,-4.37,159.38,-79.69,170.32
52.419136,-1.537332,160.54,4.31,2,349.27,21 / 22,827910,2019-09-06 19:33:53:653,0.2034,-1.1549,9.6166,0.002,-0.0179,9.8066,0.0822,0.0549,-0.0129,3.63,-34.69,-4.5,154.13,-79.59,170.2
52.419136,-1.537332,160.54,4.31,2,349.27,21 / 22,828010,2019-09-06 19:33:53:753,-0.4263,-1.0233,9.9976,0.0039,-0.023,9.8065,0.0201,0.0629,-0.0023,3.06,-34.31,-5.81,160.68,-79.58,169.85
52.419136,-1.537332,160.54,4.31,2,349.27,21 / 22,828110,2019-09-06 19:33:53:853,-0.4578,-1.5358,9.8175,0.0099,0.0213,9.8065,-0.0154,0.0468,0.0563,1.31,-34.5,-5.69,170.79,-79.38,170.91
52.419136,-1.537332,160.54,4.31,2,349.27,21 / 22,828210,2019-09-06 19:33:53:953,-0.5398,-0.219,9.5391,0.0066,0.0073,9.8066,-0.0464,0.0451,-0.0027,-0.12,-35.25,-5.62,175.78,-79.47,171.35
52.419136,-1.537332,160.54,4.31,2,349.27,21 / 22,828310,2019-09-06 19:33:54:053,0.1579,-1.2303,9.4206,0.0128,-0.0056,9.8066,-0.0466,0.029,0.0179,0.13,-35.62,-4.31,177.05,-79.53,172.27
52.419136,-1.537332,160.54,4.31,2,349.27,21 / 22,828409,2019-09-06 19:33:54:152,-0.3857,-1.0458,9.9275,0.009,-0.0103,9.8065,0.0634,0.0693,0.0209,0.88,-37,-2.56,171.83,-79.56,172.84
52.419136,-1.537332,160.54,4.31,2,349.27,21 / 22,828510,2019-09-06 19:33:54:253,0.2603,-1.5337,10.3353,0.0124,0.001,9.8066,-0.0459,0.0581,0.0586,1.69,-37.56,-3.75,167.15,-79.55,173.84
52.419136,-1.537332,160.54,4.31,2,349.27,21 / 22,828609,2019-09-06 19:33:54:352,0.3215,-1.73,9.7894,0.0103,0.0078,9.8066,-0.0686,0.069,0.0124,1.75,-37.5,-3.5,166.66,-79.5,174.97
52.419136,-1.537332,160.54,4.31,2,349.27,21 / 22,828709,2019-09-06 19:33:54:452,0.1937,-1.7852,9.8288,0.0098,0.005,9.8066,0.0561,0.0325,0.0246,1.88,-37.69,-2.75,167.29,-79.41,175.94
52.419136,-1.537332,160.54,4.31,2,349.27,21 / 22,828809,2019-09-06 19:33:54:552,0.9549,-2.1982,9.6856,0.0063,0.0084,9.8066,0.0021,0.1041,0.0017,2.19,-37.62,-4.12,168.35,-79.28,176.48
52.419136,-1.537332,160.54,4.31,2,349.27,21 / 22,828910,2019-09-06 19:33:54:653,0.2858,-1.1403,10.6006,0.0044,0.0056,9.8066,0.0744,0.0738,0.0054,2.31,-37.19,-3.31,167.7,-79.15,177.28
52.419136,-1.537332,160.54,4.31,2,349.27,21 / 22,829010,2019-09-06 19:33:54:753,0.2787,-0.2616,9.7128,0.0118,-0.0361,9.8065,0.1377,0.0382,0.0442,1.63,-37.62,-3.19,168.05,-79.15,177.68
52.419136,-1.537332,160.54,4.31,2,349.27,21 / 22,829110,2019-09-06 19:33:54:853,0.6341,-0.5033,10.8123,0.0195,0.0511,9.8064,-0.1447,-0.0031,0.0089,1.69,-37.75,-3.37,168.34,-79.11,178.47
52.419136,-1.537332,160.54,4.31,2,349.27,21 / 22,829210,2019-09-06 19:33:54:953,1.4632,0.0303,7.6135,-0.0025,0.0269,9.8065,-0.2742,-0.0764,0.0845,2.13,-38.75,-3.25,169.17,-78.9,-179.98
52.419136,-1.537332,160.54,4.31,2,349.27,21 / 22,829310,2019-09-06 19:33:55:053,3.0998,-0.9156,9.8576,0.0098,0.0147,9.8066,-0.1467,-0.0642,0.0399,1.63,-38.37,-3.5,169.12,-79.14,-179.02
52.419136,-1.537332,160.54,4.31,2,349.27,22 / 22,829409,2019-09-06 19:33:55:152,-0.0685,-2.1632,10.1514,-0.0094,0.0247,9.8066,-0.1253,0.0374,-0.0505,2.06,-38.31,-3.12,168.94,-79.46,-178.92
52.419136,-1.537332,160.54,4.31,2,349.27,22 / 22,829510,2019-09-06 19:33:55:253,1.2696,-2.2008,9.954,0.0187,-0.0591,9.8064,0.1331,-0.0065,-0.0124,1.75,-37.87,-3.31,168.58,-79.66,-179.55
52.419136,-1.537332,160.54,4.31,2,349.27,22 / 22,829609,2019-09-06 19:33:55:352,1.3127,-0.2991,9.4318,0.0021,-0.0258,9.8066,0.1831,-0.0558,0.0069,1.88,-38.75,-3.87,169.56,-79.93,-179.77
52.419136,-1.537332,160.54,4.31,2,349.27,22 / 22,829710,2019-09-06 19:33:55:453,0.1522,-0.2296,9.4396,0.0026,0.0761,9.8063,-0.0627,-0.0204,0.1007,2.31,-37.44,-3.44,168.85,-79.15,-179.2
52.419136,-1.537332,160.54,4.31,2,349.27,22 / 22,829809,2019-09-06 19:33:55:552,0.8726,-0.2159,9.2872,-0.0153,0.0314,9.8066,-0.1592,-0.0372,-0.0381,1.94,-38.81,-2.81,169.26,-79,-179.49
52.419136,-1.537332,160.54,4.31,2,349.27,22 / 22,829910,2019-09-06 19:33:55:653,1.2611,-1.5781,9.9077,-0.006,-0.0143,9.8066,0.0183,-0.0755,-0.0039,1.69,-38.5,-2.5,167.71,-79.04,179.94
52.419136,-1.537332,160.54,4.31,2,349.27,22 / 22,830009,2019-09-06 19:33:55:752,0.8928,-1.6838,9.8147,-0.0092,-0.0115,9.8066,-0.0407,-0.059,-0.0218,1.63,-38.69,-3.19,168.7,-79.22,179.21
52.419136,-1.537332,160.54,4.31,2,349.27,22 / 22,830110,2019-09-06 19:33:55:853,1.3883,-1.8834,9.3491,0.0018,-0.0196,9.8066,0.0124,-0.0816,0.0131,1.75,-38.69,-3.44,168.5,-79.35,178.88
52.419136,-1.537332,160.54,4.31,2,349.27,22 / 22,830210,2019-09-06 19:33:55:953,1.1875,-1.0181,9.5407,0.0104,-0.0161,9.8066,0.0205,-0.12,0.049,0.56,-38.94,-3.12,174.02,-79.54,179.07
52.419136,-1.537332,160.54,4.31,2,349.27,22 / 22,830310,2019-09-06 19:33:56:053,2.0476,-1.7448,9.227,0.0149,0.0113,9.8066,-0.0714,-0.1508,0.07,0.94,-38.25,-3.75,174.92,-79.49,-179.51
52.41964,-1.53778,162.87,5.66,2,328.95,21 / 23,830409,2019-09-06 19:33:56:152,2.2263,-1.3972,9.923,0.0043,0.0056,9.8066,-0.0281,-0.1696,0.0202,0.75,-37.81,-3.44,174.46,-79.63,-179.08
52.41964,-1.53778,162.87,5.66,2,328.95,21 / 23,830510,2019-09-06 19:33:56:253,2.0888,-1.9911,10.0497,-0.0075,-0.0336,9.8066,0.0067,-0.2131,-0.0154,-0.25,-38.5,-3.5,180.29,-79.75,-179.07
52.41964,-1.53778,162.87,5.66,2,328.95,21 / 23,830609,2019-09-06 19:33:56:352,1.7881,-1.9876,9.7682,-0.0246,-0.0249,9.8065,-0.0135,-0.2224,-0.0068,-0.31,-37.81,-4.81,179.68,-80,179.27
52.41964,-1.53778,162.87,5.66,2,328.95,21 / 23,830709,2019-09-06 19:33:56:452,1.7737,-1.3517,9.3993,-0.0152,-0.0178,9.8066,-0.0175,-0.233,0.0086,-0.62,-38.44,-4.37,184.64,-80.04,177.94
52.41964,-1.53778,162.87,5.66,2,328.95,21 / 23,830810,2019-09-06 19:33:56:553,1.5977,-0.5886,9.4495,-0.0035,0.0073,9.8066,-0.004,-0.2726,0.031,-0.56,-38.62,-4.06,184.33,-80.06,177.3
52.41964,-1.53778,162.87,5.66,2,328.95,21 / 23,830910,2019-09-06 19:33:56:653,1.5098,-1.1383,9.0222,-0.0018,0.0062,9.8066,0.0055,-0.3026,0.0602,-1.5,-38.94,-4.69,183.62,-80.03,177.06
52.41964,-1.53778,162.87,5.66,2,328.95,21 / 23,831010,2019-09-06 19:33:56:753,1.6979,-1.3507,9.8411,-0.0117,-0.0022,9.8066,-0.0559,-0.2697,0.0298,-1.25,-38.94,-5,183.43,-80.07,176.59
52.41964,-1.53778,162.87,5.66,2,328.95,21 / 23,831110,2019-09-06 19:33:56:853,1.4905,-2.0262,10.9202,0.0084,0.0155,9.8066,0.0207,-0.3592,0.0675,-2.06,-38.56,-4.69,188.15,-80.07,176.43
52.41964,-1.53778,162.87,5.66,2,328.95,21 / 23,831214,2019-09-06 19:33:56:957,2.0939,-3.7857,9.8698,-0.0194,-0.0031,9.8066,-0.0538,-0.3311,-0.0602,-2.44,-38.37,-4.37,189.18,-80.01,176.08
52.41964,-1.53778,162.87,5.66,2,328.95,21 / 23,831310,2019-09-06 19:33:57:053,1.4721,-1.7993,8.9361,-0.0404,0.0204,9.8065,-0.0478,-0.3548,-0.0179,-2.94,-38.31,-4.37,192.8,-79.77,173.14
52.41964,-1.53778,162.87,5.66,2,328.95,22 / 23,831409,2019-09-06 19:33:57:152,0.9551,-1.5125,9.0635,-0.011,-0.0137,9.8066,0.1736,-0.3719,0.0473,-3.31,-38.69,-4.19,191.8,-79.63,171.44
52.41964,-1.53778,162.87,5.66,2,328.95,22 / 23,831510,2019-09-06 19:33:57:253,1.9514,-2.4027,9.2587,0.0304,0.0168,9.8065,-0.1271,-0.3603,0.1537,-3.75,-38.12,-4.44,196.98,-79.68,172.32
52.41964,-1.53778,162.87,5.66,2,328.95,22 / 23,831610,2019-09-06 19:33:57:353,1.6952,-2.1835,10.0817,0.0283,0.0212,9.8065,-0.1277,-0.3657,0.1046,-6.06,-38.5,-4.5,205.92,-79.56,173.97
52.41964,-1.53778,162.87,5.66,2,328.95,22 / 23,831709,2019-09-06 19:33:57:452,2.3455,-1.9368,11.0268,0.0058,0.0093,9.8066,-0.1413,-0.404,0.0647,-6.5,-38.56,-4.56,203.73,-79.74,174.24
52.41964,-1.53778,162.87,5.66,2,328.95,22 / 23,831809,2019-09-06 19:33:57:552,1.2085,-2.0967,9.7119,-0.0589,-0.0294,9.8064,-0.0033,-0.4315,0.0527,-6.25,-38.75,-4.25,205.76,-80.16,172.87
52.41964,-1.53778,162.87,5.66,2,328.95,22 / 23,831909,2019-09-06 19:33:57:652,1.6795,-2.6849,9.2082,-0.0064,-0.0079,9.8066,-0.0342,-0.4501,-0.0017,-6.62,-37.75,-4.81,206.46,-80.63,170.42
52.41964,-1.53778,162.87,5.66,2,328.95,22 / 23,832010,2019-09-06 19:33:57:753,1.701,-1.8414,8.8589,-0.0012,-0.0078,9.8066,0.0619,-0.5304,0.1631,-7.25,-38.25,-5.44,206.81,-80.85,170.59
52.41964,-1.53778,162.87,5.66,2,328.95,22 / 23,832110,2019-09-06 19:33:57:853,2.198,-1.8085,9.4133,0.0262,0.003,9.8065,0.0861,-0.5546,0.079,-8.56,-37.69,-4.81,213.64,-80.66,171.81
52.41964,-1.53778,162.87,5.66,2,328.95,22 / 23,832209,2019-09-06 19:33:57:952,2.8635,-2.369,10.0489,-0.0252,-0.0307,9.8065,0.108,-0.5822,0.0875,-9.81,-37.62,-4.37,219.83,-80.7,172.81
52.41964,-1.53778,162.87,5.66,2,328.95,22 / 23,832309,2019-09-06 19:33:58:052,2.9585,-1.7398,10.3164,-0.051,-0.0339,9.8064,-0.0844,-0.5198,0.0466,-9.87,-38.12,-4,219.62,-80.88,172.08
52.41964,-1.53778,162.87,5.66,2,328.95,21 / 22,832410,2019-09-06 19:33:58:153,1.9064,-1.9395,10.8588,0.0085,0.0182,9.8066,-0.0239,-0.5243,0.0068,-10.81,-38.37,-3.62,221.11,-81.17,169.98
52.41964,-1.53778,162.87,5.66,2,328.95,21 / 22,832510,2019-09-06 19:33:58:253,1.7628,-0.732,9.0264,-0.0219,-0.0092,9.8066,-0.053,-0.5795,0.0642,-11.37,-37.69,-3.75,220.05,-81.25,168.32
52.41964,-1.53778,162.87,5.66,2,328.95,21 / 22,832609,2019-09-06 19:33:58:352,2.5426,-2.6154,9.0235,-0.0041,-0.0072,9.8066,-0.0018,-0.601,0.1345,-12.19,-37.87,-2.87,225.35,-81.47,168.08
52.41964,-1.53778,162.87,5.66,2,328.95,21 / 22,832709,2019-09-06 19:33:58:452,1.9787,-3.0845,9.6973,0.003,-0.0254,9.8066,0.0469,-0.6009,0.0604,-13,-36.69,-2.81,228.64,-81.57,169.2
52.41964,-1.53778,162.87,5.66,2,328.95,21 / 22,832810,2019-09-06 19:33:58:553,4.3135,-2.4297,10.4082,-0.0183,-0.0047,9.8066,0.1814,-0.589,0.0759,-14.25,-37.25,-3.5,231.39,-81.79,170.06
52.41964,-1.53778,162.87,5.66,2,328.95,21 / 22,832910,2019-09-06 19:33:58:653,2.1545,-2.2339,9.4738,-0.0605,-0.0016,9.8064,-0.2098,-0.5523,0.0323,-14.37,-36.94,-3.44,230.06,-82.18,167.62
52.41964,-1.53778,162.87,5.66,2,328.95,21 / 22,833009,2019-09-06 19:33:58:752,1.9868,-1.4881,9.7047,0.0058,0.0361,9.8066,-0.2732,-0.5635,-0.0509,-14.56,-36.25,-2.87,229.32,-82.3,164.28
52.41964,-1.53778,162.87,5.66,2,328.95,21 / 22,833109,2019-09-06 19:33:58:852,0.6665,-1.7724,10.7175,0.0304,0.0376,9.8065,0.2616,-0.4475,0.0427,-15.44,-36.87,-1.75,229.87,-82.41,161.6
52.41964,-1.53778,162.87,5.66,2,328.95,21 / 22,833210,2019-09-06 19:33:58:953,2.9094,1.2569,9.0937,-0.0877,-0.0398,9.8061,0.4641,-0.2268,0.052,-16.31,-36.94,-2.37,229.68,-82.87,159.19
52.41964,-1.53778,162.87,5.66,2,328.95,21 / 22,833309,2019-09-06 19:33:59:052,1.5978,-2.0044,10.0686,0.0475,0.0049,9.8065,-0.1564,-0.204,-0.1597,-16.31,-36.44,-1.12,233.03,-82.61,159.79
52.41964,-1.53778,162.87,5.66,2,328.95,21 / 23,833409,2019-09-06 19:33:59:152,1.0788,-1.8997,9.7283,0.0446,0.0323,9.8064,0.002,-0.3839,0.2033,-16.87,-37.19,-0.62,233.78,-82.65,159.95
52.41964,-1.53778,162.87,5.66,2,328.95,21 / 23,833510,2019-09-06 19:33:59:253,1.3533,-0.5811,9.7911,0.0705,0.0011,9.8063,0.1046,-0.203,-0.0166,-17.19,-37.19,-0.31,237.13,-82.14,161.45
52.41964,-1.53778,162.87,5.66,2,328.95,21 / 23,833610,2019-09-06 19:33:59:353,1.3757,-0.4364,9.832,-0.0351,0.0001,9.8065,0.0708,-0.4101,0.162,-17.25,-36,-0.19,238.1,-82.1,162.26
52.41964,-1.53778,162.87,5.66,2,328.95,21 / 23,833710,2019-09-06 19:33:59:453,1.6383,-1.016,10.1951,-0.0135,-0.0185,9.8065,0.1211,-0.1751,-0.0805,-17.75,-36.75,1.06,242.4,-81.81,164.12
52.41964,-1.53778,162.87,5.66,2,328.95,21 / 23,833810,2019-09-06 19:33:59:553,2.0438,0.156,10.4991,0.0099,0.0001,9.8066,0.206,-0.1502,0.0693,-17.31,-37.62,1.63,243.65,-81.48,164
52.41964,-1.53778,162.87,5.66,2,328.95,21 / 23,833909,2019-09-06 19:33:59:652,2.6756,0.8083,9.7863,-0.0371,-0.0199,9.8065,-0.1454,-0.1608,0.0444,-17.94,-36.37,1.69,245.84,-81.45,165.05
52.41964,-1.53778,162.87,5.66,2,328.95,21 / 23,834009,2019-09-06 19:33:59:752,0.6291,-0.7589,9.6107,0.0687,0.0012,9.8064,-0.212,-0.1278,0.0217,-18.44,-36.81,2.06,246.94,-81.57,166.51
52.41964,-1.53778,162.87,5.66,2,328.95,21 / 23,834110,2019-09-06 19:33:59:853,1.8679,-0.303,9.3524,0.0383,-0.0025,9.8065,-0.0667,-0.0784,-0.0289,-17.5,-36.94,1.38,244.42,-81.54,167.73
52.41964,-1.53778,162.87,5.66,2,328.95,21 / 23,834210,2019-09-06 19:33:59:953,0.4232,-0.4506,9.447,-0.0435,-0.0168,9.8065,-0.1268,-0.0855,-0.0295,-18.12,-36.37,1.56,249.25,-82.12,167.61
52.41964,-1.53778,162.87,5.66,2,328.95,21 / 23,834310,2019-09-06 19:34:00:053,2.2599,0.7365,10.5182,-0.0328,0.0059,9.8065,0.1359,-0.0767,0.0731,-18.94,-37.25,1.88,248.71,-82.25,166.73
52.41964,-1.53778,162.87,5.66,2,328.95,21 / 21,834410,2019-09-06 19:34:00:153,0.7145,1.5753,10.4136,-0.017,-0.0078,9.8066,0.1441,0.0372,-0.0325,-18.25,-36.62,1.56,248.85,-82.37,167.11
52.41964,-1.53778,162.87,5.66,2,328.95,21 / 21,834509,2019-09-06 19:34:00:252,2.1781,0.2274,9.7664,-0.0429,-0.0397,9.8064,-0.0182,0.1783,0.0649,-18.37,-36.37,2,250.95,-82.5,168.76
52.41964,-1.53778,162.87,5.66,2,328.95,21 / 21,834610,2019-09-06 19:34:00:353,1.8878,-1.9181,10.0041,0.0215,-0.0012,9.8065,0.2086,-0.0186,0.1522,-19.31,-36.37,1.31,251.89,-82.21,172.95
52.41964,-1.53778,162.87,5.66,2,328.95,21 / 21,834709,2019-09-06 19:34:00:452,3.478,-0.0784,9.1726,0.0036,-0.0028,9.8066,-0.2456,0.0074,-0.117,-18.81,-35.62,1.19,252.35,-81.99,173.85
52.41964,-1.53778,162.87,5.66,2,328.95,21 / 21,834810,2019-09-06 19:34:00:553,0.9776,0.4523,8.8102,0.0147,0.015,9.8065,-0.2518,0.1433,0.0403,-19.25,-35.94,1.06,250.23,-81.95,171.61
52.41964,-1.53778,162.87,5.66,2,328.95,21 / 21,834910,2019-09-06 19:34:00:653,-0.3928,-0.4843,9.5337,-0.0425,-0.0454,9.8064,0.1171,0.0215,-0.0604,-18.87,-35.75,1.13,251.01,-81.99,172.39
52.41964,-1.53778,162.87,5.66,2,328.95,21 / 21,835010,2019-09-06 19:34:00:753,1.1389,-0.9626,9.7913,-0.036,-0.0026,9.8065,0.0146,0.0164,-0.0354,-19.06,-35.25,1.75,256.2,-82.12,174.31
52.41964,-1.53778,162.87,5.66,2,328.95,21 / 21,835110,2019-09-06 19:34:00:853,1.6564,-0.7181,10.3016,-0.006,0.0075,9.8065,-0.0293,0.0454,-0.0839,-19.37,-35.06,1.5,255.18,-81.99,173.45
52.41964,-1.53778,162.87,5.66,2,328.95,21 / 21,835210,2019-09-06 19:34:00:953,2.661,1.4982,10.0023,0.0053,0.0154,9.8066,0.1386,0.0692,-0.013,-19.12,-34.81,1.69,253.51,-81.85,171.9
52.41964,-1.53778,162.87,5.66,2,328.95,21 / 21,835310,2019-09-06 19:34:01:053,1.4889,-0.6474,10.7714,-0.0085,-0.0039,9.8066,-0.1659,0.0614,-0.055,-18.81,-34.69,1.44,250.13,-81.79,171.36
52.41964,-1.53778,162.87,5.66,2,328.95,21 / 22,835412,2019-09-06 19:34:01:155,1.6334,-0.2196,9.5493,0.0249,0.0213,9.8065,-0.1081,0.0705,0.0106,-17.75,-35,1.75,251.6,-81.86,170.26
52.41964,-1.53778,162.87,5.66,2,328.95,21 / 22,835510,2019-09-06 19:34:01:253,1.1316,-0.0318,9.3139,0.021,0.0184,9.8065,0.0526,-0.0736,-0.08,-17.75,-35.12,0.94,246.81,-81.74,168.41
52.41964,-1.53778,162.87,5.66,2,328.95,21 / 22,835610,2019-09-06 19:34:01:353,0.1415,2.0037,9.9434,-0.0248,0.0199,9.8065,-0.0897,0.0501,-0.0474,-18.19,-35.62,0.25,242.83,-81.86,167.32
52.41964,-1.53778,162.87,5.66,2,328.95,21 / 22,835709,2019-09-06 19:34:01:452,0.1381,-2.0026,10.1045,-0.0333,-0.0322,9.8064,0.0993,0.1103,-0.0992,-18.5,-35.12,-0.06,243.28,-82.08,167.01
52.41964,-1.53778,162.87,5.66,2,328.95,21 / 22,835810,2019-09-06 19:34:01:553,0.4433,-0.2082,10.5553,-0.0135,0.0175,9.8066,-0.017,-0.0518,-0.0056,-18.81,-36.06,0,244.56,-82.17,167.93
52.41964,-1.53778,162.87,5.66,2,328.95,21 / 22,835909,2019-09-06 19:34:01:652,1.1198,-1.1294,9.6538,-0.028,0.0108,9.8065,-0.079,0.0679,-0.0761,-19.5,-35.69,0.75,245.8,-82.21,166.22
52.41964,-1.53778,162.87,5.66,2,328.95,21 / 22,836010,2019-09-06 19:34:01:753,1.495,1.5008,9.0386,0.0255,0.0204,9.8065,0.0902,-0.1271,-0.0302,-18.69,-35.87,1.13,244.66,-81.85,165.56
52.41964,-1.53778,162.87,5.66,2,328.95,21 / 22,836110,2019-09-06 19:34:01:853,0.0352,0.5336,9.5869,0.0708,0.0502,9.8062,0.2014,-0.0731,0.0401,-18,-36.19,1.44,242.8,-81.26,165.15
52.41964,-1.53778,162.87,5.66,2,328.95,21 / 22,836210,2019-09-06 19:34:01:953,-1.619,1.3629,10.9183,-0.0601,-0.0362,9.8063,-0.1243,0.1382,-0.1308,-17.12,-36.56,0.5,242.63,-81.77,165.19
52.41964,-1.53778,162.87,5.66,2,328.95,21 / 22,836309,2019-09-06 19:34:02:052,-1.7145,-2.0223,10.1779,-0.0663,0.0131,9.8064,0.038,0.1767,-0.2303,-16.62,-36.31,0.94,240.26,-81.86,161.83
52.41964,-1.53778,162.87,5.66,2,328.95,21 / 21,836410,2019-09-06 19:34:02:153,0.7095,-2.0021,10.0326,0.0464,0.0116,9.8065,0.0857,-0.2607,0.2497,-16.62,-36.5,0.38,238.58,-81.7,163.55
52.41964,-1.53778,162.87,5.66,2,328.95,21 / 21,836510,2019-09-06 19:34:02:253,0.8754,-2.1302,9.9057,0.0257,0.0558,9.8064,-0.1415,-0.136,0.0879,-15.56,-36.12,1.13,242.36,-81.73,165.31
52.41964,-1.53778,162.87,5.66,2,328.95,21 / 21,836609,2019-09-06 19:34:02:352,2.7581,2.2795,8.5089,0.114,-0.0111,9.806,-0.464,0.0511,-0.0937,-15.62,-36.62,0.63,239.58,-81.59,162.78
52.41964,-1.53778,162.87,5.66,2,328.95,21 / 21,836710,2019-09-06 19:34:02:453,-1.6132,-1.4587,8.9232,-0.1098,-0.0971,9.8055,-0.0942,-0.1722,0.3081,-16.06,-36.37,0.44,237.06,-80.92,164.23
52.41964,-1.53778,162.87,5.66,2,328.95,21 / 21,836810,2019-09-06 19:34:02:553,-0.6572,0.9808,6.9898,0.0002,-0.0137,9.8066,-0.7585,0.046,-0.2446,-16.12,-36.5,1.06,244.75,-81.29,169.01
52.41964,-1.53778,162.87,5.66,2,328.95,21 / 21,836910,2019-09-06 19:34:02:653,-2.8242,-1.2402,8.396,0.1727,0.0541,9.8049,0.6624,0.1619,-0.1844,-15.75,-36.19,1.44,243.04,-80.96,167.7
52.41964,-1.53778,162.87,5.66,2,328.95,21 / 21,837010,2019-09-06 19:34:02:753,-3.9262,-1.0251,9.7406,-0.1689,-0.0812,9.8048,0.2793,0.0608,0.1237,-17,-36.75,1.19,244.17,-82.03,166.44
52.41964,-1.53778,162.87,5.66,2,328.95,21 / 21,837110,2019-09-06 19:34:02:853,2.0024,0.1403,10.9788,-0.0986,-0.0404,9.806,0.0278,0.0988,-0.0757,-16.37,-37.06,0.75,244.77,-81.88,168.27
52.41964,-1.53778,162.87,5.66,2,328.95,21 / 21,837209,2019-09-06 19:34:02:952,0.0276,1.3334,9.9298,0.0508,0.0149,9.8064,0.1825,-0.0883,0.0533,-17.12,-36.56,1.31,244.37,-81.35,168.04
52.41964,-1.53778,162.87,5.66,2,328.95,21 / 21,837312,2019-09-06 19:34:03:055,1.6954,-0.4244,9.1296,0.0405,-0.0342,9.8065,-0.0399,-0.0628,-0.1639,-17.81,-36.87,1.44,247.44,-80.79,171.85
52.41964,-1.53778,162.87,5.66,2,328.95,21 / 21,837409,2019-09-06 19:34:03:152,0.398,2.1616,9.6592,-0.0241,0.0243,9.8065,0.0164,0.1657,0.0576,-17,-36.94,1.5,249.04,-80.64,171.46
52.41964,-1.53778,162.87,5.66,2,328.95,21 / 21,837509,2019-09-06 19:34:03:252,0.1642,-0.8103,9.3476,-0.0706,-0.0568,9.8062,0.0494,0.032,-0.0896,-16.81,-36.31,0.31,243.59,-81.13,170.48
52.41964,-1.53778,162.87,5.66,2,328.95,21 / 21,837609,2019-09-06 19:34:03:352,0.7423,1.0725,9.1161,-0.0763,-0.0104,9.8063,0.1711,0.1071,-0.1303,-16.94,-36.12,0.81,247.81,-81.87,170.46
52.41964,-1.53778,162.87,5.66,2,328.95,21 / 21,837709,2019-09-06 19:34:03:452,-0.0915,2.4797,10.7914,-0.0922,-0.0171,9.8062,-0.001,0.0712,-0.0881,-17.06,-35.5,-0.5,244.16,-82.04,168.92
52.41964,-1.53778,162.87,5.66,2,328.95,21 / 21,837810,2019-09-06 19:34:03:553,1.1829,1.9997,11.949,0.1006,0.0327,9.806,0.2365,0.0752,0.0332,-17.25,-35.56,1.06,246.67,-81.66,169.58
52.41964,-1.53778,162.87,5.66,2,328.95,21 / 21,837910,2019-09-06 19:34:03:653,2.8692,-0.8942,10.9537,0.0488,-0.0085,9.8065,-0.4446,0.2194,-0.0308,-17.12,-35.5,1.25,247.52,-80.89,171.6
52.41964,-1.53778,162.87,5.66,2,328.95,21 / 21,838009,2019-09-06 19:34:03:752,1.3633,-4.0127,9.2644,0.143,0.0043,9.8055,-0.3231,-0.1561,0.1155,-18.37,-35.37,1.31,250.9,-80.17,175.97
52.41964,-1.53778,162.87,5.66,2,328.95,21 / 21,838109,2019-09-06 19:34:03:852,1.4999,0.8074,8.8611,0.0178,0.0249,9.8066,-0.587,0.1092,0.1579,-17.94,-35.19,1.5,254.56,-80.75,175.66
52.41964,-1.53778,162.87,5.66,2,328.95,21 / 21,838210,2019-09-06 19:34:03:953,0.9828,1.3242,9.904,0.0801,0.0031,9.8063,-0.4447,0.0473,0.1186,-18.44,-35.5,1.06,254.18,-80.94,178.12
52.41964,-1.53778,162.87,5.66,2,328.95,21 / 21,838310,2019-09-06 19:34:04:053,0.5388,0.3213,10.5009,0.0229,0.0325,9.8066,-0.249,0.1382,-0.1424,-18.69,-35.19,0.63,254.76,-81.25,177.42
52.41964,-1.53778,162.87,5.66,2,328.95,21 / 21,838409,2019-09-06 19:34:04:152,-1.1293,-0.9453,7.7427,0.2154,0.0526,9.8041,-0.3721,-0.0093,0.1477,-18.37,-35.69,0.94,252.25,-80.56,177.25
52.41964,-1.53778,162.87,5.66,2,328.95,21 / 21,838510,2019-09-06 19:34:04:253,0.1201,0.081,8.5001,-0.065,-0.002,9.8064,0.4666,0.0309,-0.1092,-17.81,-34.81,0.5,253.43,-80.9,177.37
52.41964,-1.53778,162.87,5.66,2,328.95,21 / 21,838609,2019-09-06 19:34:04:352,-0.0643,0.8346,9.6761,-0.0169,0.001,9.8066,0.2149,0.0231,0.0112,-17.81,-35.94,0.5,251.65,-80.76,176.17
52.41964,-1.53778,162.87,5.66,2,328.95,21 / 21,838709,2019-09-06 19:34:04:452,0.382,-1.3995,9.8131,-0.1457,-0.0619,9.8053,0.2719,0.094,-0.0125,-17.62,-35.19,-0.19,250.43,-80.73,177.56
52.41964,-1.53778,162.87,5.66,2,328.95,21 / 21,838809,2019-09-06 19:34:04:552,0.7472,0.7298,9.95,-0.1578,-0.0579,9.8051,0.3733,0.0732,-0.0054,-17.87,-35.06,-1.12,249.98,-81.96,177.9
52.41964,-1.53778,162.87,5.66,2,328.95,21 / 21,838909,2019-09-06 19:34:04:652,-0.7446,2.3019,9.5626,0.0893,0.0029,9.8062,-0.2704,0.0656,-0.0023,-18.19,-34.5,-1.37,251.25,-81.58,179.55
52.41964,-1.53778,162.87,5.66,2,328.95,21 / 21,839009,2019-09-06 19:34:04:752,1.7899,0.844,10.45,0.006,0.0009,9.8065,-0.0446,0.0578,0.0114,-19.25,-34.87,-1.12,252.04,-81.78,179.51
52.41964,-1.53778,162.87,5.66,2,328.95,21 / 21,839110,2019-09-06 19:34:04:853,-0.2895,0.6983,10.8738,0.1077,0.0562,9.8058,-0.1533,0.0969,-0.096,-19.94,-35.37,-0.31,253.55,-81.11,178.57
52.41964,-1.53778,162.87,5.66,2,328.95,21 / 21,839210,2019-09-06 19:34:04:953,-1.0124,-0.3473,9.4415,0.129,0.0272,9.8057,-0.2199,-0.0233,0.0693,-18.75,-35.81,0.88,254.9,-80.84,178.82
52.41964,-1.53778,162.87,5.66,2,328.95,21 / 21,839309,2019-09-06 19:34:05:052,-0.4405,-2.2264,9.3605,-0.074,-0.034,9.8062,0.2295,0.1112,-0.1442,-18.25,-36.19,1.31,253.37,-80.63,178.36
52.420048,-1.537253,163.77,9.96,3,44.06,21 / 21,839409,2019-09-06 19:34:05:152,-0.4081,-0.8704,8.6763,-0.0482,-0.0334,9.8064,-0.2196,0.0539,-0.073,-18,-36.12,0.69,254.36,-80.85,179.02
52.420048,-1.537253,163.77,9.96,3,44.06,21 / 21,839510,2019-09-06 19:34:05:253,-0.5882,-0.3315,10.0264,-0.0834,-0.0473,9.8062,-0.1068,0.0272,-0.0467,-17.19,-36.25,0.13,253.06,-81.66,-179.84
52.420048,-1.537253,163.77,9.96,3,44.06,21 / 21,839609,2019-09-06 19:34:05:352,-1.331,-0.5561,10.1886,0.0167,0.0245,9.8065,0.0128,-0.0318,0.0257,-17.25,-35.75,-0.81,249.35,-81.62,179.42
52.420048,-1.537253,163.77,9.96,3,44.06,21 / 21,839710,2019-09-06 19:34:05:453,-1.3297,-0.9189,9.9766,0.0416,0.0135,9.8065,-0.0034,-0.019,-0.0349,-16.81,-36.25,-0.56,248.82,-81.57,178.94
52.420048,-1.537253,163.77,9.96,3,44.06,21 / 21,839809,2019-09-06 19:34:05:552,-0.1877,-0.6149,10.444,0.0476,0.0289,9.8064,0.1377,-0.0479,0.0746,-17.19,-36.25,-0.06,251.24,-81.3,178.89
52.420048,-1.537253,163.77,9.96,3,44.06,21 / 21,839910,2019-09-06 19:34:05:653,-0.093,0.5308,9.6587,-0.0028,-0.0106,9.8066,-0.0817,0.0626,-0.0149,-17.12,-36.69,-0.06,250.08,-80.76,179.25
52.420048,-1.537253,163.77,9.96,3,44.06,21 / 21,840009,2019-09-06 19:34:05:752,-1.2203,-0.6909,9.5112,-0.0025,-0.0082,9.8066,-0.1191,-0.0182,0.0807,-17.06,-36.06,0.25,251.37,-80.83,-179.99
52.420048,-1.537253,163.77,9.96,3,44.06,21 / 21,840110,2019-09-06 19:34:05:853,-1.585,-0.2434,8.9479,-0.0012,-0.0054,9.8066,0.0079,-0.0749,-0.0085,-17.19,-36.44,-0.56,249.33,-81.02,-179.36
52.420048,-1.537253,163.77,9.96,3,44.06,21 / 21,840211,2019-09-06 19:34:05:954,0.2006,0.1398,10.1086,-0.0067,-0.0159,9.8066,-0.0611,-0.0137,0.0261,-17.19,-36.25,0.5,256.67,-81.25,-178.41
52.420048,-1.537253,163.77,9.96,3,44.06,21 / 21,840310,2019-09-06 19:34:06:053,-1.0011,-1.0019,9.0771,0.0262,0.011,9.8066,-0.0861,-0.0217,0.0414,-17.12,-36.06,-0.94,250.51,-81.14,-178.27
52.420048,-1.537253,163.77,9.96,3,44.06,21 / 22,840410,2019-09-06 19:34:06:153,-0.2289,-0.7084,9.6259,0.0081,-0.0063,9.8066,0.11,0.025,-0.0332,-17.19,-36.25,0.13,253.66,-81.04,-177.87
52.420048,-1.537253,163.77,9.96,3,44.06,21 / 22,840509,2019-09-06 19:34:06:252,1.6552,0.5641,10.1984,-0.0199,0.0038,9.8066,0.1754,-0.0363,0.0267,-17.12,-36.06,-0.56,250.72,-81.08,-177.9
52.420048,-1.537253,163.77,9.96,3,44.06,21 / 22,840610,2019-09-06 19:34:06:353,-0.4944,-0.5571,10.4104,-0.0187,-0.0078,9.8066,0.1044,0.0183,-0.0985,-16.94,-36.31,0.13,253.52,-81.16,-178.28
52.420048,-1.537253,163.77,9.96,3,44.06,21 / 22,840710,2019-09-06 19:34:06:453,-0.1527,0.3626,10.115,-0.001,0.0182,9.8065,-0.006,0.0147,0.0016,-17,-36,-0.37,253.04,-81.18,-178.85
52.420048,-1.537253,163.77,9.96,3,44.06,21 / 22,840810,2019-09-06 19:34:06:553,-0.4247,-0.5152,9.5734,0.0211,0.0066,9.8066,-0.0271,0.0188,-0.0387,-16.94,-36.56,0,251.32,-80.99,-179.84
52.420048,-1.537253,163.77,9.96,3,44.06,21 / 22,840910,2019-09-06 19:34:06:653,-0.7429,0.8132,9.8361,-0.0009,-0.0078,9.8066,0.0021,0.0139,-0.056,-17.06,-36.19,-0.25,251.49,-80.86,-179.91
52.420048,-1.537253,163.77,9.96,3,44.06,21 / 22,841009,2019-09-06 19:34:06:752,-0.9163,0.3039,9.8846,-0.0308,-0.0159,9.8066,-0.0354,0.0246,0.0581,-17.25,-35.87,0.13,251.92,-80.94,-179.59
52.420048,-1.537253,163.77,9.96,3,44.06,21 / 22,841110,2019-09-06 19:34:06:853,-0.1932,-0.5338,9.421,0.0121,-0.0091,9.8066,0.0114,0.0243,0.0363,-17.25,-35.62,-0.5,253.01,-81.01,-178.52
52.420048,-1.537253,163.77,9.96,3,44.06,21 / 22,841214,2019-09-06 19:34:06:957,-0.8895,0.293,9.4869,0.0285,-0.0036,9.8065,-0.0869,-0.0574,0.0436,-17.81,-35.87,-0.87,252.08,-80.98,-177.4
52.420048,-1.537253,163.77,9.96,3,44.06,21 / 22,841310,2019-09-06 19:34:07:053,-0.926,-0.4095,9.7166,-0.0078,-0.0019,9.8066,-0.0835,0.0103,-0.0141,-17.75,-35.69,-1.25,252.72,-81.03,-176.8
52.420048,-1.537253,163.77,9.96,3,44.06,21 / 21,841409,2019-09-06 19:34:07:152,-1.538,-0.1743,9.9118,0.0147,0.019,9.8065,0.2118,-0.0258,0.0028,-17.94,-36,-0.69,251.89,-80.97,-177.61
52.420048,-1.537253,163.77,9.96,3,44.06,21 / 21,841510,2019-09-06 19:34:07:253,-0.4571,0.3147,10.022,-0.0146,-0.0058,9.8066,0.2054,0.0138,-0.0566,-17.75,-35.56,-0.56,251.41,-80.95,-178.09
52.420048,-1.537253,163.77,9.96,3,44.06,21 / 21,841609,2019-09-06 19:34:07:352,-0.1099,-0.0135,9.4151,-0.0163,0.0012,9.8066,-0.2053,0.0439,-0.0393,-18.06,-35.87,-0.56,250.82,-80.86,-178.58
52.420048,-1.537253,163.77,9.96,3,44.06,21 / 21,841710,2019-09-06 19:34:07:453,0.0975,0.1556,9.4253,0.0173,-0.003,9.8066,-0.1001,0.0482,0.0268,-17.75,-35.25,0,254.23,-80.74,-178.22
52.420048,-1.537253,163.77,9.96,3,44.06,21 / 21,841810,2019-09-06 19:34:07:553,1.0866,0.7409,9.8106,0.0215,0.0066,9.8066,-0.0208,-0.0063,-0.0057,-17.56,-35.87,-0.12,253.9,-80.78,-178.13
52.420048,-1.537253,163.77,9.96,3,44.06,21 / 21,841909,2019-09-06 19:34:07:652,-0.2179,0.0342,9.7616,-0.0048,0.0054,9.8066,-0.0313,-0.0287,0.0547,-17.62,-35.37,0.13,254.71,-80.83,-177.88
52.420048,-1.537253,163.77,9.96,3,44.06,21 / 21,842010,2019-09-06 19:34:07:753,0.7395,0.3981,9.5345,0.0092,-0.0056,9.8066,-0.0648,-0.0132,0.0731,-18.25,-34.87,-0.56,252.3,-80.92,-177.55
52.420048,-1.537253,163.77,9.96,3,44.06,21 / 21,842109,2019-09-06 19:34:07:852,-0.3871,-0.0081,9.5141,-0.0049,-0.0096,9.8066,-0.0611,0.0483,-0.0441,-18.12,-34.94,0,255.83,-80.83,-176.64
52.420048,-1.537253,163.77,9.96,3,44.06,21 / 21,842210,2019-09-06 19:34:07:953,0.0266,1.0383,10.1297,-0.0073,0.0038,9.8065,0.0157,0.0139,0.0029,-18,-34.87,-0.81,252.66,-80.81,-176.95
52.420048,-1.537253,163.77,9.96,3,44.06,21 / 21,842310,2019-09-06 19:34:08:053,0.8749,0.7323,10.9794,0.0306,0.0081,9.8065,-0.0126,-0.0578,-0.0094,-18.06,-35.06,-0.56,252.57,-80.86,-177.13
52.420048,-1.537253,163.77,9.96,3,44.06,21 / 21,842410,2019-09-06 19:34:08:153,-0.0517,-0.5165,9.7562,-0.029,0.0054,9.8066,0.0527,-0.0005,-0.0775,-17.75,-34.06,-0.69,252.36,-80.59,-177.38
52.420048,-1.537253,163.77,9.96,3,44.06,21 / 21,842509,2019-09-06 19:34:08:252,1.8786,0.2781,8.9138,-0.0259,0.0009,9.8065,0.0336,-0.0288,0.0649,-17.62,-33.5,-1.12,251.21,-80.61,-179.23
52.420048,-1.537253,163.77,9.96,3,44.06,21 / 21,842610,2019-09-06 19:34:08:353,-0.5286,-0.4976,9.8748,0.0187,0.0032,9.8066,0.1848,-0.0733,-0.0301,-17.94,-32.94,-1.25,251.09,-80.47,-179.1
52.420048,-1.537253,163.77,9.96,3,44.06,21 / 21,842710,2019-09-06 19:34:08:453,1.2238,1.8804,10.1348,-0.0151,0.0036,9.8066,0.1599,0.0585,-0.0412,-16.69,-31.94,-0.62,250.4,-80.39,-179.08
52.420048,-1.537253,163.77,9.96,3,44.06,21 / 21,842810,2019-09-06 19:34:08:553,0.822,1.7417,9.1574,-0.0187,-0.009,9.8066,-0.2399,-0.0525,0.0589,-16.12,-30.69,-1.44,249.58,-80.4,-179.29
52.420048,-1.537253,163.77,9.96,3,44.06,21 / 21,842910,2019-09-06 19:34:08:653,0.7395,0.7302,9.1528,0.0199,0.0057,9.8066,-0.2337,0.3165,-0.0512,-16.06,-31.62,-0.87,249.92,-80.67,-178.85
52.420048,-1.537253,163.77,9.96,3,44.06,21 / 21,843009,2019-09-06 19:34:08:752,-3.5731,2.9115,11.5059,0.0237,-0.0129,9.8065,-0.2002,0.0805,0.0255,-16.56,-31.25,-1.94,250.07,-81.07,-177.94
52.420048,-1.537253,163.77,9.96,3,44.06,21 / 21,843109,2019-09-06 19:34:08:852,2.7628,-2.0187,11.3228,-0.004,0.0177,9.8065,0.4782,0.0148,0.1866,-17.06,-31.81,-1.56,251.04,-81.56,-177.25
52.420048,-1.537253,163.77,9.96,3,44.06,21 / 21,843210,2019-09-06 19:34:08:953,1.403,-4.054,11.7457,-0.0038,0.0225,9.8065,-0.4301,0.3831,-0.2857,-17.12,-32.44,-0.5,255.3,-81.42,-178.93
52.420048,-1.537253,163.77,9.96,3,44.06,21 / 21,843310,2019-09-06 19:34:09:053,-0.9492,0.6405,8.4469,0.1412,0.0636,9.8054,-0.2881,0.1146,0.1751,-17.31,-34.12,0,251.15,-79.88,-179.42
52.420048,-1.537253,163.77,9.96,3,44.06,21 / 21,843409,2019-09-06 19:34:09:152,-0.1738,-2.1002,8.8089,0.1489,0.0254,9.8055,0.0087,0.0744,-0.0753,-17.25,-35.31,-0.19,251.39,-79.73,-178.23
52.420048,-1.537253,163.77,9.96,3,44.06,21 / 21,843510,2019-09-06 19:34:09:253,-1.7292,-1.5097,8.2928,-0.0939,-0.0416,9.8061,-0.1606,0.1001,-0.0056,-17.19,-35.94,-0.62,250.4,-80.33,-176.69
52.420048,-1.537253,163.77,9.96,3,44.06,21 / 21,843609,2019-09-06 19:34:09:352,0.085,0.973,9.5799,-0.0316,-0.0231,9.8065,0.1193,-0.0488,-0.0603,-17.44,-35.75,-1.19,252.29,-81.18,-176.36
52.420048,-1.537253,163.77,9.96,3,44.06,21 / 21,843710,2019-09-06 19:34:09:453,0.3949,-0.7684,9.7221,-0.0148,-0.0075,9.8066,0.1876,-0.0765,-0.0115,-17.62,-35.81,-0.94,254.72,-81.24,-175.03
52.420048,-1.537253,163.77,9.96,3,44.06,21 / 21,843810,2019-09-06 19:34:09:553,0.9308,0.0113,10.5418,-0.0243,-0.0216,9.8066,-0.1459,0.0019,0.1218,-18.56,-35.87,-0.62,256.08,-81.22,-174.6
52.420048,-1.537253,163.77,9.96,3,44.06,21 / 21,843910,2019-09-06 19:34:09:653,-0.7963,-1.9535,9.8549,0.0178,0.0196,9.8065,-0.161,-0.125,-0.1323,-17.75,-36.19,-0.44,257.42,-80.99,-174.71
52.420048,-1.537253,163.77,9.96,3,44.06,21 / 21,844009,2019-09-06 19:34:09:752,-1.288,2.2863,11.7582,-0.0243,0.0069,9.8066,0.1391,-0.2071,0.114,-17.37,-36.94,-1,252,-81.33,-176.47
52.420048,-1.537253,163.77,9.96,3,44.06,21 / 21,844110,2019-09-06 19:34:09:853,2.0879,-1.9096,10.3262,0.0249,-0.0337,9.8065,-0.0144,-0.0669,0.1105,-18.31,-35.37,-0.94,256.6,-81.37,-173.72
52.420048,-1.537253,163.77,9.96,3,44.06,21 / 21,844210,2019-09-06 19:34:09:953,1.0647,0.3584,9.8863,0.0383,-0.0003,9.8065,0.2128,-0.1692,0.0236,-18.5,-35.94,-1.06,258.4,-81.24,-171.01
52.420048,-1.537253,163.77,9.96,3,44.06,21 / 21,844310,2019-09-06 19:34:10:053,-1.3143,-1.5272,9.5455,0.0035,-0.0221,9.8066,-0.1302,-0.1443,0.0355,-18.75,-36.06,-0.81,261.88,-81.21,-168.37
52.420048,-1.537253,163.77,9.96,3,44.06,21 / 22,844409,2019-09-06 19:34:10:152,-1.9233,-2.065,9.8597,0.024,-0.0112,9.8065,0.2294,-0.0723,0.0709,-19.37,-35.06,-0.37,266.31,-81.12,-167.05
52.420048,-1.537253,163.77,9.96,3,44.06,21 / 22,844510,2019-09-06 19:34:10:253,-0.7945,-1.3584,9.9233,-0.0367,-0.0152,9.8065,0.1997,-0.106,0.0137,-19.69,-35.5,-0.37,268.63,-81.2,-165.67
52.420048,-1.537253,163.77,9.96,3,44.06,21 / 22,844609,2019-09-06 19:34:10:352,1.8046,-1.458,11.1233,-0.0492,-0.0181,9.8064,-0.0987,-0.0923,-0.0097,-19.06,-34.94,0.06,267.98,-81.22,-165.53
52.420048,-1.537253,163.77,9.96,3,44.06,21 / 22,844710,2019-09-06 19:34:10:453,-0.1849,-1.8808,9.7383,0.0568,0.0263,9.8064,-0.0139,-0.1144,0.0755,-19.69,-35.87,0.69,270.64,-81.19,-166.04
52.420048,-1.537253,163.77,9.96,3,44.06,21 / 22,844809,2019-09-06 19:34:10:552,1.8761,-0.5231,9.3396,0.043,0.0219,9.8065,-0.0094,-0.0782,0.0427,-19.87,-36,0.5,268.81,-80.91,-167.35
52.420048,-1.537253,163.77,9.96,3,44.06,21 / 22,844910,2019-09-06 19:34:10:653,-2.3569,-2.2658,10.2302,-0.0297,-0.0379,9.8065,-0.0956,-0.1317,0.0218,-20.12,-35.06,-0.06,270.54,-81.15,-163.64
52.420048,-1.537253,163.77,9.96,3,44.06,21 / 22,845009,2019-09-06 19:34:10:752,-1.1483,0.093,11.1692,-0.0181,-0.0136,9.8065,0.1445,-0.1917,0.0892,-20.69,-34.94,0.06,272.08,-81.12,-162.8
52.420048,-1.537253,163.77,9.96,3,44.06,21 / 22,845110,2019-09-06 19:34:10:853,1.3459,-2.0241,10.5709,0.0425,0.018,9.8065,0.1174,-0.1754,0.0319,-20.56,-34.87,0.44,271.03,-80.87,-163.43
52.420048,-1.537253,163.77,9.96,3,44.06,21 / 22,845210,2019-09-06 19:34:10:953,1.3844,-1.2986,9.2498,0.0485,0.0166,9.8065,-0.0647,-0.1033,-0.0167,-20.62,-35.5,0.31,269.39,-80.55,-164.52
52.420048,-1.537253,163.77,9.96,3,44.06,21 / 22,845310,2019-09-06 19:34:11:053,0.4366,-1.7285,9.7297,-0.0047,-0.0154,9.8066,-0.0443,-0.1326,0.0286,-20.87,-35.5,1.13,272,-80.58,-164.69
52.420048,-1.537253,163.77,9.96,3,44.06,21 / 22,845409,2019-09-06 19:34:11:152,0.7436,-2.2855,10.1853,-0.0392,-0.0012,9.8065,-0.1507,-0.0511,-0.0052,-20.5,-34.94,0.81,273.08,-80.94,-163.58
52.420048,-1.537253,163.77,9.96,3,44.06,21 / 22,845510,2019-09-06 19:34:11:253,-1.2437,-0.1838,10.5309,0.0437,0.0053,9.8065,-0.1261,-0.0477,0.015,-20.75,-35.31,0.94,274.2,-81.08,-163.37
52.420048,-1.537253,163.77,9.96,3,44.06,21 / 22,845610,2019-09-06 19:34:11:353,1.2559,-2.7244,10.1787,0.0105,0.0029,9.8066,0.0692,0.0215,-0.0554,-20.94,-34.87,0.94,274.05,-81.18,-163.69
52.420048,-1.537253,163.77,9.96,3,44.06,21 / 22,845710,2019-09-06 19:34:11:453,1.2089,-0.8039,9.4703,-0.0071,-0.0003,9.8066,0.0572,-0.3252,0.1114,-21.75,-35.62,1.88,275.86,-80.93,-164.27
52.420048,-1.537253,163.77,9.96,3,44.06,21 / 22,845810,2019-09-06 19:34:11:553,-0.0819,-1.6411,9.3534,-0.0104,0.0089,9.8066,-0.009,-0.1318,-0.0477,-21,-35.06,1.75,275.36,-80.83,-164.56
52.420048,-1.537253,163.77,9.96,3,44.06,21 / 22,845910,2019-09-06 19:34:11:653,0.7881,-0.6833,9.4263,-0.0775,-0.0079,9.8063,0.094,-0.1842,0.0095,-20.75,-35.12,1.31,271.79,-81.08,-165.77
52.420048,-1.537253,163.77,9.96,3,44.06,21 / 22,846010,2019-09-06 19:34:11:753,0.5498,-1.4785,10.1388,-0.0542,0.0052,9.8065,-0.0927,-0.1268,-0.0262,-20.62,-34.31,2.13,276.45,-81.72,-165.45
52.420048,-1.537253,163.77,9.96,3,44.06,21 / 22,846110,2019-09-06 19:34:11:853,-0.1505,0.285,9.6649,0.0313,0.0044,9.8066,-0.0534,-0.091,-0.0389,-20.37,-35.37,1.31,271.22,-81.5,-166.49
52.420048,-1.537253,163.77,9.96,3,44.06,21 / 22,846210,2019-09-06 19:34:11:953,0.1443,-2.2341,10.1072,0.0168,0.0012,9.8066,0.1289,-0.081,0.014,-20.25,-34.69,2.31,273.58,-81.38,-166.81
52.420048,-1.537253,163.77,9.96,3,44.06,21 / 22,846309,2019-09-06 19:34:12:052,-0.5852,-0.8375,9.6022,-0.0373,0.0157,9.8065,0.0328,-0.1144,-0.0204,-20.19,-34.94,2.69,275.38,-81.46,-168.1
52.420048,-1.537253,163.77,9.96,3,44.06,22 / 22,846409,2019-09-06 19:34:12:152,1.5404,-0.2965,9.935,-0.0467,0.0109,9.8064,-0.0504,-0.0714,0.0359,-20.62,-35.06,2.44,272.01,-81.57,-169.19
52.420048,-1.537253,163.77,9.96,3,44.06,22 / 22,846509,2019-09-06 19:34:12:252,0.0361,-0.2596,9.6676,-0.0228,0.0047,9.8066,0.1138,-0.0423,-0.0345,-20.56,-35.31,2.63,274.46,-81.77,-169.86
52.420048,-1.537253,163.77,9.96,3,44.06,22 / 22,846610,2019-09-06 19:34:12:353,0.8171,-0.0776,10.3642,-0.0299,0.0046,9.8066,-0.2727,-0.0679,-0.0477,-20.75,-35.69,2,271.48,-82.12,-170.29
52.420048,-1.537253,163.77,9.96,3,44.06,22 / 22,846710,2019-09-06 19:34:12:453,-1.6121,-1.305,9.9378,0.0397,0.0212,9.8065,-0.1612,-0.0965,0.0573,-20.62,-35.62,2.25,269.49,-82.12,-172.29
52.420048,-1.537253,163.77,9.96,3,44.06,22 / 22,846810,2019-09-06 19:34:12:553,-1.2162,-1.0534,10.0368,0.0329,0.0018,9.8066,0.15,-0.0478,0.0377,-21.12,-35.5,2.13,270.4,-82.19,-171.89
52.420048,-1.537253,163.77,9.96,3,44.06,22 / 22,846909,2019-09-06 19:34:12:652,-0.8684,0.3572,10.1007,-0.0395,-0.0072,9.8065,0.172,-0.0917,0.007,-20.81,-35.31,1.88,271.14,-82.32,-171.35
52.420048,-1.537253,163.77,9.96,3,44.06,22 / 22,847009,2019-09-06 19:34:12:752,-0.3745,-0.2517,9.9626,-0.0098,-0.0073,9.8066,-0.0513,-0.1003,0.0057,-20.69,-35.31,1.94,271.33,-82.08,-170.76
52.420048,-1.537253,163.77,9.96,3,44.06,22 / 22,847110,2019-09-06 19:34:12:853,-2.5516,-0.4029,9.5461,-0.0175,0.0096,9.8066,-0.0718,-0.0585,-0.0132,-20.56,-35.31,1.88,270.67,-81.98,-171.25
52.420048,-1.537253,163.77,9.96,3,44.06,22 / 22,847210,2019-09-06 19:34:12:953,0.537,-0.7057,9.7621,0.0001,-0.0161,9.8066,0.0228,-0.0104,0.0258,-21.37,-35.06,2.94,273.53,-81.99,-171.16
52.420048,-1.537253,163.77,9.96,3,44.06,22 / 22,847310,2019-09-06 19:34:13:053,-0.6219,-1.0459,9.0053,-0.006,-0.0138,9.8066,-0.0327,-0.0242,0.0553,-21.5,-35.31,2.81,274.63,-81.91,-169.93
52.420048,-1.537253,163.77,9.96,3,44.06,21 / 22,847409,2019-09-06 19:34:13:152,1.3196,0.2356,10.9617,-0.0132,-0.0239,9.8065,0.0439,-0.0464,-0.0481,-21.87,-35.19,3.19,276.18,-81.93,-168.68
52.420048,-1.537253,163.77,9.96,3,44.06,21 / 22,847510,2019-09-06 19:34:13:253,-3.6102,-0.3892,9.9689,-0.0393,0.0006,9.8065,0.0474,-0.159,-0.0076,-21.31,-35.12,3.75,281.06,-82.2,-166.91
52.420048,-1.537253,163.77,9.96,3,44.06,21 / 22,847609,2019-09-06 19:34:13:352,-2.8958,0.4067,10.4246,-0.0304,0.0042,9.8065,-0.0745,-0.1192,0.0908,-22.12,-35.12,3.06,279.09,-82.33,-166.5
52.420048,-1.537253,163.77,9.96,3,44.06,21 / 22,847709,2019-09-06 19:34:13:452,-1.2982,-0.8257,9.6613,0.0486,0.0152,9.8065,-0.1705,0.011,-0.0068,-21.06,-34.56,2.5,278.69,-82.52,-167
52.420048,-1.537253,163.77,9.96,3,44.06,21 / 22,847809,2019-09-06 19:34:13:552,-2.9798,-0.6868,9.9734,0.0454,0.0048,9.8065,-0.112,-0.0238,0.008,-21.44,-35.19,3.44,276.8,-82.35,-168.55
52.420048,-1.537253,163.77,9.96,3,44.06,21 / 22,847910,2019-09-06 19:34:13:653,-1.6359,-1.3764,10.1048,-0.0081,-0.0144,9.8066,-0.0394,0.008,0.0328,-21.37,-34.94,2.81,278.93,-82.48,-166.71
52.420048,-1.537253,163.77,9.96,3,44.06,21 / 22,848010,2019-09-06 19:34:13:753,-1.788,0.394,9.757,0.0004,-0.0028,9.8066,0.0494,-0.0404,0.0136,-22.06,-34.62,2.38,276.22,-82.42,-166.81
52.420048,-1.537253,163.77,9.96,3,44.06,21 / 22,848110,2019-09-06 19:34:13:853,-2.4663,0.5832,8.7514,-0.0058,-0.0112,9.8066,0.0123,-0.0644,-0.0321,-21.5,-35.19,2.5,279.12,-82.24,-166.11
52.420048,-1.537253,163.77,9.96,3,44.06,21 / 22,848210,2019-09-06 19:34:13:953,-1.4943,-0.5509,9.1868,-0.009,-0.0162,9.8065,0.0499,-0.0019,0.0712,-21.62,-35.31,3.44,280.71,-82.17,-164.66
52.420048,-1.537253,163.77,9.96,3,44.06,21 / 22,848310,2019-09-06 19:34:14:053,-1.4411,-1.3902,10.0811,-0.011,-0.0171,9.8066,-0.0367,-0.0712,0.0448,-22.19,-34.62,3.38,282.1,-82.18,-163.34
52.42059,-1.536263,165.36,8.96,3,61.71,21 / 21,848409,2019-09-06 19:34:14:152,-2.9798,-0.7499,10.3338,0.0136,0.002,9.8066,-0.0612,0.0144,-0.0017,-22.37,-35.19,3.19,283.9,-82.26,-161.75
52.42059,-1.536263,165.36,8.96,3,61.71,21 / 21,848509,2019-09-06 19:34:14:252,-2.591,-0.4539,9.2809,0.025,0.002,9.8066,0.1085,-0.0884,0.0361,-21.87,-34.81,3.06,283.57,-82.11,-161.81
52.42059,-1.536263,165.36,8.96,3,61.71,21 / 21,848610,2019-09-06 19:34:14:353,-2.2543,0.3764,10.156,-0.0193,-0.0132,9.8066,-0.0029,0.0091,-0.0889,-21.94,-35.25,3.19,284.33,-82.06,-161.02
52.42059,-1.536263,165.36,8.96,3,61.71,21 / 21,848709,2019-09-06 19:34:14:452,-0.8219,-0.6017,10.1652,-0.0496,-0.008,9.8065,-0.0954,-0.0313,0.0061,-21.62,-35,2.94,284.55,-82.18,-160.99
52.42059,-1.536263,165.36,8.96,3,61.71,21 / 21,848809,2019-09-06 19:34:14:552,-1.8291,-0.3695,9.9822,0.0174,0.0074,9.8066,-0.0473,-0.0124,-0.0804,-22,-35.06,3,285.58,-82.28,-160.18
52.42059,-1.536263,165.36,8.96,3,61.71,21 / 21,848909,2019-09-06 19:34:14:652,-2.0713,0.24,9.8903,0.0114,0.0209,9.8066,0.0322,-0.0737,0.0423,-22.06,-34.5,2.63,284.38,-82.36,-161.78
52.42059,-1.536263,165.36,8.96,3,61.71,21 / 21,849010,2019-09-06 19:34:14:753,-2.0682,-0.9773,10.0126,0.0025,-0.0113,9.8066,-0.0502,-0.0145,-0.012,-22.37,-35,2.63,284.48,-82.4,-161.42
52.42059,-1.536263,165.36,8.96,3,61.71,21 / 21,849110,2019-09-06 19:34:14:853,-1.6085,-1.7137,9.7569,-0.0087,-0.0035,9.8066,0.1391,0.0845,-0.0781,-22.5,-34.75,2.81,284,-82.42,-161.9
52.42059,-1.536263,165.36,8.96,3,61.71,21 / 21,849209,2019-09-06 19:34:14:952,-1.3562,-0.288,9.9724,-0.033,0.0118,9.8065,0.1078,-0.0496,0.0279,-22.75,-34,2.63,283.52,-82.51,-163
52.42059,-1.536263,165.36,8.96,3,61.71,21 / 21,849310,2019-09-06 19:34:15:053,-0.73,0.6222,10.415,-0.0356,-0.0055,9.8065,-0.0411,0.0061,0.0169,-23.56,-34.69,2.75,283.13,-82.49,-163.19
52.42059,-1.536263,165.36,8.96,3,61.71,20 / 20,849410,2019-09-06 19:34:15:153,-1.0818,0.6083,9.7147,0.0141,0.0023,9.8066,0.0233,0.0026,0.0542,-24.19,-34.06,3.38,283.3,-82.39,-163.19
52.42059,-1.536263,165.36,8.96,3,61.71,20 / 20,849509,2019-09-06 19:34:15:252,-1.1656,-0.341,10.0303,0.0221,-0.0162,9.8066,-0.038,0.0216,-0.0187,-24.56,-34.12,4.19,287.02,-82.32,-161.95
52.42059,-1.536263,165.36,8.96,3,61.71,20 / 20,849610,2019-09-06 19:34:15:353,-1.1154,1.2962,9.7136,-0.0115,0.0185,9.8066,0.0264,0.048,-0.0674,-23.56,-33.25,5.13,289.86,-82.39,-162.02
52.42059,-1.536263,165.36,8.96,3,61.71,20 / 20,849710,2019-09-06 19:34:15:453,-0.2319,0.5089,10.1708,-0.0075,0.0138,9.8066,-0.0524,0.0686,0.0078,-21.25,-32.25,5.5,291.93,-82.54,-163.61
52.42059,-1.536263,165.36,8.96,3,61.71,20 / 20,849809,2019-09-06 19:34:15:552,-1.9167,0.9638,10.0467,0.0177,-0.0131,9.8065,0.0297,0.0634,0.0512,-20.56,-32.5,4.63,289.68,-82.44,-162.89
52.42059,-1.536263,165.36,8.96,3,61.71,20 / 20,849910,2019-09-06 19:34:15:653,-1.2755,-1.5926,9.6293,0.0078,-0.0247,9.8066,0.0142,0.0105,0.0084,-19.37,-32.75,4,288.07,-82.27,-161
52.42059,-1.536263,165.36,8.96,3,61.71,20 / 20,850010,2019-09-06 19:34:15:753,0.4973,-0.6768,9.6074,0.0064,-0.0085,9.8066,-0.0174,0.0462,-0.0201,-19.75,-32.87,1.94,282.93,-81.95,-159.58
52.42059,-1.536263,165.36,8.96,3,61.71,20 / 20,850109,2019-09-06 19:34:15:852,0.0557,-0.0261,9.6908,-0.0063,-0.0065,9.8066,0.0705,-0.0295,0.0276,-20.25,-33.75,1.94,282.84,-81.93,-159.24
52.42059,-1.536263,165.36,8.96,3,61.71,20 / 20,850210,2019-09-06 19:34:15:953,0.2358,0.1174,10.052,0.0022,-0.0123,9.8066,0.0457,-0.0075,-0.0084,-21,-33.94,1.75,283.81,-81.98,-158.78
52.42059,-1.536263,165.36,8.96,3,61.71,20 / 20,850310,2019-09-06 19:34:16:053,0.1717,-0.5067,10.3318,0.0259,-0.0069,9.8065,-0.1618,-0.0311,-0.021,-22.81,-34.19,2.56,288.89,-81.91,-157.01
52.42059,-1.536263,165.36,8.96,3,61.71,20 / 20,850409,2019-09-06 19:34:16:152,0.3581,-0.648,9.3937,0.034,-0.01,9.8066,-0.01,-0.0804,0.0468,-21.81,-34.56,2.5,289.61,-81.95,-155.87
52.42059,-1.536263,165.36,8.96,3,61.71,20 / 20,850510,2019-09-06 19:34:16:253,-0.1521,-0.8913,9.7386,-0.0318,-0.0098,9.8065,-0.0469,-0.0746,-0.0162,-21.81,-33.87,3.19,291.33,-81.93,-154.59
52.42059,-1.536263,165.36,8.96,3,61.71,20 / 20,850610,2019-09-06 19:34:16:353,0.2526,-1.3451,9.6375,-0.0065,0.007,9.8066,-0.0315,-0.075,-0.0411,-22.25,-34.25,3.38,291.79,-82.01,-154.28
52.42059,-1.536263,165.36,8.96,3,61.71,20 / 20,850709,2019-09-06 19:34:16:452,-0.1565,-0.2123,9.6408,-0.0111,0.0133,9.8066,0.0195,-0.1335,0.0072,-21.81,-33.44,4.25,294.33,-82.1,-155.03
52.42059,-1.536263,165.36,8.96,3,61.71,20 / 20,850809,2019-09-06 19:34:16:552,0.9404,-1.2147,10.3141,0.0126,0.0031,9.8066,-0.0446,-0.2226,0.0294,-22.87,-32.75,4.44,294.06,-82.09,-155.29
52.42059,-1.536263,165.36,8.96,3,61.71,20 / 20,850910,2019-09-06 19:34:16:653,-0.8768,-0.8247,9.9429,0.0045,-0.0206,9.8065,-0.0743,-0.0962,-0.061,-23.5,-33.31,4.19,294.79,-82.08,-154.59
52.42059,-1.536263,165.36,8.96,3,61.71,20 / 20,851010,2019-09-06 19:34:16:753,1.0078,-0.7143,10.2774,0.0038,0.0121,9.8065,0.1671,-0.1673,-0.0122,-22.69,-33.44,4.56,296.7,-82.06,-155.31
52.42059,-1.536263,165.36,8.96,3,61.71,20 / 20,851110,2019-09-06 19:34:16:853,0.395,-1.0906,9.8289,-0.0053,0.0014,9.8065,0.1342,-0.1367,-0.1104,-22.87,-33.81,5.25,295.32,-81.98,-156.15
52.42059,-1.536263,165.36,8.96,3,61.71,20 / 20,851210,2019-09-06 19:34:16:953,1.0849,1.0822,9.9665,-0.022,0.0264,9.8065,-0.1521,-0.2335,0.091,-22.19,-34.44,5.25,293.41,-82.01,-158.01
52.42059,-1.536263,165.36,8.96,3,61.71,20 / 20,851310,2019-09-06 19:34:17:053,0.6804,-0.6726,10.0774,0.0518,0.0018,9.8065,-0.1037,-0.114,-0.0189,-22.25,-34.25,5.13,291.43,-81.66,-159.32
52.42059,-1.536263,165.36,8.96,3,61.71,20 / 20,851410,2019-09-06 19:34:17:153,1.4136,-0.4467,9.8336,0.0526,0.0181,9.8065,0.1192,-0.0607,-0.0501,-22.19,-34.31,5.63,292.55,-81.65,-160.84
52.42059,-1.536263,165.36,8.96,3,61.71,20 / 20,851510,2019-09-06 19:34:17:253,-0.2342,0.3963,9.9435,-0.0377,0.0266,9.8065,0.0061,-0.0854,-0.0247,-21.69,-34.12,6.81,294.21,-81.87,-162.18
52.42059,-1.536263,165.36,8.96,3,61.71,20 / 20,851610,2019-09-06 19:34:17:353,1.7001,0.2818,9.6947,-0.0386,0.0077,9.8065,0.0901,-0.067,-0.0216,-21.37,-33.81,6,290.14,-81.88,-163.6
52.42059,-1.536263,165.36,8.96,3,61.71,20 / 20,851710,2019-09-06 19:34:17:453,0.6673,0.808,9.845,0.0106,-0.0167,9.8065,-0.0251,0.0077,-0.1162,-21.25,-34.19,6.06,290.17,-81.77,-163.4
52.42059,-1.536263,165.36,8.96,3,61.71,20 / 20,851810,2019-09-06 19:34:17:553,0.8521,0.011,10.0071,-0.008,0.0119,9.8066,-0.0311,0.0232,0.1719,-21.87,-34.25,6.31,290.68,-81.79,-162.78
52.42059,-1.536263,165.36,8.96,3,61.71,20 / 20,851910,2019-09-06 19:34:17:653,0.1103,0.5834,9.6781,-0.002,-0.0145,9.8065,-0.089,0.0188,0.0878,-21.94,-33.81,5.81,290.38,-81.9,-163.22
52.42059,-1.536263,165.36,8.96,3,61.71,20 / 20,852009,2019-09-06 19:34:17:752,0.1637,-0.5995,10.1971,-0.0234,-0.0106,9.8065,-0.0845,0.0393,-0.154,-22.44,-33.06,5.94,292.67,-82.03,-161.63
52.42059,-1.536263,165.36,8.96,3,61.71,20 / 20,852110,2019-09-06 19:34:17:853,0.6939,-0.4284,9.8483,-0.0079,0.0129,9.8066,-0.0047,-0.0457,-0.0238,-23.37,-32.37,6.38,293.01,-82.26,-161.73
52.42059,-1.536263,165.36,8.96,3,61.71,20 / 20,852212,2019-09-06 19:34:17:955,1.379,0.1011,9.8868,-0.005,0.0231,9.8066,-0.0898,0.005,0.0272,-23.19,-30.62,7.06,295.97,-82.5,-162
52.42059,-1.536263,165.36,8.96,3,61.71,20 / 20,852310,2019-09-06 19:34:18:053,1.2804,0.433,10.914,0.0276,0.0183,9.8065,-0.114,0,-0.0425,-21.56,-29.56,7.69,297.84,-82.72,-163.64
52.42059,-1.536263,165.36,8.96,3,61.71,20 / 20,852409,2019-09-06 19:34:18:152,0.0617,0.88,10.6136,-0.0056,0.0067,9.8065,0.1616,-0.0326,-0.0573,-19.25,-29.06,6.75,293.61,-82.47,-166.46
52.42059,-1.536263,165.36,8.96,3,61.71,20 / 20,852510,2019-09-06 19:34:18:253,-0.5067,0.1489,10.1902,0.0054,0.0021,9.8066,0.1505,0.0037,0.0245,-19.81,-29.31,4.81,285.67,-82.18,-167.51
52.42059,-1.536263,165.36,8.96,3,61.71,20 / 20,852609,2019-09-06 19:34:18:352,0.8669,0.0445,10.5431,0.0132,0.0027,9.8065,0.0494,-0.0635,0.0053,-20.69,-29.62,4.06,280.66,-81.74,-168.46
52.42059,-1.536263,165.36,8.96,3,61.71,20 / 20,852709,2019-09-06 19:34:18:452,-0.0947,0.5406,9.5849,0.0344,0.0014,9.8065,0.0068,-0.0528,-0.0568,-22.62,-31,5.13,283.21,-81.23,-167.51
52.42059,-1.536263,165.36,8.96,3,61.71,20 / 20,852810,2019-09-06 19:34:18:553,2.3955,-0.0776,9.5219,-0.0232,-0.0002,9.8065,-0.178,0.0628,0.0398,-22.31,-31.87,5.75,286.2,-81.53,-167.32
52.42059,-1.536263,165.36,8.96,3,61.71,20 / 20,852909,2019-09-06 19:34:18:652,-0.0788,1.0126,9.6349,-0.0199,-0.0125,9.8066,-0.1213,0.0028,0.0033,-22.5,-32.75,5.56,286.96,-81.95,-166.85
52.42059,-1.536263,165.36,8.96,3,61.71,20 / 20,853010,2019-09-06 19:34:18:753,1.0133,0.3418,9.621,-0.0294,0.0091,9.8066,-0.0237,0.027,0.0169,-23.12,-33.31,5.56,288.86,-82.32,-165.4
52.42059,-1.536263,165.36,8.96,3,61.71,20 / 20,853109,2019-09-06 19:34:18:852,1.2737,0.4302,10.2671,0.0052,-0.0025,9.8066,0.0048,0.0626,0.0282,-22.75,-33.37,6.31,289.37,-82.36,-164.98
52.42059,-1.536263,165.36,8.96,3,61.71,20 / 20,853210,2019-09-06 19:34:18:953,1.0404,-0.2182,10.4161,-0.0138,-0.0105,9.8066,-0.0341,0.084,-0.0129,-22.37,-33.31,6.06,290.21,-82.37,-164.41
52.42059,-1.536263,165.36,8.96,3,61.71,20 / 20,853310,2019-09-06 19:34:19:053,0.3879,0.8758,9.4377,0.0264,-0.0138,9.8065,-0.0353,-0.0985,0.0225,-22.69,-33,5.88,290.99,-82.35,-163.44
52.42059,-1.536263,165.36,8.96,3,61.71,20 / 20,853409,2019-09-06 19:34:19:152,0.8353,0.166,9.7101,-0.001,0.0056,9.8066,-0.0675,-0.0186,0.0629,-22.69,-34.62,6.31,290.78,-82.26,-162.9
52.42059,-1.536263,165.36,8.96,3,61.71,20 / 20,853510,2019-09-06 19:34:19:253,0.6272,1.0896,9.3588,-0.0126,-0.0122,9.8066,-0.1006,0.0454,-0.0405,-21.31,-34.25,5.5,293.18,-82.56,-161.84
52.42059,-1.536263,165.36,8.96,3,61.71,20 / 20,853609,2019-09-06 19:34:19:352,0.1229,0.3353,10.3271,-0.0008,0.0133,9.8066,0.0233,0.066,0.0314,-21.75,-34.56,4.81,289.64,-82.6,-162.09
52.42059,-1.536263,165.36,8.96,3,61.71,20 / 20,853709,2019-09-06 19:34:19:452,0.4984,0.289,10.0913,0.0463,-0.001,9.8065,-0.0071,0.0403,0.0008,-22.37,-34.5,4.31,285.88,-82.48,-163.18
52.42059,-1.536263,165.36,8.96,3,61.71,20 / 20,853810,2019-09-06 19:34:19:553,0.5218,1.2283,9.8566,0.0186,0.0065,9.8065,-0.0228,0.038,-0.0096,-23.94,-35.44,3.94,285.11,-82.51,-163.72
52.42059,-1.536263,165.36,8.96,3,61.71,20 / 20,853910,2019-09-06 19:34:19:653,-1.208,0.7702,9.8365,0.0095,0.0066,9.8066,-0.045,0.0369,0.0446,-23.87,-35,4.88,287.03,-82.59,-164.39
52.42059,-1.536263,165.36,8.96,3,61.71,20 / 20,854010,2019-09-06 19:34:19:753,0.6124,-1.1169,9.4757,0.0314,-0.0211,9.8065,0.0758,0.0628,-0.0193,-23.75,-35.25,5.5,289.87,-82.44,-163.85
52.42059,-1.536263,165.36,8.96,3,61.71,20 / 20,854110,2019-09-06 19:34:19:853,0.5643,-0.8492,9.7974,0.0386,-0.0037,9.8066,0.0079,-0.0027,0.0068,-23.12,-35.19,6.63,292.6,-82.23,-163.6
52.42059,-1.536263,165.36,8.96,3,61.71,20 / 20,854209,2019-09-06 19:34:19:952,1.1062,2.955,11.3006,0.0177,0.013,9.8065,0.0986,-0.2236,0.2472,-22.25,-34.69,6.19,289.64,-82.42,-164.38
52.42059,-1.536263,165.36,8.96,3,61.71,20 / 20,854310,2019-09-06 19:34:20:053,-3.3392,0.3472,9.4876,0.0796,-0.0248,9.8062,-0.1731,0.0479,-0.155,-22.06,-35.25,6.31,290.66,-82.05,-162.86
52.42059,-1.536263,165.36,8.96,3,61.71,22 / 22,854409,2019-09-06 19:34:20:152,-2.6719,-1.0737,9.0885,0.0596,0.014,9.8064,0.1218,0.1026,0.067,-21.75,-34.81,6.13,289.31,-82.03,-164.08
52.42059,-1.536263,165.36,8.96,3,61.71,22 / 22,854510,2019-09-06 19:34:20:253,-0.8367,1.2922,9.3157,-0.0391,-0.0189,9.8065,-0.1737,0.0452,-0.0311,-21.81,-35,5.88,288.09,-82.02,-165.2
52.42059,-1.536263,165.36,8.96,3,61.71,22 / 22,854609,2019-09-06 19:34:20:352,-0.9084,0.7033,9.294,-0.0198,0.0068,9.8066,0.1997,-0.0624,-0.0195,-21.56,-34.75,5.38,286.58,-82.15,-164.25
52.42059,-1.536263,165.36,8.96,3,61.71,22 / 22,854709,2019-09-06 19:34:20:452,0.8835,0.3117,10.7387,-0.0659,0.0101,9.8063,0.294,-0.0116,-0.0503,-21.5,-35.44,5.19,286.19,-82.5,-165.25
52.42059,-1.536263,165.36,8.96,3,61.71,22 / 22,854809,2019-09-06 19:34:20:552,0.2438,0.6914,10.6816,-0.085,0.0071,9.8063,-0.0842,0.0429,0.001,-21.56,-34.94,4.81,285.84,-82.62,-165.7
52.42059,-1.536263,165.36,8.96,3,61.71,22 / 22,854909,2019-09-06 19:34:20:652,0.5509,0.7686,10.7111,0.0583,0.0001,9.8065,-0.0419,0.0134,0.0347,-21,-35.06,4.63,284.09,-82.26,-166.85
52.42059,-1.536263,165.36,8.96,3,61.71,22 / 22,855009,2019-09-06 19:34:20:752,0.482,-0.9018,9.2692,0.0334,-0.007,9.8066,-0.1837,0.0512,-0.007,-20.69,-34.81,4.88,284.9,-82.25,-166.06
52.42059,-1.536263,165.36,8.96,3,61.71,22 / 22,855110,2019-09-06 19:34:20:853,0.0741,-0.2547,9.4595,0.0424,-0.016,9.8065,-0.2276,-0.0378,0.0728,-20.25,-35.12,5.31,285,-82.31,-166.12
52.42059,-1.536263,165.36,8.96,3,61.71,22 / 22,855210,2019-09-06 19:34:20:953,-1.0098,-0.1026,9.3974,0.038,-0.0192,9.8065,-0.3001,-0.0604,-0.0161,-20.44,-35.44,5.13,286.03,-81.93,-164.5
52.42059,-1.536263,165.36,8.96,3,61.71,22 / 22,855310,2019-09-06 19:34:21:053,0.7783,0.0462,9.0494,-0.0582,0.0145,9.8064,0.0429,-0.0675,0.0307,-20.62,-34.87,5.88,291.06,-82.46,-163.31
52.42059,-1.536263,165.36,8.96,3,61.71,20 / 21,855410,2019-09-06 19:34:21:153,0.6564,-1.1304,9.7443,-0.0458,-0.0037,9.8065,-0.0572,0.0937,-0.0023,-21.06,-35.19,5.81,291.87,-82.61,-162.8
52.42059,-1.536263,165.36,8.96,3,61.71,20 / 21,855510,2019-09-06 19:34:21:253,0.1616,0.96,9.832,0.0209,0.0024,9.8066,-0.0516,0.044,0.0594,-20.75,-34.87,5.13,289.66,-82.91,-162.66
52.42059,-1.536263,165.36,8.96,3,61.71,20 / 21,855610,2019-09-06 19:34:21:353,-1.2059,0.5453,10.0949,0.0311,-0.0099,9.8065,0.045,-0.126,0.0287,-21.44,-34.75,4.94,289.5,-82.8,-162.62
52.42059,-1.536263,165.36,8.96,3,61.71,20 / 21,855710,2019-09-06 19:34:21:453,-0.4163,0.9639,9.8288,-0.0013,-0.0028,9.8066,-0.025,-0.0241,-0.0997,-21.62,-34.94,5.13,290.61,-82.71,-161.34
52.42059,-1.536263,165.36,8.96,3,61.71,20 / 21,855810,2019-09-06 19:34:21:553,0.8259,0.6877,10.2707,0.0139,0.0242,9.8066,-0.0829,-0.1178,0.0467,-20.94,-34.31,5.63,292.47,-82.71,-162.72
52.42059,-1.536263,165.36,8.96,3,61.71,20 / 21,855909,2019-09-06 19:34:21:652,0.3939,1.6863,9.3398,0.0364,0.0146,9.8065,-0.0961,0.081,-0.0135,-21.19,-34.5,5,288.24,-82.6,-163.82
52.42059,-1.536263,165.36,8.96,3,61.71,20 / 21,856009,2019-09-06 19:34:21:752,-0.9161,-0.3828,9.1735,0.054,0.0009,9.8064,-0.0564,0.0448,-0.1108,-21.06,-35.56,5.31,286.58,-82.68,-164.85
52.42059,-1.536263,165.36,8.96,3,61.71,20 / 21,856110,2019-09-06 19:34:21:853,-0.6318,0.4576,8.1634,-0.0511,-0.0003,9.8065,-0.1327,-0.0223,0.0017,-20.81,-35,4.69,287.22,-82.84,-164.83
52.42059,-1.536263,165.36,8.96,3,61.71,20 / 21,856209,2019-09-06 19:34:21:952,0.5823,-0.7859,11.5528,-0.086,-0.0192,9.8062,0.4738,0.0511,0.0331,-21.81,-35.5,5.5,292.91,-83.23,-162.56
52.42059,-1.536263,165.36,8.96,3,61.71,20 / 21,856310,2019-09-06 19:34:22:053,-3.6243,0.6092,8.2498,-0.0127,-0.0083,9.8066,0.6303,-0.0444,0.0748,-21,-34.87,4.81,290.29,-83.24,-162.6
52.42059,-1.536263,165.36,8.96,3,61.71,21 / 21,856410,2019-09-06 19:34:22:153,0.1581,0.3176,10.7155,-0.1264,-0.0181,9.8058,-0.3727,-0.0543,0.1222,-22.25,-34.75,4.5,293.47,-83.45,-159.8
52.42059,-1.536263,165.36,8.96,3,61.71,21 / 21,856509,2019-09-06 19:34:22:252,-2.1215,0.0954,10.3243,0.0881,0.0012,9.8062,-0.1998,-0.0777,-0.0793,-21.37,-34.44,4.5,290.27,-82.77,-162.18
52.42059,-1.536263,165.36,8.96,3,61.71,21 / 21,856610,2019-09-06 19:34:22:353,-2.5403,0.5726,9.4128,0.0983,0.0205,9.8061,0.2494,-0.0142,-0.0622,-21.31,-34.75,4.44,284.21,-82.48,-164.36
52.42059,-1.536263,165.36,8.96,3,61.71,21 / 21,856709,2019-09-06 19:34:22:452,-1.7934,-0.2746,10.1927,-0.0546,0.021,9.8065,0.1338,0.0001,-0.0456,-21.5,-34.12,4.88,285.56,-82.37,-165.98
52.42059,-1.536263,165.36,8.96,3,61.71,21 / 21,856810,2019-09-06 19:34:22:553,-2.0556,1.2446,9.1449,0.0229,0.0262,9.8066,0.0313,-0.0513,-0.0165,-21.44,-33.75,4.44,280.3,-82.69,-168.83
52.42059,-1.536263,165.36,8.96,3,61.71,21 / 21,856910,2019-09-06 19:34:22:653,-2.382,1.487,9.0557,-0.054,0.0217,9.8064,0.1677,-0.0372,-0.0746,-22.5,-33.12,4.94,282.27,-83.12,-170.53
52.42059,-1.536263,165.36,8.96,3,61.71,21 / 21,857010,2019-09-06 19:34:22:753,-0.064,-1.1759,9.7456,-0.1242,0.0071,9.8058,-0.2569,-0.0629,0.049,-22.06,-32.44,4.44,280.22,-83.62,-170.96
52.42059,-1.536263,165.36,8.96,3,61.71,21 / 21,857109,2019-09-06 19:34:22:852,-1.6689,1.1998,9.4713,0.0953,0.0005,9.8061,-0.2966,-0.0509,-0.0257,-22,-32.87,4.88,278,-83.48,-175.22
52.42059,-1.536263,165.36,8.96,3,61.71,21 / 21,857210,2019-09-06 19:34:22:953,-1.2818,0.1198,10.6865,-0.1119,-0.0004,9.8059,0.056,0.242,-0.0294,-21.31,-33.31,4.56,277.79,-83.17,-175.09
52.42059,-1.536263,165.36,8.96,3,61.71,21 / 21,857310,2019-09-06 19:34:23:053,-2.0475,2.3919,11.0576,0.0395,-0.0021,9.8065,-0.2136,0.0786,0.2125,-21.94,-33.37,5.25,278.4,-83.26,-174.49
52.42088,-1.535213,166.35,9.59,3,66.74,20 / 20,857409,2019-09-06 19:34:23:152,-0.7798,0.959,10.1662,0.0876,-0.0197,9.8062,0.3762,-0.082,0.0923,-22.12,-33.81,5.44,278.58,-82.63,-173.04
52.42088,-1.535213,166.35,9.59,3,66.74,20 / 20,857510,2019-09-06 19:34:23:253,-0.9548,0.1696,9.9203,-0.0662,-0.0278,9.8063,0.258,-0.0915,-0.0968,-22,-34.31,4.75,282.4,-82.9,-169.75
52.42088,-1.535213,166.35,9.59,3,66.74,20 / 20,857609,2019-09-06 19:34:23:352,-2.2778,-0.1512,9.935,-0.1277,-0.005,9.8058,-0.1376,0.0513,0.1209,-22.19,-34.69,4.25,281.27,-83.23,-168.46
52.42088,-1.535213,166.35,9.59,3,66.74,20 / 20,857710,2019-09-06 19:34:23:453,-2.8402,-0.3678,10.3804,0.0269,-0.0018,9.8066,-0.0267,0.0216,0.0119,-21.5,-34.37,3.63,282.16,-83.38,-168.15
52.42088,-1.535213,166.35,9.59,3,66.74,20 / 20,857810,2019-09-06 19:34:23:553,-1.3834,-0.4348,9.6453,-0.0234,0.0087,9.8066,-0.1868,0.1308,-0.1126,-21.06,-35.06,3.69,282.66,-83.73,-167.94
52.42088,-1.535213,166.35,9.59,3,66.74,20 / 20,857910,2019-09-06 19:34:23:653,-1.8319,0.9589,10.2536,0.0434,0.0255,9.8065,-0.0716,-0.0162,0.0663,-21.87,-34.12,3.31,279.16,-83.78,-169.08
52.42088,-1.535213,166.35,9.59,3,66.74,20 / 20,858009,2019-09-06 19:34:23:752,-3.6748,-0.6162,10.1378,0.0705,-0.0061,9.8063,0.0092,0.0682,-0.0099,-21.31,-34.81,3.06,276.96,-83.47,-170.32
52.42088,-1.535213,166.35,9.59,3,66.74,20 / 20,858109,2019-09-06 19:34:23:852,-1.8016,1.3568,10.031,-0.0249,-0.0152,9.8066,0.0346,0.0465,-0.0124,-21.75,-34.31,3.75,281.37,-83.64,-169.3
52.42088,-1.535213,166.35,9.59,3,66.74,20 / 20,858210,2019-09-06 19:34:23:953,-2.1703,0.2938,9.7488,-0.0142,-0.0102,9.8065,0.0665,0.0057,0.082,-21.69,-33,3.69,282.47,-83.52,-168.34
52.42088,-1.535213,166.35,9.59,3,66.74,20 / 20,858309,2019-09-06 19:34:24:052,-1.4484,-0.0171,10.8178,0.0405,-0.0136,9.8065,0.101,0.0298,0.0268,-22.75,-33.12,4.44,284.11,-83.16,-166.2
52.42088,-1.535213,166.35,9.59,3,66.74,21 / 21,858410,2019-09-06 19:34:24:153,-1.3704,-0.098,9.9451,0.0101,-0.0067,9.8066,-0.1198,0.0234,0.0043,-22,-33.62,5.06,286.77,-83.15,-165.94
52.42088,-1.535213,166.35,9.59,3,66.74,21 / 21,858509,2019-09-06 19:34:24:252,-1.1761,0.2575,9.5886,0.0259,-0.0066,9.8066,-0.1101,-0.0063,0.0137,-21.81,-33.81,5.19,287.05,-83.02,-165.49
52.42088,-1.535213,166.35,9.59,3,66.74,21 / 21,858610,2019-09-06 19:34:24:353,-0.0343,0.1013,10.1381,0.035,-0.0081,9.8065,0.215,-0.0471,-0.0008,-21.62,-34.12,5.06,286.16,-82.61,-165.7
52.42088,-1.535213,166.35,9.59,3,66.74,21 / 21,858710,2019-09-06 19:34:24:453,0.9284,-0.3292,8.5185,-0.0329,0.0085,9.8066,0.125,-0.0241,-0.0222,-21.25,-34.5,4.81,285.61,-82.62,-166.33
52.42088,-1.535213,166.35,9.59,3,66.74,21 / 21,858810,2019-09-06 19:34:24:553,0.8741,-0.7888,9.7621,-0.0056,0.017,9.8066,-0.189,-0.0156,-0.1068,-22.31,-34.56,5.06,283.96,-82.67,-167.58
52.42088,-1.535213,166.35,9.59,3,66.74,21 / 21,858909,2019-09-06 19:34:24:652,-0.1146,-0.6521,9.3872,-0.0126,0.0186,9.8066,-0.1312,-0.0907,-0.0161,-22.87,-34,4,279.8,-83.09,-169.98
52.42088,-1.535213,166.35,9.59,3,66.74,21 / 21,859009,2019-09-06 19:34:24:752,-0.7465,0.6419,9.9869,-0.0095,0.0134,9.8066,0.0724,-0.1053,0.0462,-24.31,-33.75,3.44,277.82,-83.45,-170.05
52.42088,-1.535213,166.35,9.59,3,66.74,21 / 21,859109,2019-09-06 19:34:24:852,0.0164,-0.9166,10.0017,-0.0334,0.0008,9.8066,0.0296,-0.0613,-0.0485,-25.81,-33,3.38,279.12,-83.58,-169.36
52.42088,-1.535213,166.35,9.59,3,66.74,21 / 21,859210,2019-09-06 19:34:24:953,-0.0995,0.4345,10.5931,-0.0121,0.0137,9.8065,0.0984,-0.0412,0.0146,-23.69,-31.87,2.81,278.09,-83.69,-170.65
52.42088,-1.535213,166.35,9.59,3,66.74,21 / 21,859310,2019-09-06 19:34:25:053,0.0897,1.1554,10.1207,0.0171,0.0085,9.8066,0.0799,0.0395,-0.04,-22,-31.56,5,281.82,-83.35,-171.59
52.42088,-1.535213,166.35,9.59,3,66.74,21 / 21,859410,2019-09-06 19:34:25:153,-0.5132,0.2889,10.6936,0.0209,-0.0029,9.8066,0.1078,-0.0835,0.101,-21.69,-32.31,5,280.75,-83.07,-172.24
52.42088,-1.535213,166.35,9.59,3,66.74,21 / 21,859509,2019-09-06 19:34:25:252,0.2934,2.158,10.3024,-0.0204,-0.0018,9.8065,0.1427,0.0524,-0.1059,-20.5,-33.12,4.88,281.81,-82.81,-170.74
52.42088,-1.535213,166.35,9.59,3,66.74,21 / 21,859610,2019-09-06 19:34:25:353,0.533,-0.8412,10.1181,0.061,0.0104,9.8064,-0.0487,0.0557,-0.0407,-20.37,-33.5,4.06,278.24,-82.64,-171.08
52.42088,-1.535213,166.35,9.59,3,66.74,21 / 21,859709,2019-09-06 19:34:25:452,1.7046,-0.174,10.1495,0.0377,0.0146,9.8065,0.0303,-0.1079,0.0329,-19.62,-34.25,3.31,274.06,-82.69,-172.01
52.42088,-1.535213,166.35,9.59,3,66.74,21 / 21,859810,2019-09-06 19:34:25:553,-0.181,-0.709,9.748,-0.0066,0.0088,9.8066,-0.2758,-0.0349,-0.0487,-18.81,-35.19,3.75,275.24,-82.76,-173.42
52.42088,-1.535213,166.35,9.59,3,66.74,21 / 21,859910,2019-09-06 19:34:25:653,1.4784,-0.4621,9.894,0.0319,0.0244,9.8065,-0.1171,0.0597,0.0822,-19.37,-35.37,3.31,270.2,-83.07,-176
52.42088,-1.535213,166.35,9.59,3,66.74,21 / 21,860010,2019-09-06 19:34:25:753,-0.7934,0.9379,9.784,-0.0299,-0.0128,9.8065,-0.0155,-0.057,0.035,-18.69,-35.37,3.63,273.84,-83.26,-175.76
52.42088,-1.535213,166.35,9.59,3,66.74,21 / 21,860109,2019-09-06 19:34:25:852,0.2807,-0.1915,10.0971,0.0206,-0.006,9.8066,-0.0084,0.0033,-0.071,-19.75,-35.69,4.19,274.96,-83.34,-174.46
52.42088,-1.535213,166.35,9.59,3,66.74,21 / 21,860210,2019-09-06 19:34:25:953,0.5301,0.3653,10.2705,0.0082,0.0146,9.8066,0.1276,-0.0805,0.1176,-19.44,-35.81,4,273.95,-83.16,-175.09
52.42088,-1.535213,166.35,9.59,3,66.74,21 / 21,860311,2019-09-06 19:34:26:054,0.8457,0.5061,9.6342,0.0114,-0.0135,9.8066,0.0323,-0.1102,-0.0358,-20.12,-35.5,4.94,277.05,-82.9,-174.81
52.42088,-1.535213,166.35,9.59,3,66.74,21 / 21,860410,2019-09-06 19:34:26:153,-1.1067,0.9716,10.2133,-0.045,0.024,9.8065,0.1395,0.0597,0.0683,-20.25,-35.87,4.75,276.15,-82.88,-175.31
52.42088,-1.535213,166.35,9.59,3,66.74,21 / 21,860509,2019-09-06 19:34:26:252,1.5042,0.6967,9.1971,0.0012,0.0012,9.8066,0.0871,0.0166,0.0592,-20.19,-35,4.5,275.33,-82.93,-176.56
52.42088,-1.535213,166.35,9.59,3,66.74,21 / 21,860610,2019-09-06 19:34:26:353,1.1393,0.7416,8.2561,0.0028,-0.016,9.8066,-0.182,0.0143,-0.0014,-22.12,-35.75,3.88,273.56,-82.9,-175.17
52.42088,-1.535213,166.35,9.59,3,66.74,21 / 21,860709,2019-09-06 19:34:26:452,-0.13,0.6696,9.5113,0.0058,-0.0081,9.8066,-0.2541,0.0087,0.0975,-22.81,-35.69,4,275.95,-82.92,-172.88
52.42088,-1.535213,166.35,9.59,3,66.74,21 / 21,860810,2019-09-06 19:34:26:553,-1.1849,-0.3263,9.3812,0.0283,0.0078,9.8066,-0.0516,0.0771,-0.1215,-23.25,-35.75,4.56,279.14,-83.09,-172.51
52.42088,-1.535213,166.35,9.59,3,66.74,21 / 21,860909,2019-09-06 19:34:26:652,-1.733,1.7627,9.3044,-0.0591,0.0154,9.8064,-0.0769,0.0563,-0.0172,-24.31,-35,5.19,278.15,-83.71,-174.6
52.42088,-1.535213,166.35,9.59,3,66.74,21 / 21,861010,2019-09-06 19:34:26:753,-0.6624,0.4342,9.6895,-0.0332,-0.0118,9.8065,0.1936,0.0001,0.0601,-23.56,-33.56,6.69,283.8,-83.7,-174
52.42088,-1.535213,166.35,9.59,3,66.74,21 / 21,861109,2019-09-06 19:34:26:852,0.6329,-0.6971,10.9656,0.0224,-0.0177,9.8066,0.2267,-0.0077,-0.009,-23.81,-33.75,6.81,285.57,-83.35,-171.82
52.42088,-1.535213,166.35,9.59,3,66.74,21 / 21,861209,2019-09-06 19:34:26:952,0.4225,-0.7802,9.9261,-0.0066,0.0111,9.8066,0.1862,-0.0539,-0.0179,-21.56,-33.31,7.25,285.79,-83.01,-172.05
52.42088,-1.535213,166.35,9.59,3,66.74,21 / 21,861310,2019-09-06 19:34:27:053,-0.2673,1.7675,9.6652,0.0253,0.0211,9.8065,-0.0781,-0.055,0.011,-21.5,-33.87,6.75,282.93,-82.93,-174.71
52.42088,-1.535213,166.35,9.59,3,66.74,20 / 20,861409,2019-09-06 19:34:27:152,0.2185,0.3585,11.334,-0.0095,0.0084,9.8066,-0.2013,-0.0326,0.0423,-21.62,-33.37,6.19,280.31,-83.08,-174.92
52.42088,-1.535213,166.35,9.59,3,66.74,20 / 20,861510,2019-09-06 19:34:27:253,-2.7687,-0.4451,10.2765,0.0389,0.0021,9.8065,-0.3247,-0.032,-0.0096,-21,-33.94,5.56,280.34,-83.18,-174.98
52.42088,-1.535213,166.35,9.59,3,66.74,20 / 20,861609,2019-09-06 19:34:27:352,-2.3547,1.6836,9.3051,-0.0434,0.0262,9.8064,0.2567,-0.0687,0.0267,-22,-34,4.81,275.72,-83.1,-176.58
52.42088,-1.535213,166.35,9.59,3,66.74,20 / 20,861709,2019-09-06 19:34:27:452,-3.051,0.0304,8.6644,-0.0353,0.0013,9.8065,0.1953,-0.0452,-0.0679,-20.81,-33.81,5.56,276.62,-82.96,-178.26
52.42088,-1.535213,166.35,9.59,3,66.74,20 / 20,861809,2019-09-06 19:34:27:552,-0.3237,-0.0324,10.0867,-0.0672,0.0032,9.8063,0.0933,-0.1192,-0.0085,-20.19,-34.62,6.44,276.49,-83.1,-178.54
52.42088,-1.535213,166.35,9.59,3,66.74,20 / 20,861909,2019-09-06 19:34:27:652,-2.3588,0.8691,11.1041,-0.0036,0.0004,9.8066,0.0513,0.0209,-0.0784,-20.44,-34,5.69,276.55,-83.13,-178.87
52.42088,-1.535213,166.35,9.59,3,66.74,20 / 20,862009,2019-09-06 19:34:27:752,-2.8167,-0.9385,11.1743,-0.037,0.0181,9.8065,0.0072,0.1066,-0.031,-19.69,-34.19,5.19,273.02,-83.37,-179.95
52.42088,-1.535213,166.35,9.59,3,66.74,20 / 20,862110,2019-09-06 19:34:27:853,-1.6546,0.5352,9.8719,0.0107,0.0247,9.8066,0.0855,0.009,0.0427,-20.12,-34.87,4.81,270.14,-83.15,177.88
52.42088,-1.535213,166.35,9.59,3,66.74,20 / 20,862210,2019-09-06 19:34:27:953,-0.5308,0.3324,8.9829,0.0162,-0.0129,9.8065,-0.0649,0.0104,-0.0509,-19.81,-34.06,4.13,267.5,-82.88,178.17
52.42088,-1.535213,166.35,9.59,3,66.74,20 / 20,862310,2019-09-06 19:34:28:053,-0.8056,0.102,9.4757,0.0125,-0.0034,9.8066,0.0339,0.0816,-0.0032,-20.19,-34.12,4.31,267.99,-82.7,178.98
52.42088,-1.535213,166.35,9.59,3,66.74,20 / 20,862409,2019-09-06 19:34:28:152,-1.8342,0.1059,10.7198,-0.0504,-0.0064,9.8064,-0.1811,0.055,0.0274,-21.81,-34.69,3.94,268.49,-82.9,179.41
52.42088,-1.535213,166.35,9.59,3,66.74,20 / 20,862510,2019-09-06 19:34:28:253,-1.7694,0.7446,10.8506,0.0137,0.0054,9.8066,-0.1395,0.0632,-0.0171,-21,-34.12,3.81,269.42,-83.11,179.71
52.42088,-1.535213,166.35,9.59,3,66.74,20 / 20,862610,2019-09-06 19:34:28:353,-2.4748,0.6765,10.1098,0.0253,-0.0015,9.8066,0.0486,0.0997,-0.0365,-21.69,-35.25,3.5,269.32,-83.22,179.73
52.42088,-1.535213,166.35,9.59,3,66.74,20 / 20,862709,2019-09-06 19:34:28:452,-1.3532,1.4645,9.5682,0.0043,0.0097,9.8066,0.0688,0.1029,-0.021,-22.75,-35.94,4.06,268.87,-83.29,179.44
52.42088,-1.535213,166.35,9.59,3,66.74,20 / 20,862810,2019-09-06 19:34:28:553,-1.2522,0.8783,9.3284,0.0029,-0.0049,9.8066,0.0586,0.0971,0.0361,-22.25,-35.87,4.63,270.16,-83.05,178.57
52.42088,-1.535213,166.35,9.59,3,66.74,20 / 20,862910,2019-09-06 19:34:28:653,-1.1622,0.9382,9.8864,-0.0072,-0.0136,9.8065,0.0549,0.1458,-0.01,-22,-35.31,5.25,272.56,-82.96,-179.18
52.42088,-1.535213,166.35,9.59,3,66.74,20 / 20,863010,2019-09-06 19:34:28:753,-1.8342,1.1048,10.3565,-0.0298,0.0002,9.8065,-0.1073,0.0887,0.0594,-22.06,-36.31,5.44,272.89,-83.08,-178.75
52.42088,-1.535213,166.35,9.59,3,66.74,20 / 20,863111,2019-09-06 19:34:28:854,-2.2934,0.9199,10.3631,0.0214,-0.003,9.8066,-0.1284,0.1746,-0.0843,-21.81,-36.37,4.94,273.67,-83.07,-177.95
52.42088,-1.535213,166.35,9.59,3,66.74,20 / 20,863210,2019-09-06 19:34:28:953,-2.4484,0.7665,10.2097,0.0242,0.0211,9.8065,-0.039,0.1667,-0.0615,-21.06,-36.06,4.69,272.02,-83.13,-179.77
52.42088,-1.535213,166.35,9.59,3,66.74,20 / 20,863310,2019-09-06 19:34:29:053,-1.8061,1.6727,9.8345,-0.0091,0.0006,9.8066,0.1168,0.1366,-0.0193,-20.81,-36.19,4.56,271.93,-83.05,-179.72
52.42088,-1.535213,166.35,9.59,3,66.74,22 / 22,863410,2019-09-06 19:34:29:153,-0.999,0.9145,9.6843,0.0012,-0.0191,9.8066,0.0943,0.1418,-0.0043,-21,-36.75,5.31,272.71,-82.84,-178.24
52.42088,-1.535213,166.35,9.59,3,66.74,22 / 22,863510,2019-09-06 19:34:29:253,-1.4493,0.4121,9.7104,0.0226,-0.0182,9.8066,0.0556,0.1356,0.0684,-20.69,-36.87,4.69,273.63,-82.69,-177.06
52.42088,-1.535213,166.35,9.59,3,66.74,22 / 22,863609,2019-09-06 19:34:29:352,-1.9148,0.0619,9.9767,0.0128,-0.0085,9.8065,0.0268,0.1129,-0.0191,-20.31,-37.37,4.38,272.19,-82.56,-175.4
52.42088,-1.535213,166.35,9.59,3,66.74,22 / 22,863710,2019-09-06 19:34:29:453,-1.8117,0.4931,9.8071,0.0123,0.0015,9.8066,0.0085,0.1134,-0.0028,-20,-36.37,4.25,272.63,-82.41,-175.06
52.42088,-1.535213,166.35,9.59,3,66.74,22 / 22,863810,2019-09-06 19:34:29:553,-2.6146,0.394,10.2604,0.0047,0,9.8066,0.01,0.1058,-0.0264,-19.69,-36.06,3.94,272.47,-82.37,-175.16
52.42088,-1.535213,166.35,9.59,3,66.74,22 / 22,863910,2019-09-06 19:34:29:653,-2.0599,0.2558,10.0456,-0.0151,0.0049,9.8066,-0.0408,0.1423,-0.0218,-20.44,-36.31,3.88,272.26,-82.44,-175.5
52.42088,-1.535213,166.35,9.59,3,66.74,22 / 22,864010,2019-09-06 19:34:29:753,-2.0928,0.0615,9.6814,0.0009,-0.0037,9.8066,0.0003,0.0948,0.0747,-19.87,-36.5,3.19,269.49,-82.52,-175.52
52.42088,-1.535213,166.35,9.59,3,66.74,22 / 22,864109,2019-09-06 19:34:29:852,-1.5837,0.3632,9.4484,0.0021,-0.0134,9.8066,0.0089,0.0764,0.0208,-19.75,-36.87,3.56,273.13,-82.52,-174.4
52.42088,-1.535213,166.35,9.59,3,66.74,22 / 22,864211,2019-09-06 19:34:29:954,-1.3859,-0.544,9.8135,0.0122,-0.0066,9.8066,-0.0443,0.1083,-0.049,-19.69,-36.94,3.19,271.33,-82.48,-173.22
52.42088,-1.535213,166.35,9.59,3,66.74,22 / 22,864310,2019-09-06 19:34:30:053,-1.8038,0.2187,9.9232,-0.0078,-0.0019,9.8066,0.0294,0.1088,0.043,-19.62,-36.81,2.88,271.39,-82.47,-173.14
52.42088,-1.535213,166.35,9.59,3,66.74,20 / 21,864409,2019-09-06 19:34:30:152,-2.2532,-0.3106,10.379,0.0063,-0.0043,9.8066,-0.0365,0.0663,-0.0101,-20.19,-36.56,3.13,271.86,-82.45,-172.63
52.42088,-1.535213,166.35,9.59,3,66.74,20 / 21,864510,2019-09-06 19:34:30:253,-2.1021,-0.1156,10.159,0.0027,0.0123,9.8066,0.0427,0.0718,-0.0502,-19.81,-36.94,3.06,271.44,-82.49,-173.12
52.42088,-1.535213,166.35,9.59,3,66.74,20 / 21,864609,2019-09-06 19:34:30:352,-2.1042,-0.1069,9.7366,0.0049,0.0149,9.8066,0.0193,0.0566,-0.0268,-19.12,-36.62,2.5,268.85,-82.49,-175.44
52.42088,-1.535213,166.35,9.59,3,66.74,20 / 21,864710,2019-09-06 19:34:30:453,-1.8026,0.2952,9.7574,0.0037,0.011,9.8066,0.0107,0.0852,-0.0211,-19,-37.06,2.75,267.76,-82.43,-176.44
52.42088,-1.535213,166.35,9.59,3,66.74,20 / 21,864810,2019-09-06 19:34:30:553,-1.3587,0.1349,9.9828,0.0028,0.0014,9.8066,0.0312,0.0576,0.0164,-18.87,-36.94,2.44,264.02,-82.43,-177.21
52.42088,-1.535213,166.35,9.59,3,66.74,20 / 21,864909,2019-09-06 19:34:30:652,-0.3808,0.2994,9.7788,0.0152,-0.0039,9.8066,0.001,0.0641,0.0047,-19.12,-37,2.13,264.19,-82.36,-176.9
52.42088,-1.535213,166.35,9.59,3,66.74,20 / 21,865010,2019-09-06 19:34:30:753,-0.7716,-0.1555,9.6681,0.0066,-0.0162,9.8065,0.0102,0.0506,0.0483,-18.81,-37.06,2.38,265.43,-82.23,-175.35
52.42088,-1.535213,166.35,9.59,3,66.74,20 / 21,865110,2019-09-06 19:34:30:853,-0.9192,-0.7006,9.7867,0.0033,-0.0106,9.8066,0.0421,0.0735,-0.0091,-19.31,-37.06,1.94,266.44,-82.15,-174.15
52.42088,-1.535213,166.35,9.59,3,66.74,20 / 21,865214,2019-09-06 19:34:30:957,-0.8638,-0.448,10.2569,-0.0102,0.0017,9.8066,0.0484,0.0462,-0.029,-19.06,-37.12,2.63,269.42,-82.17,-174.23
52.42088,-1.535213,166.35,9.59,3,66.74,20 / 21,865310,2019-09-06 19:34:31:053,-0.5949,0.2335,9.9123,-0.013,0.0105,9.8065,-0.032,0.0352,-0.0242,-19.44,-36.87,2.94,268.85,-82.22,-174.91
52.42088,-1.535213,166.35,9.59,3,66.74,21 / 21,865410,2019-09-06 19:34:31:153,-0.8617,0.2096,9.5495,0.0069,0.012,9.8066,-0.0469,0.0545,-0.0065,-19,-37.19,3,267.98,-82.28,-175.9
52.42088,-1.535213,166.35,9.59,3,66.74,21 / 21,865509,2019-09-06 19:34:31:252,-0.9233,-0.0489,9.7536,0.0054,0.0032,9.8066,0.0088,0.0513,-0.0172,-19.37,-36.56,2.63,267.13,-82.3,-176.82
52.42088,-1.535213,166.35,9.59,3,66.74,21 / 21,865610,2019-09-06 19:34:31:353,-1.0387,-0.3087,9.9396,-0.0125,-0.0007,9.8066,0.0247,0.0301,0.0071,-19.06,-37.56,2.06,263.75,-82.45,-177.12
52.42088,-1.535213,166.35,9.59,3,66.74,21 / 21,865709,2019-09-06 19:34:31:452,-0.9101,-0.1403,9.8591,-0.0131,-0.0033,9.8066,-0.0125,0.0222,0.0013,-19.44,-36.56,2,264.35,-82.49,-176.99
52.42088,-1.535213,166.35,9.59,3,66.74,21 / 21,865810,2019-09-06 19:34:31:553,-0.6963,-0.2719,9.9355,0.0039,0.0048,9.8066,0.0065,0.0371,-0.0052,-19.62,-37.62,2.69,267.02,-82.49,-177.22
52.42088,-1.535213,166.35,9.59,3,66.74,21 / 21,865909,2019-09-06 19:34:31:652,-0.7174,-0.016,9.5896,-0.0038,0.0054,9.8066,-0.0065,0.0356,-0.0005,-19.12,-37.94,2.13,263.42,-82.56,-177.69
52.42088,-1.535213,166.35,9.59,3,66.74,21 / 21,866011,2019-09-06 19:34:31:754,-0.5087,0.0437,9.7093,-0.0027,0.0001,9.8066,-0.0134,0.0233,0.005,-19.44,-37.69,2.44,263.33,-82.61,-177.88
52.42088,-1.535213,166.35,9.59,3,66.74,21 / 21,866109,2019-09-06 19:34:31:852,-0.5775,-0.1132,9.9042,0.0007,0,9.8066,0.0039,0.023,-0.0167,-19.06,-37.12,2.06,263.79,-82.64,-177.86
52.42088,-1.535213,166.35,9.59,3,66.74,21 / 21,866210,2019-09-06 19:34:31:953,0.0482,0.1015,9.7796,-0.0016,0.0021,9.8066,0.0246,0.0246,0.0168,-19.31,-37.06,2.19,263.54,-82.65,-178.16
52.42088,-1.535213,166.35,9.59,3,66.74,21 / 21,866309,2019-09-06 19:34:32:052,0.089,-0.1009,9.8052,-0.0007,-0.0022,9.8066,0.0286,0.008,0.007,-19.19,-37,1.81,263.66,-82.66,-178.05
52.421085,-1.534524,166.45,0.7,3,49.11,21 / 22,866409,2019-09-06 19:34:32:152,-0.3392,-0.0019,9.961,-0.0024,0.0018,9.8065,0.0077,0.0137,-0.0128,-19.06,-36.94,2.06,263.62,-82.67,-178.1
52.421085,-1.534524,166.45,0.7,3,49.11,21 / 22,866509,2019-09-06 19:34:32:252,0.2195,0.1531,9.7975,-0.0099,0.002,9.8066,0.0213,0.0254,-0.0068,-19.31,-37.37,2.19,263.26,-82.75,-178.65
52.421085,-1.534524,166.45,0.7,3,49.11,21 / 22,866610,2019-09-06 19:34:32:353,-0.0588,0.0243,9.8569,-0.0092,0.0015,9.8066,-0.0125,0.0062,0.005,-19.19,-37.69,1.81,262.72,-82.81,-178.93
52.421085,-1.534524,166.45,0.7,3,49.11,21 / 22,866710,2019-09-06 19:34:32:453,0.087,0.0369,9.679,0.0031,0.0011,9.8066,-0.0234,-0.0015,-0.0209,-18.94,-37,1.81,262.94,-82.84,-179.16
52.421085,-1.534524,166.45,0.7,3,49.11,21 / 22,866810,2019-09-06 19:34:32:553,-0.3866,-0.0307,9.8042,-0.0001,0.0041,9.8066,0.0106,0.0244,0.005,-18.69,-37.31,2.69,265.76,-82.89,-179.41
52.421085,-1.534524,166.45,0.7,3,49.11,21 / 22,866910,2019-09-06 19:34:32:653,-0.1072,-0.0054,9.7934,-0.0097,0.0004,9.8066,-0.0042,0.012,0.01,-19.12,-36.56,1.88,262.56,-82.97,-179.8
52.421085,-1.534524,166.45,0.7,3,49.11,21 / 22,867010,2019-09-06 19:34:32:753,-0.146,-0.0795,9.8396,-0.0067,-0.0018,9.8066,-0.0078,0.0072,-0.0134,-19.44,-37.12,1.81,262.62,-83.06,-179.93
52.421085,-1.534524,166.45,0.7,3,49.11,21 / 22,867110,2019-09-06 19:34:32:853,0.1804,0.0605,9.8475,-0.0046,0.0037,9.8066,0.0011,0.0287,-0.0029,-18.87,-37.12,1.69,262.29,-83.16,179.54
52.421085,-1.534524,166.45,0.7,3,49.11,21 / 22,867210,2019-09-06 19:34:32:953,-0.0808,-0.1078,9.8145,-0.0042,0.0013,9.8066,0.0045,-0.0091,0.0068,-19.12,-37,1.5,262.08,-83.22,179.2
52.421085,-1.534524,166.45,0.7,3,49.11,21 / 22,867309,2019-09-06 19:34:33:052,-0.0192,0.0056,9.807,-0.0051,0.0009,9.8066,-0.0154,-0.0004,-0.0187,-19.06,-37.25,1.81,262.01,-83.3,178.97
52.421085,-1.534524,166.45,0.7,3,49.11,20 / 20,867410,2019-09-06 19:34:33:153,-0.178,-0.0385,9.8494,-0.0049,0.0024,9.8066,0.0033,-0.001,0.0087,-19.69,-37.37,1.5,262.2,-83.36,178.7
52.421085,-1.534524,166.45,0.7,3,49.11,20 / 20,867509,2019-09-06 19:34:33:252,-0.2139,-0.1386,9.778,-0.006,0.0011,9.8065,-0.0014,0.0042,0.0125,-19.06,-37,1.75,261.62,-83.4,178.36
52.421085,-1.534524,166.45,0.7,3,49.11,20 / 20,867610,2019-09-06 19:34:33:353,0.1089,0.0207,9.9041,-0.0025,0.0004,9.8066,0.0029,0.0008,-0.0194,-19.25,-36.75,1.06,258.57,-83.51,178.01
52.421085,-1.534524,166.45,0.7,3,49.11,20 / 20,867709,2019-09-06 19:34:33:452,0.3109,-0.0449,9.7522,-0.0014,0.0039,9.8066,0.0028,-0.0096,0.004,-19.44,-36.12,0.94,258.59,-83.54,177.63
52.421085,-1.534524,166.45,0.7,3,49.11,20 / 20,867810,2019-09-06 19:34:33:553,0.7284,0.0685,9.7322,-0.0029,0.0016,9.8066,0.0145,-0.0015,0.0008,-19.5,-36.5,0.75,258.4,-83.58,177.34
52.421085,-1.534524,166.45,0.7,3,49.11,20 / 20,867910,2019-09-06 19:34:33:653,0.3136,-0.0737,9.8217,-0.0048,0.0004,9.8066,-0.0033,-0.0127,-0.0115,-19.44,-36.81,0.56,257.92,-83.63,177.09
52.421085,-1.534524,166.45,0.7,3,49.11,20 / 20,868009,2019-09-06 19:34:33:752,0.4332,0.1185,9.8383,-0.0029,0.0017,9.8066,0.0086,-0.0015,0.002,-19.56,-36.81,0.31,255.53,-83.66,176.92
52.421085,-1.534524,166.45,0.7,3,49.11,20 / 20,868110,2019-09-06 19:34:33:853,0.6337,0.1367,9.8483,-0.0039,0.0021,9.8066,0.0162,0.0067,0.0161,-19.12,-37.31,0.38,254.61,-83.71,176.46
52.421085,-1.534524,166.45,0.7,3,49.11,20 / 20,868210,2019-09-06 19:34:33:953,0.4408,0.1241,9.883,0.0026,-0.0002,9.8066,0.0048,-0.0145,-0.0094,-18.19,-37.62,0.25,253.51,-83.72,176.27
52.421085,-1.534524,166.45,0.7,3,49.11,20 / 20,868310,2019-09-06 19:34:34:053,0.3528,0.0744,9.8199,-0.004,0.0013,9.8066,0.0003,-0.0123,-0.006,-18.37,-37.94,0.06,253.35,-83.77,176.01
52.421085,-1.534524,166.45,0.7,3,49.11,21 / 22,868410,2019-09-06 19:34:34:153,0.3252,0.0091,9.8269,-0.0052,0.0007,9.8066,0.007,0.0035,0.0172,-17.5,-37,0.25,252.87,-83.82,175.78
52.421085,-1.534524,166.45,0.7,3,49.11,21 / 22,868510,2019-09-06 19:34:34:253,0.5976,0.1253,9.8956,-0.0051,0.0006,9.8065,0.0164,0.0046,0.0029,-17.75,-37.19,0.38,253.4,-83.89,175.48
52.421085,-1.534524,166.45,0.7,3,49.11,21 / 22,868609,2019-09-06 19:34:34:352,0.5181,0.0386,9.7674,-0.0033,0.0006,9.8066,-0.0098,-0.0166,-0.0119,-17.37,-36.37,1.25,256.19,-83.92,175.37
52.421085,-1.534524,166.45,0.7,3,49.11,21 / 22,868710,2019-09-06 19:34:34:453,0.3572,0.0146,9.8851,-0.0036,0.001,9.8066,-0.0093,0.0108,0.0031,-17.69,-36.69,0.94,256.24,-83.95,175.17
52.421085,-1.534524,166.45,0.7,3,49.11,21 / 22,868809,2019-09-06 19:34:34:552,0.319,0.0051,9.9878,-0.0027,0.0017,9.8066,0.0215,-0.0112,0.006,-17.25,-36.62,1.69,258.76,-84.01,174.84
52.421085,-1.534524,166.45,0.7,3,49.11,21 / 22,868909,2019-09-06 19:34:34:652,0.25,-0.039,9.9177,-0.0054,-0.0001,9.8066,0.0151,-0.0131,-0.0108,-17.12,-37.44,2.44,258.76,-84.08,174.69
52.421085,-1.534524,166.45,0.7,3,49.11,21 / 22,869010,2019-09-06 19:34:34:753,0.6483,-0.0466,9.8107,-0.0057,0.0004,9.8066,-0.0123,0.0059,0.0022,-17.62,-36.87,2.38,259,-84.1,174.56
52.421085,-1.534524,166.45,0.7,3,49.11,21 / 22,869110,2019-09-06 19:34:34:853,0.359,-0.0716,9.8395,-0.0036,-0.0001,9.8065,-0.0033,-0.0066,0.0051,-17.5,-36.75,2.75,261.79,-84.15,174.3
52.421085,-1.534524,166.45,0.7,3,49.11,21 / 22,869218,2019-09-06 19:34:34:961,0.682,0.0012,9.7775,-0.0056,0.0018,9.8066,0.0085,-0.0072,-0.002,-17.75,-37.31,2.44,258.68,-84.18,174.07
52.421085,-1.534524,166.45,0.7,3,49.11,21 / 22,869310,2019-09-06 19:34:35:053,0.3812,0.025,9.9208,0.0015,0.0021,9.8066,-0.0173,0.0154,-0.004,-17.81,-36.75,2.19,258.63,-84.21,173.95
52.421085,-1.534524,166.45,0.7,3,49.11,21 / 21,869410,2019-09-06 19:34:35:153,0.6883,0.0467,9.8008,-0.0013,0.0016,9.8066,0.0074,-0.011,0.0027,-18.37,-36.62,2.5,261.43,-84.24,173.59
52.421085,-1.534524,166.45,0.7,3,49.11,21 / 21,869509,2019-09-06 19:34:35:252,0.3909,-0.0778,9.8799,-0.0041,-0.0005,9.8066,0.0088,0.0021,-0.0006,-18.19,-37.06,2,258.37,-84.29,173.53
52.421085,-1.534524,166.45,0.7,3,49.11,21 / 21,869610,2019-09-06 19:34:35:353,0.6607,0.0626,9.8207,-0.0014,0.001,9.8066,0.01,-0.0112,0.0101,-17.94,-36.06,2.13,258.61,-84.31,173.42
52.421085,-1.534524,166.45,0.7,3,49.11,21 / 21,869710,2019-09-06 19:34:35:453,0.7903,-0.0362,9.8894,0.0011,0.0015,9.8066,-0.008,-0.0022,-0.0033,-18.31,-37.25,2.19,258.22,-84.32,173.29
52.421085,-1.534524,166.45,0.7,3,49.11,21 / 21,869810,2019-09-06 19:34:35:553,1.3601,0.1695,9.8485,0.0051,0.0017,9.8066,0.0354,0.0015,-0.0057,-18.06,-37.19,2.44,257.94,-84.3,173.04
52.421085,-1.534524,166.45,0.7,3,49.11,21 / 21,869910,2019-09-06 19:34:35:653,2.1846,0.0989,9.8769,-0.0032,0.0014,9.8066,0.0185,-0.0158,0.0009,-17.94,-37,2.81,260.51,-84.27,172.58
52.421085,-1.534524,166.45,0.7,3,49.11,21 / 21,870009,2019-09-06 19:34:35:752,1.6938,0.1319,9.7765,0.0042,0.0017,9.8066,-0.0005,0.012,-0.0055,-18.62,-37.06,2.19,257.49,-84.21,172.47
52.421085,-1.534524,166.45,0.7,3,49.11,21 / 21,870110,2019-09-06 19:34:35:853,0.9605,0.1493,9.6805,0.0009,0.0021,9.8066,0.0145,0.0234,0.0056,-18.12,-36.5,2.25,257.02,-84.19,171.97
52.421085,-1.534524,166.45,0.7,3,49.11,21 / 21,870210,2019-09-06 19:34:35:953,1.2778,0.1654,9.7905,-0.0067,0.0008,9.8066,0.0043,0.0218,-0.0242,-18.25,-36.44,1.75,256.87,-84.2,171.8
52.421085,-1.534524,166.45,0.7,3,49.11,21 / 21,870309,2019-09-06 19:34:36:052,1.0289,-0.0072,9.8891,-0.0021,0.005,9.8066,-0.0105,0.011,-0.0065,-18.12,-36.62,2.19,256.22,-84.17,171.5
52.421085,-1.534524,166.45,0.7,3,49.11,22 / 22,870409,2019-09-06 19:34:36:152,1.341,0.1608,9.797,0.0056,0.0069,9.8066,-0.0021,0.0413,-0.0048,-18.06,-36.87,3,258.28,-84.14,170.51
52.421085,-1.534524,166.45,0.7,3,49.11,22 / 22,870510,2019-09-06 19:34:36:253,2.8925,0.4634,9.9147,-0.0024,0.0049,9.8066,0.0188,0.0463,-0.019,-17.81,-36.19,1.75,254.67,-84.13,169.62
52.421085,-1.534524,166.45,0.7,3,49.11,22 / 22,870609,2019-09-06 19:34:36:352,2.6697,0.3774,9.8465,-0.0003,0.0077,9.8066,-0.0014,0.0653,-0.0356,-17.56,-36.19,1.88,253.96,-84.09,168.94
52.421085,-1.534524,166.45,0.7,3,49.11,22 / 22,870711,2019-09-06 19:34:36:454,1.6143,0.5045,9.8255,0.011,0.0072,9.8066,0.0135,0.058,-0.0256,-17.94,-36.62,2.13,252.44,-83.9,168.01
52.421085,-1.534524,166.45,0.7,3,49.11,22 / 22,870810,2019-09-06 19:34:36:553,1.7931,0.4224,9.8449,-0.001,0.0033,9.8066,0.0025,0.0913,-0.007,-17.5,-36.62,2.25,251.63,-83.83,167.63
52.421085,-1.534524,166.45,0.7,3,49.11,22 / 22,870910,2019-09-06 19:34:36:653,1.918,0.7095,9.6961,-0.0041,-0.0022,9.8066,-0.0071,0.1036,0.0052,-18,-36.94,1.5,251.63,-83.81,167.32
52.421085,-1.534524,166.45,0.7,3,49.11,22 / 22,871010,2019-09-06 19:34:36:753,3.4292,0.8488,9.7367,-0.0068,-0.0025,9.8066,-0.0126,0.0873,-0.006,-18.19,-37,1.31,249.02,-83.88,167.57
52.421085,-1.534524,166.45,0.7,3,49.11,22 / 22,871110,2019-09-06 19:34:36:853,2.7382,0.7887,10.0039,0.0152,0.0054,9.8066,-0.0376,0.1271,-0.0571,-17.81,-37.31,0.88,248.7,-83.8,167.4
52.421085,-1.534524,166.45,0.7,3,49.11,22 / 22,871210,2019-09-06 19:34:36:953,2.6333,1.294,9.5458,0.0025,0.0122,9.8066,0.0172,0.1113,0.009,-17.75,-37.12,1.19,247.58,-83.81,166.14
52.421085,-1.534524,166.45,0.7,3,49.11,22 / 22,871310,2019-09-06 19:34:37:053,2.2032,0.3381,9.643,0.0039,0.0138,9.8066,-0.0062,0.1698,-0.0864,-16.62,-37.25,0.69,246.36,-83.78,165.38
52.421085,-1.534524,166.45,0.7,3,49.11,20 / 20,871410,2019-09-06 19:34:37:153,2.0186,1.465,10.2099,-0.0132,0.0121,9.8066,0.0074,0.1837,-0.0995,-16.62,-36.69,0.31,240.31,-83.65,162.29
52.421085,-1.534524,166.45,0.7,3,49.11,20 / 20,871509,2019-09-06 19:34:37:252,1.7082,1.5017,10.0747,-0.0165,0.0085,9.8066,-0.0059,0.1793,0.0138,-16.81,-36.87,-0.62,236.08,-83.63,160.87
52.421085,-1.534524,166.45,0.7,3,49.11,20 / 20,871610,2019-09-06 19:34:37:353,1.7891,0.9514,9.7457,-0.0111,-0.0118,9.8066,-0.0554,0.1623,-0.0058,-16.62,-37.75,0,239.01,-83.64,161.18
52.421085,-1.534524,166.45,0.7,3,49.11,20 / 20,871709,2019-09-06 19:34:37:452,1.5797,0.8107,9.7167,0.0033,0.0045,9.8066,0.0161,0.1566,0.0058,-16.06,-38.06,-0.06,238.71,-83.74,161.4
52.421085,-1.534524,166.45,0.7,3,49.11,20 / 20,871809,2019-09-06 19:34:37:552,1.7932,0.5568,10.0364,-0.0048,-0.0066,9.8065,0.0211,0.1901,-0.0356,-16.37,-38.37,-0.37,239.27,-83.82,161.88
52.421085,-1.534524,166.45,0.7,3,49.11,20 / 20,871910,2019-09-06 19:34:37:653,1.111,0.4627,9.9598,-0.0182,0.0041,9.8066,-0.0494,0.1747,-0.0234,-15.94,-37.81,-1.06,235.33,-83.85,160.85
52.421085,-1.534524,166.45,0.7,3,49.11,20 / 20,872010,2019-09-06 19:34:37:753,2.035,0.6957,9.4144,-0.0024,0.011,9.8066,-0.0616,0.1649,-0.0613,-15.31,-37.56,-1.37,233.39,-83.83,159.69
52.421085,-1.534524,166.45,0.7,3,49.11,20 / 20,872110,2019-09-06 19:34:37:853,0.8291,0.6881,9.2514,0.0045,0.0239,9.8065,0.0516,0.1428,-0.0688,-15.25,-37.62,-1.31,231.69,-83.76,157.85
52.421085,-1.534524,166.45,0.7,3,49.11,20 / 20,872210,2019-09-06 19:34:37:953,1.7098,1.3391,9.8643,-0.0029,0.0239,9.8065,0.0535,0.1696,-0.0756,-14.19,-37.69,-1,228.93,-83.58,156.08
52.421085,-1.534524,166.45,0.7,3,49.11,20 / 20,872310,2019-09-06 19:34:38:053,1.5423,0.6062,10.294,0.0043,0.0016,9.8066,-0.0012,0.1247,-0.0012,-14.25,-38.37,-0.75,227.49,-83.29,154.91
52.421085,-1.534524,166.45,0.7,3,49.11,20 / 21,872409,2019-09-06 19:34:38:152,1.4184,1.3313,9.7279,-0.0193,0.0221,9.8065,-0.0319,0.1297,-0.0646,-14.12,-38.94,-1.94,222.33,-83.22,152.97
52.421085,-1.534524,166.45,0.7,3,49.11,20 / 21,872510,2019-09-06 19:34:38:253,0.5046,0.9082,9.74,-0.0082,-0.0171,9.8066,-0.0883,0.1054,0.0847,-13.87,-38.56,-2.44,222.18,-83.34,152.55
52.421085,-1.534524,166.45,0.7,3,49.11,20 / 21,872610,2019-09-06 19:34:38:353,1.9136,0.3784,9.3055,0.0012,-0.0215,9.8066,-0.0233,0.0416,0.0491,-13.62,-37.75,-1.75,225.19,-83.69,155.28
52.421085,-1.534524,166.45,0.7,3,49.11,20 / 21,872709,2019-09-06 19:34:38:452,3.3166,-1.1301,9.586,0.0109,-0.0016,9.8066,0.0513,0.0532,-0.0699,-13.56,-38.81,-2.44,225.93,-83.71,156.47
52.421085,-1.534524,166.45,0.7,3,49.11,20 / 21,872809,2019-09-06 19:34:38:552,1.5899,-0.4302,10.5036,-0.0177,0.0459,9.8065,0.0507,0.033,-0.1387,-13.69,-38.25,-1.69,224.3,-83.49,154.56
52.421085,-1.534524,166.45,0.7,3,49.11,20 / 21,872909,2019-09-06 19:34:38:652,1.3954,1.378,10.5573,-0.0193,0.0469,9.8065,0.018,0.0697,-0.0875,-12.44,-37.62,-2.94,212.6,-82.97,148.15
52.421085,-1.534524,166.45,0.7,3,49.11,20 / 21,873009,2019-09-06 19:34:38:752,2.2881,1.8385,9.7613,-0.0098,0.0036,9.8066,0.0695,-0.0036,0.0875,-12.56,-37.25,-2.37,214.6,-82.75,144.79
52.421085,-1.534524,166.45,0.7,3,49.11,20 / 21,873109,2019-09-06 19:34:38:852,1.4111,-0.562,10.0833,0.0013,-0.0459,9.8065,-0.0322,-0.0429,0.0713,-13.12,-38.31,-2.31,216.69,-82.98,147.44
52.421085,-1.534524,166.45,0.7,3,49.11,20 / 21,873212,2019-09-06 19:34:38:955,2.8186,-1.5752,9.85,0.045,0.0009,9.8065,-0.0044,-0.053,0.0197,-13.56,-38.81,-1.87,221.4,-82.98,152.24
52.421085,-1.534524,166.45,0.7,3,49.11,20 / 21,873310,2019-09-06 19:34:39:053,2.4953,-1.4303,9.115,-0.0063,0.035,9.8065,0.1261,-0.0952,-0.0894,-13.25,-38.31,-1.94,220.34,-82.52,152.99
52.421085,-1.534524,166.45,0.7,3,49.11,19 / 19,873410,2019-09-06 19:34:39:153,0.9892,0.4312,9.0725,-0.0408,0.031,9.8064,0.0361,-0.1215,-0.1074,-12.5,-38,-1,220.23,-82.03,151.2
52.421085,-1.534524,166.45,0.7,3,49.11,19 / 19,873509,2019-09-06 19:34:39:252,2.0782,-0.2028,10.0039,-0.0635,-0.0163,9.8063,-0.1541,-0.2369,0.0988,-13.19,-38.37,-0.69,218.18,-82.21,146.5
52.421085,-1.534524,166.45,0.7,3,49.11,19 / 19,873609,2019-09-06 19:34:39:352,1.5357,-1.9168,10.2427,-0.0051,-0.0266,9.8065,-0.0086,-0.1507,0.0084,-13.69,-37.81,-1.69,217.79,-82.66,147.87
52.421085,-1.534524,166.45,0.7,3,49.11,19 / 19,873710,2019-09-06 19:34:39:453,1.5517,-2.0675,10.5248,0.0231,0.0046,9.8066,-0.2102,-0.2391,0.041,-14.5,-37.37,-1.69,217.69,-83.06,146.78
52.421085,-1.534524,166.45,0.7,3,49.11,19 / 19,873810,2019-09-06 19:34:39:553,1.2227,-2.4603,9.9214,0.0286,-0.001,9.8066,-0.0766,-0.3572,0.0669,-14.87,-37.12,-1.44,221.96,-83.26,146.74
52.421085,-1.534524,166.45,0.7,3,49.11,19 / 19,873910,2019-09-06 19:34:39:653,0.3227,-1.2753,8.9144,0.03,-0.0035,9.8065,0.0471,-0.3814,0.1139,-14.87,-37.5,-1.37,223.04,-83.44,147.77
52.421085,-1.534524,166.45,0.7,3,49.11,19 / 19,874010,2019-09-06 19:34:39:753,1.5019,-2.2694,9.3546,0.0181,-0.0181,9.8065,0.0495,-0.3595,0.0779,-14.69,-37.44,-0.56,223.99,-83.49,148.83
52.421085,-1.534524,166.45,0.7,3,49.11,19 / 19,874110,2019-09-06 19:34:39:853,1.3802,-2.3115,9.8646,-0.0076,0.006,9.8066,0.048,-0.446,0.0324,-15.62,-37.5,0.44,230.59,-83.42,152.27
52.421085,-1.534524,166.45,0.7,3,49.11,19 / 19,874209,2019-09-06 19:34:39:952,0.83,-2.1605,9.9627,-0.0272,0.0072,9.8065,0.0621,-0.3733,0.0161,-16.56,-37.87,0.81,232.43,-83.48,150.52
52.421085,-1.534524,166.45,0.7,3,49.11,19 / 19,874310,2019-09-06 19:34:40:053,0.3765,-2.5021,10.1461,-0.0067,-0.0063,9.8066,-0.0597,-0.3645,0.0207,-16.19,-37.44,0.94,231.72,-83.65,149.57
52.421085,-1.534524,166.45,0.7,3,49.11,22 / 22,874409,2019-09-06 19:34:40:152,0.5757,-2.7929,9.7666,-0.0017,-0.0131,9.8066,0.0387,-0.437,0.1106,-17.12,-36.44,2.13,235.63,-84.05,149.18
52.421085,-1.534524,166.45,0.7,3,49.11,22 / 22,874510,2019-09-06 19:34:40:253,0.4519,-2.2245,9.9623,-0.004,-0.0311,9.8065,-0.0642,-0.4417,0.1519,-17.87,-36.87,1.81,237.39,-84.3,150.8
52.421085,-1.534524,166.45,0.7,3,49.11,22 / 22,874609,2019-09-06 19:34:40:352,0.4117,-3.1465,9.7579,0.0112,-0.0321,9.8065,-0.0996,-0.4331,0.0808,-17.87,-36.62,1.81,240.57,-84.57,153.84
52.421085,-1.534524,166.45,0.7,3,49.11,22 / 22,874710,2019-09-06 19:34:40:453,-0.2866,-4.2016,10.6664,0.0098,-0.002,9.8065,-0.066,-0.4166,0.0414,-18.56,-36.5,3.25,247.12,-84.68,157.29
52.421085,-1.534524,166.45,0.7,3,49.11,22 / 22,874809,2019-09-06 19:34:40:552,0.5328,-2.1924,9.2277,0.0681,-0.007,9.8063,-0.1931,-0.4317,0.0197,-19.06,-37.06,4.56,252.96,-84.47,158.17
52.421085,-1.534524,166.45,0.7,3,49.11,22 / 22,874909,2019-09-06 19:34:40:652,-0.0461,-3.0658,8.6517,0.0613,-0.0005,9.8064,-0.0219,-0.5208,0.0973,-19.25,-37,4.5,252.92,-84.53,158.03
52.421085,-1.534524,166.45,0.7,3,49.11,22 / 22,875009,2019-09-06 19:34:40:752,-0.1444,-2.1976,9.3322,-0.0298,-0.0273,9.8065,-0.0623,-0.4556,0.1003,-19,-36.75,5.69,259.29,-85,160.92
52.421085,-1.534524,166.45,0.7,3,49.11,22 / 22,875110,2019-09-06 19:34:40:853,-0.647,-4.2975,10.5458,-0.0234,-0.0177,9.8065,0.0343,-0.54,0.022,-19.94,-35.87,5.63,261.68,-85.21,163.17
52.421085,-1.534524,166.45,0.7,3,49.11,22 / 22,875209,2019-09-06 19:34:40:952,-0.3852,-2.6196,10.6305,-0.0506,0.017,9.8065,0.0068,-0.5504,0.0509,-20.75,-36.5,6.13,261.93,-85.4,163.51
52.421085,-1.534524,166.45,0.7,3,49.11,22 / 22,875310,2019-09-06 19:34:41:053,-0.5311,-3.0954,9.9136,-0.0582,-0.0108,9.8064,-0.0967,-0.5022,0.0608,-20.31,-35.56,8.13,268,-86.04,162.83
52.421215,-1.534328,166.78,5.49,3,73.9,20 / 21,875410,2019-09-06 19:34:41:153,-1.0225,-3.1564,9.679,0.0339,-0.0509,9.8064,-0.0066,-0.5472,0.1334,-20.25,-35.37,8.81,274.87,-86.1,166.88
52.421215,-1.534328,166.78,5.49,3,73.9,20 / 21,875509,2019-09-06 19:34:41:252,-0.9558,-3.3156,9.3684,0.0251,-0.0303,9.8066,0.0662,-0.5653,0.0896,-21.44,-35.44,9.5,281.95,-85.73,172.83
52.421215,-1.534328,166.78,5.49,3,73.9,20 / 21,875609,2019-09-06 19:34:41:352,-0.7786,-3.3967,9.1632,0.0249,-0.0322,9.8065,-0.0192,-0.5981,0.0916,-20.62,-36.06,11.19,288.85,-85.25,178.12
52.421215,-1.534328,166.78,5.49,3,73.9,20 / 21,875709,2019-09-06 19:34:41:452,-2.1181,-3.3462,9.6887,-0.0167,0.0031,9.8066,0.0464,-0.5085,0.015,-20.56,-36.06,12.13,292.91,-85.33,179.66
52.421215,-1.534328,166.78,5.49,3,73.9,20 / 21,875809,2019-09-06 19:34:41:552,-1.3066,-2.0478,9.7587,-0.034,-0.0087,9.8066,0.0286,-0.6492,0.1851,-21.5,-35.75,12.94,297.34,-85.53,-178.55
52.421215,-1.534328,166.78,5.49,3,73.9,20 / 21,875910,2019-09-06 19:34:41:653,-2.023,-3.4478,10.6132,-0.0296,-0.0056,9.8065,-0.0783,-0.6103,0.077,-21.19,-35.19,13.88,306.11,-85.74,-172.72
52.421215,-1.534328,166.78,5.49,3,73.9,20 / 21,876010,2019-09-06 19:34:41:753,-1.7359,-2.8114,10.2436,-0.0265,-0.0005,9.8066,-0.016,-0.5955,0.0753,-20.75,-34.69,15.19,311.4,-85.86,-169.84
52.421215,-1.534328,166.78,5.49,3,73.9,20 / 21,876110,2019-09-06 19:34:41:853,-1.5243,-2.5872,9.5773,0.0169,-0.0285,9.8065,0.0024,-0.6328,0.1045,-20.94,-34.44,15.56,315.39,-85.85,-168.09
52.421215,-1.534328,166.78,5.49,3,73.9,20 / 21,876210,2019-09-06 19:34:41:953,-2.4006,-2.3907,9.3283,0.0153,-0.0193,9.8066,0.0515,-0.6115,0.0718,-20.87,-34.37,17.63,321.19,-85.58,-165.92
52.421215,-1.534328,166.78,5.49,3,73.9,20 / 21,876310,2019-09-06 19:34:42:053,-1.8826,-2.5195,9.8001,-0.0004,-0.0068,9.8065,-0.0056,-0.6022,0.0528,-19.81,-34.12,18.56,325.12,-85.37,-165.06
52.421215,-1.534328,166.78,5.49,3,73.9,21 / 21,876409,2019-09-06 19:34:42:152,-2.328,-2.6519,10.7348,-0.0149,-0.0029,9.8066,0.0881,-0.676,0.0996,-19.69,-35.44,19.31,326.18,-85.25,-163.91
52.421215,-1.534328,166.78,5.49,3,73.9,21 / 21,876510,2019-09-06 19:34:42:253,-2.0918,-1.7584,10.6841,0.009,-0.0038,9.8066,0.0023,-0.6161,0.0649,-19.5,-34.12,20.38,329.08,-85.03,-164.14
52.421215,-1.534328,166.78,5.49,3,73.9,21 / 21,876609,2019-09-06 19:34:42:352,-2.0879,-2.2414,10.2058,-0.0078,0.0038,9.8066,0.0376,-0.5955,0.0586,-18.81,-34.06,21.25,330.72,-84.95,-164.09
52.421215,-1.534328,166.78,5.49,3,73.9,21 / 21,876710,2019-09-06 19:34:42:453,-1.8095,-1.3925,9.5685,0.0019,-0.016,9.8065,-0.0116,-0.6374,0.1241,-18.5,-34.37,21.56,333.87,-84.86,-164.04
52.421215,-1.534328,166.78,5.49,3,73.9,21 / 21,876810,2019-09-06 19:34:42:553,-2.7722,-1.3125,9.9303,0.0069,-0.022,9.8066,0.0108,-0.5938,0.0503,-17.5,-33.25,22.13,337.14,-84.61,-162.59
52.421215,-1.534328,166.78,5.49,3,73.9,21 / 21,876910,2019-09-06 19:34:42:653,-2.6557,-1.6172,9.701,0.0105,-0.0171,9.8066,-0.0485,-0.5345,0.053,-17.5,-33.25,23.44,338.68,-84.4,-162.41
52.421215,-1.534328,166.78,5.49,3,73.9,21 / 21,877010,2019-09-06 19:34:42:753,-2.4663,-2.2075,10.6726,0.0047,-0.023,9.8066,0.0042,-0.58,0.0792,-16.87,-34.06,24.38,340.56,-84.27,-161.83
52.421215,-1.534328,166.78,5.49,3,73.9,21 / 21,877110,2019-09-06 19:34:42:853,-2.154,-1.3344,9.6641,0.0041,0.0067,9.8066,-0.0393,-0.5749,0.0817,-16.12,-33.94,25.19,343.13,-84.24,-162.26
52.421215,-1.534328,166.78,5.49,3,73.9,21 / 21,877209,2019-09-06 19:34:42:952,-2.0117,-0.7804,9.4154,0.0038,-0.0031,9.8066,-0.0639,-0.5299,0.0363,-15.25,-33.56,25.94,345.47,-84.13,-162.81
52.421215,-1.534328,166.78,5.49,3,73.9,21 / 21,877309,2019-09-06 19:34:43:052,-2.3005,-1.0815,10.0185,0.0047,-0.0264,9.8066,-0.1154,-0.5127,0.0612,-15.44,-33.94,26.5,347.03,-84.19,-162.42
52.421215,-1.534328,166.78,5.49,3,73.9,20 / 20,877410,2019-09-06 19:34:43:153,-2.9112,-0.2421,10.47,0.0029,-0.0285,9.8065,-0.1124,-0.5468,0.0887,-14.31,-33.56,26.88,350.02,-84.04,-161.37
52.421215,-1.534328,166.78,5.49,3,73.9,20 / 20,877510,2019-09-06 19:34:43:253,-2.8729,-0.6603,10.0371,-0.0138,-0.0001,9.8065,0.1154,-0.5552,0.066,-13.94,-33.19,27.63,353.68,-83.89,-159.01
52.421215,-1.534328,166.78,5.49,3,73.9,20 / 20,877610,2019-09-06 19:34:43:353,-3.4136,-0.6963,10.1393,0.0087,-0.0169,9.8066,0.0758,-0.4899,0.0349,-13.62,-33.06,28.56,353.64,-83.63,-159.83
52.421215,-1.534328,166.78,5.49,3,73.9,20 / 20,877710,2019-09-06 19:34:43:453,-2.2501,0.0039,9.5711,0.0115,-0.0159,9.8066,-0.0385,-0.5198,0.1059,-12.12,-33.31,28.81,355.93,-83.27,-161.06
52.421215,-1.534328,166.78,5.49,3,73.9,20 / 20,877809,2019-09-06 19:34:43:552,-2.8288,-0.6634,9.8177,0.0001,-0.0317,9.8065,-0.1067,-0.5641,0.1021,-11.69,-33.25,29.25,356.15,-83.03,-160.85
52.421215,-1.534328,166.78,5.49,3,73.9,20 / 20,877909,2019-09-06 19:34:43:652,-3.2304,-0.1138,9.9642,-0.0114,-0.0073,9.8066,-0.0173,-0.5577,0.0737,-11.37,-32.81,29.31,358.98,-82.97,-160.11
52.421215,-1.534328,166.78,5.49,3,73.9,20 / 20,878010,2019-09-06 19:34:43:753,-2.9228,-0.4504,9.5588,-0.0085,-0.0059,9.8066,-0.0284,-0.5377,0.0622,-10.06,-33.94,30.38,3.37,-82.85,-158.67
52.421215,-1.534328,166.78,5.49,3,73.9,20 / 20,878110,2019-09-06 19:34:43:853,-3.0421,0.3644,10.0898,0.0008,-0.0175,9.8066,0.046,-0.5467,0.0918,-9.25,-33.81,30.06,5.83,-82.67,-158.32
52.421215,-1.534328,166.78,5.49,3,73.9,20 / 20,878209,2019-09-06 19:34:43:952,-3.6291,-0.2325,10.0212,0.0115,-0.016,9.8066,0.0326,-0.5078,0.0094,-8.5,-33.06,30.56,7.15,-82.51,-159.4
52.421215,-1.534328,166.78,5.49,3,73.9,20 / 20,878310,2019-09-06 19:34:44:053,-2.9889,0.0668,10.0507,0.0153,-0.0202,9.8065,-0.0068,-0.5625,0.0591,-7.56,-32.62,30.69,4.73,-82.27,-161.5
52.421215,-1.534328,166.78,5.49,3,73.9,22 / 22,878410,2019-09-06 19:34:44:153,-2.9386,-0.0092,9.986,0.0066,-0.0009,9.8066,-0.06,-0.526,0.0446,-6.62,-33.19,30.19,5.43,-82.21,-162.27
52.421215,-1.534328,166.78,5.49,3,73.9,22 / 22,878509,2019-09-06 19:34:44:252,-3.549,0.2505,10.4793,0.0111,-0.0051,9.8066,0.0064,-0.5452,0.0232,-5.94,-33.5,30.31,7.05,-82.21,-162.73
52.421215,-1.534328,166.78,5.49,3,73.9,22 / 22,878610,2019-09-06 19:34:44:353,-3.1874,0.535,9.2104,0.0169,0.0016,9.8066,-0.0689,-0.5835,0.0122,-4.44,-33.12,30.75,9.49,-82.25,-164.58
52.421215,-1.534328,166.78,5.49,3,73.9,22 / 22,878710,2019-09-06 19:34:44:453,-4.3237,0.7472,10.2112,-0.0091,-0.0164,9.8065,0.0402,-0.5535,0.0539,-3.37,-33.25,30.5,10.11,-82.3,-165.88
52.421215,-1.534328,166.78,5.49,3,73.9,22 / 22,878810,2019-09-06 19:34:44:553,-3.0376,1.1308,9.9665,0.0215,-0.001,9.8066,0.1049,-0.5556,0.0402,-2.56,-34.25,30.38,8.61,-82.21,-167.07
52.421215,-1.534328,166.78,5.49,3,73.9,22 / 22,878910,2019-09-06 19:34:44:653,-2.4397,0.4562,9.742,0.0069,-0.0129,9.8066,0.0046,-0.5972,0.0888,-0.75,-33.56,29.88,10.79,-81.93,-169.11
52.421215,-1.534328,166.78,5.49,3,73.9,22 / 22,879010,2019-09-06 19:34:44:753,-3.6414,0.5472,10.2221,-0.0117,0.0062,9.8066,0.0062,-0.6066,0.1083,-0.31,-33.81,30,13.63,-81.76,-168.7
52.421215,-1.534328,166.78,5.49,3,73.9,22 / 22,879110,2019-09-06 19:34:44:853,-4.022,0.9071,10.6764,-0.0002,-0.0462,9.8064,-0.107,-0.5987,0.0462,-0.06,-33.81,29.5,14.57,-81.77,-167.92
52.421215,-1.534328,166.78,5.49,3,73.9,22 / 22,879209,2019-09-06 19:34:44:952,-2.6285,1.6874,9.4717,0.0314,-0.0293,9.8065,-0.0969,-0.566,0.0355,2.38,-33.69,28.13,16.85,-81.62,-170.34
52.421215,-1.534328,166.78,5.49,3,73.9,22 / 22,879310,2019-09-06 19:34:45:053,-3.6567,0.9454,9.333,0.0154,0.0138,9.8066,-0.0691,-0.575,0.0562,2.44,-33.56,28.13,14.37,-81.77,-172.32
52.421215,-1.534328,166.78,5.49,3,73.9,20 / 20,879409,2019-09-06 19:34:45:152,-2.4244,1.3586,9.9266,0.0039,0.0125,9.8066,0.0262,-0.6161,0.0748,2.63,-33.81,27.94,16.14,-81.83,-172.87
52.421215,-1.534328,166.78,5.49,3,73.9,20 / 20,879510,2019-09-06 19:34:45:253,-3.8011,1.2755,10.1437,-0.0115,-0.0089,9.8066,-0.0714,-0.5906,0.0785,3.94,-34.44,27.13,18.86,-81.88,-173
52.421215,-1.534328,166.78,5.49,3,73.9,20 / 20,879609,2019-09-06 19:34:45:352,-3.4509,0.7066,9.9775,0.0121,0.0127,9.8065,0.0338,-0.5836,0.1067,4.63,-34.25,26.5,21.01,-82,-173.21
52.421215,-1.534328,166.78,5.49,3,73.9,20 / 20,879709,2019-09-06 19:34:45:452,-4.3177,2.2134,10.4299,-0.0039,-0.0193,9.8065,-0.1185,-0.5382,0.0057,5.13,-34.25,25.94,21.7,-82.1,-173.12
52.421215,-1.534328,166.78,5.49,3,73.9,20 / 20,879810,2019-09-06 19:34:45:553,-3.6127,1.9608,9.3486,0.0039,0.0045,9.8066,-0.0194,-0.6223,0.0851,5.63,-35.06,24.63,24.11,-82.19,-173.92
52.421215,-1.534328,166.78,5.49,3,73.9,20 / 20,879910,2019-09-06 19:34:45:653,-2.7549,2.144,9.0452,0.0073,0.014,9.8066,-0.1165,-0.6526,0.1097,6.69,-34.5,24.38,27.74,-82.38,-173.55
52.421215,-1.534328,166.78,5.49,3,73.9,20 / 20,880009,2019-09-06 19:34:45:752,-2.1383,2.9531,9.9496,0.0016,0.0083,9.8066,-0.1459,-0.6234,0.0454,6.88,-34.56,23.19,28.92,-82.49,-173.51
52.421215,-1.534328,166.78,5.49,3,73.9,20 / 20,880109,2019-09-06 19:34:45:852,-3.1486,3.2068,10.242,0.0089,-0.0209,9.8065,0.1592,-0.644,0.058,7.5,-35.25,22.5,30.55,-82.55,-174.29
52.421215,-1.534328,166.78,5.49,3,73.9,20 / 20,880210,2019-09-06 19:34:45:953,-2.2455,2.3334,9.641,0.0238,0.0063,9.8065,0.124,-0.5711,0.0088,8.63,-34.19,21.38,31.99,-82.52,-177.33
52.421215,-1.534328,166.78,5.49,3,73.9,20 / 20,880309,2019-09-06 19:34:46:052,-2.2525,2.7251,9.4753,0.008,0.0292,9.8066,0.1004,-0.6584,0.1443,9.63,-35.25,20.69,34.29,-82.44,-177.83
52.421215,-1.534328,166.78,5.49,3,73.9,20 / 20,880410,2019-09-06 19:34:46:153,-3.4067,2.8337,9.7903,-0.0537,-0.0154,9.8064,-0.0131,-0.6429,0.1999,8.75,-35.56,19.69,39.29,-82.02,-173.54
52.421215,-1.534328,166.78,5.49,3,73.9,20 / 20,880509,2019-09-06 19:34:46:252,-2.6927,3.0336,10.1171,-0.0258,-0.0039,9.8065,-0.0533,-0.6404,0.083,9.31,-35.75,18.5,43.97,-82.02,-171.2
52.421215,-1.534328,166.78,5.49,3,73.9,20 / 20,880609,2019-09-06 19:34:46:352,-3.0446,4.5456,10.9566,0.0234,0.0049,9.8065,-0.073,-0.6658,0.0384,9.69,-36.12,17.88,49.28,-82.18,-170.48
52.421215,-1.534328,166.78,5.49,3,73.9,20 / 20,880709,2019-09-06 19:34:46:452,-1.4804,3.9343,9.6876,0.035,-0.0369,9.8065,0.1082,-0.6173,-0.0805,10.13,-35.81,15.13,51.1,-82.38,-174.81
52.421215,-1.534328,166.78,5.49,3,73.9,20 / 20,880810,2019-09-06 19:34:46:553,-1.2256,2.3431,9.142,0.0358,-0.0168,9.8066,0.1122,-0.6374,0.0243,10.25,-35.12,15.06,42.11,-82.45,178.28
52.421215,-1.534328,166.78,5.49,3,73.9,20 / 20,880910,2019-09-06 19:34:46:653,-1.9903,2.3113,9.5958,-0.0141,0.0117,9.8065,-0.0286,-0.6443,0.1905,10.13,-36.37,13.38,49.26,-82.26,178.42
52.421215,-1.534328,166.78,5.49,3,73.9,20 / 20,881009,2019-09-06 19:34:46:752,-1.4116,3.7042,9.3212,-0.0249,0.0113,9.8066,-0.0483,-0.722,0.1038,10.56,-36.62,11.81,60,-82.05,-178.66
52.421215,-1.534328,166.78,5.49,3,73.9,20 / 20,881110,2019-09-06 19:34:46:853,-1.1785,3.703,9.7274,0.0049,-0.0437,9.8065,-0.0256,-0.5575,0.0391,10.75,-37.44,10.69,63.64,-81.85,-179.32
52.421215,-1.534328,166.78,5.49,3,73.9,20 / 20,881209,2019-09-06 19:34:46:952,-1.4152,4.4757,10.7874,0.0368,0.0033,9.8065,-0.0521,-0.6293,0.05,10.44,-37.31,10.56,55.81,-82.34,177.27
52.421215,-1.534328,166.78,5.49,3,73.9,20 / 20,881310,2019-09-06 19:34:47:053,1.1771,2.4885,9.1705,0.0371,-0.0215,9.8065,0.1129,-0.6828,0.0587,11.06,-36.94,8.94,63.17,-82.52,174.54
52.421215,-1.534328,166.78,5.49,3,73.9,20 / 20,881409,2019-09-06 19:34:47:152,-0.2236,1.9864,9.2982,-0.0011,0.0017,9.8066,0.12,-0.5533,0.0566,11.13,-37.5,8.38,66.89,-82.37,173.17
52.421215,-1.534328,166.78,5.49,3,73.9,20 / 20,881510,2019-09-06 19:34:47:253,-0.2765,4.3472,9.6325,-0.0371,-0.007,9.8066,0.0641,-0.5017,0.0899,9.75,-37.06,7.69,67.41,-81.97,173.79
52.421215,-1.534328,166.78,5.49,3,73.9,20 / 20,881609,2019-09-06 19:34:47:352,-1.2466,4.3664,10.3977,-0.0504,-0.0105,9.8065,0.0027,-0.5911,0.0377,9.13,-36.75,6.5,74.78,-81.4,174.25
52.421215,-1.534328,166.78,5.49,3,73.9,20 / 20,881710,2019-09-06 19:34:47:453,1.1484,3.7704,9.8484,0.0338,-0.0102,9.8066,-0.0052,-0.6021,0.1047,9.5,-37,5.69,79.37,-81.49,172.41
52.421215,-1.534328,166.78,5.49,3,73.9,20 / 20,881810,2019-09-06 19:34:47:553,1.476,3.3415,9.7764,0.0291,-0.0172,9.8066,-0.1094,-0.5168,0.0034,9.81,-36.62,4.38,88.95,-81.73,170.78
52.421215,-1.534328,166.78,5.49,3,73.9,20 / 20,881909,2019-09-06 19:34:47:652,0.2659,1.9421,10.1195,0.0146,-0.0346,9.8065,-0.0298,-0.5473,0.0561,9.38,-38.12,4.19,87.4,-81.88,167.99
52.421215,-1.534328,166.78,5.49,3,73.9,20 / 20,882010,2019-09-06 19:34:47:753,1.1801,1.9809,9.8723,-0.0162,-0.0007,9.8066,-0.0311,-0.487,0.061,8.75,-37.25,2.69,91.75,-81.9,166.52
52.421215,-1.534328,166.78,5.49,3,73.9,20 / 20,882109,2019-09-06 19:34:47:852,1.2081,1.2504,10.3678,-0.0237,-0.0015,9.8066,0.0264,-0.5359,0.0768,8.63,-37.37,2.06,99.03,-81.68,166.22
52.421215,-1.534328,166.78,5.49,3,73.9,20 / 20,882213,2019-09-06 19:34:47:956,2.0398,3.6549,10.73,-0.0326,0.0031,9.8065,0.1205,-0.5156,0.131,7.69,-37.37,2.06,103.57,-81.36,166.26
52.421215,-1.534328,166.78,5.49,3,73.9,20 / 20,882310,2019-09-06 19:34:48:053,1.4502,3.507,8.3422,-0.0022,0.0035,9.8066,0.0157,-0.5635,0.1343,7.69,-36.31,0.88,108.96,-81.33,166.27
52.421215,-1.534328,166.78,5.49,3,73.9,20 / 20,882409,2019-09-06 19:34:48:152,1.9741,1.3581,9.7521,-0.0204,0.0163,9.8065,0.0815,-0.5265,0.1053,7.25,-37.06,0.19,119.97,-81.22,165.44
52.421215,-1.534328,166.78,5.49,3,73.9,20 / 20,882510,2019-09-06 19:34:48:253,2.5583,1.3423,9.1705,-0.0212,0.0028,9.8066,0.032,-0.4604,0.0152,6.56,-37.06,-0.5,119.74,-81.21,165.01
52.421215,-1.534328,166.78,5.49,3,73.9,20 / 20,882610,2019-09-06 19:34:48:353,1.5395,1.8443,9.6348,0.0097,-0.0372,9.8066,-0.0554,-0.5569,0.1183,6.38,-37.12,-1.12,130.29,-81.02,164.35
52.421215,-1.534328,166.78,5.49,3,73.9,20 / 20,882710,2019-09-06 19:34:48:453,2.0823,2.4497,10.1003,0.0337,0.0029,9.8065,-0.0485,-0.5194,0.1285,5.44,-38.31,-1.37,136.73,-81.36,165.29
52.421215,-1.534328,166.78,5.49,3,73.9,20 / 20,882810,2019-09-06 19:34:48:553,5.9005,1.0791,9.8479,0.0122,-0.0024,9.8066,0.1036,-0.4956,-0.0207,4.13,-38.81,-1.81,147.14,-81.66,167.38
52.421215,-1.534328,166.78,5.49,3,73.9,20 / 20,882909,2019-09-06 19:34:48:652,2.9141,0.8136,10.2542,-0.0437,-0.0228,9.8064,0.0421,-0.503,0.0309,4,-38.19,-2.37,145.69,-81.5,164.16
52.421215,-1.534328,166.78,5.49,3,73.9,20 / 20,883009,2019-09-06 19:34:48:752,2.6983,-0.1495,9.4923,0.0008,-0.0322,9.8065,0.1423,-0.5252,0.0423,3,-38,-2.56,153.76,-81.48,162.98
52.421215,-1.534328,166.78,5.49,3,73.9,20 / 20,883109,2019-09-06 19:34:48:852,2.2002,0.012,9.2213,0.0104,-0.0371,9.8065,0.1445,-0.4977,0.1698,1.75,-38.06,-3.87,160.5,-81.54,162.57
52.421215,-1.534328,166.78,5.49,3,73.9,20 / 20,883211,2019-09-06 19:34:48:954,4.6874,0.1578,10.0807,0.0269,0.0005,9.8066,-0.1544,-0.5102,0.0368,1.13,-38.5,-3.75,168.07,-81.67,166.2
52.421215,-1.534328,166.78,5.49,3,73.9,20 / 20,883309,2019-09-06 19:34:49:052,4.9254,-1.3351,9.9224,-0.0271,-0.011,9.8065,-0.112,-0.5087,-0.0274,0.31,-37.81,-3.69,173.7,-81.87,165.28
52.421215,-1.534328,166.78,5.49,3,73.9,20 / 20,883410,2019-09-06 19:34:49:153,2.8639,-1.0907,10.8994,-0.0353,-0.0075,9.8065,0.0933,-0.5375,0.0486,-0.25,-38,-3.87,171.82,-81.81,160.8
52.421215,-1.534328,166.78,5.49,3,73.9,20 / 20,883509,2019-09-06 19:34:49:252,1.755,-1.5505,9.9229,-0.0158,-0.0174,9.8066,0.1122,-0.512,0.0334,-0.56,-38.94,-4.69,175.34,-81.93,159.08
52.421215,-1.534328,166.78,5.49,3,73.9,20 / 20,883610,2019-09-06 19:34:49:353,3.601,-1.5913,9.0409,0.0345,0.0171,9.8065,0.0636,-0.5911,0.1526,-2.06,-38.25,-4.69,181.26,-81.72,160.73
52.421215,-1.534328,166.78,5.49,3,73.9,20 / 20,883710,2019-09-06 19:34:49:453,4.4227,-2.1353,8.8868,0.0243,0.0277,9.8065,-0.0059,-0.5105,0.0611,-2.94,-38.94,-3.94,189.62,-81.4,163.9
52.421215,-1.534328,166.78,5.49,3,73.9,20 / 20,883810,2019-09-06 19:34:49:553,2.5541,-2.1076,9.1471,-0.0028,-0.0232,9.8065,0.0459,-0.5696,0.111,-3.5,-38.62,-4.56,187.78,-81.45,164.47
52.421215,-1.534328,166.78,5.49,3,73.9,20 / 20,883910,2019-09-06 19:34:49:653,2.7035,-2.7204,10.4377,0.0013,-0.0437,9.8065,-0.057,-0.6056,0.0785,-3.62,-37.75,-5.19,192.85,-81.82,164.9
52.421215,-1.534328,166.78,5.49,3,73.9,20 / 20,884010,2019-09-06 19:34:49:753,2.7787,-3.5879,10.3181,-0.0282,-0.0278,9.8065,-0.011,-0.5295,0.0253,-6.31,-38.12,-4.56,201.37,-82.53,164.34
52.421215,-1.534328,166.78,5.49,3,73.9,20 / 20,884110,2019-09-06 19:34:49:853,2.7535,-3.2245,9.7264,-0.0007,0.0146,9.8065,0.0401,-0.6181,0.1032,-6.25,-38,-5,200.2,-82.55,162.44
52.421215,-1.534328,166.78,5.49,3,73.9,20 / 20,884209,2019-09-06 19:34:49:952,2.1624,-3.1988,9.9364,0.0146,0.0355,9.8066,0.1051,-0.5544,0.0246,-6.62,-38,-5,202.92,-82.41,161.42
52.421215,-1.534328,166.78,5.49,3,73.9,20 / 20,884309,2019-09-06 19:34:50:052,2.4611,-2.6732,10.0339,0.023,0.0133,9.8066,0.1237,-0.6278,0.0782,-7.56,-38.12,-4.44,209.22,-81.95,162.47
52.421143,-1.534421,167.32,4.81,3,8.54,20 / 20,884410,2019-09-06 19:34:50:153,1.8583,-2.5726,9.2073,-0.0203,0.0047,9.8066,-0.1337,-0.5227,0.0846,-8.62,-38.19,-4,211.76,-81.78,162.4
52.421143,-1.534421,167.32,4.81,3,8.54,20 / 20,884510,2019-09-06 19:34:50:253,1.9962,-4.7489,9.5184,0.0089,-0.0036,9.8066,-0.2122,-0.6297,0.1111,-9.94,-38.37,-3.94,213.12,-81.97,160.33
52.421143,-1.534421,167.32,4.81,3,8.54,20 / 20,884609,2019-09-06 19:34:50:352,0.6204,-4.3525,9.5839,-0.0187,0.0013,9.8066,0.2337,-0.5691,0.0173,-10.19,-38.25,-3.62,212.5,-82.28,158.85
52.421143,-1.534421,167.32,4.81,3,8.54,20 / 20,884710,2019-09-06 19:34:50:453,2.5553,-2.0461,10.5569,-0.029,-0.0102,9.8065,0.2078,-0.5659,0.1007,-11.25,-38.19,-4.12,213.11,-82.1,156.99
52.421143,-1.534421,167.32,4.81,3,8.54,20 / 20,884809,2019-09-06 19:34:50:552,1.8392,-2.7406,9.5333,-0.0313,-0.0162,9.8065,-0.1077,-0.6402,0.0563,-12,-38.06,-3.44,217.43,-82.29,155.77
52.421143,-1.534421,167.32,4.81,3,8.54,20 / 20,884910,2019-09-06 19:34:50:653,1.6888,-3.5797,8.7826,0.0164,-0.0094,9.8066,-0.086,-0.602,0.0787,-12.19,-37.37,-2.62,218.25,-82.41,156.25
52.421143,-1.534421,167.32,4.81,3,8.54,20 / 20,885010,2019-09-06 19:34:50:753,1.67,-3.1828,9.4981,0.021,-0.002,9.8065,0.0648,-0.6603,0.1706,-14,-37.75,-2.25,224.74,-82.55,156.89
52.421143,-1.534421,167.32,4.81,3,8.54,20 / 20,885110,2019-09-06 19:34:50:853,1.5663,-3.5243,9.8198,-0.0139,-0.0149,9.8066,-0.0201,-0.6086,0.0536,-15.31,-37.75,-0.87,231.04,-82.83,158.9
52.421143,-1.534421,167.32,4.81,3,8.54,20 / 20,885210,2019-09-06 19:34:50:953,1.0577,-3.3839,9.5878,-0.0205,-0.0041,9.8066,-0.0874,-0.5978,0.0667,-15.75,-37.81,-0.37,234.7,-82.98,158.28
52.421143,-1.534421,167.32,4.81,3,8.54,20 / 20,885310,2019-09-06 19:34:51:053,1.0932,-4.093,9.5126,-0.0345,-0.0173,9.8065,-0.0118,-0.6635,0.1097,-16.5,-37.62,0.06,234.44,-83.21,157.52
52.421143,-1.534421,167.32,4.81,3,8.54,21 / 21,885409,2019-09-06 19:34:51:152,0.367,-3.1182,9.4599,-0.0267,-0.0091,9.8066,-0.0573,-0.6425,0.0961,-17.19,-37.06,-0.12,235.38,-83.74,156.53
52.421143,-1.534421,167.32,4.81,3,8.54,21 / 21,885510,2019-09-06 19:34:51:253,0.8359,-3.2161,9.8007,0.0045,-0.036,9.8065,-0.0772,-0.66,0.1515,-18.06,-36.69,0.75,241.7,-84.11,159.12
52.421143,-1.534421,167.32,4.81,3,8.54,21 / 21,885609,2019-09-06 19:34:51:352,0.1086,-3.3258,10.0743,0.0083,-0.0101,9.8066,0.0704,-0.6504,0.0793,-18.62,-36.69,1.13,244.25,-84.36,161.08
52.421143,-1.534421,167.32,4.81,3,8.54,21 / 21,885710,2019-09-06 19:34:51:453,0.7418,-4.1952,10.1609,0.0048,-0.006,9.8066,-0.0483,-0.5932,0.0461,-19.12,-36,2,248.11,-84.39,161.89
52.421143,-1.534421,167.32,4.81,3,8.54,21 / 21,885810,2019-09-06 19:34:51:553,-0.5905,-3.8235,8.8007,0.0236,0.0134,9.8066,0.1439,-0.5764,-0.0488,-19.31,-36.19,3.19,249.54,-84.33,160.49
52.421143,-1.534421,167.32,4.81,3,8.54,21 / 21,885910,2019-09-06 19:34:51:653,-0.0205,-2.9305,8.7265,-0.0404,0.0093,9.8066,0.0872,-0.6149,0.1189,-19.75,-37.31,4.56,253.58,-84.27,159.42
52.421143,-1.534421,167.32,4.81,3,8.54,21 / 21,886010,2019-09-06 19:34:51:753,0.2816,-3.4991,9.8052,-0.0065,-0.0223,9.8066,-0.0684,-0.5903,0.1078,-19.75,-36.44,5.69,257.65,-84.69,159.9
52.421143,-1.534421,167.32,4.81,3,8.54,21 / 21,886109,2019-09-06 19:34:51:852,0.4089,-4.0072,11.0965,0.003,-0.0045,9.8066,-0.077,-0.5062,-0.0202,-19.75,-35.87,6.19,260.04,-85.02,161.81
52.421143,-1.534421,167.32,4.81,3,8.54,21 / 21,886210,2019-09-06 19:34:51:953,-0.7399,-2.931,10.7816,-0.0148,-0.0133,9.8065,-0.0357,-0.5699,0.0737,-20.94,-35.81,7.5,264,-85.45,160.4
52.421143,-1.534421,167.32,4.81,3,8.54,21 / 21,886310,2019-09-06 19:34:52:053,-1.0064,-2.903,9.4602,-0.0098,-0.0155,9.8066,-0.0066,-0.5332,0.09,-20.81,-36.19,8.38,267.57,-85.83,163.4
52.421143,-1.534421,167.32,4.81,3,8.54,21 / 21,886410,2019-09-06 19:34:52:153,-0.9797,-3.7746,9.2412,0.0209,-0.0348,9.8065,0.1131,-0.6044,0.0968,-21.31,-35.06,9.56,276.73,-85.65,167.82
52.421143,-1.534421,167.32,4.81,3,8.54,21 / 21,886509,2019-09-06 19:34:52:252,-1.2433,-4.5828,9.5084,0.0094,-0.0265,9.8066,0.0693,-0.6218,0.1268,-22.06,-35,10.81,283.35,-85.37,173.27
52.421143,-1.534421,167.32,4.81,3,8.54,21 / 21,886610,2019-09-06 19:34:52:353,-1.836,-3.7509,10.1613,-0.0006,-0.0173,9.8066,-0.032,-0.6659,0.1228,-21.75,-35.31,12.19,289.38,-85.19,177.2
52.421143,-1.534421,167.32,4.81,3,8.54,21 / 21,886710,2019-09-06 19:34:52:453,-1.1937,-3.7947,9.5758,-0.013,-0.0126,9.8066,-0.0982,-0.6322,0.1309,-21.56,-35.75,12.88,295.69,-85.41,-178.97
52.421143,-1.534421,167.32,4.81,3,8.54,21 / 21,886810,2019-09-06 19:34:52:553,-2.6504,-3.6442,10.4892,-0.0004,-0.0309,9.8065,-0.0285,-0.6695,0.082,-21.87,-35.62,13.69,302.29,-85.55,-174.89
52.421143,-1.534421,167.32,4.81,3,8.54,21 / 21,886910,2019-09-06 19:34:52:653,-2.5366,-2.9714,10.1267,-0.0219,0.0081,9.8066,-0.0427,-0.6686,0.0123,-21.25,-35.06,15.25,309.09,-85.9,-172.05
52.421143,-1.534421,167.32,4.81,3,8.54,21 / 21,887009,2019-09-06 19:34:52:752,-2.5464,-3.0962,9.6523,-0.0109,0.0075,9.8066,-0.0572,-0.6436,0.0512,-21.06,-34.87,16.69,312.57,-85.9,-172.43
52.421143,-1.534421,167.32,4.81,3,8.54,21 / 21,887109,2019-09-06 19:34:52:852,-2.3405,-2.9658,9.24,-0.0103,-0.0089,9.8066,0.0992,-0.6542,0.1146,-21.37,-34,16.94,313.56,-85.8,-171.52
52.421143,-1.534421,167.32,4.81,3,8.54,21 / 21,887210,2019-09-06 19:34:52:953,-2.6179,-2.7213,9.8594,-0.0148,-0.0129,9.8066,-0.0559,-0.6571,0.0474,-20.62,-34.12,18.5,320.36,-85.62,-168.34
52.421143,-1.534421,167.32,4.81,3,8.54,21 / 21,887310,2019-09-06 19:34:53:053,-3.7623,-3.5871,11.2147,0.0093,-0.0197,9.8065,0.0544,-0.7329,0.1222,-20.19,-34.31,19.5,325.54,-85.37,-166.21
52.421143,-1.534421,167.32,4.81,3,8.54,20 / 20,887409,2019-09-06 19:34:53:152,-2.6433,-2.5701,10.6168,-0.0028,0.0159,9.8066,-0.0872,-0.6275,0.0506,-19.94,-34.31,20.63,327,-85.36,-166.35
52.421143,-1.534421,167.32,4.81,3,8.54,20 / 20,887510,2019-09-06 19:34:53:253,-2.6118,-1.9169,9.8563,0.0097,-0.0202,9.8066,-0.0581,-0.5993,0.0525,-18.75,-34.69,21.94,328.24,-85.28,-167.86
52.421143,-1.534421,167.32,4.81,3,8.54,20 / 20,887610,2019-09-06 19:34:53:353,-3.0207,-2.0604,10.1673,-0.0022,-0.0048,9.8066,0.0762,-0.6753,0.1069,-18.75,-34.19,22.44,329.39,-85.31,-166.92
52.421143,-1.534421,167.32,4.81,3,8.54,20 / 20,887709,2019-09-06 19:34:53:452,-3.0741,-1.5023,10.0248,-0.0042,-0.0165,9.8065,-0.0193,-0.6481,0.0346,-17.31,-33.81,23.5,337.55,-85.13,-164.92
52.421143,-1.534421,167.32,4.81,3,8.54,20 / 20,887810,2019-09-06 19:34:53:553,-3.1462,-1.271,9.8016,0.014,-0.0187,9.8066,0.0451,-0.5987,0.107,-17.44,-33,24.13,338.24,-84.86,-164.23
52.421143,-1.534421,167.32,4.81,3,8.54,20 / 20,887910,2019-09-06 19:34:53:653,-3.7047,-1.7671,10.547,-0.0027,-0.0004,9.8066,-0.0048,-0.5747,0.0357,-17.06,-33.62,24.81,340.02,-84.78,-163.68
52.421143,-1.534421,167.32,4.81,3,8.54,20 / 20,888010,2019-09-06 19:34:53:753,-2.8082,-1.3972,9.7503,0.009,-0.0016,9.8066,-0.0253,-0.566,0.0212,-15.37,-34,25.63,343.23,-84.79,-165.03
52.421143,-1.534421,167.32,4.81,3,8.54,20 / 20,888109,2019-09-06 19:34:53:852,-2.9804,-1.1626,10.0153,0.0021,0.0046,9.8066,0.0072,-0.6101,0.0961,-15,-32.94,26.06,342.3,-84.85,-165.93
52.421143,-1.534421,167.32,4.81,3,8.54,20 / 20,888210,2019-09-06 19:34:53:953,-2.6571,-0.7409,10.2204,-0.0131,0.01,9.8066,-0.0063,-0.5542,0.0705,-14.31,-33.56,26.81,346,-84.83,-165.14
52.421143,-1.534421,167.32,4.81,3,8.54,20 / 20,888310,2019-09-06 19:34:54:053,-2.7026,-1.2712,10.857,0.0065,-0.0373,9.8066,-0.0288,-0.5512,0.0959,-13.94,-33.56,27.81,348.8,-84.72,-163.48
52.421143,-1.534421,167.32,4.81,3,8.54,21 / 21,888409,2019-09-06 19:34:54:152,-3.3942,-0.902,10.1615,0.0116,-0.0446,9.8065,-0.0797,-0.5608,0.0452,-13.12,-33.25,28.44,351.4,-84.15,-162.72
52.421143,-1.534421,167.32,4.81,3,8.54,21 / 21,888509,2019-09-06 19:34:54:252,-2.984,-0.9854,9.8636,0.0239,-0.0364,9.8065,0.1027,-0.525,0.0803,-12.87,-33.56,28.81,350.84,-83.91,-163.92
52.421143,-1.534421,167.32,4.81,3,8.54,21 / 21,888610,2019-09-06 19:34:54:353,-3.4259,-1.1849,10.2752,-0.0163,-0.0138,9.8066,0.0893,-0.5182,0.1014,-11.44,-32.87,29.38,354.07,-83.8,-164.45
52.421143,-1.534421,167.32,4.81,3,8.54,21 / 21,888709,2019-09-06 19:34:54:452,-3.672,-0.8486,10.2725,-0.0284,0.0152,9.8066,-0.1504,-0.6018,0.1216,-10.94,-33.06,29.5,358.35,-83.74,-161.31
52.421143,-1.534421,167.32,4.81,3,8.54,21 / 21,888809,2019-09-06 19:34:54:552,-4.1446,-0.0116,10.0898,-0.0007,-0.0172,9.8066,-0.0955,-0.5462,0.0709,-10.06,-33,29.56,2.65,-83.55,-159.24
52.421143,-1.534421,167.32,4.81,3,8.54,21 / 21,888909,2019-09-06 19:34:54:652,-4.2512,-0.1277,10.1001,0.0151,-0.0252,9.8065,0.0523,-0.5172,0.0193,-9.19,-33,29.75,3.67,-83.49,-160.1
52.421143,-1.534421,167.32,4.81,3,8.54,21 / 21,889009,2019-09-06 19:34:54:752,-3.4015,-0.5847,9.545,0.0144,-0.0227,9.8066,0.0635,-0.5833,0.0568,-7.87,-34,30.63,3.56,-83.17,-162.44
52.421143,-1.534421,167.32,4.81,3,8.54,21 / 21,889109,2019-09-06 19:34:54:852,-3.6799,-0.8258,9.6816,0.0073,-0.0345,9.8065,-0.0927,-0.5899,0.0503,-7.12,-32.94,30.69,4.22,-82.83,-163.63
52.421143,-1.534421,167.32,4.81,3,8.54,21 / 21,889210,2019-09-06 19:34:54:953,-3.4063,0.0466,9.582,0.0121,0.0227,9.8066,-0.0971,-0.5897,0.0693,-5.94,-32.94,31.19,5.19,-82.78,-164.58
52.421143,-1.534421,167.32,4.81,3,8.54,21 / 21,889309,2019-09-06 19:34:55:052,-4.0929,0.9225,10.5537,0.0033,0.0271,9.8065,-0.0859,-0.619,0.0763,-4.94,-34.06,30.88,6.05,-83.09,-165.61
52.421143,-1.534421,167.32,4.81,3,8.54,19 / 19,889410,2019-09-06 19:34:55:153,-3.1983,0.5024,9.6661,0.0145,0.0299,9.8065,0.102,-0.6125,0.0636,-4.12,-33.5,30.13,6,-83.45,-167.19
52.421143,-1.534421,167.32,4.81,3,8.54,19 / 19,889510,2019-09-06 19:34:55:253,-2.9578,0.6202,9.4188,-0.0046,-0.0091,9.8066,-0.1061,-0.6574,0.0829,-3.37,-33.19,30.19,7.96,-83.29,-167.4
52.421143,-1.534421,167.32,4.81,3,8.54,19 / 19,889610,2019-09-06 19:34:55:353,-3.7653,0.0592,9.8226,-0.0074,-0.0547,9.8064,-0.1038,-0.6415,0.0697,-1.75,-33.56,30.19,8.95,-82.87,-168.56
52.421143,-1.534421,167.32,4.81,3,8.54,19 / 19,889709,2019-09-06 19:34:55:452,-3.8403,0.8926,9.0295,-0.0059,-0.0581,9.8065,0.1167,-0.634,0.124,-0.81,-33.06,29.31,11.25,-82.56,-168.51
52.421143,-1.534421,167.32,4.81,3,8.54,19 / 19,889810,2019-09-06 19:34:55:553,-4.8126,1.3813,10.2713,-0.011,0.0368,9.8065,0.0825,-0.7164,0.1051,-0.06,-33.75,30.38,14.14,-82.47,-168.06
52.421143,-1.534421,167.32,4.81,3,8.54,19 / 19,889909,2019-09-06 19:34:55:652,-3.978,1.2998,10.1929,0.0267,0.0502,9.8064,-0.0826,-0.5524,-0.0116,0.38,-34.37,28.69,14.07,-82.77,-168.09
52.421143,-1.534421,167.32,4.81,3,8.54,19 / 19,890010,2019-09-06 19:34:55:753,-3.6714,0.7162,10.0004,0.0127,0.0009,9.8066,0.0304,-0.626,0.1271,2.13,-34.31,27.75,14.87,-82.87,-171.54
52.421143,-1.534421,167.32,4.81,3,8.54,19 / 19,890110,2019-09-06 19:34:55:853,-3.5101,1.2111,9.8491,0.0042,0.0167,9.8066,-0.1145,-0.6077,0.0086,3.19,-34.12,27.5,17,-82.98,-171.71
52.421143,-1.534421,167.32,4.81,3,8.54,19 / 19,890210,2019-09-06 19:34:55:953,-4.6316,1.0366,10.4358,-0.01,-0.0273,9.8066,0.0202,-0.6103,0.0844,3.88,-34.06,26.13,19.11,-83,-172.73
52.421143,-1.534421,167.32,4.81,3,8.54,19 / 19,890312,2019-09-06 19:34:56:055,-2.844,2.0259,9.0207,0.0117,-0.0063,9.8066,-0.2139,-0.6131,0.0784,5.06,-34.62,25.31,21.35,-83.22,-173.48
52.421143,-1.534421,167.32,4.81,3,8.54,21 / 21,890409,2019-09-06 19:34:56:152,-1.4708,1.93,8.9832,-0.0047,-0.0235,9.8066,-0.2777,-0.5034,-0.0207,5.75,-33.81,24.69,22.77,-83.36,-174.26
52.421143,-1.534421,167.32,4.81,3,8.54,21 / 21,890510,2019-09-06 19:34:56:253,-2.2297,1.7665,8.4984,0.0141,0.0643,9.8064,0.158,-0.6214,0.1632,5.94,-35.44,24.31,23.18,-83.34,-174.7
52.421143,-1.534421,167.32,4.81,3,8.54,21 / 21,890609,2019-09-06 19:34:56:352,-3.7248,2.4357,10.9406,-0.0133,0.0501,9.8065,0.0515,-0.6184,0.0663,6.5,-35.75,24,29.56,-83.69,-171.33
52.421143,-1.534421,167.32,4.81,3,8.54,21 / 21,890709,2019-09-06 19:34:56:452,-3.9938,2.411,10.4815,0.0233,0.0369,9.8065,-0.0826,-0.5514,0.0146,7.13,-35.37,23.25,30.04,-83.75,-171.6
52.421143,-1.534421,167.32,4.81,3,8.54,21 / 21,890809,2019-09-06 19:34:56:552,-2.5127,2.6724,9.733,0.0128,-0.036,9.8065,0.0129,-0.5895,0.0632,8.06,-35.37,21.88,29.73,-83.51,-175.23
52.421143,-1.534421,167.32,4.81,3,8.54,21 / 21,890909,2019-09-06 19:34:56:652,-1.4879,2.1913,8.7717,0.0124,-0.0299,9.8066,0.0809,-0.6316,0.0759,8.38,-35.81,21.13,28.53,-83.36,-177.57
52.421143,-1.534421,167.32,4.81,3,8.54,21 / 21,891009,2019-09-06 19:34:56:752,-3.8495,2.045,9.1317,-0.0297,0.0191,9.8065,0.1242,-0.6408,0.2131,8.63,-35.19,19.88,34.02,-83.18,-176.5
52.421143,-1.534421,167.32,4.81,3,8.54,21 / 21,891110,2019-09-06 19:34:56:853,-4.3448,3.1981,10.1051,-0.0304,0.0399,9.8065,-0.0803,-0.6252,0.0995,8.31,-35.31,18.44,41.84,-82.98,-170.69
52.421143,-1.534421,167.32,4.81,3,8.54,21 / 21,891209,2019-09-06 19:34:56:952,-3.6233,4.1027,11.2769,-0.0082,-0.0123,9.8066,-0.0347,-0.6543,0.0241,8.63,-35.19,18.06,47.95,-82.84,-168.14
52.421143,-1.534421,167.32,4.81,3,8.54,21 / 21,891309,2019-09-06 19:34:57:052,-2.0956,3.4626,10.3853,0.0323,-0.0338,9.8064,0.0027,-0.5846,-0.0784,10.06,-35.87,17.13,48.89,-83.08,-171.37
52.421143,-1.534421,167.32,4.81,3,8.54,20 / 20,891410,2019-09-06 19:34:57:153,-0.8744,3.0443,9.3664,0.0361,-0.0359,9.8064,-0.0309,-0.5413,-0.0533,10.06,-36.75,15.25,46.77,-83.24,-177.29
52.421143,-1.534421,167.32,4.81,3,8.54,20 / 20,891509,2019-09-06 19:34:57:252,-1.5678,2.3374,8.7113,-0.0131,0.0018,9.8066,0.0132,-0.6258,0.2234,10.94,-36.81,13.88,48.14,-83.11,179.02
52.421143,-1.534421,167.32,4.81,3,8.54,20 / 20,891610,2019-09-06 19:34:57:353,-2.3272,4.5741,9.4042,-0.0421,0.012,9.8065,-0.0324,-0.703,0.1313,10.94,-37.12,13.56,55.27,-82.76,-175.59
52.421143,-1.534421,167.32,4.81,3,8.54,20 / 20,891709,2019-09-06 19:34:57:452,-1.3611,3.7484,10.2146,0.0333,0.0073,9.8065,-0.014,-0.5838,0.0338,10.5,-37.37,12.31,61.78,-82.58,-176.02
52.421143,-1.534421,167.32,4.81,3,8.54,20 / 20,891809,2019-09-06 19:34:57:552,-1.4975,4.2378,10.4914,0.054,0.0173,9.8065,-0.0159,-0.5969,0.0494,10.25,-36.12,10.56,59.42,-83.06,-177.72
52.421143,-1.534421,167.32,4.81,3,8.54,20 / 20,891910,2019-09-06 19:34:57:653,-0.3014,3.7222,9.889,0.0368,-0.0101,9.8065,0.0704,-0.6233,0.001,10.5,-37.12,9.88,62.58,-83.25,179.54
52.421143,-1.534421,167.32,4.81,3,8.54,20 / 20,892010,2019-09-06 19:34:57:753,0.1593,3.51,9.2757,-0.0147,-0.0128,9.8066,0.0904,-0.5717,0.041,10.63,-36.75,8.69,65.35,-83.1,177.86
52.421143,-1.534421,167.32,4.81,3,8.54,20 / 20,892109,2019-09-06 19:34:57:852,0.2238,2.2025,9.4756,-0.0347,-0.0164,9.8065,0.1151,-0.653,0.1259,10.56,-36.62,7.63,70.48,-82.59,176.91
52.421143,-1.534421,167.32,4.81,3,8.54,20 / 20,892211,2019-09-06 19:34:57:954,-1.2413,3.1861,9.2828,-0.0167,-0.0093,9.8065,0.0066,-0.5928,0.0301,10.06,-36.81,7.56,71.2,-82.08,177.36
52.421143,-1.534421,167.32,4.81,3,8.54,20 / 20,892310,2019-09-06 19:34:58:053,-0.6693,4.1409,10.1455,-0.0085,-0.0147,9.8066,-0.0767,-0.5458,0.0164,9.81,-37.69,6.63,76.36,-82.1,176.42
52.421143,-1.534421,167.32,4.81,3,8.54,21 / 21,892409,2019-09-06 19:34:58:152,1.042,3.5844,10.4308,0.0006,-0.0176,9.8066,-0.126,-0.581,0.0075,10.13,-36.87,5.19,83.85,-82.37,174.21
52.421143,-1.534421,167.32,4.81,3,8.54,21 / 21,892510,2019-09-06 19:34:58:253,0.9516,2.7486,9.8991,0.018,-0.031,9.8066,-0.0417,-0.4951,-0.0326,10,-36.69,3.94,86.88,-82.5,171.81
52.421143,-1.534421,167.32,4.81,3,8.54,21 / 21,892609,2019-09-06 19:34:58:352,1.2163,2.6269,9.9838,0.0032,-0.0216,9.8066,0.0609,-0.5033,0.063,9.19,-36.81,3.56,84.15,-82.56,168.85
52.421143,-1.534421,167.32,4.81,3,8.54,21 / 21,892710,2019-09-06 19:34:58:453,1.6622,0.7605,10.0454,-0.0316,0.0167,9.8066,0.1324,-0.6089,0.1126,8.88,-36.69,2.31,96.25,-82.42,166.78
52.421143,-1.534421,167.32,4.81,3,8.54,21 / 21,892810,2019-09-06 19:34:58:553,1.0172,2.5646,9.3973,0.0012,-0.004,9.8066,0.1666,-0.54,0.0563,9.25,-36.56,1.69,98.36,-82.19,167.99
52.421143,-1.534421,167.32,4.81,3,8.54,21 / 21,892910,2019-09-06 19:34:58:653,1.8896,3.1852,9.0888,0.0104,-0.0013,9.8066,0.0777,-0.3837,0.0562,7.75,-36.62,1.31,108.79,-81.99,168.43
52.421143,-1.534421,167.32,4.81,3,8.54,21 / 21,893009,2019-09-06 19:34:58:752,1.7935,0.9435,10.0131,0.0055,-0.0154,9.8066,-0.0018,-0.5017,0.0053,7.69,-37.19,0.81,108.26,-81.85,166.98
52.421143,-1.534421,167.32,4.81,3,8.54,21 / 21,893109,2019-09-06 19:34:58:852,1.5554,1.9335,10.0163,0.0204,-0.0265,9.8066,-0.0615,-0.4909,0.0932,7.69,-37.56,-0.19,113.87,-81.91,166.05
52.421143,-1.534421,167.32,4.81,3,8.54,21 / 21,893210,2019-09-06 19:34:58:953,1.4842,1.2128,10.0801,-0.0164,0.0159,9.8066,-0.0161,-0.4484,0.0373,6.81,-38.25,-0.62,122.57,-82,165.31
52.421143,-1.534421,167.32,4.81,3,8.54,21 / 21,893309,2019-09-06 19:34:59:052,2.1876,1.5943,9.8716,-0.0077,0.0031,9.8066,-0.137,-0.4322,0.0205,5.63,-37.5,-2.25,130.84,-82.09,164.91
52.421143,-1.534421,167.32,4.81,3,8.54,21 / 21,893409,2019-09-06 19:34:59:152,3.7125,-0.0493,9.7693,-0.0028,0.0181,9.8066,-0.0922,-0.4657,0.0922,5.19,-37.12,-2.75,139.19,-82.22,164.21
52.421143,-1.534421,167.32,4.81,3,8.54,21 / 21,893510,2019-09-06 19:34:59:253,3.3679,0.0578,9.8386,-0.0294,0.0233,9.8065,-0.02,-0.4706,0.0119,5,-37.87,-2.56,139.97,-82.12,164.04
52.421143,-1.534421,167.32,4.81,3,8.54,21 / 21,893610,2019-09-06 19:34:59:353,3.1462,-0.1593,9.953,-0.0216,-0.01,9.8066,0.0834,-0.4272,-0.026,3.88,-37.81,-3.37,145.75,-81.96,162.27
52.421143,-1.534421,167.32,4.81,3,8.54,21 / 21,893709,2019-09-06 19:34:59:452,1.5504,0.1925,8.839,-0.0132,0.0115,9.8066,0.1274,-0.4228,0.0881,3.81,-37.69,-3.31,146.08,-81.67,161.42
52.421143,-1.534421,167.32,4.81,3,8.54,21 / 21,893810,2019-09-06 19:34:59:553,1.9271,0.4999,9.0068,0.0117,0.0036,9.8066,-0.0297,-0.4493,0.1116,3.88,-38.62,-3.12,147.23,-81.51,161.95
52.421143,-1.534421,167.32,4.81,3,8.54,21 / 21,893910,2019-09-06 19:34:59:653,3.036,0.2485,9.7353,0.037,0.0002,9.8065,-0.0418,-0.4422,0.1537,2.06,-39.06,-3.87,161.62,-81.65,164.8
52.421143,-1.534421,167.32,4.81,3,8.54,21 / 21,894009,2019-09-06 19:34:59:752,3.98,-1.377,10.171,0.0123,0.0079,9.8066,-0.0362,-0.3903,0.0165,1.44,-39.12,-4.87,168.38,-81.86,167.19
52.421143,-1.534421,167.32,4.81,3,8.54,21 / 21,894109,2019-09-06 19:34:59:852,1.9139,-1.8391,9.7643,-0.0339,0.0194,9.8065,-0.1219,-0.3799,-0.0467,1.06,-37.81,-5.31,167.28,-81.89,165.32
52.421143,-1.534421,167.32,4.81,3,8.54,21 / 21,894210,2019-09-06 19:34:59:953,1.1467,-0.8935,9.6159,-0.0133,-0.023,9.8065,-0.01,-0.3874,0.0321,0.25,-38.25,-4.69,171.1,-82.18,161.97
52.421143,-1.534421,167.32,4.81,3,8.54,21 / 21,894310,2019-09-06 19:35:00:053,2.1835,-1.1118,9.7564,0.0042,-0.0047,9.8066,0.0689,-0.3936,0.0459,-0.19,-37.94,-5,170.94,-82.26,161.74
52.421143,-1.534421,167.32,4.81,3,8.54,21 / 21,894410,2019-09-06 19:35:00:153,1.4666,-0.7384,9.306,0.0016,0.0166,9.8066,0.0633,-0.4244,0.0897,-0.5,-38.31,-5.56,170.5,-82.11,162.34
52.421143,-1.534421,167.32,4.81,3,8.54,21 / 21,894510,2019-09-06 19:35:00:253,2.5911,-1.0957,10.2782,0.0186,0.0192,9.8066,0.079,-0.3846,0.078,-1.25,-38.37,-4.19,179.07,-81.82,163.82
52.421143,-1.534421,167.32,4.81,3,8.54,21 / 21,894609,2019-09-06 19:35:00:352,1.7027,-1.2076,10.0249,-0.0044,0.0105,9.8065,0.0536,-0.398,0.0434,-1.75,-39.44,-4.19,184.65,-81.5,164.04
52.421143,-1.534421,167.32,4.81,3,8.54,21 / 21,894710,2019-09-06 19:35:00:453,1.3574,-1.5656,10.2421,0.0027,0.0111,9.8066,0.033,-0.3894,0.0434,-3.12,-39,-4.62,187.44,-81.42,163.81
52.421143,-1.534421,167.32,4.81,3,8.54,21 / 21,894810,2019-09-06 19:35:00:553,1.392,-1.3341,9.5186,0.0028,0.0071,9.8066,-0.0134,-0.3839,0.0802,-4.06,-38.69,-4.81,191.92,-81.31,164.09
52.421143,-1.534421,167.32,4.81,3,8.54,21 / 21,894909,2019-09-06 19:35:00:652,1.8656,-1.1749,9.0357,0.0074,-0.0033,9.8065,-0.0559,-0.4089,0.0543,-4,-37.62,-5.12,192.36,-81.37,164.56
52.421143,-1.534421,167.32,4.81,3,8.54,21 / 21,895010,2019-09-06 19:35:00:753,1.4476,-1.4614,9.1091,-0.0121,-0.0137,9.8065,-0.0297,-0.409,0.0907,-4.56,-38.12,-4.62,196.55,-81.53,164.41
52.421143,-1.534421,167.32,4.81,3,8.54,21 / 21,895109,2019-09-06 19:35:00:852,1.1017,-1.4592,10.0712,-0.0126,-0.0259,9.8065,-0.0422,-0.4116,0.0678,-5.81,-37.87,-5.75,197.68,-81.93,163.53
52.421143,-1.534421,167.32,4.81,3,8.54,21 / 21,895210,2019-09-06 19:35:00:953,0.5103,-2.412,11.0739,-0.0033,-0.0134,9.8065,-0.0256,-0.4002,0.054,-6.31,-37.69,-4.81,200.65,-82.32,163.55
52.421143,-1.534421,167.32,4.81,3,8.54,21 / 21,895309,2019-09-06 19:35:01:052,1.5727,-2.2444,10.5613,0.0172,0.0131,9.8065,0.0762,-0.4232,0.0661,-6.69,-37.81,-4.69,204.4,-82.26,163.99
52.421143,-1.534421,167.32,4.81,3,8.54,21 / 21,895410,2019-09-06 19:35:01:153,1.8234,-1.5714,9.4515,0.0196,0.0325,9.8065,0.11,-0.4327,0.0379,-6.69,-38.31,-4.37,206.82,-81.83,163.97
52.421143,-1.534421,167.32,4.81,3,8.54,21 / 21,895510,2019-09-06 19:35:01:253,2.0936,-1.3732,8.7699,0.0264,0.0163,9.8065,0.0343,-0.5122,0.1011,-8.44,-38.31,-4.06,210.17,-81.52,164.88
52.421143,-1.534421,167.32,4.81,3,8.54,21 / 21,895609,2019-09-06 19:35:01:352,1.5947,-2.1208,9.2846,-0.024,-0.0131,9.8065,0.0829,-0.4761,0.0375,-8.87,-39.06,-4,212.56,-81.38,164.92
52.421143,-1.534421,167.32,4.81,3,8.54,21 / 21,895709,2019-09-06 19:35:01:452,1.6993,-1.5261,9.8614,-0.0259,-0.0003,9.8066,0.116,-0.4596,0.0207,-8.75,-38.06,-4.12,211.98,-81.46,163.38
52.421143,-1.534421,167.32,4.81,3,8.54,21 / 21,895810,2019-09-06 19:35:01:553,1.6997,-1.0198,10.3432,-0.0097,0.0219,9.8066,-0.0531,-0.4756,0.0232,-8.94,-38.44,-3.81,210.34,-81.2,161.41
52.421143,-1.534421,167.32,4.81,3,8.54,21 / 21,895909,2019-09-06 19:35:01:652,1.6816,-1.6176,10.0876,-0.0287,0.0122,9.8065,-0.0893,-0.481,-0.0225,-10.19,-38.06,-3.87,211.43,-81.17,159.38
52.421143,-1.534421,167.32,4.81,3,8.54,21 / 21,896010,2019-09-06 19:35:01:753,0.8054,-1.343,9.6361,-0.0039,0.0137,9.8065,-0.071,-0.4464,0.0669,-10.75,-38.12,-3.69,211.54,-81.26,156.22
52.421143,-1.534421,167.32,4.81,3,8.54,21 / 21,896110,2019-09-06 19:35:01:853,0.177,-1.5519,9.078,0.0134,0.0092,9.8066,-0.0356,-0.4549,0.1078,-11,-38.56,-3.19,214.04,-81.47,155.57
52.421143,-1.534421,167.32,4.81,3,8.54,21 / 21,896210,2019-09-06 19:35:01:953,1.3807,-1.3923,8.929,-0.0166,-0.0256,9.8066,-0.0443,-0.4497,0.1105,-11.75,-38.75,-3.31,216.1,-81.55,155.74
52.421143,-1.534421,167.32,4.81,3,8.54,21 / 21,896310,2019-09-06 19:35:02:053,2.3018,-1.6192,9.9452,0.0104,0.0038,9.8065,0.0899,-0.4738,0.0494,-12.19,-38.62,-2.12,220.33,-81.78,156.84
52.421143,-1.534421,167.32,4.81,3,8.54,20 / 20,896409,2019-09-06 19:35:02:152,1.8226,-2.0749,10.2633,-0.0055,0.0028,9.8066,-0.0503,-0.4772,0.022,-13.56,-38.5,-2.37,223.44,-81.8,156.63
52.421143,-1.534421,167.32,4.81,3,8.54,20 / 20,896509,2019-09-06 19:35:02:252,1.4972,-1.6442,10.1367,-0.0205,0.0068,9.8066,-0.06,-0.4779,0.0352,-13.69,-37.44,-2.06,222.76,-81.83,155.29
52.421143,-1.534421,167.32,4.81,3,8.54,20 / 20,896610,2019-09-06 19:35:02:353,0.667,-1.5652,9.7397,-0.0068,-0.0019,9.8066,-0.0534,-0.4949,0.079,-13.87,-37.5,-1.81,222.08,-81.95,154.2
52.421143,-1.534421,167.32,4.81,3,8.54,20 / 20,896709,2019-09-06 19:35:02:452,0.2913,-2.2,9.2403,0.0057,-0.0143,9.8066,-0.0613,-0.4418,0.0902,-15,-37.81,-1,226.56,-82.11,154.76
52.421143,-1.534421,167.32,4.81,3,8.54,20 / 20,896810,2019-09-06 19:35:02:553,1.9383,-1.4911,9.5089,-0.0234,-0.0163,9.8066,0.076,-0.4863,0.0827,-15.81,-37.31,-1.12,228.89,-82.26,155.82
52.421143,-1.534421,167.32,4.81,3,8.54,20 / 20,896910,2019-09-06 19:35:02:653,1.3712,-1.0743,9.2854,-0.0314,-0.0064,9.8065,0.0507,-0.4318,0.0093,-16.69,-36.75,-0.69,229.68,-82.52,155.32
52.421143,-1.534421,167.32,4.81,3,8.54,20 / 20,897010,2019-09-06 19:35:02:753,1.4772,-1.2903,9.9015,0.0073,-0.0031,9.8066,-0.1216,-0.4418,0.0671,-16.25,-36.56,0,231.82,-82.55,155.29
52.421143,-1.534421,167.32,4.81,3,8.54,20 / 20,897110,2019-09-06 19:35:02:853,0.4211,-1.0897,9.9726,0.0001,0.0133,9.8066,-0.1098,-0.349,-0.0095,-16.69,-37.25,0.75,234.43,-82.68,153.93
52.421143,-1.534421,167.32,4.81,3,8.54,20 / 20,897214,2019-09-06 19:35:02:957,-0.0091,-0.2098,10.754,-0.0071,-0.0105,9.8066,0.1902,-0.3241,0.1138,-17.06,-36.75,1.31,233.96,-82.82,153.12
52.421143,-1.534421,167.32,4.81,3,8.54,20 / 20,897310,2019-09-06 19:35:03:053,1.9491,-1.4105,9.9096,-0.0393,-0.0008,9.8065,0.2591,-0.3266,-0.0362,-17.44,-36.44,1.56,237.46,-82.73,153.59
52.421215,-1.534375,166.61,5.03,3,57.49,21 / 21,897410,2019-09-06 19:35:03:153,0.9042,-1.0616,7.999,-0.0547,0.0088,9.8064,0.1872,-0.203,-0.087,-17.75,-36.69,2.63,240.82,-82.15,155.21
52.421215,-1.534375,166.61,5.03,3,57.49,21 / 21,897509,2019-09-06 19:35:03:252,2.6352,0.8638,9.1818,-0.0188,0.009,9.8066,-0.2106,-0.2117,0.0805,-17.75,-36.81,2.13,236.3,-82,153.47
52.421215,-1.534375,166.61,5.03,3,57.49,21 / 21,897609,2019-09-06 19:35:03:352,0.065,0.0975,9.5183,0.0133,-0.0009,9.8066,-0.1731,-0.1015,0.0101,-17.87,-36.75,2.13,236.21,-82.05,153.28
52.421215,-1.534375,166.61,5.03,3,57.49,21 / 21,897710,2019-09-06 19:35:03:453,0.5686,-0.6682,10.9786,0.0132,-0.0045,9.8065,-0.025,-0.0892,-0.0331,-17.81,-36.69,3.06,238.83,-82.2,152.85
52.421215,-1.534375,166.61,5.03,3,57.49,21 / 21,897810,2019-09-06 19:35:03:553,0.4488,-0.2688,10.9756,-0.0586,-0.0002,9.8065,0.0267,-0.0992,-0.0312,-17.87,-36.75,1.94,236.19,-82.74,152.09
52.421215,-1.534375,166.61,5.03,3,57.49,21 / 21,897910,2019-09-06 19:35:03:653,0.4298,0.551,9.3965,0.0235,0.0008,9.8066,-0.0185,-0.0098,0.0101,-17.81,-36.31,2.19,234.49,-83.18,149.08
52.421215,-1.534375,166.61,5.03,3,57.49,21 / 21,898009,2019-09-06 19:35:03:752,0.8826,0.1082,9.2941,0.0354,-0.0023,9.8065,0.1043,-0.0214,0.0246,-18.06,-36.44,2.63,238.69,-82.84,151.22
52.421215,-1.534375,166.61,5.03,3,57.49,21 / 21,898110,2019-09-06 19:35:03:853,1.7336,0.4887,9.69,0.0379,0.0074,9.8065,-0.0173,0.0309,0.0036,-18.37,-36.75,2.63,238.87,-82.49,152.38
52.421215,-1.534375,166.61,5.03,3,57.49,21 / 21,898210,2019-09-06 19:35:03:953,1.0852,0.2472,10.7288,0.0283,-0.0003,9.8065,-0.1051,0.0147,0.0039,-18.44,-36.25,2.5,239.85,-82.1,153.81
52.421215,-1.534375,166.61,5.03,3,57.49,21 / 21,898310,2019-09-06 19:35:04:053,0.0586,0.4888,9.9516,0.0295,0.0042,9.8065,0.0818,0.0181,0.0293,-18,-35.94,3.31,239.88,-82.12,153.81
52.421215,-1.534375,166.61,5.03,3,57.49,20 / 21,898409,2019-09-06 19:35:04:152,-0.1463,0.52,9.7969,-0.0176,-0.0087,9.8066,0.0307,0.0815,-0.0405,-18.31,-37.25,2.63,240.12,-82.15,154.41
52.421215,-1.534375,166.61,5.03,3,57.49,20 / 21,898510,2019-09-06 19:35:04:253,0.3189,0.4846,9.5806,0.0535,0.0223,9.8064,0.0583,0.0937,-0.0731,-18.06,-36.62,2.69,240.03,-82.04,154.5
52.421215,-1.534375,166.61,5.03,3,57.49,20 / 21,898610,2019-09-06 19:35:04:353,1.4006,1.4924,9.8274,0.0387,0.0232,9.8065,0.025,0.1236,-0.0394,-17.94,-36.81,3.38,238.59,-81.37,154.02
52.421215,-1.534375,166.61,5.03,3,57.49,20 / 21,898709,2019-09-06 19:35:04:452,1.1792,0.8868,9.7016,0.0229,0.0104,9.8066,-0.1206,0.1286,-0.0626,-17.5,-37.19,2.31,234.87,-81.26,153.55
52.421215,-1.534375,166.61,5.03,3,57.49,20 / 21,898809,2019-09-06 19:35:04:552,-0.2522,1.5944,9.2807,0.0112,0.0096,9.8066,-0.1971,0.197,-0.0543,-17.56,-36.81,1.81,234.01,-81.16,152.18
52.421215,-1.534375,166.61,5.03,3,57.49,20 / 21,898909,2019-09-06 19:35:04:652,1.1872,1.6592,10.1586,0.0162,-0.0034,9.8065,0.0527,0.237,-0.064,-17.5,-36.56,1.88,233.78,-81.18,152.37
52.421215,-1.534375,166.61,5.03,3,57.49,20 / 21,899010,2019-09-06 19:35:04:753,0.3688,0.3141,10.2806,0.0144,0.0213,9.8065,-0.0132,0.0498,0.0017,-16.87,-37.25,1.13,231.06,-81.15,152.53
52.421215,-1.534375,166.61,5.03,3,57.49,20 / 21,899109,2019-09-06 19:35:04:852,0.3913,2.3397,10.2525,0.0222,0.0157,9.8065,-0.0695,0.0952,-0.0035,-16.81,-37.31,1.31,230.47,-80.95,152.16
52.421215,-1.534375,166.61,5.03,3,57.49,20 / 21,899209,2019-09-06 19:35:04:952,-0.2516,3.6743,9.2928,0.0171,-0.014,9.8066,-0.1303,0.2923,-0.0124,-16.31,-37.44,1,229.64,-80.74,152.26
52.421215,-1.534375,166.61,5.03,3,57.49,20 / 21,899310,2019-09-06 19:35:05:053,-1.1928,0.2414,9.4051,-0.0066,-0.021,9.8066,-0.0824,0.1873,0.0072,-16.87,-37,0.25,228.99,-80.79,153.97
52.421215,-1.534375,166.61,5.03,3,57.49,21 / 21,899410,2019-09-06 19:35:05:153,1.0507,0.0082,10.2467,0.0194,-0.016,9.8066,0.0144,0.1133,0.0486,-16.69,-37.62,0.56,232.72,-80.81,155.61
52.421215,-1.534375,166.61,5.03,3,57.49,21 / 21,899510,2019-09-06 19:35:05:253,-0.7816,1.9371,9.5677,-0.0144,-0.0178,9.8066,0.0717,0.0608,0.0125,-16.62,-38,-0.25,231.04,-80.95,156.68
52.421215,-1.534375,166.61,5.03,3,57.49,21 / 21,899609,2019-09-06 19:35:05:352,-1.2309,2.4109,9.8654,-0.0397,-0.006,9.8066,0.0771,0.2766,-0.119,-16.19,-37.81,-0.56,227.46,-80.96,156.71
52.421215,-1.534375,166.61,5.03,3,57.49,21 / 21,899709,2019-09-06 19:35:05:452,0.663,2.1327,10.1459,0.0381,0.0073,9.8065,-0.0831,0.2643,0.0601,-16.06,-38.12,-0.06,230.63,-80.66,157.72
52.421215,-1.534375,166.61,5.03,3,57.49,21 / 21,899810,2019-09-06 19:35:05:553,-0.6415,1.2535,10.7562,0.0168,-0.02,9.8066,-0.0138,0.1691,0.007,-16.19,-38,-0.75,229.07,-80.75,159.14
52.421215,-1.534375,166.61,5.03,3,57.49,21 / 21,899910,2019-09-06 19:35:05:653,0.0083,1.0627,9.5908,0.0397,-0.0098,9.8065,0.0219,0.3007,-0.0119,-15.44,-37.31,-1.12,229.41,-80.86,160.26
52.421215,-1.534375,166.61,5.03,3,57.49,21 / 21,900010,2019-09-06 19:35:05:753,-0.7668,1.6608,9.9479,0.0356,-0.0107,9.8065,-0.0959,0.1945,0.031,-16.06,-38.31,-1.25,232.27,-80.63,163.4
52.421215,-1.534375,166.61,5.03,3,57.49,21 / 21,900110,2019-09-06 19:35:05:853,-1.451,1.5313,9.8625,0.0138,-0.0184,9.8066,0.1179,0.2477,0.0203,-15.62,-37.5,-2.37,230.73,-80.49,164.68
52.421215,-1.534375,166.61,5.03,3,57.49,21 / 21,900210,2019-09-06 19:35:05:953,0.316,1.3483,9.9917,-0.0151,-0.022,9.8066,0.1498,0.2084,0.0523,-15.37,-37.5,-2.06,230.33,-80.41,165.95
52.421215,-1.534375,166.61,5.03,3,57.49,21 / 21,900310,2019-09-06 19:35:06:053,0.2351,0.7452,10.6873,0.0205,-0.0038,9.8066,0.0714,0.2314,-0.0365,-15.19,-38.12,-2.75,227.91,-80.42,166.84
52.421215,-1.534375,166.61,5.03,3,57.49,20 / 21,900410,2019-09-06 19:35:06:153,0.5021,2.7296,10.4999,0.0415,0.0176,9.8064,0.0445,0.1736,0.0068,-14.56,-37,-2.62,229.59,-80.48,168.39
52.421215,-1.534375,166.61,5.03,3,57.49,20 / 21,900509,2019-09-06 19:35:06:252,-0.0124,-2.3044,9.6768,0.0579,0.0153,9.8064,-0.0275,0.433,-0.0878,-15.06,-37.87,-2.5,232.22,-79.94,169.88
52.421215,-1.534375,166.61,5.03,3,57.49,20 / 21,900610,2019-09-06 19:35:06:353,-0.7329,2.2785,9.6485,0.0651,0.0341,9.8064,0.069,0.2375,0.0198,-14.94,-37.56,-3.5,229.94,-79.64,170.97
52.421215,-1.534375,166.61,5.03,3,57.49,20 / 21,900709,2019-09-06 19:35:06:452,-0.9375,0.9501,9.6978,-0.0293,-0.0278,9.8065,-0.0348,0.2688,-0.0531,-14.69,-37.75,-2.75,230.79,-79.72,171.95
52.421215,-1.534375,166.61,5.03,3,57.49,20 / 21,900810,2019-09-06 19:35:06:553,1.9898,-0.2661,9.8396,0.0269,-0.0144,9.8066,-0.027,0.069,0.0975,-15.56,-37.62,-2.75,232.96,-79.77,172.68
52.421215,-1.534375,166.61,5.03,3,57.49,20 / 21,900910,2019-09-06 19:35:06:653,-1.1082,0.1467,10.0926,-0.0089,-0.0205,9.8065,0.0978,0.1542,0.0535,-15.31,-37.37,-3,232.87,-79.88,173.77
52.421215,-1.534375,166.61,5.03,3,57.49,20 / 21,901010,2019-09-06 19:35:06:753,-0.883,1.9601,9.5526,-0.0169,-0.0073,9.8066,0.1252,0.217,-0.0803,-15.87,-37.25,-2.56,235.26,-80.03,174.54
52.421215,-1.534375,166.61,5.03,3,57.49,20 / 21,901110,2019-09-06 19:35:06:853,-0.9853,2.0651,10.2137,0.0001,-0.0389,9.8065,-0.0534,0.0495,0.1552,-15.62,-36.31,-1.37,242.5,-80.15,175.89
52.421215,-1.534375,166.61,5.03,3,57.49,20 / 21,901210,2019-09-06 19:35:06:953,0.4699,1.8398,10.5315,-0.0216,-0.0198,9.8065,-0.0949,0.1966,-0.0432,-14.5,-36.12,-1.44,240.76,-80.25,177.03
52.421215,-1.534375,166.61,5.03,3,57.49,20 / 21,901310,2019-09-06 19:35:07:053,-1.0912,0.4611,9.6374,0.0193,-0.0109,9.8065,0.0266,0.1372,0.0855,-12.5,-35.56,-1.37,238.45,-80.08,179.17
52.421215,-1.534375,166.61,5.03,3,57.49,19 / 19,901410,2019-09-06 19:35:07:153,0.9342,1.4364,9.4534,0.0631,0.0024,9.8064,-0.0806,0.052,0.0739,-11.56,-36.19,-2.06,236.1,-79.76,-178.67
52.421215,-1.534375,166.61,5.03,3,57.49,19 / 19,901509,2019-09-06 19:35:07:252,0.2403,1.7414,10.1402,-0.0268,-0.0577,9.8064,0.2302,0.0268,0.0319,-11.31,-36,-3.31,230.36,-79.52,-178.33
52.421215,-1.534375,166.61,5.03,3,57.49,19 / 19,901610,2019-09-06 19:35:07:353,1.5851,1.1557,9.8331,0.0577,0.0132,9.8064,0.2552,0.079,0.0653,-12.06,-36.75,-3.62,232.17,-79.83,-175.51
52.421215,-1.534375,166.61,5.03,3,57.49,19 / 19,901709,2019-09-06 19:35:07:452,0.8056,-0.9095,10.1932,0.0083,-0.0032,9.8066,-0.1924,0.2019,-0.0471,-12.62,-37.12,-4.62,233.69,-79.89,-173.39
52.421215,-1.534375,166.61,5.03,3,57.49,19 / 19,901809,2019-09-06 19:35:07:552,-0.8506,0.3387,9.795,0.0126,-0.0108,9.8066,-0.1224,0.1316,0.0543,-12.62,-37.44,-4.69,234.59,-80.06,-172.6
52.421215,-1.534375,166.61,5.03,3,57.49,19 / 19,901909,2019-09-06 19:35:07:652,0.9111,2.3778,9.5684,0.0401,0.014,9.8065,-0.0719,0.0103,0.1033,-13.19,-37.81,-4.19,236.89,-79.72,-171.46
52.421215,-1.534375,166.61,5.03,3,57.49,19 / 19,902010,2019-09-06 19:35:07:753,0.4139,0.696,9.1818,0.0669,0.0312,9.8064,-0.1141,0.0513,-0.0513,-12.62,-37.06,-4,237.62,-79.35,-170.28
52.421215,-1.534375,166.61,5.03,3,57.49,19 / 19,902110,2019-09-06 19:35:07:853,1.0072,-0.0845,10.5859,-0.0418,-0.0695,9.8063,0.3036,0.0025,0.1177,-13.87,-37.62,-4.44,239.44,-79.15,-169.68
52.421215,-1.534375,166.61,5.03,3,57.49,19 / 19,902209,2019-09-06 19:35:07:952,0.0951,1.415,10.8581,-0.05,-0.084,9.8061,0.0857,0.0114,0.0841,-13.69,-37.31,-3.75,243.25,-79.5,-166.41
52.421215,-1.534375,166.61,5.03,3,57.49,19 / 19,902309,2019-09-06 19:35:08:052,1.8324,1.4004,9.9699,0.0536,-0.0034,9.8065,-0.3203,-0.0483,0.1459,-14.31,-36.87,-4.25,245.01,-79.2,-163.47
52.421215,-1.534375,166.61,5.03,3,57.49,21 / 21,902410,2019-09-06 19:35:08:153,-0.6168,0.7381,9.5683,0.0423,0.0076,9.8065,-0.3012,0.0773,0.0097,-14.37,-36.87,-3.75,246.41,-79.21,-161.74
52.421215,-1.534375,166.61,5.03,3,57.49,21 / 21,902510,2019-09-06 19:35:08:253,0.4745,0.3297,8.9937,-0.01,-0.0401,9.8065,0.0575,0.0533,-0.025,-15.5,-36.87,-4.56,248.71,-79.2,-158.69
52.421215,-1.534375,166.61,5.03,3,57.49,21 / 21,902609,2019-09-06 19:35:08:352,-0.0527,-0.3095,8.9964,0.0098,-0.0186,9.8066,-0.0594,-0.1582,0.0832,-14.69,-37,-4.56,249.33,-79.22,-158.01
52.421215,-1.534375,166.61,5.03,3,57.49,21 / 21,902709,2019-09-06 19:35:08:452,-0.3674,-2.0933,10.0251,-0.0124,-0.0048,9.8066,0.1092,-0.067,-0.0226,-15.87,-37,-4.81,251.82,-79.15,-157.47
52.421215,-1.534375,166.61,5.03,3,57.49,21 / 21,902809,2019-09-06 19:35:08:552,-0.8206,1.8784,8.995,-0.0158,0.0382,9.8065,0.1042,0.0237,-0.1384,-14.37,-36.56,-4.37,248.78,-79.34,-159.21
52.421215,-1.534375,166.61,5.03,3,57.49,21 / 21,902910,2019-09-06 19:35:08:653,-0.9588,1.5022,9.5613,-0.0293,-0.0402,9.8065,0.0867,-0.1163,0.1264,-14.37,-37.12,-4.56,246.36,-79.64,-159.77
52.421215,-1.534375,166.61,5.03,3,57.49,21 / 21,903009,2019-09-06 19:35:08:752,0.8692,-0.3212,10.6271,-0.0585,-0.0532,9.8062,0.1087,-0.021,-0.1954,-14.19,-37,-4.44,249.61,-79.75,-159.29
52.421215,-1.534375,166.61,5.03,3,57.49,21 / 21,903110,2019-09-06 19:35:08:853,-0.1723,0.8616,9.938,0.1096,0.1069,9.8054,-0.2911,-0.014,0.111,-13.75,-36.81,-5.31,242.95,-79.24,-162.99
52.421215,-1.534375,166.61,5.03,3,57.49,21 / 21,903210,2019-09-06 19:35:08:953,0.0744,0.6284,9.3351,0.0667,0.0741,9.8061,-0.3575,-0.0723,-0.0038,-13.87,-36.87,-5.19,243.12,-79.22,-162.73
52.421215,-1.534375,166.61,5.03,3,57.49,21 / 21,903310,2019-09-06 19:35:09:053,-0.063,-0.7135,9.4355,-0.0592,-0.0372,9.8063,-0.183,-0.0643,0.0758,-12.75,-36.19,-5.62,238.22,-79.3,-163.75
52.421215,-1.534375,166.61,5.03,3,57.49,21 / 21,903409,2019-09-06 19:35:09:152,0.9871,-0.6081,10.3745,-0.0096,-0.0379,9.8065,0.0858,-0.0149,-0.0687,-13,-36.25,-3.94,244.3,-79.68,-163.31
52.421215,-1.534375,166.61,5.03,3,57.49,21 / 21,903510,2019-09-06 19:35:09:253,0.1989,0.5772,9.8306,-0.0314,-0.0002,9.8065,0.2008,-0.0781,0.0231,-13.25,-36.56,-4.06,243.47,-79.91,-164.22
52.421215,-1.534375,166.61,5.03,3,57.49,21 / 21,903610,2019-09-06 19:35:09:353,0.7452,-0.4912,9.2976,0.0135,0.0138,9.8065,-0.1818,-0.1142,-0.0215,-13.62,-36.94,-4.19,245.41,-79.84,-164.59
52.421215,-1.534375,166.61,5.03,3,57.49,21 / 21,903709,2019-09-06 19:35:09:452,-0.8004,-0.5033,9.5589,-0.0126,-0.0018,9.8066,-0.1632,-0.0136,-0.0798,-13.62,-36.56,-4.69,242.32,-79.99,-165.58
52.421215,-1.534375,166.61,5.03,3,57.49,21 / 21,903810,2019-09-06 19:35:09:553,-2.2802,0.3067,9.4906,0.008,0.0207,9.8066,0.4415,0.0504,0.0236,-13.62,-37,-4.19,244.03,-79.95,-166.56
52.421215,-1.534375,166.61,5.03,3,57.49,21 / 21,903911,2019-09-06 19:35:09:654,-1.9047,0.6854,9.4572,-0.0454,-0.0229,9.8064,0.4161,-0.0628,0.1326,-13.62,-37.56,-4.5,241.86,-79.82,-168.26
52.421215,-1.534375,166.61,5.03,3,57.49,21 / 21,904010,2019-09-06 19:35:09:753,1.758,0.4404,9.7789,-0.033,-0.0343,9.8065,-0.2497,-0.01,-0.0458,-13.25,-37.19,-4.44,240.47,-79.95,-168.11
52.421215,-1.534375,166.61,5.03,3,57.49,21 / 21,904110,2019-09-06 19:35:09:853,-1.5839,1.6633,10.0019,0.0359,0.0374,9.8065,-0.1429,0.0882,-0.0286,-13.62,-37.19,-4.5,240.98,-79.72,-169.8
52.421215,-1.534375,166.61,5.03,3,57.49,21 / 21,904210,2019-09-06 19:35:09:953,0.9245,-1.8354,9.4819,0.0219,0.0244,9.8065,0.108,-0.1147,0.1066,-13.44,-36.87,-4.31,239.01,-79.85,-169.72
52.421215,-1.534375,166.61,5.03,3,57.49,21 / 21,904310,2019-09-06 19:35:10:053,-0.0176,-0.0215,8.9882,-0.0344,-0.0053,9.8065,-0.0927,-0.0322,-0.0694,-13.37,-36.62,-4.69,235.89,-79.77,-170.23
52.421215,-1.534375,166.61,5.03,3,57.49,21 / 21,904409,2019-09-06 19:35:10:152,1.1419,-0.478,9.3028,0.0005,-0.0154,9.8066,-0.0763,-0.0123,-0.0123,-13.31,-36.56,-4.87,235.82,-79.94,-170.73
52.421215,-1.534375,166.61,5.03,3,57.49,21 / 21,904510,2019-09-06 19:35:10:253,-1.0103,0.2298,9.3612,-0.0274,-0.0077,9.8066,-0.0567,0.0671,-0.0066,-13.31,-35.94,-5.62,234.05,-80.21,-171.12
52.421215,-1.534375,166.61,5.03,3,57.49,21 / 21,904609,2019-09-06 19:35:10:352,-1.2712,-1.7767,10.0625,-0.011,-0.0035,9.8066,0.0906,-0.0135,-0.0576,-14.25,-35.87,-6.31,236.18,-80.4,-171.68
52.421215,-1.534375,166.61,5.03,3,57.49,21 / 21,904710,2019-09-06 19:35:10:453,0.2081,0.2845,10.6174,0.0065,0.0293,9.8065,0.1075,-0.0584,-0.011,-14.12,-35.69,-5.62,235.27,-80.25,-172.52
52.421215,-1.534375,166.61,5.03,3,57.49,21 / 21,904809,2019-09-06 19:35:10:552,0.4279,1.355,9.449,0.0108,0.0145,9.8065,-0.1175,-0.0463,0.0589,-14.81,-36.5,-5.06,238.93,-80.14,-173.28
52.421215,-1.534375,166.61,5.03,3,57.49,21 / 21,904910,2019-09-06 19:35:10:653,0.1681,-0.7353,8.6798,0.0018,0.013,9.8066,-0.2793,0.1372,-0.1063,-14.37,-36.75,-4.37,238.91,-80.03,-173.13
52.421215,-1.534375,166.61,5.03,3,57.49,21 / 21,905010,2019-09-06 19:35:10:753,-2.3927,-0.061,9.9107,0.0043,0.0179,9.8066,0.1929,0.1194,-0.0596,-13.94,-37.37,-4.06,237.84,-80.11,-174.68
52.421215,-1.534375,166.61,5.03,3,57.49,21 / 21,905109,2019-09-06 19:35:10:852,1.096,-1.1091,10.9036,-0.0295,-0.0072,9.8065,0.2165,-0.1122,0.0697,-13.31,-37.25,-4.69,233.17,-80.38,-175.17
52.421215,-1.534375,166.61,5.03,3,57.49,21 / 21,905209,2019-09-06 19:35:10:952,-0.9092,0.4794,9.8949,-0.0378,-0.0181,9.8065,-0.17,0.0041,0.0019,-12.87,-37.44,-3.62,234.99,-80.32,-176.06
52.421215,-1.534375,166.61,5.03,3,57.49,21 / 21,905310,2019-09-06 19:35:11:053,1.4225,-0.1039,9.8024,0.0665,0.0296,9.8063,-0.1513,-0.0403,0.0126,-14.06,-37.44,-4.19,236.92,-80.25,-176.16
52.421215,-1.534375,166.61,5.03,3,57.49,21 / 21,905410,2019-09-06 19:35:11:153,0.3696,-0.0066,9.313,0.033,0.0182,9.8065,-0.1379,-0.0803,0.0589,-13.12,-37.5,-4.44,235.17,-80.08,-175.26
52.421215,-1.534375,166.61,5.03,3,57.49,21 / 21,905509,2019-09-06 19:35:11:252,-2.004,-0.2278,9.6493,-0.036,-0.0311,9.8064,0.1918,-0.0624,0.0331,-13.25,-37.5,-4.75,232.78,-80.51,-175.97
52.421215,-1.534375,166.61,5.03,3,57.49,21 / 21,905610,2019-09-06 19:35:11:353,-1.2246,0.5495,10.5567,0.0379,0.0414,9.8065,0.1936,0.0748,-0.0432,-12.69,-37.81,-4.62,231.85,-80.46,-176.5
52.421215,-1.534375,166.61,5.03,3,57.49,21 / 21,905709,2019-09-06 19:35:11:452,0.3093,-0.6132,10.0207,0.048,0.0305,9.8064,-0.0334,0.0557,-0.1052,-12.75,-37.06,-4.44,234.31,-79.95,-176.09
52.421215,-1.534375,166.61,5.03,3,57.49,21 / 21,905809,2019-09-06 19:35:11:552,1.0154,-1.8025,10.0967,0.0298,0.018,9.8066,0.0783,-0.0135,0.0499,-13.56,-37.81,-4.19,235.51,-79.91,-176.59
52.421215,-1.534375,166.61,5.03,3,57.49,21 / 21,905909,2019-09-06 19:35:11:652,0.7756,-1.0346,10.3126,-0.0101,0.0187,9.8066,-0.1848,0.1377,-0.1278,-12.69,-36.69,-4.19,234.24,-79.93,-176.14
52.421215,-1.534375,166.61,5.03,3,57.49,21 / 21,906010,2019-09-06 19:35:11:753,-0.1986,-0.0609,8.583,-0.0188,-0.0233,9.8065,-0.1195,-0.1537,0.1676,-12.75,-37.06,-5.12,231.82,-80.2,-176.54
52.421215,-1.534375,166.61,5.03,3,57.49,21 / 21,906110,2019-09-06 19:35:11:853,0.2791,-0.7316,10.074,-0.0066,-0.016,9.8066,-0.0018,-0.0498,-0.0027,-12.94,-37.62,-5.12,231.5,-80.39,-176.8
52.421215,-1.534375,166.61,5.03,3,57.49,21 / 21,906214,2019-09-06 19:35:11:957,0.6056,-2.8565,10.2665,-0.02,0.007,9.8066,0.0387,0.2066,-0.1584,-12.87,-36.19,-5.19,231.61,-80.53,-178.09
52.421215,-1.534375,166.61,5.03,3,57.49,21 / 21,906310,2019-09-06 19:35:12:053,0.2215,0.7438,9.0494,-0.0275,0.0275,9.8065,-0.0029,0.1504,-0.1783,-12.87,-37.19,-5.44,229.48,-80.34,-179.92
52.421776,-1.533803,166.36,11.12,3,25.61,20 / 20,906409,2019-09-06 19:35:12:152,-0.3731,1.7417,9.9749,0.0185,-0.0057,9.8066,0.0536,0.0318,-0.0737,-12.69,-37.31,-5.44,228.64,-80.13,179.41
52.421776,-1.533803,166.36,11.12,3,25.61,20 / 20,906510,2019-09-06 19:35:12:253,-0.9105,-0.1154,9.3985,0.0332,-0.0002,9.8065,-0.0418,0.0259,-0.022,-13.81,-36.37,-4.94,232.17,-80.14,-179.27
52.421776,-1.533803,166.36,11.12,3,25.61,20 / 20,906610,2019-09-06 19:35:12:353,1.1356,-1.1612,9.3856,-0.0123,-0.0298,9.8066,-0.0928,-0.1093,0.1765,-13.75,-36.37,-5.31,233.51,-80.72,-178.75
52.421776,-1.533803,166.36,11.12,3,25.61,20 / 20,906709,2019-09-06 19:35:12:452,0.1973,-0.6443,10.2546,0.0248,-0.0058,9.8066,0.0637,0.0271,0.0413,-13.12,-36.56,-5.25,232.58,-80.81,-176.88
52.421776,-1.533803,166.36,11.12,3,25.61,20 / 20,906810,2019-09-06 19:35:12:553,0.165,1.1715,9.8703,-0.0017,-0.0044,9.8066,0.0124,0.0702,-0.1033,-14,-36.87,-5.12,234.44,-80.78,-177.16
52.421776,-1.533803,166.36,11.12,3,25.61,20 / 20,906909,2019-09-06 19:35:12:652,0.39,-1.1252,10.7679,0.0352,0.0376,9.8065,0.2152,-0.0817,0.0134,-13.44,-37.56,-4.69,230.6,-80.36,-177.92
52.421776,-1.533803,166.36,11.12,3,25.61,20 / 20,907010,2019-09-06 19:35:12:753,3.0493,0.2858,10.7697,-0.0182,-0.0062,9.8065,0.1853,-0.0439,0.0101,-12.87,-37.44,-4.75,230.27,-80.26,-178.69
52.421776,-1.533803,166.36,11.12,3,25.61,20 / 20,907109,2019-09-06 19:35:12:852,-0.5579,0.153,10.0949,-0.0184,-0.0048,9.8066,-0.2191,0.0178,-0.0113,-12.94,-37.56,-5.19,229.44,-80.36,-179.43
52.421776,-1.533803,166.36,11.12,3,25.61,20 / 20,907210,2019-09-06 19:35:12:953,-0.1029,-0.2153,9.7827,0.0223,0.0118,9.8066,-0.1063,0.0083,0.0007,-12.37,-37.62,-5,226.99,-80.46,-179.88
52.421776,-1.533803,166.36,11.12,3,25.61,20 / 20,907310,2019-09-06 19:35:13:053,-0.6819,-0.007,9.4443,-0.0157,-0.013,9.8066,0.0627,-0.0329,0.0581,-13.62,-37.87,-5.37,231.6,-80.54,-179.74
52.421776,-1.533803,166.36,11.12,3,25.61,22 / 22,907409,2019-09-06 19:35:13:152,0.0398,-3.0521,10.3511,-0.0033,-0.0319,9.8065,0.2258,0.0869,-0.0211,-12.25,-37.31,-5.44,227.54,-80.38,-179.54
52.421776,-1.533803,166.36,11.12,3,25.61,22 / 22,907510,2019-09-06 19:35:13:253,0.8068,1.409,10.011,0.079,0.0346,9.8062,-0.1768,0.0732,-0.0404,-12.87,-37.69,-5.31,230.02,-80.43,-178.83
52.421776,-1.533803,166.36,11.12,3,25.61,22 / 22,907609,2019-09-06 19:35:13:352,1.0095,0.0901,9.9741,0.0246,0.0387,9.8065,-0.0909,0.0842,-0.0114,-13.5,-37.37,-4.81,230.4,-80,-177.98
52.421776,-1.533803,166.36,11.12,3,25.61,22 / 22,907709,2019-09-06 19:35:13:452,0.3567,-0.9958,9.6973,0.0035,-0.0125,9.8066,-0.1018,-0.0319,-0.0717,-12.75,-37.06,-5.31,229.89,-80.25,-179.18
52.421776,-1.533803,166.36,11.12,3,25.61,22 / 22,907810,2019-09-06 19:35:13:553,-1.4317,1.2416,9.4777,-0.0087,-0.0098,9.8066,-0.118,0.1074,-0.0501,-12.87,-37.12,-4.62,230.7,-80.43,-178.49
52.421776,-1.533803,166.36,11.12,3,25.61,22 / 22,907909,2019-09-06 19:35:13:652,0.3483,-1.7681,9.9503,-0.0072,-0.0022,9.8066,0.1185,-0.0471,-0.1447,-12.69,-37.62,-5.5,229.57,-80.43,-179.41
52.421776,-1.533803,166.36,11.12,3,25.61,22 / 22,908009,2019-09-06 19:35:13:752,-0.4127,-4.3508,9.2474,-0.0337,0.0134,9.8065,0.1055,-0.0573,0.1186,-12.81,-37.62,-5.25,229.52,-80.51,-179.66
52.421776,-1.533803,166.36,11.12,3,25.61,22 / 22,908109,2019-09-06 19:35:13:852,2.3761,0.1857,10.1399,-0.0372,-0.0778,9.8062,-0.2776,0.0166,-0.064,-12.81,-37.06,-5.5,230.27,-80.82,-179.89
52.421776,-1.533803,166.36,11.12,3,25.61,22 / 22,908214,2019-09-06 19:35:13:957,-0.1068,-2.049,8.2131,0.0265,0.0743,9.8063,-0.0436,-0.2515,0.1637,-12.69,-37.62,-5.44,228.22,-80.48,178.67
52.421776,-1.533803,166.36,11.12,3,25.61,22 / 22,908310,2019-09-06 19:35:14:053,-1.6003,-1.9067,8.7736,0.0268,0.0157,9.8065,-0.1034,-0.165,-0.1636,-12.75,-37.87,-5.44,228.21,-80.52,178.59
52.421776,-1.533803,166.36,11.12,3,25.61,21 / 21,908410,2019-09-06 19:35:14:153,-0.534,0.7346,9.7175,0.0003,-0.0263,9.8066,0.0592,-0.0208,0.0443,-13.06,-37.44,-4.87,228.64,-80.12,179.43
52.421776,-1.533803,166.36,11.12,3,25.61,21 / 21,908509,2019-09-06 19:35:14:252,1.5978,-1.8248,10.183,-0.0457,-0.002,9.8065,-0.1174,0.1919,-0.1939,-12.81,-37.62,-4.31,230.69,-80.27,179.01
52.421776,-1.533803,166.36,11.12,3,25.61,21 / 21,908609,2019-09-06 19:35:14:352,1.2282,-1.7207,10.7478,-0.0284,-0.0529,9.8065,0.1809,-0.1025,0.1236,-13.06,-37.69,-4.31,231.09,-80.47,179.08
52.421776,-1.533803,166.36,11.12,3,25.61,21 / 21,908709,2019-09-06 19:35:14:452,1.0555,-0.8616,8.949,0.0242,0.0546,9.8065,-0.205,0.0519,-0.0866,-12.69,-37.12,-5.44,227.45,-80.35,177.38
52.421776,-1.533803,166.36,11.12,3,25.61,21 / 21,908809,2019-09-06 19:35:14:552,-1.2148,-0.7755,9.531,0.0672,0.0333,9.8063,-0.176,0.0302,0.0304,-12.75,-37,-5.25,228.07,-80.34,178.23
52.421776,-1.533803,166.36,11.12,3,25.61,21 / 21,908910,2019-09-06 19:35:14:653,-1.3126,-1.285,9.5296,-0.0129,-0.0355,9.8065,0.2616,0.0822,0.0469,-12.62,-37.56,-5.5,227.67,-80.31,178.31
52.421776,-1.533803,166.36,11.12,3,25.61,21 / 21,909010,2019-09-06 19:35:14:753,1.2144,-0.0565,10.4262,0.0144,-0.0088,9.8066,0.2075,-0.0544,0.0699,-12.81,-37.75,-4.87,228.65,-80.19,179.86
52.421776,-1.533803,166.36,11.12,3,25.61,21 / 21,909110,2019-09-06 19:35:14:853,-0.5556,-0.004,9.8751,0.0179,-0.0056,9.8066,0.0009,0.0176,0.1347,-12.5,-36.56,-5,226.9,-80.04,-179.68
52.421776,-1.533803,166.36,11.12,3,25.61,21 / 21,909210,2019-09-06 19:35:14:953,-1.1796,0.095,10.4339,-0.0016,-0.0026,9.8066,-0.0332,0.0416,-0.0967,-13,-36.87,-4.62,229.93,-80.04,-178.68
52.421776,-1.533803,166.36,11.12,3,25.61,21 / 21,909310,2019-09-06 19:35:15:053,0.3182,-2.0774,9.3713,0.0147,0.0423,9.8064,-0.2793,0.0676,-0.0846,-12.69,-37.37,-4.94,228.13,-80.13,178.74
52.421776,-1.533803,166.36,11.12,3,25.61,21 / 21,909413,2019-09-06 19:35:15:156,-0.3062,-0.3063,9.1223,-0.0523,-0.0299,9.8064,-0.2479,-0.0085,0.0384,-12.12,-37.69,-5.25,224.42,-80.23,177.09
52.421776,-1.533803,166.36,11.12,3,25.61,21 / 21,909510,2019-09-06 19:35:15:253,-2.1393,-0.5643,9.9025,-0.0584,-0.0425,9.8064,0.1572,-0.0063,-0.0325,-12.06,-37,-4.81,224.11,-80.28,175.98
52.421776,-1.533803,166.36,11.12,3,25.61,21 / 21,909609,2019-09-06 19:35:15:352,0.1831,0.3241,9.973,0.0544,0.0192,9.8064,0.1394,-0.0012,0.1085,-12.19,-37.12,-5.87,222.24,-80.7,175.97
52.421776,-1.533803,166.36,11.12,3,25.61,21 / 21,909709,2019-09-06 19:35:15:452,0.8451,0.5066,11.0899,0.0555,0.0151,9.8065,-0.0068,0.0156,0.047,-12.81,-37.25,-5.62,226.47,-80.52,178.96
52.421776,-1.533803,166.36,11.12,3,25.61,21 / 21,909810,2019-09-06 19:35:15:553,-0.3108,-1.3598,10.5474,0.0401,0.0019,9.8065,0.114,-0.0022,0.1098,-12.56,-37.5,-5,230.27,-80.43,-179.05
52.421776,-1.533803,166.36,11.12,3,25.61,21 / 21,909909,2019-09-06 19:35:15:652,1.0683,0.5713,9.6221,0.0159,0.008,9.8065,-0.1382,0.0161,0.0872,-13.19,-37.12,-5,231.67,-80.2,-176.73
52.421776,-1.533803,166.36,11.12,3,25.61,21 / 21,910009,2019-09-06 19:35:15:752,0.2042,0.7593,8.6003,-0.0028,-0.0301,9.8066,-0.2058,0.0011,0.0396,-12.87,-36.94,-4.69,233.07,-80.31,-175.14
52.421776,-1.533803,166.36,11.12,3,25.61,21 / 21,910109,2019-09-06 19:35:15:852,1.4954,1.1709,9.5633,0.0042,-0.017,9.8066,0.0023,-0.0765,0.0633,-12.87,-36.62,-4.62,234.02,-80.61,-174.59
52.421776,-1.533803,166.36,11.12,3,25.61,21 / 21,910210,2019-09-06 19:35:15:953,0.6114,-2.073,10.098,-0.0228,0.0021,9.8065,-0.0249,0.1944,-0.1565,-13.06,-37,-5.31,234.66,-81.05,-174.77
52.421776,-1.533803,166.36,11.12,3,25.61,21 / 21,910310,2019-09-06 19:35:16:053,-2.2005,0.8225,9.5555,0.0244,0.0816,9.8062,-0.238,0.0671,-0.0204,-12.75,-37.25,-5.56,230.2,-81.07,-177.29
52.421776,-1.533803,166.36,11.12,3,25.61,20 / 20,910410,2019-09-06 19:35:16:153,-2.6786,-0.6182,9.4055,0.0757,0.0745,9.806,0.1639,-0.0967,-0.0439,-12.19,-36.56,-5.75,226.47,-80.95,-178.87
52.421776,-1.533803,166.36,11.12,3,25.61,20 / 20,910509,2019-09-06 19:35:16:252,-0.7216,2.7742,8.6418,-0.0123,-0.0145,9.8065,-0.1266,-0.0251,-0.0637,-12.12,-36.5,-5.75,226.34,-80.91,-179.47
52.421776,-1.533803,166.36,11.12,3,25.61,20 / 20,910610,2019-09-06 19:35:16:353,-0.5759,0.5821,10.2455,-0.0031,-0.0079,9.8066,0.1484,-0.077,0.1271,-12.87,-36.87,-5.31,230.97,-80.73,-178.78
52.421776,-1.533803,166.36,11.12,3,25.61,20 / 20,910709,2019-09-06 19:35:16:452,-0.9561,0.9022,10.2026,0.0094,-0.0226,9.8066,-0.0176,0.0665,-0.0788,-12.25,-37.12,-5.5,229.1,-80.79,-178.35
52.421776,-1.533803,166.36,11.12,3,25.61,20 / 20,910809,2019-09-06 19:35:16:552,-0.6346,-1.7652,9.2286,-0.0082,0.0457,9.8065,0.1836,-0.0914,-0.0068,-12.37,-37.25,-6.19,226.23,-80.68,-178.64
52.421776,-1.533803,166.36,11.12,3,25.61,20 / 20,910909,2019-09-06 19:35:16:652,-1.6931,1.6538,8.1885,0.0047,-0.0032,9.8066,-0.0375,0.1156,-0.0263,-12.87,-36.69,-6.44,227.73,-80.34,-179.03
52.421776,-1.533803,166.36,11.12,3,25.61,20 / 20,911009,2019-09-06 19:35:16:752,-1.1286,0.1457,9.1493,0.0343,0.0371,9.8065,-0.0728,0.0044,0.0417,-12.69,-37.44,-6.12,227.96,-80.24,-178.54
52.421776,-1.533803,166.36,11.12,3,25.61,20 / 20,911109,2019-09-06 19:35:16:852,0.7766,-2.7269,9.509,-0.0332,-0.021,9.8065,-0.2492,0.0955,0.0023,-13.06,-36.75,-5.94,229.47,-80.73,-177.54
52.421776,-1.533803,166.36,11.12,3,25.61,20 / 20,911209,2019-09-06 19:35:16:952,-2.6951,0.9879,9.8288,0.0089,0.0187,9.8065,0.1596,0.0388,-0.0909,-13.81,-37,-5.62,230.54,-80.79,-179.03
52.421776,-1.533803,166.36,11.12,3,25.61,20 / 20,911310,2019-09-06 19:35:17:053,0.5377,-0.4822,10.8619,-0.0295,-0.0233,9.8065,0.3925,-0.0221,-0.0043,-13.12,-36.44,-4.37,233.44,-80.59,-179.3
52.421776,-1.533803,166.36,11.12,3,25.61,21 / 21,911409,2019-09-06 19:35:17:152,1.0652,1.1297,11.013,-0.0282,-0.0145,9.8065,-0.254,-0.065,-0.0324,-12.87,-37,-3.81,232.49,-80.52,-179.79
52.421776,-1.533803,166.36,11.12,3,25.61,21 / 21,911510,2019-09-06 19:35:17:253,-3.3874,-0.7994,9.0332,0.0252,0.0418,9.8065,-0.4062,0.0775,-0.0603,-12.31,-37.56,-4.25,228.34,-80.18,179.06
52.421776,-1.533803,166.36,11.12,3,25.61,21 / 21,911609,2019-09-06 19:35:17:352,-1.5659,1.8647,8.5265,0.038,0.0379,9.8065,0.2016,-0.1613,0.0688,-11.62,-36.87,-4.31,228.34,-80.23,178.3
52.421776,-1.533803,166.36,11.12,3,25.61,21 / 21,911710,2019-09-06 19:35:17:453,0.031,-1.3291,9.8951,-0.0535,-0.0419,9.8063,0.3067,0.0225,-0.0675,-11.69,-36.81,-5.06,227.11,-80.87,178.83
52.421776,-1.533803,166.36,11.12,3,25.61,21 / 21,911810,2019-09-06 19:35:17:553,-3.2414,-0.3818,8.9602,-0.0555,-0.0232,9.8064,-0.3639,-0.0431,0.002,-11.81,-36.62,-5.75,223.81,-81.04,177.43
52.421776,-1.533803,166.36,11.12,3,25.61,21 / 21,911910,2019-09-06 19:35:17:653,1.2815,-1.7687,9.8326,0.0117,0.0425,9.8065,-0.2449,0.0213,-0.0429,-11.25,-36.31,-5.37,224.42,-81.19,177.25
52.421776,-1.533803,166.36,11.12,3,25.61,21 / 21,912009,2019-09-06 19:35:17:752,0.6438,-1.2959,8.8485,-0.0154,0.0467,9.8065,0.2991,0.0413,-0.1672,-10.94,-36.75,-5.87,217.95,-80.98,172.84
52.421776,-1.533803,166.36,11.12,3,25.61,21 / 21,912109,2019-09-06 19:35:17:852,-0.6344,-1.584,11.7281,-0.0961,-0.0127,9.8061,0.3555,-0.2021,-0.0109,-10,-36.81,-5.81,212.23,-81.09,168.14
52.421776,-1.533803,166.36,11.12,3,25.61,21 / 21,912210,2019-09-06 19:35:17:953,-2.4444,0.4329,11.1073,-0.0335,-0.0373,9.8065,0.4794,0.1872,-0.149,-10.62,-36.75,-5.94,214.36,-80.93,167.94
52.421776,-1.533803,166.36,11.12,3,25.61,21 / 21,912310,2019-09-06 19:35:18:053,-2.3557,0.048,10.0135,0.1433,0.094,9.8051,-0.3814,0.0918,-0.1132,-11.19,-36.81,-5.87,216.06,-79.71,172.43
52.421776,-1.533803,166.36,11.12,3,25.61,21 / 22,912409,2019-09-06 19:35:18:152,-0.6856,0.4432,7.8866,0.1163,0.0968,9.8054,0.191,-0.0285,0.4273,-12.12,-36.5,-5.62,219.17,-79.29,173.74
52.421776,-1.533803,166.36,11.12,3,25.61,21 / 22,912510,2019-09-06 19:35:18:253,-1.4997,0.4249,8.3498,-0.0724,-0.1509,9.8051,-0.0289,0.1934,0.0007,-12.87,-36.12,-4.87,225.08,-79.45,175.38
52.421776,-1.533803,166.36,11.12,3,25.61,21 / 22,912610,2019-09-06 19:35:18:353,0.7638,-2.4471,9.3769,-0.0056,-0.0518,9.8065,-0.0184,0.1425,-0.2076,-13.37,-34.75,-4.5,232.94,-80.7,179.23
52.421776,-1.533803,166.36,11.12,3,25.61,21 / 22,912710,2019-09-06 19:35:18:453,-0.176,-1.6993,9.434,-0.0319,-0.0099,9.8066,0.18,-0.0758,0.0549,-12.06,-35.19,-6.19,226.89,-81.22,-179.88
52.421776,-1.533803,166.36,11.12,3,25.61,21 / 22,912810,2019-09-06 19:35:18:553,-0.762,0.612,10.5027,-0.0065,0.0232,9.8065,0.1254,0.0073,-0.1735,-12.56,-35.81,-5.87,227.17,-80.99,178.5
52.421776,-1.533803,166.36,11.12,3,25.61,21 / 22,912910,2019-09-06 19:35:18:653,1.6676,-0.6212,9.5927,-0.0001,0.0253,9.8065,-0.0084,0.07,0.018,-12.37,-36.94,-6,221.6,-80.33,175.79
52.421776,-1.533803,166.36,11.12,3,25.61,21 / 22,913010,2019-09-06 19:35:18:753,0.2401,1.9348,10.9383,-0.0227,-0.0318,9.8065,0.0342,-0.1077,-0.0966,-12.44,-37.19,-5.31,223.3,-80.25,174.95
52.421776,-1.533803,166.36,11.12,3,25.61,21 / 22,913109,2019-09-06 19:35:18:852,1.9885,-0.6595,9.2835,-0.0129,-0.015,9.8066,0.0633,-0.1443,0.025,-13.25,-36.69,-5.12,225.16,-80.35,174.33
52.421776,-1.533803,166.36,11.12,3,25.61,21 / 22,913209,2019-09-06 19:35:18:952,-0.8742,-1.3447,9.3164,0.0124,0.0172,9.8065,-0.0776,0.0159,-0.0061,-12.62,-35.94,-5.69,223.76,-80.69,174.6
52.421776,-1.533803,166.36,11.12,3,25.61,21 / 22,913310,2019-09-06 19:35:19:053,-0.742,-2.4735,10.3331,-0.0091,-0.0218,9.8066,-0.0799,-0.1002,0.2566,-11.87,-36.19,-4.94,224.11,-80.96,174.11
52.421776,-1.533803,166.36,11.12,3,25.61,22 / 22,913409,2019-09-06 19:35:19:152,-0.188,-0.4564,10.1702,0.0248,-0.0195,9.8066,0.2522,-0.0023,-0.0861,-11.37,-35.87,-5.37,222.93,-80.74,176.17
52.421776,-1.533803,166.36,11.12,3,25.61,22 / 22,913510,2019-09-06 19:35:19:253,1.3166,-2.0839,10.4564,-0.0242,-0.0061,9.8066,0.2552,-0.1004,0.1098,-12,-37.56,-5.19,224.53,-80.49,176.69
52.421776,-1.533803,166.36,11.12,3,25.61,22 / 22,913610,2019-09-06 19:35:19:353,-1.2647,-1.0333,10.0151,-0.0049,-0.0361,9.8065,-0.0467,0.0625,-0.1397,-11.5,-36.75,-5.56,220.38,-80.49,177.14
52.421776,-1.533803,166.36,11.12,3,25.61,22 / 22,913709,2019-09-06 19:35:19:452,-0.4665,0.9858,9.3433,-0.0251,-0.0081,9.8066,0.043,0.076,0.1054,-12.37,-37.94,-5.62,222.36,-80.42,177.17
52.421776,-1.533803,166.36,11.12,3,25.61,22 / 22,913809,2019-09-06 19:35:19:552,0.6317,0.4436,9.7212,-0.0073,-0.0427,9.8065,-0.0019,0.0304,-0.0221,-12.12,-36.94,-5.5,226.37,-80.77,178.06
52.421776,-1.533803,166.36,11.12,3,25.61,22 / 22,913910,2019-09-06 19:35:19:653,-1.8458,0.776,9.8156,0.0051,-0.0122,9.8066,0.0712,0.0667,-0.0886,-12.12,-37,-5.69,224.91,-80.58,179.8
52.421776,-1.533803,166.36,11.12,3,25.61,22 / 22,914010,2019-09-06 19:35:19:753,-0.6246,-0.6015,9.6141,-0.021,-0.0256,9.8066,-0.061,0.0206,-0.023,-12.19,-36.94,-5.69,224.76,-80.57,179.6
52.421776,-1.533803,166.36,11.12,3,25.61,22 / 22,914110,2019-09-06 19:35:19:853,1.2486,-1.1843,10.0986,0.0003,0.0367,9.8065,-0.1629,-0.0372,0.2564,-12.25,-37.06,-6.5,224.82,-80.59,179.66
52.421776,-1.533803,166.36,11.12,3,25.61,22 / 22,914214,2019-09-06 19:35:19:957,-2.8536,1.3683,8.2221,0.0398,0.0839,9.8061,-0.0484,0.0863,-0.0795,-11.69,-37.25,-6.37,223.87,-80.72,178.13
52.421776,-1.533803,166.36,11.12,3,25.61,22 / 22,914310,2019-09-06 19:35:20:053,-2.0213,-0.9236,10.4365,-0.0512,-0.0297,9.8065,-0.0247,0.1637,-0.0866,-12.5,-36.87,-6.12,224.29,-81,178.14
52.421776,-1.533803,166.36,11.12,3,25.61,20 / 21,914409,2019-09-06 19:35:20:152,-2.8223,-2.6591,10.4924,-0.0529,-0.0567,9.8063,-0.0147,-0.0446,-0.0084,-12.06,-37.5,-6.31,223.4,-81.27,176.44
52.421776,-1.533803,166.36,11.12,3,25.61,20 / 21,914510,2019-09-06 19:35:20:253,-2.4915,2.4988,10.3174,0.0336,0.0316,9.8065,0.4144,0.2526,-0.2312,-11.87,-37.19,-5.19,226.58,-80.83,178.2
52.421776,-1.533803,166.36,11.12,3,25.61,20 / 21,914610,2019-09-06 19:35:20:353,1.708,4.0105,10.6701,-0.0465,-0.0546,9.8063,-0.7121,-0.081,0.2211,-12.81,-36.94,-5.19,228.92,-81.16,177.67
52.421776,-1.533803,166.36,11.12,3,25.61,20 / 21,914710,2019-09-06 19:35:20:453,1.0954,1.0988,10.3851,0.1587,0.1239,9.8046,-0.4674,0.1186,-0.108,-12.19,-37.94,-5.69,223.79,-80.21,179.55
52.421776,-1.533803,166.36,11.12,3,25.61,20 / 21,914810,2019-09-06 19:35:20:553,-1.0082,-0.7101,8.6802,0.1081,0.0853,9.8056,-0.1873,-0.0451,-0.0456,-12.12,-36.69,-5.5,227.36,-80.49,179.98
52.421776,-1.533803,166.36,11.12,3,25.61,20 / 21,914910,2019-09-06 19:35:20:653,-2.6325,-1.8899,8.9017,-0.0045,0.0062,9.8066,-0.2675,0.0201,0.0482,-12.44,-36.81,-5.37,228.02,-80.89,179.99
52.421776,-1.533803,166.36,11.12,3,25.61,20 / 21,915009,2019-09-06 19:35:20:752,-0.0099,-0.5316,10.1288,0.0373,0.0323,9.8065,-0.0281,0.0537,-0.1061,-11.62,-36.5,-5.87,225.95,-80.97,179.9
52.421776,-1.533803,166.36,11.12,3,25.61,20 / 21,915110,2019-09-06 19:35:20:853,1.1345,1.0127,7.5954,-0.0164,0.0096,9.8066,-0.1234,-0.0285,0.0235,-12.06,-37.19,-5.62,224.75,-80.86,179.04
52.421776,-1.533803,166.36,11.12,3,25.61,20 / 21,915210,2019-09-06 19:35:20:953,0.5851,-2.2573,8.7482,0.0982,0.1105,9.8055,-0.0531,0.2022,0.0785,-11.81,-37.44,-5.44,225.41,-80.17,178.01
52.421776,-1.533803,166.36,11.12,3,25.61,20 / 21,915310,2019-09-06 19:35:21:053,-4.7591,-2.4193,9.2274,-0.078,-0.0885,9.8059,-0.2345,-0.0132,-0.0801,-12.19,-37.19,-5.25,227.31,-80.74,179.36
52.422672,-1.533259,167.02,11.9,2,20.28,21 / 21,915409,2019-09-06 19:35:21:152,-0.6059,3.1351,11.0981,0.0385,0.0973,9.806,-0.1773,0.0847,0.1102,-12.12,-37.19,-5.5,224.57,-79.72,177.77
52.422672,-1.533259,167.02,11.9,2,20.28,21 / 21,915510,2019-09-06 19:35:21:253,-1.0228,1.2873,9.6239,-0.047,-0.0448,9.8063,0.2284,-0.0382,0.0334,-11.87,-37.31,-5.44,226.51,-80.42,178.99
52.422672,-1.533259,167.02,11.9,2,20.28,21 / 21,915610,2019-09-06 19:35:21:353,0.9115,-0.9276,9.5587,-0.0483,-0.072,9.8063,0.2657,-0.0354,0.0497,-11.87,-37.37,-5.75,225.12,-81.09,179.07
52.422672,-1.533259,167.02,11.9,2,20.28,21 / 21,915710,2019-09-06 19:35:21:453,0.3101,-1.215,9.3459,-0.0628,-0.047,9.8062,-0.11,0.0234,-0.1107,-12.56,-37.31,-5.87,227.68,-81.33,178.97
52.422672,-1.533259,167.02,11.9,2,20.28,21 / 21,915810,2019-09-06 19:35:21:553,-0.7231,-0.5314,10.2144,-0.0091,0.0058,9.8066,0.0199,-0.0149,0.0144,-12.19,-37.12,-6.5,224.5,-81.38,177.67
52.422672,-1.533259,167.02,11.9,2,20.28,21 / 21,915910,2019-09-06 19:35:21:653,-0.2025,-1.7994,10.1449,-0.0106,-0.0086,9.8066,0.0355,0.0053,-0.0337,-12.44,-37.31,-5.94,224.18,-81.41,177.2
52.422672,-1.533259,167.02,11.9,2,20.28,21 / 21,916010,2019-09-06 19:35:21:753,-0.3453,-0.8657,10.2694,0.001,0.0213,9.8066,0.0528,-0.0275,-0.0274,-12,-36.75,-5.81,223.72,-81.28,176.84
52.422672,-1.533259,167.02,11.9,2,20.28,21 / 21,916109,2019-09-06 19:35:21:852,-0.3328,-0.7385,9.3753,-0.0055,0.0055,9.8066,-0.0989,-0.0253,0.036,-12.25,-37.44,-6.12,222.67,-81.2,175.59
52.422672,-1.533259,167.02,11.9,2,20.28,21 / 21,916209,2019-09-06 19:35:21:952,-0.8127,-0.7258,9.4684,0.0061,0.0055,9.8066,-0.1066,0.0169,0.0077,-11.37,-37.19,-6.37,220.32,-81.31,175.48
52.422672,-1.533259,167.02,11.9,2,20.28,21 / 21,916310,2019-09-06 19:35:22:053,-0.7182,-0.0695,9.1373,-0.0352,0.0023,9.8066,-0.0463,0.0526,-0.074,-12.06,-37.5,-6.25,222.83,-81.47,175.31
52.422672,-1.533259,167.02,11.9,2,20.28,22 / 22,916410,2019-09-06 19:35:22:153,-0.9651,1.9987,8.7129,-0.0083,0.0055,9.8066,-0.1698,-0.0636,0.085,-11.25,-37.5,-6.5,218.99,-81.61,173.09
52.422672,-1.533259,167.02,11.9,2,20.28,22 / 22,916512,2019-09-06 19:35:22:255,-0.3441,-1.5513,10.1699,0.0222,-0.0275,9.8065,0.2927,-0.0586,0.1891,-11.87,-37.44,-6.06,222.67,-81.79,174.51
52.422672,-1.533259,167.02,11.9,2,20.28,22 / 22,916610,2019-09-06 19:35:22:353,2.2298,-2.799,11.8422,-0.0078,-0.0457,9.8065,0.2898,-0.1489,0.1006,-11.94,-36.94,-6.06,225.67,-81.98,178.01
52.422672,-1.533259,167.02,11.9,2,20.28,22 / 22,916710,2019-09-06 19:35:22:453,-0.5587,1.6035,10.1906,0.0706,0.0951,9.8058,0.0263,-0.1058,-0.0265,-12.25,-37.87,-5.81,224.59,-81.78,177.46
52.422672,-1.533259,167.02,11.9,2,20.28,22 / 22,916809,2019-09-06 19:35:22:552,3.4333,1.3128,10.0605,0.0564,0.053,9.8063,0.1323,-0.1299,0.062,-11.44,-37.5,-5.75,220.9,-80.6,177.65
52.422672,-1.533259,167.02,11.9,2,20.28,22 / 22,916910,2019-09-06 19:35:22:653,-0.195,-0.9192,9.0965,0.0083,0.0349,9.8065,-0.0785,0.0879,-0.0791,-12.19,-37.69,-5.19,224.99,-80.45,177.39
52.422672,-1.533259,167.02,11.9,2,20.28,22 / 22,917010,2019-09-06 19:35:22:753,1.3908,1.4021,9.3432,-0.0405,-0.0367,9.8065,-0.0793,0.0677,-0.023,-11.31,-37.56,-5.31,223.21,-80.67,177.82
52.422672,-1.533259,167.02,11.9,2,20.28,22 / 22,917110,2019-09-06 19:35:22:853,-0.5867,0.5592,9.5436,-0.0495,-0.0346,9.8064,0.006,-0.0138,0.0964,-11.81,-36.69,-6.44,223.89,-81.41,176.82
52.422672,-1.533259,167.02,11.9,2,20.28,22 / 22,917210,2019-09-06 19:35:22:953,1.6426,1.1915,9.1323,-0.0069,-0.0152,9.8066,0.081,-0.066,-0.0346,-12.12,-37.19,-6.56,222.88,-81.61,178.24
52.422672,-1.533259,167.02,11.9,2,20.28,22 / 22,917309,2019-09-06 19:35:23:052,-1.0862,0.0883,9.3014,0.0027,0.0268,9.8066,-0.0628,-0.0335,0.032,-11.06,-37.12,-6.25,222.48,-81.64,177.73
52.422672,-1.533259,167.02,11.9,2,20.28,22 / 22,917410,2019-09-06 19:35:23:153,-0.6135,0.3607,10.2775,-0.0169,-0.0284,9.8066,0.1305,0.0632,-0.0352,-11.87,-37.37,-6.44,224.84,-81.46,177.96
52.422672,-1.533259,167.02,11.9,2,20.28,22 / 22,917509,2019-09-06 19:35:23:252,0.2343,0.6387,9.3417,-0.0308,-0.0168,9.8066,-0.1825,0.0809,0.0652,-11.87,-36.94,-6,225.16,-81.59,178.13
52.422672,-1.533259,167.02,11.9,2,20.28,22 / 22,917610,2019-09-06 19:35:23:353,-0.403,-0.1362,9.8202,0.0125,-0.0289,9.8065,-0.1512,0.0062,0.0035,-11.94,-36.37,-6.12,228.36,-81.69,-178.42
52.422672,-1.533259,167.02,11.9,2,20.28,22 / 22,917710,2019-09-06 19:35:23:453,-0.5808,-0.8848,10.8199,0.0038,-0.0163,9.8066,0.1119,0.0197,0.0859,-12.81,-37.44,-6.19,231.98,-81.9,-176.74
52.422672,-1.533259,167.02,11.9,2,20.28,22 / 22,917810,2019-09-06 19:35:23:553,-0.6805,0.2257,10.7501,0.0424,-0.0014,9.8065,0.1117,0.0168,0.066,-12.37,-37.31,-6.25,231.23,-81.68,-174.26
52.422672,-1.533259,167.02,11.9,2,20.28,22 / 22,917909,2019-09-06 19:35:23:652,-0.1858,0.1649,10.5562,0.0384,0.0294,9.8064,0.1512,-0.0301,-0.0002,-12.12,-36.81,-6.06,231.09,-81.18,-173.32
52.422672,-1.533259,167.02,11.9,2,20.28,22 / 22,918009,2019-09-06 19:35:23:752,-0.4996,1.1909,9.3184,0.0073,0.0053,9.8066,0.0697,0.0447,-0.0314,-12.06,-37.44,-5.69,229.57,-80.78,-174.43
52.422672,-1.533259,167.02,11.9,2,20.28,22 / 22,918110,2019-09-06 19:35:23:853,-0.1461,-0.088,8.9121,-0.0102,-0.0221,9.8066,-0.1635,-0.0204,-0.0085,-12.44,-37.12,-6,229.88,-80.72,-173.88
52.422672,-1.533259,167.02,11.9,2,20.28,22 / 22,918209,2019-09-06 19:35:23:952,-0.1522,0.2973,9.4495,-0.0315,-0.0147,9.8065,-0.1277,0.0596,-0.0653,-11.56,-36.5,-6.19,231.28,-81.53,-174.37
52.422672,-1.533259,167.02,11.9,2,20.28,22 / 22,918310,2019-09-06 19:35:24:053,-1.2575,0.1657,9.8509,-0.0174,0.0053,9.8066,0.0104,0.0349,-0.0636,-11.87,-36.87,-6.87,228.33,-81.88,-175.29
52.422672,-1.533259,167.02,11.9,2,20.28,22 / 22,918409,2019-09-06 19:35:24:152,-0.1092,-0.2892,10.4049,-0.0008,0.0085,9.8066,0.1146,0.0195,-0.0031,-11.81,-36.75,-6.37,230.57,-81.92,-175.62
52.422672,-1.533259,167.02,11.9,2,20.28,22 / 22,918510,2019-09-06 19:35:24:253,-0.2312,0.3398,10.1491,0.0227,0.0155,9.8066,-0.0317,0.0515,0.0102,-11.75,-36.75,-6.12,229.77,-81.68,-176.1
52.422672,-1.533259,167.02,11.9,2,20.28,22 / 22,918609,2019-09-06 19:35:24:352,-0.6252,-0.4768,10.6821,0.0216,0.0098,9.8066,-0.0079,0.0419,0.0246,-12.06,-36.62,-6.44,229.76,-81.45,-175.62
52.422672,-1.533259,167.02,11.9,2,20.28,22 / 22,918710,2019-09-06 19:35:24:453,0.0215,-0.6914,10.2236,0.0064,0.0012,9.8066,0.0301,0.0626,-0.0656,-11.62,-37.31,-6,229.64,-81.3,-175.45
52.422672,-1.533259,167.02,11.9,2,20.28,22 / 22,918810,2019-09-06 19:35:24:553,-0.2402,0.1174,10.0185,0.001,0.0136,9.8066,0.0151,-0.0248,0.032,-11.5,-37.06,-6.56,224.57,-81.35,-175.76
52.422672,-1.533259,167.02,11.9,2,20.28,22 / 22,918909,2019-09-06 19:35:24:652,-1.1297,-1.7712,10.1269,0.0254,0.011,9.8065,0.0036,-0.0103,-0.0092,-11.5,-36.94,-6.62,225.18,-81.39,-175.03
52.422672,-1.533259,167.02,11.9,2,20.28,22 / 22,919010,2019-09-06 19:35:24:753,-0.7467,-0.5996,10.3882,-0.0209,-0.0087,9.8065,0.0795,0.04,-0.0178,-11.44,-37.31,-6.19,227.49,-81.52,-175.38
52.422672,-1.533259,167.02,11.9,2,20.28,22 / 22,919110,2019-09-06 19:35:24:853,-0.9431,-0.0172,10.2943,0.0304,0.0382,9.8064,0.0799,0.0039,-0.0027,-11.75,-37.12,-6.12,228.96,-81.26,-176.25
52.422672,-1.533259,167.02,11.9,2,20.28,22 / 22,919209,2019-09-06 19:35:24:952,-0.2012,0.1928,9.7206,0.0327,0.0198,9.8065,0.0914,0.0123,-0.0309,-11.19,-37.56,-5.06,228.16,-81.04,-176.2
52.422672,-1.533259,167.02,11.9,2,20.28,22 / 22,919310,2019-09-06 19:35:25:053,-0.7476,-0.1162,9.554,-0.0106,-0.0093,9.8066,-0.134,0.0391,0.0421,-11.62,-37.37,-5.44,231.25,-80.97,-175.92
52.422672,-1.533259,167.02,11.9,2,20.28,22 / 22,919410,2019-09-06 19:35:25:153,-0.7685,-1.1918,10.0623,-0.0141,-0.0268,9.8065,-0.0813,-0.0386,0.0481,-12.31,-37.31,-5.75,230.5,-81.4,-174.56
52.422672,-1.533259,167.02,11.9,2,20.28,22 / 22,919509,2019-09-06 19:35:25:252,0.051,-1.2108,9.7481,-0.0036,-0.0255,9.8065,0.0344,-0.0188,0.0602,-11.69,-37.56,-6.25,231.24,-81.57,-173.47
52.422672,-1.533259,167.02,11.9,2,20.28,22 / 22,919610,2019-09-06 19:35:25:353,-0.9157,-1.097,10.4787,0.0208,0.0081,9.8065,0.0577,-0.0048,0.0198,-12,-36.87,-6.56,229.98,-81.44,-172.3
52.422672,-1.533259,167.02,11.9,2,20.28,22 / 22,919709,2019-09-06 19:35:25:452,-0.4886,-0.0145,9.6048,0.0046,-0.004,9.8066,-0.0533,-0.0332,0.0456,-11.75,-37.25,-6.25,232.57,-81.23,-171.54
52.422672,-1.533259,167.02,11.9,2,20.28,22 / 22,919811,2019-09-06 19:35:25:554,-1.0067,-1.5787,10.0819,0.0161,0.0141,9.8065,-0.134,0.0324,0.024,-11.37,-37.06,-5.87,229.92,-80.93,-170.8
52.422672,-1.533259,167.02,11.9,2,20.28,22 / 22,919910,2019-09-06 19:35:25:653,-0.3707,-0.8891,10.4762,-0.0045,-0.0197,9.8066,0.0797,0.0747,-0.023,-12.19,-37.69,-5.5,234.65,-81.16,-171.37
52.422672,-1.533259,167.02,11.9,2,20.28,22 / 22,920010,2019-09-06 19:35:25:753,0.2172,-0.4499,9.959,0.0097,-0.0002,9.8066,0.009,-0.0294,0.0438,-11.87,-36.69,-6.25,233.96,-81.34,-170
52.422672,-1.533259,167.02,11.9,2,20.28,22 / 22,920109,2019-09-06 19:35:25:852,-0.5556,-0.3435,8.9149,0.0144,0.0021,9.8066,-0.1159,0.0072,-0.0072,-12.37,-36.87,-6.5,235.05,-81.48,-168.96
52.422672,-1.533259,167.02,11.9,2,20.28,22 / 22,920210,2019-09-06 19:35:25:953,-0.7819,-1.1195,9.5078,-0.0091,-0.0053,9.8066,-0.1265,-0.0265,0.0765,-11.5,-37.06,-6.37,232.86,-81.63,-168.64
52.422672,-1.533259,167.02,11.9,2,20.28,22 / 22,920310,2019-09-06 19:35:26:053,-1.2925,-0.7061,9.2578,0.001,-0.0184,9.8066,0.1143,0.0524,-0.0194,-12.12,-36.31,-6.44,237.51,-81.88,-167.39
52.422672,-1.533259,167.02,11.9,2,20.28,22 / 22,920410,2019-09-06 19:35:26:153,-0.9318,-1.6987,9.9194,-0.0028,-0.0232,9.8065,0.0564,-0.0057,0.0016,-12.87,-36.94,-6.62,238.25,-82.02,-166.36
52.422672,-1.533259,167.02,11.9,2,20.28,22 / 22,920509,2019-09-06 19:35:26:252,-0.0404,0.1479,10.1925,-0.0367,-0.042,9.8064,-0.0199,0.0169,-0.015,-12.19,-37.31,-6.44,239.03,-82.21,-165.81
52.422672,-1.533259,167.02,11.9,2,20.28,22 / 22,920609,2019-09-06 19:35:26:352,-0.1204,-0.6956,10.5736,0.0137,0.0252,9.8065,0.054,0.0259,0.0347,-11.69,-36.62,-6.69,235.19,-82.05,-167.08
52.422672,-1.533259,167.02,11.9,2,20.28,22 / 22,920710,2019-09-06 19:35:26:453,-1.2653,-2.2676,9.1709,0.0133,0.0097,9.8066,-0.082,0.0661,-0.0455,-12.06,-37.37,-6.56,235.39,-82.07,-166.88
52.422672,-1.533259,167.02,11.9,2,20.28,22 / 22,920810,2019-09-06 19:35:26:553,-2.7924,-2.9644,10.3367,0.0243,0.019,9.8065,-0.2613,-0.0878,0.031,-12,-37.44,-6.37,237.07,-82.01,-167.72
52.422672,-1.533259,167.02,11.9,2,20.28,22 / 22,920910,2019-09-06 19:35:26:653,0.9917,-0.1613,9.9349,-0.0102,-0.0044,9.8066,0.0782,0.0254,-0.1098,-11.5,-36.94,-6.5,234.06,-81.81,-167.55
52.422672,-1.533259,167.02,11.9,2,20.28,22 / 22,921010,2019-09-06 19:35:26:753,-0.7624,2.5291,8.9736,-0.0293,0.0255,9.8065,0.0481,0.063,-0.0858,-11.25,-37.12,-5.81,230.57,-81.72,-171.82
52.422672,-1.533259,167.02,11.9,2,20.28,22 / 22,921109,2019-09-06 19:35:26:852,-0.5397,-0.5084,10.0429,0.007,-0.0079,9.8066,0.1049,-0.0008,0.0386,-11.69,-36.69,-6,233.07,-81.69,-171.93
52.422672,-1.533259,167.02,11.9,2,20.28,22 / 22,921210,2019-09-06 19:35:26:953,-1.2114,-1.6091,9.0323,-0.0431,-0.0511,9.8064,0.1074,0.089,-0.1356,-11.37,-37.19,-6.81,229.8,-82.09,-170.55
52.422672,-1.533259,167.02,11.9,2,20.28,22 / 22,921309,2019-09-06 19:35:27:052,0.7646,-0.6202,9.7795,-0.0672,-0.0637,9.8062,0.2057,0.0013,0.0055,-11.56,-36.87,-6.5,235.01,-82.47,-171.32
52.422672,-1.533259,167.02,11.9,2,20.28,22 / 22,921410,2019-09-06 19:35:27:153,0.0652,-0.1984,9.4979,0.01,0.0381,9.8065,-0.1536,0.0584,-0.0317,-11.19,-36.94,-6.87,229.04,-82.51,-172.43
52.422672,-1.533259,167.02,11.9,2,20.28,22 / 22,921509,2019-09-06 19:35:27:252,0.4482,-0.4851,8.9645,0.005,-0.0342,9.8066,-0.0192,-0.0768,0.1951,-11.56,-37.56,-7.69,229.43,-82.74,-172.39
52.422672,-1.533259,167.02,11.9,2,20.28,22 / 22,921609,2019-09-06 19:35:27:352,-2.1317,0.081,6.9932,0.0429,0.0307,9.8065,-0.1761,0.0908,-0.0325,-12.75,-38.31,-8.37,236.13,-82.37,-166.47
52.422672,-1.533259,167.02,11.9,2,20.28,22 / 22,921710,2019-09-06 19:35:27:453,-2.439,-0.6978,7.7633,-0.1271,-0.1591,9.8045,-0.8136,0.3723,-0.1069,-12.75,-38.19,-7.19,239.67,-82.15,-164.47
52.422672,-1.533259,167.02,11.9,2,20.28,22 / 22,921810,2019-09-06 19:35:27:553,-0.7836,-4.4379,13.3982,-0.1183,-0.071,9.8056,1.3024,0.0117,-0.103,-12.75,-38.69,-5.62,243.46,-82.48,-163.23
52.422672,-1.533259,167.02,11.9,2,20.28,22 / 22,921910,2019-09-06 19:35:27:653,0.6553,-6.1594,13.4146,-0.074,0.0214,9.8063,0.9925,-0.6066,-0.1031,-11.5,-38.25,-4.19,237.27,-81.86,-170.08
52.422672,-1.533259,167.02,11.9,2,20.28,22 / 22,922009,2019-09-06 19:35:27:752,0.4656,-0.3742,10.4612,-0.0234,-0.0478,9.8065,-0.0646,0.012,-0.0571,-11.19,-36.81,-4.06,232.61,-80.97,-174.32
52.422672,-1.533259,167.02,11.9,2,20.28,22 / 22,922109,2019-09-06 19:35:27:852,-1.0257,1.337,6.7585,-0.1434,-0.1104,9.8049,-0.0914,0.1777,-0.1897,-10.44,-36.06,-5.44,227.94,-81.71,-175.5
52.422672,-1.533259,167.02,11.9,2,20.28,22 / 22,922214,2019-09-06 19:35:27:957,-2.3345,-2.6539,8.1702,-0.0053,0.0297,9.8065,-0.0056,0.068,-0.0028,-10.25,-36.94,-7.12,220.55,-82.31,-179.38
52.422672,-1.533259,167.02,11.9,2,20.28,22 / 22,922310,2019-09-06 19:35:28:053,-4.7193,0.6253,10.1533,-0.0786,-0.0373,9.8062,0.1622,0.0154,0.0663,-9.37,-36.94,-7.37,216.29,-82.71,178.08
52.422672,-1.533259,167.02,11.9,2,20.28,22 / 22,922409,2019-09-06 19:35:28:152,1.423,-4.7209,8.8418,0.0131,0.0058,9.8066,-0.2311,-0.3703,0.415,-9.87,-37.12,-7,218.58,-82.93,176.86
52.422672,-1.533259,167.02,11.9,2,20.28,22 / 22,922510,2019-09-06 19:35:28:253,-0.5519,-0.9135,8.4452,0.0406,0.0265,9.8065,0.1651,0.0866,0.0584,-10.62,-37.37,-6.31,223.69,-82.05,178.49
52.422672,-1.533259,167.02,11.9,2,20.28,22 / 22,922609,2019-09-06 19:35:28:352,0.5616,-5.8582,8.8158,0.0736,0.0582,9.8062,-0.0349,0.2974,0.1883,-10,-37.25,-5.5,224.01,-81.32,-179.32
52.422672,-1.533259,167.02,11.9,2,20.28,22 / 22,922710,2019-09-06 19:35:28:453,0.1444,0.4927,8.6552,-0.0996,-0.0677,9.8058,-0.0266,-0.0176,-0.1968,-10.69,-37.94,-5.69,224.68,-82.02,-179.69
52.422672,-1.533259,167.02,11.9,2,20.28,22 / 22,922809,2019-09-06 19:35:28:552,0.0689,0.1445,9.4483,-0.0538,-0.0903,9.806,0.2375,-0.0077,-0.0821,-10.06,-37.37,-5.94,223.65,-82.43,-178.81
52.422672,-1.533259,167.02,11.9,2,20.28,22 / 22,922909,2019-09-06 19:35:28:652,-0.3212,0.4875,9.245,0.0067,0.0224,9.8066,-0.2057,0.0649,0.0066,-10.75,-37.12,-6.56,225.22,-82.76,-177.77
52.422672,-1.533259,167.02,11.9,2,20.28,22 / 22,923009,2019-09-06 19:35:28:752,-1.6234,-1.2928,8.8698,0.0171,0.0113,9.8066,-0.1959,0.039,0.0973,-10.5,-36.94,-6.5,224.68,-82.8,-178.27
52.422672,-1.533259,167.02,11.9,2,20.28,22 / 22,923109,2019-09-06 19:35:28:852,-0.654,-0.4317,9.7476,0.0127,0.0059,9.8066,0.0283,0.0548,-0.0167,-10.62,-37.06,-6.87,226.18,-82.69,-176.42
52.422672,-1.533259,167.02,11.9,2,20.28,22 / 22,923209,2019-09-06 19:35:28:952,-0.7207,-2.0637,9.5781,0.0143,0.0223,9.8065,0.0115,0.0526,0.0221,-10.06,-37.37,-6.62,223.03,-82.64,-176.78
52.422672,-1.533259,167.02,11.9,2,20.28,22 / 22,923310,2019-09-06 19:35:29:053,-0.0777,0.2819,9.707,-0.0201,-0.0191,9.8066,-0.0346,-0.0049,0.0136,-9.94,-36.81,-6.75,223.05,-82.65,-176.79
52.422672,-1.533259,167.02,11.9,2,20.28,21 / 21,923410,2019-09-06 19:35:29:153,2.2815,-4.8188,8.5041,0.0382,0.0171,9.8065,-0.4071,-0.4332,0.5415,-11.06,-36.75,-6.5,227.81,-82.29,-176.68
52.422672,-1.533259,167.02,11.9,2,20.28,21 / 21,923510,2019-09-06 19:35:29:253,-1.9154,-0.8735,7.692,-0.0236,-0.159,9.8053,0.6914,-0.1928,0.0695,-11.37,-36.87,-6.37,231.98,-81.35,-169.09
52.422672,-1.533259,167.02,11.9,2,20.28,21 / 21,923610,2019-09-06 19:35:29:353,4.0884,-4.5158,5.2556,-0.1403,-0.0176,9.8055,0.1342,0.1584,-0.4062,-10.06,-37.75,-6.19,230.68,-81.46,-166.52
52.422672,-1.533259,167.02,11.9,2,20.28,21 / 21,923709,2019-09-06 19:35:29:452,-1.8062,3.4856,12.4439,-0.2201,-0.2803,9.8001,0.5577,-0.1525,0.062,-9.87,-36.94,-6.94,226.8,-83.53,-173.93
52.422672,-1.533259,167.02,11.9,2,20.28,21 / 21,923810,2019-09-06 19:35:29:553,2.3267,0.4737,13.1393,-0.1916,-0.3265,9.7993,0.8471,0.0103,-0.0276,-9.69,-36.87,-7.5,231.22,-84.33,-170.38
52.422672,-1.533259,167.02,11.9,2,20.28,21 / 21,923910,2019-09-06 19:35:29:653,-0.6407,3.2799,13.2635,0.0269,0.1351,9.8056,-0.1399,-0.0471,0.1398,-9.37,-36.94,-7.37,221.52,-83.44,-176.52
52.422672,-1.533259,167.02,11.9,2,20.28,21 / 21,924009,2019-09-06 19:35:29:752,-0.3651,2.8011,11.446,-0.0513,0.0362,9.8064,0.1331,0.0382,-0.1713,-8.5,-36.87,-6.81,213.81,-82.95,178.59
52.422672,-1.533259,167.02,11.9,2,20.28,21 / 21,924110,2019-09-06 19:35:29:853,0.0184,1.3055,9.9948,0.123,0.1278,9.805,-0.1961,-0.0096,0.1234,-9.12,-37.81,-6.06,217.36,-82.14,177.8
52.422672,-1.533259,167.02,11.9,2,20.28,21 / 21,924214,2019-09-06 19:35:29:957,0.4935,-0.0158,9.4936,0.0919,0.0715,9.8059,-0.2954,-0.0087,0.0988,-8.94,-37.25,-5.87,217.86,-80.95,-179.42
52.422672,-1.533259,167.02,11.9,2,20.28,21 / 21,924310,2019-09-06 19:35:30:053,-1.002,-1.2312,8.6724,-0.0468,-0.0871,9.8061,-0.3545,-0.0125,-0.0026,-9.12,-37.62,-6,220.46,-81.95,-177.43
52.42352,-1.532833,167.62,9.73,3,10.59,22 / 22,924410,2019-09-06 19:35:30:153,1.061,-0.034,9.1487,0.0013,-0.0034,9.8066,0.0028,0.101,-0.0235,-9.44,-37.25,-6.44,221.25,-81.92,-176.77
52.42352,-1.532833,167.62,9.73,3,10.59,22 / 22,924509,2019-09-06 19:35:30:252,0.0816,0.3929,9.4497,-0.0008,-0.0128,9.8066,0.0608,-0.0407,0.0638,-9.06,-37.31,-6.44,222.11,-82.42,-176.77
52.42352,-1.532833,167.62,9.73,3,10.59,22 / 22,924610,2019-09-06 19:35:30:353,1.1149,1.0069,10.3205,0.003,-0.0099,9.8066,0.0177,-0.0505,0.0231,-9.37,-37.56,-6.56,220.36,-82.49,-175.56
52.42352,-1.532833,167.62,9.73,3,10.59,22 / 22,924709,2019-09-06 19:35:30:452,-0.4963,0.652,10.3769,0.029,0.0179,9.8065,-0.0016,-0.0201,-0.015,-9.44,-37.31,-6.06,223,-82.27,-175.19
52.42352,-1.532833,167.62,9.73,3,10.59,22 / 22,924810,2019-09-06 19:35:30:553,0.6596,0.3432,10.728,0.0158,0.0106,9.8066,0.0299,-0.0301,0.0697,-9.37,-36.87,-6.31,223.31,-82.13,-174.43
52.42352,-1.532833,167.62,9.73,3,10.59,22 / 22,924910,2019-09-06 19:35:30:653,0.9468,-0.8259,9.6802,0.0123,-0.0187,9.8066,-0.02,-0.0927,0.0608,-9.56,-37.19,-6.06,227.87,-82.1,-172.46
52.42352,-1.532833,167.62,9.73,3,10.59,22 / 22,925010,2019-09-06 19:35:30:753,1.0434,1.8359,9.7368,-0.0019,-0.0324,9.8066,-0.1313,-0.0575,0.1183,-10.12,-36.75,-6.5,229.75,-82.21,-170.28
52.42352,-1.532833,167.62,9.73,3,10.59,22 / 22,925110,2019-09-06 19:35:30:853,-0.671,0.2861,9.5817,0.0389,0.0172,9.8065,-0.2268,0.0409,-0.0433,-9.87,-36.44,-6.81,229.33,-82.49,-168.83
52.42352,-1.532833,167.62,9.73,3,10.59,22 / 22,925209,2019-09-06 19:35:30:952,-0.3206,-0.721,9.8519,0.0211,0.0426,9.8065,0.2054,-0.0394,-0.0129,-10.44,-36.56,-6.62,229.26,-82.3,-167.99
52.42352,-1.532833,167.62,9.73,3,10.59,22 / 22,925311,2019-09-06 19:35:31:054,1.915,0.4432,10.2336,-0.0288,-0.025,9.8065,0.1183,-0.1209,0.0028,-10.56,-37.06,-6.12,234.88,-82.43,-168.09
52.42352,-1.532833,167.62,9.73,3,10.59,22 / 22,925410,2019-09-06 19:35:31:153,0.2038,0.0026,9.8239,-0.0213,-0.0061,9.8065,0.1184,-0.0501,-0.0259,-10.25,-36.75,-6.25,230.33,-82.17,-169.42
52.42352,-1.532833,167.62,9.73,3,10.59,22 / 22,925510,2019-09-06 19:35:31:253,-0.3543,0.8882,10.0947,0.0079,0.0144,9.8066,0.0809,0.0102,-0.0516,-10.25,-36.56,-6.37,228.91,-81.99,-170.83
52.42352,-1.532833,167.62,9.73,3,10.59,22 / 22,925610,2019-09-06 19:35:31:353,1.2181,0.3796,9.4293,-0.0017,0.0011,9.8066,-0.1676,0.0176,0.0227,-9.62,-36.87,-6.5,229.06,-82.12,-170.95
52.42352,-1.532833,167.62,9.73,3,10.59,22 / 22,925710,2019-09-06 19:35:31:453,-0.1541,0.4782,9.6825,0.0211,0.0142,9.8066,-0.1613,-0.0188,0.0233,-10.56,-36.25,-5.56,232.7,-82.33,-171.08
52.42352,-1.532833,167.62,9.73,3,10.59,22 / 22,925809,2019-09-06 19:35:31:552,-0.3584,-0.5423,9.7311,0.0185,0.0028,9.8066,0.0533,-0.0321,0.0373,-10.31,-36.44,-6.62,228.54,-82.38,-169.58
52.42352,-1.532833,167.62,9.73,3,10.59,22 / 22,925910,2019-09-06 19:35:31:653,-0.2965,-0.4414,9.4822,-0.0231,-0.0329,9.8065,0.0465,-0.0454,0.0487,-10.81,-36.81,-6.69,233.07,-82.61,-167.63
52.42352,-1.532833,167.62,9.73,3,10.59,22 / 22,926009,2019-09-06 19:35:31:752,0.5556,1.0586,9.6624,-0.0072,-0.0558,9.8064,-0.1138,0.0068,-0.0218,-10.69,-36.56,-6.62,234.57,-82.61,-165.79
52.42352,-1.532833,167.62,9.73,3,10.59,22 / 22,926110,2019-09-06 19:35:31:853,-0.1469,0.37,9.4576,0.012,0.0278,9.8066,-0.0858,0.0393,0.03,-10.94,-37.31,-6.44,236.67,-82.51,-166.07
52.42352,-1.532833,167.62,9.73,3,10.59,22 / 22,926209,2019-09-06 19:35:31:952,-0.1919,0.0204,8.8857,0.0172,0.0304,9.8065,-0.0882,-0.024,0.0644,-10.5,-37.5,-7.37,231.2,-82.6,-166.25
52.42352,-1.532833,167.62,9.73,3,10.59,22 / 22,926310,2019-09-06 19:35:32:053,-0.8364,-0.4611,9.9478,-0.026,-0.0245,9.8065,0.0146,-0.0446,-0.0304,-10.69,-36.81,-7.44,234.43,-82.72,-166.22
52.42352,-1.532833,167.62,9.73,3,10.59,22 / 22,926409,2019-09-06 19:35:32:152,0.0399,-1.688,10.3132,-0.0229,-0.0151,9.8066,0.1575,0.0129,0.0264,-11.19,-37.44,-7.44,234.49,-82.92,-166.62
52.42352,-1.532833,167.62,9.73,3,10.59,22 / 22,926510,2019-09-06 19:35:32:253,-1.7375,0.5576,10.5974,0.0148,-0.0022,9.8066,0.1264,0.0308,-0.0801,-10.62,-37.37,-6.5,235.23,-82.74,-168.43
52.42352,-1.532833,167.62,9.73,3,10.59,22 / 22,926609,2019-09-06 19:35:32:352,-0.4113,0.733,10.4872,-0.016,-0.014,9.8066,-0.0887,-0.1132,0.1003,-10.25,-38.06,-7.12,229,-82.55,-168.42
52.42352,-1.532833,167.62,9.73,3,10.59,22 / 22,926711,2019-09-06 19:35:32:454,-1.3508,0.7816,8.9602,0.0215,0.0299,9.8065,-0.158,0.1092,-0.0703,-10.19,-37.69,-6.62,228.93,-82.6,-168.64
52.42352,-1.532833,167.62,9.73,3,10.59,22 / 22,926810,2019-09-06 19:35:32:553,-0.8598,-0.49,9.0804,-0.0372,-0.0401,9.8064,0.1248,-0.0005,-0.0189,-10.25,-37.87,-6.44,230.82,-82.63,-169.46
52.42352,-1.532833,167.62,9.73,3,10.59,22 / 22,926909,2019-09-06 19:35:32:652,0.0312,-0.2023,9.8891,-0.049,-0.0315,9.8064,0.1161,-0.043,-0.0001,-10.37,-37.5,-6.87,229.58,-83.15,-169.59
52.42352,-1.532833,167.62,9.73,3,10.59,22 / 22,927009,2019-09-06 19:35:32:752,0.4771,-0.7777,10.3698,-0.0161,-0.0136,9.8066,0.0345,0.0781,-0.0597,-9.87,-37.56,-6.87,228.61,-83.14,-170.33
52.42352,-1.532833,167.62,9.73,3,10.59,22 / 22,927110,2019-09-06 19:35:32:853,-1.5277,0.356,9.7098,0.0011,0.0141,9.8065,0.0416,0.0445,0.0187,-10.06,-37.25,-6.75,226.27,-82.86,-173.09
52.42352,-1.532833,167.62,9.73,3,10.59,22 / 22,927214,2019-09-06 19:35:32:957,-0.4387,0.4512,10.1726,0.0052,0.0122,9.8066,-0.0508,-0.0041,0.0351,-10.62,-36.94,-7.06,228.94,-82.72,-173.01
52.42352,-1.532833,167.62,9.73,3,10.59,22 / 22,927310,2019-09-06 19:35:33:053,-2.2026,-1.9709,11.388,-0.0218,-0.0307,9.8065,-0.0234,0.0117,-0.0595,-10.12,-36.81,-7.19,226.77,-82.73,-172.17
52.42352,-1.532833,167.62,9.73,3,10.59,22 / 22,927409,2019-09-06 19:35:33:152,-2.3885,1.3499,10.5116,-0.047,-0.0658,9.8063,0.3201,-0.1088,0.1887,-10.25,-36.56,-6.31,229.48,-83.06,-172.75
52.42352,-1.532833,167.62,9.73,3,10.59,22 / 22,927510,2019-09-06 19:35:33:253,-2.2387,-3.0821,9.1069,0.0262,-0.003,9.8065,0.0043,0.087,-0.1146,-10.31,-37.69,-7,227.49,-82.97,-171.37
52.42352,-1.532833,167.62,9.73,3,10.59,22 / 22,927609,2019-09-06 19:35:33:352,0.2785,-0.4372,9.1476,-0.0173,0.0071,9.8066,0.2635,-0.0194,0.0426,-9.81,-37.5,-6.94,226.69,-82.97,-172.82
52.42352,-1.532833,167.62,9.73,3,10.59,22 / 22,927710,2019-09-06 19:35:33:453,-0.261,1.3202,9.2649,-0.0224,0.0053,9.8066,0.2346,0.0319,-0.0375,-10,-37.62,-6.44,227.66,-82.84,-174.04
52.42352,-1.532833,167.62,9.73,3,10.59,22 / 22,927809,2019-09-06 19:35:33:552,0.9766,0.142,9.5814,-0.0109,-0.0245,9.8066,0.2457,-0.0029,0.0751,-9.75,-37.37,-6.56,225.17,-82.75,-174.26
52.42352,-1.532833,167.62,9.73,3,10.59,22 / 22,927910,2019-09-06 19:35:33:653,-0.7998,0.1888,9.0208,-0.0014,0.0106,9.8066,-0.2237,0.0074,-0.0128,-10,-37.31,-6.75,225.98,-82.85,-173.44
52.42352,-1.532833,167.62,9.73,3,10.59,22 / 22,928010,2019-09-06 19:35:33:753,0.1813,0.3186,9.9946,-0.0308,-0.0261,9.8065,0.158,-0.1029,0.1244,-10.37,-36.56,-6.81,226.89,-83.07,-172.79
52.42352,-1.532833,167.62,9.73,3,10.59,22 / 22,928109,2019-09-06 19:35:33:852,0.9669,1.1436,10.458,0.0112,-0.0044,9.8066,0.0783,-0.0114,-0.0024,-9.81,-36,-7.69,226.1,-83.28,-171.69
52.42352,-1.532833,167.62,9.73,3,10.59,22 / 22,928210,2019-09-06 19:35:33:953,-0.8943,-0.6822,9.5349,0.0487,0.0539,9.8063,-0.0345,0.0426,-0.0143,-10.81,-35.87,-7.37,230.93,-82.93,-171.44
52.42352,-1.532833,167.62,9.73,3,10.59,22 / 22,928310,2019-09-06 19:35:34:053,1.2325,-0.1938,10.6689,0.006,-0.0277,9.8065,0.0673,-0.0354,0.0394,-9.94,-36.56,-7.37,227.81,-82.86,-171.13
52.42352,-1.532833,167.62,9.73,3,10.59,22 / 22,928409,2019-09-06 19:35:34:152,0.3269,1.7688,10.2472,-0.0169,-0.0324,9.8066,-0.0034,-0.0595,0.0549,-10,-36.75,-7.06,228.87,-82.83,-169.73
52.42352,-1.532833,167.62,9.73,3,10.59,22 / 22,928510,2019-09-06 19:35:34:253,1.3826,1.0721,10.361,0.04,0.0253,9.8064,-0.0096,0.0549,-0.081,-10.06,-37,-6.25,231.92,-82.76,-168.91
52.42352,-1.532833,167.62,9.73,3,10.59,22 / 22,928609,2019-09-06 19:35:34:352,-0.2014,1.4899,8.7585,-0.0047,0.0074,9.8066,-0.1868,-0.0106,0.0232,-10.06,-36.94,-6.56,229.92,-82.82,-168.39
52.42352,-1.532833,167.62,9.73,3,10.59,22 / 22,928710,2019-09-06 19:35:34:453,0.5419,-0.398,9.4467,0.0084,0.0158,9.8065,-0.1235,0.1189,-0.1045,-10.69,-36.62,-6.56,233.32,-82.74,-167.64
52.42352,-1.532833,167.62,9.73,3,10.59,22 / 22,928809,2019-09-06 19:35:34:552,-0.3099,0.2837,9.509,-0.0039,-0.0094,9.8065,0.1382,0.0879,-0.0316,-9.94,-36.62,-6.31,232.09,-83.05,-169.45
52.42352,-1.532833,167.62,9.73,3,10.59,22 / 22,928910,2019-09-06 19:35:34:653,0.888,-1.3475,10.6694,-0.0143,0.0121,9.8066,0.1272,-0.0826,0.0889,-9.81,-36.87,-6.31,232.02,-83.18,-169.85
52.42352,-1.532833,167.62,9.73,3,10.59,22 / 22,929009,2019-09-06 19:35:34:752,-0.2887,0.5686,10.3341,-0.0063,-0.0008,9.8066,-0.0664,0.0511,-0.0575,-10.44,-36.56,-6.94,228.65,-83.18,-170.83
52.42352,-1.532833,167.62,9.73,3,10.59,22 / 22,929109,2019-09-06 19:35:34:852,-1.2886,1.0978,9.5873,-0.0119,0.0067,9.8066,-0.0613,-0.0704,0.0548,-10.19,-36.56,-6.81,227.21,-82.94,-172.08
52.42352,-1.532833,167.62,9.73,3,10.59,22 / 22,929209,2019-09-06 19:35:34:952,-0.5808,0.5721,9.7854,-0.0028,-0.0044,9.8066,-0.0051,0.0107,0.0082,-9.87,-36.25,-6.69,227.49,-82.99,-172.29
52.42352,-1.532833,167.62,9.73,3,10.59,22 / 22,929310,2019-09-06 19:35:35:053,-0.0775,0.394,9.0158,-0.0123,-0.0086,9.8066,-0.0728,0.0162,0.0087,-10.31,-36.44,-7.44,228.02,-83.26,-172.22
52.42352,-1.532833,167.62,9.73,3,10.59,22 / 22,929409,2019-09-06 19:35:35:152,-1.8436,0.2883,9.7586,0.0069,0.0227,9.8065,0.1992,0.0511,-0.0121,-9.69,-36.44,-7.94,225.26,-83.22,-172.6
52.42352,-1.532833,167.62,9.73,3,10.59,22 / 22,929510,2019-09-06 19:35:35:253,-0.5841,0.0034,10.4139,-0.0178,-0.0324,9.8066,0.1936,0.0107,-0.0039,-9.62,-36.44,-7.31,227.17,-83.49,-173.79
52.42352,-1.532833,167.62,9.73,3,10.59,22 / 22,929609,2019-09-06 19:35:35:352,-0.9536,0.5058,10.1225,0.0064,-0.0012,9.8066,0.0077,0.0371,0.0126,-9.87,-37.5,-7.69,224.07,-83.1,-173.47
52.42352,-1.532833,167.62,9.73,3,10.59,22 / 22,929710,2019-09-06 19:35:35:453,-1.121,0.4485,10.1336,0.0135,0.0119,9.8066,-0.0144,0.0851,-0.0115,-8.81,-37.06,-7.81,220.19,-82.76,-173.89
52.42352,-1.532833,167.62,9.73,3,10.59,22 / 22,929809,2019-09-06 19:35:35:552,0.2198,0.1749,9.9007,0.014,-0.0097,9.8066,0.0084,0.0299,0.0691,-9.12,-37.69,-7.81,220.38,-82.53,-172.74
52.42352,-1.532833,167.62,9.73,3,10.59,22 / 22,929909,2019-09-06 19:35:35:652,0.1006,0.7032,9.2758,-0.0032,-0.0073,9.8066,-0.0159,0.0443,-0.0034,-8.62,-37.37,-7,223.28,-82.7,-172.59
52.42352,-1.532833,167.62,9.73,3,10.59,22 / 22,930010,2019-09-06 19:35:35:753,-1.3699,0.1757,9.4604,-0.008,-0.0036,9.8066,-0.0419,0.0928,-0.0014,-8.37,-37.06,-7.69,218.59,-82.92,-172.02
52.42352,-1.532833,167.62,9.73,3,10.59,22 / 22,930109,2019-09-06 19:35:35:852,-0.2555,-0.7478,9.3276,0.0051,-0.008,9.8066,-0.0115,0.0383,0.0363,-8.31,-37,-8,219.3,-83.24,-171.75
52.42352,-1.532833,167.62,9.73,3,10.59,22 / 22,930210,2019-09-06 19:35:35:953,-2.0641,-0.7067,9.1457,-0.0011,0.0045,9.8066,0.0474,0.0633,0.0505,-9.25,-37.5,-8.06,223.01,-83.29,-171.33
52.42352,-1.532833,167.62,9.73,3,10.59,22 / 22,930309,2019-09-06 19:35:36:052,-1.3874,-0.1051,9.9388,0.0195,-0.0262,9.8065,0.0394,0.0857,0.0455,-8.37,-36.81,-7.94,219.97,-83.22,-170.84
52.42352,-1.532833,167.62,9.73,3,10.59,22 / 22,930410,2019-09-06 19:35:36:153,-1.1502,-0.1024,10.7283,0.0079,0.0306,9.8066,0.0967,0.081,-0.0403,-8.87,-36.94,-7.87,225.08,-83.07,-168.22
52.42352,-1.532833,167.62,9.73,3,10.59,22 / 22,930509,2019-09-06 19:35:36:252,-0.5462,1.2714,9.6584,0.0097,0.0232,9.8065,0.0241,0.0791,-0.0048,-9,-37.25,-7.5,225.62,-82.76,-169.66
52.42352,-1.532833,167.62,9.73,3,10.59,22 / 22,930609,2019-09-06 19:35:36:352,1.275,-0.3539,11.0358,0.0211,0.0014,9.8065,0.3485,-0.041,0.0734,-8.81,-37.37,-7.25,226.89,-82.88,-168.32
52.42352,-1.532833,167.62,9.73,3,10.59,22 / 22,930710,2019-09-06 19:35:36:453,-2.8963,-0.6161,10.9669,-0.0192,0.0578,9.8064,-0.0209,0.1448,-0.0662,-8.12,-37.44,-7,221.17,-82.56,-170.57
52.42352,-1.532833,167.62,9.73,3,10.59,22 / 22,930809,2019-09-06 19:35:36:552,-0.3256,-2.481,10.3068,0.0193,0.0348,9.8065,0.0214,0.1359,-0.1293,-8.25,-37.56,-6.37,221.05,-82.42,-173.03
52.42352,-1.532833,167.62,9.73,3,10.59,22 / 22,930909,2019-09-06 19:35:36:652,1.0433,0.1797,9.7752,-0.0218,0.0118,9.8065,0.0482,-0.0006,0.109,-7.56,-37.06,-6.5,221.51,-81.95,-171.73
52.42352,-1.532833,167.62,9.73,3,10.59,22 / 22,931010,2019-09-06 19:35:36:753,-0.7633,-1.5841,10.2943,-0.0114,-0.0205,9.8065,0.0045,0.0823,-0.1143,-7.19,-37.37,-6.69,214.81,-82.14,-173.43
52.42352,-1.532833,167.62,9.73,3,10.59,22 / 22,931109,2019-09-06 19:35:36:852,-0.4068,-0.9839,10.2978,-0.0567,-0.0555,9.8062,0.166,-0.0582,-0.003,-7.69,-37,-7.12,218.5,-82.73,-174.59
52.42352,-1.532833,167.62,9.73,3,10.59,22 / 22,931210,2019-09-06 19:35:36:953,-1.9722,0.4492,9.4373,-0.0375,-0.0388,9.8064,-0.0116,0.0424,-0.0004,-7.31,-36,-7,214.48,-82.75,-175.64
52.42352,-1.532833,167.62,9.73,3,10.59,22 / 22,931310,2019-09-06 19:35:37:053,0.1951,0.6372,9.8261,0.0017,0.0063,9.8066,0.0557,0.0224,-0.042,-6.69,-36.69,-7.25,212.99,-82.59,-176.97
52.42352,-1.532833,167.62,9.73,3,10.59,21 / 21,931409,2019-09-06 19:35:37:152,-1.8317,-0.5501,9.2164,-0.0111,-0.0011,9.8066,-0.0018,0.0268,0.0146,-6.87,-37.25,-7.37,212.78,-82.56,-177.22
52.42352,-1.532833,167.62,9.73,3,10.59,21 / 21,931510,2019-09-06 19:35:37:253,-0.5586,-0.5212,9.5242,-0.0118,-0.028,9.8065,-0.0752,0.0742,-0.0023,-6.37,-37.31,-7.75,206.28,-82.6,-178.57
52.42352,-1.532833,167.62,9.73,3,10.59,21 / 21,931609,2019-09-06 19:35:37:352,-1.8176,0.6496,9.4781,0.0023,0.0042,9.8066,0.011,0.0704,-0.0066,-6.37,-36.87,-7.81,206.15,-82.66,-178.87
52.42352,-1.532833,167.62,9.73,3,10.59,21 / 21,931710,2019-09-06 19:35:37:453,-0.299,0.4374,9.741,0.0213,0.0368,9.8065,-0.04,0.0803,0.0512,-6.25,-37.19,-7.44,207.34,-82.38,-179.29
52.42352,-1.532833,167.62,9.73,3,10.59,21 / 21,931812,2019-09-06 19:35:37:555,0.8933,-0.438,10.381,0.0332,0.0378,9.8065,-0.1009,0.1544,-0.0623,-6.19,-37.62,-7.31,207.33,-82.21,-178.61
52.42352,-1.532833,167.62,9.73,3,10.59,21 / 21,931910,2019-09-06 19:35:37:653,-0.9392,0.4728,8.8895,0.0048,0.0203,9.8065,-0.0984,0.092,0.0029,-6.06,-37.62,-7.5,207.52,-82.13,-178.14
52.42352,-1.532833,167.62,9.73,3,10.59,21 / 21,932009,2019-09-06 19:35:37:752,-0.1104,-0.9315,9.6955,0.0097,0.0222,9.8065,0.0463,0.0677,-0.0447,-6.25,-37.56,-7.44,207.63,-82.24,-178.2
52.42352,-1.532833,167.62,9.73,3,10.59,21 / 21,932110,2019-09-06 19:35:37:853,0.373,-0.8906,10.7566,-0.0235,-0.0123,9.8066,0.0179,0.068,-0.1059,-5.94,-37.5,-7.75,206.39,-82.27,-177.88
52.42352,-1.532833,167.62,9.73,3,10.59,21 / 21,932210,2019-09-06 19:35:37:953,-4.753,1.5273,11.0539,-0.03,0.0548,9.8064,0.3242,0.3178,-0.0892,-5.44,-37.94,-7.81,199.61,-82.27,177.92
52.42352,-1.532833,167.62,9.73,3,10.59,21 / 21,932309,2019-09-06 19:35:38:052,0.1297,1.4294,11.939,-0.0114,-0.0068,9.8066,0.5763,-0.1803,0.1295,-5.5,-37.31,-6.69,199.4,-82.28,174.77
52.42352,-1.532833,167.62,9.73,3,10.59,21 / 21,932409,2019-09-06 19:35:38:152,-0.1278,-0.6829,11.6561,-0.0233,-0.0472,9.8065,-0.3274,0.2999,-0.0051,-5.81,-37.62,-6.5,206.13,-82.15,176.58
52.42352,-1.532833,167.62,9.73,3,10.59,21 / 21,932510,2019-09-06 19:35:38:253,-0.3745,0.0244,9.9323,0.0472,0.0523,9.8064,-0.1699,0.1285,0.0894,-5.5,-38,-6.5,201.06,-81.83,175.45
52.42352,-1.532833,167.62,9.73,3,10.59,21 / 21,932609,2019-09-06 19:35:38:352,-2.4291,1.3134,9.3089,0.017,-0.0117,9.8065,-0.1212,-0.1399,0.0449,-5.5,-37.12,-7.06,201.08,-82.13,177.6
52.42352,-1.532833,167.62,9.73,3,10.59,21 / 21,932710,2019-09-06 19:35:38:453,0.6187,-0.5132,9.4801,0.0224,0.0167,9.8065,-0.217,0.014,0.0423,-5.37,-37.25,-6.75,202.98,-82.45,-179.97
52.42352,-1.532833,167.62,9.73,3,10.59,21 / 21,932809,2019-09-06 19:35:38:552,-1.8244,-0.8174,9.2451,0.0116,0.0568,9.8064,0.1861,0.1564,-0.0517,-5,-37,-7.12,202.8,-82.24,-179.9
52.42352,-1.532833,167.62,9.73,3,10.59,21 / 21,932910,2019-09-06 19:35:38:653,-0.4182,0.1724,10.3254,-0.0092,-0.037,9.8066,0.19,-0.0031,0.0135,-5.75,-36.94,-7.19,206.67,-82.4,179.69
52.42352,-1.532833,167.62,9.73,3,10.59,21 / 21,933010,2019-09-06 19:35:38:753,-0.6163,0.7801,11.1894,-0.0215,-0.0621,9.8064,-0.0728,0.0066,-0.0066,-5.19,-36.81,-6.75,202.9,-82.32,-179.88
52.42352,-1.532833,167.62,9.73,3,10.59,21 / 21,933110,2019-09-06 19:35:38:853,-2.079,-0.4869,10.8785,0.0209,0.038,9.8065,0.0952,0.087,-0.0502,-5.12,-36.62,-7,201.92,-82,179.12
52.42352,-1.532833,167.62,9.73,3,10.59,21 / 21,933209,2019-09-06 19:35:38:952,0.1694,0.203,10.7043,0.0077,0.0089,9.8066,-0.0505,0.1073,-0.0607,-4.75,-37.44,-6.62,202.06,-81.79,179.66
52.42352,-1.532833,167.62,9.73,3,10.59,21 / 21,933309,2019-09-06 19:35:39:052,-0.6769,-0.0939,10.4256,0.0252,0.0329,9.8065,-0.0456,0.0016,0.0932,-4.81,-37.37,-7.19,202.23,-81.58,-179.71
52.424416,-1.53266,168.14,11.11,3,354.61,21 / 21,933410,2019-09-06 19:35:39:153,-0.2164,-0.6422,9.9238,0.0286,-0.004,9.8066,0.0904,0.1097,0.0184,-5.37,-37.62,-6.56,202.45,-81.25,-178.43
52.424416,-1.53266,168.14,11.11,3,354.61,21 / 21,933510,2019-09-06 19:35:39:253,0.0203,0.625,9.0562,0.003,-0.0088,9.8066,0.0805,-0.0042,0.0876,-4.87,-37.94,-6.06,204.81,-81.23,-177.08
52.424416,-1.53266,168.14,11.11,3,354.61,21 / 21,933609,2019-09-06 19:35:39:352,-0.5626,-0.1306,9.0226,0.0128,-0.0109,9.8066,-0.1575,0.0073,0.0264,-5.12,-38.19,-6,205.83,-81.34,-175.57
52.424416,-1.53266,168.14,11.11,3,354.61,21 / 21,933710,2019-09-06 19:35:39:453,-1.218,-1.7241,9.6395,0.0031,-0.0273,9.8065,-0.2143,0.08,-0.0569,-4.94,-37.81,-7.06,204.78,-81.83,-175.7
52.424416,-1.53266,168.14,11.11,3,354.61,21 / 21,933810,2019-09-06 19:35:39:553,-0.1601,-1.4912,10.714,-0.0141,-0.0179,9.8066,0.1341,0.0668,-0.0335,-5,-37.37,-6.87,205.94,-82.27,-175.11
52.424416,-1.53266,168.14,11.11,3,354.61,21 / 21,933910,2019-09-06 19:35:39:653,-0.2798,-0.8024,10.9506,-0.0033,0.0215,9.8066,0.2312,-0.0204,0.0672,-4.94,-38.19,-6.56,205.66,-82.1,-174.81
52.424416,-1.53266,168.14,11.11,3,354.61,21 / 21,934010,2019-09-06 19:35:39:753,0.7876,-0.2058,9.7461,0.0221,-0.0013,9.8065,-0.0171,0.0408,-0.0423,-4.69,-37.69,-6.25,207.33,-81.78,-174.05
52.424416,-1.53266,168.14,11.11,3,354.61,21 / 21,934110,2019-09-06 19:35:39:853,-0.8184,-0.4349,9.2387,0.0147,0.0036,9.8066,-0.0534,0.0703,0.0038,-4.87,-37.94,-6.31,207.28,-81.4,-173.26
52.424416,-1.53266,168.14,11.11,3,354.61,21 / 21,934210,2019-09-06 19:35:39:953,-1.2364,-0.3473,9.27,0.0006,-0.0101,9.8066,-0.0742,-0.0153,0.0786,-5.19,-38.37,-6.81,206.24,-81.5,-172.73
52.424416,-1.53266,168.14,11.11,3,354.61,21 / 21,934310,2019-09-06 19:35:40:053,0.0975,-0.3331,9.3458,0.0112,-0.0129,9.8066,-0.1352,0.0404,0.0269,-5.5,-37.69,-6.62,207.74,-81.89,-171.13
52.424416,-1.53266,168.14,11.11,3,354.61,21 / 21,934410,2019-09-06 19:35:40:153,-0.7541,-0.7635,9.1121,-0.0012,-0.021,9.8066,0.0485,0.0266,0.0089,-5.19,-37.87,-6.87,208.96,-82.05,-169.56
52.424416,-1.53266,168.14,11.11,3,354.61,21 / 21,934509,2019-09-06 19:35:40:252,0.1093,-0.1948,9.8698,0.0112,0.0006,9.8066,0.0591,0.0196,-0.0034,-4.69,-37.75,-6.37,211.48,-82.15,-168.2
52.424416,-1.53266,168.14,11.11,3,354.61,21 / 21,934610,2019-09-06 19:35:40:353,0.3182,-0.1995,10.0933,-0.0057,-0.0149,9.8066,-0.119,0.0676,-0.0244,-4.94,-37.56,-7.37,210.56,-82.34,-167.74
52.424416,-1.53266,168.14,11.11,3,354.61,21 / 21,934709,2019-09-06 19:35:40:452,-1.1812,-0.8348,10.3186,-0.0023,-0.0048,9.8065,-0.0668,0.0395,-0.0027,-5.19,-36.81,-7.31,210.65,-82.42,-168.25
52.424416,-1.53266,168.14,11.11,3,354.61,21 / 21,934810,2019-09-06 19:35:40:553,-0.1515,-1.7969,10.5974,-0.0002,0.0164,9.8066,0.1318,0.0459,-0.0371,-5.12,-36.44,-6.44,212.23,-82.21,-168.3
52.424416,-1.53266,168.14,11.11,3,354.61,21 / 21,934910,2019-09-06 19:35:40:653,-0.4676,0.2684,9.3514,-0.0116,-0.004,9.8066,0.1444,0.0129,-0.0175,-5.19,-37.12,-7.06,209.42,-82.07,-169.37
52.424416,-1.53266,168.14,11.11,3,354.61,21 / 21,935010,2019-09-06 19:35:40:753,-1.6401,0.9015,9.1077,-0.0066,-0.0314,9.8066,-0.1378,-0.0141,0.0334,-5,-37.31,-7.06,209.43,-82.18,-169.59
52.424416,-1.53266,168.14,11.11,3,354.61,21 / 21,935110,2019-09-06 19:35:40:853,0.2116,-0.8709,8.9462,-0.0212,-0.0558,9.8064,-0.1164,-0.048,0.0418,-5.37,-37.31,-8.69,208.88,-82.8,-167.78
52.424416,-1.53266,168.14,11.11,3,354.61,21 / 21,935210,2019-09-06 19:35:40:953,-1.7196,-0.2684,9.9836,-0.0054,-0.0135,9.8066,0.0039,-0.084,0.0253,-4.37,-37.69,-8.19,206.71,-83.13,-166.81
52.424416,-1.53266,168.14,11.11,3,354.61,21 / 21,935310,2019-09-06 19:35:41:053,0.5521,-0.6083,10.0737,-0.0004,0.0108,9.8065,-0.0465,0.0676,-0.0942,-4.25,-39.19,-8.69,204.61,-83.25,-168.31
52.424416,-1.53266,168.14,11.11,3,354.61,21 / 21,935410,2019-09-06 19:35:41:153,-0.432,0.3744,10.4051,-0.0035,0.028,9.8066,0.1292,0.0442,-0.0512,-4.44,-38.69,-7.62,204.29,-82.98,-169.76
52.424416,-1.53266,168.14,11.11,3,354.61,21 / 21,935509,2019-09-06 19:35:41:252,-0.3259,-0.3328,10.1916,-0.0085,0.0042,9.8066,0.0213,0.0402,-0.0065,-4.81,-38.56,-7.5,208.69,-82.62,-170.78
52.424416,-1.53266,168.14,11.11,3,354.61,21 / 21,935609,2019-09-06 19:35:41:352,-0.22,0.8002,10.1341,0.0045,-0.0223,9.8066,-0.0399,-0.0033,0.063,-4.44,-37.62,-7.31,204.72,-82.64,-170.56
52.424416,-1.53266,168.14,11.11,3,354.61,21 / 21,935709,2019-09-06 19:35:41:452,0.546,-2.0152,10.6913,0.0021,0.0012,9.8066,0.1328,0.0255,-0.0427,-5.06,-37.75,-7,209.5,-82.62,-169.99
52.424416,-1.53266,168.14,11.11,3,354.61,21 / 21,935809,2019-09-06 19:35:41:552,-1.5682,1.292,9.2095,-0.0247,0.0082,9.8065,-0.0084,0.0995,-0.1391,-4.5,-37.94,-7.06,203.76,-82.59,-171.97
52.424416,-1.53266,168.14,11.11,3,354.61,21 / 21,935910,2019-09-06 19:35:41:653,-0.9967,-0.2652,8.4744,0.0297,0.0384,9.8065,-0.0155,-0.0994,0.0952,-4.37,-37.94,-7.5,202.67,-82.63,-173.75
52.424416,-1.53266,168.14,11.11,3,354.61,21 / 21,936010,2019-09-06 19:35:41:753,0.7597,-0.651,9.5553,0.0101,0.0101,9.8066,-0.1499,-0.045,0.0306,-5.31,-37.62,-7.06,207.8,-82.44,-172.19
52.424416,-1.53266,168.14,11.11,3,354.61,21 / 21,936110,2019-09-06 19:35:41:853,0.5858,-2.2646,9.7779,-0.0164,-0.0772,9.8063,0.1606,0.0008,-0.0018,-4.81,-37.75,-7.87,208.61,-83.28,-170.51
52.424416,-1.53266,168.14,11.11,3,354.61,21 / 21,936210,2019-09-06 19:35:41:953,-0.2503,-1.7876,10.6057,-0.0156,-0.0518,9.8065,0.2285,-0.0363,0.0196,-4.94,-37.87,-8.19,209.44,-83.36,-169.48
52.424416,-1.53266,168.14,11.11,3,354.61,21 / 21,936310,2019-09-06 19:35:42:053,-0.4738,-0.2014,10.3451,0.0192,0.0478,9.8064,-0.0346,-0.001,0.0049,-4.62,-37.87,-8.06,208.64,-82.97,-169.86
52.424416,-1.53266,168.14,11.11,3,354.61,21 / 21,936409,2019-09-06 19:35:42:152,0.2469,-1.0177,9.8043,0.0015,0.0399,9.8066,-0.0374,0.0153,-0.0459,-5.56,-37.75,-7.31,213,-82.7,-171.2
52.424416,-1.53266,168.14,11.11,3,354.61,21 / 21,936510,2019-09-06 19:35:42:253,-0.1498,0.2611,10.1966,-0.0054,0.0063,9.8066,0.0022,-0.0719,-0.0361,-4.25,-37.87,-7.25,203.38,-82.57,-172.53
52.424416,-1.53266,168.14,11.11,3,354.61,21 / 21,936609,2019-09-06 19:35:42:352,-0.5401,0.4726,9.0652,-0.0258,-0.0068,9.8065,0.0726,0.0168,-0.1097,-4.87,-38.06,-7.56,205.36,-82.71,-174.16
52.424416,-1.53266,168.14,11.11,3,354.61,21 / 21,936710,2019-09-06 19:35:42:453,-0.8444,-0.2808,9.0231,-0.0113,0.0025,9.8066,-0.0843,0.0106,-0.0036,-4.06,-38.12,-7.37,201.25,-82.98,-176.58
52.424416,-1.53266,168.14,11.11,3,354.61,21 / 21,936810,2019-09-06 19:35:42:553,-0.615,-1.0602,10.1412,-0.0075,-0.0184,9.8066,0.0712,-0.035,0.0689,-4.31,-38.56,-7.19,201.26,-83.25,-176.71
52.424416,-1.53266,168.14,11.11,3,354.61,21 / 21,936909,2019-09-06 19:35:42:652,-0.0284,-0.7331,10.3937,-0.0061,0.0055,9.8066,-0.0764,0.033,-0.0224,-3.5,-37.87,-7.31,197.13,-83.46,-176.54
52.424416,-1.53266,168.14,11.11,3,354.61,21 / 21,937009,2019-09-06 19:35:42:752,-0.8916,-0.8645,9.9209,-0.0057,0.0194,9.8065,-0.0011,0.0665,-0.0325,-3.87,-38.31,-7.12,201.04,-83.39,-177.59
52.424416,-1.53266,168.14,11.11,3,354.61,21 / 21,937110,2019-09-06 19:35:42:853,-1.4358,0,10.103,-0.0009,0.0227,9.8066,0.053,0.0406,-0.0114,-3.56,-37.5,-7.37,200.47,-83.15,-178.37
52.424416,-1.53266,168.14,11.11,3,354.61,21 / 21,937210,2019-09-06 19:35:42:953,-0.6162,0.5245,9.2509,-0.0083,0.0098,9.8066,-0.0524,0.0864,0.0169,-3.5,-37.94,-7.5,194.59,-82.88,-179.75
52.424416,-1.53266,168.14,11.11,3,354.61,21 / 21,937310,2019-09-06 19:35:43:053,-1.2899,-1.1742,9.7745,-0.0177,-0.0037,9.8066,-0.1465,0.1205,-0.0767,-3.25,-37.06,-7.44,194.13,-82.98,179.17
52.424416,-1.53266,168.14,11.11,3,354.61,21 / 21,937410,2019-09-06 19:35:43:153,-0.7081,-0.9727,9.9615,-0.0374,-0.0223,9.8065,0.0931,0.1544,-0.1221,-2.81,-36.87,-7.31,192.4,-83.25,176.15
52.424416,-1.53266,168.14,11.11,3,354.61,21 / 21,937509,2019-09-06 19:35:43:252,0.0818,1.1754,13.4593,0.0027,0.1467,9.8055,-0.8979,0.0258,-0.0838,-2.19,-36.81,-7.44,185.6,-82.91,173.12
52.424416,-1.53266,168.14,11.11,3,354.61,21 / 21,937610,2019-09-06 19:35:43:353,-1.8643,0.1138,9.707,-0.0522,0.0171,9.8064,-0.9885,-0.017,-0.2126,-1.5,-37,-7,178.52,-83.04,169.45
52.424416,-1.53266,168.14,11.11,3,354.61,21 / 21,937709,2019-09-06 19:35:43:452,-3.2348,4.9434,1.9749,0.0431,0.1681,9.8051,-0.0952,0.0175,0.2239,-1.5,-36,-6.94,176.2,-83.1,165.77
52.424416,-1.53266,168.14,11.11,3,354.61,21 / 21,937810,2019-09-06 19:35:43:553,-2.3824,-4.6649,8.397,0.1295,0.423,9.7966,-1.2712,0.1868,0.1893,-1.94,-37,-7.37,184.21,-81.15,171.51
52.424416,-1.53266,168.14,11.11,3,354.61,21 / 21,937910,2019-09-06 19:35:43:653,-0.4773,-5.752,10.1161,-0.0438,-0.4342,9.7969,1.0592,-0.0232,-0.1749,-1.62,-35.87,-8.19,184.37,-84.73,172.07
52.424416,-1.53266,168.14,11.11,3,354.61,21 / 21,938010,2019-09-06 19:35:43:753,-2.0814,-6.7274,9.4127,-0.0213,-0.1508,9.8054,0.914,-0.2266,-0.0877,-2.19,-36.37,-8.69,183.56,-84.63,172.31
52.424416,-1.53266,168.14,11.11,3,354.61,21 / 21,938110,2019-09-06 19:35:43:853,-1.5461,2.5362,12.4656,0.0051,-0.2299,9.8039,0.8276,-0.0409,0.081,-1.37,-36.69,-7,180.16,-84.43,172.11
52.424416,-1.53266,168.14,11.11,3,354.61,21 / 21,938210,2019-09-06 19:35:43:953,0.2845,2.6812,11.6567,-0.0173,-0.2072,9.8043,0.8145,0.0722,0.0171,-1.69,-37.25,-6.94,186.44,-83.32,174.26
52.424416,-1.53266,168.14,11.11,3,354.61,21 / 21,938309,2019-09-06 19:35:44:052,0.2662,1.4392,11.1834,0.0152,0.0324,9.8065,-0.3519,0.0273,0.0403,-1.37,-37,-7.06,182.42,-82.27,175.97
52.424416,-1.53266,168.14,11.11,3,354.61,21 / 21,938410,2019-09-06 19:35:44:153,-0.5716,0.0112,9.9968,0.0001,0.031,9.8065,-0.1269,0.1125,-0.0806,-1.81,-37.44,-6.94,187.28,-82.61,176.03
52.424416,-1.53266,168.14,11.11,3,354.61,21 / 21,938509,2019-09-06 19:35:44:252,-0.8339,0.1512,10.8995,-0.0104,0.0173,9.8066,-0.0927,-0.1347,0.1008,-1.19,-36.94,-7.44,181.89,-82.97,174.95
52.424416,-1.53266,168.14,11.11,3,354.61,21 / 21,938610,2019-09-06 19:35:44:353,1.3334,1.8045,11.4975,-0.0591,-0.0209,9.8064,-0.061,-0.0513,-0.0106,-2,-37.56,-6.5,186.23,-83.19,172.18
52.424416,-1.53266,168.14,11.11,3,354.61,21 / 21,938710,2019-09-06 19:35:44:453,-2.6805,-2.5619,9.14,0.0313,0.0927,9.8061,0.1562,-0.1626,0.1532,-1.37,-37.5,-6.87,181.27,-82.48,174
52.424416,-1.53266,168.14,11.11,3,354.61,21 / 21,938810,2019-09-06 19:35:44:553,1.613,-0.1357,8.7358,0.0087,-0.0574,9.8064,-0.02,0.1458,-0.0218,-0.81,-37.44,-6.31,181.55,-81.98,173.38
52.424416,-1.53266,168.14,11.11,3,354.61,21 / 21,938910,2019-09-06 19:35:44:653,1.3189,-0.3898,8.3155,0.0304,-0.077,9.8063,-0.0104,-0.0481,0.073,-1.31,-37.37,-6.75,181.55,-81.74,174.56
52.424416,-1.53266,168.14,11.11,3,354.61,21 / 21,939010,2019-09-06 19:35:44:753,1.3013,-0.3162,11.5548,0.0094,-0.0765,9.8063,0.0397,-0.0812,0.0089,-1.62,-37.81,-7.44,187.63,-82.7,176.68
52.424416,-1.53266,168.14,11.11,3,354.61,21 / 21,939110,2019-09-06 19:35:44:853,-0.0542,0.0594,10.4777,-0.0065,-0.0411,9.8065,-0.0554,-0.0302,-0.0269,-1.37,-36.94,-7.31,184.06,-83.34,178.37
52.424416,-1.53266,168.14,11.11,3,354.61,21 / 21,939210,2019-09-06 19:35:44:953,2.4524,0.4091,9.4439,-0.0219,0.0028,9.8066,-0.1583,0.0732,-0.0806,-1.75,-37.69,-7.87,187.09,-83.11,176.92
52.424416,-1.53266,168.14,11.11,3,354.61,21 / 21,939310,2019-09-06 19:35:45:053,-0.7757,0.1345,9.0629,-0.0248,0.0134,9.8065,0.239,0.0313,-0.0675,-1.44,-36.87,-6.75,180.95,-82.65,173.45
52.424416,-1.53266,168.14,11.11,3,354.61,21 / 21,939410,2019-09-06 19:35:45:153,1.6906,-0.4551,9.5259,-0.0033,-0.0693,9.8063,0.0992,-0.1048,0.142,-1.56,-37.44,-6.56,186.72,-82.64,175.09
52.424416,-1.53266,168.14,11.11,3,354.61,21 / 21,939510,2019-09-06 19:35:45:253,0.9274,-0.1981,9.8422,-0.0147,-0.0573,9.8064,0.0497,0.0764,-0.1049,-1.37,-37.25,-6.75,182.08,-82.8,175.3
52.424416,-1.53266,168.14,11.11,3,354.61,21 / 21,939609,2019-09-06 19:35:45:352,-0.0164,0.7212,10.9623,-0.0024,-0.0361,9.8065,0.156,-0.0347,0.0952,-1.37,-37.94,-7.12,181,-83.18,173.51
52.424416,-1.53266,168.14,11.11,3,354.61,21 / 21,939710,2019-09-06 19:35:45:453,1.4118,-0.1789,9.972,0.0099,-0.0403,9.8065,-0.0509,0.008,-0.0535,-1.25,-37,-7.19,181.45,-83.17,174.21
52.424416,-1.53266,168.14,11.11,3,354.61,21 / 21,939809,2019-09-06 19:35:45:552,1.4994,1.154,10.187,0.0184,0.0521,9.8065,-0.0126,-0.0397,0.0421,-2,-37.31,-7.44,186.86,-82.98,175.12
52.424416,-1.53266,168.14,11.11,3,354.61,21 / 21,939910,2019-09-06 19:35:45:653,1.5577,0.981,10.2703,0.0137,0.0303,9.8065,0.0572,0.0287,-0.0354,-1.19,-37.81,-6.75,182.66,-82.66,176.33
52.424416,-1.53266,168.14,11.11,3,354.61,21 / 21,940009,2019-09-06 19:35:45:752,1.6089,0.0371,10.2683,0.0021,0.0181,9.8066,-0.0287,-0.0327,0.0355,-1.69,-37.81,-7.69,186.74,-82.67,176.6
52.424416,-1.53266,168.14,11.11,3,354.61,21 / 21,940110,2019-09-06 19:35:45:853,0.8849,-0.3513,9.904,-0.006,0.0218,9.8066,0.0077,0.0469,-0.0636,-1.62,-37.56,-7.37,187.01,-82.75,175.62
52.424416,-1.53266,168.14,11.11,3,354.61,21 / 21,940210,2019-09-06 19:35:45:953,-0.2491,-0.1091,9.5682,-0.01,-0.0314,9.8066,0.0504,-0.0701,0.0027,-2.44,-37.75,-7.06,186.45,-82.99,174.56
52.424416,-1.53266,168.14,11.11,3,354.61,21 / 21,940310,2019-09-06 19:35:46:053,0.2327,1.2391,9.8819,-0.0108,-0.0271,9.8066,-0.0165,-0.0711,-0.0464,-1.69,-37.12,-7.25,186.32,-83,174.24
52.424416,-1.53266,168.14,11.11,3,354.61,21 / 21,940410,2019-09-06 19:35:46:153,0.3175,0.4687,9.9538,0.0073,0.033,9.8065,-0.0187,-0.0493,0.0439,-1.81,-37.62,-7.44,186.24,-82.95,174.25
52.424416,-1.53266,168.14,11.11,3,354.61,21 / 21,940509,2019-09-06 19:35:46:252,0.4832,-0.3262,10.1112,0.0095,0.0055,9.8066,-0.018,-0.0411,-0.0357,-2.56,-36.87,-7,191.28,-83.14,174.53
52.424416,-1.53266,168.14,11.11,3,354.61,21 / 21,940610,2019-09-06 19:35:46:353,1.0025,-0.0827,9.4585,0.0028,0.004,9.8066,0.0277,-0.03,0.0439,-2.56,-37.25,-7.25,191.64,-83.11,175.12
52.424416,-1.53266,168.14,11.11,3,354.61,21 / 21,940710,2019-09-06 19:35:46:453,-0.1105,0.4853,9.1048,0.0238,0.0072,9.8065,-0.1111,-0.0399,0.0293,-2.56,-37.12,-7.25,192.08,-82.92,176
52.424416,-1.53266,168.14,11.11,3,354.61,21 / 21,940809,2019-09-06 19:35:46:552,1.2667,-0.0968,9.4359,0.0047,0.008,9.8066,-0.1625,-0.0478,0.0646,-2.69,-37.56,-7.56,192.03,-82.88,177.99
52.424416,-1.53266,168.14,11.11,3,354.61,21 / 21,940909,2019-09-06 19:35:46:652,1.1391,-0.3243,9.4843,0.0097,0.0012,9.8066,0.0388,-0.0076,0.0005,-2.31,-37.75,-7.19,189.07,-83.09,178.75
52.424416,-1.53266,168.14,11.11,3,354.61,21 / 21,941010,2019-09-06 19:35:46:753,-0.0909,-0.0147,9.8279,0.0077,-0.0163,9.8066,-0.0121,-0.0068,-0.0159,-3.31,-37.69,-7.5,194.56,-83.27,179.73
52.424416,-1.53266,168.14,11.11,3,354.61,21 / 21,941110,2019-09-06 19:35:46:853,1.362,0.6982,10.5396,0.0302,0.0324,9.8065,-0.0365,-0.038,0.0193,-3.62,-37.69,-7.62,198,-83.24,-179.78
52.424416,-1.53266,168.14,11.11,3,354.61,21 / 21,941211,2019-09-06 19:35:46:954,0.6963,0.5483,9.9505,0.0075,0.0297,9.8066,0.0369,-0.0762,0.0489,-3.25,-37.37,-7,195.71,-82.96,-178.32
52.424416,-1.53266,168.14,11.11,3,354.61,21 / 21,941309,2019-09-06 19:35:47:052,0.5219,0.8069,9.9078,0.014,0.0379,9.8065,0.0513,-0.0177,0.023,-3.81,-37.75,-7.12,200.35,-82.8,-177.68
52.424416,-1.53266,168.14,11.11,3,354.61,21 / 21,941409,2019-09-06 19:35:47:152,1.5973,0.787,9.5698,-0.0006,-0.0349,9.8065,0.0197,-0.1233,0.0985,-3.44,-37.12,-7.19,196.86,-82.99,-176.56
52.424416,-1.53266,168.14,11.11,3,354.61,21 / 21,941510,2019-09-06 19:35:47:253,0.6192,-0.0171,9.8623,0.0069,-0.028,9.8065,-0.0626,-0.0842,0.0173,-4.31,-37.69,-7.5,202.33,-83.07,-175.06
52.424416,-1.53266,168.14,11.11,3,354.61,21 / 21,941610,2019-09-06 19:35:47:353,0.7479,0.1082,9.396,0.0076,-0.0086,9.8066,-0.0499,-0.0321,-0.0025,-3.94,-36.75,-7.44,203.53,-83.19,-173.79
52.424416,-1.53266,168.14,11.11,3,354.61,21 / 21,941710,2019-09-06 19:35:47:453,1.158,0.6487,10.0666,-0.0023,-0.0111,9.8066,0.0479,-0.0657,0.0605,-4.25,-37.69,-7.69,202.7,-83.31,-172.99
52.424416,-1.53266,168.14,11.11,3,354.61,21 / 21,941810,2019-09-06 19:35:47:553,0.5375,-0.6129,10.0708,0.014,0.0157,9.8066,0.0092,-0.0345,-0.0221,-4.19,-37,-7.69,203.2,-83.18,-172.35
52.424416,-1.53266,168.14,11.11,3,354.61,21 / 21,941910,2019-09-06 19:35:47:653,0.6807,0.2274,10.0506,0.0011,0.0259,9.8066,-0.0546,-0.0896,0.0363,-4.12,-37.75,-7.12,203.94,-83.11,-172.68
52.424416,-1.53266,168.14,11.11,3,354.61,21 / 21,942010,2019-09-06 19:35:47:753,0.7526,0.3142,9.8605,-0.0031,0.0006,9.8066,-0.0071,-0.0322,0.0166,-4.56,-37.06,-6.62,208.15,-83.17,-173.56
52.424416,-1.53266,168.14,11.11,3,354.61,21 / 21,942109,2019-09-06 19:35:47:852,0.353,-1.4962,10.1975,-0.0157,-0.0011,9.8066,0.0964,-0.0687,-0.0014,-4.12,-36.69,-6.94,203.29,-83.29,-174.35
52.424416,-1.53266,168.14,11.11,3,354.61,21 / 21,942214,2019-09-06 19:35:47:957,0.4858,-1.6343,9.3628,-0.0195,-0.0287,9.8066,0.0466,-0.1388,-0.0475,-4.25,-37.31,-7.19,202.83,-83.3,-175.05
52.424416,-1.53266,168.14,11.11,3,354.61,21 / 21,942310,2019-09-06 19:35:48:053,0.4649,-1.0532,10.3778,-0.0163,-0.031,9.8065,0.1293,0.0428,-0.0664,-3.75,-37.31,-7.5,201.88,-83.39,-176.62
52.42517,-1.532911,169.2,10.03,3,350.62,21 / 21,942410,2019-09-06 19:35:48:153,0.4183,-0.7813,9.4236,-0.0027,-0.0206,9.8066,0.1165,-0.0633,0.0232,-4.25,-37.25,-7.81,199.87,-83.47,-177.61
52.42517,-1.532911,169.2,10.03,3,350.62,21 / 21,942510,2019-09-06 19:35:48:253,0.1308,0.1957,9.9507,0.02,0.0643,9.8064,0.2306,-0.1482,0.022,-4.25,-37.06,-7.62,198.37,-83.29,-179.55
52.42517,-1.532911,169.2,10.03,3,350.62,21 / 21,942609,2019-09-06 19:35:48:352,1.581,-1.3043,9.7467,-0.0051,0.0556,9.8064,-0.1755,-0.0897,-0.0054,-4.12,-37.69,-8,196.91,-83.3,178.53
52.42517,-1.532911,169.2,10.03,3,350.62,21 / 21,942710,2019-09-06 19:35:48:453,-0.4923,0.0502,10.1833,-0.0069,0.0048,9.8066,-0.0119,-0.067,0.0003,-4.5,-37.44,-7.44,198.17,-83.35,177.84
52.42517,-1.532911,169.2,10.03,3,350.62,21 / 21,942810,2019-09-06 19:35:48:553,0.9744,-0.6154,9.8931,-0.0027,0.0094,9.8066,0.019,-0.0479,0.0463,-4.44,-37.44,-7.62,196.5,-83.3,177.72
52.42517,-1.532911,169.2,10.03,3,350.62,21 / 21,942909,2019-09-06 19:35:48:652,0.8584,-2.9034,9.9924,-0.0126,-0.0236,9.8066,0.2433,-0.0159,-0.1102,-4.81,-37.75,-7.5,201.63,-83.37,176.8
52.42517,-1.532911,169.2,10.03,3,350.62,21 / 21,943009,2019-09-06 19:35:48:752,-0.8315,-1.0743,9.6256,0.0042,-0.0246,9.8065,0.221,-0.1021,-0.0066,-4.87,-37,-7.62,200.33,-83.28,177.38
52.42517,-1.532911,169.2,10.03,3,350.62,21 / 21,943110,2019-09-06 19:35:48:853,0.1333,0.4286,10.3122,0.0037,-0.0142,9.8066,-0.0365,-0.0766,0.0185,-5.19,-37.44,-7.31,203.05,-83.25,178.8
52.42517,-1.532911,169.2,10.03,3,350.62,21 / 21,943209,2019-09-06 19:35:48:952,0.1897,-1.2082,10.4063,-0.0033,-0.0263,9.8065,0.0807,-0.0602,-0.0205,-4.75,-37.25,-6.94,203.51,-83.34,179.31
52.42517,-1.532911,169.2,10.03,3,350.62,21 / 21,943309,2019-09-06 19:35:49:052,0.7326,-0.4852,10.1757,0.0258,0.0322,9.8065,-0.1501,-0.0445,0.0381,-5.31,-37.75,-7.25,203.79,-83.38,179.98
52.42517,-1.532911,169.2,10.03,3,350.62,21 / 21,943409,2019-09-06 19:35:49:152,-1.2668,-0.7923,9.2729,0.0131,0.042,9.8065,-0.1583,-0.0144,0.0327,-5.06,-36.81,-7.37,204.17,-83.16,-179.39
52.42517,-1.532911,169.2,10.03,3,350.62,21 / 21,943510,2019-09-06 19:35:49:253,-0.0845,-2.0416,9.3209,0,-0.0135,9.8066,0.0724,-0.0666,0.0086,-5.06,-37.56,-7.31,204.96,-83.29,-178.12
52.42517,-1.532911,169.2,10.03,3,350.62,21 / 21,943609,2019-09-06 19:35:49:352,-0.9599,-2.4608,9.3703,-0.0022,0.0146,9.8066,0.0001,-0.0007,-0.1018,-5,-37.56,-7.19,204.77,-83.31,-178.45
52.42517,-1.532911,169.2,10.03,3,350.62,21 / 21,943709,2019-09-06 19:35:49:452,-0.3186,-2.0759,9.8026,-0.0127,-0.0483,9.8065,0.0752,0.026,0.0289,-4.81,-36.87,-8,202.12,-83.18,-179.92
52.42517,-1.532911,169.2,10.03,3,350.62,21 / 21,943810,2019-09-06 19:35:49:553,0.7926,-0.6186,9.674,-0.0054,-0.0587,9.8065,0.1269,-0.0418,0.0087,-5.75,-37.62,-7.31,209.02,-83.41,-178.46
52.42517,-1.532911,169.2,10.03,3,350.62,21 / 21,943910,2019-09-06 19:35:49:653,0.7653,-0.6537,9.6451,0.025,0.0301,9.8065,-0.1685,-0.0071,-0.0175,-5.87,-37.56,-7.19,208.97,-83.12,-177.95
52.42517,-1.532911,169.2,10.03,3,350.62,21 / 21,944009,2019-09-06 19:35:49:752,0.2854,-1.1447,9.7231,0.0202,0.0067,9.8066,-0.0659,-0.0612,0.1453,-6,-37.31,-7.56,208.53,-83.21,-176.42
52.42517,-1.532911,169.2,10.03,3,350.62,21 / 21,944110,2019-09-06 19:35:49:853,-1.2747,-1.0382,9.3894,-0.0038,-0.0109,9.8066,-0.0304,-0.158,0.0239,-5.44,-37.06,-7.75,205.52,-83.44,-175.5
52.42517,-1.532911,169.2,10.03,3,350.62,21 / 21,944210,2019-09-06 19:35:49:953,-0.2543,-2.0581,9.4117,-0.0023,-0.0072,9.8065,-0.0859,-0.0091,-0.0444,-6.31,-37.5,-7.75,209.82,-83.53,-175.22
52.42517,-1.532911,169.2,10.03,3,350.62,21 / 21,944310,2019-09-06 19:35:50:053,0.5472,-0.908,8.9432,-0.0073,-0.016,9.8066,0.0619,-0.1121,-0.0348,-6.12,-36.81,-8.06,210.92,-83.49,-173.65
52.42517,-1.532911,169.2,10.03,3,350.62,21 / 21,944409,2019-09-06 19:35:50:152,-0.4793,-2.1237,10.2231,-0.0188,-0.0054,9.8066,0.0182,-0.0586,-0.0429,-6.44,-37.56,-8.31,210.1,-83.7,-174.84
52.42517,-1.532911,169.2,10.03,3,350.62,21 / 21,944510,2019-09-06 19:35:50:253,-1.2096,-1.0879,10.1581,-0.0114,-0.0298,9.8065,0.0166,-0.11,0.0447,-5.94,-37.44,-7.87,211.38,-83.84,-173.68
52.42517,-1.532911,169.2,10.03,3,350.62,21 / 21,944609,2019-09-06 19:35:50:352,0.0126,-2.1259,9.8836,-0.0226,-0.0261,9.8065,0.0053,-0.0168,-0.0507,-6.25,-37.31,-8.5,211.18,-83.91,-174.1
52.42517,-1.532911,169.2,10.03,3,350.62,21 / 21,944710,2019-09-06 19:35:50:453,-0.3928,-1.3287,9.4406,0.0109,0.0188,9.8066,-0.0669,0.0567,-0.0676,-6.12,-36.94,-7.87,210.45,-83.81,-174.88
52.42517,-1.532911,169.2,10.03,3,350.62,21 / 21,944809,2019-09-06 19:35:50:552,-0.0632,-1.7691,9.2616,0.02,0.0141,9.8065,0.0302,-0.1486,0.0145,-6.44,-37.56,-8.75,209.11,-83.9,-174.24
52.42517,-1.532911,169.2,10.03,3,350.62,21 / 21,944910,2019-09-06 19:35:50:653,-1.7661,-0.9519,9.923,-0.0114,-0.022,9.8065,0.0134,-0.0288,0.0391,-5.75,-37.06,-8.37,210.36,-83.9,-175.19
52.42517,-1.532911,169.2,10.03,3,350.62,21 / 21,945010,2019-09-06 19:35:50:753,-0.2198,-1.1465,9.7207,0.0104,-0.0029,9.8066,0.0303,-0.0052,0.0429,-6.37,-37.44,-8.06,211.58,-83.93,-173.6
52.42517,-1.532911,169.2,10.03,3,350.62,21 / 21,945110,2019-09-06 19:35:50:853,-0.0256,-0.8098,10.3498,-0.0008,-0.0002,9.8066,-0.0076,-0.0351,-0.0251,-6.31,-37.19,-8.31,211.84,-83.95,-173.28
52.42517,-1.532911,169.2,10.03,3,350.62,21 / 21,945210,2019-09-06 19:35:50:953,0.2987,-0.407,9.9491,-0.002,-0.0068,9.8066,-0.0019,-0.0093,-0.0137,-6.31,-37.25,-8.37,212.01,-83.94,-173.02
52.42517,-1.532911,169.2,10.03,3,350.62,21 / 21,945309,2019-09-06 19:35:51:052,-1.1365,-1.9986,10.0505,0.0145,0.0136,9.8066,0.0661,0.0116,0.0253,-6.69,-37.5,-8.31,216.33,-83.84,-172.21
52.42517,-1.532911,169.2,10.03,3,350.62,20 / 20,945410,2019-09-06 19:35:51:153,-0.4969,-1.2003,10.2881,0.0166,0.014,9.8066,0.053,-0.0102,0.0263,-6.12,-37.44,-7.94,213.09,-83.8,-171.31
52.42517,-1.532911,169.2,10.03,3,350.62,20 / 20,945509,2019-09-06 19:35:51:252,-0.3342,-0.6561,9.7307,-0.0078,-0.0334,9.8065,0.0976,-0.0242,0.0412,-7.12,-37,-7.94,216.93,-83.75,-171.24
52.42517,-1.532911,169.2,10.03,3,350.62,20 / 20,945610,2019-09-06 19:35:51:353,0.0584,0.5124,9.8194,-0.0158,-0.0317,9.8065,0.0733,0.0076,-0.0158,-6.94,-37.37,-7.5,220.08,-83.79,-169.95
52.42517,-1.532911,169.2,10.03,3,350.62,20 / 20,945710,2019-09-06 19:35:51:453,-0.3306,-0.7623,9.7099,0.0182,0.02,9.8065,-0.0426,0.0274,-0.004,-6.75,-36.87,-7.5,219.87,-83.57,-169.71
52.42517,-1.532911,169.2,10.03,3,350.62,20 / 20,945810,2019-09-06 19:35:51:553,-1.2754,-0.7339,9.2339,0.0046,0.004,9.8066,-0.0387,-0.0554,0.072,-6.81,-37.5,-7.69,218.15,-83.65,-169.42
52.42517,-1.532911,169.2,10.03,3,350.62,20 / 20,945909,2019-09-06 19:35:51:652,-0.3648,-0.6778,9.9229,-0.013,-0.0128,9.8066,0.0233,-0.0093,-0.0115,-6.19,-36.75,-7.75,214.39,-83.81,-169.6
52.42517,-1.532911,169.2,10.03,3,350.62,20 / 20,946010,2019-09-06 19:35:51:753,0.146,0.3016,9.8553,-0.0036,-0.0063,9.8066,-0.0352,-0.0927,0.0097,-6.37,-37.12,-7.94,214.71,-83.88,-169.32
52.42517,-1.532911,169.2,10.03,3,350.62,20 / 20,946110,2019-09-06 19:35:51:853,0.0207,-1.0576,9.4171,0.0044,-0.0036,9.8066,0.1028,0.043,-0.0043,-6.69,-37.25,-8.56,216.37,-83.91,-169.87
52.42517,-1.532911,169.2,10.03,3,350.62,20 / 20,946209,2019-09-06 19:35:51:952,0.6448,-0.4869,9.5949,0.015,-0.0001,9.8065,0.0908,0.0068,0.0362,-6.5,-37.19,-7.75,215.03,-83.83,-168.77
52.42517,-1.532911,169.2,10.03,3,350.62,20 / 20,946310,2019-09-06 19:35:52:053,-0.3908,-1.8722,10.0876,0.0035,0.0013,9.8066,-0.0043,0.047,-0.0508,-7.31,-36.94,-8.44,219.02,-83.81,-168.63
52.42517,-1.532911,169.2,10.03,3,350.62,20 / 20,946409,2019-09-06 19:35:52:152,-1.3065,-0.842,10.1695,0.0025,0.0012,9.8066,0.0118,-0.0484,-0.0439,-6.62,-37,-8.06,219.24,-83.82,-168.37
52.42517,-1.532911,169.2,10.03,3,350.62,20 / 20,946510,2019-09-06 19:35:52:253,0.0502,-0.9804,9.5652,0.0089,0.0067,9.8066,0.0403,-0.0759,0.0435,-6.94,-37.31,-7.81,219.36,-83.83,-168.22
52.42517,-1.532911,169.2,10.03,3,350.62,20 / 20,946610,2019-09-06 19:35:52:353,-0.8149,-2.1495,9.0961,0.0107,0.0116,9.8066,-0.1198,-0.0157,0.0164,-7.5,-37.31,-8,219.96,-83.77,-167.32
52.42517,-1.532911,169.2,10.03,3,350.62,20 / 20,946710,2019-09-06 19:35:52:453,-0.2662,-1.1718,8.7009,-0.0099,-0.062,9.8064,0.2546,-0.0139,-0.0475,-6.5,-37.06,-7.5,217.93,-83.7,-167.1
52.42517,-1.532911,169.2,10.03,3,350.62,20 / 20,946809,2019-09-06 19:35:52:552,0.8463,1.2778,10.155,-0.0121,-0.0615,9.8064,0.2711,-0.0019,-0.011,-7.37,-37,-7.5,224.95,-83.97,-164.05
52.42517,-1.532911,169.2,10.03,3,350.62,20 / 20,946910,2019-09-06 19:35:52:653,-0.6848,0.66,10.629,0.0159,0.012,9.8066,-0.1104,-0.0706,0.0653,-7.12,-37.25,-7.81,223.05,-83.75,-163.27
52.42517,-1.532911,169.2,10.03,3,350.62,20 / 20,947010,2019-09-06 19:35:52:753,0.9039,-0.2185,10.1548,0.0162,0.0333,9.8066,-0.024,-0.0701,-0.0318,-7.44,-37.06,-7,225.39,-83.87,-163.23
52.42517,-1.532911,169.2,10.03,3,350.62,20 / 20,947110,2019-09-06 19:35:52:853,-2.6172,-4.4458,11.713,-0.0089,0.0429,9.8065,0.455,0.0627,-0.0484,-7.19,-36.44,-8,219.5,-83.27,-167.22
52.42517,-1.532911,169.2,10.03,3,350.62,20 / 20,947209,2019-09-06 19:35:52:952,-0.4302,0.2258,9.159,0.0711,0.0485,9.8062,0.2277,-0.0294,0.1808,-7.06,-37.06,-7.19,220.71,-82.71,-166.45
52.42517,-1.532911,169.2,10.03,3,350.62,20 / 20,947310,2019-09-06 19:35:53:053,0.7907,-0.8814,8.4191,0.0064,-0.0603,9.8064,0.2789,-0.0203,-0.0045,-8.25,-37.81,-6.19,225.62,-81.64,-164.42
52.42517,-1.532911,169.2,10.03,3,350.62,21 / 21,947409,2019-09-06 19:35:53:152,3.6602,2.666,9.7773,-0.0181,-0.071,9.8063,0.1484,-0.0173,-0.1218,-8.19,-37.19,-5.69,227.55,-81.46,-161.82
52.42517,-1.532911,169.2,10.03,3,350.62,21 / 21,947510,2019-09-06 19:35:53:253,0.0012,2.3851,6.014,-0.0868,-0.0906,9.8058,-0.6309,-0.0684,0.0905,-7.75,-37.12,-7.69,225.79,-82.7,-162.05
52.42517,-1.532911,169.2,10.03,3,350.62,21 / 21,947609,2019-09-06 19:35:53:352,-0.9011,-0.0307,10.3446,-0.066,-0.0849,9.806,-0.8381,-0.0457,0.0243,-7.81,-37.31,-9.19,229.77,-84.22,-158.31
52.42517,-1.532911,169.2,10.03,3,350.62,21 / 21,947710,2019-09-06 19:35:53:453,-3.2275,-4.7335,13.3411,0.0337,-0.0073,9.8065,-0.0522,0.1006,0.0534,-7.69,-36.19,-9.94,240.32,-85.82,-148.12
52.42517,-1.532911,169.2,10.03,3,350.62,21 / 21,947810,2019-09-06 19:35:53:553,-0.0464,-3.3834,10.9267,0.0723,0.1203,9.8056,0.0485,-0.1061,0.0575,-8.19,-36.19,-9.81,242.11,-85.64,-145.7
52.42517,-1.532911,169.2,10.03,3,350.62,21 / 21,947910,2019-09-06 19:35:53:653,-0.657,-0.4034,7.578,-0.0001,0.0635,9.8064,0.5,-0.0216,-0.1444,-7.62,-36.44,-8.19,234.98,-84.82,-156.49
52.42517,-1.532911,169.2,10.03,3,350.62,21 / 21,948010,2019-09-06 19:35:53:753,-0.0853,4.0578,7.3381,0.0263,0.0737,9.8062,0.2133,0.0247,-0.015,-6.94,-36.69,-7.19,222.55,-82.99,-164.63
52.42517,-1.532911,169.2,10.03,3,350.62,21 / 21,948110,2019-09-06 19:35:53:853,0.6987,1.4491,9.1068,0.0178,0.0044,9.8066,-0.238,0.0074,0.0336,-7.5,-37.12,-7.06,220.29,-82.22,-165.79
52.42517,-1.532911,169.2,10.03,3,350.62,21 / 21,948209,2019-09-06 19:35:53:952,0.6053,-1.6412,10.1018,-0.0118,-0.0435,9.8065,-0.3135,0.0193,0.1204,-7.37,-37.06,-7.62,221.39,-82.87,-163.37
52.42517,-1.532911,169.2,10.03,3,350.62,21 / 21,948309,2019-09-06 19:35:54:052,-0.2679,-1.8794,10.5571,-0.0612,-0.0612,9.8062,-0.1413,-0.0508,0.1653,-7.19,-37.44,-8.44,225.73,-83.8,-159.95
52.42517,-1.532911,169.2,10.03,3,350.62,22 / 22,948409,2019-09-06 19:35:54:152,-0.8907,0.6735,10.0685,0.0054,-0.0022,9.8066,0.0601,-0.0234,0.0975,-7.37,-37.06,-8.44,227.74,-84.4,-159
52.42517,-1.532911,169.2,10.03,3,350.62,22 / 22,948510,2019-09-06 19:35:54:253,0.341,0.6039,8.8618,0.0256,0.0446,9.8065,-0.031,-0.0531,-0.0237,-7.56,-37.31,-8.06,228.8,-83.96,-161.3
52.42517,-1.532911,169.2,10.03,3,350.62,22 / 22,948609,2019-09-06 19:35:54:352,0.8566,0.4289,9.6218,0.0192,0.0432,9.8065,0.111,-0.0074,-0.0379,-6.56,-37.06,-7.81,223.38,-83.57,-162.42
52.42517,-1.532911,169.2,10.03,3,350.62,22 / 22,948710,2019-09-06 19:35:54:453,0.596,1.3568,10.2548,-0.0239,-0.0299,9.8065,0.1367,0.0246,0.0694,-6.62,-36.81,-7.06,225.25,-83.66,-162.83
52.42517,-1.532911,169.2,10.03,3,350.62,22 / 22,948810,2019-09-06 19:35:54:553,2.0281,1.3445,10.3146,0.0105,-0.012,9.8066,-0.0824,0.0148,-0.0895,-7.06,-36.81,-6.94,226.01,-83.74,-162.05
52.42517,-1.532911,169.2,10.03,3,350.62,22 / 22,948909,2019-09-06 19:35:54:652,0.0446,2.4884,9.6891,-0.004,0.0122,9.8066,-0.0317,-0.0032,-0.1003,-7.75,-36.69,-7.81,229.03,-83.8,-160.63
52.42517,-1.532911,169.2,10.03,3,350.62,22 / 22,949010,2019-09-06 19:35:54:753,0.4463,1.2076,10.214,0.0019,-0.001,9.8066,0.0937,-0.0366,-0.0874,-7.56,-37.12,-8.12,227.05,-83.71,-162.88
52.42517,-1.532911,169.2,10.03,3,350.62,22 / 22,949110,2019-09-06 19:35:54:853,1.4166,1.1233,9.9321,0.0041,0.0078,9.8066,0.0378,-0.0236,0.0293,-7.25,-36.5,-7.5,225.06,-83.53,-163.22
52.42517,-1.532911,169.2,10.03,3,350.62,22 / 22,949214,2019-09-06 19:35:54:957,0.7496,1.6838,9.796,0.0013,0.0007,9.8066,-0.0202,-0.0711,0.0038,-7.69,-37.25,-7.5,228.24,-83.44,-163.45
52.42517,-1.532911,169.2,10.03,3,350.62,22 / 22,949310,2019-09-06 19:35:55:053,0.0554,1.3681,9.3724,0.0019,-0.0075,9.8066,-0.0051,0.0312,-0.062,-6.94,-37,-7.56,222.75,-83.44,-162.92
52.42517,-1.532911,169.2,10.03,3,350.62,20 / 21,949410,2019-09-06 19:35:55:153,0.8831,1.4713,9.902,-0.0055,-0.0086,9.8066,-0.0147,0.0437,0.0215,-6.62,-37.12,-7.37,224.68,-83.48,-163.09
52.42517,-1.532911,169.2,10.03,3,350.62,20 / 21,949510,2019-09-06 19:35:55:253,0.2668,0.5954,10.1886,0.0031,0.0193,9.8066,-0.0404,-0.0111,-0.001,-7.12,-37.44,-7.5,224.29,-83.47,-163.58
52.42517,-1.532911,169.2,10.03,3,350.62,20 / 21,949609,2019-09-06 19:35:55:352,0.7826,2.4213,9.7112,0.0099,0.0122,9.8066,0.0101,-0.0464,-0.0218,-6.69,-37.5,-7.81,221.65,-83.35,-164.14
52.42517,-1.532911,169.2,10.03,3,350.62,20 / 21,949710,2019-09-06 19:35:55:453,0.2893,0.9981,10.3897,-0.001,-0.0076,9.8066,0.0576,-0.0016,-0.0567,-7,-37.19,-7.75,221.76,-83.38,-164.06
52.42517,-1.532911,169.2,10.03,3,350.62,20 / 21,949809,2019-09-06 19:35:55:552,0.5405,1.1978,10.107,-0.0147,-0.0231,9.8066,-0.0594,-0.0304,0.0904,-7.06,-37.56,-7.62,221.39,-83.4,-164.19
52.42517,-1.532911,169.2,10.03,3,350.62,20 / 21,949910,2019-09-06 19:35:55:653,-0.1298,0.3243,10.093,0.0063,0.0035,9.8066,-0.0622,0.0082,-0.0397,-7.37,-37.31,-7.25,223.32,-83.37,-164.59
52.42517,-1.532911,169.2,10.03,3,350.62,20 / 21,950010,2019-09-06 19:35:55:753,-0.0648,0.905,9.4047,-0.0083,-0.0096,9.8066,-0.0003,-0.037,0.0207,-6.81,-36.94,-7.44,223.42,-83.49,-164.76
52.42517,-1.532911,169.2,10.03,3,350.62,20 / 21,950110,2019-09-06 19:35:55:853,1.2465,1.2123,10.1445,-0.0018,-0.0215,9.8066,0.0474,-0.0722,-0.0253,-7.31,-37.44,-7.81,221.48,-83.54,-164.81
52.42517,-1.532911,169.2,10.03,3,350.62,20 / 21,950209,2019-09-06 19:35:55:952,-0.346,0.9016,10.0543,-0.0164,-0.0164,9.8066,-0.0905,-0.0199,0.0312,-6.5,-36.5,-7.69,218.64,-83.69,-164.06
52.42517,-1.532911,169.2,10.03,3,350.62,20 / 21,950309,2019-09-06 19:35:56:052,0.573,0.6595,10.194,0.0185,0.0207,9.8065,-0.0942,0.0006,0.0051,-7.25,-37.12,-7.5,223.94,-83.56,-164.27
52.42517,-1.532911,169.2,10.03,3,350.62,22 / 22,950410,2019-09-06 19:35:56:153,-0.2937,-0.2154,9.7676,-0.0093,-0.0338,9.8065,0.1817,-0.0403,0.0383,-7.56,-37.44,-7.31,227.03,-83.37,-164.82
52.42517,-1.532911,169.2,10.03,3,350.62,22 / 22,950509,2019-09-06 19:35:56:252,0.8082,1.494,9.7686,-0.0091,-0.0351,9.8066,0.1558,-0.0123,-0.0351,-7.06,-37.25,-7.25,223.54,-83.27,-164.04
52.42517,-1.532911,169.2,10.03,3,350.62,22 / 22,950610,2019-09-06 19:35:56:353,0.6393,0.5923,9.7464,-0.0214,-0.0303,9.8065,-0.0935,0.0807,0.0314,-8.12,-37.19,-7.94,226.35,-83.49,-163.21
52.42517,-1.532911,169.2,10.03,3,350.62,22 / 22,950710,2019-09-06 19:35:56:453,-0.5227,0.6739,9.7702,-0.01,-0.0209,9.8066,-0.0767,-0.03,0.052,-7.5,-37.37,-7.62,223.22,-83.72,-162.99
52.42517,-1.532911,169.2,10.03,3,350.62,22 / 22,950809,2019-09-06 19:35:56:552,0.5148,0.8319,9.6309,-0.0087,-0.0034,9.8066,0.0099,-0.0022,-0.0361,-7.44,-37.12,-7.69,223.49,-83.8,-162.83
52.42517,-1.532911,169.2,10.03,3,350.62,22 / 22,950910,2019-09-06 19:35:56:653,0.4219,0.5464,9.7851,-0.0109,-0.0176,9.8066,0.0569,-0.0412,-0.0017,-6.69,-37.12,-8.19,223.24,-83.99,-163.61
52.42517,-1.532911,169.2,10.03,3,350.62,22 / 22,951009,2019-09-06 19:35:56:752,-0.8642,1.2546,9.8256,-0.0101,-0.0122,9.8066,-0.0138,0.0342,0.0169,-7.69,-37.06,-8,226.73,-83.97,-163.91
52.42517,-1.532911,169.2,10.03,3,350.62,22 / 22,951109,2019-09-06 19:35:56:852,1.2693,0.8248,10.2901,0.009,0.0049,9.8066,0.0094,-0.0357,0.0313,-7.19,-37.44,-7.94,222.24,-83.97,-164.84
52.42517,-1.532911,169.2,10.03,3,350.62,22 / 22,951210,2019-09-06 19:35:56:953,0.5879,0.5677,10.063,-0.0047,0.0046,9.8065,-0.1188,0.0639,-0.0013,-7.25,-37.31,-7.5,224.47,-83.93,-164.57
52.42517,-1.532911,169.2,10.03,3,350.62,22 / 22,951309,2019-09-06 19:35:57:052,-1.1335,-0.5955,10.4278,-0.0001,-0.0039,9.8066,-0.0231,-0.0667,0.0569,-7.37,-37.37,-7.75,221.61,-83.97,-165.64
52.42582,-1.532981,169.61,8.82,3,359.03,22 / 22,951410,2019-09-06 19:35:57:153,1.1249,0.4437,10.2718,-0.0053,0.0243,9.8066,0.0899,-0.0291,-0.0294,-6.87,-37.31,-8.06,220.96,-83.85,-166.2
52.42582,-1.532981,169.61,8.82,3,359.03,22 / 22,951510,2019-09-06 19:35:57:253,-0.2257,-0.3698,9.7057,-0.0126,-0.0076,9.8066,0.1253,0.0394,0.0061,-7.31,-37.06,-7.75,220.92,-83.94,-166.46
52.42582,-1.532981,169.61,8.82,3,359.03,22 / 22,951609,2019-09-06 19:35:57:352,-0.2355,-0.5317,10.4141,-0.0069,-0.0125,9.8065,-0.0913,-0.0029,-0.0128,-7.06,-37,-7,222.25,-83.87,-167.3
52.42582,-1.532981,169.61,8.82,3,359.03,22 / 22,951711,2019-09-06 19:35:57:454,-0.641,1.4576,9.5323,0.0187,0.0482,9.8064,-0.1248,0.0567,-0.0497,-6.75,-36.87,-7.62,219.58,-83.61,-167.46
52.42582,-1.532981,169.61,8.82,3,359.03,22 / 22,951810,2019-09-06 19:35:57:553,-0.1979,-0.4432,9.5392,0.0101,0.0318,9.8065,-0.0677,0.0446,-0.0432,-6.75,-37.31,-7.37,221.61,-83.86,-168.13
52.42582,-1.532981,169.61,8.82,3,359.03,22 / 22,951910,2019-09-06 19:35:57:653,-0.447,-0.8766,9.5603,-0.0036,-0.0122,9.8066,-0.0888,0.0127,0.0497,-6.94,-37.31,-7.62,220.8,-83.96,-166.66
52.42582,-1.532981,169.61,8.82,3,359.03,22 / 22,952009,2019-09-06 19:35:57:752,-0.1144,-0.9379,9.7546,0.0102,0.0019,9.8066,0.0806,0.0513,0.0027,-6.5,-37,-8.25,217.7,-84.01,-165.64
52.42582,-1.532981,169.61,8.82,3,359.03,22 / 22,952109,2019-09-06 19:35:57:852,-0.0785,-0.3752,9.9084,-0.0039,-0.0101,9.8066,0.0326,-0.0022,0.0418,-7.12,-37.5,-7.44,224.28,-83.95,-164.88
52.42582,-1.532981,169.61,8.82,3,359.03,22 / 22,952211,2019-09-06 19:35:57:954,-0.0791,1.1041,10.2002,0.0025,-0.0012,9.8066,0.0921,0.0656,-0.0113,-7,-36.69,-7.81,222.41,-83.94,-164.54
52.42582,-1.532981,169.61,8.82,3,359.03,22 / 22,952310,2019-09-06 19:35:58:053,-1.459,-0.5924,9.6425,-0.0046,0.0013,9.8066,-0.1189,0.0602,-0.0527,-7,-37.87,-7.87,221.55,-83.96,-165.31
52.42582,-1.532981,169.61,8.82,3,359.03,21 / 21,952409,2019-09-06 19:35:58:152,0.4067,-0.8722,9.6841,-0.0082,-0.0124,9.8066,0.0915,0.0115,0.0067,-6.56,-36.56,-7.37,223.65,-84.03,-165.89
52.42582,-1.532981,169.61,8.82,3,359.03,21 / 21,952510,2019-09-06 19:35:58:253,-0.8501,-0.0389,9.9171,-0.0041,-0.0032,9.8066,0.0702,0.0943,-0.0323,-6.56,-37.37,-7.62,221.39,-84.11,-166.24
52.42582,-1.532981,169.61,8.82,3,359.03,21 / 21,952610,2019-09-06 19:35:58:353,0.0015,-0.9742,9.5913,-0.0089,-0.0107,9.8066,0.105,0.0043,0.0363,-6.5,-36.62,-8.25,217.14,-84.24,-166.89
52.42582,-1.532981,169.61,8.82,3,359.03,21 / 21,952710,2019-09-06 19:35:58:453,0.1703,-0.9795,9.645,0.0089,0.0102,9.8066,0.0557,-0.0085,0.0301,-6.87,-36.94,-7.94,221.31,-84.13,-166.4
52.42582,-1.532981,169.61,8.82,3,359.03,21 / 21,952810,2019-09-06 19:35:58:553,0.42,-0.2117,9.5362,0.0009,0.0129,9.8066,-0.1946,0.0535,-0.0179,-6.25,-36.62,-7.94,217.51,-84.11,-166.11
52.42582,-1.532981,169.61,8.82,3,359.03,21 / 21,952910,2019-09-06 19:35:58:653,-1.5607,-0.509,9.7274,-0.0033,-0.0019,9.8066,-0.0589,0.0002,0.0669,-6.62,-37,-8.25,221.7,-84.25,-166.19
52.42582,-1.532981,169.61,8.82,3,359.03,21 / 21,953009,2019-09-06 19:35:58:752,-0.83,-2.4907,9.3483,0.0164,0.0306,9.8065,0.0072,0.0848,-0.0496,-6.25,-36.69,-8.31,218.04,-84.19,-165.61
52.42582,-1.532981,169.61,8.82,3,359.03,21 / 21,953109,2019-09-06 19:35:58:852,-0.1318,-2.5203,9.6059,-0.0157,-0.0365,9.8065,0.0321,-0.102,0.0285,-7.06,-37.12,-9,220.44,-84.24,-165.35
52.42582,-1.532981,169.61,8.82,3,359.03,21 / 21,953210,2019-09-06 19:35:58:953,-0.8022,-1.6332,9.9588,-0.0106,-0.0227,9.8066,0.0355,0.0607,-0.0717,-6.62,-37.06,-7.69,223.41,-84.47,-164.55
52.42582,-1.532981,169.61,8.82,3,359.03,21 / 21,953310,2019-09-06 19:35:59:053,-0.873,-0.8391,9.6594,-0.0013,0.012,9.8066,0.0582,0.0205,-0.076,-7.25,-37.5,-8.06,221.59,-84.37,-166.62
52.42582,-1.532981,169.61,8.82,3,359.03,21 / 23,953409,2019-09-06 19:35:59:152,-0.5607,0.1155,9.9555,-0.0078,0.0031,9.8066,-0.0748,0.0232,0.0622,-6.62,-36.87,-8.25,221.23,-84.35,-167.01
52.42582,-1.532981,169.61,8.82,3,359.03,21 / 23,953510,2019-09-06 19:35:59:253,0.1508,-1.8156,10.322,0.0139,0.0221,9.8066,-0.1113,0.0284,0.0206,-6.62,-36.87,-8.19,220.45,-84.26,-167.79
52.42582,-1.532981,169.61,8.82,3,359.03,21 / 23,953609,2019-09-06 19:35:59:352,-0.8384,-0.581,9.5547,0.007,0.0135,9.8065,0.0114,0.002,-0.0273,-6.5,-37,-8.94,214.39,-84.27,-168.3
52.42582,-1.532981,169.61,8.82,3,359.03,21 / 23,953709,2019-09-06 19:35:59:452,0.0251,-1.0457,9.6225,-0.017,-0.018,9.8065,0.0854,-0.0107,0.0174,-7.12,-37.25,-8.06,220.15,-84.28,-168.22
52.42582,-1.532981,169.61,8.82,3,359.03,21 / 23,953810,2019-09-06 19:35:59:553,-0.1335,-0.098,9.6129,-0.007,-0.0067,9.8066,0.009,0.0189,-0.0251,-6.75,-36.75,-8.19,219.77,-84.4,-168.97
52.42582,-1.532981,169.61,8.82,3,359.03,21 / 23,953910,2019-09-06 19:35:59:653,-0.3602,-0.1068,10.1837,0.0003,-0.0054,9.8066,0.0783,-0.0233,-0.0487,-6.87,-37.37,-7.69,219.97,-84.35,-168.6
52.42582,-1.532981,169.61,8.82,3,359.03,21 / 23,954010,2019-09-06 19:35:59:753,-1.0533,-1.4694,10.0178,0.0078,0.0125,9.8066,-0.0491,-0.0372,-0.0245,-7.37,-36.87,-7.5,221.92,-84.34,-168.92
52.42582,-1.532981,169.61,8.82,3,359.03,21 / 23,954109,2019-09-06 19:35:59:852,-0.1367,-0.4788,9.9648,0.0071,0.0179,9.8066,-0.0615,-0.008,-0.0234,-6.56,-37.12,-7.87,219.42,-84.19,-168.95
52.42582,-1.532981,169.61,8.82,3,359.03,21 / 23,954209,2019-09-06 19:35:59:952,-1.4463,-1.2866,10.1478,0.0045,0.0175,9.8065,0.0747,0.0009,0.0233,-6.75,-37.06,-8.12,219.13,-84.18,-169.31
52.42582,-1.532981,169.61,8.82,3,359.03,21 / 23,954309,2019-09-06 19:36:00:052,-0.119,-0.6572,9.7574,-0.0113,-0.0283,9.8065,0.0892,-0.0078,0.06,-6.25,-37.5,-7.25,217.38,-84.12,-168.88
52.42582,-1.532981,169.61,8.82,3,359.03,22 / 23,954410,2019-09-06 19:36:00:153,0.3552,-0.6301,9.7963,0.01,0.0089,9.8066,-0.0767,0.0241,-0.0315,-6.31,-37.25,-7.19,218.12,-84.25,-168.21
52.42582,-1.532981,169.61,8.82,3,359.03,22 / 23,954509,2019-09-06 19:36:00:252,-0.8793,-1.1651,9.5701,-0.0064,0.0025,9.8066,-0.038,-0.0099,-0.0096,-6.44,-38,-7.69,215.57,-84.24,-168.6
52.42582,-1.532981,169.61,8.82,3,359.03,22 / 23,954610,2019-09-06 19:36:00:353,-0.4256,-1.0744,9.8068,0.0077,0.0012,9.8066,-0.0053,-0.0644,0.0286,-5.94,-36.75,-7.75,216.14,-84.26,-168.23
52.42582,-1.532981,169.61,8.82,3,359.03,22 / 23,954710,2019-09-06 19:36:00:453,-0.7339,-1.3965,9.801,0.0099,0.0115,9.8066,-0.0761,0.0093,-0.0275,-6.81,-37.37,-7.94,220.48,-84.33,-167.91
52.42582,-1.532981,169.61,8.82,3,359.03,22 / 23,954810,2019-09-06 19:36:00:553,-0.5166,-1.1324,10.0705,-0.008,-0.022,9.8066,0.0413,-0.0146,-0.002,-6.44,-36.69,-8.25,216.18,-84.22,-168.1
52.42582,-1.532981,169.61,8.82,3,359.03,22 / 23,954910,2019-09-06 19:36:00:653,0.1063,-0.6387,9.8651,-0.0048,-0.0124,9.8066,0.0374,-0.0194,0.0431,-6.19,-36.94,-8.5,216.61,-84.31,-167.73
52.42582,-1.532981,169.61,8.82,3,359.03,22 / 23,955009,2019-09-06 19:36:00:752,-0.7084,-4.7717,11.8285,-0.0047,-0.0118,9.8066,0.3736,0.0842,-0.1483,-6.87,-37.62,-8.5,220.34,-84.28,-167.63
52.42582,-1.532981,169.61,8.82,3,359.03,22 / 23,955109,2019-09-06 19:36:00:852,-2.5195,-5.4199,13.4387,-0.0331,-0.0932,9.8061,0.8445,0.1494,-0.0941,-6.62,-37.37,-7.5,221,-84.14,-169.61
52.42582,-1.532981,169.61,8.82,3,359.03,22 / 23,955209,2019-09-06 19:36:00:952,-1.7698,-0.5445,8.8323,-0.0303,-0.1207,9.8058,0.5021,-0.0619,0.0354,-6.06,-37.19,-6.19,217.16,-83.29,-170.05
52.42582,-1.532981,169.61,8.82,3,359.03,22 / 23,955310,2019-09-06 19:36:01:053,2.6148,1.4116,7.4612,0.092,0.1328,9.8053,0.2647,-0.1067,0.1057,-7.31,-37.5,-5.62,220.6,-82.47,-168.95
52.42582,-1.532981,169.61,8.82,3,359.03,20 / 21,955410,2019-09-06 19:36:01:153,2.4782,2.0706,8.6793,0.0267,0.0162,9.8066,-0.5736,-0.0209,-0.0942,-7.19,-37.81,-6.12,219.52,-81.61,-167.6
52.42582,-1.532981,169.61,8.82,3,359.03,20 / 21,955509,2019-09-06 19:36:01:252,0.3945,1.2361,7.2411,-0.0434,-0.0833,9.8061,-0.6606,-0.0411,-0.0331,-6.94,-37.94,-7.44,221.66,-83.09,-165.61
52.42582,-1.532981,169.61,8.82,3,359.03,20 / 21,955610,2019-09-06 19:36:01:353,-1.5848,-1.2949,11.3255,-0.0667,-0.1066,9.8058,-0.2968,-0.0928,0.0632,-7.12,-36.87,-9.06,225.53,-84.95,-160.67
52.42582,-1.532981,169.61,8.82,3,359.03,20 / 21,955710,2019-09-06 19:36:01:453,-0.5712,-1.6102,14.177,0.0105,-0.0154,9.8066,-0.1756,-0.0544,-0.0283,-6.94,-36,-10.44,236.93,-86.4,-149.17
52.42582,-1.532981,169.61,8.82,3,359.03,20 / 21,955809,2019-09-06 19:36:01:552,-1.5254,-1.6307,12.2526,0.0393,0.093,9.8061,0.257,0.005,0.0861,-6.94,-35.75,-9.81,236.39,-86.29,-149.49
52.42582,-1.532981,169.61,8.82,3,359.03,20 / 21,955910,2019-09-06 19:36:01:653,0.3735,0.1689,7.4228,0.0449,0.1026,9.806,0.2543,0.0548,0.0621,-7.12,-36.56,-8.81,230.86,-85.57,-155.86
52.42582,-1.532981,169.61,8.82,3,359.03,20 / 21,956010,2019-09-06 19:36:01:753,1.3039,2.4843,7.8856,0.0715,0.1403,9.8054,0.0806,-0.0157,-0.0537,-6.81,-37.44,-7,223.06,-83.38,-164.97
52.42582,-1.532981,169.61,8.82,3,359.03,20 / 21,956110,2019-09-06 19:36:01:853,0.8261,2.3994,9.2817,0.0138,0.0382,9.8065,-0.0812,0.013,0.0509,-6.5,-37.5,-6.37,216.84,-82.31,-167.86
52.42582,-1.532981,169.61,8.82,3,359.03,20 / 21,956210,2019-09-06 19:36:01:953,0.109,0.735,10.6554,-0.0202,-0.0441,9.8065,-0.132,0.0408,0.0295,-7,-37.12,-7.31,221.03,-82.9,-166.49
52.42582,-1.532981,169.61,8.82,3,359.03,20 / 21,956310,2019-09-06 19:36:02:053,0.4876,-0.3489,11.158,-0.0056,-0.0384,9.8065,-0.2717,0.0198,0.0256,-6.12,-36.25,-8,220.71,-84.13,-162.37
52.42582,-1.532981,169.61,8.82,3,359.03,22 / 23,956409,2019-09-06 19:36:02:152,-0.708,-0.4886,10.3327,-0.0145,-0.0192,9.8066,0.1461,-0.0329,0.0058,-7.12,-37.06,-8.44,225.87,-84.46,-161.46
52.42582,-1.532981,169.61,8.82,3,359.03,22 / 23,956509,2019-09-06 19:36:02:252,-0.4546,-0.1851,9.4357,0.0011,0.0124,9.8066,0.1977,-0.0411,-0.0116,-7.19,-36.94,-7.62,225.13,-84.37,-162.15
52.42582,-1.532981,169.61,8.82,3,359.03,22 / 23,956610,2019-09-06 19:36:02:353,0.451,0.5061,9.3533,0.0101,0.0113,9.8065,-0.022,0.0468,-0.021,-6.69,-36.69,-7.62,223.14,-83.91,-163.55
52.42582,-1.532981,169.61,8.82,3,359.03,22 / 23,956710,2019-09-06 19:36:02:453,0.48,0.0358,9.8489,0.019,0.0367,9.8066,-0.0817,-0.0612,-0.0038,-6.94,-37.12,-7.44,223.4,-83.48,-164.78
52.42582,-1.532981,169.61,8.82,3,359.03,22 / 23,956809,2019-09-06 19:36:02:552,-0.5021,0.1266,9.8144,-0.0075,0.0141,9.8066,0.0286,0.0567,0.032,-7.25,-36.94,-8.12,221.17,-83.61,-165.39
52.42582,-1.532981,169.61,8.82,3,359.03,22 / 23,956910,2019-09-06 19:36:02:653,1.0938,0.3131,10.2031,-0.0016,-0.0197,9.8065,0.0627,-0.052,0.03,-6.75,-37.25,-7.87,222.07,-83.76,-164.57
52.42582,-1.532981,169.61,8.82,3,359.03,22 / 23,957010,2019-09-06 19:36:02:753,-1.0293,0.8406,9.9455,0.0026,0.0051,9.8066,0.0805,-0.113,0.0768,-7.62,-37.12,-7.37,228.12,-83.62,-164.09
52.42582,-1.532981,169.61,8.82,3,359.03,22 / 23,957110,2019-09-06 19:36:02:853,-0.4089,0.3902,9.6589,0.0034,-0.0166,9.8066,0.0563,-0.0107,-0.0923,-7.31,-36.81,-8.5,221.37,-83.55,-164.98
52.42582,-1.532981,169.61,8.82,3,359.03,22 / 23,957212,2019-09-06 19:36:02:955,1.3044,0.9915,10.002,-0.0002,0.0295,9.8065,-0.0051,-0.0185,0.1148,-7.19,-36.25,-8.12,221.86,-83.53,-164.71
52.42582,-1.532981,169.61,8.82,3,359.03,22 / 23,957309,2019-09-06 19:36:03:052,-0.0769,2.3076,9.8935,0.0211,0.0245,9.8065,-0.0029,0.0579,-0.0024,-7.19,-36.62,-7.37,222.54,-83.38,-165.67
52.42582,-1.532981,169.61,8.82,3,359.03,21 / 22,957410,2019-09-06 19:36:03:153,0.2885,0.6864,10.3361,0.0103,0.0278,9.8065,-0.048,-0.0818,-0.0034,-7.62,-36.94,-7.69,224.28,-83.34,-165.49
52.42582,-1.532981,169.61,8.82,3,359.03,21 / 22,957509,2019-09-06 19:36:03:252,-0.0473,1.0024,9.4197,-0.0026,0.0258,9.8066,-0.1432,-0.0083,-0.0423,-7.44,-36.75,-7.94,220.68,-83.37,-165.48
52.42582,-1.532981,169.61,8.82,3,359.03,21 / 22,957610,2019-09-06 19:36:03:353,0.3832,-0.0655,9.6387,0.0088,0.0368,9.8066,0.1324,0.0179,-0.0317,-8.12,-36.31,-7.12,226.18,-83.41,-166.49
52.42582,-1.532981,169.61,8.82,3,359.03,21 / 22,957710,2019-09-06 19:36:03:453,0.3286,1.1647,9.3835,-0.0128,-0.0322,9.8065,0.0782,0.0096,-0.0144,-7.37,-36.81,-7.69,219.46,-83.34,-167
52.42582,-1.532981,169.61,8.82,3,359.03,21 / 22,957809,2019-09-06 19:36:03:552,1.3646,1.147,9.7247,-0.025,-0.0336,9.8065,0.1846,-0.028,-0.0078,-8.25,-36.69,-7.69,223.61,-83.51,-166.76
52.42582,-1.532981,169.61,8.82,3,359.03,21 / 22,957909,2019-09-06 19:36:03:652,0.2176,0.984,9.5364,0.0059,-0.0101,9.8066,-0.0042,-0.0435,-0.003,-7.31,-36.62,-7.19,221.53,-83.43,-167.13
52.42582,-1.532981,169.61,8.82,3,359.03,21 / 22,958009,2019-09-06 19:36:03:752,0.3493,0.1742,9.9808,0.0028,-0.0388,9.8065,-0.093,-0.1012,-0.0692,-7.31,-37.12,-7.25,222.83,-83.48,-165.52
52.42582,-1.532981,169.61,8.82,3,359.03,21 / 22,958110,2019-09-06 19:36:03:853,0.2666,1.0233,9.9798,-0.0005,0.0136,9.8066,-0.0146,-0.0206,-0.0561,-7.69,-36.62,-7.37,226.55,-83.53,-165.84
52.42582,-1.532981,169.61,8.82,3,359.03,21 / 22,958210,2019-09-06 19:36:03:953,-0.0711,-0.6115,9.4436,-0.0127,0.0061,9.8066,-0.0357,-0.046,0.0319,-7.56,-36.5,-7.81,224.12,-83.64,-166.81
52.42582,-1.532981,169.61,8.82,3,359.03,21 / 22,958310,2019-09-06 19:36:04:053,0.8577,0.7289,9.0104,0.0036,0.0111,9.8065,-0.0807,-0.0541,0.0111,-7.69,-37.62,-7.31,225.88,-83.6,-166.44
52.42582,-1.532981,169.61,8.82,3,359.03,21 / 22,958409,2019-09-06 19:36:04:152,-1.1292,0.1337,9.5873,0.0254,0.0338,9.8065,0.2029,-0.1064,0.0094,-7.75,-36.75,-7.19,225.49,-83.41,-166.91
52.42582,-1.532981,169.61,8.82,3,359.03,21 / 22,958510,2019-09-06 19:36:04:253,1.7466,1.0302,9.8342,-0.0277,-0.0558,9.8064,0.0926,-0.1803,-0.059,-8.06,-37.06,-7.31,227.55,-83.67,-164.95
52.42582,-1.532981,169.61,8.82,3,359.03,21 / 22,958610,2019-09-06 19:36:04:353,0.7958,0.3708,9.9842,-0.0328,-0.0709,9.8063,-0.055,-0.0437,-0.0357,-7.81,-37.19,-7.44,228.38,-83.79,-164.21
52.42582,-1.532981,169.61,8.82,3,359.03,21 / 22,958709,2019-09-06 19:36:04:452,1.7634,-0.1036,9.9514,0.0193,0.0124,9.8066,0.1337,-0.1111,0.1753,-8.25,-36.81,-6.81,228.65,-83.5,-163.08
52.42582,-1.532981,169.61,8.82,3,359.03,21 / 22,958809,2019-09-06 19:36:04:552,0.4812,-0.5626,9.6218,0.0074,-0.0064,9.8066,-0.0572,-0.0788,-0.021,-8.87,-36.75,-7.56,231.02,-83.51,-161.81
52.42582,-1.532981,169.61,8.82,3,359.03,21 / 22,958910,2019-09-06 19:36:04:653,1.0728,0.1748,9.5661,-0.0011,0.0096,9.8066,0.0279,-0.1561,0.1186,-8,-37.19,-7,229.8,-83.48,-161.56
52.42582,-1.532981,169.61,8.82,3,359.03,21 / 22,959010,2019-09-06 19:36:04:753,0.196,-1.2642,10.0556,0.0307,0.0057,9.8066,0.0131,-0.1439,-0.004,-9.19,-37,-7.12,234.23,-83.36,-160.27
52.42582,-1.532981,169.61,8.82,3,359.03,21 / 22,959110,2019-09-06 19:36:04:853,0.7062,-0.8713,9.7563,-0.0093,-0.0227,9.8066,-0.04,-0.002,-0.0161,-9.44,-37.06,-7.81,234.05,-83.47,-158
52.42582,-1.532981,169.61,8.82,3,359.03,21 / 22,959213,2019-09-06 19:36:04:956,1.0107,-0.0708,9.4089,-0.0173,-0.0013,9.8066,-0.0573,-0.0801,0.091,-9.5,-36.94,-7.56,233.13,-83.52,-159.23
52.42582,-1.532981,169.61,8.82,3,359.03,21 / 22,959310,2019-09-06 19:36:05:053,1.9101,0.6725,9.7834,-0.0057,-0.0285,9.8066,0.0189,-0.0501,-0.0582,-9.62,-37.31,-7.37,238.87,-83.44,-158.97
52.42582,-1.532981,169.61,8.82,3,359.03,20 / 21,959409,2019-09-06 19:36:05:152,0.2695,0.0916,9.0422,-0.0186,-0.0315,9.8065,-0.1063,-0.1699,0.0999,-9.56,-37.12,-7.75,238.06,-83.57,-157.44
52.42582,-1.532981,169.61,8.82,3,359.03,20 / 21,959509,2019-09-06 19:36:05:252,-1.2668,0.2866,9.7133,0.0216,0.0148,9.8066,-0.255,-0.0725,-0.1833,-10.81,-36.75,-7.87,240.7,-83.32,-157.34
52.42582,-1.532981,169.61,8.82,3,359.03,20 / 21,959610,2019-09-06 19:36:05:353,1.0359,-0.494,9.9428,-0.016,-0.0057,9.8066,0.176,-0.1168,0.0404,-9.87,-37.06,-7.37,238.56,-83.35,-159.1
52.42582,-1.532981,169.61,8.82,3,359.03,20 / 21,959709,2019-09-06 19:36:05:452,0.2651,-0.1732,9.4312,-0.0178,-0.0122,9.8066,0.1665,-0.1237,0.0177,-10.62,-37.19,-7.37,240.93,-83.4,-160.1
52.42582,-1.532981,169.61,8.82,3,359.03,20 / 21,959810,2019-09-06 19:36:05:553,2.3078,0.0328,9.9444,0.0166,0.0058,9.8066,-0.0189,-0.168,-0.0608,-9.94,-37.44,-5.94,239.58,-83.07,-160.27
52.42582,-1.532981,169.61,8.82,3,359.03,20 / 21,959909,2019-09-06 19:36:05:652,0.0277,-0.178,9.5723,-0.0366,-0.0294,9.8065,-0.0495,-0.1426,-0.0755,-10.56,-37,-7,239.46,-83.02,-160.87
52.42582,-1.532981,169.61,8.82,3,359.03,20 / 21,960009,2019-09-06 19:36:05:752,0.4288,0.3815,9.9008,-0.0422,-0.0354,9.8065,-0.0063,-0.1178,0.069,-10.44,-37.06,-6.62,236.91,-83.4,-161.23
52.42582,-1.532981,169.61,8.82,3,359.03,20 / 21,960109,2019-09-06 19:36:05:852,1.7145,-1.1841,10.2092,0.0095,0.0053,9.8066,0.0069,-0.1516,0.0374,-11.12,-36.5,-7.25,240.85,-83.27,-160.36
52.42582,-1.532981,169.61,8.82,3,359.03,20 / 21,960210,2019-09-06 19:36:05:953,0.5299,-1.5827,10.1801,0.0076,0.0136,9.8066,0.0021,-0.1122,-0.111,-10.94,-36.87,-7.31,239.88,-83.24,-160.93
52.42582,-1.532981,169.61,8.82,3,359.03,20 / 21,960310,2019-09-06 19:36:06:053,2.2535,0.4655,10.3139,-0.0396,-0.0171,9.8065,0.0761,-0.2022,0.0303,-11.44,-36.69,-6.56,239.52,-83.44,-161.87
52.426456,-1.532947,170.1,8.73,3,12.8,21 / 22,960409,2019-09-06 19:36:06:152,1.1351,-1.3008,9.5603,-0.0138,-0.0104,9.8066,0.087,-0.0884,-0.0209,-11.37,-36.37,-6.62,239.25,-83.39,-162.52
52.426456,-1.532947,170.1,8.73,3,12.8,21 / 22,960510,2019-09-06 19:36:06:253,0.6924,-0.9071,9.3692,0.0038,0.0114,9.8066,-0.0502,-0.1287,0.0158,-11.81,-37.19,-6.81,241.86,-83.47,-162.47
52.426456,-1.532947,170.1,8.73,3,12.8,21 / 22,960609,2019-09-06 19:36:06:352,-3.0426,1.786,9.0007,0.0024,0.0256,9.8066,-0.2139,0.0865,-0.1176,-11.31,-36.62,-6.5,241.07,-83.6,-163.65
52.426456,-1.532947,170.1,8.73,3,12.8,21 / 22,960710,2019-09-06 19:36:06:453,2.2724,-2.4148,9.9302,-0.0206,-0.0206,9.8066,0.0243,-0.0322,-0.0658,-11.37,-37,-6.94,238.57,-83.68,-163.59
52.426456,-1.532947,170.1,8.73,3,12.8,21 / 22,960810,2019-09-06 19:36:06:553,-0.4056,-1.2464,9.7929,-0.0074,-0.0177,9.8066,-0.0078,-0.1725,0.0203,-11.5,-37.25,-6.5,240.96,-83.78,-164.27
52.426456,-1.532947,170.1,8.73,3,12.8,21 / 22,960910,2019-09-06 19:36:06:653,1.5915,-2.6208,9.8342,-0.0479,-0.0172,9.8065,0.0868,-0.0746,-0.0602,-12.44,-37.12,-6.31,243.73,-83.89,-164.49
52.426456,-1.532947,170.1,8.73,3,12.8,21 / 22,961010,2019-09-06 19:36:06:753,0.4659,0.2182,9.3347,-0.0316,-0.0304,9.8065,0.0998,-0.0979,-0.019,-12.12,-36.56,-6.62,241.31,-83.89,-164.11
52.426456,-1.532947,170.1,8.73,3,12.8,21 / 22,961110,2019-09-06 19:36:06:853,1.003,-0.8956,10.4922,0.0037,-0.0004,9.8066,-0.0525,-0.1574,0.0273,-12.37,-36.87,-6.44,244.04,-83.87,-164.1
52.426456,-1.532947,170.1,8.73,3,12.8,21 / 22,961210,2019-09-06 19:36:06:953,0.3981,-0.3972,10.2011,-0.0215,0.0051,9.8066,0.03,-0.1585,-0.0675,-12.25,-37,-6.12,243.61,-84.03,-165
52.426456,-1.532947,170.1,8.73,3,12.8,21 / 22,961310,2019-09-06 19:36:07:053,1.2235,-0.1506,9.8698,0.0061,0.0075,9.8066,-0.0032,-0.1672,0.0049,-11.94,-36.69,-6.31,243.15,-84.03,-165.52
52.426456,-1.532947,170.1,8.73,3,12.8,20 / 22,961409,2019-09-06 19:36:07:152,0.9168,-1.2295,9.6877,-0.001,0.0043,9.8066,-0.0291,-0.1667,0.0276,-13.19,-36.75,-6.06,244.85,-83.94,-166.13
52.426456,-1.532947,170.1,8.73,3,12.8,20 / 22,961510,2019-09-06 19:36:07:253,0.2359,-0.9899,10.2503,-0.0184,-0.0125,9.8066,0.2454,-0.2433,0.0049,-13,-36.44,-6.37,245.26,-84.02,-166.25
52.426456,-1.532947,170.1,8.73,3,12.8,20 / 22,961609,2019-09-06 19:36:07:352,1.3647,-2.1727,10.0862,-0.0632,-0.0312,9.8063,0.1314,-0.1504,-0.0113,-13.5,-36.5,-5.62,245.14,-84.19,-166.79
52.426456,-1.532947,170.1,8.73,3,12.8,20 / 22,961709,2019-09-06 19:36:07:452,0.1844,-1.7434,9.4077,0.0289,0.027,9.8066,-0.1349,-0.1034,-0.0081,-13.62,-37,-6.56,245.41,-84.21,-165.56
52.426456,-1.532947,170.1,8.73,3,12.8,20 / 22,961810,2019-09-06 19:36:07:553,-1.3099,-0.9469,9.5183,0.0102,0.009,9.8066,-0.0503,-0.1199,0.1055,-13.19,-37.12,-6.25,245.63,-84.18,-165.84
52.426456,-1.532947,170.1,8.73,3,12.8,20 / 22,961909,2019-09-06 19:36:07:652,1.0253,-1.3386,10.309,0.0192,0.029,9.8065,-0.1861,-0.1971,-0.0302,-13.62,-36.69,-6.87,246.76,-84.2,-164.05
52.426456,-1.532947,170.1,8.73,3,12.8,20 / 22,962010,2019-09-06 19:36:07:753,-0.9189,-2.0526,9.321,0.0435,0.0414,9.8064,-0.167,-0.1553,0.0086,-13.56,-36.69,-6.06,248.76,-84.24,-164.96
52.426456,-1.532947,170.1,8.73,3,12.8,20 / 22,962109,2019-09-06 19:36:07:852,0.9982,-1.776,9.3681,-0.0384,-0.0349,9.8065,0.199,-0.2128,-0.0347,-14.69,-36.81,-6.19,252.77,-84.36,-163.05
52.426456,-1.532947,170.1,8.73,3,12.8,20 / 22,962211,2019-09-06 19:36:07:954,0.9347,-1.7048,9.3059,0.0122,-0.0138,9.8066,0.0651,-0.1525,0.0354,-14.19,-36.19,-5.56,250.44,-84.35,-163.73
52.426456,-1.532947,170.1,8.73,3,12.8,20 / 22,962310,2019-09-06 19:36:08:053,0.188,-1.7079,10.0333,-0.0257,-0.0125,9.8065,-0.0382,-0.0519,0.042,-14.06,-36.81,-5.44,253.5,-84.07,-162.6
52.426456,-1.532947,170.1,8.73,3,12.8,20 / 21,962409,2019-09-06 19:36:08:152,1.7349,-0.2205,9.8033,-0.0145,-0.0127,9.8066,0.036,-0.1526,0.0465,-14.37,-36.06,-5.37,254.28,-84.18,-162.4
52.426456,-1.532947,170.1,8.73,3,12.8,20 / 21,962510,2019-09-06 19:36:08:253,0.6899,-0.3749,9.6726,0.0171,-0.002,9.8066,-0.0191,-0.1763,0.0338,-14.94,-36.44,-5.81,253.24,-83.97,-162.03
52.426456,-1.532947,170.1,8.73,3,12.8,20 / 21,962609,2019-09-06 19:36:08:352,0.22,-1.0127,9.7657,-0.0032,-0.0043,9.8066,-0.0609,-0.1534,0.0106,-15.44,-36,-4.75,257.12,-84.04,-161.12
52.426456,-1.532947,170.1,8.73,3,12.8,20 / 21,962710,2019-09-06 19:36:08:453,-0.21,-1.7631,9.6913,0.0132,-0.0039,9.8066,0.0215,-0.1064,0.025,-16.06,-36.31,-4.81,260.05,-84.03,-159.87
52.426456,-1.532947,170.1,8.73,3,12.8,20 / 21,962810,2019-09-06 19:36:08:553,1.1609,-0.0787,9.8245,0.0103,0.0011,9.8066,0.0239,-0.2036,0.1246,-16,-36.37,-4.37,263.79,-84.04,-159.11
52.426456,-1.532947,170.1,8.73,3,12.8,20 / 21,962909,2019-09-06 19:36:08:652,0.587,-1.0439,10.2105,-0.0197,-0.0176,9.8065,0.0375,-0.1167,-0.0176,-15.94,-36.44,-5.06,261.33,-83.94,-158.34
52.426456,-1.532947,170.1,8.73,3,12.8,20 / 21,963009,2019-09-06 19:36:08:752,1.8791,-1.6756,10.5993,-0.0341,-0.0302,9.8065,0.15,-0.1692,0.0863,-16.69,-35.62,-4.75,264.7,-84.08,-156.83
52.426456,-1.532947,170.1,8.73,3,12.8,20 / 21,963109,2019-09-06 19:36:08:852,0.9376,-0.6566,10.2281,0.0287,0.0284,9.8066,-0.0958,-0.092,-0.0314,-16.5,-36.56,-4.87,260.56,-83.78,-158.42
52.426456,-1.532947,170.1,8.73,3,12.8,20 / 21,963210,2019-09-06 19:36:08:953,1.0467,-0.8395,9.5926,0.0018,0.0161,9.8066,-0.0658,-0.1852,-0.0008,-17,-35.94,-4.75,261.79,-83.87,-159.4
52.426456,-1.532947,170.1,8.73,3,12.8,20 / 21,963310,2019-09-06 19:36:09:053,0.4013,-0.3242,9.7041,0.014,0.0149,9.8066,-0.0121,-0.0772,-0.0574,-17,-36.69,-4.69,259.78,-83.82,-161.04
52.426456,-1.532947,170.1,8.73,3,12.8,21 / 21,963409,2019-09-06 19:36:09:152,0.4475,-0.0038,9.5476,-0.0001,0.0198,9.8066,-0.1053,-0.0985,-0.0224,-16.94,-36.44,-4.31,262.05,-83.93,-162.23
52.426456,-1.532947,170.1,8.73,3,12.8,21 / 21,963510,2019-09-06 19:36:09:253,-0.747,-0.4195,9.5912,-0.0163,-0.0037,9.8066,0.0098,-0.1049,-0.0084,-17.19,-36.87,-4.75,257.66,-84.19,-164.03
52.426456,-1.532947,170.1,8.73,3,12.8,21 / 21,963609,2019-09-06 19:36:09:352,0.0863,0.2935,9.5498,-0.0136,0.006,9.8066,-0.0191,-0.075,-0.0447,-16.37,-36.37,-4.37,258.54,-84.47,-165.53
52.426456,-1.532947,170.1,8.73,3,12.8,21 / 21,963710,2019-09-06 19:36:09:453,0.1478,-0.0999,9.4664,0.0144,0.003,9.8065,-0.0627,-0.0574,0.0358,-16.5,-36.81,-4.06,258.29,-84.61,-165.76
52.426456,-1.532947,170.1,8.73,3,12.8,21 / 21,963810,2019-09-06 19:36:09:553,-0.45,-0.24,9.2394,0.0059,0.0034,9.8066,-0.0994,-0.0328,0.045,-16.69,-36.37,-4.12,260.58,-84.76,-165.47
52.426456,-1.532947,170.1,8.73,3,12.8,21 / 21,963910,2019-09-06 19:36:09:653,0.7851,-0.4897,9.3263,-0.0118,-0.0216,9.8066,-0.0235,0.0152,0.0011,-16.5,-36.81,-4.06,261.62,-84.92,-163
52.426456,-1.532947,170.1,8.73,3,12.8,21 / 21,964010,2019-09-06 19:36:09:753,-1.1959,0.4114,9.6755,0.0209,-0.0072,9.8065,0.0207,-0.0704,0.0867,-17.25,-36.25,-4.12,264.2,-84.79,-161.82
52.426456,-1.532947,170.1,8.73,3,12.8,21 / 21,964110,2019-09-06 19:36:09:853,0.0301,0.0038,10.04,-0.0064,-0.0126,9.8066,0.013,-0.0146,0.0754,-16.87,-36.81,-4.19,264.51,-84.79,-161.19
52.426456,-1.532947,170.1,8.73,3,12.8,21 / 21,964209,2019-09-06 19:36:09:952,0.2176,-0.312,10.3138,0.0015,-0.0139,9.8066,0.0043,-0.0132,0.0822,-17.56,-36.31,-3.69,267.56,-84.61,-159.31
52.426456,-1.532947,170.1,8.73,3,12.8,21 / 21,964310,2019-09-06 19:36:10:053,0.426,-0.4738,9.985,0.0216,-0.007,9.8066,0.0474,-0.0177,-0.0282,-17.44,-36.31,-3.81,266.33,-84.28,-158.55
52.426456,-1.532947,170.1,8.73,3,12.8,21 / 21,964410,2019-09-06 19:36:10:153,-0.8246,-0.3609,9.902,0.0181,-0.0075,9.8066,0.0964,-0.0061,0.0326,-17.44,-36.12,-3.56,266.9,-84.15,-157.69
52.426456,-1.532947,170.1,8.73,3,12.8,21 / 21,964509,2019-09-06 19:36:10:252,-1.6683,-0.4129,10.2623,0.0154,-0.007,9.8066,-0.0607,-0.0076,0.0367,-17.25,-35.75,-3.44,271.13,-84.09,-156.4
52.426456,-1.532947,170.1,8.73,3,12.8,21 / 21,964610,2019-09-06 19:36:10:353,-0.5854,0.6638,10.2731,0.0155,-0.0102,9.8066,-0.0704,0.0108,-0.0064,-18,-36.06,-3.69,270.79,-83.91,-154.65
52.426456,-1.532947,170.1,8.73,3,12.8,21 / 21,964710,2019-09-06 19:36:10:453,-0.6214,-0.7448,9.7321,-0.005,-0.0096,9.8066,0.0274,-0.0353,0.0754,-18.44,-36,-3.12,275.41,-83.83,-152.84
52.426456,-1.532947,170.1,8.73,3,12.8,21 / 21,964810,2019-09-06 19:36:10:553,-0.4423,-0.1642,10.5754,-0.0111,0.0047,9.8066,0.0364,-0.043,-0.0003,-18.12,-35.94,-3.5,274.49,-83.77,-153.62
52.426456,-1.532947,170.1,8.73,3,12.8,21 / 21,964910,2019-09-06 19:36:10:653,-0.1197,0.1457,9.6872,0.0115,0.0068,9.8065,0.0484,-0.0082,-0.0043,-18.06,-36.19,-4.25,270.81,-83.57,-153.94
52.426456,-1.532947,170.1,8.73,3,12.8,21 / 21,965010,2019-09-06 19:36:10:753,-0.2094,0.5106,9.7801,-0.0037,0.0117,9.8066,0.0834,0.0435,-0.0582,-18.5,-36.31,-3.62,269.36,-83.55,-155.36
52.426456,-1.532947,170.1,8.73,3,12.8,21 / 21,965110,2019-09-06 19:36:10:853,-0.2031,0.4271,9.5238,0.0294,0.015,9.8065,-0.2096,-0.001,-0.0283,-18.06,-36.44,-3.81,268.43,-83.59,-156.38
52.426456,-1.532947,170.1,8.73,3,12.8,21 / 21,965214,2019-09-06 19:36:10:957,-1.2191,-0.3319,9.435,0.0179,0.0122,9.8066,-0.1649,0.0095,0.0265,-18.31,-36.31,-3.56,267.96,-83.63,-156.95
52.426456,-1.532947,170.1,8.73,3,12.8,21 / 21,965309,2019-09-06 19:36:11:052,0.9319,0.2002,9.7165,-0.0114,0.0136,9.8066,0.0605,-0.0021,-0.1068,-17.75,-36.44,-4.06,267.88,-83.65,-157.07
52.426456,-1.532947,170.1,8.73,3,12.8,21 / 21,965410,2019-09-06 19:36:11:153,-0.833,0.5948,9.2935,0.047,0.0302,9.8065,0.0692,0.0074,-0.0169,-18,-35.62,-3.12,268.8,-83.55,-158.87
52.426456,-1.532947,170.1,8.73,3,12.8,21 / 21,965510,2019-09-06 19:36:11:253,-0.4832,-0.3313,9.8436,0.0168,-0.0005,9.8066,-0.0764,-0.0031,-0.0072,-18.19,-35.94,-3.62,265.3,-83.42,-159.23
52.426456,-1.532947,170.1,8.73,3,12.8,21 / 21,965610,2019-09-06 19:36:11:353,-1.2563,0.1616,10.1399,0.0032,0.0086,9.8066,0.0026,0.0213,-0.0059,-17.87,-36.81,-3.12,267.97,-83.46,-159.16
52.426456,-1.532947,170.1,8.73,3,12.8,21 / 21,965710,2019-09-06 19:36:11:453,-1.2535,-0.3162,9.565,-0.0074,0.0075,9.8066,-0.034,0.0026,-0.0365,-17.12,-36.56,-4,263.08,-83.45,-159.75
52.426456,-1.532947,170.1,8.73,3,12.8,21 / 21,965810,2019-09-06 19:36:11:553,-1.1911,0.1361,10.0379,0.005,0.0079,9.8066,-0.0087,-0.0304,0.0369,-17.37,-36.44,-3.56,262.81,-83.59,-160.71
52.426456,-1.532947,170.1,8.73,3,12.8,21 / 21,965910,2019-09-06 19:36:11:653,0.5588,-0.1566,9.2414,0.0221,-0.0053,9.8066,0.0582,0.034,-0.0244,-17.5,-36,-3.75,263.57,-83.41,-159.55
52.426456,-1.532947,170.1,8.73,3,12.8,21 / 21,966009,2019-09-06 19:36:11:752,-1.1405,-0.1968,9.534,0.0119,0.0061,9.8066,0.0263,0.0186,-0.018,-17.62,-36.37,-3.62,265.29,-83.37,-159.15
52.426456,-1.532947,170.1,8.73,3,12.8,21 / 21,966110,2019-09-06 19:36:11:853,0.1735,0.5328,9.6085,-0.0056,0.0012,9.8066,-0.1249,0.0815,-0.0102,-17.87,-36.5,-3.37,267.21,-83.4,-160.17
52.426456,-1.532947,170.1,8.73,3,12.8,21 / 21,966210,2019-09-06 19:36:11:953,-0.0131,0.4079,10.5834,0.0008,-0.012,9.8066,-0.0232,-0.0046,0.0147,-18.06,-36.75,-3.25,267.71,-83.47,-159.44
52.426456,-1.532947,170.1,8.73,3,12.8,21 / 21,966309,2019-09-06 19:36:12:052,-1.3855,0.0664,9.2527,0.0416,0.0176,9.8064,-0.1838,0.043,-0.015,-17.81,-36.75,-4.25,265.23,-83.7,-159.53
52.426456,-1.532947,170.1,8.73,3,12.8,21 / 21,966410,2019-09-06 19:36:12:153,-1.3026,1.2306,8.8896,0.0429,0.0202,9.8065,0.0789,-0.0436,0.0273,-18.31,-36.31,-3.75,264.5,-83.48,-160.18
52.426456,-1.532947,170.1,8.73,3,12.8,21 / 21,966509,2019-09-06 19:36:12:252,-1.3792,0.1835,9.7578,-0.0192,-0.0144,9.8065,0.0734,0.0585,-0.0219,-17.5,-36.31,-4.44,264.38,-83.66,-159.23
52.426456,-1.532947,170.1,8.73,3,12.8,21 / 21,966609,2019-09-06 19:36:12:352,-0.7315,0.1283,9.6928,0.0081,-0.0069,9.8066,-0.0869,0.0532,-0.0029,-17.44,-36.5,-3.75,264.62,-83.58,-158.82
52.426456,-1.532947,170.1,8.73,3,12.8,21 / 21,966710,2019-09-06 19:36:12:453,-1.6139,-0.3302,9.9451,-0.0094,-0.007,9.8066,-0.0768,0.0482,0.0406,-17.81,-36.37,-4.25,267.34,-83.61,-157.53
52.426456,-1.532947,170.1,8.73,3,12.8,21 / 21,966810,2019-09-06 19:36:12:553,-1.5562,0.2565,9.7903,0.0114,-0.0087,9.8066,0.0636,0.0529,0.0692,-17.56,-35.94,-4.06,267.95,-83.63,-156.94
52.426456,-1.532947,170.1,8.73,3,12.8,21 / 21,966909,2019-09-06 19:36:12:652,-0.6217,0.1309,10.3774,-0.0004,-0.0168,9.8066,0.0949,0.0595,-0.0195,-18.25,-36.06,-4,268.87,-83.57,-155.9
52.426456,-1.532947,170.1,8.73,3,12.8,21 / 21,967009,2019-09-06 19:36:12:752,-0.787,-0.2914,10.3779,-0.0204,-0.0107,9.8065,-0.0465,0.0668,-0.0019,-18.94,-36.12,-4.19,271.56,-83.61,-154.56
52.426456,-1.532947,170.1,8.73,3,12.8,21 / 21,967110,2019-09-06 19:36:12:853,-1.1297,-0.1975,9.6762,0.0167,0.0031,9.8066,-0.0454,0.0243,0.0028,-19.06,-35.81,-4.37,271.12,-83.45,-154.7
52.426456,-1.532947,170.1,8.73,3,12.8,21 / 21,967210,2019-09-06 19:36:12:953,0.0577,-0.1024,9.8417,0.0025,-0.0079,9.8066,0.0514,0.0261,0.0028,-18.56,-35.5,-3.87,272.05,-83.46,-154.13
52.426456,-1.532947,170.1,8.73,3,12.8,21 / 21,967310,2019-09-06 19:36:13:053,-0.7543,-0.4212,10.1633,-0.0045,-0.0017,9.8066,0.0667,0.0167,0.0398,-18.31,-35.94,-3.31,273.18,-83.45,-154.27
52.426456,-1.532947,170.1,8.73,3,12.8,21 / 21,967409,2019-09-06 19:36:13:152,-0.6786,0.4972,9.6569,0.0044,0.0051,9.8066,-0.0068,0.0273,0.0143,-17.37,-35.19,-3.31,272.45,-83.46,-154.1
52.426456,-1.532947,170.1,8.73,3,12.8,21 / 21,967509,2019-09-06 19:36:13:252,-1.7484,-0.6463,9.7696,0.0177,0.005,9.8066,0.0834,-0.0208,0.018,-17.5,-36,-3.37,271.84,-83.39,-154.16
52.426456,-1.532947,170.1,8.73,3,12.8,21 / 21,967610,2019-09-06 19:36:13:353,-1.968,0.2659,9.771,-0.0183,-0.0179,9.8066,0.0227,0.049,-0.0724,-17.19,-35.44,-4.06,269.49,-83.41,-153.89
52.426456,-1.532947,170.1,8.73,3,12.8,21 / 21,967710,2019-09-06 19:36:13:453,-1.0977,-0.4971,9.8106,-0.0171,-0.0014,9.8065,0.0133,0.0006,0.006,-16.56,-36.19,-4.06,269.71,-83.54,-153.54
52.426456,-1.532947,170.1,8.73,3,12.8,21 / 21,967810,2019-09-06 19:36:13:553,-1.6081,-0.511,9.8209,0.0129,-0.0002,9.8066,-0.0876,-0.0147,0.0025,-17,-36.62,-4.87,267.27,-83.51,-152.63
52.426456,-1.532947,170.1,8.73,3,12.8,21 / 21,967909,2019-09-06 19:36:13:652,-0.8975,0.0057,10.2885,0.004,-0.0037,9.8066,0.008,0.0099,-0.0175,-17.56,-35.87,-4.25,273.27,-83.61,-151.58
52.426456,-1.532947,170.1,8.73,3,12.8,21 / 21,968010,2019-09-06 19:36:13:753,-0.8822,0.7703,9.6174,-0.0075,-0.0005,9.8066,-0.0598,-0.0367,-0.0103,-17.25,-36.25,-4.75,269.45,-83.77,-151.35
52.426456,-1.532947,170.1,8.73,3,12.8,21 / 21,968110,2019-09-06 19:36:13:853,-0.9195,-0.5542,10.1748,-0.0273,-0.0062,9.8066,0.087,-0.0237,-0.0147,-17.19,-35.31,-5,270.26,-83.87,-151.1
52.426456,-1.532947,170.1,8.73,3,12.8,21 / 21,968210,2019-09-06 19:36:13:953,-0.485,0.312,10.5151,0.0112,0.0068,9.8066,0.0493,0.0556,-0.0486,-17.31,-36.37,-4.81,269.71,-83.8,-151.15
52.426456,-1.532947,170.1,8.73,3,12.8,21 / 21,968310,2019-09-06 19:36:14:053,-1.0416,-0.3314,9.7111,0.0018,0.0023,9.8066,-0.0195,0.034,0.0009,-17.12,-36,-4.81,268.84,-83.78,-151.99
52.426456,-1.532947,170.1,8.73,3,12.8,21 / 21,968409,2019-09-06 19:36:14:152,-0.8294,-1.2172,9.9538,-0.0205,-0.0003,9.8065,-0.0713,-0.0597,0.0676,-17.19,-36.56,-4.69,268.21,-83.81,-152.32
52.426456,-1.532947,170.1,8.73,3,12.8,21 / 21,968510,2019-09-06 19:36:14:253,-0.7367,-0.1014,9.7979,0.003,-0.0015,9.8066,0.0848,0.0239,-0.0269,-17.44,-36.5,-4.69,268.41,-83.7,-152.25
52.426456,-1.532947,170.1,8.73,3,12.8,21 / 21,968610,2019-09-06 19:36:14:353,-1.8635,-0.6091,10.2835,-0.0039,-0.008,9.8066,0.1933,0.0213,-0.0184,-17.5,-36.12,-4.81,268.42,-83.75,-152.35
52.426456,-1.532947,170.1,8.73,3,12.8,21 / 21,968710,2019-09-06 19:36:14:453,-0.6275,-0.0491,9.7633,0.0355,0.0182,9.8065,-0.2131,0.0296,-0.0113,-17.81,-36.12,-5.25,270.42,-83.78,-151.92
52.426456,-1.532947,170.1,8.73,3,12.8,21 / 21,968810,2019-09-06 19:36:14:553,-1.2224,-0.6806,9.9151,0.0302,0.0229,9.8065,-0.1401,0.0029,0.0604,-17.62,-35.75,-5.19,270.84,-83.84,-151.64
52.426456,-1.532947,170.1,8.73,3,12.8,21 / 21,968910,2019-09-06 19:36:14:653,-1.871,-1.2269,9.7152,0.0261,0.0072,9.8065,0.0803,0.0009,-0.0253,-17.94,-35.87,-5.12,269.96,-83.68,-152.2
52.426456,-1.532947,170.1,8.73,3,12.8,21 / 21,969010,2019-09-06 19:36:14:753,-1.6578,-0.788,10.0537,-0.0198,-0.0134,9.8066,0.086,-0.0299,0.0299,-17.75,-35.12,-5.69,269.36,-83.84,-150.72
52.426456,-1.532947,170.1,8.73,3,12.8,21 / 21,969110,2019-09-06 19:36:14:853,-1.3018,0.1499,10.084,0.0049,-0.0034,9.8066,0.0002,-0.0187,-0.001,-18.25,-35.37,-4.94,271.98,-83.75,-150.64
52.426456,-1.532947,170.1,8.73,3,12.8,21 / 21,969209,2019-09-06 19:36:14:952,-1.5567,-1.0068,10.0461,0.0011,-0.0008,9.8066,0.0396,-0.0225,0.0395,-18.87,-34.94,-5.12,273.59,-83.71,-150.34
52.426456,-1.532947,170.1,8.73,3,12.8,21 / 21,969309,2019-09-06 19:36:15:052,-1.5709,-0.1684,9.7222,0.0028,-0.0002,9.8066,0.0462,0.0052,-0.0388,-18.06,-34.44,-4,275.49,-83.67,-150.2
52.427048,-1.532272,169.39,7.29,3,36.59,21 / 21,969409,2019-09-06 19:36:15:152,-2.0181,-1.0517,10.0203,-0.0277,-0.007,9.8066,0.0025,0.0061,0.0287,-18.06,-34.94,-4.12,274.46,-83.56,-150.66
52.427048,-1.532272,169.39,7.29,3,36.59,21 / 21,969509,2019-09-06 19:36:15:252,-0.5457,-0.4557,9.9723,-0.02,-0.0159,9.8065,-0.0317,0.0476,-0.0504,-17.19,-34.56,-4.31,274.11,-83.72,-149.92
52.427048,-1.532272,169.39,7.29,3,36.59,21 / 21,969610,2019-09-06 19:36:15:353,-1.3008,-0.0184,9.5961,0.0121,0.0063,9.8066,0.0429,-0.0131,-0.0058,-16.87,-35.12,-4.12,274.05,-83.7,-149.93
52.427048,-1.532272,169.39,7.29,3,36.59,21 / 21,969709,2019-09-06 19:36:15:452,-1.1961,-0.3964,10.2892,0.0085,-0.0068,9.8066,-0.0486,0.0157,-0.0097,-16.62,-34.87,-4.5,275.12,-83.73,-148.93
52.427048,-1.532272,169.39,7.29,3,36.59,21 / 21,969809,2019-09-06 19:36:15:552,-1.0829,-0.1047,10.1902,0.0007,0.0093,9.8066,-0.0138,0.0274,0.0122,-16.69,-35,-4.75,272.01,-83.82,-149.25
52.427048,-1.532272,169.39,7.29,3,36.59,21 / 21,969910,2019-09-06 19:36:15:653,-1.9759,0.3548,9.5508,-0.0142,-0.0101,9.8066,-0.0559,-0.0223,0.0031,-16.06,-35.5,-4.56,270.06,-83.84,-149.56
52.427048,-1.532272,169.39,7.29,3,36.59,21 / 21,970009,2019-09-06 19:36:15:752,-1.3974,-0.2368,9.6995,-0.0152,-0.0006,9.8066,0.009,0.0131,-0.0156,-16.69,-35.62,-4.62,272.02,-83.88,-149
52.427048,-1.532272,169.39,7.29,3,36.59,21 / 21,970110,2019-09-06 19:36:15:853,-0.8921,-0.5279,9.7545,-0.0044,-0.0051,9.8066,-0.0133,0.0236,-0.0384,-16.56,-35.12,-4.69,272.51,-83.97,-149.06
52.427048,-1.532272,169.39,7.29,3,36.59,21 / 21,970210,2019-09-06 19:36:15:953,-1.4264,-0.3559,10.1333,-0.0019,0.0032,9.8066,0.0054,0.0258,0.0131,-16.62,-36,-4.94,271.94,-83.99,-149.32
52.427048,-1.532272,169.39,7.29,3,36.59,21 / 21,970309,2019-09-06 19:36:16:052,-1.6969,-0.3033,10.0995,-0.0034,0.001,9.8065,0.0621,-0.0001,-0.0005,-16.94,-36,-4.75,272.02,-84.05,-149.37
52.427048,-1.532272,169.39,7.29,3,36.59,21 / 21,970410,2019-09-06 19:36:16:153,-1.2307,-0.4292,9.7236,-0.0135,-0.0002,9.8066,0.0508,-0.0058,-0.025,-16.62,-35.5,-4.5,275.55,-84.09,-149.27
52.427048,-1.532272,169.39,7.29,3,36.59,21 / 21,970509,2019-09-06 19:36:16:252,-1.1916,0.332,9.6078,-0.0048,-0.0017,9.8066,-0.0462,-0.0323,0.0139,-16.25,-35.94,-4.56,270.27,-84.11,-149.57
52.427048,-1.532272,169.39,7.29,3,36.59,21 / 21,970609,2019-09-06 19:36:16:352,-1.2002,-0.0625,9.9274,0.0167,0.0001,9.8066,-0.0501,0.0308,-0.0695,-16.69,-36.31,-4.56,272.64,-84.15,-148.95
52.427048,-1.532272,169.39,7.29,3,36.59,21 / 21,970709,2019-09-06 19:36:16:452,-1.3861,-1.1477,10.3633,-0.0038,0.0169,9.8066,0.447,0.0516,-0.0165,-17.12,-36.06,-4.44,274.54,-84.16,-150.05
52.427048,-1.532272,169.39,7.29,3,36.59,21 / 21,970810,2019-09-06 19:36:16:553,-3.391,2.0124,12.4494,0.0091,-0.0388,9.8065,0.2652,0.1335,-0.0105,-16.19,-35.81,-3.81,271.47,-83.65,-150.44
52.427048,-1.532272,169.39,7.29,3,36.59,21 / 21,970910,2019-09-06 19:36:16:653,1.8313,-1.7262,11.0735,-0.0055,-0.0386,9.8065,0.28,0.0227,-0.1351,-16.87,-36.94,-3.19,271.48,-82.9,-153.03
52.427048,-1.532272,169.39,7.29,3,36.59,21 / 21,971010,2019-09-06 19:36:16:753,1.1823,0.5461,7.6606,0.0459,0.0505,9.8064,0.2643,-0.0866,0.0028,-16.44,-36.94,-2.87,260.96,-81.77,-159.57
52.427048,-1.532272,169.39,7.29,3,36.59,21 / 21,971110,2019-09-06 19:36:16:853,2.3083,-1.0648,7.689,-0.0048,0.0122,9.8066,-0.0367,0.0032,-0.0461,-16.62,-36.75,-2.06,263.88,-81.36,-160.42
52.427048,-1.532272,169.39,7.29,3,36.59,21 / 21,971209,2019-09-06 19:36:16:952,-1.2766,1.3562,7.5428,-0.0441,-0.0351,9.8065,-0.4191,-0.016,0.1587,-16.06,-37,-2.81,258.35,-81.57,-161.89
52.427048,-1.532272,169.39,7.29,3,36.59,21 / 21,971310,2019-09-06 19:36:17:053,1.9698,-0.8565,8.5083,-0.0997,-0.1041,9.8056,-0.4708,-0.0245,0.0095,-16.37,-36.25,-5.44,264.75,-83.03,-152.78
52.427048,-1.532272,169.39,7.29,3,36.59,20 / 21,971409,2019-09-06 19:36:17:152,-2.7198,2.258,11.5512,-0.0844,-0.0425,9.8061,-0.3316,0.2147,-0.1672,-16.87,-35.75,-6.25,286.59,-84.93,-134.13
52.427048,-1.532272,169.39,7.29,3,36.59,20 / 21,971510,2019-09-06 19:36:17:253,-2.96,1.5261,14.6825,-0.0509,-0.0142,9.8065,-0.3491,-0.1796,0.0501,-16.37,-35.31,-6.62,295.06,-85.95,-123.86
52.427048,-1.532272,169.39,7.29,3,36.59,20 / 21,971609,2019-09-06 19:36:17:352,-1.4054,0.1528,11.0043,0.0913,0.0775,9.8059,-0.2411,0.1351,-0.2452,-15.75,-35.81,-6.87,282.92,-85.64,-134.6
52.427048,-1.532272,169.39,7.29,3,36.59,20 / 21,971709,2019-09-06 19:36:17:452,-1.0679,0.9782,6.9168,0.0686,0.0312,9.8063,0.5283,0.0465,0.0415,-15.69,-36.06,-5.69,270.39,-84.85,-148.11
52.427048,-1.532272,169.39,7.29,3,36.59,20 / 21,971810,2019-09-06 19:36:17:553,3.0721,-0.4822,8.5029,0.0815,0.0417,9.8061,0.4492,-0.1463,0.0469,-16.06,-36.25,-3.87,267.45,-83.49,-154.12
52.427048,-1.532272,169.39,7.29,3,36.59,20 / 21,971910,2019-09-06 19:36:17:653,1.9087,0.3643,9.1597,0.0608,0.0204,9.8064,0.242,0.0491,-0.0843,-16.75,-36.5,-3.25,264.05,-81.87,-158.78
52.427048,-1.532272,169.39,7.29,3,36.59,20 / 21,972009,2019-09-06 19:36:17:752,3.0185,1.4531,11.3781,-0.0603,-0.0345,9.8063,0.1444,-0.0536,0.0209,-16.19,-36.25,-3.12,263.29,-81.86,-157.85
52.427048,-1.532272,169.39,7.29,3,36.59,20 / 21,972110,2019-09-06 19:36:17:853,0.6178,0.1073,12.0543,-0.0141,-0.0044,9.8066,-0.308,0.0469,-0.0445,-16.19,-36.06,-3.44,267.34,-82.6,-155.39
52.427048,-1.532272,169.39,7.29,3,36.59,20 / 21,972209,2019-09-06 19:36:17:952,0.588,1.4051,10.8313,0.0277,0.0328,9.8065,-0.1196,-0.0444,0.0364,-16.44,-36.81,-3.87,264.44,-82.97,-155.57
52.427048,-1.532272,169.39,7.29,3,36.59,20 / 21,972310,2019-09-06 19:36:18:053,-0.0024,0.7684,8.7812,0.0673,0.0429,9.8062,0.0204,0.0091,0.0151,-16.19,-35.69,-3.56,263.33,-82.77,-156.71
52.427048,-1.532272,169.39,7.29,3,36.59,21 / 21,972410,2019-09-06 19:36:18:153,2.0005,1.175,9.114,0.0192,0.0107,9.8066,0.1436,0.085,-0.0537,-17.25,-35.87,-3.25,264.97,-82.31,-158.79
52.427048,-1.532272,169.39,7.29,3,36.59,21 / 21,972509,2019-09-06 19:36:18:252,1.4272,1.5835,9.8731,-0.0059,-0.0158,9.8065,0.1318,0.08,-0.0063,-17.06,-36.56,-3.31,262.93,-81.95,-159.63
52.427048,-1.532272,169.39,7.29,3,36.59,21 / 21,972609,2019-09-06 19:36:18:352,0.3375,0.6832,9.2634,0.005,0.0126,9.8065,0.1985,0.0685,0.028,-17.06,-36.25,-2.75,263.54,-81.95,-159.47
52.427048,-1.532272,169.39,7.29,3,36.59,21 / 21,972710,2019-09-06 19:36:18:453,-1.4602,0.4673,9.9634,0.0001,0.0273,9.8066,-0.2711,0.0712,-0.0848,-16.44,-36.19,-2.06,264.82,-82.25,-160.49
52.427048,-1.532272,169.39,7.29,3,36.59,21 / 21,972810,2019-09-06 19:36:18:553,-1.0912,1.6298,9.9623,0.003,-0.0063,9.8066,0.2424,-0.0177,0.0545,-15.87,-35.94,-2.87,262.47,-82.33,-159.81
52.427048,-1.532272,169.39,7.29,3,36.59,21 / 21,972910,2019-09-06 19:36:18:653,0.6186,-0.3802,10.1968,0.001,-0.0013,9.8066,0.14,-0.0306,0.024,-15.19,-35.31,-2.12,263.66,-82.12,-160.25
52.427048,-1.532272,169.39,7.29,3,36.59,21 / 21,973010,2019-09-06 19:36:18:753,0.592,2.9923,9.864,0.0099,0.0154,9.8065,-0.0916,-0.0037,-0.0155,-15.5,-36.62,-2.62,258.2,-81.93,-160.99
52.427048,-1.532272,169.39,7.29,3,36.59,21 / 21,973110,2019-09-06 19:36:18:853,0.8621,1.4028,9.5864,-0.0015,-0.0067,9.8066,-0.1316,-0.0904,0.0627,-15.12,-36,-3.06,257.58,-81.86,-162.05
52.427048,-1.532272,169.39,7.29,3,36.59,21 / 21,973210,2019-09-06 19:36:18:953,0.131,-0.0739,9.7085,-0.0007,0.0012,9.8066,0.075,0.0712,-0.047,-15.25,-36.12,-3.56,255.41,-81.97,-161.34
52.427048,-1.532272,169.39,7.29,3,36.59,21 / 21,973309,2019-09-06 19:36:19:052,-0.1357,1.0931,9.7482,0.0129,0.0099,9.8066,0.0748,0.037,0.0054,-14.5,-37,-4.12,252.89,-81.99,-161.36
52.427048,-1.532272,169.39,7.29,3,36.59,21 / 21,973410,2019-09-06 19:36:19:153,0.0568,1.3678,9.8914,-0.0148,-0.0087,9.8066,0.0123,-0.0181,0.0466,-15.37,-35.87,-3.94,254.54,-82.02,-162.42
52.427048,-1.532272,169.39,7.29,3,36.59,21 / 21,973509,2019-09-06 19:36:19:252,0.5949,2.2477,10.1198,-0.022,0.0074,9.8066,-0.0294,0.0797,-0.0763,-15.62,-37.5,-3.94,255.31,-82.13,-163.34
52.427048,-1.532272,169.39,7.29,3,36.59,21 / 21,973610,2019-09-06 19:36:19:353,-0.079,0.7364,9.7378,-0.0218,0.0044,9.8065,-0.0156,0.0665,-0.0945,-15.5,-36.62,-4.31,252.48,-82.2,-164.62
52.427048,-1.532272,169.39,7.29,3,36.59,21 / 21,973709,2019-09-06 19:36:19:452,1.0383,1.034,9.6955,-0.0102,0.0034,9.8065,-0.0595,0.1462,-0.0428,-15.31,-36.81,-4.12,251.72,-82.28,-165.65
52.427048,-1.532272,169.39,7.29,3,36.59,21 / 21,973809,2019-09-06 19:36:19:552,-0.7208,1.2098,9.6665,-0.0045,0.0104,9.8066,0.0313,0.0823,0.017,-14.69,-36.5,-4.69,249.7,-82.32,-165.31
52.427048,-1.532272,169.39,7.29,3,36.59,21 / 21,973910,2019-09-06 19:36:19:653,0.2996,1.6224,9.7415,0.0031,0.0133,9.8065,0.061,0.1775,-0.0352,-15.19,-36.12,-4.31,251.58,-82.39,-166.57
52.427048,-1.532272,169.39,7.29,3,36.59,21 / 21,974010,2019-09-06 19:36:19:753,-0.605,0.8693,10.0081,0.0022,-0.0066,9.8066,0.0241,0.0228,0.026,-15.44,-36.19,-5.06,248.8,-82.46,-166.63
52.427048,-1.532272,169.39,7.29,3,36.59,21 / 21,974110,2019-09-06 19:36:19:853,-0.9268,2.6994,10.1034,-0.028,-0.0076,9.8066,0.0001,0.2018,-0.1538,-15.62,-35.62,-4.69,250.78,-82.54,-166.62
52.427048,-1.532272,169.39,7.29,3,36.59,21 / 21,974210,2019-09-06 19:36:19:953,-1.1358,0.7836,10.4128,-0.0053,-0.0093,9.8066,0.0128,0.1147,0.0949,-15.5,-36,-4.5,252.66,-82.5,-165.62
52.427048,-1.532272,169.39,7.29,3,36.59,21 / 21,974310,2019-09-06 19:36:20:053,0.2245,1.6698,9.9848,0.0068,0.0081,9.8066,-0.027,0.1444,-0.1019,-15.44,-35,-3.19,255.73,-82.65,-166.46
52.427048,-1.532272,169.39,7.29,3,36.59,20 / 20,974410,2019-09-06 19:36:20:153,-0.1083,0.6391,9.7086,-0.0048,-0.0108,9.8066,-0.0491,-0.0215,0.0065,-14.56,-35.37,-3.12,256.31,-82.63,-165.8
52.427048,-1.532272,169.39,7.29,3,36.59,20 / 20,974510,2019-09-06 19:36:20:253,-1.2043,0.3812,9.449,-0.0119,0.0032,9.8066,-0.1574,0.0536,-0.0738,-14.31,-35.75,-4.31,250.36,-82.68,-166.46
52.427048,-1.532272,169.39,7.29,3,36.59,20 / 20,974610,2019-09-06 19:36:20:353,-1.2935,1.0502,9.4038,0.0099,0.0068,9.8066,-0.0175,0.0078,0.0474,-13.5,-36,-4.06,248.1,-82.64,-166.5
52.427048,-1.532272,169.39,7.29,3,36.59,20 / 20,974709,2019-09-06 19:36:20:452,0.7625,1.4577,9.4719,0.0176,0.0202,9.8066,-0.1065,0.0594,-0.0252,-13.62,-36.5,-4.87,246.99,-82.62,-166.78
52.427048,-1.532272,169.39,7.29,3,36.59,20 / 20,974809,2019-09-06 19:36:20:552,-0.3493,0.3985,9.973,-0.0299,-0.0147,9.8065,0.0841,0.0514,-0.0416,-12.69,-35.81,-4.69,244.63,-82.66,-167.03
52.427048,-1.532272,169.39,7.29,3,36.59,20 / 20,974909,2019-09-06 19:36:20:652,0.2057,1.2785,10.0936,-0.0275,-0.0195,9.8065,0.1167,0.0431,0.0137,-12.87,-37.06,-4.81,244.37,-82.91,-167.45
52.427048,-1.532272,169.39,7.29,3,36.59,20 / 20,975010,2019-09-06 19:36:20:753,0.1254,1.2101,10.154,0.0069,0.0132,9.8066,-0.0454,0.049,-0.0295,-13,-36.81,-5.12,243.9,-82.76,-167.62
52.427048,-1.532272,169.39,7.29,3,36.59,20 / 20,975110,2019-09-06 19:36:20:853,0.229,0.6704,9.6384,0.0082,0.0037,9.8066,0.0298,0.0266,0.0357,-13.25,-37.19,-4.75,243.6,-82.73,-167.9
52.427048,-1.532272,169.39,7.29,3,36.59,20 / 20,975210,2019-09-06 19:36:20:953,-0.5449,0.6457,9.702,0.0165,0.0085,9.8066,-0.0413,-0.0052,-0.0054,-13.56,-36.56,-4.5,248.57,-82.57,-167.71
52.427048,-1.532272,169.39,7.29,3,36.59,20 / 20,975310,2019-09-06 19:36:21:053,0.2757,0.1311,9.9841,0.0269,0.0126,9.8065,-0.1009,0.079,-0.002,-13.25,-37.31,-4.94,243.49,-82.45,-167.35
52.427048,-1.532272,169.39,7.29,3,36.59,20 / 20,975410,2019-09-06 19:36:21:153,-0.2806,0.7776,9.6785,-0.0111,-0.0089,9.8066,0.0633,0.0316,-0.0105,-13.44,-37.69,-4.62,243.8,-82.48,-166.54
52.427048,-1.532272,169.39,7.29,3,36.59,20 / 20,975510,2019-09-06 19:36:21:253,0.0298,1.0927,9.6603,-0.0067,-0.0048,9.8066,0.0862,0.0006,-0.0271,-13.12,-37.69,-4.12,246.94,-82.56,-166.54
52.427048,-1.532272,169.39,7.29,3,36.59,20 / 20,975610,2019-09-06 19:36:21:353,-0.0554,0.4913,9.9052,0.0173,0.0113,9.8066,0.0251,0.0234,-0.0024,-13.56,-36.62,-5.06,246.27,-82.43,-166.67
52.427048,-1.532272,169.39,7.29,3,36.59,20 / 20,975710,2019-09-06 19:36:21:453,0.4611,0.9509,10.044,0.0116,0.0067,9.8066,-0.0112,-0.0093,0.0214,-13.19,-36.69,-4.06,246.9,-82.41,-166.72
52.427048,-1.532272,169.39,7.29,3,36.59,20 / 20,975810,2019-09-06 19:36:21:553,-0.2662,0.1148,9.5959,-0.0003,-0.0013,9.8066,0.0002,0.0014,-0.0102,-13.56,-37.31,-5.37,246.26,-82.38,-166.55
52.427048,-1.532272,169.39,7.29,3,36.59,20 / 20,975909,2019-09-06 19:36:21:652,0.0384,0.2758,9.8337,0.0069,0.0051,9.8066,0.0561,0.0091,0.0435,-13.69,-37.62,-4.5,248.46,-82.26,-166.54
52.427048,-1.532272,169.39,7.29,3,36.59,20 / 20,976010,2019-09-06 19:36:21:753,-0.2905,0.7599,10.1837,-0.0107,0.003,9.8066,-0.0281,0.0363,-0.0676,-13.56,-37.44,-5,245.8,-82.19,-166.63
52.427048,-1.532272,169.39,7.29,3,36.59,20 / 20,976110,2019-09-06 19:36:21:853,1.5505,0.1233,9.944,-0.0081,-0.0106,9.8066,-0.0293,-0.0655,0.0689,-12.69,-37,-4.5,246.2,-82.26,-167.14
52.427048,-1.532272,169.39,7.29,3,36.59,20 / 20,976210,2019-09-06 19:36:21:953,-0.2698,0.2253,9.9841,0.0073,0.0207,9.8066,0.0168,-0.0191,-0.0227,-13.5,-37.69,-4.5,244.86,-82.15,-167.88
52.427048,-1.532272,169.39,7.29,3,36.59,20 / 20,976309,2019-09-06 19:36:22:052,-0.3146,0.6904,9.7721,0.0152,0.0253,9.8065,0.014,0.043,-0.0351,-13,-37.12,-4.25,244.47,-82.09,-168.74
52.427048,-1.532272,169.39,7.29,3,36.59,20 / 21,976410,2019-09-06 19:36:22:153,-0.0667,-0.2912,9.9248,-0.0058,0.0005,9.8066,-0.0286,-0.0092,-0.0009,-13.75,-37.44,-4.31,246.43,-82.08,-168.96
52.427048,-1.532272,169.39,7.29,3,36.59,20 / 21,976510,2019-09-06 19:36:22:253,0.4958,0.8435,9.7454,0.0158,0.0098,9.8066,-0.041,-0.0462,-0.0159,-13.81,-37.25,-4.12,246.24,-82.03,-169.04
52.427048,-1.532272,169.39,7.29,3,36.59,20 / 21,976610,2019-09-06 19:36:22:353,0.9291,0.1767,10.0404,-0.0036,-0.0105,9.8066,0.0003,-0.0497,-0.0254,-13.5,-38,-3.87,243.79,-82.03,-168.81
52.427048,-1.532272,169.39,7.29,3,36.59,20 / 21,976709,2019-09-06 19:36:22:452,0.0918,0.4976,9.5693,0,0.0071,9.8066,0.0341,-0.0029,-0.0157,-13.87,-37.44,-4.37,246.29,-81.98,-168.87
52.427048,-1.532272,169.39,7.29,3,36.59,20 / 21,976809,2019-09-06 19:36:22:552,1.0845,0.3136,10.334,0.0122,0.0024,9.8066,-0.1311,-0.0273,-0.0005,-13.5,-37.12,-3.5,246.93,-81.9,-169.03
52.427048,-1.532272,169.39,7.29,3,36.59,20 / 21,976910,2019-09-06 19:36:22:653,1.0236,-0.1564,9.8817,0.0147,0.005,9.8066,-0.1467,-0.0704,0.0437,-13.69,-37.37,-4.12,246.19,-81.85,-168.67
52.427048,-1.532272,169.39,7.29,3,36.59,20 / 21,977010,2019-09-06 19:36:22:753,-0.2749,-0.5321,9.6365,-0.0082,-0.0023,9.8066,0.1207,-0.1086,0.0201,-13.87,-36.62,-4,246.15,-81.92,-168.87
52.427048,-1.532272,169.39,7.29,3,36.59,20 / 21,977110,2019-09-06 19:36:22:853,0.9644,-0.5767,10.0462,0.0062,-0.0116,9.8066,0.0811,-0.081,-0.0048,-14.06,-37.19,-3.75,246.72,-81.85,-168.06
52.427048,-1.532272,169.39,7.29,3,36.59,20 / 21,977210,2019-09-06 19:36:22:953,1.0674,-0.6896,10.1514,0.011,-0.0021,9.8066,0.1057,-0.1478,0.0715,-14.06,-36.81,-3.12,250.08,-81.83,-167.62
52.427048,-1.532272,169.39,7.29,3,36.59,20 / 21,977310,2019-09-06 19:36:23:053,0.0645,0.377,9.61,0.0156,0.0084,9.8066,-0.1082,-0.0107,-0.0192,-14.62,-37.25,-3.75,249.52,-81.74,-166.85
52.427048,-1.532272,169.39,7.29,3,36.59,22 / 22,977410,2019-09-06 19:36:23:153,1.167,-1.2738,10.0742,-0.0092,-0.0092,9.8066,0.0698,-0.1254,0.0361,-15.06,-37.5,-3,253.87,-81.83,-165.5
52.427048,-1.532272,169.39,7.29,3,36.59,22 / 22,977509,2019-09-06 19:36:23:252,1.3142,-1.5412,9.7903,0.0022,-0.0109,9.8066,0.0204,-0.1992,0.054,-15.06,-37.5,-4,251.14,-81.73,-165
52.427048,-1.532272,169.39,7.29,3,36.59,22 / 22,977610,2019-09-06 19:36:23:353,1.9208,-1.0044,10.5129,0.0062,0.0021,9.8066,0,-0.217,-0.0222,-15.25,-37.31,-3,254.13,-81.6,-164.66
52.427048,-1.532272,169.39,7.29,3,36.59,22 / 22,977709,2019-09-06 19:36:23:452,1.934,-1.5892,10.1183,-0.0052,-0.0136,9.8066,0.0407,-0.2578,0.0621,-16.06,-37.5,-2.81,256.43,-81.62,-164.11
52.427048,-1.532272,169.39,7.29,3,36.59,22 / 22,977809,2019-09-06 19:36:23:552,1.2014,-0.5338,9.7822,0.0161,0.0044,9.8066,0.052,-0.1857,0.0243,-15.81,-36.62,-1.87,259.41,-81.51,-163.91
52.427048,-1.532272,169.39,7.29,3,36.59,22 / 22,977910,2019-09-06 19:36:23:653,2.8255,-1.4832,9.8984,0.0063,0.0047,9.8066,0.1918,-0.2369,0.0906,-16.81,-36.81,-2.5,260.88,-81.31,-163.49
52.427048,-1.532272,169.39,7.29,3,36.59,22 / 22,978009,2019-09-06 19:36:23:752,2.0228,-0.7456,10.6501,0.0113,-0.0137,9.8066,-0.0119,-0.26,0.1224,-16.56,-37.31,-1.81,261.15,-81.22,-162.98
52.427048,-1.532272,169.39,7.29,3,36.59,22 / 22,978109,2019-09-06 19:36:23:852,0.6444,-1.5717,9.5892,-0.0111,0.0045,9.8066,-0.1182,-0.0922,-0.01,-17.06,-36.81,-1.87,261.42,-81.2,-162.65
52.427048,-1.532272,169.39,7.29,3,36.59,22 / 22,978209,2019-09-06 19:36:23:952,1.2402,-2.9196,10.0056,-0.0184,-0.0056,9.8065,0.0591,-0.1547,0.0022,-17.5,-36.56,-0.94,264.13,-81.39,-163.46
52.427048,-1.532272,169.39,7.29,3,36.59,22 / 22,978314,2019-09-06 19:36:24:057,-0.4691,-2.1781,9.8758,-0.007,0.0032,9.8066,-0.017,-0.2464,0.014,-17.44,-36.31,-1.75,261.25,-81.38,-163.78
52.42755,-1.531783,167.93,9.27,3,37.36,21 / 21,978409,2019-09-06 19:36:24:152,1.0565,-0.8562,9.6928,-0.0257,-0.0147,9.8065,-0.0312,-0.2631,-0.0665,-17.56,-36.37,-1.56,261.73,-81.31,-164.53
52.42755,-1.531783,167.93,9.27,3,37.36,21 / 21,978510,2019-09-06 19:36:24:253,1.625,-2.4763,9.6511,-0.0136,-0.0256,9.8065,-0.0981,-0.1181,-0.0014,-18.19,-36.5,-0.94,264.79,-81.41,-164.6
52.42755,-1.531783,167.93,9.27,3,37.36,21 / 21,978609,2019-09-06 19:36:24:352,0.5052,-1.1961,9.7926,0.0563,0.0208,9.8064,-0.1276,-0.165,0.0411,-18.25,-37.37,-0.5,265.17,-81.11,-166.19
52.42755,-1.531783,167.93,9.27,3,37.36,21 / 21,978709,2019-09-06 19:36:24:452,0.943,0.2187,9.6441,0.0199,0.0138,9.8065,-0.0292,-0.2193,0.0881,-18.12,-36.81,-0.62,262.22,-81.22,-166.39
52.42755,-1.531783,167.93,9.27,3,37.36,21 / 21,978811,2019-09-06 19:36:24:554,0.7216,-2.2635,9.4481,0.0292,-0.0031,9.8066,-0.1409,-0.2724,-0.0182,-18.62,-36.62,-0.37,266.23,-81.18,-166.26
52.42755,-1.531783,167.93,9.27,3,37.36,21 / 21,978910,2019-09-06 19:36:24:653,-0.6251,-0.5351,8.8862,0.0594,0.0322,9.8063,0.1776,-0.273,0.0651,-18.62,-36.75,-0.06,265.85,-81.06,-166.4
52.42755,-1.531783,167.93,9.27,3,37.36,21 / 21,979010,2019-09-06 19:36:24:753,-0.0978,-2.6005,10.0513,-0.0559,-0.0304,9.8064,0.1125,-0.1709,-0.0369,-19.12,-36.44,0.31,265.98,-81.16,-166.97
52.42755,-1.531783,167.93,9.27,3,37.36,21 / 21,979110,2019-09-06 19:36:24:853,1.7061,-2.3708,12.6241,-0.0498,-0.0232,9.8064,0.3105,-0.139,0.0129,-19.31,-35.75,1.13,270.43,-81.45,-166.07
52.42755,-1.531783,167.93,9.27,3,37.36,21 / 21,979210,2019-09-06 19:36:24:953,3.9627,-0.7036,10.9049,-0.029,0.0067,9.8065,0.4729,-0.1769,0.075,-19.25,-36.06,1.31,270.08,-81.35,-166.21
52.42755,-1.531783,167.93,9.27,3,37.36,21 / 21,979310,2019-09-06 19:36:25:053,0.7679,-0.1307,11.0661,-0.0319,-0.0202,9.8065,-0.3353,-0.1723,0.0572,-19.56,-35.94,1.44,270.98,-81.25,-165.82
52.42755,-1.531783,167.93,9.27,3,37.36,21 / 21,979410,2019-09-06 19:36:25:153,-0.7595,-0.6794,11.4086,0.0939,0.0159,9.8061,-0.2385,0.0536,0.0212,-19.87,-36,1,269.81,-80.92,-166.36
52.42755,-1.531783,167.93,9.27,3,37.36,21 / 21,979509,2019-09-06 19:36:25:252,2.8429,-3.301,10.3553,0.0097,0.0201,9.8065,-0.1808,0.0728,-0.1663,-20.19,-35.5,1.06,270.65,-81.21,-166.52
52.42755,-1.531783,167.93,9.27,3,37.36,21 / 21,979610,2019-09-06 19:36:25:353,1.2824,-0.7351,10.4034,0.0289,0.0416,9.8065,-0.0642,-0.2804,0.1174,-20.44,-35.69,1,270.95,-81.2,-165.75
52.42755,-1.531783,167.93,9.27,3,37.36,21 / 21,979710,2019-09-06 19:36:25:453,-2.369,-0.352,8.9421,0.0453,0.0096,9.8065,0.004,-0.1268,0.0369,-20.25,-35.56,1.5,270.62,-80.71,-168.05
52.42755,-1.531783,167.93,9.27,3,37.36,21 / 21,979810,2019-09-06 19:36:25:553,-1.0531,-0.383,9.3897,-0.0057,0.0015,9.8066,-0.1824,-0.1944,-0.0684,-20.56,-35.56,1.81,270.48,-80.7,-168.73
52.42755,-1.531783,167.93,9.27,3,37.36,21 / 21,979910,2019-09-06 19:36:25:653,-0.6038,-1.5416,10.078,0.01,0.0127,9.8065,0.1492,-0.1376,-0.0163,-20.75,-35.5,1.75,270.37,-80.66,-169.22
52.42755,-1.531783,167.93,9.27,3,37.36,21 / 21,980009,2019-09-06 19:36:25:752,-0.2832,-1.9661,9.8217,-0.0007,0.0056,9.8066,0.1625,-0.1475,-0.019,-21.37,-35.56,2.5,271.81,-80.7,-170.17
52.42755,-1.531783,167.93,9.27,3,37.36,21 / 21,980109,2019-09-06 19:36:25:852,0.1905,0.0641,10.0957,0.0005,0.0131,9.8066,-0.0353,-0.1803,0.0086,-21.69,-35.62,2.25,268.45,-80.56,-171.04
52.42755,-1.531783,167.93,9.27,3,37.36,21 / 21,980209,2019-09-06 19:36:25:952,-0.1239,-1.2702,9.6417,-0.0085,0.0078,9.8066,-0.0204,-0.092,0.0056,-22.37,-35.25,3.56,272.59,-80.55,-172.6
52.42755,-1.531783,167.93,9.27,3,37.36,21 / 21,980310,2019-09-06 19:36:26:053,-0.5088,-0.7523,10.2289,-0.0208,0.0044,9.8066,-0.0261,-0.0296,-0.0541,-22.81,-35.25,4.94,275.08,-80.68,-173.05
52.42755,-1.531783,167.93,9.27,3,37.36,21 / 21,980410,2019-09-06 19:36:26:153,-0.8465,-0.147,9.6416,-0.0149,-0.0035,9.8066,0.0013,-0.0805,0.0387,-21.06,-34.75,5.81,277.76,-80.87,-173.3
52.42755,-1.531783,167.93,9.27,3,37.36,21 / 21,980510,2019-09-06 19:36:26:253,-0.7244,-0.3449,10.1081,-0.0179,-0.015,9.8065,-0.0638,-0.0773,0.0245,-19.62,-34.62,4.38,273.02,-80.91,-172.34
52.42755,-1.531783,167.93,9.27,3,37.36,21 / 21,980609,2019-09-06 19:36:26:352,-0.2828,-0.3984,10.0666,0.0378,-0.0036,9.8065,-0.0513,-0.0663,0.0702,-19.31,-34.87,3.94,273.55,-80.91,-171.57
52.42755,-1.531783,167.93,9.27,3,37.36,21 / 21,980709,2019-09-06 19:36:26:452,-1.3796,0.338,9.717,0.0379,-0.009,9.8065,0.1313,-0.0913,0.0959,-20.56,-35.12,3.88,274.19,-80.58,-170.82
52.42755,-1.531783,167.93,9.27,3,37.36,21 / 21,980810,2019-09-06 19:36:26:553,-0.0727,-0.1337,9.5155,-0.0159,-0.0193,9.8066,0.0637,-0.057,-0.0082,-20.81,-35.44,3.94,275.88,-80.57,-169.13
52.42755,-1.531783,167.93,9.27,3,37.36,21 / 21,980910,2019-09-06 19:36:26:653,-0.5722,-0.5131,10.2074,-0.0251,-0.007,9.8065,0.0124,-0.0288,0.0498,-21,-35.81,3.88,275.8,-80.52,-168.67
52.42755,-1.531783,167.93,9.27,3,37.36,21 / 21,981009,2019-09-06 19:36:26:752,-0.5059,-0.6109,10.0541,0.0289,-0.0142,9.8066,0.0112,-0.0162,0.0197,-21.75,-35.56,4.06,276.9,-80.38,-167.6
52.42755,-1.531783,167.93,9.27,3,37.36,21 / 21,981109,2019-09-06 19:36:26:852,-1.3485,-0.7748,10.2352,0.0135,0.0035,9.8066,-0.1433,0.0218,0.022,-20.81,-35.12,3.94,277.4,-80.45,-167.43
52.42755,-1.531783,167.93,9.27,3,37.36,21 / 21,981210,2019-09-06 19:36:26:953,-3.1265,-1.0956,10.0397,0.0503,-0.0014,9.8065,-0.2874,-0.0328,0.0394,-21.25,-35.56,3.88,277.53,-80.56,-167.04
52.42755,-1.531783,167.93,9.27,3,37.36,21 / 21,981310,2019-09-06 19:36:27:053,-1.7504,0.2533,9.5336,0.0385,0.0062,9.8065,0.187,-0.029,0.0121,-20.69,-35.37,4.19,277.26,-80.24,-167.2
52.42755,-1.531783,167.93,9.27,3,37.36,21 / 21,981410,2019-09-06 19:36:27:153,-1.1525,0.2111,10.0955,-0.0285,0,9.8065,0.1647,-0.1357,-0.0076,-20.81,-35.62,4.38,277.57,-80.41,-166.72
52.42755,-1.531783,167.93,9.27,3,37.36,21 / 21,981509,2019-09-06 19:36:27:252,0.3396,0.88,9.0674,-0.0287,0.0016,9.8066,-0.1962,-0.0365,-0.0154,-21.19,-35.87,4.5,280.17,-80.36,-166.9
52.42755,-1.531783,167.93,9.27,3,37.36,21 / 21,981610,2019-09-06 19:36:27:353,-2.4332,-0.5191,9.6544,0.0493,-0.0004,9.8065,-0.2489,-0.0367,0.0279,-21.06,-36.12,4.75,279.24,-80.11,-167.35
52.42755,-1.531783,167.93,9.27,3,37.36,21 / 21,981710,2019-09-06 19:36:27:453,-1.9287,0.0534,9.2484,0.0415,0.0075,9.8065,0.1758,-0.0048,0.0141,-20.5,-35.5,4.5,279.43,-80.09,-167.46
52.42755,-1.531783,167.93,9.27,3,37.36,21 / 21,981810,2019-09-06 19:36:27:553,-0.9349,-0.5172,10.2745,-0.0463,-0.005,9.8065,0.0971,-0.0157,-0.0073,-21.06,-36.12,4.44,276.29,-80.03,-167.28
52.42755,-1.531783,167.93,9.27,3,37.36,21 / 21,981910,2019-09-06 19:36:27:653,-1.7553,-0.4982,9.7945,0.0066,0.0005,9.8066,0.0466,0.0073,-0.0364,-21.31,-35.25,4.25,277.06,-80.21,-167.34
52.42755,-1.531783,167.93,9.27,3,37.36,21 / 21,982010,2019-09-06 19:36:27:753,-1.1947,-0.2246,10.036,-0.0064,0.0067,9.8066,0.0922,-0.0114,0.0278,-21.94,-36.06,4.75,279.07,-80.18,-167.78
52.42755,-1.531783,167.93,9.27,3,37.36,21 / 21,982110,2019-09-06 19:36:27:853,-1.7889,0.2782,9.9208,-0.0163,0.0019,9.8065,-0.0247,-0.0038,-0.0345,-21.06,-35.87,4.81,278.76,-80.23,-168.02
52.42755,-1.531783,167.93,9.27,3,37.36,21 / 21,982210,2019-09-06 19:36:27:953,-0.6496,-0.5194,10.429,-0.0043,0.0091,9.8066,0.0261,-0.0302,-0.0038,-20.94,-36.25,4.88,278.66,-80.18,-168.03
52.42755,-1.531783,167.93,9.27,3,37.36,21 / 21,982310,2019-09-06 19:36:28:053,-1.186,-0.2445,9.7948,-0.0184,0.0004,9.8066,0.0914,0.0114,0.0127,-21.06,-35.75,4.56,278.6,-80.29,-168.29
52.42755,-1.531783,167.93,9.27,3,37.36,21 / 21,982409,2019-09-06 19:36:28:152,-0.4146,0.0996,9.5414,0.0246,0,9.8065,-0.0607,-0.0097,-0.013,-21,-36.12,4.5,278.5,-80.29,-168.37
52.42755,-1.531783,167.93,9.27,3,37.36,21 / 21,982510,2019-09-06 19:36:28:253,-2.1903,0.2419,9.6482,-0.0218,-0.0055,9.8066,0.0103,-0.0182,0.0597,-20.69,-35.37,4.63,278.67,-80.15,-168.44
52.42755,-1.531783,167.93,9.27,3,37.36,21 / 21,982609,2019-09-06 19:36:28:352,-1.4948,0.0985,9.8226,-0.0037,-0.0114,9.8065,-0.0049,0.0088,-0.008,-21.75,-35.87,5.19,279.54,-80.24,-167.43
52.42755,-1.531783,167.93,9.27,3,37.36,21 / 21,982710,2019-09-06 19:36:28:453,-1.5874,-0.8388,9.56,-0.0134,-0.0044,9.8066,-0.0275,-0.024,0.0098,-21.19,-35.62,3.81,276.9,-80.26,-167.1
52.42755,-1.531783,167.93,9.27,3,37.36,21 / 21,982810,2019-09-06 19:36:28:553,-1.7631,-0.2771,10.1636,0.0017,-0.0005,9.8066,0.0216,-0.0334,0.0072,-21.31,-35.56,5.13,279.89,-80.21,-166.9
52.42755,-1.531783,167.93,9.27,3,37.36,21 / 21,982910,2019-09-06 19:36:28:653,-1.1688,0.5601,9.4485,-0.0129,-0.0043,9.8065,-0.0025,-0.0355,0.0146,-20.75,-35.56,4.81,280.07,-80.2,-166.72
52.42755,-1.531783,167.93,9.27,3,37.36,21 / 21,983010,2019-09-06 19:36:28:753,-1.5761,0.0891,9.8243,0.0188,-0.0063,9.8065,-0.0559,-0.0077,-0.0081,-21.56,-35.62,4.75,280.68,-80.14,-166.15
52.42755,-1.531783,167.93,9.27,3,37.36,21 / 21,983110,2019-09-06 19:36:28:853,-1.7128,0.0625,9.7547,0.0093,0.0011,9.8065,0.064,-0.0036,0.0215,-21.19,-35.37,4.63,281.11,-80.01,-165.86
52.42755,-1.531783,167.93,9.27,3,37.36,21 / 21,983210,2019-09-06 19:36:28:953,-1.2935,0.2368,9.8839,-0.0117,-0.0067,9.8066,0.0625,-0.0338,0.0054,-21.19,-35.56,5,281.11,-80.1,-165.54
52.42755,-1.531783,167.93,9.27,3,37.36,21 / 21,983311,2019-09-06 19:36:29:054,-1.2286,0.456,9.36,-0.0032,0.0054,9.8066,-0.0467,-0.0025,-0.0431,-21.31,-35.81,4.88,280.8,-80.04,-165.72
52.42755,-1.531783,167.93,9.27,3,37.36,21 / 21,983409,2019-09-06 19:36:29:152,-2.1221,-0.3273,9.2858,-0.0005,0.0081,9.8066,-0.0794,0.0208,0.0133,-21.25,-35.87,4.81,280,-80.07,-166.54
52.42755,-1.531783,167.93,9.27,3,37.36,21 / 21,983510,2019-09-06 19:36:29:253,-1.757,-0.0276,9.594,-0.0016,0.0054,9.8066,0.0427,0.0265,-0.0524,-21.62,-36.25,4.63,279.68,-80.05,-166.97
52.42755,-1.531783,167.93,9.27,3,37.36,21 / 21,983610,2019-09-06 19:36:29:353,-0.9452,0.1791,9.8222,-0.0022,0.0018,9.8066,0.0746,0.0022,0.0106,-21.62,-36.5,4.69,279.28,-80.16,-167.54
52.42755,-1.531783,167.93,9.27,3,37.36,21 / 21,983710,2019-09-06 19:36:29:453,-1.544,0.1084,9.903,-0.0156,-0.0019,9.8066,-0.1192,0.0315,0.0275,-21.31,-36.44,4.94,279.51,-80.26,-167.36
52.42755,-1.531783,167.93,9.27,3,37.36,21 / 21,983809,2019-09-06 19:36:29:552,-1.3255,1.094,9.7238,0.0084,-0.0009,9.8066,-0.1016,0.0332,-0.0067,-20.81,-35.87,4.5,279.3,-80.4,-167.82
52.42755,-1.531783,167.93,9.27,3,37.36,21 / 21,983910,2019-09-06 19:36:29:653,-1.7213,0.5988,9.5823,0.0169,0.0008,9.8065,0.1013,-0.0219,-0.0334,-20.69,-35.87,4.69,279.6,-80.39,-167.49
52.42755,-1.531783,167.93,9.27,3,37.36,21 / 21,984009,2019-09-06 19:36:29:752,-1.6436,-0.1081,9.8975,-0.0289,-0.0046,9.8066,0.1036,-0.0275,0.0288,-21.25,-36.56,4.44,276.65,-80.52,-167.37
52.42755,-1.531783,167.93,9.27,3,37.36,21 / 21,984110,2019-09-06 19:36:29:853,-0.6081,-0.2523,9.889,-0.0352,-0.0124,9.8065,-0.1129,-0.0017,0.0099,-21.06,-36.25,4.69,280.55,-80.52,-166.81
52.42755,-1.531783,167.93,9.27,3,37.36,21 / 21,984210,2019-09-06 19:36:29:953,-2.0308,0.0505,9.6866,0.0271,-0.0009,9.8065,-0.1249,0.0162,0.0254,-21,-35.62,4.25,278.22,-80.44,-166.16
52.42755,-1.531783,167.93,9.27,3,37.36,21 / 21,984310,2019-09-06 19:36:30:053,-2.0501,-0.7153,10.2677,0.0124,0.002,9.8066,0.0145,0.0521,-0.0235,-20.81,-36.31,5.56,283.7,-80.35,-166.27
52.42755,-1.531783,167.93,9.27,3,37.36,22 / 22,984410,2019-09-06 19:36:30:153,-1.6739,0.2675,9.3845,0.0058,0.0007,9.8066,-0.0196,-0.0616,0.0285,-20.25,-36.06,4.25,277.74,-80.33,-166.12
52.42755,-1.531783,167.93,9.27,3,37.36,22 / 22,984509,2019-09-06 19:36:30:252,-2.4258,-0.0121,9.919,0.0059,-0.0065,9.8066,0.0738,-0.0644,0.0338,-21.31,-36.06,4.63,281.25,-80.27,-165.7
52.42755,-1.531783,167.93,9.27,3,37.36,22 / 22,984610,2019-09-06 19:36:30:353,-1.257,0.3594,9.5931,-0.0176,0.0006,9.8066,0.1051,-0.0011,-0.0391,-21.12,-36.06,4.63,281.9,-80.41,-165.34
52.42755,-1.531783,167.93,9.27,3,37.36,22 / 22,984709,2019-09-06 19:36:30:452,-0.7385,-0.4994,9.935,-0.0044,-0.0025,9.8066,-0.1924,0.02,-0.0129,-20.94,-36.12,4.63,281.91,-80.4,-165.31
52.42755,-1.531783,167.93,9.27,3,37.36,22 / 22,984810,2019-09-06 19:36:30:553,-2.9372,-1.0641,9.7522,0.0244,-0.0059,9.8065,-0.0829,-0.0539,0.0171,-21.56,-35.75,4.75,282.86,-80.51,-164.72
52.42755,-1.531783,167.93,9.27,3,37.36,22 / 22,984910,2019-09-06 19:36:30:653,-1.284,0.6276,9.6156,0.0134,0.006,9.8065,0.1193,-0.0318,0.0553,-21.31,-36.19,4.5,282.36,-80.44,-164.95
52.42755,-1.531783,167.93,9.27,3,37.36,22 / 22,985010,2019-09-06 19:36:30:753,-1.706,-0.2445,10.4103,-0.004,-0.0061,9.8066,0.0526,-0.009,0.0003,-20.87,-36.12,3.94,279.75,-80.45,-164.7
52.42755,-1.531783,167.93,9.27,3,37.36,22 / 22,985110,2019-09-06 19:36:30:853,-1.0023,0.0822,9.5375,-0.0106,0.0095,9.8065,-0.0286,-0.0398,-0.0242,-20.87,-35.62,4.75,282.34,-80.47,-165.02
52.42755,-1.531783,167.93,9.27,3,37.36,22 / 22,985210,2019-09-06 19:36:30:953,-2.3364,-0.2984,9.9769,0.0135,0.0016,9.8066,-0.0972,-0.0307,0.0174,-21.19,-36.19,4.25,278.73,-80.48,-165.73
52.42755,-1.531783,167.93,9.27,3,37.36,22 / 22,985309,2019-09-06 19:36:31:052,-7.4011,0.6429,10.7173,0.0186,0.0053,9.8066,0.5319,-0.149,0.0533,-20.94,-35.69,4.94,281.22,-80.45,-166.05
52.42755,-1.531783,167.93,9.27,3,37.36,21 / 21,985409,2019-09-06 19:36:31:152,0.8351,-1.4097,11.6854,-0.092,0.007,9.8061,0.8118,-0.168,0.0598,-20.25,-35.81,5.19,278.99,-79.59,-166.42
52.42755,-1.531783,167.93,9.27,3,37.36,21 / 21,985510,2019-09-06 19:36:31:253,2.1602,-1.939,9.0246,0.1787,0.0463,9.8049,0.059,-0.0191,-0.1441,-20.37,-35.56,7.13,282.47,-78.96,-167.72
52.42755,-1.531783,167.93,9.27,3,37.36,21 / 21,985609,2019-09-06 19:36:31:352,0.8838,-0.1476,6.7165,0.0525,0.042,9.8064,0.16,0.1179,-0.1285,-19.69,-36.62,7,273.98,-77.83,-173.16
52.42755,-1.531783,167.93,9.27,3,37.36,21 / 21,985709,2019-09-06 19:36:31:452,1.0712,-1.4126,6.4682,-0.0012,-0.0104,9.8066,-0.3019,-0.0802,-0.058,-19.56,-36.25,7.5,277.01,-77.98,-173.96
52.42755,-1.531783,167.93,9.27,3,37.36,21 / 21,985809,2019-09-06 19:36:31:552,-1.0911,0.8064,11.3296,-0.0486,0.0022,9.8065,-0.2384,-0.1304,0.0977,-20,-35.75,6.38,272.85,-78.78,-173.82
52.42755,-1.531783,167.93,9.27,3,37.36,21 / 21,985909,2019-09-06 19:36:31:652,-1.8751,-0.814,10.7672,-0.2025,-0.067,9.8043,-0.3068,-0.0599,0.1022,-20.87,-36.06,5.06,277.48,-80.34,-169.46
52.42755,-1.531783,167.93,9.27,3,37.36,21 / 21,986009,2019-09-06 19:36:31:752,-2.0857,-3.9365,11.7392,-0.184,-0.0341,9.8048,0.003,-0.1577,0.1417,-20.5,-36.19,3.06,282.06,-81.86,-161.94
52.42755,-1.531783,167.93,9.27,3,37.36,21 / 21,986110,2019-09-06 19:36:31:853,-2.1976,-4.5067,11.9388,-0.1146,0.027,9.8058,0.1107,0.2928,-0.2694,-19.87,-35.75,2.06,286.3,-83.63,-158.27
52.42755,-1.531783,167.93,9.27,3,37.36,21 / 21,986210,2019-09-06 19:36:31:953,-2.067,2.8783,10.5433,0.0399,0.0323,9.8065,0.2506,0.054,-0.0053,-20.5,-36,3.19,281.48,-83.55,-165.62
52.42755,-1.531783,167.93,9.27,3,37.36,21 / 21,986309,2019-09-06 19:36:32:052,-0.8008,4.3641,8.1153,0.0642,0.0735,9.8061,0.1298,-0.0364,0.008,-19.62,-36,3.19,273.45,-82.6,-171.7
52.42755,-1.531783,167.93,9.27,3,37.36,21 / 21,986409,2019-09-06 19:36:32:152,-0.3768,2.5166,8.6938,0.0861,-0.0252,9.8062,0.0709,0.0819,-0.0186,-19.62,-36.25,4.5,275.77,-81.17,-172.54
52.42755,-1.531783,167.93,9.27,3,37.36,21 / 21,986509,2019-09-06 19:36:32:252,-0.6528,0.6756,8.052,0.0615,-0.0289,9.8064,0.2796,0.0065,0.0877,-19.62,-35.87,4.44,273.78,-80.6,-170.51
52.42755,-1.531783,167.93,9.27,3,37.36,21 / 21,986609,2019-09-06 19:36:32:352,-0.4704,1.096,9.1809,-0.0206,0.0081,9.8065,0.0377,-0.0427,0.215,-20.19,-35.56,5.94,279.27,-79.74,-169.35
52.42755,-1.531783,167.93,9.27,3,37.36,21 / 21,986709,2019-09-06 19:36:32:452,-0.3414,1.012,11.1587,0.0043,0.0026,9.8066,0.19,0.0098,-0.076,-20.44,-35.94,6.13,278.83,-79.52,-169.37
52.42755,-1.531783,167.93,9.27,3,37.36,21 / 21,986809,2019-09-06 19:36:32:552,0.2083,1.0209,10.3726,-0.1028,0.0248,9.806,0.0956,0.0017,-0.171,-19.75,-36,5.38,276.26,-80.31,-170.45
52.42755,-1.531783,167.93,9.27,3,37.36,21 / 21,986910,2019-09-06 19:36:32:653,-0.2618,1.4074,9.6766,-0.0763,0.0201,9.8063,0.0156,0.0335,-0.0203,-19.75,-35.81,4.75,275.18,-80.68,-172.21
52.42755,-1.531783,167.93,9.27,3,37.36,21 / 21,987010,2019-09-06 19:36:32:753,0.1442,1.0041,8.9837,0.0165,0.0111,9.8066,0.0482,0.037,0.0054,-19.81,-36.19,5.25,273.51,-80.62,-173.74
52.42755,-1.531783,167.93,9.27,3,37.36,21 / 21,987110,2019-09-06 19:36:32:853,0.2747,0.4764,9.2951,0.0226,-0.0124,9.8065,0.0262,0.0788,0.0209,-19.25,-36,4.94,273.32,-80.44,-173.43
52.42755,-1.531783,167.93,9.27,3,37.36,21 / 21,987213,2019-09-06 19:36:32:956,0.2366,0.6807,9.9275,0.009,-0.0115,9.8066,0.0278,0.024,0.0514,-20.12,-36.25,5.06,273.86,-80.26,-172.72
52.42755,-1.531783,167.93,9.27,3,37.36,21 / 21,987310,2019-09-06 19:36:33:053,0.2366,0.4306,10.3129,-0.0189,-0.01,9.8066,-0.0277,0.071,-0.0397,-19.87,-35.44,5.06,275.57,-80.25,-171.51
52.427925,-1.530924,167.31,5.15,3,58.2,21 / 21,987410,2019-09-06 19:36:33:153,-0.2571,0.6354,10.2079,-0.0228,0.0177,9.8065,-0.084,0.0983,-0.0653,-20.37,-35.69,5.63,277.85,-80.47,-172.08
52.427925,-1.530924,167.31,5.15,3,58.2,21 / 21,987510,2019-09-06 19:36:33:253,-0.2994,1.502,9.6205,-0.0241,0.0131,9.8065,-0.0809,0.1021,-0.0293,-19.87,-35.12,4.94,274.77,-80.65,-173.02
52.427925,-1.530924,167.31,5.15,3,58.2,21 / 21,987609,2019-09-06 19:36:33:352,-0.632,1.2704,9.5183,-0.0223,0.0056,9.8065,0.026,0.1247,-0.0408,-19.56,-35.06,4.25,271.34,-80.9,-173.99
52.427925,-1.530924,167.31,5.15,3,58.2,21 / 21,987710,2019-09-06 19:36:33:453,-1.0779,1.1211,9.6981,-0.0092,-0.001,9.8066,-0.0039,0.1445,-0.0246,-18.31,-35.19,5.19,274.11,-80.94,-174.02
52.427925,-1.530924,167.31,5.15,3,58.2,21 / 21,987809,2019-09-06 19:36:33:552,-1.069,1.4167,9.5424,-0.0214,-0.0085,9.8066,0.0448,0.1609,0.0154,-18.37,-35,5,274.24,-80.97,-173.96
52.427925,-1.530924,167.31,5.15,3,58.2,21 / 21,987909,2019-09-06 19:36:33:652,-0.4931,0.4327,9.7447,-0.0151,-0.012,9.8065,0.0353,0.1075,0.0182,-18,-35.19,4.38,272.56,-81.08,-172.63
52.427925,-1.530924,167.31,5.15,3,58.2,21 / 21,988009,2019-09-06 19:36:33:752,-0.4893,0.4887,9.6487,0.0054,0.0031,9.8066,-0.0297,0.164,-0.0515,-17,-34.62,3.56,272.38,-81.15,-172.66
52.427925,-1.530924,167.31,5.15,3,58.2,21 / 21,988109,2019-09-06 19:36:33:852,-0.608,1.1129,9.6056,0.0057,-0.0004,9.8066,-0.0024,0.1186,-0.0047,-16.81,-34.69,3.38,269.17,-81.21,-172.58
52.427925,-1.530924,167.31,5.15,3,58.2,21 / 21,988214,2019-09-06 19:36:33:957,-1.08,1.0239,9.8257,-0.0146,0.0048,9.8066,0.0151,0.1386,-0.0388,-16.44,-35.37,2.06,264.87,-81.42,-173.28
52.427925,-1.530924,167.31,5.15,3,58.2,21 / 21,988310,2019-09-06 19:36:34:053,-0.7311,0.7701,9.7804,0.0112,-0.0012,9.8066,0.0287,0.1408,0.0038,-16.81,-35.5,1.44,262.7,-81.54,-173.1
52.427925,-1.530924,167.31,5.15,3,58.2,21 / 21,988409,2019-09-06 19:36:34:152,-1.0304,0.2426,9.7584,0.0183,0.0032,9.8066,-0.0093,0.1452,-0.0369,-16.94,-35.31,0.81,263.17,-81.58,-172.7
52.427925,-1.530924,167.31,5.15,3,58.2,21 / 21,988510,2019-09-06 19:36:34:253,-1.6004,0.3084,9.7119,0.0173,0.0038,9.8066,-0.0189,0.1307,-0.0245,-17.5,-36.44,0.31,259.36,-81.53,-172.72
52.427925,-1.530924,167.31,5.15,3,58.2,21 / 21,988610,2019-09-06 19:36:34:353,-0.5822,0.5856,9.9327,-0.0211,-0.001,9.8066,0.0124,0.1371,-0.03,-17.87,-36.12,0.19,260.52,-81.73,-172.92
52.427925,-1.530924,167.31,5.15,3,58.2,21 / 21,988710,2019-09-06 19:36:34:453,-0.63,0.8034,9.6886,0.0031,0.0018,9.8066,0.0238,0.1384,0.003,-17.94,-36.56,0.25,259.62,-81.74,-173.43
52.427925,-1.530924,167.31,5.15,3,58.2,21 / 21,988809,2019-09-06 19:36:34:552,-0.5928,0.6958,9.7705,-0.0047,-0.0033,9.8066,-0.0302,0.135,-0.0118,-18,-36.19,0,260.39,-81.83,-173.28
52.427925,-1.530924,167.31,5.15,3,58.2,21 / 21,988909,2019-09-06 19:36:34:652,-1.4759,0.5989,9.8463,-0.0099,-0.0053,9.8066,-0.0166,0.1449,0.0013,-18.19,-36,0.94,264.05,-81.97,-172.92
52.427925,-1.530924,167.31,5.15,3,58.2,21 / 21,989009,2019-09-06 19:36:34:752,-0.5459,0.23,10.0281,-0.0083,-0.0024,9.8065,-0.0106,0.1312,-0.0174,-18.12,-36.37,0.5,264.58,-82.06,-172.55
52.427925,-1.530924,167.31,5.15,3,58.2,21 / 21,989110,2019-09-06 19:36:34:853,-0.3035,0.6599,9.8197,-0.0081,0.0025,9.8066,-0.0211,0.1065,0.0006,-18.12,-36.94,0.19,261.22,-82.19,-172.68
52.427925,-1.530924,167.31,5.15,3,58.2,21 / 21,989210,2019-09-06 19:36:34:953,-0.8297,0.3119,9.6109,-0.0032,0.0003,9.8066,-0.0183,0.1087,0.0007,-17.62,-37.12,0.56,264.6,-82.28,-172.55
52.427925,-1.530924,167.31,5.15,3,58.2,21 / 21,989309,2019-09-06 19:36:35:052,-0.8239,0.6793,9.8746,-0.0064,0.0048,9.8066,0.0238,0.1312,-0.0421,-17.62,-36.25,0.13,262.09,-82.41,-172.68
52.427925,-1.530924,167.31,5.15,3,58.2,20 / 20,989410,2019-09-06 19:36:35:153,-0.6887,0.7274,9.84,-0.0065,0.006,9.8066,-0.0196,0.1121,-0.0205,-17.75,-37.06,1.06,264.24,-82.48,-173.36
52.427925,-1.530924,167.31,5.15,3,58.2,20 / 20,989509,2019-09-06 19:36:35:252,-0.8187,0.7003,9.6768,-0.0045,0.0057,9.8066,-0.015,0.119,-0.0176,-17.31,-37.44,0,259.71,-82.57,-174.16
52.427925,-1.530924,167.31,5.15,3,58.2,20 / 20,989610,2019-09-06 19:36:35:353,-0.8566,0.456,9.8163,0.0011,0.0042,9.8066,-0.0093,0.1216,-0.0123,-17.06,-37.44,-0.44,259.37,-82.61,-174.61
52.427925,-1.530924,167.31,5.15,3,58.2,20 / 20,989709,2019-09-06 19:36:35:452,-1.1572,0.296,9.8483,0.0011,0.0062,9.8066,-0.0364,0.1214,-0.0143,-16.69,-36.69,-0.75,256.08,-82.7,-175
52.427925,-1.530924,167.31,5.15,3,58.2,20 / 20,989810,2019-09-06 19:36:35:553,-0.9093,0.2368,9.5642,-0.0173,-0.0038,9.8066,0.0097,0.1119,-0.0162,-17.25,-37.25,0,259.4,-82.88,-175.19
52.427925,-1.530924,167.31,5.15,3,58.2,20 / 20,989910,2019-09-06 19:36:35:653,-0.9292,0.2825,9.8934,-0.0116,0.0056,9.8066,0.0156,0.1114,0.0035,-16.75,-37.12,-1,255.81,-82.95,-175.84
52.427925,-1.530924,167.31,5.15,3,58.2,20 / 20,990010,2019-09-06 19:36:35:753,-1.0149,0.3915,9.9885,-0.0074,-0.0063,9.8066,-0.0067,0.1166,0.0068,-16.87,-36.75,-0.81,256,-83.06,-175.87
52.427925,-1.530924,167.31,5.15,3,58.2,20 / 20,990109,2019-09-06 19:36:35:852,-0.7036,0.0458,9.7296,-0.0198,0.0005,9.8065,-0.0494,0.1205,-0.0576,-16.25,-36.5,-1.62,252.44,-83.17,-175.79
52.427925,-1.530924,167.31,5.15,3,58.2,20 / 20,990210,2019-09-06 19:36:35:953,-1.132,0.2532,9.4145,-0.0014,0.006,9.8065,-0.0612,0.1401,-0.0276,-16.56,-36.31,-1.25,255.16,-83.23,-177.55
52.427925,-1.530924,167.31,5.15,3,58.2,20 / 20,990310,2019-09-06 19:36:36:053,-1.2366,-0.0971,9.6211,0.0016,0.005,9.8066,-0.0258,0.1702,-0.0386,-16,-36.25,-1.5,254.11,-83.23,-177.58
52.427925,-1.530924,167.31,5.15,3,58.2,21 / 21,990410,2019-09-06 19:36:36:153,-1.1613,0.3092,10.1377,-0.0215,-0.0015,9.8066,0.0423,0.1462,-0.0341,-15.87,-37.81,-1.56,249.69,-83.38,-178.47
52.427925,-1.530924,167.31,5.15,3,58.2,21 / 21,990509,2019-09-06 19:36:36:252,-1.144,-0.1336,9.9151,-0.0114,-0.0067,9.8066,0.0322,0.1127,-0.0208,-16.37,-37.69,-1.94,249.51,-83.35,-178.6
52.427925,-1.530924,167.31,5.15,3,58.2,21 / 21,990610,2019-09-06 19:36:36:353,-0.7027,0.1206,9.7293,0.0157,0.0075,9.8066,-0.0268,0.1105,0.0152,-15.87,-37.62,-2.87,246.25,-83.33,-178.81
52.427925,-1.530924,167.31,5.15,3,58.2,21 / 21,990709,2019-09-06 19:36:36:452,-1.4734,-0.3902,9.779,0.0069,-0.0043,9.8066,-0.0215,0.1134,-0.0143,-15.81,-37.31,-2.25,250.01,-83.25,-178.21
52.427925,-1.530924,167.31,5.15,3,58.2,21 / 21,990809,2019-09-06 19:36:36:552,-0.8758,-0.2048,10.1379,0.0056,-0.004,9.8066,-0.0098,0.1066,0.0128,-15.31,-37.44,-2.75,246.06,-83.29,-177.71
52.427925,-1.530924,167.31,5.15,3,58.2,21 / 21,990910,2019-09-06 19:36:36:653,-1.3069,-0.7588,10.0058,-0.0109,-0.004,9.8066,0.0483,0.1269,-0.0434,-15.75,-37.5,-2.44,250.76,-83.36,-177.64
52.427925,-1.530924,167.31,5.15,3,58.2,21 / 21,991010,2019-09-06 19:36:36:753,-0.9393,0.1339,9.6332,-0.0028,-0.0007,9.8066,-0.0383,0.0815,0.028,-15.44,-38.19,-2.75,245.32,-83.42,-178.43
52.427925,-1.530924,167.31,5.15,3,58.2,21 / 21,991109,2019-09-06 19:36:36:852,-1.2192,-0.3659,9.7859,-0.0032,-0.0005,9.8066,-0.0188,0.0749,-0.0308,-14.94,-38.19,-2.75,245.66,-83.48,-178.18
52.427925,-1.530924,167.31,5.15,3,58.2,21 / 21,991209,2019-09-06 19:36:36:952,-1.1177,-0.313,10.0384,-0.0021,0.0007,9.8066,0.0235,0.0805,-0.0078,-14.5,-38.5,-3.5,243.57,-83.51,-178.82
52.427925,-1.530924,167.31,5.15,3,58.2,21 / 21,991311,2019-09-06 19:36:37:054,-0.5787,-0.5962,10.0526,-0.0066,0.0038,9.8066,0.022,0.0832,-0.0112,-14.62,-38.12,-3.75,241.75,-83.52,-179.31
52.427925,-1.530924,167.31,5.15,3,58.2,20 / 20,991409,2019-09-06 19:36:37:152,-1.0141,-0.3637,9.6476,-0.0018,0.0142,9.8065,-0.0257,0.0398,-0.0329,-14.75,-38.31,-3.44,243.12,-83.51,178.86
52.427925,-1.530924,167.31,5.15,3,58.2,20 / 20,991510,2019-09-06 19:36:37:253,-1.0738,-0.0578,9.3434,-0.0117,0.0065,9.8066,-0.0034,0.1197,-0.0491,-14.44,-37.94,-3.06,240.57,-83.57,177.58
52.427925,-1.530924,167.31,5.15,3,58.2,20 / 20,991609,2019-09-06 19:36:37:352,-1.2592,-0.1569,9.744,-0.0047,0.005,9.8066,0.0016,0.0799,0.0208,-14.06,-38.12,-3.25,239.64,-83.6,176.43
52.427925,-1.530924,167.31,5.15,3,58.2,20 / 20,991710,2019-09-06 19:36:37:453,-1.1376,-0.1784,9.9377,-0.0004,-0.0035,9.8066,-0.0106,0.0699,-0.0127,-13.81,-37.5,-2.56,239.88,-83.65,176.2
52.427925,-1.530924,167.31,5.15,3,58.2,20 / 20,991810,2019-09-06 19:36:37:553,-0.6614,-0.4566,10.1938,0.0034,-0.0061,9.8066,-0.0068,0.0558,0.0218,-14,-37.62,-2.19,243.39,-83.67,176.81
52.427925,-1.530924,167.31,5.15,3,58.2,20 / 20,991918,2019-09-06 19:36:37:661,-0.1635,-0.4937,9.7813,-0.0052,0,9.8066,-0.0297,0.0746,0.0104,-13.87,-37.94,-2.81,240.5,-83.61,177.42
52.427925,-1.530924,167.31,5.15,3,58.2,20 / 20,992010,2019-09-06 19:36:37:753,-0.23,-0.3845,9.7583,-0.0072,0.0045,9.8066,0.0494,0.0619,-0.0383,-14.06,-37.94,-2.87,239.78,-83.61,176.57
52.427925,-1.530924,167.31,5.15,3,58.2,20 / 20,992110,2019-09-06 19:36:37:853,-0.0625,-0.0358,9.8256,-0.0093,0.0029,9.8066,0.0597,0.0538,-0.0364,-14.31,-38.56,-3.19,238.75,-83.64,175.71
52.427925,-1.530924,167.31,5.15,3,58.2,20 / 20,992214,2019-09-06 19:36:37:957,-0.3291,-0.145,9.869,-0.0083,0.0031,9.8066,0.0378,0.0361,-0.0208,-13.69,-38,-3.06,238.08,-83.65,174.52
52.427925,-1.530924,167.31,5.15,3,58.2,20 / 20,992310,2019-09-06 19:36:38:053,0.0847,0.0879,10.0063,0.0128,0.0137,9.8066,-0.0204,0.0742,-0.0061,-13.56,-38.56,-3.19,236.98,-83.54,173.85
52.427925,-1.530924,167.31,5.15,3,58.2,20 / 20,992409,2019-09-06 19:36:38:152,-0.169,0.1495,9.9082,0.0086,0.0073,9.8066,0.0065,0.0491,0.0183,-12.94,-38.06,-3.25,235.34,-83.56,173.46
52.427925,-1.530924,167.31,5.15,3,58.2,20 / 20,992510,2019-09-06 19:36:38:253,-0.3299,-0.445,9.7915,0.0029,-0.0044,9.8066,-0.0153,0.0595,-0.0183,-12.94,-37.81,-3.87,232.58,-83.58,173.92
52.427925,-1.530924,167.31,5.15,3,58.2,20 / 20,992610,2019-09-06 19:36:38:353,0.1769,-0.028,9.784,0.0029,0.004,9.8066,0.0452,0.0524,-0.0024,-13.31,-37.94,-3.81,232.5,-83.53,173.95
52.427925,-1.530924,167.31,5.15,3,58.2,20 / 20,992709,2019-09-06 19:36:38:452,-0.0272,-0.1149,9.987,-0.0055,-0.0002,9.8066,0.0318,0.038,-0.0136,-13.25,-37.44,-3.81,232.67,-83.51,173.81
52.427925,-1.530924,167.31,5.15,3,58.2,20 / 20,992810,2019-09-06 19:36:38:553,0.4271,0.2649,9.8341,-0.0085,-0.0011,9.8066,-0.0469,0.0536,-0.0181,-13.19,-37.94,-3.62,231.96,-83.54,173.29
52.427925,-1.530924,167.31,5.15,3,58.2,20 / 20,992909,2019-09-06 19:36:38:652,0.1844,-0.0548,9.8217,0.0012,0.0077,9.8066,-0.0235,0.039,0.0118,-12.87,-37.12,-3.5,234.71,-83.49,172.47
52.427925,-1.530924,167.31,5.15,3,58.2,20 / 20,993010,2019-09-06 19:36:38:753,0.1598,-0.0365,9.6738,0.0059,0.0052,9.8066,0.0203,0.0502,-0.0119,-13.5,-37.69,-3.81,230.99,-83.48,172.23
52.427925,-1.530924,167.31,5.15,3,58.2,20 / 20,993110,2019-09-06 19:36:38:853,0.4321,0.1608,9.7532,-0.0065,0.0007,9.8066,-0.0053,0.0337,-0.0058,-12.69,-37.5,-3.75,230.87,-83.53,171.61
52.427925,-1.530924,167.31,5.15,3,58.2,20 / 20,993210,2019-09-06 19:36:38:953,0.251,0.1855,9.9539,-0.0094,0.0002,9.8066,0.007,0.0492,-0.0342,-12.75,-37.5,-3.87,230.47,-83.56,171.06
52.427925,-1.530924,167.31,5.15,3,58.2,20 / 20,993309,2019-09-06 19:36:39:052,0.5605,0.4739,10.0267,-0.0006,0.0086,9.8066,-0.0135,0.0359,-0.0149,-12.19,-37.94,-3.37,230.91,-83.56,170.34
52.427925,-1.530924,167.31,5.15,3,58.2,20 / 20,993410,2019-09-06 19:36:39:153,0.5933,0.5021,9.8466,-0.0002,0.0061,9.8066,0.0049,0.0449,-0.008,-12.37,-38.31,-3.5,230.05,-83.52,169.37
52.427925,-1.530924,167.31,5.15,3,58.2,20 / 20,993509,2019-09-06 19:36:39:252,0.704,0.6564,9.7094,-0.0007,0.0018,9.8065,-0.004,0.0389,-0.0067,-12.25,-38.37,-3.62,226.2,-83.48,168.75
52.427925,-1.530924,167.31,5.15,3,58.2,20 / 20,993610,2019-09-06 19:36:39:353,0.6004,0.543,9.7579,0.0019,0.0034,9.8066,0.0008,0.0388,0.0066,-12.44,-37.94,-3.75,226.02,-83.42,168.66
52.427925,-1.530924,167.31,5.15,3,58.2,20 / 20,993709,2019-09-06 19:36:39:452,0.8216,0.325,9.8277,0.0087,0.0044,9.8066,-0.0031,0.0515,0.0012,-12.87,-37.75,-4.12,228.05,-83.32,169
52.427925,-1.530924,167.31,5.15,3,58.2,20 / 20,993810,2019-09-06 19:36:39:553,1.205,0.6797,10.0557,0.0076,0.007,9.8066,0.0092,0.0616,-0.0174,-12.19,-37.69,-4.25,225.98,-83.28,168.91
52.427925,-1.530924,167.31,5.15,3,58.2,20 / 20,993909,2019-09-06 19:36:39:652,0.5451,0.3623,9.7998,0.0005,0.0049,9.8066,-0.0036,0.0711,-0.0274,-12.56,-38.25,-4.75,224.85,-83.28,168.75
52.427925,-1.530924,167.31,5.15,3,58.2,20 / 20,994010,2019-09-06 19:36:39:753,1.2672,1.3059,9.8366,-0.0034,0.0068,9.8066,0.0031,0.0675,0,-12.37,-37.5,-4,225.43,-83.22,167.95
52.427925,-1.530924,167.31,5.15,3,58.2,20 / 20,994109,2019-09-06 19:36:39:852,0.7091,0.7693,9.7591,0.0012,0.0019,9.8066,0.008,0.0394,-0.0058,-12.25,-37.62,-4.56,221.77,-83.2,167.57
52.427925,-1.530924,167.31,5.15,3,58.2,20 / 20,994209,2019-09-06 19:36:39:952,0.6254,0.4248,9.9523,-0.0036,0.0003,9.8066,0.0022,0.0465,-0.0098,-12.69,-37.75,-4.06,226.62,-83.21,167.46
52.427925,-1.530924,167.31,5.15,3,58.2,20 / 20,994310,2019-09-06 19:36:40:053,1.1452,0.3015,10.0613,-0.0024,-0.0003,9.8066,-0.0145,0.0497,-0.0086,-11.81,-37.5,-4,224.97,-83.23,167.36
52.427925,-1.530924,167.31,5.15,3,58.2,21 / 21,994409,2019-09-06 19:36:40:152,1.339,1.3705,9.826,-0.002,0.0037,9.8066,-0.0103,0.0746,-0.0055,-11.31,-37.56,-3.31,225.56,-83.24,166.94
52.427925,-1.530924,167.31,5.15,3,58.2,21 / 21,994510,2019-09-06 19:36:40:253,1.3456,1.0732,9.7115,-0.0008,-0.0008,9.8066,-0.0052,0.0646,-0.0013,-11.5,-36.87,-3.69,222.4,-83.25,166.74
52.427925,-1.530924,167.31,5.15,3,58.2,21 / 21,994610,2019-09-06 19:36:40:353,0.413,0.4864,9.6752,-0.0038,-0.0008,9.8066,-0.0244,0.0975,-0.0224,-11.25,-37.37,-3.62,222.28,-83.3,166.48
52.427925,-1.530924,167.31,5.15,3,58.2,21 / 21,994710,2019-09-06 19:36:40:453,0.4445,0.4716,9.9269,-0.0047,0.0022,9.8066,-0.0265,0.1114,-0.0274,-11.5,-38,-4.87,218.53,-83.33,165.98
52.427925,-1.530924,167.31,5.15,3,58.2,21 / 21,994809,2019-09-06 19:36:40:552,0.1907,0.5692,9.8384,-0.0084,0.0024,9.8066,-0.0236,0.1237,-0.0161,-11.56,-37.81,-4.94,220.22,-83.37,165.28
52.427925,-1.530924,167.31,5.15,3,58.2,21 / 21,994910,2019-09-06 19:36:40:653,-0.1953,0.2552,9.8908,-0.0106,-0.005,9.8066,-0.0098,0.1321,0.0051,-10.75,-38.06,-4.44,220.72,-83.4,164.64
52.427925,-1.530924,167.31,5.15,3,58.2,21 / 21,995010,2019-09-06 19:36:40:753,-0.4895,0.0885,9.8223,-0.0049,-0.0087,9.8066,-0.0409,0.1336,-0.0197,-11.25,-37.56,-4.75,217.76,-83.56,164.54
52.427925,-1.530924,167.31,5.15,3,58.2,21 / 21,995110,2019-09-06 19:36:40:853,-0.3761,0.1612,9.8473,0.0001,-0.0035,9.8066,-0.0255,0.1418,-0.0062,-10.69,-37.37,-4.69,218.44,-83.64,164.91
52.427925,-1.530924,167.31,5.15,3,58.2,21 / 21,995210,2019-09-06 19:36:40:953,0.0008,0.0788,9.4134,-0.0022,-0.008,9.8066,-0.0233,0.1821,0.0115,-10.81,-37.19,-4.81,218.79,-83.73,165.19
52.427925,-1.530924,167.31,5.15,3,58.2,21 / 21,995310,2019-09-06 19:36:41:053,-0.2326,0.1064,9.7523,0.0023,-0.0079,9.8066,0.0073,0.136,0.0311,-10.5,-37.06,-5.12,217.1,-83.9,165.79
52.427925,-1.530924,167.31,5.15,3,58.2,21 / 21,995410,2019-09-06 19:36:41:153,-0.5184,0.1321,10.1928,0.0063,-0.0089,9.8066,0.0093,0.1414,-0.0091,-10.44,-37.62,-5.56,214.83,-83.99,166.9
52.427925,-1.530924,167.31,5.15,3,58.2,21 / 21,995509,2019-09-06 19:36:41:252,-0.2366,-0.1622,10.3472,-0.0031,-0.0063,9.8066,0.0195,0.1858,-0.0382,-9.87,-37.44,-5.56,215.38,-84.03,167.22
52.427925,-1.530924,167.31,5.15,3,58.2,21 / 21,995610,2019-09-06 19:36:41:353,-0.0626,0.0654,9.9636,-0.0107,-0.0003,9.8066,-0.0156,0.1636,-0.033,-9.62,-38.25,-5.94,214.77,-84.05,166.72
52.427925,-1.530924,167.31,5.15,3,58.2,21 / 21,995710,2019-09-06 19:36:41:453,0.2536,-0.032,9.7253,-0.0028,0.0129,9.8066,-0.0315,0.1688,-0.0761,-9.44,-38.19,-6.5,211.29,-83.94,165.96
52.427925,-1.530924,167.31,5.15,3,58.2,21 / 21,995809,2019-09-06 19:36:41:552,-0.1935,0.3481,9.3735,-0.0117,0.0146,9.8066,-0.0139,0.1743,-0.0427,-9.87,-37.87,-6.44,212.37,-83.91,163.86
52.427925,-1.530924,167.31,5.15,3,58.2,21 / 21,995909,2019-09-06 19:36:41:652,0.009,0.0429,10.1127,-0.0044,0.0019,9.8066,0.0226,0.1599,-0.027,-8.75,-37.75,-6.25,208.74,-83.88,162.68
52.427925,-1.530924,167.31,5.15,3,58.2,21 / 21,996010,2019-09-06 19:36:41:753,-0.5484,0.2348,10.1328,-0.0021,0.004,9.8066,-0.0096,0.1847,-0.0056,-8.62,-37.62,-6.37,208.45,-83.82,162.39
52.427925,-1.530924,167.31,5.15,3,58.2,21 / 21,996113,2019-09-06 19:36:41:856,-0.2681,-0.099,9.8253,0.0049,-0.0038,9.8066,-0.0038,0.2187,-0.0036,-8,-37.94,-6.5,205.47,-83.76,162.45
52.427925,-1.530924,167.31,5.15,3,58.2,21 / 21,996209,2019-09-06 19:36:41:952,0.3546,0.275,9.7695,0.0029,-0.0018,9.8066,0.0036,0.163,-0.0004,-7.94,-37.75,-6.81,203.47,-83.73,163.49
52.427925,-1.530924,167.31,5.15,3,58.2,21 / 21,996310,2019-09-06 19:36:42:053,0.2079,0.5885,9.7018,0.0065,0.0068,9.8066,0.0657,0.2132,-0.018,-7.12,-37.69,-6.37,203.01,-83.61,163.81
52.428104,-1.530715,167.33,2.13,3,2.17,20 / 21,996410,2019-09-06 19:36:42:153,0.8877,0.8419,9.8486,0.0079,0.0159,9.8066,0.0656,0.235,-0.0653,-6.75,-38.19,-6.5,203.16,-83.39,164.39
52.428104,-1.530715,167.33,2.13,3,2.17,20 / 21,996509,2019-09-06 19:36:42:252,1.2105,3.7493,9.9802,-0.0068,0.0284,9.8065,0.0138,0.2715,-0.0532,-6.56,-38.25,-6.06,201.76,-82.88,163.14
52.428104,-1.530715,167.33,2.13,3,2.17,20 / 21,996610,2019-09-06 19:36:42:353,0.3294,2.6001,9.8706,0.01,0.0174,9.8066,0.0401,0.2843,-0.0367,-6.37,-38.44,-5.94,197.5,-82.49,162.51
52.428104,-1.530715,167.33,2.13,3,2.17,20 / 21,996710,2019-09-06 19:36:42:453,-0.6004,2.8228,9.8656,0.0064,0.0117,9.8066,0.0254,0.354,0.0102,-5.31,-38.19,-5.5,196.31,-82.32,162.82
52.428104,-1.530715,167.33,2.13,3,2.17,20 / 21,996810,2019-09-06 19:36:42:553,0.2652,0.9889,9.958,0.008,0.0081,9.8066,-0.0256,0.352,-0.0283,-4.62,-38.31,-5.94,193.93,-82.19,163.17
52.428104,-1.530715,167.33,2.13,3,2.17,20 / 21,996910,2019-09-06 19:36:42:653,-0.3551,0.9523,9.8811,-0.0034,0.0014,9.8066,-0.0227,0.3458,-0.0741,-4.37,-37.87,-5.62,189.72,-82.15,162.91
52.428104,-1.530715,167.33,2.13,3,2.17,20 / 21,997009,2019-09-06 19:36:42:752,-0.5958,1.4789,9.9342,-0.0039,0.0035,9.8066,-0.0339,0.3749,-0.0827,-3.62,-37.81,-5.75,189.46,-82.13,162.5
52.428104,-1.530715,167.33,2.13,3,2.17,20 / 21,997109,2019-09-06 19:36:42:852,-0.9561,1.4617,10.0477,-0.0041,0.0079,9.8065,0.0822,0.4106,-0.0512,-2.69,-37.94,-5.69,184.65,-82.04,161.69
52.428104,-1.530715,167.33,2.13,3,2.17,20 / 21,997209,2019-09-06 19:36:42:952,-0.4034,1.2067,10.1628,0.0114,0.0124,9.8066,0.0872,0.4008,-0.017,-2.56,-38.5,-5.62,185.48,-81.87,163.26
52.428104,-1.530715,167.33,2.13,3,2.17,20 / 21,997309,2019-09-06 19:36:43:052,-0.482,1.6135,9.6135,0.0062,0.0155,9.8066,0.0476,0.3709,-0.0293,-1.44,-38.44,-5.25,177.53,-81.76,163.6
52.428104,-1.530715,167.33,2.13,3,2.17,20 / 20,997410,2019-09-06 19:36:43:153,-0.4322,1.3622,9.715,0.0001,0.013,9.8066,-0.1296,0.3992,-0.0702,-1.25,-38.69,-5.37,177.77,-81.66,164
52.428104,-1.530715,167.33,2.13,3,2.17,20 / 20,997509,2019-09-06 19:36:43:252,-1.3917,0.4131,9.0795,-0.0097,0.0281,9.8065,0.0891,0.4206,-0.0429,0.56,-37.94,-5.5,166.64,-81.46,163.25
52.428104,-1.530715,167.33,2.13,3,2.17,20 / 20,997610,2019-09-06 19:36:43:353,-2.0675,1.6944,9.8636,-0.0027,-0.0165,9.8066,0.0385,0.4489,-0.0665,0.69,-37.69,-5.19,166.06,-81.49,162.1
52.428104,-1.530715,167.33,2.13,3,2.17,20 / 20,997710,2019-09-06 19:36:43:453,-1.7563,1.1236,9.9118,0.0013,-0.0195,9.8066,-0.0633,0.4214,-0.0256,1,-38.37,-5.12,166.1,-81.49,162.2
52.428104,-1.530715,167.33,2.13,3,2.17,20 / 20,997810,2019-09-06 19:36:43:553,-1.0604,0.7122,9.898,0.0136,-0.0083,9.8066,-0.0342,0.3947,-0.0046,1.25,-38.19,-5.12,166.58,-81.65,163.48
52.428104,-1.530715,167.33,2.13,3,2.17,20 / 20,997910,2019-09-06 19:36:43:653,-0.3662,0.8087,10.0373,0.0204,-0.003,9.8066,-0.0472,0.4253,-0.0707,2.31,-38.12,-4.94,161.47,-81.81,164.8
52.428104,-1.530715,167.33,2.13,3,2.17,20 / 20,998009,2019-09-06 19:36:43:752,-1.4722,0.5142,9.9342,-0.0079,0.0053,9.8066,-0.0057,0.3883,-0.0646,3.25,-37.62,-3.81,154.88,-81.87,164.78
52.428104,-1.530715,167.33,2.13,3,2.17,20 / 20,998109,2019-09-06 19:36:43:852,-0.5349,0.754,10.2371,-0.0172,0.0014,9.8066,0.057,0.3947,-0.0557,4.31,-37.69,-3.81,148.74,-81.71,163.75
52.428104,-1.530715,167.33,2.13,3,2.17,20 / 20,998209,2019-09-06 19:36:43:952,-1.6319,-0.0813,9.9501,-0.0091,-0.0301,9.8065,0.079,0.3674,-0.1009,4.56,-38.25,-3.87,142.18,-81.64,161.75
52.428104,-1.530715,167.33,2.13,3,2.17,20 / 20,998309,2019-09-06 19:36:44:052,-1.7981,0.7881,9.8451,0.0054,-0.0331,9.8065,-0.0793,0.3517,-0.048,5.06,-37.37,-3,139.38,-81.56,161.22
52.428104,-1.530715,167.33,2.13,3,2.17,21 / 21,998410,2019-09-06 19:36:44:153,-1.4265,1.2425,9.6238,-0.0022,0.0256,9.8065,-0.0301,0.3149,0.0496,5.44,-37.56,-2.94,140.82,-81.35,161.71
52.428104,-1.530715,167.33,2.13,3,2.17,21 / 21,998509,2019-09-06 19:36:44:252,-1.5968,1.5311,9.3707,0.0153,0.0296,9.8066,-0.0586,0.2362,0.0282,5.94,-37.69,-2.19,133.05,-81.41,163.62
52.428104,-1.530715,167.33,2.13,3,2.17,21 / 21,998610,2019-09-06 19:36:44:353,0.1214,1.7366,9.6608,0.0032,0.0093,9.8066,-0.0965,0.2598,-0.0001,5.75,-38.06,-2.56,137.12,-81.5,165.92
52.428104,-1.530715,167.33,2.13,3,2.17,21 / 21,998710,2019-09-06 19:36:44:453,-0.2722,1.6123,9.8162,0.0201,-0.0087,9.8065,-0.0152,0.2413,-0.1411,6.13,-36.81,-2.19,133.64,-81.53,166.65
52.428104,-1.530715,167.33,2.13,3,2.17,21 / 21,998809,2019-09-06 19:36:44:552,-0.2884,0.5005,9.8042,0.005,-0.0468,9.8064,-0.0277,0.1332,-0.0199,6.13,-37.37,-0.94,127.75,-81.83,165.13
52.428104,-1.530715,167.33,2.13,3,2.17,21 / 21,998909,2019-09-06 19:36:44:652,-0.8978,0.5738,10.5356,0.0056,-0.0133,9.8065,0.0546,0.1684,-0.0419,6.19,-37.56,-1.56,131.77,-81.9,164.21
52.428104,-1.530715,167.33,2.13,3,2.17,21 / 21,999010,2019-09-06 19:36:44:753,-2.1035,1.4437,10.3043,-0.0071,0.0097,9.8066,0.2069,0.1432,-0.0615,7,-37.19,-1.31,121.53,-81.78,163.67
52.428104,-1.530715,167.33,2.13,3,2.17,21 / 21,999110,2019-09-06 19:36:44:853,-2.7428,1.0373,9.8822,-0.0459,0.046,9.8063,-0.172,0.0654,0.0515,7.06,-36.69,-0.5,117.26,-81.62,163.84
52.428104,-1.530715,167.33,2.13,3,2.17,21 / 21,999210,2019-09-06 19:36:44:953,-2.1963,2.1713,9.7129,-0.0447,0.0599,9.8063,-0.2384,0.1406,-0.0515,7.19,-37,-0.56,123.33,-81.46,164.66
52.428104,-1.530715,167.33,2.13,3,2.17,21 / 21,999310,2019-09-06 19:36:45:053,0.0497,1.0244,10.3683,-0.0339,0.0514,9.8064,0.1313,0.1104,-0.0207,6.94,-37.12,-0.94,125.84,-81.04,166.3
52.428104,-1.530715,167.33,2.13,3,2.17,20 / 20,999410,2019-09-06 19:36:45:153,-0.9884,0.1776,10.2814,0.0406,-0.0474,9.8064,0.0748,0.1517,-0.0623,7.63,-36.94,-0.06,113.95,-81.45,164.82
52.428104,-1.530715,167.33,2.13,3,2.17,20 / 20,999509,2019-09-06 19:36:45:252,-1.0004,1.3174,10.3025,0.0189,-0.055,9.8065,-0.027,0.0714,-0.1273,7.75,-37.25,-0.69,117.39,-81.47,162.96
52.428104,-1.530715,167.33,2.13,3,2.17,20 / 20,999609,2019-09-06 19:36:45:352,-4.6497,-0.5416,9.3876,-0.0326,-0.0112,9.8065,0.1271,0.2304,-0.1497,8.38,-36.75,-0.37,111.97,-81.16,160.48
52.428104,-1.530715,167.33,2.13,3,2.17,20 / 20,999709,2019-09-06 19:36:45:452,-1.6525,0.8059,9.7113,-0.0059,0.0018,9.8066,-0.2436,0.1432,-0.0247,9.13,-36.69,0.56,102.32,-81.08,160.04
52.428104,-1.530715,167.33,2.13,3,2.17,20 / 20,999810,2019-09-06 19:36:45:553,-0.1443,0.7998,9.996,-0.0276,0.0147,9.8065,-0.2097,0.1125,0.0209,8.69,-36.75,-0.19,108.18,-81.12,160.84
52.428104,-1.530715,167.33,2.13,3,2.17,20 / 20,999909,2019-09-06 19:36:45:652,0.4863,1.1286,9.8624,-0.0339,0.016,9.8065,0.1075,0.0765,0.0034,9.44,-36.12,0.06,108.2,-80.87,160.82
52.428104,-1.530715,167.33,2.13,3,2.17,20 / 20,1000009,2019-09-06 19:36:45:752,-1.5675,-1.3049,10.6281,0.0524,-0.0213,9.8064,0.1322,0.1595,-0.185,9.94,-36.37,0.13,102.92,-81.13,159.88
52.428104,-1.530715,167.33,2.13,3,2.17,20 / 20,1000110,2019-09-06 19:36:45:853,-2.2566,1.3915,8.9687,-0.0389,0.0214,9.8065,-0.1241,0.1233,0.0597,9.56,-36.12,-0.37,101.68,-81.12,158.44
52.428104,-1.530715,167.33,2.13,3,2.17,20 / 20,1000209,2019-09-06 19:36:45:952,0.4966,1.4284,10.0531,-0.0091,0.0098,9.8066,-0.0152,0.0306,0.0522,10.06,-36.94,-0.69,108.39,-80.93,159.07
52.428104,-1.530715,167.33,2.13,3,2.17,20 / 20,1000310,2019-09-06 19:36:46:053,0.0164,0.5031,9.5912,-0.0237,0.0007,9.8065,-0.0662,0.0272,-0.014,9.56,-36.62,-1,108.25,-80.88,158.65
52.428104,-1.530715,167.33,2.13,3,2.17,21 / 21,1000409,2019-09-06 19:36:46:152,-1.8645,-0.2978,8.9832,-0.0152,0.0096,9.8066,-0.0933,0.0438,-0.0051,10.13,-36.44,-1.56,111.05,-80.91,158.25
52.428104,-1.530715,167.33,2.13,3,2.17,21 / 21,1000510,2019-09-06 19:36:46:253,-0.5793,1.0235,10.5466,0.0009,0.061,9.8064,-0.1553,-0.0236,0.0792,9.06,-35.94,-1.81,116.66,-81.06,161.22
52.428104,-1.530715,167.33,2.13,3,2.17,21 / 21,1000610,2019-09-06 19:36:46:353,0.3433,1.4035,10.377,-0.0242,0.0242,9.8065,-0.0992,-0.0618,-0.0502,9.69,-35.94,-1.56,112.75,-81.21,161.53
52.428104,-1.530715,167.33,2.13,3,2.17,21 / 21,1000710,2019-09-06 19:36:46:453,0.218,-0.2637,10.216,0.0398,-0.0378,9.8064,0.0587,0.0517,0.0068,9.44,-36.56,-1.44,112.81,-81.22,161.23
52.428104,-1.530715,167.33,2.13,3,2.17,21 / 21,1000810,2019-09-06 19:36:46:553,-2.0136,1.4206,9.4396,-0.0537,0.0479,9.8063,0.2157,0.021,0.0645,9.69,-35.69,-1.25,108.09,-81.39,161.56
52.428104,-1.530715,167.33,2.13,3,2.17,21 / 21,1000910,2019-09-06 19:36:46:653,-1.2962,2.7714,9.6069,-0.0535,0.027,9.8064,-0.1898,0.0024,-0.1164,10.06,-36.37,-0.81,109.84,-81.01,162.21
52.428104,-1.530715,167.33,2.13,3,2.17,21 / 21,1001009,2019-09-06 19:36:46:752,-0.8174,0.9771,9.7427,-0.0231,0.0258,9.8065,-0.0735,0.0188,0.1051,9.56,-35.44,-0.75,109.26,-81.02,162.5
52.428104,-1.530715,167.33,2.13,3,2.17,21 / 21,1001110,2019-09-06 19:36:46:853,0.8689,-0.6554,9.8174,0.0073,-0.0103,9.8066,0.0367,-0.0476,0.0189,10.25,-36.19,-0.37,104.83,-81.19,162.39
52.428104,-1.530715,167.33,2.13,3,2.17,21 / 21,1001210,2019-09-06 19:36:46:953,-0.759,0.144,10.0221,-0.0161,-0.0001,9.8066,-0.0259,0.0078,-0.1033,10.13,-35.81,-0.19,104.29,-81.17,161.67
52.428104,-1.530715,167.33,2.13,3,2.17,21 / 21,1001310,2019-09-06 19:36:47:053,-0.6753,-0.2761,9.0643,0.0022,-0.0013,9.8066,0.0619,-0.0101,0.0495,9.38,-35.69,0.94,102.55,-81.15,161.88
52.428104,-1.530715,167.33,2.13,3,2.17,21 / 21,1001409,2019-09-06 19:36:47:152,0.8269,-1.4144,9.2786,0.0463,-0.022,9.8064,0.0551,-0.0276,0.0326,8.69,-35.56,0.63,103.52,-80.91,161.88
52.428104,-1.530715,167.33,2.13,3,2.17,21 / 21,1001510,2019-09-06 19:36:47:253,-1.624,1.3708,9.9041,0.0454,-0.0177,9.8065,0.0603,-0.0874,0.0097,8.94,-35.19,1.06,102.03,-81.14,162.41
52.428104,-1.530715,167.33,2.13,3,2.17,21 / 21,1001609,2019-09-06 19:36:47:352,0.1593,1.3463,10.1072,-0.0056,-0.0125,9.8066,0.045,-0.0404,0.0295,9.13,-35.19,0.69,101.87,-81.1,162.04
52.428104,-1.530715,167.33,2.13,3,2.17,21 / 21,1001710,2019-09-06 19:36:47:453,-0.0473,0.6629,10.1266,0.0108,0.0045,9.8066,0.075,-0.0494,-0.0433,8.94,-34.87,0.31,107.52,-81.04,161.99
52.428104,-1.530715,167.33,2.13,3,2.17,21 / 21,1001809,2019-09-06 19:36:47:552,-0.4348,0.5212,10.2972,0.0035,-0.0052,9.8066,0.1259,-0.0068,0.0206,8.19,-35.5,-0.25,111.82,-81.05,162.37
52.428104,-1.530715,167.33,2.13,3,2.17,21 / 21,1001909,2019-09-06 19:36:47:652,-0.4067,1.7176,9.8876,0.0192,0.0045,9.8066,-0.1978,0.0112,0.0808,8.13,-34.87,-0.19,113.01,-80.93,163.38
52.428104,-1.530715,167.33,2.13,3,2.17,21 / 21,1002009,2019-09-06 19:36:47:752,-1.267,1.224,9.7015,-0.0327,0.0638,9.8063,-0.2819,0.0231,-0.0157,7.88,-35.87,-0.62,118.73,-81,163.71
52.428104,-1.530715,167.33,2.13,3,2.17,21 / 21,1002110,2019-09-06 19:36:47:853,0.2082,1.4641,9.5587,-0.0315,0.0239,9.8065,0.0712,-0.0258,0.0948,8.63,-35.94,-0.69,116.38,-80.85,165.42
52.428104,-1.530715,167.33,2.13,3,2.17,21 / 21,1002210,2019-09-06 19:36:47:953,0.0237,-0.3968,9.6041,0.0225,-0.0017,9.8065,-0.0722,-0.0705,-0.0142,8.25,-35.12,-0.69,119.29,-81.07,166.06
52.428104,-1.530715,167.33,2.13,3,2.17,21 / 21,1002310,2019-09-06 19:36:48:053,-0.88,1.9927,9.5057,-0.002,0.0033,9.8066,0.0593,0.0116,-0.002,8.38,-35.25,-0.87,119.89,-81.01,166.68
52.428104,-1.530715,167.33,2.13,3,2.17,21 / 21,1002409,2019-09-06 19:36:48:152,-0.0998,1.7019,10.1652,0.016,-0.0052,9.8066,0.1067,-0.0543,0.0984,8.19,-34.75,-1.25,119.85,-81.02,166.64
52.428104,-1.530715,167.33,2.13,3,2.17,21 / 21,1002510,2019-09-06 19:36:48:253,0.926,1.2798,10.14,-0.0184,0.0164,9.8065,-0.1006,-0.0576,-0.0534,8.38,-35.31,-1.5,120.62,-80.98,167.58
52.428104,-1.530715,167.33,2.13,3,2.17,21 / 21,1002610,2019-09-06 19:36:48:353,-0.0277,0.1925,9.5117,-0.0306,0.0064,9.8066,-0.1298,-0.1025,0.0233,7.5,-34.94,-1.31,120.66,-80.9,167.25
52.428104,-1.530715,167.33,2.13,3,2.17,21 / 21,1002710,2019-09-06 19:36:48:453,-0.0946,1.4736,9.5566,-0.0126,0.0109,9.8066,0.0778,-0.0705,-0.0106,7.44,-35.37,-0.75,125.75,-80.67,166.9
52.428104,-1.530715,167.33,2.13,3,2.17,21 / 21,1002809,2019-09-06 19:36:48:552,0.2782,1.4441,9.7825,0.014,-0.003,9.8066,0.0153,-0.1089,0.0213,7.06,-35.12,-0.44,121.12,-80.73,167.36
52.428104,-1.530715,167.33,2.13,3,2.17,21 / 21,1002909,2019-09-06 19:36:48:652,0.7036,0.3927,10.0668,0.0224,-0.0073,9.8065,-0.0856,-0.0381,-0.0036,7.25,-35.62,-0.5,122.02,-80.84,167.9
52.428104,-1.530715,167.33,2.13,3,2.17,21 / 21,1003010,2019-09-06 19:36:48:753,0.9256,0.5057,9.8282,-0.0129,0.0202,9.8065,0.0075,-0.0396,-0.0034,7.69,-35,-0.87,121.57,-80.8,168.15
52.428104,-1.530715,167.33,2.13,3,2.17,21 / 21,1003110,2019-09-06 19:36:48:853,0.0704,-0.8852,9.0019,0.0093,-0.0121,9.8066,-0.0018,-0.0818,0.1328,8.25,-34.87,-0.75,122.01,-80.75,168.57
52.428104,-1.530715,167.33,2.13,3,2.17,21 / 21,1003209,2019-09-06 19:36:48:952,0.9927,0.9294,10.1662,-0.0038,0.0265,9.8066,-0.0807,-0.093,0.0017,8.31,-34.81,-0.44,117.94,-80.67,168.96
52.428104,-1.530715,167.33,2.13,3,2.17,21 / 21,1003309,2019-09-06 19:36:49:052,-1.5281,1.3124,8.925,0.0061,-0.0153,9.8066,-0.0276,0.0991,-0.0671,8.13,-34.75,-0.44,118.59,-80.56,169.37
52.428104,-1.530715,167.33,2.13,3,2.17,21 / 21,1003410,2019-09-06 19:36:49:153,2.1709,-0.1066,9.7691,-0.0179,0.0365,9.8066,-0.1872,-0.0365,0.0932,8.38,-34.87,0,119.83,-80.35,170.19
52.428104,-1.530715,167.33,2.13,3,2.17,21 / 21,1003509,2019-09-06 19:36:49:252,2.2063,-0.1269,9.279,-0.0111,0.0035,9.8066,0.1253,0.0481,0.0141,7.63,-34.87,-0.62,123.99,-80.49,170.33
52.428104,-1.530715,167.33,2.13,3,2.17,21 / 21,1003610,2019-09-06 19:36:49:353,2.1636,0.8159,11.5514,0.0146,-0.0111,9.8065,0.2282,-0.0481,0.0595,7.06,-34.69,-1.44,127.71,-80.58,169.67
52.428104,-1.530715,167.33,2.13,3,2.17,21 / 21,1003710,2019-09-06 19:36:49:453,0.8536,0.9848,10.0784,-0.0556,0.0326,9.8064,0.006,-0.0888,0.0119,7.25,-33.75,-0.44,121.23,-80.71,168.94
52.428104,-1.530715,167.33,2.13,3,2.17,21 / 21,1003810,2019-09-06 19:36:49:553,0.5369,0.0608,9.2663,-0.0337,0.0351,9.8065,-0.0421,-0.111,0.0111,7.5,-34.69,-1.31,123.98,-80.19,168.95
52.428104,-1.530715,167.33,2.13,3,2.17,21 / 21,1003909,2019-09-06 19:36:49:652,1.3472,1.7364,9.9065,-0.0273,0.0056,9.8065,0.0027,0.0007,-0.0413,8,-34.81,-1.44,123.26,-80.26,168.16
52.428104,-1.530715,167.33,2.13,3,2.17,21 / 21,1004009,2019-09-06 19:36:49:752,0.6276,0.4405,9.6634,0.0016,-0.0517,9.8064,0.0131,0.002,-0.1112,7,-34.31,-1.81,128.56,-80.55,165.81
52.428104,-1.530715,167.33,2.13,3,2.17,21 / 21,1004110,2019-09-06 19:36:49:853,1.0005,0.8957,10.0832,-0.01,-0.007,9.8066,-0.0128,-0.1402,-0.0059,7.44,-34.69,-2,129.64,-80.38,165.49
52.428104,-1.530715,167.33,2.13,3,2.17,21 / 21,1004214,2019-09-06 19:36:49:957,-1.055,1.0661,9.0101,-0.0018,0.0133,9.8066,0.025,-0.0209,0.0522,6.56,-34.75,-2.06,128.96,-80.39,164.42
52.428104,-1.530715,167.33,2.13,3,2.17,21 / 21,1004310,2019-09-06 19:36:50:053,1.2729,1.4174,9.7658,0.009,0.0265,9.8065,-0.0905,0.0262,0.0457,6.13,-35.69,-1.69,135.48,-80.42,165.47
52.428104,-1.530715,167.33,2.13,3,2.17,21 / 21,1004410,2019-09-06 19:36:50:153,1.4864,-0.6623,9.501,0.0299,-0.0076,9.8065,-0.0267,-0.0145,-0.0598,6.63,-36.25,-1.12,125.84,-80.66,165.59
52.428104,-1.530715,167.33,2.13,3,2.17,21 / 21,1004510,2019-09-06 19:36:50:253,2.5511,-0.5421,10.2858,0.0111,-0.0155,9.8066,0.0758,-0.1834,0.0941,6.25,-36.87,-2.31,135.85,-80.72,166.41
52.428104,-1.530715,167.33,2.13,3,2.17,21 / 21,1004610,2019-09-06 19:36:50:353,-0.3771,0.113,9.8858,0.04,-0.0173,9.8065,-0.0468,-0.0572,0.0449,6.81,-37.37,-1.62,131.4,-80.78,167.87
52.428104,-1.530715,167.33,2.13,3,2.17,21 / 21,1004709,2019-09-06 19:36:50:452,0.6581,-0.7108,10.6862,-0.0169,0.0479,9.8065,-0.0824,-0.0237,-0.0496,6.56,-36.69,-1.69,133.01,-80.37,168.67
52.428104,-1.530715,167.33,2.13,3,2.17,21 / 21,1004809,2019-09-06 19:36:50:552,-0.0034,0.2111,9.4128,-0.0212,0.0154,9.8065,-0.0088,-0.056,0.0084,7,-37.44,-2.19,132.93,-80.39,168.65
52.428104,-1.530715,167.33,2.13,3,2.17,21 / 21,1004910,2019-09-06 19:36:50:653,0.7795,0.1553,9.8973,0.011,-0.0214,9.8066,0.0392,-0.0266,0.0197,6.63,-37.69,-1.56,132.33,-80.65,167.62
52.428104,-1.530715,167.33,2.13,3,2.17,21 / 21,1005010,2019-09-06 19:36:50:753,1.1265,-1.2061,9.8638,0.0177,-0.023,9.8065,0.0211,-0.012,0.0093,6.25,-37.19,-2.25,136.64,-80.66,167.58
52.428104,-1.530715,167.33,2.13,3,2.17,21 / 21,1005110,2019-09-06 19:36:50:853,1.6355,-0.0567,9.9099,-0.0112,0.0371,9.8065,-0.0001,-0.0798,0.0226,6.38,-37.06,-1.56,137.14,-80.57,168.1
52.428104,-1.530715,167.33,2.13,3,2.17,21 / 21,1005210,2019-09-06 19:36:50:953,1.2779,-0.043,9.8742,-0.0032,0.0079,9.8066,-0.0034,0.0095,0.0218,6.06,-37.25,-1.5,134.76,-80.39,169.1
52.428104,-1.530715,167.33,2.13,3,2.17,21 / 21,1005310,2019-09-06 19:36:51:053,-0.1888,-0.8844,9.9713,-0.0127,0.0213,9.8066,-0.0503,-0.0204,0.0682,6.06,-37.56,-2.56,141.68,-80.28,168.93
52.42849,-1.531445,168.68,10.87,3,311.99,21 / 21,1005409,2019-09-06 19:36:51:152,1.3668,-1.0044,9.4513,0.0014,0.0011,9.8066,-0.1679,-0.0201,-0.0639,5.81,-37.06,-2,138.34,-80.28,168.99
52.42849,-1.531445,168.68,10.87,3,311.99,21 / 21,1005510,2019-09-06 19:36:51:253,1.0387,-2.2759,8.7678,-0.0014,-0.0024,9.8066,0.1761,-0.0342,-0.0011,5.81,-36.87,-1.87,138.33,-80.19,168.5
52.42849,-1.531445,168.68,10.87,3,311.99,21 / 21,1005609,2019-09-06 19:36:51:352,0.8716,-1.0689,9.3095,-0.0027,0.0213,9.8066,0.0919,-0.0293,0.0065,5.5,-36.31,-1.87,138.11,-80.05,168.7
52.42849,-1.531445,168.68,10.87,3,311.99,21 / 21,1005709,2019-09-06 19:36:51:452,1.1046,1.4113,9.7207,0.0056,-0.0154,9.8066,-0.0368,-0.0233,-0.0134,5.63,-36.12,-0.62,134.34,-80.16,168.51
52.42849,-1.531445,168.68,10.87,3,311.99,21 / 21,1005810,2019-09-06 19:36:51:553,-0.349,0.1881,9.8843,0.0068,-0.0092,9.8066,0.0487,-0.0644,-0.0133,6.13,-36.12,-1.44,134.32,-80.2,168.72
52.42849,-1.531445,168.68,10.87,3,311.99,21 / 21,1005910,2019-09-06 19:36:51:653,0.5504,0.0063,10.1161,-0.0071,0.0395,9.8065,-0.0196,-0.0534,0.0347,5.81,-36.12,-1.5,133.92,-80.25,168.22
52.42849,-1.531445,168.68,10.87,3,311.99,21 / 21,1006010,2019-09-06 19:36:51:753,1.4508,-1.6056,9.469,-0.0177,0.0152,9.8065,-0.0963,0.0149,-0.0372,7,-36.12,-2.75,136.39,-80.04,169
52.42849,-1.531445,168.68,10.87,3,311.99,21 / 21,1006110,2019-09-06 19:36:51:853,0.223,0.7287,9.4139,0.017,-0.0095,9.8066,-0.0466,-0.0162,0.014,6.31,-37.25,-2.56,141.66,-80.14,169.41
52.42849,-1.531445,168.68,10.87,3,311.99,21 / 21,1006209,2019-09-06 19:36:51:952,1.8806,0.4279,9.9466,-0.0026,0.0065,9.8066,0.0048,0.0119,0.0676,6.88,-37.06,-2.25,134.19,-80.07,169.41
52.42849,-1.531445,168.68,10.87,3,311.99,21 / 21,1006310,2019-09-06 19:36:52:053,-0.5065,-0.3379,8.7974,-0.0326,0.0238,9.8065,-0.3242,0.1029,-0.0841,6.19,-37.37,-2.31,139.85,-79.8,169.62
52.42849,-1.531445,168.68,10.87,3,311.99,21 / 21,1006409,2019-09-06 19:36:52:152,0.9071,0.2481,9.2088,-0.0331,0.0595,9.8064,-0.2789,-0.0501,0.0399,6.06,-37.06,-2,139.52,-79.81,168.96
52.42849,-1.531445,168.68,10.87,3,311.99,21 / 21,1006510,2019-09-06 19:36:52:253,0.9763,0.4782,10.3505,0.0193,-0.028,9.8066,0.1737,0.0564,-0.0062,5.94,-36.12,-2.31,138.22,-79.92,168.29
52.42849,-1.531445,168.68,10.87,3,311.99,21 / 21,1006609,2019-09-06 19:36:52:352,1.0986,0.5533,10.4039,0.0321,-0.0461,9.8064,0.1205,-0.0406,-0.06,6.38,-36.37,-2.87,140.01,-80.27,167.95
52.42849,-1.531445,168.68,10.87,3,311.99,21 / 21,1006710,2019-09-06 19:36:52:453,0.2383,-0.0335,10.4883,-0.0062,0.0267,9.8066,-0.0541,-0.0634,0.0327,5.56,-36.62,-2.44,137.95,-80.15,167.51
52.42849,-1.531445,168.68,10.87,3,311.99,21 / 21,1006809,2019-09-06 19:36:52:552,1.1869,-0.3964,10.0654,-0.0015,-0.0049,9.8066,-0.0281,0.0175,0.0299,6.44,-36.56,-2.25,137.88,-80.18,167.52
52.42849,-1.531445,168.68,10.87,3,311.99,21 / 21,1006910,2019-09-06 19:36:52:653,0.3786,0.4638,9.3019,-0.0182,0.0197,9.8065,-0.0134,-0.0139,-0.0426,6.81,-36.31,-2.5,132.6,-80.05,167.74
52.42849,-1.531445,168.68,10.87,3,311.99,21 / 21,1007009,2019-09-06 19:36:52:752,2.1775,-0.3797,10.0547,-0.0167,0.0274,9.8065,0.0163,-0.0856,0.0431,7.19,-35.56,-3,135.66,-80.02,167.67
52.42849,-1.531445,168.68,10.87,3,311.99,21 / 21,1007110,2019-09-06 19:36:52:853,1.777,-1.0337,9.8226,0.0129,-0.0444,9.8065,0.0986,-0.028,-0.0473,7.25,-35.94,-4.06,138.38,-80.05,168.01
52.42849,-1.531445,168.68,10.87,3,311.99,21 / 21,1007209,2019-09-06 19:36:52:952,-0.6337,-0.3507,9.188,0.0155,-0.0245,9.8066,0.148,-0.0071,0.0982,6.31,-35.87,-3.12,139.71,-80.13,166.82
52.42849,-1.531445,168.68,10.87,3,311.99,21 / 21,1007309,2019-09-06 19:36:53:052,0.6067,0.5485,9.6283,0.0131,-0.0125,9.8065,0.0224,-0.0825,-0.0061,5.38,-35.81,-3.19,146.1,-80.05,168.83
52.42849,-1.531445,168.68,10.87,3,311.99,20 / 20,1007410,2019-09-06 19:36:53:153,1.1613,-1.1157,9.6184,0.0134,0.0018,9.8066,-0.0038,-0.0323,0.0021,6.13,-36.75,-3,141.89,-80.11,169.72
52.42849,-1.531445,168.68,10.87,3,311.99,20 / 20,1007510,2019-09-06 19:36:53:253,1.3775,-0.3028,9.5677,0.0053,0.0328,9.8065,-0.0782,-0.0368,0.1296,5.63,-36.87,-2.81,142.57,-80.13,171.11
52.42849,-1.531445,168.68,10.87,3,311.99,20 / 20,1007609,2019-09-06 19:36:53:352,0.4422,-0.7859,9.6737,-0.0064,0.0295,9.8066,-0.1222,-0.005,0.0076,4.75,-36.94,-3.25,148.03,-80.11,172.06
52.42849,-1.531445,168.68,10.87,3,311.99,20 / 20,1007710,2019-09-06 19:36:53:453,0.523,-0.4887,9.5516,0.0073,-0.0075,9.8066,0.0837,-0.1089,0.0064,5.19,-37.94,-3.37,148.53,-80.08,171.9
52.42849,-1.531445,168.68,10.87,3,311.99,20 / 20,1007809,2019-09-06 19:36:53:552,0.4324,-0.3115,9.7916,-0.003,-0.0095,9.8066,-0.0034,-0.0508,-0.0314,5.06,-36.75,-2.12,145.4,-80.14,171.85
52.42849,-1.531445,168.68,10.87,3,311.99,20 / 20,1007910,2019-09-06 19:36:53:653,0.9307,-0.5192,9.8477,0.0005,-0.0205,9.8065,0.035,-0.0014,-0.0027,5.13,-37.06,-3.12,147.61,-80.18,171.42
52.42849,-1.531445,168.68,10.87,3,311.99,20 / 20,1008010,2019-09-06 19:36:53:753,0.1388,-0.7043,9.7634,0.0096,-0.0197,9.8065,0.0447,-0.0587,0.0311,4.81,-36.5,-2.31,144.43,-80.22,171.43
52.42849,-1.531445,168.68,10.87,3,311.99,20 / 20,1008110,2019-09-06 19:36:53:853,1.188,-1.8989,10.0534,0.0018,0.0227,9.8065,0.0353,-0.0799,0.0461,4,-36.25,-2.87,152.83,-80.06,171.59
52.42849,-1.531445,168.68,10.87,3,311.99,20 / 20,1008210,2019-09-06 19:36:53:953,0.3137,-0.7924,10.4183,0.0009,0.0188,9.8065,-0.021,0.0391,-0.0415,4.13,-36.25,-3,153.14,-80.04,172.26
52.42849,-1.531445,168.68,10.87,3,311.99,20 / 20,1008309,2019-09-06 19:36:54:052,2.7729,-0.5801,9.3622,0.0221,-0.0219,9.8065,-0.2061,-0.1312,0.1188,4.81,-35.94,-2.81,148.1,-80.07,173.11
52.42849,-1.531445,168.68,10.87,3,311.99,21 / 21,1008410,2019-09-06 19:36:54:153,2.3783,2.4846,10.2227,0.0483,-0.0485,9.8063,0.297,-0.21,0.1579,4.31,-36.62,-3.25,153.83,-80.3,173.83
52.42849,-1.531445,168.68,10.87,3,311.99,21 / 21,1008509,2019-09-06 19:36:54:252,0.7079,0.2707,9.4007,-0.0039,0.0325,9.8065,-0.1333,-0.1181,0.0214,4.13,-35.75,-3.31,153.88,-80.14,174.36
52.42849,-1.531445,168.68,10.87,3,311.99,21 / 21,1008610,2019-09-06 19:36:54:353,0.5223,0.2054,9.5627,-0.0455,0.0548,9.8063,-0.2724,0.2576,-0.2434,5.25,-35.62,-3.87,150.97,-79.89,173.96
52.42849,-1.531445,168.68,10.87,3,311.99,21 / 21,1008709,2019-09-06 19:36:54:452,1.1176,-1.2718,9.1224,-0.0111,-0.0366,9.8065,0.1966,-0.0201,-0.1331,4.94,-35.37,-4,148.46,-80.06,170.47
52.42849,-1.531445,168.68,10.87,3,311.99,21 / 21,1008809,2019-09-06 19:36:54:552,2.7083,0.6847,10.2712,-0.0065,0.0272,9.8066,0.1232,-0.0998,0.0483,4.56,-35.56,-2.75,147.49,-79.75,170.56
52.42849,-1.531445,168.68,10.87,3,311.99,21 / 21,1008909,2019-09-06 19:36:54:652,-1.1659,0.793,10.0433,-0.0249,0.0252,9.8066,-0.1994,-0.0744,-0.0071,5.38,-36.25,-2.69,146.56,-79.99,169.56
52.42849,-1.531445,168.68,10.87,3,311.99,21 / 21,1009010,2019-09-06 19:36:54:753,0.568,-0.5025,9.9128,0.0026,-0.0274,9.8066,-0.2136,-0.0486,-0.0627,6.31,-36.37,-3.69,143.09,-80.11,168.61
52.42849,-1.531445,168.68,10.87,3,311.99,21 / 21,1009109,2019-09-06 19:36:54:852,0.1946,-1.8741,9.2525,-0.0121,0.0167,9.8066,0.0423,-0.0705,0.0234,5.88,-35.75,-4.12,142.48,-80.2,167.85
52.42849,-1.531445,168.68,10.87,3,311.99,21 / 21,1009210,2019-09-06 19:36:54:953,2.0226,-1.0346,9.859,-0.0125,0.0387,9.8065,0.0352,-0.0309,-0.0156,6.25,-36.62,-3.06,140.97,-80.16,168.17
52.42849,-1.531445,168.68,10.87,3,311.99,21 / 21,1009312,2019-09-06 19:36:55:055,-0.2238,0.6446,10.5064,0.0121,-0.026,9.8066,0.0895,0.0124,0.002,5.38,-36.75,-3.19,145.49,-80.33,167.59
52.42849,-1.531445,168.68,10.87,3,311.99,21 / 21,1009410,2019-09-06 19:36:55:153,1.0414,0.2469,10.0882,0.0286,-0.0521,9.8064,0.1692,-0.0786,0.0296,5.31,-37.12,-3.19,145.65,-80.35,167.98
52.42849,-1.531445,168.68,10.87,3,311.99,21 / 21,1009509,2019-09-06 19:36:55:252,-0.2135,0.2346,10.5375,-0.022,0.0482,9.8065,-0.1844,-0.0051,0.0311,5.19,-36.5,-3.37,144.45,-80.43,167.04
52.42849,-1.531445,168.68,10.87,3,311.99,21 / 21,1009609,2019-09-06 19:36:55:352,0.5489,-0.7733,10.054,-0.0061,0.0427,9.8065,-0.101,0.022,0.0333,5.06,-36.75,-3.69,147.93,-80.21,168.06
52.42849,-1.531445,168.68,10.87,3,311.99,21 / 21,1009710,2019-09-06 19:36:55:453,1.1547,-0.0316,9.2707,0.0014,-0.0104,9.8066,0.0228,-0.0068,-0.0629,5.38,-37.19,-3.62,147.91,-80.3,168.35
52.42849,-1.531445,168.68,10.87,3,311.99,21 / 21,1009809,2019-09-06 19:36:55:552,0.6137,0.9658,9.303,0.0125,0.0029,9.8066,-0.0427,-0.0156,0.0976,5.06,-36.69,-4.06,148.21,-80.23,168.68
52.42849,-1.531445,168.68,10.87,3,311.99,21 / 21,1009909,2019-09-06 19:36:55:652,1.0677,0.6966,9.9046,-0.0017,-0.0175,9.8065,-0.0427,-0.0428,-0.0734,3.63,-36.87,-4.56,155.18,-80.26,169.86
52.42849,-1.531445,168.68,10.87,3,311.99,21 / 21,1010009,2019-09-06 19:36:55:752,1.4513,-0.8206,9.6252,0.0009,0.0071,9.8066,0.0331,-0.0449,0.0197,3.13,-37.44,-3.06,158.14,-80.23,169.92
52.42849,-1.531445,168.68,10.87,3,311.99,21 / 21,1010110,2019-09-06 19:36:55:853,-0.351,1.3282,9.8316,0.0043,-0.0317,9.8066,0.0938,0.0554,-0.016,3.88,-36.44,-2.5,150.1,-80.14,170.32
52.42849,-1.531445,168.68,10.87,3,311.99,21 / 21,1010210,2019-09-06 19:36:55:953,1.5383,1.7994,10.0557,0.0468,-0.0174,9.8065,0.1873,-0.0866,0.1199,5.19,-35.87,-2.25,144.2,-80.34,171.53
52.42849,-1.531445,168.68,10.87,3,311.99,21 / 21,1010310,2019-09-06 19:36:56:053,0.3354,0.2619,9.4748,-0.0264,0.0552,9.8064,0.12,-0.0193,0.0318,5.5,-35.75,-3.94,145.39,-79.99,172.42
52.42849,-1.531445,168.68,10.87,3,311.99,21 / 21,1010409,2019-09-06 19:36:56:152,0.1974,-0.6285,9.9405,-0.0224,0.0396,9.8065,-0.1606,-0.0028,-0.0206,5.56,-35.62,-4.56,147.5,-80.02,172.55
52.42849,-1.531445,168.68,10.87,3,311.99,21 / 21,1010509,2019-09-06 19:36:56:252,0.5598,0.269,9.3053,0.0326,-0.0559,9.8064,0.1069,-0.0938,0.002,4.44,-36.81,-5.12,156.76,-80.55,173.65
52.42849,-1.531445,168.68,10.87,3,311.99,21 / 21,1010610,2019-09-06 19:36:56:353,-0.6957,-1.3732,9.6718,-0.0005,-0.0073,9.8066,0.0712,0.0407,-0.0427,3.31,-36.87,-4.94,161.86,-80.43,173.85
52.42849,-1.531445,168.68,10.87,3,311.99,21 / 21,1010709,2019-09-06 19:36:56:452,1.5518,3.6615,12.1079,0.0466,-0.0658,9.8063,0.2743,-0.1653,0.0979,3.56,-36.75,-3.87,156.09,-80.18,174.44
52.42849,-1.531445,168.68,10.87,3,311.99,21 / 21,1010810,2019-09-06 19:36:56:553,-2.4466,1.0537,10.0413,0.0084,-0.1112,9.806,0.187,0.1673,-0.255,3.75,-37,-3.62,155.52,-80.54,174.28
52.42849,-1.531445,168.68,10.87,3,311.99,21 / 21,1010910,2019-09-06 19:36:56:653,-1.208,0.9059,9.4009,-0.0177,0.0839,9.8062,-0.2342,-0.3037,0.2043,3.19,-36.87,-3,160.29,-79.87,174.37
52.42849,-1.531445,168.68,10.87,3,311.99,21 / 21,1011009,2019-09-06 19:36:56:752,-0.1452,-2.4986,8.3727,-0.073,0.0319,9.8063,-0.418,0.0346,-0.0469,3.94,-36.5,-4.31,154.88,-80.03,172.25
52.42849,-1.531445,168.68,10.87,3,311.99,21 / 21,1011109,2019-09-06 19:36:56:852,1.5947,-1.7834,9.5809,-0.0011,-0.0765,9.8062,0.1995,0.0885,-0.0619,3.19,-35.75,-4.75,159.44,-80.96,170.69
52.42849,-1.531445,168.68,10.87,3,311.99,21 / 21,1011210,2019-09-06 19:36:56:953,-1.1707,-0.0876,10.2233,0.0089,-0.013,9.8066,0.0853,-0.0025,-0.0432,3.56,-34.87,-3.87,152.36,-80.9,170.58
52.42849,-1.531445,168.68,10.87,3,311.99,21 / 21,1011310,2019-09-06 19:36:57:053,-0.7037,-0.3396,10.0054,-0.0081,0.0367,9.8065,0.0581,-0.1116,0.0887,3.31,-34.81,-3.44,156.75,-80.61,169.85
52.42849,-1.531445,168.68,10.87,3,311.99,20 / 20,1011410,2019-09-06 19:36:57:153,0.4841,0.4814,10.2035,0.0066,0.0377,9.8065,0.1128,-0.04,0.0426,3.38,-35.12,-4.25,159.37,-80.14,171.48
52.42849,-1.531445,168.68,10.87,3,311.99,20 / 20,1011510,2019-09-06 19:36:57:253,0.3201,0.7948,10.2335,0.0225,-0.0423,9.8065,0.1526,-0.1075,0.0178,3.44,-35.12,-3.81,159.36,-80.39,172.13
52.42849,-1.531445,168.68,10.87,3,311.99,20 / 20,1011610,2019-09-06 19:36:57:353,1.9077,0.1431,9.579,0.014,-0.0406,9.8065,-0.1488,-0.0882,0.1004,2.44,-35.94,-5.25,166.03,-80.55,172.63
52.42849,-1.531445,168.68,10.87,3,311.99,20 / 20,1011710,2019-09-06 19:36:57:453,0.5769,1.233,10.4371,0.0002,0.0252,9.8065,0.0534,-0.1128,-0.0273,3.38,-35.69,-5.06,160.66,-80.57,172.27
52.42849,-1.531445,168.68,10.87,3,311.99,20 / 20,1011809,2019-09-06 19:36:57:552,-0.712,-0.956,9.5255,0.0049,-0.0394,9.8065,-0.0177,-0.0222,0.1843,3.44,-35.94,-4.5,159.23,-80.8,172.22
52.42849,-1.531445,168.68,10.87,3,311.99,20 / 20,1011910,2019-09-06 19:36:57:653,1.6076,1.2548,10.7347,0.0064,0.07,9.8063,-0.051,-0.0826,-0.0378,3.81,-36.31,-4.31,154.22,-80.73,172.96
52.42849,-1.531445,168.68,10.87,3,311.99,20 / 20,1012010,2019-09-06 19:36:57:753,0.9445,-0.4988,11.1128,0.003,0.0048,9.8066,0.071,-0.0265,0.1024,3.56,-36.25,-4.37,155.2,-80.59,174.54
52.42849,-1.531445,168.68,10.87,3,311.99,20 / 20,1012110,2019-09-06 19:36:57:853,2.3092,-1.7763,10.6695,0.018,0.021,9.8065,0.0348,0.0545,-0.0169,2.81,-37.06,-4,161.7,-80.35,175.87
52.42849,-1.531445,168.68,10.87,3,311.99,20 / 20,1012210,2019-09-06 19:36:57:953,1.6714,-0.5437,10.8449,-0.0065,0.0189,9.8066,-0.0172,-0.1141,-0.0103,2.5,-36.56,-4.12,161.82,-80.19,175.72
52.42849,-1.531445,168.68,10.87,3,311.99,20 / 20,1012309,2019-09-06 19:36:58:052,0.9237,-1.3485,9.3488,-0.006,-0.0064,9.8066,-0.0707,-0.0432,-0.0059,2,-36.94,-4.69,167.67,-80.14,175.08
52.42849,-1.531445,168.68,10.87,3,311.99,21 / 21,1012410,2019-09-06 19:36:58:153,0.8697,-0.4438,9.3174,-0.0023,-0.0135,9.8065,0.0784,-0.0024,0.0064,2.25,-36.81,-4.44,166.75,-80.29,174.83
52.42849,-1.531445,168.68,10.87,3,311.99,21 / 21,1012509,2019-09-06 19:36:58:252,1.3248,-0.3891,9.6747,0.003,-0.0326,9.8065,0.0898,-0.0745,0.0269,2.5,-35.75,-4.5,160.68,-80.46,174.5
52.42849,-1.531445,168.68,10.87,3,311.99,21 / 21,1012610,2019-09-06 19:36:58:353,0.0507,0.065,9.2287,0.0062,-0.0286,9.8065,-0.0758,-0.0915,0.0014,3.5,-35.56,-5.06,156.51,-80.75,174.29
52.42849,-1.531445,168.68,10.87,3,311.99,21 / 21,1012709,2019-09-06 19:36:58:452,0.6645,0.5076,9.8741,-0.0035,0.0274,9.8065,-0.0752,-0.0507,0.0354,4.13,-35.69,-6.25,158.06,-80.59,174.22
52.42849,-1.531445,168.68,10.87,3,311.99,21 / 21,1012810,2019-09-06 19:36:58:553,0.5313,-0.8081,9.9661,-0.0192,0.0441,9.8065,0.0764,-0.0484,-0.0253,3.63,-36.31,-5.56,158.16,-80.48,174.2
52.42849,-1.531445,168.68,10.87,3,311.99,21 / 21,1012910,2019-09-06 19:36:58:653,0.1909,-0.8577,10.276,0.0002,-0.01,9.8065,0.0095,-0.0281,-0.0221,2.81,-36.12,-5.56,162.56,-80.54,174
52.42849,-1.531445,168.68,10.87,3,311.99,21 / 21,1013010,2019-09-06 19:36:58:753,1.2653,-1.2171,10.1349,-0.0086,0.0021,9.8066,0.0107,-0.002,0.0155,1.81,-36.94,-5.37,166.86,-80.41,173.74
52.42849,-1.531445,168.68,10.87,3,311.99,21 / 21,1013110,2019-09-06 19:36:58:853,0.5252,0.9385,10.0269,-0.0021,0.0035,9.8066,0.0376,-0.0413,-0.0213,1.63,-36.5,-3.94,166.21,-80.45,174.38
52.42849,-1.531445,168.68,10.87,3,311.99,21 / 21,1013210,2019-09-06 19:36:58:953,1.0692,-0.0664,9.8993,-0.0027,0.0152,9.8065,0.0308,0.0367,-0.0436,2.38,-36.19,-3.94,166.29,-80.32,174.31
52.42849,-1.531445,168.68,10.87,3,311.99,21 / 21,1013310,2019-09-06 19:36:59:053,1.4043,-0.9699,10.1335,-0.0074,-0.0034,9.8066,0.0326,-0.07,0.0387,2.38,-36.62,-3.81,166.56,-80.23,174.26
52.42849,-1.531445,168.68,10.87,3,311.99,21 / 21,1013410,2019-09-06 19:36:59:153,0.256,0.3443,9.3964,-0.0011,-0.0023,9.8066,0.05,-0.0597,-0.0447,2.56,-37.12,-4.37,160.97,-80.23,173.88
52.42849,-1.531445,168.68,10.87,3,311.99,21 / 21,1013510,2019-09-06 19:36:59:253,1.2838,0.8941,9.9648,-0.0073,-0.0209,9.8065,0.0739,-0.0717,0.0241,2.81,-37.81,-4.87,162.27,-80.33,173.97
52.42849,-1.531445,168.68,10.87,3,311.99,21 / 21,1013610,2019-09-06 19:36:59:353,0.8413,-0.7472,10.0738,0.0032,-0.0257,9.8066,-0.1102,-0.0081,-0.0307,2.69,-37.37,-5.56,162.09,-80.74,173.01
52.42849,-1.531445,168.68,10.87,3,311.99,21 / 21,1013709,2019-09-06 19:36:59:452,0.2668,-0.8163,9.7858,-0.0071,0.021,9.8065,-0.06,-0.0164,0.0307,2.06,-37.25,-5.87,166.74,-80.72,172.84
52.42849,-1.531445,168.68,10.87,3,311.99,21 / 21,1013810,2019-09-06 19:36:59:553,0.7127,-0.7843,9.9005,0,0.0362,9.8065,0.0988,-0.063,-0.0295,1.88,-37.62,-5.12,166.66,-80.57,173.17
52.42849,-1.531445,168.68,10.87,3,311.99,21 / 21,1013910,2019-09-06 19:36:59:653,1.1274,-1.4613,9.8798,0.011,-0.0168,9.8066,0.1179,-0.0811,0.0283,1.81,-37.31,-4.75,167.06,-80.48,174.28
52.42849,-1.531445,168.68,10.87,3,311.99,21 / 21,1014010,2019-09-06 19:36:59:753,0.7219,0.216,9.2501,0.027,-0.022,9.8065,-0.0672,-0.0046,0.0789,1.69,-37,-4.56,167.81,-80.38,175.72
52.42849,-1.531445,168.68,10.87,3,311.99,21 / 21,1014110,2019-09-06 19:36:59:853,0.0588,0.0394,9.2106,0.0224,-0.0044,9.8066,0.0149,-0.0583,0.0517,1.56,-37,-3.87,167.44,-80.41,176.73
52.42849,-1.531445,168.68,10.87,3,311.99,21 / 21,1014210,2019-09-06 19:36:59:953,-0.533,-0.1466,8.7818,0.019,-0.03,9.8066,-0.0165,-0.1542,0.0185,2.56,-36.44,-4.81,163.73,-80.75,178.74
52.42849,-1.531445,168.68,10.87,3,311.99,21 / 21,1014309,2019-09-06 19:37:00:052,0.6901,1.9149,8.3688,-0.0021,0.0455,9.8065,-0.271,0.007,-0.0379,2.75,-36.81,-5.75,165.87,-80.52,179.8
52.42919,-1.532397,169.94,11.28,3,330.17,20 / 20,1014411,2019-09-06 19:37:00:154,-1.2463,-1.2809,9.2669,-0.0288,-0.0022,9.8066,0.1647,0.1014,0.0676,2.5,-37.25,-5.87,165.84,-80.77,-179.93
52.42919,-1.532397,169.94,11.28,3,330.17,20 / 20,1014510,2019-09-06 19:37:00:253,0.2593,-0.5804,9.4677,0.0033,0.0019,9.8066,0.073,0.0225,-0.004,1.81,-36.69,-5.81,170.3,-80.7,179.69
52.42919,-1.532397,169.94,11.28,3,330.17,20 / 20,1014610,2019-09-06 19:37:00:353,0.8362,-2.403,9.1097,0.0017,0.0226,9.8066,-0.0926,0.0132,-0.0859,1.69,-38.25,-5.69,170.64,-80.65,-179.95
52.42919,-1.532397,169.94,11.28,3,330.17,20 / 20,1014709,2019-09-06 19:37:00:452,0.9166,0.0525,9.9739,0.0093,-0.0232,9.8066,0.0282,-0.0604,0.1163,1.25,-37.25,-5.56,175.53,-80.74,-179.32
52.42919,-1.532397,169.94,11.28,3,330.17,20 / 20,1014810,2019-09-06 19:37:00:553,0.292,-0.2972,10.0415,0.0001,0.0241,9.8065,-0.0177,-0.0191,0.0269,0.94,-37.69,-5.81,176.04,-80.79,-178.4
52.42919,-1.532397,169.94,11.28,3,330.17,20 / 20,1014909,2019-09-06 19:37:00:652,0.2633,0.167,9.6812,0.0081,0.0282,9.8065,-0.0298,0.0441,-0.01,0.63,-37.31,-5.12,175.59,-80.84,-178.14
52.42919,-1.532397,169.94,11.28,3,330.17,20 / 20,1015009,2019-09-06 19:37:00:752,-0.1809,-2.256,10.6433,-0.0006,0.0239,9.8065,0.1594,-0.0303,0.0219,0.19,-36.94,-4.62,181.11,-80.72,-177.59
52.42919,-1.532397,169.94,11.28,3,330.17,20 / 20,1015110,2019-09-06 19:37:00:853,0.6413,-1.729,10.6765,-0.0079,-0.0271,9.8066,0.0685,-0.0116,-0.0334,1.44,-37.37,-4.62,175.92,-80.79,-177.47
52.42919,-1.532397,169.94,11.28,3,330.17,20 / 20,1015210,2019-09-06 19:37:00:953,0.9324,0.6515,10.6187,-0.003,-0.0214,9.8065,-0.3881,0.077,-0.0308,1.75,-36.94,-4.12,169.41,-80.78,-178.01
52.42919,-1.532397,169.94,11.28,3,330.17,20 / 20,1015310,2019-09-06 19:37:01:053,-0.5831,0.5261,10.3762,-0.0192,0.0403,9.8065,-0.2102,0.0248,0.078,1.75,-37.31,-4.5,169.33,-80.85,-178.07
52.42919,-1.532397,169.94,11.28,3,330.17,21 / 21,1015410,2019-09-06 19:37:01:153,0.8787,-2.7725,10.1458,-0.001,-0.0369,9.8065,0.1785,-0.0374,-0.0463,0.94,-37.81,-4.94,175.68,-80.84,-178.08
52.42919,-1.532397,169.94,11.28,3,330.17,21 / 21,1015510,2019-09-06 19:37:01:253,-0.3654,0.1715,8.9361,0.0098,-0.097,9.8061,-0.3158,-0.1746,0.0944,1.69,-37.87,-4.81,170.07,-81.05,-178.93
52.42919,-1.532397,169.94,11.28,3,330.17,21 / 21,1015609,2019-09-06 19:37:01:352,0.3558,1.059,8.7528,-0.0246,0.1078,9.8059,-0.1951,0.088,-0.0032,1.94,-37.69,-4.87,170.17,-80.95,-178.83
52.42919,-1.532397,169.94,11.28,3,330.17,21 / 21,1015710,2019-09-06 19:37:01:453,1.8485,1.798,8.8316,0.0237,-0.0576,9.8064,-0.132,-0.0288,-0.2291,1.69,-37.5,-6.06,170.55,-80.77,-179.77
52.42919,-1.532397,169.94,11.28,3,330.17,21 / 21,1015809,2019-09-06 19:37:01:552,0.1714,-1.7164,10.1041,-0.0154,-0.038,9.8065,-0.13,-0.1065,-0.0504,1.81,-37.69,-5.19,169.51,-81.22,-179.88
52.42919,-1.532397,169.94,11.28,3,330.17,21 / 21,1015910,2019-09-06 19:37:01:653,1.0138,-1.9446,11.073,-0.0012,-0.0088,9.8066,0.1862,0.044,0.0212,1.06,-38.37,-5.44,174.22,-81.3,179.07
52.42919,-1.532397,169.94,11.28,3,330.17,21 / 21,1016010,2019-09-06 19:37:01:753,0.0284,0.2432,10.7936,-0.006,0.0173,9.8066,0.1731,0.0674,-0.0367,1.75,-37.56,-5.75,169.87,-81.02,178.92
52.42919,-1.532397,169.94,11.28,3,330.17,21 / 21,1016109,2019-09-06 19:37:01:852,1.0164,-0.8541,9.1041,-0.0002,-0.0576,9.8064,-0.2082,0.1231,-0.0652,1.44,-37.62,-5.81,174.42,-81.08,178.55
52.42919,-1.532397,169.94,11.28,3,330.17,21 / 21,1016211,2019-09-06 19:37:01:954,2.7414,0.0378,10.6644,-0.0201,0.0087,9.8066,-0.1287,-0.18,0.0791,1.88,-36.56,-5.62,169.79,-81,179.01
52.42919,-1.532397,169.94,11.28,3,330.17,21 / 21,1016310,2019-09-06 19:37:02:053,0.8937,-1.8579,10.2249,-0.0075,-0.077,9.8063,0.0234,0.0544,-0.0332,2.38,-36.12,-4.94,167.73,-81.34,177.3
52.42919,-1.532397,169.94,11.28,3,330.17,20 / 21,1016409,2019-09-06 19:37:02:152,-0.2684,-0.5103,9.9862,0.0054,0.066,9.8064,-0.0294,0.0586,-0.0228,2.5,-36.62,-5.31,162.83,-81.21,177.32
52.42919,-1.532397,169.94,11.28,3,330.17,20 / 21,1016510,2019-09-06 19:37:02:253,-1.1906,-2.185,8.8595,0.0021,-0.0547,9.8065,0.0735,-0.0734,0.0517,3.13,-36.37,-5.19,162.54,-81.23,177.27
52.42919,-1.532397,169.94,11.28,3,330.17,20 / 21,1016609,2019-09-06 19:37:02:352,-0.6626,0.2414,9.6702,0.0182,-0.0416,9.8065,0.0737,0.0393,0.033,2.81,-36.12,-5.5,162.33,-81.36,177.1
52.42919,-1.532397,169.94,11.28,3,330.17,20 / 21,1016710,2019-09-06 19:37:02:453,1.2959,-0.5307,9.9125,0.0051,0.0199,9.8066,0.147,0.0317,-0.0644,1.75,-36,-5.75,168.91,-81.07,177.69
52.42919,-1.532397,169.94,11.28,3,330.17,20 / 21,1016809,2019-09-06 19:37:02:552,0.5087,-0.8573,10.3244,-0.0011,0.0023,9.8066,0.2046,-0.0025,0.0047,1.31,-35.87,-5.25,173.69,-80.95,178.05
52.42919,-1.532397,169.94,11.28,3,330.17,20 / 21,1016910,2019-09-06 19:37:02:653,0.3506,-1.4835,9.9055,0.003,-0.0066,9.8066,-0.2158,-0.1422,-0.0173,0.75,-35.62,-4.81,173.79,-80.99,178.3
52.42919,-1.532397,169.94,11.28,3,330.17,20 / 21,1017010,2019-09-06 19:37:02:753,-1.2396,-0.8431,8.3603,0.0041,-0.0216,9.8066,0.0174,-0.0994,0.0801,1.69,-36.19,-4.69,168.55,-81.17,178.72
52.42919,-1.532397,169.94,11.28,3,330.17,20 / 21,1017109,2019-09-06 19:37:02:852,1.9365,-0.4898,9.7213,-0.0117,0.0252,9.8066,0.1563,0.0961,-0.0788,0.94,-36.81,-4.62,173.66,-81.11,177.94
52.42919,-1.532397,169.94,11.28,3,330.17,20 / 21,1017211,2019-09-06 19:37:02:954,0.6044,0.6882,10.4679,-0.0175,0.006,9.8066,-0.0825,0.0609,-0.0029,1.63,-36.62,-5,168.25,-81.13,177.71
52.42919,-1.532397,169.94,11.28,3,330.17,20 / 21,1017310,2019-09-06 19:37:03:053,-0.0282,-0.9188,9.783,0.004,-0.0001,9.8066,-0.0057,0.0899,0.1218,1.63,-36.87,-4.5,167.35,-81.12,177.81
52.42919,-1.532397,169.94,11.28,3,330.17,21 / 21,1017409,2019-09-06 19:37:03:152,0.8638,-1.2114,10.1219,-0.0045,-0.0158,9.8066,0.0524,0.0754,-0.0363,2.25,-36.44,-4.37,167.21,-81.07,177.86
52.42919,-1.532397,169.94,11.28,3,330.17,21 / 21,1017510,2019-09-06 19:37:03:253,-0.2931,-0.7515,9.8082,0.0023,-0.017,9.8066,0.1131,0.0769,-0.0144,3.5,-35.81,-5.31,157.85,-81.04,177.44
52.42919,-1.532397,169.94,11.28,3,330.17,21 / 21,1017609,2019-09-06 19:37:03:352,-0.7567,-0.416,9.5667,-0.0172,0.0341,9.8065,-0.1283,0.0009,0.0331,3.44,-36.12,-5.37,162.75,-80.83,176.94
52.42919,-1.532397,169.94,11.28,3,330.17,21 / 21,1017709,2019-09-06 19:37:03:452,0.7432,-1.4186,9.155,0.0018,0.0308,9.8066,-0.1536,-0.0298,0.0251,3.94,-36.25,-6.69,160.86,-80.92,177.45
52.42919,-1.532397,169.94,11.28,3,330.17,21 / 21,1017809,2019-09-06 19:37:03:552,0.4506,-0.7264,10.0087,0.0172,-0.0358,9.8065,-0.1371,0.0457,-0.0319,2.38,-37,-6,169.45,-81.21,178.58
52.42919,-1.532397,169.94,11.28,3,330.17,21 / 21,1017909,2019-09-06 19:37:03:652,0.2589,-1.3949,9.9443,0.0087,-0.0077,9.8065,0.1126,0.0401,0.0456,2.56,-37.25,-5.87,164.95,-81.22,179.05
52.42919,-1.532397,169.94,11.28,3,330.17,21 / 21,1018009,2019-09-06 19:37:03:752,0.2013,-0.9145,9.3193,-0.014,0.0128,9.8066,-0.084,0.0737,-0.0439,2,-36.81,-5.19,168.7,-81.26,178.82
52.42919,-1.532397,169.94,11.28,3,330.17,21 / 21,1018110,2019-09-06 19:37:03:853,-0.6837,-0.5426,9.734,-0.0092,0.0103,9.8066,-0.0716,0.0307,-0.0024,2.56,-36.25,-5.5,162.87,-81.19,177.84
52.42919,-1.532397,169.94,11.28,3,330.17,21 / 21,1018210,2019-09-06 19:37:03:953,0.0468,0.0359,9.8154,0.005,-0.0364,9.8065,0.0179,-0.0155,-0.0199,2.31,-37,-6.31,168.95,-81.4,177.84
52.42919,-1.532397,169.94,11.28,3,330.17,21 / 21,1018311,2019-09-06 19:37:04:054,0.5031,-0.5978,9.8917,0.003,-0.0104,9.8066,-0.0152,0.0308,-0.0636,2.56,-36.12,-6.31,163.81,-81.41,177.64
52.42919,-1.532397,169.94,11.28,3,330.17,21 / 21,1018410,2019-09-06 19:37:04:153,-0.7122,-0.575,8.7715,0.0023,0.0193,9.8066,0.0517,0.061,-0.0175,1.19,-36.94,-6.25,173.78,-81.27,177.57
52.42919,-1.532397,169.94,11.28,3,330.17,21 / 21,1018509,2019-09-06 19:37:04:252,-0.8975,0.5974,9.307,-0.0021,0.0386,9.8065,-0.0195,-0.0357,0.0101,1.38,-37.06,-6.56,174.41,-81.11,178.09
52.42919,-1.532397,169.94,11.28,3,330.17,21 / 21,1018610,2019-09-06 19:37:04:353,-0.0069,-1.6342,9.4062,0.0096,-0.034,9.8066,-0.0045,0.0349,0.0022,0.19,-37.94,-5.81,179.52,-81.04,179.06
52.42919,-1.532397,169.94,11.28,3,330.17,21 / 21,1018710,2019-09-06 19:37:04:453,-0.7157,-1.0106,9.8463,0.0018,-0.002,9.8066,0.0855,0.0243,0.0655,1.06,-37.12,-3.94,173.86,-81.33,179.65
52.42919,-1.532397,169.94,11.28,3,330.17,21 / 21,1018810,2019-09-06 19:37:04:553,-0.0131,-1.3051,10.0095,0.0155,-0.0262,9.8066,0.0888,0.0387,-0.0386,1.63,-37.06,-4,168.34,-81.5,-179.28
52.42919,-1.532397,169.94,11.28,3,330.17,21 / 21,1018909,2019-09-06 19:37:04:652,0.1158,-1.0793,10.1211,0.0127,-0.0211,9.8065,-0.0824,0.0476,-0.0199,2.19,-36.87,-4.06,168.52,-81.56,-178.79
52.42919,-1.532397,169.94,11.28,3,330.17,21 / 21,1019010,2019-09-06 19:37:04:753,0.1911,-0.918,10.1543,0,0.0164,9.8065,0.0184,0.0182,0.0202,2.69,-37.87,-4.31,163.41,-81.42,-178.45
52.42919,-1.532397,169.94,11.28,3,330.17,21 / 21,1019110,2019-09-06 19:37:04:853,0.3905,-0.6364,10.2151,0.0052,0.004,9.8066,-0.0622,0.0897,-0.0193,1.94,-36.87,-3.87,169.06,-81.37,-177.89
52.42919,-1.532397,169.94,11.28,3,330.17,21 / 21,1019210,2019-09-06 19:37:04:953,-1.4161,-0.9031,9.8348,-0.0048,0.0313,9.8066,-0.1351,0.0675,-0.0192,2.75,-37.31,-4.44,163.25,-81.38,-178.35
52.42919,-1.532397,169.94,11.28,3,330.17,21 / 21,1019310,2019-09-06 19:37:05:053,-1.2739,-1.7571,9.5164,0.0115,-0.0362,9.8065,-0.1609,0.0658,-0.0207,2,-37.12,-4.31,169.05,-81.17,-178.23
52.42919,-1.532397,169.94,11.28,3,330.17,20 / 21,1019410,2019-09-06 19:37:05:153,0.2254,-1.8783,10.043,0.002,-0.0257,9.8065,-0.0171,0.0539,-0.0396,2.75,-36.94,-4.12,163.25,-81.4,-178.32
52.42919,-1.532397,169.94,11.28,3,330.17,20 / 21,1019509,2019-09-06 19:37:05:252,0.0626,-1.9835,9.7043,-0.0067,0.0003,9.8066,0.0288,-0.0658,0.0136,3.19,-36,-5.12,164.48,-81.44,-178.64
52.42919,-1.532397,169.94,11.28,3,330.17,20 / 21,1019610,2019-09-06 19:37:05:353,0.6071,-0.7694,9.6736,-0.0033,0.0101,9.8066,0.0164,0.0167,0.0013,2.5,-36.06,-4.94,164.48,-81.36,-178.77
52.42919,-1.532397,169.94,11.28,3,330.17,20 / 21,1019710,2019-09-06 19:37:05:453,0.8194,-1.704,8.0299,-0.0214,0.0282,9.8066,0.0235,0.0543,-0.0042,2.13,-35.5,-5.19,169.95,-81.31,-178
52.42919,-1.532397,169.94,11.28,3,330.17,20 / 21,1019810,2019-09-06 19:37:05:553,0.3491,-2.7501,9.1537,-0.0178,0.0531,9.8065,-0.0464,-0.0321,0.0075,2.56,-35.56,-4.69,164.51,-81.11,-179.12
52.42919,-1.532397,169.94,11.28,3,330.17,20 / 21,1019909,2019-09-06 19:37:05:652,1.6802,-1.8975,9.9643,0.0294,-0.0628,9.8064,0.0158,-0.1074,0.0748,3,-36.37,-4.94,163.92,-81.75,-179.17
52.42919,-1.532397,169.94,11.28,3,330.17,20 / 21,1020010,2019-09-06 19:37:05:753,-0.0213,-0.6377,10.0005,-0.0041,0.0033,9.8066,-0.0074,-0.0108,-0.0084,2.31,-36.25,-4.31,167.99,-81.84,-179.09
52.42919,-1.532397,169.94,11.28,3,330.17,20 / 21,1020109,2019-09-06 19:37:05:852,0.6165,-2.061,9.7921,-0.0038,0.0038,9.8065,0.0997,0.0029,-0.0545,3,-36.5,-4.56,163.7,-81.82,-179.47
52.42919,-1.532397,169.94,11.28,3,330.17,20 / 21,1020210,2019-09-06 19:37:05:953,-0.5594,-0.5166,9.5052,0.0002,-0.0009,9.8066,0.128,0.0185,-0.1045,2.75,-36.56,-4.06,162.28,-81.68,-179.73
52.42919,-1.532397,169.94,11.28,3,330.17,20 / 21,1020310,2019-09-06 19:37:06:053,-1.3666,-0.936,10.0072,0.0053,0.0168,9.8066,-0.0055,-0.0449,0.0834,2.56,-37.56,-4.19,162.46,-81.57,179.86
52.42919,-1.532397,169.94,11.28,3,330.17,20 / 20,1020410,2019-09-06 19:37:06:153,-0.6491,-1.7531,9.8488,-0.0045,-0.0135,9.8066,-0.0659,0.1135,-0.0713,3.5,-37.5,-4.19,157.05,-81.53,-179.81
52.42919,-1.532397,169.94,11.28,3,330.17,20 / 20,1020510,2019-09-06 19:37:06:253,-0.9659,-1.3146,9.7944,-0.0123,0.0075,9.8066,-0.1705,0.0611,0.0265,3.56,-38.12,-4.12,157.11,-81.58,179.8
52.42919,-1.532397,169.94,11.28,3,330.17,20 / 20,1020609,2019-09-06 19:37:06:352,0.3458,-1.928,9.4066,0.0159,0.038,9.8065,-0.2767,0.0518,0.0815,3.06,-38.06,-3.94,163.27,-81.6,-178.35
52.42919,-1.532397,169.94,11.28,3,330.17,20 / 20,1020710,2019-09-06 19:37:06:453,1.2025,-1.1494,9.1951,0.0043,-0.0022,9.8066,0.1145,0.1926,-0.0866,3.06,-37.62,-4.56,165.45,-81.73,-177.07
52.42919,-1.532397,169.94,11.28,3,330.17,20 / 20,1020810,2019-09-06 19:37:06:553,-1.2811,-1.4748,9.6634,0.013,-0.0205,9.8066,0.1061,0.1195,-0.0127,3.44,-38.44,-4.31,163.95,-81.65,-176.81
52.42919,-1.532397,169.94,11.28,3,330.17,20 / 20,1020909,2019-09-06 19:37:06:652,-1.842,-0.5678,9.7683,0.0279,-0.0445,9.8065,0.0557,0.0721,-0.003,3.25,-37.31,-3.94,163.92,-81.56,-176.56
52.42919,-1.532397,169.94,11.28,3,330.17,20 / 20,1021010,2019-09-06 19:37:06:753,-1.0524,-0.1694,10.4481,0.0263,-0.0427,9.8065,0.0866,0.1646,-0.0463,3.25,-38.75,-3.5,162.6,-81.81,-175.31
52.42919,-1.532397,169.94,11.28,3,330.17,20 / 20,1021110,2019-09-06 19:37:06:853,-0.7059,-1.3374,9.7546,0.0025,0.0367,9.8065,-0.0049,0.1091,0.0548,3.44,-37.87,-3.87,165.76,-81.53,-173.21
52.42919,-1.532397,169.94,11.28,3,330.17,20 / 20,1021214,2019-09-06 19:37:06:957,-0.1514,-1.1611,10.1122,-0.0056,0.0161,9.8065,-0.0166,0.1163,-0.0351,3.88,-37.19,-3.31,157.98,-81.57,-172.7
52.42919,-1.532397,169.94,11.28,3,330.17,20 / 20,1021309,2019-09-06 19:37:07:052,-0.8497,-1.6723,10.3613,0.0114,-0.0084,9.8066,-0.0383,0.1813,-0.0057,4,-38.81,-3.31,158.84,-81.65,-171.99
52.42919,-1.532397,169.94,11.28,3,330.17,21 / 21,1021409,2019-09-06 19:37:07:152,-0.5102,-1.2174,9.6748,0.0117,-0.0072,9.8066,0.0096,0.1762,0.0405,3.94,-38.25,-2.37,155.66,-81.63,-171.37
52.42919,-1.532397,169.94,11.28,3,330.17,21 / 21,1021510,2019-09-06 19:37:07:253,-0.8454,-1.2192,9.5659,0.0071,-0.0003,9.8066,-0.0156,0.1948,0.0017,4.44,-38.31,-2.44,155.68,-81.67,-171.16
52.42919,-1.532397,169.94,11.28,3,330.17,21 / 21,1021610,2019-09-06 19:37:07:353,-0.7589,-0.9474,10.1901,-0.0008,0.0253,9.8066,0.0392,0.1699,0.0423,4.5,-38.31,-2.06,151.36,-81.68,-169.56
52.42919,-1.532397,169.94,11.28,3,330.17,21 / 21,1021710,2019-09-06 19:37:07:453,-1.3014,-0.7229,9.5321,-0.0078,0.0202,9.8066,-0.0931,0.1212,-0.024,4.69,-38.19,-2.44,152.15,-81.53,-168.51
52.42919,-1.532397,169.94,11.28,3,330.17,21 / 21,1021809,2019-09-06 19:37:07:552,-0.3113,-1.4853,9.895,-0.0089,0.0098,9.8066,-0.1382,0.1975,-0.0372,5.19,-37.81,-1.69,152.17,-81.59,-168.25
52.42919,-1.532397,169.94,11.28,3,330.17,21 / 21,1021910,2019-09-06 19:37:07:653,-0.8654,-3.0566,9.5968,0.0162,-0.0187,9.8065,0.1153,0.0815,0.0944,5.31,-37.69,-2.06,152.31,-81.76,-167.35
52.42919,-1.532397,169.94,11.28,3,330.17,21 / 21,1022010,2019-09-06 19:37:07:753,-1.2923,-0.9905,9.8112,0.0258,-0.0216,9.8065,-0.0055,0.1856,-0.0467,5.06,-37.06,-1.56,152.08,-81.79,-166.88
52.42919,-1.532397,169.94,11.28,3,330.17,21 / 21,1022110,2019-09-06 19:37:07:853,-0.3958,-1.1063,9.7122,0.0117,0.0045,9.8066,0.1934,0.1784,-0.038,5.38,-38.06,-0.81,148.66,-81.61,-166.93
52.42919,-1.532397,169.94,11.28,3,330.17,21 / 21,1022210,2019-09-06 19:37:07:953,-1.0257,0.0067,10.0514,0.0341,-0.0071,9.8065,0.2204,0.0755,0.0575,5.5,-38.62,-0.5,141.18,-81.55,-165.5
52.42919,-1.532397,169.94,11.28,3,330.17,21 / 21,1022309,2019-09-06 19:37:08:052,-0.8926,0.1334,10.065,-0.0263,0.0256,9.8065,-0.1291,0.1551,-0.0253,5.06,-38.19,0.06,145.29,-81.31,-165.4
52.42919,-1.532397,169.94,11.28,3,330.17,20 / 20,1022409,2019-09-06 19:37:08:152,-0.404,-0.552,9.9337,-0.0248,0.0125,9.8066,-0.1933,0.2095,-0.005,6.19,-38.75,0.13,141.72,-81.37,-165.31
52.42919,-1.532397,169.94,11.28,3,330.17,20 / 20,1022510,2019-09-06 19:37:08:253,-0.5577,-2.4907,10.7603,0.0607,-0.0549,9.8062,0.0257,0.0729,0.053,4.75,-38.37,0.38,145.35,-81.36,-164.98
52.42919,-1.532397,169.94,11.28,3,330.17,20 / 20,1022609,2019-09-06 19:37:08:352,-1.394,-0.3734,10.7394,0.0742,-0.0509,9.8062,0.1597,0.2312,-0.0702,6.06,-37.62,-0.12,140.97,-81.81,-163.51
52.42919,-1.532397,169.94,11.28,3,330.17,20 / 20,1022709,2019-09-06 19:37:08:452,-1.5144,-1.9381,11.0634,-0.0457,0.0388,9.8064,0.0092,-0.0331,0.1035,5.56,-37.56,0.56,137.02,-81.27,-163.74
52.42919,-1.532397,169.94,11.28,3,330.17,20 / 20,1022810,2019-09-06 19:37:08:553,-1.8336,-0.0969,9.7678,-0.0227,0.0021,9.8066,-0.0399,0.1106,-0.1808,5.94,-37.19,1,135.34,-81.31,-165.4
52.42919,-1.532397,169.94,11.28,3,330.17,20 / 20,1022909,2019-09-06 19:37:08:652,-0.2187,-1.0644,9.8304,-0.0084,0.0332,9.8065,0.1459,0.0595,0.0803,6.19,-37.44,1.19,136.7,-80.89,-165.09
52.42919,-1.532397,169.94,11.28,3,330.17,20 / 20,1023009,2019-09-06 19:37:08:752,0.0583,0.4176,9.8058,-0.0275,0.0041,9.8066,-0.0234,0.0984,-0.0059,6.56,-38.56,1.38,134.88,-80.81,-165.56
52.42919,-1.532397,169.94,11.28,3,330.17,20 / 20,1023110,2019-09-06 19:37:08:853,0.1685,-0.77,10.1693,0.0345,-0.0168,9.8066,0.0177,0.0643,-0.0358,7.13,-37.69,1.75,128.17,-80.87,-166.55
52.42919,-1.532397,169.94,11.28,3,330.17,20 / 20,1023209,2019-09-06 19:37:08:952,0.0149,0.4384,9.8073,0.0596,-0.0333,9.8063,0.0433,0.0357,-0.046,6.31,-38.12,1.31,135.22,-81.42,-166.29
52.42919,-1.532397,169.94,11.28,3,330.17,20 / 20,1023310,2019-09-06 19:37:09:053,-0.3113,-0.1157,9.5066,-0.038,0.001,9.8065,-0.1932,-0.014,-0.0133,6.63,-37.87,1.19,131.2,-81.53,-167.16
52.429825,-1.53305,170.51,7.5,3,304.93,20 / 20,1023410,2019-09-06 19:37:09:153,1.3744,0.3799,9.8924,-0.0518,0.0027,9.8065,-0.2228,-0.0396,-0.0208,6.94,-37.94,1.31,129.92,-81.72,-168.32
52.429825,-1.53305,170.51,7.5,3,304.93,20 / 20,1023510,2019-09-06 19:37:09:253,0.3757,-0.4622,8.4717,0.0305,-0.0469,9.8065,0.1963,-0.0851,-0.0316,6.69,-37.75,0.44,133.18,-81.95,-170.42
52.429825,-1.53305,170.51,7.5,3,304.93,20 / 20,1023609,2019-09-06 19:37:09:352,-1.0672,0.8008,10.1062,0.0341,-0.0282,9.8065,0.2645,-0.0558,-0.0829,7.44,-37.69,0.5,125.62,-82.36,-171.76
52.429825,-1.53305,170.51,7.5,3,304.93,20 / 20,1023710,2019-09-06 19:37:09:453,-0.5021,-0.0979,10.0663,0.0163,-0.0128,9.8066,-0.0978,-0.174,0.0808,7.63,-37.37,0.38,126.38,-82.48,-172.71
52.429825,-1.53305,170.51,7.5,3,304.93,20 / 20,1023809,2019-09-06 19:37:09:552,1.3527,1.9007,10.0989,0.0071,-0.01,9.8066,-0.1408,-0.0033,-0.0601,7.13,-37.5,1.06,123.44,-82.52,-173.08
52.429825,-1.53305,170.51,7.5,3,304.93,20 / 20,1023910,2019-09-06 19:37:09:653,1.8392,1.2121,9.5192,-0.0132,-0.0147,9.8066,0.0249,-0.1085,-0.0671,6.81,-38.44,0.5,124.13,-82.43,-173.65
52.429825,-1.53305,170.51,7.5,3,304.93,20 / 20,1024010,2019-09-06 19:37:09:753,1.7626,0.7545,9.4032,-0.0459,0.0215,9.8065,0.034,-0.2745,0.0834,6.13,-38.37,0,133.75,-82.14,-174.95
52.429825,-1.53305,170.51,7.5,3,304.93,20 / 20,1024110,2019-09-06 19:37:09:853,1.0473,1.4934,9.814,0.0006,0.031,9.8065,0.036,-0.1942,0.0997,6.19,-38.87,0.69,129.55,-81.96,-174.74
52.429825,-1.53305,170.51,7.5,3,304.93,20 / 20,1024209,2019-09-06 19:37:09:952,2.827,2.1949,10.9033,0.0088,0.024,9.8065,0.1008,-0.2301,0.0789,5.25,-38,0,141.61,-81.67,-171.45
52.429825,-1.53305,170.51,7.5,3,304.93,20 / 20,1024310,2019-09-06 19:37:10:053,1.9094,2.1195,10.2974,-0.0253,-0.0127,9.8065,-0.0603,-0.3143,-0.0432,5.38,-38.06,0.5,135.18,-81.66,-173.21
52.429825,-1.53305,170.51,7.5,3,304.93,21 / 21,1024410,2019-09-06 19:37:10:153,2.1223,2.0026,10.1233,-0.0269,0.005,9.8066,-0.0139,-0.349,0.0183,5.13,-37.12,0,139.35,-81.65,-175.01
52.429825,-1.53305,170.51,7.5,3,304.93,21 / 21,1024509,2019-09-06 19:37:10:252,2.6037,1.4151,9.3166,-0.0322,0.0198,9.8065,-0.0646,-0.3313,0.0562,4.69,-37.75,-1.62,148.23,-81.46,-176.87
52.429825,-1.53305,170.51,7.5,3,304.93,21 / 21,1024610,2019-09-06 19:37:10:353,2.4122,0.3393,9.8372,-0.0281,0.0214,9.8065,-0.1,-0.3224,-0.0008,4.56,-38.31,-0.81,144.37,-81.38,-177.42
52.429825,-1.53305,170.51,7.5,3,304.93,21 / 21,1024710,2019-09-06 19:37:10:453,3.3625,1.0295,10.2453,0.002,-0.0201,9.8065,0.0594,-0.3868,-0.0125,4.75,-38.81,-1.19,144.09,-81.53,-178.44
52.429825,-1.53305,170.51,7.5,3,304.93,21 / 21,1024810,2019-09-06 19:37:10:553,2.4816,0.6272,9.9333,-0.0212,-0.0264,9.8066,0.0458,-0.3791,-0.0218,4.38,-38.31,-1.75,151.46,-81.66,178.95
52.429825,-1.53305,170.51,7.5,3,304.93,21 / 21,1024910,2019-09-06 19:37:10:653,2.2356,0.6889,9.3129,-0.0293,0.0136,9.8066,0.0156,-0.3843,0.0228,3.88,-38.37,-2.19,150.7,-81.49,176.3
52.429825,-1.53305,170.51,7.5,3,304.93,21 / 21,1025009,2019-09-06 19:37:10:752,2.5358,-0.0979,9.5339,-0.0021,0.0217,9.8066,0.0178,-0.4348,0.0699,2.75,-37.87,-2.69,159.32,-81.37,176.18
52.429825,-1.53305,170.51,7.5,3,304.93,21 / 21,1025109,2019-09-06 19:37:10:852,3.0656,-0.2533,9.7284,0.0098,0.0018,9.8066,-0.0171,-0.4228,0.0678,2.13,-37.69,-2.75,165.95,-81.37,177.19
52.429825,-1.53305,170.51,7.5,3,304.93,21 / 21,1025210,2019-09-06 19:37:10:953,2.6114,-0.631,9.602,-0.0008,0.0059,9.8066,-0.0645,-0.4,0.0338,1.44,-37.87,-2.81,172.44,-81.38,177.25
52.429825,-1.53305,170.51,7.5,3,304.93,21 / 21,1025310,2019-09-06 19:37:11:053,3.5748,-0.7902,9.8832,0.0162,-0.0132,9.8066,0.0686,-0.464,0.0915,0.88,-37.69,-3.31,172.49,-81.55,177.68
52.429825,-1.53305,170.51,7.5,3,304.93,20 / 20,1025409,2019-09-06 19:37:11:152,2.1641,-0.5327,9.9408,-0.0058,-0.0204,9.8065,0.029,-0.403,0.0167,0.88,-37.75,-4.06,173.11,-81.69,178.03
52.429825,-1.53305,170.51,7.5,3,304.93,20 / 20,1025510,2019-09-06 19:37:11:253,3.0487,-0.8866,10.4017,0.0028,0.0183,9.8065,-0.0517,-0.4498,0.0604,-0.94,-38.31,-4,185.22,-81.58,178.17
52.429825,-1.53305,170.51,7.5,3,304.93,20 / 20,1025609,2019-09-06 19:37:11:352,2.353,-0.8339,9.4848,-0.012,0.0086,9.8066,-0.0175,-0.444,0.0508,-0.81,-38.87,-4.62,184.08,-81.53,177.33
52.429825,-1.53305,170.51,7.5,3,304.93,20 / 20,1025710,2019-09-06 19:37:11:453,2.6328,-1.0094,9.0629,0.0173,0.0067,9.8066,-0.0236,-0.4445,0.0932,-0.81,-37.87,-4.37,185.1,-81.46,177.99
52.429825,-1.53305,170.51,7.5,3,304.93,20 / 20,1025810,2019-09-06 19:37:11:553,2.0362,-1.5102,9.3377,0.015,-0.0034,9.8066,-0.0341,-0.4615,0.1274,-3.62,-37.56,-5.31,200.41,-81.56,179.26
52.429825,-1.53305,170.51,7.5,3,304.93,20 / 20,1025910,2019-09-06 19:37:11:653,2.7756,-1.8695,10.3288,0.0156,-0.0495,9.8064,-0.0317,-0.4572,0.1049,-3.25,-37.87,-5.25,196.71,-81.67,-178.67
52.429825,-1.53305,170.51,7.5,3,304.93,20 / 20,1026009,2019-09-06 19:37:11:752,2.1682,-1.6258,10.3375,-0.009,-0.0467,9.8065,0.0065,-0.4408,0.0575,-4,-37.75,-5.44,203.37,-82.16,-176.72
52.429825,-1.53305,170.51,7.5,3,304.93,20 / 20,1026110,2019-09-06 19:37:11:853,1.7035,-1.6613,9.5354,0.0102,0.0102,9.8066,-0.0622,-0.4654,0.0853,-4.87,-37.94,-5.5,208.52,-82.16,-176.17
52.429825,-1.53305,170.51,7.5,3,304.93,20 / 20,1026209,2019-09-06 19:37:11:952,1.93,-1.6327,9.1563,0.02,0.007,9.8066,-0.0217,-0.4614,0.1392,-5.94,-37.75,-5.31,213.8,-82.18,-174.96
52.429825,-1.53305,170.51,7.5,3,304.93,20 / 20,1026310,2019-09-06 19:37:12:053,2.2766,-2.085,9.7848,0.0155,-0.0116,9.8066,0.0276,-0.4872,0.0883,-6.94,-38.5,-5.12,219.25,-81.94,-172.31
52.429825,-1.53305,170.51,7.5,3,304.93,21 / 21,1026409,2019-09-06 19:37:12:152,1.9113,-2.1678,9.6852,0.0146,-0.0014,9.8066,-0.0072,-0.4415,0.0563,-7.75,-38.12,-5.5,223.63,-81.8,-171.19
52.429825,-1.53305,170.51,7.5,3,304.93,21 / 21,1026510,2019-09-06 19:37:12:253,2.4686,-1.9045,10.1609,0.0025,-0.0081,9.8066,-0.0474,-0.4269,0.0556,-8.75,-37.87,-5.87,225.51,-81.83,-170.12
52.429825,-1.53305,170.51,7.5,3,304.93,21 / 21,1026610,2019-09-06 19:37:12:353,1.8832,-2.0171,10.3077,-0.0069,-0.0126,9.8066,0.0355,-0.4679,0.1162,-8.87,-37.62,-5.62,226.29,-82,-169.51
52.429825,-1.53305,170.51,7.5,3,304.93,21 / 21,1026710,2019-09-06 19:37:12:453,1.387,-1.4209,10.18,0.0045,0.0054,9.8066,-0.0261,-0.4657,0.0644,-9.69,-38.06,-5.56,229.48,-81.9,-169.29
52.429825,-1.53305,170.51,7.5,3,304.93,21 / 21,1026809,2019-09-06 19:37:12:552,1.8666,-2.2972,9.7398,0.0108,-0.0051,9.8065,0.0194,-0.4697,0.0809,-11.06,-37.75,-4.56,235.4,-81.82,-168.67
52.429825,-1.53305,170.51,7.5,3,304.93,21 / 21,1026910,2019-09-06 19:37:12:653,1.1908,-2.5985,9.7032,0.0221,0.0041,9.8066,0.0539,-0.4767,0.0898,-11.5,-38,-3.94,238.4,-81.49,-167.55
52.429825,-1.53305,170.51,7.5,3,304.93,21 / 21,1027009,2019-09-06 19:37:12:752,1.4023,-2.5516,9.8665,0.0238,0.0093,9.8066,0.042,-0.4816,0.071,-12.44,-38.31,-3.56,240.86,-81.26,-167.27
52.429825,-1.53305,170.51,7.5,3,304.93,21 / 21,1027110,2019-09-06 19:37:12:853,0.7474,-2.8487,9.7387,-0.0043,-0.0126,9.8066,0.0447,-0.5177,0.0713,-13.5,-38.19,-3.19,245.93,-81.09,-167.33
52.429825,-1.53305,170.51,7.5,3,304.93,21 / 21,1027210,2019-09-06 19:37:12:953,0.1588,-1.9188,9.989,-0.0104,-0.0043,9.8065,0.0028,-0.4596,0.0479,-13.81,-38.06,-2.25,251.44,-81.06,-167.06
52.429825,-1.53305,170.51,7.5,3,304.93,21 / 21,1027310,2019-09-06 19:37:13:053,0.7402,-2.6927,9.9678,0.0057,0.0027,9.8065,-0.0139,-0.4862,0.0351,-14.31,-38.25,-2.37,251.37,-80.93,-166.77
52.429825,-1.53305,170.51,7.5,3,304.93,20 / 20,1027409,2019-09-06 19:37:13:152,0.6461,-2.6388,9.8459,-0.001,0.0089,9.8066,0.0182,-0.4965,0.0784,-14.87,-37.5,-1.87,253.11,-80.89,-167.49
52.429825,-1.53305,170.51,7.5,3,304.93,20 / 20,1027510,2019-09-06 19:37:13:253,1.2303,-3.08,9.5427,0.0041,-0.0007,9.8066,-0.0442,-0.501,0.0223,-15.5,-37.31,-1.81,252.9,-80.8,-167.51
52.429825,-1.53305,170.51,7.5,3,304.93,20 / 20,1027609,2019-09-06 19:37:13:352,0.4311,-2.1321,9.4516,-0.0047,0.0151,9.8066,-0.0401,-0.4855,0.037,-16.25,-36.81,-0.94,257.21,-80.85,-168.13
52.429825,-1.53305,170.51,7.5,3,304.93,20 / 20,1027710,2019-09-06 19:37:13:453,0.4705,-2.3388,9.85,-0.0168,0.0049,9.8066,0.0374,-0.4666,0.0175,-17,-37.12,-1.37,257.8,-80.89,-169.08
52.429825,-1.53305,170.51,7.5,3,304.93,20 / 20,1027809,2019-09-06 19:37:13:552,0.9417,-1.3885,9.7352,-0.0105,0.0051,9.8066,0.0119,-0.4609,0.0511,-17.19,-37.75,-0.44,259.49,-80.99,-170.26
52.429825,-1.53305,170.51,7.5,3,304.93,20 / 20,1027909,2019-09-06 19:37:13:652,0.9076,-1.9453,9.6665,-0.0183,0.0019,9.8065,-0.0321,-0.48,0.049,-17.44,-36.75,0.38,259.72,-81.15,-170.92
52.429825,-1.53305,170.51,7.5,3,304.93,20 / 20,1028010,2019-09-06 19:37:13:753,0.3884,-2.2316,9.6196,-0.0179,-0.0174,9.8065,-0.0425,-0.4733,0.0662,-18.44,-37.12,0.69,264.62,-81.22,-170.22
52.429825,-1.53305,170.51,7.5,3,304.93,20 / 20,1028110,2019-09-06 19:37:13:853,0.0928,-2.2162,9.8461,0.0136,0.0125,9.8066,-0.028,-0.4942,0.0786,-17.75,-37.19,0.69,265.07,-81.24,-169.81
52.429825,-1.53305,170.51,7.5,3,304.93,20 / 20,1028210,2019-09-06 19:37:13:953,0.3875,-1.9452,9.8506,0.0182,0.0155,9.8065,-0.0574,-0.4652,0.0191,-18.25,-35.87,1.38,264.21,-81.08,-170.88
52.429825,-1.53305,170.51,7.5,3,304.93,20 / 20,1028310,2019-09-06 19:37:14:053,0.4518,-2.0048,9.9327,-0.0129,-0.0012,9.8066,0.0079,-0.4401,0.0874,-19.25,-35.62,3.19,270.62,-81.08,-171.27
52.429825,-1.53305,170.51,7.5,3,304.93,20 / 20,1028409,2019-09-06 19:37:14:152,0.6023,-1.957,9.383,-0.0061,-0.0024,9.8066,-0.0224,-0.4917,0.0906,-19.31,-35.75,3.19,270.53,-81.04,-171.28
52.429825,-1.53305,170.51,7.5,3,304.93,20 / 20,1028510,2019-09-06 19:37:14:253,-0.2654,-2.5306,9.8473,0.0148,-0.005,9.8066,-0.069,-0.4834,0.0755,-19.62,-35.5,4.13,274.78,-81.06,-170.86
52.429825,-1.53305,170.51,7.5,3,304.93,20 / 20,1028609,2019-09-06 19:37:14:352,0.7256,-2.7315,9.7511,0.0041,-0.0118,9.8066,-0.0677,-0.4921,0.1104,-20.56,-35.31,5.31,278.81,-81,-169.78
52.429825,-1.53305,170.51,7.5,3,304.93,20 / 20,1028710,2019-09-06 19:37:14:453,0.0006,-2.7639,9.8143,-0.0145,0.0004,9.8066,-0.0874,-0.4964,0.0737,-20.75,-35.37,6.13,282.94,-81.18,-168.85
52.429825,-1.53305,170.51,7.5,3,304.93,20 / 20,1028810,2019-09-06 19:37:14:553,-0.5809,-2.789,10.0012,-0.0053,-0.0071,9.8066,0.0026,-0.5186,0.0888,-21.25,-35.44,6.69,286.54,-81.25,-168.23
52.429825,-1.53305,170.51,7.5,3,304.93,20 / 20,1028909,2019-09-06 19:37:14:652,-0.0004,-2.504,9.6526,-0.0047,-0.0011,9.8066,-0.0572,-0.5126,0.0761,-20.5,-34.5,6.63,287.99,-81.3,-167.61
52.429825,-1.53305,170.51,7.5,3,304.93,20 / 20,1029010,2019-09-06 19:37:14:753,-1.2144,-2.4324,9.9026,0.0047,-0.0042,9.8066,-0.0874,-0.5247,0.0726,-22.06,-34.06,8.06,290.67,-81.32,-167.14
52.429825,-1.53305,170.51,7.5,3,304.93,20 / 20,1029110,2019-09-06 19:37:14:853,-1.167,-2.1975,10.0252,-0.0028,0.0024,9.8065,-0.0039,-0.512,0.0842,-21.81,-34.06,8.31,290.87,-81.32,-166.96
52.429825,-1.53305,170.51,7.5,3,304.93,20 / 20,1029209,2019-09-06 19:37:14:952,-0.7882,-2.142,9.7411,0.0086,0.005,9.8066,-0.0525,-0.4728,0.0443,-21.37,-34.44,9.06,293.4,-81.28,-167.49
52.429825,-1.53305,170.51,7.5,3,304.93,20 / 20,1029310,2019-09-06 19:37:15:053,-1.5521,-2.2061,9.6747,0.0021,0.0063,9.8066,-0.0031,-0.4734,0.0388,-21.56,-34.81,9.5,294.57,-81.34,-168.07
52.429825,-1.53305,170.51,7.5,3,304.93,21 / 21,1029409,2019-09-06 19:37:15:152,-1.4726,-1.942,9.8174,-0.003,0.0101,9.8066,-0.0045,-0.5082,0.0601,-22.31,-35,11.5,299.24,-81.37,-168.46
52.429825,-1.53305,170.51,7.5,3,304.93,21 / 21,1029509,2019-09-06 19:37:15:252,-1.3886,-1.6415,9.9943,0.0054,-0.0069,9.8066,-0.0283,-0.4675,0.0786,-21.75,-35.19,12.38,298.93,-81.35,-168.72
52.429825,-1.53305,170.51,7.5,3,304.93,21 / 21,1029610,2019-09-06 19:37:15:353,-1.7553,-2.5552,9.84,0.005,-0.0026,9.8066,-0.0279,-0.4932,0.0892,-21.94,-35.62,13,300.93,-81.25,-168.66
52.429825,-1.53305,170.51,7.5,3,304.93,21 / 21,1029709,2019-09-06 19:37:15:452,-2.2005,-2.1547,9.8483,0.0006,0.0037,9.8066,-0.0212,-0.4522,0.0539,-22,-35.19,13.69,303.53,-81.26,-168.77
52.429825,-1.53305,170.51,7.5,3,304.93,21 / 21,1029810,2019-09-06 19:37:15:553,-1.5829,-2.0888,9.9973,0.0066,0.0046,9.8066,-0.0363,-0.499,0.0501,-22.12,-34.5,15.13,305.22,-81.3,-169.6
52.429825,-1.53305,170.51,7.5,3,304.93,21 / 21,1029910,2019-09-06 19:37:15:653,-1.8434,-2.4883,9.6363,0.0006,0.0098,9.8066,-0.0818,-0.4772,0.0401,-21.81,-35.31,15.63,306.56,-81.4,-170.19
52.429825,-1.53305,170.51,7.5,3,304.93,21 / 21,1030009,2019-09-06 19:37:15:752,-1.7487,-1.8817,9.162,0.0099,0.0023,9.8066,-0.0931,-0.4817,0.0467,-21.75,-34.31,16.38,306.18,-81.5,-170.91
52.429825,-1.53305,170.51,7.5,3,304.93,21 / 21,1030110,2019-09-06 19:37:15:853,-2.1097,-1.8795,9.3335,0.0268,0.0004,9.8066,0.0395,-0.5134,0.0449,-21.12,-35.06,16.94,307.98,-81.51,-171.97
52.429825,-1.53305,170.51,7.5,3,304.93,21 / 21,1030209,2019-09-06 19:37:15:952,-2.1323,-1.9807,10.3254,-0.0199,0.0312,9.8065,0.0338,-0.5153,0.0179,-20.37,-35.44,18,309.96,-81.7,-173.41
52.429825,-1.53305,170.51,7.5,3,304.93,21 / 21,1030309,2019-09-06 19:37:16:052,-2.5424,-1.7176,10.0298,-0.0131,0.0313,9.8066,0.0056,-0.4729,0.0204,-20.37,-34.62,18.56,309.95,-81.68,-175.14
52.429825,-1.53305,170.51,7.5,3,304.93,21 / 21,1030410,2019-09-06 19:37:16:153,-1.8728,-2.1986,9.9751,0.0254,0.0063,9.8066,0.0493,-0.5029,0.0622,-19.81,-34.44,18.94,307.59,-81.59,-177.37
52.429825,-1.53305,170.51,7.5,3,304.93,21 / 21,1030510,2019-09-06 19:37:16:253,-2.4495,-1.459,9.1552,0.0031,0.0191,9.8066,-0.0804,-0.4715,0.0054,-19.81,-34.44,20.31,308,-81.56,-178.65
52.429825,-1.53305,170.51,7.5,3,304.93,21 / 21,1030609,2019-09-06 19:37:16:352,-2.8846,-1.9649,9.5247,0.0172,0.0143,9.8066,-0.0972,-0.5206,0.0643,-19.5,-34.37,20.31,307.99,-81.68,179.95
52.429825,-1.53305,170.51,7.5,3,304.93,21 / 21,1030710,2019-09-06 19:37:16:453,-2.405,-1.2927,9.6117,0.0089,0.0139,9.8066,0.0156,-0.4717,0.0119,-18.69,-33.81,21.19,307.42,-81.77,177.75
52.429825,-1.53305,170.51,7.5,3,304.93,21 / 21,1030810,2019-09-06 19:37:16:553,-2.4877,-1.6592,10.1477,-0.0005,0.0223,9.8065,0.0024,-0.5004,0.0087,-18.31,-33.94,21.88,308.2,-81.97,175.35
52.429825,-1.53305,170.51,7.5,3,304.93,21 / 21,1030910,2019-09-06 19:37:16:653,-2.4865,-1.6247,9.9107,0.001,0.0235,9.8065,-0.0087,-0.4823,0.0242,-18,-34.19,22.31,306.55,-82.03,173.8
52.429825,-1.53305,170.51,7.5,3,304.93,21 / 21,1031009,2019-09-06 19:37:16:752,-2.5738,-0.7598,9.488,0.0137,0.0073,9.8066,0.007,-0.5154,0.0417,-16.75,-34.25,24.06,308.67,-81.93,171.58
52.429825,-1.53305,170.51,7.5,3,304.93,21 / 21,1031109,2019-09-06 19:37:16:852,-2.8765,-1.1186,9.2878,0.0094,0.0107,9.8066,0.0205,-0.4955,0.0289,-16.31,-33.87,24.81,310.73,-81.87,170.73
52.429825,-1.53305,170.51,7.5,3,304.93,21 / 21,1031209,2019-09-06 19:37:16:952,-3.0125,-1.4793,10.1302,0.0108,0.0006,9.8066,-0.0209,-0.5231,0.0221,-16.12,-34,25.19,309.57,-81.82,169.73
52.429825,-1.53305,170.51,7.5,3,304.93,21 / 21,1031310,2019-09-06 19:37:17:053,-2.9307,-1.1736,9.886,0.0076,0.0171,9.8066,-0.0216,-0.4843,0.0182,-14.62,-33.37,26.19,311.11,-81.82,168.19
52.429825,-1.53305,170.51,7.5,3,304.93,22 / 22,1031409,2019-09-06 19:37:17:152,-3.7566,-1.5235,9.4985,0.006,0.0103,9.8066,-0.0907,-0.5378,0.0666,-14.06,-33.44,26.25,310.79,-81.96,166.21
52.429825,-1.53305,170.51,7.5,3,304.93,22 / 22,1031510,2019-09-06 19:37:17:253,-3.1259,-0.9067,9.415,0.0057,0.0137,9.8066,0.0426,-0.5581,0.0578,-14.06,-33.62,25.94,309.57,-82.12,165.17
52.429825,-1.53305,170.51,7.5,3,304.93,22 / 22,1031609,2019-09-06 19:37:17:352,-3.3234,-0.6093,9.8136,-0.0044,0.0159,9.8065,0.0522,-0.5337,0.033,-13.25,-33.56,26.75,311.43,-82.17,164.1
52.429825,-1.53305,170.51,7.5,3,304.93,22 / 22,1031710,2019-09-06 19:37:17:453,-3.3894,-1.1245,9.8772,-0.0082,0.0201,9.8066,-0.0098,-0.5487,0.1031,-11.69,-33.81,27.69,313.51,-82.3,163.22
52.429825,-1.53305,170.51,7.5,3,304.93,22 / 22,1031809,2019-09-06 19:37:17:552,-2.9696,-1.2812,9.4784,0.004,-0.0052,9.8066,-0.0438,-0.5086,0.0552,-11.62,-33.62,27.63,313.77,-82.28,163.47
52.429825,-1.53305,170.51,7.5,3,304.93,22 / 22,1031910,2019-09-06 19:37:17:653,-3.3829,-0.9196,9.2694,-0.0093,0.016,9.8065,0.026,-0.5379,0.1022,-10.25,-33.75,28.19,317.17,-82.37,163.03
52.429825,-1.53305,170.51,7.5,3,304.93,22 / 22,1032009,2019-09-06 19:37:17:752,-3.4922,-1.1762,10.0601,-0.0098,0.0089,9.8066,-0.0201,-0.5149,0.0259,-9.31,-34.37,28.94,320.39,-82.5,163.24
52.429825,-1.53305,170.51,7.5,3,304.93,22 / 22,1032110,2019-09-06 19:37:17:853,-3.2131,-0.6957,9.6114,0.0037,0.0201,9.8066,-0.0265,-0.5628,0.1041,-8.94,-33.12,27.94,318.65,-82.59,162.21
52.429825,-1.53305,170.51,7.5,3,304.93,22 / 22,1032210,2019-09-06 19:37:17:953,-3.7671,-0.8384,9.4869,-0.0022,0.0056,9.8066,-0.0976,-0.5357,0.0431,-8.19,-33.12,28.56,321.36,-82.64,162.06
52.429825,-1.53305,170.51,7.5,3,304.93,22 / 22,1032310,2019-09-06 19:37:18:053,-4.2399,-0.7384,9.9143,-0.0042,-0.0001,9.8066,0.0627,-0.5543,0.0738,-7.06,-33.44,29.5,323.86,-82.78,161.78
52.429993,-1.53289,170.99,5.66,3,170.58,21 / 21,1032409,2019-09-06 19:37:18:152,-4.1642,-0.6254,9.9161,0.0066,0.0006,9.8066,-0.0509,-0.5545,0.0244,-6.44,-33,28.69,324.88,-82.78,161.41
52.429993,-1.53289,170.99,5.66,3,170.58,21 / 21,1032510,2019-09-06 19:37:18:253,-3.7432,0.1124,9.3692,0.02,-0.0074,9.8065,-0.0889,-0.5187,0.0364,-5.06,-33.5,29.75,325.13,-82.73,159.32
52.429993,-1.53289,170.99,5.66,3,170.58,21 / 21,1032610,2019-09-06 19:37:18:353,-3.5597,-0.0401,9.0922,0.0056,-0.0082,9.8066,0.0459,-0.5007,0.0404,-4.12,-34,29.56,325.76,-82.81,158.11
52.429993,-1.53289,170.99,5.66,3,170.58,21 / 21,1032710,2019-09-06 19:37:18:453,-4.3367,0.4751,10.2869,-0.0092,0.0146,9.8066,0.045,-0.5253,0.0759,-3.37,-33.69,28.69,327.03,-82.99,157.59
52.429993,-1.53289,170.99,5.66,3,170.58,21 / 21,1032810,2019-09-06 19:37:18:553,-3.9916,-0.0497,10.1461,-0.0024,0.0229,9.8066,-0.0139,-0.5117,0.0784,-2.31,-33.5,29.25,329.31,-83.05,157.47
52.429993,-1.53289,170.99,5.66,3,170.58,21 / 21,1032910,2019-09-06 19:37:18:653,-3.7888,0.2711,10.1318,0.0011,-0.0176,9.8066,-0.0021,-0.5186,0.0376,-1.56,-33.5,28.31,328.96,-83.09,157.42
52.429993,-1.53289,170.99,5.66,3,170.58,21 / 21,1033010,2019-09-06 19:37:18:753,-3.5753,0.9126,9.6197,0.0159,-0.017,9.8065,0.0534,-0.5412,0.0704,-0.94,-33.25,27.38,330.76,-82.95,157.27
52.429993,-1.53289,170.99,5.66,3,170.58,21 / 21,1033109,2019-09-06 19:37:18:852,-4.0738,0.7571,9.7464,0.0006,-0.0041,9.8066,0.0552,-0.5529,0.0384,0.13,-33.37,27.5,332.85,-82.77,156.92
52.429993,-1.53289,170.99,5.66,3,170.58,21 / 21,1033210,2019-09-06 19:37:18:953,-3.4367,0.6364,9.9303,0.0086,0.006,9.8066,0.11,-0.5595,0.0827,0,-34,28.25,332.49,-82.59,156.84
52.429993,-1.53289,170.99,5.66,3,170.58,21 / 21,1033310,2019-09-06 19:37:19:053,-3.6156,-0.1126,9.4693,-0.001,-0.0189,9.8065,0.0872,-0.5278,0.0319,1.5,-34.37,27.94,337.95,-82.35,157.51
52.429993,-1.53289,170.99,5.66,3,170.58,20 / 21,1033410,2019-09-06 19:37:19:153,-3.8914,0.5558,10.0553,-0.0162,0.0069,9.8066,-0.0517,-0.5673,0.1025,1.75,-34.5,28.44,338.56,-82.34,158.04
52.429993,-1.53289,170.99,5.66,3,170.58,20 / 21,1033509,2019-09-06 19:37:19:252,-4.1385,0.9242,10.3969,0.0016,0.0017,9.8066,-0.0521,-0.5204,0.0258,1.88,-34.81,27.88,338.93,-82.41,158.41
52.429993,-1.53289,170.99,5.66,3,170.58,20 / 21,1033610,2019-09-06 19:37:19:353,-3.8464,0.6214,9.6173,0.0078,0.0093,9.8066,0.0362,-0.542,0.056,3.19,-34.44,27.38,340.18,-82.41,157.22
52.429993,-1.53289,170.99,5.66,3,170.58,20 / 21,1033709,2019-09-06 19:37:19:452,-4.2939,1.1174,9.2486,0.008,0.0193,9.8065,0.0876,-0.5471,0.0735,3.75,-33.81,27.13,341.34,-82.45,156.07
52.429993,-1.53289,170.99,5.66,3,170.58,20 / 21,1033810,2019-09-06 19:37:19:553,-4.0741,1.0286,9.8558,-0.0029,0.014,9.8066,-0.0286,-0.5353,0.0308,4,-33.81,27,341.4,-82.38,156.14
52.429993,-1.53289,170.99,5.66,3,170.58,20 / 21,1033909,2019-09-06 19:37:19:652,-3.8559,0.8455,9.6532,0.009,-0.0064,9.8066,0.0026,-0.5323,0.0653,4.75,-33.81,25.75,343.8,-82.3,155.81
52.429993,-1.53289,170.99,5.66,3,170.58,20 / 21,1034009,2019-09-06 19:37:19:752,-4.333,1.2021,9.9043,0.0078,0.0098,9.8066,-0.0703,-0.5116,0.0024,6,-33.81,25.44,345.58,-82.4,154.7
52.429993,-1.53289,170.99,5.66,3,170.58,20 / 21,1034110,2019-09-06 19:37:19:853,-3.5745,1.3698,9.1245,0.022,0.0222,9.8066,0,-0.5063,0.0399,6.31,-34.56,24.75,343.71,-82.51,153.2
52.429993,-1.53289,170.99,5.66,3,170.58,20 / 21,1034210,2019-09-06 19:37:19:953,-3.7191,1.4691,9.3771,0.0101,0.0013,9.8066,-0.0068,-0.545,0.0454,7.19,-34.25,24.75,343.44,-82.63,150.67
52.429993,-1.53289,170.99,5.66,3,170.58,20 / 21,1034310,2019-09-06 19:37:20:053,-2.94,1.3534,9.6821,0.0174,0.0138,9.8065,0.0087,-0.56,0.0523,8.13,-34.31,23.56,344.49,-82.72,148.78
52.429993,-1.53289,170.99,5.66,3,170.58,21 / 21,1034409,2019-09-06 19:37:20:152,-3.5782,1.2533,9.4001,0.0013,0.0055,9.8066,0.0129,-0.5287,0.0627,8.44,-34,22.56,344.8,-82.77,148.38
52.429993,-1.53289,170.99,5.66,3,170.58,21 / 21,1034509,2019-09-06 19:37:20:252,-3.5306,1.2037,9.4184,0.0027,0.026,9.8065,0.067,-0.5325,0.0838,9.31,-34,21.38,348.44,-83.04,147.4
52.429993,-1.53289,170.99,5.66,3,170.58,21 / 21,1034609,2019-09-06 19:37:20:352,-3.5036,1.8039,9.5446,0.0032,0.014,9.8066,-0.0369,-0.5216,0.0387,9.06,-34.44,20.44,349.84,-83.17,147.54
52.429993,-1.53289,170.99,5.66,3,170.58,21 / 21,1034709,2019-09-06 19:37:20:452,-3.557,2.0254,9.4587,0.0077,-0.0007,9.8066,-0.0013,-0.5141,0.0498,10.19,-34.75,19.5,351.31,-83.25,146.4
52.429993,-1.53289,170.99,5.66,3,170.58,21 / 21,1034809,2019-09-06 19:37:20:552,-3.4426,2.0087,9.7721,0.0025,0.003,9.8066,-0.0106,-0.5243,0.0494,10.25,-33.87,18.69,351.14,-83.31,145.07
52.429993,-1.53289,170.99,5.66,3,170.58,21 / 21,1034910,2019-09-06 19:37:20:653,-2.4619,2.806,9.6713,0.0081,0.017,9.8065,0.006,-0.5355,0.0265,11.13,-35.06,17.75,353.69,-83.54,143.47
52.429993,-1.53289,170.99,5.66,3,170.58,21 / 21,1035009,2019-09-06 19:37:20:752,-2.9336,1.971,9.4626,0.0111,0.0211,9.8066,-0.0179,-0.5154,0.0787,11.25,-35.06,16.94,354.69,-83.63,142.84
52.429993,-1.53289,170.99,5.66,3,170.58,21 / 21,1035110,2019-09-06 19:37:20:853,-3.3188,2.2229,9.6179,-0.01,0.0056,9.8066,0.0206,-0.5058,0.1126,11.63,-34.25,15.25,2.74,-83.78,143.54
52.429993,-1.53289,170.99,5.66,3,170.58,21 / 21,1035209,2019-09-06 19:37:20:952,-2.7654,2.1464,9.6551,-0.008,0.0058,9.8066,0.0028,-0.4869,0.0309,11.25,-34.56,15.38,0.79,-83.89,144.37
52.429993,-1.53289,170.99,5.66,3,170.58,21 / 21,1035311,2019-09-06 19:37:21:054,-2.3395,2.6074,9.8663,-0.0108,0.0106,9.8066,0.0153,-0.5067,0.0748,11.63,-34.56,13.81,7.86,-83.92,145.64
52.429993,-1.53289,170.99,5.66,3,170.58,21 / 21,1035410,2019-09-06 19:37:21:153,-2.0014,2.4787,9.8182,-0.0132,0.0041,9.8066,0.0629,-0.5132,0.1064,11.75,-35.19,12.88,13.25,-84,147.75
52.429993,-1.53289,170.99,5.66,3,170.58,21 / 21,1035510,2019-09-06 19:37:21:253,-2.3902,1.9176,9.9178,-0.0141,0.005,9.8066,0.0362,-0.4892,0.0543,10.94,-35.31,12.44,16.54,-84,150.28
52.429993,-1.53289,170.99,5.66,3,170.58,21 / 21,1035609,2019-09-06 19:37:21:352,-1.9916,2.5526,9.7815,-0.0109,0.0029,9.8066,0.0298,-0.4556,0.0774,11.38,-35.87,11.75,18.47,-84,151.66
52.429993,-1.53289,170.99,5.66,3,170.58,21 / 21,1035709,2019-09-06 19:37:21:452,-1.6203,2.0399,9.8168,-0.0217,0.0066,9.8066,-0.0242,-0.4588,0.0602,12,-36.94,10.94,26.55,-83.95,152.78
52.429993,-1.53289,170.99,5.66,3,170.58,21 / 21,1035809,2019-09-06 19:37:21:552,-1.4098,2.1615,9.6634,-0.0181,0.0124,9.8065,-0.0302,-0.4563,0.0634,11.06,-36.19,10,32.18,-83.93,156.46
52.429993,-1.53289,170.99,5.66,3,170.58,21 / 21,1035909,2019-09-06 19:37:21:652,-1.4931,3.2504,10.1801,-0.0098,0.0204,9.8066,0.0128,-0.4487,0.0977,10.5,-36.44,9.31,40.69,-84.01,159.88
52.429993,-1.53289,170.99,5.66,3,170.58,21 / 21,1036010,2019-09-06 19:37:21:753,-1.693,2.3454,9.9339,-0.0131,0.0074,9.8066,-0.0084,-0.4574,0.1381,10.88,-36.87,8.06,48.32,-84.02,161.94
52.429993,-1.53289,170.99,5.66,3,170.58,21 / 21,1036109,2019-09-06 19:37:21:852,-1.4602,2.9981,9.8043,-0.0268,0.0084,9.8065,-0.0393,-0.4476,0.0517,10.38,-37,7.56,50.3,-83.91,165.11
52.429993,-1.53289,170.99,5.66,3,170.58,21 / 21,1036210,2019-09-06 19:37:21:953,-0.9297,2.7558,9.8213,0.0042,0.0151,9.8065,0.0498,-0.4801,0.0993,9.94,-36.75,7.5,51.63,-83.87,166.08
52.429993,-1.53289,170.99,5.66,3,170.58,21 / 21,1036309,2019-09-06 19:37:22:052,-0.741,3.2643,9.8922,0.0047,0.0137,9.8065,0.0299,-0.4645,0.0327,9.13,-37,7,57.19,-83.8,167.71
52.429993,-1.53289,170.99,5.66,3,170.58,21 / 21,1036410,2019-09-06 19:37:22:153,-1.5045,3.0361,9.729,0.0154,0.0051,9.8066,0.0735,-0.4408,0.0477,9.19,-37.25,6.19,64.38,-83.82,168.44
52.429993,-1.53289,170.99,5.66,3,170.58,21 / 21,1036509,2019-09-06 19:37:22:252,-1.3013,3.1416,10.0732,-0.0263,0.0031,9.8065,-0.0445,-0.4616,0.0911,8.44,-37.69,5.5,66.52,-83.61,170.3
52.429993,-1.53289,170.99,5.66,3,170.58,21 / 21,1036609,2019-09-06 19:37:22:352,-0.4669,3.3906,10.0413,-0.026,-0.0051,9.8066,-0.0648,-0.4918,0.0245,8.19,-37.62,5.56,67.77,-83.51,170.96
52.429993,-1.53289,170.99,5.66,3,170.58,21 / 21,1036709,2019-09-06 19:37:22:452,-0.2686,3.3398,9.8063,-0.0201,0.0034,9.8065,0.0267,-0.5101,0.074,8.31,-38.19,4.88,76.74,-83.34,171.43
52.429993,-1.53289,170.99,5.66,3,170.58,21 / 21,1036810,2019-09-06 19:37:22:553,0.7027,4.0521,9.5232,-0.019,0.0038,9.8066,-0.0216,-0.5313,0.0629,6.88,-37.56,3.31,94.76,-83.25,171.94
52.429993,-1.53289,170.99,5.66,3,170.58,21 / 21,1036910,2019-09-06 19:37:22:653,0.8545,3.2342,9.9338,0.0157,-0.006,9.8066,0.1262,-0.5475,0.0737,7.13,-37.31,3,93.29,-83.22,171.3
52.429993,-1.53289,170.99,5.66,3,170.58,21 / 21,1037010,2019-09-06 19:37:22:753,1.1513,3.1653,9.9688,0.0192,-0.0068,9.8066,0.0479,-0.5236,-0.0045,7.56,-36.75,2.19,98.68,-83.23,171.03
52.429993,-1.53289,170.99,5.66,3,170.58,21 / 21,1037110,2019-09-06 19:37:22:853,2.1283,2.9308,10.4103,-0.0141,0.0048,9.8066,-0.0249,-0.5334,0.0873,6.63,-37.87,0.81,109.44,-83.15,170.23
52.429993,-1.53289,170.99,5.66,3,170.58,21 / 21,1037210,2019-09-06 19:37:22:953,2.4472,2.5678,10.2592,-0.009,-0.0107,9.8066,-0.0038,-0.5351,0.0103,6.38,-37.62,0.56,113.33,-83.12,169.19
52.429993,-1.53289,170.99,5.66,3,170.58,21 / 21,1037310,2019-09-06 19:37:23:053,2.1815,1.766,9.3665,-0.0166,-0.0049,9.8066,-0.0136,-0.5298,0.063,5.94,-38.44,-0.06,119.8,-82.96,167.31
52.429993,-1.53289,170.99,5.66,3,170.58,21 / 21,1037409,2019-09-06 19:37:23:152,2.6513,1.5972,9.4457,-0.0031,0.0082,9.8066,-0.0356,-0.5147,0.0948,5.13,-38.87,-1,132.61,-82.89,167.16
52.429993,-1.53289,170.99,5.66,3,170.58,21 / 21,1037509,2019-09-06 19:37:23:252,3.0904,0.963,9.817,0.0068,0.0037,9.8066,0.0541,-0.5309,0.0844,4.38,-38.31,-1.44,139.59,-82.9,167.97
52.429993,-1.53289,170.99,5.66,3,170.58,21 / 21,1037610,2019-09-06 19:37:23:353,3.1177,1.6555,9.9601,0,-0.0057,9.8066,0.0257,-0.5165,0.0439,3.81,-38,-1.81,143.44,-82.94,168.5
52.429993,-1.53289,170.99,5.66,3,170.58,21 / 21,1037709,2019-09-06 19:37:23:452,3.0789,0.8765,10.0985,0.0082,-0.0271,9.8066,0.0233,-0.5346,0.0845,2.63,-38.87,-2.81,152.81,-83.13,167.76
52.429993,-1.53289,170.99,5.66,3,170.58,21 / 21,1037809,2019-09-06 19:37:23:552,3.5657,0.424,10.2132,0.0126,-0.0248,9.8065,0.065,-0.5567,0.0831,2.19,-38.19,-3.69,160.9,-83.23,168.43
52.429993,-1.53289,170.99,5.66,3,170.58,21 / 21,1037910,2019-09-06 19:37:23:653,2.0199,1.2134,9.5905,0.0015,0.0285,9.8066,-0.0491,-0.523,0.1417,1.31,-37.62,-3.56,167.96,-83.08,168.67
52.429993,-1.53289,170.99,5.66,3,170.58,21 / 21,1038010,2019-09-06 19:37:23:753,3.6355,-0.2378,9.9841,0.0106,0.0114,9.8066,-0.0645,-0.5264,0.0744,0.38,-38.56,-3.5,176.11,-83.11,170.06
52.429993,-1.53289,170.99,5.66,3,170.58,21 / 21,1038110,2019-09-06 19:37:23:853,2.1829,-0.0482,9.3182,-0.0066,0.0104,9.8066,0.0554,-0.5269,0.0722,0.25,-38.94,-4.31,175.61,-83.13,170.51
52.429993,-1.53289,170.99,5.66,3,170.58,21 / 21,1038209,2019-09-06 19:37:23:952,2.7023,0.1217,9.0201,0.0152,0.0213,9.8066,-0.0249,-0.4951,0.1266,-1,-38.62,-4.06,182.35,-82.95,171.02
52.429993,-1.53289,170.99,5.66,3,170.58,21 / 21,1038309,2019-09-06 19:37:24:052,2.3778,-0.3714,9.0262,0.0119,-0.0244,9.8065,-0.0748,-0.5421,0.0997,-2.12,-38.87,-4.81,188.48,-83.2,173.89
52.429993,-1.53289,170.99,5.66,3,170.58,20 / 20,1038410,2019-09-06 19:37:24:153,3.4905,-1.5012,9.9701,0.0206,-0.0389,9.8065,-0.0698,-0.5356,0.1261,-2.5,-38.25,-5.06,189.86,-83.38,176.01
52.429993,-1.53289,170.99,5.66,3,170.58,20 / 20,1038509,2019-09-06 19:37:24:252,3.1043,-0.6939,10.2895,-0.001,-0.0362,9.8065,-0.0276,-0.4968,0.0851,-2.69,-37.56,-5.94,195.27,-83.56,178.26
52.429993,-1.53289,170.99,5.66,3,170.58,20 / 20,1038609,2019-09-06 19:37:24:352,2.6175,-0.6525,10.009,-0.0053,-0.0193,9.8066,-0.0613,-0.4989,0.0767,-4.81,-38,-5.81,205.92,-83.91,179.05
52.429993,-1.53289,170.99,5.66,3,170.58,20 / 20,1038710,2019-09-06 19:37:24:453,2.3755,-1.5713,9.4757,0.0292,0.0003,9.8066,-0.0006,-0.5062,0.1142,-5.56,-38.19,-6.19,212.18,-83.83,-178.1
52.429993,-1.53289,170.99,5.66,3,170.58,20 / 20,1038810,2019-09-06 19:37:24:553,2.8332,-1.3486,9.7719,0.0383,0.0025,9.8065,-0.0263,-0.5003,0.1071,-5.94,-37.87,-5.75,213.99,-83.68,-175.14
52.429993,-1.53289,170.99,5.66,3,170.58,20 / 20,1038909,2019-09-06 19:37:24:652,2.5284,-1.7515,10.1442,0.0176,0.0006,9.8065,0.039,-0.5112,0.1082,-7.62,-38.12,-6,223.36,-83.39,-172.43
52.429993,-1.53289,170.99,5.66,3,170.58,20 / 20,1039009,2019-09-06 19:37:24:752,2.3466,-0.8329,9.78,-0.0033,-0.0028,9.8066,-0.0255,-0.467,0.0433,-8.19,-38.19,-5.37,226.31,-83.36,-172.12
52.429993,-1.53289,170.99,5.66,3,170.58,20 / 20,1039109,2019-09-06 19:37:24:852,1.9851,-1.8388,9.8518,0.0011,-0.0193,9.8066,0.0319,-0.4859,0.0901,-8.69,-38.75,-5.44,230.01,-83.35,-171.4
52.429993,-1.53289,170.99,5.66,3,170.58,20 / 20,1039210,2019-09-06 19:37:24:953,1.4637,-1.9798,10.1094,-0.004,-0.0047,9.8066,0.0262,-0.4638,0.0439,-10.06,-38.06,-5.12,234.41,-83.39,-170.58
52.429993,-1.53289,170.99,5.66,3,170.58,20 / 20,1039309,2019-09-06 19:37:25:052,1.3572,-1.7931,9.8667,0.0158,-0.0036,9.8066,0.0432,-0.4937,0.1292,-11.12,-38,-5,237.72,-83.13,-169.38
52.429993,-1.53289,170.99,5.66,3,170.58,20 / 20,1039409,2019-09-06 19:37:25:152,2.0785,-1.8342,9.8086,0.01,0.0023,9.8066,0.02,-0.4518,0.068,-11.25,-37.37,-4.69,238.58,-82.9,-168.21
52.429993,-1.53289,170.99,5.66,3,170.58,20 / 20,1039510,2019-09-06 19:37:25:253,1.8521,-2.174,9.8706,0.0183,0.0075,9.8066,0.0079,-0.4724,0.066,-12.5,-37.94,-3.69,243.53,-82.64,-167.93
52.429993,-1.53289,170.99,5.66,3,170.58,20 / 20,1039609,2019-09-06 19:37:25:352,1.3608,-2.2351,9.9245,0.0146,0.0101,9.8066,0.0197,-0.4584,0.0805,-13.44,-37.44,-3.37,248.79,-82.36,-168.12
52.429993,-1.53289,170.99,5.66,3,170.58,20 / 20,1039710,2019-09-06 19:37:25:453,1.0259,-2.0722,10.3528,0.02,0.0055,9.8066,-0.0371,-0.5075,0.0936,-14.12,-38.19,-2.69,250.43,-82.19,-167.61
52.429993,-1.53289,170.99,5.66,3,170.58,20 / 20,1039810,2019-09-06 19:37:25:553,1.4302,-2.8657,9.4691,0.0097,-0.006,9.8066,-0.0245,-0.4868,0.07,-14.75,-37.87,-2.75,252.52,-81.97,-166.82
52.429993,-1.53289,170.99,5.66,3,170.58,20 / 20,1039910,2019-09-06 19:37:25:653,1.378,-2.5639,9.2454,-0.0028,0.0003,9.8066,-0.0095,-0.5302,0.1018,-15.25,-37.12,-1.56,255.69,-81.91,-167.17
52.429993,-1.53289,170.99,5.66,3,170.58,20 / 20,1040010,2019-09-06 19:37:25:753,0.076,-3.6846,9.9791,0.0048,-0.0053,9.8066,-0.0504,-0.5194,0.0686,-15.69,-37.31,-1.37,260.42,-81.83,-167.04
52.429993,-1.53289,170.99,5.66,3,170.58,20 / 20,1040110,2019-09-06 19:37:25:853,-0.0312,-2.5079,10.0198,-0.0177,0.0251,9.8066,0.0814,-0.5076,0.0487,-16.75,-37.25,-1.44,261.56,-81.79,-167.09
52.429993,-1.53289,170.99,5.66,3,170.58,20 / 20,1040214,2019-09-06 19:37:25:957,0.789,-2.6049,9.9267,-0.0104,-0.0025,9.8066,0.0538,-0.4925,0.0674,-16.94,-36.69,-0.69,260.24,-81.9,-168.76
52.429993,-1.53289,170.99,5.66,3,170.58,20 / 20,1040310,2019-09-06 19:37:26:053,0.414,-3.2496,9.7886,0.011,0.0137,9.8066,-0.1418,-0.4856,0.0596,-17.69,-36.31,0.31,265.24,-81.99,-168.52
52.429993,-1.53289,170.99,5.66,3,170.58,21 / 21,1040410,2019-09-06 19:37:26:153,0.5499,-2.4366,9.3512,0.015,0.015,9.8065,-0.0959,-0.4872,0.0731,-18.5,-37.19,0.06,263.4,-82.05,-170.1
52.429993,-1.53289,170.99,5.66,3,170.58,21 / 21,1040509,2019-09-06 19:37:26:252,0.0721,-3.4881,9.3829,0.0106,0.0051,9.8065,-0.0313,-0.5171,-0.0318,-18.37,-36.81,0.88,266.73,-82.14,-170.06
52.429993,-1.53289,170.99,5.66,3,170.58,21 / 21,1040610,2019-09-06 19:37:26:353,-0.4179,-2.809,9.8837,-0.02,0.0204,9.8065,-0.0056,-0.541,0.087,-18.81,-36.44,2.19,269.97,-82.36,-171.4
52.429993,-1.53289,170.99,5.66,3,170.58,21 / 21,1040709,2019-09-06 19:37:26:452,0.0947,-2.6578,9.6918,-0.0081,0.0013,9.8066,-0.0607,-0.4939,0.0419,-19.25,-36.75,2.44,268.46,-82.51,-172.81
52.429993,-1.53289,170.99,5.66,3,170.58,21 / 21,1040810,2019-09-06 19:37:26:553,0.4048,-2.7897,9.5655,0.0036,-0.001,9.8066,-0.0527,-0.5,0.0962,-19.5,-35.25,3.13,272.38,-82.45,-172.63
52.429993,-1.53289,170.99,5.66,3,170.58,21 / 21,1040910,2019-09-06 19:37:26:653,0.0134,-2.9791,9.6149,0.0067,-0.0051,9.8066,0.0099,-0.5228,0.0988,-19.87,-35.81,3.44,272.53,-82.44,-172.34
52.429993,-1.53289,170.99,5.66,3,170.58,21 / 21,1041010,2019-09-06 19:37:26:753,-0.2621,-2.7858,9.729,0,-0.0016,9.8066,-0.0308,-0.5058,0.0549,-20.5,-35.12,4.69,279.41,-82.43,-171.69
52.429993,-1.53289,170.99,5.66,3,170.58,21 / 21,1041110,2019-09-06 19:37:26:853,-0.6835,-2.6261,9.4503,0.0034,0.0012,9.8066,-0.0228,-0.5147,0.0846,-20.44,-34.81,4.94,279.21,-82.45,-171.92
52.429993,-1.53289,170.99,5.66,3,170.58,21 / 21,1041209,2019-09-06 19:37:26:952,-0.6817,-2.4584,9.7976,-0.0233,-0.0066,9.8066,-0.0633,-0.5068,0.0784,-20.87,-35.44,5.94,282.32,-82.56,-171.73
52.429993,-1.53289,170.99,5.66,3,170.58,21 / 21,1041310,2019-09-06 19:37:27:053,-0.9928,-2.8537,10.3055,-0.0158,-0.0053,9.8066,-0.0011,-0.4879,0.0534,-21.5,-35.06,6.69,286.89,-82.78,-170.38
52.430065,-1.533094,170.96,5.26,3,72.42,21 / 21,1041409,2019-09-06 19:37:27:152,-0.2408,-2.5692,9.5522,-0.0052,0.0096,9.8066,-0.0626,-0.5242,0.0629,-21.25,-35.06,7.25,286.63,-82.86,-170.75
52.430065,-1.533094,170.96,5.26,3,72.42,21 / 21,1041510,2019-09-06 19:37:27:253,-0.9209,-2.0385,9.449,0.0183,-0.0107,9.8066,-0.1055,-0.4836,0.0658,-21.56,-35,7.63,288.22,-82.8,-171.3
52.430065,-1.533094,170.96,5.26,3,72.42,21 / 21,1041610,2019-09-06 19:37:27:353,-1.2118,-2.3273,9.6349,0.0131,-0.0056,9.8066,0.0771,-0.5135,0.0753,-21.37,-34.94,8.38,289.26,-82.82,-170.79
52.430065,-1.533094,170.96,5.26,3,72.42,21 / 21,1041710,2019-09-06 19:37:27:453,-0.4421,-2.1309,10.0131,-0.0156,0.0085,9.8066,0.0491,-0.4609,0.02,-22.37,-34.31,9.69,293.62,-82.88,-171.4
52.430065,-1.533094,170.96,5.26,3,72.42,21 / 21,1041810,2019-09-06 19:37:27:553,-0.6622,-2.0105,9.8911,-0.0183,0.0087,9.8066,-0.0537,-0.4701,0.0721,-22.31,-34.12,10.38,293.07,-82.87,-171.91
52.430065,-1.533094,170.96,5.26,3,72.42,21 / 21,1041910,2019-09-06 19:37:27:653,-1.4959,-2.0709,10.1083,0.0157,-0.004,9.8065,-0.0493,-0.4361,0.0377,-21.62,-34.37,11.81,297.49,-82.92,-172.36
52.430065,-1.533094,170.96,5.26,3,72.42,21 / 21,1042010,2019-09-06 19:37:27:753,-0.8228,-2.0319,9.7672,0.0091,0.0009,9.8065,-0.0195,-0.4637,0.0837,-21.81,-35.12,12.56,298.9,-82.87,-172.89
52.430065,-1.533094,170.96,5.26,3,72.42,21 / 21,1042110,2019-09-06 19:37:27:853,-1.3558,-2.2545,9.6784,-0.0029,-0.0053,9.8066,-0.0309,-0.4808,0.0596,-21.81,-35.44,13.06,299.5,-82.89,-172.35
52.430065,-1.533094,170.96,5.26,3,72.42,21 / 21,1042210,2019-09-06 19:37:27:953,-1.7322,-2.1085,9.7247,-0.0002,0.0002,9.8066,-0.0322,-0.4712,0.0506,-21.81,-34.75,14.19,302.1,-82.94,-172.1
52.430065,-1.533094,170.96,5.26,3,72.42,21 / 21,1042309,2019-09-06 19:37:28:052,-2.0482,-2.4388,10.1008,-0.005,0.0069,9.8066,-0.0007,-0.429,0.0188,-21.69,-35.31,14.56,304.36,-82.99,-172.07
52.430065,-1.533094,170.96,5.26,3,72.42,21 / 21,1042410,2019-09-06 19:37:28:153,-1.6014,-1.7331,9.5613,0.0177,0.0046,9.8066,-0.0393,-0.4524,0.0449,-21.25,-34.06,15.63,306,-83.13,-173.92
52.430065,-1.533094,170.96,5.26,3,72.42,21 / 21,1042509,2019-09-06 19:37:28:252,-1.6863,-1.9552,9.5771,0.0057,0.0084,9.8066,-0.0324,-0.4605,0.0351,-21.25,-34.75,16.94,306.29,-83.17,-175.34
52.430065,-1.533094,170.96,5.26,3,72.42,21 / 21,1042610,2019-09-06 19:37:28:353,-1.9578,-2.1293,10.2796,0.0028,0.0058,9.8066,-0.0562,-0.4372,0.0121,-21.5,-34.25,17.63,307.79,-83.25,-176.03
52.430065,-1.533094,170.96,5.26,3,72.42,21 / 21,1042709,2019-09-06 19:37:28:452,-1.662,-2.2877,9.5275,0.0137,0.0043,9.8066,-0.0471,-0.4903,0.0515,-20.94,-33.94,17.69,306.48,-83.32,-177.3
52.430065,-1.533094,170.96,5.26,3,72.42,21 / 21,1042810,2019-09-06 19:37:28:553,-2.139,-1.503,9.35,0.02,-0.0014,9.8066,0.0044,-0.4779,0.0397,-20.81,-34.31,18.69,307.3,-83.31,-178.24
52.430065,-1.533094,170.96,5.26,3,72.42,21 / 21,1042909,2019-09-06 19:37:28:652,-2.166,-1.7008,9.4813,-0.002,0.0115,9.8066,-0.0411,-0.452,0.0073,-20.75,-34.94,19.44,305.63,-83.36,-179.63
52.430065,-1.533094,170.96,5.26,3,72.42,21 / 21,1043009,2019-09-06 19:37:28:752,-1.7615,-2.0563,9.7628,-0.0019,0.0184,9.8066,0.0153,-0.488,0.0369,-19.81,-34.69,20.13,306.81,-83.43,178.53
52.430065,-1.533094,170.96,5.26,3,72.42,21 / 21,1043109,2019-09-06 19:37:28:852,-2.0758,-1.7082,9.7045,0.0084,0.0101,9.8066,-0.0101,-0.4845,0.0073,-19.75,-34.31,20.94,306.65,-83.4,176.66
52.430065,-1.533094,170.96,5.26,3,72.42,21 / 21,1043214,2019-09-06 19:37:28:957,-2.334,-1.936,10.0068,0.0032,0.0197,9.8065,-0.0952,-0.4764,0.0066,-19,-34.19,21.13,306.44,-83.5,175.06
52.430065,-1.533094,170.96,5.26,3,72.42,21 / 21,1043310,2019-09-06 19:37:29:053,-2.0305,-1.2609,9.6111,0.0036,0.0147,9.8065,-0.0696,-0.454,0.013,-18.62,-34.19,21.31,303.59,-83.66,172.26
52.430065,-1.533094,170.96,5.26,3,72.42,21 / 21,1043409,2019-09-06 19:37:29:152,-2.6317,-1.1614,9.6747,0.0039,0.004,9.8066,0.0315,-0.4779,0.0427,-18.06,-34.06,22.5,307.6,-83.72,171.63
52.430065,-1.533094,170.96,5.26,3,72.42,21 / 21,1043510,2019-09-06 19:37:29:253,-2.9822,-1.4481,9.8015,-0.0056,0.019,9.8066,0.0509,-0.4557,0.0317,-17.81,-33.87,23.38,306.82,-83.78,170.85
52.430065,-1.533094,170.96,5.26,3,72.42,21 / 21,1043609,2019-09-06 19:37:29:352,-2.1297,-1.7424,9.5837,0.0177,-0.0009,9.8066,-0.0552,-0.4919,-0.0069,-17.12,-34.87,24.69,309.23,-83.82,169.17
52.430065,-1.533094,170.96,5.26,3,72.42,21 / 21,1043710,2019-09-06 19:37:29:453,-2.6337,-1.7666,9.3419,0.0127,0.0007,9.8066,-0.0217,-0.4623,0.0483,-16.62,-34.5,24.44,306.02,-83.71,167.39
52.430065,-1.533094,170.96,5.26,3,72.42,21 / 21,1043809,2019-09-06 19:37:29:552,-3.2152,-1.6558,9.7807,0.0014,-0.0002,9.8066,0.0073,-0.5036,0.0147,-16.25,-34.56,25.44,308.11,-83.74,166.72
52.430065,-1.533094,170.96,5.26,3,72.42,21 / 21,1043909,2019-09-06 19:37:29:652,-2.9992,-1.3309,9.7289,-0.0008,0.0133,9.8066,-0.0312,-0.5171,0.0071,-15,-34.37,25.44,308.82,-83.85,165.56
52.430065,-1.533094,170.96,5.26,3,72.42,21 / 21,1044010,2019-09-06 19:37:29:753,-3.2877,-1.2428,9.5055,-0.0035,0.013,9.8066,-0.0167,-0.4979,0.0733,-14,-33.44,26.69,312.32,-83.95,164.75
52.430065,-1.533094,170.96,5.26,3,72.42,21 / 21,1044111,2019-09-06 19:37:29:854,-3.3146,-1.0164,9.571,-0.0048,0.0057,9.8066,-0.0006,-0.5393,0.0646,-13.44,-33.37,26.5,313.91,-84.07,164.49
52.430065,-1.533094,170.96,5.26,3,72.42,21 / 21,1044210,2019-09-06 19:37:29:953,-2.8878,-0.9645,9.9603,0.0012,0.0086,9.8065,-0.0066,-0.5312,0.0664,-12.81,-32.87,27.38,313.38,-84.18,163.9
52.430065,-1.533094,170.96,5.26,3,72.42,21 / 21,1044310,2019-09-06 19:37:30:053,-2.6244,-0.7157,9.5691,-0.0062,-0.0036,9.8066,-0.0049,-0.4939,0.0425,-11.56,-33.69,27.88,316.11,-84.23,163.93
52.430065,-1.533094,170.96,5.26,3,72.42,20 / 20,1044410,2019-09-06 19:37:30:153,-3.1886,-1.1366,9.3408,-0.0082,0.0162,9.8066,0.0003,-0.5421,0.0631,-11.06,-33.56,28.06,318.46,-84.21,164.4
52.430065,-1.533094,170.96,5.26,3,72.42,20 / 20,1044509,2019-09-06 19:37:30:252,-3.1646,-0.5393,9.5813,-0.0167,0.0144,9.8066,-0.039,-0.5304,0.0471,-10.75,-33.69,28.25,319.05,-84.37,164.81
52.430065,-1.533094,170.96,5.26,3,72.42,20 / 20,1044610,2019-09-06 19:37:30:353,-3.5207,-0.9045,9.8804,-0.0156,0.0068,9.8066,0.0012,-0.5322,0.0603,-9.5,-34,29.06,324.89,-84.4,165.86
52.430065,-1.533094,170.96,5.26,3,72.42,20 / 20,1044710,2019-09-06 19:37:30:453,-2.9626,-1.1564,9.8666,0.0008,0.0097,9.8066,0.042,-0.5372,0.0683,-8.56,-33.94,29.19,325.55,-84.46,166.42
52.430065,-1.533094,170.96,5.26,3,72.42,20 / 20,1044809,2019-09-06 19:37:30:552,-3.5566,-0.4826,9.38,-0.0045,0.0027,9.8066,-0.1065,-0.5243,0.0328,-8.06,-32.81,28.69,327.72,-84.56,166.45
52.430065,-1.533094,170.96,5.26,3,72.42,20 / 20,1044910,2019-09-06 19:37:30:653,-3.2666,-0.3007,9.3093,-0.0059,0.0008,9.8066,-0.0477,-0.518,0.0633,-7.19,-33,28.81,329.78,-84.67,166.42
52.430065,-1.533094,170.96,5.26,3,72.42,20 / 20,1045009,2019-09-06 19:37:30:752,-3.5857,-0.2739,9.9299,-0.0002,-0.008,9.8066,0.0255,-0.5576,0.0168,-6.19,-33.31,29.44,332.51,-84.64,167.06
52.430065,-1.533094,170.96,5.26,3,72.42,20 / 20,1045109,2019-09-06 19:37:30:852,-3.6687,-0.4809,9.5034,0.0148,-0.0024,9.8066,0.0374,-0.5564,0.0295,-4.44,-33.56,28.88,334.98,-84.56,165.6
52.430065,-1.533094,170.96,5.26,3,72.42,20 / 20,1045209,2019-09-06 19:37:30:952,-3.2876,-0.6791,9.2426,0.0089,-0.0081,9.8065,-0.0513,-0.4958,0.0514,-4.19,-33.31,29.13,333.71,-84.53,164.4
52.430065,-1.533094,170.96,5.26,3,72.42,20 / 20,1045310,2019-09-06 19:37:31:053,-3.3897,0.2981,9.9203,-0.0044,-0.0015,9.8066,-0.0342,-0.5196,0.0611,-2.75,-33.56,28.94,335.39,-84.61,164.01
52.430065,-1.533094,170.96,5.26,3,72.42,21 / 21,1045409,2019-09-06 19:37:31:152,-3.1994,0.6091,10.1541,-0.0006,-0.0046,9.8066,0.0576,-0.5092,0.036,-1.44,-33.94,28.63,340.54,-84.59,164.71
52.430065,-1.533094,170.96,5.26,3,72.42,21 / 21,1045510,2019-09-06 19:37:31:253,-3.8343,-0.316,10.0692,-0.0031,0.0012,9.8066,0.0271,-0.5123,0.0615,-1.56,-33,28.19,338.1,-84.59,164.64
52.430065,-1.533094,170.96,5.26,3,72.42,21 / 21,1045609,2019-09-06 19:37:31:352,-3.2223,0.4861,10.5269,-0.0008,0.0055,9.8066,0.0033,-0.5085,0.043,-0.87,-33.62,27.75,340.28,-84.57,164.63
52.430065,-1.533094,170.96,5.26,3,72.42,21 / 21,1045710,2019-09-06 19:37:31:453,-3.3738,0.6536,9.8869,0.0042,-0.043,9.8065,0.0309,-0.499,0.0286,0.25,-34,27.5,342.32,-84.17,164.56
52.430065,-1.533094,170.96,5.26,3,72.42,21 / 21,1045809,2019-09-06 19:37:31:552,-2.7707,0.1392,9.6152,0.0016,-0.0399,9.8065,0.0671,-0.4767,0.0466,0.94,-33.75,27.06,345.29,-83.94,165.19
52.430065,-1.533094,170.96,5.26,3,72.42,21 / 21,1045909,2019-09-06 19:37:31:652,-3.2567,0.5032,9.8624,-0.0049,-0.0077,9.8066,-0.0004,-0.5135,0.0545,0.94,-34.31,28,345.64,-83.73,165.56
52.430065,-1.533094,170.96,5.26,3,72.42,21 / 21,1046009,2019-09-06 19:37:31:752,-3.4217,0.7125,9.9056,-0.002,-0.0098,9.8066,-0.0391,-0.5071,0.0512,1.69,-34.19,28,348.97,-83.56,166.44
52.430065,-1.533094,170.96,5.26,3,72.42,21 / 21,1046109,2019-09-06 19:37:31:852,-3.6196,0.3797,10.4444,-0.0079,0.0019,9.8066,0.0722,-0.4642,0.0442,2.19,-34.5,27.75,350.3,-83.51,167.6
52.430065,-1.533094,170.96,5.26,3,72.42,21 / 21,1046209,2019-09-06 19:37:31:952,-3.889,1.1282,10.1217,0.0069,0.0044,9.8066,0.0392,-0.5084,0.0386,2.69,-34.37,28.06,352.03,-83.47,167.05
52.430065,-1.533094,170.96,5.26,3,72.42,21 / 21,1046312,2019-09-06 19:37:32:055,-3.8273,0.9957,9.2807,0.0051,-0.0076,9.8066,0.0282,-0.5322,0.0499,4,-33.81,27.31,353.5,-83.36,166.05
52.430065,-1.533094,170.96,5.26,3,72.42,20 / 21,1046409,2019-09-06 19:37:32:152,-2.9796,1.1397,9.3319,-0.001,-0.0083,9.8066,-0.0062,-0.5455,0.0728,4.56,-33.81,27.06,355.8,-83.3,165.94
52.430065,-1.533094,170.96,5.26,3,72.42,20 / 21,1046509,2019-09-06 19:37:32:252,-3.5056,1.4157,9.8657,-0.0039,-0.0147,9.8066,-0.045,-0.5457,0.0768,4.5,-33.44,26.25,356.77,-83.2,166.38
52.430065,-1.533094,170.96,5.26,3,72.42,20 / 21,1046610,2019-09-06 19:37:32:353,-3.8044,1.5714,10.2958,0.0005,-0.0013,9.8066,0.0169,-0.5214,0.0355,5.88,-34.12,26.19,359.41,-83.14,166.51
52.430065,-1.533094,170.96,5.26,3,72.42,20 / 21,1046710,2019-09-06 19:37:32:453,-3.475,1.4837,10.1986,0.0118,-0.0018,9.8066,-0.0278,-0.5449,0.0206,6.25,-33.87,25.75,357.6,-83.19,164.99
52.430065,-1.533094,170.96,5.26,3,72.42,20 / 21,1046810,2019-09-06 19:37:32:553,-3.3533,1.065,9.3611,0.0105,-0.0036,9.8066,-0.0282,-0.5394,0.0328,6.5,-34.75,25.13,358.48,-83.35,163.08
52.430065,-1.533094,170.96,5.26,3,72.42,20 / 21,1046910,2019-09-06 19:37:32:653,-3.0011,1.7035,9.5452,0.0112,-0.0002,9.8066,0.0209,-0.5191,0.0194,7.75,-34.37,23.44,0.69,-83.34,161.4
52.430065,-1.533094,170.96,5.26,3,72.42,20 / 21,1047010,2019-09-06 19:37:32:753,-3.2642,1.5613,9.7636,0.0122,0.0006,9.8066,-0.0171,-0.5302,0.0362,8.56,-33.81,23.25,1.94,-83.32,160.25
52.430065,-1.533094,170.96,5.26,3,72.42,20 / 21,1047110,2019-09-06 19:37:32:853,-3.33,1.9447,9.786,0.0017,0.0101,9.8066,0.0518,-0.5443,0.0711,8.31,-34.25,22.25,0.04,-83.34,160.05
52.430065,-1.533094,170.96,5.26,3,72.42,20 / 21,1047210,2019-09-06 19:37:32:953,-3.541,1.5402,9.9051,0.0067,0.0185,9.8066,-0.0449,-0.5586,0.0583,9.13,-33.81,21.13,3.49,-83.5,159.68
52.430065,-1.533094,170.96,5.26,3,72.42,20 / 21,1047310,2019-09-06 19:37:33:053,-2.5906,2.3953,9.2228,0.0067,-0.0029,9.8066,-0.0532,-0.5485,0.0402,9.88,-34,20.5,5.59,-83.58,159.18
52.430065,-1.533094,170.96,5.26,3,72.42,21 / 21,1047409,2019-09-06 19:37:33:152,-3.1039,2.2556,9.1718,-0.0058,-0.0176,9.8066,-0.019,-0.5515,0.0181,10.56,-34.44,18.81,10.73,-83.58,158.75
52.430065,-1.533094,170.96,5.26,3,72.42,21 / 21,1047510,2019-09-06 19:37:33:253,-2.8827,2.4581,9.6561,0.0159,0.0155,9.8065,-0.0169,-0.5803,0.0457,10.75,-34.19,17.69,10.84,-83.61,157.42
52.430065,-1.533094,170.96,5.26,3,72.42,21 / 21,1047610,2019-09-06 19:37:33:353,-2.6812,2.0932,10.1178,0.0203,0.0159,9.8065,0.0252,-0.5462,0.0201,11.5,-34.62,17.13,13.33,-83.81,155.64
52.430065,-1.533094,170.96,5.26,3,72.42,21 / 21,1047710,2019-09-06 19:37:33:453,-2.4682,2.3392,9.9559,0.0113,0.0119,9.8066,0.0746,-0.5707,0.0452,11.94,-35.25,15.94,13.8,-83.95,154.33
52.430065,-1.533094,170.96,5.26,3,72.42,21 / 21,1047809,2019-09-06 19:37:33:552,-2.0225,2.2107,9.9891,0.0072,0.0011,9.8066,-0.043,-0.5138,0.0346,12.56,-35.31,14.56,18.33,-83.92,153.95
52.430065,-1.533094,170.96,5.26,3,72.42,21 / 21,1047909,2019-09-06 19:37:33:652,-1.8313,1.881,9.4737,0.0038,-0.0132,9.8066,0.0014,-0.4937,0.0751,12.38,-33.87,13.63,17.65,-83.77,153.47
52.430065,-1.533094,170.96,5.26,3,72.42,21 / 21,1048009,2019-09-06 19:37:33:752,-1.9731,2.1629,9.9373,-0.0234,-0.0078,9.8066,0.0684,-0.4867,0.0589,12.31,-34.87,13.25,22.18,-83.64,154.6
52.430065,-1.533094,170.96,5.26,3,72.42,21 / 21,1048110,2019-09-06 19:37:33:853,-2.6507,1.9338,9.9172,-0.0153,0.0061,9.8066,0.0475,-0.5238,0.0915,12.19,-35.19,12.44,27.88,-83.58,156.53
52.430065,-1.533094,170.96,5.26,3,72.42,21 / 21,1048212,2019-09-06 19:37:33:955,-1.6684,2.5306,9.6571,-0.0199,0.0112,9.8065,0.0287,-0.4889,0.0877,12.69,-34.69,11.13,37.95,-83.47,159.72
52.430065,-1.533094,170.96,5.26,3,72.42,21 / 21,1048309,2019-09-06 19:37:34:052,-1.8508,3.3907,9.5869,-0.0133,0.0073,9.8066,-0.0156,-0.4877,0.1071,11.69,-36.06,11.31,39.6,-83.39,162.55
52.430065,-1.533094,170.96,5.26,3,72.42,21 / 21,1048410,2019-09-06 19:37:34:153,-1.4196,3.1062,9.7332,-0.0023,0.0056,9.8066,0.0904,-0.4481,0.0393,11.75,-36.31,10.31,44.76,-83.28,163.38
52.430065,-1.533094,170.96,5.26,3,72.42,21 / 21,1048509,2019-09-06 19:37:34:252,-2.4023,2.5238,9.8188,-0.0008,0.0067,9.8065,0.057,-0.5143,0.1106,11.88,-36,9.13,50.62,-83.21,164.57
52.430065,-1.533094,170.96,5.26,3,72.42,21 / 21,1048610,2019-09-06 19:37:34:353,-1.8235,2.3011,10.2615,-0.0052,0.0114,9.8066,0.0142,-0.4805,0.069,10.63,-36.75,8.69,50.64,-83.19,165.86
52.430065,-1.533094,170.96,5.26,3,72.42,21 / 21,1048709,2019-09-06 19:37:34:452,-2.2655,2.8232,9.7137,-0.022,0.0069,9.8065,0.0215,-0.4984,0.1058,10.44,-36.87,7.63,55.2,-83.15,167.14
52.430065,-1.533094,170.96,5.26,3,72.42,21 / 21,1048810,2019-09-06 19:37:34:553,-0.3072,3.3769,9.7354,-0.0285,0.0065,9.8065,-0.0138,-0.4633,0.0779,10.56,-36.5,7.06,65.48,-82.98,169.79
52.430065,-1.533094,170.96,5.26,3,72.42,21 / 21,1048909,2019-09-06 19:37:34:652,-0.2512,4.0472,9.8646,-0.0035,-0.0017,9.8066,-0.0381,-0.4726,0.0581,9.31,-37.5,6.56,64.94,-82.89,171.15
52.430065,-1.533094,170.96,5.26,3,72.42,21 / 21,1049009,2019-09-06 19:37:34:752,0.3422,3.7406,9.6369,-0.013,-0.0055,9.8065,0.0952,-0.4558,0.0463,9.19,-37,6.13,71.69,-82.76,170.89
52.430065,-1.533094,170.96,5.26,3,72.42,21 / 21,1049110,2019-09-06 19:37:34:853,-1.0901,3.4514,10.426,0.0049,0.0062,9.8066,0.1452,-0.498,0.068,9.81,-37.81,5.25,80.66,-82.64,171.49
52.430065,-1.533094,170.96,5.26,3,72.42,21 / 21,1049210,2019-09-06 19:37:34:953,-1.1648,3.1424,10.038,0.0128,-0.0052,9.8066,-0.0686,-0.4825,0.0659,8.44,-37.56,4.56,80.98,-82.51,171.38
52.430065,-1.533094,170.96,5.26,3,72.42,21 / 21,1049310,2019-09-06 19:37:35:053,-0.9422,3.7565,10.164,-0.0393,0.0083,9.8065,-0.0549,-0.5031,0.0347,8.31,-37.5,4.81,80.73,-82.36,171.39
52.430065,-1.533094,170.96,5.26,3,72.42,21 / 21,1049409,2019-09-06 19:37:35:152,1.4155,3.0321,9.6491,-0.0149,-0.0088,9.8066,0.0023,-0.5115,0.0808,8.5,-37.62,3.25,96.07,-82.2,171.51
52.430065,-1.533094,170.96,5.26,3,72.42,21 / 21,1049509,2019-09-06 19:37:35:252,1.8895,2.9847,9.8544,0.0052,0.0063,9.8066,-0.0165,-0.4775,0.08,7.31,-37.37,2.44,106.83,-82.21,171.28
52.430065,-1.533094,170.96,5.26,3,72.42,21 / 21,1049610,2019-09-06 19:37:35:353,1.4939,3.1014,9.7768,0.0021,0.0044,9.8066,0.0218,-0.5245,0.0883,7.19,-37,1.75,107.21,-82.23,171.85
52.430065,-1.533094,170.96,5.26,3,72.42,21 / 21,1049710,2019-09-06 19:37:35:453,2.939,3.307,10.0851,0.0031,0.0074,9.8066,0.0007,-0.5673,0.1047,6.44,-37.69,1.44,120.46,-82.21,172.86
52.430065,-1.533094,170.96,5.26,3,72.42,21 / 21,1049810,2019-09-06 19:37:35:553,3.2551,2.0621,9.6915,-0.0075,-0.0017,9.8066,0.0481,-0.5489,0.032,5.63,-37.94,0.38,126.7,-82.17,172.84
52.430065,-1.533094,170.96,5.26,3,72.42,21 / 21,1049910,2019-09-06 19:37:35:653,2.9918,1.7902,9.6344,-0.0009,-0.0033,9.8066,0.04,-0.5445,0.0859,5.25,-38.31,-0.06,132.46,-82.1,171.92
52.430065,-1.533094,170.96,5.26,3,72.42,21 / 21,1050009,2019-09-06 19:37:35:752,3.5287,1.4779,9.7796,-0.0002,0.0027,9.8066,0.0113,-0.5685,0.0591,4.5,-38.25,-0.06,132.89,-82,171.99
52.430065,-1.533094,170.96,5.26,3,72.42,21 / 21,1050110,2019-09-06 19:37:35:853,3.5959,0.7481,9.7386,-0.003,-0.0131,9.8066,0.0122,-0.5436,0.0426,3.69,-38.87,-1.62,147.93,-81.98,171.24
52.430065,-1.533094,170.96,5.26,3,72.42,21 / 21,1050210,2019-09-06 19:37:35:953,2.6794,0.9855,9.394,0.0051,-0.0223,9.8065,0.0121,-0.5678,0.1289,2.94,-38.25,-2.31,154.04,-82.03,170.71
52.430065,-1.533094,170.96,5.26,3,72.42,21 / 21,1050310,2019-09-06 19:37:36:053,3.8436,1.418,10.252,-0.0002,0.0211,9.8065,-0.0532,-0.5322,0.0351,2.94,-37.62,-2.5,154.12,-82.09,171.27
52.429924,-1.533173,171.18,5.78,3,332.82,21 / 21,1050410,2019-09-06 19:37:36:153,3.2092,-0.0368,9.4843,-0.0098,0.0088,9.8066,0.0145,-0.5316,0.0999,2,-38.56,-4.31,163.91,-82.03,171.02
52.429924,-1.533173,171.18,5.78,3,332.82,21 / 21,1050509,2019-09-06 19:37:36:252,3.4496,-0.291,9.8279,-0.0037,0.0298,9.8065,-0.0483,-0.5335,0.0495,1.5,-37.94,-3.94,163.89,-81.92,171.25
52.429924,-1.533173,171.18,5.78,3,332.82,21 / 21,1050609,2019-09-06 19:37:36:352,2.5748,-0.5283,9.2828,-0.0038,-0.0327,9.8066,0.0884,-0.528,0.1211,0.19,-38.5,-3.75,175.58,-82.07,169.82
52.429924,-1.533173,171.18,5.78,3,332.82,21 / 21,1050710,2019-09-06 19:37:36:453,2.7607,0.1524,9.3222,0.0113,0.0037,9.8065,0.0115,-0.4744,0.109,-0.56,-38.87,-3.87,182.08,-82,170.77
52.429924,-1.533173,171.18,5.78,3,332.82,21 / 21,1050809,2019-09-06 19:37:36:552,2.5485,-0.1427,9.7878,0.0054,-0.0252,9.8066,-0.0106,-0.4152,0.0671,-1.06,-38.31,-4.87,181.42,-82.04,171.56
52.429924,-1.533173,171.18,5.78,3,332.82,21 / 21,1050909,2019-09-06 19:37:36:652,2.7232,-0.8422,10.0297,0.0026,-0.0018,9.8066,-0.0736,-0.4475,0.0982,-2.31,-38.56,-4.62,187.84,-82.37,173.5
52.429924,-1.533173,171.18,5.78,3,332.82,21 / 21,1051010,2019-09-06 19:37:36:753,1.7641,-0.8631,9.7391,-0.0055,0.0056,9.8065,-0.0617,-0.3841,0.0396,-3.06,-38.56,-5.56,191.21,-82.53,173
52.429924,-1.533173,171.18,5.78,3,332.82,21 / 21,1051110,2019-09-06 19:37:36:853,1.5838,-0.5593,9.1566,0.0053,0.026,9.8065,-0.0662,-0.3499,0.0405,-2.5,-38.06,-6.12,186.22,-82.58,172.55
52.429924,-1.533173,171.18,5.78,3,332.82,21 / 21,1051210,2019-09-06 19:37:36:953,1.8509,1.1901,9.6315,-0.0115,-0.0227,9.8065,0.1481,-0.2997,0.0421,-4.19,-37.94,-5.69,195.68,-82.69,172.31
52.429924,-1.533173,171.18,5.78,3,332.82,21 / 21,1051310,2019-09-06 19:37:37:053,1.5517,1.0328,9.6699,0.0039,-0.0104,9.8066,0.0947,-0.2434,0.0622,-5,-38.12,-5.81,200.28,-82.47,173.1
52.429924,-1.533173,171.18,5.78,3,332.82,21 / 21,1051409,2019-09-06 19:37:37:152,1.0981,1.0706,9.9097,0.0003,-0.0038,9.8066,-0.0109,-0.2084,0.037,-4.06,-38.44,-6.25,196.21,-82.29,173.76
52.429924,-1.533173,171.18,5.78,3,332.82,21 / 21,1051510,2019-09-06 19:37:37:253,0.7547,-0.2664,10.2996,-0.0019,-0.0062,9.8066,-0.0153,-0.1639,0.0158,-5.37,-38.62,-5.81,200.56,-82.37,174.07
52.429924,-1.533173,171.18,5.78,3,332.82,21 / 21,1051610,2019-09-06 19:37:37:353,-0.1721,0.7221,9.9383,-0.007,-0.0149,9.8065,0.0275,-0.1184,0.0634,-5.56,-38,-6,204.82,-82.5,173.86
52.429924,-1.533173,171.18,5.78,3,332.82,21 / 21,1051709,2019-09-06 19:37:37:452,0.2084,0.5751,9.5835,0.006,-0.0087,9.8065,0.0044,-0.0624,0.0313,-5.12,-38.31,-6,201.14,-82.47,174.49
52.429924,-1.533173,171.18,5.78,3,332.82,21 / 21,1051810,2019-09-06 19:37:37:553,0.4615,0.947,9.6489,0.0183,0.0053,9.8066,-0.0119,-0.0576,0.0527,-6.12,-38.37,-5.75,206.41,-82.37,176.57
52.429924,-1.533173,171.18,5.78,3,332.82,21 / 21,1051909,2019-09-06 19:37:37:652,1.6377,0.6411,10.5317,0.023,0.0157,9.8065,0.0374,-0.0204,0.0029,-6.19,-37.81,-5.5,209.35,-82.26,177.7
52.429924,-1.533173,171.18,5.78,3,332.82,21 / 21,1052010,2019-09-06 19:37:37:753,0.3991,2.0158,9.5852,-0.009,0.0187,9.8066,-0.0169,0.0273,-0.0267,-5.44,-37.87,-5.69,202.5,-82.28,177.02
52.429924,-1.533173,171.18,5.78,3,332.82,21 / 21,1052110,2019-09-06 19:37:37:853,-0.9671,0.2614,9.533,0.0023,-0.0162,9.8066,-0.0706,0.0411,0.0405,-6.62,-38.19,-5.81,209.76,-82.12,176.44
52.429924,-1.533173,171.18,5.78,3,332.82,21 / 21,1052211,2019-09-06 19:37:37:954,0.3055,-0.482,9.4877,0.0017,-0.0269,9.8066,0.0925,0.0677,-0.006,-6.31,-37.87,-5.56,207.08,-82.13,178.1
52.429924,-1.533173,171.18,5.78,3,332.82,21 / 21,1052310,2019-09-06 19:37:38:053,0.9108,0.8505,10.3694,0.0146,-0.0123,9.8065,0.1104,0.0347,-0.0277,-5.19,-37.44,-6.31,203.91,-82.07,179.29
52.429924,-1.533173,171.18,5.78,3,332.82,21 / 21,1052409,2019-09-06 19:37:38:152,-0.2195,1.4907,10.0234,0.0064,0.0202,9.8065,-0.0864,0.0074,0.0085,-6.12,-37.5,-5.87,207.79,-82,179.04
52.429924,-1.533173,171.18,5.78,3,332.82,21 / 21,1052509,2019-09-06 19:37:38:252,0.163,1.7985,9.5172,0.0102,0.0003,9.8065,-0.0708,0.0419,0.0154,-6.19,-37.5,-5.62,208,-81.95,179.45
52.429924,-1.533173,171.18,5.78,3,332.82,21 / 21,1052610,2019-09-06 19:37:38:353,-0.8686,0.9105,9.3451,0.0172,0.0194,9.8065,-0.0114,0.0727,0.054,-5.81,-37.37,-6.25,208.84,-81.9,-179.12
52.429924,-1.533173,171.18,5.78,3,332.82,21 / 21,1052709,2019-09-06 19:37:38:452,0.5038,0.4349,10.1447,0.0116,0.0058,9.8066,-0.0148,0.1079,0.0005,-6.12,-37.5,-6.12,209.32,-81.83,-178.23
52.429924,-1.533173,171.18,5.78,3,332.82,21 / 21,1052810,2019-09-06 19:37:38:553,0.1626,0.4941,10.8495,-0.0047,0.0076,9.8066,-0.0851,0.1083,-0.0417,-5.56,-37.56,-6.12,209.07,-81.97,-178.43
52.429924,-1.533173,171.18,5.78,3,332.82,21 / 21,1052910,2019-09-06 19:37:38:653,-0.4846,1.1961,9.3274,-0.0245,-0.0261,9.8065,-0.2483,0.06,0.0162,-5.25,-37.5,-6.06,204.41,-81.91,-179.6
52.429924,-1.533173,171.18,5.78,3,332.82,21 / 21,1053010,2019-09-06 19:37:38:753,-0.1199,0.829,9.3896,-0.0236,-0.0323,9.8065,0.2531,0.0943,-0.0289,-5.12,-37.62,-6.19,202.92,-81.89,178.45
52.429924,-1.533173,171.18,5.78,3,332.82,21 / 21,1053109,2019-09-06 19:37:38:852,-1.9196,0.4566,9.5555,-0.0022,0.0029,9.8066,0.3163,0.1821,-0.0667,-4.94,-37.81,-5.75,202.45,-81.54,178.31
52.429924,-1.533173,171.18,5.78,3,332.82,21 / 21,1053214,2019-09-06 19:37:38:957,1.0707,1.658,10.0353,-0.0216,0.0016,9.8066,-0.0951,0.2853,-0.1296,-5.19,-38.19,-4.75,203.8,-81.41,177.49
52.429924,-1.533173,171.18,5.78,3,332.82,21 / 21,1053309,2019-09-06 19:37:39:052,0.7238,0.406,10.0961,-0.0155,-0.0602,9.8064,-0.0251,-0.0236,0.0124,-3.81,-37.87,-6,197.37,-81.81,176.48
52.429924,-1.533173,171.18,5.78,3,332.82,21 / 21,1053409,2019-09-06 19:37:39:152,-3.8974,1.9061,10.0364,0.0114,0.0052,9.8066,-0.1035,0.0071,0.2309,-3.75,-37.75,-6,196.62,-81.84,175.14
52.429924,-1.533173,171.18,5.78,3,332.82,21 / 21,1053509,2019-09-06 19:37:39:252,-3.2557,2.514,10.5599,-0.002,0.0242,9.8066,-0.1765,0.2674,-0.1994,-2.81,-38.06,-5.81,192.37,-81.69,175.78
52.429924,-1.533173,171.18,5.78,3,332.82,21 / 21,1053609,2019-09-06 19:37:39:352,-0.4173,-0.7845,9.5585,0.0466,0.0667,9.8063,0.0033,0.116,0.1318,-3.31,-37.94,-6,192.38,-81.13,176.47
52.429924,-1.533173,171.18,5.78,3,332.82,21 / 21,1053709,2019-09-06 19:37:39:452,-4.087,-1.0944,9.5808,-0.0242,-0.0673,9.8063,-0.2112,0.3543,-0.1928,-2.69,-37.87,-6.06,192.24,-81,176.37
52.429924,-1.533173,171.18,5.78,3,332.82,21 / 21,1053810,2019-09-06 19:37:39:553,0.2864,-1.0968,9.5034,-0.012,-0.0669,9.8063,-0.1993,0.0606,0.0656,-2.62,-37.37,-6.06,192.79,-81.08,177
52.429924,-1.533173,171.18,5.78,3,332.82,21 / 21,1053910,2019-09-06 19:37:39:653,-0.3333,-0.0664,9.9392,0.0103,0.0552,9.8064,0.1321,0.0968,-0.0068,-2.94,-37.81,-5.44,193.79,-81.53,175.9
52.429924,-1.533173,171.18,5.78,3,332.82,21 / 21,1054010,2019-09-06 19:37:39:753,-0.7036,2.0919,9.9999,-0.0012,0.055,9.8064,-0.1877,0.2126,-0.069,-1.56,-38.06,-5.81,186.98,-81.24,174.85
52.429924,-1.533173,171.18,5.78,3,332.82,21 / 21,1054110,2019-09-06 19:37:39:853,-1.3804,1.6815,9.9518,0.0026,0.0415,9.8065,-0.118,0.0751,0.0083,-1.44,-37.44,-6,182.05,-81.18,174.47
52.429924,-1.533173,171.18,5.78,3,332.82,21 / 21,1054210,2019-09-06 19:37:39:953,-2.6037,-0.8539,9.5681,-0.0083,-0.021,9.8066,-0.1036,0.2321,-0.103,-1.12,-37.94,-6.12,181.42,-81.16,173.31
52.429924,-1.533173,171.18,5.78,3,332.82,21 / 21,1054310,2019-09-06 19:37:40:053,-1.0332,1.7746,10.3966,0.004,-0.0194,9.8066,0.1169,0.1572,-0.0507,-0.56,-37.81,-4.94,182.55,-81.07,174.16
52.429924,-1.533173,171.18,5.78,3,332.82,20 / 21,1054409,2019-09-06 19:37:40:152,-2.3992,1.6006,9.9768,-0.0087,0.0256,9.8066,-0.1759,-0.0156,-0.0002,-0.5,-38.19,-5.5,177.04,-80.99,173.55
52.429924,-1.533173,171.18,5.78,3,332.82,20 / 21,1054510,2019-09-06 19:37:40:253,0.6602,1.3251,9.8772,-0.008,0.0273,9.8065,-0.2289,0.2066,-0.099,-0.5,-37.75,-5.06,176.81,-80.82,172.98
52.429924,-1.533173,171.18,5.78,3,332.82,20 / 21,1054609,2019-09-06 19:37:40:352,-1.6792,0.0675,9.7702,-0.0101,-0.0249,9.8066,0.1917,0.1887,-0.1073,0,-38.06,-5.81,176.8,-81.02,173.66
52.429924,-1.533173,171.18,5.78,3,332.82,20 / 21,1054710,2019-09-06 19:37:40:453,-0.648,1.432,9.2158,0.0025,-0.0322,9.8066,0.2003,0.0201,-0.0242,0.13,-38.06,-5.62,176.62,-81.06,173.33
52.429924,-1.533173,171.18,5.78,3,332.82,20 / 21,1054809,2019-09-06 19:37:40:552,-1.2185,0.8825,10.1381,0.016,0.0089,9.8066,-0.0324,0.0205,0.0255,-0.06,-38,-5.12,177.31,-80.95,174.12
52.429924,-1.533173,171.18,5.78,3,332.82,20 / 21,1054909,2019-09-06 19:37:40:652,-1.0359,0.4994,9.7586,-0.0009,-0.0039,9.8066,0.0054,0.1334,-0.0758,0.88,-37.56,-5.31,172.17,-80.95,174.38
52.429924,-1.533173,171.18,5.78,3,332.82,20 / 21,1055010,2019-09-06 19:37:40:753,-1.3919,1.2275,9.6636,0.0097,0.0527,9.8065,-0.0732,0.0409,-0.0276,0.38,-37.12,-5.37,177.3,-80.94,174.19
52.429924,-1.533173,171.18,5.78,3,332.82,20 / 21,1055110,2019-09-06 19:37:40:853,0.9517,0.4477,9.9693,0.0221,-0.0394,9.8065,-0.0474,0.1496,-0.0218,1.13,-37.5,-5.44,172.34,-80.41,174.49
52.429924,-1.533173,171.18,5.78,3,332.82,20 / 21,1055209,2019-09-06 19:37:40:952,-2.0791,-0.6081,10.417,-0.0073,-0.0287,9.8065,0.1809,0.0891,-0.0706,0.69,-37.69,-5.56,172.92,-80.5,175.17
52.429924,-1.533173,171.18,5.78,3,332.82,20 / 21,1055310,2019-09-06 19:37:41:053,0.1207,0.5053,9.9908,0.0166,-0.0345,9.8065,0.0559,-0.0035,-0.081,0.19,-37.37,-5.37,177.98,-80.54,175.56
52.429924,-1.533173,171.18,5.78,3,332.82,21 / 21,1055410,2019-09-06 19:37:41:153,0.0119,0.3566,9.6089,-0.0004,0.0172,9.8066,-0.0487,0.1018,-0.0334,-0.5,-37.25,-3.69,178.37,-80.42,175.88
52.429924,-1.533173,171.18,5.78,3,332.82,21 / 21,1055510,2019-09-06 19:37:41:253,-0.2029,1.3189,9.1182,0.0107,0.0072,9.8066,-0.0068,0.0333,0.0411,0.25,-36.94,-3.5,178.57,-80.51,175.67
52.429924,-1.533173,171.18,5.78,3,332.82,21 / 21,1055610,2019-09-06 19:37:41:353,-0.5028,-0.1085,10.165,0.0103,0.0235,9.8065,-0.005,0.0707,0.007,1.06,-36,-3.19,172.28,-80.6,176.33
52.429924,-1.533173,171.18,5.78,3,332.82,21 / 21,1055709,2019-09-06 19:37:41:452,-0.0512,-0.594,10.1702,0.0035,0.025,9.8066,0.012,0.0453,0.0032,2.56,-35.62,-4.69,163.31,-80.49,177.44
52.429924,-1.533173,171.18,5.78,3,332.82,21 / 21,1055810,2019-09-06 19:37:41:553,-0.3597,1.3128,9.6882,-0.0031,0.0033,9.8066,-0.0111,0.0287,0.0148,2.44,-37.12,-4.87,168.51,-80.53,177.45
52.429924,-1.533173,171.18,5.78,3,332.82,21 / 21,1055910,2019-09-06 19:37:41:653,-1.0551,0.8509,10.0797,0,0.0111,9.8066,-0.0275,0.0494,-0.0263,2.44,-36.87,-5.87,169.41,-80.45,177.71
52.429924,-1.533173,171.18,5.78,3,332.82,21 / 21,1056010,2019-09-06 19:37:41:753,-0.8137,0.6937,10.3469,0.0011,0.0183,9.8066,-0.022,0.0005,0.0354,1.56,-37.94,-4.69,168.96,-80.39,177.87
52.429924,-1.533173,171.18,5.78,3,332.82,21 / 21,1056110,2019-09-06 19:37:41:853,-0.2422,-0.038,9.655,-0.01,-0.0139,9.8066,-0.0852,0.0504,-0.068,1.81,-37.87,-5.06,168.87,-80.39,177.68
52.429924,-1.533173,171.18,5.78,3,332.82,21 / 21,1056211,2019-09-06 19:37:41:954,-0.2877,0.3811,9.436,0.0108,-0.0189,9.8066,0.0206,0.0394,0.0265,2.31,-37.75,-5.06,168.94,-80.26,177.65
52.429924,-1.533173,171.18,5.78,3,332.82,21 / 21,1056310,2019-09-06 19:37:42:053,-0.4236,0.2091,9.3795,0.0014,0.0044,9.8066,-0.0439,0.036,-0.0221,1.94,-37.69,-5,169.2,-80.25,178.21
52.429924,-1.533173,171.18,5.78,3,332.82,21 / 21,1056410,2019-09-06 19:37:42:153,-0.3604,-0.6306,9.8326,0.0183,-0.0298,9.8065,0.092,0.0116,0.0451,2.75,-37.44,-4.44,162.96,-80.4,178.82
52.429924,-1.533173,171.18,5.78,3,332.82,21 / 21,1056509,2019-09-06 19:37:42:252,-0.7015,2.2265,9.2368,0.0251,-0.073,9.8063,0.1214,0.0279,0.0199,2.31,-37.31,-4.87,169.34,-80.54,179.22
52.429924,-1.533173,171.18,5.78,3,332.82,21 / 21,1056610,2019-09-06 19:37:42:353,0.3192,0.5051,9.9661,-0.0142,0.0613,9.8064,-0.0156,0.0766,-0.0103,2.81,-37.94,-4.25,163.33,-80.57,179.46
52.429924,-1.533173,171.18,5.78,3,332.82,21 / 21,1056709,2019-09-06 19:37:42:452,-0.5163,0.7762,9.5446,-0.0001,0.032,9.8065,-0.0615,-0.0369,0.1203,2.38,-37.06,-4.25,169.09,-80.23,-179.62
52.429924,-1.533173,171.18,5.78,3,332.82,21 / 21,1056810,2019-09-06 19:37:42:553,0.2994,0.4928,9.5478,-0.0111,0.0169,9.8066,-0.0269,0.0621,-0.1481,1.75,-38,-4.37,169,-80.22,179.74
52.429924,-1.533173,171.18,5.78,3,332.82,21 / 21,1056909,2019-09-06 19:37:42:652,-1.5559,-0.5237,9.5377,0.002,0.0201,9.8066,0.0471,0.1176,0.0628,1.88,-36.44,-4.19,168.73,-80.19,179.91
52.429924,-1.533173,171.18,5.78,3,332.82,21 / 21,1057009,2019-09-06 19:37:42:752,0.6582,1.4518,10.3606,-0.0165,-0.0016,9.8066,0.0138,0.0902,-0.0445,1.44,-37.5,-4.81,174.82,-80.17,179.79
52.429924,-1.533173,171.18,5.78,3,332.82,21 / 21,1057110,2019-09-06 19:37:42:853,-1.4342,0.4744,10.1944,0.001,-0.0019,9.8066,-0.0505,-0.0732,-0.1066,1.69,-37.87,-4.87,169.84,-80.11,179.44
52.429924,-1.533173,171.18,5.78,3,332.82,21 / 21,1057210,2019-09-06 19:37:42:953,-1.5576,0.8328,9.9863,0.0067,0.0001,9.8066,0.0509,0.0049,0.127,1.69,-37.5,-4.81,169.64,-80.14,179.36
52.429924,-1.533173,171.18,5.78,3,332.82,21 / 21,1057310,2019-09-06 19:37:43:053,1.0155,1.1462,10.1666,0.0004,-0.007,9.8066,-0.075,-0.148,0.1461,2.25,-37.81,-5,169.85,-80.17,179.52
52.429924,-1.533173,171.18,5.78,3,332.82,20 / 20,1057409,2019-09-06 19:37:43:152,-0.471,-0.9088,9.5956,-0.0037,0.0058,9.8066,-0.0983,-0.006,0.1107,2.44,-37.44,-4.87,169.57,-80.08,179.14
52.429924,-1.533173,171.18,5.78,3,332.82,20 / 20,1057509,2019-09-06 19:37:43:252,-1.5776,0.9569,10.2847,0.0017,0.0216,9.8065,0.1733,-0.0347,-0.0626,1.63,-38.12,-4.94,169.91,-80,179.46
52.429924,-1.533173,171.18,5.78,3,332.82,20 / 20,1057609,2019-09-06 19:37:43:352,0.2971,0.0643,10.3519,-0.0009,-0.0273,9.8066,0.1733,-0.0605,0.0025,1.56,-37.81,-4.31,169.17,-80.1,179.95
52.429924,-1.533173,171.18,5.78,3,332.82,20 / 20,1057710,2019-09-06 19:37:43:453,-0.2912,0.7018,9.6654,-0.0003,-0.024,9.8066,-0.1114,-0.0068,0.0193,1.75,-37,-4.75,169.84,-80.11,179.78
52.429924,-1.533173,171.18,5.78,3,332.82,20 / 20,1057809,2019-09-06 19:37:43:552,-0.6862,0.4432,9.7562,0.0076,-0.0007,9.8066,-0.0969,-0.0252,-0.0086,1.06,-36.94,-3.44,173.88,-80.1,-179.99
52.429924,-1.533173,171.18,5.78,3,332.82,20 / 20,1057909,2019-09-06 19:37:43:652,0.3096,1.2794,9.8462,0.0093,0.0063,9.8066,0.0257,0.0354,-0.0961,1.94,-36,-3.81,169.19,-80.1,-179.15
52.429924,-1.533173,171.18,5.78,3,332.82,20 / 20,1058010,2019-09-06 19:37:43:753,-0.2077,-0.1459,10.5198,0.0004,-0.0032,9.8066,0.0948,-0.0245,0.0638,2.44,-35.81,-3.87,169.02,-80.15,-179.46
52.429924,-1.533173,171.18,5.78,3,332.82,20 / 20,1058110,2019-09-06 19:37:43:853,-0.3517,0.4117,9.5614,0.0066,0.0023,9.8066,-0.031,-0.0102,0.0887,2.81,-35.87,-4.31,164.01,-80.08,-178.9
52.429924,-1.533173,171.18,5.78,3,332.82,20 / 20,1058209,2019-09-06 19:37:43:952,0.2222,-0.5859,9.781,0.0085,0.0079,9.8065,-0.0488,0.0035,0.0068,2.56,-36.12,-4.5,164.19,-80.11,-178.43
52.429924,-1.533173,171.18,5.78,3,332.82,20 / 20,1058310,2019-09-06 19:37:44:053,0.3091,0.2,10.5387,-0.0036,0.015,9.8066,-0.0026,-0.0226,-0.0901,2.69,-36,-4.44,164.34,-80.04,-178.24
52.429924,-1.533173,171.18,5.78,3,332.82,21 / 21,1058410,2019-09-06 19:37:44:153,-0.3439,0.1284,9.8105,-0.0127,0.0119,9.8066,0.0324,-0.0241,-0.0284,2.5,-35.56,-4.37,164.3,-80,-178.39
52.429924,-1.533173,171.18,5.78,3,332.82,21 / 21,1058509,2019-09-06 19:37:44:252,-0.3256,1.1514,9.7607,-0.0004,-0.005,9.8066,-0.0794,0.0909,0.0027,3.56,-35.75,-5.25,161.01,-79.84,-178.91
52.429924,-1.533173,171.18,5.78,3,332.82,21 / 21,1058610,2019-09-06 19:37:44:353,0.2296,0.7121,9.7451,-0.0088,0.011,9.8066,-0.0457,-0.0266,0.0734,3.5,-35.81,-5.56,162.37,-79.86,-179.15
52.429924,-1.533173,171.18,5.78,3,332.82,21 / 21,1058710,2019-09-06 19:37:44:453,0.1799,-0.77,9.8371,0.0052,0.0105,9.8066,-0.0489,0.0146,-0.0538,3.06,-36.31,-6.62,167.8,-80.01,-178.8
52.429924,-1.533173,171.18,5.78,3,332.82,21 / 21,1058810,2019-09-06 19:37:44:553,-0.3886,-0.2875,9.9383,0.0103,-0.0289,9.8066,0.1547,-0.0015,0.0109,2.88,-36.62,-5.37,165.62,-80.05,-179.03
52.429924,-1.533173,171.18,5.78,3,332.82,21 / 21,1058910,2019-09-06 19:37:44:653,0.2155,0.7801,9.7266,0.0052,-0.0252,9.8066,-0.0461,0.0511,-0.0289,1.94,-35.75,-5.06,170.34,-80.13,-178.8
52.429924,-1.533173,171.18,5.78,3,332.82,21 / 21,1059010,2019-09-06 19:37:44:753,0.5345,0.0361,10.0388,-0.0051,0.0254,9.8065,-0.0503,-0.0574,0.0502,1.38,-36.62,-5.37,175.47,-79.93,-178.9
52.429924,-1.533173,171.18,5.78,3,332.82,21 / 21,1059110,2019-09-06 19:37:44:853,-1.1751,-1.761,9.6746,-0.0026,0.014,9.8066,0.0438,-0.0171,0.0515,1.5,-36.5,-5.31,170.47,-79.96,-178.72
52.429924,-1.533173,171.18,5.78,3,332.82,21 / 21,1059213,2019-09-06 19:37:44:956,0.0054,-0.2074,10.0583,0.0036,-0.0047,9.8066,-0.0476,0.0235,-0.0432,1.06,-37,-5.25,175.25,-80.15,-179.27
52.429924,-1.533173,171.18,5.78,3,332.82,21 / 21,1059310,2019-09-06 19:37:45:053,-0.4265,-0.4841,9.8558,-0.0095,-0.0002,9.8066,0.0579,0.0193,0.048,0.75,-37.31,-5.44,175.1,-80.09,-179.65
52.43055,-1.533507,171.77,11.44,3,334.74,21 / 21,1059409,2019-09-06 19:37:45:152,-0.3922,-0.3926,10.5029,0.0061,-0.0038,9.8066,0.0761,-0.0101,-0.0503,-0.25,-37.31,-5.94,180,-80.12,-180
52.43055,-1.533507,171.77,11.44,3,334.74,21 / 21,1059510,2019-09-06 19:37:45:253,0.4681,-0.9845,10.0036,-0.0022,-0.0147,9.8066,0.0009,-0.0156,0.0513,-1,-35.69,-4.25,185.68,-80.05,-179.84
52.43055,-1.533507,171.77,11.44,3,334.74,21 / 21,1059609,2019-09-06 19:37:45:352,-0.2968,-1.1435,9.9958,0.011,0.034,9.8065,-0.0535,-0.0235,-0.0221,0.31,-35.94,-3.12,180.21,-79.82,-179.36
52.43055,-1.533507,171.77,11.44,3,334.74,21 / 21,1059710,2019-09-06 19:37:45:453,-0.8356,-1.3148,9.0013,-0.0108,0.0033,9.8066,0.1422,-0.0709,0.0601,1.56,-35.81,-4.25,169.2,-79.79,-179.58
52.43055,-1.533507,171.77,11.44,3,334.74,21 / 21,1059810,2019-09-06 19:37:45:553,0.116,0.2545,9.733,0.0002,0.0065,9.8066,0.0797,0.0027,0.0174,2.38,-36.75,-5.06,170.64,-79.61,-179.03
52.43055,-1.533507,171.77,11.44,3,334.74,21 / 21,1059910,2019-09-06 19:37:45:653,0.6012,-1.1455,9.3501,-0.0049,-0.0065,9.8066,-0.1157,0.0979,-0.0453,2.44,-37.44,-5.06,170.48,-79.66,-179.34
52.43055,-1.533507,171.77,11.44,3,334.74,21 / 21,1060010,2019-09-06 19:37:45:753,-0.3699,-0.7033,9.4606,-0.0052,0.0094,9.8066,-0.1354,0.0545,0.0577,2.38,-37.37,-5.44,170.32,-79.71,-179.63
52.43055,-1.533507,171.77,11.44,3,334.74,21 / 21,1060109,2019-09-06 19:37:45:852,-0.0785,-0.2829,9.7483,0.0048,0.0205,9.8066,-0.1692,0.0042,0.0412,1.81,-37.06,-5.31,170.42,-79.57,-179.56
52.43055,-1.533507,171.77,11.44,3,334.74,21 / 21,1060214,2019-09-06 19:37:45:957,0.6896,-0.4001,10.049,0.0024,-0.0139,9.8066,0.1065,-0.0576,0.0539,0.63,-37.12,-5.19,175.47,-79.6,-179.09
52.43055,-1.533507,171.77,11.44,3,334.74,21 / 21,1060310,2019-09-06 19:37:46:053,-0.3801,0.6947,9.9789,0.0052,0.0333,9.8066,-0.0945,0.0059,0.0181,0.06,-36.94,-5.44,180.6,-79.64,-178.62
52.43055,-1.533507,171.77,11.44,3,334.74,21 / 21,1060410,2019-09-06 19:37:46:153,-0.0431,-2.0548,9.5639,0.0024,0.0605,9.8064,-0.1934,0.006,-0.0598,-0.25,-36.75,-4.62,180.83,-79.31,-178.03
52.43055,-1.533507,171.77,11.44,3,334.74,21 / 21,1060509,2019-09-06 19:37:46:252,-0.7937,-1.2747,9.5183,0.0061,-0.0384,9.8065,0.1446,-0.0698,0.0139,-0.62,-36.56,-3.87,186.27,-79.62,-177.7
52.43055,-1.533507,171.77,11.44,3,334.74,21 / 21,1060610,2019-09-06 19:37:46:353,0.4175,0.1275,10.0034,0.0011,-0.046,9.8065,0.1174,0.0102,-0.0159,0.13,-36.69,-4.31,180.81,-79.59,-177.85
52.43055,-1.533507,171.77,11.44,3,334.74,21 / 21,1060710,2019-09-06 19:37:46:453,-2.2347,-0.7295,9.3673,-0.0425,0.0094,9.8065,-0.0501,0.0752,-0.1443,2.06,-37.25,-4.12,169.63,-79.59,-179.25
52.43055,-1.533507,171.77,11.44,3,334.74,21 / 21,1060810,2019-09-06 19:37:46:553,0.5159,-2.8634,10.8197,0.0014,-0.0086,9.8066,-0.0132,0.1817,-0.0342,1.88,-37.56,-5.19,169.82,-79.78,178.98
52.43055,-1.533507,171.77,11.44,3,334.74,21 / 21,1060909,2019-09-06 19:37:46:652,2.7313,-1.9972,9.949,0.0011,-0.0655,9.8063,0.1865,0.1328,-0.1569,1.75,-37.25,-4.94,170.5,-79.82,-179.12
52.43055,-1.533507,171.77,11.44,3,334.74,21 / 21,1061009,2019-09-06 19:37:46:752,1.02,0.0973,10.1589,0.0132,-0.0937,9.8061,0.1987,-0.1748,0.1655,1.94,-37,-5.06,169.65,-80.05,179.27
52.43055,-1.533507,171.77,11.44,3,334.74,21 / 21,1061110,2019-09-06 19:37:46:853,0.2496,0.3002,10.0386,0.0022,0.0412,9.8065,-0.1,-0.0332,-0.0413,2.25,-36.94,-5.06,170.59,-79.42,-179.35
52.43055,-1.533507,171.77,11.44,3,334.74,21 / 21,1061209,2019-09-06 19:37:46:952,-0.3057,-0.2959,9.7499,0.003,0.0052,9.8065,-0.0251,-0.0247,0.0154,2.56,-36.81,-5.44,166.03,-79.52,-178.97
52.43055,-1.533507,171.77,11.44,3,334.74,21 / 21,1061310,2019-09-06 19:37:47:053,1.7912,-0.8981,10.6238,-0.0053,0.0211,9.8066,-0.0145,-0.0355,-0.0183,1.06,-36.5,-7.19,176.33,-79.45,-178.9
52.43055,-1.533507,171.77,11.44,3,334.74,21 / 21,1061409,2019-09-06 19:37:47:152,-1.7458,0.8609,9.6586,-0.0293,-0.0358,9.8065,0.0699,-0.012,-0.0729,-0.5,-36.81,-7.31,179.93,-79.68,179.87
52.43055,-1.533507,171.77,11.44,3,334.74,21 / 21,1061510,2019-09-06 19:37:47:253,-0.5626,2.31,10.0591,0.0324,0.1241,9.8057,-0.2213,-0.1493,0.1312,-1.25,-36.81,-4.37,185.24,-79.68,179.56
52.43055,-1.533507,171.77,11.44,3,334.74,21 / 21,1061610,2019-09-06 19:37:47:353,-1.9426,0.1316,9.6448,-0.0267,0.0834,9.8062,-0.2254,0.1181,-0.1537,0.38,-35.94,-3.75,179.76,-79.21,179.36
52.43055,-1.533507,171.77,11.44,3,334.74,21 / 21,1061710,2019-09-06 19:37:47:453,-0.5887,-0.6365,9.9235,0.0187,-0.0343,9.8065,0.1655,-0.0035,0.0847,2,-35.69,-3.44,168.14,-79.48,179.98
52.43055,-1.533507,171.77,11.44,3,334.74,21 / 21,1061810,2019-09-06 19:37:47:553,0.4809,-1.5741,9.4116,0.0041,-0.0209,9.8065,0.1414,0.0116,-0.0538,2.38,-35.25,-4.19,168.99,-79.38,179.75
52.43055,-1.533507,171.77,11.44,3,334.74,21 / 21,1061910,2019-09-06 19:37:47:653,-0.1613,0.6198,10.3728,0.0096,-0.0155,9.8066,-0.0532,-0.0216,0.0239,2.69,-35.12,-4.37,164.1,-79.23,-179.79
52.43055,-1.533507,171.77,11.44,3,334.74,21 / 21,1062010,2019-09-06 19:37:47:753,0.041,-0.223,9.6977,-0.0024,0.0239,9.8065,-0.0746,0.0598,-0.0099,2.38,-35.62,-4.5,169.55,-79.22,-179.57
52.43055,-1.533507,171.77,11.44,3,334.74,21 / 21,1062109,2019-09-06 19:37:47:852,1.0776,-1.4428,9.4939,-0.0056,0.0146,9.8066,0.1035,0.0449,0.0094,2.56,-35.69,-4.19,164.54,-79.17,-179.49
52.43055,-1.533507,171.77,11.44,3,334.74,21 / 21,1062210,2019-09-06 19:37:47:953,0.0991,0.0802,9.9778,-0.0071,0.0091,9.8066,0.0321,0.0128,-0.0225,2.88,-35.87,-5.06,165.72,-79.08,-179.86
52.43055,-1.533507,171.77,11.44,3,334.74,21 / 21,1062310,2019-09-06 19:37:48:053,0.2987,1.4648,10.5192,0.0007,-0.0037,9.8066,0.0258,-0.1004,0.0457,2.13,-35.75,-5,170.44,-79.08,-179.75
52.43055,-1.533507,171.77,11.44,3,334.74,21 / 22,1062410,2019-09-06 19:37:48:153,0.9283,0.834,10.3586,-0.0023,0.0055,9.8066,0.0963,0.0235,-0.0105,1.69,-35.62,-5.5,170.64,-79.01,-179.35
52.43055,-1.533507,171.77,11.44,3,334.74,21 / 22,1062509,2019-09-06 19:37:48:252,-0.1092,1.7118,9.7484,0.0037,-0.0084,9.8066,0.2039,-0.0557,0.0446,0.88,-35.69,-5.31,175.31,-79.02,-179.61
52.43055,-1.533507,171.77,11.44,3,334.74,21 / 22,1062610,2019-09-06 19:37:48:353,0.0264,0.3153,9.9438,0.0108,-0.0371,9.8065,-0.2152,0.0009,-0.0618,0.31,-35.06,-5.12,180.49,-79.2,-178.89
52.43055,-1.533507,171.77,11.44,3,334.74,21 / 22,1062710,2019-09-06 19:37:48:453,0.0832,-0.1867,9.8342,-0.0041,0.0515,9.8064,-0.1931,-0.0548,0.0252,-0.12,-34.44,-4.44,180.34,-78.85,-179.11
52.43055,-1.533507,171.77,11.44,3,334.74,21 / 22,1062810,2019-09-06 19:37:48:553,0.1408,0.3653,9.8202,0.0015,0.0483,9.8065,0.0315,-0.0071,-0.0647,1.06,-34.87,-3.81,174.99,-78.85,-179.11
52.43055,-1.533507,171.77,11.44,3,334.74,21 / 22,1062910,2019-09-06 19:37:48:653,0.6948,-1.8842,10.1915,0.0085,-0.0529,9.8064,0.1604,0.028,-0.0252,1.81,-35.31,-4.12,169.6,-79.11,-179.15
52.43055,-1.533507,171.77,11.44,3,334.74,21 / 22,1063010,2019-09-06 19:37:48:753,-1.4486,0.4357,9.4888,0.0035,-0.0625,9.8064,-0.2216,-0.0368,0.004,1.81,-35.5,-4.56,170.29,-79.14,-179.67
52.43055,-1.533507,171.77,11.44,3,334.74,21 / 22,1063110,2019-09-06 19:37:48:853,0.1007,-0.776,9.779,-0.0165,0.0645,9.8064,-0.2307,0.0355,-0.0074,0.88,-36.12,-5.25,175.24,-79.14,-179.7
52.43055,-1.533507,171.77,11.44,3,334.74,21 / 22,1063214,2019-09-06 19:37:48:957,1.0776,-1.1688,9.7588,-0.0089,0.0544,9.8064,0.12,0.0438,-0.0648,0.75,-35.37,-6,175.29,-78.88,179.61
52.43055,-1.533507,171.77,11.44,3,334.74,21 / 22,1063310,2019-09-06 19:37:49:053,-0.2722,-0.8386,10.1932,-0.0028,-0.0275,9.8066,0.0695,-0.0062,0.0363,0.44,-36.25,-6.94,179.76,-79.06,179.54
52.43055,-1.533507,171.77,11.44,3,334.74,21 / 22,1063409,2019-09-06 19:37:49:152,0.5419,2.0479,9.9473,0.0008,-0.0106,9.8066,-0.1316,0.0542,-0.104,1.19,-36.44,-7.31,175.52,-78.96,179.37
52.43055,-1.533507,171.77,11.44,3,334.74,21 / 22,1063510,2019-09-06 19:37:49:253,-0.0203,-0.5917,9.381,-0.0093,-0.0018,9.8066,0.0225,0.0658,0.0183,3.06,-36.94,-7.31,167.35,-78.85,178.9
52.43055,-1.533507,171.77,11.44,3,334.74,21 / 22,1063610,2019-09-06 19:37:49:353,-0.3565,-0.0576,9.9548,0.0084,-0.0204,9.8066,-0.1381,0.0502,-0.0522,4.06,-37.56,-6.69,163.57,-78.93,178.75
52.43055,-1.533507,171.77,11.44,3,334.74,21 / 22,1063710,2019-09-06 19:37:49:453,0.6006,-1.3495,9.5283,-0.0185,0.0189,9.8065,-0.1346,0.002,-0.0223,4,-37.81,-5.69,162.67,-79.03,179.24
52.43055,-1.533507,171.77,11.44,3,334.74,21 / 22,1063810,2019-09-06 19:37:49:553,-0.1529,-0.6173,9.5753,-0.0064,0.0129,9.8066,0.1073,0.03,-0.0212,3.88,-37.69,-4.75,161.03,-79.01,178.4
52.43055,-1.533507,171.77,11.44,3,334.74,21 / 22,1063909,2019-09-06 19:37:49:652,0.4224,-0.4669,9.9115,-0.0013,0.0029,9.8066,0.024,0.013,0.0156,3.94,-37.19,-4.44,159.35,-79.01,178.54
52.43055,-1.533507,171.77,11.44,3,334.74,21 / 22,1064009,2019-09-06 19:37:49:752,0.2,-0.8131,9.5547,-0.0067,-0.0022,9.8066,-0.013,0.0426,0.0066,3.56,-36.62,-4.75,160.65,-79.03,178.22
52.43055,-1.533507,171.77,11.44,3,334.74,21 / 22,1064109,2019-09-06 19:37:49:852,-0.3727,-0.5862,9.5195,0.0133,-0.0269,9.8065,0.0136,-0.0169,0.0237,2.56,-36.5,-6,165.74,-79.13,178.11
52.43055,-1.533507,171.77,11.44,3,334.74,21 / 22,1064210,2019-09-06 19:37:49:953,-0.1243,-0.1802,9.8584,0.0027,-0.0365,9.8066,-0.1009,-0.0267,0.0258,0.81,-37.19,-6.25,174.72,-79.13,178.22
52.43055,-1.533507,171.77,11.44,3,334.74,21 / 22,1064310,2019-09-06 19:37:50:053,0.2512,-0.4556,10.0539,0.0076,0.0179,9.8066,-0.0349,-0.0013,0.0248,-1.19,-37,-4.81,184.12,-79.11,178.38
52.43055,-1.533507,171.77,11.44,3,334.74,21 / 22,1064409,2019-09-06 19:37:50:152,-0.4155,-1.0881,9.5005,0.0072,0.0142,9.8066,0.0587,0.0707,0.0196,-1.06,-36.87,-2.31,186.05,-78.96,178.9
52.43055,-1.533507,171.77,11.44,3,334.74,21 / 22,1064510,2019-09-06 19:37:50:253,1.0008,-0.4447,9.8635,0.0079,-0.0071,9.8066,0.0195,-0.045,0.0783,1.31,-36.56,-2.69,174.06,-78.97,179.2
52.43055,-1.533507,171.77,11.44,3,334.74,21 / 22,1064609,2019-09-06 19:37:50:352,-0.0241,-0.0349,9.361,0.0129,-0.016,9.8066,-0.0773,0.0248,-0.0159,1.56,-36,-3.25,168.46,-78.99,179.92
52.43055,-1.533507,171.77,11.44,3,334.74,21 / 22,1064710,2019-09-06 19:37:50:453,-0.2814,-1.1459,9.1728,0.0013,-0.0273,9.8065,-0.0098,-0.0552,0.0913,1.69,-36.12,-3.44,168.39,-79.1,179.95
52.43055,-1.533507,171.77,11.44,3,334.74,21 / 22,1064809,2019-09-06 19:37:50:552,-0.1884,1.8108,10.2401,0.0168,-0.0235,9.8065,0.0163,-0.0241,0.0346,2.81,-36.56,-3.75,164.84,-79.11,-179.5
52.43055,-1.533507,171.77,11.44,3,334.74,21 / 22,1064909,2019-09-06 19:37:50:652,0.1128,-0.6017,10.1403,-0.0033,0.0156,9.8066,0.0288,-0.0746,-0.0306,2.75,-36.06,-4.37,164.56,-79.28,-179.22
52.43055,-1.533507,171.77,11.44,3,334.74,21 / 22,1065010,2019-09-06 19:37:50:753,-1.2778,-0.4137,9.724,-0.0101,0.007,9.8066,0.0067,-0.0274,0.0798,2.94,-37.31,-4.75,166.11,-79.16,-179.35
52.43055,-1.533507,171.77,11.44,3,334.74,21 / 22,1065110,2019-09-06 19:37:50:853,1.0186,-0.9995,10.5291,0.0085,0.0126,9.8066,-0.0502,-0.0368,-0.0374,2.56,-37.06,-5.25,166.2,-79,-179.39
52.43055,-1.533507,171.77,11.44,3,334.74,21 / 22,1065210,2019-09-06 19:37:50:953,-1.3681,0.5083,9.7881,-0.0107,-0.0089,9.8066,0.0319,0.014,0.0501,1.88,-37.31,-4.81,170.67,-79.02,-179.62
52.43055,-1.533507,171.77,11.44,3,334.74,21 / 22,1065310,2019-09-06 19:37:51:053,0.3113,-1.7246,9.9965,0.0128,-0.0162,9.8066,0.063,0.0363,-0.0183,1.63,-37.37,-5.56,171.39,-79.1,-179.56
52.43055,-1.533507,171.77,11.44,3,334.74,20 / 22,1065410,2019-09-06 19:37:51:153,-0.5153,-0.3237,9.3552,0.0055,-0.0285,9.8066,-0.1415,-0.0143,-0.0247,0.81,-37.44,-5.81,175.81,-79.2,-179.43
52.43055,-1.533507,171.77,11.44,3,334.74,20 / 22,1065509,2019-09-06 19:37:51:252,0.1541,-1.3454,9.8455,-0.0069,0.0278,9.8066,-0.1285,0.0326,-0.0019,0.63,-36.81,-5,175.5,-79.28,-179.18
52.43055,-1.533507,171.77,11.44,3,334.74,20 / 22,1065610,2019-09-06 19:37:51:353,-0.3747,-1.0406,9.4411,-0.0021,0.0375,9.8066,0.2195,0.0321,0.0209,1.13,-36.69,-4.62,175.46,-79.06,-179.41
52.43055,-1.533507,171.77,11.44,3,334.74,20 / 22,1065710,2019-09-06 19:37:51:453,0.8812,-0.2045,9.9956,0.0085,-0.024,9.8066,0.0803,-0.059,0.0154,2.06,-36.5,-4.31,169.73,-79.09,-179.3
52.43055,-1.533507,171.77,11.44,3,334.74,20 / 22,1065810,2019-09-06 19:37:51:553,-0.041,-0.4673,9.6929,0.0021,-0.0141,9.8066,-0.034,0.0507,-0.0115,2.25,-35.81,-5.44,170.68,-79.09,-179.18
52.43055,-1.533507,171.77,11.44,3,334.74,20 / 22,1065910,2019-09-06 19:37:51:653,-0.1589,-2.0351,9.2116,0.0086,-0.0341,9.8066,0.0143,-0.0264,0.0956,0.56,-36.44,-5.56,175.87,-79.33,-179.11
52.43055,-1.533507,171.77,11.44,3,334.74,20 / 22,1066009,2019-09-06 19:37:51:752,-0.1709,-1.046,9.7305,0.0102,-0.0332,9.8065,-0.0585,0.0194,-0.0232,1.25,-35.37,-4.94,175.56,-79.43,-178.65
52.43055,-1.533507,171.77,11.44,3,334.74,20 / 22,1066110,2019-09-06 19:37:51:853,-0.3173,-0.8697,9.8707,-0.0021,0.0023,9.8066,0.0283,0.0305,-0.0165,1.88,-35.62,-3.56,169.98,-79.32,-178.34
52.43055,-1.533507,171.77,11.44,3,334.74,20 / 22,1066213,2019-09-06 19:37:51:956,-0.6392,0.77,10.1127,0.0003,-0.0036,9.8066,0.0773,0.0394,0.0611,2,-35.56,-3.5,168.85,-79.23,-178.44
52.43055,-1.533507,171.77,11.44,3,334.74,20 / 22,1066309,2019-09-06 19:37:52:052,0.1567,0.0153,9.4704,0.0061,0.0132,9.8066,-0.0784,0.0401,-0.0099,2.5,-36.37,-5.25,166.67,-79.06,-177.83
52.43055,-1.533507,171.77,11.44,3,334.74,20 / 21,1066410,2019-09-06 19:37:52:153,0.0755,-1.165,10.4128,0.0039,-0.01,9.8066,0.0535,0.0344,0.0145,1.75,-36.62,-4.37,170.6,-79.14,-177.43
52.43055,-1.533507,171.77,11.44,3,334.74,20 / 21,1066509,2019-09-06 19:37:52:252,0.1892,-1.0701,10.1472,0.0034,-0.001,9.8066,0.0713,0.046,-0.0005,2.13,-36.37,-4.25,170.51,-79.27,-177.09
52.43055,-1.533507,171.77,11.44,3,334.74,20 / 21,1066610,2019-09-06 19:37:52:353,-0.4831,-0.1055,9.4411,0.0085,-0.004,9.8066,-0.0663,0.0306,-0.0291,2.25,-36.5,-5,171.65,-79.24,-176.85
52.43055,-1.533507,171.77,11.44,3,334.74,20 / 21,1066710,2019-09-06 19:37:52:453,-0.1397,-0.8065,9.7859,0.0022,-0.0002,9.8066,-0.031,-0.0049,-0.0224,2.56,-37.12,-4.44,165.96,-79.33,-176.37
52.43055,-1.533507,171.77,11.44,3,334.74,20 / 21,1066809,2019-09-06 19:37:52:552,0.0218,0.1991,10.2721,0.009,-0.0029,9.8066,0.0454,-0.0134,0.0128,2.75,-37.31,-5,167.48,-79.36,-176.07
52.43055,-1.533507,171.77,11.44,3,334.74,20 / 21,1066910,2019-09-06 19:37:52:653,0.3293,-0.8954,9.8342,0,0.0201,9.8065,-0.0661,-0.0253,-0.041,2.94,-37.56,-5.06,167.97,-79.29,-175.51
52.43055,-1.533507,171.77,11.44,3,334.74,20 / 21,1067010,2019-09-06 19:37:52:753,-0.7934,0.3722,9.5502,-0.0119,0.0142,9.8065,-0.035,-0.1225,0.0976,2.44,-37.81,-4.75,172.4,-79.25,-175.69
52.43055,-1.533507,171.77,11.44,3,334.74,20 / 21,1067110,2019-09-06 19:37:52:853,-2.0635,-3.9762,10.5563,-0.0624,-0.0032,9.8064,0.2243,0.0509,-0.0587,2.94,-37.94,-5,166.9,-79.45,-177.62
52.43055,-1.533507,171.77,11.44,3,334.74,20 / 21,1067216,2019-09-06 19:37:52:959,3.8165,4.6296,8.7568,0.0081,0.1411,9.8056,-0.9969,0.0837,-0.1375,2.38,-38.44,-4.81,171.83,-79.99,-176.28
52.43055,-1.533507,171.77,11.44,3,334.74,20 / 21,1067310,2019-09-06 19:37:53:053,-4.5089,7.4503,11.6196,-0.1098,0.2752,9.8021,-0.4724,0.062,0.1613,2,-38,-4.69,171.92,-80.55,-175.54
52.43055,-1.533507,171.77,11.44,3,334.74,21 / 22,1067410,2019-09-06 19:37:53:153,0.0935,0.0967,11.17,-0.0376,0.1852,9.8047,-0.2783,0,-0.1962,2,-37.37,-4.87,171.94,-79.16,-176.56
52.43055,-1.533507,171.77,11.44,3,334.74,21 / 22,1067509,2019-09-06 19:37:53:252,0.5286,-1.347,8.5746,-0.0062,0.0195,9.8066,-0.3443,-0.0545,-0.0061,1.13,-36.81,-5.44,177.04,-79.35,-175.57
52.43055,-1.533507,171.77,11.44,3,334.74,21 / 22,1067609,2019-09-06 19:37:53:352,0.9387,-1.4258,9.1625,-0.0177,0.0755,9.8063,0.1981,0.0079,-0.0219,0.63,-37.69,-4.44,176.37,-79.3,-175.76
52.43055,-1.533507,171.77,11.44,3,334.74,21 / 22,1067710,2019-09-06 19:37:53:453,0.7153,-1.2603,9.0782,0.0099,-0.0646,9.8063,0.1211,-0.026,0.0159,1.69,-36.56,-3,169.47,-79.71,-176.26
52.43055,-1.533507,171.77,11.44,3,334.74,21 / 22,1067809,2019-09-06 19:37:53:552,0.6361,0.003,10.7831,0.0186,-0.0469,9.8065,0.0887,-0.0614,-0.0651,3.44,-35.5,-3.56,165.22,-79.59,-176.5
52.43055,-1.533507,171.77,11.44,3,334.74,21 / 22,1067909,2019-09-06 19:37:53:652,1.1313,1.0755,10.3837,-0.0266,0.0205,9.8065,0.0893,-0.0561,0.0297,2.81,-36.31,-4,165.51,-79.48,-176.63
52.43055,-1.533507,171.77,11.44,3,334.74,21 / 22,1068009,2019-09-06 19:37:53:752,0.6632,-0.1554,9.9991,-0.007,0.0211,9.8065,-0.076,-0.0746,-0.0461,2.5,-36.37,-4.87,166.58,-79.36,-177.59
52.43055,-1.533507,171.77,11.44,3,334.74,21 / 22,1068110,2019-09-06 19:37:53:853,-0.2159,-1.3468,9.6081,-0.0005,-0.0142,9.8066,-0.0365,-0.0141,-0.0511,2.44,-36.31,-4.75,171.22,-79.46,-177.6
52.43055,-1.533507,171.77,11.44,3,334.74,21 / 22,1068209,2019-09-06 19:37:53:952,0.6956,-0.2126,9.9925,-0.0002,-0.0172,9.8066,0.0332,-0.032,0.0373,1.94,-35.62,-4,170.02,-79.48,-178.02
52.43055,-1.533507,171.77,11.44,3,334.74,21 / 22,1068310,2019-09-06 19:37:54:053,-0.0196,-0.1107,10.1075,-0.0033,0.0251,9.8066,-0.0704,-0.0252,-0.0052,2.13,-35.5,-3.94,169.95,-79.38,-177.9
52.431393,-1.534315,173.12,12.61,2,330.02,21 / 22,1068410,2019-09-06 19:37:54:153,0.0501,0.0858,9.761,-0.0051,0.018,9.8066,-0.0769,-0.0403,-0.0005,2.13,-35.19,-3.94,169.96,-79.4,-177.85
52.431393,-1.534315,173.12,12.61,2,330.02,21 / 22,1068510,2019-09-06 19:37:54:253,-0.4108,-1.71,9.2959,-0.0105,0.0171,9.8066,-0.0828,-0.0102,-0.0364,2.94,-35.87,-5.31,166.43,-79.39,-177.87
52.431393,-1.534315,173.12,12.61,2,330.02,21 / 22,1068610,2019-09-06 19:37:54:353,0.9262,-0.2352,9.4345,-0.0043,0.0201,9.8066,-0.0719,0.0008,0.0201,2.5,-36.44,-5.44,166.31,-79.44,-178.05
52.431393,-1.534315,173.12,12.61,2,330.02,21 / 22,1068709,2019-09-06 19:37:54:452,0.1467,-1.2484,9.2545,-0.0054,-0.0178,9.8066,0.1043,-0.0065,-0.0262,2.19,-36.5,-5.37,171.05,-79.44,-177.98
52.431393,-1.534315,173.12,12.61,2,330.02,21 / 22,1068809,2019-09-06 19:37:54:552,0.3876,0.2136,9.1351,0.0064,-0.0138,9.8066,0.0745,-0.0607,0.0351,2.69,-37.44,-5.44,166.32,-79.58,-178.25
52.431393,-1.534315,173.12,12.61,2,330.02,21 / 22,1068909,2019-09-06 19:37:54:652,0.5354,-0.5743,9.677,-0.0247,0.0813,9.8062,-0.2067,0.0559,-0.0634,2.75,-37.25,-5.25,166.57,-79.35,-178.07
52.431393,-1.534315,173.12,12.61,2,330.02,21 / 22,1069009,2019-09-06 19:37:54:752,0.9573,-3.3392,9.7059,-0.0281,0.109,9.8059,-0.188,-0.0499,0.0159,2.75,-37.25,-5.69,167.55,-79.36,-178.36
52.431393,-1.534315,173.12,12.61,2,330.02,21 / 22,1069110,2019-09-06 19:37:54:853,-0.5466,0.32,8.8094,0.0177,-0.0397,9.8065,0.0702,0.0061,0.0496,2,-37.12,-5.06,171.08,-79.73,-177.95
52.431393,-1.534315,173.12,12.61,2,330.02,21 / 22,1069209,2019-09-06 19:37:54:952,0.5503,-1.2838,9.89,0.0121,0.0141,9.8066,-0.0139,-0.0031,0.0555,1.88,-37.19,-4.87,171.55,-79.55,-177.07
52.431393,-1.534315,173.12,12.61,2,330.02,21 / 22,1069310,2019-09-06 19:37:55:053,-0.6366,-2.6052,9.4348,0.0046,-0.0524,9.8065,-0.1894,0.0636,-0.0188,1.44,-37,-5.81,176.96,-79.62,-176.86
52.431393,-1.534315,173.12,12.61,2,330.02,20 / 22,1069410,2019-09-06 19:37:55:153,0.9274,0.2676,10.0967,0.0124,-0.0662,9.8064,0.07,-0.0855,-0.0146,1.31,-37.44,-5.56,177.02,-79.97,-176.62
52.431393,-1.534315,173.12,12.61,2,330.02,20 / 22,1069509,2019-09-06 19:37:55:252,-0.439,-1.294,9.876,-0.0007,0.0082,9.8066,0.0947,0.019,0.0602,-0.37,-37.81,-5.25,181.4,-79.85,-176.75
52.431393,-1.534315,173.12,12.61,2,330.02,20 / 22,1069610,2019-09-06 19:37:55:353,-1.2309,-0.1839,9.4123,-0.0063,-0.0032,9.8066,0.0209,0.002,0.0667,0.06,-36.87,-4.06,181.32,-79.87,-176.54
52.431393,-1.534315,173.12,12.61,2,330.02,20 / 22,1069709,2019-09-06 19:37:55:452,-0.077,0.5555,9.7247,-0.0013,-0.0041,9.8066,-0.0559,0.0297,-0.0108,0.88,-36.44,-2.06,173.88,-79.81,-177.12
52.431393,-1.534315,173.12,12.61,2,330.02,20 / 22,1069810,2019-09-06 19:37:55:553,-0.5302,-0.576,9.1704,-0.005,0.0074,9.8066,-0.0042,0.0181,-0.0006,3.31,-35.44,-2.75,162.95,-79.76,-177.31
52.431393,-1.534315,173.12,12.61,2,330.02,20 / 22,1069910,2019-09-06 19:37:55:653,0.3852,-0.6591,9.89,0.0036,0.0085,9.8066,-0.0253,0.046,0.0146,3.5,-36.06,-4.31,160.19,-79.72,-177.19
52.431393,-1.534315,173.12,12.61,2,330.02,20 / 22,1070010,2019-09-06 19:37:55:753,0.7444,-1.3676,9.9367,-0.0067,0.0196,9.8066,-0.0446,0.0042,0.0062,2.63,-36.44,-5.19,166.69,-79.62,-176.98
52.431393,-1.534315,173.12,12.61,2,330.02,20 / 22,1070109,2019-09-06 19:37:55:852,0.2819,-1.1537,9.7698,0.0041,-0.0187,9.8065,0.0287,0.0565,0.0056,2.13,-36.5,-4.69,171.36,-79.76,-177
52.431393,-1.534315,173.12,12.61,2,330.02,20 / 22,1070210,2019-09-06 19:37:55:953,-0.1527,-1.4084,9.9229,-0.0027,0.0307,9.8066,0.1192,-0.0169,0.0297,1.31,-36.37,-4.81,176.4,-79.59,-176.84
52.431393,-1.534315,173.12,12.61,2,330.02,20 / 22,1070310,2019-09-06 19:37:56:053,-0.9878,0.6951,10.124,-0.0098,0.0309,9.8066,-0.1628,-0.0152,-0.0628,1.81,-36.19,-5,171.47,-79.62,-176.89
52.431393,-1.534315,173.12,12.61,2,330.02,20 / 21,1070409,2019-09-06 19:37:56:152,-0.0444,-1.2079,9.0844,-0.0133,0.0355,9.8066,-0.1613,-0.0407,0.0011,1.94,-37.19,-4.56,171.38,-79.6,-177.39
52.431393,-1.534315,173.12,12.61,2,330.02,20 / 21,1070509,2019-09-06 19:37:56:252,-0.5479,0.3086,9.3983,0.004,0.001,9.8066,0.0714,-0.039,0.018,1.88,-37.12,-5.06,171.44,-79.6,-177.27
52.431393,-1.534315,173.12,12.61,2,330.02,20 / 21,1070609,2019-09-06 19:37:56:352,-0.0136,-1.8318,9.4591,0.0035,-0.002,9.8066,0.0135,-0.0305,-0.0227,2.38,-37.37,-5.19,171.64,-79.58,-176.83
52.431393,-1.534315,173.12,12.61,2,330.02,20 / 21,1070710,2019-09-06 19:37:56:453,-0.5692,-0.9815,9.7963,-0.0045,-0.0109,9.8066,-0.0614,-0.1363,0.0336,2.69,-36.62,-4.5,165.05,-79.83,-177.57
52.431393,-1.534315,173.12,12.61,2,330.02,20 / 21,1070810,2019-09-06 19:37:56:553,0.0037,-1.4661,9.64,-0.0092,-0.004,9.8066,-0.0433,0.0149,-0.0688,2.63,-36.81,-4.19,164.77,-79.9,-178.08
52.431393,-1.534315,173.12,12.61,2,330.02,20 / 21,1070909,2019-09-06 19:37:56:652,-0.4846,-1.1037,9.2772,-0.0092,0.0045,9.8066,0.0116,-0.0716,0.053,4.31,-35.75,-4.19,159.6,-79.84,-178.19
52.431393,-1.534315,173.12,12.61,2,330.02,20 / 21,1071009,2019-09-06 19:37:56:752,0.193,-1.4764,9.483,-0.018,0.0142,9.8066,-0.0272,0.0624,-0.0546,4.5,-35.44,-4.25,154.46,-79.77,-178.67
52.431393,-1.534315,173.12,12.61,2,330.02,20 / 21,1071110,2019-09-06 19:37:56:853,-0.0395,0.0209,10.1563,0.0091,-0.0155,9.8065,-0.0019,0.009,-0.0226,4.63,-35.37,-6,158.22,-79.85,-178.75
52.431393,-1.534315,173.12,12.61,2,330.02,20 / 21,1071210,2019-09-06 19:37:56:953,-0.1853,-1.6914,9.7451,-0.0013,-0.0043,9.8066,0.0042,-0.0298,-0.0195,4,-36.12,-6.69,163.75,-79.94,-178.88
52.431393,-1.534315,173.12,12.61,2,330.02,20 / 21,1071309,2019-09-06 19:37:57:052,0.095,-1.0039,9.6326,0.0054,-0.0115,9.8066,-0.0282,0.0659,-0.0351,2.81,-36.56,-6.56,167.98,-79.95,-178.82
52.431393,-1.534315,173.12,12.61,2,330.02,21 / 22,1071409,2019-09-06 19:37:57:152,-0.1673,0.6306,9.9547,0.0132,-0.0197,9.8066,0.0062,-0.017,0.0389,2.81,-36.69,-5.69,167.14,-80,-178.43
52.431393,-1.534315,173.12,12.61,2,330.02,21 / 22,1071510,2019-09-06 19:37:57:253,0.5116,-0.2566,9.3658,-0.0095,0.0228,9.8065,-0.1295,0.051,-0.0787,2.13,-36.06,-5.5,170.42,-80,-178.77
52.431393,-1.534315,173.12,12.61,2,330.02,21 / 22,1071609,2019-09-06 19:37:57:352,0.2377,-0.8726,9.612,-0.0057,0.0547,9.8065,-0.0157,0.0503,0.0659,1.81,-36.56,-5.19,170.52,-79.96,-178.91
52.431393,-1.534315,173.12,12.61,2,330.02,21 / 22,1071710,2019-09-06 19:37:57:453,0.1124,-0.9663,9.9547,0.0078,-0.0382,9.8066,0.0229,0.0099,-0.0492,2.31,-36,-4.94,170.51,-79.94,-178.65
52.431393,-1.534315,173.12,12.61,2,330.02,21 / 22,1071810,2019-09-06 19:37:57:553,0.5869,-0.9487,10.1917,0.0073,-0.0262,9.8066,0.0678,-0.0122,-0.0101,2.06,-36.06,-5.37,170.39,-80.16,-178.67
52.431393,-1.534315,173.12,12.61,2,330.02,21 / 22,1071910,2019-09-06 19:37:57:653,-0.3442,0.5319,10.9282,-0.0077,0.0166,9.8066,-0.1111,-0.0073,0.0184,2.81,-36.37,-4.75,165.52,-80.14,-178.66
52.431393,-1.534315,173.12,12.61,2,330.02,21 / 22,1072010,2019-09-06 19:37:57:753,0.3306,-0.4386,9.7046,-0.0031,0.0131,9.8066,-0.0669,0.0503,0.0216,2.88,-35.69,-5.56,166.77,-80.15,-178.61
52.431393,-1.534315,173.12,12.61,2,330.02,21 / 22,1072110,2019-09-06 19:37:57:853,-0.7678,-0.3543,9.266,-0.0069,0.0063,9.8066,0.0655,-0.0479,-0.0272,2.63,-35.37,-5.19,165.27,-80.04,-178.87
52.431393,-1.534315,173.12,12.61,2,330.02,21 / 22,1072210,2019-09-06 19:37:57:953,-0.6033,0.987,9.5047,-0.0048,0.0165,9.8065,0.016,-0.0191,-0.0535,2.13,-35.75,-6,170.98,-80.12,-179.27
52.431393,-1.534315,173.12,12.61,2,330.02,21 / 22,1072310,2019-09-06 19:37:58:053,-0.3535,-1.978,10.2205,0.0063,-0.019,9.8066,0.0291,-0.0364,0.0469,2.38,-35.75,-5.19,170,-80.28,-179.36
52.431393,-1.534315,173.12,12.61,2,330.02,20 / 21,1072409,2019-09-06 19:37:58:152,-1.4583,-0.0011,9.6694,-0.0019,-0.0153,9.8066,-0.0114,0.0054,-0.0427,2.69,-35.44,-5.56,165.91,-80.25,-179.77
52.431393,-1.534315,173.12,12.61,2,330.02,20 / 21,1072509,2019-09-06 19:37:58:252,-0.4312,0.1832,10.0415,0.007,0.0024,9.8066,-0.0592,-0.018,0.0889,2.88,-35.75,-5.06,164.97,-80.12,-179.83
52.431393,-1.534315,173.12,12.61,2,330.02,20 / 21,1072610,2019-09-06 19:37:58:353,0.3065,0.5062,9.2432,-0.0065,0.0011,9.8066,-0.0795,-0.0245,-0.0673,2.81,-35.19,-5.06,164.74,-80.15,-179.77
52.431393,-1.534315,173.12,12.61,2,330.02,20 / 21,1072710,2019-09-06 19:37:58:453,-0.0068,-1.6985,9.2789,0.0197,-0.0229,9.8065,0.1201,-0.0076,0.0695,3.25,-35.62,-6,165.67,-80.2,179.35
52.431393,-1.534315,173.12,12.61,2,330.02,20 / 21,1072810,2019-09-06 19:37:58:553,-0.197,-2.0287,9.7108,-0.0176,0.0141,9.8066,0.1482,-0.021,0.0297,2.94,-37.06,-5.56,166.06,-80.36,179.94
52.431393,-1.534315,173.12,12.61,2,330.02,20 / 21,1072910,2019-09-06 19:37:58:653,0.4506,-0.7376,9.5694,-0.0073,0.0253,9.8066,-0.1028,0.0548,-0.0527,2,-37.06,-4.56,169.54,-80.12,179.14
52.431393,-1.534315,173.12,12.61,2,330.02,20 / 21,1073010,2019-09-06 19:37:58:753,0.1672,-0.0151,10.3545,0.01,0.0213,9.8065,0.0048,0.0234,0.0962,1.38,-36.69,-4.5,174.36,-80.04,179.71
52.431393,-1.534315,173.12,12.61,2,330.02,20 / 21,1073109,2019-09-06 19:37:58:852,0.4799,-0.3592,10.1571,-0.014,0.0174,9.8066,-0.0663,0.0251,-0.0363,2.13,-37.25,-3.25,167.64,-80.06,179.23
52.431393,-1.534315,173.12,12.61,2,330.02,20 / 21,1073210,2019-09-06 19:37:58:953,2.214,-1.9205,9.6505,0.0048,0.0067,9.8066,0.0537,0.1232,-0.0662,3.31,-37.81,-3.31,162.1,-80.18,179.3
52.431393,-1.534315,173.12,12.61,2,330.02,20 / 21,1073310,2019-09-06 19:37:59:053,0.4746,1.7018,9.792,-0.0044,-0.0007,9.8066,-0.0882,0.1194,-0.0204,4.06,-37.37,-3.75,158,-80.31,178.88
52.431393,-1.534315,173.12,12.61,2,330.02,20 / 21,1073409,2019-09-06 19:37:59:152,0.0874,-0.6935,10.5004,0.0095,0.0146,9.8066,-0.0933,0.0957,0.117,4.31,-36.69,-4.5,158.41,-80.28,179.67
52.431393,-1.534315,173.12,12.61,2,330.02,20 / 21,1073510,2019-09-06 19:37:59:253,0.253,-1.3015,10.9103,-0.0107,0.0001,9.8066,0.0463,-0.0216,-0.1052,3.19,-37.5,-5.56,165.49,-80.37,178.88
52.431393,-1.534315,173.12,12.61,2,330.02,20 / 21,1073610,2019-09-06 19:37:59:353,-0.2682,0.1812,9.16,0.0216,-0.0291,9.8066,0.0423,-0.0277,0.0171,2.5,-36.44,-4.87,164.36,-80.5,179.57
52.431393,-1.534315,173.12,12.61,2,330.02,20 / 21,1073714,2019-09-06 19:37:59:457,0.3137,0.3632,9.3017,-0.0096,0.0373,9.8065,0.0193,-0.039,0.0382,2.5,-36.75,-5.37,164.79,-80.56,-179.9
52.431393,-1.534315,173.12,12.61,2,330.02,20 / 21,1073810,2019-09-06 19:37:59:553,0.2812,1.248,9.4204,-0.0076,0.0168,9.8065,-0.1041,0.0321,0.0175,3.06,-36.44,-5.56,165.94,-80.58,-179.64
52.431393,-1.534315,173.12,12.61,2,330.02,20 / 21,1073910,2019-09-06 19:37:59:653,0.5575,1.124,9.7807,0.0006,-0.0171,9.8066,-0.1317,0.0331,-0.0324,2.81,-35.56,-6,165.93,-80.78,-179.39
52.431393,-1.534315,173.12,12.61,2,330.02,20 / 21,1074010,2019-09-06 19:37:59:753,0.8727,-2.0545,9.8378,0.0138,-0.028,9.8065,-0.1302,-0.0172,0.0255,2.69,-35.12,-5.69,165.48,-80.89,-179.74
52.431393,-1.534315,173.12,12.61,2,330.02,20 / 21,1074109,2019-09-06 19:37:59:852,0.5642,-0.4599,9.8142,0.0063,-0.0412,9.8065,0.0141,0.0639,-0.0597,2.94,-35.69,-5.94,165.6,-81.11,-179.57
52.431393,-1.534315,173.12,12.61,2,330.02,20 / 21,1074210,2019-09-06 19:37:59:953,-0.8225,-1.604,9.8054,0.0158,-0.0213,9.8065,0.0939,-0.0761,0.0937,2.88,-35.69,-6,165.69,-81.13,-179.39
52.431393,-1.534315,173.12,12.61,2,330.02,20 / 21,1074310,2019-09-06 19:38:00:053,-0.0975,-0.7395,9.7918,-0.0037,0.0062,9.8066,0.0209,0.0037,-0.0466,3.81,-36.62,-5.69,161.41,-81.08,-179.4
52.431393,-1.534315,173.12,12.61,2,330.02,20 / 21,1074410,2019-09-06 19:38:00:153,0.1699,-0.7958,10.098,0.0023,-0.0009,9.8066,0.054,0.0102,0.0086,3.38,-37,-5.25,164.7,-81.08,-179.22
52.431393,-1.534315,173.12,12.61,2,330.02,20 / 21,1074509,2019-09-06 19:38:00:252,-0.0535,-0.7883,9.8279,-0.0095,0.0171,9.8066,-0.0659,0.0426,0.0175,3.44,-37,-4.94,164.62,-81.05,-179.43
52.431393,-1.534315,173.12,12.61,2,330.02,20 / 21,1074610,2019-09-06 19:38:00:353,1.0829,-1.9842,9.3808,-0.0094,0.0274,9.8066,-0.1678,0.0156,0.0055,3.88,-36.62,-4.69,159.78,-80.98,-179.6
52.431393,-1.534315,173.12,12.61,2,330.02,20 / 21,1074710,2019-09-06 19:38:00:453,-0.2827,-0.6375,9.994,0.0128,-0.0185,9.8066,0.1481,0.0186,0.0382,3.88,-36.94,-4.87,159.58,-81.14,-179.66
52.431393,-1.534315,173.12,12.61,2,330.02,20 / 21,1074810,2019-09-06 19:38:00:553,0.3476,-1.0535,10.2115,-0.0132,0.0292,9.8066,0.1349,-0.0387,0.0185,3.69,-36.19,-5.69,161.1,-81.2,-179.35
52.431393,-1.534315,173.12,12.61,2,330.02,20 / 21,1074909,2019-09-06 19:38:00:652,-0.0751,0.1601,9.9796,-0.0042,0.0325,9.8065,-0.1836,0.0172,0.0054,3.31,-37.5,-5.87,165.8,-81.24,-179.38
52.431393,-1.534315,173.12,12.61,2,330.02,20 / 21,1075010,2019-09-06 19:38:00:753,-1.0753,1.5609,10.0143,0.0113,-0.0125,9.8066,0.0405,0.049,0.0151,2.38,-37.12,-6.12,170.87,-81.37,-178.6
52.431393,-1.534315,173.12,12.61,2,330.02,20 / 21,1075110,2019-09-06 19:38:00:853,0.7894,0.4936,10.481,-0.0185,0.1103,9.8059,-0.195,0.0146,-0.0043,2.38,-37.5,-4.94,170.43,-80.93,-178.03
52.431393,-1.534315,173.12,12.61,2,330.02,20 / 21,1075210,2019-09-06 19:38:00:953,-0.7283,-0.3654,9.4821,-0.0184,0.0597,9.8064,0.0199,0.0624,-0.0035,2.06,-37.06,-6.06,171.34,-81.16,-177.91
52.431393,-1.534315,173.12,12.61,2,330.02,20 / 21,1075310,2019-09-06 19:38:01:053,0.7247,-0.825,10.276,0.0012,-0.0123,9.8065,0.0422,0.0344,0.0146,1.5,-37.69,-5.87,171.14,-81.16,-178.49
52.431393,-1.534315,173.12,12.61,2,330.02,20 / 21,1075410,2019-09-06 19:38:01:153,0.4411,0.7909,9.6339,0.0012,-0.0358,9.8065,0.0112,-0.0489,0.0436,1.31,-37.87,-6,175.96,-81.2,-178.39
52.431393,-1.534315,173.12,12.61,2,330.02,20 / 21,1075510,2019-09-06 19:38:01:253,0.4203,-1.3526,9.6286,-0.0143,-0.0118,9.8066,-0.0547,0.0262,-0.1751,1.81,-37.5,-4.62,169.84,-81.22,-178.9
52.431393,-1.534315,173.12,12.61,2,330.02,20 / 21,1075609,2019-09-06 19:38:01:352,0.1824,-1.3839,9.6229,0.0024,-0.0105,9.8066,0.0023,-0.0879,-0.0094,1.88,-36.62,-4.87,169.17,-81.39,179.95
52.431393,-1.534315,173.12,12.61,2,330.02,20 / 21,1075710,2019-09-06 19:38:01:453,0.5566,0.4006,9.765,0.0073,0.0125,9.8066,0.1207,-0.053,0.0178,2.31,-36.69,-4.19,168.24,-81.35,-179.76
52.431393,-1.534315,173.12,12.61,2,330.02,20 / 21,1075809,2019-09-06 19:38:01:552,-0.086,-0.8596,9.5279,-0.0001,-0.0025,9.8066,-0.0076,-0.0048,-0.0079,3.19,-36.37,-5.06,163.78,-81.38,179.91
52.431393,-1.534315,173.12,12.61,2,330.02,20 / 21,1075910,2019-09-06 19:38:01:653,0.6038,-1.9382,9.3648,0.0039,0.0131,9.8066,-0.0252,0.0019,0.0064,3.88,-36.81,-6,161.17,-81.35,-179.37
52.431393,-1.534315,173.12,12.61,2,330.02,20 / 21,1076010,2019-09-06 19:38:01:753,0.286,-0.1785,10.1106,0.0042,-0.0079,9.8065,0.067,-0.0304,0.037,3.06,-37.37,-5.44,164.15,-81.57,-179.45
52.431393,-1.534315,173.12,12.61,2,330.02,20 / 21,1076110,2019-09-06 19:38:01:853,-0.5389,-0.8679,9.4579,-0.0107,0.0122,9.8066,-0.1173,-0.0097,-0.025,3.25,-37.44,-5.62,165.4,-81.66,-179.52
52.431393,-1.534315,173.12,12.61,2,330.02,20 / 21,1076210,2019-09-06 19:38:01:953,-0.3462,-2.2473,9.8448,-0.0089,0.0229,9.8066,0.0247,-0.0378,0.0485,3,-37.25,-5.12,163.76,-81.59,179.83
52.431393,-1.534315,173.12,12.61,2,330.02,20 / 21,1076310,2019-09-06 19:38:02:053,-0.6371,0.0501,9.6677,0.0111,-0.0015,9.8066,-0.0146,0.1198,0.0012,2.88,-37.44,-5.56,165.57,-81.56,-179.37
52.431393,-1.534315,173.12,12.61,2,330.02,20 / 21,1076409,2019-09-06 19:38:02:152,0.7349,0.0698,10.2832,0.0047,-0.0041,9.8066,0.053,-0.052,0.0125,3,-37.19,-5.56,165.87,-81.58,-178.79
52.431393,-1.534315,173.12,12.61,2,330.02,20 / 21,1076510,2019-09-06 19:38:02:253,-1.0473,-1.3572,10.0795,0.0048,0.0163,9.8065,-0.0491,-0.1149,0.0637,2.31,-37.87,-4.69,169.62,-81.62,-179.15
52.431393,-1.534315,173.12,12.61,2,330.02,20 / 21,1076609,2019-09-06 19:38:02:352,-0.1992,-0.567,9.6525,-0.0069,0.0098,9.8066,-0.0867,-0.0175,-0.0531,2.56,-38.06,-5,164.73,-81.55,-178.77
52.431393,-1.534315,173.12,12.61,2,330.02,20 / 21,1076710,2019-09-06 19:38:02:453,0.1239,-2.3292,9.4834,0.009,0.0106,9.8066,-0.0156,-0.0472,0.0101,3.5,-37.31,-5.5,159.92,-81.56,-178.18
52.431393,-1.534315,173.12,12.61,2,330.02,20 / 21,1076809,2019-09-06 19:38:02:552,0.3767,-1.7706,10.0079,-0.0058,0.0138,9.8065,-0.0637,-0.0308,-0.0263,2.63,-37.5,-5.62,166.13,-81.61,-178.29
52.431393,-1.534315,173.12,12.61,2,330.02,20 / 21,1076910,2019-09-06 19:38:02:653,0.5769,-0.2925,9.7791,0.0022,-0.0017,9.8066,-0.0175,0.0204,-0.0023,3.06,-37.12,-5.06,165.04,-81.71,-177.52
52.431393,-1.534315,173.12,12.61,2,330.02,20 / 21,1077010,2019-09-06 19:38:02:753,0.6813,-1.3876,9.9688,0.0032,0.006,9.8066,0.0501,-0.0161,0.0287,2.69,-37.37,-5.25,165.12,-81.72,-177.36
52.431393,-1.534315,173.12,12.61,2,330.02,20 / 21,1077110,2019-09-06 19:38:02:853,0.6735,-0.9939,10.0626,-0.0007,0.0141,9.8065,0.0534,0.0268,0.0161,2.63,-36.19,-5.37,164.9,-81.79,-177.28
52.431393,-1.534315,173.12,12.61,2,330.02,20 / 21,1077210,2019-09-06 19:38:02:953,-0.0074,-1.2082,10.5101,-0.0027,-0.0152,9.8066,-0.0031,-0.0019,-0.007,1.94,-35.87,-4.87,170.37,-81.64,-177.08
52.431393,-1.534315,173.12,12.61,2,330.02,20 / 21,1077309,2019-09-06 19:38:03:052,-0.5089,-0.9037,9.5099,-0.002,0.0043,9.8066,-0.0572,0.0151,-0.015,1.63,-36.37,-5.25,170.15,-81.67,-177.49
52.43224,-1.535146,174.08,11.19,2,328.85,20 / 21,1077410,2019-09-06 19:38:03:153,-0.6226,-0.3525,9.0793,0.0025,0.0025,9.8066,0.0341,-0.0333,-0.0258,1.19,-36.37,-6.25,176.17,-81.63,-177.62
52.43224,-1.535146,174.08,11.19,2,328.85,20 / 21,1077509,2019-09-06 19:38:03:252,0.8452,-1.403,9.4765,0.0091,-0.0064,9.8066,-0.0826,0.0239,-0.066,1.63,-36.25,-5.5,170.32,-81.63,-177.2
52.43224,-1.535146,174.08,11.19,2,328.85,20 / 21,1077610,2019-09-06 19:38:03:353,0.2398,-0.9726,9.7826,-0.0051,-0.0098,9.8066,-0.0522,-0.0264,-0.0043,1.69,-36.75,-4.56,170.12,-81.82,-177.65
52.43224,-1.535146,174.08,11.19,2,328.85,20 / 21,1077710,2019-09-06 19:38:03:453,-0.0731,-2.7583,9.5855,-0.0053,-0.012,9.8066,0.1098,-0.0593,0.0235,2.38,-36.94,-5.19,169.84,-81.9,-178.1
52.43224,-1.535146,174.08,11.19,2,328.85,20 / 21,1077809,2019-09-06 19:38:03:552,0.7966,-0.6792,9.4866,0.0001,0.0024,9.8066,0.0563,0.0384,-0.0547,2.69,-36.37,-5.19,164.23,-81.85,-178.42
52.43224,-1.535146,174.08,11.19,2,328.85,20 / 21,1077910,2019-09-06 19:38:03:653,-0.4861,-0.9209,9.7417,-0.0051,0.0083,9.8066,-0.0712,0.0197,0.0057,2.75,-36,-5.25,164.02,-81.83,-178.86
52.43224,-1.535146,174.08,11.19,2,328.85,20 / 21,1078009,2019-09-06 19:38:03:752,0.591,-0.762,9.8615,-0.0114,0.0195,9.8066,-0.1259,-0.0069,0.0256,2.38,-37.19,-5.62,170.47,-81.76,-178.97
52.43224,-1.535146,174.08,11.19,2,328.85,20 / 21,1078109,2019-09-06 19:38:03:852,0.1096,-1.6269,9.6818,-0.0097,0.0346,9.8065,0.0438,-0.0034,0.0218,2.44,-36.37,-5.69,170.2,-81.83,-179.19
52.43224,-1.535146,174.08,11.19,2,328.85,20 / 21,1078214,2019-09-06 19:38:03:957,0.9847,-2.2806,9.7001,0.0057,-0.0325,9.8065,0.0142,0.053,-0.0527,1.63,-37,-5.5,168.88,-81.98,-179.86
52.43224,-1.535146,174.08,11.19,2,328.85,20 / 21,1078310,2019-09-06 19:38:04:053,0.5405,-2.011,9.523,0.0119,-0.0069,9.8066,0.1768,0.0097,0.0313,2.19,-35.56,-4.19,167.53,-81.96,-179.85
52.43224,-1.535146,174.08,11.19,2,328.85,21 / 21,1078409,2019-09-06 19:38:04:152,1.2588,-1.8277,9.6897,0.004,-0.0184,9.8065,-0.0563,0.0155,-0.0175,2.63,-36.69,-5.62,165.17,-81.9,-179.59
52.43224,-1.535146,174.08,11.19,2,328.85,21 / 21,1078509,2019-09-06 19:38:04:252,-0.0811,-1.8666,9.9687,0.0156,-0.0221,9.8065,0.0268,-0.0114,-0.0003,2.81,-36.44,-5.31,163.63,-82,-179.28
52.43224,-1.535146,174.08,11.19,2,328.85,21 / 21,1078609,2019-09-06 19:38:04:352,0.7252,-0.8017,10.1276,0.0033,-0.0276,9.8065,-0.0389,0.153,-0.0108,2.44,-36.44,-5.5,169.13,-82.03,-179.04
52.43224,-1.535146,174.08,11.19,2,328.85,21 / 21,1078710,2019-09-06 19:38:04:453,0.4379,0.008,9.9842,-0.0116,0.0222,9.8065,0.0517,-0.0059,0.0875,2.5,-36.62,-4.87,163.68,-82.1,-179.41
52.43224,-1.535146,174.08,11.19,2,328.85,21 / 21,1078810,2019-09-06 19:38:04:553,0.9319,-1.4222,9.3377,-0.001,0.0215,9.8066,-0.1452,0.0203,-0.0727,2.94,-36.69,-5.5,164.11,-81.93,-178.91
52.43224,-1.535146,174.08,11.19,2,328.85,21 / 21,1078910,2019-09-06 19:38:04:653,1.2519,-2.379,9.7,0.0008,-0.0107,9.8066,-0.105,0.0475,0.0379,2.69,-35.75,-5.56,165.38,-82.03,-178.74
52.43224,-1.535146,174.08,11.19,2,328.85,21 / 21,1079010,2019-09-06 19:38:04:753,-0.4934,-1.574,9.7324,-0.0076,0.0161,9.8065,0.0694,-0.0197,-0.0709,2.75,-36,-6.31,165.2,-81.95,-179.16
52.43224,-1.535146,174.08,11.19,2,328.85,21 / 21,1079110,2019-09-06 19:38:04:853,0.8339,-1.7956,9.8243,-0.0042,-0.0238,9.8065,0.0016,0.0209,-0.0177,1.38,-37.19,-6.5,175.62,-82.05,-178.55
52.43224,-1.535146,174.08,11.19,2,328.85,21 / 21,1079214,2019-09-06 19:38:04:957,0.732,-1.8096,9.5651,-0.0042,-0.0107,9.8066,0.0553,0.039,0.0158,1.25,-36.5,-6.19,175.09,-82.12,-179.39
52.43224,-1.535146,174.08,11.19,2,328.85,21 / 21,1079310,2019-09-06 19:38:05:053,-0.1289,-0.6249,10.1766,0.0073,-0.0035,9.8066,0.007,0.0503,0.0019,1.25,-37.44,-5,175,-82.08,-178.64
52.43224,-1.535146,174.08,11.19,2,328.85,20 / 20,1079410,2019-09-06 19:38:05:153,0.2289,-1.6126,9.5262,0.0023,0.0004,9.8065,-0.0429,0.0523,0.0015,1.44,-36.94,-4.44,174.47,-82.16,-178.21
52.43224,-1.535146,174.08,11.19,2,328.85,20 / 20,1079509,2019-09-06 19:38:05:252,0.6754,-1.4892,10.1154,-0.002,0.0022,9.8066,-0.0336,0.039,0.0327,1.75,-36.69,-3.56,168.56,-82.26,-177.55
52.43224,-1.535146,174.08,11.19,2,328.85,20 / 20,1079610,2019-09-06 19:38:05:353,0.5423,-2.5853,9.8382,0.0086,-0.014,9.8066,-0.0405,0.0951,-0.0416,2.56,-36.56,-4.06,162.63,-82.36,-177.45
52.43224,-1.535146,174.08,11.19,2,328.85,20 / 20,1079709,2019-09-06 19:38:05:452,0.8704,-1.0684,9.9319,-0.0022,-0.0097,9.8066,0.0258,-0.0587,0.031,2.94,-36.75,-4.19,162.4,-82.47,-177.65
52.43224,-1.535146,174.08,11.19,2,328.85,20 / 20,1079809,2019-09-06 19:38:05:552,-0.915,-0.9568,10.1427,-0.0006,-0.0002,9.8066,-0.0411,0.0684,0.0207,3.56,-36.44,-4.81,158.87,-82.46,-177.74
52.43224,-1.535146,174.08,11.19,2,328.85,20 / 20,1079910,2019-09-06 19:38:05:653,0.6891,-1.9694,9.7058,-0.0083,0.0236,9.8066,-0.055,0.0332,0.0046,3.88,-36.12,-4.87,158.45,-82.55,-178.28
52.43224,-1.535146,174.08,11.19,2,328.85,20 / 20,1080009,2019-09-06 19:38:05:752,0.0562,-2.0279,9.8774,-0.0043,0.0142,9.8066,0.0563,0.0417,-0.05,3.69,-36.62,-5.69,160.92,-82.41,-178.04
52.43224,-1.535146,174.08,11.19,2,328.85,20 / 20,1080110,2019-09-06 19:38:05:853,2.9458,-2.0207,8.5196,0.0059,-0.0315,9.8066,0.0224,-0.0667,-0.003,4.13,-36.31,-5.62,160.36,-82.61,-178.28
52.43224,-1.535146,174.08,11.19,2,328.85,20 / 20,1080210,2019-09-06 19:38:05:953,-3.2995,-1.9189,10.551,0.0035,-0.0259,9.8065,-0.0544,0.2248,-0.0801,3.5,-37,-4.81,157.69,-82.58,-179.95
52.43224,-1.535146,174.08,11.19,2,328.85,20 / 20,1080310,2019-09-06 19:38:06:053,-2.6458,-2.863,10.6192,0.054,-0.0459,9.8063,0.0963,0.3172,-0.1196,4.44,-36.12,-4.69,157.65,-82.8,-179.09
52.43224,-1.535146,174.08,11.19,2,328.85,21 / 21,1080410,2019-09-06 19:38:06:153,1.3059,-1.3973,10.0224,0.0431,-0.0794,9.8062,0.1431,0.0259,0.0189,4.5,-36.44,-3.81,150,-82.91,-178.81
52.43224,-1.535146,174.08,11.19,2,328.85,21 / 21,1080510,2019-09-06 19:38:06:253,-0.768,-1.0893,10.6919,-0.0473,0.0374,9.8064,0.041,0.2354,-0.1134,4.75,-36.69,-5.5,153.24,-82.81,-178.77
52.43224,-1.535146,174.08,11.19,2,328.85,21 / 21,1080609,2019-09-06 19:38:06:352,-0.0413,-1.6887,10.9988,-0.0002,0.0012,9.8065,0.1784,0.0003,0.116,4.5,-35.87,-5.5,151.93,-82.73,179.45
52.43224,-1.535146,174.08,11.19,2,328.85,21 / 21,1080709,2019-09-06 19:38:06:452,-0.1504,-2.0256,9.3366,-0.0063,0.0143,9.8066,-0.1744,0.062,-0.0389,4.5,-37.12,-5.62,155.04,-82.75,-179.63
52.43224,-1.535146,174.08,11.19,2,328.85,21 / 21,1080809,2019-09-06 19:38:06:552,-0.5707,-2.6268,9.2133,-0.0232,0.0323,9.8065,0.18,0.1848,-0.0069,3.81,-36.44,-5.75,159.35,-82.72,-179.71
52.43224,-1.535146,174.08,11.19,2,328.85,21 / 21,1080909,2019-09-06 19:38:06:652,-1.0406,-1.4208,9.6993,0.0111,-0.0246,9.8065,0.1308,0.1745,-0.0132,4.31,-37.44,-4.75,156.76,-82.94,179.27
52.43224,-1.535146,174.08,11.19,2,328.85,21 / 21,1081010,2019-09-06 19:38:06:753,-1.4096,-1.3062,10.2399,0.0154,-0.0374,9.8065,-0.1552,0.2068,-0.0182,4.63,-38.06,-4.25,149.6,-82.97,179.54
52.43224,-1.535146,174.08,11.19,2,328.85,21 / 21,1081110,2019-09-06 19:38:06:853,-1.8326,-1.8026,9.9971,-0.0101,0.0307,9.8066,-0.1366,0.2032,-0.0399,4.88,-37.31,-4.75,151.45,-83.08,179.05
52.43224,-1.535146,174.08,11.19,2,328.85,21 / 21,1081210,2019-09-06 19:38:06:953,-0.7696,-2.6585,9.4965,-0.0141,0.0269,9.8065,-0.0536,0.2349,0.0163,5.44,-36.62,-3.75,149.35,-83.01,179.83
52.43224,-1.535146,174.08,11.19,2,328.85,21 / 21,1081310,2019-09-06 19:38:07:053,-0.3541,-2.8358,9.3881,0.0189,-0.0049,9.8065,-0.0485,0.2371,-0.0034,4.81,-36.94,-3.44,146.71,-83.2,-178.46
52.43224,-1.535146,174.08,11.19,2,328.85,21 / 21,1081410,2019-09-06 19:38:07:153,-0.6314,-2.0211,9.3286,0.0072,0.0056,9.8066,0.1072,0.2892,0.0055,5.13,-36.75,-3,147.57,-83.13,-177.27
52.43224,-1.535146,174.08,11.19,2,328.85,21 / 21,1081510,2019-09-06 19:38:07:253,-0.8204,-2.2817,9.636,0.0158,0.001,9.8066,0.016,0.3043,0.0017,6.13,-37,-3.12,143.74,-83.2,-175.4
52.43224,-1.535146,174.08,11.19,2,328.85,21 / 21,1081610,2019-09-06 19:38:07:353,-1.0225,-1.3784,9.7003,0.0104,0.0018,9.8066,-0.0679,0.2595,-0.0034,5.5,-37.31,-2.56,144.24,-83.22,-174.55
52.43224,-1.535146,174.08,11.19,2,328.85,21 / 21,1081709,2019-09-06 19:38:07:452,-0.7139,-1.8173,9.4445,0.0093,-0.0059,9.8066,-0.0708,0.2794,-0.0285,6.13,-36.94,-2,140.49,-83.28,-173.64
52.43224,-1.535146,174.08,11.19,2,328.85,21 / 21,1081809,2019-09-06 19:38:07:552,-0.1365,-0.718,10.6104,0.0088,0.0021,9.8066,0.048,0.2123,-0.0012,7.44,-36.94,-1.31,131.81,-83.38,-172.94
52.43224,-1.535146,174.08,11.19,2,328.85,21 / 21,1081910,2019-09-06 19:38:07:653,-1.4727,-2.5878,9.8382,-0.0284,0.018,9.8065,-0.0721,0.359,-0.1424,6.94,-36.81,-1.37,131.08,-83.31,-174.3
52.43224,-1.535146,174.08,11.19,2,328.85,21 / 21,1082010,2019-09-06 19:38:07:753,0.3017,-1.412,9.522,-0.0227,-0.005,9.8065,-0.036,0.3217,-0.0558,7.75,-36.94,-1.44,126.41,-83.41,-175.72
52.43224,-1.535146,174.08,11.19,2,328.85,21 / 21,1082109,2019-09-06 19:38:07:852,-0.0383,-2.0888,9.3986,0.0033,-0.0221,9.8065,-0.0443,0.2856,-0.0723,7.81,-36.44,-0.5,118.83,-83.63,-177.1
52.43224,-1.535146,174.08,11.19,2,328.85,21 / 21,1082210,2019-09-06 19:38:07:953,1.2262,-1.161,10.6946,-0.0039,-0.0126,9.8066,-0.0471,0.3218,-0.0593,8,-36.37,0,117.23,-83.66,-178.97
52.43224,-1.535146,174.08,11.19,2,328.85,21 / 21,1082309,2019-09-06 19:38:08:052,-0.2364,-2.1733,10.5401,-0.0207,-0.0249,9.8065,0.0609,0.3571,-0.0724,8.38,-36.06,0.44,116.2,-83.6,179.42
52.43224,-1.535146,174.08,11.19,2,328.85,21 / 21,1082409,2019-09-06 19:38:08:152,0.5168,-2.4806,9.0826,-0.0262,-0.0138,9.8066,0.044,0.3201,-0.1011,9.63,-36.31,1.38,103.05,-83.44,175.21
52.43224,-1.535146,174.08,11.19,2,328.85,21 / 21,1082509,2019-09-06 19:38:08:252,0.6819,-2.683,9.4336,-0.0051,-0.0193,9.8066,-0.0113,0.3173,-0.0797,10.31,-36.25,1.81,95.46,-83.32,172.5
52.43224,-1.535146,174.08,11.19,2,328.85,21 / 21,1082609,2019-09-06 19:38:08:352,0.0608,-2.7271,9.776,0.009,-0.0058,9.8066,0.0015,0.3554,-0.0187,9.94,-36.87,2.44,95.38,-83.31,171.66
52.43224,-1.535146,174.08,11.19,2,328.85,21 / 21,1082709,2019-09-06 19:38:08:452,0.5156,-2.1098,10.0105,-0.0051,0.0067,9.8065,-0.0327,0.3699,-0.0307,10,-36.06,3.13,90.32,-83.27,173
52.43224,-1.535146,174.08,11.19,2,328.85,21 / 21,1082810,2019-09-06 19:38:08:553,0.0847,-1.5158,9.5471,-0.0014,0.0037,9.8066,-0.047,0.3526,-0.0608,10.75,-36.25,3.06,89.37,-83.39,173.14
52.43224,-1.535146,174.08,11.19,2,328.85,21 / 21,1082909,2019-09-06 19:38:08:652,0.3698,-2.2048,9.5615,0.0122,-0.0176,9.8066,-0.0642,0.4055,-0.1199,10.88,-36.06,3.81,82.98,-83.48,172.5
52.43224,-1.535146,174.08,11.19,2,328.85,21 / 21,1083010,2019-09-06 19:38:08:753,0.8935,-2.0201,10.2996,0.0179,-0.0097,9.8066,-0.0304,0.4228,-0.0248,10.81,-36.25,5.31,73.99,-83.62,169.68
52.43224,-1.535146,174.08,11.19,2,328.85,21 / 21,1083109,2019-09-06 19:38:08:852,0.6221,-2.3908,10.5193,-0.0005,0.0054,9.8066,0.0888,0.3993,-0.0125,11,-35.37,5.5,67.32,-83.71,169.33
52.43224,-1.535146,174.08,11.19,2,328.85,21 / 21,1083209,2019-09-06 19:38:08:952,0.9234,-2.1427,9.9329,0.0071,-0.0042,9.8066,-0.0144,0.3481,-0.0114,11.81,-35.56,6,68.86,-83.72,169.34
52.43224,-1.535146,174.08,11.19,2,328.85,21 / 21,1083309,2019-09-06 19:38:09:052,0.5958,-1.9756,10.1039,-0.0327,-0.0183,9.8065,-0.0626,0.3963,-0.0738,11.31,-35.94,6.38,68.47,-83.62,169.58
52.43224,-1.535146,174.08,11.19,2,328.85,21 / 21,1083409,2019-09-06 19:38:09:152,-0.4006,-1.601,9.0749,-0.0469,-0.0267,9.8065,0.0631,0.4234,-0.1194,12.5,-35.62,8.31,61.66,-83.1,168.56
52.43224,-1.535146,174.08,11.19,2,328.85,21 / 21,1083510,2019-09-06 19:38:09:253,0.4472,-1.3003,8.9285,0.0103,-0.0143,9.8065,-0.1046,0.3412,0.0575,12.38,-35.56,8.75,52.87,-82.82,165.61
52.43224,-1.535146,174.08,11.19,2,328.85,21 / 21,1083609,2019-09-06 19:38:09:352,2.178,-2.1106,9.5113,-0.0497,0.0083,9.8065,0.1197,0.4733,-0.1842,12.44,-35.12,8.81,55.02,-82.68,167.49
52.43224,-1.535146,174.08,11.19,2,328.85,21 / 21,1083709,2019-09-06 19:38:09:452,-0.4061,-1.1137,9.9359,0.0508,0.0243,9.8065,0.1763,0.3242,0.0768,12.06,-35.69,10.25,47.54,-82.98,165.09
52.43224,-1.535146,174.08,11.19,2,328.85,21 / 21,1083810,2019-09-06 19:38:09:553,1.0672,-2.1109,9.7621,0.0259,0.0243,9.8065,-0.0528,0.3963,-0.0327,12,-35.25,10.38,49.23,-82.97,166.79
52.43224,-1.535146,174.08,11.19,2,328.85,21 / 21,1083910,2019-09-06 19:38:09:653,0.9694,-3.0795,10.1211,-0.0122,-0.0072,9.8066,-0.0015,0.4492,-0.0604,12.69,-34.31,11.31,47.29,-82.95,166.89
52.43224,-1.535146,174.08,11.19,2,328.85,21 / 21,1084009,2019-09-06 19:38:09:752,1.6791,-1.8456,9.5714,-0.033,-0.0178,9.8065,-0.0079,0.4512,-0.045,11.81,-35.19,13.19,40.15,-82.71,167.87
52.43224,-1.535146,174.08,11.19,2,328.85,21 / 21,1084110,2019-09-06 19:38:09:853,1.1392,-1.1462,9.1825,0.0147,0.0193,9.8066,0.0276,0.3857,0.0183,12.44,-35.75,13.19,41.21,-82.76,168.51
52.43224,-1.535146,174.08,11.19,2,328.85,21 / 21,1084210,2019-09-06 19:38:09:953,0.9419,-1.6341,9.2048,0.0108,0.0207,9.8066,0.0482,0.3536,-0.0685,11.94,-35.06,14.56,36.24,-82.69,169.46
52.43224,-1.535146,174.08,11.19,2,328.85,21 / 21,1084309,2019-09-06 19:38:10:052,1.0829,-1.3055,9.955,0.0024,-0.0144,9.8066,-0.006,0.3713,-0.0671,12,-35.12,15,35.9,-82.57,169.04
52.43224,-1.535146,174.08,11.19,2,328.85,20 / 20,1084409,2019-09-06 19:38:10:152,1.0041,-1.5803,10.0642,0.0066,-0.0073,9.8066,0.0036,0.4056,-0.051,11.81,-34.62,15.25,34.74,-82.6,168.15
52.43224,-1.535146,174.08,11.19,2,328.85,20 / 20,1084510,2019-09-06 19:38:10:253,1.4612,-0.9986,10.1361,0.0137,0.0175,9.8066,0.0046,0.3454,0.0032,11.44,-34.25,15.69,28.38,-82.7,167.59
52.43224,-1.535146,174.08,11.19,2,328.85,20 / 20,1084609,2019-09-06 19:38:10:352,0.3223,-1.6078,10.0413,0.014,0.0162,9.8066,-0.0619,0.3008,-0.0556,11.5,-34.37,16.69,28.22,-82.95,167.36
52.43224,-1.535146,174.08,11.19,2,328.85,20 / 20,1084710,2019-09-06 19:38:10:453,0.8023,-1.6373,9.4641,-0.0062,-0.0299,9.8065,-0.0464,0.3042,-0.0338,11.56,-34.94,16.5,27.27,-82.8,166.31
52.43224,-1.535146,174.08,11.19,2,328.85,20 / 20,1084809,2019-09-06 19:38:10:552,0.7173,-0.9028,9.6413,-0.0251,-0.0366,9.8065,0.0209,0.2951,-0.0206,11.13,-33.87,17.13,24.97,-82.57,166.61
52.43224,-1.535146,174.08,11.19,2,328.85,20 / 20,1084909,2019-09-06 19:38:10:652,-0.2197,-1.5048,10.0459,0.011,0.0058,9.8066,0.0169,0.2454,-0.0261,11.25,-34.31,18.06,21.81,-82.56,165.76
52.43224,-1.535146,174.08,11.19,2,328.85,20 / 20,1085010,2019-09-06 19:38:10:753,0.1459,-0.9966,10.0972,0.0034,-0.0064,9.8066,0.0122,0.2043,-0.0465,10.88,-34.19,18.25,21.41,-82.44,165.36
52.43224,-1.535146,174.08,11.19,2,328.85,20 / 20,1085110,2019-09-06 19:38:10:853,0.7062,-0.4258,9.9804,-0.0013,-0.0176,9.8066,-0.0169,0.169,-0.0183,10.06,-33.62,18.69,16.32,-82.32,165.01
52.43224,-1.535146,174.08,11.19,2,328.85,20 / 20,1085209,2019-09-06 19:38:10:952,-0.5073,-1.0405,10.087,-0.0109,-0.0103,9.8066,0.0447,0.1405,-0.0175,10.44,-34.06,18.81,16.56,-82.11,165.1
52.43224,-1.535146,174.08,11.19,2,328.85,20 / 20,1085309,2019-09-06 19:38:11:052,-0.6073,-0.777,10.1201,-0.0037,-0.0125,9.8066,0.0452,0.1159,0.0041,10.56,-33.37,18.94,19.24,-81.96,165.02
52.43224,-1.535146,174.08,11.19,2,328.85,20 / 20,1085409,2019-09-06 19:38:11:152,-0.0526,-0.2751,9.9667,-0.0118,-0.0055,9.8066,-0.0537,0.0818,0.042,10.44,-33.12,19.75,15.55,-81.87,165.63
52.43224,-1.535146,174.08,11.19,2,328.85,20 / 20,1085510,2019-09-06 19:38:11:253,-0.3386,0.3745,9.7726,-0.0118,-0.0196,9.8065,-0.1043,0.0456,-0.008,10.25,-33.12,19.5,16.43,-81.69,166.24
52.43224,-1.535146,174.08,11.19,2,328.85,20 / 20,1085609,2019-09-06 19:38:11:352,-0.3399,-0.4612,9.8722,-0.013,-0.0266,9.8066,0.0761,0.0372,-0.0207,10.31,-32.56,19.56,16.5,-81.64,166.27
52.43224,-1.535146,174.08,11.19,2,328.85,20 / 20,1085710,2019-09-06 19:38:11:453,0.5981,0.3539,9.3786,0.0222,0.0165,9.8066,0.0551,0.0214,0.0293,10.69,-32.37,20.44,18.5,-81.58,165.76
52.43224,-1.535146,174.08,11.19,2,328.85,20 / 20,1085810,2019-09-06 19:38:11:553,-0.727,-0.3815,9.8679,0.0055,0.0106,9.8066,0.0172,0.031,-0.0016,9.81,-32.44,20.31,15.18,-81.61,165.32
52.43224,-1.535146,174.08,11.19,2,328.85,20 / 20,1085910,2019-09-06 19:38:11:653,-0.671,-0.5093,9.9468,-0.0041,-0.0056,9.8066,0.0197,0.0268,0.0205,9.06,-32.06,20.06,12.24,-81.51,165.26
52.43224,-1.535146,174.08,11.19,2,328.85,20 / 20,1086009,2019-09-06 19:38:11:752,-0.8382,-0.0509,9.9824,-0.0011,-0.0068,9.8066,0.0056,0.0124,-0.0285,8.56,-33,19.94,12.31,-81.45,165.21
52.43224,-1.535146,174.08,11.19,2,328.85,20 / 20,1086109,2019-09-06 19:38:11:852,-0.1541,-0.6086,9.8519,0.0085,0.0024,9.8066,0.0379,0.0188,-0.0034,6.06,-32.37,20.88,0.44,-81.43,164.39
52.43224,-1.535146,174.08,11.19,2,328.85,20 / 20,1086214,2019-09-06 19:38:11:957,-0.0104,-0.4988,9.8058,0.0027,0.0041,9.8066,-0.049,-0.0462,0.0154,6,-32.69,22.81,358.45,-81.38,164.17
52.43224,-1.535146,174.08,11.19,2,328.85,20 / 20,1086309,2019-09-06 19:38:12:052,-0.5319,-0.3525,9.7472,-0.0009,-0.0061,9.8066,-0.049,0.0089,-0.0337,6.31,-32.12,24.31,357.98,-81.28,164.36
52.43252,-1.535828,174.71,7.44,3,237.17,20 / 20,1086410,2019-09-06 19:38:12:153,-0.4244,-0.1975,9.9737,-0.0027,-0.0102,9.8066,0.0197,-0.0207,-0.0061,9.19,-30.62,26.56,3.36,-81.16,164.33
52.43252,-1.535828,174.71,7.44,3,237.17,20 / 20,1086509,2019-09-06 19:38:12:252,-0.6423,-0.2616,10.1459,0.0024,-0.0122,9.8066,-0.0034,-0.0432,-0.014,12.31,-30.87,26.25,10.73,-81.08,164.04
52.43252,-1.535828,174.71,7.44,3,237.17,20 / 20,1086610,2019-09-06 19:38:12:353,-0.3913,-0.0702,9.8558,-0.0055,-0.0102,9.8066,-0.0291,-0.0135,0.0024,13.75,-30.44,24.19,17.28,-81.04,163.96
52.43252,-1.535828,174.71,7.44,3,237.17,20 / 20,1086709,2019-09-06 19:38:12:452,-0.3444,0.4384,9.8955,0.0033,-0.001,9.8066,-0.0275,-0.001,0.0112,14.44,-31.5,21.44,21.67,-81.04,163.69
52.43252,-1.535828,174.71,7.44,3,237.17,20 / 20,1086809,2019-09-06 19:38:12:552,-0.0887,0.1147,9.915,0.0076,-0.0041,9.8066,0.0327,-0.0139,0.0093,13.63,-32.12,20.44,23.04,-80.99,163.17
52.43252,-1.535828,174.71,7.44,3,237.17,20 / 20,1086910,2019-09-06 19:38:12:653,0.0131,1.3044,9.8026,0.0037,0.0053,9.8066,0.0691,0.0011,-0.0297,12.38,-32.12,20.44,18.25,-80.9,163.17
52.43252,-1.535828,174.71,7.44,3,237.17,20 / 20,1087010,2019-09-06 19:38:12:753,-0.2895,0.2343,10.0923,0.017,0.0083,9.8065,-0.113,0.0143,-0.0049,12.38,-32.44,20.38,17.39,-80.93,162.51
52.43252,-1.535828,174.71,7.44,3,237.17,20 / 20,1087109,2019-09-06 19:38:12:852,-0.1025,0.5373,9.7495,-0.0172,-0.0289,9.8066,-0.1121,-0.0342,-0.0187,12.38,-31.94,20.5,16.25,-80.68,162.86
52.43252,-1.535828,174.71,7.44,3,237.17,20 / 20,1087214,2019-09-06 19:38:12:957,-0.203,0.5693,9.7398,0.0219,0.0164,9.8066,0.0475,-0.0194,0.0099,13.06,-32.75,19.94,20.37,-80.64,162.6
52.43252,-1.535828,174.71,7.44,3,237.17,20 / 20,1087310,2019-09-06 19:38:13:053,0.1989,0.7176,9.8584,0.0157,0.0151,9.8065,-0.0209,0.0128,-0.0041,12.19,-32.25,19.19,18.19,-80.73,161.58
52.43252,-1.535828,174.71,7.44,3,237.17,21 / 21,1087410,2019-09-06 19:38:13:153,-0.7389,0.2249,10.1932,0.0086,0.0109,9.8066,0.0578,-0.0478,0.0216,12.44,-33.19,19.94,16.52,-80.72,161.63
52.43252,-1.535828,174.71,7.44,3,237.17,21 / 21,1087510,2019-09-06 19:38:13:253,0.0893,0.2248,9.6871,0.0005,-0.0022,9.8066,0.0526,0.0016,-0.0333,11.75,-33.5,19.38,18.35,-80.65,161.53
52.43252,-1.535828,174.71,7.44,3,237.17,21 / 21,1087609,2019-09-06 19:38:13:352,-0.869,-0.4166,9.9722,0.0027,-0.0019,9.8065,-0.0641,0.0506,0.0052,11.88,-33,19.25,18.14,-80.6,161.35
52.43252,-1.535828,174.71,7.44,3,237.17,21 / 21,1087710,2019-09-06 19:38:13:453,0.8499,0.972,9.7651,0.0084,0.0049,9.8066,0.0196,0.0217,0.0299,11.63,-33.44,20.13,15.62,-80.56,160.87
52.43252,-1.535828,174.71,7.44,3,237.17,21 / 21,1087809,2019-09-06 19:38:13:552,-0.1265,0.5568,9.7337,0.0063,0.003,9.8066,0.0546,-0.036,0.0215,11.56,-32.69,20.69,13.88,-80.5,160.85
52.43252,-1.535828,174.71,7.44,3,237.17,21 / 21,1087909,2019-09-06 19:38:13:652,-0.8558,0.4711,10.1223,0.0031,0.0045,9.8066,0.0635,-0.0243,-0.0275,11.06,-32.81,21.19,11.33,-80.42,160.92
52.43252,-1.535828,174.71,7.44,3,237.17,21 / 21,1088009,2019-09-06 19:38:13:752,-0.7251,-0.0715,10.0851,0.0113,-0.0006,9.8066,-0.0185,0.0074,-0.0334,10.63,-32.56,21.25,10.52,-80.37,160.29
52.43252,-1.535828,174.71,7.44,3,237.17,21 / 21,1088110,2019-09-06 19:38:13:853,-0.4972,0.115,9.5145,0.0023,-0.012,9.8066,-0.0227,0.0013,0.0009,10.38,-33,21.06,6.97,-80.22,159.73
52.43252,-1.535828,174.71,7.44,3,237.17,21 / 21,1088209,2019-09-06 19:38:13:952,-0.6501,-0.0975,9.3429,0.0019,-0.027,9.8065,-0.0612,-0.0273,-0.0284,10.5,-33.19,20.88,9.11,-80.11,159.16
52.43252,-1.535828,174.71,7.44,3,237.17,21 / 21,1088310,2019-09-06 19:38:14:053,-0.5752,0.7786,9.6857,0.0125,0.0112,9.8065,-0.0648,-0.0072,-0.0428,10.69,-32.94,20.69,8.73,-80.15,158.89
52.43252,-1.535828,174.71,7.44,3,237.17,21 / 21,1088410,2019-09-06 19:38:14:153,-0.0338,0.5398,9.5794,0.0134,0.0009,9.8065,0.1488,-0.0007,0.0279,10.63,-33.75,19.63,9.32,-80.03,157.98
52.43252,-1.535828,174.71,7.44,3,237.17,21 / 21,1088509,2019-09-06 19:38:14:252,-2.1748,-0.5249,10.9364,0.0069,0.021,9.8066,0.3074,-0.0921,-0.0076,10.69,-32.87,20.44,8.58,-79.95,157.48
52.43252,-1.535828,174.71,7.44,3,237.17,21 / 21,1088609,2019-09-06 19:38:14:352,-1.0789,-1.6706,11.5251,0.0535,0.0844,9.8061,-0.1358,-0.0819,0.0442,11.31,-33.44,19.94,7.4,-80.23,156.67
52.43252,-1.535828,174.71,7.44,3,237.17,21 / 21,1088710,2019-09-06 19:38:14:453,-0.6874,-0.5461,10.2922,-0.0279,-0.0431,9.8064,0.0738,0.0246,-0.0496,11.06,-33.62,20.38,8.38,-79.78,157.23
52.43252,-1.535828,174.71,7.44,3,237.17,21 / 21,1088810,2019-09-06 19:38:14:553,-1.7566,-0.3108,10.2167,-0.0095,-0.0447,9.8065,-0.0864,0.0817,-0.0833,11,-34.19,20.5,6.17,-79.77,156.86
52.43252,-1.535828,174.71,7.44,3,237.17,21 / 21,1088910,2019-09-06 19:38:14:653,-0.0661,-1.6271,10.3002,0.0061,0.019,9.8066,0.0482,0.0355,-0.0346,11.13,-33.56,20.31,6.3,-79.88,155.75
52.43252,-1.535828,174.71,7.44,3,237.17,21 / 21,1089010,2019-09-06 19:38:14:753,-0.9128,0.7231,9.5956,0.0268,0.042,9.8065,0.0541,-0.0021,-0.0227,11.31,-33.12,20.56,4.81,-79.87,155.91
52.43252,-1.535828,174.71,7.44,3,237.17,21 / 21,1089109,2019-09-06 19:38:14:852,-0.4299,-0.2038,9.8417,0.0039,-0.0223,9.8065,0.0386,0.0001,0.0002,11,-33.87,20,6.74,-79.8,156.05
52.43252,-1.535828,174.71,7.44,3,237.17,21 / 21,1089209,2019-09-06 19:38:14:952,-0.3654,-0.3139,9.6934,-0.0048,-0.0087,9.8066,-0.0528,-0.0203,-0.0195,11.5,-33.56,19.75,9.05,-79.67,155.58
52.43252,-1.535828,174.71,7.44,3,237.17,21 / 21,1089309,2019-09-06 19:38:15:052,-0.1717,-0.6489,9.4466,0.0053,-0.0004,9.8066,-0.093,-0.0088,-0.0269,11.31,-34.31,19.75,5.69,-79.68,155.27
52.43252,-1.535828,174.71,7.44,3,237.17,20 / 20,1089410,2019-09-06 19:38:15:153,-0.0818,0.1064,9.7399,-0.003,-0.0078,9.8066,0.0851,0.009,0.0209,11.19,-33.5,20.44,5.53,-79.69,155.2
52.43252,-1.535828,174.71,7.44,3,237.17,20 / 20,1089510,2019-09-06 19:38:15:253,-0.3581,-0.6283,9.8645,0.0124,0.0085,9.8066,0.0413,-0.0219,-0.0614,11.75,-33.81,20.81,6.19,-79.76,154.81
52.43252,-1.535828,174.71,7.44,3,237.17,20 / 20,1089609,2019-09-06 19:38:15:352,0.1748,-0.091,9.6415,0.0037,-0.0038,9.8066,0.0658,0.0274,0.0074,11.56,-33.5,20.63,5.87,-79.69,154.6
52.43252,-1.535828,174.71,7.44,3,237.17,20 / 20,1089710,2019-09-06 19:38:15:453,-0.2757,0.4669,10.0458,0.0148,0.0063,9.8065,0.0981,0.0416,0.0167,11.63,-33.94,21.06,5.86,-79.63,154.54
52.43252,-1.535828,174.71,7.44,3,237.17,20 / 20,1089809,2019-09-06 19:38:15:552,-0.8412,0.1426,9.9358,0.0122,0.0116,9.8065,0.1312,-0.0325,0.0139,11.13,-33.5,20.63,1.65,-79.62,153.57
52.43252,-1.535828,174.71,7.44,3,237.17,20 / 20,1089909,2019-09-06 19:38:15:652,-0.5511,0.7741,9.9257,-0.0059,-0.0118,9.8066,-0.1062,0.0282,-0.0311,11.75,-34,21.13,4.94,-79.58,153.86
52.43252,-1.535828,174.71,7.44,3,237.17,20 / 20,1090009,2019-09-06 19:38:15:752,-0.6988,0.3326,10.6673,-0.0127,-0.0299,9.8066,0.1084,0.0174,0.0513,11.19,-32.87,20.38,2.86,-79.63,153.26
52.43252,-1.535828,174.71,7.44,3,237.17,20 / 20,1090110,2019-09-06 19:38:15:853,-0.6968,1.0989,10.6352,-0.0026,-0.0165,9.8066,0.0666,-0.0659,-0.0239,11.69,-33.75,21.19,4.32,-79.47,153.39
52.43252,-1.535828,174.71,7.44,3,237.17,20 / 20,1090209,2019-09-06 19:38:15:952,0.4468,-0.1662,10.0943,0.0065,-0.0066,9.8066,-0.0856,0.0171,0.0148,11.81,-32.44,20.31,5.38,-79.42,152.97
52.43252,-1.535828,174.71,7.44,3,237.17,20 / 20,1090310,2019-09-06 19:38:16:053,-0.5284,0.9188,9.6565,0.0045,0.013,9.8066,0.027,-0.0151,0.0547,12,-33.25,20.31,5.24,-79.38,152.82
52.43252,-1.535828,174.71,7.44,3,237.17,21 / 21,1090410,2019-09-06 19:38:16:153,-0.2181,0.5165,10.1607,-0.0026,-0.0168,9.8066,-0.0074,-0.0043,-0.0156,11.63,-32.31,20.31,5.44,-79.6,153.04
52.43252,-1.535828,174.71,7.44,3,237.17,21 / 21,1090509,2019-09-06 19:38:16:252,-0.4646,-0.2753,10.5723,-0.0075,-0.0124,9.8065,0.0159,-0.0325,-0.0239,12,-33,20.31,5.18,-79.56,152.8
52.43252,-1.535828,174.71,7.44,3,237.17,21 / 21,1090610,2019-09-06 19:38:16:353,0.4292,0.4586,9.4578,-0.0005,-0.0105,9.8066,0.0013,-0.0529,0.062,11.31,-32.31,20.31,2.04,-79.54,152.67
52.43252,-1.535828,174.71,7.44,3,237.17,21 / 21,1090710,2019-09-06 19:38:16:453,0.1725,0.4191,10.0436,-0.0161,-0.0063,9.8066,-0.0053,0.0112,-0.0346,11.56,-31.94,20.44,6.46,-79.46,153.77
52.43252,-1.535828,174.71,7.44,3,237.17,21 / 21,1090810,2019-09-06 19:38:16:553,-0.0091,0.5829,9.7756,0.0077,0.006,9.8065,0.0401,0.0407,0.0422,11.44,-31.87,20.56,2.02,-79.39,153.84
52.43252,-1.535828,174.71,7.44,3,237.17,21 / 21,1090909,2019-09-06 19:38:16:652,-0.6677,0.356,10.1098,0.0093,0.0169,9.8066,0.0811,0.0161,0.0394,11.94,-31.75,21,4.92,-79.32,153.89
52.43252,-1.535828,174.71,7.44,3,237.17,21 / 21,1091010,2019-09-06 19:38:16:753,-0.5533,1.2111,9.9588,0.0129,0.0201,9.8066,0.0592,-0.0137,-0.0246,11.69,-31.37,20.25,6.31,-79.4,153.7
52.43252,-1.535828,174.71,7.44,3,237.17,21 / 21,1091109,2019-09-06 19:38:16:852,-0.2383,0.9503,10.2216,-0.005,-0.0134,9.8066,-0.0183,0.0007,0.0048,11.88,-31.62,20.63,5.08,-79.26,154
52.43252,-1.535828,174.71,7.44,3,237.17,21 / 21,1091209,2019-09-06 19:38:16:952,0.0844,0.6832,9.4316,-0.0009,-0.0069,9.8066,-0.0572,0.0032,-0.0061,11.81,-31.75,20.19,6.62,-79.25,153.85
52.43252,-1.535828,174.71,7.44,3,237.17,21 / 21,1091309,2019-09-06 19:38:17:052,0.0162,0.0637,9.6819,-0.0108,-0.0013,9.8066,-0.0449,0.0334,-0.0319,11.69,-32.81,20.69,5.34,-79.2,154.14
52.43252,-1.535828,174.71,7.44,3,237.17,20 / 20,1091410,2019-09-06 19:38:17:153,0.1513,0.4948,9.6504,-0.0027,-0.0061,9.8066,0.0645,0.0188,0.0387,11.44,-32.44,20.06,4.13,-79.19,154.16
52.43252,-1.535828,174.71,7.44,3,237.17,20 / 20,1091510,2019-09-06 19:38:17:253,-0.2715,-0.4788,9.977,0.0102,0.0141,9.8065,0.041,0.0333,0.0013,11.56,-32.56,20.25,7.22,-79.18,154.22
52.43252,-1.535828,174.71,7.44,3,237.17,20 / 20,1091609,2019-09-06 19:38:17:352,-0.7286,-0.0945,9.9138,0.0026,0.0183,9.8066,-0.0157,-0.004,-0.0224,11,-32.75,20.25,4.1,-79.29,154.12
52.43252,-1.535828,174.71,7.44,3,237.17,20 / 20,1091710,2019-09-06 19:38:17:453,-0.5198,0.8058,10.1206,-0.0051,-0.0089,9.8065,-0.0238,0.0171,-0.0003,11.31,-32.94,20.81,2.99,-79.19,154.51
52.43252,-1.535828,174.71,7.44,3,237.17,20 / 20,1091809,2019-09-06 19:38:17:552,-0.3411,0.5933,9.6933,0.005,-0.0014,9.8066,-0.0107,-0.0226,0.0267,10.88,-33.19,20.44,4.21,-79.23,154.19
52.43252,-1.535828,174.71,7.44,3,237.17,20 / 20,1091909,2019-09-06 19:38:17:652,-0.7137,0.4831,10.1747,0.0035,0.0124,9.8066,0.0809,-0.0224,0.0385,10.94,-32.81,21.06,2.27,-79.25,154
52.43252,-1.535828,174.71,7.44,3,237.17,20 / 20,1092010,2019-09-06 19:38:17:753,-0.6298,-0.1076,10.1831,0.0131,0.0209,9.8066,-0.1127,0.0603,-0.0119,11.13,-33.12,20.88,2.36,-79.3,154.07
52.43252,-1.535828,174.71,7.44,3,237.17,20 / 20,1092110,2019-09-06 19:38:17:853,-0.1896,0.4781,9.5915,-0.0232,-0.0152,9.8066,-0.0727,0.0086,0.0641,11.25,-32.5,21.25,2.05,-79.39,153.86
52.43252,-1.535828,174.71,7.44,3,237.17,20 / 20,1092210,2019-09-06 19:38:17:953,-0.601,0.4315,9.6365,-0.0205,-0.008,9.8066,-0.0134,0.0198,-0.0265,11.19,-32.62,20.06,5.6,-79.44,155.21
52.43252,-1.535828,174.71,7.44,3,237.17,20 / 20,1092310,2019-09-06 19:38:18:053,0.6217,0.8034,9.7016,-0.0003,0.0144,9.8066,0.0366,0.0074,0.0307,11.5,-32.25,21.19,7.63,-79.63,155.95
52.43252,-1.535828,174.71,7.44,3,237.17,21 / 21,1092409,2019-09-06 19:38:18:152,-0.5296,0.7192,9.7324,-0.0201,0.0304,9.8065,-0.0674,-0.0052,0.0686,11.06,-33,20.81,6.92,-79.73,157.45
52.43252,-1.535828,174.71,7.44,3,237.17,21 / 21,1092510,2019-09-06 19:38:18:253,-0.2855,0.7057,9.7855,-0.0339,-0.0175,9.8065,-0.0743,-0.0324,0.0418,10.88,-33.56,20.56,9.96,-79.72,159.62
52.43252,-1.535828,174.71,7.44,3,237.17,21 / 21,1092610,2019-09-06 19:38:18:353,0.4212,0.8106,9.9409,-0.0253,-0.0112,9.8066,-0.0278,0.0205,0.0636,9.63,-33.87,21.31,8.96,-79.79,161.04
52.43252,-1.535828,174.71,7.44,3,237.17,21 / 21,1092710,2019-09-06 19:38:18:453,0.0469,1.115,9.7816,-0.0072,0.0125,9.8065,-0.0426,0.0568,0.0634,10.25,-33.87,20.63,9.83,-79.99,161.74
52.43252,-1.535828,174.71,7.44,3,237.17,21 / 21,1092810,2019-09-06 19:38:18:553,0.1229,1.0034,9.6445,-0.0066,0.0155,9.8066,0.0097,0.0271,-0.0044,10.19,-34.12,20.25,12.79,-80.04,162.7
52.43252,-1.535828,174.71,7.44,3,237.17,21 / 21,1092909,2019-09-06 19:38:18:652,-0.0912,0.3817,9.4912,-0.0113,0.006,9.8065,0.031,0.0198,0.0128,9.75,-33.87,21,12.81,-80.15,163.99
52.43252,-1.535828,174.71,7.44,3,237.17,21 / 21,1093009,2019-09-06 19:38:18:752,-0.0559,1.4917,10.2128,-0.0086,0.0111,9.8066,0.0375,0.0271,0.0163,10.19,-34.87,20.38,15.8,-80.21,164.86
52.43252,-1.535828,174.71,7.44,3,237.17,21 / 21,1093110,2019-09-06 19:38:18:853,0.247,1.2399,10.1542,-0.0079,0.0124,9.8066,-0.0064,-0.0163,0.0125,9.5,-34.19,21.38,14.62,-80.31,165.39
52.43252,-1.535828,174.71,7.44,3,237.17,21 / 21,1093210,2019-09-06 19:38:18:953,0.2654,1.1088,10.0777,-0.0067,0.0135,9.8066,-0.0404,0.0172,0.0065,9.69,-34.94,20.63,15.84,-80.36,166.22
52.43252,-1.535828,174.71,7.44,3,237.17,21 / 21,1093310,2019-09-06 19:38:19:053,0.0798,1.0344,9.1703,-0.006,-0.016,9.8065,-0.071,-0.0191,0.0329,9.81,-34.44,20.88,15.63,-80.4,166.19
52.43252,-1.535828,174.71,7.44,3,237.17,20 / 20,1093409,2019-09-06 19:38:19:152,0.8368,1.461,9.5294,-0.0007,0.0191,9.8066,0.0811,-0.0539,-0.0121,9.25,-34.81,21.31,12.7,-80.44,166.12
52.43252,-1.535828,174.71,7.44,3,237.17,20 / 20,1093510,2019-09-06 19:38:19:253,-0.4876,1.2694,11.257,0.0061,0.0476,9.8065,0.1996,-0.021,-0.0557,9.25,-34.5,21.13,13.4,-80.84,166.88
52.43252,-1.535828,174.71,7.44,3,237.17,20 / 20,1093609,2019-09-06 19:38:19:352,0.8364,0.9059,9.9453,-0.0394,-0.0596,9.8064,-0.3095,-0.0677,0.0429,9.5,-34.31,20.44,18.47,-80.69,167.21
52.43252,-1.535828,174.71,7.44,3,237.17,20 / 20,1093710,2019-09-06 19:38:19:453,-1.3993,1.7319,9.0934,-0.0065,-0.0765,9.8063,-0.3589,-0.1407,0.0375,9.5,-35.12,20.56,14.6,-80.66,165.42
52.43252,-1.535828,174.71,7.44,3,237.17,20 / 20,1093809,2019-09-06 19:38:19:552,2.0104,1.827,10.4785,0.0109,0.0153,9.8065,0.087,-0.014,0.0164,10.13,-34.87,20.69,14.27,-80.84,165.25
52.43252,-1.535828,174.71,7.44,3,237.17,20 / 20,1093909,2019-09-06 19:38:19:652,-0.3858,1.6387,9.1194,0.0154,0.0252,9.8066,-0.0646,0.0072,0.0476,9.44,-34.5,20.88,13.14,-80.92,166.72
52.43252,-1.535828,174.71,7.44,3,237.17,20 / 20,1094009,2019-09-06 19:38:19:752,0.6588,3.7622,9.902,-0.0072,0.0158,9.8066,0.1405,-0.0572,-0.0762,10.31,-34.5,21.19,15.49,-81.02,166.34
52.43252,-1.535828,174.71,7.44,3,237.17,20 / 20,1094109,2019-09-06 19:38:19:852,0.0827,1.782,9.5658,0.0064,-0.0055,9.8066,0.0224,-0.071,-0.0998,9.38,-34.06,20.38,13.86,-81.11,166.18
52.43252,-1.535828,174.71,7.44,3,237.17,20 / 20,1094209,2019-09-06 19:38:19:952,-0.0231,1.6517,10.379,0.0125,0.0131,9.8065,-0.0374,0.0149,-0.0445,9.88,-34.19,20.56,14.74,-81.34,165.91
52.43252,-1.535828,174.71,7.44,3,237.17,20 / 20,1094310,2019-09-06 19:38:20:053,0.2154,2.1496,9.9777,0.0075,0.017,9.8066,-0.051,-0.0522,0.0315,9.63,-34.75,20.69,14.52,-81.45,165.68
52.43252,-1.535828,174.71,7.44,3,237.17,21 / 21,1094410,2019-09-06 19:38:20:153,0.8748,2.0876,9.9564,-0.0042,-0.0042,9.8066,0.0197,-0.0498,0.0188,10,-34.19,20.81,13.9,-81.44,165.29
52.43252,-1.535828,174.71,7.44,3,237.17,21 / 21,1094509,2019-09-06 19:38:20:252,1.001,1.5138,9.8744,-0.0083,-0.014,9.8066,0.0045,0.0471,-0.0103,10.13,-35,20.38,15.98,-81.4,165.55
52.43252,-1.535828,174.71,7.44,3,237.17,21 / 21,1094610,2019-09-06 19:38:20:353,-0.2367,1.5106,9.4969,0.0153,0.0055,9.8066,-0.0052,0.0062,-0.0487,9.88,-33.94,20,16.85,-81.32,166.28
52.43252,-1.535828,174.71,7.44,3,237.17,21 / 21,1094710,2019-09-06 19:38:20:453,0.1516,0.84,9.8366,0.006,0.0061,9.8065,-0.0272,-0.0204,-0.0058,10.38,-33.62,20.25,15.47,-81.38,165.25
52.43252,-1.535828,174.71,7.44,3,237.17,21 / 21,1094810,2019-09-06 19:38:20:553,0.9568,1.8389,9.8691,0.0099,0.0087,9.8066,0.0125,0.0046,-0.0134,9.56,-33.94,19.5,15.08,-81.54,165.02
52.43252,-1.535828,174.71,7.44,3,237.17,21 / 21,1094910,2019-09-06 19:38:20:653,0.3162,2.0982,9.4986,0.003,0.008,9.8066,0.0452,-0.0206,-0.0073,9.94,-33.5,19.56,14.25,-81.65,164.51
52.43252,-1.535828,174.71,7.44,3,237.17,21 / 21,1095010,2019-09-06 19:38:20:753,0.9284,1.615,9.7394,0.0164,0.0198,9.8066,0.0686,-0.0225,0.0031,10.19,-33.87,19.5,13.68,-81.81,164.05
52.43252,-1.535828,174.71,7.44,3,237.17,21 / 21,1095110,2019-09-06 19:38:20:853,-0.266,1.2995,9.8006,0.0201,0.035,9.8065,0.0598,-0.0273,-0.0174,9.81,-32.37,19.25,14.96,-81.83,163.92
52.43252,-1.535828,174.71,7.44,3,237.17,21 / 21,1095210,2019-09-06 19:38:20:953,0.4554,1.1736,10.0001,-0.0186,-0.0378,9.8065,-0.0077,-0.0049,0.0161,9.75,-31.56,20.06,12.55,-81.87,163.34
52.43252,-1.535828,174.71,7.44,3,237.17,21 / 21,1095310,2019-09-06 19:38:21:053,0.4994,1.0578,10.2439,-0.0096,-0.0262,9.8065,-0.059,-0.0193,-0.0274,10,-31.56,19.69,12.99,-81.64,163.61
52.43215,-1.536757,176.1,7.19,3,236.66,20 / 20,1095409,2019-09-06 19:38:21:152,0.1675,1.1827,9.7854,0.0005,-0.014,9.8066,0.0528,-0.0106,-0.0069,9.5,-31.25,19.56,11.97,-81.78,162.93
52.43215,-1.536757,176.1,7.19,3,236.66,20 / 20,1095510,2019-09-06 19:38:21:253,0.9263,1.6528,9.5335,0.0198,0.0136,9.8066,0.0187,0.0196,-0.0045,10.81,-30.62,20.13,13.88,-81.74,162.25
52.43215,-1.536757,176.1,7.19,3,236.66,20 / 20,1095610,2019-09-06 19:38:21:353,-0.614,1.0274,10.0197,0.0029,0.0139,9.8066,0.0033,0.0066,-0.0321,10.31,-30.12,19.06,12.67,-81.69,162.24
52.43215,-1.536757,176.1,7.19,3,236.66,20 / 20,1095710,2019-09-06 19:38:21:453,0.0732,0.0871,9.6586,-0.0086,-0.0167,9.8066,0.0563,-0.0066,-0.0158,10.13,-29.5,19.81,11.3,-81.65,162.5
52.43215,-1.536757,176.1,7.19,3,236.66,20 / 20,1095810,2019-09-06 19:38:21:553,-0.5012,2.6152,14.8948,-0.0167,-0.0282,9.8066,-0.0908,0.0748,-0.064,10.31,-27.87,19.88,11.98,-81.45,163.07
52.43215,-1.536757,176.1,7.19,3,236.66,20 / 20,1095909,2019-09-06 19:38:21:652,-0.7321,-1.7204,10.5497,-0.0785,-0.1771,9.8047,-0.2671,-0.0874,0.0725,10.69,-26.44,20.5,14.12,-80.14,163.64
52.43215,-1.536757,176.1,7.19,3,236.66,20 / 20,1096009,2019-09-06 19:38:21:752,0.4572,1.344,7.2281,-0.0733,-0.1305,9.8055,0.1195,-0.0546,-0.0023,10.81,-25.94,22.19,14.21,-79.71,164.77
52.43215,-1.536757,176.1,7.19,3,236.66,20 / 20,1096110,2019-09-06 19:38:21:853,-0.0117,0.0865,7.5205,0.0096,0.0363,9.8065,-0.0163,0.0289,-0.0019,11.88,-26.19,23.19,15.86,-79.71,165.25
52.43215,-1.536757,176.1,7.19,3,236.66,20 / 20,1096214,2019-09-06 19:38:21:957,-0.5622,-0.1404,9.6199,0.0119,0.0297,9.8066,-0.1998,-0.0004,0.0221,12.44,-26.25,22.69,16.21,-79.8,165.57
52.43215,-1.536757,176.1,7.19,3,236.66,20 / 20,1096309,2019-09-06 19:38:22:052,-0.32,-1.3531,9.2796,0.0279,0.0781,9.8062,-0.4765,-0.0684,0.1508,13,-26.69,22.19,18.02,-80.94,164.27
52.43215,-1.536757,176.1,7.19,3,236.66,20 / 20,1096410,2019-09-06 19:38:22:153,0.1581,1.3903,10.2931,0.0467,0.0542,9.8063,-0.2461,-0.0237,-0.0147,14.31,-29.06,19.5,20.7,-83.02,162.64
52.43215,-1.536757,176.1,7.19,3,236.66,20 / 20,1096510,2019-09-06 19:38:22:253,0.1684,0.2339,12.4382,0.0106,0.012,9.8066,0.1949,0.0109,-0.018,13.75,-29.37,18.75,17.66,-84.08,158.98
52.43215,-1.536757,176.1,7.19,3,236.66,20 / 20,1096610,2019-09-06 19:38:22:353,0.0648,0.3266,11.9759,-0.0178,-0.0259,9.8066,-0.0563,0.0202,0.0008,13.88,-29.69,17.94,19.87,-83.99,159.21
52.43215,-1.536757,176.1,7.19,3,236.66,20 / 20,1096709,2019-09-06 19:38:22:452,0.7784,1.64,7.9814,-0.0738,-0.0782,9.806,-0.0266,-0.0137,0.037,12.81,-31.25,16.88,25.15,-82.76,163.11
52.43215,-1.536757,176.1,7.19,3,236.66,20 / 20,1096809,2019-09-06 19:38:22:552,0.001,0.66,9.4965,-0.1001,-0.1104,9.8054,0.3389,0.0349,-0.0234,12.38,-31.12,17.38,26.69,-81.71,165.68
52.43215,-1.536757,176.1,7.19,3,236.66,20 / 20,1096909,2019-09-06 19:38:22:652,-0.3878,-1.1496,9.5434,-0.006,0.003,9.8066,0.2692,0.0119,-0.009,12.19,-31.06,18.06,26.32,-80.82,166.51
52.43215,-1.536757,176.1,7.19,3,236.66,20 / 20,1097010,2019-09-06 19:38:22:753,-0.5701,0.1905,10.9739,0.0389,0.0498,9.8064,-0.2813,0.018,-0.0199,12.38,-32.5,16.81,29.66,-80.91,167.2
52.43215,-1.536757,176.1,7.19,3,236.66,20 / 20,1097109,2019-09-06 19:38:22:852,-0.1173,0.7005,10.4583,0.0081,0.0037,9.8066,-0.1939,0.0184,0.0172,12.44,-32.19,16,30.23,-81.46,166.19
52.43215,-1.536757,176.1,7.19,3,236.66,20 / 20,1097209,2019-09-06 19:38:22:952,-0.4057,0.47,9.9566,-0.0099,-0.0133,9.8066,0.0464,0.0122,-0.0401,11.81,-32.94,16.56,27.07,-81.76,165.66
52.43215,-1.536757,176.1,7.19,3,236.66,20 / 20,1097310,2019-09-06 19:38:23:053,-0.6671,-0.7872,9.6247,-0.0047,-0.0078,9.8066,0.0667,-0.0123,0.0017,11.56,-33.31,17.69,25.08,-81.68,165.78
52.43215,-1.536757,176.1,7.19,3,236.66,20 / 20,1097409,2019-09-06 19:38:23:152,-0.0008,-0.7709,9.612,-0.0261,-0.032,9.8065,0.0725,-0.0406,0.0533,11.31,-33,19.06,21.37,-81.38,166.37
52.43215,-1.536757,176.1,7.19,3,236.66,20 / 20,1097509,2019-09-06 19:38:23:252,-0.8219,-0.0439,10.153,-0.0081,0.0035,9.8066,0.0735,0.0079,-0.0294,11.5,-33.37,20.38,23.15,-81.19,167.05
52.43215,-1.536757,176.1,7.19,3,236.66,20 / 20,1097609,2019-09-06 19:38:23:352,-0.6052,-1.5742,9.907,0.0163,0.015,9.8066,-0.1066,-0.033,-0.0341,11.38,-33.44,20.5,18.78,-81.22,167
52.43215,-1.536757,176.1,7.19,3,236.66,20 / 20,1097709,2019-09-06 19:38:23:452,-1.0881,-1.5029,9.9028,-0.0041,-0.0097,9.8066,-0.0355,0.0058,-0.0175,11.25,-32.69,21.25,18.82,-81.22,167.04
52.43215,-1.536757,176.1,7.19,3,236.66,20 / 20,1097809,2019-09-06 19:38:23:552,-0.727,-0.5815,10.0734,0.0017,-0.0023,9.8066,-0.0054,-0.0052,0.0316,10.94,-33.5,21.63,16.94,-81.28,166.79
52.43215,-1.536757,176.1,7.19,3,236.66,20 / 20,1097910,2019-09-06 19:38:23:653,-0.1156,-1.1331,9.6903,-0.0034,-0.0066,9.8066,-0.0475,0.0584,-0.0027,10.88,-32.94,20.44,20.57,-81.3,167.13
52.43215,-1.536757,176.1,7.19,3,236.66,20 / 20,1098010,2019-09-06 19:38:23:753,-1.1527,0.2467,10.1111,-0.0058,0.0049,9.8066,0.0097,0.027,-0.0682,10.94,-32.94,20.44,20.33,-81.38,166.98
52.43215,-1.536757,176.1,7.19,3,236.66,20 / 20,1098109,2019-09-06 19:38:23:852,-0.7459,-0.4554,9.8122,0.0069,-0.0043,9.8066,-0.0029,-0.0347,0.0027,10.69,-33.19,20.44,20.13,-81.48,166.88
52.43215,-1.536757,176.1,7.19,3,236.66,20 / 20,1098209,2019-09-06 19:38:23:952,-0.6672,0.1883,9.7673,-0.0023,-0.0003,9.8066,0.02,0.002,-0.0045,10.31,-32.44,19.75,16.51,-81.52,166.33
52.43215,-1.536757,176.1,7.19,3,236.66,20 / 20,1098310,2019-09-06 19:38:24:053,-1.1158,-0.0853,10.089,0.0042,0.005,9.8066,0.0286,-0.0038,0.0104,10.69,-32.75,20.56,17.78,-81.64,166.41
52.43215,-1.536757,176.1,7.19,3,236.66,21 / 21,1098409,2019-09-06 19:38:24:152,-0.3775,0.1036,9.9011,0.0048,0.0051,9.8065,0.0087,-0.0157,-0.0101,9.75,-32.87,20,16.27,-81.66,166.1
52.43215,-1.536757,176.1,7.19,3,236.66,21 / 21,1098510,2019-09-06 19:38:24:253,-0.6244,-0.1741,10.0078,0.0031,0.0091,9.8066,0.0707,-0.0236,-0.0117,10.19,-31.94,20.94,14.57,-81.71,166.1
52.43215,-1.536757,176.1,7.19,3,236.66,21 / 21,1098610,2019-09-06 19:38:24:353,-0.4238,-0.0499,10.013,0.0034,0.0067,9.8066,0.0102,-0.0441,-0.0225,9.94,-33.19,21.13,14.69,-81.72,166.11
52.43215,-1.536757,176.1,7.19,3,236.66,21 / 21,1098710,2019-09-06 19:38:24:453,-0.1161,0.546,9.7687,0.0019,0.0069,9.8066,0.0345,0.0091,-0.0096,10,-33.06,20.5,14.24,-81.67,165.73
52.43215,-1.536757,176.1,7.19,3,236.66,21 / 21,1098809,2019-09-06 19:38:24:552,-0.2515,0.002,9.8721,0.0077,0.0324,9.8065,-0.134,-0.0154,0.0117,10.31,-33.56,21.06,14.62,-81.85,166.01
52.43215,-1.536757,176.1,7.19,3,236.66,21 / 21,1098910,2019-09-06 19:38:24:653,0.3153,1.161,9.7843,-0.0168,-0.0223,9.8066,-0.1683,0.0071,-0.0004,10.06,-34.12,20.38,16.42,-81.81,166.19
52.43215,-1.536757,176.1,7.19,3,236.66,21 / 21,1099010,2019-09-06 19:38:24:753,0.3043,1.0883,9.808,-0.0117,-0.0205,9.8066,0.0574,-0.0298,-0.0029,10.5,-34.56,20.31,19.08,-81.98,166.09
52.43215,-1.536757,176.1,7.19,3,236.66,21 / 21,1099109,2019-09-06 19:38:24:852,-0.2726,0.5989,9.5503,0.0045,0.0169,9.8066,-0.0065,-0.0139,-0.001,10.25,-33.94,20.06,15.7,-82.19,165.79
52.43215,-1.536757,176.1,7.19,3,236.66,21 / 21,1099209,2019-09-06 19:38:24:952,-0.0656,0.6393,9.9789,-0.0158,-0.0088,9.8066,0.1184,-0.0362,0.016,10.75,-34.37,19.63,19.11,-82.27,166.37
52.43215,-1.536757,176.1,7.19,3,236.66,21 / 21,1099309,2019-09-06 19:38:25:052,-0.2702,-0.1998,10.1527,0.0061,0.0172,9.8066,0.1296,-0.0046,-0.0133,10.19,-34.19,20.19,16.73,-82.37,166.69
52.43215,-1.536757,176.1,7.19,3,236.66,20 / 20,1099409,2019-09-06 19:38:25:152,-0.246,-0.088,9.8661,0.0128,0.0182,9.8065,-0.0608,-0.041,0.0475,10.44,-33.5,20.56,14.98,-82.38,166.6
52.43215,-1.536757,176.1,7.19,3,236.66,20 / 20,1099510,2019-09-06 19:38:25:253,0.0577,0.5892,9.5684,-0.0075,0.0006,9.8066,-0.0981,-0.0127,-0.0534,10,-34.5,19.56,17.86,-82.37,167.6
52.43215,-1.536757,176.1,7.19,3,236.66,20 / 20,1099609,2019-09-06 19:38:25:352,0.4031,-0.3334,9.8239,0.0099,0.0063,9.8066,0.032,-0.0433,0.0533,10,-33.81,19.81,17.28,-82.47,167.18
52.43215,-1.536757,176.1,7.19,3,236.66,20 / 20,1099710,2019-09-06 19:38:25:453,-0.469,0.0217,10.0845,-0.002,0.0016,9.8066,0.0459,-0.0054,-0.02,10.38,-33.87,19.75,17.97,-82.53,167.76
52.43215,-1.536757,176.1,7.19,3,236.66,20 / 20,1099809,2019-09-06 19:38:25:552,0.8041,0.8861,9.635,0.0007,-0.009,9.8066,-0.0471,-0.0445,0.0199,10.06,-34.25,18.25,21.01,-82.58,167.4
52.43215,-1.536757,176.1,7.19,3,236.66,20 / 20,1099910,2019-09-06 19:38:25:653,0.0641,0.6016,9.7532,0.0004,0.0163,9.8066,-0.0476,0.008,-0.0053,10.31,-33.94,19,19.54,-82.7,167.77
52.43215,-1.536757,176.1,7.19,3,236.66,20 / 20,1100009,2019-09-06 19:38:25:752,-0.0993,1.1883,9.8781,0.0023,0.0078,9.8066,0.0535,0.0034,-0.0296,10.69,-34.25,18.63,22.45,-82.7,167.9
52.43215,-1.536757,176.1,7.19,3,236.66,20 / 20,1100110,2019-09-06 19:38:25:853,-0.2154,0.3359,9.8926,-0.0075,-0.0056,9.8066,0.0861,-0.0177,0.0099,10.5,-33.37,20.19,20.23,-82.69,167.62
52.43215,-1.536757,176.1,7.19,3,236.66,20 / 20,1100210,2019-09-06 19:38:25:953,0.3076,0.7373,9.9756,-0.0047,-0.0002,9.8066,-0.0678,-0.0186,0.0284,10.38,-34.25,19.75,18.09,-82.73,167.96
52.43215,-1.536757,176.1,7.19,3,236.66,20 / 20,1100310,2019-09-06 19:38:26:053,0.5961,0.9538,9.539,0,0.0029,9.8066,-0.0697,-0.0114,0.0085,10.38,-34.25,19.56,17.6,-82.81,167.6
52.43215,-1.536757,176.1,7.19,3,236.66,20 / 20,1100410,2019-09-06 19:38:26:153,-0.4234,0.7485,10.1149,-0.0043,-0.0049,9.8066,0.0963,-0.0026,-0.0236,10.44,-34.31,20.38,18,-82.82,167.93
52.43215,-1.536757,176.1,7.19,3,236.66,20 / 20,1100510,2019-09-06 19:38:26:253,0.7662,0.4444,9.9691,0.0153,0.0171,9.8065,0.0839,0.0104,-0.0283,10.63,-34.31,20.06,19.87,-82.88,167.32
52.43215,-1.536757,176.1,7.19,3,236.66,20 / 20,1100610,2019-09-06 19:38:26:353,0.3185,0.4649,10.0545,0.0147,0.0221,9.8066,-0.0761,-0.0057,0.0108,10.94,-33.81,20,19.62,-82.89,167.12
52.43215,-1.536757,176.1,7.19,3,236.66,20 / 20,1100709,2019-09-06 19:38:26:452,0.6898,1.1983,9.4809,-0.0159,-0.0362,9.8065,-0.0816,0.007,-0.0151,10.69,-34.37,20.13,20.37,-82.68,167.62
52.43215,-1.536757,176.1,7.19,3,236.66,20 / 20,1100809,2019-09-06 19:38:26:552,0.915,1.0197,9.7976,-0.0147,-0.0257,9.8065,0.0561,0.014,-0.0036,11.44,-33.69,20.63,18.56,-82.73,167.46
52.43215,-1.536757,176.1,7.19,3,236.66,20 / 20,1100909,2019-09-06 19:38:26:652,0.2607,0.9501,9.6136,0.0117,0.0131,9.8065,0.0122,0.0293,-0.0061,11.13,-34.37,20,20.41,-82.78,167.7
52.43215,-1.536757,176.1,7.19,3,236.66,20 / 20,1101009,2019-09-06 19:38:26:752,-0.0114,0.4825,9.9831,0.0058,0.0178,9.8066,-0.0213,0.0375,-0.0008,11.13,-34,20.25,19.87,-82.9,167.33
52.43215,-1.536757,176.1,7.19,3,236.66,20 / 20,1101110,2019-09-06 19:38:26:853,0.688,0.3653,9.6958,-0.0121,-0.0132,9.8065,-0.039,0.0696,0.0223,11.44,-34,19.69,19.97,-82.79,167.35
52.43215,-1.536757,176.1,7.19,3,236.66,20 / 20,1101214,2019-09-06 19:38:26:957,0.4068,0.5097,9.6977,-0.0094,-0.0113,9.8066,-0.0081,0.0757,-0.0187,11.44,-34.87,19.88,20.4,-82.85,167.63
52.43215,-1.536757,176.1,7.19,3,236.66,20 / 20,1101309,2019-09-06 19:38:27:052,1.3617,0.7535,10.0165,0.0085,0.0159,9.8065,0.0075,0.0982,-0.0336,10.63,-34.56,19.69,19.94,-83,167.33
52.43215,-1.536757,176.1,7.19,3,236.66,20 / 20,1101410,2019-09-06 19:38:27:153,1.0158,0.4984,9.8577,0.0106,0.0199,9.8066,-0.0572,0.0763,-0.0092,10.44,-34.31,20.5,15.57,-83.05,167.28
52.43215,-1.536757,176.1,7.19,3,236.66,20 / 20,1101510,2019-09-06 19:38:27:253,1.5399,0.601,9.143,-0.0061,-0.0208,9.8066,-0.1547,0.0825,-0.0044,10.5,-34,19.81,19.73,-83.01,167.27
52.43215,-1.536757,176.1,7.19,3,236.66,20 / 20,1101609,2019-09-06 19:38:27:352,1.3879,1.3545,9.6282,-0.0195,-0.0309,9.8065,0.1222,0.1013,-0.0231,10.25,-33.62,20.06,17.16,-82.87,167.28
52.43215,-1.536757,176.1,7.19,3,236.66,20 / 20,1101710,2019-09-06 19:38:27:453,1.2086,1.2092,9.893,0.0123,0.0206,9.8066,0.0398,0.0731,-0.0139,10,-33.87,19.94,17.15,-83.03,167.34
52.43215,-1.536757,176.1,7.19,3,236.66,20 / 20,1101810,2019-09-06 19:38:27:553,1.3939,0.9627,9.9339,0.0128,0.0106,9.8065,-0.0258,0.0941,0.0032,9.38,-33.31,19.88,13.78,-83.04,166.96
52.43215,-1.536757,176.1,7.19,3,236.66,20 / 20,1101910,2019-09-06 19:38:27:653,1.949,1.1636,9.6668,-0.0017,0.0068,9.8066,-0.0534,0.1586,-0.0446,9.94,-33.25,20.31,16.07,-83.07,166.57
52.43215,-1.536757,176.1,7.19,3,236.66,20 / 20,1102010,2019-09-06 19:38:27:753,1.9427,1.1026,9.8578,0.0023,-0.0122,9.8065,0.0717,0.1273,-0.0185,10.19,-33.44,21,14.16,-83.12,166.21
52.43215,-1.536757,176.1,7.19,3,236.66,20 / 20,1102110,2019-09-06 19:38:27:853,1.5519,0.9997,9.4995,0.0068,0.0144,9.8066,0.0265,0.1468,-0.0395,9.63,-33.62,20.81,14.13,-83.19,166.15
52.43215,-1.536757,176.1,7.19,3,236.66,20 / 20,1102209,2019-09-06 19:38:27:952,1.5734,-0.0346,9.6339,0.0109,0.0162,9.8066,-0.0101,0.195,-0.0196,10.31,-33,21.5,12.65,-83.16,166.07
52.43215,-1.536757,176.1,7.19,3,236.66,20 / 20,1102310,2019-09-06 19:38:28:053,2.0238,0.3336,9.8687,-0.0059,-0.0107,9.8066,-0.0305,0.2126,-0.029,10.25,-33.12,21.69,12.14,-83.09,165.63
52.43215,-1.536757,176.1,7.19,3,236.66,20 / 20,1102409,2019-09-06 19:38:28:152,1.766,0.4016,10.2353,-0.0036,-0.0096,9.8066,-0.0895,0.2531,-0.0491,10.19,-32.75,22.69,11.06,-83.1,165.74
52.43215,-1.536757,176.1,7.19,3,236.66,20 / 20,1102510,2019-09-06 19:38:28:253,1.5592,1.1816,10.3201,0.0009,0.0055,9.8066,-0.0652,0.2162,0.0012,10.56,-32,23.38,11.95,-83.17,164.53
52.43215,-1.536757,176.1,7.19,3,236.66,20 / 20,1102610,2019-09-06 19:38:28:353,2.5388,0.5548,9.9738,0.0099,-0.0073,9.8066,0.1813,0.2486,-0.0631,10.63,-32.19,23.25,11.49,-83.16,164.15
52.43215,-1.536757,176.1,7.19,3,236.66,20 / 20,1102709,2019-09-06 19:38:28:452,1.4501,0.2855,10.3873,0.0018,0.0056,9.8066,0.1859,0.2678,-0.065,9.63,-31.31,23.75,6.19,-83.14,162.65
52.43215,-1.536757,176.1,7.19,3,236.66,20 / 20,1102809,2019-09-06 19:38:28:552,1.9546,-0.5559,9.6593,0.0162,0.0293,9.8065,-0.1524,0.3108,-0.0269,10,-31.06,23.94,5.6,-83.2,162.15
52.43215,-1.536757,176.1,7.19,3,236.66,20 / 20,1102910,2019-09-06 19:38:28:653,1.4537,0.4839,9.915,-0.0012,0.002,9.8066,-0.0281,0.3244,-0.009,9.06,-31.87,23.25,4.03,-83.15,162.01
52.43215,-1.536757,176.1,7.19,3,236.66,20 / 20,1103010,2019-09-06 19:38:28:753,1.8244,-0.0038,10.6193,-0.0051,0.0336,9.8065,-0.034,0.2906,-0.0246,7.75,-32.06,23,1.72,-83.3,162.27
52.43215,-1.536757,176.1,7.19,3,236.66,20 / 20,1103109,2019-09-06 19:38:28:852,2.7976,0.1132,10.712,-0.0096,-0.0253,9.8065,0.0008,0.3859,0.0038,7.19,-32,23.25,359.58,-83.36,162.72
52.43215,-1.536757,176.1,7.19,3,236.66,20 / 20,1103211,2019-09-06 19:38:28:954,1.1436,-0.5814,9.3109,-0.0063,-0.0058,9.8066,-0.0772,0.4268,-0.1211,6.69,-32.37,24.56,358.68,-83.23,163.24
52.43215,-1.536757,176.1,7.19,3,236.66,20 / 20,1103310,2019-09-06 19:38:29:053,1.9706,-0.1914,9.2629,0.0066,-0.0147,9.8066,-0.0646,0.2827,-0.0253,5.5,-32.69,24.75,354.36,-83.03,161.78
52.43215,-1.536757,176.1,7.19,3,236.66,21 / 21,1103409,2019-09-06 19:38:29:152,1.935,0.3748,9.5448,0.0128,-0.0088,9.8066,-0.0109,0.444,-0.0601,5.13,-32.12,25.25,350.49,-82.99,160.7
52.43215,-1.536757,176.1,7.19,3,236.66,21 / 21,1103510,2019-09-06 19:38:29:253,2.2631,0.2105,10.0583,0.0001,0.0394,9.8065,0.0317,0.3465,0.0666,4.94,-32.12,26.19,348.79,-83.23,159.57
52.43215,-1.536757,176.1,7.19,3,236.66,21 / 21,1103609,2019-09-06 19:38:29:352,1.4991,0.4348,10.3767,-0.0255,0.0264,9.8066,-0.0353,0.4158,-0.0454,3.13,-32.19,26.31,346.25,-83.4,161.67
52.43215,-1.536757,176.1,7.19,3,236.66,21 / 21,1103710,2019-09-06 19:38:29:453,1.7514,-1.275,9.4411,0.007,0.0076,9.8066,0.0794,0.4208,-0.0557,2.56,-32.62,27.38,345.88,-83.46,161.56
52.43215,-1.536757,176.1,7.19,3,236.66,21 / 21,1103810,2019-09-06 19:38:29:553,2.33,-1.62,9.4023,0.0126,-0.0055,9.8066,-0.0744,0.3368,-0.0228,3.44,-32.75,28.25,344.3,-83.36,160.39
52.43215,-1.536757,176.1,7.19,3,236.66,21 / 21,1103910,2019-09-06 19:38:29:653,1.6045,-1.2025,9.198,-0.003,-0.005,9.8066,-0.1673,0.4175,-0.0839,2.63,-33.12,28.5,343.98,-83.29,160.27
52.43215,-1.536757,176.1,7.19,3,236.66,21 / 21,1104010,2019-09-06 19:38:29:753,2.2526,-0.5811,10.4014,0.0012,0.015,9.8065,0.0779,0.3535,-0.0475,2.06,-32.62,28.81,340.86,-83.43,159.47
52.43215,-1.536757,176.1,7.19,3,236.66,21 / 21,1104110,2019-09-06 19:38:29:853,1.1309,-1.0343,10.2605,0.0044,0.0103,9.8066,0.0563,0.3396,-0.0272,1.56,-33,28.63,340.63,-83.55,159.22
52.43215,-1.536757,176.1,7.19,3,236.66,21 / 21,1104210,2019-09-06 19:38:29:953,2.5485,-0.0463,9.8366,0.0026,0.0055,9.8066,0.0294,0.3563,-0.013,1.31,-32.75,28.94,337.89,-83.5,158.83
52.43215,-1.536757,176.1,7.19,3,236.66,21 / 21,1104310,2019-09-06 19:38:30:053,1.8093,-0.409,9.8083,-0.0136,-0.0074,9.8066,0.0636,0.3288,-0.0047,1.06,-32.75,29.06,338.67,-83.36,159.57
52.431812,-1.537452,176.52,6.25,3,190.41,20 / 20,1104409,2019-09-06 19:38:30:152,1.8662,-1.9328,9.7278,-0.0232,-0.004,9.8066,-0.083,0.2922,0.0694,0.13,-32.44,29,340.17,-83.3,162.8
52.431812,-1.537452,176.52,6.25,3,190.41,20 / 20,1104510,2019-09-06 19:38:30:253,1.4126,-1.3994,9.9845,-0.0282,-0.0311,9.8065,-0.1012,0.2139,0.0659,-0.06,-32.81,29.5,344.39,-83.19,166.5
52.431812,-1.537452,176.52,6.25,3,190.41,20 / 20,1104609,2019-09-06 19:38:30:352,-0.4539,-0.8676,9.9219,-0.0206,-0.0414,9.8065,0.1072,0.1776,0.0548,-1.12,-33.12,29.38,345.42,-83.16,169.45
52.431812,-1.537452,176.52,6.25,3,190.41,20 / 20,1104709,2019-09-06 19:38:30:452,-0.1383,-0.9476,9.6494,-0.0165,0.0378,9.8065,0.0483,0.0951,0.0647,-1.06,-32.62,29.38,347.1,-83.43,170.82
52.431812,-1.537452,176.52,6.25,3,190.41,20 / 20,1104810,2019-09-06 19:38:30:553,0.1327,-1.8669,9.7929,-0.0072,-0.0204,9.8066,0.0583,0.1303,-0.0271,-1.56,-32.69,30,347.25,-83.46,172.73
52.431812,-1.537452,176.52,6.25,3,190.41,20 / 20,1104909,2019-09-06 19:38:30:652,-0.3669,-2.4492,10.2266,0.0028,0.006,9.8066,0.099,0.0519,0.0418,-1.31,-32.81,29.75,349.93,-83.43,173.17
52.431812,-1.537452,176.52,6.25,3,190.41,20 / 20,1105010,2019-09-06 19:38:30:753,0.2456,-0.2191,10.3608,-0.0029,0.0193,9.8066,-0.0765,0.0274,-0.0081,-1.56,-31.87,29.75,347.65,-83.59,173
52.431812,-1.537452,176.52,6.25,3,190.41,20 / 20,1105109,2019-09-06 19:38:30:852,-0.409,-0.7699,10.0208,0.0033,-0.0152,9.8066,-0.0682,0.0412,0.0024,-1.87,-33.12,29.88,347.43,-83.61,172.85
52.431812,-1.537452,176.52,6.25,3,190.41,20 / 20,1105209,2019-09-06 19:38:30:952,0.6489,-0.9056,9.7444,0.0026,-0.0305,9.8066,0.0694,0.0454,-0.0545,-1.5,-32.25,29.56,349.46,-83.54,172.69
52.431812,-1.537452,176.52,6.25,3,190.41,20 / 20,1105309,2019-09-06 19:38:31:052,-1.1067,-1.0092,10.2408,0.0036,0.0044,9.8066,0.0563,-0.0292,0.0624,-1.5,-31.81,30.56,349.95,-83.49,173.03
52.431812,-1.537452,176.52,6.25,3,190.41,20 / 20,1105410,2019-09-06 19:38:31:153,-0.1501,-2.7632,9.9248,-0.011,0.0112,9.8066,-0.0651,0.023,-0.0264,-1.62,-31.75,30.06,348.11,-83.47,173.43
52.431812,-1.537452,176.52,6.25,3,190.41,20 / 20,1105509,2019-09-06 19:38:31:252,-1.0267,-0.2234,9.8805,-0.0009,-0.0273,9.8066,-0.0521,-0.0533,-0.0286,-1.06,-31.44,29.69,350.19,-83.38,173.33
52.431812,-1.537452,176.52,6.25,3,190.41,20 / 20,1105609,2019-09-06 19:38:31:352,0.2904,-0.7675,10.1151,0.0091,-0.0189,9.8066,0.0225,-0.0024,0.077,-1.5,-31.56,29.81,350.26,-83.24,173.45
52.431812,-1.537452,176.52,6.25,3,190.41,20 / 20,1105709,2019-09-06 19:38:31:452,0.2812,-2.095,10.2768,-0.0087,0.0049,9.8066,0.0101,-0.0112,0.0142,-1.06,-31.19,29.94,349.37,-83.3,172.62
52.431812,-1.537452,176.52,6.25,3,190.41,20 / 20,1105810,2019-09-06 19:38:31:553,0.1979,-0.219,10.0897,-0.0038,0.0178,9.8066,0.0044,-0.0456,-0.0697,-1.44,-31.69,29.63,349.93,-83.24,173.16
52.431812,-1.537452,176.52,6.25,3,190.41,20 / 20,1105909,2019-09-06 19:38:31:652,-0.2178,-1.8817,9.9373,0.0135,-0.0306,9.8065,0.0423,0.0067,0.0602,-1.56,-30.69,29.13,346.41,-83.06,172.18
52.431812,-1.537452,176.52,6.25,3,190.41,20 / 20,1106010,2019-09-06 19:38:31:753,-0.4072,-1.3902,9.9021,0.003,-0.0356,9.8065,-0.0256,-0.0152,-0.0303,-1.5,-31.56,29.81,348.65,-82.97,172.11
52.431812,-1.537452,176.52,6.25,3,190.41,20 / 20,1106110,2019-09-06 19:38:31:853,0.2271,-0.6294,9.8169,0.0073,0.0114,9.8066,-0.08,-0.006,-0.0299,-1.5,-31.81,29.25,349.2,-82.97,172.7
52.431812,-1.537452,176.52,6.25,3,190.41,20 / 20,1106209,2019-09-06 19:38:31:952,0.428,-1.0707,10.2334,0.0021,-0.0004,9.8066,0.0115,-0.0306,0.028,-1.94,-31.81,30.19,345.71,-83.04,171.45
52.431812,-1.537452,176.52,6.25,3,190.41,20 / 20,1106309,2019-09-06 19:38:32:052,0.015,-0.5793,9.7207,0.008,-0.0024,9.8066,-0.0326,-0.0241,-0.0181,-2.25,-32.31,30.25,344.98,-83.05,170.82
52.431812,-1.537452,176.52,6.25,3,190.41,20 / 20,1106410,2019-09-06 19:38:32:153,0.2967,-1.3369,9.6882,0.0101,0.0057,9.8066,-0.0012,-0.0026,-0.0256,-2.06,-32.31,30.56,344.16,-83.04,169.92
52.431812,-1.537452,176.52,6.25,3,190.41,20 / 20,1106509,2019-09-06 19:38:32:252,0.4281,-0.9552,9.9411,0.0099,-0.0035,9.8066,0.0105,0.0591,-0.0032,-1.12,-32.19,29.88,344.82,-82.98,168.79
52.431812,-1.537452,176.52,6.25,3,190.41,20 / 20,1106610,2019-09-06 19:38:32:353,-0.8083,-1.0841,9.8529,0.0048,0.0046,9.8066,-0.0916,0.0523,-0.0297,-1.31,-31.56,30.94,344.1,-83.04,168.02
52.431812,-1.537452,176.52,6.25,3,190.41,20 / 20,1106710,2019-09-06 19:38:32:453,0.753,-0.533,9.7568,0.0053,-0.0094,9.8066,-0.093,0.0353,-0.0422,-0.62,-32.12,30.25,344.08,-83.07,168.12
52.431812,-1.537452,176.52,6.25,3,190.41,20 / 20,1106810,2019-09-06 19:38:32:553,-0.9655,-0.7109,9.4859,-0.0137,0.0092,9.8066,0.0446,0.0666,-0.0044,-1.37,-31.37,31,343.59,-82.97,167.53
52.431812,-1.537452,176.52,6.25,3,190.41,20 / 20,1106910,2019-09-06 19:38:32:653,1.3614,0.184,9.5323,-0.0033,0.0247,9.8066,0.0652,-0.0427,-0.0102,-0.37,-31.37,30.06,346.16,-83.09,167.96
52.431812,-1.537452,176.52,6.25,3,190.41,20 / 20,1107010,2019-09-06 19:38:32:753,0.0675,-1.1648,10.4324,0.0005,0.0235,9.8066,-0.1002,-0.016,0.0413,-0.94,-30.87,30.06,344.46,-83.1,168.38
52.431812,-1.537452,176.52,6.25,3,190.41,20 / 20,1107109,2019-09-06 19:38:32:852,0.4108,-0.5348,9.6667,-0.0003,-0.0223,9.8066,0.0408,0.0261,0.0042,-0.06,-30.37,28.88,346.82,-82.99,168.56
52.431812,-1.537452,176.52,6.25,3,190.41,20 / 20,1107210,2019-09-06 19:38:32:953,-1.146,-1.1346,10.0467,0.0022,-0.0139,9.8066,-0.103,0.0684,-0.0772,-1.5,-30.94,29,344.56,-83,168.63
52.431812,-1.537452,176.52,6.25,3,190.41,20 / 20,1107310,2019-09-06 19:38:33:053,-0.1868,-0.6156,9.5277,0.0118,-0.0081,9.8066,-0.1285,-0.0222,0.0363,-2.25,-29.56,29.13,342.45,-82.98,168.7
52.431812,-1.537452,176.52,6.25,3,190.41,21 / 21,1107409,2019-09-06 19:38:33:152,-0.5427,-0.5909,9.7263,0.0028,-0.0236,9.8066,0.0746,0.0149,-0.0477,-2.69,-30.37,29.94,340.11,-82.84,168.38
52.431812,-1.537452,176.52,6.25,3,190.41,21 / 21,1107510,2019-09-06 19:38:33:253,-0.4519,-0.4435,9.2134,0.0089,0.0324,9.8065,0.0546,0.004,0.0277,-2.87,-30.75,29.88,339.73,-82.97,168.09
52.431812,-1.537452,176.52,6.25,3,190.41,21 / 21,1107610,2019-09-06 19:38:33:353,0.9047,-0.896,9.5597,-0.0074,0.0183,9.8066,-0.1004,0.0481,-0.029,-2.56,-31.56,29.75,339.46,-82.95,167.93
52.431812,-1.537452,176.52,6.25,3,190.41,21 / 21,1107710,2019-09-06 19:38:33:453,-0.6958,-0.6385,10.0884,0.0108,-0.0026,9.8066,0.0494,-0.0366,0.0447,-2.31,-32,30.19,340.84,-82.93,167.26
52.431812,-1.537452,176.52,6.25,3,190.41,21 / 21,1107809,2019-09-06 19:38:33:552,0.1041,-0.757,9.7003,-0.0056,0.0218,9.8066,0.0135,-0.0151,-0.0448,-1.94,-32.81,28.94,340.42,-82.97,167.17
52.431812,-1.537452,176.52,6.25,3,190.41,21 / 21,1107909,2019-09-06 19:38:33:652,0.5117,-0.1143,9.9115,0.0033,-0.0056,9.8066,0.0365,0.048,0.0288,-2.69,-32.12,29.38,338.82,-82.99,167.65
52.431812,-1.537452,176.52,6.25,3,190.41,21 / 21,1108010,2019-09-06 19:38:33:753,-0.4569,-0.4423,9.6639,-0.0025,-0.0196,9.8066,-0.047,0.0549,0.0034,-2.81,-32.31,29.13,338.69,-82.95,167.55
52.431812,-1.537452,176.52,6.25,3,190.41,21 / 21,1108110,2019-09-06 19:38:33:853,-0.49,0.0669,10.0008,0.0014,-0.0083,9.8066,-0.0023,-0.0308,0.0537,-2.87,-32.69,29.81,339.24,-82.95,167.83
52.431812,-1.537452,176.52,6.25,3,190.41,21 / 21,1108210,2019-09-06 19:38:33:953,-0.7139,-0.1453,9.7751,0.0006,-0.012,9.8066,0.0297,0.0362,-0.0077,-2.5,-32.44,29.81,341.85,-82.93,168.13
52.431812,-1.537452,176.52,6.25,3,190.41,21 / 21,1108309,2019-09-06 19:38:34:052,0.096,0.1074,10.0071,-0.0017,-0.0245,9.8066,-0.0439,0.0073,-0.01,-2.56,-32.44,29.38,339.75,-82.79,168.54
52.431812,-1.537452,176.52,6.25,3,190.41,21 / 21,1108409,2019-09-06 19:38:34:152,-0.0577,0.1063,9.9854,0.0046,-0.0173,9.8066,0.0083,0.018,0.0224,-2.44,-33.19,30.06,342.35,-82.71,168.72
52.431812,-1.537452,176.52,6.25,3,190.41,21 / 21,1108510,2019-09-06 19:38:34:253,-0.4495,-0.1371,9.7403,0.0023,0.0019,9.8066,0.0248,-0.0062,0.0419,-1.94,-33.37,29.69,342.42,-82.62,168.81
52.431812,-1.537452,176.52,6.25,3,190.41,21 / 21,1108609,2019-09-06 19:38:34:352,0.1848,-0.1388,9.9161,0.001,-0.0144,9.8066,0.0468,-0.0408,-0.0139,-2,-32.87,29.19,341.94,-82.5,168.67
52.431812,-1.537452,176.52,6.25,3,190.41,21 / 21,1108710,2019-09-06 19:38:34:453,-0.7771,-0.1889,9.867,-0.0054,0.0078,9.8066,0.0648,-0.0297,-0.0286,-1.62,-32.62,28.94,341.88,-82.52,168.61
52.431812,-1.537452,176.52,6.25,3,190.41,21 / 21,1108810,2019-09-06 19:38:34:553,-0.0179,-0.0982,9.8235,0.0115,-0.0159,9.8066,-0.0468,0.0217,-0.031,-2.75,-32.69,30.06,338.92,-82.47,167.76
52.431812,-1.537452,176.52,6.25,3,190.41,21 / 21,1108910,2019-09-06 19:38:34:653,0.3204,-0.4232,9.4488,0.0087,-0.0435,9.8065,-0.0978,0.0623,0.0152,-2.44,-32.56,30.31,340.44,-82.23,167.27
52.431812,-1.537452,176.52,6.25,3,190.41,21 / 21,1109010,2019-09-06 19:38:34:753,-0.5262,0.0745,9.3853,-0.0037,-0.04,9.8065,0.0231,0.0006,-0.0084,-1.87,-32.37,30.13,340.66,-82.3,167.35
52.431812,-1.537452,176.52,6.25,3,190.41,21 / 21,1109110,2019-09-06 19:38:34:853,-1.2815,-0.6234,10.1773,-0.0022,0.0214,9.8065,-0.0082,-0.091,-0.0017,-2.12,-32.12,30.44,341.82,-82.42,168.29
52.431812,-1.537452,176.52,6.25,3,190.41,21 / 21,1109214,2019-09-06 19:38:34:957,0.3802,0.2237,10.1205,-0.0032,0.0337,9.8066,-0.0302,-0.0194,0.0732,-2.12,-32.5,30.25,341.54,-82.7,167.95
52.431812,-1.537452,176.52,6.25,3,190.41,21 / 21,1109310,2019-09-06 19:38:35:053,-0.8721,0.4972,10.3522,-0.0083,-0.0181,9.8065,-0.0118,0.0497,0.0074,-2.56,-32.94,30.31,339.49,-82.66,168.16
52.431812,-1.537452,176.52,6.25,3,190.41,21 / 21,1109409,2019-09-06 19:38:35:152,-0.1608,0.0222,9.6677,0.0029,0.0027,9.8066,0.0797,0.0157,0.027,-2.56,-32.37,30.13,339.35,-82.66,167.96
52.431812,-1.537452,176.52,6.25,3,190.41,21 / 21,1109510,2019-09-06 19:38:35:253,-0.4859,0.2029,9.9613,0.0006,-0.0378,9.8066,-0.0787,-0.0314,-0.001,-2.94,-33.19,29.88,339.84,-82.4,168.58
52.431812,-1.537452,176.52,6.25,3,190.41,21 / 21,1109609,2019-09-06 19:38:35:352,-0.1593,0.3501,9.6066,0.0095,-0.0337,9.8066,0.1347,0.011,0.0038,-2.62,-31.87,29.94,340.12,-82.29,168.78
52.431812,-1.537452,176.52,6.25,3,190.41,21 / 21,1109710,2019-09-06 19:38:35:453,0.2489,-0.819,10.0474,-0.003,0.0245,9.8066,0.0967,0.0416,0.0103,-2.56,-32.75,29.19,339.42,-82.26,168.57
52.431812,-1.537452,176.52,6.25,3,190.41,21 / 21,1109810,2019-09-06 19:38:35:553,-0.1505,-0.0688,9.879,-0.0014,0.0199,9.8065,-0.1162,-0.0489,0.0177,-1.75,-32.75,28.94,341.65,-82.39,168.46
52.431812,-1.537452,176.52,6.25,3,190.41,21 / 21,1109910,2019-09-06 19:38:35:653,-0.5678,-0.4932,9.3879,0.0031,-0.0233,9.8066,-0.1088,0.0172,-0.0517,-2,-32.31,29.25,341.9,-82.23,168.65
52.431812,-1.537452,176.52,6.25,3,190.41,21 / 21,1110009,2019-09-06 19:38:35:752,-0.9944,0.6889,10.2311,-0.0039,-0.0332,9.8066,0.0961,0.0027,-0.0469,-1.69,-32.19,29.19,342.17,-82.19,168.9
52.431812,-1.537452,176.52,6.25,3,190.41,21 / 21,1110110,2019-09-06 19:38:35:853,-0.4571,0.0271,9.98,0.0046,0.0253,9.8066,0.0504,-0.058,0.0116,-1.19,-32,29.44,343.99,-82.27,168.45
52.431812,-1.537452,176.52,6.25,3,190.41,21 / 21,1110209,2019-09-06 19:38:35:952,-0.0078,0.4496,10.4995,-0.0013,0.0304,9.8065,-0.0546,0.0056,0.0456,-0.69,-32.37,29.25,343.94,-82.2,168.43
52.431812,-1.537452,176.52,6.25,3,190.41,21 / 21,1110309,2019-09-06 19:38:36:052,-1.1034,0.5507,9.1512,-0.0042,-0.0567,9.8064,-0.0788,-0.0457,0.0562,-0.75,-32.37,29.94,344.08,-82.13,168.43
52.431812,-1.537452,176.52,6.25,3,190.41,19 / 20,1110409,2019-09-06 19:38:36:152,0.551,0.7127,9.415,-0.0028,-0.0593,9.8064,0.1319,-0.1118,0.0911,-1.06,-31.94,30.38,346.24,-81.72,170.38
52.431812,-1.537452,176.52,6.25,3,190.41,19 / 20,1110510,2019-09-06 19:38:36:253,-0.5049,1.5432,9.091,-0.0162,0.0539,9.8064,0.0297,0.0646,-0.0524,-1.75,-32.19,29.5,344.61,-82.08,170.8
52.431812,-1.537452,176.52,6.25,3,190.41,19 / 20,1110609,2019-09-06 19:38:36:352,0.65,-0.1361,9.3965,-0.0004,0.037,9.8065,-0.1251,-0.0607,0.087,-2.31,-32.31,29.88,344.36,-82.16,170.56
52.431812,-1.537452,176.52,6.25,3,190.41,19 / 20,1110710,2019-09-06 19:38:36:453,0.3201,0.2171,9.5358,-0.003,-0.0289,9.8066,-0.1111,0.0554,-0.0804,-2,-33,29.5,345.47,-82.08,171.6
52.431812,-1.537452,176.52,6.25,3,190.41,19 / 20,1110810,2019-09-06 19:38:36:553,-4.1062,2.4489,8.4606,0.0037,-0.0415,9.8065,0.3293,0.1475,-0.1703,-2.5,-33,29.25,344.99,-82.12,171.38
52.431812,-1.537452,176.52,6.25,3,190.41,19 / 20,1110913,2019-09-06 19:38:36:656,0.7279,0.4246,10.72,-0.0008,0.0726,9.8064,0.1624,0.0258,0.114,-1.69,-33.37,28.81,345.35,-81.95,171.74
52.431812,-1.537452,176.52,6.25,3,190.41,19 / 20,1111009,2019-09-06 19:38:36:752,-2.0388,-0.7914,9.694,-0.0312,0.0505,9.8065,-0.0017,-0.051,-0.1197,-2.44,-33.5,29.94,345.21,-82.41,171.27
52.431812,-1.537452,176.52,6.25,3,190.41,19 / 20,1111110,2019-09-06 19:38:36:853,-0.3028,2.0518,11.0045,0.0166,-0.0172,9.8066,0.1351,-0.2301,-0.0458,-1.87,-33,29.75,345.11,-81.96,171.32
52.431812,-1.537452,176.52,6.25,3,190.41,19 / 20,1111210,2019-09-06 19:38:36:953,-0.8822,1.0012,10.6839,-0.0031,0.0494,9.8065,-0.0946,-0.0769,0.1266,-2.31,-33.31,29.44,344.55,-82.23,170.98
52.431812,-1.537452,176.52,6.25,3,190.41,19 / 20,1111310,2019-09-06 19:38:37:053,0.0923,1.2618,9.2826,0.002,-0.0028,9.8066,-0.0606,0.0144,-0.0321,-1.69,-33.25,29.13,343.89,-82.31,170.39
52.431812,-1.537452,176.52,6.25,3,190.41,20 / 20,1111410,2019-09-06 19:38:37:153,-0.6796,0.881,9.7678,0.0032,0.0339,9.8065,-0.0507,-0.0211,-0.047,-2.06,-33.12,28.88,343.29,-82.34,169.87
52.431812,-1.537452,176.52,6.25,3,190.41,20 / 20,1111509,2019-09-06 19:38:37:252,-0.8832,1.4534,9.8529,-0.0017,0.0196,9.8066,-0.062,0.009,-0.0026,-3,-33.62,28.75,339.95,-82.43,169.04
52.431812,-1.537452,176.52,6.25,3,190.41,20 / 20,1111609,2019-09-06 19:38:37:352,-0.7754,0.4746,9.5093,0.0147,-0.0029,9.8066,0.1159,0.012,-0.0378,-1.56,-33.19,29.56,341.38,-82.44,167.99
52.431812,-1.537452,176.52,6.25,3,190.41,20 / 20,1111709,2019-09-06 19:38:37:452,-0.2604,1.2043,9.9704,-0.0014,0.0177,9.8066,0.1071,-0.0011,-0.0318,-2.69,-33,29.63,338.3,-82.35,167.27
52.431812,-1.537452,176.52,6.25,3,190.41,20 / 20,1111809,2019-09-06 19:38:37:552,0.4129,-0.3802,10.4662,0.0034,0.0371,9.8065,-0.0975,-0.0099,0.0337,-1.94,-32.56,29.81,339.92,-82.32,166.79
52.431812,-1.537452,176.52,6.25,3,190.41,20 / 20,1111910,2019-09-06 19:38:37:653,0.3446,0.8903,10.0201,0.0019,-0.0498,9.8065,-0.0575,0.0517,-0.0248,-2.19,-32.44,29.69,340.42,-81.99,167.26
52.431812,-1.537452,176.52,6.25,3,190.41,20 / 20,1112010,2019-09-06 19:38:37:753,-1.6319,0.6978,9.8279,0.0014,-0.0453,9.8065,-0.021,0.0148,0.0014,-1.69,-32.31,30.06,340.89,-81.9,167.7
52.431812,-1.537452,176.52,6.25,3,190.41,20 / 20,1112110,2019-09-06 19:38:37:853,-0.3257,1.16,9.4992,-0.0003,0.0087,9.8066,-0.088,0.0016,0.0083,-1.75,-33,29.06,340.73,-81.94,167.87
52.431812,-1.537452,176.52,6.25,3,190.41,20 / 20,1112210,2019-09-06 19:38:37:953,-1.6515,0.3219,9.8467,-0.0042,0.0054,9.8066,-0.08,-0.0382,0.0112,-1.81,-32.94,29.06,340.6,-81.98,167.74
52.431812,-1.537452,176.52,6.25,3,190.41,20 / 20,1112309,2019-09-06 19:38:38:052,-0.9826,0.2082,10.4082,0.0081,-0.0017,9.8066,0.1202,-0.0054,-0.0113,-1.62,-32.31,29.44,339.89,-82.04,167.02
52.431812,-1.537452,176.52,6.25,3,190.41,20 / 20,1112410,2019-09-06 19:38:38:153,-0.6141,0.3227,9.8817,0.0094,-0.0157,9.8065,-0.1097,-0.0268,-0.0054,-2.06,-33.25,29.19,339.14,-82.09,166.46
52.431812,-1.537452,176.52,6.25,3,190.41,20 / 20,1112510,2019-09-06 19:38:38:253,-0.2049,0.4479,9.6226,0.0116,-0.0374,9.8065,-0.0532,-0.0289,0.0108,-1.75,-33,29.19,338.43,-82.1,165.85
52.431812,-1.537452,176.52,6.25,3,190.41,20 / 20,1112609,2019-09-06 19:38:38:352,0.2081,1.7592,8.9056,0.0137,-0.0445,9.8064,0.1724,-0.0586,0.006,-1.37,-32.5,29.06,341.02,-81.73,166.14
52.431812,-1.537452,176.52,6.25,3,190.41,20 / 20,1112709,2019-09-06 19:38:38:452,0.035,0.0388,10.3056,-0.0095,0.0411,9.8065,0.1081,0.0099,-0.0424,-2,-32.44,29.19,337.82,-81.92,165.32
52.431812,-1.537452,176.52,6.25,3,190.41,20 / 20,1112810,2019-09-06 19:38:38:553,-0.1021,0.7421,9.9659,-0.004,0.0366,9.8065,-0.0374,0.0088,-0.0089,-1.37,-32.25,29.31,340.2,-81.88,165.39
52.431812,-1.537452,176.52,6.25,3,190.41,20 / 20,1112910,2019-09-06 19:38:38:653,-0.4145,0.4712,9.8834,0.0064,-0.0119,9.8065,0.0173,0.0195,0.0221,-1.75,-32.06,29,337.09,-81.81,164.75
52.431812,-1.537452,176.52,6.25,3,190.41,20 / 20,1113010,2019-09-06 19:38:38:753,-0.8076,1.0967,10.0372,-0.0063,-0.0014,9.8066,0.011,-0.0506,-0.0206,-1.5,-31.75,29.06,339.56,-81.92,164.83
52.431812,-1.537452,176.52,6.25,3,190.41,20 / 20,1113109,2019-09-06 19:38:38:852,-0.4428,0.932,10.1525,0.0099,-0.0096,9.8066,-0.0016,0.0058,-0.0284,-1.62,-32.31,29.19,337.1,-81.97,164.68
52.431812,-1.537452,176.52,6.25,3,190.41,20 / 20,1113210,2019-09-06 19:38:38:953,0.1715,1.2127,9.5882,0.0027,-0.0099,9.8066,0.0477,0.0364,-0.0144,-1.87,-32,29.19,336.46,-81.91,164.16
52.431812,-1.537452,176.52,6.25,3,190.41,20 / 20,1113309,2019-09-06 19:38:39:052,0.1897,0.275,9.388,-0.0027,0.0129,9.8066,-0.0459,0.0237,-0.0088,-1.37,-32.81,28.75,338.51,-81.95,164.02
52.431038,-1.53756,175.89,10.45,2,184.64,21 / 21,1113410,2019-09-06 19:38:39:153,-0.1805,0.9647,10.2324,-0.0021,-0.0034,9.8066,0.0258,0.0446,-0.0346,-2.12,-32.56,29,336.2,-81.97,164.03
52.431038,-1.53756,175.89,10.45,2,184.64,21 / 21,1113509,2019-09-06 19:38:39:252,0.1719,1.09,9.6712,-0.0009,0.0066,9.8066,-0.012,0.0283,-0.0236,-2.25,-33.06,28.94,336.16,-82.11,163.92
52.431038,-1.53756,175.89,10.45,2,184.64,21 / 21,1113610,2019-09-06 19:38:39:353,-0.0331,0.6619,10.0595,-0.0061,-0.0133,9.8066,0.0113,0.0119,-0.0013,-2.19,-32.94,29.81,336.95,-82.13,164.33
52.431038,-1.53756,175.89,10.45,2,184.64,21 / 21,1113710,2019-09-06 19:38:39:453,-0.4173,1.117,9.4499,-0.0015,-0.0015,9.8066,-0.0138,-0.0053,0.0151,-2.37,-32.75,28.88,337.01,-82.08,164.66
52.431038,-1.53756,175.89,10.45,2,184.64,21 / 21,1113810,2019-09-06 19:38:39:553,-0.1627,0.7044,9.5897,-0.0001,-0.0143,9.8066,0.0735,0.0141,0.0047,-1.94,-33.19,29.56,337.82,-81.96,165.16
52.431038,-1.53756,175.89,10.45,2,184.64,21 / 21,1113910,2019-09-06 19:38:39:653,0.2052,1.7749,9.6832,0.0023,0.0276,9.8066,0.0911,0.0626,-0.0356,-2,-32.75,30.13,337.85,-81.95,165.18
52.431038,-1.53756,175.89,10.45,2,184.64,21 / 21,1114009,2019-09-06 19:38:39:752,0.5342,-0.0096,10.1175,-0.0075,0.036,9.8066,-0.1532,0.0818,-0.0318,-2.25,-33.12,29.13,336.87,-82.16,164.5
52.431038,-1.53756,175.89,10.45,2,184.64,21 / 21,1114110,2019-09-06 19:38:39:853,-0.4409,1.4997,9.3955,0.0101,-0.0526,9.8064,-0.1756,0.0343,0.0287,-2.69,-32.56,30.31,335.46,-81.94,165.04
52.431038,-1.53756,175.89,10.45,2,184.64,21 / 21,1114210,2019-09-06 19:38:39:953,0.2427,1.6148,9.5895,0.001,-0.0497,9.8065,0.0851,0.0129,-0.0274,-2.94,-31.5,29.44,335.72,-82,165.33
52.431038,-1.53756,175.89,10.45,2,184.64,21 / 21,1114309,2019-09-06 19:38:40:052,-0.3898,2.0057,8.992,-0.0044,0.0241,9.8065,-0.0784,0.0432,0.0051,-2.5,-31.75,30.06,338.11,-82.18,165.21
52.431038,-1.53756,175.89,10.45,2,184.64,20 / 20,1114409,2019-09-06 19:38:40:152,-1.7793,0.9837,11.2063,-0.009,0.0251,9.8065,0.1217,0.0188,-0.026,-2.25,-31.37,29.44,337.98,-82.27,165.2
52.431038,-1.53756,175.89,10.45,2,184.64,20 / 20,1114509,2019-09-06 19:38:40:252,0.662,0.0881,10.4134,0.0102,-0.0144,9.8066,0.1877,0.0775,-0.0872,-1.87,-32.81,29.5,337.65,-82.18,164.91
52.431038,-1.53756,175.89,10.45,2,184.64,20 / 20,1114610,2019-09-06 19:38:40:353,-0.2521,-0.5282,9.9782,-0.0005,0.0205,9.8065,-0.3022,0.0929,-0.0122,-2.25,-32.44,28.69,336.42,-82.14,164.02
52.431038,-1.53756,175.89,10.45,2,184.64,20 / 20,1114709,2019-09-06 19:38:40:452,-0.1406,1.5217,9.0875,0.0004,-0.0478,9.8065,-0.3142,0.0254,-0.0266,-2.75,-33.19,29.25,335.38,-81.92,165.31
52.431038,-1.53756,175.89,10.45,2,184.64,20 / 20,1114809,2019-09-06 19:38:40:552,0.0851,2.4475,8.7536,0.0162,-0.0522,9.8064,0.066,0.017,-0.0048,-2.12,-32.94,29,337.37,-82.04,164.98
52.431038,-1.53756,175.89,10.45,2,184.64,20 / 20,1114909,2019-09-06 19:38:40:652,-0.4157,1.7072,9.5529,-0.0146,0.0609,9.8064,0.0001,-0.0583,0.0747,-2.06,-33.75,29.19,337.08,-82.56,164.58
52.431038,-1.53756,175.89,10.45,2,184.64,20 / 20,1115009,2019-09-06 19:38:40:752,-1.0867,2.0625,9.5027,-0.0213,0.0274,9.8065,0.0586,0.021,-0.0167,-2.12,-32.94,29.25,339.05,-82.6,166.15
52.431038,-1.53756,175.89,10.45,2,184.64,20 / 20,1115109,2019-09-06 19:38:40:852,-0.7969,1.3655,10.4019,-0.0113,0.0036,9.8066,0.111,-0.033,0.0615,-2.06,-32.69,30.06,340.77,-82.52,167.44
52.431038,-1.53756,175.89,10.45,2,184.64,20 / 20,1115216,2019-09-06 19:38:40:959,-0.5912,1.1256,10.1186,-0.0089,-0.0265,9.8066,-0.0619,-0.0048,-0.0538,-2.31,-33,29.06,342.19,-82.59,168.84
52.431038,-1.53756,175.89,10.45,2,184.64,20 / 20,1115311,2019-09-06 19:38:41:054,-0.6921,1.2253,10.266,0.0059,-0.0241,9.8065,-0.0189,-0.0056,0.0411,-2.44,-33.37,29.63,343.62,-82.36,169.93
52.431038,-1.53756,175.89,10.45,2,184.64,21 / 21,1115410,2019-09-06 19:38:41:153,-0.4207,1.8763,9.6391,-0.0026,-0.0164,9.8066,-0.0636,0.0553,-0.0837,-2.56,-32.62,29.19,341.47,-82.41,170.25
52.431038,-1.53756,175.89,10.45,2,184.64,21 / 21,1115509,2019-09-06 19:38:41:252,-0.9216,1.5517,9.4229,0.0017,0.0006,9.8066,-0.0018,-0.036,0.0464,-2.81,-33.06,30.19,342.32,-82.37,170.71
52.431038,-1.53756,175.89,10.45,2,184.64,21 / 21,1115609,2019-09-06 19:38:41:352,-0.3059,1.8077,9.9272,-0.013,-0.0001,9.8066,-0.0636,0.037,-0.0113,-2.87,-32.94,29.56,343.21,-82.44,171.44
52.431038,-1.53756,175.89,10.45,2,184.64,21 / 21,1115709,2019-09-06 19:38:41:452,-0.5992,2.3513,9.6191,0.0006,-0.008,9.8065,-0.0279,0.0124,0.0268,-3.5,-33.25,29.5,342.77,-82.52,171.04
52.431038,-1.53756,175.89,10.45,2,184.64,21 / 21,1115810,2019-09-06 19:38:41:553,0.1558,1.7881,9.7511,-0.0102,-0.0043,9.8066,0.0247,-0.0522,0.0622,-3.19,-32.81,29.38,343.25,-82.6,171.7
52.431038,-1.53756,175.89,10.45,2,184.64,21 / 21,1115909,2019-09-06 19:38:41:652,-0.6799,1.9544,9.5736,-0.012,0.0089,9.8066,-0.0091,0.0226,-0.0391,-2.94,-32.69,28.94,344.14,-82.67,172.43
52.431038,-1.53756,175.89,10.45,2,184.64,21 / 21,1116009,2019-09-06 19:38:41:752,-0.8594,1.8812,10.1035,-0.0058,0.0233,9.8065,-0.0529,0.05,0.0163,-3.06,-33.19,28.94,345.01,-82.87,173.11
52.431038,-1.53756,175.89,10.45,2,184.64,21 / 21,1116109,2019-09-06 19:38:41:852,-0.5922,1.9238,9.8554,-0.0078,-0.0062,9.8066,-0.0312,-0.0481,0.0687,-2.44,-33.12,29.31,348.22,-82.94,173.88
52.431038,-1.53756,175.89,10.45,2,184.64,21 / 21,1116214,2019-09-06 19:38:41:957,-0.8723,1.457,9.7186,-0.0107,-0.0105,9.8065,0.0634,-0.0358,-0.0188,-3.62,-33.44,29.06,345.21,-82.97,175.18
52.431038,-1.53756,175.89,10.45,2,184.64,21 / 21,1116310,2019-09-06 19:38:42:053,-0.6504,1.5665,10.0302,0.0038,0.0002,9.8066,0.0386,-0.0269,0.0403,-3.44,-33.25,29.63,348.95,-82.99,176.2
52.431038,-1.53756,175.89,10.45,2,184.64,20 / 20,1116409,2019-09-06 19:38:42:152,0.2556,1.9092,9.5652,-0.0018,-0.0005,9.8066,-0.0076,-0.0104,-0.0159,-3.25,-33.19,29.19,348.67,-82.98,176.22
52.431038,-1.53756,175.89,10.45,2,184.64,20 / 20,1116510,2019-09-06 19:38:42:253,-1.1555,1.7283,9.6138,-0.0071,0.0056,9.8066,-0.0172,-0.019,0.0398,-3.31,-33.87,29.06,350.27,-83,177.62
52.431038,-1.53756,175.89,10.45,2,184.64,20 / 20,1116609,2019-09-06 19:38:42:352,-0.7067,1.6652,9.5026,-0.0087,0.001,9.8066,0.018,0.0177,-0.0024,-3.75,-33.62,29,349,-83.07,178.46
52.431038,-1.53756,175.89,10.45,2,184.64,20 / 20,1116709,2019-09-06 19:38:42:452,-1.2099,0.941,10.1594,-0.0009,0.0008,9.8066,0.0135,-0.0522,0.0722,-4,-33.5,29.06,349.86,-83.15,179.14
52.431038,-1.53756,175.89,10.45,2,184.64,20 / 20,1116809,2019-09-06 19:38:42:552,-1.036,1.4099,10.01,-0.0001,0.0052,9.8066,-0.0413,0.0144,-0.0213,-3.44,-33.56,28.31,352.16,-83.24,179.44
52.431038,-1.53756,175.89,10.45,2,184.64,20 / 20,1116909,2019-09-06 19:38:42:652,-0.0574,1.0003,9.958,-0.0012,-0.0057,9.8066,-0.0188,-0.0585,0.0232,-3.25,-33.25,28.63,352.43,-83.3,179.38
52.431038,-1.53756,175.89,10.45,2,184.64,20 / 20,1117009,2019-09-06 19:38:42:752,-0.8096,4.787,11.6373,0.0001,-0.023,9.8066,0.3601,-0.0316,-0.0155,-3.25,-33.12,28.81,353.02,-83.22,179.9
52.431038,-1.53756,175.89,10.45,2,184.64,20 / 20,1117110,2019-09-06 19:38:42:853,0.3862,4.2308,14.0846,-0.0229,0.0135,9.8065,0.3057,0.0809,-0.1775,-2.44,-32.5,29.38,355.47,-82.65,-179.91
52.431038,-1.53756,175.89,10.45,2,184.64,20 / 20,1117210,2019-09-06 19:38:42:953,-1.2709,-0.8692,9.129,0.0163,0.0685,9.8064,0.472,-0.0828,0.054,-2.31,-31.75,30.94,354.35,-82.04,178.9
52.431038,-1.53756,175.89,10.45,2,184.64,20 / 20,1117310,2019-09-06 19:38:43:053,-0.0016,-2.2606,7.7057,0.0268,-0.1126,9.8059,-0.0446,-0.0598,-0.0002,-2.62,-31.56,31.06,351.35,-80.5,178.45
52.431038,-1.53756,175.89,10.45,2,184.64,20 / 20,1117409,2019-09-06 19:38:43:152,0.0357,-1.3345,8.5391,0.0143,-0.0323,9.8065,-0.1729,-0.0337,-0.0273,-1.87,-32.25,31.25,352.71,-80.61,177.72
52.431038,-1.53756,175.89,10.45,2,184.64,20 / 20,1117510,2019-09-06 19:38:43:253,0.7807,-0.1409,9.2149,-0.0279,0.1437,9.8055,-0.4097,-0.0223,0.0067,-2.5,-33.25,30.13,352.72,-82.09,177.7
52.431038,-1.53756,175.89,10.45,2,184.64,20 / 20,1117609,2019-09-06 19:38:43:352,0.5647,1.324,10.1813,-0.0327,0.1378,9.8056,0.0549,-0.0815,0.068,-2.69,-33.75,28.13,351.96,-83.87,179.16
52.431038,-1.53756,175.89,10.45,2,184.64,20 / 20,1117709,2019-09-06 19:38:43:452,-1.2812,2.3102,13.4264,-0.0132,0.1504,9.8054,0.2464,-0.0429,-0.0408,-2,-33.81,27.38,357.43,-85.23,-178.05
52.431038,-1.53756,175.89,10.45,2,184.64,20 / 20,1117809,2019-09-06 19:38:43:552,-0.0084,0.6672,13.4956,-0.0013,0.0884,9.8062,0.0136,-0.0036,-0.0293,-2.44,-33.87,27.19,356.61,-86.2,-178.86
52.431038,-1.53756,175.89,10.45,2,184.64,20 / 20,1117910,2019-09-06 19:38:43:653,0.1402,1.6357,8.5057,0.0113,-0.1621,9.8053,0.2398,0.007,0.0291,-2,-33.75,28.25,355.27,-84.4,179.94
52.431038,-1.53756,175.89,10.45,2,184.64,20 / 20,1118010,2019-09-06 19:38:43:753,-1.8087,-0.5862,9.9452,-0.0032,-0.1544,9.8054,0.259,0.092,-0.0769,-1.87,-32.62,29.5,357.11,-83.13,-178.67
52.431038,-1.53756,175.89,10.45,2,184.64,20 / 20,1118110,2019-09-06 19:38:43:853,0.7322,-2.8874,9.4658,-0.0012,-0.0673,9.8064,0.1846,-0.0206,0.0612,-2.81,-32.75,30.88,355.24,-81.54,-178.44
52.431038,-1.53756,175.89,10.45,2,184.64,20 / 20,1118214,2019-09-06 19:38:43:957,-0.1607,-1.4032,10.5964,0.0096,0.0389,9.8065,-0.232,0.0599,-0.0692,-2.62,-32.37,30,356.35,-81.68,-177.34
52.431038,-1.53756,175.89,10.45,2,184.64,20 / 20,1118310,2019-09-06 19:38:44:053,-0.7658,-1.1333,10.7431,-0.0047,0.0446,9.8065,-0.1205,-0.0738,0.0088,-1.94,-32.75,29.06,357.36,-82.51,-178.28
52.431038,-1.53756,175.89,10.45,2,184.64,20 / 20,1118410,2019-09-06 19:38:44:153,0.7339,-0.9828,10.4181,-0.0161,0.052,9.8064,-0.0512,-0.0038,0.1092,-2.31,-34,28.63,356.53,-83.23,-179.02
52.431038,-1.53756,175.89,10.45,2,184.64,20 / 20,1118509,2019-09-06 19:38:44:252,0.7046,-0.6549,9.5518,-0.0263,0.0061,9.8065,-0.0028,0.099,-0.0092,-1.87,-33.25,29.44,0.03,-83.33,-176.03
52.431038,-1.53756,175.89,10.45,2,184.64,20 / 20,1118610,2019-09-06 19:38:44:353,-0.3163,-1.4489,9.3434,0.0032,-0.0175,9.8066,0.0736,0.009,0.0078,-1.87,-32.5,30.13,359.93,-82.94,-176.25
52.431038,-1.53756,175.89,10.45,2,184.64,20 / 20,1118710,2019-09-06 19:38:44:453,-0.2641,-3.2588,9.8071,0.0034,-0.0297,9.8066,-0.0234,0.2162,-0.1197,-1.75,-32.75,30.75,359.16,-82.54,-177.02
52.431038,-1.53756,175.89,10.45,2,184.64,20 / 20,1118809,2019-09-06 19:38:44:552,0.6709,-1.9987,10.1029,0.0016,0.0104,9.8065,-0.0627,-0.0054,0.0562,-1.37,-32.37,30.38,359.84,-82.67,-178.23
52.431038,-1.53756,175.89,10.45,2,184.64,20 / 20,1118910,2019-09-06 19:38:44:653,-0.4746,1.0051,10.4697,-0.0077,0.0151,9.8066,-0.0257,-0.0253,-0.0425,-3.06,-32.69,30.44,356.64,-82.84,-177.17
52.431038,-1.53756,175.89,10.45,2,184.64,20 / 20,1119010,2019-09-06 19:38:44:753,0.5309,-1.9763,10.0743,0.0054,0.014,9.8066,0.1205,0.0249,-0.0106,-1.75,-32.44,30.06,358.72,-82.99,-177.29
52.431038,-1.53756,175.89,10.45,2,184.64,20 / 20,1119110,2019-09-06 19:38:44:853,-0.0167,-1.9557,9.9263,0.0064,-0.0166,9.8066,0.1246,0.0089,0.0557,-2.69,-32.69,29.88,355.48,-82.78,-178.15
52.431038,-1.53756,175.89,10.45,2,184.64,20 / 20,1119210,2019-09-06 19:38:44:953,-1.0666,-1.2424,9.9975,-0.0046,0.0001,9.8066,-0.1049,0.0505,-0.0809,-2.94,-32.62,29.06,355.37,-82.73,-178.02
52.431038,-1.53756,175.89,10.45,2,184.64,20 / 20,1119310,2019-09-06 19:38:45:053,-0.3635,-0.2922,10.412,0.0098,0.0019,9.8066,0.0063,-0.0443,-0.0028,-2.56,-32.56,29.88,354.99,-82.77,-178.57
52.431038,-1.53756,175.89,10.45,2,184.64,21 / 21,1119409,2019-09-06 19:38:45:152,-0.0658,0.0208,9.598,0.0002,0.0007,9.8066,-0.0367,0.0253,-0.0218,-3.12,-33.06,29.81,354.67,-82.84,-178.85
52.431038,-1.53756,175.89,10.45,2,184.64,21 / 21,1119510,2019-09-06 19:38:45:253,-1.0654,-0.0385,9.4685,0.0031,0.0192,9.8065,-0.002,-0.0499,0.0607,-2.56,-32.81,29.63,354.71,-82.88,-178.82
52.431038,-1.53756,175.89,10.45,2,184.64,21 / 21,1119610,2019-09-06 19:38:45:353,0.2198,-0.5638,10.0558,-0.0146,0.0169,9.8065,-0.0258,0.0345,-0.0414,-2.56,-33.37,29.69,355.11,-83.01,-178.49
52.431038,-1.53756,175.89,10.45,2,184.64,21 / 21,1119709,2019-09-06 19:38:45:452,-0.7355,-0.8011,9.8938,0.0044,-0.0098,9.8066,0.0616,-0.0088,0.0029,-2.44,-32.56,29.75,357.63,-82.98,-178.22
52.431038,-1.53756,175.89,10.45,2,184.64,21 / 21,1119809,2019-09-06 19:38:45:552,0.1631,-0.6177,10.0596,0.0123,0.0051,9.8066,0.0801,-0.0207,0.0517,-2.37,-32.75,29.19,356.15,-83.09,-179.35
52.431038,-1.53756,175.89,10.45,2,184.64,21 / 21,1119909,2019-09-06 19:38:45:652,-0.0669,-1.2941,9.7475,-0.0118,-0.0104,9.8066,-0.0103,0.0466,-0.0236,-2.06,-32.81,28.5,356.39,-83.18,-179.15
52.431038,-1.53756,175.89,10.45,2,184.64,21 / 21,1120009,2019-09-06 19:38:45:752,-0.598,0.1482,10.5738,-0.0058,0.0033,9.8066,0.0009,-0.0347,-0.0021,-2.19,-32.81,29.38,356.14,-83.39,-179.38
52.431038,-1.53756,175.89,10.45,2,184.64,21 / 21,1120110,2019-09-06 19:38:45:853,-1.9988,0.7736,11.096,0.0126,0.0055,9.8066,0.1011,-0.0239,-0.0276,-1.5,-33.06,29.06,358.73,-83.41,-179.12
52.431038,-1.53756,175.89,10.45,2,184.64,21 / 21,1120210,2019-09-06 19:38:45:953,-0.3683,-0.6064,10.4209,0.024,0.0506,9.8065,-0.1224,0.0257,-0.079,-1.94,-32.12,30.06,352.67,-83.46,177.42
52.431038,-1.53756,175.89,10.45,2,184.64,21 / 21,1120310,2019-09-06 19:38:46:053,0.1103,-1.9588,10.3059,0.0073,-0.091,9.8062,0.036,-0.0438,0.0517,-1.06,-32.44,29.56,352.98,-82.71,175.89
52.431038,-1.53756,175.89,10.45,2,184.64,21 / 21,1120409,2019-09-06 19:38:46:152,-0.2146,-1.8903,10.4624,0.0028,-0.0698,9.8063,-0.0855,0.0432,-0.0346,-1.81,-32.69,30.06,351.71,-82.74,176.74
52.431038,-1.53756,175.89,10.45,2,184.64,21 / 21,1120509,2019-09-06 19:38:46:252,-0.3644,-0.4177,9.6824,0.0082,0.0026,9.8066,-0.0601,0.0417,-0.0347,-2.25,-32.62,30,350.74,-83.24,175.81
52.431038,-1.53756,175.89,10.45,2,184.64,21 / 21,1120609,2019-09-06 19:38:46:352,1.7981,0.5599,9.3737,0.0087,-0.0818,9.8063,-0.1363,-0.0854,0.098,-1.81,-32.69,29.5,349.04,-83.27,174.33
52.431038,-1.53756,175.89,10.45,2,184.64,21 / 21,1120709,2019-09-06 19:38:46:452,-0.8589,-0.1655,8.8063,0.0215,-0.0877,9.8062,-0.3018,0.0624,0.0074,-1.62,-32,29.19,347.96,-83.23,173.54
52.431038,-1.53756,175.89,10.45,2,184.64,21 / 21,1120809,2019-09-06 19:38:46:552,-0.1431,0.1353,9.8455,0.0022,0.0538,9.8064,0.2908,0.0273,-0.0773,-1.25,-31.19,30.25,352.67,-83.08,175.55
52.431038,-1.53756,175.89,10.45,2,184.64,21 / 21,1120909,2019-09-06 19:38:46:652,-1.1308,-1.6508,9.7992,0.0002,0.0413,9.8065,0.2739,-0.0892,0.065,-1.31,-30.87,29.38,351.45,-83.22,174.55
52.431038,-1.53756,175.89,10.45,2,184.64,21 / 21,1121010,2019-09-06 19:38:46:753,-0.1441,-0.5708,10.2915,-0.0093,-0.051,9.8065,-0.295,0.07,-0.0029,-0.06,-29.62,29.06,354.91,-83.01,175.59
52.431038,-1.53756,175.89,10.45,2,184.64,21 / 21,1121110,2019-09-06 19:38:46:853,-1.0438,1.2155,10.1262,-0.0068,-0.0137,9.8066,-0.2762,0.0074,0.0632,-1.06,-30,29,353.82,-83.32,176.58
52.431038,-1.53756,175.89,10.45,2,184.64,21 / 21,1121209,2019-09-06 19:38:46:952,1.2461,0.6831,9.8234,0.0004,-0.005,9.8066,-0.0047,-0.0286,0.0129,-0.69,-30.25,28.75,353.3,-83.58,176.09
52.431038,-1.53756,175.89,10.45,2,184.64,21 / 21,1121309,2019-09-06 19:38:47:052,0.5735,0.0213,9.4866,0.0016,-0.0255,9.8065,-0.1226,-0.0135,-0.0366,-0.69,-31.25,28.56,352.93,-83.52,175.8
52.431038,-1.53756,175.89,10.45,2,184.64,20 / 20,1121410,2019-09-06 19:38:47:153,0.0295,1.1292,9.6081,-0.0016,-0.0087,9.8066,0.1029,0.0072,-0.0596,-0.87,-31.69,28.75,352.6,-83.62,175.52
52.431038,-1.53756,175.89,10.45,2,184.64,20 / 20,1121509,2019-09-06 19:38:47:252,-0.9054,0.8056,9.6475,-0.0103,-0.0165,9.8066,0.0397,-0.0536,0.0462,-1.56,-32.69,28.38,351.16,-83.55,176.46
52.431038,-1.53756,175.89,10.45,2,184.64,20 / 20,1121610,2019-09-06 19:38:47:353,0.3868,0.6149,9.1259,0.0082,0.0292,9.8065,0.0594,-0.0161,-0.0445,-1.69,-32.25,28.63,350.22,-83.75,175.39
52.431038,-1.53756,175.89,10.45,2,184.64,20 / 20,1121709,2019-09-06 19:38:47:452,0.447,-0.1277,9.8511,-0.0044,-0.0105,9.8066,0.0809,0.0117,0.0157,-2,-33.19,29.5,349.89,-83.67,174.98
52.431038,-1.53756,175.89,10.45,2,184.64,20 / 20,1121810,2019-09-06 19:38:47:553,-0.3372,-0.4146,10.0854,-0.0024,0.0158,9.8066,-0.0244,0.0539,-0.0336,-1.94,-32.69,30.13,350.51,-83.69,175.52
52.431038,-1.53756,175.89,10.45,2,184.64,20 / 20,1121910,2019-09-06 19:38:47:653,0.3997,-0.1691,9.8677,-0.0022,-0.0217,9.8065,-0.0147,-0.0488,0.0952,-2.19,-32.81,28.56,350.25,-83.74,175.45
52.431038,-1.53756,175.89,10.45,2,184.64,20 / 20,1122010,2019-09-06 19:38:47:753,-0.2322,0.7901,10.201,0.0027,-0.0123,9.8066,0.0213,0.0396,-0.0302,-2.31,-32.87,28.88,350.27,-83.73,175.47
52.431038,-1.53756,175.89,10.45,2,184.64,20 / 20,1122109,2019-09-06 19:38:47:852,0.0613,0.1631,10.0145,-0.0058,0.0004,9.8066,0.073,0.021,0.0082,-2.56,-32.94,29.06,348.45,-83.69,175.85
52.431038,-1.53756,175.89,10.45,2,184.64,20 / 20,1122224,2019-09-06 19:38:47:967,-0.0411,0.1188,9.9055,0.0036,-0.003,9.8066,0.0089,0.0158,-0.0117,-2,-32.5,29,350.18,-83.58,175.38
52.431038,-1.53756,175.89,10.45,2,184.64,20 / 20,1122310,2019-09-06 19:38:48:053,-0.1988,0.633,10.0537,0.0033,-0.0011,9.8066,-0.0271,-0.007,0.0004,-2.37,-32,29.13,349.95,-83.5,175.21
52.43038,-1.537658,175.28,8.76,2,184.57,20 / 20,1122410,2019-09-06 19:38:48:153,-0.0928,0.0432,9.9964,0.0039,0.0036,9.8066,-0.0046,0.0044,0.0224,-2.12,-31.62,29.13,350.33,-83.48,175.54
52.43038,-1.537658,175.28,8.76,2,184.57,20 / 20,1122509,2019-09-06 19:38:48:252,-0.1644,0.1168,10.275,-0.0025,-0.0056,9.8066,0.0374,-0.0256,-0.0167,-2.94,-31.87,29.69,348.39,-83.53,175.55
52.43038,-1.537658,175.28,8.76,2,184.57,20 / 20,1122610,2019-09-06 19:38:48:353,0.3137,-0.0179,9.8633,0.0001,0.0037,9.8066,-0.0513,0.0137,0.0124,-2.94,-31.62,28.63,348.25,-83.59,175.66
52.43038,-1.537658,175.28,8.76,2,184.57,20 / 20,1122710,2019-09-06 19:38:48:453,-0.2474,0.1303,9.5477,0.0025,-0.0073,9.8065,-0.0328,0.0055,0.0299,-2.62,-31.44,29.63,347.96,-83.63,175.11
52.43038,-1.537658,175.28,8.76,2,184.57,20 / 20,1122809,2019-09-06 19:38:48:552,-0.0562,0.2154,9.7722,0.0007,-0.003,9.8066,0.0057,-0.0268,-0.0474,-2,-31.5,29,350.05,-83.67,175.22
52.43038,-1.537658,175.28,8.76,2,184.57,20 / 20,1122909,2019-09-06 19:38:48:652,-0.0383,0.7329,9.7855,0.0033,0.0171,9.8066,0.0483,-0.0162,-0.0092,-2.25,-31.81,28.75,349.52,-83.7,174.79
52.43038,-1.537658,175.28,8.76,2,184.57,20 / 20,1123010,2019-09-06 19:38:48:753,0.0772,-0.2535,9.493,-0.0021,0.0075,9.8066,-0.083,0.0552,0.0038,-1.62,-31.81,28.63,349.3,-83.8,174.57
52.43038,-1.537658,175.28,8.76,2,184.57,20 / 20,1123110,2019-09-06 19:38:48:853,0.4571,0.4375,9.5467,-0.0032,-0.0412,9.8065,-0.1258,0.0604,0.0224,-1.56,-31.94,28.88,349.18,-83.69,174.49
52.43038,-1.537658,175.28,8.76,2,184.57,20 / 20,1123210,2019-09-06 19:38:48:953,-0.1548,0.7049,9.6044,-0.0066,0.0391,9.8065,0.0796,-0.0289,0.0117,-1.19,-32.75,29.25,351.92,-83.72,174.94
52.43038,-1.537658,175.28,8.76,2,184.57,20 / 20,1123309,2019-09-06 19:38:49:052,-0.6731,1.1123,9.9893,-0.0072,0.0325,9.8065,0.0657,0.0395,-0.0225,-2.12,-33.31,29.88,350.58,-83.78,175.56
52.43038,-1.537658,175.28,8.76,2,184.57,21 / 21,1123410,2019-09-06 19:38:49:153,-0.156,-0.0333,10.3659,0.0059,-0.0265,9.8065,-0.0796,-0.009,-0.0012,-1.5,-33.31,29.13,353.21,-83.95,176.04
52.43038,-1.537658,175.28,8.76,2,184.57,21 / 21,1123509,2019-09-06 19:38:49:252,-0.3189,1.4619,9.804,0.0068,-0.0146,9.8066,-0.1209,-0.0394,-0.0032,-2.25,-33.44,29.69,350.43,-83.77,175.44
52.43038,-1.537658,175.28,8.76,2,184.57,21 / 21,1123610,2019-09-06 19:38:49:353,-0.5467,1.3299,10.081,-0.009,0.0159,9.8066,0.1408,-0.0075,-0.0039,-2.31,-33.5,29.63,350.79,-83.78,175.75
52.43038,-1.537658,175.28,8.76,2,184.57,21 / 21,1123709,2019-09-06 19:38:49:452,0.1325,0.8714,9.9923,0.0082,-0.0208,9.8065,0.12,-0.0242,-0.0001,-2.25,-33.25,29.63,351.34,-83.79,176.23
52.43038,-1.537658,175.28,8.76,2,184.57,21 / 21,1123810,2019-09-06 19:38:49:553,-0.374,1.0113,9.7744,0.0049,-0.0132,9.8066,-0.0775,0.0147,0.0157,-2.06,-33.31,29.88,350.66,-83.72,175.65
52.43038,-1.537658,175.28,8.76,2,184.57,21 / 21,1123910,2019-09-06 19:38:49:653,-0.4112,0.8527,10.3581,0.0003,0.0131,9.8066,-0.0517,-0.031,0.0034,-2.19,-32.81,29.25,350.78,-83.72,175.92
52.43038,-1.537658,175.28,8.76,2,184.57,21 / 21,1124009,2019-09-06 19:38:49:752,0.049,0.3219,10.0356,0.0008,-0.0053,9.8066,0.0471,-0.0413,0.0062,-2.62,-33.94,30.19,348.08,-83.75,175.31
52.43038,-1.537658,175.28,8.76,2,184.57,21 / 21,1124109,2019-09-06 19:38:49:852,0.3326,0.0294,9.8364,0.0084,-0.0078,9.8066,0.0287,0.0048,-0.0209,-2.12,-33.12,29.19,349.43,-83.61,174.77
52.43038,-1.537658,175.28,8.76,2,184.57,21 / 21,1124210,2019-09-06 19:38:49:953,0.1074,0.3121,9.9831,-0.0022,0.0085,9.8066,-0.0255,-0.0026,0.0184,-1.81,-33.37,29.44,349.87,-83.56,175.16
52.43038,-1.537658,175.28,8.76,2,184.57,21 / 21,1124309,2019-09-06 19:38:50:052,-0.6427,0.2156,10.0139,0.0058,-0.0253,9.8066,-0.0731,-0.019,-0.0082,-2.25,-33.31,29.38,350.46,-83.62,175.66
52.43038,-1.537658,175.28,8.76,2,184.57,20 / 20,1124409,2019-09-06 19:38:50:152,-0.3446,1.1836,9.9524,0.007,-0.0213,9.8066,0.0262,0.0263,0.0001,-2.19,-33.5,29.63,349.76,-83.56,174.89
52.43038,-1.537658,175.28,8.76,2,184.57,20 / 20,1124510,2019-09-06 19:38:50:253,0.3363,0.8522,9.8933,-0.0054,0.0149,9.8066,0.0099,-0.0136,0.0199,-2.12,-33.69,29.44,349.52,-83.7,174.87
52.43038,-1.537658,175.28,8.76,2,184.57,20 / 20,1124610,2019-09-06 19:38:50:353,-0.1967,0.7371,9.8969,-0.0062,0.0011,9.8066,-0.0047,-0.0008,0.0144,-2.5,-33.06,30.06,350.86,-83.65,175.84
52.43038,-1.537658,175.28,8.76,2,184.57,20 / 20,1124710,2019-09-06 19:38:50:453,0.1423,0.4242,10.0728,-0.0077,-0.0089,9.8066,-0.0173,0.0424,0.0149,-2.12,-33.31,28.94,351.15,-83.65,176.26
52.43038,-1.537658,175.28,8.76,2,184.57,20 / 20,1124810,2019-09-06 19:38:50:553,-0.0317,1.1913,9.9382,-0.0019,0.0043,9.8066,0.0099,0.0216,-0.0018,-2.19,-33.5,29.69,351.53,-83.67,176.42
52.43038,-1.537658,175.28,8.76,2,184.57,20 / 20,1124910,2019-09-06 19:38:50:653,-0.2636,0.6226,9.6642,-0.0016,0.0052,9.8066,0.0053,0.0225,-0.0183,-1.69,-33.94,29.38,352.22,-83.63,177.22
52.43038,-1.537658,175.28,8.76,2,184.57,20 / 20,1125010,2019-09-06 19:38:50:753,0.5906,0.6864,9.6572,0.0047,-0.004,9.8066,0.0147,0.0199,-0.0298,-1.87,-32.5,28.75,351.7,-83.66,176.7
52.43038,-1.537658,175.28,8.76,2,184.57,20 / 20,1125109,2019-09-06 19:38:50:852,-0.2789,1.5123,9.9997,-0.0002,0.0174,9.8065,0.0357,0.0345,0.0236,-1.87,-33.25,28.94,351.23,-83.77,176.3
52.43038,-1.537658,175.28,8.76,2,184.57,20 / 20,1125210,2019-09-06 19:38:50:953,-0.5592,0.6799,9.9031,-0.0057,0.0299,9.8066,-0.064,0.0648,-0.07,-1.31,-32.44,29.19,353.57,-83.87,176.34
52.43038,-1.537658,175.28,8.76,2,184.57,20 / 20,1125310,2019-09-06 19:38:51:053,0.5384,0.827,9.7003,0.0023,-0.0012,9.8066,-0.025,0.0499,-0.0273,-2,-32.62,30.13,351.04,-83.86,175.95
52.43038,-1.537658,175.28,8.76,2,184.57,20 / 21,1125409,2019-09-06 19:38:51:152,-0.0416,1.3815,10.3059,-0.0058,0.007,9.8066,0.0531,0.1107,-0.0334,-2.37,-32.87,30.06,351.29,-83.87,176.17
52.43038,-1.537658,175.28,8.76,2,184.57,20 / 21,1125510,2019-09-06 19:38:51:253,1.3839,0.6747,10.1777,0.0068,-0.015,9.8066,0.0493,0.0205,0.0415,-2.81,-32.69,30.13,349.84,-83.8,176.8
52.43038,-1.537658,175.28,8.76,2,184.57,20 / 21,1125610,2019-09-06 19:38:51:353,0.4219,1.5229,9.4312,-0.0024,-0.0166,9.8066,-0.013,0.0981,-0.0124,-3.31,-33.25,29.88,350.53,-83.63,177.44
52.43038,-1.537658,175.28,8.76,2,184.57,20 / 21,1125709,2019-09-06 19:38:51:452,1.6824,1.5459,9.536,-0.0124,0.0202,9.8066,-0.0521,0.1458,-0.0275,-3.69,-33.25,29.5,349.04,-83.64,178.02
52.43038,-1.537658,175.28,8.76,2,184.57,20 / 21,1125809,2019-09-06 19:38:51:552,0.9629,0.767,9.6175,-0.0039,0.0129,9.8066,0.0608,0.1802,-0.0298,-3.75,-33.25,29.81,349.42,-83.57,178.36
52.43038,-1.537658,175.28,8.76,2,184.57,20 / 21,1125910,2019-09-06 19:38:51:653,1.8809,0.1564,9.9404,-0.0003,0.0106,9.8066,0.0949,0.1976,-0.0482,-3.94,-32.62,29.5,349.82,-83.59,178.71
52.43038,-1.537658,175.28,8.76,2,184.57,20 / 21,1126009,2019-09-06 19:38:51:752,1.8594,0.2904,9.8496,-0.0005,0.0229,9.8066,-0.1588,0.2329,-0.0148,-4.06,-32.69,29.69,349.29,-83.67,178.22
52.43038,-1.537658,175.28,8.76,2,184.57,20 / 21,1126110,2019-09-06 19:38:51:853,2.0005,0.8415,10.4724,-0.0067,-0.0292,9.8065,-0.0711,0.1837,0.0003,-5.37,-33.37,29.13,347.53,-83.74,178.9
52.43038,-1.537658,175.28,8.76,2,184.57,20 / 21,1126209,2019-09-06 19:38:51:952,1.6521,1.4064,9.1774,0.0145,-0.0273,9.8066,0.0589,0.2305,-0.032,-6.06,-32.62,28.63,346.25,-83.6,179.72
52.43038,-1.537658,175.28,8.76,2,184.57,20 / 21,1126310,2019-09-06 19:38:52:053,1.448,3.0273,9.8331,-0.0079,0.028,9.8066,-0.0101,0.346,-0.074,-7.31,-33.19,28.31,342.98,-83.8,179.18
52.43038,-1.537658,175.28,8.76,2,184.57,20 / 20,1126409,2019-09-06 19:38:52:152,2.5612,0.465,10.1576,-0.0388,0.0465,9.8064,0.027,0.122,0.0838,-8,-33.44,27.38,339.71,-83.57,178.94
52.43038,-1.537658,175.28,8.76,2,184.57,20 / 20,1126510,2019-09-06 19:38:52:253,3.7548,2.037,10.5064,-0.0207,-0.0133,9.8065,-0.0532,0.3993,-0.0898,-8.94,-32.69,28.19,338.98,-83.91,179.36
52.43038,-1.537658,175.28,8.76,2,184.57,20 / 20,1126609,2019-09-06 19:38:52:352,0.2841,-0.4033,9.7493,-0.001,0.0361,9.8066,-0.0466,0.3352,-0.1648,-10.19,-32.56,28.5,339.82,-84.01,-178.83
52.43038,-1.537658,175.28,8.76,2,184.57,20 / 20,1126709,2019-09-06 19:38:52:452,0.7956,-0.0644,9.9487,-0.0055,0.0263,9.8066,-0.0673,0.2712,0.0068,-10.69,-31.19,28.56,336.97,-84.15,-179.87
52.43038,-1.537658,175.28,8.76,2,184.57,20 / 20,1126810,2019-09-06 19:38:52:553,0.8377,1.7493,10.0493,0.0201,0.0101,9.8066,0.0262,0.214,-0.0905,-10.87,-30.56,29.44,336.91,-84.2,-179.94
52.43038,-1.537658,175.28,8.76,2,184.57,20 / 20,1126909,2019-09-06 19:38:52:652,0.917,0.5458,9.8622,0.0054,0.013,9.8066,0.0642,0.2415,-0.1036,-10.12,-31,30.56,338.09,-84.33,178.08
52.43038,-1.537658,175.28,8.76,2,184.57,20 / 20,1127010,2019-09-06 19:38:52:753,1.9599,0.3109,10.0349,0.0126,0.0094,9.8066,-0.0735,0.2319,-0.0359,-9.06,-31.37,31,336.25,-84.42,174.7
52.43038,-1.537658,175.28,8.76,2,184.57,20 / 20,1127110,2019-09-06 19:38:52:853,2.2881,0.6283,10.2946,0.0175,-0.0166,9.8066,-0.0167,0.2585,-0.069,-8.69,-31.69,30.81,334,-84.5,172.68
52.43038,-1.537658,175.28,8.76,2,184.57,20 / 20,1127209,2019-09-06 19:38:52:952,1.2832,1.1223,9.9852,0.039,-0.0262,9.8065,0.0324,0.2646,-0.0931,-8.62,-31,29.94,330.55,-84.23,170.18
52.43038,-1.537658,175.28,8.76,2,184.57,19 / 19,1127310,2019-09-06 19:38:53:053,1.8683,0.1635,9.5259,0.0343,-0.0172,9.8066,0.0407,0.2219,-0.0391,-8.69,-31.62,29.31,326.72,-84.12,167.5
52.43038,-1.537658,175.28,8.76,2,184.57,19 / 19,1127409,2019-09-06 19:38:53:152,2.5677,1.3509,9.4864,0.0172,0.0144,9.8065,0.0179,0.2239,-0.0542,-9.44,-31.75,28.69,322.64,-83.99,163.89
52.43038,-1.537658,175.28,8.76,2,184.57,19 / 19,1127510,2019-09-06 19:38:53:253,1.8033,0.7742,10.3411,0.0158,-0.0168,9.8066,0.018,0.2503,-0.0465,-9.06,-31.56,28.94,320.86,-84.03,162.23
52.43038,-1.537658,175.28,8.76,2,184.57,19 / 19,1127609,2019-09-06 19:38:53:352,1.866,0.1932,10.0327,0.019,-0.0132,9.8066,-0.0558,0.2295,-0.0411,-10.5,-32.56,27.56,316.88,-83.96,161.29
52.43038,-1.537658,175.28,8.76,2,184.57,19 / 19,1127710,2019-09-06 19:38:53:453,2.0054,0.2588,9.7892,0.0258,-0.0215,9.8066,-0.1049,0.2424,-0.0333,-10.56,-32.44,28.44,313.85,-83.93,160.13
52.43038,-1.537658,175.28,8.76,2,184.57,19 / 19,1127809,2019-09-06 19:38:53:552,1.6244,-0.0062,9.897,-0.0046,0.0122,9.8066,0.0901,0.1762,-0.0192,-10.56,-32.94,27.81,313.46,-83.89,159.94
52.43038,-1.537658,175.28,8.76,2,184.57,19 / 19,1127910,2019-09-06 19:38:53:653,0.8119,0.058,10.0483,0.0034,-0.0034,9.8066,0.0691,0.1548,0.0099,-11,-32.62,28.38,313.31,-83.82,159.87
52.43038,-1.537658,175.28,8.76,2,184.57,19 / 19,1128009,2019-09-06 19:38:53:752,0.6025,-0.5488,10.3517,-0.0124,0.0181,9.8066,-0.1265,0.2063,-0.0472,-11.37,-33.25,28.06,313.48,-83.83,160.01
52.43038,-1.537658,175.28,8.76,2,184.57,19 / 19,1128109,2019-09-06 19:38:53:852,0.884,-0.2815,9.7046,-0.0114,0.0034,9.8066,-0.1599,0.1009,0.0132,-11.62,-33,28.06,312.62,-83.77,160.97
52.43038,-1.537658,175.28,8.76,2,184.57,19 / 19,1128210,2019-09-06 19:38:53:953,0.9618,0.2106,9.4632,0.0012,-0.0218,9.8066,0.0259,0.0271,0.012,-11.19,-33.94,28.25,314.86,-83.72,161.53
52.43038,-1.537658,175.28,8.76,2,184.57,19 / 19,1128310,2019-09-06 19:38:54:053,-0.2814,-0.5298,9.4644,0.017,-0.021,9.8065,-0.037,0.0419,-0.0068,-11.06,-33.25,27.5,314.78,-83.73,161.29
52.43038,-1.537658,175.28,8.76,2,184.57,20 / 20,1128410,2019-09-06 19:38:54:153,0.6825,0.3029,9.7406,-0.0244,0.0321,9.8065,0.0784,0.0565,0.0492,-11.44,-33.25,28.06,314.99,-83.76,161.46
52.43038,-1.537658,175.28,8.76,2,184.57,20 / 20,1128510,2019-09-06 19:38:54:253,0.4288,-0.7385,9.9575,-0.0214,0.0319,9.8066,0.0816,0.055,0.0283,-12.25,-33.5,28.06,313.66,-84.04,161.69
52.43038,-1.537658,175.28,8.76,2,184.57,20 / 20,1128609,2019-09-06 19:38:54:352,-0.0535,-0.6578,9.8052,0.0178,-0.0324,9.8065,-0.0982,0.0173,0.0141,-11.81,-33.5,27.81,314.04,-83.88,162.18
52.43038,-1.537658,175.28,8.76,2,184.57,20 / 20,1128710,2019-09-06 19:38:54:453,-0.0958,-0.1292,9.5687,-0.0126,0.0221,9.8066,-0.0873,-0.0314,0.0122,-11.44,-33.81,26.94,315.69,-83.87,163.02
52.43038,-1.537658,175.28,8.76,2,184.57,20 / 20,1128809,2019-09-06 19:38:54:552,0.489,-0.5404,10.1356,-0.0202,0.0193,9.8066,0.0598,-0.0698,0.0607,-11.75,-33.25,28,314.92,-83.98,162.9
52.43038,-1.537658,175.28,8.76,2,184.57,20 / 20,1128909,2019-09-06 19:38:54:652,0.2639,-0.4365,10.0822,-0.0109,0.0283,9.8066,0.0136,0.0122,-0.0525,-11.69,-33.81,27.31,313.72,-84.01,162.83
52.43038,-1.537658,175.28,8.76,2,184.57,20 / 20,1129010,2019-09-06 19:38:54:753,0.0716,-0.7367,10.1994,0.0151,-0.0219,9.8066,-0.0752,0.0525,0.0037,-11.44,-33.12,27.5,316.23,-84.03,162.38
52.43038,-1.537658,175.28,8.76,2,184.57,20 / 20,1129110,2019-09-06 19:38:54:853,-0.5723,0.2705,9.7808,-0.0084,0.0214,9.8066,-0.107,-0.0154,0.0377,-11.44,-33.69,27.19,316.02,-83.88,163.32
52.43038,-1.537658,175.28,8.76,2,184.57,20 / 20,1129210,2019-09-06 19:38:54:953,0.0946,0.0981,9.5696,-0.0057,0.0108,9.8065,0.0275,-0.0106,0.0522,-11.5,-33.81,27.94,316.35,-83.94,162.7
52.43038,-1.537658,175.28,8.76,2,184.57,20 / 20,1129310,2019-09-06 19:38:55:053,-0.1723,-0.6048,9.9596,-0.0104,0.0019,9.8065,-0.0213,-0.0081,-0.028,-11,-33.12,27.44,316.49,-83.98,163.52
52.43038,-1.537658,175.28,8.76,2,184.57,21 / 21,1129409,2019-09-06 19:38:55:152,0.1231,0.0208,9.7928,-0.0012,0.0029,9.8066,-0.0096,-0.0275,0.0294,-11,-33.56,27.38,316.5,-83.97,163.68
52.43038,-1.537658,175.28,8.76,2,184.57,21 / 21,1129510,2019-09-06 19:38:55:253,-0.3675,0.1783,9.8701,-0.0068,0.0093,9.8065,-0.0177,-0.0034,0.0268,-11.37,-32.69,27.63,317.25,-84.06,163.28
52.43038,-1.537658,175.28,8.76,2,184.57,21 / 21,1129610,2019-09-06 19:38:55:353,-0.5389,-0.1906,10.1405,0.0103,-0.0163,9.8065,-0.0727,-0.0241,-0.0173,-11.75,-32.44,26.88,314.96,-83.99,163.69
52.43038,-1.537658,175.28,8.76,2,184.57,21 / 21,1129709,2019-09-06 19:38:55:452,-0.5068,0.6595,9.7537,0.0023,-0.0106,9.8066,-0.0757,-0.0173,0.0138,-11.94,-31.87,27.88,315.67,-84.06,163.39
52.43038,-1.537658,175.28,8.76,2,184.57,21 / 21,1129810,2019-09-06 19:38:55:553,-0.5781,0.5954,9.4244,0.0053,0.0097,9.8065,0.0461,0.0115,0.0054,-12.19,-32.37,27.13,313.83,-84.06,162.6
52.43038,-1.537658,175.28,8.76,2,184.57,21 / 21,1129910,2019-09-06 19:38:55:653,0.1384,0.4766,9.8432,-0.0113,0.0058,9.8065,0.0014,-0.0815,0.0427,-11.81,-32.25,27.31,313.91,-84.06,162.67
52.43038,-1.537658,175.28,8.76,2,184.57,21 / 21,1130010,2019-09-06 19:38:55:753,-0.6871,0.4369,9.9005,-0.0056,0.0071,9.8066,-0.0316,-0.0186,-0.0129,-11.94,-32.69,27.5,315.01,-84.14,162.86
52.43038,-1.537658,175.28,8.76,2,184.57,21 / 21,1130110,2019-09-06 19:38:55:853,-0.5751,0.8871,10.0929,0.0074,0.0007,9.8066,-0.016,-0.0396,0.0057,-11.44,-33.06,27.63,315.77,-84.21,161.81
52.43038,-1.537658,175.28,8.76,2,184.57,21 / 21,1130209,2019-09-06 19:38:55:952,-1.1821,0.5713,10.0012,-0.0015,0.0072,9.8066,-0.0121,0.0238,-0.0181,-12,-33.25,27.25,312.47,-84.23,161.34
52.43038,-1.537658,175.28,8.76,2,184.57,21 / 21,1130309,2019-09-06 19:38:56:052,-0.7303,1.0615,9.9486,0.0024,-0.0072,9.8066,-0.0043,0.0032,0.0361,-11.94,-32.69,27.75,313.26,-84.12,161.26
52.43038,-1.537658,175.28,8.76,2,184.57,20 / 20,1130410,2019-09-06 19:38:56:153,-0.783,0.727,9.719,0.0075,0.007,9.8066,-0.0473,-0.0321,0.0394,-11.81,-32.94,27.5,312.9,-84.02,161.01
52.43038,-1.537658,175.28,8.76,2,184.57,20 / 20,1130510,2019-09-06 19:38:56:253,0.3711,0.0265,9.3211,0.0057,-0.0234,9.8066,-0.0855,-0.0238,0.0217,-11,-31.5,27.81,314.97,-84.03,160.94
52.43038,-1.537658,175.28,8.76,2,184.57,20 / 20,1130609,2019-09-06 19:38:56:352,-1.1171,0.5017,10.3152,0.0015,-0.0142,9.8066,0.0029,0.006,0.0142,-10.62,-31,27.38,314.86,-84.12,161.62
52.43038,-1.537658,175.28,8.76,2,184.57,20 / 20,1130710,2019-09-06 19:38:56:453,-0.764,1.5075,9.5545,-0.0081,0.0244,9.8065,0.0164,-0.0016,0.0102,-11.37,-30.19,26.44,314.09,-84.08,161.7
52.43038,-1.537658,175.28,8.76,2,184.57,20 / 20,1130810,2019-09-06 19:38:56:553,-0.4398,1.5112,9.7148,-0.0148,0.0043,9.8066,-0.0008,0.0576,-0.0045,-12.31,-30.25,26.19,312.46,-84.21,161.87
52.43038,-1.537658,175.28,8.76,2,184.57,20 / 20,1130910,2019-09-06 19:38:56:653,-1.3408,0.7312,9.6962,-0.0107,0.0122,9.8066,-0.0231,0.0447,-0.0335,-12.87,-30.37,26.44,310.7,-84.23,161.93
52.43038,-1.537658,175.28,8.76,2,184.57,20 / 20,1131010,2019-09-06 19:38:56:753,-1.1514,0.4414,9.6716,-0.0041,-0.0021,9.8066,-0.0027,-0.0322,0.039,-13.44,-30.25,27.13,311.72,-84.21,161.91
52.43038,-1.537658,175.28,8.76,2,184.57,20 / 20,1131110,2019-09-06 19:38:56:853,-1.1917,1.6428,10.1227,0.0008,-0.005,9.8066,0.0287,0.0051,-0.0009,-13.94,-30.87,27.38,310.63,-84.22,162.66
52.43038,-1.537658,175.28,8.76,2,184.57,20 / 20,1131210,2019-09-06 19:38:56:953,-1.13,2.1545,9.8718,-0.0038,0.0039,9.8066,0.0199,-0.0148,-0.0182,-13.12,-30.62,28.13,312.75,-84.28,162.02
52.43038,-1.537658,175.28,8.76,2,184.57,20 / 20,1131309,2019-09-06 19:38:57:052,-1.2783,1.2203,9.6984,-0.0042,0.0118,9.8066,-0.0713,0.0213,-0.0073,-12.75,-31.69,28.5,313.46,-84.38,161.86
52.429756,-1.537445,175.64,7.2,3,149.84,21 / 21,1131409,2019-09-06 19:38:57:152,-0.9874,1.2603,9.7237,0.006,-0.0118,9.8066,0.0183,0.0169,-0.0519,-12.44,-32,27.88,313.53,-84.41,161.13
52.429756,-1.537445,175.64,7.2,3,149.84,21 / 21,1131510,2019-09-06 19:38:57:253,-1.1947,2.156,9.7546,-0.0144,0.0251,9.8065,0.0361,0.0393,-0.0111,-11.06,-30.87,27.31,314.04,-84.35,160.68
52.429756,-1.537445,175.64,7.2,3,149.84,21 / 21,1131609,2019-09-06 19:38:57:352,-0.9359,1.1217,10.4572,-0.0122,0.0271,9.8065,0.0468,0.0104,0.0392,-12.44,-32.06,26.38,309.58,-84.56,159.18
52.429756,-1.537445,175.64,7.2,3,149.84,21 / 21,1131710,2019-09-06 19:38:57:453,-1.8556,1.7068,12.2004,0.035,-0.0706,9.8063,0.0909,-0.0245,-0.1689,-13.19,-31.19,26.13,309.79,-84.05,161.4
52.429756,-1.537445,175.64,7.2,3,149.84,21 / 21,1131810,2019-09-06 19:38:57:553,-0.4538,0.7286,8.2814,0.0136,0.0263,9.8066,0.3827,-0.0744,0.1642,-12.94,-31.75,26.63,312.47,-83.19,163.77
52.429756,-1.537445,175.64,7.2,3,149.84,21 / 21,1131909,2019-09-06 19:38:57:652,0.0814,0.5292,6.3944,0.0175,-0.045,9.8065,-0.0158,0.0823,-0.0276,-13.69,-31.56,28.25,312.73,-82.19,165.45
52.429756,-1.537445,175.64,7.2,3,149.84,21 / 21,1132010,2019-09-06 19:38:57:753,1.1868,0.002,8.0202,-0.0274,0.0318,9.8065,0.1944,0.0147,-0.039,-14,-31.69,28.5,313.67,-81.87,165.59
52.429756,-1.537445,175.64,7.2,3,149.84,21 / 21,1132110,2019-09-06 19:38:57:853,0.6959,-1.1051,8.9085,-0.1084,0.1061,9.8054,-0.4199,-0.0633,0.106,-14.31,-31.81,28.31,313.96,-82.57,166.25
52.429756,-1.537445,175.64,7.2,3,149.84,21 / 21,1132209,2019-09-06 19:38:57:952,-1.2188,1.705,8.8195,-0.1298,0.167,9.8044,-0.1417,-0.0103,-0.0308,-15.06,-32.62,26.13,308.24,-85.46,162.24
52.429756,-1.537445,175.64,7.2,3,149.84,21 / 21,1132309,2019-09-06 19:38:58:052,-0.5465,2.6641,12.732,-0.0659,0.147,9.8053,-0.1607,0.0239,-0.0002,-14.44,-32.19,24.5,299.52,-86.78,151.94
52.429756,-1.537445,175.64,7.2,3,149.84,20 / 20,1132410,2019-09-06 19:38:58:153,-0.9077,1.9877,12.8143,0.0032,0.0165,9.8066,0.1944,-0.0157,-0.0062,-13.87,-32.5,23.94,291.65,-87.1,145.04
52.429756,-1.537445,175.64,7.2,3,149.84,20 / 20,1132510,2019-09-06 19:38:58:253,0.6735,0.245,9.9487,0.0722,-0.1113,9.8057,0.2633,0.0093,-0.0068,-14.69,-32.06,24.94,298.07,-86.3,152.67
52.429756,-1.537445,175.64,7.2,3,149.84,20 / 20,1132610,2019-09-06 19:38:58:353,-1.7176,0.2399,7.3209,0.0676,-0.0934,9.806,0.4282,-0.0145,0.0569,-14.56,-31.19,27.5,309.46,-84.42,161.99
52.429756,-1.537445,175.64,7.2,3,149.84,20 / 20,1132710,2019-09-06 19:38:58:453,1.2393,-1.7671,8.0119,0.0455,-0.0636,9.8063,0.0737,-0.0094,-0.0475,-15.12,-31.06,28.81,313.17,-83.05,165.56
52.429756,-1.537445,175.64,7.2,3,149.84,20 / 20,1132810,2019-09-06 19:38:58:553,0.2163,-0.6271,9.8549,-0.0361,0.0511,9.8064,-0.0783,0.0054,0.0412,-14.69,-31.69,29.81,312.81,-83.12,164.42
52.429756,-1.537445,175.64,7.2,3,149.84,20 / 20,1132910,2019-09-06 19:38:58:653,-0.6129,1.0047,10.9323,-0.0501,0.0808,9.8061,-0.1371,0.0224,0.0125,-13.37,-31.75,29.63,314.76,-83.87,162.62
52.429756,-1.537445,175.64,7.2,3,149.84,20 / 20,1133010,2019-09-06 19:38:58:753,-0.5777,0.5877,10.8181,-0.0115,0.0184,9.8066,-0.0121,-0.0045,-0.0053,-12.19,-32.5,29.19,314.99,-84.49,161.58
52.429756,-1.537445,175.64,7.2,3,149.84,20 / 20,1133110,2019-09-06 19:38:58:853,-0.0162,0.4608,9.8065,0.0134,-0.0157,9.8066,0.0719,0.0069,0.0014,-11.31,-33.12,28.13,315.26,-84.54,161.05
52.429756,-1.537445,175.64,7.2,3,149.84,20 / 20,1133210,2019-09-06 19:38:58:953,0.2282,-0.4245,9.2619,0.0095,-0.035,9.8066,0.0872,0.0113,0.0151,-11,-33.06,28.75,317.43,-84.04,162.65
52.429756,-1.537445,175.64,7.2,3,149.84,20 / 20,1133309,2019-09-06 19:38:59:052,-0.0161,-0.1739,9.5401,0.003,-0.0238,9.8066,0.022,0.0013,0.0114,-11.56,-33.19,28.44,316.29,-83.78,164.33
52.429756,-1.537445,175.64,7.2,3,149.84,21 / 21,1133409,2019-09-06 19:38:59:152,-0.2712,-0.1359,9.7552,-0.0078,0.0103,9.8065,0.0001,-0.003,0.0151,-11.94,-32.87,28.25,317.1,-83.81,165.04
52.429756,-1.537445,175.64,7.2,3,149.84,21 / 21,1133510,2019-09-06 19:38:59:253,-0.3519,-0.0106,10.2131,-0.0152,0.0148,9.8065,-0.0578,0.0146,-0.005,-12,-32.62,27.44,316.4,-83.94,165.2
52.429756,-1.537445,175.64,7.2,3,149.84,21 / 21,1133609,2019-09-06 19:38:59:352,-0.1763,0.1947,9.9606,0.0042,-0.0027,9.8066,-0.011,-0.0212,-0.0021,-11.81,-33.69,27.25,316.32,-84.07,165.16
52.429756,-1.537445,175.64,7.2,3,149.84,21 / 21,1133710,2019-09-06 19:38:59:453,0.3904,0.0763,9.8146,0.0089,-0.0064,9.8066,-0.0209,0.0247,-0.0138,-12.81,-33.06,27.13,314.27,-84.08,164.82
52.429756,-1.537445,175.64,7.2,3,149.84,21 / 21,1133809,2019-09-06 19:38:59:552,-0.0151,0.2848,9.7002,-0.0071,0.0065,9.8066,0.0108,0.0309,0.0103,-11.94,-33,27.81,316.78,-84.19,164.44
52.429756,-1.537445,175.64,7.2,3,149.84,21 / 21,1133909,2019-09-06 19:38:59:652,0.1966,-0.1268,9.8653,-0.0072,0.0037,9.8066,-0.0037,0.0139,0.0099,-12.56,-34.25,27,314.43,-84.17,165.01
52.429756,-1.537445,175.64,7.2,3,149.84,21 / 21,1134009,2019-09-06 19:38:59:752,0.0405,-0.1965,10.167,0.0105,-0.0085,9.8066,0.0217,0.0159,-0.0054,-12.75,-32.81,27.19,314.27,-84.1,164.79
52.429756,-1.537445,175.64,7.2,3,149.84,21 / 21,1134110,2019-09-06 19:38:59:853,-0.1554,0.6583,9.9154,0.0013,-0.0119,9.8066,0.0264,0.0263,0.0172,-12.19,-33,27.31,316.27,-84.12,164.93
52.429756,-1.537445,175.64,7.2,3,149.84,21 / 21,1134210,2019-09-06 19:38:59:953,0.0699,0.5032,10.1215,-0.0056,-0.0008,9.8066,0.0186,0.0586,-0.0172,-13.69,-32.81,27.38,313.72,-84.12,165.9
52.429756,-1.537445,175.64,7.2,3,149.84,21 / 21,1134309,2019-09-06 19:39:00:052,-0.3247,0.2433,9.6792,-0.0016,-0.0082,9.8066,-0.0158,0.0029,0.0418,-13.37,-31.44,26.88,316.55,-84.07,166.63
52.429756,-1.537445,175.64,7.2,3,149.84,20 / 20,1134410,2019-09-06 19:39:00:153,-0.6631,-0.2524,9.9479,0.0026,-0.0154,9.8066,-0.0624,0.0441,-0.0377,-13.94,-31.37,27.75,316.81,-84.05,167.57
52.429756,-1.537445,175.64,7.2,3,149.84,20 / 20,1134509,2019-09-06 19:39:00:252,0.0886,0.3654,9.9064,0.0067,-0.0024,9.8066,0.0335,-0.006,0.0178,-14.19,-31.81,27.44,314.8,-84.13,166.75
52.429756,-1.537445,175.64,7.2,3,149.84,20 / 20,1134609,2019-09-06 19:39:00:352,-0.7322,0.761,9.7344,-0.0141,-0.002,9.8066,-0.0236,-0.0156,0.029,-14.37,-31,27.94,317.45,-84.24,168.03
52.429756,-1.537445,175.64,7.2,3,149.84,20 / 20,1134710,2019-09-06 19:39:00:453,-1.4757,-0.265,9.8155,-0.0353,-0.0065,9.8065,0.0238,-0.0832,0.0942,-14.19,-32.25,28.81,321.29,-84.32,170.73
52.429756,-1.537445,175.64,7.2,3,149.84,20 / 20,1134809,2019-09-06 19:39:00:552,-1.6448,-0.7937,9.0464,-0.0213,-0.0033,9.8066,-0.0194,-0.0834,0.0272,-14.19,-32.44,28.13,324.56,-84.4,174.58
52.429756,-1.537445,175.64,7.2,3,149.84,20 / 20,1134911,2019-09-06 19:39:00:654,-2.4781,0.076,9.9573,-0.0161,-0.0029,9.8066,-0.0341,-0.1882,0.079,-13.81,-32.06,29.19,328.22,-84.61,176.92
52.429756,-1.537445,175.64,7.2,3,149.84,20 / 20,1135009,2019-09-06 19:39:00:752,-2.7306,-0.1103,10.3601,-0.0127,-0.0051,9.8066,0.0159,-0.215,0.0779,-13.19,-33.19,29.63,335.23,-84.69,-179
52.429756,-1.537445,175.64,7.2,3,149.84,20 / 20,1135110,2019-09-06 19:39:00:853,-3.6235,-0.3184,10.2368,-0.0136,-0.0178,9.8066,0.0176,-0.2584,0.0287,-13.44,-33,28.69,336.79,-84.66,-176.8
52.429756,-1.537445,175.64,7.2,3,149.84,20 / 20,1135209,2019-09-06 19:39:00:952,-3.846,0.0058,10.0766,0,-0.0103,9.8066,0.013,-0.3311,0.0202,-12.94,-32.44,29.63,339.03,-84.57,-175.55
52.429756,-1.537445,175.64,7.2,3,149.84,20 / 20,1135310,2019-09-06 19:39:01:053,-2.3581,-0.4514,9.4186,0.0173,-0.0022,9.8066,0.0529,-0.3665,0.0493,-12.5,-32.56,30.31,339.23,-84.46,-176.87
52.429756,-1.537445,175.64,7.2,3,149.84,21 / 21,1135413,2019-09-06 19:39:01:156,-2.9218,-0.2887,9.4899,-0.0017,-0.0141,9.8066,-0.0174,-0.429,0.0563,-11.5,-32.25,30.25,340.74,-84.22,-177.13
52.429756,-1.537445,175.64,7.2,3,149.84,21 / 21,1135509,2019-09-06 19:39:01:252,-2.9512,-0.1017,9.9391,0.0023,-0.0015,9.8066,0.0615,-0.4245,0.0729,-11.5,-33.25,30.25,341,-84.07,-176.78
52.429756,-1.537445,175.64,7.2,3,149.84,21 / 21,1135610,2019-09-06 19:39:01:353,-3.2143,0.0209,10.0192,-0.0142,0.0132,9.8066,0.0432,-0.4465,0.0465,-10.69,-32.56,31.06,342.98,-84.18,-175.7
52.429756,-1.537445,175.64,7.2,3,149.84,21 / 21,1135709,2019-09-06 19:39:01:452,-2.9101,0.1313,10.1495,-0.0122,0.0177,9.8066,-0.0226,-0.4387,0.0664,-9.56,-33.25,31.19,345.42,-84.26,-175.17
52.429756,-1.537445,175.64,7.2,3,149.84,21 / 21,1135810,2019-09-06 19:39:01:553,-3.1,0.2686,9.7727,-0.0076,-0.011,9.8066,-0.0346,-0.4662,0.0815,-9.06,-32.81,30.44,348.45,-84.24,-173.58
52.429756,-1.537445,175.64,7.2,3,149.84,21 / 21,1135910,2019-09-06 19:39:01:653,-3.4065,0.4128,9.7854,-0.016,-0.016,9.8066,0.0479,-0.4992,0.0797,-8.12,-32.75,31.44,353,-84.18,-171.77
52.429756,-1.537445,175.64,7.2,3,149.84,21 / 21,1136010,2019-09-06 19:39:01:753,-2.9802,-0.1079,9.7602,-0.0181,-0.0006,9.8065,0.0113,-0.4919,0.0939,-7.94,-32.5,31.81,355.38,-84.11,-170.1
52.429756,-1.537445,175.64,7.2,3,149.84,21 / 21,1136109,2019-09-06 19:39:01:852,-3.3872,-0.0056,9.67,-0.0254,-0.0018,9.8066,-0.036,-0.5277,0.0944,-6.69,-33.31,31.38,0.88,-84.03,-166.5
52.429756,-1.537445,175.64,7.2,3,149.84,21 / 21,1136210,2019-09-06 19:39:01:953,-3.2015,-0.5017,9.651,-0.0073,-0.0153,9.8066,-0.0382,-0.5467,0.0664,-5.94,-32.69,31.63,5.69,-83.89,-164.34
52.429756,-1.537445,175.64,7.2,3,149.84,21 / 21,1136309,2019-09-06 19:39:02:052,-3.4161,0.3394,9.725,-0.0161,0.0013,9.8066,-0.0678,-0.5452,0.059,-5.62,-33.31,32.06,6.71,-83.92,-163.43
52.429756,-1.537445,175.64,7.2,3,149.84,21 / 21,1136410,2019-09-06 19:39:02:153,-3.3909,0.4348,9.95,-0.0151,0.0081,9.8066,-0.0457,-0.5881,0.1017,-4.5,-33.56,31,13.16,-84.03,-161.03
52.429756,-1.537445,175.64,7.2,3,149.84,21 / 21,1136509,2019-09-06 19:39:02:252,-3.462,0.4253,9.4388,-0.0178,0.0093,9.8066,-0.0753,-0.6187,0.0762,-2.94,-33.19,30.38,18.55,-84.07,-157.89
52.429756,-1.537445,175.64,7.2,3,149.84,21 / 21,1136610,2019-09-06 19:39:02:353,-3.4569,1.0434,10.259,-0.0167,-0.0058,9.8066,-0.0174,-0.6189,0.0836,-2.5,-33.31,30.13,22.89,-84.06,-155.94
52.429756,-1.537445,175.64,7.2,3,149.84,21 / 21,1136710,2019-09-06 19:39:02:453,-3.1135,1.0942,10.0475,-0.0062,-0.0081,9.8066,-0.0171,-0.6028,0.0632,-1.75,-33.31,29.44,23.52,-84.04,-155.35
52.429756,-1.537445,175.64,7.2,3,149.84,21 / 21,1136810,2019-09-06 19:39:02:553,-3.2175,1.5238,9.7911,-0.0072,-0.0145,9.8065,0.0139,-0.5877,0.0457,-0.44,-33.31,28.75,28.33,-83.91,-155.09
52.429756,-1.537445,175.64,7.2,3,149.84,21 / 21,1136909,2019-09-06 19:39:02:652,-3.1907,0.9096,9.6038,-0.0058,-0.0107,9.8066,-0.0253,-0.5968,0.0589,1,-33,28.69,30.67,-83.77,-155.07
52.429756,-1.537445,175.64,7.2,3,149.84,21 / 21,1137009,2019-09-06 19:39:02:752,-2.9689,1.7037,9.8152,-0.003,-0.0043,9.8066,-0.007,-0.569,0.0462,2.13,-34.19,28.31,33.11,-83.63,-155.36
52.429756,-1.537445,175.64,7.2,3,149.84,21 / 21,1137110,2019-09-06 19:39:02:853,-1.6081,0.8231,10.246,0.0059,-0.0126,9.8065,0.048,-0.5475,0.0241,2.69,-34.44,27.44,33.69,-83.43,-157.39
52.429756,-1.537445,175.64,7.2,3,149.84,21 / 21,1137210,2019-09-06 19:39:02:953,-2.5815,1.0498,10.081,-0.0036,-0.0151,9.8066,-0.0333,-0.5999,0.0494,3.13,-33.87,26.75,33.46,-83.3,-157.69
52.429756,-1.537445,175.64,7.2,3,149.84,21 / 21,1137310,2019-09-06 19:39:03:053,-2.433,1.1301,9.6547,0.0058,-0.0069,9.8066,-0.0411,-0.5483,-0.0026,5.31,-33.87,25.88,37.69,-83.16,-158.78
52.429756,-1.537445,175.64,7.2,3,149.84,20 / 20,1137409,2019-09-06 19:39:03:152,-1.8201,0.3691,9.3318,0.0136,-0.0102,9.8066,-0.0095,-0.5231,0.0283,5.81,-34.31,25.19,39.17,-83.12,-160.29
52.429756,-1.537445,175.64,7.2,3,149.84,20 / 20,1137509,2019-09-06 19:39:03:252,-1.9551,-0.6684,10.0397,-0.0057,-0.0289,9.8066,-0.0316,-0.5071,0.0452,6.81,-33.81,24.63,38.27,-83.1,-163.17
52.429756,-1.537445,175.64,7.2,3,149.84,20 / 20,1137610,2019-09-06 19:39:03:353,-1.3416,0.574,9.7824,-0.008,-0.0256,9.8065,0.024,-0.4488,0.0103,7.31,-33.81,23.75,39.04,-83,-163.44
52.429756,-1.537445,175.64,7.2,3,149.84,20 / 20,1137710,2019-09-06 19:39:03:453,-0.4357,-0.6856,9.7541,0.0106,0.007,9.8065,-0.0395,-0.3743,0.0295,8,-34.56,23,40.61,-82.99,-165.36
52.429756,-1.537445,175.64,7.2,3,149.84,20 / 20,1137811,2019-09-06 19:39:03:554,-0.718,-0.1164,9.9219,0.0114,0.0013,9.8066,0.013,-0.2973,-0.0236,7.81,-33.94,22.19,40.8,-83,-166.05
52.429756,-1.537445,175.64,7.2,3,149.84,20 / 20,1137910,2019-09-06 19:39:03:653,-1.0416,-0.4486,9.9556,0.0223,0.0229,9.8065,0.0749,-0.297,0.0316,8.13,-33.62,22,39.71,-83.18,-166.82
52.429756,-1.537445,175.64,7.2,3,149.84,20 / 20,1138009,2019-09-06 19:39:03:752,-0.4721,-0.9942,9.6144,0.0099,0.0139,9.8066,-0.0546,-0.2307,-0.0031,8.88,-34.06,22.31,41.05,-83.38,-167.63
52.429756,-1.537445,175.64,7.2,3,149.84,20 / 20,1138110,2019-09-06 19:39:03:853,-0.6941,-1.2081,9.7323,-0.0075,-0.0259,9.8066,0.0156,-0.1585,0.0149,8.31,-33.87,20.94,39.16,-83.08,-168.53
52.429756,-1.537445,175.64,7.2,3,149.84,20 / 20,1138210,2019-09-06 19:39:03:953,-0.3735,-1.2827,9.9218,-0.0036,-0.0129,9.8066,-0.0373,-0.1203,-0.0085,8.94,-33.56,21.63,39.63,-82.99,-169.24
52.429756,-1.537445,175.64,7.2,3,149.84,20 / 20,1138309,2019-09-06 19:39:04:052,-0.4892,-0.8552,10.0713,-0.003,-0.0025,9.8066,0.0017,-0.1199,0.0114,9.06,-32.94,20.75,41.29,-82.86,-168.96
52.429756,-1.537445,175.64,7.2,3,149.84,21 / 21,1138409,2019-09-06 19:39:04:152,-0.6264,-0.5793,10.0285,-0.0138,-0.0044,9.8066,0.0377,-0.0894,0.0153,8.94,-33.56,21.5,40.9,-82.77,-168.36
52.429756,-1.537445,175.64,7.2,3,149.84,21 / 21,1138510,2019-09-06 19:39:04:253,-0.8402,-1.0305,9.747,-0.0064,0.0041,9.8066,0.0202,-0.1088,0.0401,9.06,-33.19,21,42.69,-82.65,-167.97
52.429756,-1.537445,175.64,7.2,3,149.84,21 / 21,1138610,2019-09-06 19:39:04:353,-0.8856,-0.8919,10.1357,-0.0146,-0.0091,9.8066,0.0902,-0.1063,0.0205,8.75,-32.44,20.88,43.6,-82.45,-167.17
52.429756,-1.537445,175.64,7.2,3,149.84,21 / 21,1138709,2019-09-06 19:39:04:452,-1.1865,-1.0503,10.357,-0.0073,-0.0121,9.8066,0.0759,-0.0902,-0.0089,9.13,-32.5,20.5,43.89,-82.24,-167.14
52.429756,-1.537445,175.64,7.2,3,149.84,21 / 21,1138810,2019-09-06 19:39:04:553,-0.5682,-0.7952,10.0224,-0.0032,-0.0075,9.8066,0.004,-0.0731,-0.0017,9.31,-31.94,20.56,43.59,-82.15,-167.5
52.429756,-1.537445,175.64,7.2,3,149.84,21 / 21,1138910,2019-09-06 19:39:04:653,-0.9997,-0.7578,9.9537,-0.0045,-0.0025,9.8066,0.0242,-0.1028,0.0407,9,-32,21,44.02,-82.01,-167.27
52.429756,-1.537445,175.64,7.2,3,149.84,21 / 21,1139010,2019-09-06 19:39:04:753,-0.3569,-0.2347,10.009,-0.016,-0.005,9.8066,0.0477,-0.0703,0.015,8.56,-32.69,20.44,46.73,-81.84,-166.79
52.429756,-1.537445,175.64,7.2,3,149.84,21 / 21,1139110,2019-09-06 19:39:04:853,-1.1621,-0.7367,9.7637,-0.0071,0.0041,9.8066,0.018,-0.0605,0.0318,8.19,-32.69,20.38,44.89,-81.64,-166.31
52.429756,-1.537445,175.64,7.2,3,149.84,21 / 21,1139210,2019-09-06 19:39:04:953,-0.4472,-0.674,9.8796,0.0002,0.0105,9.8065,0.0283,-0.0431,0.0184,8.44,-32.75,19.94,45.71,-81.58,-165.69
52.429756,-1.537445,175.64,7.2,3,149.84,21 / 21,1139310,2019-09-06 19:39:05:053,-1.3867,-1.0093,10.5162,-0.0096,-0.0141,9.8066,0.0438,-0.0583,0.0249,9.63,-33.12,19.5,51.32,-81.38,-165.58
52.429756,-1.537445,175.64,7.2,3,149.84,20 / 20,1139410,2019-09-06 19:39:05:153,-0.2814,-0.835,10.0743,-0.008,-0.0051,9.8066,-0.0286,-0.0542,-0.0074,9.81,-33.25,19.81,51.42,-81.35,-165.53
52.429756,-1.537445,175.64,7.2,3,149.84,20 / 20,1139509,2019-09-06 19:39:05:252,0.6997,-0.3463,9.4196,-0.014,-0.0179,9.8066,-0.15,-0.0163,-0.0299,11.06,-33.37,20.31,53.72,-81.22,-165.74
52.429756,-1.537445,175.64,7.2,3,149.84,20 / 20,1139610,2019-09-06 19:39:05:353,-0.2315,-0.1669,9.7808,0.0098,0.0292,9.8066,0.1529,-0.0532,0.0019,10.81,-33.81,19.81,54.07,-81.13,-165.88
52.429756,-1.537445,175.64,7.2,3,149.84,20 / 20,1139709,2019-09-06 19:39:05:452,-0.5344,-0.4056,9.7274,0.0265,0.0239,9.8065,0.104,-0.0418,-0.0019,11.38,-33.12,19.5,54.3,-80.98,-165.54
52.429756,-1.537445,175.64,7.2,3,149.84,20 / 20,1139810,2019-09-06 19:39:05:553,-0.9064,-0.9724,10.2827,0.0191,0.0236,9.8065,-0.0479,-0.0097,-0.0343,11.06,-33.75,20.44,54.35,-81.12,-165.64
52.429756,-1.537445,175.64,7.2,3,149.84,20 / 20,1139910,2019-09-06 19:39:05:653,-0.8928,-0.8444,10.2653,-0.0038,-0.0101,9.8066,0.0714,-0.0218,-0.0241,11.44,-33.56,20.13,54.03,-80.99,-166.09
52.429756,-1.537445,175.64,7.2,3,149.84,20 / 20,1140010,2019-09-06 19:39:05:753,-0.2716,-0.8934,10.4512,-0.0087,-0.015,9.8065,-0.1144,-0.0069,-0.0364,10.88,-33.19,20.19,53.35,-81.03,-166.31
52.429756,-1.537445,175.64,7.2,3,149.84,20 / 20,1140109,2019-09-06 19:39:05:852,-0.2226,-0.4595,9.3102,-0.008,-0.0206,9.8066,-0.0282,-0.0228,0.0094,11.38,-32.75,19.31,54.5,-80.94,-167.1
52.429756,-1.537445,175.64,7.2,3,149.84,20 / 20,1140210,2019-09-06 19:39:05:953,-0.9689,-0.2412,9.5558,-0.0246,-0.0222,9.8065,0.0117,0.03,-0.0578,10.56,-32.81,19,54.62,-80.85,-167.13
52.429756,-1.537445,175.64,7.2,3,149.84,20 / 20,1140310,2019-09-06 19:39:06:053,0.4361,0.2642,9.9821,0.0141,0.0087,9.8066,0.0523,-0.0302,0.0541,10.69,-33.62,19.13,54.5,-80.82,-167.62
52.42937,-1.537461,174.47,7.16,3,241.3,21 / 21,1140410,2019-09-06 19:39:06:153,-1.1509,-0.8401,9.7839,-0.0068,-0.0116,9.8066,-0.0994,-0.0047,-0.0458,10,-32.81,19.69,49.48,-80.81,-167.86
52.42937,-1.537461,174.47,7.16,3,241.3,21 / 21,1140510,2019-09-06 19:39:06:253,-0.3198,-0.6659,9.7369,-0.0112,-0.0164,9.8066,-0.0109,-0.0012,0.021,9.94,-33.12,20,48.96,-80.76,-168.35
52.42937,-1.537461,174.47,7.16,3,241.3,21 / 21,1140610,2019-09-06 19:39:06:353,0.5232,-0.3372,9.3454,-0.0187,-0.0232,9.8066,0.041,0.0033,0.0132,10.06,-33.37,19.38,51.02,-80.67,-168.38
52.42937,-1.537461,174.47,7.16,3,241.3,21 / 21,1140709,2019-09-06 19:39:06:452,0.948,-0.1381,10.1276,0.0068,0.0091,9.8066,0.0402,0.0715,-0.0155,10.56,-33.19,19.94,51.48,-80.65,-168.38
52.42937,-1.537461,174.47,7.16,3,241.3,21 / 21,1140809,2019-09-06 19:39:06:552,-0.3489,-0.4629,10.1341,0.0169,0.0152,9.8066,0.0834,-0.0376,0.0177,11.25,-34,20,51.37,-80.72,-168.71
52.42937,-1.537461,174.47,7.16,3,241.3,21 / 21,1140909,2019-09-06 19:39:06:652,-0.0782,0.2758,9.7472,0.0015,-0.0009,9.8066,0.0265,-0.0052,-0.0201,11.13,-33,19.44,53.45,-80.61,-168.45
52.42937,-1.537461,174.47,7.16,3,241.3,21 / 21,1141010,2019-09-06 19:39:06:753,0.4877,-1.4427,9.1687,0.013,0.0108,9.8065,-0.1469,0.0054,0.0398,11.63,-33.75,19.56,53.83,-80.69,-168.57
52.42937,-1.537461,174.47,7.16,3,241.3,21 / 21,1141110,2019-09-06 19:39:06:853,-0.0307,-0.0006,10.0731,-0.0439,-0.0387,9.8065,-0.1258,-0.0662,0.001,11.19,-33.75,19.63,52.48,-80.42,-168.16
52.42937,-1.537461,174.47,7.16,3,241.3,21 / 21,1141210,2019-09-06 19:39:06:953,0.4249,-0.633,9.99,-0.0267,-0.0292,9.8065,-0.0133,0.0059,-0.0067,11.69,-34.19,19.63,55.13,-80.47,-167.75
52.42937,-1.537461,174.47,7.16,3,241.3,21 / 21,1141309,2019-09-06 19:39:07:052,0.7796,-0.6363,9.4247,0.0116,0.0118,9.8066,-0.0302,0.0437,0.0127,11.81,-33.19,20.19,54.21,-80.69,-167.9
52.42937,-1.537461,174.47,7.16,3,241.3,21 / 21,1141410,2019-09-06 19:39:07:153,-0.6274,-0.4309,9.9306,-0.01,0.0009,9.8066,0.0376,-0.0051,-0.0486,11.19,-32.94,20.44,52.14,-80.58,-167.91
52.42937,-1.537461,174.47,7.16,3,241.3,21 / 21,1141510,2019-09-06 19:39:07:253,-0.3796,-1.1358,10.0758,0.004,0.0009,9.8066,0.1214,0.0436,-0.0168,10.56,-32.25,20.56,49.85,-80.55,-168.01
52.42937,-1.537461,174.47,7.16,3,241.3,21 / 21,1141610,2019-09-06 19:39:07:353,0.023,-1.5261,10.2143,-0.0002,-0.0174,9.8066,-0.1937,0.0118,0.001,9.06,-31.62,21.25,44.66,-80.64,-168.2
52.42937,-1.537461,174.47,7.16,3,241.3,21 / 21,1141710,2019-09-06 19:39:07:453,0.2956,0.2247,9.7581,-0.0107,-0.0195,9.8066,-0.1712,0.0082,-0.0077,9.56,-31.56,20.44,48.09,-80.6,-168.95
52.42937,-1.537461,174.47,7.16,3,241.3,21 / 21,1141810,2019-09-06 19:39:07:553,1.7183,-0.3392,9.7337,-0.0137,-0.0313,9.8065,0.1199,-0.0404,0.0477,9.5,-33.06,19.44,50.03,-80.56,-169.35
52.42937,-1.537461,174.47,7.16,3,241.3,21 / 21,1141910,2019-09-06 19:39:07:653,0.1362,-1.5498,9.6362,-0.0061,-0.0087,9.8066,0.0525,-0.0309,-0.0105,9.69,-32.69,19.69,47.68,-80.51,-169.72
52.42937,-1.537461,174.47,7.16,3,241.3,21 / 21,1142009,2019-09-06 19:39:07:752,-0.5765,-0.0348,10.1088,-0.0133,-0.0191,9.8065,0.019,-0.0514,0.0205,9.88,-33.19,20.56,46.02,-80.39,-169.73
52.42937,-1.537461,174.47,7.16,3,241.3,21 / 21,1142109,2019-09-06 19:39:07:852,0.516,-0.603,9.5969,0.0112,0.0108,9.8065,-0.0254,0.0197,-0.0004,10.31,-33.37,19.81,47.95,-80.39,-169.64
52.42937,-1.537461,174.47,7.16,3,241.3,21 / 21,1142209,2019-09-06 19:39:07:952,0.3526,-0.0498,10.0315,0.004,-0.0018,9.8066,0.0533,0.0428,0.0082,11.13,-33.12,19.69,50.13,-80.47,-169.75
52.42937,-1.537461,174.47,7.16,3,241.3,21 / 21,1142310,2019-09-06 19:39:08:053,1.529,-0.9804,9.5508,-0.0201,-0.0167,9.8065,-0.0342,0.0852,-0.0323,10.56,-33.75,20.13,50.83,-80.21,-169.81
52.42937,-1.537461,174.47,7.16,3,241.3,20 / 20,1142410,2019-09-06 19:39:08:153,-0.6661,0.2363,9.842,-0.0249,-0.009,9.8066,-0.0558,0.052,-0.0712,10.63,-33.31,20.56,49.37,-80.14,-169.21
52.42937,-1.537461,174.47,7.16,3,241.3,20 / 20,1142509,2019-09-06 19:39:08:252,0.4296,0.2108,10.1492,-0.0025,-0.0115,9.8066,-0.0551,-0.0491,0.0613,10.94,-33.87,20.31,51.81,-80.12,-169.12
52.42937,-1.537461,174.47,7.16,3,241.3,20 / 20,1142610,2019-09-06 19:39:08:353,0.9301,0.4952,9.5959,-0.0086,-0.0069,9.8066,-0.0034,-0.0116,-0.0017,10.5,-33.81,20.63,49.91,-80.07,-169.16
52.42937,-1.537461,174.47,7.16,3,241.3,20 / 20,1142710,2019-09-06 19:39:08:453,1.0034,0.0512,9.7705,-0.0017,-0.0038,9.8066,-0.0539,-0.0618,-0.0264,10.88,-33.94,19.5,51.81,-80.09,-169.16
52.42937,-1.537461,174.47,7.16,3,241.3,20 / 20,1142809,2019-09-06 19:39:08:552,0.8361,0.3272,9.569,-0.0159,-0.0138,9.8066,0.0725,0.0145,0.0185,10.81,-33,20.38,51.84,-79.94,-168.97
52.42937,-1.537461,174.47,7.16,3,241.3,20 / 20,1142909,2019-09-06 19:39:08:652,-0.3649,-0.2412,9.6773,-0.0021,0.0067,9.8066,0.0332,-0.01,0.0431,10.44,-33.12,19.69,49.9,-79.81,-168.74
52.42937,-1.537461,174.47,7.16,3,241.3,20 / 20,1143010,2019-09-06 19:39:08:753,1.3463,0.4216,9.9604,-0.0058,0.0039,9.8066,0.0523,-0.0597,0.0668,10.56,-32.5,20.19,52.76,-79.72,-168.11
52.42937,-1.537461,174.47,7.16,3,241.3,20 / 20,1143109,2019-09-06 19:39:08:852,0.2377,0.2171,9.5991,-0.002,0.0117,9.8066,-0.0285,0.0381,-0.0336,10.56,-32.31,19.75,53.34,-79.69,-167.66
52.42937,-1.537461,174.47,7.16,3,241.3,20 / 20,1143210,2019-09-06 19:39:08:953,0.3679,0.1697,10.0531,0.0055,0.0094,9.8066,0.0685,0.0628,-0.0047,10.44,-31.5,20,51.06,-79.75,-167.13
52.42937,-1.537461,174.47,7.16,3,241.3,20 / 20,1143309,2019-09-06 19:39:09:052,0.2268,-0.0596,10.4455,-0.0085,-0.0083,9.8066,0.1199,-0.035,0.032,11,-32.12,20,54.41,-79.65,-166.79
52.42937,-1.537461,174.47,7.16,3,241.3,20 / 20,1143409,2019-09-06 19:39:09:152,0.4013,-0.2357,10.8027,-0.0025,0.0017,9.8066,-0.1125,0.0199,-0.0574,11.06,-31.44,19.75,54.34,-79.59,-166.55
52.42937,-1.537461,174.47,7.16,3,241.3,20 / 20,1143510,2019-09-06 19:39:09:253,0.3019,0.6202,9.8306,-0.0069,-0.033,9.8066,0.0778,-0.0228,-0.0051,11.44,-32.62,19.63,53.37,-79.3,-168.51
52.42937,-1.537461,174.47,7.16,3,241.3,20 / 20,1143609,2019-09-06 19:39:09:352,-1.7732,-0.2715,11.6644,-0.0025,0.0057,9.8066,-0.018,0.0054,0.0278,11.31,-32.81,20.75,51.5,-79.19,-168.56
52.42937,-1.537461,174.47,7.16,3,241.3,20 / 20,1143709,2019-09-06 19:39:09:452,-2.105,-1.213,9.7965,-0.0436,-0.0299,9.8065,0.0353,0.0875,-0.08,11.19,-34.12,20.69,53.27,-79.21,-167.43
52.42937,-1.537461,174.47,7.16,3,241.3,20 / 20,1143809,2019-09-06 19:39:09:552,-0.6282,0.6091,10.2192,0.0159,0.0054,9.8066,0.0888,0.0211,0.0713,10.94,-34.12,20.38,55.47,-79.44,-166.95
52.42937,-1.537461,174.47,7.16,3,241.3,20 / 20,1143909,2019-09-06 19:39:09:652,2.2736,0.1741,8.7498,-0.0337,-0.0325,9.8065,-0.425,0.2308,-0.0228,10.56,-34.06,19.69,56.02,-79.82,-165.96
52.42937,-1.537461,174.47,7.16,3,241.3,20 / 20,1144010,2019-09-06 19:39:09:753,-0.2824,1.1726,9.9603,-0.0702,-0.0886,9.8059,-0.1087,-0.0205,0.1215,10.5,-33.56,19.31,57.47,-79.99,-166.25
52.42937,-1.537461,174.47,7.16,3,241.3,20 / 20,1144109,2019-09-06 19:39:09:852,0.8846,1.0405,9.5917,0.0173,0.0123,9.8066,-0.0616,-0.0201,0.015,10.25,-33.56,19.38,55.54,-79.97,-165.91
52.42937,-1.537461,174.47,7.16,3,241.3,20 / 20,1144210,2019-09-06 19:39:09:953,0.3834,0.5576,9.8578,0.0064,0.0023,9.8066,-0.1335,-0.0049,-0.0016,10.31,-33.75,20.5,50.99,-79.7,-166.76
52.42937,-1.537461,174.47,7.16,3,241.3,20 / 20,1144311,2019-09-06 19:39:10:054,0.7995,0.5295,10.1438,0.0258,0.0153,9.8066,0.1442,-0.0327,0.0053,10.69,-34.62,19.69,55.25,-79.66,-167.21
52.42937,-1.537461,174.47,7.16,3,241.3,21 / 21,1144409,2019-09-06 19:39:10:152,0.9776,0.881,10.1418,0.0286,0.0261,9.8065,-0.1739,0.0524,-0.0315,10.81,-33.56,20.44,53.93,-80,-167.49
52.42937,-1.537461,174.47,7.16,3,241.3,21 / 21,1144510,2019-09-06 19:39:10:253,1.6071,0.7699,9.3157,-0.0256,-0.0348,9.8065,-0.1842,0.0047,-0.0093,10.75,-33.75,19.69,53.4,-79.72,-168.31
52.42937,-1.537461,174.47,7.16,3,241.3,21 / 21,1144610,2019-09-06 19:39:10:353,0.9372,0.7271,9.4675,-0.0241,-0.034,9.8065,0.0694,-0.0014,-0.0215,10.75,-33.44,20.81,50.89,-79.57,-168.61
52.42937,-1.537461,174.47,7.16,3,241.3,21 / 21,1144710,2019-09-06 19:39:10:453,0.6692,0.2813,10.2705,0.0137,0.0121,9.8065,0.0461,0.0014,0.0007,11.44,-34.12,19.63,52.89,-79.64,-168.84
52.42937,-1.537461,174.47,7.16,3,241.3,21 / 21,1144811,2019-09-06 19:39:10:554,0.5444,0.8839,10.3655,-0.0042,-0.0063,9.8066,0.0375,0.0401,-0.0396,11.19,-34,20.81,50.62,-79.63,-169.11
52.42937,-1.537461,174.47,7.16,3,241.3,21 / 21,1144909,2019-09-06 19:39:10:652,1.7312,0.3293,9.8437,0.0139,-0.0009,9.8066,0.0997,-0.0032,0.009,10.88,-34.06,19.75,52.22,-79.57,-169.49
52.42937,-1.537461,174.47,7.16,3,241.3,21 / 21,1145010,2019-09-06 19:39:10:753,0.9117,0.0625,9.9143,-0.0019,0.0069,9.8066,0.0768,0.0019,-0.0504,10.5,-33.94,20.38,52.11,-79.58,-169.56
52.42937,-1.537461,174.47,7.16,3,241.3,21 / 21,1145109,2019-09-06 19:39:10:852,0.8243,0.4838,9.9123,0.0016,0.0033,9.8066,-0.0196,0.0003,-0.0067,10.5,-33.69,19.88,52.06,-79.53,-169.68
52.42937,-1.537461,174.47,7.16,3,241.3,21 / 21,1145209,2019-09-06 19:39:10:952,1.1188,0.0455,9.8075,0.0072,0.0065,9.8066,-0.013,-0.0119,0.0332,10.19,-34.06,20.44,49.39,-79.55,-169.86
52.42937,-1.537461,174.47,7.16,3,241.3,21 / 21,1145310,2019-09-06 19:39:11:053,1.2425,0.8278,9.8446,0.0019,0.0034,9.8066,0.0146,0.0158,-0.0577,10.5,-33.31,20.63,49.36,-79.52,-169.95
52.42937,-1.537461,174.47,7.16,3,241.3,20 / 20,1145410,2019-09-06 19:39:11:153,1.8372,0.2623,9.673,-0.0039,-0.0024,9.8065,0.0321,-0.0234,0.0524,10.5,-33.12,20.38,51.58,-79.49,-169.76
52.42937,-1.537461,174.47,7.16,3,241.3,20 / 20,1145509,2019-09-06 19:39:11:252,1.147,0.8906,9.7111,0.0074,0.0144,9.8066,0.0466,0.0026,0.0257,10.38,-33,20.5,47.6,-79.58,-169.37
52.42937,-1.537461,174.47,7.16,3,241.3,20 / 20,1145610,2019-09-06 19:39:11:353,1.5143,0.5652,10.013,0.0179,0.0192,9.8066,0.0087,-0.012,-0.0249,10.38,-32.62,20.44,49.5,-79.65,-169.28
52.42937,-1.537461,174.47,7.16,3,241.3,20 / 20,1145709,2019-09-06 19:39:11:452,1.1838,1.0044,9.9877,0.008,0.0067,9.8066,0.0215,-0.0143,-0.0117,11,-31.19,19.69,51.36,-79.61,-169.06
52.42937,-1.537461,174.47,7.16,3,241.3,20 / 20,1145809,2019-09-06 19:39:11:552,0.9696,0.6921,9.9161,0.0083,0.0138,9.8066,-0.0767,0.0126,-0.0199,11.5,-31.25,20.25,53.63,-79.66,-168.98
52.42937,-1.537461,174.47,7.16,3,241.3,20 / 20,1145909,2019-09-06 19:39:11:652,1.3644,0.4155,9.857,-0.0144,-0.0183,9.8065,-0.0399,0.037,-0.0198,12,-31.56,19.5,53.66,-79.69,-169.28
52.42937,-1.537461,174.47,7.16,3,241.3,20 / 20,1146010,2019-09-06 19:39:11:753,1.9458,0.7104,9.774,-0.0001,-0.0047,9.8065,0.0055,0.0005,0.0504,11.44,-31.06,19.38,52.79,-79.61,-169.57
52.42937,-1.537461,174.47,7.16,3,241.3,20 / 20,1146109,2019-09-06 19:39:11:852,1.2548,0.2452,9.8608,-0.0051,-0.0055,9.8066,-0.0527,0.021,-0.0377,11.38,-31.31,18.5,52.86,-79.64,-169.47
52.42937,-1.537461,174.47,7.16,3,241.3,20 / 20,1146209,2019-09-06 19:39:11:952,1.889,1.2935,9.9257,0.0007,-0.0014,9.8066,0.0833,0.013,0.0257,11.88,-30.44,18.25,56.72,-79.7,-169.51
52.42937,-1.537461,174.47,7.16,3,241.3,20 / 20,1146310,2019-09-06 19:39:12:053,1.2776,0.6,10.0117,0.0026,0.0015,9.8066,0.0276,0.0113,0.0123,12.44,-29.75,20.13,52.29,-79.76,-169.64
52.42937,-1.537461,174.47,7.16,3,241.3,21 / 21,1146409,2019-09-06 19:39:12:152,1.0993,0.715,9.711,-0.0022,0.0019,9.8066,-0.006,-0.006,0.001,12.69,-29.12,19.88,54.19,-79.75,-169.49
52.42937,-1.537461,174.47,7.16,3,241.3,21 / 21,1146510,2019-09-06 19:39:12:253,1.4205,1.0662,9.7855,0.002,0.0062,9.8066,0.0145,-0.011,-0.0079,12.25,-30.75,20.56,51.21,-79.72,-169.36
52.42937,-1.537461,174.47,7.16,3,241.3,21 / 21,1146609,2019-09-06 19:39:12:352,1.0571,0.6429,9.875,0.0082,0.0122,9.8066,0.016,-0.0249,0.0068,11.75,-31.25,20.56,51.49,-79.75,-169.09
52.42937,-1.537461,174.47,7.16,3,241.3,21 / 21,1146709,2019-09-06 19:39:12:452,1.0181,0.9611,10.2344,-0.0058,-0.008,9.8066,-0.0219,-0.0106,0.0053,11.19,-32.25,20.94,49.84,-79.71,-168.98
52.42937,-1.537461,174.47,7.16,3,241.3,21 / 21,1146809,2019-09-06 19:39:12:552,1.3645,1.045,9.9458,0.0024,0.0048,9.8066,-0.0145,0.0111,0.0224,10.5,-32.81,21.69,48.54,-79.82,-168.81
52.42937,-1.537461,174.47,7.16,3,241.3,21 / 21,1146909,2019-09-06 19:39:12:652,1.3152,0.9801,9.5584,-0.0005,0.0099,9.8066,0.0252,0.0211,-0.0217,9.94,-32.81,21.75,46.94,-79.84,-168.18
52.42937,-1.537461,174.47,7.16,3,241.3,21 / 21,1147010,2019-09-06 19:39:12:753,1.1604,0.865,10.1116,-0.0031,0.0024,9.8066,-0.0495,-0.0116,0.0317,9.63,-33.37,20.75,48.87,-79.78,-168.08
52.42937,-1.537461,174.47,7.16,3,241.3,21 / 21,1147110,2019-09-06 19:39:12:853,0.7198,1.5001,9.6418,-0.0169,-0.0098,9.8066,-0.0372,-0.026,0.0582,9.5,-33.19,20.88,48.74,-79.81,-168.15
52.42937,-1.537461,174.47,7.16,3,241.3,21 / 21,1147209,2019-09-06 19:39:12:952,0.5028,1.9517,9.5878,-0.0136,-0.0077,9.8066,0.0594,-0.0162,-0.0244,9.44,-33.56,20.88,47.57,-79.66,-167.57
52.42937,-1.537461,174.47,7.16,3,241.3,21 / 21,1147309,2019-09-06 19:39:13:052,0.8674,1.5304,9.7595,0.0085,0.0171,9.8066,0.053,-0.0297,0.0198,9.94,-33.37,20.31,51.81,-79.72,-167.27
52.42937,-1.537461,174.47,7.16,3,241.3,20 / 20,1147409,2019-09-06 19:39:13:152,0.709,1.1361,10.1758,0.0106,0.0182,9.8066,-0.0676,-0.0476,0.0129,9.94,-34.06,20.63,50.55,-79.72,-167.1
52.42937,-1.537461,174.47,7.16,3,241.3,20 / 20,1147509,2019-09-06 19:39:13:252,0.2873,1.6536,9.9625,-0.01,-0.0156,9.8066,-0.0492,-0.106,0.0503,9.75,-33.75,19.81,52.6,-79.59,-167.16
52.42937,-1.537461,174.47,7.16,3,241.3,20 / 20,1147610,2019-09-06 19:39:13:353,0.2835,1.5057,9.7909,0.0155,0.0154,9.8066,-0.0025,-0.0645,-0.0358,10.19,-33.87,19.75,52.64,-79.57,-167.16
52.42937,-1.537461,174.47,7.16,3,241.3,20 / 20,1147709,2019-09-06 19:39:13:452,0.5102,1.849,10.1085,0.0194,0.0093,9.8066,0.039,-0.1251,0.0137,10.25,-33.81,19,54.34,-79.57,-167.49
52.42937,-1.537461,174.47,7.16,3,241.3,20 / 20,1147810,2019-09-06 19:39:13:553,0.5101,0.6751,9.9427,0.0163,0.0091,9.8066,-0.0359,-0.0789,0.0016,10.19,-33.87,18.5,53.55,-79.67,-168
52.42937,-1.537461,174.47,7.16,3,241.3,20 / 20,1147910,2019-09-06 19:39:13:653,0.8113,1.4539,10.2103,-0.0087,-0.0215,9.8065,0.0637,-0.0727,-0.0057,11.06,-33.31,19,54.48,-79.58,-168.97
52.42937,-1.537461,174.47,7.16,3,241.3,20 / 20,1148009,2019-09-06 19:39:13:752,0.8221,1.3589,10.0775,0.0034,-0.0049,9.8066,-0.0486,-0.1115,-0.0061,10.63,-34.06,18.56,53.99,-79.66,-169.66
52.42937,-1.537461,174.47,7.16,3,241.3,20 / 20,1148109,2019-09-06 19:39:13:852,1.2395,1.8136,9.7808,-0.0024,-0.015,9.8066,-0.1021,-0.0792,-0.0215,11.81,-33.25,18.63,55.15,-79.71,-170.14
52.42937,-1.537461,174.47,7.16,3,241.3,20 / 20,1148209,2019-09-06 19:39:13:952,1.3884,2.0969,9.4775,0.0026,-0.0227,9.8066,-0.0714,-0.0946,-0.0083,12.19,-33.44,19.13,53.67,-79.7,-171.4
52.42937,-1.537461,174.47,7.16,3,241.3,20 / 20,1148309,2019-09-06 19:39:14:052,2.0368,1.3515,9.6704,0.0359,0.0032,9.8065,0.0641,-0.0721,-0.0273,12.63,-33.56,18.75,53.92,-79.9,-173.09
52.42937,-1.537461,174.47,7.16,3,241.3,21 / 21,1148410,2019-09-06 19:39:14:153,1.2775,1.349,9.4886,0.0028,-0.0208,9.8066,-0.013,-0.0228,-0.0402,12.94,-33.31,18.38,54.73,-79.86,-174
52.42937,-1.537461,174.47,7.16,3,241.3,21 / 21,1148509,2019-09-06 19:39:14:252,1.8306,1.8363,9.6285,0.0037,-0.015,9.8066,-0.0185,-0.0509,0.0039,12.63,-33.75,19.31,51.08,-79.8,-175.6
52.42937,-1.537461,174.47,7.16,3,241.3,21 / 21,1148610,2019-09-06 19:39:14:353,1.9182,1.4013,9.8469,0.0024,-0.0027,9.8066,0.0266,-0.0431,-0.0082,12.44,-34.12,19.25,48.21,-79.79,-176.15
52.42937,-1.537461,174.47,7.16,3,241.3,21 / 21,1148710,2019-09-06 19:39:14:453,1.4486,1.0898,9.6533,-0.0026,0.0004,9.8066,0.029,-0.0283,0.0238,12.63,-33.5,19.31,49.78,-79.76,-176.39
52.42937,-1.537461,174.47,7.16,3,241.3,21 / 21,1148810,2019-09-06 19:39:14:553,1.4504,2.0739,9.7488,-0.0086,0.0049,9.8066,0.0359,-0.0471,0.01,12.19,-33.56,19.81,46.65,-79.75,-175.74
52.42937,-1.537461,174.47,7.16,3,241.3,21 / 21,1148910,2019-09-06 19:39:14:653,1.5484,1.9014,10.0232,0.0038,0.0038,9.8066,0.0015,-0.0448,0.0133,11.88,-35,19.81,46.93,-79.83,-175.74
52.42937,-1.537461,174.47,7.16,3,241.3,21 / 21,1149009,2019-09-06 19:39:14:752,0.9115,1.5074,9.6214,0.0008,0.0034,9.8066,0.0244,-0.0394,0.0138,11.81,-34.44,19.56,46.61,-79.8,-175.71
52.42937,-1.537461,174.47,7.16,3,241.3,21 / 21,1149110,2019-09-06 19:39:14:853,1.2882,1.2745,9.5731,0.0031,0.0048,9.8066,0.0213,-0.0516,0.0219,10.88,-34.25,19.38,46.36,-79.86,-175.64
52.42937,-1.537461,174.47,7.16,3,241.3,21 / 21,1149210,2019-09-06 19:39:14:953,1.6041,1.4968,9.8914,0.004,0.0059,9.8065,-0.0262,-0.0209,0.0008,11.63,-34.37,20.19,46.7,-79.95,-175.47
52.42937,-1.537461,174.47,7.16,3,241.3,21 / 21,1149309,2019-09-06 19:39:15:052,1.3237,1.4504,9.7894,0.0032,-0.0006,9.8066,0.0096,-0.0272,0.0103,11.69,-34,19,48.24,-80.08,-175.76
52.429054,-1.538433,175.14,4.98,3,247.07,20 / 20,1149410,2019-09-06 19:39:15:153,1.4035,1.1556,9.7796,0.0002,-0.0003,9.8066,-0.0225,-0.0322,0.0022,11.81,-33.87,18.63,48.21,-80.12,-175.75
52.429054,-1.538433,175.14,4.98,3,247.07,20 / 20,1149509,2019-09-06 19:39:15:252,1.4302,0.8249,9.9011,0.0093,0.0059,9.8066,-0.0077,-0.0184,-0.0077,12,-33.75,18.44,50.11,-80.28,-175.84
52.429054,-1.538433,175.14,4.98,3,247.07,20 / 20,1149610,2019-09-06 19:39:15:353,1.1943,0.7671,9.6842,0.008,0.0091,9.8066,0.0485,0.0084,-0.0058,11.63,-33.62,19.63,45.65,-80.38,-175.82
52.429054,-1.538433,175.14,4.98,3,247.07,20 / 20,1149709,2019-09-06 19:39:15:452,1.1592,0.5266,9.6637,-0.0043,-0.0023,9.8066,0.0031,0.0265,0.0107,12,-34.06,18.5,47.59,-80.42,-175.88
52.429054,-1.538433,175.14,4.98,3,247.07,20 / 20,1149809,2019-09-06 19:39:15:552,0.6462,0.3145,9.7375,-0.0038,0.0079,9.8066,0.0471,-0.0029,0.0261,11.44,-34.31,18.56,45.91,-80.4,-175.33
52.429054,-1.538433,175.14,4.98,3,247.07,20 / 20,1149910,2019-09-06 19:39:15:653,0.3299,0.5882,9.9349,-0.0122,0.0056,9.8066,0,0.0048,0.0061,10.94,-33.56,18.38,49.44,-80.31,-174.4
52.429054,-1.538433,175.14,4.98,3,247.07,20 / 20,1150009,2019-09-06 19:39:15:752,0.6191,0.416,9.7466,0,0.0085,9.8066,0.0158,0.0029,0.0235,11,-33.44,19.19,47.31,-80.33,-173.95
52.429054,-1.538433,175.14,4.98,3,247.07,20 / 20,1150109,2019-09-06 19:39:15:852,0.1548,0.6988,10.0452,-0.0111,-0.0065,9.8066,-0.0226,-0.0101,0.0034,10.31,-33.5,19.25,45.61,-80.28,-173.33
52.429054,-1.538433,175.14,4.98,3,247.07,20 / 20,1150209,2019-09-06 19:39:15:952,0.0242,0.4191,9.6641,-0.0005,-0.0028,9.8066,-0.0182,-0.0302,0.017,10.44,-33.5,19.31,45.39,-80.38,-173.39
52.429054,-1.538433,175.14,4.98,3,247.07,20 / 20,1150309,2019-09-06 19:39:16:052,-0.4796,0.893,9.9398,-0.0074,0.0128,9.8066,-0.0098,-0.0846,0.0344,10.19,-32.94,19.25,46.03,-80.41,-172.82
52.429054,-1.538433,175.14,4.98,3,247.07,20 / 20,1150410,2019-09-06 19:39:16:153,-0.3381,1.0467,10.0179,0.0095,0.0141,9.8066,-0.0075,-0.1313,0.0167,9.63,-32.12,19.88,44.67,-80.53,-171.88
52.429054,-1.538433,175.14,4.98,3,247.07,20 / 20,1150509,2019-09-06 19:39:16:252,-0.0421,1.3336,9.9692,-0.0068,0.0023,9.8066,0.0121,-0.1682,0.0656,10.44,-33.19,19.88,45.64,-80.54,-171.38
52.429054,-1.538433,175.14,4.98,3,247.07,20 / 20,1150610,2019-09-06 19:39:16:353,-0.4972,1.1494,9.4546,0.0011,-0.0025,9.8066,-0.0006,-0.163,0.0125,10.44,-33.12,19.31,47.83,-80.54,-171.19
52.429054,-1.538433,175.14,4.98,3,247.07,20 / 20,1150709,2019-09-06 19:39:16:452,-1.1172,0.775,9.592,0.0131,0.0099,9.8066,-0.0476,-0.1965,0.0234,10.69,-33.5,18.81,49.46,-80.69,-171.72
52.429054,-1.538433,175.14,4.98,3,247.07,20 / 20,1150809,2019-09-06 19:39:16:552,-0.2705,0.9384,9.4544,0.0195,0.0066,9.8066,-0.0355,-0.2513,0.0309,11.13,-33.06,18.44,50.95,-80.78,-172.16
52.429054,-1.538433,175.14,4.98,3,247.07,20 / 20,1150909,2019-09-06 19:39:16:652,0.0803,1.158,9.9294,-0.0049,-0.0049,9.8065,0.044,-0.3006,0.0371,11.75,-32.87,17.63,52.19,-80.98,-172.83
52.429054,-1.538433,175.14,4.98,3,247.07,20 / 20,1151009,2019-09-06 19:39:16:752,-0.3173,1.4248,9.9982,-0.0058,-0.0043,9.8066,-0.042,-0.296,0.031,11.5,-33.12,17.63,52.35,-80.97,-172.7
52.429054,-1.538433,175.14,4.98,3,247.07,20 / 20,1151110,2019-09-06 19:39:16:853,-0.3917,1.1428,9.9888,0.0178,0.013,9.8065,0.0387,-0.3366,0.0602,11.5,-33.56,15.81,57.46,-81.15,-172.56
52.429054,-1.538433,175.14,4.98,3,247.07,20 / 20,1151209,2019-09-06 19:39:16:952,-0.5034,1.358,10.069,0.0218,0.0019,9.8065,0.0309,-0.2874,-0.0226,12.13,-33.94,15.75,56.43,-81.18,-173.4
52.429054,-1.538433,175.14,4.98,3,247.07,20 / 20,1151325,2019-09-06 19:39:17:068,-0.0234,1.687,9.6857,-0.0154,-0.0101,9.8066,-0.0332,-0.3531,0.0501,12.5,-34.37,15.38,60.27,-81.14,-174.31
52.429054,-1.538433,175.14,4.98,3,247.07,20 / 20,1151409,2019-09-06 19:39:17:152,-0.0756,1.4294,9.6494,-0.0143,-0.0014,9.8066,-0.0063,-0.3466,0.0964,12.25,-34.06,13.88,61.77,-81.12,-173.78
52.429054,-1.538433,175.14,4.98,3,247.07,20 / 20,1151510,2019-09-06 19:39:17:253,0.3278,1.0334,9.284,-0.0242,0.0115,9.8066,0.075,-0.4195,0.1829,11.31,-34.44,13.56,62.02,-80.92,-172.03
52.429054,-1.538433,175.14,4.98,3,247.07,20 / 20,1151609,2019-09-06 19:39:17:352,-1.2299,1.9021,9.513,-0.0298,0.0067,9.8066,-0.0043,-0.4205,0.0618,10.88,-35.06,12.44,71.84,-80.66,-170.5
52.429054,-1.538433,175.14,4.98,3,247.07,20 / 20,1151709,2019-09-06 19:39:17:452,-0.7011,2.4406,10.1082,0.0179,0.0095,9.8066,0.0187,-0.4102,0.0569,11.06,-34.5,11.69,71.82,-80.63,-170.01
52.429054,-1.538433,175.14,4.98,3,247.07,20 / 20,1151810,2019-09-06 19:39:17:553,-0.3981,2.4977,9.867,0.0226,0.0136,9.8065,0.0243,-0.4723,0.0918,10.69,-35.62,11.5,73.14,-80.72,-169.78
52.429054,-1.538433,175.14,4.98,3,247.07,20 / 20,1151910,2019-09-06 19:39:17:653,-0.3052,1.7989,10.6922,-0.0042,-0.0035,9.8065,-0.1502,-0.5252,0.0725,11.06,-35,10.19,79.48,-80.89,-170.17
52.429054,-1.538433,175.14,4.98,3,247.07,20 / 20,1152010,2019-09-06 19:39:17:753,-0.7221,1.2358,9.9246,-0.0086,0.0149,9.8066,0.0611,-0.4681,0.1385,9.5,-35.31,9.25,83.43,-80.85,-169.27
52.429054,-1.538433,175.14,4.98,3,247.07,20 / 20,1152110,2019-09-06 19:39:17:853,-0.7455,2.3741,10.1882,-0.0472,-0.008,9.8065,-0.117,-0.5387,0.0727,9.44,-36.81,8.06,91.84,-80.37,-167.91
52.429054,-1.538433,175.14,4.98,3,247.07,20 / 20,1152209,2019-09-06 19:39:17:952,-1.0984,2.2561,9.9363,-0.0359,-0.006,9.8066,-0.1252,-0.5862,0.106,9.81,-37.06,7.38,97.65,-80.29,-168.19
52.429054,-1.538433,175.14,4.98,3,247.07,20 / 20,1152310,2019-09-06 19:39:18:053,-0.0992,2.3707,9.4352,0.0096,0.0248,9.8066,0.0427,-0.6349,0.1273,9.38,-37.62,6.06,105.44,-80.22,-166.32
52.429054,-1.538433,175.14,4.98,3,247.07,21 / 21,1152409,2019-09-06 19:39:18:152,0.4388,1.9649,8.9172,0.0209,0.0152,9.8066,-0.0099,-0.5998,0.0948,8.5,-37.62,5.38,112.37,-80.16,-164.51
52.429054,-1.538433,175.14,4.98,3,247.07,21 / 21,1152510,2019-09-06 19:39:18:253,-0.3647,3.5578,9.0558,0,0.0096,9.8065,0.0717,-0.628,0.1701,7.56,-36.94,4.94,113.06,-80.01,-163.95
52.429054,-1.538433,175.14,4.98,3,247.07,21 / 21,1152610,2019-09-06 19:39:18:353,1.007,2.8203,10.8749,0.0109,0.007,9.8066,0.0313,-0.6189,0.0275,7.63,-36.62,3.19,125.04,-79.88,-163.01
52.429054,-1.538433,175.14,4.98,3,247.07,21 / 21,1152710,2019-09-06 19:39:18:453,2.2256,3.0773,10.8018,0.0264,-0.0423,9.8064,-0.1128,-0.6367,0.0092,7.56,-37.12,1.94,128.8,-80.12,-164.02
52.429054,-1.538433,175.14,4.98,3,247.07,21 / 21,1152809,2019-09-06 19:39:18:552,0.845,1.4327,9.9356,-0.0313,-0.0295,9.8064,-0.1079,-0.6506,0.0203,7.69,-37.12,2.13,126.65,-80.4,-166.2
52.429054,-1.538433,175.14,4.98,3,247.07,21 / 21,1152909,2019-09-06 19:39:18:652,1.8947,0.9018,9.1429,-0.0122,-0.0026,9.8066,-0.0787,-0.6607,0.1257,6.44,-37.87,-0.94,145.95,-80.51,-168.53
52.429054,-1.538433,175.14,4.98,3,247.07,21 / 21,1153010,2019-09-06 19:39:18:753,2.3872,0.8844,9.2862,0.0049,0.011,9.8066,-0.1456,-0.6458,0.1453,5.31,-37.37,-1.06,149.99,-80.57,-167.59
52.429054,-1.538433,175.14,4.98,3,247.07,21 / 21,1153110,2019-09-06 19:39:18:853,2.6866,1.2532,9.8703,0.0044,0.0278,9.8065,-0.015,-0.6711,0.1063,4.13,-37.06,-2.31,159.04,-80.59,-166.27
52.429054,-1.538433,175.14,4.98,3,247.07,21 / 21,1153214,2019-09-06 19:39:18:957,2.7323,0.2274,10.4257,0.019,-0.0309,9.8065,-0.0231,-0.6467,0.0727,2.69,-37.31,-3.69,169.99,-80.78,-164.91
52.429054,-1.538433,175.14,4.98,3,247.07,21 / 21,1153310,2019-09-06 19:39:19:053,1.9087,0.0714,10.3461,0.0111,-0.0275,9.8066,0.0505,-0.5682,0.0904,2.56,-37.62,-4.31,169.99,-80.81,-165.2
52.429054,-1.538433,175.14,4.98,3,247.07,20 / 20,1153409,2019-09-06 19:39:19:152,0.5432,1.0173,9.8278,-0.0048,-0.0423,9.8065,0.1008,-0.4631,0.0189,1.63,-37.37,-4.94,176.16,-80.85,-166.19
52.429054,-1.538433,175.14,4.98,3,247.07,20 / 20,1153510,2019-09-06 19:39:19:253,0.849,0.8748,9.5751,-0.0096,0.0356,9.8066,-0.0689,-0.4563,0.0624,0.5,-37.12,-4.69,180.51,-80.5,-167.57
52.429054,-1.538433,175.14,4.98,3,247.07,20 / 20,1153609,2019-09-06 19:39:19:352,1.0598,1.2347,10.1903,0.0029,0.0197,9.8066,-0.0033,-0.4398,0.0668,-0.37,-37.37,-5.5,185.7,-80.45,-167.38
52.429054,-1.538433,175.14,4.98,3,247.07,20 / 20,1153709,2019-09-06 19:39:19:452,0.901,0.2741,10.048,-0.0108,0.0181,9.8066,-0.0273,-0.278,0.0181,-0.5,-37.37,-6.25,186.21,-80.46,-167.52
52.429054,-1.538433,175.14,4.98,3,247.07,20 / 20,1153810,2019-09-06 19:39:19:553,-0.3743,0.2605,9.8397,-0.0147,0.0142,9.8066,-0.0036,-0.2764,0.0183,-0.56,-37.37,-6.37,190.3,-80.41,-168.85
52.429054,-1.538433,175.14,4.98,3,247.07,20 / 20,1153910,2019-09-06 19:39:19:653,-0.1848,0.7398,10.2535,-0.0069,-0.0053,9.8066,-0.0052,-0.2099,0.018,-1.37,-38.37,-5.31,189.66,-80.42,-169.76
52.429054,-1.538433,175.14,4.98,3,247.07,20 / 20,1154010,2019-09-06 19:39:19:753,0.0448,0.6193,9.6482,-0.0024,-0.0021,9.8066,0.0042,-0.1536,0.0466,-0.94,-38.19,-6.12,189.45,-80.32,-170.21
52.429054,-1.538433,175.14,4.98,3,247.07,20 / 20,1154109,2019-09-06 19:39:19:852,0.6573,-0.0619,9.7044,0.0039,0.0266,9.8065,0.0213,-0.1309,-0.0278,-1.19,-37.12,-5.69,189.61,-79.96,-169.8
52.429054,-1.538433,175.14,4.98,3,247.07,20 / 20,1154210,2019-09-06 19:39:19:953,0.4288,0.7129,10.1547,-0.0062,0.0064,9.8066,-0.0069,-0.1022,-0.0178,-1.81,-37.94,-6,193.86,-79.93,-170.2
52.429054,-1.538433,175.14,4.98,3,247.07,20 / 20,1154310,2019-09-06 19:39:20:053,-0.2599,0.7558,10.4527,-0.0134,0.0003,9.8066,0.0054,-0.0275,-0.0134,-1.75,-37.56,-5.75,193.4,-79.91,-171.11
52.429054,-1.538433,175.14,4.98,3,247.07,20 / 20,1154409,2019-09-06 19:39:20:152,-1.0134,0.0269,10.1015,-0.0131,-0.009,9.8066,-0.0391,-0.0168,-0.0237,-0.81,-37.56,-6.12,188.21,-79.92,-172.38
52.429054,-1.538433,175.14,4.98,3,247.07,20 / 20,1154510,2019-09-06 19:39:20:253,-0.6147,1.524,10.0131,-0.0034,-0.0068,9.8066,0.0729,0.0147,-0.0249,-0.62,-37.12,-6.25,187.94,-79.99,-173.25
52.429054,-1.538433,175.14,4.98,3,247.07,20 / 20,1154609,2019-09-06 19:39:20:352,0.0492,0.5136,10.0795,0.0046,0.0028,9.8066,0.1216,0.0012,0.0108,-0.87,-37.31,-5.75,187.82,-79.76,-173.3
52.429054,-1.538433,175.14,4.98,3,247.07,20 / 20,1154709,2019-09-06 19:39:20:452,-0.2841,1.4207,10.1818,-0.014,0.0254,9.8065,-0.078,0.0361,-0.0615,-0.31,-37.12,-5.56,182.67,-79.46,-174.35
52.429054,-1.538433,175.14,4.98,3,247.07,20 / 20,1154810,2019-09-06 19:39:20:553,0.013,1.0225,9.9616,-0.006,0.0158,9.8066,-0.0186,-0.0101,-0.016,-0.62,-37.37,-5.12,187.11,-79.37,-174.79
52.429054,-1.538433,175.14,4.98,3,247.07,20 / 20,1154909,2019-09-06 19:39:20:652,-0.9713,0.7486,9.7859,-0.0125,0.0237,9.8066,-0.0531,0.0742,-0.0178,-0.75,-37.12,-5.19,186.82,-79.49,-175.56
52.429054,-1.538433,175.14,4.98,3,247.07,20 / 20,1155010,2019-09-06 19:39:20:753,-0.8638,0.607,9.3979,0.0005,0.0268,9.8066,-0.0764,0.0948,0.0109,-0.12,-37.06,-6.06,181.84,-79.39,-176.09
52.429054,-1.538433,175.14,4.98,3,247.07,20 / 20,1155110,2019-09-06 19:39:20:853,-1.1903,0.978,9.796,-0.0031,-0.0312,9.8065,0.1288,0.0853,-0.0418,0,-37.06,-5.31,181.59,-79.56,-176.3
52.429054,-1.538433,175.14,4.98,3,247.07,20 / 20,1155209,2019-09-06 19:39:20:952,-0.6473,0.3266,10.0702,-0.0016,-0.0247,9.8066,0.0803,0.0755,-0.0607,0.31,-37.06,-5.5,181.45,-79.5,-176.62
52.429054,-1.538433,175.14,4.98,3,247.07,20 / 20,1155310,2019-09-06 19:39:21:053,-0.8987,2.2903,10.4095,-0.0155,0.0085,9.8066,-0.1486,0.104,-0.0438,1.19,-36.94,-5.75,176.57,-79.46,-177.72
52.429054,-1.538433,175.14,4.98,3,247.07,21 / 21,1155410,2019-09-06 19:39:21:153,-1.1455,-0.5045,9.6059,-0.0101,0.0095,9.8066,-0.1015,0.1064,-0.0284,0.94,-36.69,-5.19,175.75,-79.55,-178.46
52.429054,-1.538433,175.14,4.98,3,247.07,21 / 21,1155509,2019-09-06 19:39:21:252,-0.6372,-0.1155,9.7185,0.0108,-0.0042,9.8066,0.0888,0.0846,0.0096,0.81,-36.62,-5.75,176.14,-79.59,-178.59
52.429054,-1.538433,175.14,4.98,3,247.07,21 / 21,1155610,2019-09-06 19:39:21:353,-0.3592,-0.1943,9.4465,-0.0091,0.008,9.8065,0.0743,0.0894,-0.0148,1.19,-36.44,-5.25,175.67,-79.51,-178.52
52.429054,-1.538433,175.14,4.98,3,247.07,21 / 21,1155710,2019-09-06 19:39:21:453,-0.8369,0.0515,10.0247,-0.0056,-0.0073,9.8066,0.0919,0.0436,-0.0441,1.19,-36.44,-5.56,175.81,-79.45,-179.19
52.429054,-1.538433,175.14,4.98,3,247.07,21 / 21,1155810,2019-09-06 19:39:21:553,-1.4495,1.1477,10.6211,-0.0017,-0.0239,9.8065,0.0411,0.115,-0.0435,1.81,-35.69,-5.31,170.36,-79.41,-179.55
52.429054,-1.538433,175.14,4.98,3,247.07,21 / 21,1155910,2019-09-06 19:39:21:653,-0.0206,1.8159,10.0272,-0.0127,0.037,9.8065,-0.1449,0.0558,-0.0576,1.94,-35.06,-6.37,171.27,-79.2,-179.2
52.429054,-1.538433,175.14,4.98,3,247.07,21 / 21,1156009,2019-09-06 19:39:21:752,-1.3162,0.1505,9.4648,-0.011,0.0298,9.8065,-0.0882,0.1161,-0.0567,1.5,-35.06,-6.25,170.97,-79.25,-179.77
52.429054,-1.538433,175.14,4.98,3,247.07,21 / 21,1156109,2019-09-06 19:39:21:852,-0.9261,0.09,9.9806,-0.0022,-0.021,9.8066,0.099,0.0561,-0.0172,1.69,-35.12,-5.62,171.07,-79.26,-179.57
52.429054,-1.538433,175.14,4.98,3,247.07,21 / 21,1156209,2019-09-06 19:39:21:952,-0.6382,0.0056,10.0854,-0.0036,-0.0211,9.8066,0.0493,0.0206,-0.0344,2.19,-34.56,-5.56,170.62,-79.38,179.63
52.429054,-1.538433,175.14,4.98,3,247.07,21 / 21,1156309,2019-09-06 19:39:22:052,-0.8739,0.5437,9.7987,0.0107,-0.0317,9.8065,0.0788,0.0853,-0.0567,2.06,-35.37,-5.12,169.81,-79.51,179.69
52.429054,-1.538433,175.14,4.98,3,247.07,21 / 21,1156409,2019-09-06 19:39:22:152,0.3336,1.3495,9.8709,0.012,-0.0584,9.8065,0.156,-0.0205,0.0468,1.88,-34.75,-4.81,169.71,-79.62,179.6
52.429054,-1.538433,175.14,4.98,3,247.07,21 / 21,1156509,2019-09-06 19:39:22:252,-0.732,0.2555,10.1993,-0.0136,0.0406,9.8064,-0.1684,0.0965,-0.016,1.13,-35.44,-5.62,174.8,-79.46,178.87
52.429054,-1.538433,175.14,4.98,3,247.07,21 / 21,1156610,2019-09-06 19:39:22:353,-0.8206,-0.7691,9.9813,0.0074,0.0352,9.8066,-0.0727,-0.052,0.0782,1.44,-34.94,-4.87,174.6,-79.58,179.29
52.429054,-1.538433,175.14,4.98,3,247.07,21 / 21,1156709,2019-09-06 19:39:22:452,-0.2106,0.1802,9.5837,-0.001,-0.0011,9.8066,0.0323,0.076,-0.0409,1.56,-35.25,-4.5,168.64,-79.66,179.31
52.429054,-1.538433,175.14,4.98,3,247.07,21 / 21,1156810,2019-09-06 19:39:22:553,-0.1445,-0.4164,9.315,-0.0006,0.0312,9.8065,-0.0153,-0.0201,0.0411,3.06,-35.62,-5,165.16,-79.44,179.5
52.429054,-1.538433,175.14,4.98,3,247.07,21 / 21,1156910,2019-09-06 19:39:22:653,-1.4602,-0.0935,9.6347,0.0099,-0.0166,9.8066,0.0509,-0.0478,-0.0152,3.06,-35.94,-5.12,165.15,-79.46,179.52
52.429054,-1.538433,175.14,4.98,3,247.07,21 / 21,1157010,2019-09-06 19:39:22:753,-0.7544,0.0013,10.1061,-0.0007,0.0038,9.8066,0.0311,0.0857,0.0039,3.38,-36.06,-6.37,166.45,-79.35,179.78
52.429054,-1.538433,175.14,4.98,3,247.07,21 / 21,1157110,2019-09-06 19:39:22:853,-0.8222,-0.486,9.8819,0.004,-0.0465,9.8065,0.0502,0.0076,-0.0334,4.13,-36.37,-6.5,161.78,-79.56,179.29
52.429054,-1.538433,175.14,4.98,3,247.07,21 / 21,1157209,2019-09-06 19:39:22:952,-0.0958,-0.5426,10.5292,0.0185,-0.0366,9.8065,0.1473,0.0649,-0.0294,4.38,-36.75,-5.94,161.9,-79.54,179.02
52.429054,-1.538433,175.14,4.98,3,247.07,21 / 21,1157309,2019-09-06 19:39:23:052,-0.3131,0.5232,9.9819,-0.0058,0.0379,9.8065,-0.0461,0.0218,-0.0117,4.44,-36.69,-6.12,162.56,-79.36,-180
52.429054,-1.538433,175.14,4.98,3,247.07,20 / 20,1157409,2019-09-06 19:39:23:152,-1.2117,-0.6664,9.3168,-0.0074,0.0175,9.8066,-0.0409,0.0782,-0.0276,4.44,-37.37,-4.69,161.63,-79.01,-179.76
52.429054,-1.538433,175.14,4.98,3,247.07,20 / 20,1157510,2019-09-06 19:39:23:253,-1.1828,-0.8643,9.39,0.0203,0.0123,9.8066,0.0144,-0.0032,0.0999,4.31,-36.81,-4.31,160.8,-78.78,-178.64
52.429054,-1.538433,175.14,4.98,3,247.07,20 / 20,1157609,2019-09-06 19:39:23:352,0.8605,0.7614,9.8887,0.0265,0.0037,9.8066,-0.068,0.0137,0.0007,3.5,-36.62,-3.87,161.39,-78.89,-177.05
52.429054,-1.538433,175.14,4.98,3,247.07,20 / 20,1157710,2019-09-06 19:39:23:453,-1.184,-0.9598,8.9101,-0.0136,-0.0075,9.8065,-0.0492,-0.0154,0.0232,3.06,-36.69,-4.69,167.07,-79.2,-177.19
52.429054,-1.538433,175.14,4.98,3,247.07,20 / 20,1157809,2019-09-06 19:39:23:552,-0.5577,-0.8325,9.6547,0.0014,-0.0103,9.8066,-0.0537,0.0318,-0.0053,3,-37.19,-4.31,165.37,-79.46,-177.52
52.429054,-1.538433,175.14,4.98,3,247.07,20 / 20,1157909,2019-09-06 19:39:23:652,0.3796,-0.2083,10.3102,0.0002,0.0028,9.8066,-0.0633,0.0543,-0.0198,3.13,-37.12,-4.75,166.87,-79.64,-176.99
52.429054,-1.538433,175.14,4.98,3,247.07,20 / 20,1158010,2019-09-06 19:39:23:753,-0.5266,-1.0581,10.238,-0.0177,0.0061,9.8066,-0.0358,0.0285,-0.0259,3,-36.5,-4.5,165.04,-79.54,-177.58
52.429054,-1.538433,175.14,4.98,3,247.07,20 / 20,1158110,2019-09-06 19:39:23:853,-1.7186,-0.964,9.5645,-0.0151,0.0383,9.8065,0.1029,-0.068,0.0251,3.19,-37.37,-5.12,166.48,-79.11,-178.61
52.429054,-1.538433,175.14,4.98,3,247.07,20 / 20,1158210,2019-09-06 19:39:23:953,-0.8818,0.8995,9.5115,-0.0093,0.0482,9.8064,-0.0317,-0.003,0.0598,2.94,-36.94,-4.62,166.87,-78.67,-178.37
52.429054,-1.538433,175.14,4.98,3,247.07,20 / 20,1158310,2019-09-06 19:39:24:053,-2.155,-2.564,8.4961,0.0153,-0.0099,9.8065,0.2178,0.0877,-0.0579,2.88,-37.75,-3.87,166.28,-78.51,-177.65
52.42932,-1.53885,175.63,8.32,3,332.19,21 / 21,1158409,2019-09-06 19:39:24:152,-1.6755,0.7726,8.6124,0.013,0.0193,9.8066,-0.5004,0.0262,0.0523,3.31,-37.06,-4,165.95,-78.6,-177.73
52.42932,-1.53885,175.63,8.32,3,332.19,21 / 21,1158510,2019-09-06 19:39:24:253,0.4017,-0.945,9.8067,0.0556,-0.0887,9.8061,-0.1662,0.1513,-0.1176,2.94,-36.44,-4.12,166.3,-79.01,-175.59
52.42932,-1.53885,175.63,8.32,3,332.19,21 / 21,1158610,2019-09-06 19:39:24:353,0.3069,0.6877,9.143,-0.0119,0.0269,9.8066,-0.01,-0.0772,0.1004,3.63,-35.94,-4.94,163.43,-78.85,-175.72
52.42932,-1.53885,175.63,8.32,3,332.19,21 / 21,1158710,2019-09-06 19:39:24:453,-0.8641,-1.6796,9.4925,0.0164,-0.0343,9.8066,-0.0507,-0.1233,0.02,3.44,-35.75,-5.12,168.26,-78.86,-174.62
52.42932,-1.53885,175.63,8.32,3,332.19,21 / 21,1158810,2019-09-06 19:39:24:553,-0.5612,-0.4911,9.5867,-0.0054,-0.0027,9.8066,-0.1174,0.0819,-0.052,3.63,-35.56,-5.87,165.59,-78.99,-174.21
52.42932,-1.53885,175.63,8.32,3,332.19,21 / 21,1158910,2019-09-06 19:39:24:653,-0.3297,-0.7326,9.6903,0.0079,0.0095,9.8065,-0.0424,0.0341,0.0579,2.63,-35.69,-6.31,169.73,-79,-174.05
52.42932,-1.53885,175.63,8.32,3,332.19,21 / 21,1159010,2019-09-06 19:39:24:753,0.0826,-0.8692,9.7993,0.0061,0.0273,9.8065,-0.084,0.035,-0.0472,2.5,-36.12,-7.25,171.28,-78.88,-173.3
52.42932,-1.53885,175.63,8.32,3,332.19,21 / 21,1159110,2019-09-06 19:39:24:853,-0.1758,-1.1295,9.5221,-0.0149,0.0271,9.8066,0.0942,0.0697,-0.0759,1.19,-35.69,-6.5,178.5,-78.85,-173.73
52.42932,-1.53885,175.63,8.32,3,332.19,21 / 21,1159211,2019-09-06 19:39:24:954,1.2504,0.0942,9.3252,-0.0048,-0.0514,9.8064,0.1299,-0.1021,0.0799,1,-36.5,-5.44,177.5,-79.08,-174.5
52.42932,-1.53885,175.63,8.32,3,332.19,21 / 21,1159310,2019-09-06 19:39:25:053,-1.2123,-1.389,9.2536,0.0035,-0.0241,9.8066,-0.0564,-0.0586,0.0066,2,-35.87,-4.87,172.76,-79.06,-174.51
52.42932,-1.53885,175.63,8.32,3,332.19,21 / 21,1159410,2019-09-06 19:39:25:153,0.2516,-1.0334,9.2873,-0.0144,-0.0089,9.8066,-0.0065,-0.0135,0.0404,1.38,-36.5,-5.19,177.63,-79.15,-174.17
52.42932,-1.53885,175.63,8.32,3,332.19,21 / 21,1159509,2019-09-06 19:39:25:252,-0.7186,-1.2978,9.8575,0.0166,0.006,9.8066,-0.0412,-0.035,0.0157,1.56,-35.81,-5.31,172.91,-79.32,-173.97
52.42932,-1.53885,175.63,8.32,3,332.19,21 / 21,1159609,2019-09-06 19:39:25:352,0.2782,-1.3342,10.3053,0.0058,0.0186,9.8066,-0.0142,0.03,-0.0204,1.63,-36.06,-4.62,173.22,-79.15,-173.4
52.42932,-1.53885,175.63,8.32,3,332.19,21 / 21,1159710,2019-09-06 19:39:25:453,-0.5659,-1.3213,9.7381,-0.0153,0.0332,9.8065,0.0474,-0.0148,0.0093,2.25,-35.37,-4.94,173.1,-78.93,-173.6
52.42932,-1.53885,175.63,8.32,3,332.19,21 / 21,1159810,2019-09-06 19:39:25:553,0.3352,-1.5396,9.1082,0.0147,-0.0056,9.8066,0.0377,0.0429,-0.0723,1.25,-37.06,-5.44,178.2,-78.8,-172.99
52.42932,-1.53885,175.63,8.32,3,332.19,21 / 21,1159910,2019-09-06 19:39:25:653,0.0601,-0.2089,9.9323,0.0133,-0.0546,9.8064,-0.1852,-0.0886,0.0167,1.13,-36.75,-5.12,178.25,-79.01,-172.82
52.42932,-1.53885,175.63,8.32,3,332.19,21 / 21,1160010,2019-09-06 19:39:25:753,-0.4138,-0.2171,10.314,-0.0276,0.0592,9.8064,-0.1926,0.0036,-0.0116,1.69,-36.19,-5.5,173.47,-79.31,-172.72
52.42932,-1.53885,175.63,8.32,3,332.19,21 / 21,1160110,2019-09-06 19:39:25:853,0.5205,-2.322,9.8482,-0.0023,0.0465,9.8065,0.0523,0.0318,-0.0332,1.19,-36.69,-5.19,178.14,-79.23,-173.04
52.42932,-1.53885,175.63,8.32,3,332.19,21 / 21,1160210,2019-09-06 19:39:25:953,-0.1589,-2.3027,9.7533,0.0007,-0.0289,9.8065,-0.031,0.0351,0.0017,1.31,-36.19,-5.25,177.9,-79.41,-173.47
52.42932,-1.53885,175.63,8.32,3,332.19,21 / 21,1160310,2019-09-06 19:39:26:053,-1.0079,-1.6376,10.444,-0.0079,0.0289,9.8065,0.1317,-0.0112,0.0112,1.19,-36.12,-4.06,176.91,-79.22,-174.04
52.42932,-1.53885,175.63,8.32,3,332.19,21 / 21,1160409,2019-09-06 19:39:26:152,-0.0343,-1.2514,9.9696,0.0012,0.0298,9.8065,0.1396,-0.0566,0.0201,1.19,-36.31,-4.12,177.08,-78.93,-173.73
52.42932,-1.53885,175.63,8.32,3,332.19,21 / 21,1160510,2019-09-06 19:39:26:253,0.8473,-1.9507,9.2765,-0.0038,0.018,9.8066,-0.0995,-0.0862,0.0402,2.06,-35.5,-3.5,170.58,-78.84,-173.47
52.42932,-1.53885,175.63,8.32,3,332.19,21 / 21,1160610,2019-09-06 19:39:26:353,0.7656,-2.0332,9.4021,-0.0081,0.0182,9.8066,-0.1959,0.0188,-0.0033,2.19,-36.25,-3.62,172.13,-78.97,-173.34
52.42932,-1.53885,175.63,8.32,3,332.19,21 / 21,1160709,2019-09-06 19:39:26:452,0.4831,-1.9268,9.7305,-0.0066,0.0226,9.8066,0.1572,-0.0263,0.0059,2.31,-36.5,-4.37,172.04,-78.91,-173.63
52.42932,-1.53885,175.63,8.32,3,332.19,21 / 21,1160810,2019-09-06 19:39:26:553,-0.9537,-1.6303,9.7884,0.0148,-0.0275,9.8065,0.0734,0.0439,-0.0567,2.88,-37.56,-4.56,169.34,-79.16,-172.63
52.42932,-1.53885,175.63,8.32,3,332.19,21 / 21,1160910,2019-09-06 19:39:26:653,1.6142,-0.8677,9.4414,0.0079,0.0087,9.8066,-0.0759,0.0318,-0.0585,2.56,-37.25,-4.56,169.16,-79.15,-172.67
52.42932,-1.53885,175.63,8.32,3,332.19,21 / 21,1161009,2019-09-06 19:39:26:752,0.296,-2.3513,9.4814,0.0045,-0.008,9.8066,0.0485,0.0374,-0.0042,2.5,-37.69,-4.87,169.37,-79.21,-172.5
52.42932,-1.53885,175.63,8.32,3,332.19,21 / 21,1161109,2019-09-06 19:39:26:852,1.7033,-2.2161,9.6746,-0.0008,-0.0142,9.8066,0.0433,0.029,-0.0077,2.56,-38.19,-4.75,169.35,-79.19,-172.57
52.42932,-1.53885,175.63,8.32,3,332.19,21 / 21,1161214,2019-09-06 19:39:26:957,-0.1124,-1.7143,9.7803,0.0061,-0.0313,9.8065,0.1233,0.0052,0.0088,2.5,-37.87,-5.06,169.1,-79.12,-173.21
52.42932,-1.53885,175.63,8.32,3,332.19,21 / 21,1161310,2019-09-06 19:39:27:053,0.0854,-3.1756,8.6124,0.0097,-0.0271,9.8065,-0.0984,0.0063,0.013,2.69,-37.94,-4.37,167.49,-79.24,-173.35
52.42932,-1.53885,175.63,8.32,3,332.19,21 / 22,1161410,2019-09-06 19:39:27:153,-1.0538,-1.5549,10.5926,0.016,-0.0078,9.8066,0.1676,0.0574,-0.0432,2.88,-37.75,-5.37,169.28,-79.14,-172.79
52.42932,-1.53885,175.63,8.32,3,332.19,21 / 22,1161510,2019-09-06 19:39:27:253,-0.6879,-1.2678,10.4488,-0.0229,0.0712,9.8063,-0.1692,-0.0377,0.0673,3,-37.19,-5.25,169.21,-79.33,-172.37
52.42932,-1.53885,175.63,8.32,3,332.19,21 / 22,1161609,2019-09-06 19:39:27:352,0.6272,0.0219,10.9923,-0.0116,0.0589,9.8064,-0.0384,-0.0198,-0.0249,2.25,-37.44,-5,174.03,-79.38,-171.64
52.42932,-1.53885,175.63,8.32,3,332.19,21 / 22,1161709,2019-09-06 19:39:27:452,0.8367,-1.9035,10.0645,-0.0093,0.0035,9.8066,-0.1616,0.0365,-0.06,2.13,-37.94,-5.69,175.02,-79.39,-171.97
52.42932,-1.53885,175.63,8.32,3,332.19,21 / 22,1161810,2019-09-06 19:39:27:553,-0.2651,-2.1863,9.899,-0.0183,0.0215,9.8065,-0.1445,0.0056,-0.0197,2.88,-38.44,-5.5,169.22,-79.3,-172.72
52.42932,-1.53885,175.63,8.32,3,332.19,21 / 22,1161909,2019-09-06 19:39:27:652,-0.4169,-3.1791,9.9443,-0.013,0.0316,9.8065,0.1152,-0.0236,0.1084,2.19,-38.62,-4.81,173.62,-79.18,-173.16
52.42932,-1.53885,175.63,8.32,3,332.19,21 / 22,1162010,2019-09-06 19:39:27:753,1.2096,-1.2252,10.6159,0.0093,0.0336,9.8066,0.0622,-0.0338,0.0463,2.31,-39,-4.87,174.04,-78.69,-172.53
52.42932,-1.53885,175.63,8.32,3,332.19,21 / 22,1162110,2019-09-06 19:39:27:853,-0.2324,-0.2321,9.8945,-0.0342,0.0413,9.8064,-0.0721,-0.1141,0.0293,2.63,-38.56,-4.94,169.83,-78.46,-172.67
52.42932,-1.53885,175.63,8.32,3,332.19,21 / 22,1162210,2019-09-06 19:39:27:953,1.9269,0.1783,8.9316,-0.0086,0.0489,9.8064,-0.1899,-0.1339,-0.0188,1.19,-38.5,-3.69,177.39,-78.38,-173.36
52.42932,-1.53885,175.63,8.32,3,332.19,21 / 22,1162310,2019-09-06 19:39:28:053,0.2233,-1.5719,10.1341,-0.0186,0.0109,9.8066,0.1473,-0.1808,0.0596,1.56,-38.25,-4.12,172.37,-78.41,-174.02
52.42932,-1.53885,175.63,8.32,3,332.19,20 / 21,1162409,2019-09-06 19:39:28:152,0.8493,-1.4878,10.2818,0.0334,-0.0664,9.8063,-0.0196,-0.1462,0.0389,1.88,-37.5,-4.87,173.4,-79.2,-173.2
52.42932,-1.53885,175.63,8.32,3,332.19,20 / 21,1162509,2019-09-06 19:39:28:252,1.3691,-1.0579,10.538,0.0272,-0.0579,9.8064,-0.0735,-0.1868,0.0775,1.06,-36.62,-5.06,178.58,-79.59,-171.95
52.42932,-1.53885,175.63,8.32,3,332.19,20 / 21,1162609,2019-09-06 19:39:28:352,0.9804,-1.8663,9.8228,-0.0013,0.0002,9.8066,-0.1517,-0.1367,-0.0076,0.44,-37.81,-5.5,183.46,-79.86,-171.97
52.42932,-1.53885,175.63,8.32,3,332.19,20 / 21,1162709,2019-09-06 19:39:28:452,1.1138,-1.1203,9.4532,-0.0005,0.016,9.8066,0.1216,-0.2576,0.032,0.44,-37.81,-6.37,183.85,-79.89,-171.92
52.42932,-1.53885,175.63,8.32,3,332.19,20 / 21,1162810,2019-09-06 19:39:28:553,1.3186,-0.885,9.4948,0.0046,0.0187,9.8066,0.1184,-0.2675,0.0635,-0.25,-37.37,-5.94,183.54,-79.73,-172.61
52.42932,-1.53885,175.63,8.32,3,332.19,20 / 21,1162909,2019-09-06 19:39:28:652,2.1693,-0.2974,10.3596,0.0064,0.0179,9.8065,0.0009,-0.2958,0.0567,-0.69,-38.06,-5.62,188.09,-79.32,-172.13
52.42932,-1.53885,175.63,8.32,3,332.19,20 / 21,1163009,2019-09-06 19:39:28:752,2.0121,-0.6802,10.6548,-0.0116,0.0129,9.8065,0.0434,-0.2954,0.0196,-1,-36.94,-6,187.77,-79.11,-172.89
52.42932,-1.53885,175.63,8.32,3,332.19,20 / 21,1163109,2019-09-06 19:39:28:852,1.7303,-0.8596,9.9858,-0.0222,-0.014,9.8065,-0.0654,-0.3449,0.0486,-0.94,-37.19,-6.19,187.29,-79.2,-173.97
52.42932,-1.53885,175.63,8.32,3,332.19,20 / 21,1163210,2019-09-06 19:39:28:953,2.1998,-0.9354,10.4554,-0.0118,0.0163,9.8066,-0.0397,-0.3207,0.0091,-1.75,-37.31,-5.87,191.11,-79.16,-175.28
52.42932,-1.53885,175.63,8.32,3,332.19,20 / 21,1163310,2019-09-06 19:39:29:053,1.491,-1.4096,9.865,-0.0172,0.0228,9.8065,-0.0516,-0.3642,0.023,-1.94,-37.62,-6.62,189.89,-79.13,-176.49
52.42932,-1.53885,175.63,8.32,3,332.19,20 / 21,1163409,2019-09-06 19:39:29:152,1.8557,-0.0193,9.9966,-0.0207,-0.0056,9.8066,0.0991,-0.3316,0.0381,-1.75,-37.81,-6,189.63,-79.07,-177.98
52.42932,-1.53885,175.63,8.32,3,332.19,20 / 21,1163510,2019-09-06 19:39:29:253,1.9358,-0.3906,9.8615,-0.0136,0.0149,9.8066,-0.0646,-0.3517,0.0133,-2.69,-37.69,-6.12,193.33,-78.99,-179.01
52.42932,-1.53885,175.63,8.32,3,332.19,20 / 21,1163609,2019-09-06 19:39:29:352,1.5603,-0.0398,9.6462,-0.0166,0.0194,9.8066,-0.0522,-0.3483,0.0224,-3.62,-37.87,-6.25,196.57,-78.97,179.33
52.42932,-1.53885,175.63,8.32,3,332.19,20 / 21,1163710,2019-09-06 19:39:29:453,2.0155,-0.7794,10.1059,-0.0169,0.0036,9.8066,-0.0058,-0.3352,-0.0034,-3.56,-37.69,-7.06,194.86,-79.12,178.07
52.42932,-1.53885,175.63,8.32,3,332.19,20 / 21,1163809,2019-09-06 19:39:29:552,0.9265,-0.2933,10.2774,-0.0236,0.0014,9.8065,-0.0818,-0.3307,-0.0259,-3.69,-36.94,-7.62,193.29,-79.26,176.71
52.42932,-1.53885,175.63,8.32,3,332.19,20 / 21,1163909,2019-09-06 19:39:29:652,0.0135,-1.5471,9.9756,-0.0184,0.0174,9.8065,0.0648,-0.2765,0.0426,-4.56,-37.5,-7.56,195.57,-79.31,174.59
52.42932,-1.53885,175.63,8.32,3,332.19,20 / 21,1164010,2019-09-06 19:39:29:753,1.6106,-0.2006,8.8965,0.0034,-0.0163,9.8066,0.0818,-0.2932,0.1171,-4.75,-36.94,-7.19,196.67,-79.34,174.08
52.42932,-1.53885,175.63,8.32,3,332.19,20 / 21,1164109,2019-09-06 19:39:29:852,0.6571,0.3003,8.8453,0.0101,-0.0203,9.8066,0.0142,-0.3109,0.0974,-4.56,-37.44,-6.69,197.15,-79.34,174.93
52.42932,-1.53885,175.63,8.32,3,332.19,20 / 21,1164214,2019-09-06 19:39:29:957,2.2083,-0.5689,10.4252,0.0058,-0.007,9.8066,0.001,-0.29,0.0312,-6.19,-37.56,-7,201.3,-79.26,176.6
52.42932,-1.53885,175.63,8.32,3,332.19,20 / 21,1164310,2019-09-06 19:39:30:053,0.9761,0.1018,10.6024,-0.0197,0.0022,9.8065,0.0133,-0.2191,-0.0519,-7.06,-37.5,-6.5,206.54,-79.42,176.06
52.42932,-1.53885,175.63,8.32,3,332.19,21 / 22,1164409,2019-09-06 19:39:30:152,-0.6234,0.2365,9.727,-0.0255,-0.011,9.8066,-0.1474,-0.2508,-0.0177,-6.25,-37.31,-6.81,200.18,-79.69,173.65
52.42932,-1.53885,175.63,8.32,3,332.19,21 / 22,1164510,2019-09-06 19:39:30:253,-1.1238,-0.2445,8.5663,-0.0099,-0.0056,9.8066,0.2433,-0.1608,0.0645,-7.31,-37.31,-6.75,202.81,-79.56,172.72
52.42932,-1.53885,175.63,8.32,3,332.19,21 / 22,1164609,2019-09-06 19:39:30:352,1.5885,0.1473,9.3804,-0.0042,-0.0106,9.8066,0.1523,-0.1624,0.1169,-7.81,-36.69,-6.37,207.82,-79.26,173.12
52.42932,-1.53885,175.63,8.32,3,332.19,21 / 22,1164710,2019-09-06 19:39:30:453,0.7693,0.4043,9.9061,-0.0007,-0.0041,9.8065,-0.0119,-0.1216,-0.0483,-7.5,-37.31,-6.25,204.72,-79.1,173.49
52.42932,-1.53885,175.63,8.32,3,332.19,21 / 22,1164809,2019-09-06 19:39:30:552,0.0108,0.193,9.8301,-0.021,-0.003,9.8066,-0.0603,-0.0966,-0.0249,-7.87,-37.62,-6.44,206.81,-79.1,172.24
52.42932,-1.53885,175.63,8.32,3,332.19,21 / 22,1164909,2019-09-06 19:39:30:652,-0.4222,0.0429,9.3455,-0.0196,0.0019,9.8066,0.0592,-0.0334,0.0019,-8,-37.12,-6.25,206.54,-79.25,171.02
52.42932,-1.53885,175.63,8.32,3,332.19,21 / 22,1165010,2019-09-06 19:39:30:753,-0.3355,-0.3999,9.8554,-0.0134,-0.0247,9.8065,0.0582,-0.0847,0.0313,-8,-36.69,-5.94,206.67,-79.53,170.78
52.42932,-1.53885,175.63,8.32,3,332.19,21 / 22,1165109,2019-09-06 19:39:30:852,0.9797,0.5666,9.8143,-0.0223,-0.0257,9.8065,-0.0224,0.0119,0.0027,-7.69,-37.06,-6.5,206.64,-79.6,170.61
52.42932,-1.53885,175.63,8.32,3,332.19,21 / 22,1165210,2019-09-06 19:39:30:953,0.3218,1.0571,10.1375,0.0169,0.0153,9.8066,0.0488,-0.0257,0.0066,-7.69,-36.81,-5.5,208.53,-79.65,169.88
52.42932,-1.53885,175.63,8.32,3,332.19,21 / 22,1165309,2019-09-06 19:39:31:052,-0.4586,0.8249,9.3607,0.0057,0.0102,9.8066,-0.0454,0.0056,0.0056,-8,-36.81,-6.56,204.33,-79.5,170.35
52.42932,-1.53885,175.63,8.32,3,332.19,20 / 21,1165410,2019-09-06 19:39:31:153,-0.2184,0.6793,9.9113,-0.0111,-0.0332,9.8066,0.0367,0.049,0.0147,-8.69,-36.69,-6.56,207.87,-79.65,171.24
52.42932,-1.53885,175.63,8.32,3,332.19,20 / 21,1165510,2019-09-06 19:39:31:253,0.2294,-0.2731,10.191,-0.0056,-0.0278,9.8065,-0.0034,0.0204,-0.0027,-8.75,-36.87,-5.94,210.4,-79.65,171.88
52.42932,-1.53885,175.63,8.32,3,332.19,20 / 21,1165609,2019-09-06 19:39:31:352,0.3322,1.1045,10.2327,0.0107,0.0224,9.8066,-0.0052,0.0337,-0.0051,-8.56,-37.44,-6.06,210.37,-79.47,172.15
52.42932,-1.53885,175.63,8.32,3,332.19,20 / 21,1165710,2019-09-06 19:39:31:453,-1.8184,-0.4625,9.0808,-0.0042,-0.0289,9.8065,-0.0098,0.0247,0.0418,-8.94,-36.5,-6.62,208.83,-79.56,172.38
52.42932,-1.53885,175.63,8.32,3,332.19,20 / 21,1165809,2019-09-06 19:39:31:552,0.3292,-0.0702,9.9978,-0.0048,-0.0374,9.8065,0.0567,-0.0085,0.0464,-8.37,-37,-6.19,208.39,-79.62,173.41
52.42932,-1.53885,175.63,8.32,3,332.19,20 / 21,1165910,2019-09-06 19:39:31:653,-0.3309,-0.562,9.8136,0.0118,0.0129,9.8066,-0.0004,0.1049,-0.0571,-8.62,-36.44,-6.69,210.63,-79.88,174.59
52.42932,-1.53885,175.63,8.32,3,332.19,20 / 21,1166009,2019-09-06 19:39:31:752,-0.2992,0.2014,9.69,0.0152,0.0142,9.8066,-0.0263,0.0045,0.0743,-8.5,-36.19,-6.56,207.87,-79.9,174.86
52.42932,-1.53885,175.63,8.32,3,332.19,20 / 21,1166109,2019-09-06 19:39:31:852,-0.015,-0.0419,9.5999,0.0293,0.0052,9.8065,-0.0588,0.0716,-0.0153,-8.06,-36.87,-7,208.46,-80.05,175.99
52.42932,-1.53885,175.63,8.32,3,332.19,20 / 21,1166210,2019-09-06 19:39:31:953,-0.6645,0.4326,9.2085,-0.0087,-0.0262,9.8065,-0.0683,0.1024,0.0274,-8.31,-36.37,-7.44,209.32,-80.15,176.68
52.42932,-1.53885,175.63,8.32,3,332.19,20 / 21,1166309,2019-09-06 19:39:32:052,0.1424,1.2396,10.0089,0.0011,-0.0146,9.8066,0.018,0.0516,-0.017,-7.37,-36.19,-7.19,207.48,-80.42,178.42
52.42932,-1.53885,175.63,8.32,3,332.19,20 / 21,1166409,2019-09-06 19:39:32:152,-0.0784,-0.1024,9.4443,0.0017,-0.0305,9.8065,-0.0305,0.0234,0.0718,-7.12,-36.25,-7.94,206.46,-80.49,179.44
52.42932,-1.53885,175.63,8.32,3,332.19,20 / 21,1166510,2019-09-06 19:39:32:253,-0.0949,0.2778,9.8298,0.0087,-0.0155,9.8066,-0.0024,0.0691,-0.0102,-7.5,-35.87,-7.81,207.44,-80.5,-179.1
52.42932,-1.53885,175.63,8.32,3,332.19,20 / 21,1166609,2019-09-06 19:39:32:352,-0.6315,-0.0421,10.2354,0.0196,-0.017,9.8066,0.058,0.0626,0.0068,-7.31,-36.69,-8.06,208.75,-80.62,-176.88
52.42932,-1.53885,175.63,8.32,3,332.19,20 / 21,1166710,2019-09-06 19:39:32:453,-1.8253,1.2132,9.1842,0.0298,0.0182,9.8065,-0.0705,0.0193,0.1037,-7.87,-36.19,-7.75,213.6,-80.54,-174.88
52.42932,-1.53885,175.63,8.32,3,332.19,20 / 21,1166809,2019-09-06 19:39:32:552,-0.7188,-1.0005,11.0764,0.061,0.0391,9.8063,0.1687,0.0132,0.0474,-7.44,-36.5,-7.31,213.11,-80.33,-172.69
52.42932,-1.53885,175.63,8.32,3,332.19,20 / 21,1166910,2019-09-06 19:39:32:653,0.0334,0.1364,10.0733,0.0502,0.0367,9.8064,-0.0568,-0.0121,0.106,-7.75,-36.87,-7,217.31,-79.91,-170.12
52.42932,-1.53885,175.63,8.32,3,332.19,20 / 21,1167009,2019-09-06 19:39:32:752,-0.4135,-1.08,9.5284,0.0326,0.0316,9.8065,-0.2051,-0.0113,0.0195,-7.56,-36.69,-6.69,217.86,-79.7,-168.82
52.42932,-1.53885,175.63,8.32,3,332.19,20 / 21,1167110,2019-09-06 19:39:32:853,-1.4378,0.706,9.4979,0.0039,-0.0319,9.8066,0.0773,-0.1195,0.1038,-7.56,-37.06,-6.44,220.01,-79.65,-168.08
52.42932,-1.53885,175.63,8.32,3,332.19,20 / 21,1167214,2019-09-06 19:39:32:957,-1.4239,1.042,10.2942,-0.0306,-0.0259,9.8065,0.0197,0.1043,-0.1081,-7.87,-36.25,-5.81,221.29,-79.91,-167.51
52.42932,-1.53885,175.63,8.32,3,332.19,20 / 21,1167310,2019-09-06 19:39:33:053,-0.674,-0.384,10.2693,0.0216,-0.0053,9.8066,0.0834,0.0201,0.0371,-8.12,-36.12,-6.25,222.1,-79.83,-166.07
52.429844,-1.539031,175.39,7.7,2,8.01,20 / 21,1167409,2019-09-06 19:39:33:152,-0.7282,-0.5168,9.8805,0.0051,-0.0028,9.8066,0.0181,0.0078,-0.0068,-8.19,-36.12,-6.12,222.01,-79.81,-166.15
52.429844,-1.539031,175.39,7.7,2,8.01,20 / 21,1167509,2019-09-06 19:39:33:252,-0.8668,-0.0713,9.4091,0.0294,0.0236,9.8065,-0.1164,0.056,-0.0341,-9,-35.19,-6.37,225.68,-79.48,-165.87
52.429844,-1.539031,175.39,7.7,2,8.01,20 / 21,1167610,2019-09-06 19:39:33:353,-0.3213,-0.3557,9.8541,-0.0182,-0.0348,9.8065,0.0602,0.0052,0.0289,-9.75,-36.75,-7,226.08,-79.38,-165.47
52.429844,-1.539031,175.39,7.7,2,8.01,20 / 21,1167709,2019-09-06 19:39:33:452,-1.0365,-0.6841,9.4258,-0.016,-0.037,9.8066,0.0471,0.033,0.0191,-9,-36.44,-6.69,223.44,-79.42,-165.48
52.429844,-1.539031,175.39,7.7,2,8.01,20 / 21,1167810,2019-09-06 19:39:33:553,-0.1772,-0.2298,9.6875,-0.0075,-0.0286,9.8065,-0.018,0.0459,0.016,-9.12,-37.37,-7.06,223.8,-79.56,-164.58
52.429844,-1.539031,175.39,7.7,2,8.01,20 / 21,1167910,2019-09-06 19:39:33:653,-0.7743,-0.4303,10.1257,0.0156,0.0117,9.8066,0.0731,-0.0183,0.0245,-9.31,-37.06,-6.75,223.82,-79.46,-164.32
52.429844,-1.539031,175.39,7.7,2,8.01,20 / 21,1168009,2019-09-06 19:39:33:752,-0.3537,0.1383,10.0362,0.0072,-0.0134,9.8066,-0.1843,-0.0443,0.0205,-9.25,-36.56,-6.62,224.57,-79.5,-163.3
52.429844,-1.539031,175.39,7.7,2,8.01,20 / 21,1168110,2019-09-06 19:39:33:853,-1.6525,-1.0199,9.0968,0.0064,0.0219,9.8065,-0.2026,0.0547,-0.0334,-9.81,-37.5,-6.87,227.83,-79.45,-163.14
52.429844,-1.539031,175.39,7.7,2,8.01,20 / 21,1168214,2019-09-06 19:39:33:957,-0.6149,-0.4102,9.4333,0.0173,0.0221,9.8065,0.0781,-0.0053,0.0149,-8.56,-37.12,-6.94,224.89,-79.54,-162.92
52.429844,-1.539031,175.39,7.7,2,8.01,20 / 21,1168310,2019-09-06 19:39:34:053,-0.4665,-0.7111,9.7244,-0.0015,-0.0158,9.8066,0.0181,0.0051,-0.0273,-9.44,-36.87,-6.44,227.72,-79.67,-161.81
52.429844,-1.539031,175.39,7.7,2,8.01,20 / 21,1168410,2019-09-06 19:39:34:153,-0.0085,-0.8414,9.8639,0.0028,-0.011,9.8065,-0.0216,0.031,0.0015,-9.12,-36.62,-6.25,227.71,-79.64,-161.74
52.429844,-1.539031,175.39,7.7,2,8.01,20 / 21,1168509,2019-09-06 19:39:34:252,0.442,-0.3941,10.0553,-0.001,-0.0152,9.8065,0.0069,-0.0276,0.0113,-9.81,-36.44,-6.06,232.22,-79.64,-160.97
52.429844,-1.539031,175.39,7.7,2,8.01,20 / 21,1168610,2019-09-06 19:39:34:353,-0.2774,0.0377,10.3681,-0.0177,-0.0153,9.8066,-0.0039,-0.0201,-0.0176,-10.12,-36.19,-6.12,232.22,-79.72,-161.17
52.429844,-1.539031,175.39,7.7,2,8.01,20 / 21,1168709,2019-09-06 19:39:34:452,0.6743,-0.5312,10.6219,0.0162,0.0269,9.8065,0.0207,-0.042,0.0179,-10.12,-35.69,-5.81,232.41,-79.69,-160.83
52.429844,-1.539031,175.39,7.7,2,8.01,20 / 21,1168810,2019-09-06 19:39:34:553,-0.6022,-1.9359,9.4512,0.0166,0.0221,9.8066,0.0396,0.0176,-0.0607,-10.37,-35.37,-6.62,230.41,-79.55,-161.2
52.429844,-1.539031,175.39,7.7,2,8.01,20 / 21,1168910,2019-09-06 19:39:34:653,0.4151,-0.958,9.642,-0.0119,-0.0082,9.8065,0.0642,-0.0698,0.0908,-10.37,-35.44,-6.62,230.22,-79.59,-161.55
52.429844,-1.539031,175.39,7.7,2,8.01,20 / 21,1169010,2019-09-06 19:39:34:753,-0.1431,-0.0775,9.8319,0.0111,-0.0008,9.8066,-0.0564,-0.025,-0.0704,-10.87,-35.75,-7.44,232.62,-79.42,-161.34
52.429844,-1.539031,175.39,7.7,2,8.01,20 / 21,1169110,2019-09-06 19:39:34:853,0.0443,-0.3963,10.1192,-0.0021,0.0127,9.8066,-0.001,-0.0605,0.041,-10.56,-35.12,-7.19,232.53,-79.4,-162.13
52.429844,-1.539031,175.39,7.7,2,8.01,20 / 21,1169209,2019-09-06 19:39:34:952,-0.5459,-0.2565,9.5357,0.0107,0.0146,9.8066,-0.0574,-0.0086,-0.0034,-10.31,-35.75,-8.12,227.15,-79.34,-162.05
52.429844,-1.539031,175.39,7.7,2,8.01,20 / 21,1169309,2019-09-06 19:39:35:052,-0.6222,-0.7287,9.29,-0.0006,0.0076,9.8065,-0.0681,-0.007,0.0339,-9.94,-35.31,-8.25,227.42,-79.37,-162.42
52.429844,-1.539031,175.39,7.7,2,8.01,20 / 21,1169410,2019-09-06 19:39:35:153,-0.2017,0.1293,9.7406,0.0056,0.0029,9.8066,-0.0531,-0.0137,-0.0358,-9.19,-36,-7.69,223.71,-79.33,-162.47
52.429844,-1.539031,175.39,7.7,2,8.01,20 / 21,1169509,2019-09-06 19:39:35:252,-1.0103,0.1418,9.6369,-0.0102,-0.0039,9.8066,-0.0557,0.0424,-0.0347,-9.37,-36.56,-8.12,223.37,-79.45,-162.57
52.429844,-1.539031,175.39,7.7,2,8.01,20 / 21,1169609,2019-09-06 19:39:35:352,-0.6872,-0.9578,9.5708,0.0052,-0.0057,9.8066,0.0483,-0.0015,0.0108,-10.56,-36,-7.37,232.04,-79.57,-162.49
52.429844,-1.539031,175.39,7.7,2,8.01,20 / 21,1169709,2019-09-06 19:39:35:452,-0.1777,0.6708,10.0346,-0.0009,0.0084,9.8066,0.0108,0.0341,-0.0437,-11.37,-36.44,-6.94,232.08,-79.52,-162.31
52.429844,-1.539031,175.39,7.7,2,8.01,20 / 21,1169810,2019-09-06 19:39:35:553,-1.0704,0.5165,9.738,-0.0059,0.0138,9.8066,0.0325,0.0127,0.02,-10.44,-35.44,-5.69,230.97,-79.54,-163.21
52.429844,-1.539031,175.39,7.7,2,8.01,20 / 21,1169910,2019-09-06 19:39:35:653,-0.7443,0.4279,9.8162,0.0161,0.0105,9.8065,0.0103,0.0004,-0.0028,-10.44,-35.62,-5.75,230.3,-79.49,-163.27
52.429844,-1.539031,175.39,7.7,2,8.01,20 / 21,1170009,2019-09-06 19:39:35:752,-0.5343,-0.4728,10.4766,0.004,0.0146,9.8066,0.0906,0.0226,-0.0175,-10.31,-35.69,-6.31,229.91,-79.29,-163.3
52.429844,-1.539031,175.39,7.7,2,8.01,20 / 21,1170110,2019-09-06 19:39:35:853,-0.5878,0.6695,10.0842,0.0009,-0.0102,9.8066,0.0782,0.0359,-0.0062,-9.75,-36,-6.06,230.01,-79.34,-163.29
52.429844,-1.539031,175.39,7.7,2,8.01,20 / 21,1170209,2019-09-06 19:39:35:952,-0.9379,1.1235,9.5329,0,0.0044,9.8066,-0.0957,-0.0421,0.0199,-10.19,-35.56,-7.37,227.89,-79.26,-163.32
52.429844,-1.539031,175.39,7.7,2,8.01,20 / 21,1170309,2019-09-06 19:39:36:052,-0.3729,0.2723,9.839,-0.0024,-0.0278,9.8066,-0.0794,0.0468,0.025,-10.06,-34.62,-6.75,229.06,-79.34,-162.56
52.429844,-1.539031,175.39,7.7,2,8.01,20 / 21,1170411,2019-09-06 19:39:36:154,-0.0181,-0.1386,9.7577,0.0054,-0.0051,9.8066,0.0714,0.1043,-0.0614,-10.81,-33.81,-6.94,232.8,-79.4,-162.49
52.429844,-1.539031,175.39,7.7,2,8.01,20 / 21,1170510,2019-09-06 19:39:36:253,-1.4173,0.2746,10.0353,-0.0069,-0.0148,9.8066,0.0516,0.0825,-0.0293,-10.5,-32.87,-5.37,234.85,-79.36,-162.25
52.429844,-1.539031,175.39,7.7,2,8.01,20 / 21,1170609,2019-09-06 19:39:36:352,0.1277,0.3983,9.9229,0.002,-0.0154,9.8066,-0.0775,0.0193,0.0001,-9.06,-33.12,-6.31,229.97,-79.47,-161.29
52.429844,-1.539031,175.39,7.7,2,8.01,20 / 21,1170710,2019-09-06 19:39:36:453,0.0441,0.4892,8.9576,0.0011,0.0071,9.8066,-0.0945,0.0534,0.0338,-9.81,-32.69,-6.69,231.25,-79.42,-161.23
52.429844,-1.539031,175.39,7.7,2,8.01,20 / 21,1170810,2019-09-06 19:39:36:553,-0.9414,-0.6286,9.7175,0.0294,0.0189,9.8066,0.1376,-0.0326,0.0013,-9.62,-32.19,-6,234.11,-79.34,-160.83
52.429844,-1.539031,175.39,7.7,2,8.01,20 / 21,1170910,2019-09-06 19:39:36:653,-0.2645,-0.0269,10.3755,-0.0143,-0.0251,9.8065,0.0989,-0.0086,-0.0505,-8.44,-32.12,-5.69,227.8,-79.6,-160.22
52.429844,-1.539031,175.39,7.7,2,8.01,20 / 21,1171010,2019-09-06 19:39:36:753,-0.9278,-0.2062,9.8451,-0.0094,-0.0234,9.8065,-0.0063,0.0176,0.0887,-7.37,-33.19,-6.19,223.33,-79.62,-160.06
52.429844,-1.539031,175.39,7.7,2,8.01,20 / 21,1171110,2019-09-06 19:39:36:853,-0.8172,0.3395,9.8956,0.0161,0.022,9.8066,-0.0892,0.0362,-0.0386,-7.56,-34.87,-6.81,224.48,-79.58,-159.94
52.429844,-1.539031,175.39,7.7,2,8.01,20 / 21,1171210,2019-09-06 19:39:36:953,0.2362,0.1564,9.5588,0.0013,0.0024,9.8066,-0.0154,0.038,-0.0088,-7.94,-34.94,-6.25,225.87,-79.42,-160.02
52.429844,-1.539031,175.39,7.7,2,8.01,20 / 21,1171309,2019-09-06 19:39:37:052,-0.2473,-0.1804,9.6294,-0.0055,0.0023,9.8066,0.0467,-0.0166,0.0248,-9.37,-35.62,-6.19,228.91,-79.48,-160.33
52.429844,-1.539031,175.39,7.7,2,8.01,20 / 21,1171410,2019-09-06 19:39:37:153,-0.4972,0.2782,9.9972,0.0097,0.0095,9.8066,0.0037,0.0048,0.0098,-10.06,-35.31,-6.5,232.87,-79.43,-160.3
52.429844,-1.539031,175.39,7.7,2,8.01,20 / 21,1171509,2019-09-06 19:39:37:252,-0.0763,-0.7068,9.7504,-0.0009,-0.0004,9.8066,-0.0088,-0.0556,-0.0132,-10.75,-36.19,-7.56,232,-79.55,-159.96
52.429844,-1.539031,175.39,7.7,2,8.01,20 / 21,1171610,2019-09-06 19:39:37:353,-0.5116,-0.3577,9.8392,-0.0032,-0.0057,9.8066,-0.0006,-0.0424,0.0394,-9.87,-36.12,-7.37,230.98,-79.63,-159.87
52.429844,-1.539031,175.39,7.7,2,8.01,20 / 21,1171710,2019-09-06 19:39:37:453,-0.0166,-1.0331,9.8222,0.0001,-0.0024,9.8066,-0.019,-0.0479,0.0132,-9,-36.56,-7.44,227.23,-79.57,-159.59
52.429844,-1.539031,175.39,7.7,2,8.01,20 / 21,1171810,2019-09-06 19:39:37:553,-1.114,-1.0405,9.72,-0.0058,-0.0009,9.8066,0.0281,-0.0004,0.0003,-9.94,-36.06,-7.56,229.21,-79.62,-159.83
52.429844,-1.539031,175.39,7.7,2,8.01,20 / 21,1171910,2019-09-06 19:39:37:653,0.1655,-0.4355,10.4695,-0.0099,-0.0094,9.8066,0.0827,-0.0275,0.0012,-9.5,-37.31,-7.44,227.26,-79.59,-159.59
52.429844,-1.539031,175.39,7.7,2,8.01,20 / 21,1172010,2019-09-06 19:39:37:753,-0.7254,0.5194,10.256,0.0169,0.0578,9.8064,-0.1107,-0.0357,0.032,-9.12,-37.81,-7.06,226.59,-79.68,-160.05
52.429844,-1.539031,175.39,7.7,2,8.01,20 / 21,1172109,2019-09-06 19:39:37:852,-0.1303,-0.7363,8.7909,0.039,0.0552,9.8064,-0.127,-0.0102,0.0347,-9.37,-37.81,-6.75,225.24,-79.32,-161.14
52.429844,-1.539031,175.39,7.7,2,8.01,20 / 21,1172214,2019-09-06 19:39:37:957,-0.7642,-1.1195,9.5753,0.025,0.0539,9.8064,-0.0079,-0.0106,-0.0281,-9.69,-37.5,-6.94,229.4,-79.33,-160.6
52.429844,-1.539031,175.39,7.7,2,8.01,20 / 21,1172310,2019-09-06 19:39:38:053,-0.3546,-1.6095,9.8516,-0.0313,-0.0229,9.8066,0.0265,-0.0466,0.0386,-8.69,-37.19,-7.06,226.71,-79.56,-160.32
52.429844,-1.539031,175.39,7.7,2,8.01,20 / 21,1172410,2019-09-06 19:39:38:153,-0.8216,-1.27,9.638,-0.0096,-0.0019,9.8066,-0.0297,-0.0669,-0.0771,-8.25,-37.31,-7.12,223.44,-79.91,-160.84
52.429844,-1.539031,175.39,7.7,2,8.01,20 / 21,1172509,2019-09-06 19:39:38:252,-1.0033,-0.8478,9.7471,-0.0023,0.0035,9.8066,0.019,0.0039,-0.009,-8.62,-36.62,-6.75,226.66,-79.97,-161.42
52.429844,-1.539031,175.39,7.7,2,8.01,20 / 21,1172609,2019-09-06 19:39:38:352,-0.4167,-1.2843,10.2175,0.0005,0.002,9.8066,0.0155,-0.0177,-0.0065,-8.56,-37.37,-7.06,226.4,-79.91,-161.64
52.429844,-1.539031,175.39,7.7,2,8.01,20 / 21,1172710,2019-09-06 19:39:38:453,-1.2622,-0.2205,9.5967,0.0049,0.0112,9.8066,0.0037,0.0355,-0.0418,-8.94,-36.62,-6.31,227.47,-79.76,-162.43
52.429844,-1.539031,175.39,7.7,2,8.01,20 / 21,1172809,2019-09-06 19:39:38:552,-0.324,-1.575,9.7645,0.0087,0.0044,9.8066,0.0007,0.0354,-0.0219,-8.75,-36.44,-6.69,226,-79.69,-162.41
52.429844,-1.539031,175.39,7.7,2,8.01,20 / 21,1172909,2019-09-06 19:39:38:652,-1.251,-1.0065,9.6043,-0.0082,-0.0051,9.8066,0.021,-0.0053,0.0703,-9.75,-36.81,-6.31,230.88,-79.73,-162.32
52.429844,-1.539031,175.39,7.7,2,8.01,20 / 21,1173010,2019-09-06 19:39:38:753,-0.6722,-1.0107,9.8527,0.0022,-0.0076,9.8066,-0.0111,-0.0129,0.0223,-9.81,-37.12,-6.56,229.32,-79.79,-161.87
52.429844,-1.539031,175.39,7.7,2,8.01,20 / 21,1173110,2019-09-06 19:39:38:853,-1.0757,-0.9679,9.3677,-0.0137,-0.019,9.8065,0.0084,0.0105,-0.01,-10.19,-36.94,-6.87,229.92,-80.02,-161.59
52.429844,-1.539031,175.39,7.7,2,8.01,20 / 21,1173210,2019-09-06 19:39:38:953,-1.0688,-0.9921,9.6787,-0.0022,-0.0187,9.8066,-0.011,-0.0129,0.0145,-9.81,-37.12,-6.81,230.33,-80.07,-161.16
52.429844,-1.539031,175.39,7.7,2,8.01,20 / 21,1173309,2019-09-06 19:39:39:052,-0.8456,-0.6709,9.7574,-0.0003,0.0026,9.8066,-0.0109,0.0373,-0.0495,-10.44,-37.06,-7.12,230.51,-80.07,-160.91
52.429844,-1.539031,175.39,7.7,2,8.01,20 / 20,1173409,2019-09-06 19:39:39:152,-0.8031,-1.1159,9.9276,-0.0111,0.0049,9.8066,-0.0097,0.0597,0.0179,-9.87,-36.87,-7.19,230.32,-80.19,-161.47
52.429844,-1.539031,175.39,7.7,2,8.01,20 / 20,1173509,2019-09-06 19:39:39:252,-0.8556,-1.0641,10.0574,0.0047,0.0058,9.8066,-0.0303,0.0106,0.0458,-9.75,-36.75,-6.87,230.05,-80.22,-161.91
52.429844,-1.539031,175.39,7.7,2,8.01,20 / 20,1173610,2019-09-06 19:39:39:353,-1.2148,-0.9395,9.4762,-0.002,-0.0083,9.8066,0.1223,0.0235,0.0139,-9.87,-36.56,-7.37,229.74,-80.16,-162.17
52.429844,-1.539031,175.39,7.7,2,8.01,20 / 20,1173709,2019-09-06 19:39:39:452,0.5414,-0.9074,10.2071,-0.0031,-0.016,9.8066,0.1425,-0.0449,0.0398,-8.75,-36.87,-8.19,225.08,-80.15,-161.68
52.429844,-1.539031,175.39,7.7,2,8.01,20 / 20,1173809,2019-09-06 19:39:39:552,-0.8248,-0.5842,10.2776,-0.0116,-0.019,9.8066,-0.0479,0.0143,-0.0146,-8.56,-36.75,-9.06,223.38,-80.12,-161.87
52.429844,-1.539031,175.39,7.7,2,8.01,20 / 20,1173909,2019-09-06 19:39:39:652,-0.6447,-0.3213,9.6121,0.006,0.0178,9.8066,-0.0439,0.044,0.026,-6,-36.87,-8.5,213.96,-80.09,-162.36
52.429844,-1.539031,175.39,7.7,2,8.01,20 / 20,1174009,2019-09-06 19:39:39:752,-0.6661,-1.7106,9.3284,0.0042,0.0109,9.8066,-0.0157,0.0076,0.0363,-6.06,-37,-7.81,214.26,-80.18,-162.09
52.429844,-1.539031,175.39,7.7,2,8.01,20 / 20,1174109,2019-09-06 19:39:39:852,-0.69,-1.3358,9.7497,-0.0052,-0.0143,9.8066,-0.0405,0.0225,0.001,-6.12,-35.69,-7.44,216.02,-80.2,-161.85
52.429844,-1.539031,175.39,7.7,2,8.01,20 / 20,1174214,2019-09-06 19:39:39:957,0.1181,-1.5886,9.9045,0.0009,0.0015,9.8066,0.0521,0.0351,-0.0228,-5.94,-34.69,-5.5,219.91,-80.35,-161.67
52.429844,-1.539031,175.39,7.7,2,8.01,20 / 20,1174310,2019-09-06 19:39:40:053,-0.3217,-0.4236,10.2032,-0.0158,-0.005,9.8066,0.0198,-0.0014,-0.0038,-7.37,-34.25,-5.75,222.75,-80.44,-162.33
52.429844,-1.539031,175.39,7.7,2,8.01,20 / 20,1174409,2019-09-06 19:39:40:152,-0.5222,-0.8723,9.8084,-0.0106,-0.0047,9.8066,-0.0175,0.0262,0.0005,-7.44,-33.31,-6.12,223.05,-80.51,-162.83
52.429844,-1.539031,175.39,7.7,2,8.01,20 / 20,1174510,2019-09-06 19:39:40:253,-0.4508,-0.7782,9.8065,-0.0002,-0.0049,9.8065,0.0196,0.0164,-0.0279,-7,-33.19,-6.94,221.29,-80.52,-162.72
52.429844,-1.539031,175.39,7.7,2,8.01,20 / 20,1174609,2019-09-06 19:39:40:352,-0.2718,-0.3209,9.3333,-0.0012,-0.0013,9.8066,0.0564,0.0143,0.016,-8.37,-33.94,-7.06,224.5,-80.53,-162.91
52.429844,-1.539031,175.39,7.7,2,8.01,20 / 20,1174710,2019-09-06 19:39:40:453,-0.1444,-0.7755,9.9829,0.0206,0.02,9.8065,-0.0894,-0.0191,0.0072,-8.19,-33.56,-6.12,226.84,-80.58,-162.56
52.429844,-1.539031,175.39,7.7,2,8.01,20 / 20,1174810,2019-09-06 19:39:40:553,-1.0428,-1.3544,9.9945,0.0256,0.0416,9.8065,-0.1342,0.0289,-0.008,-7.94,-35.25,-7.12,223.83,-80.35,-162.75
52.429844,-1.539031,175.39,7.7,2,8.01,20 / 20,1174910,2019-09-06 19:39:40:653,-1.1754,-0.321,9.0537,-0.0396,-0.0442,9.8065,0.1472,-0.0438,0.0106,-8.87,-34.69,-7.31,227.34,-80.6,-163.36
52.429844,-1.539031,175.39,7.7,2,8.01,20 / 20,1175010,2019-09-06 19:39:40:753,-0.7237,-0.6654,9.371,-0.0094,-0.0134,9.8066,0.061,0.0217,-0.0428,-8.69,-35,-7.19,226.55,-80.45,-164.1
52.429844,-1.539031,175.39,7.7,2,8.01,20 / 20,1175109,2019-09-06 19:39:40:852,-1.0604,-1.1153,9.7948,0.0236,0.0058,9.8065,0.0658,-0.0399,0.0508,-9.19,-36.06,-7.19,226.06,-80.14,-163.41
52.429844,-1.539031,175.39,7.7,2,8.01,20 / 20,1175209,2019-09-06 19:39:40:952,-0.4779,-0.9714,9.8266,0.0099,0.0066,9.8066,0.0221,0.0173,0.0266,-9.56,-36.12,-7.94,227.54,-80.03,-163.02
52.429844,-1.539031,175.39,7.7,2,8.01,20 / 20,1175310,2019-09-06 19:39:41:053,-0.6245,-0.7148,9.8861,-0.012,-0.0149,9.8066,0.2639,0.0464,-0.0174,-9.69,-36.44,-7.69,227.61,-80.05,-162.97
52.429844,-1.539031,175.39,7.7,2,8.01,20 / 21,1175409,2019-09-06 19:39:41:152,-3.8475,-1.7974,12.5297,0.0245,0.0097,9.8065,0.0475,0.0676,-0.1038,-10.06,-36.44,-7.44,228.61,-79.66,-163.23
52.429844,-1.539031,175.39,7.7,2,8.01,20 / 21,1175510,2019-09-06 19:39:41:253,-0.2747,0.0138,10.0875,-0.0081,-0.0461,9.8065,0.3195,0.0177,0.0561,-10.81,-36,-6.5,233.27,-79.19,-162.7
52.429844,-1.539031,175.39,7.7,2,8.01,20 / 21,1175609,2019-09-06 19:39:41:352,1.132,1.1821,8.4732,-0.0283,-0.0623,9.806,0.2198,-0.0025,-0.0028,-11.06,-35.5,-5.62,232.77,-78.71,-163.01
52.429844,-1.539031,175.39,7.7,2,8.01,20 / 21,1175710,2019-09-06 19:39:41:453,-0.243,-1.1979,7.8342,0.0376,0.0448,9.8065,-0.2266,0.0526,-0.0043,-10.81,-35.94,-4.06,235.64,-78.21,-163.19
52.429844,-1.539031,175.39,7.7,2,8.01,20 / 21,1175809,2019-09-06 19:39:41:552,-0.8174,-1.2564,7.6161,-0.015,-0.0268,9.8066,-0.6144,0.0342,0.0725,-10.31,-36,-4.81,232.1,-78.8,-161.92
52.429844,-1.539031,175.39,7.7,2,8.01,20 / 21,1175909,2019-09-06 19:39:41:652,-1.0542,-2.1706,9.5754,-0.0912,-0.1486,9.8051,-0.2803,-0.017,-0.0209,-9.12,-35.06,-4.62,234.39,-80.25,-158.74
52.429844,-1.539031,175.39,7.7,2,8.01,20 / 21,1176009,2019-09-06 19:39:41:752,-1.3546,-1.02,12.685,-0.0862,-0.1086,9.8056,0.1628,0.0169,-0.0486,-8.5,-35.62,-6.62,234.63,-82.41,-152.89
52.429844,-1.539031,175.39,7.7,2,8.01,20 / 21,1176109,2019-09-06 19:39:41:852,-0.4869,0.1448,11.7533,0.0408,0.0948,9.8061,-0.1578,0.049,0.0043,-8.5,-36,-7.5,232.93,-82.44,-155.19
52.429844,-1.539031,175.39,7.7,2,8.01,20 / 21,1176210,2019-09-06 19:39:41:953,0.1051,-0.0735,9.677,0.0644,0.1054,9.8058,0.0014,-0.0206,0.0332,-8.44,-35.87,-6.75,230.13,-81.81,-157.1
52.429844,-1.539031,175.39,7.7,2,8.01,20 / 21,1176310,2019-09-06 19:39:42:053,0.4311,0.9171,8.5377,0.0422,0.0844,9.8061,0.4,0.0131,-0.0651,-8.31,-36.81,-5.75,226.45,-80.53,-160.69
52.430454,-1.538923,175.15,5.97,2,6.18,20 / 21,1176409,2019-09-06 19:39:42:152,-0.5085,0.9608,9.3947,0.0081,0.0517,9.8065,0.089,0.0085,-0.0379,-8.25,-36.62,-6,223.21,-79.73,-163.33
52.430454,-1.538923,175.15,5.97,2,6.18,20 / 21,1176510,2019-09-06 19:39:42:253,-0.0267,1.4203,10.4595,-0.0397,-0.0797,9.8062,-0.034,-0.0334,0.0431,-8.87,-36.62,-5.81,226.18,-79.53,-163.72
52.430454,-1.538923,175.15,5.97,2,6.18,20 / 21,1176609,2019-09-06 19:39:42:352,0.6066,0.3112,11.2043,-0.053,-0.1044,9.8059,0.0749,0.0047,0.0282,-9.31,-36.69,-6.87,227.82,-80.57,-161.3
52.430454,-1.538923,175.15,5.97,2,6.18,20 / 21,1176710,2019-09-06 19:39:42:453,0.1286,0.774,10.383,0.014,0.0397,9.8065,-0.1288,0.0239,-0.0175,-9.56,-36.81,-6.75,231.21,-80.63,-161.37
52.430454,-1.538923,175.15,5.97,2,6.18,20 / 21,1176810,2019-09-06 19:39:42:553,-0.4238,0.3542,9.576,0.0098,0.0105,9.8066,-0.0408,0.0311,-0.0195,-8.87,-36.5,-6.31,229.97,-80.54,-161.76
52.430454,-1.538923,175.15,5.97,2,6.18,20 / 21,1176909,2019-09-06 19:39:42:652,0.1402,0.7341,9.6594,0.0186,0.0103,9.8066,0.1389,-0.0625,0.0448,-8.81,-36.62,-6.31,228.88,-80.2,-161.6
52.430454,-1.538923,175.15,5.97,2,6.18,20 / 21,1177010,2019-09-06 19:39:42:753,0.3832,0.8343,9.9064,-0.0053,0.0013,9.8066,0.131,0.0329,-0.0075,-9.5,-36,-6.5,229.2,-80.15,-161.77
52.430454,-1.538923,175.15,5.97,2,6.18,20 / 21,1177109,2019-09-06 19:39:42:852,1.1786,1.535,10.3632,-0.0123,-0.0106,9.8066,-0.1074,0.0125,-0.0151,-9.25,-36.12,-6.56,227.62,-80.23,-161.42
52.430454,-1.538923,175.15,5.97,2,6.18,20 / 21,1177210,2019-09-06 19:39:42:953,0.4427,1.0243,9.8979,-0.0083,-0.0034,9.8066,-0.0288,-0.005,0.0131,-10.75,-36,-7.75,232.11,-80.42,-161.73
52.430454,-1.538923,175.15,5.97,2,6.18,20 / 21,1177310,2019-09-06 19:39:43:053,0.5639,0.7974,10.4098,0.0135,0.0237,9.8065,0.0484,0.058,0.0001,-9.44,-36.12,-6.75,226.95,-80.27,-162.45
52.430454,-1.538923,175.15,5.97,2,6.18,20 / 21,1177410,2019-09-06 19:39:43:153,-1.1319,-0.7275,9.7958,0.0113,0.0095,9.8066,-0.0219,0.0049,-0.0212,-8.94,-35.81,-7.06,226.96,-80.19,-162.25
52.430454,-1.538923,175.15,5.97,2,6.18,20 / 21,1177509,2019-09-06 19:39:43:252,0.0549,-0.1031,10.0739,-0.0007,0.011,9.8066,0.0003,-0.0217,-0.001,-8.81,-36.56,-7.12,225.74,-80.13,-163.15
52.430454,-1.538923,175.15,5.97,2,6.18,20 / 21,1177609,2019-09-06 19:39:43:352,0.3082,1.217,9.7136,-0.0062,0.0041,9.8066,0.0255,-0.0241,0.0205,-7.69,-36.25,-6.56,222.4,-80.12,-163.62
52.430454,-1.538923,175.15,5.97,2,6.18,20 / 21,1177710,2019-09-06 19:39:43:453,-0.1073,1.2524,9.5405,0.0052,0.0079,9.8066,0.0317,-0.0147,-0.0266,-7.94,-36.44,-5.87,223.93,-80.12,-164.05
52.430454,-1.538923,175.15,5.97,2,6.18,20 / 21,1177810,2019-09-06 19:39:43:553,0.3556,0.7811,9.8068,-0.0018,0.0031,9.8066,-0.0447,-0.0393,0.0376,-8.44,-36.19,-5.5,225.95,-80.1,-164.11
52.430454,-1.538923,175.15,5.97,2,6.18,20 / 21,1177910,2019-09-06 19:39:43:653,0.8564,0.4791,10.4027,-0.0216,-0.0352,9.8065,0.0257,-0.0241,-0.0786,-8.87,-36.12,-5.62,228.23,-80.33,-163.65
52.430454,-1.538923,175.15,5.97,2,6.18,20 / 21,1178010,2019-09-06 19:39:43:753,1.3315,1.3914,9.894,0.0174,0.0324,9.8065,0.0885,-0.0082,0.0181,-9,-36.44,-5.37,230.63,-80.46,-163.86
52.430454,-1.538923,175.15,5.97,2,6.18,20 / 21,1178109,2019-09-06 19:39:43:852,0.1672,0.5428,9.465,0.0068,0.0173,9.8065,-0.1153,0.0536,-0.0614,-9.5,-36.19,-6.25,227.66,-80.32,-164.41
52.430454,-1.538923,175.15,5.97,2,6.18,20 / 21,1178211,2019-09-06 19:39:43:954,0.7786,1.6654,9.4464,0.0194,0.0141,9.8066,-0.0837,-0.0052,0.0154,-9.31,-36.94,-6.56,225.53,-80.3,-163.85
52.430454,-1.538923,175.15,5.97,2,6.18,20 / 21,1178310,2019-09-06 19:39:44:053,-0.319,0.1239,9.1743,-0.0075,-0.023,9.8065,0.1493,0.0615,0.0505,-9.12,-37,-6.87,225.89,-80.33,-163.42
52.430454,-1.538923,175.15,5.97,2,6.18,20 / 21,1178409,2019-09-06 19:39:44:152,1.0953,-0.1225,10.5576,-0.0019,-0.0138,9.8066,0.1301,-0.0686,0.0757,-8.87,-36.75,-6.56,226.64,-80.42,-162.58
52.430454,-1.538923,175.15,5.97,2,6.18,20 / 21,1178511,2019-09-06 19:39:44:254,0.3736,1.9834,10.314,-0.0097,-0.0039,9.8066,-0.0269,0.0059,0.0384,-9.81,-36.75,-6.25,231.8,-80.49,-163.07
52.430454,-1.538923,175.15,5.97,2,6.18,20 / 21,1178610,2019-09-06 19:39:44:353,0.2324,1.024,10.4138,-0.0002,-0.0307,9.8065,0.0099,-0.0136,0.051,-9.25,-37.25,-6.44,229.14,-80.47,-161.99
52.430454,-1.538923,175.15,5.97,2,6.18,20 / 21,1178710,2019-09-06 19:39:44:453,0.5446,-0.5688,10.0032,0.0068,0.021,9.8066,-0.0341,-0.029,-0.0078,-9.5,-37.75,-6.37,228.5,-80.42,-162.01
52.430454,-1.538923,175.15,5.97,2,6.18,20 / 21,1178809,2019-09-06 19:39:44:552,-0.7873,-0.4001,9.7187,0.0068,0.0205,9.8066,-0.0341,0.0087,-0.0219,-9,-37.25,-6.19,229.07,-80.45,-162.04
52.430454,-1.538923,175.15,5.97,2,6.18,20 / 21,1178910,2019-09-06 19:39:44:653,-0.7416,0.9669,9.8456,-0.0153,-0.021,9.8066,0.066,0.0273,0.0614,-9.56,-37.5,-6.62,230.18,-80.49,-162.4
52.430454,-1.538923,175.15,5.97,2,6.18,20 / 21,1179009,2019-09-06 19:39:44:752,-0.4298,-0.5802,9.7442,-0.0145,-0.0208,9.8066,-0.0387,-0.0064,0.0004,-9.12,-37.5,-6.19,229.23,-80.6,-162.23
52.430454,-1.538923,175.15,5.97,2,6.18,20 / 21,1179110,2019-09-06 19:39:44:853,-0.2169,0.0919,10.5195,-0.0017,-0.0005,9.8066,0.0735,-0.0121,-0.03,-9.44,-37.75,-7.12,226.7,-80.69,-162.52
52.430454,-1.538923,175.15,5.97,2,6.18,20 / 21,1179210,2019-09-06 19:39:44:953,-0.6601,0.4696,9.7004,-0.0285,-0.0386,9.8065,0.1096,-0.003,0.001,-9.37,-37.87,-6.5,229.03,-80.9,-162.64
52.430454,-1.538923,175.15,5.97,2,6.18,20 / 21,1179310,2019-09-06 19:39:45:053,-0.4717,-0.3857,9.9518,0.0119,0.013,9.8065,-0.0393,-0.0285,0.0034,-9.69,-37.75,-7.12,230.2,-80.79,-162.49
52.430454,-1.538923,175.15,5.97,2,6.18,20 / 21,1179409,2019-09-06 19:39:45:152,-0.8556,-0.3712,9.8168,-0.0015,0.018,9.8065,-0.0214,0.0083,-0.0305,-9.31,-37.37,-6.44,229.33,-80.88,-162.88
52.430454,-1.538923,175.15,5.97,2,6.18,20 / 21,1179509,2019-09-06 19:39:45:252,-0.9065,0.1207,9.641,-0.0236,-0.0286,9.8065,0.1412,0.0603,0.0042,-9,-37.44,-7.12,227.17,-80.87,-162.98
52.430454,-1.538923,175.15,5.97,2,6.18,20 / 21,1179609,2019-09-06 19:39:45:352,0.5346,0.7998,9.4938,-0.0144,-0.0321,9.8066,0.1129,-0.0257,0.0366,-9,-37.5,-6.06,229.65,-81,-162.77
52.430454,-1.538923,175.15,5.97,2,6.18,20 / 21,1179710,2019-09-06 19:39:45:453,0.1255,-0.6554,10.0437,0.0038,0.0283,9.8065,-0.0189,0.0038,-0.0957,-8.69,-38,-7,225.77,-80.83,-164.19
52.430454,-1.538923,175.15,5.97,2,6.18,20 / 21,1179809,2019-09-06 19:39:45:552,0.1544,-0.4103,10.291,-0.0043,0.0056,9.8066,0.1539,-0.0203,0.0381,-9.31,-37.06,-6.56,226.2,-80.94,-164.49
52.430454,-1.538923,175.15,5.97,2,6.18,20 / 21,1179910,2019-09-06 19:39:45:653,-0.929,-0.8945,9.0091,0.0333,0.061,9.8064,-0.2999,0.051,-0.0327,-8.87,-38.06,-6.37,226.2,-80.61,-165.86
52.430454,-1.538923,175.15,5.97,2,6.18,20 / 21,1180010,2019-09-06 19:39:45:753,-0.3801,-0.5444,8.952,-0.0354,-0.0641,9.8063,-0.2743,-0.0221,0.1006,-8.81,-37.37,-6.69,224.71,-80.59,-165.74
52.430454,-1.538923,175.15,5.97,2,6.18,20 / 21,1180110,2019-09-06 19:39:45:853,0.1725,-0.3375,9.8092,-0.0035,-0.0253,9.8065,0.0155,-0.0102,-0.0323,-8.56,-37.37,-6.75,225.02,-80.71,-165.6
52.430454,-1.538923,175.15,5.97,2,6.18,20 / 21,1180214,2019-09-06 19:39:45:957,-1.1589,-0.5046,9.6644,0.0007,-0.0189,9.8066,-0.1262,0.0184,-0.0429,-8.69,-37.12,-6.37,227.82,-80.83,-164.87
52.430454,-1.538923,175.15,5.97,2,6.18,20 / 21,1180310,2019-09-06 19:39:46:053,-1.3152,-2.0126,9.354,0.0125,0.002,9.8066,0.0864,0.0052,0.0474,-8.5,-37.56,-6.56,222.59,-80.78,-163.65
52.430454,-1.538923,175.15,5.97,2,6.18,20 / 21,1180410,2019-09-06 19:39:46:153,-0.8135,-1.7696,9.6201,0.0018,-0.0408,9.8065,-0.1347,-0.029,0.0535,-8.94,-37.37,-7.19,226.65,-80.65,-163.15
52.430454,-1.538923,175.15,5.97,2,6.18,20 / 21,1180509,2019-09-06 19:39:46:252,-0.1053,-1.6231,9.7834,0.005,-0.0471,9.8065,0.1539,0.0216,0.0331,-9.25,-37.37,-6.56,226.85,-80.4,-162.25
52.430454,-1.538923,175.15,5.97,2,6.18,20 / 21,1180610,2019-09-06 19:39:46:353,0.0381,-0.0298,9.8423,-0.0126,-0.0522,9.8064,0.1423,0.0138,-0.0373,-10.06,-37.06,-7.31,232.15,-80.52,-159.81
52.430454,-1.538923,175.15,5.97,2,6.18,20 / 21,1180709,2019-09-06 19:39:46:452,-0.2528,-0.3989,9.8603,0.0021,-0.0093,9.8065,-0.0621,0.0258,0.0245,-9.31,-36.75,-7.06,229.06,-80.6,-159.66
52.430454,-1.538923,175.15,5.97,2,6.18,20 / 21,1180809,2019-09-06 19:39:46:552,-0.5179,-0.9958,10.3382,0.01,-0.0213,9.8065,-0.0229,0.0099,0.0236,-9.5,-36.62,-7.62,228.5,-80.72,-158.28
52.430454,-1.538923,175.15,5.97,2,6.18,20 / 21,1180909,2019-09-06 19:39:46:652,-1.1329,-0.6942,9.9138,-0.0029,0.0314,9.8066,-0.0479,0.0186,-0.1091,-8.69,-35.69,-7.75,229.11,-80.79,-158.25
52.430454,-1.538923,175.15,5.97,2,6.18,20 / 21,1181010,2019-09-06 19:39:46:753,-0.4247,-0.8248,9.5703,0.0149,0.0332,9.8065,0.0286,-0.0358,-0.0114,-8.94,-35.44,-8.31,228.59,-80.7,-159.35
52.430454,-1.538923,175.15,5.97,2,6.18,20 / 21,1181110,2019-09-06 19:39:46:853,-0.3879,0.4926,9.6938,0.0044,-0.0068,9.8066,0.0651,-0.0006,0.0279,-7.75,-35.69,-8.19,223.85,-80.51,-160.09
52.430454,-1.538923,175.15,5.97,2,6.18,20 / 21,1181210,2019-09-06 19:39:46:953,-0.5567,-1.5946,10.0493,0.0023,-0.0209,9.8066,0.0298,0.0304,-0.005,-6.87,-35.69,-7.69,220.96,-80.5,-159
52.430454,-1.538923,175.15,5.97,2,6.18,20 / 21,1181310,2019-09-06 19:39:47:053,-0.6886,-0.4218,10.134,-0.005,-0.0037,9.8066,-0.0352,-0.0385,0.0181,-6.19,-36.19,-7.5,218.51,-80.59,-158.92
52.430454,-1.538923,175.15,5.97,2,6.18,20 / 21,1181410,2019-09-06 19:39:47:153,0.859,0.228,10.4861,-0.0071,-0.0218,9.8066,-0.0648,0.024,-0.0051,-4.94,-36.87,-6.37,215.16,-80.74,-158.84
52.430454,-1.538923,175.15,5.97,2,6.18,20 / 21,1181509,2019-09-06 19:39:47:252,-0.6141,-0.9566,9.6306,0.0095,0.0436,9.8065,-0.0639,-0.0068,0.0011,-6.25,-36.75,-5.44,220.9,-80.51,-158.72
52.430454,-1.538923,175.15,5.97,2,6.18,20 / 21,1181609,2019-09-06 19:39:47:352,-1.2372,-0.8052,9.2759,0.0228,0.0554,9.8065,-0.1561,0.026,-0.0328,-6.25,-36.37,-4.37,223.01,-80.41,-158.9
52.430454,-1.538923,175.15,5.97,2,6.18,20 / 21,1181709,2019-09-06 19:39:47:452,0.5059,-0.789,9.4917,-0.0164,-0.0304,9.8065,0.166,-0.0072,0.0116,-8.69,-36.31,-4.31,236.32,-80.27,-158.82
52.430454,-1.538923,175.15,5.97,2,6.18,20 / 21,1181809,2019-09-06 19:39:47:552,-0.1476,-0.1366,10.3718,-0.0156,-0.0176,9.8066,0.0763,-0.0084,-0.048,-9.44,-36,-3.87,236.64,-80.4,-158.82
52.430454,-1.538923,175.15,5.97,2,6.18,20 / 21,1181910,2019-09-06 19:39:47:653,-0.9358,-0.4681,10.1343,0.0079,0.0078,9.8066,-0.0442,-0.0532,0.0304,-10.81,-36.31,-5.87,238.55,-80.35,-158.68
52.430454,-1.538923,175.15,5.97,2,6.18,20 / 21,1182009,2019-09-06 19:39:47:752,0.4275,-0.342,10.1642,-0.0197,-0.0061,9.8066,0.0195,-0.0708,0.041,-11.62,-36.31,-5.94,241.66,-80.58,-159.09
52.430454,-1.538923,175.15,5.97,2,6.18,20 / 21,1182109,2019-09-06 19:39:47:852,-1.0952,-1.4356,9.6605,0.017,0.0218,9.8066,-0.0665,-0.0641,-0.0245,-11.06,-37.5,-6.5,238.14,-80.54,-158.99
52.430454,-1.538923,175.15,5.97,2,6.18,20 / 21,1182209,2019-09-06 19:39:47:952,-1.1559,-1.0872,9.754,0.005,0.021,9.8066,-0.0736,-0.019,-0.0301,-10.87,-36.94,-6.69,236.02,-80.67,-159.21
52.430454,-1.538923,175.15,5.97,2,6.18,20 / 21,1182310,2019-09-06 19:39:48:053,0.7503,-0.7675,9.9904,-0.0029,-0.0076,9.8066,0.0938,0.0161,-0.0151,-10.12,-37.56,-6.75,232.38,-80.72,-159.35
52.430454,-1.538923,175.15,5.97,2,6.18,20 / 21,1182409,2019-09-06 19:39:48:152,-0.558,0.0237,10.0141,-0.0119,0.028,9.8065,0.1129,-0.0059,-0.0906,-10.25,-37,-6.56,232.32,-80.75,-160.18
52.430454,-1.538923,175.15,5.97,2,6.18,20 / 21,1182509,2019-09-06 19:39:48:252,0.0332,1.1686,9.7095,0.0104,0.0235,9.8066,-0.0963,-0.0642,0.017,-9.69,-37.06,-6.5,233.11,-80.69,-161.83
52.430454,-1.538923,175.15,5.97,2,6.18,20 / 21,1182610,2019-09-06 19:39:48:353,-0.2057,-0.9307,9.3775,-0.0037,0.0233,9.8066,-0.0804,-0.022,-0.0013,-9.62,-37.37,-5.69,232.52,-80.68,-162.61
52.430454,-1.538923,175.15,5.97,2,6.18,20 / 21,1182710,2019-09-06 19:39:48:453,-0.835,-0.5704,9.6703,-0.0095,-0.0021,9.8066,0.0699,-0.0213,0.0035,-9.25,-37,-6.5,228.86,-80.78,-163.26
52.430454,-1.538923,175.15,5.97,2,6.18,20 / 21,1182810,2019-09-06 19:39:48:553,-0.6051,-0.3681,10.0967,-0.0011,0.0011,9.8065,0.0464,-0.0151,-0.0528,-9.37,-37.06,-6.44,228.93,-80.84,-163.31
52.430454,-1.538923,175.15,5.97,2,6.18,20 / 21,1182910,2019-09-06 19:39:48:653,-0.945,-0.2178,9.5785,-0.0162,-0.0067,9.8065,0.0038,-0.0433,0.0064,-9.75,-37,-6.12,231.74,-80.92,-164.3
52.430454,-1.538923,175.15,5.97,2,6.18,20 / 21,1183010,2019-09-06 19:39:48:753,-0.5861,-0.0743,9.765,0.0005,-0.0022,9.8066,-0.0001,0.0022,-0.03,-10,-36.37,-5,234.68,-80.97,-164.53
52.430454,-1.538923,175.15,5.97,2,6.18,20 / 21,1183110,2019-09-06 19:39:48:853,-1.293,-0.0385,9.478,0.0036,0.0113,9.8065,-0.0031,-0.0445,0.0087,-10.81,-35.69,-5.44,237.29,-80.92,-165.06
52.430454,-1.538923,175.15,5.97,2,6.18,20 / 21,1183210,2019-09-06 19:39:48:953,-0.5045,-1.0167,9.9015,0.0027,0.0057,9.8066,0.0297,0.0279,0.0163,-10.87,-36.19,-5.75,234.77,-80.95,-165.11
52.430454,-1.538923,175.15,5.97,2,6.18,20 / 21,1183310,2019-09-06 19:39:49:053,-1.071,0.1552,9.8568,-0.0085,0.007,9.8065,0.0254,-0.0035,0.0016,-10.56,-36.69,-7.37,231.86,-81.03,-165.47
52.430454,-1.538923,175.15,5.97,2,6.18,20 / 21,1183409,2019-09-06 19:39:49:152,-0.4376,-0.5254,9.9393,-0.0024,-0.005,9.8066,0.0304,0.0148,0.0444,-10.12,-36.87,-7.31,228.77,-81.14,-165.88
52.430454,-1.538923,175.15,5.97,2,6.18,20 / 21,1183510,2019-09-06 19:39:49:253,-0.4218,-0.2345,10.263,0.0093,0.0223,9.8066,-0.0409,0.0474,-0.0347,-9.87,-38.12,-6.94,228.47,-81.1,-165.59
52.430454,-1.538923,175.15,5.97,2,6.18,20 / 21,1183610,2019-09-06 19:39:49:353,-1.0199,-0.4166,9.3486,0.0018,0.0258,9.8066,-0.0767,0.0134,-0.0404,-9.25,-37.19,-6.94,224.67,-80.96,-166.67
52.430454,-1.538923,175.15,5.97,2,6.18,20 / 21,1183710,2019-09-06 19:39:49:453,-1.5765,-0.5915,9.7261,0.0075,-0.0029,9.8066,0.1147,-0.0217,0.0444,-9.5,-37.5,-6.62,224.67,-80.99,-166.75
52.430454,-1.538923,175.15,5.97,2,6.18,20 / 21,1183810,2019-09-06 19:39:49:553,-2.2155,-1.7874,9.5045,-0.0139,0.0093,9.8066,0.131,0.0029,-0.0468,-9.31,-37.5,-6.94,224.06,-80.97,-167.55
52.430454,-1.538923,175.15,5.97,2,6.18,20 / 21,1183909,2019-09-06 19:39:49:652,-1.2002,0.8947,9.6772,-0.0041,-0.0078,9.8066,-0.1133,0.0064,0.0447,-8.87,-37.94,-6.56,223.3,-81.04,-168.19
52.430454,-1.538923,175.15,5.97,2,6.18,20 / 21,1184010,2019-09-06 19:39:49:753,-0.1764,0.1097,9.7304,-0.007,-0.0161,9.8066,-0.0171,0.0864,-0.0058,-9.19,-37.69,-6.69,223.65,-81.14,-167.94
52.430454,-1.538923,175.15,5.97,2,6.18,20 / 21,1184110,2019-09-06 19:39:49:853,-0.3339,-0.3263,10.0248,0.0144,0.0195,9.8066,-0.1578,0.0349,-0.0098,-8.75,-37.62,-6.44,226.3,-81.25,-167.48
52.430454,-1.538923,175.15,5.97,2,6.18,20 / 21,1184210,2019-09-06 19:39:49:953,-1.0286,-1.3952,9.3058,0.0361,0.0451,9.8065,-0.2193,0.0048,0.0608,-8.62,-37.62,-7.06,224,-81.06,-167.26
52.430454,-1.538923,175.15,5.97,2,6.18,20 / 21,1184310,2019-09-06 19:39:50:053,-1.3496,-0.3867,9.0573,-0.0191,-0.0241,9.8065,0.1755,-0.0102,0.012,-9.31,-37.75,-7.37,224.67,-81.3,-166.91
52.430454,-1.538923,175.15,5.97,2,6.18,20 / 21,1184410,2019-09-06 19:39:50:153,-0.9626,-1.0203,9.503,0.0046,-0.0135,9.8066,0.0937,0.011,0.0048,-8.69,-37.5,-7.12,225.21,-81.2,-166.49
52.430454,-1.538923,175.15,5.97,2,6.18,20 / 21,1184509,2019-09-06 19:39:50:252,0.1154,-0.5761,10.1073,0.0001,-0.0153,9.8066,-0.0046,0.0716,0.023,-8.5,-37.87,-6.75,222.03,-81.19,-165.49
52.430454,-1.538923,175.15,5.97,2,6.18,20 / 21,1184610,2019-09-06 19:39:50:353,-0.3324,-0.1391,10.2259,-0.0077,-0.0254,9.8066,0.1036,0.0401,0.0581,-8.81,-37.69,-6.69,225.98,-81.24,-164.94
52.430454,-1.538923,175.15,5.97,2,6.18,20 / 21,1184709,2019-09-06 19:39:50:452,0.1374,-0.1775,10.3049,0.0229,0.0217,9.8065,0.0857,-0.0253,0.0177,-8.81,-37.81,-6.5,228.52,-81.26,-164.37
52.430454,-1.538923,175.15,5.97,2,6.18,20 / 21,1184809,2019-09-06 19:39:50:552,-1.1325,-0.9219,10.0307,0.009,0.0255,9.8066,-0.1265,0.0353,-0.0129,-8.69,-37.81,-6.5,227.96,-81.03,-164.53
52.430454,-1.538923,175.15,5.97,2,6.18,20 / 21,1184910,2019-09-06 19:39:50:653,-1.0254,-0.739,10.0308,-0.0182,-0.0396,9.8065,0.1285,-0.011,0.0617,-8.12,-37.25,-6.69,223.42,-81.19,-164.12
52.430454,-1.538923,175.15,5.97,2,6.18,20 / 21,1185010,2019-09-06 19:39:50:753,-0.3532,0.0326,9.7006,-0.0235,-0.0428,9.8065,0.0386,0.007,-0.0436,-8.87,-37.75,-6.69,226.5,-81.18,-164.06
52.430454,-1.538923,175.15,5.97,2,6.18,20 / 21,1185109,2019-09-06 19:39:50:852,-0.3897,-0.5245,9.8756,0.0178,0.0245,9.8065,-0.0543,0.005,0.0276,-8.31,-37.56,-6.56,222.37,-80.95,-164.39
52.430454,-1.538923,175.15,5.97,2,6.18,20 / 21,1185210,2019-09-06 19:39:50:953,-0.3299,0.2277,9.6592,0.0058,0.0035,9.8066,-0.0535,0.0304,-0.0139,-9.37,-37.81,-6,228.36,-81.03,-163.96
52.430454,-1.538923,175.15,5.97,2,6.18,20 / 21,1185309,2019-09-06 19:39:51:052,-0.6474,-1.6697,8.9111,-0.009,-0.0046,9.8066,0.6116,-0.0065,-0.1113,-8.69,-37.94,-6.75,225.04,-80.66,-164.81
52.431076,-1.538822,174.97,7.09,2,4.65,20 / 21,1185409,2019-09-06 19:39:51:152,-0.0656,-1.1575,7.9326,0.0228,0.0222,9.8066,0.3753,-0.0478,0.031,-8.44,-37.56,-5.75,221.69,-80.3,-166.48
52.431076,-1.538822,174.97,7.09,2,4.65,20 / 21,1185510,2019-09-06 19:39:51:253,-0.7254,0.513,7.387,-0.0488,-0.0993,9.806,0.1959,-0.0688,-0.0056,-8.81,-38.37,-4.81,226.97,-79.88,-165.87
52.431076,-1.538822,174.97,7.09,2,4.65,20 / 21,1185610,2019-09-06 19:39:51:353,1.8099,2.5273,10.1838,-0.0832,-0.1352,9.8053,0.1979,-0.0265,-0.0495,-9.12,-37.62,-5.19,227.05,-79.92,-165.88
52.431076,-1.538822,174.97,7.09,2,4.65,20 / 21,1185710,2019-09-06 19:39:51:453,0.7459,2.4114,9.1213,-0.0154,-0.0257,9.8066,-0.8296,-0.0258,0.0766,-8.31,-37.62,-6.25,224,-80.84,-164.48
52.431076,-1.538822,174.97,7.09,2,4.65,20 / 21,1185810,2019-09-06 19:39:51:553,0.6314,1.5917,12.2447,-0.0646,-0.103,9.8059,-0.6049,-0.1824,0.1313,-9.25,-37.94,-8.25,230.09,-82.6,-160.25
52.431076,-1.538822,174.97,7.09,2,4.65,20 / 21,1185910,2019-09-06 19:39:51:653,-2.3996,-5.123,11.5035,0.0665,0.1348,9.8054,-0.2335,0.0512,0.0052,-8.37,-37.12,-8.75,231.75,-84,-155.36
52.431076,-1.538822,174.97,7.09,2,4.65,20 / 21,1186009,2019-09-06 19:39:51:752,-2.7137,-2.3055,9.559,0.1173,0.2307,9.8032,-0.2442,0.0948,-0.0482,-8.69,-37.75,-8.69,228.28,-82.8,-160.64
52.431076,-1.538822,174.97,7.09,2,4.65,20 / 21,1186110,2019-09-06 19:39:51:853,-0.9586,-1.3535,7.5314,-0.0026,0.006,9.8066,0.6727,0.0016,-0.028,-8.75,-36.37,-7.25,228.75,-81.88,-163.96
52.431076,-1.538822,174.97,7.09,2,4.65,20 / 21,1186210,2019-09-06 19:39:51:953,0.4426,1.4721,9.1684,0.0458,0.0798,9.8062,0.2354,-0.015,0.0058,-8.5,-37.56,-5.62,221.19,-80.25,-167.1
52.431076,-1.538822,174.97,7.09,2,4.65,20 / 21,1186310,2019-09-06 19:39:52:053,0.4936,0.4662,10.4674,-0.0306,-0.0752,9.8063,0.0047,-0.0085,-0.0405,-8.94,-38.31,-5.5,227.11,-80.11,-166.36
52.431076,-1.538822,174.97,7.09,2,4.65,20 / 21,1186409,2019-09-06 19:39:52:152,-0.1369,-0.3807,10.73,-0.0473,-0.0954,9.806,-0.0285,-0.0072,0.0217,-9.44,-37.75,-6.37,226.85,-80.66,-165.07
52.431076,-1.538822,174.97,7.09,2,4.65,20 / 21,1186510,2019-09-06 19:39:52:253,-0.7212,-1.1047,10.5414,-0.008,-0.0056,9.8066,-0.0994,0.0169,-0.0028,-8.62,-36.81,-6.75,227.03,-81.25,-164.1
52.431076,-1.538822,174.97,7.09,2,4.65,20 / 21,1186610,2019-09-06 19:39:52:353,-0.3902,0.1099,9.4993,0.0076,0.0133,9.8066,0.0147,-0.0175,-0.0202,-8.94,-37.56,-6.81,226.65,-81.32,-164.23
52.431076,-1.538822,174.97,7.09,2,4.65,20 / 21,1186710,2019-09-06 19:39:52:453,-0.0746,0.3855,9.3309,0.0217,0.0282,9.8066,0.1107,0.001,0.0131,-9.12,-36.94,-6.5,227.75,-80.84,-164.97
52.431076,-1.538822,174.97,7.09,2,4.65,20 / 21,1186810,2019-09-06 19:39:52:553,-0.0097,0.8416,9.5997,0.0221,0.0118,9.8066,0.0377,-0.0144,0.045,-8.94,-36.94,-6.12,227.29,-80.5,-164.72
52.431076,-1.538822,174.97,7.09,2,4.65,20 / 21,1186910,2019-09-06 19:39:52:653,0.2962,0.1648,9.9499,-0.0084,-0.0125,9.8066,-0.0085,0.0146,0.0285,-9.62,-37.31,-6.19,230.92,-80.53,-164.39
52.431076,-1.538822,174.97,7.09,2,4.65,20 / 21,1187009,2019-09-06 19:39:52:752,-0.3769,1.0324,9.6082,-0.0143,-0.0078,9.8066,-0.0614,0.0008,-0.0181,-9,-37,-6.37,227.57,-80.65,-164.72
52.431076,-1.538822,174.97,7.09,2,4.65,20 / 21,1187109,2019-09-06 19:39:52:852,0.1168,-0.4737,9.7212,0.0025,-0.0046,9.8066,0.0604,-0.0231,-0.0416,-9.44,-36.94,-7.06,225.5,-80.69,-164.86
52.431076,-1.538822,174.97,7.09,2,4.65,20 / 21,1187209,2019-09-06 19:39:52:952,0.2373,2.2168,9.9739,-0.0018,0.0032,9.8066,0.091,0.0478,-0.0246,-9.62,-36.44,-6.31,231.2,-80.67,-165.04
52.431076,-1.538822,174.97,7.09,2,4.65,20 / 21,1187309,2019-09-06 19:39:53:052,0.2473,0.4423,10.0988,0.0041,-0.0013,9.8066,-0.0434,0.0204,0.0225,-9.56,-36.5,-6.37,231.33,-80.53,-164.53
52.431076,-1.538822,174.97,7.09,2,4.65,20 / 21,1187410,2019-09-06 19:39:53:153,1.0858,1.3242,10.4098,-0.0107,-0.0151,9.8066,-0.0555,-0.0506,-0.0217,-9.87,-35.62,-6.56,229.54,-80.64,-164.27
52.431076,-1.538822,174.97,7.09,2,4.65,20 / 21,1187510,2019-09-06 19:39:53:253,0.8635,1.3616,9.718,0.0079,0.016,9.8065,-0.0779,-0.031,-0.0234,-9.69,-35,-6.75,229.51,-80.61,-164.87
52.431076,-1.538822,174.97,7.09,2,4.65,20 / 21,1187610,2019-09-06 19:39:53:353,-0.3797,-0.3897,9.4847,0.0117,0.0163,9.8066,-0.1371,-0.0013,-0.0351,-9.69,-34.37,-6.87,229.94,-80.59,-164.87
52.431076,-1.538822,174.97,7.09,2,4.65,20 / 21,1187710,2019-09-06 19:39:53:453,-0.0646,-0.2464,9.5365,-0.0257,-0.0219,9.8066,0.1451,-0.0387,0.0136,-10.62,-33.44,-6.81,233.66,-80.61,-164.63
52.431076,-1.538822,174.97,7.09,2,4.65,20 / 21,1187810,2019-09-06 19:39:53:553,0.5012,0.8485,10.1426,-0.0266,-0.0311,9.8065,0.0865,-0.0231,0.0196,-9.44,-33.69,-6.25,229.38,-80.89,-164.92
52.431076,-1.538822,174.97,7.09,2,4.65,20 / 21,1187910,2019-09-06 19:39:53:653,0.3427,0.689,9.5702,-0.0022,0.0168,9.8066,-0.0798,-0.0111,-0.0171,-9.94,-33.19,-6.25,232.93,-80.93,-165.42
52.431076,-1.538822,174.97,7.09,2,4.65,20 / 21,1188010,2019-09-06 19:39:53:753,-0.0444,0.07,9.9346,0.0149,0.0155,9.8066,-0.0832,-0.015,-0.0217,-9.56,-33.81,-5.94,232.39,-80.94,-165.49
52.431076,-1.538822,174.97,7.09,2,4.65,20 / 21,1188110,2019-09-06 19:39:53:853,0.0415,-0.4605,9.9169,-0.0092,-0.0113,9.8065,0.0396,-0.0105,-0.0282,-9.25,-34.87,-6.75,226.69,-81.05,-165.31
52.431076,-1.538822,174.97,7.09,2,4.65,20 / 21,1188209,2019-09-06 19:39:53:952,-0.0178,0.0067,9.538,-0.0051,-0.0032,9.8066,0.0767,-0.0205,0.0537,-8.5,-35,-6.75,223.01,-81.05,-165.59
52.431076,-1.538822,174.97,7.09,2,4.65,20 / 21,1188310,2019-09-06 19:39:54:053,0.5449,0.4137,10.0932,0.0019,0.0039,9.8066,-0.0651,-0.028,-0.0439,-8.5,-35.62,-7.37,222.51,-80.98,-165.5
52.431076,-1.538822,174.97,7.09,2,4.65,20 / 21,1188409,2019-09-06 19:39:54:152,-0.0716,0.4743,9.9924,-0.0003,0.0027,9.8066,-0.0009,-0.0172,-0.014,-8,-36.44,-7.25,222.37,-80.98,-165.72
52.431076,-1.538822,174.97,7.09,2,4.65,20 / 21,1188510,2019-09-06 19:39:54:253,-0.4666,0.3739,9.7533,-0.0022,-0.0009,9.8066,-0.0577,-0.0792,0.037,-7.12,-36.62,-7.12,218.26,-80.97,-165.69
52.431076,-1.538822,174.97,7.09,2,4.65,20 / 21,1188609,2019-09-06 19:39:54:352,0.2688,0.6636,9.3403,0.0013,0.019,9.8065,-0.1801,-0.0062,-0.0276,-8.31,-35.62,-7,222.12,-80.92,-165.93
52.431076,-1.538822,174.97,7.09,2,4.65,20 / 21,1188710,2019-09-06 19:39:54:453,0.4093,0.9384,10.2392,-0.0167,-0.0316,9.8065,0.0608,-0.04,-0.0445,-8.06,-36,-6.12,224.29,-80.85,-165.49
52.431076,-1.538822,174.97,7.09,2,4.65,20 / 21,1188809,2019-09-06 19:39:54:552,0.3849,0.7091,10.4234,-0.0131,-0.0152,9.8065,0.0912,-0.0097,-0.0587,-9,-36.37,-6.12,228.28,-81.06,-165.51
52.431076,-1.538822,174.97,7.09,2,4.65,20 / 21,1188910,2019-09-06 19:39:54:653,-0.6058,0.2064,9.4978,0.0158,0.0273,9.8065,0.0185,-0.0386,0.062,-7.94,-36.56,-6.56,221.49,-80.91,-166.21
52.431076,-1.538822,174.97,7.09,2,4.65,20 / 21,1189009,2019-09-06 19:39:54:752,-0.3454,-0.6813,9.6036,0.0302,0.0358,9.8064,-0.1521,-0.0433,-0.0062,-8,-36.19,-6.5,223.98,-80.81,-165.82
52.431076,-1.538822,174.97,7.09,2,4.65,20 / 21,1189110,2019-09-06 19:39:54:853,0.183,-0.5508,10.4317,0.0062,-0.0365,9.8065,0.0601,0.0022,-0.0038,-7.31,-35,-6.62,220.26,-81.07,-164.2
52.431076,-1.538822,174.97,7.09,2,4.65,20 / 21,1189209,2019-09-06 19:39:54:952,-0.3038,-1.0451,10.4112,-0.0212,-0.0515,9.8064,0.143,0.011,0.0336,-7.56,-35.12,-6.62,224.41,-81.18,-163.94
52.431076,-1.538822,174.97,7.09,2,4.65,20 / 21,1189309,2019-09-06 19:39:55:052,0.2768,1.8328,10.2609,0.0196,0.0459,9.8064,0.1704,-0.0067,-0.022,-8.12,-34.37,-7.06,224.43,-81.18,-164.52
52.431076,-1.538822,174.97,7.09,2,4.65,20 / 20,1189410,2019-09-06 19:39:55:153,0.8145,-1.2674,9.6712,0.0523,0.0288,9.8064,-0.0917,-0.0775,0.1231,-8.81,-34.5,-6.12,230.15,-80.87,-163.84
52.431076,-1.538822,174.97,7.09,2,4.65,20 / 20,1189510,2019-09-06 19:39:55:253,0.9649,-2.1264,9.6063,-0.0319,-0.0537,9.8064,0.2173,0.1271,-0.1083,-9.75,-34.37,-5.44,238.35,-81.15,-161.69
52.431076,-1.538822,174.97,7.09,2,4.65,20 / 20,1189610,2019-09-06 19:39:55:353,-1.4539,-1.3405,10.0596,-0.0417,-0.0727,9.8062,0.2693,-0.0373,0.0122,-9.69,-35.25,-5.81,236.02,-81.37,-161.21
52.431076,-1.538822,174.97,7.09,2,4.65,20 / 20,1189710,2019-09-06 19:39:55:453,-0.6658,-0.8806,10.6642,0.0117,0.0165,9.8066,-0.1655,-0.0673,-0.0596,-10.31,-36,-6.62,233.13,-81.5,-161.63
52.431076,-1.538822,174.97,7.09,2,4.65,20 / 20,1189810,2019-09-06 19:39:55:553,0.9592,-0.5959,9.8025,-0.005,0.0112,9.8066,0.009,-0.0887,0.0261,-10,-36.5,-6.75,232.83,-81.57,-162.19
52.431076,-1.538822,174.97,7.09,2,4.65,20 / 20,1189910,2019-09-06 19:39:55:653,-0.4752,-0.1102,9.5733,0.0105,0.0149,9.8066,0.0803,-0.0246,-0.0143,-9.87,-36.25,-6.56,232.44,-81.36,-162.18
52.431076,-1.538822,174.97,7.09,2,4.65,20 / 20,1190009,2019-09-06 19:39:55:752,-0.4569,-0.2225,9.8054,-0.0015,-0.0035,9.8066,0.0618,0.0144,0.0306,-9.37,-37.12,-6.69,227.79,-81.06,-162.6
52.431076,-1.538822,174.97,7.09,2,4.65,20 / 20,1190110,2019-09-06 19:39:55:853,0.3298,-0.9247,10.3549,0.0144,0.0146,9.8066,-0.0452,-0.0057,-0.0021,-10.19,-37.12,-6.44,233.78,-81.07,-161.97
52.431076,-1.538822,174.97,7.09,2,4.65,20 / 20,1190210,2019-09-06 19:39:55:953,-0.9672,0.0231,9.3783,0.0032,0.0033,9.8065,-0.0842,0.0312,-0.0118,-9.37,-37.06,-6.44,230.18,-81.03,-162.1
52.431076,-1.538822,174.97,7.09,2,4.65,20 / 20,1190309,2019-09-06 19:39:56:052,-0.3622,-0.598,9.4869,0.0132,0.016,9.8066,0.0557,0.0381,0.0104,-9.69,-37.31,-6.69,231.58,-81.01,-161.83
52.431076,-1.538822,174.97,7.09,2,4.65,20 / 20,1190409,2019-09-06 19:39:56:152,0.2869,0.0218,10.0278,-0.017,-0.0311,9.8066,0.1292,0.0119,0.003,-9.75,-37.19,-6.81,232.88,-81.3,-160.85
52.431076,-1.538822,174.97,7.09,2,4.65,20 / 20,1190510,2019-09-06 19:39:56:253,-0.395,0.1573,10.246,-0.026,-0.0319,9.8065,0.005,-0.0329,0.0157,-9.56,-37.56,-6.25,234.65,-81.33,-160.88
52.431076,-1.538822,174.97,7.09,2,4.65,20 / 20,1190609,2019-09-06 19:39:56:352,0.3372,0.8239,10.1864,0,0.0216,9.8066,-0.0007,-0.0108,-0.0317,-9.87,-37.75,-7.12,232.37,-81.3,-160.9
52.431076,-1.538822,174.97,7.09,2,4.65,20 / 20,1190710,2019-09-06 19:39:56:453,-0.347,-0.7509,9.6969,0.01,0.0096,9.8066,-0.0453,0.0097,-0.0123,-9.75,-37.25,-6.56,232.17,-81.27,-161.7
52.431076,-1.538822,174.97,7.09,2,4.65,20 / 20,1190810,2019-09-06 19:39:56:553,0.1077,-0.1314,9.6689,-0.006,0.0113,9.8066,-0.0888,0.0174,0.0289,-10.19,-36.81,-7.06,231.6,-81.27,-162.45
52.431076,-1.538822,174.97,7.09,2,4.65,20 / 20,1190910,2019-09-06 19:39:56:653,0.3619,-0.6823,9.9284,0.0117,0.018,9.8065,0.102,0.057,-0.1234,-9.62,-37.19,-6.44,233.36,-81.22,-162.94
52.431076,-1.538822,174.97,7.09,2,4.65,20 / 20,1191009,2019-09-06 19:39:56:752,0.0784,0.1969,10.3475,-0.0316,-0.0255,9.8065,0.1705,-0.0238,0.0451,-10.44,-37.25,-6.94,231.67,-81.47,-162.84
52.431076,-1.538822,174.97,7.09,2,4.65,20 / 20,1191109,2019-09-06 19:39:56:852,0.8781,0.6209,9.8235,-0.024,-0.0294,9.8066,-0.1128,0.0243,-0.0177,-10,-37.19,-6.69,231.24,-81.46,-163.37
52.431076,-1.538822,174.97,7.09,2,4.65,20 / 20,1191210,2019-09-06 19:39:56:953,0.6696,-0.3542,9.7788,0.0136,0.0277,9.8065,-0.1215,-0.005,0.0059,-10.37,-36.75,-6.62,231.34,-81.42,-163.17
52.431076,-1.538822,174.97,7.09,2,4.65,20 / 20,1191309,2019-09-06 19:39:57:052,-0.4154,-0.0602,10.009,0.0116,0.0181,9.8066,0.1565,-0.066,-0.0124,-10.37,-36.12,-6.12,233.37,-81.36,-163.95
52.431076,-1.538822,174.97,7.09,2,4.65,20 / 20,1191410,2019-09-06 19:39:57:153,0.5807,-0.9695,9.7445,-0.0328,-0.0364,9.8065,0.0935,-0.0759,0.0294,-10.69,-36.81,-5.06,239.43,-81.61,-163.58
52.431076,-1.538822,174.97,7.09,2,4.65,20 / 20,1191509,2019-09-06 19:39:57:252,-0.3896,0.4962,9.702,-0.0122,-0.0196,9.8066,0.0049,-0.0298,0.0051,-10.44,-35.06,-5.31,237.4,-81.61,-163.5
52.431076,-1.538822,174.97,7.09,2,4.65,20 / 20,1191610,2019-09-06 19:39:57:353,0.8882,0.0032,10.5675,-0.0042,-0.009,9.8066,0.0783,-0.0445,0.0597,-9.56,-34.19,-4.94,238.04,-81.58,-163.31
52.431076,-1.538822,174.97,7.09,2,4.65,20 / 20,1191709,2019-09-06 19:39:57:452,0.1009,-0.8837,9.6875,-0.0118,-0.002,9.8066,0.0502,0.0855,-0.0252,-8.5,-34.56,-4.44,232.63,-81.48,-163.46
52.431076,-1.538822,174.97,7.09,2,4.65,20 / 20,1191810,2019-09-06 19:39:57:553,-0.136,0.2535,9.8148,0.0037,-0.0068,9.8066,0.0753,0.004,0.033,-7.25,-34.37,-4.62,225.33,-81.31,-164.16
52.431076,-1.538822,174.97,7.09,2,4.65,20 / 20,1191910,2019-09-06 19:39:57:653,-0.3245,-0.0988,9.8964,-0.003,-0.0034,9.8066,0.0022,0.0195,-0.0768,-7.25,-35.5,-5.81,222.51,-81.19,-163.95
52.431076,-1.538822,174.97,7.09,2,4.65,20 / 20,1192010,2019-09-06 19:39:57:753,0.5335,0.6275,10.1485,-0.0129,-0.0006,9.8066,0.0265,-0.0471,0.0132,-7.44,-35.81,-6.56,220.15,-81.24,-164.15
52.431076,-1.538822,174.97,7.09,2,4.65,20 / 20,1192110,2019-09-06 19:39:57:853,0.2355,0.0086,10.2923,-0.0067,-0.0108,9.8065,-0.1062,0.0273,-0.023,-7.5,-36,-7.5,220.41,-81.36,-164.06
52.431076,-1.538822,174.97,7.09,2,4.65,20 / 20,1192210,2019-09-06 19:39:57:953,-0.805,-0.7737,9.297,0.0018,0.0287,9.8065,-0.0949,0.0293,0.018,-6.31,-35.81,-7.56,214.21,-81.37,-165.22
52.431076,-1.538822,174.97,7.09,2,4.65,20 / 20,1192310,2019-09-06 19:39:58:053,-0.3103,-0.3316,9.4119,0.0175,0.0363,9.8065,0.0771,-0.0068,-0.0379,-7.62,-36.75,-7.5,222.67,-81.3,-165.47
52.431076,-1.538822,174.97,7.09,2,4.65,20 / 20,1192409,2019-09-06 19:39:58:152,0.391,-0.3711,10.0069,-0.0104,-0.0115,9.8066,0.105,-0.0108,0.0075,-7.12,-36.69,-6.81,218.95,-81.35,-165.57
52.431076,-1.538822,174.97,7.09,2,4.65,20 / 20,1192510,2019-09-06 19:39:58:253,-0.236,-0.8224,9.9501,-0.0026,-0.0064,9.8066,-0.0454,0.0189,-0.0465,-7.37,-36.31,-6.81,219.29,-81.42,-165.84
52.431076,-1.538822,174.97,7.09,2,4.65,20 / 20,1192609,2019-09-06 19:39:58:352,-0.2295,-0.303,9.6501,-0.0214,-0.0122,9.8065,-0.0152,0.0249,0.0054,-7.69,-35.19,-6.69,223.14,-81.56,-166.58
52.431076,-1.538822,174.97,7.09,2,4.65,20 / 20,1192710,2019-09-06 19:39:58:453,0.5219,0.4416,9.8496,0.0057,-0.0013,9.8066,0.0533,0.0204,-0.0519,-7.62,-35.06,-6.87,223.13,-81.61,-166.72
52.431076,-1.538822,174.97,7.09,2,4.65,20 / 20,1192810,2019-09-06 19:39:58:553,-0.2429,-0.5489,10.3189,-0.0148,-0.0063,9.8066,0.0485,-0.0015,-0.0171,-9,-35.56,-7.75,224.08,-81.67,-166.97
52.431076,-1.538822,174.97,7.09,2,4.65,20 / 20,1192909,2019-09-06 19:39:58:652,-0.5255,0.1108,10.371,-0.022,-0.0188,9.8065,-0.0448,-0.0549,-0.0277,-9.75,-35.37,-7.69,227.08,-81.73,-167.74
52.431076,-1.538822,174.97,7.09,2,4.65,20 / 20,1193009,2019-09-06 19:39:58:752,-0.0416,0.5343,9.7402,0.005,0.0313,9.8066,-0.0555,0.0068,-0.0763,-9.44,-35.5,-7.62,223.79,-81.7,-167.9
52.431076,-1.538822,174.97,7.09,2,4.65,20 / 20,1193110,2019-09-06 19:39:58:853,-0.5918,-0.0188,10.5719,-0.012,-0.0297,9.8065,0.2025,-0.0376,0.0424,-8.87,-35.94,-6.87,224.13,-81.54,-169.34
52.431076,-1.538822,174.97,7.09,2,4.65,20 / 20,1193209,2019-09-06 19:39:58:952,0.0229,0.5605,10.6774,-0.0091,-0.0237,9.8066,0.1216,-0.0316,-0.091,-8.75,-37,-7.37,224.49,-81.63,-168.51
52.431076,-1.538822,174.97,7.09,2,4.65,20 / 20,1193310,2019-09-06 19:39:59:053,-0.3126,0.2362,10.2668,-0.0219,-0.0161,9.8065,0.1485,0.0233,-0.0049,-8.31,-36.06,-6.62,221,-81.63,-169.15
52.431076,-1.538822,174.97,7.09,2,4.65,20 / 21,1193409,2019-09-06 19:39:59:152,-0.7009,-0.4498,9.9267,0.0543,0.0491,9.8063,-0.2053,0.1084,-0.0008,-9,-35.81,-5.75,226.33,-81.29,-168.81
52.431076,-1.538822,174.97,7.09,2,4.65,20 / 21,1193510,2019-09-06 19:39:59:253,-0.4483,0.2628,9.1738,0.002,-0.0168,9.8065,-0.0016,-0.0077,0.0271,-9.12,-35.31,-5.37,229.52,-81.42,-168.89
52.431076,-1.538822,174.97,7.09,2,4.65,20 / 21,1193609,2019-09-06 19:39:59:352,0.4509,-0.1813,9.969,0.0145,0.0006,9.8066,-0.0542,0.0143,-0.0089,-10.06,-35.5,-6.06,231.28,-81.44,-167.54
52.431076,-1.538822,174.97,7.09,2,4.65,20 / 21,1193710,2019-09-06 19:39:59:453,0.2624,0.1175,9.9082,0.0169,-0.0026,9.8065,-0.106,-0.0906,0.0897,-9.69,-35.75,-6.44,231.62,-81.42,-166.4
52.431076,-1.538822,174.97,7.09,2,4.65,20 / 21,1193810,2019-09-06 19:39:59:553,-1.185,-0.7801,9.5272,0.022,0.0077,9.8066,-0.177,0.0374,-0.0404,-8.94,-35.75,-6.81,226.8,-81.43,-165.46
52.431076,-1.538822,174.97,7.09,2,4.65,20 / 21,1193910,2019-09-06 19:39:59:653,-0.7105,-0.4594,9.5286,0.0161,0.0325,9.8065,0.155,-0.0121,0.059,-8.69,-35,-7.56,225.04,-81.38,-165.6
52.431076,-1.538822,174.97,7.09,2,4.65,20 / 21,1194010,2019-09-06 19:39:59:753,0.6832,-0.5924,9.9723,0.0039,-0.0159,9.8065,0.0623,-0.0751,0.0009,-8.87,-36,-7.31,227,-81.36,-165.02
52.431076,-1.538822,174.97,7.09,2,4.65,20 / 21,1194109,2019-09-06 19:39:59:852,-0.2818,-0.4241,10.0274,-0.004,-0.0008,9.8066,0.0554,0.0026,-0.0039,-9.81,-35.62,-6.69,230.02,-81.19,-164.92
52.431076,-1.538822,174.97,7.09,2,4.65,20 / 21,1194210,2019-09-06 19:39:59:953,-1.7321,-1.5139,9.6445,-0.0105,-0.025,9.8065,0.0879,0.0372,0.0075,-9.5,-36.19,-6.62,226.1,-81.15,-165.74
52.431076,-1.538822,174.97,7.09,2,4.65,20 / 21,1194310,2019-09-06 19:40:00:053,-0.0447,-0.0708,9.8569,-0.0122,-0.0175,9.8066,0.0858,-0.0162,-0.0167,-9.75,-36.19,-6.37,232.35,-81.31,-165.15
52.431713,-1.538722,176.01,8.33,2,5.49,20 / 21,1194409,2019-09-06 19:40:00:152,0.3881,-0.5625,9.8661,-0.0225,-0.0373,9.8065,-0.0316,0.0292,0.0127,-9.37,-36,-6.12,229.05,-81.32,-165.15
52.431713,-1.538722,176.01,8.33,2,5.49,20 / 21,1194510,2019-09-06 19:40:00:253,-1.0222,0.8175,9.8529,-0.0025,0.0023,9.8066,-0.0399,-0.0227,-0.0421,-9.62,-36.5,-6,232.25,-81.34,-165.37
52.431713,-1.538722,176.01,8.33,2,5.49,20 / 21,1194609,2019-09-06 19:40:00:352,-1.1545,-0.4668,9.8699,-0.0163,-0.0066,9.8066,-0.0448,-0.0389,0.0728,-8.69,-35.94,-5.94,229.19,-81.48,-165.37
52.431713,-1.538722,176.01,8.33,2,5.49,20 / 21,1194709,2019-09-06 19:40:00:452,-0.425,-1.0514,10.0812,0.0183,0.0087,9.8066,-0.079,0.0374,-0.0328,-8.75,-35.75,-6.75,227.41,-81.53,-164.89
52.431713,-1.538722,176.01,8.33,2,5.49,20 / 21,1194810,2019-09-06 19:40:00:553,-0.98,0.253,9.6231,-0.0043,0.014,9.8066,0.0396,-0.0365,0.0925,-7.37,-34.37,-6.81,220.52,-81.45,-165.32
52.431713,-1.538722,176.01,8.33,2,5.49,20 / 21,1194909,2019-09-06 19:40:00:652,0.6435,-0.2375,9.8512,0.0116,0.0072,9.8066,-0.0057,-0.0207,-0.0025,-7.31,-34.12,-7.31,220.4,-81.4,-165.37
52.431713,-1.538722,176.01,8.33,2,5.49,20 / 21,1195009,2019-09-06 19:40:00:752,-0.6281,-0.7561,10.4239,0.0046,0.0207,9.8066,0.1026,-0.0442,0.0501,-6.12,-33.31,-7.19,216.83,-81.36,-165.21
52.431713,-1.538722,176.01,8.33,2,5.49,20 / 21,1195109,2019-09-06 19:40:00:852,0.1641,-0.3935,9.9228,-0.0078,-0.0118,9.8065,0.015,0.0104,0.0258,-6.19,-32.94,-8.5,214.98,-81.38,-165.67
52.431713,-1.538722,176.01,8.33,2,5.49,20 / 21,1195210,2019-09-06 19:40:00:953,0.1067,-0.1556,9.8191,-0.001,0.0134,9.8066,0.0296,-0.0167,-0.0621,-8.5,-32.25,-9.12,220.38,-81.3,-166.4
52.431713,-1.538722,176.01,8.33,2,5.49,20 / 21,1195310,2019-09-06 19:40:01:053,-0.4682,0.1044,9.3818,-0.0125,-0.0106,9.8066,-0.0117,0.0221,-0.011,-9.62,-32.81,-7.69,228.02,-81.18,-166.46
52.431713,-1.538722,176.01,8.33,2,5.49,20 / 21,1195409,2019-09-06 19:40:01:152,-0.9617,0.3724,9.4882,-0.0077,-0.0008,9.8066,0.059,-0.0046,0.0108,-10.5,-32.87,-5.87,232.64,-81.27,-166.62
52.431713,-1.538722,176.01,8.33,2,5.49,20 / 21,1195510,2019-09-06 19:40:01:253,-0.8664,-0.5266,10.0199,-0.0067,-0.0141,9.8066,-0.0514,-0.0171,-0.0613,-9.12,-33.31,-4.94,232.26,-81.42,-166.62
52.431713,-1.538722,176.01,8.33,2,5.49,20 / 21,1195610,2019-09-06 19:40:01:353,-0.5525,-0.1058,10.1501,-0.0168,-0.0237,9.8065,-0.0256,-0.0141,0.0054,-9.81,-33.87,-5.75,232.79,-81.53,-166.41
52.431713,-1.538722,176.01,8.33,2,5.49,20 / 21,1195709,2019-09-06 19:40:01:452,0.6223,0.7091,10.3486,0.0193,0.0153,9.8066,-0.0079,-0.0069,0.0356,-9.37,-33.5,-5.06,232.11,-81.43,-166.83
52.431713,-1.538722,176.01,8.33,2,5.49,20 / 21,1195810,2019-09-06 19:40:01:553,-0.5177,-0.0395,9.8274,0.0145,0.0117,9.8065,0.0279,-0.0198,0.0298,-10,-34.12,-6.12,232.75,-81.4,-166.14
52.431713,-1.538722,176.01,8.33,2,5.49,20 / 21,1195910,2019-09-06 19:40:01:653,-0.2181,-0.6464,10.4083,0.0103,-0.0127,9.8065,0.0661,0.028,-0.0291,-9,-34.81,-6.25,228.96,-81.37,-166.03
52.431713,-1.538722,176.01,8.33,2,5.49,20 / 21,1196010,2019-09-06 19:40:01:753,0.5985,0.0433,10.561,-0.0098,-0.02,9.8066,-0.0743,0.0479,0.0123,-8.94,-35.62,-6.19,229.29,-81.39,-165.01
52.431713,-1.538722,176.01,8.33,2,5.49,20 / 21,1196110,2019-09-06 19:40:01:853,-0.4355,0.0948,10.254,0.0131,0.0271,9.8066,-0.0481,0.0208,0.038,-7.87,-36.06,-6.37,224.79,-81.21,-165.72
52.431713,-1.538722,176.01,8.33,2,5.49,20 / 21,1196209,2019-09-06 19:40:01:952,0.3255,-0.0919,10.3125,0.0224,0.0095,9.8066,-0.0279,-0.0076,-0.0189,-7.25,-35.81,-7.06,219.45,-81.14,-164.93
52.431713,-1.538722,176.01,8.33,2,5.49,20 / 21,1196309,2019-09-06 19:40:02:052,-0.0454,-0.9166,9.9342,0.0032,0.0124,9.8066,0.0194,0.0184,-0.026,-7.06,-35.44,-7.19,220.19,-81.08,-164.31
52.431713,-1.538722,176.01,8.33,2,5.49,20 / 21,1196409,2019-09-06 19:40:02:152,-0.1216,-0.1205,9.9876,-0.0053,-0.0017,9.8066,-0.0573,-0.0344,0.0157,-7.5,-35.44,-8.19,218.26,-81.07,-164.71
52.431713,-1.538722,176.01,8.33,2,5.49,20 / 21,1196509,2019-09-06 19:40:02:252,-0.3003,-0.0124,9.7223,-0.0086,-0.0047,9.8066,-0.096,0.0204,-0.083,-8,-34.5,-8.44,222.5,-81.23,-164.71
52.431713,-1.538722,176.01,8.33,2,5.49,20 / 21,1196609,2019-09-06 19:40:02:352,-0.5062,-1.2044,9.4993,-0.0095,0.0096,9.8066,0.0711,-0.0033,0.0106,-7.5,-34.44,-8.44,218.58,-81.39,-165.48
52.431713,-1.538722,176.01,8.33,2,5.49,20 / 21,1196710,2019-09-06 19:40:02:453,0.1811,0.0694,9.6051,-0.0286,-0.0316,9.8065,0.1238,-0.011,-0.0233,-8.81,-34.31,-7.06,228.06,-81.73,-165.65
52.431713,-1.538722,176.01,8.33,2,5.49,20 / 21,1196810,2019-09-06 19:40:02:553,0.0683,0.5559,9.7655,-0.0226,-0.0235,9.8065,-0.0973,0.0018,-0.0126,-8.81,-35.12,-6.12,229.69,-81.74,-166.03
52.431713,-1.538722,176.01,8.33,2,5.49,20 / 21,1196909,2019-09-06 19:40:02:652,-0.7767,-0.1041,10.2369,-0.0032,0.0162,9.8066,-0.0084,0.0386,-0.0534,-9.37,-35.31,-6.31,229.18,-81.84,-166.95
52.431713,-1.538722,176.01,8.33,2,5.49,20 / 21,1197009,2019-09-06 19:40:02:752,-1.2167,-0.3282,10.4028,-0.0053,0.005,9.8066,0.048,-0.0443,0.0336,-9.62,-36.56,-5.94,230.7,-81.89,-168.22
52.431713,-1.538722,176.01,8.33,2,5.49,20 / 21,1197110,2019-09-06 19:40:02:853,0.0293,0.7618,9.7833,0.0061,0.0014,9.8066,0.0261,0.02,-0.0682,-9.94,-37.06,-5.87,231,-81.77,-167.53
52.431713,-1.538722,176.01,8.33,2,5.49,20 / 21,1197210,2019-09-06 19:40:02:953,-0.3066,0.1853,9.7975,0.0137,0.0128,9.8065,0.022,0.0495,0.0226,-9.19,-36.56,-5.56,227.42,-81.7,-167.73
52.431713,-1.538722,176.01,8.33,2,5.49,20 / 21,1197310,2019-09-06 19:40:03:053,0.913,-0.1589,10.2577,0.0052,-0.0143,9.8065,0.0863,-0.0543,0.0802,-9.81,-37.44,-6.37,231.51,-81.72,-166.71
52.431713,-1.538722,176.01,8.33,2,5.49,20 / 21,1197409,2019-09-06 19:40:03:152,-0.0026,0.7457,9.941,0.0036,-0.0147,9.8066,-0.151,-0.0809,-0.0362,-9.44,-37,-5.94,229.13,-81.69,-165.39
52.431713,-1.538722,176.01,8.33,2,5.49,20 / 21,1197509,2019-09-06 19:40:03:252,0.4266,-1.9493,10.2887,0.014,0.0252,9.8065,-0.1133,0.0513,-0.0218,-9.69,-37.44,-7.06,230.77,-81.72,-164.64
52.431713,-1.538722,176.01,8.33,2,5.49,20 / 21,1197610,2019-09-06 19:40:03:353,0.1894,-0.3109,10.0971,0.0163,0.0297,9.8065,0.1719,0.084,-0.0066,-9.62,-37.19,-6.62,229.27,-81.47,-166.01
52.431713,-1.538722,176.01,8.33,2,5.49,20 / 21,1197710,2019-09-06 19:40:03:453,-0.8649,-1.5551,10.3124,-0.0061,0.0088,9.8065,0.105,-0.0321,-0.01,-9.12,-38.31,-6.81,225.14,-81.28,-166.2
52.431713,-1.538722,176.01,8.33,2,5.49,20 / 21,1197810,2019-09-06 19:40:03:553,-1.8706,1.4592,9.5595,-0.0199,-0.0353,9.8065,-0.1105,-0.0774,0.0816,-8.94,-37.62,-6.56,225.14,-81.36,-166.4
52.431713,-1.538722,176.01,8.33,2,5.49,20 / 21,1197909,2019-09-06 19:40:03:652,-0.5885,-0.4437,10.0062,0.0376,0.0336,9.8064,-0.1619,0.0264,0.036,-8.69,-37.25,-7.25,225.04,-81.21,-166.75
52.431713,-1.538722,176.01,8.33,2,5.49,20 / 21,1198009,2019-09-06 19:40:03:752,-0.4068,-1.7969,9.82,0.0157,0.031,9.8065,0.0181,0.0656,-0.0369,-8.62,-37.06,-7.87,224.17,-81.47,-165.91
52.431713,-1.538722,176.01,8.33,2,5.49,20 / 21,1198110,2019-09-06 19:40:03:853,-3.2743,-1.1157,10.3707,-0.0172,-0.0193,9.8065,0.256,0.0412,0.0244,-7.37,-37.06,-7.31,219.22,-81.73,-166.11
52.431713,-1.538722,176.01,8.33,2,5.49,20 / 21,1198210,2019-09-06 19:40:03:953,3.02,-0.8609,9.9568,0.0497,-0.0595,9.8063,-0.2222,0.0008,0.029,-9,-37.12,-6.69,228.49,-81.54,-162.86
52.431713,-1.538722,176.01,8.33,2,5.49,20 / 21,1198310,2019-09-06 19:40:04:053,0.6039,-0.0518,8.6576,0.1134,0.0796,9.8057,-0.0983,0.0181,0.1447,-8.25,-37.19,-6.37,226.22,-80.07,-159.67
52.431713,-1.538722,176.01,8.33,2,5.49,20 / 21,1198409,2019-09-06 19:40:04:152,1.1918,-1.9553,9.1574,0.0484,0.0343,9.8064,-0.024,0.0615,-0.015,-9.06,-37.31,-5.75,230.96,-79.81,-157.46
52.431713,-1.538722,176.01,8.33,2,5.49,20 / 21,1198509,2019-09-06 19:40:04:252,2.8572,0.3165,8.5844,-0.0579,-0.0608,9.8062,-0.1255,-0.1054,0.0109,-8.87,-37.5,-6.06,234.68,-80.81,-155.26
52.431713,-1.538722,176.01,8.33,2,5.49,20 / 21,1198610,2019-09-06 19:40:04:353,-1.1668,-2.853,9.7107,-0.0797,-0.0278,9.8062,-0.3034,0.0055,0.0568,-8.31,-36.75,-7.62,229.28,-81.85,-155.31
52.431713,-1.538722,176.01,8.33,2,5.49,20 / 21,1198709,2019-09-06 19:40:04:452,-1.1254,-4.438,10.6792,0.0118,-0.0092,9.8066,-0.3243,0.0249,-0.0912,-8.75,-36.25,-7.44,238.64,-82.62,-153.31
52.431713,-1.538722,176.01,8.33,2,5.49,20 / 21,1198810,2019-09-06 19:40:04:553,-0.0208,-1.8472,10.2555,-0.0243,-0.0092,9.8065,0.5918,-0.0286,-0.0555,-8.81,-36.19,-5.56,238.56,-82.11,-154.88
52.431713,-1.538722,176.01,8.33,2,5.49,20 / 21,1198909,2019-09-06 19:40:04:652,0.9308,2.4635,9.2039,-0.0271,0.0266,9.8066,0.5248,-0.0631,-0.1125,-9.87,-36.62,-5.25,238.27,-81.44,-160.48
52.431713,-1.538722,176.01,8.33,2,5.49,20 / 21,1199010,2019-09-06 19:40:04:753,-0.1832,1.3151,9.4899,-0.0177,0.0082,9.8066,-0.1627,0.0013,-0.0665,-9.5,-36.31,-5,231.41,-80.78,-163.71
52.431713,-1.538722,176.01,8.33,2,5.49,20 / 21,1199110,2019-09-06 19:40:04:853,-0.7397,-1.0338,9.3857,-0.0003,0.0002,9.8065,-0.1059,-0.0064,0.0279,-9.62,-37,-5.62,231.4,-80.8,-164.44
52.431713,-1.538722,176.01,8.33,2,5.49,20 / 21,1199210,2019-09-06 19:40:04:953,0.2516,-0.2043,10.081,-0.0093,-0.0324,9.8065,-0.1539,-0.0348,-0.017,-9.25,-36.25,-6.62,228.41,-81.31,-163
52.431713,-1.538722,176.01,8.33,2,5.49,20 / 21,1199310,2019-09-06 19:40:05:053,-1.0504,-0.4972,9.5134,-0.0022,0.0037,9.8065,-0.0854,0.0004,-0.0154,-8.87,-36.62,-6.56,229.59,-81.69,-161.78
52.431713,-1.538722,176.01,8.33,2,5.49,20 / 21,1199409,2019-09-06 19:40:05:152,-0.2813,0.0308,9.7387,0.0138,0.0229,9.8066,0.1002,0.0445,-0.0113,-9.31,-36.44,-5.56,232.04,-81.62,-161.94
52.431713,-1.538722,176.01,8.33,2,5.49,20 / 21,1199510,2019-09-06 19:40:05:253,-1.0314,-0.5432,9.7566,0.0077,0.0027,9.8066,0.0546,0.0124,-0.0107,-10.06,-35.87,-5.56,234.73,-81.37,-162.23
52.431713,-1.538722,176.01,8.33,2,5.49,20 / 21,1199609,2019-09-06 19:40:05:352,0.2082,-0.1047,9.7241,0.0046,0.005,9.8066,-0.0142,-0.0367,-0.0272,-11.25,-36.25,-6.12,237.11,-81.16,-162.63
52.431713,-1.538722,176.01,8.33,2,5.49,20 / 21,1199709,2019-09-06 19:40:05:452,-1.263,-0.4153,9.5979,-0.0033,-0.0033,9.8066,0.005,0.0418,0.0105,-10.75,-36.19,-6.69,234.45,-81.11,-162.92
52.431713,-1.538722,176.01,8.33,2,5.49,20 / 21,1199810,2019-09-06 19:40:05:553,-0.0592,-0.7604,10.1414,0.0038,-0.0014,9.8066,-0.0095,0.065,0.0022,-10.31,-36.75,-6.69,231.1,-81.12,-162.72
52.431713,-1.538722,176.01,8.33,2,5.49,20 / 21,1199910,2019-09-06 19:40:05:653,0.0788,-0.042,9.808,0.0131,0.0104,9.8066,-0.0151,-0.0362,0.0309,-10.69,-37.06,-6.94,234.77,-81.22,-162.18
52.431713,-1.538722,176.01,8.33,2,5.49,20 / 21,1200010,2019-09-06 19:40:05:753,0.2547,-0.2796,9.6168,0.0115,-0.0045,9.8066,-0.1151,-0.0557,0.0248,-9.75,-36.5,-7.62,230.54,-81.15,-161.47
52.431713,-1.538722,176.01,8.33,2,5.49,20 / 21,1200109,2019-09-06 19:40:05:852,0.0066,-0.3438,9.599,0.0221,0.028,9.8066,-0.1094,-0.0044,-0.009,-9.37,-36.25,-7.44,228.87,-81.03,-161.66
52.431713,-1.538722,176.01,8.33,2,5.49,20 / 21,1200209,2019-09-06 19:40:05:952,-0.3389,0.0623,9.236,0.0151,0.029,9.8065,-0.0771,-0.0101,-0.0232,-9.56,-36.06,-7.5,232.23,-81.07,-161.73
52.431713,-1.538722,176.01,8.33,2,5.49,20 / 21,1200313,2019-09-06 19:40:06:056,-0.5743,-0.0872,9.6818,-0.0204,-0.0332,9.8065,0.0197,-0.0498,-0.0055,-8.37,-35.87,-6.87,225.46,-81.08,-161.57
52.431713,-1.538722,176.01,8.33,2,5.49,20 / 21,1200410,2019-09-06 19:40:06:153,-0.2261,0.2196,9.99,-0.0128,-0.0164,9.8066,0.0224,0.0353,-0.0336,-8.94,-36.19,-6.75,229.8,-81.35,-161.22
52.431713,-1.538722,176.01,8.33,2,5.49,20 / 21,1200509,2019-09-06 19:40:06:252,-0.513,0.197,9.9696,-0.0114,-0.0152,9.8066,0.0132,-0.0087,0.0233,-8.94,-36.25,-6.56,230.36,-81.53,-160.94
52.431713,-1.538722,176.01,8.33,2,5.49,20 / 21,1200610,2019-09-06 19:40:06:353,0.6121,0.1979,10.0297,-0.0252,-0.036,9.8065,0.0636,0.0219,-0.0501,-9.69,-36.87,-5.94,236,-81.71,-160.86
52.431713,-1.538722,176.01,8.33,2,5.49,20 / 21,1200709,2019-09-06 19:40:06:452,-1.1817,-1.5017,9.9167,0.0105,0.027,9.8065,0.0324,-0.0087,0.0263,-9.25,-36.62,-6.5,231.79,-81.66,-161.7
52.431713,-1.538722,176.01,8.33,2,5.49,20 / 21,1200809,2019-09-06 19:40:06:552,-0.7881,-0.7225,9.933,-0.0002,0.0164,9.8066,-0.0591,-0.0385,-0.0036,-9.37,-37.31,-6.69,229.49,-81.73,-162.02
52.431713,-1.538722,176.01,8.33,2,5.49,20 / 21,1200909,2019-09-06 19:40:06:652,-1.1326,-0.354,9.5494,-0.013,-0.018,9.8065,0.0431,0.008,0.0528,-9.56,-37.44,-6.19,235.05,-81.76,-162.24
52.431713,-1.538722,176.01,8.33,2,5.49,20 / 21,1201010,2019-09-06 19:40:06:753,-0.6474,-0.5536,10.1168,-0.0086,-0.0041,9.8066,0.0294,0.0395,-0.0109,-9.69,-37.12,-6.56,232.84,-81.81,-162.19
52.431713,-1.538722,176.01,8.33,2,5.49,20 / 21,1201110,2019-09-06 19:40:06:853,-0.0411,0.1029,9.9005,0.0007,0.0078,9.8066,-0.0494,-0.0053,-0.0096,-9.69,-37.37,-6.5,234.51,-81.73,-162.85
52.431713,-1.538722,176.01,8.33,2,5.49,20 / 21,1201210,2019-09-06 19:40:06:953,-0.3791,-0.5776,9.767,-0.0155,-0.0107,9.8065,-0.03,0.0653,-0.0406,-10.12,-37.06,-6.31,234.11,-81.7,-163.28
52.431713,-1.538722,176.01,8.33,2,5.49,20 / 21,1201310,2019-09-06 19:40:07:053,-1.0211,-0.3561,9.6576,0.0063,0.0013,9.8066,-0.0147,-0.0208,0.0274,-10.19,-37.31,-6.87,231.92,-81.72,-163.14
52.431713,-1.538722,176.01,8.33,2,5.49,20 / 21,1201409,2019-09-06 19:40:07:152,-0.4402,-1.0481,10.2707,0.0081,0.0066,9.8066,-0.05,-0.0339,0.0075,-10.19,-37.12,-6.75,231.93,-81.69,-163.07
52.431713,-1.538722,176.01,8.33,2,5.49,20 / 21,1201510,2019-09-06 19:40:07:253,-0.1519,-0.2969,9.7737,-0.0049,-0.0103,9.8066,0.038,-0.0246,-0.015,-10.5,-37.56,-6.37,233.53,-81.62,-163.19
52.431713,-1.538722,176.01,8.33,2,5.49,20 / 21,1201610,2019-09-06 19:40:07:353,-0.6344,-0.755,9.8174,-0.0046,-0.0034,9.8066,0.0313,-0.0446,0.0145,-9.75,-37.62,-6,233.39,-81.61,-163.33
52.431713,-1.538722,176.01,8.33,2,5.49,20 / 21,1201710,2019-09-06 19:40:07:453,0.1232,-0.7073,9.852,0.0072,0.0005,9.8066,0.026,0.0231,-0.0084,-9.81,-36.94,-6.69,231.28,-81.46,-163.35
52.431713,-1.538722,176.01,8.33,2,5.49,20 / 21,1201810,2019-09-06 19:40:07:553,-1.1314,-0.1087,9.7659,-0.0125,-0.0035,9.8066,0.0085,0.0386,-0.0179,-9.5,-37.19,-6.25,230.02,-81.48,-163.61
52.431713,-1.538722,176.01,8.33,2,5.49,20 / 21,1201910,2019-09-06 19:40:07:653,-0.4164,-0.8158,9.9463,0.0112,0.0047,9.8066,-0.0849,0.0579,-0.0303,-9.94,-37.75,-6.5,233.51,-81.51,-162.89
52.431713,-1.538722,176.01,8.33,2,5.49,20 / 21,1202010,2019-09-06 19:40:07:753,-1.3728,-0.8283,9.8808,-0.0126,-0.0035,9.8066,-0.0718,0.021,0.0461,-9.87,-37.25,-6.75,232.22,-81.79,-162.93
52.431713,-1.538722,176.01,8.33,2,5.49,20 / 21,1202110,2019-09-06 19:40:07:853,-0.7087,-1.2579,9.7612,-0.0022,-0.0113,9.8065,-0.0472,0.0634,-0.0204,-10.06,-36.94,-6.56,233.01,-81.94,-162.29
52.431713,-1.538722,176.01,8.33,2,5.49,20 / 21,1202210,2019-09-06 19:40:07:953,-1.5243,-1.6165,9.812,0.0057,0.0103,9.8066,0.0239,0.0313,0.0266,-10,-36.94,-7.44,233.71,-82.09,-161.78
52.431713,-1.538722,176.01,8.33,2,5.49,20 / 21,1202309,2019-09-06 19:40:08:052,-1.7233,-0.4616,9.8753,-0.0079,-0.0182,9.8066,-0.0166,0.0322,0.0306,-9.62,-37.69,-7.06,233.96,-82.23,-161.27
52.431713,-1.538722,176.01,8.33,2,5.49,20 / 21,1202409,2019-09-06 19:40:08:152,-1.0937,-0.5086,10.0007,-0.0129,-0.0174,9.8065,-0.0173,0.0872,-0.0171,-8.69,-37.25,-6.75,231.38,-82.27,-160.95
52.431713,-1.538722,176.01,8.33,2,5.49,20 / 21,1202510,2019-09-06 19:40:08:253,-1.9039,-0.921,10.0122,-0.0017,-0.0016,9.8065,-0.0205,0.1312,-0.053,-8.69,-37.81,-7.31,231.12,-82.29,-160.76
52.431713,-1.538722,176.01,8.33,2,5.49,20 / 21,1202609,2019-09-06 19:40:08:352,-1.7577,-1.053,9.702,-0.002,0.0037,9.8066,-0.0003,0.1142,-0.0021,-8.87,-37.06,-7.06,231.61,-82.38,-160.93
52.431713,-1.538722,176.01,8.33,2,5.49,20 / 21,1202710,2019-09-06 19:40:08:453,-2.0062,-0.5478,9.3971,-0.0231,-0.0156,9.8066,0.0167,0.1677,-0.0581,-8.44,-37.06,-7.25,227.64,-82.44,-161.55
52.431713,-1.538722,176.01,8.33,2,5.49,20 / 21,1202810,2019-09-06 19:40:08:553,-2.4144,-1.1742,9.9067,-0.0054,0.0008,9.8066,-0.0143,0.1609,-0.0653,-8.19,-36.75,-7.25,227.51,-82.63,-162.24
52.431713,-1.538722,176.01,8.33,2,5.49,20 / 21,1202910,2019-09-06 19:40:08:653,-2.6372,-0.5631,10.0539,-0.0084,-0.0002,9.8065,0.0802,0.1937,-0.0465,-7.75,-36.37,-7.25,227.23,-82.7,-163.32
52.431713,-1.538722,176.01,8.33,2,5.49,20 / 21,1203010,2019-09-06 19:40:08:753,-2.7467,-0.2298,9.5865,-0.0079,0.0115,9.8065,0.0376,0.2537,-0.0648,-7.12,-36.06,-6.62,222.25,-82.63,-164.64
52.431713,-1.538722,176.01,8.33,2,5.49,20 / 21,1203110,2019-09-06 19:40:08:853,-2.069,-0.6354,9.9601,-0.003,0.0161,9.8066,-0.0493,0.3031,-0.0718,-5.69,-36.37,-6.06,218.78,-82.55,-166.24
52.431713,-1.538722,176.01,8.33,2,5.49,20 / 21,1203210,2019-09-06 19:40:08:953,-2.684,-0.3055,9.9187,-0.0169,0.0147,9.8065,0.0157,0.35,-0.1131,-6,-36.25,-6.44,217.79,-82.61,-167.83
52.431713,-1.538722,176.01,8.33,2,5.49,20 / 21,1203309,2019-09-06 19:40:09:052,-2.8609,-0.8045,9.6737,-0.0174,0.0104,9.8066,-0.0094,0.3142,-0.0911,-5.31,-36.75,-5.81,211.36,-82.62,-170.16
52.432327,-1.538621,177.39,5.06,2,354.27,20 / 21,1203410,2019-09-06 19:40:09:153,-2.5276,0.0515,9.6498,-0.0271,0.0164,9.8066,0.065,0.3715,-0.1054,-4.44,-36.37,-5.5,206.59,-82.58,-173.27
52.432327,-1.538621,177.39,5.06,2,354.27,20 / 21,1203509,2019-09-06 19:40:09:252,-2.5191,-0.8771,10.154,-0.0204,-0.0011,9.8066,0.0602,0.3878,-0.0958,-3.31,-36.37,-5.31,199.89,-82.58,-175.49
52.432327,-1.538621,177.39,5.06,2,354.27,20 / 21,1203610,2019-09-06 19:40:09:353,-2.5265,-0.6588,9.8859,-0.0055,0.022,9.8066,-0.0267,0.3592,-0.0741,-3.75,-36.62,-6.19,201.92,-82.38,-177.21
52.432327,-1.538621,177.39,5.06,2,354.27,20 / 21,1203710,2019-09-06 19:40:09:453,-2.6113,-1.2281,9.2319,-0.0131,0.0045,9.8066,-0.0252,0.3943,-0.0646,-2.87,-36.31,-5.25,198.04,-82.43,-178.47
52.432327,-1.538621,177.39,5.06,2,354.27,20 / 21,1203810,2019-09-06 19:40:09:553,-1.7964,-1.1967,10.0351,-0.0028,-0.0059,9.8066,-0.0032,0.379,-0.0733,-2.25,-36.87,-5.06,192.24,-82.48,-178.67
52.432327,-1.538621,177.39,5.06,2,354.27,20 / 21,1203910,2019-09-06 19:40:09:653,-1.5936,-1.9926,10.3448,-0.0077,-0.0097,9.8066,0.0402,0.3811,-0.0605,-0.87,-36.25,-6.06,185.81,-82.63,-179.29
52.432327,-1.538621,177.39,5.06,2,354.27,20 / 21,1204009,2019-09-06 19:40:09:752,-1.8721,-2.5035,9.9468,-0.0099,-0.0037,9.8066,-0.0039,0.4156,-0.0609,-0.81,-36.62,-5.31,185.82,-82.62,179.88
52.432327,-1.538621,177.39,5.06,2,354.27,20 / 21,1204110,2019-09-06 19:40:09:853,-1.1599,-2.4673,9.4513,-0.0016,-0.0087,9.8066,-0.013,0.368,-0.0149,0.38,-37.5,-4.75,179.74,-82.63,179.49
52.432327,-1.538621,177.39,5.06,2,354.27,20 / 21,1204210,2019-09-06 19:40:09:953,-0.9492,-2.5607,9.9611,0.0043,-0.0117,9.8066,-0.0317,0.3995,-0.059,0.31,-37.12,-5.5,179.81,-82.85,179.64
52.432327,-1.538621,177.39,5.06,2,354.27,20 / 21,1204310,2019-09-06 19:40:10:053,-1.2045,-2.0002,9.4516,0.0025,-0.0113,9.8065,-0.0136,0.3493,-0.0414,1.88,-36.69,-5.44,168.04,-83.02,179.96
52.432327,-1.538621,177.39,5.06,2,354.27,20 / 21,1204410,2019-09-06 19:40:10:153,-0.0506,-2.194,9.5927,0.0054,0.0036,9.8066,0.0459,0.3568,-0.0272,1.88,-36.37,-4.62,167.85,-83.11,-179.98
52.432327,-1.538621,177.39,5.06,2,354.27,20 / 21,1204509,2019-09-06 19:40:10:252,-0.3723,-2.2885,9.6804,-0.0073,0.0055,9.8066,-0.0085,0.3589,-0.0605,2.19,-37.19,-3.94,166.55,-83.08,179.79
52.432327,-1.538621,177.39,5.06,2,354.27,20 / 21,1204610,2019-09-06 19:40:10:353,-0.2241,-1.9425,9.7604,0.0056,-0.0117,9.8066,-0.0065,0.3606,-0.029,2.69,-37.62,-3.69,160.33,-83.11,179.45
52.432327,-1.538621,177.39,5.06,2,354.27,20 / 21,1204709,2019-09-06 19:40:10:452,-0.1032,-1.357,10.0146,0.0126,-0.0147,9.8065,-0.024,0.3376,-0.0146,2.81,-36.81,-4,160.26,-83.2,-179.99
52.432327,-1.538621,177.39,5.06,2,354.27,20 / 21,1204810,2019-09-06 19:40:10:553,0.118,-1.4388,9.8474,0.0084,-0.0059,9.8066,-0.0269,0.3273,-0.0247,4.06,-37.37,-3.56,154.39,-83.36,-179.57
52.432327,-1.538621,177.39,5.06,2,354.27,20 / 21,1204910,2019-09-06 19:40:10:653,0.3832,-1.2551,9.8574,0.0078,-0.0086,9.8066,-0.0437,0.2999,-0.032,4.69,-37.31,-3.69,149.02,-83.58,-178.94
52.432327,-1.538621,177.39,5.06,2,354.27,20 / 21,1205009,2019-09-06 19:40:10:752,0.5542,-1.4328,9.7435,0.0054,-0.0155,9.8066,0.0135,0.313,-0.0451,4.5,-36.94,-3.31,144.87,-83.8,-179.19
52.432327,-1.538621,177.39,5.06,2,354.27,20 / 21,1205109,2019-09-06 19:40:10:852,0.2995,-1.3313,10.0413,0.0052,-0.0193,9.8066,0.0204,0.3121,-0.05,5.13,-37.19,-3.44,144.04,-83.94,-179.98
52.432327,-1.538621,177.39,5.06,2,354.27,20 / 21,1205210,2019-09-06 19:40:10:953,0.1019,-0.8567,9.9219,-0.0027,-0.0074,9.8066,-0.0121,0.3241,-0.0209,5.94,-36.31,-2.75,137.34,-84.02,178.6
52.432327,-1.538621,177.39,5.06,2,354.27,20 / 21,1205317,2019-09-06 19:40:11:060,0.2596,-0.5422,9.8029,0.0108,-0.0075,9.8066,0.0071,0.2974,-0.0149,5.5,-36.69,-2.19,133.09,-84.09,178.65
52.432327,-1.538621,177.39,5.06,2,354.27,20 / 21,1205409,2019-09-06 19:40:11:152,0.4096,-0.7002,9.7224,0.0004,-0.0067,9.8066,-0.0023,0.2968,-0.0273,6.69,-37.06,-1.81,128.41,-84.09,178.3
52.432327,-1.538621,177.39,5.06,2,354.27,20 / 21,1205509,2019-09-06 19:40:11:252,0.2272,-0.5337,9.7002,-0.0021,-0.0071,9.8066,0.0089,0.2924,-0.0263,6.75,-37.06,-2.19,127.81,-84.11,177.59
52.432327,-1.538621,177.39,5.06,2,354.27,20 / 21,1205609,2019-09-06 19:40:11:352,0.134,-0.0924,10.0596,-0.0054,-0.0007,9.8066,0.0186,0.2636,-0.0098,7.56,-37.31,-1.62,123.75,-84.06,177.05
52.432327,-1.538621,177.39,5.06,2,354.27,20 / 21,1205710,2019-09-06 19:40:11:453,-0.0002,-0.1061,9.8936,-0.0078,-0.0009,9.8066,0.0233,0.2647,-0.037,7.31,-37,-1.25,122.46,-83.99,176.79
52.432327,-1.538621,177.39,5.06,2,354.27,20 / 21,1205809,2019-09-06 19:40:11:552,0.3286,-0.4784,9.763,-0.0133,-0.0008,9.8066,-0.0053,0.2534,-0.0192,7.75,-36.94,-0.44,112.97,-83.85,175.81
52.432327,-1.538621,177.39,5.06,2,354.27,20 / 21,1205910,2019-09-06 19:40:11:653,0.2134,0.009,9.6952,-0.0079,-0.0043,9.8066,-0.0167,0.2427,-0.0246,8.25,-36.94,0,112.32,-83.76,174.57
52.432327,-1.538621,177.39,5.06,2,354.27,20 / 21,1206009,2019-09-06 19:40:11:752,0.1086,-0.4003,9.9221,-0.0134,-0.0032,9.8066,0.061,0.2516,-0.0511,7.75,-35.75,0.19,111.27,-83.68,173.74
52.432327,-1.538621,177.39,5.06,2,354.27,20 / 21,1206110,2019-09-06 19:40:11:853,-0.2353,-0.2627,9.7728,0.0031,-0.0081,9.8066,0.0217,0.2479,-0.0317,8.56,-35.81,1.13,101.67,-83.63,172.3
52.432327,-1.538621,177.39,5.06,2,354.27,20 / 21,1206211,2019-09-06 19:40:11:954,-0.2322,-0.3763,9.9455,-0.0041,-0.0049,9.8066,0.0279,0.244,-0.0447,8.56,-36.31,2.5,88.91,-83.52,171.83
52.432327,-1.538621,177.39,5.06,2,354.27,20 / 21,1206310,2019-09-06 19:40:12:053,0.2829,-0.1047,10.0185,-0.0017,-0.0079,9.8066,0.0322,0.2598,-0.0512,8.06,-36.62,3.44,90.55,-83.44,171.25
52.432327,-1.538621,177.39,5.06,2,354.27,20 / 21,1206409,2019-09-06 19:40:12:152,0.1655,-0.2124,9.9795,0.0055,-0.011,9.8066,-0.0063,0.2815,-0.0433,9.94,-36.81,2.75,87.22,-83.4,169.72
52.432327,-1.538621,177.39,5.06,2,354.27,20 / 21,1206509,2019-09-06 19:40:12:252,-0.0644,-0.5302,9.766,-0.0107,-0.0074,9.8066,-0.0105,0.2747,-0.0394,9.75,-36.56,3.63,80.47,-83.3,168.77
52.432327,-1.538621,177.39,5.06,2,354.27,20 / 21,1206610,2019-09-06 19:40:12:353,0.2212,-0.1223,9.9301,-0.0069,-0.0025,9.8066,-0.0171,0.331,-0.0484,9.56,-36.44,3.19,85.58,-83.27,168.31
52.432327,-1.538621,177.39,5.06,2,354.27,20 / 21,1206709,2019-09-06 19:40:12:452,0.0111,-0.2689,9.8682,0.0013,-0.0077,9.8066,-0.0029,0.2939,0.0164,10.13,-36.19,4.13,79.19,-83.24,168.02
52.432327,-1.538621,177.39,5.06,2,354.27,20 / 21,1206809,2019-09-06 19:40:12:552,0.26,-0.1918,9.7441,0.0002,0.0015,9.8066,-0.0088,0.3303,-0.0345,9.69,-35.87,4.81,72.43,-83.24,167.55
52.432327,-1.538621,177.39,5.06,2,354.27,20 / 21,1206909,2019-09-06 19:40:12:652,-0.802,-0.8657,9.8788,0.0024,-0.0015,9.8066,0.0096,0.3425,-0.0438,10.5,-36.31,4.5,72.83,-83.22,167.4
52.432327,-1.538621,177.39,5.06,2,354.27,20 / 21,1207009,2019-09-06 19:40:12:752,-0.5498,-0.6481,9.6149,-0.0001,-0.0038,9.8066,0.0219,0.3272,-0.0246,10.5,-36.12,5.69,66.99,-83.18,167.05
52.432327,-1.538621,177.39,5.06,2,354.27,20 / 21,1207110,2019-09-06 19:40:12:853,-0.2778,-0.2529,9.6703,-0.0022,-0.0021,9.8066,0.0025,0.3268,-0.0213,11.13,-35.94,5.56,67.46,-83.11,167.25
52.432327,-1.538621,177.39,5.06,2,354.27,20 / 21,1207214,2019-09-06 19:40:12:957,-0.2045,-0.8611,9.7791,-0.0094,-0.0006,9.8066,-0.0058,0.3511,-0.019,11.69,-35.69,6.88,63.76,-83.09,167.51
52.432327,-1.538621,177.39,5.06,2,354.27,20 / 21,1207310,2019-09-06 19:40:13:053,-0.639,-0.9803,9.8996,-0.0059,0.0084,9.8066,-0.034,0.3813,-0.0211,11.38,-36,6.88,62.95,-83.03,167.78
52.432327,-1.538621,177.39,5.06,2,354.27,20 / 21,1207410,2019-09-06 19:40:13:153,-0.4257,-0.7445,9.6871,-0.0047,-0.0009,9.8066,-0.0123,0.379,-0.0712,10.81,-36.37,7.94,59.07,-82.97,168.69
52.432327,-1.538621,177.39,5.06,2,354.27,20 / 21,1207509,2019-09-06 19:40:13:252,0.1086,-0.7547,9.6064,-0.0036,-0.0123,9.8065,-0.0592,0.4162,-0.1041,11.19,-35.94,8.69,53.42,-82.84,167.73
52.432327,-1.538621,177.39,5.06,2,354.27,20 / 21,1207610,2019-09-06 19:40:13:353,0.2593,-0.3469,10.1132,0.0191,-0.0196,9.8065,0.0598,0.4109,-0.0882,10.88,-35.56,9.06,52.22,-82.62,166.31
52.432327,-1.538621,177.39,5.06,2,354.27,20 / 21,1207710,2019-09-06 19:40:13:453,0.5822,-0.8231,9.825,0.0157,-0.0182,9.8066,0.0158,0.4461,-0.1269,11.63,-35.19,10.06,45.68,-82.44,163
52.432327,-1.538621,177.39,5.06,2,354.27,20 / 21,1207809,2019-09-06 19:40:13:552,0.3845,-1.2659,9.8266,0.0119,-0.0161,9.8066,-0.045,0.4252,-0.0898,11.75,-35.44,10.94,40.03,-82.24,161.47
52.432327,-1.538621,177.39,5.06,2,354.27,20 / 21,1207910,2019-09-06 19:40:13:653,0.2485,-1.6412,10.0348,-0.0038,-0.0101,9.8066,0.0486,0.4259,-0.0952,12.31,-35.06,11.63,35.12,-82.13,160.49
52.432327,-1.538621,177.39,5.06,2,354.27,20 / 21,1208009,2019-09-06 19:40:13:752,-0.2294,-1.3656,9.8188,0.0036,0.0021,9.8066,-0.0607,0.4657,-0.0525,12.38,-35.06,13.19,31.6,-82.01,160.33
52.432327,-1.538621,177.39,5.06,2,354.27,20 / 21,1208109,2019-09-06 19:40:13:852,-0.4787,-1.4228,9.6276,-0.0293,-0.0211,9.8065,-0.0447,0.442,-0.0208,12.38,-34.87,13.38,33.43,-81.72,161.39
52.432327,-1.538621,177.39,5.06,2,354.27,20 / 21,1208210,2019-09-06 19:40:13:953,0.8134,-1.2646,9.5934,-0.0307,-0.019,9.8065,0.0378,0.4796,-0.0856,11.38,-34.81,14.63,25.57,-81.63,162.28
52.432327,-1.538621,177.39,5.06,2,354.27,20 / 21,1208310,2019-09-06 19:40:14:053,-0.116,-0.2873,9.6785,-0.0006,0.0176,9.8066,-0.0281,0.4604,0.0486,11.44,-35,14.81,26.69,-81.63,163.1
52.432327,-1.538621,177.39,5.06,2,354.27,20 / 21,1208409,2019-09-06 19:40:14:152,0.6512,-1.3263,9.2383,-0.0071,0.0001,9.8066,0.0167,0.5374,-0.0825,11.06,-34.87,16.25,25.07,-81.69,163.98
52.432327,-1.538621,177.39,5.06,2,354.27,20 / 21,1208510,2019-09-06 19:40:14:253,-0.262,-1.0444,9.4984,0.0068,0.0017,9.8066,0.1081,0.4144,-0.0321,11.69,-34.31,16.69,24.35,-81.71,163.32
52.432327,-1.538621,177.39,5.06,2,354.27,20 / 21,1208609,2019-09-06 19:40:14:352,1.0309,-0.4731,9.9498,0.0041,0.0146,9.8066,-0.0046,0.5024,-0.1387,10.75,-34.5,17.63,19.75,-81.71,163.62
52.432327,-1.538621,177.39,5.06,2,354.27,20 / 21,1208710,2019-09-06 19:40:14:453,0.7263,-0.9742,9.7136,0.0101,-0.0098,9.8066,0.0264,0.4483,-0.0315,10.5,-34.31,18.88,16.14,-81.62,162.3
52.432327,-1.538621,177.39,5.06,2,354.27,20 / 21,1208810,2019-09-06 19:40:14:553,1.0259,-1.0294,9.8626,-0.007,-0.0041,9.8066,-0.095,0.425,-0.0316,9.88,-35.12,19.5,11.71,-81.63,162.37
52.432327,-1.538621,177.39,5.06,2,354.27,20 / 21,1208910,2019-09-06 19:40:14:653,1.3071,-1.0265,9.6328,-0.0102,-0.0127,9.8065,-0.1055,0.4063,-0.0802,10.44,-34.37,19.94,11.63,-81.63,162.39
52.432327,-1.538621,177.39,5.06,2,354.27,20 / 21,1209009,2019-09-06 19:40:14:752,0.8708,-1.3932,9.9734,-0.0074,-0.0159,9.8066,0.0699,0.4357,-0.0043,9.69,-33.94,21,10.89,-81.47,162.96
52.432327,-1.538621,177.39,5.06,2,354.27,20 / 21,1209109,2019-09-06 19:40:14:852,1.5957,-0.4908,10.1659,-0.0073,0.0131,9.8066,0.0737,0.4382,-0.0682,9.5,-33.56,22,10.67,-81.43,163.89
52.432327,-1.538621,177.39,5.06,2,354.27,20 / 21,1209210,2019-09-06 19:40:14:953,0.9229,-1.4381,10.0761,0.0025,0.0113,9.8066,-0.0367,0.4217,0.0014,9.25,-33.69,22.06,8.63,-81.35,164.43
52.432327,-1.538621,177.39,5.06,2,354.27,20 / 21,1209310,2019-09-06 19:40:15:053,0.8629,-0.8858,9.985,-0.0179,-0.0221,9.8066,-0.0551,0.4354,-0.0377,8.25,-33.69,23.13,5.64,-81.24,165.2
52.432327,-1.538621,177.39,5.06,2,354.27,20 / 21,1209410,2019-09-06 19:40:15:153,1.0424,-0.2227,9.742,-0.0157,-0.018,9.8066,0.0348,0.4348,-0.0148,7.44,-33.44,23.44,4.52,-81.06,166.57
52.432327,-1.538621,177.39,5.06,2,354.27,20 / 21,1209509,2019-09-06 19:40:15:252,1.4037,-0.3529,9.7728,-0.0132,0.0097,9.8066,0.0303,0.3286,0.0168,7.5,-33.06,24.38,8.09,-81.02,167.91
52.432327,-1.538621,177.39,5.06,2,354.27,20 / 21,1209610,2019-09-06 19:40:15:353,-0.3753,-0.1344,10.0997,-0.021,0.0006,9.8066,-0.0291,0.3913,-0.0655,7.31,-32.94,25.38,6.72,-80.94,169.65
52.432327,-1.538621,177.39,5.06,2,354.27,20 / 21,1209710,2019-09-06 19:40:15:453,0.6126,-0.2726,10.0267,-0.011,-0.0001,9.8066,0.0752,0.3166,0.0091,7.13,-33.62,25.63,6.67,-80.85,170.18
52.432327,-1.538621,177.39,5.06,2,354.27,20 / 21,1209810,2019-09-06 19:40:15:553,0.7503,-0.6648,9.9382,-0.0036,0.0066,9.8066,-0.0671,0.3216,-0.0379,5.44,-33.31,26,2.33,-80.83,170.95
52.432327,-1.538621,177.39,5.06,2,354.27,20 / 21,1209910,2019-09-06 19:40:15:653,0.7603,0.2496,9.6754,-0.0097,-0.0232,9.8065,-0.0886,0.2666,-0.011,5.44,-33.06,25.81,2.51,-80.71,171.09
52.432327,-1.538621,177.39,5.06,2,354.27,20 / 21,1210009,2019-09-06 19:40:15:752,1.1066,0.9897,9.7123,-0.0184,-0.0238,9.8066,0.065,0.2505,0.0242,5.81,-32.5,26,6.61,-80.52,172.22
52.432327,-1.538621,177.39,5.06,2,354.27,20 / 21,1210110,2019-09-06 19:40:15:853,0.7819,-0.0336,9.7484,-0.0143,0.0144,9.8066,0.0554,0.2143,-0.033,5.38,-32.81,27.13,5.11,-80.6,173.55
52.432327,-1.538621,177.39,5.06,2,354.27,20 / 21,1210209,2019-09-06 19:40:15:952,0.9335,-0.3345,9.8886,-0.0048,0.0107,9.8066,-0.0032,0.2007,-0.0189,4.56,-32.94,27.19,6.04,-80.52,174.27
52.432327,-1.538621,177.39,5.06,2,354.27,20 / 21,1210310,2019-09-06 19:40:16:053,0.3854,1.0689,9.7023,-0.0071,-0.0019,9.8066,-0.0075,0.2115,-0.0052,4.88,-32.87,27.25,7.49,-80.47,175.41
52.432327,-1.538621,177.39,5.06,2,354.27,20 / 21,1210410,2019-09-06 19:40:16:153,0.3662,0.6334,9.6065,-0.0152,-0.0038,9.8065,0.0166,0.1485,0.0112,4.88,-32.25,27.81,7.68,-80.47,176.02
52.432327,-1.538621,177.39,5.06,2,354.27,20 / 21,1210510,2019-09-06 19:40:16:253,0.2813,0.7013,9.641,-0.0105,0.0127,9.8066,0.0358,0.1589,-0.0046,4.88,-32.81,27.25,9.49,-80.45,176.98
52.432327,-1.538621,177.39,5.06,2,354.27,20 / 21,1210610,2019-09-06 19:40:16:353,0.4513,0.0293,9.802,-0.0046,0.0132,9.8066,-0.0512,0.0739,0.0356,3.88,-32.44,26.81,8.28,-80.49,178.15
52.432327,-1.538621,177.39,5.06,2,354.27,20 / 21,1210710,2019-09-06 19:40:16:453,0.2465,0.4746,9.7173,-0.0147,-0.0075,9.8066,-0.0994,0.1619,-0.0858,3.13,-32.19,26.56,6.73,-80.4,178.98
52.432327,-1.538621,177.39,5.06,2,354.27,20 / 21,1210809,2019-09-06 19:40:16:552,0.3719,0.9672,9.998,-0.0039,-0.0145,9.8065,0.0945,0.0746,0.0271,3.56,-32.37,27.63,9.15,-80.38,179.17
52.432327,-1.538621,177.39,5.06,2,354.27,20 / 21,1210909,2019-09-06 19:40:16:652,0.203,1.2032,10.1534,-0.0049,0.0074,9.8066,0.042,0.0916,-0.0171,3.38,-31.56,28.25,7.44,-80.41,179.82
52.432327,-1.538621,177.39,5.06,2,354.27,20 / 21,1211010,2019-09-06 19:40:16:753,-0.3348,0.6564,10.3577,-0.003,0.014,9.8066,-0.142,0.0898,-0.005,2.75,-32,28.38,7.84,-80.4,-179.86
52.432327,-1.538621,177.39,5.06,2,354.27,20 / 21,1211109,2019-09-06 19:40:16:852,0.1576,0.8276,9.3111,-0.007,-0.0217,9.8066,-0.0894,0.0699,0.0432,3.75,-30.94,28.19,10.51,-80.44,-179.67
52.432327,-1.538621,177.39,5.06,2,354.27,20 / 21,1211210,2019-09-06 19:40:16:953,-0.1801,0.4573,9.7789,-0.0154,-0.0191,9.8066,0.0837,-0.0137,-0.0418,4.75,-31.31,27.81,14.06,-80.32,-178.82
52.432327,-1.538621,177.39,5.06,2,354.27,20 / 21,1211310,2019-09-06 19:40:17:053,-0.8592,1.0112,10.0258,-0.0022,0.0051,9.8066,0.0132,0.0326,-0.016,4,-31.62,27.5,12.72,-80.37,-177.97
52.432327,-1.538621,177.39,5.06,2,354.27,20 / 21,1211410,2019-09-06 19:40:17:153,0.0931,0.5019,9.7504,0.0028,0.0088,9.8066,-0.0997,0.0597,0.0118,3.19,-31.94,27.06,10.42,-80.42,-178.1
52.432327,-1.538621,177.39,5.06,2,354.27,20 / 21,1211509,2019-09-06 19:40:17:252,-0.1802,1.38,9.4209,-0.0099,-0.0252,9.8066,-0.1512,-0.026,-0.0037,2.81,-32.94,26.25,11.47,-80.28,-177.7
52.432327,-1.538621,177.39,5.06,2,354.27,20 / 21,1211610,2019-09-06 19:40:17:353,0.2178,1.7428,9.4862,0.0005,-0.0247,9.8066,0.1889,0.009,-0.0101,3,-33,26.31,11.43,-80.25,-177.74
52.432327,-1.538621,177.39,5.06,2,354.27,20 / 21,1211710,2019-09-06 19:40:17:453,-0.138,1.8744,9.8156,0.0084,0.0217,9.8065,0.1283,0.0426,0.0295,2.69,-32.75,26.69,10.9,-80.22,-177.83
52.432327,-1.538621,177.39,5.06,2,354.27,20 / 21,1211810,2019-09-06 19:40:17:553,0.0976,1.2353,10.0439,0.0044,0.0131,9.8066,-0.0219,0.0289,-0.0191,1.94,-33.06,26.56,7.64,-80.28,-178.27
52.432327,-1.538621,177.39,5.06,2,354.27,20 / 21,1211910,2019-09-06 19:40:17:653,0.2402,1.3588,10.2392,-0.0039,-0.0102,9.8066,-0.0591,-0.0285,-0.059,1.81,-33,26.94,8.13,-80.14,-177.91
52.432327,-1.538621,177.39,5.06,2,354.27,20 / 21,1212010,2019-09-06 19:40:17:753,0.3907,1.2784,10.0279,0.0113,0.0011,9.8066,0.1607,-0.0229,0.0458,2.38,-33.31,27.38,7.55,-80.11,-178.37
52.432327,-1.538621,177.39,5.06,2,354.27,20 / 21,1212110,2019-09-06 19:40:17:853,-0.545,-1.1015,10.0555,0.0025,0.0041,9.8066,0.2302,-0.006,0.0201,2,-33.62,27.94,7.13,-80.03,-178.55
52.432327,-1.538621,177.39,5.06,2,354.27,20 / 21,1212209,2019-09-06 19:40:17:952,0.0116,-1.3868,9.8664,0.0014,0.0121,9.8066,-0.2099,-0.0329,-0.0173,2.31,-33.12,28.06,7.1,-79.93,-178.55
52.432327,-1.538621,177.39,5.06,2,354.27,20 / 21,1212309,2019-09-06 19:40:18:052,0.1911,-1.091,9.4098,-0.001,-0.0206,9.8066,-0.1514,-0.015,0.0023,2.19,-33.12,27.94,7.16,-79.8,-178.52
52.432262,-1.538893,177.99,4.68,3,202.45,19 / 20,1212410,2019-09-06 19:40:18:153,-0.0193,-0.6274,10.1905,-0.006,-0.031,9.8065,-0.083,-0.0162,-0.0035,2.44,-33.5,28.56,6.99,-79.56,-178.51
52.432262,-1.538893,177.99,4.68,3,202.45,19 / 20,1212510,2019-09-06 19:40:18:253,-0.283,-0.0774,9.7501,0.0091,0.0287,9.8066,-0.0156,0.0016,0.0471,2.5,-33.37,28.31,9.76,-79.71,-178.54
52.432262,-1.538893,177.99,4.68,3,202.45,19 / 20,1212610,2019-09-06 19:40:18:353,-0.8126,-0.6076,9.6455,-0.005,-0.0187,9.8066,-0.0446,-0.0528,0.0083,2.38,-33.19,27.88,7.17,-79.57,-178.55
52.432262,-1.538893,177.99,4.68,3,202.45,19 / 20,1212709,2019-09-06 19:40:18:452,0.1885,-0.3461,9.748,-0.0013,-0.0112,9.8066,-0.0093,-0.0695,0.0134,2.69,-33,28.5,9.84,-79.57,-178.23
52.432262,-1.538893,177.99,4.68,3,202.45,19 / 20,1212810,2019-09-06 19:40:18:553,-0.4601,0.4308,9.8803,0.0067,0.0087,9.8066,-0.0004,-0.0276,-0.0102,3.06,-33.56,27.69,10.08,-79.57,-178.39
52.432262,-1.538893,177.99,4.68,3,202.45,19 / 20,1212910,2019-09-06 19:40:18:653,0.2022,-0.4737,10.0317,0.011,0.005,9.8066,-0.0755,-0.0414,-0.0423,3.19,-33,27.25,9.45,-79.63,-179.1
52.432262,-1.538893,177.99,4.68,3,202.45,19 / 20,1213010,2019-09-06 19:40:18:753,0.277,-0.6632,10.1458,0.0006,-0.009,9.8066,-0.0328,-0.0292,-0.0314,3.5,-33.37,27.19,11.38,-79.61,-179.7
52.432262,-1.538893,177.99,4.68,3,202.45,19 / 20,1213110,2019-09-06 19:40:18:853,-0.4427,0.3305,10.2597,0.0038,-0.019,9.8066,0.0113,-0.0695,0.0427,3.44,-33.19,27.69,7.97,-79.59,-179.96
52.432262,-1.538893,177.99,4.68,3,202.45,19 / 20,1213209,2019-09-06 19:40:18:952,0.5667,-0.2349,9.6964,0.005,0.0086,9.8066,0.0149,0.0508,-0.0424,2.75,-33.12,26.81,8.31,-79.6,-179.98
52.432262,-1.538893,177.99,4.68,3,202.45,19 / 20,1213309,2019-09-06 19:40:19:052,-0.5916,-0.0374,9.8625,-0.0016,0.0019,9.8066,0.0303,0.0059,0.0014,2.25,-33.37,26.94,5.54,-79.52,179.98
52.432262,-1.538893,177.99,4.68,3,202.45,20 / 21,1213410,2019-09-06 19:40:19:153,0.3054,-0.9138,9.7107,0.0031,-0.0057,9.8066,0.0049,-0.0584,0.0292,3.63,-33.25,27.56,10.5,-79.48,179.97
52.432262,-1.538893,177.99,4.68,3,202.45,20 / 21,1213510,2019-09-06 19:40:19:253,-0.2712,0.256,9.5898,-0.0109,-0.0136,9.8066,0.0305,0.0047,-0.0486,2.06,-33.37,27.94,5.83,-79.37,-179.62
52.432262,-1.538893,177.99,4.68,3,202.45,20 / 21,1213609,2019-09-06 19:40:19:352,-1.2666,0.3636,10.1823,0.0107,0.0247,9.8065,0.0804,-0.1062,0.0353,2.5,-33.56,28.38,8.37,-79.56,-179.71
52.432262,-1.538893,177.99,4.68,3,202.45,20 / 21,1213710,2019-09-06 19:40:19:453,0.0636,-0.6745,10.0891,0.0052,0.0135,9.8066,-0.0633,-0.0523,0.02,2.88,-32.56,27.88,8.11,-79.58,-179.85
52.432262,-1.538893,177.99,4.68,3,202.45,20 / 21,1213809,2019-09-06 19:40:19:552,0.0387,0.3569,9.4008,-0.0005,0.0133,9.8066,-0.0511,-0.0102,-0.02,2.88,-33.31,27.56,8.09,-79.77,-179.83
52.432262,-1.538893,177.99,4.68,3,202.45,20 / 21,1213909,2019-09-06 19:40:19:652,0.1074,0.3717,10.2026,0.0001,-0.0075,9.8066,0.1596,0.0463,0.0412,3.19,-33.37,28.5,7.68,-79.73,-179.89
52.432262,-1.538893,177.99,4.68,3,202.45,20 / 21,1214009,2019-09-06 19:40:19:752,1.1334,0.814,10.8479,-0.0122,0.0164,9.8065,0.2637,-0.0138,0.0326,3.44,-32.44,29.31,7.95,-79.83,-179.62
52.432262,-1.538893,177.99,4.68,3,202.45,20 / 21,1214109,2019-09-06 19:40:19:852,4.4211,0.2842,11.1197,-0.068,0.0622,9.8062,-0.1153,-0.0876,0.3606,2.06,-32.69,28.75,9.99,-79.63,-176.15
52.432262,-1.538893,177.99,4.68,3,202.45,20 / 21,1214210,2019-09-06 19:40:19:953,-2.8447,-1.4813,9.1444,-0.063,-0.1029,9.8058,0.0904,-0.0062,0.0864,1.31,-32.75,29.19,11.6,-78.62,-173.19
52.432262,-1.538893,177.99,4.68,3,202.45,20 / 21,1214310,2019-09-06 19:40:20:053,-2.0852,-0.3094,8.763,-0.0035,-0.0394,9.8065,-0.0728,-0.0516,-0.1583,2.13,-32.56,29,15.72,-78.52,-172.04
52.432262,-1.538893,177.99,4.68,3,202.45,19 / 20,1214409,2019-09-06 19:40:20:152,2.8192,-1.0199,10.0361,0.0414,0.0078,9.8065,-0.2479,-0.1802,-0.0888,1.75,-33.12,28.56,10.91,-79.16,-175.54
52.432262,-1.538893,177.99,4.68,3,202.45,19 / 20,1214510,2019-09-06 19:40:20:253,0.8374,3.0414,11.0663,0.0127,0.024,9.8066,-0.2273,-0.0775,-0.0074,2.19,-33.31,27.63,7,-80.2,-178.59
52.432262,-1.538893,177.99,4.68,3,202.45,19 / 20,1214610,2019-09-06 19:40:20:353,-0.2036,2.4523,10.5025,-0.0103,0.0059,9.8066,-0.0022,0.0246,0.0464,2,-33.87,27.5,8.01,-80.83,-177.71
52.432262,-1.538893,177.99,4.68,3,202.45,19 / 20,1214709,2019-09-06 19:40:20:452,-0.7372,0.5888,10.0647,-0.0138,-0.0313,9.8065,0.1598,-0.0159,-0.0501,1.63,-33.62,27.06,9.09,-80.83,-177.07
52.432262,-1.538893,177.99,4.68,3,202.45,19 / 20,1214810,2019-09-06 19:40:20:553,-0.178,-2.4861,8.8529,0.0378,-0.0789,9.8062,0.0352,-0.0285,-0.0419,2.13,-33.44,27.94,6.73,-79.79,-178.86
52.432262,-1.538893,177.99,4.68,3,202.45,19 / 20,1214910,2019-09-06 19:40:20:653,0.8135,-0.3556,9.6143,0.0062,-0.0383,9.8065,-0.0669,0.0405,-0.0946,2.63,-33.5,28.06,6.75,-78.93,178.99
52.432262,-1.538893,177.99,4.68,3,202.45,19 / 20,1215010,2019-09-06 19:40:20:753,0.4798,0.0476,9.6894,0.0041,0.0202,9.8066,-0.0119,-0.0334,0.0766,2.75,-33.06,28,6.04,-79.07,178.48
52.432262,-1.538893,177.99,4.68,3,202.45,19 / 20,1215110,2019-09-06 19:40:20:853,-0.6681,-0.6938,10.1012,-0.0093,0.0215,9.8066,-0.0089,-0.0461,-0.0128,2.94,-33.69,27.69,7.31,-79.47,179.47
52.432262,-1.538893,177.99,4.68,3,202.45,19 / 20,1215210,2019-09-06 19:40:20:953,0.8334,-0.0139,9.4824,0.0009,-0.0007,9.8066,-0.0511,-0.0361,0.006,2.13,-33.44,27.44,5.3,-79.6,179.82
52.432262,-1.538893,177.99,4.68,3,202.45,19 / 20,1215309,2019-09-06 19:40:21:052,0.0034,-1.1375,9.4772,-0.0061,-0.0191,9.8066,-0.0366,-0.0157,0.048,2.88,-33.87,28.5,7.83,-79.56,-179.86
52.432262,-1.538893,177.99,4.68,3,202.45,19 / 20,1215410,2019-09-06 19:40:21:153,-0.7909,-0.3597,10.2728,-0.0077,-0.031,9.8065,0.1189,-0.0074,0.016,2.5,-33.94,28,8.84,-79.28,-179.4
52.432262,-1.538893,177.99,4.68,3,202.45,19 / 20,1215509,2019-09-06 19:40:21:252,0.6077,-0.6292,9.694,0.0018,-0.0014,9.8066,-0.0098,-0.0001,-0.0454,2.5,-34.06,28.13,8.53,-79.26,-179.65
52.432262,-1.538893,177.99,4.68,3,202.45,19 / 20,1215610,2019-09-06 19:40:21:353,-0.2661,-0.1512,10.1286,-0.0103,-0.003,9.8066,-0.0905,-0.0209,-0.0654,2.75,-32.5,28.06,8.86,-79.29,-179.27
52.432262,-1.538893,177.99,4.68,3,202.45,19 / 20,1215710,2019-09-06 19:40:21:453,0.7816,-0.9662,9.9862,0.0064,-0.0065,9.8066,-0.0271,0.0716,0.0296,2.31,-33.31,28,5.81,-79.32,-179.64
52.432262,-1.538893,177.99,4.68,3,202.45,19 / 20,1215810,2019-09-06 19:40:21:553,-0.9169,-1.3496,10.2334,-0.0068,-0.0043,9.8066,-0.0221,0.0749,-0.0239,2.81,-33.75,28.25,8.55,-79.33,-179.61
52.432262,-1.538893,177.99,4.68,3,202.45,19 / 20,1215910,2019-09-06 19:40:21:653,0.3829,1.2588,9.5769,-0.0067,0.0202,9.8066,0.1005,-0.0392,-0.0254,2.44,-33.5,27.81,6.36,-79.27,-179.23
52.432262,-1.538893,177.99,4.68,3,202.45,19 / 20,1216009,2019-09-06 19:40:21:752,0.122,-0.2993,9.619,0.0071,0.023,9.8066,-0.073,-0.0135,0.0249,2.56,-33.81,27.81,9.52,-79.33,-178.88
52.432262,-1.538893,177.99,4.68,3,202.45,19 / 20,1216109,2019-09-06 19:40:21:852,-0.6539,0.2057,9.8416,-0.0114,-0.0226,9.8065,-0.0979,0.0559,0.0325,2.38,-34,27.81,7.39,-79.32,-178.48
52.432262,-1.538893,177.99,4.68,3,202.45,19 / 20,1216210,2019-09-06 19:40:21:953,0.1313,1.6168,9.9195,-0.0009,-0.0304,9.8065,0.0784,-0.028,-0.0034,1.81,-33.25,28.56,6.92,-79.48,-178.57
52.432262,-1.538893,177.99,4.68,3,202.45,19 / 20,1216310,2019-09-06 19:40:22:053,0.6614,0.1627,10.0847,0.0022,0.0142,9.8066,0.0317,0.0738,-0.0554,3,-33.19,28.31,9.68,-79.66,-178.62
52.432262,-1.538893,177.99,4.68,3,202.45,20 / 21,1216409,2019-09-06 19:40:22:152,0.6263,1.0992,9.5515,0.0038,-0.0017,9.8066,0.011,0.001,0.0735,1.75,-33.25,27.81,6.78,-79.61,-178.85
52.432262,-1.538893,177.99,4.68,3,202.45,20 / 21,1216510,2019-09-06 19:40:22:253,0.0414,0.9277,9.6232,-0.0081,0.0107,9.8066,0.0291,0.0643,-0.0026,2.19,-33.69,27.81,7.08,-79.58,-178.67
52.432262,-1.538893,177.99,4.68,3,202.45,20 / 21,1216614,2019-09-06 19:40:22:357,0.548,-0.0938,9.7505,0.0091,0.0243,9.8066,-0.1102,0.034,-0.0015,1.94,-33.56,28.13,7.41,-79.76,-178.39
52.432262,-1.538893,177.99,4.68,3,202.45,20 / 21,1216710,2019-09-06 19:40:22:453,0.6563,1.8659,9.8706,0.0076,0.0138,9.8066,-0.067,-0.0242,-0.0512,2.06,-33.37,28.38,6.45,-79.92,-179.06
52.432262,-1.538893,177.99,4.68,3,202.45,20 / 21,1216809,2019-09-06 19:40:22:552,1.1359,1.2857,9.6939,0.0038,0.0091,9.8066,0.0669,-0.0217,-0.0042,2.31,-33,27.5,6.51,-79.94,-179.01
52.432262,-1.538893,177.99,4.68,3,202.45,20 / 21,1216910,2019-09-06 19:40:22:653,-0.3602,1.6566,10.1166,0.0024,0.0034,9.8066,0.0606,0.0126,0.0358,2.06,-33.5,27.75,5.55,-79.77,-179.78
52.432262,-1.538893,177.99,4.68,3,202.45,20 / 21,1217010,2019-09-06 19:40:22:753,0.4873,0.7494,10.1892,-0.0013,-0.0089,9.8066,0.0934,0.0009,0.011,2.06,-33.75,28.44,6.01,-79.53,-179.5
52.432262,-1.538893,177.99,4.68,3,202.45,20 / 21,1217110,2019-09-06 19:40:22:853,0.0645,-1.3366,9.6496,0.0044,-0.0041,9.8066,-0.0238,0.0396,-0.0366,2,-34.12,28.19,6.14,-79.33,-179.43
52.432262,-1.538893,177.99,4.68,3,202.45,20 / 21,1217210,2019-09-06 19:40:22:953,-0.2596,1.6035,8.7932,0.0021,-0.0047,9.8066,-0.1053,-0.0511,0.0061,2.5,-34.06,28.56,8.09,-79.36,-179.69
52.432262,-1.538893,177.99,4.68,3,202.45,20 / 21,1217310,2019-09-06 19:40:23:053,0.7648,1.4765,9.0881,0.01,0.0268,9.8066,-0.1699,0.0294,-0.0651,2.25,-34.31,27.38,6.09,-79.75,-179.6
52.432262,-1.538893,177.99,4.68,3,202.45,20 / 21,1217409,2019-09-06 19:40:23:152,0.3017,0.8286,9.3334,-0.0002,0.0075,9.8066,0.0999,-0.0019,0.0311,2.19,-34.25,28.19,5.6,-80,-179.74
52.432262,-1.538893,177.99,4.68,3,202.45,20 / 21,1217510,2019-09-06 19:40:23:253,-0.0665,1.4507,9.714,0.0069,0.0267,9.8065,-0.0109,0.0236,0.0356,2.13,-33.81,28.06,6.07,-80.12,-179.37
52.432262,-1.538893,177.99,4.68,3,202.45,20 / 21,1217609,2019-09-06 19:40:23:352,0.3894,-1.0963,9.846,0.0023,0.0089,9.8066,0.002,0.0327,0.0031,1.94,-33.94,28,5.86,-80.21,-179.52
52.432262,-1.538893,177.99,4.68,3,202.45,20 / 21,1217710,2019-09-06 19:40:23:453,0.6348,0.9561,9.7309,0.0065,-0.0335,9.8065,-0.0864,0.0113,-0.0275,2.13,-34,28.06,5.59,-79.88,-179.77
52.432262,-1.538893,177.99,4.68,3,202.45,20 / 21,1217810,2019-09-06 19:40:23:553,1.3095,1.7437,9.1515,0.0001,-0.0477,9.8065,0.0057,-0.0233,-0.0569,1.69,-33.75,28.19,5.2,-79.79,179.92
52.432262,-1.538893,177.99,4.68,3,202.45,20 / 21,1217910,2019-09-06 19:40:23:653,0.1876,0.8019,10.1059,0.0057,0.038,9.8065,0.0489,0.0241,-0.026,2.13,-33.56,27.94,5.36,-80.1,-179.92
52.432262,-1.538893,177.99,4.68,3,202.45,20 / 21,1218010,2019-09-06 19:40:23:753,0.7618,1.1372,9.4766,0.0103,0.0309,9.8065,-0.0028,0.0312,0.0059,2.25,-33.37,28.19,4.69,-80.08,179.58
52.432262,-1.538893,177.99,4.68,3,202.45,20 / 21,1218110,2019-09-06 19:40:23:853,0.7221,0.5905,9.5623,-0.0124,-0.0309,9.8065,0.0315,0.0678,-0.0519,2.44,-33.62,28.81,4.11,-80.09,179.28
52.432262,-1.538893,177.99,4.68,3,202.45,20 / 21,1218210,2019-09-06 19:40:23:953,0.4262,-0.2124,9.6044,0.01,-0.0068,9.8066,-0.1607,0.0354,-0.0154,1.81,-33.25,28.06,4.54,-79.89,179.45
52.432262,-1.538893,177.99,4.68,3,202.45,20 / 21,1218309,2019-09-06 19:40:24:052,-0.3682,-0.2644,9.5503,0.0033,-0.0355,9.8065,-0.187,0.0748,-0.0206,2,-33.69,28.5,4.14,-79.71,179.26
52.432262,-1.538893,177.99,4.68,3,202.45,19 / 20,1218410,2019-09-06 19:40:24:153,0.2661,1.3311,10.138,-0.0038,-0.0463,9.8065,0.2574,-0.004,0.0045,2.13,-33.94,28.31,3.99,-79.74,178.98
52.432262,-1.538893,177.99,4.68,3,202.45,19 / 20,1218510,2019-09-06 19:40:24:253,0.6107,0.1101,9.9626,-0.0021,0.063,9.8064,0.1446,0.0521,-0.0638,1.31,-33.31,28.31,1.37,-80.13,179.02
52.432262,-1.538893,177.99,4.68,3,202.45,19 / 20,1218609,2019-09-06 19:40:24:352,-0.1347,-1.2057,10.3073,0.0051,0.0566,9.8064,-0.1411,0.0561,0.0112,1.63,-33.87,28.56,3.42,-80.15,178.74
52.432262,-1.538893,177.99,4.68,3,202.45,19 / 20,1218710,2019-09-06 19:40:24:453,0.6572,1.2105,10.2148,-0.0042,-0.0407,9.8065,-0.0684,0.0799,0.0095,1.56,-33.56,28.19,3.45,-80.18,178.6
52.432262,-1.538893,177.99,4.68,3,202.45,19 / 20,1218810,2019-09-06 19:40:24:553,0.5504,1.3998,10.3501,0.0016,-0.0393,9.8065,0.0608,0.0097,0.0206,1.56,-33.44,28.44,3.29,-79.91,178.47
52.432262,-1.538893,177.99,4.68,3,202.45,19 / 20,1218910,2019-09-06 19:40:24:653,-0.3856,-0.6407,9.2664,-0.0029,-0.0103,9.8066,-0.0717,-0.0082,-0.0368,2.06,-33.62,28.69,4.21,-79.68,179.31
52.432262,-1.538893,177.99,4.68,3,202.45,19 / 20,1219010,2019-09-06 19:40:24:753,-0.2471,0.81,9.069,-0.0073,-0.025,9.8066,0.0684,0.0225,-0.0375,1.69,-33.81,28.63,4.44,-79.51,179.47
52.432262,-1.538893,177.99,4.68,3,202.45,19 / 20,1219110,2019-09-06 19:40:24:853,0.034,0.1834,9.8481,-0.0002,0.0467,9.8065,0.0372,-0.0086,0.0477,1.44,-33.31,28.19,1.51,-79.83,179.13
52.432262,-1.538893,177.99,4.68,3,202.45,19 / 20,1219209,2019-09-06 19:40:24:952,-0.1452,-0.0049,10.4404,0.0016,0.0441,9.8065,-0.0733,0.028,-0.0469,1.63,-33.25,28.38,4.64,-80.08,179.55
52.432262,-1.538893,177.99,4.68,3,202.45,19 / 20,1219309,2019-09-06 19:40:25:052,1.041,0.335,10.1394,0.0114,-0.0293,9.8065,-0.0566,0.0171,0.0413,1.25,-33.69,28,1.36,-80.24,179.02
52.432262,-1.538893,177.99,4.68,3,202.45,20 / 21,1219409,2019-09-06 19:40:25:152,-0.0137,1.6347,9.771,-0.0118,-0.0509,9.8065,0.1805,0.0746,-0.0416,1.63,-33.06,29.25,3.63,-79.94,178.91
52.432262,-1.538893,177.99,4.68,3,202.45,20 / 21,1219510,2019-09-06 19:40:25:253,0.3114,0.2919,9.547,0.0062,0.0431,9.8065,0.1328,0.0066,-0.0145,1.13,-33.06,28.75,1.55,-80.01,179.25
52.432262,-1.538893,177.99,4.68,3,202.45,20 / 21,1219609,2019-09-06 19:40:25:352,0.2906,0.1185,10.2317,-0.0035,0.032,9.8065,-0.1129,-0.0018,0.0048,1.81,-32.44,29,4.3,-79.97,179.46
52.432262,-1.538893,177.99,4.68,3,202.45,20 / 21,1219710,2019-09-06 19:40:25:453,0.2565,-0.0302,10.0244,0.0003,-0.0173,9.8066,-0.0391,0.0376,-0.0384,1.19,-32.06,28.94,1.91,-79.9,179.53
52.432262,-1.538893,177.99,4.68,3,202.45,20 / 21,1219809,2019-09-06 19:40:25:552,0.7376,0.3976,9.5488,0.0048,-0.0046,9.8066,-0.0605,0.0452,0.0487,1.81,-31.75,28.75,3.84,-80.03,179.1
52.432262,-1.538893,177.99,4.68,3,202.45,20 / 21,1219910,2019-09-06 19:40:25:653,0.7485,-0.1659,9.738,-0.0032,-0.0111,9.8066,-0.0683,0.046,-0.0428,1.13,-32.12,28.81,1.42,-80.04,179.15
52.432262,-1.538893,177.99,4.68,3,202.45,20 / 21,1220010,2019-09-06 19:40:25:753,0.9122,0.6766,9.8643,0.0044,0.0255,9.8065,0.0719,0.0235,0.0435,1.69,-33,29,3.84,-79.98,179.08
52.432262,-1.538893,177.99,4.68,3,202.45,20 / 21,1220109,2019-09-06 19:40:25:852,1.0577,0.3891,9.97,-0.0087,0.0096,9.8065,-0.0093,0.0313,-0.0348,0.94,-32.5,28.38,2.08,-80.02,179.59
52.432262,-1.538893,177.99,4.68,3,202.45,20 / 21,1220210,2019-09-06 19:40:25:953,-0.134,1.9689,9.6105,-0.009,0.0061,9.8066,0.1279,-0.0453,0.0375,1.56,-32.81,28.81,5.24,-79.93,-179.83
52.432262,-1.538893,177.99,4.68,3,202.45,20 / 21,1220310,2019-09-06 19:40:26:053,-0.6745,0.598,9.4188,-0.003,0.0071,9.8065,0.0707,0.1129,-0.0599,1,-33.44,29.5,3.85,-79.9,-178.86
52.432262,-1.538893,177.99,4.68,3,202.45,20 / 21,1220410,2019-09-06 19:40:26:153,0.543,-0.0483,9.6727,-0.002,-0.0275,9.8065,-0.0544,-0.0202,-0.0665,0.63,-33.37,29.06,4.3,-79.9,-178.6
52.432262,-1.538893,177.99,4.68,3,202.45,20 / 21,1220510,2019-09-06 19:40:26:253,0.3856,0.23,9.993,0.0009,-0.0202,9.8065,0.0321,0.054,0.0158,0.31,-33.56,29.38,1.98,-79.96,-178.45
52.432262,-1.538893,177.99,4.68,3,202.45,20 / 21,1220609,2019-09-06 19:40:26:352,0.7764,0.7919,10.1895,-0.0078,0.0061,9.8066,0.051,0.0278,0.0145,0.31,-33.69,29,2.62,-80.01,-177.95
52.432262,-1.538893,177.99,4.68,3,202.45,20 / 21,1220709,2019-09-06 19:40:26:452,1.1017,-0.5062,9.6835,0.0128,0.0098,9.8066,-0.0542,-0.0163,0.0247,0.44,-33.25,28.44,2.47,-79.97,-178.07
52.432262,-1.538893,177.99,4.68,3,202.45,20 / 21,1220810,2019-09-06 19:40:26:553,0.5587,0.0808,9.9746,0.0033,0.0016,9.8066,0.035,0.0655,-0.0319,0.63,-33.25,28.75,4.73,-79.94,-178.26
52.432262,-1.538893,177.99,4.68,3,202.45,20 / 21,1220910,2019-09-06 19:40:26:653,0.0096,0.5071,10.0099,0.0027,-0.0014,9.8066,-0.0405,0.0335,-0.0096,0.13,-33.19,28.19,1.67,-80.03,-178.7
52.432262,-1.538893,177.99,4.68,3,202.45,20 / 21,1221009,2019-09-06 19:40:26:752,0.5644,0.286,9.5664,-0.0052,-0.0166,9.8065,-0.0347,0.0474,0.0271,1,-33.56,28.5,4.54,-79.94,-178.43
52.432262,-1.538893,177.99,4.68,3,202.45,20 / 21,1221110,2019-09-06 19:40:26:853,0.0826,1.374,9.3562,-0.0063,-0.0252,9.8065,-0.0017,0.0766,0.0203,0.5,-33,27.81,5.26,-79.92,-177.95
52.432262,-1.538893,177.99,4.68,3,202.45,20 / 21,1221209,2019-09-06 19:40:26:952,0.4995,0.448,9.3246,-0.0118,0.0177,9.8065,-0.0948,0.0292,0.0077,0.94,-32.87,28.63,5.99,-80.05,-177.25
52.432262,-1.538893,177.99,4.68,3,202.45,20 / 21,1221309,2019-09-06 19:40:27:052,-0.2547,-0.1752,10.5939,-0.0019,0.0235,9.8065,0.1259,0.1215,-0.0216,1.13,-32.62,29.06,6.48,-80.13,-176.85
52.43169,-1.539259,178.79,9.44,2,194.37,20 / 21,1221410,2019-09-06 19:40:27:153,-0.115,0.458,10.5526,0.0005,0.0002,9.8066,0.1416,0.0305,0.0494,1.25,-32.31,29.88,6.01,-80.19,-177.08
52.43169,-1.539259,178.79,9.44,2,194.37,20 / 21,1221509,2019-09-06 19:40:27:252,0.445,-0.0208,10.1451,-0.0016,0.0005,9.8066,-0.1541,0.0995,-0.0436,0.44,-32.25,30.25,3.87,-80.1,-176.9
52.43169,-1.539259,178.79,9.44,2,194.37,20 / 21,1221610,2019-09-06 19:40:27:353,-0.3799,-0.2216,9.7734,0.0025,-0.0162,9.8066,-0.0652,0.014,0.0937,0.31,-31.87,30.13,3.47,-79.94,-177.23
52.43169,-1.539259,178.79,9.44,2,194.37,20 / 21,1221710,2019-09-06 19:40:27:453,0.7461,1.1569,9.1235,-0.0012,0.0191,9.8065,0.0225,0.025,-0.0118,-0.12,-32.37,30.25,4.09,-79.91,-176.74
52.43169,-1.539259,178.79,9.44,2,194.37,20 / 21,1221810,2019-09-06 19:40:27:553,0.1469,-0.563,9.8636,-0.0029,0.0196,9.8066,-0.0018,0.0132,0.0347,-0.62,-32,30.06,2.04,-79.98,-176.46
52.43169,-1.539259,178.79,9.44,2,194.37,20 / 21,1221910,2019-09-06 19:40:27:653,0.7261,1.0054,9.8498,-0.0017,0.0156,9.8066,-0.0135,0.028,0.0268,-0.69,-32,28.94,2.33,-80.19,-176.17
52.43169,-1.539259,178.79,9.44,2,194.37,20 / 21,1222009,2019-09-06 19:40:27:752,0.056,0.9166,10.0014,-0.0038,0.0019,9.8066,-0.0174,-0.0003,-0.018,-1.81,-32.12,28.75,0.46,-80.29,-175.69
52.43169,-1.539259,178.79,9.44,2,194.37,20 / 21,1222109,2019-09-06 19:40:27:852,0.1808,1.5446,9.5624,0.0064,-0.0085,9.8066,0.062,0.0399,-0.0381,-0.81,-32.81,28.56,2.66,-80.28,-175.91
52.43169,-1.539259,178.79,9.44,2,194.37,20 / 21,1222209,2019-09-06 19:40:27:952,0.5972,1.0183,9.7495,0.0052,0.0176,9.8066,0.0471,0.039,0.0117,-0.94,-32.94,29.06,2.03,-80.27,-176.41
52.43169,-1.539259,178.79,9.44,2,194.37,20 / 21,1222310,2019-09-06 19:40:28:053,0.6136,0.0297,9.8644,-0.007,0.0118,9.8065,-0.0148,0.0401,-0.0265,-0.12,-32.62,29.25,4.71,-80.18,-176.27
52.43169,-1.539259,178.79,9.44,2,194.37,19 / 21,1222410,2019-09-06 19:40:28:153,0.1906,-0.2235,9.75,-0.0059,0.002,9.8066,-0.02,0.0202,0.0099,-1.06,-32.87,29.56,3.01,-80.15,-175.69
52.43169,-1.539259,178.79,9.44,2,194.37,19 / 21,1222509,2019-09-06 19:40:28:252,0.2643,1.243,9.8181,-0.0014,0.0001,9.8066,-0.0344,0.0431,-0.015,-0.75,-33.12,28.38,3.16,-80.27,-175.47
52.43169,-1.539259,178.79,9.44,2,194.37,19 / 21,1222610,2019-09-06 19:40:28:353,0.4698,0.8538,9.9947,-0.0038,0.0149,9.8066,0.0173,0.0461,-0.005,-0.87,-33.87,29.63,3.72,-80.48,-175.12
52.43169,-1.539259,178.79,9.44,2,194.37,19 / 21,1222710,2019-09-06 19:40:28:453,0.5009,1.2318,9.1697,-0.0038,0.002,9.8066,0.0115,0.0578,-0.0203,-0.56,-32.75,29.56,3.91,-80.46,-174.94
52.43169,-1.539259,178.79,9.44,2,194.37,19 / 21,1222810,2019-09-06 19:40:28:553,0.2698,0.5954,9.6049,0.0009,0.0026,9.8066,-0.0038,0.0387,0.0153,-0.81,-33.31,29.38,4.21,-80.39,-174.67
52.43169,-1.539259,178.79,9.44,2,194.37,19 / 21,1222909,2019-09-06 19:40:28:652,0.9779,-0.0102,8.018,0,0.007,9.8066,-0.0665,0.1622,0.0087,-1,-33.37,29.25,4.23,-80.41,-174.66
52.43169,-1.539259,178.79,9.44,2,194.37,19 / 21,1223009,2019-09-06 19:40:28:752,2.2,3.2528,9.6058,-0.0153,0.0855,9.8062,-0.0048,0.0508,0.0547,-1.37,-33.56,29.31,6.07,-80.88,-173.16
52.43169,-1.539259,178.79,9.44,2,194.37,19 / 21,1223110,2019-09-06 19:40:28:853,1.3212,-0.4407,9.878,-0.0097,0.0598,9.8064,0.0724,0.0875,0.0201,-1,-33.44,29.06,7.23,-80.92,-172.18
52.43169,-1.539259,178.79,9.44,2,194.37,19 / 21,1223210,2019-09-06 19:40:28:953,0.4049,0.0586,11.0574,-0.0015,-0.0198,9.8066,0.1041,0.0303,0.011,-1.94,-33.5,29.31,5.45,-80.85,-171.66
52.43169,-1.539259,178.79,9.44,2,194.37,19 / 21,1223310,2019-09-06 19:40:29:053,0.2124,0.9598,10.0505,-0.0021,-0.0032,9.8066,0.0443,0.0436,-0.0431,-1.56,-32.94,29.88,5.73,-80.87,-171.53
52.43169,-1.539259,178.79,9.44,2,194.37,20 / 21,1223410,2019-09-06 19:40:29:153,1.7092,1.1895,9.7654,0.0096,0.0349,9.8065,0.0736,0.1412,-0.087,-2.44,-33.25,29.63,5.13,-80.85,-172.02
52.43169,-1.539259,178.79,9.44,2,194.37,20 / 21,1223510,2019-09-06 19:40:29:253,0.3424,0.2294,9.8489,0.0151,-0.0588,9.8064,-0.2082,0.1302,0.0075,-1.81,-32.5,29.63,4.53,-80.46,-172.52
52.43169,-1.539259,178.79,9.44,2,194.37,20 / 21,1223610,2019-09-06 19:40:29:353,0.6127,1.2818,10.256,0.0043,0.0395,9.8065,-0.172,0.0803,-0.0097,-1.62,-32.69,29.63,3.39,-80.46,-173.46
52.43169,-1.539259,178.79,9.44,2,194.37,20 / 21,1223709,2019-09-06 19:40:29:452,0.5293,-0.4883,9.0413,-0.0049,0.0191,9.8066,0.0582,0.0138,-0.0133,-1.69,-32.12,29.69,2.96,-80.53,-173.79
52.43169,-1.539259,178.79,9.44,2,194.37,20 / 21,1223810,2019-09-06 19:40:29:553,-0.0694,0.4058,8.4808,-0.0104,-0.016,9.8066,-0.0916,0.0161,0.0113,-2.37,-31.81,29.75,4.19,-80.45,-172.79
52.43169,-1.539259,178.79,9.44,2,194.37,20 / 21,1223910,2019-09-06 19:40:29:653,-0.3986,1.9726,8.6165,0.0042,0.0317,9.8065,0.0777,0.0994,-0.069,-1.69,-31.69,28.94,4.97,-80.72,-172.03
52.43169,-1.539259,178.79,9.44,2,194.37,20 / 21,1224010,2019-09-06 19:40:29:753,-0.4675,1.7464,9.8989,0.004,0.0066,9.8065,0.0417,-0.0626,-0.0116,-2.25,-31.94,29.13,4.91,-81.18,-172.03
52.43169,-1.539259,178.79,9.44,2,194.37,20 / 21,1224109,2019-09-06 19:40:29:852,3.0978,1.751,8.5755,0.0126,-0.0245,9.8065,-0.0564,-0.2122,0.0518,-1.19,-32.19,28.5,6.28,-81.23,-172.87
52.43169,-1.539259,178.79,9.44,2,194.37,20 / 21,1224210,2019-09-06 19:40:29:953,-0.2549,-1.2885,8.5619,0.0503,-0.1058,9.8059,-0.2312,0.1488,-0.1451,-2.06,-32.62,29.13,1.02,-81.09,-175.23
52.43169,-1.539259,178.79,9.44,2,194.37,20 / 21,1224310,2019-09-06 19:40:30:053,0.584,1.2583,8.2316,-0.0062,0.0871,9.8062,-0.3163,0.1098,0.082,-2.06,-32.12,29.44,0.28,-80.82,-175.83
52.43169,-1.539259,178.79,9.44,2,194.37,20 / 21,1224409,2019-09-06 19:40:30:152,-1.1109,1.223,10.3686,0.0133,0.0835,9.8062,0.2076,0.052,0.0329,-2.19,-32.62,29.94,359.29,-81.18,-176.77
52.43169,-1.539259,178.79,9.44,2,194.37,20 / 21,1224510,2019-09-06 19:40:30:253,0.9062,1.04,9.4986,0.0059,0.0697,9.8063,0.0572,0.054,-0.0111,-2.31,-33.5,29,357.85,-81.63,-177.82
52.43169,-1.539259,178.79,9.44,2,194.37,20 / 21,1224610,2019-09-06 19:40:30:353,0.3885,1.8724,10.767,0.01,-0.0573,9.8065,0.1621,0.0467,-0.0588,-1.75,-33.25,29.69,357.9,-81.74,-177.93
52.43169,-1.539259,178.79,9.44,2,194.37,20 / 21,1224710,2019-09-06 19:40:30:453,0.1453,-0.8028,10.7395,0.0062,-0.0631,9.8063,-0.1558,-0.0041,-0.0038,-1.94,-33.12,29.13,357.34,-81.22,-178.22
52.43169,-1.539259,178.79,9.44,2,194.37,20 / 21,1224809,2019-09-06 19:40:30:552,0.8201,0.2172,10.0485,0.0124,-0.0382,9.8065,-0.0877,0.0636,-0.0282,-2.37,-33.44,29.75,357.06,-81.06,-178.59
52.43169,-1.539259,178.79,9.44,2,194.37,20 / 21,1224910,2019-09-06 19:40:30:653,0.4697,-0.1057,9.3263,-0.0133,-0.0114,9.8065,-0.006,0.0837,0.042,-2.31,-33.5,29.94,357.15,-80.93,-178.5
52.43169,-1.539259,178.79,9.44,2,194.37,20 / 21,1225010,2019-09-06 19:40:30:753,-1.2663,0.866,9.8019,-0.0129,-0.0118,9.8066,-0.0687,0.0056,0.063,-2.44,-33.37,29.44,359.06,-80.88,-176.81
52.43169,-1.539259,178.79,9.44,2,194.37,20 / 21,1225109,2019-09-06 19:40:30:852,0.5635,1.5468,9.84,0.0027,0.039,9.8065,0.0127,-0.0104,-0.0237,-1.87,-33.69,29.56,358.94,-81.28,-177.05
52.43169,-1.539259,178.79,9.44,2,194.37,20 / 21,1225210,2019-09-06 19:40:30:953,0.2068,1.4515,9.9564,-0.0066,-0.0078,9.8066,-0.0081,0.0102,0.0142,-2.69,-34,29.31,357.27,-81.3,-176.31
52.43169,-1.539259,178.79,9.44,2,194.37,20 / 21,1225310,2019-09-06 19:40:31:053,0.4039,1.0261,9.4135,-0.0003,-0.0094,9.8065,0.0651,-0.0103,0.0125,-2.62,-33.81,29.81,358.06,-81.16,-175.87
52.43169,-1.539259,178.79,9.44,2,194.37,19 / 21,1225409,2019-09-06 19:40:31:152,-0.454,1.6482,9.7562,-0.0091,-0.0283,9.8066,0.0029,-0.0049,-0.0429,-2.25,-33.44,29.69,0.93,-80.95,-175.43
52.43169,-1.539259,178.79,9.44,2,194.37,19 / 21,1225510,2019-09-06 19:40:31:253,-0.6876,0.4094,10.3239,-0.001,0.0061,9.8066,-0.0143,0.0354,0.0131,-2.94,-33.56,30.63,359.29,-81.01,-175.05
52.43169,-1.539259,178.79,9.44,2,194.37,19 / 21,1225609,2019-09-06 19:40:31:352,0.7786,0.6804,9.7487,0.0041,0.0227,9.8066,-0.011,0.0427,0.0167,-2.81,-33.25,29.94,358.72,-81.13,-175.34
52.43169,-1.539259,178.79,9.44,2,194.37,19 / 21,1225709,2019-09-06 19:40:31:452,-0.5047,2.3489,10.2091,-0.0035,-0.0145,9.8066,-0.0231,0.0598,0.0319,-2.94,-33.56,29.94,358.93,-81.1,-175.16
52.43169,-1.539259,178.79,9.44,2,194.37,19 / 21,1225810,2019-09-06 19:40:31:553,0.0906,0.3461,9.0585,-0.0046,-0.0036,9.8066,-0.0246,0.0511,0.013,-3.19,-33.44,30.5,359.74,-81.14,-174.69
52.43169,-1.539259,178.79,9.44,2,194.37,19 / 21,1225909,2019-09-06 19:40:31:652,-0.4165,-0.1261,9.2014,0.0073,0.0028,9.8066,0.0123,-0.046,-0.0429,-3.69,-33.62,30.19,357.38,-81.1,-174.54
52.43169,-1.539259,178.79,9.44,2,194.37,19 / 21,1226010,2019-09-06 19:40:31:753,-0.6612,0.2123,10.7534,0.0069,0.0087,9.8066,-0.0264,-0.0149,-0.023,-3,-33.19,29.69,359.47,-81.19,-174.72
52.43169,-1.539259,178.79,9.44,2,194.37,19 / 21,1226109,2019-09-06 19:40:31:852,0.3907,0.386,9.5938,0.006,-0.018,9.8065,-0.018,-0.001,0.0879,-3.37,-32.94,29.31,358.43,-81.26,-175.38
52.43169,-1.539259,178.79,9.44,2,194.37,19 / 21,1226209,2019-09-06 19:40:31:952,-0.9041,2.248,14.0907,-0.0087,-0.0369,9.8066,0.3495,-0.001,0.0582,-2.56,-33.37,30.06,359.59,-81.16,-174.63
52.43169,-1.539259,178.79,9.44,2,194.37,19 / 21,1226310,2019-09-06 19:40:32:053,-1.8102,0.6402,11.3614,0.0547,-0.0114,9.8065,-0.4203,0.0607,-0.1465,-3.31,-32.75,30.56,357.44,-80.58,-176.55
52.43169,-1.539259,178.79,9.44,2,194.37,20 / 21,1226410,2019-09-06 19:40:32:153,-1.1829,-2.7621,10.5168,-0.0026,-0.151,9.8054,0.0675,-0.0302,0.0973,-2.69,-32.37,31.31,355.73,-80.52,-177.97
52.43169,-1.539259,178.79,9.44,2,194.37,20 / 21,1226510,2019-09-06 19:40:32:253,-2.9593,-4.7785,6.9877,0.0087,-0.2083,9.8043,-1.438,0.3092,0.0632,-3.12,-32.25,30.5,357.62,-81.08,-176.44
52.43169,-1.539259,178.79,9.44,2,194.37,20 / 21,1226609,2019-09-06 19:40:32:352,-0.1414,-1.8795,10.8955,-0.0261,0.0514,9.8065,-0.5933,0.0099,0.0847,-3.44,-33.44,28.94,1.1,-81.66,-173.19
52.43169,-1.539259,178.79,9.44,2,194.37,20 / 21,1226710,2019-09-06 19:40:32:453,-0.5796,-0.6871,10.7475,0.038,-0.2208,9.8041,-0.5455,-0.0457,-0.0929,-3.81,-33.25,28.56,358.35,-81.85,-173.52
52.43169,-1.539259,178.79,9.44,2,194.37,20 / 21,1226809,2019-09-06 19:40:32:552,-1.0204,-2.1437,10.6176,0.0403,-0.2711,9.8028,-0.4425,0.1872,-0.0584,-3.12,-32,30,359.88,-81.77,-174.39
52.43169,-1.539259,178.79,9.44,2,194.37,20 / 21,1226909,2019-09-06 19:40:32:652,-0.6422,1.2966,9.1919,0.0098,-0.1248,9.8058,0.0685,0.0548,0.0407,-2.94,-31.87,29.88,0.31,-80.83,-174.03
52.43169,-1.539259,178.79,9.44,2,194.37,20 / 21,1227010,2019-09-06 19:40:32:753,-1.0848,-0.3984,10.3082,-0.0107,-0.1131,9.8059,-0.1232,-0.0513,0.0366,-2.94,-31.62,29.81,1.89,-80.43,-172.76
52.43169,-1.539259,178.79,9.44,2,194.37,20 / 21,1227109,2019-09-06 19:40:32:852,-0.9846,1.2489,9.9187,-0.0013,0.0511,9.8065,0.053,-0.0479,-0.0077,-3.56,-32.37,30,0.6,-80.57,-171.92
52.43169,-1.539259,178.79,9.44,2,194.37,20 / 21,1227209,2019-09-06 19:40:32:952,-0.3129,0.7375,9.8127,0.0087,0.0332,9.8065,0.0033,-0.0612,-0.0111,-2.56,-32.5,29.5,1.97,-81.02,-172.67
52.43169,-1.539259,178.79,9.44,2,194.37,20 / 21,1227310,2019-09-06 19:40:33:053,-0.2231,1.2678,9.5861,0.0012,0.0027,9.8065,0.0628,-0.0766,-0.0093,-3.25,-33,29.5,1.28,-80.98,-173.24
52.43169,-1.539259,178.79,9.44,2,194.37,19 / 20,1227410,2019-09-06 19:40:33:153,-0.6756,-0.6851,9.735,0.0037,0.0153,9.8065,0.0416,-0.0222,-0.0114,-2.31,-32.5,29.44,2.84,-80.93,-173.74
52.43169,-1.539259,178.79,9.44,2,194.37,19 / 20,1227509,2019-09-06 19:40:33:252,0.3408,0.5599,9.87,0.0184,-0.0291,9.8065,-0.0981,0.0132,-0.0334,-2.37,-33.25,30.31,2.02,-80.67,-174.55
52.43169,-1.539259,178.79,9.44,2,194.37,19 / 20,1227610,2019-09-06 19:40:33:353,0.4301,-0.4869,9.7955,0.0027,-0.0157,9.8066,-0.0722,-0.019,0.0167,-1.87,-33.56,30.19,1.34,-80.76,-175.1
52.43169,-1.539259,178.79,9.44,2,194.37,19 / 20,1227709,2019-09-06 19:40:33:452,-1.5117,0.7103,9.0441,0.0045,0.0305,9.8065,0.1009,0.06,-0.1064,-2.5,-33.25,29.5,1.98,-80.83,-174.58
52.43169,-1.539259,178.79,9.44,2,194.37,19 / 20,1227810,2019-09-06 19:40:33:553,0.5008,-0.0009,10.3633,-0.0088,0.0221,9.8066,0.0946,-0.0113,0.1063,-1.44,-33.06,29.81,3.54,-81.18,-175.19
52.43169,-1.539259,178.79,9.44,2,194.37,19 / 20,1227910,2019-09-06 19:40:33:653,-2.1029,0.8871,9.891,0.0086,0.0227,9.8065,-0.1276,0.1418,-0.0854,-2.56,-33.37,29.94,359.57,-81.36,-174.65
52.43169,-1.539259,178.79,9.44,2,194.37,19 / 20,1228009,2019-09-06 19:40:33:752,1.141,0.7518,10.0088,-0.0067,-0.0105,9.8066,0.0159,0.0096,0.0349,-1.5,-32.87,30,4.45,-81.34,-174.43
52.43169,-1.539259,178.79,9.44,2,194.37,19 / 20,1228109,2019-09-06 19:40:33:852,-0.0568,1.4161,9.6481,-0.0036,-0.0261,9.8065,0.0234,-0.005,-0.0206,-2.12,-33.37,30.06,2.1,-80.95,-174.48
52.43169,-1.539259,178.79,9.44,2,194.37,19 / 20,1228210,2019-09-06 19:40:33:953,-0.2696,-0.5306,9.7598,-0.0005,-0.013,9.8066,-0.0128,0.0116,-0.0142,-1.87,-33.31,29.81,2.16,-80.88,-174.43
52.43169,-1.539259,178.79,9.44,2,194.37,19 / 20,1228310,2019-09-06 19:40:34:053,0.0595,1.028,9.7478,0.0019,0.0382,9.8065,-0.0524,0.0494,-0.0029,-2.25,-33.5,30.06,2.4,-80.91,-174.23
52.43169,-1.539259,178.79,9.44,2,194.37,20 / 21,1228409,2019-09-06 19:40:34:152,0.2246,0.1026,9.9808,0.0023,0.0304,9.8066,-0.0267,0.027,0.0105,-1.75,-33.62,29.81,2.21,-81.32,-174.38
52.43169,-1.539259,178.79,9.44,2,194.37,20 / 21,1228510,2019-09-06 19:40:34:253,0.3164,-0.0341,10.1624,0.0029,-0.0177,9.8066,-0.0286,0.0168,0.0019,-2.69,-33.31,30.19,359.47,-81.31,-174.73
52.43169,-1.539259,178.79,9.44,2,194.37,20 / 21,1228609,2019-09-06 19:40:34:352,0.5673,0.4881,9.9987,0.0025,-0.0077,9.8066,-0.0445,0.0015,0.0062,-2.5,-33.75,29.63,1.54,-81.3,-174.93
52.43169,-1.539259,178.79,9.44,2,194.37,20 / 21,1228709,2019-09-06 19:40:34:452,0.0501,0.5219,9.415,-0.0031,-0.0137,9.8066,0.0185,0.0035,0.058,-3.12,-33.5,29.81,359.29,-81.25,-174.88
52.43169,-1.539259,178.79,9.44,2,194.37,20 / 21,1228810,2019-09-06 19:40:34:553,0.2637,1.0444,10.2219,-0.0017,-0.0224,9.8066,0.0023,0.0007,-0.0132,-2.31,-32.62,30.81,2.16,-81.14,-174.53
52.43169,-1.539259,178.79,9.44,2,194.37,20 / 21,1228910,2019-09-06 19:40:34:653,0.4103,-0.5667,10.4266,-0.0008,0.0163,9.8066,0.0737,0.0427,0.0025,-2.5,-33.12,30.31,2.3,-81.12,-174.31
52.43169,-1.539259,178.79,9.44,2,194.37,20 / 21,1229010,2019-09-06 19:40:34:753,0.2233,-1.0899,9.7235,-0.0034,0.0302,9.8065,0.0989,-0.0092,0.0329,-2.25,-33.06,30.06,1.98,-81.26,-174.56
52.43169,-1.539259,178.79,9.44,2,194.37,20 / 21,1229110,2019-09-06 19:40:34:853,0.0131,0.0879,9.6757,-0.0081,-0.0285,9.8065,-0.1764,-0.0106,0.0267,-2.94,-33,30.19,0.48,-81.12,-173.89
52.43169,-1.539259,178.79,9.44,2,194.37,20 / 21,1229210,2019-09-06 19:40:34:953,1.0975,-2.2688,9.0041,0.0013,-0.0323,9.8066,-0.3033,0.0126,0.0797,-2.37,-32.81,29.44,3.37,-81.18,-173.31
52.43169,-1.539259,178.79,9.44,2,194.37,20 / 21,1229309,2019-09-06 19:40:35:052,-1.1914,0.4538,8.6811,-0.0225,0.0866,9.8062,0.2614,0.0238,0.0328,-2.62,-33.87,30,2.95,-81.74,-171.85
52.43169,-1.539259,178.79,9.44,2,194.37,20 / 21,1229409,2019-09-06 19:40:35:152,-0.0059,0.6222,9.6025,-0.0088,0.05,9.8065,0.1526,-0.0255,-0.0601,-2.56,-33.87,29.69,3.79,-81.8,-171.15
52.43169,-1.539259,178.79,9.44,2,194.37,20 / 21,1229509,2019-09-06 19:40:35:252,0.9756,-1.3454,10.2453,0.0024,0.0433,9.8065,0.133,-0.0384,0.0396,-3.06,-34.12,29.19,2.26,-82.02,-172.22
52.43169,-1.539259,178.79,9.44,2,194.37,20 / 21,1229610,2019-09-06 19:40:35:353,1.6305,-1.0533,10.9327,0.0076,0.0839,9.8063,0.1897,0.117,-0.111,-2.75,-34.12,29.31,1.23,-82.58,-173.06
52.43169,-1.539259,178.79,9.44,2,194.37,20 / 21,1229710,2019-09-06 19:40:35:453,0.1893,0.2144,10.4449,0.0101,-0.0779,9.8063,-0.0955,0.04,-0.0097,-3,-32.81,29.19,0.77,-82.01,-173.45
52.43169,-1.539259,178.79,9.44,2,194.37,20 / 21,1229809,2019-09-06 19:40:35:552,-0.2847,-0.4316,10.0772,0.0203,-0.0513,9.8064,-0.0827,0.0217,-0.0541,-2.19,-33,29.69,0.95,-81.84,-175.4
52.43169,-1.539259,178.79,9.44,2,194.37,20 / 21,1229909,2019-09-06 19:40:35:652,0.2174,0.2405,9.3453,0.0062,-0.0144,9.8066,-0.0202,0.0105,-0.0213,-3.06,-33.25,29.94,357.92,-81.62,-176.02
52.43169,-1.539259,178.79,9.44,2,194.37,20 / 21,1230010,2019-09-06 19:40:35:753,0.2231,1.1864,9.1774,0.0015,-0.0164,9.8066,-0.0179,0.0374,0.0151,-1.81,-32.81,29.81,0.04,-81.73,-176.15
52.43169,-1.539259,178.79,9.44,2,194.37,20 / 21,1230109,2019-09-06 19:40:35:852,0.4088,-0.6153,10.3506,0.0046,0.0129,9.8065,-0.2225,-0.0993,0.0109,-2.69,-33.19,29.88,358.17,-81.86,-175.82
52.43169,-1.539259,178.79,9.44,2,194.37,20 / 21,1230210,2019-09-06 19:40:35:953,2.1049,3.6035,8.6964,0.0278,-0.0581,9.8064,-0.3805,0.1399,-0.1596,-2.31,-33.5,29.94,358.94,-81.78,-177.07
52.43169,-1.539259,178.79,9.44,2,194.37,20 / 21,1230310,2019-09-06 19:40:36:053,-0.2037,1.0962,8.9337,-0.0048,0.0526,9.8065,-0.2925,-0.0878,0.0719,-2.75,-33.25,29.06,357.2,-82.03,-176.43
52.430965,-1.539433,179.15,9.49,2,184.95,19 / 20,1230410,2019-09-06 19:40:36:153,1.0038,-1.2908,10.6298,0.0085,-0.0736,9.8063,-0.1592,-0.0605,0.0628,-2.06,-33.37,29.75,359.33,-81.6,-176.74
52.430965,-1.539433,179.15,9.49,2,184.95,19 / 20,1230509,2019-09-06 19:40:36:252,0.1237,0.1161,10.1438,0.0004,0.0262,9.8066,0.1417,0.0467,0.0507,-2.62,-33,30,356.82,-81.88,-176.95
52.430965,-1.539433,179.15,9.49,2,184.95,19 / 20,1230610,2019-09-06 19:40:36:353,0.1736,0.303,10.9501,-0.0158,0.0355,9.8065,0.1702,-0.0181,-0.0685,-1.94,-33,29.56,0.45,-81.98,-175.81
52.430965,-1.539433,179.15,9.49,2,184.95,19 / 20,1230710,2019-09-06 19:40:36:453,-0.3379,0.8686,10.7146,0.0059,0.0668,9.8064,-0.1584,0.0214,0.0592,-3.25,-33.31,30.31,357.46,-82.09,-176.43
52.430965,-1.539433,179.15,9.49,2,184.95,19 / 20,1230810,2019-09-06 19:40:36:553,0.5733,-0.0395,8.9535,-0.0007,-0.0506,9.8064,-0.1091,0.0603,0.0226,-2,-33.5,29.88,359.28,-81.84,-176.78
52.430965,-1.539433,179.15,9.49,2,184.95,19 / 20,1230909,2019-09-06 19:40:36:652,0.2462,0.5283,9.7167,0.0002,-0.048,9.8065,0.0542,-0.0451,-0.0271,-2.75,-33.56,29.5,357.46,-81.84,-176.4
52.430965,-1.539433,179.15,9.49,2,184.95,19 / 20,1231009,2019-09-06 19:40:36:752,-0.4602,-0.4072,10.1116,-0.0071,0.0198,9.8065,-0.0035,0.0168,-0.0639,-2.62,-33.06,30.13,357.82,-81.93,-176.12
52.430965,-1.539433,179.15,9.49,2,184.95,19 / 20,1231110,2019-09-06 19:40:36:853,-0.2957,0.5793,10.7504,-0.0009,-0.0059,9.8066,0.1076,-0.0083,0.0709,-3.37,-33.25,29.44,357.2,-82.08,-176.43
52.430965,-1.539433,179.15,9.49,2,184.95,19 / 20,1231209,2019-09-06 19:40:36:952,0.354,-0.424,10.0483,-0.01,0.0026,9.8066,0.108,0.0036,-0.0162,-2.62,-33.25,29.88,358.37,-82.02,-175.65
52.430965,-1.539433,179.15,9.49,2,184.95,19 / 20,1231309,2019-09-06 19:40:37:052,-0.5123,-0.2556,10.0109,-0.0041,0.0211,9.8066,-0.0782,0.0151,-0.0337,-2.94,-33.5,29.5,358.73,-82.06,-175.35
52.430965,-1.539433,179.15,9.49,2,184.95,20 / 21,1231410,2019-09-06 19:40:37:153,0.2568,1.0666,9.3648,0.0067,-0.0054,9.8066,0.0013,0.0254,-0.0712,-3,-33.25,29.56,358.96,-82.09,-175.16
52.430965,-1.539433,179.15,9.49,2,184.95,20 / 21,1231509,2019-09-06 19:40:37:252,-0.669,2.3129,9.139,-0.003,-0.0209,9.8065,-0.0293,-0.0454,0.0456,-2.75,-33.12,30.06,358.88,-82.1,-175.23
52.430965,-1.539433,179.15,9.49,2,184.95,20 / 21,1231609,2019-09-06 19:40:37:352,-0.2505,1.1238,9.8108,-0.0045,0.0321,9.8066,-0.0187,0.0528,-0.0171,-3.37,-32.69,30.5,359.66,-82.14,-174.76
52.430965,-1.539433,179.15,9.49,2,184.95,20 / 21,1231709,2019-09-06 19:40:37:452,-0.2689,0.2509,9.8129,-0.0065,0.0159,9.8066,0.0288,-0.0073,0.0295,-3.44,-32.19,30.06,0.15,-82.3,-174.16
52.430965,-1.539433,179.15,9.49,2,184.95,20 / 21,1231810,2019-09-06 19:40:37:553,-0.0266,-0.5318,9.7625,0.0018,-0.0228,9.8065,-0.0918,0.0168,-0.0276,-4.12,-31.56,30.5,357.92,-82.18,-174.42
52.430965,-1.539433,179.15,9.49,2,184.95,20 / 21,1231910,2019-09-06 19:40:37:653,0.6405,0.5447,9.6684,0.0011,-0.0203,9.8065,-0.0544,-0.0383,0.0154,-3.75,-30.81,30.69,357.89,-82.16,-174.45
52.430965,-1.539433,179.15,9.49,2,184.95,20 / 21,1232010,2019-09-06 19:40:37:753,0.7276,-0.3423,9.7012,-0.0064,0.0132,9.8066,0.037,-0.0922,0.032,-3.25,-30,31.13,0.39,-82.28,-174.14
52.430965,-1.539433,179.15,9.49,2,184.95,20 / 21,1232109,2019-09-06 19:40:37:852,-0.0331,-0.4692,10.0238,-0.0007,0.0243,9.8066,0.019,0.0074,-0.0194,-1.94,-29.75,29.75,2.39,-82.37,-174.14
52.430965,-1.539433,179.15,9.49,2,184.95,20 / 21,1232210,2019-09-06 19:40:37:953,0.2282,-0.0647,9.803,0.0021,-0.0158,9.8065,0.0042,-0.0344,0.0299,-2.31,-30.31,28.13,2.44,-82.4,-173.84
52.430965,-1.539433,179.15,9.49,2,184.95,20 / 21,1232310,2019-09-06 19:40:38:053,-0.1812,1.5297,9.8296,0.0097,-0.0115,9.8066,-0.0481,-0.0453,-0.0294,-2.87,-31.19,27.38,359.04,-82.39,-174.46
52.430965,-1.539433,179.15,9.49,2,184.95,20 / 21,1232409,2019-09-06 19:40:38:152,0.1308,1.8937,10.13,-0.0032,0.0133,9.8065,0.1537,-0.0028,0.0564,-2.87,-31.81,28.19,359.3,-82.45,-174.47
52.430965,-1.539433,179.15,9.49,2,184.95,20 / 21,1232510,2019-09-06 19:40:38:253,0.9865,0.3453,9.3877,0.0096,-0.0117,9.8066,0.0276,0.0286,-0.0174,-1.69,-31.81,28.19,1.49,-82.35,-174.66
52.430965,-1.539433,179.15,9.49,2,184.95,20 / 21,1232609,2019-09-06 19:40:38:352,-0.789,0.2934,10.3253,-0.0088,0.0291,9.8066,0.1362,-0.0281,0.01,-1.75,-31.87,28.88,1.42,-82.33,-174.85
52.430965,-1.539433,179.15,9.49,2,184.95,20 / 21,1232710,2019-09-06 19:40:38:453,-0.0021,1.8305,10.3781,0.0074,-0.0198,9.8066,0.0286,-0.0136,-0.0251,-1.94,-31.12,29.44,2.16,-82.43,-174.21
52.430965,-1.539433,179.15,9.49,2,184.95,20 / 21,1232809,2019-09-06 19:40:38:552,0.1039,0.2301,10.3394,0.0052,-0.0264,9.8066,-0.0175,0.0404,0.0216,-2.56,-30.62,29.38,359.75,-82.57,-174.31
52.430965,-1.539433,179.15,9.49,2,184.95,20 / 21,1232910,2019-09-06 19:40:38:653,0.3791,0.181,9.1942,-0.0034,-0.0149,9.8066,-0.0435,0.0172,-0.0044,-3.31,-30,30.31,0.12,-82.44,-174.18
52.430965,-1.539433,179.15,9.49,2,184.95,20 / 21,1233009,2019-09-06 19:40:38:752,0.1193,0.0644,9.1536,-0.0043,0.003,9.8066,0.0441,-0.0141,-0.0029,-3.75,-30.12,30.56,358.76,-82.49,-173.72
52.430965,-1.539433,179.15,9.49,2,184.95,20 / 21,1233109,2019-09-06 19:40:38:852,-0.656,0.1739,9.4247,-0.0117,0.0008,9.8065,0.0703,0.0509,0.0017,-3.12,-29.81,30.13,1.74,-82.48,-172.79
52.430965,-1.539433,179.15,9.49,2,184.95,20 / 21,1233210,2019-09-06 19:40:38:953,0.2177,0.1015,10.1768,0.0021,0.0266,9.8065,-0.0029,0.0509,0.0181,-3.31,-31.5,30.44,2.38,-82.62,-172.24
52.430965,-1.539433,179.15,9.49,2,184.95,20 / 21,1233311,2019-09-06 19:40:39:054,-0.1325,1.7035,10.1225,-0.001,-0.0001,9.8066,0.019,0.0069,-0.0116,-3.06,-31.5,30.44,2.07,-82.71,-172.5
52.430965,-1.539433,179.15,9.49,2,184.95,20 / 21,1233410,2019-09-06 19:40:39:153,-0.1722,0.9903,10.4175,0.0033,0.0095,9.8066,-0.012,0.0235,-0.0013,-3.75,-32,29.19,359.32,-82.74,-172.72
52.430965,-1.539433,179.15,9.49,2,184.95,20 / 21,1233509,2019-09-06 19:40:39:252,-0.6804,0.3428,10.0388,-0.0011,-0.0199,9.8066,0.0286,-0.0209,0.0236,-3.19,-31.69,30.31,2.28,-82.57,-172.34
52.430965,-1.539433,179.15,9.49,2,184.95,20 / 21,1233610,2019-09-06 19:40:39:353,-0.2364,0.4957,9.8739,-0.0027,-0.0071,9.8066,-0.0094,0.0107,-0.044,-3.81,-31.31,30,359.77,-82.51,-172.6
52.430965,-1.539433,179.15,9.49,2,184.95,20 / 21,1233709,2019-09-06 19:40:39:452,-0.4632,0.0413,9.8308,-0.0029,-0.0148,9.8066,-0.0447,-0.0426,0.0041,-3.19,-31.94,30.38,2.46,-82.46,-172.19
52.430965,-1.539433,179.15,9.49,2,184.95,20 / 21,1233809,2019-09-06 19:40:39:552,0.4973,0.6866,9.5883,0.0028,0.0022,9.8066,-0.0149,0.0382,0.0449,-3.31,-31.81,30.5,2.57,-82.4,-172.27
52.430965,-1.539433,179.15,9.49,2,184.95,20 / 21,1233910,2019-09-06 19:40:39:653,-0.5268,1.4987,9.4058,-0.0036,-0.0197,9.8065,-0.0919,-0.0414,0.0179,-3.56,-32.25,30.13,0.47,-82.41,-172.01
52.430965,-1.539433,179.15,9.49,2,184.95,20 / 21,1234009,2019-09-06 19:40:39:752,-0.0999,1.6725,10.1477,-0.0004,-0.0093,9.8066,0.0369,-0.0158,0.026,-3.69,-32.81,30.13,1.06,-82.47,-171.51
52.430965,-1.539433,179.15,9.49,2,184.95,20 / 21,1234110,2019-09-06 19:40:39:853,0.1777,0.5944,10.0046,-0.0073,0.0002,9.8066,0.0565,0.0785,0.0471,-3.37,-32.5,30.44,3.82,-82.63,-171.02
52.430965,-1.539433,179.15,9.49,2,184.95,20 / 21,1234209,2019-09-06 19:40:39:952,0.1918,1.2906,9.6353,-0.0015,-0.013,9.8065,-0.0137,0.0096,0.0703,-3.62,-32.37,30,2.15,-82.58,-170.57
52.430965,-1.539433,179.15,9.49,2,184.95,20 / 21,1234310,2019-09-06 19:40:40:053,0.0737,1.7891,9.6519,-0.0049,0.015,9.8066,0.0225,0.0378,-0.0607,-2.75,-32.81,30.25,5.36,-82.54,-169.73
52.430965,-1.539433,179.15,9.49,2,184.95,21 / 22,1234410,2019-09-06 19:40:40:153,0.7311,-1.1637,9.7136,0.0066,0.0242,9.8066,-0.05,-0.0395,0.0131,-2.75,-33,29.81,4.85,-82.59,-170.16
52.430965,-1.539433,179.15,9.49,2,184.95,21 / 22,1234509,2019-09-06 19:40:40:252,2.8509,-0.1339,14.2901,0.0104,-0.0945,9.8061,0.1108,0.1547,0.0286,-3.5,-32.75,30.13,4.22,-82.08,-170.75
52.430965,-1.539433,179.15,9.49,2,184.95,21 / 22,1234610,2019-09-06 19:40:40:353,-2.096,-3.4693,10.1499,0.0109,-0.0943,9.8062,-0.704,0.0817,0.0382,-3.56,-32.44,30.81,3.79,-81.88,-169.44
52.430965,-1.539433,179.15,9.49,2,184.95,21 / 22,1234710,2019-09-06 19:40:40:453,-1.2661,0.1045,4.5338,0.0328,-0.118,9.8058,-0.7516,-0.0236,-0.0185,-3.31,-32.94,30.44,6.28,-81.34,-169.12
52.430965,-1.539433,179.15,9.49,2,184.95,21 / 22,1234810,2019-09-06 19:40:40:553,0.1855,-0.7888,3.1648,-0.0566,0.2596,9.803,-0.9429,-0.0579,-0.0689,-3.37,-33.75,29.63,3.91,-81.57,-171.07
52.430965,-1.539433,179.15,9.49,2,184.95,21 / 22,1234910,2019-09-06 19:40:40:653,-2.7824,0.7402,8.9728,0.0002,-0.0028,9.8066,-1.4312,0.0842,0.0646,-3.31,-34.25,28.75,8.55,-83.08,-166.81
52.430965,-1.539433,179.15,9.49,2,184.95,21 / 22,1235009,2019-09-06 19:40:40:752,0.273,7.274,7.6254,0.0629,-0.2267,9.8037,0.6749,0.0436,-0.0606,-3.62,-33.94,28.25,3.78,-83.58,-168.62
52.430965,-1.539433,179.15,9.49,2,184.95,21 / 22,1235110,2019-09-06 19:40:40:853,1.2527,3.2781,7.4538,0.0145,0.0761,9.8063,-0.0827,0.0171,-0.1863,-3.19,-33,29.19,4.51,-83.99,-170.14
52.430965,-1.539433,179.15,9.49,2,184.95,21 / 22,1235210,2019-09-06 19:40:40:953,1.3289,0.8401,8.6156,0.0208,-0.1081,9.806,0.5843,0.0725,0.0339,-3.5,-33.31,29.81,0.59,-82.59,-173.79
52.430965,-1.539433,179.15,9.49,2,184.95,21 / 22,1235310,2019-09-06 19:40:41:053,0.0016,-0.9273,10.8443,-0.0292,0.1008,9.806,0.2068,0.0668,0.0848,-3.62,-32.5,31,359.93,-82.4,-172.71
52.430965,-1.539433,179.15,9.49,2,184.95,20 / 21,1235409,2019-09-06 19:40:41:152,-0.21,-1.1495,10.4978,-0.0196,0.1288,9.8057,-0.1649,0.095,-0.062,-3.81,-32.94,30.69,0.78,-82.74,-171.98
52.430965,-1.539433,179.15,9.49,2,184.95,20 / 21,1235510,2019-09-06 19:40:41:253,1.0231,0.9428,9.27,0.0173,-0.0018,9.8065,-0.0616,0.036,-0.0293,-3.25,-33.56,30.06,2.9,-83.12,-171.8
52.430965,-1.539433,179.15,9.49,2,184.95,20 / 21,1235609,2019-09-06 19:40:41:352,-0.003,1.6245,9.2999,0.0089,-0.017,9.8065,0.0336,0.1129,0.0001,-3.87,-33.56,29.38,359.06,-83.28,-172.96
52.430965,-1.539433,179.15,9.49,2,184.95,20 / 21,1235709,2019-09-06 19:40:41:452,-0.1771,0.7785,10.0655,-0.0054,0.0142,9.8066,0.0868,-0.009,0.0591,-3.44,-32.75,29.63,1.49,-83.26,-173
52.430965,-1.539433,179.15,9.49,2,184.95,20 / 21,1235810,2019-09-06 19:40:41:553,1.1493,-1.0386,10.0965,-0.0052,0.0148,9.8066,0.0459,0.0567,-0.0473,-3.81,-32,29.5,359.46,-82.99,-172.87
52.430965,-1.539433,179.15,9.49,2,184.95,20 / 21,1235909,2019-09-06 19:40:41:652,-0.658,1.0425,10.6114,-0.0036,-0.0149,9.8066,0.0393,-0.0252,0.0394,-3.87,-31.62,29.69,358.78,-82.67,-173.45
52.430965,-1.539433,179.15,9.49,2,184.95,20 / 21,1236010,2019-09-06 19:40:41:753,0.4,0.622,10.5529,-0.0008,0.0212,9.8066,0.0505,0.0912,0.0253,-4.31,-31.69,29.44,358.86,-82.67,-173.12
52.430965,-1.539433,179.15,9.49,2,184.95,20 / 21,1236109,2019-09-06 19:40:41:852,0.6389,-0.8596,10.3281,0.0007,-0.0198,9.8066,-0.0683,0.0185,0.0101,-3.75,-31.06,29.38,359.27,-82.84,-172.78
52.430965,-1.539433,179.15,9.49,2,184.95,20 / 21,1236209,2019-09-06 19:40:41:952,-0.2925,0.655,9.6655,0.0035,-0.025,9.8066,-0.0134,0.1056,-0.06,-4.31,-30.56,29.5,359.86,-82.76,-172.52
52.430965,-1.539433,179.15,9.49,2,184.95,20 / 21,1236309,2019-09-06 19:40:42:052,-0.02,0.9519,9.7374,-0.0018,0.0109,9.8066,0.0235,0.0262,0.0339,-4.12,-31.12,29.31,359.03,-82.91,-172.98
52.430965,-1.539433,179.15,9.49,2,184.95,20 / 21,1236410,2019-09-06 19:40:42:153,0.7768,0.3995,9.9727,-0.0049,0.0068,9.8065,-0.0065,0.0439,-0.0166,-4.06,-31.19,29.63,359.33,-82.8,-172.98
52.430965,-1.539433,179.15,9.49,2,184.95,20 / 21,1236510,2019-09-06 19:40:42:253,0.0953,-0.0654,9.968,0.005,-0.0169,9.8065,0.024,0.0412,0.0505,-4.87,-30.19,29.75,357.22,-82.66,-172.95
52.430965,-1.539433,179.15,9.49,2,184.95,20 / 21,1236610,2019-09-06 19:40:42:353,0.2269,-0.0977,10.2264,0.0063,-0.0107,9.8066,0.0527,0.0671,-0.0202,-5.31,-31.5,29.38,356.81,-82.78,-172.96
52.430965,-1.539433,179.15,9.49,2,184.95,20 / 21,1236710,2019-09-06 19:40:42:453,1.1684,-0.4599,9.6603,-0.017,0.0006,9.8066,-0.0357,-0.0242,-0.0422,-5.75,-30.06,29.81,354.76,-82.92,-173.26
52.430965,-1.539433,179.15,9.49,2,184.95,20 / 21,1236810,2019-09-06 19:40:42:553,0.1014,-0.8873,9.5723,0.0092,0.0113,9.8066,0.0435,-0.0106,0.0973,-6.06,-30.81,30,355.81,-82.99,-172.33
52.430965,-1.539433,179.15,9.49,2,184.95,20 / 21,1236910,2019-09-06 19:40:42:653,-0.4695,0.9713,9.5832,0.0044,-0.0023,9.8066,-0.116,0.0249,-0.028,-5.81,-31.75,30,356.31,-83.12,-171.89
52.430965,-1.539433,179.15,9.49,2,184.95,20 / 21,1237010,2019-09-06 19:40:42:753,0.0247,2.4102,9.5526,0.0016,-0.002,9.8066,0.0851,0.1019,-0.0308,-6.06,-32.25,30.19,355.59,-83.21,-172.52
52.430965,-1.539433,179.15,9.49,2,184.95,20 / 21,1237110,2019-09-06 19:40:42:853,-0.9485,-1.0161,10.9762,-0.0152,0.0516,9.8065,0.1104,-0.0191,0.1251,-5.12,-31.25,30.25,357.32,-83.57,-172.9
52.430965,-1.539433,179.15,9.49,2,184.95,20 / 21,1237210,2019-09-06 19:40:42:953,0.481,-1.1224,9.9857,-0.0032,0.0264,9.8065,-0.0717,0.0517,-0.1295,-5.81,-31.75,30.38,355.08,-83.49,-173
52.430965,-1.539433,179.15,9.49,2,184.95,20 / 21,1237310,2019-09-06 19:40:43:053,-0.5774,-0.6549,10.2434,0.0172,-0.0387,9.8065,0.0786,0.0203,0.0748,-5.5,-31.94,30.69,357.26,-83.36,-173.24
52.430965,-1.539433,179.15,9.49,2,184.95,20 / 21,1237409,2019-09-06 19:40:43:152,0.2074,0.2688,10.1758,0.0001,-0.0245,9.8066,0.0101,0.0742,-0.0468,-6.06,-31.5,30.44,353.66,-83.09,-174.22
52.430965,-1.539433,179.15,9.49,2,184.95,20 / 21,1237510,2019-09-06 19:40:43:253,-0.4686,-0.0848,10.3019,-0.0082,0.0298,9.8065,0.0826,-0.0073,0.035,-5.69,-30.94,29.06,354.16,-83.31,-173.4
52.430965,-1.539433,179.15,9.49,2,184.95,20 / 21,1237609,2019-09-06 19:40:43:352,0.5489,-0.2794,10.5306,-0.006,0.0317,9.8065,-0.0819,0.037,0.0066,-5.81,-31.31,29,354.41,-83.37,-173.19
52.430965,-1.539433,179.15,9.49,2,184.95,20 / 21,1237710,2019-09-06 19:40:43:453,1.5697,0.6552,9.5674,0.0042,-0.0762,9.8063,-0.082,0.1083,-0.078,-5.75,-31.69,28.94,354.65,-82.87,-172.9
52.430965,-1.539433,179.15,9.49,2,184.95,20 / 21,1237809,2019-09-06 19:40:43:552,0.2297,0.0917,9.88,0.0078,-0.0438,9.8065,-0.0465,0.075,-0.0364,-6.06,-32,28.56,354.32,-82.84,-173.18
52.430965,-1.539433,179.15,9.49,2,184.95,20 / 21,1237910,2019-09-06 19:40:43:653,1.3046,0.0212,9.161,0.0059,-0.0089,9.8066,-0.2247,0.0517,0.0353,-5,-31.12,28.88,357.34,-82.97,-172.51
52.430965,-1.539433,179.15,9.49,2,184.95,20 / 21,1238010,2019-09-06 19:40:43:753,0.0561,0.5615,9.9946,-0.0033,0.0491,9.8065,0.146,0.0347,-0.0403,-4.44,-31.62,30.13,0.34,-83,-172.11
52.430965,-1.539433,179.15,9.49,2,184.95,20 / 21,1238109,2019-09-06 19:40:43:852,-0.1816,0.0751,10.1423,-0.0096,0.0344,9.8065,0.1629,0.0103,0.0081,-4.5,-31.87,30.56,1.04,-83.34,-171.74
52.430965,-1.539433,179.15,9.49,2,184.95,20 / 21,1238210,2019-09-06 19:40:43:953,1.4518,-1.3746,9.669,-0.0008,0.0457,9.8064,-0.0534,0.1003,0.0223,-5.06,-32.87,30.25,358.45,-83.37,-171.88
52.430965,-1.539433,179.15,9.49,2,184.95,20 / 21,1238310,2019-09-06 19:40:44:053,1.0929,0.6011,10.0998,-0.0003,0.0157,9.8066,0.076,0.037,0.0367,-5.56,-32.62,31.44,356.34,-83.35,-172.24
52.430965,-1.539433,179.15,9.49,2,184.95,20 / 21,1238409,2019-09-06 19:40:44:152,0.567,-0.0367,9.6351,-0.0033,-0.0016,9.8066,-0.0781,0.0458,-0.0306,-5.69,-32.75,30.75,356.53,-83.24,-172.07
52.430965,-1.539433,179.15,9.49,2,184.95,20 / 21,1238510,2019-09-06 19:40:44:253,-0.4629,2.0332,9.8073,0.0026,-0.0088,9.8066,-0.0527,0.0705,0.0496,-5.31,-32.44,30.81,358.07,-83.29,-172.53
52.430965,-1.539433,179.15,9.49,2,184.95,20 / 21,1238609,2019-09-06 19:40:44:352,0.3739,1.061,9.7911,-0.007,-0.0042,9.8066,-0.08,0.0837,-0.017,-6.19,-31.94,30.44,355.77,-83.15,-172.36
52.430965,-1.539433,179.15,9.49,2,184.95,20 / 21,1238709,2019-09-06 19:40:44:452,0.3735,-0.3228,9.8943,-0.0025,-0.0007,9.8066,0.1122,0.0696,0.0243,-6.06,-32,30.25,356.13,-83.12,-172.05
52.430965,-1.539433,179.15,9.49,2,184.95,20 / 21,1238809,2019-09-06 19:40:44:552,0.0078,0.5074,9.4942,0.0014,0.0055,9.8066,-0.0694,0.0629,-0.0318,-7,-32.12,29.38,353.73,-83.21,-171.86
52.430965,-1.539433,179.15,9.49,2,184.95,20 / 21,1238909,2019-09-06 19:40:44:652,0.3289,0.59,9.8698,0.0042,-0.007,9.8066,-0.0922,0.0519,-0.0472,-7.62,-32.44,29.81,352.29,-83.22,-171.79
52.430965,-1.539433,179.15,9.49,2,184.95,20 / 21,1239010,2019-09-06 19:40:44:753,0.5745,0.3475,9.0361,0.0028,-0.0003,9.8066,-0.0098,0.1234,0.0124,-8.06,-32.19,29.94,351.75,-83.29,-172.27
52.430965,-1.539433,179.15,9.49,2,184.95,20 / 21,1239110,2019-09-06 19:40:44:853,0.776,-0.539,9.5841,0.0003,-0.0045,9.8066,-0.0093,0.0508,0.0099,-7.81,-32.12,29.69,352.24,-83.4,-171.86
52.430965,-1.539433,179.15,9.49,2,184.95,20 / 21,1239209,2019-09-06 19:40:44:952,0.3343,1.5163,9.1234,0.01,-0.0172,9.8066,0.1001,0.0468,-0.0397,-7.44,-31.75,29.5,353.96,-83.35,-172.14
52.430965,-1.539433,179.15,9.49,2,184.95,20 / 21,1239310,2019-09-06 19:40:45:053,0.556,1.6417,9.9777,-0.0062,0.0339,9.8065,0.0811,0.0721,-0.0435,-7.19,-31.56,29.63,353.84,-83.52,-172.27
52.43021,-1.53946,179.08,9.43,2,170.85,20 / 21,1239410,2019-09-06 19:40:45:153,0.6854,0.0146,10.2725,-0.0067,0.0142,9.8066,0.0716,0.0649,0.0426,-8,-31.37,29.88,351.54,-83.48,-172.52
52.43021,-1.53946,179.08,9.43,2,170.85,20 / 21,1239509,2019-09-06 19:40:45:252,0.5674,-0.3515,10.0905,0.0029,-0.0014,9.8066,0.0891,0.0408,-0.0154,-8.06,-31.81,29.31,350.74,-83.55,-172.68
52.43021,-1.53946,179.08,9.43,2,170.85,20 / 21,1239610,2019-09-06 19:40:45:353,0.7899,0.2718,9.8577,0.0042,-0.0094,9.8066,0.0067,0.0139,-0.0232,-9,-32.12,29.5,349.12,-83.51,-172.86
52.43021,-1.53946,179.08,9.43,2,170.85,20 / 21,1239709,2019-09-06 19:40:45:452,-0.143,1.1088,9.9287,0.0027,0.0003,9.8066,-0.0069,0.0345,-0.019,-8.94,-32.56,30.44,348.78,-83.51,-173.12
52.43021,-1.53946,179.08,9.43,2,170.85,20 / 21,1239811,2019-09-06 19:40:45:554,1.1429,0.33,9.9677,0.002,0.0046,9.8066,0.0131,0.0109,0.0393,-8,-32,29.94,350.56,-83.57,-173.37
52.43021,-1.53946,179.08,9.43,2,170.85,20 / 21,1239910,2019-09-06 19:40:45:653,0.2404,1.0673,10.2991,0.0101,-0.0057,9.8066,0.0258,0.0919,-0.0593,-8.31,-32.69,30.31,349.37,-83.64,-174.39
52.43021,-1.53946,179.08,9.43,2,170.85,20 / 21,1240010,2019-09-06 19:40:45:753,0.1424,0.8464,9.4803,-0.0003,-0.0027,9.8066,-0.1031,0.0294,-0.0031,-7.56,-32.44,30.25,348.36,-83.68,-175.33
52.43021,-1.53946,179.08,9.43,2,170.85,20 / 21,1240110,2019-09-06 19:40:45:853,-0.1233,2.0237,10.3703,-0.0025,-0.0076,9.8066,-0.1001,0.0531,-0.0265,-7.69,-33.69,30.31,348.62,-83.61,-175.01
52.43021,-1.53946,179.08,9.43,2,170.85,20 / 21,1240210,2019-09-06 19:40:45:953,0.0945,0.5351,10.0195,0.0071,0.0126,9.8066,0.0345,0.0747,-0.0153,-7.62,-32.44,29.63,347.94,-83.67,-175.69
52.43021,-1.53946,179.08,9.43,2,170.85,20 / 21,1240309,2019-09-06 19:40:46:052,0.4895,-0.0302,9.7593,0.003,-0.0304,9.8065,0.0237,0.0574,-0.0474,-8.19,-33.19,29.94,347.57,-83.51,-175.93
52.43021,-1.53946,179.08,9.43,2,170.85,20 / 21,1240409,2019-09-06 19:40:46:152,-0.0635,0.2441,10.1387,0.0126,-0.005,9.8066,-0.0994,0.0656,0.0033,-7.5,-32.62,29.56,349.14,-83.5,-176.35
52.43021,-1.53946,179.08,9.43,2,170.85,20 / 21,1240510,2019-09-06 19:40:46:253,0.0057,0.6212,10.2245,0.007,-0.0279,9.8066,-0.1011,0.0578,-0.0428,-8.44,-32.69,30.06,346.02,-83.69,-177.35
52.43021,-1.53946,179.08,9.43,2,170.85,20 / 21,1240610,2019-09-06 19:40:46:353,-0.4227,0.2084,10.0152,0.0054,-0.0184,9.8066,0.0302,0.0732,0.0038,-8.25,-32,30.13,345.71,-83.59,-177.65
52.43021,-1.53946,179.08,9.43,2,170.85,20 / 21,1240709,2019-09-06 19:40:46:452,0.2392,1.2133,10.1667,-0.001,0.0023,9.8066,0.0707,0.0819,0.0119,-8.37,-32.06,30.5,345.91,-83.61,-177.98
52.43021,-1.53946,179.08,9.43,2,170.85,20 / 21,1240810,2019-09-06 19:40:46:553,0.2424,-0.5921,10.0447,-0.0102,0.0102,9.8066,-0.0587,0.0396,-0.0222,-7,-31.37,30.75,348.42,-83.55,-177.52
52.43021,-1.53946,179.08,9.43,2,170.85,20 / 21,1240910,2019-09-06 19:40:46:653,0.0693,1.217,9.8742,0.003,-0.0292,9.8066,-0.0947,0.0815,-0.0368,-7.44,-31.56,30.25,348.02,-83.45,-177.36
52.43021,-1.53946,179.08,9.43,2,170.85,20 / 21,1241009,2019-09-06 19:40:46:752,1.1149,0.5737,10.4348,0.0027,0.0025,9.8066,-0.0057,-0.028,-0.0119,-7.62,-32.31,29.25,345.24,-83.67,-177.54
52.43021,-1.53946,179.08,9.43,2,170.85,20 / 21,1241109,2019-09-06 19:40:46:852,0.0563,-0.0162,10.0894,0.0019,-0.0053,9.8066,0.0328,0.0607,-0.0282,-8.12,-32.31,29.38,345.36,-83.76,-177.46
52.43021,-1.53946,179.08,9.43,2,170.85,20 / 21,1241209,2019-09-06 19:40:46:952,1.1648,-0.0887,9.9599,0.0008,-0.0061,9.8066,-0.1061,0.0518,-0.0114,-8.12,-32.62,29,345.23,-83.73,-177.51
52.43021,-1.53946,179.08,9.43,2,170.85,20 / 21,1241310,2019-09-06 19:40:47:053,0.5798,1.82,9.426,0.0049,-0.002,9.8066,-0.0524,0.0736,-0.0087,-8.19,-32.44,30.06,345.61,-83.67,-177.76
52.43021,-1.53946,179.08,9.43,2,170.85,21 / 22,1241409,2019-09-06 19:40:47:152,-0.0037,0.2105,9.5543,0.007,-0.0009,9.8066,0.0926,0.1379,0.0307,-8.75,-33.5,30.63,343.79,-83.67,-178.12
52.43021,-1.53946,179.08,9.43,2,170.85,21 / 22,1241510,2019-09-06 19:40:47:253,0.8362,0.3481,9.9854,-0.0089,0.0275,9.8065,0.0694,0.1331,-0.0189,-9.5,-32.37,30.13,343.78,-83.79,-177.66
52.43021,-1.53946,179.08,9.43,2,170.85,21 / 22,1241610,2019-09-06 19:40:47:353,0.2879,0.4412,10.2836,-0.0066,0.0294,9.8066,-0.069,0.048,-0.0431,-9.44,-33.37,30.06,343.4,-83.84,-177.96
52.43021,-1.53946,179.08,9.43,2,170.85,21 / 22,1241709,2019-09-06 19:40:47:452,-0.3972,0.4076,9.8936,0.0097,-0.0296,9.8066,-0.0791,0.056,-0.0323,-9.19,-33.37,29.56,343.82,-83.91,-177.61
52.43021,-1.53946,179.08,9.43,2,170.85,21 / 22,1241809,2019-09-06 19:40:47:552,-0.0848,0.8409,9.9862,-0.0019,-0.0164,9.8066,-0.0476,0.0639,0.0131,-9.75,-33.19,29.38,341.36,-83.84,-177.39
52.43021,-1.53946,179.08,9.43,2,170.85,21 / 22,1241910,2019-09-06 19:40:47:653,-0.5815,0.2938,10.1366,0.0096,-0.0389,9.8065,-0.1421,0.0542,0.0387,-9.81,-32.94,28.94,341.9,-83.83,-176.91
52.43021,-1.53946,179.08,9.43,2,170.85,21 / 22,1242010,2019-09-06 19:40:47:753,-0.4412,1.9439,9.6886,0.0096,-0.0454,9.8065,0.1013,0.0781,-0.0122,-9.56,-33.75,29.5,343.06,-83.86,-176.49
52.43021,-1.53946,179.08,9.43,2,170.85,21 / 22,1242110,2019-09-06 19:40:47:853,0.8619,0.0422,9.8595,-0.0158,0.0288,9.8066,0.1129,0.0685,0.0088,-9.81,-33.5,28.5,343.77,-84.11,-175.36
52.43021,-1.53946,179.08,9.43,2,170.85,21 / 22,1242210,2019-09-06 19:40:47:953,0.0376,-1.0073,10.5078,-0.0277,0.0256,9.8065,-0.057,0.0987,-0.012,-10.75,-33.06,29.13,343.33,-84.02,-173.99
52.43021,-1.53946,179.08,9.43,2,170.85,21 / 22,1242310,2019-09-06 19:40:48:053,-0.6644,-0.2176,10.5048,0.0099,-0.052,9.8065,0.0152,0.049,0.0183,-10.56,-33.44,28.94,344.42,-83.96,-173
52.43021,-1.53946,179.08,9.43,2,170.85,19 / 21,1242409,2019-09-06 19:40:48:152,-0.4295,0.4887,9.8865,0.0174,-0.0513,9.8064,0.0204,-0.1267,0.0894,-10.44,-33.25,28.63,346.78,-83.59,-172.54
52.43021,-1.53946,179.08,9.43,2,170.85,19 / 21,1242510,2019-09-06 19:40:48:253,0.4282,5.389,8.8276,0.0116,0.076,9.8063,-0.5494,-0.0119,-0.264,-9.62,-33.62,29,345.26,-83.46,-173.79
52.43021,-1.53946,179.08,9.43,2,170.85,19 / 21,1242610,2019-09-06 19:40:48:353,-1.0868,1.2544,6.8316,0.0699,-0.0355,9.8063,0.5933,-0.0128,0.0096,-10,-33.25,29.56,339.86,-83.04,-179.07
52.43021,-1.53946,179.08,9.43,2,170.85,19 / 21,1242710,2019-09-06 19:40:48:453,2.8598,-3.2863,6.8423,-0.071,0.1675,9.8049,0.4224,-0.0267,0.0824,-10.31,-33.31,29.44,337.85,-82.58,-179.95
52.43021,-1.53946,179.08,9.43,2,170.85,19 / 21,1242809,2019-09-06 19:40:48:552,0.4679,-2.4582,7.4492,-0.0886,0.119,9.8055,-1.2169,0.0348,-0.0448,-9.81,-34.12,28.13,341.49,-84.01,-176.59
52.43021,-1.53946,179.08,9.43,2,170.85,19 / 21,1242910,2019-09-06 19:40:48:653,-0.2857,-2.4282,11.1777,0.0519,-0.1242,9.8057,-0.9549,0.0278,-0.1162,-10.31,-33.94,27.88,346.05,-84.64,-172.76
52.43021,-1.53946,179.08,9.43,2,170.85,19 / 21,1243009,2019-09-06 19:40:48:752,-0.5721,6.0416,10.8499,0.1047,-0.1777,9.8045,0.2835,-0.0277,0.0466,-10.37,-34.75,27.69,343.71,-85.36,-175.05
52.43021,-1.53946,179.08,9.43,2,170.85,19 / 21,1243111,2019-09-06 19:40:48:854,-1.081,1.389,10.4395,0.0071,-0.0146,9.8066,0.2787,-0.1063,-0.0486,-10,-33.19,28.56,343.63,-85.3,-175.87
52.43021,-1.53946,179.08,9.43,2,170.85,19 / 21,1243210,2019-09-06 19:40:48:953,0.7201,-0.7508,8.9803,-0.0082,-0.0286,9.8065,0.2983,0.0108,0.0621,-10.19,-33.12,29.25,342.96,-84.08,-176.07
52.43021,-1.53946,179.08,9.43,2,170.85,19 / 21,1243310,2019-09-06 19:40:49:053,-0.1483,-1.6692,10.1654,-0.0056,-0.0016,9.8066,0.1698,0.0032,0.0219,-10.69,-33.19,29.94,341.84,-83.2,-175.72
52.43021,-1.53946,179.08,9.43,2,170.85,20 / 21,1243409,2019-09-06 19:40:49:152,0.5959,-0.4144,10.1821,-0.0216,0.0669,9.8063,-0.354,-0.0192,0.0058,-11,-33.44,29.5,342.83,-83.78,-175.04
52.43021,-1.53946,179.08,9.43,2,170.85,20 / 21,1243510,2019-09-06 19:40:49:253,-1.0093,1.1209,9.9488,0.0056,0.0045,9.8066,-0.229,0.0341,0.0125,-10.37,-33.44,28.19,342.98,-84.5,-175.51
52.43021,-1.53946,179.08,9.43,2,170.85,20 / 21,1243609,2019-09-06 19:40:49:352,-0.4022,0.1572,9.4894,0.0157,-0.0237,9.8065,0.0495,0.0279,-0.0082,-11.06,-33.25,28.63,341.06,-84.68,-176.26
52.43021,-1.53946,179.08,9.43,2,170.85,20 / 21,1243710,2019-09-06 19:40:49:453,-0.2167,1.4458,9.7577,0.0018,-0.0209,9.8066,-0.0184,0.0507,0.0108,-10.69,-33.44,28.5,340.91,-84.42,-176.29
52.43021,-1.53946,179.08,9.43,2,170.85,20 / 21,1243810,2019-09-06 19:40:49:553,-0.6757,0.9104,9.6124,0.0095,-0.0286,9.8066,0.0932,0.0497,0.0058,-10.75,-33.56,28.69,340.92,-84.13,-176.12
52.43021,-1.53946,179.08,9.43,2,170.85,20 / 21,1243909,2019-09-06 19:40:49:652,-0.6633,0.5766,9.7745,-0.0059,-0.0042,9.8066,0.0522,-0.0057,-0.0015,-10.44,-32.69,29.75,343.86,-83.95,-175.87
52.43021,-1.53946,179.08,9.43,2,170.85,20 / 21,1244010,2019-09-06 19:40:49:753,0.3996,1.3599,10.1629,-0.0053,0.0162,9.8066,-0.0319,-0.0146,-0.0032,-10.75,-33.94,29.13,342.04,-84.01,-175.07
52.43021,-1.53946,179.08,9.43,2,170.85,20 / 21,1244110,2019-09-06 19:40:49:853,-0.5966,1.144,9.9863,0.0082,-0.002,9.8066,-0.0577,0.0419,0.0008,-10.81,-33.31,29.25,340.73,-84.19,-176.37
52.43021,-1.53946,179.08,9.43,2,170.85,20 / 21,1244209,2019-09-06 19:40:49:952,-0.3924,1.9671,10.4066,0.0152,-0.0202,9.8066,0.0852,0.048,-0.0598,-10.5,-33.62,29.06,341.82,-84.29,-177.1
52.43021,-1.53946,179.08,9.43,2,170.85,20 / 21,1244309,2019-09-06 19:40:50:052,-0.0062,0.9606,9.889,0.0033,0.0137,9.8065,0.0375,0.0506,-0.0127,-11.12,-32.94,28.75,339.11,-84.34,-177.88
52.43021,-1.53946,179.08,9.43,2,170.85,20 / 21,1244410,2019-09-06 19:40:50:153,0.6133,1.3811,9.5769,0.0065,-0.015,9.8066,-0.009,0.0561,-0.0224,-11.37,-32.75,28.94,339.13,-84.18,-177.8
52.43021,-1.53946,179.08,9.43,2,170.85,20 / 21,1244510,2019-09-06 19:40:50:253,-0.5506,1.3722,9.8084,-0.0069,0.0065,9.8066,0.0374,0.0854,-0.0308,-11.06,-33.12,28.56,338.72,-84.09,-178.13
52.43021,-1.53946,179.08,9.43,2,170.85,20 / 21,1244609,2019-09-06 19:40:50:352,-0.6426,1.0952,10.1935,-0.0032,0.0083,9.8066,0.0334,0.0298,-0.0236,-11.69,-32.75,29.13,336.99,-84.14,-178.02
52.43021,-1.53946,179.08,9.43,2,170.85,20 / 21,1244710,2019-09-06 19:40:50:453,-0.2016,1.3199,10.1507,0.0058,-0.0051,9.8066,-0.0363,0.0567,-0.0155,-11.37,-32.56,29,338.03,-84.18,-178.78
52.43021,-1.53946,179.08,9.43,2,170.85,20 / 21,1244809,2019-09-06 19:40:50:552,-0.2165,1.6506,10.2606,0.0044,0.0006,9.8066,-0.0131,0.1306,-0.0026,-12,-32.69,29.13,336.08,-84.24,-178.88
52.43021,-1.53946,179.08,9.43,2,170.85,20 / 21,1244910,2019-09-06 19:40:50:653,-0.2035,1.8201,10.6264,0.0089,-0.0024,9.8066,-0.028,0.083,-0.0083,-11.37,-32.5,28.19,336.34,-84.29,-179.67
52.43021,-1.53946,179.08,9.43,2,170.85,20 / 21,1245009,2019-09-06 19:40:50:752,0.1673,0.7657,10.0827,0.0306,0.0034,9.8066,0.0977,0.0573,-0.0104,-11.37,-32.12,28.38,332.89,-84.22,177.26
52.43021,-1.53946,179.08,9.43,2,170.85,20 / 21,1245110,2019-09-06 19:40:50:853,0.3195,1.2554,9.1438,0.0077,0.0073,9.8066,0.0982,0.106,-0.0572,-10.94,-33.12,28.13,332.33,-84.12,176.89
52.43021,-1.53946,179.08,9.43,2,170.85,20 / 21,1245209,2019-09-06 19:40:50:952,0.706,1.0587,9.2191,-0.0056,0.024,9.8065,0.0865,0.1086,-0.0203,-11.06,-32.37,28,330.77,-84.25,175.33
52.43021,-1.53946,179.08,9.43,2,170.85,21 / 22,1245310,2019-09-06 19:40:51:053,0.6408,2.1105,10.1164,0.0041,-0.0044,9.8066,-0.1072,0.151,-0.0357,-11.81,-32.31,27.94,327.93,-84.42,174.37
52.43021,-1.53946,179.08,9.43,2,170.85,21 / 22,1245410,2019-09-06 19:40:51:153,0.8738,1.8346,10.2479,0.0081,0.0041,9.8066,-0.0601,0.2395,-0.0924,-11.87,-32.69,28.38,327.77,-84.57,174.22
52.43021,-1.53946,179.08,9.43,2,170.85,21 / 22,1245510,2019-09-06 19:40:51:253,-0.3582,0.4388,10.4954,0.0066,0.0024,9.8065,-0.0837,0.2096,-0.0664,-12.06,-33.19,28.06,325.23,-84.74,171.79
52.43021,-1.53946,179.08,9.43,2,170.85,21 / 22,1245610,2019-09-06 19:40:51:353,1.0375,2.7342,9.5273,0.0342,-0.0095,9.8066,-0.058,0.2313,-0.1177,-12.25,-33,27.69,321.94,-84.76,168.76
52.43021,-1.53946,179.08,9.43,2,170.85,21 / 22,1245709,2019-09-06 19:40:51:452,0.9464,2.3562,9.5939,0.0342,-0.016,9.8065,0.0652,0.3031,-0.0795,-12.5,-32.94,28.25,318.32,-84.6,165.54
52.43021,-1.53946,179.08,9.43,2,170.85,21 / 22,1245810,2019-09-06 19:40:51:553,1.5416,2.0774,9.7219,0.0111,0.004,9.8066,0.0918,0.3071,-0.0375,-12.75,-33.12,27.81,314.29,-84.38,163.64
52.43021,-1.53946,179.08,9.43,2,170.85,21 / 22,1245909,2019-09-06 19:40:51:652,0.6012,2.0429,10.0246,-0.0026,-0.0026,9.8066,-0.0657,0.3038,-0.0007,-13.62,-33.12,27.5,312.95,-84.24,164.11
52.43021,-1.53946,179.08,9.43,2,170.85,21 / 22,1246009,2019-09-06 19:40:51:752,0.6325,1.8837,9.9496,-0.0025,-0.0106,9.8066,-0.0457,0.3333,-0.037,-14.62,-32.81,26.94,311.25,-84.27,165.07
52.43021,-1.53946,179.08,9.43,2,170.85,21 / 22,1246109,2019-09-06 19:40:51:852,-0.0041,2.1666,10.0221,0.002,-0.0013,9.8066,0.0252,0.3621,-0.0376,-15.44,-32.5,27.06,311.8,-84.24,165.45
52.43021,-1.53946,179.08,9.43,2,170.85,21 / 22,1246209,2019-09-06 19:40:51:952,0.7586,2.093,9.8487,0.0011,0.0035,9.8066,-0.0165,0.36,-0.0391,-15.5,-33.25,25.88,310.08,-84.21,165.09
52.43021,-1.53946,179.08,9.43,2,170.85,21 / 22,1246310,2019-09-06 19:40:52:053,0.5941,1.9176,9.6193,-0.0009,0.0059,9.8066,-0.0247,0.3768,-0.057,-16.19,-33.44,26,308.05,-84.25,164.71
52.43021,-1.53946,179.08,9.43,2,170.85,20 / 21,1246409,2019-09-06 19:40:52:152,0.8895,2.1683,9.6123,0.0029,0.0157,9.8066,-0.0152,0.3856,-0.0301,-16.44,-33.06,26.44,306.51,-84.34,163.18
52.43021,-1.53946,179.08,9.43,2,170.85,20 / 21,1246510,2019-09-06 19:40:52:253,0.5326,2.0981,10.4065,0.0053,-0.0054,9.8066,-0.0237,0.4001,-0.0449,-16.87,-32.81,25.19,303.01,-84.49,162.41
52.43021,-1.53946,179.08,9.43,2,170.85,20 / 21,1246609,2019-09-06 19:40:52:352,0.7582,2.2706,10.0785,0.0113,0.0043,9.8066,0.0326,0.4654,-0.0784,-17.12,-33.25,24.81,302.78,-84.49,162.19
52.43021,-1.53946,179.08,9.43,2,170.85,20 / 21,1246710,2019-09-06 19:40:52:453,0.6834,1.7701,10.0757,0.0117,0.0102,9.8066,-0.0389,0.4582,-0.0727,-18.44,-33.62,23.94,297.31,-84.34,160.01
52.43021,-1.53946,179.08,9.43,2,170.85,20 / 21,1246809,2019-09-06 19:40:52:552,0.9018,2.5719,9.756,0.0281,0.0073,9.8066,-0.0689,0.4968,-0.1471,-18.62,-33.19,23.94,292.36,-84.11,156.74
52.43021,-1.53946,179.08,9.43,2,170.85,20 / 21,1246910,2019-09-06 19:40:52:653,0.552,2.5887,9.5068,0.0306,0.0088,9.8065,0.0076,0.5228,-0.0941,-18.87,-33.31,23.38,287.85,-83.99,153.87
52.43021,-1.53946,179.08,9.43,2,170.85,20 / 21,1247010,2019-09-06 19:40:52:753,0.8348,2.9986,9.9994,0.0183,0.0193,9.8065,0.0081,0.5051,-0.0787,-19,-33.44,22.25,282.09,-83.77,149.93
52.43021,-1.53946,179.08,9.43,2,170.85,20 / 21,1247110,2019-09-06 19:40:52:853,0.8365,2.5495,10.2185,0.0032,0.0093,9.8066,-0.0359,0.5457,-0.0797,-19.94,-34.12,21.88,279.42,-83.64,148.97
52.43021,-1.53946,179.08,9.43,2,170.85,20 / 21,1247209,2019-09-06 19:40:52:952,0.9818,2.4103,10.1426,0.0129,0.002,9.8066,0.0121,0.5723,-0.0471,-20.06,-34.37,20.25,275.56,-83.55,148.37
52.43021,-1.53946,179.08,9.43,2,170.85,20 / 21,1247309,2019-09-06 19:40:53:052,0.2355,2.6287,9.6943,-0.003,-0.015,9.8066,-0.0068,0.6103,-0.0387,-20.87,-34.94,19.75,274.93,-83.44,149.3
52.43021,-1.53946,179.08,9.43,2,170.85,20 / 21,1247410,2019-09-06 19:40:53:153,0.5226,2.218,9.6691,-0.0004,-0.0048,9.8066,0.0216,0.6485,-0.0499,-20.81,-34,19.13,274.86,-83.35,150.77
52.43021,-1.53946,179.08,9.43,2,170.85,20 / 21,1247509,2019-09-06 19:40:53:252,0.3886,2.506,9.7231,0.0348,-0.0031,9.8066,-0.1313,0.6257,-0.1133,-20.81,-34.69,17.5,272.47,-83.26,150.48
52.43021,-1.53946,179.08,9.43,2,170.85,20 / 21,1247610,2019-09-06 19:40:53:353,-0.3064,2.4346,9.8034,-0.0221,0.0219,9.8065,-0.1725,0.6342,-0.0903,-21.75,-35.25,16.31,266.34,-82.98,149.39
52.43021,-1.53946,179.08,9.43,2,170.85,20 / 21,1247710,2019-09-06 19:40:53:453,-0.9673,3.2451,9.8911,-0.0128,0.0173,9.8066,0.0732,0.6484,-0.0775,-22.12,-35,15.19,262.68,-82.98,147.57
52.43021,-1.53946,179.08,9.43,2,170.85,20 / 21,1247810,2019-09-06 19:40:53:553,-0.0291,3.1556,9.9802,-0.0046,0.0142,9.8066,0.0555,0.7053,-0.1248,-21.69,-35,13.94,259.86,-82.86,146.84
52.43021,-1.53946,179.08,9.43,2,170.85,20 / 21,1247909,2019-09-06 19:40:53:652,-0.4922,3.2675,9.8661,0.0054,0.0077,9.8066,-0.0461,0.7478,-0.0873,-22.06,-34.81,11.69,254.95,-82.71,146.16
52.43021,-1.53946,179.08,9.43,2,170.85,20 / 21,1248009,2019-09-06 19:40:53:752,-0.6108,2.6715,10.0671,0.0008,0.0007,9.8066,-0.0406,0.7069,-0.0587,-21.19,-35.06,10.88,253.29,-82.61,146.07
52.43021,-1.53946,179.08,9.43,2,170.85,20 / 21,1248110,2019-09-06 19:40:53:853,-0.7408,2.7769,9.5657,0.0237,-0.0027,9.8066,-0.0151,0.73,-0.0721,-20.56,-35.56,8.75,248.76,-82.51,146.51
52.43021,-1.53946,179.08,9.43,2,170.85,20 / 21,1248210,2019-09-06 19:40:53:953,-0.8878,2.2871,9.8117,0.0352,0.0005,9.8065,-0.0345,0.7433,-0.0692,-19.87,-35.56,7.13,244.71,-82.16,147.41
52.43021,-1.53946,179.08,9.43,2,170.85,20 / 21,1248309,2019-09-06 19:40:54:052,-1.1013,1.8462,9.6595,-0.0099,-0.0004,9.8066,0.0353,0.7469,-0.1027,-20.31,-35.12,5.69,243.27,-82.06,148.38
52.429733,-1.539094,178.62,3.07,2,69.08,20 / 21,1248409,2019-09-06 19:40:54:152,-1.6556,1.9555,10.0481,-0.0008,-0.0074,9.8066,-0.0354,0.7132,-0.0801,-19.94,-35.31,5.31,241.1,-81.91,148.99
52.429733,-1.539094,178.62,3.07,2,69.08,20 / 21,1248510,2019-09-06 19:40:54:253,-1.1011,2.1221,9.7782,-0.0086,-0.0049,9.8066,-0.0865,0.7574,-0.082,-18.87,-35.56,3.25,236.22,-81.79,149.9
52.429733,-1.539094,178.62,3.07,2,69.08,20 / 21,1248609,2019-09-06 19:40:54:352,-1.4401,1.8863,9.7975,0.026,-0.0058,9.8066,-0.004,0.7438,-0.005,-18.44,-36.12,2.81,237.19,-81.55,151.65
52.429733,-1.539094,178.62,3.07,2,69.08,20 / 21,1248710,2019-09-06 19:40:54:453,-1.5017,0.9478,9.8348,0.0256,-0.0168,9.8065,-0.0653,0.6869,-0.0954,-17.44,-36.19,1.44,232.54,-81.56,153.22
52.429733,-1.539094,178.62,3.07,2,69.08,20 / 21,1248809,2019-09-06 19:40:54:552,-1.6416,1.2889,9.9939,0.0217,0.0041,9.8066,-0.0717,0.7158,-0.094,-17.25,-36,0.19,230.77,-81.35,154.84
52.429733,-1.539094,178.62,3.07,2,69.08,20 / 21,1248909,2019-09-06 19:40:54:652,-1.7148,1.3579,9.6574,0.0162,0.0023,9.8066,0.0009,0.618,-0.009,-16.37,-36.19,-0.94,227.4,-81.23,155.33
52.429733,-1.539094,178.62,3.07,2,69.08,20 / 21,1249010,2019-09-06 19:40:54:753,-0.8713,0.8476,9.7392,0.0033,-0.0147,9.8066,-0.0733,0.6223,-0.0575,-15.69,-35.56,-1.56,225.91,-81.22,156.96
52.429733,-1.539094,178.62,3.07,2,69.08,20 / 21,1249109,2019-09-06 19:40:54:852,-1.4439,1.0401,9.3226,0.0089,0.0014,9.8066,-0.0042,0.6616,-0.0315,-14.37,-36.12,-3.5,221.38,-81.23,157.91
52.429733,-1.539094,178.62,3.07,2,69.08,20 / 21,1249209,2019-09-06 19:40:54:952,-1.1588,0.7562,9.7212,0.0066,-0.0133,9.8065,0.0485,0.5927,-0.0088,-14.5,-36.69,-3.75,219.26,-81.24,159.13
52.429733,-1.539094,178.62,3.07,2,69.08,20 / 21,1249309,2019-09-06 19:40:55:052,-0.9623,0.992,9.8619,0.008,-0.0168,9.8066,-0.0197,0.5461,-0.0877,-13.56,-36.25,-3.75,220.7,-81.17,160.71
52.429733,-1.539094,178.62,3.07,2,69.08,20 / 21,1249410,2019-09-06 19:40:55:153,-0.9052,0.8477,10.0129,0.027,-0.0031,9.8065,-0.0008,0.5374,-0.0335,-12.37,-36,-4.62,215.71,-81,162.71
52.429733,-1.539094,178.62,3.07,2,69.08,20 / 21,1249509,2019-09-06 19:40:55:252,-0.6881,0.5527,9.6867,0.009,-0.0136,9.8066,-0.0159,0.4738,-0.0064,-11.94,-36.5,-6.25,214.1,-81.01,163.98
52.429733,-1.539094,178.62,3.07,2,69.08,20 / 21,1249610,2019-09-06 19:40:55:353,-0.101,0.7236,9.6014,0.0166,0.004,9.8066,-0.0377,0.4645,-0.0245,-10.87,-35.37,-7,210.77,-80.97,165.42
52.429733,-1.539094,178.62,3.07,2,69.08,20 / 21,1249710,2019-09-06 19:40:55:453,-0.9256,0.4458,9.9266,0.0097,-0.0121,9.8066,0.0082,0.4343,-0.0696,-10.75,-36.12,-6.44,213.87,-80.89,166.89
52.429733,-1.539094,178.62,3.07,2,69.08,20 / 21,1249809,2019-09-06 19:40:55:552,-0.6427,0.4989,9.8283,0.0015,-0.0081,9.8066,0.0165,0.3812,-0.0226,-10.25,-36.56,-7.56,207.43,-80.84,168.06
52.429733,-1.539094,178.62,3.07,2,69.08,20 / 21,1249910,2019-09-06 19:40:55:653,-0.2974,0.7558,9.7773,0.0086,-0.016,9.8066,0.0022,0.3449,-0.0031,-9.12,-36.31,-7.37,207.82,-80.77,169.09
52.429733,-1.539094,178.62,3.07,2,69.08,20 / 21,1250009,2019-09-06 19:40:55:752,0.5983,0.9334,9.7573,0.0317,0.0047,9.8065,0.0576,0.2712,0.0215,-8.56,-35.87,-7.5,209.31,-80.6,171.52
52.429733,-1.539094,178.62,3.07,2,69.08,20 / 21,1250110,2019-09-06 19:40:55:853,0.389,0.8739,9.8666,0.0263,0.0018,9.8066,-0.1297,0.2353,0.0192,-7.87,-35.75,-7.75,205.56,-80.6,173.25
52.429733,-1.539094,178.62,3.07,2,69.08,20 / 21,1250210,2019-09-06 19:40:55:953,0.3682,0.6311,9.7776,0.0183,-0.0066,9.8066,-0.1067,0.1936,0.0343,-8.37,-36.56,-7.44,208.34,-80.69,174.76
52.429733,-1.539094,178.62,3.07,2,69.08,20 / 21,1250309,2019-09-06 19:40:56:052,0.1034,0.3554,10.0973,0.0222,0.016,9.8066,-0.0634,0.1826,0.0125,-7.94,-36.44,-8.12,207.72,-80.6,176.44
52.429733,-1.539094,178.62,3.07,2,69.08,20 / 21,1250410,2019-09-06 19:40:56:153,0.6207,0.7874,9.855,0.0043,-0.0117,9.8066,0.029,0.1169,0.0084,-7.81,-36.06,-7.44,210.18,-80.52,177.37
52.429733,-1.539094,178.62,3.07,2,69.08,20 / 21,1250509,2019-09-06 19:40:56:252,-0.4762,0.3261,9.7939,0.0098,-0.0072,9.8066,0.1234,0.0696,0.0829,-7.37,-35.94,-7.69,205.82,-80.48,178.47
52.429733,-1.539094,178.62,3.07,2,69.08,20 / 21,1250610,2019-09-06 19:40:56:353,0.372,0.8101,10.5798,0.0131,-0.0072,9.8066,0.2472,0.1082,-0.003,-7.75,-37.25,-7.06,211.77,-80.23,-179.23
52.429733,-1.539094,178.62,3.07,2,69.08,20 / 21,1250710,2019-09-06 19:40:56:453,0.952,0.9596,10.2605,-0.0056,-0.0228,9.8066,-0.1309,0.071,0.0021,-7.19,-37.25,-7.19,208.43,-80.01,-178.89
52.429733,-1.539094,178.62,3.07,2,69.08,20 / 21,1250810,2019-09-06 19:40:56:553,0.8444,1.4407,9.967,0.0296,0.0502,9.8064,-0.1088,0.0167,0.0244,-7.37,-36.69,-7.06,208.38,-79.35,-177.8
52.429733,-1.539094,178.62,3.07,2,69.08,20 / 21,1250910,2019-09-06 19:40:56:653,0.3545,0.7122,9.5035,0.0248,0.0375,9.8065,0.0997,0.0295,0.008,-7.31,-36.31,-6.5,210.52,-79.21,-177.43
52.429733,-1.539094,178.62,3.07,2,69.08,20 / 21,1251010,2019-09-06 19:40:56:753,0.5605,0.4039,10.2297,-0.0198,-0.0516,9.8064,0.1037,-0.0351,0.0406,-7.5,-37.25,-6.5,210.16,-79.17,-177.33
52.429733,-1.539094,178.62,3.07,2,69.08,20 / 21,1251110,2019-09-06 19:40:56:853,-0.1747,-0.8572,10.369,-0.0223,-0.0516,9.8064,-0.0074,0.0529,-0.0471,-7.37,-36.31,-6.37,211.34,-79.48,-176.62
52.429733,-1.539094,178.62,3.07,2,69.08,20 / 21,1251211,2019-09-06 19:40:56:954,0.7889,1.0049,10.1414,0.0086,0.0145,9.8066,0.1221,0.0067,0.0749,-7.5,-35.62,-5.31,212.93,-79.29,-176.83
52.429733,-1.539094,178.62,3.07,2,69.08,20 / 21,1251310,2019-09-06 19:40:57:053,0.1218,0.4447,9.9225,0.0065,-0.0167,9.8066,-0.1397,0.0156,0.0193,-7.81,-36.25,-5.19,217.07,-79.34,-176.03
52.429733,-1.539094,178.62,3.07,2,69.08,21 / 22,1251410,2019-09-06 19:40:57:153,0.4373,-0.0033,10.0255,0.0167,0.031,9.8065,-0.0823,0.0497,-0.0108,-8.06,-35.87,-5.87,214.9,-79.12,-175.69
52.429733,-1.539094,178.62,3.07,2,69.08,21 / 22,1251509,2019-09-06 19:40:57:252,-0.7116,-0.9623,9.3924,-0.0098,-0.0277,9.8065,0.0212,0.0503,-0.0011,-8.75,-35.81,-5.87,217.87,-79.01,-175.86
52.429733,-1.539094,178.62,3.07,2,69.08,21 / 22,1251609,2019-09-06 19:40:57:352,-0.0968,-0.0444,9.6174,-0.0205,-0.0211,9.8065,0.021,0.0321,0.0204,-8.87,-35.94,-5.37,220.06,-78.96,-175.67
52.429733,-1.539094,178.62,3.07,2,69.08,21 / 22,1251710,2019-09-06 19:40:57:453,-0.3574,-0.0906,10.045,0.0027,-0.0139,9.8066,0.024,0.0376,-0.0061,-8.69,-36.19,-6.37,218.19,-79.05,-175.46
52.429733,-1.539094,178.62,3.07,2,69.08,21 / 22,1251810,2019-09-06 19:40:57:553,-0.0026,0.38,9.8145,0.0051,0.0122,9.8066,0.0368,0.027,-0.002,-8.62,-36.5,-6.56,216.18,-78.89,-175.27
52.429733,-1.539094,178.62,3.07,2,69.08,21 / 22,1251909,2019-09-06 19:40:57:652,0.1712,0.0049,9.9159,0.0093,-0.0021,9.8066,-0.0645,0.001,-0.0098,-9.37,-36.81,-6.37,217.79,-78.87,-175.01
52.429733,-1.539094,178.62,3.07,2,69.08,21 / 22,1252010,2019-09-06 19:40:57:753,0.153,-0.2984,9.9175,0.0071,0.0214,9.8066,-0.027,-0.0171,0.0172,-9.44,-37.25,-6.44,217.59,-78.73,-175
52.429733,-1.539094,178.62,3.07,2,69.08,21 / 22,1252110,2019-09-06 19:40:57:853,-0.1802,-0.272,9.8817,0.021,0.0203,9.8066,0.024,-0.0239,0.0348,-8.25,-37.06,-6.75,212.73,-78.66,-174.75
52.429733,-1.539094,178.62,3.07,2,69.08,21 / 22,1252209,2019-09-06 19:40:57:952,-0.2202,-0.6281,9.6075,-0.0044,-0.0155,9.8066,-0.0276,0.0162,-0.0348,-8.69,-37.44,-6.44,217.78,-78.61,-174.43
52.429733,-1.539094,178.62,3.07,2,69.08,21 / 22,1252310,2019-09-06 19:40:58:053,0.3103,0.1586,10.2584,-0.0057,-0.006,9.8066,-0.0117,0.0247,0.0297,-8.62,-37.44,-6.81,216.08,-78.71,-174.45
52.429733,-1.539094,178.62,3.07,2,69.08,20 / 21,1252409,2019-09-06 19:40:58:152,0.1335,-0.2579,10.0167,0.0014,0.0059,9.8066,0.0645,-0.0188,0.0311,-8.31,-37.06,-6.31,214.63,-78.73,-174.6
52.429733,-1.539094,178.62,3.07,2,69.08,20 / 21,1252510,2019-09-06 19:40:58:253,-0.5078,-0.319,9.8894,0.0032,-0.0092,9.8066,-0.0978,-0.0375,0.0071,-8.69,-37.06,-5.69,218.16,-78.75,-174.14
52.429733,-1.539094,178.62,3.07,2,69.08,20 / 21,1252610,2019-09-06 19:40:58:353,-0.035,-1.0775,9.9847,0.0098,0.0058,9.8066,-0.0601,0.0623,-0.0234,-8.75,-37.25,-6.62,216.29,-78.75,-174.2
52.429733,-1.539094,178.62,3.07,2,69.08,20 / 21,1252709,2019-09-06 19:40:58:452,-0.2626,-0.5917,9.5886,0.0044,0.0068,9.8066,-0.0472,0.0083,0.0208,-8.69,-36.19,-6.06,218.56,-78.77,-174.26
52.429733,-1.539094,178.62,3.07,2,69.08,20 / 21,1252810,2019-09-06 19:40:58:553,-0.453,-1.5443,9.3097,0.0035,0.0105,9.8066,-0.0943,-0.0186,0.0384,-9,-37.06,-5.81,218.22,-78.8,-174.16
52.429733,-1.539094,178.62,3.07,2,69.08,20 / 21,1252909,2019-09-06 19:40:58:652,-0.4854,-0.7715,9.0933,0.0125,0.0253,9.8066,0.0684,0.0151,-0.0396,-9.06,-35.94,-6.06,218.38,-78.62,-174.23
52.429733,-1.539094,178.62,3.07,2,69.08,20 / 21,1253010,2019-09-06 19:40:58:753,-0.1431,-0.7449,9.5276,-0.0227,-0.0293,9.8066,0.0291,0.0212,0.0638,-10,-35.69,-5.69,221.59,-78.78,-174.28
52.429733,-1.539094,178.62,3.07,2,69.08,20 / 21,1253110,2019-09-06 19:40:58:853,-0.3545,-0.6074,10.1863,-0.0082,-0.0187,9.8066,0.0435,-0.0248,-0.0179,-9.69,-36.25,-6.37,221.54,-78.7,-174.17
52.429733,-1.539094,178.62,3.07,2,69.08,20 / 21,1253210,2019-09-06 19:40:58:953,0.7893,-0.4689,9.7567,-0.0055,-0.003,9.8066,0.0691,-0.0665,0.024,-9.87,-35.94,-6.06,221.23,-78.59,-174.42
52.429733,-1.539094,178.62,3.07,2,69.08,20 / 21,1253310,2019-09-06 19:40:59:053,-0.3664,-0.5487,10.0353,0.0019,-0.0033,9.8066,0.0352,0.0374,-0.0507,-10,-35.87,-5.87,221.14,-78.49,-174.34
52.429733,-1.539094,178.62,3.07,2,69.08,20 / 21,1253410,2019-09-06 19:40:59:153,0.6035,-0.7693,10.0352,0.002,0.0063,9.8066,0.0063,-0.0534,0.048,-10,-35.44,-6.81,219.33,-78.4,-174.63
52.429733,-1.539094,178.62,3.07,2,69.08,20 / 21,1253510,2019-09-06 19:40:59:253,0.1002,-1.0636,9.9674,-0.0032,-0.0055,9.8066,0.0237,-0.0369,0.0345,-10.5,-34.81,-6.69,219.26,-78.34,-174.63
52.429733,-1.539094,178.62,3.07,2,69.08,20 / 21,1253610,2019-09-06 19:40:59:353,-0.5999,-0.6229,10.2638,0.001,0.0058,9.8065,0.0256,-0.019,-0.0297,-10.69,-35.19,-7.19,221.57,-78.25,-175.08
52.429733,-1.539094,178.62,3.07,2,69.08,20 / 21,1253709,2019-09-06 19:40:59:452,-0.0598,-0.234,9.3476,-0.0033,0.0154,9.8066,-0.0074,-0.0559,0.0487,-10.37,-35.31,-7.69,216.68,-78.18,-175.56
52.429733,-1.539094,178.62,3.07,2,69.08,20 / 21,1253809,2019-09-06 19:40:59:552,-0.6791,-1.0823,9.4877,0.0003,0.0022,9.8066,-0.0397,0.0101,0.0063,-9.06,-35.5,-7.56,213.6,-78.13,-175.88
52.429733,-1.539094,178.62,3.07,2,69.08,20 / 21,1253910,2019-09-06 19:40:59:653,0.0808,-0.6953,9.7678,-0.0052,0.0054,9.8065,-0.0517,-0.0329,-0.0157,-9.62,-36.44,-7.06,217.52,-78.11,-176.19
52.429733,-1.539094,178.62,3.07,2,69.08,20 / 21,1254009,2019-09-06 19:40:59:752,0.1504,0.2813,9.5331,-0.0081,0.0052,9.8066,-0.1137,-0.0074,-0.0289,-9.25,-36.25,-7.87,212.82,-78.13,-176.52
52.429733,-1.539094,178.62,3.07,2,69.08,20 / 21,1254109,2019-09-06 19:40:59:852,-0.4857,-0.2769,9.6863,-0.0031,0.0004,9.8066,0.0382,-0.0218,0.0275,-9.75,-36.5,-6.56,217.02,-78.2,-177.1
52.429733,-1.539094,178.62,3.07,2,69.08,20 / 21,1254210,2019-09-06 19:40:59:953,-0.2641,0.2093,9.6792,-0.0019,0.0052,9.8066,-0.0275,-0.0029,-0.0271,-10.56,-36.69,-6.87,219.04,-78.22,-177.5
52.429733,-1.539094,178.62,3.07,2,69.08,20 / 21,1254309,2019-09-06 19:41:00:052,-0.356,0.0032,9.8665,-0.0052,0.0077,9.8066,0.0447,0.0384,-0.0954,-10.62,-35.81,-6.06,221.11,-78.18,-177.91
52.429733,-1.539094,178.62,3.07,2,69.08,20 / 21,1254410,2019-09-06 19:41:00:153,-0.3772,-0.4912,9.9598,-0.011,0.0043,9.8066,0.0589,-0.004,0.0449,-10.19,-36.62,-5.06,219.46,-78.21,-178.89
52.429733,-1.539094,178.62,3.07,2,69.08,20 / 21,1254510,2019-09-06 19:41:00:253,-0.0173,-0.1525,10.1317,0.0049,-0.007,9.8066,-0.0798,0.0456,-0.0288,-9.37,-35.62,-6.19,215.07,-78.2,-178.62
52.429733,-1.539094,178.62,3.07,2,69.08,20 / 21,1254609,2019-09-06 19:41:00:352,0.1037,-0.2614,10.5471,0.0087,0.0243,9.8065,0.0017,0.1013,0.0019,-9.25,-35.69,-5.94,214.86,-78.13,-178.82
52.429733,-1.539094,178.62,3.07,2,69.08,20 / 21,1254709,2019-09-06 19:41:00:452,-0.2946,0.3803,9.6536,0.0015,0.0105,9.8066,0.0121,0.1038,-0.018,-9.44,-36,-6.44,214.28,-77.94,-179.4
52.429733,-1.539094,178.62,3.07,2,69.08,20 / 21,1254809,2019-09-06 19:41:00:552,-1.1098,0.6948,8.7723,0.0048,0.0198,9.8066,-0.1358,0.0814,0,-9.06,-35.5,-7.69,210.69,-77.71,-179.73
52.429733,-1.539094,178.62,3.07,2,69.08,20 / 21,1254910,2019-09-06 19:41:00:653,-1.3252,-0.4019,9.1117,0.0625,0.0541,9.8063,0.1766,0.0461,0.0312,-9.56,-35.62,-6.69,214.97,-77.49,-179.02
52.429733,-1.539094,178.62,3.07,2,69.08,20 / 21,1255010,2019-09-06 19:41:00:753,-0.4183,-0.1455,9.715,-0.0307,-0.0528,9.8064,0.0565,0.0807,-0.0088,-10.19,-34.31,-6.62,216.64,-77.93,-178.47
52.429733,-1.539094,178.62,3.07,2,69.08,20 / 21,1255110,2019-09-06 19:41:00:853,0.1952,-0.985,10.3103,-0.0098,-0.0292,9.8066,0.0086,0.0598,-0.0444,-9.37,-33.5,-5.44,218.61,-77.88,-177.91
52.429733,-1.539094,178.62,3.07,2,69.08,20 / 21,1255210,2019-09-06 19:41:00:953,0.3998,-0.1842,10.2079,-0.0078,-0.0226,9.8065,0.1375,0.0497,0.0125,-8.87,-33.75,-6,216.22,-77.9,-177.61
52.429733,-1.539094,178.62,3.07,2,69.08,20 / 21,1255310,2019-09-06 19:41:01:053,0.0288,0.1618,9.8257,-0.0041,-0.0389,9.8065,-0.1219,0.0765,0.0167,-8.5,-33.62,-6.94,211.92,-78.07,-176.86
52.429733,-1.539094,178.62,3.07,2,69.08,20 / 21,1255409,2019-09-06 19:41:01:152,-0.1887,0.5525,10.2841,0.0267,0.016,9.8066,-0.0083,0.0548,0.0177,-8.94,-32.94,-6.31,217.51,-77.87,-176.24
52.429733,-1.539094,178.62,3.07,2,69.08,20 / 21,1255510,2019-09-06 19:41:01:253,1.0686,-0.5119,10.329,-0.0057,-0.0105,9.8066,-0.157,0.0241,-0.0408,-9,-32.81,-6,217.72,-77.93,-176.04
52.429733,-1.539094,178.62,3.07,2,69.08,20 / 21,1255609,2019-09-06 19:41:01:352,-1.0581,-1.0784,9.8028,0.0048,0.0061,9.8066,-0.1607,0.0554,-0.0015,-8.25,-32.87,-5.75,214.7,-78.07,-175.99
52.429733,-1.539094,178.62,3.07,2,69.08,20 / 21,1255710,2019-09-06 19:41:01:453,-0.1876,-0.7337,9.2516,-0.0011,-0.0081,9.8066,0.1055,0.0545,-0.0438,-6.56,-34.12,-5.69,210.77,-78.08,-176.1
52.429733,-1.539094,178.62,3.07,2,69.08,20 / 21,1255809,2019-09-06 19:41:01:552,-0.1044,-0.0957,9.7512,-0.0034,-0.0062,9.8066,0.0833,0.0001,0.0561,-6.94,-34.56,-7.12,208.68,-78.03,-176.12
52.429733,-1.539094,178.62,3.07,2,69.08,20 / 21,1255910,2019-09-06 19:41:01:653,0.6682,0.3013,10.0939,-0.0006,-0.0152,9.8066,-0.1091,0.0023,-0.0209,-7.25,-35.81,-6.75,208.48,-78,-175.8
52.429733,-1.539094,178.62,3.07,2,69.08,20 / 21,1256010,2019-09-06 19:41:01:753,-0.4643,-0.6123,9.316,0.0086,0.0159,9.8066,-0.0872,0.025,-0.0026,-8.75,-35.25,-6.62,214.92,-77.87,-175.98
52.429733,-1.539094,178.62,3.07,2,69.08,20 / 21,1256110,2019-09-06 19:41:01:853,-0.1001,-0.8951,9.584,-0.0136,-0.032,9.8065,0.0664,-0.0583,-0.0086,-9.25,-36,-6.12,216.41,-77.83,-175.71
52.429733,-1.539094,178.62,3.07,2,69.08,20 / 21,1256209,2019-09-06 19:41:01:952,0.0643,-1.1382,9.4839,-0.0235,-0.03,9.8065,0.0494,0.0024,-0.0182,-10.5,-35.81,-6.69,217.64,-77.85,-175.51
52.429733,-1.539094,178.62,3.07,2,69.08,20 / 21,1256310,2019-09-06 19:41:02:053,-0.0322,-0.2639,9.7077,-0.0197,-0.0248,9.8065,-0.026,-0.054,0.0151,-10.37,-36.12,-7,217.76,-78.1,-175.81
52.429733,-1.539094,178.62,3.07,2,69.08,20 / 21,1256409,2019-09-06 19:41:02:152,-0.2368,-0.0949,9.9339,-0.0034,0.0051,9.8065,-0.0224,0.0099,-0.0554,-9.94,-36.25,-7.87,216.13,-78.04,-175.56
52.429733,-1.539094,178.62,3.07,2,69.08,20 / 21,1256510,2019-09-06 19:41:02:253,-0.2176,-0.2537,9.5457,-0.0019,-0.0069,9.8066,-0.0215,-0.0476,0.0727,-8.69,-36.5,-8,213.04,-78.08,-176.07
52.429733,-1.539094,178.62,3.07,2,69.08,20 / 21,1256609,2019-09-06 19:41:02:352,-0.181,-1.1564,10.2707,0.0079,0.0031,9.8066,-0.0759,-0.0244,-0.0189,-9.56,-37.5,-7.62,215.78,-78.04,-175.51
52.429733,-1.539094,178.62,3.07,2,69.08,20 / 21,1256710,2019-09-06 19:41:02:453,-0.5544,-2.2238,9.3727,0.0013,0.0229,9.8066,0.1721,0.0007,0.0116,-9.25,-37.06,-7.81,212.65,-78,-175.98
52.429733,-1.539094,178.62,3.07,2,69.08,20 / 21,1256810,2019-09-06 19:41:02:553,-1.8798,-1.7938,9.2491,-0.0154,-0.0402,9.8065,0.1216,0.0206,-0.0779,-8.31,-37.19,-6.62,210.84,-77.9,-176.44
52.429733,-1.539094,178.62,3.07,2,69.08,20 / 21,1256909,2019-09-06 19:41:02:652,-0.4795,0.678,10.1076,-0.023,-0.0479,9.8064,0.0643,-0.03,-0.0021,-8.62,-37.06,-6.75,214.17,-78.1,-176.3
52.429733,-1.539094,178.62,3.07,2,69.08,20 / 21,1257009,2019-09-06 19:41:02:752,1.0645,-1.523,10.1898,0.0016,0.021,9.8066,0.0202,-0.028,0.0372,-8.75,-36.5,-6.31,216.23,-77.96,-176.26
52.429733,-1.539094,178.62,3.07,2,69.08,20 / 21,1257110,2019-09-06 19:41:02:853,0.6533,-0.4502,9.869,-0.008,0.0048,9.8066,-0.1259,0.0548,-0.113,-8.31,-37.56,-7.25,210.57,-78.14,-176.71
52.429733,-1.539094,178.62,3.07,2,69.08,20 / 21,1257210,2019-09-06 19:41:02:953,-0.917,-0.0055,9.4686,-0.0099,0.0014,9.8066,-0.0297,0.0194,0.056,-8,-36.81,-6.25,212.29,-78.31,-177.61
52.429733,-1.539094,178.62,3.07,2,69.08,20 / 21,1257309,2019-09-06 19:41:03:052,0.4422,-1.542,9.4427,0.0193,0.0152,9.8066,-0.0374,0.023,0.001,-8.25,-37.44,-6.81,210.59,-78.23,-177.45
52.430206,-1.538974,177.8,8.17,3,4.63,19 / 20,1257409,2019-09-06 19:41:03:152,-0.4194,-0.7239,9.7402,0.002,0.02,9.8066,0.0045,0.0507,-0.0583,-7.87,-36.94,-7.19,210.78,-78.24,-177.15
52.430206,-1.538974,177.8,8.17,3,4.63,19 / 20,1257510,2019-09-06 19:41:03:253,-0.5522,-1.2603,9.9864,-0.0009,0.0053,9.8066,-0.0036,0.011,0.0307,-8.12,-36.75,-6.69,210.21,-78.01,-177.7
52.430206,-1.538974,177.8,8.17,3,4.63,19 / 20,1257610,2019-09-06 19:41:03:353,-0.3645,-0.3888,9.7837,0.001,-0.0064,9.8065,-0.0003,-0.0137,0.058,-8.62,-36.75,-6.62,213.24,-78,-177.61
52.430206,-1.538974,177.8,8.17,3,4.63,19 / 20,1257710,2019-09-06 19:41:03:453,0.1864,-0.5514,10.2836,0.0108,-0.0094,9.8066,-0.0272,-0.0015,-0.013,-8.81,-36.81,-6.37,215.27,-78.05,-177.31
52.430206,-1.538974,177.8,8.17,3,4.63,19 / 20,1257810,2019-09-06 19:41:03:553,-1.1374,-0.7901,10.0194,-0.0054,-0.003,9.8066,-0.0072,-0.0318,0.0201,-8.56,-37.06,-6.56,213.95,-78.17,-176.78
52.430206,-1.538974,177.8,8.17,3,4.63,19 / 20,1257910,2019-09-06 19:41:03:653,-0.2543,-0.9412,9.7573,0.0164,0.0058,9.8066,-0.0558,0.0589,-0.0396,-9.5,-36.75,-6.62,214.35,-78.25,-176.3
52.430206,-1.538974,177.8,8.17,3,4.63,19 / 20,1258010,2019-09-06 19:41:03:753,-0.7371,-0.3979,9.4446,0.0104,0.0153,9.8066,0.0139,-0.0478,0.0025,-9.25,-36.69,-6.87,214.6,-78.31,-176.01
52.430206,-1.538974,177.8,8.17,3,4.63,19 / 20,1258110,2019-09-06 19:41:03:853,-0.1013,-0.6434,9.4281,-0.0147,-0.0215,9.8066,-0.0201,0.0028,-0.0418,-9.44,-36.81,-6.94,214.89,-78.45,-175.81
52.430206,-1.538974,177.8,8.17,3,4.63,19 / 20,1258209,2019-09-06 19:41:03:952,-1.2802,-1.3397,9.7621,-0.0117,-0.0107,9.8066,0.0843,-0.0024,0.046,-9.12,-36.94,-6.81,214.65,-78.43,-176.17
52.430206,-1.538974,177.8,8.17,3,4.63,19 / 20,1258309,2019-09-06 19:41:04:052,-0.7253,-0.2648,10.0761,-0.002,-0.0221,9.8065,0.0999,-0.0014,0.0354,-8.69,-36.37,-7.25,215.05,-78.44,-176.17
52.430206,-1.538974,177.8,8.17,3,4.63,20 / 21,1258410,2019-09-06 19:41:04:153,0.0483,-0.3025,9.947,0.0314,0.0344,9.8065,-0.095,-0.0302,0.0122,-8.56,-36.12,-7.44,215.1,-78.41,-176.05
52.430206,-1.538974,177.8,8.17,3,4.63,20 / 21,1258509,2019-09-06 19:41:04:252,-0.2711,-0.8433,9.3038,0.013,0.0328,9.8065,-0.0997,0.0014,0.009,-8.25,-36.44,-9.12,208.97,-78.11,-175.74
52.430206,-1.538974,177.8,8.17,3,4.63,20 / 21,1258609,2019-09-06 19:41:04:352,0.0023,-1.0737,9.4854,-0.0059,-0.0152,9.8066,0.0382,-0.0005,0.0069,-6.25,-36.31,-8.44,204.1,-78.29,-175.79
52.430206,-1.538974,177.8,8.17,3,4.63,20 / 21,1258709,2019-09-06 19:41:04:452,0.1186,-0.6705,9.0574,-0.0037,-0.0041,9.8066,0.0093,0.0189,0.0227,-5.5,-36.75,-8.56,199.57,-78.33,-175.74
52.430206,-1.538974,177.8,8.17,3,4.63,20 / 21,1258809,2019-09-06 19:41:04:552,0.3264,-0.643,10.0848,-0.0056,-0.0192,9.8066,0.0561,-0.0211,-0.0082,-5.31,-35.06,-6.12,203.62,-78.44,-175.45
52.430206,-1.538974,177.8,8.17,3,4.63,20 / 21,1258910,2019-09-06 19:41:04:653,0.474,-1.3579,10.1099,-0.0113,-0.0276,9.8065,0.065,-0.0641,0.0016,-6.06,-34.37,-6.31,208.05,-78.5,-175.27
52.430206,-1.538974,177.8,8.17,3,4.63,20 / 21,1259009,2019-09-06 19:41:04:752,-0.2339,-0.3901,9.6338,-0.0091,0.0084,9.8066,-0.0548,-0.0236,-0.0377,-6.87,-33.5,-6.56,210.18,-78.54,-175.78
52.430206,-1.538974,177.8,8.17,3,4.63,20 / 21,1259110,2019-09-06 19:41:04:853,-0.1763,-0.6566,10.4387,0.005,0.0101,9.8066,0.0913,0.0074,0.0149,-7.19,-33.94,-6.62,209.62,-78.62,-176.2
52.430206,-1.538974,177.8,8.17,3,4.63,20 / 21,1259209,2019-09-06 19:41:04:952,0.4922,0.3653,9.6981,-0.0115,0.0058,9.8066,-0.1225,0.0165,-0.0362,-7.12,-33.25,-6.81,209.64,-78.62,-176.76
52.430206,-1.538974,177.8,8.17,3,4.63,20 / 21,1259309,2019-09-06 19:41:05:052,1.3257,-0.6372,10.3192,0.0242,0.0386,9.8065,-0.0503,-0.0067,0.055,-7.87,-34.12,-6.94,212.96,-78.76,-176.41
52.430206,-1.538974,177.8,8.17,3,4.63,20 / 21,1259410,2019-09-06 19:41:05:153,-0.3153,-1.4804,9.9119,0.0361,0.0547,9.8064,0.0613,-0.0737,-0.0732,-8.06,-34.87,-6.62,212.29,-78.42,-176.25
52.430206,-1.538974,177.8,8.17,3,4.63,20 / 21,1259509,2019-09-06 19:41:05:252,-0.8123,-1.0647,9.3263,-0.037,-0.0501,9.8064,0.0445,0.0214,0.0274,-8.37,-34.81,-6.69,212.22,-78.73,-176.92
52.430206,-1.538974,177.8,8.17,3,4.63,20 / 21,1259610,2019-09-06 19:41:05:353,0.1034,-1.0721,10.1623,-0.0009,-0.0276,9.8066,0.1063,0.0422,-0.0394,-9.06,-35.69,-7.44,214.96,-78.56,-176.54
52.430206,-1.538974,177.8,8.17,3,4.63,20 / 21,1259709,2019-09-06 19:41:05:452,-0.4089,-0.4971,9.6652,0.0177,0.0196,9.8065,0.1192,0.0404,-0.0227,-9.69,-36.06,-7.69,216.31,-78.38,-175.86
52.430206,-1.538974,177.8,8.17,3,4.63,20 / 21,1259810,2019-09-06 19:41:05:553,-2.8386,-3.366,11.3994,0.0062,0.0145,9.8066,0.2419,0.052,-0.0059,-9.31,-36.62,-7.12,214.71,-78.25,-175.72
52.430206,-1.538974,177.8,8.17,3,4.63,20 / 21,1259910,2019-09-06 19:41:05:653,-6.8027,-4.4281,13.1503,-0.0455,-0.0982,9.806,0.9486,-0.0878,0.0162,-10.25,-35.94,-6.94,218.62,-78.29,-174.85
52.430206,-1.538974,177.8,8.17,3,4.63,20 / 21,1260010,2019-09-06 19:41:05:753,2.6715,2.3832,9.9423,-0.0901,-0.1526,9.805,-0.2919,-0.014,0.1629,-10.75,-35.87,-5.87,223.31,-77.76,-173.75
52.430206,-1.538974,177.8,8.17,3,4.63,20 / 21,1260110,2019-09-06 19:41:05:853,1.3122,0.4784,7.9359,0.1079,0.142,9.805,0.0084,-0.0241,-0.0027,-10.25,-36,-4.75,220.57,-76.27,-173.5
52.430206,-1.538974,177.8,8.17,3,4.63,20 / 21,1260210,2019-09-06 19:41:05:953,0.9298,2.6284,5.8158,-0.0172,-0.0222,9.8065,-0.6734,-0.1181,0.082,-9.25,-35.5,-4.12,221.72,-77.07,-172.69
52.430206,-1.538974,177.8,8.17,3,4.63,20 / 21,1260310,2019-09-06 19:41:06:053,0.2762,-2.191,9.3153,-0.0381,-0.0645,9.8063,-1.0028,0.041,0.0118,-8.56,-35.69,-5.94,220.95,-78.92,-170.89
52.430206,-1.538974,177.8,8.17,3,4.63,20 / 21,1260410,2019-09-06 19:41:06:153,-3.4959,-4.119,10.9056,0.0099,0.0541,9.8065,0.2942,0.0041,-0.0368,-8.06,-35.19,-6.94,219.04,-80.56,-170.17
52.430206,-1.538974,177.8,8.17,3,4.63,20 / 21,1260509,2019-09-06 19:41:06:252,-1.5669,-3.5376,10.3815,-0.0557,-0.0721,9.8062,0.2394,0.0283,-0.065,-8.06,-36.12,-7.37,219.14,-81.34,-171.13
52.430206,-1.538974,177.8,8.17,3,4.63,20 / 21,1260610,2019-09-06 19:41:06:353,-1.2944,-1.197,10.206,0.0274,0.0643,9.8063,0.4453,0.067,-0.0817,-8.5,-36.69,-7,214.76,-79.78,-173.76
52.430206,-1.538974,177.8,8.17,3,4.63,20 / 21,1260710,2019-09-06 19:41:06:453,1.5654,2.0949,10.0446,0.0666,0.0977,9.8059,0.3086,0.014,0.1174,-8.37,-37.12,-5,214.07,-77.43,-175.77
52.430206,-1.538974,177.8,8.17,3,4.63,20 / 21,1260810,2019-09-06 19:41:06:553,1.3926,-0.0578,10.0575,-0.0143,-0.0391,9.8065,-0.374,0.0387,0.014,-8.75,-37.19,-5.31,218.06,-77.5,-174.62
52.430206,-1.538974,177.8,8.17,3,4.63,20 / 21,1260910,2019-09-06 19:41:06:653,-0.8856,-0.5288,9.4984,-0.0203,-0.0378,9.8065,-0.3204,-0.019,-0.0039,-9.12,-36.37,-6.62,216.34,-78.36,-174.01
52.430206,-1.538974,177.8,8.17,3,4.63,20 / 21,1261009,2019-09-06 19:41:06:752,-0.802,-1.9377,8.8986,-0.0033,0.0061,9.8066,0.0889,0.0199,-0.0019,-9.31,-36.75,-6.94,217.27,-79.14,-173.46
52.430206,-1.538974,177.8,8.17,3,4.63,20 / 21,1261110,2019-09-06 19:41:06:853,-1.2091,-1.5866,9.5099,-0.0128,-0.0188,9.8066,0.132,-0.04,0.0138,-9.44,-35.81,-7,217.68,-79.36,-173.91
52.430206,-1.538974,177.8,8.17,3,4.63,20 / 21,1261210,2019-09-06 19:41:06:953,-0.4197,-0.385,9.8795,-0.0064,-0.0199,9.8066,0.1022,-0.0074,0.0113,-9.19,-36.81,-6.69,216.78,-78.96,-173.86
52.430206,-1.538974,177.8,8.17,3,4.63,20 / 21,1261309,2019-09-06 19:41:07:052,0.33,0.7358,10.0394,0.0166,0.0368,9.8065,0.0379,-0.0129,0.0037,-9.12,-36,-7.06,215.95,-78.32,-174.55
52.430206,-1.538974,177.8,8.17,3,4.63,20 / 21,1261410,2019-09-06 19:41:07:153,-0.0609,-0.0813,10.068,0.0113,0.0153,9.8066,-0.0496,-0.0597,0.0587,-9.31,-36.75,-6.87,215.63,-78.34,-174.42
52.430206,-1.538974,177.8,8.17,3,4.63,20 / 21,1261509,2019-09-06 19:41:07:252,-0.2982,-1.1848,9.7186,-0.0142,-0.0255,9.8065,0.0007,0.0504,-0.0726,-8.87,-36.5,-7.69,214.6,-78.52,-174.43
52.430206,-1.538974,177.8,8.17,3,4.63,20 / 21,1261610,2019-09-06 19:41:07:353,-0.4461,-0.4495,9.8889,-0.011,0.0007,9.8066,0.0623,-0.0709,0.0211,-7.87,-36.62,-6.37,214.31,-78.63,-174.92
52.430206,-1.538974,177.8,8.17,3,4.63,20 / 21,1261709,2019-09-06 19:41:07:452,-0.3107,0.5129,9.5105,0.0104,0.0123,9.8065,-0.0217,-0.0293,-0.0836,-8.06,-36.37,-6.75,212.71,-78.47,-175.05
52.430206,-1.538974,177.8,8.17,3,4.63,20 / 21,1261810,2019-09-06 19:41:07:553,-0.1319,-0.0417,9.3541,-0.0016,0.0159,9.8066,0.1308,-0.031,0.0993,-8.06,-36.56,-6.12,213.81,-78.41,-175.25
52.430206,-1.538974,177.8,8.17,3,4.63,20 / 21,1261910,2019-09-06 19:41:07:653,0.2417,-0.1991,9.9904,-0.0141,-0.0346,9.8065,0.0497,-0.0052,-0.0441,-8.56,-36,-6.12,218.17,-78.69,-174.7
52.430206,-1.538974,177.8,8.17,3,4.63,20 / 21,1262010,2019-09-06 19:41:07:753,-0.2237,0.1401,9.7586,-0.0295,-0.0331,9.8065,0.123,-0.0027,-0.0455,-8.75,-36.37,-5.81,218.21,-78.88,-175.05
52.430206,-1.538974,177.8,8.17,3,4.63,20 / 21,1262110,2019-09-06 19:41:07:853,-0.7317,-0.3765,9.3214,0.0243,0.0263,9.8065,-0.2123,0.0002,0.0366,-9.12,-36.81,-5.94,217.98,-78.97,-174.93
52.430206,-1.538974,177.8,8.17,3,4.63,20 / 21,1262210,2019-09-06 19:41:07:953,0.0609,0.147,10.0922,0.0127,0.0075,9.8066,0.1282,0.0495,0.0432,-9.19,-36.56,-6.56,216.3,-78.84,-174.36
52.430206,-1.538974,177.8,8.17,3,4.63,20 / 21,1262310,2019-09-06 19:41:08:053,-0.2885,-0.4647,10.0703,-0.0003,-0.0091,9.8066,0.0792,0.0104,0.0297,-9.62,-37.06,-6.69,219.82,-78.95,-173.71
52.430206,-1.538974,177.8,8.17,3,4.63,20 / 21,1262409,2019-09-06 19:41:08:152,-0.2893,-0.4194,9.9244,0.0022,0.0017,9.8066,-0.0712,0.0254,-0.0108,-9.19,-37.12,-6.56,216.97,-78.95,-173.56
52.430206,-1.538974,177.8,8.17,3,4.63,20 / 21,1262509,2019-09-06 19:41:08:252,-0.0857,-1.3187,9.9107,0.0053,-0.02,9.8066,0.0399,-0.0086,0.0578,-9.5,-37.62,-6.06,218.88,-79.03,-172.93
52.430206,-1.538974,177.8,8.17,3,4.63,20 / 21,1262610,2019-09-06 19:41:08:353,-0.7607,-1.659,9.7829,-0.0047,-0.0163,9.8065,0.0036,-0.0136,-0.0038,-9.12,-36.81,-6.44,219.66,-79.02,-172.4
52.430206,-1.538974,177.8,8.17,3,4.63,20 / 21,1262710,2019-09-06 19:41:08:453,0.0703,-1.1279,9.8169,-0.012,-0.0119,9.8066,0.0312,-0.0212,0.0177,-9.25,-37.81,-6.44,219.19,-79.01,-172.41
52.430206,-1.538974,177.8,8.17,3,4.63,20 / 21,1262810,2019-09-06 19:41:08:553,-0.5872,-0.0683,9.8292,-0.0079,-0.0124,9.8066,0.0358,0.007,-0.0974,-9.56,-37,-6.87,220.71,-79.1,-172.69
52.430206,-1.538974,177.8,8.17,3,4.63,20 / 21,1262910,2019-09-06 19:41:08:653,0.3977,-1.2064,9.7866,-0.0019,0.0054,9.8066,-0.01,-0.0584,0.0042,-8.81,-37.19,-6.31,219.48,-79.04,-172.72
52.430206,-1.538974,177.8,8.17,3,4.63,20 / 21,1263009,2019-09-06 19:41:08:752,-0.0633,-0.941,9.9433,0.0014,0.0044,9.8066,0.0266,0.0229,0.0007,-9.37,-37.62,-6.56,217.3,-79.14,-172.81
52.430206,-1.538974,177.8,8.17,3,4.63,20 / 21,1263110,2019-09-06 19:41:08:853,-0.534,-1.5739,9.4768,-0.0148,-0.0247,9.8066,-0.021,-0.0247,-0.0006,-9.12,-37.37,-6.69,217.84,-79.38,-173.1
52.430206,-1.538974,177.8,8.17,3,4.63,20 / 21,1263209,2019-09-06 19:41:08:952,-0.2146,-0.2736,9.6616,-0.0102,-0.0167,9.8066,0.0225,-0.0175,-0.001,-9.56,-37.31,-7.12,220.94,-79.36,-172.88
52.430206,-1.538974,177.8,8.17,3,4.63,20 / 21,1263310,2019-09-06 19:41:09:053,-0.5825,-0.7527,9.9782,-0.0001,0.006,9.8066,0.0286,0.0415,0.0304,-9.44,-37.56,-6.5,219.28,-79.44,-173.29
52.430206,-1.538974,177.8,8.17,3,4.63,20 / 21,1263409,2019-09-06 19:41:09:152,-0.6022,-0.5266,9.6011,0.0133,0.0214,9.8065,0.0659,-0.0566,-0.0572,-8.19,-37.25,-7.37,214.5,-79.38,-173.34
52.430206,-1.538974,177.8,8.17,3,4.63,20 / 21,1263510,2019-09-06 19:41:09:253,-0.1923,-0.886,9.9275,-0.0127,-0.0233,9.8066,0.0368,-0.0092,-0.0443,-9.19,-37.31,-6.56,217.97,-79.52,-173.19
52.430206,-1.538974,177.8,8.17,3,4.63,20 / 21,1263609,2019-09-06 19:41:09:352,-0.1167,-0.7052,10.2239,-0.0161,-0.0057,9.8066,-0.0259,-0.0036,0.0142,-8.56,-37.81,-7.19,217.16,-79.5,-173.76
52.430206,-1.538974,177.8,8.17,3,4.63,20 / 21,1263710,2019-09-06 19:41:09:453,-0.4086,-1.8979,10.2961,-0.0097,-0.001,9.8066,-0.0271,-0.034,-0.0194,-9.06,-37.44,-6.62,217.09,-79.53,-174.54
52.430206,-1.538974,177.8,8.17,3,4.63,20 / 21,1263810,2019-09-06 19:41:09:553,-0.075,-1.138,11.0245,-0.0232,-0.0201,9.8065,0.1229,-0.0246,-0.0119,-8.87,-38,-6.37,218.32,-79.54,-175
52.430206,-1.538974,177.8,8.17,3,4.63,20 / 21,1263910,2019-09-06 19:41:09:653,0.7178,-0.1448,10.5743,0.0259,0.0363,9.8065,0.1644,0.0543,-0.0774,-8.62,-36.87,-6.44,218.73,-79.55,-175.06
52.430206,-1.538974,177.8,8.17,3,4.63,20 / 21,1264010,2019-09-06 19:41:09:753,-0.3917,-1.1054,10.4624,-0.0056,-0.009,9.8066,0.2074,-0.0157,0.0452,-8.44,-37.37,-6.62,213.56,-79.51,-175.08
52.430206,-1.538974,177.8,8.17,3,4.63,20 / 21,1264110,2019-09-06 19:41:09:853,0.536,-1.5822,10.7328,0.0159,0.0037,9.8066,0.0269,-0.0911,0.0408,-8.87,-37.69,-6.81,216.77,-79.56,-174.5
52.430206,-1.538974,177.8,8.17,3,4.63,20 / 21,1264210,2019-09-06 19:41:09:953,-1.0612,-1.1602,10.4528,-0.0083,-0.0342,9.8066,0.0027,-0.0196,0.0329,-9.12,-37.44,-5.75,219.92,-79.67,-173.5
52.430206,-1.538974,177.8,8.17,3,4.63,20 / 21,1264309,2019-09-06 19:41:10:052,-0.5475,-0.1252,10.678,0.0333,0.032,9.8065,0.0337,0.0078,0.0083,-8.81,-38,-7,217.69,-79.65,-173.27
52.430206,-1.538974,177.8,8.17,3,4.63,20 / 21,1264409,2019-09-06 19:41:10:152,-0.9475,-0.8856,10.0996,0.0183,-0.0014,9.8066,-0.0599,-0.0227,0.0923,-8.94,-37.87,-6,219.93,-79.33,-172.01
52.430206,-1.538974,177.8,8.17,3,4.63,20 / 21,1264510,2019-09-06 19:41:10:253,0.057,-0.0602,8.7611,0.0173,0.0086,9.8065,-0.1065,0.02,0.022,-8.87,-37.87,-6.37,220.48,-79.07,-170.51
52.430206,-1.538974,177.8,8.17,3,4.63,20 / 21,1264610,2019-09-06 19:41:10:353,-0.2667,-0.8093,8.9816,0.01,0.0367,9.8065,0.0979,-0.0479,0.0513,-9,-36.94,-6.5,220.84,-79.07,-170.67
52.430206,-1.538974,177.8,8.17,3,4.63,20 / 21,1264710,2019-09-06 19:41:10:453,-1.9466,-0.5215,11.3237,-0.0155,-0.0463,9.8065,0.0577,0.0495,-0.08,-9.12,-37.06,-6.94,219.83,-79.35,-170.03
52.430206,-1.538974,177.8,8.17,3,4.63,20 / 21,1264809,2019-09-06 19:41:10:552,0.4352,-0.1988,10.1329,0.0255,0.0268,9.8065,-0.1721,-0.0143,0.0767,-8.62,-35.94,-7.56,220.24,-79.89,-168.62
52.430206,-1.538974,177.8,8.17,3,4.63,20 / 21,1264910,2019-09-06 19:41:10:653,-0.8065,-1.0502,9.8949,0.0183,0.0341,9.8065,-0.1098,0.0263,-0.1251,-8.69,-36.19,-7.31,221.71,-79.63,-168.5
52.430206,-1.538974,177.8,8.17,3,4.63,20 / 21,1265009,2019-09-06 19:41:10:752,-0.406,0.6167,9.778,-0.0019,0.0225,9.8066,0.0793,-0.033,0.0172,-9.37,-35.44,-8.12,219.69,-79.53,-169.29
52.430206,-1.538974,177.8,8.17,3,4.63,20 / 21,1265109,2019-09-06 19:41:10:852,-0.1209,-1.3324,10.1215,0.0138,-0.0043,9.8066,0.0585,-0.0279,0.0422,-8,-36.12,-8.19,215.89,-79.33,-169.26
52.430206,-1.538974,177.8,8.17,3,4.63,20 / 21,1265210,2019-09-06 19:41:10:953,0.5671,-0.7928,10.0541,-0.0105,-0.0211,9.8065,-0.0481,0.024,-0.0089,-6.75,-36.19,-8.06,212.86,-79.41,-168.93
52.430206,-1.538974,177.8,8.17,3,4.63,20 / 21,1265311,2019-09-06 19:41:11:054,-0.8462,-1.0063,9.6724,0.0022,0.0033,9.8066,-0.0005,0.0472,-0.0316,-6.69,-36.31,-7.75,212.98,-79.53,-168.98
52.430206,-1.538974,177.8,8.17,3,4.63,20 / 21,1265410,2019-09-06 19:41:11:153,0.0294,-0.9823,9.9509,-0.0068,-0.0103,9.8066,-0.1284,0.0147,-0.0159,-5.81,-36.75,-6.69,210.48,-79.66,-169.01
52.430206,-1.538974,177.8,8.17,3,4.63,20 / 21,1265511,2019-09-06 19:41:11:254,0.2749,-0.1014,9.7318,0.0039,0.0204,9.8066,-0.0767,-0.0057,0.0136,-5.19,-36.44,-5.5,209.53,-79.62,-168.87
52.430206,-1.538974,177.8,8.17,3,4.63,20 / 21,1265610,2019-09-06 19:41:11:353,0.3583,-1.6388,9.8919,0.0123,0.021,9.8065,0.0333,0.0453,-0.0268,-5.87,-36.5,-5,213.94,-79.59,-168.82
52.430206,-1.538974,177.8,8.17,3,4.63,20 / 21,1265709,2019-09-06 19:41:11:452,-0.6416,-1.5878,9.6464,0.0003,-0.0017,9.8066,-0.0734,-0.0384,0.0025,-7.31,-36.56,-3.62,219.73,-79.61,-168.8
52.430206,-1.538974,177.8,8.17,3,4.63,20 / 21,1265810,2019-09-06 19:41:11:553,0.0449,-1.2064,9.8651,-0.0056,-0.0117,9.8066,0.0094,0.0298,-0.0233,-9.25,-35.75,-3.31,230.98,-79.61,-168.58
52.430206,-1.538974,177.8,8.17,3,4.63,20 / 21,1265910,2019-09-06 19:41:11:653,-1.3775,-1.1287,10.0513,-0.0096,-0.0108,9.8066,0.0799,0.0068,-0.0014,-10.5,-36.37,-4.56,229.06,-79.66,-168.69
52.430206,-1.538974,177.8,8.17,3,4.63,20 / 21,1266010,2019-09-06 19:41:11:753,-0.7235,-0.3231,9.8945,-0.0262,-0.0183,9.8066,-0.0914,0.0616,-0.0131,-10.56,-35.94,-5.31,232.42,-79.88,-168.8
52.430206,-1.538974,177.8,8.17,3,4.63,20 / 21,1266110,2019-09-06 19:41:11:853,-1.6402,-2.2557,9.3952,0.0056,0.0015,9.8066,-0.1071,-0.0287,-0.0041,-10.69,-37.62,-6.25,229.3,-79.91,-168.56
52.430206,-1.538974,177.8,8.17,3,4.63,20 / 21,1266209,2019-09-06 19:41:11:952,-0.906,-1.422,9.6375,-0.0001,0.0019,9.8065,0.0575,-0.0331,-0.0226,-10.75,-37.12,-6.75,227.83,-79.98,-168.48
52.430206,-1.538974,177.8,8.17,3,4.63,20 / 21,1266309,2019-09-06 19:41:12:052,0.2023,-1.2199,10.4571,-0.0132,-0.0066,9.8065,0.078,-0.0531,0.028,-10.44,-37.44,-6.62,225.03,-80.12,-168.64
52.430862,-1.538864,177.71,7.42,2,6.43,20 / 21,1266409,2019-09-06 19:41:12:152,-0.1869,-1.3757,9.9706,-0.0016,-0.0024,9.8066,-0.0136,0.0149,-0.0174,-10,-37.94,-6.87,224.48,-80.08,-168.72
52.430862,-1.538864,177.71,7.42,2,6.43,20 / 21,1266509,2019-09-06 19:41:12:252,-0.8913,-1.1258,10.3254,-0.0063,0.0035,9.8066,0.065,0.041,-0.0215,-9.56,-37.06,-6.5,226.76,-80.13,-169.18
52.430862,-1.538864,177.71,7.42,2,6.43,20 / 21,1266609,2019-09-06 19:41:12:352,-0.3705,-0.2398,9.9804,-0.0023,0.0046,9.8066,0.0789,0.0147,-0.0332,-9.56,-37.69,-6.31,225.63,-80.08,-169.99
52.430862,-1.538864,177.71,7.42,2,6.43,20 / 21,1266709,2019-09-06 19:41:12:452,-0.4741,-0.4278,9.8984,-0.0005,0.015,9.8066,-0.0827,0.0298,-0.0091,-9.25,-37.94,-7.06,220.15,-80.04,-170.45
52.430862,-1.538864,177.71,7.42,2,6.43,20 / 21,1266810,2019-09-06 19:41:12:553,-0.3798,-1.2723,9.8078,0.0017,-0.0054,9.8066,-0.0477,-0.0232,0.0058,-9.06,-37.06,-6.31,222.69,-80.16,-170.53
52.430862,-1.538864,177.71,7.42,2,6.43,20 / 21,1266909,2019-09-06 19:41:12:652,-0.7142,-1.1037,9.8822,-0.0189,-0.0184,9.8066,-0.0304,0.0154,-0.015,-8.69,-37.5,-5.75,222.88,-80.26,-170.5
52.430862,-1.538864,177.71,7.42,2,6.43,20 / 21,1267009,2019-09-06 19:41:12:752,-0.6387,-1.3442,10.0619,-0.001,0.0108,9.8066,0.0105,-0.0181,0.0078,-9,-36.87,-6.44,222.98,-80.39,-170.66
52.430862,-1.538864,177.71,7.42,2,6.43,20 / 21,1267110,2019-09-06 19:41:12:853,-1.1483,-2.2668,9.4067,0.0072,0.0139,9.8066,-0.008,-0.0033,0.0054,-9.12,-36.37,-5.19,225.49,-80.39,-171.07
52.430862,-1.538864,177.71,7.42,2,6.43,20 / 21,1267210,2019-09-06 19:41:12:953,-1.0863,-1.0059,9.5842,-0.0076,-0.0176,9.8066,0.0359,0.0311,-0.0145,-10.19,-37.12,-6.31,226.4,-80.55,-170.69
52.430862,-1.538864,177.71,7.42,2,6.43,20 / 21,1267310,2019-09-06 19:41:13:053,-1.1102,-1.5381,9.6373,-0.0134,-0.0126,9.8066,0.0117,-0.0349,0.0206,-10.19,-36.81,-6.19,226.24,-80.54,-170.91
52.430862,-1.538864,177.71,7.42,2,6.43,20 / 21,1267409,2019-09-06 19:41:13:152,-1.3292,-1.2231,9.9746,0.008,-0.0001,9.8066,0.0116,0.0147,-0.0185,-10.37,-36.62,-5.31,228.85,-80.54,-170.59
52.430862,-1.538864,177.71,7.42,2,6.43,20 / 21,1267510,2019-09-06 19:41:13:253,-1.1834,-1.9539,9.8377,-0.0073,0.001,9.8066,-0.0037,0.0214,-0.0166,-10.19,-37.06,-6.87,224.36,-80.65,-170.75
52.430862,-1.538864,177.71,7.42,2,6.43,20 / 21,1267609,2019-09-06 19:41:13:352,-1.3681,-2.2622,9.5483,-0.0097,-0.005,9.8066,-0.0131,0.0159,-0.0075,-10.44,-36.87,-7.31,224.39,-80.71,-170.86
52.430862,-1.538864,177.71,7.42,2,6.43,20 / 21,1267710,2019-09-06 19:41:13:453,-1.3064,-1.8697,9.3302,-0.0007,-0.0051,9.8066,-0.017,0.0325,-0.0414,-9.5,-37.06,-7.62,219.48,-80.83,-171.02
52.430862,-1.538864,177.71,7.42,2,6.43,20 / 21,1267809,2019-09-06 19:41:13:552,-1.5232,-2.1483,9.4519,-0.0013,-0.0037,9.8066,-0.0138,0.0216,-0.0112,-9.31,-37.12,-6.94,221.62,-80.89,-170.8
52.430862,-1.538864,177.71,7.42,2,6.43,20 / 21,1267909,2019-09-06 19:41:13:652,-0.9753,-2.1801,9.6808,0.0046,0.0042,9.8066,0.0327,0.0175,-0.0092,-9.25,-37.37,-7.5,221.66,-80.89,-170.74
52.430862,-1.538864,177.71,7.42,2,6.43,20 / 21,1268010,2019-09-06 19:41:13:753,-1.149,-1.8318,9.9886,-0.005,-0.0059,9.8066,0.0188,0.0166,-0.0342,-9.37,-36.94,-7.75,219.87,-80.92,-170.65
52.430862,-1.538864,177.71,7.42,2,6.43,20 / 21,1268110,2019-09-06 19:41:13:853,-0.9991,-1.3382,9.8452,-0.01,-0.0089,9.8065,-0.0419,0.0233,0.0192,-9.06,-37.25,-6.81,221.68,-80.97,-170.88
52.430862,-1.538864,177.71,7.42,2,6.43,20 / 21,1268210,2019-09-06 19:41:13:953,-1.1953,-1.4981,9.3718,0.0002,0.0048,9.8066,-0.0291,0.041,-0.0179,-9.12,-37.81,-6.94,221.34,-81.01,-170.9
52.430862,-1.538864,177.71,7.42,2,6.43,20 / 21,1268309,2019-09-06 19:41:14:052,-1.079,-1.9452,9.8993,0.005,0.0104,9.8066,0.0056,0.0289,-0.0018,-9.06,-37.62,-6.44,223.18,-80.98,-171.21
52.430862,-1.538864,177.71,7.42,2,6.43,20 / 21,1268410,2019-09-06 19:41:14:153,-1.1498,-0.7137,9.4171,-0.019,-0.0047,9.8065,0.066,0.0253,-0.0273,-8.56,-37.25,-7.25,220.93,-81.01,-172.04
52.430862,-1.538864,177.71,7.42,2,6.43,20 / 21,1268510,2019-09-06 19:41:14:253,-1.0925,-1.7016,9.5077,0.0036,-0.0073,9.8066,0.0227,0.001,-0.0021,-8.87,-37,-6.87,220.95,-80.98,-171.94
52.430862,-1.538864,177.71,7.42,2,6.43,20 / 21,1268610,2019-09-06 19:41:14:353,-0.8932,-1.3946,9.6777,-0.0125,-0.0139,9.8065,-0.0222,0.0348,-0.0056,-8.5,-38.06,-7.06,217.65,-81.06,-171.56
52.430862,-1.538864,177.71,7.42,2,6.43,20 / 21,1268709,2019-09-06 19:41:14:452,-0.8027,-2.0224,10.1274,0.005,-0.0065,9.8066,0.0067,0.0288,-0.0072,-8.19,-37.75,-7,218.01,-81.17,-171.28
52.430862,-1.538864,177.71,7.42,2,6.43,20 / 21,1268810,2019-09-06 19:41:14:553,-0.8974,-1.8285,9.9778,-0.0065,-0.0099,9.8066,-0.0177,0.0028,0.0004,-7.87,-37.56,-7.25,218.51,-81.21,-170.65
52.430862,-1.538864,177.71,7.42,2,6.43,20 / 21,1268910,2019-09-06 19:41:14:653,-1.0952,-1.5167,10.2134,0.0034,-0.0089,9.8066,-0.0029,0.0097,0.0527,-8,-36.87,-7.37,219.41,-81.31,-170.14
52.430862,-1.538864,177.71,7.42,2,6.43,20 / 21,1269010,2019-09-06 19:41:14:753,-0.6054,-1.5051,10.0036,0.0019,-0.0086,9.8066,0.0014,0.0347,-0.0242,-8.25,-37.25,-6.69,219.93,-81.39,-169.58
52.430862,-1.538864,177.71,7.42,2,6.43,20 / 21,1269109,2019-09-06 19:41:14:852,-0.7887,-1.2859,9.7442,-0.0012,-0.0031,9.8066,-0.0392,-0.0082,0.0012,-8.12,-37.75,-6.31,221.89,-81.53,-169.5
52.430862,-1.538864,177.71,7.42,2,6.43,20 / 21,1269209,2019-09-06 19:41:14:952,-0.6466,-1.6455,9.5668,-0.002,-0.0073,9.8066,0.0038,0.0085,0.022,-8.19,-37.81,-7.19,220.22,-81.64,-169.18
52.430862,-1.538864,177.71,7.42,2,6.43,20 / 21,1269309,2019-09-06 19:41:15:052,-0.5801,-1.4118,9.9775,0.008,0.0013,9.8066,0.0328,0.0105,-0.0037,-8.56,-37.69,-7.12,223.82,-81.63,-168.88
52.430862,-1.538864,177.71,7.42,2,6.43,19 / 20,1269409,2019-09-06 19:41:15:152,-0.6246,-1.4915,9.8789,0.0029,0.0028,9.8066,0.0254,0.0066,0.0139,-7.87,-37.94,-7.25,220.49,-81.66,-168.84
52.430862,-1.538864,177.71,7.42,2,6.43,19 / 20,1269510,2019-09-06 19:41:15:253,-0.6556,-1.2037,9.6937,0.0062,-0.0002,9.8066,-0.0008,-0.0087,-0.0045,-8.25,-37.31,-7,221.22,-81.64,-168.34
52.430862,-1.538864,177.71,7.42,2,6.43,19 / 20,1269609,2019-09-06 19:41:15:352,-0.4265,-0.9766,9.7526,-0.0016,-0.0005,9.8066,-0.0033,0.0057,0.0062,-8.69,-37.75,-7.31,224.38,-81.69,-168.26
52.430862,-1.538864,177.71,7.42,2,6.43,19 / 20,1269709,2019-09-06 19:41:15:452,-0.6305,-0.9416,10.0388,0.0021,-0.0059,9.8066,-0.0014,0.0012,0.0052,-8.44,-37.12,-6.44,223.83,-81.75,-167.93
52.430862,-1.538864,177.71,7.42,2,6.43,19 / 20,1269810,2019-09-06 19:41:15:553,-0.5667,-1.0443,9.8587,-0.0006,-0.0033,9.8066,-0.0177,0.0053,0,-8.37,-37.62,-7,221.75,-81.78,-167.38
52.430862,-1.538864,177.71,7.42,2,6.43,19 / 20,1269910,2019-09-06 19:41:15:653,-0.5303,-0.7534,9.5177,-0.0003,-0.0071,9.8066,0.0107,-0.0355,0.0315,-8.87,-37.75,-6.69,225.54,-81.87,-167.12
52.430862,-1.538864,177.71,7.42,2,6.43,19 / 20,1270010,2019-09-06 19:41:15:753,-0.568,-0.631,9.9365,0.0024,-0.0035,9.8066,-0.0315,0.0016,-0.0263,-8.56,-38.12,-7.12,226,-81.94,-166.65
52.430862,-1.538864,177.71,7.42,2,6.43,19 / 20,1270109,2019-09-06 19:41:15:852,-0.4245,-0.5533,9.9574,0.0001,-0.0028,9.8066,0.0362,-0.0179,0.0292,-8.5,-38.25,-7,222.91,-81.98,-166.24
52.430862,-1.538864,177.71,7.42,2,6.43,19 / 20,1270211,2019-09-06 19:41:15:954,-0.381,-0.4605,9.8019,0.0003,-0.0014,9.8066,0.0185,0.0063,-0.0079,-8.94,-39.12,-6.87,226.11,-82.03,-166.2
52.430862,-1.538864,177.71,7.42,2,6.43,19 / 20,1270310,2019-09-06 19:41:16:053,-0.4319,-0.5556,9.809,-0.0033,-0.0049,9.8066,-0.0214,-0.0015,-0.0144,-8.5,-37.81,-7.31,223.23,-82.08,-166.07
52.430862,-1.538864,177.71,7.42,2,6.43,20 / 21,1270409,2019-09-06 19:41:16:152,-0.2239,-0.3703,9.7446,-0.0068,-0.0014,9.8066,-0.023,0.0117,0.0005,-8.94,-37.37,-7.62,225.27,-82.18,-166.01
52.430862,-1.538864,177.71,7.42,2,6.43,20 / 21,1270510,2019-09-06 19:41:16:253,-0.2016,-0.4262,9.7494,0.0007,-0.0042,9.8066,0.0167,-0.0034,-0.0062,-8.94,-37.56,-6.44,229.58,-82.27,-165.79
52.430862,-1.538864,177.71,7.42,2,6.43,20 / 21,1270610,2019-09-06 19:41:16:353,-0.2499,-0.2435,9.7288,-0.0082,-0.0115,9.8066,0.0154,0.0051,0.0093,-8.44,-37.37,-5.94,227.12,-82.41,-165.17
52.430862,-1.538864,177.71,7.42,2,6.43,20 / 21,1270710,2019-09-06 19:41:16:453,-0.0129,-0.479,9.9016,0.0012,-0.005,9.8066,-0.0135,-0.0004,-0.0024,-8.81,-37.19,-6.12,231.26,-82.46,-164.69
52.430862,-1.538864,177.71,7.42,2,6.43,20 / 21,1270810,2019-09-06 19:41:16:553,-0.2338,-0.1918,9.7733,-0.0023,-0.0035,9.8066,0.0035,0.0048,0.0017,-8.94,-37.25,-5.81,231.77,-82.54,-164.24
52.430862,-1.538864,177.71,7.42,2,6.43,20 / 21,1270910,2019-09-06 19:41:16:653,-0.2077,-0.1408,9.8044,-0.0018,-0.0068,9.8066,-0.0006,-0.0136,0.0153,-8.62,-37.5,-6.12,231.94,-82.56,-164.07
52.430862,-1.538864,177.71,7.42,2,6.43,20 / 21,1271009,2019-09-06 19:41:16:752,-0.3014,-0.4031,9.9158,-0.0016,-0.0023,9.8066,0.0007,-0.0016,-0.005,-8.94,-38,-5.75,231.73,-82.58,-163.83
52.430862,-1.538864,177.71,7.42,2,6.43,20 / 21,1271110,2019-09-06 19:41:16:853,-0.2966,-0.4171,9.863,-0.0054,-0.0088,9.8066,-0.0121,-0.0165,0.0067,-8.37,-38.31,-6.87,226.18,-82.69,-163.62
52.430862,-1.538864,177.71,7.42,2,6.43,20 / 21,1271209,2019-09-06 19:41:16:952,-0.2203,-0.3967,9.6168,-0.0019,-0.0054,9.8066,-0.0212,-0.0026,-0.0043,-8.31,-37.69,-6.62,226.65,-82.78,-163.24
52.430862,-1.538864,177.71,7.42,2,6.43,20 / 21,1271310,2019-09-06 19:41:17:053,-0.3402,-0.3817,9.7242,-0.0017,-0.004,9.8066,-0.0081,0.0063,0.0014,-8.44,-38.31,-6.81,227.01,-82.86,-162.97
52.430862,-1.538864,177.71,7.42,2,6.43,20 / 21,1271409,2019-09-06 19:41:17:152,-0.4415,-0.4642,9.9935,0.0039,-0.0006,9.8065,-0.006,-0.0103,0.0202,-8.75,-38.12,-6.62,231.15,-82.89,-162.36
52.430862,-1.538864,177.71,7.42,2,6.43,20 / 21,1271510,2019-09-06 19:41:17:253,-0.2479,-0.7454,9.9399,0,-0.0031,9.8066,0.0114,-0.0106,-0.0081,-9.06,-37.56,-6.5,233.86,-82.96,-162.2
52.430862,-1.538864,177.71,7.42,2,6.43,20 / 21,1271610,2019-09-06 19:41:17:353,-0.2306,-0.3713,9.7592,-0.0044,-0.0004,9.8066,0.004,-0.0176,-0.0108,-9.31,-37.5,-6.12,234.59,-83.03,-162.05
52.430862,-1.538864,177.71,7.42,2,6.43,20 / 21,1271709,2019-09-06 19:41:17:452,-0.4376,-0.3093,9.6709,-0.0036,-0.0022,9.8066,0.0302,-0.0037,0.011,-8.69,-37,-6.56,232.11,-83.1,-162.21
52.430862,-1.538864,177.71,7.42,2,6.43,20 / 21,1271810,2019-09-06 19:41:17:553,-0.5004,-0.4063,9.885,-0.0042,-0.0034,9.8066,0.003,0.0036,-0.0039,-9,-37.19,-6.31,234.77,-83.15,-162.18
52.430862,-1.538864,177.71,7.42,2,6.43,20 / 21,1271910,2019-09-06 19:41:17:653,-0.1373,-0.2805,9.8582,-0.003,-0.0037,9.8066,-0.014,-0.0061,-0.0007,-8.69,-37.69,-6.44,234.46,-83.19,-162.14
52.430862,-1.538864,177.71,7.42,2,6.43,20 / 21,1272010,2019-09-06 19:41:17:753,-0.1692,-0.2194,9.7771,-0.0003,-0.0023,9.8066,-0.0091,-0.002,0.0039,-8.31,-38.06,-6.31,231.05,-83.26,-161.88
52.430862,-1.538864,177.71,7.42,2,6.43,20 / 21,1272110,2019-09-06 19:41:17:853,-0.2016,-0.1157,9.837,-0.0029,-0.0057,9.8066,0.0298,-0.0111,0.0117,-8.81,-38.06,-6.62,232.69,-83.3,-161.54
52.430862,-1.538864,177.71,7.42,2,6.43,20 / 21,1272210,2019-09-06 19:41:17:953,-0.1269,-0.2113,10.0586,-0.0043,-0.0067,9.8066,-0.0055,-0.0133,-0.0132,-9.56,-38.06,-6.5,238.71,-83.32,-161.51
52.430862,-1.538864,177.71,7.42,2,6.43,20 / 21,1272310,2019-09-06 19:41:18:053,-0.2094,-0.073,9.8784,-0.0016,0.0007,9.8066,0.0006,-0.0079,0.0009,-8.87,-37.75,-6.56,232.82,-83.36,-161.54
52.430862,-1.538864,177.71,7.42,2,6.43,20 / 21,1272409,2019-09-06 19:41:18:152,0.124,0.5003,9.7295,0.0022,0.0029,9.8066,0.0224,0.0176,0.0016,-9.06,-37.81,-6.87,232.85,-83.36,-161.48
52.430862,-1.538864,177.71,7.42,2,6.43,20 / 21,1272510,2019-09-06 19:41:18:253,-0.0077,0.1524,9.6863,-0.0022,-0.0011,9.8066,-0.0046,-0.008,-0.016,-8.69,-37.94,-6.69,232.95,-83.41,-161.5
52.430862,-1.538864,177.71,7.42,2,6.43,20 / 21,1272609,2019-09-06 19:41:18:352,0.4662,0.509,9.767,-0.0028,-0.003,9.8066,-0.0268,-0.0031,-0.008,-8.62,-37.81,-7.06,233.1,-83.47,-161.5
52.430862,-1.538864,177.71,7.42,2,6.43,20 / 21,1272710,2019-09-06 19:41:18:453,-0.2451,0.0287,9.9178,0.0013,-0.0035,9.8066,0.0179,-0.006,0.0192,-8.62,-38.19,-7,233.65,-83.5,-160.89
52.430862,-1.538864,177.71,7.42,2,6.43,20 / 21,1272809,2019-09-06 19:41:18:552,0.074,0.3591,9.8444,-0.0024,-0.0056,9.8066,-0.0028,0.0043,-0.0139,-8.94,-37.75,-6.94,234.02,-83.56,-160.6
52.430862,-1.538864,177.71,7.42,2,6.43,20 / 21,1272910,2019-09-06 19:41:18:653,0.2014,0.3301,9.9011,0.0012,-0.0027,9.8065,0.0189,0.0035,0.0084,-9.25,-38.62,-7.12,234.09,-83.59,-160.12
52.430862,-1.538864,177.71,7.42,2,6.43,20 / 21,1273010,2019-09-06 19:41:18:753,0.2995,0.3115,9.8041,-0.0026,-0.0041,9.8066,0.027,0.0036,0.0026,-8.5,-37.81,-6.62,230.99,-83.62,-159.95
52.430862,-1.538864,177.71,7.42,2,6.43,20 / 21,1273110,2019-09-06 19:41:18:853,0.3768,0.5112,9.763,-0.0029,-0.003,9.8066,-0.0218,-0.009,-0.0084,-8.75,-37.44,-6.56,235.19,-83.7,-160.02
52.430862,-1.538864,177.71,7.42,2,6.43,20 / 21,1273211,2019-09-06 19:41:18:954,0.028,0.4494,9.7788,-0.0044,-0.0059,9.8066,-0.0075,-0.0002,0.003,-8.81,-37.37,-6.19,238.32,-83.77,-159.63
52.430862,-1.538864,177.71,7.42,2,6.43,20 / 21,1273309,2019-09-06 19:41:19:052,0.0871,0.1506,9.8637,-0.0009,-0.0055,9.8066,-0.0114,-0.0105,0.0174,-9.12,-37.5,-6.5,238.92,-83.84,-159.14
52.430862,-1.538864,177.71,7.42,2,6.43,20 / 21,1273409,2019-09-06 19:41:19:152,0.1661,0.3309,9.8339,-0.0019,-0.0042,9.8065,0.0203,0.0015,-0.0028,-9.44,-37.75,-6.56,236.11,-83.86,-158.88
52.430862,-1.538864,177.71,7.42,2,6.43,20 / 21,1273510,2019-09-06 19:41:19:253,0.4469,0.5043,9.885,0.0037,-0.0016,9.8066,-0.0163,-0.0093,0.0083,-9.44,-37.87,-5.94,239.18,-83.9,-158.49
52.430862,-1.538864,177.71,7.42,2,6.43,20 / 21,1273609,2019-09-06 19:41:19:352,0.0951,0.2053,9.8826,-0.0019,-0.0035,9.8066,-0.0201,-0.0108,-0.0081,-8.87,-37.5,-6.06,240.11,-83.93,-157.98
52.430862,-1.538864,177.71,7.42,2,6.43,20 / 21,1273710,2019-09-06 19:41:19:453,0.0211,-0.0263,9.8317,-0.0008,-0.0019,9.8066,0.0084,0.001,0.0021,-8.94,-37.44,-6.12,240.59,-84,-157.63
52.430862,-1.538864,177.71,7.42,2,6.43,20 / 21,1273810,2019-09-06 19:41:19:553,0.0712,0.2269,9.6772,-0.0027,-0.0027,9.8066,0.0108,-0.0005,-0.0001,-9.37,-37.75,-6.06,240.52,-84.06,-157.4
52.430862,-1.538864,177.71,7.42,2,6.43,20 / 21,1273910,2019-09-06 19:41:19:653,-0.0067,0.3355,9.9709,-0.0034,-0.0032,9.8066,0.0034,-0.0129,0.0112,-8.69,-37.94,-6.19,240.79,-84.12,-157.28
52.430862,-1.538864,177.71,7.42,2,6.43,20 / 21,1274010,2019-09-06 19:41:19:753,0.0486,0.1401,10.0192,-0.0057,-0.0053,9.8066,-0.0023,-0.0191,-0.0193,-9,-38.19,-6.12,241.01,-84.18,-157.19
52.430862,-1.538864,177.71,7.42,2,6.43,20 / 21,1274109,2019-09-06 19:41:19:852,0.0521,0.2399,9.8368,-0.0016,0.0006,9.8066,0.0056,-0.0085,-0.0014,-8.75,-37.94,-5.81,241,-84.22,-157.33
52.430862,-1.538864,177.71,7.42,2,6.43,20 / 21,1274209,2019-09-06 19:41:19:952,0.1864,0.315,9.9202,0.0001,-0.0007,9.8066,-0.0119,0,0.0078,-9,-38.31,-6.87,238.38,-84.25,-157.27
52.430862,-1.538864,177.71,7.42,2,6.43,20 / 21,1274309,2019-09-06 19:41:20:052,-0.0483,0.2936,9.8987,-0.0021,-0.0001,9.8066,0.0207,0.0024,0.0119,-9.06,-38.5,-6.19,241.17,-84.29,-157.36
52.430862,-1.538864,177.71,7.42,2,6.43,20 / 21,1274410,2019-09-06 19:41:20:153,0.0845,0.1109,9.8783,-0.0041,-0.0039,9.8066,-0.0076,-0.0032,-0.0187,-9.19,-37.94,-6.37,241.3,-84.33,-157.35
52.430862,-1.538864,177.71,7.42,2,6.43,20 / 21,1274509,2019-09-06 19:41:20:252,0.1355,0.3942,9.9786,0.0033,-0.0068,9.8066,-0.0055,-0.0162,0.0258,-8.81,-38.25,-6.31,241.94,-84.38,-156.73
52.430862,-1.538864,177.71,7.42,2,6.43,20 / 21,1274610,2019-09-06 19:41:20:353,0.0154,-0.0987,10.4105,0.0089,-0.007,9.8065,-0.0053,-0.018,0.0418,-8.87,-38.12,-6.69,240.01,-84.33,-155.59
52.430862,-1.538864,177.71,7.42,2,6.43,20 / 21,1274710,2019-09-06 19:41:20:453,-0.2728,0.296,10.0334,0.0088,-0.0016,9.8066,0.0068,0.0028,0.0403,-9.12,-37.87,-6.25,243.2,-84.26,-154.87
52.430862,-1.538864,177.71,7.42,2,6.43,20 / 21,1274809,2019-09-06 19:41:20:552,0.5327,0.0889,9.646,0.0243,0.0006,9.8065,0.0102,-0.0072,0.0586,-9.5,-37.75,-6.69,241.26,-84.05,-153.3
52.430862,-1.538864,177.71,7.42,2,6.43,20 / 21,1274910,2019-09-06 19:41:20:653,0.3104,0.2667,9.7741,0.009,-0.0077,9.8066,0.0202,-0.0212,0.0135,-9.75,-37.5,-6.69,246.2,-83.9,-151.7
52.430862,-1.538864,177.71,7.42,2,6.43,20 / 21,1275009,2019-09-06 19:41:20:752,0.1933,0.283,10.0019,0.0031,-0.0088,9.8066,0.0137,0.0077,0.0062,-9.69,-37.5,-5.81,249.47,-83.83,-150.96
52.430862,-1.538864,177.71,7.42,2,6.43,20 / 21,1275110,2019-09-06 19:41:20:853,-0.0868,0.1209,9.8306,0.0132,0.0056,9.8066,-0.0099,0.0095,0.0375,-9.81,-37.31,-5.94,249.54,-83.69,-150.44
52.430862,-1.538864,177.71,7.42,2,6.43,20 / 21,1275209,2019-09-06 19:41:20:952,0.1384,0.1349,9.7808,0.0177,0.0069,9.8066,-0.0001,-0.0003,0.025,-9.75,-37.31,-6,249.67,-83.59,-149.96
52.430862,-1.538864,177.71,7.42,2,6.43,20 / 21,1275310,2019-09-06 19:41:21:053,0.0166,0.0979,9.8639,0.0003,-0.0056,9.8066,0.0232,-0.0013,0.0054,-9.62,-37.19,-5.94,249.84,-83.52,-149.56
52.431084,-1.538826,177.63,1.05,2,5.59,19 / 20,1275410,2019-09-06 19:41:21:153,-0.1676,-0.2141,9.8216,0.0034,-0.0033,9.8066,0.0269,0.0046,0.0079,-9.62,-37.62,-5.31,252.61,-83.45,-149.08
52.431084,-1.538826,177.63,1.05,2,5.59,19 / 20,1275510,2019-09-06 19:41:21:253,0.0071,0.114,9.7468,0.0041,-0.0065,9.8066,0.0165,0.0018,0.0181,-9.56,-37.62,-5.5,253.19,-83.39,-148.2
52.431084,-1.538826,177.63,1.05,2,5.59,19 / 20,1275609,2019-09-06 19:41:21:352,-0.0509,-0.1464,9.9114,0.0021,-0.0055,9.8066,-0.0283,-0.0031,-0.0009,-10.37,-38.12,-5.5,253.58,-83.35,-147.64
52.431084,-1.538826,177.63,1.05,2,5.59,19 / 20,1275710,2019-09-06 19:41:21:453,-0.2051,-0.2167,9.9322,0.0018,-0.0034,9.8066,0.0003,0.0106,0.0113,-10,-37.56,-5.75,251.13,-83.34,-146.93
52.431084,-1.538826,177.63,1.05,2,5.59,19 / 20,1275810,2019-09-06 19:41:21:553,-0.2422,-0.0568,9.9897,-0.0018,-0.0042,9.8065,0.0141,-0.0062,0.025,-9.87,-38,-6.19,251.28,-83.33,-146.74
52.431084,-1.538826,177.63,1.05,2,5.59,19 / 20,1275909,2019-09-06 19:41:21:652,-0.4414,-0.4438,9.9012,0.0052,-0.0013,9.8066,-0.005,0.0009,-0.0113,-9.94,-38.37,-6.31,251.38,-83.28,-146.47
52.431084,-1.538826,177.63,1.05,2,5.59,19 / 20,1276010,2019-09-06 19:41:21:753,0.1149,-0.0596,9.843,0.0036,-0.0011,9.8066,-0.011,-0.0014,-0.0034,-9.62,-38.19,-6.06,251.45,-83.22,-146.17
52.431084,-1.538826,177.63,1.05,2,5.59,19 / 20,1276110,2019-09-06 19:41:21:853,0.0419,-0.2138,9.866,0.0006,-0.0008,9.8066,0.0204,-0.0069,0.0172,-10.56,-37.81,-6.06,254.88,-83.19,-146.16
52.431084,-1.538826,177.63,1.05,2,5.59,19 / 20,1276210,2019-09-06 19:41:21:953,-0.0232,-0.0174,9.9077,-0.0025,-0.0033,9.8066,-0.011,0.0031,-0.0004,-9.75,-37.94,-6.12,251.4,-83.19,-146.14
52.431084,-1.538826,177.63,1.05,2,5.59,19 / 20,1276310,2019-09-06 19:41:22:053,0.0219,-0.0531,9.8021,0.0007,0.0049,9.8066,-0.0366,0.0072,-0.0208,-10.12,-37.87,-6.37,251.4,-83.2,-146.16
52.431084,-1.538826,177.63,1.05,2,5.59,20 / 21,1276409,2019-09-06 19:41:22:152,-0.226,-0.1989,9.8878,-0.0011,0.0012,9.8066,0.0322,-0.0127,0.0142,-10.19,-38.19,-6.37,251.16,-83.21,-146.49
52.431084,-1.538826,177.63,1.05,2,5.59,20 / 21,1276510,2019-09-06 19:41:22:253,-0.2468,-0.0258,9.9239,0.0017,-0.0014,9.8066,0.0073,-0.0157,-0.015,-9.81,-37.75,-6.19,251.16,-83.23,-146.53
52.431084,-1.538826,177.63,1.05,2,5.59,20 / 21,1276610,2019-09-06 19:41:22:353,-0.2843,-0.1099,9.9768,-0.0012,-0.0006,9.8066,0.0045,0.0132,0.0049,-10.06,-38.25,-6,251.09,-83.22,-146.58
52.431084,-1.538826,177.63,1.05,2,5.59,20 / 21,1276709,2019-09-06 19:41:22:452,0.3636,0.3302,9.6648,0.0007,0.0011,9.8066,0.0186,-0.0127,0.0182,-10.06,-38,-6.31,250.88,-83.21,-146.78
52.431084,-1.538826,177.63,1.05,2,5.59,20 / 21,1276810,2019-09-06 19:41:22:553,0.2559,0.1681,9.8419,0.007,0.003,9.8066,-0.007,0.0036,-0.0136,-10.19,-37.31,-6.25,251.28,-83.15,-146.73
52.431084,-1.538826,177.63,1.05,2,5.59,20 / 21,1276910,2019-09-06 19:41:22:653,0.2389,0.4489,9.7948,-0.0008,0.002,9.8066,-0.0039,0.0082,0.0116,-10.12,-37.94,-5.94,250.63,-83.15,-146.87
52.431084,-1.538826,177.63,1.05,2,5.59,20 / 21,1277009,2019-09-06 19:41:22:752,-0.0045,0.1726,9.9183,0.0029,0.0025,9.8066,0.0068,-0.0191,-0.0092,-10,-37.62,-6,250.52,-83.13,-146.96
52.431084,-1.538826,177.63,1.05,2,5.59,20 / 21,1277109,2019-09-06 19:41:22:852,0.2912,0.5606,9.8627,-0.0054,-0.0022,9.8066,0.0191,-0.0041,-0.01,-9.62,-37.56,-6.12,250.63,-83.15,-146.88
52.431084,-1.538826,177.63,1.05,2,5.59,20 / 21,1277210,2019-09-06 19:41:22:953,0.266,0.3963,9.8923,-0.0031,-0.0009,9.8066,-0.0005,0.0025,0.0083,-9.87,-37.5,-6.37,250.83,-83.14,-147.21
52.431084,-1.538826,177.63,1.05,2,5.59,20 / 21,1277310,2019-09-06 19:41:23:053,0.3214,0.4817,9.7349,-0.0005,0.0032,9.8066,0.005,-0.002,-0.0023,-10.06,-37.5,-6,250.71,-83.14,-147.35
52.431084,-1.538826,177.63,1.05,2,5.59,19 / 20,1277409,2019-09-06 19:41:23:152,0.3825,0.6217,9.7539,-0.0002,0.0044,9.8066,-0.0038,-0.0061,-0.0048,-10.19,-37.5,-6.06,250.36,-83.14,-147.76
52.431084,-1.538826,177.63,1.05,2,5.59,19 / 20,1277510,2019-09-06 19:41:23:253,0.3031,0.5855,9.7933,-0.0028,-0.0003,9.8066,0.0003,-0.0073,0.0015,-9.5,-37.44,-6.25,246.48,-83.16,-147.9
52.431084,-1.538826,177.63,1.05,2,5.59,19 / 20,1277609,2019-09-06 19:41:23:352,0.4073,0.673,9.8683,-0.0029,0.0013,9.8066,-0.0157,0.0075,-0.0008,-10.25,-37,-6.37,250.15,-83.17,-148.1
52.431084,-1.538826,177.63,1.05,2,5.59,19 / 20,1277710,2019-09-06 19:41:23:453,0.5486,0.7835,9.7895,-0.0017,0.0038,9.8066,-0.0092,-0.0024,0.0071,-10.56,-36.94,-6.25,253.35,-83.19,-148.43
52.431084,-1.538826,177.63,1.05,2,5.59,19 / 20,1277810,2019-09-06 19:41:23:553,0.4462,0.6793,9.7822,-0.0002,0.0051,9.8066,0.0121,0.0032,-0.0016,-10.19,-37.06,-6,249.79,-83.2,-148.6
52.431084,-1.538826,177.63,1.05,2,5.59,19 / 20,1277910,2019-09-06 19:41:23:653,0.4445,0.6544,9.7892,-0.0039,0.0027,9.8066,0.0024,-0.0105,-0.0079,-9.81,-37.12,-5.62,249.58,-83.22,-148.92
52.431084,-1.538826,177.63,1.05,2,5.59,19 / 20,1278010,2019-09-06 19:41:23:753,0.5096,0.7855,9.8382,-0.0021,0.0012,9.8066,-0.0066,-0.0042,0.0014,-10.12,-37.31,-6.25,249.24,-83.25,-149.39
52.431084,-1.538826,177.63,1.05,2,5.59,19 / 20,1278109,2019-09-06 19:41:23:852,0.6844,0.9077,9.9499,0.0012,0.006,9.8066,-0.0021,0.0068,-0.0116,-10,-37.5,-5.87,248.81,-83.25,-149.87
52.431084,-1.538826,177.63,1.05,2,5.59,19 / 20,1278211,2019-09-06 19:41:23:954,0.7579,1.2082,9.9363,0,0.0056,9.8066,0.0082,0.0058,0.0021,-9.69,-37.37,-5.44,251.52,-83.26,-150.26
52.431084,-1.538826,177.63,1.05,2,5.59,19 / 20,1278311,2019-09-06 19:41:24:054,0.8841,0.9879,9.9454,-0.0041,-0.0011,9.8066,-0.0288,-0.0309,0.0205,-9.94,-37.19,-5.94,248.28,-83.26,-150.54
52.431084,-1.538826,177.63,1.05,2,5.59,20 / 21,1278409,2019-09-06 19:41:24:152,0.5443,0.7702,9.8435,-0.0036,-0.0051,9.8066,0.0026,0.008,0.0123,-9.75,-36.69,-5.5,251.64,-83.31,-150.32
52.431084,-1.538826,177.63,1.05,2,5.59,20 / 21,1278510,2019-09-06 19:41:24:253,1.3152,1.8342,9.7619,-0.0016,-0.008,9.8066,-0.0105,-0.0092,0.0192,-9.69,-37,-5.56,249.04,-83.34,-149.92
52.431084,-1.538826,177.63,1.05,2,5.59,20 / 21,1278609,2019-09-06 19:41:24:352,1.8576,1.7569,9.9193,0.0065,-0.002,9.8066,0.01,-0.0047,0.0035,-9.94,-36.62,-5.37,252.62,-83.33,-149.26
52.431084,-1.538826,177.63,1.05,2,5.59,20 / 21,1278710,2019-09-06 19:41:24:453,1.6669,2.2098,9.7869,0.002,0.001,9.8066,0.0251,-0.0157,0.0163,-9.81,-36.5,-5.56,250.06,-83.33,-149.28
52.431084,-1.538826,177.63,1.05,2,5.59,20 / 21,1278810,2019-09-06 19:41:24:553,1.3241,1.7217,9.92,-0.0024,-0.0087,9.8066,-0.0829,-0.0282,0.0048,-10.31,-35.87,-5.94,250.58,-83.33,-148.69
52.431084,-1.538826,177.63,1.05,2,5.59,20 / 21,1278909,2019-09-06 19:41:24:652,1.9628,1.6637,9.7429,-0.0098,-0.0068,9.8066,-0.0838,-0.0339,0.0027,-11.12,-36.25,-6.5,255.57,-83.53,-147.52
52.431084,-1.538826,177.63,1.05,2,5.59,20 / 21,1279010,2019-09-06 19:41:24:753,1.8018,1.3009,9.4992,-0.0082,0.0016,9.8066,0.0154,-0.0134,-0.0392,-10.56,-36.56,-6.75,253.02,-83.7,-147.18
52.431084,-1.538826,177.63,1.05,2,5.59,20 / 21,1279109,2019-09-06 19:41:24:852,0.6083,1.4444,9.924,-0.0281,0.0044,9.8066,0.0147,-0.0113,-0.0423,-10.06,-37.06,-7.25,249.82,-83.91,-147.65
52.431084,-1.538826,177.63,1.05,2,5.59,20 / 21,1279210,2019-09-06 19:41:24:953,1.0446,2.7565,10.2037,-0.0161,-0.0015,9.8066,-0.032,-0.0516,0.0511,-10.06,-36.75,-6.69,249.01,-84.22,-149.46
52.431084,-1.538826,177.63,1.05,2,5.59,20 / 21,1279310,2019-09-06 19:41:25:053,1.2359,2.0305,9.9771,0.008,0.0088,9.8066,0.0122,-0.0289,-0.0138,-9.81,-36.75,-7.37,248.94,-84.23,-149.58
52.431084,-1.538826,177.63,1.05,2,5.59,20 / 21,1279410,2019-09-06 19:41:25:153,1.734,1.7366,9.8449,0.0121,0.0104,9.8066,0.0434,-0.0261,0.0096,-10.37,-36.62,-6.44,251.43,-84.17,-149.83
52.431084,-1.538826,177.63,1.05,2,5.59,20 / 21,1279509,2019-09-06 19:41:25:252,2.2068,1.4839,9.6813,0.0039,-0.002,9.8066,-0.0075,-0.061,0.022,-9.81,-37.31,-6.06,251.24,-83.96,-149.38
52.431084,-1.538826,177.63,1.05,2,5.59,20 / 21,1279610,2019-09-06 19:41:25:353,1.5111,1.9457,9.4476,0.0007,0.0164,9.8065,0.0493,-0.0722,0.0172,-10.5,-37,-6.06,249.52,-83.84,-150.93
52.431084,-1.538826,177.63,1.05,2,5.59,20 / 21,1279709,2019-09-06 19:41:25:452,1.7449,1.2953,9.7695,-0.0013,0.0117,9.8066,0.0429,0.0425,-0.1051,-10.06,-38.06,-6.44,247.09,-83.81,-153.1
52.431084,-1.538826,177.63,1.05,2,5.59,20 / 21,1279810,2019-09-06 19:41:25:553,1.119,1.347,9.8561,-0.0249,0.0146,9.8066,0.0523,-0.0592,-0.0462,-9.69,-37.62,-5.69,244.25,-83.89,-156.63
52.431084,-1.538826,177.63,1.05,2,5.59,20 / 21,1279909,2019-09-06 19:41:25:652,1.6456,1.7736,9.7783,-0.0131,0.0235,9.8066,0.0898,-0.0129,-0.0614,-9.87,-36.94,-5.81,240.74,-83.84,-161.08
52.431084,-1.538826,177.63,1.05,2,5.59,20 / 21,1280010,2019-09-06 19:41:25:753,0.9931,2.9081,9.9331,-0.0172,0.024,9.8066,-0.0745,0.0211,-0.0297,-9.25,-37.25,-5.75,233.51,-83.69,-165.3
52.431084,-1.538826,177.63,1.05,2,5.59,20 / 21,1280109,2019-09-06 19:41:25:852,0.387,1.1657,9.827,0.0043,0.0119,9.8066,-0.162,0.0147,0.0573,-9.12,-37.69,-6.06,231.17,-83.68,-167.69
52.431084,-1.538826,177.63,1.05,2,5.59,20 / 21,1280210,2019-09-06 19:41:25:953,0.8222,1.1038,9.654,-0.0185,-0.032,9.8065,0.0081,0.0075,-0.0082,-9,-37.81,-6,231.87,-83.88,-167.4
52.431084,-1.538826,177.63,1.05,2,5.59,20 / 21,1280310,2019-09-06 19:41:26:053,0.4124,0.1679,9.5027,-0.0175,-0.0295,9.8065,0.0761,-0.0136,0.0158,-9.12,-37.12,-6.44,233.44,-84.01,-166.3
52.431084,-1.538826,177.63,1.05,2,5.59,20 / 21,1280410,2019-09-06 19:41:26:153,1.6587,0.9305,9.698,0.0015,-0.0107,9.8066,-0.0044,0.0003,-0.0091,-9.12,-37.56,-5.56,234.17,-84.06,-165.07
52.431084,-1.538826,177.63,1.05,2,5.59,20 / 21,1280509,2019-09-06 19:41:26:252,0.7031,1.6068,9.4531,0.0099,0.0131,9.8066,0.0452,0.0271,0.0065,-9.37,-37.75,-5.75,232.87,-83.87,-166.13
52.431084,-1.538826,177.63,1.05,2,5.59,20 / 21,1280610,2019-09-06 19:41:26:353,0.6502,1.1386,10.0229,0.0057,0.0074,9.8066,-0.0118,-0.0594,0.0304,-9.06,-37.62,-6.44,232.82,-83.82,-166.04
52.431084,-1.538826,177.63,1.05,2,5.59,20 / 21,1280710,2019-09-06 19:41:26:453,0.5218,1.1504,10.1096,0.0014,-0.0029,9.8065,-0.0613,0.0116,-0.0667,-9.37,-37.87,-6.25,232.86,-83.9,-166.22
52.431084,-1.538826,177.63,1.05,2,5.59,20 / 21,1280809,2019-09-06 19:41:26:552,-0.0044,0.845,9.7775,-0.0079,0.0032,9.8066,0.0602,-0.0238,0.063,-9.44,-36.5,-6,233.43,-83.96,-166.63
52.431084,-1.538826,177.63,1.05,2,5.59,20 / 21,1280910,2019-09-06 19:41:26:653,0.6963,0.8921,9.941,0.002,-0.0106,9.8066,0.0378,0.0166,-0.0097,-9.69,-37.5,-6.12,236.32,-83.94,-166.61
52.431084,-1.538826,177.63,1.05,2,5.59,20 / 21,1281010,2019-09-06 19:41:26:753,1.3445,1.0429,9.7853,-0.0205,-0.0198,9.8066,-0.0716,0.0162,0.0414,-9.62,-38,-6.25,236.6,-83.97,-165.92
52.431084,-1.538826,177.63,1.05,2,5.59,20 / 21,1281109,2019-09-06 19:41:26:852,1.172,1.6195,9.724,0.0212,0.0242,9.8065,-0.097,-0.0013,-0.0262,-9.56,-37.25,-6.87,233.28,-83.79,-166.6
52.431084,-1.538826,177.63,1.05,2,5.59,20 / 21,1281209,2019-09-06 19:41:26:952,0.3362,0.2746,9.6968,0.0116,0.0189,9.8065,0.0407,-0.0002,-0.0302,-9.75,-36.94,-6.12,235.95,-83.84,-166.78
52.431084,-1.538826,177.63,1.05,2,5.59,20 / 21,1281309,2019-09-06 19:41:27:052,0.3576,0.8648,9.732,-0.0197,-0.0175,9.8066,0.0451,0.0023,0.0235,-9.75,-37.37,-6,235.28,-83.82,-167.55
52.431084,-1.538826,177.63,1.05,2,5.59,20 / 21,1281410,2019-09-06 19:41:27:153,0.8443,0.6057,10.1398,-0.0123,-0.0092,9.8065,0.0406,0.0062,0.0048,-9.62,-36.75,-6.06,235.21,-83.9,-167.85
52.431084,-1.538826,177.63,1.05,2,5.59,20 / 21,1281510,2019-09-06 19:41:27:253,1.5052,1.7797,9.8983,0.0098,0.0038,9.8066,0.0712,-0.0012,-0.0275,-9.62,-37,-6.12,234.91,-83.75,-167.8
52.431084,-1.538826,177.63,1.05,2,5.59,20 / 21,1281609,2019-09-06 19:41:27:352,1.1364,1.1733,10.0938,-0.0033,0.0092,9.8066,-0.0163,0.0281,-0.0002,-9.75,-36.75,-5.75,234.62,-83.76,-168.19
52.431084,-1.538826,177.63,1.05,2,5.59,20 / 21,1281710,2019-09-06 19:41:27:453,0.4475,0.8808,9.789,-0.0104,-0.0043,9.8066,0.004,0.0406,0.0061,-9.31,-36.19,-6.75,228.92,-83.84,-168.52
52.431084,-1.538826,177.63,1.05,2,5.59,20 / 21,1281810,2019-09-06 19:41:27:553,0.9802,0.7151,10.1406,0.0176,0.0276,9.8065,0.0022,0.0095,0.0019,-10.44,-35.44,-6.62,232.49,-83.85,-168.52
52.431084,-1.538826,177.63,1.05,2,5.59,20 / 21,1281910,2019-09-06 19:41:27:653,0.2921,0.7094,10.0027,0.0021,0.0053,9.8066,0.1031,-0.0086,-0.0048,-9.87,-35.69,-6.12,234.18,-83.8,-169.28
52.431084,-1.538826,177.63,1.05,2,5.59,20 / 21,1282009,2019-09-06 19:41:27:752,0.8767,1.218,9.7176,-0.0103,-0.0116,9.8066,-0.0662,0.0004,-0.0349,-10.44,-35.12,-6.5,234.49,-83.79,-169.31
52.431084,-1.538826,177.63,1.05,2,5.59,20 / 21,1282110,2019-09-06 19:41:27:853,1.7565,0.6021,9.9438,0.0089,0.0203,9.8065,0.0328,-0.061,0.0522,-10.19,-34.37,-6,233.89,-83.68,-170.22
52.431084,-1.538826,177.63,1.05,2,5.59,20 / 21,1282210,2019-09-06 19:41:27:953,0.7175,1.7325,10.0766,0.0103,0.0103,9.8066,-0.0161,-0.0279,-0.0137,-9.75,-33.69,-5.69,233.84,-83.68,-170.29
52.431084,-1.538826,177.63,1.05,2,5.59,20 / 21,1282310,2019-09-06 19:41:28:053,0.6058,0.9659,9.9521,-0.0131,-0.0005,9.8066,-0.0591,-0.0185,-0.002,-10.12,-33.31,-6.06,234,-83.71,-170.62
52.431084,-1.538826,177.63,1.05,2,5.59,20 / 21,1282409,2019-09-06 19:41:28:152,0.7466,1.2823,9.6912,-0.0114,0.0024,9.8066,0.0106,0.0065,-0.0149,-9.81,-33.25,-6.25,233.16,-83.86,-171.96
52.431084,-1.538826,177.63,1.05,2,5.59,20 / 21,1282510,2019-09-06 19:41:28:253,0.3955,0.164,10.1691,0.0017,-0.0001,9.8066,0.0417,-0.0115,0.015,-9.75,-33.25,-5.19,236.19,-83.89,-172.19
52.431084,-1.538826,177.63,1.05,2,5.59,20 / 21,1282609,2019-09-06 19:41:28:352,0.3522,1.3474,9.9963,-0.0135,-0.0039,9.8066,0.0259,0.0104,-0.0507,-8.94,-34.37,-5.81,229.31,-83.9,-172.43
52.431084,-1.538826,177.63,1.05,2,5.59,20 / 21,1282710,2019-09-06 19:41:28:453,0.8561,1.2841,9.7562,0.0129,0.0054,9.8066,-0.0691,-0.0812,0.0443,-8.94,-34.5,-5.87,228.62,-83.76,-172.95
52.431084,-1.538826,177.63,1.05,2,5.59,20 / 21,1282810,2019-09-06 19:41:28:553,0.4029,1.0945,9.6349,-0.0058,0.0154,9.8066,0.012,0.0153,-0.0376,-8.94,-35.87,-6.37,227.18,-83.79,-173.92
52.431084,-1.538826,177.63,1.05,2,5.59,20 / 21,1282910,2019-09-06 19:41:28:653,0.352,0.7381,9.7269,0.0015,0.0084,9.8066,0.0589,0.0214,-0.0027,-8.25,-36.12,-6.69,220.99,-83.78,-174.02
52.431084,-1.538826,177.63,1.05,2,5.59,20 / 21,1283009,2019-09-06 19:41:28:752,0.4102,1.305,9.57,0.0005,-0.0017,9.8066,-0.0168,-0.0059,0.0144,-8,-35.75,-7.06,220.69,-83.72,-174.28
52.431084,-1.538826,177.63,1.05,2,5.59,20 / 21,1283110,2019-09-06 19:41:28:853,0.9835,1.1885,9.8445,0.002,0.0076,9.8066,-0.0554,0.0344,-0.0026,-7.87,-35.87,-6.94,220.67,-83.66,-174.16
52.431084,-1.538826,177.63,1.05,2,5.59,20 / 21,1283210,2019-09-06 19:41:28:953,0.743,0.5309,9.4775,0.0003,0.0115,9.8066,-0.0536,0.0254,0.0136,-7.87,-36.25,-7.06,219.99,-83.61,-174.95
52.431084,-1.538826,177.63,1.05,2,5.59,20 / 21,1283310,2019-09-06 19:41:29:053,0.9054,0.18,9.9931,-0.0124,-0.0288,9.8066,0.1263,0.0194,0.0346,-7.12,-35.69,-6.25,219.14,-83.68,-174.67
52.431084,-1.538826,177.63,1.05,2,5.59,20 / 21,1283410,2019-09-06 19:41:29:153,0.3057,0.6846,10.7403,-0.0108,-0.02,9.8066,0.1213,-0.0049,-0.0426,-8.12,-36.31,-6.31,223.38,-83.62,-173.92
52.431084,-1.538826,177.63,1.05,2,5.59,20 / 21,1283510,2019-09-06 19:41:29:253,0.2235,1.439,10.5927,0.0253,0.0285,9.8065,-0.0895,-0.0379,0.086,-8.12,-35.81,-6.56,219.84,-83.67,-175.28
52.431084,-1.538826,177.63,1.05,2,5.59,20 / 21,1283609,2019-09-06 19:41:29:352,-0.2676,0.3082,9.3843,-0.0156,0.0086,9.8066,-0.226,0.0238,-0.072,-7.69,-36.25,-5.87,221.56,-83.47,-175.95
52.431084,-1.538826,177.63,1.05,2,5.59,20 / 21,1283710,2019-09-06 19:41:29:453,0.1828,0.9845,10.0323,0.0309,0.0114,9.8066,0.04,0.0123,0.0646,-8.25,-36.56,-6.5,221.45,-83.33,-175.28
52.431084,-1.538826,177.63,1.05,2,5.59,20 / 21,1283809,2019-09-06 19:41:29:552,-0.0272,0.3221,9.8403,0.0098,0.0167,9.8066,-0.0681,-0.0128,0.0263,-7.81,-36.19,-6.62,219.34,-83.29,-175.1
52.431084,-1.538826,177.63,1.05,2,5.59,20 / 21,1283909,2019-09-06 19:41:29:652,0.9719,0.6834,9.5361,-0.0029,-0.0069,9.8066,-0.0555,-0.0044,-0.0336,-7.31,-35.69,-6.25,218.94,-83.31,-173.99
52.431084,-1.538826,177.63,1.05,2,5.59,20 / 21,1284010,2019-09-06 19:41:29:753,0.2107,0.3728,9.5384,0.0054,0.0214,9.8066,-0.0182,-0.0288,0.0158,-7.19,-34.37,-6.94,216.86,-83.35,-174.48
52.431084,-1.538826,177.63,1.05,2,5.59,20 / 21,1284109,2019-09-06 19:41:29:852,-0.4068,0.258,9.2422,-0.0063,-0.015,9.8066,0.124,-0.0037,-0.0007,-7.56,-34.19,-6.69,220.25,-83.38,-174.93
52.431084,-1.538826,177.63,1.05,2,5.59,20 / 21,1284210,2019-09-06 19:41:29:953,1.1782,0.3287,9.5804,0.0242,-0.0071,9.8066,0.0646,-0.0311,0.063,-8.44,-34.44,-6,223.63,-83.19,-173.5
52.431084,-1.538826,177.63,1.05,2,5.59,19 / 21,1284312,2019-09-06 19:41:30:055,1.7601,0.3122,8.7721,-0.0322,-0.0323,9.8065,0.0819,-0.0874,0.1169,-9.25,-33.94,-4.81,231.76,-83.32,-171.73
52.431347,-1.538773,177.85,7.14,2,6.22,19 / 21,1284410,2019-09-06 19:41:30:153,0.9259,-0.2431,10.3756,-0.0105,-0.0135,9.8066,0.0882,0.046,-0.0131,-9.56,-35.25,-5.31,234.92,-83.34,-171.34
52.431347,-1.538773,177.85,7.14,2,6.22,19 / 21,1284509,2019-09-06 19:41:30:252,-0.6521,1.5328,10.4301,-0.0202,-0.0266,9.8066,0.1574,-0.0215,0.0024,-9.87,-35,-6,232.31,-83.76,-171.87
52.431347,-1.538773,177.85,7.14,2,6.22,19 / 21,1284610,2019-09-06 19:41:30:353,-0.5453,0.9999,9.9351,-0.0204,-0.0218,9.8065,-0.1293,-0.0331,0.0588,-9.81,-36.12,-6.37,232.53,-83.72,-171.08
52.431347,-1.538773,177.85,7.14,2,6.22,19 / 21,1284709,2019-09-06 19:41:30:452,1.125,-0.1619,9.4982,0.039,0.0614,9.8063,-0.0705,-0.0216,0.0926,-9.37,-36.56,-6.94,224.23,-83.23,-172.57
52.431347,-1.538773,177.85,7.14,2,6.22,19 / 21,1284810,2019-09-06 19:41:30:553,1.3386,0.0415,9.4511,0.051,0.0498,9.8063,0.0816,-0.0062,-0.0582,-9.5,-36.94,-6.12,226.31,-82.99,-172.58
52.431347,-1.538773,177.85,7.14,2,6.22,19 / 21,1284909,2019-09-06 19:41:30:652,0.5606,0.1749,10.0729,-0.0096,-0.0142,9.8065,-0.0367,-0.0346,-0.0053,-9.19,-37.37,-6.56,224.37,-82.89,-171.59
52.431347,-1.538773,177.85,7.14,2,6.22,19 / 21,1285010,2019-09-06 19:41:30:753,0.1047,0.4574,9.8408,-0.0054,-0.0068,9.8066,0.024,-0.0023,0.0289,-9,-37.37,-6.81,224.6,-83.04,-171.66
52.431347,-1.538773,177.85,7.14,2,6.22,19 / 21,1285110,2019-09-06 19:41:30:853,1.3839,-0.0561,10.1629,0.003,-0.0102,9.8066,0.0894,-0.0014,0.0098,-9.5,-37.69,-6.81,224.57,-83.04,-171.24
52.431347,-1.538773,177.85,7.14,2,6.22,19 / 21,1285210,2019-09-06 19:41:30:953,0.6262,0.9276,9.938,-0.0156,-0.0192,9.8066,0.085,0.0137,0.0125,-9.12,-37.87,-6.31,227.09,-83.1,-171.34
52.431347,-1.538773,177.85,7.14,2,6.22,19 / 21,1285310,2019-09-06 19:41:31:053,0.1285,-0.4282,9.8737,0.0233,0.024,9.8066,-0.1273,0.0001,-0.01,-9.19,-37.5,-6.62,225.18,-82.95,-170.69
52.431347,-1.538773,177.85,7.14,2,6.22,20 / 21,1285409,2019-09-06 19:41:31:152,0.7817,0.4844,9.8335,0.0056,0.0224,9.8066,0.0294,-0.0107,0.0173,-9.56,-37.44,-6.94,228.02,-83.07,-171.36
52.431347,-1.538773,177.85,7.14,2,6.22,20 / 21,1285510,2019-09-06 19:41:31:253,-0.0028,1.0666,9.4928,-0.0009,0.0007,9.8066,-0.0455,-0.0034,-0.0557,-9.37,-37.5,-6.81,224.85,-83.11,-171.49
52.431347,-1.538773,177.85,7.14,2,6.22,20 / 21,1285609,2019-09-06 19:41:31:352,0.6289,-0.0342,9.7039,-0.0045,0.0132,9.8066,0.0206,0.0271,0.017,-9.31,-37.62,-7.31,223.97,-83.04,-172.04
52.431347,-1.538773,177.85,7.14,2,6.22,20 / 21,1285710,2019-09-06 19:41:31:453,1.6743,0.5262,10.2117,-0.0031,-0.0027,9.8066,0.08,-0.0674,0.0392,-9.62,-37.12,-6.56,226.74,-83.1,-173.03
52.431347,-1.538773,177.85,7.14,2,6.22,20 / 21,1285810,2019-09-06 19:41:31:553,-0.9591,1.5915,10.2073,-0.0035,-0.0135,9.8066,-0.0381,-0.0398,0.0243,-9.87,-37.25,-6.94,227.04,-83.03,-172.49
52.431347,-1.538773,177.85,7.14,2,6.22,20 / 21,1285909,2019-09-06 19:41:31:652,0.7054,-0.6025,9.7359,0.0148,0.0228,9.8066,-0.0166,-0.0238,0.04,-10.12,-37.44,-6.81,225.96,-83.07,-173.97
52.431347,-1.538773,177.85,7.14,2,6.22,20 / 21,1286010,2019-09-06 19:41:31:753,0.1725,-0.718,9.4184,0.0189,0.0164,9.8065,0.0297,0.0221,-0.0415,-10.44,-37.25,-6.69,225.66,-82.85,-173.85
52.431347,-1.538773,177.85,7.14,2,6.22,20 / 21,1286110,2019-09-06 19:41:31:853,-0.0335,0.691,10.1026,-0.016,-0.0057,9.8065,0.0819,-0.0221,0.018,-10.37,-37,-7.06,225.04,-82.99,-174.95
52.431347,-1.538773,177.85,7.14,2,6.22,20 / 21,1286209,2019-09-06 19:41:31:952,0.3028,-0.1974,10.0028,-0.0157,-0.0172,9.8065,-0.1792,0.0624,-0.0847,-10.69,-36.94,-6.19,230.68,-83.1,-174.91
52.431347,-1.538773,177.85,7.14,2,6.22,20 / 21,1286310,2019-09-06 19:41:32:053,-0.1066,0.5194,9.6655,0.01,0.0244,9.8066,-0.11,-0.0052,0.0045,-10.5,-36.19,-5.94,228.2,-83.11,-174.95
52.431347,-1.538773,177.85,7.14,2,6.22,20 / 21,1286410,2019-09-06 19:41:32:153,0.4495,0.1546,10.4148,0.0226,0.022,9.8065,-0.0316,0.0138,0.056,-9.75,-34.75,-4.5,234.09,-82.96,-175.41
52.431347,-1.538773,177.85,7.14,2,6.22,20 / 21,1286510,2019-09-06 19:41:32:253,-0.4855,-0.1561,10.4416,0.0196,0.0065,9.8066,-0.1067,0.0794,-0.0582,-9,-33.87,-4.62,228.6,-82.91,-174.68
52.431347,-1.538773,177.85,7.14,2,6.22,20 / 21,1286609,2019-09-06 19:41:32:352,-0.8203,-0.2263,9.8819,0.0036,0.0076,9.8066,0.0587,-0.0419,0.0433,-7.87,-34.87,-3.87,227.4,-82.93,-175.41
52.431347,-1.538773,177.85,7.14,2,6.22,20 / 21,1286709,2019-09-06 19:41:32:452,0.0892,-0.7648,9.9466,0.0008,0.0004,9.8066,0.1118,0.0601,-0.0254,-6.62,-35.19,-5.06,219.87,-82.69,-175.38
52.431347,-1.538773,177.85,7.14,2,6.22,20 / 21,1286810,2019-09-06 19:41:32:553,0.6146,0.1829,9.8595,-0.0062,-0.0177,9.8066,-0.086,0.0492,-0.0351,-6.06,-35.44,-6,212.85,-82.62,-175.62
52.431347,-1.538773,177.85,7.14,2,6.22,20 / 21,1286910,2019-09-06 19:41:32:653,0.5459,0.3457,9.6065,-0.0075,0.0046,9.8066,-0.0373,-0.0095,0.0157,-6.81,-35.87,-6.87,214.41,-82.61,-175.44
52.431347,-1.538773,177.85,7.14,2,6.22,20 / 21,1287009,2019-09-06 19:41:32:752,0.1423,-1.2262,9.6038,-0.0037,0.0105,9.8066,0.0264,0.0116,-0.0713,-7.31,-36.06,-7.37,213.88,-82.7,-176.37
52.431347,-1.538773,177.85,7.14,2,6.22,20 / 21,1287109,2019-09-06 19:41:32:852,0.1461,0.812,9.6837,-0.0161,-0.0066,9.8066,0.1134,0.0196,-0.0021,-7.25,-37.19,-7.25,213.01,-82.76,-177.3
52.431347,-1.538773,177.85,7.14,2,6.22,20 / 21,1287209,2019-09-06 19:41:32:952,0.0269,0.3426,9.5161,-0.0047,-0.0021,9.8066,-0.0039,-0.0597,-0.0165,-7.12,-36.44,-7.25,212.68,-82.69,-178.03
52.431347,-1.538773,177.85,7.14,2,6.22,20 / 21,1287310,2019-09-06 19:41:33:053,1.1377,0.1562,9.7293,-0.0088,-0.0072,9.8065,0.0229,0.0128,-0.0282,-7.31,-36,-6.69,212.65,-82.55,-177.8
52.431347,-1.538773,177.85,7.14,2,6.22,20 / 21,1287410,2019-09-06 19:41:33:153,0.0932,0.1716,9.6108,-0.0059,0.0056,9.8066,-0.0227,-0.0501,-0.0152,-6.62,-35.12,-6.44,214.69,-82.65,-178.85
52.431347,-1.538773,177.85,7.14,2,6.22,20 / 21,1287509,2019-09-06 19:41:33:252,-0.0976,0.0863,9.7787,-0.0048,-0.009,9.8066,-0.0309,0.04,-0.0656,-7.87,-35.31,-6.87,215.8,-82.72,-179.06
52.431347,-1.538773,177.85,7.14,2,6.22,20 / 21,1287609,2019-09-06 19:41:33:352,0.5538,-0.2152,9.3359,-0.0108,0.0069,9.8065,0.0637,-0.0112,0.0333,-8.25,-34.69,-8.06,212.8,-82.71,179.9
52.431347,-1.538773,177.85,7.14,2,6.22,20 / 21,1287710,2019-09-06 19:41:33:453,0.4045,-1.3653,10.3005,-0.0194,-0.0142,9.8066,0.0373,-0.0495,-0.0303,-9.75,-35.56,-7.94,218.25,-82.78,179.36
52.431347,-1.538773,177.85,7.14,2,6.22,20 / 21,1287809,2019-09-06 19:41:33:552,-0.101,-0.1404,10.0664,-0.0242,-0.0153,9.8066,0.0382,0.0496,0.0238,-9.56,-35.31,-7.5,220.32,-82.75,178.68
52.431347,-1.538773,177.85,7.14,2,6.22,20 / 21,1287910,2019-09-06 19:41:33:653,0.1714,1.1309,10.2119,0.015,0.0254,9.8066,0.0239,-0.0562,0.1184,-9.31,-35.94,-7.56,214.15,-82.74,177.84
52.431347,-1.538773,177.85,7.14,2,6.22,20 / 21,1288009,2019-09-06 19:41:33:752,1.0798,0.5684,10.0175,0.0205,0.0239,9.8066,0.034,-0.0107,-0.0512,-8.56,-36.19,-6.87,216.6,-82.51,178.49
52.431347,-1.538773,177.85,7.14,2,6.22,20 / 21,1288110,2019-09-06 19:41:33:853,0.9363,-0.313,10.0062,-0.0048,0.0043,9.8066,0.096,-0.0184,0.0475,-8.19,-35.69,-6.37,215.33,-82.58,177.63
52.431347,-1.538773,177.85,7.14,2,6.22,20 / 21,1288209,2019-09-06 19:41:33:952,2.1183,-0.565,10.2791,-0.0026,-0.01,9.8066,-0.1931,0.0405,-0.0632,-8.75,-36.19,-5.94,218.7,-82.63,177.68
52.431347,-1.538773,177.85,7.14,2,6.22,20 / 21,1288310,2019-09-06 19:41:34:053,0.2025,0.6986,9.381,0.0115,0.0222,9.8066,-0.0428,-0.0058,0.0713,-9.56,-36.25,-5.31,224.58,-82.38,178.42
52.431347,-1.538773,177.85,7.14,2,6.22,19 / 21,1288409,2019-09-06 19:41:34:152,0.9245,-0.5683,9.6869,0.0218,-0.0041,9.8066,-0.0538,0.0321,-0.0637,-9.56,-36.19,-5.56,222.67,-82.38,179.55
52.431347,-1.538773,177.85,7.14,2,6.22,19 / 21,1288510,2019-09-06 19:41:34:253,0.2855,0.1806,10.3433,0.0147,-0.0028,9.8066,-0.0656,0.0122,-0.0342,-9.81,-35.31,-6.37,223.88,-82.44,-179.45
52.431347,-1.538773,177.85,7.14,2,6.22,19 / 21,1288610,2019-09-06 19:41:34:353,-0.8065,-0.5441,9.7905,-0.0002,0.0086,9.8066,0.0287,-0.0135,0.0028,-8.69,-35.62,-7.31,218.56,-82.5,-178.86
52.431347,-1.538773,177.85,7.14,2,6.22,19 / 21,1288709,2019-09-06 19:41:34:452,0.0317,-0.4728,9.7455,-0.0061,-0.0037,9.8065,-0.0104,0.0076,-0.012,-9.25,-35.87,-7.31,219.02,-82.5,-178.25
52.431347,-1.538773,177.85,7.14,2,6.22,19 / 21,1288810,2019-09-06 19:41:34:553,-0.0737,-0.616,9.5372,-0.0028,-0.0034,9.8066,0.0672,0.018,0.0005,-8.81,-36,-7.12,218.7,-82.35,-178.4
52.431347,-1.538773,177.85,7.14,2,6.22,19 / 21,1288909,2019-09-06 19:41:34:652,0.8441,-0.6691,10.0621,-0.0172,-0.0174,9.8066,0.0892,-0.0357,0.0693,-9.81,-36.06,-6.5,223.73,-82.34,-178.97
52.431347,-1.538773,177.85,7.14,2,6.22,19 / 21,1289009,2019-09-06 19:41:34:752,0.2606,0.0137,10.4539,-0.0125,-0.0284,9.8065,0.0265,-0.0446,0.0317,-9.69,-36.19,-6.44,224.06,-82.3,-178.45
52.431347,-1.538773,177.85,7.14,2,6.22,19 / 21,1289109,2019-09-06 19:41:34:852,0.6804,0.6364,9.9585,0.0289,0.032,9.8065,-0.0348,0.0086,-0.0017,-9.75,-36.06,-6.31,223.74,-82.39,-179.06
52.431347,-1.538773,177.85,7.14,2,6.22,19 / 21,1289210,2019-09-06 19:41:34:953,0.1286,0.0975,9.5416,0.0182,0.0115,9.8066,-0.1407,-0.0115,-0.058,-9.5,-36.5,-6,220.79,-82.27,-178.7
52.431347,-1.538773,177.85,7.14,2,6.22,19 / 21,1289310,2019-09-06 19:41:35:053,0.5658,-0.6053,9.5637,-0.015,0.0014,9.8066,-0.0758,-0.0058,0.0413,-8.69,-35.62,-6.19,220.11,-82.43,-179.99
52.431347,-1.538773,177.85,7.14,2,6.22,20 / 21,1289413,2019-09-06 19:41:35:156,0.4026,0.1315,10.1229,-0.0107,-0.0246,9.8065,0.0291,0.0471,-0.0271,-9.37,-36,-6,220.01,-82.48,179.79
52.431347,-1.538773,177.85,7.14,2,6.22,20 / 21,1289510,2019-09-06 19:41:35:253,0.012,-0.642,9.5067,-0.0132,-0.007,9.8066,0.0726,0.0342,0.0065,-8.19,-35.37,-7.19,214.88,-82.64,179.85
52.431347,-1.538773,177.85,7.14,2,6.22,20 / 21,1289609,2019-09-06 19:41:35:352,0.1578,-0.1526,9.7525,-0.0067,-0.0036,9.8066,-0.0223,0.0084,-0.073,-7.75,-34.75,-6.87,214.41,-82.6,179.28
52.431347,-1.538773,177.85,7.14,2,6.22,20 / 21,1289709,2019-09-06 19:41:35:452,0.0591,-0.322,10.0092,-0.0048,0.0015,9.8066,0.0004,0.0522,-0.0345,-7.12,-33.5,-7.31,211.72,-82.58,179.61
52.431347,-1.538773,177.85,7.14,2,6.22,20 / 21,1289810,2019-09-06 19:41:35:553,0.4625,-0.6448,9.8005,-0.0108,-0.0062,9.8066,-0.0188,0.0694,0.0169,-6.19,-33.5,-8.31,205.17,-82.58,178.57
52.431347,-1.538773,177.85,7.14,2,6.22,20 / 21,1289909,2019-09-06 19:41:35:652,1,0.2279,10.1679,-0.0145,-0.0015,9.8066,0.0793,-0.0587,0.03,-7.19,-32.19,-9.19,206.57,-82.46,177.99
52.431347,-1.538773,177.85,7.14,2,6.22,20 / 21,1290010,2019-09-06 19:41:35:753,1.0589,0.3822,10.0197,0.0112,0.0224,9.8066,-0.089,0.0163,-0.0514,-8.62,-32.75,-8.87,212.6,-82.39,178.06
52.431347,-1.538773,177.85,7.14,2,6.22,20 / 21,1290110,2019-09-06 19:41:35:853,0.9972,-0.1871,10.3744,0.0148,0.0129,9.8066,0.0034,0.0574,0.0451,-9.44,-32.81,-7,216.57,-82.28,177.63
52.431347,-1.538773,177.85,7.14,2,6.22,20 / 21,1290209,2019-09-06 19:41:35:952,-0.3666,-0.1223,9.9892,-0.0025,0.0124,9.8066,-0.0613,0.003,-0.0087,-9.06,-33.62,-5.5,221.39,-82.43,176.97
52.431347,-1.538773,177.85,7.14,2,6.22,20 / 21,1290310,2019-09-06 19:41:36:053,0.0337,0.0256,9.353,-0.0013,0.0048,9.8066,-0.1191,-0.0282,-0.0517,-9.31,-34.06,-5.5,221.76,-82.53,177.26
52.431347,-1.538773,177.85,7.14,2,6.22,20 / 21,1290410,2019-09-06 19:41:36:153,-0.6464,-0.2669,9.4303,-0.0247,-0.0256,9.8065,0.1593,0.0102,0.0315,-8.94,-33.69,-5.44,221.37,-82.48,176.83
52.431347,-1.538773,177.85,7.14,2,6.22,20 / 21,1290509,2019-09-06 19:41:36:252,0.3842,0.1317,10.0025,-0.0114,-0.0209,9.8066,0.0946,0.0281,0.0317,-9.06,-33.87,-5.87,218.99,-82.59,177.28
52.431347,-1.538773,177.85,7.14,2,6.22,20 / 21,1290610,2019-09-06 19:41:36:353,-0.0705,-0.6187,10.0813,-0.0113,-0.024,9.8066,-0.042,-0.0187,0.011,-9.12,-33.69,-5.69,219.34,-82.57,177.79
52.431347,-1.538773,177.85,7.14,2,6.22,20 / 21,1290710,2019-09-06 19:41:36:453,0.0039,0.3071,9.7074,0.0055,0.0014,9.8066,-0.0504,-0.0134,0.0132,-8.56,-35.5,-6.56,217.06,-82.43,178.84
52.431347,-1.538773,177.85,7.14,2,6.22,20 / 21,1290810,2019-09-06 19:41:36:553,-0.025,-1.0283,10.0689,0.0005,0.0052,9.8066,0.0103,0.0001,-0.0086,-7.69,-34.94,-6.44,216.53,-82.42,179.17
52.431347,-1.538773,177.85,7.14,2,6.22,20 / 21,1290910,2019-09-06 19:41:36:653,-0.1151,-0.2221,9.4299,0.0135,0.0051,9.8066,0.001,0.0211,0.0296,-7.31,-35.69,-5.75,212.42,-82.39,178.92
52.431347,-1.538773,177.85,7.14,2,6.22,20 / 21,1291009,2019-09-06 19:41:36:752,-0.1878,-0.5976,9.1508,0.0124,0.0105,9.8066,0.0388,-0.0327,0.0152,-7.06,-35.31,-6.69,211,-82.22,-179.92
52.431347,-1.538773,177.85,7.14,2,6.22,20 / 21,1291110,2019-09-06 19:41:36:853,0.1661,-0.8313,10.0041,-0.0053,-0.013,9.8066,-0.072,-0.0045,-0.0284,-7.69,-35.06,-7.87,212.56,-82.24,-179.65
52.431347,-1.538773,177.85,7.14,2,6.22,20 / 21,1291214,2019-09-06 19:41:36:957,-0.3599,-1.1025,9.8532,-0.0195,-0.0163,9.8066,0.0642,-0.0042,0.0374,-7.25,-34.31,-8.87,207.35,-82.36,179.78
52.431347,-1.538773,177.85,7.14,2,6.22,20 / 21,1291310,2019-09-06 19:41:37:053,-0.5674,-0.2923,10.0719,-0.018,-0.0186,9.8066,0.0746,0.0013,-0.0079,-8.06,-34.44,-8.06,212.08,-82.46,178.97
52.431347,-1.538773,177.85,7.14,2,6.22,20 / 21,1291410,2019-09-06 19:41:37:153,0.0651,-0.6478,9.3555,-0.0204,-0.0201,9.8066,-0.1019,0.0086,-0.0521,-8.37,-34.25,-7.94,212.03,-82.73,178.49
52.431347,-1.538773,177.85,7.14,2,6.22,20 / 21,1291509,2019-09-06 19:41:37:252,0.2967,-0.4915,9.639,-0.0016,0.012,9.8066,-0.0886,-0.0296,-0.0145,-8.37,-35.5,-7.06,213.12,-82.67,177.39
52.431347,-1.538773,177.85,7.14,2,6.22,20 / 21,1291609,2019-09-06 19:41:37:352,-0.3656,0.1728,9.6903,-0.0079,0.0145,9.8066,0.0845,-0.064,0.0092,-9.19,-35.69,-5.69,217.91,-82.74,176.4
52.431347,-1.538773,177.85,7.14,2,6.22,20 / 21,1291710,2019-09-06 19:41:37:453,-0.8651,-0.2411,10.1723,-0.001,-0.0017,9.8066,0.0048,0.0304,-0.069,-9.19,-36.37,-5.75,217.09,-82.83,175.12
52.431347,-1.538773,177.85,7.14,2,6.22,20 / 21,1291809,2019-09-06 19:41:37:552,-0.3871,-0.6939,10.0004,-0.0008,0.0024,9.8066,-0.0539,-0.0146,0.0033,-9.25,-36.75,-6.81,214.05,-82.81,174.9
52.431347,-1.538773,177.85,7.14,2,6.22,20 / 21,1291910,2019-09-06 19:41:37:653,0.232,0.3058,9.4194,-0.0008,0.0069,9.8066,0.1167,0.0351,0.0239,-9.25,-36.37,-6.5,217,-82.69,175.28
52.431347,-1.538773,177.85,7.14,2,6.22,20 / 21,1292009,2019-09-06 19:41:37:752,0.3612,-0.3932,9.738,0.0056,-0.0138,9.8066,0.0252,0.0091,0.0067,-9.37,-37.31,-6.31,217.61,-82.69,176.53
52.431347,-1.538773,177.85,7.14,2,6.22,20 / 21,1292109,2019-09-06 19:41:37:852,-1.3375,-0.5677,9.5942,0.0084,-0.0016,9.8066,0.0096,-0.0544,0.0915,-9.44,-36.94,-6.37,218.37,-82.7,177.53
52.431347,-1.538773,177.85,7.14,2,6.22,20 / 21,1292209,2019-09-06 19:41:37:952,-0.0413,-1.3725,9.7913,-0.0152,-0.0258,9.8066,0.0064,-0.0223,0.0539,-9.87,-37.44,-7.12,219.45,-82.71,178.42
52.431347,-1.538773,177.85,7.14,2,6.22,20 / 21,1292310,2019-09-06 19:41:38:053,0.8604,-0.544,10.5863,0.0031,-0.0088,9.8065,0.0279,0.0333,-0.048,-9.25,-37.44,-6.81,217.18,-82.8,179.11
52.431347,-1.538773,177.85,7.14,2,6.22,20 / 21,1292410,2019-09-06 19:41:38:153,0.1126,0.2362,9.8057,0.0225,0.0112,9.8066,0.1175,0.0056,-0.0006,-9.19,-38.06,-6.5,218.69,-82.52,178.81
52.431347,-1.538773,177.85,7.14,2,6.22,20 / 21,1292509,2019-09-06 19:41:38:252,-0.4429,-0.2838,9.8397,-0.0172,0.0037,9.8066,-0.0775,-0.0909,0.026,-9.06,-37.56,-7.06,215.69,-82.32,178.43
52.431347,-1.538773,177.85,7.14,2,6.22,20 / 21,1292609,2019-09-06 19:41:38:352,-0.0309,-0.2013,8.619,-0.0002,0.0324,9.8065,-0.1505,-0.0573,0.0586,-8.69,-37.25,-6.44,218.26,-82.43,177.97
52.431347,-1.538773,177.85,7.14,2,6.22,20 / 21,1292709,2019-09-06 19:41:38:452,-0.1022,-2.0811,9.4904,0.036,0.0265,9.8065,0.0997,-0.0047,-0.0438,-8.5,-36.75,-7.5,212.42,-82.39,177.72
52.431347,-1.538773,177.85,7.14,2,6.22,20 / 21,1292810,2019-09-06 19:41:38:553,-0.0791,-1.0647,9.8672,-0.0485,-0.0561,9.8063,0.0952,-0.003,-0.0044,-7.94,-36.62,-7.19,213.14,-83.06,177.45
52.431347,-1.538773,177.85,7.14,2,6.22,20 / 21,1292910,2019-09-06 19:41:38:653,-2.6588,0.6643,12.285,-0.0177,-0.0413,9.8065,-0.0104,-0.0321,-0.0346,-7.94,-37.44,-7.25,213.34,-83.15,177.55
52.431347,-1.538773,177.85,7.14,2,6.22,20 / 21,1293010,2019-09-06 19:41:38:753,3.8142,-0.9795,10.1324,0.0841,0.1088,9.8056,0.0169,-0.244,0.4138,-7.19,-36.62,-7,210.66,-82.13,-179.41
52.431347,-1.538773,177.85,7.14,2,6.22,20 / 21,1293110,2019-09-06 19:41:38:853,0.8685,0.6517,8.8039,0.135,0.053,9.8055,0.0022,-0.0432,0.1014,-8.94,-37.37,-5.75,223.26,-81.67,-173.39
52.431347,-1.538773,177.85,7.14,2,6.22,20 / 21,1293210,2019-09-06 19:41:38:953,0.592,4.0472,10.0491,-0.0227,-0.0659,9.8064,0.0566,0.1187,-0.0674,-8.12,-36.94,-5.75,221.51,-81.41,-170.35
52.431347,-1.538773,177.85,7.14,2,6.22,20 / 21,1293310,2019-09-06 19:41:39:053,1.2471,-0.0382,9.1996,-0.0704,-0.1282,9.8055,-0.3814,-0.1552,-0.0446,-8.62,-37.12,-6.37,228.9,-82.53,-167.97
52.432022,-1.538655,178.24,7.95,2,6.01,20 / 21,1293409,2019-09-06 19:41:39:152,-0.4276,-2.7728,9.782,-0.1142,-0.1345,9.805,-0.3865,0.0386,0.0143,-8.12,-37.19,-7.56,222.78,-83.67,-168.17
52.432022,-1.538655,178.24,7.95,2,6.01,20 / 21,1293510,2019-09-06 19:41:39:253,-1.9132,-4.4621,10.6193,0.0439,0.0408,9.8064,-0.4944,-0.0171,-0.0572,-7.75,-35.94,-7.37,224.63,-84.15,-170.27
52.432022,-1.538655,178.24,7.95,2,6.01,20 / 21,1293609,2019-09-06 19:41:39:352,-0.9113,-1.2736,9.683,0.0823,0.1178,9.8055,0.5415,0.0224,0.0358,-8.62,-36.44,-5.56,228.91,-83.77,-171.71
52.432022,-1.538655,178.24,7.95,2,6.01,20 / 21,1293710,2019-09-06 19:41:39:453,1.5858,2.5132,9.4509,-0.013,0.026,9.8065,0.2977,0.1418,-0.1645,-9,-36.06,-5.06,226.89,-82.96,-175.96
52.432022,-1.538655,178.24,7.95,2,6.01,20 / 21,1293810,2019-09-06 19:41:39:553,0.8733,2.7638,9.73,-0.0477,-0.0002,9.8065,-0.1148,-0.0762,0.1404,-9.25,-36.31,-4.56,222.91,-82.3,-179.61
52.432022,-1.538655,178.24,7.95,2,6.01,20 / 21,1293910,2019-09-06 19:41:39:653,1.3487,0.4054,9.7893,0.0279,0.0099,9.8065,-0.1913,0.074,-0.0581,-9.06,-36.25,-5.25,222.33,-82.21,179.82
52.432022,-1.538655,178.24,7.95,2,6.01,20 / 21,1294010,2019-09-06 19:41:39:753,0.1998,-0.9152,10.1468,-0.0219,-0.0263,9.8066,-0.0814,0.0387,0.0364,-9.5,-36.81,-6.31,220.32,-82.67,-179.77
52.432022,-1.538655,178.24,7.95,2,6.01,20 / 21,1294109,2019-09-06 19:41:39:852,-0.1412,-0.4068,9.6964,-0.0096,-0.0034,9.8066,-0.0035,0.0239,0.045,-9,-36.25,-6.31,221.58,-83.12,-179.54
52.432022,-1.538655,178.24,7.95,2,6.01,20 / 21,1294209,2019-09-06 19:41:39:952,0.4956,0.4477,9.6967,0.0227,0.0141,9.8066,0.0635,-0.0269,-0.0409,-9.19,-35.75,-5.94,221.88,-83.04,-178.96
52.432022,-1.538655,178.24,7.95,2,6.01,20 / 21,1294309,2019-09-06 19:41:40:052,0.6622,0.0992,9.7108,0.0121,0.0134,9.8065,0.0526,0.0195,-0.0147,-10.19,-36.19,-5.87,224.54,-82.78,-178.87
52.432022,-1.538655,178.24,7.95,2,6.01,20 / 21,1294410,2019-09-06 19:41:40:153,0.3129,-0.477,9.9035,0.0034,0.0087,9.8066,0.0267,0.0548,-0.0206,-10.06,-36.12,-6.06,224.12,-82.58,-178.97
52.432022,-1.538655,178.24,7.95,2,6.01,20 / 21,1294509,2019-09-06 19:41:40:252,0.5135,-0.9351,10.1148,0.0105,0.0159,9.8066,-0.0267,-0.0421,0.0831,-10.44,-36.19,-6.5,223.4,-82.48,-179.7
52.432022,-1.538655,178.24,7.95,2,6.01,20 / 21,1294610,2019-09-06 19:41:40:353,0.4371,-0.0655,10.2711,0.018,-0.0052,9.8065,-0.0185,0.02,-0.0608,-10.25,-36.44,-7.5,221.86,-82.53,-178.51
52.432022,-1.538655,178.24,7.95,2,6.01,20 / 21,1294709,2019-09-06 19:41:40:452,1.2682,0.2221,9.6674,-0.0073,-0.023,9.8066,0.0861,-0.0189,0.052,-10.31,-36.12,-7.31,222.49,-82.74,-178.1
52.432022,-1.538655,178.24,7.95,2,6.01,20 / 21,1294809,2019-09-06 19:41:40:552,-0.5464,-0.8839,10.3109,-0.0033,-0.0165,9.8066,0.0516,0.0119,0.0635,-10.56,-36.44,-7.06,225.88,-82.71,-177.25
52.432022,-1.538655,178.24,7.95,2,6.01,20 / 21,1294910,2019-09-06 19:41:40:653,1.1219,0.3563,10.116,0.0134,0.0153,9.8066,0.0761,-0.0415,0.0208,-9.75,-36.37,-7.44,223.32,-82.72,-176.99
52.432022,-1.538655,178.24,7.95,2,6.01,20 / 21,1295010,2019-09-06 19:41:40:753,0.3198,-0.4846,9.3785,0.0004,0.0022,9.8066,-0.1496,0.0246,0.025,-9.25,-35.94,-6.62,220.22,-82.62,-176.91
52.432022,-1.538655,178.24,7.95,2,6.01,20 / 21,1295109,2019-09-06 19:41:40:852,0.2455,-0.4843,9.3513,0.0068,0.0167,9.8066,-0.1501,-0.0296,0.0489,-8.81,-36.5,-7.62,217.69,-82.63,-177.3
52.432022,-1.538655,178.24,7.95,2,6.01,20 / 21,1295210,2019-09-06 19:41:40:953,0.3791,-0.4124,9.4586,0.0197,0.0249,9.8065,0.1075,-0.0373,-0.0114,-8.56,-35.62,-7.12,220.29,-82.69,-176.96
52.432022,-1.538655,178.24,7.95,2,6.01,20 / 21,1295310,2019-09-06 19:41:41:053,0.2634,-0.207,10.25,-0.0435,-0.0439,9.8064,0.1079,-0.0034,-0.0131,-8.75,-36.69,-5.62,223.28,-83.14,-176.91
52.432022,-1.538655,178.24,7.95,2,6.01,19 / 21,1295409,2019-09-06 19:41:41:152,1.2686,-0.1518,10.0131,-0.0471,-0.0585,9.8063,-0.1752,0.0145,-0.0367,-8.81,-36.44,-6,223.52,-83.27,-177.35
52.432022,-1.538655,178.24,7.95,2,6.01,19 / 21,1295509,2019-09-06 19:41:41:252,0.3991,-0.3912,10.5182,0.0117,0.032,9.8065,-0.0695,-0.0678,-0.0165,-9.44,-36.94,-6.25,223.08,-83.3,-177.55
52.432022,-1.538655,178.24,7.95,2,6.01,19 / 21,1295610,2019-09-06 19:41:41:353,0.8914,-0.3397,9.4078,-0.0079,-0.0076,9.8065,0.021,0.0245,-0.0573,-9.5,-37.62,-6.69,219,-83.19,-178.88
52.432022,-1.538655,178.24,7.95,2,6.01,19 / 21,1295709,2019-09-06 19:41:41:452,1.449,-0.5702,9.6825,-0.0087,0.0105,9.8066,0.0599,-0.0387,0.0734,-9.87,-36.69,-6,223.94,-83.25,179.76
52.432022,-1.538655,178.24,7.95,2,6.01,19 / 21,1295810,2019-09-06 19:41:41:553,-0.0414,-0.4513,10.2387,0.0111,0.0025,9.8066,-0.0086,-0.0013,-0.0683,-9.62,-37.62,-6.81,220.96,-83.19,179.79
52.432022,-1.538655,178.24,7.95,2,6.01,19 / 21,1295910,2019-09-06 19:41:41:653,0.2711,-0.0547,9.9023,-0.0196,-0.0081,9.8065,0.0646,0.0076,0.0074,-9.94,-37.31,-6.5,223.08,-83.25,178.66
52.432022,-1.538655,178.24,7.95,2,6.01,19 / 21,1296010,2019-09-06 19:41:41:753,-0.2785,-0.3046,9.6416,-0.002,0.001,9.8066,0.029,-0.0516,0.0223,-9.75,-36.81,-6.62,220,-83.19,178.19
52.432022,-1.538655,178.24,7.95,2,6.01,19 / 21,1296109,2019-09-06 19:41:41:852,-0.2422,-0.5164,9.7515,-0.0101,-0.0127,9.8066,0.0884,0.0015,-0.045,-9.81,-37.44,-6.81,219.89,-83.13,178.17
52.432022,-1.538655,178.24,7.95,2,6.01,19 / 21,1296209,2019-09-06 19:41:41:952,-0.286,-0.507,10.1018,-0.0159,-0.0115,9.8066,-0.0004,-0.0334,0.0303,-9.94,-37.69,-6.37,222.06,-83.18,177.91
52.432022,-1.538655,178.24,7.95,2,6.01,19 / 21,1296310,2019-09-06 19:41:42:053,-0.5908,-0.7975,10.1775,0.013,0.0224,9.8066,-0.008,0.0288,-0.0594,-9.94,-38.06,-6.62,218.75,-82.96,177.39
52.432022,-1.538655,178.24,7.95,2,6.01,19 / 20,1296410,2019-09-06 19:41:42:153,0.4296,0.4039,9.874,0.0144,0.0164,9.8066,-0.0183,0.0055,-0.0227,-9.5,-37.25,-6.12,218.27,-82.92,176.93
52.432022,-1.538655,178.24,7.95,2,6.01,19 / 20,1296509,2019-09-06 19:41:42:252,-0.7907,-0.0661,9.224,-0.0112,0.0054,9.8066,-0.0672,0.0409,0.0054,-10,-37.25,-6.31,221,-82.91,176.69
52.432022,-1.538655,178.24,7.95,2,6.01,19 / 20,1296610,2019-09-06 19:41:42:353,0.5701,-0.9103,9.6216,0.0066,-0.01,9.8066,-0.0263,0.0806,-0.0516,-9.06,-37.56,-6.69,215.61,-83,177
52.432022,-1.538655,178.24,7.95,2,6.01,19 / 20,1296710,2019-09-06 19:41:42:453,-1.7049,-0.4814,9.8575,-0.0287,-0.0204,9.8065,0.083,0.0911,0.0063,-8.62,-37.62,-6.37,217.85,-83.11,176.37
52.432022,-1.538655,178.24,7.95,2,6.01,19 / 20,1296809,2019-09-06 19:41:42:552,-1.2666,-1.7456,9.9048,-0.0142,-0.0308,9.8065,-0.1165,0.1222,-0.0552,-9.19,-38.06,-7.62,213.58,-83.48,176.49
52.432022,-1.538655,178.24,7.95,2,6.01,19 / 20,1296910,2019-09-06 19:41:42:653,-1.1029,-0.6855,9.6375,-0.0079,-0.0023,9.8066,-0.0143,0.0933,0.0432,-8.94,-37.19,-7.56,213.83,-83.68,176.17
52.432022,-1.538655,178.24,7.95,2,6.01,19 / 20,1297009,2019-09-06 19:41:42:752,-1.7948,-1.3293,9.7199,0.0148,-0.0115,9.8066,-0.0437,0.135,-0.0474,-9.06,-37.56,-7.37,216.99,-83.71,177.42
52.432022,-1.538655,178.24,7.95,2,6.01,19 / 20,1297110,2019-09-06 19:41:42:853,-0.9305,-0.9172,9.6368,0.0127,0.0054,9.8066,0.0272,0.1089,0.0014,-8.56,-37.44,-7.37,217.9,-83.72,178.22
52.432022,-1.538655,178.24,7.95,2,6.01,19 / 20,1297209,2019-09-06 19:41:42:952,-0.7959,-0.9221,9.9401,0.005,0.0003,9.8066,-0.0309,0.1173,-0.0039,-8.5,-36.5,-7.81,213.01,-83.74,178.78
52.432022,-1.538655,178.24,7.95,2,6.01,19 / 20,1297310,2019-09-06 19:41:43:053,-1.1279,-0.7285,10.0888,0.0063,0.0111,9.8065,-0.0649,0.155,-0.0184,-8.31,-36.75,-7.31,215.06,-83.84,178.5
52.432022,-1.538655,178.24,7.95,2,6.01,20 / 21,1297410,2019-09-06 19:41:43:153,-1.5597,-1.8708,9.7406,0.0005,0.0087,9.8066,0.0531,0.1996,-0.013,-7.12,-37.5,-8.12,208.95,-83.88,177.98
52.432022,-1.538655,178.24,7.95,2,6.01,20 / 21,1297509,2019-09-06 19:41:43:252,-1.1975,-1.235,10.4457,0.0005,0.0091,9.8066,0.0176,0.1327,-0.0229,-7.25,-36.44,-7.12,210.61,-83.86,176.91
52.432022,-1.538655,178.24,7.95,2,6.01,20 / 21,1297610,2019-09-06 19:41:43:353,-1.743,-1.2991,9.987,-0.0011,0.0185,9.8066,0.019,0.2244,-0.0871,-6.25,-36.37,-7.37,205.98,-83.71,176.06
52.432022,-1.538655,178.24,7.95,2,6.01,20 / 21,1297709,2019-09-06 19:41:43:452,-0.9383,-1.0896,10.0889,-0.0086,0.0188,9.8066,0.0531,0.1929,-0.0052,-5.62,-36.62,-6.75,203.74,-83.47,173.6
52.432022,-1.538655,178.24,7.95,2,6.01,20 / 21,1297810,2019-09-06 19:41:43:553,-1.8741,-0.596,9.8094,-0.0165,0.0175,9.8066,-0.0045,0.2468,-0.1085,-5.69,-36.31,-6.44,204.8,-83.35,171.56
52.432022,-1.538655,178.24,7.95,2,6.01,20 / 21,1297910,2019-09-06 19:41:43:653,-1.9702,-0.8462,9.7389,-0.0092,0.0196,9.8066,-0.0379,0.2331,-0.0441,-5.69,-35.31,-5.62,203.34,-83.19,169.37
52.432022,-1.538655,178.24,7.95,2,6.01,20 / 21,1298009,2019-09-06 19:41:43:752,-1.7172,-0.2782,10.2308,-0.0209,0.0301,9.8065,0.1258,0.3256,-0.1774,-4.75,-36.19,-5.56,196.85,-82.89,166.44
52.432022,-1.538655,178.24,7.95,2,6.01,20 / 21,1298109,2019-09-06 19:41:43:852,-2.2137,-0.201,9.8867,-0.0361,0.0067,9.8065,0.157,0.3013,-0.0636,-4.56,-36.94,-5.44,195.87,-82.63,161.32
52.432022,-1.538655,178.24,7.95,2,6.01,20 / 21,1298216,2019-09-06 19:41:43:959,-2.3607,-0.1877,9.5438,-0.011,0.0266,9.8066,-0.0967,0.3309,-0.0894,-3.56,-36.06,-5.62,187.91,-82.25,159.47
52.432022,-1.538655,178.24,7.95,2,6.01,20 / 21,1298310,2019-09-06 19:41:44:053,-2.4036,-0.7334,9.2008,0.0058,0.0216,9.8065,-0.08,0.3652,-0.0487,-2.31,-36.25,-5.31,180.39,-82.14,158.94
52.432022,-1.538655,178.24,7.95,2,6.01,20 / 21,1298409,2019-09-06 19:41:44:152,-1.7771,-1.1426,9.8212,0.0091,0.0206,9.8066,0.0067,0.3891,-0.064,-2.19,-36.37,-5.44,180.42,-82.13,159
52.432022,-1.538655,178.24,7.95,2,6.01,20 / 21,1298509,2019-09-06 19:41:44:252,-1.6174,-1.0263,10.4991,-0.0042,0.0026,9.8066,0.0044,0.4095,-0.068,-2.56,-36.94,-5.75,183.05,-82.09,158.77
52.432022,-1.538655,178.24,7.95,2,6.01,20 / 21,1298610,2019-09-06 19:41:44:353,-1.6914,-0.7488,9.7521,-0.0018,0.0153,9.8066,-0.018,0.4014,-0.0651,-1.5,-36.62,-4.81,174.9,-81.91,158.42
52.432022,-1.538655,178.24,7.95,2,6.01,20 / 21,1298709,2019-09-06 19:41:44:452,-1.5273,-1.0187,9.5096,-0.0034,0.0026,9.8066,-0.06,0.3985,-0.0532,-0.62,-36.56,-5.31,174.63,-81.81,157.83
52.432022,-1.538655,178.24,7.95,2,6.01,20 / 21,1298810,2019-09-06 19:41:44:553,-1.3811,-1.5605,9.4727,-0.0057,0.0076,9.8066,-0.0119,0.4062,-0.0874,0.31,-37.37,-5.06,168.84,-81.82,157.18
52.432022,-1.538655,178.24,7.95,2,6.01,20 / 21,1298909,2019-09-06 19:41:44:652,-1.6119,-1.3776,9.1445,-0.0091,-0.0093,9.8065,-0.0037,0.4171,-0.0625,0.63,-37.12,-5.56,161.91,-81.88,156.05
52.432022,-1.538655,178.24,7.95,2,6.01,20 / 21,1299009,2019-09-06 19:41:44:752,-1.6746,-1.5244,9.8509,-0.003,-0.0057,9.8066,0.0056,0.4058,-0.0151,1.13,-37.25,-4.87,162.52,-81.82,155.91
52.432022,-1.538655,178.24,7.95,2,6.01,20 / 21,1299110,2019-09-06 19:41:44:853,-1.2902,-2.0512,10.0182,0.0152,-0.0037,9.8066,-0.0298,0.4329,-0.0332,1.94,-37.06,-4.75,156.87,-81.84,156.3
52.432022,-1.538655,178.24,7.95,2,6.01,20 / 21,1299210,2019-09-06 19:41:44:953,-0.6213,-1.8369,10.1131,0.0151,-0.0114,9.8065,-0.0546,0.3995,0.0335,2.69,-36.75,-5.12,151.34,-82.06,157.62
52.432022,-1.538655,178.24,7.95,2,6.01,20 / 21,1299309,2019-09-06 19:41:45:052,0.0797,-1.5567,9.7063,0.019,-0.0073,9.8065,-0.0624,0.3992,-0.0205,3.44,-37.94,-4.44,151.16,-82.36,159.02
52.432022,-1.538655,178.24,7.95,2,6.01,20 / 21,1299409,2019-09-06 19:41:45:152,0.4916,-2.0134,9.83,0.0141,-0.0071,9.8066,-0.0102,0.3501,-0.0261,3.63,-38,-4.69,146.32,-82.54,159.85
52.432022,-1.538655,178.24,7.95,2,6.01,20 / 21,1299509,2019-09-06 19:41:45:252,0.6187,-2.282,9.8547,0.0001,-0.0069,9.8066,-0.0211,0.3417,-0.0417,3.69,-37.69,-3.87,144.49,-82.71,159.94
52.432022,-1.538655,178.24,7.95,2,6.01,20 / 21,1299610,2019-09-06 19:41:45:353,0.8983,-2.0572,9.8506,-0.0014,-0.0103,9.8066,-0.0306,0.2952,-0.0086,4.69,-37.94,-5.12,140.02,-82.76,159.34
52.432022,-1.538655,178.24,7.95,2,6.01,20 / 21,1299710,2019-09-06 19:41:45:453,0.866,-1.7514,9.8892,0.0017,0.0053,9.8066,-0.0045,0.2956,-0.0227,4.88,-37.31,-4.5,137.22,-82.78,159.13
52.432022,-1.538655,178.24,7.95,2,6.01,20 / 21,1299810,2019-09-06 19:41:45:553,1.8307,-1.6319,9.7933,-0.0003,0.0079,9.8066,0.0162,0.2446,-0.02,5.69,-36.75,-3.31,128.89,-82.75,159.57
52.432022,-1.538655,178.24,7.95,2,6.01,20 / 21,1299910,2019-09-06 19:41:45:653,1.6564,-1.3609,9.8474,0.0039,0.0044,9.8066,0.0317,0.1901,-0.0103,5.75,-37.19,-2.87,129.78,-82.71,160.71
52.432022,-1.538655,178.24,7.95,2,6.01,20 / 21,1300010,2019-09-06 19:41:45:753,2.0333,-1.2156,9.8939,0.0006,0.0017,9.8066,-0.0219,0.1797,-0.0243,6.06,-36.62,-3.06,130.1,-82.67,161.06
52.432022,-1.538655,178.24,7.95,2,6.01,20 / 21,1300109,2019-09-06 19:41:45:852,1.7594,-1.0179,9.7116,-0.0068,0.0016,9.8066,-0.0091,0.1196,0.0039,6.13,-37.56,-2.56,130.95,-82.58,160.91
52.432022,-1.538655,178.24,7.95,2,6.01,20 / 21,1300218,2019-09-06 19:41:45:961,1.163,-0.7137,9.6945,-0.0076,0.005,9.8066,0.0615,0.1266,-0.031,5.88,-37.94,-2.62,131.11,-82.52,160.84
52.432022,-1.538655,178.24,7.95,2,6.01,20 / 21,1300319,2019-09-06 19:41:46:062,1.4842,-0.3157,9.8511,-0.0004,-0.0045,9.8066,0.0087,0.1215,-0.0218,5.88,-38.62,-1.69,128.29,-82.47,160.45
52.432022,-1.538655,178.24,7.95,2,6.01,20 / 21,1300410,2019-09-06 19:41:46:153,1.3783,-0.3521,9.9249,0.0007,-0.0021,9.8066,0.0239,0.086,0.0175,6,-38.44,-1.31,123.56,-82.41,160.58
52.432022,-1.538655,178.24,7.95,2,6.01,20 / 21,1300509,2019-09-06 19:41:46:252,1.2653,-0.135,9.7615,-0.0083,0.0035,9.8066,-0.0078,0.0738,-0.0438,6.13,-37.69,-1.12,123.87,-82.31,160.35
52.432022,-1.538655,178.24,7.95,2,6.01,20 / 21,1300610,2019-09-06 19:41:46:353,1.3327,-0.4504,9.8479,-0.0057,0.0067,9.8066,-0.0026,0.0642,0.0051,5.81,-37.56,-1.37,123.99,-82.28,160.31
52.432022,-1.538655,178.24,7.95,2,6.01,20 / 21,1300710,2019-09-06 19:41:46:453,1.2849,-0.2264,9.9691,-0.0018,-0.0018,9.8066,0.0244,0.0509,0.005,6.25,-37.81,-0.87,123.99,-82.26,160.16
52.432022,-1.538655,178.24,7.95,2,6.01,20 / 21,1300810,2019-09-06 19:41:46:553,1.1563,-0.2528,9.8559,-0.0091,-0.0043,9.8066,0.0008,0.0426,-0.037,6,-37.31,-1.06,122.86,-82.22,159.54
52.432022,-1.538655,178.24,7.95,2,6.01,20 / 21,1300910,2019-09-06 19:41:46:653,1.2865,-0.0238,9.8833,-0.0017,-0.0041,9.8066,0.0012,0.0134,-0.0158,6.5,-37.87,-1.12,117.43,-82.2,158.81
52.432022,-1.538655,178.24,7.95,2,6.01,20 / 21,1301009,2019-09-06 19:41:46:752,0.9183,-0.1141,9.8176,-0.0004,-0.0061,9.8066,0.0157,0.0333,0.0132,6.88,-38.25,-0.69,116.96,-82.21,158.18
52.432022,-1.538655,178.24,7.95,2,6.01,20 / 21,1301109,2019-09-06 19:41:46:852,1.0723,-0.1442,9.773,-0.0013,-0.0052,9.8066,-0.0043,-0.0007,0.0135,7.25,-38.25,-0.56,116.49,-82.22,157.58
52.432022,-1.538655,178.24,7.95,2,6.01,20 / 21,1301210,2019-09-06 19:41:46:953,1.0339,0.1308,9.8914,-0.0006,-0.006,9.8066,-0.0165,-0.0077,-0.0262,6.94,-37.12,-0.75,115.05,-82.25,157.04
52.432022,-1.538655,178.24,7.95,2,6.01,20 / 21,1301310,2019-09-06 19:41:47:053,0.6518,0.3709,9.7953,-0.0006,0.0035,9.8066,0.0205,-0.0079,0.0311,6.88,-36.81,-0.31,109.36,-82.26,156.89
52.432022,-1.538655,178.24,7.95,2,6.01,20 / 21,1301409,2019-09-06 19:41:47:152,0.3428,0.4863,9.6997,-0.0035,0.0025,9.8066,0.0048,-0.0128,0.0078,6.88,-36.75,-0.12,109.66,-82.22,157.07
52.432022,-1.538655,178.24,7.95,2,6.01,20 / 21,1301509,2019-09-06 19:41:47:252,0.6768,0.573,9.7421,-0.002,-0.0015,9.8066,-0.0335,-0.0155,0.0032,7.38,-37.56,-0.94,116.07,-82.22,156.96
52.432022,-1.538655,178.24,7.95,2,6.01,20 / 21,1301609,2019-09-06 19:41:47:352,0.7071,0.5833,9.8431,0.0021,-0.0059,9.8066,0.0225,0.005,0.0082,7.44,-37.06,-0.81,114.69,-82.24,156.47
52.432022,-1.538655,178.24,7.95,2,6.01,20 / 21,1301709,2019-09-06 19:41:47:452,0.2768,0.6528,10.0259,0,-0.0052,9.8066,0.0149,-0.0051,0.0013,7,-37.5,-0.94,114,-82.29,155.8
52.432022,-1.538655,178.24,7.95,2,6.01,20 / 21,1301810,2019-09-06 19:41:47:553,0.4415,0.5846,9.977,0.0006,-0.0051,9.8066,-0.0279,-0.0237,0.0001,7.13,-37.94,-0.56,114.55,-82.32,155.43
52.432022,-1.538655,178.24,7.95,2,6.01,20 / 21,1301910,2019-09-06 19:41:47:653,0.3013,0.5884,9.9575,-0.0037,-0.0026,9.8066,0.0019,-0.0096,0.0258,6.94,-37,-0.69,113.1,-82.35,154.98
52.432022,-1.538655,178.24,7.95,2,6.01,20 / 21,1302010,2019-09-06 19:41:47:753,0.3719,0.9975,9.67,-0.0044,0.0068,9.8066,0.0117,-0.0208,-0.0141,6.38,-37.06,-0.5,113.73,-82.35,154.68
52.432022,-1.538655,178.24,7.95,2,6.01,20 / 21,1302109,2019-09-06 19:41:47:852,0.5517,0.7157,9.781,0.0076,-0.0112,9.8066,0.0277,-0.0269,0.0088,7.06,-37.06,-0.12,106.38,-82.42,154.15
52.432022,-1.538655,178.24,7.95,2,6.01,20 / 21,1302210,2019-09-06 19:41:47:953,0.2061,0.9131,9.8356,0.0064,-0.0075,9.8066,0.0058,-0.0454,0.0109,6.44,-37.06,0,112.52,-82.46,153.82
52.432022,-1.538655,178.24,7.95,2,6.01,20 / 21,1302319,2019-09-06 19:41:48:062,0.1249,1.2158,9.914,0.0017,-0.005,9.8066,-0.0099,-0.0476,0.0203,5,-37,0.81,113.09,-82.5,153.28
52.43241,-1.538687,178.69,0.79,2,309.53,20 / 21,1302410,2019-09-06 19:41:48:153,0.0744,1.0747,9.6468,-0.0003,-0.0034,9.8066,0.001,-0.0428,0.0039,5.31,-37.5,0.75,112.68,-82.54,153
52.43241,-1.538687,178.69,0.79,2,309.53,20 / 21,1302510,2019-09-06 19:41:48:253,0.5753,1.048,9.8912,0.0075,-0.0117,9.8066,0.0054,-0.0838,0.0079,5.13,-37.94,0.38,120.54,-82.58,152.49
52.43241,-1.538687,178.69,0.79,2,309.53,20 / 21,1302609,2019-09-06 19:41:48:352,0.2602,1.4006,9.8757,0.0063,-0.0127,9.8066,0.0315,-0.0827,-0.0023,4.56,-38.06,0.19,119.38,-82.71,151.79
52.43241,-1.538687,178.69,0.79,2,309.53,20 / 21,1302710,2019-09-06 19:41:48:453,0.7138,1.1943,9.8162,-0.0051,0.0056,9.8066,-0.0313,-0.0909,0.0117,5.19,-37.87,-0.37,119.11,-82.72,151.45
52.43241,-1.538687,178.69,0.79,2,309.53,20 / 21,1302809,2019-09-06 19:41:48:552,0.3932,1.4973,9.8857,-0.0017,-0.0022,9.8066,-0.0097,-0.1376,0.0247,5,-38.5,-0.44,118.21,-82.81,150.92
52.43241,-1.538687,178.69,0.79,2,309.53,20 / 21,1302910,2019-09-06 19:41:48:653,0.9444,1.1128,9.726,-0.0015,-0.0025,9.8066,0.0184,-0.1341,0.0104,5.44,-37,-1,121.57,-82.89,150.15
52.43241,-1.538687,178.69,0.79,2,309.53,20 / 21,1303009,2019-09-06 19:41:48:752,0.3288,2.007,9.9524,0.0052,-0.0023,9.8066,0.0273,-0.1702,0.041,5.63,-37.56,-1.06,114.15,-82.96,150.15
52.43241,-1.538687,178.69,0.79,2,309.53,20 / 21,1303109,2019-09-06 19:41:48:852,0.7684,2.2945,10.2408,0.0025,-0.0014,9.8066,-0.0055,-0.1865,0.0154,5.38,-37.56,-1.81,125.74,-83.03,149.81
52.43241,-1.538687,178.69,0.79,2,309.53,20 / 21,1303210,2019-09-06 19:41:48:953,0.1844,2.7051,9.8885,0.0027,-0.0113,9.8066,0.0179,-0.2009,0.0225,5.31,-37.56,-1.62,125.17,-83.1,149.38
52.43241,-1.538687,178.69,0.79,2,309.53,20 / 21,1303310,2019-09-06 19:41:49:053,0.2439,2.2055,9.7023,0.0006,0.0078,9.8066,-0.0357,-0.2499,0.0585,5.25,-38.5,-2.12,124.81,-83.18,149.46
52.43241,-1.538687,178.69,0.79,2,309.53,20 / 21,1303410,2019-09-06 19:41:49:153,0.5245,1.9938,9.4941,0.005,0.0052,9.8066,-0.0655,-0.2735,0.0534,4.63,-37.75,-1.75,124.19,-83.31,149.5
52.43241,-1.538687,178.69,0.79,2,309.53,20 / 21,1303509,2019-09-06 19:41:49:252,1.4968,2.6505,9.8256,0.0208,-0.0206,9.8065,0.0681,-0.2901,0.093,3.81,-37.94,-2.31,131.63,-83.61,150.04
52.43241,-1.538687,178.69,0.79,2,309.53,20 / 21,1303609,2019-09-06 19:41:49:352,2.0859,1.2312,9.9668,0.0142,-0.0191,9.8065,-0.002,-0.3291,0.0647,2.94,-38.19,-3.06,142.35,-83.77,150.98
52.43241,-1.538687,178.69,0.79,2,309.53,20 / 21,1303710,2019-09-06 19:41:49:453,1.6125,1.0544,9.9194,0.004,-0.0013,9.8066,-0.0456,-0.3564,0.064,2.13,-37.37,-3.56,149.83,-83.91,150.33
52.43241,-1.538687,178.69,0.79,2,309.53,20 / 21,1303809,2019-09-06 19:41:49:552,1.7643,2.1025,9.5848,0.0096,-0.0133,9.8065,-0.0561,-0.3721,0.0653,2.06,-37.5,-4.06,149.52,-84.12,150.69
52.43241,-1.538687,178.69,0.79,2,309.53,20 / 21,1303910,2019-09-06 19:41:49:653,2.0882,1.1183,9.6233,0.0001,-0.0133,9.8066,0.0155,-0.4011,0.0217,2,-37.62,-4.75,149.01,-84.36,149.98
52.43241,-1.538687,178.69,0.79,2,309.53,20 / 21,1304009,2019-09-06 19:41:49:752,2.0683,1.2294,9.4707,0.0077,-0.0174,9.8065,0.0029,-0.3976,0.0574,1.63,-37.56,-5.12,148.22,-84.54,149.41
52.43241,-1.538687,178.69,0.79,2,309.53,20 / 21,1304109,2019-09-06 19:41:49:852,1.5956,1.7034,9.6812,0.0055,-0.0184,9.8065,-0.0002,-0.4681,0.0547,0.81,-38.25,-5.62,154.07,-84.82,149.33
52.43241,-1.538687,178.69,0.79,2,309.53,20 / 21,1304209,2019-09-06 19:41:49:952,2.1097,1.1941,9.667,0.0035,-0.02,9.8066,0.0646,-0.4351,0.0401,0.06,-38.19,-5.94,159.96,-84.98,149.08
52.43241,-1.538687,178.69,0.79,2,309.53,20 / 21,1304310,2019-09-06 19:41:50:053,2.1713,1.2421,9.9847,0.0051,-0.0294,9.8066,-0.0727,-0.4831,0.0949,-0.5,-38.19,-6.75,158.77,-85.22,149.4
52.43241,-1.538687,178.69,0.79,2,309.53,20 / 21,1304409,2019-09-06 19:41:50:152,2.7835,0.7494,9.9036,-0.003,-0.0338,9.8066,-0.0582,-0.491,0.0674,-2.06,-38.19,-6.75,168.67,-85.7,148.35
52.43241,-1.538687,178.69,0.79,2,309.53,20 / 21,1304510,2019-09-06 19:41:50:253,2.0813,-0.1248,9.7461,0.0205,-0.0046,9.8066,-0.0728,-0.5043,0.0296,-3.37,-38.19,-7.25,175.51,-86.1,150.79
52.43241,-1.538687,178.69,0.79,2,309.53,20 / 21,1304609,2019-09-06 19:41:50:352,2.4394,-0.7023,9.4812,0.0234,-0.0049,9.8066,-0.028,-0.4771,0.1222,-3.62,-37.56,-7.75,179.4,-86.4,152.68
52.43241,-1.538687,178.69,0.79,2,309.53,20 / 21,1304710,2019-09-06 19:41:50:453,2.9801,0.41,9.5918,0.0177,-0.0291,9.8065,-0.0771,-0.5139,0.0743,-4.25,-37.75,-7.62,182.67,-86.76,156.74
52.43241,-1.538687,178.69,0.79,2,309.53,20 / 21,1304810,2019-09-06 19:41:50:553,2.2681,-1.2225,10.1817,0.0057,-0.0347,9.8066,-0.0708,-0.5532,0.0612,-6.19,-37.69,-7.19,198.61,-87.31,161.53
52.43241,-1.538687,178.69,0.79,2,309.53,20 / 21,1304910,2019-09-06 19:41:50:653,1.8507,-0.7211,10.2921,0.013,-0.0145,9.8066,0.0179,-0.5334,0.0994,-7.12,-38.37,-8,206.38,-87.53,169.11
52.43241,-1.538687,178.69,0.79,2,309.53,20 / 21,1305010,2019-09-06 19:41:50:753,1.8676,-0.581,9.8096,0.0042,-0.0138,9.8066,0.0225,-0.51,0.0371,-7.62,-37.69,-7.81,213.39,-87.65,172.73
52.43241,-1.538687,178.69,0.79,2,309.53,20 / 21,1305109,2019-09-06 19:41:50:852,2.5587,-0.1814,9.4586,0.0257,0.0013,9.8065,0.0153,-0.4671,0.0257,-8.62,-37.94,-7.25,225.81,-87.61,179.38
52.43241,-1.538687,178.69,0.79,2,309.53,20 / 21,1305210,2019-09-06 19:41:50:953,3.0041,-0.7913,9.951,0.0258,-0.0034,9.8066,0.0334,-0.5484,0.1475,-9.37,-37.5,-6.75,230.44,-87.55,-175.58
52.43241,-1.538687,178.69,0.79,2,309.53,20 / 21,1305310,2019-09-06 19:41:51:053,1.6596,-0.8398,10.2183,0.0113,-0.0042,9.8066,0.0121,-0.4004,-0.0107,-10.06,-37.5,-7.25,237.58,-87.54,-171.15
52.43241,-1.538687,178.69,0.79,2,309.53,20 / 21,1305409,2019-09-06 19:41:51:152,2.4496,-0.5065,9.6343,0.0224,-0.0278,9.8066,0.1146,-0.4518,0.1719,-11.06,-37.56,-6.56,248.12,-87.37,-162.29
52.43241,-1.538687,178.69,0.79,2,309.53,20 / 21,1305510,2019-09-06 19:41:51:253,2.7371,-0.4507,9.6744,0.0118,-0.0099,9.8065,-0.1073,-0.4413,0.0088,-12.06,-36.25,-6.75,258.06,-87.21,-154.59
52.43241,-1.538687,178.69,0.79,2,309.53,20 / 21,1305610,2019-09-06 19:41:51:353,1.8947,-1.1366,10.0993,0.0229,-0.0185,9.8066,-0.0013,-0.424,0.0833,-12.56,-36.69,-5.62,265.61,-87.01,-151.89
52.43241,-1.538687,178.69,0.79,2,309.53,20 / 21,1305709,2019-09-06 19:41:51:452,3.0759,-0.8019,9.9839,0.0153,-0.0049,9.8066,0.0313,-0.3529,0.0579,-13.87,-37.69,-5.19,275.14,-86.74,-146.86
52.43241,-1.538687,178.69,0.79,2,309.53,20 / 21,1305809,2019-09-06 19:41:51:552,1.9163,-1.642,9.5587,0.0311,0.002,9.8065,-0.1295,-0.4439,0.0811,-13.87,-36.94,-5.44,276.35,-86.57,-145.45
52.43241,-1.538687,178.69,0.79,2,309.53,20 / 21,1305909,2019-09-06 19:41:51:652,1.8161,0.4019,9.1472,-0.0225,-0.0228,9.8065,0.2611,-0.2674,0.0308,-14.25,-36.37,-5.12,278.14,-86.54,-143.86
52.43241,-1.538687,178.69,0.79,2,309.53,20 / 21,1306010,2019-09-06 19:41:51:753,4.1197,-1.1337,9.7946,0.0205,0.0152,9.8066,0.2004,-0.4429,0.1597,-15.19,-36.19,-4.37,287.56,-86.3,-139.26
52.43241,-1.538687,178.69,0.79,2,309.53,20 / 21,1306109,2019-09-06 19:41:51:852,4.1688,0.0867,9.7718,0.0096,0.0022,9.8066,-0.1989,-0.3139,-0.0531,-15.56,-36.5,-4.19,286.05,-86.26,-142
52.43241,-1.538687,178.69,0.79,2,309.53,20 / 21,1306210,2019-09-06 19:41:51:953,2.526,-0.7918,9.5614,0.0028,-0.0138,9.8066,-0.0058,-0.2953,0.1516,-15.62,-36.56,-3.56,286.64,-86.11,-140.89
52.43241,-1.538687,178.69,0.79,2,309.53,20 / 21,1306310,2019-09-06 19:41:52:053,2.2367,-0.4208,9.7027,0.0316,0.0189,9.8066,0.0003,-0.2723,0.0017,-16,-36.19,-3.25,291.11,-86.06,-140.06
52.43241,-1.538687,178.69,0.79,2,309.53,20 / 21,1306409,2019-09-06 19:41:52:152,2.1091,-0.7417,9.9077,0.0604,-0.0098,9.8064,-0.0724,-0.265,0.1746,-16.81,-36.44,-2.87,290.66,-85.74,-140.93
52.43241,-1.538687,178.69,0.79,2,309.53,20 / 21,1306510,2019-09-06 19:41:52:253,1.659,-0.7811,9.8686,-0.033,-0.0095,9.8065,0.1415,-0.251,-0.0307,-16.5,-35.87,-2.62,292.34,-85.7,-138.14
52.43241,-1.538687,178.69,0.79,2,309.53,20 / 21,1306610,2019-09-06 19:41:52:353,1.9836,-1.3865,9.9666,-0.0211,-0.0138,9.8066,0.0827,-0.2895,0.03,-16.37,-36.19,-2.31,295.03,-85.58,-138.79
52.43241,-1.538687,178.69,0.79,2,309.53,20 / 21,1306710,2019-09-06 19:41:52:453,1.556,-0.2254,10.4261,0.0216,0.02,9.8065,-0.0887,-0.2167,-0.0668,-17,-35.94,-1.25,295.33,-85.5,-142.6
52.43241,-1.538687,178.69,0.79,2,309.53,20 / 21,1306810,2019-09-06 19:41:52:553,0.3732,-0.9545,9.9103,0.0342,0.0109,9.8066,-0.0122,-0.2029,0.0199,-17.25,-35.81,-1.31,293.2,-85.4,-144.38
52.43241,-1.538687,178.69,0.79,2,309.53,20 / 21,1306910,2019-09-06 19:41:52:653,0.2948,-0.915,9.3683,0.0099,-0.0027,9.8066,0.0325,-0.2112,0.0139,-16.62,-36.12,-1.56,288.04,-85.34,-145.81
52.43241,-1.538687,178.69,0.79,2,309.53,20 / 21,1307010,2019-09-06 19:41:52:753,1.6867,-0.2073,9.7367,0.015,0.0093,9.8066,0.0265,-0.2205,-0.0016,-17.37,-35.94,-1.12,289.97,-85.21,-147.01
52.43241,-1.538687,178.69,0.79,2,309.53,20 / 21,1307110,2019-09-06 19:41:52:853,1.4004,-0.5084,9.8711,0.009,0.0145,9.8065,-0.0304,-0.2315,-0.0024,-17.19,-35.69,-0.94,286.36,-85.15,-150.3
52.43241,-1.538687,178.69,0.79,2,309.53,20 / 21,1307214,2019-09-06 19:41:52:957,2.4388,-0.5684,10.1912,0.0004,0.0138,9.8066,-0.0129,-0.1319,-0.0374,-16.56,-36.31,-0.5,288.42,-85.15,-151.7
52.43241,-1.538687,178.69,0.79,2,309.53,20 / 21,1307310,2019-09-06 19:41:53:053,0.5044,0.0117,9.1933,-0.0058,0.0277,9.8066,-0.0032,-0.1319,-0.0284,-17,-35.81,-0.37,285.64,-85.15,-154.33
52.43241,-1.538687,178.69,0.79,2,309.53,20 / 21,1307410,2019-09-06 19:41:53:153,-0.0364,0.2191,9.5894,0.0112,0.0126,9.8066,-0.1197,-0.1071,-0.0086,-17.31,-35.12,-0.37,281.76,-85.17,-158.39
52.43241,-1.538687,178.69,0.79,2,309.53,20 / 21,1307510,2019-09-06 19:41:53:253,1.3543,1.7151,9.0325,-0.0044,-0.0044,9.8066,0.0193,-0.1697,0.0623,-16.56,-35.81,-1.25,277.27,-85.3,-159.42
52.43241,-1.538687,178.69,0.79,2,309.53,20 / 21,1307609,2019-09-06 19:41:53:352,1.6801,-0.3738,9.2555,-0.0074,-0.0071,9.8066,-0.0203,-0.0853,-0.0411,-17.19,-35.94,-0.62,278.89,-85.4,-158.05
52.43241,-1.538687,178.69,0.79,2,309.53,20 / 21,1307710,2019-09-06 19:41:53:453,2.4166,0.2843,10.253,-0.0272,-0.0039,9.8066,-0.1396,-0.0215,-0.0279,-17.69,-35.87,-1.06,283.24,-85.71,-155.17
52.43241,-1.538687,178.69,0.79,2,309.53,20 / 21,1307809,2019-09-06 19:41:53:552,0.0478,-0.6517,10.2641,-0.029,-0.0096,9.8066,-0.1049,-0.0849,0.0492,-17.44,-36.06,-1,284.81,-85.9,-153.36
52.43241,-1.538687,178.69,0.79,2,309.53,20 / 21,1307909,2019-09-06 19:41:53:652,0.9573,1.4383,9.6426,0.002,0.0245,9.8065,0.0132,-0.0301,-0.0594,-18.06,-35.69,-0.87,285.58,-86.11,-153.7
52.43241,-1.538687,178.69,0.79,2,309.53,20 / 21,1308009,2019-09-06 19:41:53:752,0.2941,1.0041,9.7338,0.0297,0.0076,9.8065,0.0024,0.0502,0.0051,-17.62,-35.44,-0.56,282.11,-86.13,-157.31
52.43241,-1.538687,178.69,0.79,2,309.53,20 / 21,1308109,2019-09-06 19:41:53:852,1.4025,0.3428,9.8851,-0.0192,-0.014,9.8066,0.1112,0.0184,0.0339,-17.31,-35.87,-0.75,282.89,-85.97,-155.38
52.43241,-1.538687,178.69,0.79,2,309.53,20 / 21,1308210,2019-09-06 19:41:53:953,0.9152,0.1781,10.2856,-0.0245,-0.0136,9.8065,0.0715,-0.0111,-0.0209,-17.94,-35.94,-0.62,283.16,-85.78,-155.38
52.43241,-1.538687,178.69,0.79,2,309.53,20 / 21,1308310,2019-09-06 19:41:54:053,1.8227,0.4795,9.7184,0.0252,0.0068,9.8066,0.1007,0.0483,-0.0167,-17.06,-36.06,-0.44,285.02,-85.82,-156.35
52.43241,-1.538687,178.69,0.79,2,309.53,21 / 22,1308410,2019-09-06 19:41:54:153,1.4359,0.8447,9.6933,0.0071,0.0115,9.8066,0.0146,-0.0125,-0.0299,-17,-36,-0.56,279.94,-85.89,-158.05
52.43241,-1.538687,178.69,0.79,2,309.53,21 / 22,1308509,2019-09-06 19:41:54:252,1.2704,0.1884,9.0371,0.0147,0.0165,9.8065,-0.1396,0.0639,-0.0674,-17.37,-35.94,-1,277.53,-85.96,-160.58
52.43241,-1.538687,178.69,0.79,2,309.53,21 / 22,1308609,2019-09-06 19:41:54:352,-0.1508,0.9109,9.7545,0.041,0.0033,9.8065,-0.0893,-0.0042,0.0543,-16.75,-35.62,-1.12,277.51,-85.97,-160.61
52.43241,-1.538687,178.69,0.79,2,309.53,21 / 22,1308710,2019-09-06 19:41:54:453,0.939,0.6506,10.0103,-0.0047,0.0006,9.8066,0.0157,-0.0197,-0.0373,-17.37,-35.87,-1,278.56,-86.08,-159.83
52.43241,-1.538687,178.69,0.79,2,309.53,21 / 22,1308810,2019-09-06 19:41:54:553,-0.2316,0.2674,9.6902,0.0011,-0.0005,9.8066,-0.0346,0.0592,-0.0101,-17.19,-35.44,-0.75,278.71,-86.13,-160.01
52.43241,-1.538687,178.69,0.79,2,309.53,21 / 22,1308910,2019-09-06 19:41:54:653,1.3194,-0.1733,9.8715,-0.0108,0.0139,9.8065,-0.0026,0.02,-0.051,-16.87,-35.25,-1.25,277.49,-86.17,-161.28
52.43241,-1.538687,178.69,0.79,2,309.53,21 / 22,1309010,2019-09-06 19:41:54:753,0.8065,0.8612,9.7755,-0.0033,0.0163,9.8065,-0.0467,0,-0.0602,-16.87,-35.06,-0.87,273.74,-86.15,-164.94
52.43241,-1.538687,178.69,0.79,2,309.53,21 / 22,1309109,2019-09-06 19:41:54:852,1.2454,1.096,9.4529,-0.0038,0.0073,9.8066,-0.0645,-0.0258,0.0558,-16.06,-34.37,-0.44,274.94,-86.08,-166.7
52.43241,-1.538687,178.69,0.79,2,309.53,21 / 22,1309209,2019-09-06 19:41:54:952,0.6323,0.4549,9.7722,-0.0059,0.013,9.8065,-0.0855,0.0687,-0.0748,-17.37,-33.87,-1.12,270.99,-86.13,-167.89
52.43241,-1.538687,178.69,0.79,2,309.53,21 / 22,1309309,2019-09-06 19:41:55:052,1.0158,1.2632,10.0295,0.0135,0.005,9.8066,-0.0324,0.0749,0.0103,-16.94,-33.37,-0.87,270.26,-86.19,-168.96
52.43241,-1.538687,178.69,0.79,2,309.53,20 / 21,1309410,2019-09-06 19:41:55:153,1.1878,0.0318,10.3383,0.0294,-0.0014,9.8066,0.0082,0.012,-0.0004,-16.81,-32.12,-0.81,271.13,-86.04,-168.03
52.43241,-1.538687,178.69,0.79,2,309.53,20 / 21,1309509,2019-09-06 19:41:55:252,1.1521,0.348,10.2077,-0.0301,-0.0092,9.8066,0.0891,-0.0136,-0.0143,-16.81,-31.75,-0.94,271.35,-86.12,-167.95
52.43241,-1.538687,178.69,0.79,2,309.53,20 / 21,1309610,2019-09-06 19:41:55:353,1.1467,-0.2366,9.732,0.0449,0.0066,9.8065,0.1146,0.0289,0.055,-15.5,-32.5,-1.31,268.48,-85.92,-168.97
52.43241,-1.538687,178.69,0.79,2,309.53,20 / 21,1309709,2019-09-06 19:41:55:452,1.1192,0.6692,10.0827,0.004,-0.0011,9.8066,0.0031,-0.0143,-0.014,-16.25,-32.06,-1.75,265.43,-85.73,-168.97
52.43241,-1.538687,178.69,0.79,2,309.53,20 / 21,1309810,2019-09-06 19:41:55:553,0.9521,0.3362,10.081,-0.0177,-0.0028,9.8066,-0.0221,-0.0391,-0.0531,-16.56,-32.44,-2.81,263.23,-85.77,-168.96
52.43241,-1.538687,178.69,0.79,2,309.53,20 / 21,1309909,2019-09-06 19:41:55:652,0.8947,0.7954,9.5164,0.0169,0.0091,9.8065,-0.0449,-0.0082,0.0179,-16.94,-31.37,-2,266.28,-85.84,-169.46
52.43241,-1.538687,178.69,0.79,2,309.53,20 / 21,1310010,2019-09-06 19:41:55:753,0.9255,0.3317,9.474,0.0318,0.0119,9.8065,-0.1228,-0.0234,0.0184,-17.19,-31.19,-1.31,268.32,-85.71,-170.47
52.43241,-1.538687,178.69,0.79,2,309.53,20 / 21,1310110,2019-09-06 19:41:55:853,0.3236,0.1776,9.2473,-0.0232,0.0005,9.8065,0.0428,-0.0525,-0.0262,-15.12,-31.75,-2,261.42,-85.84,-172.26
52.43241,-1.538687,178.69,0.79,2,309.53,20 / 21,1310210,2019-09-06 19:41:55:953,0.1428,0.218,9.9911,-0.0025,0.0005,9.8066,0.1083,0.0298,-0.0375,-15.62,-33,-2.06,261.63,-85.72,-172.56
52.43241,-1.538687,178.69,0.79,2,309.53,20 / 21,1310310,2019-09-06 19:41:56:053,1.4465,0.3805,9.9965,0.006,0.0023,9.8066,0.0949,-0.0232,0.051,-15.56,-34.37,-2.25,260.71,-85.57,-172.92
52.43241,-1.538687,178.69,0.79,2,309.53,20 / 21,1310409,2019-09-06 19:41:56:152,1.344,0.7454,9.6988,0.0271,0.0078,9.8065,-0.1293,-0.0598,-0.0171,-16.94,-35.75,-2.5,260.06,-85.36,-173.58
52.43241,-1.538687,178.69,0.79,2,309.53,20 / 21,1310510,2019-09-06 19:41:56:253,0.0317,0.1267,9.4537,-0.0252,-0.0186,9.8065,0.0898,-0.0738,-0.0128,-17.12,-35.44,-3.06,257.26,-85.28,-173.38
52.43241,-1.538687,178.69,0.79,2,309.53,20 / 21,1310610,2019-09-06 19:41:56:353,1.2679,0.0864,9.7468,-0.0309,-0.0122,9.8066,0.0733,-0.0246,0.0104,-16.94,-34.87,-1.81,261.27,-85.19,-172.26
52.43241,-1.538687,178.69,0.79,2,309.53,20 / 21,1310709,2019-09-06 19:41:56:452,1.4103,-0.4037,9.8308,-0.0258,-0.0144,9.8065,-0.1289,0.0072,0.0064,-18.19,-34.94,-2.12,263.22,-85.34,-171.46
52.43241,-1.538687,178.69,0.79,2,309.53,20 / 21,1310810,2019-09-06 19:41:56:553,0.2438,-0.4199,9.5787,0.0117,-0.0026,9.8066,-0.0249,-0.0673,0.0798,-18.25,-34.31,-1.87,263.45,-85.23,-171.28
52.43241,-1.538687,178.69,0.79,2,309.53,20 / 21,1310909,2019-09-06 19:41:56:652,0.4523,0.0476,10.1377,0.0143,-0.0153,9.8066,0.0044,-0.0511,0.0069,-19.12,-35,-2,265.73,-85.15,-169.35
52.43241,-1.538687,178.69,0.79,2,309.53,20 / 21,1311010,2019-09-06 19:41:56:753,1.5844,-0.4092,9.2442,-0.006,-0.0049,9.8066,0.0968,-0.1168,0.0288,-18.25,-33.94,-0.87,268.55,-85.11,-169
52.43241,-1.538687,178.69,0.79,2,309.53,20 / 21,1311110,2019-09-06 19:41:56:853,0.4784,-0.3418,9.9117,0.0232,-0.0076,9.8066,-0.007,-0.065,0.019,-17.81,-33.75,0,272.27,-84.86,-167.93
52.43241,-1.538687,178.69,0.79,2,309.53,20 / 21,1311210,2019-09-06 19:41:56:953,-0.5877,0.2654,9.862,0.0032,-0.0123,9.8066,0.0279,-0.0133,0.0196,-17.5,-33.75,0.63,274.33,-84.82,-168.62
52.43241,-1.538687,178.69,0.79,2,309.53,20 / 21,1311310,2019-09-06 19:41:57:053,1.0443,0.1289,9.635,-0.0045,-0.0042,9.8066,0.0027,-0.1371,0.0673,-17.5,-33.62,1.25,275.36,-84.67,-167.29
52.43272,-1.538376,179.67,8.05,3,46.16,20 / 21,1311409,2019-09-06 19:41:57:152,0.6581,-0.106,9.6453,0.0206,-0.0025,9.8066,-0.1195,-0.0319,-0.0211,-18.56,-33.87,1.19,276.68,-84.48,-166.42
52.43272,-1.538376,179.67,8.05,3,46.16,20 / 21,1311510,2019-09-06 19:41:57:253,0.334,-1.4413,10.1845,0.01,-0.0081,9.8065,-0.0195,-0.0212,-0.0081,-18.94,-34.5,0.63,276.8,-84.57,-166.47
52.43272,-1.538376,179.67,8.05,3,46.16,20 / 21,1311610,2019-09-06 19:41:57:353,0.7466,-0.2652,9.8606,0.0165,0.005,9.8066,-0.0937,-0.075,0.0111,-19.37,-34.5,0,274.84,-84.58,-165.4
52.43272,-1.538376,179.67,8.05,3,46.16,20 / 21,1311710,2019-09-06 19:41:57:453,-0.3311,0.089,9.9313,0.0142,0.0049,9.8066,0.0435,-0.1106,0.0532,-19.12,-34.69,-0.5,273.83,-84.53,-166.01
52.43272,-1.538376,179.67,8.05,3,46.16,20 / 21,1311810,2019-09-06 19:41:57:553,-0.2059,-0.609,9.9788,0.0023,-0.0037,9.8066,0.0125,-0.0597,-0.0653,-19.56,-35.25,0,274.68,-84.45,-165.55
52.43272,-1.538376,179.67,8.05,3,46.16,20 / 21,1311910,2019-09-06 19:41:57:653,1.3853,-0.6223,9.7988,0.0148,0.0033,9.8065,-0.0134,-0.0394,0.0296,-18.75,-35.25,0.06,273.42,-84.34,-166.05
52.43272,-1.538376,179.67,8.05,3,46.16,20 / 21,1312009,2019-09-06 19:41:57:752,1.0695,-0.1681,9.4712,-0.0065,0.0019,9.8066,-0.0455,-0.0264,0.0721,-19.44,-35.75,0.5,275.14,-84.26,-166.93
52.43272,-1.538376,179.67,8.05,3,46.16,20 / 21,1312110,2019-09-06 19:41:57:853,-1.2598,0.9905,11.0595,0.0343,0.0016,9.8066,0.2871,-0.0771,0.0657,-18.69,-36.12,0.25,271.67,-84.05,-166.94
52.43272,-1.538376,179.67,8.05,3,46.16,20 / 21,1312210,2019-09-06 19:41:57:953,1.4142,0.0379,9.8155,-0.0079,-0.006,9.8066,0.163,-0.0263,-0.0113,-19.37,-35.87,0.75,274.52,-84.12,-167.27
52.43272,-1.538376,179.67,8.05,3,46.16,20 / 21,1312309,2019-09-06 19:41:58:052,1.9892,0.59,9.5076,0.0042,-0.0005,9.8066,0.0898,-0.09,0.0086,-19.5,-35.31,1.13,275.58,-84.08,-166.46
52.43272,-1.538376,179.67,8.05,3,46.16,20 / 21,1312410,2019-09-06 19:41:58:153,0.1972,-0.7642,10.1969,0.0037,0.0171,9.8066,0.019,0.0097,0.0618,-19.31,-35.94,0.56,273.99,-83.92,-167.4
52.43272,-1.538376,179.67,8.05,3,46.16,20 / 21,1312509,2019-09-06 19:41:58:252,0.0795,-0.3882,10.1777,0.0185,0.0005,9.8066,0.1005,0.0266,-0.0201,-19.12,-35.87,0.56,273.09,-83.84,-168.13
52.43272,-1.538376,179.67,8.05,3,46.16,20 / 21,1312610,2019-09-06 19:41:58:353,-0.2706,0.2463,9.8019,-0.0392,-0.0085,9.8065,0.1112,-0.0841,-0.0212,-19.06,-35.56,0.5,274.14,-83.9,-167.22
52.43272,-1.538376,179.67,8.05,3,46.16,20 / 21,1312710,2019-09-06 19:41:58:453,0.6597,0.581,9.7439,-0.0226,-0.0015,9.8066,0.0114,-0.0277,0.0403,-19.12,-35.56,0.19,270.91,-83.86,-167.32
52.43272,-1.538376,179.67,8.05,3,46.16,20 / 21,1312810,2019-09-06 19:41:58:553,1.5347,0.0935,9.8787,0.0051,0.0031,9.8066,-0.0169,0.0199,0.0317,-19.06,-35.75,0.56,273.56,-83.89,-167.78
52.43272,-1.538376,179.67,8.05,3,46.16,20 / 21,1312910,2019-09-06 19:41:58:653,-0.3252,0.5981,9.0808,0.0027,0.0082,9.8065,0.0089,-0.0557,-0.005,-20.44,-35.56,-0.06,270.51,-83.93,-168.46
52.43272,-1.538376,179.67,8.05,3,46.16,20 / 21,1313010,2019-09-06 19:41:58:753,0.5106,-0.3232,9.749,-0.011,-0.0003,9.8066,0.0201,-0.0375,0.0199,-20.37,-34.56,0.69,274.05,-84.07,-168.35
52.43272,-1.538376,179.67,8.05,3,46.16,20 / 21,1313109,2019-09-06 19:41:58:852,-0.1209,-0.812,9.7868,-0.0093,0.0082,9.8066,-0.0286,0.0342,0.0395,-20.5,-34.81,0.56,273.37,-84.09,-169.08
52.43272,-1.538376,179.67,8.05,3,46.16,20 / 21,1313214,2019-09-06 19:41:58:957,-1.3478,0.6897,10.3021,0.0083,-0.007,9.8066,-0.0287,-0.0239,0.005,-19.31,-34.37,1.25,272.23,-84.03,-170
52.43272,-1.538376,179.67,8.05,3,46.16,20 / 21,1313310,2019-09-06 19:41:59:053,-0.2861,-0.4141,10.3529,-0.0145,0.0142,9.8066,0.0482,-0.0353,0.0574,-20.06,-34.81,1.06,272.09,-83.98,-170.14
52.43272,-1.538376,179.67,8.05,3,46.16,20 / 21,1313410,2019-09-06 19:41:59:153,-0.7028,0.9829,10.1473,0.0314,0.0034,9.8066,-0.002,0.0086,-0.0458,-18.94,-34.81,1.31,271.16,-84,-170.69
52.43272,-1.538376,179.67,8.05,3,46.16,20 / 21,1313509,2019-09-06 19:41:59:252,-0.0084,-0.8872,10.0614,0.0034,0.0073,9.8066,0.0035,0.0255,-0.075,-19.62,-35.19,1.06,269.87,-83.77,-171.98
52.43272,-1.538376,179.67,8.05,3,46.16,20 / 21,1313609,2019-09-06 19:41:59:352,0.0308,-0.4924,9.7871,0.0144,0.0109,9.8066,0.0104,-0.0443,0.0178,-19.06,-34.62,1.25,268.11,-83.61,-173.04
52.43272,-1.538376,179.67,8.05,3,46.16,20 / 21,1313711,2019-09-06 19:41:59:454,1.5186,-1.2889,10.194,0.0116,-0.0069,9.8066,0.0184,0.0105,0.0694,-19.69,-35.62,0.56,268.54,-83.72,-172.93
52.43272,-1.538376,179.67,8.05,3,46.16,20 / 21,1313809,2019-09-06 19:41:59:552,-0.1327,-0.3362,10.6252,0.0091,0.0058,9.8066,0.014,-0.0464,-0.0099,-19.69,-34.25,1.13,269.44,-83.75,-172.71
52.43272,-1.538376,179.67,8.05,3,46.16,20 / 21,1313909,2019-09-06 19:41:59:652,-0.6962,1.8201,11.3664,0.0293,0.0047,9.8066,-0.2089,-0.1234,0.0881,-19.56,-33.44,0.88,269.54,-83.71,-172.87
52.43272,-1.538376,179.67,8.05,3,46.16,20 / 21,1314009,2019-09-06 19:41:59:752,-0.0212,-0.0217,8.8337,0.0638,-0.0084,9.8063,-0.1766,-0.0299,0.047,-19.94,-32.12,1.69,273.9,-83.79,-171.83
52.43272,-1.538376,179.67,8.05,3,46.16,20 / 21,1314109,2019-09-06 19:41:59:852,-0.1349,-1.2764,8.0526,0.0514,-0.0059,9.8064,-0.0467,0.0223,-0.0689,-20.37,-31.81,1.63,274.19,-83.28,-170.72
52.43272,-1.538376,179.67,8.05,3,46.16,20 / 21,1314210,2019-09-06 19:41:59:953,0.3117,1.5576,9.0671,-0.0693,0.0039,9.8064,-0.1115,-0.1259,0.0414,-20.06,-31.31,1.75,275.19,-83.89,-171.03
52.43272,-1.538376,179.67,8.05,3,46.16,20 / 21,1314310,2019-09-06 19:42:00:053,-2.2533,-0.7538,10.1263,-0.0395,0.0028,9.8065,-0.1047,-0.0436,0.0018,-18.62,-32.5,1.13,272.34,-84.12,-170.69
52.43272,-1.538376,179.67,8.05,3,46.16,20 / 21,1314410,2019-09-06 19:42:00:153,-1.619,-0.4701,10.2116,-0.0061,0.01,9.8066,0.0394,-0.0565,-0.0428,-19.5,-32.75,1.38,271.57,-84.47,-171.77
52.43272,-1.538376,179.67,8.05,3,46.16,20 / 21,1314510,2019-09-06 19:42:00:253,-0.8286,-0.6315,10.0488,0.012,0.009,9.8066,0.137,-0.0886,0.0435,-19.12,-34.06,0.56,269.33,-84.23,-173.29
52.43272,-1.538376,179.67,8.05,3,46.16,20 / 21,1314609,2019-09-06 19:42:00:352,-0.4184,-0.0498,10.0377,0.0183,0.0151,9.8065,0.0541,-0.0295,-0.0275,-19.69,-33.94,0.63,267.92,-83.82,-174.36
52.43272,-1.538376,179.67,8.05,3,46.16,20 / 21,1314709,2019-09-06 19:42:00:452,1.7804,-0.0117,9.8071,0.0246,-0.0051,9.8065,0.0032,-0.0516,0.0406,-18.5,-34.69,1.94,268.73,-83.54,-174.98
52.43272,-1.538376,179.67,8.05,3,46.16,20 / 21,1314810,2019-09-06 19:42:00:553,-0.397,-0.4819,10.1995,-0.0055,-0.004,9.8066,-0.0648,-0.0286,0.0198,-19.5,-35.25,1.56,269.78,-83.44,-174.08
52.43272,-1.538376,179.67,8.05,3,46.16,20 / 21,1314910,2019-09-06 19:42:00:653,-0.239,-0.3497,10.1665,-0.0296,-0.0094,9.8066,0.0558,-0.0512,0.0597,-19.25,-35.12,2,271.12,-83.72,-173.26
52.43272,-1.538376,179.67,8.05,3,46.16,20 / 21,1315010,2019-09-06 19:42:00:753,1.0358,-0.6256,10.1122,-0.0316,-0.0053,9.8065,0.053,-0.0822,-0.0455,-19,-34.94,1.75,271.57,-83.79,-172.93
52.43272,-1.538376,179.67,8.05,3,46.16,20 / 21,1315110,2019-09-06 19:42:00:853,-0.4958,-0.332,9.6908,0.024,0.0003,9.8066,0.0106,-0.093,0.0631,-18.69,-34.31,2.31,271.16,-83.63,-173.38
52.43272,-1.538376,179.67,8.05,3,46.16,20 / 21,1315209,2019-09-06 19:42:00:952,0.3802,-0.582,9.8131,0.0178,0.0005,9.8066,0.0323,-0.0758,-0.0068,-20,-34.19,1.31,268.6,-83.55,-173.2
52.43272,-1.538376,179.67,8.05,3,46.16,20 / 21,1315310,2019-09-06 19:42:01:053,-1.1563,-0.4983,10.0622,0.0031,0.0022,9.8066,-0.0414,-0.0502,0.0219,-20.06,-33.94,2.31,270.66,-83.53,-173.99
52.43272,-1.538376,179.67,8.05,3,46.16,20 / 21,1315410,2019-09-06 19:42:01:153,0.1336,-0.0146,10.0316,0.0086,0.008,9.8066,0.0368,-0.0233,-0.0544,-19.69,-34.06,2.88,272.62,-83.47,-174.81
52.43272,-1.538376,179.67,8.05,3,46.16,20 / 21,1315509,2019-09-06 19:42:01:252,-0.1129,-0.2853,10.069,-0.0025,0.0032,9.8066,0.063,-0.0149,0.0243,-19.87,-33.37,2.31,269.12,-83.47,-175.77
52.43272,-1.538376,179.67,8.05,3,46.16,20 / 21,1315610,2019-09-06 19:42:01:353,-0.2155,0.0021,10.0787,-0.0114,0.0057,9.8066,0.069,-0.0675,-0.0104,-19.62,-33.87,2.75,270.81,-83.45,-176.58
52.43272,-1.538376,179.67,8.05,3,46.16,20 / 21,1315709,2019-09-06 19:42:01:452,-0.3677,-0.1715,9.7058,0.0291,0.0025,9.8065,-0.0491,-0.0458,0.0207,-20.19,-33.5,2.5,270.4,-83.31,-177.1
52.43272,-1.538376,179.67,8.05,3,46.16,20 / 21,1315809,2019-09-06 19:42:01:552,0.9391,-0.6311,9.8134,0.0156,-0.0054,9.8066,0.0562,-0.099,0.029,-19.81,-34.12,3.56,273.37,-83.34,-176.71
52.43272,-1.538376,179.67,8.05,3,46.16,20 / 21,1315910,2019-09-06 19:42:01:653,-0.4909,0.213,9.5475,0.0114,-0.002,9.8066,-0.0409,-0.054,0.0085,-20.56,-33.87,2.75,269.97,-83.48,-177.6
52.43272,-1.538376,179.67,8.05,3,46.16,20 / 21,1316009,2019-09-06 19:42:01:752,-0.9638,-0.4826,9.925,0.0214,-0.0051,9.8066,-0.0837,-0.0122,0.0396,-20,-34.12,2.63,270.57,-83.41,-176.76
52.43272,-1.538376,179.67,8.05,3,46.16,20 / 21,1316109,2019-09-06 19:42:01:852,-1.3255,-0.6847,10.2088,-0.0325,0.0048,9.8065,0.0756,-0.0309,0.0136,-20.62,-34.69,2.5,270.61,-83.62,-176.89
52.43272,-1.538376,179.67,8.05,3,46.16,20 / 21,1316209,2019-09-06 19:42:01:952,-1.3703,-0.2549,9.7767,-0.0394,0.001,9.8065,0.0794,-0.0384,0.0063,-21.19,-33.81,1.69,267.99,-83.71,-177.24
52.43272,-1.538376,179.67,8.05,3,46.16,20 / 21,1316310,2019-09-06 19:42:02:053,-0.8425,-0.2972,9.6486,0.0156,-0.003,9.8066,-0.0918,-0.0545,0.033,-21.19,-34.56,2.75,270.35,-83.62,-177.14
52.43272,-1.538376,179.67,8.05,3,46.16,20 / 21,1316409,2019-09-06 19:42:02:152,-0.5213,0.1611,9.7014,0.0126,0.0045,9.8066,-0.0549,-0.0104,-0.0117,-21.69,-33.56,2.19,268.02,-83.61,-177.26
52.43272,-1.538376,179.67,8.05,3,46.16,20 / 21,1316510,2019-09-06 19:42:02:253,-0.4453,0.1737,10.0995,0.0164,-0.0026,9.8066,-0.0517,-0.0781,0.03,-20.25,-33.94,3.44,270.42,-83.57,-177.18
52.43272,-1.538376,179.67,8.05,3,46.16,20 / 21,1316610,2019-09-06 19:42:02:353,-0.1571,0.0422,9.4108,0.0033,0.0003,9.8066,-0.128,-0.0304,0.0007,-20.81,-34.37,3.5,273.81,-83.56,-176.64
52.43272,-1.538376,179.67,8.05,3,46.16,20 / 21,1316709,2019-09-06 19:42:02:452,-0.4398,-0.0008,10.2054,0.0069,0.0002,9.8065,0.11,-0.0084,-0.0096,-20,-33.81,4.13,273.78,-83.56,-176.68
52.43272,-1.538376,179.67,8.05,3,46.16,20 / 21,1316810,2019-09-06 19:42:02:553,1.1645,-0.3328,10.2209,-0.0168,0.0018,9.8066,0.1153,-0.0501,0.0128,-19.81,-34.62,4.13,273.76,-83.71,-176.65
52.43272,-1.538376,179.67,8.05,3,46.16,20 / 21,1316910,2019-09-06 19:42:02:653,-0.1169,-0.1396,10.3065,0.0203,0.0048,9.8066,-0.0527,-0.0601,0.0035,-20,-34.56,3.25,271.07,-83.82,-176.66
52.43272,-1.538376,179.67,8.05,3,46.16,20 / 21,1317009,2019-09-06 19:42:02:752,-1.6615,-0.4259,9.7841,0.0249,0.0039,9.8066,-0.0726,-0.0525,0.0269,-20.19,-34.75,3.25,270.95,-83.74,-176.64
52.43272,-1.538376,179.67,8.05,3,46.16,20 / 21,1317110,2019-09-06 19:42:02:853,-0.7594,0.3558,9.7914,-0.0182,0.0113,9.8065,-0.0173,-0.0567,0.0339,-20.69,-34.37,2.69,271.24,-83.82,-176.89
52.43272,-1.538376,179.67,8.05,3,46.16,20 / 21,1317210,2019-09-06 19:42:02:953,-0.8952,-0.7596,9.8813,0.0158,0.0025,9.8066,-0.0964,-0.0158,0.033,-20.56,-34.69,2.81,270.25,-83.93,-177.78
52.43272,-1.538376,179.67,8.05,3,46.16,20 / 21,1317309,2019-09-06 19:42:03:052,-1.8278,-0.0998,9.8282,0.0353,0.0004,9.8066,0.0654,0.019,-0.0162,-20.69,-35.37,3.06,269.89,-83.86,-178.01
52.43272,-1.538376,179.67,8.05,3,46.16,20 / 21,1317410,2019-09-06 19:42:03:153,-1.4983,-0.0109,9.7219,-0.0381,0.0023,9.8065,0.073,0.012,0.037,-21,-34.12,2.63,270.56,-84.05,-177.94
52.43272,-1.538376,179.67,8.05,3,46.16,20 / 21,1317509,2019-09-06 19:42:03:252,-0.9341,-0.5816,9.4555,-0.0305,-0.0049,9.8065,0.0587,-0.0266,-0.0381,-20.44,-34,3.25,270.66,-83.99,-177.67
52.43272,-1.538376,179.67,8.05,3,46.16,20 / 21,1317611,2019-09-06 19:42:03:354,-1.6093,0.2029,9.866,0.0098,0.0066,9.8066,0.0426,-0.0262,-0.0166,-20.81,-33.75,2.88,270.62,-83.85,-177.56
52.43272,-1.538376,179.67,8.05,3,46.16,20 / 21,1317710,2019-09-06 19:42:03:453,-0.6939,-0.1048,9.819,0.0019,0.0013,9.8066,-0.0585,0.0308,0.0023,-20.31,-33.25,4,273.52,-83.9,-177.84
52.43272,-1.538376,179.67,8.05,3,46.16,20 / 21,1317809,2019-09-06 19:42:03:552,-1.606,0.0569,9.6814,-0.0117,-0.0047,9.8065,-0.0231,0.0316,0.0172,-19.94,-33.12,4,273.92,-83.93,-177.48
52.43272,-1.538376,179.67,8.05,3,46.16,20 / 21,1317910,2019-09-06 19:42:03:653,-1.0071,-0.2011,9.8692,-0.0207,-0.003,9.8066,-0.0276,-0.0115,0.0498,-20.94,-33.5,3,271.99,-84.05,-176.8
52.43272,-1.538376,179.67,8.05,3,46.16,20 / 21,1318010,2019-09-06 19:42:03:753,-1.2611,0.1186,9.7627,0.0329,-0.0145,9.8066,-0.0863,0.0321,-0.0104,-20.62,-33.37,2.75,272.81,-83.89,-175.74
52.43272,-1.538376,179.67,8.05,3,46.16,20 / 21,1318109,2019-09-06 19:42:03:852,-1.6727,-0.0444,9.977,0.0216,-0.0005,9.8065,0.0546,0.0079,-0.0049,-21.37,-34.25,2.38,270.36,-83.97,-175.28
52.43272,-1.538376,179.67,8.05,3,46.16,20 / 21,1318214,2019-09-06 19:42:03:957,-0.8793,-0.4201,9.7285,-0.0044,0.0025,9.8066,-0.0247,-0.0178,0.015,-22.5,-33.62,2.56,273.31,-84.02,-175.22
52.43272,-1.538376,179.67,8.05,3,46.16,20 / 21,1318310,2019-09-06 19:42:04:053,-0.7902,1.0407,9.6751,0.0026,0.0043,9.8066,-0.0309,0.0566,0.0275,-22.69,-33.94,2.69,273.15,-84.01,-175.43
52.43272,-1.538376,179.67,8.05,3,46.16,20 / 21,1318409,2019-09-06 19:42:04:152,-1.2217,0.1719,9.9955,-0.0044,-0.0136,9.8065,0.0089,-0.0068,-0.0356,-23,-34.25,4,276.48,-84.04,-174.66
52.43272,-1.538376,179.67,8.05,3,46.16,20 / 21,1318510,2019-09-06 19:42:04:253,-0.6881,0.1305,9.7906,-0.0109,0.0008,9.8066,-0.0104,0.0775,0.0398,-21.56,-33.81,5.13,280.12,-84.06,-173.76
52.43272,-1.538376,179.67,8.05,3,46.16,20 / 21,1318609,2019-09-06 19:42:04:352,-1.9305,1.1311,10.1985,0.0152,-0.0116,9.8066,-0.0081,0.0354,0.0589,-20.69,-33.12,5,280.9,-83.96,-173.3
52.43272,-1.538376,179.67,8.05,3,46.16,20 / 21,1318710,2019-09-06 19:42:04:453,-0.4461,0.6788,10.0703,-0.0081,-0.0042,9.8066,-0.0555,0.0135,0.0176,-19.81,-33.81,4.31,279.27,-84.01,-172.05
52.43272,-1.538376,179.67,8.05,3,46.16,20 / 21,1318809,2019-09-06 19:42:04:552,-0.8345,0.8455,9.9578,0.0086,0.0039,9.8066,-0.0507,0.0794,-0.0522,-19.12,-33.81,3.44,275.52,-84.02,-172.81
52.43272,-1.538376,179.67,8.05,3,46.16,20 / 21,1318910,2019-09-06 19:42:04:653,-1.6186,0.8245,9.8982,-0.0199,0.0124,9.8066,-0.0531,0.0812,-0.0372,-19.12,-33.44,3.69,278.24,-84.16,-173.71
52.43272,-1.538376,179.67,8.05,3,46.16,20 / 21,1319009,2019-09-06 19:42:04:752,-1.9711,1.5742,10.1715,-0.002,0.0118,9.8065,-0.0862,0.0331,0.0132,-18.19,-33.75,2.81,274,-84.33,-174.8
52.43272,-1.538376,179.67,8.05,3,46.16,20 / 21,1319110,2019-09-06 19:42:04:853,-1.3185,-0.2621,8.8265,0.0075,-0.0001,9.8066,0.0532,0.1149,0.022,-18.75,-34.31,1.88,270.71,-84.36,-175.17
52.43272,-1.538376,179.67,8.05,3,46.16,20 / 21,1319210,2019-09-06 19:42:04:953,-1.7276,0.7407,9.626,-0.0075,0.0066,9.8066,-0.0481,0.1238,-0.0238,-18.94,-34.19,1.44,267,-84.52,-176.17
52.43272,-1.538376,179.67,8.05,3,46.16,20 / 21,1319310,2019-09-06 19:42:05:053,-1.7887,0.7458,9.9542,-0.0142,0.0037,9.8066,-0.0388,0.177,-0.0582,-19.56,-34.56,1.25,266.18,-84.57,-177.16
52.43272,-1.538376,179.67,8.05,3,46.16,20 / 21,1319409,2019-09-06 19:42:05:152,-2.0632,0.3975,10.0135,0.0025,0.0074,9.8066,0.1192,0.1728,0.0134,-19.12,-35.12,1.25,264.21,-84.54,-178.76
52.43272,-1.538376,179.67,8.05,3,46.16,20 / 21,1319510,2019-09-06 19:42:05:253,-1.809,0.7685,10.2983,0.0127,-0.0043,9.8066,-0.0721,0.2105,-0.0133,-18.75,-35.69,0.81,263.63,-84.46,-178.9
52.43272,-1.538376,179.67,8.05,3,46.16,20 / 21,1319609,2019-09-06 19:42:05:352,-1.0282,0.0813,9.8135,0.0095,-0.0024,9.8066,-0.0531,0.1839,0.0327,-19.56,-35.69,0.19,262,-84.43,-178.03
52.43272,-1.538376,179.67,8.05,3,46.16,20 / 21,1319710,2019-09-06 19:42:05:453,-1.8004,0.2996,9.2802,-0.0254,0.0034,9.8065,-0.0366,0.2144,-0.1024,-19.5,-35.44,0.44,263,-84.52,-176.93
52.43272,-1.538376,179.67,8.05,3,46.16,20 / 21,1319809,2019-09-06 19:42:05:552,-1.9583,0.1387,9.3971,-0.0331,0.0146,9.8065,0.0024,0.1537,-0.0353,-19.37,-35.19,0.13,260.52,-84.73,-179.87
52.43272,-1.538376,179.67,8.05,3,46.16,20 / 21,1319910,2019-09-06 19:42:05:653,-2.0761,0.7307,9.7695,0.0072,0.0166,9.8066,0.0442,0.2248,-0.036,-18.75,-34.5,-0.12,258.96,-84.72,178.25
52.43272,-1.538376,179.67,8.05,3,46.16,20 / 21,1320010,2019-09-06 19:42:05:753,-1.9774,0.4233,10.1274,-0.0022,0.0077,9.8066,0.0633,0.2263,-0.0358,-18.31,-34.87,0,256.11,-84.66,176.21
52.43272,-1.538376,179.67,8.05,3,46.16,20 / 21,1320109,2019-09-06 19:42:05:852,-1.8306,0.128,10.0888,-0.0129,-0.0022,9.8065,0.0044,0.1467,-0.0165,-18.25,-35.19,-1,252.73,-84.67,175.8
52.43272,-1.538376,179.67,8.05,3,46.16,20 / 21,1320210,2019-09-06 19:42:05:953,-0.8463,-0.0581,9.7598,0.006,0.0072,9.8066,-0.014,0.2113,-0.0593,-18.37,-35.87,-0.94,252.26,-84.68,175.56
52.43272,-1.538376,179.67,8.05,3,46.16,20 / 21,1320310,2019-09-06 19:42:06:053,-1.011,0.46,9.7902,0.0046,0.0054,9.8066,0.0615,0.1835,-0.0021,-18.12,-35.25,-1.44,251.42,-84.65,174.45
52.433064,-1.537571,180.23,3.16,3,45.77,19 / 21,1320409,2019-09-06 19:42:06:152,-1.4169,0.0198,10.0056,-0.0111,0.0062,9.8066,-0.0176,0.181,0.0228,-17.75,-35.5,-1.19,251.59,-84.6,174.72
52.433064,-1.537571,180.23,3.16,3,45.77,19 / 21,1320510,2019-09-06 19:42:06:253,-1.3362,-0.1064,10.1661,0.0102,0.0144,9.8066,0.0193,0.195,-0.0371,-17.25,-35.56,-1.19,249.2,-84.65,173.14
52.433064,-1.537571,180.23,3.16,3,45.77,19 / 21,1320609,2019-09-06 19:42:06:352,-1.4232,0.2241,10.2198,0.004,0.0167,9.8066,-0.0429,0.1765,-0.0252,-17.25,-35.56,-1.5,247.85,-84.59,171.8
52.433064,-1.537571,180.23,3.16,3,45.77,19 / 21,1320709,2019-09-06 19:42:06:452,-1.1881,0.889,9.4279,0.0061,0.0181,9.8065,-0.0182,0.2403,-0.0507,-17.94,-35.69,-2.25,243.11,-84.47,169.22
52.433064,-1.537571,180.23,3.16,3,45.77,19 / 21,1320809,2019-09-06 19:42:06:552,-1.1337,0.2348,9.8285,-0.0158,0.0044,9.8066,0.0102,0.1581,-0.0146,-17.31,-36.06,-1.5,243.82,-84.61,167.38
52.433064,-1.537571,180.23,3.16,3,45.77,19 / 21,1320910,2019-09-06 19:42:06:653,-0.9201,-0.2737,10.245,-0.0158,0.0075,9.8066,0.0267,0.1949,-0.0928,-17.5,-36.25,-2.44,239.35,-84.63,165.74
52.433064,-1.537571,180.23,3.16,3,45.77,19 / 21,1321010,2019-09-06 19:42:06:753,-1.8958,-0.4096,9.8812,0.0131,0.0024,9.8066,0.0267,0.186,0.0072,-16.94,-36.25,-3.19,236.42,-84.57,165.81
52.433064,-1.537571,180.23,3.16,3,45.77,19 / 21,1321109,2019-09-06 19:42:06:852,-1.1158,-0.5703,10.0358,-0.0022,0.0026,9.8066,-0.0251,0.1618,-0.0058,-17,-35.81,-3.37,235.99,-84.64,165.21
52.433064,-1.537571,180.23,3.16,3,45.77,19 / 21,1321211,2019-09-06 19:42:06:954,-0.8248,-0.5721,9.7015,-0.0145,-0.0031,9.8066,-0.0123,0.1343,-0.0003,-16.25,-35.81,-3.62,231.64,-84.72,164.65
52.433064,-1.537571,180.23,3.16,3,45.77,19 / 21,1321310,2019-09-06 19:42:07:053,-0.7074,-1.0399,10.2676,-0.0189,-0.0007,9.8066,0.0165,0.1339,-0.0361,-15.62,-36.06,-3.75,230.56,-84.86,163.2
52.433064,-1.537571,180.23,3.16,3,45.77,20 / 21,1321410,2019-09-06 19:42:07:153,-0.4809,-0.1261,9.972,0.0027,0.0144,9.8066,0.0158,0.1526,-0.0477,-15.81,-35.94,-3.75,228.37,-84.74,160.9
52.433064,-1.537571,180.23,3.16,3,45.77,20 / 21,1321510,2019-09-06 19:42:07:253,-0.0366,0.3841,9.594,-0.0085,0.013,9.8066,0.0212,0.1602,-0.0392,-14.69,-35.75,-3.87,225.25,-84.72,158.8
52.433064,-1.537571,180.23,3.16,3,45.77,20 / 21,1321609,2019-09-06 19:42:07:352,0.5091,0.244,9.729,-0.002,0.0152,9.8066,-0.0593,0.1254,-0.0393,-14.81,-36.06,-4.87,220.57,-84.63,156.86
52.433064,-1.537571,180.23,3.16,3,45.77,20 / 21,1321709,2019-09-06 19:42:07:452,-0.1615,0.3818,9.6667,0.0037,0.0086,9.8066,-0.0412,0.1495,-0.0206,-15.12,-36.69,-4.37,222.16,-84.66,155.55
52.433064,-1.537571,180.23,3.16,3,45.77,20 / 21,1321810,2019-09-06 19:42:07:553,0.352,-0.2199,9.789,-0.0192,-0.0025,9.8065,0.0134,0.1772,-0.0322,-14.87,-36.31,-4.56,219.43,-84.74,155.37
52.433064,-1.537571,180.23,3.16,3,45.77,20 / 21,1321909,2019-09-06 19:42:07:652,0.4367,-0.4101,9.8087,-0.0082,-0.0004,9.8065,0.0364,0.15,0.0217,-14.75,-36.31,-5.44,217.95,-84.85,153.51
52.433064,-1.537571,180.23,3.16,3,45.77,20 / 21,1322010,2019-09-06 19:42:07:753,0.5823,0.1594,9.857,-0.0226,0.0029,9.8065,-0.0391,0.1743,-0.0596,-14.69,-36.5,-5.62,213.01,-84.96,150.84
52.433064,-1.537571,180.23,3.16,3,45.77,20 / 21,1322109,2019-09-06 19:42:07:852,0.9403,-0.127,9.914,-0.0204,-0.0051,9.8066,0.0309,0.1279,0.0017,-14.31,-36.81,-5.19,213.23,-85,149.62
52.433064,-1.537571,180.23,3.16,3,45.77,20 / 21,1322210,2019-09-06 19:42:07:953,0.0345,0.3396,10.3285,-0.0041,0.0089,9.8066,-0.0077,0.1558,-0.0658,-14,-36.5,-6,208.58,-84.96,147.38
52.433064,-1.537571,180.23,3.16,3,45.77,20 / 21,1322309,2019-09-06 19:42:08:052,0.0941,-0.0427,9.6975,-0.0003,0.0117,9.8066,-0.0225,0.1294,-0.0443,-13.25,-36.62,-6.12,206.03,-84.93,146.47
52.433064,-1.537571,180.23,3.16,3,45.77,20 / 21,1322410,2019-09-06 19:42:08:153,0.7634,0.6514,9.8729,0.0004,0.0083,9.8066,0.0068,0.1752,-0.0111,-13.19,-36.94,-5.81,204.67,-84.92,144.84
52.433064,-1.537571,180.23,3.16,3,45.77,20 / 21,1322509,2019-09-06 19:42:08:252,0.489,0.6659,9.701,-0.0007,0.0121,9.8066,-0.0054,0.1912,-0.005,-12.19,-36.94,-6.31,202.23,-84.78,144.17
52.433064,-1.537571,180.23,3.16,3,45.77,20 / 21,1322610,2019-09-06 19:42:08:353,0.4019,1.2424,9.342,0.0038,0.0112,9.8065,0.0357,0.1925,0.0224,-12.25,-36.75,-6.31,201.54,-84.57,143.52
52.433064,-1.537571,180.23,3.16,3,45.77,20 / 21,1322710,2019-09-06 19:42:08:453,0.3703,1.8399,9.8314,0.0107,0.008,9.8065,0.0404,0.2548,-0.0342,-11.37,-36.87,-6.37,199.93,-84.46,144.03
52.433064,-1.537571,180.23,3.16,3,45.77,20 / 21,1322810,2019-09-06 19:42:08:553,1.2919,0.7275,9.9212,0.0002,-0.0146,9.8066,-0.0384,0.2043,0.0021,-11.25,-37.44,-6.25,201.42,-84.56,145.82
52.433064,-1.537571,180.23,3.16,3,45.77,20 / 21,1322909,2019-09-06 19:42:08:652,1.7614,1.0611,9.8168,-0.0004,-0.0028,9.8066,-0.0265,0.1888,0.0023,-11.06,-37.56,-5.75,201.7,-84.51,146.38
52.433064,-1.537571,180.23,3.16,3,45.77,20 / 21,1323009,2019-09-06 19:42:08:752,0.9866,-0.0393,10.2729,-0.0031,0.0058,9.8066,0.0061,0.2816,-0.0922,-11.62,-37.81,-6.37,203.68,-84.47,146.45
52.433064,-1.537571,180.23,3.16,3,45.77,20 / 21,1323109,2019-09-06 19:42:08:852,1.3246,1.4199,10.075,-0.0111,0.0265,9.8066,-0.0108,0.2933,-0.0662,-10.37,-37.69,-6.37,197.9,-84.22,144.57
52.433064,-1.537571,180.23,3.16,3,45.77,20 / 21,1323210,2019-09-06 19:42:08:953,0.9029,1.6038,10.023,-0.017,0.0111,9.8065,0.0438,0.2876,-0.0282,-9.62,-37.5,-6.69,192.69,-83.88,141.68
52.433064,-1.537571,180.23,3.16,3,45.77,20 / 21,1323310,2019-09-06 19:42:09:053,0.1659,0.6903,9.9616,-0.0131,0.0115,9.8066,-0.0102,0.2141,-0.0451,-9,-37.75,-6.94,189.21,-83.73,140.37
52.433064,-1.537571,180.23,3.16,3,45.77,20 / 21,1323410,2019-09-06 19:42:09:153,0.1565,1.5767,9.3756,0.0037,0.0205,9.8065,-0.0008,0.2923,-0.0758,-7.69,-37.75,-6.87,185.76,-83.4,139.27
52.433064,-1.537571,180.23,3.16,3,45.77,20 / 21,1323509,2019-09-06 19:42:09:252,1.0341,1.4621,9.7704,0.022,0.0287,9.8065,0.0051,0.2786,0.0333,-7.75,-37.31,-6.5,189.39,-83.15,140.33
52.433064,-1.537571,180.23,3.16,3,45.77,20 / 21,1323610,2019-09-06 19:42:09:353,0.0967,0.9325,9.9604,0.0098,-0.0022,9.8066,-0.0415,0.2968,0.0316,-7.19,-36.81,-6.87,184.56,-83.02,141.6
52.433064,-1.537571,180.23,3.16,3,45.77,20 / 21,1323709,2019-09-06 19:42:09:452,-0.2702,0.5779,10.2751,0.0161,-0.0104,9.8066,-0.1024,0.2981,0.0085,-6.62,-36.94,-6.19,188.6,-83.2,143.22
52.433064,-1.537571,180.23,3.16,3,45.77,20 / 21,1323809,2019-09-06 19:42:09:552,0.4748,0.5629,9.9387,-0.0155,-0.0284,9.8066,-0.024,0.2551,0.0315,-6.94,-37.56,-5.75,187.82,-83.65,141.93
52.433064,-1.537571,180.23,3.16,3,45.77,20 / 21,1323909,2019-09-06 19:42:09:652,-0.4229,0.9413,9.4378,-0.0175,0.0009,9.8066,0.0367,0.3306,-0.0638,-6.69,-36.94,-7.31,184.12,-83.68,140.79
52.433064,-1.537571,180.23,3.16,3,45.77,20 / 21,1324010,2019-09-06 19:42:09:753,0.1018,1.5733,9.3088,-0.0093,0.0097,9.8066,0.0585,0.2834,-0.0309,-6,-37.37,-6.75,180.99,-83.35,140.85
52.433064,-1.537571,180.23,3.16,3,45.77,20 / 21,1324109,2019-09-06 19:42:09:852,0.6981,2.5389,9.5283,0.0029,0.0128,9.8066,0.0411,0.3487,-0.055,-5.37,-36.81,-7.37,178.33,-83.03,141.93
52.433064,-1.537571,180.23,3.16,3,45.77,20 / 21,1324210,2019-09-06 19:42:09:953,0.6242,1.132,9.6862,0.0193,0.0251,9.8065,-0.1273,0.334,-0.019,-4.75,-36.69,-6.44,181.23,-83,142.13
52.433064,-1.537571,180.23,3.16,3,45.77,20 / 21,1324309,2019-09-06 19:42:10:052,-0.2561,0.0835,9.7411,0.0199,0.0195,9.8066,-0.0506,0.2797,0.0449,-4.37,-36.75,-7.19,175.38,-82.92,143.06
52.433064,-1.537571,180.23,3.16,3,45.77,20 / 21,1324409,2019-09-06 19:42:10:152,1.2776,0.8853,10.1287,0.0022,0.0016,9.8066,0.0105,0.289,-0.0848,-4.12,-38.06,-6.87,175.89,-82.98,143.82
52.433064,-1.537571,180.23,3.16,3,45.77,20 / 21,1324510,2019-09-06 19:42:10:253,-0.5775,0.706,9.8341,-0.0021,0.0055,9.8066,0.0008,0.3554,-0.0433,-3.87,-37.25,-7.06,175.97,-82.81,143.95
52.433064,-1.537571,180.23,3.16,3,45.77,20 / 21,1324609,2019-09-06 19:42:10:352,-0.0181,0.4864,9.859,-0.0022,0.0084,9.8066,0.0151,0.3108,-0.0153,-3.81,-36.87,-6.94,176.17,-82.66,144.22
52.433064,-1.537571,180.23,3.16,3,45.77,20 / 21,1324710,2019-09-06 19:42:10:453,-0.3768,0.8399,9.8787,-0.0126,0.0068,9.8066,0.0408,0.2708,-0.086,-2.94,-37.19,-7.56,169.34,-82.58,142.93
52.433064,-1.537571,180.23,3.16,3,45.77,20 / 21,1324810,2019-09-06 19:42:10:553,-0.0666,2.0024,9.9123,0.0038,0.0091,9.8066,-0.0456,0.2616,-0.0144,-2.25,-37.44,-7.06,167.2,-82.45,142.86
52.433064,-1.537571,180.23,3.16,3,45.77,20 / 21,1324909,2019-09-06 19:42:10:652,0.4664,2.1519,10.082,0.0034,0.0084,9.8066,-0.0177,0.2844,-0.0373,-2.12,-37.62,-6.87,167.91,-82.29,143.64
52.433064,-1.537571,180.23,3.16,3,45.77,20 / 21,1325010,2019-09-06 19:42:10:753,0.6233,0.6224,10.2049,0.0147,0.0186,9.8066,-0.0024,0.284,-0.0263,-1.19,-37.25,-6.94,164.42,-82.05,145.22
52.433064,-1.537571,180.23,3.16,3,45.77,20 / 21,1325109,2019-09-06 19:42:10:852,0.3456,1.2137,9.6018,0.0068,0.0146,9.8066,0.088,0.2573,-0.0075,-1.31,-37.62,-7.19,165.09,-81.92,145.88
52.433064,-1.537571,180.23,3.16,3,45.77,20 / 21,1325209,2019-09-06 19:42:10:952,0.5462,1.2796,9.5093,0.0063,0.0141,9.8066,0.048,0.2541,-0.0333,0,-37.06,-6.19,162.56,-81.7,147.24
52.433064,-1.537571,180.23,3.16,3,45.77,20 / 21,1325312,2019-09-06 19:42:11:055,0.1022,0.1153,9.876,-0.0068,-0.0189,9.8066,0.0791,0.1939,0.0256,0.06,-37.94,-6.19,163.19,-81.69,148
52.433064,-1.537571,180.23,3.16,3,45.77,20 / 21,1325410,2019-09-06 19:42:11:153,0.8881,0.4389,10.1891,-0.001,-0.0181,9.8066,-0.0548,0.2223,-0.0136,-0.56,-37.56,-6.19,168.41,-81.62,148.52
52.433064,-1.537571,180.23,3.16,3,45.77,20 / 21,1325510,2019-09-06 19:42:11:253,0.7646,0.8437,10.1954,0.0041,0.035,9.8065,-0.0546,0.178,0.0709,-0.31,-37.5,-6.06,163.69,-81.47,148.95
52.433064,-1.537571,180.23,3.16,3,45.77,20 / 21,1325610,2019-09-06 19:42:11:353,0.8032,1.6083,9.8011,0.0169,0.031,9.8065,-0.0546,0.1898,-0.0849,0.81,-37.06,-5.69,159.5,-81.24,150.22
52.433064,-1.537571,180.23,3.16,3,45.77,20 / 21,1325709,2019-09-06 19:42:11:452,0.6789,1.1724,9.8083,-0.0082,-0.0186,9.8066,-0.048,0.113,0.0446,0.69,-36.94,-5.56,159.36,-81.34,150.18
52.433064,-1.537571,180.23,3.16,3,45.77,20 / 21,1325809,2019-09-06 19:42:11:552,0.5214,1.9554,9.9664,0.0047,0.0009,9.8065,0.0358,0.1389,-0.0527,0.81,-37.56,-5.5,160.99,-81.23,150.77
52.433064,-1.537571,180.23,3.16,3,45.77,20 / 21,1325910,2019-09-06 19:42:11:653,-0.0756,0.9716,10.2642,0.004,0.0001,9.8066,0.0513,0.0744,-0.0186,1.69,-36.87,-4.94,155.5,-81.06,151.24
52.433064,-1.537571,180.23,3.16,3,45.77,20 / 21,1326010,2019-09-06 19:42:11:753,0.8384,1.1661,9.8083,-0.0019,-0.0215,9.8066,-0.1032,0.1551,0.0068,1.75,-36.62,-5.06,155.7,-81.07,151.68
52.433064,-1.537571,180.23,3.16,3,45.77,20 / 21,1326110,2019-09-06 19:42:11:853,0.7001,0.5475,9.9101,0.0001,0.0228,9.8066,-0.0806,0.0724,0.0778,2.44,-37.06,-5.56,155.66,-80.91,151.91
52.433064,-1.537571,180.23,3.16,3,45.77,20 / 21,1326210,2019-09-06 19:42:11:953,0.1933,0.1336,9.7652,0.0119,0.0159,9.8066,-0.0076,0.1121,-0.0619,2.56,-37.37,-4.44,150.45,-80.98,152.6
52.433064,-1.537571,180.23,3.16,3,45.77,20 / 21,1326310,2019-09-06 19:42:12:053,1.3676,1.5117,9.5786,0.0008,-0.0086,9.8066,0.0045,0.0198,0.0484,2.31,-36.69,-5,156.26,-81.02,152.68
52.433064,-1.537571,180.23,3.16,3,45.77,20 / 21,1326410,2019-09-06 19:42:12:153,0.8077,0.7867,10.2106,-0.01,-0.0046,9.8066,-0.0176,0.0603,0.0009,2.25,-36.94,-4.75,156.54,-81.04,153.34
52.433064,-1.537571,180.23,3.16,3,45.77,20 / 21,1326509,2019-09-06 19:42:12:252,0.7729,-0.4925,10.0418,-0.0059,0.0134,9.8066,-0.0626,0.0105,0.0087,1.69,-36.62,-5,156.04,-81.08,152.43
52.433064,-1.537571,180.23,3.16,3,45.77,20 / 21,1326610,2019-09-06 19:42:12:353,-0.1679,0.6657,9.6733,0.0109,0.001,9.8066,0.0594,0.0668,-0.0181,3.25,-36.37,-5.19,150.19,-81.04,152.82
52.433064,-1.537571,180.23,3.16,3,45.77,20 / 21,1326710,2019-09-06 19:42:12:453,0.5809,1.2489,10.1794,0.0013,0.0059,9.8066,0.0209,0.0602,-0.0042,2.81,-36.87,-4.94,150.79,-81.02,153.04
52.433064,-1.537571,180.23,3.16,3,45.77,20 / 21,1326810,2019-09-06 19:42:12:553,0.9723,-0.042,10.0463,0.0018,0.005,9.8066,0.0025,0.0687,0.007,2.5,-36.5,-5.31,150.47,-81,153.2
52.433064,-1.537571,180.23,3.16,3,45.77,20 / 21,1326910,2019-09-06 19:42:12:653,0.9638,0.5492,9.9789,0.0011,0.0183,9.8066,-0.049,0.0499,0.0115,3.38,-36.44,-4.69,151.03,-80.93,154.07
52.433064,-1.537571,180.23,3.16,3,45.77,20 / 21,1327009,2019-09-06 19:42:12:752,0.8173,0.5898,9.6184,0.0018,0.016,9.8066,0.001,0.0187,-0.0135,3.19,-36.81,-5,151.54,-80.9,154.14
52.433064,-1.537571,180.23,3.16,3,45.77,20 / 21,1327110,2019-09-06 19:42:12:853,0.6039,1.0437,10.2421,0.0076,-0.0089,9.8066,0.001,-0.0228,-0.0168,2.56,-37,-4.75,151.68,-80.83,154.2
52.433064,-1.537571,180.23,3.16,3,45.77,20 / 21,1327210,2019-09-06 19:42:12:953,-0.2798,0.9252,9.798,-0.0018,-0.0146,9.8066,0.0706,0.0017,0.067,3,-36.62,-4.19,151.56,-80.86,154.57
52.433064,-1.537571,180.23,3.16,3,45.77,20 / 21,1327310,2019-09-06 19:42:13:053,0.4321,0.6928,9.6944,0.0042,0.0187,9.8066,-0.0016,0.054,0.0233,2.44,-37.12,-5.25,157.82,-80.74,155.15
52.433064,-1.537571,180.23,3.16,3,45.77,21 / 22,1327410,2019-09-06 19:42:13:153,0.757,2.1792,9.6086,0.0022,0.008,9.8066,-0.1056,0.0463,-0.0321,2.19,-37,-4.81,157.77,-80.77,155.14
52.433064,-1.537571,180.23,3.16,3,45.77,21 / 22,1327510,2019-09-06 19:42:13:253,0.9173,0.8317,9.6819,0.007,-0.0129,9.8065,-0.0648,-0.0207,0.0502,3,-36.94,-5.19,152.28,-80.89,155.61
52.433064,-1.537571,180.23,3.16,3,45.77,21 / 22,1327610,2019-09-06 19:42:13:353,1.0157,0.0631,9.9335,-0.0046,-0.0143,9.8066,0.0739,0.0069,0.0451,2.56,-37.19,-5.12,152.41,-80.87,155.79
52.433064,-1.537571,180.23,3.16,3,45.77,21 / 22,1327709,2019-09-06 19:42:13:452,0.5273,0.0271,9.8471,0.01,-0.009,9.8066,0.0418,-0.0037,0.0284,2.56,-36.94,-5.31,152.26,-80.86,155.48
52.433064,-1.537571,180.23,3.16,3,45.77,21 / 22,1327809,2019-09-06 19:42:13:552,1.4947,0.3009,9.753,0.0039,-0.0185,9.8066,-0.0257,-0.028,-0.037,2.63,-37.12,-4.75,152.48,-80.92,156.09
52.433064,-1.537571,180.23,3.16,3,45.77,21 / 22,1327910,2019-09-06 19:42:13:653,0.6506,1.0924,9.9923,-0.0021,0.0206,9.8066,0.0239,0.0305,-0.0317,2.06,-37.56,-4.62,158.86,-80.78,156.81
52.433064,-1.537571,180.23,3.16,3,45.77,21 / 22,1328010,2019-09-06 19:42:13:753,0.7143,0.1488,9.3046,-0.0037,0.0131,9.8066,-0.0932,-0.0046,0.018,2.88,-37.12,-4.94,152.83,-80.82,156.47
52.433064,-1.537571,180.23,3.16,3,45.77,21 / 22,1328110,2019-09-06 19:42:13:853,1.2471,0.6459,10.1711,0.0007,-0.0124,9.8066,-0.0383,0.0342,0,1.94,-37.87,-4.81,158.63,-80.91,156.68
52.433064,-1.537571,180.23,3.16,3,45.77,21 / 22,1328210,2019-09-06 19:42:13:953,1.0249,-0.5246,9.7546,0.003,0.0037,9.8066,-0.0156,0.0279,-0.0234,1.88,-36.94,-4.87,158.27,-80.91,156.59
52.433064,-1.537571,180.23,3.16,3,45.77,21 / 22,1328309,2019-09-06 19:42:14:052,0.9506,-0.0813,9.7867,-0.0029,0.0269,9.8065,-0.1024,-0.0052,0.0115,3.13,-37.69,-4.5,152.98,-80.88,156.88
52.433064,-1.537571,180.23,3.16,3,45.77,20 / 21,1328410,2019-09-06 19:42:14:153,0.8828,0.1591,9.4032,0.0021,-0.0097,9.8066,0.1238,0.0041,0.0307,1.63,-37.37,-4.62,158.47,-80.95,157.09
52.433064,-1.537571,180.23,3.16,3,45.77,20 / 21,1328509,2019-09-06 19:42:14:252,0.9414,1.0791,10.2634,0.0045,-0.003,9.8066,0.0971,0.01,0.0542,2.38,-37.37,-4.56,158.79,-80.86,157.55
52.433064,-1.537571,180.23,3.16,3,45.77,20 / 21,1328609,2019-09-06 19:42:14:352,1.1013,0.7652,9.9516,-0.0101,-0.0086,9.8066,-0.0475,0.0605,-0.065,2.25,-37,-4.87,159.16,-80.82,158.21
52.433064,-1.537571,180.23,3.16,3,45.77,20 / 21,1328710,2019-09-06 19:42:14:453,0.6895,-0.0763,9.6145,0.0111,-0.0011,9.8065,-0.013,-0.039,0.0797,2.19,-36.94,-4.94,159.02,-80.81,157.91
52.433064,-1.537571,180.23,3.16,3,45.77,20 / 21,1328810,2019-09-06 19:42:14:553,0.7433,1.4055,9.6997,-0.0006,-0.0085,9.8066,-0.0805,-0.0304,0.0104,2.5,-37.25,-4.44,153.27,-80.82,158.27
52.433064,-1.537571,180.23,3.16,3,45.77,20 / 21,1328910,2019-09-06 19:42:14:653,1.1399,-0.4788,9.7218,0.0038,0.0025,9.8066,-0.0807,0.017,0.0145,1.44,-37,-4.37,165.39,-80.83,158.45
52.433064,-1.537571,180.23,3.16,3,45.77,20 / 21,1329010,2019-09-06 19:42:14:753,1.6345,-0.6763,9.9198,0.0017,-0.0192,9.8065,0.069,-0.0123,-0.0101,2.19,-37.25,-4.87,159.27,-80.95,158.78
52.433064,-1.537571,180.23,3.16,3,45.77,20 / 21,1329109,2019-09-06 19:42:14:852,0.2617,-0.134,9.571,-0.0082,-0.0154,9.8066,-0.0154,-0.0332,-0.0429,1.44,-37.5,-5.25,164.57,-80.95,158.36
52.433064,-1.537571,180.23,3.16,3,45.77,20 / 21,1329210,2019-09-06 19:42:14:953,1.4095,-0.7721,9.7004,-0.0038,-0.0227,9.8066,0.1281,-0.0503,-0.0265,1.56,-37.12,-5.12,159.1,-80.87,158.23
52.433064,-1.537571,180.23,3.16,3,45.77,20 / 21,1329310,2019-09-06 19:42:15:053,1.8249,0.3657,10.0407,-0.0079,-0.018,9.8066,0.0896,-0.0738,0.0024,1.56,-37,-5,158.87,-80.94,157.92
52.43337,-1.537743,180.79,7.45,2,329.46,19 / 20,1329410,2019-09-06 19:42:15:153,0.7224,-0.4043,9.7592,0.0012,-0.0118,9.8066,0.0316,-0.0411,-0.0424,1.63,-37,-5.12,158.97,-80.84,157.87
52.43337,-1.537743,180.79,7.45,2,329.46,19 / 20,1329509,2019-09-06 19:42:15:252,1.178,-0.823,10.1089,0.0109,0.0121,9.8066,-0.0655,-0.0605,-0.0148,2.06,-37,-5.19,158.81,-80.95,157.81
52.43337,-1.537743,180.79,7.45,2,329.46,19 / 20,1329610,2019-09-06 19:42:15:353,1.443,-1.1872,9.6821,-0.0141,0.0051,9.8066,-0.0528,-0.0588,0.0012,1.63,-37.62,-5.06,158.8,-80.95,157.14
52.43337,-1.537743,180.79,7.45,2,329.46,19 / 20,1329709,2019-09-06 19:42:15:452,0.95,-1.3236,9.2907,-0.0065,0.0158,9.8066,0.1001,-0.0011,0.0082,2,-36.69,-5.44,158.38,-80.88,156.71
52.43337,-1.537743,180.79,7.45,2,329.46,19 / 20,1329810,2019-09-06 19:42:15:553,0.9441,-0.7271,9.4936,-0.0012,-0.025,9.8066,0.1214,-0.0805,0.041,1.88,-37.37,-5.37,158.58,-80.79,156.91
52.43337,-1.537743,180.79,7.45,2,329.46,19 / 20,1329910,2019-09-06 19:42:15:653,0.8978,-0.6168,9.8497,0.0039,-0.0051,9.8066,-0.0688,-0.0462,-0.0298,1.63,-37.31,-6.44,158.32,-80.88,156.93
52.43337,-1.537743,180.79,7.45,2,329.46,19 / 20,1330010,2019-09-06 19:42:15:753,2.1941,-1.5918,9.9109,-0.0064,0.0033,9.8066,-0.0631,-0.0961,0.0394,1.88,-37.69,-5.25,158.76,-80.84,156.75
52.43337,-1.537743,180.79,7.45,2,329.46,19 / 20,1330109,2019-09-06 19:42:15:852,0.7304,-1.3189,9.6952,-0.0076,-0.0038,9.8066,0.0941,-0.0083,0.0394,1.56,-37.25,-5.5,158.28,-80.78,156.26
52.43337,-1.537743,180.79,7.45,2,329.46,19 / 20,1330209,2019-09-06 19:42:15:952,0.6231,0.9017,9.6509,0.0019,0.0078,9.8065,0.0793,-0.0277,0.0299,2.56,-36.94,-4.94,152.96,-80.7,156.36
52.43337,-1.537743,180.79,7.45,2,329.46,19 / 20,1330309,2019-09-06 19:42:16:052,1.3736,-1.6495,9.8947,0.0072,0.0132,9.8066,-0.0073,-0.0077,0.0081,2.13,-37.5,-6.06,158.59,-80.67,157.01
52.43337,-1.537743,180.79,7.45,2,329.46,20 / 21,1330409,2019-09-06 19:42:16:152,1.093,-0.3856,9.7888,-0.0082,0.0023,9.8066,-0.0321,-0.0405,-0.0145,2.13,-37.31,-5.25,158.53,-80.72,156.62
52.43337,-1.537743,180.79,7.45,2,329.46,20 / 21,1330510,2019-09-06 19:42:16:253,1.4394,-0.8283,9.986,0.0012,-0.0021,9.8066,-0.0051,-0.0547,0.0333,1.94,-37.31,-4.94,158.44,-80.74,156.47
52.43337,-1.537743,180.79,7.45,2,329.46,20 / 21,1330609,2019-09-06 19:42:16:352,0.7403,-0.1427,10.4189,-0.0005,0.0144,9.8066,-0.0756,-0.0501,0.0175,0.88,-37.06,-5.69,163.14,-80.73,156.28
52.43337,-1.537743,180.79,7.45,2,329.46,20 / 21,1330709,2019-09-06 19:42:16:452,1.0709,-0.9927,9.5384,-0.0017,0.0261,9.8065,-0.0886,-0.0501,0.0208,1.75,-37.37,-5.31,158.39,-80.73,156.35
52.43337,-1.537743,180.79,7.45,2,329.46,20 / 21,1330810,2019-09-06 19:42:16:553,0.8682,-0.5021,9.762,-0.0014,-0.0167,9.8066,0.0459,-0.0354,0.0206,1.5,-37.37,-5.06,158.39,-80.73,156.35
52.43337,-1.537743,180.79,7.45,2,329.46,20 / 21,1330909,2019-09-06 19:42:16:652,0.5444,-0.4094,10.0728,-0.0089,-0.0063,9.8066,0.0439,-0.0012,-0.0302,0.81,-37.5,-5.56,162.99,-80.74,156
52.43337,-1.537743,180.79,7.45,2,329.46,20 / 21,1331009,2019-09-06 19:42:16:752,0.8273,-0.608,9.8836,-0.0013,0.0227,9.8066,-0.0728,-0.0055,-0.0047,1.13,-37.37,-4.94,163.7,-80.56,155.68
52.43337,-1.537743,180.79,7.45,2,329.46,20 / 21,1331110,2019-09-06 19:42:16:853,1.5077,0.0466,9.1099,-0.0052,0.0246,9.8066,-0.0702,-0.0464,0.0269,1.38,-37.5,-6,162.93,-80.48,155.41
52.43337,-1.537743,180.79,7.45,2,329.46,20 / 21,1331211,2019-09-06 19:42:16:954,1.3366,-2.4784,9.8876,-0.0122,-0.0182,9.8066,0.1104,-0.0374,-0.0882,1.94,-37.75,-5.19,158.14,-80.42,154.25
52.43337,-1.537743,180.79,7.45,2,329.46,20 / 21,1331310,2019-09-06 19:42:17:053,0.1211,-2.8793,9.1781,-0.0338,-0.025,9.8065,-0.0502,-0.0235,-0.0937,1.81,-37.81,-6,156.92,-80.31,152.23
52.43337,-1.537743,180.79,7.45,2,329.46,20 / 21,1331410,2019-09-06 19:42:17:153,0.2202,-1.2816,9.9822,-0.007,-0.022,9.8066,0.0642,-0.0552,-0.0127,2.13,-37.5,-5.56,155.74,-80.33,150.62
52.43337,-1.537743,180.79,7.45,2,329.46,20 / 21,1331509,2019-09-06 19:42:17:252,0.9679,0.0134,9.852,-0.0123,-0.0353,9.8065,-0.0631,0.0611,-0.0554,3.06,-37.44,-6.06,149.93,-80.4,149.3
52.43337,-1.537743,180.79,7.45,2,329.46,20 / 21,1331610,2019-09-06 19:42:17:353,0.762,-0.4032,9.5721,-0.0285,-0.0117,9.8065,0.0143,0.0014,-0.0771,2.81,-37.25,-6,148.95,-80.37,147.33
52.43337,-1.537743,180.79,7.45,2,329.46,20 / 21,1331709,2019-09-06 19:42:17:452,1.9553,-1.7237,10.1189,-0.0144,-0.0062,9.8066,0.0326,-0.1274,0.0847,3.19,-36.37,-5.81,147.88,-80.32,146.03
52.43337,-1.537743,180.79,7.45,2,329.46,20 / 21,1331809,2019-09-06 19:42:17:552,-0.9814,-1.4875,8.9714,-0.001,-0.0236,9.8066,0.0032,-0.1558,0.0458,3.44,-36.62,-5.87,148.02,-80.32,145.41
52.43337,-1.537743,180.79,7.45,2,329.46,20 / 21,1331909,2019-09-06 19:42:17:652,0.2331,-1.7574,10.0289,0.0031,-0.0053,9.8066,-0.0141,-0.0319,-0.0639,2.5,-37.06,-5.87,147.69,-80.32,144.76
52.43337,-1.537743,180.79,7.45,2,329.46,20 / 21,1332010,2019-09-06 19:42:17:753,0.5444,-0.8045,9.7186,-0.0014,-0.0186,9.8065,0.0282,0.059,0.0128,2.88,-36.19,-5.5,147.6,-80.33,145.02
52.43337,-1.537743,180.79,7.45,2,329.46,20 / 21,1332109,2019-09-06 19:42:17:852,0.6728,-1.3139,10.3296,0.0009,-0.0109,9.8066,0.0389,0.0482,-0.0091,3,-36.69,-5.06,148.32,-80.29,145.29
52.43337,-1.537743,180.79,7.45,2,329.46,20 / 21,1332210,2019-09-06 19:42:17:953,-0.5312,-1.5146,9.7713,-0.0044,0.0142,9.8065,-0.002,0.0379,0.0028,2.19,-36.56,-5.44,154.25,-80.1,145.41
52.43337,-1.537743,180.79,7.45,2,329.46,20 / 21,1332310,2019-09-06 19:42:18:053,0.0256,-0.846,9.6751,0.0135,0.004,9.8066,0.0535,0.0674,0.0212,3.25,-36.56,-5.06,149.12,-80.07,146.15
52.43337,-1.537743,180.79,7.45,2,329.46,20 / 21,1332409,2019-09-06 19:42:18:152,0.2469,0.0853,9.625,0.0103,0.0231,9.8066,-0.0366,0.0302,0.026,2.75,-37.31,-4.69,149.62,-80.05,147.13
52.43337,-1.537743,180.79,7.45,2,329.46,20 / 21,1332510,2019-09-06 19:42:18:253,0.2094,-1.2769,9.8094,0.0032,0.0209,9.8066,-0.0178,0.089,-0.0421,2.44,-36.94,-4.62,155.64,-79.95,148.04
52.43337,-1.537743,180.79,7.45,2,329.46,20 / 21,1332610,2019-09-06 19:42:18:353,-0.4589,-0.2316,9.8666,0.0087,0.0004,9.8066,-0.0003,0.0368,0.0354,3.38,-36.5,-5.56,149.67,-80.05,148.58
52.43337,-1.537743,180.79,7.45,2,329.46,20 / 21,1332710,2019-09-06 19:42:18:453,0.6363,-1.0662,9.9012,0.0055,-0.0037,9.8066,-0.0782,0.0166,-0.046,3.19,-37.12,-4.75,150.3,-80.1,148.79
52.43337,-1.537743,180.79,7.45,2,329.46,20 / 21,1332810,2019-09-06 19:42:18:553,0.3776,-1.5778,9.5553,0.0081,0.0069,9.8066,0.0401,0.0307,0.0448,3.44,-36.56,-5.81,150.18,-80.21,149.21
52.43337,-1.537743,180.79,7.45,2,329.46,20 / 21,1332909,2019-09-06 19:42:18:652,0.6344,-0.7614,9.9627,0.0006,0.0009,9.8066,-0.033,0.0392,-0.0255,3.75,-36.37,-5.25,144.23,-80.26,149.3
52.43337,-1.537743,180.79,7.45,2,329.46,20 / 21,1333010,2019-09-06 19:42:18:753,0.5943,-0.8605,10.0273,0.0042,-0.0123,9.8066,0.0006,0.0895,-0.0122,3.88,-36.31,-5.25,144.06,-80.3,149.14
52.43337,-1.537743,180.79,7.45,2,329.46,20 / 21,1333110,2019-09-06 19:42:18:853,1.5147,-1.7207,9.5577,0.002,-0.0067,9.8066,0.0391,0.0554,0.0487,3.69,-35.81,-5.37,143.99,-80.35,149.22
52.43337,-1.537743,180.79,7.45,2,329.46,20 / 21,1333209,2019-09-06 19:42:18:952,0.6359,-0.047,9.745,0.0029,0.0113,9.8066,-0.0419,0.0724,-0.0106,4.19,-35.62,-6,144.61,-80.31,149.42
52.43337,-1.537743,180.79,7.45,2,329.46,20 / 21,1333311,2019-09-06 19:42:19:054,0.5316,-0.9672,9.9142,0.0036,0.0058,9.8066,0.0168,0.0556,-0.0074,3.69,-35.62,-6.5,144.66,-80.35,149.64
52.43337,-1.537743,180.79,7.45,2,329.46,20 / 21,1333410,2019-09-06 19:42:19:153,0.2037,-0.3868,9.7901,-0.0003,0.0131,9.8066,-0.0517,-0.0011,0.0164,2.75,-35.25,-6.75,149.33,-80.3,149.53
52.43337,-1.537743,180.79,7.45,2,329.46,20 / 21,1333509,2019-09-06 19:42:19:252,-0.2101,-1.8567,9.6313,0.0014,-0.0229,9.8065,-0.1263,0.0468,-0.0408,3.25,-35.56,-6.56,149.7,-80.31,149.49
52.43337,-1.537743,180.79,7.45,2,329.46,20 / 21,1333609,2019-09-06 19:42:19:352,0.4685,-2.093,9.4123,0.0048,-0.019,9.8066,0.0779,0.0429,-0.0007,2.88,-35.19,-5.81,149.31,-80.34,149.6
52.43337,-1.537743,180.79,7.45,2,329.46,20 / 21,1333710,2019-09-06 19:42:19:453,0.553,-1.3801,9.7941,-0.0006,-0.0187,9.8066,0.0504,0.0717,-0.0165,1.88,-35.69,-6.56,154.16,-80.48,149.46
52.43337,-1.537743,180.79,7.45,2,329.46,20 / 21,1333809,2019-09-06 19:42:19:552,-0.407,-2.4564,9.7114,0.0058,0.0158,9.8065,-0.0296,0.0349,0.0268,1.94,-35.12,-5.5,154.82,-80.43,149.49
52.43337,-1.537743,180.79,7.45,2,329.46,20 / 21,1333910,2019-09-06 19:42:19:653,0.2559,-1.745,10.1383,0.0021,0.0018,9.8066,-0.0724,0.0633,-0.0448,2.38,-35,-5.56,154.21,-80.47,149.41
52.43337,-1.537743,180.79,7.45,2,329.46,20 / 21,1334009,2019-09-06 19:42:19:752,0.3553,-2.8552,9.723,-0.004,0.0007,9.8066,0.0324,0.0531,0.0353,1.94,-35.56,-4.31,155.8,-80.5,149.58
52.43337,-1.537743,180.79,7.45,2,329.46,20 / 21,1334109,2019-09-06 19:42:19:852,0.4057,-0.4094,9.8821,0.0032,0.0061,9.8066,0.0442,0.0629,-0.0176,2.06,-35.81,-4.56,155.16,-80.52,149.65
52.43337,-1.537743,180.79,7.45,2,329.46,20 / 21,1334210,2019-09-06 19:42:19:953,0.5607,-1.7319,9.9006,-0.0015,-0.0142,9.8066,0.026,0.035,-0.0404,1.75,-35.31,-4.37,155.3,-80.5,149.41
52.43337,-1.537743,180.79,7.45,2,329.46,20 / 21,1334310,2019-09-06 19:42:20:053,0.5319,-2.0137,10.033,-0.0016,-0.0221,9.8065,0.0132,0.0245,-0.0211,3.44,-35.56,-4,149.01,-80.62,148.88
52.43337,-1.537743,180.79,7.45,2,329.46,20 / 21,1334410,2019-09-06 19:42:20:153,0.0974,-2.094,9.6692,0.0021,0.0098,9.8065,-0.0521,0.0514,0.0159,3.44,-34.81,-3.25,148.56,-80.63,149.2
52.43337,-1.537743,180.79,7.45,2,329.46,20 / 21,1334510,2019-09-06 19:42:20:253,0.7604,-1.7852,9.969,0.0014,0.0031,9.8066,0.0028,0.0768,0.0228,3.69,-34.56,-3.25,141.25,-80.66,149.12
52.43337,-1.537743,180.79,7.45,2,329.46,20 / 21,1334610,2019-09-06 19:42:20:353,0.9542,-1.1968,10.0067,-0.0024,0.0021,9.8066,-0.0056,0.0338,-0.0268,4.5,-34.19,-3.75,135.32,-80.62,149.29
52.43337,-1.537743,180.79,7.45,2,329.46,20 / 21,1334710,2019-09-06 19:42:20:453,0.9413,-1.2436,9.8714,0.0062,0.0093,9.8066,-0.0399,0.0196,0.0109,4.94,-33.75,-4.75,136.93,-80.62,149.73
52.43337,-1.537743,180.79,7.45,2,329.46,20 / 21,1334810,2019-09-06 19:42:20:553,1.724,-1.3758,9.9832,0.0101,-0.0036,9.8066,0.0002,0.0691,-0.0034,5.44,-34.37,-4.62,137.15,-80.67,150.28
52.43337,-1.537743,180.79,7.45,2,329.46,20 / 21,1334909,2019-09-06 19:42:20:652,0.9968,-1.4614,9.9639,0.0149,-0.0018,9.8066,0.0248,0.0153,0.0511,4.63,-34.31,-5.25,137.48,-80.8,151.33
52.43337,-1.537743,180.79,7.45,2,329.46,20 / 21,1335009,2019-09-06 19:42:20:752,1.4904,-1.7913,9.8335,0.0112,0.0112,9.8066,-0.0024,-0.0155,0.032,4.19,-35.31,-5,144.03,-80.85,152.2
52.43337,-1.537743,180.79,7.45,2,329.46,20 / 21,1335110,2019-09-06 19:42:20:853,1.7742,-1.7685,9.7963,0.0083,0.005,9.8066,-0.0336,-0.029,0.0335,4,-35.12,-5.25,144.24,-80.94,152.88
52.43337,-1.537743,180.79,7.45,2,329.46,20 / 21,1335209,2019-09-06 19:42:20:952,1.4983,-1.3897,9.6708,0.0134,-0.0096,9.8066,0.0345,-0.0716,0.0479,3.06,-36.19,-4.94,150.78,-81.08,154.11
52.43337,-1.537743,180.79,7.45,2,329.46,20 / 21,1335309,2019-09-06 19:42:21:052,1.8577,-1.5538,9.8983,0.015,-0.003,9.8066,0.0166,-0.098,0.0543,2.88,-36,-4.37,150.77,-81.17,155.15
52.43337,-1.537743,180.79,7.45,2,329.46,20 / 21,1335410,2019-09-06 19:42:21:153,2.2671,-0.0804,9.7127,0.01,-0.0069,9.8066,0.0203,-0.1215,0.0811,2.75,-36.12,-4.12,150.83,-81.3,155.83
52.43337,-1.537743,180.79,7.45,2,329.46,20 / 21,1335509,2019-09-06 19:42:21:252,2.2805,-1.1836,9.5965,0.0041,-0.0182,9.8066,0.0174,-0.1435,-0.01,1.19,-36.25,-3.31,164.55,-81.47,156.4
52.43337,-1.537743,180.79,7.45,2,329.46,20 / 21,1335610,2019-09-06 19:42:21:353,1.8466,-1.2683,9.7868,-0.0074,-0.0259,9.8066,0.084,-0.2423,0.0336,1.19,-37,-3.75,163.47,-81.68,155.96
52.43337,-1.537743,180.79,7.45,2,329.46,20 / 21,1335709,2019-09-06 19:42:21:452,1.8187,-1.0213,9.7762,-0.0021,-0.0159,9.8066,0.0196,-0.2639,-0.0048,0.88,-36.94,-3.25,164.37,-81.7,155.87
52.43337,-1.537743,180.79,7.45,2,329.46,20 / 21,1335809,2019-09-06 19:42:21:552,1.3288,-0.9033,9.4444,-0.0049,-0.0022,9.8066,-0.0047,-0.2716,0.0451,0.44,-37.12,-3.94,169.36,-81.74,155.25
52.43337,-1.537743,180.79,7.45,2,329.46,20 / 21,1335909,2019-09-06 19:42:21:652,1.5098,-0.7921,9.7311,0.0029,0.0008,9.8066,0.0153,-0.3144,0.0361,0.19,-37.25,-3.94,169.27,-81.83,155.21
52.43337,-1.537743,180.79,7.45,2,329.46,20 / 21,1336010,2019-09-06 19:42:21:753,1.7807,-0.9778,9.6491,-0.0062,-0.021,9.8066,0.0012,-0.324,0.0401,-0.19,-36.75,-4,169.05,-81.95,154.92
52.43337,-1.537743,180.79,7.45,2,329.46,20 / 21,1336110,2019-09-06 19:42:21:853,1.7652,-0.8052,9.7946,-0.0034,-0.017,9.8066,0.0441,-0.3786,0.0316,-0.62,-37.44,-3.44,177.14,-82.2,154.19
52.43337,-1.537743,180.79,7.45,2,329.46,20 / 21,1336210,2019-09-06 19:42:21:953,1.6766,-1.3541,9.746,-0.0081,-0.0073,9.8066,-0.0014,-0.417,-0.0019,-1.31,-37.44,-3.56,174.22,-82.38,153.36
52.43337,-1.537743,180.79,7.45,2,329.46,20 / 21,1336310,2019-09-06 19:42:22:053,1.5362,-1.5441,9.8086,-0.0131,-0.0069,9.8065,0.0123,-0.393,-0.0086,-1.75,-37.37,-4.37,179.38,-82.49,152.14
52.43337,-1.537743,180.79,7.45,2,329.46,20 / 21,1336410,2019-09-06 19:42:22:153,1.3159,-1.1141,9.6266,-0.0169,-0.0139,9.8065,0.0007,-0.4223,0.0364,-2.37,-37.19,-3.81,178.25,-82.67,149.84
52.43337,-1.537743,180.79,7.45,2,329.46,20 / 21,1336510,2019-09-06 19:42:22:253,1.7464,-1.5388,9.8829,-0.0049,0.0002,9.8066,-0.0403,-0.4612,0.011,-3.5,-36.87,-4.31,182.95,-82.85,148.78
52.43337,-1.537743,180.79,7.45,2,329.46,20 / 21,1336609,2019-09-06 19:42:22:352,1.0611,-1.6405,9.6993,-0.0097,-0.0039,9.8066,-0.0536,-0.4542,0.0423,-3.5,-36.37,-4.69,179.03,-83.02,147.35
52.43337,-1.537743,180.79,7.45,2,329.46,20 / 21,1336709,2019-09-06 19:42:22:452,1.1626,-1.279,10.007,-0.0171,-0.0205,9.8066,-0.0003,-0.4897,0.0629,-3.69,-37.19,-5.5,182.71,-83.25,145.87
52.43337,-1.537743,180.79,7.45,2,329.46,20 / 21,1336810,2019-09-06 19:42:22:553,1.2202,-1.0105,9.8019,-0.0088,-0.0227,9.8065,0.0184,-0.47,0.0154,-4.37,-37.5,-6.5,178.63,-83.58,144.16
52.43337,-1.537743,180.79,7.45,2,329.46,20 / 21,1336909,2019-09-06 19:42:22:652,1.1358,-1.1252,9.9486,-0.0098,-0.011,9.8066,-0.0109,-0.4759,-0.0029,-4.44,-37.69,-6.87,174.99,-83.78,142.72
52.43337,-1.537743,180.79,7.45,2,329.46,20 / 21,1337009,2019-09-06 19:42:22:752,0.8472,-0.8872,9.8977,-0.0254,-0.0111,9.8066,-0.0031,-0.4416,0.0077,-5.12,-37.25,-7.94,173.66,-83.95,139.08
52.43337,-1.537743,180.79,7.45,2,329.46,20 / 21,1337109,2019-09-06 19:42:22:852,0.3965,-0.6868,9.8719,-0.0277,-0.0096,9.8066,-0.0176,-0.4373,-0.0268,-5.56,-37.12,-7.87,175,-84.03,136.23
52.43337,-1.537743,180.79,7.45,2,329.46,20 / 21,1337210,2019-09-06 19:42:22:953,0.9648,-0.23,9.6489,-0.0207,-0.0099,9.8065,0.0097,-0.4643,-0.008,-5.94,-37,-7.75,173.68,-84.08,134.43
52.43337,-1.537743,180.79,7.45,2,329.46,20 / 21,1337310,2019-09-06 19:42:23:053,0.5598,-0.4184,9.5889,-0.01,-0.0098,9.8066,-0.0193,-0.4315,0.0065,-6.12,-36.69,-7.94,171.39,-84.25,131.38
52.43337,-1.537743,180.79,7.45,2,329.46,20 / 21,1337410,2019-09-06 19:42:23:153,1.1178,-0.2864,9.4724,0.0014,-0.0167,9.8066,-0.0394,-0.41,0.0656,-6.75,-36.69,-7.19,176.23,-84.57,129.91
52.43337,-1.537743,180.79,7.45,2,329.46,20 / 21,1337509,2019-09-06 19:42:23:252,0.3741,-0.8673,9.4074,0.0069,-0.0169,9.8066,0.0321,-0.4067,0.024,-7.81,-36.44,-7.31,178.8,-84.83,129.63
52.43337,-1.537743,180.79,7.45,2,329.46,20 / 21,1337610,2019-09-06 19:42:23:353,0.6119,-0.5242,9.655,-0.0282,-0.0212,9.8065,0.0828,-0.4053,-0.0211,-8.69,-37.69,-7.25,180.62,-85.02,128.67
52.43337,-1.537743,180.79,7.45,2,329.46,20 / 21,1337709,2019-09-06 19:42:23:452,0.3684,-0.586,10.1411,0.0026,-0.0204,9.8065,-0.0472,-0.3051,0.0618,-8.75,-37,-7.5,178.13,-85.23,125.51
52.43337,-1.537743,180.79,7.45,2,329.46,20 / 21,1337809,2019-09-06 19:42:23:552,-0.6626,-0.1241,10.1476,0.0132,-0.0375,9.8065,0.0334,-0.3608,0.1842,-9.81,-37.31,-7.62,178.81,-85.68,127.22
52.43337,-1.537743,180.79,7.45,2,329.46,20 / 21,1337910,2019-09-06 19:42:23:653,0.6031,-0.2743,10.2553,0.0518,-0.0258,9.8064,0.0186,-0.3743,0.1532,-10.56,-37.06,-6.75,188.78,-86.13,132.91
52.43337,-1.537743,180.79,7.45,2,329.46,20 / 21,1338010,2019-09-06 19:42:23:753,0.5344,-0.6876,9.9161,0.0481,-0.036,9.8064,0.0361,-0.3323,0.1538,-11.19,-36.81,-6.87,201.21,-86.57,147.16
52.43337,-1.537743,180.79,7.45,2,329.46,20 / 21,1338109,2019-09-06 19:42:23:852,0.0963,-1.471,10.1596,0.0502,-0.0375,9.8064,0.052,-0.3312,0.1247,-12.56,-36.56,-5.44,221.68,-86.77,158.39
52.43337,-1.537743,180.79,7.45,2,329.46,20 / 21,1338210,2019-09-06 19:42:23:953,-0.1887,-1.2195,9.9535,0.002,-0.0298,9.8066,0.0847,-0.2863,0.0853,-13.62,-36.37,-4.75,232.89,-86.79,168.71
52.43337,-1.537743,180.79,7.45,2,329.46,20 / 21,1338310,2019-09-06 19:42:24:053,0.3822,-1.6124,9.9246,0.0182,-0.0137,9.8066,0.0633,-0.2852,0.0002,-14.25,-36.56,-4.62,239.4,-86.66,176.18
52.43372,-1.538042,181.1,1.49,2,27.11,20 / 21,1338410,2019-09-06 19:42:24:153,0.2546,-0.9481,9.7653,0.0199,0.0096,9.8066,0.0198,-0.2909,0.0016,-14.5,-36.87,-4,243.81,-86.41,177.94
52.43372,-1.538042,181.1,1.49,2,27.11,20 / 21,1338509,2019-09-06 19:42:24:252,-0.9186,-0.9741,10.7277,0.0133,0.0134,9.8066,0.0808,-0.284,0.0137,-14.37,-37.87,-3.62,240.64,-85.88,175.96
52.43372,-1.538042,181.1,1.49,2,27.11,20 / 21,1338609,2019-09-06 19:42:24:352,-0.7802,-0.346,10.0372,0.0081,0.0195,9.8066,0.0317,-0.2953,-0.0268,-14.56,-37.69,-3.69,240.08,-85.55,174.44
52.43372,-1.538042,181.1,1.49,2,27.11,20 / 21,1338710,2019-09-06 19:42:24:453,-0.7196,-0.368,9.8541,0.0394,0.0206,9.8065,0.0806,-0.2398,-0.014,-14.69,-38.25,-2.62,241.6,-85.21,173.37
52.43372,-1.538042,181.1,1.49,2,27.11,20 / 21,1338810,2019-09-06 19:42:24:553,-0.36,-0.3173,9.4162,0.0319,0.0128,9.8066,0.0735,-0.2329,0.0328,-14.56,-37.94,-2.5,243.88,-84.65,173.55
52.43372,-1.538042,181.1,1.49,2,27.11,20 / 21,1338910,2019-09-06 19:42:24:653,-0.7651,-0.484,9.7858,0.0148,0.015,9.8065,0.0613,-0.1908,-0.002,-14.31,-37.94,-1.56,241.22,-84.31,172.79
52.43372,-1.538042,181.1,1.49,2,27.11,20 / 21,1339010,2019-09-06 19:42:24:753,-0.7824,-0.2017,9.8917,0.0192,0.0152,9.8066,0.0319,-0.1821,-0.0112,-14.69,-37.62,-1.25,244.72,-84.04,172.19
52.43372,-1.538042,181.1,1.49,2,27.11,20 / 21,1339109,2019-09-06 19:42:24:852,-1.2014,0.3814,9.858,0.008,0.0074,9.8066,0.0373,-0.1882,0.0111,-14.56,-36.94,-0.5,247.15,-83.74,171.44
52.43372,-1.538042,181.1,1.49,2,27.11,20 / 21,1339209,2019-09-06 19:42:24:952,-1.073,0.4372,9.8832,0.0063,0.0057,9.8066,0.0299,-0.1345,0.0057,-14.69,-37.19,0,246.57,-83.61,171.11
52.43372,-1.538042,181.1,1.49,2,27.11,20 / 21,1339309,2019-09-06 19:42:25:052,-1.2475,0.3606,9.7527,0.0009,-0.0032,9.8066,0.0207,-0.1106,0.0159,-14.62,-37.06,0.44,246.81,-83.55,171.52
52.43372,-1.538042,181.1,1.49,2,27.11,20 / 21,1339410,2019-09-06 19:42:25:153,-1.2321,-0.0064,9.8213,0.0004,-0.0121,9.8066,-0.0024,-0.0711,0.0565,-15.19,-37.25,0.81,251.3,-83.55,172.63
52.43372,-1.538042,181.1,1.49,2,27.11,20 / 21,1339509,2019-09-06 19:42:25:252,-1.3763,-0.0358,9.8992,0.0083,-0.0083,9.8066,0.0217,-0.0648,0.0173,-15.25,-37,0.44,249.65,-83.51,174.76
52.43372,-1.538042,181.1,1.49,2,27.11,20 / 21,1339610,2019-09-06 19:42:25:353,-1.3021,0.0486,9.9145,0.0083,-0.0027,9.8066,-0.02,-0.0253,-0.0216,-15.81,-37.56,0.63,254.04,-83.51,175.39
52.43372,-1.538042,181.1,1.49,2,27.11,20 / 21,1339710,2019-09-06 19:42:25:453,-0.2677,0.139,10.0945,-0.0063,-0.0097,9.8066,0.0243,-0.036,0.0443,-16.06,-36.44,1.81,259.2,-83.55,176.35
52.43372,-1.538042,181.1,1.49,2,27.11,20 / 21,1339809,2019-09-06 19:42:25:552,0.1198,0.5303,10.053,-0.0077,-0.0049,9.8065,0.0245,0.0029,-0.0202,-16.81,-37.37,1.56,259.69,-83.54,176.86
52.43372,-1.538042,181.1,1.49,2,27.11,20 / 21,1339909,2019-09-06 19:42:25:652,0.2698,0.1783,9.8861,0.0163,-0.0067,9.8066,0.0093,-0.0136,0.0208,-17.19,-37,2.13,260.19,-83.47,177.53
52.43372,-1.538042,181.1,1.49,2,27.11,20 / 21,1340010,2019-09-06 19:42:25:753,0.5497,0.2387,9.7074,0.0074,0.0052,9.8066,-0.0047,0.0232,-0.0273,-17.37,-36.87,3.81,266.8,-83.32,177.87
52.43372,-1.538042,181.1,1.49,2,27.11,20 / 21,1340110,2019-09-06 19:42:25:853,-0.0353,0.2604,9.9064,0.0016,-0.0056,9.8066,0.0403,-0.0018,0.0136,-17.25,-37.12,4.25,266.9,-83.29,178.04
52.43372,-1.538042,181.1,1.49,2,27.11,20 / 21,1340212,2019-09-06 19:42:25:955,0.618,0.018,9.7097,-0.0079,-0.0027,9.8066,-0.0132,0.0187,-0.0035,-16.81,-36.62,3.63,267.23,-83.32,178.32
52.43372,-1.538042,181.1,1.49,2,27.11,20 / 21,1340309,2019-09-06 19:42:26:052,0.4604,0.0133,9.8267,0.0008,-0.0007,9.8066,-0.0208,0.0316,0.0017,-17.44,-37,3.25,264.31,-83.32,178.74
52.43372,-1.538042,181.1,1.49,2,27.11,20 / 21,1340409,2019-09-06 19:42:26:152,0.3355,0.1865,9.7993,0.006,-0.0011,9.8066,0.0251,-0.0184,-0.0048,-17.19,-36.75,3.38,264.41,-83.3,178.88
52.43372,-1.538042,181.1,1.49,2,27.11,20 / 21,1340509,2019-09-06 19:42:26:252,0.2572,0.3915,9.955,0.0038,-0.0044,9.8066,0.0319,0.0056,0.0079,-17.06,-36.94,2.75,264.18,-83.35,178.53
52.43372,-1.538042,181.1,1.49,2,27.11,20 / 21,1340610,2019-09-06 19:42:26:353,-0.0293,0.0615,9.7807,0.0016,-0.0023,9.8066,-0.0011,0.0201,-0.0049,-17.19,-36.81,3,264.72,-83.31,179.17
52.43372,-1.538042,181.1,1.49,2,27.11,20 / 21,1340709,2019-09-06 19:42:26:452,0.5166,0.1866,9.8202,-0.0006,-0.0011,9.8066,-0.0193,0.0021,-0.0101,-17,-36.75,3.19,264.93,-83.36,179.28
52.43372,-1.538042,181.1,1.49,2,27.11,20 / 21,1340809,2019-09-06 19:42:26:552,-0.057,-0.1521,9.8407,0.0002,-0.002,9.8066,-0.0156,0.0283,-0.0043,-17,-36.5,3,265.56,-83.38,179.49
52.43372,-1.538042,181.1,1.49,2,27.11,20 / 21,1340910,2019-09-06 19:42:26:653,-0.004,0.3053,9.8446,-0.0037,0.0002,9.8066,0.0191,0.0193,-0.0128,-16.62,-36.56,2.63,265.39,-83.42,179.63
52.43372,-1.538042,181.1,1.49,2,27.11,20 / 21,1341010,2019-09-06 19:42:26:753,0.1201,0.0976,9.7755,-0.0045,-0.0017,9.8066,0.0042,0.0001,-0.0128,-16.37,-36.44,2.75,265.65,-83.44,179.69
52.43372,-1.538042,181.1,1.49,2,27.11,20 / 21,1341109,2019-09-06 19:42:26:852,0.4771,0.2756,9.8337,0.0009,-0.0009,9.8066,-0.0018,0.0154,0.0027,-16.19,-37.06,2.56,265.55,-83.45,179.97
52.43372,-1.538042,181.1,1.49,2,27.11,20 / 21,1341209,2019-09-06 19:42:26:952,-0.2281,0.033,9.8443,-0.0016,-0.0021,9.8066,-0.0116,0.004,-0.0112,-16.25,-36.56,2,262.31,-83.49,-179.82
52.43372,-1.538042,181.1,1.49,2,27.11,20 / 21,1341309,2019-09-06 19:42:27:052,-0.2721,0.1056,9.8054,-0.0023,-0.0068,9.8066,-0.0047,0.0078,0.0182,-16.25,-36.81,1.56,263.19,-83.55,-179.05
52.43372,-1.538042,181.1,1.49,2,27.11,21 / 21,1341410,2019-09-06 19:42:27:153,-0.2717,-0.0786,9.6957,-0.0064,-0.0038,9.8066,-0.01,-0.0016,0.0075,-15.81,-36.75,2.25,263.68,-83.6,-178.65
52.43372,-1.538042,181.1,1.49,2,27.11,21 / 21,1341510,2019-09-06 19:42:27:253,-0.3023,-0.0821,9.8961,-0.0028,-0.0001,9.8066,-0.027,-0.01,-0.0078,-15.81,-36.75,2.19,263.95,-83.67,-178.56
52.43372,-1.538042,181.1,1.49,2,27.11,21 / 21,1341609,2019-09-06 19:42:27:352,-0.6072,0.0971,9.8144,-0.0139,-0.0058,9.8065,-0.0337,-0.0155,0.0028,-16.5,-36.81,1.63,264.49,-83.74,-178.17
52.43372,-1.538042,181.1,1.49,2,27.11,21 / 21,1341710,2019-09-06 19:42:27:453,-0.4363,-0.0894,9.888,-0.0122,-0.0091,9.8066,-0.0269,-0.0239,0.018,-15.87,-36.5,1.19,262.78,-83.9,-177.07
52.43372,-1.538042,181.1,1.49,2,27.11,21 / 21,1341809,2019-09-06 19:42:27:552,-0.5443,-0.1793,9.7803,-0.0139,-0.0162,9.8066,-0.0286,-0.0356,0.0357,-16.31,-36.75,1.13,263.88,-84.02,-175.83
52.43372,-1.538042,181.1,1.49,2,27.11,21 / 21,1341910,2019-09-06 19:42:27:653,-0.2661,-0.4421,9.8327,-0.0088,-0.013,9.8065,-0.0367,-0.0401,0.0112,-16.31,-36.87,0.56,265.42,-84.11,-174.46
52.43372,-1.538042,181.1,1.49,2,27.11,21 / 21,1342010,2019-09-06 19:42:27:753,-0.296,-0.0698,9.8255,-0.006,-0.0065,9.8066,-0.0199,-0.0585,0.0279,-15.87,-36.81,-0.12,264.01,-84.28,-172.7
52.43372,-1.538042,181.1,1.49,2,27.11,21 / 21,1342110,2019-09-06 19:42:27:853,-0.1539,0.1744,9.8134,-0.0003,-0.0067,9.8066,-0.0171,-0.0566,-0.0092,-16.25,-37.25,-0.5,265.43,-84.4,-171.53
52.43372,-1.538042,181.1,1.49,2,27.11,21 / 21,1342209,2019-09-06 19:42:27:952,-0.1287,0.0389,9.756,-0.0079,-0.0007,9.8066,-0.0216,-0.0757,0.0089,-15.94,-36.94,-0.87,262.31,-84.52,-171.47
52.43372,-1.538042,181.1,1.49,2,27.11,21 / 21,1342310,2019-09-06 19:42:28:053,-0.0667,0.0443,9.7969,-0.013,-0.0032,9.8066,-0.0556,-0.0785,-0.0018,-16.56,-37.44,-0.44,267.32,-84.68,-171.02
52.43372,-1.538042,181.1,1.49,2,27.11,20 / 21,1342410,2019-09-06 19:42:28:153,-0.0182,0.3281,9.8615,-0.0141,-0.0008,9.8065,-0.0292,-0.0804,0.0036,-16.31,-37.19,-0.62,263.55,-84.83,-170.93
52.43372,-1.538042,181.1,1.49,2,27.11,20 / 21,1342509,2019-09-06 19:42:28:252,0.0156,0.3904,9.8639,-0.0103,-0.0029,9.8065,-0.0355,-0.1026,0.0114,-16.5,-37.06,-0.94,264.1,-84.97,-170.68
52.43372,-1.538042,181.1,1.49,2,27.11,20 / 21,1342610,2019-09-06 19:42:28:353,0.2635,0.1743,9.8145,-0.012,-0.0039,9.8066,-0.0283,-0.0748,-0.0043,-17.06,-37.06,-0.87,266.06,-85.19,-170.07
52.43372,-1.538042,181.1,1.49,2,27.11,20 / 21,1342710,2019-09-06 19:42:28:453,0.0062,0.261,9.7177,-0.0092,-0.0071,9.8065,-0.0499,-0.0816,0.0396,-16.62,-37,-1.37,267.8,-85.37,-168.72
52.43372,-1.538042,181.1,1.49,2,27.11,20 / 21,1342810,2019-09-06 19:42:28:553,0.0048,0.3618,9.7503,-0.0178,-0.007,9.8065,-0.0537,-0.0867,0.0186,-17.12,-37.19,-0.87,269.24,-85.54,-167.64
52.43372,-1.538042,181.1,1.49,2,27.11,20 / 21,1342909,2019-09-06 19:42:28:652,0.1553,0.1357,9.869,-0.0125,-0.0082,9.8066,-0.0389,-0.1037,0.0265,-17.44,-37.12,-1.37,271.72,-85.81,-165.75
52.43372,-1.538042,181.1,1.49,2,27.11,20 / 21,1343009,2019-09-06 19:42:28:752,0.1716,0.4189,9.8633,-0.0087,-0.0079,9.8066,-0.034,-0.1334,0.026,-17.56,-37.5,-1.06,274.03,-85.95,-164.44
52.43372,-1.538042,181.1,1.49,2,27.11,20 / 21,1343109,2019-09-06 19:42:28:852,0.1909,-0.0274,9.9874,-0.0191,-0.0076,9.8066,-0.0232,-0.1458,0.0028,-18.56,-36.69,0.13,279.68,-86.09,-162.77
52.43372,-1.538042,181.1,1.49,2,27.11,20 / 21,1343210,2019-09-06 19:42:28:953,0.1845,0.3536,9.9227,-0.0241,-0.0079,9.8066,-0.0373,-0.1408,-0.0005,-18.75,-36.75,1.38,286.11,-86.34,-160.01
52.43372,-1.538042,181.1,1.49,2,27.11,20 / 21,1343309,2019-09-06 19:42:29:052,0.4779,-0.2885,9.9148,-0.0017,-0.0135,9.8066,-0.0132,-0.1888,0.0772,-18.5,-36.06,0.5,290.02,-86.41,-156.36
52.43372,-1.538042,181.1,1.49,2,27.11,21 / 22,1343410,2019-09-06 19:42:29:153,0.3224,-0.1875,9.9264,-0.0074,-0.0044,9.8066,-0.057,-0.2043,0.0392,-18.06,-35.94,0.63,292.36,-86.53,-154.34
52.43372,-1.538042,181.1,1.49,2,27.11,21 / 22,1343510,2019-09-06 19:42:29:253,0.0031,-0.158,9.8668,-0.0157,0.003,9.8066,-0.0309,-0.2254,-0.0258,-18.44,-36.12,0,291.07,-86.67,-152.66
52.43372,-1.538042,181.1,1.49,2,27.11,21 / 22,1343610,2019-09-06 19:42:29:353,0.2004,0.4821,9.837,-0.0163,0.0056,9.8066,-0.0108,-0.2027,-0.0341,-18.44,-35.87,0.5,295.29,-86.92,-152.28
52.43372,-1.538042,181.1,1.49,2,27.11,21 / 22,1343709,2019-09-06 19:42:29:452,0.5763,0.2878,9.8706,-0.0054,0.0033,9.8066,-0.0785,-0.2379,0.0212,-18.87,-35.87,0.88,295.59,-87.11,-152.46
52.43372,-1.538042,181.1,1.49,2,27.11,21 / 22,1343810,2019-09-06 19:42:29:553,-0.0627,0.5157,9.8587,0.0025,0.003,9.8066,-0.1215,-0.2403,0.0042,-19.37,-35.94,0.88,295.75,-87.22,-152.49
52.43372,-1.538042,181.1,1.49,2,27.11,21 / 22,1343909,2019-09-06 19:42:29:652,-0.3385,0.6971,10.1712,-0.0096,-0.0084,9.8066,0.1098,-0.3085,0.0664,-19.75,-35.87,1.81,300.93,-87.26,-150.53
52.43372,-1.538042,181.1,1.49,2,27.11,21 / 22,1344010,2019-09-06 19:42:29:753,0.0599,0.6337,10.0823,-0.0078,0.0126,9.8066,0.0604,-0.2484,-0.0439,-19.69,-35.44,1.44,296.45,-87.24,-152.07
52.43372,-1.538042,181.1,1.49,2,27.11,21 / 22,1344109,2019-09-06 19:42:29:852,0.57,0.7716,9.8675,0.0075,0.0102,9.8066,0.0044,-0.2413,-0.0441,-19.62,-36,1.31,292.8,-87.24,-155.46
52.43372,-1.538042,181.1,1.49,2,27.11,21 / 22,1344210,2019-09-06 19:42:29:953,0.2909,0.8716,9.7129,-0.003,0.0143,9.8066,0.0165,-0.2249,-0.0173,-20.19,-36.19,3.31,294,-87.31,-160.12
52.43372,-1.538042,181.1,1.49,2,27.11,21 / 22,1344310,2019-09-06 19:42:30:053,1.0012,0.6072,9.9575,0.0149,0.0107,9.8066,0.0598,-0.2421,0.0263,-20,-35.87,3.38,288.97,-87.32,-165.02
52.43372,-1.538042,181.1,1.49,2,27.11,20 / 21,1344410,2019-09-06 19:42:30:153,-0.0763,1.205,9.855,0.0019,-0.0066,9.8066,-0.0563,-0.226,0.0188,-20.12,-36.56,3,287.07,-87.35,-166.79
52.43372,-1.538042,181.1,1.49,2,27.11,20 / 21,1344509,2019-09-06 19:42:30:252,0.107,1.0664,9.341,0.0006,-0.0054,9.8066,0.072,-0.2041,0.053,-20.25,-36.44,3.81,291.05,-87.25,-165.7
52.43372,-1.538042,181.1,1.49,2,27.11,20 / 21,1344610,2019-09-06 19:42:30:353,0.6889,0.5636,9.5513,0.0021,-0.0129,9.8066,0.0462,-0.21,0.0573,-20.31,-35.81,4.31,293.14,-87.12,-163.45
52.43372,-1.538042,181.1,1.49,2,27.11,20 / 21,1344709,2019-09-06 19:42:30:452,0.141,0.3644,9.9581,0.0069,-0.0058,9.8066,0.0151,-0.2041,-0.0129,-20.06,-35.81,5.19,297.28,-87.03,-162.1
52.43372,-1.538042,181.1,1.49,2,27.11,20 / 21,1344809,2019-09-06 19:42:30:552,0.8677,0.1579,9.8735,0.0031,-0.0112,9.8066,0.0587,-0.2306,0.0378,-20.19,-35.62,6,301.06,-86.86,-160.95
52.43372,-1.538042,181.1,1.49,2,27.11,20 / 21,1344910,2019-09-06 19:42:30:653,0.5295,0.5278,9.9065,0.0142,-0.0012,9.8066,-0.001,-0.1865,0.0128,-20.69,-35.62,6.31,299.88,-86.68,-161.27
52.43372,-1.538042,181.1,1.49,2,27.11,20 / 21,1345009,2019-09-06 19:42:30:752,0.2267,0.5307,9.7069,0.0125,-0.0025,9.8065,-0.0029,-0.1911,0.0149,-21.31,-35.44,6.69,302.01,-86.61,-161.83
52.43372,-1.538042,181.1,1.49,2,27.11,20 / 21,1345110,2019-09-06 19:42:30:853,0.6621,0.4067,9.7185,-0.0012,-0.0018,9.8066,0.0334,-0.2114,0.0155,-21.12,-35.19,6.63,301.36,-86.55,-162.36
52.43372,-1.538042,181.1,1.49,2,27.11,20 / 21,1345210,2019-09-06 19:42:30:953,0.0773,0.7387,9.799,0.005,-0.0019,9.8066,0.049,-0.1999,0.0248,-21.19,-34.94,7.63,303.41,-86.43,-162.74
52.43372,-1.538042,181.1,1.49,2,27.11,20 / 21,1345309,2019-09-06 19:42:31:052,0.3395,0.4841,9.9636,0.0107,-0.0038,9.8066,0.0375,-0.1784,0.0221,-20.87,-35.25,8.06,302.61,-86.33,-163.36
52.43372,-1.538042,181.1,1.49,2,27.11,20 / 21,1345409,2019-09-06 19:42:31:152,0.7962,0.0919,9.7184,0.0077,-0.0029,9.8065,0.0103,-0.2173,0.0251,-21.56,-34.56,8.56,303.66,-86.18,-163.84
52.43372,-1.538042,181.1,1.49,2,27.11,20 / 21,1345510,2019-09-06 19:42:31:253,-0.2033,0.5397,10.0157,0.0074,-0.0035,9.8066,0.0449,-0.1842,0.0191,-21.25,-34.94,9.5,306.22,-86.03,-164.35
52.43372,-1.538042,181.1,1.49,2,27.11,20 / 21,1345609,2019-09-06 19:42:31:352,0.3405,0.5147,9.9901,0.0017,-0.0067,9.8066,0.0394,-0.2354,0.0576,-21.37,-34.25,9.75,306.79,-85.93,-163.83
52.43372,-1.538042,181.1,1.49,2,27.11,20 / 21,1345710,2019-09-06 19:42:31:453,0.1303,0.0277,9.7956,0.0077,-0.0044,9.8066,0.0101,-0.2076,0.0353,-21.75,-35.12,10.19,305.13,-85.76,-164.21
52.43372,-1.538042,181.1,1.49,2,27.11,20 / 21,1345810,2019-09-06 19:42:31:553,-0.1701,1.1012,9.7738,0.0122,-0.0031,9.8066,0.0001,-0.1803,0.0027,-22.19,-35.44,10.06,304.86,-85.65,-164.32
52.43372,-1.538042,181.1,1.49,2,27.11,20 / 21,1345910,2019-09-06 19:42:31:653,0.7592,0.1986,9.7805,0.0121,-0.0057,9.8066,0.0287,-0.2011,0.0181,-22.19,-34.81,10.75,306.62,-85.56,-164.78
52.43372,-1.538042,181.1,1.49,2,27.11,20 / 21,1346010,2019-09-06 19:42:31:753,0.1196,0.5689,9.3886,0.0137,-0.0014,9.8066,0.0042,-0.1858,-0.0064,-21.94,-34.5,10.75,305.52,-85.37,-165.73
52.43372,-1.538042,181.1,1.49,2,27.11,20 / 21,1346110,2019-09-06 19:42:31:853,0.7831,0.6404,9.5218,0.005,0,9.8066,0.0406,-0.2054,0.0141,-21.25,-35.37,10.94,305.64,-85.27,-166.22
52.43372,-1.538042,181.1,1.49,2,27.11,20 / 21,1346210,2019-09-06 19:42:31:953,0.1089,0.5479,9.5989,0.0112,0.0019,9.8066,0.069,-0.1575,0.0305,-21.06,-35.06,10.63,304.16,-85.17,-167.48
52.43372,-1.538042,181.1,1.49,2,27.11,20 / 21,1346310,2019-09-06 19:42:32:053,0.8926,0.5191,9.8117,0.0023,-0.0019,9.8066,0.0385,-0.2012,0.0555,-21.06,-35.69,11.19,303.5,-85.04,-167.75
52.43372,-1.538042,181.1,1.49,2,27.11,20 / 21,1346409,2019-09-06 19:42:32:152,0.9069,0.6047,9.9141,0.0055,0.0042,9.8066,0.006,-0.1924,-0.0273,-21.44,-35.12,11.06,302.64,-84.95,-168.6
52.43372,-1.538042,181.1,1.49,2,27.11,20 / 21,1346510,2019-09-06 19:42:32:253,0.2736,0.4107,9.8746,0.0164,-0.0104,9.8065,0.0537,-0.1729,0.0324,-20.5,-35,11.88,305.25,-84.74,-169.12
52.43372,-1.538042,181.1,1.49,2,27.11,20 / 21,1346609,2019-09-06 19:42:32:352,0.223,0.2607,9.6581,0.0148,0.0003,9.8066,0.0386,-0.1566,0.0062,-20.94,-35.25,12.13,303.39,-84.67,-169.77
52.43372,-1.538042,181.1,1.49,2,27.11,20 / 21,1346710,2019-09-06 19:42:32:453,0.5971,0.4303,9.7867,0.0037,0.0016,9.8066,0.0402,-0.1713,0.0058,-20.81,-35.25,12.75,304.25,-84.57,-171.01
52.43372,-1.538042,181.1,1.49,2,27.11,20 / 21,1346810,2019-09-06 19:42:32:553,0.2915,0.3071,9.7247,0.0137,-0.0034,9.8066,0.0312,-0.1746,0.0186,-20.87,-34.75,13.44,303.3,-84.51,-171.81
52.43372,-1.538042,181.1,1.49,2,27.11,20 / 21,1346910,2019-09-06 19:42:32:653,0.9609,0.6595,9.9269,0.0068,0.0012,9.8066,0.0557,-0.1614,0.0219,-20.56,-35.25,13.75,304.58,-84.41,-172.57
52.43372,-1.538042,181.1,1.49,2,27.11,20 / 21,1347009,2019-09-06 19:42:32:752,0.7978,0.2773,9.7427,-0.0012,0.0049,9.8066,0.0395,-0.1641,0.0001,-20.06,-34.75,13.5,304.65,-84.32,-173.48
52.43372,-1.538042,181.1,1.49,2,27.11,20 / 21,1347109,2019-09-06 19:42:32:852,0.6391,0.5384,9.7352,0.0132,-0.0041,9.8065,-0.0151,-0.1513,0.0187,-20.87,-34.94,14.13,302.29,-84.19,-174.43
52.43372,-1.538042,181.1,1.49,2,27.11,20 / 21,1347209,2019-09-06 19:42:32:952,0.6951,0.3284,9.7088,0.0147,-0.0079,9.8066,-0.0212,-0.1288,0.016,-20.56,-35.06,14.25,302.2,-84.11,-174.4
52.43372,-1.538042,181.1,1.49,2,27.11,20 / 21,1347310,2019-09-06 19:42:33:053,0.7762,0.4384,9.7762,0.0031,0.0077,9.8066,0.0272,-0.1058,0.0127,-21.06,-35.31,14.44,300.64,-84.07,-175.81
52.43372,-1.538042,181.1,1.49,2,27.11,20 / 21,1347409,2019-09-06 19:42:33:152,0.708,0.4324,9.7671,0.0071,0.0022,9.8066,0.033,-0.1087,0.0127,-20.12,-34.94,14.63,303.3,-84,-176.37
52.43372,-1.538042,181.1,1.49,2,27.11,20 / 21,1347509,2019-09-06 19:42:33:252,1.0019,0.1815,9.8497,0.0045,0.0049,9.8066,0.0046,-0.1129,-0.0076,-20.44,-35.5,14.81,301.99,-83.95,-177.51
52.43372,-1.538042,181.1,1.49,2,27.11,20 / 21,1347609,2019-09-06 19:42:33:352,0.8282,0.2463,9.8569,-0.0012,0.0033,9.8066,0.0039,-0.0817,-0.0126,-20.06,-35.44,14.69,301.61,-83.92,-177.84
52.43372,-1.538042,181.1,1.49,2,27.11,20 / 21,1347709,2019-09-06 19:42:33:452,0.7725,0.3469,9.9194,0.0119,-0.0021,9.8066,0.0094,-0.0509,0.0235,-20.56,-34.75,15.38,299.4,-83.83,-178.67
52.43372,-1.538042,181.1,1.49,2,27.11,20 / 21,1347809,2019-09-06 19:42:33:552,0.8794,0.249,9.7537,0.0104,0,9.8066,-0.0143,-0.0612,0.0031,-20.56,-34.69,16.06,300.81,-83.8,-179.25
52.43372,-1.538042,181.1,1.49,2,27.11,20 / 21,1347909,2019-09-06 19:42:33:652,0.3877,0.0819,9.7512,-0.0034,0.002,9.8066,0.0139,-0.0484,-0.0029,-19.94,-35.25,16.44,301.67,-83.79,-179.58
52.43372,-1.538042,181.1,1.49,2,27.11,20 / 21,1348010,2019-09-06 19:42:33:753,0.6364,0.0442,9.8237,-0.0041,0.0058,9.8066,0.0031,-0.0435,0.0118,-20.31,-34.37,16.44,301.66,-83.83,-179.84
52.43372,-1.538042,181.1,1.49,2,27.11,20 / 21,1348110,2019-09-06 19:42:33:853,0.2024,0.3936,9.8879,0.0036,0.0027,9.8066,0.0046,-0.0283,-0.0032,-21.06,-34.19,16.88,301.96,-83.8,179.77
52.43372,-1.538042,181.1,1.49,2,27.11,20 / 21,1348209,2019-09-06 19:42:33:952,0.8642,0.1207,9.943,0.0008,0.0059,9.8066,0.0181,-0.0208,-0.0038,-21.31,-34.5,17.06,301.38,-83.82,179.2
52.43372,-1.538042,181.1,1.49,2,27.11,20 / 21,1348310,2019-09-06 19:42:34:053,0.191,0.0486,9.9817,0.0094,-0.0064,9.8066,-0.0251,-0.0264,0.0161,-21.25,-34.44,17.44,300.89,-83.76,178.82
52.43372,-1.538042,181.1,1.49,2,27.11,20 / 21,1348409,2019-09-06 19:42:34:152,0.395,0.1544,9.8553,0.0074,-0.0004,9.8066,-0.035,-0.03,-0.0156,-22,-33.75,17.69,300.99,-83.76,178.28
52.43372,-1.538042,181.1,1.49,2,27.11,20 / 21,1348510,2019-09-06 19:42:34:253,0.3503,0.0901,9.7771,0.0039,0.0022,9.8066,0.0175,0.0136,-0.0013,-21.87,-34,18.5,302.28,-83.78,177.79
52.43372,-1.538042,181.1,1.49,2,27.11,20 / 21,1348609,2019-09-06 19:42:34:352,0.6207,-0.0001,9.8246,0.0042,0.0038,9.8066,0.0005,0.0023,0.0131,-21.06,-33.87,18.69,302.58,-83.77,176.92
52.43372,-1.538042,181.1,1.49,2,27.11,20 / 21,1348710,2019-09-06 19:42:34:453,0.3439,0.0785,9.7852,0.0025,-0.0011,9.8066,-0.027,-0.015,-0.0072,-21.69,-34.37,18.5,301.12,-83.76,176.73
52.43372,-1.538042,181.1,1.49,2,27.11,20 / 21,1348809,2019-09-06 19:42:34:552,0.3608,0.1903,9.9074,0.0008,0.0042,9.8066,0.0219,0.0006,0.0094,-21.62,-33.94,18.06,299.06,-83.78,176.45
52.43372,-1.538042,181.1,1.49,2,27.11,20 / 21,1348909,2019-09-06 19:42:34:652,0.6418,-0.0818,9.8938,0.0003,0.0029,9.8066,0.0118,-0.0022,0.0064,-21.5,-34.19,18.63,301.49,-83.79,175.89
52.43372,-1.538042,181.1,1.49,2,27.11,20 / 21,1349009,2019-09-06 19:42:34:752,0.4329,0.0215,9.9073,0.0018,0.0028,9.8066,-0.0208,-0.0062,-0.009,-21.62,-34.19,18,298.05,-83.78,175.5
52.43372,-1.538042,181.1,1.49,2,27.11,20 / 21,1349109,2019-09-06 19:42:34:852,0.1712,0.249,9.9096,0.002,0.0024,9.8066,0.0054,-0.0055,0.0198,-21.25,-34.75,17.19,296.74,-83.8,175.09
52.43372,-1.538042,181.1,1.49,2,27.11,20 / 21,1349210,2019-09-06 19:42:34:953,0.5728,-0.0026,9.8219,-0.0024,0.0028,9.8066,0.0108,-0.0012,-0.0005,-21.31,-34.06,17.31,296.43,-83.82,174.58
52.43372,-1.538042,181.1,1.49,2,27.11,20 / 21,1349310,2019-09-06 19:42:35:053,0.6612,-0.3668,9.8908,0.0028,-0.0009,9.8066,-0.0171,-0.014,0.0019,-22.06,-34.06,18.38,296.95,-83.8,174.44
52.43372,-1.538042,181.1,1.49,2,27.11,20 / 21,1349410,2019-09-06 19:42:35:153,0.9646,-0.5446,9.8688,0.0026,-0.0012,9.8066,-0.0165,-0.0044,0.0095,-21.75,-34.25,18.56,298.68,-83.8,174.4
52.43372,-1.538042,181.1,1.49,2,27.11,20 / 21,1349509,2019-09-06 19:42:35:252,0.5099,-0.1133,9.7804,0.0034,0.0005,9.8065,0.0184,-0.0204,0.0016,-22.06,-34.5,19.13,298.49,-83.78,174.24
52.43372,-1.538042,181.1,1.49,2,27.11,20 / 21,1349610,2019-09-06 19:42:35:353,0.8998,-0.6716,9.851,-0.0059,-0.0003,9.8066,0.0072,-0.0515,0.0151,-22.19,-33.81,18.31,297.2,-83.82,174.66
52.43372,-1.538042,181.1,1.49,2,27.11,20 / 21,1349709,2019-09-06 19:42:35:452,1.0938,-0.6528,9.8468,-0.0075,0.0006,9.8065,-0.0134,-0.0359,0.0132,-21.69,-33.69,18,297.49,-83.83,174.91
52.43372,-1.538042,181.1,1.49,2,27.11,20 / 21,1349810,2019-09-06 19:42:35:553,1.4021,-1.2662,9.7372,0.0052,-0.0076,9.8066,0.0026,-0.0664,0.035,-21.94,-34.37,18.31,297.66,-83.81,175.1
52.43372,-1.538042,181.1,1.49,2,27.11,20 / 21,1349910,2019-09-06 19:42:35:653,0.5325,-0.5694,9.7031,0.0068,-0.0086,9.8065,-0.0319,-0.084,0.0296,-22.19,-34.37,18.38,298.3,-83.83,175.68
52.43372,-1.538042,181.1,1.49,2,27.11,20 / 21,1350010,2019-09-06 19:42:35:753,1.4444,-1.1865,9.7391,-0.0097,0.0039,9.8066,-0.0278,-0.1007,0.0424,-21.56,-33.94,17.88,298.79,-83.86,176.1
52.43372,-1.538042,181.1,1.49,2,27.11,20 / 21,1350110,2019-09-06 19:42:35:853,1.4702,-1.6271,9.8886,-0.0039,-0.0061,9.8066,0.0017,-0.1303,0.0203,-21.87,-34,18.19,299.66,-83.96,176.82
52.43372,-1.538042,181.1,1.49,2,27.11,20 / 21,1350210,2019-09-06 19:42:35:953,0.3797,-0.9137,9.7846,-0.0014,-0.0056,9.8065,-0.0347,-0.1787,0.0434,-21.19,-33.87,17.75,301.66,-84.02,177.48
52.43372,-1.538042,181.1,1.49,2,27.11,20 / 21,1350310,2019-09-06 19:42:36:053,0.4347,-0.9543,9.8449,-0.0017,-0.0038,9.8066,-0.0193,-0.1841,0.0168,-21.06,-34.19,17.88,302.55,-84.07,178.26
52.43372,-1.538042,181.1,1.49,2,27.11,20 / 21,1350410,2019-09-06 19:42:36:153,0.6796,-1.4818,9.7373,-0.0078,-0.0029,9.8066,0.0305,-0.2147,0.0693,-20.81,-34,18.31,303.25,-84.16,178.81
52.43372,-1.538042,181.1,1.49,2,27.11,20 / 21,1350509,2019-09-06 19:42:36:252,0.8402,-1.8565,9.8059,-0.006,-0.008,9.8066,-0.0238,-0.2335,0.0096,-20.69,-33.69,18.06,304.93,-84.24,-179.71
52.43372,-1.538042,181.1,1.49,2,27.11,20 / 21,1350610,2019-09-06 19:42:36:353,0.3273,-1.1469,9.9002,-0.0126,0.0046,9.8066,0.016,-0.2715,0.0898,-19.87,-33.75,18.56,309.35,-84.41,-178.7
52.43372,-1.538042,181.1,1.49,2,27.11,20 / 21,1350710,2019-09-06 19:42:36:453,0.9675,-2.1258,9.9633,-0.0161,0.0026,9.8065,-0.0047,-0.3159,0.0356,-20.06,-33.75,18.81,310.68,-84.44,-177.5
52.43372,-1.538042,181.1,1.49,2,27.11,20 / 21,1350809,2019-09-06 19:42:36:552,0.8579,-1.0345,9.4984,-0.0049,-0.0038,9.8066,-0.06,-0.2591,0.0178,-20.12,-33.31,19.75,314.18,-84.57,-176.14
52.43372,-1.538042,181.1,1.49,2,27.11,20 / 21,1350909,2019-09-06 19:42:36:652,0.0378,-1.0083,9.482,0.0059,-0.0083,9.8066,0.1016,-0.3889,0.1251,-20.37,-33.69,19.88,314.29,-84.61,-175.93
52.43372,-1.538042,181.1,1.49,2,27.11,20 / 21,1351010,2019-09-06 19:42:36:753,0.6931,-1.3632,9.9117,-0.0398,-0.0009,9.8065,0.0491,-0.3554,0.026,-20.31,-33.62,20.25,316.23,-84.59,-174.14
52.43372,-1.538042,181.1,1.49,2,27.11,20 / 21,1351110,2019-09-06 19:42:36:853,0.4895,-1.3787,9.7818,-0.0344,0.0086,9.8066,-0.0825,-0.4435,0.1086,-20.19,-33.81,20.38,320.58,-84.78,-170.32
52.43372,-1.538042,181.1,1.49,2,27.11,20 / 21,1351209,2019-09-06 19:42:36:952,0.4567,-2.5282,10.0817,0.0045,-0.0237,9.8066,-0.0129,-0.4138,0.0884,-19.62,-33.44,21.31,325.07,-84.65,-167.72
52.43372,-1.538042,181.1,1.49,2,27.11,20 / 21,1351309,2019-09-06 19:42:37:052,-0.2321,-1.5939,9.866,-0.0151,-0.0132,9.8066,0.0142,-0.3632,0.0212,-19.19,-33.19,21.19,329.16,-84.66,-165.4
52.43372,-1.538042,181.1,1.49,2,27.11,20 / 21,1351410,2019-09-06 19:42:37:153,-1.3091,-1.6036,10.164,0.0003,-0.0016,9.8066,-0.0635,-0.5128,0.1841,-18.87,-32.87,22.44,332.79,-84.6,-163.49
52.43372,-1.538042,181.1,1.49,2,27.11,20 / 21,1351509,2019-09-06 19:42:37:252,-0.1829,-1.0602,9.987,-0.0212,-0.0207,9.8065,-0.0882,-0.4321,0.0677,-18.56,-32.94,22.94,337.49,-84.51,-160.53
52.43372,-1.538042,181.1,1.49,2,27.11,20 / 21,1351610,2019-09-06 19:42:37:353,-0.6627,-1.2065,10.0827,-0.0087,-0.0134,9.8066,-0.0657,-0.4284,0.0603,-19,-32.44,23.44,338.81,-84.53,-159.43
52.43372,-1.538042,181.1,1.49,2,27.11,20 / 21,1351710,2019-09-06 19:42:37:453,-0.2336,-0.6719,9.8807,-0.001,-0.0033,9.8066,0.0509,-0.451,0.1012,-18.12,-32.5,23.94,343.68,-84.45,-157.71
52.43372,-1.538042,181.1,1.49,2,27.11,20 / 21,1351809,2019-09-06 19:42:37:552,0.3801,-1.3704,9.9645,-0.0076,-0.0089,9.8065,-0.0302,-0.3766,0.0537,-17.87,-32.37,24.88,345.74,-84.3,-156.98
52.43372,-1.538042,181.1,1.49,2,27.11,20 / 21,1351909,2019-09-06 19:42:37:652,0.1168,-1.4688,9.7924,-0.0016,-0.0133,9.8066,0.0504,-0.3795,0.0572,-17.56,-32.56,24.94,346.29,-84.2,-156.41
52.43372,-1.538042,181.1,1.49,2,27.11,20 / 21,1352009,2019-09-06 19:42:37:752,0.3745,-1.2977,10.1175,-0.0066,-0.0081,9.8066,-0.0204,-0.3596,0.0694,-16.56,-31.69,26.38,350.47,-84.04,-155.28
52.43372,-1.538042,181.1,1.49,2,27.11,20 / 21,1352110,2019-09-06 19:42:37:853,-0.2103,-1.5886,10.3053,-0.003,-0.0071,9.8066,-0.0019,-0.2911,0.0376,-16.81,-31.87,26.44,350.89,-83.95,-154.9
52.43372,-1.538042,181.1,1.49,2,27.11,20 / 21,1352210,2019-09-06 19:42:37:953,0.4066,-1.3058,10.0338,0.0122,-0.0184,9.8065,0.0469,-0.3196,0.0166,-16.62,-31.87,26.38,350.41,-83.87,-155.31
52.43372,-1.538042,181.1,1.49,2,27.11,20 / 21,1352310,2019-09-06 19:42:38:053,0.5137,-1.6174,9.7234,0.0107,-0.0138,9.8066,-0.0667,-0.2587,0.0331,-15.94,-31.81,26.94,351.92,-83.59,-156.46
52.433685,-1.53794,181.44,4.04,3,144.32,20 / 21,1352409,2019-09-06 19:42:38:152,0.4621,-1.3331,9.7493,0.003,-0.0149,9.8066,0.0237,-0.2681,-0.001,-15.5,-31.62,27.44,352.61,-83.49,-157.42
52.433685,-1.53794,181.44,4.04,3,144.32,20 / 21,1352510,2019-09-06 19:42:38:253,0.4534,-0.9337,9.9699,-0.0049,0.001,9.8065,0.0896,-0.2301,0.0345,-14.44,-31.12,27.06,353.65,-83.32,-158.15
52.433685,-1.53794,181.44,4.04,3,144.32,20 / 21,1352609,2019-09-06 19:42:38:352,0.521,-1.8006,9.5909,-0.0031,0.0018,9.8066,0.0505,-0.2479,0.0045,-13.81,-31.62,27.5,354.72,-83.19,-158.04
52.433685,-1.53794,181.44,4.04,3,144.32,20 / 21,1352710,2019-09-06 19:42:38:453,-0.1681,-0.9069,10.04,0.012,-0.0104,9.8066,0.0178,-0.1676,0.0149,-14.19,-31.81,27.44,353.38,-83.01,-158.32
52.433685,-1.53794,181.44,4.04,3,144.32,20 / 21,1352809,2019-09-06 19:42:38:552,0.6227,-1.4442,10.2433,0.0127,-0.012,9.8066,-0.0001,-0.1515,0.0383,-13.87,-31.62,28.25,352.76,-82.96,-159.72
52.433685,-1.53794,181.44,4.04,3,144.32,20 / 21,1352910,2019-09-06 19:42:38:653,-0.1786,0.0426,9.9399,0.0068,0.0046,9.8066,-0.0116,-0.1468,-0.0063,-13,-31,28,353.96,-82.85,-160.34
52.433685,-1.53794,181.44,4.04,3,144.32,20 / 21,1353009,2019-09-06 19:42:38:752,0.0515,-0.6806,10.4225,0.0019,-0.0015,9.8066,0.0546,-0.0807,0.0238,-12.62,-31.94,28.63,354.07,-82.88,-161
52.433685,-1.53794,181.44,4.04,3,144.32,20 / 21,1353110,2019-09-06 19:42:38:853,0.9503,-1.7111,9.7546,0.0076,0.0011,9.8066,-0.0994,-0.1099,-0.0519,-12.69,-31.37,27.94,352.67,-82.89,-161.46
52.433685,-1.53794,181.44,4.04,3,144.32,20 / 21,1353210,2019-09-06 19:42:38:953,0.7569,-1.2978,9.3476,0.0059,0.014,9.8066,-0.0494,-0.089,-0.0255,-12.87,-31.5,28.63,352.5,-82.96,-162.4
52.433685,-1.53794,181.44,4.04,3,144.32,20 / 21,1353310,2019-09-06 19:42:39:053,0.3602,-1.0335,9.5439,-0.001,0.0123,9.8066,-0.0571,-0.1028,-0.0149,-12.31,-31.37,29.5,354.11,-83.06,-163.36
52.433685,-1.53794,181.44,4.04,3,144.32,20 / 21,1353409,2019-09-06 19:42:39:152,0.5969,-1.5254,9.9629,-0.005,0.0329,9.8065,-0.0865,-0.0924,-0.0164,-12.5,-31.87,29.5,353.61,-83.16,-163.79
52.433685,-1.53794,181.44,4.04,3,144.32,20 / 21,1353509,2019-09-06 19:42:39:252,0.5981,-1.1758,9.8849,0.0202,-0.0178,9.8066,-0.0764,-0.0623,-0.0257,-12.62,-31.87,29.63,351.26,-83.17,-164.24
52.433685,-1.53794,181.44,4.04,3,144.32,20 / 21,1353610,2019-09-06 19:42:39:353,0.7691,-1.4927,9.4504,0.0036,0.0235,9.8065,0.0315,-0.0426,-0.0075,-12.37,-31.19,29.13,349.45,-83.16,-166.77
52.433685,-1.53794,181.44,4.04,3,144.32,20 / 21,1353709,2019-09-06 19:42:39:452,0.5989,-0.1752,9.1529,-0.006,0.0439,9.8065,-0.0092,0.0085,-0.0545,-12.31,-31.75,29.56,348.49,-83.41,-168.33
52.433685,-1.53794,181.44,4.04,3,144.32,20 / 21,1353810,2019-09-06 19:42:39:553,1.9592,-1.8551,10.3646,-0.0055,0.057,9.8065,0.0163,-0.0001,-0.0426,-12.25,-31.62,29.38,345.67,-83.5,-170.13
52.433685,-1.53794,181.44,4.04,3,144.32,20 / 21,1353909,2019-09-06 19:42:39:652,0.5867,-1.0472,10.5808,0.032,-0.0251,9.8065,0.0193,0.0303,-0.0048,-12.75,-31.37,29.38,342.78,-83.51,-171.1
52.433685,-1.53794,181.44,4.04,3,144.32,20 / 21,1354009,2019-09-06 19:42:39:752,0.1639,-0.8875,10.4871,0.0094,-0.0062,9.8065,-0.1128,-0.0087,-0.0023,-12.19,-32.19,29.38,341.93,-83.41,-173.4
52.433685,-1.53794,181.44,4.04,3,144.32,20 / 21,1354110,2019-09-06 19:42:39:853,1.1478,-0.6826,9.5048,0.0095,-0.0058,9.8066,-0.0434,0.0466,-0.0426,-12.25,-31.94,28.81,341.42,-83.39,-173.84
52.433685,-1.53794,181.44,4.04,3,144.32,20 / 21,1354214,2019-09-06 19:42:39:957,0.9767,-0.9686,9.4668,0.0135,-0.0178,9.8065,0.086,0.0102,0.0133,-12.12,-32.19,28.75,340.69,-83.35,-174.47
52.433685,-1.53794,181.44,4.04,3,144.32,20 / 21,1354310,2019-09-06 19:42:40:053,0.7047,-0.1002,9.4994,-0.0091,0.0177,9.8066,0.1049,-0.0199,0.0157,-11.87,-32.12,29.56,340.92,-83.47,-175.05
52.433685,-1.53794,181.44,4.04,3,144.32,20 / 21,1354410,2019-09-06 19:42:40:153,0.0205,-0.9939,9.6796,-0.0031,-0.0035,9.8066,-0.0557,0.0483,-0.084,-12.12,-32.25,28.38,339.75,-83.44,-174.55
52.433685,-1.53794,181.44,4.04,3,144.32,20 / 21,1354509,2019-09-06 19:42:40:252,1.4481,-1.4528,9.796,0.0077,0.0193,9.8065,-0.0134,0.0349,0.0355,-12.5,-32.5,28.38,338.9,-83.51,-175.32
52.433685,-1.53794,181.44,4.04,3,144.32,20 / 21,1354610,2019-09-06 19:42:40:353,0.1573,-0.5492,9.6941,-0.0138,0.0123,9.8066,-0.0315,0.0697,0.028,-12.06,-32.44,28.5,339.34,-83.68,-175.79
52.433685,-1.53794,181.44,4.04,3,144.32,20 / 21,1354710,2019-09-06 19:42:40:453,0.1955,-0.1809,10.088,-0.0188,0.0099,9.8066,0.0532,0.0791,0.0173,-12.06,-32.75,27.44,339.12,-83.78,-174.33
52.433685,-1.53794,181.44,4.04,3,144.32,20 / 21,1354810,2019-09-06 19:42:40:553,0.4042,-0.723,10.1379,-0.0008,-0.0023,9.8066,0.0339,0.0612,0.0318,-11.75,-32.19,27.88,341.11,-83.73,-173.45
52.433685,-1.53794,181.44,4.04,3,144.32,20 / 21,1354910,2019-09-06 19:42:40:653,0.37,1.1088,9.9722,-0.0018,-0.008,9.8066,0.0794,0.0644,0.0276,-12.25,-33,27.56,341.43,-83.65,-173.08
52.433685,-1.53794,181.44,4.04,3,144.32,20 / 21,1355010,2019-09-06 19:42:40:753,0.7542,0.579,10.1242,-0.0021,-0.0089,9.8066,0.0299,-0.0175,0.039,-12.56,-32,27.56,340.5,-83.51,-172.24
52.433685,-1.53794,181.44,4.04,3,144.32,20 / 21,1355110,2019-09-06 19:42:40:853,1.0559,-1.1509,10.1645,0.0154,-0.0268,9.8065,0.0038,0.0982,-0.0617,-13.31,-31.69,27.69,340.74,-83.33,-171.96
52.433685,-1.53794,181.44,4.04,3,144.32,20 / 21,1355210,2019-09-06 19:42:40:953,-0.1647,-0.6576,9.7869,0.0204,-0.0149,9.8066,0.0322,0.0075,-0.0021,-14.06,-32,27,335.89,-83.06,-173.56
52.433685,-1.53794,181.44,4.04,3,144.32,20 / 21,1355310,2019-09-06 19:42:41:053,0.9728,0.0917,9.5598,0.0119,0.0136,9.8066,0.0502,0.0219,-0.0855,-14.69,-32,28.06,334.33,-82.94,-174.24
52.433685,-1.53794,181.44,4.04,3,144.32,20 / 21,1355410,2019-09-06 19:42:41:153,0.4662,-1.041,10.1557,0.0061,0.0063,9.8066,-0.069,0.0618,0.0099,-15.37,-31.56,29.44,333.95,-82.91,-175.48
52.433685,-1.53794,181.44,4.04,3,144.32,20 / 21,1355510,2019-09-06 19:42:41:253,0.8345,-0.9492,9.6444,-0.012,-0.0107,9.8065,-0.1711,0.0114,0.0429,-14.69,-31.5,29.25,334.41,-82.9,-175.16
52.433685,-1.53794,181.44,4.04,3,144.32,20 / 21,1355609,2019-09-06 19:42:41:352,-0.3525,-1.6613,9.6029,-0.0051,0.0085,9.8066,0.124,0.0624,-0.0531,-13.44,-31.31,30,339.36,-82.95,-174.72
52.433685,-1.53794,181.44,4.04,3,144.32,20 / 21,1355710,2019-09-06 19:42:41:453,-0.1166,-0.7374,10.2479,-0.0078,0.0485,9.8065,0.1741,-0.0092,0.017,-13.12,-32.37,29.63,337.08,-83.01,-176.67
52.433685,-1.53794,181.44,4.04,3,144.32,20 / 21,1355810,2019-09-06 19:42:41:553,0.9705,0.3995,10.7669,-0.0221,0.066,9.8064,-0.1084,-0.004,-0.0472,-12.31,-32.12,28.63,336.46,-83.44,-178.26
52.433685,-1.53794,181.44,4.04,3,144.32,20 / 21,1355909,2019-09-06 19:42:41:652,-0.1281,-1.4866,9.5669,0.0254,-0.0102,9.8065,0.2316,-0.0785,0.1051,-11.87,-32.62,29.25,334.13,-83.46,179.76
52.433685,-1.53794,181.44,4.04,3,144.32,20 / 21,1356009,2019-09-06 19:42:41:752,-0.7468,-1.4279,10.231,-0.0145,0.0014,9.8066,-0.2848,0.0425,-0.1129,-12.06,-32.94,29.06,334.88,-83.53,-179.62
52.433685,-1.53794,181.44,4.04,3,144.32,20 / 21,1356109,2019-09-06 19:42:41:852,1.2844,0.1356,8.8132,0.0432,-0.0451,9.8064,-0.2723,0.0506,0.0324,-11.69,-32.31,28.44,331.81,-83.18,178.56
52.433685,-1.53794,181.44,4.04,3,144.32,20 / 21,1356210,2019-09-06 19:42:41:953,-0.6742,0.9291,10.2807,0.0328,-0.0686,9.8063,0.1758,-0.2151,0.1187,-11.5,-33,27.75,333.51,-83.09,178.5
52.433685,-1.53794,181.44,4.04,3,144.32,20 / 21,1356310,2019-09-06 19:42:42:053,0.7701,0.0151,9.8165,-0.0436,0.0423,9.8064,0.0355,-0.0031,-0.1792,-12.44,-32.25,27.63,332.13,-83.04,178.91
52.433685,-1.53794,181.44,4.04,3,144.32,20 / 21,1356409,2019-09-06 19:42:42:152,-0.0532,0.3134,9.9821,-0.0036,0.0396,9.8065,0.1466,-0.0437,0.0462,-13.25,-32.06,26.88,329.26,-83.32,178.79
52.433685,-1.53794,181.44,4.04,3,144.32,20 / 21,1356511,2019-09-06 19:42:42:254,1.9828,-1.7324,9.9847,-0.0065,-0.0128,9.8066,0.1533,0.0527,0.0179,-14,-31.69,26.88,326.98,-83.24,178.45
52.433685,-1.53794,181.44,4.04,3,144.32,20 / 21,1356610,2019-09-06 19:42:42:353,0.3269,-0.9502,9.9771,-0.0207,0.021,9.8066,-0.1642,0.0064,0.0241,-14.69,-31.87,27.94,327,-83.33,179.02
52.433685,-1.53794,181.44,4.04,3,144.32,20 / 21,1356710,2019-09-06 19:42:42:453,-0.3239,-0.4824,9.7267,0.0176,-0.0324,9.8065,-0.2276,0.0057,-0.0186,-15.37,-32.06,28.44,327.36,-83.17,179.44
52.433685,-1.53794,181.44,4.04,3,144.32,20 / 21,1356810,2019-09-06 19:42:42:553,0.0196,-0.0311,9.8287,0.0234,-0.0185,9.8065,0.1172,-0.013,0.008,-13.62,-32.06,29.44,329.32,-83.32,178.65
52.433685,-1.53794,181.44,4.04,3,144.32,20 / 21,1356909,2019-09-06 19:42:42:652,-0.5536,0.776,10.1325,-0.0092,0.0245,9.8066,0.0665,0.0088,-0.0288,-13.25,-32.56,29.44,330.74,-83.33,178.43
52.433685,-1.53794,181.44,4.04,3,144.32,20 / 21,1357009,2019-09-06 19:42:42:752,-0.3027,-0.2215,10.3236,-0.0199,0.0318,9.8066,-0.055,0.0427,-0.042,-12.06,-32.31,29.56,332.74,-83.44,177.67
52.433685,-1.53794,181.44,4.04,3,144.32,20 / 21,1357110,2019-09-06 19:42:42:853,0.3673,-0.2085,10.4969,0.0296,-0.0447,9.8065,-0.0213,0.0033,0.0516,-12.44,-32.44,28.81,331.1,-82.97,177.23
52.433685,-1.53794,181.44,4.04,3,144.32,20 / 21,1357209,2019-09-06 19:42:42:952,0.5392,-0.969,10.4443,-0.0088,0.0001,9.8066,-0.0083,-0.0027,-0.0626,-12.87,-32.62,28,328.49,-83.01,177.49
52.433685,-1.53794,181.44,4.04,3,144.32,20 / 21,1357309,2019-09-06 19:42:43:052,-0.7311,-0.86,10.1153,0.0129,-0.0014,9.8066,0.0239,-0.0461,0.036,-12,-33.19,28.69,331.08,-83.04,177.28
52.433685,-1.53794,181.44,4.04,3,144.32,20 / 21,1357410,2019-09-06 19:42:43:153,-0.3659,-0.0925,10.1698,0.0053,-0.0093,9.8066,-0.064,0.0867,-0.0328,-12.19,-32.37,28.81,330.7,-83.03,176.84
52.433685,-1.53794,181.44,4.04,3,144.32,20 / 21,1357509,2019-09-06 19:42:43:252,0.0796,-0.0535,9.9157,0.0143,-0.0115,9.8066,-0.0291,0.0357,0.0706,-12.31,-32.81,29,329.87,-82.99,176.23
52.433685,-1.53794,181.44,4.04,3,144.32,20 / 21,1357610,2019-09-06 19:42:43:353,-0.413,-0.415,9.5235,-0.0049,0.0169,9.8066,0.0763,0.0453,-0.0411,-11.75,-32.69,28.19,328.6,-82.74,176.11
52.433685,-1.53794,181.44,4.04,3,144.32,20 / 21,1357709,2019-09-06 19:42:43:452,0.2445,-0.0023,9.4233,-0.0098,0.0203,9.8066,0.0279,-0.0245,0.013,-11.69,-32.25,28.69,329.03,-82.79,175.49
52.433685,-1.53794,181.44,4.04,3,144.32,20 / 21,1357809,2019-09-06 19:42:43:552,-0.0686,-0.8684,9.7386,-0.0155,0.0308,9.8066,-0.0798,-0.0194,0.0344,-12.25,-32.75,28.5,328.84,-82.85,175.41
52.433685,-1.53794,181.44,4.04,3,144.32,20 / 21,1357910,2019-09-06 19:42:43:653,-0.0738,-0.2591,10.1194,0.0219,-0.0284,9.8065,-0.1292,-0.0145,0.0398,-12.25,-32.5,28,327.37,-82.65,174.95
52.433685,-1.53794,181.44,4.04,3,144.32,20 / 21,1358009,2019-09-06 19:42:43:752,-0.1359,0.3882,9.9185,0.0107,-0.0258,9.8066,0.0003,0.0362,-0.0058,-12.25,-32.94,28.06,327.47,-82.72,175.13
52.433685,-1.53794,181.44,4.04,3,144.32,20 / 21,1358110,2019-09-06 19:42:43:853,-0.4801,-0.1913,9.6593,0.0023,0.0162,9.8066,-0.0304,-0.0007,0.0628,-12.06,-32.5,28.25,326.89,-82.78,174.45
52.433685,-1.53794,181.44,4.04,3,144.32,20 / 21,1358209,2019-09-06 19:42:43:952,-0.1921,-1.0128,10.0269,0.0005,-0.0029,9.8066,-0.1147,0.0497,-0.0394,-12,-33.12,28.19,326.15,-82.78,173.92
52.433685,-1.53794,181.44,4.04,3,144.32,20 / 21,1358309,2019-09-06 19:42:44:052,0.8634,-0.4009,9.9798,0,0.0028,9.8066,0.0979,0.0479,0.0303,-11.69,-32.62,28.25,325.59,-82.79,173.42
52.433685,-1.53794,181.44,4.04,3,144.32,19 / 21,1358409,2019-09-06 19:42:44:152,0.1288,0.1478,9.8013,0.0121,-0.0126,9.8065,0.0458,0.0029,0.0449,-12.06,-33,27.88,325.47,-82.68,173.39
52.433685,-1.53794,181.44,4.04,3,144.32,19 / 21,1358510,2019-09-06 19:42:44:253,-0.284,0.5735,9.9967,-0.0111,0.029,9.8066,0.0909,-0.008,-0.0048,-12.19,-32.81,28.75,326.51,-82.78,173.4
52.433685,-1.53794,181.44,4.04,3,144.32,19 / 21,1358610,2019-09-06 19:42:44:353,0.5936,-0.2369,9.7799,-0.0098,0.0227,9.8065,-0.0813,-0.0401,-0.0072,-12.19,-33,28.38,325.35,-82.72,173.26
52.433685,-1.53794,181.44,4.04,3,144.32,19 / 21,1358710,2019-09-06 19:42:44:453,0.4008,0.3559,9.6335,0.0021,-0.0053,9.8066,-0.0555,0.0359,-0.0271,-12.87,-33.19,28.5,324.59,-82.64,173.39
52.433685,-1.53794,181.44,4.04,3,144.32,19 / 21,1358810,2019-09-06 19:42:44:553,0.3575,-0.4013,9.9863,-0.0005,0.0031,9.8066,0.1012,-0.0207,-0.0034,-11.87,-33.06,28.5,326.18,-82.64,173.19
52.433685,-1.53794,181.44,4.04,3,144.32,19 / 21,1358910,2019-09-06 19:42:44:653,-0.6427,-0.7215,10.0282,0.002,-0.001,9.8066,0.0304,0.0177,-0.0059,-12,-32.75,28.75,326.29,-82.6,173.31
52.433685,-1.53794,181.44,4.04,3,144.32,19 / 21,1359009,2019-09-06 19:42:44:752,0.8546,0.2541,9.9263,0.0029,0.0053,9.8066,-0.0763,-0.0102,-0.0049,-11.81,-32.69,28.44,324.63,-82.67,172.65
52.433685,-1.53794,181.44,4.04,3,144.32,19 / 21,1359110,2019-09-06 19:42:44:853,0.3521,-1.291,9.5169,0.0181,-0.0181,9.8065,-0.0312,0.0116,0.0191,-12.06,-32.69,28.44,324.95,-82.53,173.03
52.433685,-1.53794,181.44,4.04,3,144.32,19 / 21,1359210,2019-09-06 19:42:44:953,-0.5934,-0.1577,9.3315,-0.0162,0.0179,9.8066,0.0787,-0.0285,-0.0329,-12,-32.37,28.56,325.87,-82.5,172.87
52.433685,-1.53794,181.44,4.04,3,144.32,19 / 21,1359310,2019-09-06 19:42:45:053,-0.3656,0.6732,10.0593,-0.0114,0.0403,9.8065,0.0877,-0.0131,-0.0304,-11.75,-32.44,27.81,325.39,-82.35,173.39
52.433685,-1.53794,181.44,4.04,3,144.32,19 / 20,1359410,2019-09-06 19:42:45:153,0.3515,-0.9064,9.9036,-0.007,0.0228,9.8065,-0.0593,0.0506,-0.009,-12.44,-32.75,28.25,324.06,-82.5,172.26
52.433685,-1.53794,181.44,4.04,3,144.32,19 / 20,1359509,2019-09-06 19:42:45:252,0.3571,-0.3074,9.6479,0.014,-0.0192,9.8065,-0.0908,-0.0232,0.0637,-13.37,-31.87,27.88,322.47,-82.32,172.48
52.433685,-1.53794,181.44,4.04,3,144.32,19 / 20,1359610,2019-09-06 19:42:45:353,-0.4233,0.2345,10.1284,0.0036,-0.014,9.8066,0.0687,0.0235,-0.027,-12.69,-31.37,28.13,322.96,-82.34,172.75
52.433685,-1.53794,181.44,4.04,3,144.32,19 / 20,1359710,2019-09-06 19:42:45:453,0.5488,-0.6771,9.9527,0.0008,0.0101,9.8066,0.0748,0.0529,0.0085,-12.69,-30.87,28.31,322.52,-82.3,172.39
52.433685,-1.53794,181.44,4.04,3,144.32,19 / 20,1359810,2019-09-06 19:42:45:553,-0.1709,-0.8088,10.0295,-0.0066,0.0073,9.8066,-0.0395,-0.0004,-0.0544,-12.37,-31,28.69,325.11,-82.29,172.19
52.433685,-1.53794,181.44,4.04,3,144.32,19 / 20,1359909,2019-09-06 19:42:45:652,-0.072,-0.255,10.2022,0.0129,-0.0063,9.8066,-0.0262,-0.0227,0.0074,-12.44,-31.56,27.63,324.62,-82.24,172.79
52.433685,-1.53794,181.44,4.04,3,144.32,19 / 20,1360010,2019-09-06 19:42:45:753,-1.5409,0.361,9.3346,0.014,-0.0237,9.8065,-0.0421,0.0614,0.028,-12.81,-32.25,28.13,322.29,-82.35,172.3
52.433685,-1.53794,181.44,4.04,3,144.32,19 / 20,1360109,2019-09-06 19:42:45:852,0.5889,0.1237,9.7544,0.0197,-0.0233,9.8065,-0.1045,-0.0033,-0.025,-12.25,-32.44,27.75,324.29,-82.2,172.52
52.433685,-1.53794,181.44,4.04,3,144.32,19 / 20,1360210,2019-09-06 19:42:45:953,0.1771,1.3201,9.6384,-0.0154,0.0261,9.8065,0.174,-0.0217,0.0775,-11.87,-32.69,28.44,323.4,-82.46,171.72
52.433685,-1.53794,181.44,4.04,3,144.32,19 / 20,1360310,2019-09-06 19:42:46:053,-0.6065,-0.29,9.4408,-0.0164,0.0408,9.8065,0.1463,0.0656,-0.0221,-11.94,-33,28.13,323.23,-82.51,171.52
52.433685,-1.53794,181.44,4.04,3,144.32,20 / 21,1360409,2019-09-06 19:42:46:152,-0.0676,-0.9469,10.2159,0.0101,-0.0108,9.8066,-0.1305,0.0185,-0.0247,-11.69,-32.62,28.63,324,-82.46,171.39
52.433685,-1.53794,181.44,4.04,3,144.32,20 / 21,1360510,2019-09-06 19:42:46:253,-0.3239,-0.9581,10.3727,-0.0058,-0.0146,9.8066,-0.1098,0.0444,0.0296,-12.12,-33.19,28.31,322.91,-82.44,171.3
52.433685,-1.53794,181.44,4.04,3,144.32,20 / 21,1360610,2019-09-06 19:42:46:353,-0.6044,0.4263,10.2117,0.0092,-0.0193,9.8066,0.08,-0.0325,0.0177,-11.69,-33.06,28.94,324.78,-82.35,172.15
52.433685,-1.53794,181.44,4.04,3,144.32,20 / 21,1360710,2019-09-06 19:42:46:453,-0.5758,0.8435,10.2584,0.01,-0.0113,9.8066,0.0312,-0.0284,-0.0239,-11.87,-33,28.5,324.83,-82.29,172.23
52.433685,-1.53794,181.44,4.04,3,144.32,20 / 21,1360809,2019-09-06 19:42:46:552,0.2963,0.0814,9.6758,-0.0276,0.0067,9.8066,0.0757,0.0054,0.0848,-11.87,-32.62,28.94,326.87,-82.29,174.02
52.433685,-1.53794,181.44,4.04,3,144.32,20 / 21,1360910,2019-09-06 19:42:46:653,-0.2252,0.3752,10.03,-0.0272,0.0285,9.8065,0.0289,0.0325,0.0421,-11.69,-32.56,28.06,327.08,-82.29,175.06
52.433685,-1.53794,181.44,4.04,3,144.32,20 / 21,1361009,2019-09-06 19:42:46:752,0.1608,0.0346,10.0851,0.0064,-0.0308,9.8066,-0.1156,-0.0159,0.0274,-11.56,-32.12,28.56,329.04,-82.3,175.79
52.433685,-1.53794,181.44,4.04,3,144.32,20 / 21,1361110,2019-09-06 19:42:46:853,-0.3032,-0.5935,11.1158,0.0069,-0.0374,9.8065,-0.0798,-0.0634,-0.0132,-12.19,-32.12,28.25,329.71,-82.11,177.32
52.433685,-1.53794,181.44,4.04,3,144.32,20 / 21,1361209,2019-09-06 19:42:46:952,-0.8842,0.5767,9.3991,0.0083,-0.0544,9.8064,-0.0247,-0.0769,0.1264,-12.44,-31.87,27.13,329.64,-82.14,178.15
52.433685,-1.53794,181.44,4.04,3,144.32,20 / 21,1361310,2019-09-06 19:42:47:053,0.384,1.3618,9.3489,0.023,-0.045,9.8065,-0.1027,0.0714,-0.0288,-13.12,-31.5,26.94,329.06,-82.17,179.17
52.43314,-1.53752,182.49,9.21,2,151.82,20 / 21,1361409,2019-09-06 19:42:47:152,0.3816,1.4769,9.7114,0.0181,-0.0471,9.8064,0.1385,-0.1248,0.1032,-15.12,-32.19,28.06,326.87,-82.19,179.6
52.43314,-1.53752,182.49,9.21,2,151.82,20 / 21,1361510,2019-09-06 19:42:47:253,-0.075,0.7009,10.0775,-0.0216,0.0249,9.8066,0.0321,0.0514,-0.039,-14.81,-32.19,28.19,327.87,-82.52,-179.72
52.43314,-1.53752,182.49,9.21,2,151.82,20 / 21,1361609,2019-09-06 19:42:47:352,-0.2426,-0.8562,9.4945,-0.0051,-0.0212,9.8066,0.0139,0.0082,0.0203,-14.37,-31.37,28.88,330.9,-82.6,-179.66
52.43314,-1.53752,182.49,9.21,2,151.82,20 / 21,1361709,2019-09-06 19:42:47:452,0.3449,-0.4678,10.1203,-0.0122,0.0102,9.8066,0.0305,0.043,-0.0232,-14.06,-32.94,28.94,331.99,-82.54,-178.45
52.43314,-1.53752,182.49,9.21,2,151.82,20 / 21,1361810,2019-09-06 19:42:47:553,-1.6049,-1.1574,10.7272,0.0029,0.0336,9.8065,-0.1067,0.0359,-0.2276,-12.81,-32.19,28.69,332.65,-82.59,-179.58
52.43314,-1.53752,182.49,9.21,2,151.82,20 / 21,1361910,2019-09-06 19:42:47:653,0.6002,-0.6275,9.1601,0.0454,-0.0278,9.8065,-0.2066,0.0075,-0.0177,-12.69,-32.56,28.38,328.99,-82.71,178.11
52.43314,-1.53752,182.49,9.21,2,151.82,20 / 21,1362010,2019-09-06 19:42:47:753,-2.5276,1.4051,9.3236,-0.0348,0.0333,9.8065,0.1655,0.0511,-0.0569,-12.37,-32,28,330.39,-82.59,177.64
52.43314,-1.53752,182.49,9.21,2,151.82,20 / 21,1362109,2019-09-06 19:42:47:852,0.2486,-1.6449,9.5176,0.0087,0.0216,9.8066,0.1214,0.0644,0.0041,-13.31,-32.69,27.88,327.65,-82.83,176.86
52.43314,-1.53752,182.49,9.21,2,151.82,20 / 21,1362210,2019-09-06 19:42:47:953,0.0626,0.3681,10.3581,0.0066,-0.0238,9.8066,-0.0252,0.0356,-0.0601,-14.62,-31.81,27.5,323.78,-82.83,176.44
52.43314,-1.53752,182.49,9.21,2,151.82,20 / 21,1362310,2019-09-06 19:42:48:053,-0.7801,0.8103,9.2635,-0.0149,0.0257,9.8065,-0.0315,-0.0246,0.1169,-14.87,-31.75,28.31,324.49,-83.05,176.94
52.43314,-1.53752,182.49,9.21,2,151.82,20 / 21,1362410,2019-09-06 19:42:48:153,-1.1196,0.1802,9.3214,-0.0041,-0.0346,9.8066,0.0984,-0.0092,-0.0874,-14.31,-31.44,29.5,329.69,-82.79,178.31
52.43314,-1.53752,182.49,9.21,2,151.82,20 / 21,1362509,2019-09-06 19:42:48:252,-1.0641,0.5117,9.266,-0.0117,0.0431,9.8065,0.0858,-0.0527,0.0284,-13.31,-31.87,29.06,329.96,-82.57,178.06
52.43314,-1.53752,182.49,9.21,2,151.82,20 / 21,1362610,2019-09-06 19:42:48:353,-0.4903,-1.2083,10.6357,-0.0273,0.0409,9.8064,0.0429,-0.0028,-0.0253,-12.62,-31.19,29.69,330.32,-82.8,177.32
52.43314,-1.53752,182.49,9.21,2,151.82,20 / 21,1362709,2019-09-06 19:42:48:452,0.1971,-0.2541,10.1513,0.0093,0.0028,9.8066,0.0962,0.0123,-0.0511,-11.81,-31.56,29.44,329.89,-82.9,176.19
52.43314,-1.53752,182.49,9.21,2,151.82,20 / 21,1362809,2019-09-06 19:42:48:552,0.3588,-0.5279,10.3552,0.0142,0.0125,9.8066,-0.2036,-0.0127,-0.0272,-11.62,-30.81,29.31,328.6,-83.05,174.84
52.43314,-1.53752,182.49,9.21,2,151.82,20 / 21,1362909,2019-09-06 19:42:48:652,0.5139,1.4532,9.6036,0.0348,-0.0254,9.8065,-0.1528,0.0752,-0.0408,-10.37,-30.56,26.69,327.22,-82.85,171.91
52.43314,-1.53752,182.49,9.21,2,151.82,20 / 21,1363010,2019-09-06 19:42:48:753,-1.5288,-0.4066,9.4425,0.0208,-0.0413,9.8065,0.0534,0.0437,0.0205,-11.5,-30.81,26.06,323.82,-82.78,171.65
52.43314,-1.53752,182.49,9.21,2,151.82,20 / 21,1363109,2019-09-06 19:42:48:852,-0.0672,0.563,9.2686,0.003,0.0142,9.8066,-0.031,-0.0115,-0.0445,-13.5,-31.56,26.44,319.51,-82.8,171.46
52.43314,-1.53752,182.49,9.21,2,151.82,20 / 21,1363210,2019-09-06 19:42:48:953,0.3422,0.8825,10.0216,-0.0232,0.0509,9.8064,0.0012,-0.047,0.0626,-13.5,-31.94,27.5,319.68,-82.84,169.62
52.43314,-1.53752,182.49,9.21,2,151.82,20 / 21,1363309,2019-09-06 19:42:49:052,-0.2721,0.7151,9.7254,-0.0177,0.0217,9.8065,-0.1053,0.055,-0.1014,-13.31,-32.12,27.31,317.87,-83.2,168.67
52.43314,-1.53752,182.49,9.21,2,151.82,19 / 21,1363409,2019-09-06 19:42:49:152,-0.0394,0.159,9.6942,0.0278,-0.0079,9.8065,0.1652,0.0008,-0.0197,-12.44,-32.06,27.44,317.95,-83.03,167.19
52.43314,-1.53752,182.49,9.21,2,151.82,19 / 21,1363510,2019-09-06 19:42:49:253,-0.4331,0.4451,9.7111,-0.0107,0.0054,9.8065,0.1481,0.0338,0.0005,-11.94,-32.62,27.06,318.54,-82.86,168.02
52.43314,-1.53752,182.49,9.21,2,151.82,19 / 21,1363609,2019-09-06 19:42:49:352,-0.4379,0.0066,10.2702,-0.0184,0.029,9.8065,-0.1064,0.061,-0.0597,-11.25,-32.25,27.19,321,-82.88,168.31
52.43314,-1.53752,182.49,9.21,2,151.82,19 / 21,1363710,2019-09-06 19:42:49:453,0.0447,-0.6908,10.0246,0.0201,-0.0171,9.8065,-0.044,-0.0408,0.034,-11.44,-32,27.75,321.85,-82.91,168.18
52.43314,-1.53752,182.49,9.21,2,151.82,19 / 21,1363809,2019-09-06 19:42:49:552,-0.9593,0.0606,9.9882,0.0028,-0.0174,9.8066,-0.0405,0.0323,-0.0139,-11.25,-32.62,27.88,321.67,-82.85,168.2
52.43314,-1.53752,182.49,9.21,2,151.82,19 / 21,1363910,2019-09-06 19:42:49:653,-1.3431,0.2132,9.6438,0.0031,-0.0024,9.8066,-0.0658,-0.0399,0.0284,-12.12,-31.81,28.19,320.48,-82.82,168.71
52.43314,-1.53752,182.49,9.21,2,151.82,19 / 21,1364010,2019-09-06 19:42:49:753,-0.1907,1.0985,9.7448,-0.0027,0.0212,9.8066,0.0417,-0.0555,0.0477,-11.44,-31.5,28.31,322.89,-82.87,168.99
52.43314,-1.53752,182.49,9.21,2,151.82,19 / 21,1364109,2019-09-06 19:42:49:852,-0.1915,-0.1302,9.8019,0.0029,0.0107,9.8066,-0.0295,0.0144,-0.0453,-12.06,-31.69,27.56,319.82,-83.03,167.96
52.43314,-1.53752,182.49,9.21,2,151.82,19 / 21,1364209,2019-09-06 19:42:49:952,0.3217,0.684,9.9947,0.0038,0.0099,9.8066,0.0506,-0.017,-0.014,-11.5,-31.75,27.63,320.54,-83.07,166.89
52.43314,-1.53752,182.49,9.21,2,151.82,19 / 21,1364310,2019-09-06 19:42:50:053,-0.2128,-0.4774,9.4892,-0.0051,0.0019,9.8066,0.0655,-0.0076,0.0297,-12.44,-31.87,27.75,318.88,-83.05,167.1
52.43314,-1.53752,182.49,9.21,2,151.82,20 / 21,1364410,2019-09-06 19:42:50:153,-0.2693,-0.0909,9.8726,-0.0078,0.0068,9.8066,-0.1289,0.0203,0.0036,-12.56,-32.06,28.44,317.64,-83.13,167.56
52.43314,-1.53752,182.49,9.21,2,151.82,20 / 21,1364509,2019-09-06 19:42:50:252,0.0827,0.6713,9.6993,0.0129,-0.0103,9.8066,-0.1405,-0.0336,0.0351,-12.94,-32.06,28.25,316.98,-83.05,167.02
52.43314,-1.53752,182.49,9.21,2,151.82,20 / 21,1364609,2019-09-06 19:42:50:352,-0.6974,0.3343,9.8044,0.0129,-0.0319,9.8066,0.1727,-0.0123,0.038,-13,-32.12,28.69,318.41,-83.07,167.41
52.43314,-1.53752,182.49,9.21,2,151.82,20 / 21,1364710,2019-09-06 19:42:50:453,-0.4988,-0.0469,9.6635,-0.0354,0.0425,9.8065,0.1369,0.0003,0.0328,-13.44,-31.19,28.13,317.21,-83.07,167.07
52.43314,-1.53752,182.49,9.21,2,151.82,20 / 21,1364809,2019-09-06 19:42:50:552,-0.3691,0.3561,9.6443,-0.0231,0.039,9.8065,-0.103,-0.0591,0.0134,-12.5,-31.62,29.06,320.29,-83.39,167.27
52.43314,-1.53752,182.49,9.21,2,151.82,20 / 21,1364909,2019-09-06 19:42:50:652,0.3679,0.1169,9.9913,0.003,-0.0005,9.8066,-0.0045,0.0204,-0.0624,-12,-31.25,28.19,318.75,-83.35,166.61
52.43314,-1.53752,182.49,9.21,2,151.82,20 / 21,1365009,2019-09-06 19:42:50:752,-0.6558,0.304,10.0808,0.0054,-0.0015,9.8066,0.0462,-0.0002,-0.0182,-11.37,-32,28.31,319.88,-83.4,166.05
52.43314,-1.53752,182.49,9.21,2,151.82,20 / 21,1365110,2019-09-06 19:42:50:853,0.3516,-1.0319,9.7566,0.0037,0.0155,9.8065,0.0779,-0.0567,-0.0392,-11.56,-31.62,28.5,317.33,-83.42,164.55
52.43314,-1.53752,182.49,9.21,2,151.82,20 / 21,1365210,2019-09-06 19:42:50:953,-0.6829,-1.1068,10.3223,-0.0114,0.0313,9.8066,-0.1215,0.0113,0.05,-12.25,-32.06,28.06,315.5,-83.46,163.71
52.43314,-1.53752,182.49,9.21,2,151.82,20 / 21,1365310,2019-09-06 19:42:51:053,0.0251,-0.4385,9.6239,0.0196,-0.0403,9.8065,-0.1422,-0.0263,0.0108,-11.94,-32.69,27.38,313.33,-83.52,162.76
52.43314,-1.53752,182.49,9.21,2,151.82,20 / 21,1365409,2019-09-06 19:42:51:152,-0.5282,0.987,10.0531,0.0148,-0.0291,9.8065,0.0629,-0.0737,-0.0419,-11.31,-32.5,27.56,317.04,-83.35,163.51
52.43314,-1.53752,182.49,9.21,2,151.82,20 / 21,1365510,2019-09-06 19:42:51:253,0.2799,-0.3057,10.1832,-0.0179,0.0311,9.8065,0.0346,-0.0066,0.0072,-12.12,-32.62,27.5,314.19,-83.64,162.52
52.43314,-1.53752,182.49,9.21,2,151.82,20 / 21,1365610,2019-09-06 19:42:51:353,-0.063,-0.878,10.1777,-0.0249,0.0323,9.8065,-0.0509,-0.0241,-0.0209,-11.31,-32.69,28.13,316.56,-83.69,162.95
52.43314,-1.53752,182.49,9.21,2,151.82,20 / 21,1365710,2019-09-06 19:42:51:453,-0.7908,-1.6252,10.277,0.0211,-0.0415,9.8065,-0.045,0.0012,-0.0283,-11.62,-32.69,28.19,316.07,-83.39,164.44
52.43314,-1.53752,182.49,9.21,2,151.82,20 / 21,1365810,2019-09-06 19:42:51:553,-0.3137,-1.0968,9.8594,0.0283,-0.0221,9.8065,0.0289,-0.0044,0.0949,-11.94,-33.19,27.38,313.44,-83.42,162.94
52.43314,-1.53752,182.49,9.21,2,151.82,20 / 21,1365910,2019-09-06 19:42:51:653,0.1194,0.3543,9.5561,-0.0141,0.0113,9.8066,-0.0621,-0.0172,-0.0831,-11.69,-32.25,28.25,315.05,-83.51,163.26
52.43314,-1.53752,182.49,9.21,2,151.82,20 / 21,1366010,2019-09-06 19:42:51:753,0.4583,-0.7597,9.7735,-0.0018,0.0263,9.8065,0.0173,0.0008,0.0468,-12.37,-32.75,27.56,314.15,-83.68,162.45
52.43314,-1.53752,182.49,9.21,2,151.82,20 / 21,1366109,2019-09-06 19:42:51:852,-0.6928,-1.5831,10.1319,0.0037,-0.0158,9.8066,0.0369,-0.0519,0.0538,-12.44,-32.12,28.19,314.18,-83.66,162.34
52.43314,-1.53752,182.49,9.21,2,151.82,20 / 21,1366210,2019-09-06 19:42:51:953,-0.3918,1.4558,9.601,0.007,-0.0066,9.8066,-0.052,-0.0405,0.0277,-11.94,-32.81,28.13,314.16,-83.74,162.41
52.43314,-1.53752,182.49,9.21,2,151.82,20 / 21,1366310,2019-09-06 19:42:52:053,0.2131,0.1295,9.343,0.0007,-0.0139,9.8066,-0.1865,-0.0545,-0.0151,-12.06,-32.37,28.75,314.31,-83.81,161.49
52.43314,-1.53752,182.49,9.21,2,151.82,20 / 21,1366409,2019-09-06 19:42:52:152,-0.2735,-0.3806,9.1047,0.016,-0.0382,9.8065,0.1673,-0.0631,0.0483,-12.69,-32.5,28.63,313.9,-83.69,162.81
52.43314,-1.53752,182.49,9.21,2,151.82,20 / 21,1366509,2019-09-06 19:42:52:252,0.4742,-1.2906,10.2891,-0.0329,0.0493,9.8064,0.2296,0.0206,0.0454,-11.87,-32.5,28.31,314.09,-84.16,161.85
52.43314,-1.53752,182.49,9.21,2,151.82,20 / 21,1366609,2019-09-06 19:42:52:352,-0.9307,-0.928,10.8269,-0.0234,0.0205,9.8066,-0.2311,0.0373,-0.0424,-11.94,-33,27.88,315.08,-84.2,162.87
52.43314,-1.53752,182.49,9.21,2,151.82,20 / 21,1366709,2019-09-06 19:42:52:452,-0.5485,0.8249,8.9022,0.0346,-0.0321,9.8065,-0.1936,-0.003,-0.0257,-11.37,-32.31,27.44,315.71,-84.06,162.59
52.43314,-1.53752,182.49,9.21,2,151.82,20 / 21,1366810,2019-09-06 19:42:52:553,-1.2835,2.6924,7.8011,0.059,-0.0894,9.806,0.3275,-0.0997,0.02,-11.69,-32.56,27.56,313.6,-83.62,162
52.43314,-1.53752,182.49,9.21,2,151.82,20 / 21,1366909,2019-09-06 19:42:52:652,-1.4142,1.5059,8.4346,-0.0804,0.1051,9.8057,0.0962,-0.0964,-0.0038,-11.81,-32.94,28.06,314.79,-83.28,163.37
52.43314,-1.53752,182.49,9.21,2,151.82,20 / 21,1367010,2019-09-06 19:42:52:753,-0.4758,1.0151,8.2659,-0.0502,0.1007,9.8059,-0.173,0.0825,-0.073,-11.69,-32.25,28.13,314.88,-84.07,162.66
52.43314,-1.53752,182.49,9.21,2,151.82,20 / 21,1367109,2019-09-06 19:42:52:852,-0.1277,-0.1811,11.4556,-0.0247,0.0184,9.8065,0.2309,0.037,-0.0512,-11.31,-32.69,28.31,315.22,-84.29,161.22
52.43314,-1.53752,182.49,9.21,2,151.82,20 / 21,1367210,2019-09-06 19:42:52:953,0.4053,0.5477,11.1946,-0.0207,0.0388,9.8065,-0.1754,-0.0321,0.0145,-11.75,-32.81,27.75,312.59,-84.35,160.45
52.43314,-1.53752,182.49,9.21,2,151.82,20 / 21,1367310,2019-09-06 19:42:53:053,-0.5526,0.3935,10.5497,0.0438,-0.0877,9.8061,-0.0706,0.0256,0.0198,-11.75,-32.5,28.81,313.42,-84.07,160.46
52.43314,-1.53752,182.49,9.21,2,151.82,20 / 21,1367409,2019-09-06 19:42:53:152,-1.676,0.4178,8.5164,0.0606,-0.0874,9.806,0.1452,0.0628,-0.0361,-11.44,-31.75,28.94,317.01,-83.04,162.9
52.43314,-1.53752,182.49,9.21,2,151.82,20 / 21,1367509,2019-09-06 19:42:53:252,-2.183,-0.0386,7.9242,-0.0455,0.0893,9.8061,-0.0744,0.0274,-0.0499,-11.87,-32.37,28.56,313.7,-83.57,161.11
52.43314,-1.53752,182.49,9.21,2,151.82,20 / 21,1367610,2019-09-06 19:42:53:353,1.4315,-0.0839,8.757,0.0336,0.0389,9.8065,-0.1279,0.0474,-0.1033,-10.94,-32.37,28.88,311.91,-83.74,157.67
52.43314,-1.53752,182.49,9.21,2,151.82,20 / 21,1367709,2019-09-06 19:42:53:452,2.3605,0.5499,8.7419,-0.0115,-0.0032,9.8066,-0.1772,0.0449,0.014,-11.56,-33.5,27.19,302.91,-84.12,152.55
52.43314,-1.53752,182.49,9.21,2,151.82,20 / 21,1367810,2019-09-06 19:42:53:553,-0.1447,1.8551,9.5048,-0.0086,-0.0618,9.8064,0.1334,-0.0566,0.1029,-12,-33.19,27.63,306.91,-84.44,155.06
52.43314,-1.53752,182.49,9.21,2,151.82,20 / 21,1367910,2019-09-06 19:42:53:653,-2.1876,-0.1048,10.4003,-0.0259,0.0594,9.8064,-0.0015,-0.1059,-0.049,-11.56,-32.87,27.69,306.89,-84.99,154.54
52.43314,-1.53752,182.49,9.21,2,151.82,20 / 21,1368010,2019-09-06 19:42:53:753,-1.7217,1.1592,10.8254,0.0058,0.027,9.8065,0.384,0.0676,0.013,-11.44,-32.56,27.38,307.76,-84.71,154.79
52.43314,-1.53752,182.49,9.21,2,151.82,20 / 21,1368110,2019-09-06 19:42:53:853,-0.3809,1.6071,10.8023,-0.024,0.0049,9.8066,0.3876,0.0809,0.0618,-11.75,-32.81,27.94,306.78,-84.45,154.93
52.43314,-1.53752,182.49,9.21,2,151.82,20 / 21,1368209,2019-09-06 19:42:53:952,0.0908,-2.1933,10.693,0.0529,-0.0835,9.8061,-0.1048,-0.0004,0.0137,-11.44,-32.19,27.88,310.46,-84.17,156.78
52.43314,-1.53752,182.49,9.21,2,151.82,20 / 21,1368310,2019-09-06 19:42:54:053,-0.4137,-0.2951,10.0381,0.0425,-0.0567,9.8064,-0.1041,-0.0043,-0.0481,-11.37,-33.06,28.06,309.92,-83.95,156.64
52.43314,-1.53752,182.49,9.21,2,151.82,20 / 21,1368410,2019-09-06 19:42:54:153,0.1983,-0.7919,9.8566,-0.0159,0.049,9.8065,-0.1315,0.0169,0.0341,-11,-32.12,28.06,308.16,-83.7,155.07
52.43314,-1.53752,182.49,9.21,2,151.82,20 / 21,1368509,2019-09-06 19:42:54:252,-0.6206,1.5381,9.3619,-0.0094,0.0114,9.8066,-0.1184,0.059,-0.0446,-11.44,-32.75,27.75,305.94,-84.06,152.83
52.43314,-1.53752,182.49,9.21,2,151.82,20 / 21,1368609,2019-09-06 19:42:54:352,0.521,0.0313,9.1181,0.0111,-0.0011,9.8066,-0.0792,-0.0209,0.0242,-11.12,-32.69,27.31,304.1,-84.08,151.98
52.43314,-1.53752,182.49,9.21,2,151.82,20 / 21,1368710,2019-09-06 19:42:54:453,0.402,-0.1115,9.4084,-0.0102,0.0181,9.8066,0.0608,0.0023,0.0371,-11.44,-32.75,27.19,303.53,-84.14,151.39
52.43314,-1.53752,182.49,9.21,2,151.82,20 / 21,1368810,2019-09-06 19:42:54:553,-1.2183,0.1101,10.2441,-0.012,0.01,9.8066,-0.0416,0.0272,-0.0088,-11.5,-32.62,27.81,305.24,-84.13,152.11
52.43314,-1.53752,182.49,9.21,2,151.82,20 / 21,1368910,2019-09-06 19:42:54:653,-0.3461,0.9455,10.3789,0.0027,-0.0178,9.8066,-0.0701,-0.0048,-0.0123,-11.5,-33.06,28.31,305.41,-84.07,152.31
52.43314,-1.53752,182.49,9.21,2,151.82,20 / 21,1369010,2019-09-06 19:42:54:753,-0.3466,0.0286,9.9828,0.0074,-0.0132,9.8066,0.0851,0.0183,0.0227,-11.69,-32.37,28.19,305.18,-83.94,153.74
52.43314,-1.53752,182.49,9.21,2,151.82,20 / 21,1369109,2019-09-06 19:42:54:852,-0.6756,0.0687,9.6336,-0.004,0.0001,9.8066,0.0931,-0.0162,0.0168,-12.06,-33.25,28.44,305.8,-83.9,154.52
52.43314,-1.53752,182.49,9.21,2,151.82,20 / 21,1369210,2019-09-06 19:42:54:953,-0.9479,0.6845,9.6253,-0.0142,0.0168,9.8065,-0.0488,-0.011,-0.0268,-11.75,-32.87,28.38,305.75,-83.97,154.41
52.43314,-1.53752,182.49,9.21,2,151.82,20 / 21,1369310,2019-09-06 19:42:55:053,-0.7022,0.9852,9.9105,-0.0102,0.0211,9.8066,0.0297,-0.0076,0.0107,-11.75,-33.62,27.88,305.1,-84.18,153.76
52.43314,-1.53752,182.49,9.21,2,151.82,20 / 21,1369410,2019-09-06 19:42:55:153,-0.6937,-0.3785,9.7727,-0.015,0.0225,9.8065,-0.0488,-0.0108,0.0182,-11.75,-32.87,28.38,305.06,-84.29,153.47
52.43314,-1.53752,182.49,9.21,2,151.82,20 / 21,1369509,2019-09-06 19:42:55:252,-0.3875,0.5528,10.2199,0.0122,-0.0177,9.8065,-0.0568,0.0148,-0.0518,-11.94,-33.06,28.69,305.54,-84.29,153.05
52.43314,-1.53752,182.49,9.21,2,151.82,20 / 21,1369609,2019-09-06 19:42:55:352,0.4522,1.1175,9.9679,0.0083,-0.0064,9.8066,0.0272,-0.0107,0.0083,-11.69,-32.94,28.69,305.35,-84.12,153.03
52.43314,-1.53752,182.49,9.21,2,151.82,20 / 21,1369710,2019-09-06 19:42:55:453,-0.0135,0.1533,9.9508,-0.0059,-0.0028,9.8066,0.0252,0.0882,0.0132,-11.81,-33.37,28,304.09,-84.07,152.78
52.43314,-1.53752,182.49,9.21,2,151.82,20 / 21,1369809,2019-09-06 19:42:55:552,-0.0513,-0.821,9.6783,-0.0061,0.0162,9.8066,-0.0946,0.033,-0.005,-12.12,-32.12,28.44,304.06,-84.06,152.59
52.43314,-1.53752,182.49,9.21,2,151.82,20 / 21,1369910,2019-09-06 19:42:55:653,-0.0921,-0.2488,10.0915,0.016,-0.0018,9.8066,-0.0768,0.0365,-0.0054,-12.5,-32.87,28.56,303.5,-83.97,151.43
52.43314,-1.53752,182.49,9.21,2,151.82,20 / 21,1370010,2019-09-06 19:42:55:753,-0.3301,0.0192,9.6502,0.0108,-0.0164,9.8066,0.0514,-0.0098,-0.0221,-12.31,-31.75,28.19,301.84,-83.97,150.58
52.43314,-1.53752,182.49,9.21,2,151.82,20 / 21,1370111,2019-09-06 19:42:55:854,-0.8154,0.6171,10.2102,0.0028,-0.001,9.8066,0.0316,0.0348,-0.0314,-12.81,-31.25,27,298.88,-83.99,150.19
52.43314,-1.53752,182.49,9.21,2,151.82,20 / 21,1370210,2019-09-06 19:42:55:953,0.1331,0.0197,9.9735,-0.0034,0.02,9.8066,-0.0305,0.0659,-0.0157,-14.5,-31.31,26.88,296.01,-83.95,149.11
52.43314,-1.53752,182.49,9.21,2,151.82,20 / 21,1370310,2019-09-06 19:42:56:053,-0.8992,1.0523,9.3656,0.0114,-0.0183,9.8065,-0.092,0.0087,0.0325,-15.37,-31.19,26.56,295.02,-83.79,149.88
52.432487,-1.536901,181.43,8.86,2,149.35,20 / 21,1370410,2019-09-06 19:42:56:153,-0.7416,0.7022,9.1837,-0.0286,0.0141,9.8065,0.0587,0.0199,0.0352,-14.87,-31.94,27.63,296.19,-83.87,150.07
52.432487,-1.536901,181.43,8.86,2,149.35,20 / 21,1370509,2019-09-06 19:42:56:252,0.2728,0.2721,9.6527,-0.0178,0.0156,9.8065,-0.0014,0.0676,-0.0173,-13.69,-32.5,28.63,299.38,-84.17,150.34
52.432487,-1.536901,181.43,8.86,2,149.35,20 / 21,1370610,2019-09-06 19:42:56:353,-1.1401,1.1395,10.6663,-0.0031,0.0018,9.8066,0.1045,-0.023,0.0494,-13.56,-32.69,27.25,297.08,-84.3,150.14
52.432487,-1.536901,181.43,8.86,2,149.35,20 / 21,1370709,2019-09-06 19:42:56:452,-1.4466,1.1846,8.5098,0.0333,-0.0573,9.8064,-0.1717,0.0153,0.0711,-13.5,-33.06,26.94,299.94,-84.03,151.5
52.432487,-1.536901,181.43,8.86,2,149.35,20 / 21,1370810,2019-09-06 19:42:56:553,-0.7795,2.4414,8.9035,0.0784,-0.1422,9.8052,0.2962,0.0097,0.0617,-13.25,-32.37,26.38,301.29,-83.69,153.97
52.432487,-1.536901,181.43,8.86,2,149.35,20 / 21,1370909,2019-09-06 19:42:56:652,-1.2417,0.6716,9.2262,-0.0381,0.0515,9.8064,-0.0142,-0.0431,0.0307,-13.44,-32.37,26.13,302.27,-83.72,154.87
52.432487,-1.536901,181.43,8.86,2,149.35,20 / 21,1371009,2019-09-06 19:42:56:752,-0.6023,1.6808,9.8348,-0.0279,0.0381,9.8064,-0.0032,0.0087,-0.0343,-14.5,-32,26.25,299.29,-84.07,153.35
52.432487,-1.536901,181.43,8.86,2,149.35,20 / 21,1371110,2019-09-06 19:42:56:853,0.2509,0.1409,9.2452,-0.0088,0.001,9.8066,-0.0546,-0.0424,-0.005,-14.31,-32.31,26.69,301.05,-84.24,153.79
52.432487,-1.536901,181.43,8.86,2,149.35,20 / 21,1371210,2019-09-06 19:42:56:953,0.284,-0.0885,9.5973,0.002,-0.0213,9.8066,0.0052,-0.038,0.0789,-14.5,-32.5,27.19,302.29,-84.46,154.76
52.432487,-1.536901,181.43,8.86,2,149.35,20 / 21,1371310,2019-09-06 19:42:57:053,-1.2466,0.0571,9.7796,-0.0071,-0.0085,9.8066,-0.0897,0.0226,-0.0427,-14.56,-31.94,27,301.35,-84.5,155.41
52.432487,-1.536901,181.43,8.86,2,149.35,20 / 21,1371409,2019-09-06 19:42:57:152,0.6214,-1.2006,9.3658,-0.0011,0.0211,9.8066,0.1133,0.0578,0.0187,-14.12,-32.94,27.5,303.75,-84.47,155.31
52.432487,-1.536901,181.43,8.86,2,149.35,20 / 21,1371509,2019-09-06 19:42:57:252,0.2121,-0.0275,9.7273,0.0053,-0.0234,9.8066,0.0996,0.0574,0.0542,-13.87,-32,27.38,303.52,-84.37,156.01
52.432487,-1.536901,181.43,8.86,2,149.35,20 / 21,1371610,2019-09-06 19:42:57:353,-1.1024,0.6484,9.7884,-0.0167,0.0047,9.8066,-0.1053,0.0056,0.0043,-13.25,-32.69,27,306.57,-84.49,157.29
52.432487,-1.536901,181.43,8.86,2,149.35,20 / 21,1371709,2019-09-06 19:42:57:452,-1.7967,0.8847,10.075,-0.0139,0.0253,9.8066,-0.0525,-0.0595,0.032,-13.62,-32.75,26.5,304.84,-84.73,157.07
52.432487,-1.536901,181.43,8.86,2,149.35,20 / 21,1371809,2019-09-06 19:42:57:552,-0.9268,0.3033,9.7859,0.0006,-0.0085,9.8066,0.0553,0.0215,-0.0172,-13.69,-32.56,27.69,306.92,-84.71,158.07
52.432487,-1.536901,181.43,8.86,2,149.35,20 / 21,1371910,2019-09-06 19:42:57:653,-0.9497,0.9647,9.1108,-0.0018,0.0134,9.8066,0.0308,0.058,0.0218,-13.31,-32.81,27.5,308.61,-84.67,158.11
52.432487,-1.536901,181.43,8.86,2,149.35,20 / 21,1372010,2019-09-06 19:42:57:753,0.2061,0.0398,9.4763,-0.0169,0.0177,9.8066,-0.125,-0.0148,0.0939,-13.5,-32.62,27.81,308.07,-84.74,157.53
52.432487,-1.536901,181.43,8.86,2,149.35,20 / 21,1372109,2019-09-06 19:42:57:852,-0.1269,1.2255,10.5445,0.0034,-0.031,9.8066,-0.1228,0.0393,-0.0671,-13.94,-32.75,27.81,309.37,-84.64,160.43
52.432487,-1.536901,181.43,8.86,2,149.35,20 / 21,1372210,2019-09-06 19:42:57:953,-0.5132,0.7361,9.6071,0.0098,0.0017,9.8066,-0.0422,0.0134,0.0131,-14.19,-33.06,27.5,308.64,-84.75,159.65
52.432487,-1.536901,181.43,8.86,2,149.35,20 / 21,1372310,2019-09-06 19:42:58:053,-0.2083,0.5246,9.259,-0.0103,0.0119,9.8066,-0.0585,0.0128,-0.0075,-13.81,-32.12,27.69,308.24,-84.84,159.07
52.432487,-1.536901,181.43,8.86,2,149.35,20 / 21,1372409,2019-09-06 19:42:58:152,-1.6008,1.7716,10.2072,-0.0134,0.0174,9.8065,0.0016,-0.002,0.0016,-14.37,-32.31,27.75,308.44,-85.03,159.09
52.432487,-1.536901,181.43,8.86,2,149.35,20 / 21,1372510,2019-09-06 19:42:58:253,-0.4188,0.2785,9.7596,-0.011,0.0083,9.8066,0.0134,-0.0134,-0.0049,-14.5,-32.62,27.31,308.16,-85.08,159.88
52.432487,-1.536901,181.43,8.86,2,149.35,20 / 21,1372610,2019-09-06 19:42:58:353,-1.7369,1.2117,9.7651,-0.0212,0.0236,9.8066,0.0783,-0.0155,0.0044,-14.25,-32.69,27.25,309.32,-85.08,160.96
52.432487,-1.536901,181.43,8.86,2,149.35,20 / 21,1372709,2019-09-06 19:42:58:452,-0.0808,-0.5735,9.5208,0.0071,-0.0176,9.8066,-0.052,-0.0072,-0.0053,-14.5,-31.94,27.38,310.17,-85.27,161.48
52.432487,-1.536901,181.43,8.86,2,149.35,20 / 21,1372809,2019-09-06 19:42:58:552,-0.7815,0.9138,9.8517,-0.0076,-0.0078,9.8066,0.06,-0.0045,0.0034,-14.56,-31.69,27.56,310.38,-85.33,162.24
52.432487,-1.536901,181.43,8.86,2,149.35,20 / 21,1372909,2019-09-06 19:42:58:652,-0.8279,1.361,9.9874,-0.0094,0.0188,9.8066,-0.0398,0.0331,0.0317,-14.06,-32.69,27.88,312.47,-85.43,162.68
52.432487,-1.536901,181.43,8.86,2,149.35,20 / 21,1373010,2019-09-06 19:42:58:753,-1.2275,2.2445,10.1934,0.0003,-0.0132,9.8065,-0.0733,0.0884,-0.0158,-14.69,-32.81,26.5,309.18,-85.48,162.07
52.432487,-1.536901,181.43,8.86,2,149.35,20 / 21,1373110,2019-09-06 19:42:58:853,-0.1853,0.7848,10.0475,0.0009,-0.0061,9.8066,0.0309,-0.0126,0.035,-13.75,-32.06,26.56,311.34,-85.49,162.41
52.432487,-1.536901,181.43,8.86,2,149.35,20 / 21,1373209,2019-09-06 19:42:58:952,-1.1166,1.6077,9.2096,0.0143,-0.0041,9.8066,-0.0759,0.1162,-0.1054,-14.19,-33.31,26.81,311.73,-85.36,162.99
52.432487,-1.536901,181.43,8.86,2,149.35,20 / 21,1373310,2019-09-06 19:42:59:053,-0.4854,0.9546,9.481,0.0195,-0.0187,9.8065,-0.0101,0.0998,0.0293,-14.06,-32.69,26.44,309.3,-85.23,161.83
52.432487,-1.536901,181.43,8.86,2,149.35,20 / 21,1373409,2019-09-06 19:42:59:152,-0.327,1.7876,10.2715,-0.0053,0.0094,9.8066,0.0612,0.0882,-0.0004,-14,-32.5,26.44,308.32,-85.19,160.82
52.432487,-1.536901,181.43,8.86,2,149.35,20 / 21,1373510,2019-09-06 19:42:59:253,0.2956,1.4284,10.4244,-0.0136,0.0124,9.8066,-0.0579,0.1333,0.0127,-14.31,-32.31,27.69,311.13,-85.16,161.53
52.432487,-1.536901,181.43,8.86,2,149.35,20 / 21,1373610,2019-09-06 19:42:59:353,-1.0782,2.0052,9.8234,-0.0001,-0.0335,9.8066,-0.0416,0.1155,0.0364,-14.75,-32.62,26.81,308.21,-85.27,161.34
52.432487,-1.536901,181.43,8.86,2,149.35,20 / 21,1373710,2019-09-06 19:42:59:453,-1.4629,2.6045,10.2117,-0.0056,-0.0195,9.8066,0.079,0.1456,-0.0187,-15.62,-33,26.81,310.82,-85.26,165.34
52.432487,-1.536901,181.43,8.86,2,149.35,20 / 21,1373810,2019-09-06 19:42:59:553,-1.3601,2.628,9.752,-0.0169,0.0202,9.8065,0.0594,0.1562,0.0348,-15.12,-32.75,27.13,314.89,-85.44,167.5
52.432487,-1.536901,181.43,8.86,2,149.35,20 / 21,1373910,2019-09-06 19:42:59:653,-1.1815,1.8978,10.6145,-0.0142,0.0127,9.8065,0.0734,0.1946,-0.0389,-15.25,-32.69,26.94,315.78,-85.32,168.42
52.432487,-1.536901,181.43,8.86,2,149.35,20 / 21,1374010,2019-09-06 19:42:59:753,-0.2478,1.0664,10.0236,0.0291,-0.0217,9.8065,0.0248,0.1607,-0.0624,-15.31,-32.75,26.69,315.33,-84.92,168.32
52.432487,-1.536901,181.43,8.86,2,149.35,20 / 21,1374109,2019-09-06 19:42:59:852,-0.0439,1.4291,9.5917,0.0305,-0.017,9.8065,0.0076,0.1927,-0.0277,-16,-32.44,26.44,310.95,-84.76,166.83
52.432487,-1.536901,181.43,8.86,2,149.35,20 / 21,1374209,2019-09-06 19:42:59:952,-0.7288,1.5393,9.9591,0.0027,-0.008,9.8066,0.0232,0.1883,0.0304,-16.62,-32.81,26.63,310.15,-84.63,166.72
52.432487,-1.536901,181.43,8.86,2,149.35,20 / 21,1374309,2019-09-06 19:43:00:052,-0.6238,1.5232,9.8018,0.0116,-0.023,9.8065,0.0002,0.2042,-0.0171,-16.44,-32.5,26.06,311.96,-84.41,168.06
52.432487,-1.536901,181.43,8.86,2,149.35,20 / 21,1374409,2019-09-06 19:43:00:152,-0.784,1.5623,9.5591,0.0011,-0.0041,9.8066,0.0232,0.1958,-0.028,-17.06,-32.94,26.44,311.14,-84.22,169.1
52.432487,-1.536901,181.43,8.86,2,149.35,20 / 21,1374510,2019-09-06 19:43:00:253,-0.1463,0.2703,9.4054,0.0105,0.0026,9.8066,0.0215,0.1976,-0.0123,-17.44,-32.81,26.19,311.22,-84.11,169.26
52.432487,-1.536901,181.43,8.86,2,149.35,20 / 21,1374610,2019-09-06 19:43:00:353,-0.2502,0.3384,9.0812,0.0018,0.017,9.8066,0.0426,0.1756,-0.0856,-18,-32.75,25.56,308.45,-84.13,168.1
52.432487,-1.536901,181.43,8.86,2,149.35,20 / 21,1374709,2019-09-06 19:43:00:452,-0.6861,1.6867,9.6794,0.0088,0.012,9.8066,-0.039,0.2148,-0.0356,-17.75,-32.69,25.5,306.02,-84.19,165.77
52.432487,-1.536901,181.43,8.86,2,149.35,20 / 21,1374810,2019-09-06 19:43:00:553,-0.5265,1.6955,9.9415,-0.0037,0.0144,9.8066,-0.068,0.2225,-0.0124,-17.87,-32.94,24.75,301.81,-84.41,162.79
52.432487,-1.536901,181.43,8.86,2,149.35,20 / 21,1374910,2019-09-06 19:43:00:653,-1.2407,1.4738,10.1118,-0.0035,0.0034,9.8066,0.0157,0.2153,-0.0208,-17.37,-33.62,25.13,302.81,-84.52,162.33
52.432487,-1.536901,181.43,8.86,2,149.35,20 / 21,1375010,2019-09-06 19:43:00:753,-1.7069,0.8884,9.9461,-0.0092,0.007,9.8066,0.0038,0.1512,-0.0022,-18.25,-33.12,24.25,299.64,-84.69,161.7
52.432487,-1.536901,181.43,8.86,2,149.35,20 / 21,1375110,2019-09-06 19:43:00:853,-1.0601,1.0534,9.691,-0.0071,0.0108,9.8066,-0.0367,0.1953,-0.0393,-19,-33.37,23.69,297.67,-84.81,161.11
52.432487,-1.536901,181.43,8.86,2,149.35,20 / 21,1375211,2019-09-06 19:43:00:954,-0.9322,1.1091,9.8981,-0.001,0.0123,9.8066,0.0025,0.2542,-0.0545,-19.31,-33.75,23.13,294.76,-84.88,159.72
52.432487,-1.536901,181.43,8.86,2,149.35,20 / 21,1375310,2019-09-06 19:43:01:053,-0.8002,1.0475,9.7461,0.0032,0.0192,9.8066,-0.0149,0.1852,-0.0443,-19.31,-33.44,22.94,292.14,-84.95,156.96
52.432487,-1.536901,181.43,8.86,2,149.35,20 / 21,1375410,2019-09-06 19:43:01:153,-1.6315,0.3914,9.8245,-0.0021,0.0021,9.8065,-0.04,0.1767,0.0036,-19.37,-33.81,22.25,290.3,-84.97,156.72
52.432487,-1.536901,181.43,8.86,2,149.35,20 / 21,1375509,2019-09-06 19:43:01:252,-1.1081,0.7202,9.8242,-0.0022,0.0014,9.8066,0.0021,0.1879,-0.0164,-19.31,-33.44,22.44,290.24,-84.98,156.49
52.432487,-1.536901,181.43,8.86,2,149.35,20 / 21,1375610,2019-09-06 19:43:01:353,-1.0934,0.2817,9.6554,0.0074,-0.0031,9.8066,-0.0101,0.2009,0.0061,-19.37,-33.19,21.69,290.56,-84.89,156.9
52.432487,-1.536901,181.43,8.86,2,149.35,20 / 21,1375710,2019-09-06 19:43:01:453,-1.0529,0.0399,9.7231,0.0101,-0.0134,9.8066,0.0741,0.1714,-0.039,-19.12,-33.44,21.31,289.33,-84.81,157.27
52.432487,-1.536901,181.43,8.86,2,149.35,20 / 21,1375810,2019-09-06 19:43:01:553,-0.8015,-0.0122,9.9939,-0.0033,0.018,9.8065,0.0762,0.1427,-0.0055,-19.81,-34.06,21.5,289.19,-84.76,157.23
52.432487,-1.536901,181.43,8.86,2,149.35,20 / 21,1375910,2019-09-06 19:43:01:653,-1.0067,-0.3166,10.1927,-0.0053,0.0092,9.8066,-0.0236,0.1793,-0.0499,-20.69,-33.81,21,284.7,-84.78,155.57
52.432487,-1.536901,181.43,8.86,2,149.35,20 / 21,1376010,2019-09-06 19:43:01:753,-0.2051,-0.1631,10.0321,0.0224,0.0064,9.8066,0.0105,0.1486,-0.0302,-20.62,-33.87,20.56,282.21,-84.63,153.3
52.432487,-1.536901,181.43,8.86,2,149.35,20 / 21,1376109,2019-09-06 19:43:01:852,-0.1257,-0.0593,9.9877,0.0178,-0.001,9.8066,0.0572,0.164,-0.0244,-19.94,-33.81,20.75,282.51,-84.5,152.5
52.432487,-1.536901,181.43,8.86,2,149.35,20 / 21,1376214,2019-09-06 19:43:01:957,0.1519,-0.1764,9.8878,0.0056,0.0112,9.8066,0.0497,0.1498,-0.0061,-20,-34,20.75,281.39,-84.34,151.59
52.432487,-1.536901,181.43,8.86,2,149.35,20 / 21,1376310,2019-09-06 19:43:02:053,-0.0123,-0.702,9.9466,0.0047,0.0102,9.8066,-0.0363,0.1299,-0.023,-20.87,-33.62,20.69,279.27,-84.26,150.83
52.432487,-1.536901,181.43,8.86,2,149.35,20 / 21,1376410,2019-09-06 19:43:02:153,-0.621,0.4721,9.8242,0.0074,-0.0047,9.8065,-0.1158,0.1538,-0.0341,-20.06,-33.44,20.75,280.03,-84.16,150.26
52.432487,-1.536901,181.43,8.86,2,149.35,20 / 21,1376509,2019-09-06 19:43:02:252,-0.3425,-0.07,9.7318,0.01,0.0009,9.8066,0.0641,0.131,-0.0352,-20.31,-33.69,20.69,278.98,-84.13,149.47
52.432487,-1.536901,181.43,8.86,2,149.35,20 / 21,1376610,2019-09-06 19:43:02:353,-0.9894,-0.2065,9.6828,-0.0038,0.0198,9.8065,0.0092,0.1129,-0.023,-19.19,-33.19,20.31,277.21,-84.13,147.79
52.432487,-1.536901,181.43,8.86,2,149.35,20 / 21,1376709,2019-09-06 19:43:02:452,0.8907,-1.5202,10.2828,-0.0123,0.0103,9.8066,-0.0632,0.1601,-0.0732,-19.69,-33.25,19.81,274.82,-84.16,146.68
52.432487,-1.536901,181.43,8.86,2,149.35,20 / 21,1376809,2019-09-06 19:43:02:552,0.5836,-0.6236,9.713,0.0285,-0.0184,9.8066,-0.1354,0.1453,0.0076,-20.12,-32.56,19.75,273.55,-84.11,145.46
52.432487,-1.536901,181.43,8.86,2,149.35,20 / 21,1376910,2019-09-06 19:43:02:653,1.2524,-0.5006,9.8974,-0.0073,0.0204,9.8065,0.0078,0.1155,0.032,-20.87,-33.25,19.69,272.93,-83.92,146.3
52.432487,-1.536901,181.43,8.86,2,149.35,20 / 21,1377010,2019-09-06 19:43:02:753,1.595,-0.2981,9.9647,0.0092,-0.0108,9.8066,-0.0105,0.2241,-0.1063,-21.06,-33.06,19,271.15,-83.87,146.2
52.432487,-1.536901,181.43,8.86,2,149.35,20 / 21,1377110,2019-09-06 19:43:02:853,0.0444,-0.4768,10.2871,0.012,0.0087,9.8066,0.1108,0.2441,-0.0224,-21.19,-33.25,19.13,269.93,-83.8,145.07
52.432487,-1.536901,181.43,8.86,2,149.35,20 / 21,1377210,2019-09-06 19:43:02:953,1.2716,-0.3581,9.9815,0.0038,0.0123,9.8066,0.0533,0.1537,-0.0179,-21.25,-33,18.44,266.85,-83.62,143.88
52.432487,-1.536901,181.43,8.86,2,149.35,20 / 21,1377310,2019-09-06 19:43:03:053,2.5118,-0.6088,9.6733,-0.0078,0.0139,9.8066,-0.0477,0.2013,-0.0596,-21.37,-33.5,18.06,266.5,-83.52,143.65
52.432487,-1.536901,181.43,8.86,2,149.35,20 / 21,1377410,2019-09-06 19:43:03:153,0.2306,-1.1553,9.7639,0.0192,0.0026,9.8066,-0.1025,0.2396,0.0216,-20.81,-33.44,17.94,266.48,-83.46,143.7
52.432487,-1.536901,181.43,8.86,2,149.35,20 / 21,1377509,2019-09-06 19:43:03:252,1.4803,-0.4957,10.0152,0.0192,0.0014,9.8066,-0.0035,0.3061,-0.0036,-21,-33.56,16.69,263.08,-83.28,142.51
52.432487,-1.536901,181.43,8.86,2,149.35,20 / 21,1377609,2019-09-06 19:43:03:352,0.9921,-0.3092,9.8462,-0.0013,0.0109,9.8066,0.0142,0.2629,-0.0455,-21.44,-33.25,16.44,260,-83.19,141.08
52.432487,-1.536901,181.43,8.86,2,149.35,20 / 21,1377710,2019-09-06 19:43:03:453,0.5985,-0.163,9.5437,0.0072,0.0049,9.8066,-0.0328,0.2388,-0.0908,-21.25,-33.5,16.19,259.61,-83.06,140.83
52.432487,-1.536901,181.43,8.86,2,149.35,20 / 21,1377809,2019-09-06 19:43:03:552,0.5617,0.3924,9.5652,0.0035,0.0049,9.8066,-0.0521,0.3099,-0.0719,-21.87,-34,15.75,257.49,-82.88,140.12
52.432487,-1.536901,181.43,8.86,2,149.35,20 / 21,1377909,2019-09-06 19:43:03:652,-0.0707,0.8005,10.0341,0.0135,0.0053,9.8066,0.1107,0.2849,-0.0252,-21.94,-34.06,14.13,253.19,-82.77,139.7
52.432487,-1.536901,181.43,8.86,2,149.35,20 / 21,1378010,2019-09-06 19:43:03:753,-0.2313,0.2743,9.8179,-0.0065,0.0046,9.8066,0.0834,0.3297,-0.0181,-21.37,-33.94,14.19,254.26,-82.65,140.07
52.432487,-1.536901,181.43,8.86,2,149.35,20 / 21,1378109,2019-09-06 19:43:03:852,1.1212,-0.6331,9.9676,0.0055,-0.0009,9.8066,-0.0978,0.2698,-0.062,-21.75,-34,13.31,251.68,-82.55,140.45
52.432487,-1.536901,181.43,8.86,2,149.35,20 / 21,1378209,2019-09-06 19:43:03:952,1.0484,-0.2573,10.3734,0.0384,-0.0024,9.8065,0.011,0.3544,-0.0586,-22,-34.44,12.38,250.43,-82.26,141.65
52.432487,-1.536901,181.43,8.86,2,149.35,20 / 21,1378310,2019-09-06 19:43:04:053,1.0719,0.433,10.2413,0.0406,-0.0141,9.8065,-0.0202,0.3067,-0.0566,-22.25,-34.37,13.19,252.88,-82.01,142.41
52.432487,-1.536901,181.43,8.86,2,149.35,20 / 21,1378409,2019-09-06 19:43:04:152,0.9178,0.2276,9.5116,0.0094,-0.006,9.8065,0.0247,0.3658,-0.0148,-22.19,-34.94,12.88,254.32,-81.82,144.51
52.432487,-1.536901,181.43,8.86,2,149.35,20 / 21,1378510,2019-09-06 19:43:04:253,0.6658,-0.1099,10.1159,0.0059,-0.0103,9.8066,-0.0194,0.3054,-0.0029,-21.81,-35.19,11.38,251.21,-81.71,145.76
52.432487,-1.536901,181.43,8.86,2,149.35,20 / 21,1378609,2019-09-06 19:43:04:352,-0.0376,-0.1433,9.3181,0.0173,0.0075,9.8066,-0.0835,0.3417,-0.0426,-22.37,-34.87,10.75,250.63,-81.64,145.23
52.432487,-1.536901,181.43,8.86,2,149.35,20 / 21,1378710,2019-09-06 19:43:04:453,-0.229,1.4056,9.717,0.034,0.0037,9.8065,-0.1298,0.3251,-0.055,-22.06,-34.69,9.56,248.21,-81.5,145.12
52.432487,-1.536901,181.43,8.86,2,149.35,20 / 21,1378810,2019-09-06 19:43:04:553,0.0607,1.4066,9.4581,-0.0104,-0.0107,9.8066,0.1419,0.357,0.0123,-22.44,-34.31,9.56,248.41,-81.49,145.01
52.432487,-1.536901,181.43,8.86,2,149.35,20 / 21,1378910,2019-09-06 19:43:04:653,3.2223,-0.2665,10.1671,-0.0106,-0.0129,9.8066,0.1485,0.3399,0.0432,-21.81,-34.69,8.5,247.29,-81.47,146.55
52.432487,-1.536901,181.43,8.86,2,149.35,20 / 21,1379010,2019-09-06 19:43:04:753,2.193,-0.9272,10.169,0.027,-0.0098,9.8065,-0.0788,0.3436,-0.0717,-21.5,-34.69,8.06,246.32,-81.42,147.62
52.432487,-1.536901,181.43,8.86,2,149.35,20 / 21,1379110,2019-09-06 19:43:04:853,0.7675,0.2455,9.6105,0.0335,-0.0099,9.8066,-0.0363,0.4358,-0.0497,-22.37,-34.87,7.75,247.41,-81.23,149.47
52.432487,-1.536901,181.43,8.86,2,149.35,20 / 21,1379210,2019-09-06 19:43:04:953,1.3243,0.2462,10.5763,-0.0433,0.0068,9.8065,0.123,0.3117,0.0157,-21.87,-34.75,7.38,244.79,-81.29,148.98
52.432487,-1.536901,181.43,8.86,2,149.35,20 / 21,1379310,2019-09-06 19:43:05:053,1.3685,0.8325,10.4251,0.0579,-0.0043,9.8064,0.1575,0.3508,-0.0031,-21.56,-34.44,6.38,242.62,-81.23,148.84
52.43225,-1.536477,180.81,4.05,2,69.64,20 / 21,1379409,2019-09-06 19:43:05:152,1.1692,0.8279,9.6451,0.0146,-0.0023,9.8066,-0.1816,0.2994,-0.0165,-21.69,-35.12,5,240.91,-81.11,150.01
52.43225,-1.536477,180.81,4.05,2,69.64,20 / 21,1379510,2019-09-06 19:43:05:253,0.9702,-0.0284,9.3578,0.0595,-0.0076,9.8064,-0.1187,0.2959,-0.0195,-21.87,-34.75,4.38,240.53,-80.81,152.6
52.43225,-1.536477,180.81,4.05,2,69.64,20 / 21,1379609,2019-09-06 19:43:05:352,1.2733,0.0799,9.6168,0.0725,-0.0103,9.8063,0.1219,0.2413,-0.0134,-21.56,-34.31,4.13,241.8,-80.68,153.84
52.43225,-1.536477,180.81,4.05,2,69.64,20 / 21,1379710,2019-09-06 19:43:05:453,0.8054,-0.1625,10.066,-0.0462,-0.0082,9.8065,0.0599,0.2204,-0.0487,-21.12,-35.06,5.19,244.64,-80.67,154.85
52.43225,-1.536477,180.81,4.05,2,69.64,20 / 21,1379810,2019-09-06 19:43:05:553,1.1375,0.0844,10.2007,-0.0422,-0.0046,9.8065,-0.0281,0.1535,0.0072,-22,-35.44,3.38,240.1,-80.9,154.63
52.43225,-1.536477,180.81,4.05,2,69.64,20 / 21,1379910,2019-09-06 19:43:05:653,1.912,-0.1752,10.3402,0.0504,-0.0022,9.8065,-0.0312,0.1755,-0.0264,-21.44,-34.94,4.06,243.04,-80.66,155.8
52.43225,-1.536477,180.81,4.05,2,69.64,20 / 21,1380009,2019-09-06 19:43:05:752,0.3879,-0.4091,9.5983,0.0361,-0.0042,9.8065,0.0119,0.1308,0.0142,-20.81,-35,3.63,243.44,-80.68,156.21
52.43225,-1.536477,180.81,4.05,2,69.64,20 / 21,1380110,2019-09-06 19:43:05:853,0.441,-0.7763,9.724,-0.0009,-0.008,9.8066,-0.0263,0.1125,-0.0018,-21.44,-34.94,2.81,241.65,-80.7,156.91
52.43225,-1.536477,180.81,4.05,2,69.64,20 / 21,1380209,2019-09-06 19:43:05:952,1.1477,-0.2751,9.985,-0.0061,0.0014,9.8066,-0.0095,0.1117,-0.0054,-21.69,-34.69,3.56,244.28,-80.67,157.05
52.43225,-1.536477,180.81,4.05,2,69.64,20 / 21,1380309,2019-09-06 19:43:06:052,1.2369,-0.352,9.7938,0.0007,-0.006,9.8066,0.0097,0.0752,-0.0028,-20.25,-34.94,3.31,241.43,-80.66,157.01
52.43225,-1.536477,180.81,4.05,2,69.64,20 / 21,1380410,2019-09-06 19:43:06:153,1.0703,-1.0235,9.8376,0.0095,0.0004,9.8066,-0.051,0.0488,-0.0072,-21.12,-35,3.56,244.6,-80.69,157.52
52.43225,-1.536477,180.81,4.05,2,69.64,20 / 21,1380510,2019-09-06 19:43:06:253,1.6328,-0.9206,10.1158,0.0178,0.0035,9.8066,-0.0136,0.0417,0.0391,-21.31,-34.56,3.06,242.11,-80.61,157.58
52.43225,-1.536477,180.81,4.05,2,69.64,20 / 21,1380610,2019-09-06 19:43:06:353,0.2282,-0.6959,9.5244,0.0183,-0.0021,9.8066,0.0508,0.0017,-0.0064,-20.87,-34.94,3.38,242.29,-80.62,157.77
52.43225,-1.536477,180.81,4.05,2,69.64,20 / 21,1380710,2019-09-06 19:43:06:453,0.7002,-0.3022,9.9479,-0.0097,-0.0013,9.8065,0.0334,0.0256,-0.0352,-21.19,-34.56,3.06,242.25,-80.69,157.61
52.43225,-1.536477,180.81,4.05,2,69.64,20 / 21,1380810,2019-09-06 19:43:06:553,1.7719,-0.6042,10.1882,-0.0175,0.0012,9.8066,-0.0765,0.0004,0.0319,-21.19,-34.5,2.06,239.95,-80.72,157.31
52.43225,-1.536477,180.81,4.05,2,69.64,20 / 21,1380910,2019-09-06 19:43:06:653,0.2422,-0.7409,9.7039,0.0171,0.0018,9.8066,-0.0618,0.0172,-0.0136,-20.31,-34.19,2.75,242.2,-80.76,157.32
52.43225,-1.536477,180.81,4.05,2,69.64,20 / 21,1381009,2019-09-06 19:43:06:752,1.4335,-1.0489,9.8684,0.0151,0.0051,9.8066,-0.0146,0.0349,-0.013,-20.62,-34.56,2.88,241.78,-80.66,157.13
52.43225,-1.536477,180.81,4.05,2,69.64,20 / 21,1381110,2019-09-06 19:43:06:853,0.0714,-0.1937,9.5959,0.0037,0.0019,9.8066,-0.0297,-0.0166,0.0417,-21.5,-34.06,2.81,241.55,-80.63,156.5
52.43225,-1.536477,180.81,4.05,2,69.64,20 / 21,1381209,2019-09-06 19:43:06:952,0.4717,-0.5857,9.9647,0.0052,0.0012,9.8066,0.0604,-0.07,0.0118,-20.75,-34.37,2.88,241.73,-80.59,156.76
52.43225,-1.536477,180.81,4.05,2,69.64,20 / 21,1381310,2019-09-06 19:43:07:053,0.3156,-0.691,9.8393,0.0019,0,9.8066,0.0153,-0.0034,-0.0652,-21.06,-34.5,2.44,239.24,-80.54,156.75
52.43225,-1.536477,180.81,4.05,2,69.64,20 / 21,1381409,2019-09-06 19:43:07:152,0.9647,-0.9119,9.7085,0.002,0.0012,9.8066,0.0203,0.0239,-0.0278,-21.12,-34.56,2.5,240.99,-80.46,156.51
52.43225,-1.536477,180.81,4.05,2,69.64,20 / 21,1381510,2019-09-06 19:43:07:253,-0.2093,-0.8454,9.868,0.0068,0.004,9.8066,0.0054,0.0388,-0.0443,-20.5,-35.5,2.44,237.98,-80.42,156.27
52.43225,-1.536477,180.81,4.05,2,69.64,20 / 21,1381609,2019-09-06 19:43:07:352,-0.051,-1.331,9.8873,-0.0118,0.0044,9.8066,0.0245,-0.0161,0.0289,-21.25,-35.06,2.13,238.35,-80.45,156.25
52.43225,-1.536477,180.81,4.05,2,69.64,20 / 21,1381710,2019-09-06 19:43:07:453,-0.1051,-0.5806,10.0846,-0.006,-0.0057,9.8066,-0.0487,0.0099,0.0127,-20.75,-34.81,3.44,240.71,-80.51,156.11
52.43225,-1.536477,180.81,4.05,2,69.64,20 / 21,1381809,2019-09-06 19:43:07:552,0.4624,-1.4019,10.2112,0.0046,-0.0002,9.8066,-0.0214,-0.0348,0.0242,-20.81,-34.81,2.19,237.77,-80.49,155.53
52.43225,-1.536477,180.81,4.05,2,69.64,20 / 21,1381909,2019-09-06 19:43:07:652,-0.2417,-0.8832,9.7771,-0.0024,-0.0036,9.8066,0.0981,0.0174,0.055,-21.06,-34.69,2.5,240.47,-80.5,155.85
52.43225,-1.536477,180.81,4.05,2,69.64,20 / 21,1382010,2019-09-06 19:43:07:753,0.4121,-0.4599,9.8588,-0.0135,-0.0119,9.8066,0.0526,-0.0107,0.0112,-21.31,-35.19,2.38,238.6,-80.55,156.4
52.43225,-1.536477,180.81,4.05,2,69.64,20 / 21,1382110,2019-09-06 19:43:07:853,0.2331,-0.6531,10.0442,-0.0187,-0.0012,9.8065,-0.0501,-0.0427,-0.0088,-21.62,-34.37,1.94,239.39,-80.55,156.53
52.43225,-1.536477,180.81,4.05,2,69.64,20 / 21,1382210,2019-09-06 19:43:07:953,0.8247,-0.8658,9.5621,-0.0013,0.0084,9.8066,-0.0043,0.0031,0.0121,-20.87,-35.19,2.63,241.66,-80.55,157.14
52.43225,-1.536477,180.81,4.05,2,69.64,20 / 21,1382311,2019-09-06 19:43:08:054,0.2493,-0.8045,9.9281,0.0196,0.0076,9.8066,-0.0033,0.0294,0.0659,-21.81,-35.37,2.88,241.39,-80.51,156.63
52.43225,-1.536477,180.81,4.05,2,69.64,20 / 21,1382410,2019-09-06 19:43:08:153,-0.0736,-1.162,9.9092,0.0118,-0.0153,9.8066,-0.1067,-0.015,-0.0122,-20.94,-35.31,2.5,241.93,-80.62,157.35
52.43225,-1.536477,180.81,4.05,2,69.64,20 / 21,1382509,2019-09-06 19:43:08:252,-0.4761,-0.7647,10.1333,0.0042,0.004,9.8066,0.1096,-0.0587,0.0022,-21.56,-35.25,2.38,239.88,-80.64,157.36
52.43225,-1.536477,180.81,4.05,2,69.64,20 / 21,1382610,2019-09-06 19:43:08:353,-0.1256,-1.3884,9.9229,-0.0105,-0.0027,9.8066,0.0812,-0.0129,-0.0398,-21,-35.06,2.69,241.65,-80.65,156.98
52.43225,-1.536477,180.81,4.05,2,69.64,20 / 21,1382709,2019-09-06 19:43:08:452,-0.3964,-1.3075,9.8597,-0.0087,-0.0033,9.8066,-0.0348,0.0302,-0.0653,-21.31,-35.31,2.69,241.65,-80.6,157.06
52.43225,-1.536477,180.81,4.05,2,69.64,20 / 21,1382809,2019-09-06 19:43:08:552,0.1995,-0.8635,9.8197,-0.0089,0.003,9.8066,0.096,-0.0084,0.0209,-21.31,-34.69,1.88,239.22,-80.51,157.16
52.43225,-1.536477,180.81,4.05,2,69.64,20 / 21,1382909,2019-09-06 19:43:08:652,0.2843,-1.5186,9.8855,-0.0116,-0.0083,9.8066,-0.061,0.04,-0.0268,-20.44,-35,2.44,239.03,-80.53,157.34
52.43225,-1.536477,180.81,4.05,2,69.64,20 / 21,1383010,2019-09-06 19:43:08:753,-0.5433,-2.2883,9.6753,0.0117,0.0103,9.8065,-0.0418,-0.0803,0.0919,-21.81,-35.75,2.19,238.99,-80.42,157.03
52.43225,-1.536477,180.81,4.05,2,69.64,20 / 21,1383110,2019-09-06 19:43:08:853,-0.2014,-1.3996,9.8029,0.0175,-0.0053,9.8066,0.0453,0.0069,0.0056,-21.69,-35.44,2.69,242.11,-80.44,157.54
52.43225,-1.536477,180.81,4.05,2,69.64,20 / 21,1383209,2019-09-06 19:43:08:952,-0.4417,-0.8578,9.7187,-0.0128,-0.0011,9.8066,0.0478,-0.0412,-0.0142,-21.94,-35.19,3.06,242.03,-80.53,157.32
52.43225,-1.536477,180.81,4.05,2,69.64,20 / 21,1383310,2019-09-06 19:43:09:053,-0.0983,-0.44,9.7127,-0.0206,0.0023,9.8066,0.0617,-0.026,-0.0578,-22,-35.25,3,241.93,-80.47,157.3
52.43225,-1.536477,180.81,4.05,2,69.64,20 / 21,1383409,2019-09-06 19:43:09:152,-0.4203,-0.7781,9.5133,0.0185,0.0051,9.8065,-0.1304,-0.0039,0.0077,-20.94,-35.44,3.44,241.44,-80.48,156.99
52.43225,-1.536477,180.81,4.05,2,69.64,20 / 21,1383510,2019-09-06 19:43:09:253,-0.4387,-0.751,9.5543,-0.0285,-0.0008,9.8065,0.0512,-0.0041,0.0081,-20.81,-35.31,3.06,241,-80.48,156.49
52.43225,-1.536477,180.81,4.05,2,69.64,20 / 21,1383610,2019-09-06 19:43:09:353,0.3083,-1.1748,9.9842,-0.0038,-0.0068,9.8066,0.0051,-0.0315,0.0232,-21.12,-35.06,3.06,241.03,-80.6,156.36
52.43225,-1.536477,180.81,4.05,2,69.64,20 / 21,1383710,2019-09-06 19:43:09:453,-0.5075,-0.5457,9.7287,0.0173,0.0055,9.8065,0.0127,-0.0171,-0.0131,-21,-35.5,3.31,241.29,-80.55,156.71
52.43225,-1.536477,180.81,4.05,2,69.64,20 / 21,1383810,2019-09-06 19:43:09:553,-0.2328,-0.8051,9.4124,-0.0227,0.0045,9.8066,0.0405,0.0324,-0.0483,-20.44,-35,3.38,240.61,-80.67,156.06
52.43225,-1.536477,180.81,4.05,2,69.64,20 / 21,1383910,2019-09-06 19:43:09:653,-1.5927,1.5329,11.1978,-0.0219,0.0183,9.8065,0.2304,-0.0002,-0.0676,-20.19,-35.06,2.69,239.38,-80.6,154.73
52.43225,-1.536477,180.81,4.05,2,69.64,20 / 21,1384009,2019-09-06 19:43:09:752,1.07,-0.1225,10.8613,-0.0308,-0.0019,9.8066,0.2949,0.037,-0.051,-20.69,-34.5,2.94,240.29,-80.72,154.94
52.43225,-1.536477,180.81,4.05,2,69.64,20 / 21,1384109,2019-09-06 19:43:09:852,2.0496,-1.4276,10.5654,-0.0523,-0.0039,9.8064,-0.2363,-0.0649,0.0522,-20.81,-34.69,3.38,239.56,-80.88,154.27
52.43225,-1.536477,180.81,4.05,2,69.64,20 / 21,1384214,2019-09-06 19:43:09:957,-2.5135,-1.0518,8.8734,0.0578,0.0202,9.8064,-0.2889,-0.0509,-0.0717,-20.5,-34.37,2.88,239.1,-80.88,153.59
52.43225,-1.536477,180.81,4.05,2,69.64,20 / 21,1384310,2019-09-06 19:43:10:053,-1.2336,0.2026,9.3629,-0.0876,-0.0025,9.8062,0.2925,-0.0605,0.0259,-19.81,-34.25,2.44,236.01,-80.44,153.52
52.43225,-1.536477,180.81,4.05,2,69.64,20 / 21,1384409,2019-09-06 19:43:10:152,-1.0174,-1.0878,9.4342,-0.0709,-0.0017,9.8063,0.1905,0.0383,-0.0586,-20,-34.56,2.44,234.29,-80.83,151.36
52.43225,-1.536477,180.81,4.05,2,69.64,20 / 21,1384510,2019-09-06 19:43:10:253,-0.4092,-0.6336,10.0713,-0.0572,-0.001,9.8064,-0.0999,0.015,-0.0183,-19.81,-33.81,1.69,233.91,-80.77,150.61
52.43225,-1.536477,180.81,4.05,2,69.64,20 / 21,1384609,2019-09-06 19:43:10:352,-0.9828,-0.5921,9.9962,0.042,0.0181,9.8065,-0.1219,0.0069,-0.0545,-20.62,-34.31,1.38,231.66,-80.44,150.81
52.43225,-1.536477,180.81,4.05,2,69.64,20 / 21,1384710,2019-09-06 19:43:10:453,-1.1217,-0.9934,9.6235,-0.0436,-0.0018,9.8065,0.0924,0.0209,-0.0025,-21.81,-34.5,1.44,231.26,-80.32,150.04
52.43225,-1.536477,180.81,4.05,2,69.64,20 / 21,1384810,2019-09-06 19:43:10:553,-0.4079,-0.9201,9.6902,-0.0204,0.0005,9.8066,0.0127,0.0008,-0.0184,-22.12,-34.06,1.75,233.19,-80.31,149.68
52.43225,-1.536477,180.81,4.05,2,69.64,20 / 21,1384909,2019-09-06 19:43:10:652,-0.6731,-0.5384,9.9793,-0.0153,0.0049,9.8065,-0.0074,-0.0006,-0.0114,-23,-34.19,3.5,237.07,-80.38,148.74
52.43225,-1.536477,180.81,4.05,2,69.64,20 / 21,1385010,2019-09-06 19:43:10:753,-0.4933,-0.3836,9.8898,0.008,0.0053,9.8066,0.009,0.0069,-0.0174,-21.5,-34.56,4.38,236.15,-80.28,148.4
52.43225,-1.536477,180.81,4.05,2,69.64,20 / 21,1385110,2019-09-06 19:43:10:853,-0.401,-0.5777,9.6091,-0.0049,0.004,9.8066,-0.0051,0.0169,0.003,-22.12,-34.69,3.31,233.7,-80.24,148.09
52.43225,-1.536477,180.81,4.05,2,69.64,20 / 21,1385209,2019-09-06 19:43:10:952,-0.6778,-0.435,9.7766,-0.0051,-0.0017,9.8066,0.0215,0.0239,-0.0168,-21.06,-34.5,3.75,236.05,-80.26,147.91
52.43225,-1.536477,180.81,4.05,2,69.64,20 / 21,1385310,2019-09-06 19:43:11:053,-0.8928,-0.8199,9.9096,-0.0113,0.0016,9.8066,-0.0225,0.0205,-0.0385,-21.56,-34.5,3.5,236.09,-80.26,147.85
52.43225,-1.536477,180.81,4.05,2,69.64,20 / 21,1385409,2019-09-06 19:43:11:152,-0.4209,-0.2837,9.5563,0.005,0.0054,9.8066,-0.0036,0.0361,0.022,-21.37,-34.06,3.81,235.4,-80.2,147.22
52.43225,-1.536477,180.81,4.05,2,69.64,20 / 21,1385509,2019-09-06 19:43:11:252,-0.5832,-1.0887,9.9171,0.0114,-0.0066,9.8066,-0.0437,0.0683,-0.0289,-21.44,-34.75,3.31,233.07,-80.2,147.63
52.43225,-1.536477,180.81,4.05,2,69.64,20 / 21,1385610,2019-09-06 19:43:11:353,-0.6002,-0.4989,9.954,-0.0055,0.0016,9.8066,-0.0387,0.0278,-0.0065,-22,-35.25,2.56,232.96,-80.22,147.26
52.43225,-1.536477,180.81,4.05,2,69.64,20 / 21,1385709,2019-09-06 19:43:11:452,-0.3754,-0.4595,9.7325,0.0016,-0.0003,9.8066,0.0337,0.0525,-0.0008,-21.94,-34,2.31,230.97,-80.19,147.21
52.43225,-1.536477,180.81,4.05,2,69.64,20 / 21,1385810,2019-09-06 19:43:11:553,-0.25,-0.6597,9.7615,0.0094,0.003,9.8066,-0.0002,0.0071,-0.0063,-22.31,-34.19,1.19,228.82,-80.14,147.38
52.43225,-1.536477,180.81,4.05,2,69.64,20 / 21,1385910,2019-09-06 19:43:11:653,-0.9987,-0.474,9.6335,-0.0202,-0.0097,9.8066,0.0717,-0.0108,0.0092,-22.75,-33.75,1.25,229.4,-80.23,147.56
52.43225,-1.536477,180.81,4.05,2,69.64,20 / 21,1386010,2019-09-06 19:43:11:753,-0.0917,-0.8619,10.1552,-0.0211,-0.0044,9.8066,0.0571,0.0554,-0.0424,-22.25,-33.56,-0.37,227.08,-80.22,147.83
52.43225,-1.536477,180.81,4.05,2,69.64,20 / 21,1386109,2019-09-06 19:43:11:852,-1.1173,-0.488,9.7119,0.0253,0.0004,9.8066,-0.078,0.0701,-0.0101,-19.94,-34.5,-1.12,224.19,-80.17,148.38
52.43225,-1.536477,180.81,4.05,2,69.64,20 / 21,1386210,2019-09-06 19:43:11:953,-1.1437,-1.0633,9.5147,0.0217,-0.0008,9.8066,-0.0678,0.0231,0.006,-18.44,-34.75,-1.12,222.71,-80.23,148.46
52.43225,-1.536477,180.81,4.05,2,69.64,20 / 21,1386310,2019-09-06 19:43:12:053,-1.4642,-1.0674,9.5939,-0.02,-0.0084,9.8065,0.135,0.0077,0.0119,-17.87,-34.5,-0.5,225.87,-80.28,148.79
52.43225,-1.536477,180.81,4.05,2,69.64,20 / 21,1386410,2019-09-06 19:43:12:153,-0.3322,-0.8931,10.0067,0.0229,-0.0047,9.8066,0.1241,0.0051,0.0139,-16.94,-34.87,1.38,227.68,-80.39,148.72
52.43225,-1.536477,180.81,4.05,2,69.64,20 / 21,1386509,2019-09-06 19:43:12:252,-0.4211,-0.2955,9.9262,0.009,0.0036,9.8066,-0.0979,-0.0031,0.0021,-18.56,-35.06,0,226.58,-80.31,149.29
52.43225,-1.536477,180.81,4.05,2,69.64,20 / 21,1386610,2019-09-06 19:43:12:353,-1.3007,-1.2527,9.6034,0.0173,0.0002,9.8066,-0.0688,0.0599,0.0346,-19.56,-34.69,0.38,227.43,-80.29,149.68
52.43225,-1.536477,180.81,4.05,2,69.64,20 / 21,1386709,2019-09-06 19:43:12:452,-1.5086,-1.5116,9.7737,-0.0098,-0.0014,9.8066,0.0074,0.064,-0.0642,-20.56,-34.31,0.94,230.92,-80.39,150.01
52.43225,-1.536477,180.81,4.05,2,69.64,20 / 21,1386809,2019-09-06 19:43:12:552,-1.5061,-0.2473,9.8886,-0.0084,0.0003,9.8066,0.0528,0.0488,-0.0229,-22.31,-34.56,1.25,230.71,-80.43,149.61
52.43225,-1.536477,180.81,4.05,2,69.64,20 / 21,1386909,2019-09-06 19:43:12:652,-1.7093,-1.0682,9.9862,0.0018,-0.0056,9.8065,-0.0358,0.0206,-0.0027,-21.62,-34.75,1.75,233.11,-80.49,149.73
52.43225,-1.536477,180.81,4.05,2,69.64,20 / 21,1387009,2019-09-06 19:43:12:752,-1.6174,-0.9404,9.7147,-0.0179,-0.0037,9.8065,-0.0156,0.0156,-0.0008,-21.69,-35.44,3,235.45,-80.57,149.71
52.43225,-1.536477,180.81,4.05,2,69.64,20 / 21,1387109,2019-09-06 19:43:12:852,-1.9998,-0.6237,9.4492,0.0381,-0.0028,9.8065,-0.0262,0.0457,0.0282,-20.62,-35.06,3,236.02,-80.44,150.78
52.43225,-1.536477,180.81,4.05,2,69.64,20 / 21,1387209,2019-09-06 19:43:12:952,-2.281,-1.0075,9.4946,0.0415,-0.0037,9.8065,-0.0657,-0.0072,0.019,-19.94,-34.75,3.19,236.21,-80.48,151.21
52.43225,-1.536477,180.81,4.05,2,69.64,20 / 21,1387309,2019-09-06 19:43:13:052,-1.4618,-1.1406,9.8948,-0.034,-0.0064,9.8065,0.071,0.0682,0.005,-20.12,-35.56,2.31,233.42,-80.66,150.95
52.43225,-1.536477,180.81,4.05,2,69.64,20 / 21,1387410,2019-09-06 19:43:13:153,-1.8964,-0.7324,10.0496,-0.0195,-0.0131,9.8065,0.0767,0.0236,0.034,-20.37,-35.62,2.69,236.48,-80.68,151.64
52.43225,-1.536477,180.81,4.05,2,69.64,20 / 21,1387509,2019-09-06 19:43:13:252,-1.9419,-0.6712,10.0186,0.0256,-0.0076,9.8065,-0.0024,0.0354,0.0378,-19.31,-35.75,2.75,236.59,-80.71,152.02
52.43225,-1.536477,180.81,4.05,2,69.64,20 / 21,1387610,2019-09-06 19:43:13:353,-2.2889,-0.39,9.828,-0.0006,-0.0064,9.8066,0.0056,0.0575,0.0055,-20,-36.19,2,235.38,-80.6,153.38
52.43225,-1.536477,180.81,4.05,2,69.64,20 / 21,1387709,2019-09-06 19:43:13:452,-1.8834,-1.0769,9.6603,-0.0025,-0.0138,9.8065,0.0486,0.0415,0.0118,-19.69,-35.94,1.88,236.44,-80.64,154.55
52.43225,-1.536477,180.81,4.05,2,69.64,20 / 21,1387810,2019-09-06 19:43:13:553,-1.7857,-0.6211,9.5521,-0.006,-0.0114,9.8066,0.029,0.0337,0.0358,-20,-35.94,2.5,239.71,-80.67,155.42
52.43225,-1.536477,180.81,4.05,2,69.64,20 / 21,1387910,2019-09-06 19:43:13:653,-1.8987,-0.907,9.8408,-0.0049,-0.0112,9.8066,-0.0041,0.0553,0.0087,-20.37,-36.12,1.56,238.05,-80.72,156.33
52.43225,-1.536477,180.81,4.05,2,69.64,20 / 21,1388010,2019-09-06 19:43:13:753,-1.772,-0.7051,9.8272,-0.0069,-0.0064,9.8066,-0.0239,0.0452,-0.0077,-19.81,-36.44,1.56,238.74,-80.84,156.94
52.43225,-1.536477,180.81,4.05,2,69.64,20 / 21,1388109,2019-09-06 19:43:13:852,-2.2582,-0.4946,9.5303,0.0127,-0.0061,9.8066,0.0274,0.0917,-0.0016,-19.87,-36.37,1.88,239.01,-80.89,157.18
52.43225,-1.536477,180.81,4.05,2,69.64,20 / 21,1388210,2019-09-06 19:43:13:953,-2.1799,-0.2598,9.3735,0.0175,0.0046,9.8066,-0.0293,0.1021,-0.0111,-20.56,-36.75,1.19,236.75,-80.86,157.33
52.43225,-1.536477,180.81,4.05,2,69.64,20 / 21,1388310,2019-09-06 19:43:14:053,-1.733,-0.1684,9.5834,-0.0117,-0.012,9.8065,0.0044,0.1165,-0.0014,-20.19,-36.37,1.44,237.11,-81.01,157.7
52.432564,-1.535696,179.31,5.43,3,51.37,20 / 21,1388409,2019-09-06 19:43:14:152,-2.1139,-0.2101,9.6472,-0.0192,-0.0116,9.8066,0.0342,0.1254,-0.0188,-19.81,-36.44,1.38,237.53,-81.1,158.04
52.432564,-1.535696,179.31,5.43,3,51.37,20 / 21,1388509,2019-09-06 19:43:14:252,-2.3003,-0.5062,9.8478,0.0029,0.0002,9.8066,-0.0365,0.1312,-0.0181,-19.25,-36.37,0.94,237.36,-81.12,158.4
52.432564,-1.535696,179.31,5.43,3,51.37,20 / 21,1388609,2019-09-06 19:43:14:352,-2.2626,-0.5392,10.1327,0.0045,0.0105,9.8066,-0.028,0.1511,-0.0388,-19.87,-36.12,0.5,237.44,-81.14,157.88
52.432564,-1.535696,179.31,5.43,3,51.37,20 / 21,1388709,2019-09-06 19:43:14:452,-2.5624,-0.4713,9.536,-0.0162,0.0017,9.8065,-0.0229,0.1565,-0.0437,-19.44,-36.69,0.06,233.21,-81.22,156.77
52.432564,-1.535696,179.31,5.43,3,51.37,20 / 21,1388810,2019-09-06 19:43:14:553,-2.5002,-0.7196,9.4032,0.0036,-0.0047,9.8066,0.0342,0.1375,0.0171,-18.69,-36.06,-0.12,233.8,-81.3,156.96
52.432564,-1.535696,179.31,5.43,3,51.37,20 / 21,1388910,2019-09-06 19:43:14:653,-2.7928,-0.5119,10.0419,-0.0088,0.0056,9.8066,0.0034,0.1731,-0.0473,-19.06,-36.75,-0.06,233.24,-81.29,156.69
52.432564,-1.535696,179.31,5.43,3,51.37,20 / 21,1389010,2019-09-06 19:43:14:753,-2.3877,-1.0325,10.0267,-0.0034,-0.0008,9.8066,0.0485,0.1672,-0.0463,-18.5,-37,-0.81,229.86,-81.23,156.64
52.432564,-1.535696,179.31,5.43,3,51.37,20 / 21,1389110,2019-09-06 19:43:14:853,-2.7166,-0.6967,10.0247,0.022,0.0217,9.8065,-0.0003,0.1891,-0.0326,-18.12,-36.5,-1.37,229.86,-81.09,156.48
52.432564,-1.535696,179.31,5.43,3,51.37,20 / 21,1389209,2019-09-06 19:43:14:952,-2.3744,-0.7192,9.2344,0.0151,0.0081,9.8066,-0.0006,0.1809,-0.0248,-18.37,-36.81,-1,229,-80.8,156.25
52.432564,-1.535696,179.31,5.43,3,51.37,20 / 21,1389310,2019-09-06 19:43:15:053,-2.1057,-0.881,9.4288,0.0036,-0.0052,9.8066,-0.0033,0.1639,-0.0111,-17.31,-36.81,-1.06,228.74,-80.8,156.99
52.432564,-1.535696,179.31,5.43,3,51.37,20 / 21,1389410,2019-09-06 19:43:15:153,-1.751,-1.1596,9.5754,-0.0021,0.0002,9.8066,-0.0077,0.1781,-0.0423,-17.12,-36.81,-1.25,228.76,-80.82,156.99
52.432564,-1.535696,179.31,5.43,3,51.37,20 / 21,1389510,2019-09-06 19:43:15:253,-1.9552,-1.1497,10.0642,-0.0018,0.0105,9.8066,-0.0308,0.1614,-0.048,-17.25,-37.37,-1.94,225.52,-80.81,156.21
52.432564,-1.535696,179.31,5.43,3,51.37,20 / 21,1389610,2019-09-06 19:43:15:353,-1.9598,-0.6124,10.0261,0.0047,0.0138,9.8066,-0.0237,0.1595,-0.0685,-17.44,-37.19,-1.75,224.85,-80.74,155.48
52.432564,-1.535696,179.31,5.43,3,51.37,20 / 21,1389709,2019-09-06 19:43:15:452,-2.467,-1.2301,10.0085,-0.0036,-0.0048,9.8066,0.0772,0.1416,-0.0104,-17.31,-36.81,-2.37,224.47,-80.67,155.11
52.432564,-1.535696,179.31,5.43,3,51.37,20 / 21,1389809,2019-09-06 19:43:15:552,-1.352,-0.7389,9.5836,-0.0145,0.0017,9.8066,0.0806,0.1676,-0.0205,-16.62,-37.25,-2.19,224.38,-80.67,154.99
52.432564,-1.535696,179.31,5.43,3,51.37,20 / 21,1389909,2019-09-06 19:43:15:652,-1.2114,-1.0578,9.5174,0.0239,0.005,9.8065,-0.047,0.1479,-0.0086,-15.94,-37.69,-2.44,223.42,-80.51,155.75
52.432564,-1.535696,179.31,5.43,3,51.37,20 / 21,1390009,2019-09-06 19:43:15:752,-1.0253,-1.0229,9.5279,0.0185,0.0038,9.8066,-0.06,0.139,-0.0099,-15.87,-37.12,-2.06,224.02,-80.52,156.09
52.432564,-1.535696,179.31,5.43,3,51.37,20 / 21,1390109,2019-09-06 19:43:15:852,-0.7896,-1.1472,10.011,-0.0065,-0.0084,9.8066,0.0577,0.1207,-0.0071,-15.44,-36.81,-2.81,220.64,-80.54,156.66
52.432564,-1.535696,179.31,5.43,3,51.37,20 / 21,1390210,2019-09-06 19:43:15:953,-0.5722,-0.9462,10.0058,-0.0056,-0.0029,9.8066,0.0451,0.1234,-0.0292,-15.06,-36.94,-2.69,220.72,-80.51,156.82
52.432564,-1.535696,179.31,5.43,3,51.37,20 / 21,1390310,2019-09-06 19:43:16:053,-0.3744,-0.5978,9.847,0.0038,0.0043,9.8066,0.0298,0.1308,-0.0282,-15.37,-36.62,-3.12,220.66,-80.45,156.82
52.432564,-1.535696,179.31,5.43,3,51.37,20 / 21,1390410,2019-09-06 19:43:16:153,-0.1911,-0.5154,9.6927,0.0056,0.0031,9.8066,0.025,0.1403,0.0034,-15.19,-37.19,-2.75,220.61,-80.36,156.91
52.432564,-1.535696,179.31,5.43,3,51.37,20 / 21,1390509,2019-09-06 19:43:16:252,-0.1634,-0.7426,9.8531,0.0036,0.0044,9.8066,-0.0013,0.1356,-0.0249,-15.69,-37.56,-2.75,221.56,-80.27,157.04
52.432564,-1.535696,179.31,5.43,3,51.37,20 / 21,1390609,2019-09-06 19:43:16:352,-0.4119,-0.6292,9.8544,0.0029,0.0008,9.8066,0.0106,0.1112,-0.011,-15.37,-37.56,-2.94,220.3,-80.24,157.1
52.432564,-1.535696,179.31,5.43,3,51.37,20 / 21,1390710,2019-09-06 19:43:16:453,-0.0862,-0.1978,9.7427,0.0007,0.0034,9.8066,0.0085,0.1278,-0.03,-14.44,-37.19,-2.12,221.81,-80.15,156.99
52.432564,-1.535696,179.31,5.43,3,51.37,20 / 21,1390810,2019-09-06 19:43:16:553,0.0398,-0.258,9.9604,0.0024,-0.0008,9.8066,0.0292,0.1306,-0.0032,-15.06,-36.94,-3.62,218.04,-80.13,157.22
52.432564,-1.535696,179.31,5.43,3,51.37,20 / 21,1390910,2019-09-06 19:43:16:653,0.2531,-0.4651,10.0729,-0.0006,-0.0008,9.8066,-0.0342,0.1479,-0.0161,-14.06,-37.37,-3.19,219.27,-80.16,157.29
52.432564,-1.535696,179.31,5.43,3,51.37,20 / 21,1391009,2019-09-06 19:43:16:752,-0.0762,-0.6076,9.7268,-0.0001,0.0031,9.8066,-0.0087,0.1463,-0.0137,-14.31,-37.25,-3.75,216.53,-80.23,157.02
52.432564,-1.535696,179.31,5.43,3,51.37,20 / 21,1391110,2019-09-06 19:43:16:853,-0.5107,-0.3452,9.7593,-0.0092,-0.0042,9.8066,0.0276,0.1258,-0.014,-13.62,-37.12,-3.56,216.15,-80.33,156.37
52.432564,-1.535696,179.31,5.43,3,51.37,20 / 21,1391218,2019-09-06 19:43:16:961,-0.1975,-0.3707,9.8122,-0.0037,0.0006,9.8066,0.0136,0.1332,-0.0324,-14,-36.44,-3.87,216.38,-80.38,156.19
52.432564,-1.535696,179.31,5.43,3,51.37,20 / 21,1391310,2019-09-06 19:43:17:053,-0.1292,-0.7345,9.7047,-0.0066,0,9.8066,-0.0332,0.1277,-0.0193,-13.19,-37,-4.06,214.3,-80.48,155.78
52.432564,-1.535696,179.31,5.43,3,51.37,20 / 21,1391410,2019-09-06 19:43:17:153,-0.481,-0.356,9.7181,-0.0052,0.0064,9.8066,-0.0459,0.1704,-0.0787,-12.94,-36.81,-4.31,213.71,-80.58,154.82
52.432564,-1.535696,179.31,5.43,3,51.37,20 / 21,1391510,2019-09-06 19:43:17:253,-0.475,-0.4757,9.9482,-0.0178,-0.0032,9.8066,0.0505,0.1558,-0.0178,-13.44,-36.81,-4.37,212.93,-80.68,153.6
52.432564,-1.535696,179.31,5.43,3,51.37,20 / 21,1391610,2019-09-06 19:43:17:353,-0.0393,-0.0878,9.884,-0.0132,-0.007,9.8065,0.0401,0.1385,-0.0232,-12.62,-37.5,-4.12,212.7,-80.69,153.27
52.432564,-1.535696,179.31,5.43,3,51.37,20 / 21,1391709,2019-09-06 19:43:17:452,-0.41,-0.1985,9.738,0.0141,-0.0004,9.8066,-0.023,0.1482,0.0146,-12.44,-37.75,-5.25,208.31,-80.67,153.65
52.432564,-1.535696,179.31,5.43,3,51.37,20 / 21,1391809,2019-09-06 19:43:17:552,0.3332,-0.4406,9.6226,0.0098,-0.0058,9.8066,-0.0217,0.1835,0.0077,-12.5,-37.62,-4.75,208.79,-80.76,154.2
52.432564,-1.535696,179.31,5.43,3,51.37,20 / 21,1391909,2019-09-06 19:43:17:652,0.9209,0.3654,10.1294,0.004,-0.0042,9.8066,0.0076,0.1853,-0.0083,-12.62,-37.06,-5.44,211.5,-80.87,154.99
52.432564,-1.535696,179.31,5.43,3,51.37,20 / 21,1392009,2019-09-06 19:43:17:752,0.9493,0.3045,10.1139,0.0018,-0.0022,9.8066,0.0222,0.1828,-0.0253,-11.69,-37.12,-5.19,210.01,-80.88,155.4
52.432564,-1.535696,179.31,5.43,3,51.37,20 / 21,1392109,2019-09-06 19:43:17:852,0.3727,-0.2237,9.9751,0.0045,0.0067,9.8066,0.0154,0.2031,-0.0627,-11.87,-37.25,-5.62,207.48,-80.76,155.56
52.432564,-1.535696,179.31,5.43,3,51.37,20 / 21,1392210,2019-09-06 19:43:17:953,0.7564,0.7281,9.7924,-0.0146,-0.0018,9.8065,0.0672,0.2196,-0.0413,-11.44,-36.87,-5.31,207.65,-80.74,155.04
52.432564,-1.535696,179.31,5.43,3,51.37,20 / 21,1392310,2019-09-06 19:43:18:053,0.4496,0.9454,9.6835,0.008,0.0161,9.8066,-0.0195,0.2353,-0.0407,-10.75,-37.25,-5.87,204.69,-80.56,154.71
52.432564,-1.535696,179.31,5.43,3,51.37,20 / 21,1392410,2019-09-06 19:43:18:153,0.1809,0.4524,9.9551,0.0015,-0.0019,9.8066,0.0119,0.2299,-0.0274,-10.56,-37.12,-5.69,204.72,-80.55,154.76
52.432564,-1.535696,179.31,5.43,3,51.37,20 / 21,1392509,2019-09-06 19:43:18:252,-0.1022,-0.0286,9.8265,0.0001,0.0001,9.8066,-0.0278,0.2694,-0.041,-9.75,-37.25,-5.69,202.62,-80.58,154.85
52.432564,-1.535696,179.31,5.43,3,51.37,20 / 21,1392609,2019-09-06 19:43:18:352,-0.6048,-0.6396,9.7568,-0.0044,0.0023,9.8066,-0.0098,0.2729,-0.0355,-9.87,-37.69,-5.37,204.81,-80.56,154.64
52.432564,-1.535696,179.31,5.43,3,51.37,20 / 21,1392709,2019-09-06 19:43:18:452,-0.3579,-0.6739,9.8525,-0.0021,0.0069,9.8066,-0.0026,0.259,-0.0767,-9.62,-37.81,-5.62,201.9,-80.5,154.19
52.432564,-1.535696,179.31,5.43,3,51.37,20 / 21,1392809,2019-09-06 19:43:18:552,-0.7007,-0.4886,9.7496,0.0002,0.0077,9.8066,-0.0402,0.2252,-0.0395,-8.94,-37.56,-6.37,199.34,-80.43,153.95
52.432564,-1.535696,179.31,5.43,3,51.37,20 / 21,1392910,2019-09-06 19:43:18:653,-0.5457,-0.6572,9.787,-0.0036,-0.0086,9.8066,-0.0067,0.2711,0.0161,-8,-37.44,-7.19,194.31,-80.45,153.52
52.432564,-1.535696,179.31,5.43,3,51.37,20 / 21,1393010,2019-09-06 19:43:18:753,-0.4552,-0.4355,9.7716,0.0021,-0.0153,9.8066,0.0237,0.2563,0.0253,-8.44,-37.87,-7.25,194.69,-80.54,154.26
52.432564,-1.535696,179.31,5.43,3,51.37,20 / 21,1393110,2019-09-06 19:43:18:853,-0.4226,-0.6264,9.4015,0.0175,-0.0075,9.8066,0.0291,0.2364,0.0083,-8.06,-37.5,-6.94,195.55,-80.6,155.31
52.432564,-1.535696,179.31,5.43,3,51.37,20 / 21,1393210,2019-09-06 19:43:18:953,-0.1272,-1.0931,9.9458,0.0164,-0.003,9.8066,0.018,0.2404,-0.0009,-7.75,-37.31,-6.44,199.11,-80.59,157.17
52.432564,-1.535696,179.31,5.43,3,51.37,20 / 21,1393310,2019-09-06 19:43:19:053,-0.1002,-0.838,9.8488,0.0114,0.009,9.8066,0.0154,0.2793,-0.0167,-7.06,-37.25,-6.62,194.52,-80.43,158.3
52.432564,-1.535696,179.31,5.43,3,51.37,19 / 21,1393409,2019-09-06 19:43:19:152,0.1058,-0.8023,9.9685,0.0119,0.0122,9.8066,0.0199,0.231,-0.0033,-6.31,-37.31,-6.5,193.87,-80.35,158.78
52.432564,-1.535696,179.31,5.43,3,51.37,19 / 21,1393510,2019-09-06 19:43:19:253,0.3297,-0.6038,9.9378,-0.0005,-0.0027,9.8065,0.0118,0.2181,-0.0336,-5.81,-37.56,-6.37,193.77,-80.32,158.91
52.432564,-1.535696,179.31,5.43,3,51.37,19 / 21,1393609,2019-09-06 19:43:19:352,-0.3159,-0.2287,9.5873,0.0022,0.0012,9.8066,-0.0078,0.2503,-0.059,-5.06,-38.37,-6.87,188.4,-80.28,159
52.432564,-1.535696,179.31,5.43,3,51.37,19 / 21,1393710,2019-09-06 19:43:19:453,-0.233,-0.1277,9.5639,0.0177,0.0077,9.8066,-0.0035,0.209,0.0215,-5.69,-38.06,-7.19,191.65,-80.26,158.98
52.432564,-1.535696,179.31,5.43,3,51.37,19 / 21,1393809,2019-09-06 19:43:19:552,0.1842,-0.7538,9.6569,0.0069,0.0093,9.8066,-0.05,0.2539,-0.0535,-5.06,-37.31,-7.62,187.15,-80.2,159.81
52.432564,-1.535696,179.31,5.43,3,51.37,19 / 21,1393910,2019-09-06 19:43:19:653,-0.1569,-0.3798,9.9994,-0.0125,-0.0218,9.8066,0.0249,0.2033,-0.0299,-4.69,-37.87,-7.69,186.98,-80.33,159.6
52.432564,-1.535696,179.31,5.43,3,51.37,19 / 21,1394009,2019-09-06 19:43:19:752,0.41,-0.6742,9.8398,-0.0079,-0.0218,9.8066,0.0336,0.1922,-0.0128,-4.25,-37.62,-7.5,185.13,-80.36,159.37
52.432564,-1.535696,179.31,5.43,3,51.37,19 / 21,1394110,2019-09-06 19:43:19:853,0.3423,-0.5284,9.9895,0.0037,0.0131,9.8065,-0.0313,0.212,-0.0495,-4.06,-37.25,-7.44,185.49,-80.3,159.92
52.432564,-1.535696,179.31,5.43,3,51.37,19 / 21,1394209,2019-09-06 19:43:19:952,0.3823,-0.7672,9.8078,0.0081,0.0133,9.8066,-0.0159,0.1725,-0.0051,-3.37,-37.12,-7.44,181.76,-80.3,159.98
52.432564,-1.535696,179.31,5.43,3,51.37,20 / 21,1394309,2019-09-06 19:43:20:052,0.5664,0.711,9.8473,0.0047,-0.0039,9.8066,0.0416,0.1585,0.006,-3.62,-37.5,-7.12,185.65,-80.28,160.19
52.432564,-1.535696,179.31,5.43,3,51.37,20 / 21,1394410,2019-09-06 19:43:20:153,0.8616,1.158,9.864,0.0012,-0.0017,9.8066,-0.013,0.143,-0.0083,-2.94,-37.56,-6.69,182.34,-80.15,161.11
52.432564,-1.535696,179.31,5.43,3,51.37,20 / 21,1394509,2019-09-06 19:43:20:252,0.8338,0.4657,9.8437,0.0001,-0.0004,9.8066,0.0677,0.1835,-0.0117,-2.5,-37.75,-6.56,178.54,-80.06,161.3
52.432564,-1.535696,179.31,5.43,3,51.37,20 / 21,1394610,2019-09-06 19:43:20:353,0.5943,0.5146,9.8656,-0.0053,-0.0065,9.8066,0.0656,0.1333,-0.0161,-2.87,-38.62,-6.81,182.33,-80.01,161.16
52.432564,-1.535696,179.31,5.43,3,51.37,20 / 21,1394709,2019-09-06 19:43:20:452,0.6344,0.3009,10.0426,0.0005,0.006,9.8066,-0.0619,0.1257,-0.0465,-2.62,-37.87,-6.56,182.21,-79.91,160.9
52.432564,-1.535696,179.31,5.43,3,51.37,20 / 21,1394809,2019-09-06 19:43:20:552,0.9504,0.9203,10.0357,0.0088,0.0031,9.8066,0.0216,0.1323,0.0342,-1.5,-37.56,-7.06,174.47,-79.94,161.22
52.432564,-1.535696,179.31,5.43,3,51.37,20 / 21,1394910,2019-09-06 19:43:20:653,1.4609,1.4506,9.9157,-0.0026,0.0055,9.8066,-0.0109,0.1209,-0.0075,-1.25,-37.87,-6.62,174.67,-79.93,161.61
52.432564,-1.535696,179.31,5.43,3,51.37,20 / 21,1395010,2019-09-06 19:43:20:753,1.045,1.0057,9.9227,0.0015,-0.0024,9.8066,-0.0291,0.0192,0.0143,-1.06,-37.12,-5.5,176.81,-79.94,161.51
52.432564,-1.535696,179.31,5.43,3,51.37,20 / 21,1395110,2019-09-06 19:43:20:853,1.0688,1.3449,9.8912,-0.0072,0.0026,9.8066,0.0246,0.0293,-0.0396,-1.12,-37.06,-5.87,175.3,-79.96,160.92
52.432564,-1.535696,179.31,5.43,3,51.37,20 / 21,1395209,2019-09-06 19:43:20:952,0.8265,0.7918,9.7213,-0.0104,0.0017,9.8066,-0.0062,0.0454,-0.0317,-1.44,-37.75,-6.12,175.04,-79.95,160.25
52.432564,-1.535696,179.31,5.43,3,51.37,20 / 21,1395310,2019-09-06 19:43:21:053,0.6491,0.9207,9.885,-0.0197,-0.0066,9.8066,0.0002,0.0599,-0.0491,-1.06,-37.81,-6.12,174.36,-79.87,158.79
52.432564,-1.535696,179.31,5.43,3,51.37,20 / 21,1395409,2019-09-06 19:43:21:152,0.5326,0.8818,9.8419,-0.0179,-0.0053,9.8066,0.035,0.0383,-0.0342,-1.06,-37.44,-6.06,173.79,-79.82,157.74
52.432564,-1.535696,179.31,5.43,3,51.37,20 / 21,1395510,2019-09-06 19:43:21:253,0.3786,1.3737,10.0181,-0.0118,0.008,9.8065,-0.0435,0.0808,-0.0617,-1.06,-37.69,-6,173.49,-79.74,156.89
52.432564,-1.535696,179.31,5.43,3,51.37,20 / 21,1395609,2019-09-06 19:43:21:352,0.2388,1.2032,10.1562,-0.0017,0.0004,9.8066,-0.058,0.0925,-0.015,-0.06,-37.25,-5.5,169.71,-79.72,156.21
52.432564,-1.535696,179.31,5.43,3,51.37,20 / 21,1395710,2019-09-06 19:43:21:453,-0.3453,0.9125,9.509,-0.0087,0.0109,9.8066,-0.0266,0.1427,-0.0345,0.06,-37.56,-5.5,169.55,-79.63,155.35
52.432564,-1.535696,179.31,5.43,3,51.37,20 / 21,1395809,2019-09-06 19:43:21:552,-0.1433,1.8771,9.7835,-0.008,0.0158,9.8066,-0.0086,0.1389,-0.0431,0,-38.06,-5.87,168.23,-79.53,154.83
52.432564,-1.535696,179.31,5.43,3,51.37,20 / 21,1395910,2019-09-06 19:43:21:653,-0.4439,-0.3221,10.0912,-0.0056,-0.0011,9.8066,-0.0156,0.179,-0.0623,0,-37.25,-6.25,167.78,-79.49,154.2
52.432564,-1.535696,179.31,5.43,3,51.37,20 / 21,1396010,2019-09-06 19:43:21:753,0.3591,1.3784,9.8704,-0.0038,-0.0028,9.8066,0.0082,0.1474,-0.0331,0.75,-37.37,-6.75,162.47,-79.44,154.07
52.432564,-1.535696,179.31,5.43,3,51.37,20 / 21,1396109,2019-09-06 19:43:21:852,-0.4611,0.5788,9.9831,0.0082,0.0166,9.8066,0.0002,0.1763,0.0145,1.63,-36.94,-6.19,158.32,-79.42,153.65
52.432564,-1.535696,179.31,5.43,3,51.37,20 / 21,1396209,2019-09-06 19:43:21:952,-0.0492,0.6235,10.322,0.0029,0.0172,9.8065,-0.0013,0.1886,-0.0182,1.56,-37.37,-6.06,158.89,-79.3,154.59
52.432564,-1.535696,179.31,5.43,3,51.37,20 / 21,1396309,2019-09-06 19:43:22:052,-0.5585,0.292,10.1523,0.0033,-0.0047,9.8066,-0.0559,0.2499,-0.0436,1.5,-37.12,-5.87,158.8,-79.31,154.42
52.432564,-1.535696,179.31,5.43,3,51.37,20 / 21,1396410,2019-09-06 19:43:22:153,-0.0568,0.8643,9.7722,0.0089,0.0035,9.8066,-0.0059,0.2081,-0.0229,2.06,-36.31,-6.06,158.67,-79.27,154.73
52.432564,-1.535696,179.31,5.43,3,51.37,20 / 21,1396509,2019-09-06 19:43:22:252,-0.3157,0.8825,9.6795,-0.0021,0.0121,9.8065,-0.0076,0.1717,-0.002,2.88,-36.56,-6.06,154.47,-79.23,154.96
52.432564,-1.535696,179.31,5.43,3,51.37,20 / 21,1396609,2019-09-06 19:43:22:352,0.1429,0.9747,9.5533,0.0051,-0.0149,9.8066,0.0086,0.1674,0.0164,1.81,-36.37,-5.87,158.91,-79.32,155.3
52.432564,-1.535696,179.31,5.43,3,51.37,20 / 21,1396710,2019-09-06 19:43:22:453,0.338,1.0291,9.6431,0.007,-0.0135,9.8066,0.0071,0.1291,-0.0371,1.63,-35.75,-6.12,159.16,-79.3,155.79
52.432564,-1.535696,179.31,5.43,3,51.37,20 / 21,1396809,2019-09-06 19:43:22:552,0.2583,1.5459,9.9137,-0.0067,-0.028,9.8065,-0.0019,0.1398,-0.0466,1.5,-35.31,-5.87,158.8,-79.39,155.88
52.432564,-1.535696,179.31,5.43,3,51.37,20 / 21,1396909,2019-09-06 19:43:22:652,0.3592,1.2631,9.9599,-0.0053,-0.0255,9.8065,-0.0643,0.0904,-0.0179,1.5,-35.75,-5.75,158.32,-79.63,154.77
52.432564,-1.535696,179.31,5.43,3,51.37,20 / 21,1397009,2019-09-06 19:43:22:752,0.1063,0.0536,10.2218,-0.0037,0.0075,9.8066,-0.0202,0.0806,0.0006,1.06,-35.19,-5.37,163.38,-79.64,154.25
52.432564,-1.535696,179.31,5.43,3,51.37,20 / 21,1397109,2019-09-06 19:43:22:852,0.5536,1.3216,9.7821,0.0048,0.016,9.8065,-0.042,0.0614,-0.0004,1.81,-35.31,-5.06,158.17,-79.63,154.44
52.432564,-1.535696,179.31,5.43,3,51.37,20 / 21,1397210,2019-09-06 19:43:22:953,0.5183,1.1115,9.9409,-0.0001,0.0177,9.8066,-0.0105,0.0414,0.0079,2.25,-36.31,-5.25,159.09,-79.42,155.19
52.432564,-1.535696,179.31,5.43,3,51.37,20 / 21,1397310,2019-09-06 19:43:23:053,0.7788,1.4282,9.9461,-0.0042,-0.0002,9.8066,0.0057,0.0449,-0.0156,2,-35.94,-4.5,159.69,-79.32,155.32
52.432777,-1.535687,179.19,6.35,2,326.41,20 / 21,1397409,2019-09-06 19:43:23:152,0.2992,0.1696,9.7885,-0.0055,-0.001,9.8066,-0.0016,0.0592,0.0124,2.63,-35,-4.19,153.67,-79.19,155.18
52.432777,-1.535687,179.19,6.35,2,326.41,20 / 21,1397510,2019-09-06 19:43:23:253,0.3876,0.0165,10.0101,0.0003,-0.0317,9.8065,-0.0169,0.0505,-0.0065,2.44,-35,-4.5,159.31,-79.28,155.19
52.432777,-1.535687,179.19,6.35,2,326.41,20 / 21,1397609,2019-09-06 19:43:23:352,0.0595,0.4264,10.303,0.0017,-0.0354,9.8065,0.0324,-0.0393,0.0316,3.63,-35,-4.87,148.26,-79.32,155.01
52.432777,-1.535687,179.19,6.35,2,326.41,20 / 21,1397710,2019-09-06 19:43:23:453,-0.1045,1.4461,9.865,0.001,0.0188,9.8066,0.0751,0.0289,-0.0494,3.5,-35.81,-5.94,149.53,-79.24,155.31
52.432777,-1.535687,179.19,6.35,2,326.41,20 / 21,1397810,2019-09-06 19:43:23:553,0.3924,0.9462,10.3531,0.0007,0,9.8066,-0.0599,0.0506,0.019,2.25,-36.81,-7.12,158.93,-79.23,155.21
52.432777,-1.535687,179.19,6.35,2,326.41,20 / 21,1397910,2019-09-06 19:43:23:653,0.6217,1.0309,10.2539,0.0001,0.0315,9.8066,-0.0296,-0.0181,0.1074,1.44,-36.94,-6.31,163.78,-79.2,154.91
52.432777,-1.535687,179.19,6.35,2,326.41,20 / 21,1398010,2019-09-06 19:43:23:753,1.0669,1.3079,9.7537,0.0103,0.0313,9.8065,0.0398,-0.0128,-0.0473,0.69,-36.87,-4.37,166.01,-78.98,155.76
52.432777,-1.535687,179.19,6.35,2,326.41,20 / 21,1398110,2019-09-06 19:43:23:853,0.5553,0.1114,9.7611,-0.0066,-0.0157,9.8066,-0.0549,0.0279,-0.012,1.44,-37.12,-3.87,165.72,-79.06,155.13
52.432777,-1.535687,179.19,6.35,2,326.41,20 / 21,1398210,2019-09-06 19:43:23:953,1.1777,1.2258,9.839,-0.007,-0.0196,9.8066,0.0657,-0.0457,0.005,3.25,-36.12,-3.44,154.14,-79.05,154.71
52.432777,-1.535687,179.19,6.35,2,326.41,20 / 21,1398310,2019-09-06 19:43:24:053,1.4197,-0.6311,9.9369,-0.0008,0.0074,9.8066,0.0184,0.0391,-0.1074,3.63,-35.94,-4.37,148.68,-79.09,155.16
52.432777,-1.535687,179.19,6.35,2,326.41,20 / 21,1398410,2019-09-06 19:43:24:153,-0.0018,-0.0995,9.7603,-0.0101,-0.0039,9.8066,-0.0647,-0.0119,0.0451,4.63,-35.62,-4.62,143.74,-79.11,154.31
52.432777,-1.535687,179.19,6.35,2,326.41,20 / 21,1398510,2019-09-06 19:43:24:253,-0.36,0.6357,9.5908,0.0006,0.0165,9.8066,-0.0706,0.0433,-0.0631,4.25,-35.75,-4.56,148.8,-79.19,154.64
52.432777,-1.535687,179.19,6.35,2,326.41,20 / 21,1398610,2019-09-06 19:43:24:353,0.9633,-0.485,9.421,-0.0113,0.026,9.8066,0.1543,-0.0275,-0.0118,4.63,-35.5,-4.25,142.43,-79.05,154.7
52.432777,-1.535687,179.19,6.35,2,326.41,20 / 21,1398709,2019-09-06 19:43:24:452,0.1569,0.1713,9.9117,0.0116,-0.0148,9.8066,0.0436,0.0395,-0.0974,4.31,-35.81,-3.75,148.58,-79.17,155.24
52.432777,-1.535687,179.19,6.35,2,326.41,20 / 21,1398809,2019-09-06 19:43:24:552,-1.4936,1.054,10.2768,-0.0136,-0.02,9.8065,-0.0427,-0.0398,0.1508,4.69,-36.94,-4.12,143.62,-79.07,154.63
52.432777,-1.535687,179.19,6.35,2,326.41,20 / 21,1398910,2019-09-06 19:43:24:653,0.5803,-0.3041,9.4549,0.006,0.0111,9.8066,-0.0983,0.0134,-0.0925,3.75,-36.12,-4.94,149.48,-79.08,155.67
52.432777,-1.535687,179.19,6.35,2,326.41,20 / 21,1399009,2019-09-06 19:43:24:752,0.1242,-0.0846,9.5266,-0.0108,0.0143,9.8065,0.1222,0.0741,0.0006,4,-36.87,-4.81,149.91,-79.04,155.43
52.432777,-1.535687,179.19,6.35,2,326.41,20 / 21,1399109,2019-09-06 19:43:24:852,1.0713,0.2972,9.5292,0.0176,-0.0352,9.8066,0.1317,0.0145,0.0775,4.56,-36.44,-4.94,143.92,-79.13,154.72
52.432777,-1.535687,179.19,6.35,2,326.41,20 / 21,1399210,2019-09-06 19:43:24:953,0.5841,0.2989,10.0221,0.0122,-0.022,9.8065,-0.092,0.0412,-0.1202,4.06,-36.62,-5.5,148.9,-79.46,154.74
52.432777,-1.535687,179.19,6.35,2,326.41,20 / 21,1399310,2019-09-06 19:43:25:053,0.1043,-0.1107,9.867,-0.0137,0.0202,9.8066,-0.0962,0.032,0.0926,4.69,-37,-5.19,144.15,-79.28,154.64
52.432777,-1.535687,179.19,6.35,2,326.41,20 / 21,1399409,2019-09-06 19:43:25:152,1.0343,0.2961,9.8242,-0.0043,0.0358,9.8065,0.0283,0.0337,-0.0924,4.13,-36.87,-5.19,149.11,-79.27,154.51
52.432777,-1.535687,179.19,6.35,2,326.41,20 / 21,1399510,2019-09-06 19:43:25:253,0.4496,-0.5017,9.5938,0.0056,-0.0058,9.8065,-0.0327,0.019,-0.075,4.25,-36.75,-5.5,149.35,-79.23,154.88
52.432777,-1.535687,179.19,6.35,2,326.41,20 / 21,1399609,2019-09-06 19:43:25:352,0.6846,-0.14,10.2195,0.0045,-0.0024,9.8066,-0.0737,-0.0434,0.0572,3.5,-36.87,-5,149.36,-79.3,155.16
52.432777,-1.535687,179.19,6.35,2,326.41,20 / 21,1399710,2019-09-06 19:43:25:453,0.2627,-1.1601,9.1973,0.0017,0.0109,9.8066,-0.121,0.0702,-0.0241,3.25,-36.94,-4.56,154.77,-79.18,155.52
52.432777,-1.535687,179.19,6.35,2,326.41,20 / 21,1399809,2019-09-06 19:43:25:552,0.8691,-0.7345,9.5051,0.0124,0.0241,9.8065,0.0318,-0.004,-0.0361,2.31,-36.31,-4.06,160.07,-79.21,155.97
52.432777,-1.535687,179.19,6.35,2,326.41,20 / 21,1399910,2019-09-06 19:43:25:653,0.5138,-0.1768,9.1131,0.0025,-0.0354,9.8065,0.0354,-0.0044,0.0342,3.25,-35.75,-3.56,154.66,-79.19,156.48
52.432777,-1.535687,179.19,6.35,2,326.41,20 / 21,1400010,2019-09-06 19:43:25:753,0.6744,-1.8455,9.4058,0.0092,0.0059,9.8066,0.1057,0.0031,-0.0083,4.31,-35.5,-4.06,148.2,-79.39,156.53
52.432777,-1.535687,179.19,6.35,2,326.41,20 / 21,1400109,2019-09-06 19:43:25:852,0.7185,-0.8027,10.343,0.0337,-0.0471,9.8064,0.0943,0.1218,-0.0681,4.88,-36.5,-4.56,144.04,-79.71,157.02
52.432777,-1.535687,179.19,6.35,2,326.41,20 / 21,1400214,2019-09-06 19:43:25:957,-0.036,0.2663,10.223,0.0211,-0.0268,9.8065,-0.0116,-0.0392,0.1003,4.75,-36.56,-4.37,143.8,-79.72,157.81
52.432777,-1.535687,179.19,6.35,2,326.41,20 / 21,1400310,2019-09-06 19:43:26:053,0.2431,0.3704,9.502,-0.0043,0.029,9.8065,-0.037,0.0463,-0.0361,3.94,-37.06,-5,151.42,-79.47,160.01
52.432777,-1.535687,179.19,6.35,2,326.41,21 / 22,1400410,2019-09-06 19:43:26:153,0.2343,-0.564,9.4491,0.005,-0.0477,9.8065,0.0334,-0.0334,0.043,4.31,-36.81,-4.75,151.29,-79.55,160
52.432777,-1.535687,179.19,6.35,2,326.41,21 / 22,1400509,2019-09-06 19:43:26:252,0.2802,-0.7441,9.8445,0.0113,-0.0315,9.8065,-0.0044,-0.0002,-0.0304,3.06,-36.75,-5,155.88,-79.74,159.59
52.432777,-1.535687,179.19,6.35,2,326.41,21 / 22,1400610,2019-09-06 19:43:26:353,0.9275,-1.393,10.0216,0.0078,-0.0131,9.8065,0.0357,-0.0391,0.0432,4.06,-37.31,-5.69,151.17,-80.05,159.82
52.432777,-1.535687,179.19,6.35,2,326.41,21 / 22,1400709,2019-09-06 19:43:26:452,0.7507,-0.2425,9.8527,-0.0085,0.0118,9.8066,0.0243,0.0014,-0.0125,3.25,-37.5,-4.69,155.71,-79.91,159.72
52.432777,-1.535687,179.19,6.35,2,326.41,21 / 22,1400811,2019-09-06 19:43:26:554,0.2978,-0.9669,9.3135,0.0024,-0.0188,9.8065,0.1015,0.0014,-0.0153,3,-36.44,-5.44,155.76,-79.69,160.01
52.432777,-1.535687,179.19,6.35,2,326.41,21 / 22,1400910,2019-09-06 19:43:26:653,0.2113,0.1085,9.4857,-0.0037,-0.027,9.8066,0.0775,0.0082,0.0258,1.75,-37.19,-5.12,161.19,-79.72,159.94
52.432777,-1.535687,179.19,6.35,2,326.41,21 / 22,1401009,2019-09-06 19:43:26:752,1.2982,-0.148,9.653,0.0091,-0.0188,9.8066,-0.0891,-0.0166,-0.0157,1.69,-36.56,-4.31,161.4,-79.73,160.14
52.432777,-1.535687,179.19,6.35,2,326.41,21 / 22,1401110,2019-09-06 19:43:26:853,0.2428,-1.2596,9.7737,-0.0088,-0.0259,9.8066,0.0153,-0.011,-0.082,1.44,-36.12,-3.94,166.86,-79.83,160.55
52.432777,-1.535687,179.19,6.35,2,326.41,21 / 22,1401210,2019-09-06 19:43:26:953,-0.4904,-0.1047,9.3044,-0.0007,0.0149,9.8066,-0.1418,0.0178,0.1046,3.44,-36.06,-3.94,154.68,-79.97,159.36
52.432777,-1.535687,179.19,6.35,2,326.41,21 / 22,1401310,2019-09-06 19:43:27:053,1.0249,-1.126,9.6584,0.011,0.0351,9.8065,-0.1167,0.0114,0.0162,2.69,-36.87,-4.37,155.79,-79.88,160.68
52.432777,-1.535687,179.19,6.35,2,326.41,20 / 21,1401410,2019-09-06 19:43:27:153,0.9852,0.8354,9.6303,-0.0075,0.0301,9.8065,0.0704,-0.0009,-0.0812,3.19,-36.5,-4.44,155.47,-79.82,160.71
52.432777,-1.535687,179.19,6.35,2,326.41,20 / 21,1401510,2019-09-06 19:43:27:253,-0.0078,0.094,9.8073,-0.0086,-0.0366,9.8066,0.0367,0.0151,0.0257,2.5,-37.25,-4.75,155.9,-79.91,160.14
52.432777,-1.535687,179.19,6.35,2,326.41,20 / 21,1401610,2019-09-06 19:43:27:353,1.7711,-0.1162,9.1208,0.0035,-0.0137,9.8066,0.0324,0.0161,-0.0098,3,-37.62,-5.12,156.38,-79.84,160.15
52.432777,-1.535687,179.19,6.35,2,326.41,20 / 21,1401709,2019-09-06 19:43:27:452,0.0949,0.7567,9.5523,-0.0056,-0.0099,9.8065,-0.0239,-0.0589,0.0198,3.25,-37.25,-4.94,155.99,-79.79,159.97
52.432777,-1.535687,179.19,6.35,2,326.41,20 / 21,1401809,2019-09-06 19:43:27:552,0.8017,0.7544,10.5337,0.0029,0.0051,9.8066,0.1585,-0.0657,0.0329,3.5,-38.06,-4.37,150.58,-79.79,160
52.432777,-1.535687,179.19,6.35,2,326.41,20 / 21,1401910,2019-09-06 19:43:27:653,1.5095,0.8861,10.188,0.0083,0.0164,9.8066,0.0949,-0.0306,-0.035,3.06,-37.37,-4.81,156.58,-79.76,161.18
52.432777,-1.535687,179.19,6.35,2,326.41,20 / 21,1402010,2019-09-06 19:43:27:753,0.3722,0.3231,9.4513,-0.0075,0.015,9.8066,0.0462,-0.0177,0.0437,2.44,-37.06,-4.87,161.82,-79.59,161.06
52.432777,-1.535687,179.19,6.35,2,326.41,20 / 21,1402110,2019-09-06 19:43:27:853,0.5922,-0.2327,9.7009,0.0066,0.0034,9.8066,-0.0546,0.0197,0.0023,1.69,-36.19,-4.62,161.86,-79.51,161.62
52.432777,-1.535687,179.19,6.35,2,326.41,20 / 21,1402210,2019-09-06 19:43:27:953,0.6784,0.3636,9.8313,-0.0057,-0.0065,9.8066,-0.0341,0.0353,0.0594,2,-34.94,-4.62,161.28,-79.63,161.27
52.432777,-1.535687,179.19,6.35,2,326.41,20 / 21,1402310,2019-09-06 19:43:28:053,0.6493,0.0879,10.168,0.0092,-0.0069,9.8066,0.0032,-0.0354,0.0305,1.44,-33.31,-4.44,166.36,-79.89,161.23
52.432777,-1.535687,179.19,6.35,2,326.41,20 / 21,1402409,2019-09-06 19:43:28:152,1.1638,0.0311,9.2419,-0.0007,0.0058,9.8066,-0.0767,-0.0254,-0.0345,2.56,-33.44,-4.5,154.21,-79.97,161.32
52.432777,-1.535687,179.19,6.35,2,326.41,20 / 21,1402509,2019-09-06 19:43:28:252,0.7385,0.4794,9.6951,-0.0122,0.021,9.8066,-0.1249,0.0072,-0.0172,3.19,-35.31,-4.06,155.03,-79.95,161.12
52.432777,-1.535687,179.19,6.35,2,326.41,20 / 21,1402610,2019-09-06 19:43:28:353,0.0594,0.0004,9.9301,-0.0069,0.0218,9.8066,0.1347,-0.0652,-0.0184,3,-35.87,-4.56,155.86,-79.78,160.48
52.432777,-1.535687,179.19,6.35,2,326.41,20 / 21,1402709,2019-09-06 19:43:28:452,1.576,0.5212,10.1693,0.0037,-0.0232,9.8066,0.1306,-0.0144,-0.0352,3,-36.44,-5,155.76,-79.89,160.54
52.432777,-1.535687,179.19,6.35,2,326.41,20 / 21,1402810,2019-09-06 19:43:28:553,1.4594,0.6491,9.3104,-0.0065,0.0408,9.8065,-0.1508,0.0028,0.0002,3.25,-36.44,-4.81,155.51,-79.83,159.88
52.432777,-1.535687,179.19,6.35,2,326.41,20 / 21,1402910,2019-09-06 19:43:28:653,-0.5085,0.8829,9.5157,0.0048,0.0211,9.8066,-0.097,0.0273,-0.0436,3.13,-36.12,-4.87,155.71,-79.72,160
52.432777,-1.535687,179.19,6.35,2,326.41,20 / 21,1403009,2019-09-06 19:43:28:752,0.4703,0.0577,9.4133,-0.0035,-0.003,9.8066,0.0608,-0.0051,0.0726,2.56,-35.12,-5.81,155.21,-79.92,159.55
52.432777,-1.535687,179.19,6.35,2,326.41,20 / 21,1403109,2019-09-06 19:43:28:852,0.0599,0.1956,9.7171,-0.0008,-0.0083,9.8066,-0.0741,0.0309,-0.0601,1.44,-35.12,-5.37,165.23,-79.96,158.97
52.432777,-1.535687,179.19,6.35,2,326.41,20 / 21,1403210,2019-09-06 19:43:28:953,0.8122,0.8791,9.8543,-0.0037,-0.0069,9.8066,-0.0616,-0.0238,0.0113,1.06,-36,-4.37,165.92,-80.06,158.62
52.432777,-1.535687,179.19,6.35,2,326.41,20 / 21,1403310,2019-09-06 19:43:29:053,0.4902,2.3479,9.87,-0.0087,0.03,9.8065,-0.0367,0.0612,0.0755,1.75,-35.31,-3.94,159.67,-79.9,158
52.432777,-1.535687,179.19,6.35,2,326.41,20 / 21,1403409,2019-09-06 19:43:29:152,2.0593,-0.715,9.9268,0.0122,0.053,9.8065,0.0637,-0.0333,-0.1199,3,-35.19,-5.12,154.42,-79.91,158.64
52.432777,-1.535687,179.19,6.35,2,326.41,20 / 21,1403510,2019-09-06 19:43:29:253,2.1547,-1.602,9.0763,-0.0243,-0.0637,9.8063,0.095,0.0253,-0.0395,2.94,-35.25,-5.87,154.04,-80.15,157.87
52.432777,-1.535687,179.19,6.35,2,326.41,20 / 21,1403609,2019-09-06 19:43:29:352,0.3758,2.5388,10.1794,0.0013,-0.0376,9.8065,-0.0638,-0.0143,0.0005,1.63,-35.31,-6.87,158.68,-80,157.23
52.432777,-1.535687,179.19,6.35,2,326.41,20 / 21,1403710,2019-09-06 19:43:29:453,0.2775,-0.3324,10.1811,-0.0053,0.0209,9.8066,-0.0354,0.0227,-0.1009,0.69,-35.56,-6.06,163.99,-80.08,157.33
52.432777,-1.535687,179.19,6.35,2,326.41,20 / 21,1403809,2019-09-06 19:43:29:552,1.3688,1.0625,10.4957,-0.0038,0.0009,9.8066,-0.0969,0.0133,-0.0375,1.13,-35.62,-4.62,164.14,-80.11,156.3
52.432777,-1.535687,179.19,6.35,2,326.41,20 / 21,1403909,2019-09-06 19:43:29:652,1.8503,0.3745,9.4629,0.0001,0.0146,9.8066,-0.0374,-0.1374,0.0414,2.31,-35.12,-5.19,158.63,-79.99,156.38
52.432777,-1.535687,179.19,6.35,2,326.41,20 / 21,1404010,2019-09-06 19:43:29:753,0.1694,-1.2656,9.8482,-0.0008,0.0305,9.8066,0.1057,-0.0398,0.0076,1.13,-36.44,-6.5,163.99,-79.82,156.92
52.432777,-1.535687,179.19,6.35,2,326.41,20 / 21,1404109,2019-09-06 19:43:29:852,0.2539,-1.099,9.1977,-0.0107,-0.0444,9.8065,0.1234,-0.0174,0.1069,-1.81,-36.31,-6,177.08,-80.02,155.8
52.432777,-1.535687,179.19,6.35,2,326.41,20 / 21,1404209,2019-09-06 19:43:29:952,-0.0853,0.4306,9.5745,0.0077,-0.0145,9.8066,-0.0687,0.0688,-0.0514,-2.25,-36.94,-1.62,186.63,-80.05,156.68
52.432777,-1.535687,179.19,6.35,2,326.41,20 / 21,1404310,2019-09-06 19:43:30:053,0.272,0.5117,10.1714,-0.0126,0.0011,9.8066,0.0822,0.0529,-0.0374,1.63,-34.94,-0.19,160.56,-80.16,156.3
52.432777,-1.535687,179.19,6.35,2,326.41,20 / 21,1404409,2019-09-06 19:43:30:152,-0.3065,0.0372,9.3266,-0.0152,0.0203,9.8066,-0.1018,-0.0113,-0.0051,3.94,-35.19,-2.62,145.56,-80,155.4
52.432777,-1.535687,179.19,6.35,2,326.41,20 / 21,1404510,2019-09-06 19:43:30:253,0.8851,0.3968,9.1587,-0.0087,0.0338,9.8066,-0.221,0.0357,-0.0636,3.25,-36.06,-4.62,153.7,-79.8,155.95
52.432777,-1.535687,179.19,6.35,2,326.41,20 / 21,1404610,2019-09-06 19:43:30:353,0.3905,-1.2614,9.9529,-0.0011,0.0365,9.8065,0.025,0.0081,0.0428,3.06,-35.87,-3.87,153.34,-79.79,155.52
52.432777,-1.535687,179.19,6.35,2,326.41,20 / 21,1404710,2019-09-06 19:43:30:453,1.7602,0.2309,10.6172,0.0137,-0.0292,9.8066,0.0127,-0.0665,-0.005,3.88,-35.62,-3.69,147.85,-79.91,156.7
52.432777,-1.535687,179.19,6.35,2,326.41,20 / 21,1404809,2019-09-06 19:43:30:552,-0.4384,-0.6521,9.4819,-0.0129,-0.0323,9.8065,0.1505,0.0585,0.1027,4.75,-35.69,-5.37,142.74,-80.05,155.79
52.432777,-1.535687,179.19,6.35,2,326.41,20 / 21,1404910,2019-09-06 19:43:30:653,-0.505,1.0611,10.269,0.0177,-0.0022,9.8066,0.0817,0.0434,-0.0236,3.75,-36.37,-5.75,148.77,-79.93,155.83
52.432777,-1.535687,179.19,6.35,2,326.41,20 / 21,1405010,2019-09-06 19:43:30:753,1.2618,0.5807,10.4102,0.0298,-0.0171,9.8066,-0.0863,-0.0194,-0.0092,3.5,-37.19,-5.5,149.33,-80.04,157.59
52.432777,-1.535687,179.19,6.35,2,326.41,20 / 21,1405110,2019-09-06 19:43:30:853,0.2898,-0.6469,9.4992,-0.0117,0.0062,9.8066,-0.0203,-0.0186,-0.0156,3.63,-36.56,-5.31,149.13,-80.02,157.12
52.432777,-1.535687,179.19,6.35,2,326.41,20 / 21,1405209,2019-09-06 19:43:30:952,0.1211,0.2599,10.5017,-0.002,-0.0006,9.8066,0.0307,0.0754,-0.0401,3.56,-37.56,-4.94,149.46,-80.03,156.89
52.432777,-1.535687,179.19,6.35,2,326.41,20 / 21,1405310,2019-09-06 19:43:31:053,0.7114,0.2728,9.3841,0.008,0.0254,9.8065,-0.0258,0.0676,0.0527,3.44,-37.62,-4.81,154.54,-80.02,156.7
52.432777,-1.535687,179.19,6.35,2,326.41,20 / 21,1405410,2019-09-06 19:43:31:153,-0.3427,-0.0991,9.2404,-0.0133,0.027,9.8066,-0.0296,-0.0019,-0.0158,4.06,-37.75,-4.56,150.12,-79.84,157.61
52.432777,-1.535687,179.19,6.35,2,326.41,20 / 21,1405510,2019-09-06 19:43:31:253,0.5581,-0.3437,9.4578,-0.0108,0.0147,9.8065,-0.0351,-0.0459,-0.0699,4,-38.19,-4.37,149.02,-79.87,156.78
52.432777,-1.535687,179.19,6.35,2,326.41,20 / 21,1405609,2019-09-06 19:43:31:352,0.8071,-1.8087,8.635,0.0004,-0.0271,9.8065,0.0773,0.0481,-0.0086,2.94,-37.69,-4.44,154.23,-79.95,156.11
52.432777,-1.535687,179.19,6.35,2,326.41,20 / 21,1405710,2019-09-06 19:43:31:453,0.9471,0.2693,10.125,0.0004,0.0065,9.8066,0.0263,-0.0408,0.0076,3.63,-37.56,-4.5,148.22,-80.19,156.34
52.432777,-1.535687,179.19,6.35,2,326.41,20 / 21,1405809,2019-09-06 19:43:31:552,0.6285,-0.8979,10.4922,0.0137,0.0212,9.8066,-0.0418,-0.0149,0.0644,3.75,-37.69,-4.62,149.34,-80.2,157.22
52.432777,-1.535687,179.19,6.35,2,326.41,20 / 21,1405909,2019-09-06 19:43:31:652,0.5884,0.1437,10.2065,-0.0016,0.0017,9.8066,0.0172,0.0863,-0.0035,2.94,-37.94,-4.81,154.42,-80.31,157.38
52.432777,-1.535687,179.19,6.35,2,326.41,20 / 21,1406010,2019-09-06 19:43:31:753,0.7895,-0.1103,10.4158,0.0218,0.005,9.8065,0.0171,0.0569,-0.0612,3,-37.06,-5.37,154.38,-80.43,158.44
52.432777,-1.535687,179.19,6.35,2,326.41,20 / 21,1406110,2019-09-06 19:43:31:853,0.7512,1.5469,10.1899,0.0108,-0.0173,9.8066,0.091,0.1117,0.0065,3.31,-37.44,-4.87,154.63,-80.43,158.96
52.432777,-1.535687,179.19,6.35,2,326.41,20 / 21,1406210,2019-09-06 19:43:31:953,1.446,0.9465,9.2948,-0.0139,0.0293,9.8065,-0.0754,0.0615,-0.0508,2.94,-37.37,-5.19,154.94,-80.3,159.21
52.432777,-1.535687,179.19,6.35,2,326.41,20 / 21,1406310,2019-09-06 19:43:32:053,1.2066,0.1805,9.6435,-0.0061,0.042,9.8065,-0.0342,-0.0359,0.0301,3,-36.81,-4.5,154.76,-80.06,158.86
52.433384,-1.536357,178.95,11.17,2,325.6,21 / 22,1406410,2019-09-06 19:43:32:153,0.5539,-1.137,9.9325,-0.0138,0.0378,9.8066,0.0485,-0.0336,-0.0059,2.31,-35.62,-4.06,159.88,-80.12,158.3
52.433384,-1.536357,178.95,11.17,2,325.6,21 / 22,1406510,2019-09-06 19:43:32:253,-0.2753,1.0796,10.0173,-0.0062,0.024,9.8065,0.0328,-0.0094,-0.0276,3.75,-34.56,-3.87,146.59,-80.32,156.84
52.433384,-1.536357,178.95,11.17,2,325.6,21 / 22,1406609,2019-09-06 19:43:32:352,0.6309,0.0913,9.5976,-0.0122,0.0271,9.8065,0.0103,-0.0536,0.0319,3.63,-34.69,-4.44,146.53,-80.32,156.75
52.433384,-1.536357,178.95,11.17,2,325.6,21 / 22,1406709,2019-09-06 19:43:32:452,-0.8137,-2.5082,8.942,-0.0041,0.0028,9.8066,-0.2315,0.1204,-0.0798,3.5,-35.75,-4.94,148.5,-80.11,157.1
52.433384,-1.536357,178.95,11.17,2,325.6,21 / 22,1406810,2019-09-06 19:43:32:553,2.9927,-1.6485,9.6397,0.0238,-0.0282,9.8065,0.2947,0.0428,-0.0128,3.69,-35.62,-4.87,148.59,-80.08,157.2
52.433384,-1.536357,178.95,11.17,2,325.6,21 / 22,1406909,2019-09-06 19:43:32:652,-0.1935,-2.6255,8.6173,0.0019,-0.1465,9.8055,0.2593,-0.0472,0.0132,3.69,-34.69,-6.06,149.44,-79.85,157.65
52.433384,-1.536357,178.95,11.17,2,325.6,21 / 22,1407010,2019-09-06 19:43:32:753,2.3707,1.0293,10.6711,0.0018,0.0922,9.8061,0.0177,-0.0654,-0.0046,2.44,-33.75,-5,157.46,-80.58,156.15
52.433384,-1.536357,178.95,11.17,2,325.6,21 / 22,1407110,2019-09-06 19:43:32:853,0.9935,-0.0605,9.6493,-0.0135,0.0233,9.8065,0.0352,-0.1386,0.0029,2.56,-34.62,-4.37,152.15,-80.36,156.05
52.433384,-1.536357,178.95,11.17,2,325.6,21 / 22,1407210,2019-09-06 19:43:32:953,0.9818,-1.9875,9.9443,-0.0063,-0.0275,9.8066,0.0566,0.0006,-0.0247,2.63,-35.12,-5.69,152.93,-80.3,156.18
52.433384,-1.536357,178.95,11.17,2,325.6,21 / 22,1407310,2019-09-06 19:43:33:053,0.1272,-1.0199,10.2278,0.0041,-0.0176,9.8066,0.0759,0.0708,0.021,2.81,-35.69,-5.44,152.72,-80.35,155.62
52.433384,-1.536357,178.95,11.17,2,325.6,21 / 22,1407410,2019-09-06 19:43:33:153,1.8814,0.8996,10.4481,0.0012,-0.0205,9.8066,-0.052,0.0452,-0.0239,2.44,-35.5,-4.69,158.08,-80.22,155.77
52.433384,-1.536357,178.95,11.17,2,325.6,21 / 22,1407510,2019-09-06 19:43:33:253,1.2596,-0.2606,9.6481,0.0021,0.0435,9.8064,-0.1066,-0.0287,-0.0001,2.69,-34.87,-4.31,152.76,-80.18,156.73
52.433384,-1.536357,178.95,11.17,2,325.6,21 / 22,1407610,2019-09-06 19:43:33:353,1.7788,0.1013,9.7575,0.001,0.0333,9.8065,0.0383,-0.0301,0.0259,3.63,-35.69,-4.44,147.99,-80.06,157.59
52.433384,-1.536357,178.95,11.17,2,325.6,21 / 22,1407710,2019-09-06 19:43:33:453,0.3408,-0.2631,10.1409,0.0077,-0.0384,9.8065,0.1276,0.0135,-0.0053,3.5,-36.5,-5.12,147.84,-80.36,156.65
52.433384,-1.536357,178.95,11.17,2,325.6,21 / 22,1407810,2019-09-06 19:43:33:553,-2.6092,-1.3666,11.7294,0.0022,-0.0868,9.8062,0.2836,0.2045,-0.2392,4.06,-37.19,-4.94,147.38,-80.63,155.78
52.433384,-1.536357,178.95,11.17,2,325.6,21 / 22,1407910,2019-09-06 19:43:33:653,3.6509,1.0795,9.064,-0.0494,0.2363,9.8036,-0.1641,-0.2553,0.3675,4.06,-36.87,-5.62,150.07,-79.59,156.49
52.433384,-1.536357,178.95,11.17,2,325.6,21 / 22,1408009,2019-09-06 19:43:33:752,-0.4417,-1.1141,9.9855,0.0029,0.1724,9.8051,-0.3282,0.0053,-0.042,3.94,-37.06,-5.37,149.72,-80.01,158.28
52.433384,-1.536357,178.95,11.17,2,325.6,21 / 22,1408110,2019-09-06 19:43:33:853,-1.5471,-0.8116,9.8783,-0.0041,0.0455,9.8065,-0.3022,-0.067,0.0279,2.94,-36.25,-5.5,153.84,-80.11,157.19
52.433384,-1.536357,178.95,11.17,2,325.6,21 / 22,1408210,2019-09-06 19:43:33:953,1.6903,0.1155,9.7823,0.0149,0.0471,9.8065,0.2266,0.0137,0.0181,2.94,-35.75,-5.87,155.44,-79.91,159.27
52.433384,-1.536357,178.95,11.17,2,325.6,21 / 22,1408310,2019-09-06 19:43:34:053,1.4033,0.0443,9.6264,0.0014,-0.0486,9.8065,0.109,-0.0179,0.0569,1.75,-37.19,-5.81,160.35,-80.34,159.73
52.433384,-1.536357,178.95,11.17,2,325.6,20 / 21,1408410,2019-09-06 19:43:34:153,0.7683,-0.8642,9.3452,0.0053,-0.0413,9.8065,0.0002,0.0308,-0.0692,0.88,-36.87,-5.37,165.75,-80.45,160.01
52.433384,-1.536357,178.95,11.17,2,325.6,20 / 21,1408510,2019-09-06 19:43:34:253,1.3762,-1.4018,9.5822,-0.0099,0.0062,9.8065,0.0172,-0.0491,0.0763,0.94,-36.37,-4.44,165.86,-80.46,159.37
52.433384,-1.536357,178.95,11.17,2,325.6,20 / 21,1408609,2019-09-06 19:43:34:352,0.7918,-0.8419,9.9305,-0.0022,0.0083,9.8066,-0.0231,-0.0056,-0.0601,0.88,-36.5,-4.31,165.74,-80.5,159.16
52.433384,-1.536357,178.95,11.17,2,325.6,20 / 21,1408709,2019-09-06 19:43:34:452,0.4935,-0.2839,10.4808,-0.0014,0.0136,9.8066,-0.0036,0.0171,-0.0196,2,-35.94,-3.75,159.34,-80.43,157.96
52.433384,-1.536357,178.95,11.17,2,325.6,20 / 21,1408810,2019-09-06 19:43:34:553,-0.0809,0.1076,9.9266,-0.0076,0.0217,9.8065,0.0746,-0.0543,-0.0234,2.69,-35.37,-3.19,152.87,-80.17,158.11
52.433384,-1.536357,178.95,11.17,2,325.6,20 / 21,1408910,2019-09-06 19:43:34:653,1.3417,0.7231,9.7167,-0.0196,0.0133,9.8065,0.0426,0.0076,0.0003,3.06,-35.62,-3.75,154.43,-79.77,158.07
52.433384,-1.536357,178.95,11.17,2,325.6,20 / 21,1409010,2019-09-06 19:43:34:753,0.289,-0.7866,9.5603,-0.0063,0.0125,9.8066,0.0421,0.0375,-0.0364,3.63,-34.5,-4,147.61,-79.65,157.53
52.433384,-1.536357,178.95,11.17,2,325.6,20 / 21,1409110,2019-09-06 19:43:34:853,1.3202,-0.1077,9.1344,0.0037,-0.0217,9.8066,0.0054,-0.0718,0.0446,2.94,-34.75,-4.87,154.23,-79.77,157.83
52.433384,-1.536357,178.95,11.17,2,325.6,20 / 21,1409210,2019-09-06 19:43:34:953,0.0634,0.6343,9.7522,0.0125,-0.003,9.8066,-0.0108,-0.0208,-0.0052,3.69,-34.12,-4.62,148.79,-79.8,158.55
52.433384,-1.536357,178.95,11.17,2,325.6,20 / 21,1409309,2019-09-06 19:43:35:052,0.2505,-0.5694,9.6137,0.0022,-0.0054,9.8066,-0.1049,-0.1281,0.0838,4.38,-34.31,-4.81,147.7,-80.03,157.2
52.433384,-1.536357,178.95,11.17,2,325.6,21 / 22,1409410,2019-09-06 19:43:35:153,1.8844,-0.6477,9.0092,0.0218,0.0102,9.8065,0.0405,0.0071,-0.0665,3.94,-35.44,-5.81,149.18,-80.3,158.35
52.433384,-1.536357,178.95,11.17,2,325.6,21 / 22,1409510,2019-09-06 19:43:35:253,0.9658,-0.5719,9.6033,0.0021,-0.0239,9.8066,0.1303,-0.0895,0.0796,3.44,-36.81,-5.12,153.88,-80.5,157.61
52.433384,-1.536357,178.95,11.17,2,325.6,21 / 22,1409609,2019-09-06 19:43:35:352,-0.1232,1.0655,10.0409,0.0043,0.0007,9.8066,-0.0672,-0.0967,-0.0556,3.19,-36.81,-5.12,154.6,-80.35,158.66
52.433384,-1.536357,178.95,11.17,2,325.6,21 / 22,1409710,2019-09-06 19:43:35:453,0.0099,-1.1021,9.648,0.0013,0.0078,9.8065,-0.1127,0.0313,-0.0092,2.88,-37.94,-5.19,155.51,-80.17,159.25
52.433384,-1.536357,178.95,11.17,2,325.6,21 / 22,1409810,2019-09-06 19:43:35:553,1.387,0.1393,10.0078,0.0028,0.0043,9.8066,0.0464,-0.0445,-0.0255,3.06,-37.44,-4.56,154.98,-80.22,159.07
52.433384,-1.536357,178.95,11.17,2,325.6,21 / 22,1409910,2019-09-06 19:43:35:653,1.1945,-1.8511,9.6959,-0.0049,-0.0161,9.8066,0.0634,-0.068,-0.0707,2.25,-37.19,-4.5,160.57,-80.28,159.64
52.433384,-1.536357,178.95,11.17,2,325.6,21 / 22,1410010,2019-09-06 19:43:35:753,0.9087,0.6401,9.2098,-0.001,-0.0177,9.8065,-0.1258,0.0015,0.059,2.31,-37,-4.81,160.05,-80.36,158.95
52.433384,-1.536357,178.95,11.17,2,325.6,21 / 22,1410110,2019-09-06 19:43:35:853,0.5382,-0.213,9.0775,0.0068,0.0263,9.8065,-0.1321,-0.0043,0.0066,2.5,-36.87,-4.94,155.03,-80.22,159.15
52.433384,-1.536357,178.95,11.17,2,325.6,21 / 22,1410209,2019-09-06 19:43:35:952,0.4742,-1.2973,9.8165,-0.0043,0.0333,9.8065,0.1117,0.0242,0.0383,2.13,-35.81,-4.56,160.1,-80.16,159.24
52.433384,-1.536357,178.95,11.17,2,325.6,21 / 22,1410310,2019-09-06 19:43:36:053,0.8474,1.2666,10.2499,0.0091,-0.0193,9.8065,0.092,0.0011,-0.0238,2.25,-36.06,-5.06,159.69,-80.34,158.8
52.433384,-1.536357,178.95,11.17,2,325.6,21 / 22,1410410,2019-09-06 19:43:36:153,0.3771,0.8243,9.8494,-0.0042,-0.0237,9.8066,-0.0925,-0.034,0.0706,2.75,-35.81,-4,153.62,-80.38,158.4
52.433384,-1.536357,178.95,11.17,2,325.6,21 / 22,1410509,2019-09-06 19:43:36:252,0.7633,-0.3051,9.3536,0.0037,0.0218,9.8066,-0.1866,-0.0041,-0.052,1.63,-35.87,-2.87,159.97,-80.36,158.91
52.433384,-1.536357,178.95,11.17,2,325.6,21 / 22,1410609,2019-09-06 19:43:36:352,0.9123,-0.3492,9.8336,-0.0101,0.0225,9.8066,-0.1248,-0.0181,0.0421,3.88,-35.12,-2.56,146.23,-80.32,158.67
52.433384,-1.536357,178.95,11.17,2,325.6,21 / 22,1410710,2019-09-06 19:43:36:453,0.2143,0.4694,9.9533,0.0031,-0.0189,9.8066,0.1496,-0.0114,-0.0263,4.75,-34.44,-4.06,140.48,-80.49,158.04
52.433384,-1.536357,178.95,11.17,2,325.6,21 / 22,1410810,2019-09-06 19:43:36:553,1.0143,0.4839,10.2035,-0.0072,-0.0146,9.8066,-0.1078,0.0501,-0.0237,3.75,-34.75,-4.31,146.69,-80.53,157.9
52.433384,-1.536357,178.95,11.17,2,325.6,21 / 22,1410910,2019-09-06 19:43:36:653,1.6857,-0.4237,9.998,-0.0033,0.0223,9.8066,-0.0783,-0.0411,0.1011,2.88,-34.44,-4.19,152.27,-80.38,157.45
52.433384,-1.536357,178.95,11.17,2,325.6,21 / 22,1411009,2019-09-06 19:43:36:752,0.3393,-0.023,9.5739,0.0053,0.0128,9.8066,0.119,-0.0043,0.0794,3.63,-34.31,-4.81,147.65,-80.39,158.23
52.433384,-1.536357,178.95,11.17,2,325.6,21 / 22,1411110,2019-09-06 19:43:36:853,-0.7814,-0.7303,9.5198,0.0101,-0.0233,9.8065,0.0817,-0.0505,0.0148,3.19,-34.94,-5.5,153.54,-80.31,158
52.433384,-1.536357,178.95,11.17,2,325.6,21 / 22,1411210,2019-09-06 19:43:36:953,1.4248,0.9382,10.0051,0.0115,-0.0242,9.8066,-0.0279,0.0542,0.0561,2.56,-35.19,-6.87,154.32,-80.55,158.69
52.433384,-1.536357,178.95,11.17,2,325.6,21 / 22,1411311,2019-09-06 19:43:37:054,0.6671,-0.9248,9.4303,-0.0033,0.022,9.8066,-0.0388,-0.0098,0.0825,1.06,-34.5,-6,163.9,-80.44,158.64
52.433384,-1.536357,178.95,11.17,2,325.6,20 / 21,1411410,2019-09-06 19:43:37:153,0.6383,0.0536,9.8641,0.0185,0.0214,9.8066,-0.0541,-0.04,-0.059,0.31,-33.94,-5.69,169.31,-80.52,159.48
52.433384,-1.536357,178.95,11.17,2,325.6,20 / 21,1411509,2019-09-06 19:43:37:252,0.9302,-0.2001,9.875,-0.0016,-0.01,9.8066,-0.0104,0.0061,0.0585,1.13,-33,-4.25,164.86,-80.67,159.27
52.433384,-1.536357,178.95,11.17,2,325.6,20 / 21,1411610,2019-09-06 19:43:37:353,0.7069,-0.534,9.5434,0.0046,-0.0098,9.8066,-0.0624,-0.0019,-0.029,2.19,-34.31,-3.75,158.78,-80.72,159.22
52.433384,-1.536357,178.95,11.17,2,325.6,20 / 21,1411710,2019-09-06 19:43:37:453,1.1879,0.5542,9.8254,-0.0045,0.0167,9.8065,-0.0285,-0.0149,-0.0065,3.19,-35.37,-4.56,153.95,-80.79,160.18
52.433384,-1.536357,178.95,11.17,2,325.6,20 / 21,1411810,2019-09-06 19:43:37:553,0.1721,0.145,9.896,-0.0029,0.019,9.8066,0.077,-0.0254,0.0423,3.19,-35.94,-5.25,154.38,-80.67,159.92
52.433384,-1.536357,178.95,11.17,2,325.6,20 / 21,1411910,2019-09-06 19:43:37:653,0.9456,0.2956,9.5062,-0.0021,0.0192,9.8065,-0.0104,-0.0079,0.0089,3.44,-36.87,-5.06,155.12,-80.65,160.61
52.433384,-1.536357,178.95,11.17,2,325.6,20 / 21,1412009,2019-09-06 19:43:37:752,0.6192,-0.2427,10.0796,-0.0017,0.0372,9.8066,-0.0802,-0.0253,-0.067,3.63,-36.62,-4.94,149.87,-80.7,160.78
52.433384,-1.536357,178.95,11.17,2,325.6,20 / 21,1412110,2019-09-06 19:43:37:853,0.2065,-1.4144,9.5087,-0.004,0.0042,9.8066,-0.0853,0.0819,0.03,3.06,-35.94,-5.12,154.01,-80.8,159.57
52.433384,-1.536357,178.95,11.17,2,325.6,20 / 21,1412210,2019-09-06 19:43:37:953,0.7591,-0.2033,9.6244,-0.0025,0.0144,9.8065,0.1057,0.0541,0.0218,2.88,-36.25,-5.19,153.79,-80.81,159.16
52.433384,-1.536357,178.95,11.17,2,325.6,20 / 21,1412309,2019-09-06 19:43:38:052,1.6829,-0.1573,9.7506,0.0181,-0.0069,9.8066,0.0315,0.0247,0.0081,2.56,-36.12,-5.62,154.44,-80.73,159.35
52.433384,-1.536357,178.95,11.17,2,325.6,22 / 23,1412409,2019-09-06 19:43:38:152,1.3123,-0.28,9.7748,0.0061,-0.021,9.8066,-0.0358,-0.023,-0.0956,1.69,-36.62,-5.06,160,-80.85,160.06
52.433384,-1.536357,178.95,11.17,2,325.6,22 / 23,1412510,2019-09-06 19:43:38:253,0.5002,0.5015,9.3272,-0.0089,-0.0171,9.8066,-0.0303,-0.0017,0.0398,1.94,-36.62,-4.5,159.71,-80.93,159.57
52.433384,-1.536357,178.95,11.17,2,325.6,22 / 23,1412609,2019-09-06 19:43:38:352,1.9008,-1.0182,9.8191,0.005,0.0016,9.8066,0.0754,-0.0259,-0.058,1.88,-37.75,-4.5,160.23,-80.9,159.94
52.433384,-1.536357,178.95,11.17,2,325.6,22 / 23,1412710,2019-09-06 19:43:38:453,0.1603,0.4192,9.6947,-0.0066,-0.026,9.8065,0.2037,-0.0341,0.0045,2.13,-37.19,-4.87,159.49,-81.02,159.42
52.433384,-1.536357,178.95,11.17,2,325.6,22 / 23,1412809,2019-09-06 19:43:38:552,0.9307,1.3476,9.6219,0.0027,-0.0047,9.8066,-0.0371,-0.0339,-0.0556,2.63,-37.44,-4.87,154.41,-80.89,159.88
52.433384,-1.536357,178.95,11.17,2,325.6,22 / 23,1412909,2019-09-06 19:43:38:652,2.0256,-0.1478,9.6361,0.0027,-0.0076,9.8066,-0.0005,-0.0184,-0.0238,2.69,-37.37,-4.69,154.39,-80.95,160
52.433384,-1.536357,178.95,11.17,2,325.6,22 / 23,1413010,2019-09-06 19:43:38:753,0.6141,-0.8262,9.8224,-0.0039,-0.0274,9.8066,0.0481,0.0104,0.0302,2.44,-37.37,-5,159.07,-81.17,158.92
52.433384,-1.536357,178.95,11.17,2,325.6,22 / 23,1413109,2019-09-06 19:43:38:852,1.2299,1.2013,10.3896,-0.0004,0.0068,9.8066,0.0979,-0.0348,0.0302,1.5,-37.06,-4.69,158.53,-81.31,158.17
52.433384,-1.536357,178.95,11.17,2,325.6,22 / 23,1413214,2019-09-06 19:43:38:957,0.8524,-0.0868,9.8545,-0.002,-0.0041,9.8066,-0.0242,0.0218,-0.1416,1.75,-36.81,-4.12,158.78,-81.3,158.6
52.433384,-1.536357,178.95,11.17,2,325.6,22 / 23,1413310,2019-09-06 19:43:39:053,0.5055,0.1396,9.4708,-0.018,-0.0004,9.8065,-0.0168,-0.0146,0.0696,3.06,-36.19,-3.87,151.83,-81.18,157.48
52.433384,-1.536357,178.95,11.17,2,325.6,20 / 21,1413409,2019-09-06 19:43:39:152,-0.0651,0.4878,9.9028,-0.0052,0.0074,9.8066,0.056,-0.0307,-0.035,4.31,-36.44,-4.25,145.63,-81.12,157.1
52.433384,-1.536357,178.95,11.17,2,325.6,20 / 21,1413510,2019-09-06 19:43:39:253,1.5584,-0.4942,9.6345,-0.0032,-0.0071,9.8065,-0.005,0.0348,-0.0847,3.81,-35.81,-5.31,146.57,-81.11,156.85
52.433384,-1.536357,178.95,11.17,2,325.6,20 / 21,1413609,2019-09-06 19:43:39:352,-0.6339,-0.3432,10.0598,-0.0092,-0.0125,9.8066,0.0148,-0.0212,0.0677,3.75,-36.25,-5.44,145.75,-81.13,155.39
52.433384,-1.536357,178.95,11.17,2,325.6,20 / 21,1413710,2019-09-06 19:43:39:453,-0.114,0.0236,10.2715,0.0022,-0.004,9.8066,-0.0168,0.0599,-0.071,2.56,-36.12,-5.12,151.42,-81.19,155.69
52.433384,-1.536357,178.95,11.17,2,325.6,20 / 21,1413809,2019-09-06 19:43:39:552,1.0037,0.6143,10.442,-0.0093,0.0069,9.8066,-0.0087,0.0442,-0.0151,4.06,-36.56,-5.44,146.31,-81.06,155.27
52.433384,-1.536357,178.95,11.17,2,325.6,20 / 21,1413909,2019-09-06 19:43:39:652,-0.1673,0.8096,9.6216,0.0082,0.0078,9.8066,0.0731,0.0607,-0.0069,3,-37.25,-4.69,152.41,-81.02,156.26
52.433384,-1.536357,178.95,11.17,2,325.6,20 / 21,1414010,2019-09-06 19:43:39:753,-0.4412,-1.0297,9.8555,-0.0115,0.0273,9.8065,0.0602,0.0131,-0.0198,3.44,-37.56,-4.81,153.23,-80.81,156.46
52.433384,-1.536357,178.95,11.17,2,325.6,20 / 21,1414110,2019-09-06 19:43:39:853,0.9577,1.1107,9.8045,0.0117,-0.0084,9.8066,-0.0478,0.04,-0.0506,2.75,-38,-4.06,153.1,-80.93,157.34
52.433384,-1.536357,178.95,11.17,2,325.6,20 / 21,1414210,2019-09-06 19:43:39:953,-0.8475,-0.3893,10.1289,-0.006,-0.0027,9.8066,0.0609,0.0395,0.0989,2.69,-37.75,-4.69,153.23,-81.03,157.14
52.433384,-1.536357,178.95,11.17,2,325.6,20 / 21,1414310,2019-09-06 19:43:40:053,-1.9906,-0.6903,9.1572,0.0124,0.0191,9.8066,-0.2182,0.1285,-0.1524,2,-37.19,-4.56,158.73,-81.04,157.9
52.433384,-1.536357,178.95,11.17,2,325.6,20 / 21,1414409,2019-09-06 19:43:40:152,-0.8933,0.2607,9.3158,-0.0128,0.0564,9.8064,0.2493,-0.0538,0.0935,2.31,-36.87,-4.25,159.17,-80.84,157.98
52.433384,-1.536357,178.95,11.17,2,325.6,20 / 21,1414510,2019-09-06 19:43:40:253,-0.0047,-0.0784,9.6083,0.0223,-0.0163,9.8066,0.0562,0.0643,-0.1879,1.56,-35.87,-3.5,158.82,-81,158.35
52.433384,-1.536357,178.95,11.17,2,325.6,20 / 21,1414610,2019-09-06 19:43:40:353,-1.4751,-1.0378,9.2066,-0.0317,0.0101,9.8065,0.0645,-0.0185,0.1008,2.75,-35.75,-3.44,151.71,-80.92,157.46
52.433384,-1.536357,178.95,11.17,2,325.6,20 / 21,1414710,2019-09-06 19:43:40:453,0.0056,-1.3642,9.8335,0.0211,-0.0349,9.8066,-0.0545,0.0951,-0.0911,3.38,-36.81,-4.19,152.59,-80.94,157.2
52.433384,-1.536357,178.95,11.17,2,325.6,20 / 21,1414810,2019-09-06 19:43:40:553,-0.3292,0.0411,9.8412,0.0002,-0.0501,9.8065,-0.0269,-0.0917,0.0487,4.13,-37.75,-4.81,147.14,-81.28,156.78
52.433384,-1.536357,178.95,11.17,2,325.6,20 / 21,1414910,2019-09-06 19:43:40:653,-0.3665,-1.5416,9.5844,0.0078,0.0022,9.8066,-0.0585,0.0852,-0.107,4.06,-37.69,-4.94,148.03,-81.34,158.64
52.433384,-1.536357,178.95,11.17,2,325.6,20 / 21,1415010,2019-09-06 19:43:40:753,1.4911,0.7443,10.1656,0,0.0219,9.8066,0.1273,0.0563,0.0032,3.13,-37.81,-5,153.67,-81.3,158.89
52.433384,-1.536357,178.95,11.17,2,325.6,20 / 21,1415110,2019-09-06 19:43:40:853,0.8612,0.3992,10.7563,0.0088,-0.0251,9.8065,0.1769,-0.0085,0.021,2.94,-38.44,-4.87,153.49,-81.48,159.13
52.433384,-1.536357,178.95,11.17,2,325.6,20 / 21,1415210,2019-09-06 19:43:40:953,0.8935,-0.723,10.1129,0.0083,-0.0312,9.8066,-0.143,0.0526,0.0078,3.25,-38.31,-4.19,153.27,-81.47,159.86
52.433384,-1.536357,178.95,11.17,2,325.6,20 / 21,1415310,2019-09-06 19:43:41:053,-0.0438,0.8489,9.8518,-0.0018,0.0291,9.8066,-0.1561,0.0355,0.0469,3.31,-38.19,-4,153.1,-81.48,159.52
52.43419,-1.537199,178.84,12.27,2,325.17,21 / 22,1415409,2019-09-06 19:43:41:152,2.4326,-0.17,11.1829,0.0116,0.0119,9.8066,0.0356,0.0828,-0.0153,3.44,-38.25,-3.87,152.83,-81.65,159.61
52.43419,-1.537199,178.84,12.27,2,325.17,21 / 22,1415509,2019-09-06 19:43:41:252,-1.2009,-0.4163,9.8511,0.0033,0.0441,9.8065,-0.0952,0.0526,-0.1109,3.5,-38.19,-4.06,147.92,-81.53,161.37
52.43419,-1.537199,178.84,12.27,2,325.17,21 / 22,1415610,2019-09-06 19:43:41:353,0.6476,1.444,11.1551,0.0066,-0.0406,9.8065,-0.0246,0.1299,0.078,3.06,-38.5,-3.5,154.1,-81.27,162.86
52.43419,-1.537199,178.84,12.27,2,325.17,21 / 22,1415709,2019-09-06 19:43:41:452,0.884,1.2301,9.5846,0.0198,0.0227,9.8065,0.1004,0.0193,0.0474,3.19,-38.75,-3.87,154.8,-81.42,162.16
52.43419,-1.537199,178.84,12.27,2,325.17,21 / 22,1415810,2019-09-06 19:43:41:553,0.1272,0.5485,9.7636,0.0112,0.0133,9.8066,-0.0926,-0.0043,0.0134,2.88,-38.87,-3.94,156.15,-81.31,164.72
52.43419,-1.537199,178.84,12.27,2,325.17,21 / 22,1415910,2019-09-06 19:43:41:653,0.5312,0.3533,10.4537,0.0064,-0.0042,9.8066,0.0393,-0.005,0.0943,3.13,-38.62,-3.5,154.95,-81.54,165.17
52.43419,-1.537199,178.84,12.27,2,325.17,21 / 22,1416010,2019-09-06 19:43:41:753,1.1391,-0.5171,9.5258,0.0151,0.0199,9.8066,-0.0397,0.0196,-0.0535,2.81,-38.44,-3.87,156.11,-81.58,166.34
52.43419,-1.537199,178.84,12.27,2,325.17,21 / 22,1416110,2019-09-06 19:43:41:853,0.0561,2.0605,10.0489,0.0051,-0.0227,9.8066,0.1095,-0.0375,0.0154,3.5,-38.75,-2.87,148.78,-81.7,166.36
52.43419,-1.537199,178.84,12.27,2,325.17,21 / 22,1416214,2019-09-06 19:43:41:957,0.5926,-0.3304,10.1114,0.0008,0.0064,9.8066,-0.1616,0.0211,0.0158,2.38,-38.87,-3.75,162.59,-81.62,166.95
52.43419,-1.537199,178.84,12.27,2,325.17,21 / 22,1416310,2019-09-06 19:43:42:053,1.0756,1.8698,10.1246,-0.0068,0.0277,9.8065,-0.1467,0.0426,-0.0415,3.56,-38.37,-3.62,149.94,-81.61,165.71
52.43419,-1.537199,178.84,12.27,2,325.17,20 / 22,1416409,2019-09-06 19:43:42:152,0.2059,-0.1125,9.8613,-0.0154,0.01,9.8066,0.0991,0.0035,0.0262,3.13,-38.12,-4.06,155.68,-81.43,164.93
52.43419,-1.537199,178.84,12.27,2,325.17,20 / 22,1416510,2019-09-06 19:43:42:253,-0.4932,1.4067,9.3549,0.0098,-0.0033,9.8066,0.0797,0.0577,-0.0322,3,-38.12,-3.87,155.52,-81.54,164.97
52.43419,-1.537199,178.84,12.27,2,325.17,20 / 22,1416609,2019-09-06 19:43:42:352,0.0705,1.668,9.5496,0,0.0006,9.8066,0.01,-0.0534,0.0765,3.13,-38.44,-4.06,155.31,-81.64,164.86
52.43419,-1.537199,178.84,12.27,2,325.17,20 / 22,1416710,2019-09-06 19:43:42:453,-0.4502,-0.3509,9.8036,0.0164,0.0017,9.8066,-0.1463,0.0281,-0.1057,3.13,-38.06,-4.19,155.16,-81.77,165.02
52.43419,-1.537199,178.84,12.27,2,325.17,20 / 22,1416810,2019-09-06 19:43:42:553,-1.5113,-1.4643,9.8137,-0.0043,0.0177,9.8065,0.2169,-0.0554,0.175,2.88,-37.62,-4.37,155.53,-81.82,165.94
52.43419,-1.537199,178.84,12.27,2,325.17,20 / 22,1416910,2019-09-06 19:43:42:653,1.274,0.8042,9.7804,0.0093,-0.0021,9.8065,-0.0057,-0.0398,-0.0039,2.44,-38.44,-3.56,162.14,-81.84,167.15
52.43419,-1.537199,178.84,12.27,2,325.17,20 / 22,1417010,2019-09-06 19:43:42:753,1.4494,-0.385,9.5091,0.0125,-0.0098,9.8066,-0.0564,0.0206,-0.0046,2.81,-37.87,-4.12,156.35,-81.8,167.6
52.43419,-1.537199,178.84,12.27,2,325.17,20 / 22,1417109,2019-09-06 19:43:42:852,0.1688,-0.0129,9.7651,-0.0115,0.0064,9.8066,-0.0844,-0.0264,0.0644,3,-38.06,-4.19,156.18,-81.84,167.38
52.43419,-1.537199,178.84,12.27,2,325.17,20 / 22,1417210,2019-09-06 19:43:42:953,0.4786,-0.8755,10.1826,0.0043,0.0012,9.8066,-0.0104,0.0566,0.0813,2.56,-38,-3.62,156.16,-81.91,167.57
52.43419,-1.537199,178.84,12.27,2,325.17,20 / 22,1417310,2019-09-06 19:43:43:053,-1.2415,1.1963,11.3553,0.016,0.0272,9.8065,0.0819,0.0014,0.021,3.06,-38.44,-4,156.08,-82.04,167.85
52.43419,-1.537199,178.84,12.27,2,325.17,21 / 22,1417410,2019-09-06 19:43:43:153,0.1069,2.1091,9.6219,-0.0003,0.0019,9.8066,-0.1153,0.0117,0.0674,2.75,-38.87,-3.87,157.83,-81.89,170.33
52.43419,-1.537199,178.84,12.27,2,325.17,21 / 22,1417509,2019-09-06 19:43:43:252,1.9074,0.5874,10.1506,0.0055,0.0353,9.8065,-0.0247,-0.0621,0.1857,2.19,-39.12,-3.56,164.44,-81.63,171.23
52.43419,-1.537199,178.84,12.27,2,325.17,21 / 22,1417610,2019-09-06 19:43:43:353,0.0758,0.8144,9.9179,0.0339,-0.0006,9.8066,-0.0271,-0.029,-0.0089,2.69,-39.31,-3.37,157.98,-81.74,173.47
52.43419,-1.537199,178.84,12.27,2,325.17,21 / 22,1417710,2019-09-06 19:43:43:453,0.9094,1.3497,9.4689,-0.004,-0.0152,9.8066,0.0829,-0.0872,0.0567,2.81,-38.94,-3.12,157.7,-81.86,173.25
52.43419,-1.537199,178.84,12.27,2,325.17,21 / 22,1417810,2019-09-06 19:43:43:553,0.254,1.7153,9.7082,0.0227,-0.0145,9.8065,0.0989,0.033,-0.1137,2.25,-38.69,-3.5,164.49,-81.98,174.5
52.43419,-1.537199,178.84,12.27,2,325.17,21 / 22,1417910,2019-09-06 19:43:43:653,1.2086,-0.1151,10.1519,-0.0005,0.0055,9.8066,0.0352,0.0603,0.044,1.94,-38.62,-3.44,164.12,-82.19,174.21
52.43419,-1.537199,178.84,12.27,2,325.17,21 / 22,1418009,2019-09-06 19:43:43:752,1.4826,-0.9732,9.209,0.0041,0,9.8066,-0.0281,0.0682,-0.0462,2.5,-38.81,-3.62,159.13,-82.29,174.24
52.43419,-1.537199,178.84,12.27,2,325.17,21 / 22,1418110,2019-09-06 19:43:43:853,0.6064,-0.3994,9.7783,-0.002,-0.0144,9.8066,0.0002,0.0048,0.0449,2.75,-38.81,-4.06,159.02,-82.36,174.25
52.43419,-1.537199,178.84,12.27,2,325.17,21 / 22,1418210,2019-09-06 19:43:43:953,-0.3803,2.4591,10.317,0.0005,0.0076,9.8066,0.2332,-0.0224,-0.024,2.38,-39.12,-4.25,165.2,-82.26,174.41
52.43419,-1.537199,178.84,12.27,2,325.17,21 / 22,1418309,2019-09-06 19:43:44:052,1.3561,-1.5268,11.3509,0.0226,-0.0818,9.8063,0.222,0.0151,-0.0677,2.69,-38.5,-3.37,156.91,-82.42,174.47
52.43419,-1.537199,178.84,12.27,2,325.17,20 / 21,1418410,2019-09-06 19:43:44:153,0.2372,2.7929,11.1477,0.022,-0.1317,9.8057,-0.1192,0.0486,0.1025,2.5,-38.75,-2.94,156.9,-82.53,174.09
52.43419,-1.537199,178.84,12.27,2,325.17,20 / 21,1418510,2019-09-06 19:43:44:253,-0.9475,2.0686,10.6761,-0.0218,0.0585,9.8064,0.0284,0.0615,0.0244,2.56,-38.56,-3.44,157.36,-82.23,173.91
52.43419,-1.537199,178.84,12.27,2,325.17,20 / 21,1418609,2019-09-06 19:43:44:352,1.243,0.2361,10.0055,0.0081,0.0184,9.8066,-0.2765,0.0085,0.0513,2.13,-38.94,-4,165.57,-82,174.65
52.43419,-1.537199,178.84,12.27,2,325.17,20 / 21,1418709,2019-09-06 19:43:44:452,0.1907,-0.8474,9.8122,-0.0162,0.0555,9.8065,-0.1943,0.013,-0.0368,2.94,-38.62,-3.06,158.53,-81.78,174.93
52.43419,-1.537199,178.84,12.27,2,325.17,20 / 21,1418810,2019-09-06 19:43:44:553,0.2066,-0.6091,9.8984,-0.0181,0.0401,9.8065,0.1035,0.0045,0.0478,2.56,-38.69,-3.62,160.2,-81.7,174.81
52.43419,-1.537199,178.84,12.27,2,325.17,20 / 21,1418910,2019-09-06 19:43:44:653,0.7714,0.3712,9.5393,0.0133,-0.0197,9.8066,0.0555,0.0127,-0.0201,2.25,-40.06,-2.94,165.26,-81.81,175.37
52.43419,-1.537199,178.84,12.27,2,325.17,20 / 21,1419010,2019-09-06 19:43:44:753,1.3494,0.0571,9.9414,-0.0007,-0.0341,9.8065,0.0252,0.0942,-0.0086,2.38,-38.69,-3.37,164.87,-81.82,174.99
52.43419,-1.537199,178.84,12.27,2,325.17,20 / 21,1419110,2019-09-06 19:43:44:853,0.6529,1.9081,9.1708,0.0185,-0.052,9.8065,-0.0039,0.1039,0.0599,2.63,-38.75,-3.37,158.13,-81.82,174.14
52.43419,-1.537199,178.84,12.27,2,325.17,20 / 21,1419210,2019-09-06 19:43:44:953,1.4616,-0.4077,10.6075,0.0012,0.0221,9.8066,0.4632,-0.0066,-0.1855,2.38,-38.56,-3.44,164.42,-81.96,174.26
52.43419,-1.537199,178.84,12.27,2,325.17,20 / 21,1419310,2019-09-06 19:43:45:053,0.5432,-1.5247,8.6493,0.0358,-0.1473,9.8054,0.4268,-0.0346,-0.0036,2.13,-39,-3,163.31,-82.68,173.8
52.43419,-1.537199,178.84,12.27,2,325.17,20 / 21,1419409,2019-09-06 19:43:45:152,1.0747,-0.1302,8.7851,0.0393,-0.156,9.8053,0.5118,0.1617,-0.0167,2.81,-38.62,-3.69,160.3,-81.75,175.18
52.43419,-1.537199,178.84,12.27,2,325.17,20 / 21,1419509,2019-09-06 19:43:45:252,0.7987,2.4297,11.6767,0.07,-0.2058,9.8042,0.5099,-0.0553,0.0494,2.56,-39,-3.62,158.83,-82.89,175.42
52.43419,-1.537199,178.84,12.27,2,325.17,20 / 21,1419610,2019-09-06 19:43:45:353,1.3898,2.2561,11.7479,-0.0011,0.0117,9.8066,-0.1337,0.0001,-0.0684,1.69,-39.06,-3,164.2,-82.4,175.09
52.43419,-1.537199,178.84,12.27,2,325.17,20 / 21,1419709,2019-09-06 19:43:45:452,1.3183,0.5443,10.9902,0.0141,-0.0873,9.8062,0.1805,-0.0279,-0.0815,1.94,-38.62,-2.75,163.48,-82.65,174.1
52.43419,-1.537199,178.84,12.27,2,325.17,20 / 21,1419810,2019-09-06 19:43:45:553,0.8675,-0.1168,10.0059,-0.0192,0.0676,9.8064,-0.1976,-0.0016,0.022,1.88,-38.19,-3.56,164.08,-82.74,173.61
52.43419,-1.537199,178.84,12.27,2,325.17,20 / 21,1419910,2019-09-06 19:43:45:653,0.5728,0.5066,10.2172,-0.0098,0.0435,9.8065,-0.0977,0.0145,0.0428,2.06,-38.75,-3.75,164.69,-82.43,173.7
52.43419,-1.537199,178.84,12.27,2,325.17,20 / 21,1420009,2019-09-06 19:43:45:752,0.38,-0.2137,10.4204,-0.0006,0.0263,9.8065,-0.0018,-0.0354,-0.0433,2.38,-39.19,-3.5,163.84,-82.32,173.92
52.43419,-1.537199,178.84,12.27,2,325.17,20 / 21,1420110,2019-09-06 19:43:45:853,-0.7419,2.3906,10.1105,0.0041,0.0393,9.8065,0.0829,0.0275,0.0129,2,-38.87,-3.69,165.55,-82.13,174.9
52.43419,-1.537199,178.84,12.27,2,325.17,20 / 21,1420211,2019-09-06 19:43:45:954,0.6909,0.0434,9.7419,0.009,0.0019,9.8066,0.0168,0.0113,0.0127,1.94,-38.5,-2.81,164.75,-82.05,176.01
52.43419,-1.537199,178.84,12.27,2,325.17,20 / 21,1420310,2019-09-06 19:43:46:053,1.2414,-0.2179,10.6698,0.0081,-0.0213,9.8066,0.1183,0.017,-0.0366,1.75,-38.87,-3.31,165.02,-82.16,176.42
52.43419,-1.537199,178.84,12.27,2,325.17,19 / 20,1420409,2019-09-06 19:43:46:152,0.8381,0.436,9.2108,-0.011,0.0456,9.8065,-0.0919,0.0475,0.0353,1.75,-38,-3.87,165.36,-82.5,175.75
52.43419,-1.537199,178.84,12.27,2,325.17,19 / 20,1420510,2019-09-06 19:43:46:253,0.3266,0.6273,9.3214,-0.0086,0.0271,9.8065,-0.0974,0.0068,-0.0572,2,-38.31,-3.56,165.34,-82.41,175.51
52.43419,-1.537199,178.84,12.27,2,325.17,19 / 20,1420609,2019-09-06 19:43:46:352,-0.3315,1.1742,10.0646,-0.0091,0.0319,9.8066,-0.1662,-0.0385,-0.0022,1.81,-38.12,-3.25,163.85,-82.41,174.89
52.43419,-1.537199,178.84,12.27,2,325.17,19 / 20,1420710,2019-09-06 19:43:46:453,0.8111,-1.0019,9.8,-0.0172,0.059,9.8064,0.1589,-0.0015,-0.0013,1.94,-38.37,-3.87,165.07,-82.38,174.87
52.43419,-1.537199,178.84,12.27,2,325.17,19 / 20,1420810,2019-09-06 19:43:46:553,1.3264,-0.8011,9.9912,0.0055,-0.0428,9.8065,0.1155,0.0137,0.0876,2,-38.44,-3.5,163.71,-82.34,174.31
52.43419,-1.537199,178.84,12.27,2,325.17,19 / 20,1420910,2019-09-06 19:43:46:653,-0.0779,0.5605,9.9795,0.002,-0.0165,9.8066,-0.019,0.0147,0.0049,2.38,-37.69,-3.37,163.63,-82.43,174.39
52.43419,-1.537199,178.84,12.27,2,325.17,19 / 20,1421010,2019-09-06 19:43:46:753,1.216,-0.598,10.0439,0.0007,-0.0063,9.8066,0.1222,-0.0235,0.0018,2.63,-38.31,-3.56,158.46,-82.38,173.76
52.43419,-1.537199,178.84,12.27,2,325.17,19 / 20,1421110,2019-09-06 19:43:46:853,0.2788,-0.8857,10.9119,0.0201,-0.0436,9.8065,-0.0656,0.0492,0.0598,2.19,-38,-3.69,164.56,-82.51,174.07
52.43419,-1.537199,178.84,12.27,2,325.17,19 / 20,1421210,2019-09-06 19:43:46:953,0.012,-0.1901,9.3997,-0.0026,0.0878,9.8062,-0.2569,0.0341,-0.0329,2.88,-38.12,-3.75,159.41,-82.24,175.28
52.43419,-1.537199,178.84,12.27,2,325.17,19 / 20,1421310,2019-09-06 19:43:47:053,-0.5917,-2.4845,8.8423,-0.0158,0.0447,9.8065,0.1389,0.0228,0.0159,2.06,-37.69,-3.62,165.24,-82.43,175.34
52.43419,-1.537199,178.84,12.27,2,325.17,20 / 22,1421409,2019-09-06 19:43:47:152,1.5192,0.998,10.0523,-0.0031,0.0083,9.8066,0.0098,-0.0629,0.0812,2.25,-38.62,-3.5,164.61,-82.55,176.54
52.43419,-1.537199,178.84,12.27,2,325.17,20 / 22,1421510,2019-09-06 19:43:47:253,-0.3595,0.1457,9.2565,0.0056,0.01,9.8066,0.0645,-0.0024,0.1086,2,-38.25,-3.75,166.22,-82.42,177.42
52.43419,-1.537199,178.84,12.27,2,325.17,20 / 22,1421609,2019-09-06 19:43:47:352,1.5098,-0.629,10.5995,0.0229,-0.0338,9.8065,0.0306,-0.0921,-0.0164,1.88,-38.19,-4,166.4,-82.74,178.43
52.43419,-1.537199,178.84,12.27,2,325.17,20 / 22,1421710,2019-09-06 19:43:47:453,-0.5733,1.3201,10.8858,0.0067,-0.0641,9.8064,-0.0988,0.0579,-0.0997,1.44,-38.69,-3.81,173.24,-82.87,179.39
52.43419,-1.537199,178.84,12.27,2,325.17,20 / 22,1421809,2019-09-06 19:43:47:552,1.1793,0.0009,12.0441,-0.013,0.0665,9.8064,0.2507,0.0702,0.0963,1.69,-38.19,-3.37,164.67,-82.57,177.35
52.43419,-1.537199,178.84,12.27,2,325.17,20 / 22,1421909,2019-09-06 19:43:47:652,-0.7289,2.6978,8.1089,0.0033,0.0111,9.8066,-0.5851,-0.0476,0.0975,1.63,-38.94,-4.06,166.38,-82.63,177.77
52.43419,-1.537199,178.84,12.27,2,325.17,20 / 22,1422010,2019-09-06 19:43:47:753,-1.0282,-0.6747,8.1851,-0.0607,0.1676,9.805,-0.9139,-0.0054,-0.047,2.56,-39.94,-3.31,158.08,-82.94,177.57
52.43419,-1.537199,178.84,12.27,2,325.17,20 / 22,1422109,2019-09-06 19:43:47:852,0.154,-0.0211,8.3397,-0.0568,0.2304,9.8037,0.3934,-0.0601,0.1079,1.63,-38.5,-3.5,165.91,-81.9,178.53
52.43419,-1.537199,178.84,12.27,2,325.17,20 / 22,1422209,2019-09-06 19:43:47:952,0.82,-1.9605,8.6336,0.0239,-0.1508,9.8054,-0.1597,-0.0386,-0.0088,1.88,-38.31,-3.62,165.74,-82.89,177.38
52.43419,-1.537199,178.84,12.27,2,325.17,20 / 22,1422310,2019-09-06 19:43:48:053,1.3338,-1.7572,9.4649,-0.0034,0.0105,9.8066,0.5345,-0.0255,-0.094,2,-38.69,-3.44,165.16,-82.27,177.08
52.43419,-1.537199,178.84,12.27,2,325.17,19 / 20,1422410,2019-09-06 19:43:48:153,0.7255,-2.3347,8.7534,0.0303,-0.1129,9.8059,0.3444,-0.013,-0.0151,2.25,-38.56,-3.06,163.58,-82.87,175.09
52.43419,-1.537199,178.84,12.27,2,325.17,19 / 20,1422510,2019-09-06 19:43:48:253,0.6956,1.8303,10.3456,0.0152,-0.1257,9.8058,-0.1452,0.0641,-0.0047,2.31,-38.06,-3.62,164.17,-82.93,174.27
52.43419,-1.537199,178.84,12.27,2,325.17,19 / 20,1422609,2019-09-06 19:43:48:352,0.5699,0.0765,9.7284,-0.0203,0.0628,9.8063,0.045,-0.0165,0.0228,2.44,-38.31,-2.75,163.02,-82.84,174.26
52.43419,-1.537199,178.84,12.27,2,325.17,19 / 20,1422710,2019-09-06 19:43:48:453,0.4092,0.0833,9.2619,0.001,0.0092,9.8066,-0.1157,0.0377,0.0301,2.44,-37.62,-3.44,163.39,-82.6,174.38
52.43419,-1.537199,178.84,12.27,2,325.17,19 / 20,1422809,2019-09-06 19:43:48:552,-0.1594,0.2334,9.7531,0.0045,0.0039,9.8066,0.0429,0.023,0.0024,2.75,-37.87,-3.12,156.56,-82.64,174.54
52.43419,-1.537199,178.84,12.27,2,325.17,19 / 20,1422910,2019-09-06 19:43:48:653,0.733,1.8747,10.1737,-0.0058,-0.0157,9.8066,0.1506,0.0118,0.0227,2.38,-38.19,-3.87,164.41,-82.79,174.44
52.43419,-1.537199,178.84,12.27,2,325.17,19 / 20,1423010,2019-09-06 19:43:48:753,0.0769,-0.8789,9.257,-0.0041,0.0145,9.8066,-0.1117,0.0701,-0.0564,2.38,-38.12,-3.81,164.06,-82.86,173.87
52.43419,-1.537199,178.84,12.27,2,325.17,19 / 20,1423110,2019-09-06 19:43:48:853,0.8978,0.0983,9.6137,-0.0112,0.009,9.8066,0.0352,0.0276,-0.0465,2.19,-37.69,-3.75,163.68,-82.89,173.15
52.43419,-1.537199,178.84,12.27,2,325.17,19 / 20,1423210,2019-09-06 19:43:48:953,0.3641,0.7901,9.6858,-0.0007,-0.0358,9.8065,0.0896,-0.0246,0.0088,2.5,-37.87,-3.75,157.11,-82.98,172.93
52.43419,-1.537199,178.84,12.27,2,325.17,19 / 20,1423310,2019-09-06 19:43:49:053,0.4515,-0.2821,9.4719,0.012,-0.022,9.8066,-0.1379,-0.0137,0.0219,2.25,-38.06,-3.62,162.85,-83.27,172.46
52.43419,-1.537199,178.84,12.27,2,325.17,19 / 20,1423410,2019-09-06 19:43:49:153,-0.2336,0.8076,10.3501,-0.0031,0.0069,9.8066,-0.082,0.0365,-0.0046,2.38,-38.06,-3.31,161.58,-83.3,172.51
52.43419,-1.537199,178.84,12.27,2,325.17,19 / 20,1423509,2019-09-06 19:43:49:252,1.1865,-0.546,10.4691,0.0127,-0.0105,9.8066,0.1985,0.0274,-0.0185,2.56,-37.56,-3.25,154.65,-83.21,172.79
52.43419,-1.537199,178.84,12.27,2,325.17,19 / 20,1423611,2019-09-06 19:43:49:354,0.9757,-0.2176,10.3045,0.0048,-0.0314,9.8066,0.1294,-0.0241,0.0065,2.63,-37,-4.56,158.76,-82.96,173.49
52.43419,-1.537199,178.84,12.27,2,325.17,19 / 20,1423709,2019-09-06 19:43:49:452,0.28,1.0616,10.0746,0.0057,-0.0208,9.8066,0.004,0.0164,0.0087,2.25,-37.75,-3.44,162.5,-82.94,173.39
52.43419,-1.537199,178.84,12.27,2,325.17,19 / 20,1423809,2019-09-06 19:43:49:552,1.0504,-0.6997,9.8504,0.0018,0.0103,9.8066,-0.0799,0.0437,0.0252,2.69,-38.25,-3.69,157.9,-82.84,174.02
52.43419,-1.537199,178.84,12.27,2,325.17,19 / 20,1423910,2019-09-06 19:43:49:653,0.1956,0.9232,9.506,-0.0014,-0.0052,9.8066,-0.0497,0.0456,-0.0054,2.56,-38.25,-3,155.41,-83.06,173.76
52.43419,-1.537199,178.84,12.27,2,325.17,19 / 20,1424010,2019-09-06 19:43:49:753,0.9766,0.2538,8.1259,-0.0013,-0.0247,9.8066,-0.1042,-0.0428,0.0984,2.56,-37.94,-3.69,157.29,-83.23,174.05
52.43419,-1.537199,178.84,12.27,2,325.17,19 / 20,1424110,2019-09-06 19:43:49:853,0.4999,2.295,9.0681,0.0152,0.0411,9.8065,-0.2324,0.0989,-0.0941,2.56,-38.25,-3,156.33,-83.12,175.93
52.43419,-1.537199,178.84,12.27,2,325.17,19 / 20,1424210,2019-09-06 19:43:49:953,-0.9916,-0.2161,9.0455,0.0157,0.0416,9.8065,-0.1531,0.1005,-0.063,2.13,-37.5,-3.94,163.99,-83.33,175.29
52.43419,-1.537199,178.84,12.27,2,325.17,19 / 20,1424310,2019-09-06 19:43:50:053,4.5535,-2.0122,10.0221,0.0154,0.0025,9.8066,-0.0134,-0.0439,0.084,2.94,-37.37,-3.19,156.21,-83.27,177
52.435036,-1.538227,179.19,13.44,2,321.55,20 / 21,1424410,2019-09-06 19:43:50:153,3.0062,0.2613,9.8842,-0.0153,0.031,9.8065,-0.1826,0.1148,-0.0391,2.31,-38.19,-3.62,164.76,-83.21,176.1
52.435036,-1.538227,179.19,13.44,2,321.55,20 / 21,1424510,2019-09-06 19:43:50:253,1.433,0.3068,9.2912,0.0039,-0.0008,9.8066,0.0872,0.062,-0.1039,2.56,-37.94,-3.25,156.73,-82.92,175.99
52.435036,-1.538227,179.19,13.44,2,321.55,20 / 21,1424610,2019-09-06 19:43:50:353,-1.0244,2.5297,9.3314,0.0127,-0.0071,9.8066,0.0945,0.0911,-0.0339,2.81,-38.12,-3.19,156.62,-82.95,175.86
52.435036,-1.538227,179.19,13.44,2,321.55,20 / 21,1424710,2019-09-06 19:43:50:453,1.7928,-1.8223,9.9264,-0.0003,-0.0254,9.8066,-0.142,0.0297,-0.0147,2.88,-38.12,-3.25,155.87,-83.11,174.91
52.435036,-1.538227,179.19,13.44,2,321.55,20 / 21,1424810,2019-09-06 19:43:50:553,0.662,-0.5671,9.1448,-0.0244,0.0262,9.8066,-0.1583,-0.0165,-0.016,2.19,-38.06,-4.25,163.71,-83.12,173.79
52.435036,-1.538227,179.19,13.44,2,321.55,20 / 21,1424910,2019-09-06 19:43:50:653,-0.5457,-1.9896,9.3531,-0.0144,0.0402,9.8065,0.1042,-0.1014,0.0511,2.44,-38.25,-3.37,162.08,-83.1,172.95
52.435036,-1.538227,179.19,13.44,2,321.55,20 / 21,1425010,2019-09-06 19:43:50:753,0.4705,1.8457,8.9402,0.0004,-0.0108,9.8066,-0.0068,0.0017,-0.0434,2.56,-38.25,-3.5,154.6,-83.15,172.46
52.435036,-1.538227,179.19,13.44,2,321.55,20 / 21,1425110,2019-09-06 19:43:50:853,0.4835,-0.6628,9.6881,-0.0042,-0.0003,9.8066,0.0963,0.052,0.0019,3.25,-37.56,-3.75,155.92,-83.26,171.57
52.435036,-1.538227,179.19,13.44,2,321.55,20 / 21,1425211,2019-09-06 19:43:50:954,0.6455,-0.6606,9.2165,0.0242,-0.0482,9.8065,0.094,0.0014,0.0381,2.69,-38.19,-3.56,155.68,-83.64,172.36
52.435036,-1.538227,179.19,13.44,2,321.55,20 / 21,1425310,2019-09-06 19:43:51:053,0.6102,1.9449,9.5113,0.0157,-0.0365,9.8065,0.0529,-0.0606,0.0381,2.13,-38.44,-3.81,162.87,-83.65,173.47
52.435036,-1.538227,179.19,13.44,2,321.55,19 / 20,1425410,2019-09-06 19:43:51:153,1.1061,-0.6813,9.5197,0.0006,0.0223,9.8066,-0.0166,-0.0135,0.0487,2.5,-38.44,-3.5,154.49,-83.73,174.69
52.435036,-1.538227,179.19,13.44,2,321.55,19 / 20,1425510,2019-09-06 19:43:51:253,0.5742,0.0764,9.6733,0.0048,0.007,9.8066,-0.031,-0.0315,-0.0386,1.88,-38.37,-3.56,164.26,-83.61,176.05
52.435036,-1.538227,179.19,13.44,2,321.55,19 / 20,1425609,2019-09-06 19:43:51:352,0.7506,-1.5095,9.2142,-0.0009,-0.0058,9.8066,-0.0751,-0.0306,-0.0571,2.63,-37.69,-3.31,155.71,-83.67,176.85
52.435036,-1.538227,179.19,13.44,2,321.55,19 / 20,1425709,2019-09-06 19:43:51:452,1.0307,-1.5332,9.2988,-0.0002,0.0059,9.8066,0.0398,-0.1103,0.0439,1.88,-38,-3.06,163.01,-83.6,176.72
52.435036,-1.538227,179.19,13.44,2,321.55,19 / 20,1425809,2019-09-06 19:43:51:552,-0.2988,-0.1295,9.2968,0.0121,-0.0082,9.8066,-0.1408,0.0328,-0.0543,2.13,-38,-3.94,165.08,-83.77,177.98
52.435036,-1.538227,179.19,13.44,2,321.55,19 / 20,1425910,2019-09-06 19:43:51:653,1.8209,-0.8896,9.8694,0.0085,0.0063,9.8066,0.0997,0.0349,-0.0144,1.69,-38.62,-3.31,163.46,-83.91,178.19
52.435036,-1.538227,179.19,13.44,2,321.55,19 / 20,1426010,2019-09-06 19:43:51:753,1.0425,-1.2477,9.8961,0.0043,-0.024,9.8066,0.1067,0.0211,0.0618,1.38,-38.37,-3.75,172.15,-83.93,178.58
52.435036,-1.538227,179.19,13.44,2,321.55,19 / 20,1426110,2019-09-06 19:43:51:853,0.5395,-0.1523,10.3873,0.0148,0.0056,9.8066,0.1257,-0.0002,0.0079,1.81,-38.56,-3.56,165.93,-83.9,179.53
52.435036,-1.538227,179.19,13.44,2,321.55,19 / 20,1426210,2019-09-06 19:43:51:953,0.576,2.7265,10.0535,-0.0074,0.0252,9.8066,0.1218,-0.0466,0.0249,1.63,-38.5,-3.12,164.82,-83.58,-179.36
52.435036,-1.538227,179.19,13.44,2,321.55,19 / 20,1426310,2019-09-06 19:43:52:053,0.9306,0.1347,10.603,0.0134,0.0452,9.8065,-0.2164,-0.092,-0.0583,1.75,-38,-3.06,165.6,-83.4,-178.14
52.435036,-1.538227,179.19,13.44,2,321.55,19 / 20,1426409,2019-09-06 19:43:52:152,0.3459,-0.4324,8.0151,-0.0097,-0.0258,9.8065,-0.0116,0.0196,0.1033,2.25,-38.31,-3.87,166.71,-83.71,-179.02
52.435036,-1.538227,179.19,13.44,2,321.55,19 / 20,1426509,2019-09-06 19:43:52:252,3.4195,1.1859,9.957,0.0218,0.0328,9.8065,-0.1211,0.0502,-0.1203,1.5,-38.19,-3.69,167.57,-83.69,-177.4
52.435036,-1.538227,179.19,13.44,2,321.55,19 / 20,1426610,2019-09-06 19:43:52:353,0.2079,0.3582,8.856,-0.0119,0.0086,9.8066,-0.0795,0.0073,-0.0506,2.06,-37.94,-4.06,166.5,-83.9,-179.03
52.435036,-1.538227,179.19,13.44,2,321.55,19 / 20,1426710,2019-09-06 19:43:52:453,0.095,1.2504,9.631,-0.0223,-0.0214,9.8066,0.0452,0.0464,0.0364,2.19,-38.25,-3.87,165.28,-83.77,178.37
52.435036,-1.538227,179.19,13.44,2,321.55,19 / 20,1426810,2019-09-06 19:43:52:553,1.0832,0.7604,9.6727,-0.0079,0.0973,9.8061,-0.3072,-0.0413,-0.075,1.81,-38.25,-3.94,164.87,-83.41,176.78
52.435036,-1.538227,179.19,13.44,2,321.55,19 / 20,1426910,2019-09-06 19:43:52:653,2.4008,-0.8926,9.9014,-0.0332,0.0422,9.8065,0.2128,0.1271,-0.0668,1.69,-38.37,-4.56,164.87,-83.64,174.99
52.435036,-1.538227,179.19,13.44,2,321.55,19 / 20,1427010,2019-09-06 19:43:52:753,2.018,1.0754,10.3562,0.0011,-0.0243,9.8065,-0.0015,-0.0749,0.0544,2.06,-38.5,-3.06,161.72,-83.96,175.14
52.435036,-1.538227,179.19,13.44,2,321.55,19 / 20,1427109,2019-09-06 19:43:52:852,0.9523,-0.5538,9.8612,-0.0108,0.0268,9.8066,0.2613,0.0491,-0.0282,2.31,-38.19,-3.87,163.6,-83.8,175.23
52.435036,-1.538227,179.19,13.44,2,321.55,19 / 20,1427210,2019-09-06 19:43:52:953,0.6115,-1.2582,9.8079,0.0072,-0.0385,9.8066,0.2477,-0.0319,0.0777,2.06,-38.81,-4.12,163.87,-83.68,175.06
52.435036,-1.538227,179.19,13.44,2,321.55,19 / 20,1427310,2019-09-06 19:43:53:053,-0.1403,0.3659,9.6501,0.0123,-0.056,9.8064,-0.1032,-0.0178,-0.0209,2,-37.69,-3.81,163.57,-83.89,175.38
52.435036,-1.538227,179.19,13.44,2,321.55,19 / 21,1427409,2019-09-06 19:43:53:152,1.2279,-0.2851,10.5678,-0.0024,-0.0082,9.8066,-0.0329,-0.0276,-0.0243,1.88,-38.19,-4.19,163.32,-83.83,174.79
52.435036,-1.538227,179.19,13.44,2,321.55,19 / 21,1427509,2019-09-06 19:43:53:252,-0.5101,0.8266,9.1819,0.0054,-0.0465,9.8065,-0.0421,-0.0581,-0.0192,2.63,-38.56,-3.56,155.98,-84.03,173.66
52.435036,-1.538227,179.19,13.44,2,321.55,19 / 21,1427609,2019-09-06 19:43:53:352,1.624,0.0791,9.9624,-0.005,0.0201,9.8066,-0.0597,-0.04,-0.0139,2.56,-37.87,-4.19,155.86,-83.74,173.02
52.435036,-1.538227,179.19,13.44,2,321.55,19 / 21,1427709,2019-09-06 19:43:53:452,0.0666,-0.6868,10.1565,-0.0171,0.0115,9.8065,0.0974,-0.1195,0.0378,2.5,-37.94,-4.19,154.86,-83.86,171.62
52.435036,-1.538227,179.19,13.44,2,321.55,19 / 21,1427810,2019-09-06 19:43:53:553,0.2591,0.3454,9.658,-0.0138,-0.0045,9.8066,-0.0561,-0.0157,-0.1338,2.69,-37.37,-4.12,153.95,-83.8,170.41
52.435036,-1.538227,179.19,13.44,2,321.55,19 / 21,1427910,2019-09-06 19:43:53:653,2.2025,0.5269,11.1758,0.0003,-0.0156,9.8066,0.2668,-0.0723,0.0197,2.69,-37.94,-3.56,152.85,-83.71,167.5
52.435036,-1.538227,179.19,13.44,2,321.55,19 / 21,1428009,2019-09-06 19:43:53:752,0.5316,1.5268,9.4839,-0.018,-0.054,9.8064,0.2071,0.0021,-0.0182,3.31,-38,-3.75,151.09,-83.76,164.53
52.435036,-1.538227,179.19,13.44,2,321.55,19 / 21,1428110,2019-09-06 19:43:53:853,0.3263,2.1169,10.4131,0.0024,-0.0244,9.8066,-0.1037,-0.0313,-0.0548,2.94,-37.69,-3.56,150.41,-83.71,163.13
52.435036,-1.538227,179.19,13.44,2,321.55,19 / 21,1428210,2019-09-06 19:43:53:953,-0.1773,0.1257,9.0455,-0.025,0.02,9.8066,-0.1119,-0.0225,-0.0272,3.69,-37.44,-5.12,144.13,-83.76,161.31
52.435036,-1.538227,179.19,13.44,2,321.55,19 / 21,1428310,2019-09-06 19:43:54:053,1.1977,0.3329,9.6089,0.0027,0.0239,9.8066,-0.0267,-0.0231,0.026,3.31,-37.69,-5.25,149.78,-83.97,160.7
52.435036,-1.538227,179.19,13.44,2,321.55,18 / 20,1428410,2019-09-06 19:43:54:153,0.3536,-1.1977,9.3692,0.0208,-0.0273,9.8065,-0.0053,-0.0195,0.0663,3.5,-38.06,-5.19,143.03,-84.35,161.2
52.435036,-1.538227,179.19,13.44,2,321.55,18 / 20,1428509,2019-09-06 19:43:54:252,-1.6158,0.6231,8.6164,0.0079,-0.0035,9.8066,-0.2018,-0.0537,-0.0805,2.38,-37.69,-4.62,157.54,-84.16,163.52
52.435036,-1.538227,179.19,13.44,2,321.55,18 / 20,1428610,2019-09-06 19:43:54:353,0.9327,0.5519,9.0816,-0.0087,0.0021,9.8066,-0.0153,0.0229,0.047,3,-38.5,-3.87,148.85,-84.03,161.68
52.435036,-1.538227,179.19,13.44,2,321.55,18 / 20,1428710,2019-09-06 19:43:54:453,0.391,-0.8119,8.1891,0.0289,-0.0236,9.8065,0.1105,0.0292,-0.0072,2.94,-38,-5.31,150.71,-84.13,162.74
52.435036,-1.538227,179.19,13.44,2,321.55,18 / 20,1428810,2019-09-06 19:43:54:553,0.3565,1.5606,10.0813,0.0222,-0.0628,9.8064,0.1036,-0.0204,0.123,2.63,-37.75,-4.5,148.7,-84.39,162.95
52.435036,-1.538227,179.19,13.44,2,321.55,18 / 20,1428909,2019-09-06 19:43:54:652,-0.2295,0.7606,9.0195,0.0368,-0.0357,9.8064,-0.024,-0.0653,0.0819,2.44,-38.06,-5.06,156.49,-84.97,164.08
52.435036,-1.538227,179.19,13.44,2,321.55,18 / 20,1429010,2019-09-06 19:43:54:753,1.6502,0.0569,9.9498,0.0231,-0.018,9.8066,0.1438,-0.0477,0.063,2.81,-37.87,-5,152.81,-85.03,168.88
52.435036,-1.538227,179.19,13.44,2,321.55,18 / 20,1429110,2019-09-06 19:43:54:853,1.2771,1.5215,10.9651,0.0191,-0.0007,9.8066,0.4255,-0.0386,0.0653,2,-38.5,-5.19,161.13,-84.88,171.24
52.435036,-1.538227,179.19,13.44,2,321.55,18 / 20,1429209,2019-09-06 19:43:54:952,0.2918,0.258,10.6502,0.0349,-0.0596,9.8064,0.3261,0.07,-0.017,1.75,-37.62,-4.62,162.09,-85.04,173.14
52.435036,-1.538227,179.19,13.44,2,321.55,18 / 20,1429310,2019-09-06 19:43:55:053,-0.3669,3.8162,10.9893,0.0256,0.0427,9.8065,-0.1778,-0.0801,0.2039,1.88,-37.56,-4.94,164.54,-84.86,176.69
52.435036,-1.538227,179.19,13.44,2,321.55,19 / 20,1429409,2019-09-06 19:43:55:152,-1.7165,-0.2604,9.3607,0.0025,-0.0288,9.8066,-0.0207,0.0838,-0.0376,1.38,-37.62,-4.87,170.98,-85.07,176.56
52.435036,-1.538227,179.19,13.44,2,321.55,19 / 20,1429510,2019-09-06 19:43:55:253,1.7508,1.2525,10.3334,-0.0296,0.0437,9.8064,-0.0146,-0.0338,-0.165,1.56,-38.06,-4.75,165.74,-84.58,178.15
52.435036,-1.538227,179.19,13.44,2,321.55,19 / 20,1429609,2019-09-06 19:43:55:352,1.3591,0.8211,9.4068,-0.0187,0.057,9.8065,-0.0332,-0.1122,0.0223,2,-37.56,-4.94,165.64,-84.46,177.77
52.435036,-1.538227,179.19,13.44,2,321.55,19 / 20,1429709,2019-09-06 19:43:55:452,0.3373,0.7877,9.3218,0.0161,-0.0426,9.8065,0.0749,0.0638,0.0783,1.56,-38.25,-4.44,164.2,-84.3,177.55
52.435036,-1.538227,179.19,13.44,2,321.55,19 / 20,1429810,2019-09-06 19:43:55:553,-0.3538,0.2831,10.121,0.0348,-0.0216,9.8065,-0.1236,0.0405,-0.0003,1,-38.44,-5.44,174.02,-84.66,-178.79
52.435036,-1.538227,179.19,13.44,2,321.55,19 / 20,1429910,2019-09-06 19:43:55:653,0.1595,0.3437,10.4388,0.0064,-0.0086,9.8066,0.1595,-0.0106,0.0478,1.44,-38,-4.75,174.57,-84.84,-177.74
52.435036,-1.538227,179.19,13.44,2,321.55,19 / 20,1430009,2019-09-06 19:43:55:752,1.1379,0.6971,9.6343,-0.0184,0.0328,9.8065,0.2233,0.0073,0.0397,1.63,-37.62,-4.69,167.73,-84.63,-178.48
52.435036,-1.538227,179.19,13.44,2,321.55,19 / 20,1430109,2019-09-06 19:43:55:852,0.0846,2.0862,9.952,-0.0141,0.0166,9.8066,-0.0137,0.0185,-0.0888,1.69,-38.19,-5.19,166.86,-84.18,179.38
52.435036,-1.538227,179.19,13.44,2,321.55,19 / 20,1430210,2019-09-06 19:43:55:953,-1.2063,-1.526,8.3591,-0.0036,0.0194,9.8066,-0.0264,-0.0221,-0.0149,1.13,-38.5,-4.31,171.64,-84.21,177.94
52.435036,-1.538227,179.19,13.44,2,321.55,19 / 20,1430310,2019-09-06 19:43:56:053,-0.6308,-1.0344,8.512,0.0154,-0.0969,9.8061,-0.2154,0.0361,-0.0842,1.38,-37.94,-4.62,172.33,-84.19,177.89
52.435036,-1.538227,179.19,13.44,2,321.55,19 / 22,1430409,2019-09-06 19:43:56:152,3.7762,0.9931,10.6215,0.039,-0.0432,9.8064,0.3003,-0.1222,0.0662,1.31,-38.31,-4.62,174.08,-84.79,-178.59
52.435036,-1.538227,179.19,13.44,2,321.55,19 / 22,1430510,2019-09-06 19:43:56:253,-0.8646,2.4406,12.0705,0.0177,0.0312,9.8066,-0.1707,-0.0775,0.1053,1.5,-38.25,-4.5,165.36,-84.69,-179.48
52.435036,-1.538227,179.19,13.44,2,321.55,19 / 22,1430609,2019-09-06 19:43:56:352,-0.274,1.9611,10.2025,-0.0351,-0.0222,9.8065,-0.1989,0.2822,-0.2616,1.13,-38.25,-4.37,171.19,-84.58,177.6
52.435036,-1.538227,179.19,13.44,2,321.55,19 / 22,1430710,2019-09-06 19:43:56:453,-3.3939,-1.373,8.3205,-0.0321,0.1341,9.8056,-0.4336,-0.0956,-0.0105,1.81,-38.37,-4.81,165.21,-83.92,176.07
52.435036,-1.538227,179.19,13.44,2,321.55,19 / 22,1430809,2019-09-06 19:43:56:552,1.4407,-0.1969,8.2332,-0.0476,0.1319,9.8056,-0.4688,0.0064,0.0202,1.69,-38.19,-5.19,163.21,-84.12,173.04
52.435036,-1.538227,179.19,13.44,2,321.55,19 / 22,1430910,2019-09-06 19:43:56:653,1.42,-1.2491,8.6142,-0.0033,-0.0494,9.8065,0.2439,0.0025,-0.0851,1.75,-37.94,-4.94,163.17,-84.41,173.58
52.435036,-1.538227,179.19,13.44,2,321.55,19 / 22,1431009,2019-09-06 19:43:56:752,1.5235,0.5636,9.9367,-0.0029,0.0188,9.8066,0.1585,-0.0921,0.0849,1.75,-38.19,-4.56,161.68,-84.63,171.57
52.435036,-1.538227,179.19,13.44,2,321.55,19 / 22,1431110,2019-09-06 19:43:56:853,1.3635,0.0796,10.3376,0.0019,-0.0297,9.8066,0.0496,0.0463,-0.034,1.31,-38,-4.69,168.34,-84.73,171.75
52.435036,-1.538227,179.19,13.44,2,321.55,19 / 22,1431210,2019-09-06 19:43:56:953,0.9088,0.3763,10.3527,-0.0156,0.0359,9.8065,0.0598,-0.0002,-0.0478,2.13,-38.06,-4.94,161.36,-84.81,171.46
52.435036,-1.538227,179.19,13.44,2,321.55,19 / 22,1431310,2019-09-06 19:43:57:053,0.1329,0.0681,10.4154,-0.0077,0.0166,9.8066,0.0069,0.0311,-0.0385,2.25,-37.87,-5.06,160.78,-84.81,170.53
52.435036,-1.538227,179.19,13.44,2,321.55,21 / 22,1431410,2019-09-06 19:43:57:153,0.6799,0.1843,10.0948,-0.0109,0.0239,9.8065,-0.023,0.0008,0.0266,2.13,-38.19,-4.87,160.95,-84.65,170.42
52.435036,-1.538227,179.19,13.44,2,321.55,21 / 22,1431509,2019-09-06 19:43:57:252,0.7867,-0.8262,9.5597,-0.0003,-0.0065,9.8066,0.0099,-0.0211,0.0066,1.88,-38.12,-4.56,160.73,-84.66,170.09
52.435036,-1.538227,179.19,13.44,2,321.55,21 / 22,1431610,2019-09-06 19:43:57:353,0.6164,-0.8543,9.9463,-0.0011,0.0175,9.8066,0.1089,0.066,-0.0443,1.25,-37.87,-4.19,167.24,-84.7,170.49
52.435036,-1.538227,179.19,13.44,2,321.55,21 / 22,1431710,2019-09-06 19:43:57:453,1.4662,0.464,9.6772,0.0049,0.0158,9.8066,-0.211,-0.0428,0.0013,1.63,-38.19,-3.75,160.21,-84.75,171.59
52.435036,-1.538227,179.19,13.44,2,321.55,21 / 22,1431809,2019-09-06 19:43:57:552,-0.3962,-1.9697,9.2278,-0.0105,0.0194,9.8066,-0.2171,0.0351,-0.0193,2.56,-37.94,-5.19,154.02,-84.9,170.35
52.435036,-1.538227,179.19,13.44,2,321.55,21 / 22,1431909,2019-09-06 19:43:57:652,1.9088,-1.6338,11.2504,0.0108,0.0217,9.8065,0.1709,0.0386,-0.0708,1.25,-38.81,-4.12,168.58,-84.92,173.12
52.435036,-1.538227,179.19,13.44,2,321.55,21 / 22,1432010,2019-09-06 19:43:57:753,1.3698,1.6911,10.2026,0.0135,-0.0512,9.8065,0.1916,0.0117,0.0668,1.44,-38.5,-4.75,169.28,-84.98,173.66
52.435036,-1.538227,179.19,13.44,2,321.55,21 / 22,1432110,2019-09-06 19:43:57:853,1.8792,-2.1459,9.4752,-0.008,0.036,9.8066,0.0335,0.2302,0.066,1.44,-38,-4.87,172.18,-84.45,177.89
52.435036,-1.538227,179.19,13.44,2,321.55,21 / 22,1432210,2019-09-06 19:43:57:953,2.345,-0.3938,10.6945,0.0461,-0.0011,9.8064,0.0109,-0.1994,0.1596,1.69,-38.75,-4.94,168.57,-84.57,-177.39
52.435036,-1.538227,179.19,13.44,2,321.55,21 / 22,1432309,2019-09-06 19:43:58:052,-0.67,-2.9771,9.2688,0.0286,0.0099,9.8066,0.3153,-0.1024,0.1162,0.75,-38.56,-4.44,174.42,-84.94,-176.17
52.435036,-1.538227,179.19,13.44,2,321.55,19 / 21,1432410,2019-09-06 19:43:58:153,0.6707,-0.3345,11.1964,0.0112,-0.1516,9.8054,0.2754,0.0826,-0.0283,0.25,-38.31,-4.37,184.54,-85.46,-172.06
52.435036,-1.538227,179.19,13.44,2,321.55,19 / 21,1432510,2019-09-06 19:43:58:253,4.5045,1.7301,11.1968,-0.0203,0.0448,9.8065,-0.0327,0.3345,-0.1211,1.31,-37.56,-5.31,178.21,-85.29,-171.57
52.435036,-1.538227,179.19,13.44,2,321.55,19 / 21,1432610,2019-09-06 19:43:58:353,-0.658,1.6062,11.0746,0.0433,-0.0262,9.8065,0.1207,-0.1677,0.1851,1.5,-38.19,-4.75,172.57,-84.97,-170.2
52.435036,-1.538227,179.19,13.44,2,321.55,19 / 21,1432710,2019-09-06 19:43:58:453,3.9716,-3.5488,11.4999,-0.0109,0.1066,9.806,-0.0415,-0.0613,0.0705,0.56,-38.5,-4.12,176.29,-84.54,-172.9
52.435036,-1.538227,179.19,13.44,2,321.55,19 / 21,1432810,2019-09-06 19:43:58:553,0.6219,-0.8876,11.0586,-0.0313,0.0419,9.8064,0.0302,0.0317,-0.1225,1.06,-38.5,-4.31,176.29,-84.56,-172.91
52.435036,-1.538227,179.19,13.44,2,321.55,19 / 21,1432910,2019-09-06 19:43:58:653,-0.8077,1.0069,10.1376,-0.0124,-0.0407,9.8065,0.0116,-0.1057,0.0619,1.25,-37.69,-4.5,173.26,-84.75,-178.36
52.435036,-1.538227,179.19,13.44,2,321.55,19 / 21,1433010,2019-09-06 19:43:58:753,1.3908,0.6731,9.9753,-0.0112,-0.0686,9.8064,0.0342,-0.0844,-0.022,1.63,-37.87,-4.75,166.5,-84.85,179.85
52.435036,-1.538227,179.19,13.44,2,321.55,19 / 21,1433110,2019-09-06 19:43:58:853,0.6503,-0.8745,9.6627,0.0135,0.0107,9.8066,-0.0026,-0.0099,0.0421,0.94,-38.06,-4.5,172,-84.99,179.63
52.435036,-1.538227,179.19,13.44,2,321.55,19 / 21,1433210,2019-09-06 19:43:58:953,0.8431,-1.1561,9.7925,0.0192,0.031,9.8066,0.0002,0.0336,0.0711,0.56,-38.25,-4.37,174.23,-84.89,-176.45
52.435036,-1.538227,179.19,13.44,2,321.55,19 / 21,1433310,2019-09-06 19:43:59:053,-0.122,-1.8989,9.1295,0.0121,0.018,9.8065,0.1092,-0.107,0.0496,1.25,-38.19,-4.69,177.55,-84.77,-172.8
52.43593,-1.539319,179.13,13.13,3,324.25,20 / 22,1433410,2019-09-06 19:43:59:153,0.6023,0.8171,9.2293,-0.003,0.0522,9.8064,0.2327,-0.0238,0.0429,0.69,-38.25,-4.12,177.43,-84.36,-170.85
52.43593,-1.539319,179.13,13.13,3,324.25,20 / 22,1433509,2019-09-06 19:43:59:252,2.7023,-5.174,8.8288,0.0094,-0.0715,9.8063,0.02,-0.1487,0.0615,0.44,-37.56,-4.87,185.09,-84.9,-171.49
52.43593,-1.539319,179.13,13.13,3,324.25,20 / 22,1433610,2019-09-06 19:43:59:353,1.0146,-0.5993,9.5718,0.0129,-0.0807,9.8062,-0.0226,0.0089,-0.0752,1.13,-38.62,-4.94,178.69,-85.14,-170.84
52.43593,-1.539319,179.13,13.13,3,324.25,20 / 22,1433709,2019-09-06 19:43:59:452,1.312,-0.8267,9.486,-0.0214,0.0092,9.8065,-0.0456,-0.0602,0.0331,0.88,-38.37,-5.56,178.52,-85.4,-172.76
52.43593,-1.539319,179.13,13.13,3,324.25,20 / 22,1433810,2019-09-06 19:43:59:553,-0.511,-0.8591,9.2196,-0.0048,0.017,9.8066,0.1295,-0.0099,0.0149,1.31,-37.87,-6.06,178.31,-85.52,-173.05
52.43593,-1.539319,179.13,13.13,3,324.25,20 / 22,1433910,2019-09-06 19:43:59:653,1.2899,-0.3718,10.4415,0.0088,0.0027,9.8066,0.0145,-0.111,0.0938,0.25,-38.44,-5.37,185.6,-85.43,-171.03
52.43593,-1.539319,179.13,13.13,3,324.25,20 / 22,1434009,2019-09-06 19:43:59:752,1.6925,-1.2236,10.6264,0.0029,0.035,9.8066,0.0446,0.0168,0.0157,0.44,-39.12,-5.12,186.39,-85.25,-169.51
52.43593,-1.539319,179.13,13.13,3,324.25,20 / 22,1434110,2019-09-06 19:43:59:853,-0.5297,-0.3093,9.6321,0.0059,0.015,9.8066,-0.007,-0.0016,-0.117,0.31,-39.81,-5.31,186.21,-84.96,-169.45
52.43593,-1.539319,179.13,13.13,3,324.25,20 / 22,1434209,2019-09-06 19:43:59:952,0.5855,0.859,9.6835,-0.0072,0.0107,9.8066,-0.062,0.0186,0.0308,-0.31,-39.44,-4.06,185.22,-84.92,-170.3
52.43593,-1.539319,179.13,13.13,3,324.25,20 / 22,1434310,2019-09-06 19:44:00:053,-0.2531,0.5297,8.6122,0.0094,0.0079,9.8066,-0.1286,0.0463,-0.0755,1,-38.37,-4.75,179.26,-85.01,-169.91
52.43593,-1.539319,179.13,13.13,3,324.25,19 / 20,1434409,2019-09-06 19:44:00:152,0.0295,0.3499,8.9866,0.0087,-0.0014,9.8066,-0.1599,-0.0651,0.0827,0.44,-37.94,-4.87,187.03,-85.29,-168.6
52.43593,-1.539319,179.13,13.13,3,324.25,19 / 20,1434510,2019-09-06 19:44:00:253,0.4698,-1.2536,9.2878,-0.0004,-0.0053,9.8066,-0.0442,0.0321,0.054,0.13,-37.94,-5.19,187.13,-85.55,-168.7
52.43593,-1.539319,179.13,13.13,3,324.25,19 / 20,1434610,2019-09-06 19:44:00:353,0.3856,-0.6317,9.6137,-0.0074,-0.0076,9.8066,0.0422,0.0039,-0.0497,0.19,-37.87,-5.06,186.79,-85.53,-169.22
52.43593,-1.539319,179.13,13.13,3,324.25,19 / 20,1434709,2019-09-06 19:44:00:452,1.4102,-1.0136,9.3681,-0.0038,-0.0364,9.8066,0.0199,-0.0515,0.0552,0.81,-38.25,-5.25,178.6,-85.59,-170.89
52.43593,-1.539319,179.13,13.13,3,324.25,19 / 20,1434809,2019-09-06 19:44:00:552,0.5482,-1.272,10.0884,0.0129,-0.0162,9.8066,0.0112,0.02,-0.0454,0.38,-38.37,-5.19,186.17,-85.46,-170.14
52.43593,-1.539319,179.13,13.13,3,324.25,19 / 20,1434910,2019-09-06 19:44:00:653,1.2149,-0.444,10.1072,0.0028,0.0016,9.8066,0.0886,-0.0542,0.0864,0.38,-37.69,-5.5,185.88,-85.59,-170.7
52.43593,-1.539319,179.13,13.13,3,324.25,19 / 20,1435009,2019-09-06 19:44:00:752,1.6715,-1.2621,10.3945,0.0099,0.0072,9.8066,0.0753,0.0225,-0.0495,0.5,-37.62,-5.44,179.55,-85.56,-169.4
52.43593,-1.539319,179.13,13.13,3,324.25,19 / 20,1435109,2019-09-06 19:44:00:852,0.2624,-3.8474,9.8115,-0.0033,-0.0337,9.8065,0.2211,-0.0443,0.0591,0.44,-37.94,-5.56,187.16,-85.47,-169.29
52.43593,-1.539319,179.13,13.13,3,324.25,19 / 20,1435214,2019-09-06 19:44:00:957,1.7261,0.5786,10.4942,0.0049,-0.0299,9.8066,-0.0223,0.1033,-0.0105,1.06,-38.19,-4.06,178.33,-85.46,-168.85
52.43593,-1.539319,179.13,13.13,3,324.25,19 / 20,1435310,2019-09-06 19:44:01:053,-0.1447,-1.2677,10.0142,-0.0053,0.0089,9.8065,0.0371,-0.0919,0.0702,0.56,-38.06,-5.19,178.98,-85.34,-170.32
52.43593,-1.539319,179.13,13.13,3,324.25,20 / 21,1435409,2019-09-06 19:44:01:152,1.5679,-1.0005,8.952,-0.005,0.0132,9.8065,0.026,-0.0309,-0.0213,0.69,-38.5,-5.62,181,-85.34,-169.04
52.43593,-1.539319,179.13,13.13,3,324.25,20 / 21,1435510,2019-09-06 19:44:01:253,0.9763,-3.9276,9.2331,0.017,-0.0996,9.8061,0.0646,-0.0479,0.0482,1.19,-38.25,-5.62,180.1,-86.19,-170.39
52.43593,-1.539319,179.13,13.13,3,324.25,20 / 21,1435609,2019-09-06 19:44:01:352,1.1507,-0.2339,10.1722,0.0291,-0.1088,9.8059,-0.1169,-0.0147,-0.067,0.63,-38.25,-6,181.9,-86.42,-167.9
52.43593,-1.539319,179.13,13.13,3,324.25,20 / 21,1435710,2019-09-06 19:44:01:453,0.7412,-2.4731,10.0471,-0.029,0.0402,9.8064,-0.0627,-0.0321,-0.019,0.81,-38.37,-6.31,181.93,-86.47,-167.86
52.43593,-1.539319,179.13,13.13,3,324.25,20 / 21,1435810,2019-09-06 19:44:01:553,2.3127,-2.0805,9.7077,-0.0192,0.0391,9.8065,0.0856,0.1085,-0.1226,0.69,-38.37,-5.44,176.77,-86.02,-173.59
52.43593,-1.539319,179.13,13.13,3,324.25,20 / 21,1435910,2019-09-06 19:44:01:653,0.8686,-1.4086,9.4423,-0.0149,0.0107,9.8066,0.0672,0.0164,0.0733,1.06,-38.25,-4.69,175.29,-85.55,-176.11
52.43593,-1.539319,179.13,13.13,3,324.25,20 / 21,1436010,2019-09-06 19:44:01:753,2.3854,-0.041,10.4384,-0.002,-0.009,9.8066,0.0246,0.03,-0.0286,0.81,-38.56,-5.06,175.32,-85.41,-176.22
52.43593,-1.539319,179.13,13.13,3,324.25,20 / 21,1436110,2019-09-06 19:44:01:853,0.2535,-0.2059,10.7763,-0.0039,-0.0302,9.8065,0.1696,-0.0627,-0.0112,0.81,-38.5,-4.75,173.49,-85.77,-178.75
52.43593,-1.539319,179.13,13.13,3,324.25,20 / 21,1436210,2019-09-06 19:44:01:953,-0.5147,-0.6807,10.1828,-0.0008,-0.0317,9.8066,-0.3626,-0.0398,0.032,1,-38.31,-5.31,173.46,-85.97,-178.64
52.43593,-1.539319,179.13,13.13,3,324.25,20 / 21,1436310,2019-09-06 19:44:02:053,0.5465,-0.0149,10.4614,-0.0129,0.0495,9.8065,-0.4241,0.0849,0.0264,1.5,-37.87,-5.87,167,-86.17,-179.71
52.43593,-1.539319,179.13,13.13,3,324.25,19 / 21,1436409,2019-09-06 19:44:02:152,0.3146,-3.86,9.1798,-0.017,0.0926,9.8062,0.284,-0.041,0.0225,0.69,-38.25,-5.56,173.26,-85.85,179.69
52.43593,-1.539319,179.13,13.13,3,324.25,19 / 21,1436510,2019-09-06 19:44:02:253,0.7962,-1.5676,8.8872,0.0229,-0.0728,9.8063,0.0514,0.0776,-0.0929,1.81,-38.44,-5.25,166.74,-86.26,-177.48
52.43593,-1.539319,179.13,13.13,3,324.25,19 / 21,1436609,2019-09-06 19:44:02:352,1.2125,-0.8006,10.3085,0.0044,-0.0434,9.8065,0.1149,0.0509,0.0553,0.81,-39.12,-5.06,173.77,-86.2,-178.06
52.43593,-1.539319,179.13,13.13,3,324.25,19 / 21,1436709,2019-09-06 19:44:02:452,0.7294,-0.7457,10.1284,0.0093,-0.0025,9.8066,0.0589,-0.0545,0.0055,1.44,-38.81,-5.31,173.61,-86.22,-178.29
52.43593,-1.539319,179.13,13.13,3,324.25,19 / 21,1436810,2019-09-06 19:44:02:553,0.5506,-1.588,10.3984,0.0111,-0.0195,9.8066,0.0091,0.0895,-0.0471,0.94,-38.87,-5.31,174.61,-86.38,-176.67
52.43593,-1.539319,179.13,13.13,3,324.25,19 / 21,1436910,2019-09-06 19:44:02:653,1.4561,0.3583,9.7512,-0.0066,-0.0554,9.8064,0.3061,-0.0265,0.1117,2.06,-38.81,-5.75,168.03,-86.45,-178.06
52.43593,-1.539319,179.13,13.13,3,324.25,19 / 21,1437009,2019-09-06 19:44:02:752,1.3365,-1.3427,10.9291,0.018,-0.0288,9.8065,-0.0557,0.1117,-0.0584,1,-38.44,-5.25,172.62,-86.63,-179.29
52.43593,-1.539319,179.13,13.13,3,324.25,19 / 21,1437109,2019-09-06 19:44:02:852,-0.2371,-0.3812,10.8864,-0.0082,0.0436,9.8065,0.0784,-0.0151,-0.0078,1.88,-38.37,-5.12,163.34,-86.33,177.73
52.43593,-1.539319,179.13,13.13,3,324.25,19 / 21,1437210,2019-09-06 19:44:02:953,0.3519,-0.4427,9.9237,-0.0165,0.0016,9.8066,-0.1874,-0.0458,0.0555,1.56,-38,-5.12,162.68,-86.3,176.73
52.43593,-1.539319,179.13,13.13,3,324.25,19 / 21,1437310,2019-09-06 19:44:03:053,-0.7955,0.1967,10.1536,-0.0072,0.0181,9.8066,-0.0316,0.1153,-0.0795,2.19,-38.37,-4.69,159.83,-86.33,172.71
52.43593,-1.539319,179.13,13.13,3,324.25,20 / 21,1437410,2019-09-06 19:44:03:153,0.2018,-2.0287,10.2719,-0.0164,0.008,9.8066,-0.0086,0.015,-0.0028,2.38,-38.87,-5.37,158.44,-86.25,170.25
52.43593,-1.539319,179.13,13.13,3,324.25,20 / 21,1437510,2019-09-06 19:44:03:253,0.2884,-0.6081,9.971,-0.0064,0.0217,9.8066,-0.1151,0.0526,-0.0344,2.13,-38.5,-5.37,156.86,-86.17,168.02
52.43593,-1.539319,179.13,13.13,3,324.25,20 / 21,1437610,2019-09-06 19:44:03:353,-0.1534,-0.5863,10.0489,-0.0078,0.0176,9.8066,0.0428,0.0964,-0.0201,2.19,-38.37,-5.06,156.41,-86.17,167.37
52.43593,-1.539319,179.13,13.13,3,324.25,20 / 21,1437710,2019-09-06 19:44:03:453,0.6853,-2.2137,9.7804,-0.0058,-0.0068,9.8066,-0.0047,0.0226,0.0221,2.06,-39.31,-5.37,156.83,-86.07,167.42
52.43593,-1.539319,179.13,13.13,3,324.25,20 / 21,1437810,2019-09-06 19:44:03:553,0.5182,-0.8167,10.4949,0.015,0.0035,9.8066,-0.0717,-0.0017,-0.0319,2.56,-38.06,-4.81,150.01,-86.12,168.3
52.43593,-1.539319,179.13,13.13,3,324.25,20 / 21,1437910,2019-09-06 19:44:03:653,-0.1975,-2.3375,10.273,0.0033,-0.0062,9.8066,-0.0243,0.0849,-0.0781,2.06,-38.62,-5.19,157.39,-86.21,168.62
52.43593,-1.539319,179.13,13.13,3,324.25,20 / 21,1438010,2019-09-06 19:44:03:753,0.1847,-0.5216,10.1578,0.0077,-0.0362,9.8066,-0.0354,0.0617,-0.0384,2.38,-38.31,-4.69,155.95,-86.35,167.23
52.43593,-1.539319,179.13,13.13,3,324.25,20 / 21,1438109,2019-09-06 19:44:03:852,1.4671,-2.5758,10.5861,-0.0076,0.0265,9.8065,-0.0504,0.0339,-0.0085,2.19,-38.44,-4.5,154.89,-86.33,168.17
52.43593,-1.539319,179.13,13.13,3,324.25,20 / 21,1438210,2019-09-06 19:44:03:953,0.3789,0.3717,9.898,-0.0074,0.0138,9.8065,0.0573,0.0376,0.0649,2.38,-39.37,-4.25,154.11,-86.46,167.1
52.43593,-1.539319,179.13,13.13,3,324.25,20 / 21,1438309,2019-09-06 19:44:04:052,1.6727,-3.5885,10.0578,-0.0053,0.0124,9.8066,-0.12,0.0343,0.0142,3.31,-38.94,-5.12,149.16,-86.61,168.48
52.43593,-1.539319,179.13,13.13,3,324.25,19 / 20,1438409,2019-09-06 19:44:04:152,1.3627,-1.7948,9.3144,-0.0073,0.0281,9.8066,0.1665,0.1018,-0.0304,2.38,-39.44,-4.75,157.01,-86.5,168.91
52.43593,-1.539319,179.13,13.13,3,324.25,19 / 20,1438510,2019-09-06 19:44:04:253,0.0747,-1.4469,9.6012,0.0267,-0.0596,9.8064,0.2007,-0.0116,0.0301,2.63,-38.87,-4.75,148.86,-86.84,168.88
52.43593,-1.539319,179.13,13.13,3,324.25,19 / 20,1438609,2019-09-06 19:44:04:352,0.6655,0.2443,9.4805,0.0309,-0.0517,9.8064,-0.0902,-0.0063,0.0319,2.13,-38.44,-4.06,155.98,-86.8,171.44
52.43593,-1.539319,179.13,13.13,3,324.25,19 / 20,1438710,2019-09-06 19:44:04:453,0.9199,-0.6263,9.9174,0.0098,0.0356,9.8065,-0.0083,0.0161,0.0422,1.94,-38.62,-3.81,158.01,-86.76,173.98
52.43593,-1.539319,179.13,13.13,3,324.25,19 / 20,1438809,2019-09-06 19:44:04:552,2.3616,-0.8191,9.497,0.0052,0.0114,9.8066,-0.0079,-0.1168,0.0758,1.94,-38.87,-4.12,161.54,-86.67,178.91
52.43593,-1.539319,179.13,13.13,3,324.25,19 / 20,1438910,2019-09-06 19:44:04:653,1.7491,0.2954,10.014,0.0116,-0.0171,9.8066,-0.0195,-0.1255,0.0542,2,-37.87,-4.19,164.65,-86.84,-175.89
52.43593,-1.539319,179.13,13.13,3,324.25,19 / 20,1439009,2019-09-06 19:44:04:752,2.8537,-0.9805,10.1564,0.0206,-0.0139,9.8066,0.0727,-0.0972,-0.0026,0.94,-39.31,-4,175.41,-86.94,-172.86
52.43593,-1.539319,179.13,13.13,3,324.25,19 / 20,1439110,2019-09-06 19:44:04:853,1.7811,-1.0712,9.7192,0.0126,0.0054,9.8066,0.033,-0.2012,0.061,0.44,-38.75,-4.25,187.34,-86.97,-168.91
52.43593,-1.539319,179.13,13.13,3,324.25,19 / 20,1439210,2019-09-06 19:44:04:953,2.5139,0.2678,9.082,0.0142,0.0046,9.8066,-0.0536,-0.2239,0.0694,0.63,-38.94,-3.56,180.57,-86.96,-165.1
52.43593,-1.539319,179.13,13.13,3,324.25,19 / 20,1439309,2019-09-06 19:44:05:052,2.8659,-0.4109,10.1495,0.0185,0.0149,9.8065,-0.1386,-0.2971,0.0678,-0.44,-38.81,-3.94,192.18,-86.89,-161.44
52.43593,-1.539319,179.13,13.13,3,324.25,19 / 22,1439409,2019-09-06 19:44:05:152,2.2549,-1.1385,9.8539,0.0251,0.0092,9.8065,-0.1166,-0.2366,0.0436,-0.75,-38.75,-4.25,204.92,-86.65,-155.67
52.43593,-1.539319,179.13,13.13,3,324.25,19 / 22,1439510,2019-09-06 19:44:05:253,2.4621,0.9581,10.0061,0.0122,-0.0215,9.8066,0.0539,-0.2965,0.0499,-0.56,-38.44,-4.19,208.12,-86.67,-151.33
52.43593,-1.539319,179.13,13.13,3,324.25,19 / 22,1439609,2019-09-06 19:44:05:352,2.8083,1.3645,9.813,0.0084,-0.0198,9.8066,-0.0764,-0.3741,0.0579,-0.69,-38.12,-4.62,209.05,-86.67,-150.16
52.43593,-1.539319,179.13,13.13,3,324.25,19 / 22,1439710,2019-09-06 19:44:05:453,3.5366,-0.6003,10.1548,0.0092,0.0232,9.8066,-0.1562,-0.363,0.0336,-2.37,-38.19,-4.81,218.3,-86.53,-148.17
52.43593,-1.539319,179.13,13.13,3,324.25,19 / 22,1439809,2019-09-06 19:44:05:552,3.573,0.4522,9.7267,0.0189,-0.0053,9.8066,-0.0014,-0.4441,0.04,-2.44,-38.25,-4.62,221.18,-86.58,-144.59
52.43593,-1.539319,179.13,13.13,3,324.25,19 / 22,1439910,2019-09-06 19:44:05:653,3.2906,-0.308,10.0991,0.016,-0.0059,9.8066,0.0198,-0.4422,-0.0093,-2.87,-38.25,-5.25,230.53,-86.48,-142.48
52.43593,-1.539319,179.13,13.13,3,324.25,19 / 22,1440010,2019-09-06 19:44:05:753,3.6053,-1.117,9.8702,-0.0031,-0.0117,9.8066,-0.0959,-0.4316,0.0471,-4,-38.19,-5.31,240.19,-86.46,-139.93
52.43593,-1.539319,179.13,13.13,3,324.25,19 / 22,1440109,2019-09-06 19:44:05:852,3.5988,-1.1525,9.8575,0.0108,0.0141,9.8065,-0.1054,-0.5049,0.0564,-4.44,-37.44,-5.75,238.05,-86.44,-139.97
52.43593,-1.539319,179.13,13.13,3,324.25,19 / 22,1440210,2019-09-06 19:44:05:953,2.6971,-1.4068,9.5395,0.0137,0.0162,9.8065,0.0892,-0.5503,0.0596,-4.62,-37.19,-5.81,245.21,-86.41,-138.98
52.43593,-1.539319,179.13,13.13,3,324.25,19 / 22,1440310,2019-09-06 19:44:06:053,3.0893,-1.378,9.3905,-0.0023,-0.0424,9.8065,0.0471,-0.5779,0.0515,-5.31,-37.56,-6.94,247.9,-86.55,-133.41
52.43593,-1.539319,179.13,13.13,3,324.25,21 / 22,1440409,2019-09-06 19:44:06:152,3.3884,-1.3387,9.8915,0.0012,-0.0341,9.8065,-0.0645,-0.5589,0.0167,-6,-37.44,-6.87,255.96,-86.46,-130.75
52.43593,-1.539319,179.13,13.13,3,324.25,21 / 22,1440509,2019-09-06 19:44:06:252,3.8006,-1.5443,9.5069,0.003,-0.0065,9.8066,-0.0733,-0.5705,0.0496,-6.94,-37.5,-6.69,263.43,-86.39,-128.05
52.43593,-1.539319,179.13,13.13,3,324.25,21 / 22,1440610,2019-09-06 19:44:06:353,-0.2483,0.8898,9.807,-0.0572,-0.011,9.8064,-0.3294,-0.6756,0.1019,-7.81,-38.31,-7.62,269.17,-86.8,-125.01
52.43593,-1.539319,179.13,13.13,3,324.25,21 / 22,1440710,2019-09-06 19:44:06:453,2.1163,-2.7422,10.479,0.1256,0.0962,9.8053,-0.4374,-0.6132,0.219,-8.5,-37.56,-7.87,263.11,-86.24,-129.25
52.43593,-1.539319,179.13,13.13,3,324.25,21 / 22,1440809,2019-09-06 19:44:06:552,1.5484,-1.6837,8.8794,0.1304,0.103,9.8052,0.037,-0.5846,0.0871,-9.75,-37.81,-7.31,276.4,-85.91,-125.8
52.43593,-1.539319,179.13,13.13,3,324.25,21 / 22,1440910,2019-09-06 19:44:06:653,3.1324,-0.5771,8.2837,0.0231,-0.0388,9.8065,-0.3065,-0.5818,0.1094,-10.81,-37.62,-7.44,283.39,-85.35,-120.77
52.43593,-1.539319,179.13,13.13,3,324.25,21 / 22,1441010,2019-09-06 19:44:06:753,2.7724,-4.7137,11.557,0.0616,0.0216,9.8064,0.6209,-0.6419,0.0763,-11.31,-37.19,-7.5,280.34,-84.77,-122.34
52.43593,-1.539319,179.13,13.13,3,324.25,21 / 22,1441109,2019-09-06 19:44:06:852,-0.2558,2.1492,10.8268,-0.0572,-0.0314,9.8064,0.2478,-0.4602,-0.0859,-11.94,-36.81,-7.12,279.9,-84.8,-125.99
52.43593,-1.539319,179.13,13.13,3,324.25,21 / 22,1441209,2019-09-06 19:44:06:952,2.5076,0.0163,10.1864,-0.0209,-0.0295,9.8065,-0.0663,-0.5865,0.2516,-13.81,-36.87,-5.31,290.49,-84.66,-127.21
52.43593,-1.539319,179.13,13.13,3,324.25,21 / 22,1441310,2019-09-06 19:44:07:053,1.0267,-1.1836,9.4761,0.0772,0.0134,9.8063,-0.0302,-0.4623,0.0722,-13.81,-38,-4.56,282.8,-83.72,-131.54
52.43593,-1.539319,179.13,13.13,3,324.25,20 / 21,1441410,2019-09-06 19:44:07:153,1.4193,-1.3736,8.8225,0.0537,0.007,9.8065,0.0548,-0.5836,0.107,-15.12,-37.37,-3.56,286.58,-83.23,-132.64
52.43593,-1.539319,179.13,13.13,3,324.25,20 / 21,1441510,2019-09-06 19:44:07:253,2.9379,-2.8491,10.0725,0.0209,-0.005,9.8066,-0.0142,-0.5484,0.0329,-16.19,-37.31,-3.19,290.74,-82.56,-132.38
52.43593,-1.539319,179.13,13.13,3,324.25,20 / 21,1441610,2019-09-06 19:44:07:353,3.9505,-0.8089,9.8744,-0.0038,0.0152,9.8066,-0.1079,-0.415,0.0243,-16.31,-37.19,-2.5,292.82,-82.55,-133.84
52.43593,-1.539319,179.13,13.13,3,324.25,20 / 21,1441710,2019-09-06 19:44:07:453,2.1068,-0.4749,10.2207,-0.0185,-0.0019,9.8066,-0.012,-0.4062,0.0568,-16.87,-37.06,-2.56,291.82,-82.88,-133.64
52.43593,-1.539319,179.13,13.13,3,324.25,20 / 21,1441810,2019-09-06 19:44:07:553,2.2034,-0.2081,10.3918,-0.0156,-0.0129,9.8066,-0.1199,-0.4144,0.1046,-17.5,-36.31,-2.5,297.62,-82.98,-132.24
52.43593,-1.539319,179.13,13.13,3,324.25,20 / 21,1441910,2019-09-06 19:44:07:653,0.8038,-1.7938,9.8457,0.0362,-0.0097,9.8066,-0.0799,-0.4171,0.0496,-17.31,-36.31,-1.69,297.76,-82.89,-131.95
52.43593,-1.539319,179.13,13.13,3,324.25,20 / 21,1442010,2019-09-06 19:44:07:753,1.2299,-2.033,9.7572,0.0321,-0.0019,9.8065,0.0128,-0.3644,-0.011,-17.87,-36.25,-0.37,304.84,-82.51,-132.51
52.43593,-1.539319,179.13,13.13,3,324.25,20 / 21,1442109,2019-09-06 19:44:07:852,0.9451,-2.0861,9.8649,0.0235,0.0151,9.8066,0.0106,-0.4298,0.0461,-18.56,-36.06,-0.56,299.19,-82.35,-134.79
52.43593,-1.539319,179.13,13.13,3,324.25,20 / 21,1442212,2019-09-06 19:44:07:955,1.2212,-0.3555,10.7309,0.0316,0.0515,9.8064,0.148,-0.1917,-0.1417,-18,-36.44,-0.19,298.03,-82.38,-138.13
52.43593,-1.539319,179.13,13.13,3,324.25,20 / 21,1442310,2019-09-06 19:44:08:053,-0.0327,1.2952,8.5708,-0.0678,0.0144,9.8063,0.2726,-0.3985,0.1135,-17.94,-36.69,-0.37,294.62,-82.58,-141.13
52.436493,-1.539854,177.78,5.62,4,43.92,20 / 21,1442409,2019-09-06 19:44:08:152,1.0727,1.6636,9.5914,-0.049,0.0022,9.8065,0.1687,-0.2138,-0.0802,-19,-36.87,0.69,296.29,-82.47,-143.22
52.436493,-1.539854,177.78,5.62,4,43.92,20 / 21,1442510,2019-09-06 19:44:08:253,-0.2255,-1.5334,9.7467,-0.0099,0.0062,9.8065,-0.1109,-0.189,0.0739,-18.81,-36.56,0.88,297.43,-82.72,-142.68
52.436493,-1.539854,177.78,5.62,4,43.92,20 / 21,1442609,2019-09-06 19:44:08:352,-0.2912,1.1882,9.7191,0.0283,0.0104,9.8065,-0.2261,-0.0793,-0.088,-18.94,-36.37,0.38,291.94,-82.61,-144.73
52.436493,-1.539854,177.78,5.62,4,43.92,20 / 21,1442710,2019-09-06 19:44:08:453,1.0935,0.4179,10.1484,0.0182,0.0104,9.8066,-0.0397,-0.1529,0.0121,-19.25,-36.62,1.25,294.6,-82.76,-145.26
52.436493,-1.539854,177.78,5.62,4,43.92,20 / 21,1442810,2019-09-06 19:44:08:553,0.5783,0.392,9.2855,0.0263,0.0102,9.8065,-0.0586,-0.1112,0.0085,-18.37,-36.25,1.19,292.79,-82.65,-146.5
52.436493,-1.539854,177.78,5.62,4,43.92,20 / 21,1442910,2019-09-06 19:44:08:653,0.8732,0.0198,9.722,0.038,0.0049,9.8065,0.0673,-0.1045,-0.0308,-19.31,-36.56,1.81,295.63,-82.58,-147.06
52.436493,-1.539854,177.78,5.62,4,43.92,20 / 21,1443010,2019-09-06 19:44:08:753,0.7817,0.2003,9.6398,-0.0325,0.0033,9.8066,0.0405,-0.0802,0.0055,-18.56,-36.62,2.31,295.32,-82.58,-147.35
52.436493,-1.539854,177.78,5.62,4,43.92,20 / 21,1443109,2019-09-06 19:44:08:852,0.9779,0.3851,9.8819,-0.0204,-0.0034,9.8066,-0.0221,-0.0338,-0.0043,-19.06,-36.87,2,296.2,-82.79,-146.96
52.436493,-1.539854,177.78,5.62,4,43.92,20 / 21,1443210,2019-09-06 19:44:08:953,1.7602,1.7197,9.5304,0.0143,0.0061,9.8066,-0.0478,-0.0218,-0.0511,-19.31,-36.31,1.63,295.58,-82.8,-147.87
52.436493,-1.539854,177.78,5.62,4,43.92,20 / 21,1443309,2019-09-06 19:44:09:052,1.1992,0.4933,9.8339,-0.0003,-0.0044,9.8066,-0.0543,-0.0274,0.0183,-18.56,-35.69,2.06,296.32,-82.86,-147.31
52.436493,-1.539854,177.78,5.62,4,43.92,20 / 21,1443409,2019-09-06 19:44:09:152,2.2164,0.3638,9.8668,0.013,-0.0003,9.8066,-0.0457,-0.0597,0.0437,-19.44,-35.87,1.69,297.36,-82.9,-146.46
52.436493,-1.539854,177.78,5.62,4,43.92,20 / 21,1443510,2019-09-06 19:44:09:253,0.3309,0.9159,9.7829,0.0205,-0.0005,9.8065,0.0419,-0.065,0.0281,-19,-35.62,1.81,297.29,-82.8,-146.34
52.436493,-1.539854,177.78,5.62,4,43.92,20 / 21,1443609,2019-09-06 19:44:09:352,1.1995,0.7771,10.1582,-0.0228,-0.0106,9.8066,0.0615,0.0138,-0.0344,-19.31,-35.94,1.56,298.59,-82.91,-145.38
52.436493,-1.539854,177.78,5.62,4,43.92,20 / 21,1443710,2019-09-06 19:44:09:453,0.5777,0.7666,10.0172,-0.0269,0.007,9.8066,0.0073,-0.019,-0.0272,-18.87,-35.25,1.06,295.15,-82.97,-145.87
52.436493,-1.539854,177.78,5.62,4,43.92,20 / 21,1443809,2019-09-06 19:44:09:552,-0.0617,-0.0402,10.2599,0.0094,0.0001,9.8066,-0.0155,-0.0311,0.0098,-19,-35.25,1.31,294.6,-82.82,-146.11
52.436493,-1.539854,177.78,5.62,4,43.92,20 / 21,1443909,2019-09-06 19:44:09:652,0.9995,0.4997,9.9265,-0.0073,0.0024,9.8066,0.0121,0.0154,-0.0216,-19.5,-34.44,1.56,298.53,-82.88,-146.05
52.436493,-1.539854,177.78,5.62,4,43.92,20 / 21,1444010,2019-09-06 19:44:09:753,-0.7877,0.9094,10.3405,-0.0141,-0.0086,9.8066,0.07,0.1109,0.0326,-19.31,-34.62,1.44,294.16,-82.78,-146.42
52.436493,-1.539854,177.78,5.62,4,43.92,20 / 21,1444110,2019-09-06 19:44:09:853,0.9752,-0.3813,10.0999,-0.0224,-0.0112,9.8065,-0.1881,-0.0102,-0.1079,-19.37,-34.87,1.56,298.21,-82.8,-145.86
52.436493,-1.539854,177.78,5.62,4,43.92,20 / 21,1444210,2019-09-06 19:44:09:953,-0.1379,1.6213,10.2292,0.0381,0.0186,9.8065,-0.1435,0.0079,0.0003,-18.31,-33.44,1.38,292.99,-82.54,-147.28
52.436493,-1.539854,177.78,5.62,4,43.92,20 / 21,1444310,2019-09-06 19:44:10:053,2.3529,-0.085,9.7927,0.0147,-0.0065,9.8066,-0.1256,-0.0024,-0.1173,-18.56,-32.94,1.25,293.58,-82.61,-147.37
52.436493,-1.539854,177.78,5.62,4,43.92,20 / 21,1444410,2019-09-06 19:44:10:153,0.8775,1.3952,9.5181,0.0005,0.0151,9.8065,-0.0565,-0.0052,0.0114,-18.5,-33.37,1,292.58,-82.57,-147.71
52.436493,-1.539854,177.78,5.62,4,43.92,20 / 21,1444509,2019-09-06 19:44:10:252,0.1788,0.6272,10.6464,0.0214,-0.0081,9.8066,0.1761,0.0127,0.048,-18,-33.44,1.31,292.79,-82.45,-147.3
52.436493,-1.539854,177.78,5.62,4,43.92,20 / 21,1444610,2019-09-06 19:44:10:353,1.9215,-0.4545,10.549,-0.0118,-0.0089,9.8066,0.2703,0.0432,-0.0851,-18.81,-33.62,1.88,297.2,-82.42,-146.46
52.436493,-1.539854,177.78,5.62,4,43.92,20 / 21,1444709,2019-09-06 19:44:10:452,0.904,2.1832,10.0008,-0.0369,0.0004,9.8066,0.2531,0.0574,-0.0485,-19.44,-33.5,1.44,294.59,-82.66,-146.54
52.436493,-1.539854,177.78,5.62,4,43.92,20 / 21,1444809,2019-09-06 19:44:10:552,1.6179,0.7275,9.9314,0.0676,-0.0036,9.8064,-0.2077,-0.0119,-0.0025,-20.19,-34.44,0.94,293.61,-82.24,-146.84
52.436493,-1.539854,177.78,5.62,4,43.92,20 / 21,1444909,2019-09-06 19:44:10:652,1.8942,0.3995,9.9078,0.0418,0.0036,9.8065,0.0227,-0.0746,0.0104,-19.81,-34.81,1.5,297.18,-82.33,-146.3
52.436493,-1.539854,177.78,5.62,4,43.92,20 / 21,1445010,2019-09-06 19:44:10:753,0.865,-0.4244,10.4514,0.0075,-0.0107,9.8066,0.1171,-0.0578,0.0068,-20.06,-35.25,1.69,298.01,-82.13,-145.23
52.436493,-1.539854,177.78,5.62,4,43.92,20 / 21,1445110,2019-09-06 19:44:10:853,0.6627,1.0226,9.4163,-0.0003,0.0028,9.8066,-0.0809,-0.0739,0.0771,-20,-35.44,2.5,300.68,-82.03,-145.61
52.436493,-1.539854,177.78,5.62,4,43.92,20 / 21,1445210,2019-09-06 19:44:10:953,0.8494,0.4037,9.9504,0.0277,-0.0125,9.8065,-0.0941,-0.0557,-0.0268,-19.87,-35.5,2.19,297.65,-81.72,-144.87
52.436493,-1.539854,177.78,5.62,4,43.92,20 / 21,1445309,2019-09-06 19:44:11:052,0.7145,-0.0208,10.3857,0.019,0.0014,9.8065,0.0348,-0.1096,0.0213,-19.94,-35.44,2.25,298,-81.72,-144.56
52.436493,-1.539854,177.78,5.62,4,43.92,20 / 21,1445410,2019-09-06 19:44:11:153,0.9661,-1.0209,10.0002,0.0125,-0.0049,9.8066,-0.0165,-0.0787,0.0015,-19.94,-35.69,2.75,300.79,-81.65,-144.55
52.436493,-1.539854,177.78,5.62,4,43.92,20 / 21,1445509,2019-09-06 19:44:11:252,1.3071,0.2228,9.1844,0.023,0.0009,9.8066,-0.0775,-0.0742,0.0625,-20.5,-35.06,2.81,300.16,-81.37,-145
52.436493,-1.539854,177.78,5.62,4,43.92,20 / 21,1445610,2019-09-06 19:44:11:353,1.6111,-0.0055,9.2315,0.0269,-0.0004,9.8066,0.0439,-0.1073,-0.0232,-19.87,-35.87,3,298.05,-81.2,-146.15
52.436493,-1.539854,177.78,5.62,4,43.92,20 / 21,1445710,2019-09-06 19:44:11:453,1.2058,0.6504,9.0033,0.0393,0.0132,9.8065,-0.0618,-0.0295,-0.0566,-20.06,-35.69,3.06,297.07,-81.15,-146.93
52.436493,-1.539854,177.78,5.62,4,43.92,20 / 21,1445810,2019-09-06 19:44:11:553,0.1282,0.1827,9.8218,-0.0067,-0.0207,9.8066,0.2501,0.0037,-0.151,-19.75,-35.87,3.25,297.56,-81.26,-146.69
52.436493,-1.539854,177.78,5.62,4,43.92,20 / 21,1445910,2019-09-06 19:44:11:653,0.3942,-1.6317,9.7263,0.0211,0.0024,9.8066,0.1856,-0.0419,0.0771,-20,-35.5,3.38,296.13,-81.34,-148.47
52.436493,-1.539854,177.78,5.62,4,43.92,20 / 21,1446010,2019-09-06 19:44:11:753,2.864,0.9371,9.4727,-0.0638,0.0389,9.8063,-0.0064,0.1739,-0.1405,-19.62,-36.06,3.88,297.3,-81.14,-149.62
52.436493,-1.539854,177.78,5.62,4,43.92,20 / 21,1446110,2019-09-06 19:44:11:853,-0.6248,-0.5695,9.9227,-0.0288,-0.0319,9.8065,-0.0114,-0.2036,0.2671,-20.5,-35.37,3.44,294.76,-81.39,-149.78
52.436493,-1.539854,177.78,5.62,4,43.92,20 / 21,1446210,2019-09-06 19:44:11:953,0.1289,0.6028,10.4958,-0.0241,0.0081,9.8065,-0.1109,-0.0279,-0.0779,-20.12,-36.56,3.06,294.26,-81.65,-149.9
52.436493,-1.539854,177.78,5.62,4,43.92,20 / 21,1446310,2019-09-06 19:44:12:053,0.6828,0.235,9.778,-0.0027,0.0005,9.8066,-0.0562,-0.0858,0.0225,-20.19,-35.69,2.56,295.88,-81.78,-149.07
52.436493,-1.539854,177.78,5.62,4,43.92,20 / 21,1446409,2019-09-06 19:44:12:152,-0.3932,0.0399,10.2277,-0.0115,-0.0091,9.8066,0.0594,-0.0738,0.0038,-20.69,-36.31,3.56,299.72,-81.82,-148.7
52.436493,-1.539854,177.78,5.62,4,43.92,20 / 21,1446509,2019-09-06 19:44:12:252,0.2702,0.7719,9.7006,0.0188,0.0003,9.8066,0.0051,-0.0639,0.0079,-20.37,-35.81,3.56,298.46,-81.56,-149.31
52.436493,-1.539854,177.78,5.62,4,43.92,20 / 21,1446610,2019-09-06 19:44:12:353,1.344,0.7456,10.3553,-0.004,-0.0117,9.8066,0.0046,-0.0141,-0.0097,-20.5,-35.87,3.69,296.59,-81.24,-150.41
52.436493,-1.539854,177.78,5.62,4,43.92,20 / 21,1446710,2019-09-06 19:44:12:453,0.5576,-0.0072,10.3723,-0.027,-0.0136,9.8065,0.0845,-0.055,0.0944,-20.75,-36.06,4.06,297.4,-81.07,-149.55
52.436493,-1.539854,177.78,5.62,4,43.92,20 / 21,1446809,2019-09-06 19:44:12:552,-1.4843,-0.0729,10.5973,0.0266,-0.0078,9.8066,-0.1255,0.0005,0.0483,-20.56,-35.56,3.88,296.53,-80.82,-149.91
52.436493,-1.539854,177.78,5.62,4,43.92,20 / 21,1446909,2019-09-06 19:44:12:652,0.9024,-0.1639,9.2099,-0.0135,-0.0092,9.8066,-0.0964,-0.0665,0.0581,-21.62,-35.44,3.88,298.22,-80.82,-148.94
52.436493,-1.539854,177.78,5.62,4,43.92,20 / 21,1447009,2019-09-06 19:44:12:752,-0.5921,0.6446,9.7908,-0.0034,-0.0141,9.8065,0.0367,-0.1225,0.0542,-20.75,-35.69,3.75,298.78,-80.85,-147.99
52.436493,-1.539854,177.78,5.62,4,43.92,20 / 21,1447109,2019-09-06 19:44:12:852,-0.4046,0.2017,9.1635,-0.022,0.0036,9.8065,0.0312,0.0198,-0.0231,-21.06,-35.19,4,300.11,-80.94,-147.35
52.436493,-1.539854,177.78,5.62,4,43.92,20 / 21,1447210,2019-09-06 19:44:12:953,-0.1504,0.881,10.0739,0.0062,0.0043,9.8066,-0.0693,-0.0608,-0.0119,-21.25,-35.81,3.94,299.86,-81,-147.28
52.436493,-1.539854,177.78,5.62,4,43.92,20 / 21,1447309,2019-09-06 19:44:13:052,-0.2215,-0.2138,10.3517,-0.0127,0.009,9.8066,0.018,-0.0711,0.0014,-20.87,-35.44,3.38,296.98,-81.18,-147.72
52.436493,-1.539854,177.78,5.62,4,43.92,20 / 21,1447409,2019-09-06 19:44:13:152,-1.6011,-0.3669,10.1622,0.0188,0.0041,9.8066,0.0031,-0.0279,-0.0301,-21.5,-35.62,3.81,299.16,-80.98,-147.85
52.436493,-1.539854,177.78,5.62,4,43.92,20 / 21,1447510,2019-09-06 19:44:13:253,-0.8384,0.7296,8.9471,0.0126,0.0055,9.8066,0.0544,-0.0294,0.0057,-21,-35.37,4.56,302.02,-80.94,-148.44
52.436493,-1.539854,177.78,5.62,4,43.92,20 / 21,1447609,2019-09-06 19:44:13:352,-1.0813,0.4816,10.0226,0.0088,-0.0215,9.8065,-0.0457,0.022,0.0582,-21.12,-35.75,4.25,298.44,-80.72,-148.07
52.436493,-1.539854,177.78,5.62,4,43.92,20 / 21,1447710,2019-09-06 19:44:13:453,-0.8468,0.2656,10.4929,-0.0547,-0.0294,9.8063,0.0314,0,0.0493,-21.44,-35.31,4.5,305.07,-80.83,-145.66
52.436493,-1.539854,177.78,5.62,4,43.92,20 / 21,1447810,2019-09-06 19:44:13:553,-0.7321,0.7529,10.2262,0.0607,0.0062,9.8064,-0.337,0.0141,0.0671,-21.56,-35.75,4.13,303.89,-80.98,-143.88
52.436493,-1.539854,177.78,5.62,4,43.92,20 / 21,1447909,2019-09-06 19:44:13:652,-2.7848,0.8951,9.1272,0.1109,0.0032,9.8059,-0.3515,0.0347,-0.0255,-21.5,-35.44,3.56,301.96,-80.6,-145.23
52.436493,-1.539854,177.78,5.62,4,43.92,20 / 21,1448009,2019-09-06 19:44:13:752,-2.0283,0.7153,9.3052,-0.0293,-0.0111,9.8065,0.2191,-0.069,0.0508,-21.44,-35.87,4.19,303.35,-80.8,-143.98
52.436493,-1.539854,177.78,5.62,4,43.92,20 / 21,1448109,2019-09-06 19:44:13:852,-1.6844,-1.0404,9.6778,0.0096,0.0041,9.8065,0.0886,0.0806,0.0122,-22.12,-35.25,4.13,301.82,-80.5,-145.32
52.436493,-1.539854,177.78,5.62,4,43.92,20 / 21,1448210,2019-09-06 19:44:13:953,-0.3014,-0.3195,10.2284,-0.0303,0.0115,9.8066,0.0088,0.015,-0.0561,-21.69,-35.19,4.19,301.06,-80.42,-145.85
52.436493,-1.539854,177.78,5.62,4,43.92,20 / 21,1448310,2019-09-06 19:44:14:053,-0.3356,0.7923,9.6485,-0.0333,0.0145,9.8066,0.0395,-0.0715,-0.0676,-21.5,-35.62,4.44,299.39,-80.47,-146.84
52.436493,-1.539854,177.78,5.62,4,43.92,19 / 22,1448409,2019-09-06 19:44:14:152,-0.8794,0.392,9.9893,0.0274,-0.0036,9.8065,-0.0455,0.0105,-0.0008,-21.44,-35.69,4.69,301.73,-80.55,-147.71
52.436493,-1.539854,177.78,5.62,4,43.92,19 / 22,1448510,2019-09-06 19:44:14:253,-1.8703,0.7441,10.9765,-0.0031,0.0015,9.8066,0.0869,-0.0091,0.0305,-22,-35.06,4.38,298.34,-80.32,-148.08
52.436493,-1.539854,177.78,5.62,4,43.92,19 / 22,1448609,2019-09-06 19:44:14:352,-2.7473,1.0757,10.3806,0.0174,0.0063,9.8066,0.3237,0.0222,-0.0312,-21,-35.44,5.06,298.3,-79.91,-150.05
52.436493,-1.539854,177.78,5.62,4,43.92,19 / 22,1448710,2019-09-06 19:44:14:453,-0.2092,0.4001,8.1782,0.0429,-0.0157,9.8065,0.2799,-0.0248,0.052,-21.81,-35.5,5.38,295.43,-79.31,-151.69
52.436493,-1.539854,177.78,5.62,4,43.92,19 / 22,1448809,2019-09-06 19:44:14:552,1.6828,-0.0794,8.1626,-0.0078,-0.012,9.8066,-0.0893,0.0082,0.0083,-22.19,-34.87,6.63,300.16,-78.72,-151.91
52.436493,-1.539854,177.78,5.62,4,43.92,19 / 22,1448910,2019-09-06 19:44:14:653,0.5254,-0.3029,7.9189,-0.0849,-0.0226,9.8061,-0.304,0.0354,0.0494,-21.87,-35.56,4.88,297.03,-79.11,-149.54
52.436493,-1.539854,177.78,5.62,4,43.92,19 / 22,1449011,2019-09-06 19:44:14:754,1.6862,-0.9416,9.3714,-0.0281,0.0142,9.8065,-0.6343,0.1082,-0.0692,-21.75,-34.87,3.81,303.65,-80.53,-143.79
52.436493,-1.539854,177.78,5.62,4,43.92,19 / 22,1449110,2019-09-06 19:44:14:853,-4.9071,-0.4283,11.4478,-0.016,0.012,9.8066,-0.4802,-0.0154,0.0051,-21.87,-35.44,2.44,306.19,-81.96,-138.37
52.436493,-1.539854,177.78,5.62,4,43.92,19 / 22,1449210,2019-09-06 19:44:14:953,-3.1825,0.2025,12.0114,0.0672,0.037,9.8063,0.2396,0.0683,-0.11,-21.94,-35.19,2.25,303.88,-82.44,-141.06
52.436493,-1.539854,177.78,5.62,4,43.92,19 / 22,1449310,2019-09-06 19:44:15:053,0.2242,1.0075,10.6486,0.1596,0.0247,9.8052,0.351,-0.1332,-0.0256,-21.06,-35.06,3.94,301.93,-81.8,-147.07
52.436493,-1.539854,177.78,5.62,4,43.92,20 / 22,1449409,2019-09-06 19:44:15:152,2.6967,0.3916,9.7389,0.0858,0.0034,9.8062,0.4399,0.0402,0.016,-21.25,-35.75,5.63,296.15,-80.17,-154.65
52.436493,-1.539854,177.78,5.62,4,43.92,20 / 22,1449510,2019-09-06 19:44:15:253,1.2936,0.3594,10.177,-0.0227,-0.0004,9.8066,-0.2111,-0.0338,0.052,-20.69,-35.25,6.56,297.21,-79.61,-155.95
52.436493,-1.539854,177.78,5.62,4,43.92,20 / 22,1449609,2019-09-06 19:44:15:352,0.4463,0.5323,10.2544,-0.0342,-0.0061,9.8066,-0.2357,-0.0133,-0.0322,-21.31,-35.31,5.44,292.95,-80.03,-154.95
52.436493,-1.539854,177.78,5.62,4,43.92,20 / 22,1449710,2019-09-06 19:44:15:453,-2.3362,0.2251,9.1888,-0.0492,0.0082,9.8065,-0.0984,0.0088,-0.0047,-20.69,-35.62,4.31,294.06,-80.99,-152.38
52.436493,-1.539854,177.78,5.62,4,43.92,20 / 22,1449810,2019-09-06 19:44:15:553,-0.1855,0.3073,8.9532,0.0188,0.0108,9.8066,-0.1182,-0.0391,0.0513,-21.31,-35.94,3.94,294.04,-81.27,-152.86
52.436493,-1.539854,177.78,5.62,4,43.92,20 / 22,1449909,2019-09-06 19:44:15:652,-0.6168,0.8721,8.8517,0.0601,-0.0071,9.8064,0.2067,-0.035,-0.056,-21.25,-35.37,4.69,296.43,-80.94,-153.32
52.436493,-1.539854,177.78,5.62,4,43.92,20 / 22,1450010,2019-09-06 19:44:15:753,1.4097,0.4207,10.4447,-0.0223,0.0027,9.8066,0.1609,-0.0373,0.0675,-21.56,-35.5,5.06,295.5,-80.73,-153.83
52.436493,-1.539854,177.78,5.62,4,43.92,20 / 22,1450109,2019-09-06 19:44:15:852,0.704,-0.263,10.2453,-0.0232,-0.0039,9.8066,-0.0667,0.0649,-0.0782,-21.19,-35.81,5.19,294.46,-80.61,-154.14
52.436493,-1.539854,177.78,5.62,4,43.92,20 / 22,1450210,2019-09-06 19:44:15:953,1.5752,1.1631,10.0458,0.0177,0.0101,9.8065,-0.027,-0.0261,0.0735,-21.81,-35.25,5.31,294.87,-80.78,-154.47
52.436493,-1.539854,177.78,5.62,4,43.92,20 / 22,1450310,2019-09-06 19:44:16:053,0.832,-0.268,9.6098,-0.0089,-0.0102,9.8066,0.0044,0.0201,-0.0336,-21.37,-35.94,4.69,294.32,-80.68,-154.39
52.436493,-1.539854,177.78,5.62,4,43.92,21 / 22,1450410,2019-09-06 19:44:16:153,0.8677,0.2767,9.9703,-0.006,0.004,9.8066,0.0374,0.0453,0.0049,-21,-35.31,5.5,297.69,-80.66,-154.48
52.436493,-1.539854,177.78,5.62,4,43.92,21 / 22,1450510,2019-09-06 19:44:16:253,0.4259,0.5172,9.5521,0.0008,0.0099,9.8066,0.0499,0.0099,-0.0143,-21.06,-36.12,5,292.95,-80.6,-155.47
52.436493,-1.539854,177.78,5.62,4,43.92,21 / 22,1450609,2019-09-06 19:44:16:352,1.879,0.7451,9.3548,-0.0052,-0.003,9.8066,0.085,0.0276,-0.0365,-20.37,-34.75,5.69,295.92,-80.6,-156.07
52.436493,-1.539854,177.78,5.62,4,43.92,21 / 22,1450709,2019-09-06 19:44:16:452,0.8658,-0.1427,10.1348,-0.0103,0.0037,9.8066,-0.0859,-0.0033,-0.0604,-20.75,-35.81,5.44,292.36,-80.66,-156.1
52.436493,-1.539854,177.78,5.62,4,43.92,21 / 22,1450809,2019-09-06 19:44:16:552,0.8131,0.2342,9.9775,-0.0095,0.017,9.8066,-0.0602,-0.0697,0.0051,-20.87,-34.94,4.56,293.62,-80.81,-155.63
52.436493,-1.539854,177.78,5.62,4,43.92,21 / 22,1450910,2019-09-06 19:44:16:653,0.8032,0.2667,10.354,0.0028,0.0084,9.8066,0.0199,-0.0216,-0.0565,-21.06,-35.31,4.31,290.1,-81.07,-156.51
52.436493,-1.539854,177.78,5.62,4,43.92,21 / 22,1451009,2019-09-06 19:44:16:752,-0.0571,0.5263,10.2498,0.02,0.0143,9.8065,-0.0108,-0.0172,-0.0264,-20.12,-35.12,5.25,291.14,-81.03,-158.21
52.436493,-1.539854,177.78,5.62,4,43.92,21 / 22,1451110,2019-09-06 19:44:16:853,0.8878,-0.318,9.8641,0.0072,0.0133,9.8065,0.0309,-0.0167,-0.0572,-21.06,-35.69,5.75,292.38,-81,-159.37
52.436493,-1.539854,177.78,5.62,4,43.92,21 / 22,1451210,2019-09-06 19:44:16:953,0.827,0.4554,10.1152,0.0009,0.0141,9.8066,0.0364,-0.03,-0.0592,-20.69,-35.25,5.75,291.28,-80.97,-160.72
52.436493,-1.539854,177.78,5.62,4,43.92,21 / 22,1451309,2019-09-06 19:44:17:052,0.6918,0.9936,9.7915,-0.013,0.0111,9.8065,-0.1226,0.0105,-0.0025,-20.19,-35.81,5.06,287.2,-81.07,-161.45
52.436787,-1.539019,180.42,7.95,6,64.76,20 / 21,1451410,2019-09-06 19:44:17:153,0.2258,0.0003,9.7808,-0.0099,0.0042,9.8066,0.1384,0.0307,-0.04,-20.31,-35.44,5.31,287.52,-81.16,-161.74
52.436787,-1.539019,180.42,7.95,6,64.76,20 / 21,1451509,2019-09-06 19:44:17:252,0.9884,0.0933,10.0847,-0.0237,0.0029,9.8065,0.1087,-0.0033,0.0498,-20.69,-36.19,4.81,287.2,-81.19,-161.72
52.436787,-1.539019,180.42,7.95,6,64.76,20 / 21,1451609,2019-09-06 19:44:17:352,1.3753,0.4692,9.7112,-0.0097,-0.0047,9.8065,0.0119,-0.0078,0.0326,-20.75,-35.87,5.19,287.41,-81.13,-161.43
52.436787,-1.539019,180.42,7.95,6,64.76,20 / 21,1451710,2019-09-06 19:44:17:453,-0.775,0.1709,10.2371,-0.0178,-0.0068,9.8066,0.0716,-0.0565,0.0298,-20.87,-35.94,5.44,288.69,-81.14,-160.25
52.436787,-1.539019,180.42,7.95,6,64.76,20 / 21,1451809,2019-09-06 19:44:17:552,1.0984,0.2551,9.9596,-0.0188,0.0002,9.8066,0.0451,0.0301,0.0435,-21,-35.5,5.31,289.46,-81.14,-159.95
52.436787,-1.539019,180.42,7.95,6,64.76,20 / 21,1451910,2019-09-06 19:44:17:653,0.0828,-0.3887,10.4618,0.0071,-0.0033,9.8066,-0.0315,-0.0462,0.0734,-20.94,-36.19,4.75,289.25,-81.18,-159.81
52.436787,-1.539019,180.42,7.95,6,64.76,20 / 21,1452009,2019-09-06 19:44:17:752,-0.063,0.2788,10.1501,0.0017,-0.0103,9.8066,-0.0099,0.0021,-0.0668,-21.12,-36.31,5.13,289.75,-81.12,-159.25
52.436787,-1.539019,180.42,7.95,6,64.76,20 / 21,1452109,2019-09-06 19:44:17:852,2.6131,1.0619,10.2858,-0.0073,0.0026,9.8065,0.1786,0.0451,0.0299,-21.25,-35.56,5.44,289.83,-81.19,-159.29
52.436787,-1.539019,180.42,7.95,6,64.76,20 / 21,1452210,2019-09-06 19:44:17:953,-0.1724,0.0556,10.0027,-0.0255,-0.0003,9.8065,-0.0944,0.0433,0.0555,-20.75,-36.37,5.75,292.63,-81.17,-159.43
52.436787,-1.539019,180.42,7.95,6,64.76,20 / 21,1452310,2019-09-06 19:44:18:053,0.5018,1.4335,8.9702,0.0156,-0.0002,9.8066,-0.1592,-0.0263,-0.0289,-20.75,-35.81,5.38,290.35,-81.17,-158.78
52.436787,-1.539019,180.42,7.95,6,64.76,21 / 22,1452409,2019-09-06 19:44:18:152,-1.1607,0.0826,9.2909,0.0099,-0.0152,9.8066,-0.2024,-0.0257,-0.0076,-21.19,-35.31,5.19,291.6,-81.21,-158.1
52.436787,-1.539019,180.42,7.95,6,64.76,21 / 22,1452510,2019-09-06 19:44:18:253,1.0123,-0.0925,9.8937,-0.0314,-0.0051,9.8066,0.0506,0.0356,-0.0669,-21.37,-36.06,4.75,291.66,-81.25,-157.73
52.436787,-1.539019,180.42,7.95,6,64.76,21 / 22,1452609,2019-09-06 19:44:18:352,1.0324,0.1286,10.1547,-0.0045,-0.0006,9.8066,0.0478,-0.0483,0.0564,-21.12,-35.5,5.38,292.78,-81.38,-157.31
52.436787,-1.539019,180.42,7.95,6,64.76,21 / 22,1452709,2019-09-06 19:44:18:452,0.6985,0.0379,10.2569,-0.0206,0.0019,9.8066,-0.0011,-0.0414,0.0163,-21.44,-35.69,5.06,292.65,-81.42,-157.11
52.436787,-1.539019,180.42,7.95,6,64.76,21 / 22,1452809,2019-09-06 19:44:18:552,0.6961,1.6978,9.9917,-0.0114,0.0082,9.8066,0.0375,0.0552,-0.1085,-21.25,-35.62,4.88,292.14,-81.55,-157.78
52.436787,-1.539019,180.42,7.95,6,64.76,21 / 22,1452910,2019-09-06 19:44:18:653,0.7549,0.0745,10.3299,-0.0222,0.0221,9.8066,-0.0436,-0.0439,0.0278,-21.06,-35.56,5.13,291.43,-81.74,-158.76
52.436787,-1.539019,180.42,7.95,6,64.76,21 / 22,1453010,2019-09-06 19:44:18:753,0.0815,0.7333,9.5715,0.017,0.021,9.8065,0.0217,0.0159,-0.0502,-20.69,-35.19,4.5,289.12,-81.67,-161.15
52.436787,-1.539019,180.42,7.95,6,64.76,21 / 22,1453109,2019-09-06 19:44:18:852,2.1498,-0.072,10.1353,0.0328,0.0116,9.8065,0.0388,0.0349,-0.0858,-20.75,-35.56,4.94,286.53,-81.49,-162.85
52.436787,-1.539019,180.42,7.95,6,64.76,21 / 22,1453210,2019-09-06 19:44:18:953,0.683,1.3372,9.1047,-0.0054,0.0164,9.8066,-0.1432,-0.0562,0.0297,-20.12,-35.5,5.13,285.02,-81.27,-164.29
52.436787,-1.539019,180.42,7.95,6,64.76,21 / 22,1453310,2019-09-06 19:44:19:053,0.3128,0.9966,8.7267,0.0258,-0.0048,9.8066,-0.1434,0.1071,-0.0199,-20.69,-35.44,5.81,286.89,-81.19,-165.12
52.436787,-1.539019,180.42,7.95,6,64.76,20 / 22,1453409,2019-09-06 19:44:19:152,-0.4935,0.7971,8.9371,-0.0474,-0.0117,9.8065,-0.0024,0.0409,-0.0393,-20.44,-35.87,5.56,287.87,-81.4,-164.28
52.436787,-1.539019,180.42,7.95,6,64.76,20 / 22,1453510,2019-09-06 19:44:19:253,-0.1436,0.8085,9.5785,-0.038,-0.0046,9.8065,-0.1279,-0.0241,0.0421,-20.81,-35.5,5.44,286.47,-81.59,-163.47
52.436787,-1.539019,180.42,7.95,6,64.76,20 / 22,1453609,2019-09-06 19:44:19:352,-0.0029,0.1744,9.8834,0.0192,-0.0163,9.8066,-0.0099,0.0651,0.0654,-20.81,-36.19,4.94,287.39,-81.7,-162.41
52.436787,-1.539019,180.42,7.95,6,64.76,20 / 22,1453710,2019-09-06 19:44:19:453,0.481,0.2821,9.5995,0.02,-0.0109,9.8066,-0.1065,0.0121,0.0265,-20.87,-35.56,4.94,288.65,-81.54,-160.98
52.436787,-1.539019,180.42,7.95,6,64.76,20 / 22,1453809,2019-09-06 19:44:19:552,0.4018,0.0422,9.3517,0.0015,0.0008,9.8066,-0.0606,0.0061,0.0193,-21.19,-35.75,5.25,289.56,-81.61,-160.25
52.436787,-1.539019,180.42,7.95,6,64.76,20 / 22,1453910,2019-09-06 19:44:19:653,-0.8873,0.4082,9.6096,0.029,0.0011,9.8066,0.1357,-0.0237,0.0248,-21.12,-36,4.94,289.53,-81.59,-160.24
52.436787,-1.539019,180.42,7.95,6,64.76,20 / 22,1454009,2019-09-06 19:44:19:752,-0.2509,0.2522,10.2151,-0.0237,0.0051,9.8066,0.0512,-0.015,-0.0319,-20.94,-35.31,4.69,290.54,-81.9,-160.21
52.436787,-1.539019,180.42,7.95,6,64.76,20 / 22,1454110,2019-09-06 19:44:19:853,0.1594,-0.0604,9.559,-0.0127,0.0007,9.8066,0.0146,0.0064,0.0028,-20.87,-35.25,4.81,290.1,-81.82,-160.48
52.436787,-1.539019,180.42,7.95,6,64.76,20 / 22,1454210,2019-09-06 19:44:19:953,-0.4691,0.5471,9.6879,-0.0173,-0.0113,9.8065,0.0155,0.0057,0.0276,-20.87,-35.25,4.38,286.67,-81.75,-160.82
52.436787,-1.539019,180.42,7.95,6,64.76,20 / 22,1454309,2019-09-06 19:44:20:052,1.0785,1.6828,9.292,-0.0328,-0.0054,9.8066,-0.0128,0.0571,-0.0019,-21,-34.81,4.69,291.36,-81.88,-159.41
52.436787,-1.539019,180.42,7.95,6,64.76,20 / 22,1454409,2019-09-06 19:44:20:152,0.8346,-1.0293,11.1152,0.0463,-0.0011,9.8064,0.1475,-0.085,0.0687,-20.94,-35.62,5.13,291.26,-81.91,-159.18
52.436787,-1.539019,180.42,7.95,6,64.76,20 / 22,1454509,2019-09-06 19:44:20:252,-0.5829,-0.2343,10.9104,0.0105,0.0036,9.8066,-0.2158,0.0481,-0.0903,-21.62,-35.06,4.88,292.71,-82.07,-158.42
52.436787,-1.539019,180.42,7.95,6,64.76,20 / 22,1454610,2019-09-06 19:44:20:353,-0.5141,-0.4742,9.9639,0.028,0.0168,9.8065,-0.0749,-0.0239,0.0453,-21.5,-35.37,4,286.4,-82.03,-161.54
52.436787,-1.539019,180.42,7.95,6,64.76,20 / 22,1454709,2019-09-06 19:44:20:452,-0.3232,-0.2823,9.9584,0.0244,0.0085,9.8065,0.168,0.0039,-0.0283,-20.94,-35.69,4.94,287.62,-81.85,-162.45
52.436787,-1.539019,180.42,7.95,6,64.76,20 / 22,1454810,2019-09-06 19:44:20:553,0.0846,0.5631,10.0766,-0.0259,0.0155,9.8066,0.083,-0.0262,-0.0276,-20.81,-35.69,4.88,286.67,-81.78,-163.22
52.436787,-1.539019,180.42,7.95,6,64.76,20 / 22,1454910,2019-09-06 19:44:20:653,0.0959,-0.191,9.6018,-0.0304,0.0169,9.8065,-0.0943,-0.0122,-0.0119,-20.5,-35.62,4.44,283.21,-82.18,-164.33
52.436787,-1.539019,180.42,7.95,6,64.76,20 / 22,1455009,2019-09-06 19:44:20:752,-0.2162,0.1367,9.7819,-0.0115,0.0091,9.8066,-0.0824,-0.0278,0.0525,-20.56,-35.31,4.75,286.21,-82.34,-164.97
52.436787,-1.539019,180.42,7.95,6,64.76,20 / 22,1455110,2019-09-06 19:44:20:853,-0.3273,0.6302,10.1121,-0.0123,-0.0084,9.8066,0.0072,0.0129,0.0042,-21,-35.81,4.38,284.12,-82.49,-164.13
52.436787,-1.539019,180.42,7.95,6,64.76,20 / 22,1455210,2019-09-06 19:44:20:953,-0.5055,0.2084,9.7549,0.0323,0.0037,9.8065,-0.0479,0.0188,0.0169,-21.06,-35.62,5,286.17,-82.25,-164.5
52.436787,-1.539019,180.42,7.95,6,64.76,20 / 22,1455309,2019-09-06 19:44:21:052,0.0585,1.0825,8.2631,0.036,0.0024,9.8065,-0.1137,0.045,0.0286,-21.62,-36.12,4.31,282.71,-82.13,-164.95
52.436787,-1.539019,180.42,7.95,6,64.76,20 / 21,1455410,2019-09-06 19:44:21:153,-1.1268,-0.6557,9.379,-0.0655,-0.0179,9.8063,0.0108,-0.0351,-0.0283,-20.94,-35.94,4.81,285.87,-82.05,-164.45
52.436787,-1.539019,180.42,7.95,6,64.76,20 / 21,1455509,2019-09-06 19:44:21:252,0.3874,0.768,10.9539,-0.0867,-0.0069,9.8063,0.0602,-0.0093,-0.0152,-21.44,-35.62,4.5,289.06,-82.63,-162.43
52.436787,-1.539019,180.42,7.95,6,64.76,20 / 21,1455610,2019-09-06 19:44:21:353,0.5806,0.5778,10.6169,0.0385,0.0009,9.8065,0.1348,-0.0393,-0.0138,-21.12,-35.56,4.94,287.94,-82.44,-163.16
52.436787,-1.539019,180.42,7.95,6,64.76,20 / 21,1455710,2019-09-06 19:44:21:453,0.8997,-0.1812,10.4046,0.0185,-0.0018,9.8066,-0.1353,0.0193,0.0463,-21.25,-34.87,4.5,288.24,-82.42,-163.19
52.436787,-1.539019,180.42,7.95,6,64.76,20 / 21,1455810,2019-09-06 19:44:21:553,-1.0592,0.5622,9.1156,0.0261,-0.0007,9.8065,-0.1783,0.0161,0.0056,-21.5,-35.44,4.25,285.28,-82.36,-163.16
52.436787,-1.539019,180.42,7.95,6,64.76,20 / 21,1455910,2019-09-06 19:44:21:653,-0.5537,-0.0034,9.8445,0.0234,-0.01,9.8066,0.117,-0.0338,0.026,-21.12,-35.31,4.44,285.64,-82.24,-162.61
52.436787,-1.539019,180.42,7.95,6,64.76,20 / 21,1456010,2019-09-06 19:44:21:753,-1.8948,-0.3091,10.018,-0.0319,-0.0008,9.8065,0.0453,0.0595,-0.0711,-21.06,-35.44,4.56,290,-82.45,-161.6
52.436787,-1.539019,180.42,7.95,6,64.76,20 / 21,1456109,2019-09-06 19:44:21:852,-0.5133,0.3097,9.9311,0.0041,0.0151,9.8065,-0.0731,0.0418,-0.0121,-21.94,-35.5,4.81,288.13,-82.37,-163.14
52.436787,-1.539019,180.42,7.95,6,64.76,20 / 21,1456210,2019-09-06 19:44:21:953,-0.9462,0.5152,8.68,0.0367,0.0134,9.8065,-0.1166,0.0078,0.0012,-20.94,-34.87,5.06,285.06,-82.15,-165.74
52.436787,-1.539019,180.42,7.95,6,64.76,20 / 21,1456310,2019-09-06 19:44:22:053,-1.1126,-0.0928,9.5623,-0.0277,-0.0075,9.8065,-0.1098,-0.0029,0.0122,-20.94,-35.81,4.81,285.37,-82.25,-165.26
52.436787,-1.539019,180.42,7.95,6,64.76,19 / 22,1456409,2019-09-06 19:44:22:152,-0.3914,0.3765,9.432,-0.0545,0.001,9.8064,0.0072,0.0135,-0.0068,-20.87,-34.56,4.94,287.14,-82.58,-164.48
52.436787,-1.539019,180.42,7.95,6,64.76,19 / 22,1456510,2019-09-06 19:44:22:253,-0.3854,0.329,10.3046,-0.0012,0,9.8066,0.0189,-0.0228,-0.0008,-21.19,-35.62,4.69,287.37,-82.82,-164.35
52.436787,-1.539019,180.42,7.95,6,64.76,19 / 22,1456609,2019-09-06 19:44:22:352,-0.9966,-0.6205,10.4293,0.0035,-0.0065,9.8066,0.0923,-0.0462,0.0073,-21.5,-35.75,4.81,287.66,-82.74,-163.93
52.436787,-1.539019,180.42,7.95,6,64.76,19 / 22,1456709,2019-09-06 19:44:22:452,1.0648,0.4693,9.82,0.0114,0.0094,9.8065,0.0079,0.0287,-0.0236,-20.94,-35.06,4.94,287.08,-82.5,-164.4
52.436787,-1.539019,180.42,7.95,6,64.76,19 / 22,1456809,2019-09-06 19:44:22:552,-0.2919,0.2125,9.5378,0.004,-0.0097,9.8066,-0.0463,-0.0267,0.0604,-21.5,-35.75,4.69,285.51,-82.32,-165.25
52.436787,-1.539019,180.42,7.95,6,64.76,19 / 22,1456909,2019-09-06 19:44:22:652,-1.0274,0.2225,9.6764,-0.0004,-0.0022,9.8066,-0.0045,-0.0364,0.0229,-21.62,-36.12,5.13,286.5,-82.28,-164.2
52.436787,-1.539019,180.42,7.95,6,64.76,19 / 22,1457009,2019-09-06 19:44:22:752,-1.148,-0.1801,10.142,0.0003,0.0031,9.8066,-0.0441,-0.0076,-0.0423,-21,-35.87,4.88,287.29,-82.43,-163.75
52.436787,-1.539019,180.42,7.95,6,64.76,19 / 22,1457110,2019-09-06 19:44:22:853,-0.7053,-0.2919,10.5394,-0.0064,0.0016,9.8066,0.044,0.0454,-0.0137,-21.87,-34.94,4.94,287.89,-82.51,-163.59
52.436787,-1.539019,180.42,7.95,6,64.76,19 / 22,1457210,2019-09-06 19:44:22:953,0.0586,0.1723,9.5712,0.0229,0.0047,9.8065,0.0438,0.0038,0.0118,-21.25,-35.81,4.88,286.46,-82.41,-164.49
52.436787,-1.539019,180.42,7.95,6,64.76,19 / 22,1457310,2019-09-06 19:44:23:053,0.3746,-0.2182,9.4713,0.0127,0.001,9.8065,-0.0747,0.0036,-0.0187,-21.44,-35.37,5.56,289.25,-82.38,-164.88
52.436787,-1.539019,180.42,7.95,6,64.76,20 / 22,1457409,2019-09-06 19:44:23:152,-1.4958,0.3084,9.57,0.0041,0.0052,9.8066,-0.1568,0.0258,0.0077,-21.44,-35.56,5.19,285.92,-82.54,-165.23
52.436787,-1.539019,180.42,7.95,6,64.76,20 / 22,1457510,2019-09-06 19:44:23:253,-0.2149,0.5439,10.0467,-0.0101,0.01,9.8066,-0.0061,-0.014,0.0115,-21.37,-35.81,4.38,283.74,-82.99,-165.34
52.436787,-1.539019,180.42,7.95,6,64.76,20 / 22,1457610,2019-09-06 19:44:23:353,-1.4297,-0.4174,9.5086,-0.0081,0.0073,9.8066,-0.0605,0.0329,-0.0229,-21.87,-35.31,4.25,283.72,-83.1,-165.9
52.436787,-1.539019,180.42,7.95,6,64.76,20 / 22,1457710,2019-09-06 19:44:23:453,-1.3692,0.0886,9.9741,-0.0096,0.0025,9.8066,0.0851,0.0113,-0.0018,-20.44,-35.81,4.38,283.19,-83.12,-166.07
52.436787,-1.539019,180.42,7.95,6,64.76,20 / 22,1457809,2019-09-06 19:44:23:552,-0.4903,-0.2114,10.2936,-0.0178,0.0052,9.8066,0.0332,-0.0371,-0.0256,-21.69,-35.87,4.13,282.95,-83.21,-166.5
52.436787,-1.539019,180.42,7.95,6,64.76,20 / 22,1457910,2019-09-06 19:44:23:653,-1.2123,0.0366,9.8005,-0.0052,0.0084,9.8065,0.0098,0.0154,-0.0071,-21.25,-36.37,4.5,285.17,-83.23,-167.12
52.436787,-1.539019,180.42,7.95,6,64.76,20 / 22,1458010,2019-09-06 19:44:23:753,-0.607,0.1035,9.4875,-0.0014,0.005,9.8066,0.0221,-0.0188,0.0383,-21.25,-35.75,4.94,284.21,-83.26,-168.08
52.436787,-1.539019,180.42,7.95,6,64.76,20 / 22,1458110,2019-09-06 19:44:23:853,-0.6841,-0.9712,10.2205,-0.0061,0.0057,9.8066,0.0329,0.0472,-0.0739,-21,-36.06,4.31,280.75,-83.3,-168.76
52.436787,-1.539019,180.42,7.95,6,64.76,20 / 22,1458210,2019-09-06 19:44:23:953,-0.2681,0.6829,9.735,-0.0196,0.0083,9.8065,0.1026,-0.0144,-0.0073,-21.06,-35.81,4.81,282.84,-83.37,-169.58
52.436787,-1.539019,180.42,7.95,6,64.76,20 / 22,1458310,2019-09-06 19:44:24:053,-1.5139,0.2285,10.2818,0.0241,-0.0145,9.8065,0.0361,-0.0168,0.0356,-20.81,-36.25,4.56,282.12,-83.22,-170.02
52.436787,-1.539019,180.42,7.95,6,64.76,19 / 20,1458409,2019-09-06 19:44:24:152,-1.7419,0.2733,9.9265,0.0039,-0.0039,9.8066,-0.0044,-0.0273,-0.0098,-20.87,-35.25,4.81,282.98,-83.15,-169.37
52.436787,-1.539019,180.42,7.95,6,64.76,19 / 20,1458510,2019-09-06 19:44:24:253,-0.3902,0.4252,10.1577,0.0127,-0.0051,9.8066,0.0043,-0.0183,0.0374,-20.87,-35.87,5,282.83,-83.11,-169.15
52.436787,-1.539019,180.42,7.95,6,64.76,19 / 20,1458610,2019-09-06 19:44:24:353,-0.544,-0.0571,9.4725,0.0186,0.0003,9.8066,-0.0342,-0.0174,0.0202,-20.75,-35.81,4.69,282.66,-82.98,-169.08
52.436787,-1.539019,180.42,7.95,6,64.76,19 / 20,1458710,2019-09-06 19:44:24:453,-1.1365,-0.0953,10.3052,-0.0023,-0.0092,9.8066,-0.0191,-0.0206,0.0043,-21,-35.56,4.31,280.73,-82.95,-168.17
52.436787,-1.539019,180.42,7.95,6,64.76,19 / 20,1458810,2019-09-06 19:44:24:553,0.2031,0.3161,9.304,-0.0172,0.0052,9.8066,0.0671,-0.0302,0.0231,-21.12,-35.56,4.81,283.31,-82.93,-168.38
52.436787,-1.539019,180.42,7.95,6,64.76,19 / 20,1458910,2019-09-06 19:44:24:653,0.1589,-0.0849,9.5069,0.0053,-0.0014,9.8066,-0.0346,-0.0001,-0.0069,-21.25,-35.62,4.31,280.09,-82.9,-168.71
52.436787,-1.539019,180.42,7.95,6,64.76,19 / 20,1459009,2019-09-06 19:44:24:752,-0.3721,-0.5803,9.9393,0.013,0.0023,9.8066,-0.0645,0.0062,-0.0563,-20.94,-35,4.06,280.38,-82.91,-168.78
52.436787,-1.539019,180.42,7.95,6,64.76,19 / 20,1459110,2019-09-06 19:44:24:853,-0.5821,0.3818,9.5768,-0.0225,0.0027,9.8066,0.085,-0.0573,0.033,-21.12,-35.81,4.31,279.44,-82.94,-169.4
52.436787,-1.539019,180.42,7.95,6,64.76,19 / 20,1459214,2019-09-06 19:44:24:957,-0.7009,0.5238,9.7574,-0.0107,0.0019,9.8066,-0.0199,0.0255,-0.0523,-21.19,-35.12,4.38,279.65,-83,-169.62
52.436787,-1.539019,180.42,7.95,6,64.76,19 / 20,1459310,2019-09-06 19:44:25:053,-0.1432,-0.0842,10.0903,-0.0024,-0.0006,9.8066,0.0142,0.0012,0.0037,-21.06,-35.37,4.75,282.53,-82.98,-169.54
52.436787,-1.539019,180.42,7.95,6,64.76,20 / 22,1459409,2019-09-06 19:44:25:152,-1.8039,0.1695,12.1615,-0.0304,0.0093,9.8065,0.225,-0.0185,-0.0054,-21.87,-35.19,5.13,282.49,-83.17,-169.78
52.436787,-1.539019,180.42,7.95,6,64.76,20 / 22,1459510,2019-09-06 19:44:25:253,-1.1732,1.5829,11.66,0.0684,-0.0147,9.8064,0.1967,-0.0359,0.1307,-21.69,-35.12,5.25,279.77,-82.27,-170.96
52.436787,-1.539019,180.42,7.95,6,64.76,20 / 22,1459610,2019-09-06 19:44:25:353,0.1752,-0.759,8.2688,0.0375,-0.0149,9.8065,0.1008,-0.0367,0.0157,-21.62,-35.5,4.88,280.3,-81.61,-169.38
52.436787,-1.539019,180.42,7.95,6,64.76,20 / 22,1459709,2019-09-06 19:44:25:452,4.1495,0.4014,8.2641,-0.0011,-0.0086,9.8066,-0.2289,-0.0325,0.0159,-21.31,-35.19,6.81,285.09,-81.04,-169.25
52.436787,-1.539019,180.42,7.95,6,64.76,20 / 22,1459810,2019-09-06 19:44:25:553,-0.051,-0.696,7.1288,-0.101,-0.0057,9.806,-0.4391,0.004,0.0795,-21.81,-35.5,5,281.99,-81.81,-168.08
52.436787,-1.539019,180.42,7.95,6,64.76,20 / 22,1459910,2019-09-06 19:44:25:653,0.1504,-0.2811,8.1312,-0.1001,0.0168,9.8061,-0.5306,-0.0301,-0.0327,-21.31,-35.56,4.06,286.57,-83.45,-163.43
52.436787,-1.539019,180.42,7.95,6,64.76,20 / 22,1460010,2019-09-06 19:44:25:753,-2.4632,0.8493,11.4282,-0.0597,0.0285,9.8063,-0.2609,0.0806,-0.1215,-21.12,-35.62,2.06,287.01,-85.42,-160.88
52.436787,-1.539019,180.42,7.95,6,64.76,20 / 22,1460110,2019-09-06 19:44:25:853,-2.053,0.9044,11.6023,0.0988,0.0357,9.8061,0.0955,0.0244,-0.0127,-21,-35.37,2.13,280.79,-85.51,-167.27
52.436787,-1.539019,180.42,7.95,6,64.76,20 / 22,1460210,2019-09-06 19:44:25:953,-0.0899,1.1,10.3813,0.191,0.0212,9.8047,0.1715,-0.0109,-0.0529,-20.94,-35.94,3.38,276.17,-84.5,-172.58
52.436787,-1.539019,180.42,7.95,6,64.76,20 / 22,1460310,2019-09-06 19:44:26:053,2.8887,-0.1495,10.2016,0.0789,0.0011,9.8063,0.2087,0.0215,0.0189,-20.56,-35.31,5.5,278.08,-82.67,-176.02
52.437096,-1.537953,180.66,6.49,8,64.53,19 / 21,1460409,2019-09-06 19:44:26:152,1.4261,-0.5775,10.1935,-0.0039,-0.0123,9.8066,-0.0468,0.0062,0.06,-20.94,-35.87,5.38,274.75,-82.19,-175.42
52.437096,-1.537953,180.66,6.49,8,64.53,19 / 21,1460509,2019-09-06 19:44:26:252,0.5003,-0.3187,9.4874,-0.0399,0.0031,9.8065,-0.1716,0.022,0.0146,-21.06,-35.31,5.06,276.98,-82.84,-174.7
52.437096,-1.537953,180.66,6.49,8,64.53,19 / 21,1460610,2019-09-06 19:44:26:353,-0.3151,0.318,9.1657,-0.0248,0.0041,9.8065,-0.1029,-0.02,0.0202,-20.94,-35.44,4.06,275.5,-83.38,-174.34
52.437096,-1.537953,180.66,6.49,8,64.53,19 / 21,1460710,2019-09-06 19:44:26:453,1.4412,-0.5681,9.5186,-0.0373,-0.0011,9.8065,0.1492,-0.0119,-0.0122,-20.87,-34.94,3.19,273.01,-83.76,-174.72
52.437096,-1.537953,180.66,6.49,8,64.53,19 / 21,1460810,2019-09-06 19:44:26:553,0.2592,-0.6176,10.3432,0.0375,0.0025,9.8066,0.1639,-0.0092,0.0551,-20.69,-35.87,4.81,278.39,-83.6,-174.29
52.437096,-1.537953,180.66,6.49,8,64.53,19 / 21,1460909,2019-09-06 19:44:26:652,1.6354,0.017,10.2735,0.0217,0.017,9.8066,-0.1,-0.0231,-0.0361,-20.81,-35.19,3.94,274.83,-83.42,-175.07
52.437096,-1.537953,180.66,6.49,8,64.53,19 / 21,1461010,2019-09-06 19:44:26:753,0.505,-0.6369,10.0208,0.0104,-0.0024,9.8066,-0.0917,-0.1137,0.0987,-20.81,-35.94,4.63,275.65,-83.29,-176.44
52.437096,-1.537953,180.66,6.49,8,64.53,19 / 21,1461110,2019-09-06 19:44:26:853,0.7238,-0.7033,10.0459,-0.027,0.0021,9.8066,0.0815,-0.0102,-0.1163,-20.5,-35.94,4.63,276.58,-83.42,-175.87
52.437096,-1.537953,180.66,6.49,8,64.53,19 / 21,1461209,2019-09-06 19:44:26:952,0.4233,1.0158,9.0631,-0.0243,-0.0099,9.8065,0.1086,-0.0307,0.0659,-20.37,-35.31,4.75,277.57,-83.45,-175.28
52.437096,-1.537953,180.66,6.49,8,64.53,19 / 21,1461310,2019-09-06 19:44:27:053,1.1532,-0.7558,10.1463,0.0118,-0.0168,9.8066,0.0338,-0.0098,0.1067,-21.44,-35.69,3.81,275.47,-83.33,-173.97
52.437096,-1.537953,180.66,6.49,8,64.53,19 / 21,1461409,2019-09-06 19:44:27:152,0.6685,0.72,9.9072,0.0079,0.0025,9.8066,0.024,0.0331,-0.068,-21.06,-35.5,4.94,278.98,-83.17,-173.29
52.437096,-1.537953,180.66,6.49,8,64.53,19 / 21,1461509,2019-09-06 19:44:27:252,2.6578,-0.7165,9.5707,0.0086,-0.0029,9.8065,0.0158,-0.0216,-0.0217,-21.5,-35.5,4.69,277.94,-83.05,-174.1
52.437096,-1.537953,180.66,6.49,8,64.53,19 / 21,1461610,2019-09-06 19:44:27:353,0.8598,0.5256,9.9158,-0.0039,-0.0028,9.8066,0.0396,0.0636,-0.0289,-21.06,-35.06,5.25,277.93,-83.01,-174.05
52.437096,-1.537953,180.66,6.49,8,64.53,19 / 21,1461709,2019-09-06 19:44:27:452,1.7726,-0.6835,10.764,-0.0057,0.0171,9.8066,-0.0896,0.06,-0.0301,-20.81,-35.37,4.5,277.96,-83.22,-174.38
52.437096,-1.537953,180.66,6.49,8,64.53,19 / 21,1461811,2019-09-06 19:44:27:554,-0.2924,0.7237,9.6807,-0.0041,0.0341,9.8065,-0.0414,0.0281,-0.055,-21.25,-35.69,4.75,275.87,-83.41,-176.44
52.437096,-1.537953,180.66,6.49,8,64.53,19 / 21,1461910,2019-09-06 19:44:27:653,0.1172,0.8915,8.5927,0.0265,-0.0059,9.8066,0.0611,-0.043,0.0317,-20.69,-35.31,4.88,273.72,-83.5,-179.02
52.437096,-1.537953,180.66,6.49,8,64.53,19 / 21,1462009,2019-09-06 19:44:27:752,-0.0761,-0.9594,9.8276,0.0046,-0.0172,9.8066,0.0403,-0.0656,0.0377,-21,-35.56,4.69,274.59,-83.38,-177.64
52.437096,-1.537953,180.66,6.49,8,64.53,19 / 21,1462110,2019-09-06 19:44:27:853,1.2768,-0.9278,10.4164,-0.009,-0.0026,9.8066,-0.1127,-0.0331,-0.0631,-21,-35.19,4.19,275.26,-83.74,-175.19
52.437096,-1.537953,180.66,6.49,8,64.53,19 / 21,1462214,2019-09-06 19:44:27:957,0.385,0.5366,10.5215,0.009,-0.0058,9.8066,-0.0072,-0.0827,0.0182,-21.44,-35.5,4.25,275.68,-83.93,-175.09
52.437096,-1.537953,180.66,6.49,8,64.53,19 / 21,1462310,2019-09-06 19:44:28:053,-0.6337,-0.6192,10.2681,0.0271,-0.0119,9.8066,0.02,-0.0075,0.046,-21.12,-34.81,4.94,279.13,-83.48,-173.66
52.437096,-1.537953,180.66,6.49,8,64.53,20 / 22,1462409,2019-09-06 19:44:28:152,0.8964,-0.6061,9.7628,0.0359,-0.0068,9.8066,0.2221,0.0135,-0.0205,-21,-35.5,4.94,278.91,-83.02,-173.11
52.437096,-1.537953,180.66,6.49,8,64.53,20 / 22,1462510,2019-09-06 19:44:28:253,2.4591,-0.2344,9.5221,-0.0603,0.0069,9.8064,0.1256,-0.0043,-0.0196,-21.75,-35.25,5.44,278.51,-82.88,-173.17
52.437096,-1.537953,180.66,6.49,8,64.53,20 / 22,1462609,2019-09-06 19:44:28:352,0.8781,-0.3557,9.8265,-0.0889,0.0057,9.8062,-0.1347,-0.0024,0.0212,-21.5,-35.31,5.13,279.99,-83.63,-173.08
52.437096,-1.537953,180.66,6.49,8,64.53,20 / 22,1462710,2019-09-06 19:44:28:453,0.1821,-0.0686,10.3369,0.0047,0.0059,9.8066,-0.0689,-0.0752,-0.0365,-21.44,-35.69,4.31,277.87,-84.04,-172.85
52.437096,-1.537953,180.66,6.49,8,64.53,20 / 22,1462809,2019-09-06 19:44:28:552,0.0741,0.2736,9.2712,-0.0075,0.017,9.8065,0.0314,-0.0277,0.0835,-21.62,-35.69,4.13,277.38,-84.36,-173.82
52.437096,-1.537953,180.66,6.49,8,64.53,20 / 22,1462909,2019-09-06 19:44:28:652,-0.2214,0.6369,9.7571,0.0515,-0.0178,9.8065,-0.1693,0.1153,-0.0368,-20.87,-35.44,5.06,280.6,-84.06,-173.19
52.437096,-1.537953,180.66,6.49,8,64.53,20 / 22,1463010,2019-09-06 19:44:28:753,0.0843,-0.2989,9.8084,0.1049,0.0056,9.806,0.155,0.0608,-0.1139,-21,-35.25,4.44,275.6,-83.78,-174.93
52.437096,-1.537953,180.66,6.49,8,64.53,20 / 22,1463110,2019-09-06 19:44:28:853,0.5761,-1.3983,10.6754,-0.032,-0.0031,9.8065,0.0665,-0.0899,0.028,-20.69,-35.56,5.06,276.17,-83.82,-176.85
52.437096,-1.537953,180.66,6.49,8,64.53,20 / 22,1463209,2019-09-06 19:44:28:952,0.3307,-0.1323,10.0732,-0.0668,0.0123,9.8064,-0.0196,-0.0409,-0.0081,-20.94,-36.12,4.94,277.29,-84.16,-176.32
52.437096,-1.537953,180.66,6.49,8,64.53,20 / 22,1463310,2019-09-06 19:44:29:053,1.1436,-0.1226,9.294,0.0045,0.0227,9.8066,0.0069,-0.0102,-0.0988,-21.12,-36,3.94,272.17,-84.31,-178.96
52.437096,-1.537953,180.66,6.49,8,64.53,21 / 22,1463409,2019-09-06 19:44:29:152,0.2291,0.0135,10.0892,-0.0175,0.0138,9.8066,-0.0042,0.0117,0.0064,-20.75,-35.44,4.69,273.41,-84.56,178.9
52.437096,-1.537953,180.66,6.49,8,64.53,21 / 22,1463510,2019-09-06 19:44:29:253,0.2923,0.0833,10.6273,0.0265,0.0053,9.8065,0.0518,0.0215,0.0384,-20.87,-35.87,3.81,269.29,-84.42,177.97
52.437096,-1.537953,180.66,6.49,8,64.53,21 / 22,1463610,2019-09-06 19:44:29:353,0.5912,-0.8371,10.2547,0.0213,0.0042,9.8066,-0.049,0.0347,-0.0262,-20.56,-35.75,4.81,271.44,-84.29,177.65
52.437096,-1.537953,180.66,6.49,8,64.53,21 / 22,1463710,2019-09-06 19:44:29:453,-1.3563,-0.2486,9.7794,0.0075,-0.0023,9.8066,-0.0769,-0.0507,0.014,-20.75,-36.12,4.69,271.62,-83.94,178.43
52.437096,-1.537953,180.66,6.49,8,64.53,21 / 22,1463809,2019-09-06 19:44:29:552,-0.4767,-0.2811,10.5097,-0.0023,-0.0104,9.8066,0.0958,0.0213,0.0609,-20.62,-36.12,4.69,272.74,-83.82,179.74
52.437096,-1.537953,180.66,6.49,8,64.53,21 / 22,1463910,2019-09-06 19:44:29:653,-0.6198,-0.0955,9.4412,-0.028,-0.0078,9.8065,0.0756,-0.03,0.0259,-20.56,-34.81,5.06,274.5,-84.07,-179.2
52.437096,-1.537953,180.66,6.49,8,64.53,21 / 22,1464009,2019-09-06 19:44:29:752,-0.3374,-0.1305,9.1487,-0.0025,0.0093,9.8066,-0.0825,-0.0596,-0.0215,-21.25,-35.69,3.88,272.49,-84.17,-178.39
52.437096,-1.537953,180.66,6.49,8,64.53,21 / 22,1464109,2019-09-06 19:44:29:852,0.8197,0.0423,9.4799,-0.0057,0.0082,9.8066,0.0292,-0.0489,-0.0044,-20.56,-36.06,4.88,274.3,-84.37,-179.64
52.437096,-1.537953,180.66,6.49,8,64.53,21 / 22,1464214,2019-09-06 19:44:29:957,-0.4442,0.1761,10.1117,0.0092,0.0031,9.8066,-0.019,-0.0205,-0.0075,-21.37,-35.94,4.06,271.63,-84.4,-179.65
52.437096,-1.537953,180.66,6.49,8,64.53,21 / 22,1464310,2019-09-06 19:44:30:053,0.0767,0.1913,9.7517,-0.0014,0.0028,9.8066,0.0579,0.0149,0.0222,-21.12,-35.37,4.31,270.98,-84.46,179.34
52.437096,-1.537953,180.66,6.49,8,64.53,21 / 23,1464410,2019-09-06 19:44:30:153,0.6642,-0.4536,10.3639,0.0154,-0.0027,9.8066,-0.039,0.0339,-0.0251,-20.94,-35.25,4.38,271.05,-84.39,179.53
52.437096,-1.537953,180.66,6.49,8,64.53,21 / 23,1464510,2019-09-06 19:44:30:253,0.7229,0.6025,9.761,0.0141,0.0045,9.8066,-0.1476,-0.0294,-0.0204,-20.87,-36.06,4.69,272.92,-84.22,179.25
52.437096,-1.537953,180.66,6.49,8,64.53,21 / 23,1464609,2019-09-06 19:44:30:352,0.0906,-0.1779,9.8947,0.0127,-0.0072,9.8066,0.0893,-0.018,0.0622,-21.31,-35.69,4.5,273.31,-84.19,179.68
52.437096,-1.537953,180.66,6.49,8,64.53,21 / 23,1464709,2019-09-06 19:44:30:452,0.9663,-1.1189,10.0058,-0.0114,-0.0082,9.8066,0.0653,-0.0288,0.0154,-21.06,-35.31,4.81,275.54,-84.22,-178.42
52.437096,-1.537953,180.66,6.49,8,64.53,21 / 23,1464810,2019-09-06 19:44:30:553,0.2243,-0.0727,9.6432,-0.0101,0.0082,9.8065,-0.1356,-0.0103,-0.0042,-21.12,-35.69,4.44,272.83,-84.4,-178.45
52.437096,-1.537953,180.66,6.49,8,64.53,21 / 23,1464909,2019-09-06 19:44:30:652,-0.2387,-0.2859,9.9149,0.0122,0.0012,9.8066,-0.1162,0.0165,0.0108,-20.87,-35.69,4.63,275.63,-84.63,-178.76
52.437096,-1.537953,180.66,6.49,8,64.53,21 / 23,1465010,2019-09-06 19:44:30:753,-1.1449,-0.161,10.0229,0.0213,0.008,9.8066,0.0948,0.0173,-0.0174,-21,-35.37,3.69,272.12,-84.65,-179.84
52.437096,-1.537953,180.66,6.49,8,64.53,21 / 23,1465109,2019-09-06 19:44:30:852,-1.2363,0.6282,9.7379,0.0007,0.0043,9.8066,-0.0186,0.0209,-0.0633,-21.25,-35.5,4.44,270.27,-84.66,178.29
52.437096,-1.537953,180.66,6.49,8,64.53,21 / 23,1465210,2019-09-06 19:44:30:953,-0.3625,0.5101,9.6087,0.0018,0.0099,9.8066,0.1193,-0.0256,0.0279,-20.69,-35.75,4.19,268.74,-84.52,177.25
52.437096,-1.537953,180.66,6.49,8,64.53,21 / 23,1465309,2019-09-06 19:44:31:052,0.6393,-0.2349,10.3168,-0.0167,0,9.8066,0.0652,-0.0137,0.0106,-20.87,-35.5,4.44,268.7,-84.47,177.02
52.437096,-1.537953,180.66,6.49,8,64.53,20 / 21,1465410,2019-09-06 19:44:31:153,0.4928,-0.4521,10.1965,-0.0394,0.0006,9.8065,-0.0358,0.0094,-0.0181,-20.75,-35.56,4.25,269.14,-84.75,177.26
52.437096,-1.537953,180.66,6.49,8,64.53,20 / 21,1465509,2019-09-06 19:44:31:252,-0.7781,-0.2646,10.5834,0.0182,0.0025,9.8066,0.0648,0.0354,-0.0044,-21.12,-35.75,3.56,268.46,-84.67,176.71
52.437096,-1.537953,180.66,6.49,8,64.53,20 / 21,1465610,2019-09-06 19:44:31:353,-0.8397,0.3308,9.8315,0.0139,0.0024,9.8066,-0.0086,0.0352,0.0042,-21.44,-35.5,4.13,268.2,-84.6,176.3
52.437096,-1.537953,180.66,6.49,8,64.53,20 / 21,1465710,2019-09-06 19:44:31:453,-1.2022,0.2206,9.5749,0.0076,-0.0034,9.8066,0.0135,-0.0014,-0.0006,-20.75,-35.81,4.44,267.87,-84.35,176.66
52.437096,-1.537953,180.66,6.49,8,64.53,20 / 21,1465809,2019-09-06 19:44:31:552,0.5772,-0.2332,9.6377,-0.0116,-0.002,9.8066,0.0552,-0.0285,0.0393,-20.81,-35.19,4.88,271.41,-84.31,177.32
52.437096,-1.537953,180.66,6.49,8,64.53,20 / 21,1465909,2019-09-06 19:44:31:652,-0.3237,0.0593,9.9583,-0.0184,0.0001,9.8066,-0.0878,0.0332,0.015,-20.75,-35.12,4.75,272.31,-84.4,178.07
52.437096,-1.537953,180.66,6.49,8,64.53,20 / 21,1466009,2019-09-06 19:44:31:752,-1.1155,-0.2727,9.8561,0.0008,-0.0031,9.8066,0.0382,0.037,-0.0142,-20.81,-34.94,4.44,270.12,-84.58,178.27
52.437096,-1.537953,180.66,6.49,8,64.53,20 / 21,1466110,2019-09-06 19:44:31:853,-1.6258,-0.2165,10.1023,-0.0051,-0.0004,9.8066,0.0983,0.0561,0.0177,-21.12,-35.62,4.31,270.29,-84.54,178.76
52.437096,-1.537953,180.66,6.49,8,64.53,20 / 21,1466209,2019-09-06 19:44:31:952,-0.9468,-0.3287,10.1548,-0.0052,0.0015,9.8066,0.0865,0.0225,-0.014,-21.12,-35.06,3.94,270,-84.42,178.43
52.437096,-1.537953,180.66,6.49,8,64.53,20 / 21,1466310,2019-09-06 19:44:32:053,-0.4612,0.4199,9.8859,-0.002,0.0053,9.8066,0.0471,0.0298,-0.0168,-21.12,-35.69,5,272.01,-84.21,178.36
52.437096,-1.537953,180.66,6.49,8,64.53,20 / 21,1466409,2019-09-06 19:44:32:152,0.5282,-0.3177,9.2924,-0.0177,0.0032,9.8066,-0.0522,0.0182,0.0074,-21.44,-35,4.69,272.22,-84.25,178.23
52.437096,-1.537953,180.66,6.49,8,64.53,20 / 21,1466509,2019-09-06 19:44:32:252,-0.6892,-0.4134,10.1027,-0.0082,0.0052,9.8066,-0.0577,-0.0141,0.012,-20.94,-35.31,4.25,269.95,-84.29,178.59
52.437096,-1.537953,180.66,6.49,8,64.53,20 / 21,1466610,2019-09-06 19:44:32:353,-0.9172,-0.7585,9.9227,-0.0012,0.0039,9.8066,-0.0371,0.0391,-0.044,-21,-35.25,3.63,269.1,-84.42,177.52
52.437096,-1.537953,180.66,6.49,8,64.53,20 / 21,1466709,2019-09-06 19:44:32:452,-0.5982,0.2557,9.049,-0.0163,0.0025,9.8066,-0.0336,-0.0329,0.0579,-21.12,-35.44,4.38,268.49,-84.55,176.67
52.437096,-1.537953,180.66,6.49,8,64.53,20 / 21,1466809,2019-09-06 19:44:32:552,-0.2624,-0.6025,9.9159,-0.0014,-0.0085,9.8066,0.0273,-0.0284,-0.0105,-21.44,-35.19,4.31,269.52,-84.55,177.72
52.437096,-1.537953,180.66,6.49,8,64.53,20 / 21,1466910,2019-09-06 19:44:32:653,0.2436,-0.3415,10.3603,-0.0129,0.0011,9.8066,0.0438,-0.0143,-0.0198,-21.06,-35.5,4.44,269.77,-84.69,177.73
52.437096,-1.537953,180.66,6.49,8,64.53,20 / 21,1467009,2019-09-06 19:44:32:752,-0.58,0.0883,9.8159,0.0006,0.0037,9.8066,-0.1101,0.0257,0.0595,-21.12,-36.06,3.94,269.17,-84.71,177.34
52.437096,-1.537953,180.66,6.49,8,64.53,20 / 21,1467109,2019-09-06 19:44:32:852,-1.2168,-1.357,10.4145,0.0812,-0.037,9.8062,-0.1483,-0.0195,0.037,-21.19,-35.56,4.31,269.96,-84.98,177.69
52.437096,-1.537953,180.66,6.49,8,64.53,20 / 21,1467210,2019-09-06 19:44:32:953,-1.3979,-1.0926,10.2926,0.059,0.0049,9.8064,0.0252,0.0014,-0.072,-21.62,-35.75,3.75,271.62,-84.58,-179.89
52.437096,-1.537953,180.66,6.49,8,64.53,20 / 21,1467310,2019-09-06 19:44:33:053,-0.7652,0.412,9.7723,-0.0027,0.0106,9.8066,-0.0028,0.0393,-0.0434,-21.06,-35.56,4.56,271.41,-84.56,177.15
52.437096,-1.537953,180.66,6.49,8,64.53,21 / 22,1467410,2019-09-06 19:44:33:153,-0.2493,-0.2527,10.2166,-0.0072,0.0023,9.8066,-0.0148,0.0343,0.0356,-20.94,-35.62,5.38,270.73,-84.44,176.67
52.437096,-1.537953,180.66,6.49,8,64.53,21 / 22,1467509,2019-09-06 19:44:33:252,1.1006,-0.8497,10.2679,0.0165,0.0009,9.8065,0.0464,0.0422,-0.015,-21.75,-35.37,4.5,272.02,-84.21,178.27
52.437096,-1.537953,180.66,6.49,8,64.53,21 / 22,1467609,2019-09-06 19:44:33:352,0.4363,-0.7645,10.2667,-0.0192,0.0155,9.8065,-0.1645,0.0247,-0.0031,-20.87,-35.56,4.81,270.64,-84.4,176.66
52.437096,-1.537953,180.66,6.49,8,64.53,21 / 22,1467710,2019-09-06 19:44:33:453,-0.4424,0.0578,9.9658,-0.0001,0.0057,9.8066,-0.073,-0.0242,0.0188,-21.37,-35.62,4,267.59,-84.52,176.07
52.437096,-1.537953,180.66,6.49,8,64.53,21 / 22,1467809,2019-09-06 19:44:33:552,-1.8508,-2.0632,10.1885,0.0351,-0.0046,9.8066,0.2875,0.0419,-0.1024,-21.12,-34.75,4.88,270.31,-84.38,176.09
52.437096,-1.537953,180.66,6.49,8,64.53,21 / 22,1467910,2019-09-06 19:44:33:653,0.0238,0.2584,12.402,0.0244,0.0007,9.8066,0.2308,-0.2255,0.1111,-21.94,-35.44,4.56,268.1,-83.86,174.88
52.437096,-1.537953,180.66,6.49,8,64.53,21 / 22,1468010,2019-09-06 19:44:33:753,-0.0136,-0.2002,8.5066,0.0956,-0.0322,9.8061,0.3845,-0.1137,0.1802,-21.44,-33.87,4.88,270.88,-83.12,178.45
52.437096,-1.537953,180.66,6.49,8,64.53,21 / 22,1468110,2019-09-06 19:44:33:853,1.2169,-1.1726,7.3281,-0.0414,-0.0355,9.8065,0.1576,-0.0617,0.0296,-21.5,-35.37,5.75,277.38,-82.74,-176.82
52.437096,-1.537953,180.66,6.49,8,64.53,21 / 22,1468209,2019-09-06 19:44:33:952,1.5107,1.3928,9.2779,-0.0579,0.0101,9.8064,-0.1704,-0.0948,0.2107,-21.69,-34.56,5.94,277.66,-82.71,-176.32
52.437096,-1.537953,180.66,6.49,8,64.53,21 / 22,1468311,2019-09-06 19:44:34:054,-1.9272,-1.3863,8.287,-0.096,-0.0251,9.8061,-0.2567,0.0209,0.0091,-21.94,-35.19,4.44,277.12,-83.71,-173.29
52.437096,-1.537953,180.66,6.49,8,64.53,21 / 22,1468410,2019-09-06 19:44:34:153,-0.8798,-0.3002,9.1131,-0.0728,0.0235,9.8063,-0.3256,-0.0423,0.0219,-21.81,-35.25,3.19,281.97,-85.45,-168.72
52.437096,-1.537953,180.66,6.49,8,64.53,21 / 22,1468509,2019-09-06 19:44:34:252,-1.33,-0.0944,10.7312,-0.0075,0.0152,9.8066,-0.2887,0.0715,-0.1727,-21.19,-34.94,2.88,281.62,-86.38,-170.61
52.437096,-1.537953,180.66,6.49,8,64.53,21 / 22,1468610,2019-09-06 19:44:34:353,-0.9212,0.7726,11.1127,0.0711,0.0305,9.8063,0.4428,0.0083,-0.0167,-21.69,-35.25,2.81,274.95,-86.15,-176.74
52.437096,-1.537953,180.66,6.49,8,64.53,21 / 22,1468709,2019-09-06 19:44:34:452,1.1453,0.3406,10.6035,0.0197,0.0162,9.8065,0.4107,0.0437,-0.033,-20.87,-35,4.56,276.35,-85.34,-179.48
52.437096,-1.537953,180.66,6.49,8,64.53,21 / 22,1468810,2019-09-06 19:44:34:553,2.4018,-0.203,10.3657,0.0094,0.0056,9.8066,-0.0713,0.0314,-0.0642,-21.62,-35.5,5.38,273.27,-84.44,179.15
52.437096,-1.537953,180.66,6.49,8,64.53,21 / 22,1468909,2019-09-06 19:44:34:652,1.1911,0.3498,9.6907,0.0365,0.0078,9.8065,-0.0738,0.0395,0.0224,-21.12,-35.12,4.56,271.17,-83.97,177.65
52.437096,-1.537953,180.66,6.49,8,64.53,21 / 22,1469010,2019-09-06 19:44:34:753,-0.6161,-0.3184,9.9233,-0.0017,-0.0025,9.8066,-0.022,-0.0194,-0.0112,-20.44,-35.25,4.81,270.85,-84.08,176.96
52.437096,-1.537953,180.66,6.49,8,64.53,21 / 22,1469109,2019-09-06 19:44:34:852,-0.6089,-0.3417,9.7588,-0.0146,0.0028,9.8066,-0.0081,-0.0173,-0.0233,-21.31,-35.56,4.38,268.54,-84.44,177.17
52.437096,-1.537953,180.66,6.49,8,64.53,21 / 22,1469210,2019-09-06 19:44:34:953,1.0194,-0.1799,9.3587,-0.0023,0.0115,9.8065,0.0513,0.0353,-0.0226,-21.19,-35.06,4.69,270.5,-84.36,176.33
52.437096,-1.537953,180.66,6.49,8,64.53,21 / 22,1469310,2019-09-06 19:44:35:053,1.9955,0.3756,9.8745,0.0326,-0.0049,9.8065,0.0549,0.0002,-0.0173,-20.87,-36.06,4.81,269.49,-84.12,175.98
52.43744,-1.536825,172.95,7.53,6,64.23,21 / 22,1469409,2019-09-06 19:44:35:152,0.7214,-0.2397,9.9664,0.0233,0.0069,9.8066,-0.078,0.0088,0.0242,-21.37,-35.19,5.63,272.08,-84.06,175.75
52.43744,-1.536825,172.95,7.53,6,64.23,21 / 22,1469509,2019-09-06 19:44:35:252,0.8148,-0.5328,9.9612,-0.0363,-0.0037,9.8065,-0.0634,0.0032,0.011,-21.06,-35.44,5.25,268.91,-84.17,175.05
52.43744,-1.536825,172.95,7.53,6,64.23,21 / 22,1469610,2019-09-06 19:44:35:353,0.4449,0.2173,10.0688,0.001,-0.0025,9.8066,0.0656,-0.0607,0.05,-20.94,-35.19,4.38,267.66,-84.62,175.72
52.43744,-1.536825,172.95,7.53,6,64.23,21 / 22,1469710,2019-09-06 19:44:35:453,-0.2237,-0.6601,10.767,-0.0019,0.0015,9.8066,0.0682,-0.0469,-0.0428,-20.44,-35.44,4.81,271.06,-84.62,176.24
52.43744,-1.536825,172.95,7.53,6,64.23,21 / 22,1469810,2019-09-06 19:44:35:553,0.3703,-0.6678,10.6666,0.017,0.0115,9.8066,0.0738,-0.0269,-0.0805,-20.81,-35.06,4.13,266.55,-84.43,174.92
52.43744,-1.536825,172.95,7.53,6,64.23,21 / 22,1469909,2019-09-06 19:44:35:652,1.6481,-0.1479,9.5751,0.0134,0.023,9.8065,0.166,0.0284,-0.0468,-20.25,-35.56,5.56,267.35,-83.95,171.15
52.43744,-1.536825,172.95,7.53,6,64.23,21 / 22,1470010,2019-09-06 19:44:35:753,3.2981,-0.8105,9.4868,-0.0104,0.0322,9.8066,-0.1158,0.0032,-0.082,-20.94,-34.5,5.13,262.03,-83.64,168.59
52.43744,-1.536825,172.95,7.53,6,64.23,21 / 22,1470110,2019-09-06 19:44:35:853,2.1095,-0.8782,9.5368,0.0048,0.0216,9.8065,-0.2741,-0.0644,-0.1499,-21.06,-34.31,4.5,260.53,-83.64,167.06
52.43744,-1.536825,172.95,7.53,6,64.23,21 / 22,1470210,2019-09-06 19:44:35:953,0.3138,-0.3934,9.6695,-0.0226,0.0441,9.8064,0.163,-0.0258,0.0086,-19,-35.12,2.38,246.48,-83.94,160.61
52.43744,-1.536825,172.95,7.53,6,64.23,21 / 22,1470309,2019-09-06 19:44:36:052,0.6358,0.6366,9.5562,-0.0483,0.0061,9.8064,0.1361,0.0444,-0.055,-16.06,-34.37,4.06,248.49,-84.34,155.3
52.43744,-1.536825,172.95,7.53,6,64.23,21 / 22,1470409,2019-09-06 19:44:36:152,1.6856,-0.1335,10.0808,-0.0365,0,9.8065,-0.1743,-0.0551,0.0227,-18.25,-35.06,5.81,253.14,-84.4,154.58
52.43744,-1.536825,172.95,7.53,6,64.23,21 / 22,1470510,2019-09-06 19:44:36:253,1.1234,-0.7677,9.6493,0.023,-0.0189,9.8066,-0.0512,-0.0487,0.0836,-19.44,-35.81,5.13,252.73,-84.42,157.75
52.43744,-1.536825,172.95,7.53,6,64.23,21 / 22,1470610,2019-09-06 19:44:36:353,0.0279,0.7162,6.3169,0.0066,-0.0318,9.8065,-0.1878,-0.0021,0.168,-20.62,-36.12,4.44,252.94,-84.58,160.86
52.43744,-1.536825,172.95,7.53,6,64.23,21 / 22,1470711,2019-09-06 19:44:36:454,-3.1727,-0.7197,9.4913,-0.0657,-0.0515,9.8063,-0.575,0.0308,0.0897,-20.81,-35.31,4,258.53,-84.94,165.86
52.43744,-1.536825,172.95,7.53,6,64.23,21 / 22,1470810,2019-09-06 19:44:36:553,-2.2315,-2.0422,9.7312,0.0139,-0.0175,9.8066,0.4998,0.0307,-0.1727,-21.37,-35.44,3.56,264.74,-85.46,171.38
52.43744,-1.536825,172.95,7.53,6,64.23,21 / 22,1470910,2019-09-06 19:44:36:653,1.5162,-0.9939,12.8362,-0.1134,0.0267,9.8059,0.5187,-0.0952,0.0652,-21.06,-35.25,4.31,260.49,-86.04,166.09
52.43744,-1.536825,172.95,7.53,6,64.23,21 / 22,1471010,2019-09-06 19:44:36:753,1.521,-1.0627,12.4257,-0.0404,-0.0091,9.8065,0.3268,-0.039,-0.0499,-20.87,-35.62,4.88,264.4,-85.22,168.96
52.43744,-1.536825,172.95,7.53,6,64.23,21 / 22,1471110,2019-09-06 19:44:36:853,2.0007,0.706,12.8276,0.1112,0.0165,9.806,0.4514,-0.0329,-0.0517,-20.62,-35.5,6.63,268.53,-83.32,170.75
52.43744,-1.536825,172.95,7.53,6,64.23,21 / 22,1471210,2019-09-06 19:44:36:953,3.4551,-1.6321,9.3491,0.0391,0.0337,9.8064,0.3363,-0.0985,0.1581,-20.62,-36.06,6.63,265.84,-82.63,169.49
52.43744,-1.536825,172.95,7.53,6,64.23,21 / 22,1471309,2019-09-06 19:44:37:052,0.9832,0.8894,7.7014,-0.0002,-0.026,9.8066,-0.3787,0.0966,-0.077,-20.62,-35.69,6.75,267.07,-82.36,171.19
52.43744,-1.536825,172.95,7.53,6,64.23,21 / 22,1471410,2019-09-06 19:44:37:153,2.6778,-2.3133,5.6965,-0.0921,-0.0213,9.8061,-0.0466,-0.0889,0.1358,-21.31,-36.19,5.31,265.36,-83.44,172.95
52.43744,-1.536825,172.95,7.53,6,64.23,21 / 22,1471510,2019-09-06 19:44:37:253,0.9832,1.5216,9.3037,-0.1703,0.0018,9.8051,-0.1158,0.088,-0.1814,-21.69,-35.56,4.56,274.19,-85.98,177.83
52.43744,-1.536825,172.95,7.53,6,64.23,21 / 22,1471609,2019-09-06 19:44:37:352,0.2605,1.079,11.1561,-0.1179,0.0157,9.8059,-0.0157,-0.1147,0.0216,-21.12,-35.31,3.63,269.26,-86.94,173.49
52.43744,-1.536825,172.95,7.53,6,64.23,21 / 22,1471709,2019-09-06 19:44:37:452,0.3825,-2.2819,12.5187,0.0796,0.0401,9.8062,0.4742,0.0191,-0.0822,-21.31,-35.56,3.94,268.91,-87.11,173
52.43744,-1.536825,172.95,7.53,6,64.23,21 / 22,1471810,2019-09-06 19:44:37:553,2.7339,-0.5407,11.5162,0.0783,0.009,9.8063,0.1665,0.056,-0.0342,-21.12,-35.5,4.94,262.42,-85.58,166.14
52.43744,-1.536825,172.95,7.53,6,64.23,21 / 22,1471910,2019-09-06 19:44:37:653,2.5565,-1.8211,10.4197,0.1141,-0.0426,9.8058,-0.0182,0.0162,-0.0144,-21.06,-35.62,5.75,268.68,-83.72,173.18
52.43744,-1.536825,172.95,7.53,6,64.23,21 / 22,1472009,2019-09-06 19:44:37:752,1.5139,-1.1924,8.6027,0.0764,0.0405,9.8062,0.1539,0.1771,-0.1175,-20.87,-35.06,4.69,263.52,-83.47,170.71
52.43744,-1.536825,172.95,7.53,6,64.23,21 / 22,1472109,2019-09-06 19:44:37:852,1.4875,-2.8674,7.9003,-0.0952,0.0133,9.8061,0.0461,-0.1526,0.0329,-21.19,-36,5.19,261.35,-84.58,166.92
52.43744,-1.536825,172.95,7.53,6,64.23,21 / 22,1472210,2019-09-06 19:44:37:953,3.608,0.2044,9.4548,0.0255,0.0387,9.8065,0.0859,-0.085,-0.0636,-20.81,-35.37,4.63,261.05,-84.68,166.19
52.43744,-1.536825,172.95,7.53,6,64.23,21 / 22,1472310,2019-09-06 19:44:38:053,0.4942,-1.6557,8.4297,-0.0123,0.0089,9.8066,0.0216,0.0817,-0.1079,-20.62,-35.81,4.69,261.34,-84.47,167.09
52.43744,-1.536825,172.95,7.53,6,64.23,22 / 23,1472409,2019-09-06 19:44:38:152,0.5474,4.1077,10.8082,0.0296,0.0194,9.8065,0.3627,-0.2261,0.153,-20.19,-35.69,5.94,261.25,-84.1,164.64
52.43744,-1.536825,172.95,7.53,6,64.23,22 / 23,1472510,2019-09-06 19:44:38:253,0.1418,0.5993,9.8388,-0.0806,-0.0065,9.8063,0.2113,-0.1245,-0.2532,-20.5,-35.94,5.44,260.43,-84.11,166.58
52.43744,-1.536825,172.95,7.53,6,64.23,22 / 23,1472610,2019-09-06 19:44:38:353,1.2297,-1.0601,10.6119,-0.0758,-0.0041,9.8063,-0.1146,0.0096,-0.0095,-20.94,-35.44,5.56,263.58,-84.19,166.93
52.43744,-1.536825,172.95,7.53,6,64.23,22 / 23,1472710,2019-09-06 19:44:38:453,1.2488,-0.415,8.7724,0.01,0.0129,9.8066,-0.1156,-0.013,0.1146,-20.87,-35.44,5.44,260.62,-84.37,166.26
52.43744,-1.536825,172.95,7.53,6,64.23,22 / 23,1472810,2019-09-06 19:44:38:553,0.6565,-0.6717,9.4932,0.0105,-0.0175,9.8065,-0.0987,-0.0183,-0.0512,-21.06,-35.81,4.81,261.4,-84.62,166.91
52.43744,-1.536825,172.95,7.53,6,64.23,22 / 23,1472910,2019-09-06 19:44:38:653,1.2687,-0.8697,9.2651,-0.0103,0.0062,9.8066,-0.0442,-0.0016,-0.0334,-21,-35.81,5.06,262.02,-84.82,167.2
52.43744,-1.536825,172.95,7.53,6,64.23,22 / 23,1473010,2019-09-06 19:44:38:753,0.3282,-0.6261,10.0061,0.0298,-0.0037,9.8065,0.0451,0.0501,0.0234,-20.75,-35.94,4.63,261.24,-84.72,166.56
52.43744,-1.536825,172.95,7.53,6,64.23,22 / 23,1473109,2019-09-06 19:44:38:852,-0.1413,0.2994,10.013,0.008,0.0001,9.8066,-0.0499,-0.057,-0.0197,-20.81,-35.81,5.25,260.73,-84.53,166.37
52.43744,-1.536825,172.95,7.53,6,64.23,22 / 23,1473210,2019-09-06 19:44:38:953,-0.3096,0.8278,9.6102,0.0131,0.0037,9.8066,0.1319,-0.0572,0.0593,-21.25,-36.5,5,261.08,-84.3,167.11
52.43744,-1.536825,172.95,7.53,6,64.23,22 / 23,1473310,2019-09-06 19:44:39:053,2.1491,0.8787,9.9722,-0.0286,-0.0079,9.8065,0.0391,0.0957,-0.0698,-20.81,-35.75,5.44,260.89,-84.41,166.72
52.43744,-1.536825,172.95,7.53,6,64.23,19 / 22,1473409,2019-09-06 19:44:39:152,0.7905,0.5832,9.367,-0.05,0.009,9.8064,-0.1824,-0.0441,0.0786,-20.56,-35.69,5,259.91,-84.67,165.28
52.43744,-1.536825,172.95,7.53,6,64.23,19 / 22,1473510,2019-09-06 19:44:39:253,0.5402,-1.1238,9.4336,0.01,-0.008,9.8066,-0.0572,0.0524,-0.011,-20.62,-35.81,4.81,261.2,-84.93,166.17
52.43744,-1.536825,172.95,7.53,6,64.23,19 / 22,1473610,2019-09-06 19:44:39:353,-1.4527,0.5696,9.8182,0.0153,0.0015,9.8065,-0.0246,0.0247,-0.0402,-20.5,-35.25,4.88,261.79,-84.98,166.2
52.43744,-1.536825,172.95,7.53,6,64.23,19 / 22,1473709,2019-09-06 19:44:39:452,0.9186,-0.5844,9.1826,0.0048,0.0096,9.8066,0.0028,0.0259,0.0335,-20.75,-35.56,4.63,260.83,-84.87,165.9
52.43744,-1.536825,172.95,7.53,6,64.23,19 / 22,1473809,2019-09-06 19:44:39:552,-0.9716,-0.5588,10.325,0.0556,-0.011,9.8064,0.0914,-0.0039,-0.0082,-21,-35.37,4.94,261.28,-84.6,166.56
52.43744,-1.536825,172.95,7.53,6,64.23,19 / 22,1473910,2019-09-06 19:44:39:653,1.3707,0.0623,9.8929,-0.0289,0.0018,9.8066,0.1019,0.0265,0.0671,-20.37,-35.56,4.88,263.37,-84.66,168.64
52.43744,-1.536825,172.95,7.53,6,64.23,19 / 22,1474009,2019-09-06 19:44:39:752,1.7118,-1.6176,9.4216,-0.0223,-0.007,9.8066,-0.151,0.1268,-0.1146,-21.06,-35.87,3.69,260.48,-84.76,168.42
52.43744,-1.536825,172.95,7.53,6,64.23,19 / 22,1474109,2019-09-06 19:44:39:852,1.0547,-0.1473,10.0613,0.0009,0.0129,9.8066,-0.0488,-0.0537,0.0925,-21.19,-35.44,4.44,260.46,-84.94,167.86
52.43744,-1.536825,172.95,7.53,6,64.23,19 / 22,1474210,2019-09-06 19:44:39:953,-1.1751,0.4071,9.5797,0.0262,0.003,9.8065,0.0654,0.0518,-0.0438,-21.06,-35.25,4.06,259.29,-84.94,166.65
52.43744,-1.536825,172.95,7.53,6,64.23,19 / 22,1474310,2019-09-06 19:44:40:053,0.3048,-0.6068,10.3199,0.0013,0.0002,9.8066,0.0977,-0.0353,0.0218,-20.69,-35.94,4.31,258.13,-84.76,165.99
52.43744,-1.536825,172.95,7.53,6,64.23,21 / 22,1474409,2019-09-06 19:44:40:152,-0.6129,0.3084,9.5525,-0.0263,0.0042,9.8066,0.1237,-0.069,-0.0098,-20.62,-36.12,4.75,260.86,-84.63,166.33
52.43744,-1.536825,172.95,7.53,6,64.23,21 / 22,1474510,2019-09-06 19:44:40:253,1.3834,0.4068,10.5664,0.0111,0.0028,9.8066,0.0261,-0.0075,-0.0693,-20.37,-35.81,4.31,256.41,-84.45,164.63
52.43744,-1.536825,172.95,7.53,6,64.23,21 / 22,1474610,2019-09-06 19:44:40:353,-1.5614,0.7048,9.4898,-0.0248,-0.0019,9.8065,-0.1148,-0.0909,0.0934,-20.69,-36.06,4.56,259.21,-84.73,164.47
52.43744,-1.536825,172.95,7.53,6,64.23,21 / 22,1474709,2019-09-06 19:44:40:452,1.0282,-0.0555,8.7859,-0.0173,0.0062,9.8066,-0.063,0.0557,-0.059,-21,-35.56,4.69,259.81,-84.86,164.87
52.43744,-1.536825,172.95,7.53,6,64.23,21 / 22,1474810,2019-09-06 19:44:40:553,-0.0365,0.2064,9.5596,-0.023,0.0008,9.8066,-0.0129,-0.0219,0.0303,-20.69,-36.44,3.56,255.81,-85.01,163.18
52.43744,-1.536825,172.95,7.53,6,64.23,21 / 22,1474909,2019-09-06 19:44:40:652,-0.0463,-0.1763,10.54,-0.0038,-0.0003,9.8066,-0.0155,0.0338,-0.0283,-20.31,-36.37,4.25,256.15,-85.15,163.16
52.43744,-1.536825,172.95,7.53,6,64.23,21 / 22,1475010,2019-09-06 19:44:40:753,-0.4715,0.3636,10.2038,0.015,0.0075,9.8066,0.1676,0.0022,0.0613,-20.44,-35.81,4.06,255.24,-84.97,162.52
52.43744,-1.536825,172.95,7.53,6,64.23,21 / 22,1475110,2019-09-06 19:44:40:853,0.7089,0.5079,10.3097,0.0109,-0.0112,9.8066,0.0952,-0.0595,-0.0526,-20.19,-36.25,4.81,258.96,-84.66,164.09
52.43744,-1.536825,172.95,7.53,6,64.23,21 / 22,1475210,2019-09-06 19:44:40:953,-0.1874,-0.5615,9.7681,-0.0213,0.013,9.8066,0.0478,0.054,-0.0349,-20.62,-35.62,5.19,258.65,-84.62,164.06
52.43744,-1.536825,172.95,7.53,6,64.23,21 / 22,1475310,2019-09-06 19:44:41:053,0.414,-0.1781,9.1878,0.0143,-0.0058,9.8066,-0.0458,0.0261,-0.0731,-20.19,-36,4.69,257.08,-84.63,162.2
52.43744,-1.536825,172.95,7.53,6,64.23,20 / 22,1475411,2019-09-06 19:44:41:154,0.62,0.7382,9.8176,0.016,0.0107,9.8066,0.0035,-0.0463,0.0218,-20.19,-36.06,4.56,257.09,-84.61,162.24
52.43744,-1.536825,172.95,7.53,6,64.23,20 / 22,1475509,2019-09-06 19:44:41:252,-0.5074,0.031,9.6918,-0.0209,-0.0014,9.8066,0.0365,0.0586,-0.0198,-20.56,-36.06,4.25,253.55,-84.79,161.16
52.43744,-1.536825,172.95,7.53,6,64.23,20 / 22,1475610,2019-09-06 19:44:41:353,0.2583,-0.9239,9.9144,0.0116,0.0007,9.8066,-0.0826,0.0486,-0.0531,-20.44,-35.94,4.56,255.74,-84.77,160.56
52.43744,-1.536825,172.95,7.53,6,64.23,20 / 22,1475709,2019-09-06 19:44:41:452,-0.511,-0.1296,10.4597,0.0164,-0.0016,9.8065,-0.026,0.0126,-0.0003,-20.37,-35.62,4,252.64,-84.86,159.99
52.43744,-1.536825,172.95,7.53,6,64.23,20 / 22,1475809,2019-09-06 19:44:41:552,-0.593,-0.3338,10.1123,0,0.0059,9.8066,0.0812,0.0061,-0.0225,-20.44,-35.69,4.75,254.61,-84.76,159.38
52.43744,-1.536825,172.95,7.53,6,64.23,20 / 22,1475909,2019-09-06 19:44:41:652,-0.022,-0.5603,9.8741,0.0135,0.0035,9.8065,0.0162,-0.0354,-0.04,-20.37,-36.12,4.5,254.49,-84.56,159.61
52.43744,-1.536825,172.95,7.53,6,64.23,20 / 22,1476009,2019-09-06 19:44:41:752,-1.178,0.0777,9.9493,0.0128,0.0095,9.8066,0.0657,-0.032,0.0386,-20.44,-35.69,4,251.06,-84.46,158.98
52.43744,-1.536825,172.95,7.53,6,64.23,20 / 22,1476110,2019-09-06 19:44:41:853,-0.962,-0.2564,9.7684,-0.0259,-0.0141,9.8065,0.0323,0.0141,-0.0151,-20.56,-36.31,4.31,252.43,-84.49,160.48
52.43744,-1.536825,172.95,7.53,6,64.23,20 / 22,1476210,2019-09-06 19:44:41:953,0.356,-0.3067,10.2801,-0.0369,-0.0096,9.8065,-0.1115,0.0102,0.0314,-20.87,-35.75,4.56,255.96,-84.54,161.4
52.43744,-1.536825,172.95,7.53,6,64.23,20 / 22,1476310,2019-09-06 19:44:42:053,0.2846,0.3594,10.0293,0.0216,-0.0114,9.8065,-0.0918,-0.0409,0.0914,-21.19,-35.69,4.06,254.7,-84.56,162.74
52.43744,-1.536825,172.95,7.53,6,64.23,19 / 20,1476409,2019-09-06 19:44:42:152,-1.0159,-0.7708,9.6088,0.0254,-0.0204,9.8066,0.0543,-0.0675,0.0204,-21.06,-36.44,4.13,257.95,-84.56,166.14
52.43744,-1.536825,172.95,7.53,6,64.23,19 / 20,1476510,2019-09-06 19:44:42:253,-0.6011,-0.443,9.8119,-0.0106,-0.011,9.8066,-0.0669,0.0162,-0.0409,-20.75,-35.31,4.56,263.14,-84.71,168.29
52.43744,-1.536825,172.95,7.53,6,64.23,19 / 20,1476609,2019-09-06 19:44:42:352,-0.7562,-1.0813,9.5081,-0.0048,0.0126,9.8066,0.0518,-0.0147,-0.0052,-21.19,-36,3.88,259.31,-84.74,167.23
52.43744,-1.536825,172.95,7.53,6,64.23,19 / 20,1476710,2019-09-06 19:44:42:453,-0.594,-0.5212,10.2603,-0.0035,0.0074,9.8066,0.0223,-0.0008,0.0065,-20.69,-36.06,4.38,258.29,-84.74,166.19
52.43744,-1.536825,172.95,7.53,6,64.23,19 / 20,1476809,2019-09-06 19:44:42:552,0.6943,-0.8621,10.1634,-0.0106,0.0077,9.8066,-0.0315,0.0269,-0.0297,-21.19,-35.56,4,257.19,-84.74,165.06
52.43744,-1.536825,172.95,7.53,6,64.23,19 / 20,1476909,2019-09-06 19:44:42:652,-0.2201,-0.4141,9.4895,0.0203,0.0068,9.8066,-0.0322,-0.0039,0.0318,-20.62,-36.25,3.31,253.71,-84.71,164.18
52.43744,-1.536825,172.95,7.53,6,64.23,19 / 20,1477010,2019-09-06 19:44:42:753,-0.2497,-0.2952,9.3582,-0.0325,-0.0032,9.8066,0.0741,-0.0669,0.0424,-20.25,-34.87,4.31,256.59,-84.63,164.24
52.43744,-1.536825,172.95,7.53,6,64.23,19 / 20,1477110,2019-09-06 19:44:42:853,-0.9396,-0.5172,9.772,-0.0488,0.0009,9.8065,0.0517,-0.0003,-0.016,-20.37,-35.62,3.69,256.74,-84.97,164.07
52.43744,-1.536825,172.95,7.53,6,64.23,19 / 20,1477210,2019-09-06 19:44:42:953,-1.405,-1.0411,10.2761,-0.0375,0.004,9.8066,-0.0002,-0.0143,-0.0932,-20.31,-35.69,4.31,256.22,-84.99,163.49
52.43744,-1.536825,172.95,7.53,6,64.23,19 / 20,1477309,2019-09-06 19:44:43:052,0.0103,0.5542,10.2786,0.0396,0.0071,9.8065,0.0115,-0.0494,0.0439,-21,-35.62,3.81,256.16,-84.84,163.81
52.43744,-1.536825,172.95,7.53,6,64.23,19 / 21,1477410,2019-09-06 19:44:43:153,-0.4704,-1.4794,9.615,0.044,-0.0081,9.8065,-0.0408,0.0507,0.0045,-20.87,-35.94,4.44,257.01,-84.5,165.26
52.43744,-1.536825,172.95,7.53,6,64.23,19 / 21,1477509,2019-09-06 19:44:43:252,-1.7775,0.2616,9.8862,-0.0212,0.0102,9.8066,-0.0638,0.0165,0.0188,-20.62,-35.69,4.44,255.5,-84.51,163.66
52.43744,-1.536825,172.95,7.53,6,64.23,19 / 21,1477609,2019-09-06 19:44:43:352,-0.4602,0.0852,9.6652,-0.0013,0.006,9.8066,0.034,-0.0408,0.0255,-21.12,-36.19,4.25,255.2,-84.4,163.52
52.43744,-1.536825,172.95,7.53,6,64.23,19 / 21,1477710,2019-09-06 19:44:43:453,-0.5225,0.0483,9.7711,0.0019,-0.0104,9.8065,-0.0246,0.0035,-0.0246,-20.62,-35.94,3.94,255.06,-84.55,163.14
52.43744,-1.536825,172.95,7.53,6,64.23,19 / 21,1477810,2019-09-06 19:44:43:553,-1.0546,-0.6397,9.8454,-0.0043,-0.0028,9.8066,-0.0223,0.0488,-0.0441,-21.12,-36.06,3.69,255.23,-84.65,163.15
52.43744,-1.536825,172.95,7.53,6,64.23,19 / 21,1477910,2019-09-06 19:44:43:653,-1.2923,0.9325,9.2979,-0.0201,-0.0037,9.8066,0.0424,-0.0141,0.1174,-21.25,-35.94,4.25,254.81,-84.77,162.52
52.43744,-1.536825,172.95,7.53,6,64.23,19 / 21,1478009,2019-09-06 19:44:43:752,-0.4359,-0.2339,10.0508,-0.0158,-0.0257,9.8065,-0.0394,0.0036,0.0041,-21.37,-35.31,4.06,258.45,-84.9,165.85
52.43744,-1.536825,172.95,7.53,6,64.23,19 / 21,1478110,2019-09-06 19:44:43:853,-0.3133,-0.4934,9.7683,0.0135,-0.0101,9.8066,-0.012,0.0039,-0.0025,-21.44,-36.25,4.19,261.43,-84.87,169.21
52.43744,-1.536825,172.95,7.53,6,64.23,19 / 21,1478210,2019-09-06 19:44:43:953,0.2626,0.2869,10.1182,0.0263,-0.0177,9.8065,0.0101,0.0218,0.0431,-21.62,-35.31,4.13,262.91,-84.78,170.74
52.43744,-1.536825,172.95,7.53,6,64.23,20 / 21,1478309,2019-09-06 19:44:44:052,-1.3627,-0.2739,10.5358,0.002,-0.0064,9.8066,0.0395,0.0904,0.0196,-21.37,-35.62,4.31,263.69,-84.7,171.81
52.43784,-1.535537,174.91,10.24,6,62.59,20 / 21,1478409,2019-09-06 19:44:44:152,-0.925,-0.9097,9.8298,-0.0144,0.0035,9.8066,0.1146,-0.0182,-0.0113,-20.75,-35.5,4.81,266.21,-84.55,171.68
52.43784,-1.535537,174.91,10.24,6,62.59,20 / 21,1478510,2019-09-06 19:44:44:253,0.2727,-0.4651,9.2875,-0.0364,-0.0001,9.8066,-0.1605,0.025,0.0416,-21.37,-36,3.69,262.8,-84.73,170.85
52.43784,-1.535537,174.91,10.24,6,62.59,20 / 21,1478609,2019-09-06 19:44:44:352,-1.2447,0.096,10.2618,0.02,-0.0008,9.8065,-0.1121,0.0353,-0.0524,-20.87,-35.69,4.06,262.62,-84.76,170.61
52.43784,-1.535537,174.91,10.24,6,62.59,20 / 21,1478710,2019-09-06 19:44:44:453,-1.9382,-0.0012,9.641,0.0129,0.0084,9.8066,0.0209,0.0328,-0.0192,-21.44,-35.44,3.69,261.76,-84.88,169.29
52.43784,-1.535537,174.91,10.24,6,62.59,20 / 21,1478810,2019-09-06 19:44:44:553,0.2419,-0.2124,9.3896,-0.0088,0.0025,9.8066,0.042,0.0188,0.0481,-21.06,-36.06,3.44,257.49,-84.95,167.73
52.43784,-1.535537,174.91,10.24,6,62.59,20 / 21,1478909,2019-09-06 19:44:44:652,-0.1219,-0.98,10.63,-0.0035,-0.0001,9.8066,-0.046,0.0471,-0.0443,-21.56,-35.75,3.44,258.35,-84.9,168.69
52.43784,-1.535537,174.91,10.24,6,62.59,20 / 21,1479010,2019-09-06 19:44:44:753,-0.3262,-0.2069,10.1,0.0116,0.0107,9.8066,-0.0201,0.0224,-0.0387,-20.87,-35.37,4.25,260.65,-84.93,168.07
52.43784,-1.535537,174.91,10.24,6,62.59,20 / 21,1479110,2019-09-06 19:44:44:853,-0.2442,0.4336,9.9492,0.0076,0.0062,9.8066,0.0291,-0.0329,0.0306,-20.87,-35.75,3.75,258.54,-84.81,166.33
52.43784,-1.535537,174.91,10.24,6,62.59,20 / 21,1479210,2019-09-06 19:44:44:953,-0.6682,-0.5417,9.6739,0.013,0.0033,9.8066,-0.0676,-0.0104,-0.0229,-20.94,-36.12,3.44,256.22,-84.65,166.91
52.43784,-1.535537,174.91,10.24,6,62.59,20 / 21,1479310,2019-09-06 19:44:45:053,-1.4681,0.3701,9.8407,0.0134,0.0103,9.8066,0.0714,-0.0401,0.0446,-21.12,-35.56,3.5,258.05,-84.7,166.02
52.43784,-1.535537,174.91,10.24,6,62.59,21 / 22,1479409,2019-09-06 19:44:45:152,-0.1516,-0.1407,9.5444,-0.0203,-0.0021,9.8066,-0.0611,0.0052,-0.0272,-20.87,-36.06,4.06,258.12,-84.85,165.84
52.43784,-1.535537,174.91,10.24,6,62.59,21 / 22,1479510,2019-09-06 19:44:45:253,-0.2403,-1.0745,9.4432,0.0051,0.0064,9.8066,-0.065,-0.0048,0.045,-20.87,-35.31,3.44,255.35,-84.87,165.41
52.43784,-1.535537,174.91,10.24,6,62.59,21 / 22,1479610,2019-09-06 19:44:45:353,-0.2357,0.017,10.1225,-0.0079,-0.007,9.8066,0.0062,0.027,-0.0226,-20.75,-36.12,3.31,255.19,-84.99,165.28
52.43784,-1.535537,174.91,10.24,6,62.59,21 / 22,1479709,2019-09-06 19:44:45:452,-1.1517,-0.0753,10.9437,-0.0009,0.0035,9.8066,0.1257,-0.0311,0.0872,-21.44,-35.81,3.56,258.21,-85.04,165.61
52.43784,-1.535537,174.91,10.24,6,62.59,21 / 22,1479810,2019-09-06 19:44:45:553,-1.8214,1.0532,10.8447,0.0346,-0.0177,9.8065,-0.0993,0.0569,-0.0155,-20.69,-35.81,3.63,260.88,-84.43,169.38
52.43784,-1.535537,174.91,10.24,6,62.59,21 / 22,1479910,2019-09-06 19:44:45:653,-0.3655,-0.7631,8.0108,0.0254,-0.0236,9.8065,0.2962,0.0282,0.0299,-21.19,-35.25,4.25,263.17,-83.83,172.47
52.43784,-1.535537,174.91,10.24,6,62.59,21 / 22,1480010,2019-09-06 19:44:45:753,1.0355,-1.1094,8.0547,-0.0398,-0.0114,9.8065,0.1421,0.0016,0.0099,-21.06,-35.62,4.63,267.87,-83.58,175.28
52.43784,-1.535537,174.91,10.24,6,62.59,21 / 22,1480109,2019-09-06 19:44:45:852,1.7795,-1.8379,7.4525,-0.1301,-0.0115,9.8057,-0.3385,-0.0602,0.0315,-21.5,-35.44,3.88,266.86,-84.35,175.37
52.43784,-1.535537,174.91,10.24,6,62.59,21 / 22,1480212,2019-09-06 19:44:45:955,-0.994,-1.1081,9.3306,-0.0742,0.0086,9.8063,-0.2972,0.0178,-0.054,-21.31,-35.37,2.94,267.34,-85.74,176.25
52.43784,-1.535537,174.91,10.24,6,62.59,21 / 22,1480309,2019-09-06 19:44:46:052,-0.885,-0.6429,11.2987,-0.0375,0.0247,9.8065,-0.0159,0.0074,-0.0609,-21.06,-35.5,1.69,259.27,-87.06,168.62
52.43784,-1.535537,174.91,10.24,6,62.59,19 / 20,1480410,2019-09-06 19:44:46:153,-2.5015,0.0802,11.0781,0.041,0.0239,9.8065,0.0101,0.0286,-0.1181,-21.19,-35.5,2.56,253.35,-86.87,160.15
52.43784,-1.535537,174.91,10.24,6,62.59,19 / 20,1480509,2019-09-06 19:44:46:252,0.5875,0.1629,9.907,0.0909,0.0204,9.8062,0.3533,-0.0091,0.0194,-20.5,-35.94,3.81,254.34,-85.64,160.43
52.43784,-1.535537,174.91,10.24,6,62.59,19 / 20,1480609,2019-09-06 19:44:46:352,0.8248,-0.0566,9.6911,0.0653,-0.009,9.8064,0.1325,-0.0216,0.0468,-20.62,-34.62,5.5,260.37,-84.07,163.81
52.43784,-1.535537,174.91,10.24,6,62.59,19 / 20,1480710,2019-09-06 19:44:46:453,0.587,-0.3213,9.9021,-0.0219,-0.0201,9.8065,-0.167,0.0042,0.0019,-21.87,-34.94,4.63,259.73,-83.93,166.21
52.43784,-1.535537,174.91,10.24,6,62.59,19 / 20,1480809,2019-09-06 19:44:46:552,-0.2554,-1.2767,9.4802,-0.0547,-0.0067,9.8064,-0.0807,-0.0379,0.1093,-22.06,-34,3.38,255.69,-84.38,166.25
52.43784,-1.535537,174.91,10.24,6,62.59,19 / 20,1480909,2019-09-06 19:44:46:652,-0.3308,-0.2917,10.049,-0.0238,-0.019,9.8066,0.0089,-0.0393,0.0131,-21.56,-34.87,2.81,257.46,-85.1,167.23
52.43784,-1.535537,174.91,10.24,6,62.59,19 / 20,1481010,2019-09-06 19:44:46:753,0.3119,-0.0492,10.2726,0.0229,-0.011,9.8065,0.0997,0.002,0.0041,-21.94,-34.37,3.13,259.58,-85,169.35
52.43784,-1.535537,174.91,10.24,6,62.59,19 / 20,1481110,2019-09-06 19:44:46:853,1.6025,-1.2934,9.3739,0.0356,-0.0137,9.8065,0.013,0.0432,0.0541,-20.87,-34.56,4.38,263.62,-84.59,171.67
52.43784,-1.535537,174.91,10.24,6,62.59,19 / 20,1481209,2019-09-06 19:44:46:952,1.5175,0.1992,9.3311,0.0351,0.0026,9.8066,-0.0604,0.0511,-0.0148,-21.5,-34.81,4.44,263.64,-83.99,172.68
52.43784,-1.535537,174.91,10.24,6,62.59,19 / 20,1481309,2019-09-06 19:44:47:052,0.7618,-0.9112,9.7648,0.0165,0.0065,9.8066,0.0381,0.0212,-0.0554,-21,-35.06,4.63,265.82,-84,172.19
52.43784,-1.535537,174.91,10.24,6,62.59,19 / 21,1481410,2019-09-06 19:44:47:153,0.0555,-0.1945,9.7999,-0.0577,0.0094,9.8065,0.0512,0.0298,0.0182,-21.37,-34.56,4.31,262.81,-84.29,171.34
52.43784,-1.535537,174.91,10.24,6,62.59,19 / 21,1481510,2019-09-06 19:44:47:253,2.4323,-0.9854,9.9178,-0.0371,0.0059,9.8065,-0.0443,0.0025,-0.0574,-21.56,-35.25,4,261.31,-84.71,169.2
52.43784,-1.535537,174.91,10.24,6,62.59,19 / 21,1481609,2019-09-06 19:44:47:352,3.0135,0.104,9.5474,0.0184,0.0086,9.8066,0.026,0.0241,-0.0998,-21.19,-35.25,4.06,259.34,-84.59,167.28
52.43784,-1.535537,174.91,10.24,6,62.59,19 / 21,1481709,2019-09-06 19:44:47:452,0.5483,-0.9945,9.5913,0.0158,0.0052,9.8066,-0.0586,0.0024,0.0418,-21,-35.31,4.69,260.96,-84.54,166.33
52.43784,-1.535537,174.91,10.24,6,62.59,19 / 21,1481810,2019-09-06 19:44:47:553,1.947,0.3795,9.5647,0.0001,-0.0091,9.8066,-0.1035,0.0341,-0.0288,-21.31,-35.12,3.63,258.74,-84.56,166.69
52.43784,-1.535537,174.91,10.24,6,62.59,19 / 21,1481909,2019-09-06 19:44:47:652,0.8217,-0.2434,10.0007,-0.0099,-0.0036,9.8066,0.0077,-0.007,-0.0159,-21.37,-36.06,4.06,258.73,-84.7,166.71
52.43784,-1.535537,174.91,10.24,6,62.59,19 / 21,1482010,2019-09-06 19:44:47:753,1.0974,0.4306,9.4002,-0.0281,-0.006,9.8065,0.0795,0.0303,-0.0331,-20.81,-35.81,3.38,255.53,-84.92,165.74
52.43784,-1.535537,174.91,10.24,6,62.59,19 / 21,1482109,2019-09-06 19:44:47:852,0.507,-0.0265,9.9467,-0.0096,-0.0087,9.8066,-0.0796,-0.0194,0.0731,-20.75,-35.12,4.25,259.6,-85.16,166.61
52.43784,-1.535537,174.91,10.24,6,62.59,19 / 21,1482210,2019-09-06 19:44:47:953,1.5096,-0.0957,9.1196,0.0238,-0.0073,9.8065,-0.1675,0.0331,-0.0012,-21.81,-35.12,3.31,258.42,-85.08,168.25
52.43784,-1.535537,174.91,10.24,6,62.59,19 / 21,1482310,2019-09-06 19:44:48:053,-0.1864,-0.5774,10.353,0.0239,-0.0087,9.8066,0.1116,0.0246,0.0093,-21.12,-35.81,3.69,261.72,-85.1,169.11
52.43784,-1.535537,174.91,10.24,6,62.59,20 / 21,1482409,2019-09-06 19:44:48:152,0.3265,-0.0865,9.8857,-0.0044,0.0028,9.8066,0.0589,-0.0016,-0.0187,-21.12,-35.94,4.25,261.97,-85.07,169.42
52.43784,-1.535537,174.91,10.24,6,62.59,20 / 21,1482509,2019-09-06 19:44:48:252,0.0042,0.272,9.5437,-0.0059,-0.0072,9.8066,0.033,0.032,0.0344,-21.25,-35.81,3.63,262.74,-85.03,170.28
52.43784,-1.535537,174.91,10.24,6,62.59,20 / 21,1482610,2019-09-06 19:44:48:353,0.3064,-1.6989,10.356,0.0052,0.0032,9.8065,-0.0471,-0.0311,0.0635,-21.5,-36,4.19,262.29,-84.95,169.96
52.43784,-1.535537,174.91,10.24,6,62.59,20 / 21,1482709,2019-09-06 19:44:48:452,-0.3971,0.2157,9.8998,0.0178,0.0075,9.8066,0.14,0.0124,0.0033,-21.69,-35.75,3.38,258.94,-84.88,169.32
52.43784,-1.535537,174.91,10.24,6,62.59,20 / 21,1482810,2019-09-06 19:44:48:553,0.0178,0.9032,9.529,-0.0058,-0.0145,9.8066,0.1469,0.0125,0.0648,-21.69,-35.37,3.94,261.01,-84.82,168.73
52.43784,-1.535537,174.91,10.24,6,62.59,20 / 21,1482909,2019-09-06 19:44:48:652,0.6266,-1.1632,9.9944,-0.0106,-0.0073,9.8066,0.0432,-0.0015,-0.0135,-21.69,-36.25,3.94,262.59,-84.67,170.82
52.43784,-1.535537,174.91,10.24,6,62.59,20 / 21,1483010,2019-09-06 19:44:48:753,1.005,-0.1175,10.0359,-0.003,-0.0037,9.8066,0.0595,0.0113,-0.0664,-21.25,-35.25,3.88,262.84,-84.8,170.53
52.43784,-1.535537,174.91,10.24,6,62.59,20 / 21,1483110,2019-09-06 19:44:48:853,-0.2671,-0.5115,10.306,-0.017,0.0051,9.8066,-0.0791,-0.0034,0.0153,-21.31,-35.69,3.94,261.31,-84.94,168.97
52.43784,-1.535537,174.91,10.24,6,62.59,20 / 21,1483209,2019-09-06 19:44:48:952,-0.2077,-0.1743,9.9249,-0.0131,0.0007,9.8066,-0.034,0.0372,-0.0391,-21.37,-35.19,3.94,260.9,-85.07,168.1
52.43784,-1.535537,174.91,10.24,6,62.59,20 / 21,1483310,2019-09-06 19:44:49:053,-0.6812,0.0399,10.2645,-0.0047,0.0182,9.8066,0.0845,0.007,0.0096,-21.31,-36.12,3.19,256.21,-85.09,166.16
52.43784,-1.535537,174.91,10.24,6,62.59,20 / 22,1483409,2019-09-06 19:44:49:152,0.372,-0.1066,9.6677,0.0091,-0.0043,9.8066,0.0285,-0.0343,-0.0642,-20.94,-35.44,4.25,257.67,-84.94,164.97
52.43784,-1.535537,174.91,10.24,6,62.59,20 / 22,1483510,2019-09-06 19:44:49:253,-0.9326,-0.6322,9.8966,-0.0016,0.0077,9.8066,0.0396,-0.004,0.0345,-20.37,-35.69,3.81,257.03,-84.85,164.59
52.43784,-1.535537,174.91,10.24,6,62.59,20 / 22,1483609,2019-09-06 19:44:49:352,-0.1037,-0.5379,10.1811,-0.0068,-0.0024,9.8066,0.0333,-0.0049,0.0241,-21.31,-35.5,3.94,256.75,-84.91,164.08
52.43784,-1.535537,174.91,10.24,6,62.59,20 / 22,1483710,2019-09-06 19:44:49:453,-1.4452,-0.092,10.478,0.0004,-0.0016,9.8066,-0.0279,0.0339,-0.047,-21.06,-35.37,3.38,254.36,-84.97,164.2
52.43784,-1.535537,174.91,10.24,6,62.59,20 / 22,1483809,2019-09-06 19:44:49:552,-1.1132,-1.256,9.98,0.0327,-0.0013,9.8066,-0.0113,-0.0369,0.089,-20.44,-35.31,4.06,256.01,-84.98,163.05
52.43784,-1.535537,174.91,10.24,6,62.59,20 / 22,1483909,2019-09-06 19:44:49:652,-0.8957,-1.0075,8.4365,0.0456,-0.0003,9.8065,0.1185,-0.0076,-0.0992,-20.56,-35.5,2.75,253.86,-84.66,164.19
52.43784,-1.535537,174.91,10.24,6,62.59,20 / 22,1484010,2019-09-06 19:44:49:753,-0.6189,-0.2561,9.0938,-0.0778,0.0116,9.8062,0.0335,0.0202,-0.0757,-20.5,-35.81,3.94,253.33,-84.96,160.53
52.43784,-1.535537,174.91,10.24,6,62.59,20 / 22,1484110,2019-09-06 19:44:49:853,-0.698,-0.2033,10.4523,-0.0673,0.0058,9.8064,-0.0093,-0.0185,-0.0074,-20.94,-35.5,3,248.9,-85.12,158.24
52.43784,-1.535537,174.91,10.24,6,62.59,20 / 22,1484209,2019-09-06 19:44:49:952,-0.9859,-0.7412,10.9626,0.0009,0.0095,9.8066,0.0693,0.0207,-0.0576,-20.37,-35.5,3.5,250.2,-85.24,156.54
52.43784,-1.535537,174.91,10.24,6,62.59,20 / 22,1484310,2019-09-06 19:44:50:053,-0.1016,0.27,9.9436,-0.0067,0.0148,9.8066,0.0241,0.0284,-0.0009,-20,-35.69,3.13,245.21,-85.12,154.53
52.43784,-1.535537,174.91,10.24,6,62.59,19 / 21,1484410,2019-09-06 19:44:50:153,-0.4893,-0.3787,10.2078,0.0346,-0.0122,9.8065,-0.0409,-0.0207,0.0034,-20.06,-35.75,4.13,249.22,-84.94,156.24
52.43784,-1.535537,174.91,10.24,6,62.59,19 / 21,1484510,2019-09-06 19:44:50:253,-0.8235,-0.3449,9.6221,0.0232,-0.0019,9.8066,-0.0958,0.0324,-0.0262,-20.44,-34.56,3.5,251.17,-84.68,158.49
52.43784,-1.535537,174.91,10.24,6,62.59,19 / 21,1484610,2019-09-06 19:44:50:353,-0.362,-0.5487,9.5914,-0.0126,-0.0052,9.8066,0.022,0.0047,-0.0032,-20.31,-34.94,3.69,251.96,-84.82,159.09
52.43784,-1.535537,174.91,10.24,6,62.59,19 / 21,1484709,2019-09-06 19:44:50:452,-0.6809,-0.3695,10.3948,-0.0225,-0.0028,9.8065,0.003,-0.0349,0.0195,-21.06,-35.19,3.19,249.14,-84.97,158.73
52.43784,-1.535537,174.91,10.24,6,62.59,19 / 21,1484810,2019-09-06 19:44:50:553,-0.7368,-0.7847,10.4256,0.0118,-0.0056,9.8066,-0.0066,0.0467,-0.0014,-20.12,-34.94,3.81,252.57,-84.98,159.47
52.43784,-1.535537,174.91,10.24,6,62.59,19 / 21,1484910,2019-09-06 19:44:50:653,-0.6016,-0.7561,10.0552,0.0172,-0.0018,9.8066,-0.0162,0.0003,0.0563,-20.5,-34.31,3.19,250.72,-84.87,160.3
52.43784,-1.535537,174.91,10.24,6,62.59,19 / 21,1485010,2019-09-06 19:44:50:753,0.6107,-0.2289,9.5444,0.018,-0.0111,9.8066,-0.0715,0.0255,0.0077,-20.06,-34.06,3.31,251.37,-84.77,161.16
52.43784,-1.535537,174.91,10.24,6,62.59,19 / 21,1485110,2019-09-06 19:44:50:853,-0.8231,-0.8452,9.5004,0.0222,-0.0135,9.8066,-0.0816,-0.0421,-0.0012,-20.87,-34.75,3.31,254.05,-84.61,164.45
52.43784,-1.535537,174.91,10.24,6,62.59,19 / 21,1485210,2019-09-06 19:44:50:953,-1.1669,-0.5289,8.9437,-0.0428,-0.0055,9.8065,-0.0788,-0.0192,0.0119,-20.37,-35.75,3.13,253.4,-85,163.4
52.43784,-1.535537,174.91,10.24,6,62.59,19 / 21,1485310,2019-09-06 19:44:51:053,-1.9013,-0.1118,9.037,-0.0354,0.003,9.8066,-0.1036,0.015,-0.0437,-20.37,-36.12,3.19,252.1,-85.36,161.41
52.43784,-1.535537,174.91,10.24,6,62.59,19 / 21,1485409,2019-09-06 19:44:51:152,-1.3868,-0.0472,10.5506,-0.0637,0.0037,9.8063,0.0153,-0.0578,-0.0383,-21,-35.37,2.75,249.41,-86.03,157.38
52.43784,-1.535537,174.91,10.24,6,62.59,19 / 21,1485510,2019-09-06 19:44:51:253,-1.6006,-1.5251,11.0074,-0.0651,0.0084,9.8064,0.0413,-0.0067,-0.0406,-20.56,-36,2.25,244.43,-86.29,154.67
52.43784,-1.535537,174.91,10.24,6,62.59,19 / 21,1485609,2019-09-06 19:44:51:352,-1.6369,0.1139,9.2251,0.0548,0.0323,9.8064,-0.033,0.0687,-0.073,-20.62,-35.69,2.44,242.19,-86.18,152.47
52.43784,-1.535537,174.91,10.24,6,62.59,19 / 21,1485709,2019-09-06 19:44:51:452,-1.4003,0.3452,9.0976,0.0881,0.0019,9.8062,-0.0697,-0.0425,-0.0136,-20.37,-35.44,2.81,244.33,-85.39,152.95
52.43784,-1.535537,174.91,10.24,6,62.59,19 / 21,1485809,2019-09-06 19:44:51:552,-1.2242,0.7489,8.0881,-0.0692,-0.0194,9.8063,0.2196,-0.1214,0.0735,-20.25,-35.81,2.56,245.36,-85.44,154.18
52.43784,-1.535537,174.91,10.24,6,62.59,19 / 21,1485909,2019-09-06 19:44:51:652,-2.2734,0.9799,10.0085,0.0012,0.0171,9.8066,-0.0976,0.1231,-0.1163,-20.37,-35.5,3.44,245.97,-85.21,154.97
52.43784,-1.535537,174.91,10.24,6,62.59,19 / 21,1486009,2019-09-06 19:44:51:752,-1.3413,-1.7583,9.9471,-0.1053,0.0339,9.8059,0.0459,0.1333,-0.2029,-19.94,-36.62,2.44,235.12,-85.88,145.58
52.43784,-1.535537,174.91,10.24,6,62.59,19 / 21,1486109,2019-09-06 19:44:51:852,-2.9346,-1.3709,10.213,-0.0571,-0.016,9.8064,0.2763,-0.0322,0.2064,-20.25,-36.31,2.25,234.15,-85.91,144.33
52.43784,-1.535537,174.91,10.24,6,62.59,19 / 21,1486209,2019-09-06 19:44:51:952,0.2224,-0.5326,9.6276,0.0535,0.0422,9.8064,-0.2404,0.0361,-0.0997,-19.56,-36.25,2.5,237.41,-85.83,145.08
52.43784,-1.535537,174.91,10.24,6,62.59,19 / 21,1486310,2019-09-06 19:44:52:053,-0.3522,-0.4138,9.9753,0.0452,-0.0215,9.8065,-0.1629,0.0601,0.0325,-19.69,-36.94,2.5,239.69,-85.3,148.52
52.43784,-1.535537,174.91,10.24,6,62.59,21 / 22,1486409,2019-09-06 19:44:52:152,-0.5901,-0.6292,9.6146,0.0553,-0.0038,9.8064,0.0899,-0.0044,0.0099,-19.75,-36.12,3,242.58,-84.96,151.97
52.43784,-1.535537,174.91,10.24,6,62.59,21 / 22,1486510,2019-09-06 19:44:52:253,-2.4482,-1.133,10.2751,0.0373,0.0098,9.8065,-0.0226,-0.0137,-0.0629,-19.94,-36.19,2.63,242.14,-84.9,151.58
52.43784,-1.535537,174.91,10.24,6,62.59,21 / 22,1486609,2019-09-06 19:44:52:352,-1.5169,-0.6245,9.574,-0.0393,0.0121,9.8065,0.1198,0.044,-0.0479,-20.31,-36.19,2.63,240.18,-84.73,149.73
52.43784,-1.535537,174.91,10.24,6,62.59,21 / 22,1486710,2019-09-06 19:44:52:453,-1.7282,0.5417,9.2623,0.0114,0.0089,9.8065,0.091,0.0534,-0.0292,-19.87,-36,3.31,238.52,-84.73,147.92
52.43784,-1.535537,174.91,10.24,6,62.59,21 / 22,1486810,2019-09-06 19:44:52:553,-1.4719,-0.858,10.2965,0.0032,0.0043,9.8066,-0.049,-0.0076,-0.0326,-19.69,-37.06,2.94,238.22,-84.65,147.94
52.43784,-1.535537,174.91,10.24,6,62.59,21 / 22,1486909,2019-09-06 19:44:52:652,-1.7201,-0.3906,9.6379,-0.0198,0.0218,9.8066,-0.1145,0.018,-0.0466,-19.87,-36.75,2.94,235.98,-84.63,145.51
52.43784,-1.535537,174.91,10.24,6,62.59,21 / 22,1487010,2019-09-06 19:44:52:753,-2.4247,-0.5407,9.9836,-0.0095,0.0088,9.8065,0.0275,0.0659,-0.0448,-18.56,-36.62,2.88,234.62,-84.62,144.01
52.43784,-1.535537,174.91,10.24,6,62.59,21 / 22,1487110,2019-09-06 19:44:52:853,-1.6971,-0.6062,10.1661,0.0066,0.0093,9.8065,0.0211,0.0352,0.0021,-18.94,-37.31,2.88,233.38,-84.59,142.69
52.43784,-1.535537,174.91,10.24,6,62.59,21 / 22,1487209,2019-09-06 19:44:52:952,-1.7758,-0.6974,9.5817,-0.0038,0.0137,9.8066,-0.0093,0.0594,-0.0449,-19.5,-36.94,2.25,229.59,-84.46,141.66
52.43784,-1.535537,174.91,10.24,6,62.59,21 / 22,1487310,2019-09-06 19:44:53:053,-1.6139,-0.0929,9.7635,0.0062,0.0071,9.8066,-0.0042,0.0306,0.0023,-19.06,-36.25,2.69,231.41,-84.31,140.67
52.438183,-1.534499,176.87,5.49,4,58.16,20 / 22,1487410,2019-09-06 19:44:53:153,-2.1413,-0.5365,10.0565,-0.0025,0.0067,9.8066,0.0122,0.0309,-0.0453,-18.94,-36.5,2.81,230.28,-84.25,139.49
52.438183,-1.534499,176.87,5.49,4,58.16,20 / 22,1487509,2019-09-06 19:44:53:252,-2.5839,-0.1684,9.7606,0.0001,0.0087,9.8066,-0.0239,0.0275,-0.0118,-18.37,-37,2.5,229.29,-84.18,138.68
52.438183,-1.534499,176.87,5.49,4,58.16,20 / 22,1487610,2019-09-06 19:44:53:353,-1.2812,-0.5058,9.7943,-0.0143,-0.0058,9.8066,-0.0053,0.0124,0.0148,-18.75,-37,2.25,226.41,-84.29,138.31
52.438183,-1.534499,176.87,5.49,4,58.16,20 / 22,1487710,2019-09-06 19:44:53:453,-1.9852,-0.4159,9.8857,-0.0108,0.0025,9.8066,-0.0281,0.0347,-0.0315,-18.81,-36.56,2.88,228.54,-84.34,137.63
52.438183,-1.534499,176.87,5.49,4,58.16,20 / 22,1487810,2019-09-06 19:44:53:553,-1.8439,-0.5251,9.8892,-0.0061,-0.0047,9.8066,0.0375,0.0208,0.0255,-18.5,-36.69,3.13,228.43,-84.35,137.45
52.438183,-1.534499,176.87,5.49,4,58.16,20 / 22,1487910,2019-09-06 19:44:53:653,-2.0744,-0.25,10.2831,-0.0042,0.0046,9.8066,0.0165,-0.0021,-0.0153,-18.87,-37,2.38,225.43,-84.4,137.04
52.438183,-1.534499,176.87,5.49,4,58.16,20 / 22,1488009,2019-09-06 19:44:53:752,-1.4489,-0.7998,9.7186,-0.0021,0.0027,9.8065,0.0105,0.0181,0.0012,-18.62,-36.81,2,224.68,-84.33,136.29
52.438183,-1.534499,176.87,5.49,4,58.16,20 / 22,1488110,2019-09-06 19:44:53:853,-1.1198,-0.3963,9.3832,-0.0003,0.0067,9.8066,0.0322,0.0342,-0.0151,-18.87,-36.56,1.63,224.39,-84.28,136.02
52.438183,-1.534499,176.87,5.49,4,58.16,20 / 22,1488210,2019-09-06 19:44:53:953,-0.782,-0.1796,9.4189,-0.006,-0.0009,9.8066,-0.0014,0.0205,0.0221,-18.25,-36.44,3,226.47,-84.27,135.1
52.438183,-1.534499,176.87,5.49,4,58.16,20 / 22,1488309,2019-09-06 19:44:54:052,-1.3869,-0.604,9.9723,-0.0032,-0.0022,9.8066,0.0453,0.0227,0.0403,-18,-36.5,2.38,223.94,-84.27,135.39
52.438183,-1.534499,176.87,5.49,4,58.16,22 / 23,1488410,2019-09-06 19:44:54:153,-0.9632,-0.2909,9.9227,0.0001,0.0025,9.8066,0.0003,0.0108,-0.0249,-18.31,-37,2.88,226.65,-84.27,135.53
52.438183,-1.534499,176.87,5.49,4,58.16,22 / 23,1488510,2019-09-06 19:44:54:253,-0.5486,-0.4531,9.6291,0.0012,-0.0056,9.8066,0.0248,0.0405,-0.0017,-18.62,-37.81,2.13,223.92,-84.28,135.68
52.438183,-1.534499,176.87,5.49,4,58.16,22 / 23,1488609,2019-09-06 19:44:54:352,-0.813,-0.4134,9.799,0.0043,-0.0008,9.8066,-0.0284,-0.0139,0.0151,-18.62,-37.37,2.31,224.69,-84.34,136.29
52.438183,-1.534499,176.87,5.49,4,58.16,22 / 23,1488710,2019-09-06 19:44:54:453,-1.2135,-0.2454,9.7871,-0.0014,-0.0008,9.8066,-0.054,0.0012,-0.0175,-18.94,-36.81,2.19,224.45,-84.39,135.93
52.438183,-1.534499,176.87,5.49,4,58.16,22 / 23,1488810,2019-09-06 19:44:54:553,-1.4322,-0.3086,10.1404,0.0031,-0.0104,9.8066,0.012,-0.0018,0.0318,-18.44,-36.37,2.06,225.44,-84.51,136.78
52.438183,-1.534499,176.87,5.49,4,58.16,22 / 23,1488910,2019-09-06 19:44:54:653,-1.2817,-0.938,10.0823,-0.0019,-0.0029,9.8066,-0.0197,-0.0152,-0.0115,-18.75,-36.12,1.75,225.48,-84.58,136.65
52.438183,-1.534499,176.87,5.49,4,58.16,22 / 23,1489010,2019-09-06 19:44:54:753,-1.3438,-0.7064,9.5499,0.0015,-0.0044,9.8066,-0.0061,0.0193,-0.0063,-18.81,-36.62,2.25,225.03,-84.68,136.21
52.438183,-1.534499,176.87,5.49,4,58.16,22 / 23,1489109,2019-09-06 19:44:54:852,-2.1144,-1.001,9.9919,0.0109,-0.0028,9.8066,-0.0117,-0.0261,0.0281,-18.12,-37.06,2.63,228.21,-84.74,136.62
52.438183,-1.534499,176.87,5.49,4,58.16,22 / 23,1489209,2019-09-06 19:44:54:952,-1.714,-0.3655,10.2742,-0.0146,0.0039,9.8066,-0.0147,-0.0133,0.0015,-18.25,-37.12,2.38,223.43,-84.84,134.25
52.438183,-1.534499,176.87,5.49,4,58.16,22 / 23,1489309,2019-09-06 19:44:55:052,-1.3634,-0.5647,10.3076,-0.0102,0.0015,9.8066,0.0109,-0.0161,-0.0006,-18.25,-37.44,2.94,226.11,-84.85,134.08
52.438183,-1.534499,176.87,5.49,4,58.16,22 / 23,1489410,2019-09-06 19:44:55:153,-0.9744,-0.5681,10.0308,0.0135,-0.0001,9.8065,0.0616,-0.0193,0.012,-18.81,-37.25,2.38,223.77,-84.76,134.68
52.438183,-1.534499,176.87,5.49,4,58.16,22 / 23,1489510,2019-09-06 19:44:55:253,-0.8492,-0.8885,9.7486,-0.0066,-0.0016,9.8066,-0.0234,-0.0267,-0.0068,-18.75,-37.31,2.06,223.62,-84.77,134.5
52.438183,-1.534499,176.87,5.49,4,58.16,22 / 23,1489609,2019-09-06 19:44:55:352,-0.6075,-0.639,9.9951,-0.0102,0.0014,9.8065,0.0226,-0.0209,0.0022,-18.69,-37,2.06,223.36,-84.77,134.21
52.438183,-1.534499,176.87,5.49,4,58.16,22 / 23,1489710,2019-09-06 19:44:55:453,-0.6155,-0.3942,10.2156,-0.0111,0.0014,9.8066,0.0104,-0.0142,-0.0225,-18.87,-36.69,1.94,222.5,-84.83,133.16
52.438183,-1.534499,176.87,5.49,4,58.16,22 / 23,1489810,2019-09-06 19:44:55:553,-0.7284,-0.3501,10.0895,0.0007,0.0002,9.8066,-0.0247,-0.0137,0.0202,-18.87,-37.44,2.13,221.75,-84.8,132.34
52.438183,-1.534499,176.87,5.49,4,58.16,22 / 23,1489909,2019-09-06 19:44:55:652,-0.7843,-0.4225,9.9017,0.0024,0.0016,9.8066,-0.0263,-0.0069,0.0185,-18.31,-37.37,1.94,221.52,-84.8,132.13
52.438183,-1.534499,176.87,5.49,4,58.16,22 / 23,1490009,2019-09-06 19:44:55:752,-0.8825,-0.4325,9.9158,-0.005,-0.0019,9.8066,0.0304,-0.031,-0.0067,-18.75,-37.5,2.5,223.46,-84.83,131.23
52.438183,-1.534499,176.87,5.49,4,58.16,22 / 23,1490110,2019-09-06 19:44:55:853,-0.7649,-0.7792,9.9409,-0.0054,-0.0029,9.8066,0.0076,-0.0193,-0.0193,-19.06,-37.44,2.38,220.75,-84.89,131.1
52.438183,-1.534499,176.87,5.49,4,58.16,22 / 23,1490210,2019-09-06 19:44:55:953,0.0957,-0.393,9.9006,0.0032,-0.0009,9.8066,0.0276,-0.0084,0.0151,-19.06,-37.37,2.44,220.83,-84.93,131.14
52.438183,-1.534499,176.87,5.49,4,58.16,22 / 23,1490310,2019-09-06 19:44:56:053,0.1771,-0.3471,9.9824,0.0015,-0.0017,9.8066,0.0078,-0.0131,-0.0028,-19,-36.75,2.13,221.02,-84.94,131.35
52.438183,-1.534499,176.87,5.49,4,58.16,21 / 22,1490409,2019-09-06 19:44:56:152,0.2439,-0.3005,9.7978,0.0051,-0.0015,9.8066,0.0049,-0.0138,0.0046,-19.12,-36.62,2,221.3,-84.92,131.69
52.438183,-1.534499,176.87,5.49,4,58.16,21 / 22,1490509,2019-09-06 19:44:56:252,0.7761,-0.5051,9.6512,0.0063,-0.0026,9.8066,-0.0165,-0.0193,0.0107,-19.19,-36.94,1.88,221.68,-84.93,132.11
52.438183,-1.534499,176.87,5.49,4,58.16,21 / 22,1490609,2019-09-06 19:44:56:352,0.5592,-0.4669,9.8512,-0.0084,0.0025,9.8066,0.0249,-0.0064,-0.0095,-18.87,-36.06,1.94,221.07,-84.98,131.18
52.438183,-1.534499,176.87,5.49,4,58.16,21 / 22,1490709,2019-09-06 19:44:56:452,0.63,-0.4397,9.8465,-0.0052,-0.0021,9.8066,0.0081,-0.0073,0.003,-18.94,-37.12,3.5,226.08,-85.02,130.94
52.438183,-1.534499,176.87,5.49,4,58.16,21 / 22,1490810,2019-09-06 19:44:56:553,1.019,-0.5981,9.8362,-0.0066,-0.0005,9.8066,-0.0073,-0.0199,0.0106,-19.44,-36.25,3,223.33,-85.06,130.62
52.438183,-1.534499,176.87,5.49,4,58.16,21 / 22,1490909,2019-09-06 19:44:56:652,1.1438,-0.591,9.8738,-0.0078,-0.002,9.8066,0.0346,-0.0326,0.0176,-19.62,-36.81,3.5,225.37,-85.13,130.25
52.438183,-1.534499,176.87,5.49,4,58.16,21 / 22,1491010,2019-09-06 19:44:56:753,0.7002,-0.4133,9.9343,0.0027,-0.0016,9.8066,0.0073,-0.0391,0.001,-18.87,-36.5,3.31,222.99,-85.17,130.1
52.438183,-1.534499,176.87,5.49,4,58.16,21 / 22,1491110,2019-09-06 19:44:56:853,1.158,-0.4014,9.7343,0.0036,-0.0012,9.8066,-0.0059,-0.0371,-0.0001,-19,-36.69,3.06,222.88,-85.19,130.12
52.438183,-1.534499,176.87,5.49,4,58.16,21 / 22,1491210,2019-09-06 19:44:56:953,1.541,-0.5112,9.794,-0.0058,-0.001,9.8066,0.0117,-0.0466,0.0044,-19.06,-35.81,3.13,222.77,-85.25,129.75
52.438183,-1.534499,176.87,5.49,4,58.16,21 / 22,1491309,2019-09-06 19:44:57:052,1.3122,-0.5802,9.8006,-0.0022,-0.0037,9.8066,0.0198,-0.0452,0.0159,-19.19,-35.69,2.88,222.94,-85.28,129.9
52.438183,-1.534499,176.87,5.49,4,58.16,20 / 22,1491410,2019-09-06 19:44:57:153,2.1572,-0.7775,9.7481,0.0059,-0.0039,9.8066,-0.0011,-0.0348,0.0122,-18.81,-36.31,3.69,225.98,-85.33,130.23
52.438183,-1.534499,176.87,5.49,4,58.16,20 / 22,1491510,2019-09-06 19:44:57:253,2.2589,-0.6523,9.7422,0.0072,-0.0042,9.8066,-0.0077,-0.0575,0.0006,-19.19,-36.69,3.5,226.36,-85.36,130.79
52.438183,-1.534499,176.87,5.49,4,58.16,20 / 22,1491609,2019-09-06 19:44:57:352,1.2373,-0.5481,9.7698,0.0004,-0.0033,9.8066,0.0117,-0.0892,0.021,-18.94,-36.62,4.44,226.74,-85.42,131.13
52.438183,-1.534499,176.87,5.49,4,58.16,20 / 22,1491709,2019-09-06 19:44:57:452,1.4565,-0.7389,9.8862,0.0067,-0.0063,9.8066,0.0114,-0.0766,-0.0043,-19,-36.37,4.25,227.75,-85.43,132.06
52.438183,-1.534499,176.87,5.49,4,58.16,20 / 22,1491809,2019-09-06 19:44:57:552,1.1869,-0.9149,9.9557,0.0027,-0.0065,9.8066,0.0028,-0.0942,0.0263,-19.19,-37.31,4.69,231.47,-85.48,133.32
52.438183,-1.534499,176.87,5.49,4,58.16,20 / 22,1491910,2019-09-06 19:44:57:653,2.5338,-0.9914,9.6586,-0.0044,-0.0028,9.8066,0.0081,-0.1046,0.0264,-19.12,-36.31,4.69,232.1,-85.5,133.8
52.438183,-1.534499,176.87,5.49,4,58.16,20 / 22,1492010,2019-09-06 19:44:57:753,2.7713,-1.1362,9.462,0.0054,-0.0046,9.8066,0.0185,-0.1317,0.0153,-19.25,-35.87,5.06,232.32,-85.56,133.96
52.438183,-1.534499,176.87,5.49,4,58.16,20 / 22,1492109,2019-09-06 19:44:57:852,2.3686,-1.3566,9.6179,0.0009,-0.0135,9.8066,0.0301,-0.1513,0.0514,-19.62,-36.44,5.13,233.88,-85.62,135.96
52.438183,-1.534499,176.87,5.49,4,58.16,20 / 22,1492209,2019-09-06 19:44:57:952,2.4595,-1.6062,9.6617,0.0043,-0.0112,9.8066,-0.0386,-0.1614,0.0403,-19.5,-36.37,5.06,236.25,-85.74,137.94
52.438183,-1.534499,176.87,5.49,4,58.16,20 / 22,1492310,2019-09-06 19:44:58:053,2.2305,-1.6165,9.7679,0.0099,-0.0037,9.8066,-0.0805,-0.2259,0.0098,-19.31,-36.94,5.44,236.68,-85.78,138.52
52.438183,-1.534499,176.87,5.49,4,58.16,21 / 22,1492409,2019-09-06 19:44:58:152,2.2136,-1.6688,9.58,0.0022,0.0058,9.8065,0.0981,-0.2355,0.0021,-19.62,-36.19,6.63,241.3,-85.8,138.22
52.438183,-1.534499,176.87,5.49,4,58.16,21 / 22,1492509,2019-09-06 19:44:58:252,1.7988,-0.6594,9.8204,-0.0076,0.0022,9.8066,0.0529,-0.2677,0.0217,-19.75,-35.94,7.06,238.63,-85.81,135.37
52.438183,-1.534499,176.87,5.49,4,58.16,21 / 22,1492609,2019-09-06 19:44:58:352,1.7258,-1.9007,9.5663,-0.0022,-0.0128,9.8066,-0.0135,-0.3022,0.0981,-19.62,-36.19,7.13,240.23,-85.92,136.92
52.438183,-1.534499,176.87,5.49,4,58.16,21 / 22,1492710,2019-09-06 19:44:58:453,1.1185,-1.3258,9.6732,-0.0006,-0.0365,9.8065,-0.0152,-0.3126,0.07,-20,-35.56,8.81,249.85,-86.03,141.71
52.438183,-1.534499,176.87,5.49,4,58.16,21 / 22,1492810,2019-09-06 19:44:58:553,1.9081,-2.636,9.8191,-0.0202,-0.0149,9.8066,0.0112,-0.3642,0.0714,-20.5,-36.31,8.75,253.71,-86.27,145.34
52.438183,-1.534499,176.87,5.49,4,58.16,21 / 22,1492909,2019-09-06 19:44:58:652,1.194,-2.254,9.8808,-0.0206,-0.0019,9.8065,0.0117,-0.3421,0.0478,-20.44,-35.62,9,255.2,-86.5,146.51
52.438183,-1.534499,176.87,5.49,4,58.16,21 / 22,1493010,2019-09-06 19:44:58:753,1.1429,-1.9155,9.5921,-0.0191,-0.0033,9.8066,-0.0687,-0.4026,0.0591,-20.31,-35.81,8.88,254.91,-86.84,145.68
52.438183,-1.534499,176.87,5.49,4,58.16,21 / 22,1493109,2019-09-06 19:44:58:852,1.0527,-1.8256,9.1387,-0.0202,-0.0174,9.8066,0.003,-0.4101,0.0658,-20.56,-35.75,10.13,259.62,-87.23,148.37
52.438183,-1.534499,176.87,5.49,4,58.16,21 / 22,1493210,2019-09-06 19:44:58:953,0.6381,-2.208,9.7493,-0.0144,-0.0234,9.8065,-0.0257,-0.4696,0.1042,-21.25,-35.31,11.19,267.99,-87.41,154.16
52.438183,-1.534499,176.87,5.49,4,58.16,21 / 22,1493310,2019-09-06 19:44:59:053,0.5234,-2.6499,9.7784,-0.0234,-0.0138,9.8066,0.0268,-0.4577,0.0674,-21.12,-35.87,11.94,278.22,-87.71,161.86
52.438183,-1.534499,176.87,5.49,4,58.16,20 / 21,1493409,2019-09-06 19:44:59:152,0.6752,-3.1034,9.6282,-0.0068,-0.0125,9.8066,0.0158,-0.4898,0.0472,-21,-36,13.19,285.81,-87.75,167.22
52.438183,-1.534499,176.87,5.49,4,58.16,20 / 21,1493510,2019-09-06 19:44:59:253,1.3803,-1.9755,9.4209,-0.0072,-0.0292,9.8065,0.0326,-0.5068,0.0301,-20.12,-35.12,13.56,297.76,-87.69,175.72
52.438183,-1.534499,176.87,5.49,4,58.16,20 / 21,1493609,2019-09-06 19:44:59:352,1.248,-2.3298,9.8974,-0.034,-0.0197,9.8065,-0.0584,-0.5584,0.1664,-20.75,-34.37,13.75,306.61,-87.85,-174.74
52.438183,-1.534499,176.87,5.49,4,58.16,20 / 21,1493710,2019-09-06 19:44:59:453,0.6259,-3.227,9.3974,-0.0367,-0.037,9.8065,-0.0978,-0.4939,0.1453,-21.37,-34.87,15.19,334.07,-87.71,-150.09
52.438183,-1.534499,176.87,5.49,4,58.16,20 / 21,1493810,2019-09-06 19:44:59:553,0.0523,-3.688,9.7653,-0.034,-0.0395,9.8065,-0.0132,-0.5123,0.0605,-21.75,-34.69,15.94,349.03,-87.45,-136.36
52.438183,-1.534499,176.87,5.49,4,58.16,20 / 21,1493910,2019-09-06 19:44:59:653,-0.2761,-2.9993,9.9727,-0.0281,0.0054,9.8066,0.0322,-0.5617,0.0899,-21,-35.12,16.75,359.76,-87.21,-129.21
52.438183,-1.534499,176.87,5.49,4,58.16,20 / 21,1494010,2019-09-06 19:44:59:753,0.0939,-2.7941,9.9505,-0.0249,-0.0119,9.8065,-0.0418,-0.497,0.0042,-20.69,-34.75,17.38,6.23,-87.01,-123.19
52.438183,-1.534499,176.87,5.49,4,58.16,20 / 21,1494109,2019-09-06 19:44:59:852,0.5887,-2.6708,9.6863,-0.0107,0.001,9.8066,0.0193,-0.513,0.0831,-21.25,-34.56,18.38,9.99,-86.9,-121.31
52.438183,-1.534499,176.87,5.49,4,58.16,20 / 21,1494210,2019-09-06 19:44:59:953,0.6465,-3.5267,9.8866,-0.0265,-0.0187,9.8066,-0.0361,-0.5037,0.1128,-20.69,-34,18.5,13.58,-86.61,-119.54
52.438183,-1.534499,176.87,5.49,4,58.16,20 / 21,1494310,2019-09-06 19:45:00:053,0.4817,-2.4861,9.5187,-0.012,-0.0421,9.8065,-0.0307,-0.5152,0.1141,-20.19,-33.75,20.06,17.27,-85.83,-119.26
52.438183,-1.534499,176.87,5.49,4,58.16,20 / 21,1494410,2019-09-06 19:45:00:153,-0.3898,-2.7344,10.252,-0.0066,-0.0323,9.8065,-0.0226,-0.4886,0.0977,-20.12,-33.56,21.06,18.84,-85.39,-119.36
52.438183,-1.534499,176.87,5.49,4,58.16,20 / 21,1494509,2019-09-06 19:45:00:252,0.2539,-2.376,9.6947,-0.0026,-0.0244,9.8066,-0.0813,-0.4407,0.0338,-20.19,-33.37,21.38,18.9,-85.02,-119.4
52.438183,-1.534499,176.87,5.49,4,58.16,20 / 21,1494610,2019-09-06 19:45:00:353,-0.1387,-1.6497,9.3443,0.0141,-0.0337,9.8065,0.1033,-0.4442,0.0772,-19.5,-33.25,21.81,21.55,-84.81,-119.88
52.438183,-1.534499,176.87,5.49,4,58.16,20 / 21,1494710,2019-09-06 19:45:00:453,0.5964,-2.1785,9.7901,-0.024,0.0042,9.8065,0.0917,-0.3813,0.046,-19,-33.44,22.5,23.57,-84.58,-119.36
52.438183,-1.534499,176.87,5.49,4,58.16,20 / 21,1494810,2019-09-06 19:45:00:553,0.0737,-2.485,9.8243,-0.0139,-0.0026,9.8066,-0.0458,-0.3396,0.0146,-18.75,-33.69,23.38,22.4,-84.35,-120.59
52.438183,-1.534499,176.87,5.49,4,58.16,20 / 21,1494909,2019-09-06 19:45:00:652,-0.0527,-2.1099,10.0225,0.0093,-0.0279,9.8065,-0.1068,-0.3224,0.0681,-18.69,-33.25,23.88,23.02,-84.13,-121.19
52.438183,-1.534499,176.87,5.49,4,58.16,20 / 21,1495009,2019-09-06 19:45:00:752,-0.4191,-1.6912,10.0295,0.0187,-0.0428,9.8065,0.0782,-0.327,-0.0057,-17.81,-33.56,24.56,23.97,-83.83,-123.17
52.438183,-1.534499,176.87,5.49,4,58.16,20 / 21,1495109,2019-09-06 19:45:00:852,0.3403,-1.8822,9.7824,-0.0089,0.0152,9.8065,0.0573,-0.2727,-0.0183,-17.44,-32.75,24.69,25.17,-83.76,-123.64
52.438183,-1.534499,176.87,5.49,4,58.16,20 / 21,1495214,2019-09-06 19:45:00:957,0.7791,-1.8384,9.7471,0.0018,-0.0005,9.8066,0.0519,-0.2711,0.0502,-16.75,-32.87,25.56,23.91,-83.66,-125.77
52.438183,-1.534499,176.87,5.49,4,58.16,20 / 21,1495310,2019-09-06 19:45:01:053,0.3794,-1.3264,9.5835,0.0075,-0.0115,9.8066,0.0244,-0.2117,0.018,-17,-33.44,25.75,21.27,-83.5,-128.18
52.438183,-1.534499,176.87,5.49,4,58.16,19 / 20,1495410,2019-09-06 19:45:01:153,0.9006,-1.5544,10.0198,0.0014,0.0141,9.8066,-0.037,-0.1575,-0.0339,-16.5,-32.37,26.44,22.18,-83.51,-128.9
52.438183,-1.534499,176.87,5.49,4,58.16,19 / 20,1495510,2019-09-06 19:45:01:253,0.4142,-2.5134,10.3636,0.023,-0.0106,9.8065,0.0199,-0.2222,0.0432,-15.94,-33.31,26.88,22.49,-83.47,-129.62
52.438183,-1.534499,176.87,5.49,4,58.16,19 / 20,1495610,2019-09-06 19:45:01:353,0.5207,-1.2312,9.8231,0.0182,-0.0196,9.8066,-0.0661,-0.1131,-0.0771,-15.5,-33.37,25.88,20.8,-83.49,-131.88
52.438183,-1.534499,176.87,5.49,4,58.16,19 / 20,1495709,2019-09-06 19:45:01:452,0.4546,-0.468,9.281,0.0146,0.0034,9.8065,-0.0815,-0.1368,0.0291,-15.12,-33.25,26.69,19.72,-83.61,-133.64
52.438183,-1.534499,176.87,5.49,4,58.16,19 / 20,1495810,2019-09-06 19:45:01:553,0.7123,-0.1642,9.7784,0.0172,-0.0196,9.8065,0.0932,-0.0715,0.0124,-15.56,-33.62,26.44,15.01,-83.56,-135.33
52.438183,-1.534499,176.87,5.49,4,58.16,19 / 20,1495910,2019-09-06 19:45:01:653,1.7308,-0.1355,9.403,0.0059,-0.0045,9.8066,0.0153,-0.098,-0.0239,-15.31,-33.06,26.69,15.79,-83.59,-137.11
52.438183,-1.534499,176.87,5.49,4,58.16,19 / 20,1496010,2019-09-06 19:45:01:753,1.4806,-1.0962,10.5146,0.0098,-0.0029,9.8066,0.1209,-0.1111,0.0781,-14.81,-33.06,27.19,14.86,-83.53,-137.94
52.438183,-1.534499,176.87,5.49,4,58.16,19 / 20,1496109,2019-09-06 19:45:01:852,1.4566,-0.7811,9.9245,-0.0078,0.0082,9.8066,0.068,-0.0216,-0.0306,-14.56,-33.12,27.5,14.96,-83.48,-138.7
52.438183,-1.534499,176.87,5.49,4,58.16,19 / 20,1496210,2019-09-06 19:45:01:953,1.2119,-1.3818,9.6828,-0.0057,0.0163,9.8066,-0.1325,-0.0942,0.0447,-14.81,-33,26.81,14.36,-83.52,-138.39
52.438183,-1.534499,176.87,5.49,4,58.16,19 / 20,1496310,2019-09-06 19:45:02:053,0.8204,-1.0006,9.6646,-0.0009,-0.0106,9.8066,-0.1054,-0.0119,-0.0439,-14.69,-33.37,26.69,14.08,-83.36,-138.68
52.43819,-1.534149,176.87,6.56,4,140.46,19 / 20,1496410,2019-09-06 19:45:02:153,1.9571,-1.719,9.5748,0.0174,-0.0166,9.8065,-0.1292,-0.0357,0.0448,-15.06,-33.19,26.81,12.9,-83.29,-139.73
52.43819,-1.534149,176.87,6.56,4,140.46,19 / 20,1496509,2019-09-06 19:45:02:252,0.7364,-2.0098,9.983,-0.013,0.0132,9.8066,-0.0573,0.0043,0.025,-14.87,-33.19,27.75,14.91,-83.28,-138.8
52.43819,-1.534149,176.87,6.56,4,140.46,19 / 20,1496610,2019-09-06 19:45:02:353,1.2309,-1.1475,9.5021,0.007,-0.0241,9.8066,0.0198,-0.0612,0.0347,-14.5,-32.62,27.13,15.02,-83.16,-139.6
52.43819,-1.534149,176.87,6.56,4,140.46,19 / 20,1496710,2019-09-06 19:45:02:453,0.8957,-0.5115,9.833,0.0066,-0.0203,9.8066,-0.0343,-0.0983,0.0214,-14.69,-32.81,27.31,13.06,-83.01,-139.67
52.43819,-1.534149,176.87,6.56,4,140.46,19 / 20,1496809,2019-09-06 19:45:02:552,0.6087,-0.9947,9.9577,0.0017,0.0036,9.8066,-0.0439,-0.0301,0.0667,-14.69,-33.44,27.5,14.06,-82.92,-139.65
52.43819,-1.534149,176.87,6.56,4,140.46,19 / 20,1496909,2019-09-06 19:45:02:652,0.2582,-0.8977,9.9185,-0.0002,-0.0132,9.8066,0.103,-0.0402,-0.0032,-14.69,-32.62,27.5,13.9,-82.88,-139.8
52.43819,-1.534149,176.87,6.56,4,140.46,19 / 20,1497009,2019-09-06 19:45:02:752,0.7892,-0.5676,10.1044,-0.0092,0.0188,9.8066,0.0592,-0.0863,-0.0308,-14.37,-32.69,26.94,14.76,-82.73,-139.95
52.43819,-1.534149,176.87,6.56,4,140.46,19 / 20,1497110,2019-09-06 19:45:02:853,0.6244,-1.0848,9.7475,0.0074,-0.0179,9.8066,-0.0327,-0.0656,0.08,-14.69,-32.87,27.44,12.94,-82.81,-139.82
52.43819,-1.534149,176.87,6.56,4,140.46,19 / 20,1497209,2019-09-06 19:45:02:952,0.6831,0.1973,9.8052,-0.0012,-0.0125,9.8065,-0.035,0.0194,-0.0164,-14.37,-32.81,27.44,14.66,-82.67,-140.06
52.43819,-1.534149,176.87,6.56,4,140.46,19 / 20,1497309,2019-09-06 19:45:03:052,0.276,-0.7841,9.7766,-0.0011,0.0125,9.8066,-0.0328,-0.0871,0.0186,-13.94,-32.75,26.75,14.13,-82.66,-140.51
52.43819,-1.534149,176.87,6.56,4,140.46,19 / 21,1497410,2019-09-06 19:45:03:153,0.439,-0.3653,10.2043,-0.0067,0.009,9.8066,0.1181,-0.0291,0.021,-14.37,-33,28.13,14.83,-82.72,-140.68
52.43819,-1.534149,176.87,6.56,4,140.46,19 / 21,1497514,2019-09-06 19:45:03:257,0.8329,-0.0072,9.8244,0.0215,-0.0155,9.8066,-0.035,0.0009,-0.0254,-14.19,-32.69,27.5,13.22,-82.59,-142.1
52.43819,-1.534149,176.87,6.56,4,140.46,19 / 21,1497609,2019-09-06 19:45:03:352,0.7356,-1.0456,9.7969,-0.0028,-0.0073,9.8066,0.0028,-0.0068,-0.0125,-14.37,-32.75,27.5,13.28,-82.6,-142.05
52.43819,-1.534149,176.87,6.56,4,140.46,19 / 21,1497710,2019-09-06 19:45:03:453,0.9599,-0.206,9.6693,0.0049,0.0041,9.8065,0.075,-0.0234,0.0153,-14.25,-32.56,27.63,12.76,-82.63,-142.49
52.43819,-1.534149,176.87,6.56,4,140.46,19 / 21,1497809,2019-09-06 19:45:03:552,1.2714,-0.6966,9.8742,-0.0027,0.0124,9.8066,0.0534,0.0227,-0.0192,-14.25,-32.56,27.69,12.64,-82.62,-142.6
52.43819,-1.534149,176.87,6.56,4,140.46,19 / 21,1497910,2019-09-06 19:45:03:653,1.2347,-1.1343,9.7385,0.012,-0.0093,9.8066,-0.0711,0.0046,0.0094,-14.56,-32.44,27.38,9.38,-82.61,-142.89
52.43819,-1.534149,176.87,6.56,4,140.46,19 / 21,1498009,2019-09-06 19:45:03:752,0.0971,-0.7603,10.0855,0.0087,-0.0128,9.8066,-0.1015,0.0222,-0.0017,-13.87,-32.69,27,10.03,-82.53,-144.05
52.43819,-1.534149,176.87,6.56,4,140.46,19 / 21,1498110,2019-09-06 19:45:03:853,1.0998,-0.437,9.8763,0.0125,0.0038,9.8066,0.014,-0.0214,-0.0349,-14.81,-32.06,27.13,7.3,-82.59,-144.68
52.43819,-1.534149,176.87,6.56,4,140.46,19 / 21,1498209,2019-09-06 19:45:03:952,0.6971,-0.4375,9.7972,0.0113,-0.012,9.8066,-0.0111,0.0109,-0.0093,-14.69,-31.75,27,6.18,-82.59,-145.64
52.43819,-1.534149,176.87,6.56,4,140.46,19 / 21,1498310,2019-09-06 19:45:04:053,0.9651,-0.5049,9.7104,-0.0035,0.0116,9.8066,0.042,-0.0444,0.0199,-14.69,-32,27.06,6.01,-82.57,-145.79
52.43819,-1.534149,176.87,6.56,4,140.46,19 / 20,1498409,2019-09-06 19:45:04:152,-0.0861,-0.83,10.3051,-0.0085,0.0241,9.8066,0.0456,0.0452,-0.0675,-15.44,-31.87,27.19,5.82,-82.66,-145.94
52.43819,-1.534149,176.87,6.56,4,140.46,19 / 20,1498510,2019-09-06 19:45:04:253,1.4058,-1.1196,10.0392,0.0211,-0.022,9.8065,0.0238,-0.0121,-0.0043,-14.75,-31.87,27.81,5.16,-82.56,-147.38
52.43819,-1.534149,176.87,6.56,4,140.46,19 / 20,1498609,2019-09-06 19:45:04:352,0.6422,-1.0835,9.5253,0.0174,-0.0243,9.8066,-0.0183,-0.0219,-0.0043,-15.19,-31.87,27.13,3.82,-82.54,-147.67
52.43819,-1.534149,176.87,6.56,4,140.46,19 / 20,1498709,2019-09-06 19:45:04:452,1.1974,-0.4789,10.1442,-0.009,0.0087,9.8066,0.0661,-0.0105,0.047,-15.5,-31.56,27.38,3.86,-82.67,-147.62
52.43819,-1.534149,176.87,6.56,4,140.46,19 / 20,1498810,2019-09-06 19:45:04:553,0.8583,-0.1071,9.5656,-0.0154,0.0263,9.8065,0.0095,-0.023,0.0099,-14.81,-31.31,27.06,4.18,-82.67,-147.33
52.43819,-1.534149,176.87,6.56,4,140.46,19 / 20,1498910,2019-09-06 19:45:04:653,1.0849,-1.4103,9.5228,0.0007,-0.0075,9.8066,-0.0682,-0.0315,0.031,-14.81,-32.19,27.25,3.99,-82.68,-147.52
52.43819,-1.534149,176.87,6.56,4,140.46,19 / 20,1499010,2019-09-06 19:45:04:753,0.688,-0.853,9.9349,-0.0015,-0.0039,9.8066,-0.1125,-0.0291,0.0087,-14.56,-32.31,27.63,5.45,-82.59,-147.13
52.43819,-1.534149,176.87,6.56,4,140.46,19 / 20,1499110,2019-09-06 19:45:04:853,0.9453,0.0448,9.9009,-0.0002,-0.0044,9.8066,0.0265,-0.0477,0.0174,-14.56,-33,27.38,4.71,-82.57,-146.93
52.43819,-1.534149,176.87,6.56,4,140.46,19 / 20,1499210,2019-09-06 19:45:04:953,1.2738,-0.3912,9.7101,0.0024,-0.0062,9.8066,0.0899,0.0105,-0.0294,-14.19,-32.25,27.5,7.9,-82.54,-146.65
52.43819,-1.534149,176.87,6.56,4,140.46,19 / 20,1499309,2019-09-06 19:45:05:052,0.3321,-1.4201,10.2319,-0.0062,0.0021,9.8066,0.0016,0.0311,-0.0482,-14.31,-32.5,27.56,7.38,-82.38,-147.12
52.43819,-1.534149,176.87,6.56,4,140.46,19 / 21,1499410,2019-09-06 19:45:05:153,0.0548,-0.3209,10.3419,0.0207,-0.0081,9.8065,0.0708,-0.0364,0.0352,-14,-32.12,27.75,5.61,-82.3,-148.64
52.43819,-1.534149,176.87,6.56,4,140.46,19 / 21,1499509,2019-09-06 19:45:05:252,0.032,-0.2084,9.4026,0.0094,-0.0006,9.8066,-0.1124,-0.0145,-0.0413,-14.06,-32.25,26.94,3.45,-82.27,-149.66
52.43819,-1.534149,176.87,6.56,4,140.46,19 / 21,1499609,2019-09-06 19:45:05:352,0.7945,1.015,9.0248,0.0173,0.0014,9.8066,-0.1885,0.0288,-0.0269,-14.44,-31.81,26.69,1.33,-82.38,-151.46
52.43819,-1.534149,176.87,6.56,4,140.46,19 / 21,1499710,2019-09-06 19:45:05:453,-0.6946,0.3951,9.6342,0.0187,-0.0082,9.8066,0.0945,-0.0019,-0.0487,-14.69,-32.12,26.44,357.43,-82.43,-152.2
52.43819,-1.534149,176.87,6.56,4,140.46,19 / 21,1499810,2019-09-06 19:45:05:553,0.5188,-0.0121,9.8703,-0.0014,0.0282,9.8066,0.2043,-0.0354,0.0113,-14.62,-32.06,26.88,358.09,-82.48,-152.58
52.43819,-1.534149,176.87,6.56,4,140.46,19 / 21,1499910,2019-09-06 19:45:05:653,0.2909,-0.1575,10.0108,0.0201,-0.0205,9.8065,-0.1234,0.0086,-0.033,-14.56,-31.62,27.31,356.63,-82.5,-153.83
52.43819,-1.534149,176.87,6.56,4,140.46,19 / 21,1500010,2019-09-06 19:45:05:753,0.9019,-0.8992,9.5153,0.023,-0.0361,9.8065,-0.1165,-0.0475,0.0486,-14.37,-32.19,27.06,356.63,-82.27,-155.46
52.43819,-1.534149,176.87,6.56,4,140.46,19 / 21,1500111,2019-09-06 19:45:05:854,0.2952,-0.6382,9.8862,0.0069,-0.0352,9.8065,0.0943,-0.0481,0.0226,-14.87,-32.19,27.5,356.59,-82.24,-154.74
52.43819,-1.534149,176.87,6.56,4,140.46,19 / 21,1500214,2019-09-06 19:45:05:957,0.7548,0.4832,10.4179,-0.0167,0.0189,9.8066,0.0776,0.01,-0.0261,-15.06,-32.19,27.25,357.28,-82.48,-153.27
52.43819,-1.534149,176.87,6.56,4,140.46,19 / 21,1500310,2019-09-06 19:45:06:053,0.2643,-0.216,9.9708,-0.0021,-0.0264,9.8065,0.0408,-0.0108,0.044,-15,-31.87,27.75,358.6,-82.28,-153.02
52.43819,-1.534149,176.87,6.56,4,140.46,20 / 22,1500410,2019-09-06 19:45:06:153,-0.0056,0.1471,9.5104,-0.0023,-0.0212,9.8066,0.029,0.0309,0.0175,-14.69,-31.37,27.63,358.96,-82.05,-152.71
52.43819,-1.534149,176.87,6.56,4,140.46,20 / 22,1500509,2019-09-06 19:45:06:252,-0.0893,0.6984,9.9675,0.0034,-0.0314,9.8065,-0.1283,-0.0109,0.0168,-15.31,-32.06,27.88,0.22,-81.84,-151.63
52.43819,-1.534149,176.87,6.56,4,140.46,20 / 22,1500610,2019-09-06 19:45:06:353,-0.6594,0.5512,9.8833,0.0161,-0.0397,9.8065,-0.158,-0.0437,0.0428,-14.37,-31.69,28,2.37,-81.62,-151.44
52.43819,-1.534149,176.87,6.56,4,140.46,20 / 22,1500710,2019-09-06 19:45:06:453,-0.7987,0.5557,9.9622,-0.0243,0.0288,9.8065,0.1554,-0.0155,0.0052,-14.75,-31.87,27.63,1.77,-81.73,-150.33
52.43819,-1.534149,176.87,6.56,4,140.46,20 / 22,1500809,2019-09-06 19:45:06:552,0.2402,-0.2611,9.9093,-0.0172,0.0133,9.8065,0.1378,-0.024,0.0273,-14.81,-32.44,28.25,1.36,-81.56,-150.68
52.43819,-1.534149,176.87,6.56,4,140.46,20 / 22,1500910,2019-09-06 19:45:06:653,0.4928,-0.6827,10.4144,0.0091,-0.0188,9.8065,-0.0722,-0.0392,0.0033,-14.5,-32.69,28.06,3.01,-81.44,-150.93
52.43819,-1.534149,176.87,6.56,4,140.46,20 / 22,1501010,2019-09-06 19:45:06:753,1.2343,1.5069,8.5385,-0.0118,-0.0079,9.8065,-0.0064,-0.0951,-0.0759,-13.69,-33.31,27.5,4.43,-81.4,-149.75
52.43819,-1.534149,176.87,6.56,4,140.46,20 / 22,1501109,2019-09-06 19:45:06:852,1.1828,-0.6702,11.6462,-0.0272,0.0538,9.8064,0.0804,-0.0892,0.1026,-13.94,-32.56,27.38,3.5,-81.85,-149.67
52.43819,-1.534149,176.87,6.56,4,140.46,20 / 22,1501210,2019-09-06 19:45:06:953,1.0328,2.6362,9.799,-0.0059,0.0735,9.8063,-0.046,0.2177,-0.2961,-13.31,-32.87,28.06,5,-81.94,-150.89
52.43819,-1.534149,176.87,6.56,4,140.46,20 / 22,1501310,2019-09-06 19:45:07:053,-2.7782,-1.1285,9.7804,0.0346,0.0083,9.8065,0.1852,0.0929,-0.1348,-13.87,-32.81,27.69,356.65,-81.76,-156.25
52.43819,-1.534149,176.87,6.56,4,140.46,18 / 20,1501410,2019-09-06 19:45:07:153,0.7544,0.7195,9.6809,0.0117,0.002,9.8066,0.1356,-0.0626,0.0399,-13.25,-33,27.94,354.72,-81.73,-159.51
52.43819,-1.534149,176.87,6.56,4,140.46,18 / 20,1501510,2019-09-06 19:45:07:253,-2.0695,-1.0673,9.6584,0.0144,0.0629,9.8064,-0.1909,0.2522,-0.1732,-12.56,-33.37,27.81,354.61,-81.94,-159.62
52.43819,-1.534149,176.87,6.56,4,140.46,18 / 20,1501609,2019-09-06 19:45:07:352,-0.9429,-0.5198,9.5775,-0.0373,0.0022,9.8066,-0.0704,-0.0129,0.1827,-13.06,-33.81,27.75,356.62,-82.51,-157.96
52.43819,-1.534149,176.87,6.56,4,140.46,18 / 20,1501709,2019-09-06 19:45:07:452,0.639,1.019,9.441,0.0037,0.0187,9.8066,-0.0201,-0.04,0.0101,-13,-33.5,27.13,354.9,-82.97,-158.66
52.43819,-1.534149,176.87,6.56,4,140.46,18 / 20,1501810,2019-09-06 19:45:07:553,-0.1592,0.3655,10.0256,-0.0182,-0.0056,9.8066,0.057,-0.0399,0.0234,-12.75,-33.94,27.44,356.32,-82.93,-157.43
52.43819,-1.534149,176.87,6.56,4,140.46,18 / 20,1501909,2019-09-06 19:45:07:652,0.1537,0.4157,10.1053,0.0001,-0.0178,9.8066,0.1127,-0.0001,0.0315,-13.5,-33.62,27.75,358.16,-82.58,-156.65
52.43819,-1.534149,176.87,6.56,4,140.46,18 / 20,1502009,2019-09-06 19:45:07:752,0.1848,0.7441,10.4158,-0.0195,-0.0098,9.8066,0.1399,-0.0666,0.092,-13.12,-32.75,28.19,359.68,-82.41,-155.37
52.43819,-1.534149,176.87,6.56,4,140.46,18 / 20,1502110,2019-09-06 19:45:07:853,-0.2285,0.0111,10.3315,-0.0071,-0.0189,9.8065,-0.0204,-0.0622,0.071,-13.31,-33.25,27.88,0.86,-82.22,-154.37
52.43819,-1.534149,176.87,6.56,4,140.46,18 / 20,1502210,2019-09-06 19:45:07:953,0.2119,0.7731,10.323,0.0006,-0.0127,9.8066,-0.0232,0.0105,-0.0077,-13.69,-32.25,28.19,0.1,-82.02,-153.35
52.43819,-1.534149,176.87,6.56,4,140.46,18 / 20,1502310,2019-09-06 19:45:08:053,0.0999,0.0117,10.1309,-0.0067,0.0047,9.8066,0.0787,-0.0746,0.0428,-13.69,-32.37,27.69,0.32,-81.86,-153.17
52.43819,-1.534149,176.87,6.56,4,140.46,17 / 20,1502410,2019-09-06 19:45:08:153,0.9569,-0.3448,10.0079,0.0093,0.0039,9.8066,0.0641,0.0398,-0.0633,-13.94,-32.94,27.94,359.12,-81.78,-154.17
52.43819,-1.534149,176.87,6.56,4,140.46,17 / 20,1502509,2019-09-06 19:45:08:252,0.2436,0.2074,10.2279,0.0052,0.0024,9.8066,0.0771,-0.0371,0.0176,-13.37,-32.5,27.75,0.12,-81.7,-154.99
52.43819,-1.534149,176.87,6.56,4,140.46,17 / 20,1502610,2019-09-06 19:45:08:353,-0.026,0.2924,9.8414,0.0093,0.0134,9.8065,0.0071,0.0018,-0.0776,-13.44,-32.75,28.25,358.81,-81.72,-156.09
52.43819,-1.534149,176.87,6.56,4,140.46,17 / 20,1502710,2019-09-06 19:45:08:453,-0.5202,0.5603,9.9958,0.013,-0.0294,9.8065,-0.0078,-0.0352,0.0436,-13.75,-33.19,28.31,356.22,-81.75,-156.6
52.43819,-1.534149,176.87,6.56,4,140.46,17 / 20,1502810,2019-09-06 19:45:08:553,-0.1814,0.224,10.1004,0.0172,-0.0148,9.8065,-0.0265,-0.0353,-0.0302,-12.94,-32.37,28.31,357.08,-81.56,-157.54
52.43819,-1.534149,176.87,6.56,4,140.46,17 / 20,1502909,2019-09-06 19:45:08:652,-0.2101,0.2035,10.2377,0.0023,0.0043,9.8066,-0.022,-0.0479,0.0061,-13.31,-32.56,28.19,355.91,-81.57,-158.5
52.43819,-1.534149,176.87,6.56,4,140.46,17 / 20,1503009,2019-09-06 19:45:08:752,0.0369,0.0063,9.6483,0.0074,-0.0002,9.8066,-0.0308,0.0012,0.0132,-13,-32.19,28.5,356.1,-81.5,-159.13
52.43819,-1.534149,176.87,6.56,4,140.46,17 / 20,1503109,2019-09-06 19:45:08:852,-0.6922,0.0538,9.7318,0.0034,0.007,9.8066,-0.024,-0.0485,-0.0134,-12.56,-31.94,28.44,354.52,-81.49,-159.68
52.43819,-1.534149,176.87,6.56,4,140.46,17 / 20,1503210,2019-09-06 19:45:08:953,-0.6594,-0.5654,10.1903,0.0042,0.0072,9.8066,-0.0654,-0.0501,-0.024,-12.62,-32.56,28.5,354.98,-81.57,-160.06
52.43819,-1.534149,176.87,6.56,4,140.46,17 / 20,1503310,2019-09-06 19:45:09:053,-0.095,-0.2285,9.4949,0.0023,-0.0008,9.8066,-0.0069,-0.0193,0.0195,-12.37,-33.06,28.31,355.65,-81.69,-160.42
52.43819,-1.534149,176.87,6.56,4,140.46,19 / 20,1503409,2019-09-06 19:45:09:152,-1.0654,0.1327,10.1777,-0.0001,0.0037,9.8066,-0.0235,-0.0928,-0.0239,-12.37,-31.75,28.44,355.62,-81.74,-160.47
52.43819,-1.534149,176.87,6.56,4,140.46,19 / 20,1503510,2019-09-06 19:45:09:253,0.1912,0.2862,10.301,-0.0055,0.0229,9.8066,0.0187,-0.0695,0.0375,-12.12,-32.25,28.5,355.84,-81.89,-161.04
52.43819,-1.534149,176.87,6.56,4,140.46,19 / 20,1503609,2019-09-06 19:45:09:352,0.1657,-0.4568,9.8219,0.0006,0.0271,9.8065,-0.0554,-0.0194,-0.0107,-12.19,-32.5,29,355.07,-81.91,-161.7
52.43819,-1.534149,176.87,6.56,4,140.46,19 / 20,1503710,2019-09-06 19:45:09:453,-0.2851,0.3094,9.7516,0.0102,-0.0166,9.8066,0.0624,-0.0135,0.0101,-12.94,-32.12,28.25,351.11,-81.82,-162.59
52.43819,-1.534149,176.87,6.56,4,140.46,19 / 20,1503810,2019-09-06 19:45:09:553,-0.4987,0.866,9.8921,0.0111,-0.012,9.8066,0.0584,-0.0301,-0.0255,-13,-32.5,27.25,349.97,-81.87,-162.72
52.43819,-1.534149,176.87,6.56,4,140.46,19 / 20,1503909,2019-09-06 19:45:09:652,-0.145,1.0801,9.7482,-0.0024,0.0227,9.8066,-0.0003,-0.0202,0.0186,-11.62,-31.81,27.38,351.45,-81.95,-163.21
52.43819,-1.534149,176.87,6.56,4,140.46,19 / 20,1504010,2019-09-06 19:45:09:753,-0.1228,0.2422,9.9318,0.0078,-0.0127,9.8066,0.0338,-0.0258,0.0211,-11.06,-33.37,28.25,353.65,-82.06,-163.88
52.43819,-1.534149,176.87,6.56,4,140.46,19 / 20,1504109,2019-09-06 19:45:09:852,-0.039,0.2977,10.024,0.0099,-0.0156,9.8065,-0.1049,-0.0126,0.0059,-11.81,-33.62,28.13,350.78,-81.92,-164.49
52.43819,-1.534149,176.87,6.56,4,140.46,19 / 20,1504210,2019-09-06 19:45:09:953,0.3259,-0.0835,9.7272,-0.0053,0.0222,9.8065,-0.1251,-0.0192,-0.029,-12.12,-33.19,28.13,350.37,-81.99,-164.89
52.43819,-1.534149,176.87,6.56,4,140.46,19 / 20,1504310,2019-09-06 19:45:10:053,-0.6375,0.0245,9.7783,-0.0101,0.0192,9.8066,-0.1185,-0.0667,0.0164,-11.69,-32.81,28.13,350.44,-82.16,-164.87
52.43819,-1.534149,176.87,6.56,4,140.46,19 / 21,1504409,2019-09-06 19:45:10:152,0.3145,0.018,10.1001,-0.0049,0.0175,9.8066,0.1098,-0.0108,-0.0291,-11.69,-33.06,28.44,350.04,-82.2,-165.22
52.43819,-1.534149,176.87,6.56,4,140.46,19 / 21,1504509,2019-09-06 19:45:10:252,0.189,-0.4327,10.3634,0.0107,-0.001,9.8065,-0.1041,-0.0163,-0.0265,-11.94,-32.94,28.31,349.77,-82.23,-165.45
52.43819,-1.534149,176.87,6.56,4,140.46,19 / 21,1504610,2019-09-06 19:45:10:353,-0.6505,-0.0193,10.0493,0.0147,0.0028,9.8065,-0.1086,0.0176,-0.0523,-11.56,-33.19,27.31,346.69,-82.23,-167.24
52.43819,-1.534149,176.87,6.56,4,140.46,19 / 21,1504709,2019-09-06 19:45:10:452,0.5703,0.5995,9.9313,0.0179,-0.0041,9.8066,0.0801,-0.0235,-0.0522,-11.87,-33.12,28.25,345.65,-82.22,-168.94
52.43819,-1.534149,176.87,6.56,4,140.46,19 / 21,1504810,2019-09-06 19:45:10:553,-0.4545,0.4088,9.9388,0.0161,0.0087,9.8066,0.0565,-0.0256,-0.0307,-11.37,-33.06,28.25,345.68,-82.23,-170.64
52.43819,-1.534149,176.87,6.56,4,140.46,19 / 21,1504909,2019-09-06 19:45:10:652,0.1777,-0.0839,10.1143,0.0189,0.0024,9.8066,-0.0863,-0.0193,-0.0532,-11.69,-33.62,28.88,342.4,-82.12,-172.39
52.43819,-1.534149,176.87,6.56,4,140.46,19 / 21,1505010,2019-09-06 19:45:10:753,0.5538,0.6581,9.7804,0.0258,-0.0117,9.8065,-0.1326,-0.003,0.0168,-11.56,-33.5,28.19,339.87,-82.08,-173.81
52.43819,-1.534149,176.87,6.56,4,140.46,19 / 21,1505109,2019-09-06 19:45:10:852,-0.3039,-0.0562,10.5034,0.0036,0.0343,9.8066,-0.0983,-0.0047,-0.0346,-11.56,-33.37,28.5,340.32,-82.08,-174.22
52.43819,-1.534149,176.87,6.56,4,140.46,19 / 21,1505213,2019-09-06 19:45:10:956,0.2237,-1.7779,9.4381,-0.0095,0.0594,9.8065,0.0537,-0.0583,0.0249,-11.56,-33.19,28.19,337.44,-82.4,-176.03
52.43819,-1.534149,176.87,6.56,4,140.46,19 / 21,1505310,2019-09-06 19:45:11:053,0.4062,-0.9036,9.9495,0.0279,-0.0082,9.8065,-0.165,0.0196,-0.098,-11,-33.5,28.31,337.47,-82.33,-177.68
52.437473,-1.533332,177.27,12.11,3,150.48,20 / 21,1505410,2019-09-06 19:45:11:153,0.2338,0.1513,9.6974,0.0101,0.0001,9.8066,-0.0236,-0.0185,-0.0484,-10.94,-33.56,28.13,336.9,-82.5,-178.16
52.437473,-1.533332,177.27,12.11,3,150.48,20 / 21,1505509,2019-09-06 19:45:11:252,-0.2067,-0.3063,9.4542,0.0044,0.0017,9.8066,0.095,0.0642,-0.1004,-10.62,-33.94,28.63,335.66,-82.57,179.96
52.437473,-1.533332,177.27,12.11,3,150.48,20 / 21,1505610,2019-09-06 19:45:11:353,-0.4829,-0.7433,10.2143,0.0072,0.0142,9.8066,0.1283,-0.0764,0.0811,-11.12,-33.5,28.31,333.72,-82.6,178.95
52.437473,-1.533332,177.27,12.11,3,150.48,20 / 21,1505710,2019-09-06 19:45:11:453,-0.6477,-0.3817,9.8625,-0.0145,0.0214,9.8065,-0.057,0.0262,-0.0546,-10.56,-32.94,27.88,334.13,-82.72,179.24
52.437473,-1.533332,177.27,12.11,3,150.48,20 / 21,1505810,2019-09-06 19:45:11:553,0.496,0.1392,9.4683,0.0006,0.0054,9.8066,-0.0077,-0.0176,0.0471,-10.44,-33.81,28.63,336.84,-82.76,179.18
52.437473,-1.533332,177.27,12.11,3,150.48,20 / 21,1505910,2019-09-06 19:45:11:653,0.7344,0.5153,9.4626,-0.0257,0.0111,9.8066,0.066,0.0338,0.0261,-11.06,-33.25,27.81,335.19,-82.84,-179.9
52.437473,-1.533332,177.27,12.11,3,150.48,20 / 21,1506009,2019-09-06 19:45:11:752,-0.7256,-0.402,9.9142,-0.0219,0.0187,9.8066,0.0534,-0.0791,0.1019,-11.56,-32.87,27.5,336.34,-83.09,-177.31
52.437473,-1.533332,177.27,12.11,3,150.48,20 / 21,1506109,2019-09-06 19:45:11:852,0.3065,-0.0939,10.0678,-0.0261,-0.0019,9.8066,-0.0849,0.0325,0.019,-10.94,-33.69,28.19,340.81,-83.16,-175.08
52.437473,-1.533332,177.27,12.11,3,150.48,20 / 21,1506210,2019-09-06 19:45:11:953,0.4567,0.0529,9.95,-0.0076,-0.0207,9.8066,-0.0712,-0.0541,0.0802,-11.5,-33.06,28,343.67,-83.12,-172.65
52.437473,-1.533332,177.27,12.11,3,150.48,20 / 21,1506310,2019-09-06 19:45:12:053,-0.1703,0.7986,9.8883,-0.0036,-0.0263,9.8066,-0.1111,0.0312,-0.0091,-11.62,-33.5,27.81,343.44,-83.04,-171.1
52.437473,-1.533332,177.27,12.11,3,150.48,18 / 20,1506410,2019-09-06 19:45:12:153,0.0518,-0.3405,10.5612,-0.0027,0.0109,9.8066,0.1562,-0.0099,0.0044,-11.87,-33.81,28.25,343.25,-83.04,-171.2
52.437473,-1.533332,177.27,12.11,3,150.48,18 / 20,1506509,2019-09-06 19:45:12:252,0.5716,-0.6224,9.875,-0.0074,0.0154,9.8066,-0.0728,0.0125,-0.034,-11.19,-33.19,28.5,345.79,-82.93,-171.5
52.437473,-1.533332,177.27,12.11,3,150.48,18 / 20,1506609,2019-09-06 19:45:12:352,0.3462,0.1109,9.8834,0.0092,0.0043,9.8066,-0.0488,0.014,0.0411,-11.37,-33.19,28.38,343.94,-82.89,-172.34
52.437473,-1.533332,177.27,12.11,3,150.48,18 / 20,1506710,2019-09-06 19:45:12:453,-0.5876,0.0224,9.9358,0,-0.0023,9.8066,0.0258,-0.0027,-0.0552,-11.94,-33.5,28,341.69,-82.96,-172.59
52.437473,-1.533332,177.27,12.11,3,150.48,18 / 20,1506809,2019-09-06 19:45:12:552,0.3644,-0.3059,9.4648,0.0153,-0.0015,9.8066,-0.0169,-0.0017,-0.0018,-11.75,-33.44,28.13,340.87,-82.96,-173.3
52.437473,-1.533332,177.27,12.11,3,150.48,18 / 20,1506910,2019-09-06 19:45:12:653,-0.1767,-0.6967,9.0291,-0.0052,-0.0163,9.8066,-0.0511,0.0164,0.0594,-11.31,-33.75,27.75,342.38,-82.9,-173.62
52.437473,-1.533332,177.27,12.11,3,150.48,18 / 20,1507010,2019-09-06 19:45:12:753,0.0506,-0.0454,8.1901,-0.0268,0.0233,9.8065,-0.1896,0.0005,0.0512,-11.81,-33.69,27.69,343.17,-83.28,-171.35
52.437473,-1.533332,177.27,12.11,3,150.48,18 / 20,1507110,2019-09-06 19:45:12:853,-0.167,0.5026,9.2774,-0.0135,0.0035,9.8066,0.1026,0.0257,-0.0802,-12.25,-34.12,27.94,345.28,-83.62,-169.63
52.437473,-1.533332,177.27,12.11,3,150.48,18 / 20,1507209,2019-09-06 19:45:12:952,0.2422,0.6993,10.4914,0.0023,0.0069,9.8066,0.1246,-0.0137,0.0779,-11.5,-33.5,28.06,346.2,-83.89,-170.68
52.437473,-1.533332,177.27,12.11,3,150.48,18 / 20,1507310,2019-09-06 19:45:13:053,-0.5797,-0.6797,10.5903,0.0067,-0.0453,9.8065,0.0529,0.0743,-0.068,-12.25,-33.25,27.69,344.6,-83.53,-170.25
52.437473,-1.533332,177.27,12.11,3,150.48,17 / 19,1507409,2019-09-06 19:45:13:152,0.5457,-0.995,9.6715,0.014,-0.0292,9.8065,-0.0886,0.0309,0.0615,-11.81,-32.56,27.88,344.1,-82.94,-170.49
52.437473,-1.533332,177.27,12.11,3,150.48,17 / 19,1507510,2019-09-06 19:45:13:253,0.7306,-0.786,9.6142,-0.0275,0.0518,9.8064,0.0644,-0.0305,-0.0475,-12.37,-32.75,28.25,345.48,-83.16,-169.37
52.437473,-1.533332,177.27,12.11,3,150.48,17 / 19,1507609,2019-09-06 19:45:13:352,-0.1588,0.6547,9.4491,-0.0337,0.0555,9.8064,0.0078,0.0156,-0.0608,-12.37,-32.5,27.88,346.49,-83.48,-168.63
52.437473,-1.533332,177.27,12.11,3,150.48,17 / 19,1507710,2019-09-06 19:45:13:453,-0.4191,-0.409,9.5916,0.0045,0.0004,9.8066,0.0322,-0.008,0.0186,-12.56,-33.31,28,344.82,-83.62,-168.4
52.437473,-1.533332,177.27,12.11,3,150.48,17 / 19,1507810,2019-09-06 19:45:13:553,-0.4308,1.0506,9.8999,0.011,-0.007,9.8065,0.0448,-0.0064,-0.0426,-11.87,-33.69,27.5,345.16,-83.57,-169.72
52.437473,-1.533332,177.27,12.11,3,150.48,17 / 19,1507910,2019-09-06 19:45:13:653,0.2093,-0.9021,10.0202,-0.0021,0.007,9.8066,0.002,0.0275,-0.0002,-11.37,-33.44,28.13,346.49,-83.42,-170.29
52.437473,-1.533332,177.27,12.11,3,150.48,17 / 19,1508010,2019-09-06 19:45:13:753,1.0695,-0.4454,9.9167,0.0076,-0.0081,9.8066,-0.0243,-0.0126,0,-12.19,-33.06,27.81,344.8,-83.49,-170.07
52.437473,-1.533332,177.27,12.11,3,150.48,17 / 19,1508109,2019-09-06 19:45:13:852,0.0306,0.1002,10.3935,0,-0.0069,9.8066,0.0236,-0.0113,0.0175,-11.69,-33.44,27.81,344.84,-83.55,-170.05
52.437473,-1.533332,177.27,12.11,3,150.48,17 / 19,1508209,2019-09-06 19:45:13:952,0.0848,0.234,10.6363,0.0053,-0.0221,9.8066,0.0334,-0.0033,0.0061,-11.69,-32.94,28.19,345.44,-83.51,-169.51
52.437473,-1.533332,177.27,12.11,3,150.48,17 / 19,1508309,2019-09-06 19:45:14:052,0.5975,-0.3916,10.0338,0.0107,-0.0269,9.8065,-0.0576,-0.0038,0.0315,-11.69,-33.12,27.5,345.34,-83.46,-169.58
52.437473,-1.533332,177.27,12.11,3,150.48,18 / 20,1508409,2019-09-06 19:45:14:152,0.3958,-0.1067,9.5511,0.013,-0.0409,9.8065,-0.0154,0.0528,0.0454,-11.37,-33.5,28.31,347.6,-83.09,-169.24
52.437473,-1.533332,177.27,12.11,3,150.48,18 / 20,1508510,2019-09-06 19:45:14:253,-0.0844,-0.2244,9.2258,-0.0112,0.0054,9.8065,-0.051,-0.0031,0.0065,-12.37,-33.44,28.31,347.44,-83.23,-167.68
52.437473,-1.533332,177.27,12.11,3,150.48,18 / 20,1508610,2019-09-06 19:45:14:353,-0.1367,-0.5281,9.9562,-0.021,-0.0047,9.8066,-0.0496,-0.0049,0.0145,-12.5,-32.81,28.31,349.56,-83.31,-165.86
52.437473,-1.533332,177.27,12.11,3,150.48,18 / 20,1508709,2019-09-06 19:45:14:452,-0.1455,-0.0569,10.3495,-0.0162,-0.0159,9.8066,0.0468,-0.04,0.1196,-12.81,-33.25,27.69,351.4,-83.22,-162.55
52.437473,-1.533332,177.27,12.11,3,150.48,18 / 20,1508810,2019-09-06 19:45:14:553,0.1404,-0.5056,9.9763,-0.003,0.0086,9.8066,-0.0734,0.0156,-0.0441,-12.87,-33.12,28.31,351.92,-83.18,-162.09
52.437473,-1.533332,177.27,12.11,3,150.48,18 / 20,1508910,2019-09-06 19:45:14:653,-0.1517,1.3705,9.8805,-0.0083,0.0176,9.8066,0.0938,0.0034,0.0362,-12.81,-32.87,28.25,352.2,-83.08,-161.84
52.437473,-1.533332,177.27,12.11,3,150.48,18 / 20,1509010,2019-09-06 19:45:14:753,-0.418,-0.728,9.8375,-0.0204,0.0428,9.8065,0.016,-0.0219,-0.0056,-12.5,-32.75,28.25,355.57,-83.28,-160.64
52.437473,-1.533332,177.27,12.11,3,150.48,18 / 20,1509110,2019-09-06 19:45:14:853,-1.0547,0.8366,10.1671,0.0067,-0.0026,9.8066,0.0553,0.029,-0.0468,-12.69,-33.56,27.75,352.25,-83.35,-161.81
52.437473,-1.533332,177.27,12.11,3,150.48,18 / 20,1509210,2019-09-06 19:45:14:953,0.4245,0.0883,10.0667,0.0318,-0.0363,9.8065,0.2099,0.0215,-0.0063,-12.62,-33.44,28.13,353.06,-83.45,-161.15
52.437473,-1.533332,177.27,12.11,3,150.48,18 / 20,1509309,2019-09-06 19:45:15:052,-0.3889,0.0018,10.5478,0.0246,-0.0356,9.8065,0.1814,-0.0546,0.0053,-12.94,-33.06,27.56,350.93,-83.29,-162.98
52.437473,-1.533332,177.27,12.11,3,150.48,20 / 21,1509409,2019-09-06 19:45:15:152,0.0559,1.0005,9.0726,0.0338,-0.0452,9.8064,-0.1287,0.0301,-0.0465,-12.25,-33.62,27.88,351.94,-83.29,-163.76
52.437473,-1.533332,177.27,12.11,3,150.48,20 / 21,1509509,2019-09-06 19:45:15:252,0.3133,1.5315,9.1138,-0.0116,0.0236,9.8066,0.1158,-0.1214,0.0521,-12.31,-32.94,27.69,351.48,-83.45,-164.22
52.437473,-1.533332,177.27,12.11,3,150.48,20 / 21,1509610,2019-09-06 19:45:15:353,-1.5464,0.6856,9.8253,-0.0011,0.0148,9.8066,0.0546,-0.0165,-0.0428,-12.37,-33.19,28.38,352.18,-83.61,-163.63
52.437473,-1.533332,177.27,12.11,3,150.48,20 / 21,1509710,2019-09-06 19:45:15:453,-1.1936,0.4803,10.0661,0.0002,0.0027,9.8066,0.1855,0.001,0.0057,-12.25,-33.06,27.69,351.7,-83.55,-164.04
52.437473,-1.533332,177.27,12.11,3,150.48,20 / 21,1509809,2019-09-06 19:45:15:552,0.025,-1.0792,10.1643,-0.0131,0.0051,9.8066,0.2807,0.011,0.0439,-12.44,-32.69,27.63,352.52,-83.4,-163.3
52.437473,-1.533332,177.27,12.11,3,150.48,20 / 21,1509910,2019-09-06 19:45:15:653,-0.4459,-0.2237,9.7988,0.0053,-0.0122,9.8066,-0.0899,0.0003,-0.0234,-12.81,-33.25,28.5,351.59,-83.28,-163.19
52.437473,-1.533332,177.27,12.11,3,150.48,20 / 21,1510010,2019-09-06 19:45:15:753,-0.4054,0.0973,9.5821,-0.0112,0.0166,9.8066,-0.0097,-0.0275,0.014,-12.19,-33.12,28.25,352.38,-83.28,-163.41
52.437473,-1.533332,177.27,12.11,3,150.48,20 / 21,1510109,2019-09-06 19:45:15:852,0.1209,0.2093,10.0817,-0.0053,0.0021,9.8066,-0.0299,-0.0555,0.0287,-12.44,-33.56,28.19,353.18,-83.42,-162.71
52.437473,-1.533332,177.27,12.11,3,150.48,20 / 21,1510210,2019-09-06 19:45:15:953,-0.0313,-0.0584,10.1314,0.0086,-0.0013,9.8066,-0.0204,-0.0338,-0.002,-12.56,-33.69,28.63,352.15,-83.45,-162.69
52.437473,-1.533332,177.27,12.11,3,150.48,20 / 21,1510310,2019-09-06 19:45:16:053,-0.9751,-0.0916,10.4321,-0.0012,-0.0131,9.8066,0.042,0.0491,-0.0197,-12.31,-33.06,28.38,353.46,-83.31,-162.47
52.437473,-1.533332,177.27,12.11,3,150.48,20 / 21,1510410,2019-09-06 19:45:16:153,0.214,-0.2886,9.71,-0.0082,0.0102,9.8066,-0.0359,-0.0161,0.0428,-12.19,-33.31,27.75,353.51,-83.22,-162.42
52.437473,-1.533332,177.27,12.11,3,150.48,20 / 21,1510510,2019-09-06 19:45:16:253,-0.7677,0.5884,10.0421,0.0051,0.01,9.8066,0.0456,-0.0183,-0.0391,-12.69,-33.37,28.06,351.2,-83.3,-162.74
52.437473,-1.533332,177.27,12.11,3,150.48,20 / 21,1510610,2019-09-06 19:45:16:353,0.2094,-1.0392,9.8012,-0.0052,0.0323,9.8066,0.2234,-0.0441,0.0189,-12.56,-33.25,28.31,350.73,-83.55,-163.2
52.437473,-1.533332,177.27,12.11,3,150.48,20 / 21,1510710,2019-09-06 19:45:16:453,0.1219,-0.1574,9.6143,0.0124,-0.021,9.8066,-0.0628,0.0062,0.0304,-12.75,-33.06,28.38,350.33,-83.58,-163.56
52.437473,-1.533332,177.27,12.11,3,150.48,20 / 21,1510810,2019-09-06 19:45:16:553,-0.0643,0.4199,9.7508,0.0058,-0.0216,9.8065,-0.0384,0.0836,0.0063,-12.56,-33.25,28.13,350.38,-83.44,-163.49
52.437473,-1.533332,177.27,12.11,3,150.48,20 / 21,1510909,2019-09-06 19:45:16:652,-0.0739,-1.0305,8.9946,-0.0144,0.034,9.8065,0.0329,-0.022,0.0531,-12.62,-33.19,28,351.75,-83.54,-162.3
52.437473,-1.533332,177.27,12.11,3,150.48,20 / 21,1511010,2019-09-06 19:45:16:753,0.3045,-0.3723,8.9015,-0.0044,0.0182,9.8066,-0.0492,-0.0054,-0.0265,-12.5,-33.19,27.88,353.74,-83.54,-162.26
52.437473,-1.533332,177.27,12.11,3,150.48,20 / 21,1511109,2019-09-06 19:45:16:852,-1.2422,1.1471,10.2149,-0.0118,0.0336,9.8065,0.0159,0.0165,-0.0132,-12.44,-33.31,28.19,354.16,-83.9,-161.94
52.437473,-1.533332,177.27,12.11,3,150.48,20 / 21,1511210,2019-09-06 19:45:16:953,0.4904,0.6129,9.7055,0.0059,0.0263,9.8065,0.1403,0.0663,-0.0576,-12.31,-33.25,27.81,353.02,-84.05,-162.96
52.437473,-1.533332,177.27,12.11,3,150.48,20 / 21,1511310,2019-09-06 19:45:17:053,0.3532,-0.9029,9.2512,0.0231,-0.0224,9.8065,0.0874,-0.0336,-0.0044,-12.06,-33.37,28,351.33,-84.09,-164.47
52.437473,-1.533332,177.27,12.11,3,150.48,20 / 21,1511410,2019-09-06 19:45:17:153,-0.5267,0.6094,10.1536,0.0182,-0.0338,9.8065,0.1001,0.0615,-0.0307,-11.56,-33.37,28.56,349.85,-83.94,-166.5
52.437473,-1.533332,177.27,12.11,3,150.48,20 / 21,1511510,2019-09-06 19:45:17:253,0.5151,-0.7665,9.8186,0.0186,-0.0002,9.8066,-0.1284,-0.0205,0.0133,-12.25,-33.5,28.25,347.1,-83.97,-168.18
52.437473,-1.533332,177.27,12.11,3,150.48,20 / 21,1511610,2019-09-06 19:45:17:353,-0.0863,0.7646,9.5561,0.0148,-0.0199,9.8065,-0.0696,-0.0146,-0.021,-11.56,-33.87,28.31,346.44,-83.99,-168.72
52.437473,-1.533332,177.27,12.11,3,150.48,20 / 21,1511709,2019-09-06 19:45:17:452,0.485,0.0545,9.1049,0.004,0.0014,9.8066,0.0646,-0.0194,-0.0223,-12.31,-33.94,28,346.23,-84.1,-168.94
52.437473,-1.533332,177.27,12.11,3,150.48,20 / 21,1511810,2019-09-06 19:45:17:553,-1.155,1.3482,9.7116,0.0057,-0.0126,9.8065,0.069,-0.0106,0.0218,-11.87,-33.94,28.44,346.36,-84.17,-168.84
52.437473,-1.533332,177.27,12.11,3,150.48,20 / 21,1511909,2019-09-06 19:45:17:652,0.3312,0.1845,9.6232,-0.0104,0.041,9.8065,0.0415,-0.0589,0.018,-11.62,-33.31,27.5,346.03,-84.16,-169.17
52.437473,-1.533332,177.27,12.11,3,150.48,20 / 21,1512009,2019-09-06 19:45:17:752,-0.0189,-0.0855,9.646,0.0126,-0.029,9.8066,0.1447,-0.0746,0.0282,-12.25,-33.44,27.75,345.58,-84.42,-169.65
52.437473,-1.533332,177.27,12.11,3,150.48,20 / 21,1512110,2019-09-06 19:45:17:853,-0.3163,-0.5774,9.5194,0.0085,-0.0277,9.8065,-0.273,0.0219,0.0011,-11.75,-33.62,28.44,345.42,-84.32,-169.71
52.437473,-1.533332,177.27,12.11,3,150.48,20 / 21,1512210,2019-09-06 19:45:17:953,-0.6377,0.7328,10.1182,0.0144,-0.0204,9.8065,-0.1647,-0.0138,0.0507,-12.12,-33.5,27.75,345.71,-84.42,-169.54
52.437473,-1.533332,177.27,12.11,3,150.48,20 / 21,1512309,2019-09-06 19:45:18:052,-1.2329,0.483,10.3283,-0.003,0.006,9.8066,-0.0625,-0.0676,0.0201,-11.87,-33.56,27.5,345.94,-84.53,-169.32
52.437473,-1.533332,177.27,12.11,3,150.48,18 / 19,1512409,2019-09-06 19:45:18:152,-1.7418,0.8311,9.565,0.0013,0.0049,9.8066,-0.1146,-0.0941,0.0296,-11.94,-33.62,28.06,345.29,-84.56,-169.9
52.437473,-1.533332,177.27,12.11,3,150.48,18 / 19,1512510,2019-09-06 19:45:18:253,-0.1201,0.6804,9.9734,-0.015,0.0404,9.8065,0.1307,0.0079,-0.0117,-11.81,-33.94,28.44,344.49,-84.68,-170.66
52.437473,-1.533332,177.27,12.11,3,150.48,18 / 19,1512609,2019-09-06 19:45:18:352,-0.1371,0.2971,9.9026,-0.0065,0.0411,9.8065,0.0971,0.0337,-0.0283,-11.69,-34.06,28.19,342.65,-84.75,-172.33
52.437473,-1.533332,177.27,12.11,3,150.48,18 / 19,1512709,2019-09-06 19:45:18:452,0.6163,0.1977,9.9737,0.0193,-0.0193,9.8066,0.0131,0.0017,-0.017,-11.94,-33.75,28.38,339.64,-84.5,-174.95
52.437473,-1.533332,177.27,12.11,3,150.48,18 / 19,1512809,2019-09-06 19:45:18:552,0.2269,-0.0892,10.0512,0.0032,-0.0018,9.8066,-0.0208,-0.017,-0.0457,-11.25,-34.06,28.13,340.59,-84.46,-175.8
52.437473,-1.533332,177.27,12.11,3,150.48,18 / 19,1512909,2019-09-06 19:45:18:652,0.1789,0.1469,10.1431,0.0006,-0.0007,9.8066,0.0274,0.0486,0.0327,-11.19,-33.5,27.69,340.36,-84.46,-176.07
52.437473,-1.533332,177.27,12.11,3,150.48,18 / 19,1513009,2019-09-06 19:45:18:752,0.1866,0.9689,9.2903,0.0077,-0.0246,9.8066,-0.1258,0.0662,0.0191,-11.56,-33.62,28.13,338.59,-84.31,-175.8
52.437473,-1.533332,177.27,12.11,3,150.48,18 / 19,1513109,2019-09-06 19:45:18:852,0.3302,-0.7568,9.7766,-0.0192,0.0421,9.8065,0.0987,-0.0137,-0.0099,-11.81,-33.94,28.25,339.2,-84.53,-175.35
52.437473,-1.533332,177.27,12.11,3,150.48,18 / 19,1513209,2019-09-06 19:45:18:952,0.2304,0.3391,9.8187,-0.031,0.0476,9.8064,0.0855,-0.0287,0.0166,-11.37,-33.31,27.88,341.84,-84.56,-174.77
52.437473,-1.533332,177.27,12.11,3,150.48,18 / 19,1513309,2019-09-06 19:45:19:052,-0.3913,1.2938,9.9105,0.0209,-0.0517,9.8064,-0.0508,-0.0181,0.0517,-11.19,-33.87,27.88,341.23,-84.26,-175.15
52.437473,-1.533332,177.27,12.11,3,150.48,20 / 22,1513410,2019-09-06 19:45:19:153,0.1854,0.8963,9.8119,0.0194,-0.0363,9.8066,-0.1483,0.0447,-0.0509,-11.94,-33.81,27.94,339.66,-84.31,-174.84
52.437473,-1.533332,177.27,12.11,3,150.48,20 / 22,1513509,2019-09-06 19:45:19:252,-0.3364,1.09,9.7627,-0.0064,0.0197,9.8066,0.0559,0.0271,0.0027,-11,-34,27.75,341.67,-84.41,-174.81
52.437473,-1.533332,177.27,12.11,3,150.48,20 / 22,1513610,2019-09-06 19:45:19:353,-0.7043,-0.0132,9.8789,-0.0055,0.0085,9.8066,-0.0485,-0.019,0.0451,-11.87,-33.5,27.56,340.02,-84.49,-174.66
52.437473,-1.533332,177.27,12.11,3,150.48,20 / 22,1513710,2019-09-06 19:45:19:453,-0.0702,-0.0138,10.1809,-0.0091,0.0273,9.8065,0.1375,-0.0029,-0.0264,-11.87,-33.69,28.38,339.34,-84.58,-175.25
52.437473,-1.533332,177.27,12.11,3,150.48,20 / 22,1513810,2019-09-06 19:45:19:553,-0.4091,0.1129,10.1737,-0.0179,0.0256,9.8066,0.1465,-0.012,0.0079,-11.31,-33.81,28,341.47,-84.43,-175
52.437473,-1.533332,177.27,12.11,3,150.48,20 / 22,1513910,2019-09-06 19:45:19:653,-0.6688,0.8114,9.7074,0.0184,-0.0411,9.8065,-0.0759,0.0597,0.0095,-11.75,-33.56,28.06,339.53,-84.07,-174.85
52.437473,-1.533332,177.27,12.11,3,150.48,20 / 22,1514010,2019-09-06 19:45:19:753,0.8542,-0.2902,9.6219,0.0029,-0.0131,9.8066,0.0191,0.0395,-0.0322,-11.69,-33.31,27.5,339.99,-84.22,-174.58
52.437473,-1.533332,177.27,12.11,3,150.48,20 / 22,1514109,2019-09-06 19:45:19:852,-0.706,-0.2842,10.2623,0.0036,-0.0134,9.8066,-0.1806,0.0433,-0.0027,-12.19,-33.94,28.13,340.16,-84.49,-174.47
52.437473,-1.533332,177.27,12.11,3,150.48,20 / 22,1514210,2019-09-06 19:45:19:953,-0.674,1.0775,10.0129,0.005,-0.0237,9.8066,-0.1359,-0.0143,-0.0099,-11.5,-33.37,28.06,342.76,-84.5,-173.93
52.437473,-1.533332,177.27,12.11,3,150.48,20 / 22,1514310,2019-09-06 19:45:20:053,0.5222,-0.0409,9.5854,-0.0081,0.0148,9.8066,-0.0516,-0.0012,-0.0006,-11.62,-33.5,27.88,340.38,-84.62,-174.39
52.436543,-1.532528,177.9,12.97,3,152.44,19 / 20,1514409,2019-09-06 19:45:20:152,0.1261,-0.467,9.8048,-0.0056,0.0127,9.8066,-0.0272,0.0166,-0.0242,-12.44,-34.5,28.38,340.26,-84.52,-174.39
52.436543,-1.532528,177.9,12.97,3,152.44,19 / 20,1514510,2019-09-06 19:45:20:253,-0.3558,-0.1205,9.8808,0.0097,-0.0152,9.8066,0.0025,-0.0036,-0.0212,-11.75,-33.5,29,341.11,-84.36,-174.41
52.436543,-1.532528,177.9,12.97,3,152.44,19 / 20,1514609,2019-09-06 19:45:20:352,-0.1827,0.6297,8.7586,0.0101,0.0014,9.8065,-0.1045,-0.0187,0.0071,-11.44,-33.56,28.5,341.89,-84.46,-175.37
52.436543,-1.532528,177.9,12.97,3,152.44,19 / 20,1514710,2019-09-06 19:45:20:453,-0.7574,0.5902,9.4482,-0.0072,0.0358,9.8065,0.0569,-0.0042,-0.0513,-11.69,-33.25,27.44,337.95,-84.58,-175.72
52.436543,-1.532528,177.9,12.97,3,152.44,19 / 20,1514810,2019-09-06 19:45:20:553,-0.3496,-0.0541,10.2593,0.0035,0.0175,9.8065,0.0618,-0.0347,-0.0216,-12,-34.06,27.69,336.77,-84.94,-177.72
52.436543,-1.532528,177.9,12.97,3,152.44,19 / 20,1514910,2019-09-06 19:45:20:653,0.1899,0.7128,9.8114,0.0031,0.0031,9.8066,0.0675,0.0095,0.0109,-11.62,-33.69,27.81,334.7,-84.87,-179.56
52.436543,-1.532528,177.9,12.97,3,152.44,19 / 20,1515009,2019-09-06 19:45:20:752,0.2456,-0.3461,9.9864,0.0014,-0.0043,9.8066,0.0389,-0.0013,0.0148,-11.44,-33.87,28.25,336.51,-84.71,-179.57
52.436543,-1.532528,177.9,12.97,3,152.44,19 / 20,1515110,2019-09-06 19:45:20:853,-0.5899,0.476,10.2441,0.0009,-0.0038,9.8066,0.0484,-0.0026,0.0323,-11.56,-33.75,27.69,334.78,-84.59,-179.35
52.436543,-1.532528,177.9,12.97,3,152.44,19 / 20,1515209,2019-09-06 19:45:20:952,-0.1922,-0.7665,9.4716,-0.0088,0.0196,9.8066,0.0684,-0.0416,-0.003,-11.62,-33.37,28.63,336.1,-84.62,-179.04
52.436543,-1.532528,177.9,12.97,3,152.44,19 / 20,1515309,2019-09-06 19:45:21:052,0.4869,-0.5023,10.0634,0.0318,-0.047,9.8064,0.2807,-0.0043,-0.0643,-11.44,-34.19,27.63,336.52,-84.95,-179.67
52.436543,-1.532528,177.9,12.97,3,152.44,20 / 21,1515410,2019-09-06 19:45:21:153,-1.1316,2.0731,9.9832,0.0278,-0.0468,9.8065,-0.2686,0.0201,0.0318,-11.81,-34.44,28,333.86,-84.82,179.7
52.436543,-1.532528,177.9,12.97,3,152.44,20 / 21,1515510,2019-09-06 19:45:21:253,0.5543,1.1311,9.9262,0.0111,-0.0235,9.8065,0.184,-0.0093,0.0715,-11.69,-33.62,28.06,333.44,-84.74,179.36
52.436543,-1.532528,177.9,12.97,3,152.44,20 / 21,1515610,2019-09-06 19:45:21:353,-0.4304,0.1213,9.4597,0.0115,-0.0279,9.8066,-0.0212,0.0078,-0.0087,-12,-33.37,28.25,334,-84.46,179.93
52.436543,-1.532528,177.9,12.97,3,152.44,20 / 21,1515710,2019-09-06 19:45:21:453,-0.3725,0.0799,10.2195,-0.0149,0.0293,9.8065,0.0934,0.0497,-0.0034,-12.12,-34.19,28,334.16,-84.65,-179.94
52.436543,-1.532528,177.9,12.97,3,152.44,20 / 21,1515810,2019-09-06 19:45:21:553,-0.2106,-0.6909,10.3149,-0.0195,0.0416,9.8065,0.1465,0.007,0.032,-12.12,-34.5,27.88,334.39,-84.86,-179.84
52.436543,-1.532528,177.9,12.97,3,152.44,20 / 21,1515909,2019-09-06 19:45:21:652,0.2816,-0.0708,10.4199,0.0311,-0.0464,9.8064,-0.1152,0.0371,-0.0476,-12.37,-33.81,27.31,331.5,-84.94,178.34
52.436543,-1.532528,177.9,12.97,3,152.44,20 / 21,1516010,2019-09-06 19:45:21:753,0.2322,1.0445,9.4139,0.0052,-0.0108,9.8066,-0.0702,0.0542,-0.0003,-12.12,-33.94,28.31,331.97,-84.72,178.04
52.436543,-1.532528,177.9,12.97,3,152.44,20 / 21,1516109,2019-09-06 19:45:21:852,-0.4896,0.4836,10.0898,0.0099,-0.0193,9.8065,-0.0017,0.0702,-0.0153,-12,-34.06,28.13,332.68,-84.66,178.71
52.436543,-1.532528,177.9,12.97,3,152.44,20 / 21,1516209,2019-09-06 19:45:21:952,0.5584,0.303,10.0466,0.0042,-0.0076,9.8066,0.0233,0.0362,-0.0376,-11.31,-34.31,27.56,334.2,-84.76,178.32
52.436543,-1.532528,177.9,12.97,3,152.44,20 / 21,1516310,2019-09-06 19:45:22:053,-0.1886,0.8957,10.2509,0.0001,-0.0006,9.8066,0.038,0.0247,0.0132,-12.25,-33.81,27.56,331.55,-84.76,177.63
52.436543,-1.532528,177.9,12.97,3,152.44,20 / 21,1516410,2019-09-06 19:45:22:153,-0.3115,0.4657,10.0458,-0.0056,0.0115,9.8066,-0.0345,0.0316,-0.0281,-11.94,-34.5,28.06,331.43,-84.83,177.48
52.436543,-1.532528,177.9,12.97,3,152.44,22 / 23,1516510,2019-09-06 19:45:22:253,-0.0969,0.1176,9.7711,0.0127,-0.0065,9.8066,-0.0252,0.0562,-0.0237,-12.25,-33.87,28.06,329.71,-84.89,175.89
52.436543,-1.532528,177.9,12.97,3,152.44,22 / 23,1516609,2019-09-06 19:45:22:352,-0.5325,1.0196,9.7783,0.0069,0.0039,9.8066,-0.0867,0.0059,-0.0033,-11.75,-34.06,28.13,327.98,-84.87,174.32
52.436543,-1.532528,177.9,12.97,3,152.44,22 / 23,1516710,2019-09-06 19:45:22:453,-0.1161,0.8669,10.0317,0.0033,0.0069,9.8066,0.0683,0.0431,-0.034,-12.06,-34.25,27.94,326.08,-84.95,172.53
52.436543,-1.532528,177.9,12.97,3,152.44,22 / 23,1516810,2019-09-06 19:45:22:553,-0.9348,1.1628,10.0445,0.0093,-0.0161,9.8066,0.03,0.0056,0.0224,-11.5,-34.37,27.69,326.93,-85,171.57
52.436543,-1.532528,177.9,12.97,3,152.44,22 / 23,1516909,2019-09-06 19:45:22:652,-0.0974,1.2737,9.7386,0.015,-0.0049,9.8066,0.0654,0.0023,-0.0353,-12.44,-34.12,27.94,323.33,-84.9,170.04
52.436543,-1.532528,177.9,12.97,3,152.44,22 / 23,1517010,2019-09-06 19:45:22:753,0.2044,0.1632,9.6926,0.001,-0.0062,9.8066,0.0513,0.0593,-0.0308,-12,-34.12,28,323.33,-84.86,170.07
52.436543,-1.532528,177.9,12.97,3,152.44,22 / 23,1517109,2019-09-06 19:45:22:852,-0.2068,0.8699,9.8502,-0.0028,-0.0104,9.8066,-0.0336,0.0065,0.0444,-12,-33.94,28.06,324.16,-84.89,170.81
52.436543,-1.532528,177.9,12.97,3,152.44,22 / 23,1517209,2019-09-06 19:45:22:952,-0.6469,1.2359,9.9237,0.0102,-0.0014,9.8066,-0.1131,0.0611,-0.0292,-11.75,-34.06,27.94,324.21,-84.91,170.84
52.436543,-1.532528,177.9,12.97,3,152.44,22 / 23,1517310,2019-09-06 19:45:23:053,-0.3123,1.9999,10.1173,-0.0132,0.0239,9.8066,0.1585,-0.0014,0.0093,-12.31,-34.5,27.19,322.81,-85.11,170.28
52.436543,-1.532528,177.9,12.97,3,152.44,21 / 22,1517410,2019-09-06 19:45:23:153,-0.2493,0.4412,9.7346,-0.0167,0.0385,9.8065,0.0918,0.0333,-0.0085,-12.25,-33.94,27.63,323.36,-85.05,169.96
52.436543,-1.532528,177.9,12.97,3,152.44,21 / 22,1517510,2019-09-06 19:45:23:253,-0.3942,1.5952,9.8727,0.0157,-0.0272,9.8065,0.0602,0.0417,0.0352,-12.56,-34,27.81,321.56,-84.78,170.16
52.436543,-1.532528,177.9,12.97,3,152.44,21 / 22,1517610,2019-09-06 19:45:23:353,-1.0023,1.9654,9.8705,0.0118,-0.0035,9.8066,-0.0086,0.1162,-0.0685,-12.75,-34.19,27.81,320.8,-84.89,169.38
52.436543,-1.532528,177.9,12.97,3,152.44,21 / 22,1517710,2019-09-06 19:45:23:453,0.1084,0.5392,10.4974,0.0008,0.0179,9.8065,0.0072,0.0248,-0.0367,-12.94,-34.37,27.56,319.81,-84.89,168.46
52.436543,-1.532528,177.9,12.97,3,152.44,21 / 22,1517810,2019-09-06 19:45:23:553,-0.2804,0.665,9.7973,0.0126,-0.0005,9.8066,-0.0093,0.0072,-0.0268,-12.31,-33.94,27.44,318.5,-84.82,166.53
52.436543,-1.532528,177.9,12.97,3,152.44,21 / 22,1517910,2019-09-06 19:45:23:653,-0.7184,1.1332,9.481,0.0121,-0.0113,9.8066,0.0001,0.0643,-0.0541,-12.69,-34.19,27.56,316.65,-84.6,165.77
52.436543,-1.532528,177.9,12.97,3,152.44,21 / 22,1518009,2019-09-06 19:45:23:752,0.0552,0.4249,9.688,0.0105,-0.0105,9.8066,0.0128,0.0508,0.0131,-12.19,-34.5,27.31,316.9,-84.61,165.23
52.436543,-1.532528,177.9,12.97,3,152.44,21 / 22,1518110,2019-09-06 19:45:23:853,-0.3702,0.828,10.2728,0.0137,0.0177,9.8066,-0.0703,0.022,-0.0549,-12.25,-34.12,27.06,313.26,-84.79,161.71
52.436543,-1.532528,177.9,12.97,3,152.44,21 / 22,1518210,2019-09-06 19:45:23:953,-0.5961,0.0215,9.7249,0.0111,0.0174,9.8066,-0.068,0.0251,-0.0202,-12.5,-34.25,27.25,310.57,-84.86,159.15
52.436543,-1.532528,177.9,12.97,3,152.44,21 / 22,1518310,2019-09-06 19:45:24:053,-0.4092,1.665,9.8786,0.0042,0.0215,9.8066,-0.118,0.0542,-0.0263,-12.06,-34.75,26.88,308.29,-84.84,157.17
52.436543,-1.532528,177.9,12.97,3,152.44,21 / 23,1518409,2019-09-06 19:45:24:152,-0.3417,1.5346,10.9056,-0.0067,0.0297,9.8066,0.0974,0.0453,0.0224,-12.87,-34.25,27.75,304.48,-84.9,154.13
52.436543,-1.532528,177.9,12.97,3,152.44,21 / 23,1518510,2019-09-06 19:45:24:253,0.109,-0.0564,10.1891,0.034,-0.016,9.8065,-0.0657,0.1304,-0.0946,-12.12,-34.25,26.75,304.16,-84.63,153.37
52.436543,-1.532528,177.9,12.97,3,152.44,21 / 23,1518609,2019-09-06 19:45:24:352,-0.8475,1.8254,10.0207,0.0304,-0.0372,9.8065,0.0238,-0.0027,0.0456,-12.62,-34.06,26.88,301.91,-84.39,153.16
52.436543,-1.532528,177.9,12.97,3,152.44,21 / 23,1518711,2019-09-06 19:45:24:454,0.1166,0.8604,9.2851,-0.013,0.0256,9.8065,0.0828,0.0656,0.0195,-12.44,-34.44,27.69,305.21,-84.31,153.74
52.436543,-1.532528,177.9,12.97,3,152.44,21 / 23,1518810,2019-09-06 19:45:24:553,0.2043,1.3716,9.9079,0.0067,-0.0122,9.8066,0.0964,0.1508,-0.0298,-12.56,-34.19,27.56,304.6,-84.15,154.97
52.436543,-1.532528,177.9,12.97,3,152.44,21 / 23,1518910,2019-09-06 19:45:24:653,0.9284,1.111,10.7656,-0.0062,-0.0209,9.8066,-0.1547,0.0062,0.0566,-12.69,-34,27.63,305.3,-84.28,155.5
52.436543,-1.532528,177.9,12.97,3,152.44,21 / 23,1519010,2019-09-06 19:45:24:753,-2.0527,1.2272,9.7165,0.011,0.0013,9.8066,-0.2001,0.0009,-0.0019,-13.19,-33.75,26.94,304.61,-84.34,155.75
52.436543,-1.532528,177.9,12.97,3,152.44,21 / 23,1519110,2019-09-06 19:45:24:853,1.0464,2.0758,9.9513,0.0062,-0.0054,9.8065,0.1605,0.1076,-0.0099,-12.94,-34,26.5,304,-84.27,155.25
52.436543,-1.532528,177.9,12.97,3,152.44,21 / 23,1519209,2019-09-06 19:45:24:952,0.924,0.8539,9.5686,0.0006,-0.015,9.8066,0.069,0.1697,-0.0328,-13.37,-33.56,26.94,305.77,-84.16,157.01
52.436543,-1.532528,177.9,12.97,3,152.44,21 / 23,1519310,2019-09-06 19:45:25:053,-0.3748,1.7067,9.7887,-0.0078,0.0162,9.8066,-0.0439,0.1842,-0.0242,-13.75,-34.31,26.69,304.11,-84.15,157.08
52.436543,-1.532528,177.9,12.97,3,152.44,21 / 22,1519409,2019-09-06 19:45:25:152,0.1582,0.9146,9.763,-0.0081,0.0106,9.8066,-0.0545,0.06,0.0178,-13.37,-33.5,26.44,303.86,-84.26,155.98
52.436543,-1.532528,177.9,12.97,3,152.44,21 / 22,1519509,2019-09-06 19:45:25:252,0.7895,1.7041,10.1558,-0.0014,0.0133,9.8066,0.0199,0.0845,-0.0312,-13.94,-34.56,26.63,301.03,-84.36,154.14
52.436543,-1.532528,177.9,12.97,3,152.44,21 / 22,1519610,2019-09-06 19:45:25:353,0.6756,1.786,10.3909,0.0099,-0.0133,9.8066,0.0459,0.1379,-0.0396,-13.94,-34.37,26.81,300.21,-84.34,153.23
52.436543,-1.532528,177.9,12.97,3,152.44,21 / 22,1519709,2019-09-06 19:45:25:452,0.838,1.9876,10.1951,0.0153,-0.0105,9.8066,0.007,0.0919,0.0144,-14.37,-34.06,26.06,299.18,-84.18,153.48
52.436543,-1.532528,177.9,12.97,3,152.44,21 / 22,1519809,2019-09-06 19:45:25:552,1.3626,1.1269,8.3804,0.0128,-0.0008,9.8066,-0.2046,0.2003,-0.0363,-14.31,-33.81,26.38,298.47,-84.1,152.9
52.436543,-1.532528,177.9,12.97,3,152.44,21 / 22,1519910,2019-09-06 19:45:25:653,-0.4349,-0.3113,11.0918,-0.0548,0.0989,9.8059,0.2886,0.2275,-0.0403,-14.81,-34.62,25.94,298.75,-83.79,155.25
52.436543,-1.532528,177.9,12.97,3,152.44,21 / 22,1520010,2019-09-06 19:45:25:753,2.1273,1.4112,11.1334,0.0651,-0.0626,9.8062,0.2234,0.1655,-0.0783,-15,-34.06,26.19,295.99,-84.27,151.94
52.436543,-1.532528,177.9,12.97,3,152.44,21 / 22,1520110,2019-09-06 19:45:25:853,-0.4954,0.6756,11.8994,0.0302,-0.0622,9.8064,-0.1901,0.3252,0.0314,-15.62,-33.56,25.81,296.53,-83.87,154.4
52.436543,-1.532528,177.9,12.97,3,152.44,21 / 22,1520210,2019-09-06 19:45:25:953,0.2789,1.5599,9.9957,-0.0103,0.0021,9.8066,-0.0679,0.2592,0.0159,-15.44,-33.75,25.19,297.44,-84.02,154.75
52.436543,-1.532528,177.9,12.97,3,152.44,21 / 22,1520310,2019-09-06 19:45:26:053,0.373,1.2318,9.7711,0.0291,-0.0215,9.8065,-0.0739,0.2076,-0.0913,-15.81,-33.87,24.88,294.33,-83.82,153.56
52.436543,-1.532528,177.9,12.97,3,152.44,21 / 22,1520410,2019-09-06 19:45:26:153,1.5255,1.0751,9.5167,0.0259,-0.0214,9.8066,-0.078,0.2098,-0.0189,-16.12,-34,25.25,293.51,-83.77,152.83
52.436543,-1.532528,177.9,12.97,3,152.44,21 / 22,1520510,2019-09-06 19:45:26:253,0.8996,1.615,10.2285,0.0047,-0.0063,9.8066,0.0682,0.2103,-0.0244,-16.37,-34.25,24.56,293.48,-83.73,152.85
52.436543,-1.532528,177.9,12.97,3,152.44,21 / 22,1520610,2019-09-06 19:45:26:353,1.0846,0.9082,9.9998,0.0015,0.0051,9.8066,0.0691,0.2069,-0.0332,-16.12,-34.19,24.31,291.89,-83.62,152.72
52.436543,-1.532528,177.9,12.97,3,152.44,21 / 22,1520710,2019-09-06 19:45:26:453,1.3593,1.1393,9.5308,0.0092,-0.0177,9.8066,-0.0241,0.1915,-0.0069,-16.87,-34.62,23.81,291.29,-83.45,154.04
52.436543,-1.532528,177.9,12.97,3,152.44,21 / 22,1520810,2019-09-06 19:45:26:553,1.782,0.8488,9.9197,0.0121,-0.0083,9.8066,0.071,0.2465,-0.0518,-16.81,-34.25,23.56,291.65,-83.44,154.17
52.436543,-1.532528,177.9,12.97,3,152.44,21 / 22,1520910,2019-09-06 19:45:26:653,1.5556,1.533,10.0405,0.0193,-0.027,9.8065,-0.1935,0.2073,0.0385,-17.37,-34.31,23.06,290.46,-83.49,154.35
52.436543,-1.532528,177.9,12.97,3,152.44,21 / 22,1521010,2019-09-06 19:45:26:753,0.6543,1.4884,10.099,0.0203,-0.0056,9.8066,-0.1588,0.2673,-0.0842,-17.94,-34,22.75,287.79,-83.63,153.05
52.436543,-1.532528,177.9,12.97,3,152.44,21 / 22,1521109,2019-09-06 19:45:26:852,0.5629,1.6546,10.4575,-0.01,0.0093,9.8066,0.16,0.1969,0.0095,-18.12,-34.12,22.44,285.88,-83.65,152.61
52.436543,-1.532528,177.9,12.97,3,152.44,21 / 22,1521213,2019-09-06 19:45:26:956,1.376,1.2386,10.0124,-0.0142,0.0242,9.8066,0.0576,0.2681,-0.0532,-18.06,-33.94,22.69,286.98,-83.64,152.25
52.436543,-1.532528,177.9,12.97,3,152.44,21 / 22,1521309,2019-09-06 19:45:27:052,1.0726,1.0352,9.574,0.0018,-0.0174,9.8065,0.0349,0.2119,0.06,-19.06,-34.81,22.31,285.66,-83.54,154.11
52.436543,-1.532528,177.9,12.97,3,152.44,21 / 22,1521409,2019-09-06 19:45:27:152,0.0305,0.401,10.067,-0.0162,0.0197,9.8066,-0.1089,0.2236,-0.077,-19.25,-34.37,21.63,285.71,-83.73,153.71
52.436543,-1.532528,177.9,12.97,3,152.44,21 / 22,1521510,2019-09-06 19:45:27:253,0.269,1.7697,10.1279,0.0172,0.0242,9.8065,-0.0182,0.2405,-0.065,-18.69,-34.87,20.69,280.76,-83.88,150.44
52.436543,-1.532528,177.9,12.97,3,152.44,21 / 22,1521610,2019-09-06 19:45:27:353,-0.6021,2.4597,10.5948,0.0143,0.0199,9.8065,0.0815,0.2516,-0.083,-19.25,-34.75,20.5,276.32,-83.76,146.21
52.436543,-1.532528,177.9,12.97,3,152.44,21 / 22,1521710,2019-09-06 19:45:27:453,0.43,1.6233,11.0459,0.0379,-0.0007,9.8065,-0.2156,0.2473,-0.0268,-19,-34.69,19.63,272.54,-83.38,144.54
52.436543,-1.532528,177.9,12.97,3,152.44,21 / 22,1521809,2019-09-06 19:45:27:552,1.6757,1.9784,8.9182,0.0312,0.0144,9.8065,-0.2034,0.2802,-0.1033,-19.5,-35.12,19,269.63,-83.08,143.73
52.436543,-1.532528,177.9,12.97,3,152.44,21 / 22,1521909,2019-09-06 19:45:27:652,0.4984,1.0095,9.3065,0.0163,0.0137,9.8066,-0.0465,0.1836,-0.12,-18.94,-35.12,19.63,269.53,-82.98,142.05
52.436543,-1.532528,177.9,12.97,3,152.44,21 / 22,1522009,2019-09-06 19:45:27:752,0.1249,1.4672,9.7024,0.0279,0.0347,9.8065,-0.064,0.1436,-0.057,-18.94,-35.12,18.44,261.06,-82.75,137.21
52.436543,-1.532528,177.9,12.97,3,152.44,21 / 22,1522110,2019-09-06 19:45:27:853,-0.1513,0.8074,10.3312,-0.0354,0.038,9.8065,0.0147,0.1906,-0.0272,-18.87,-35.69,17.81,255.37,-82.98,131.24
52.436543,-1.532528,177.9,12.97,3,152.44,21 / 22,1522210,2019-09-06 19:45:27:953,-0.5344,0.5883,10.1525,-0.0283,0.0237,9.8065,0.0658,0.1445,-0.0209,-18.44,-36,17.25,253.46,-83.03,129.79
52.436543,-1.532528,177.9,12.97,3,152.44,21 / 22,1522309,2019-09-06 19:45:28:052,-0.9154,0.3015,9.7523,0.0111,-0.0218,9.8066,0.0314,0.087,0.0767,-18.69,-35.12,17,253.25,-82.9,130.73
52.436543,-1.532528,177.9,12.97,3,152.44,20 / 22,1522410,2019-09-06 19:45:28:153,-0.1823,-0.4319,9.7084,0.0141,0.002,9.8065,0.0188,0.0673,-0.0108,-19.62,-35.31,17.38,253.8,-82.93,132.44
52.436543,-1.532528,177.9,12.97,3,152.44,20 / 22,1522509,2019-09-06 19:45:28:252,0.1827,0.4144,9.7869,0.0186,-0.0058,9.8066,-0.0503,0.0257,0.0376,-19.19,-35.12,17.19,254.39,-82.84,132.01
52.436543,-1.532528,177.9,12.97,3,152.44,20 / 22,1522609,2019-09-06 19:45:28:352,-1.6814,-0.9354,9.9743,0.0123,-0.0426,9.8064,-0.1288,-0.0467,0.1185,-18.87,-34.87,17.06,256.44,-82.87,134.11
52.436543,-1.532528,177.9,12.97,3,152.44,20 / 22,1522710,2019-09-06 19:45:28:453,-1.7637,-0.1025,9.5889,-0.039,0.016,9.8065,0.2179,-0.0132,0.0313,-19.75,-35.5,17.06,256.56,-83.33,134.82
52.436543,-1.532528,177.9,12.97,3,152.44,20 / 22,1522810,2019-09-06 19:45:28:553,-0.6781,-0.8998,9.6295,-0.0312,0.0077,9.8066,0.2141,-0.0551,0.0524,-18.69,-34.69,17.44,259.06,-83.31,136.26
52.436543,-1.532528,177.9,12.97,3,152.44,20 / 22,1522910,2019-09-06 19:45:28:653,-0.4443,-1.4511,9.9901,0.0127,-0.0255,9.8066,-0.1753,-0.1219,0.0323,-20.62,-35.06,17.5,260.71,-83.27,138.52
52.436543,-1.532528,177.9,12.97,3,152.44,20 / 22,1523009,2019-09-06 19:45:28:752,-1.3639,-1.1872,9.7626,0.002,-0.0112,9.8066,-0.1176,-0.0809,0.035,-18.75,-34.62,17.69,263.42,-83.51,138.62
52.436543,-1.532528,177.9,12.97,3,152.44,20 / 22,1523109,2019-09-06 19:45:28:852,-2.2269,-0.5116,9.5236,-0.0303,0.0136,9.8066,0.0673,-0.1503,0.0396,-20.31,-35.12,17.69,262.7,-83.72,138.83
52.436543,-1.532528,177.9,12.97,3,152.44,20 / 22,1523209,2019-09-06 19:45:28:952,-2.1105,-1.0804,10.0442,-0.003,0.01,9.8065,0.0039,-0.1634,-0.0229,-19.94,-34.37,18.19,261.35,-83.88,137.01
52.436543,-1.532528,177.9,12.97,3,152.44,20 / 22,1523310,2019-09-06 19:45:29:053,-2.1636,-1.3563,9.8484,-0.0177,0.0075,9.8066,0.0213,-0.1815,0.0213,-20,-34.69,18.63,263.13,-83.98,137.19
52.43591,-1.531649,177.58,7.76,3,109.71,21 / 22,1523410,2019-09-06 19:45:29:153,-1.2026,-2.0963,9.1952,-0.0224,0.0156,9.8066,-0.1391,-0.1458,0.0112,-19.69,-34.75,18.81,262.89,-84.04,136.88
52.43591,-1.531649,177.58,7.76,3,109.71,21 / 22,1523509,2019-09-06 19:45:29:252,-1.3643,-1.6835,10.0193,0.0369,-0.0224,9.8065,-0.0864,-0.1955,-0.0102,-18.75,-34.5,18.69,264.06,-83.91,136.75
52.43591,-1.531649,177.58,7.76,3,109.71,21 / 22,1523610,2019-09-06 19:45:29:353,-1.1617,-1.185,9.4371,0.0238,0.0043,9.8066,-0.017,-0.2671,0.034,-19.44,-35.37,19.38,261.68,-83.96,134.47
52.43591,-1.531649,177.58,7.76,3,109.71,21 / 22,1523709,2019-09-06 19:45:29:452,-3.8426,-1.0353,9.7692,-0.013,0.0129,9.8066,-0.0522,-0.2525,-0.0065,-18.75,-34.87,20.19,260.64,-84.14,131.51
52.43591,-1.531649,177.58,7.76,3,109.71,21 / 22,1523810,2019-09-06 19:45:29:553,-1.2215,-3.5637,10.8108,-0.0253,0.0234,9.8066,0.1567,-0.3189,0.0467,-18.19,-34.87,20,260.06,-84.22,129.45
52.43591,-1.531649,177.58,7.76,3,109.71,21 / 22,1523910,2019-09-06 19:45:29:653,-1.8415,-2.5799,9.5186,-0.0061,0.0158,9.8065,0.0945,-0.2673,-0.0169,-18.69,-34.25,19.88,259.47,-84.27,129.93
52.43591,-1.531649,177.58,7.76,3,109.71,21 / 22,1524010,2019-09-06 19:45:29:753,-1.6067,-2.907,9.6799,-0.0171,0.0111,9.8066,-0.0725,-0.3094,-0.0018,-18.25,-34.81,21,259.33,-84.38,126.91
52.43591,-1.531649,177.58,7.76,3,109.71,21 / 22,1524110,2019-09-06 19:45:29:853,-1.3737,-1.7442,9.4085,0.0125,0.025,9.8065,-0.1059,-0.2793,-0.028,-17.81,-34.81,20.81,255.36,-84.33,122.87
52.43591,-1.531649,177.58,7.76,3,109.71,21 / 22,1524209,2019-09-06 19:45:29:952,-1.5541,-1.998,9.7573,0.0245,0.0006,9.8065,0.029,-0.3318,-0.004,-17.44,-34.87,21.69,255.73,-84.23,120.43
52.43591,-1.531649,177.58,7.76,3,109.71,21 / 22,1524310,2019-09-06 19:45:30:053,-2.7787,-1.9911,9.2513,-0.0283,0.0333,9.8065,-0.0083,-0.3261,0.0339,-16.87,-35.19,21.69,254,-84.27,118.59
52.43591,-1.531649,177.58,7.76,3,109.71,21 / 22,1524409,2019-09-06 19:45:30:152,-2.9128,-2.2215,9.4976,-0.015,-0.0103,9.8066,0.1228,-0.3613,0.028,-16.31,-34.81,22.5,255.95,-84.44,117.49
52.43591,-1.531649,177.58,7.76,3,109.71,21 / 22,1524510,2019-09-06 19:45:30:253,-2.3949,-2.6726,8.9446,0.0064,0.002,9.8066,0.1041,-0.3813,0.0451,-16.5,-35.19,22.38,254.24,-84.47,117.09
52.43591,-1.531649,177.58,7.76,3,109.71,21 / 22,1524610,2019-09-06 19:45:30:353,-2.7987,-2.4404,9.4384,0.001,-0.0135,9.8065,-0.0166,-0.3625,0.018,-15.5,-35.25,23,257.59,-84.54,117.48
52.43591,-1.531649,177.58,7.76,3,109.71,21 / 22,1524709,2019-09-06 19:45:30:452,-2.4761,-1.9325,10.452,-0.0206,0.0209,9.8066,0.0115,-0.3855,0.0686,-15,-34.87,24.19,254.64,-84.73,112.9
52.43591,-1.531649,177.58,7.76,3,109.71,21 / 22,1524809,2019-09-06 19:45:30:552,-2.6322,-3.4099,10.0167,-0.0324,0.0071,9.8065,-0.0134,-0.4146,0.0499,-14.69,-35,24.13,254,-84.98,111.94
52.43591,-1.531649,177.58,7.76,3,109.71,21 / 22,1524910,2019-09-06 19:45:30:653,-2.3684,-2.444,9.6298,-0.0069,-0.0209,9.8066,0.0479,-0.4054,0.033,-14.69,-34.19,25.06,256.34,-85.19,112.73
52.43591,-1.531649,177.58,7.76,3,109.71,21 / 22,1525010,2019-09-06 19:45:30:753,-3.1744,-3.0395,9.3942,-0.0084,-0.0255,9.8066,0.0701,-0.4185,0.0723,-14,-34.31,26.81,263.6,-85.44,116.07
52.43591,-1.531649,177.58,7.76,3,109.71,21 / 22,1525110,2019-09-06 19:45:30:853,-3.274,-3.1084,10.486,-0.0541,0.0201,9.8064,0.1568,-0.4561,0.0779,-13.06,-33.81,27,265.45,-85.81,115.9
52.43591,-1.531649,177.58,7.76,3,109.71,21 / 22,1525210,2019-09-06 19:45:30:953,-3.9834,-3.2958,10.1866,-0.0528,0.0343,9.8064,-0.1304,-0.4688,0.0072,-12.56,-33.69,28.06,267.43,-86.14,116.59
52.43591,-1.531649,177.58,7.76,3,109.71,21 / 22,1525310,2019-09-06 19:45:31:053,-3.74,-3.0302,10.1612,0.011,-0.0548,9.8064,-0.064,-0.5,0.0418,-11.25,-33.81,28.19,274.97,-86.22,120.69
52.43591,-1.531649,177.58,7.76,3,109.71,22 / 23,1525410,2019-09-06 19:45:31:153,-2.464,-1.8826,8.9212,-0.0016,-0.0422,9.8065,0.0264,-0.6053,0.211,-11.25,-33.44,28.69,276.66,-86.47,121.19
52.43591,-1.531649,177.58,7.76,3,109.71,22 / 23,1525509,2019-09-06 19:45:31:252,-4.4547,-2.195,10.1409,-0.0409,0.0034,9.8065,-0.0325,-0.5199,0.1115,-10.56,-33.37,28.5,276.72,-86.78,120.91
52.43591,-1.531649,177.58,7.76,3,109.71,22 / 23,1525609,2019-09-06 19:45:31:352,-4.953,-1.2586,10.3983,-0.0249,0.0301,9.8065,0.0015,-0.5261,0.0139,-9.31,-33.75,28.06,277.9,-87.34,118.78
52.43591,-1.531649,177.58,7.76,3,109.71,22 / 23,1525709,2019-09-06 19:45:31:452,-3.3548,-1.154,10.1948,-0.0027,-0.0168,9.8066,0.0772,-0.5038,0.0289,-8.25,-33.44,29.06,285.87,-87.52,123.92
52.43591,-1.531649,177.58,7.76,3,109.71,22 / 23,1525810,2019-09-06 19:45:31:553,-3.0479,-1.4759,9.6507,-0.0146,-0.0207,9.8066,0.1348,-0.5321,0.1193,-8.06,-33,29.25,290.55,-87.61,128.45
52.43591,-1.531649,177.58,7.76,3,109.71,22 / 23,1525910,2019-09-06 19:45:31:653,-3.9052,-1.4618,9.2293,-0.0221,-0.0383,9.8065,-0.0267,-0.539,0.047,-6.69,-32.69,29.75,309.86,-87.7,144.91
52.43591,-1.531649,177.58,7.76,3,109.71,22 / 23,1526010,2019-09-06 19:45:31:753,-3.8463,-0.9312,10.1762,-0.0032,-0.018,9.8065,0.0788,-0.5036,0.063,-5.87,-33.12,29.56,317.2,-87.72,150.21
52.43591,-1.531649,177.58,7.76,3,109.71,22 / 23,1526110,2019-09-06 19:45:31:853,-3.9467,-1.0124,10.5926,-0.0242,0.0236,9.8065,0.0382,-0.5169,0.066,-4.94,-32.69,29.75,322.73,-87.86,153.62
52.43591,-1.531649,177.58,7.76,3,109.71,22 / 23,1526210,2019-09-06 19:45:31:953,-3.3769,-1.3305,10.4377,-0.0262,0.0148,9.8066,-0.0156,-0.4788,0.0271,-4.5,-33.06,29.88,333.06,-88.17,161.57
52.43591,-1.531649,177.58,7.76,3,109.71,22 / 23,1526309,2019-09-06 19:45:32:052,-2.7244,-1.0338,9.8092,-0.0107,-0.028,9.8066,0.0538,-0.532,0.086,-3.25,-32.75,30.31,340.27,-87.97,166.74
52.43591,-1.531649,177.58,7.76,3,109.71,20 / 21,1526409,2019-09-06 19:45:32:152,-3.5668,-1.6859,9.3852,-0.0246,-0.0264,9.8066,-0.0324,-0.4865,0.0892,-2.06,-32.5,30.38,351.64,-87.8,175.8
52.43591,-1.531649,177.58,7.76,3,109.71,20 / 21,1526510,2019-09-06 19:45:32:253,-4.139,-1.9214,9.848,-0.0343,-0.0174,9.8065,0.0246,-0.5161,0.1541,-1.94,-32.06,29.38,5.29,-87.64,-171.01
52.43591,-1.531649,177.58,7.76,3,109.71,20 / 21,1526610,2019-09-06 19:45:32:353,-3.3305,-0.2076,10.9606,-0.0327,-0.0171,9.8065,-0.0222,-0.5195,0.0295,-1.44,-32.37,29.81,17.29,-87.47,-161.62
52.43591,-1.531649,177.58,7.76,3,109.71,20 / 21,1526710,2019-09-06 19:45:32:453,-3.3636,-0.992,10.487,0.005,0.0018,9.8066,0.0427,-0.4491,0.0159,-0.69,-33.19,29.56,19.36,-87.34,-159.72
52.43591,-1.531649,177.58,7.76,3,109.71,20 / 21,1526809,2019-09-06 19:45:32:552,-3.0864,-0.7874,9.5424,0.0101,-0.0213,9.8065,0.1173,-0.4254,0.0358,1.25,-33.56,29.88,19.73,-87.18,-163.28
52.43591,-1.531649,177.58,7.76,3,109.71,20 / 21,1526910,2019-09-06 19:45:32:653,-3.6216,-1.7447,9.3572,-0.0136,-0.0101,9.8066,0.0428,-0.4551,0.0215,1.38,-33.81,30,22.26,-86.7,-161.1
52.43591,-1.531649,177.58,7.76,3,109.71,20 / 21,1527009,2019-09-06 19:45:32:752,-3.0484,-1.1719,10.1638,-0.0147,-0.0031,9.8066,0.0262,-0.387,0.071,2.25,-33,29.69,24.98,-86.48,-160.5
52.43591,-1.531649,177.58,7.76,3,109.71,20 / 21,1527109,2019-09-06 19:45:32:852,-1.6913,-0.6248,10.426,-0.0007,0.0057,9.8066,0.009,-0.3444,0.0478,2.19,-33.19,29.63,25.77,-86.51,-159.75
52.43591,-1.531649,177.58,7.76,3,109.71,20 / 21,1527209,2019-09-06 19:45:32:952,-1.3585,-1.4694,10.1481,0.0034,-0.0028,9.8066,0.095,-0.3154,-0.0017,3.25,-33.25,28.69,28.09,-86.46,-159.75
52.43591,-1.531649,177.58,7.76,3,109.71,20 / 21,1527309,2019-09-06 19:45:33:052,-0.7023,0.5457,9.9497,-0.0149,-0.0043,9.8066,0.194,-0.3471,0.0266,3.5,-32.37,29,28.77,-86.32,-161.07
52.43591,-1.531649,177.58,7.76,3,109.71,19 / 20,1527410,2019-09-06 19:45:33:153,-1.7257,-1.9784,9.7775,-0.0209,-0.0302,9.8066,0.1343,-0.2633,0.0131,2.94,-32.69,28,28.79,-85.8,-159.76
52.43591,-1.531649,177.58,7.76,3,109.71,19 / 20,1527510,2019-09-06 19:45:33:253,-0.8575,-1.5868,9.6212,-0.0035,0.0181,9.8065,-0.1393,-0.24,0.0352,3.75,-32.31,28,32.69,-85.76,-158.11
52.43591,-1.531649,177.58,7.76,3,109.71,19 / 20,1527610,2019-09-06 19:45:33:353,-0.5322,0.0831,10.0082,0,-0.0084,9.8066,-0.1279,-0.151,-0.0449,4.25,-32.94,28.06,33.38,-85.83,-157.5
52.43591,-1.531649,177.58,7.76,3,109.71,19 / 20,1527710,2019-09-06 19:45:33:453,1.0387,-1.507,9.7959,0.0146,0.0089,9.8066,-0.0203,-0.1613,0.0132,4.38,-33.31,27.88,32.85,-86.08,-157.82
52.43591,-1.531649,177.58,7.76,3,109.71,19 / 20,1527810,2019-09-06 19:45:33:553,0.2719,-0.7718,9.3866,-0.0008,-0.0202,9.8066,-0.0503,-0.035,-0.1053,4.56,-33.31,27.19,35.44,-86.03,-157.89
52.43591,-1.531649,177.58,7.76,3,109.71,19 / 20,1527910,2019-09-06 19:45:33:653,-0.2481,-0.6159,9.1861,0.0066,-0.0512,9.8065,0.2026,-0.014,0.0043,4.81,-33.25,27.25,30.78,-85.84,-162.33
52.43591,-1.531649,177.58,7.76,3,109.71,19 / 20,1528010,2019-09-06 19:45:33:753,0.2916,-2.7726,9.9597,0.0098,0.0265,9.8065,0.1611,-0.0325,-0.0722,4.63,-32.75,27.56,27.9,-85.77,-164.58
52.43591,-1.531649,177.58,7.76,3,109.71,19 / 20,1528109,2019-09-06 19:45:33:852,0.627,-1.7806,9.9902,0.0232,0.0382,9.8065,-0.2074,0.0519,-0.0213,4.63,-32.81,27,26.13,-85.84,-166.63
52.43591,-1.531649,177.58,7.76,3,109.71,19 / 20,1528210,2019-09-06 19:45:33:953,0.2597,-0.6934,10.2085,0.0046,-0.0405,9.8065,-0.1316,0.0801,-0.0372,4.75,-33.56,27.75,24.33,-86,-167.81
52.43591,-1.531649,177.58,7.76,3,109.71,19 / 20,1528310,2019-09-06 19:45:34:053,0.9329,-1.4922,9.7961,-0.0114,-0.0187,9.8065,0.0186,0.0859,-0.0034,5.31,-33.94,27.06,22.31,-85.94,-170.14
52.43591,-1.531649,177.58,7.76,3,109.71,19 / 21,1528409,2019-09-06 19:45:34:152,0.5279,-1.5125,10.2346,-0.0107,-0.0117,9.8066,0.1004,0.0633,0.0476,4.88,-33.81,28.44,22.94,-85.92,-169.13
52.43591,-1.531649,177.58,7.76,3,109.71,19 / 21,1528510,2019-09-06 19:45:34:253,1.4721,-0.5554,10.0287,0.0059,-0.0381,9.8065,-0.0948,0.1603,-0.0468,4.19,-34.06,28.25,20.9,-85.72,-169.12
52.43591,-1.531649,177.58,7.76,3,109.71,19 / 21,1528610,2019-09-06 19:45:34:353,2.2289,-2.7929,8.9923,-0.0026,-0.0151,9.8066,-0.0712,0.1506,0.0127,4.25,-33.31,28.19,19.26,-85.67,-170.58
52.43591,-1.531649,177.58,7.76,3,109.71,19 / 21,1528709,2019-09-06 19:45:34:452,2.5307,-1.2606,9.4544,-0.0095,-0.009,9.8066,-0.0677,0.1334,0.0418,3.94,-33.69,28.5,20.45,-85.68,-169.21
52.43591,-1.531649,177.58,7.76,3,109.71,19 / 21,1528810,2019-09-06 19:45:34:553,1.8074,-1.0486,9.0349,0.0006,0.0227,9.8066,-0.1348,0.2401,-0.0662,3.31,-33.5,28.56,21.35,-85.98,-166.26
52.43591,-1.531649,177.58,7.76,3,109.71,19 / 21,1528909,2019-09-06 19:45:34:652,3.0396,-1.142,9.5426,0.0041,0.0176,9.8066,0.0922,0.1945,0.0176,2.75,-33.5,27.44,22.03,-86.26,-166.06
52.43591,-1.531649,177.58,7.76,3,109.71,19 / 21,1529010,2019-09-06 19:45:34:753,1.9299,-0.6576,9.149,0.004,0.031,9.8066,-0.0367,0.1728,-0.0712,2.56,-33.19,28.25,24.34,-86.57,-163.47
52.43591,-1.531649,177.58,7.76,3,109.71,19 / 21,1529109,2019-09-06 19:45:34:852,1.3123,-0.8553,7.9779,0.0145,-0.0111,9.8066,0.3043,0.4364,-0.0322,1.81,-33.81,27.19,19.87,-86.63,-165.83
52.43591,-1.531649,177.58,7.76,3,109.71,19 / 21,1529210,2019-09-06 19:45:34:953,0.9709,-0.8428,11.1987,-0.0204,0.1106,9.8059,0.358,0.2107,0.1664,1.13,-33.31,28.25,21.07,-86.19,-162.63
52.43591,-1.531649,177.58,7.76,3,109.71,19 / 21,1529309,2019-09-06 19:45:35:052,3.1039,-3.0926,10.9352,-0.0131,0.0914,9.8062,0.2042,0.2905,-0.0458,0.69,-33.31,29,30.1,-86.4,-153.98
52.43591,-1.531649,177.58,7.76,3,109.71,21 / 23,1529410,2019-09-06 19:45:35:153,3.3329,-2.6954,10.0424,-0.0103,-0.0377,9.8065,0.1147,0.2107,-0.0064,-0.12,-32.56,29.94,25.85,-85.94,-156.15
52.43591,-1.531649,177.58,7.76,3,109.71,21 / 23,1529509,2019-09-06 19:45:35:252,2.3593,-3.1462,11.0209,-0.0204,0.0158,9.8066,-0.2256,0.2337,0.0101,-0.19,-32.87,29.19,30.63,-85.96,-151.77
52.43591,-1.531649,177.58,7.76,3,109.71,21 / 23,1529610,2019-09-06 19:45:35:353,1.8888,-0.4599,9.0381,0.0182,-0.0545,9.8064,-0.2298,0.2203,0.0368,-0.62,-32,29.44,28.29,-86.1,-151.83
52.43591,-1.531649,177.58,7.76,3,109.71,21 / 23,1529710,2019-09-06 19:45:35:453,1.9983,-1.2306,10.1073,0.0031,-0.0697,9.8064,0.1546,0.289,-0.1694,-0.81,-31.62,29.25,24.41,-85.77,-155.6
52.43591,-1.531649,177.58,7.76,3,109.71,21 / 23,1529810,2019-09-06 19:45:35:553,2.0669,-1.2785,10.1159,0.0005,0.0224,9.8066,0.2191,0.2041,0.0146,-1.19,-32.37,29.69,20.51,-86.17,-159.05
52.43591,-1.531649,177.58,7.76,3,109.71,21 / 23,1529910,2019-09-06 19:45:35:653,2.578,-1.3607,11.0972,-0.0004,0.0619,9.8064,-0.038,0.295,-0.0836,-1.75,-32.31,29.81,19.04,-86.31,-158.47
52.43591,-1.531649,177.58,7.76,3,109.71,21 / 23,1530010,2019-09-06 19:45:35:753,3.4868,-0.5994,8.9866,0.0346,-0.0789,9.8062,-0.094,0.2043,-0.0422,-1.94,-32.62,30.5,12.62,-85.96,-164.65
52.43591,-1.531649,177.58,7.76,3,109.71,21 / 23,1530109,2019-09-06 19:45:35:852,2.0944,-2.9041,9.998,0.0018,-0.1051,9.806,-0.2892,0.2323,0.0026,-2.87,-33.12,30.19,10.82,-85.88,-164.34
52.43591,-1.531649,177.58,7.76,3,109.71,21 / 23,1530210,2019-09-06 19:45:35:953,1.2222,-0.3922,9.3244,0.0134,-0.0251,9.8066,-0.4308,0.1514,0.1458,-2.75,-32.62,30.13,13.67,-86.17,-161.64
52.43591,-1.531649,177.58,7.76,3,109.71,21 / 23,1530309,2019-09-06 19:45:36:052,0.8703,-0.2629,9.2714,-0.0032,-0.0709,9.8063,0.2078,0.1242,-0.0998,-3.56,-33.25,30,11.3,-86.08,-161.97
52.43591,-1.531649,177.58,7.76,3,109.71,22 / 23,1530410,2019-09-06 19:45:36:153,2.4266,-0.7304,8.8703,0.0091,0.0783,9.8063,0.1072,0.1323,-0.0342,-3.06,-32.25,30.5,13.48,-86.65,-161.81
52.43591,-1.531649,177.58,7.76,3,109.71,22 / 23,1530509,2019-09-06 19:45:36:252,1.4173,-0.7693,9.9974,-0.0021,0.0335,9.8065,0.0487,0.1523,0.0057,-3.87,-32.87,30.75,10.43,-86.54,-162.89
52.43591,-1.531649,177.58,7.76,3,109.71,22 / 23,1530609,2019-09-06 19:45:36:352,1.6885,-2.8907,9.1895,-0.0033,-0.0011,9.8066,0.0558,0.131,-0.0327,-3,-33.06,29.94,13.34,-86.45,-161.87
52.43591,-1.531649,177.58,7.76,3,109.71,22 / 23,1530710,2019-09-06 19:45:36:453,1.0291,-1.0606,10.1306,0.0026,-0.0032,9.8066,-0.0243,0.0984,-0.0415,-3.69,-32.56,30.69,11.12,-86.48,-162.27
52.43591,-1.531649,177.58,7.76,3,109.71,22 / 23,1530810,2019-09-06 19:45:36:553,1.423,-1.7565,9.6377,0.0042,0.0059,9.8066,-0.049,0.0915,0.0042,-3.25,-33.06,30.13,12.44,-86.51,-162.7
52.43591,-1.531649,177.58,7.76,3,109.71,22 / 23,1530910,2019-09-06 19:45:36:653,2.0767,-1.7595,9.4843,-0.0114,-0.0005,9.8066,0.0347,0.033,0.0675,-3.56,-32.94,30.25,11.69,-86.54,-161.5
52.43591,-1.531649,177.58,7.76,3,109.71,22 / 23,1531009,2019-09-06 19:45:36:752,0.3883,-1.3159,10.2284,-0.0018,-0.0057,9.8066,-0.0038,0.1404,-0.0759,-4.37,-33.12,30.19,12.05,-86.33,-161.21
52.43591,-1.531649,177.58,7.76,3,109.71,22 / 23,1531110,2019-09-06 19:45:36:853,0.9536,-1.6444,10.1395,0.009,0.02,9.8066,-0.002,0.1278,0.0209,-4.25,-33,29.81,9.96,-86.44,-163.14
52.43591,-1.531649,177.58,7.76,3,109.71,22 / 23,1531209,2019-09-06 19:45:36:952,0.9365,-0.8154,10.0081,0.0086,-0.0176,9.8066,-0.069,0.0286,-0.0176,-4.5,-32.62,30.31,10.56,-86.26,-162.62
52.43591,-1.531649,177.58,7.76,3,109.71,22 / 23,1531310,2019-09-06 19:45:37:053,1.2696,-1.3443,9.582,0.002,-0.0091,9.8066,0.0224,0.0446,0.0308,-4.56,-32.56,30.25,8.5,-86.24,-162.66
52.43591,-1.531649,177.58,7.76,3,109.71,22 / 23,1531410,2019-09-06 19:45:37:153,1.7274,-1.2805,9.2115,-0.0098,0.0179,9.8066,0.0192,0.1163,0.0018,-5.25,-33,30.5,10.4,-86.15,-161.19
52.43591,-1.531649,177.58,7.76,3,109.71,22 / 23,1531510,2019-09-06 19:45:37:253,-0.2933,-1.0048,10.2061,-0.0116,0.0011,9.8066,0.1091,0.1014,-0.1114,-5.69,-33.25,30.38,9.22,-86.06,-160.17
52.43591,-1.531649,177.58,7.76,3,109.71,22 / 23,1531609,2019-09-06 19:45:37:352,-0.0262,-1.3147,10.2181,-0.0023,0.0186,9.8066,0.2133,-0.0463,0.0608,-4.44,-32.94,30.5,14.63,-86.01,-159.11
52.43591,-1.531649,177.58,7.76,3,109.71,22 / 23,1531710,2019-09-06 19:45:37:453,-0.1678,-1.8077,9.5831,-0.02,0.0101,9.8066,-0.219,0.002,0,-5.62,-32.62,30.69,12.7,-85.9,-157.32
52.43591,-1.531649,177.58,7.76,3,109.71,22 / 23,1531810,2019-09-06 19:45:37:553,0.2355,0.0237,10.1168,-0.0046,-0.0332,9.8066,-0.1119,0.0217,0.0422,-6,-32.81,30.5,12.68,-85.67,-157.39
52.43591,-1.531649,177.58,7.76,3,109.71,22 / 23,1531910,2019-09-06 19:45:37:653,0.6607,-2.0784,8.7248,0.003,-0.0078,9.8066,0.0789,-0.0158,0.0628,-5.69,-32.87,29.88,13.05,-85.62,-156.74
52.43591,-1.531649,177.58,7.76,3,109.71,22 / 23,1532010,2019-09-06 19:45:37:753,0.7345,-0.5894,9.7668,-0.0024,0.0037,9.8066,-0.0896,0.0337,-0.0421,-5.69,-32.94,30.38,13.24,-85.51,-156.6
52.43591,-1.531649,177.58,7.76,3,109.71,22 / 23,1532110,2019-09-06 19:45:37:853,0.7719,-1.8008,10.1102,-0.0065,0.0158,9.8066,0.0279,-0.0216,0.0797,-5.62,-33.37,31,15.1,-85.7,-155.16
52.43591,-1.531649,177.58,7.76,3,109.71,22 / 23,1532210,2019-09-06 19:45:37:953,-0.0953,0.3159,10.4209,-0.0088,-0.0039,9.8066,0.0395,0.0605,-0.0021,-5.56,-32.87,30.31,15.7,-85.62,-154.31
52.43591,-1.531649,177.58,7.76,3,109.71,22 / 23,1532309,2019-09-06 19:45:38:052,0.6806,-1.1952,10.0657,-0.0029,-0.0162,9.8066,0.0732,-0.0149,0.0301,-5.81,-32.94,30.38,14.82,-85.39,-155.19
52.43531,-1.531568,176.74,11.34,3,175.81,20 / 21,1532410,2019-09-06 19:45:38:153,0.1285,-2.256,9.4062,-0.0085,-0.0066,9.8066,-0.1435,0.0082,-0.027,-5.44,-33,31,16.89,-85.14,-155.48
52.43531,-1.531568,176.74,11.34,3,175.81,20 / 21,1532509,2019-09-06 19:45:38:252,-0.6228,-1.7738,9.341,0.0156,-0.0055,9.8065,-0.1169,-0.001,-0.0116,-5.37,-33.06,30.75,16.24,-85.27,-156.04
52.43531,-1.531568,176.74,11.34,3,175.81,20 / 21,1532610,2019-09-06 19:45:38:353,0.0386,0.7916,9.7829,0.0099,-0.0308,9.8066,0.0659,0.0551,-0.0787,-5.62,-33.87,30.13,12.74,-85.44,-157.11
52.43531,-1.531568,176.74,11.34,3,175.81,20 / 21,1532709,2019-09-06 19:45:38:452,0.0776,-0.8424,9.8303,0.0118,0.0332,9.8065,0.1695,0.0014,0.0218,-5.19,-33.19,30.56,12.1,-85.56,-159.75
52.43531,-1.531568,176.74,11.34,3,175.81,20 / 21,1532810,2019-09-06 19:45:38:553,0.5514,-1.8454,9.6795,0.005,-0.0454,9.8065,-0.0146,-0.0597,0.0059,-5,-32.94,30.38,9.36,-85.52,-162
52.43531,-1.531568,176.74,11.34,3,175.81,20 / 21,1532909,2019-09-06 19:45:38:652,0.081,0.021,10.7619,-0.0019,-0.0149,9.8066,0.0553,0.0062,-0.0161,-5.44,-32.87,30.63,9.23,-85.26,-162.44
52.43531,-1.531568,176.74,11.34,3,175.81,20 / 21,1533010,2019-09-06 19:45:38:753,0.3116,-0.1489,10.3273,-0.0037,0.0125,9.8066,0.0816,0.0198,0.0453,-5.37,-32.87,30.44,10.24,-85.43,-161.21
52.43531,-1.531568,176.74,11.34,3,175.81,20 / 21,1533110,2019-09-06 19:45:38:853,-0.0106,0.0259,9.713,-0.0057,-0.0139,9.8066,-0.1029,-0.0034,0.0403,-5.69,-33.69,29.56,10.29,-85.41,-159.34
52.43531,-1.531568,176.74,11.34,3,175.81,20 / 21,1533210,2019-09-06 19:45:38:953,-0.2343,-0.0756,9.9546,-0.0055,-0.0207,9.8066,0.137,-0.0107,-0.0153,-5.44,-33,30.31,13.42,-85.32,-158.34
52.43531,-1.531568,176.74,11.34,3,175.81,20 / 21,1533312,2019-09-06 19:45:39:055,0.0698,-1.3912,10.0844,-0.004,-0.0073,9.8066,0.1218,0.0071,0.0093,-5.25,-32.37,30.44,13.98,-85.2,-157.82
52.43531,-1.531568,176.74,11.34,3,175.81,20 / 21,1533409,2019-09-06 19:45:39:152,-0.4908,0.631,9.8679,-0.003,-0.0036,9.8065,-0.0366,0.0044,0.0168,-5.44,-32.62,30.69,14.43,-85.02,-157.76
52.43531,-1.531568,176.74,11.34,3,175.81,20 / 21,1533510,2019-09-06 19:45:39:253,-0.0333,-0.2873,10.0083,-0.0035,-0.0006,9.8066,-0.0081,-0.0145,-0.0078,-5.87,-33,30.13,13.14,-84.99,-156.83
52.43531,-1.531568,176.74,11.34,3,175.81,20 / 21,1533609,2019-09-06 19:45:39:352,0.3289,-0.5595,9.9161,0.0021,0.025,9.8065,-0.0877,0.0205,0.0026,-5.87,-32.62,30.5,13.73,-85.14,-156.57
52.43531,-1.531568,176.74,11.34,3,175.81,20 / 21,1533710,2019-09-06 19:45:39:453,0.1543,0.3959,10.042,0.0067,0.0007,9.8066,0.0406,-0.0531,0.0377,-5.37,-32.81,30.19,14.41,-85.25,-157.46
52.43531,-1.531568,176.74,11.34,3,175.81,20 / 21,1533809,2019-09-06 19:45:39:552,0.7614,-1.0502,9.6593,0.0055,-0.0088,9.8066,0.046,0.0048,-0.0247,-6.25,-33.19,30.63,12.21,-85.16,-157.94
52.43531,-1.531568,176.74,11.34,3,175.81,20 / 21,1533910,2019-09-06 19:45:39:653,0.3823,-0.3592,10.3106,0.0024,-0.0182,9.8066,0.0087,0.0204,-0.0194,-5.44,-32.69,30.56,13.12,-85.1,-158.93
52.43531,-1.531568,176.74,11.34,3,175.81,20 / 21,1534010,2019-09-06 19:45:39:753,-0.7246,-0.0275,10.2667,0.0159,-0.0089,9.8065,0.119,-0.0162,-0.0152,-5.19,-33.12,31.25,10.63,-84.88,-161.24
52.43531,-1.531568,176.74,11.34,3,175.81,20 / 21,1534110,2019-09-06 19:45:39:853,0.9772,0.645,9.8696,0.0077,-0.0048,9.8065,-0.0181,0.0362,-0.117,-5.81,-33.19,30.88,7.24,-84.79,-162.52
52.43531,-1.531568,176.74,11.34,3,175.81,20 / 21,1534209,2019-09-06 19:45:39:952,-0.1953,-0.5243,9.7878,0.0097,0.0108,9.8066,-0.0039,-0.0011,-0.0184,-5.06,-32.81,31.25,7.13,-84.91,-164.4
52.43531,-1.531568,176.74,11.34,3,175.81,20 / 21,1534309,2019-09-06 19:45:40:052,0.3655,-0.5076,10.0123,0.0165,-0.007,9.8066,-0.0224,-0.0159,0.0104,-5.44,-32.19,30.75,6.03,-85.01,-165.36
52.43531,-1.531568,176.74,11.34,3,175.81,20 / 21,1534409,2019-09-06 19:45:40:152,-0.7389,1.0343,9.5701,0.0108,-0.032,9.8065,0.0921,0.0951,-0.0732,-5.25,-32.75,30.69,4.09,-84.97,-167.14
52.43531,-1.531568,176.74,11.34,3,175.81,20 / 21,1534509,2019-09-06 19:45:40:252,-0.3467,-0.7689,9.8279,0.0165,-0.0031,9.8066,0.0653,-0.0106,0.0808,-4.87,-32.75,30.25,0.72,-84.96,-169.89
52.43531,-1.531568,176.74,11.34,3,175.81,20 / 21,1534610,2019-09-06 19:45:40:353,0.7079,0.3441,10.175,-0.0129,-0.0064,9.8066,0.0643,0.0446,-0.0425,-5.56,-33,30.06,358.91,-84.84,-169.67
52.43531,-1.531568,176.74,11.34,3,175.81,20 / 21,1534710,2019-09-06 19:45:40:453,0.1275,-0.7811,10.0323,0.0058,-0.0107,9.8066,0.0777,-0.0205,0.0308,-5.69,-32.87,29.94,358.62,-84.89,-169.93
52.43531,-1.531568,176.74,11.34,3,175.81,20 / 21,1534809,2019-09-06 19:45:40:552,0.7622,-0.5337,9.4476,-0.0052,0.0289,9.8066,-0.1516,-0.0257,0.0516,-5.37,-33.06,30.19,0.64,-85.05,-169.96
52.43531,-1.531568,176.74,11.34,3,175.81,20 / 21,1534909,2019-09-06 19:45:40:652,-0.1799,0.2571,9.9093,-0.0101,-0.017,9.8065,-0.1691,0.0019,-0.0056,-6.25,-33.06,29.88,0.55,-85.02,-168.2
52.43531,-1.531568,176.74,11.34,3,175.81,20 / 21,1535009,2019-09-06 19:45:40:752,-0.4299,0.787,10.6635,0.0059,-0.0181,9.8065,0.0983,0.0263,0.0016,-5.94,-32.87,29.81,0.49,-85.04,-168.25
52.43531,-1.531568,176.74,11.34,3,175.81,20 / 21,1535109,2019-09-06 19:45:40:852,0.5676,-0.9735,10.2508,0.001,-0.0148,9.8066,0.1653,-0.0182,-0.0185,-5.69,-33.06,30.5,359.88,-84.85,-169.15
52.43531,-1.531568,176.74,11.34,3,175.81,20 / 21,1535210,2019-09-06 19:45:40:953,-0.2525,-0.6882,9.9046,0.0045,-0.0154,9.8065,-0.1593,0.0241,-0.0189,-5.94,-33.12,30.56,359.36,-84.63,-169.62
52.43531,-1.531568,176.74,11.34,3,175.81,20 / 21,1535310,2019-09-06 19:45:41:053,0.1496,-0.7416,9.734,0.007,-0.0237,9.8065,-0.1248,-0.0055,-0.0093,-5.37,-32.62,30.25,0.39,-84.71,-170.19
52.43531,-1.531568,176.74,11.34,3,175.81,22 / 23,1535409,2019-09-06 19:45:41:152,-0.125,-0.3085,9.7865,0.0138,-0.0191,9.8065,0.0173,-0.0304,-0.0141,-5.62,-32.87,30.19,357.31,-84.7,-171.1
52.43531,-1.531568,176.74,11.34,3,175.81,22 / 23,1535510,2019-09-06 19:45:41:253,0.2067,-0.997,9.8493,0.0022,0.0435,9.8065,0.1303,-0.021,0.0613,-6.06,-33.56,30.75,356.68,-84.99,-172.04
52.43531,-1.531568,176.74,11.34,3,175.81,22 / 23,1535609,2019-09-06 19:45:41:352,-1.202,-0.7268,10.3623,-0.0186,0.0242,9.8066,-0.0922,0.0389,-0.0665,-5.62,-33.06,30.94,357.39,-84.86,-171.4
52.43531,-1.531568,176.74,11.34,3,175.81,22 / 23,1535709,2019-09-06 19:45:41:452,-0.3443,-1.3199,9.6886,0.019,-0.0318,9.8065,-0.0458,-0.023,0.0649,-5.94,-33.06,30.38,355.72,-84.62,-172.52
52.43531,-1.531568,176.74,11.34,3,175.81,22 / 23,1535810,2019-09-06 19:45:41:553,-0.3238,-0.9907,9.5834,-0.0066,-0.0208,9.8066,-0.0789,0.0007,-0.031,-6.06,-33.25,29.63,356.7,-84.73,-171.65
52.43531,-1.531568,176.74,11.34,3,175.81,22 / 23,1535910,2019-09-06 19:45:41:653,-1.2436,2.3164,10.3447,0.002,-0.009,9.8066,-0.0111,-0.0497,0.043,-6.06,-33.06,30.5,358.65,-84.99,-170.26
52.43531,-1.531568,176.74,11.34,3,175.81,22 / 23,1536010,2019-09-06 19:45:41:753,1.4047,-0.7062,11.6072,0.0434,-0.0874,9.8061,-0.2636,-0.0317,0.0546,-6.62,-33.56,30.19,358.38,-85.13,-168.32
52.43531,-1.531568,176.74,11.34,3,175.81,22 / 23,1536109,2019-09-06 19:45:41:852,-0.0709,-0.3744,10.6329,0.0331,-0.1421,9.8055,-0.0925,-0.0114,0.0692,-6.81,-33.06,30.81,354.72,-84.19,-171.97
52.43531,-1.531568,176.74,11.34,3,175.81,22 / 23,1536210,2019-09-06 19:45:41:953,0.0807,-0.9654,10.2806,-0.0066,-0.0956,9.8061,0.0027,0.0158,0.0579,-6.06,-32.62,32,359.51,-83.79,-169.82
52.43531,-1.531568,176.74,11.34,3,175.81,22 / 23,1536310,2019-09-06 19:45:42:053,1.3731,-1.7375,9.5563,0.0118,-0.0043,9.8066,-0.15,-0.0855,0.0537,-6.5,-32.25,31.44,358.29,-83.85,-170.56
52.43531,-1.531568,176.74,11.34,3,175.81,20 / 21,1536409,2019-09-06 19:45:42:152,0.0907,0.2089,9.5165,-0.004,0.0325,9.8066,0.0422,-0.0279,0.001,-6.06,-32.56,30.81,358.53,-84.17,-170.36
52.43531,-1.531568,176.74,11.34,3,175.81,20 / 21,1536510,2019-09-06 19:45:42:253,-0.8688,-0.1013,9.572,0.0024,0.0348,9.8065,0.139,-0.0136,-0.033,-5.5,-32.94,31.44,359.12,-84.8,-171.63
52.43531,-1.531568,176.74,11.34,3,175.81,20 / 21,1536609,2019-09-06 19:45:42:352,1.046,-1.1098,9.3519,0.0096,0.0108,9.8065,-0.0496,-0.0645,0.0548,-5.87,-32.44,30.63,355.79,-84.73,-172.85
52.43531,-1.531568,176.74,11.34,3,175.81,20 / 21,1536710,2019-09-06 19:45:42:453,0.5344,-1.9848,9.6766,0.0129,-0.0225,9.8066,-0.0483,0.0262,-0.0562,-5.5,-32.94,31,355.31,-84.42,-175.03
52.43531,-1.531568,176.74,11.34,3,175.81,20 / 21,1536809,2019-09-06 19:45:42:552,-1.1684,-0.5834,11.0565,0.0054,-0.0061,9.8066,-0.0389,-0.0727,0.0672,-5.44,-32.81,30.56,354.59,-84.48,-175.67
52.43531,-1.531568,176.74,11.34,3,175.81,20 / 21,1536910,2019-09-06 19:45:42:653,-0.8859,0.8957,10.5295,0.0122,-0.0104,9.8066,-0.0736,0.0406,-0.0322,-5.25,-32,31.06,354.32,-84.66,-175.96
52.43531,-1.531568,176.74,11.34,3,175.81,20 / 21,1537010,2019-09-06 19:45:42:753,-0.2142,-1.3766,10.2203,0.0064,0.0081,9.8066,-0.109,0.0357,-0.0854,-5.12,-32.62,31.06,350.98,-84.66,-178.94
52.43531,-1.531568,176.74,11.34,3,175.81,20 / 21,1537110,2019-09-06 19:45:42:853,-0.8451,-0.2398,8.5655,0.0303,-0.0568,9.8064,-0.2389,-0.0373,-0.0957,-4.31,-32.75,30.81,349.09,-84.47,177.6
52.43531,-1.531568,176.74,11.34,3,175.81,20 / 21,1537210,2019-09-06 19:45:42:953,-1.4577,0.1377,9.5087,0.0291,-0.0226,9.8066,0.1038,-0.0343,-0.0151,-4.44,-32.94,30,345.15,-84.8,174.25
52.43531,-1.531568,176.74,11.34,3,175.81,20 / 21,1537310,2019-09-06 19:45:43:053,-1.9549,0.679,11.0337,-0.0094,0.0744,9.8064,0.4181,0.0504,0.1048,-4.75,-33.5,30.06,342.45,-85.35,173.49
52.43531,-1.531568,176.74,11.34,3,175.81,22 / 23,1537409,2019-09-06 19:45:43:152,-0.996,-2.9892,12.0986,-0.0024,-0.0023,9.8066,0.0671,0.0901,-0.1464,-4.5,-32.81,30.63,346.63,-84.85,175.29
52.43531,-1.531568,176.74,11.34,3,175.81,22 / 23,1537510,2019-09-06 19:45:43:253,-1.3182,-3.421,11.9344,-0.0137,-0.1566,9.8053,0.3749,-0.0384,0.1516,-4.5,-32.12,31.69,347.54,-84.39,175.92
52.43531,-1.531568,176.74,11.34,3,175.81,22 / 23,1537609,2019-09-06 19:45:43:352,-1.5609,1.2617,8.7615,0.009,-0.0131,9.8065,0.1231,0.1168,-0.0683,-5.25,-32,31.25,348.93,-83.64,179.4
52.43531,-1.531568,176.74,11.34,3,175.81,22 / 23,1537710,2019-09-06 19:45:43:453,0.321,-1.0035,9.3507,-0.0336,0.0055,9.8065,-0.0276,-0.0031,-0.0965,-5.06,-32.56,31.13,350.62,-83.7,-179.08
52.43531,-1.531568,176.74,11.34,3,175.81,22 / 23,1537809,2019-09-06 19:45:43:552,-0.9738,-0.1364,8.4727,-0.0253,0.0893,9.8061,-0.1029,0.0284,0.063,-4.69,-32.81,31,352.42,-84.34,-177.6
52.43531,-1.531568,176.74,11.34,3,175.81,22 / 23,1537909,2019-09-06 19:45:43:652,-0.2468,0.662,9.5243,-0.0154,0.0328,9.8065,-0.1048,0.0777,-0.0306,-5,-32.37,29.63,353.55,-84.59,-176.32
52.43531,-1.531568,176.74,11.34,3,175.81,22 / 23,1538009,2019-09-06 19:45:43:752,0.2615,-0.593,9.346,-0.0042,0.0011,9.8066,0.0198,0.0118,-0.02,-5.44,-32.37,30.31,352.01,-84.87,-177.75
52.43531,-1.531568,176.74,11.34,3,175.81,22 / 23,1538109,2019-09-06 19:45:43:852,-0.6573,-0.0676,10.1991,-0.0084,-0.0056,9.8066,0.0771,-0.0145,0.0299,-5.44,-33,30.63,353.06,-84.73,-177.08
52.43531,-1.531568,176.74,11.34,3,175.81,22 / 23,1538210,2019-09-06 19:45:43:953,0.3956,-0.1177,11.0726,0.0225,-0.0275,9.8065,-0.0771,0.0297,-0.0478,-5.44,-32.44,30.19,350.84,-84.56,-178.74
52.43531,-1.531568,176.74,11.34,3,175.81,22 / 23,1538309,2019-09-06 19:45:44:052,-1.3947,-0.8202,11.0612,0.0055,-0.0214,9.8066,0.1122,-0.083,0.0518,-5.37,-32.5,30.63,349.45,-84.27,179.73
52.43531,-1.531568,176.74,11.34,3,175.81,20 / 21,1538409,2019-09-06 19:45:44:152,-0.4154,-0.8852,10.1992,0.0004,-0.0084,9.8066,-0.1374,0.0498,0.013,-4.75,-31.75,30.56,348.85,-84.2,179.21
52.43531,-1.531568,176.74,11.34,3,175.81,20 / 21,1538510,2019-09-06 19:45:44:253,0.7497,-0.2967,9.3279,-0.0037,-0.0203,9.8065,-0.0056,-0.0867,0.0833,-5.81,-32.19,30.19,346.65,-84.31,179.4
52.43531,-1.531568,176.74,11.34,3,175.81,20 / 21,1538609,2019-09-06 19:45:44:352,-1.4077,-0.7483,9.3232,-0.0036,-0.0149,9.8066,-0.1642,0.1055,-0.0627,-6.06,-32.62,30.25,347.58,-84.38,-179.75
52.43531,-1.531568,176.74,11.34,3,175.81,20 / 21,1538709,2019-09-06 19:45:44:452,0.7203,-0.5404,9.9452,0.0053,0.0273,9.8066,0.035,0.0108,0.0268,-5.5,-32.19,30.25,347.95,-84.73,178.62
52.43531,-1.531568,176.74,11.34,3,175.81,20 / 21,1538810,2019-09-06 19:45:44:553,-0.5649,0.9423,10.3453,0.0045,-0.0271,9.8066,-0.0125,0.0544,-0.0539,-6.31,-32.44,30.31,344.64,-84.77,177.46
52.43531,-1.531568,176.74,11.34,3,175.81,20 / 21,1538911,2019-09-06 19:45:44:654,-0.0013,-0.6299,10.2183,0.0138,-0.0277,9.8066,0.0955,0.0195,0.0343,-5.5,-32.12,29.31,347.14,-84.69,178.26
52.43531,-1.531568,176.74,11.34,3,175.81,20 / 21,1539010,2019-09-06 19:45:44:753,0.1627,-1.1502,9.8149,-0.0007,-0.0329,9.8066,-0.0922,-0.0267,0.0239,-4.75,-32.12,31.06,347.7,-84.51,178.11
52.43531,-1.531568,176.74,11.34,3,175.81,20 / 21,1539110,2019-09-06 19:45:44:853,0.1539,-0.0333,9.2091,0.0114,-0.0203,9.8065,-0.0924,0.0251,-0.0097,-6.12,-32.25,30.44,344.76,-84.51,177.64
52.43531,-1.531568,176.74,11.34,3,175.81,20 / 21,1539210,2019-09-06 19:45:44:953,0.2641,-0.0618,10.1108,-0.0164,0.0423,9.8065,0.0969,0.1614,-0.0761,-5.25,-32.12,30.69,348.27,-84.75,178.57
52.43531,-1.531568,176.74,11.34,3,175.81,20 / 21,1539310,2019-09-06 19:45:45:053,-0.248,1.4034,11.1166,-0.0178,0.024,9.8066,0.0595,0.0049,0.0417,-4.75,-31.62,30.63,348.17,-84.64,178.5
52.43531,-1.531568,176.74,11.34,3,175.81,21 / 22,1539410,2019-09-06 19:45:45:153,0.4745,-0.8139,9.2595,-0.0096,-0.0052,9.8065,0.0953,0.0427,0.0011,-5.62,-31.44,30.19,347.21,-84.51,179.81
52.43531,-1.531568,176.74,11.34,3,175.81,21 / 22,1539510,2019-09-06 19:45:45:253,0.3724,-0.7266,9.7854,-0.0011,0.0067,9.8066,-0.1343,-0.0323,0.004,-5.56,-31.81,29.75,347.88,-84.46,-179.54
52.43531,-1.531568,176.74,11.34,3,175.81,21 / 22,1539610,2019-09-06 19:45:45:353,1.1956,1.7193,9.3744,-0.0187,0.0007,9.8065,0.184,-0.2104,0.0442,-6,-32.06,29.5,349.39,-84.62,-178.22
52.43531,-1.531568,176.74,11.34,3,175.81,21 / 22,1539709,2019-09-06 19:45:45:452,0.5953,-0.2537,10.1946,0.031,0.0034,9.8065,0.1957,0.028,-0.0512,-6.37,-31.62,29.63,347.65,-84.62,-179.78
52.43531,-1.531568,176.74,11.34,3,175.81,21 / 22,1539810,2019-09-06 19:45:45:553,0.257,-0.6271,10.5131,0.0159,-0.0324,9.8066,-0.022,0.061,-0.0052,-6.06,-31.75,30.44,347.13,-84.44,179.8
52.43531,-1.531568,176.74,11.34,3,175.81,21 / 22,1539910,2019-09-06 19:45:45:653,0.987,-0.1228,10.0727,0.0183,-0.0272,9.8066,-0.0435,0.0252,-0.0198,-5.75,-31.81,31,344.56,-84,177.21
52.43531,-1.531568,176.74,11.34,3,175.81,21 / 22,1540009,2019-09-06 19:45:45:752,-0.5118,-0.7268,8.9632,0.0065,-0.0011,9.8066,-0.2056,0.1164,-0.078,-5.56,-32.31,30.63,344.19,-84.01,176.88
52.43531,-1.531568,176.74,11.34,3,175.81,21 / 22,1540110,2019-09-06 19:45:45:853,0.1481,0.2152,9.6347,0.0114,0.0012,9.8066,-0.0949,-0.0185,0.044,-6.06,-32.44,30.13,341.21,-84.31,174.52
52.43531,-1.531568,176.74,11.34,3,175.81,21 / 22,1540210,2019-09-06 19:45:45:953,-0.2187,-0.2922,9.5679,-0.0104,0.0062,9.8066,0.0687,0.0515,-0.036,-5.56,-32.19,30.38,342.14,-84.67,175.23
52.43531,-1.531568,176.74,11.34,3,175.81,21 / 22,1540310,2019-09-06 19:45:46:053,-0.0867,0.1361,9.2588,0.0003,0.0043,9.8066,0.0586,-0.0124,0.0683,-6.5,-32.12,30.31,342.4,-84.63,175.48
52.43531,-1.531568,176.74,11.34,3,175.81,21 / 22,1540410,2019-09-06 19:45:46:153,-0.147,1.7362,8.6081,0.0232,-0.0355,9.8065,0.2009,0.0319,-0.0357,-6.12,-32.25,30.88,342.68,-84.52,175.36
52.43531,-1.531568,176.74,11.34,3,175.81,21 / 22,1540510,2019-09-06 19:45:46:253,1.3395,0.8353,9.6635,0.0003,-0.0792,9.8063,-0.0659,-0.1229,0.1568,-5.69,-31.87,31,342.98,-83.92,175.83
52.43531,-1.531568,176.74,11.34,3,175.81,21 / 22,1540610,2019-09-06 19:45:46:353,-1.8968,0.5018,9.5317,-0.0149,0.0933,9.8061,0.3546,0.0156,-0.053,-5.12,-32.25,30.5,347.08,-84.42,177.57
52.43531,-1.531568,176.74,11.34,3,175.81,21 / 22,1540710,2019-09-06 19:45:46:453,-0.0642,0.3727,9.6488,0.0031,0.0632,9.8064,0.1507,-0.0371,0.0563,-5.69,-32.19,31,343.22,-84.31,175.91
52.43531,-1.531568,176.74,11.34,3,175.81,21 / 22,1540810,2019-09-06 19:45:46:553,-0.5587,1.4078,9.767,0.0046,-0.0007,9.8066,0.0352,0.0013,0.0435,-5.06,-32.5,30.81,343.69,-84.46,174.51
52.43531,-1.531568,176.74,11.34,3,175.81,21 / 22,1540910,2019-09-06 19:45:46:653,-0.247,-0.9677,11.0193,0.0319,0.0164,9.8066,0.0124,0.022,-0.1865,-5.12,-32.37,30.5,340.92,-84.51,172
52.43531,-1.531568,176.74,11.34,3,175.81,21 / 22,1541010,2019-09-06 19:45:46:753,1.8542,-1.2507,10.1009,0.0206,-0.0338,9.8065,-0.3085,-0.0851,0.0098,-4.62,-32.81,29.88,335.98,-84.51,167.97
52.43531,-1.531568,176.74,11.34,3,175.81,21 / 22,1541110,2019-09-06 19:45:46:853,-0.4938,-0.7045,10.6048,0.0222,-0.0481,9.8064,-0.1403,-0.0175,-0.0252,-4.37,-32.5,31,336.05,-84.12,165.96
52.43531,-1.531568,176.74,11.34,3,175.81,21 / 22,1541210,2019-09-06 19:45:46:953,1.8764,1.6674,9.8516,-0.0086,-0.0142,9.8066,0.0721,0.0117,-0.0104,-4.06,-32.25,30.75,337.15,-84.01,166.99
52.43531,-1.531568,176.74,11.34,3,175.81,21 / 22,1541310,2019-09-06 19:45:47:053,-0.0664,-1.2155,10.2378,-0.0172,-0.0031,9.8065,0.0528,0.0207,0.0089,-4.69,-32.44,30.31,333.7,-84.02,166.08
52.434322,-1.531476,175.79,12.35,3,176.47,21 / 23,1541409,2019-09-06 19:45:47:152,0.5662,1.1002,10.199,0.0226,0.0126,9.8066,0.1194,-0.0496,0.1106,-4.56,-32.75,30.81,335.79,-84.11,167.61
52.434322,-1.531476,175.79,12.35,3,176.47,21 / 23,1541510,2019-09-06 19:45:47:253,-0.2941,-1.5462,9.3543,0.0093,-0.0112,9.8066,-0.1285,-0.073,-0.0169,-4.69,-32.31,30.19,334.63,-84.09,166.87
52.434322,-1.531476,175.79,12.35,3,176.47,21 / 23,1541609,2019-09-06 19:45:47:352,1.9404,-0.2803,10.0248,0.0171,0.0042,9.8066,-0.0707,0.0761,-0.0906,-4.69,-32.62,30,334.05,-84.06,166.45
52.434322,-1.531476,175.79,12.35,3,176.47,21 / 23,1541710,2019-09-06 19:45:47:453,-0.2772,-1.5597,10.2989,0.0005,0.0189,9.8066,-0.0615,0.0364,-0.0555,-4.25,-32.19,30,332.97,-84.2,163.47
52.434322,-1.531476,175.79,12.35,3,176.47,21 / 23,1541809,2019-09-06 19:45:47:552,0.0325,1.0883,9.8936,-0.0044,0.0003,9.8066,0.0861,0.0186,-0.1088,-4.31,-32.31,30.63,332.11,-84.09,162.42
52.434322,-1.531476,175.79,12.35,3,176.47,21 / 23,1541910,2019-09-06 19:45:47:653,-0.0779,-1.1627,10.152,0.0064,-0.0555,9.8064,-0.0636,0.0073,0.0547,-5.25,-32.25,29.75,329.69,-84.08,162.43
52.434322,-1.531476,175.79,12.35,3,176.47,21 / 23,1542009,2019-09-06 19:45:47:752,0.4357,-1.6708,9.9271,-0.0124,-0.0344,9.8065,-0.0791,0.0516,-0.039,-5.62,-33.06,30.38,330.26,-83.88,164.98
52.434322,-1.531476,175.79,12.35,3,176.47,21 / 23,1542110,2019-09-06 19:45:47:853,-0.2648,0.0343,10.2844,-0.0079,-0.0062,9.8066,-0.0141,-0.0472,0.0784,-5.12,-33.81,30.94,332.91,-84.03,165.14
52.434322,-1.531476,175.79,12.35,3,176.47,21 / 23,1542210,2019-09-06 19:45:47:953,0.087,1.0446,9.7877,0.0021,-0.0004,9.8066,-0.0324,0.0519,-0.0732,-5.25,-32.62,30.56,333.23,-84.21,165.25
52.434322,-1.531476,175.79,12.35,3,176.47,21 / 23,1542310,2019-09-06 19:45:48:053,0.0315,0.717,9.7916,0.0042,-0.0131,9.8066,-0.036,-0.013,0.0447,-5.56,-32.19,30.44,330.67,-84.14,165.11
52.434322,-1.531476,175.79,12.35,3,176.47,21 / 22,1542410,2019-09-06 19:45:48:153,0.8061,-0.3434,10.3042,-0.0004,0.0055,9.8066,0.1214,-0.0626,0.0924,-5.5,-32.19,30.5,333.87,-84.16,165.77
52.434322,-1.531476,175.79,12.35,3,176.47,21 / 22,1542509,2019-09-06 19:45:48:252,0.102,-1.3211,9.5855,-0.022,0.0146,9.8066,-0.1497,-0.0329,-0.0601,-6.25,-31.62,30.5,334.35,-84.15,167.99
52.434322,-1.531476,175.79,12.35,3,176.47,21 / 22,1542609,2019-09-06 19:45:48:352,-0.1268,-0.26,9.502,0.0145,-0.0226,9.8065,-0.0602,0.0312,0.034,-6.87,-32.44,30.94,331.68,-84.04,167.38
52.434322,-1.531476,175.79,12.35,3,176.47,21 / 22,1542710,2019-09-06 19:45:48:453,-0.2497,0.272,9.5496,-0.0025,0.0101,9.8066,0.0348,-0.0306,-0.0204,-5.62,-32.12,31.81,334.95,-84.13,168.13
52.434322,-1.531476,175.79,12.35,3,176.47,21 / 22,1542810,2019-09-06 19:45:48:553,-0.435,0.6934,10.1537,-0.0001,-0.0024,9.8066,-0.0201,0.0192,0.0009,-4.69,-31.75,31.69,336.44,-84.17,167.73
52.434322,-1.531476,175.79,12.35,3,176.47,21 / 22,1542909,2019-09-06 19:45:48:652,-0.053,-0.0673,10.3534,0.0054,0.0077,9.8066,0.0113,0.0046,-0.0632,-5,-32.44,30.44,334.25,-84.18,166.49
52.434322,-1.531476,175.79,12.35,3,176.47,21 / 22,1543010,2019-09-06 19:45:48:753,0.3271,-0.8934,10.591,0.0007,-0.0403,9.8065,0.0229,-0.0194,-0.0074,-5.25,-32.19,30,334.93,-83.93,167.22
52.434322,-1.531476,175.79,12.35,3,176.47,21 / 22,1543110,2019-09-06 19:45:48:853,-0.2218,0.7228,9.6592,-0.0037,-0.0399,9.8066,0.0198,-0.0292,0.1381,-4.87,-31.44,30.94,337.05,-83.83,168.7
52.434322,-1.531476,175.79,12.35,3,176.47,21 / 22,1543210,2019-09-06 19:45:48:953,-0.3376,0.6849,9.8275,-0.0097,-0.0074,9.8066,-0.1133,-0.0497,0.0694,-5.19,-31.81,31.19,339.41,-83.85,170.88
52.434322,-1.531476,175.79,12.35,3,176.47,21 / 22,1543310,2019-09-06 19:45:49:053,0.291,-0.2099,9.9472,-0.0264,0.0039,9.8066,-0.0176,-0.037,-0.0104,-5.31,-32.25,31.38,341.97,-84.01,173.11
52.434322,-1.531476,175.79,12.35,3,176.47,21 / 22,1543409,2019-09-06 19:45:49:152,0.215,-0.0685,10.1883,-0.0078,0.0066,9.8066,-0.0282,0.0434,-0.0386,-5.25,-32.75,31.38,341.52,-84.11,172.74
52.434322,-1.531476,175.79,12.35,3,176.47,21 / 22,1543510,2019-09-06 19:45:49:253,-0.2473,-0.8881,9.7685,0.0017,0.0214,9.8066,-0.0063,0.0736,-0.0069,-4.87,-32.56,31,341.42,-84.19,172.62
52.434322,-1.531476,175.79,12.35,3,176.47,21 / 22,1543610,2019-09-06 19:45:49:353,1.3407,0.7667,10.6066,0.0066,0.0115,9.8066,0.214,0.0613,0.0198,-5.37,-32.62,30.75,340.02,-84.13,171.39
52.434322,-1.531476,175.79,12.35,3,176.47,21 / 22,1543710,2019-09-06 19:45:49:453,0.4856,-0.2477,9.173,-0.004,0.0261,9.8066,-0.2357,0.0456,-0.1115,-5,-32.31,31.19,340.63,-84.15,171.86
52.434322,-1.531476,175.79,12.35,3,176.47,21 / 22,1543809,2019-09-06 19:45:49:552,0.4944,-0.2488,9.7097,0.0261,-0.0128,9.8065,-0.1256,0.045,-0.0025,-4.75,-32.31,30.94,338.55,-84.11,170.01
52.434322,-1.531476,175.79,12.35,3,176.47,21 / 22,1543910,2019-09-06 19:45:49:653,-0.7664,-0.6184,9.3113,0.0163,-0.0117,9.8065,0.0552,-0.0021,-0.0614,-4.87,-31.94,30.31,336.62,-84.22,168.6
52.434322,-1.531476,175.79,12.35,3,176.47,21 / 22,1544009,2019-09-06 19:45:49:752,0.5581,-0.1039,10.3069,0.0022,0.0199,9.8066,0.0668,0.0432,0.0132,-4.81,-32.44,30.5,337.05,-84.14,168.64
52.434322,-1.531476,175.79,12.35,3,176.47,21 / 22,1544110,2019-09-06 19:45:49:853,-0.4527,-0.2701,9.75,-0.0041,0.0068,9.8066,-0.0205,-0.0222,-0.0343,-4.75,-32.25,31,336.16,-84.23,167.81
52.434322,-1.531476,175.79,12.35,3,176.47,21 / 22,1544210,2019-09-06 19:45:49:953,-0.2469,-0.025,9.875,-0.0087,0.0154,9.8066,0.0379,0.0463,-0.0924,-4.62,-32.31,30.88,337.79,-84.29,169.25
52.434322,-1.531476,175.79,12.35,3,176.47,21 / 22,1544310,2019-09-06 19:45:50:053,-0.0662,-0.3016,9.8354,-0.003,0.0224,9.8066,-0.1097,0.0622,0.0432,-4.5,-32.69,30.56,339.19,-84.39,168.73
52.434322,-1.531476,175.79,12.35,3,176.47,21 / 22,1544410,2019-09-06 19:45:50:153,0.6085,0.0208,10.0746,-0.0031,-0.0107,9.8066,-0.0707,0.0195,-0.0369,-4.62,-32.62,31.13,337.96,-84.35,169.45
52.434322,-1.531476,175.79,12.35,3,176.47,21 / 22,1544510,2019-09-06 19:45:50:253,0.0654,-0.3519,9.7385,-0.0009,-0.0189,9.8066,0.0132,0.0264,0.0328,-4.94,-33.06,30.81,338.79,-84.31,170.21
52.434322,-1.531476,175.79,12.35,3,176.47,21 / 22,1544609,2019-09-06 19:45:50:352,0.4911,-1.175,9.556,-0.0009,-0.0005,9.8066,0.0726,-0.0418,0.0483,-5.25,-32.31,30.75,339.64,-84.22,170.94
52.434322,-1.531476,175.79,12.35,3,176.47,21 / 22,1544710,2019-09-06 19:45:50:453,0.2995,-0.5005,9.9669,-0.008,0.0081,9.8066,0.0419,0.0129,-0.0255,-5.19,-32.5,30.69,340.43,-84.23,171.65
52.434322,-1.531476,175.79,12.35,3,176.47,21 / 22,1544809,2019-09-06 19:45:50:552,-1.2492,-0.7708,9.9386,0.0117,0.0111,9.8065,0.059,0.033,0.0537,-5.25,-32.5,30.56,339.19,-84.35,170.49
52.434322,-1.531476,175.79,12.35,3,176.47,21 / 22,1544910,2019-09-06 19:45:50:653,-0.9243,-0.2061,9.9489,-0.0081,-0.0016,9.8066,-0.0181,0.0065,-0.0349,-5,-32.44,29.94,338.34,-84.32,170.11
52.434322,-1.531476,175.79,12.35,3,176.47,21 / 22,1545010,2019-09-06 19:45:50:753,0.4312,-1.3229,9.3237,0.0053,-0.0138,9.8066,0.0612,0.0089,-0.04,-5.25,-32.06,30.13,338.32,-84.16,170.15
52.434322,-1.531476,175.79,12.35,3,176.47,21 / 22,1545109,2019-09-06 19:45:50:852,-0.5281,-0.9819,8.9783,0.0111,-0.0165,9.8066,0.0025,-0.0499,-0.0394,-5.31,-32.25,30.81,338.46,-84.09,169.94
52.434322,-1.531476,175.79,12.35,3,176.47,21 / 22,1545210,2019-09-06 19:45:50:953,-0.5407,0.1046,9.6934,-0.0084,0.0357,9.8065,-0.0669,0.0189,-0.034,-5.69,-32.19,30.38,337.48,-84.07,171.27
52.434322,-1.531476,175.79,12.35,3,176.47,21 / 22,1545309,2019-09-06 19:45:51:052,0.433,-1.4293,10.0793,0.0021,0.0035,9.8066,0.0834,0.0095,0.025,-5.62,-32.25,30.69,337.22,-84.31,170.5
52.434322,-1.531476,175.79,12.35,3,176.47,21 / 22,1545409,2019-09-06 19:45:51:152,-0.3865,0.9846,9.8419,-0.0071,0.0311,9.8065,0.0475,0.0463,-0.0182,-5.06,-31.81,31.38,339.66,-84.52,170.85
52.434322,-1.531476,175.79,12.35,3,176.47,21 / 22,1545510,2019-09-06 19:45:51:253,-0.2187,-1.179,10.0585,0.0004,0.0297,9.8065,-0.0799,-0.0492,0.018,-4.56,-31.44,30.88,338.6,-84.55,169.81
52.434322,-1.531476,175.79,12.35,3,176.47,21 / 22,1545609,2019-09-06 19:45:51:352,-0.1401,0.1906,9.5512,0.0045,-0.0349,9.8065,-0.0664,0.001,-0.1116,-4.19,-31.25,30.5,341.62,-84.25,170.86
52.434322,-1.531476,175.79,12.35,3,176.47,21 / 22,1545710,2019-09-06 19:45:51:453,0.7343,0.1756,9.8316,0.0203,-0.024,9.8066,0.0919,-0.0474,0.1544,-4.37,-31.31,30.81,340.26,-84.2,169.65
52.434322,-1.531476,175.79,12.35,3,176.47,21 / 22,1545810,2019-09-06 19:45:51:553,1.4178,0.0276,9.5364,-0.0026,0.0224,9.8066,-0.0013,-0.0057,-0.0516,-4.56,-32.25,29.88,337.97,-84.22,169.81
52.434322,-1.531476,175.79,12.35,3,176.47,21 / 22,1545909,2019-09-06 19:45:51:652,-0.7417,-0.7252,10.5228,0.0088,0.0002,9.8066,0.0999,0.034,0.0064,-4.5,-31.5,30.38,339.73,-84.35,169.42
52.434322,-1.531476,175.79,12.35,3,176.47,21 / 22,1546010,2019-09-06 19:45:51:753,0.2507,-0.0145,10.1284,-0.0007,0.0067,9.8066,0.093,-0.0412,0.0283,-4.37,-31.12,30.06,338.45,-84.33,168.27
52.434322,-1.531476,175.79,12.35,3,176.47,21 / 22,1546109,2019-09-06 19:45:51:852,-0.1221,-1.1876,9.39,0.0022,0.0163,9.8066,-0.0777,0.07,-0.0225,-5,-31,30.06,336.93,-84.27,168.78
52.434322,-1.531476,175.79,12.35,3,176.47,21 / 22,1546214,2019-09-06 19:45:51:957,-0.7178,0.5659,9.6547,0.007,-0.015,9.8066,-0.0552,-0.0499,0.0455,-5.69,-30.75,29.88,334.4,-84.2,168.36
52.434322,-1.531476,175.79,12.35,3,176.47,21 / 22,1546310,2019-09-06 19:45:52:053,-1.3158,-1.7057,9.4147,0.0035,0.0086,9.8066,-0.0959,-0.0759,-0.0493,-5.56,-31.37,30.31,333.86,-84.29,167.83
52.434322,-1.531476,175.79,12.35,3,176.47,21 / 22,1546409,2019-09-06 19:45:52:152,0.2659,-0.6904,9.3845,-0.0083,0.0021,9.8066,0.0467,0.014,0.0585,-5.75,-32.25,30.75,334.97,-84.3,168.48
52.434322,-1.531476,175.79,12.35,3,176.47,21 / 22,1546510,2019-09-06 19:45:52:253,-0.5328,-0.2259,10.2174,-0.0012,0.0091,9.8066,-0.0453,0.0594,0.0083,-5.5,-31.94,31.25,336.96,-84.27,168.51
52.434322,-1.531476,175.79,12.35,3,176.47,21 / 22,1546610,2019-09-06 19:45:52:353,-0.6006,0.1989,10.1433,-0.0041,0.0056,9.8066,-0.1021,-0.0235,0.0435,-4.62,-32.31,30.75,337.08,-84.34,168.59
52.434322,-1.531476,175.79,12.35,3,176.47,21 / 22,1546710,2019-09-06 19:45:52:453,-0.1504,-0.2722,9.7726,-0.0121,0.0021,9.8066,0.1646,-0.0273,0.0106,-4.94,-32.19,30.63,338.25,-84.28,169.67
52.434322,-1.531476,175.79,12.35,3,176.47,21 / 22,1546809,2019-09-06 19:45:52:552,0.4896,-0.7804,10.1898,-0.0064,0.0107,9.8066,0.1462,0.0336,-0.0345,-5.81,-32.37,30.75,336.87,-84.27,170.21
52.434322,-1.531476,175.79,12.35,3,176.47,21 / 22,1546910,2019-09-06 19:45:52:653,-0.5361,-1.2636,10.604,0.0067,0.0243,9.8066,-0.0798,-0.0106,-0.0562,-5.56,-31.69,30.94,335.95,-84.38,169.33
52.434322,-1.531476,175.79,12.35,3,176.47,21 / 22,1547009,2019-09-06 19:45:52:752,-0.6055,-0.4702,10.1862,-0.0009,0.0335,9.8065,-0.0371,0.057,-0.0839,-4.44,-31.81,31,338.66,-84.45,168.17
52.434322,-1.531476,175.79,12.35,3,176.47,21 / 22,1547110,2019-09-06 19:45:52:853,0.5881,0.3399,9.4559,0.0196,-0.0368,9.8065,0.1055,0.0063,0.0633,-5.06,-31.44,30.56,336.39,-84.43,167.86
52.434322,-1.531476,175.79,12.35,3,176.47,21 / 22,1547210,2019-09-06 19:45:52:953,0.0477,1.1533,10.0383,0.0124,-0.042,9.8065,-0.0881,0.0277,-0.045,-4.81,-31.56,30.38,335.33,-84.18,167.46
52.434322,-1.531476,175.79,12.35,3,176.47,21 / 22,1547309,2019-09-06 19:45:53:052,-0.4854,1.0916,9.8111,-0.0061,0.0265,9.8066,0.0242,0.0283,0.0043,-4.44,-31.25,30.31,336.87,-84.43,166.8
52.434322,-1.531476,175.79,12.35,3,176.47,22 / 23,1547409,2019-09-06 19:45:53:152,0.291,-0.5645,9.9302,-0.0122,0.0261,9.8065,0.0869,-0.0343,0.065,-5.44,-32.06,30.69,335.55,-84.48,167.14
52.434322,-1.531476,175.79,12.35,3,176.47,22 / 23,1547510,2019-09-06 19:45:53:253,-0.3559,-2.5492,10.7854,0.008,-0.0037,9.8066,-0.1671,0.0423,-0.0244,-5.94,-31.44,30.75,333.22,-84.54,166.69
52.434322,-1.531476,175.79,12.35,3,176.47,22 / 23,1547609,2019-09-06 19:45:53:352,-0.7917,-1.9849,10.0915,0.022,-0.0682,9.8063,0.0937,-0.014,0.0107,-5.31,-31.5,30.94,335.32,-84.84,166.7
52.434322,-1.531476,175.79,12.35,3,176.47,22 / 23,1547710,2019-09-06 19:45:53:453,-1.0675,0.4151,9.78,0.0199,-0.0481,9.8064,0.0243,0.0437,-0.0567,-5.06,-32,30.38,332.9,-84.76,164.97
52.434322,-1.531476,175.79,12.35,3,176.47,22 / 23,1547809,2019-09-06 19:45:53:552,-0.5943,-0.2946,10.0094,-0.0089,0.0023,9.8066,0.1457,-0.0046,-0.0264,-4.81,-33.19,30.31,332.93,-84.5,165.21
52.434322,-1.531476,175.79,12.35,3,176.47,22 / 23,1547910,2019-09-06 19:45:53:653,-0.9436,-0.0827,9.8693,-0.0042,-0.034,9.8065,0.1595,-0.0239,0.0434,-5,-33,30.69,334.12,-84.31,166.01
52.434322,-1.531476,175.79,12.35,3,176.47,22 / 23,1548010,2019-09-06 19:45:53:753,0.5646,0.5574,9.9207,0.0037,-0.0246,9.8065,-0.0603,-0.0246,0.0429,-5.25,-32.62,31.38,334.04,-84.4,165.89
52.434322,-1.531476,175.79,12.35,3,176.47,22 / 23,1548110,2019-09-06 19:45:53:853,-0.9946,-0.0149,9.7996,-0.0101,0.015,9.8066,0.0104,0.024,0.0079,-5.56,-32.81,30.63,331.51,-84.58,165.28
52.434322,-1.531476,175.79,12.35,3,176.47,22 / 23,1548210,2019-09-06 19:45:53:953,-0.4831,-0.9534,9.7606,-0.0165,0.0075,9.8065,0.0537,0.0215,0.0381,-5.44,-32.62,30.5,335.2,-84.58,166.85
52.434322,-1.531476,175.79,12.35,3,176.47,22 / 23,1548310,2019-09-06 19:45:54:053,-0.2251,-0.6605,9.6731,-0.0049,0.0089,9.8065,-0.0566,-0.0543,-0.0116,-5.81,-32.62,30.56,332.71,-84.51,166.41
52.434322,-1.531476,175.79,12.35,3,176.47,20 / 21,1548410,2019-09-06 19:45:54:153,1.1298,-0.6271,10.1011,0.0038,0.0113,9.8066,0.0195,0.0736,-0.1146,-6.12,-31.69,30.44,331.88,-84.66,165.92
52.434322,-1.531476,175.79,12.35,3,176.47,20 / 21,1548510,2019-09-06 19:45:54:253,-0.7106,0.7508,10.0212,0.0105,-0.0366,9.8065,-0.0531,0.0677,0.0189,-5.87,-31.25,29.88,331.87,-84.54,165.9
52.434322,-1.531476,175.79,12.35,3,176.47,20 / 21,1548609,2019-09-06 19:45:54:352,0.1408,0.246,9.635,-0.0019,-0.0288,9.8065,0.0082,0.0195,0.0396,-5.56,-31.12,30.88,332.66,-84.57,166.17
52.434322,-1.531476,175.79,12.35,3,176.47,20 / 21,1548709,2019-09-06 19:45:54:452,-0.5374,-0.4833,10.1019,-0.0067,0.014,9.8066,-0.0032,-0.0112,-0.0241,-5.81,-30.44,31.56,335.29,-84.53,168.12
52.434322,-1.531476,175.79,12.35,3,176.47,20 / 21,1548809,2019-09-06 19:45:54:552,-0.4251,-0.2947,10.0488,-0.0154,0.0274,9.8066,-0.0373,0.0323,0.0264,-5.44,-30.62,31.06,337.58,-84.61,168.86
52.434322,-1.531476,175.79,12.35,3,176.47,20 / 21,1548910,2019-09-06 19:45:54:653,-0.704,-0.3352,9.4412,-0.008,-0.0023,9.8066,0.0006,0.0261,0.0043,-5.12,-31.06,31.44,339.27,-84.61,170.4
52.434322,-1.531476,175.79,12.35,3,176.47,20 / 21,1549010,2019-09-06 19:45:54:753,-0.8172,-0.1065,9.4862,-0.006,0.0044,9.8066,0.0411,0.0061,-0.0079,-4.94,-32,30.75,340.79,-84.7,171.8
52.434322,-1.531476,175.79,12.35,3,176.47,20 / 21,1549109,2019-09-06 19:45:54:852,-1.2731,0.6112,10.0055,-0.0045,0.0168,9.8066,0.047,0.0174,-0.0243,-5,-32.19,31.06,340.37,-84.73,171.41
52.434322,-1.531476,175.79,12.35,3,176.47,20 / 21,1549210,2019-09-06 19:45:54:953,-0.4025,-0.3623,10.1558,-0.0171,0.0426,9.8064,0.1551,-0.0513,0.0462,-5.81,-32.25,30.88,338.95,-84.85,171.85
52.434322,-1.531476,175.79,12.35,3,176.47,20 / 21,1549309,2019-09-06 19:45:55:052,-0.2773,-0.3901,10.0948,0.0157,-0.0432,9.8065,-0.2302,0.0045,-0.0155,-5.75,-33.06,30.5,339.06,-84.88,172
52.434322,-1.531476,175.79,12.35,3,176.47,19 / 20,1549410,2019-09-06 19:45:55:153,-0.381,0.777,10.5166,0.0114,-0.0684,9.8064,-0.0689,-0.0368,0.038,-5.19,-32.87,30.75,341.15,-84.63,172.21
52.434322,-1.531476,175.79,12.35,3,176.47,19 / 20,1549510,2019-09-06 19:45:55:253,-0.148,0.0386,9.6145,-0.0138,0.0488,9.8065,0.0627,-0.0539,0.0305,-5.44,-33.06,30.81,340.28,-85.03,171.27
52.434322,-1.531476,175.79,12.35,3,176.47,19 / 20,1549609,2019-09-06 19:45:55:352,-0.5096,-1.1018,10.393,-0.0178,0.0295,9.8065,0.1201,0.001,-0.0121,-6.12,-32.62,30.19,339.32,-85,172.6
52.434322,-1.531476,175.79,12.35,3,176.47,19 / 20,1549709,2019-09-06 19:45:55:452,0.3751,-0.858,10.1507,0.0152,-0.0416,9.8065,-0.1747,-0.0765,0.0616,-5.62,-32.69,30.19,338.45,-85.1,171.78
52.434322,-1.531476,175.79,12.35,3,176.47,19 / 20,1549810,2019-09-06 19:45:55:553,0.3372,1.3904,9.3989,0.0231,-0.0447,9.8065,-0.2346,0.0844,-0.0856,-5.94,-32.5,30.19,337.46,-84.75,170.96
52.434322,-1.531476,175.79,12.35,3,176.47,19 / 20,1549909,2019-09-06 19:45:55:652,-0.1472,1.7137,9.6008,-0.0134,0.0093,9.8066,0.2095,-0.021,0.0181,-5.19,-32.25,30.13,340.65,-84.84,171.98
52.434322,-1.531476,175.79,12.35,3,176.47,19 / 20,1550010,2019-09-06 19:45:55:753,-1.0677,1.3665,9.9357,-0.0054,0.0176,9.8066,0.124,0.0002,-0.0125,-5.81,-31.62,30.69,338.38,-84.88,171.32
52.434322,-1.531476,175.79,12.35,3,176.47,19 / 20,1550110,2019-09-06 19:45:55:853,-0.0386,-0.2113,9.7087,0.0076,-0.0199,9.8066,-0.1547,0.0506,-0.0095,-6.12,-31.69,29.69,337.81,-84.85,171.23
52.434322,-1.531476,175.79,12.35,3,176.47,19 / 20,1550210,2019-09-06 19:45:55:953,-1.4758,0.8334,9.8373,-0.0006,-0.0226,9.8066,-0.0882,-0.049,0.0567,-5.06,-31,30.63,340.38,-84.85,171.32
52.434322,-1.531476,175.79,12.35,3,176.47,19 / 20,1550310,2019-09-06 19:45:56:053,0.3985,0.7029,9.4652,0.0085,-0.0076,9.8066,0.0426,0.0033,0.0042,-6.06,-30.81,30.19,337.08,-84.84,170.51
52.433308,-1.531342,175.53,11.28,2,175.99,21 / 22,1550410,2019-09-06 19:45:56:153,-0.5962,0.8116,9.8505,0.007,0.0179,9.8066,0.0554,0.0222,0.0136,-6.06,-31.69,30.13,337.71,-84.79,171.17
52.433308,-1.531342,175.53,11.28,2,175.99,21 / 22,1550510,2019-09-06 19:45:56:253,0.5206,-0.3645,10.1895,0.0064,0.0013,9.8066,0.0813,-0.0014,-0.0565,-5.37,-31.25,30.31,337.76,-84.82,169.3
52.433308,-1.531342,175.53,11.28,2,175.99,21 / 22,1550610,2019-09-06 19:45:56:353,-0.8894,-0.7083,9.8653,0.0078,0.0073,9.8066,-0.1098,0.0197,-0.0181,-6,-31.75,30.63,335.13,-84.84,168.37
52.433308,-1.531342,175.53,11.28,2,175.99,21 / 22,1550710,2019-09-06 19:45:56:453,-0.4458,1.3771,9.8542,0.0065,-0.005,9.8066,-0.1394,0.0015,0.0105,-5.31,-31.56,30.75,336.7,-84.89,168
52.433308,-1.531342,175.53,11.28,2,175.99,21 / 22,1550810,2019-09-06 19:45:56:553,-0.2398,0.6792,9.6502,-0.0001,0.0015,9.8066,0.1297,-0.0265,-0.0434,-5.37,-31.87,30.75,336.04,-84.97,167.36
52.433308,-1.531342,175.53,11.28,2,175.99,21 / 22,1550910,2019-09-06 19:45:56:653,-0.388,0.6929,10.0077,-0.0073,0.0142,9.8066,0.1245,-0.061,0.0057,-5.06,-33.44,30.38,335.15,-84.95,167
52.433308,-1.531342,175.53,11.28,2,175.99,21 / 22,1551009,2019-09-06 19:45:56:752,-0.403,0.5674,9.9892,-0.0026,0.0193,9.8066,-0.0664,-0.0476,-0.0013,-4.37,-31.62,30.69,337.68,-85.06,167.03
52.433308,-1.531342,175.53,11.28,2,175.99,21 / 22,1551109,2019-09-06 19:45:56:852,-0.4477,1.1109,10.0612,0.0082,-0.0132,9.8066,-0.0941,0.0424,-0.0335,-5.31,-32.25,31.13,335.29,-84.94,166.69
52.433308,-1.531342,175.53,11.28,2,175.99,21 / 22,1551209,2019-09-06 19:45:56:952,-1.16,1.0631,10.114,0.0002,-0.0149,9.8066,0.0558,0.0487,-0.0173,-4.5,-31.25,30.81,336.8,-84.98,166.2
52.433308,-1.531342,175.53,11.28,2,175.99,21 / 22,1551309,2019-09-06 19:45:57:052,-0.1985,1.4373,10.0268,0.0078,0.0182,9.8066,0.0411,-0.03,-0.0268,-4.87,-31.75,30.25,334.26,-85.03,166.07
52.433308,-1.531342,175.53,11.28,2,175.99,21 / 23,1551410,2019-09-06 19:45:57:153,-0.0195,1.56,10.1025,0.0005,-0.0044,9.8066,0.0696,-0.0778,0.0045,-5,-31.06,30.5,333.75,-85.06,165.15
52.433308,-1.531342,175.53,11.28,2,175.99,21 / 23,1551510,2019-09-06 19:45:57:253,0.142,-0.2119,10.2152,-0.0022,0.0361,9.8066,0.1525,-0.0052,-0.0269,-5.5,-30.44,30.38,332.49,-85.17,164.24
52.433308,-1.531342,175.53,11.28,2,175.99,21 / 23,1551609,2019-09-06 19:45:57:352,-0.1963,0.287,10.136,-0.0118,0.0333,9.8065,-0.1399,0.0374,0.0369,-5.5,-29.25,30.06,332.81,-85.16,164.46
52.433308,-1.531342,175.53,11.28,2,175.99,21 / 23,1551709,2019-09-06 19:45:57:452,-0.5524,0.6408,9.7326,-0.0009,-0.025,9.8065,-0.0883,0.0329,0.035,-6.37,-29.12,30.06,331.61,-85.11,165.21
52.433308,-1.531342,175.53,11.28,2,175.99,21 / 23,1551810,2019-09-06 19:45:57:553,-0.8289,-0.1199,9.8198,-0.0017,-0.0155,9.8066,-0.0018,0.0093,-0.053,-6.56,-29.12,30.5,330.55,-85.16,165.54
52.433308,-1.531342,175.53,11.28,2,175.99,21 / 23,1551910,2019-09-06 19:45:57:653,-0.3917,-0.0353,9.9073,-0.0014,-0.0051,9.8066,-0.0065,0.0456,0.0101,-5.56,-29.44,31.25,332.2,-85.24,165.27
52.433308,-1.531342,175.53,11.28,2,175.99,21 / 23,1552010,2019-09-06 19:45:57:753,-0.291,0.5774,10.0583,0.0012,0.0048,9.8066,-0.0029,0.0096,0.0122,-4.94,-30.44,30.31,333.68,-85.29,165.28
52.433308,-1.531342,175.53,11.28,2,175.99,21 / 23,1552109,2019-09-06 19:45:57:852,0.1918,-0.0653,10.3707,0.0012,-0.0083,9.8066,0.0078,0.0162,-0.0028,-4.37,-31.31,30.31,335.43,-85.23,165.13
52.433308,-1.531342,175.53,11.28,2,175.99,21 / 23,1552210,2019-09-06 19:45:57:953,0.0627,0.1494,9.655,0,0.0106,9.8066,-0.0298,-0.0092,0.0445,-5.25,-31.81,30.38,333.64,-85.24,165.41
52.433308,-1.531342,175.53,11.28,2,175.99,21 / 23,1552310,2019-09-06 19:45:58:053,-0.44,-0.0391,9.5724,-0.0034,-0.0282,9.8065,-0.0536,0.0056,-0.0105,-4.75,-32.12,30.63,335.35,-85.14,166.65
52.433308,-1.531342,175.53,11.28,2,175.99,20 / 21,1552410,2019-09-06 19:45:58:153,-0.7318,0.705,9.488,-0.0073,0.0298,9.8065,-0.0113,0.0184,-0.0044,-5.56,-32.69,30.31,332.36,-85.18,166.16
52.433308,-1.531342,175.53,11.28,2,175.99,20 / 21,1552510,2019-09-06 19:45:58:253,-0.3445,0.4288,9.7067,-0.005,0.0059,9.8066,-0.0565,-0.0062,0.0245,-4.75,-32.75,30,333.85,-85.22,165.68
52.433308,-1.531342,175.53,11.28,2,175.99,20 / 21,1552609,2019-09-06 19:45:58:352,0.3049,0.2851,9.3458,0.007,-0.0111,9.8066,0.1026,-0.026,0.0071,-5.31,-31.56,30.56,334.88,-85.18,166.2
52.433308,-1.531342,175.53,11.28,2,175.99,20 / 21,1552709,2019-09-06 19:45:58:452,0.2638,-0.1691,10.2252,-0.008,0.0219,9.8066,0.0734,0.0564,-0.0179,-4.56,-32.25,30.19,333.65,-85.29,165.39
52.433308,-1.531342,175.53,11.28,2,175.99,20 / 21,1552810,2019-09-06 19:45:58:553,0.1886,0.0193,10.3684,0.0101,-0.0209,9.8066,-0.0249,0.001,0.0356,-5.31,-31.94,30.13,333,-85.38,164.74
52.433308,-1.531342,175.53,11.28,2,175.99,20 / 21,1552909,2019-09-06 19:45:58:652,-0.3558,0.1736,10.3919,0.0071,-0.0172,9.8065,-0.0057,-0.0052,-0.0522,-5.75,-32,29.94,330.83,-85.29,164.62
52.433308,-1.531342,175.53,11.28,2,175.99,20 / 21,1553010,2019-09-06 19:45:58:753,-0.0269,0.096,9.6141,0.0133,-0.0064,9.8066,0.0188,-0.0335,-0.0057,-6.19,-31.81,30.06,329.39,-85.28,163.3
52.433308,-1.531342,175.53,11.28,2,175.99,20 / 21,1553109,2019-09-06 19:45:58:852,-0.5539,0.0115,9.4117,0.0057,0.0029,9.8066,-0.0207,0.0204,-0.0329,-6.06,-32.69,31.31,329.25,-85.32,162.79
52.433308,-1.531342,175.53,11.28,2,175.99,20 / 21,1553209,2019-09-06 19:45:58:952,0.4866,-0.2398,9.5701,0.0147,-0.0046,9.8066,0.0311,0.0001,0.0193,-5.81,-32.87,31.25,326.99,-85.23,160.76
52.433308,-1.531342,175.53,11.28,2,175.99,20 / 21,1553310,2019-09-06 19:45:59:053,0.2452,0.1109,10.1601,-0.0121,0.0286,9.8065,0.0058,0.031,-0.0777,-5.56,-32.5,30.94,326.68,-85.44,160.26
52.433308,-1.531342,175.53,11.28,2,175.99,21 / 22,1553410,2019-09-06 19:45:59:153,-0.573,-0.2478,10.1754,-0.0008,0.0393,9.8065,0.019,0.0762,-0.0562,-5.19,-32.81,31.56,327.34,-85.4,158.84
52.433308,-1.531342,175.53,11.28,2,175.99,21 / 22,1553510,2019-09-06 19:45:59:253,-0.3272,0.1644,10.0957,0.0113,-0.0038,9.8066,0.1277,0.0075,0.0515,-5.37,-32.81,31.06,325.64,-85.29,157.69
52.433308,-1.531342,175.53,11.28,2,175.99,21 / 22,1553609,2019-09-06 19:45:59:352,0.6399,0.0195,10.1985,0.005,-0.0003,9.8066,-0.0962,0.0872,-0.1334,-4.94,-32.44,30.38,324.44,-85.28,156.89
52.433308,-1.531342,175.53,11.28,2,175.99,21 / 22,1553710,2019-09-06 19:45:59:453,-0.3395,-0.4462,10.0807,0.0199,-0.0012,9.8065,0.0123,0.029,0.0044,-5.62,-32.56,30.5,321.87,-85.32,155.94
52.433308,-1.531342,175.53,11.28,2,175.99,21 / 22,1553810,2019-09-06 19:45:59:553,0.3863,-0.0629,9.7228,0.0116,0.0043,9.8066,0.0499,0.092,-0.0215,-5.81,-32.19,30.81,318.55,-85.21,152.82
52.433308,-1.531342,175.53,11.28,2,175.99,21 / 22,1553910,2019-09-06 19:45:59:653,-0.072,0.3325,9.8954,0.0138,-0.0008,9.8066,-0.0084,0.0281,-0.0163,-6.19,-32.62,30.5,316.69,-85.12,151.25
52.433308,-1.531342,175.53,11.28,2,175.99,21 / 22,1554010,2019-09-06 19:45:59:753,0.3531,-0.2666,9.9442,0.0006,-0.0017,9.8066,-0.0801,0.0622,0.0044,-5.81,-31.5,31,316.45,-85.14,150.8
52.433308,-1.531342,175.53,11.28,2,175.99,21 / 22,1554110,2019-09-06 19:45:59:853,0.0919,0.6608,9.6806,0,-0.0045,9.8066,-0.0745,0.0238,0.017,-5.69,-31.62,31,316.18,-85.11,150.67
52.433308,-1.531342,175.53,11.28,2,175.99,21 / 22,1554209,2019-09-06 19:45:59:952,0.7348,-0.0289,9.5948,0.003,-0.0074,9.8066,-0.0855,0.0567,-0.0408,-4.37,-31.06,31,320.29,-85.04,150.89
52.433308,-1.531342,175.53,11.28,2,175.99,21 / 22,1554309,2019-09-06 19:46:00:052,-0.3617,-0.6424,9.9965,-0.0007,0.0022,9.8066,0.031,0.0251,-0.0165,-4.12,-31.19,30.25,319.83,-85.06,150.8
52.433308,-1.531342,175.53,11.28,2,175.99,21 / 22,1554410,2019-09-06 19:46:00:153,0.1651,-0.4843,9.4862,0.0059,0.01,9.8066,-0.0223,0.0807,0.034,-4.5,-31.69,29.5,318.28,-85.07,149.45
52.433308,-1.531342,175.53,11.28,2,175.99,21 / 22,1554510,2019-09-06 19:46:00:253,0.6327,0.761,9.9561,-0.0127,0.0068,9.8066,0.0161,0.0788,-0.0117,-5.06,-32.06,29.56,316.11,-85.16,149.21
52.433308,-1.531342,175.53,11.28,2,175.99,21 / 22,1554610,2019-09-06 19:46:00:353,0.9918,-0.0431,9.5353,-0.0051,0.0154,9.8066,0.0552,0.0819,-0.0331,-6.06,-32.37,29.81,314.66,-85.18,149.67
52.433308,-1.531342,175.53,11.28,2,175.99,21 / 22,1554710,2019-09-06 19:46:00:453,0.7507,-1.6614,9.9257,-0.0055,-0.0075,9.8066,-0.0408,0.065,-0.0306,-5.37,-32.94,30.38,317.24,-85.13,150.4
52.433308,-1.531342,175.53,11.28,2,175.99,21 / 22,1554810,2019-09-06 19:46:00:553,2.0283,-0.6301,9.94,0.0096,0.0154,9.8066,-0.0441,0.064,0.0452,-5.31,-32.87,30.56,316.63,-85.17,149.38
52.433308,-1.531342,175.53,11.28,2,175.99,21 / 22,1554909,2019-09-06 19:46:00:652,0.9716,0.1446,9.5459,-0.0091,-0.009,9.8066,-0.1428,0.1754,-0.0686,-5.56,-32.5,30.38,313.75,-85.25,148.75
52.433308,-1.531342,175.53,11.28,2,175.99,21 / 22,1555010,2019-09-06 19:46:00:753,1.4689,-0.9637,9.8608,0.0078,-0.0071,9.8066,0.0966,0.1058,0.0771,-6.12,-32.56,30.56,314.5,-85.29,149.07
52.433308,-1.531342,175.53,11.28,2,175.99,21 / 22,1555110,2019-09-06 19:46:00:853,1.4076,-0.6809,10.0303,-0.0235,0.0054,9.8065,0.0185,0.1343,-0.0476,-6.81,-32.56,30.56,315.57,-85.52,151.64
52.433308,-1.531342,175.53,11.28,2,175.99,21 / 22,1555210,2019-09-06 19:46:00:953,-0.3476,-0.4679,9.4682,-0.007,0.0045,9.8066,-0.0393,0.0502,0.0609,-7,-32.56,30,316.15,-85.55,152.67
52.433308,-1.531342,175.53,11.28,2,175.99,21 / 22,1555309,2019-09-06 19:46:01:052,-0.1654,-1.783,9.8924,-0.0241,-0.014,9.8065,-0.0768,0.0476,0.0243,-8.12,-33.5,29.94,320.83,-85.76,158.69
52.433308,-1.531342,175.53,11.28,2,175.99,22 / 23,1555410,2019-09-06 19:46:01:153,-0.4515,-0.5099,9.2691,-0.0067,-0.0148,9.8066,0.0558,-0.0071,0.0407,-8.06,-33.31,30,322.89,-85.91,160.52
52.433308,-1.531342,175.53,11.28,2,175.99,22 / 23,1555509,2019-09-06 19:46:01:252,-0.7513,0.0105,10.4756,-0.015,0.0326,9.8065,0.1283,-0.0297,0.0202,-8,-32.75,29.94,324.49,-86.17,161.85
52.433308,-1.531342,175.53,11.28,2,175.99,22 / 23,1555610,2019-09-06 19:46:01:353,0.1783,-0.0703,10.4159,0.0076,-0.0498,9.8064,-0.0624,-0.0126,0.0532,-7.75,-31.94,29.94,323.57,-86.52,160.68
52.433308,-1.531342,175.53,11.28,2,175.99,22 / 23,1555710,2019-09-06 19:46:01:453,-0.2086,-3.6169,9.9495,0.0115,-0.0527,9.8065,0.0445,-0.111,-0.0139,-8.06,-32.75,30.31,328.61,-86.1,165.76
52.433308,-1.531342,175.53,11.28,2,175.99,22 / 23,1555809,2019-09-06 19:46:01:552,0.0755,-0.9814,9.2957,0.0209,-0.0522,9.8064,-0.0333,-0.1541,0.1077,-8,-32.44,30.5,330.39,-85.78,167.01
52.433308,-1.531342,175.53,11.28,2,175.99,22 / 23,1555910,2019-09-06 19:46:01:653,-0.9247,-1.2615,9.7571,-0.0126,0.0095,9.8066,-0.1029,-0.0756,-0.0029,-8.75,-31.81,30.19,329.35,-85.86,168.27
52.433308,-1.531342,175.53,11.28,2,175.99,22 / 23,1556010,2019-09-06 19:46:01:753,-0.1457,-2.3099,9.6266,-0.0118,0.0131,9.8066,0.0771,-0.1151,0.044,-7.62,-32.12,29.94,331.86,-85.9,168.85
52.433308,-1.531342,175.53,11.28,2,175.99,22 / 23,1556110,2019-09-06 19:46:01:853,-1.0168,-1.6632,9.7912,-0.0119,-0.0024,9.8066,0.1318,-0.0578,0.0432,-8.31,-32.87,31,334.15,-85.92,170.51
52.433308,-1.531342,175.53,11.28,2,175.99,22 / 23,1556210,2019-09-06 19:46:01:953,-0.8684,-1.7039,9.5545,-0.0157,0.0168,9.8066,-0.0797,-0.0791,0.0258,-7.5,-32.75,30.94,338.72,-85.98,173.01
52.433308,-1.531342,175.53,11.28,2,175.99,22 / 23,1556309,2019-09-06 19:46:02:052,0.0161,-1.0797,9.5349,-0.0047,-0.0147,9.8066,-0.0357,-0.0655,0.0146,-7.94,-33.19,30.5,338.7,-85.86,174.77
52.433308,-1.531342,175.53,11.28,2,175.99,20 / 22,1556410,2019-09-06 19:46:02:153,-1.2868,-3.1909,9.8894,-0.0217,0.0261,9.8066,0.103,-0.0592,-0.0015,-7.75,-33.44,30.63,340.07,-85.82,176.05
52.433308,-1.531342,175.53,11.28,2,175.99,20 / 22,1556509,2019-09-06 19:46:02:252,-0.5639,-1.975,10.0012,0.0001,0.0101,9.8066,0.0345,-0.0775,-0.012,-7.19,-33.12,31.13,342.58,-85.91,176.62
52.433308,-1.531342,175.53,11.28,2,175.99,20 / 22,1556609,2019-09-06 19:46:02:352,0.0744,-0.6814,9.558,0.0013,0.0058,9.8066,-0.0128,-0.0967,0.018,-7.81,-33.56,30.81,340.35,-85.84,176.36
52.433308,-1.531342,175.53,11.28,2,175.99,20 / 22,1556710,2019-09-06 19:46:02:453,-0.2005,-0.3213,9.6809,0.0034,-0.0022,9.8066,-0.0919,-0.0415,-0.0244,-7.94,-32.94,31.56,339.83,-85.8,175.37
52.433308,-1.531342,175.53,11.28,2,175.99,20 / 22,1556809,2019-09-06 19:46:02:552,-0.7227,-0.8768,9.7246,0.0107,0.0026,9.8066,0.0087,-0.0086,-0.0409,-7.5,-33.12,30.56,339.88,-85.83,174.14
52.433308,-1.531342,175.53,11.28,2,175.99,20 / 22,1556910,2019-09-06 19:46:02:653,0.0293,-2.3699,10.1994,-0.0026,0.0081,9.8066,0.0332,-0.0409,0.0571,-7.94,-33.19,30.25,336.17,-85.95,172.89
52.433308,-1.531342,175.53,11.28,2,175.99,20 / 22,1557010,2019-09-06 19:46:02:753,0.0037,-0.8701,10.3381,-0.0065,0.0186,9.8066,-0.0389,-0.0173,0.0026,-7.56,-33.44,30.38,336.19,-86.08,172.85
52.433308,-1.531342,175.53,11.28,2,175.99,20 / 22,1557110,2019-09-06 19:46:02:853,-0.2581,-2.5265,9.7063,-0.0048,-0.0354,9.8066,-0.0446,0.0504,-0.0442,-7.25,-33.19,30.75,338.56,-85.91,172.88
52.433308,-1.531342,175.53,11.28,2,175.99,20 / 22,1557209,2019-09-06 19:46:02:952,0.8644,-2.2039,9.5734,0.0112,-0.0226,9.8066,-0.0501,-0.0067,-0.0222,-7.69,-33.44,30.56,336.17,-85.88,172.41
52.433308,-1.531342,175.53,11.28,2,175.99,20 / 22,1557311,2019-09-06 19:46:03:054,-1.6188,-0.9416,10.1835,-0.0043,0.0297,9.8066,-0.0488,-0.0939,0.0891,-7.44,-33.5,30.88,339.89,-85.94,174.11
52.433308,-1.531342,175.53,11.28,2,175.99,22 / 23,1557410,2019-09-06 19:46:03:153,0.6764,-1.1937,9.8118,-0.0031,-0.0267,9.8065,0.0469,-0.0216,0.0176,-7.69,-33.56,30.44,338.9,-86.17,175.39
52.433308,-1.531342,175.53,11.28,2,175.99,22 / 23,1557511,2019-09-06 19:46:03:254,1.2566,-1.6079,9.7491,0.0066,-0.0057,9.8066,0.0901,0.0933,-0.0051,-7.75,-33.94,31,339.98,-85.99,175.95
52.433308,-1.531342,175.53,11.28,2,175.99,22 / 23,1557611,2019-09-06 19:46:03:354,0.4789,-1.5095,10.0859,-0.003,-0.0245,9.8065,-0.0479,-0.0681,-0.0012,-7.25,-32.87,31.88,343.19,-85.87,176.77
52.433308,-1.531342,175.53,11.28,2,175.99,22 / 23,1557710,2019-09-06 19:46:03:453,-0.2994,-0.5106,9.7514,0.017,0.0033,9.8066,-0.0672,0.0335,-0.0737,-7.12,-32.5,31.44,342.02,-85.78,176.1
52.433308,-1.531342,175.53,11.28,2,175.99,22 / 23,1557810,2019-09-06 19:46:03:553,0.4567,-1.4883,10.1926,0.0127,-0.0095,9.8066,0.0079,0.1336,-0.0946,-7.19,-31.81,31.5,340.46,-85.67,174.26
52.433308,-1.531342,175.53,11.28,2,175.99,22 / 23,1557910,2019-09-06 19:46:03:653,-0.1836,-1.7073,10.343,0.0276,0.0094,9.8066,0.0589,-0.0746,0.0524,-6.56,-31.69,31.38,337.52,-85.61,172
52.433308,-1.531342,175.53,11.28,2,175.99,22 / 23,1558010,2019-09-06 19:46:03:753,2.0004,-1.1832,10.1464,-0.0021,-0.0033,9.8066,-0.013,0.0484,0.0275,-6.94,-32.87,30.94,335.51,-85.38,170.29
52.433308,-1.531342,175.53,11.28,2,175.99,22 / 23,1558110,2019-09-06 19:46:03:853,-0.2698,-0.4945,9.7778,0.013,-0.0501,9.8064,-0.034,0.0707,-0.0477,-6.81,-32.37,31.06,333.2,-85,168.28
52.433308,-1.531342,175.53,11.28,2,175.99,22 / 23,1558209,2019-09-06 19:46:03:952,1.0347,-0.8861,9.8641,0.0199,-0.0362,9.8065,-0.0282,0.0145,0.0499,-7.06,-32.94,30.5,332.99,-85.08,168.12
52.433308,-1.531342,175.53,11.28,2,175.99,22 / 23,1558310,2019-09-06 19:46:04:053,1.1959,-2.2344,9.6997,-0.0001,0.009,9.8066,-0.0169,0.1832,-0.111,-7.44,-32.44,31.31,330.85,-85.18,166.02
52.433308,-1.531342,175.53,11.28,2,175.99,20 / 21,1558409,2019-09-06 19:46:04:152,0.9718,-0.6081,9.7758,0.0077,0.0106,9.8066,0.0428,0.0025,0.0902,-7.12,-32.37,31.56,329.01,-85.23,163.84
52.433308,-1.531342,175.53,11.28,2,175.99,20 / 21,1558510,2019-09-06 19:46:04:253,0.8477,-0.4518,9.5992,0.0041,0.0391,9.8065,0.052,0.0853,-0.0861,-7.06,-32.75,31.38,325.6,-85.36,161.13
52.433308,-1.531342,175.53,11.28,2,175.99,20 / 21,1558610,2019-09-06 19:46:04:353,0.101,-0.6765,9.8112,0.0035,0.0211,9.8066,-0.0562,0.0518,-0.0562,-7.56,-32.81,31.25,321.69,-85.29,159.27
52.433308,-1.531342,175.53,11.28,2,175.99,20 / 21,1558709,2019-09-06 19:46:04:452,0.8013,-0.604,9.8281,0.0156,-0.0118,9.8066,-0.0002,0.079,-0.0249,-7.12,-32.06,31.19,322.52,-85.09,158.35
52.433308,-1.531342,175.53,11.28,2,175.99,20 / 21,1558809,2019-09-06 19:46:04:552,0.8839,-1.2018,9.8235,0.0106,0.0019,9.8066,0.0026,0.0232,-0.0088,-7.56,-32.25,31.06,319.02,-85.06,156.84
52.433308,-1.531342,175.53,11.28,2,175.99,20 / 21,1558909,2019-09-06 19:46:04:652,0.3984,-1.2748,9.9379,0.0134,0.0112,9.8066,0.0335,0.1093,-0.0866,-7.25,-32.62,31.06,320.72,-85.04,156.81
52.433308,-1.531342,175.53,11.28,2,175.99,20 / 21,1559009,2019-09-06 19:46:04:752,0.0848,0.4291,10.0066,0.0106,-0.0125,9.8066,-0.0534,0.0374,-0.0629,-7.25,-32.62,30.75,317.67,-84.99,154.01
52.433308,-1.531342,175.53,11.28,2,175.99,20 / 21,1559109,2019-09-06 19:46:04:852,0.3707,-0.6511,8.9677,0.0085,0.0493,9.8064,0.0182,0.0567,-0.0047,-7.19,-33,30.13,313.37,-85.04,150.47
52.433308,-1.531342,175.53,11.28,2,175.99,20 / 21,1559210,2019-09-06 19:46:04:953,0.6796,-0.5805,9.9504,-0.0019,0.0156,9.8066,-0.0233,0.0996,-0.0936,-7.5,-32.62,31.06,312.69,-84.97,149.37
52.433308,-1.531342,175.53,11.28,2,175.99,20 / 21,1559310,2019-09-06 19:46:05:053,0.3331,0.0454,10.0995,0.017,0.0053,9.8066,0.0992,0.0549,0.0163,-7.62,-33.12,31.06,307.76,-84.88,146.52
52.432487,-1.531147,175.9,12,2,165.92,21 / 22,1559409,2019-09-06 19:46:05:152,0.6735,-0.7652,9.6124,-0.0011,0.009,9.8066,-0.0812,0.1248,-0.099,-7.37,-32.87,30.25,307.43,-84.87,145.05
52.432487,-1.531147,175.9,12,2,165.92,21 / 22,1559510,2019-09-06 19:46:05:253,0.8567,-0.4046,9.9544,0.0176,0.0041,9.8066,0.0245,0.1105,-0.009,-7.69,-32.75,29.94,303.55,-84.62,143.37
52.432487,-1.531147,175.9,12,2,165.92,21 / 22,1559609,2019-09-06 19:46:05:352,1.7694,-1.1466,9.5738,0.0005,0.0202,9.8066,-0.1085,0.0539,-0.0251,-7.5,-33.19,30.44,303.68,-84.61,141.75
52.432487,-1.531147,175.9,12,2,165.92,21 / 22,1559709,2019-09-06 19:46:05:452,1.368,0.2758,9.1735,0.0076,-0.0103,9.8066,-0.0785,0.0993,-0.0417,-7.69,-32.94,30.5,301.79,-84.48,141.23
52.432487,-1.531147,175.9,12,2,165.92,21 / 22,1559810,2019-09-06 19:46:05:553,0.7711,0.1395,9.6887,0.007,-0.0123,9.8066,0.0609,0.0572,-0.0459,-8.69,-32.75,29.94,299.13,-84.5,141.02
52.432487,-1.531147,175.9,12,2,165.92,21 / 22,1559910,2019-09-06 19:46:05:653,1.1227,-0.8277,9.8698,0.0069,0.0166,9.8066,0.0759,0.0535,0.0419,-8.31,-32.69,29.94,300.41,-84.43,140.59
52.432487,-1.531147,175.9,12,2,165.92,21 / 22,1560010,2019-09-06 19:46:05:753,0.9853,-0.6219,9.4418,-0.0047,-0.012,9.8066,0.0121,0.0827,-0.0335,-8.06,-32.94,30,300.14,-84.37,140.39
52.432487,-1.531147,175.9,12,2,165.92,21 / 22,1560111,2019-09-06 19:46:05:854,0.8931,-1.0148,10.0482,0.0147,0.0151,9.8066,-0.0023,0.1,-0.0306,-9.25,-33.19,29.69,298.71,-84.25,140.86
52.432487,-1.531147,175.9,12,2,165.92,21 / 22,1560210,2019-09-06 19:46:05:953,1.0261,-0.2339,9.288,0,-0.0015,9.8066,-0.1832,0.1552,-0.0642,-9.5,-32.31,29.19,297.05,-84.21,139.87
52.432487,-1.531147,175.9,12,2,165.92,21 / 22,1560310,2019-09-06 19:46:06:053,0.7958,0.0047,8.8302,0.0072,-0.0038,9.8066,-0.2115,0.1109,0.041,-9.62,-32.31,29.38,295.23,-84.1,139.96
52.432487,-1.531147,175.9,12,2,165.92,20 / 21,1560410,2019-09-06 19:46:06:153,0.0208,0.9073,9.9589,-0.0032,0.0123,9.8066,0.1345,0.1218,-0.0561,-10.69,-31.87,30.19,294.24,-84.01,139.98
52.432487,-1.531147,175.9,12,2,165.92,20 / 21,1560509,2019-09-06 19:46:06:252,1.033,-0.8469,9.5231,-0.0052,0.0084,9.8066,0.1229,0.0654,0.0235,-9.69,-31.81,30.5,296.41,-84.04,139.68
52.432487,-1.531147,175.9,12,2,165.92,20 / 21,1560610,2019-09-06 19:46:06:353,0.6038,-0.0168,9.574,-0.0041,-0.0149,9.8066,-0.0451,0.0837,-0.0061,-8.62,-32.19,30.25,299.04,-84.02,141.23
52.432487,-1.531147,175.9,12,2,165.92,20 / 21,1560709,2019-09-06 19:46:06:452,1.4082,-0.4538,9.7443,0.0056,0.0103,9.8066,-0.0898,0.0861,-0.0113,-8.87,-32.75,29.81,299.24,-84.07,141.54
52.432487,-1.531147,175.9,12,2,165.92,20 / 21,1560810,2019-09-06 19:46:06:553,0.5977,0.1993,9.1009,-0.0006,0.0061,9.8066,-0.0736,0.1307,-0.004,-9.75,-33.44,29.63,296.34,-84.09,140.44
52.432487,-1.531147,175.9,12,2,165.92,20 / 21,1560909,2019-09-06 19:46:06:652,0.9804,0.0255,9.9828,0.0001,-0.0136,9.8066,-0.0613,0.1044,-0.02,-9.31,-32.69,29.31,297.6,-84.04,140.73
52.432487,-1.531147,175.9,12,2,165.92,20 / 21,1561010,2019-09-06 19:46:06:753,0.4004,0.014,10.0857,-0.0091,0.0024,9.8066,-0.0458,0.1165,0.0092,-9.31,-32.75,29.5,298.66,-84.12,140.94
52.432487,-1.531147,175.9,12,2,165.92,20 / 21,1561110,2019-09-06 19:46:06:853,0.7359,-1.0286,9.6475,0.0063,-0.0164,9.8066,0.0079,0.0665,0.0371,-9.94,-32.94,29.56,297.78,-83.97,141.93
52.432487,-1.531147,175.9,12,2,165.92,20 / 21,1561210,2019-09-06 19:46:06:953,0.3155,-0.8306,9.9029,-0.0059,-0.0213,9.8066,-0.1336,0.1159,-0.0406,-10.31,-32.81,29.56,299.13,-83.97,143.22
52.432487,-1.531147,175.9,12,2,165.92,20 / 21,1561310,2019-09-06 19:46:07:053,-0.0011,0.2132,10.0308,-0.0055,0.0005,9.8066,-0.0176,0.0811,0.0395,-10.56,-32.69,28.44,295.58,-83.89,143.23
52.432487,-1.531147,175.9,12,2,165.92,21 / 22,1561409,2019-09-06 19:46:07:152,0.9197,-0.2184,9.6767,-0.0022,0.007,9.8066,-0.0119,0.0411,-0.0119,-10.62,-33,29.06,296.87,-83.88,143.61
52.432487,-1.531147,175.9,12,2,165.92,21 / 22,1561510,2019-09-06 19:46:07:253,0.3839,-0.5411,9.7447,0.0002,-0.0061,9.8066,0.0157,0.0564,-0.0161,-10.81,-33.5,29.13,298.12,-83.85,144.83
52.432487,-1.531147,175.9,12,2,165.92,21 / 22,1561610,2019-09-06 19:46:07:353,-0.2047,0.2625,10.0033,-0.0038,-0.0031,9.8066,0.0212,0.0533,0.0133,-11.62,-33.31,29.31,296.71,-83.86,145.11
52.432487,-1.531147,175.9,12,2,165.92,21 / 22,1561710,2019-09-06 19:46:07:453,0.6266,0.8414,9.73,-0.0123,0.0269,9.8065,0.0264,0.0548,-0.0242,-11.87,-33.25,28.69,296.24,-83.94,144.58
52.432487,-1.531147,175.9,12,2,165.92,21 / 22,1561810,2019-09-06 19:46:07:553,-0.2998,-0.3163,10.2009,0.0006,0.0093,9.8066,-0.0109,0.0324,0.01,-11.81,-33.62,29.5,298.03,-83.79,145.76
52.432487,-1.531147,175.9,12,2,165.92,21 / 22,1561910,2019-09-06 19:46:07:653,-0.2444,-1.4321,9.522,0.0074,-0.0094,9.8066,0.092,0.0343,0.0223,-11.56,-33.06,29,296.96,-83.76,145.44
52.432487,-1.531147,175.9,12,2,165.92,21 / 22,1562009,2019-09-06 19:46:07:752,-0.635,-0.3975,9.4578,0.0124,-0.001,9.8066,-0.0341,0.0553,-0.0666,-11.81,-33.31,28.94,296.82,-83.67,145.41
52.432487,-1.531147,175.9,12,2,165.92,21 / 22,1562110,2019-09-06 19:46:07:853,-0.0591,-0.8671,9.7048,0.0148,0.0211,9.8066,-0.0425,0.0502,0.0269,-11.94,-33.75,29,295.78,-83.7,144.57
52.432487,-1.531147,175.9,12,2,165.92,21 / 22,1562210,2019-09-06 19:46:07:953,-0.3805,-0.6483,9.5827,0.0009,-0.0079,9.8066,-0.0378,-0.0038,0.0227,-11.5,-33.31,29.13,297.16,-83.62,144.14
52.432487,-1.531147,175.9,12,2,165.92,21 / 22,1562309,2019-09-06 19:46:08:052,-0.1603,-0.7621,9.2274,-0.0016,0.0018,9.8066,-0.0637,0.0359,-0.0564,-11.19,-33.44,29.25,297.88,-83.59,144.86
52.432487,-1.531147,175.9,12,2,165.92,21 / 23,1562410,2019-09-06 19:46:08:153,0.4225,-0.2441,9.9901,-0.0066,0.0157,9.8065,0.0302,0.0088,0.0509,-11,-33.25,28.56,297.87,-83.57,144.87
52.432487,-1.531147,175.9,12,2,165.92,21 / 23,1562509,2019-09-06 19:46:08:252,0.6979,0.3772,9.9481,-0.0027,0.0023,9.8066,0.0408,0.0053,0.0251,-11.31,-33.5,28.25,296.73,-83.63,144.6
52.432487,-1.531147,175.9,12,2,165.92,21 / 23,1562609,2019-09-06 19:46:08:352,-0.3794,-0.0133,9.6681,-0.003,-0.0126,9.8066,0.038,0.0742,-0.0134,-11.56,-33.12,27.94,296.61,-83.62,146.16
52.432487,-1.531147,175.9,12,2,165.92,21 / 23,1562710,2019-09-06 19:46:08:453,-0.4426,-1.0785,9.746,-0.0098,0.0149,9.8066,0.0773,-0.0529,0.101,-11.62,-33,27.69,296.84,-83.72,146.28
52.432487,-1.531147,175.9,12,2,165.92,21 / 23,1562810,2019-09-06 19:46:08:553,0.1019,-1.0048,9.6334,-0.0209,0.0203,9.8066,0.0007,-0.0119,-0.0101,-11.5,-33.25,27.63,299.8,-83.81,147.31
52.432487,-1.531147,175.9,12,2,165.92,21 / 23,1562910,2019-09-06 19:46:08:653,0.5151,-0.6462,9.9196,-0.0057,0.0085,9.8066,0.0514,0.03,-0.0313,-13.75,-32.75,27.19,294.69,-83.87,148.29
52.432487,-1.531147,175.9,12,2,165.92,21 / 23,1563010,2019-09-06 19:46:08:753,0.3332,-0.8688,10.2074,-0.0075,0.0073,9.8066,-0.0919,0.0429,0.047,-14.56,-32.25,28.56,295.6,-83.86,148.53
52.432487,-1.531147,175.9,12,2,165.92,21 / 23,1563110,2019-09-06 19:46:08:853,0.2621,-0.2445,9.6665,0.0066,-0.0127,9.8066,-0.0561,0.0375,-0.0106,-14.19,-31.12,28.69,296.92,-83.83,148.14
52.432487,-1.531147,175.9,12,2,165.92,21 / 23,1563210,2019-09-06 19:46:08:953,-0.0475,0.0511,9.6381,-0.0041,0.0314,9.8065,0.0668,-0.0481,-0.0105,-12.87,-31.56,29.25,299.25,-83.62,149.18
52.432487,-1.531147,175.9,12,2,165.92,21 / 23,1563309,2019-09-06 19:46:09:052,0.2116,-0.2784,9.8528,-0.007,0.0268,9.8066,0.0918,0.0386,-0.0771,-13,-31.94,27.94,296.73,-83.63,147.71
52.432487,-1.531147,175.9,12,2,165.92,20 / 22,1563410,2019-09-06 19:46:09:153,-0.2246,-0.0228,9.5266,0.0031,0.017,9.8066,0.0512,0.0307,0.0245,-12.62,-32.44,28.19,295.83,-83.46,147.02
52.432487,-1.531147,175.9,12,2,165.92,20 / 22,1563509,2019-09-06 19:46:09:252,-0.2244,-0.5384,9.6352,0.0015,0.0086,9.8066,0.0026,-0.0038,-0.0011,-12.37,-33,28.25,296.66,-83.31,146.52
52.432487,-1.531147,175.9,12,2,165.92,20 / 22,1563610,2019-09-06 19:46:09:353,0.9358,-1.3258,9.4458,-0.0047,0.0084,9.8066,-0.0537,0.0252,-0.0213,-12.31,-33.12,28.31,296.48,-83.31,146.36
52.432487,-1.531147,175.9,12,2,165.92,20 / 22,1563710,2019-09-06 19:46:09:453,0.0532,-1.3256,10.0486,-0.0153,0.012,9.8066,0.053,0.0031,0.0256,-12.69,-33.44,28.5,296.21,-83.35,146.74
52.432487,-1.531147,175.9,12,2,165.92,20 / 22,1563810,2019-09-06 19:46:09:553,-0.5495,-1.5945,8.6727,-0.0184,0.0212,9.8066,0.1249,0.013,-0.0487,-12.06,-33.25,28.69,297.96,-83.55,146.61
52.432487,-1.531147,175.9,12,2,165.92,20 / 22,1563909,2019-09-06 19:46:09:652,0.4581,-2.4181,10.4376,-0.0197,0.0231,9.8066,0.1655,-0.0109,0.0008,-12.56,-32.56,28.63,298.17,-83.58,148.37
52.432487,-1.531147,175.9,12,2,165.92,20 / 22,1564010,2019-09-06 19:46:09:753,-0.1832,-0.736,11.0906,-0.0072,0.0225,9.8066,-0.066,0.0911,0.0604,-12.12,-32.94,29.19,299.78,-83.58,148.3
52.432487,-1.531147,175.9,12,2,165.92,20 / 22,1564110,2019-09-06 19:46:09:853,-0.1271,-0.0948,9.9409,0.0191,-0.0511,9.8064,-0.1351,0.0008,0.0133,-11.44,-32.31,29,301.16,-83.64,147.72
52.432487,-1.531147,175.9,12,2,165.92,20 / 22,1564210,2019-09-06 19:46:09:953,-0.6827,0.73,9.9216,-0.0219,0.0484,9.8065,0.1555,-0.042,-0.0542,-10.69,-32.37,27.88,301.84,-83.4,149.44
52.432487,-1.531147,175.9,12,2,165.92,20 / 22,1564311,2019-09-06 19:46:10:054,-1.2752,0.0292,10.0146,-0.0107,0.0427,9.8065,0.0673,-0.1055,0.0246,-11.31,-32.37,26.63,298.93,-83.6,147.42
52.432487,-1.531147,175.9,12,2,165.92,21 / 22,1564410,2019-09-06 19:46:10:153,-0.0098,-0.1833,10.5588,-0.0131,0.031,9.8066,0.0691,-0.009,0.0155,-12.94,-32.25,27.75,296.52,-83.54,147.59
52.432487,-1.531147,175.9,12,2,165.92,21 / 22,1564509,2019-09-06 19:46:10:252,-1.0385,-0.411,10.3468,0.0063,-0.0095,9.8066,0.1022,0.0192,0.0003,-13,-32.31,28.38,297.16,-83.44,148.3
52.432487,-1.531147,175.9,12,2,165.92,21 / 22,1564610,2019-09-06 19:46:10:353,-0.514,-0.2059,9.8988,-0.001,0.0131,9.8066,-0.0126,-0.0094,0.0714,-12.06,-32.37,28.44,298.57,-83.34,148.11
52.432487,-1.531147,175.9,12,2,165.92,21 / 22,1564709,2019-09-06 19:46:10:452,-0.4203,0.3188,9.7721,0.0039,-0.0264,9.8066,-0.1121,-0.0051,-0.066,-12,-32.69,28.5,300.3,-83.23,149.13
52.432487,-1.531147,175.9,12,2,165.92,21 / 22,1564810,2019-09-06 19:46:10:553,-0.8378,0.1816,9.9185,0.0028,0.0231,9.8066,0.0134,-0.0447,-0.0169,-12.62,-32.62,27.94,296.76,-83.22,148.34
52.432487,-1.531147,175.9,12,2,165.92,21 / 22,1564910,2019-09-06 19:46:10:653,-0.1018,0.2906,9.4711,0.007,0.0106,9.8066,-0.0132,0.0337,0.0035,-12.62,-33,27.63,294.97,-83.22,146.64
52.432487,-1.531147,175.9,12,2,165.92,21 / 22,1565009,2019-09-06 19:46:10:752,-0.5412,-1.0239,9.8333,-0.004,-0.0046,9.8066,-0.0519,0.0032,-0.008,-12.12,-32.25,27.69,296.78,-83.21,146.55
52.432487,-1.531147,175.9,12,2,165.92,21 / 22,1565110,2019-09-06 19:46:10:853,0.4437,-0.4753,9.6971,-0.0041,0.0124,9.8066,-0.0353,-0.0056,0.0111,-12.06,-32.44,27.38,295.4,-83.2,146.22
52.432487,-1.531147,175.9,12,2,165.92,21 / 22,1565210,2019-09-06 19:46:10:953,-0.4799,-0.1468,9.72,-0.004,-0.0033,9.8066,0.0035,0.0019,-0.0092,-12.44,-31.87,27.38,295.65,-83.21,146.44
52.432487,-1.531147,175.9,12,2,165.92,21 / 22,1565310,2019-09-06 19:46:11:053,-0.3319,-0.3064,9.5308,0.0047,0.0051,9.8066,0.0709,-0.0032,0.0152,-13.12,-32.12,27.75,295.13,-83.14,146.67
52.432487,-1.531147,175.9,12,2,165.92,21 / 22,1565410,2019-09-06 19:46:11:153,0.1309,-0.4014,9.3016,-0.0131,0.0095,9.8066,-0.0495,-0.0801,0.0141,-13.69,-31.81,27.88,294.09,-83.15,147.24
52.432487,-1.531147,175.9,12,2,165.92,21 / 22,1565509,2019-09-06 19:46:11:252,-0.4873,-0.1885,9.7009,-0.0117,0.0003,9.8066,-0.0787,0.0186,-0.0549,-14.06,-31.37,28.25,294.79,-83.17,147.69
52.432487,-1.531147,175.9,12,2,165.92,21 / 22,1565610,2019-09-06 19:46:11:353,-0.9003,-0.2835,9.1268,-0.0077,0.0215,9.8066,-0.0472,-0.0212,0.0624,-13.94,-32.12,28.81,294.99,-83.24,147.04
52.432487,-1.531147,175.9,12,2,165.92,21 / 22,1565710,2019-09-06 19:46:11:453,-0.6499,-0.1212,9.8697,0.0035,-0.0041,9.8066,0.0062,-0.0107,-0.0094,-14.25,-32.31,29,295.71,-83.29,147.67
52.432487,-1.531147,175.9,12,2,165.92,21 / 22,1565810,2019-09-06 19:46:11:553,-1.2011,-0.856,9.7828,-0.0076,-0.0041,9.8065,-0.0804,0.0193,-0.0281,-13.37,-32.56,28.88,297.26,-83.39,147.69
52.432487,-1.531147,175.9,12,2,165.92,21 / 22,1565909,2019-09-06 19:46:11:652,-0.6352,0.1444,9.4196,-0.005,0.0129,9.8066,0.0006,-0.0241,0.0365,-12.12,-32.56,28.56,298.38,-83.47,147.09
52.432487,-1.531147,175.9,12,2,165.92,21 / 22,1566009,2019-09-06 19:46:11:752,-0.7422,-0.3251,9.3255,0.0039,-0.0019,9.8066,0.0071,0.0117,-0.0231,-12.75,-33.44,28.31,296.23,-83.43,147.62
52.432487,-1.531147,175.9,12,2,165.92,21 / 22,1566109,2019-09-06 19:46:11:852,-1.2763,0.1726,9.6513,0.0063,-0.0014,9.8066,-0.0128,0.036,-0.0281,-12.12,-33.25,28.44,297.84,-83.41,147.54
52.432487,-1.531147,175.9,12,2,165.92,21 / 22,1566209,2019-09-06 19:46:11:952,-0.9435,0.0083,10.3301,0.0076,0.0033,9.8065,0.027,0.0503,0.0195,-12.12,-32.81,27.63,296.97,-83.34,146.79
52.432487,-1.531147,175.9,12,2,165.92,21 / 22,1566309,2019-09-06 19:46:12:052,-0.3182,-0.0333,10.0601,0.0056,-0.0137,9.8066,-0.0014,-0.0702,0,-11.94,-32.75,27.81,296.54,-83.38,146.34
52.432487,-1.531147,175.9,12,2,165.92,22 / 23,1566410,2019-09-06 19:46:12:153,0.0228,0.8677,8.5191,-0.0123,0.0287,9.8065,-0.0515,-0.0961,0.0071,-12,-33,27.63,297.54,-83.26,147.41
52.432487,-1.531147,175.9,12,2,165.92,22 / 23,1566509,2019-09-06 19:46:12:252,-1.1528,0.0806,9.5691,-0.036,0.0582,9.8064,0.1113,-0.0361,0.0636,-12.44,-31.94,28.06,296.98,-83.52,146.43
52.432487,-1.531147,175.9,12,2,165.92,22 / 23,1566610,2019-09-06 19:46:12:353,-1.1976,1.0943,9.1435,-0.0399,0.0537,9.8064,0.0516,-0.1613,0.0383,-11.81,-32.37,28,297.58,-83.58,146.94
52.432487,-1.531147,175.9,12,2,165.92,22 / 23,1566710,2019-09-06 19:46:12:453,-0.6958,-0.294,10.8569,-0.0173,-0.0035,9.8065,0.0639,-0.0361,-0.0902,-12.44,-32,26.63,298.92,-83.47,149.26
52.432487,-1.531147,175.9,12,2,165.92,22 / 23,1566810,2019-09-06 19:46:12:553,-0.2419,-0.5387,10.0632,0.0197,-0.0365,9.8065,-0.0285,0.0024,0.0421,-13.44,-32.5,26.69,296.5,-83.49,148.6
52.432487,-1.531147,175.9,12,2,165.92,22 / 23,1566909,2019-09-06 19:46:12:652,-0.7636,-1.2545,10.3454,0.0077,-0.0166,9.8066,-0.0014,-0.008,0.0289,-14.19,-32.5,27.25,295.92,-83.45,149.7
52.432487,-1.531147,175.9,12,2,165.92,22 / 23,1567009,2019-09-06 19:46:12:752,-1.0548,-0.2774,10.3002,0.0007,0.0023,9.8066,-0.043,-0.0132,-0.0191,-14.69,-32.81,28.13,295.17,-83.43,149.7
52.432487,-1.531147,175.9,12,2,165.92,22 / 23,1567110,2019-09-06 19:46:12:853,-0.4911,0.2241,9.6996,0.0175,-0.01,9.8066,-0.0999,-0.0162,-0.0363,-14.37,-33.12,28.31,296.89,-83.32,149.92
52.432487,-1.531147,175.9,12,2,165.92,22 / 23,1567210,2019-09-06 19:46:12:953,-1.4328,0.306,9.6561,0.0233,-0.0213,9.8066,0.0682,-0.0079,0.0181,-14.06,-33.37,28.69,297.74,-83.26,149.82
52.432487,-1.531147,175.9,12,2,165.92,22 / 23,1567310,2019-09-06 19:46:13:053,-1.5077,-0.2237,10.0511,-0.0052,0.0309,9.8065,0.0345,-0.0489,-0.0611,-12.94,-33,28.63,296.88,-83.37,147.36
52.432487,-1.531147,175.9,12,2,165.92,21 / 22,1567409,2019-09-06 19:46:13:152,-1.5085,0.8668,9.7412,0.001,0.0302,9.8066,0.0854,-0.0082,-0.0197,-12.69,-33.25,28.44,294.21,-83.26,145.87
52.432487,-1.531147,175.9,12,2,165.92,21 / 22,1567510,2019-09-06 19:46:13:253,-0.5251,0.2685,10.078,0.0029,0.0204,9.8066,0.1513,0.0542,-0.0239,-12.37,-33.62,28.75,295.69,-83.16,145.05
52.432487,-1.531147,175.9,12,2,165.92,21 / 22,1567610,2019-09-06 19:46:13:353,-1.7983,0.2091,9.8874,-0.0073,0.0222,9.8065,-0.1714,0.0309,-0.0606,-12.5,-33,28.5,293.96,-83.18,143.18
52.432487,-1.531147,175.9,12,2,165.92,21 / 22,1567710,2019-09-06 19:46:13:453,-1.0512,0.71,10.1762,0.0013,-0.0024,9.8066,-0.0541,0.0091,0.0143,-11.69,-32.69,28.5,293.51,-83.14,142.79
52.432487,-1.531147,175.9,12,2,165.92,21 / 22,1567810,2019-09-06 19:46:13:553,-1.1549,0.3586,9.9408,-0.0039,0.0149,9.8066,0.055,0.0062,0.0341,-11.56,-32.62,28.38,292.2,-83.19,142.41
52.432487,-1.531147,175.9,12,2,165.92,21 / 22,1567910,2019-09-06 19:46:13:653,-0.8355,-0.454,10.0449,-0.0028,-0.013,9.8066,-0.0129,-0.0254,-0.0134,-11.62,-31.81,27.63,293.02,-83.19,142.98
52.432487,-1.531147,175.9,12,2,165.92,21 / 22,1568009,2019-09-06 19:46:13:752,-0.136,0.5791,10.5319,-0.0093,0.0143,9.8066,-0.017,0.057,-0.0278,-11.56,-32,27.19,291.71,-83.29,142.6
52.432487,-1.531147,175.9,12,2,165.92,21 / 22,1568109,2019-09-06 19:46:13:852,-0.3474,-0.1721,9.8617,0.0157,-0.0266,9.8066,-0.0353,-0.0475,0.0313,-12.12,-32,27.38,291.25,-83.27,142.18
52.432487,-1.531147,175.9,12,2,165.92,21 / 22,1568210,2019-09-06 19:46:13:953,-0.7058,0.1903,9.6288,0.0114,-0.0265,9.8066,0.0547,0.0272,0.046,-13.12,-33.44,28.13,291.87,-83.19,143.72
52.432487,-1.531147,175.9,12,2,165.92,21 / 22,1568310,2019-09-06 19:46:14:053,-0.8759,-0.6645,10.0291,-0.017,0.0241,9.8065,0.1273,-0.059,0.1003,-12.56,-33,28.44,290.17,-83.31,141.96
52.431538,-1.53036,175.41,12.56,2,150.07,20 / 21,1568409,2019-09-06 19:46:14:152,-1.5145,0.5344,9.5442,-0.0051,0.0163,9.8066,-0.029,0.0513,-0.1003,-12,-32.75,28.25,292.37,-83.34,142.41
52.431538,-1.53036,175.41,12.56,2,150.07,20 / 21,1568509,2019-09-06 19:46:14:252,-0.7455,-0.3303,9.4673,-0.0074,0.0211,9.8065,0.0724,-0.0087,0.0554,-12.31,-33.37,28.63,293.5,-83.34,142.59
52.431538,-1.53036,175.41,12.56,2,150.07,20 / 21,1568610,2019-09-06 19:46:14:353,-1.4416,-0.1815,10.2089,-0.02,0.009,9.8066,-0.0609,0.0528,-0.0647,-12.12,-33.19,28.69,294.14,-83.38,143.15
52.431538,-1.53036,175.41,12.56,2,150.07,20 / 21,1568709,2019-09-06 19:46:14:452,-0.6585,0.1027,9.5383,0.0065,-0.0054,9.8066,-0.0243,-0.0211,0.0334,-12.12,-32.69,27.38,292.55,-83.35,143.55
52.431538,-1.53036,175.41,12.56,2,150.07,20 / 21,1568809,2019-09-06 19:46:14:552,-0.8849,0.0211,10.067,-0.0027,-0.0094,9.8066,0.0815,0.0362,-0.0707,-13.06,-32.94,28.13,292.07,-83.36,143.73
52.431538,-1.53036,175.41,12.56,2,150.07,20 / 21,1568910,2019-09-06 19:46:14:653,-1.1297,-0.1774,10.0478,0.0067,-0.0032,9.8066,0.1104,0.0085,0.06,-12.06,-33.25,28.63,294.71,-83.43,143.64
52.431538,-1.53036,175.41,12.56,2,150.07,20 / 21,1569009,2019-09-06 19:46:14:752,-1.0163,1.2719,9.558,-0.0056,0.0107,9.8065,-0.1446,0.0982,-0.0883,-12.56,-33.19,27.75,291.48,-83.46,143.05
52.431538,-1.53036,175.41,12.56,2,150.07,20 / 21,1569110,2019-09-06 19:46:14:853,-0.4442,-0.0127,9.7436,0.0116,0.0004,9.8066,-0.0178,-0.0007,0.0041,-12.81,-33.87,28.5,292.03,-83.44,142.84
52.431538,-1.53036,175.41,12.56,2,150.07,20 / 21,1569211,2019-09-06 19:46:14:954,-0.9115,0.2244,9.546,0.0064,-0.0161,9.8066,-0.0302,0.0327,-0.0649,-11.69,-32.56,28.56,293.8,-83.44,142.77
52.431538,-1.53036,175.41,12.56,2,150.07,20 / 21,1569309,2019-09-06 19:46:15:052,-0.7952,1.1289,9.8984,-0.0061,0.027,9.8065,-0.0008,-0.0136,0.0259,-11.69,-32.94,28.06,290.39,-83.52,140.33
52.431538,-1.53036,175.41,12.56,2,150.07,21 / 22,1569410,2019-09-06 19:46:15:153,-1.0564,0.4143,9.7227,-0.0083,0.0264,9.8066,-0.0119,0.0387,-0.0592,-12.06,-32.87,28.25,290.08,-83.55,140
52.431538,-1.53036,175.41,12.56,2,150.07,21 / 22,1569509,2019-09-06 19:46:15:252,-1.1031,1.2298,10.0069,-0.0198,0.017,9.8066,0.2419,-0.0208,0.0152,-12.37,-31.94,27.5,290.1,-83.5,139.87
52.431538,-1.53036,175.41,12.56,2,150.07,21 / 22,1569610,2019-09-06 19:46:15:353,-1.5202,-1.7688,9.3483,-0.0184,0.0546,9.8064,-0.1253,-0.0825,0.0901,-13.12,-32.5,27.75,287.81,-83.5,139.28
52.431538,-1.53036,175.41,12.56,2,150.07,21 / 22,1569709,2019-09-06 19:46:15:452,-1.8351,1.6233,9.5742,-0.0201,-0.0331,9.8065,-0.184,0.0651,-0.0276,-12.75,-32.25,28.69,289.5,-83.49,139.98
52.431538,-1.53036,175.41,12.56,2,150.07,21 / 22,1569810,2019-09-06 19:46:15:553,-2.7684,1.4401,9.3234,0.0087,0.0058,9.8066,0.0945,-0.0765,-0.0297,-11.12,-31.81,29,291.61,-83.64,138.63
52.431538,-1.53036,175.41,12.56,2,150.07,21 / 22,1569910,2019-09-06 19:46:15:653,-0.0881,0.6471,10.1272,-0.0126,0.0383,9.8066,0.224,-0.0341,0.1019,-10.69,-32.06,27.81,291.51,-83.66,139.38
52.431538,-1.53036,175.41,12.56,2,150.07,21 / 22,1570010,2019-09-06 19:46:15:753,-1.7575,-0.47,9.7613,-0.018,-0.0042,9.8065,-0.0332,0.0841,-0.0411,-11.12,-32.19,26.56,291.03,-83.77,139.73
52.431538,-1.53036,175.41,12.56,2,150.07,21 / 22,1570110,2019-09-06 19:46:15:853,-0.1143,1.4255,9.4252,-0.0029,0.0144,9.8065,-0.0267,-0.2235,0.1033,-11.75,-31.56,26.13,289.24,-83.81,140.69
52.431538,-1.53036,175.41,12.56,2,150.07,21 / 22,1570210,2019-09-06 19:46:15:953,-1.2192,0.2649,9.565,-0.0102,-0.0023,9.8066,0.1775,-0.0514,0.0575,-12.62,-32.12,26.44,289.72,-83.85,142.79
52.431538,-1.53036,175.41,12.56,2,150.07,21 / 22,1570310,2019-09-06 19:46:16:053,-0.6137,0.2163,10.3287,-0.0282,0.0083,9.8066,0.1631,0.1068,-0.0394,-12.69,-32.25,26.5,290.28,-83.84,142.31
52.431538,-1.53036,175.41,12.56,2,150.07,20 / 21,1570409,2019-09-06 19:46:16:152,-2.1149,0.6405,10.3647,-0.0184,0.0286,9.8065,-0.0131,0.0547,0.0207,-12.94,-33.5,27.63,290.83,-84.05,141.81
52.431538,-1.53036,175.41,12.56,2,150.07,20 / 21,1570509,2019-09-06 19:46:16:252,-2.1039,-0.2703,9.7095,-0.0027,-0.0083,9.8065,-0.022,0.0163,0.0206,-12.87,-33,27.69,292.32,-84.11,143.18
52.431538,-1.53036,175.41,12.56,2,150.07,20 / 21,1570610,2019-09-06 19:46:16:353,0.3952,0.5956,10.0365,-0.0042,0.0087,9.8066,-0.0294,0.051,-0.015,-13.44,-33.5,28.31,292.9,-84.16,143.69
52.431538,-1.53036,175.41,12.56,2,150.07,20 / 21,1570710,2019-09-06 19:46:16:453,-2.4703,0.6224,10.5085,0.0238,-0.0604,9.8063,-0.1044,0.0927,-0.0323,-13.25,-33.37,28,295.34,-84.01,146.18
52.431538,-1.53036,175.41,12.56,2,150.07,20 / 21,1570809,2019-09-06 19:46:16:552,-1.5395,0.5071,10.3481,0.0184,-0.0406,9.8065,-0.1028,-0.2001,0.1302,-13.25,-32.69,28.31,295.4,-84.16,146.08
52.431538,-1.53036,175.41,12.56,2,150.07,20 / 21,1570909,2019-09-06 19:46:16:652,-2.6414,-0.2323,10.0467,-0.0013,-0.0021,9.8066,0.151,0.0015,0.0221,-12.5,-32.37,27.88,295.6,-84.25,144.38
52.431538,-1.53036,175.41,12.56,2,150.07,20 / 21,1571010,2019-09-06 19:46:16:753,-2.3169,2.2438,8.7893,-0.0069,0.009,9.8065,-0.0244,0.055,-0.0012,-13.06,-32.56,27.69,295.05,-84.26,145.65
52.431538,-1.53036,175.41,12.56,2,150.07,20 / 21,1571110,2019-09-06 19:46:16:853,-1.3384,1.3288,9.8706,-0.0246,0.0563,9.8064,0.0597,-0.0336,-0.0529,-12.69,-32.87,27.94,293.23,-84.5,143.65
52.431538,-1.53036,175.41,12.56,2,150.07,20 / 21,1571210,2019-09-06 19:46:16:953,-1.0135,0.8891,10.1215,0.0292,-0.0236,9.8066,0.1207,-0.0142,-0.0207,-12.81,-33.19,27.81,291.34,-84.55,141.77
52.431538,-1.53036,175.41,12.56,2,150.07,20 / 21,1571310,2019-09-06 19:46:17:053,-3.2718,1.6648,11.1058,-0.009,-0.014,9.8066,-0.0166,-0.0084,0.0081,-12.87,-33.37,27.94,291.54,-84.59,141.93
52.431538,-1.53036,175.41,12.56,2,150.07,21 / 22,1571409,2019-09-06 19:46:17:152,-1.897,0.8151,9.3996,-0.0178,0.0262,9.8066,0.1822,-0.0351,-0.0204,-13.31,-33.06,27.63,292.47,-84.61,142.81
52.431538,-1.53036,175.41,12.56,2,150.07,21 / 22,1571510,2019-09-06 19:46:17:253,-1.4836,-1.0376,10.3968,0.0124,-0.0389,9.8065,0.0014,-0.0039,0.0358,-12.56,-32.44,28.31,291.94,-84.38,142.36
52.431538,-1.53036,175.41,12.56,2,150.07,21 / 22,1571609,2019-09-06 19:46:17:352,0.753,-0.8232,8.6717,0.0151,0.0305,9.8066,-0.0825,0.1152,-0.074,-13.37,-32.94,27.56,291.79,-84.13,142.65
52.431538,-1.53036,175.41,12.56,2,150.07,21 / 22,1571709,2019-09-06 19:46:17:452,-2.3634,0.8869,9.1802,-0.0278,0.023,9.8066,0.1767,0.0184,-0.0425,-13,-32.81,26.88,289.81,-84.32,141.53
52.431538,-1.53036,175.41,12.56,2,150.07,21 / 22,1571810,2019-09-06 19:46:17:553,-0.5442,0.554,10.5197,-0.0027,0.0144,9.8065,0.1537,0.0074,-0.0006,-13.37,-33.56,27.5,289.04,-84.33,139.97
52.431538,-1.53036,175.41,12.56,2,150.07,21 / 22,1571909,2019-09-06 19:46:17:652,-1.4581,0.8365,10.2651,-0.0286,0.0434,9.8065,0.0497,0.0797,-0.0588,-13,-33.12,27.5,286.79,-84.63,137.28
52.431538,-1.53036,175.41,12.56,2,150.07,21 / 22,1572009,2019-09-06 19:46:17:752,1.17,0.2361,9.5588,-0.0269,0.02,9.8066,0.0624,0.0433,0.0271,-13.69,-33.87,28.25,287.72,-84.48,140.1
52.431538,-1.53036,175.41,12.56,2,150.07,21 / 22,1572110,2019-09-06 19:46:17:853,-0.1938,0.7788,9.5955,0.0281,-0.0529,9.8064,-0.0378,0.0896,-0.0037,-13.31,-33.56,27.5,290.26,-84.3,141.18
52.431538,-1.53036,175.41,12.56,2,150.07,21 / 22,1572209,2019-09-06 19:46:17:952,-0.5061,0.5831,10.1403,0.0125,-0.0375,9.8065,-0.1398,0.0876,-0.0201,-13.81,-33.75,27.5,291.54,-84.09,144.2
52.431538,-1.53036,175.41,12.56,2,150.07,21 / 22,1572310,2019-09-06 19:46:18:053,-0.3445,0.6307,10.0491,-0.0183,0.0319,9.8065,0.0474,0.1078,-0.0137,-13.62,-33.69,27.56,289.05,-84.38,141.49
52.431538,-1.53036,175.41,12.56,2,150.07,20 / 21,1572410,2019-09-06 19:46:18:153,-0.2569,0.2902,10.0771,-0.0137,0.0209,9.8066,-0.0131,0.0791,0.0145,-13.81,-33,27.13,287.85,-84.39,141.16
52.431538,-1.53036,175.41,12.56,2,150.07,20 / 21,1572510,2019-09-06 19:46:18:253,-0.5058,0.859,9.7754,0.0121,-0.0101,9.8066,0.0234,0.1307,-0.0291,-14.31,-33.5,26.69,287.73,-84.26,141.18
52.431538,-1.53036,175.41,12.56,2,150.07,20 / 21,1572610,2019-09-06 19:46:18:353,0.2908,0.2764,9.7395,0.0134,-0.0051,9.8066,-0.0006,0.1348,-0.0814,-14.37,-33.06,26.88,286.98,-84.2,140.52
52.431538,-1.53036,175.41,12.56,2,150.07,20 / 21,1572710,2019-09-06 19:46:18:453,0.0264,1.1123,10.3846,0.0071,0.0129,9.8066,0.0741,0.2159,-0.0966,-15.5,-33.06,26.81,283.59,-84.04,138.94
52.431538,-1.53036,175.41,12.56,2,150.07,20 / 21,1572810,2019-09-06 19:46:18:553,0.4892,1.0907,10.006,-0.0041,0.0193,9.8065,0.0963,0.1553,0.008,-15.37,-33.25,26.81,281.42,-83.89,136.97
52.431538,-1.53036,175.41,12.56,2,150.07,20 / 21,1572910,2019-09-06 19:46:18:653,0.597,0.2876,10.4513,0.0199,0.0005,9.8066,-0.1306,0.1903,-0.0652,-16.19,-33.87,27.63,280.61,-83.74,136.95
52.431538,-1.53036,175.41,12.56,2,150.07,20 / 21,1573010,2019-09-06 19:46:18:753,-0.72,1.579,10.2107,0.0218,-0.0135,9.8065,-0.1383,0.1522,-0.0077,-15.81,-32.69,27.31,278.92,-83.55,136.37
52.431538,-1.53036,175.41,12.56,2,150.07,20 / 21,1573109,2019-09-06 19:46:18:852,0.4238,2.0607,9.566,-0.011,0.0181,9.8066,0.1772,0.1712,0.0045,-16.19,-33.19,26.88,278.66,-83.47,136.2
52.431538,-1.53036,175.41,12.56,2,150.07,20 / 21,1573210,2019-09-06 19:46:18:953,-0.1263,1.5028,9.698,-0.0016,-0.0105,9.8066,0.1198,0.1914,0.0091,-15.44,-33.56,25.81,280.42,-83.37,137.9
52.431538,-1.53036,175.41,12.56,2,150.07,20 / 21,1573310,2019-09-06 19:46:19:053,0.0242,-0.2173,10.5244,-0.0035,0.0013,9.8066,-0.011,0.1836,0.0004,-15.25,-33.44,26.06,282.45,-83.28,139.79
52.431538,-1.53036,175.41,12.56,2,150.07,21 / 22,1573410,2019-09-06 19:46:19:153,0.9601,0.0961,9.1713,-0.0042,0.0198,9.8066,-0.0989,0.2179,-0.0368,-15.87,-35.31,26.31,280.82,-83.16,140.26
52.431538,-1.53036,175.41,12.56,2,150.07,21 / 22,1573509,2019-09-06 19:46:19:252,0.9014,0.1559,8.7261,0.0155,-0.009,9.8066,-0.042,0.2152,-0.0865,-15.62,-34.5,26.31,280.24,-83.06,139.59
52.431538,-1.53036,175.41,12.56,2,150.07,21 / 22,1573610,2019-09-06 19:46:19:353,-0.0891,1.252,9.6479,-0.0321,0.0513,9.8064,-0.1344,0.214,-0.0374,-15.56,-35.62,25.81,277.55,-83.12,137.32
52.431538,-1.53036,175.41,12.56,2,150.07,21 / 22,1573709,2019-09-06 19:46:19:452,-0.2173,1.0348,10.5734,-0.0437,0.0601,9.8063,0.2201,0.1684,-0.0197,-15.87,-34.81,24.75,274.7,-83.2,135.42
52.431538,-1.53036,175.41,12.56,2,150.07,21 / 22,1573810,2019-09-06 19:46:19:553,-0.1404,0.9412,10.4602,-0.0462,0.0666,9.8062,0.3521,0.1615,-0.0057,-16.44,-34.62,25.31,270.63,-83.51,130.97
52.431538,-1.53036,175.41,12.56,2,150.07,21 / 22,1573910,2019-09-06 19:46:19:653,1.2051,0.8018,10.5107,0.0518,-0.0494,9.8063,-0.1131,0.1593,0.025,-15.56,-34.62,24.19,272.13,-82.99,134.41
52.431538,-1.53036,175.41,12.56,2,150.07,21 / 22,1574010,2019-09-06 19:46:19:753,-0.055,0.8089,9.7612,0.009,-0.0392,9.8065,-0.1525,0.1975,0.0106,-16.69,-33.5,24.31,273.53,-82.93,136.85
52.431538,-1.53036,175.41,12.56,2,150.07,21 / 22,1574110,2019-09-06 19:46:19:853,0.7336,0.0137,9.4623,0.0273,-0.0363,9.8065,0.0542,0.1121,0.0361,-16.87,-34.12,24.38,276.46,-82.63,140.37
52.431538,-1.53036,175.41,12.56,2,150.07,21 / 22,1574209,2019-09-06 19:46:19:952,-1.4124,1.2821,9.3444,0.0276,-0.0332,9.8065,-0.095,0.1263,-0.0858,-16.69,-34.06,23.69,277.41,-82.65,141.29
52.431538,-1.53036,175.41,12.56,2,150.07,21 / 22,1574309,2019-09-06 19:46:20:052,-1.4918,0.5851,10.3355,-0.0603,0.0487,9.8063,-0.1285,0.1325,-0.0129,-16.62,-33.62,23.69,277.05,-82.73,140.83
52.431538,-1.53036,175.41,12.56,2,150.07,20 / 22,1574410,2019-09-06 19:46:20:153,-1.3295,-1.7303,10.7826,-0.0925,0.0569,9.806,0.1852,0.0212,0.1052,-16.87,-34.56,23.75,274.9,-83.41,138.12
52.431538,-1.53036,175.41,12.56,2,150.07,20 / 22,1574510,2019-09-06 19:46:20:253,-1.0569,-0.3423,9.9929,0.0363,-0.0422,9.8064,-0.2433,0.0425,0.0011,-17.87,-34.12,22.69,274.19,-83.38,140.01
52.431538,-1.53036,175.41,12.56,2,150.07,20 / 22,1574610,2019-09-06 19:46:20:353,-1.3923,-0.7872,9.6514,0.0269,-0.0605,9.8066,-0.165,-0.0663,0.067,-17.75,-34.81,23.25,275.76,-83.5,141.64
52.431538,-1.53036,175.41,12.56,2,150.07,20 / 22,1574710,2019-09-06 19:46:20:453,-0.8532,0.4011,9.1375,-0.0006,0.0096,9.8066,0.1593,-0.0884,0.0222,-17.62,-35.12,23.38,276.73,-83.41,142.73
52.431538,-1.53036,175.41,12.56,2,150.07,20 / 22,1574810,2019-09-06 19:46:20:553,-2.2635,-0.1086,9.6865,0.0052,-0.0204,9.8066,0.001,-0.0745,-0.0534,-18.37,-33.56,24.5,280.62,-83.3,143.77
52.431538,-1.53036,175.41,12.56,2,150.07,20 / 22,1574910,2019-09-06 19:46:20:653,-1.6082,-1.0804,9.8938,-0.0238,-0.004,9.8066,0.0066,-0.1129,0.1086,-18.5,-33.87,24.31,279.76,-83.54,143.96
52.431538,-1.53036,175.41,12.56,2,150.07,20 / 22,1575009,2019-09-06 19:46:20:752,-2.3128,-1.4564,9.5113,-0.0232,-0.0073,9.8065,0.0001,-0.1518,0.0283,-17.94,-33.37,24.06,281.93,-83.72,145.67
52.431538,-1.53036,175.41,12.56,2,150.07,20 / 22,1575109,2019-09-06 19:46:20:852,-2.8859,-1.649,10.0743,-0.0072,-0.0233,9.8065,-0.0528,-0.2454,0.0566,-18.69,-33.81,25.13,283.12,-83.99,146.8
52.431538,-1.53036,175.41,12.56,2,150.07,20 / 22,1575209,2019-09-06 19:46:20:952,-4.1022,-1.6831,10.4303,0.0071,-0.0057,9.8066,-0.0032,-0.2295,-0.0021,-17.81,-34.44,25.25,284.97,-84.06,147.16
52.431538,-1.53036,175.41,12.56,2,150.07,20 / 22,1575310,2019-09-06 19:46:21:053,-1.9723,-0.5505,8.9762,0.0244,0.0353,9.8065,0.025,-0.2992,-0.0619,-17.19,-33.37,26,286.13,-83.98,145.57
52.431538,-1.53036,175.41,12.56,2,150.07,19 / 20,1575409,2019-09-06 19:46:21:152,-2.3081,-1.3668,8.8384,0.0153,0.001,9.8066,-0.0357,-0.3058,-0.0314,-16.81,-34.31,26.63,282.72,-83.71,141.57
52.431538,-1.53036,175.41,12.56,2,150.07,19 / 20,1575510,2019-09-06 19:46:21:253,-2.3427,-1.1034,8.7051,-0.0236,0.0207,9.8066,-0.0443,-0.3432,0.0909,-15.69,-34.12,26,280.47,-83.92,138.84
52.431538,-1.53036,175.41,12.56,2,150.07,19 / 20,1575609,2019-09-06 19:46:21:352,-3.5731,-1.7677,10.3086,-0.047,0.0088,9.8065,-0.0988,-0.3507,0.0834,-15.19,-33.37,26.81,284,-84.35,139
52.431538,-1.53036,175.41,12.56,2,150.07,19 / 20,1575710,2019-09-06 19:46:21:453,-4.1593,-1.2097,10.7329,-0.0162,0.0275,9.8065,0.0449,-0.3281,-0.032,-15.19,-33.94,27.25,281.7,-84.96,136.25
52.431538,-1.53036,175.41,12.56,2,150.07,19 / 20,1575809,2019-09-06 19:46:21:552,-2.5737,-1.6024,10.2697,0.0047,0.028,9.8065,0.0261,-0.4073,-0.0067,-14.44,-34.12,27.69,280.47,-84.92,132.52
52.431538,-1.53036,175.41,12.56,2,150.07,19 / 20,1575909,2019-09-06 19:46:21:652,-2.6029,-2.0594,8.627,-0.0073,-0.0152,9.8065,0.001,-0.4341,0.0925,-13.81,-33.56,28.31,279.67,-84.95,131.7
52.431538,-1.53036,175.41,12.56,2,150.07,19 / 20,1576010,2019-09-06 19:46:21:753,-2.9088,-1.5559,9.2362,-0.0131,-0.0283,9.8066,-0.0135,-0.4439,0.1088,-14.12,-34.44,29,284.46,-85.12,135.28
52.431538,-1.53036,175.41,12.56,2,150.07,19 / 20,1576110,2019-09-06 19:46:21:853,-3.8958,-1.9785,10.0176,-0.0381,-0.0013,9.8066,-0.0615,-0.4888,0.1289,-12.94,-33.62,29.56,291.93,-85.63,139.64
52.431538,-1.53036,175.41,12.56,2,150.07,19 / 20,1576214,2019-09-06 19:46:21:957,-3.4126,-2.7481,9.7463,-0.0334,0.0455,9.8065,-0.0079,-0.5027,0.0602,-11.69,-33.94,30.06,292.67,-86.03,138.38
52.431538,-1.53036,175.41,12.56,2,150.07,19 / 20,1576310,2019-09-06 19:46:22:053,-3.49,-1.6018,9.5624,-0.011,-0.0033,9.8066,-0.1182,-0.4874,0.0277,-11.44,-34.12,29.5,292.42,-86.49,136.06
52.431538,-1.53036,175.41,12.56,2,150.07,20 / 21,1576410,2019-09-06 19:46:22:153,-2.9862,-0.1882,9.3703,-0.0374,0.0477,9.8065,0.0476,-0.4671,0.0413,-10.25,-33.5,29.63,292.77,-86.71,134.41
52.431538,-1.53036,175.41,12.56,2,150.07,20 / 21,1576509,2019-09-06 19:46:22:252,-3.2241,-1.2123,9.3054,-0.0391,0.0265,9.8065,0.0864,-0.4986,0.1182,-9.31,-33.31,30,294.96,-86.99,134.57
52.431538,-1.53036,175.41,12.56,2,150.07,20 / 21,1576610,2019-09-06 19:46:22:353,-3.2026,-1.1162,9.5501,-0.055,0.0211,9.8064,0.0389,-0.5451,0.0652,-9.12,-33.25,30.13,301.81,-87.56,140.72
52.431538,-1.53036,175.41,12.56,2,150.07,20 / 21,1576709,2019-09-06 19:46:22:452,-3.108,-1.2069,9.7989,-0.014,-0.0194,9.8065,0.0682,-0.4889,0.0378,-8.31,-33.81,30.69,316.05,-87.75,152.2
52.431538,-1.53036,175.41,12.56,2,150.07,20 / 21,1576809,2019-09-06 19:46:22:552,-3.3378,-2.1158,10.2492,-0.0234,-0.001,9.8065,-0.191,-0.5091,0.0646,-7.62,-33.69,31.19,321.14,-87.97,156.98
52.431538,-1.53036,175.41,12.56,2,150.07,20 / 21,1576910,2019-09-06 19:46:22:653,-3.7412,-1.6129,9.4784,-0.0207,-0.0241,9.8065,-0.2233,-0.506,0.0516,-7.25,-34.19,31.19,335.53,-88.14,169.1
52.431538,-1.53036,175.41,12.56,2,150.07,20 / 21,1577010,2019-09-06 19:46:22:753,-3.032,-0.8401,9.2314,-0.0339,0.0359,9.8065,0.1362,-0.6056,0.1136,-6.44,-34.44,30.75,345.84,-88.28,177.25
52.431538,-1.53036,175.41,12.56,2,150.07,20 / 21,1577109,2019-09-06 19:46:22:852,-3.8607,-0.6918,10.3922,-0.042,0.0229,9.8065,0.0252,-0.5514,0.031,-4.81,-33.44,30.63,1.38,-88.32,-169.5
52.431538,-1.53036,175.41,12.56,2,150.07,20 / 21,1577210,2019-09-06 19:46:22:953,-3.3995,-0.2458,9.8265,-0.0197,0.0302,9.8066,0.0005,-0.5369,0.1136,-4.44,-33.87,29.88,20.89,-88.42,-152.15
52.431538,-1.53036,175.41,12.56,2,150.07,20 / 21,1577309,2019-09-06 19:46:23:052,-2.6828,-0.7127,10.0847,-0.0267,-0.0253,9.8065,-0.0375,-0.5706,0.0839,-3.94,-33.94,29.56,33.24,-88.15,-140.31
52.43096,-1.529722,174.5,5.85,3,186.82,20 / 21,1577409,2019-09-06 19:46:23:152,-3.8183,0.4529,10.0407,-0.0557,0.0248,9.8064,-0.0683,-0.6255,0.1156,-3.06,-33.75,30.06,46.03,-88.06,-129.85
52.43096,-1.529722,174.5,5.85,3,186.82,20 / 21,1577509,2019-09-06 19:46:23:252,-3.4987,0.8376,9.9395,-0.0338,-0.0057,9.8065,-0.1009,-0.5981,0.0442,-1.94,-34.37,29.13,54.49,-87.54,-123.94
52.43096,-1.529722,174.5,5.85,3,186.82,20 / 21,1577609,2019-09-06 19:46:23:352,-3.8923,0.5316,9.2687,-0.0118,-0.0117,9.8066,0.0616,-0.615,0.0627,-1.06,-34.87,29.25,57.66,-87.29,-123.16
52.43096,-1.529722,174.5,5.85,3,186.82,20 / 21,1577710,2019-09-06 19:46:23:453,-3.8585,0.026,9.8107,-0.0321,0.0051,9.8065,0.0276,-0.6464,0.1152,-0.25,-34.69,29.25,64.76,-86.74,-118.84
52.43096,-1.529722,174.5,5.85,3,186.82,20 / 21,1577809,2019-09-06 19:46:23:552,-3.8324,0.8596,9.5599,-0.017,-0.0123,9.8065,-0.0755,-0.584,0.0595,1.19,-35.25,28.88,65.63,-86.39,-120.36
52.43096,-1.529722,174.5,5.85,3,186.82,20 / 21,1577909,2019-09-06 19:46:23:652,-3.8555,0.3102,10.2124,-0.0364,0.0172,9.8065,-0.0056,-0.6397,0.0733,2.25,-34.31,28.63,67.83,-86.12,-120.38
52.43096,-1.529722,174.5,5.85,3,186.82,20 / 21,1578010,2019-09-06 19:46:23:753,-3.2658,0.8916,10.3312,-0.0231,0.0094,9.8066,0.0176,-0.6926,0.1101,2.81,-34.12,28.13,74.17,-85.62,-117.09
52.43096,-1.529722,174.5,5.85,3,186.82,20 / 21,1578110,2019-09-06 19:46:23:853,-3.4946,1.1437,10.4006,-0.0144,-0.0065,9.8066,0.0374,-0.6281,0.0735,4.31,-34.75,27.06,76.59,-85.26,-117.81
52.43096,-1.529722,174.5,5.85,3,186.82,20 / 21,1578210,2019-09-06 19:46:23:953,-3.3958,1.2297,9.5783,-0.0282,-0.0145,9.8066,-0.0396,-0.5929,0.0295,5,-34.25,25.94,78.51,-84.97,-118.78
52.43096,-1.529722,174.5,5.85,3,186.82,20 / 21,1578310,2019-09-06 19:46:24:053,-2.7107,1.4341,9.2636,0.0041,-0.0168,9.8066,0.0008,-0.6253,0.0729,5.88,-34.62,25.69,78.74,-84.68,-121.18
52.43096,-1.529722,174.5,5.85,3,186.82,20 / 21,1578409,2019-09-06 19:46:24:152,-2.7035,1.7117,10.2417,-0.0319,-0.0376,9.8065,-0.1114,-0.6459,0.0327,6.69,-35,24.75,79.03,-84.35,-124.19
52.43096,-1.529722,174.5,5.85,3,186.82,20 / 21,1578510,2019-09-06 19:46:24:253,-2.2839,1.1618,9.4901,-0.0002,-0.0008,9.8066,0.0655,-0.5926,0.1068,7.63,-34.75,24.19,80.6,-84.14,-125.93
52.43096,-1.529722,174.5,5.85,3,186.82,20 / 21,1578610,2019-09-06 19:46:24:353,-2.3507,0.8372,9.5284,-0.0227,-0.0026,9.8066,-0.0766,-0.6264,0.0792,7.81,-34.87,22.31,82.4,-83.88,-126.76
52.43096,-1.529722,174.5,5.85,3,186.82,20 / 21,1578710,2019-09-06 19:46:24:453,-2.6526,1.9908,10.046,-0.0148,0.0087,9.8066,-0.0442,-0.5965,0.0662,8.44,-35,21.06,85.28,-83.62,-125.61
52.43096,-1.529722,174.5,5.85,3,186.82,20 / 21,1578810,2019-09-06 19:46:24:553,-2.112,1.5975,10.743,-0.0245,0.0083,9.8066,-0.1099,-0.5482,0.0343,9.25,-35.12,20.5,88.65,-83.42,-124.73
52.43096,-1.529722,174.5,5.85,3,186.82,20 / 21,1578910,2019-09-06 19:46:24:653,-2.5322,1.5571,10.35,-0.0234,-0.02,9.8065,-0.0553,-0.5762,0.0831,9.31,-35.25,19.81,90.63,-82.9,-125.06
52.43096,-1.529722,174.5,5.85,3,186.82,20 / 21,1579010,2019-09-06 19:46:24:753,-1.6749,1.7338,9.3829,-0.0349,-0.0414,9.8064,0.042,-0.6003,0.0601,9.38,-34.87,18.06,92.23,-82.68,-127.21
52.43096,-1.529722,174.5,5.85,3,186.82,20 / 21,1579110,2019-09-06 19:46:24:853,-1.6173,1.4249,9.252,-0.0204,-0.0008,9.8066,-0.0323,-0.5955,0.0788,10.75,-35.25,17.44,96.72,-82.35,-129.45
52.43096,-1.529722,174.5,5.85,3,186.82,20 / 21,1579210,2019-09-06 19:46:24:953,-1.6265,0.9767,9.3513,-0.026,-0.0112,9.8065,0.1694,-0.6287,0.1703,10.56,-35.56,17.06,96.32,-81.87,-131.14
52.43096,-1.529722,174.5,5.85,3,186.82,20 / 21,1579310,2019-09-06 19:46:25:053,-1.8067,2.8499,10.0063,-0.0093,0.0186,9.8066,0.1143,-0.5717,0.0918,10.44,-36.06,15.94,96.55,-81.19,-132.46
52.43096,-1.529722,174.5,5.85,3,186.82,20 / 21,1579410,2019-09-06 19:46:25:153,-1.9076,1.989,10.4875,0.0113,0.0065,9.8066,-0.0949,-0.5581,-0.0048,10.44,-36.12,15.63,95.83,-80.97,-133.67
52.43096,-1.529722,174.5,5.85,3,186.82,20 / 21,1579510,2019-09-06 19:46:25:253,-2.096,1.8939,10.9009,-0.0102,-0.0305,9.8065,-0.0362,-0.5858,0.0425,11.13,-35.31,13.88,99.62,-81.05,-136.19
52.43096,-1.529722,174.5,5.85,3,186.82,20 / 21,1579610,2019-09-06 19:46:25:353,-2.5863,1.2926,9.7279,-0.0071,-0.0079,9.8066,-0.1134,-0.573,0.0568,11.19,-35.87,12.25,105.05,-81.07,-136.88
52.43096,-1.529722,174.5,5.85,3,186.82,20 / 21,1579710,2019-09-06 19:46:25:453,-1.0019,2.3009,9.1111,-0.0498,-0.0148,9.8065,-0.1451,-0.5844,0.1283,10.94,-35.56,11.31,107.43,-80.89,-138.08
52.43096,-1.529722,174.5,5.85,3,186.82,20 / 21,1579809,2019-09-06 19:46:25:552,-1.3017,3.0799,9.6619,-0.0547,-0.0079,9.8065,0.0856,-0.5356,0.0927,10.75,-36.25,10.5,107.5,-80.29,-139.42
52.43096,-1.529722,174.5,5.85,3,186.82,20 / 21,1579909,2019-09-06 19:46:25:652,1.6007,3.4498,9.9072,0.0345,0.0078,9.8066,0.05,-0.6074,0.0834,10.38,-37.5,8.44,117.85,-80.17,-139.31
52.43096,-1.529722,174.5,5.85,3,186.82,20 / 21,1580010,2019-09-06 19:46:25:753,-0.0322,2.6655,10.7766,-0.0263,-0.0197,9.8065,-0.0824,-0.5819,0.0748,9.88,-37,7.63,117.19,-80.08,-140.41
52.43096,-1.529722,174.5,5.85,3,186.82,20 / 21,1580110,2019-09-06 19:46:25:853,0.8274,3.4155,10.7442,-0.0361,-0.0174,9.8065,-0.0347,-0.6604,0.0394,9.88,-37.12,7.19,120.27,-80.1,-141.45
52.43096,-1.529722,174.5,5.85,3,186.82,20 / 21,1580209,2019-09-06 19:46:25:952,0.5919,2.8375,10.0234,-0.0279,-0.0154,9.8065,-0.0002,-0.5921,0.0569,9.44,-37.81,5.94,123.41,-79.84,-144.01
52.43096,-1.529722,174.5,5.85,3,186.82,20 / 21,1580310,2019-09-06 19:46:26:053,0.8096,2.4861,9.3313,-0.0158,-0.0153,9.8065,0.0281,-0.5604,0.0944,10,-37.12,4.31,129.93,-79.63,-146.4
52.43096,-1.529722,174.5,5.85,3,186.82,20 / 21,1580410,2019-09-06 19:46:26:153,1.7748,3.4858,10.4382,-0.0147,-0.0005,9.8066,-0.0037,-0.6148,0.0873,8.94,-37.25,5,125.78,-79.43,-147.46
52.43096,-1.529722,174.5,5.85,3,186.82,20 / 21,1580510,2019-09-06 19:46:26:253,1.8854,2.3968,10.8439,-0.0348,-0.0039,9.8065,-0.0514,-0.695,0.1091,8.06,-37.25,3.13,135.08,-79.5,-148.06
52.43096,-1.529722,174.5,5.85,3,186.82,20 / 21,1580610,2019-09-06 19:46:26:353,3.7718,1.6022,9.9589,-0.0157,-0.0136,9.8065,-0.0404,-0.5384,0.1056,8.38,-37.31,2.38,138.9,-79.32,-149.99
52.43096,-1.529722,174.5,5.85,3,186.82,20 / 21,1580710,2019-09-06 19:46:26:453,3.1655,1.4765,10.4178,-0.0193,-0.0008,9.8065,-0.0685,-0.6255,0.0676,7.56,-38.31,0.94,142.86,-79.25,-151.83
52.43096,-1.529722,174.5,5.85,3,186.82,20 / 21,1580810,2019-09-06 19:46:26:553,4.0385,1.1296,10.8321,-0.0147,-0.0058,9.8066,0.0416,-0.4937,0.0392,6.44,-38,0.63,147.19,-79.04,-153.17
52.43096,-1.529722,174.5,5.85,3,186.82,20 / 21,1580910,2019-09-06 19:46:26:653,3.9305,2.9167,10.0315,-0.0386,-0.0043,9.8066,0.0834,-0.7031,0.1413,6.06,-38,-0.62,154.23,-78.96,-156.3
52.43096,-1.529722,174.5,5.85,3,186.82,20 / 21,1581010,2019-09-06 19:46:26:753,2.2675,0.9366,10.0521,-0.0149,-0.0088,9.8065,-0.011,-0.6975,0.0962,5.75,-38.44,-1.44,154.07,-78.71,-157.41
52.43096,-1.529722,174.5,5.85,3,186.82,20 / 21,1581110,2019-09-06 19:46:26:853,3.4547,1.2121,9.9704,-0.0359,-0.0104,9.8066,0.0431,-0.6856,0.0952,5,-37.69,-2.31,160.37,-78.52,-159.29
52.43096,-1.529722,174.5,5.85,3,186.82,20 / 21,1581210,2019-09-06 19:46:26:953,4.6366,1.3045,9.1469,-0.0257,0.0026,9.8066,-0.0294,-0.5456,0.0135,4.5,-38,-3.25,162.22,-78.42,-162.01
52.43096,-1.529722,174.5,5.85,3,186.82,20 / 21,1581310,2019-09-06 19:46:27:053,1.9638,1.7745,9.9975,-0.0147,0.0285,9.8065,0.0271,-0.5723,0.0693,3.5,-38.06,-4.25,167.79,-78.39,-163.6
52.43096,-1.529722,174.5,5.85,3,186.82,20 / 21,1581410,2019-09-06 19:46:27:153,2.3216,0.0485,9.2211,-0.0337,-0.0173,9.8065,0.1141,-0.5789,0.0604,2.44,-38.06,-4.69,177.09,-78.49,-165.16
52.43096,-1.529722,174.5,5.85,3,186.82,20 / 21,1581510,2019-09-06 19:46:27:253,2.305,-0.1215,9.1656,-0.0153,0.0002,9.8066,0.1032,-0.5565,0.0431,1.38,-38.69,-4.87,180.51,-78.43,-167.41
52.43096,-1.529722,174.5,5.85,3,186.82,20 / 21,1581609,2019-09-06 19:46:27:352,3.2314,0.3184,9.6064,-0.0131,0.0025,9.8066,-0.2231,-0.5894,-0.013,1,-38.44,-5.56,181.02,-78.42,-168.26
52.43096,-1.529722,174.5,5.85,3,186.82,20 / 21,1581709,2019-09-06 19:46:27:452,3.8501,-0.2036,9.6515,-0.0371,0.0057,9.8065,-0.0728,-0.5371,0.1538,0.44,-39.12,-6.06,184.61,-78.47,-169.48
52.43096,-1.529722,174.5,5.85,3,186.82,20 / 21,1581810,2019-09-06 19:46:27:553,3.6214,0.7568,11.0353,-0.0161,0.0007,9.8066,0.0454,-0.5863,0.0306,-1.44,-38.44,-7,187.91,-78.57,-171.95
52.43096,-1.529722,174.5,5.85,3,186.82,20 / 21,1581909,2019-09-06 19:46:27:652,1.9894,0.2031,9.7191,-0.038,0.0111,9.8065,0.1131,-0.5985,0.0515,-1.5,-37.44,-6.5,186.91,-78.51,-174.32
52.43096,-1.529722,174.5,5.85,3,186.82,20 / 21,1582009,2019-09-06 19:46:27:752,2.3561,-1.4532,9.5628,-0.0021,0.0422,9.8065,-0.1142,-0.6248,0.0707,-2.81,-38.62,-6.62,194.2,-78.42,-174.65
52.43096,-1.529722,174.5,5.85,3,186.82,20 / 21,1582109,2019-09-06 19:46:27:852,2.4746,-2.464,9.5582,-0.0141,0.01,9.8066,-0.1131,-0.59,0.1419,-3.87,-39.19,-7.62,196.44,-78.47,-176.15
52.43096,-1.529722,174.5,5.85,3,186.82,20 / 21,1582209,2019-09-06 19:46:27:952,0.9616,-3.8758,9.5637,0.007,0.0293,9.8065,-0.1179,-0.5634,0.1017,-4.81,-38,-7.31,201.07,-78.43,-176.24
52.43096,-1.529722,174.5,5.85,3,186.82,20 / 21,1582309,2019-09-06 19:46:28:052,2.9999,-3.0154,9.8759,-0.0275,-0.0328,9.8065,0.1158,-0.5449,0.0331,-5.69,-39.5,-6.62,204.03,-78.48,-176.81
52.43096,-1.529722,174.5,5.85,3,186.82,20 / 21,1582410,2019-09-06 19:46:28:153,2.2478,-1.9167,9.4454,-0.0152,0.0091,9.8066,-0.0855,-0.5516,0.0957,-6.87,-38.44,-7.25,206.98,-78.71,-178.44
52.43096,-1.529722,174.5,5.85,3,186.82,20 / 21,1582509,2019-09-06 19:46:28:252,1.9263,-3.496,9.9705,-0.0029,0.0194,9.8066,-0.1051,-0.52,0.0759,-7.31,-38.31,-6.25,207.93,-78.74,-179.69
52.43096,-1.529722,174.5,5.85,3,186.82,20 / 21,1582610,2019-09-06 19:46:28:353,2.4792,-2.7848,9.5792,-0.0083,0.0143,9.8066,0.0754,-0.5145,0.0676,-9.31,-38.81,-7.06,211.69,-78.83,179.56
52.43096,-1.529722,174.5,5.85,3,186.82,20 / 21,1582710,2019-09-06 19:46:28:453,2.8651,-2.6352,10.0193,-0.0155,-0.0013,9.8066,0.0426,-0.5789,0.0808,-10.37,-38.44,-6.44,216.28,-78.94,178.58
52.43096,-1.529722,174.5,5.85,3,186.82,20 / 21,1582809,2019-09-06 19:46:28:552,2.3976,-2.9979,9.7555,-0.0317,-0.0007,9.8065,0.016,-0.5086,0.0387,-10.87,-37.94,-5.87,218.11,-78.99,177.3
52.43096,-1.529722,174.5,5.85,3,186.82,20 / 21,1582910,2019-09-06 19:46:28:653,2.504,-2.0134,9.853,0.0048,0.02,9.8066,-0.0295,-0.6194,0.0565,-11.69,-37.62,-6.06,219.82,-79.04,176.19
52.43096,-1.529722,174.5,5.85,3,186.82,20 / 21,1583010,2019-09-06 19:46:28:753,1.9875,-3.1818,9.8806,-0.0227,0.009,9.8065,-0.1487,-0.5792,0.0129,-12.87,-38.19,-5.5,223.39,-79.14,174.77
52.43096,-1.529722,174.5,5.85,3,186.82,20 / 21,1583110,2019-09-06 19:46:28:853,0.8332,-3.1197,9.3962,-0.0181,0.0125,9.8066,-0.0653,-0.5192,0.0758,-13.37,-38.12,-4.81,221.84,-79.43,172.05
52.43096,-1.529722,174.5,5.85,3,186.82,20 / 21,1583210,2019-09-06 19:46:28:953,0.9718,-3.9964,9.3919,-0.0024,0.0174,9.8066,0.0366,-0.6242,0.0359,-14.06,-37.62,-4.87,223.1,-79.51,170.98
52.43096,-1.529722,174.5,5.85,3,186.82,20 / 21,1583310,2019-09-06 19:46:29:053,0.4446,-3.9843,8.7884,-0.0451,-0.0056,9.8064,0.0233,-0.5533,0.0397,-15.12,-36.87,-4.06,226.92,-79.56,169.93
52.43096,-1.529722,174.5,5.85,3,186.82,19 / 20,1583410,2019-09-06 19:46:29:153,1.6371,-3.279,9.8924,-0.0397,-0.0152,9.8065,0.1487,-0.5834,0.0358,-15.31,-37.19,-3.06,228.38,-79.82,168.06
52.43096,-1.529722,174.5,5.85,3,186.82,19 / 20,1583510,2019-09-06 19:46:29:253,0.9106,-2.7592,9.7954,0.0054,0.0215,9.8066,-0.0932,-0.5604,0.1005,-16.12,-37.12,-2.25,231.16,-79.79,166.49
52.43096,-1.529722,174.5,5.85,3,186.82,19 / 20,1583610,2019-09-06 19:46:29:353,0.422,-4.0044,9.9515,-0.0215,-0.0017,9.8066,-0.1107,-0.5731,0.0853,-17.5,-36.75,-1.44,234.57,-80.01,165.6
52.43096,-1.529722,174.5,5.85,3,186.82,19 / 20,1583709,2019-09-06 19:46:29:452,-0.3463,-4.7126,9.1529,-0.0158,0.0139,9.8066,-0.0001,-0.5185,0.0754,-18,-35.62,-1.44,235.65,-80.22,164.87
52.43096,-1.529722,174.5,5.85,3,186.82,19 / 20,1583810,2019-09-06 19:46:29:553,0.3679,-3.4923,9.5429,-0.0026,0.0124,9.8066,-0.0315,-0.5697,0.0405,-18.62,-36.19,-0.87,235.26,-80.32,163.19
52.43096,-1.529722,174.5,5.85,3,186.82,19 / 20,1583910,2019-09-06 19:46:29:653,-1.0154,-4.212,9.6975,-0.0234,0.001,9.8066,0.0248,-0.6641,0.039,-18.87,-36.62,0.38,235.77,-80.55,160.88
52.43096,-1.529722,174.5,5.85,3,186.82,19 / 20,1584009,2019-09-06 19:46:29:752,0.5686,-2.644,9.3603,-0.0409,0.0059,9.8065,0.154,-0.4975,0.0626,-19.69,-36,0.63,238.26,-80.69,159.52
52.43096,-1.529722,174.5,5.85,3,186.82,19 / 20,1584110,2019-09-06 19:46:29:853,0.0744,-3.9331,8.8273,-0.0103,0.0186,9.8066,-0.1615,-0.4436,0.0477,-20.44,-35.87,1.5,240,-80.89,158.33
52.43096,-1.529722,174.5,5.85,3,186.82,19 / 20,1584210,2019-09-06 19:46:29:953,-1.4173,-6.3448,10.7705,0.0422,-0.0169,9.8065,-0.2268,-0.3623,0.0559,-20.69,-35.69,2,241.05,-81.01,158.94
52.43096,-1.529722,174.5,5.85,3,186.82,19 / 20,1584310,2019-09-06 19:46:30:053,-1.9943,-3.1217,10.1854,-0.0609,0.0343,9.8063,-0.2607,-0.6225,0.0332,-21,-35.25,2.75,242.63,-81.23,157.24
52.43096,-1.529722,174.5,5.85,3,186.82,20 / 21,1584409,2019-09-06 19:46:30:152,0.4563,-3.7126,9.0972,-0.0091,-0.007,9.8066,0.0616,-0.5828,0.096,-21.44,-34.94,4.38,242.92,-81.41,154.56
52.43096,-1.529722,174.5,5.85,3,186.82,20 / 21,1584509,2019-09-06 19:46:30:252,-0.3325,-3.5214,9.2282,-0.0229,0.0011,9.8066,0.0102,-0.5585,0.136,-21.81,-35.25,5.44,244.73,-81.64,153.56
52.43096,-1.529722,174.5,5.85,3,186.82,20 / 21,1584610,2019-09-06 19:46:30:353,-1.3503,-3.5858,9.4539,-0.0248,0.0128,9.8065,-0.0901,-0.5439,-0.0032,-22.62,-35.75,5.81,245.75,-81.8,152.36
52.43096,-1.529722,174.5,5.85,3,186.82,20 / 21,1584710,2019-09-06 19:46:30:453,0.0008,-3.0622,9.4192,-0.0377,-0.004,9.8065,0.0102,-0.6129,0.1028,-22.31,-35.06,6.94,247.52,-82.24,150.68
52.43096,-1.529722,174.5,5.85,3,186.82,20 / 21,1584810,2019-09-06 19:46:30:553,-1.392,-4.4459,9.9242,-0.032,-0.0083,9.8065,0.0619,-0.506,0.0902,-22.62,-35.56,8.75,251.88,-82.56,150.78
52.43096,-1.529722,174.5,5.85,3,186.82,20 / 21,1584910,2019-09-06 19:46:30:653,-1.6672,-3.6902,9.7117,-0.0178,0.0138,9.8066,-0.0456,-0.5496,0.0704,-22.56,-35.62,9.69,253.4,-82.8,149.78
52.43096,-1.529722,174.5,5.85,3,186.82,20 / 21,1585009,2019-09-06 19:46:30:752,-0.7732,-3.9037,9.6645,-0.015,-0.0059,9.8066,-0.0581,-0.6275,0.0706,-22.31,-34.62,10.44,253.54,-83.05,148.72
52.43096,-1.529722,174.5,5.85,3,186.82,20 / 21,1585109,2019-09-06 19:46:30:852,-1.4901,-3.3412,9.4607,-0.0136,-0.0079,9.8066,-0.0123,-0.5535,0.1159,-22.56,-34.56,11.75,257.05,-83.35,148.23
52.43096,-1.529722,174.5,5.85,3,186.82,20 / 21,1585210,2019-09-06 19:46:30:953,-1.0028,-3.4511,9.4564,-0.0136,-0.0112,9.8066,-0.0669,-0.5151,0.0983,-22.87,-34.25,11.88,257.98,-83.58,148.65
52.43096,-1.529722,174.5,5.85,3,186.82,20 / 21,1585310,2019-09-06 19:46:31:053,-0.5746,-4.4608,9.0984,-0.014,0.0017,9.8065,-0.0074,-0.5467,0.0587,-22.56,-34.62,13.69,261.19,-83.87,147.74
52.43096,-1.529722,174.5,5.85,3,186.82,19 / 20,1585410,2019-09-06 19:46:31:153,-1.8339,-3.6203,9.1607,-0.0105,-0.01,9.8066,-0.057,-0.5665,0.148,-22.25,-35.12,15.63,266.27,-84.09,147.86
52.43096,-1.529722,174.5,5.85,3,186.82,19 / 20,1585510,2019-09-06 19:46:31:253,-1.9732,-3.7832,9.7617,-0.0256,0.0019,9.8066,0.0302,-0.5844,0.0955,-23.25,-35,15.56,266.79,-84.33,149.06
52.43096,-1.529722,174.5,5.85,3,186.82,19 / 20,1585610,2019-09-06 19:46:31:353,-1.5151,-3.9193,9.6308,-0.01,0.0066,9.8066,0.0483,-0.5725,0.0473,-22.5,-34.87,16.88,268.73,-84.63,147.83
52.43096,-1.529722,174.5,5.85,3,186.82,19 / 20,1585711,2019-09-06 19:46:31:454,-1.8018,-3.9855,9.3878,-0.0309,0.0165,9.8065,-0.0426,-0.6005,0.0244,-22.12,-34.12,18.31,270.23,-84.96,147
52.43096,-1.529722,174.5,5.85,3,186.82,19 / 20,1585810,2019-09-06 19:46:31:553,-2.7868,-3.5705,9.6778,-0.035,0.0151,9.8065,0.0265,-0.6069,0.0477,-21.75,-33.25,18.44,269.56,-85.18,145.88
52.43096,-1.529722,174.5,5.85,3,186.82,19 / 20,1585910,2019-09-06 19:46:31:653,-3.102,-2.1887,10.4914,0.0086,0.016,9.8065,0.0016,-0.5871,0.027,-21.06,-33.62,20,271.24,-85.2,143.29
52.43096,-1.529722,174.5,5.85,3,186.82,19 / 20,1586009,2019-09-06 19:46:31:752,-3.0678,-2.966,9.8307,-0.0124,0.0165,9.8065,-0.0057,-0.6123,0.0436,-20,-33.56,21.44,271.77,-85.26,140.95
52.43096,-1.529722,174.5,5.85,3,186.82,19 / 20,1586110,2019-09-06 19:46:31:853,-2.4037,-3.0097,9.5736,-0.003,-0.0119,9.8066,-0.0682,-0.5825,0.0674,-19.75,-34.19,22.31,274.52,-85.37,142.11
52.43096,-1.529722,174.5,5.85,3,186.82,19 / 20,1586209,2019-09-06 19:46:31:952,-3.1162,-2.8847,8.7512,-0.0099,-0.0132,9.8065,-0.0868,-0.5921,0.1178,-18.56,-33.56,23.06,279.31,-85.63,143.83
52.43096,-1.529722,174.5,5.85,3,186.82,19 / 20,1586309,2019-09-06 19:46:32:052,-3.5707,-3.5092,9.5942,-0.0334,0.007,9.8066,-0.1166,-0.5806,0.0222,-17.56,-33.81,24.56,283.74,-86.16,143.65
52.43105,-1.529793,173.18,5.15,3,129.01,20 / 21,1586409,2019-09-06 19:46:32:152,-3.5313,-2.2759,10.0737,-0.016,0.0114,9.8066,-0.0322,-0.6181,0.0332,-17.5,-34.37,24.56,283.72,-86.39,141.92
52.43105,-1.529793,173.18,5.15,3,129.01,20 / 21,1586510,2019-09-06 19:46:32:253,-3.399,-1.7891,9.969,-0.0036,0.0038,9.8066,0.135,-0.5756,-0.0068,-16.56,-33.56,25.56,283.23,-86.59,140.07
52.43105,-1.529793,173.18,5.15,3,129.01,20 / 21,1586609,2019-09-06 19:46:32:352,-2.727,-2.4607,9.5153,-0.0056,0.0104,9.8066,0.1522,-0.6094,0.0736,-15.37,-33.31,26.38,285.65,-86.51,139.37
52.43105,-1.529793,173.18,5.15,3,129.01,20 / 21,1586710,2019-09-06 19:46:32:453,-2.6076,-2.0195,9.6753,-0.0345,0.0159,9.8065,-0.0958,-0.6283,0.0942,-14.75,-33.62,26.75,288.84,-86.63,141.44
52.43105,-1.529793,173.18,5.15,3,129.01,20 / 21,1586809,2019-09-06 19:46:32:552,-2.6302,-1.8639,9.3344,-0.0235,-0.0094,9.8066,-0.1449,-0.5805,0.0742,-13.75,-33.94,27.5,297.2,-86.79,146.9
52.43105,-1.529793,173.18,5.15,3,129.01,20 / 21,1586909,2019-09-06 19:46:32:652,-1.2327,-1.799,9.6964,-0.0014,0.0104,9.8066,-0.0483,-0.5014,0.0575,-12.69,-33.06,28,302.18,-87.09,149.75
52.43105,-1.529793,173.18,5.15,3,129.01,20 / 21,1587010,2019-09-06 19:46:32:753,-2.1247,-2.6184,10.2752,-0.0493,0.0095,9.8065,0.0733,-0.4962,0.0333,-12.87,-33.75,28.81,305.48,-87.57,151.76
52.43105,-1.529793,173.18,5.15,3,129.01,20 / 21,1587110,2019-09-06 19:46:32:853,-3.2219,-1.0462,9.4084,0.0024,-0.0162,9.8066,-0.1263,-0.5665,0.0749,-11.94,-33.81,29.13,309.53,-87.85,153.83
52.43105,-1.529793,173.18,5.15,3,129.01,20 / 21,1587210,2019-09-06 19:46:32:953,-3.1391,-1.0065,8.7165,0.0006,-0.0524,9.8065,-0.1253,-0.5834,0.0827,-10.44,-33.75,29.31,318.96,-87.88,159.55
52.43105,-1.529793,173.18,5.15,3,129.01,20 / 21,1587310,2019-09-06 19:46:33:053,-2.8284,-1.1916,8.9041,-0.0398,0.0249,9.8065,0.0002,-0.5391,0.0774,-10.06,-33.25,29.88,327.11,-87.94,166.73
52.43105,-1.529793,173.18,5.15,3,129.01,20 / 21,1587409,2019-09-06 19:46:33:152,-2.964,-1.0877,9.6728,-0.0291,0.0271,9.8065,0.1317,-0.5449,0.0526,-8.87,-33.06,29.19,343.8,-88.18,-178.4
52.43105,-1.529793,173.18,5.15,3,129.01,20 / 21,1587510,2019-09-06 19:46:33:253,-2.9187,-1.6031,10.1252,-0.0071,-0.0291,9.8065,-0.0285,-0.5723,0.1062,-7.94,-33.06,30.44,352.18,-88.05,-172.6
52.43105,-1.529793,173.18,5.15,3,129.01,20 / 21,1587610,2019-09-06 19:46:33:353,-2.2637,-0.8438,9.6568,-0.0109,-0.0332,9.8065,-0.0566,-0.5185,0.0362,-7.69,-33.31,30.06,358.3,-87.93,-166.7
52.43105,-1.529793,173.18,5.15,3,129.01,20 / 21,1587710,2019-09-06 19:46:33:453,-2.8717,-1.5155,9.2674,-0.0205,-0.0209,9.8065,-0.1146,-0.5674,0.0834,-6.62,-33.31,30.44,8.07,-87.69,-159.15
52.43105,-1.529793,173.18,5.15,3,129.01,20 / 21,1587809,2019-09-06 19:46:33:552,-2.9892,-1.3023,9.0108,-0.0133,-0.0145,9.8066,-0.1853,-0.5586,0.1131,-5.94,-33.87,29.94,18.01,-87.5,-151.55
52.43105,-1.529793,173.18,5.15,3,129.01,20 / 21,1587910,2019-09-06 19:46:33:653,-3.1651,-0.3134,10.2986,-0.0239,-0.0255,9.8066,0.1372,-0.5767,0.0886,-5,-34,29.94,25.69,-87.33,-146.16
52.43105,-1.529793,173.18,5.15,3,129.01,20 / 21,1588010,2019-09-06 19:46:33:753,-2.8183,-0.8087,9.9862,-0.017,0.0209,9.8066,0.0418,-0.5346,0.0101,-4.87,-34.06,30.44,33.02,-87.17,-139.27
52.43105,-1.529793,173.18,5.15,3,129.01,20 / 21,1588109,2019-09-06 19:46:33:852,-3.2646,-1.6049,9.6467,-0.0195,0.025,9.8066,0.0028,-0.5238,0.1266,-3.81,-34,30.63,38.31,-87.09,-136.34
52.43105,-1.529793,173.18,5.15,3,129.01,20 / 21,1588210,2019-09-06 19:46:33:953,-4.0706,-0.4274,10.666,-0.028,-0.0105,9.8065,-0.0015,-0.5778,0.1092,-3.06,-33.44,29.31,42.67,-86.81,-133.91
52.43105,-1.529793,173.18,5.15,3,129.01,20 / 21,1588310,2019-09-06 19:46:34:053,-3.7641,-0.2962,10.3384,-0.0162,-0.0014,9.8066,0.0365,-0.5753,0.034,-2.94,-34.06,29.5,47.01,-86.46,-130.25
52.43105,-1.529793,173.18,5.15,3,129.01,20 / 21,1588410,2019-09-06 19:46:34:153,-3.5897,-0.7813,9.8789,-0.0056,-0.0233,9.8066,-0.062,-0.5789,0.0894,-1.5,-34.25,29.63,48.85,-86.19,-132.56
52.43105,-1.529793,173.18,5.15,3,129.01,20 / 21,1588510,2019-09-06 19:46:34:253,-3.113,-0.1143,9.6765,-0.0163,-0.0363,9.8065,-0.02,-0.6077,0.0898,-0.31,-34.75,29.44,51.34,-86,-132.51
52.43105,-1.529793,173.18,5.15,3,129.01,20 / 21,1588610,2019-09-06 19:46:34:353,-3.2176,0.362,9.5993,-0.0145,-0.009,9.8065,-0.0066,-0.5768,0.0827,0.69,-35.37,28.88,54.09,-85.53,-132.35
52.43105,-1.529793,173.18,5.15,3,129.01,20 / 21,1588710,2019-09-06 19:46:34:453,-3.4451,0.6592,9.6929,-0.0109,-0.0062,9.8066,0.0465,-0.5832,0.0622,1.63,-34.56,29.38,55.82,-85.32,-132.88
52.43105,-1.529793,173.18,5.15,3,129.01,20 / 21,1588809,2019-09-06 19:46:34:552,-3.2596,0.017,10.5286,-0.0101,0.0116,9.8065,0.0707,-0.6006,0.0786,1.56,-35.12,28.63,55.56,-85.1,-133.35
52.43105,-1.529793,173.18,5.15,3,129.01,20 / 21,1588910,2019-09-06 19:46:34:653,-3.5417,0.8134,10.4998,-0.0045,0.0232,9.8066,-0.1075,-0.5692,0.0228,3.56,-35,27.69,61.86,-84.99,-131.85
52.43105,-1.529793,173.18,5.15,3,129.01,20 / 21,1589011,2019-09-06 19:46:34:754,-3.113,0.273,10.0825,-0.0143,-0.0453,9.8064,-0.0038,-0.5996,0.1117,4.13,-34.06,26.88,58.44,-84.73,-135.71
52.43105,-1.529793,173.18,5.15,3,129.01,20 / 21,1589110,2019-09-06 19:46:34:853,-3.1732,1.9747,9.9824,-0.0282,-0.0371,9.8064,0.0237,-0.6209,0.0272,5,-34.06,26.94,60.55,-84.44,-136.08
52.43105,-1.529793,173.18,5.15,3,129.01,20 / 21,1589209,2019-09-06 19:46:34:952,-2.4917,1.3452,9.8232,0.0017,-0.0139,9.8066,0.0019,-0.6095,0.0646,6.44,-34.37,24.81,61.42,-84.2,-138.96
52.43105,-1.529793,173.18,5.15,3,129.01,20 / 21,1589310,2019-09-06 19:46:35:053,-2.6169,1.5428,9.9365,-0.0061,-0.0026,9.8066,0.0039,-0.6148,0.0398,6.88,-34.19,24.88,62.5,-83.98,-140.31
52.43105,-1.529793,173.18,5.15,3,129.01,21 / 22,1589409,2019-09-06 19:46:35:152,-2.8154,0.8202,9.7561,0.002,-0.0195,9.8066,-0.0258,-0.5793,0.0346,7.13,-34.5,24.44,61.54,-83.83,-142.27
52.43105,-1.529793,173.18,5.15,3,129.01,21 / 22,1589509,2019-09-06 19:46:35:252,-2.1706,1.65,9.6163,0.0005,-0.0052,9.8066,-0.041,-0.584,0.1282,8.38,-34.87,22.56,63.4,-83.78,-143.96
52.43105,-1.529793,173.18,5.15,3,129.01,21 / 22,1589610,2019-09-06 19:46:35:353,-2.4318,2.1046,10.3401,-0.0066,0.0159,9.8066,-0.0367,-0.6035,0.1282,9.13,-34.87,21.88,68.74,-83.67,-142.37
52.43105,-1.529793,173.18,5.15,3,129.01,21 / 22,1589709,2019-09-06 19:46:35:452,-1.7392,1.5281,10.9487,-0.0136,-0.0008,9.8066,-0.1032,-0.5436,0.123,9.06,-35.5,20.56,71.23,-83.55,-141.52
52.43105,-1.529793,173.18,5.15,3,129.01,21 / 22,1589810,2019-09-06 19:46:35:553,-2.4514,2.5601,10.2063,-0.0213,-0.0118,9.8066,-0.1092,-0.574,0.089,9.19,-35,19.44,74.98,-83.28,-141.38
52.43105,-1.529793,173.18,5.15,3,129.01,21 / 22,1589909,2019-09-06 19:46:35:652,-1.3226,2.2602,9.6503,-0.0195,-0.028,9.8065,0.0846,-0.5963,0.0867,10.13,-35.12,18.88,76.72,-83.1,-142.2
52.43105,-1.529793,173.18,5.15,3,129.01,21 / 22,1590009,2019-09-06 19:46:35:752,-1.9144,2.1263,9.6236,-0.0339,-0.0239,9.8065,0.0458,-0.5028,0.069,10.69,-35.75,17.94,80.18,-82.96,-143.31
52.43105,-1.529793,173.18,5.15,3,129.01,21 / 22,1590110,2019-09-06 19:46:35:853,-1.1176,2.6511,9.6775,-0.0332,-0.0299,9.8064,0.0025,-0.5921,0.1238,10.69,-35.5,16.44,82.71,-82.44,-145.59
52.43105,-1.529793,173.18,5.15,3,129.01,21 / 22,1590209,2019-09-06 19:46:35:952,-0.5368,2.0998,10.0175,-0.0285,-0.0147,9.8066,-0.186,-0.5707,0.0111,10.69,-35.81,16.13,82.77,-81.95,-146.9
52.43105,-1.529793,173.18,5.15,3,129.01,21 / 22,1590310,2019-09-06 19:46:36:053,-1.1396,3.7333,10.3741,-0.0089,-0.0155,9.8066,0.0409,-0.5686,0.0204,11,-36.25,15.06,84.7,-81.9,-147.51
52.43105,-1.529793,173.18,5.15,3,129.01,21 / 22,1590410,2019-09-06 19:46:36:153,-1.4321,2.1927,10.342,0.0212,-0.0044,9.8066,0.0637,-0.5375,0.0465,11.31,-36.37,13.94,85.76,-82.06,-148.78
52.43105,-1.529793,173.18,5.15,3,129.01,21 / 22,1590509,2019-09-06 19:46:36:252,-1.0663,2.0348,10.4666,0.0034,-0.0101,9.8066,-0.0065,-0.5635,0.0707,11.13,-35.75,13.06,86.8,-82.14,-150.41
52.43105,-1.529793,173.18,5.15,3,129.01,21 / 22,1590610,2019-09-06 19:46:36:353,-1.7064,2.0475,9.6865,-0.0202,-0.0175,9.8065,0.0918,-0.5826,0.0943,11.31,-36,11.88,88.45,-82.01,-152.15
52.43105,-1.529793,173.18,5.15,3,129.01,21 / 22,1590709,2019-09-06 19:46:36:452,-1.0579,2.1735,9.9613,-0.0166,0.0022,9.8066,-0.0972,-0.5945,0.0779,11.13,-36.12,10.69,91.98,-81.74,-152.61
52.43105,-1.529793,173.18,5.15,3,129.01,21 / 22,1590809,2019-09-06 19:46:36:552,-0.5297,3.6832,10.2485,-0.0224,-0.0105,9.8066,-0.0054,-0.5818,0.1092,10.5,-36.69,9.06,99.83,-81.53,-153.22
52.43105,-1.529793,173.18,5.15,3,129.01,21 / 22,1590909,2019-09-06 19:46:36:652,-0.0222,3.4281,10.6109,-0.0136,-0.0096,9.8066,0.0178,-0.5301,0.0195,10.44,-36.69,8.31,102.27,-81.51,-153.84
52.43105,-1.529793,173.18,5.15,3,129.01,21 / 22,1591009,2019-09-06 19:46:36:752,0.4264,2.8504,10.5316,0.013,-0.0139,9.8065,-0.0111,-0.5727,0.1037,10.38,-37.62,7.81,101.81,-81.59,-154.83
52.43105,-1.529793,173.18,5.15,3,129.01,21 / 22,1591109,2019-09-06 19:46:36:852,0.241,2.547,9.5047,-0.0107,-0.0119,9.8066,-0.0408,-0.6014,0.0075,9.88,-37.69,5.88,109.34,-81.62,-156.39
52.43105,-1.529793,173.18,5.15,3,129.01,21 / 22,1591209,2019-09-06 19:46:36:952,-1.124,2.8487,9.7479,-0.0143,-0.0029,9.8066,0.066,-0.5334,0.0537,10.13,-36.94,5.44,112.57,-81.41,-158.09
52.43105,-1.529793,173.18,5.15,3,129.01,21 / 22,1591310,2019-09-06 19:46:37:053,0.0062,3.3048,9.5842,0.0003,-0.0111,9.8066,-0.0672,-0.6081,0.1064,9,-37.87,5.13,112.69,-81.32,-159.3
52.43105,-1.529793,173.18,5.15,3,129.01,19 / 20,1591409,2019-09-06 19:46:37:152,1.5628,2.3144,9.4717,-0.0237,0.0002,9.8065,-0.0786,-0.53,0.0047,9,-37.87,4,117.79,-81.08,-160.24
52.43105,-1.529793,173.18,5.15,3,129.01,19 / 20,1591510,2019-09-06 19:46:37:253,2.0928,3.433,10.5009,0.0026,0.0022,9.8066,-0.0375,-0.5794,0.1118,8.63,-37.19,2.81,121.18,-81.2,-161.07
52.43105,-1.529793,173.18,5.15,3,129.01,19 / 20,1591609,2019-09-06 19:46:37:352,1.6777,2.8431,10.5342,-0.0169,-0.0044,9.8066,-0.0656,-0.6064,0.0259,7.31,-37.44,2.44,129.57,-81.26,-160.98
52.43105,-1.529793,173.18,5.15,3,129.01,19 / 20,1591709,2019-09-06 19:46:37:452,1.1821,2.664,9.1255,-0.0271,-0.011,9.8066,-0.0072,-0.5812,0.0811,7.44,-37.5,0.44,138.95,-81.22,-162.87
52.43105,-1.529793,173.18,5.15,3,129.01,19 / 20,1591810,2019-09-06 19:46:37:553,2.0839,4.3893,9.9742,-0.0124,0.0055,9.8065,0.1044,-0.7025,0.2067,6.81,-37.94,0.25,138.59,-81.22,-164.48
52.43105,-1.529793,173.18,5.15,3,129.01,19 / 20,1591910,2019-09-06 19:46:37:653,1.7818,-0.2426,9.2482,-0.0131,-0.0375,9.8065,0.0119,-0.7647,0.0958,6.5,-37.37,-0.75,142.78,-81.03,-164.75
52.43105,-1.529793,173.18,5.15,3,129.01,19 / 20,1592009,2019-09-06 19:46:37:752,2.3599,-1.2415,9.8121,0.0038,-0.0168,9.8066,-0.0164,-0.4344,-0.0399,5.81,-38.62,-2.56,153.04,-81.08,-167.42
52.43105,-1.529793,173.18,5.15,3,129.01,19 / 20,1592110,2019-09-06 19:46:37:853,3.4026,1.3114,10.3462,-0.0024,-0.0253,9.8065,0.2314,-0.5143,0.0253,5.06,-37.31,-2.44,152.42,-80.99,-169.07
52.43105,-1.529793,173.18,5.15,3,129.01,19 / 20,1592210,2019-09-06 19:46:37:953,3.408,-0.9048,10.1826,-0.0083,-0.0382,9.8065,0.1819,-0.5711,0.1012,4.13,-38,-3.25,160.04,-80.96,-170.7
52.43105,-1.529793,173.18,5.15,3,129.01,19 / 20,1592309,2019-09-06 19:46:38:052,5.3314,-1.4261,10.6606,0.001,-0.0044,9.8065,-0.0176,-0.4008,0.0385,2.56,-37.19,-3.87,166.53,-81.05,-172.01
52.43105,-1.529793,173.18,5.15,3,129.01,21 / 22,1592409,2019-09-06 19:46:38:152,4.0136,-1.5497,10.318,-0.0084,-0.0359,9.8066,0.0026,-0.6829,0.1278,1.81,-37.62,-4.69,172.55,-81.13,-173.67
52.43105,-1.529793,173.18,5.15,3,129.01,21 / 22,1592510,2019-09-06 19:46:38:253,1.6384,-1.7667,9.5484,-0.0198,0.0046,9.8066,0.1281,-0.6553,0.1487,2.06,-38.25,-4.81,172.34,-80.94,-174.29
52.43105,-1.529793,173.18,5.15,3,129.01,21 / 22,1592609,2019-09-06 19:46:38:352,3.7366,0.1835,10.3467,0.001,-0.0132,9.8066,0.1522,-0.5566,0.0852,0.44,-38.25,-5.44,182.24,-80.93,-175.11
52.43105,-1.529793,173.18,5.15,3,129.01,21 / 22,1592710,2019-09-06 19:46:38:453,3.6996,-0.3754,9.221,-0.0094,-0.0026,9.8066,-0.0589,-0.5693,-0.0065,-0.12,-37.94,-6.12,182.19,-80.9,-175.63
52.43105,-1.529793,173.18,5.15,3,129.01,21 / 22,1592810,2019-09-06 19:46:38:553,3.8599,0.3124,9.941,-0.0349,0.0029,9.8066,0.0182,-0.5542,0.0886,-0.56,-38.69,-5.37,186.44,-81.09,-177.31
52.43105,-1.529793,173.18,5.15,3,129.01,21 / 22,1592909,2019-09-06 19:46:38:652,2.4824,0.5322,9.9395,-0.0262,0.0126,9.8066,-0.0564,-0.579,0.1421,-1.19,-38.19,-7.25,184,-81.12,179.14
52.43105,-1.529793,173.18,5.15,3,129.01,21 / 22,1593009,2019-09-06 19:46:38:752,2.2376,-2.0092,9.3819,0.0116,-0.0101,9.8066,-0.1715,-0.5314,-0.0097,-2.5,-38,-7.5,189.32,-81.06,-179.18
52.43105,-1.529793,173.18,5.15,3,129.01,21 / 22,1593110,2019-09-06 19:46:38:853,2.3843,-1.6357,9.8522,0.0019,-0.0157,9.8065,0.1647,-0.602,0.1646,-3.5,-38.31,-6.94,193.42,-81,-179.48
52.43105,-1.529793,173.18,5.15,3,129.01,21 / 22,1593210,2019-09-06 19:46:38:953,2.372,-2.7973,9.7742,-0.0056,-0.028,9.8066,0.087,-0.5356,0.0661,-5.19,-38.31,-7,202.17,-81.14,-178.7
52.43105,-1.529793,173.18,5.15,3,129.01,21 / 22,1593309,2019-09-06 19:46:39:052,2.9594,-1.3287,9.9243,-0.019,-0.0449,9.8065,-0.1189,-0.597,0.0895,-5.5,-38.75,-6.94,202.02,-81.26,-178.75
52.43105,-1.529793,173.18,5.15,3,129.01,21 / 22,1593409,2019-09-06 19:46:39:152,2.7994,-1.245,9.39,0.0056,0.0112,9.8065,-0.0814,-0.538,0.0789,-7.37,-38.56,-6.25,211.39,-81.29,-178.75
52.43105,-1.529793,173.18,5.15,3,129.01,21 / 22,1593509,2019-09-06 19:46:39:252,2.658,-2.3166,9.8431,0.0005,0.001,9.8066,-0.0196,-0.6185,0.1059,-8.5,-38.62,-6.62,212.73,-81.35,-178.96
52.43105,-1.529793,173.18,5.15,3,129.01,21 / 22,1593610,2019-09-06 19:46:39:353,2.6089,-1.4883,9.5912,-0.0117,-0.0098,9.8066,0.0763,-0.5597,0.028,-9,-38.37,-5.75,218.32,-81.39,-179.18
52.43105,-1.529793,173.18,5.15,3,129.01,21 / 22,1593710,2019-09-06 19:46:39:453,3.112,-2.4578,9.8659,0.0104,0.0197,9.8066,-0.1702,-0.6476,0.0637,-10.62,-37.37,-5.69,224.38,-81.39,-179.22
52.43105,-1.529793,173.18,5.15,3,129.01,21 / 22,1593810,2019-09-06 19:46:39:553,2.6968,-1.6613,9.278,0.0138,0.0192,9.8066,-0.1109,-0.5385,0.0253,-11.94,-37.56,-5.25,228.18,-81.3,179.84
52.43105,-1.529793,173.18,5.15,3,129.01,21 / 22,1593910,2019-09-06 19:46:39:653,1.5702,-4.5321,9.3641,-0.0354,-0.0259,9.8065,0.0369,-0.555,0.1518,-12.25,-37.62,-5.56,225.28,-81.44,179.05
52.43105,-1.529793,173.18,5.15,3,129.01,21 / 22,1594010,2019-09-06 19:46:39:753,1.1409,-3.6014,9.7281,-0.0453,-0.029,9.8064,-0.0386,-0.6068,0.0356,-12.25,-37.37,-5.25,227.93,-81.63,178.25
52.43105,-1.529793,173.18,5.15,3,129.01,21 / 22,1594110,2019-09-06 19:46:39:853,0.9456,-4.1525,10.1917,-0.032,-0.01,9.8065,0.0056,-0.5891,0.0838,-13.94,-37.62,-4.31,234.28,-82.13,176.94
52.43105,-1.529793,173.18,5.15,3,129.01,21 / 22,1594210,2019-09-06 19:46:39:953,1.6677,-2.7159,9.1196,-0.0114,0.0095,9.8066,0.0237,-0.5779,0.0219,-14,-37.62,-3.94,233.2,-82.27,175.33
52.43105,-1.529793,173.18,5.15,3,129.01,21 / 22,1594310,2019-09-06 19:46:40:053,1.0705,-3.685,9.4139,0.0069,0.0075,9.8066,-0.0226,-0.6211,0.0371,-15.06,-37.75,-3.06,237.22,-82.22,174.81
52.43105,-1.529793,173.18,5.15,3,129.01,19 / 20,1594410,2019-09-06 19:46:40:153,0.6242,-3.9561,9.5257,-0.0242,0.0072,9.8066,0.0731,-0.6043,0.1081,-16.75,-37.5,-2.37,242.3,-82.36,173.65
52.43105,-1.529793,173.18,5.15,3,129.01,19 / 20,1594509,2019-09-06 19:46:40:252,0.9473,-3.454,10.1936,-0.0194,-0.0128,9.8066,-0.1334,-0.6535,0.0774,-16.69,-36,-1.37,245.54,-82.5,173.37
52.43105,-1.529793,173.18,5.15,3,129.01,19 / 20,1594610,2019-09-06 19:46:40:353,0.3586,-3.0795,9.7924,-0.004,0.0071,9.8066,-0.0575,-0.583,-0.0058,-17,-35.56,-1.19,245.42,-82.56,173.13
52.43105,-1.529793,173.18,5.15,3,129.01,19 / 20,1594710,2019-09-06 19:46:40:453,-0.0785,-4.3987,10.3154,-0.0065,0.0187,9.8066,-0.1034,-0.6182,0.1118,-18.37,-35.87,-0.87,244.66,-82.7,171
52.43105,-1.529793,173.18,5.15,3,129.01,19 / 20,1594810,2019-09-06 19:46:40:553,1.2782,-3.2808,9.6073,0.0201,0.0073,9.8066,-0.052,-0.5608,0.0829,-18.75,-35.87,0.19,247.32,-82.69,170.09
52.43105,-1.529793,173.18,5.15,3,129.01,19 / 20,1594909,2019-09-06 19:46:40:652,0.3417,-4.0672,9.3981,0.0095,0.0035,9.8066,-0.0258,-0.5928,0.056,-19,-35.56,1.19,250,-82.79,169.83
52.43105,-1.529793,173.18,5.15,3,129.01,19 / 20,1595009,2019-09-06 19:46:40:752,-0.465,-3.8026,9.7455,-0.0018,0.0117,9.8065,-0.0845,-0.6127,0.1008,-20.56,-36.25,1.81,253.3,-82.93,169.42
52.43105,-1.529793,173.18,5.15,3,129.01,19 / 20,1595109,2019-09-06 19:46:40:852,-0.2641,-3.3891,10.4112,0.0063,-0.0143,9.8066,0.0432,-0.5502,0.0212,-20.69,-36.37,3.19,256.61,-83.02,170.04
52.43105,-1.529793,173.18,5.15,3,129.01,19 / 20,1595210,2019-09-06 19:46:40:953,0.0856,-3.798,9.9681,-0.0146,0.0077,9.8066,0.0559,-0.5488,0.0911,-20.44,-35.87,3.81,257.72,-83.12,168.34
52.43105,-1.529793,173.18,5.15,3,129.01,19 / 20,1595309,2019-09-06 19:46:41:052,1.2386,-2.7321,9.5777,-0.0244,0.0057,9.8066,-0.0241,-0.5389,0.0326,-21.19,-35.31,4.38,257.4,-83.22,167.47
52.43106,-1.529933,172.63,5.49,3,68.65,20 / 21,1595410,2019-09-06 19:46:41:153,-0.3436,-3.0708,9.8301,-0.0203,0.0042,9.8066,0.0361,-0.5012,0.0196,-21.94,-35.25,4.81,259.31,-83.29,166.76
52.43106,-1.529933,172.63,5.49,3,68.65,20 / 21,1595510,2019-09-06 19:46:41:253,0.5932,-2.3178,9.6233,0.0094,-0.008,9.8066,-0.1762,-0.5112,-0.0007,-21.75,-34.75,6.63,263.65,-83.45,165.92
52.43106,-1.529933,172.63,5.49,3,68.65,20 / 21,1595609,2019-09-06 19:46:41:352,-0.4161,-3.3715,9.8685,0.0197,0.0052,9.8066,-0.1677,-0.571,0.0326,-22.19,-35.44,7.38,263.78,-83.48,166.02
52.43106,-1.529933,172.63,5.49,3,68.65,20 / 21,1595710,2019-09-06 19:46:41:453,-0.8161,-1.3747,9.2933,0.0176,0.0243,9.8066,0.1016,-0.4758,0.0184,-21.75,-35.06,7.38,261.96,-83.62,163.93
52.43106,-1.529933,172.63,5.49,3,68.65,20 / 21,1595810,2019-09-06 19:46:41:553,-0.6326,-1.2724,9.8569,-0.0341,0.0256,9.8065,0.0803,-0.3382,-0.0438,-21.87,-34.87,8.19,261.94,-83.61,161.45
52.43106,-1.529933,172.63,5.49,3,68.65,20 / 21,1595910,2019-09-06 19:46:41:653,1.082,-0.0185,10.1838,-0.0159,0.0343,9.8066,0.0472,-0.2835,0.056,-21.37,-36.12,9.56,262.8,-83.65,157.13
52.43106,-1.529933,172.63,5.49,3,68.65,20 / 21,1596010,2019-09-06 19:46:41:753,1.5895,-1.0893,9.7996,0.0194,-0.0098,9.8066,-0.0492,-0.2258,-0.0536,-21.31,-35,9.44,259.41,-83.44,156.11
52.43106,-1.529933,172.63,5.49,3,68.65,20 / 21,1596110,2019-09-06 19:46:41:853,0.1014,-0.8402,9.9359,-0.0007,0.0085,9.8066,0.0272,-0.1701,0.0884,-21.81,-35.69,10.81,262.32,-83.48,155.24
52.43106,-1.529933,172.63,5.49,3,68.65,20 / 21,1596210,2019-09-06 19:46:41:953,1.0746,-0.1571,9.6769,-0.0134,-0.0147,9.8066,0.025,-0.0589,-0.0102,-21.75,-36,10.63,263.25,-83.61,156.01
52.43106,-1.529933,172.63,5.49,3,68.65,20 / 21,1596310,2019-09-06 19:46:42:053,-0.1775,-1.3893,10.367,0.0007,-0.0028,9.8066,-0.0495,-0.1483,0.005,-21.31,-35.69,10.5,264.41,-83.6,156.5
52.43106,-1.529933,172.63,5.49,3,68.65,20 / 21,1596409,2019-09-06 19:46:42:152,0.2299,-0.3073,9.3986,-0.0156,0.0156,9.8066,0.0265,-0.0266,-0.022,-21.69,-35.81,10.38,260.07,-83.65,154.96
52.43106,-1.529933,172.63,5.49,3,68.65,20 / 21,1596510,2019-09-06 19:46:42:253,1.4724,0.2139,10.2294,-0.0175,0.0145,9.8066,-0.0112,-0.0301,0.0029,-21.19,-35.81,10.69,260.79,-83.72,152.58
52.43106,-1.529933,172.63,5.49,3,68.65,20 / 21,1596609,2019-09-06 19:46:42:352,0.5619,1.2007,10.526,0.0279,-0.0103,9.8065,-0.0011,0.0135,-0.0772,-20.69,-35,10.88,260.94,-83.48,152.82
52.43106,-1.529933,172.63,5.49,3,68.65,20 / 21,1596710,2019-09-06 19:46:42:453,2.4117,-0.3307,9.8557,-0.0032,-0.001,9.8066,-0.0559,0.0519,0.0539,-21.62,-35.75,10,258.26,-83.38,153.48
52.43106,-1.529933,172.63,5.49,3,68.65,20 / 21,1596810,2019-09-06 19:46:42:553,0.5116,-1.0807,9.5689,0.0064,-0.0073,9.8066,-0.0424,0.0458,0.0601,-21.81,-35.37,10.75,261.53,-83.32,154.4
52.43106,-1.529933,172.63,5.49,3,68.65,20 / 21,1596910,2019-09-06 19:46:42:653,2.1576,0.1696,9.652,0.012,-0.0011,9.8066,0.0258,0.0592,0.0196,-21.5,-35.37,10.19,260.24,-83.21,154.89
52.43106,-1.529933,172.63,5.49,3,68.65,20 / 21,1597009,2019-09-06 19:46:42:752,0.7082,-0.379,10.045,0.0062,-0.0089,9.8065,-0.0359,0.0896,-0.0084,-21.44,-36,10.13,260.5,-83.17,155.51
52.43106,-1.529933,172.63,5.49,3,68.65,20 / 21,1597110,2019-09-06 19:46:42:853,1.6457,0.9954,10.1047,0.0164,0.004,9.8065,0.0514,0.0958,0.0001,-21.31,-34.87,10.06,260.81,-83.06,155.7
52.43106,-1.529933,172.63,5.49,3,68.65,20 / 21,1597209,2019-09-06 19:46:42:952,2.3003,0.7817,9.8043,0.0199,-0.0051,9.8065,0.0477,0.164,-0.008,-21.69,-35.75,10.56,261.88,-82.88,155.68
52.43106,-1.529933,172.63,5.49,3,68.65,20 / 21,1597309,2019-09-06 19:46:43:052,1.2647,-1.2052,10.2878,0.0204,-0.0319,9.8065,0.1792,0.0554,0.1032,-21.69,-35.12,10,261.56,-82.82,157.44
52.43106,-1.529933,172.63,5.49,3,68.65,19 / 20,1597409,2019-09-06 19:46:43:152,0.6335,0.5568,9.2434,0.0351,0.0094,9.8065,-0.2462,0.3073,-0.1704,-21.19,-35.31,9.94,263.27,-82.77,158.68
52.43106,-1.529933,172.63,5.49,3,68.65,19 / 20,1597509,2019-09-06 19:46:43:252,1.4669,3.2422,9.7297,0.0174,0.0165,9.8065,0.2264,0.3611,-0.0897,-21,-34.81,8.94,258.27,-82.36,156.58
52.43106,-1.529933,172.63,5.49,3,68.65,19 / 20,1597610,2019-09-06 19:46:43:353,1.8225,-0.4981,9.7344,-0.0261,-0.0108,9.8065,0.0468,-0.0119,0.1611,-21,-34.94,9.69,263.47,-82.51,159.28
52.43106,-1.529933,172.63,5.49,3,68.65,19 / 20,1597709,2019-09-06 19:46:43:452,-0.0564,1.116,8.9075,-0.0013,-0.0031,9.8066,0.0582,0.0981,0.0413,-20.94,-34.56,8.63,263.62,-82.55,161.85
52.43106,-1.529933,172.63,5.49,3,68.65,19 / 20,1597810,2019-09-06 19:46:43:553,-1.1131,0.5417,9.2328,0.0189,-0.0214,9.8066,-0.1731,0.0972,0.0295,-20.69,-33.94,8.5,265.55,-82.49,163.58
52.43106,-1.529933,172.63,5.49,3,68.65,19 / 20,1597910,2019-09-06 19:46:43:653,1.2813,3.4993,8.7043,-0.0393,-0.0064,9.8066,-0.0276,-0.1213,0.2021,-21.37,-35.12,7.13,262.9,-82.83,165.78
52.43106,-1.529933,172.63,5.49,3,68.65,19 / 20,1598010,2019-09-06 19:46:43:753,-0.3035,-0.0328,9.2592,0.0696,-0.0079,9.8063,-0.2099,0.2569,0.0289,-21.75,-34.56,7.44,264.32,-82.54,168.01
52.43106,-1.529933,172.63,5.49,3,68.65,19 / 20,1598110,2019-09-06 19:46:43:853,-0.3598,0.1773,8.3137,0.0356,-0.0094,9.8065,-0.2036,0.172,0.0275,-22.31,-34.5,7.69,269.39,-82.55,170.34
52.43106,-1.529933,172.63,5.49,3,68.65,19 / 20,1598210,2019-09-06 19:46:43:953,-3.1664,-3.1364,8.4931,0.1289,-0.0377,9.8056,-0.4317,-0.1029,0.1512,-22.56,-34.87,7.38,268.59,-82.17,173.2
52.43106,-1.529933,172.63,5.49,3,68.65,19 / 20,1598310,2019-09-06 19:46:44:053,-1.5394,2.7155,9.5807,-0.1582,-0.0091,9.8053,-0.4801,0.2092,-0.0406,-22.69,-34.81,7.63,273.82,-83.15,174.59
52.43106,-1.529933,172.63,5.49,3,68.65,19 / 20,1598410,2019-09-06 19:46:44:153,0.9471,1.1085,9.379,-0.1612,0.018,9.8052,0.3749,0.1085,-0.0389,-22.5,-34.12,7.13,272.38,-83.3,174.71
52.43106,-1.529933,172.63,5.49,3,68.65,19 / 20,1598509,2019-09-06 19:46:44:252,0.6536,0.1979,11.0007,0.0644,-0.0296,9.8063,-0.2218,0.3724,-0.1861,-23,-34.81,7.25,274.04,-82.73,177.82
52.43106,-1.529933,172.63,5.49,3,68.65,19 / 20,1598610,2019-09-06 19:46:44:353,-0.5413,0.0313,10.2499,0.0191,-0.0247,9.8065,0.0714,0.0224,0.1002,-22.31,-33.94,6,272.67,-82.93,178.08
52.43106,-1.529933,172.63,5.49,3,68.65,19 / 20,1598709,2019-09-06 19:46:44:452,1.8041,2.1673,10.3648,0.0438,0.0146,9.8064,0.1852,0.1932,-0.1229,-21.87,-33.5,5.56,272.34,-82.97,177.37
52.43106,-1.529933,172.63,5.49,3,68.65,19 / 20,1598809,2019-09-06 19:46:44:552,-0.5059,0.9554,9.4534,0.0384,0.0053,9.8065,-0.1557,0.1661,-0.1559,-22.69,-33.87,4.56,268.71,-82.62,177.22
52.43106,-1.529933,172.63,5.49,3,68.65,19 / 20,1598909,2019-09-06 19:46:44:652,-0.8062,0.6557,10.0915,-0.0126,-0.022,9.8065,0.2091,0.0611,0.0545,-23.31,-34.12,5.38,268.93,-82.59,177.48
52.43106,-1.529933,172.63,5.49,3,68.65,19 / 20,1599010,2019-09-06 19:46:44:753,-0.6738,0.1358,9.8438,-0.0215,0.0091,9.8066,0.0736,0.0439,-0.0296,-23.87,-34.25,5.31,268.53,-82.56,177.17
52.43106,-1.529933,172.63,5.49,3,68.65,19 / 20,1599110,2019-09-06 19:46:44:853,0.0982,-0.0714,10.4412,-0.007,0.0044,9.8066,-0.0096,0.1033,0.0008,-23.62,-34.37,5.69,270.76,-82.64,176.96
52.43106,-1.529933,172.63,5.49,3,68.65,19 / 20,1599209,2019-09-06 19:46:44:952,0.1252,1.0684,9.9947,-0.0054,0.0152,9.8066,0.0011,0.1321,-0.0531,-22.69,-35,5.44,266.87,-82.52,175.82
52.43106,-1.529933,172.63,5.49,3,68.65,19 / 20,1599310,2019-09-06 19:46:45:053,-0.3147,-1.316,9.5773,0.0246,-0.0038,9.8066,0.0174,0.1205,-0.0803,-22.75,-34.31,5.69,268.82,-82.45,175.11
52.43106,-1.529933,172.63,5.49,3,68.65,20 / 21,1599410,2019-09-06 19:46:45:153,0.2401,-1.0189,9.8096,0.0166,-0.0086,9.8066,0.0454,0.0024,0.0289,-22.75,-34.75,5.63,268.57,-82.23,175.52
52.43106,-1.529933,172.63,5.49,3,68.65,20 / 21,1599509,2019-09-06 19:46:45:252,0.0192,-0.4011,8.9848,-0.0064,0.0086,9.8065,-0.1481,0.082,-0.0164,-22.81,-34.87,5.69,268.47,-82.29,175.32
52.43106,-1.529933,172.63,5.49,3,68.65,20 / 21,1599610,2019-09-06 19:46:45:353,-1.5446,0.3262,9.9436,0.0497,-0.0143,9.8064,-0.1019,0.012,-0.0058,-22.5,-34.87,5,266.65,-82.22,176.04
52.43106,-1.529933,172.63,5.49,3,68.65,20 / 21,1599710,2019-09-06 19:46:45:453,-1.0758,-0.2816,9.9239,-0.0458,-0.0117,9.8065,0.0736,0.0263,-0.0005,-22.37,-34.62,5.81,269.14,-82.28,175.88
52.43106,-1.529933,172.63,5.49,3,68.65,20 / 21,1599809,2019-09-06 19:46:45:552,0.0491,-0.9023,9.5042,-0.0298,-0.0129,9.8065,0.1174,0.0574,0.0373,-22.87,-34.19,5.06,268.52,-82.49,177.22
52.43106,-1.529933,172.63,5.49,3,68.65,20 / 21,1599910,2019-09-06 19:46:45:653,-0.3458,-1.1577,9.9325,0.0194,0.0057,9.8065,-0.0264,0.0241,-0.082,-22.81,-34.25,4.94,268.81,-82.25,177.88
52.43106,-1.529933,172.63,5.49,3,68.65,20 / 21,1600010,2019-09-06 19:46:45:753,-0.9733,-0.776,10.5124,0.0078,0.0062,9.8066,-0.0158,0.0139,-0.0293,-23.31,-34.19,4.06,265.62,-82.32,177.01
52.43106,-1.529933,172.63,5.49,3,68.65,20 / 21,1600110,2019-09-06 19:46:45:853,0.3484,0.2126,10.0531,0.0375,-0.0016,9.8065,-0.0523,-0.0044,0.0261,-24.56,-32.75,4.31,265.63,-82.16,176.8
52.43106,-1.529933,172.63,5.49,3,68.65,20 / 21,1600210,2019-09-06 19:46:45:953,-1.8644,1.4995,7.8962,0.0737,0.0042,9.8063,-0.4594,0.1967,-0.0972,-25.25,-33.37,4.56,266.96,-81.79,176.36
52.43106,-1.529933,172.63,5.49,3,68.65,20 / 21,1600310,2019-09-06 19:46:46:053,-1.8245,-1.2416,8.787,-0.1191,0.003,9.8059,-0.6025,-0.0448,0.0806,-24.19,-33.19,5.63,269.45,-81.47,176.95
52.43106,-1.529933,172.63,5.49,3,68.65,20 / 21,1600410,2019-09-06 19:46:46:153,-0.5269,1.0928,9.4571,-0.043,0.005,9.8065,0.1893,0.0346,0.0125,-23.94,-33.12,6.38,269.31,-81.95,176.14
52.43106,-1.529933,172.63,5.49,3,68.65,20 / 21,1600510,2019-09-06 19:46:46:253,0.6933,-1.6129,9.8101,-0.0647,0.0208,9.8064,0.0757,-0.0608,-0.0703,-22.94,-33.37,6.63,272,-82.44,175.59
52.43106,-1.529933,172.63,5.49,3,68.65,20 / 21,1600613,2019-09-06 19:46:46:356,-0.6344,-0.0723,9.3959,-0.0325,-0.0016,9.8066,0.1435,-0.0461,0.0102,-22.56,-34.75,6.44,269.29,-82.39,176.01
52.43106,-1.529933,172.63,5.49,3,68.65,20 / 21,1600710,2019-09-06 19:46:46:453,0.739,-1.2718,9.4971,-0.0015,-0.0071,9.8066,-0.1038,-0.062,-0.0078,-22.06,-34.06,6.75,272.13,-82.16,176.2
52.43106,-1.529933,172.63,5.49,3,68.65,20 / 21,1600810,2019-09-06 19:46:46:553,-0.3809,0.0837,9.2236,0.0363,0.0107,9.8065,-0.139,-0.055,-0.0361,-22.25,-34.69,7.19,270.84,-81.8,175.82
52.43106,-1.529933,172.63,5.49,3,68.65,20 / 21,1600909,2019-09-06 19:46:46:652,-0.6201,-0.0285,8.9994,-0.0499,-0.009,9.8065,0.0604,-0.083,0.0896,-22.12,-34.56,5.69,267.57,-81.86,174.96
52.43106,-1.529933,172.63,5.49,3,68.65,20 / 21,1601009,2019-09-06 19:46:46:752,-0.1278,-1.8373,9.6734,-0.0435,-0.0047,9.8065,-0.0631,0.0472,-0.0309,-22.56,-35.12,5.63,269.03,-82.34,175.83
52.43106,-1.529933,172.63,5.49,3,68.65,20 / 21,1601110,2019-09-06 19:46:46:853,-0.6464,-1.1885,10.024,-0.035,-0.0086,9.8065,0.0549,-0.0032,-0.0082,-22.62,-34.62,5.88,270.8,-82.71,177.04
52.43106,-1.529933,172.63,5.49,3,68.65,20 / 21,1601210,2019-09-06 19:46:46:953,-1.1478,-0.6796,10.378,-0.0205,-0.0132,9.8066,0.1889,-0.0903,0.0573,-23.12,-34.44,5.81,271.99,-82.7,177.94
52.43106,-1.529933,172.63,5.49,3,68.65,20 / 21,1601310,2019-09-06 19:46:47:053,-0.2967,-1.0946,9.884,0.0298,-0.0109,9.8065,0.046,-0.0354,0.0576,-22.62,-33.25,5.5,273.17,-82.38,179.26
52.43106,-1.529933,172.63,5.49,3,68.65,19 / 21,1601409,2019-09-06 19:46:47:152,-0.5046,-0.1645,10.0073,0.0208,-0.0032,9.8065,-0.0118,-0.0087,-0.0327,-22.87,-34,5.88,273.09,-82.18,179.81
52.43106,-1.529933,172.63,5.49,3,68.65,19 / 21,1601509,2019-09-06 19:46:47:252,-0.0332,-0.7212,9.6869,-0.0155,-0.0117,9.8066,0.0583,-0.0245,0.0177,-22.87,-34.25,6.13,272.84,-82.07,179.72
52.43106,-1.529933,172.63,5.49,3,68.65,19 / 21,1601610,2019-09-06 19:46:47:353,-0.8264,-0.9924,10.429,-0.0164,0.0026,9.8066,0.0775,-0.0039,-0.0246,-23.12,-35,5.44,270.66,-82.14,-179.76
52.43106,-1.529933,172.63,5.49,3,68.65,19 / 21,1601710,2019-09-06 19:46:47:453,0.4685,-0.4981,9.742,0.0252,0.0041,9.8066,-0.0956,0.0673,-0.0588,-22.5,-34.06,5.56,272.83,-82.08,179.57
52.43106,-1.529933,172.63,5.49,3,68.65,19 / 21,1601810,2019-09-06 19:46:47:553,0.1009,-0.4569,9.8191,0.0061,0.0038,9.8066,-0.0335,0.001,0.0429,-23.06,-33.62,6.5,274.87,-82.12,179.24
52.43106,-1.529933,172.63,5.49,3,68.65,19 / 21,1601909,2019-09-06 19:46:47:652,-1.0196,-0.1099,9.5301,-0.0191,0.0049,9.8066,-0.0127,0.0014,-0.0278,-23.19,-33.69,5.75,271.9,-82.21,178.58
52.43106,-1.529933,172.63,5.49,3,68.65,19 / 21,1602010,2019-09-06 19:46:47:753,-0.831,-0.5869,9.8281,-0.003,-0.0002,9.8066,0.0303,-0.0302,-0.0188,-23.94,-34.56,5.25,269.16,-82.1,178.81
52.43106,-1.529933,172.63,5.49,3,68.65,19 / 21,1602110,2019-09-06 19:46:47:853,0.8563,-0.1253,9.9224,-0.0183,0.0003,9.8066,0.0545,-0.0264,0.0189,-23.69,-33.62,4.81,268.9,-81.98,178.38
52.43106,-1.529933,172.63,5.49,3,68.65,19 / 21,1602210,2019-09-06 19:46:47:953,0.8598,-0.2322,9.2898,-0.0187,-0.0036,9.8065,0.0198,0.0176,0.0122,-25.12,-32.06,6.06,272.13,-81.97,178.76
52.43106,-1.529933,172.63,5.49,3,68.65,19 / 21,1602310,2019-09-06 19:46:48:053,-0.5763,-1.1627,10.4363,0.0355,-0.0089,9.8066,-0.0258,0.003,0.0134,-24.25,-31.81,6.38,272.82,-81.76,179.59
52.43106,-1.529933,172.63,5.49,3,68.65,19 / 21,1602410,2019-09-06 19:46:48:153,-1.3417,0.2844,9.1032,0.0395,0.0229,9.8065,-0.143,0.0325,-0.1064,-23.75,-32.25,6.94,273.62,-81.74,178.08
52.43106,-1.529933,172.63,5.49,3,68.65,19 / 21,1602510,2019-09-06 19:46:48:253,0.1946,-0.9734,9.2553,-0.1088,0.0126,9.806,-0.3361,-0.027,-0.0356,-23.31,-32.81,6.44,268.52,-82.18,174.88
52.43106,-1.529933,172.63,5.49,3,68.65,19 / 21,1602610,2019-09-06 19:46:48:353,0.0107,-1.0475,9.7312,-0.0794,0.0027,9.8063,0.2431,-0.1031,0.0409,-22.87,-33.37,7.06,270.79,-81.97,175.03
52.43106,-1.529933,172.63,5.49,3,68.65,19 / 21,1602710,2019-09-06 19:46:48:453,1.1864,-2.131,10.4052,-0.0151,0.0214,9.8065,0.0441,0.0162,-0.0089,-22.5,-34,6.88,269.65,-81.91,174.08
52.43106,-1.529933,172.63,5.49,3,68.65,19 / 21,1602809,2019-09-06 19:46:48:552,0.7615,-0.5193,10.5995,-0.061,0.0049,9.8064,0.0694,-0.0883,-0.0328,-22.25,-34.31,6.25,266.41,-82.12,173.01
52.43106,-1.529933,172.63,5.49,3,68.65,19 / 21,1602910,2019-09-06 19:46:48:653,0.683,-0.4826,10.5694,0.0393,-0.0032,9.8065,-0.0753,-0.048,0.0233,-21.87,-34.25,6.31,264.68,-81.99,171.42
52.43106,-1.529933,172.63,5.49,3,68.65,19 / 21,1603010,2019-09-06 19:46:48:753,0.3986,-1.084,10.0675,0.0354,-0.0117,9.8065,-0.0278,-0.0524,0.0407,-22.81,-34.06,6.44,265.41,-81.94,172.4
52.43106,-1.529933,172.63,5.49,3,68.65,19 / 21,1603110,2019-09-06 19:46:48:853,1.1111,-1.1149,9.7735,-0.0169,0.008,9.8066,0.0282,-0.0439,-0.0413,-22.31,-34.25,6.75,268.13,-81.96,172.46
52.43106,-1.529933,172.63,5.49,3,68.65,19 / 21,1603209,2019-09-06 19:46:48:952,1.0778,-1.0569,10.2296,-0.0167,0.0032,9.8066,-0.0293,0.0054,-0.0537,-22.31,-34.81,6.81,267.19,-81.91,171.95
52.43106,-1.529933,172.63,5.49,3,68.65,19 / 21,1603309,2019-09-06 19:46:49:052,0.5058,-1.325,9.9772,0.031,-0.0014,9.8066,0.022,-0.0169,0.0217,-22.31,-34.19,6.31,264.95,-82.07,171.58
52.43106,-1.529933,172.63,5.49,3,68.65,19 / 20,1603410,2019-09-06 19:46:49:153,0.4529,0.0995,10.1092,0.0267,0.0133,9.8065,-0.0101,-0.0018,-0.0539,-22.25,-34.5,6.13,263.77,-81.97,170.52
52.43106,-1.529933,172.63,5.49,3,68.65,19 / 20,1603509,2019-09-06 19:46:49:252,2.0669,0.0535,10.1565,-0.0288,0.0006,9.8066,0.0173,-0.061,0.0815,-22.44,-33.94,7.13,266.02,-82.06,170.15
52.43106,-1.529933,172.63,5.49,3,68.65,19 / 20,1603609,2019-09-06 19:46:49:352,0.5817,-1.096,9.4779,0.0003,0.0031,9.8066,-0.0906,0.0272,-0.0046,-22.31,-33.87,6.31,264.1,-81.89,170.99
52.43106,-1.529933,172.63,5.49,3,68.65,19 / 20,1603709,2019-09-06 19:46:49:452,0.2741,-0.959,9.7403,-0.0142,-0.0073,9.8066,-0.1217,-0.096,0.0279,-22.06,-33.62,6.88,267.07,-81.92,171.44
52.43106,-1.529933,172.63,5.49,3,68.65,19 / 20,1603810,2019-09-06 19:46:49:553,1.6619,1.5852,9.061,-0.063,0.0297,9.8064,0.046,0.1449,-0.0849,-21.69,-33.56,5.94,262.56,-82.19,168.93
52.43106,-1.529933,172.63,5.49,3,68.65,19 / 20,1603910,2019-09-06 19:46:49:653,0.2818,-0.0258,9.6557,-0.0209,-0.0015,9.8065,0.022,-0.0438,0.0314,-21.56,-33.5,6.06,262.12,-82.02,168.38
52.43106,-1.529933,172.63,5.49,3,68.65,19 / 20,1604009,2019-09-06 19:46:49:752,1.5214,-1.4585,9.8731,-0.0245,0.0203,9.8065,-0.101,-0.1439,-0.0524,-22.56,-32.56,6.13,261.35,-82.09,167.64
52.43106,-1.529933,172.63,5.49,3,68.65,19 / 20,1604109,2019-09-06 19:46:49:852,0.2242,1.3955,9.5442,0.0447,-0.0177,9.8065,-0.0003,-0.0859,0.0106,-22.81,-32.44,6.13,260.96,-81.91,167.14
52.43106,-1.529933,172.63,5.49,3,68.65,19 / 20,1604209,2019-09-06 19:46:49:952,0.1238,-1.8978,9.0095,0.0646,0.0049,9.8063,-0.0956,0.0555,0.0499,-22.75,-32.62,6.06,259.96,-81.87,166.5
52.43106,-1.529933,172.63,5.49,3,68.65,19 / 20,1604310,2019-09-06 19:46:50:053,1.085,-1.5732,9.5284,-0.077,0.0198,9.8063,0.0856,0.0795,-0.0058,-22.56,-33.5,6.75,263.15,-81.82,167.45
52.431248,-1.528874,173.05,11.05,3,73.57,19 / 20,1604410,2019-09-06 19:46:50:153,0.6107,1.2243,9.2616,-0.0468,0.0056,9.8064,0.0831,-0.035,-0.1023,-22.56,-33.31,6.5,262.15,-82.22,165.85
52.431248,-1.528874,173.05,11.05,3,73.57,19 / 20,1604510,2019-09-06 19:46:50:253,0.8576,-1.2366,9.7667,0.0285,0.0043,9.8065,-0.1064,-0.0027,-0.0752,-22.19,-34,5.63,257.68,-82.14,163.9
52.431248,-1.528874,173.05,11.05,3,73.57,19 / 20,1604609,2019-09-06 19:46:50:352,1.9152,0.0727,10.1425,-0.0098,0.0192,9.8065,-0.0771,0.0418,-0.0035,-22.25,-34.75,7.13,257.82,-82.37,161.51
52.431248,-1.528874,173.05,11.05,3,73.57,19 / 20,1604709,2019-09-06 19:46:50:452,1.6137,-0.5738,10.1278,0.0609,0.0093,9.8064,-0.1757,-0.0028,-0.0169,-22.5,-33.87,6.06,255.03,-82.45,160.65
52.431248,-1.528874,173.05,11.05,3,73.57,19 / 20,1604810,2019-09-06 19:46:50:553,-0.1614,1.6128,10.0253,0.0533,0.0158,9.8065,0.1788,0.0298,-0.0114,-22.25,-34.94,6.06,253.37,-81.89,160.04
52.431248,-1.528874,173.05,11.05,3,73.57,19 / 20,1604910,2019-09-06 19:46:50:653,-0.0376,-1.6074,11.2684,0.0086,0.0008,9.8066,0.0939,0.0166,0.0304,-22.25,-33.75,6.63,257.28,-81.65,161.67
52.431248,-1.528874,173.05,11.05,3,73.57,19 / 20,1605009,2019-09-06 19:46:50:752,1.8252,0.1019,8.5992,-0.0235,0.0084,9.8065,0.0295,0.0407,0.013,-21.62,-34.37,6.19,254.22,-81.49,161.18
52.431248,-1.528874,173.05,11.05,3,73.57,19 / 20,1605110,2019-09-06 19:46:50:853,2.2832,-1.4519,10.1528,0.0007,-0.0244,9.8066,-0.1667,-0.0523,0.0239,-21.25,-34.56,6.25,256.78,-81.6,164.01
52.431248,-1.528874,173.05,11.05,3,73.57,19 / 20,1605211,2019-09-06 19:46:50:954,-2.5266,0.0327,9.1286,-0.0301,0.0148,9.8065,0.0734,0.009,-0.0004,-21.19,-33.06,6.31,257,-81.97,162.91
52.431248,-1.528874,173.05,11.05,3,73.57,19 / 20,1605310,2019-09-06 19:46:51:053,1.5223,-0.4673,9.9284,0.0249,-0.0077,9.8066,0.0532,0.0353,0.029,-21.12,-33.75,6.25,256.78,-82.1,162.84
52.431248,-1.528874,173.05,11.05,3,73.57,20 / 21,1605409,2019-09-06 19:46:51:152,-0.6636,-0.259,10.0186,0.0507,-0.0063,9.8065,0.0315,0.0249,0.0003,-20.94,-33.37,7.13,260.39,-81.76,164.15
52.431248,-1.528874,173.05,11.05,3,73.57,20 / 21,1605510,2019-09-06 19:46:51:253,0.2044,-0.347,9.522,-0.0299,0.0088,9.8065,0.0189,-0.0219,0.0298,-20.94,-33.62,7.25,260.01,-81.78,164.1
52.431248,-1.528874,173.05,11.05,3,73.57,20 / 21,1605610,2019-09-06 19:46:51:353,-0.8032,-1.0793,10.2195,-0.0104,-0.0138,9.8066,-0.0367,0.0508,-0.062,-21,-34.19,7.56,263.38,-81.7,165.12
52.431248,-1.528874,173.05,11.05,3,73.57,20 / 21,1605709,2019-09-06 19:46:51:452,-0.3769,-0.916,9.4737,-0.0013,0.0143,9.8066,-0.0301,-0.0381,0.0871,-21.56,-32.94,6.94,259.74,-81.96,163.45
52.431248,-1.528874,173.05,11.05,3,73.57,20 / 21,1605809,2019-09-06 19:46:51:552,-1.053,-1.3427,9.7657,0.0085,-0.0068,9.8066,0.0376,-0.0006,-0.0427,-21.44,-32.5,6.44,258.2,-82.12,163.59
52.431248,-1.528874,173.05,11.05,3,73.57,20 / 21,1605909,2019-09-06 19:46:51:652,-0.4833,-0.0666,9.7712,-0.0345,0.0013,9.8066,0.1573,-0.0208,0.0024,-21.87,-31.87,6.69,259.27,-82.22,162.24
52.431248,-1.528874,173.05,11.05,3,73.57,20 / 21,1606010,2019-09-06 19:46:51:753,0.0569,-0.3605,9.8258,0.0109,0.0034,9.8066,-0.0979,-0.0109,-0.0028,-21.06,-30.81,7.38,260.36,-82.42,162.42
52.431248,-1.528874,173.05,11.05,3,73.57,20 / 21,1606109,2019-09-06 19:46:51:852,-0.2784,-0.7983,10.3518,0.0017,0.0039,9.8066,0.0093,-0.025,0.0508,-19.5,-31.19,7.13,260.39,-82.43,161.65
52.431248,-1.528874,173.05,11.05,3,73.57,20 / 21,1606210,2019-09-06 19:46:51:953,-1.7603,-1.1485,10.4657,0.0135,-0.0013,9.8066,-0.0734,0.0161,-0.0521,-18.44,-31.12,6.81,260.61,-82.33,161.58
52.431248,-1.528874,173.05,11.05,3,73.57,20 / 21,1606310,2019-09-06 19:46:52:053,-0.7144,-0.6494,9.9464,-0.0004,-0.0101,9.8066,0.1361,0.0068,0.068,-19.37,-31.25,5.88,257.25,-82.33,161.4
52.431248,-1.528874,173.05,11.05,3,73.57,20 / 21,1606410,2019-09-06 19:46:52:153,-0.0021,-1.604,10.2581,-0.0072,-0.0165,9.8066,-0.0539,-0.0239,-0.0398,-20.12,-32.12,5.69,258.33,-82.37,163.12
52.431248,-1.528874,173.05,11.05,3,73.57,20 / 21,1606509,2019-09-06 19:46:52:252,0.6119,-0.7387,9.4592,0.0379,-0.0085,9.8065,-0.0825,0.0946,0.0426,-20.75,-33.25,5.88,258.9,-82.35,164.34
52.431248,-1.528874,173.05,11.05,3,73.57,20 / 21,1606610,2019-09-06 19:46:52:353,-0.4412,-1.2277,9.7683,0.0637,-0.0144,9.8063,0.1903,-0.0088,-0.0374,-20.94,-33.87,5.75,258.89,-82.28,164.8
52.431248,-1.528874,173.05,11.05,3,73.57,20 / 21,1606710,2019-09-06 19:46:52:453,-1.2694,0.3148,9.7712,-0.0488,0.0048,9.8064,0.188,0.0429,0.0094,-21.37,-34.31,6.19,259.5,-82.45,165.16
52.431248,-1.528874,173.05,11.05,3,73.57,20 / 21,1606809,2019-09-06 19:46:52:552,0.3457,-3.7588,11.8575,-0.0456,0.0109,9.8065,-0.1558,-0.0391,-0.0883,-21.31,-34.5,6.94,261.48,-82.36,164.73
52.431248,-1.528874,173.05,11.05,3,73.57,20 / 21,1606909,2019-09-06 19:46:52:652,1.166,-1.6931,11.3178,0.1048,0.0051,9.806,0.13,0.0503,0.0093,-21.56,-34.69,6,257.87,-82.59,163.77
52.431248,-1.528874,173.05,11.05,3,73.57,20 / 21,1607010,2019-09-06 19:46:52:753,1.7144,0.098,9.0498,0.1207,0.004,9.8058,-0.4485,-0.0907,-0.0128,-21.56,-34.87,5.81,257.49,-81.98,164.3
52.431248,-1.528874,173.05,11.05,3,73.57,20 / 21,1607111,2019-09-06 19:46:52:854,-0.6618,-1.8399,8.7786,0.0258,0.0441,9.8065,-0.4535,0.0131,0.0357,-21.12,-34.69,5.56,255.5,-82.37,161.42
52.431248,-1.528874,173.05,11.05,3,73.57,20 / 21,1607214,2019-09-06 19:46:52:957,-1.6071,-1.6903,9.6472,0.0808,0.0012,9.8062,0.0871,0.0771,-0.0168,-21.69,-34.37,5.94,253.79,-82.36,159.47
52.431248,-1.528874,173.05,11.05,3,73.57,20 / 21,1607310,2019-09-06 19:46:53:053,-0.2822,0.2739,9.2765,-0.0481,0.0045,9.8064,-0.0144,-0.0553,-0.0204,-21.56,-35.44,5.5,253.11,-82.79,158.42
52.431248,-1.528874,173.05,11.05,3,73.57,20 / 21,1607410,2019-09-06 19:46:53:153,-1.6143,-1.3404,9.9567,-0.0336,-0.0162,9.8066,0.0122,-0.0636,0.0466,-22.06,-34.12,6.69,256.9,-82.67,159.77
52.431248,-1.528874,173.05,11.05,3,73.57,20 / 21,1607510,2019-09-06 19:46:53:253,-0.8771,0.1004,10.0626,0.0373,0.0048,9.8065,-0.013,0.0633,-0.0237,-22,-33.94,6.31,255.03,-82.56,160.48
52.431248,-1.528874,173.05,11.05,3,73.57,20 / 21,1607609,2019-09-06 19:46:53:352,-0.3204,-0.2514,10.2235,0.0345,-0.0008,9.8065,0.0047,0.0343,-0.0016,-22.69,-34,6.69,256.98,-82.26,160.72
52.431248,-1.528874,173.05,11.05,3,73.57,20 / 21,1607710,2019-09-06 19:46:53:453,-0.4776,-1.3301,9.6419,0.0131,-0.0014,9.8066,0.0134,-0.0255,0.0366,-21.75,-34,7.38,257.83,-82.19,161.46
52.431248,-1.528874,173.05,11.05,3,73.57,20 / 21,1607809,2019-09-06 19:46:53:552,-0.3001,-1.1067,9.092,0,-0.0038,9.8066,-0.067,0.0311,-0.0574,-21,-34.25,7.75,260.63,-82.2,161.49
52.431248,-1.528874,173.05,11.05,3,73.57,20 / 21,1607909,2019-09-06 19:46:53:652,-0.0878,-1.5593,9.1111,-0.0341,-0.003,9.8066,-0.0457,-0.0601,0.0519,-20.81,-33.87,7.56,261.34,-82.6,161.62
52.431248,-1.528874,173.05,11.05,3,73.57,20 / 21,1608010,2019-09-06 19:46:53:753,-0.5513,-0.3127,9.6088,-0.0246,0.0105,9.8066,-0.1005,-0.0181,0.0097,-20.56,-34.62,7.13,258.47,-82.91,161.05
52.431248,-1.528874,173.05,11.05,3,73.57,20 / 21,1608109,2019-09-06 19:46:53:852,-1.5846,-1.9196,9.5306,0.0073,-0.0088,9.8065,-0.1598,0.1231,-0.0178,-20.12,-34.44,6.69,259,-83.11,160.61
52.431248,-1.528874,173.05,11.05,3,73.57,20 / 21,1608210,2019-09-06 19:46:53:953,0.0161,0.0391,10.3006,0.025,0.0171,9.8066,0.142,0.0331,-0.1031,-19.5,-34.31,6.19,255.48,-82.99,159.56
52.431248,-1.528874,173.05,11.05,3,73.57,20 / 21,1608310,2019-09-06 19:46:54:053,-0.0422,-1.3504,9.4523,-0.0186,0.0299,9.8065,0.1225,-0.0888,0.0363,-19.25,-34.5,4.69,249.9,-82.86,156.75
52.431248,-1.528874,173.05,11.05,3,73.57,19 / 20,1608410,2019-09-06 19:46:54:153,-0.9365,-0.3562,10.6034,0.0203,-0.0108,9.8066,0.0317,0.0043,-0.0213,-20.37,-34.56,3.81,247.21,-82.74,157.36
52.431248,-1.528874,173.05,11.05,3,73.57,19 / 20,1608510,2019-09-06 19:46:54:253,-1.0851,-0.4426,10.2375,0.0214,0.0031,9.8066,-0.02,-0.0136,0.0575,-22.37,-34.94,3.56,247.35,-82.49,157.83
52.431248,-1.528874,173.05,11.05,3,73.57,19 / 20,1608610,2019-09-06 19:46:54:353,-1.5512,-0.5135,9.6791,0.0188,-0.011,9.8065,0.1017,-0.0081,0.07,-24.56,-34.94,4.63,250.54,-82.39,159.02
52.431248,-1.528874,173.05,11.05,3,73.57,19 / 20,1608710,2019-09-06 19:46:54:453,-1.382,-1.2777,9.3052,-0.0383,-0.0178,9.8065,0.0879,-0.0609,0.0398,-25.75,-34.5,5.56,254.7,-82.33,161.1
52.431248,-1.528874,173.05,11.05,3,73.57,19 / 20,1608809,2019-09-06 19:46:54:552,0.3039,-0.188,9.6293,-0.0718,-0.0064,9.8064,-0.1064,-0.038,0.0445,-25.25,-34.44,6.5,258.23,-82.76,161.87
52.431248,-1.528874,173.05,11.05,3,73.57,19 / 20,1608910,2019-09-06 19:46:54:653,2.3146,-2.2573,8.4728,0.0231,-0.0082,9.8066,-0.0025,-0.1437,0.0263,-25.06,-34.37,7.13,259.27,-82.78,162.92
52.431248,-1.528874,173.05,11.05,3,73.57,19 / 20,1609010,2019-09-06 19:46:54:753,-1.9882,-0.0018,9.5881,0.0454,0.0199,9.8065,0.0679,-0.0391,-0.0216,-23.81,-33.44,7.06,258.75,-82.99,161.57
52.431248,-1.528874,173.05,11.05,3,73.57,19 / 20,1609109,2019-09-06 19:46:54:852,-0.718,-1.1314,10.4511,-0.0507,0.0113,9.8064,0.1611,-0.0422,0.0044,-22.94,-33.94,6.94,256.57,-83.48,158.6
52.431248,-1.528874,173.05,11.05,3,73.57,19 / 20,1609209,2019-09-06 19:46:54:952,-1.2163,-0.1235,9.781,-0.0084,0.0133,9.8066,-0.0849,-0.0437,-0.0835,-22.62,-33.75,6.88,256.72,-83.43,158.83
52.431248,-1.528874,173.05,11.05,3,73.57,19 / 20,1609309,2019-09-06 19:46:55:052,-0.6836,-0.3602,9.5918,0.0188,-0.0063,9.8065,-0.0253,-0.0011,-0.0194,-22.62,-34.12,6.38,253.87,-82.98,158.86
52.431248,-1.528874,173.05,11.05,3,73.57,20 / 21,1609410,2019-09-06 19:46:55:153,-0.136,-0.8957,10.2628,-0.0008,-0.0044,9.8066,0.0616,0.0204,0.0318,-23.5,-34.12,6.88,257.11,-82.75,160.18
52.431248,-1.528874,173.05,11.05,3,73.57,20 / 21,1609509,2019-09-06 19:46:55:252,-0.4739,0.0447,9.7218,-0.0104,-0.0062,9.8066,-0.0338,0.0282,-0.0414,-24.31,-34.12,7.19,258.18,-82.86,161.43
52.431248,-1.528874,173.05,11.05,3,73.57,20 / 21,1609610,2019-09-06 19:46:55:353,-0.8368,-0.332,9.9232,-0.0114,-0.0055,9.8066,0.0034,-0.0366,0.0185,-23.81,-34.12,7.19,258.29,-83.01,161.34
52.431248,-1.528874,173.05,11.05,3,73.57,20 / 21,1609710,2019-09-06 19:46:55:453,-0.8178,-1.065,10.1691,-0.012,-0.0072,9.8065,0.127,-0.0776,0.0815,-22.81,-33.69,7.31,259.29,-83.2,161.83
52.431248,-1.528874,173.05,11.05,3,73.57,20 / 21,1609810,2019-09-06 19:46:55:553,1.3191,-1.7215,10.2797,-0.0283,-0.0129,9.8065,0.2123,-0.0415,-0.0379,-22.12,-34.37,6.94,260.66,-83.26,162.82
52.431248,-1.528874,173.05,11.05,3,73.57,20 / 21,1609909,2019-09-06 19:46:55:652,-0.6963,0.2855,9.9104,0.0492,-0.0147,9.8064,-0.1612,-0.0139,0.0066,-22.12,-34,7.13,261.44,-83.22,163.71
52.431248,-1.528874,173.05,11.05,3,73.57,20 / 21,1610010,2019-09-06 19:46:55:753,-1.8076,0.0158,9.3554,0.0373,-0.0096,9.8064,0.1031,-0.0745,0.1104,-22.19,-33.44,6.31,260.63,-82.94,165.48
52.431248,-1.528874,173.05,11.05,3,73.57,20 / 21,1610110,2019-09-06 19:46:55:853,-0.6594,-0.8097,10.3731,-0.0521,-0.0065,9.8065,0.0885,-0.0248,0.0032,-22.44,-33.81,7.31,264.79,-83.35,166.95
52.431248,-1.528874,173.05,11.05,3,73.57,20 / 21,1610210,2019-09-06 19:46:55:953,-1.4194,-1.2848,10.2635,-0.0555,-0.0067,9.8064,0.0077,0.0081,0.0182,-22.44,-33.69,7.25,265.78,-83.43,167.84
52.431248,-1.528874,173.05,11.05,3,73.57,20 / 21,1610310,2019-09-06 19:46:56:053,0.5034,-1.4139,10.4855,0.0179,-0.0096,9.8066,0.0365,0.0148,-0.0106,-22.37,-34.25,7.75,269.93,-83.26,169.83
52.431248,-1.528874,173.05,11.05,3,73.57,19 / 20,1610410,2019-09-06 19:46:56:153,-1.6752,-0.6379,9.8016,0.0014,-0.0039,9.8066,0.0297,-0.0112,0.0386,-22.12,-34.19,7.88,269.84,-83.22,169.79
52.431248,-1.528874,173.05,11.05,3,73.57,19 / 20,1610509,2019-09-06 19:46:56:252,-0.3142,-0.4737,9.9962,0.0124,-0.0008,9.8066,-0.0892,0.0079,0.0351,-22.12,-33.69,7.25,267.8,-83.16,170.3
52.431248,-1.528874,173.05,11.05,3,73.57,19 / 20,1610610,2019-09-06 19:46:56:353,0.1485,-0.484,9.6707,0.0096,-0.002,9.8066,-0.0045,-0.0736,-0.0256,-22.5,-34.31,7.56,270.32,-83.12,170.43
52.431248,-1.528874,173.05,11.05,3,73.57,19 / 20,1610709,2019-09-06 19:46:56:452,-0.0373,0.1361,9.8569,-0.0193,0.004,9.8065,0.0364,-0.0232,-0.004,-22.19,-34.25,7.06,267.81,-83.13,170.36
52.431248,-1.528874,173.05,11.05,3,73.57,19 / 20,1610809,2019-09-06 19:46:56:552,-0.6643,-1.3506,10.2894,-0.0148,-0.0135,9.8065,-0.0679,0.0377,0.0104,-22.12,-33.75,7.56,271.33,-83.09,171.48
52.431248,-1.528874,173.05,11.05,3,73.57,19 / 20,1610910,2019-09-06 19:46:56:653,0.1708,-0.9586,9.6261,0.0191,-0.0113,9.8066,-0.1223,0.0516,0.0163,-22.06,-33.94,7.5,271.74,-83.08,171.93
52.431248,-1.528874,173.05,11.05,3,73.57,19 / 20,1611010,2019-09-06 19:46:56:753,-0.0963,-0.3633,9.8146,0.0283,-0.0203,9.8065,0.0924,-0.0447,0.0265,-21.62,-33.69,8.06,272.75,-83.11,172.88
52.431248,-1.528874,173.05,11.05,3,73.57,19 / 20,1611110,2019-09-06 19:46:56:853,0.9313,-0.2779,10.2033,-0.0176,-0.017,9.8065,0.1111,0.0185,0.0124,-22.37,-33.12,8,274.49,-83.09,174.34
52.431248,-1.528874,173.05,11.05,3,73.57,19 / 20,1611210,2019-09-06 19:46:56:953,3.1194,-2.2662,9.911,0.0539,-0.0429,9.8063,-0.3647,0.0944,0.0713,-23.25,-33.31,8.06,277.8,-83.22,177.86
52.431248,-1.528874,173.05,11.05,3,73.57,19 / 20,1611310,2019-09-06 19:46:57:053,2.268,-1.8988,9.3113,0.0362,-0.0486,9.8064,-0.2914,0.0096,0.0311,-24,-33,7.88,281.58,-82.99,-177.73
52.431248,-1.528874,173.05,11.05,3,73.57,20 / 21,1611409,2019-09-06 19:46:57:152,0.6579,-2.7291,9.0344,-0.001,-0.0207,9.8066,-0.2265,-0.1597,0.1097,-24.37,-33.19,7.81,285.37,-83.32,-174.5
52.431248,-1.528874,173.05,11.05,3,73.57,20 / 21,1611510,2019-09-06 19:46:57:253,0.0379,-1.9332,11.0157,-0.0514,0.0105,9.8064,0.1725,-0.1364,0.047,-24.19,-32.94,7.44,286.44,-83.85,-171.9
52.431248,-1.528874,173.05,11.05,3,73.57,20 / 21,1611609,2019-09-06 19:46:57:352,-0.6601,-1.6571,11.4328,-0.0215,0.0091,9.8066,0.0826,-0.0089,-0.0548,-24.31,-33.19,7.63,287.94,-83.77,-172.61
52.431248,-1.528874,173.05,11.05,3,73.57,20 / 21,1611710,2019-09-06 19:46:57:453,0.9029,-0.6907,11.2067,0.0618,0.0234,9.8064,0.2328,0.0597,-0.0997,-23.94,-33.5,9.19,286.51,-83.29,-175.6
52.431248,-1.528874,173.05,11.05,3,73.57,20 / 21,1611809,2019-09-06 19:46:57:552,-0.3304,-1.2986,10.2067,0.0572,0.0031,9.8065,-0.0343,-0.0485,0.0071,-23.5,-33.06,9.31,281.48,-82.53,-179.91
52.431248,-1.528874,173.05,11.05,3,73.57,20 / 21,1611909,2019-09-06 19:46:57:652,0.435,-1.1962,9.4618,-0.0213,0.0296,9.8065,-0.0904,-0.038,-0.0538,-23.44,-33.44,8.13,276.8,-82.5,177.88
52.431248,-1.528874,173.05,11.05,3,73.57,20 / 21,1612009,2019-09-06 19:46:57:752,0.8286,-0.6604,9.9043,-0.0201,0.0131,9.8065,-0.1471,-0.0172,-0.0423,-23.44,-33.56,9,277.56,-82.68,176.34
52.431248,-1.528874,173.05,11.05,3,73.57,20 / 21,1612110,2019-09-06 19:46:57:853,-0.4463,-1.7226,9.9372,0.0253,0.0047,9.8066,-0.0418,-0.0935,0.0094,-22.94,-32.81,9.25,276.18,-82.71,174.65
52.431248,-1.528874,173.05,11.05,3,73.57,20 / 21,1612209,2019-09-06 19:46:57:952,0.3733,-0.3416,9.5175,-0.0168,0.0124,9.8065,-0.0508,-0.1467,-0.0262,-23.56,-32.81,9.44,275.15,-82.9,173.82
52.431248,-1.528874,173.05,11.05,3,73.57,20 / 21,1612309,2019-09-06 19:46:58:052,0.8098,-1.4529,10.1447,-0.0382,0.0162,9.8066,0.2721,-0.0754,-0.0319,-23.31,-32.75,9.56,276.75,-82.8,172.81
52.431248,-1.528874,173.05,11.05,3,73.57,20 / 21,1612410,2019-09-06 19:46:58:153,1.4971,-1.091,8.7101,-0.0902,0.0196,9.8061,0.0079,-0.0527,0.0306,-22.94,-32.69,9.38,274.5,-83.34,172.11
52.431248,-1.528874,173.05,11.05,3,73.57,20 / 21,1612510,2019-09-06 19:46:58:253,0.2104,-0.2178,9.7829,0.0111,0.012,9.8065,-0.0278,-0.0731,0.0569,-23.31,-33.31,9.38,273.99,-83.38,171.55
52.431248,-1.528874,173.05,11.05,3,73.57,20 / 21,1612610,2019-09-06 19:46:58:353,-0.2377,-0.9902,8.9603,0.0136,0.0022,9.8066,-0.2374,0.1445,-0.0489,-22.87,-33.19,9.19,274.17,-83.44,171.64
52.431248,-1.528874,173.05,11.05,3,73.57,20 / 21,1612710,2019-09-06 19:46:58:453,0.6641,-0.7042,9.7612,-0.0384,0.0087,9.8065,0.2839,0.0853,-0.0045,-23.25,-33.69,8.06,271.19,-83.68,170.91
52.431248,-1.528874,173.05,11.05,3,73.57,20 / 21,1612809,2019-09-06 19:46:58:552,0.6281,-1.9953,10.0082,-0.0421,-0.0076,9.8065,0.1084,-0.062,0.0704,-23.56,-33.56,8.38,271.58,-83.71,171.66
52.431248,-1.528874,173.05,11.05,3,73.57,20 / 21,1612909,2019-09-06 19:46:58:652,0.8639,0.1832,10.4789,0.0514,-0.0054,9.8065,-0.0884,0.0467,-0.0029,-22.94,-33.06,8.56,274.11,-83.85,171.02
52.431248,-1.528874,173.05,11.05,3,73.57,20 / 21,1613009,2019-09-06 19:46:58:752,-0.359,-1.8834,9.5683,0.0189,-0.0187,9.8065,0.0988,-0.0935,0.1093,-23,-33.87,8.75,275.27,-83.68,172.66
52.431248,-1.528874,173.05,11.05,3,73.57,20 / 21,1613109,2019-09-06 19:46:58:852,1.5504,-0.8483,10.0334,0.0334,-0.0086,9.8066,-0.1518,-0.1556,-0.0428,-23.56,-33.87,8.63,274.53,-83.68,172.43
52.431248,-1.528874,173.05,11.05,3,73.57,20 / 21,1613210,2019-09-06 19:46:58:953,0.5975,-1.5428,9.4851,0.0254,0.0002,9.8066,-0.0993,-0.1144,0.0245,-23.12,-33.69,8.06,272.81,-83.72,172.48
52.431248,-1.528874,173.05,11.05,3,73.57,20 / 21,1613310,2019-09-06 19:46:59:053,-0.4677,-0.1957,8.9468,-0.0722,0.0185,9.8063,-0.2348,-0.0923,-0.0116,-23.06,-34,8.38,273.12,-84.06,172.29
52.431538,-1.527471,172.54,12.16,3,77.93,19 / 21,1613411,2019-09-06 19:46:59:154,-1.3782,0.1997,10.0142,-0.0553,-0.0049,9.8064,-0.0117,-0.0547,0.0146,-22.5,-33.75,8.69,276.04,-83.68,172.9
52.431538,-1.527471,172.54,12.16,3,77.93,19 / 21,1613509,2019-09-06 19:46:59:252,1.2294,-0.8332,9.2039,-0.026,0.016,9.8065,0.0982,-0.0807,0.0566,-22.87,-33.37,9.5,278.83,-83.95,173.31
52.431538,-1.527471,172.54,12.16,3,77.93,19 / 21,1613610,2019-09-06 19:46:59:353,0.6337,-0.9097,9.2494,-0.0294,0,9.8065,0.0508,-0.0852,-0.0452,-23.25,-33.94,9.94,280.06,-83.77,175.01
52.431538,-1.527471,172.54,12.16,3,77.93,19 / 21,1613710,2019-09-06 19:46:59:453,0.4746,0.2156,9.4345,-0.0382,0.0064,9.8065,-0.0783,-0.0966,0.0738,-23.37,-33.75,9,278.82,-84.07,175.62
52.431538,-1.527471,172.54,12.16,3,77.93,19 / 21,1613810,2019-09-06 19:46:59:553,-0.0032,-1.0055,8.9856,-0.0322,-0.001,9.8066,-0.0497,-0.0064,0.0289,-23.25,-33.87,8.5,280,-84.42,176.29
52.431538,-1.527471,172.54,12.16,3,77.93,19 / 21,1613910,2019-09-06 19:46:59:653,-0.8576,0.4272,9.715,-0.007,-0.019,9.8066,0.0388,-0.0212,-0.0183,-23.12,-34.31,9,281.95,-84.51,178.07
52.431538,-1.527471,172.54,12.16,3,77.93,19 / 21,1614010,2019-09-06 19:46:59:753,-0.2202,-0.7274,9.6095,-0.0202,-0.0004,9.8066,0.0273,-0.0391,0.0475,-23.81,-33.31,9.25,283.9,-84.72,-179.96
52.431538,-1.527471,172.54,12.16,3,77.93,19 / 21,1614109,2019-09-06 19:46:59:852,1.1918,-1.5689,9.7921,-0.0022,-0.0157,9.8065,0.0109,-0.0651,0.0045,-23.37,-32.75,8.56,286.07,-84.62,-178.29
52.431538,-1.527471,172.54,12.16,3,77.93,19 / 21,1614210,2019-09-06 19:46:59:953,-1.0531,0.5158,10.4273,-0.0057,-0.0007,9.8066,0.0557,0.05,-0.0476,-23.81,-32.81,8.69,286.66,-84.43,-176.92
52.431538,-1.527471,172.54,12.16,3,77.93,19 / 21,1614309,2019-09-06 19:47:00:052,0.5379,-0.5393,10.2447,0.0096,0.0001,9.8066,0.0181,-0.0611,0.0774,-23.5,-32.25,8.81,286.22,-84.21,-177.83
52.431538,-1.527471,172.54,12.16,3,77.93,20 / 21,1614410,2019-09-06 19:47:00:153,1.3957,-1.1784,9.2166,0.0072,-0.0021,9.8066,0.0389,-0.0372,-0.0116,-23.19,-32.81,9.81,289.02,-84.09,-176.99
52.431538,-1.527471,172.54,12.16,3,77.93,20 / 21,1614509,2019-09-06 19:47:00:252,-0.6472,-1.362,9.2379,-0.0654,0.0015,9.8064,0.1281,0.0012,0.0359,-23.69,-33.37,8.75,285.99,-83.95,-176.94
52.431538,-1.527471,172.54,12.16,3,77.93,20 / 21,1614610,2019-09-06 19:47:00:353,0.8144,-0.8132,10.4891,-0.0581,0.0139,9.8064,0.2083,0.0159,-0.035,-23.06,-32.87,10.13,290.48,-84.09,-175.6
52.431538,-1.527471,172.54,12.16,3,77.93,20 / 21,1614710,2019-09-06 19:47:00:453,3.1056,1.3579,10.5955,-0.098,0.0514,9.806,-0.4599,-0.2255,0.1242,-23.31,-33.12,9.69,290.18,-84.72,-176.69
52.431538,-1.527471,172.54,12.16,3,77.93,20 / 21,1614809,2019-09-06 19:47:00:552,3.4503,-3.6706,11.0564,0.2118,-0.0291,9.8042,-0.3687,-0.0588,0.0755,-23.44,-33.5,9.56,286.6,-83.78,-178.91
52.431538,-1.527471,172.54,12.16,3,77.93,20 / 21,1614909,2019-09-06 19:47:00:652,-2.7761,0.628,9.0245,0.1771,-0.0415,9.805,-0.1404,-0.1248,-0.0065,-23.5,-33.31,9.69,285.57,-83.98,179.84
52.431538,-1.527471,172.54,12.16,3,77.93,20 / 21,1615009,2019-09-06 19:47:00:752,-2.0501,0.2525,9.0368,0.0182,0.0069,9.8066,-0.3971,-0.0376,-0.0083,-22.81,-33.75,9.88,283.87,-84.11,178.23
52.431538,-1.527471,172.54,12.16,3,77.93,20 / 21,1615109,2019-09-06 19:47:00:852,-1.3283,-1.564,9.4161,0.0648,-0.0039,9.8063,0.2203,0.0428,-0.046,-23.06,-33.69,9.88,283,-84.05,177.48
52.431538,-1.527471,172.54,12.16,3,77.93,20 / 21,1615209,2019-09-06 19:47:00:952,0.8329,-0.1399,9.5238,-0.0644,0.0172,9.8063,0.0865,-0.0332,-0.0173,-23.31,-33.94,10.06,283.18,-84.06,177.65
52.431538,-1.527471,172.54,12.16,3,77.93,20 / 21,1615309,2019-09-06 19:47:01:052,0.4758,0.907,9.3744,-0.0215,-0.0053,9.8066,0.0239,0.0463,0.0391,-22.94,-33.94,9.44,282.03,-84.26,178.49
52.431538,-1.527471,172.54,12.16,3,77.93,20 / 21,1615410,2019-09-06 19:47:01:153,-1.2132,0.4258,9.2708,-0.0285,0.0004,9.8066,-0.0121,0.0411,-0.0448,-23.06,-34.5,9.75,285.73,-84.37,179.69
52.431538,-1.527471,172.54,12.16,3,77.93,20 / 21,1615509,2019-09-06 19:47:01:252,1.7276,0.1275,10.2392,-0.0158,-0.0062,9.8066,-0.0716,-0.0177,0.1129,-23,-33.69,9.63,286.54,-84.44,-179.63
52.431538,-1.527471,172.54,12.16,3,77.93,20 / 21,1615610,2019-09-06 19:47:01:353,-0.4153,0.0959,9.4362,0.0463,-0.0236,9.8064,-0.2541,0.0481,-0.0224,-23.12,-33.56,10.13,286.99,-84.54,-179.32
52.431538,-1.527471,172.54,12.16,3,77.93,20 / 21,1615709,2019-09-06 19:47:01:452,-0.8686,-0.0457,8.3797,0.0356,-0.0058,9.8065,0.0465,0.0432,0.0062,-23.31,-33.94,9.69,287,-84.28,-178.96
52.431538,-1.527471,172.54,12.16,3,77.93,20 / 21,1615809,2019-09-06 19:47:01:552,-0.4666,-0.29,9.1726,-0.038,0.0182,9.8065,-0.0505,-0.0575,0.0655,-23.37,-33.56,9.94,287.35,-84.71,-179.21
52.431538,-1.527471,172.54,12.16,3,77.93,20 / 21,1615909,2019-09-06 19:47:01:652,0.8629,0.4795,9.7406,-0.0218,0.0129,9.8065,-0.0734,-0.0972,-0.0868,-23.62,-33.31,10,286.75,-84.87,-179.54
52.431538,-1.527471,172.54,12.16,3,77.93,20 / 21,1616010,2019-09-06 19:47:01:753,-1.7356,-0.7478,9.7793,0.0314,0.0078,9.8066,-0.0434,-0.0506,0.0086,-22.37,-33.62,10.06,285.71,-84.56,178.74
52.431538,-1.527471,172.54,12.16,3,77.93,20 / 21,1616109,2019-09-06 19:47:01:852,0.4811,-0.6263,9.4924,0.0571,-0.0139,9.8064,0.1255,-0.086,0.0695,-22.81,-34.19,10.06,284.07,-84.27,178.22
52.431538,-1.527471,172.54,12.16,3,77.93,20 / 21,1616210,2019-09-06 19:47:01:953,0.5228,-0.7031,9.4749,-0.0181,0.0089,9.8066,-0.0733,-0.0349,-0.0559,-22.87,-33.62,9.88,282.36,-84.2,176.66
52.431538,-1.527471,172.54,12.16,3,77.93,20 / 21,1616310,2019-09-06 19:47:02:053,0.3826,-0.0325,9.3622,-0.0094,0.0016,9.8066,-0.0911,-0.0501,0.0338,-23.12,-34,9.5,282.29,-84.46,176.23
52.431538,-1.527471,172.54,12.16,3,77.93,20 / 21,1616409,2019-09-06 19:47:02:152,0.0153,-1.1221,10.3093,0.0095,0.0034,9.8066,-0.0361,-0.0713,-0.0019,-22.94,-34.06,9.75,279.02,-84.87,172.46
52.431538,-1.527471,172.54,12.16,3,77.93,20 / 21,1616510,2019-09-06 19:47:02:253,-1.2023,-0.0685,10.2249,0.034,0.0148,9.8066,0.0914,-0.0212,-0.0486,-22.87,-33.87,9.94,277.1,-84.87,170.57
52.431538,-1.527471,172.54,12.16,3,77.93,20 / 21,1616609,2019-09-06 19:47:02:352,-0.9595,1.1131,11.263,0.0186,0.0084,9.8066,0.1698,-0.0376,0.1367,-23.19,-34,9.75,275.33,-84.66,169.11
52.431538,-1.527471,172.54,12.16,3,77.93,20 / 21,1616709,2019-09-06 19:47:02:452,0.9562,-0.4986,10.3443,0.0394,-0.0313,9.8065,0.1327,-0.1243,0.1426,-22.69,-33.87,9.88,277.56,-84.25,171.88
52.431538,-1.527471,172.54,12.16,3,77.93,20 / 21,1616809,2019-09-06 19:47:02:552,1.2446,-0.7673,10.0849,-0.0059,-0.0222,9.8065,-0.0048,0.0424,-0.0466,-23,-33.56,10.63,283.01,-84.05,175.29
52.431538,-1.527471,172.54,12.16,3,77.93,20 / 21,1616910,2019-09-06 19:47:02:653,-0.0931,-1.3607,9.8113,-0.009,-0.0195,9.8066,-0.0731,-0.0163,0.0663,-23.37,-33.94,10.31,283.86,-84.32,177.94
52.431538,-1.527471,172.54,12.16,3,77.93,20 / 21,1617010,2019-09-06 19:47:02:753,-2.6973,-0.1621,9.3897,0.0166,-0.0138,9.8065,-0.1882,0.0093,-0.0424,-23.25,-33.75,9.94,286.66,-84.63,-179.76
52.431538,-1.527471,172.54,12.16,3,77.93,20 / 21,1617109,2019-09-06 19:47:02:852,-1.6288,-1.0084,9.7642,0.0174,0.0063,9.8065,0.01,0.0077,-0.0891,-23.37,-33.69,9.81,285.66,-84.96,178.83
52.431538,-1.527471,172.54,12.16,3,77.93,20 / 21,1617209,2019-09-06 19:47:02:952,-1.3239,0.2567,10.0918,0.0014,0.0253,9.8066,0.003,0.0062,-0.1113,-22.87,-33.62,9.44,279.68,-85.03,175.11
52.431538,-1.527471,172.54,12.16,3,77.93,20 / 21,1617309,2019-09-06 19:47:03:052,-0.683,-0.0117,10.5931,0.0269,0.022,9.8066,0.0551,0.0225,0.0403,-22.69,-34.12,10.13,278.03,-84.74,171.66
52.431538,-1.527471,172.54,12.16,3,77.93,20 / 21,1617410,2019-09-06 19:47:03:153,1.075,-0.7891,9.8435,0.0433,-0.0101,9.8065,-0.0368,-0.0107,0.0748,-22.12,-33.94,10.63,279.58,-84.46,170.66
52.431538,-1.527471,172.54,12.16,3,77.93,20 / 21,1617509,2019-09-06 19:47:03:252,1.4202,-0.698,9.9337,0.0278,-0.0217,9.8065,0.0404,-0.0453,-0.0419,-22.56,-33.94,10.5,280.33,-84.09,172.63
52.431538,-1.527471,172.54,12.16,3,77.93,20 / 21,1617609,2019-09-06 19:47:03:352,-1.3858,0.1671,9.557,-0.0319,0.0127,9.8066,-0.012,-0.0018,0.008,-22.5,-33.94,10.81,281.78,-84.38,172.92
52.431538,-1.527471,172.54,12.16,3,77.93,20 / 21,1617709,2019-09-06 19:47:03:452,-1.0926,-0.7253,9.305,-0.0135,-0.001,9.8066,-0.1067,-0.0228,0.0658,-22.75,-34.12,10.69,281.41,-84.4,173.27
52.431538,-1.527471,172.54,12.16,3,77.93,20 / 21,1617810,2019-09-06 19:47:03:553,-0.9992,-0.6049,9.5729,0.0053,-0.0017,9.8066,0.0122,0.065,-0.036,-22.75,-33.94,10.19,280.38,-84.42,174.41
52.431538,-1.527471,172.54,12.16,3,77.93,20 / 21,1617910,2019-09-06 19:47:03:653,-1.5138,0.5912,9.7073,-0.0399,0.0058,9.8065,-0.0047,0.0047,0.0533,-23.37,-34,10.19,280.56,-84.43,174.58
52.431538,-1.527471,172.54,12.16,3,77.93,20 / 21,1618010,2019-09-06 19:47:03:753,-0.8555,-0.0651,10.4922,-0.0166,0.0011,9.8066,-0.0055,0.0042,-0.0489,-22.87,-33.75,10.19,281.11,-84.42,175.13
52.431538,-1.527471,172.54,12.16,3,77.93,20 / 21,1618110,2019-09-06 19:47:03:853,-0.6351,-0.151,10.6583,-0.0089,-0.0009,9.8066,-0.0161,0.007,0.0239,-23.06,-33.62,10.56,283.5,-84.31,175.42
52.431538,-1.527471,172.54,12.16,3,77.93,20 / 21,1618209,2019-09-06 19:47:03:952,0.1461,-0.7468,10.4999,0.0548,-0.03,9.8064,-0.0731,-0.0091,-0.0032,-23.12,-34.25,10.94,284.85,-83.87,177.32
52.431538,-1.527471,172.54,12.16,3,77.93,20 / 21,1618309,2019-09-06 19:47:04:052,1.7038,-0.7592,9.8226,0.0152,0.0088,9.8066,-0.0414,-0.0317,-0.0404,-23.19,-33.87,10.25,281.64,-83.9,176.37
52.431538,-1.527471,172.54,12.16,3,77.93,20 / 21,1618410,2019-09-06 19:47:04:153,0.6311,-0.9612,9.0549,-0.0102,0.0021,9.8066,-0.0114,0.0945,-0.0231,-24.62,-34.25,10.5,282.34,-83.97,176.04
52.431538,-1.527471,172.54,12.16,3,77.93,20 / 21,1618510,2019-09-06 19:47:04:253,-1.3429,-1.1896,9.4248,-0.0056,-0.0078,9.8066,-0.0146,0.0458,0.0036,-25.62,-33.44,11.5,284.41,-84.15,176.27
52.431538,-1.527471,172.54,12.16,3,77.93,20 / 21,1618610,2019-09-06 19:47:04:353,0.9963,0.7951,9.5113,-0.0183,0.0019,9.8066,0.0652,0.1363,-0.0875,-24.37,-31.87,12.75,287.52,-84.23,175.65
52.431538,-1.527471,172.54,12.16,3,77.93,20 / 21,1618710,2019-09-06 19:47:04:453,-0.3145,0.6127,9.4991,-0.0074,0.0034,9.8066,0.0333,-0.0589,0.0881,-21.87,-32.25,12,286.63,-84.17,175.28
52.431538,-1.527471,172.54,12.16,3,77.93,20 / 21,1618810,2019-09-06 19:47:04:553,-1.2448,-0.9093,9.8562,0.0154,-0.0047,9.8066,-0.0625,-0.1003,-0.0446,-22.12,-33.81,10.81,283.71,-84.13,175.15
52.431538,-1.527471,172.54,12.16,3,77.93,20 / 21,1618909,2019-09-06 19:47:04:652,-0.5471,0.2286,9.8178,0.0183,0.0025,9.8066,0.0385,-0.0211,-0.0199,-22.19,-33.87,9.94,280.96,-84.22,174.6
52.431538,-1.527471,172.54,12.16,3,77.93,20 / 21,1619009,2019-09-06 19:47:04:752,-0.8058,0.3532,9.942,-0.0138,0.0112,9.8066,0.0925,0.0001,0.0961,-22.56,-33.87,9.38,275.54,-84.44,171.86
52.431538,-1.527471,172.54,12.16,3,77.93,20 / 21,1619110,2019-09-06 19:47:04:853,-0.2762,-1.3334,9.8534,-0.0177,-0.0167,9.8066,-0.0271,0.0746,0.002,-23.31,-33.94,10,279.64,-84.41,173.7
52.431538,-1.527471,172.54,12.16,3,77.93,20 / 21,1619210,2019-09-06 19:47:04:953,1.4447,-0.8796,10.4424,0.0323,-0.0287,9.8065,0.0627,-0.0328,0.0727,-23.19,-32.62,10.75,282.36,-84.44,173.93
52.431538,-1.527471,172.54,12.16,3,77.93,20 / 21,1619309,2019-09-06 19:47:05:052,-0.9783,0.1953,10.2256,0.0257,-0.0278,9.8065,-0.1074,-0.017,0.0342,-23.62,-33.44,10.25,283.25,-84.22,177.88
52.431538,-1.527471,172.54,12.16,3,77.93,20 / 21,1619410,2019-09-06 19:47:05:153,0.7166,-1.3698,10.6492,-0.0139,-0.0257,9.8066,-0.029,0.0146,0.0354,-24.69,-33,10.31,286.28,-84.24,-178.63
52.431538,-1.527471,172.54,12.16,3,77.93,20 / 21,1619509,2019-09-06 19:47:05:252,1.4535,-1.214,10.3899,-0.0295,0.0067,9.8065,-0.0104,0.0657,-0.0632,-23.94,-32.62,9.56,288.38,-84.24,-177.18
52.431538,-1.527471,172.54,12.16,3,77.93,20 / 21,1619610,2019-09-06 19:47:05:353,-0.0417,-0.0443,9.9776,-0.0033,-0.0058,9.8066,0.0158,-0.1712,0.0916,-24,-33.56,10.56,291.4,-84.16,-176.08
52.431538,-1.527471,172.54,12.16,3,77.93,20 / 21,1619709,2019-09-06 19:47:05:452,-1.06,0.2099,9.7542,-0.0183,0.014,9.8066,-0.0892,0.0174,-0.0951,-25.31,-32.37,12.06,293.79,-84.25,-175.65
52.431538,-1.527471,172.54,12.16,3,77.93,20 / 21,1619809,2019-09-06 19:47:05:552,0.5024,-1.2219,10.7058,-0.0283,0.0019,9.8066,0.0434,0.0396,0.0467,-24.31,-32.31,12.63,298.09,-84.36,-174.38
52.431538,-1.527471,172.54,12.16,3,77.93,20 / 21,1619910,2019-09-06 19:47:05:653,0.9127,-0.3185,10.1282,-0.0536,0.0024,9.8064,0.0776,-0.0295,0.0722,-23.69,-32.75,12.63,299.77,-84.38,-172.64
52.431538,-1.527471,172.54,12.16,3,77.93,20 / 21,1620010,2019-09-06 19:47:05:753,-1.7219,-2.1177,8.9098,0.0937,-0.0405,9.8061,-0.226,-0.127,0.1209,-24.44,-31.56,10.75,296.07,-83.92,-171.76
52.431538,-1.527471,172.54,12.16,3,77.93,20 / 21,1620109,2019-09-06 19:47:05:852,-0.3478,-0.3146,9.6983,0.1084,-0.0397,9.8059,-0.3147,0.0472,-0.0913,-23.19,-32.25,10.69,299.34,-83.76,-169.21
52.431538,-1.527471,172.54,12.16,3,77.93,20 / 21,1620210,2019-09-06 19:47:05:953,-1.4505,0.2541,9.1636,-0.0622,0.0008,9.8064,0.4502,-0.2251,0.1459,-23.44,-33,10.63,300.89,-83.85,-167.66
52.431538,-1.527471,172.54,12.16,3,77.93,20 / 21,1620310,2019-09-06 19:47:06:053,-0.747,-1.6187,8.8405,-0.0788,0.0705,9.806,0.282,-0.083,-0.1058,-23.94,-33.25,10.44,298.35,-84.47,-167.96
52.431538,-1.527471,172.54,12.16,3,77.93,20 / 21,1620410,2019-09-06 19:47:06:153,2.8804,-1.9493,11.3803,0.0144,-0.016,9.8066,-0.0719,-0.1417,-0.0047,-23.75,-33.25,11.38,301.27,-84.44,-167.28
52.431538,-1.527471,172.54,12.16,3,77.93,20 / 21,1620509,2019-09-06 19:47:06:252,-0.5623,-0.0782,10.7418,0.0006,0.0177,9.8066,0.2072,-0.1049,-0.0553,-23.81,-33.19,10.81,300.51,-84.5,-168.05
52.431538,-1.527471,172.54,12.16,3,77.93,20 / 21,1620610,2019-09-06 19:47:06:353,-0.1666,-3.1718,9.161,0.0308,-0.0098,9.8066,-0.022,0.1866,-0.1523,-23.87,-32.37,11.5,302.05,-84.19,-168.49
52.431538,-1.527471,172.54,12.16,3,77.93,20 / 21,1620710,2019-09-06 19:47:06:453,-0.1614,-0.3944,10.2688,0.0346,-0.0427,9.8064,0.1691,0.0516,0.019,-24.31,-31.44,12.06,302,-83.77,-168.28
52.431538,-1.527471,172.54,12.16,3,77.93,20 / 21,1620810,2019-09-06 19:47:06:553,1.3869,-4.2601,9.579,-0.1378,0.0281,9.8056,0.0417,0.0684,-0.1166,-24.56,-32.12,10.88,304.3,-84.47,-163.96
52.431538,-1.527471,172.54,12.16,3,77.93,20 / 21,1620909,2019-09-06 19:47:06:652,-1.5102,-0.9226,9.3545,-0.1339,0.0347,9.8056,0.1919,-0.0289,-0.1846,-24,-32.56,10.19,302.48,-84.75,-164.39
52.431538,-1.527471,172.54,12.16,3,77.93,20 / 21,1621009,2019-09-06 19:47:06:752,-1.1865,-0.7774,10.7546,-0.0007,0.0056,9.8066,-0.0675,0.0987,0.0053,-23.37,-32.94,10.44,301.48,-84.83,-166.09
52.431538,-1.527471,172.54,12.16,3,77.93,20 / 21,1621109,2019-09-06 19:47:06:852,0.0661,-0.9842,10.889,-0.0199,0.0169,9.8066,0.0136,0.0003,0.0117,-23.56,-33.19,10.94,301.15,-84.99,-167.99
52.431538,-1.527471,172.54,12.16,3,77.93,20 / 21,1621209,2019-09-06 19:47:06:952,-0.1384,-1.1658,10.9017,0.0406,0.0112,9.8065,-0.0702,0.1267,-0.1262,-23.69,-33.81,11.5,299.29,-84.82,-171.43
52.431538,-1.527471,172.54,12.16,3,77.93,20 / 21,1621309,2019-09-06 19:47:07:052,-1.2387,-0.4957,11.2274,0.0039,-0.024,9.8066,0.1588,0.1052,0.0423,-24.31,-33.31,11.5,298.02,-84.5,-172.44
52.431538,-1.527471,172.54,12.16,3,77.93,20 / 21,1621410,2019-09-06 19:47:07:153,-0.8745,0.4645,8.9062,0.0839,-0.0126,9.8062,-0.3729,0.0664,-0.0337,-23.06,-33.31,11.44,295.62,-84,-172.78
52.431538,-1.527471,172.54,12.16,3,77.93,20 / 21,1621509,2019-09-06 19:47:07:252,1.1408,0.4081,8.9394,0.0769,-0.0397,9.8062,-0.2956,-0.0138,0.0335,-24.44,-34,11.81,296.39,-84.02,-173.23
52.431538,-1.527471,172.54,12.16,3,77.93,20 / 21,1621609,2019-09-06 19:47:07:352,-0.803,-1.9,9.616,-0.0708,0.0087,9.8064,0.0657,-0.0312,-0.0268,-24,-33.12,11.19,301,-84.56,-167.65
52.431538,-1.527471,172.54,12.16,3,77.93,20 / 21,1621710,2019-09-06 19:47:07:453,1.089,-0.3682,8.8661,-0.0344,0.0167,9.8066,0.0728,0.0385,-0.0248,-23.44,-33.94,11.13,300.42,-84.68,-168.89
52.431538,-1.527471,172.54,12.16,3,77.93,20 / 21,1621809,2019-09-06 19:47:07:552,-0.3314,-0.4109,9.3223,0.0162,-0.0128,9.8065,0.0555,-0.1311,0.0867,-24.37,-34.5,11.63,302.78,-84.84,-168.17
52.431538,-1.527471,172.54,12.16,3,77.93,20 / 21,1621909,2019-09-06 19:47:07:652,0.723,0.483,9.6058,0.0244,0.0116,9.8065,-0.1319,0.006,-0.0999,-24.62,-33.81,11.25,297.27,-84.92,-170.75
52.431538,-1.527471,172.54,12.16,3,77.93,20 / 21,1622010,2019-09-06 19:47:07:753,-0.6964,1.1962,10.9995,-0.0205,0.004,9.8066,0.1959,-0.0087,0.0116,-23.69,-33.87,11.38,297.4,-85.03,-171.43
52.431538,-1.527471,172.54,12.16,3,77.93,20 / 21,1622110,2019-09-06 19:47:07:853,0.0103,0.7938,11.5207,-0.0407,0.0139,9.8065,0.2341,0.0342,-0.0874,-24.31,-33.81,11.44,295.8,-85.01,-172.94
52.431538,-1.527471,172.54,12.16,3,77.93,20 / 21,1622210,2019-09-06 19:47:07:953,0.3306,-2.0601,11.4946,0.1,-0.0226,9.806,-0.1857,0.0576,-0.037,-24.94,-33.19,12.31,292.01,-84.25,-177.16
52.431538,-1.527471,172.54,12.16,3,77.93,20 / 21,1622309,2019-09-06 19:47:08:052,-0.8264,-0.0947,9.3094,0.0253,-0.0275,9.8065,0.1898,-0.0206,-0.0541,-23.75,-32.94,13.56,297.38,-84.21,-176.63
52.43166,-1.525853,172.3,12.32,2,87.43,19 / 20,1622410,2019-09-06 19:47:08:153,-2.3988,2.1273,8.9077,-0.0404,0.029,9.8064,0.1763,-0.0911,0.1127,-23.56,-32.75,13.75,297.59,-84.21,-176.43
52.43166,-1.525853,172.3,12.32,2,87.43,19 / 20,1622510,2019-09-06 19:47:08:253,-3.655,0.5083,9.743,-0.0106,-0.0111,9.8066,-0.1255,-0.1,0.1119,-23.81,-32.81,12.5,299.23,-84.98,-173.8
52.43166,-1.525853,172.3,12.32,2,87.43,19 / 20,1622609,2019-09-06 19:47:08:352,-1.4283,-0.0222,10.0874,-0.0197,0.0264,9.8065,-0.1296,0.0118,-0.036,-22.56,-33,11.81,298.82,-85.44,-173.56
52.43166,-1.525853,172.3,12.32,2,87.43,19 / 20,1622710,2019-09-06 19:47:08:453,-3.6059,0.7072,9.9492,0.0122,-0.0086,9.8066,0.0722,-0.1104,0.0869,-22.81,-33.25,11.75,298.81,-85.48,-173.62
52.43166,-1.525853,172.3,12.32,2,87.43,19 / 20,1622809,2019-09-06 19:47:08:552,-1.4073,0.9206,9.9701,0.05,-0.0037,9.8065,-0.0134,0.0489,-0.0745,-23.12,-33.25,11.81,296.05,-85.06,-175.75
52.43166,-1.525853,172.3,12.32,2,87.43,19 / 20,1622909,2019-09-06 19:47:08:652,-1.7961,0.7658,9.8817,-0.0433,0.0053,9.8065,0.1537,-0.0681,0.038,-22.69,-33.31,11.25,296.05,-85.05,-173.66
52.43166,-1.525853,172.3,12.32,2,87.43,19 / 20,1623010,2019-09-06 19:47:08:753,-0.5972,-1.5827,9.6224,-0.0673,0.0309,9.8063,0.0288,0.0457,-0.0592,-24.19,-33.37,11.19,294.44,-85.27,-174.71
52.43166,-1.525853,172.3,12.32,2,87.43,19 / 20,1623110,2019-09-06 19:47:08:853,-2.766,-0.6782,9.2923,0.0266,0.0003,9.8066,-0.1955,0.0424,-0.0886,-23.94,-32.94,11.31,295.85,-85.48,-173.6
52.43166,-1.525853,172.3,12.32,2,87.43,19 / 20,1623209,2019-09-06 19:47:08:952,-1.534,-1.0566,8.3402,0.0487,-0.0238,9.8065,-0.0473,-0.0902,0.0648,-23.62,-33.25,11.13,295.8,-85.33,-173.49
52.43166,-1.525853,172.3,12.32,2,87.43,19 / 20,1623310,2019-09-06 19:47:09:053,-0.5725,1.8241,8.8408,-0.066,0.0108,9.8063,-0.1354,0.1101,-0.0316,-24.75,-33.19,11.63,299.43,-85.65,-171.62
52.43166,-1.525853,172.3,12.32,2,87.43,20 / 21,1623409,2019-09-06 19:47:09:152,0.4941,0.2623,10.0717,-0.0088,-0.0022,9.8066,0.0734,0.0446,-0.0337,-24.19,-33.19,11.94,301.91,-85.35,-169.71
52.43166,-1.525853,172.3,12.32,2,87.43,20 / 21,1623509,2019-09-06 19:47:09:252,-1.4882,0.1653,10.8579,-0.0108,0.0046,9.8066,-0.0383,0.0969,0.0504,-24,-32.69,12.25,302.2,-85.37,-169.45
52.43166,-1.525853,172.3,12.32,2,87.43,20 / 21,1623609,2019-09-06 19:47:09:352,0.1205,-2.2981,11.1332,0.0782,-0.0203,9.8063,-0.1644,-0.0732,0.1341,-23.69,-32.69,12.19,302.17,-85.02,-169.1
52.43166,-1.525853,172.3,12.32,2,87.43,20 / 21,1623710,2019-09-06 19:47:09:453,-4.0015,-2.3784,10.098,0.0608,-0.0393,9.8063,0.0204,-0.0553,-0.0575,-23.5,-33.25,11.88,303.7,-85.02,-168.46
52.43166,-1.525853,172.3,12.32,2,87.43,20 / 21,1623810,2019-09-06 19:47:09:553,-2.9678,1.6658,9.2996,-0.0424,0.0096,9.8065,-0.2335,-0.0025,-0.1277,-23.81,-32.94,11.81,304.49,-85.25,-167.16
52.43166,-1.525853,172.3,12.32,2,87.43,20 / 21,1623910,2019-09-06 19:47:09:653,-2.3088,0.6675,9.0204,0.0176,0.0301,9.8066,-0.4275,-0.0449,0.1184,-23.06,-33.75,11.44,299.15,-85.12,-170.62
52.43166,-1.525853,172.3,12.32,2,87.43,20 / 21,1624010,2019-09-06 19:47:09:753,-0.884,-1.2967,9.9923,-0.085,0.0472,9.8062,0.3836,-0.0892,0.097,-23.81,-33.37,11.69,301.12,-84.98,-170.04
52.43166,-1.525853,172.3,12.32,2,87.43,20 / 21,1624110,2019-09-06 19:47:09:853,-0.8266,-2.5464,10.4397,-0.0632,0.0075,9.8064,-0.1661,0.0512,-0.1756,-23.19,-33.31,12,303.55,-85.52,-169.16
52.43166,-1.525853,172.3,12.32,2,87.43,20 / 21,1624210,2019-09-06 19:47:09:953,-0.2568,0.6146,9.2655,0.0269,-0.0126,9.8065,-0.0512,0.1699,-0.0621,-23.37,-33.5,11.5,300.46,-85.44,-172
52.43166,-1.525853,172.3,12.32,2,87.43,20 / 21,1624310,2019-09-06 19:47:10:053,1.8377,3.3042,10.1221,0.0081,0.0102,9.8066,-0.0173,0.0699,-0.1148,-23.12,-33.25,11.69,298.7,-85.53,-173.77
52.43166,-1.525853,172.3,12.32,2,87.43,20 / 21,1624410,2019-09-06 19:47:10:153,1.0264,1.1675,9.669,-0.0017,0.0443,9.8065,0.1676,-0.119,-0.0644,-23.25,-33.5,11.38,295.1,-85.61,-175.24
52.43166,-1.525853,172.3,12.32,2,87.43,20 / 21,1624509,2019-09-06 19:47:10:252,-0.0827,2.6881,11.1127,-0.0012,0.022,9.8066,-0.1019,-0.0283,0.1993,-23.69,-33.06,11.69,295.45,-85.52,-176.06
52.43166,-1.525853,172.3,12.32,2,87.43,20 / 21,1624610,2019-09-06 19:47:10:353,-1.5287,-0.9695,10.7001,0.0553,-0.0094,9.8065,-0.1009,-0.1913,0.1168,-23.75,-33.12,12.31,298.44,-85.69,-173.39
52.43166,-1.525853,172.3,12.32,2,87.43,20 / 21,1624709,2019-09-06 19:47:10:452,-0.3499,-1.2085,9.4251,0.0518,-0.029,9.8065,-0.0852,-0.0164,0.0427,-23.69,-32.81,11.94,298.05,-85.4,-173.44
52.43166,-1.525853,172.3,12.32,2,87.43,20 / 21,1624810,2019-09-06 19:47:10:553,-1.3133,0.0214,9.3505,-0.0293,0.0304,9.8065,0.0021,-0.0676,0.1171,-23.12,-33.25,11.69,295.43,-85.71,-177.12
52.43166,-1.525853,172.3,12.32,2,87.43,20 / 21,1624910,2019-09-06 19:47:10:653,-0.0066,1.355,10.3974,-0.0069,-0.0007,9.8066,-0.0841,-0.1779,0.0699,-23.06,-32.37,11.63,297.78,-85.48,-174.76
52.43166,-1.525853,172.3,12.32,2,87.43,20 / 21,1625010,2019-09-06 19:47:10:753,0.8513,0.5928,10.8888,0.0074,0.0072,9.8066,-0.0269,0.0319,-0.0432,-23.06,-33.62,11.19,295.9,-85.49,-174.17
52.43166,-1.525853,172.3,12.32,2,87.43,20 / 21,1625110,2019-09-06 19:47:10:853,0.6983,1.8515,10.208,-0.0145,-0.0112,9.8066,-0.0962,-0.2058,0.0564,-23.75,-32.94,11.25,297.5,-85.57,-172.13
52.43166,-1.525853,172.3,12.32,2,87.43,20 / 21,1625210,2019-09-06 19:47:10:953,1.2071,-0.8938,9.9071,0.0339,-0.0041,9.8065,-0.0813,0.0279,-0.1358,-23.44,-33.12,11.38,299.34,-85.43,-170.98
52.43166,-1.525853,172.3,12.32,2,87.43,20 / 21,1625309,2019-09-06 19:47:11:052,1.2838,0.0613,9.8592,0.0185,-0.0473,9.8064,0.0672,-0.0037,0.1364,-24,-32.62,11.38,295.83,-85.33,-173.45
52.43166,-1.525853,172.3,12.32,2,87.43,19 / 20,1625410,2019-09-06 19:47:11:153,-0.7042,-0.6832,10.7588,0.0418,-0.0155,9.8064,-0.0516,-0.052,0.0678,-23.87,-32.5,11.5,302.03,-85.1,-169.48
52.43166,-1.525853,172.3,12.32,2,87.43,19 / 20,1625510,2019-09-06 19:47:11:253,-1.4739,1.649,9.5063,-0.0187,0.0257,9.8065,0.035,-0.0188,-0.0679,-24.37,-32,11.88,303.24,-85.28,-168.51
52.43166,-1.525853,172.3,12.32,2,87.43,19 / 20,1625609,2019-09-06 19:47:11:352,-0.7253,-0.0196,9.477,0.0004,-0.0252,9.8066,0.0872,0.0365,-0.0864,-24.31,-32.69,11.75,304.32,-85.23,-167.29
52.43166,-1.525853,172.3,12.32,2,87.43,19 / 20,1625710,2019-09-06 19:47:11:453,-0.697,2.19,9.522,-0.0291,0.0038,9.8066,0.0838,0.0671,0.012,-23.56,-32.25,12.06,305.63,-85.29,-166.27
52.43166,-1.525853,172.3,12.32,2,87.43,19 / 20,1625809,2019-09-06 19:47:11:552,-0.0101,-0.3991,10.6862,-0.0183,-0.0135,9.8066,0.0296,-0.006,0.0573,-23.5,-33.75,12.63,308.67,-85.15,-165.83
52.43166,-1.525853,172.3,12.32,2,87.43,19 / 20,1625909,2019-09-06 19:47:11:652,-1.2423,-0.807,10.5685,0.0499,-0.0218,9.8064,-0.2119,0.1267,-0.0117,-23.37,-33.25,12.63,309.51,-85.07,-165.1
52.43166,-1.525853,172.3,12.32,2,87.43,19 / 20,1626010,2019-09-06 19:47:11:753,0.0931,1.3734,8.7883,0.0359,-0.0091,9.8065,-0.1458,0.0961,-0.0047,-24.12,-33.87,12.31,304.07,-84.82,-166.93
52.43166,-1.525853,172.3,12.32,2,87.43,19 / 20,1626109,2019-09-06 19:47:11:852,0.594,-0.0939,8.9059,-0.0435,-0.0051,9.8065,-0.0592,0.0508,0.0074,-23.94,-33.5,12.31,307.35,-85.02,-164.23
52.43166,-1.525853,172.3,12.32,2,87.43,19 / 20,1626212,2019-09-06 19:47:11:955,0.0736,0.7496,9.5486,-0.0152,0.0116,9.8065,-0.0044,0.2078,-0.0134,-24.06,-33.44,12.38,310.52,-85.18,-161.42
52.43166,-1.525853,172.3,12.32,2,87.43,19 / 20,1626310,2019-09-06 19:47:12:053,1.4751,0.2553,10.6811,0.0156,0.0045,9.8065,0.0957,0.0747,-0.0265,-22.62,-32.81,11.19,310.75,-85.44,-160.24
52.43166,-1.525853,172.3,12.32,2,87.43,20 / 21,1626410,2019-09-06 19:47:12:153,-3.6558,3.8174,9.6006,0.0964,-0.0402,9.8061,-0.2376,0.2349,-0.0807,-23,-33.44,10.38,306,-85.2,-162.28
52.43166,-1.525853,172.3,12.32,2,87.43,20 / 21,1626509,2019-09-06 19:47:12:252,0.4912,1.359,9.0744,-0.0799,0.0555,9.8061,0.4514,0.1052,-0.0645,-22.19,-33.56,10.13,301.52,-85.33,-167.23
52.43166,-1.525853,172.3,12.32,2,87.43,20 / 21,1626610,2019-09-06 19:47:12:353,-0.7172,1.6739,8.9883,-0.0244,0.0077,9.8065,0.2433,0.1727,-0.0033,-22.25,-34,9.81,298.76,-84.63,-168.93
52.43166,-1.525853,172.3,12.32,2,87.43,20 / 21,1626709,2019-09-06 19:47:12:452,-0.175,2.8285,8.855,-0.0094,0.019,9.8066,-0.0918,0.1528,-0.1336,-23.75,-34.37,8.56,293.19,-84.38,-170.38
52.43166,-1.525853,172.3,12.32,2,87.43,20 / 21,1626810,2019-09-06 19:47:12:553,-0.2937,1.3154,9.5249,0.02,0.0189,9.8066,-0.1089,0.1947,-0.0938,-23.87,-34.25,8.69,289.99,-84.55,-173.66
52.43166,-1.525853,172.3,12.32,2,87.43,20 / 21,1626909,2019-09-06 19:47:12:652,-0.4494,1.2056,8.8793,-0.0444,0.031,9.8064,0.0549,0.238,-0.0794,-25.44,-34.69,7.94,285.27,-84.82,-175.73
52.43166,-1.525853,172.3,12.32,2,87.43,20 / 21,1627010,2019-09-06 19:47:12:753,0.1815,1.0844,9.0273,-0.038,0.0231,9.8065,-0.0276,0.1972,-0.0148,-24.81,-33.62,8.56,284.34,-85.31,-179.57
52.43166,-1.525853,172.3,12.32,2,87.43,20 / 21,1627110,2019-09-06 19:47:12:853,-0.2085,1.3614,8.4236,0,0.0135,9.8066,-0.1122,0.2446,-0.0583,-24.87,-34.19,8.19,278.76,-85.54,176.78
52.43166,-1.525853,172.3,12.32,2,87.43,20 / 21,1627210,2019-09-06 19:47:12:953,-1.3604,1.7218,10.4354,0.0564,0.0102,9.8064,-0.1163,0.2638,-0.0986,-24.25,-33.75,7.75,276.04,-85.6,173.53
52.43166,-1.525853,172.3,12.32,2,87.43,20 / 21,1627309,2019-09-06 19:47:13:052,-1.2747,2.3748,10.1896,-0.0318,0.0329,9.8065,0.2512,0.2266,-0.0722,-23.31,-34.81,8.06,269.33,-85.77,166.25
52.43166,-1.525853,172.3,12.32,2,87.43,18 / 19,1627410,2019-09-06 19:47:13:153,0.2628,0.6828,9.9488,-0.0007,-0.001,9.8066,0.2936,0.1571,0.011,-23.37,-35.37,7.75,269.02,-85.17,166.8
52.43166,-1.525853,172.3,12.32,2,87.43,18 / 19,1627510,2019-09-06 19:47:13:253,1.3424,0.2778,10.3007,0.0115,-0.0038,9.8066,0.2301,0.1876,-0.0559,-22.62,-35.06,7.75,269.72,-84.6,168.36
52.43166,-1.525853,172.3,12.32,2,87.43,18 / 19,1627610,2019-09-06 19:47:13:353,1.2514,0.3751,10.2101,0.0602,0.0153,9.8064,-0.1875,0.1918,-0.0998,-22.69,-35.44,7,264.6,-84.04,166.34
52.43166,-1.525853,172.3,12.32,2,87.43,18 / 19,1627709,2019-09-06 19:47:13:452,-1.3803,0.2163,9.391,0.0364,0.0166,9.8065,-0.0828,0.0679,-0.0702,-22.25,-35.5,6.31,259.81,-84.32,163.15
52.43166,-1.525853,172.3,12.32,2,87.43,18 / 19,1627809,2019-09-06 19:47:13:552,-0.6745,0.2217,9.6667,-0.0472,0.0211,9.8064,-0.0775,0.1126,-0.0456,-22.12,-35.06,6.63,259.87,-84.63,160.24
52.43166,-1.525853,172.3,12.32,2,87.43,18 / 19,1627911,2019-09-06 19:47:13:654,-0.4487,-0.6434,9.4901,-0.0111,-0.0009,9.8066,0.2275,0.1256,-0.0113,-21.56,-34.94,6.13,254.99,-84.64,157.67
52.43166,-1.525853,172.3,12.32,2,87.43,18 / 19,1628010,2019-09-06 19:47:13:753,-0.479,0.9658,8.7813,-0.0419,-0.0038,9.8065,0.2163,-0.0064,0.0394,-21.87,-34.94,5.75,255.47,-84.69,158.09
52.43166,-1.525853,172.3,12.32,2,87.43,18 / 19,1628109,2019-09-06 19:47:13:852,0.4276,-1.2135,9.3365,-0.078,0.0332,9.8062,-0.1096,0.0613,-0.0552,-21.5,-35.5,5.56,255.15,-84.7,157.4
52.43166,-1.525853,172.3,12.32,2,87.43,18 / 19,1628210,2019-09-06 19:47:13:953,-0.292,-1.6709,9.7255,0.0111,0.0248,9.8065,-0.1195,-0.0623,0.055,-21.25,-35.87,5.81,250.01,-84.74,152.18
52.43166,-1.525853,172.3,12.32,2,87.43,18 / 19,1628309,2019-09-06 19:47:14:052,-1.369,0.6207,9.3991,-0.0226,0.0189,9.8066,-0.1222,0.0121,-0.0364,-20.94,-36.87,4.81,243.09,-85.18,147.01
52.43166,-1.525853,172.3,12.32,2,87.43,19 / 20,1628410,2019-09-06 19:47:14:153,-1.726,-0.7156,9.7365,-0.0574,0.0001,9.8064,-0.0142,-0.0379,0.03,-21.19,-35.37,5,240.66,-85.75,143.23
52.43166,-1.525853,172.3,12.32,2,87.43,19 / 20,1628509,2019-09-06 19:47:14:252,-1.5561,-2.9801,10.8005,-0.0062,-0.0274,9.8066,0.158,-0.0835,0.0705,-21.75,-37.12,5.44,243.58,-85.74,147
52.43166,-1.525853,172.3,12.32,2,87.43,19 / 20,1628610,2019-09-06 19:47:14:353,-0.0021,-2.4194,10.04,0.0184,-0.0138,9.8065,0.1603,-0.1064,0.03,-21.81,-35.5,5.94,253.12,-85.55,154.38
52.43166,-1.525853,172.3,12.32,2,87.43,19 / 20,1628710,2019-09-06 19:47:14:453,-1.3681,-3.3079,10.207,0.0334,-0.0329,9.8065,0.1047,-0.2044,0.0434,-22.44,-35.56,6.75,259.53,-85.26,159.16
52.43166,-1.525853,172.3,12.32,2,87.43,19 / 20,1628810,2019-09-06 19:47:14:553,0.6937,-3.0549,8.6077,0.0054,-0.0154,9.8066,-0.0334,-0.2402,0.1082,-22.12,-35.75,7.38,261.63,-85.14,161.49
52.43166,-1.525853,172.3,12.32,2,87.43,19 / 20,1628910,2019-09-06 19:47:14:653,-1.3682,-2.4936,10.2112,0.0197,-0.0331,9.8065,0.1355,-0.2814,-0.0572,-22.31,-34.81,8.06,268.87,-85.23,166.05
52.43166,-1.525853,172.3,12.32,2,87.43,19 / 20,1629009,2019-09-06 19:47:14:752,0.5903,-3.3067,10.0633,-0.0194,0.0045,9.8065,0.0183,-0.2749,-0.0577,-22.44,-35.75,8.19,268.97,-85.63,165.72
52.43166,-1.525853,172.3,12.32,2,87.43,19 / 20,1629109,2019-09-06 19:47:14:852,-1.0099,-2.1428,9.6166,0.0056,0.0078,9.8066,-0.0421,-0.2643,-0.0108,-21.81,-35,8.44,265.7,-85.75,162.07
52.43166,-1.525853,172.3,12.32,2,87.43,19 / 20,1629209,2019-09-06 19:47:14:952,-0.1885,-2.8167,10.0796,0.0175,0.0037,9.8066,-0.0543,-0.3024,-0.0046,-22.69,-35,9.19,266.31,-85.69,161.05
52.43166,-1.525853,172.3,12.32,2,87.43,19 / 20,1629310,2019-09-06 19:47:15:053,-0.6031,-2.812,9.7777,0.0217,-0.0014,9.8066,0.0315,-0.3007,0.028,-21.75,-34.69,9.38,266.14,-85.7,160.22
52.43166,-1.525853,172.3,12.32,2,87.43,18 / 19,1629410,2019-09-06 19:47:15:153,-0.317,-2.8153,10.0118,-0.0066,-0.0011,9.8066,0.0353,-0.3174,0.0317,-22.75,-33.81,9.94,267.95,-85.76,160.21
52.43166,-1.525853,172.3,12.32,2,87.43,18 / 19,1629510,2019-09-06 19:47:15:253,-0.1322,-1.9854,9.6587,-0.0138,-0.0032,9.8066,-0.0333,-0.328,0.0859,-22.31,-34.31,10.81,272.31,-85.8,161.57
52.43166,-1.525853,172.3,12.32,2,87.43,18 / 19,1629609,2019-09-06 19:47:15:352,0.7917,-3.6305,9.2574,-0.0035,-0.027,9.8065,-0.0643,-0.2831,0.1061,-22.69,-34.06,11.31,276.51,-85.89,166.43
52.43166,-1.525853,172.3,12.32,2,87.43,18 / 19,1629710,2019-09-06 19:47:15:453,-0.6318,-2.3562,10.6167,0.0295,-0.0494,9.8064,-0.163,-0.3037,-0.0101,-22.5,-34.69,11.94,284.44,-85.97,171.34
52.43166,-1.525853,172.3,12.32,2,87.43,18 / 19,1629809,2019-09-06 19:47:15:552,-1.4219,-2.8508,9.8753,-0.0282,-0.0129,9.8065,-0.0441,-0.3488,0.1339,-22.37,-34.19,11.75,285.59,-86.23,171.94
52.43166,-1.525853,172.3,12.32,2,87.43,18 / 19,1629909,2019-09-06 19:47:15:652,-1.1187,-2.1071,9.7656,-0.0463,0.0018,9.8065,-0.0782,-0.3787,0.0644,-23,-34.37,12.88,293.03,-86.51,177.74
52.43166,-1.525853,172.3,12.32,2,87.43,18 / 19,1630010,2019-09-06 19:47:15:753,-2.6063,-3.0614,9.5074,0.0442,-0.0432,9.8064,-0.0712,-0.4414,-0.0001,-22.31,-34.37,12.94,298.54,-86.37,-177.75
52.43166,-1.525853,172.3,12.32,2,87.43,18 / 19,1630110,2019-09-06 19:47:15:853,-0.0416,-2.3854,9.6886,0.0246,-0.0054,9.8066,0.002,-0.3506,-0.0071,-22.81,-34.06,13.88,299.76,-86.56,-177.75
52.43166,-1.525853,172.3,12.32,2,87.43,18 / 19,1630209,2019-09-06 19:47:15:952,0.3659,-2.4531,9.4228,-0.0382,0.0283,9.8065,-0.0581,-0.3172,0.0353,-22.37,-34.12,15.13,302.3,-87.05,-178.76
52.43166,-1.525853,172.3,12.32,2,87.43,18 / 19,1630310,2019-09-06 19:47:16:053,0.1277,-2.0734,9.8207,-0.0329,0.0119,9.8066,-0.0124,-0.2909,0.0189,-22.75,-33.81,14.56,302.87,-87.24,-177.34
52.43166,-1.525853,172.3,12.32,2,87.43,20 / 21,1630410,2019-09-06 19:47:16:153,0.9323,-2.8262,9.6582,0.0106,-0.0101,9.8066,-0.0048,-0.2101,0.0049,-22.12,-33.75,15.19,305.89,-87.37,-175.64
52.43166,-1.525853,172.3,12.32,2,87.43,20 / 21,1630509,2019-09-06 19:47:16:252,0.1539,-2.4287,9.3406,0.0075,-0.0184,9.8065,-0.0282,-0.1808,0.0283,-22.12,-33.75,15.94,309.18,-87.3,-174.2
52.43166,-1.525853,172.3,12.32,2,87.43,20 / 21,1630610,2019-09-06 19:47:16:353,-0.1002,-2.635,9.6667,-0.0025,-0.019,9.8066,-0.0675,-0.248,0.0924,-22.44,-33.87,16.06,314.15,-87.27,-169.4
52.43166,-1.525853,172.3,12.32,2,87.43,20 / 21,1630710,2019-09-06 19:47:16:453,0.9802,-2.7363,9.597,-0.0138,-0.0159,9.8065,-0.072,-0.1726,0.0529,-22.31,-33.37,16.38,320.28,-87.26,-163.59
52.43166,-1.525853,172.3,12.32,2,87.43,20 / 21,1630810,2019-09-06 19:47:16:553,0.5921,-2.1869,10.1118,-0.0092,-0.0258,9.8066,-0.1028,-0.1355,0.0406,-22.56,-33.5,16.94,329.18,-87.19,-155.6
52.43166,-1.525853,172.3,12.32,2,87.43,20 / 21,1630909,2019-09-06 19:47:16:652,0.1947,-2.4946,10.7014,0.001,-0.0334,9.8066,0.0863,-0.1573,0.0344,-22.5,-33.81,17.13,335.16,-87.01,-150.97
52.43166,-1.525853,172.3,12.32,2,87.43,20 / 21,1631009,2019-09-06 19:47:16:752,0.216,-1.6216,9.9718,-0.0056,-0.0096,9.8066,0.0994,-0.1159,-0.0263,-23,-33.19,17.56,336.93,-86.69,-149.62
52.43166,-1.525853,172.3,12.32,2,87.43,20 / 21,1631110,2019-09-06 19:47:16:853,1.9545,-2.764,10.0104,0,0.0001,9.8066,-0.0553,-0.1309,0.009,-22.25,-32.94,19,338.63,-86.49,-150.69
52.43166,-1.525853,172.3,12.32,2,87.43,20 / 21,1631209,2019-09-06 19:47:16:952,0.8223,-1.2281,9.949,0.0196,-0.0149,9.8065,-0.0233,-0.0386,-0.0159,-22.25,-33.31,18.81,335.51,-86.09,-153.42
52.43166,-1.525853,172.3,12.32,2,87.43,20 / 21,1631310,2019-09-06 19:47:17:053,0.6476,-1.7688,9.7652,0.0213,-0.0074,9.8066,0.0506,-0.0756,-0.0462,-22,-32.94,19,332.79,-86.07,-155.94
52.431698,-1.524675,172.15,9.25,3,108.33,20 / 21,1631409,2019-09-06 19:47:17:152,1.3743,-0.5751,9.6819,0.0051,0.0043,9.8066,0.0694,-0.0317,-0.0107,-22.12,-32.75,19.13,330.98,-86.06,-157.61
52.431698,-1.524675,172.15,9.25,3,108.33,20 / 21,1631510,2019-09-06 19:47:17:253,0.5827,-0.9323,9.3262,-0.0067,0.0024,9.8066,-0.0399,-0.0255,0.0275,-21.62,-33.06,19.63,331.86,-86.01,-158.27
52.431698,-1.524675,172.15,9.25,3,108.33,20 / 21,1631610,2019-09-06 19:47:17:353,0.3993,-0.7991,9.4355,-0.0138,-0.0206,9.8066,-0.1031,-0.0549,0.0488,-21.44,-32.75,19.38,334.89,-85.97,-155.2
52.431698,-1.524675,172.15,9.25,3,108.33,20 / 21,1631710,2019-09-06 19:47:17:453,0.8252,-2.3654,10.2287,0.0144,0.0259,9.8065,0.1946,0.0254,-0.1297,-22.19,-32.94,19.25,333.59,-85.97,-155.13
52.431698,-1.524675,172.15,9.25,3,108.33,20 / 21,1631809,2019-09-06 19:47:17:552,0.8755,-1.0398,11.0004,0.0295,0.0156,9.8065,0.1318,-0.0993,0.0354,-21.44,-32.44,19.56,327.04,-86.08,-164.14
52.431698,-1.524675,172.15,9.25,3,108.33,20 / 21,1631909,2019-09-06 19:47:17:652,1.3713,-1.4554,10.9064,0.0103,-0.0216,9.8066,0.0023,0.0982,-0.0892,-21.5,-33.25,19.5,326.07,-85.77,-164.77
52.431698,-1.524675,172.15,9.25,3,108.33,20 / 21,1632009,2019-09-06 19:47:17:752,1.1016,-0.6365,9.6788,0.0562,-0.0133,9.8064,0.0343,0.0627,-0.0004,-20.37,-33.12,20.19,323.73,-85.69,-168.22
52.431698,-1.524675,172.15,9.25,3,108.33,20 / 21,1632110,2019-09-06 19:47:17:853,1.8849,-0.8814,9.1739,0.0154,-0.0008,9.8066,-0.1219,-0.0174,0.0223,-21,-33.5,19.63,316.42,-85.38,-173.47
52.431698,-1.524675,172.15,9.25,3,108.33,20 / 21,1632210,2019-09-06 19:47:17:953,1.3606,-0.951,9.7401,-0.0124,-0.0015,9.8066,-0.0904,0.0461,-0.0187,-21.19,-33.12,19.5,317.33,-85.7,-172.87
52.431698,-1.524675,172.15,9.25,3,108.33,20 / 21,1632310,2019-09-06 19:47:18:053,0.2126,-0.3747,9.7409,-0.0173,0.0093,9.8066,0.0831,0.009,-0.0029,-21.31,-33.62,19.63,318.02,-85.87,-172.27
52.431698,-1.524675,172.15,9.25,3,108.33,20 / 21,1632410,2019-09-06 19:47:18:153,1.1141,-1.183,9.4164,0.0076,-0.0111,9.8066,-0.005,0.016,-0.007,-21.06,-33.56,19.81,319.3,-85.99,-171.16
52.431698,-1.524675,172.15,9.25,3,108.33,20 / 21,1632509,2019-09-06 19:47:18:252,1.2577,-1.2599,9.1594,0.0063,-0.0021,9.8066,-0.0548,0.0164,0.0399,-20.87,-33.37,19.5,319.16,-85.96,-171.37
52.431698,-1.524675,172.15,9.25,3,108.33,20 / 21,1632610,2019-09-06 19:47:18:353,0.9412,-0.9114,10.0714,-0.0084,-0.0003,9.8066,-0.0304,-0.0082,0.0191,-21.62,-33.44,19.5,319.94,-85.98,-169.39
52.431698,-1.524675,172.15,9.25,3,108.33,20 / 21,1632709,2019-09-06 19:47:18:452,0.5116,-0.8405,9.845,-0.0204,0.0063,9.8066,-0.0367,-0.005,0.0001,-21.12,-32.81,18.75,321.22,-86.08,-167.99
52.431698,-1.524675,172.15,9.25,3,108.33,20 / 21,1632810,2019-09-06 19:47:18:553,0.5458,-0.3451,9.4901,0.0027,-0.0106,9.8066,-0.0786,0.0228,-0.0285,-21.25,-33.81,19.31,323.3,-86.16,-166.02
52.431698,-1.524675,172.15,9.25,3,108.33,20 / 21,1632910,2019-09-06 19:47:18:653,0.5074,-0.5987,9.7518,-0.0171,0.0094,9.8066,-0.0475,0.0174,0.047,-21.31,-33.87,18.69,325.06,-86.34,-164.51
52.431698,-1.524675,172.15,9.25,3,108.33,20 / 21,1633010,2019-09-06 19:47:18:753,1.5513,-1.3214,9.2687,0.0166,-0.0191,9.8066,-0.0683,0.0388,0.0576,-21.31,-33.69,19.25,326.4,-86.4,-163.29
52.431698,-1.524675,172.15,9.25,3,108.33,20 / 21,1633109,2019-09-06 19:47:18:852,0.4521,-0.6443,9.4052,0.0221,-0.0337,9.8065,0.0626,-0.0303,-0.0748,-21.06,-34.37,18.56,327.73,-86.22,-161.93
52.431698,-1.524675,172.15,9.25,3,108.33,20 / 21,1633210,2019-09-06 19:47:18:953,0.7252,-0.1473,10.1363,-0.0332,0.0236,9.8065,0.0623,-0.0012,-0.0047,-20.69,-34.62,18.81,328.96,-86.4,-160.83
52.431698,-1.524675,172.15,9.25,3,108.33,20 / 21,1633310,2019-09-06 19:47:19:053,0.6787,-0.583,9.5763,-0.0308,0.0197,9.8065,-0.0389,0.0322,-0.0058,-21.69,-34.56,19.06,327.82,-86.38,-160.62
52.431698,-1.524675,172.15,9.25,3,108.33,21 / 21,1633409,2019-09-06 19:47:19:152,0.3724,-0.4014,9.7872,0.0143,-0.0101,9.8066,-0.0279,-0.0426,0.027,-21,-34.37,19,328.6,-86.31,-161.18
52.431698,-1.524675,172.15,9.25,3,108.33,21 / 21,1633509,2019-09-06 19:47:19:252,0.1341,-0.9075,9.3254,0.0075,0.0023,9.8066,-0.0421,-0.0235,-0.0107,-21.31,-34,19.06,329.14,-86.46,-160.77
52.431698,-1.524675,172.15,9.25,3,108.33,21 / 21,1633610,2019-09-06 19:47:19:353,-2.4916,1.2195,9.7602,0.0371,0.0049,9.8065,-0.3093,-0.0402,0.0003,-21.12,-33.75,19.13,326.57,-86.76,-163.39
52.431698,-1.524675,172.15,9.25,3,108.33,21 / 21,1633709,2019-09-06 19:47:19:452,-1.013,-0.1075,9.378,0.0555,-0.0234,9.8064,0.3454,0.0795,-0.022,-21,-34,18.81,319.53,-86.62,-169.92
52.431698,-1.524675,172.15,9.25,3,108.33,21 / 21,1633809,2019-09-06 19:47:19:552,2.2836,-0.4683,10.3935,-0.0582,0.0511,9.8063,0.3158,-0.0046,-0.0081,-21,-34,18.25,318.43,-86.78,-169.5
52.431698,-1.524675,172.15,9.25,3,108.33,21 / 21,1633909,2019-09-06 19:47:19:652,-0.0127,-1.9533,10.2606,-0.0636,0.0348,9.8063,-0.1193,0.1372,-0.066,-20.81,-33.75,18.75,321.83,-86.6,-167.74
52.431698,-1.524675,172.15,9.25,3,108.33,21 / 21,1634009,2019-09-06 19:47:19:752,0.224,-0.1391,10.483,0.0323,-0.043,9.8065,-0.1127,0.0228,0.0254,-21.19,-33.56,18.44,321.34,-86.08,-166.18
52.431698,-1.524675,172.15,9.25,3,108.33,21 / 21,1634110,2019-09-06 19:47:19:853,-0.1307,-0.2924,9.8486,0.0033,-0.0208,9.8066,-0.0231,0.0687,0.0851,-21.69,-33.81,18.19,323.22,-86.21,-163.3
52.431698,-1.524675,172.15,9.25,3,108.33,21 / 21,1634210,2019-09-06 19:47:19:953,-0.0107,0.6395,10.1485,0.0107,-0.0402,9.8065,-0.0702,0.0743,0.0191,-21.44,-33.62,18.19,326.41,-86.36,-161.66
52.431698,-1.524675,172.15,9.25,3,108.33,21 / 21,1634309,2019-09-06 19:47:20:052,0.8219,0.5265,9.6706,0.0054,-0.0244,9.8066,0.0762,0.0063,0.1105,-21.94,-33.31,17.88,328.45,-85.97,-158.33
52.431698,-1.524675,172.15,9.25,3,108.33,19 / 20,1634410,2019-09-06 19:47:20:153,1.6497,-1.2529,9.3479,-0.0141,-0.0102,9.8066,0.0144,0.0291,-0.0065,-22,-32.94,17.63,332.32,-85.9,-154.7
52.431698,-1.524675,172.15,9.25,3,108.33,19 / 20,1634509,2019-09-06 19:47:20:252,0.5081,0.4047,9.5944,-0.0158,0.0036,9.8066,0.0231,0.0184,0.0708,-21.87,-33.06,17.44,333.54,-86,-151.98
52.431698,-1.524675,172.15,9.25,3,108.33,19 / 20,1634610,2019-09-06 19:47:20:353,0.1441,0.6287,9.9042,-0.0319,0.0147,9.8065,0.0399,0.0594,-0.012,-22.25,-33.62,17.5,341.18,-86.22,-146.61
52.431698,-1.524675,172.15,9.25,3,108.33,19 / 20,1634709,2019-09-06 19:47:20:452,0.6202,-0.2044,9.7998,-0.0177,0.0031,9.8066,-0.025,0.0563,0.0087,-22.25,-33.31,17.63,342.42,-86.18,-145.5
52.431698,-1.524675,172.15,9.25,3,108.33,19 / 20,1634809,2019-09-06 19:47:20:552,0.0596,0.404,9.8929,0.0158,-0.0154,9.8066,-0.0458,0.0364,0.0415,-22.69,-33.25,17.56,340.84,-86.1,-145.72
52.431698,-1.524675,172.15,9.25,3,108.33,19 / 20,1634909,2019-09-06 19:47:20:652,0.8039,-0.0264,10.1797,0.0113,-0.0251,9.8066,0.0604,0.0585,0.0025,-23.37,-33.12,17.69,340.49,-85.8,-145.92
52.431698,-1.524675,172.15,9.25,3,108.33,19 / 20,1635009,2019-09-06 19:47:20:752,1.3218,-1.05,10.2343,-0.0135,0.0004,9.8066,0.1069,-0.0093,0.0236,-23,-33.19,17,340.08,-85.75,-144.67
52.431698,-1.524675,172.15,9.25,3,108.33,19 / 20,1635110,2019-09-06 19:47:20:853,1.3091,-0.611,9.4792,-0.0172,0.0064,9.8066,-0.1225,0.0895,0.0444,-23,-33.25,17.25,340.17,-85.62,-144.53
52.431698,-1.524675,172.15,9.25,3,108.33,19 / 20,1635210,2019-09-06 19:47:20:953,0.2932,0.3641,9.466,0.0087,-0.033,9.8066,-0.1479,0.0655,0.0142,-23.31,-33.56,17.06,340.18,-85.35,-144.36
52.431698,-1.524675,172.15,9.25,3,108.33,19 / 20,1635309,2019-09-06 19:47:21:052,0.7647,-0.4003,10.5304,0.0046,-0.006,9.8066,0.166,0.0139,0.0172,-23.06,-33.06,16.81,340.99,-85.32,-143.67
52.431698,-1.524675,172.15,9.25,3,108.33,19 / 20,1635410,2019-09-06 19:47:21:153,0.6409,0.4252,9.0294,-0.0177,0.0199,9.8065,0.1138,0.0295,-0.0057,-23.12,-32.94,16.88,340.4,-85.21,-144.15
52.431698,-1.524675,172.15,9.25,3,108.33,19 / 20,1635509,2019-09-06 19:47:21:252,-0.0797,0.8549,10.1543,0.0084,-0.0272,9.8066,-0.0194,0.0461,0.0216,-23.25,-33,17.06,340.87,-85.1,-143.68
52.431698,-1.524675,172.15,9.25,3,108.33,19 / 20,1635610,2019-09-06 19:47:21:353,0.371,-1.0036,10.3212,-0.0226,0.0041,9.8066,0.012,-0.0172,0.0386,-23,-32.81,16.88,342.12,-85.17,-142.58
52.431698,-1.524675,172.15,9.25,3,108.33,19 / 20,1635710,2019-09-06 19:47:21:453,1.1488,1.2704,9.8787,-0.0206,0.0091,9.8066,-0.0419,-0.0261,0.1126,-23.25,-32.81,16.75,343.18,-84.99,-141.55
52.431698,-1.524675,172.15,9.25,3,108.33,19 / 20,1635810,2019-09-06 19:47:21:553,1.3064,0.1542,9.2762,0.0066,-0.0318,9.8066,-0.1221,0.1536,-0.0136,-23,-33,16.94,342.91,-84.73,-141.71
52.431698,-1.524675,172.15,9.25,3,108.33,19 / 20,1635910,2019-09-06 19:47:21:653,-0.1284,0.9806,9.2732,0.0202,-0.015,9.8066,0.1155,0.0374,0.0653,-24.25,-32.69,16.31,340.23,-84.62,-141.3
52.431698,-1.524675,172.15,9.25,3,108.33,19 / 20,1636010,2019-09-06 19:47:21:753,0.0987,-0.9176,10.3047,-0.0228,0.0017,9.8066,0.0268,-0.0167,-0.0108,-23.62,-32.56,16.56,345.15,-84.52,-138.53
52.431698,-1.524675,172.15,9.25,3,108.33,19 / 20,1636110,2019-09-06 19:47:21:853,0.1543,-0.2952,10.3167,-0.0066,0.0076,9.8065,-0.014,-0.0378,-0.034,-23.75,-32,16.44,345.04,-84.6,-137.04
52.431698,-1.524675,172.15,9.25,3,108.33,19 / 20,1636210,2019-09-06 19:47:21:953,0.3522,-1.0893,10.0675,0.0224,0.0044,9.8066,0.0067,0.0058,-0.0112,-24,-32.12,17,343.84,-84.58,-139.76
52.431698,-1.524675,172.15,9.25,3,108.33,19 / 20,1636310,2019-09-06 19:47:22:053,0.2534,-1.1182,10.4589,0.0245,-0.0057,9.8066,0.0511,-0.0406,0.0045,-23.94,-32.06,16.5,341.15,-84.52,-142.15
52.431698,-1.524675,172.15,9.25,3,108.33,20 / 21,1636410,2019-09-06 19:47:22:153,0.2123,-0.4898,9.77,0.0031,0.0168,9.8066,0.0602,-0.0383,0.0179,-23.5,-31.37,16.31,338.1,-84.46,-144.34
52.431698,-1.524675,172.15,9.25,3,108.33,20 / 21,1636509,2019-09-06 19:47:22:252,-0.1153,-1.0071,10.3556,0.001,-0.0007,9.8066,-0.0699,0.0466,-0.0824,-23.25,-32.69,17.13,337.82,-84.42,-146.12
52.431698,-1.524675,172.15,9.25,3,108.33,20 / 21,1636610,2019-09-06 19:47:22:353,-0.1126,-0.6361,9.7221,0.0031,0.0096,9.8066,-0.0001,-0.0633,-0.0109,-23,-32.81,17.25,335.54,-84.56,-148.23
52.431698,-1.524675,172.15,9.25,3,108.33,20 / 21,1636709,2019-09-06 19:47:22:452,-0.0596,-0.0374,9.697,-0.0017,0.0127,9.8066,-0.0084,0.0249,-0.0484,-23.19,-32.5,17,334.79,-84.59,-149
52.431698,-1.524675,172.15,9.25,3,108.33,20 / 21,1636810,2019-09-06 19:47:22:553,0.8422,0.4058,9.9459,0.0075,0.0057,9.8066,-0.0161,-0.0384,-0.0317,-23.12,-33.62,16.75,332.85,-84.76,-150.68
52.431698,-1.524675,172.15,9.25,3,108.33,20 / 21,1636909,2019-09-06 19:47:22:652,0.1174,0.0845,9.567,0.0018,0.0144,9.8066,-0.0491,-0.006,0.0555,-22.37,-33.25,16.88,333.31,-84.81,-151.53
52.431698,-1.524675,172.15,9.25,3,108.33,20 / 21,1637010,2019-09-06 19:47:22:753,1.2616,0.9005,9.7452,0.0179,-0.0065,9.8065,-0.071,0.0438,-0.0605,-22.69,-33.25,16.31,328.15,-84.89,-153.39
52.431698,-1.524675,172.15,9.25,3,108.33,20 / 21,1637110,2019-09-06 19:47:22:853,-1.0672,-0.1494,9.8408,0.0092,0.0023,9.8066,-0.0079,0.0143,-0.0343,-22.31,-33.06,16.44,327.68,-84.8,-154.87
52.431698,-1.524675,172.15,9.25,3,108.33,20 / 21,1637209,2019-09-06 19:47:22:952,0.2926,-0.3341,9.5678,0.012,0.0038,9.8066,-0.029,-0.0235,0.0091,-22.56,-33.19,16.63,326.37,-84.78,-156.66
52.431698,-1.524675,172.15,9.25,3,108.33,20 / 21,1637309,2019-09-06 19:47:23:052,-0.5708,-0.3029,9.5948,0.007,0.0026,9.8066,-0.0024,0.0907,-0.0664,-22.44,-33.5,16.88,328,-84.96,-156.42
52.431698,-1.524675,172.15,9.25,3,108.33,19 / 21,1637410,2019-09-06 19:47:23:153,-0.421,0.5301,10.0323,-0.0083,-0.0135,9.8066,0.1183,-0.0086,0.0682,-22.44,-33.37,16.81,329.26,-84.99,-155.3
52.431698,-1.524675,172.15,9.25,3,108.33,19 / 21,1637510,2019-09-06 19:47:23:253,0.1609,-0.1938,9.2665,0.0015,0.0273,9.8066,-0.1357,0.0528,-0.084,-22.25,-33.31,15.94,325.04,-85.19,-157.54
52.431698,-1.524675,172.15,9.25,3,108.33,19 / 21,1637609,2019-09-06 19:47:23:352,0.9023,0.8303,9.1004,0.0149,-0.0071,9.8066,-0.0341,0.0242,0.0191,-23.19,-32.56,15.69,322.53,-85.12,-158.7
52.431698,-1.524675,172.15,9.25,3,108.33,19 / 21,1637709,2019-09-06 19:47:23:452,-0.5042,-0.4238,10.2738,-0.0239,0.0216,9.8066,0.0388,0.0348,-0.085,-23.25,-32.12,15.38,321.14,-85.02,-158.22
52.431698,-1.524675,172.15,9.25,3,108.33,19 / 21,1637810,2019-09-06 19:47:23:553,-0.3264,0.9772,10.009,0.0085,0.0321,9.8065,-0.0995,0.0713,-0.0783,-23.19,-32.94,15.44,317.33,-85.22,-161.78
52.431698,-1.524675,172.15,9.25,3,108.33,19 / 21,1637910,2019-09-06 19:47:23:653,0.8353,0.2092,9.8719,-0.0348,0.0584,9.8063,0.1799,0.0015,-0.1162,-23.69,-33.69,16.81,313.5,-85.46,-167.91
52.431698,-1.524675,172.15,9.25,3,108.33,19 / 21,1638009,2019-09-06 19:47:23:752,0.722,-0.8329,10.7488,-0.0368,0.0617,9.8063,0.1629,0.1048,-0.1816,-21.75,-34.25,16.75,309.76,-85.5,-173.61
52.431698,-1.524675,172.15,9.25,3,108.33,19 / 21,1638110,2019-09-06 19:47:23:853,0.624,0.2481,9.72,0.0671,-0.002,9.8064,-0.2181,0.1464,-0.1467,-21.12,-34.12,15.63,301.36,-85.41,179.2
52.431698,-1.524675,172.15,9.25,3,108.33,19 / 21,1638209,2019-09-06 19:47:23:952,0.9867,0.164,9.6501,0.059,0.0046,9.8064,-0.0627,0.1398,-0.015,-20.87,-34.12,16.13,294.67,-85.46,172.76
52.431698,-1.524675,172.15,9.25,3,108.33,19 / 21,1638310,2019-09-06 19:47:24:053,-1.2644,-0.6568,9.7965,-0.025,0.0262,9.8065,-0.0925,-0.1304,0.0507,-20.56,-34.69,15.63,291.76,-85.27,170.37
52.431698,-1.524675,172.15,9.25,3,108.33,20 / 21,1638410,2019-09-06 19:47:24:153,0.1476,0.9396,10.1142,-0.0092,0.0177,9.8066,0.1597,0.0461,0.0808,-20.44,-34.06,16.56,295.29,-85.22,170.62
52.431698,-1.524675,172.15,9.25,3,108.33,20 / 21,1638509,2019-09-06 19:47:24:252,1.2268,-1.3728,9.7719,-0.0381,0.0086,9.8065,-0.315,0.0503,-0.038,-20.69,-34.06,15.94,293.18,-85.26,171.58
52.431698,-1.524675,172.15,9.25,3,108.33,20 / 21,1638610,2019-09-06 19:47:24:353,1.2853,-1.4197,9.3138,0.029,-0.0244,9.8065,-0.1884,0.0482,-0.0612,-20.81,-34.25,15.06,293.16,-85.29,173.42
52.431698,-1.524675,172.15,9.25,3,108.33,20 / 21,1638709,2019-09-06 19:47:24:452,0.3164,0.913,9.334,0.0181,-0.0094,9.8065,0.0912,-0.0177,0.0034,-21,-33.12,15.13,293.23,-85.24,173.37
52.431698,-1.524675,172.15,9.25,3,108.33,20 / 21,1638810,2019-09-06 19:47:24:553,0.1933,0.1657,9.9902,0.0109,0.0037,9.8066,-0.031,0.0687,-0.0658,-21,-34,14.56,292.04,-85.34,172.28
52.431698,-1.524675,172.15,9.25,3,108.33,20 / 21,1638909,2019-09-06 19:47:24:652,0.7442,0.429,9.9516,-0.0063,0.0019,9.8066,-0.0576,0.0254,0.0571,-21.94,-33.37,14.38,287.84,-85.43,170.94
52.431698,-1.524675,172.15,9.25,3,108.33,20 / 21,1639009,2019-09-06 19:47:24:752,-1.3436,1.4602,9.9103,0.0101,-0.0106,9.8066,-0.0767,0.0749,-0.0037,-22.56,-34.31,15.44,289.45,-85.38,171.8
52.431698,-1.524675,172.15,9.25,3,108.33,20 / 21,1639109,2019-09-06 19:47:24:852,0.2348,0.9375,10.0974,-0.0027,-0.007,9.8066,0.0416,0.0068,0.0505,-22.31,-34.06,16,293.38,-85.41,172.71
52.431698,-1.524675,172.15,9.25,3,108.33,20 / 21,1639210,2019-09-06 19:47:24:953,0.4708,0.3165,10.1848,0.0144,-0.0136,9.8065,-0.068,-0.0314,0.0146,-21.81,-33.62,15.88,293.51,-85.38,172.87
52.431698,-1.524675,172.15,9.25,3,108.33,20 / 21,1639309,2019-09-06 19:47:25:052,0.8404,0.3237,8.7625,0.0212,-0.01,9.8066,0.0597,0.0242,0.0736,-22.19,-33.94,15.81,294.55,-85.17,174.11
52.431698,-1.524675,172.15,9.25,3,108.33,20 / 21,1639410,2019-09-06 19:47:25:153,0.5045,-0.6621,9.5209,-0.0124,0.0076,9.8066,-0.0233,0.035,0.0681,-21.19,-34.5,15.13,294.97,-85.34,175.09
52.431698,-1.524675,172.15,9.25,3,108.33,20 / 21,1639510,2019-09-06 19:47:25:253,0.9872,0.5139,8.3069,-0.0428,0.0248,9.8065,-0.0013,-0.0447,-0.0247,-21,-34.25,15.06,294.47,-85.48,174.43
52.431698,-1.524675,172.15,9.25,3,108.33,20 / 21,1639609,2019-09-06 19:47:25:352,0.7606,0.7871,7.413,-0.0587,0.0616,9.8062,-0.1796,0.0939,-0.0554,-21.56,-35.06,13.75,288.69,-85.88,171.52
52.431698,-1.524675,172.15,9.25,3,108.33,20 / 21,1639709,2019-09-06 19:47:25:452,-1.6702,1.1417,9.2787,0.0333,-0.0252,9.8066,0.2959,0.0919,-0.0327,-21.87,-34.69,14.25,287.21,-85.67,170.36
52.431698,-1.524675,172.15,9.25,3,108.33,20 / 21,1639810,2019-09-06 19:47:25:553,-0.576,0.5954,9.1478,-0.0457,0.0448,9.8064,0.0351,0.0546,0.0455,-21.87,-34,13.63,287.19,-85.64,170.22
52.431698,-1.524675,172.15,9.25,3,108.33,20 / 21,1639909,2019-09-06 19:47:25:652,0.6294,0.7587,9.4577,0.003,0.0023,9.8066,-0.0894,-0.0082,-0.0836,-23.5,-33.87,13.75,283.11,-85.86,166.92
52.431698,-1.524675,172.15,9.25,3,108.33,20 / 21,1640010,2019-09-06 19:47:25:753,0.1787,0.4238,10.1337,-0.0035,0.0132,9.8066,-0.0799,0.0539,-0.0655,-22.69,-34.12,14.19,280.56,-85.87,164.39
52.431698,-1.524675,172.15,9.25,3,108.33,20 / 21,1640109,2019-09-06 19:47:25:852,1.0445,0.815,10.4744,0.0154,-0.0103,9.8066,0.1404,-0.0194,0.0661,-21.62,-34.06,14.5,280.98,-85.76,162.05
52.431698,-1.524675,172.15,9.25,3,108.33,20 / 21,1640209,2019-09-06 19:47:25:952,0.1477,0.1345,10.0102,0.0036,-0.0142,9.8065,0.1002,0.0442,-0.0547,-21.81,-34.12,14.69,284.43,-85.6,165.64
52.431698,-1.524675,172.15,9.25,3,108.33,20 / 21,1640310,2019-09-06 19:47:26:053,0.7342,0.3294,9.5995,-0.0085,0.0111,9.8066,0.1231,-0.0238,0.0454,-21.62,-34.37,14.31,282.42,-85.51,165.72
52.431458,-1.523229,171.32,11.96,2,97.86,20 / 21,1640410,2019-09-06 19:47:26:153,0.0873,-0.3104,9.282,-0.0349,0.0057,9.8066,-0.096,-0.0136,0.0171,-21.44,-34.81,14,283.95,-85.54,166.32
52.431458,-1.523229,171.32,11.96,2,97.86,20 / 21,1640511,2019-09-06 19:47:26:254,-0.3948,1.1988,9.1095,-0.0232,0.0258,9.8065,-0.0821,0.0298,-0.0203,-21.5,-34.87,13.56,283.5,-85.62,165.79
52.431458,-1.523229,171.32,11.96,2,97.86,20 / 21,1640609,2019-09-06 19:47:26:352,0.0031,0.8262,9.4723,-0.014,0.0141,9.8065,-0.0661,0.1523,-0.1022,-21.25,-34,14.38,281.83,-85.79,163.74
52.431458,-1.523229,171.32,11.96,2,97.86,20 / 21,1640710,2019-09-06 19:47:26:453,0.3915,-0.7369,9.5268,0.0121,0.0064,9.8066,0.1013,-0.0931,0.1694,-21.56,-34.25,13.69,277.76,-85.8,160.76
52.431458,-1.523229,171.32,11.96,2,97.86,20 / 21,1640810,2019-09-06 19:47:26:553,-0.8332,-1.6306,10.2771,-0.0189,-0.0031,9.8066,-0.178,0.1729,-0.0706,-22.06,-34.75,13.5,281.14,-85.92,164.08
52.431458,-1.523229,171.32,11.96,2,97.86,20 / 21,1640909,2019-09-06 19:47:26:652,-2.2982,-1.3384,10.6544,-0.0016,-0.0104,9.8066,-0.0511,-0.1515,0.1764,-22.19,-34.94,13.5,282.45,-86.16,165.05
52.431458,-1.523229,171.32,11.96,2,97.86,20 / 21,1641010,2019-09-06 19:47:26:753,-0.3083,-0.2144,9.9264,-0.0133,-0.0122,9.8065,0.0249,-0.0444,0.0115,-22.06,-34.31,13.75,286.79,-86.24,169.05
52.431458,-1.523229,171.32,11.96,2,97.86,20 / 21,1641110,2019-09-06 19:47:26:853,-1.1722,-0.3801,10.7519,0.0183,-0.0199,9.8066,-0.0277,-0.0168,-0.0206,-21.94,-34.44,13.94,286.46,-86.18,168.82
52.431458,-1.523229,171.32,11.96,2,97.86,20 / 21,1641210,2019-09-06 19:47:26:953,-1.129,-0.6455,9.8723,0.0047,0.0016,9.8066,-0.0128,-0.0205,-0.0261,-21.69,-34.37,13.25,285.06,-86.05,169.6
52.431458,-1.523229,171.32,11.96,2,97.86,20 / 21,1641310,2019-09-06 19:47:27:053,0.1823,0.2517,10.6261,-0.0076,0.0076,9.8066,0.1385,0.0264,0.0146,-21.75,-34.44,13.94,284.35,-85.97,167.01
52.431458,-1.523229,171.32,11.96,2,97.86,20 / 21,1641410,2019-09-06 19:47:27:153,0.4536,-1.5378,9.7846,-0.0298,0.0082,9.8065,-0.1127,0.0897,0.0004,-22,-34.44,14.31,284.63,-86,167.25
52.431458,-1.523229,171.32,11.96,2,97.86,20 / 21,1641509,2019-09-06 19:47:27:252,-1.8336,0.4229,9.1614,-0.0059,-0.018,9.8065,-0.1569,0.011,0.026,-22,-34.37,13.63,286.57,-85.94,169.23
52.431458,-1.523229,171.32,11.96,2,97.86,20 / 21,1641610,2019-09-06 19:47:27:353,-0.3619,0.3265,10.6735,0.0172,-0.0178,9.8065,-0.0276,-0.0196,0.0268,-22.06,-34.31,13,285.49,-86.3,169.7
52.431458,-1.523229,171.32,11.96,2,97.86,20 / 21,1641709,2019-09-06 19:47:27:452,-0.166,-0.1166,10.086,0.0402,-0.0286,9.8065,-0.0248,0.0258,-0.0287,-22.56,-34.37,13.56,288.86,-86.5,171.76
52.431458,-1.523229,171.32,11.96,2,97.86,20 / 21,1641810,2019-09-06 19:47:27:553,-0.4407,-1.5378,9.7611,0.0347,-0.0113,9.8065,-0.0277,0.046,-0.03,-22.06,-34.25,13.75,290.23,-86.31,172.32
52.431458,-1.523229,171.32,11.96,2,97.86,20 / 21,1641910,2019-09-06 19:47:27:653,-1.6626,0.8887,10.0526,-0.0447,0.0081,9.8065,0.0693,0.0886,0.0121,-22.75,-34.56,13.56,293.85,-86.45,176.79
52.431458,-1.523229,171.32,11.96,2,97.86,20 / 21,1642009,2019-09-06 19:47:27:752,-0.9009,-0.9953,9.8077,-0.0365,0.008,9.8065,-0.0504,0.0195,-0.0054,-22.75,-34.12,13.63,294.21,-86.41,177.07
52.431458,-1.523229,171.32,11.96,2,97.86,20 / 21,1642110,2019-09-06 19:47:27:853,-0.3277,-0.0937,9.3869,0.0029,0.0043,9.8066,-0.1084,-0.0118,0.011,-23.69,-34,13.75,293.49,-86.51,177.19
52.431458,-1.523229,171.32,11.96,2,97.86,20 / 21,1642210,2019-09-06 19:47:27:953,-3.4295,0.481,9.3895,0.0322,-0.008,9.8066,0.0621,0.066,0.0058,-23.62,-33.44,14.13,292.86,-86.56,176.41
52.431458,-1.523229,171.32,11.96,2,97.86,20 / 21,1642310,2019-09-06 19:47:28:053,-1.7186,1.0257,10.3273,-0.0302,0.0174,9.8065,0.1256,0.0286,-0.0204,-22.69,-33.75,14,290.04,-86.85,172.48
52.431458,-1.523229,171.32,11.96,2,97.86,19 / 20,1642410,2019-09-06 19:47:28:153,-0.0101,0.3243,10.4962,-0.0197,0.0223,9.8066,0.1181,-0.0283,-0.0072,-21.87,-33.69,14.19,288.68,-86.93,170.03
52.431458,-1.523229,171.32,11.96,2,97.86,19 / 20,1642509,2019-09-06 19:47:28:252,0.6618,-1.7221,10.128,0.0442,-0.0269,9.8065,-0.0505,0.0483,0.0514,-22.44,-34.06,14.19,290.2,-86.53,172.02
52.431458,-1.523229,171.32,11.96,2,97.86,19 / 20,1642610,2019-09-06 19:47:28:353,-2.0571,0.1163,9.7535,0.0398,-0.0168,9.8065,-0.0174,0.0567,-0.0371,-22.12,-34.12,14.13,289.38,-86.46,171.3
52.431458,-1.523229,171.32,11.96,2,97.86,19 / 20,1642709,2019-09-06 19:47:28:452,-1.1768,0.1732,9.2036,-0.0645,0.0311,9.8063,0.1293,-0.0929,-0.018,-22.25,-33.94,13.63,289.77,-86.86,171.18
52.431458,-1.523229,171.32,11.96,2,97.86,19 / 20,1642810,2019-09-06 19:47:28:553,-0.938,0.5434,10.4331,-0.0332,0.0287,9.8065,-0.0301,-0.0601,-0.0433,-21.87,-34.25,13.06,287.04,-86.89,170.44
52.431458,-1.523229,171.32,11.96,2,97.86,19 / 20,1642910,2019-09-06 19:47:28:653,0.4925,-0.2801,9.4776,0.0207,-0.013,9.8066,0.0455,-0.0195,-0.0368,-22.25,-33.37,13.63,288.38,-87.03,169.5
52.431458,-1.523229,171.32,11.96,2,97.86,19 / 20,1643010,2019-09-06 19:47:28:753,-0.7358,-0.5516,9.2218,-0.0348,0.012,9.8065,-0.0477,0.0586,-0.0017,-23.12,-34.5,13.06,285.96,-86.86,170.41
52.431458,-1.523229,171.32,11.96,2,97.86,19 / 20,1643109,2019-09-06 19:47:28:852,-2.2396,0.7523,9.4024,-0.0297,0.0133,9.8065,-0.082,-0.0075,0.05,-22.56,-34.81,13.88,287.6,-87.03,169.98
52.431458,-1.523229,171.32,11.96,2,97.86,19 / 20,1643209,2019-09-06 19:47:28:952,-0.6601,-0.2694,9.9619,-0.0204,-0.0013,9.8066,0.0353,-0.0454,0.0659,-22.87,-34.12,13.88,289.1,-86.97,171.41
52.431458,-1.523229,171.32,11.96,2,97.86,19 / 20,1643310,2019-09-06 19:47:29:053,-1.2567,0.1868,10.2001,-0.0026,-0.0015,9.8066,0.0402,0.0234,-0.0103,-22.56,-33.94,13.25,286.37,-86.98,170.66
52.431458,-1.523229,171.32,11.96,2,97.86,20 / 22,1643410,2019-09-06 19:47:29:153,-1.4653,0.2289,9.727,-0.0092,0.0159,9.8066,0.0104,0.0141,-0.0067,-22.56,-34.69,13.38,285.1,-87.04,169.44
52.431458,-1.523229,171.32,11.96,2,97.86,20 / 22,1643510,2019-09-06 19:47:29:253,-1.8157,1.6487,9.452,-0.0021,-0.0062,9.8066,0.027,0.081,-0.0054,-22.69,-34.12,12.88,285.57,-87.07,169.75
52.431458,-1.523229,171.32,11.96,2,97.86,20 / 22,1643609,2019-09-06 19:47:29:352,1.396,-0.7007,10.1882,-0.0092,0.001,9.8066,-0.0779,0.0364,0.0429,-23.06,-34.25,13.31,286.52,-87.12,170.62
52.431458,-1.523229,171.32,11.96,2,97.86,20 / 22,1643710,2019-09-06 19:47:29:453,-1.3267,-1.0632,10.6939,0.0281,-0.0212,9.8065,-0.0421,-0.0049,-0.0046,-23.19,-33.87,13.13,287.72,-87,171.96
52.431458,-1.523229,171.32,11.96,2,97.86,20 / 22,1643809,2019-09-06 19:47:29:552,-1.8053,0.5565,9.1862,0.0345,-0.0063,9.8065,-0.0212,-0.0047,-0.0404,-23.31,-34.06,13.19,285.47,-86.97,169.77
52.431458,-1.523229,171.32,11.96,2,97.86,20 / 22,1643910,2019-09-06 19:47:29:653,-0.4998,0.8138,9.7391,-0.0058,0.0103,9.8066,-0.092,0.0542,-0.008,-23.94,-34.12,13.25,283.73,-86.94,169.01
52.431458,-1.523229,171.32,11.96,2,97.86,20 / 22,1644010,2019-09-06 19:47:29:753,-1.707,-0.0398,9.7133,0.0072,0.0076,9.8066,0.1199,0.079,-0.0073,-23.69,-33.44,14.56,285.13,-86.99,166.53
52.431458,-1.523229,171.32,11.96,2,97.86,20 / 22,1644110,2019-09-06 19:47:29:853,-0.2954,-0.0488,9.9133,-0.0316,0.0097,9.8066,0.0953,0.0471,-0.0372,-23.5,-33.62,14.44,285.41,-87.2,167.51
52.431458,-1.523229,171.32,11.96,2,97.86,20 / 22,1644210,2019-09-06 19:47:29:953,-1.1152,1.4452,9.9533,0.0074,0.0163,9.8066,0.0286,-0.0097,0.0986,-22.69,-33.37,15.63,287.43,-87.1,165.89
52.431458,-1.523229,171.32,11.96,2,97.86,20 / 22,1644309,2019-09-06 19:47:30:052,-1.6994,0.9387,9.8204,-0.0335,-0.0195,9.8066,0.0479,0.0424,0.0333,-22.37,-33.31,14.44,290.73,-87.14,171.68
52.431458,-1.523229,171.32,11.96,2,97.86,19 / 20,1644409,2019-09-06 19:47:30:152,-0.337,-1.1196,9.2547,-0.0319,-0.0057,9.8065,-0.054,0.0595,0.0084,-21.56,-32.62,13.88,296.3,-87.12,177.13
52.431458,-1.523229,171.32,11.96,2,97.86,19 / 20,1644510,2019-09-06 19:47:30:253,-0.4987,-0.4081,9.754,0.0087,0.0025,9.8066,-0.0375,0.0052,0.065,-22.5,-33,13.06,295.31,-87.14,178.1
52.431458,-1.523229,171.32,11.96,2,97.86,19 / 20,1644609,2019-09-06 19:47:30:352,-0.3505,0.0315,10.1264,-0.0002,-0.0102,9.8065,-0.1347,0.046,-0.041,-22.62,-32.56,13.19,295.06,-87.29,178.68
52.431458,-1.523229,171.32,11.96,2,97.86,19 / 20,1644710,2019-09-06 19:47:30:453,-1.5272,0.9347,10.1976,-0.0108,0.0221,9.8066,0.1064,-0.0361,0.0217,-23.69,-32.81,13.38,290.65,-87.55,175
52.431458,-1.523229,171.32,11.96,2,97.86,19 / 20,1644810,2019-09-06 19:47:30:553,0.1144,0.6386,9.93,-0.007,0.0056,9.8066,0.0175,0.0529,-0.0638,-23.25,-32.44,13.88,292.25,-87.47,173.73
52.431458,-1.523229,171.32,11.96,2,97.86,19 / 20,1644910,2019-09-06 19:47:30:653,-0.7044,-0.5857,10.3541,0.0162,-0.0018,9.8066,0.0534,-0.0859,0.0899,-22.19,-32.87,14,289.72,-87.2,170.6
52.431458,-1.523229,171.32,11.96,2,97.86,19 / 20,1645010,2019-09-06 19:47:30:753,-1.4635,0.9105,10.5403,0.0312,-0.0299,9.8065,0.0709,0.0229,0.0243,-21.75,-32.87,13.25,291.34,-87.02,174.37
52.431458,-1.523229,171.32,11.96,2,97.86,19 / 20,1645110,2019-09-06 19:47:30:853,-0.368,-2.1519,9.3097,0.0125,0.0099,9.8066,0.189,-0.0441,0.0191,-22,-33.5,12.56,292.25,-86.9,175.42
52.431458,-1.523229,171.32,11.96,2,97.86,19 / 20,1645218,2019-09-06 19:47:30:961,0.0991,0.5883,8.6505,-0.0216,0.0117,9.8066,-0.0101,0.004,0.0788,-21.69,-33.94,13.13,289.28,-86.69,172.9
52.431458,-1.523229,171.32,11.96,2,97.86,19 / 20,1645310,2019-09-06 19:47:31:053,-1.3001,-0.0576,8.6733,-0.061,-0.0071,9.8064,-0.1868,0.0939,-0.0564,-22,-34.06,13.88,296.18,-87.2,177.02
52.431458,-1.523229,171.32,11.96,2,97.86,19 / 20,1645410,2019-09-06 19:47:31:153,-1.3434,1.0795,9.8896,-0.0622,0.0458,9.8063,-0.1824,0.1248,-0.0634,-22.56,-34.31,13.13,292.08,-87.77,175.28
52.431458,-1.523229,171.32,11.96,2,97.86,19 / 20,1645509,2019-09-06 19:47:31:252,-2.4299,0.1017,11.4801,-0.0011,0.003,9.8066,-0.0467,0.0499,0.0073,-22.69,-34.37,12.31,287.6,-88.37,172.09
52.431458,-1.523229,171.32,11.96,2,97.86,19 / 20,1645610,2019-09-06 19:47:31:353,-1.3888,0.228,9.6408,0.0092,0.0034,9.8066,0.1167,0.0137,-0.0401,-22.87,-34.12,12.38,281.92,-88.38,166.45
52.431458,-1.523229,171.32,11.96,2,97.86,19 / 20,1645710,2019-09-06 19:47:31:453,-1.2277,-0.588,9.132,0.0448,-0.007,9.8065,0.1183,-0.085,0.0328,-22.62,-34.12,13.25,287.49,-87.93,170.57
52.431458,-1.523229,171.32,11.96,2,97.86,19 / 20,1645810,2019-09-06 19:47:31:553,-0.2872,0.2364,9.5129,0.0338,-0.0175,9.8065,-0.0203,-0.0366,0.0344,-23.37,-34.25,12.63,288.52,-87.28,172.39
52.431458,-1.523229,171.32,11.96,2,97.86,19 / 20,1645910,2019-09-06 19:47:31:653,-1.6241,-0.0129,9.7165,-0.0344,0.0062,9.8065,-0.0866,0.0775,-0.0156,-22.69,-34.06,12.38,286.88,-87.52,172.46
52.431458,-1.523229,171.32,11.96,2,97.86,19 / 20,1646010,2019-09-06 19:47:31:753,-1.0509,0.6502,10.4853,-0.0276,0.0103,9.8065,0.0407,-0.0244,0.022,-23.12,-34.31,12.75,288.86,-87.73,172.16
52.431458,-1.523229,171.32,11.96,2,97.86,19 / 20,1646110,2019-09-06 19:47:31:853,-1.8812,0.6773,10.4015,-0.0032,-0.0045,9.8066,0.0146,0.0365,-0.0317,-23.25,-34.19,12.19,288.21,-87.87,173.33
52.431458,-1.523229,171.32,11.96,2,97.86,19 / 20,1646210,2019-09-06 19:47:31:953,-0.9784,-0.7738,9.772,0.0032,0.0096,9.8066,-0.0247,0.0339,-0.0115,-22.75,-34.31,12.69,288.4,-87.83,171.59
52.431458,-1.523229,171.32,11.96,2,97.86,19 / 20,1646310,2019-09-06 19:47:32:053,-1.3828,1.0624,9.6724,0.0025,-0.0056,9.8066,0.0079,0.0787,-0.006,-23.12,-34.31,12.94,289.7,-87.74,172.98
52.431458,-1.523229,171.32,11.96,2,97.86,20 / 21,1646409,2019-09-06 19:47:32:152,-0.9035,0.0102,9.8379,-0.0065,-0.0023,9.8066,-0.0213,0.0029,0.0752,-23.37,-34.06,12.75,291.4,-87.67,174.74
52.431458,-1.523229,171.32,11.96,2,97.86,20 / 21,1646509,2019-09-06 19:47:32:252,-1.1923,-0.4522,10.2469,0.007,-0.0179,9.8066,0.0054,0.0641,0.0058,-23.5,-34.75,12.69,297.55,-87.72,-179.22
52.431458,-1.523229,171.32,11.96,2,97.86,20 / 21,1646610,2019-09-06 19:47:32:353,-1.7771,0.9403,10.2365,0.0047,-0.0135,9.8066,0.0227,-0.0426,0.0593,-23.19,-33.69,12.75,300.41,-87.83,-176.63
52.431458,-1.523229,171.32,11.96,2,97.86,20 / 21,1646710,2019-09-06 19:47:32:453,-2.453,-0.2528,10.4088,-0.0094,-0.0082,9.8065,-0.0313,-0.0345,-0.0139,-22.81,-34.25,12.38,308.5,-87.95,-166.93
52.431458,-1.523229,171.32,11.96,2,97.86,20 / 21,1646810,2019-09-06 19:47:32:553,-1.3183,1.2616,9.4962,-0.0138,0.0152,9.8065,0.136,-0.0461,0.0179,-23.69,-34.06,13.13,307.99,-88,-168.48
52.431458,-1.523229,171.32,11.96,2,97.86,20 / 21,1646910,2019-09-06 19:47:32:653,-1.1147,0.7156,9.2795,-0.0068,-0.0009,9.8066,0.0904,0.0052,0.0379,-23.31,-34,13,308.77,-87.88,-168.56
52.431458,-1.523229,171.32,11.96,2,97.86,20 / 21,1647009,2019-09-06 19:47:32:752,-1.8095,0.4331,10.0685,0.0013,-0.0129,9.8066,-0.0327,0.009,0.03,-23.19,-33.75,13.06,313.25,-87.75,-164.1
52.431458,-1.523229,171.32,11.96,2,97.86,20 / 21,1647109,2019-09-06 19:47:32:852,-1.7574,0.034,10.3584,-0.0015,-0.0091,9.8066,-0.0195,-0.0245,0.0042,-23.31,-33.81,13.13,316.6,-87.81,-160.93
52.431458,-1.523229,171.32,11.96,2,97.86,20 / 21,1647210,2019-09-06 19:47:32:953,-0.8575,0.4663,9.9025,-0.0227,0.0136,9.8066,0.0464,0.0006,0.0176,-23.12,-34.37,12.63,318.36,-87.86,-159.26
52.431458,-1.523229,171.32,11.96,2,97.86,20 / 21,1647310,2019-09-06 19:47:33:053,-1.4448,0.0673,9.5479,-0.0155,0.0051,9.8066,0.0331,-0.026,0.0403,-22.87,-33.56,12.75,322.53,-88.03,-155.39
52.431458,-1.523229,171.32,11.96,2,97.86,19 / 20,1647409,2019-09-06 19:47:33:152,-1.5514,-0.3333,10.1183,-0.0092,0.0046,9.8066,0.0383,0.0285,-0.0375,-23.75,-33.62,13.06,322.47,-88.1,-154.51
52.431458,-1.523229,171.32,11.96,2,97.86,19 / 20,1647510,2019-09-06 19:47:33:253,-1.4694,0.0257,10.1931,-0.0184,-0.0056,9.8066,0.046,-0.0427,0.0675,-23.19,-33.69,12.5,326.65,-88.02,-151.41
52.431458,-1.523229,171.32,11.96,2,97.86,19 / 20,1647610,2019-09-06 19:47:33:353,-2.0267,-0.1553,10.1235,0.0037,-0.0077,9.8066,0.0108,0.0052,0.0244,-23.44,-33.44,12.69,329.46,-88.01,-148.74
52.431458,-1.523229,171.32,11.96,2,97.86,19 / 20,1647710,2019-09-06 19:47:33:453,-1.3205,0.2401,10.0531,-0.0119,0.0036,9.8066,-0.0644,-0.0218,0.0182,-24.25,-34.06,12.69,330.82,-87.98,-146.38
52.431458,-1.523229,171.32,11.96,2,97.86,19 / 20,1647810,2019-09-06 19:47:33:553,-0.6912,0.1327,9.9833,-0.0086,0.0054,9.8066,0.0279,-0.0062,0.011,-24,-34.31,12.69,332.12,-88.01,-145.15
52.431458,-1.523229,171.32,11.96,2,97.86,19 / 20,1647909,2019-09-06 19:47:33:652,-0.2997,-0.4519,9.9272,-0.0066,-0.006,9.8066,0.0367,-0.0135,0.0259,-23.31,-33.94,12.69,334.18,-87.95,-144.13
52.431458,-1.523229,171.32,11.96,2,97.86,19 / 20,1648010,2019-09-06 19:47:33:753,0.2316,-0.4865,9.9093,0.0014,-0.0041,9.8066,0.0231,-0.0282,-0.0111,-23.44,-34,12.94,335.29,-87.87,-143.02
52.431458,-1.523229,171.32,11.96,2,97.86,19 / 20,1648109,2019-09-06 19:47:33:852,-0.3136,-0.6831,9.989,-0.0029,-0.0049,9.8066,0.0334,-0.0075,0.0165,-23.56,-33.62,13.19,334.89,-87.85,-142.4
52.431458,-1.523229,171.32,11.96,2,97.86,19 / 20,1648210,2019-09-06 19:47:33:953,0.1651,-0.5961,9.8448,0.0058,-0.0016,9.8066,0.0368,-0.0366,0.0136,-23.56,-33.75,12.38,332.97,-87.79,-142.31
52.431458,-1.523229,171.32,11.96,2,97.86,19 / 20,1648310,2019-09-06 19:47:34:053,0.2501,-0.8588,9.762,0.0102,-0.0063,9.8066,-0.0463,0.0109,-0.0019,-23.44,-33.62,13.5,337.8,-87.78,-142.45
52.431458,-1.523229,171.32,11.96,2,97.86,19 / 20,1648410,2019-09-06 19:47:34:153,-0.393,-0.4242,9.9209,-0.0097,0.0005,9.8066,-0.0429,-0.0239,0.0322,-24,-33.44,13.06,337.93,-87.8,-139.5
52.431458,-1.523229,171.32,11.96,2,97.86,19 / 20,1648510,2019-09-06 19:47:34:253,0.1405,-0.5271,9.8252,0.0005,-0.0003,9.8066,0.0034,0.0198,-0.0004,-23.87,-34.06,13.56,340.31,-87.85,-139.04
52.431458,-1.523229,171.32,11.96,2,97.86,19 / 20,1648609,2019-09-06 19:47:34:352,-0.0983,-0.4269,9.8885,-0.0018,-0.0012,9.8066,0.007,0.0128,0.0119,-23.81,-34.12,13,339.68,-87.85,-137.82
52.431458,-1.523229,171.32,11.96,2,97.86,19 / 20,1648709,2019-09-06 19:47:34:452,0.0946,-0.0637,9.6052,0.0075,-0.0086,9.8066,-0.0224,-0.0079,-0.0272,-23.37,-33.87,13.38,341.81,-87.83,-136.78
52.431458,-1.523229,171.32,11.96,2,97.86,19 / 20,1648810,2019-09-06 19:47:34:553,0.3003,-0.4687,9.6483,-0.0171,0.0006,9.8066,0.0483,-0.0147,0.0129,-23.19,-34,13.25,341.99,-87.82,-136.61
52.431458,-1.523229,171.32,11.96,2,97.86,19 / 20,1648909,2019-09-06 19:47:34:652,0.3748,-0.416,9.9296,-0.0116,-0.0004,9.8066,0.0676,-0.0219,0.0317,-24.62,-34,13.13,342.85,-87.79,-133.82
52.431458,-1.523229,171.32,11.96,2,97.86,19 / 20,1649010,2019-09-06 19:47:34:753,0.179,-0.4744,9.738,0.0069,0.0005,9.8066,-0.0646,-0.0148,0.0013,-23.44,-33.12,13.25,344.49,-87.78,-134.23
52.431458,-1.523229,171.32,11.96,2,97.86,19 / 20,1649110,2019-09-06 19:47:34:853,0.4542,-0.2873,9.6322,-0.0162,0.0051,9.8066,-0.0417,0.0092,-0.0006,-23.44,-33.44,13.13,345.24,-87.78,-133.52
52.431458,-1.523229,171.32,11.96,2,97.86,19 / 20,1649214,2019-09-06 19:47:34:957,0.1652,-0.6091,9.6399,-0.018,0.0086,9.8066,0.0276,0.015,0.0194,-24.44,-33.62,13.13,348.25,-87.84,-129.63
52.431458,-1.523229,171.32,11.96,2,97.86,19 / 20,1649310,2019-09-06 19:47:35:053,-0.0811,-0.8169,9.7439,-0.0169,0.0083,9.8066,0.0038,0.0493,-0.0123,-24.06,-33.12,12.94,349.36,-87.88,-128.61
52.43136,-1.52208,169.85,5.06,2,96.77,19 / 20,1649410,2019-09-06 19:47:35:153,-0.3496,-0.4204,9.932,-0.0133,-0.0013,9.8066,-0.0049,0.0276,-0.0067,-23.56,-33.12,13.06,349.87,-87.88,-128.12
52.43136,-1.52208,169.85,5.06,2,96.77,19 / 20,1649509,2019-09-06 19:47:35:252,0.8621,-0.575,9.3549,-0.0069,0.0051,9.8066,-0.0063,-0.0491,-0.0019,-23.75,-34.25,13.63,357.14,-87.95,-122.99
52.43136,-1.52208,169.85,5.06,2,96.77,19 / 20,1649609,2019-09-06 19:47:35:352,0.5532,-1.0858,9.6347,-0.0086,0.0085,9.8066,-0.1168,-0.0121,-0.0101,-24,-33.94,12.94,357.34,-88,-120.99
52.43136,-1.52208,169.85,5.06,2,96.77,19 / 20,1649709,2019-09-06 19:47:35:452,0.5716,-0.4524,9.7483,0.0048,0.0088,9.8066,-0.0049,-0.0091,-0.0199,-23.87,-34.56,12.94,0.24,-88.11,-118.21
52.43136,-1.52208,169.85,5.06,2,96.77,19 / 20,1649811,2019-09-06 19:47:35:554,0.2949,-0.0441,9.7779,-0.0102,0.0135,9.8065,0.0506,-0.0404,0.011,-23.19,-33.5,13.06,359.47,-88.25,-119.99
52.43136,-1.52208,169.85,5.06,2,96.77,19 / 20,1649910,2019-09-06 19:47:35:653,0.8615,-0.5261,9.6927,-0.0094,0.0088,9.8066,0.0084,-0.0086,-0.0018,-23.75,-33.62,12.38,358.1,-88.33,-118.4
52.43136,-1.52208,169.85,5.06,2,96.77,19 / 20,1650010,2019-09-06 19:47:35:753,-0.1752,-0.3446,9.8768,-0.0131,-0.0052,9.8066,0.0313,-0.0115,0.0193,-24.06,-34.06,12.88,359.41,-88.31,-119.01
52.43136,-1.52208,169.85,5.06,2,96.77,19 / 20,1650109,2019-09-06 19:47:35:852,-0.8218,-0.3947,10.1792,-0.0089,-0.001,9.8066,0.0019,-0.0182,-0.0107,-23.5,-33.37,12.56,2.47,-88.19,-117.1
52.43136,-1.52208,169.85,5.06,2,96.77,19 / 20,1650210,2019-09-06 19:47:35:953,0.0637,0.1118,9.6816,-0.005,0.0167,9.8065,0.0045,-0.0426,-0.0278,-23.56,-33.62,13.25,358.85,-88.24,-119.54
52.43136,-1.52208,169.85,5.06,2,96.77,19 / 20,1650310,2019-09-06 19:47:36:053,0.4122,-0.785,9.6174,0.0202,0.0001,9.8066,0.0387,-0.0267,0.0075,-24.25,-34.44,13.06,357.34,-88.27,-121
52.43136,-1.52208,169.85,5.06,2,96.77,20 / 21,1650410,2019-09-06 19:47:36:153,0.6361,-0.8116,9.9782,0.0155,-0.0016,9.8066,-0.0584,0.0136,0.0045,-23.5,-34.31,13.38,354.46,-88.29,-124.8
52.43136,-1.52208,169.85,5.06,2,96.77,20 / 21,1650509,2019-09-06 19:47:36:252,0.4102,-0.1416,9.8019,0.0058,-0.0109,9.8066,-0.0327,-0.0312,-0.0202,-23.56,-33.81,13.38,354.48,-88.26,-123.75
52.43136,-1.52208,169.85,5.06,2,96.77,20 / 21,1650610,2019-09-06 19:47:36:353,1.3171,-1.3211,9.7553,-0.0066,0.0044,9.8066,-0.0245,0.0314,-0.0206,-24.19,-33.69,12.63,355.44,-88.22,-122.83
52.43136,-1.52208,169.85,5.06,2,96.77,20 / 21,1650709,2019-09-06 19:47:36:452,1.8559,-1.4963,10.0242,0.0252,-0.0195,9.8065,0.0303,0.012,0.0531,-23.94,-33.56,13.19,352.16,-88.14,-125.96
52.43136,-1.52208,169.85,5.06,2,96.77,20 / 21,1650810,2019-09-06 19:47:36:553,1.3217,-1.7977,9.9575,0.0316,-0.0131,9.8065,-0.0144,0.0098,-0.0166,-23.62,-33.56,14.13,353.14,-88.08,-126.83
52.43136,-1.52208,169.85,5.06,2,96.77,20 / 21,1650910,2019-09-06 19:47:36:653,1.6912,-1.3254,9.6159,-0.002,0.0029,9.8066,0.019,0.0113,-0.0065,-23.44,-32.81,13.56,351.3,-87.96,-129.64
52.43136,-1.52208,169.85,5.06,2,96.77,20 / 21,1651009,2019-09-06 19:47:36:752,1.8399,-1.0309,9.6705,0.0011,0.0063,9.8066,0.0856,-0.0206,0.002,-24.25,-34,14,346.15,-87.95,-133.5
52.43136,-1.52208,169.85,5.06,2,96.77,20 / 21,1651109,2019-09-06 19:47:36:852,0.8827,-1.1642,9.8535,-0.0242,0.0148,9.8065,0.1386,-0.0755,-0.001,-24.19,-33.06,13.69,348.65,-87.98,-131.13
52.43136,-1.52208,169.85,5.06,2,96.77,20 / 21,1651210,2019-09-06 19:47:36:953,0.7015,-1.4675,10.3664,-0.0439,0.0257,9.8065,-0.1731,0.0054,-0.0065,-23.44,-33.75,13.88,352,-88.01,-128.97
52.43136,-1.52208,169.85,5.06,2,96.77,20 / 21,1651309,2019-09-06 19:47:37:052,0.0767,-1.2589,10.4305,0.022,-0.0008,9.8066,-0.0547,-0.0482,0.04,-24.62,-33.06,14.06,347.67,-88.13,-131.11
52.43136,-1.52208,169.85,5.06,2,96.77,19 / 20,1651410,2019-09-06 19:47:37:153,-0.209,-0.4155,9.8046,-0.0087,0.0169,9.8066,-0.0818,0.0508,-0.057,-23.81,-32.56,14.13,351.58,-88.28,-128.37
52.43136,-1.52208,169.85,5.06,2,96.77,19 / 20,1651509,2019-09-06 19:47:37:252,1.1166,-0.2928,9.5813,0.0024,-0.0068,9.8066,0.0606,-0.0636,0.0295,-23.5,-32.87,13.75,354.17,-88.34,-126.95
52.43136,-1.52208,169.85,5.06,2,96.77,19 / 20,1651609,2019-09-06 19:47:37:352,0.2282,-0.9061,10.595,0.0102,-0.0047,9.8066,-0.0188,-0.0522,0.0095,-23.94,-33,14.13,351.62,-88.21,-128.32
52.43136,-1.52208,169.85,5.06,2,96.77,19 / 20,1651709,2019-09-06 19:47:37:452,1.3279,-0.504,9.9812,0.0009,0.005,9.8066,0.1083,0.0177,-0.0536,-23.5,-32.44,14.13,349.37,-88.22,-131.56
52.43136,-1.52208,169.85,5.06,2,96.77,19 / 20,1651809,2019-09-06 19:47:37:552,0.423,-0.3285,9.3851,-0.0098,0.0393,9.8065,0.0703,-0.033,0.0301,-22.87,-33.44,13.94,343.74,-88.31,-137
52.43136,-1.52208,169.85,5.06,2,96.77,19 / 20,1651910,2019-09-06 19:47:37:653,1.3941,-1.32,9.9317,0.0074,0.002,9.8066,0.0977,-0.0422,-0.0269,-23.5,-33.44,14.63,337.3,-88.31,-145.02
52.43136,-1.52208,169.85,5.06,2,96.77,19 / 20,1652009,2019-09-06 19:47:37:752,1.182,-1.9034,10.4696,-0.0127,0.0157,9.8066,-0.0173,0.0259,-0.0425,-22.94,-34.06,15.13,334.34,-88.29,-147.85
52.43136,-1.52208,169.85,5.06,2,96.77,19 / 20,1652111,2019-09-06 19:47:37:854,1.5583,-2.1252,10.3732,0.0418,-0.0044,9.8065,0.0835,-0.0102,-0.0257,-23,-34.37,14.19,327.57,-88.28,-152.58
52.43136,-1.52208,169.85,5.06,2,96.77,19 / 20,1652210,2019-09-06 19:47:37:953,0.5325,-0.7084,9.4494,0.0178,0.0131,9.8066,0.1341,0.0117,-0.0319,-22.81,-33.62,13.44,312.64,-88.26,-165.17
52.43136,-1.52208,169.85,5.06,2,96.77,19 / 20,1652310,2019-09-06 19:47:38:053,0.9704,-1.6293,9.8626,0.0174,-0.0091,9.8066,-0.1504,-0.0236,0.0097,-22.44,-33.25,14.06,310.16,-88.25,-170.6
52.43136,-1.52208,169.85,5.06,2,96.77,21 / 22,1652409,2019-09-06 19:47:38:152,0.7352,-1.4602,9.8604,0.0339,-0.0019,9.8065,0.1333,-0.019,-0.0551,-23.12,-33.62,14.19,305.14,-88.24,-174.37
52.43136,-1.52208,169.85,5.06,2,96.77,21 / 22,1652510,2019-09-06 19:47:38:253,0.2931,-0.5417,9.5343,-0.0134,0.0239,9.8066,0.0904,0.0035,-0.0486,-22,-33.44,14.75,296.64,-88.38,174.16
52.43136,-1.52208,169.85,5.06,2,96.77,21 / 22,1652609,2019-09-06 19:47:38:352,1.0407,-1.665,9.6465,-0.0075,0.0249,9.8066,-0.03,-0.0257,-0.0474,-21.69,-34,15.06,290.33,-88.27,168.12
52.43136,-1.52208,169.85,5.06,2,96.77,21 / 22,1652709,2019-09-06 19:47:38:452,0.2036,-1.4116,9.6504,0.0192,-0.0046,9.8065,-0.0303,-0.0647,-0.0122,-22,-34.56,15.13,283.74,-88.22,161.73
52.43136,-1.52208,169.85,5.06,2,96.77,21 / 22,1652809,2019-09-06 19:47:38:552,0.9946,-2.0506,10.1234,0.0074,0.0045,9.8066,0.0231,-0.0851,-0.0042,-22,-34.69,14.75,280.69,-88.15,158.8
52.43136,-1.52208,169.85,5.06,2,96.77,21 / 22,1652909,2019-09-06 19:47:38:652,0.1964,-1.4295,9.3806,0.0006,0.0136,9.8065,-0.0356,-0.1065,-0.04,-21.5,-34.94,15.44,276,-88.16,152.95
52.43136,-1.52208,169.85,5.06,2,96.77,21 / 22,1653010,2019-09-06 19:47:38:753,0.1795,-0.805,9.1606,0.0063,0.0124,9.8065,-0.0167,-0.1203,0.0171,-21.69,-33.87,15.38,270.55,-88.09,148.71
52.43136,-1.52208,169.85,5.06,2,96.77,21 / 22,1653110,2019-09-06 19:47:38:853,0.6523,-1.6236,9.5022,-0.0038,-0.003,9.8066,-0.045,-0.0999,-0.0315,-21,-34,15.56,268.88,-88.09,144.03
52.43136,-1.52208,169.85,5.06,2,96.77,21 / 22,1653210,2019-09-06 19:47:38:953,0.5311,-1.1801,9.6983,-0.0156,0.0087,9.8066,0.0157,-0.1442,0.0679,-21.69,-34.81,14.81,263.32,-88.24,141.33
52.43136,-1.52208,169.85,5.06,2,96.77,21 / 22,1653309,2019-09-06 19:47:39:052,0.4218,-2.2068,9.9575,-0.0184,-0.0068,9.8066,-0.0228,-0.1054,0.0252,-21.75,-34.31,15.13,263.16,-88.51,140.76
52.43136,-1.52208,169.85,5.06,2,96.77,19 / 20,1653410,2019-09-06 19:47:39:153,0.2012,-1.7381,9.3184,-0.0218,-0.0047,9.8066,0.0424,-0.1209,-0.0061,-21.37,-34.81,15.81,265.86,-88.79,140.16
52.43136,-1.52208,169.85,5.06,2,96.77,19 / 20,1653509,2019-09-06 19:47:39:252,-0.2032,-2.3015,10.1548,0.015,-0.0151,9.8065,-0.0848,-0.1833,0.0092,-21.56,-35,15.5,266.17,-88.85,141.62
52.43136,-1.52208,169.85,5.06,2,96.77,19 / 20,1653610,2019-09-06 19:47:39:353,-0.171,-2.5301,9.5924,0.0108,-0.0136,9.8066,-0.0928,-0.2321,0.0343,-21,-34.56,16.63,270.79,-88.9,143.23
52.43136,-1.52208,169.85,5.06,2,96.77,19 / 20,1653709,2019-09-06 19:47:39:452,0.0021,-2.2065,8.2196,-0.0185,-0.0137,9.8066,0.0127,-0.2048,0.0673,-21.69,-35.25,16.44,271.68,-89.03,146.91
52.43136,-1.52208,169.85,5.06,2,96.77,19 / 20,1653809,2019-09-06 19:47:39:552,-0.1678,-2.8779,9.6243,-0.0248,-0.0306,9.8066,-0.1077,-0.2083,0.0963,-21.44,-34.19,16.44,311.84,-89.3,-174.79
52.43136,-1.52208,169.85,5.06,2,96.77,19 / 20,1653910,2019-09-06 19:47:39:653,-1.1981,-3.0918,10.6561,-0.06,0.0192,9.8064,-0.0308,-0.2731,0.0024,-21.75,-34.5,17.19,33.73,-89.38,-94.39
52.43136,-1.52208,169.85,5.06,2,96.77,19 / 20,1654010,2019-09-06 19:47:39:753,-0.585,-2.5089,9.4762,-0.0424,0.026,9.8065,-0.0305,-0.2246,0.014,-21.69,-34.25,17.25,60.91,-89.25,-67.59
52.43136,-1.52208,169.85,5.06,2,96.77,19 / 20,1654110,2019-09-06 19:47:39:853,-1.6993,-3.3963,9.9532,0.0097,0.016,9.8066,0.1125,-0.3061,-0.0805,-21.62,-33.87,18.38,46.08,-89.28,-83.82
52.43136,-1.52208,169.85,5.06,2,96.77,19 / 20,1654210,2019-09-06 19:47:39:953,-1.2871,-3.7226,10.723,0.042,-0.012,9.8065,-0.032,-0.3878,0.057,-20.94,-34.12,19.06,2.06,-89.3,-130.11
52.43136,-1.52208,169.85,5.06,2,96.77,19 / 20,1654310,2019-09-06 19:47:40:053,-1.4436,-3.3676,9.6967,0.0431,-0.0569,9.8064,0.0944,-0.3562,0.0079,-20.25,-34.25,19.75,341.85,-88.98,-152.76
52.43136,-1.52208,169.85,5.06,2,96.77,21 / 22,1654409,2019-09-06 19:47:40:152,-2.8635,-2.2761,9.0551,0.0671,-0.0981,9.8059,-0.0853,-0.3602,0.0474,-20,-34.19,20.88,335.47,-88.05,-159.97
52.43136,-1.52208,169.85,5.06,2,96.77,21 / 22,1654510,2019-09-06 19:47:40:253,-1.1237,-2.1619,9.8902,-0.0369,0.0546,9.8064,0.1878,-0.3957,0.0061,-19.19,-33.81,22.19,344.14,-88.25,-154.48
52.43136,-1.52208,169.85,5.06,2,96.77,21 / 22,1654609,2019-09-06 19:47:40:352,-0.8797,-1.2695,10.2784,-0.0635,0.1035,9.8058,0.3174,-0.3299,-0.1878,-19.31,-33.94,22.13,336.42,-88.72,-162.16
52.43136,-1.52208,169.85,5.06,2,96.77,21 / 22,1654710,2019-09-06 19:47:40:453,1.4296,0.0991,11.1136,-0.0115,-0.061,9.8064,-0.0332,-0.4203,0.2457,-18.06,-33.62,22.75,330.31,-88.59,-170.82
52.43136,-1.52208,169.85,5.06,2,96.77,21 / 22,1654810,2019-09-06 19:47:40:553,-1.9613,-4.2296,9.9576,-0.1131,0.0159,9.8059,0.2595,-0.448,0.1562,-18.31,-33.25,21.88,3.06,-88.64,-137.73
52.43136,-1.52208,169.85,5.06,2,96.77,21 / 22,1654911,2019-09-06 19:47:40:654,-0.6986,-4.1913,10.1029,0.0582,-0.115,9.8057,-0.2604,-0.3434,0.1456,-18.31,-33.12,23.81,21.7,-88.25,-122.15
52.43136,-1.52208,169.85,5.06,2,96.77,21 / 22,1655010,2019-09-06 19:47:40:753,-5.603,-2.9872,10.3033,-0.022,-0.0408,9.8065,-0.2517,-0.527,0.282,-17.75,-33.94,24.56,20.02,-87.53,-125.18
52.43136,-1.52208,169.85,5.06,2,96.77,21 / 22,1655110,2019-09-06 19:47:40:853,-3.5336,-2.657,10.0922,-0.0129,-0.0204,9.8065,0.0689,-0.3532,0.0089,-17.37,-33.62,25.5,33.76,-87.21,-114.79
52.43136,-1.52208,169.85,5.06,2,96.77,21 / 22,1655210,2019-09-06 19:47:40:953,-1.6104,-1.915,10.5585,0.0396,-0.0703,9.8063,0.0056,-0.3899,0.054,-16.87,-33.69,26.44,26.35,-86.98,-121.97
52.43136,-1.52208,169.85,5.06,2,96.77,21 / 22,1655310,2019-09-06 19:47:41:053,-3.4573,-3.9346,10.6725,-0.0077,-0.053,9.8065,0.0967,-0.5017,0.0091,-15.81,-32.25,27.13,21.82,-86.31,-128.97
52.43136,-1.52208,169.85,5.06,2,96.77,20 / 21,1655409,2019-09-06 19:47:41:152,-1.2645,-4.1304,9.0032,0.017,-0.0175,9.8065,0.0859,-0.3326,-0.0475,-14.94,-32.5,28.19,20.28,-85.98,-132.99
52.43136,-1.52208,169.85,5.06,2,96.77,20 / 21,1655510,2019-09-06 19:47:41:253,-1.403,-3.092,8.648,0.0117,0.0031,9.8066,-0.1878,-0.4492,0.0559,-13.62,-32.31,27.63,18.67,-85.99,-136.12
52.43136,-1.52208,169.85,5.06,2,96.77,20 / 21,1655609,2019-09-06 19:47:41:352,-3.3631,-0.615,9.102,0.0024,-0.0514,9.8065,-0.2967,-0.4056,0.0303,-13.12,-32.81,27.44,21.28,-85.98,-134.66
52.43136,-1.52208,169.85,5.06,2,96.77,20 / 21,1655710,2019-09-06 19:47:41:453,-1.4673,-0.8609,9.4545,-0.0293,0.0517,9.8064,0.2031,-0.4832,0.0572,-11.62,-33.06,27.44,31.43,-86.25,-126.85
52.43136,-1.52208,169.85,5.06,2,96.77,20 / 21,1655810,2019-09-06 19:47:41:553,-2.3927,-2.3164,9.2188,-0.0028,0.0185,9.8066,0.0974,-0.4291,0.0011,-11.81,-33.19,28.31,30.15,-86.24,-128.75
52.43136,-1.52208,169.85,5.06,2,96.77,20 / 21,1655910,2019-09-06 19:47:41:653,-2.3057,-1.5796,9.4117,-0.0132,0.004,9.8066,0.0209,-0.3799,0.0613,-11.31,-33.06,27.94,31.04,-85.99,-129.84
52.43136,-1.52208,169.85,5.06,2,96.77,20 / 21,1656010,2019-09-06 19:47:41:753,-2.2828,-2.0041,10.5826,-0.008,-0.0051,9.8066,0.0824,-0.3755,0.0661,-11.31,-33.37,27.69,29.79,-85.72,-131.16
52.43136,-1.52208,169.85,5.06,2,96.77,20 / 21,1656110,2019-09-06 19:47:41:853,-2.5563,-0.7057,10.6115,-0.0001,-0.0084,9.8066,0.0599,-0.3375,0.0021,-10.5,-32.87,28.5,31.33,-85.6,-132.18
52.43136,-1.52208,169.85,5.06,2,96.77,20 / 21,1656210,2019-09-06 19:47:41:953,-1.8921,-2.5345,10.1018,-0.0004,-0.0158,9.8065,0.0668,-0.3673,0.0282,-10.37,-32.5,28.25,27.57,-85.31,-135.19
52.43136,-1.52208,169.85,5.06,2,96.77,20 / 21,1656309,2019-09-06 19:47:42:052,-1.7826,-1.2909,9.3284,-0.0008,-0.0351,9.8065,-0.07,-0.3219,0.0504,-9.87,-32.62,28.75,25.05,-84.81,-138.37
52.43136,-1.52208,169.85,5.06,2,96.77,20 / 21,1656409,2019-09-06 19:47:42:152,-1.862,-2.2853,9.7302,-0.0058,-0.0157,9.8066,-0.0879,-0.2907,0.0413,-10.25,-32.87,29.38,25.97,-84.7,-137.6
52.43136,-1.52208,169.85,5.06,2,96.77,20 / 21,1656510,2019-09-06 19:47:42:253,-0.9475,-2.0785,8.6355,-0.0126,0.0314,9.8065,0.1742,-0.2528,0.0271,-9.31,-33.75,28.75,31.91,-84.92,-133.96
52.43136,-1.52208,169.85,5.06,2,96.77,20 / 21,1656610,2019-09-06 19:47:42:353,-0.9151,-2.5474,10.3274,-0.0125,0.0204,9.8066,0.1694,-0.2474,0.0224,-9.19,-34,29.19,33.15,-84.95,-132.8
52.43136,-1.52208,169.85,5.06,2,96.77,20 / 21,1656709,2019-09-06 19:47:42:452,0.1008,-1.291,10.9272,-0.0107,0.0234,9.8066,0.1357,-0.1793,0.0656,-8.31,-33.81,29.56,32.75,-84.92,-135.43
52.43136,-1.52208,169.85,5.06,2,96.77,20 / 21,1656811,2019-09-06 19:47:42:554,-0.4932,-1.3724,11.7329,0.0616,-0.0942,9.806,0.2738,-0.1338,-0.0884,-8.19,-33.81,30.06,32.07,-84.95,-136.04
52.43136,-1.52208,169.85,5.06,2,96.77,20 / 21,1656910,2019-09-06 19:47:42:653,0.0766,-0.4853,9.6968,0.0407,-0.066,9.8063,-0.1175,0.0029,0.0527,-7.75,-33.94,29.69,21.63,-84.92,-145.56
52.43136,-1.52208,169.85,5.06,2,96.77,20 / 21,1657010,2019-09-06 19:47:42:753,-0.7029,0.015,10.2559,0.0021,-0.0202,9.8066,-0.078,-0.0845,0.0985,-7.69,-33.5,29.31,21.62,-85,-145.06
52.43136,-1.52208,169.85,5.06,2,96.77,20 / 21,1657110,2019-09-06 19:47:42:853,1.6159,0.3484,10.105,0.0044,0.044,9.8065,-0.0072,-0.0381,-0.0531,-7.31,-33.19,29.25,23.61,-85.53,-144.86
52.43136,-1.52208,169.85,5.06,2,96.77,20 / 21,1657209,2019-09-06 19:47:42:952,2.4817,-2.2477,9.7377,-0.0005,0.0133,9.8066,0.2365,0.1255,-0.0691,-7.75,-32.87,29.94,21.51,-85.5,-145.37
52.43136,-1.52208,169.85,5.06,2,96.77,20 / 21,1657310,2019-09-06 19:47:43:053,1.1183,-3.5177,9.9396,0.0094,-0.0697,9.8064,-0.2478,-0.0043,0.047,-7.37,-33.06,30.31,22.1,-85.46,-146.66
52.43136,-1.52208,169.85,5.06,2,96.77,20 / 21,1657409,2019-09-06 19:47:43:152,0.3263,-0.8922,9.7576,0.0119,-0.0557,9.8064,-0.2003,-0.009,0.0184,-7.44,-33.12,30.19,20,-84.96,-148.79
52.43136,-1.52208,169.85,5.06,2,96.77,20 / 21,1657510,2019-09-06 19:47:43:253,-0.1706,-0.3243,9.5237,-0.0032,0.0015,9.8066,-0.2056,0.0425,-0.0802,-7.44,-33.25,29.94,21.35,-85.13,-147.49
52.43136,-1.52208,169.85,5.06,2,96.77,20 / 21,1657609,2019-09-06 19:47:43:352,1.4119,-1.3955,9.987,0.0177,0.0024,9.8066,0.21,0.057,-0.0106,-7.44,-33,29.56,19.56,-85.28,-149.06
52.43136,-1.52208,169.85,5.06,2,96.77,20 / 21,1657710,2019-09-06 19:47:43:453,0.1645,-0.9959,10.8073,-0.0122,0.063,9.8064,0.3004,0.0067,0.008,-7.25,-33.19,29.88,18.41,-85.15,-150.16
52.43136,-1.52208,169.85,5.06,2,96.77,20 / 21,1657809,2019-09-06 19:47:43:552,2.326,-1.8753,10.671,-0.0136,0.0776,9.8062,-0.2869,-0.0394,0.1146,-7.06,-32.62,30,20.02,-85.55,-148.53
52.43136,-1.52208,169.85,5.06,2,96.77,20 / 21,1657909,2019-09-06 19:47:43:652,1.2692,0.4337,9.2891,0.0241,-0.1275,9.8057,-0.2445,0.0698,0.0021,-7.75,-32.37,30.38,14.16,-84.75,-152.29
52.43136,-1.52208,169.85,5.06,2,96.77,20 / 21,1658010,2019-09-06 19:47:43:753,-1.2396,-0.5813,8.8107,0.0212,-0.1164,9.8058,0.0755,0.0687,-0.0693,-7.12,-32.44,29.75,15.57,-84.63,-152.86
52.43136,-1.52208,169.85,5.06,2,96.77,20 / 21,1658110,2019-09-06 19:47:43:853,-0.0788,0.9157,9.2254,-0.0203,0.0797,9.8063,0.0229,0.0539,-0.0689,-7.44,-32.25,29.69,18.21,-84.88,-150.39
52.43136,-1.52208,169.85,5.06,2,96.77,20 / 21,1658209,2019-09-06 19:47:43:952,0.1673,-2.3199,10.2627,-0.0282,0.0875,9.8062,-0.0107,0.0384,0.0364,-7.31,-32.12,29.88,18.12,-84.98,-150.43
52.43136,-1.52208,169.85,5.06,2,96.77,20 / 21,1658309,2019-09-06 19:47:44:052,0.4607,-2.641,9.9311,0.0233,-0.0214,9.8066,0.0967,-0.0626,0.012,-7.69,-31.94,29.69,15.4,-85.01,-151.08
52.431023,-1.521407,168.03,10.75,3,168.91,19 / 21,1658409,2019-09-06 19:47:44:152,0.9161,-1.1866,9.9916,0.0228,0.0091,9.8065,0.2001,-0.0397,-0.124,-7.19,-32.56,29.75,16.29,-85.11,-152.1
52.431023,-1.521407,168.03,10.75,3,168.91,19 / 21,1658510,2019-09-06 19:47:44:253,0.9156,-0.6035,9.9062,0.0285,-0.074,9.8063,0.1359,0.071,-0.0449,-6.75,-32.31,29.06,9.67,-85.17,-157.66
52.431023,-1.521407,168.03,10.75,3,168.91,19 / 21,1658609,2019-09-06 19:47:44:352,1.1883,-2.3837,9.7457,0.0082,0.0196,9.8066,0.1596,0.047,-0.0631,-6.19,-32.12,29.31,10,-85.28,-159.23
52.431023,-1.521407,168.03,10.75,3,168.91,19 / 21,1658710,2019-09-06 19:47:44:453,1.7073,-2.272,9.5005,0.004,-0.0297,9.8065,-0.0646,-0.087,0.0415,-6.19,-32.19,28.88,7.2,-85.1,-161.8
52.431023,-1.521407,168.03,10.75,3,168.91,19 / 21,1658809,2019-09-06 19:47:44:552,-0.8384,-1.1597,9.9184,-0.0035,0.0079,9.8066,-0.0291,0.0928,-0.0493,-6.56,-32.44,29,5.2,-84.92,-161.74
52.431023,-1.521407,168.03,10.75,3,168.91,19 / 21,1658909,2019-09-06 19:47:44:652,0.2091,-1.5271,9.6915,-0.0064,0.0243,9.8065,-0.023,0.0575,-0.0255,-6.06,-32.25,29.25,7.49,-85.15,-161.53
52.431023,-1.521407,168.03,10.75,3,168.91,19 / 21,1659009,2019-09-06 19:47:44:752,0.5622,-1.2774,9.5194,-0.0093,0.0224,9.8066,0.0929,-0.0368,0.0326,-6.06,-32.19,29.5,9.17,-85.39,-160.31
52.431023,-1.521407,168.03,10.75,3,168.91,19 / 21,1659109,2019-09-06 19:47:44:852,0.0795,-0.2486,10.9728,-0.0137,-0.0225,9.8065,0.036,-0.0719,-0.0352,-6.06,-33,29.5,10.37,-85.12,-159.3
52.431023,-1.521407,168.03,10.75,3,168.91,19 / 21,1659210,2019-09-06 19:47:44:953,0.3485,-0.8842,10.4223,0.0106,-0.0319,9.8065,0.1598,-0.0327,-0.0197,-6.12,-32.31,29.69,7.52,-84.74,-161.92
52.431023,-1.521407,168.03,10.75,3,168.91,19 / 21,1659310,2019-09-06 19:47:45:053,-0.1841,-2.1138,9.3205,-0.0024,-0.0242,9.8065,-0.1941,-0.0667,0.0625,-5.94,-32.5,30,6.71,-84.38,-162.7
52.431023,-1.521407,168.03,10.75,3,168.91,21 / 22,1659409,2019-09-06 19:47:45:152,-0.39,-1.4194,9.5884,-0.0051,-0.0024,9.8066,-0.1856,-0.0286,0.0631,-6.12,-32.5,29.69,8.13,-84.37,-161.43
52.431023,-1.521407,168.03,10.75,3,168.91,21 / 22,1659510,2019-09-06 19:47:45:253,-0.2893,0.2321,9.9037,-0.0057,0.0366,9.8065,0.0837,-0.0164,-0.0251,-6.31,-33.19,29.81,9.99,-84.63,-159.75
52.431023,-1.521407,168.03,10.75,3,168.91,21 / 22,1659610,2019-09-06 19:47:45:353,0.1949,-1.3787,9.8147,0.002,0.0103,9.8066,0.0904,-0.0676,0.0169,-6,-33.12,29.63,10.6,-84.79,-159.17
52.431023,-1.521407,168.03,10.75,3,168.91,21 / 22,1659710,2019-09-06 19:47:45:453,1.1962,-1.537,10.1323,-0.0079,0.0048,9.8066,-0.0528,-0.1168,0.0972,-6.75,-33.25,30.25,8.57,-84.62,-159.19
52.431023,-1.521407,168.03,10.75,3,168.91,21 / 22,1659810,2019-09-06 19:47:45:553,-0.1673,-1.6614,9.6192,0.026,-0.0308,9.8065,-0.0746,-0.0893,-0.0493,-5.94,-33.12,29.19,9.2,-84.27,-160.17
52.431023,-1.521407,168.03,10.75,3,168.91,21 / 22,1659911,2019-09-06 19:47:45:654,-0.0598,-0.5106,10.9117,-0.0169,-0.0161,9.8066,0.1166,-0.0156,0.0707,-6.37,-33.87,29.75,8.66,-84.45,-161
52.431023,-1.521407,168.03,10.75,3,168.91,21 / 22,1660010,2019-09-06 19:47:45:753,-0.4923,0.8358,10.4315,-0.0253,0.0111,9.8066,0.1979,-0.1011,0.0311,-6.44,-33.62,29.94,12.03,-84.46,-158
52.431023,-1.521407,168.03,10.75,3,168.91,21 / 22,1660110,2019-09-06 19:47:45:853,-1.1502,-1.2909,9.8373,-0.0291,-0.021,9.8066,-0.1315,-0.0293,-0.0119,-7.19,-33.12,30.5,11.25,-84.12,-157.27
52.431023,-1.521407,168.03,10.75,3,168.91,21 / 22,1660210,2019-09-06 19:47:45:953,-0.5817,-1.7161,10.6957,-0.0154,-0.0097,9.8065,0.0128,-0.0774,0.0627,-6.5,-33.19,30.19,15.23,-84.1,-155.21
52.431023,-1.521407,168.03,10.75,3,168.91,21 / 22,1660309,2019-09-06 19:47:46:052,0.8125,0.1588,10.0823,0.0019,-0.0187,9.8066,-0.1859,-0.0858,0.0805,-6.69,-33,30.44,14.11,-84.03,-154.39
52.431023,-1.521407,168.03,10.75,3,168.91,20 / 21,1660410,2019-09-06 19:47:46:153,-1.1224,0.4321,9.8461,-0.0012,-0.0628,9.8063,-0.1687,-0.0483,-0.0509,-5.81,-32.94,30.44,16.14,-83.76,-154.51
52.431023,-1.521407,168.03,10.75,3,168.91,20 / 21,1660510,2019-09-06 19:47:46:253,0.8043,-0.6433,10.3054,-0.0069,0.0329,9.8065,0.0827,-0.0948,0.0481,-5.69,-32.44,30.31,16.99,-83.79,-153.69
52.431023,-1.521407,168.03,10.75,3,168.91,20 / 21,1660610,2019-09-06 19:47:46:353,0.2994,-0.4101,9.205,-0.0154,0.046,9.8065,0.0855,-0.0561,-0.0014,-5.81,-32.62,30.44,17.95,-83.94,-152.85
52.431023,-1.521407,168.03,10.75,3,168.91,20 / 21,1660710,2019-09-06 19:47:46:453,-0.462,-0.2081,10.3207,0.0033,-0.0355,9.8065,-0.0608,-0.0867,0,-6.56,-33,29.25,14.38,-83.87,-153.81
52.431023,-1.521407,168.03,10.75,3,168.91,20 / 21,1660810,2019-09-06 19:47:46:553,0.3472,-0.5511,9.2287,-0.0008,-0.0224,9.8066,-0.0186,-0.0181,0.0205,-5.94,-33.06,29.19,16.98,-83.89,-153.41
52.431023,-1.521407,168.03,10.75,3,168.91,20 / 21,1660910,2019-09-06 19:47:46:653,-0.9049,1.6316,9.9861,-0.0015,-0.0092,9.8065,0.1875,-0.0396,-0.0465,-6.37,-33.5,28.88,17.66,-83.72,-152.87
52.431023,-1.521407,168.03,10.75,3,168.91,20 / 21,1661010,2019-09-06 19:47:46:753,-0.2357,-0.9641,10.3047,-0.0145,0.0119,9.8065,0.1734,-0.0933,-0.0073,-6.25,-33.06,29.94,18.51,-83.71,-152.43
52.431023,-1.521407,168.03,10.75,3,168.91,20 / 21,1661110,2019-09-06 19:47:46:853,-0.0299,-0.8435,10.5694,-0.0061,-0.011,9.8066,-0.0181,-0.0567,0.0076,-6.37,-33.81,29.81,18.72,-83.53,-152.39
52.431023,-1.521407,168.03,10.75,3,168.91,20 / 21,1661209,2019-09-06 19:47:46:952,-0.2471,-0.317,9.486,0.0034,-0.0013,9.8066,-0.0523,-0.0811,0.0077,-6.62,-33.69,29.94,16.37,-83.54,-152.6
52.431023,-1.521407,168.03,10.75,3,168.91,20 / 21,1661310,2019-09-06 19:47:47:053,-0.1345,0.1458,9.92,-0.0059,0.0111,9.8066,0.0079,-0.0289,-0.0149,-6.37,-33.5,29.94,18.43,-83.47,-152.59
52.431023,-1.521407,168.03,10.75,3,168.91,20 / 21,1661410,2019-09-06 19:47:47:153,-0.4608,-0.3428,9.9609,0.0035,-0.0024,9.8066,0.0664,0.0047,0.0889,-6,-33.25,29.94,19.17,-83.53,-151.92
52.431023,-1.521407,168.03,10.75,3,168.91,20 / 21,1661510,2019-09-06 19:47:47:253,0.2283,0.737,10.041,-0.004,0.0246,9.8066,0.1116,-0.0422,-0.0143,-5.94,-33.75,28.94,18.58,-83.35,-152.27
52.431023,-1.521407,168.03,10.75,3,168.91,20 / 21,1661610,2019-09-06 19:47:47:353,0.3503,-1.0529,9.2423,-0.0043,0.0112,9.8065,0.0559,-0.0273,0.0003,-6.69,-34.44,30,17.37,-83.33,-151.8
52.431023,-1.521407,168.03,10.75,3,168.91,20 / 21,1661710,2019-09-06 19:47:47:453,-0.3446,-0.2091,10.3597,-0.0014,0.0143,9.8066,0.0013,-0.005,0.0289,-6.31,-34.12,29.81,19.6,-83.19,-151.75
52.431023,-1.521407,168.03,10.75,3,168.91,20 / 21,1661809,2019-09-06 19:47:47:552,0.2114,0.6538,9.9153,-0.0072,0.0181,9.8066,0.023,0.0411,-0.0174,-6.25,-33.87,30,19.99,-83.29,-151.37
52.431023,-1.521407,168.03,10.75,3,168.91,20 / 21,1661909,2019-09-06 19:47:47:652,-0.2389,-1.1396,9.6724,0.0003,0.0098,9.8066,0.0146,-0.0001,0.0308,-6.75,-34.37,30.44,17.6,-83.17,-151.66
52.431023,-1.521407,168.03,10.75,3,168.91,20 / 21,1662010,2019-09-06 19:47:47:753,-0.4696,-0.9566,9.9528,-0.0035,-0.0148,9.8065,-0.0102,-0.0654,0.0153,-6.81,-34,30.56,18.71,-83.08,-151.07
52.431023,-1.521407,168.03,10.75,3,168.91,20 / 21,1662110,2019-09-06 19:47:47:853,-0.3275,-0.1453,9.6482,0.0086,-0.0244,9.8066,0.0102,-0.0647,-0.0155,-6.31,-33.37,30.81,20.5,-82.99,-151.25
52.431023,-1.521407,168.03,10.75,3,168.91,20 / 21,1662210,2019-09-06 19:47:47:953,-0.2406,-0.1623,8.7172,-0.004,0.0126,9.8066,-0.0431,-0.0053,0.0432,-6.19,-33.62,30.75,21.52,-83.07,-150.4
52.431023,-1.521407,168.03,10.75,3,168.91,20 / 21,1662310,2019-09-06 19:47:48:053,-0.5421,2.2213,9.6422,0.0005,-0.0269,9.8065,-0.1857,-0.0704,0.0425,-5.19,-33.44,31.56,23.53,-82.99,-150.6
52.431023,-1.521407,168.03,10.75,3,168.91,20 / 21,1662409,2019-09-06 19:47:48:152,-0.6792,-0.6121,10.8717,-0.0088,0.0108,9.8066,0.0755,-0.0658,0.011,-4.94,-33.06,31.56,24.49,-82.86,-149.81
52.431023,-1.521407,168.03,10.75,3,168.91,20 / 21,1662511,2019-09-06 19:47:48:254,0.3515,1.1951,10.1699,0.0053,0.015,9.8066,0.0134,-0.077,0.0804,-4.62,-32.5,30.94,23.73,-82.84,-150.21
52.431023,-1.521407,168.03,10.75,3,168.91,20 / 21,1662609,2019-09-06 19:47:48:352,-0.0351,-0.9266,9.6233,-0.0006,-0.0268,9.8065,-0.0826,-0.0265,0.0191,-4.37,-32.5,30.94,25.68,-82.69,-150.39
52.431023,-1.521407,168.03,10.75,3,168.91,20 / 21,1662709,2019-09-06 19:47:48:452,-0.3693,-0.2921,9.6166,-0.0027,-0.0193,9.8065,0.0015,-0.0766,0.0022,-3.87,-32.81,30.31,25.72,-82.57,-150.39
52.431023,-1.521407,168.03,10.75,3,168.91,20 / 21,1662810,2019-09-06 19:47:48:553,-0.0789,0.5043,9.824,-0.0045,0.0272,9.8066,0.0104,-0.0543,0.0112,-3.75,-32.12,30.13,26.85,-82.7,-149.23
52.431023,-1.521407,168.03,10.75,3,168.91,20 / 21,1662910,2019-09-06 19:47:48:653,0.2688,-0.5442,9.9586,0.0051,-0.0074,9.8066,-0.0369,-0.006,0.0819,-4.12,-32.31,30.06,27.16,-82.68,-148.97
52.431023,-1.521407,168.03,10.75,3,168.91,20 / 21,1663009,2019-09-06 19:47:48:752,-0.7651,0.627,9.1601,-0.0161,-0.011,9.8065,-0.0559,-0.0479,0.0467,-3.94,-32.44,29.69,27.89,-82.55,-148.41
52.431023,-1.521407,168.03,10.75,3,168.91,20 / 21,1663109,2019-09-06 19:47:48:852,-0.326,-0.8404,9.665,-0.0098,-0.0201,9.8066,0.063,-0.1214,-0.005,-2.94,-32.56,29.5,30.6,-82.48,-148.1
52.431023,-1.521407,168.03,10.75,3,168.91,20 / 21,1663210,2019-09-06 19:47:48:953,-1.3625,-0.3707,9.5507,0.0079,0.0194,9.8066,0.0608,-0.08,-0.0231,-3.75,-32.94,29.81,28.3,-82.48,-148.2
52.431023,-1.521407,168.03,10.75,3,168.91,20 / 21,1663311,2019-09-06 19:47:49:054,-0.6787,0.3876,10.2642,0.0023,0.0136,9.8066,0.1049,0.0228,-0.0458,-3.19,-32.5,29.81,29.41,-82.67,-148.9
52.431023,-1.521407,168.03,10.75,3,168.91,19 / 20,1663410,2019-09-06 19:47:49:153,-0.3188,0.9531,11.1712,-0.0038,0.0547,9.8065,-0.014,-0.0387,-0.0648,-3.5,-32.12,29.38,27.59,-82.85,-150.32
52.431023,-1.521407,168.03,10.75,3,168.91,19 / 20,1663510,2019-09-06 19:47:49:253,0.6737,-1.0063,10.0221,0.0155,0.0501,9.8064,0.183,-0.1539,-0.0149,-3.12,-32.25,29.19,25.43,-82.81,-152.23
52.431023,-1.521407,168.03,10.75,3,168.91,19 / 20,1663609,2019-09-06 19:47:49:352,-1.7717,-1.3583,10.1864,0.0093,0.0338,9.8066,0.2304,-0.0651,-0.035,-3.31,-32.25,29.31,23.27,-82.63,-154.19
52.431023,-1.521407,168.03,10.75,3,168.91,19 / 20,1663709,2019-09-06 19:47:49:452,-0.5115,-1.3529,10.7559,-0.0056,0.0641,9.8063,-0.1184,-0.0057,-0.0502,-3,-32.44,28.94,22.82,-82.98,-154.41
52.431023,-1.521407,168.03,10.75,3,168.91,19 / 20,1663810,2019-09-06 19:47:49:553,-0.1324,-0.3179,10.4625,0.0046,-0.0073,9.8066,0.1288,-0.0343,0.0436,-2.62,-33.31,29.63,22.3,-82.94,-155.07
52.431023,-1.521407,168.03,10.75,3,168.91,19 / 20,1663910,2019-09-06 19:47:49:653,-1.2561,-0.8274,10.4133,0.0037,-0.0119,9.8066,0.0182,0.0132,-0.0231,-3.56,-33.31,28.81,19.57,-82.85,-155.41
52.431023,-1.521407,168.03,10.75,3,168.91,19 / 20,1664010,2019-09-06 19:47:49:753,-0.3673,0.7257,9.3208,0.0073,-0.0241,9.8066,-0.0327,-0.0874,-0.0099,-4.06,-32.81,29,19.96,-82.58,-155.19
52.431023,-1.521407,168.03,10.75,3,168.91,19 / 20,1664110,2019-09-06 19:47:49:853,-0.6447,-1.1522,10.1044,-0.0076,0.0067,9.8066,-0.0384,0.0032,0.0081,-4.06,-33.06,30.19,19.64,-82.53,-155.65
52.431023,-1.521407,168.03,10.75,3,168.91,19 / 20,1664209,2019-09-06 19:47:49:952,0.125,-0.3892,9.616,0.0029,-0.0058,9.8066,-0.0558,-0.0283,0.0273,-4.19,-33.37,29.88,20.42,-82.65,-154.94
52.431023,-1.521407,168.03,10.75,3,168.91,19 / 20,1664309,2019-09-06 19:47:50:052,0.6148,-0.4422,9.7125,-0.0028,-0.0204,9.8065,0.0977,-0.0445,0.0189,-4.12,-33.06,30.25,20.63,-82.61,-154.76
52.431023,-1.521407,168.03,10.75,3,168.91,19 / 20,1664410,2019-09-06 19:47:50:153,-0.2109,-0.6898,9.7308,-0.0054,0.0034,9.8065,0.0526,-0.06,0.0054,-4.12,-33.19,30.06,21.61,-82.63,-153.92
52.431023,-1.521407,168.03,10.75,3,168.91,19 / 20,1664509,2019-09-06 19:47:50:252,0.0098,-0.1373,9.7575,0.0012,-0.0112,9.8066,-0.0526,-0.0281,-0.0358,-3.44,-33.12,29.94,23.69,-82.54,-154.06
52.431023,-1.521407,168.03,10.75,3,168.91,19 / 20,1664610,2019-09-06 19:47:50:353,-0.1789,-0.3697,10.0188,0.0078,0.0294,9.8066,-0.0195,-0.046,0.0101,-3.31,-32.75,30.19,22.99,-82.67,-154.6
52.431023,-1.521407,168.03,10.75,3,168.91,19 / 20,1664710,2019-09-06 19:47:50:453,-0.2953,-0.5338,9.6314,0.0046,0.0115,9.8066,-0.063,-0.0263,-0.0207,-3.62,-33,29.63,20.13,-82.72,-155.16
52.431023,-1.521407,168.03,10.75,3,168.91,19 / 20,1664810,2019-09-06 19:47:50:553,-0.7782,0.2562,10.0856,0.0027,0.0151,9.8066,0.0031,-0.0528,-0.0404,-3.25,-33.75,29.88,21.54,-82.83,-155.87
52.431023,-1.521407,168.03,10.75,3,168.91,19 / 20,1664909,2019-09-06 19:47:50:652,-0.2406,-0.3835,9.5676,0.0097,-0.0243,9.8065,0.1049,-0.0699,0.0458,-2.87,-33.37,30.38,19.99,-82.79,-157.14
52.431023,-1.521407,168.03,10.75,3,168.91,19 / 20,1665009,2019-09-06 19:47:50:752,0.4774,-0.8013,9.0552,-0.0087,0.0485,9.8065,0.2177,0.01,0.0235,-2.87,-33,30.75,20.46,-83.01,-156.74
52.431023,-1.521407,168.03,10.75,3,168.91,19 / 20,1665109,2019-09-06 19:47:50:852,0.3471,-1.3866,9.4743,-0.0039,0.0237,9.8066,-0.0826,-0.0864,-0.0485,-2.31,-32.81,30,22.41,-82.85,-156.92
52.431023,-1.521407,168.03,10.75,3,168.91,19 / 20,1665209,2019-09-06 19:47:50:952,-0.3458,1.8901,11.0892,0.0025,-0.0025,9.8066,-0.0067,-0.0568,-0.0193,-2.56,-33.06,29.88,19.48,-82.8,-157.57
52.431023,-1.521407,168.03,10.75,3,168.91,19 / 20,1665310,2019-09-06 19:47:51:053,0.0614,-0.3552,10.6968,0.0071,0.0109,9.8066,-0.0473,-0.0262,0.0088,-1.44,-32.12,31,23.42,-82.9,-157.8
52.431023,-1.521407,168.03,10.75,3,168.91,21 / 22,1665410,2019-09-06 19:47:51:153,0.3117,-0.5939,9.8126,0.013,-0.0302,9.8066,-0.1619,-0.0746,0.0047,-1.37,-32.44,30.75,22.06,-82.66,-159.1
52.431023,-1.521407,168.03,10.75,3,168.91,21 / 22,1665509,2019-09-06 19:47:51:252,-0.9934,-1.1922,9.9376,0.0002,-0.0346,9.8065,0.098,-0.0572,0.0075,-1.37,-31.87,30.13,21.94,-82.66,-159.23
52.431023,-1.521407,168.03,10.75,3,168.91,21 / 22,1665610,2019-09-06 19:47:51:353,0.1575,-1.3368,9.6703,-0.005,0.0199,9.8065,0.0601,0.0193,0.0056,-1.69,-32.19,29.94,20.17,-82.87,-158.77
52.431023,-1.521407,168.03,10.75,3,168.91,21 / 22,1665709,2019-09-06 19:47:51:452,-0.2231,-0.3359,9.7419,0.0034,0.0177,9.8066,0.0241,-0.0407,0.0477,-1.62,-31.94,29.19,20.35,-83.02,-158.51
52.431023,-1.521407,168.03,10.75,3,168.91,21 / 22,1665809,2019-09-06 19:47:51:552,-0.4393,1.6905,10.4742,-0.0035,-0.0071,9.8066,0.0032,-0.061,0.0035,-2.37,-31.87,29,21.26,-82.91,-157.77
52.431023,-1.521407,168.03,10.75,3,168.91,21 / 22,1665909,2019-09-06 19:47:51:652,0.5209,-1.1003,9.8033,-0.0042,0.0032,9.8066,-0.0086,-0.0677,0.0513,-1.94,-31.62,29.63,21.23,-82.84,-157.87
52.431023,-1.521407,168.03,10.75,3,168.91,21 / 22,1666009,2019-09-06 19:47:51:752,-0.482,-0.4382,9.9249,-0.009,-0.0169,9.8066,-0.0563,0.0674,-0.0153,-1.69,-32.25,30.06,20.96,-82.67,-158.17
52.431023,-1.521407,168.03,10.75,3,168.91,21 / 22,1666109,2019-09-06 19:47:51:852,0.0466,0.1192,9.9434,0.0029,0.0149,9.8065,-0.0509,-0.0068,-0.0036,-1.62,-32,29.25,20.91,-82.84,-158.11
52.431023,-1.521407,168.03,10.75,3,168.91,21 / 22,1666209,2019-09-06 19:47:51:952,-0.6637,-0.2301,10.1269,0.0003,0.0124,9.8066,0.0201,-0.0462,0.0077,-0.56,-31.44,29.19,23.97,-82.92,-157.29
52.431023,-1.521407,168.03,10.75,3,168.91,21 / 22,1666310,2019-09-06 19:47:52:053,0.1675,0.4991,9.9578,-0.0055,0.0066,9.8066,0.0324,0.0043,-0.007,-1.31,-31,28.81,24.17,-82.9,-157.12
52.431023,-1.521407,168.03,10.75,3,168.91,20 / 21,1666410,2019-09-06 19:47:52:153,-0.0731,-0.214,9.7484,-0.0083,-0.0217,9.8066,-0.0011,0.0391,0.0022,-0.87,-30.44,27.38,24.26,-82.91,-157.02
52.431023,-1.521407,168.03,10.75,3,168.91,20 / 21,1666510,2019-09-06 19:47:52:253,0.3872,-0.3577,9.4423,0.0088,-0.0197,9.8065,-0.0144,-0.0773,0.0014,-3.19,-30.19,27.38,18.8,-82.76,-157.57
52.431023,-1.521407,168.03,10.75,3,168.91,20 / 21,1666610,2019-09-06 19:47:52:353,-0.8462,0.68,9.3417,0.0018,0.0184,9.8066,-0.0454,-0.0417,0.0208,-4.44,-30.62,28.69,17.16,-82.83,-157.35
52.431023,-1.521407,168.03,10.75,3,168.91,20 / 21,1666710,2019-09-06 19:47:52:453,-0.8257,1.0095,9.6131,-0.0002,-0.002,9.8066,0.0072,-0.051,0.0176,-4.06,-30.81,29.63,17.22,-82.83,-157.48
52.431023,-1.521407,168.03,10.75,3,168.91,20 / 21,1666810,2019-09-06 19:47:52:553,0.3046,0.1196,9.9344,-0.0005,0.0037,9.8066,0.0092,-0.0283,-0.0605,-2.37,-32,30.44,21.04,-82.94,-157.98
52.431023,-1.521407,168.03,10.75,3,168.91,20 / 21,1666910,2019-09-06 19:47:52:653,-0.3075,0.1239,9.7313,0.0141,0.0062,9.8066,-0.0003,-0.0694,-0.0308,-2.25,-32.5,29.56,19.91,-82.95,-158.97
52.431023,-1.521407,168.03,10.75,3,168.91,20 / 21,1667010,2019-09-06 19:47:52:753,-0.4484,0.0751,9.5091,0.0063,-0.003,9.8066,0.0109,-0.0702,0.031,-1.81,-32.81,29.25,20.2,-82.88,-158.78
52.431023,-1.521407,168.03,10.75,3,168.91,20 / 21,1667110,2019-09-06 19:47:52:853,-0.1779,-0.2353,9.6441,-0.0003,-0.0087,9.8066,-0.0807,-0.0103,0.0298,-2.31,-33.06,29.81,19.34,-82.82,-159.59
52.431023,-1.521407,168.03,10.75,3,168.91,20 / 21,1667210,2019-09-06 19:47:52:953,0.1735,-0.561,9.8181,-0.0037,0.0202,9.8066,0.0936,-0.0506,0.0579,-2.12,-32.62,29.63,20.24,-83.03,-158.72
52.431023,-1.521407,168.03,10.75,3,168.91,20 / 21,1667310,2019-09-06 19:47:53:053,0.0731,0.447,9.7826,-0.0002,0.0162,9.8066,-0.0705,-0.0621,-0.0246,-2.06,-32.81,29.13,20.9,-83.02,-158.12
52.429993,-1.521399,165.83,13.96,3,189.24,19 / 21,1667409,2019-09-06 19:47:53:152,-0.2703,-0.6471,10.2361,0.0018,-0.0234,9.8066,-0.0441,-0.0401,-0.0644,-2.75,-33.44,29.38,18.31,-82.94,-158.42
52.429993,-1.521399,165.83,13.96,3,189.24,19 / 21,1667509,2019-09-06 19:47:53:252,0.0319,-1.0253,9.7656,0.0077,-0.0021,9.8066,0.0116,-0.0154,0.0222,-1.87,-32.62,29.88,19.04,-82.76,-159.87
52.429993,-1.521399,165.83,13.96,3,189.24,19 / 21,1667610,2019-09-06 19:47:53:353,-0.6512,0.6976,10.1169,0.007,-0.0128,9.8066,-0.0597,-0.0566,0.0065,-1.87,-32.06,29.81,18.61,-82.77,-160.17
52.429993,-1.521399,165.83,13.96,3,189.24,19 / 21,1667709,2019-09-06 19:47:53:452,-0.4538,-0.3009,9.8137,0.0036,0.0017,9.8066,0.0593,0.0688,-0.0948,-1.31,-31.19,30.06,20.47,-82.92,-160.32
52.429993,-1.521399,165.83,13.96,3,189.24,19 / 21,1667810,2019-09-06 19:47:53:553,0.6474,0.132,10.5347,0.0083,-0.0041,9.8066,0.0587,-0.0852,0.0395,-0.94,-30.56,29.06,19.25,-82.95,-161.39
52.429993,-1.521399,165.83,13.96,3,189.24,19 / 21,1667910,2019-09-06 19:47:53:653,-0.1539,1.3956,9.3572,0.0122,0.0275,9.8066,-0.0675,-0.0113,0.0671,-1.62,-30.5,28.19,17.15,-82.86,-161.14
52.429993,-1.521399,165.83,13.96,3,189.24,19 / 21,1668009,2019-09-06 19:47:53:752,-0.2915,1.3286,9.7079,-0.0173,0.0094,9.8065,-0.0964,-0.0111,0.0603,-2,-29.94,29.25,16.68,-82.95,-161.58
52.429993,-1.521399,165.83,13.96,3,189.24,19 / 21,1668110,2019-09-06 19:47:53:853,0.5082,0.8128,9.6508,-0.005,0.0147,9.8066,0.1525,-0.0665,0.0048,-1.06,-29.56,29.81,20.83,-82.96,-159.9
52.429993,-1.521399,165.83,13.96,3,189.24,19 / 21,1668210,2019-09-06 19:47:53:953,-0.3789,-0.7357,10.878,-0.0053,0.0135,9.8066,0.1598,-0.027,0.0009,-1.12,-29.44,30.06,22.43,-82.85,-158.45
52.429993,-1.521399,165.83,13.96,3,189.24,19 / 21,1668309,2019-09-06 19:47:54:052,0.0408,-0.1991,10.2695,0.0037,0.0152,9.8065,-0.0629,0.0164,0.0179,-1.37,-30.12,30,22.39,-82.78,-158.6
52.429993,-1.521399,165.83,13.96,3,189.24,21 / 22,1668409,2019-09-06 19:47:54:152,0.075,-0.2329,10.2166,-0.0034,-0.0324,9.8066,-0.1049,-0.0384,0.0347,-1.12,-31.56,29.69,22.2,-82.47,-159.1
52.429993,-1.521399,165.83,13.96,3,189.24,21 / 22,1668510,2019-09-06 19:47:54:253,-0.608,0.285,9.4837,-0.0028,-0.0229,9.8066,0.069,-0.0437,0.0073,-0.56,-31.06,29.75,22.55,-82.47,-158.69
52.429993,-1.521399,165.83,13.96,3,189.24,21 / 22,1668609,2019-09-06 19:47:54:352,0.1019,-0.1951,9.311,-0.0002,0.061,9.8064,0.1288,-0.0204,-0.0054,-1.5,-31.44,28.38,22.72,-82.56,-158.58
52.429993,-1.521399,165.83,13.96,3,189.24,21 / 22,1668709,2019-09-06 19:47:54:452,0.231,-2.0447,9.2357,0.0003,0.0656,9.8064,-0.163,0.0194,0.0295,-2.19,-31.94,29.06,22.2,-83.1,-156.87
52.429993,-1.521399,165.83,13.96,3,189.24,21 / 22,1668810,2019-09-06 19:47:54:553,-0.2154,-0.106,9.6355,0.0019,-0.0265,9.8066,-0.0807,-0.0251,-0.0288,-2.12,-31.94,29.13,21.64,-83.06,-157.37
52.429993,-1.521399,165.83,13.96,3,189.24,21 / 22,1668909,2019-09-06 19:47:54:652,0.7415,-0.0004,9.7289,0.0152,-0.0146,9.8066,-0.0729,0.0009,0.0549,-1.37,-32.12,29.75,23.06,-83.16,-158.03
52.429993,-1.521399,165.83,13.96,3,189.24,21 / 22,1669009,2019-09-06 19:47:54:752,0.1336,1.6307,9.3733,-0.0019,0.0016,9.8066,-0.1667,-0.0177,0.0154,-1.62,-32.06,29.38,20.32,-83.06,-158.52
52.429993,-1.521399,165.83,13.96,3,189.24,21 / 22,1669110,2019-09-06 19:47:54:853,1.0657,-0.7534,9.7943,0.0124,0.0021,9.8066,0.1984,0.0078,-0.0119,-1.75,-31.12,29.63,19,-82.99,-159.66
52.429993,-1.521399,165.83,13.96,3,189.24,21 / 22,1669209,2019-09-06 19:47:54:952,-0.2549,1.2581,9.6827,-0.0038,0.0457,9.8065,0.1658,-0.0779,-0.0489,-1.44,-31.31,29.56,21.24,-82.88,-159.66
52.429993,-1.521399,165.83,13.96,3,189.24,21 / 22,1669309,2019-09-06 19:47:55:052,0.89,-0.8421,10.0533,-0.0009,0.0594,9.8064,-0.1086,-0.0353,0.0722,-0.75,-31.12,29.69,22.56,-83.19,-158.37
52.429993,-1.521399,165.83,13.96,3,189.24,21 / 22,1669410,2019-09-06 19:47:55:153,1.0087,-1.331,9.3525,0.0049,-0.0082,9.8066,0.1296,0.0539,-0.039,-0.62,-31.56,29.06,21.75,-83.07,-159.25
52.429993,-1.521399,165.83,13.96,3,189.24,21 / 22,1669510,2019-09-06 19:47:55:253,1.911,-1.5238,9.6023,-0.0042,0.0154,9.8066,-0.2606,-0.1569,0.1104,-1.19,-31.06,29.13,21.32,-83.12,-159.52
52.429993,-1.521399,165.83,13.96,3,189.24,21 / 22,1669609,2019-09-06 19:47:55:352,-0.004,-0.9354,9.7982,0.0145,-0.0756,9.8063,-0.3927,0.0467,-0.0689,-1.06,-31.87,29.06,21.36,-82.87,-159.68
52.429993,-1.521399,165.83,13.96,3,189.24,21 / 22,1669710,2019-09-06 19:47:55:453,-0.3866,5.2364,8.4781,-0.0144,0.094,9.8062,0.0573,-0.0167,0.0743,-1.06,-32.87,29.13,20.64,-83.11,-160.28
52.429993,-1.521399,165.83,13.96,3,189.24,21 / 22,1669810,2019-09-06 19:47:55:553,1.1603,0.7131,8.9825,-0.0022,0.0222,9.8065,-0.2124,0.0698,-0.055,-1.19,-32.37,29,21.86,-83.22,-159.09
52.429993,-1.521399,165.83,13.96,3,189.24,21 / 22,1669910,2019-09-06 19:47:55:653,-0.4242,-0.6418,9.2757,0.0088,-0.0286,9.8066,0.1703,-0.0139,0.0052,-1,-32.56,29.31,21.21,-83.18,-159.76
52.429993,-1.521399,165.83,13.96,3,189.24,21 / 22,1670010,2019-09-06 19:47:55:753,1.1372,-1.6763,10.2741,-0.0014,0.0569,9.8065,0.1479,0.048,-0.0118,-1,-32.5,29.06,22.19,-83.31,-158.76
52.429993,-1.521399,165.83,13.96,3,189.24,21 / 22,1670110,2019-09-06 19:47:55:853,-0.219,-0.6748,10.1136,-0.0069,0.0486,9.8065,-0.0434,-0.0424,-0.0213,-1.06,-32.69,29.25,22.11,-83.23,-158.94
52.429993,-1.521399,165.83,13.96,3,189.24,21 / 22,1670211,2019-09-06 19:47:55:954,0.1929,-0.0266,10.0256,0.0026,-0.022,9.8066,-0.0127,-0.002,-0.0315,-2.06,-33.06,28.69,19.51,-83.08,-159.3
52.429993,-1.521399,165.83,13.96,3,189.24,21 / 22,1670310,2019-09-06 19:47:56:053,-0.4647,-0.5381,10.0003,0.0026,0.0112,9.8066,-0.0815,-0.0043,0.0012,-2.12,-32.69,28.81,19.61,-83.24,-159.14
52.429993,-1.521399,165.83,13.96,3,189.24,21 / 22,1670410,2019-09-06 19:47:56:153,0.014,0.2526,9.5764,-0.0022,-0.0078,9.8066,-0.0349,-0.0406,0.0003,-1.87,-32.5,29.75,20.71,-83.26,-158.14
52.429993,-1.521399,165.83,13.96,3,189.24,21 / 22,1670510,2019-09-06 19:47:56:253,0.3059,-0.8201,9.4351,0.0008,0.0022,9.8066,-0.0411,0.0034,-0.0108,-2.06,-33.31,29.94,21.29,-83.24,-157.72
52.429993,-1.521399,165.83,13.96,3,189.24,21 / 22,1670609,2019-09-06 19:47:56:352,-0.6783,0.4202,9.9746,-0.0007,-0.0072,9.8065,-0.0544,-0.0078,0.0231,-1.69,-32.69,29.75,21.14,-83.19,-157.88
52.429993,-1.521399,165.83,13.96,3,189.24,21 / 22,1670710,2019-09-06 19:47:56:453,-0.1152,0.2084,9.6804,-0.0023,0.0017,9.8066,0.0554,0.0021,-0.0088,-1.31,-32.75,29.44,23.09,-83.19,-158.11
52.429993,-1.521399,165.83,13.96,3,189.24,21 / 22,1670809,2019-09-06 19:47:56:552,0.1981,0.8159,9.9864,-0.0004,0.006,9.8066,-0.0357,0.0023,-0.0214,-1.37,-33.37,29.38,23.25,-83.19,-157.97
52.429993,-1.521399,165.83,13.96,3,189.24,21 / 22,1670910,2019-09-06 19:47:56:653,-0.1629,0.825,9.3524,-0.0006,0.0163,9.8066,0.0101,-0.0177,-0.0022,-1.31,-33.19,29.13,23.4,-83.28,-157.8
52.429993,-1.521399,165.83,13.96,3,189.24,21 / 22,1671010,2019-09-06 19:47:56:753,0.3519,-0.3098,10.7649,0.0014,0.0193,9.8066,0.0652,0.0039,0.0384,-1.37,-33.19,29.19,23.82,-83.22,-157.47
52.429993,-1.521399,165.83,13.96,3,189.24,21 / 22,1671110,2019-09-06 19:47:56:853,-0.2586,0.305,10.6754,-0.0048,-0.0002,9.8065,-0.0335,-0.0414,-0.0171,-1.81,-34.12,29.63,22.02,-83.28,-157.15
52.429993,-1.521399,165.83,13.96,3,189.24,21 / 22,1671210,2019-09-06 19:47:56:953,-0.2976,-0.689,10.2465,0.005,-0.0224,9.8066,-0.0239,0.0028,-0.0437,-1.37,-33.87,29.31,23.37,-83.08,-158.02
52.429993,-1.521399,165.83,13.96,3,189.24,21 / 22,1671310,2019-09-06 19:47:57:053,-0.2221,0.5716,9.6691,0.0093,0.0059,9.8066,-0.0287,-0.018,-0.0141,-1.06,-33.5,29.94,22.66,-83.2,-158.45
52.429993,-1.521399,165.83,13.96,3,189.24,21 / 22,1671410,2019-09-06 19:47:57:153,0.3077,1.8781,10.4458,0.0184,-0.0119,9.8066,-0.0335,0.0013,-0.0023,-1.25,-33.19,29.5,20.59,-83.26,-160.23
52.429993,-1.521399,165.83,13.96,3,189.24,21 / 22,1671509,2019-09-06 19:47:57:252,-0.0768,0.5602,10.4238,0.0054,-0.0248,9.8066,-0.0395,-0.0132,-0.0156,-1.62,-33.81,29.44,17.47,-83.32,-161.04
52.429993,-1.521399,165.83,13.96,3,189.24,21 / 22,1671610,2019-09-06 19:47:57:353,0.0315,1.086,9.5354,0.005,-0.0158,9.8066,-0.1148,-0.0528,-0.0343,-0.56,-33.06,29.69,19.19,-83.38,-161.41
52.429993,-1.521399,165.83,13.96,3,189.24,21 / 22,1671710,2019-09-06 19:47:57:453,-0.5687,0.8457,9.9962,0,-0.0079,9.8066,0.099,-0.0616,-0.059,0.19,-32.5,29.31,20.65,-83.28,-162.09
52.429993,-1.521399,165.83,13.96,3,189.24,21 / 22,1671810,2019-09-06 19:47:57:553,-0.0202,1.2557,10.0446,0.0114,0.0621,9.8064,0.0616,-0.0276,-0.0007,-0.5,-33.06,28.63,21.36,-83.66,-161.38
52.429993,-1.521399,165.83,13.96,3,189.24,21 / 22,1671910,2019-09-06 19:47:57:653,0.1572,-0.3135,10.4268,0.0079,0.0594,9.8064,0.1461,0.0588,0.0724,-0.12,-33.25,28.5,21.14,-83.85,-161.49
52.429993,-1.521399,165.83,13.96,3,189.24,21 / 22,1672010,2019-09-06 19:47:57:753,0.3437,-0.395,10.0313,-0.0046,-0.033,9.8066,0.0517,0.0253,0.0106,-1,-32.94,28.13,19.15,-83.63,-161.37
52.429993,-1.521399,165.83,13.96,3,189.24,21 / 22,1672110,2019-09-06 19:47:57:853,-0.1332,0.4734,10.3678,-0.0061,-0.0198,9.8066,-0.0811,-0.0442,-0.0006,-0.69,-33.25,28.25,19.32,-83.49,-161.29
52.429993,-1.521399,165.83,13.96,3,189.24,21 / 22,1672209,2019-09-06 19:47:57:952,0.322,-0.9009,9.6221,0.0053,-0.015,9.8066,-0.1089,0.0105,-0.016,-1.56,-32.69,27.94,17.05,-83.42,-161.23
52.429993,-1.521399,165.83,13.96,3,189.24,21 / 22,1672309,2019-09-06 19:47:58:052,1.2296,-2.9384,12.1272,0.0007,-0.0087,9.8066,0.6055,-0.1123,0.0273,-2,-32.5,27.69,16.22,-83.34,-161.92
52.429993,-1.521399,165.83,13.96,3,189.24,20 / 22,1672410,2019-09-06 19:47:58:153,-0.0099,-2.8284,11.1987,0.0056,0.0635,9.8064,0.6091,-0.0085,-0.0563,-4.06,-33.06,27.13,12.36,-83.63,-160.93
52.429993,-1.521399,165.83,13.96,3,189.24,20 / 22,1672509,2019-09-06 19:47:58:252,-0.5187,-2.3825,11.3653,-0.0227,0.1026,9.806,-0.7501,0.0788,-0.044,-5.25,-32.5,26.44,9.51,-83.78,-160.9
52.429993,-1.521399,165.83,13.96,3,189.24,20 / 22,1672609,2019-09-06 19:47:58:352,0.1903,0.6739,9.8499,0.059,-0.1474,9.8053,-0.3067,0.0297,0.0975,-10.25,-31.87,28.38,356.76,-83.08,-163.14
52.429993,-1.521399,165.83,13.96,3,189.24,20 / 22,1672710,2019-09-06 19:47:58:453,-1.8395,1.54,9.1471,0.0227,-0.0694,9.8064,-0.0115,0.0336,-0.06,-11.75,-30.94,34.06,358.41,-83.27,-161.98
52.429993,-1.521399,165.83,13.96,3,189.24,20 / 22,1672810,2019-09-06 19:47:58:553,0.3419,0.9273,9.5208,0.006,0.0463,9.8065,-0.1442,-0.0442,0.0009,-5.87,-30.69,39.69,11.05,-83.35,-161.47
52.429993,-1.521399,165.83,13.96,3,189.24,20 / 22,1672909,2019-09-06 19:47:58:652,0.0528,-0.711,10.1199,0.0039,0.002,9.8066,0.1298,0.036,-0.0471,5.56,-30.31,37.38,30.3,-83.64,-161.63
52.429993,-1.521399,165.83,13.96,3,189.24,20 / 22,1673009,2019-09-06 19:47:58:752,-1.4297,-0.5484,10.3496,0.0139,-0.0072,9.8066,0.1304,-0.0554,0.1269,7.94,-31.31,31,34.07,-83.72,-163.97
52.429993,-1.521399,165.83,13.96,3,189.24,20 / 22,1673109,2019-09-06 19:47:58:852,1.2316,0.7274,10.5476,-0.0063,-0.0075,9.8066,0.0095,-0.078,0.0605,5.69,-32.25,27.31,33.11,-83.64,-163.6
52.429993,-1.521399,165.83,13.96,3,189.24,20 / 22,1673210,2019-09-06 19:47:58:953,0.4647,-0.2951,10.401,-0.0061,-0.0357,9.8065,-0.0095,0.0198,-0.0585,2.31,-31.75,27.13,22.44,-83.46,-164.87
52.429993,-1.521399,165.83,13.96,3,189.24,20 / 22,1673312,2019-09-06 19:47:59:055,0.7494,-0.0862,10.4777,0.0017,-0.0185,9.8066,-0.0383,-0.0611,0.0446,0.81,-32.62,27.63,19.45,-83.59,-165.22
52.429993,-1.521399,165.83,13.96,3,189.24,21 / 22,1673410,2019-09-06 19:47:59:153,-0.2821,-0.3199,10.2277,-0.0097,-0.0473,9.8065,-0.1007,0.1078,-0.0536,0.13,-32.12,28.31,17.51,-83.67,-164.76
52.429993,-1.521399,165.83,13.96,3,189.24,21 / 22,1673510,2019-09-06 19:47:59:253,1.6443,1.5052,9.5754,0.0197,-0.0234,9.8066,0.0917,0.0721,0.0119,-0.19,-32.75,28.56,15.88,-83.52,-166.23
52.429993,-1.521399,165.83,13.96,3,189.24,21 / 22,1673610,2019-09-06 19:47:59:353,-1.1645,-0.1715,9.6944,0.0085,0.0098,9.8066,0.0628,-0.0371,0.0477,-0.81,-31.5,28.5,14.11,-83.57,-165.67
52.429993,-1.521399,165.83,13.96,3,189.24,21 / 22,1673710,2019-09-06 19:47:59:453,0.4163,-0.9549,10.6493,-0.0087,0.0123,9.8066,-0.1093,0.0356,-0.0278,-0.69,-32.12,29.06,14.31,-83.64,-165.53
52.429993,-1.521399,165.83,13.96,3,189.24,21 / 22,1673810,2019-09-06 19:47:59:553,-0.1597,-0.6636,9.6468,-0.0016,-0.0253,9.8065,-0.031,-0.0515,-0.0315,-0.19,-31.94,28.56,15.59,-83.54,-166.42
52.429993,-1.521399,165.83,13.96,3,189.24,21 / 22,1673910,2019-09-06 19:47:59:653,2.2143,1.6988,8.7569,0.0143,-0.0614,9.8064,0.2153,-0.1134,0.0539,-0.56,-31.19,28.56,12.33,-83.31,-167.3
52.429993,-1.521399,165.83,13.96,3,189.24,21 / 22,1674010,2019-09-06 19:47:59:753,0.6999,1.6817,8.8108,-0.0094,0.0729,9.8064,0.0628,-0.0124,0.0406,-0.87,-31.69,29.06,11.49,-83.25,-168.09
52.429993,-1.521399,165.83,13.96,3,189.24,21 / 22,1674110,2019-09-06 19:47:59:853,-0.9809,0.5372,10.8479,0.0041,0.0725,9.8063,0.1978,0.119,-0.0178,-0.37,-31.75,29.69,15.36,-83.73,-166.49
52.429993,-1.521399,165.83,13.96,3,189.24,21 / 22,1674210,2019-09-06 19:47:59:953,0.7729,-1.5484,10.1006,-0.0105,0.0209,9.8066,0.2236,0.0107,-0.0026,-0.12,-31.81,29.19,16.29,-83.55,-165.8
52.429993,-1.521399,165.83,13.96,3,189.24,21 / 22,1674310,2019-09-06 19:48:00:053,0.6274,-1.2239,9.7915,-0.0096,-0.021,9.8066,0.1654,0.0088,-0.0123,-0.37,-31.37,28.5,16.14,-83.46,-165.9
52.429993,-1.521399,165.83,13.96,3,189.24,21 / 22,1674410,2019-09-06 19:48:00:153,-1.8359,0.749,10.5305,-0.0049,0.031,9.8065,0.1157,-0.156,0.0741,-1.56,-32.5,28.44,12.79,-83.46,-164.85
52.429993,-1.521399,165.83,13.96,3,189.24,21 / 22,1674510,2019-09-06 19:48:00:253,0.0779,0.1649,9.4739,-0.0023,-0.0467,9.8065,-0.1201,0.0484,0.0168,-2.12,-32.56,28.88,12.96,-83.22,-164.91
52.429993,-1.521399,165.83,13.96,3,189.24,21 / 22,1674610,2019-09-06 19:48:00:353,-0.2084,-1.3268,9.7551,-0.0029,-0.0308,9.8066,-0.1203,0.1222,-0.0488,-1.81,-32.31,29.38,13.23,-83.3,-164.59
52.429993,-1.521399,165.83,13.96,3,189.24,21 / 22,1674710,2019-09-06 19:48:00:453,0.0681,1.0987,9.9734,0.0084,-0.0187,9.8065,0.035,0.0081,-0.0047,-1.25,-32.87,29.75,16.06,-83.41,-164.14
52.429993,-1.521399,165.83,13.96,3,189.24,21 / 22,1674810,2019-09-06 19:48:00:553,-0.4587,1.5266,10.0108,0.0019,-0.0114,9.8066,-0.0737,-0.0243,0.002,-1.25,-32.94,29.56,16.1,-83.45,-164.08
52.429993,-1.521399,165.83,13.96,3,189.24,21 / 22,1674910,2019-09-06 19:48:00:653,-0.4099,0.5856,10.0725,0,0.0112,9.8066,-0.0155,0.0522,0.0066,-0.75,-32.44,29.94,16.49,-83.48,-163.67
52.429993,-1.521399,165.83,13.96,3,189.24,21 / 22,1675009,2019-09-06 19:48:00:752,-0.4709,1.4031,9.4939,-0.0076,-0.0081,9.8066,-0.0372,-0.0092,0.0456,-1.19,-32.75,29.25,16.82,-83.41,-163.47
52.429993,-1.521399,165.83,13.96,3,189.24,21 / 22,1675110,2019-09-06 19:48:00:853,0.9982,-0.1887,9.3864,-0.0007,0.0095,9.8066,0.0518,-0.0494,0.0375,-1.12,-32.81,28.88,16.45,-83.55,-163.75
52.429993,-1.521399,165.83,13.96,3,189.24,21 / 22,1675210,2019-09-06 19:48:00:953,-0.3671,0.9366,10.2414,0.0005,0.0162,9.8066,0.11,-0.0105,-0.0247,-1.06,-32.5,29.38,16.74,-83.63,-163.41
52.429993,-1.521399,165.83,13.96,3,189.24,21 / 22,1675310,2019-09-06 19:48:01:053,-0.6465,-0.1109,10.0908,0.0104,-0.0078,9.8066,-0.0233,-0.0021,0.0387,-0.69,-33,30.31,15.91,-83.71,-164.16
52.429993,-1.521399,165.83,13.96,3,189.24,20 / 21,1675411,2019-09-06 19:48:01:154,-0.0439,0.7373,9.6776,0.0063,-0.0128,9.8065,-0.018,-0.0022,-0.0041,-0.75,-32.31,30.19,15.56,-83.67,-164.43
52.429993,-1.521399,165.83,13.96,3,189.24,20 / 21,1675509,2019-09-06 19:48:01:252,1.6004,-0.3986,10.2625,-0.0243,0.0457,9.8065,0.0867,-0.1964,0.1351,-0.87,-32,29.63,14.97,-83.5,-165
52.429993,-1.521399,165.83,13.96,3,189.24,20 / 21,1675610,2019-09-06 19:48:01:353,3.7358,0.3892,10.5426,0.0171,-0.0378,9.8065,0.0094,0.2341,-0.2749,-0.37,-32.62,30.25,17.83,-83.82,-164.35
52.429993,-1.521399,165.83,13.96,3,189.24,20 / 21,1675710,2019-09-06 19:48:01:453,-1.6811,-1.6495,10.2283,0.0133,-0.0484,9.8065,-0.2489,0.1504,-0.1368,-0.81,-32.75,29.38,15.29,-83.65,-164.72
52.429993,-1.521399,165.83,13.96,3,189.24,20 / 21,1675809,2019-09-06 19:48:01:552,-0.3997,0.8795,9.8045,0.0063,-0.04,9.8065,-0.1107,0.0135,0.0654,-0.87,-32.5,29.94,13.07,-83.77,-166.59
52.429993,-1.521399,165.83,13.96,3,189.24,20 / 21,1675909,2019-09-06 19:48:01:652,0.5503,1.3427,10.0519,0.0067,0.0265,9.8066,0.1037,0.0243,-0.036,-1,-33,29.25,13.49,-83.69,-166.29
52.429993,-1.521399,165.83,13.96,3,189.24,20 / 21,1676010,2019-09-06 19:48:01:753,-0.821,0.4325,10.4045,-0.0008,0.0168,9.8066,0.1336,-0.0903,0.0402,-0.81,-32.5,29.25,12.96,-83.86,-166.65
52.429993,-1.521399,165.83,13.96,3,189.24,20 / 21,1676110,2019-09-06 19:48:01:853,1.4912,-0.3985,10.3544,-0.0198,-0.0346,9.8065,-0.0739,-0.07,0.1663,-1.12,-32.87,29.5,13.94,-83.87,-165.85
52.429993,-1.521399,165.83,13.96,3,189.24,20 / 21,1676209,2019-09-06 19:48:01:952,2.2875,0.5991,8.9786,-0.0005,0.0134,9.8066,-0.0615,0.1979,-0.0238,-1.5,-33.19,29.13,15.5,-83.98,-164.43
52.429993,-1.521399,165.83,13.96,3,189.24,20 / 21,1676310,2019-09-06 19:48:02:053,-1.6705,0.3893,10.2599,0.0011,-0.0045,9.8066,0.0052,-0.1281,0.0781,-1,-33.44,28.94,18.42,-84.01,-161.85
52.428864,-1.521752,164.5,14.33,2,190.79,20 / 21,1676410,2019-09-06 19:48:02:153,-0.7251,1.5827,11.4058,-0.0217,-0.0253,9.8066,0.2041,0.159,-0.073,-1.31,-32.81,29.13,19.01,-83.93,-161.36
52.428864,-1.521752,164.5,14.33,2,190.79,20 / 21,1676509,2019-09-06 19:48:02:252,0.1459,-1.3408,10.9698,-0.0026,-0.0421,9.8065,0.1502,-0.0589,0.0262,-1.56,-33.06,29.5,13.49,-83.27,-164.51
52.428864,-1.521752,164.5,14.33,2,190.79,20 / 21,1676609,2019-09-06 19:48:02:352,1.0555,-1.2628,10.2037,-0.0107,-0.0541,9.8064,0.1273,-0.0843,0.055,-2.31,-33,30,14.13,-82.85,-164.07
52.428864,-1.521752,164.5,14.33,2,190.79,20 / 21,1676709,2019-09-06 19:48:02:452,-0.7292,0.5014,9.2237,0.0201,0.0395,9.8065,0.0045,-0.0539,-0.0024,-1.75,-32.81,30.38,12.91,-83.27,-165.01
52.428864,-1.521752,164.5,14.33,2,190.79,20 / 21,1676810,2019-09-06 19:48:02:553,-1.1075,1.7496,9.4131,0.0072,0.0336,9.8065,-0.0751,-0.01,0.0161,-1.44,-33.69,30.56,15.18,-83.48,-164.94
52.428864,-1.521752,164.5,14.33,2,190.79,20 / 21,1676910,2019-09-06 19:48:02:653,0.9582,1.2291,9.0469,0.0109,-0.0186,9.8066,-0.1352,0.0897,-0.0373,-1.37,-33.12,30.63,14.01,-83.68,-165.85
52.428864,-1.521752,164.5,14.33,2,190.79,20 / 21,1677010,2019-09-06 19:48:02:753,-0.0972,-0.544,9.257,-0.0014,-0.0389,9.8065,0.0392,0.0115,0.0038,-1.31,-32.56,30.5,12.54,-83.47,-167.19
52.428864,-1.521752,164.5,14.33,2,190.79,20 / 21,1677109,2019-09-06 19:48:02:852,-0.341,-0.0966,10.4893,-0.0068,0.0127,9.8066,-0.0681,-0.056,0.0211,-1.19,-32.69,30.5,13.66,-83.45,-166.22
52.428864,-1.521752,164.5,14.33,2,190.79,20 / 21,1677209,2019-09-06 19:48:02:952,0.4927,0.7427,10.3974,0.0035,-0.0075,9.8066,0.2875,-0.0148,0.0714,-1.25,-32.75,29.88,13.72,-83.4,-166.18
52.428864,-1.521752,164.5,14.33,2,190.79,20 / 21,1677309,2019-09-06 19:48:03:052,0.2812,0.5398,10.3614,-0.0089,0.0358,9.8065,0.23,0.0675,-0.0411,-1.5,-33,30,15.2,-83.42,-164.88
52.428864,-1.521752,164.5,14.33,2,190.79,20 / 21,1677412,2019-09-06 19:48:03:155,0.3941,0.0948,10.3528,0.0029,0.0317,9.8065,-0.039,0.0403,-0.0004,-1.94,-33.62,30.63,12.66,-83.3,-165.34
52.428864,-1.521752,164.5,14.33,2,190.79,20 / 21,1677510,2019-09-06 19:48:03:253,0.0675,0.5101,9.8444,-0.0007,0.009,9.8066,0.0227,-0.0089,-0.011,-1.37,-32.44,30.25,14.57,-83.2,-165.44
52.428864,-1.521752,164.5,14.33,2,190.79,20 / 21,1677609,2019-09-06 19:48:03:352,0.4374,-0.1628,9.8773,0.0056,0.0183,9.8065,-0.0278,0.0146,0.0116,-1.44,-33.12,29.94,14.45,-83.35,-165.56
52.428864,-1.521752,164.5,14.33,2,190.79,20 / 21,1677710,2019-09-06 19:48:03:453,0.3625,1.0721,9.8664,0.0044,-0.0087,9.8066,-0.04,0.0441,-0.0322,-1.44,-32.5,30.31,13.78,-83.35,-166.08
52.428864,-1.521752,164.5,14.33,2,190.79,20 / 21,1677809,2019-09-06 19:48:03:552,0.8022,-0.7998,9.9621,0.0077,-0.0157,9.8066,0.0018,0.0338,-0.0036,-1.44,-32.37,29.88,13.14,-83.35,-166.65
52.428864,-1.521752,164.5,14.33,2,190.79,20 / 21,1677909,2019-09-06 19:48:03:652,0.4461,0.7829,9.6605,0,0.015,9.8066,0.0411,0.0343,0.0226,-1.69,-32.87,30.19,10.68,-83.44,-166.91
52.428864,-1.521752,164.5,14.33,2,190.79,20 / 21,1678010,2019-09-06 19:48:03:753,0.5521,-0.2922,10.3207,0.0027,0.0311,9.8065,-0.0604,0.0533,0.0362,-1.87,-32.31,30,10.58,-83.54,-166.93
52.428864,-1.521752,164.5,14.33,2,190.79,20 / 21,1678109,2019-09-06 19:48:03:852,1.2024,0.5403,10.3401,-0.0022,-0.0101,9.8066,-0.0164,0.0823,-0.0639,-2.37,-32.81,30.06,10.49,-83.59,-167.03
52.428864,-1.521752,164.5,14.33,2,190.79,20 / 21,1678210,2019-09-06 19:48:03:953,0.4235,0.1759,9.9829,-0.0016,0.0058,9.8066,0.0686,0.0212,-0.0398,-2.56,-33.44,29.88,8.07,-83.5,-167.27
52.428864,-1.521752,164.5,14.33,2,190.79,20 / 21,1678310,2019-09-06 19:48:04:053,1.1476,0.0038,10.4067,0.002,-0.0066,9.8066,-0.0081,0.0436,0.0064,-2.37,-32.87,30.38,9.67,-83.43,-167.78
52.428864,-1.521752,164.5,14.33,2,190.79,21 / 22,1678409,2019-09-06 19:48:04:152,0.7642,1.1015,10.5236,0.0059,-0.0015,9.8066,0.068,0.0556,-0.0685,-2.62,-33.44,30.81,7.53,-83.46,-167.89
52.428864,-1.521752,164.5,14.33,2,190.79,21 / 22,1678510,2019-09-06 19:48:04:253,1.2428,-0.6768,10.5547,0.003,0.0052,9.8066,0.0911,0.0291,-0.0267,-2.5,-32.81,30.5,8.72,-83.39,-168.71
52.428864,-1.521752,164.5,14.33,2,190.79,21 / 22,1678610,2019-09-06 19:48:04:353,0.5399,-1.6946,10.1213,-0.0004,0.0291,9.8065,0.0216,0.0358,-0.0064,-2.44,-33,31.38,7.82,-83.4,-169.49
52.428864,-1.521752,164.5,14.33,2,190.79,21 / 22,1678709,2019-09-06 19:48:04:452,0.1429,-0.0287,10.6227,0.007,-0.0265,9.8066,-0.0403,0.1072,-0.059,-2.19,-32.69,31.5,7.57,-83.15,-169.83
52.428864,-1.521752,164.5,14.33,2,190.79,21 / 22,1678810,2019-09-06 19:48:04:553,0.343,1.3984,9.7131,0.0065,-0.0096,9.8066,-0.0071,0.0199,-0.0072,-1.87,-32.56,31.31,6.91,-83.23,-170.31
52.428864,-1.521752,164.5,14.33,2,190.79,21 / 22,1678909,2019-09-06 19:48:04:652,0.7786,0.7576,9.6659,0.0011,-0.0128,9.8065,-0.0047,0.0699,-0.0202,-2.44,-32.12,29.25,6.08,-83.15,-170.81
52.428864,-1.521752,164.5,14.33,2,190.79,21 / 22,1679009,2019-09-06 19:48:04:752,0.7101,0.8705,9.5373,0.0032,-0.0082,9.8066,-0.0254,0.0686,-0.0095,-3.62,-32.44,30.19,1.67,-83.25,-170.96
52.428864,-1.521752,164.5,14.33,2,190.79,21 / 22,1679109,2019-09-06 19:48:04:852,0.9767,-0.4684,9.6276,0.0086,0.0018,9.8066,-0.0792,0.0944,-0.0046,-3.25,-32.25,31.06,3.41,-83.36,-171.49
52.428864,-1.521752,164.5,14.33,2,190.79,21 / 22,1679210,2019-09-06 19:48:04:953,0.7338,0.273,9.8403,0.0115,-0.0145,9.8066,0.0036,0.0662,-0.0156,-3.06,-31.94,30.25,1.45,-83.36,-173.03
52.428864,-1.521752,164.5,14.33,2,190.79,21 / 22,1679310,2019-09-06 19:48:05:053,1.0174,0.4015,10.2669,0.0095,0.0142,9.8066,-0.0125,0.0021,-0.0371,-3.44,-31.62,31.06,359.54,-83.45,-174.87
52.428864,-1.521752,164.5,14.33,2,190.79,21 / 22,1679409,2019-09-06 19:48:05:152,0.6853,-0.1359,9.3196,0.0024,0.019,9.8066,0.0247,0.0861,-0.0058,-3.31,-32.25,30.5,359,-83.51,-175.35
52.428864,-1.521752,164.5,14.33,2,190.79,21 / 22,1679509,2019-09-06 19:48:05:252,0.1283,-0.0025,9.7697,0.0021,-0.0277,9.8066,-0.1727,0.0919,-0.0357,-2.56,-32.31,30.63,359.12,-83.57,-175.25
52.428864,-1.521752,164.5,14.33,2,190.79,21 / 22,1679609,2019-09-06 19:48:05:352,0.7197,0.43,10.2916,0.0029,-0.0322,9.8065,-0.0369,0.023,0.0192,-3.19,-32.62,30.25,358.65,-83.58,-175.46
52.428864,-1.521752,164.5,14.33,2,190.79,21 / 22,1679709,2019-09-06 19:48:05:452,0.9008,0.2122,9.5962,0.0013,-0.0109,9.8065,0.0049,0.0483,0.0155,-3.12,-32.25,30.25,358.07,-83.47,-175.97
52.428864,-1.521752,164.5,14.33,2,190.79,21 / 22,1679810,2019-09-06 19:48:05:553,0.4815,0.8575,9.7257,-0.0003,-0.0284,9.8065,-0.0468,0.0677,-0.0087,-3.81,-32.19,30.44,356.41,-83.35,-175.53
52.428864,-1.521752,164.5,14.33,2,190.79,21 / 22,1679910,2019-09-06 19:48:05:653,0.4654,-0.0449,9.7386,-0.0041,0.0184,9.8066,0.0815,0.0678,-0.0122,-3.87,-32.56,29.94,356.21,-83.33,-175.69
52.428864,-1.521752,164.5,14.33,2,190.79,21 / 22,1680010,2019-09-06 19:48:05:753,0.4161,0.8016,10.0614,0.002,0.0186,9.8066,0.1115,0.0537,-0.0103,-5.5,-31.75,30.13,353.76,-83.51,-176
52.428864,-1.521752,164.5,14.33,2,190.79,21 / 22,1680110,2019-09-06 19:48:05:853,0.3679,-0.2824,9.7205,0.0044,-0.0144,9.8066,-0.1476,0.1165,-0.0015,-6.5,-31.5,31.06,351.69,-83.48,-176.38
52.428864,-1.521752,164.5,14.33,2,190.79,21 / 22,1680209,2019-09-06 19:48:05:952,1.0006,-0.0733,9.8348,0.0013,-0.0209,9.8066,-0.1668,0.1146,0.025,-5.62,-31.87,31.56,352.65,-83.49,-175.87
52.428864,-1.521752,164.5,14.33,2,190.79,21 / 22,1680310,2019-09-06 19:48:06:053,-0.1566,0.7143,10.5886,-0.0074,-0.0009,9.8066,-0.0075,0.0346,0.0109,-4.62,-31.94,31.69,354.51,-83.55,-175.96
52.428864,-1.521752,164.5,14.33,2,190.79,21 / 22,1680410,2019-09-06 19:48:06:153,0.3136,0.556,9.5666,-0.0097,0.0003,9.8066,-0.0998,0.0585,0.0017,-4.44,-32.5,31.19,356.35,-83.53,-175.85
52.428864,-1.521752,164.5,14.33,2,190.79,21 / 22,1680509,2019-09-06 19:48:06:252,1.2716,0.1373,9.6292,0.0027,-0.0007,9.8066,0.0239,-0.0034,0.0189,-4.5,-32.81,31.5,357.16,-83.45,-175.36
52.428864,-1.521752,164.5,14.33,2,190.79,21 / 22,1680609,2019-09-06 19:48:06:352,0.0549,0.5169,9.4915,0.005,-0.0164,9.8065,0.0071,0.0834,-0.0257,-4.75,-32.56,32.06,355.38,-83.41,-175.17
52.428864,-1.521752,164.5,14.33,2,190.79,21 / 22,1680709,2019-09-06 19:48:06:452,-0.0524,-0.2269,10.5864,-0.0069,0.0353,9.8066,-0.0058,0.0327,0.0037,-4.81,-32.06,31.56,355.49,-83.58,-175.1
52.428864,-1.521752,164.5,14.33,2,190.79,21 / 22,1680809,2019-09-06 19:48:06:552,0.5749,1.1052,11.3258,-0.0075,0.0667,9.8064,0.1852,0.0523,-0.0373,-3.94,-32.37,31.38,357,-83.77,-175.3
52.428864,-1.521752,164.5,14.33,2,190.79,21 / 22,1680910,2019-09-06 19:48:06:653,0.8827,-0.5658,11.079,0.0135,-0.0304,9.8065,-0.2847,0.103,0.0077,-4.81,-32,31.25,354.26,-83.69,-175.9
52.428864,-1.521752,164.5,14.33,2,190.79,21 / 22,1681010,2019-09-06 19:48:06:753,1.3402,-0.7354,8.7966,0.0008,-0.0073,9.8066,-0.0736,0.0944,0.0017,-4.5,-31.69,31.44,355.85,-83.55,-176.3
52.428864,-1.521752,164.5,14.33,2,190.79,21 / 22,1681110,2019-09-06 19:48:06:853,0.9971,0.7795,8.9533,0.021,-0.0683,9.8064,-0.1085,0.0148,0.0163,-4.75,-31.94,31.5,353.63,-83.41,-176.73
52.428864,-1.521752,164.5,14.33,2,190.79,21 / 22,1681210,2019-09-06 19:48:06:953,-0.0007,2.3858,9.4265,0.0023,0.0295,9.8066,0.0992,0.0609,-0.0335,-5.06,-31.81,30.94,352.71,-83.76,-177.28
52.428864,-1.521752,164.5,14.33,2,190.79,21 / 22,1681310,2019-09-06 19:48:07:053,1.5758,0.3022,9.057,0.0074,0.0319,9.8066,0.0005,0.0988,-0.0206,-4.12,-31.81,30.44,353.11,-84.07,-178.51
52.428864,-1.521752,164.5,14.33,2,190.79,21 / 22,1681410,2019-09-06 19:48:07:153,0.7003,-0.7466,10.9784,0.012,-0.0179,9.8065,0.1501,0.108,-0.022,-5.12,-32.12,30.63,350.21,-83.88,-179.51
52.428864,-1.521752,164.5,14.33,2,190.79,21 / 22,1681509,2019-09-06 19:48:07:252,-1.4235,0.1098,10.5078,-0.0112,-0.0225,9.8066,0.0572,0.0182,0.0244,-4.5,-31.62,30.19,352.94,-83.8,-178.62
52.428864,-1.521752,164.5,14.33,2,190.79,21 / 22,1681610,2019-09-06 19:48:07:353,1.6105,0.2782,9.8862,-0.0091,0.0241,9.8066,0.0892,0.1365,-0.036,-4.37,-32.12,29.94,352.21,-83.93,-179.29
52.428864,-1.521752,164.5,14.33,2,190.79,21 / 22,1681709,2019-09-06 19:48:07:452,0.4164,-0.5344,9.8189,0.0032,0.0005,9.8066,-0.0762,0.0326,0.0383,-6.37,-31.62,29.19,347.74,-83.87,-179.1
52.428864,-1.521752,164.5,14.33,2,190.79,21 / 22,1681810,2019-09-06 19:48:07:553,0.8387,-1.0269,9.494,-0.0097,0.0206,9.8066,0.0478,0.0461,-0.0227,-7.56,-32.19,29.06,344.1,-83.85,-178.6
52.428864,-1.521752,164.5,14.33,2,190.79,21 / 22,1681910,2019-09-06 19:48:07:653,-0.3763,0.3746,9.1592,-0.0121,0.0544,9.8065,-0.0479,0.0555,0,-7.56,-32.37,30.5,345.29,-83.82,-178.6
52.428864,-1.521752,164.5,14.33,2,190.79,21 / 22,1682010,2019-09-06 19:48:07:753,0.6633,-1.5034,8.6468,-0.0492,0.0582,9.8063,-0.1699,0.283,-0.0413,-7.06,-32.81,31.5,348.77,-84.22,-177.7
52.428864,-1.521752,164.5,14.33,2,190.79,21 / 22,1682110,2019-09-06 19:48:07:853,2.0832,-0.885,10.2308,-0.0177,-0.002,9.8066,0.101,0.2939,-0.1742,-6.81,-32.19,31.13,347.02,-84.14,-178.87
52.428864,-1.521752,164.5,14.33,2,190.79,21 / 22,1682210,2019-09-06 19:48:07:953,0.6916,-1.4674,10.0782,0.0017,0.0477,9.8065,0.1831,-0.033,0.0392,-7.12,-32.19,31.06,346.86,-84.23,-179.04
52.428864,-1.521752,164.5,14.33,2,190.79,21 / 22,1682309,2019-09-06 19:48:08:052,0.0111,-0.3663,9.8754,-0.0092,0.042,9.8065,0.0591,0.1091,0.0456,-7.31,-32.12,31.19,347.25,-84.18,-178.67
52.428864,-1.521752,164.5,14.33,2,190.79,20 / 21,1682410,2019-09-06 19:48:08:153,-1.4013,2.7892,9.8116,-0.0073,0.0126,9.8066,0.0671,0.0522,0.0062,-6.87,-32.31,31.69,347.81,-84.05,-178.56
52.428864,-1.521752,164.5,14.33,2,190.79,20 / 21,1682509,2019-09-06 19:48:08:252,1.1813,-0.0359,9.1232,-0.0057,0.0098,9.8066,0.0156,0.0101,0.0734,-6.5,-31.69,31.69,349.63,-84.03,-178.64
52.428864,-1.521752,164.5,14.33,2,190.79,20 / 21,1682610,2019-09-06 19:48:08:353,2.3788,-1.0017,9.1966,0.0037,0.0126,9.8065,0.0968,0.047,-0.0337,-6.81,-31.94,30.5,347.4,-84.17,-178.54
52.428864,-1.521752,164.5,14.33,2,190.79,20 / 21,1682710,2019-09-06 19:48:08:453,0.7659,-0.9435,9.1671,0.0183,-0.0163,9.8066,-0.1499,-0.0485,0.0454,-6.5,-31.62,29.63,348.78,-84.18,-178.67
52.428864,-1.521752,164.5,14.33,2,190.79,20 / 21,1682810,2019-09-06 19:48:08:553,-2.1849,2.3278,9.5543,0.0054,-0.0187,9.8066,-0.3033,-0.0755,0.175,-6.31,-32.44,28.88,349.43,-84.15,-177.67
52.428864,-1.521752,164.5,14.33,2,190.79,20 / 21,1682910,2019-09-06 19:48:08:653,-1.6797,1.9626,8.7576,-0.034,0.1057,9.8059,0.2842,0.0613,-0.1221,-6.62,-33,29.63,346.8,-84.1,-178.56
52.428864,-1.521752,164.5,14.33,2,190.79,20 / 21,1683010,2019-09-06 19:48:08:753,-0.0219,2.1889,9.2423,-0.0388,0.1031,9.806,0.0132,0.023,-0.1161,-7.25,-33.56,29.81,345.54,-84.12,-179.64
52.428864,-1.521752,164.5,14.33,2,190.79,20 / 21,1683110,2019-09-06 19:48:08:853,0.1333,-0.8049,10.0778,0.0043,0.0466,9.8065,0.1592,0.072,0.0821,-7.19,-32.56,29.75,344.48,-84.6,179.22
52.428864,-1.521752,164.5,14.33,2,190.79,20 / 21,1683209,2019-09-06 19:48:08:952,-0.1089,-1.1689,9.877,-0.0038,-0.001,9.8066,0.051,0.0556,0.0644,-7.12,-33.69,30.13,342.74,-84.53,177.74
52.428864,-1.521752,164.5,14.33,2,190.79,20 / 21,1683309,2019-09-06 19:48:09:052,0.2429,1.2438,10.0935,-0.0097,0.0212,9.8066,0.0439,-0.0431,-0.0273,-7.81,-33.44,30.19,340.71,-84.54,177.64
52.428864,-1.521752,164.5,14.33,2,190.79,20 / 21,1683410,2019-09-06 19:48:09:153,0.9019,-0.16,9.9731,0.0099,0.036,9.8065,-0.0394,0.0519,-0.0028,-7.81,-33.37,30.38,338.85,-84.68,175.9
52.428864,-1.521752,164.5,14.33,2,190.79,20 / 21,1683510,2019-09-06 19:48:09:253,-0.0421,-0.0444,10.0734,0.0198,0.0053,9.8065,0.0559,0.1316,-0.0349,-7.75,-33.56,29.56,335.56,-84.63,173.02
52.428864,-1.521752,164.5,14.33,2,190.79,20 / 21,1683609,2019-09-06 19:48:09:352,0.2019,0.3072,10.1535,0.0001,0.0006,9.8066,0.1097,0.05,0.0219,-8.25,-33.62,29.75,335.18,-84.57,172.7
52.428864,-1.521752,164.5,14.33,2,190.79,20 / 21,1683709,2019-09-06 19:48:09:452,0.2758,0.0428,9.6817,0.0101,0.0113,9.8066,-0.0029,0.0373,-0.036,-7.81,-33.25,30.63,333.76,-84.5,170.84
52.428864,-1.521752,164.5,14.33,2,190.79,20 / 21,1683810,2019-09-06 19:48:09:553,0.0772,0.3808,10.4893,0.0011,-0.0042,9.8066,-0.0101,0.0409,0.0144,-7.37,-33.69,30.38,335.28,-84.48,171.06
52.428864,-1.521752,164.5,14.33,2,190.79,20 / 21,1683910,2019-09-06 19:48:09:653,0.7398,0.2491,10.4996,0.0072,-0.0049,9.8066,-0.0461,0.0886,0.0504,-7.75,-33.19,30.31,331.72,-84.54,169.51
52.428864,-1.521752,164.5,14.33,2,190.79,20 / 21,1684010,2019-09-06 19:48:09:753,-1.8103,-0.4011,8.2809,0.0006,0.0026,9.8066,-0.1089,-0.0563,0.0622,-7.69,-33.06,30.56,331.95,-84.4,169.25
52.428864,-1.521752,164.5,14.33,2,190.79,20 / 21,1684110,2019-09-06 19:48:09:853,1.7754,1.7564,9.2434,-0.0119,0.0087,9.8065,0.2316,-0.1104,0.0704,-7.5,-33.81,29.88,332.63,-84.34,168.75
52.428864,-1.521752,164.5,14.33,2,190.79,20 / 21,1684209,2019-09-06 19:48:09:952,-1.6608,1.6366,8.5265,0.0157,0.0209,9.8066,0.0397,0.0956,-0.0694,-7.75,-33.5,30.25,329.25,-84.48,167.3
52.428864,-1.521752,164.5,14.33,2,190.79,20 / 21,1684310,2019-09-06 19:48:10:053,0.1886,1.1247,8.8858,-0.0081,0.0879,9.8062,0.2725,0.0407,-0.0775,-7.75,-33.5,30.19,328.57,-84.36,166.75
52.428864,-1.521752,164.5,14.33,2,190.79,21 / 22,1684410,2019-09-06 19:48:10:153,0.8005,-0.0565,10.6799,-0.0163,0.0836,9.8062,-0.0356,0.0628,0.078,-8.44,-32.94,29.69,323.97,-84.73,162.31
52.428864,-1.521752,164.5,14.33,2,190.79,21 / 22,1684509,2019-09-06 19:48:10:252,1.1944,-1.8322,10.2262,0.0035,-0.0688,9.8064,-0.0207,0.0588,-0.0241,-7.75,-33.06,29.81,327.27,-84.28,165.62
52.428864,-1.521752,164.5,14.33,2,190.79,21 / 22,1684610,2019-09-06 19:48:10:353,0.5228,0.665,9.8995,0.0124,-0.0436,9.8065,-0.0912,0.0229,0.0085,-8.19,-33.37,29.88,328.29,-84.37,166.49
52.428864,-1.521752,164.5,14.33,2,190.79,21 / 22,1684710,2019-09-06 19:48:10:453,0.2626,0.1486,9.1726,0.0094,-0.0145,9.8066,-0.1274,0.0517,0.0619,-7.94,-33.31,30,328.19,-84.41,166.38
52.428864,-1.521752,164.5,14.33,2,190.79,21 / 22,1684809,2019-09-06 19:48:10:552,-0.1463,0.4539,9.6168,0.0281,-0.0526,9.8064,0.2064,0.063,-0.0517,-8.37,-32.81,29.81,328.21,-84.22,166.51
52.428864,-1.521752,164.5,14.33,2,190.79,21 / 22,1684910,2019-09-06 19:48:10:653,-1.9661,2.5562,10.5374,-0.0158,0.0497,9.8065,-0.0406,0.0228,-0.0017,-9.06,-33,30.75,327.57,-84.17,167.09
52.428864,-1.521752,164.5,14.33,2,190.79,21 / 22,1685010,2019-09-06 19:48:10:753,0.3818,-0.2098,10.2456,-0.008,0.0455,9.8065,0.3654,0.0469,0.0199,-8.31,-31.81,29.75,327.06,-84.38,165.26
52.428864,-1.521752,164.5,14.33,2,190.79,21 / 22,1685109,2019-09-06 19:48:10:852,1.8987,-4.2453,10.9721,-0.0005,0.0199,9.8066,0.3226,0.0294,0.0123,-7.62,-32,30.38,326.47,-84.26,164.81
52.428864,-1.521752,164.5,14.33,2,190.79,21 / 22,1685214,2019-09-06 19:48:10:957,1.1921,-0.779,9.9502,0.0181,-0.0423,9.8065,-0.186,0.0143,0.1266,-8.12,-32,29.94,327.33,-84.22,165.61
52.428864,-1.521752,164.5,14.33,2,190.79,21 / 22,1685311,2019-09-06 19:48:11:054,1.8287,0.0731,9.7752,0.0169,-0.0534,9.8064,-0.1157,0.1527,-0.0512,-8.81,-31.62,30.44,326.66,-83.94,166.91
52.42775,-1.521746,163.69,14.2,2,165.23,21 / 22,1685410,2019-09-06 19:48:11:153,0.7555,-0.8927,10.1764,0.0147,-0.0396,9.8065,0.0536,0.0591,-0.0224,-8.81,-32.5,29.81,326.74,-84.01,166.93
52.42775,-1.521746,163.69,14.2,2,165.23,21 / 22,1685510,2019-09-06 19:48:11:253,0.5622,0.0137,8.5426,-0.0178,0.0395,9.8065,-0.1037,0.0115,0.0161,-8.87,-32.44,29.81,326.74,-84.09,166.9
52.42775,-1.521746,163.69,14.2,2,165.23,21 / 22,1685609,2019-09-06 19:48:11:352,0.4593,-0.9929,10.0202,-0.0094,0.0264,9.8066,0.0527,0.0941,-0.0293,-9.31,-32.19,30.19,326.64,-84.1,166.79
52.42775,-1.521746,163.69,14.2,2,165.23,21 / 22,1685710,2019-09-06 19:48:11:453,0.0773,0.3044,9.52,0.0059,0.0013,9.8066,-0.0106,0.0456,0.0179,-9.81,-31.94,29.88,323.39,-84.19,165.47
52.42775,-1.521746,163.69,14.2,2,165.23,21 / 22,1685809,2019-09-06 19:48:11:552,0.5888,0.8923,9.6315,0.0035,0.0048,9.8066,0.0639,0.0498,0.0634,-9.06,-32.37,29.75,324.74,-84.26,164.96
52.42775,-1.521746,163.69,14.2,2,165.23,21 / 22,1685910,2019-09-06 19:48:11:653,0.3133,-1.6321,9.8142,-0.0057,-0.0066,9.8066,0.0435,0.004,-0.0334,-8.94,-31.87,30.69,324.84,-84.3,164.41
52.42775,-1.521746,163.69,14.2,2,165.23,21 / 22,1686010,2019-09-06 19:48:11:753,0.8852,0.0837,9.8414,0.0048,-0.0089,9.8066,-0.0186,-0.018,0.006,-9.94,-32.06,29.06,322.48,-84.24,165.31
52.42775,-1.521746,163.69,14.2,2,165.23,21 / 22,1686110,2019-09-06 19:48:11:853,0.2218,0.616,9.7649,-0.0076,0.0102,9.8066,-0.0043,0.0395,-0.0238,-10.12,-31.94,28.81,322.75,-84.3,165.52
52.42775,-1.521746,163.69,14.2,2,165.23,21 / 22,1686210,2019-09-06 19:48:11:953,-0.3315,0.2609,10.0183,-0.0113,0.0142,9.8066,-0.0652,0.0646,0.0319,-10,-32.25,29.88,323.87,-84.37,165.8
52.42775,-1.521746,163.69,14.2,2,165.23,21 / 22,1686310,2019-09-06 19:48:12:053,-0.3708,0.3819,10.1529,-0.0159,0.0029,9.8066,-0.0084,0.055,0.0385,-9.94,-31.81,29.44,325.82,-84.37,168.28
52.42775,-1.521746,163.69,14.2,2,165.23,21 / 22,1686410,2019-09-06 19:48:12:153,-1.278,-0.8522,9.5447,-0.0315,0.0155,9.8066,-0.0757,0.0484,-0.028,-9.75,-31.87,29.75,328.63,-84.4,170.14
52.42775,-1.521746,163.69,14.2,2,165.23,21 / 22,1686510,2019-09-06 19:48:12:253,-0.7465,1.7157,9.7516,0.0159,-0.0131,9.8065,-0.1234,0.0388,0.0297,-10.19,-32.44,29.44,330.21,-84.35,172.28
52.42775,-1.521746,163.69,14.2,2,165.23,21 / 22,1686610,2019-09-06 19:48:12:353,-1.1739,0.2064,9.9189,0.0095,-0.0337,9.8066,0.0855,0.0258,-0.0276,-10.75,-32.06,28.94,328.13,-84.28,172.15
52.42775,-1.521746,163.69,14.2,2,165.23,21 / 22,1686710,2019-09-06 19:48:12:453,-0.4001,0.6085,9.4097,-0.0169,0.043,9.8065,-0.0055,-0.1114,0.0106,-10.5,-32.44,29.69,331.29,-84.42,172.55
52.42775,-1.521746,163.69,14.2,2,165.23,21 / 22,1686810,2019-09-06 19:48:12:553,-1.8506,-0.9196,10.4007,-0.0218,0.0343,9.8065,0.0982,-0.0638,0.0867,-9.87,-32,29.88,332.08,-84.31,173.33
52.42775,-1.521746,163.69,14.2,2,165.23,21 / 22,1686910,2019-09-06 19:48:12:653,-0.7019,-1.2613,10.0512,-0.0084,-0.0009,9.8066,0.0809,-0.0364,-0.0137,-9.87,-32.19,30,332.45,-84.23,173.71
52.42775,-1.521746,163.69,14.2,2,165.23,21 / 22,1687010,2019-09-06 19:48:12:753,-1.3132,-0.8039,10.0463,0.0066,0.0099,9.8066,0.0029,-0.0055,0.0188,-10.37,-32.12,30,331.95,-84.19,173.27
52.42775,-1.521746,163.69,14.2,2,165.23,21 / 22,1687109,2019-09-06 19:48:12:852,-2.0885,-1.463,10.6209,0.0098,0.0054,9.8066,-0.0345,-0.1276,0.018,-10.12,-32.62,29.13,329.75,-84.29,171.99
52.42775,-1.521746,163.69,14.2,2,165.23,21 / 22,1687210,2019-09-06 19:48:12:953,0.8527,-0.3824,9.8765,0.0127,0.0188,9.8066,0.0752,-0.2141,0.0949,-10.12,-32.31,29.69,329.15,-84.19,170.73
52.42775,-1.521746,163.69,14.2,2,165.23,21 / 22,1687310,2019-09-06 19:48:13:053,-2.8506,-0.8213,9.3476,-0.0226,0.0185,9.8066,0.0818,0.0514,-0.1292,-10.12,-32.44,29.63,329.41,-84.16,170.98
52.42775,-1.521746,163.69,14.2,2,165.23,20 / 21,1687410,2019-09-06 19:48:13:153,-0.1545,-1.2502,10.2118,-0.0034,0.0224,9.8066,0.1384,-0.0576,0.0283,-10.06,-33,30.19,327.92,-84.07,169.79
52.42775,-1.521746,163.69,14.2,2,165.23,20 / 21,1687510,2019-09-06 19:48:13:253,1.3864,-0.8699,9.1909,-0.0231,0.0488,9.8065,0.2377,0.0577,-0.0873,-9.87,-32.94,29.75,329.46,-84.48,170.94
52.42775,-1.521746,163.69,14.2,2,165.23,20 / 21,1687609,2019-09-06 19:48:13:352,-1.5483,-1.5587,9.7901,-0.0239,0.0587,9.8064,-0.4087,-0.089,0.1187,-10.56,-33.25,29.25,326.77,-84.84,170.65
52.42775,-1.521746,163.69,14.2,2,165.23,20 / 21,1687710,2019-09-06 19:48:13:453,-2.0592,-2.823,9.4817,0.0294,-0.0542,9.8064,-0.1883,-0.0971,0.178,-10.06,-32.81,29.06,330.87,-85.3,172.44
52.42775,-1.521746,163.69,14.2,2,165.23,20 / 21,1687809,2019-09-06 19:48:13:552,-1.484,-1.0142,9.6611,0.0302,-0.0636,9.8064,-0.0743,-0.0164,-0.0761,-10.37,-33.5,28.75,331.03,-85.12,172.68
52.42775,-1.521746,163.69,14.2,2,165.23,20 / 21,1687910,2019-09-06 19:48:13:653,-1.9195,-0.0155,9.3261,-0.0086,-0.005,9.8066,-0.2011,-0.0837,0.0088,-11.25,-34.44,29.06,330.34,-85.27,173.76
52.42775,-1.521746,163.69,14.2,2,165.23,20 / 21,1688011,2019-09-06 19:48:13:754,-1.0284,-0.1173,10.116,0.0171,-0.0422,9.8065,0.208,-0.0939,0.0703,-11,-34.37,29.88,331.7,-85.06,174.42
52.42775,-1.521746,163.69,14.2,2,165.23,20 / 21,1688110,2019-09-06 19:48:13:853,-1.8455,-0.6707,10.1802,-0.0115,0.0258,9.8065,0.1409,-0.0186,-0.0466,-10.81,-33.62,30.56,331.94,-85.23,173.88
52.42775,-1.521746,163.69,14.2,2,165.23,20 / 21,1688210,2019-09-06 19:48:13:953,-0.6305,-1.4547,9.5545,-0.0022,0.021,9.8066,-0.1211,-0.1015,0.0257,-9.94,-32.81,30.94,332.66,-85.18,172.86
52.42775,-1.521746,163.69,14.2,2,165.23,20 / 21,1688310,2019-09-06 19:48:14:053,-1.0527,-0.6899,9.0264,0.0005,0.0016,9.8066,-0.1689,-0.0549,-0.019,-9.31,-32.44,31,334.8,-85.21,173.09
52.42775,-1.521746,163.69,14.2,2,165.23,20 / 21,1688410,2019-09-06 19:48:14:153,-1.0952,0.4007,8.7035,0.0131,-0.0235,9.8066,0.1267,-0.0935,0.0626,-8.5,-32.37,30.94,336.25,-85.21,172.72
52.42775,-1.521746,163.69,14.2,2,165.23,20 / 21,1688510,2019-09-06 19:48:14:253,-0.81,-1.8961,9.6429,-0.0387,0.0431,9.8064,0.1164,-0.0549,0.0091,-8.31,-32.12,30.13,338.11,-85.51,174.82
52.42775,-1.521746,163.69,14.2,2,165.23,20 / 21,1688610,2019-09-06 19:48:14:353,-2.2027,-1.6337,9.0944,-0.0302,0.0312,9.8065,0.0354,-0.1417,0.035,-8.31,-32.31,29.63,341.14,-85.51,177.62
52.42775,-1.521746,163.69,14.2,2,165.23,20 / 21,1688710,2019-09-06 19:48:14:453,-1.611,0.2735,9.1136,-0.0227,0.0502,9.8064,0.0491,-0.0664,0.0463,-8.87,-33.12,29.25,341.15,-85.79,179.91
52.42775,-1.521746,163.69,14.2,2,165.23,20 / 21,1688810,2019-09-06 19:48:14:553,-0.0425,-0.3125,9.9662,-0.0194,0.0324,9.8066,-0.0607,-0.0984,0.031,-9.19,-33.12,28.81,342.32,-85.96,-179.06
52.42775,-1.521746,163.69,14.2,2,165.23,20 / 21,1688910,2019-09-06 19:48:14:653,-1.4066,-1.7517,10.7934,0.0238,-0.0284,9.8066,0.0726,-0.0615,-0.0065,-9.75,-33.19,29.88,341.2,-85.96,-178.96
52.42775,-1.521746,163.69,14.2,2,165.23,20 / 21,1689009,2019-09-06 19:48:14:752,-1.1282,-2.0092,9.8564,0.0216,-0.0225,9.8065,-0.0398,-0.0449,-0.0643,-9.25,-33.62,29.88,339.57,-85.53,178.02
52.42775,-1.521746,163.69,14.2,2,165.23,20 / 21,1689109,2019-09-06 19:48:14:852,-1.9707,-1.5432,9.1507,0.0175,0.0069,9.8066,-0.0206,-0.1178,-0.0588,-8.06,-34.75,29.31,337.1,-85.36,174.69
52.42775,-1.521746,163.69,14.2,2,165.23,20 / 21,1689210,2019-09-06 19:48:14:953,-0.4058,-1.0385,9.0983,0.0336,-0.0097,9.8065,-0.1442,-0.1086,-0.0755,-7.75,-34.5,30.19,334.08,-85.37,171.3
52.42775,-1.521746,163.69,14.2,2,165.23,20 / 21,1689310,2019-09-06 19:48:15:053,-2.0836,-0.2031,9.6258,0.0031,0.0479,9.8065,0.0263,-0.1363,0.0045,-7.69,-34.31,30.81,331.09,-85.5,167.94
52.42775,-1.521746,163.69,14.2,2,165.23,20 / 21,1689410,2019-09-06 19:48:15:153,-1.359,-1.0019,9.594,0.0052,0.0121,9.8066,-0.0224,-0.0927,0.0012,-7.75,-33.81,30,326.99,-85.72,164.55
52.42775,-1.521746,163.69,14.2,2,165.23,20 / 21,1689510,2019-09-06 19:48:15:253,-0.1148,-0.0405,10.7757,0.0142,-0.0167,9.8066,-0.0835,-0.0691,0.055,-7.37,-33.87,29.69,328.22,-85.5,164.05
52.42775,-1.521746,163.69,14.2,2,165.23,20 / 21,1689610,2019-09-06 19:48:15:353,-2.6329,-0.6288,10.4278,0.0164,-0.0482,9.8065,-0.0507,0.0342,0.0058,-7.44,-33.44,29.81,330.43,-85.56,165.99
52.42775,-1.521746,163.69,14.2,2,165.23,20 / 21,1689709,2019-09-06 19:48:15:452,1.3535,0.0068,10.4363,0.0037,-0.0276,9.8065,0.0815,-0.0805,0.0529,-7.19,-33,30.38,329.13,-85.34,164.91
52.42775,-1.521746,163.69,14.2,2,165.23,20 / 21,1689810,2019-09-06 19:48:15:553,-1.1236,0.4988,9.8143,0.0178,-0.0123,9.8066,-0.057,-0.0144,0.014,-7.31,-33.12,29.81,330.5,-85.4,166.14
52.42775,-1.521746,163.69,14.2,2,165.23,20 / 21,1689910,2019-09-06 19:48:15:653,1.955,2.0486,7.7779,-0.0206,0.0187,9.8065,-0.2591,0.4123,-0.1934,-7.06,-33.19,29.69,330.83,-85.37,166.46
52.42775,-1.521746,163.69,14.2,2,165.23,20 / 21,1690010,2019-09-06 19:48:15:753,-2.0011,2.5176,8.4243,0.0187,-0.0271,9.8066,0.3182,0.0234,-0.0923,-6.94,-32.44,30.5,327.85,-85.35,163.15
52.42775,-1.521746,163.69,14.2,2,165.23,20 / 21,1690110,2019-09-06 19:48:15:853,-4.6081,-4.0312,10.6426,0.0071,0.1226,9.8058,0.5163,-0.329,0.3456,-6.12,-32.62,29.38,328.03,-85.92,162.19
52.42775,-1.521746,163.69,14.2,2,165.23,20 / 21,1690210,2019-09-06 19:48:15:953,-0.1431,-2.6758,10.9084,-0.059,0.1218,9.8056,-0.336,-0.097,0.1116,-6.62,-32.25,28.75,329.06,-86.14,164.82
52.42775,-1.521746,163.69,14.2,2,165.23,20 / 21,1690310,2019-09-06 19:48:16:053,-0.9218,-2.3145,10.7025,0.0128,-0.1222,9.8058,-0.0846,-0.0232,-0.0628,-7.19,-32.06,28.06,329.37,-86.13,165.65
52.42775,-1.521746,163.69,14.2,2,165.23,20 / 21,1690410,2019-09-06 19:48:16:153,-1.4758,0.5229,10.2079,0.0244,-0.0794,9.8062,-0.2204,0.002,-0.0213,-9.25,-31.25,28.75,330.11,-85.42,169.76
52.42775,-1.521746,163.69,14.2,2,165.23,20 / 21,1690509,2019-09-06 19:48:16:252,-0.6884,0.321,9.8206,0.0279,-0.0503,9.8064,0.0735,-0.0719,0.0112,-9,-31.37,30.44,330.03,-85.4,169.08
52.42775,-1.521746,163.69,14.2,2,165.23,20 / 21,1690610,2019-09-06 19:48:16:353,-1.8486,-0.4952,9.736,0.0029,0.0161,9.8065,-0.0546,-0.0149,-0.0116,-7.75,-32.06,30.69,331.25,-85.43,167.99
52.42775,-1.521746,163.69,14.2,2,165.23,20 / 21,1690710,2019-09-06 19:48:16:453,-1.4028,-0.1619,9.6516,-0.0024,0.0164,9.8066,0.0026,0.0118,-0.0228,-6.62,-33,30.31,330.07,-85.49,165.69
52.42775,-1.521746,163.69,14.2,2,165.23,20 / 21,1690810,2019-09-06 19:48:16:553,-0.6999,-0.7085,9.6573,-0.0084,0.0282,9.8066,0.0773,-0.0131,0.013,-6.81,-33.19,30.06,328.33,-85.68,163.97
52.42775,-1.521746,163.69,14.2,2,165.23,20 / 21,1690909,2019-09-06 19:48:16:652,-1.3232,-0.5641,9.6461,-0.0024,0.016,9.8066,0.0079,-0.0294,-0.0515,-6.69,-33.31,30.13,327.87,-85.61,163.58
52.42775,-1.521746,163.69,14.2,2,165.23,20 / 21,1691009,2019-09-06 19:48:16:752,0.1827,-0.4114,9.5633,0.0081,0.0179,9.8066,0.0709,-0.0448,0.0321,-6.81,-33.25,30.5,325.19,-85.55,160.63
52.42775,-1.521746,163.69,14.2,2,165.23,20 / 21,1691110,2019-09-06 19:48:16:853,-0.8115,0.4705,9.7978,-0.0067,0.0079,9.8066,-0.0148,-0.0228,-0.0015,-5.75,-34,30.31,327.87,-85.47,161.94
52.42775,-1.521746,163.69,14.2,2,165.23,20 / 21,1691210,2019-09-06 19:48:16:953,-1.5572,0.0908,10.3165,-0.0168,0.0153,9.8066,0.1055,-0.0708,0.0292,-6.37,-33.31,30.31,328.91,-85.48,162.82
52.42775,-1.521746,163.69,14.2,2,165.23,20 / 21,1691310,2019-09-06 19:48:17:053,-1.1213,0.1043,9.8992,-0.0011,-0.0329,9.8065,-0.0044,-0.0417,0.0103,-5.87,-32.69,30.81,331.45,-85.67,164.63
52.42775,-1.521746,163.69,14.2,2,165.23,19 / 20,1691410,2019-09-06 19:48:17:153,-1.2132,-0.7189,9.3952,0.0048,-0.0404,9.8065,-0.0767,-0.0624,0.0422,-5.62,-32.62,31.38,333.75,-85.49,166.86
52.42775,-1.521746,163.69,14.2,2,165.23,19 / 20,1691509,2019-09-06 19:48:17:252,-2.5159,0.5937,8.3136,-0.0168,0.0739,9.8063,0.0326,0.031,-0.0675,-5.19,-32.62,31.38,337.12,-85.55,168.16
52.42775,-1.521746,163.69,14.2,2,165.23,19 / 20,1691609,2019-09-06 19:48:17:352,-2.3643,1.0937,8.7579,-0.0269,0.0711,9.8063,-0.0166,-0.0457,0.0431,-3.44,-32.5,31.56,339.49,-85.99,166.29
52.42775,-1.521746,163.69,14.2,2,165.23,19 / 20,1691709,2019-09-06 19:48:17:452,-0.606,-1.134,10.73,-0.0174,0.049,9.8064,0.1764,-0.0659,-0.0682,-2,-31.12,31.06,342.06,-86.05,167
52.42775,-1.521746,163.69,14.2,2,165.23,19 / 20,1691809,2019-09-06 19:48:17:552,-1.0147,-1.0435,9.8461,0.0018,0.0029,9.8066,0.1397,-0.0479,-0.008,-0.5,-30.31,29.19,344.65,-85.81,165.83
52.42775,-1.521746,163.69,14.2,2,165.23,19 / 20,1691910,2019-09-06 19:48:17:653,-1.6411,-0.6249,9.9496,0.0054,0.0094,9.8066,-0.0697,-0.0415,0.0414,-2.87,-30,22.38,334.87,-85.82,165.09
52.42775,-1.521746,163.69,14.2,2,165.23,19 / 20,1692010,2019-09-06 19:48:17:753,-0.5321,-0.2997,9.8719,-0.0037,0.0027,9.8066,-0.0672,-0.0142,-0.0252,-9.37,-31.12,23.25,321.52,-85.86,166.19
52.42775,-1.521746,163.69,14.2,2,165.23,19 / 20,1692110,2019-09-06 19:48:17:853,-0.5084,-0.1139,10.524,0.0035,0.0092,9.8066,0.1065,-0.0702,0.0198,-11.06,-32,27.56,322.71,-85.77,166.96
52.42775,-1.521746,163.69,14.2,2,165.23,19 / 20,1692211,2019-09-06 19:48:17:954,-1.639,0.0836,10.3167,-0.0051,-0.0149,9.8065,0.045,-0.0427,-0.0475,-8.75,-32.44,30.75,329.32,-85.66,167.78
52.42775,-1.521746,163.69,14.2,2,165.23,19 / 20,1692310,2019-09-06 19:48:18:053,-0.6829,-0.6357,9.9409,0.0047,0.0061,9.8066,-0.0321,-0.0793,-0.0003,-6.75,-32.81,31.06,332.29,-85.57,167.22
52.42775,-1.521746,163.69,14.2,2,165.23,20 / 21,1692410,2019-09-06 19:48:18:153,-0.1844,-0.5794,9.2735,0.0027,0.015,9.8065,0.0806,-0.0331,0.0293,-6.19,-32.69,31.38,334.66,-85.52,167.69
52.42775,-1.521746,163.69,14.2,2,165.23,20 / 21,1692510,2019-09-06 19:48:18:253,-0.514,-0.3493,10.0109,0.0052,-0.0341,9.8065,-0.0994,-0.0584,-0.0145,-4.87,-32.75,30.75,337.33,-85.51,168.37
52.42775,-1.521746,163.69,14.2,2,165.23,20 / 21,1692610,2019-09-06 19:48:18:353,-1.8484,1.8149,9.8915,0.0039,-0.0121,9.8066,-0.1642,0.0087,0.0779,-4.69,-32.25,29.94,335.33,-85.52,166.83
52.42775,-1.521746,163.69,14.2,2,165.23,20 / 21,1692710,2019-09-06 19:48:18:453,-0.8574,-0.5297,9.5354,0.0083,-0.0205,9.8066,0.0231,-0.0314,-0.0226,-4.87,-31.5,30.06,334.68,-85.5,166.18
52.42775,-1.521746,163.69,14.2,2,165.23,20 / 21,1692810,2019-09-06 19:48:18:553,-2.2706,0.5217,9.9462,0.0001,0.0264,9.8066,0.1208,-0.0961,0.0171,-4.81,-31.56,29.44,336.08,-85.56,167.89
52.42775,-1.521746,163.69,14.2,2,165.23,20 / 21,1692910,2019-09-06 19:48:18:653,-2.6641,-0.2578,10.5571,-0.0056,-0.005,9.8066,0.0505,-0.0266,-0.0147,-5.12,-31.37,29.06,335.94,-85.53,167.71
52.42775,-1.521746,163.69,14.2,2,165.23,20 / 21,1693009,2019-09-06 19:48:18:752,-0.5225,0.027,9.7864,-0.0024,-0.0101,9.8065,0.0212,0.0284,-0.0058,-5.12,-31.56,29.94,337.1,-85.38,168.52
52.42775,-1.521746,163.69,14.2,2,165.23,20 / 21,1693109,2019-09-06 19:48:18:852,-1.4124,-1.5284,10.28,-0.0056,0.0041,9.8066,-0.1855,-0.0026,0.0261,-5,-32.31,29.75,337.29,-85.45,168.67
52.42775,-1.521746,163.69,14.2,2,165.23,20 / 21,1693209,2019-09-06 19:48:18:952,-1.3621,1.0901,9.592,0.001,-0.0335,9.8065,-0.1507,-0.0216,-0.0299,-4.62,-32.5,29.81,338.8,-85.42,170.07
52.42775,-1.521746,163.69,14.2,2,165.23,20 / 21,1693309,2019-09-06 19:48:19:052,-0.3782,0.915,9.6045,0.0121,-0.0311,9.8065,0.1082,-0.0823,0.0632,-4.81,-32.37,29.56,338.58,-85.38,169.88
52.42775,-1.521746,163.69,14.2,2,165.23,20 / 21,1693409,2019-09-06 19:48:19:152,-1.2495,0.349,10.0139,-0.0073,0.0093,9.8066,0.0095,0.0039,0.0024,-6,-32.31,29.75,338.26,-85.33,171.45
52.42775,-1.521746,163.69,14.2,2,165.23,20 / 21,1693510,2019-09-06 19:48:19:253,-0.7045,-0.9653,9.9042,-0.0095,0.0038,9.8066,-0.0139,-0.0012,-0.0391,-4.94,-32.37,30.56,341.84,-85.29,172.56
52.42775,-1.521746,163.69,14.2,2,165.23,20 / 21,1693610,2019-09-06 19:48:19:353,-1.5735,-1.341,10.0943,0.0037,-0.0088,9.8066,0.0197,-0.0705,0.054,-5,-32.87,30.44,342.89,-85.12,173.97
52.42775,-1.521746,163.69,14.2,2,165.23,20 / 21,1693710,2019-09-06 19:48:19:453,-1.62,-0.3913,9.894,-0.0076,0.0139,9.8065,-0.1747,-0.0103,-0.0264,-4.75,-33.19,30.69,343.88,-85.3,174.46
52.42775,-1.521746,163.69,14.2,2,165.23,20 / 21,1693810,2019-09-06 19:48:19:553,-1.775,0.5629,9.8419,-0.0044,-0.033,9.8065,-0.0901,-0.0567,0.0302,-4.81,-33.81,31.56,344.71,-85.19,174.97
52.42775,-1.521746,163.69,14.2,2,165.23,20 / 21,1693910,2019-09-06 19:48:19:653,-0.7392,-0.4519,8.6023,0.0042,-0.0189,9.8066,-0.0141,-0.0576,0.0199,-4.62,-32.87,31.5,345.02,-85.14,175.23
52.42775,-1.521746,163.69,14.2,2,165.23,20 / 21,1694009,2019-09-06 19:48:19:752,-0.6924,0.4101,9.7401,0.0005,0.0043,9.8066,-0.1436,-0.048,-0.0358,-3.81,-33.12,31.69,347.87,-85.04,176.11
52.42775,-1.521746,163.69,14.2,2,165.23,20 / 21,1694110,2019-09-06 19:48:19:853,-1.49,-0.2008,9.2968,0.0042,0.0138,9.8066,0.0737,-0.114,0.0545,-2.5,-32.31,31.31,350.39,-85.17,174.94
52.42775,-1.521746,163.69,14.2,2,165.23,20 / 21,1694210,2019-09-06 19:48:19:953,-0.4248,-0.1172,9.7693,-0.0138,0.0302,9.8066,0.032,0.0064,-0.0765,-2.56,-32.19,31.19,348.27,-85.35,174.81
52.42775,-1.521746,163.69,14.2,2,165.23,20 / 21,1694309,2019-09-06 19:48:20:052,-1.5919,-0.4253,9.8206,0.0108,0.0394,9.8065,0.1011,-0.1244,0.056,-2.12,-31.87,29.25,348.33,-85.45,173.32
52.426598,-1.521475,162.5,14.27,2,183.45,20 / 21,1694410,2019-09-06 19:48:20:153,-0.9085,0.0806,9.9095,-0.0063,0.0136,9.8065,0.0403,0.0023,-0.0214,-2.5,-32.5,29,349.03,-85.3,174
52.426598,-1.521475,162.5,14.27,2,183.45,20 / 21,1694510,2019-09-06 19:48:20:253,-1.7337,-0.3264,10.0161,-0.0047,-0.016,9.8066,0.0116,0.0203,-0.0353,-2.44,-32.87,29,349.48,-85.27,174.44
52.426598,-1.521475,162.5,14.27,2,183.45,20 / 21,1694610,2019-09-06 19:48:20:353,-1.1747,-0.257,10.4981,-0.0117,-0.0004,9.8066,-0.0234,-0.0755,0.058,-3.81,-33.12,28.94,346.05,-85.3,175.22
52.426598,-1.521475,162.5,14.27,2,183.45,20 / 21,1694709,2019-09-06 19:48:20:452,-0.5264,-0.0343,10.4666,0.0085,-0.0165,9.8066,-0.0432,-0.0502,0.0303,-4.31,-32.31,28.75,347.86,-85.24,176.85
52.426598,-1.521475,162.5,14.27,2,183.45,20 / 21,1694810,2019-09-06 19:48:20:553,-0.7572,0.6465,9.5066,-0.007,-0.0149,9.8066,0.1203,-0.0669,0.0147,-3.69,-32.75,29.44,349.34,-85.17,178.24
52.426598,-1.521475,162.5,14.27,2,183.45,20 / 21,1694909,2019-09-06 19:48:20:652,-0.6417,-0.2421,8.5601,-0.012,0.0109,9.8066,-0.0386,-0.0404,-0.0376,-3.19,-32.94,29.63,354.95,-85.16,-178.86
52.426598,-1.521475,162.5,14.27,2,183.45,20 / 21,1695009,2019-09-06 19:48:20:752,-1.5297,-1.1319,9.5632,0.0035,-0.0193,9.8066,-0.0739,-0.0164,-0.0256,-3.06,-32.56,30.19,354.95,-85.3,-178.87
52.426598,-1.521475,162.5,14.27,2,183.45,20 / 21,1695109,2019-09-06 19:48:20:852,-0.6486,0.3945,8.7392,-0.0056,0.0361,9.8065,-0.0217,-0.2175,0.0791,-2.69,-32.69,30,356.18,-85.28,-177.75
52.426598,-1.521475,162.5,14.27,2,183.45,20 / 21,1695209,2019-09-06 19:48:20:952,-0.5708,0.1804,11.0326,-0.0079,-0.0013,9.8066,0.337,-0.083,0.02,-2.81,-32.25,29.56,358.04,-85.33,-176.08
52.426598,-1.521475,162.5,14.27,2,183.45,20 / 21,1695310,2019-09-06 19:48:21:053,-0.6811,-1.1571,11.0674,-0.0151,0.04,9.8065,0.2026,0.0254,-0.0617,-4.37,-32.06,29.5,355.9,-85.34,-176.14
52.426598,-1.521475,162.5,14.27,2,183.45,20 / 21,1695410,2019-09-06 19:48:21:153,-0.8827,-0.0887,10.5527,-0.0178,0.0676,9.8064,-0.0703,-0.0337,0.0584,-4.69,-31.62,30.44,352.72,-85.33,-177.17
52.426598,-1.521475,162.5,14.27,2,183.45,20 / 21,1695510,2019-09-06 19:48:21:253,-0.9079,-1.1036,10.6525,0.0087,-0.0616,9.8064,0.078,-0.0748,-0.014,-3.25,-31.81,31,355.95,-85.06,-178.15
52.426598,-1.521475,162.5,14.27,2,183.45,20 / 21,1695609,2019-09-06 19:48:21:352,-0.9233,-0.4908,9.9278,0.0032,0.0054,9.8066,-0.2327,-0.0594,-0.0049,-2.75,-31.75,30.75,356.34,-85.31,-177.81
52.426598,-1.521475,162.5,14.27,2,183.45,20 / 21,1695710,2019-09-06 19:48:21:453,-0.9882,-0.0474,10.3038,0.0013,-0.0389,9.8065,-0.1718,-0.0586,0.0445,-2.12,-31.81,30,358.68,-85.32,-177.39
52.426598,-1.521475,162.5,14.27,2,183.45,20 / 21,1695809,2019-09-06 19:48:21:552,-0.5349,-0.0328,9.1887,-0.0057,-0.0313,9.8065,0.057,-0.0503,0.0455,-2.37,-32.06,29.5,359.69,-85.07,-176.47
52.426598,-1.521475,162.5,14.27,2,183.45,20 / 21,1695909,2019-09-06 19:48:21:652,-1.8779,-0.2093,9.8232,-0.0173,0.0216,9.8066,-0.0149,-0.0814,0.0486,-1.56,-32.19,29.44,3.05,-85.15,-173.3
52.426598,-1.521475,162.5,14.27,2,183.45,20 / 21,1696010,2019-09-06 19:48:21:753,-0.7359,-0.7178,9.5689,0,0.0557,9.8064,-0.0176,-0.0946,0.0384,-1.94,-31.37,28.81,3.94,-85.44,-172.46
52.426598,-1.521475,162.5,14.27,2,183.45,20 / 21,1696110,2019-09-06 19:48:21:853,0.4161,0.2382,9.6732,-0.0056,-0.0229,9.8066,-0.0007,0.0186,-0.0587,-2.5,-29.69,28.13,5.63,-85.4,-170.78
52.426598,-1.521475,162.5,14.27,2,183.45,20 / 21,1696209,2019-09-06 19:48:21:952,-0.9501,-0.0719,10.2122,0.0014,-0.0308,9.8066,0.0821,-0.0389,-0.0014,-3.62,-29.19,28.25,1.12,-85.46,-170.85
52.426598,-1.521475,162.5,14.27,2,183.45,20 / 21,1696310,2019-09-06 19:48:22:053,-0.3184,-0.9048,10.0935,0.0097,-0.0036,9.8065,0.0254,-0.047,-0.0049,-4.37,-29.44,28.63,0.81,-85.35,-171.4
52.426598,-1.521475,162.5,14.27,2,183.45,20 / 21,1696409,2019-09-06 19:48:22:152,-0.1322,-0.4552,9.8117,-0.0034,0.013,9.8066,-0.042,-0.058,0.047,-4.19,-30.19,30.25,359.71,-85.19,-172.67
52.426598,-1.521475,162.5,14.27,2,183.45,20 / 21,1696509,2019-09-06 19:48:22:252,-1.1618,-0.0732,10.3378,-0.0022,0.0162,9.8066,0.0216,-0.0678,0.0151,-3.56,-30.69,30.38,0.39,-85.26,-172.05
52.426598,-1.521475,162.5,14.27,2,183.45,20 / 21,1696610,2019-09-06 19:48:22:353,-0.473,1.1341,10.0965,-0.003,0.0263,9.8066,-0.0289,-0.046,0.0866,-3.69,-31.87,30.44,0.42,-85.28,-172.03
52.426598,-1.521475,162.5,14.27,2,183.45,20 / 21,1696710,2019-09-06 19:48:22:453,0.1885,-0.3383,9.0299,-0.0065,-0.0115,9.8066,-0.0009,0.0193,-0.0501,-2,-32.19,29.81,5.62,-85.23,-171.09
52.426598,-1.521475,162.5,14.27,2,183.45,20 / 21,1696809,2019-09-06 19:48:22:552,-0.6649,-0.5754,9.5402,-0.0048,-0.0249,9.8065,-0.0212,-0.0761,-0.041,-1.94,-32.75,29.81,6.13,-85.14,-170.65
52.426598,-1.521475,162.5,14.27,2,183.45,20 / 21,1696909,2019-09-06 19:48:22:652,-1.1651,-0.6217,9.0568,0.0031,0.0014,9.8066,-0.0842,-0.0799,0.0614,-2.69,-32.94,30.19,4.42,-85.11,-170.3
52.426598,-1.521475,162.5,14.27,2,183.45,20 / 21,1697009,2019-09-06 19:48:22:752,-1.4422,-0.3643,10.3353,-0.0034,-0.0102,9.8066,0.2965,0.0214,-0.001,-2.06,-32.31,30.06,6.49,-85.08,-170.31
52.426598,-1.521475,162.5,14.27,2,183.45,20 / 21,1697109,2019-09-06 19:48:22:852,-0.6676,-0.496,10.2334,-0.0069,0.0191,9.8066,0.101,-0.0358,-0.0001,-1.87,-33,29.81,7.83,-85.19,-169.1
52.426598,-1.521475,162.5,14.27,2,183.45,20 / 21,1697210,2019-09-06 19:48:22:953,-0.4845,-0.5422,10.3904,-0.0069,0.0271,9.8065,-0.1326,-0.0479,0.0653,-2.5,-33,30.25,8.47,-85.21,-168.51
52.426598,-1.521475,162.5,14.27,2,183.45,20 / 21,1697310,2019-09-06 19:48:23:053,-0.5568,-0.3854,10.0323,-0.0104,-0.0241,9.8066,-0.0591,0.0355,-0.016,-2.12,-33.06,30.06,10.19,-85.05,-166.99
52.426598,-1.521475,162.5,14.27,2,183.45,20 / 21,1697410,2019-09-06 19:48:23:153,-1.3935,0.0044,9.9346,-0.0034,-0.0153,9.8066,0.0035,-0.0474,0.0355,-2.12,-32.5,30.06,10.99,-85.07,-166.24
52.426598,-1.521475,162.5,14.27,2,183.45,20 / 21,1697509,2019-09-06 19:48:23:252,0.6708,0.3151,10.1456,-0.0046,0.0343,9.8065,0.0904,0.0837,-0.0816,-1.81,-32.75,29.94,11.39,-84.94,-165.93
52.426598,-1.521475,162.5,14.27,2,183.45,20 / 21,1697610,2019-09-06 19:48:23:353,-1.8619,-2.7191,9.6347,0.0086,0.0399,9.8065,-0.0423,0.0114,-0.1004,-2.19,-32.75,29.69,10.97,-85.2,-166.25
52.426598,-1.521475,162.5,14.27,2,183.45,20 / 21,1697710,2019-09-06 19:48:23:453,-1.2632,2.0379,11.1833,0.0183,-0.0585,9.8064,-0.0619,-0.1553,0.0261,-1.56,-33.19,29.75,10,-84.92,-167.19
52.426598,-1.521475,162.5,14.27,2,183.45,20 / 21,1697810,2019-09-06 19:48:23:553,-1.0529,-2.8736,11.5209,-0.024,0.0571,9.8064,0.0795,0.1273,-0.2202,-1.19,-32.94,30.5,14.73,-85.47,-164.69
52.426598,-1.521475,162.5,14.27,2,183.45,20 / 21,1697910,2019-09-06 19:48:23:653,-0.0967,-4.864,11.5155,-0.0052,-0.2494,9.8035,-0.1027,0.065,-0.0509,-1.62,-33.19,30,7.91,-84.35,-169.16
52.426598,-1.521475,162.5,14.27,2,183.45,20 / 21,1698010,2019-09-06 19:48:23:753,1.2613,2.2741,7.6518,0.0237,-0.0761,9.8062,-0.7531,-0.0445,0.0338,-1.87,-33.12,29.25,8.41,-84.94,-168.51
52.426598,-1.521475,162.5,14.27,2,183.45,20 / 21,1698109,2019-09-06 19:48:23:852,-1.8495,1.1752,8.8954,0.0172,-0.1182,9.8058,-0.7083,-0.0858,0.0554,-1.75,-32.94,29.25,11.75,-85.32,-165.43
52.426598,-1.521475,162.5,14.27,2,183.45,20 / 21,1698210,2019-09-06 19:48:23:953,-1.1561,1.055,9.2962,0.0065,-0.1484,9.8054,0.3225,0.003,0.0192,-1,-32.94,29,10.75,-84.68,-168.45
52.426598,-1.521475,162.5,14.27,2,183.45,20 / 21,1698310,2019-09-06 19:48:24:053,-0.348,0.5354,9.1315,-0.008,0.0782,9.8062,0.0663,-0.0849,0.0583,-1.5,-32.75,30.13,13.75,-85.2,-165.64
52.426598,-1.521475,162.5,14.27,2,183.45,20 / 21,1698409,2019-09-06 19:48:24:152,-0.2039,-1.2237,9.9428,-0.0027,-0.0104,9.8066,0.1085,-0.0807,0.0021,-1.69,-33.06,29.63,12.74,-85.12,-164.67
52.426598,-1.521475,162.5,14.27,2,183.45,20 / 21,1698509,2019-09-06 19:48:24:252,-1.3961,-0.7639,9.5502,-0.001,0.0066,9.8066,0.0804,-0.047,0.027,-1.5,-33.5,29.69,16.35,-85.15,-163.3
52.426598,-1.521475,162.5,14.27,2,183.45,20 / 21,1698610,2019-09-06 19:48:24:353,-0.8799,-0.8814,9.9378,-0.016,0.0119,9.8066,-0.0807,-0.0011,-0.0467,-1.62,-33.5,29.56,15.56,-85.23,-162.08
52.426598,-1.521475,162.5,14.27,2,183.45,20 / 21,1698710,2019-09-06 19:48:24:453,-1.2938,0.9661,9.7957,0.003,-0.0488,9.8065,-0.0177,-0.0475,0.0957,-1.19,-32.81,29.56,18.09,-85.22,-161.69
52.426598,-1.521475,162.5,14.27,2,183.45,20 / 21,1698810,2019-09-06 19:48:24:553,-0.6244,-0.8151,9.6388,-0.0083,-0.0329,9.8066,0.0443,-0.0586,0.0203,-1.19,-32.31,29.75,17.85,-84.85,-162
52.426598,-1.521475,162.5,14.27,2,183.45,20 / 21,1698910,2019-09-06 19:48:24:653,-0.0548,1.2951,9.6974,-0.0077,0.026,9.8065,-0.0141,-0.062,-0.0029,-1.44,-32.81,29.94,19.11,-85.02,-160.84
52.426598,-1.521475,162.5,14.27,2,183.45,20 / 21,1699010,2019-09-06 19:48:24:753,-0.4902,-1.3786,9.7832,-0.0023,0.0087,9.8066,-0.0289,-0.0126,-0.0357,-1.12,-33.5,28.88,19.84,-84.96,-160.2
52.426598,-1.521475,162.5,14.27,2,183.45,20 / 21,1699110,2019-09-06 19:48:24:853,-0.8348,0.1015,9.6206,0.0019,0.0038,9.8066,0.0057,-0.0119,0.0016,-0.56,-33.25,28.94,20.32,-84.93,-159.78
52.426598,-1.521475,162.5,14.27,2,183.45,20 / 21,1699210,2019-09-06 19:48:24:953,-1.5658,-0.1057,9.9066,-0.0022,0.0177,9.8066,0.0356,-0.0503,-0.0217,-0.62,-33.12,29.06,20.19,-84.97,-159.88
52.426598,-1.521475,162.5,14.27,2,183.45,20 / 21,1699310,2019-09-06 19:48:25:053,-0.3467,-0.3006,10.2898,0.013,-0.0086,9.8066,0.031,-0.0664,-0.0159,-1.25,-33.44,28.94,20.35,-84.98,-159.73
52.426598,-1.521475,162.5,14.27,2,183.45,20 / 21,1699410,2019-09-06 19:48:25:153,-0.7359,-0.2857,9.3517,-0.0032,0.0114,9.8066,-0.135,0.0125,-0.0124,-0.81,-33.19,29.06,19.09,-84.95,-160.88
52.426598,-1.521475,162.5,14.27,2,183.45,20 / 21,1699510,2019-09-06 19:48:25:253,-0.2592,-0.4907,9.274,-0.0024,-0.0273,9.8065,-0.0605,-0.0209,0.0146,-1.06,-33.69,29.56,18.05,-84.9,-161.9
52.426598,-1.521475,162.5,14.27,2,183.45,20 / 21,1699609,2019-09-06 19:48:25:352,-0.5961,0.5641,10.0187,-0.0093,-0.021,9.8066,-0.0409,-0.1034,0.0206,0.13,-32.5,29.06,21.48,-84.91,-160.65
52.426598,-1.521475,162.5,14.27,2,183.45,20 / 21,1699709,2019-09-06 19:48:25:452,-0.6437,-0.0985,9.972,0.0003,0.005,9.8066,-0.0017,-0.0646,0.0244,-0.81,-32.81,29.19,21.05,-84.99,-159.09
52.426598,-1.521475,162.5,14.27,2,183.45,20 / 21,1699810,2019-09-06 19:48:25:553,-0.6468,0.8399,10.234,-0.0061,0.0002,9.8066,0.0048,-0.052,0.0077,-0.44,-33.06,29.19,24.69,-84.87,-157.84
52.426598,-1.521475,162.5,14.27,2,183.45,20 / 21,1699910,2019-09-06 19:48:25:653,-1.331,-0.4702,10.514,-0.005,-0.0215,9.8065,0.0022,0.0331,-0.0476,-0.37,-32.62,29,25.46,-84.85,-157.15
52.426598,-1.521475,162.5,14.27,2,183.45,20 / 21,1700009,2019-09-06 19:48:25:752,0.1237,-0.0539,9.7419,0.0084,-0.0289,9.8065,0.0286,-0.0481,-0.0571,-2.25,-32.12,29.69,19.1,-84.67,-159.02
52.426598,-1.521475,162.5,14.27,2,183.45,20 / 21,1700109,2019-09-06 19:48:25:852,-0.5331,0.479,9.5725,-0.0026,0.0449,9.8065,0.1558,0.008,-0.0058,-1.44,-32.87,30,23.28,-84.87,-157.12
52.426598,-1.521475,162.5,14.27,2,183.45,20 / 21,1700211,2019-09-06 19:48:25:954,-1.2407,-1.5224,9.4479,-0.0094,0.0421,9.8065,-0.2547,-0.0254,0.0249,-0.87,-32.75,29.13,24.19,-84.93,-156.28
52.426598,-1.521475,162.5,14.27,2,183.45,20 / 21,1700309,2019-09-06 19:48:26:052,-1.3395,1.0265,9.6325,-0.0049,-0.0111,9.8065,-0.1401,-0.069,0.0512,-1,-33.06,28.75,26.68,-84.84,-154.07
52.426598,-1.521475,162.5,14.27,2,183.45,19 / 20,1700410,2019-09-06 19:48:26:153,-0.7713,0.1924,9.432,-0.0111,-0.0289,9.8065,0.1185,-0.0878,0.0049,-0.56,-33.56,28.88,28.16,-84.83,-152.82
52.426598,-1.521475,162.5,14.27,2,183.45,19 / 20,1700510,2019-09-06 19:48:26:253,-0.6303,1.4353,10.2419,0.0028,0.0459,9.8064,0.1246,-0.0147,-0.045,-0.19,-33.44,28.88,29.86,-84.83,-153.17
52.426598,-1.521475,162.5,14.27,2,183.45,19 / 20,1700609,2019-09-06 19:48:26:352,-1.3193,0.4691,9.9877,-0.0022,0.0364,9.8065,-0.1012,-0.0168,0.0141,0.69,-33.06,29.06,33.07,-85.02,-152.09
52.426598,-1.521475,162.5,14.27,2,183.45,19 / 20,1700709,2019-09-06 19:48:26:452,0.3566,0.85,9.7619,0.001,0.0153,9.8066,0.0313,0.0242,-0.0333,0.5,-33.25,28.75,31.7,-84.96,-153.38
52.426598,-1.521475,162.5,14.27,2,183.45,19 / 20,1700809,2019-09-06 19:48:26:552,-0.903,0.0929,10.2333,0.0014,0.0158,9.8065,-0.1523,-0.005,-0.0126,0,-33.06,29,29.21,-84.97,-153.68
52.426598,-1.521475,162.5,14.27,2,183.45,19 / 20,1700909,2019-09-06 19:48:26:652,-0.8207,0.0886,9.3225,0.0072,-0.0031,9.8066,-0.0062,-0.0568,0.045,0,-32.87,28.25,29.25,-84.99,-153.73
52.426598,-1.521475,162.5,14.27,2,183.45,19 / 20,1701010,2019-09-06 19:48:26:753,-0.9275,-0.6491,9.4638,-0.0056,-0.0286,9.8065,-0.1195,-0.0189,-0.025,-0.31,-33.69,28.5,29.13,-84.91,-153.87
52.426598,-1.521475,162.5,14.27,2,183.45,19 / 20,1701110,2019-09-06 19:48:26:853,-0.5941,-0.8781,9.6634,-0.0031,-0.0241,9.8065,-0.1291,-0.0064,0.0077,0,-33.44,28.94,29.21,-84.93,-153.71
52.426598,-1.521475,162.5,14.27,2,183.45,19 / 20,1701210,2019-09-06 19:48:26:953,-0.3325,0.2682,9.778,-0.0103,-0.0504,9.8065,0.1693,-0.1047,0.0264,-0.06,-33.19,28.19,28.46,-84.62,-154.67
52.426598,-1.521475,162.5,14.27,2,183.45,19 / 20,1701310,2019-09-06 19:48:27:053,-0.1383,0.0049,10.0948,0.0048,0.0655,9.8064,0.1989,-0.0172,-0.0271,0.19,-33.06,29.19,30.41,-84.87,-152.64
52.426598,-1.521475,162.5,14.27,2,183.45,20 / 21,1701409,2019-09-06 19:48:27:152,-1.6123,-0.104,9.6444,0.0027,0.0921,9.8062,-0.0012,-0.1703,0.1034,0.38,-33.44,28.38,31.73,-85.05,-151.44
52.426598,-1.521475,162.5,14.27,2,183.45,20 / 21,1701510,2019-09-06 19:48:27:253,-0.2178,-1.4095,9.9509,-0.0087,-0.048,9.8065,-0.1229,-0.0453,0.0103,0,-33.56,28.56,30.61,-84.61,-152.72
52.426598,-1.521475,162.5,14.27,2,183.45,20 / 21,1701609,2019-09-06 19:48:27:352,-0.2146,1.8811,9.6111,0.008,-0.0201,9.8065,-0.3309,-0.0865,-0.0309,0.38,-33.19,28.19,31.57,-84.8,-151.74
52.426598,-1.521475,162.5,14.27,2,183.45,20 / 21,1701710,2019-09-06 19:48:27:453,-0.9331,0.4561,10.148,-0.0006,0.006,9.8066,0.1751,0.0226,0.0596,0.63,-33.06,28.38,33.82,-84.79,-151.75
52.426598,-1.521475,162.5,14.27,2,183.45,20 / 21,1701810,2019-09-06 19:48:27:553,-0.3567,1.1331,9.9823,0.0077,0.0044,9.8066,0.0854,-0.0604,0.0194,0.56,-33.44,28.56,32.85,-84.72,-152.5
52.426598,-1.521475,162.5,14.27,2,183.45,20 / 21,1701910,2019-09-06 19:48:27:653,-0.6921,-0.5098,9.6351,0.0066,-0.002,9.8066,-0.0823,-0.0199,-0.0652,0.5,-33.81,28.5,30.7,-84.69,-154.56
52.426598,-1.521475,162.5,14.27,2,183.45,20 / 21,1702010,2019-09-06 19:48:27:753,-0.0032,0.7572,10.0347,-0.0061,-0.0014,9.8066,-0.114,-0.0717,0.0046,0.5,-33.56,28.25,31.16,-84.73,-154.3
52.426598,-1.521475,162.5,14.27,2,183.45,20 / 21,1702110,2019-09-06 19:48:27:853,-0.4358,0.7755,9.3901,-0.0124,0.0288,9.8065,0.0996,-0.0753,0.0917,0.13,-34.25,28.69,31.77,-84.89,-151.49
52.426598,-1.521475,162.5,14.27,2,183.45,20 / 21,1702210,2019-09-06 19:48:27:953,0.0172,-0.2353,9.935,0.0049,0.0373,9.8065,0.0239,0.0161,0.0089,0.44,-34.12,28.13,32.42,-84.92,-150.99
52.426598,-1.521475,162.5,14.27,2,183.45,20 / 21,1702310,2019-09-06 19:48:28:053,-1.1294,-1.0403,10.3635,0.0048,0.0042,9.8066,-0.0538,-0.0141,-0.0281,0.69,-33.25,28.06,35.32,-84.83,-150.35
52.426598,-1.521475,162.5,14.27,2,183.45,20 / 21,1702410,2019-09-06 19:48:28:153,-0.2648,-1.1751,9.2804,-0.0077,0.0246,9.8066,-0.1282,-0.0542,0.0262,0.63,-33.37,28.56,35.78,-84.84,-149.73
52.426598,-1.521475,162.5,14.27,2,183.45,20 / 21,1702509,2019-09-06 19:48:28:252,0.1962,0.1448,10.5471,-0.0081,-0.0129,9.8066,0.0169,-0.0933,0.0237,0.5,-33.44,28.44,36.52,-84.71,-149.35
52.426598,-1.521475,162.5,14.27,2,183.45,20 / 21,1702609,2019-09-06 19:48:28:352,-1.2546,0.437,10.4227,0.0047,0.0006,9.8066,0.0007,-0.0843,-0.0284,0.13,-33.19,27.88,34.61,-84.86,-148.94
52.426598,-1.521475,162.5,14.27,2,183.45,20 / 21,1702709,2019-09-06 19:48:28:452,-0.3994,-0.6736,10.1491,-0.0019,-0.0061,9.8066,-0.0181,-0.0045,0.0544,0.44,-32.56,27.13,34.5,-84.79,-149.22
52.426598,-1.521475,162.5,14.27,2,183.45,20 / 21,1702810,2019-09-06 19:48:28:553,-0.8315,-0.6307,9.6107,-0.0032,0.0027,9.8066,-0.0672,-0.0011,0.0077,1,-33,28.19,37.18,-84.75,-148.72
52.426598,-1.521475,162.5,14.27,2,183.45,20 / 21,1702909,2019-09-06 19:48:28:652,-0.8418,-0.0887,10.1356,0.0013,0.034,9.8065,0.0033,-0.0339,-0.0315,0.81,-33.37,27.81,37.56,-84.72,-148.39
52.426598,-1.521475,162.5,14.27,2,183.45,20 / 21,1703009,2019-09-06 19:48:28:752,-0.6101,0.2591,9.5389,-0.0069,0.0092,9.8066,-0.1202,-0.0387,0.0604,1,-33.19,28,39.64,-84.84,-146.4
52.426598,-1.521475,162.5,14.27,2,183.45,20 / 21,1703110,2019-09-06 19:48:28:853,-0.0924,0.0354,9.0566,0.0032,0.0637,9.8063,0.098,-0.053,-0.0038,0.81,-33.37,27.69,41.63,-84.85,-144.57
52.426598,-1.521475,162.5,14.27,2,183.45,20 / 21,1703214,2019-09-06 19:48:28:957,-0.1656,-1.6407,10.6975,-0.0069,-0.0047,9.8066,-0.0865,-0.0706,-0.009,0.69,-33.94,27.81,41.48,-84.74,-144.92
52.426598,-1.521475,162.5,14.27,2,183.45,20 / 21,1703310,2019-09-06 19:48:29:053,-0.4,1.3743,10.6183,-0.0092,-0.0088,9.8066,0.0173,0.0124,0.0601,1.19,-33.75,28,42.12,-84.57,-144.48
52.425507,-1.521905,160.99,13.33,3,203.31,20 / 21,1703410,2019-09-06 19:48:29:153,-0.5154,-0.182,10.4619,-0.0019,0.02,9.8066,0.0192,-0.0414,0.0346,1,-33.81,28.25,42.86,-84.7,-143.69
52.425507,-1.521905,160.99,13.33,3,203.31,20 / 21,1703510,2019-09-06 19:48:29:253,0.3563,-0.1364,9.6238,0.0043,-0.0022,9.8066,-0.025,0.0796,-0.0088,0.56,-34.31,28.13,43.04,-84.66,-143.56
52.425507,-1.521905,160.99,13.33,3,203.31,20 / 21,1703609,2019-09-06 19:48:29:352,-0.6954,-1.3788,9.3894,-0.0052,-0.0106,9.8065,0.0167,-0.0191,-0.0155,1.5,-34.06,28.63,44.35,-84.63,-144.12
52.425507,-1.521905,160.99,13.33,3,203.31,20 / 21,1703709,2019-09-06 19:48:29:452,-0.0469,-1.4582,9.8912,-0.002,-0.0166,9.8066,-0.0465,-0.0351,-0.0305,0.75,-33.69,27.56,41.84,-84.74,-144.6
52.425507,-1.521905,160.99,13.33,3,203.31,20 / 21,1703810,2019-09-06 19:48:29:553,-1.1954,0.3192,9.9559,0.0007,-0.014,9.8066,0.046,0.0517,-0.0256,1.25,-34,28.19,42.16,-84.69,-144.34
52.425507,-1.521905,160.99,13.33,3,203.31,20 / 21,1703910,2019-09-06 19:48:29:653,0.3714,0.3742,10.4437,-0.0093,0.0127,9.8066,0.0547,-0.0451,0.0581,1.25,-33.69,28.13,41.87,-84.78,-144.53
52.425507,-1.521905,160.99,13.33,3,203.31,20 / 21,1704009,2019-09-06 19:48:29:752,-0.3226,-0.684,9.5334,-0.007,0.038,9.8065,-0.2931,0.0023,-0.0149,1.75,-33.69,27.81,46.3,-84.75,-142.51
52.425507,-1.521905,160.99,13.33,3,203.31,20 / 21,1704109,2019-09-06 19:48:29:852,-1.7428,-0.6976,11.0638,-0.0106,-0.0915,9.8062,-0.2079,-0.0636,0.076,1.19,-34.12,27.75,41.26,-84.2,-145.57
52.425507,-1.521905,160.99,13.33,3,203.31,20 / 21,1704210,2019-09-06 19:48:29:953,-1.4162,-0.5492,10.6583,0.0057,-0.0525,9.8065,-0.1498,-0.1229,0.0202,0.63,-33.69,28.44,41.08,-84.36,-145.61
52.425507,-1.521905,160.99,13.33,3,203.31,20 / 21,1704309,2019-09-06 19:48:30:052,-1.7288,-2.231,10.8224,0.0118,-0.0434,9.8065,-0.3081,-0.0848,-0.094,1.38,-34.06,27.69,43.19,-84.3,-143.74
52.425507,-1.521905,160.99,13.33,3,203.31,20 / 21,1704410,2019-09-06 19:48:30:153,0.484,-0.2334,9.5336,-0.0079,-0.0447,9.8065,0.1328,-0.0086,0.1041,1.25,-34.12,27.81,40.16,-84.36,-146.44
52.425507,-1.521905,160.99,13.33,3,203.31,20 / 21,1704509,2019-09-06 19:48:30:252,-0.7208,0.5632,10.8044,-0.0196,0.011,9.8065,0.1288,0.1653,-0.1044,1.63,-33.69,28.13,44.89,-84.48,-144.06
52.425507,-1.521905,160.99,13.33,3,203.31,20 / 21,1704610,2019-09-06 19:48:30:353,1.6967,-3.4296,9.0911,-0.0107,-0.1171,9.8059,-0.3745,0.0536,0.0513,1.75,-33.25,27.75,46.71,-84.88,-141.88
52.425507,-1.521905,160.99,13.33,3,203.31,20 / 21,1704710,2019-09-06 19:48:30:453,-0.0066,-1.8934,9.8178,-0.029,-0.1242,9.8057,-0.1408,-0.0858,0.0677,1.69,-33.37,27.75,49.13,-84.94,-139.58
52.425507,-1.521905,160.99,13.33,3,203.31,20 / 21,1704810,2019-09-06 19:48:30:553,0.7812,-1.6451,10.4486,-0.0272,-0.0717,9.8063,-0.2837,-0.1216,0.1026,1.44,-34.25,26.88,47.45,-84.28,-140.13
52.425507,-1.521905,160.99,13.33,3,203.31,20 / 21,1704910,2019-09-06 19:48:30:653,-0.687,0.4148,9.1626,-0.0189,-0.053,9.8064,-0.4115,-0.0259,0.0742,0.75,-34.37,26.63,50.12,-84.16,-137.81
52.425507,-1.521905,160.99,13.33,3,203.31,20 / 21,1705009,2019-09-06 19:48:30:752,-2.7927,2.2265,8.5849,-0.0121,-0.0887,9.8062,-0.3122,-0.1103,0.0545,1.31,-34.69,27.25,51,-84.1,-137.23
52.425507,-1.521905,160.99,13.33,3,203.31,20 / 21,1705109,2019-09-06 19:48:30:852,-2.4119,-0.7554,9.8401,-0.0281,-0.0157,9.8065,-0.2155,0.0659,-0.1292,0.75,-34.44,26.63,53.62,-84.39,-134.34
52.425507,-1.521905,160.99,13.33,3,203.31,20 / 21,1705209,2019-09-06 19:48:30:952,3.7625,3.6041,10.068,0.0291,0.0524,9.8064,0.2825,0.1437,-0.11,1.63,-34.12,26.94,53.77,-84.81,-135.85
52.425507,-1.521905,160.99,13.33,3,203.31,20 / 21,1705311,2019-09-06 19:48:31:054,1.1219,-1.9031,9.273,0.0345,0.0052,9.8065,0.1203,-0.0204,-0.0314,1.5,-34,27.06,51.17,-84.71,-138.37
52.425507,-1.521905,160.99,13.33,3,203.31,20 / 21,1705410,2019-09-06 19:48:31:153,1.8509,0.8866,9.6381,-0.0005,-0.0556,9.8065,-0.2732,0.0938,-0.1693,2.06,-33.87,27.75,44.71,-84.51,-144.19
52.425507,-1.521905,160.99,13.33,3,203.31,20 / 21,1705509,2019-09-06 19:48:31:252,-2.0078,-1.4916,9.5611,0.023,0.0859,9.8062,0.0915,-0.088,0.0264,1.94,-34,27.5,44.74,-85.06,-143.67
52.425507,-1.521905,160.99,13.33,3,203.31,20 / 21,1705609,2019-09-06 19:48:31:352,-1.6366,0.8442,9.9949,0.0247,0.0491,9.8064,0.1709,-0.0254,-0.0062,1.5,-34.81,27.63,46.16,-85.06,-142.48
52.425507,-1.521905,160.99,13.33,3,203.31,20 / 21,1705710,2019-09-06 19:48:31:453,-2.3062,-1.9482,10.1782,0.002,0.0108,9.8065,0.4012,0.0357,0.0358,1.81,-34.31,27.06,47.58,-85.37,-141.04
52.425507,-1.521905,160.99,13.33,3,203.31,20 / 21,1705809,2019-09-06 19:48:31:552,-3.668,-2.3069,12.3027,0.0021,0.0259,9.8065,0.5091,-0.2181,0.0386,2.06,-34.37,26.38,48.77,-85.57,-140.07
52.425507,-1.521905,160.99,13.33,3,203.31,20 / 21,1705910,2019-09-06 19:48:31:653,1.2175,-0.145,8.6782,0.0099,-0.1535,9.8054,-0.4898,0.074,-0.1141,2.06,-34.56,26.81,48.5,-85.77,-139.92
52.425507,-1.521905,160.99,13.33,3,203.31,20 / 21,1706010,2019-09-06 19:48:31:753,-0.2623,-0.2424,9.5091,-0.0146,-0.1643,9.8052,-0.042,-0.0855,-0.0886,2.69,-34.25,26.13,40,-85.22,-150.67
52.425507,-1.521905,160.99,13.33,3,203.31,20 / 21,1706109,2019-09-06 19:48:31:852,-0.3187,1.253,9.788,0.0195,0.0467,9.8065,-0.2253,-0.0668,-0.0393,2.88,-34.44,26.44,40.84,-85.81,-149.38
52.425507,-1.521905,160.99,13.33,3,203.31,20 / 21,1706210,2019-09-06 19:48:31:953,0.9237,0.5379,9.5215,0.0131,0.0071,9.8066,0.0994,-0.0611,0.0604,3.38,-34.44,26.88,39.62,-85.87,-150.09
52.425507,-1.521905,160.99,13.33,3,203.31,20 / 21,1706309,2019-09-06 19:48:32:052,-0.825,-1.2474,9.6513,-0.0069,0.0017,9.8066,0.0211,-0.0378,0.0217,3.06,-33.87,26.81,40.45,-86.08,-149.14
52.425507,-1.521905,160.99,13.33,3,203.31,20 / 21,1706410,2019-09-06 19:48:32:153,-0.9539,-0.9498,9.9318,-0.0041,0.0323,9.8065,-0.0997,-0.0242,-0.0469,3.06,-34.19,26.31,43.28,-86.12,-146.83
52.425507,-1.521905,160.99,13.33,3,203.31,20 / 21,1706510,2019-09-06 19:48:32:253,-0.4613,0.0373,9.8029,-0.0104,-0.0518,9.8065,-0.1671,-0.0605,0.0201,4.25,-34.12,26.63,45.12,-86.16,-146.77
52.425507,-1.521905,160.99,13.33,3,203.31,20 / 21,1706610,2019-09-06 19:48:32:353,0.6986,0.474,9.6106,-0.0168,-0.03,9.8065,0.133,-0.1297,0.1021,4,-34.87,26.19,45.26,-85.92,-147.42
52.425507,-1.521905,160.99,13.33,3,203.31,20 / 21,1706710,2019-09-06 19:48:32:453,-0.1383,-0.467,9.6139,-0.0017,0.0212,9.8065,-0.0043,0.0108,0.0121,3,-34.37,26.25,46.14,-85.99,-144.28
52.425507,-1.521905,160.99,13.33,3,203.31,20 / 21,1706810,2019-09-06 19:48:32:553,-1.0271,-0.1487,9.9806,-0.0051,0.0104,9.8066,0.0546,-0.0813,0.0393,3.31,-33.87,26.38,46.36,-85.97,-144.09
52.425507,-1.521905,160.99,13.33,3,203.31,20 / 21,1706910,2019-09-06 19:48:32:653,-0.2878,-0.3037,9.7278,-0.0182,0.0145,9.8065,0.0987,-0.0125,-0.0487,3.69,-34.19,26.19,51.12,-85.8,-141.93
52.425507,-1.521905,160.99,13.33,3,203.31,20 / 21,1707010,2019-09-06 19:48:32:753,-1.1029,0.7417,11.2052,0.0025,0.0212,9.8066,-0.0021,-0.023,0.0411,3.19,-34.5,26.31,49.38,-85.73,-141.5
52.425507,-1.521905,160.99,13.33,3,203.31,20 / 21,1707109,2019-09-06 19:48:32:852,-1.4927,-0.4489,10.6207,-0.002,-0.0225,9.8066,0.1181,-0.078,0.0173,3.56,-34.5,26.69,50.93,-85.53,-141.91
52.425507,-1.521905,160.99,13.33,3,203.31,20 / 21,1707210,2019-09-06 19:48:32:953,0.222,-0.4458,10.3935,-0.0077,-0.0234,9.8066,-0.0038,-0.0903,0.0063,3.5,-34.62,26.88,48.22,-85.24,-144.86
52.425507,-1.521905,160.99,13.33,3,203.31,20 / 21,1707310,2019-09-06 19:48:33:053,-0.3275,-0.1128,9.9153,-0.0045,0.0052,9.8066,0.0511,-0.0035,-0.0335,2.81,-34.31,25.75,45.33,-85.31,-145.68
52.425507,-1.521905,160.99,13.33,3,203.31,20 / 21,1707409,2019-09-06 19:48:33:152,-1.2952,-0.9121,9.3975,0.0149,0.0198,9.8066,-0.1145,-0.0154,-0.0689,4.06,-34.56,26.81,46.85,-85.44,-145.94
52.425507,-1.521905,160.99,13.33,3,203.31,20 / 21,1707510,2019-09-06 19:48:33:253,-0.5552,-1.9378,9.5158,-0.0089,-0.0334,9.8065,-0.0523,-0.0533,0.0265,4.06,-34.94,26.69,46.48,-85.31,-146.41
52.425507,-1.521905,160.99,13.33,3,203.31,20 / 21,1707609,2019-09-06 19:48:33:352,-1.9704,0.3595,9.2195,-0.0243,-0.0137,9.8065,-0.0771,0.0216,0.003,4,-34.62,26.13,49.98,-85.28,-143.68
52.425507,-1.521905,160.99,13.33,3,203.31,20 / 21,1707710,2019-09-06 19:48:33:453,0.3941,-0.2262,9.4566,0,-0.015,9.8066,-0.1424,-0.0563,-0.0522,4.25,-34.5,26.25,50.09,-85.48,-143.24
52.425507,-1.521905,160.99,13.33,3,203.31,20 / 21,1707810,2019-09-06 19:48:33:553,-1.7127,0.0709,9.4708,0.016,-0.013,9.8066,0.0137,0.0376,-0.055,3.94,-33.81,25.31,49.76,-85.59,-143.94
52.425507,-1.521905,160.99,13.33,3,203.31,20 / 21,1707910,2019-09-06 19:48:33:653,-0.3721,-0.3873,9.2385,0.0277,0.0257,9.8065,0.09,-0.0475,0.0215,4.06,-34.31,25.06,47.96,-85.89,-145.31
52.425507,-1.521905,160.99,13.33,3,203.31,20 / 21,1708010,2019-09-06 19:48:33:753,-1.505,-1.5532,11.5333,-0.0034,-0.0022,9.8066,0.1302,-0.0849,0.0027,4.94,-34.06,24.88,47.98,-85.71,-147.67
52.425507,-1.521905,160.99,13.33,3,203.31,20 / 21,1708110,2019-09-06 19:48:33:853,-0.3575,-0.8396,9.8003,-0.0116,-0.0238,9.8066,0.1129,0.0513,-0.0822,5.88,-33.5,25.44,47.72,-85.65,-149.99
52.425507,-1.521905,160.99,13.33,3,203.31,20 / 21,1708210,2019-09-06 19:48:33:953,0.3796,-1.1429,9.832,0.015,-0.0158,9.8066,-0.1278,-0.0277,-0.0405,4.63,-34.12,25.75,43.47,-85.66,-151.34
52.425507,-1.521905,160.99,13.33,3,203.31,20 / 21,1708310,2019-09-06 19:48:34:053,-1.9478,0.724,10.8689,0.0025,-0.0291,9.8065,-0.016,-0.1289,0.0642,4.88,-34,25.94,42.85,-85.58,-151.99
52.425507,-1.521905,160.99,13.33,3,203.31,20 / 21,1708411,2019-09-06 19:48:34:154,-3.1563,0.2633,10.0735,0.0024,0.0249,9.8066,-0.1841,0.0807,-0.1292,5.06,-33.81,25.75,41.53,-85.54,-153.24
52.425507,-1.521905,160.99,13.33,3,203.31,20 / 21,1708510,2019-09-06 19:48:34:253,-0.1402,-0.6845,10.2276,-0.0033,-0.0217,9.8066,-0.0903,0.0028,-0.0381,5.31,-34,25.94,39.54,-85.5,-155.11
52.425507,-1.521905,160.99,13.33,3,203.31,20 / 21,1708609,2019-09-06 19:48:34:352,-0.066,0.2132,10.6153,0.0176,-0.0059,9.8065,0.0758,-0.0047,0.0312,5,-34.62,25.69,37.62,-85.56,-156.94
52.425507,-1.521905,160.99,13.33,3,203.31,20 / 21,1708709,2019-09-06 19:48:34:452,-0.0598,-1.5128,10.4232,0.0099,-0.0251,9.8066,-0.0319,0,-0.0143,5.44,-34,26.19,36.36,-85.65,-157.92
52.425507,-1.521905,160.99,13.33,3,203.31,20 / 21,1708810,2019-09-06 19:48:34:553,-1.3472,0.1621,10.4057,-0.0057,0.0023,9.8065,-0.0474,0.0313,-0.0704,5.56,-33.94,25.75,36.6,-85.49,-159.91
52.425507,-1.521905,160.99,13.33,3,203.31,20 / 21,1708909,2019-09-06 19:48:34:652,-2.2851,-1.5722,9.9893,-0.01,-0.0103,9.8066,0.0494,-0.1351,0.0777,5.38,-34.44,25.94,35.22,-85.51,-159.08
52.425507,-1.521905,160.99,13.33,3,203.31,20 / 21,1709010,2019-09-06 19:48:34:753,-0.4053,-0.2154,9.9505,-0.0043,-0.0091,9.8066,0.0085,-0.0453,-0.026,5.19,-34.62,25.75,37.07,-85.44,-157.54
52.425507,-1.521905,160.99,13.33,3,203.31,20 / 21,1709110,2019-09-06 19:48:34:853,-0.3363,0.5705,10.6037,-0.0132,-0.0221,9.8065,0.0412,0.0009,-0.0063,5.19,-34.06,26.13,36.68,-85.36,-157.86
52.425507,-1.521905,160.99,13.33,3,203.31,20 / 21,1709210,2019-09-06 19:48:34:953,0.5379,-0.8813,9.8158,0.0055,-0.0196,9.8066,-0.0079,-0.0283,0.0359,5.13,-33.87,25.19,36.53,-85.33,-158.58
52.425507,-1.521905,160.99,13.33,3,203.31,20 / 21,1709309,2019-09-06 19:48:35:052,-1.3388,0.6103,9.6821,0.002,-0.0072,9.8066,-0.1105,-0.0431,0.0147,4.75,-34,24.81,36.8,-85.31,-158.35
52.425507,-1.521905,160.99,13.33,3,203.31,20 / 21,1709410,2019-09-06 19:48:35:153,-0.4053,-0.5214,9.9664,-0.0029,-0.0038,9.8066,-0.0572,-0.0424,-0.0401,5.44,-34.37,24.69,36.21,-85.44,-158.78
52.425507,-1.521905,160.99,13.33,3,203.31,20 / 21,1709514,2019-09-06 19:48:35:257,0.0644,0.1974,10.1076,0.0122,0.0102,9.8065,0.0212,-0.0288,-0.0295,5.38,-34.5,25,36.08,-85.57,-158.79
52.425507,-1.521905,160.99,13.33,3,203.31,20 / 21,1709610,2019-09-06 19:48:35:353,-1.4895,-1.5248,10.3569,0.006,0.0114,9.8065,-0.1024,0.0184,-0.0374,5.5,-34.75,25.56,36.59,-85.54,-159.98
52.425507,-1.521905,160.99,13.33,3,203.31,20 / 21,1709710,2019-09-06 19:48:35:453,-1.026,-0.2623,10.5791,0.0022,-0.0337,9.8065,-0.0339,-0.078,0.0353,5.75,-34,25.69,33.29,-85.31,-163.08
52.425507,-1.521905,160.99,13.33,3,203.31,20 / 21,1709810,2019-09-06 19:48:35:553,0.6984,-0.2605,9.614,0.0088,-0.0077,9.8066,-0.0495,0.0083,-0.0807,5.88,-34.12,25.75,31.69,-85.35,-164.5
52.425507,-1.521905,160.99,13.33,3,203.31,20 / 21,1709910,2019-09-06 19:48:35:653,0.1934,0.1585,10.3425,0.0133,-0.0027,9.8066,-0.0129,-0.0211,-0.0359,5.88,-33.81,25.88,30.29,-85.38,-165.76
52.425507,-1.521905,160.99,13.33,3,203.31,20 / 21,1710010,2019-09-06 19:48:35:753,0.2646,0.1546,10.3246,-0.0027,-0.0085,9.8066,0.0379,0.004,0.0212,5.69,-34.44,25.81,28.53,-85.48,-167.29
52.425507,-1.521905,160.99,13.33,3,203.31,20 / 21,1710109,2019-09-06 19:48:35:852,0.0294,0.3068,9.9791,-0.0101,-0.0093,9.8066,0.0067,-0.1117,0.0847,5.81,-34.06,25.75,30.21,-85.31,-165.88
52.425507,-1.521905,160.99,13.33,3,203.31,20 / 21,1710210,2019-09-06 19:48:35:953,-0.6083,-0.7151,9.3451,-0.0167,-0.0066,9.8066,-0.0452,-0.0419,0.0181,6.81,-34.19,25.69,34.98,-85.23,-163.64
52.425507,-1.521905,160.99,13.33,3,203.31,20 / 21,1710310,2019-09-06 19:48:36:053,0.5885,0.8478,9.22,-0.0005,0.0163,9.8066,-0.0563,0.0541,-0.0418,6.75,-34.25,26.06,36.35,-85.34,-162.3
52.425507,-1.521905,160.99,13.33,3,203.31,19 / 20,1710409,2019-09-06 19:48:36:152,0.2519,-0.178,9.0194,-0.0058,-0.0103,9.8066,0.1027,0.0207,0.0227,6.19,-34.19,25.81,34.3,-85.41,-162.08
52.425507,-1.521905,160.99,13.33,3,203.31,19 / 20,1710510,2019-09-06 19:48:36:253,-0.1307,-0.9641,10.4876,0.0137,0.0414,9.8065,0.1677,0.0194,-0.0421,5.88,-34.12,25.06,35.46,-85.66,-161.44
52.425507,-1.521905,160.99,13.33,3,203.31,19 / 20,1710610,2019-09-06 19:48:36:353,0.3911,-0.3785,10.5869,0.0167,0.0389,9.8065,-0.0626,0.0052,0.0214,5.69,-34,25.13,34.58,-85.67,-162.25
52.425507,-1.521905,160.99,13.33,3,203.31,19 / 20,1710709,2019-09-06 19:48:36:452,0.3059,-1.6821,9.5822,-0.009,-0.0537,9.8065,-0.1363,0.0065,0.027,5.44,-34.19,25,30.59,-85.2,-164.06
52.425507,-1.521905,160.99,13.33,3,203.31,19 / 20,1710809,2019-09-06 19:48:36:552,0.2819,0.2959,9.534,-0.025,-0.0438,9.8064,0.0183,-0.026,-0.0247,5.5,-34.37,25.5,33.3,-85.15,-163.18
52.425507,-1.521905,160.99,13.33,3,203.31,19 / 20,1710910,2019-09-06 19:48:36:653,-0.8527,0.109,9.8525,0.0109,0.0435,9.8065,0.0802,-0.0616,0.0354,5.94,-34.5,25.56,35.56,-85.14,-161.14
52.425507,-1.521905,160.99,13.33,3,203.31,19 / 20,1711010,2019-09-06 19:48:36:753,-0.992,-0.4951,10.0841,0.006,0.0253,9.8065,-0.4162,0.0929,-0.0177,5.06,-34.25,24.75,35.48,-85.37,-159.51
52.425507,-1.521905,160.99,13.33,3,203.31,19 / 20,1711110,2019-09-06 19:48:36:853,0.7419,1.8926,8.4958,-0.0258,-0.0676,9.8063,-0.3559,0.1015,0.0397,5.75,-34.25,24.94,34.77,-85.4,-162.29
52.425507,-1.521905,160.99,13.33,3,203.31,19 / 20,1711210,2019-09-06 19:48:36:953,1.4909,5.3442,9.3627,-0.0239,-0.124,9.8058,0.1748,0.0123,-0.1498,5.81,-34.31,24.88,34.17,-85.33,-162.89
52.425507,-1.521905,160.99,13.33,3,203.31,19 / 20,1711310,2019-09-06 19:48:37:053,-0.1429,1.7637,9.1437,0.0639,0.101,9.8059,0.077,-0.0286,-0.039,6.19,-33.75,24.94,28.87,-86.11,-167.16
52.425507,-1.521905,160.99,13.33,3,203.31,20 / 21,1711410,2019-09-06 19:48:37:153,0.5726,0.7858,9.2587,0.0363,0.013,9.8065,0.2835,0.0139,0.0398,6.81,-34.19,25.25,24.07,-85.66,-173.95
52.425507,-1.521905,160.99,13.33,3,203.31,20 / 21,1711509,2019-09-06 19:48:37:252,1.1509,-0.6009,9.9093,0.0055,0.048,9.8064,0.2662,0.0698,0.0156,6.25,-33.31,25.38,20.37,-85.38,-175.25
52.425507,-1.521905,160.99,13.33,3,203.31,20 / 21,1711609,2019-09-06 19:48:37:352,0.8114,1.0647,10.1648,-0.0156,0.0282,9.8065,0.0802,-0.047,-0.0241,6.06,-32.62,24.25,23.22,-85.53,-173.24
52.425507,-1.521905,160.99,13.33,3,203.31,20 / 21,1711709,2019-09-06 19:48:37:452,0.3268,-0.5213,9.013,-0.0024,-0.0021,9.8066,0.0841,-0.0503,0.0963,5.69,-31.25,24.44,24.03,-85.52,-172.36
52.425507,-1.521905,160.99,13.33,3,203.31,20 / 21,1711810,2019-09-06 19:48:37:553,0.7345,-0.2467,10.549,-0.0051,0.005,9.8066,-0.0001,-0.0727,0.0564,4.69,-31.37,24.13,23.78,-85.56,-170.31
52.425507,-1.521905,160.99,13.33,3,203.31,20 / 21,1711909,2019-09-06 19:48:37:652,-0.1999,1.9344,10.8233,-0.0124,0.0156,9.8066,0.0164,0.0114,-0.0579,4.19,-32.19,25,24.83,-85.64,-166.63
52.425507,-1.521905,160.99,13.33,3,203.31,20 / 21,1712010,2019-09-06 19:48:37:753,0.1078,0.6592,10.3237,-0.0061,-0.043,9.8065,-0.0236,-0.019,0.0578,4.81,-33.31,25.5,25.44,-85.6,-167.87
52.425507,-1.521905,160.99,13.33,3,203.31,20 / 21,1712109,2019-09-06 19:48:37:852,0.5264,-0.6591,9.2014,-0.0101,-0.0218,9.8066,-0.0456,0.004,-0.0339,5.56,-33.62,25.69,27.18,-85.41,-168.56
52.425507,-1.521905,160.99,13.33,3,203.31,20 / 21,1712209,2019-09-06 19:48:37:952,-0.0668,-0.2273,9.4082,-0.0097,-0.0184,9.8066,-0.1292,-0.0079,0.0011,5.19,-33.94,26,26.19,-85.29,-167.44
52.425507,-1.521905,160.99,13.33,3,203.31,20 / 21,1712310,2019-09-06 19:48:38:053,0.9207,2.1563,10.0591,0.0032,0.0116,9.8066,-0.0798,-0.0108,-0.0006,5.38,-34.06,25.81,26.57,-85.46,-166.99
52.424587,-1.522841,158.87,12.78,3,216.27,20 / 21,1712409,2019-09-06 19:48:38:152,0.3713,0.5064,9.424,-0.0035,-0.0256,9.8066,0.1277,-0.0007,0.0522,6,-33.94,25.31,29.43,-85.38,-167.15
52.424587,-1.522841,158.87,12.78,3,216.27,20 / 21,1712510,2019-09-06 19:48:38:253,0.0792,1.9546,9.3062,-0.0021,0.0201,9.8065,0.0795,-0.0146,0.095,5.25,-34.19,25.44,27.95,-85.28,-166.39
52.424587,-1.522841,158.87,12.78,3,216.27,20 / 21,1712610,2019-09-06 19:48:38:353,0.2452,1.1616,9.8737,-0.0091,0.0313,9.8066,-0.1171,-0.0453,-0.0678,5.63,-34.06,25.44,33.55,-85.41,-163.38
52.424587,-1.522841,158.87,12.78,3,216.27,20 / 21,1712709,2019-09-06 19:48:38:452,-1.4857,0.531,8.8171,0.0241,0.0014,9.8066,-0.1427,-0.117,0.0663,5.69,-34.19,25,33.25,-85.56,-163.55
52.424587,-1.522841,158.87,12.78,3,216.27,20 / 21,1712810,2019-09-06 19:48:38:553,-0.3735,1.4438,9.3806,-0.0016,-0.0271,9.8066,0.1394,-0.0077,-0.1079,4.75,-33.69,24.75,30.16,-85.64,-164.15
52.424587,-1.522841,158.87,12.78,3,216.27,20 / 21,1712909,2019-09-06 19:48:38:652,1.245,1.6101,10.2422,0.0201,0.0284,9.8065,0.0526,-0.1637,-0.008,4.88,-33.75,25.31,26.93,-85.85,-166.95
52.424587,-1.522841,158.87,12.78,3,216.27,20 / 21,1713009,2019-09-06 19:48:38:752,0.4548,2.5177,9.8914,-0.0031,-0.0405,9.8065,-0.1098,0.0118,-0.084,5.31,-33.75,25.75,24.74,-85.49,-168.64
52.424587,-1.522841,158.87,12.78,3,216.27,20 / 21,1713110,2019-09-06 19:48:38:853,0.7989,1.6296,9.6595,0.0239,0.0529,9.8064,0.2201,-0.0089,0.0747,6,-33.62,26.94,24.01,-85.04,-171.07
52.424587,-1.522841,158.87,12.78,3,216.27,20 / 21,1713210,2019-09-06 19:48:38:953,-1.4006,0.4251,9.258,-0.0016,0.0288,9.8066,-0.2435,0.0997,-0.0708,6.63,-33.25,25.81,25.69,-85.2,-172
52.424587,-1.522841,158.87,12.78,3,216.27,20 / 21,1713310,2019-09-06 19:48:39:053,0.9447,1.0493,10.0162,0.0047,-0.013,9.8066,-0.0974,-0.1122,0.0978,6.38,-33.56,25.19,24.34,-85.16,-171.86
52.424587,-1.522841,158.87,12.78,3,216.27,20 / 21,1713409,2019-09-06 19:48:39:152,-0.3899,2.4862,8.9409,-0.0184,-0.0188,9.8065,0.0779,-0.0071,0.0419,6.5,-33.81,25.44,28.63,-85.11,-170.17
52.424587,-1.522841,158.87,12.78,3,216.27,20 / 21,1713510,2019-09-06 19:48:39:253,0.8342,1.7867,9.0004,0.002,0.0331,9.8065,0.0214,0.031,-0.0034,6.31,-33.19,25.5,26.27,-85.42,-169.3
52.424587,-1.522841,158.87,12.78,3,216.27,20 / 21,1713609,2019-09-06 19:48:39:352,0.2296,1.6178,7.9579,0.0142,0.0554,9.8065,-0.0742,-0.0538,-0.0153,5.94,-33.75,25.56,27.36,-85.71,-168.21
52.424587,-1.522841,158.87,12.78,3,216.27,20 / 21,1713709,2019-09-06 19:48:39:452,0.1028,1.7687,10.115,0.0043,0.0192,9.8066,-0.0488,-0.1295,0.1202,6.38,-33.5,25.75,30.19,-85.86,-165.44
52.424587,-1.522841,158.87,12.78,3,216.27,20 / 21,1713810,2019-09-06 19:48:39:553,-1.8574,3.5922,10.3628,-0.0208,0.0142,9.8066,-0.0334,0.1321,-0.0521,6.25,-33.94,24.5,35.41,-86.08,-161.15
52.424587,-1.522841,158.87,12.78,3,216.27,20 / 21,1713910,2019-09-06 19:48:39:653,1.3048,0.8777,10.0571,-0.0382,-0.0711,9.8063,-0.0458,-0.0043,0.0038,6.5,-33.87,25.31,35.14,-85.56,-163.93
52.424587,-1.522841,158.87,12.78,3,216.27,20 / 21,1714009,2019-09-06 19:48:39:752,1.0568,1.5053,9.1982,-0.0149,-0.0468,9.8065,0.0228,-0.047,0.1077,5.88,-33.81,24.81,34.06,-85.34,-162.98
52.424587,-1.522841,158.87,12.78,3,216.27,20 / 21,1714110,2019-09-06 19:48:39:853,0.2079,2.4303,10.0335,0.0003,0.0365,9.8065,-0.0491,0.0436,-0.0204,6.13,-34,25.44,36.25,-85.52,-160.84
52.424587,-1.522841,158.87,12.78,3,216.27,20 / 21,1714210,2019-09-06 19:48:39:953,1.1444,0.7526,9.9904,0.025,0.0252,9.8066,0.0255,-0.0334,-0.0503,6.06,-33.69,24.81,34.77,-85.64,-162.09
52.424587,-1.522841,158.87,12.78,3,216.27,20 / 21,1714310,2019-09-06 19:48:40:053,1.0478,2.3278,10.2448,0.0129,-0.0045,9.8066,0.0297,0.0877,-0.0485,5.81,-34.25,25.5,32.63,-85.74,-163.36
52.424587,-1.522841,158.87,12.78,3,216.27,20 / 21,1714409,2019-09-06 19:48:40:152,-0.0315,1.5507,10.0591,0.0075,-0.01,9.8066,-0.0281,0.0346,-0.0194,6.5,-33.81,24.69,33.86,-85.77,-164.95
52.424587,-1.522841,158.87,12.78,3,216.27,20 / 21,1714509,2019-09-06 19:48:40:252,0.6088,2.2954,10.3859,0.008,0.0012,9.8066,0.0185,0.0509,-0.0509,6.13,-33.94,25,29.12,-85.77,-167.17
52.424587,-1.522841,158.87,12.78,3,216.27,20 / 21,1714610,2019-09-06 19:48:40:353,0.3564,0.5971,10.0904,-0.0001,-0.0186,9.8066,0.0454,0.0353,0.0253,6.81,-33.94,24.63,29.11,-85.7,-169.34
52.424587,-1.522841,158.87,12.78,3,216.27,20 / 21,1714710,2019-09-06 19:48:40:453,1.5857,1.3164,10.3048,0.0042,0.0033,9.8066,-0.0052,0.0679,-0.0423,6.13,-34.44,24.31,26.34,-85.72,-170.37
52.424587,-1.522841,158.87,12.78,3,216.27,20 / 21,1714810,2019-09-06 19:48:40:553,0.3649,1.8188,10.2343,-0.0049,0.0078,9.8066,0.0509,0.0024,0.0417,6.56,-34.81,25.06,29.16,-85.75,-169.35
52.424587,-1.522841,158.87,12.78,3,216.27,20 / 21,1714909,2019-09-06 19:48:40:652,0.5431,1.8746,10.6691,0.0079,0.0204,9.8065,0.0241,0.0205,0.0414,6.25,-34.62,25.44,26.7,-85.77,-169.45
52.424587,-1.522841,158.87,12.78,3,216.27,20 / 21,1715009,2019-09-06 19:48:40:752,-0.0559,1.3534,10.0444,0.0008,-0.0164,9.8066,-0.035,0.0251,-0.0342,6.44,-34.12,25.38,27.37,-85.7,-168.81
52.424587,-1.522841,158.87,12.78,3,216.27,20 / 21,1715110,2019-09-06 19:48:40:853,0.6155,2.1654,9.7916,0.0097,0.0178,9.8066,-0.0211,0.0427,-0.043,6.38,-33.69,25.88,26.87,-85.67,-168.68
52.424587,-1.522841,158.87,12.78,3,216.27,20 / 21,1715210,2019-09-06 19:48:40:953,-0.1076,1.169,9.8737,0.0153,0.0173,9.8065,-0.0797,0.0498,-0.0319,6.31,-33.5,25.63,25.57,-85.88,-169.69
52.424587,-1.522841,158.87,12.78,3,216.27,20 / 21,1715310,2019-09-06 19:48:41:053,0.8183,1.3846,9.5999,0.0052,0.0063,9.8066,-0.0701,0.0498,-0.0056,6.5,-33.62,25.44,28.18,-85.98,-170
52.424587,-1.522841,158.87,12.78,3,216.27,20 / 21,1715410,2019-09-06 19:48:41:153,0.7716,2.4294,9.3881,0.0157,0.0183,9.8065,0.0563,0.0993,-0.0235,6,-33.87,25.56,23.53,-86.14,-171.48
52.424587,-1.522841,158.87,12.78,3,216.27,20 / 21,1715510,2019-09-06 19:48:41:253,-0.327,2.3269,10.3846,-0.0041,0.0092,9.8066,0.0716,-0.0244,0.0351,6.69,-33.12,26.06,24.91,-86.32,-172.1
52.424587,-1.522841,158.87,12.78,3,216.27,20 / 21,1715609,2019-09-06 19:48:41:352,1.4238,1.4689,10.3065,0.0083,0.0047,9.8066,0.056,0.0183,0.001,6.06,-33.31,25.5,19.45,-86.41,-175.05
52.424587,-1.522841,158.87,12.78,3,216.27,20 / 21,1715710,2019-09-06 19:48:41:453,0.9501,0.5809,10.0583,0.0125,-0.0081,9.8066,-0.0023,0.0801,-0.047,5.75,-33.5,25.69,17.42,-86.33,-176.96
52.424587,-1.522841,158.87,12.78,3,216.27,20 / 21,1715810,2019-09-06 19:48:41:553,0.9798,1.1877,9.3088,-0.0018,-0.0111,9.8066,0.0092,0.0692,0.0087,7.25,-33.06,25.69,18.29,-86.25,-178.26
52.424587,-1.522841,158.87,12.78,3,216.27,20 / 21,1715910,2019-09-06 19:48:41:653,1.4569,1.986,9.9706,0.008,-0.0039,9.8066,-0.0279,0.1128,-0.0123,6.38,-34.06,25.38,15.51,-86.26,-179.34
52.424587,-1.522841,158.87,12.78,3,216.27,20 / 21,1716011,2019-09-06 19:48:41:754,0.7696,0.8579,9.8363,0.0067,0.0241,9.8066,-0.0143,0.0698,0.0012,6.38,-33.87,25.31,15.07,-86.33,-179.72
52.424587,-1.522841,158.87,12.78,3,216.27,20 / 21,1716110,2019-09-06 19:48:41:853,1.3861,1.9673,10.21,0.012,0.0163,9.8066,-0.1048,0.1173,-0.0209,6,-33.12,25.13,14.29,-86.62,179.7
52.424587,-1.522841,158.87,12.78,3,216.27,20 / 21,1716214,2019-09-06 19:48:41:957,1.4992,2.1423,9.5615,0.0086,0.0188,9.8066,0.08,0.1192,0.0118,4.63,-33.81,25.38,10.33,-86.91,178.27
52.424587,-1.522841,158.87,12.78,3,216.27,20 / 21,1716310,2019-09-06 19:48:42:053,0.8383,0.9394,9.6961,-0.0029,0.0093,9.8066,0.0006,0.1322,-0.001,5.5,-33.69,25.25,13.51,-86.97,179.06
52.424587,-1.522841,158.87,12.78,3,216.27,20 / 21,1716410,2019-09-06 19:48:42:153,1.5923,0.8925,9.8332,0.0061,0.0114,9.8066,0.0138,0.1542,-0.0242,5.38,-33.5,25.38,10.88,-87.15,178.86
52.424587,-1.522841,158.87,12.78,3,216.27,20 / 21,1716509,2019-09-06 19:48:42:252,1.3215,0.5562,10.2134,0.0081,0.0146,9.8066,0.1054,0.2095,-0.0189,4.94,-34.12,25.94,8.77,-87.2,177.32
52.424587,-1.522841,158.87,12.78,3,216.27,20 / 21,1716610,2019-09-06 19:48:42:353,0.4327,0.7328,9.7231,0.0161,-0.019,9.8065,-0.1508,0.232,-0.0796,4.88,-33.94,25.63,6.06,-87.2,174.79
52.424587,-1.522841,158.87,12.78,3,216.27,20 / 21,1716710,2019-09-06 19:48:42:453,0.6432,1.7387,9.9965,-0.0032,-0.0111,9.8066,-0.0739,0.1138,0.0393,4.38,-33.31,25.5,0.26,-87.2,171.49
52.424587,-1.522841,158.87,12.78,3,216.27,20 / 21,1716810,2019-09-06 19:48:42:553,1.4714,2.0688,10.133,0.0109,0.0217,9.8065,0.0828,0.1581,-0.0141,4.56,-33.87,25.81,359.91,-87.37,169.03
52.424587,-1.522841,158.87,12.78,3,216.27,20 / 21,1716910,2019-09-06 19:48:42:653,1.107,1.3882,10.1268,0.0136,0.0183,9.8065,0.0197,0.2093,-0.0495,3.63,-34.06,26.56,354.74,-87.35,166.62
52.424587,-1.522841,158.87,12.78,3,216.27,20 / 21,1717010,2019-09-06 19:48:42:753,0.5691,1.1349,10.1237,0.0034,-0.0133,9.8066,0.0127,0.1878,-0.0125,4.25,-34.12,26.81,352.7,-87.35,164.7
52.424587,-1.522841,158.87,12.78,3,216.27,20 / 21,1717110,2019-09-06 19:48:42:853,0.1376,1.0625,9.978,0.0025,-0.0009,9.8066,-0.0012,0.1687,-0.0032,4.06,-34.25,25.69,351.1,-87.43,162.88
52.424587,-1.522841,158.87,12.78,3,216.27,20 / 21,1717210,2019-09-06 19:48:42:953,0.3452,1.1234,9.9476,0.0116,0.0048,9.8066,-0.035,0.1929,-0.0154,3.19,-33.87,27,347.31,-87.51,161.67
52.424587,-1.522841,158.87,12.78,3,216.27,20 / 21,1717310,2019-09-06 19:48:43:053,0.4033,1.4575,10.1642,0.0077,0.0013,9.8066,-0.0155,0.2007,-0.022,2.19,-33.94,26.56,341.46,-87.55,158.22
52.424587,-1.522841,158.87,12.78,3,216.27,20 / 21,1717409,2019-09-06 19:48:43:152,0.6025,1.216,10.0952,0.0115,0.0015,9.8066,0.001,0.173,-0.0434,2.13,-34.81,25.94,336.39,-87.57,153.32
52.424587,-1.522841,158.87,12.78,3,216.27,20 / 21,1717509,2019-09-06 19:48:43:252,0.6147,1.1236,9.7715,0.0111,-0.0022,9.8066,-0.0415,0.17,-0.0444,1.94,-33.87,26.38,333.19,-87.52,150.28
52.424587,-1.522841,158.87,12.78,3,216.27,20 / 21,1717609,2019-09-06 19:48:43:352,0.3644,1.1744,9.6257,0.0092,0.0113,9.8066,-0.0114,0.2046,-0.0142,1.63,-33.44,26.75,330.44,-87.52,147.72
52.424587,-1.522841,158.87,12.78,3,216.27,20 / 21,1717709,2019-09-06 19:48:43:452,0.0706,0.6565,10.0333,0.0053,0.0086,9.8066,0.0466,0.1784,0.0329,1.38,-34.12,27.06,323.12,-87.58,142.85
52.424587,-1.522841,158.87,12.78,3,216.27,20 / 21,1717810,2019-09-06 19:48:43:553,0.5155,1.059,9.8716,0.0063,-0.002,9.8066,-0.0534,0.1679,0.0134,1,-34.25,27.44,320.62,-87.57,140.46
52.424587,-1.522841,158.87,12.78,3,216.27,20 / 21,1717910,2019-09-06 19:48:43:653,-0.1779,0.5599,9.8135,-0.0003,-0.0061,9.8066,-0.0434,0.1902,-0.0091,0.19,-35.19,27.19,317.89,-87.58,140.02
52.424587,-1.522841,158.87,12.78,3,216.27,20 / 21,1718009,2019-09-06 19:48:43:752,-0.1064,1.6846,10.3242,0.0046,0.0086,9.8066,0.0415,0.1786,-0.0175,0.13,-34.87,27.25,316.72,-87.56,138.91
52.424587,-1.522841,158.87,12.78,3,216.27,20 / 21,1718110,2019-09-06 19:48:43:853,-0.4901,1.5593,10.0807,0.0018,0.0071,9.8066,-0.0371,0.1521,0.0072,-0.06,-33.87,27.38,315.11,-87.58,137.29
52.424587,-1.522841,158.87,12.78,3,216.27,20 / 21,1718210,2019-09-06 19:48:43:953,-0.1701,1.2634,9.6851,0.01,0.0053,9.8065,0.0038,0.1733,-0.0111,-0.31,-34.19,27.81,313.41,-87.57,135.58
52.424587,-1.522841,158.87,12.78,3,216.27,20 / 21,1718310,2019-09-06 19:48:44:053,-0.3378,0.9032,10.1903,0.0095,0.0065,9.8066,-0.0181,0.1726,-0.0345,-1.06,-34.56,27.69,306.32,-87.53,130.88
52.424587,-1.522841,158.87,12.78,3,216.27,20 / 21,1718410,2019-09-06 19:48:44:153,-0.0122,1.0209,10.1779,0.0067,0.0064,9.8066,0.0011,0.1406,0.028,-0.69,-34.62,28.06,302.69,-87.46,127.43
52.424587,-1.522841,158.87,12.78,3,216.27,20 / 21,1718510,2019-09-06 19:48:44:253,-0.3704,1.4052,10.093,0.0092,0.0061,9.8066,-0.0172,0.1219,-0.0108,-1.56,-35.31,27.75,298.57,-87.42,125.51
52.424587,-1.522841,158.87,12.78,3,216.27,20 / 21,1718609,2019-09-06 19:48:44:352,-0.7535,0.8554,9.942,0.0051,0.006,9.8066,-0.0021,0.1622,-0.0119,-1.75,-35.19,27.56,295.3,-87.33,122.42
52.424587,-1.522841,158.87,12.78,3,216.27,20 / 21,1718710,2019-09-06 19:48:44:453,-0.5708,0.7077,10.0253,0.0072,0.0015,9.8066,0.0444,0.1286,0.0215,-2.12,-35.25,27.44,294.29,-87.32,121.72
52.424587,-1.522841,158.87,12.78,3,216.27,20 / 21,1718810,2019-09-06 19:48:44:553,-0.337,0.9328,9.8074,0.003,0.0052,9.8066,-0.0126,0.1138,0.0088,-2.44,-35.37,27.19,292.98,-87.25,120.52
52.424587,-1.522841,158.87,12.78,3,216.27,20 / 21,1718910,2019-09-06 19:48:44:653,-0.6084,0.6085,9.7986,0.0038,0.0076,9.8066,-0.01,0.1043,-0.0206,-2.62,-35.69,27.63,289.33,-87.22,118.82
52.424587,-1.522841,158.87,12.78,3,216.27,20 / 21,1719010,2019-09-06 19:48:44:753,-0.4527,0.6257,9.9676,0.0048,-0.0036,9.8066,-0.0217,0.0905,0.0064,-2.94,-35.06,27.63,287.61,-87.15,117.13
52.424587,-1.522841,158.87,12.78,3,216.27,20 / 21,1719110,2019-09-06 19:48:44:853,-0.2213,0.0884,9.6875,0.0044,-0.0011,9.8066,-0.0274,0.1092,-0.0089,-3.12,-35.31,28,286.35,-87.13,115.91
52.424587,-1.522841,158.87,12.78,3,216.27,20 / 21,1719216,2019-09-06 19:48:44:959,-0.804,0.4436,9.9848,-0.0043,0.0068,9.8066,0.0064,0.0533,0.0138,-3.12,-35,27.88,284.48,-87.13,114.08
52.424587,-1.522841,158.87,12.78,3,216.27,20 / 21,1719311,2019-09-06 19:48:45:054,-0.538,0.5937,9.9538,0.0059,0.0081,9.8066,-0.0002,0.0776,-0.0304,-3.06,-34.81,27.81,283.06,-87.1,112.71
52.424587,-1.522841,158.87,12.78,3,216.27,20 / 21,1719409,2019-09-06 19:48:45:152,-0.8047,0.4905,10.0383,-0.0014,0.0011,9.8066,-0.0075,0.071,0.0162,-3.44,-35.19,28.63,282.1,-87.09,111.45
52.424587,-1.522841,158.87,12.78,3,216.27,20 / 21,1719510,2019-09-06 19:48:45:253,-0.9509,0.501,10.0089,0.0042,0.0024,9.8065,-0.0011,0.0656,0.0238,-3.19,-35.5,28.06,280.57,-87.06,110.29
52.424587,-1.522841,158.87,12.78,3,216.27,20 / 21,1719609,2019-09-06 19:48:45:352,-0.7988,0.1581,9.9115,0.0079,0.0031,9.8066,-0.0024,0.0431,-0.0277,-3.31,-35.62,27.88,278.71,-86.98,108.67
52.424587,-1.522841,158.87,12.78,3,216.27,20 / 21,1719710,2019-09-06 19:48:45:453,-0.8324,0.325,9.897,0.0047,0.0051,9.8066,-0.0059,0.0561,-0.0297,-3.37,-35.5,27.63,277.02,-86.91,106.97
52.424587,-1.522841,158.87,12.78,3,216.27,20 / 21,1719809,2019-09-06 19:48:45:552,-0.7398,0.2098,9.8734,0.003,0.0029,9.8066,0.0073,0.0459,0.0136,-4.31,-36.19,27.69,273.35,-86.86,105.48
52.424587,-1.522841,158.87,12.78,3,216.27,20 / 21,1719910,2019-09-06 19:48:45:653,-0.7501,0.5758,10.0246,0.0068,0.0021,9.8066,-0.0293,0.04,-0.009,-4.06,-36.06,28.06,272.2,-86.8,104.41
52.424587,-1.522841,158.87,12.78,3,216.27,20 / 21,1720010,2019-09-06 19:48:45:753,-0.8326,0.2645,9.7895,0.0018,0.0116,9.8066,0.0235,0.0013,-0.0071,-4,-36.37,27.88,271.32,-86.77,103.57
52.424587,-1.522841,158.87,12.78,3,216.27,20 / 21,1720110,2019-09-06 19:48:45:853,-0.66,-0.2669,9.8653,0.0048,-0.0035,9.8066,0.0096,0.0025,-0.0112,-4.31,-36.25,28.5,269.43,-86.7,101.35
52.424587,-1.522841,158.87,12.78,3,216.27,20 / 21,1720210,2019-09-06 19:48:45:953,-0.6461,-0.1183,9.9842,0.0037,-0.0047,9.8066,0.0048,-0.0026,-0.0073,-4.31,-36.19,28.38,268.73,-86.65,101.13
52.424587,-1.522841,158.87,12.78,3,216.27,20 / 21,1720310,2019-09-06 19:48:46:053,-0.5479,-0.3331,9.6867,0.0047,-0.0007,9.8066,-0.0143,0.0183,-0.0038,-4.25,-35.87,27.88,267.66,-86.61,100.11
52.424587,-1.522841,158.87,12.78,3,216.27,20 / 21,1720410,2019-09-06 19:48:46:153,-0.4347,-0.7769,9.7427,0.0012,0.0053,9.8066,0.0065,0.027,0.0081,-4.12,-36.69,28.25,267.19,-86.58,99.8
52.424587,-1.522841,158.87,12.78,3,216.27,20 / 21,1720509,2019-09-06 19:48:46:252,-0.4937,-0.5418,10.0106,0.0016,0.0012,9.8066,0.0045,0.0355,0.0187,-4.19,-36.44,28,266.43,-86.55,98.94
52.424587,-1.522841,158.87,12.78,3,216.27,20 / 21,1720610,2019-09-06 19:48:46:353,-0.7577,-0.2212,9.8665,0.0022,0.0086,9.8066,0.0116,0.0243,0.0024,-4,-36.31,28.44,265.11,-86.53,97.64
52.424587,-1.522841,158.87,12.78,3,216.27,20 / 21,1720710,2019-09-06 19:48:46:453,-0.5698,-0.829,9.6984,0.0009,0.0102,9.8066,0.014,0.0251,0.0061,-3.94,-36.37,28.69,264.3,-86.5,96.43
52.424587,-1.522841,158.87,12.78,3,216.27,20 / 21,1720809,2019-09-06 19:48:46:552,-0.4969,-0.5764,9.9183,0.002,0.0023,9.8066,-0.0178,-0.0083,0.0028,-4.31,-36.37,27.94,263.04,-86.47,95.63
52.424587,-1.522841,158.87,12.78,3,216.27,20 / 21,1720910,2019-09-06 19:48:46:653,-0.3121,-0.8356,9.8085,0.003,0.0005,9.8065,0.0064,0.0075,-0.0132,-4.5,-35.87,27.69,262.31,-86.44,94.93
52.424587,-1.522841,158.87,12.78,3,216.27,20 / 21,1721010,2019-09-06 19:48:46:753,-0.3433,-1.1973,9.7463,0.0008,0.0017,9.8066,-0.0048,-0.0083,0.0107,-4.19,-35.62,28.63,262.1,-86.4,94.33
52.424587,-1.522841,158.87,12.78,3,216.27,20 / 21,1721110,2019-09-06 19:48:46:853,-0.4478,-0.6236,9.831,0.0019,0.0028,9.8066,-0.028,0.0191,-0.0068,-4.06,-36.62,28.38,260.58,-86.37,93.38
52.424587,-1.522841,158.87,12.78,3,216.27,20 / 21,1721210,2019-09-06 19:48:46:953,-0.3397,-0.9374,9.7674,-0.0007,0.0074,9.8066,0.008,-0.0077,0.0107,-4.56,-35.94,28.19,257.38,-86.35,92.01
52.424587,-1.522841,158.87,12.78,3,216.27,20 / 21,1721310,2019-09-06 19:48:47:053,-0.4107,-0.9816,9.8931,0.0012,0.009,9.8066,0.0034,-0.0006,-0.0082,-4.37,-36.06,28.38,258.56,-86.31,91.28
52.42422,-1.523259,158,0,3,183.09,20 / 21,1721409,2019-09-06 19:48:47:152,-0.3523,-0.9391,9.7081,0.0002,0.0062,9.8066,-0.0015,-0.0036,0.003,-4.56,-36.19,28.31,256.09,-86.29,90.75
52.42422,-1.523259,158,0,3,183.09,20 / 21,1721509,2019-09-06 19:48:47:252,-0.5228,-0.8493,9.9613,0.0016,-0.0003,9.8066,0.0069,-0.0123,0.0099,-4.31,-36.19,28.19,257.23,-86.25,90
52.42422,-1.523259,158,0,3,183.09,20 / 21,1721610,2019-09-06 19:48:47:353,-0.4881,-0.8202,9.8112,0.0029,0.0031,9.8066,-0.0177,-0.0051,-0.0117,-4.19,-36.06,27.88,256.6,-86.22,89.4
52.42422,-1.523259,158,0,3,183.09,20 / 21,1721710,2019-09-06 19:48:47:453,-0.4006,-0.7922,9.8893,0.0008,0.0044,9.8066,0.0184,0.0062,0.0113,-4.25,-36.19,28.25,255.88,-86.19,88.7
52.42422,-1.523259,158,0,3,183.09,20 / 21,1721810,2019-09-06 19:48:47:553,-0.6435,-0.8951,9.7237,-0.0001,0.006,9.8066,-0.0055,-0.0053,0.0115,-4.19,-35.94,28,254.95,-86.16,87.78
52.42422,-1.523259,158,0,3,183.09,20 / 21,1721909,2019-09-06 19:48:47:652,-0.5744,-0.9445,9.8651,0.0003,0.0028,9.8066,0.013,-0.0096,-0.0075,-4.12,-36,28.56,254.55,-86.13,86.97
52.42422,-1.523259,158,0,3,183.09,20 / 21,1722009,2019-09-06 19:48:47:752,-0.5798,-0.8471,9.8299,-0.004,-0.0054,9.8066,0.0216,-0.0121,0.0038,-4.19,-35.87,28.5,255,-86.16,87.39
52.42422,-1.523259,158,0,3,183.09,20 / 21,1722109,2019-09-06 19:48:47:852,-0.4076,-1.0795,9.6435,0.0026,0.0018,9.8066,-0.0196,0.0109,-0.0057,-4.19,-36.44,28.06,253.92,-86.11,86.78
52.42422,-1.523259,158,0,3,183.09,20 / 21,1722209,2019-09-06 19:48:47:952,-0.6029,-0.9116,9.8137,-0.0001,0,9.8066,0.0025,0.0057,0.0167,-3.81,-36.06,27.75,253.48,-86.11,86.33
52.42422,-1.523259,158,0,3,183.09,20 / 21,1722310,2019-09-06 19:48:48:053,-0.5912,-1.1574,9.695,0.0019,0.0043,9.8066,0.0011,-0.0153,-0.0041,-4,-36.25,28.5,253.49,-86.1,85.92
52.42422,-1.523259,158,0,3,183.09,20 / 21,1722409,2019-09-06 19:48:48:152,-0.6655,-0.9629,9.7624,-0.0006,0.0012,9.8066,0.0066,-0.0093,-0.0013,-4.12,-36.25,28.19,252.36,-86.07,85.23
52.42422,-1.523259,158,0,3,183.09,20 / 21,1722509,2019-09-06 19:48:48:252,-0.4686,-0.953,9.8738,0.0007,0.0058,9.8066,-0.0057,0.0001,0.0012,-4.62,-36.62,27.94,249.74,-86.05,84.66
52.42422,-1.523259,158,0,3,183.09,20 / 21,1722610,2019-09-06 19:48:48:353,-0.4568,-0.8803,9.8541,0.0003,0.0027,9.8066,-0.0038,0.0193,0.0038,-3.5,-36.31,28.19,253.49,-86.04,84.44
52.42422,-1.523259,158,0,3,183.09,20 / 21,1722709,2019-09-06 19:48:48:452,-0.4433,-1.0425,9.6694,0.0005,0.0005,9.8066,-0.0032,-0.0075,-0.002,-4.37,-36.19,27.75,251.3,-86.04,84.17
52.42422,-1.523259,158,0,3,183.09,20 / 21,1722810,2019-09-06 19:48:48:553,-0.5801,-1.0756,9.8458,0.0021,0.0017,9.8066,0.0026,-0.0043,-0.008,-4,-36.25,28.06,250.85,-86.01,83.75
52.42422,-1.523259,158,0,3,183.09,20 / 21,1722910,2019-09-06 19:48:48:653,-0.4581,-0.9453,9.8685,0.0005,0.0009,9.8066,-0.0143,-0.0243,-0.0145,-4.37,-36.06,28.31,250.77,-86,83.67
52.42422,-1.523259,158,0,3,183.09,20 / 21,1723010,2019-09-06 19:48:48:753,-0.4737,-1.0473,9.6474,0.0001,-0.0008,9.8066,0.0026,0.0009,-0.0067,-4.19,-36.5,28.19,250.49,-85.99,83.4
52.42422,-1.523259,158,0,3,183.09,20 / 21,1723110,2019-09-06 19:48:48:853,-0.5416,-1.1055,9.8388,-0.0011,0.0039,9.8066,0.0057,-0.0059,-0.0062,-4.19,-36.31,28.19,250.12,-86,83.01
52.42422,-1.523259,158,0,3,183.09,20 / 21,1723210,2019-09-06 19:48:48:953,-0.4438,-0.9878,9.8616,0.0003,0.0019,9.8066,-0.0126,-0.0149,-0.0057,-4.12,-35.94,28.25,250.21,-85.99,83.1
52.42422,-1.523259,158,0,3,183.09,20 / 21,1723310,2019-09-06 19:48:49:053,-0.5381,-0.9163,9.6507,-0.0013,0.0002,9.8066,0.0021,-0.0105,-0.007,-4.37,-36.44,27.63,250.11,-86,83
52.42422,-1.523259,158,0,3,183.09,20 / 21,1723410,2019-09-06 19:48:49:153,-0.5092,-1.0035,9.8322,-0.0007,0.0003,9.8066,0.0063,-0.0043,-0.0028,-4.62,-36.75,28.75,248.33,-86,82.75
52.42422,-1.523259,158,0,3,183.09,20 / 21,1723510,2019-09-06 19:48:49:253,-0.6519,-0.9705,9.7675,0.0008,0.0004,9.8066,0.0153,0.0131,0.0093,-4.19,-36.19,27.75,249.85,-86,82.73
52.42422,-1.523259,158,0,3,183.09,20 / 21,1723609,2019-09-06 19:48:49:352,-0.3792,-0.9874,9.6804,0.0019,-0.0018,9.8066,-0.0078,0.0158,-0.0009,-4.44,-35.81,28,249.95,-85.99,82.84
52.42422,-1.523259,158,0,3,183.09,20 / 21,1723710,2019-09-06 19:48:49:453,-0.5418,-1.0133,9.84,-0.0006,0.0036,9.8065,0.0041,0.0107,0.0139,-3.94,-36.44,27.5,249.99,-86.01,82.87
52.42422,-1.523259,158,0,3,183.09,20 / 21,1723810,2019-09-06 19:48:49:553,-0.5506,-1.1334,9.721,-0.0015,0.0012,9.8065,-0.0145,-0.006,-0.0065,-4.31,-36.19,28.56,250.17,-86.01,82.6
52.42422,-1.523259,158,0,3,183.09,20 / 21,1723910,2019-09-06 19:48:49:653,-0.5558,-1.094,9.8948,0.0005,-0.0028,9.8066,0,-0.0187,-0.0022,-4.5,-36.37,27.63,249.92,-86.03,82.76
52.42422,-1.523259,158,0,3,183.09,20 / 21,1724009,2019-09-06 19:48:49:752,-0.4839,-1.0362,9.7723,-0.0014,-0.0038,9.8066,0.0119,-0.0194,-0.0148,-4.87,-35.94,27.75,248.11,-86.05,82.84
52.42422,-1.523259,158,0,3,183.09,20 / 21,1724110,2019-09-06 19:48:49:853,-0.5334,-1.044,9.6715,0.0001,0.0004,9.8066,0.0217,-0.0146,0.0014,-4.37,-36.56,28.19,249.76,-86.05,82.71
52.42422,-1.523259,158,0,3,183.09,20 / 21,1724210,2019-09-06 19:48:49:953,-0.5872,-1.0159,9.9459,-0.0021,-0.0014,9.8066,-0.008,0.0093,-0.0049,-4.06,-36.06,27.94,250.14,-86.08,82.93
52.42422,-1.523259,158,0,3,183.09,20 / 21,1724310,2019-09-06 19:48:50:053,-0.4685,-0.9707,9.8649,-0.0005,0.0004,9.8066,-0.0025,0.009,0.012,-3.94,-36.44,28.38,250.11,-86.1,82.88
52.42422,-1.523259,158,0,3,183.09,20 / 21,1724409,2019-09-06 19:48:50:152,-0.5962,-0.8832,9.7693,-0.0022,0.0007,9.8066,-0.0019,0.0158,0.0077,-4,-36.5,27.75,250.19,-86.11,82.94
52.42422,-1.523259,158,0,3,183.09,20 / 21,1724510,2019-09-06 19:48:50:253,-0.4694,-1.1345,9.8291,0.0005,-0.0062,9.8066,-0.0159,-0.0012,0.012,-4.19,-36.62,28.56,250.95,-86.15,83.38
52.42422,-1.523259,158,0,3,183.09,20 / 21,1724609,2019-09-06 19:48:50:352,-0.4881,-1.0856,9.8166,-0.0027,-0.0053,9.8066,0.0121,0.0037,0.0005,-4.44,-36.19,28.5,251.23,-86.18,83.51
52.42422,-1.523259,158,0,3,183.09,20 / 21,1724710,2019-09-06 19:48:50:453,-0.5454,-0.9241,9.841,-0.0019,0.002,9.8066,0.01,-0.018,-0.0046,-4.75,-36.25,28.38,248.89,-86.21,83.46
52.42422,-1.523259,158,0,3,183.09,20 / 21,1724810,2019-09-06 19:48:50:553,-0.3998,-1.0124,9.7888,-0.0036,0.003,9.8066,0.0075,-0.0138,-0.0103,-3.87,-36.69,28.5,251.16,-86.23,83.49
52.42422,-1.523259,158,0,3,183.09,20 / 21,1724910,2019-09-06 19:48:50:653,-0.4651,-1.0117,9.8291,-0.0008,-0.0013,9.8066,0.0011,-0.0126,0.0022,-3.81,-35.69,27.88,251.12,-86.25,83.73
52.42422,-1.523259,158,0,3,183.09,20 / 21,1725009,2019-09-06 19:48:50:752,-0.5352,-0.8698,9.9009,-0.0023,0.0011,9.8066,0.0192,0.0068,0.0045,-4.19,-36.12,28.31,251.34,-86.29,83.91
52.42422,-1.523259,158,0,3,183.09,20 / 21,1725110,2019-09-06 19:48:50:853,-0.386,-1.0357,9.7486,-0.0019,-0.0034,9.8066,-0.0051,0.0053,0.0112,-4.25,-36.31,28.19,251.93,-86.32,84.48
52.42422,-1.523259,158,0,3,183.09,20 / 21,1725210,2019-09-06 19:48:50:953,-0.4973,-0.9355,9.8378,-0.0015,0.0011,9.8066,0.0088,0.0132,0.0087,-4.44,-36.37,28.25,251.98,-86.35,84.5
52.42422,-1.523259,158,0,3,183.09,20 / 21,1725310,2019-09-06 19:48:51:053,-0.5141,-0.8502,9.9163,-0.0029,0.0001,9.8066,0.0021,-0.0087,0.0051,-3.62,-36.56,28.25,252.12,-86.39,84.72
52.42422,-1.523259,158,0,3,183.09,20 / 21,1725409,2019-09-06 19:48:51:152,-0.4019,-0.9431,9.7354,-0.0034,0.0016,9.8066,-0.009,-0.0229,0.002,-4.06,-36.19,28.31,252.47,-86.43,84.91
52.42422,-1.523259,158,0,3,183.09,20 / 21,1725509,2019-09-06 19:48:51:252,-0.462,-0.8658,9.8003,-0.0016,-0.0064,9.8066,-0.0234,-0.0196,-0.0088,-4.06,-36.75,27.44,252.28,-86.46,85.25
52.42422,-1.523259,158,0,3,183.09,20 / 21,1725610,2019-09-06 19:48:51:353,-0.5478,-0.8034,9.804,-0.0019,-0.0034,9.8066,0.0235,-0.0052,0.0045,-4.19,-36.69,28.06,253.39,-86.52,85.87
52.42422,-1.523259,158,0,3,183.09,20 / 21,1725710,2019-09-06 19:48:51:453,-0.3792,-0.9904,9.7882,-0.0025,-0.0027,9.8066,0.0046,0.0028,0.0004,-4.62,-36.75,28.5,252.39,-86.56,86.28
52.42422,-1.523259,158,0,3,183.09,20 / 21,1725810,2019-09-06 19:48:51:553,-0.3443,-0.9801,9.8933,-0.0019,-0.0017,9.8066,0.0022,0.0137,0.0121,-4,-36.25,28.06,254.43,-86.59,86.73
52.42422,-1.523259,158,0,3,183.09,20 / 21,1725909,2019-09-06 19:48:51:652,-0.5003,-0.7901,9.8413,-0.0022,-0.0024,9.8066,-0.01,0.0084,0.006,-4,-36.31,28.31,255.07,-86.63,87.32
52.42422,-1.523259,158,0,3,183.09,20 / 21,1726011,2019-09-06 19:48:51:754,-0.3854,-1.0406,9.7744,-0.0013,-0.006,9.8066,-0.0147,-0.0041,0.003,-4.12,-36.06,27.88,255.4,-86.67,87.62
52.42422,-1.523259,158,0,3,183.09,20 / 21,1726110,2019-09-06 19:48:51:853,-0.3185,-0.8883,9.8816,-0.0023,-0.0047,9.8066,-0.0162,-0.0129,-0.0078,-3.81,-36.06,27.94,256,-86.69,88.2
52.42422,-1.523259,158,0,3,183.09,20 / 21,1726211,2019-09-06 19:48:51:954,-0.4365,-0.7975,9.8869,-0.0022,-0.0048,9.8066,0.0239,-0.0206,0.0036,-4.44,-36.19,28.38,256.73,-86.76,88.86
52.42422,-1.523259,158,0,3,183.09,20 / 21,1726310,2019-09-06 19:48:52:053,-0.2976,-0.8327,9.7754,-0.0031,-0.0022,9.8066,0.0092,-0.0017,-0.0152,-3.81,-36.12,28.38,257.26,-86.81,89.34
52.42422,-1.523259,158,0,3,183.09,21 / 22,1726410,2019-09-06 19:48:52:153,-0.3694,-1.0247,9.8361,-0.0013,-0.0015,9.8066,-0.0005,0.0066,0.0095,-4.37,-36.12,28.25,257.93,-86.83,90
52.42422,-1.523259,158,0,3,183.09,21 / 22,1726510,2019-09-06 19:48:52:253,-0.4426,-0.655,9.9307,-0.0025,-0.0022,9.8066,-0.0114,0.0132,-0.0064,-4.31,-36.19,28.19,258.86,-86.88,90.87
52.42422,-1.523259,158,0,3,183.09,21 / 22,1726610,2019-09-06 19:48:52:353,-0.3283,-0.8739,9.7551,-0.0016,-0.0001,9.8066,-0.0021,-0.0034,0.0134,-4.44,-36.12,28.06,259.4,-86.9,91.4
52.42422,-1.523259,158,0,3,183.09,21 / 22,1726709,2019-09-06 19:48:52:452,-0.2887,-1.0738,9.8387,-0.002,-0.0054,9.8066,-0.0176,0.005,-0.0023,-4.31,-35.81,28.06,260.28,-86.93,92.26
52.42422,-1.523259,158,0,3,183.09,21 / 22,1726810,2019-09-06 19:48:52:553,-0.3565,-0.707,9.9228,-0.0029,-0.0021,9.8066,0.0093,-0.0235,-0.0065,-4.12,-36.5,28.31,261.26,-86.98,93.18
52.42422,-1.523259,158,0,3,183.09,21 / 22,1726909,2019-09-06 19:48:52:652,-0.3294,-0.8571,9.7546,-0.0022,-0.0045,9.8066,0.0138,-0.0091,-0.0108,-4.19,-36.31,28.69,262.98,-87.03,94.45
52.42422,-1.523259,158,0,3,183.09,21 / 22,1727009,2019-09-06 19:48:52:752,-0.327,-1.0799,9.8366,-0.0015,-0.0016,9.8066,-0.0078,-0.0011,0.0046,-3.81,-36,28.13,263.25,-87.05,95.11
52.42422,-1.523259,158,0,3,183.09,21 / 22,1727110,2019-09-06 19:48:52:853,-0.3,-0.6727,9.9265,-0.0043,-0.001,9.8066,-0.0101,0.0142,-0.004,-4.56,-36.5,28.38,262.34,-87.1,96.09
52.42422,-1.523259,158,0,3,183.09,21 / 22,1727210,2019-09-06 19:48:52:953,-0.3285,-0.7525,9.8039,-0.0013,-0.001,9.8066,-0.0045,0.0062,0.0164,-3.81,-36.25,27.88,264.9,-87.12,96.68
52.42422,-1.523259,158,0,3,183.09,21 / 22,1727310,2019-09-06 19:48:53:053,-0.2398,-1.0387,9.8202,-0.001,-0.0068,9.8066,-0.012,0.0081,-0.0088,-4.5,-36.12,28.06,265.82,-87.14,97.57
52.42422,-1.523259,158,0,3,183.09,21 / 22,1727409,2019-09-06 19:48:53:152,-0.2603,-0.6819,9.901,-0.0017,-0.0059,9.8066,-0.0029,-0.0133,0.0057,-4.75,-36.25,28,265.4,-87.17,99.1
52.42422,-1.523259,158,0,3,183.09,21 / 22,1727509,2019-09-06 19:48:53:252,-0.306,-0.697,9.7754,-0.002,-0.0013,9.8066,0.0133,-0.0131,-0.0089,-4.56,-35.87,28.25,266.38,-87.21,100.04
52.42422,-1.523259,158,0,3,183.09,21 / 22,1727609,2019-09-06 19:48:53:352,-0.2951,-0.9134,9.8025,-0.0019,-0.0014,9.8066,-0.0034,-0.0171,-0.0031,-4.31,-36.25,27.94,269.19,-87.23,100.85
52.42422,-1.523259,158,0,3,183.09,21 / 22,1727710,2019-09-06 19:48:53:453,-0.1987,-0.829,9.9093,-0.0016,-0.0028,9.8066,-0.0024,0.0147,-0.0029,-3.87,-35.94,28.31,270.78,-87.25,102.42
52.42422,-1.523259,158,0,3,183.09,21 / 22,1727809,2019-09-06 19:48:53:552,-0.338,-0.7054,9.8178,-0.0006,-0.0012,9.8066,0.0001,0.0071,0.0123,-4.19,-36.62,28.81,271.87,-87.26,103.19
52.42422,-1.523259,158,0,3,183.09,21 / 22,1727910,2019-09-06 19:48:53:653,-0.3494,-0.9789,9.7933,-0.0001,-0.007,9.8066,-0.0085,0.0211,0.0037,-4.37,-36.44,27.69,272.66,-87.28,104.26
52.42422,-1.523259,158,0,3,183.09,21 / 22,1728009,2019-09-06 19:48:53:752,-0.1794,-0.7546,9.8185,-0.0002,-0.0082,9.8066,-0.01,-0.0005,0.0031,-4.31,-35.87,28,274.39,-87.28,105.98
52.42422,-1.523259,158,0,3,183.09,21 / 22,1728110,2019-09-06 19:48:53:853,-0.3784,-0.7316,9.829,-0.0019,-0.0014,9.8066,0,-0.0056,-0.0051,-4.25,-36.62,27.69,275.72,-87.31,107.36
52.42422,-1.523259,158,0,3,183.09,21 / 22,1728210,2019-09-06 19:48:53:953,-0.3725,-0.8453,9.7319,-0.0009,-0.0037,9.8066,-0.012,-0.0202,-0.0109,-4.12,-36.12,27.69,276.68,-87.31,108.22
52.42422,-1.523259,158,0,3,183.09,21 / 22,1728310,2019-09-06 19:48:54:053,-0.344,-0.6582,9.9203,-0.0008,-0.0022,9.8066,0.0112,-0.0175,-0.0084,-4.44,-36.31,28.13,277.9,-87.32,109.42
52.42422,-1.523259,158,0,3,183.09,21 / 22,1728410,2019-09-06 19:48:54:153,-0.2773,-0.7098,9.783,-0.0006,-0.0045,9.8066,0.0061,-0.0067,-0.0019,-4.19,-36.12,28.44,279.22,-87.32,110.73
52.42422,-1.523259,158,0,3,183.09,21 / 22,1728510,2019-09-06 19:48:54:253,-0.2975,-0.7632,9.796,0.0001,-0.0036,9.8066,0.0129,0.0054,-0.0009,-4.31,-36.25,28,280.62,-87.33,112.1
52.42422,-1.523259,158,0,3,183.09,21 / 22,1728610,2019-09-06 19:48:54:353,-0.4602,-0.6094,9.9295,0.0004,-0.0046,9.8066,-0.0017,0.0123,0.008,-4,-36.06,27.69,281.63,-87.32,113.12
52.42422,-1.523259,158,0,3,183.09,21 / 22,1728710,2019-09-06 19:48:54:453,-0.3712,-0.5679,9.8429,-0.0023,-0.0017,9.8066,-0.0011,0.0092,0.0091,-3.25,-36.19,28.13,284.92,-87.34,114.34
52.42422,-1.523259,158,0,3,183.09,21 / 22,1728810,2019-09-06 19:48:54:553,-0.3888,-0.6798,9.7419,-0.0012,-0.0015,9.8066,-0.0028,0.0043,-0.0035,-3.5,-36.31,28.13,285.89,-87.34,115.3
52.42422,-1.523259,158,0,3,183.09,21 / 22,1728910,2019-09-06 19:48:54:653,-0.4093,-0.561,9.9491,-0.0004,-0.0036,9.8066,0.0061,-0.0129,0.0061,-3.75,-35.69,28.38,284.85,-87.34,116.27
52.42422,-1.523259,158,0,3,183.09,21 / 22,1729010,2019-09-06 19:48:54:753,-0.309,-0.6089,9.8294,-0.0014,-0.005,9.8066,0.0104,-0.011,-0.0136,-4.31,-36.25,28,286.27,-87.34,117.67
52.42422,-1.523259,158,0,3,183.09,21 / 22,1729109,2019-09-06 19:48:54:852,-0.2381,-0.8473,9.8816,0.0001,-0.0026,9.8066,0.0235,-0.0162,0.0037,-3.44,-35.87,28.25,289.34,-87.34,118.68
52.42422,-1.523259,158,0,3,183.09,21 / 22,1729210,2019-09-06 19:48:54:953,-0.4488,-0.5239,9.8357,-0.0013,-0.0022,9.8066,0.0001,0.0102,-0.0028,-3.87,-36.06,28.19,288.36,-87.34,119.73
52.42422,-1.523259,158,0,3,183.09,21 / 22,1729310,2019-09-06 19:48:55:053,-0.3792,-0.6969,9.9041,0.0005,-0.0043,9.8066,-0.0131,0.006,0.0124,-3.44,-36,27.94,291.28,-87.34,120.59
52.42422,-1.523259,158,0,3,183.09,21 / 22,1729410,2019-09-06 19:48:55:153,-0.4212,-0.5095,9.8261,-0.002,-0.0043,9.8066,0.0156,-0.0204,0.0076,-4.06,-35.94,27.56,290.65,-87.32,121.99
52.42422,-1.523259,158,0,3,183.09,21 / 22,1729510,2019-09-06 19:48:55:253,-0.389,-0.5533,9.7627,0.0013,-0.0031,9.8066,-0.0012,0.0123,-0.0073,-3.81,-35.69,28.31,291.73,-87.31,123.06
52.42422,-1.523259,158,0,3,183.09,21 / 22,1729610,2019-09-06 19:48:55:353,-0.3416,-0.798,9.8127,-0.0015,-0.0053,9.8066,0.0107,0.0083,0.0171,-3.56,-35.37,27.69,292.96,-87.31,124.18
52.42422,-1.523259,158,0,3,183.09,21 / 22,1729710,2019-09-06 19:48:55:453,-0.3565,-0.438,9.9171,0,-0.0008,9.8066,-0.0045,0.006,0.0041,-3.69,-36,27.94,293.68,-87.3,124.98
52.42422,-1.523259,158,0,3,183.09,21 / 22,1729810,2019-09-06 19:48:55:553,-0.3226,-0.5079,9.6664,-0.0017,-0.0031,9.8066,-0.0078,-0.0107,0.0009,-4.19,-35.94,28.25,294.9,-87.29,126.19
52.42422,-1.523259,158,0,3,183.09,21 / 22,1729910,2019-09-06 19:48:55:653,-0.3458,-0.5975,9.9241,-0.0001,-0.0016,9.8066,0.0133,-0.0105,-0.0083,-4,-35.87,28.13,295.44,-87.28,126.72
52.42422,-1.523259,158,0,3,183.09,21 / 22,1730010,2019-09-06 19:48:55:753,-0.392,-0.4743,9.9166,-0.0025,-0.0008,9.8066,0.014,-0.0238,-0.0015,-3.75,-36.31,27.88,296.42,-87.28,127.68
52.42422,-1.523259,158,0,3,183.09,21 / 22,1730109,2019-09-06 19:48:55:852,-0.4157,-0.4949,9.8071,-0.0007,-0.005,9.8066,0.0042,-0.0004,-0.0069,-3.75,-35.75,28.19,297.51,-87.26,128.76
52.42422,-1.523259,158,0,3,183.09,21 / 22,1730210,2019-09-06 19:48:55:953,-0.3029,-0.5123,9.8216,-0.0012,-0.0061,9.8066,-0.0031,0.0024,0.004,-3.75,-35.37,27.56,298.78,-87.25,129.92
52.42422,-1.523259,158,0,3,183.09,21 / 22,1730310,2019-09-06 19:48:56:053,-0.2874,-0.489,9.9657,-0.0018,-0.0014,9.8066,0.003,0.0158,0.0052,-3.75,-35.62,28,299.57,-87.26,130.76
52.42422,-1.523259,158,0,3,183.09,21 / 22,1730410,2019-09-06 19:48:56:153,-0.2262,-0.6213,9.76,-0.0027,-0.0013,9.8066,-0.01,0.011,0.0091,-3.87,-36.12,28.38,300.92,-87.27,132.06
52.42422,-1.523259,158,0,3,183.09,21 / 22,1730510,2019-09-06 19:48:56:253,-0.3281,-0.5441,9.852,-0.0006,-0.0066,9.8066,-0.0028,0.0187,0.0095,-3.56,-35.94,28.31,302.33,-87.25,133.45
52.42422,-1.523259,158,0,3,183.09,21 / 22,1730610,2019-09-06 19:48:56:353,-0.3083,-0.3606,9.968,-0.0013,-0.0042,9.8065,-0.0018,-0.0066,0.0091,-3.69,-35.56,27.75,303.17,-87.26,134.26
52.42422,-1.523259,158,0,3,183.09,21 / 22,1730710,2019-09-06 19:48:56:453,-0.2156,-0.502,9.7397,-0.0011,-0.0061,9.8066,-0.0062,-0.0195,-0.0006,-3.87,-36.12,28.44,304.3,-87.24,135.37
52.42422,-1.523259,158,0,3,183.09,21 / 22,1730810,2019-09-06 19:48:56:553,-0.3366,-0.4323,9.7921,-0.001,-0.0057,9.8066,-0.0167,-0.0205,-0.0066,-3.62,-36.12,28.56,305.62,-87.23,136.27
52.42422,-1.523259,158,0,3,183.09,21 / 22,1730910,2019-09-06 19:48:56:653,-0.2024,-0.3981,9.9488,-0.0028,0.0013,9.8066,0.0293,-0.0208,-0.0034,-3.37,-35.94,27.75,308.17,-87.22,137.11
52.42422,-1.523259,158,0,3,183.09,21 / 22,1731009,2019-09-06 19:48:56:752,-0.2366,-0.4455,9.7893,-0.0038,0.0024,9.8066,0.0163,-0.0117,-0.0051,-4.06,-35.94,28.13,306.95,-87.24,137.91
52.42422,-1.523259,158,0,3,183.09,21 / 22,1731109,2019-09-06 19:48:56:852,-0.311,-0.342,9.7969,-0.0014,-0.0079,9.8066,0.0027,-0.0031,0.012,-4.44,-35.94,28,308.74,-87.21,139.67
52.42422,-1.523259,158,0,3,183.09,21 / 22,1731210,2019-09-06 19:48:56:953,-0.1266,-0.5285,9.871,-0.0006,-0.0036,9.8066,-0.0155,0.0232,-0.0024,-3.87,-36.31,27.75,309.3,-87.21,140.21
52.42422,-1.523259,158,0,3,183.09,21 / 22,1731309,2019-09-06 19:48:57:052,-0.2694,-0.3673,9.8658,-0.0021,-0.0006,9.8066,-0.0002,-0.0019,0.014,-3.31,-36.25,28.75,312.66,-87.21,141.14
52.42422,-1.523259,158,0,3,183.09,20 / 21,1731410,2019-09-06 19:48:57:153,-0.2606,-0.2668,9.8383,-0.0007,-0.0007,9.8066,-0.0186,0.0127,-0.0036,-4.06,-36.25,27.94,310.9,-87.19,141.77
52.42422,-1.523259,158,0,3,183.09,20 / 21,1731509,2019-09-06 19:48:57:252,-0.1114,-0.473,9.8302,-0.0019,-0.0026,9.8066,0.0171,-0.0256,0.0016,-3.69,-36.31,27.81,311.92,-87.18,142.75
52.42422,-1.523259,158,0,3,183.09,20 / 21,1731610,2019-09-06 19:48:57:353,-0.2728,-0.3492,9.8938,-0.0006,-0.0057,9.8066,0.0105,-0.0142,-0.0162,-3.62,-35.87,28.25,312.63,-87.17,143.45
52.42422,-1.523259,158,0,3,183.09,20 / 21,1731710,2019-09-06 19:48:57:453,-0.2683,-0.3041,9.8651,-0.0013,-0.0061,9.8066,-0.014,-0.014,-0.0011,-4,-36.31,27.5,314.02,-87.14,144.8
52.42422,-1.523259,158,0,3,183.09,20 / 21,1731810,2019-09-06 19:48:57:553,-0.1386,-0.3909,9.7276,-0.0004,-0.0054,9.8066,-0.0078,0.0092,-0.0049,-4.25,-36.06,28.19,314.45,-87.14,145.21
52.42422,-1.523259,158,0,3,183.09,20 / 21,1731909,2019-09-06 19:48:57:652,-0.2725,-0.4341,9.9063,-0.0022,0.001,9.8066,0.0049,0.0002,0.006,-3.81,-36.37,28.31,315.12,-87.15,145.85
52.42422,-1.523259,158,0,3,183.09,20 / 21,1732009,2019-09-06 19:48:57:752,-0.18,-0.2825,9.92,-0.0011,-0.0009,9.8066,-0.003,0.0194,0.0068,-4.12,-36.37,28.31,315.74,-87.15,146.44
52.42422,-1.523259,158,0,3,183.09,20 / 21,1732109,2019-09-06 19:48:57:852,-0.2435,-0.3641,9.7302,-0.0005,-0.0034,9.8066,-0.0061,0.0051,0.0029,-4.19,-35.81,28.56,317.45,-87.13,147.73
52.42422,-1.523259,158,0,3,183.09,20 / 21,1732209,2019-09-06 19:48:57:952,-0.2168,-0.5205,9.856,-0.0014,-0.0021,9.8066,0.0025,0.0018,-0.001,-4.5,-36.19,28.06,317.4,-87.13,148.04
52.42422,-1.523259,158,0,3,183.09,20 / 21,1732311,2019-09-06 19:48:58:054,-0.208,-0.3543,9.895,-0.0003,-0.0017,9.8066,-0.0147,-0.0159,-0.0075,-3.44,-36,28.13,320.43,-87.1,148.95
52.42422,-1.523259,158,0,3,183.09,20 / 21,1732410,2019-09-06 19:48:58:153,-0.2336,-0.3408,9.6747,-0.0022,0.0001,9.8066,-0.0035,-0.008,-0.0058,-4.06,-35.81,28.13,319.1,-87.09,149.69
52.42422,-1.523259,158,0,3,183.09,20 / 21,1732509,2019-09-06 19:48:58:252,-0.2295,-0.356,9.8769,-0.0016,0.0016,9.8066,0.0137,-0.009,0.0006,-3.87,-35.81,27.75,319.78,-87.08,150.35
52.42422,-1.523259,158,0,3,183.09,20 / 21,1732609,2019-09-06 19:48:58:352,-0.0714,-0.3864,9.9167,-0.0012,-0.0009,9.8066,0.0069,0.0091,-0.0009,-3.69,-36.5,28.25,320.63,-87.06,151.16
52.42422,-1.523259,158,0,3,183.09,20 / 21,1732710,2019-09-06 19:48:58:453,-0.3062,-0.2051,9.8166,-0.0014,-0.0048,9.8066,-0.0002,0.0036,0.0167,-3.56,-35.62,28.06,321.85,-87.05,152.34
52.42422,-1.523259,158,0,3,183.09,20 / 21,1732809,2019-09-06 19:48:58:552,-0.2455,-0.449,9.8511,-0.0003,-0.0031,9.8066,0.0038,0.0123,0.0069,-4.06,-36,28.56,322.55,-87.04,152.66
52.42422,-1.523259,158,0,3,183.09,20 / 21,1732910,2019-09-06 19:48:58:653,-0.1187,-0.5584,9.8627,-0.0003,-0.0016,9.8065,-0.019,-0.0021,-0.0061,-4.19,-35.62,28.25,322.86,-87.02,153.32
52.42422,-1.523259,158,0,3,183.09,20 / 21,1733010,2019-09-06 19:48:58:753,-0.3283,-0.2883,9.7968,-0.0004,-0.0057,9.8066,-0.0108,-0.0132,-0.0017,-3.87,-36.12,28.44,323.43,-86.99,153.88
52.42422,-1.523259,158,0,3,183.09,20 / 21,1733110,2019-09-06 19:48:58:853,-0.2548,-0.2714,9.7909,-0.0015,0.0005,9.8066,0.0246,-0.0173,-0.014,-3.81,-35.81,28.13,324.09,-86.98,154.51
52.42422,-1.523259,158,0,3,183.09,20 / 21,1733210,2019-09-06 19:48:58:953,-0.1028,-0.4893,9.8565,-0.0016,-0.0005,9.8066,0.022,-0.0108,0.001,-4.19,-36.37,28.31,324.74,-86.96,155.14
52.42422,-1.523259,158,0,3,183.09,20 / 21,1733310,2019-09-06 19:48:59:053,-0.3485,-0.2814,9.8676,-0.0011,-0.0047,9.8066,-0.0059,0.0194,-0.0062,-3.69,-36.25,27.81,325.78,-86.94,156.15
52.42422,-1.523259,158,0,3,183.09,20 / 21,1733410,2019-09-06 19:48:59:153,-0.1972,-0.3606,9.9073,-0.0014,-0.0042,9.8066,0.0009,0.0144,0.015,-3.94,-35.56,28.25,326.29,-86.93,156.63
52.42422,-1.523259,158,0,3,183.09,20 / 21,1733510,2019-09-06 19:48:59:253,-0.2759,-0.2495,9.9276,0.0005,-0.0006,9.8066,-0.0143,0.0119,0.0016,-4.12,-36.25,28.69,327.28,-86.93,157.22
52.42422,-1.523259,158,0,3,183.09,20 / 21,1733609,2019-09-06 19:48:59:352,-0.277,-0.2596,9.7192,-0.0014,-0.0039,9.8066,-0.0112,-0.0066,0.0105,-3.75,-36.31,28.44,327.48,-86.9,157.76
52.42422,-1.523259,158,0,3,183.09,20 / 21,1733710,2019-09-06 19:48:59:453,-0.1631,-0.3495,9.8856,-0.0016,-0.0003,9.8066,0.0144,-0.0138,-0.0117,-4,-36.25,28,327.92,-86.9,158.18
52.42422,-1.523259,158,0,3,183.09,20 / 21,1733809,2019-09-06 19:48:59:552,-0.2417,-0.1547,9.8921,-0.0023,-0.0002,9.8066,0.0282,-0.0107,-0.0011,-4.06,-35.69,28,328.42,-86.87,158.67
52.42422,-1.523259,158,0,3,183.09,20 / 21,1733909,2019-09-06 19:48:59:652,-0.1612,-0.3401,9.7017,0,-0.0054,9.8066,-0.0093,0.0181,0,-4.12,-36.31,28,329.15,-86.84,159.38
52.42422,-1.523259,158,0,3,183.09,20 / 21,1734010,2019-09-06 19:48:59:753,-0.2149,-0.3784,9.9046,-0.0011,-0.0043,9.8066,-0.0043,0.009,0.0116,-3.69,-35.75,28.13,329.6,-86.83,159.81
52.42422,-1.523259,158,0,3,183.09,20 / 21,1734109,2019-09-06 19:48:59:852,-0.2652,-0.2,9.8649,0,0.0006,9.8066,-0.0009,0.0018,-0.007,-4.06,-35.44,28.13,330.06,-86.83,160.19
52.42422,-1.523259,158,0,3,183.09,20 / 21,1734211,2019-09-06 19:48:59:954,-0.2575,-0.2579,9.9273,-0.001,-0.0026,9.8065,0.0001,-0.0159,0.0037,-4.25,-35.81,28.31,330.39,-86.8,160.56
52.42422,-1.523259,158,0,3,183.09,20 / 21,1734310,2019-09-06 19:49:00:053,-0.1323,-0.2587,9.8836,-0.0006,0.0028,9.8066,0.0106,-0.0106,-0.0098,-3.75,-36.06,28.44,330.79,-86.81,160.94
52.42422,-1.523259,158,0,3,183.09,20 / 21,1734410,2019-09-06 19:49:00:153,-0.0676,-0.4128,9.9262,-0.0003,-0.0066,9.8066,0.0191,-0.0044,0.0034,-4.25,-35.94,27.88,331.35,-86.8,161.47
52.42422,-1.523259,158,0,3,183.09,20 / 21,1734510,2019-09-06 19:49:00:253,-0.3071,-0.2477,9.7613,-0.0003,-0.0057,9.8066,-0.0147,0.0186,-0.002,-4,-35.87,28.13,332.13,-86.77,162.22
52.42422,-1.523259,158,0,3,183.09,20 / 21,1734610,2019-09-06 19:49:00:353,-0.2039,-0.3491,9.8437,-0.0008,-0.0065,9.8065,-0.0079,0.0153,0.0146,-3.87,-35.69,28.13,332.51,-86.75,162.58
52.42422,-1.523259,158,0,3,183.09,20 / 21,1734710,2019-09-06 19:49:00:453,-0.0504,-0.3495,9.9018,-0.0002,0,9.8066,-0.012,-0.0035,-0.01,-4,-36.12,28.31,333.17,-86.75,163.21
52.42422,-1.523259,158,0,3,183.09,20 / 21,1734809,2019-09-06 19:49:00:552,-0.2785,-0.2302,9.7767,-0.0015,-0.0018,9.8066,-0.0072,-0.0109,0.0003,-4,-35.94,28.13,333.48,-86.74,163.5
52.42422,-1.523259,158,0,3,183.09,20 / 21,1734909,2019-09-06 19:49:00:652,-0.1678,-0.203,9.846,-0.0012,0.0014,9.8066,0.016,-0.0105,-0.0116,-3.94,-36.25,27.94,334.02,-86.73,164.01
52.42422,-1.523259,158,0,3,183.09,20 / 21,1735010,2019-09-06 19:49:00:753,-0.072,-0.4456,9.8807,-0.0023,0.0012,9.8066,0.0113,-0.0001,-0.0002,-4,-35.87,27.81,334.43,-86.72,164.4
52.42422,-1.523259,158,0,3,183.09,20 / 21,1735110,2019-09-06 19:49:00:853,-0.2287,-0.1974,9.8164,-0.0002,-0.0036,9.8066,-0.0038,0.0038,0.0024,-4.06,-36.06,28.63,335.33,-86.71,164.91
52.42422,-1.523259,158,0,3,183.09,20 / 21,1735210,2019-09-06 19:49:00:953,-0.1854,-0.2071,9.847,-0.0016,-0.0052,9.8066,-0.0034,0.0109,0.0078,-4.06,-35.94,28.25,335.44,-86.68,165.36
52.42422,-1.523259,158,0,3,183.09,20 / 21,1735309,2019-09-06 19:49:01:052,-0.043,-0.4159,9.8587,-0.0004,0.0001,9.8066,-0.0109,0.0071,-0.0048,-4.12,-36.06,28.13,335.74,-86.68,165.64
52.42422,-1.523259,158,0,3,183.09,19 / 20,1735410,2019-09-06 19:49:01:153,-0.277,-0.1477,9.8327,-0.0002,-0.0025,9.8066,0.0001,-0.0195,-0.0003,-4,-36.44,28.75,336.3,-86.66,165.84
52.42422,-1.523259,158,0,3,183.09,19 / 20,1735510,2019-09-06 19:49:01:253,-0.1723,-0.1864,9.841,0,-0.0012,9.8066,0.0143,-0.0158,-0.0069,-4,-35.94,28,336.24,-86.64,166.13
52.42422,-1.523259,158,0,3,183.09,19 / 20,1735609,2019-09-06 19:49:01:352,-0.0157,-0.365,9.8617,-0.0025,0.0018,9.8066,0.0176,-0.0133,-0.0013,-4.12,-35.94,27.88,336.66,-86.64,166.52
52.42422,-1.523259,158,0,3,183.09,19 / 20,1735710,2019-09-06 19:49:01:453,-0.3021,-0.183,9.8522,-0.0003,-0.0039,9.8066,-0.0087,0.0202,-0.0049,-4,-36.19,28.06,337.27,-86.61,167.11
52.42422,-1.523259,158,0,3,183.09,19 / 20,1735810,2019-09-06 19:49:01:553,-0.1894,-0.2389,9.8154,-0.0025,-0.0034,9.8066,0.0025,0.0064,0.013,-4.06,-35.56,29,338.03,-86.6,167.48
52.42422,-1.523259,158,0,3,183.09,19 / 20,1735910,2019-09-06 19:49:01:653,-0.0391,-0.3094,9.888,0.0005,-0.0003,9.8066,-0.0116,-0.0017,-0.0113,-4.5,-36.12,27.88,338.01,-86.59,167.8
52.42422,-1.523259,158,0,3,183.09,19 / 20,1736010,2019-09-06 19:49:01:753,-0.2512,-0.1718,9.8526,-0.001,-0.0023,9.8066,-0.0098,-0.014,0.0036,-4,-36.25,27.88,338.17,-86.57,167.95
52.42422,-1.523259,158,0,3,183.09,19 / 20,1736110,2019-09-06 19:49:01:853,-0.1711,-0.1911,9.7595,-0.0019,0.0019,9.8066,0.0106,-0.0032,-0.0106,-3.25,-35.87,28.31,340.88,-86.58,168.46
52.42422,-1.523259,158,0,3,183.09,19 / 20,1736209,2019-09-06 19:49:01:952,-0.0431,-0.4761,9.8685,-0.0017,0.0008,9.8066,0.02,-0.0116,0.0001,-3.75,-35.62,27.69,339.08,-86.56,168.8
52.42422,-1.523259,158,0,3,183.09,19 / 20,1736309,2019-09-06 19:49:02:052,-0.2141,-0.1226,9.8832,-0.0007,-0.0051,9.8066,-0.0082,0.0142,0.0041,-4,-36.06,27.81,339.45,-86.56,169.15
52.42422,-1.523259,158,0,3,183.09,20 / 22,1736410,2019-09-06 19:49:02:153,-0.1786,-0.1671,9.8017,-0.0016,0.0014,9.8066,-0.0036,0.0122,0.0099,-3.56,-35.75,28.44,340.13,-86.52,169.8
52.42422,-1.523259,158,0,3,183.09,20 / 22,1736509,2019-09-06 19:49:02:252,-0.0727,-0.3304,9.9104,-0.0003,0.0019,9.8066,-0.0083,-0.0001,-0.0104,-3.81,-36.25,28.38,340.27,-86.52,169.93
52.42422,-1.523259,158,0,3,183.09,20 / 22,1736610,2019-09-06 19:49:02:353,-0.2463,-0.1036,9.8135,-0.0012,-0.0023,9.8066,-0.0088,-0.0146,-0.0015,-4.19,-35.56,28.19,340.47,-86.5,170.12
52.42422,-1.523259,158,0,3,183.09,20 / 22,1736709,2019-09-06 19:49:02:452,-0.0943,-0.1306,9.828,-0.0012,0.0015,9.8066,0.0201,-0.0137,-0.0068,-3.62,-36.06,28.13,340.57,-86.5,170.22
52.42422,-1.523259,158,0,3,183.09,20 / 22,1736810,2019-09-06 19:49:02:553,-0.0115,-0.3919,9.9131,-0.0029,0.0032,9.8066,0.0254,-0.002,-0.0002,-4.37,-36.25,28.38,341.06,-86.51,170.67
52.42422,-1.523259,158,0,3,183.09,20 / 22,1736910,2019-09-06 19:49:02:653,-0.2471,-0.1164,9.8139,0.0002,-0.0034,9.8066,-0.0115,0.0254,0.0007,-3.69,-35.87,28.06,341.4,-86.48,171
52.42422,-1.523259,158,0,3,183.09,20 / 22,1737009,2019-09-06 19:49:02:752,-0.14,-0.3075,9.8247,-0.0016,-0.0027,9.8066,-0.0038,0.0131,0.0116,-4.31,-35.75,28.13,341.73,-86.48,171.3
52.42422,-1.523259,158,0,3,183.09,20 / 22,1737109,2019-09-06 19:49:02:852,-0.0415,-0.3801,9.8586,0,0.0011,9.8066,-0.0208,0.004,-0.0038,-3.94,-34.94,28.56,342.3,-86.47,171.47
52.42422,-1.523259,158,0,3,183.09,20 / 22,1737213,2019-09-06 19:49:02:956,-0.2261,-0.076,9.843,-0.0004,-0.0029,9.8066,-0.0052,-0.0119,0.0026,-4.12,-35.62,28.25,342.22,-86.46,171.76
52.42422,-1.523259,158,0,3,183.09,20 / 22,1737311,2019-09-06 19:49:03:054,-0.1553,-0.1275,9.803,0.0002,0.0003,9.8066,0.0071,-0.0165,-0.0106,-3.31,-35.56,28.25,344.55,-86.45,171.9
52.42422,-1.523259,158,0,3,183.09,20 / 22,1737410,2019-09-06 19:49:03:153,0.0068,-0.4131,9.8406,-0.0014,-0.0004,9.8066,0.0124,-0.0109,-0.0007,-3.5,-35.75,28.44,344.77,-86.44,172.11
52.42422,-1.523259,158,0,3,183.09,20 / 22,1737509,2019-09-06 19:49:03:252,-0.2428,-0.0395,9.9397,0.0001,-0.0025,9.8066,0.0003,0.0085,-0.0042,-4.06,-35.94,28.44,342.89,-86.43,172.39
52.42422,-1.523259,158,0,3,183.09,20 / 22,1737609,2019-09-06 19:49:03:352,-0.145,-0.0843,9.7667,-0.0012,-0.0033,9.8066,0.0027,0.0124,0.0154,-4.19,-36.25,27.81,343.18,-86.42,172.66
52.42422,-1.523259,158,0,3,183.09,20 / 22,1737710,2019-09-06 19:49:03:453,-0.1136,-0.2721,9.7825,-0.0011,0.0007,9.8066,-0.0002,0.0218,0.0074,-3.75,-35.75,28.56,343.94,-86.42,173.05
52.42422,-1.523259,158,0,3,183.09,20 / 22,1737810,2019-09-06 19:49:03:553,-0.1596,-0.2052,9.9677,-0.001,-0.0003,9.8066,-0.0104,0.0101,0.0151,-4.12,-36.06,28.63,344.23,-86.4,173.31
52.42422,-1.523259,158,0,3,183.09,20 / 22,1737910,2019-09-06 19:49:03:653,-0.1507,0.0084,9.8089,0,-0.0017,9.8066,0.017,-0.0007,-0.0004,-4,-35.81,28.5,344.22,-86.4,173.31
52.42422,-1.523259,158,0,3,183.09,20 / 22,1738009,2019-09-06 19:49:03:752,-0.1881,-0.1642,9.8118,-0.0015,0.0009,9.8066,0.0069,-0.0152,0.0012,-3.69,-35.87,28.44,344.18,-86.38,173.6
52.42422,-1.523259,158,0,3,183.09,20 / 22,1738109,2019-09-06 19:49:03:852,-0.0559,-0.3462,9.9271,0.0002,-0.003,9.8066,-0.0084,-0.0152,-0.008,-3.87,-36.12,28.31,344.32,-86.36,173.73
52.42422,-1.523259,158,0,3,183.09,20 / 22,1738210,2019-09-06 19:49:03:953,-0.0944,-0.0249,9.7933,0.0008,-0.0034,9.8066,-0.0113,-0.0234,-0.0076,-3.69,-35.69,27.94,344.44,-86.35,173.84
52.42422,-1.523259,158,0,3,183.09,21 / 22,1738310,2019-09-06 19:49:04:053,0.1128,-0.2506,9.8795,-0.0018,0.0012,9.8066,0.0195,-0.0062,0.009,-3.69,-36.37,27.75,344.7,-86.35,174.08
52.42422,-1.523259,158,0,3,183.09,21 / 22,1738410,2019-09-06 19:49:04:153,0.005,-0.1063,9.8,-0.0005,0.002,9.8066,0.0076,0.0013,0.005,-3.81,-36.12,28.25,345.01,-86.35,174.37
52.42422,-1.523259,158,0,3,183.09,21 / 22,1738510,2019-09-06 19:49:04:253,-0.0615,-0.1974,9.8143,-0.002,-0.0032,9.8066,0.0066,0.009,0.0099,-3.75,-35.94,28.06,345.03,-86.34,174.39
52.42422,-1.523259,158,0,3,183.09,21 / 22,1738610,2019-09-06 19:49:04:353,-0.0454,0.0074,9.9756,0.0003,-0.0009,9.8066,-0.007,-0.0054,-0.0046,-4.25,-36,27.69,345.38,-86.32,174.72
52.42422,-1.523259,158,0,3,183.09,21 / 22,1738709,2019-09-06 19:49:04:452,-0.0035,-0.1242,9.7821,-0.0014,-0.0009,9.8066,0.0022,-0.0158,0.0035,-4.25,-35.87,27.81,345.59,-86.32,174.92
52.42422,-1.523259,158,0,3,183.09,21 / 22,1738809,2019-09-06 19:49:04:552,-0.1191,-0.1808,9.8227,-0.0001,-0.0007,9.8066,-0.0017,-0.0277,-0.0085,-4.19,-36.37,28.06,345.78,-86.31,175.09
52.42422,-1.523259,158,0,3,183.09,21 / 22,1738909,2019-09-06 19:49:04:652,-0.0448,-0.0526,9.9922,-0.0007,-0.0007,9.8066,0.0153,-0.0102,-0.0012,-3.87,-35.87,27.94,345.87,-86.29,175.18
52.42422,-1.523259,158,0,3,183.09,21 / 22,1739010,2019-09-06 19:49:04:753,-0.0014,-0.161,9.7917,-0.0021,0.0028,9.8065,0.0022,0.0056,0.0034,-4,-35.56,27.81,346.06,-86.3,175.35
52.42422,-1.523259,158,0,3,183.09,21 / 22,1739109,2019-09-06 19:49:04:852,-0.1344,-0.1281,9.776,-0.0004,-0.0045,9.8066,-0.0018,0.016,0.0117,-4.44,-36.12,27.69,346.05,-86.29,175.34
52.42422,-1.523259,158,0,3,183.09,21 / 22,1739209,2019-09-06 19:49:04:952,0.0615,-0.0424,9.9606,-0.0006,-0.0046,9.8066,-0.0047,0.0061,0.0025,-3.62,-35.75,28.25,346.49,-86.26,175.76
52.42422,-1.523259,158,0,3,183.09,21 / 22,1739309,2019-09-06 19:49:05:052,-0.0681,-0.1054,9.8094,-0.0009,0,9.8066,-0.0068,-0.004,0.0054,-4.06,-35.56,28.38,346.58,-86.26,175.84
52.42422,-1.523259,158,0,3,183.09,20 / 22,1739409,2019-09-06 19:49:05:152,-0.0969,0.0052,9.7713,0.0011,-0.0003,9.8066,-0.0204,-0.009,-0.0062,-4,-35.81,28.38,346.5,-86.25,175.77
52.42422,-1.523259,158,0,3,183.09,20 / 22,1739509,2019-09-06 19:49:05:252,0.0436,-0.127,9.9089,-0.0016,-0.0001,9.8066,0.0193,-0.0289,-0.005,-4.12,-36,28.63,347.11,-86.23,176.02
52.42422,-1.523259,158,0,3,183.09,20 / 22,1739609,2019-09-06 19:49:05:352,-0.056,-0.0819,9.8672,-0.001,0.0021,9.8065,0.0179,-0.0084,-0.0124,-4.12,-35.69,27.81,346.82,-86.24,176.07
52.42422,-1.523259,158,0,3,183.09,20 / 22,1739709,2019-09-06 19:49:05:452,-0.0901,0.0499,9.8206,-0.0009,-0.0044,9.8066,-0.0001,-0.0031,0.0092,-4.56,-35.94,27.63,344.95,-86.22,176.35
52.42422,-1.523259,158,0,3,183.09,20 / 22,1739810,2019-09-06 19:49:05:553,0.1032,-0.2397,9.8205,-0.0002,-0.0036,9.8066,-0.0069,0.0186,0.0013,-4.12,-35.87,27.81,347.55,-86.2,176.74
52.42422,-1.523259,158,0,3,183.09,20 / 22,1739910,2019-09-06 19:49:05:653,-0.0823,-0.0612,9.8955,-0.0016,0.0027,9.8066,-0.0009,0.0036,0.0094,-4,-35.81,28.5,348.2,-86.2,177.03
52.42422,-1.523259,158,0,3,183.09,20 / 22,1740010,2019-09-06 19:49:05:753,-0.0423,0.0724,9.8918,-0.0008,0.0035,9.8066,-0.0147,0.013,0.0054,-3.87,-35.81,28.44,347.94,-86.21,177.1
52.42422,-1.523259,158,0,3,183.09,20 / 22,1740110,2019-09-06 19:49:05:853,0.0663,-0.2162,9.7485,-0.0001,-0.0004,9.8066,-0.0034,-0.0149,-0.0009,-3.87,-35.75,28.38,348.25,-86.19,177.39
52.42422,-1.523259,158,0,3,183.09,20 / 22,1740209,2019-09-06 19:49:05:952,-0.0686,-0.1511,9.9265,0.0001,-0.0012,9.8066,-0.0012,-0.0011,-0.0144,-3.87,-35.87,27.81,348.17,-86.19,177.32
52.42422,-1.523259,158,0,3,183.09,20 / 22,1740310,2019-09-06 19:49:06:053,-0.0197,-0.3051,9.7533,0,-0.0012,9.8066,0.0169,-0.0255,0.0027,-4.25,-35.94,27.88,348.35,-86.18,177.48
52.42422,-1.523259,158,0,3,183.09,20 / 21,1740410,2019-09-06 19:49:06:153,0.1129,-0.1668,9.9273,-0.0001,-0.003,9.8066,-0.0013,0.005,-0.006,-3.75,-35.94,28.56,348.75,-86.16,177.55
52.42422,-1.523259,158,0,3,183.09,20 / 21,1740509,2019-09-06 19:49:06:252,-0.0378,-0.0372,9.8643,-0.0014,0.0015,9.8066,0.0097,0.0028,0.0035,-3.56,-35.94,28,348.86,-86.16,177.96
52.42422,-1.523259,158,0,3,183.09,20 / 21,1740609,2019-09-06 19:49:06:352,-0.0772,-0.3189,9.7555,-0.0007,0.0025,9.8066,-0.0028,0.0197,0.006,-4.31,-36,28.13,348.86,-86.16,177.96
52.42422,-1.523259,158,0,3,183.09,20 / 21,1740709,2019-09-06 19:49:06:452,0.1308,-0.1025,9.8838,0.0003,-0.0021,9.8066,0.0016,-0.0025,-0.0005,-3.81,-35.87,28.19,349.09,-86.13,178.17
52.42422,-1.523259,158,0,3,183.09,20 / 21,1740810,2019-09-06 19:49:06:553,-0.0539,-0.0664,9.9056,0.0001,-0.0001,9.8066,0.0074,-0.0062,-0.0015,-3.81,-36.06,27.44,348.67,-86.14,178.13
52.42422,-1.523259,158,0,3,183.09,20 / 21,1740909,2019-09-06 19:49:06:652,-0.11,-0.2347,9.7435,0.001,-0.0008,9.8066,-0.0135,-0.0176,-0.0095,-4.06,-35.81,28.44,349.11,-86.12,178.19
52.42422,-1.523259,158,0,3,183.09,20 / 21,1741010,2019-09-06 19:49:06:753,0.0896,-0.1886,9.7773,0.0012,-0.0039,9.8066,-0.0066,-0.0085,-0.0089,-3.87,-36.19,28.19,348.88,-86.1,177.99
52.42422,-1.523259,158,0,3,183.09,20 / 21,1741110,2019-09-06 19:49:06:853,-0.0396,-0.1047,9.9144,-0.0003,0.0036,9.8066,0.0084,-0.0039,-0.0023,-4.56,-36.06,27.94,346.78,-86.1,178.06
52.42422,-1.523259,158,0,3,183.09,20 / 21,1741209,2019-09-06 19:49:06:952,-0.1608,-0.0746,9.7896,-0.0014,0.003,9.8066,0.0191,0.009,0.006,-3.87,-36.12,27.75,349.12,-86.1,178.21
52.42422,-1.523259,158,0,3,183.09,20 / 21,1741310,2019-09-06 19:49:07:053,0.0955,-0.2048,9.7765,0.0009,-0.0027,9.8066,-0.0094,0.0085,0.0002,-3.12,-36.56,27.69,351.53,-86.07,178.42
52.42422,-1.523259,158,0,3,183.09,20 / 21,1741410,2019-09-06 19:49:07:153,-0.0374,-0.0687,9.9183,0.0003,-0.0027,9.8066,0.0039,0.0023,-0.0002,-3.75,-35.94,27.5,349.23,-86.07,178.32
52.42422,-1.523259,158,0,3,183.09,20 / 21,1741510,2019-09-06 19:49:07:253,-0.1341,-0.1442,9.7917,0.0006,-0.001,9.8066,-0.0114,-0.0199,-0.0097,-3.69,-35.56,27.75,349.37,-86.06,178.45
52.42422,-1.523259,158,0,3,183.09,20 / 21,1741609,2019-09-06 19:49:07:352,0.1448,-0.1158,9.808,0.0006,-0.0027,9.8066,-0.0092,-0.0057,-0.0058,-3.75,-35.87,28.06,349.26,-86.05,178.36
52.42422,-1.523259,158,0,3,183.09,20 / 21,1741710,2019-09-06 19:49:07:453,-0.0108,-0.0369,9.8517,-0.0014,0.0009,9.8066,0.0139,-0.0002,0.0016,-3.75,-35.81,28.31,349.67,-86.05,178.73
52.42422,-1.523259,158,0,3,183.09,20 / 21,1741810,2019-09-06 19:49:07:553,0.0145,-0.3093,9.8596,-0.0009,0.0022,9.8066,0.0102,0.0074,0.0046,-4,-36.37,27.81,349.71,-86.05,178.76
52.42422,-1.523259,158,0,3,183.09,20 / 21,1741910,2019-09-06 19:49:07:653,-0.1223,-0.0038,9.9316,0,-0.0027,9.8065,-0.0027,0.0095,0.0042,-3.75,-35.5,27.81,349.81,-86.04,178.83
52.42422,-1.523259,158,0,3,183.09,20 / 21,1742009,2019-09-06 19:49:07:752,-0.0346,-0.0702,9.8184,0.0011,-0.0007,9.8066,0.007,0.0097,0.0091,-3.75,-35.56,28,349.72,-86.02,178.78
52.42422,-1.523259,158,0,3,183.09,20 / 21,1742110,2019-09-06 19:49:07:853,0.02,-0.299,9.8026,0.0004,0.0019,9.8066,-0.0114,-0.0142,-0.0069,-4.44,-35.87,28,349.83,-86.03,178.88
52.42422,-1.523259,158,0,3,183.09,20 / 21,1742210,2019-09-06 19:49:07:953,-0.177,-0.0127,9.951,0.0002,-0.0032,9.8067,-0.0026,-0.0193,-0.0095,-4,-35.87,27.94,349.82,-86,178.87
52.42422,-1.523259,158,0,3,183.09,20 / 21,1742310,2019-09-06 19:49:08:053,-0.0041,-0.0664,9.8584,-0.0007,0.0042,9.8066,0.01,-0.0106,-0.0062,-4.12,-35.62,28.13,349.91,-86.01,178.95
52.42422,-1.523259,158,0,3,183.09,20 / 22,1742410,2019-09-06 19:49:08:153,-0.0218,-0.1882,9.8179,-0.0016,0.0026,9.8066,0.0157,-0.0045,0.0026,-4.06,-36,28.19,350.06,-86,179.1
52.42422,-1.523259,158,0,3,183.09,20 / 22,1742510,2019-09-06 19:49:08:253,-0.1253,-0.1019,9.9558,0.0014,-0.0037,9.8066,-0.0098,0.0186,0.0018,-3.31,-36.37,28.44,352.54,-86,179.34
52.42422,-1.523259,158,0,3,183.09,20 / 22,1742609,2019-09-06 19:49:08:352,-0.0678,-0.0714,9.8686,-0.0001,-0.0045,9.8066,0.0044,0.0111,0.0121,-3.94,-36.31,28,350.32,-85.96,179.34
52.42422,-1.523259,158,0,3,183.09,20 / 22,1742710,2019-09-06 19:49:08:453,-0.0419,-0.1409,9.7762,0.0012,0.0007,9.8066,-0.0081,0.0029,0,-4.25,-35.81,27.88,350.32,-85.98,179.33
52.42422,-1.523259,158,0,3,183.09,20 / 22,1742810,2019-09-06 19:49:08:553,-0.1279,-0.0454,9.9493,-0.0002,-0.0013,9.8066,-0.0024,-0.0117,0.0001,-4.25,-36,28.38,350.36,-85.96,179.37
52.42422,-1.523259,158,0,3,183.09,20 / 22,1742910,2019-09-06 19:49:08:653,-0.0288,-0.0258,9.8822,-0.0004,0.0008,9.8066,0.0093,0.0001,-0.0083,-3.75,-35.5,27.44,350.1,-85.95,179.45
52.42422,-1.523259,158,0,3,183.09,20 / 22,1743010,2019-09-06 19:49:08:753,-0.0704,-0.1959,9.8015,-0.0008,0.0013,9.8066,0.0174,-0.0046,0.0041,-3.87,-36.12,28.06,350.55,-85.95,179.55
52.42422,-1.523259,158,0,3,183.09,20 / 22,1743109,2019-09-06 19:49:08:852,-0.1234,-0.0346,9.9458,0,-0.0008,9.8066,-0.0081,0.0166,-0.0001,-3.56,-35.81,27.56,350.68,-85.95,179.67
52.42422,-1.523259,158,0,3,183.09,20 / 22,1743209,2019-09-06 19:49:08:952,-0.0041,-0.0206,9.8567,-0.0008,-0.0016,9.8066,-0.001,0.0093,0.0053,-4.19,-36.19,27.69,350.77,-85.94,179.75
52.42422,-1.523259,158,0,3,183.09,20 / 22,1743310,2019-09-06 19:49:09:053,-0.0334,-0.2019,9.8194,0.001,0,9.8066,-0.0084,-0.0097,-0.0058,-3.25,-35.69,28.06,352.94,-85.94,179.71
52.42422,-1.523259,158,0,3,183.09,20 / 22,1743410,2019-09-06 19:49:09:153,-0.1662,-0.0109,9.7535,-0.0006,-0.0002,9.8066,-0.0101,-0.0083,-0.0005,-3.56,-35.56,28.31,350.71,-85.93,179.7
52.42422,-1.523259,158,0,3,183.09,20 / 22,1743510,2019-09-06 19:49:09:253,-0.0372,-0.1463,9.8774,-0.0004,0.0011,9.8066,0.0064,0.0007,-0.009,-3.5,-35.69,28.31,353.13,-85.92,179.89
52.42422,-1.523259,158,0,3,183.09,20 / 22,1743610,2019-09-06 19:49:09:353,0.0277,-0.0591,9.9215,-0.0008,-0.003,9.8066,0.0164,0.0083,0.0107,-3.5,-35.87,28.25,353.15,-85.91,179.9
52.42422,-1.523259,158,0,3,183.09,20 / 22,1743709,2019-09-06 19:49:09:452,-0.1136,-0.0375,9.7626,0.0006,-0.0007,9.8066,-0.0106,0.008,-0.0021,-3.69,-35.94,28.81,351.46,-85.9,-179.92
52.42422,-1.523259,158,0,3,183.09,20 / 22,1743810,2019-09-06 19:49:09:553,-0.0948,-0.1506,9.8938,0.0002,-0.0012,9.8066,0,0.01,0.0026,-3.87,-36.31,28.31,350.95,-85.9,179.93
52.42422,-1.523259,158,0,3,183.09,20 / 22,1743910,2019-09-06 19:49:09:653,0.0717,-0.0911,9.9443,0.0014,-0.0014,9.8066,-0.0154,-0.0074,-0.0074,-3.87,-36.62,28.25,350.97,-85.89,179.97
52.42422,-1.523259,158,0,3,183.09,20 / 22,1744010,2019-09-06 19:49:09:753,-0.1248,0.0503,9.7623,0.0004,-0.0028,9.8066,-0.01,-0.0124,-0.0039,-3.75,-35.56,28.44,350.96,-85.89,179.93
52.42422,-1.523259,158,0,3,183.09,20 / 22,1744110,2019-09-06 19:49:09:853,-0.0423,-0.116,9.8626,-0.0005,0.0045,9.8066,0.0151,-0.0045,-0.0076,-4.12,-35.94,28.75,351.34,-85.89,179.98
52.42422,-1.523259,158,0,3,183.09,20 / 22,1744209,2019-09-06 19:49:09:952,-0.0898,0.0635,9.9198,-0.0008,0.0034,9.8066,0.0176,0.0093,0.0033,-3.94,-36.06,28.13,350.96,-85.89,179.93
52.42422,-1.523259,158,0,3,183.09,20 / 22,1744311,2019-09-06 19:49:10:054,0.1133,-0.0611,9.806,0.0005,-0.002,9.8066,-0.011,0.0071,0.0006,-4,-35.87,28.5,351.47,-85.89,-179.9
52.42422,-1.523259,158,0,3,183.09,20 / 21,1744410,2019-09-06 19:49:10:153,0.0387,-0.0166,9.8146,-0.001,0.0027,9.8066,0.0032,0.0028,-0.002,-3.56,-36.06,28.25,351.1,-85.87,-179.94
52.42422,-1.523259,158,0,3,183.09,20 / 21,1744509,2019-09-06 19:49:10:252,0.0201,-0.2974,9.8569,-0.0015,0.0026,9.8066,-0.0153,-0.0125,-0.0143,-4.19,-36.25,28,351.13,-85.89,-179.91
52.42422,-1.523259,158,0,3,183.09,20 / 21,1744610,2019-09-06 19:49:10:353,-0.1394,0.0006,9.8559,0.0006,-0.0016,9.8066,-0.0023,-0.0084,-0.0051,-3.5,-36.31,28.44,353.37,-85.87,-179.89
52.42422,-1.523259,158,0,3,183.09,20 / 21,1744709,2019-09-06 19:49:10:452,0.0651,-0.0745,9.7829,0.0015,-0.0034,9.8066,0.0069,0.0003,0.0022,-4.06,-35.75,28.38,350.97,-85.87,179.95
52.42422,-1.523259,158,0,3,183.09,20 / 21,1744810,2019-09-06 19:49:10:553,0.0142,-0.1385,9.8728,-0.0005,0.0005,9.8066,-0.0028,0.0172,0.0069,-4,-36.31,27.81,351,-85.87,179.98
52.42422,-1.523259,158,0,3,183.09,20 / 21,1744910,2019-09-06 19:49:10:653,-0.1608,-0.0842,9.7361,-0.0004,-0.0018,9.8066,0.0019,-0.0123,-0.002,-3.87,-36.31,28.31,351.04,-85.87,-179.98
52.42422,-1.523259,158,0,3,183.09,20 / 21,1745009,2019-09-06 19:49:10:752,0.0529,-0.1316,9.8324,-0.0001,0.0023,9.8066,0.0136,-0.012,-0.0101,-4.31,-35.94,28.06,351.31,-85.85,-179.74
52.42422,-1.523259,158,0,3,183.09,20 / 21,1745109,2019-09-06 19:49:10:852,0.0764,-0.096,9.9165,0.0005,-0.0032,9.8066,-0.0121,-0.0102,0.0005,-3.5,-36.19,28.13,353.45,-85.87,-179.81
52.42422,-1.523259,158,0,3,183.09,20 / 21,1745210,2019-09-06 19:49:10:953,-0.1088,-0.0384,9.7339,0.0006,-0.002,9.8066,-0.0112,0.0182,-0.0036,-3.75,-36.12,28.5,351.58,-85.85,-179.8
52.42422,-1.523259,158,0,3,183.09,20 / 21,1745309,2019-09-06 19:49:11:052,-0.0305,-0.1594,9.9089,0.0002,0.0001,9.8066,-0.0012,0.0066,0.0106,-4.12,-35.87,27.94,351.17,-85.86,-179.87
52.42422,-1.523259,158,0,3,183.09,20 / 21,1745410,2019-09-06 19:49:11:153,0.0023,-0.062,9.9076,-0.0002,-0.0019,9.8066,-0.0134,0.0082,0.0085,-3.75,-36.06,28.81,351.58,-85.84,-179.8
52.42422,-1.523259,158,0,3,183.09,20 / 21,1745510,2019-09-06 19:49:11:253,-0.0961,-0.0071,9.7235,0.0006,-0.0014,9.8066,-0.0026,-0.0098,-0.0058,-4,-36.19,28.19,351.32,-85.85,-179.73
52.42422,-1.523259,158,0,3,183.09,20 / 21,1745609,2019-09-06 19:49:11:352,0.0089,-0.0721,9.7926,-0.0003,0.0036,9.8066,0.0114,-0.0117,-0.0053,-4.44,-36.19,28.38,351.39,-85.84,-179.66
52.42422,-1.523259,158,0,3,183.09,20 / 21,1745709,2019-09-06 19:49:11:452,0.0637,-0.2032,9.8716,-0.0004,0.0011,9.8066,-0.0121,-0.0173,-0.0074,-4.12,-35.81,28.13,351.47,-85.86,-179.6
52.42422,-1.523259,158,0,3,183.09,20 / 21,1745810,2019-09-06 19:49:11:553,-0.164,-0.0213,9.7836,0.0005,-0.0011,9.8066,0.0044,0.0016,-0.0018,-3.81,-36.44,27.81,351.62,-85.84,-179.46
52.42422,-1.523259,158,0,3,183.09,20 / 21,1745909,2019-09-06 19:49:11:652,0.0699,-0.1059,9.7912,0.0006,-0.0012,9.8066,-0.0057,0.0008,0.0087,-3.81,-35.81,27.63,351.48,-85.84,-179.58
52.42422,-1.523259,158,0,3,183.09,20 / 21,1746010,2019-09-06 19:49:11:753,0.1024,-0.2289,9.877,0.0006,-0.003,9.8066,-0.0078,0.0173,0.0014,-3.44,-36.12,28.31,353.86,-85.82,-179.44
52.42422,-1.523259,158,0,3,183.09,20 / 21,1746109,2019-09-06 19:49:11:852,-0.1378,0.0746,9.8491,0.0008,-0.0055,9.8066,0.0012,0.009,0.0118,-3.87,-36.44,28.44,351.63,-85.81,-179.44
52.42422,-1.523259,158,0,3,183.09,20 / 21,1746210,2019-09-06 19:49:11:953,-0.0828,-0.0131,9.7831,-0.0014,0.0038,9.8066,0.0075,0.0005,-0.003,-4.31,-36.37,28.19,351.85,-85.81,-179.25
52.42422,-1.523259,158,0,3,183.09,20 / 21,1746313,2019-09-06 19:49:12:056,-0.1281,0.08,9.8962,-0.0003,0.0032,9.8066,0.0049,-0.0203,0.0024,-3.69,-36.06,28.75,352.23,-85.83,-179.2
52.42422,-1.523259,158,0,3,183.09,19 / 21,1746410,2019-09-06 19:49:12:153,0.1432,-0.1179,9.8245,0,-0.0024,9.8066,-0.009,-0.0037,-0.0061,-4.44,-35.62,28.19,352.13,-85.81,-178.99
52.42422,-1.523259,158,0,3,183.09,19 / 21,1746509,2019-09-06 19:49:12:252,-0.0093,-0.0063,9.9484,0.0001,-0.0011,9.8066,0.0086,-0.0024,0.0009,-4.06,-35.69,27.94,352.1,-85.82,-179.02
52.42422,-1.523259,158,0,3,183.09,19 / 21,1746610,2019-09-06 19:49:12:353,-0.1033,-0.0616,9.8204,0.0005,-0.0022,9.8066,0.0089,0.0138,0.0035,-4.12,-35.75,28.25,352.14,-85.82,-178.98
52.42422,-1.523259,158,0,3,183.09,19 / 21,1746710,2019-09-06 19:49:12:453,0.1228,-0.023,9.7572,-0.0017,0.0023,9.8066,-0.0018,0.0164,0.0011,-3.87,-35.69,28.44,352.03,-85.8,-179.07
52.42422,-1.523259,158,0,3,183.09,19 / 21,1746809,2019-09-06 19:49:12:552,-0.0442,-0.0693,9.9537,-0.0003,0.0031,9.8066,-0.0006,0.0113,0.0046,-3.94,-36.25,27.94,352.16,-85.81,-178.96
52.42422,-1.523259,158,0,3,183.09,19 / 21,1746910,2019-09-06 19:49:12:653,-0.1472,0.0304,9.8006,-0.0009,0.0016,9.8066,-0.0083,0.0005,-0.0071,-3.81,-35.94,28.25,352.18,-85.81,-178.94
52.42422,-1.523259,158,0,3,183.09,19 / 21,1747009,2019-09-06 19:49:12:752,0.0125,0.0014,9.7332,0.0017,-0.0013,9.8066,-0.0032,-0.015,0.0014,-4.37,-35.5,28,352.14,-85.8,-179
52.42422,-1.523259,158,0,3,183.09,19 / 21,1747110,2019-09-06 19:49:12:853,-0.054,-0.2005,9.9104,-0.0017,-0.0007,9.8066,0.006,-0.0213,-0.024,-4.19,-35.94,28.13,352.24,-85.8,-178.89
52.42422,-1.523259,158,0,3,183.09,19 / 21,1747210,2019-09-06 19:49:12:953,-0.0998,0.0007,9.9484,0.0015,0.0015,9.8066,0.0137,-0.0246,-0.0015,-4.19,-35.87,28.06,352.38,-85.79,-178.76
52.42422,-1.523259,158,0,3,183.09,19 / 21,1747310,2019-09-06 19:49:13:053,0.0217,-0.1421,9.7761,0.0004,-0.0014,9.8066,0.0121,-0.0079,-0.011,-4.37,-35.81,28,352.18,-85.79,-178.94
52.42422,-1.523259,158,0,3,183.09,21 / 22,1747410,2019-09-06 19:49:13:153,0.0329,-0.1304,9.9423,-0.0007,0.001,9.8066,0.0018,0.0005,0.0031,-4.37,-36.06,27.69,352.02,-85.8,-179.08
52.42422,-1.523259,158,0,3,183.09,21 / 22,1747510,2019-09-06 19:49:13:253,-0.1087,0.0813,9.9389,-0.0005,0.0009,9.8066,0.0107,0.0127,0.0096,-3.5,-35.37,27.06,354.1,-85.79,-178.99
52.42422,-1.523259,158,0,3,183.09,21 / 22,1747610,2019-09-06 19:49:13:353,0.0115,-0.192,9.8012,0.0012,-0.006,9.8066,-0.0163,0.0141,0.0159,-4,-35.62,27.94,351.95,-85.76,-179.14
52.42422,-1.523259,158,0,3,183.09,21 / 22,1747710,2019-09-06 19:49:13:453,-0.0059,-0.0628,9.8623,-0.0005,-0.0052,9.8066,0.0123,0.01,0.003,-3.31,-35.81,27.94,354.34,-85.76,-179
52.42422,-1.523259,158,0,3,183.09,21 / 22,1747810,2019-09-06 19:49:13:553,-0.0673,0.0879,9.9565,-0.0008,0.0042,9.8066,-0.0044,-0.0112,0.0054,-3.81,-36.12,28.19,352.15,-85.78,-178.97
52.42422,-1.523259,158,0,3,183.09,21 / 22,1747910,2019-09-06 19:49:13:653,0.0581,-0.0266,9.7858,-0.0004,0.0037,9.8066,0.0021,-0.0233,-0.0004,-3.87,-35.56,28,352.21,-85.78,-178.91
52.42422,-1.523259,158,0,3,183.09,21 / 22,1748010,2019-09-06 19:49:13:753,-0.0055,0.041,9.8179,0.0001,-0.0024,9.8066,-0.0115,-0.0178,-0.0126,-3.75,-35.87,28.44,352.1,-85.78,-179.01
52.42422,-1.523259,158,0,3,183.09,21 / 22,1748110,2019-09-06 19:49:13:853,0.0398,0.0031,10.0209,0.0007,0.0012,9.8066,0.018,-0.0167,-0.0017,-3.44,-36.19,28.44,354.39,-85.77,-178.95
52.42422,-1.523259,158,0,3,183.09,21 / 22,1748209,2019-09-06 19:49:13:952,0.0179,-0.0336,9.8222,-0.0004,-0.0031,9.8066,0.0006,-0.003,-0.0005,-4.06,-35.69,28.63,352.45,-85.76,-178.99
52.42422,-1.523259,158,0,3,183.09,21 / 22,1748310,2019-09-06 19:49:14:053,-0.1049,0.0637,9.7652,0.0013,-0.0027,9.8066,0.0017,0.0073,0.0106,-3.5,-35.44,28.13,354.31,-85.75,-179.04
52.42422,-1.523259,158,0,3,183.09,20 / 21,1748410,2019-09-06 19:49:14:153,0.154,-0.1179,9.8905,-0.0016,0.003,9.8066,0.0013,0.0119,0.0012,-3.81,-35.62,28.13,351.99,-85.74,-179.1
52.42422,-1.523259,158,0,3,183.09,20 / 21,1748510,2019-09-06 19:49:14:253,-0.0088,-0.004,9.8511,0.0005,0.0032,9.8066,-0.0044,0.0009,0.0102,-3.75,-35.94,28.75,352.33,-85.75,-179.1
52.42422,-1.523259,158,0,3,183.09,20 / 21,1748610,2019-09-06 19:49:14:353,-0.0758,0.0972,9.8301,0.0002,-0.0017,9.8066,-0.0072,-0.0056,-0.0023,-4.06,-36.25,28.31,352.15,-85.74,-178.95
52.42422,-1.523259,158,0,3,183.09,20 / 21,1748710,2019-09-06 19:49:14:453,0.1435,-0.1789,9.8104,0,-0.0013,9.8066,0.0052,-0.0244,-0.0057,-3.87,-35.94,28.19,352.09,-85.74,-179.01
52.42422,-1.523259,158,0,3,183.09,20 / 21,1748809,2019-09-06 19:49:14:552,-0.0345,-0.0389,9.9086,-0.0011,0.0017,9.8066,0.0085,-0.009,-0.0108,-3.69,-35.75,28.06,352.23,-85.74,-178.89
52.42422,-1.523259,158,0,3,183.09,20 / 21,1748910,2019-09-06 19:49:14:653,-0.0189,0.0879,9.8583,0.0007,0.001,9.8066,-0.0003,-0.0183,0.0006,-3.87,-36.12,28.44,352.17,-85.75,-178.94
52.42422,-1.523259,158,0,3,183.09,20 / 21,1749010,2019-09-06 19:49:14:753,0.12,-0.0521,9.7503,-0.0008,0.0015,9.8066,-0.0043,0.012,-0.0054,-3.62,-36.25,28.25,352.21,-85.74,-178.91
52.42422,-1.523259,158,0,3,183.09,20 / 21,1749110,2019-09-06 19:49:14:853,-0.0541,0.0674,9.9324,-0.0001,-0.0019,9.8066,0.0031,0.0003,0.0103,-3.75,-35.56,28.19,352.17,-85.76,-178.95
52.42422,-1.523259,158,0,3,183.09,20 / 21,1749210,2019-09-06 19:49:14:953,0.0301,0.0335,9.9161,0.0002,-0.0038,9.8066,-0.0086,0.023,0.005,-4.12,-35.44,28.06,352.36,-85.74,-178.79
52.42422,-1.523259,158,0,3,183.09,20 / 21,1749309,2019-09-06 19:49:15:052,0.0165,-0.0224,9.7239,0,-0.0033,9.8066,-0.0011,-0.0084,-0.0034,-4.31,-35.31,28.38,352.38,-85.74,-178.77
52.42422,-1.523259,158,0,3,183.09,19 / 20,1749411,2019-09-06 19:49:15:154,-0.0326,-0.0686,9.8798,0.0009,0.0026,9.8066,0.002,-0.0074,-0.0014,-3.87,-35.25,28.19,352.49,-85.73,-178.67
52.42422,-1.523259,158,0,3,183.09,19 / 20,1749509,2019-09-06 19:49:15:252,0.0309,-0.0095,9.9136,-0.0001,0.0023,9.8066,-0.0124,-0.0211,-0.0072,-3.94,-35.75,28.31,352.32,-85.75,-178.81
52.42422,-1.523259,158,0,3,183.09,19 / 20,1749610,2019-09-06 19:49:15:353,-0.0036,-0.095,9.7172,0.0012,-0.0004,9.8066,-0.0033,0.0017,-0.0112,-3.94,-35.69,27.75,352.41,-85.74,-178.72
52.42422,-1.523259,158,0,3,183.09,19 / 20,1749710,2019-09-06 19:49:15:453,0.0004,-0.1646,9.8779,-0.0007,-0.0006,9.8066,0.0027,-0.0044,-0.0036,-3.94,-35.12,28.56,352.76,-85.75,-178.72
52.42422,-1.523259,158,0,3,183.09,19 / 20,1749810,2019-09-06 19:49:15:553,0.0366,-0.0811,9.8907,0.0007,0.0001,9.8066,0.0135,0.0114,0.0101,-3.56,-35.69,28.19,352.36,-85.74,-178.77
52.42422,-1.523259,158,0,3,183.09,19 / 20,1749910,2019-09-06 19:49:15:653,-0.1334,0.0543,9.7456,0.0001,-0.0045,9.8066,-0.0116,0.0269,0.0038,-3.81,-35.87,27.63,352.41,-85.73,-178.72
52.42422,-1.523259,158,0,3,183.09,19 / 20,1750010,2019-09-06 19:49:15:753,-0.0224,-0.0025,9.759,-0.001,0.0046,9.8066,0.011,0.0189,0.0155,-4.25,-36.56,28.13,352.43,-85.72,-178.68
52.42422,-1.523259,158,0,3,183.09,19 / 20,1750109,2019-09-06 19:49:15:852,0.1068,-0.2907,9.8084,-0.0015,0.0034,9.8066,-0.0134,0.0144,0.0053,-4.06,-35.75,28.06,352.55,-85.74,-178.6
52.42422,-1.523259,158,0,3,183.09,19 / 20,1750209,2019-09-06 19:49:15:952,-0.1242,0.0875,9.9647,0.0005,-0.0037,9.8066,-0.0118,-0.0021,0.0084,-3.75,-35.69,28.69,352.94,-85.71,-178.54
52.42422,-1.523259,158,0,3,183.09,19 / 20,1750310,2019-09-06 19:49:16:053,-0.0937,0.1054,9.8013,-0.0005,-0.0018,9.8066,0.0057,0.0047,-0.0062,-4.25,-35.87,27.69,352.73,-85.71,-178.43
52.42422,-1.523259,158,0,3,183.09,19 / 21,1750410,2019-09-06 19:49:16:153,-0.0427,-0.0884,9.7712,-0.0003,0.0012,9.8066,0.0008,-0.0222,0.0012,-3.94,-36,28.44,352.79,-85.73,-178.38
52.42422,-1.523259,158,0,3,183.09,19 / 21,1750509,2019-09-06 19:49:16:252,-0.0464,-0.1513,9.9217,-0.0016,0.0009,9.8066,-0.0054,-0.0105,-0.0114,-3.75,-36.25,27.88,353.01,-85.72,-178.18
52.42422,-1.523259,158,0,3,183.09,19 / 21,1750610,2019-09-06 19:49:16:353,-0.0116,0.0917,9.8433,-0.0006,0.0013,9.8066,-0.0121,-0.0252,-0.0065,-3.87,-36.06,28.5,353.41,-85.73,-178.12
52.42422,-1.523259,158,0,3,183.09,19 / 21,1750710,2019-09-06 19:49:16:453,-0.1334,-0.002,9.8687,0.0015,-0.0006,9.8066,0.0199,-0.0048,0.0025,-3.19,-36.25,28.19,355.27,-85.74,-178.15
52.42422,-1.523259,158,0,3,183.09,19 / 21,1750810,2019-09-06 19:49:16:553,0.083,-0.1807,9.8975,0.0007,-0.0034,9.8066,0.0021,0.0062,0.0035,-3.81,-36.12,28.13,352.84,-85.73,-178.33
52.42422,-1.523259,158,0,3,183.09,19 / 21,1750909,2019-09-06 19:49:16:652,-0.0188,-0.0279,9.9235,0.0011,-0.0004,9.8066,0.0083,0.0104,0.0099,-3.62,-36.37,28.06,352.76,-85.73,-178.41
52.42422,-1.523259,158,0,3,183.09,19 / 21,1751009,2019-09-06 19:49:16:752,-0.1056,0.1601,9.9383,-0.0016,0.0007,9.8066,-0.0191,0.0149,-0.0028,-4.06,-36.31,28.25,352.91,-85.73,-178.27
52.42422,-1.523259,158,0,3,183.09,19 / 21,1751110,2019-09-06 19:49:16:853,0.0657,-0.1055,9.8156,-0.0005,0.0026,9.8066,-0.0007,-0.0066,0.0082,-3.94,-35.56,27.88,352.81,-85.74,-178.37
52.42422,-1.523259,158,0,3,183.09,19 / 21,1751210,2019-09-06 19:49:16:953,0.0893,-0.0455,9.899,-0.0004,-0.0013,9.8066,-0.0127,-0.0138,-0.006,-4.06,-35.75,28.19,352.77,-85.73,-178.4
52.42422,-1.523259,158,0,3,183.09,19 / 21,1751310,2019-09-06 19:49:17:053,-0.0454,0.0454,9.9617,-0.0001,-0.0002,9.8066,0.0146,-0.0328,-0.0022,-3.81,-35.56,28.13,352.9,-85.73,-178.28
52.42422,-1.523259,158,0,3,183.09,19 / 22,1751409,2019-09-06 19:49:17:152,0.0817,-0.1298,9.89,-0.0014,-0.0008,9.8066,0.008,-0.0068,-0.0126,-3.81,-35.62,28.25,352.96,-85.73,-178.22
52.42422,-1.523259,158,0,3,183.09,19 / 22,1751510,2019-09-06 19:49:17:253,0.0079,0.0936,9.9145,0.0001,-0.0005,9.8066,0.0035,-0.0087,0.0114,-3.81,-36.19,28.38,352.87,-85.73,-178.3
52.42422,-1.523259,158,0,3,183.09,19 / 22,1751609,2019-09-06 19:49:17:352,0.0127,0.0082,9.7278,0.0002,0.0009,9.8066,-0.0031,0.0216,-0.0001,-3.5,-35.87,27.63,355.17,-85.72,-178.24
52.42422,-1.523259,158,0,3,183.09,19 / 22,1751709,2019-09-06 19:49:17:452,0.0415,-0.1619,9.7692,-0.0008,0.0009,9.8066,-0.0129,0.0095,0.0123,-4.25,-35.75,27.94,353.03,-85.72,-178.16
52.42422,-1.523259,158,0,3,183.09,19 / 22,1751810,2019-09-06 19:49:17:553,0.0936,-0.1105,9.9017,0.0005,-0.0014,9.8066,-0.003,0.0145,0.0074,-3.69,-35.81,28.06,353.01,-85.72,-178.18
52.42422,-1.523259,158,0,3,183.09,19 / 22,1751910,2019-09-06 19:49:17:653,-0.1299,0.0771,9.786,0.0017,-0.0035,9.8066,0.0026,-0.014,0.0062,-3.81,-35.94,27.94,352.89,-85.7,-178.28
52.42422,-1.523259,158,0,3,183.09,19 / 22,1752009,2019-09-06 19:49:17:752,0.0978,-0.0664,9.7952,-0.0008,0.0035,9.8066,0.0053,0.0002,-0.01,-3.94,-36,27.94,353.08,-85.72,-178.12
52.42422,-1.523259,158,0,3,183.09,19 / 22,1752110,2019-09-06 19:49:17:853,0.1062,-0.2303,9.8595,-0.0002,0.003,9.8066,-0.0042,-0.0235,-0.0091,-4.25,-35.94,28.56,353.29,-85.72,-178.22
52.42422,-1.523259,158,0,3,183.09,19 / 22,1752210,2019-09-06 19:49:17:953,-0.1361,0.108,9.9101,0.0002,-0.0003,9.8066,-0.0013,-0.0197,-0.008,-3.81,-35.94,28.06,353.11,-85.71,-178.09
52.42422,-1.523259,158,0,3,183.09,19 / 22,1752309,2019-09-06 19:49:18:052,0.0079,0.0066,9.8086,0.0013,-0.0019,9.8066,0.0052,0.0044,-0.0017,-3.69,-36,28.25,352.98,-85.7,-178.2
52.42422,-1.523259,158,0,3,183.09,19 / 21,1752411,2019-09-06 19:49:18:154,0.0558,-0.1328,9.9274,0.0004,-0.0004,9.8066,0.014,0.0076,0.0083,-3.87,-35.75,27.94,353.08,-85.71,-178.12
52.42422,-1.523259,158,0,3,183.09,19 / 21,1752509,2019-09-06 19:49:18:252,-0.1518,0.0385,9.7546,-0.0007,-0.0039,9.8066,-0.0113,0.0279,-0.002,-4.06,-36.19,28,353.12,-85.69,-178.08
52.42422,-1.523259,158,0,3,183.09,19 / 21,1752609,2019-09-06 19:49:18:352,-0.0212,-0.129,9.8562,-0.0002,0.0033,9.8066,0.0052,0.0012,0.0167,-4.19,-36.12,27.94,353.08,-85.71,-178.11
52.42422,-1.523259,158,0,3,183.09,19 / 21,1752710,2019-09-06 19:49:18:453,0.0736,-0.2335,9.8736,-0.0001,-0.002,9.8066,-0.0178,-0.0021,-0.0047,-3.75,-35.62,28.69,353.54,-85.7,-178
52.42422,-1.523259,158,0,3,183.09,19 / 21,1752809,2019-09-06 19:49:18:552,-0.0856,0.0741,9.812,0.0013,-0.0017,9.8066,-0.0026,-0.0125,-0.0065,-3.75,-35.87,28.38,353.16,-85.7,-178.04
52.42422,-1.523259,158,0,3,183.09,19 / 21,1752909,2019-09-06 19:49:18:652,-0.0454,-0.0385,9.8612,0.0017,-0.0015,9.8065,0.0098,-0.0133,-0.0068,-4.25,-36.25,28.31,352.98,-85.7,-178.2
52.42422,-1.523259,158,0,3,183.09,19 / 21,1753010,2019-09-06 19:49:18:753,0.0961,-0.2159,9.8788,0.0007,0.0008,9.8066,0.0153,-0.0013,0.0005,-4,-35.94,28.31,353.13,-85.71,-178.07
52.42422,-1.523259,158,0,3,183.09,19 / 21,1753110,2019-09-06 19:49:18:853,-0.1147,0.0514,9.8937,-0.0001,-0.0005,9.8066,-0.0013,0.0125,0.0044,-3.62,-35.56,28.06,353.06,-85.7,-178.13
52.42422,-1.523259,158,0,3,183.09,19 / 21,1753209,2019-09-06 19:49:18:952,-0.05,0.0402,9.8279,0,-0.0005,9.8066,0.0016,0.0105,0.0053,-3.75,-35.62,28.38,353.15,-85.7,-178.05
52.42422,-1.523259,158,0,3,183.09,19 / 21,1753309,2019-09-06 19:49:19:052,0.0969,-0.2392,9.8789,-0.0009,0.0014,9.8066,-0.0031,0.0063,0.0054,-3.56,-35.56,27.69,353.17,-85.69,-178.03
52.42422,-1.523259,158,0,3,183.09,19 / 21,1753410,2019-09-06 19:49:19:153,-0.1458,0.0994,9.9216,-0.0001,-0.0019,9.8066,-0.0097,-0.0073,0.0066,-3.5,-36.12,27.88,355.39,-85.69,-178.04
52.42422,-1.523259,158,0,3,183.09,19 / 21,1753510,2019-09-06 19:49:19:253,-0.0539,0.08,9.7861,-0.0005,-0.002,9.8065,0.0147,-0.017,-0.0125,-3.25,-35.62,28.06,355.56,-85.68,-177.89
52.42422,-1.523259,158,0,3,183.09,19 / 21,1753610,2019-09-06 19:49:19:353,0.0561,-0.2054,9.791,0.0008,0.0015,9.8065,0.0166,-0.0235,-0.0022,-4.12,-35.69,28.06,353.24,-85.7,-177.97
52.42422,-1.523259,158,0,3,183.09,19 / 21,1753710,2019-09-06 19:49:19:453,-0.1261,0.0026,9.939,0.0002,-0.0003,9.8066,-0.001,0.0073,-0.0039,-3.87,-35.94,28.19,353.35,-85.7,-177.87
52.42422,-1.523259,158,0,3,183.09,19 / 21,1753809,2019-09-06 19:49:19:552,-0.016,0.1066,9.8321,0.0001,-0.0001,9.8066,0.0058,-0.0048,0.0072,-4.37,-35.69,28.06,353.24,-85.71,-177.97
52.42422,-1.523259,158,0,3,183.09,19 / 21,1753910,2019-09-06 19:49:19:653,-0.0267,-0.3069,9.7474,-0.0003,-0.0004,9.8066,-0.0064,0.0154,0.0101,-3.81,-35.62,27.94,353.31,-85.69,-177.91
52.42422,-1.523259,158,0,3,183.09,19 / 21,1754010,2019-09-06 19:49:19:753,-0.0673,-0.011,9.9776,0.0007,-0.0056,9.8066,-0.0169,-0.001,0.0098,-4.56,-36,28.38,350.94,-85.71,-178.05
52.42422,-1.523259,158,0,3,183.09,19 / 21,1754109,2019-09-06 19:49:19:852,-0.0612,0.2178,9.8357,0.0011,-0.0047,9.8066,0.015,0.0027,0.005,-4.06,-35.75,28.69,353.5,-85.67,-178.03
52.42422,-1.523259,158,0,3,183.09,19 / 21,1754209,2019-09-06 19:49:19:952,-0.0689,-0.1102,9.7811,-0.0011,0.0037,9.8066,0.0112,-0.0214,-0.0029,-3.5,-35.94,28.63,355.83,-85.7,-177.86
52.42422,-1.523259,158,0,3,183.09,19 / 21,1754309,2019-09-06 19:49:20:052,-0.011,-0.0219,9.9707,-0.0007,0.0047,9.8066,0.0128,-0.0154,-0.0058,-4.19,-36.06,28.88,353.74,-85.69,-177.82
52.42422,-1.523259,158,0,3,183.09,18 / 20,1754410,2019-09-06 19:49:20:153,0.0256,-0.0635,9.9182,-0.0005,-0.0028,9.8066,-0.0067,-0.0115,-0.0032,-3.75,-35.56,28.63,353.77,-85.68,-177.79
52.42422,-1.523259,158,0,3,183.09,18 / 20,1754510,2019-09-06 19:49:20:253,0.0864,0.0446,9.9607,0.0016,0.001,9.8066,0.0188,0.014,0.0113,-3.87,-36.69,28.38,353.37,-85.68,-177.83
52.42422,-1.523259,158,0,3,183.09,18 / 20,1754610,2019-09-06 19:49:20:353,-0.1946,-0.0103,9.8576,0.0005,-0.0021,9.8066,-0.0028,-0.0027,0.0113,-4.06,-35.87,27.88,353.22,-85.67,-177.98
52.42422,-1.523259,158,0,3,183.09,18 / 20,1754710,2019-09-06 19:49:20:453,-0.0312,-0.0018,9.8104,-0.0004,-0.0046,9.8066,0.0069,-0.0034,0.0018,-3.94,-35.62,27.88,353.49,-85.65,-177.73
52.42422,-1.523259,158,0,3,183.09,18 / 20,1754809,2019-09-06 19:49:20:552,0.092,0.1309,9.9702,-0.0012,0.0028,9.8066,0.0114,-0.0193,-0.0013,-4.12,-35.44,28.19,353.42,-85.68,-177.82
52.42422,-1.523259,158,0,3,183.09,18 / 20,1754909,2019-09-06 19:49:20:652,0.0486,-0.1154,9.8441,-0.0004,0.0029,9.8066,0.0013,-0.006,-0.0045,-3.75,-35.62,28.44,353.46,-85.67,-177.76
52.42422,-1.523259,158,0,3,183.09,18 / 20,1755010,2019-09-06 19:49:20:753,0.0203,-0.0332,9.914,0,-0.0026,9.8066,-0.0138,-0.0076,0.0005,-3.75,-35.94,27.75,353.29,-85.68,-177.92
52.42422,-1.523259,158,0,3,183.09,18 / 20,1755110,2019-09-06 19:49:20:853,-0.0571,-0.1072,9.9917,-0.0005,0.0021,9.8066,0.0184,0.014,0.0021,-3.87,-35.94,28.13,353.32,-85.67,-177.89
52.42422,-1.523259,158,0,3,183.09,18 / 20,1755209,2019-09-06 19:49:20:952,0.1411,-0.4021,9.792,0.0009,-0.0066,9.8066,-0.017,0.0021,0.0146,-3.69,-35.87,27.88,353.11,-85.63,-178.07
52.42422,-1.523259,158,0,3,183.09,18 / 20,1755310,2019-09-06 19:49:21:053,0.1125,-0.6336,9.754,0.0029,-0.0111,9.8066,0.0186,-0.0078,0.0239,-4.37,-35.81,27.88,353.1,-85.58,-178.08
52.42422,-1.523259,158,0,3,183.09,18 / 20,1755410,2019-09-06 19:49:21:153,0.1444,0.0899,10.0653,-0.0008,-0.0009,9.8066,-0.0151,0.0167,-0.0182,-3.87,-35.81,28.38,353.33,-85.57,-177.86
52.42422,-1.523259,158,0,3,183.09,18 / 20,1755510,2019-09-06 19:49:21:253,0.2786,-0.7407,9.7515,0.0011,0.0076,9.8066,-0.0136,0.0062,0.0164,-3.5,-35.75,28.19,355.17,-85.56,-178.22
52.42422,-1.523259,158,0,3,183.09,18 / 20,1755610,2019-09-06 19:49:21:353,0.2531,-0.2639,9.9327,-0.001,-0.0018,9.8066,0.0046,0.0028,0.0075,-3.94,-35.94,28.81,353.02,-85.55,-178.44
52.42422,-1.523259,158,0,3,183.09,18 / 20,1755709,2019-09-06 19:49:21:452,0.1678,-0.7912,9.8131,0.0018,-0.0014,9.8066,0.018,0.0231,-0.0082,-3.62,-35.81,28.63,353.2,-85.54,-178.27
52.42422,-1.523259,158,0,3,183.09,18 / 20,1755810,2019-09-06 19:49:21:553,0.0954,-0.5325,9.8281,0.0009,-0.0058,9.8066,0.0107,0.0191,0.0109,-3.69,-34.81,28,352.53,-85.48,-178.59
52.42422,-1.523259,158,0,3,183.09,18 / 20,1755910,2019-09-06 19:49:21:653,0.2003,-1.3883,9.7786,0.0016,-0.0071,9.8066,0.011,0.0475,-0.0229,-4,-35.56,28.13,352.42,-85.43,-178.66
52.42422,-1.523259,158,0,3,183.09,18 / 20,1756009,2019-09-06 19:49:21:752,0.3123,-0.5609,9.8311,0.0056,-0.0073,9.8066,-0.0048,0.0244,-0.0099,-3.19,-35.31,28.63,354.31,-85.32,-179.21
52.42422,-1.523259,158,0,3,183.09,18 / 20,1756109,2019-09-06 19:49:21:852,0.2698,-1.1624,9.7921,0.0048,-0.0113,9.8066,0.0369,0.0531,-0.0227,-4.12,-35.94,27.94,351.13,-85.2,-179.77
52.42422,-1.523259,158,0,3,183.09,18 / 20,1756210,2019-09-06 19:49:21:953,0.4796,-1.542,9.7568,0.0049,-0.0125,9.8066,0.0113,0.0691,-0.0032,-4,-35.87,28.75,351.15,-85.1,179.96
52.42422,-1.523259,158,0,3,183.09,18 / 20,1756310,2019-09-06 19:49:22:053,0.7792,-2.8458,9.6444,0.0029,-0.0078,9.8065,0.011,0.0639,0.0055,-4.19,-35.87,28.38,350.34,-84.96,179.58
52.42422,-1.523259,158,0,3,183.09,19 / 21,1756409,2019-09-06 19:49:22:152,0.6121,-1.6202,9.6556,0.0015,0.0009,9.8066,0.0108,0.1005,-0.028,-3.44,-35.62,29.31,352.66,-84.9,179.4
52.42422,-1.523259,158,0,3,183.09,19 / 21,1756510,2019-09-06 19:49:22:253,0.8024,-1.6305,9.5854,0.0032,0.002,9.8066,-0.0021,0.0638,0.0004,-4.5,-34.94,28.94,350.03,-84.86,178.99
52.42422,-1.523259,158,0,3,183.09,19 / 21,1756611,2019-09-06 19:49:22:354,1.023,-2.4688,9.6869,-0.0002,0.0001,9.8066,0.0169,0.0716,-0.0273,-4.5,-35.25,28.56,350.05,-84.82,179.02
52.42422,-1.523259,158,0,3,183.09,19 / 21,1756710,2019-09-06 19:49:22:453,0.4628,-1.6001,10.1073,0.0024,-0.0145,9.8066,0.0019,0.0926,-0.0031,-4.87,-35.75,29.13,347.77,-84.81,178.94
52.42422,-1.523259,158,0,3,183.09,19 / 21,1756810,2019-09-06 19:49:22:553,0.981,-2.9908,9.9274,0.0018,-0.0105,9.8066,-0.0213,0.0894,-0.0035,-4.69,-35.56,29.88,348.23,-84.67,179.03
52.42422,-1.523259,158,0,3,183.09,19 / 21,1756910,2019-09-06 19:49:22:653,0.8818,-1.7325,9.6249,-0.0009,-0.0116,9.8066,0.017,0.1136,0.0307,-4.37,-35.56,29.94,350.83,-84.65,179.48
52.42422,-1.523259,158,0,3,183.09,19 / 21,1757010,2019-09-06 19:49:22:753,0.1546,-1.9698,9.4942,-0.0011,0.0016,9.8066,0.0371,0.0944,0.0156,-5.06,-35.81,30.75,349.24,-84.63,179.59
52.42422,-1.523259,158,0,3,183.09,19 / 21,1757110,2019-09-06 19:49:22:853,0.4586,-2.0922,9.9434,-0.0043,-0.0036,9.8066,-0.0251,0.1055,0.0117,-5.44,-36.37,30.81,350,-84.54,-179.71
52.42422,-1.523259,158,0,3,183.09,19 / 21,1757209,2019-09-06 19:49:22:952,1.2185,-3.3092,10.3225,0.0077,-0.0222,9.8066,-0.0114,0.0677,0.0123,-5.44,-36.12,30.19,349.93,-84.46,-179.41
52.42422,-1.523259,158,0,3,183.09,19 / 21,1757310,2019-09-06 19:49:23:053,0.8744,-2.3803,9.9293,0.003,-0.0123,9.8066,-0.0029,0.0277,0.0174,-5.31,-35.69,30.75,349.76,-84.33,-179.88
52.42422,-1.523259,158,0,3,183.09,19 / 22,1757410,2019-09-06 19:49:23:153,0.9909,-2.285,9.5849,-0.0036,-0.007,9.8066,-0.0679,0.1097,-0.0141,-4.94,-35.5,31.06,350.06,-84.31,-179.64
52.42422,-1.523259,158,0,3,183.09,19 / 22,1757509,2019-09-06 19:49:23:252,0.7954,-1.7209,9.5536,-0.0014,-0.0116,9.8066,0.0682,0.0903,0.0032,-4.94,-35.44,31.25,350.36,-84.31,-179.37
52.42422,-1.523259,158,0,3,183.09,19 / 22,1757610,2019-09-06 19:49:23:353,0.6728,-2.503,9.9479,-0.0027,0.0071,9.8066,0.059,0.0724,0.0151,-4.75,-35.5,30.81,350.51,-84.33,-179.24
52.42422,-1.523259,158,0,3,183.09,19 / 22,1757709,2019-09-06 19:49:23:452,0.3409,-1.4236,9.7971,-0.0064,0.0047,9.8066,-0.0643,0.0766,-0.0301,-4.69,-35.19,31.13,351.31,-84.29,-178.53
52.42422,-1.523259,158,0,3,183.09,19 / 22,1757809,2019-09-06 19:49:23:552,0.5959,-1.9977,9.6037,0.0106,-0.0007,9.8066,-0.0314,0.0485,0.0014,-5,-34.06,30.75,351.53,-84.31,-178.36
52.42422,-1.523259,158,0,3,183.09,19 / 22,1757910,2019-09-06 19:49:23:653,0.8113,-1.4823,9.7005,-0.0046,0.0097,9.8066,0.0388,0.1407,-0.0508,-4.19,-33.69,31.19,352.77,-84.33,-179.07
52.42422,-1.523259,158,0,3,183.09,19 / 22,1758009,2019-09-06 19:49:23:752,0.4248,-2.208,9.8024,0.0047,0.0174,9.8066,0.0841,0.0431,0.0695,-4.25,-33.56,31,352.31,-84.4,-179.49
52.42422,-1.523259,158,0,3,183.09,19 / 22,1758109,2019-09-06 19:49:23:852,0.6733,-0.7491,10.384,-0.0209,-0.0142,9.8066,-0.0057,0.0554,0.0222,-4.56,-33.19,30.69,352.21,-84.22,-177.76
52.42422,-1.523259,158,0,3,183.09,19 / 22,1758210,2019-09-06 19:49:23:953,-1.006,-1.4083,10.153,0.0198,0.0014,9.8066,-0.0675,0.1308,-0.0586,-5.12,-33.69,29.75,353.52,-84.1,-176.24
52.42422,-1.523259,158,0,3,183.09,19 / 22,1758310,2019-09-06 19:49:24:053,1.3071,-1.9247,8.8098,0.0053,-0.0101,9.8066,0.0468,0.0349,0.0574,-4,-32.87,30.94,353.48,-84.15,-178.43
52.42422,-1.523259,158,0,3,183.09,21 / 22,1758410,2019-09-06 19:49:24:153,1.0498,-1.3708,9.9998,0.0065,0.0291,9.8065,-0.0907,0.0789,-0.0444,-4.06,-33.69,30.88,355.09,-84.17,-176.99
52.42422,-1.523259,158,0,3,183.09,21 / 22,1758510,2019-09-06 19:49:24:253,0.417,-1.4663,9.5526,0.0016,0.001,9.8066,-0.1006,0.0246,0.016,-4.37,-33.44,29.13,353.07,-84.43,-178.28
52.42422,-1.523259,158,0,3,183.09,21 / 22,1758609,2019-09-06 19:49:24:352,0.3646,-1.452,9.8548,-0.0295,0.0309,9.8065,0.0795,-0.0445,-0.0033,-4.31,-33.81,29.63,356.18,-84.68,-175.81
52.42422,-1.523259,158,0,3,183.09,21 / 22,1758710,2019-09-06 19:49:24:453,0.5205,-1.7144,9.6189,0.0155,0.05,9.8065,0.0968,-0.0087,-0.01,-3.94,-34.06,30.19,355.86,-84.92,-176.11
52.42422,-1.523259,158,0,3,183.09,21 / 22,1758810,2019-09-06 19:49:24:553,0.28,-1.272,9.7074,0.0048,-0.0094,9.8066,-0.1206,0.0349,-0.0558,-4.62,-34,29.63,351.47,-85.02,-178.21
52.42422,-1.523259,158,0,3,183.09,21 / 22,1758909,2019-09-06 19:49:24:652,1.1193,-1.496,9.7158,0.017,-0.007,9.8066,-0.0744,0.0341,-0.021,-4.56,-33.19,29.94,350.25,-85.13,-179.36
52.42422,-1.523259,158,0,3,183.09,21 / 22,1759010,2019-09-06 19:49:24:753,0.4507,-0.6756,9.981,-0.0041,0.004,9.8066,0.0247,0.0476,0.0135,-4.75,-33.56,29.75,349.68,-85.17,-179.85
52.42422,-1.523259,158,0,3,183.09,21 / 22,1759110,2019-09-06 19:49:24:853,0.8473,-0.3669,9.9553,0.0105,0.0123,9.8066,-0.0489,0.0639,-0.0642,-5.56,-33.5,28.94,346.88,-85.22,179.82
52.42422,-1.523259,158,0,3,183.09,21 / 22,1759209,2019-09-06 19:49:24:952,0.5651,0.0643,9.7155,0.0054,0.0206,9.8066,0.0529,0.0754,-0.0196,-5.37,-33.19,29.19,346.01,-85.33,177.1
52.42422,-1.523259,158,0,3,183.09,21 / 22,1759310,2019-09-06 19:49:25:053,1.2525,-0.3629,9.2419,0.0073,0.0094,9.8066,0.0803,0.073,-0.0026,-5.5,-33.69,29.31,344.69,-85.25,175.97
52.424103,-1.523235,157.69,6.4,3,168.73,20 / 21,1759410,2019-09-06 19:49:25:153,0.8975,-0.4148,10.4991,-0.0013,0.0129,9.8066,-0.0044,0.0688,0.0004,-6.12,-33.19,29.19,341.67,-85.1,175.13
52.424103,-1.523235,157.69,6.4,3,168.73,20 / 21,1759510,2019-09-06 19:49:25:253,1.0916,-0.6536,10.3339,0.0005,0.0184,9.8066,0.059,0.1103,0.0095,-5.81,-33.06,29.5,341.26,-85.18,174.3
52.424103,-1.523235,157.69,6.4,3,168.73,20 / 21,1759610,2019-09-06 19:49:25:353,0.1591,-0.2547,10.1503,-0.0009,-0.0347,9.8065,-0.0225,0.107,-0.0008,-6.25,-33.37,29.44,342.41,-84.92,175.87
52.424103,-1.523235,157.69,6.4,3,168.73,20 / 21,1759710,2019-09-06 19:49:25:453,1.128,-0.1317,9.1493,0.0055,-0.0228,9.8065,-0.0467,0.1355,-0.0378,-6.75,-32.75,28.69,340.48,-84.85,176.02
52.424103,-1.523235,157.69,6.4,3,168.73,20 / 21,1759810,2019-09-06 19:49:25:553,1.1118,-1.1112,9.102,0.0019,-0.0103,9.8066,-0.0592,0.0908,0.0057,-6.44,-33.31,28.69,342.79,-84.72,176.29
52.424103,-1.523235,157.69,6.4,3,168.73,20 / 21,1759909,2019-09-06 19:49:25:652,0.3676,-0.0683,9.909,0.0085,-0.0131,9.8066,-0.1022,0.117,-0.0342,-6.75,-33.25,28.63,339.78,-84.83,175.4
52.424103,-1.523235,157.69,6.4,3,168.73,20 / 21,1760009,2019-09-06 19:49:25:752,0.8788,0.5809,10.4183,0.001,0.0316,9.8066,0.0379,0.0993,-0.0463,-6.87,-33.31,28.44,338.48,-85.08,174.65
52.424103,-1.523235,157.69,6.4,3,168.73,20 / 21,1760110,2019-09-06 19:49:25:853,1.1085,0.298,9.9035,0.0092,0.0041,9.8066,0.0777,0.0899,-0.0287,-6.81,-33.12,28.63,336.36,-85.24,172.11
52.424103,-1.523235,157.69,6.4,3,168.73,20 / 21,1760215,2019-09-06 19:49:25:958,0.9606,-1.2287,10.0841,0.0115,-0.0345,9.8065,0.0217,0.0906,-0.0276,-7.44,-33.37,28.63,337.13,-84.79,173.03
52.424103,-1.523235,157.69,6.4,3,168.73,20 / 21,1760309,2019-09-06 19:49:26:052,1.3603,-0.214,9.8456,0.0154,-0.0234,9.8065,0.0342,0.1314,-0.0356,-7.44,-33.06,29.13,336.61,-84.49,172.69
52.424103,-1.523235,157.69,6.4,3,168.73,21 / 22,1760411,2019-09-06 19:49:26:154,0.8417,-0.3004,10.222,0.0141,-0.0359,9.8066,0.0327,0.1118,-0.0063,-7.12,-33.12,28.88,335.27,-84.08,171.69
52.424103,-1.523235,157.69,6.4,3,168.73,21 / 22,1760510,2019-09-06 19:49:26:253,0.9952,0.1066,9.334,-0.0185,0.0037,9.8066,-0.0343,0.1582,0.0421,-7.94,-33,29.13,334.57,-83.97,172.95
52.424103,-1.523235,157.69,6.4,3,168.73,21 / 22,1760609,2019-09-06 19:49:26:352,0.7129,0.5214,9.5696,-0.034,-0.0033,9.8066,0.0117,0.0795,0.0595,-7.81,-33.25,29,339.1,-84.06,176.94
52.424103,-1.523235,157.69,6.4,3,168.73,21 / 22,1760709,2019-09-06 19:49:26:452,0.2541,-0.0411,10.0656,-0.0145,0.0071,9.8066,0.009,0.1353,-0.0183,-8.75,-33.56,28.19,341.86,-83.94,-178.05
52.424103,-1.523235,157.69,6.4,3,168.73,21 / 22,1760810,2019-09-06 19:49:26:553,0.7972,-0.3526,9.8447,-0.0105,0.0044,9.8066,0.0322,0.1315,0.0094,-8.87,-33.69,29,343,-83.83,-177.65
52.424103,-1.523235,157.69,6.4,3,168.73,21 / 22,1760910,2019-09-06 19:49:26:653,0.7345,0.0092,10.0017,-0.0084,-0.0268,9.8066,0.0441,0.1031,0.0383,-9.75,-33.31,29.19,343.29,-83.51,-175.57
52.424103,-1.523235,157.69,6.4,3,168.73,21 / 22,1761010,2019-09-06 19:49:26:753,0.6929,-0.9591,9.9402,-0.0058,-0.0199,9.8066,-0.0265,0.1362,0.045,-9.44,-33.31,29.38,347.3,-83.31,-173.78
52.424103,-1.523235,157.69,6.4,3,168.73,21 / 22,1761109,2019-09-06 19:49:26:852,0.5196,-0.7391,10.4072,-0.0115,-0.0371,9.8066,-0.0256,0.0867,0.0331,-9.94,-33.25,29.38,347.55,-83.15,-171.75
52.424103,-1.523235,157.69,6.4,3,168.73,21 / 22,1761209,2019-09-06 19:49:26:952,0.4365,0.7214,10.0523,0.002,-0.0243,9.8066,0.0531,0.0827,0.0244,-11.25,-32.75,29.06,347.85,-82.85,-169.69
52.424103,-1.523235,157.69,6.4,3,168.73,21 / 22,1761311,2019-09-06 19:49:27:054,0.702,-0.329,9.6624,0.0027,-0.0097,9.8065,0.004,0.0748,-0.0417,-10.5,-33.19,29.13,349.84,-82.8,-169.69
52.424103,-1.523235,157.69,6.4,3,168.73,20 / 21,1761409,2019-09-06 19:49:27:152,0.5945,0.1825,9.6889,0.0025,-0.0018,9.8066,0.0159,0.1067,0.0336,-11,-33.31,29.5,348.24,-82.75,-170.01
52.424103,-1.523235,157.69,6.4,3,168.73,20 / 21,1761510,2019-09-06 19:49:27:253,0.3659,-0.9809,9.7273,-0.0105,0.0156,9.8066,0.0089,0.0764,0.009,-11,-33,28.94,348.7,-82.84,-168.95
52.424103,-1.523235,157.69,6.4,3,168.73,20 / 21,1761610,2019-09-06 19:49:27:353,-0.3686,-0.5431,9.759,-0.0076,0.0189,9.8066,-0.0543,0.0624,-0.0419,-10.81,-32.75,28.5,349.05,-82.99,-168.68
52.424103,-1.523235,157.69,6.4,3,168.73,20 / 21,1761710,2019-09-06 19:49:27:453,0.1876,0.539,9.5928,-0.0053,0.0197,9.8066,0.017,-0.0173,0.0695,-11.56,-33.25,28,347.27,-83.11,-167.8
52.424103,-1.523235,157.69,6.4,3,168.73,20 / 21,1761809,2019-09-06 19:49:27:552,-0.5996,-0.9946,10.384,-0.0211,0.0082,9.8065,-0.0271,0.02,0.0155,-10.81,-32.94,28.38,351.05,-83.23,-166.29
52.424103,-1.523235,157.69,6.4,3,168.73,20 / 21,1761909,2019-09-06 19:49:27:652,0.268,-0.5574,10.2489,0.0064,-0.0251,9.8065,0.0306,0.049,-0.0227,-11.37,-32.81,28.75,352.36,-83.01,-165.83
52.424103,-1.523235,157.69,6.4,3,168.73,20 / 21,1762009,2019-09-06 19:49:27:752,-0.4897,0.2151,10.0025,0.0159,-0.0194,9.8066,0.0243,-0.0928,0.0226,-11.37,-32.56,28.75,351.48,-82.88,-166.56
52.424103,-1.523235,157.69,6.4,3,168.73,20 / 21,1762110,2019-09-06 19:49:27:853,-0.7806,0.0753,10.1455,-0.009,-0.0029,9.8066,-0.0165,-0.0792,0.0041,-11.69,-32.87,28.63,350.7,-82.6,-165.49
52.424103,-1.523235,157.69,6.4,3,168.73,20 / 21,1762210,2019-09-06 19:49:27:953,-1.214,-0.2186,9.8709,-0.0091,-0.0104,9.8066,0.066,-0.0979,0.0708,-11.56,-32.44,29.5,352.23,-82.43,-164.89
52.424103,-1.523235,157.69,6.4,3,168.73,20 / 21,1762310,2019-09-06 19:49:28:053,-2.0257,-1.2676,9.4157,-0.0077,-0.0085,9.8066,-0.0175,-0.1614,0.052,-11.19,-32.25,29.5,355.06,-82.23,-164.09
52.424103,-1.523235,157.69,6.4,3,168.73,20 / 21,1762409,2019-09-06 19:49:28:152,-2.5402,-0.5109,9.5226,0.0044,-0.0007,9.8066,-0.0069,-0.1682,-0.042,-11.31,-31.75,29.63,355.48,-82.24,-163.73
52.424103,-1.523235,157.69,6.4,3,168.73,20 / 21,1762510,2019-09-06 19:49:28:253,-1.6481,-1.0424,10.0808,0.0089,0.039,9.8065,0.0323,-0.1968,-0.0414,-10.25,-32.44,29.5,354.89,-82.65,-165.97
52.424103,-1.523235,157.69,6.4,3,168.73,20 / 21,1762610,2019-09-06 19:49:28:353,-1.456,-0.8324,9.816,0.0179,0.0436,9.8065,-0.1083,-0.2377,-0.0398,-10.5,-32.31,28.69,351.54,-82.9,-168.29
52.424103,-1.523235,157.69,6.4,3,168.73,20 / 21,1762710,2019-09-06 19:49:28:453,-1.6756,-0.3544,9.3915,0.0145,0.0201,9.8066,-0.0618,-0.2174,-0.0358,-9.5,-32.5,29.25,348.94,-83.26,-172.38
52.424103,-1.523235,157.69,6.4,3,168.73,20 / 21,1762810,2019-09-06 19:49:28:553,-2.3004,-0.8192,9.8707,0,0.0237,9.8066,-0.0666,-0.2502,0.0015,-8.94,-32.69,28.94,347.77,-83.43,-173.4
52.424103,-1.523235,157.69,6.4,3,168.73,20 / 21,1762910,2019-09-06 19:49:28:653,-1.0644,-0.3257,9.9336,0.0091,0.0061,9.8066,-0.0346,-0.2839,0.0013,-8.62,-32.25,28.81,346.78,-83.63,-174.36
52.424103,-1.523235,157.69,6.4,3,168.73,20 / 21,1763010,2019-09-06 19:49:28:753,-2.1464,-1.0752,9.4077,-0.001,-0.0032,9.8066,-0.0016,-0.297,0.0952,-7.56,-33.06,28.44,347.97,-83.67,-174.52
52.424103,-1.523235,157.69,6.4,3,168.73,20 / 21,1763110,2019-09-06 19:49:28:853,-1.6862,-0.2585,9.465,-0.0099,-0.0015,9.8066,-0.039,-0.2818,0.0574,-7.69,-33,28.56,350.7,-83.63,-172.7
52.424103,-1.523235,157.69,6.4,3,168.73,20 / 21,1763209,2019-09-06 19:49:28:952,-2.1335,-0.8718,10.4708,-0.0158,-0.0213,9.8066,0.0189,-0.3333,0.0618,-6.94,-33.5,29.69,355.08,-83.43,-171.15
52.424103,-1.523235,157.69,6.4,3,168.73,20 / 21,1763310,2019-09-06 19:49:29:053,-2.822,-0.63,10.3612,-0.0141,0.0137,9.8066,0.074,-0.3017,0.0736,-6.87,-33,29.25,356.4,-83.4,-169.55
52.424103,-1.523235,157.69,6.4,3,168.73,21 / 22,1763411,2019-09-06 19:49:29:154,-2.3951,-0.9359,9.8252,-0.0141,0.0139,9.8065,0.0295,-0.3056,0.0555,-6.12,-32.69,30.25,359.84,-83.25,-168.83
52.424103,-1.523235,157.69,6.4,3,168.73,21 / 22,1763509,2019-09-06 19:49:29:252,-2.6458,-1.1332,9.6947,0.0016,-0.027,9.8066,-0.0695,-0.3491,0.0483,-6.25,-32.25,29.88,0.17,-82.95,-168.55
52.424103,-1.523235,157.69,6.4,3,168.73,21 / 22,1763610,2019-09-06 19:49:29:353,-3.2424,-0.3228,9.4381,0.0158,-0.0214,9.8066,-0.0486,-0.33,0.0801,-5.25,-32.81,29.88,1.66,-82.78,-169.12
52.424103,-1.523235,157.69,6.4,3,168.73,21 / 22,1763709,2019-09-06 19:49:29:452,-1.1183,0.0695,9.413,-0.0295,0.0103,9.8065,-0.1612,-0.2667,0.0431,-5.69,-32.81,29.63,3.01,-82.86,-166.11
52.424103,-1.523235,157.69,6.4,3,168.73,21 / 22,1763809,2019-09-06 19:49:29:552,-2.4471,1.828,9.5653,-0.0028,-0.006,9.8066,-0.329,-0.2184,0.0332,-5.12,-32.25,29.38,5.6,-82.67,-165.44
52.424103,-1.523235,157.69,6.4,3,168.73,21 / 22,1763910,2019-09-06 19:49:29:653,-3.786,-0.8512,12.5216,-0.0125,0.0329,9.8065,0.426,-0.398,0.1248,-3.94,-32.31,30.13,7.85,-82.47,-165.71
52.424103,-1.523235,157.69,6.4,3,168.73,21 / 22,1764010,2019-09-06 19:49:29:753,-2.7314,-1.3673,11.4185,-0.0189,0.0225,9.8066,0.079,-0.4326,0.1927,-3.56,-31.56,30.81,8.88,-81.86,-165.14
52.424103,-1.523235,157.69,6.4,3,168.73,21 / 22,1764110,2019-09-06 19:49:29:853,-4.2401,0.0863,10.8579,-0.0231,-0.0555,9.8064,0.2138,-0.2817,0.0276,-3.31,-32.19,31.19,11.4,-81.01,-165.03
52.424103,-1.523235,157.69,6.4,3,168.73,21 / 22,1764210,2019-09-06 19:49:29:953,-3.6596,-0.7578,10.5178,-0.0126,-0.0072,9.8066,0.1586,-0.3952,0.0802,-2.62,-31.5,32.06,12.32,-80.29,-164.48
52.424103,-1.523235,157.69,6.4,3,168.73,21 / 22,1764310,2019-09-06 19:49:30:053,-3.5965,0.4341,10.9067,0.003,-0.0259,9.8066,-0.0812,-0.424,0.0422,-2.44,-32.69,31.25,14.62,-79.93,-164.59
52.424103,-1.523235,157.69,6.4,3,168.73,19 / 20,1764410,2019-09-06 19:49:30:153,-3.0665,1.9631,10.225,0.0051,-0.0102,9.8066,0.0693,-0.3669,0.1147,-1.75,-32.5,31,14.39,-79.93,-164.7
52.424103,-1.523235,157.69,6.4,3,168.73,19 / 20,1764509,2019-09-06 19:49:30:252,-3.4755,0.5523,9.8618,-0.0066,-0.0255,9.8066,0.0008,-0.3437,0.0565,-0.87,-32.81,31.56,16.24,-79.61,-165.21
52.424103,-1.523235,157.69,6.4,3,168.73,19 / 20,1764610,2019-09-06 19:49:30:353,-3.8451,0.1356,9.8268,0.0321,-0.0149,9.8065,0.2062,-0.3988,0.0572,0.06,-32.19,31.44,17.62,-79.17,-166.05
52.424103,-1.523235,157.69,6.4,3,168.73,19 / 20,1764710,2019-09-06 19:49:30:453,-2.9032,0.5767,9.7312,0.0156,0.0054,9.8065,0.1181,-0.3749,0.025,0.56,-32.06,31.63,17.12,-78.97,-168.2
52.424103,-1.523235,157.69,6.4,3,168.73,19 / 20,1764810,2019-09-06 19:49:30:553,-2.0001,-0.1812,9.9284,0.0014,0.0319,9.8066,-0.21,-0.4428,0.1205,1.06,-32.75,31.56,16.55,-79.03,-168.73
52.424103,-1.523235,157.69,6.4,3,168.73,19 / 20,1764910,2019-09-06 19:49:30:653,-3.4731,0.6987,9.8539,0.0019,-0.0097,9.8066,-0.1471,-0.3518,0.0457,1.31,-32.75,31.25,16.88,-79.16,-168.59
52.424103,-1.523235,157.69,6.4,3,168.73,19 / 20,1765010,2019-09-06 19:49:30:753,-2.0551,1.7501,9.5327,0.0123,-0.0028,9.8065,0.0524,-0.3982,0.0913,2.13,-32.44,30.81,18.35,-79.43,-169.05
52.424103,-1.523235,157.69,6.4,3,168.73,19 / 20,1765109,2019-09-06 19:49:30:852,-2.6717,1.4211,9.8432,0.003,0.012,9.8066,-0.0134,-0.3338,-0.0085,1.81,-32.69,30.81,18.23,-79.5,-169.22
52.424103,-1.523235,157.69,6.4,3,168.73,19 / 20,1765209,2019-09-06 19:49:30:952,-1.9314,-0.8372,10.3705,0.0132,-0.0002,9.8066,0.0155,-0.36,0.0373,3.06,-32.19,30.25,19.66,-79.31,-170.17
52.424103,-1.523235,157.69,6.4,3,168.73,19 / 20,1765310,2019-09-06 19:49:31:053,-3.5964,-0.5701,10.4766,0.0066,-0.0258,9.8065,0.0969,-0.3754,0.068,3.69,-32,29.88,20.97,-79.04,-171.1
52.424103,-1.523235,157.69,6.4,3,168.73,21 / 22,1765410,2019-09-06 19:49:31:153,-2.2803,-0.186,10.095,0.0145,-0.008,9.8066,0.0642,-0.3015,0.0152,4.69,-32.06,29.75,21.61,-78.73,-172.58
52.424103,-1.523235,157.69,6.4,3,168.73,21 / 22,1765509,2019-09-06 19:49:31:252,-2.5642,1.4071,10.1389,0.0096,-0.0024,9.8066,-0.1119,-0.2846,-0.0198,5.13,-32.25,28.69,21.39,-78.79,-173.19
52.424103,-1.523235,157.69,6.4,3,168.73,21 / 22,1765609,2019-09-06 19:49:31:352,-0.6548,0.2556,9.4035,0.0246,-0.0004,9.8066,-0.0776,-0.1601,-0.1088,5.19,-31.81,28.94,19.51,-78.89,-174.63
52.424103,-1.523235,157.69,6.4,3,168.73,21 / 22,1765710,2019-09-06 19:49:31:453,-1.5511,0.0889,10.0651,0.0192,-0.0194,9.8066,0.0481,-0.2093,0.0457,5.5,-31.94,28.31,19.5,-78.87,-177.07
52.424103,-1.523235,157.69,6.4,3,168.73,21 / 22,1765809,2019-09-06 19:49:31:552,-1.4155,0.5739,10.6717,0.0022,-0.0054,9.8066,0.1478,-0.1812,-0.0127,5.44,-31.81,28.56,15.78,-78.65,-177.64
52.424103,-1.523235,157.69,6.4,3,168.73,21 / 22,1765909,2019-09-06 19:49:31:652,-1.1773,-0.6783,10.5274,0.0096,0.0115,9.8066,-0.0295,-0.1627,0.0546,5.69,-31.75,27.69,18.52,-78.42,-178.02
52.424103,-1.523235,157.69,6.4,3,168.73,21 / 22,1766009,2019-09-06 19:49:31:752,-0.8397,0.6935,10.2828,-0.0126,-0.046,9.8065,-0.0988,-0.1427,-0.0084,6,-31.5,28,18.41,-77.93,-178.17
52.424103,-1.523235,157.69,6.4,3,168.73,21 / 22,1766109,2019-09-06 19:49:31:852,-1.1752,0.0177,9.0922,-0.0035,-0.0295,9.8066,0.1224,-0.084,0.0036,6.13,-32,28.13,18.31,-77.82,-178.43
52.424103,-1.523235,157.69,6.4,3,168.73,21 / 22,1766214,2019-09-06 19:49:31:957,-1.3762,-0.5034,8.6547,0.0168,0.0591,9.8064,0.1019,-0.0705,0.0241,5.81,-32.37,27.75,18.78,-77.84,-178.06
52.424103,-1.523235,157.69,6.4,3,168.73,21 / 22,1766309,2019-09-06 19:49:32:052,-1.399,-0.8819,9.2545,0.0181,0.0675,9.8064,0.0165,-0.073,0.0394,5.69,-32.25,27.69,18.47,-78.5,-178.03
52.424103,-1.523235,157.69,6.4,3,168.73,20 / 22,1766410,2019-09-06 19:49:32:153,-0.2091,0.0857,9.9116,-0.0088,0.0253,9.8065,-0.1261,-0.0362,-0.0375,6.5,-32.62,27.31,22.44,-79.19,-177.32
52.424103,-1.523235,157.69,6.4,3,168.73,20 / 22,1766509,2019-09-06 19:49:32:252,-0.0851,0.6214,9.8557,0.0148,0.0288,9.8065,-0.0389,-0.0646,0.0177,7.06,-32.87,26.94,22.16,-79.66,-177.31
52.424103,-1.523235,157.69,6.4,3,168.73,20 / 22,1766610,2019-09-06 19:49:32:353,-0.1726,-0.8669,9.8545,-0.01,-0.0227,9.8065,-0.0222,-0.0334,0.0305,6.81,-32.87,26.5,21.95,-79.62,-177.49
52.424103,-1.523235,157.69,6.4,3,168.73,20 / 22,1766710,2019-09-06 19:49:32:453,-1.2503,-0.7156,10.7895,-0.0305,-0.0546,9.8064,0.2998,0.0002,0.0492,7,-32.31,26,23.47,-79.23,-177.05
52.424103,-1.523235,157.69,6.4,3,168.73,20 / 22,1766810,2019-09-06 19:49:32:553,-0.7131,-1.5199,10.7017,-0.0127,0.0107,9.8066,0.1969,-0.0709,0.0408,6.69,-32.12,27.19,22.68,-78.86,-177.16
52.424103,-1.523235,157.69,6.4,3,168.73,20 / 22,1766910,2019-09-06 19:49:32:653,-1.1471,-2.0935,10.9467,0.0013,0.0321,9.8066,-0.0816,-0.1192,0.0947,7.19,-32.69,26.56,24.57,-78.77,-175.9
52.424103,-1.523235,157.69,6.4,3,168.73,20 / 22,1767010,2019-09-06 19:49:32:753,-0.4267,-0.2429,9.7807,-0.0115,-0.0092,9.8066,-0.0546,-0.006,-0.0721,6.88,-33.12,26.44,26.14,-78.77,-175.42
52.424103,-1.523235,157.69,6.4,3,168.73,20 / 22,1767110,2019-09-06 19:49:32:853,-0.5447,0.2195,9.7497,0.0111,0.0054,9.8066,-0.0868,-0.0645,0.0209,7.06,-33,26.56,24.82,-78.99,-175.58
52.424103,-1.523235,157.69,6.4,3,168.73,20 / 22,1767210,2019-09-06 19:49:32:953,-0.055,-1.0511,9.6003,0.0007,0.0036,9.8066,-0.0073,0.0272,-0.0415,6.69,-33.25,26.25,25.32,-79.07,-175.87
52.424103,-1.523235,157.69,6.4,3,168.73,21 / 22,1767309,2019-09-06 19:49:33:052,-0.6994,-0.6768,9.986,0.0004,0.0031,9.8066,0.0034,-0.0242,0.0162,6.31,-33.12,26.69,21.74,-79.02,-175.99
52.424103,-1.523235,157.69,6.4,3,168.73,21 / 22,1767410,2019-09-06 19:49:33:153,-0.5999,-0.2322,9.8456,-0.0099,0.0015,9.8066,-0.0291,-0.0225,-0.0237,7.19,-33.19,26.44,25.15,-79.04,-176.03
52.424103,-1.523235,157.69,6.4,3,168.73,21 / 22,1767509,2019-09-06 19:49:33:252,0.0769,-0.2108,10.0503,0.0037,0.0085,9.8066,-0.0666,-0.007,0.0295,7,-33,26.19,25.8,-79.05,-175.51
52.424103,-1.523235,157.69,6.4,3,168.73,21 / 22,1767610,2019-09-06 19:49:33:353,-0.568,-1.4178,10.6238,-0.0074,-0.0238,9.8066,-0.0318,-0.0842,0.0475,7.31,-32.94,26.06,25.9,-78.91,-175.52
52.424103,-1.523235,157.69,6.4,3,168.73,21 / 22,1767710,2019-09-06 19:49:33:453,-0.94,-0.4777,9.6969,-0.0104,-0.0388,9.8065,0.1529,0.0279,0.0232,7.38,-32.81,25.69,26,-78.67,-175.59
52.424103,-1.523235,157.69,6.4,3,168.73,21 / 22,1767810,2019-09-06 19:49:33:553,-1.0847,-1.7106,9.7114,-0.0074,-0.0012,9.8065,0.0784,-0.0558,0.0529,7.75,-32.69,25.81,28.12,-78.57,-176
52.424103,-1.523235,157.69,6.4,3,168.73,21 / 22,1767910,2019-09-06 19:49:33:653,0.0559,-0.2407,10.0135,-0.0091,-0.0196,9.8066,0.0558,0.0131,-0.0792,7.56,-33.12,26.5,27.66,-78.46,-175.6
52.424103,-1.523235,157.69,6.4,3,168.73,21 / 22,1768010,2019-09-06 19:49:33:753,-1.1144,-1.7378,10.5855,0.0228,0.0434,9.8065,0.2653,-0.0634,0.1279,7.19,-33.25,26.31,25.16,-78.44,-176.37
52.424103,-1.523235,157.69,6.4,3,168.73,21 / 22,1768110,2019-09-06 19:49:33:853,-1.3967,0.1456,10.9824,-0.0058,0.051,9.8065,-0.12,0.0989,-0.0775,6.94,-32.69,26.75,25.07,-78.54,-175.64
52.424103,-1.523235,157.69,6.4,3,168.73,21 / 22,1768210,2019-09-06 19:49:33:953,0.4802,-0.6047,10.459,-0.0222,-0.0734,9.8062,-0.1356,-0.0226,0.044,6.19,-33.12,26.69,22.02,-78.11,-176.24
52.424103,-1.523235,157.69,6.4,3,168.73,21 / 22,1768312,2019-09-06 19:49:34:055,-0.3056,-0.8364,9.2582,0.021,0.0539,9.8064,0.0962,-0.0318,-0.0005,6.88,-32.87,26.56,24.45,-78.04,-176.4
52.423508,-1.52339,156.21,10.55,3,223.37,21 / 22,1768409,2019-09-06 19:49:34:152,-0.3412,0.5589,9.9706,0.0066,0.0161,9.8065,-0.1212,0.0704,0.0215,7.19,-32.94,26.5,24.43,-78.1,-176.38
52.423508,-1.52339,156.21,10.55,3,223.37,21 / 22,1768510,2019-09-06 19:49:34:253,0.1242,-1.4265,10.1523,0.0283,0.0378,9.8065,0.0173,-0.0317,0.0976,7.31,-33.31,26.94,23.97,-78.58,-176.46
52.423508,-1.52339,156.21,10.55,3,223.37,21 / 22,1768609,2019-09-06 19:49:34:352,0.7885,-0.9451,10.0847,-0.0001,0.0291,9.8065,0.11,0.0857,-0.0345,7.25,-32.81,26.94,24.34,-78.84,-176.04
52.423508,-1.52339,156.21,10.55,3,223.37,21 / 22,1768709,2019-09-06 19:49:34:452,-0.0942,-0.7085,10.0551,0.0039,0.0459,9.8065,-0.2806,0.0626,-0.0204,7,-33.37,26.5,25.01,-79.02,-175.41
52.423508,-1.52339,156.21,10.55,3,223.37,21 / 22,1768810,2019-09-06 19:49:34:553,0.4023,0.7463,9.4392,-0.0288,-0.0361,9.8065,-0.1952,-0.0101,0.1206,6.75,-33.19,26.13,28.34,-78.78,-173.72
52.423508,-1.52339,156.21,10.55,3,223.37,21 / 22,1768910,2019-09-06 19:49:34:653,0.528,1.0392,10.0153,-0.0419,-0.0397,9.8065,0.1745,0.0775,-0.0197,6.81,-33.37,26.19,30.2,-78.72,-172.31
52.423508,-1.52339,156.21,10.55,3,223.37,21 / 22,1769009,2019-09-06 19:49:34:752,0.9626,0.5546,9.9876,-0.0125,0.011,9.8066,0.0655,0.0072,-0.0012,6.38,-33.69,26,28.81,-78.79,-171.53
52.423508,-1.52339,156.21,10.55,3,223.37,21 / 22,1769109,2019-09-06 19:49:34:852,0.1795,-0.2644,9.574,0.0009,0.0116,9.8066,-0.0194,0.0505,0.0397,6.56,-33,26.75,31.34,-78.76,-170.61
52.423508,-1.52339,156.21,10.55,3,223.37,21 / 22,1769210,2019-09-06 19:49:34:953,0.2229,0.4435,10.2399,-0.0129,-0.0136,9.8066,0.0527,-0.0217,0.028,6.19,-33.19,26.88,28.77,-78.66,-170.74
52.423508,-1.52339,156.21,10.55,3,223.37,21 / 22,1769309,2019-09-06 19:49:35:052,1.8716,-1.6997,9.8197,0.0169,0.0072,9.8066,-0.0304,0.178,-0.1293,6.56,-32.87,26.63,30.76,-78.71,-171.1
52.423508,-1.52339,156.21,10.55,3,223.37,21 / 22,1769410,2019-09-06 19:49:35:153,-0.0831,-1.3641,9.5924,-0.0027,-0.01,9.8066,0.1271,-0.0162,0.0229,6.81,-33.06,26.81,30.25,-78.56,-171.61
52.423508,-1.52339,156.21,10.55,3,223.37,21 / 22,1769509,2019-09-06 19:49:35:252,2.2229,-0.5485,10.2749,0.0231,0.0158,9.8066,0.066,0.1892,-0.1617,6.31,-33.12,26.88,26.32,-78.72,-172.61
52.423508,-1.52339,156.21,10.55,3,223.37,21 / 22,1769610,2019-09-06 19:49:35:353,0.939,-0.9784,9.7014,-0.0003,-0.0227,9.8066,-0.0766,0.1037,-0.0201,7.19,-32.31,27.31,28.77,-78.68,-172.49
52.423508,-1.52339,156.21,10.55,3,223.37,21 / 22,1769710,2019-09-06 19:49:35:453,-0.602,-0.4671,9.3987,-0.0126,0.0241,9.8066,-0.1174,0.1386,0.0244,6.38,-33.06,26.88,25.99,-78.64,-172.92
52.423508,-1.52339,156.21,10.55,3,223.37,21 / 22,1769809,2019-09-06 19:49:35:552,1.2173,-0.1996,10.4038,0.0071,0.0186,9.8066,0.0295,0.1456,-0.1074,5.94,-32.5,27.13,26.8,-78.71,-172.06
52.423508,-1.52339,156.21,10.55,3,223.37,21 / 22,1769909,2019-09-06 19:49:35:652,0.1527,0.5304,10.0763,-0.0212,-0.0216,9.8065,0.0463,0.0306,0.0492,6.06,-32.12,27.06,27.21,-78.86,-171.65
52.423508,-1.52339,156.21,10.55,3,223.37,21 / 22,1770010,2019-09-06 19:49:35:753,0.7271,-0.7673,9.6159,-0.0085,-0.0271,9.8065,-0.0273,0.123,-0.0231,6,-32.44,26.81,27.83,-78.66,-171.29
52.423508,-1.52339,156.21,10.55,3,223.37,21 / 22,1770109,2019-09-06 19:49:35:852,0.789,0.4104,10.8549,-0.0151,-0.021,9.8065,-0.1069,0.0539,0.0457,5.69,-32.37,27.25,28.41,-78.66,-170.84
52.423508,-1.52339,156.21,10.55,3,223.37,21 / 22,1770209,2019-09-06 19:49:35:952,1.1295,0.183,9.7565,0.0194,0.0299,9.8065,0.0646,0.0961,-0.068,6.38,-33.5,27.75,27.74,-78.62,-170.92
52.423508,-1.52339,156.21,10.55,3,223.37,21 / 22,1770310,2019-09-06 19:49:36:053,1.022,-0.0154,9.7316,0.0137,0.0239,9.8065,-0.0863,0.1098,-0.0763,5.63,-33.19,27.63,26.94,-78.91,-171.37
52.423508,-1.52339,156.21,10.55,3,223.37,21 / 22,1770409,2019-09-06 19:49:36:152,2.228,0.7967,9.6208,0.0279,0.0096,9.8066,0.009,0.0615,-0.0462,5.69,-33.5,27.56,24.8,-79.12,-172.94
52.423508,-1.52339,156.21,10.55,3,223.37,21 / 22,1770510,2019-09-06 19:49:36:253,3.7096,0.7351,9.3385,0.0105,-0.0121,9.8065,-0.0659,0.1695,-0.1855,5.94,-33.31,27.81,23.67,-79.13,-173.82
52.423508,-1.52339,156.21,10.55,3,223.37,21 / 22,1770609,2019-09-06 19:49:36:352,1.45,0.5114,10.0604,-0.0015,-0.0041,9.8066,-0.0506,0.0935,0.0238,6.25,-33.37,27.88,23.09,-79.26,-174.22
52.423508,-1.52339,156.21,10.55,3,223.37,21 / 22,1770710,2019-09-06 19:49:36:453,3.1237,0.4167,9.2385,0.0099,-0.0176,9.8066,-0.1838,0.1661,-0.1465,5.81,-32.87,28.56,21.36,-79.21,-175.04
52.423508,-1.52339,156.21,10.55,3,223.37,21 / 22,1770810,2019-09-06 19:49:36:553,1.8381,-0.0207,10.317,-0.0033,0.0024,9.8065,0.1435,0.1234,-0.0309,6,-32.75,28,22.09,-79.19,-175.03
52.423508,-1.52339,156.21,10.55,3,223.37,21 / 22,1770909,2019-09-06 19:49:36:652,1.3086,-0.1387,9.6457,0.0094,0.0262,9.8066,0.1322,0.1591,-0.0136,4.94,-33.06,28.75,18.92,-79.24,-175.07
52.423508,-1.52339,156.21,10.55,3,223.37,21 / 22,1771009,2019-09-06 19:49:36:752,2.6663,-0.0575,9.2773,-0.0005,-0.0116,9.8066,-0.0601,0.0942,-0.032,5.56,-32.25,28.19,21.77,-79.11,-175.18
52.423508,-1.52339,156.21,10.55,3,223.37,21 / 22,1771109,2019-09-06 19:49:36:852,1.3158,0.389,10.0195,-0.0073,-0.0053,9.8066,0.004,0.1598,-0.054,5.31,-32.75,28.25,19.79,-79.2,-174.89
52.423508,-1.52339,156.21,10.55,3,223.37,21 / 22,1771210,2019-09-06 19:49:36:953,1.1274,0.6068,10.0291,0.0009,-0.0137,9.8066,-0.0576,0.1371,-0.0387,4.94,-32.56,28.69,19.19,-79.26,-174.85
52.423508,-1.52339,156.21,10.55,3,223.37,21 / 22,1771310,2019-09-06 19:49:37:053,2.1174,0.2269,9.2405,-0.0054,-0.0175,9.8065,-0.0149,0.1633,-0.0264,5.31,-32.37,28.56,18.73,-79.28,-175.09
52.423508,-1.52339,156.21,10.55,3,223.37,21 / 22,1771409,2019-09-06 19:49:37:152,1.3581,0.7914,9.4133,-0.0071,0.0111,9.8066,0.004,0.1464,-0.0404,4.81,-32.25,27.63,20.65,-79.34,-174.02
52.423508,-1.52339,156.21,10.55,3,223.37,21 / 22,1771510,2019-09-06 19:49:37:253,1.3937,0.202,9.6949,-0.0127,0.013,9.8066,-0.0203,0.143,-0.0104,3.06,-32.69,28.31,16.08,-79.52,-173.68
52.423508,-1.52339,156.21,10.55,3,223.37,21 / 22,1771610,2019-09-06 19:49:37:353,1.632,0.118,9.6986,-0.0015,0.0118,9.8066,-0.0155,0.1214,0.0216,3.25,-32.31,29.81,16.44,-79.63,-172.63
52.423508,-1.52339,156.21,10.55,3,223.37,21 / 22,1771710,2019-09-06 19:49:37:453,0.6589,0.4546,9.4575,-0.0095,0.0265,9.8066,-0.0896,0.1206,-0.0254,3.56,-33.31,29.69,19.62,-79.57,-172.08
52.423508,-1.52339,156.21,10.55,3,223.37,21 / 22,1771810,2019-09-06 19:49:37:553,1.9784,0.9598,9.3629,0.0032,0.073,9.8063,0.2468,0.11,-0.0191,4.19,-32.56,28.69,20.67,-79.43,-171.7
52.423508,-1.52339,156.21,10.55,3,223.37,21 / 22,1771910,2019-09-06 19:49:37:653,-0.0012,-1.3325,10.1724,0.0097,0.0845,9.8063,0.2706,0.0349,0.0043,3.88,-32.81,29,21.87,-79.86,-170.54
52.423508,-1.52339,156.21,10.55,3,223.37,21 / 22,1772010,2019-09-06 19:49:37:753,1.1932,-0.3913,9.8004,-0.0103,-0.0258,9.8065,-0.1887,0.0617,-0.0432,3.75,-33.06,29.06,21.56,-79.62,-170.91
52.423508,-1.52339,156.21,10.55,3,223.37,21 / 22,1772110,2019-09-06 19:49:37:853,1.4472,-0.9973,9.606,-0.002,-0.0093,9.8066,-0.0825,0.1174,-0.0164,2.63,-32.25,29.25,19.36,-79.79,-170.53
52.423508,-1.52339,156.21,10.55,3,223.37,21 / 22,1772210,2019-09-06 19:49:37:953,1.9604,-0.3085,9.6072,0.0059,0.0076,9.8066,0.0189,0.0829,0.0507,2.88,-32.44,29.13,19.41,-79.89,-170.45
52.423508,-1.52339,156.21,10.55,3,223.37,21 / 22,1772310,2019-09-06 19:49:38:053,1.3813,-0.1478,9.9564,0.0071,0.0026,9.8066,-0.0171,0.1343,-0.0595,2.75,-32.25,29.06,18.82,-79.93,-170.91
52.423508,-1.52339,156.21,10.55,3,223.37,21 / 22,1772409,2019-09-06 19:49:38:152,1.4436,-0.1087,9.8601,0.0036,-0.0008,9.8066,-0.019,0.0449,-0.0529,2.56,-32.25,29.31,18.9,-79.88,-170.87
52.423508,-1.52339,156.21,10.55,3,223.37,21 / 22,1772510,2019-09-06 19:49:38:253,1.7164,0.5782,9.9864,-0.0116,0.0015,9.8066,0.0382,0.1342,0.0307,2.19,-32,29.44,16.78,-79.73,-170.68
52.423508,-1.52339,156.21,10.55,3,223.37,21 / 22,1772609,2019-09-06 19:49:38:352,0.0661,-0.18,9.8133,0.0113,0.0168,9.8066,0.0135,0.0889,-0.0677,2.25,-31.5,29.25,16.64,-79.76,-170.67
52.423508,-1.52339,156.21,10.55,3,223.37,21 / 22,1772710,2019-09-06 19:49:38:453,0.7492,0.4954,9.9846,-0.0004,0.0222,9.8066,0.0224,0.0106,0.0042,2.69,-30.75,28.63,19.06,-79.78,-170.66
52.423508,-1.52339,156.21,10.55,3,223.37,21 / 22,1772810,2019-09-06 19:49:38:553,0.622,0.1402,10.0439,0.004,-0.0092,9.8066,-0.0233,0.132,-0.0705,1.38,-30.5,28.94,14.4,-79.83,-170.4
52.423508,-1.52339,156.21,10.55,3,223.37,21 / 22,1772909,2019-09-06 19:49:38:652,-0.098,0.6761,9.8897,-0.0034,-0.0008,9.8065,0.0383,0.0346,0.0909,1.06,-31.19,29.69,14.17,-79.87,-170.5
52.423508,-1.52339,156.21,10.55,3,223.37,21 / 22,1773009,2019-09-06 19:49:38:752,0.5528,0.1306,9.3323,0.0092,-0.0119,9.8066,-0.0034,0.0479,-0.0622,2.06,-31.37,29.38,16.85,-79.91,-170.45
52.423508,-1.52339,156.21,10.55,3,223.37,21 / 22,1773109,2019-09-06 19:49:38:852,0.7528,0.2727,9.8336,-0.0105,-0.0138,9.8066,0.0026,0.0426,-0.0134,1.81,-31.62,28.75,16.82,-79.82,-170.61
52.423508,-1.52339,156.21,10.55,3,223.37,21 / 22,1773210,2019-09-06 19:49:38:953,0.712,0.5021,9.9268,-0.002,0.024,9.8066,0.0387,0.0442,0.0141,0.81,-32.25,29.63,14.9,-79.94,-169.98
52.423508,-1.52339,156.21,10.55,3,223.37,21 / 22,1773310,2019-09-06 19:49:39:053,0.5707,0.0672,9.8788,-0.0037,0.0178,9.8066,-0.0049,0.0029,0.028,0.19,-31.75,29.81,12.77,-79.96,-169.78
52.423508,-1.52339,156.21,10.55,3,223.37,21 / 22,1773411,2019-09-06 19:49:39:154,0.2622,-0.3737,9.7383,0.0077,-0.0094,9.8066,0.0042,-0.0169,0.0526,0,-31.56,30.5,12.28,-79.88,-170.12
52.423508,-1.52339,156.21,10.55,3,223.37,21 / 22,1773509,2019-09-06 19:49:39:252,-0.0591,0.6864,9.4363,-0.0097,-0.0125,9.8066,0.0425,0.0728,-0.0479,0.69,-32.06,30.38,15.08,-79.81,-169.87
52.423508,-1.52339,156.21,10.55,3,223.37,21 / 22,1773610,2019-09-06 19:49:39:353,0.7797,0.2962,9.512,0.0065,0.0177,9.8066,-0.0109,0.0003,0.0953,1.69,-32.06,29.88,17.42,-79.82,-169.89
52.423508,-1.52339,156.21,10.55,3,223.37,21 / 22,1773710,2019-09-06 19:49:39:453,0.8204,0.3091,9.9252,0.0029,0.0007,9.8066,0.0426,-0.0596,-0.0034,0.69,-32.06,30.25,15.47,-79.89,-169.53
52.423508,-1.52339,156.21,10.55,3,223.37,21 / 22,1773811,2019-09-06 19:49:39:554,0.4247,-0.942,9.6865,-0.001,0.0089,9.8066,0.1333,0.0458,-0.0342,1.31,-32,30.31,15.59,-79.91,-169.43
52.423508,-1.52339,156.21,10.55,3,223.37,21 / 22,1773909,2019-09-06 19:49:39:652,-0.3509,-0.7844,9.8801,0.0054,-0.0058,9.8066,-0.0441,-0.0076,0.0075,1.5,-31.87,30.44,17.45,-79.84,-169.86
52.423508,-1.52339,156.21,10.55,3,223.37,21 / 22,1774010,2019-09-06 19:49:39:753,0.5129,0.8399,9.758,0.0031,0.0134,9.8066,-0.0639,0.0087,-0.0234,1.5,-31.25,30.13,17.7,-79.85,-169.55
52.423508,-1.52339,156.21,10.55,3,223.37,21 / 22,1774109,2019-09-06 19:49:39:852,-0.9995,0.4187,10.144,-0.0034,0.0047,9.8066,0.0814,0.0967,-0.0267,3,-31.25,29.88,19.77,-79.79,-169.77
52.423508,-1.52339,156.21,10.55,3,223.37,21 / 22,1774209,2019-09-06 19:49:39:952,-0.0436,-0.1869,10.1953,0.0031,0.0111,9.8066,0.1383,0.016,0.0928,3.19,-30.5,29.25,19.4,-79.77,-170.28
52.423508,-1.52339,156.21,10.55,3,223.37,21 / 22,1774310,2019-09-06 19:49:40:053,-0.2795,-0.2986,9.6171,-0.0037,0.0309,9.8065,-0.1969,0.0254,-0.0813,2.13,-30.56,28.69,17.75,-79.87,-169.73
52.423508,-1.52339,156.21,10.55,3,223.37,21 / 22,1774410,2019-09-06 19:49:40:153,0.8554,-0.7069,9.4047,0.0044,-0.0275,9.8066,-0.1819,0.04,-0.0403,0.38,-31.19,29,12.88,-79.99,-169.69
52.423508,-1.52339,156.21,10.55,3,223.37,21 / 22,1774510,2019-09-06 19:49:40:253,0.484,0.1214,9.4693,0.0034,-0.0404,9.8066,0.1522,-0.0693,0.0728,0.31,-31.37,30.25,11.87,-79.95,-170.44
52.423508,-1.52339,156.21,10.55,3,223.37,21 / 22,1774609,2019-09-06 19:49:40:352,-0.5781,-1.2653,10.2308,-0.0111,0.0123,9.8066,0.1296,0.0632,-0.1268,1.38,-31.37,28.75,15.73,-79.97,-169.37
52.423508,-1.52339,156.21,10.55,3,223.37,21 / 22,1774709,2019-09-06 19:49:40:452,0.4422,1.3783,9.8694,0.0021,0.0246,9.8066,0.0977,0.0213,0.0545,0.94,-31.62,29,14.22,-79.93,-170.68
52.423508,-1.52339,156.21,10.55,3,223.37,21 / 22,1774809,2019-09-06 19:49:40:552,-0.3714,0.9334,9.5541,-0.0033,0.0302,9.8066,0.0442,-0.065,-0.0631,0.25,-31.75,29.31,12.2,-80.07,-170.28
52.423508,-1.52339,156.21,10.55,3,223.37,21 / 22,1774910,2019-09-06 19:49:40:653,-0.0067,-0.1582,9.9592,0.0081,-0.0211,9.8066,-0.0284,0.0125,-0.0249,0.19,-31.5,29.88,11.55,-80.26,-170.62
52.423508,-1.52339,156.21,10.55,3,223.37,21 / 22,1775010,2019-09-06 19:49:40:753,-0.2837,-0.5214,9.6208,0.0154,-0.0142,9.8066,-0.0102,-0.0297,0.0339,1,-32.75,30.06,13.18,-80.34,-171.33
52.423508,-1.52339,156.21,10.55,3,223.37,21 / 22,1775110,2019-09-06 19:49:40:853,0.1551,-0.0794,10.012,0.0005,-0.0262,9.8066,0.0212,-0.0747,-0.0307,1.25,-32.19,29.44,12.07,-80.27,-172.3
52.423508,-1.52339,156.21,10.55,3,223.37,21 / 22,1775210,2019-09-06 19:49:40:953,-0.8745,-0.0802,9.9377,0.0111,0.0126,9.8066,0.1068,0.0076,-0.0397,1.38,-31.31,30.06,11.21,-80.34,-172.78
52.423508,-1.52339,156.21,10.55,3,223.37,21 / 22,1775310,2019-09-06 19:49:41:053,0.2066,-0.1012,9.5773,0.0042,-0.0144,9.8066,-0.0696,0.003,0.0647,2.31,-31.37,29.56,13.32,-80.4,-172.95
52.423508,-1.52339,156.21,10.55,3,223.37,20 / 21,1775410,2019-09-06 19:49:41:153,-0.1085,0.3,9.5333,0.0016,-0.0052,9.8066,-0.0636,-0.0438,0.0208,2.13,-30.81,29.19,13.06,-80.46,-173.35
52.423508,-1.52339,156.21,10.55,3,223.37,20 / 21,1775510,2019-09-06 19:49:41:253,-0.5448,1.313,9.3141,0.0083,0.012,9.8065,0.0562,0.0098,-0.0823,2.44,-31.06,29.31,12.39,-80.65,-173.85
52.423508,-1.52339,156.21,10.55,3,223.37,20 / 21,1775609,2019-09-06 19:49:41:352,-0.3394,0.4483,9.5101,-0.0036,0.0232,9.8066,0.0007,-0.0641,0.0614,2.94,-30.44,28.81,14.93,-80.75,-173.6
52.423508,-1.52339,156.21,10.55,3,223.37,20 / 21,1775710,2019-09-06 19:49:41:453,-0.7301,-0.0178,9.5028,0.0076,0.0168,9.8065,0.0056,-0.0287,0.0075,3.06,-29.81,28.56,14.74,-80.87,-173.73
52.423508,-1.52339,156.21,10.55,3,223.37,20 / 21,1775810,2019-09-06 19:49:41:553,-0.4818,0.4533,9.1713,0.011,0.0165,9.8066,-0.0796,-0.0617,-0.0285,2.63,-30.69,27.81,14.76,-80.96,-174.06
52.423508,-1.52339,156.21,10.55,3,223.37,20 / 21,1775911,2019-09-06 19:49:41:654,-0.8102,1.0469,9.9933,0.0123,0.021,9.8066,0.057,-0.0118,-0.0789,2.38,-31.06,27.5,11.48,-81,-174.71
52.423508,-1.52339,156.21,10.55,3,223.37,20 / 21,1776010,2019-09-06 19:49:41:753,-0.4589,-0.6671,10.0797,0.0076,0.0209,9.8066,0.1302,-0.0032,-0.0232,2.19,-32,28.44,10.53,-81.27,-175.49
52.423508,-1.52339,156.21,10.55,3,223.37,20 / 21,1776110,2019-09-06 19:49:41:853,-0.4303,-0.3498,9.8601,0.01,-0.0127,9.8066,-0.0938,-0.0512,-0.0065,2.13,-32.25,28,9.09,-81.36,-176.65
52.423508,-1.52339,156.21,10.55,3,223.37,20 / 21,1776209,2019-09-06 19:49:41:952,0.1588,1.3514,10.1605,0.0132,-0.0034,9.8065,-0.0616,-0.0086,-0.0412,3.06,-31.87,28.94,10.06,-81.48,-177.58
52.423508,-1.52339,156.21,10.55,3,223.37,20 / 21,1776310,2019-09-06 19:49:42:053,0.2379,0.5203,9.8798,0.0059,-0.0215,9.8065,0.094,-0.0129,-0.0025,3.44,-31.44,28.38,9.11,-81.36,-178.61
52.423508,-1.52339,156.21,10.55,3,223.37,21 / 22,1776410,2019-09-06 19:49:42:153,0.0492,0.096,9.5916,-0.0056,-0.0081,9.8066,-0.0317,-0.0785,0.0615,3.31,-31.69,28.19,9.23,-81.34,-178.56
52.423508,-1.52339,156.21,10.55,3,223.37,21 / 22,1776509,2019-09-06 19:49:42:252,-0.1197,0.9273,9.941,-0.0017,-0.005,9.8066,-0.0142,-0.0083,-0.0442,3.63,-32.12,27.69,11.12,-81.41,-179
52.423508,-1.52339,156.21,10.55,3,223.37,21 / 22,1776609,2019-09-06 19:49:42:352,0.0875,0.4877,10.1346,0.0005,-0.0046,9.8066,0.0173,0.0422,0.0187,2.94,-32.19,27.44,8.82,-81.45,-179.16
52.423508,-1.52339,156.21,10.55,3,223.37,21 / 22,1776709,2019-09-06 19:49:42:452,-1.0218,0.6834,9.9131,0.0032,0.0358,9.8065,0.0001,-0.0131,0.0175,2.5,-32.37,27.88,9.29,-81.58,-178.46
52.423508,-1.52339,156.21,10.55,3,223.37,21 / 22,1776810,2019-09-06 19:49:42:553,0.3748,0.6927,9.9554,0.0038,0.0344,9.8066,-0.04,0.012,-0.0641,2.25,-32.94,27.94,6.37,-81.57,-178.88
52.423508,-1.52339,156.21,10.55,3,223.37,21 / 22,1776910,2019-09-06 19:49:42:653,0.4681,0.4473,9.9121,-0.0055,-0.0051,9.8066,-0.001,-0.0628,0.076,1.63,-32.62,27.63,6.75,-81.48,-178.58
52.423508,-1.52339,156.21,10.55,3,223.37,21 / 22,1777010,2019-09-06 19:49:42:753,0.5876,-0.2926,9.4893,0.0136,0.0025,9.8065,-0.0607,-0.0272,0.0148,2.13,-31.87,27.5,6.59,-81.49,-178.67
52.423508,-1.52339,156.21,10.55,3,223.37,21 / 22,1777110,2019-09-06 19:49:42:853,-0.1654,0.0555,9.382,-0.0011,-0.0022,9.8066,0.0749,0.016,-0.061,2.06,-32.31,27.13,6.35,-81.53,-179.06
52.423508,-1.52339,156.21,10.55,3,223.37,21 / 22,1777210,2019-09-06 19:49:42:953,0.3362,0.4437,9.5863,0.0028,-0.0068,9.8066,0.075,0.0162,0.0598,0.81,-32.19,27.06,3.32,-81.52,-179.42
52.423508,-1.52339,156.21,10.55,3,223.37,21 / 22,1777310,2019-09-06 19:49:43:053,-0.0406,0.7241,9.6872,0,0.0182,9.8066,-0.0124,0.0284,0.026,-0.62,-31.5,28.69,358.9,-81.64,-178.94
52.422646,-1.524135,155.33,13.21,3,202,21 / 22,1777410,2019-09-06 19:49:43:153,0.4728,-0.6211,9.8888,-0.0098,0.0133,9.8066,-0.1167,-0.009,0.0533,0.19,-31.75,29.94,1.82,-81.58,-178.49
52.422646,-1.524135,155.33,13.21,3,202,21 / 22,1777510,2019-09-06 19:49:43:253,1.349,0.2492,10.0348,0,-0.0086,9.8066,0.0335,-0.1534,0.0223,1.63,-32.06,29.56,6.35,-81.68,-178.51
52.422646,-1.524135,155.33,13.21,3,202,21 / 22,1777609,2019-09-06 19:49:43:352,-0.4725,1.6172,9.9748,-0.0048,-0.0152,9.8066,0.0024,0.0671,-0.0033,2.69,-32.81,28.31,10.45,-81.51,-177.58
52.422646,-1.524135,155.33,13.21,3,202,21 / 22,1777710,2019-09-06 19:49:43:453,-2.6775,1.8595,9.2468,0.0111,0.0239,9.8066,-0.1469,-0.0604,0.2412,2.38,-32.69,28.13,7.56,-81.66,-177.89
52.422646,-1.524135,155.33,13.21,3,202,21 / 22,1777810,2019-09-06 19:49:43:553,-0.2305,1.2203,8.6691,-0.0303,0.011,9.8066,-0.3449,0.0222,-0.0375,3.13,-33.75,27.69,11.8,-81.57,-176.51
52.422646,-1.524135,155.33,13.21,3,202,21 / 22,1777910,2019-09-06 19:49:43:653,0.0986,0.4521,10.9151,-0.0136,0.0839,9.8062,0.121,-0.019,-0.1008,2.81,-33.44,28.44,13.11,-82.06,-175.23
52.422646,-1.524135,155.33,13.21,3,202,21 / 22,1778010,2019-09-06 19:49:43:753,-0.1679,-1.2833,10.1777,0.0153,0.125,9.8058,-0.0961,0.0644,0.0843,2.94,-33.25,27.69,13.16,-82.41,-175.09
52.422646,-1.524135,155.33,13.21,3,202,21 / 22,1778110,2019-09-06 19:49:43:853,0.8077,-0.051,10.4432,-0.0207,-0.0238,9.8065,0.0423,0.0628,0.0534,2.06,-33.44,27.75,11.35,-82.27,-174.62
52.422646,-1.524135,155.33,13.21,3,202,21 / 22,1778210,2019-09-06 19:49:43:953,-0.2132,-0.0197,9.6938,-0.009,-0.015,9.8066,-0.06,-0.0008,-0.0091,2.5,-33.69,27.81,15.88,-82.11,-172.98
52.422646,-1.524135,155.33,13.21,3,202,21 / 22,1778310,2019-09-06 19:49:44:053,-0.0898,0.3075,9.204,-0.0008,-0.0025,9.8066,-0.0841,-0.0063,-0.0592,1.81,-33.87,27.94,13.65,-81.94,-172.86
52.422646,-1.524135,155.33,13.21,3,202,21 / 22,1778410,2019-09-06 19:49:44:153,-0.3748,1.0583,9.202,0.0292,-0.0095,9.8066,0.3264,-0.0135,0.0154,1.69,-34,28.13,11.63,-81.93,-174.53
52.422646,-1.524135,155.33,13.21,3,202,21 / 22,1778509,2019-09-06 19:49:44:252,-0.7306,-1.8998,10.0069,0.0251,0.0877,9.8062,0.3312,-0.0337,-0.0583,2.56,-33.56,28.81,12.46,-82.26,-175.49
52.422646,-1.524135,155.33,13.21,3,202,21 / 22,1778610,2019-09-06 19:49:44:353,-0.729,-0.7751,10.8073,0.0235,0.0929,9.8062,-0.1508,-0.005,-0.0051,2.31,-33.87,27.88,9.04,-82.2,-176.61
52.422646,-1.524135,155.33,13.21,3,202,21 / 22,1778710,2019-09-06 19:49:44:453,-0.4223,0.5203,10.0532,0.025,-0.0209,9.8065,0.0467,-0.0478,0.0402,2.44,-33.62,27.5,7.82,-82.28,-177.61
52.422646,-1.524135,155.33,13.21,3,202,21 / 22,1778810,2019-09-06 19:49:44:553,-1.7515,-2.9734,10.9431,0.0119,-0.0071,9.8065,-0.0946,-0.0138,-0.081,2.88,-33.06,28.19,7.3,-82.27,179.97
52.422646,-1.524135,155.33,13.21,3,202,21 / 22,1778910,2019-09-06 19:49:44:653,0.6823,1.5259,9.5936,0.0086,-0.0374,9.8066,0.0084,-0.0528,-0.0666,3.38,-33.37,27.69,4.17,-82,177.33
52.422646,-1.524135,155.33,13.21,3,202,21 / 22,1779009,2019-09-06 19:49:44:752,-0.0977,-0.1295,9.6042,0.0056,-0.0187,9.8065,-0.0223,-0.0489,-0.0191,3.19,-33.56,28.06,3.76,-81.84,176.96
52.422646,-1.524135,155.33,13.21,3,202,21 / 22,1779110,2019-09-06 19:49:44:853,-0.1426,0.1694,9.1245,0.0044,0.0193,9.8066,-0.058,0.0038,0.0057,3.25,-33.94,27.5,2.72,-82.02,176.12
52.422646,-1.524135,155.33,13.21,3,202,21 / 22,1779210,2019-09-06 19:49:44:953,-0.2483,0.5265,9.4177,0.004,0.0185,9.8066,-0.0576,0.0214,0.0413,3.5,-33.81,26.94,5.04,-82.23,175.72
52.422646,-1.524135,155.33,13.21,3,202,21 / 22,1779309,2019-09-06 19:49:45:052,0.2543,0.2481,9.0261,-0.0033,0.015,9.8066,-0.0647,0.0173,0.0349,3.31,-33.69,26.69,2.76,-82.39,175.93
52.422646,-1.524135,155.33,13.21,3,202,21 / 22,1779410,2019-09-06 19:49:45:153,-0.6522,0.4347,9.8544,-0.0237,0.0049,9.8066,0.0547,-0.056,0.0627,3.88,-33.94,27.19,7.33,-82.6,177.67
52.422646,-1.524135,155.33,13.21,3,202,21 / 22,1779510,2019-09-06 19:49:45:253,0.3997,0.8582,9.9595,-0.0182,0.0099,9.8066,-0.021,0.0201,0.0021,3.94,-33.5,27,11.43,-82.65,-178.85
52.422646,-1.524135,155.33,13.21,3,202,21 / 22,1779610,2019-09-06 19:49:45:353,-0.5998,0.2204,10.2212,-0.0125,-0.0069,9.8065,0.0477,-0.0353,0.0784,3.38,-33.56,28.81,9.66,-82.5,-177.79
52.422646,-1.524135,155.33,13.21,3,202,21 / 22,1779710,2019-09-06 19:49:45:453,-0.2531,0.7758,10.4509,-0.0058,-0.0031,9.8065,-0.0229,-0.0013,-0.0273,2.75,-33.37,27.75,11.27,-82.35,-176.69
52.422646,-1.524135,155.33,13.21,3,202,21 / 22,1779809,2019-09-06 19:49:45:552,-0.8729,0.1644,9.939,0.011,0.0143,9.8066,0.0042,0.0088,-0.0673,3.13,-33.44,27.75,10.6,-82.4,-177.24
52.422646,-1.524135,155.33,13.21,3,202,21 / 22,1779911,2019-09-06 19:49:45:654,-0.389,-0.0788,9.6092,0.0079,0.0016,9.8066,-0.0198,-0.0289,-0.0013,2.56,-33.69,27.75,10.22,-82.45,-177.6
52.422646,-1.524135,155.33,13.21,3,202,21 / 22,1780010,2019-09-06 19:49:45:753,-0.0618,0.0897,9.9079,0.005,-0.0032,9.8066,-0.0677,-0.0094,0.0086,2.13,-33.62,27.81,6.91,-82.56,-178.32
52.422646,-1.524135,155.33,13.21,3,202,21 / 22,1780110,2019-09-06 19:49:45:853,0.0892,0.8623,10.0514,0.0042,0.0118,9.8066,0.0035,0.0291,-0.0068,2.75,-33.56,27.19,8.51,-82.68,-179.25
52.422646,-1.524135,155.33,13.21,3,202,21 / 22,1780210,2019-09-06 19:49:45:953,-0.8876,-0.0483,9.8569,0.0028,0.0208,9.8066,-0.0227,0.0293,-0.0438,3.06,-33.75,27.25,8.2,-82.7,-179.5
52.422646,-1.524135,155.33,13.21,3,202,21 / 22,1780309,2019-09-06 19:49:46:052,-0.3818,0.5871,9.8868,-0.0018,-0.017,9.8066,-0.0292,0.0306,-0.0127,2.88,-34.06,26.94,8.81,-82.48,-179.04
52.422646,-1.524135,155.33,13.21,3,202,20 / 21,1780409,2019-09-06 19:49:46:152,-0.0102,-0.0099,9.6548,-0.0054,-0.0178,9.8066,-0.066,-0.0075,0.0353,2.56,-33.44,27.88,8.54,-82.51,-178.95
52.422646,-1.524135,155.33,13.21,3,202,20 / 21,1780510,2019-09-06 19:49:46:253,0.0747,0.787,9.2201,-0.0011,0.0165,9.8066,-0.0459,0.0051,-0.0224,3.19,-33.87,27.19,9.93,-82.6,-178.09
52.422646,-1.524135,155.33,13.21,3,202,20 / 21,1780609,2019-09-06 19:49:46:352,-0.0339,0.8728,9.3005,-0.004,0.0116,9.8066,0.0061,-0.0011,-0.0103,2.94,-33.75,26.69,10.49,-82.76,-177.57
52.422646,-1.524135,155.33,13.21,3,202,20 / 21,1780709,2019-09-06 19:49:46:452,-1.2201,0.4654,9.7361,-0.0042,-0.0159,9.8066,-0.029,-0.0452,0.009,2.81,-33.87,26.69,10.87,-82.77,-177.26
52.422646,-1.524135,155.33,13.21,3,202,20 / 21,1780810,2019-09-06 19:49:46:553,0.8898,1.4464,10.407,0.0091,-0.0368,9.8065,0.1409,-0.076,0.0365,2.19,-33.75,26.88,7.94,-82.66,-177.63
52.422646,-1.524135,155.33,13.21,3,202,20 / 21,1780910,2019-09-06 19:49:46:653,-0.8279,1.3476,10.0063,-0.002,0.0017,9.8066,0.1198,-0.0015,-0.0145,2.5,-33.06,27.38,10.21,-82.43,-177.84
52.422646,-1.524135,155.33,13.21,3,202,20 / 21,1781009,2019-09-06 19:49:46:752,-0.1732,-0.4812,9.7509,0.0062,0.0203,9.8066,-0.0995,0.0259,-0.0302,2.44,-32.56,27.44,7.01,-82.25,-178.44
52.422646,-1.524135,155.33,13.21,3,202,20 / 21,1781109,2019-09-06 19:49:46:852,-0.7972,1.0437,9.8748,-0.0051,-0.0195,9.8066,-0.156,-0.0547,-0.0109,2.56,-33.12,27.69,9.41,-82.2,-178.28
52.422646,-1.524135,155.33,13.21,3,202,20 / 21,1781209,2019-09-06 19:49:46:952,0.2902,-0.1051,9.0641,0.0094,0.0116,9.8065,-0.1127,-0.07,-0.001,2.13,-33.19,26.94,6.55,-82.46,-178.79
52.422646,-1.524135,155.33,13.21,3,202,20 / 21,1781310,2019-09-06 19:49:47:053,-0.4664,0.313,9.0442,0.0001,0.0016,9.8066,-0.064,0.0159,-0.0344,2.81,-33.44,26.44,8.9,-82.79,-179.16
52.422646,-1.524135,155.33,13.21,3,202,19 / 21,1781410,2019-09-06 19:49:47:153,-0.8374,-0.5756,8.1821,0.0024,0.0289,9.8065,-0.2307,0.0728,-0.0107,3.5,-32.87,26.25,11.52,-83.2,-179
52.422646,-1.524135,155.33,13.21,3,202,19 / 21,1781510,2019-09-06 19:49:47:253,0.1525,1.4682,9.1989,0.0021,0.0172,9.8066,-0.1714,-0.0342,0.0807,3,-33.75,26.38,8.45,-83.55,-179.42
52.422646,-1.524135,155.33,13.21,3,202,19 / 21,1781610,2019-09-06 19:49:47:353,0.6975,1.2348,10.173,-0.0003,-0.0035,9.8066,0.0096,-0.1237,0.0639,2.13,-33.44,26.38,6.83,-83.68,-178.56
52.422646,-1.524135,155.33,13.21,3,202,19 / 21,1781710,2019-09-06 19:49:47:453,0.2305,0.6621,10.3111,-0.0128,-0.0284,9.8066,-0.0291,-0.0004,-0.0151,2.5,-33.44,26.88,10.12,-83.66,-177.63
52.422646,-1.524135,155.33,13.21,3,202,19 / 21,1781809,2019-09-06 19:49:47:552,-1.0966,-0.9275,9.1062,-0.0056,-0.0255,9.8066,-0.0604,-0.0191,-0.0238,2.63,-34.19,27.25,10.94,-83.37,-177.04
52.422646,-1.524135,155.33,13.21,3,202,19 / 21,1781909,2019-09-06 19:49:47:652,-0.9253,-0.1851,9.3737,0.0029,0.0138,9.8066,-0.0814,-0.0217,0.0469,3.06,-34.25,26.56,11.42,-83.37,-176.63
52.422646,-1.524135,155.33,13.21,3,202,19 / 21,1782009,2019-09-06 19:49:47:752,-0.5174,0.5501,10.0567,0.0046,0.0203,9.8065,0.0342,-0.0238,0.0212,3.44,-34.12,26.5,11.09,-83.57,-176.86
52.422646,-1.524135,155.33,13.21,3,202,19 / 21,1782110,2019-09-06 19:49:47:853,-0.1143,-0.1368,10.002,0.0021,-0.0127,9.8066,-0.0413,-0.0108,-0.0484,2.88,-34,26.44,11.02,-83.62,-177.21
52.422646,-1.524135,155.33,13.21,3,202,19 / 21,1782210,2019-09-06 19:49:47:953,-0.5949,0.878,9.8258,0.0081,-0.0143,9.8066,0.0139,-0.0112,-0.0352,3.31,-34.25,25.88,9.99,-83.62,-178.09
52.422646,-1.524135,155.33,13.21,3,202,19 / 21,1782310,2019-09-06 19:49:48:053,-0.3966,0.0712,9.3834,0.0022,-0.0035,9.8066,-0.0389,-0.0301,0.0186,3.75,-34,25.63,11.93,-83.64,-178.59
52.422646,-1.524135,155.33,13.21,3,202,20 / 21,1782410,2019-09-06 19:49:48:153,-0.1408,-0.6558,9.424,0,0.0121,9.8066,-0.0718,0.016,0.0054,3.94,-34,26.25,11.72,-83.71,-178.74
52.422646,-1.524135,155.33,13.21,3,202,20 / 21,1782510,2019-09-06 19:49:48:253,-0.5254,0.2848,9.9949,-0.0044,0.0073,9.8066,0.0001,-0.0245,0.0346,4.19,-33.37,25.88,13.07,-83.87,-177.48
52.422646,-1.524135,155.33,13.21,3,202,20 / 21,1782609,2019-09-06 19:49:48:352,-0.1997,0.8187,9.7683,-0.0086,0.0138,9.8066,0.1118,-0.0196,0.0124,3.88,-33.81,26.06,14.31,-83.95,-176.45
52.422646,-1.524135,155.33,13.21,3,202,20 / 21,1782710,2019-09-06 19:49:48:453,-0.8512,0.2161,9.5623,-0.0026,-0.0057,9.8066,0.0669,-0.0765,0.0549,3.81,-34.06,25.69,15.54,-83.92,-175.4
52.422646,-1.524135,155.33,13.21,3,202,20 / 21,1782809,2019-09-06 19:49:48:552,-1.0795,-1.0939,9.627,-0.01,-0.013,9.8066,-0.0457,-0.0575,-0.0381,3.88,-34.12,25.81,16.36,-83.88,-174.69
52.422646,-1.524135,155.33,13.21,3,202,20 / 21,1782909,2019-09-06 19:49:48:652,-0.3708,-0.128,9.8885,-0.0019,0.0069,9.8066,0.0072,-0.0721,-0.0303,3.75,-34.25,25.13,18.03,-83.94,-173.67
52.422646,-1.524135,155.33,13.21,3,202,20 / 21,1783010,2019-09-06 19:49:48:753,0.112,0.79,9.8845,0.0057,0.0081,9.8066,0.0785,-0.0352,0.0195,3.69,-34,25.63,17.75,-84.07,-173.42
52.422646,-1.524135,155.33,13.21,3,202,20 / 21,1783110,2019-09-06 19:49:48:853,-0.2718,0.1447,9.8814,-0.0017,0.0051,9.8066,0.019,-0.0119,-0.035,3.81,-34.44,25.5,18.33,-84.19,-172.86
52.422646,-1.524135,155.33,13.21,3,202,20 / 21,1783209,2019-09-06 19:49:48:952,-0.7356,0.124,9.7512,0.0036,-0.0018,9.8066,-0.1062,-0.0462,0.0032,3.44,-34.62,25.56,15.64,-84.26,-173.08
52.422646,-1.524135,155.33,13.21,3,202,20 / 21,1783310,2019-09-06 19:49:49:053,-0.3652,1.4421,10.0875,0.0069,0.0064,9.8066,-0.0571,-0.0427,0.0337,3.56,-34.87,25.19,18.97,-84.32,-172.76
52.422646,-1.524135,155.33,13.21,3,202,21 / 22,1783410,2019-09-06 19:49:49:153,-0.5095,1.1685,10.2491,-0.0044,-0.005,9.8066,0.144,-0.016,-0.0051,4.13,-34.69,25.56,18.55,-84.27,-172.71
52.422646,-1.524135,155.33,13.21,3,202,21 / 22,1783510,2019-09-06 19:49:49:253,-0.3157,-0.5234,10.1086,0.0023,0.0262,9.8066,0.1438,-0.0426,-0.017,4.25,-34.12,25.44,19.23,-84.21,-172.51
52.422646,-1.524135,155.33,13.21,3,202,21 / 22,1783609,2019-09-06 19:49:49:352,-0.2333,0.7362,9.9918,0.002,0.0126,9.8066,-0.0877,0.0061,0.0146,4.13,-34.31,24.75,19.84,-84.3,-171.94
52.422646,-1.524135,155.33,13.21,3,202,21 / 22,1783710,2019-09-06 19:49:49:453,0.43,0.323,9.9967,-0.0082,-0.0265,9.8066,-0.132,0.0334,0.0071,3.75,-35.12,25.19,20.48,-84.23,-171.5
52.422646,-1.524135,155.33,13.21,3,202,21 / 22,1783809,2019-09-06 19:49:49:552,-0.0084,0.3302,9.8576,-0.0065,-0.0123,9.8066,0.1133,-0.0491,-0.032,4.31,-34.69,25.44,20.67,-84.25,-171.32
52.422646,-1.524135,155.33,13.21,3,202,21 / 22,1783909,2019-09-06 19:49:49:652,-0.3045,0.3428,10.0883,0.01,-0.0034,9.8066,0.1818,-0.0747,0.0316,3.94,-34.12,25.38,20.33,-84.04,-171.64
52.422646,-1.524135,155.33,13.21,3,202,21 / 22,1784009,2019-09-06 19:49:49:752,-0.3858,1.193,10.8304,-0.011,-0.0091,9.8066,-0.0991,0.0391,-0.0526,4.19,-34.87,25.88,20.58,-83.91,-171.12
52.422646,-1.524135,155.33,13.21,3,202,21 / 22,1784109,2019-09-06 19:49:49:852,-0.2014,0.9622,10.2937,0.0055,-0.0403,9.8065,-0.0458,-0.0568,0.0213,3.75,-34.25,26,19.26,-83.81,-172.22
52.422646,-1.524135,155.33,13.21,3,202,21 / 22,1784210,2019-09-06 19:49:49:953,1.1532,-0.3256,9.6163,0.0054,-0.0278,9.8066,0.0844,-0.0817,0.0715,4,-33.75,25.88,17.4,-83.51,-173.96
52.422646,-1.524135,155.33,13.21,3,202,21 / 22,1784310,2019-09-06 19:49:50:053,-0.7742,1.4386,10.3289,-0.0009,-0.0097,9.8066,-0.0043,-0.0604,-0.0369,4.13,-34.5,26.31,16.8,-83.51,-174.47
52.422646,-1.524135,155.33,13.21,3,202,21 / 22,1784410,2019-09-06 19:49:50:153,1.5927,1.0969,10.1998,0.0072,-0.0396,9.8065,0.0235,-0.0822,0.0297,3.94,-34.44,26.63,15.36,-83.36,-175.35
52.422646,-1.524135,155.33,13.21,3,202,21 / 22,1784509,2019-09-06 19:49:50:252,-0.8238,-1.2557,9.2072,-0.0124,-0.0409,9.8065,-0.2118,-0.044,0.0819,3.69,-34.37,26.63,14.52,-83.02,-176.18
52.422646,-1.524135,155.33,13.21,3,202,21 / 22,1784610,2019-09-06 19:49:50:353,-0.3229,1.0124,10.0341,-0.0163,-0.0609,9.8064,0.2795,-0.1041,0.0703,4.13,-34.37,26.44,15.44,-82.78,-175.9
52.422646,-1.524135,155.33,13.21,3,202,21 / 22,1784710,2019-09-06 19:49:50:453,0.7882,0.6612,9.3503,0.0044,0.0689,9.8064,0.0823,0.0299,-0.0631,4.19,-34.19,27,13.49,-82.82,-177.13
52.422646,-1.524135,155.33,13.21,3,202,21 / 22,1784810,2019-09-06 19:49:50:553,0.4603,0.3845,8.3144,0.0196,0.0664,9.8063,-0.0313,-0.0038,0.0523,4.31,-34.62,26.69,13.77,-83.36,-176.77
52.422646,-1.524135,155.33,13.21,3,202,21 / 22,1784910,2019-09-06 19:49:50:653,0.575,0.8943,9.4859,-0.0171,-0.0018,9.8066,-0.0485,-0.0035,0.062,3.81,-34.81,26.06,17.78,-83.62,-173.66
52.422646,-1.524135,155.33,13.21,3,202,21 / 22,1785010,2019-09-06 19:49:50:753,-0.2366,0.8471,10.4337,-0.0201,0.0057,9.8065,0.0168,0.0087,0.0172,3.25,-34.94,25.81,17.4,-83.8,-171.76
52.422646,-1.524135,155.33,13.21,3,202,21 / 22,1785110,2019-09-06 19:49:50:853,0.4066,1.0559,10.5165,-0.0172,-0.0238,9.8066,0.1189,0.0121,0.0371,2.81,-35.12,25.56,19.82,-83.47,-169.84
52.422646,-1.524135,155.33,13.21,3,202,21 / 22,1785209,2019-09-06 19:49:50:952,0.6678,1.2114,9.7135,-0.02,-0.0399,9.8065,0.0203,0.0173,0.0164,3,-34.56,27.19,20.66,-83.06,-168.97
52.422646,-1.524135,155.33,13.21,3,202,21 / 22,1785310,2019-09-06 19:49:51:053,0.046,-0.5346,9.1467,0.0039,0.0202,9.8065,-0.0034,0.0059,0.0535,3.13,-34.31,26.31,22.19,-82.85,-168.06
52.422646,-1.524135,155.33,13.21,3,202,21 / 22,1785409,2019-09-06 19:49:51:152,0.3621,1.4813,9.8425,-0.0097,0.003,9.8066,0.0429,-0.0081,0.0349,3,-34.62,25.88,23.91,-83.03,-166.6
52.422646,-1.524135,155.33,13.21,3,202,21 / 22,1785510,2019-09-06 19:49:51:253,0.3498,1.663,9.5101,0.0085,0.0531,9.8064,0.1226,0.0157,0.0031,3.56,-34.69,26.19,27.6,-83.51,-165.3
52.422646,-1.524135,155.33,13.21,3,202,21 / 22,1785610,2019-09-06 19:49:51:353,-0.173,0.8469,9.0692,0.0017,-0.0074,9.8066,-0.0943,-0.0102,0.0036,2.88,-34.81,25.63,24.91,-83.42,-165.52
52.422646,-1.524135,155.33,13.21,3,202,21 / 22,1785710,2019-09-06 19:49:51:453,0.4045,0.2247,9.4694,-0.005,-0.0155,9.8066,-0.038,0.0205,0.0147,3.06,-34.87,25.88,24.58,-83.38,-165.83
52.422646,-1.524135,155.33,13.21,3,202,21 / 22,1785810,2019-09-06 19:49:51:553,0.4114,0.722,9.3461,-0.0023,-0.0192,9.8066,0.0957,0.0037,-0.025,3.13,-34.06,25.56,24.62,-83.38,-165.69
52.422646,-1.524135,155.33,13.21,3,202,21 / 22,1785910,2019-09-06 19:49:51:653,0.3488,0.7544,10.221,0.0076,0.0414,9.8065,0.0467,0.0229,-0.0407,3.13,-34.19,25.63,24.52,-83.42,-165.75
52.422646,-1.524135,155.33,13.21,3,202,21 / 22,1786010,2019-09-06 19:49:51:753,-0.0062,-0.1368,9.9944,-0.0009,-0.0441,9.8065,-0.1003,0.0319,-0.0093,3,-34,26.19,24.04,-83.79,-165.96
52.422646,-1.524135,155.33,13.21,3,202,21 / 22,1786110,2019-09-06 19:49:51:853,-0.0491,0.8642,10.1283,0.0046,-0.0336,9.8066,-0.0513,0.0012,-0.0212,3.44,-33.94,26,22.11,-83.65,-167.7
52.422646,-1.524135,155.33,13.21,3,202,21 / 22,1786209,2019-09-06 19:49:51:952,0.2903,0.2701,9.3595,-0.0027,-0.0221,9.8066,-0.0381,0.0065,-0.0111,3.31,-33.44,25.5,21.55,-83.74,-168.05
52.422646,-1.524135,155.33,13.21,3,202,21 / 22,1786310,2019-09-06 19:49:52:053,0.8086,0.8145,9.0977,0.008,0.0117,9.8066,-0.0322,0.0749,-0.0044,3.31,-33,25.94,20.2,-83.98,-169.1
52.421646,-1.524941,154.75,13.45,3,208.03,20 / 22,1786412,2019-09-06 19:49:52:155,0.7419,1.5037,9.7799,0.0003,-0.0145,9.8066,0.0444,0.0277,-0.0219,2.81,-33.87,25.56,19.61,-84,-169.68
52.421646,-1.524941,154.75,13.45,3,208.03,20 / 22,1786510,2019-09-06 19:49:52:253,0.975,-0.0238,9.9177,-0.0037,0.0049,9.8066,0.0257,0.0613,-0.0461,3.25,-33.62,26.56,19.6,-84.07,-169.33
52.421646,-1.524941,154.75,13.45,3,208.03,20 / 22,1786610,2019-09-06 19:49:52:353,0.9052,0.1767,9.6289,0.0011,-0.0019,9.8066,0.0277,0.0618,0.0255,3.19,-33.94,25.19,20.33,-84.06,-169.4
52.421646,-1.524941,154.75,13.45,3,208.03,20 / 22,1786709,2019-09-06 19:49:52:452,1.0767,0.4902,9.8324,-0.0079,0.0149,9.8066,-0.0437,0.0789,-0.0143,2.31,-35.19,25.56,18.58,-84.1,-168.43
52.421646,-1.524941,154.75,13.45,3,208.03,20 / 22,1786810,2019-09-06 19:49:52:553,1.0646,0.367,10.0383,-0.0029,0.0187,9.8066,0.057,0.0758,0.0231,1.94,-34.94,25.44,19.49,-84.15,-167.9
52.421646,-1.524941,154.75,13.45,3,208.03,20 / 22,1786910,2019-09-06 19:49:52:653,1.0985,-0.845,10.2053,-0.0017,-0.0076,9.8065,0.084,0.069,0.0061,2.06,-34.5,26.75,19.86,-84.19,-166.95
52.421646,-1.524941,154.75,13.45,3,208.03,20 / 22,1787009,2019-09-06 19:49:52:752,1.9434,0.5983,9.6816,-0.0141,-0.0199,9.8066,-0.0299,0.0533,-0.0449,3.44,-33.5,26.38,23.68,-84.17,-165.97
52.421646,-1.524941,154.75,13.45,3,208.03,20 / 22,1787110,2019-09-06 19:49:52:853,0.905,-1.0485,9.2974,-0.0053,0.0006,9.8066,-0.0277,0.1241,-0.0066,2.63,-33.75,25.94,24.47,-84.2,-165.34
52.421646,-1.524941,154.75,13.45,3,208.03,20 / 22,1787210,2019-09-06 19:49:52:953,0.6617,0.7598,9.9099,-0.0024,-0.0144,9.8066,0.1878,0.0435,-0.0247,1.81,-33.5,26,21.77,-84.22,-165.44
52.421646,-1.524941,154.75,13.45,3,208.03,20 / 22,1787310,2019-09-06 19:49:53:053,1.4421,2.1392,10.3561,0.0446,0.0333,9.8064,0.2615,-0.0342,-0.1179,2.19,-33.75,26.69,17.87,-84.46,-168.57
52.421646,-1.524941,154.75,13.45,3,208.03,20 / 22,1787409,2019-09-06 19:49:53:152,4.058,-1.3563,8.0314,0.0467,0.0488,9.8063,-0.2294,-0.0674,0.1235,2.5,-33.44,26.69,14.55,-84.63,-173.49
52.421646,-1.524941,154.75,13.45,3,208.03,20 / 22,1787510,2019-09-06 19:49:53:253,-0.5774,-0.3671,9.3969,-0.0039,0.0422,9.8065,-0.1262,0.1956,-0.0438,2.44,-34,26.38,10.91,-84.89,-174.79
52.421646,-1.524941,154.75,13.45,3,208.03,20 / 22,1787610,2019-09-06 19:49:53:353,1.1563,1.449,9.802,0.0115,0.0406,9.8065,-0.0622,0.0253,-0.0196,1.88,-33.44,26.56,9.99,-85.79,-175.16
52.421646,-1.524941,154.75,13.45,3,208.03,20 / 22,1787709,2019-09-06 19:49:53:452,1.2943,0.4418,10.216,-0.0075,0.0021,9.8065,0.0457,0.0989,-0.0154,2.13,-33.56,26,11.94,-85.89,-173.6
52.421646,-1.524941,154.75,13.45,3,208.03,20 / 22,1787810,2019-09-06 19:49:53:553,0.6001,-0.8662,10.5908,-0.0082,-0.0066,9.8066,0.2033,0.0594,0.0835,2.19,-34.12,26.75,12.39,-85.73,-173.03
52.421646,-1.524941,154.75,13.45,3,208.03,20 / 22,1787911,2019-09-06 19:49:53:654,1.7028,-0.0058,10.8643,-0.0235,-0.0485,9.8065,-0.0757,0.1212,-0.0415,1.5,-34.19,26.13,14,-85.34,-171.91
52.421646,-1.524941,154.75,13.45,3,208.03,20 / 22,1788010,2019-09-06 19:49:53:753,0.6057,0.1067,10.7106,-0.0067,-0.0047,9.8066,-0.0456,0.1179,-0.0046,2.06,-34.25,26.63,15.38,-85.01,-170.58
52.421646,-1.524941,154.75,13.45,3,208.03,20 / 22,1788109,2019-09-06 19:49:53:852,1.4639,-0.0638,9.9728,0.0005,-0.0139,9.8066,-0.0535,0.0709,0.0104,1.63,-34.12,27,15.48,-84.94,-170.5
52.421646,-1.524941,154.75,13.45,3,208.03,20 / 22,1788209,2019-09-06 19:49:53:952,1.3133,0.5184,9.5581,-0.0025,-0.0196,9.8066,-0.1171,0.0654,-0.0169,1.88,-33.81,26.31,15.83,-84.9,-170.44
52.421646,-1.524941,154.75,13.45,3,208.03,20 / 22,1788310,2019-09-06 19:49:54:053,1.9977,0.2094,10.3194,-0.0011,0.0212,9.8066,0.0119,0.1302,-0.012,1.5,-34.25,26.69,15.91,-84.9,-170.14
52.421646,-1.524941,154.75,13.45,3,208.03,21 / 22,1788409,2019-09-06 19:49:54:152,0.9523,-0.3005,10.1299,-0.0003,0.0296,9.8066,-0.067,0.1237,0.007,1.5,-33.69,27.06,15.57,-84.94,-170.43
52.421646,-1.524941,154.75,13.45,3,208.03,21 / 22,1788510,2019-09-06 19:49:54:253,1.0922,-0.8276,10.1417,-0.0072,-0.0343,9.8065,-0.0637,0.0699,-0.0126,1.06,-34.19,27.69,13.22,-84.88,-170.3
52.421646,-1.524941,154.75,13.45,3,208.03,21 / 22,1788609,2019-09-06 19:49:54:352,0.7025,0.0207,9.845,-0.0002,-0.0277,9.8065,-0.0962,0.1632,-0.0115,1,-33.81,27.31,13.34,-84.65,-170.39
52.421646,-1.524941,154.75,13.45,3,208.03,21 / 22,1788710,2019-09-06 19:49:54:453,1.5653,0.7109,10.2429,-0.0116,0.0335,9.8065,0.0939,0.1135,-0.0139,0.69,-34.37,27.69,14.49,-84.87,-169.16
52.421646,-1.524941,154.75,13.45,3,208.03,21 / 22,1788810,2019-09-06 19:49:54:553,1.8908,-0.6396,9.8812,0.0064,0.0371,9.8065,-0.1025,0.0852,0.0292,0.63,-33.87,27.06,14.74,-84.92,-169.06
52.421646,-1.524941,154.75,13.45,3,208.03,21 / 22,1788910,2019-09-06 19:49:54:653,2.4046,0.9422,9.7552,-0.0069,-0.0186,9.8066,-0.0802,0.1842,-0.0379,0.38,-34.06,27.13,12.31,-84.82,-169.13
52.421646,-1.524941,154.75,13.45,3,208.03,21 / 22,1789009,2019-09-06 19:49:54:752,1.2905,-0.0383,10.0431,-0.0023,-0.0078,9.8066,0.0372,0.1232,0.004,0.44,-33.5,27.56,12.13,-84.85,-169.19
52.421646,-1.524941,154.75,13.45,3,208.03,21 / 22,1789109,2019-09-06 19:49:54:852,1.7723,0.7294,9.9107,0.0049,0.0059,9.8066,0.0378,0.1347,-0.0217,0.06,-34.37,27.69,11.85,-84.89,-169.47
52.421646,-1.524941,154.75,13.45,3,208.03,21 / 22,1789211,2019-09-06 19:49:54:954,1.3686,-0.5641,9.9785,-0.0009,0.0044,9.8066,-0.0905,0.1008,-0.0471,-0.06,-33.56,27.38,11.66,-84.93,-169.68
52.421646,-1.524941,154.75,13.45,3,208.03,21 / 22,1789310,2019-09-06 19:49:55:053,1.8109,0.1153,10.3397,0.0011,-0.0185,9.8066,-0.0247,0.1229,-0.0143,-0.06,-34,28,11.93,-84.88,-169.4
52.421646,-1.524941,154.75,13.45,3,208.03,20 / 21,1789410,2019-09-06 19:49:55:153,1.1726,1.3314,10.0024,0.0077,-0.0278,9.8066,0.1004,0.1499,0.0184,-0.06,-33.94,27.5,10.54,-84.63,-170.7
52.421646,-1.524941,154.75,13.45,3,208.03,20 / 21,1789510,2019-09-06 19:49:55:253,1.3395,-0.0144,9.9728,-0.0067,0.0252,9.8066,0.1232,0.0668,-0.0075,-0.5,-33.69,28.75,10.72,-84.65,-170.49
52.421646,-1.524941,154.75,13.45,3,208.03,20 / 21,1789609,2019-09-06 19:49:55:352,1.892,0.4399,10.6732,0.014,-0.0454,9.8065,-0.0904,0.0543,-0.0129,-0.69,-33.62,28.81,8.64,-84.61,-170.37
52.421646,-1.524941,154.75,13.45,3,208.03,20 / 21,1789710,2019-09-06 19:49:55:453,1.6233,1.3695,10.6934,0.0155,-0.0516,9.8064,-0.0553,0.1608,-0.1096,-0.44,-33.44,29,7.8,-84.32,-173.12
52.421646,-1.524941,154.75,13.45,3,208.03,20 / 21,1789809,2019-09-06 19:49:55:552,1.7338,0.8519,9.9256,0.0369,-0.0442,9.8064,0.0469,0.1149,-0.0593,-0.62,-33.56,28.44,0.68,-84.17,-177.36
52.421646,-1.524941,154.75,13.45,3,208.03,20 / 21,1789909,2019-09-06 19:49:55:652,1.4534,0.4867,9.5367,0.0277,-0.0004,9.8066,-0.0974,0.0854,-0.0917,-0.37,-33.12,28.94,358.19,-84.1,178.41
52.421646,-1.524941,154.75,13.45,3,208.03,20 / 21,1790010,2019-09-06 19:49:55:753,1.7415,0.0581,9.3507,0.0316,0.0178,9.8065,0.0767,0.0595,-0.0745,-1.12,-33.25,28.44,350.17,-84.17,173.44
52.421646,-1.524941,154.75,13.45,3,208.03,20 / 21,1790110,2019-09-06 19:49:55:853,1.7037,-0.5115,9.1739,0.0186,0.0473,9.8064,0.086,0.0986,-0.0354,-0.81,-33.44,27.63,343.71,-84.52,167.63
52.421646,-1.524941,154.75,13.45,3,208.03,20 / 21,1790210,2019-09-06 19:49:55:953,2.4417,-1.7224,9.4202,0.0093,0.025,9.8065,-0.3614,0.0088,0.0177,-0.31,-34.12,27.38,343.72,-84.67,165.66
52.421646,-1.524941,154.75,13.45,3,208.03,20 / 21,1790310,2019-09-06 19:49:56:053,1.7766,1.9542,9.1573,-0.0246,-0.0258,9.8065,-0.2502,0.1548,0.0009,0,-34.75,27.69,345.09,-84.62,166.88
52.421646,-1.524941,154.75,13.45,3,208.03,21 / 22,1790410,2019-09-06 19:49:56:153,0.0754,-1.1878,8.5319,0.0036,-0.0152,9.8066,0.0428,0.2262,-0.0374,-0.06,-34.31,28.31,344.76,-84.69,166.52
52.421646,-1.524941,154.75,13.45,3,208.03,21 / 22,1790510,2019-09-06 19:49:56:253,1.0948,-0.0977,9.4904,-0.0141,0.0093,9.8066,-0.1034,0.0049,0.0748,-0.75,-34.06,28.25,342.74,-84.83,166.71
52.421646,-1.524941,154.75,13.45,3,208.03,21 / 22,1790609,2019-09-06 19:49:56:352,1.5332,1.4368,10.1647,-0.0072,-0.0055,9.8066,-0.0267,0.0103,0.0319,-1.25,-33.94,27.81,345.58,-85.13,169.15
52.421646,-1.524941,154.75,13.45,3,208.03,21 / 22,1790710,2019-09-06 19:49:56:453,1.081,0.3684,8.9869,-0.0194,-0.0212,9.8066,-0.0475,0.0609,0.082,-1.87,-33.56,28.06,347.28,-85.12,172.71
52.421646,-1.524941,154.75,13.45,3,208.03,21 / 22,1790810,2019-09-06 19:49:56:553,1.3663,0.6126,9.4086,-0.0253,-0.0529,9.8065,0.1525,0.0882,0.0689,-2,-33.19,27.31,351.61,-84.98,176.77
52.421646,-1.524941,154.75,13.45,3,208.03,21 / 22,1790910,2019-09-06 19:49:56:653,1.2294,0.8502,9.9657,-0.021,0.0258,9.8065,-0.0329,0.0996,0.0469,-3.06,-33.37,28.13,353.94,-84.98,-179.3
52.421646,-1.524941,154.75,13.45,3,208.03,21 / 22,1791010,2019-09-06 19:49:56:753,1.0448,0.0777,10.645,0.0009,-0.0102,9.8066,0.0974,0.0778,0.0199,-3.5,-33.37,28.19,355.6,-84.74,-177.8
52.421646,-1.524941,154.75,13.45,3,208.03,21 / 22,1791110,2019-09-06 19:49:56:853,1.9417,0.1615,10.2295,-0.0017,-0.0224,9.8066,0.0331,0.1296,-0.0818,-3.19,-33.31,29.38,355.58,-84.52,-178.02
52.421646,-1.524941,154.75,13.45,3,208.03,21 / 22,1791218,2019-09-06 19:49:56:961,1.391,0.5353,10.0631,0.0077,-0.0046,9.8066,0.0211,0.1249,-0.0212,-2.94,-33.75,28.94,355.02,-84.18,-178.46
52.421646,-1.524941,154.75,13.45,3,208.03,21 / 22,1791309,2019-09-06 19:49:57:052,1.7496,0.6839,10.2258,0.0155,0.0045,9.8065,0.0245,0.1349,0.0284,-3.56,-33.94,28.81,351.04,-84.19,179.99
52.421646,-1.524941,154.75,13.45,3,208.03,21 / 22,1791409,2019-09-06 19:49:57:152,1.4999,0.9928,9.9651,0.0036,-0.0155,9.8066,-0.0642,0.1399,-0.0249,-3.81,-33.87,28.81,350.89,-84.25,179.85
52.421646,-1.524941,154.75,13.45,3,208.03,21 / 22,1791510,2019-09-06 19:49:57:253,1.3949,0.8242,10.2898,0.0091,-0.0195,9.8066,0.2288,0.1373,0.0305,-4.06,-32.62,29.25,350.06,-84.09,179.11
52.421646,-1.524941,154.75,13.45,3,208.03,21 / 22,1791610,2019-09-06 19:49:57:353,2.215,0.7838,10.1614,-0.0069,0.0111,9.8066,0.1346,0.1079,-0.0087,-4.44,-32.37,29.5,351.47,-83.91,-179.93
52.421646,-1.524941,154.75,13.45,3,208.03,21 / 22,1791709,2019-09-06 19:49:57:452,2.3928,0.4632,9.4819,0.003,0.01,9.8066,-0.0558,0.1185,0.004,-4.25,-32.12,29.25,352.14,-83.75,-179.02
52.421646,-1.524941,154.75,13.45,3,208.03,21 / 22,1791809,2019-09-06 19:49:57:552,0.8402,0.9437,9.8707,-0.003,0.0112,9.8066,-0.0234,0.1376,0.014,-3.56,-33.12,29.69,352.44,-83.82,-179.04
52.421646,-1.524941,154.75,13.45,3,208.03,21 / 22,1791909,2019-09-06 19:49:57:652,1.6626,0.1323,9.5303,0.0061,0.0188,9.8066,0.0251,0.1698,-0.0094,-4.44,-32.44,29.56,351.47,-83.88,-179.93
52.421646,-1.524941,154.75,13.45,3,208.03,21 / 22,1792009,2019-09-06 19:49:57:752,0.1783,0.049,10.0786,0.0033,0.0046,9.8066,0.031,0.0434,0.001,-4.5,-32.69,29.69,351.03,-83.75,179.74
52.421646,-1.524941,154.75,13.45,3,208.03,21 / 22,1792110,2019-09-06 19:49:57:853,2.1189,0.8963,10.2914,0.0064,0.0004,9.8066,0.1798,0.0422,0.0242,-4.75,-32.94,29.69,348.28,-83.65,179.21
52.421646,-1.524941,154.75,13.45,3,208.03,21 / 22,1792209,2019-09-06 19:49:57:952,1.8132,0.0566,9.8606,-0.0212,0.0123,9.8066,0.1353,0.0092,0.0429,-5,-32.87,30.06,349.18,-83.41,-179.95
52.421646,-1.524941,154.75,13.45,3,208.03,21 / 22,1792310,2019-09-06 19:49:58:053,0.1746,-1.3524,9.0386,-0.0018,-0.0009,9.8066,0.1212,0.055,0.0572,-4.87,-32.62,30.44,350.54,-83.28,-178.74
52.421646,-1.524941,154.75,13.45,3,208.03,21 / 22,1792410,2019-09-06 19:49:58:153,0.3998,1.0443,10.1248,-0.0255,0.0299,9.8065,-0.0461,0.1506,-0.0277,-5.37,-32.69,29,353.18,-83.57,-176.14
52.421646,-1.524941,154.75,13.45,3,208.03,21 / 22,1792509,2019-09-06 19:49:58:252,-0.5076,0.5517,10.4343,-0.0029,0.0268,9.8066,-0.0296,0.0643,-0.0069,-6,-32.94,28.69,350.67,-83.7,-176.45
52.421646,-1.524941,154.75,13.45,3,208.03,21 / 22,1792610,2019-09-06 19:49:58:353,0.574,-0.1916,10.4797,0.021,-0.0397,9.8065,0.0058,0.0397,-0.0132,-6.5,-33.31,28.63,349.75,-83.57,-177.22
52.421646,-1.524941,154.75,13.45,3,208.03,21 / 22,1792710,2019-09-06 19:49:58:453,0.2108,0.1947,9.9822,0.0168,-0.0496,9.8065,0.1477,0.0023,0.0212,-6.94,-33.31,30.31,346.59,-83.01,-178.45
52.421646,-1.524941,154.75,13.45,3,208.03,21 / 22,1792810,2019-09-06 19:49:58:553,-0.575,0.5313,10.0852,-0.0159,0.028,9.8065,0.0837,0.0064,0.0336,-6.75,-32.56,30.94,347.72,-82.96,-177.92
52.421646,-1.524941,154.75,13.45,3,208.03,21 / 22,1792909,2019-09-06 19:49:58:652,-0.0832,-0.1096,9.4173,-0.0266,0.0408,9.8065,-0.1225,0.0574,-0.0396,-7,-32.69,30.63,349.28,-83.13,-176.6
52.421646,-1.524941,154.75,13.45,3,208.03,21 / 22,1793010,2019-09-06 19:49:58:753,-0.8538,0.5288,9.0388,-0.0134,0.0006,9.8066,-0.0669,-0.0384,0.0579,-6.81,-32.69,30.06,350.57,-83.26,-175.05
52.421646,-1.524941,154.75,13.45,3,208.03,21 / 22,1793110,2019-09-06 19:49:58:853,-1.1725,0.6031,10.1371,-0.0229,-0.0112,9.8065,-0.0108,0.0327,0.004,-6.25,-33.37,30.13,354.9,-83.3,-173.11
52.421646,-1.524941,154.75,13.45,3,208.03,21 / 22,1793210,2019-09-06 19:49:58:953,0.2835,-0.0463,9.677,-0.0056,-0.0074,9.8066,0.0503,-0.0798,0.0566,-6.62,-33.31,29.94,354.5,-83.29,-171.65
52.421646,-1.524941,154.75,13.45,3,208.03,21 / 22,1793309,2019-09-06 19:49:59:052,-0.3842,-0.9137,10.5941,-0.0057,-0.0016,9.8065,0.1218,-0.0741,0.0101,-6.81,-33,29.94,355.61,-83.05,-170.66
52.421646,-1.524941,154.75,13.45,3,208.03,21 / 22,1793411,2019-09-06 19:49:59:154,-0.7673,-0.7859,10.6816,0.0054,0.0014,9.8066,0.0878,-0.0583,-0.0187,-6.94,-32.56,30.25,354.49,-82.94,-171.61
52.421646,-1.524941,154.75,13.45,3,208.03,21 / 22,1793510,2019-09-06 19:49:59:253,-0.8915,-0.3728,10.323,0.0167,-0.0108,9.8066,-0.1165,-0.0539,0.0054,-5.94,-32.75,30.56,355.47,-83.09,-172.97
52.421646,-1.524941,154.75,13.45,3,208.03,21 / 22,1793609,2019-09-06 19:49:59:352,-0.3519,0.1822,9.8748,0.0127,-0.0059,9.8065,-0.0558,-0.0514,0.003,-6.37,-33.31,29.56,353.14,-83.12,-174.61
52.421646,-1.524941,154.75,13.45,3,208.03,21 / 22,1793710,2019-09-06 19:49:59:453,-1.0902,-0.613,9.7701,0.0089,-0.0119,9.8065,-0.0932,0.0443,-0.0997,-6.19,-33.12,30.19,352.17,-83.15,-175.46
52.421646,-1.524941,154.75,13.45,3,208.03,21 / 22,1793809,2019-09-06 19:49:59:552,0.2263,0.7472,9.9554,0.016,-0.0133,9.8066,-0.048,-0.0941,0.049,-6.25,-33.25,30.13,350.89,-83.05,-176.55
52.421646,-1.524941,154.75,13.45,3,208.03,21 / 22,1793910,2019-09-06 19:49:59:653,-0.2578,0.7954,9.8644,0.0022,-0.0203,9.8066,0.024,-0.1201,0.0121,-6.19,-33.19,30.31,350.23,-82.83,-177.07
52.421646,-1.524941,154.75,13.45,3,208.03,21 / 22,1794010,2019-09-06 19:49:59:753,-0.8702,-0.2166,9.909,-0.001,0.0262,9.8065,0.0354,0.0085,0.0066,-5.87,-33.12,30.31,349.66,-82.89,-177.58
52.421646,-1.524941,154.75,13.45,3,208.03,21 / 22,1794110,2019-09-06 19:49:59:853,-0.7121,0.0305,10.1622,-0.008,0.0254,9.8066,-0.0363,0.0631,-0.0647,-6.44,-33.06,30.25,349.24,-82.95,-177.95
52.421646,-1.524941,154.75,13.45,3,208.03,21 / 22,1794210,2019-09-06 19:49:59:953,-0.2002,0.5727,9.9469,0.0231,0,9.8066,0.0041,-0.0432,0.0357,-6.19,-32.87,29.63,346.67,-82.98,179.82
52.421646,-1.524941,154.75,13.45,3,208.03,21 / 22,1794310,2019-09-06 19:50:00:053,-0.7425,0.1053,9.8257,0.0093,-0.0095,9.8066,-0.0306,0.017,-0.0683,-6,-32.87,29.88,345.67,-82.91,178.98
52.421646,-1.524941,154.75,13.45,3,208.03,20 / 21,1794410,2019-09-06 19:50:00:153,-0.8117,-0.5064,9.5864,0.0106,0.0084,9.8066,0.0368,-0.055,0.0394,-6.06,-32.75,31.19,344.95,-82.8,177.97
52.421646,-1.524941,154.75,13.45,3,208.03,20 / 21,1794509,2019-09-06 19:50:00:252,0.1372,-0.4426,9.7843,0.0003,0.0131,9.8066,-0.0734,-0.0536,0.0398,-5.44,-32.44,30.63,346.06,-82.89,177.06
52.421646,-1.524941,154.75,13.45,3,208.03,20 / 21,1794610,2019-09-06 19:50:00:353,0.2391,0.8386,9.3985,-0.0007,0.0121,9.8066,-0.0718,0.0054,-0.0466,-5.25,-32.69,30.44,344.7,-83.03,176.26
52.421646,-1.524941,154.75,13.45,3,208.03,20 / 21,1794710,2019-09-06 19:50:00:453,-0.5914,0.4467,9.6155,0.0035,0.0068,9.8066,0.0049,-0.0631,0.0347,-4.87,-32.75,30.06,344.03,-83.1,175.66
52.421646,-1.524941,154.75,13.45,3,208.03,20 / 21,1794810,2019-09-06 19:50:00:553,0.1941,-0.3292,10.3382,0.0019,0.0137,9.8066,0.0424,0.035,-0.0465,-3.94,-33,29.94,345.54,-83.14,175.1
52.421646,-1.524941,154.75,13.45,3,208.03,20 / 21,1794910,2019-09-06 19:50:00:653,-0.6532,0.0614,10.2821,0.005,0.0252,9.8065,-0.0036,0.04,0.012,-4.37,-33,30.06,344.41,-83.1,174.13
52.421646,-1.524941,154.75,13.45,3,208.03,20 / 21,1795010,2019-09-06 19:50:00:753,-0.2412,-0.3913,9.9406,0.0163,-0.0314,9.8065,-0.0408,-0.0454,0.0548,-4.87,-33.37,29.63,342.35,-82.94,174.26
52.421646,-1.524941,154.75,13.45,3,208.03,20 / 21,1795110,2019-09-06 19:50:00:853,-0.3751,0.228,9.6786,-0.0027,-0.0303,9.8066,-0.0061,-0.053,-0.0728,-5.19,-33.19,30.5,342.88,-82.69,174.43
52.421646,-1.524941,154.75,13.45,3,208.03,20 / 21,1795210,2019-09-06 19:50:00:953,0.0654,-0.542,10.246,0.0064,0.0116,9.8066,0.0177,-0.0035,-0.0164,-5.06,-33.19,30.5,341.99,-82.77,173.63
52.421646,-1.524941,154.75,13.45,3,208.03,20 / 21,1795310,2019-09-06 19:50:01:053,-0.6611,-0.9772,9.1626,0.0013,-0.0033,9.8066,-0.0158,0.0566,-0.0161,-4.37,-33.19,30.69,342.61,-82.85,172.35
52.42059,-1.525201,153.23,13.97,2,176.99,21 / 22,1795409,2019-09-06 19:50:01:152,1.0107,-0.955,9.6255,0.0018,0.0119,9.8066,-0.1203,0.0423,0.0107,-5.12,-33.19,30.13,340.22,-82.77,172.48
52.42059,-1.525201,153.23,13.97,2,176.99,21 / 22,1795509,2019-09-06 19:50:01:252,-0.0273,0.5568,10.2083,-0.0135,0.0329,9.8065,-0.0995,0.0224,-0.0326,-5.44,-33.56,29.94,340.07,-83.07,172.3
52.42059,-1.525201,153.23,13.97,2,176.99,21 / 22,1795609,2019-09-06 19:50:01:352,-0.4341,0.031,9.9658,0.013,-0.0385,9.8065,-0.0282,0.001,0.0651,-5.19,-33.25,30.38,339.39,-83.07,171.63
52.42059,-1.525201,153.23,13.97,2,176.99,21 / 22,1795710,2019-09-06 19:50:01:453,0.0522,0.135,9.5323,-0.0031,0.0011,9.8066,-0.0222,-0.0057,-0.0031,-5,-33.19,30.19,339.6,-82.8,171.93
52.42059,-1.525201,153.23,13.97,2,176.99,21 / 22,1795810,2019-09-06 19:50:01:553,-0.2445,-0.4442,9.5826,-0.0033,0.0131,9.8066,-0.052,0.0753,-0.0022,-5.37,-32.75,30.31,339.84,-82.81,172.13
52.42059,-1.525201,153.23,13.97,2,176.99,21 / 22,1795910,2019-09-06 19:50:01:653,0.2363,0.3274,10.153,0.0018,0.0058,9.8066,0.0254,0.0635,-0.0259,-5.19,-33.19,30.75,339.8,-82.83,171.7
52.42059,-1.525201,153.23,13.97,2,176.99,21 / 22,1796010,2019-09-06 19:50:01:753,-0.2682,-0.2431,10.212,0.0064,0.0043,9.8066,0.0658,-0.0483,0.0118,-5.37,-32.69,30.88,338.85,-82.77,170.91
52.42059,-1.525201,153.23,13.97,2,176.99,21 / 22,1796109,2019-09-06 19:50:01:852,1.0144,1.2093,9.8742,0.0059,0.0019,9.8066,0.1138,-0.0824,0.05,-5.12,-32.94,30.38,338.29,-82.65,170.86
52.42059,-1.525201,153.23,13.97,2,176.99,21 / 22,1796210,2019-09-06 19:50:01:953,0.2891,0.0514,10.01,-0.0052,-0.0042,9.8066,0.0542,0.071,-0.0536,-5.44,-32.69,31,339.13,-82.57,171.23
52.42059,-1.525201,153.23,13.97,2,176.99,21 / 22,1796310,2019-09-06 19:50:02:053,0.3383,-0.1505,9.8033,-0.0151,0.004,9.8066,-0.0323,-0.0609,0.0794,-5.12,-32.87,31,338.83,-82.62,170.95
52.42059,-1.525201,153.23,13.97,2,176.99,21 / 22,1796409,2019-09-06 19:50:02:152,-0.5325,-1.1902,10.2024,-0.0078,0.0182,9.8066,0.0267,0.0498,-0.018,-6,-32.44,30.13,336.93,-82.72,171.39
52.42059,-1.525201,153.23,13.97,2,176.99,21 / 22,1796510,2019-09-06 19:50:02:253,0.0111,0.4766,9.4942,0.0159,-0.0355,9.8065,-0.1033,-0.0343,0.0146,-6.06,-32.44,30.31,336.73,-82.55,171.29
52.42059,-1.525201,153.23,13.97,2,176.99,21 / 22,1796610,2019-09-06 19:50:02:353,-0.2912,0.2867,9.5013,-0.0047,0.0359,9.8066,-0.1434,0.0094,-0.0345,-7.06,-31.37,30.5,334.6,-82.59,170.61
52.42059,-1.525201,153.23,13.97,2,176.99,21 / 22,1796710,2019-09-06 19:50:02:453,-0.1849,0.4613,9.6057,0.0055,0.0302,9.8065,0.108,0.0696,-0.0595,-7,-31.56,30.75,333,-82.71,169.25
52.42059,-1.525201,153.23,13.97,2,176.99,21 / 22,1796810,2019-09-06 19:50:02:553,-0.4495,-0.7225,9.5621,-0.0034,0.003,9.8066,0.0905,-0.0046,-0.0094,-6.44,-31.75,30.88,334.64,-82.63,168.97
52.42059,-1.525201,153.23,13.97,2,176.99,21 / 22,1796910,2019-09-06 19:50:02:653,0.8149,0.1771,10.1699,-0.0132,0.0058,9.8066,-0.0194,-0.0753,0.0831,-6.19,-32.19,31.19,333.59,-82.61,168.07
52.42059,-1.525201,153.23,13.97,2,176.99,21 / 22,1797009,2019-09-06 19:50:02:752,0.1025,-0.0661,9.7997,0.0052,0.0175,9.8066,-0.0318,0.0095,-0.0385,-5.75,-32.75,30.44,333.26,-82.73,168.28
52.42059,-1.525201,153.23,13.97,2,176.99,21 / 22,1797110,2019-09-06 19:50:02:853,-0.3232,0.1657,9.7688,-0.009,0.0027,9.8065,0.0769,-0.0223,0.0198,-5.81,-32.69,29.88,334.02,-82.77,168.93
52.42059,-1.525201,153.23,13.97,2,176.99,21 / 22,1797210,2019-09-06 19:50:02:953,0.3098,-0.2654,10.179,-0.0067,-0.0161,9.8066,0.053,0.0427,0.0271,-6,-32.69,30.25,335.22,-82.76,169.97
52.42059,-1.525201,153.23,13.97,2,176.99,21 / 22,1797310,2019-09-06 19:50:03:053,-0.8127,0.4047,10.2016,-0.008,-0.0042,9.8066,-0.0282,0.0351,0.032,-6.37,-33,30.63,337.46,-82.75,171.48
52.42059,-1.525201,153.23,13.97,2,176.99,21 / 22,1797410,2019-09-06 19:50:03:153,-0.8578,1.2749,10.0373,-0.0033,0.0082,9.8066,-0.0347,0.0189,0.0293,-5.69,-32.87,30.31,337.03,-82.74,171.56
52.42059,-1.525201,153.23,13.97,2,176.99,21 / 22,1797510,2019-09-06 19:50:03:253,-0.2529,-0.2789,10.2938,0.0046,0.014,9.8066,0.0646,0.0375,-0.0634,-5.75,-32.69,30.38,337.12,-82.73,171.64
52.42059,-1.525201,153.23,13.97,2,176.99,21 / 22,1797609,2019-09-06 19:50:03:352,-0.8055,-0.0293,10.4416,-0.0126,0.0008,9.8066,0.0079,-0.0053,-0.0205,-6.44,-32.62,30.06,336.99,-82.7,171.54
52.42059,-1.525201,153.23,13.97,2,176.99,21 / 22,1797710,2019-09-06 19:50:03:453,0.3417,0.5702,10.0809,0.0092,-0.0083,9.8066,-0.0225,0.0316,-0.0524,-5.87,-32.75,30.88,337.55,-82.51,171.66
52.42059,-1.525201,153.23,13.97,2,176.99,21 / 22,1797810,2019-09-06 19:50:03:553,-0.8655,-0.502,10.2765,0.0017,-0.0231,9.8065,0.0293,-0.0176,0.0737,-6.19,-32.62,30.31,336.83,-82.4,171.55
52.42059,-1.525201,153.23,13.97,2,176.99,21 / 22,1797910,2019-09-06 19:50:03:653,0.4366,-0.4459,10.0635,0.0143,0.0098,9.8066,-0.0595,-0.0318,-0.0075,-5.69,-33.56,30,336.08,-82.37,171.01
52.42059,-1.525201,153.23,13.97,2,176.99,21 / 22,1798010,2019-09-06 19:50:03:753,-0.7953,0.4922,9.8994,0.0074,-0.0004,9.8066,-0.0268,0.0044,-0.0742,-5.19,-33.87,30.56,338.11,-82.33,170.54
52.42059,-1.525201,153.23,13.97,2,176.99,21 / 22,1798109,2019-09-06 19:50:03:852,0.2473,0.7607,8.7923,0.0363,0.0149,9.8065,-0.0039,-0.0003,-0.0869,-5.19,-32.69,30.5,336.17,-82.34,168.77
52.42059,-1.525201,153.23,13.97,2,176.99,21 / 22,1798209,2019-09-06 19:50:03:952,-1.4724,0.0781,9.4939,0.0199,-0.0064,9.8065,0.0332,-0.0065,-0.0061,-6.06,-33,29.69,328.7,-82.35,164.52
52.42059,-1.525201,153.23,13.97,2,176.99,21 / 22,1798310,2019-09-06 19:50:04:053,1.4581,0.9089,8.446,-0.003,0.054,9.8064,-0.0842,0.0202,-0.0313,-6.31,-34.31,30.19,325.67,-82.81,161.71
52.42059,-1.525201,153.23,13.97,2,176.99,21 / 22,1798409,2019-09-06 19:50:04:152,0.1991,1.2281,8.647,-0.0358,0.0126,9.8065,-0.1457,0.0189,0.0558,-5.87,-34.19,30.69,328.45,-83.13,163.46
52.42059,-1.525201,153.23,13.97,2,176.99,21 / 22,1798510,2019-09-06 19:50:04:253,-0.5361,0.4703,9.8358,-0.0594,0.0251,9.8064,0.0133,-0.0363,0.1381,-5.75,-33.31,30.25,334.41,-83.89,168.69
52.42059,-1.525201,153.23,13.97,2,176.99,21 / 22,1798610,2019-09-06 19:50:04:353,-1.3631,0.5689,10.7923,-0.0394,-0.004,9.8065,0.1183,0.0001,0.0839,-6.06,-32.94,30.31,339.55,-83.98,173.23
52.42059,-1.525201,153.23,13.97,2,176.99,21 / 22,1798710,2019-09-06 19:50:04:453,-1.2707,-1.2483,10.179,-0.003,-0.0447,9.8065,-0.0684,0.0067,0.0093,-6,-33.81,30.31,344.07,-83.72,177.39
52.42059,-1.525201,153.23,13.97,2,176.99,21 / 22,1798810,2019-09-06 19:50:04:553,-0.8796,0.1178,10.471,0.0068,-0.0463,9.8064,-0.1226,-0.0125,-0.0499,-6.5,-33.69,30.19,345.86,-83.16,179.12
52.42059,-1.525201,153.23,13.97,2,176.99,21 / 22,1798910,2019-09-06 19:50:04:653,-1.645,0.5304,10.4521,0.0124,0.0198,9.8066,0.0541,0.0049,-0.0754,-6.25,-33.62,31.13,343.58,-83.28,176.68
52.42059,-1.525201,153.23,13.97,2,176.99,21 / 22,1799010,2019-09-06 19:50:04:753,-1.7129,0.8692,10.6375,0.0213,-0.0173,9.8066,0.0397,-0.0547,-0.0141,-6.19,-32.75,30.69,341.01,-83.19,174.4
52.42059,-1.525201,153.23,13.97,2,176.99,21 / 22,1799110,2019-09-06 19:50:04:853,0.5418,0.1901,9.906,0.0183,-0.0028,9.8066,0.0784,-0.0781,0.0155,-5.37,-32.94,31.25,340.37,-82.85,172.19
52.42059,-1.525201,153.23,13.97,2,176.99,21 / 22,1799210,2019-09-06 19:50:04:953,-0.5444,-0.6102,9.8329,0.0148,-0.0095,9.8066,0.0071,-0.0693,-0.0079,-5.94,-32.56,30.63,337.33,-82.63,171.42
52.42059,-1.525201,153.23,13.97,2,176.99,21 / 22,1799310,2019-09-06 19:50:05:053,-1.2349,0.1345,9.8262,0.0026,0.0019,9.8066,-0.0332,-0.0168,-0.0025,-5.75,-32.87,30.81,336.8,-82.61,170.97
52.42059,-1.525201,153.23,13.97,2,176.99,21 / 22,1799410,2019-09-06 19:50:05:153,-0.235,0.3477,9.9185,0.0103,0.0011,9.8066,-0.0131,-0.0008,-0.022,-5.56,-32.5,31.13,336.27,-82.61,170.41
52.42059,-1.525201,153.23,13.97,2,176.99,21 / 22,1799510,2019-09-06 19:50:05:253,0.1019,0.0445,9.6324,-0.0015,0.0029,9.8066,0.0666,-0.0373,0.0346,-5.56,-32.5,30.69,335.58,-82.64,169.79
52.42059,-1.525201,153.23,13.97,2,176.99,21 / 22,1799610,2019-09-06 19:50:05:353,0.3871,0.3704,9.6673,0.0033,-0.0084,9.8065,0.0099,0.0513,-0.0096,-5.56,-32.25,30.69,335.35,-82.64,169.59
52.42059,-1.525201,153.23,13.97,2,176.99,21 / 22,1799710,2019-09-06 19:50:05:453,-0.5432,-0.3234,9.2702,0.0044,-0.0052,9.8066,-0.0964,0.0384,-0.0435,-5.31,-32.37,30.38,336.84,-82.59,169.54
52.42059,-1.525201,153.23,13.97,2,176.99,21 / 22,1799810,2019-09-06 19:50:05:553,0.2063,0.4234,9.6604,0.0004,-0.0164,9.8066,-0.1128,-0.0016,-0.0101,-5.19,-31.94,30.5,337.2,-82.67,169.42
52.42059,-1.525201,153.23,13.97,2,176.99,21 / 22,1799910,2019-09-06 19:50:05:653,-0.0976,0.9706,9.8736,-0.0098,0.009,9.8066,0.0706,-0.0342,0.0594,-5.12,-32.81,30.5,336.96,-82.84,169.22
52.42059,-1.525201,153.23,13.97,2,176.99,21 / 22,1800013,2019-09-06 19:50:05:756,-1.3488,-0.2591,10.1417,-0.013,0.0074,9.8066,0.0574,-0.0744,0.033,-4.94,-31.5,30.94,338.6,-82.89,170.47
52.42059,-1.525201,153.23,13.97,2,176.99,21 / 22,1800110,2019-09-06 19:50:05:853,0.5015,-0.2183,9.505,-0.0115,-0.0107,9.8066,-0.0486,-0.036,0.0672,-4.25,-31.62,29.81,341.45,-82.93,171.55
52.42059,-1.525201,153.23,13.97,2,176.99,21 / 22,1800210,2019-09-06 19:50:05:953,0.2238,-0.4661,9.3078,-0.0111,0.001,9.8065,-0.011,0.0604,-0.01,-4.12,-31.69,29.5,343.06,-83.05,172.91
52.42059,-1.525201,153.23,13.97,2,176.99,21 / 22,1800310,2019-09-06 19:50:06:053,-0.8253,-0.12,9.5897,-0.0038,0.01,9.8066,-0.0802,0.0324,-0.012,-6.12,-31.94,29.19,339.87,-83.32,174.17
52.42059,-1.525201,153.23,13.97,2,176.99,21 / 22,1800410,2019-09-06 19:50:06:153,-0.6147,0.3849,9.9774,0.0001,-0.0359,9.8066,-0.0065,-0.0247,0.0494,-6.5,-32.31,29.75,340.9,-83.3,174.62
52.42059,-1.525201,153.23,13.97,2,176.99,21 / 22,1800509,2019-09-06 19:50:06:252,-0.4079,0.3059,10.1288,0.0189,0,9.8066,0.0217,-0.0532,-0.0309,-6.62,-32.69,30.25,338.59,-83.13,174.54
52.42059,-1.525201,153.23,13.97,2,176.99,21 / 22,1800609,2019-09-06 19:50:06:352,-0.5197,0.8167,9.7745,0.0144,-0.0591,9.8064,-0.0029,-0.0315,-0.015,-6.12,-32.87,31.25,340.29,-82.78,173.93
52.42059,-1.525201,153.23,13.97,2,176.99,21 / 22,1800710,2019-09-06 19:50:06:453,0.4742,0.8783,9.498,-0.0057,0.0552,9.8065,0.0675,0.019,0.0961,-5.56,-33.12,30.94,339.03,-83.09,172.7
52.42059,-1.525201,153.23,13.97,2,176.99,21 / 22,1800810,2019-09-06 19:50:06:553,-1.678,0.0106,9.906,-0.0246,0.0665,9.8063,-0.0777,-0.0735,0.039,-5.62,-32.5,30.5,340.14,-83.33,173.52
52.42059,-1.525201,153.23,13.97,2,176.99,21 / 22,1800910,2019-09-06 19:50:06:653,0.0618,1.2069,9.733,0.003,-0.0154,9.8066,0.0128,-0.0589,0.0019,-5.5,-33.12,31.44,342.06,-83.36,173.48
52.42059,-1.525201,153.23,13.97,2,176.99,21 / 22,1801010,2019-09-06 19:50:06:753,-1.1034,1.0062,10.2822,0.0046,-0.03,9.8065,0.0363,0.0125,-0.041,-4.81,-32.25,31.44,342.41,-83.29,173.75
52.42059,-1.525201,153.23,13.97,2,176.99,21 / 22,1801110,2019-09-06 19:50:06:853,-0.2143,-0.1109,10.0679,0.0113,-0.0233,9.8066,-0.0059,0.0562,0.0144,-3.56,-31.56,32.38,345.08,-83.22,174.03
52.42059,-1.525201,153.23,13.97,2,176.99,21 / 22,1801210,2019-09-06 19:50:06:953,-0.524,0.5028,9.7769,0.0008,-0.0243,9.8065,0.0401,-0.0044,0.029,-1.31,-30.75,32.81,351.26,-82.91,174.07
52.42059,-1.525201,153.23,13.97,2,176.99,21 / 22,1801309,2019-09-06 19:50:07:052,-0.2533,-0.2058,9.8661,0.0045,-0.0004,9.8066,-0.0889,-0.032,-0.0341,2.44,-29.44,29.5,356.94,-83,173.51
52.42059,-1.525201,153.23,13.97,2,176.99,21 / 22,1801410,2019-09-06 19:50:07:153,-0.0444,1.3069,9.6268,-0.0021,-0.0031,9.8065,-0.0833,0.0083,-0.0394,0.69,-30,21.88,355.68,-83.1,173.82
52.42059,-1.525201,153.23,13.97,2,176.99,21 / 22,1801509,2019-09-06 19:50:07:252,-0.798,0.353,9.53,0.0199,-0.0165,9.8066,0.0245,0.0521,-0.0143,-9.19,-32.56,20.25,322.12,-83.11,172.93
52.42059,-1.525201,153.23,13.97,2,176.99,21 / 22,1801610,2019-09-06 19:50:07:353,-0.622,0.297,9.7132,-0.0081,0.0151,9.8066,0.0751,0.0419,0.0098,-13.87,-34.62,27.69,321.03,-83.01,172.73
52.42059,-1.525201,153.23,13.97,2,176.99,21 / 22,1801709,2019-09-06 19:50:07:452,0.5285,0.1306,10.8465,-0.007,0.0067,9.8065,0.0107,0.055,-0.0284,-9.62,-33.06,32.56,332.37,-83.01,172.5
52.42059,-1.525201,153.23,13.97,2,176.99,21 / 22,1801809,2019-09-06 19:50:07:552,0.5614,0.8112,9.0345,0.0003,-0.0137,9.8066,-0.0934,0.0165,-0.0548,-7.87,-33.37,32.06,336.34,-82.78,173.44
52.42059,-1.525201,153.23,13.97,2,176.99,21 / 22,1801909,2019-09-06 19:50:07:652,1.1947,-0.8569,9.442,-0.0026,0.027,9.8065,-0.0408,-0.0075,0.1013,-6.37,-33.37,32.25,340.25,-82.76,173.49
52.42059,-1.525201,153.23,13.97,2,176.99,21 / 22,1802009,2019-09-06 19:50:07:752,-0.6854,0.1621,9.1857,-0.0102,0.0414,9.8065,-0.0527,0.0257,0.0966,-5.56,-33.37,31.63,340.68,-83.34,173.65
52.42059,-1.525201,153.23,13.97,2,176.99,21 / 22,1802110,2019-09-06 19:50:07:853,-1.0971,0.5536,9.2187,-0.0071,0.0396,9.8065,0.0058,0.0433,-0.092,-5.37,-33,30.81,342.44,-83.48,173.78
52.42059,-1.525201,153.23,13.97,2,176.99,21 / 22,1802209,2019-09-06 19:50:07:952,-0.2645,0.679,10.2024,-0.0055,0.0165,9.8066,0.076,0.0031,-0.0464,-5.62,-32.31,30.44,339.1,-83.57,172.93
52.42059,-1.525201,153.23,13.97,2,176.99,21 / 22,1802310,2019-09-06 19:50:08:053,0.029,0.8772,10.4669,-0.0021,-0.0128,9.8065,0.1025,0.0213,0.0682,-5.56,-31.06,31.13,339.44,-83.36,172.8
52.42059,-1.525201,153.23,13.97,2,176.99,21 / 22,1802410,2019-09-06 19:50:08:153,0.0727,-0.3076,10.3941,-0.0066,0.003,9.8066,-0.0149,0.0025,0.0289,-5.69,-30.81,32.13,341.15,-83.01,174.04
52.42059,-1.525201,153.23,13.97,2,176.99,21 / 22,1802509,2019-09-06 19:50:08:252,-0.2643,-0.1979,10.1414,-0.0085,-0.0169,9.8066,-0.0049,-0.0282,0.0054,-5,-30.94,31,344.01,-82.82,175.24
52.42059,-1.525201,153.23,13.97,2,176.99,21 / 22,1802610,2019-09-06 19:50:08:353,0.0887,0.4757,9.5949,-0.0038,0.0032,9.8066,-0.013,0.0696,-0.0503,-5.12,-31.75,29.88,344.25,-83.02,175.81
52.42059,-1.525201,153.23,13.97,2,176.99,21 / 22,1802709,2019-09-06 19:50:08:452,-0.04,-0.0048,9.2524,0.0004,0.0021,9.8066,-0.0071,0.0253,0.0334,-5.5,-32.56,30.06,344.73,-83.2,176.23
52.42059,-1.525201,153.23,13.97,2,176.99,21 / 22,1802810,2019-09-06 19:50:08:553,-0.2377,0.0601,9.4119,-0.0061,-0.0071,9.8066,-0.064,-0.0206,0.0019,-5.44,-32.5,31,345.55,-83.22,176.53
52.42059,-1.525201,153.23,13.97,2,176.99,21 / 22,1802910,2019-09-06 19:50:08:653,-0.5248,0.252,9.8091,-0.001,0.0071,9.8066,0.0522,-0.0043,-0.0556,-6,-32.31,30.94,343.84,-83.23,176.81
52.42059,-1.525201,153.23,13.97,2,176.99,21 / 22,1803009,2019-09-06 19:50:08:752,-0.5731,-0.1446,9.8701,-0.0021,0.0005,9.8066,0.0348,-0.0339,0.0444,-5.75,-33.12,31.13,343.63,-83.23,176.68
52.42059,-1.525201,153.23,13.97,2,176.99,21 / 22,1803110,2019-09-06 19:50:08:853,-0.3734,0.0812,9.2536,-0.0072,0.0212,9.8066,-0.0262,0.0082,0.0096,-5.62,-33.12,31.13,344.6,-83.32,177.5
52.42059,-1.525201,153.23,13.97,2,176.99,21 / 22,1803210,2019-09-06 19:50:08:953,-0.4827,0.4861,10.0367,-0.0025,0.039,9.8065,-0.0185,-0.0078,-0.0378,-6.37,-32.87,30.13,343.83,-83.5,177.19
52.42059,-1.525201,153.23,13.97,2,176.99,21 / 22,1803310,2019-09-06 19:50:09:053,-0.6715,-0.27,10.172,-0.0027,0.0027,9.8066,-0.0135,-0.0493,0.0263,-5.56,-33,31,343.72,-83.58,176.65
52.42059,-1.525201,153.23,13.97,2,176.99,21 / 22,1803410,2019-09-06 19:50:09:153,0.3664,0.3329,9.7991,0.0227,0.0078,9.8065,0.0238,0.015,-0.0288,-5.56,-32.81,30.75,341.93,-83.58,175.07
52.42059,-1.525201,153.23,13.97,2,176.99,21 / 22,1803510,2019-09-06 19:50:09:253,0.0822,0.3998,9.8669,0.0168,-0.0173,9.8066,0.0863,-0.0421,-0.0131,-5.12,-32.37,30.81,343.49,-83.49,174.64
52.42059,-1.525201,153.23,13.97,2,176.99,21 / 22,1803610,2019-09-06 19:50:09:353,-0.7005,0.3564,9.5498,0.0043,-0.0038,9.8066,0.1313,0.0142,0,-4.62,-32.25,31.75,342.68,-83.35,173.63
52.42059,-1.525201,153.23,13.97,2,176.99,21 / 22,1803710,2019-09-06 19:50:09:453,-2.4187,0.2462,10.7169,-0.0022,-0.0385,9.8066,-0.1226,-0.0419,-0.0184,-3.37,-31.19,32.25,347.74,-83.12,174.59
52.42059,-1.525201,153.23,13.97,2,176.99,21 / 22,1803809,2019-09-06 19:50:09:552,0.4773,-0.6374,9.6451,0.0156,0.0145,9.8066,-0.0031,0.0578,-0.0398,-1.31,-30.44,32.19,351.11,-83.39,173.92
52.42059,-1.525201,153.23,13.97,2,176.99,21 / 22,1803910,2019-09-06 19:50:09:653,-1.4748,0.2586,9.8324,-0.0142,-0.0157,9.8066,-0.0867,0.0859,0.0017,1.13,-30.37,26.38,357.48,-83.33,175.63
52.42059,-1.525201,153.23,13.97,2,176.99,21 / 22,1804010,2019-09-06 19:50:09:753,0.0831,-0.0904,9.1193,0.0012,-0.0202,9.8066,-0.0537,0.0487,-0.0023,-4.44,-32.19,22.13,342.33,-83.46,175.58
52.42059,-1.525201,153.23,13.97,2,176.99,21 / 22,1804109,2019-09-06 19:50:09:852,0.2333,0.3877,9.6294,0.0093,-0.0076,9.8066,-0.0071,-0.0105,0.0024,-10.25,-33.25,25.38,328.97,-83.56,175
52.42059,-1.525201,153.23,13.97,2,176.99,21 / 22,1804209,2019-09-06 19:50:09:952,-0.4482,0.1885,9.381,-0.0014,-0.0151,9.8066,-0.0021,-0.0061,0.0754,-10.06,-33.06,30.69,334.33,-83.45,175.22
52.42059,-1.525201,153.23,13.97,2,176.99,21 / 22,1804310,2019-09-06 19:50:10:053,0.9176,0.1361,9.8443,0.0012,0.0136,9.8065,-0.0214,0.0971,-0.0291,-8.5,-32.19,31.63,339.62,-83.39,176.01
52.419476,-1.525024,152,13.55,2,174.84,21 / 22,1804409,2019-09-06 19:50:10:152,-0.0335,-0.2956,10.0767,-0.0014,-0.0029,9.8066,-0.0123,0.028,0.0324,-8.25,-32.37,31.81,340.12,-83.37,176.46
52.419476,-1.525024,152,13.55,2,174.84,21 / 22,1804510,2019-09-06 19:50:10:253,-1.0685,0.3363,9.93,-0.0049,-0.0054,9.8066,0.029,-0.0219,0.0768,-7.81,-32.19,30.44,340.61,-83.34,177.94
52.419476,-1.525024,152,13.55,2,174.84,21 / 22,1804609,2019-09-06 19:50:10:352,0.0855,0.1549,10.3263,-0.0016,-0.0051,9.8066,0.0644,0.0032,0.0008,-7.5,-31.44,30.81,344.18,-83.32,178.78
52.419476,-1.525024,152,13.55,2,174.84,21 / 22,1804710,2019-09-06 19:50:10:453,-0.9839,0.0067,9.9165,0.0047,0.0009,9.8066,-0.1264,0.056,-0.1041,-7.56,-32.19,30.31,342.26,-83.27,179.41
52.419476,-1.525024,152,13.55,2,174.84,21 / 22,1804810,2019-09-06 19:50:10:553,-0.2371,0.2596,9.5322,-0.0097,-0.0178,9.8066,-0.0414,0.0258,0.0528,-8.75,-32.12,29.75,340.77,-83.26,179.86
52.419476,-1.525024,152,13.55,2,174.84,21 / 22,1804911,2019-09-06 19:50:10:654,-0.3504,-0.0782,9.5381,-0.007,0.0012,9.8066,-0.0203,0,0.0068,-9.12,-32.5,31.19,342.86,-83.34,-178.9
52.419476,-1.525024,152,13.55,2,174.84,21 / 22,1805010,2019-09-06 19:50:10:753,0.1648,0.0032,9.5507,-0.0025,0.0092,9.8065,-0.0216,-0.0134,-0.053,-8.25,-31.44,32.69,345.79,-83.47,-179.03
52.419476,-1.525024,152,13.55,2,174.84,21 / 22,1805110,2019-09-06 19:50:10:853,0.1377,0.0979,9.2132,-0.0019,-0.0042,9.8066,-0.0783,-0.0094,0.024,-6,-32.69,31.75,349.68,-83.61,-178.48
52.419476,-1.525024,152,13.55,2,174.84,21 / 22,1805210,2019-09-06 19:50:10:953,-0.9818,-0.1088,9.8553,0.0023,-0.01,9.8066,-0.0648,-0.012,0.0246,-5.87,-33.12,30.69,349.16,-83.73,-178.59
52.419476,-1.525024,152,13.55,2,174.84,21 / 22,1805310,2019-09-06 19:50:11:053,-1.0168,1.0974,10.2312,0.0042,0.01,9.8066,0.0177,0.0176,-0.0538,-5.69,-32.94,30.44,348.88,-83.82,-178.46
52.419476,-1.525024,152,13.55,2,174.84,21 / 22,1805409,2019-09-06 19:50:11:152,0.7791,-1.3276,9.6716,0.0027,0.0179,9.8066,0.0123,-0.0303,0.0075,-5.06,-32.75,30.44,350.29,-83.87,-179.08
52.419476,-1.525024,152,13.55,2,174.84,21 / 22,1805509,2019-09-06 19:50:11:252,-0.3075,0.9051,10.1144,0.0069,-0.0186,9.8065,0.046,-0.0289,0.0089,-5.19,-33.44,29.81,348.78,-83.66,179.65
52.419476,-1.525024,152,13.55,2,174.84,21 / 22,1805610,2019-09-06 19:50:11:353,-1.0494,0.2224,9.8739,0.0149,0.0058,9.8066,0.0743,-0.0749,0.0251,-5.25,-33.19,29.94,346.81,-83.75,177.89
52.419476,-1.525024,152,13.55,2,174.84,21 / 22,1805710,2019-09-06 19:50:11:453,-0.5687,0.5937,10.5168,-0.0015,-0.0148,9.8066,-0.0015,-0.0664,0.0173,-4.75,-32.87,30.75,347.52,-83.73,178.18
52.419476,-1.525024,152,13.55,2,174.84,21 / 22,1805809,2019-09-06 19:50:11:552,-0.123,0.1073,9.9005,0.0005,-0.0008,9.8066,0.0271,0.0045,-0.025,-4.94,-32.69,30.63,347.97,-83.64,178.59
52.419476,-1.525024,152,13.55,2,174.84,21 / 22,1805910,2019-09-06 19:50:11:653,-1.3942,-0.6489,9.6135,-0.0001,-0.0142,9.8066,-0.0482,-0.0007,-0.0291,-4.75,-33.06,30.94,348.78,-83.45,179.35
52.419476,-1.525024,152,13.55,2,174.84,21 / 22,1806010,2019-09-06 19:50:11:753,-1.0475,-0.2467,10.0232,-0.0066,0.0037,9.8066,-0.0384,-0.0719,0.0242,-5.12,-33.06,30.63,349.19,-83.59,179.68
52.419476,-1.525024,152,13.55,2,174.84,21 / 22,1806110,2019-09-06 19:50:11:853,-0.8314,0.0653,9.7914,0.0022,0.0114,9.8066,-0.0374,-0.0497,0.0099,-4.37,-32.69,30.31,350.38,-83.83,179.15
52.419476,-1.525024,152,13.55,2,174.84,21 / 22,1806210,2019-09-06 19:50:11:953,-0.9158,0.5603,9.6596,0.0073,-0.0204,9.8065,-0.0764,-0.0985,0.0186,-5.19,-32.56,29.19,347.63,-83.71,179
52.419476,-1.525024,152,13.55,2,174.84,21 / 22,1806310,2019-09-06 19:50:12:053,-1.1658,0.7167,10.1397,-0.014,0.0227,9.8066,0.0656,-0.1022,0.0398,-5.75,-32.62,29.25,345.54,-83.69,179.06
52.419476,-1.525024,152,13.55,2,174.84,21 / 22,1806410,2019-09-06 19:50:12:153,-1.3705,0.2508,10.2924,-0.0023,-0.024,9.8066,-0.0182,-0.1087,0.0176,-7.69,-31,30.75,344.13,-83.44,-179.57
52.419476,-1.525024,152,13.55,2,174.84,21 / 22,1806510,2019-09-06 19:50:12:253,-1.0341,-0.6702,10.5602,0.0018,-0.0116,9.8066,0.0276,-0.0704,-0.013,-6.69,-30.06,32.5,347.68,-83.45,-179.03
52.419476,-1.525024,152,13.55,2,174.84,21 / 22,1806609,2019-09-06 19:50:12:352,-1.4858,-0.3645,9.6179,0.0003,-0.0049,9.8066,0.0631,-0.056,0.0411,-4.44,-30.06,32.19,353.01,-83.46,-179.08
52.419476,-1.525024,152,13.55,2,174.84,21 / 22,1806709,2019-09-06 19:50:12:452,-0.9587,-1.5027,9.8205,-0.0045,-0.009,9.8066,-0.1254,-0.0566,-0.0422,-5.12,-31.62,31.25,351.01,-83.37,-178.71
52.419476,-1.525024,152,13.55,2,174.84,21 / 22,1806810,2019-09-06 19:50:12:553,-1.2288,0.5953,9.9069,0.0021,-0.0317,9.8065,-0.1204,-0.0646,-0.0227,-4.5,-32.06,31.19,352.78,-83.35,-178.97
52.419476,-1.525024,152,13.55,2,174.84,21 / 22,1806909,2019-09-06 19:50:12:652,-0.5309,-1.3284,9.7994,-0.0017,-0.0071,9.8066,0.0015,-0.0315,0.0368,-4.87,-32.25,30.75,350.84,-83.47,-178.88
52.419476,-1.525024,152,13.55,2,174.84,21 / 22,1807010,2019-09-06 19:50:12:753,-1.6327,-0.028,9.9551,-0.008,0.0061,9.8065,-0.0274,-0.0527,0.0513,-4.81,-31.81,30.69,351.27,-83.62,-178.53
52.419476,-1.525024,152,13.55,2,174.84,21 / 22,1807110,2019-09-06 19:50:12:853,-1.7481,0.8031,10.0704,-0.0017,-0.0075,9.8066,0.0664,-0.0803,-0.0263,-5.75,-32.56,30.44,348.9,-83.62,-178.4
52.419476,-1.525024,152,13.55,2,174.84,21 / 22,1807210,2019-09-06 19:50:12:953,-0.908,-0.029,9.7514,-0.0059,0.0203,9.8066,0.0992,-0.0409,-0.0713,-6,-31.5,31.06,349.16,-83.66,-178.66
52.419476,-1.525024,152,13.55,2,174.84,21 / 22,1807310,2019-09-06 19:50:13:053,-0.5389,-0.3728,9.3647,0.0082,0.0253,9.8066,-0.0519,-0.0755,0.0394,-3.87,-31.25,31.19,352.19,-83.81,-179.58
52.419476,-1.525024,152,13.55,2,174.84,21 / 22,1807409,2019-09-06 19:50:13:152,-1.209,-0.6156,10.1609,-0.0022,0.0036,9.8066,0.0234,-0.0954,0.0019,-3.62,-31.31,31,352.07,-83.89,-179.7
52.419476,-1.525024,152,13.55,2,174.84,21 / 22,1807509,2019-09-06 19:50:13:252,-1.179,0.5112,10.4048,0.0086,0.0128,9.8066,0.0365,-0.0313,-0.0335,-3.37,-32.31,30.56,353.54,-83.92,179.8
52.419476,-1.525024,152,13.55,2,174.84,21 / 22,1807610,2019-09-06 19:50:13:353,-0.4217,-1.587,9.9742,0.0136,-0.039,9.8065,-0.0693,-0.0897,0.0197,-4,-32.87,30.06,350.02,-83.54,178.89
52.419476,-1.525024,152,13.55,2,174.84,21 / 22,1807709,2019-09-06 19:50:13:452,-1.1174,0.0313,9.347,0.0027,-0.0433,9.8065,-0.0394,-0.1004,-0.0205,-3.37,-33.19,29.63,352.21,-83.42,178.94
52.419476,-1.525024,152,13.55,2,174.84,21 / 22,1807809,2019-09-06 19:50:13:552,0.6988,0.1014,7.7791,0.0092,0.0192,9.8066,-0.1712,-0.0043,-0.0202,-3,-34.69,29.88,350.91,-83.57,177.86
52.419476,-1.525024,152,13.55,2,174.84,21 / 22,1807909,2019-09-06 19:50:13:652,0.4442,-0.3298,7.8379,-0.0104,-0.0654,9.8064,0.059,-0.1645,0.0242,-3.25,-35.06,30.5,351.8,-83.45,178.43
52.419476,-1.525024,152,13.55,2,174.84,21 / 22,1808009,2019-09-06 19:50:13:752,0.1105,0.2323,8.9316,-0.0141,0.1461,9.8055,0.0558,0.0187,-0.0098,-2.81,-33.87,31.13,351.17,-84.44,177.67
52.419476,-1.525024,152,13.55,2,174.84,21 / 22,1808109,2019-09-06 19:50:13:852,-2.3134,0.3423,9.157,-0.0116,0.0521,9.8064,0.3148,-0.013,-0.0743,-2.56,-33.62,30.63,351.72,-84.21,178.2
52.419476,-1.525024,152,13.55,2,174.84,21 / 22,1808209,2019-09-06 19:50:13:952,-0.5788,-0.5283,10.223,0.0035,0.0665,9.8063,0.3587,-0.1045,0.0293,-2.06,-32.56,30.5,353.66,-84.33,178.04
52.419476,-1.525024,152,13.55,2,174.84,21 / 22,1808309,2019-09-06 19:50:14:052,-0.0284,-2.0592,10.566,-0.0038,0.063,9.8063,-0.1301,-0.0955,0.0359,-1.5,-31.31,30.06,355.42,-84.13,177.84
52.419476,-1.525024,152,13.55,2,174.84,21 / 22,1808410,2019-09-06 19:50:14:153,-0.7362,-0.6483,10.0699,-0.0004,-0.055,9.8065,-0.0201,-0.0182,-0.0168,-2.5,-31.19,28.94,352.71,-83.91,177.52
52.419476,-1.525024,152,13.55,2,174.84,21 / 22,1808509,2019-09-06 19:50:14:252,-0.1622,-1.4241,10.3534,0.0038,-0.015,9.8066,-0.0935,0.005,-0.0245,-3.37,-32,29.63,350.88,-83.66,177.71
52.419476,-1.525024,152,13.55,2,174.84,21 / 22,1808610,2019-09-06 19:50:14:353,-0.8082,0.1134,9.3275,-0.0063,-0.0037,9.8066,-0.0003,-0.0618,-0.0022,-2.81,-32,29.56,350.27,-83.73,177.16
52.419476,-1.525024,152,13.55,2,174.84,21 / 22,1808710,2019-09-06 19:50:14:453,-0.1158,-0.1911,8.9486,0.0056,0.001,9.8066,-0.0488,-0.0717,0.0428,-2.62,-32.06,29.75,349.98,-83.65,176.92
52.419476,-1.525024,152,13.55,2,174.84,21 / 22,1808810,2019-09-06 19:50:14:553,-1.5655,0.1525,9.3879,-0.0068,0.0143,9.8066,-0.0349,-0.0774,-0.0086,-2.37,-32.37,29.31,351.75,-83.74,176.73
52.419476,-1.525024,152,13.55,2,174.84,21 / 22,1808910,2019-09-06 19:50:14:653,-1.1159,-0.2908,9.7587,-0.0026,0.0184,9.8066,-0.0464,-0.0826,-0.0265,-2.75,-32,28.88,349.14,-83.82,176.38
52.419476,-1.525024,152,13.55,2,174.84,21 / 22,1809010,2019-09-06 19:50:14:753,-0.5831,0.2047,10.2204,0.0043,-0.0264,9.8066,-0.0308,-0.0533,-0.0432,-2.62,-32.19,30.06,348.73,-83.88,175.77
52.419476,-1.525024,152,13.55,2,174.84,21 / 22,1809110,2019-09-06 19:50:14:853,-0.7397,0.5662,9.4906,0.0074,-0.0073,9.8066,0.0055,-0.0492,0.0378,-1.62,-32.19,30.25,350.19,-83.72,175.2
52.419476,-1.525024,152,13.55,2,174.84,21 / 22,1809210,2019-09-06 19:50:14:953,-0.626,-0.2664,9.8896,-0.0087,-0.0176,9.8066,-0.073,-0.0225,0.0428,-1.81,-32.37,29.88,351.68,-83.66,176.51
52.419476,-1.525024,152,13.55,2,174.84,21 / 22,1809309,2019-09-06 19:50:15:052,-0.555,0.1989,9.5433,-0.0066,-0.0113,9.8066,0.0168,-0.0319,0.0441,-1.56,-32.81,29.69,352.39,-83.77,177.16
52.419476,-1.525024,152,13.55,2,174.84,21 / 22,1809411,2019-09-06 19:50:15:154,-1.1182,0.1857,9.7307,-0.0079,0.0011,9.8065,-0.0362,-0.0717,0.0363,-1.37,-33.19,29.5,356.25,-83.88,178.62
52.419476,-1.525024,152,13.55,2,174.84,21 / 22,1809510,2019-09-06 19:50:15:253,-0.5554,0.1485,9.7146,-0.0089,0.0024,9.8066,0.0313,-0.0182,0.0192,-1.5,-33.19,29.75,357.21,-83.98,179.46
52.419476,-1.525024,152,13.55,2,174.84,21 / 22,1809610,2019-09-06 19:50:15:353,-1.0117,0.2707,9.8493,-0.0108,-0.0116,9.8066,-0.0672,-0.0391,0.0449,-0.87,-33.69,29.31,357.48,-83.97,179.78
52.419476,-1.525024,152,13.55,2,174.84,21 / 22,1809710,2019-09-06 19:50:15:453,-0.6215,-0.1036,9.8925,-0.0041,0.0124,9.8066,0.0491,-0.0464,0.0008,-0.94,-33.94,29.69,359.07,-83.98,-178.9
52.419476,-1.525024,152,13.55,2,174.84,21 / 22,1809810,2019-09-06 19:50:15:553,-0.837,-0.0894,9.9335,-0.0019,0.0189,9.8066,0.0777,-0.071,0.012,-0.37,-33.25,29.38,2.01,-84.1,-178.24
52.419476,-1.525024,152,13.55,2,174.84,21 / 22,1809909,2019-09-06 19:50:15:652,-0.6202,0.3255,9.6784,-0.0024,0.0144,9.8065,-0.1221,-0.0317,-0.0098,-0.87,-33.87,29.13,359.97,-84.12,-178.05
52.419476,-1.525024,152,13.55,2,174.84,21 / 22,1810009,2019-09-06 19:50:15:752,-0.7625,0.4814,9.7392,0.0004,-0.02,9.8066,-0.0932,-0.0902,0.0478,-0.75,-33.94,29.44,359.87,-83.94,-178.14
52.419476,-1.525024,152,13.55,2,174.84,21 / 22,1810110,2019-09-06 19:50:15:853,-0.5901,0.9538,9.7052,-0.0062,-0.0189,9.8066,0.1271,-0.0972,0.0236,-0.5,-33.62,29.31,3.25,-83.83,-177.18
52.419476,-1.525024,152,13.55,2,174.84,21 / 22,1810210,2019-09-06 19:50:15:953,-1.0048,-0.2007,10.1289,-0.0111,0.0069,9.8066,0.0298,-0.1063,-0.0175,-0.75,-33.44,29.06,1.81,-83.78,-176.45
52.419476,-1.525024,152,13.55,2,174.84,21 / 22,1810310,2019-09-06 19:50:16:053,-1.1634,-0.3365,9.8381,-0.0065,0.0132,9.8065,-0.015,-0.0421,0.0312,-0.56,-33.19,28.88,3.26,-83.79,-175.19
52.419476,-1.525024,152,13.55,2,174.84,21 / 22,1810410,2019-09-06 19:50:16:153,-0.7071,-0.0224,9.8882,-0.0155,0.001,9.8066,0.0449,-0.0716,0.0747,-0.31,-33.94,29.69,7.88,-83.79,-173.13
52.419476,-1.525024,152,13.55,2,174.84,21 / 22,1810510,2019-09-06 19:50:16:253,-0.6434,-0.0895,9.929,-0.0029,-0.023,9.8066,-0.0659,-0.1015,0.0066,-0.69,-33.81,29.38,7.55,-83.84,-171.46
52.419476,-1.525024,152,13.55,2,174.84,21 / 22,1810610,2019-09-06 19:50:16:353,-1.078,0.4111,10.0442,-0.0117,-0.0268,9.8066,-0.0617,-0.0733,-0.039,-0.06,-33.56,29.44,11.01,-83.67,-170.47
52.419476,-1.525024,152,13.55,2,174.84,21 / 22,1810709,2019-09-06 19:50:16:452,-0.8896,0.1886,10.0017,0.0039,-0.0127,9.8066,0.0513,-0.0528,0.006,0.44,-33.56,29.13,10.89,-83.7,-170.57
52.419476,-1.525024,152,13.55,2,174.84,21 / 22,1810810,2019-09-06 19:50:16:553,-0.8173,-0.6635,10.1583,0.0052,-0.0086,9.8066,0.0513,-0.056,0.0437,0.44,-33.44,28.88,10.36,-83.7,-170.99
52.419476,-1.525024,152,13.55,2,174.84,21 / 22,1810910,2019-09-06 19:50:16:653,-1.0437,0.8216,10.1149,-0.0079,-0.0086,9.8066,-0.0534,-0.0686,-0.0402,1.31,-33.37,29.25,12.56,-83.6,-171.07
52.419476,-1.525024,152,13.55,2,174.84,21 / 22,1811010,2019-09-06 19:50:16:753,-1.4608,0.5922,10.0105,-0.0039,-0.0145,9.8066,-0.0687,-0.0926,0.0283,1.75,-33.25,28.56,14.09,-83.45,-171.75
52.419476,-1.525024,152,13.55,2,174.84,21 / 22,1811110,2019-09-06 19:50:16:853,-0.6903,0.5375,9.4139,-0.0049,-0.0026,9.8066,0.0399,-0.0744,0.0994,1.5,-35,28.25,14.99,-83.46,-171.29
52.419476,-1.525024,152,13.55,2,174.84,21 / 22,1811210,2019-09-06 19:50:16:953,0.0896,1.214,9.6841,-0.0171,-0.0066,9.8066,-0.1114,-0.0379,-0.0633,1.38,-35.75,28.56,14.19,-83.67,-169.79
52.419476,-1.525024,152,13.55,2,174.84,21 / 22,1811309,2019-09-06 19:50:17:052,-0.4799,-0.3588,9.1484,-0.0009,0.0235,9.8066,0.0786,-0.045,0.0575,1.13,-34.75,29.44,14.89,-83.82,-169.08
52.419476,-1.525024,152,13.55,2,174.84,21 / 22,1811411,2019-09-06 19:50:17:154,-1.9979,-0.1922,10.1887,0.0007,0.0118,9.8066,0.0367,-0.0856,0.1301,1.06,-34.19,29.56,16.08,-83.8,-167.86
52.419476,-1.525024,152,13.55,2,174.84,21 / 22,1811509,2019-09-06 19:50:17:252,-1.0354,0.3688,10.6561,-0.0077,-0.008,9.8066,0.0622,-0.0778,-0.0505,1,-33.94,29,17.28,-83.81,-166.94
52.419476,-1.525024,152,13.55,2,174.84,21 / 22,1811610,2019-09-06 19:50:17:353,-1.0693,0.5305,10.6219,0.005,-0.008,9.8066,0.1486,-0.0856,-0.0382,1.25,-34.12,29.69,16.03,-83.63,-167.96
52.419476,-1.525024,152,13.55,2,174.84,21 / 22,1811710,2019-09-06 19:50:17:453,-0.9638,0.0514,10.1885,0.0125,0.003,9.8066,0,-0.0715,-0.0191,2.13,-33.19,29.94,16.46,-83.4,-169.51
52.419476,-1.525024,152,13.55,2,174.84,21 / 22,1811809,2019-09-06 19:50:17:552,-1.3604,-0.2334,9.935,0.0046,-0.0036,9.8066,-0.0467,-0.1122,0.0127,1.94,-33.44,29.81,15.39,-83.2,-170.51
52.419476,-1.525024,152,13.55,2,174.84,21 / 22,1811910,2019-09-06 19:50:17:653,-0.8303,-0.8325,9.6454,0.0038,-0.0059,9.8066,-0.0354,-0.0808,0.0286,1.56,-33.44,29.63,15.37,-83.41,-170.45
52.419476,-1.525024,152,13.55,2,174.84,21 / 22,1812009,2019-09-06 19:50:17:752,-1.1408,0.3188,9.8293,-0.0034,0.0062,9.8066,-0.0426,-0.0828,-0.0209,1.94,-33.31,29.44,15.59,-83.52,-170.42
52.419476,-1.525024,152,13.55,2,174.84,21 / 22,1812110,2019-09-06 19:50:17:853,-1.5867,0.1798,10.1012,0.014,-0.0048,9.8065,0.0483,-0.0974,-0.0219,2.31,-33.56,29.19,14.77,-83.59,-171.18
52.419476,-1.525024,152,13.55,2,174.84,21 / 22,1812209,2019-09-06 19:50:17:952,-0.6386,0.5633,9.9407,0.015,-0.0071,9.8066,0.0237,-0.0688,-0.0319,2.13,-33.44,29.63,12.29,-83.46,-173.12
52.419476,-1.525024,152,13.55,2,174.84,21 / 22,1812309,2019-09-06 19:50:18:052,-0.9231,0.4383,10.232,0,-0.033,9.8065,0.0733,-0.0677,0.0299,2,-33,29.19,11.19,-83.39,-174.28
52.419476,-1.525024,152,13.55,2,174.84,21 / 22,1812409,2019-09-06 19:50:18:152,-0.8843,0.1638,10.6499,-0.0064,-0.034,9.8066,-0.0112,-0.0709,-0.0666,2.44,-32.75,29.81,10.62,-83.16,-174.65
52.419476,-1.525024,152,13.55,2,174.84,21 / 22,1812510,2019-09-06 19:50:18:253,-0.4324,0.0868,9.56,0.0135,0.0069,9.8065,-0.0028,-0.0544,0.0183,2.5,-32.81,28.88,11.83,-83.2,-175.73
52.419476,-1.525024,152,13.55,2,174.84,21 / 22,1812609,2019-09-06 19:50:18:352,-0.6971,-0.1671,9.6437,-0.0015,-0.0052,9.8066,-0.0173,-0.1013,0.059,2.25,-32.75,28.69,8.69,-83.23,-176.47
52.419476,-1.525024,152,13.55,2,174.84,21 / 22,1812709,2019-09-06 19:50:18:452,-0.4801,0.3705,10.1138,-0.0031,0.0102,9.8066,-0.0243,-0.0908,-0.0501,2.63,-32.94,28.81,11.78,-83.36,-175.74
52.419476,-1.525024,152,13.55,2,174.84,21 / 22,1812810,2019-09-06 19:50:18:553,0.1655,0.6883,9.5891,0.0084,0.0886,9.8062,0.2049,-0.1152,0.0794,3,-33.94,27.94,11.83,-83.84,-175.87
52.419476,-1.525024,152,13.55,2,174.84,21 / 22,1812910,2019-09-06 19:50:18:653,-1.7573,-1.0783,8.5374,0.004,0.0173,9.8066,0.0288,-0.0476,-0.0794,3.13,-34.62,28.38,13.46,-83.43,-174.64
52.419476,-1.525024,152,13.55,2,174.84,21 / 22,1813009,2019-09-06 19:50:18:752,-1.2874,0.2127,10.9537,0.0277,0.0764,9.8062,0.2109,-0.1104,-0.0096,3.25,-33.56,29.44,9.47,-83.82,-177.67
52.419476,-1.525024,152,13.55,2,174.84,21 / 22,1813109,2019-09-06 19:50:18:852,-0.9398,0.5635,9.208,0.0494,0.1028,9.8059,0.0816,-0.0235,-0.0507,3.88,-32.62,28.88,8.56,-83.75,179.61
52.419476,-1.525024,152,13.55,2,174.84,21 / 22,1813209,2019-09-06 19:50:18:952,-0.4388,-1.5434,9.4128,0.0238,0.0016,9.8066,0.0245,-0.0083,-0.1163,3.94,-33.62,28.25,4.96,-83.62,176.14
52.419476,-1.525024,152,13.55,2,174.84,21 / 22,1813309,2019-09-06 19:50:19:052,-0.1745,0.1758,9.7504,0.0243,0.0277,9.8066,0.05,-0.0769,-0.0339,4.19,-33.12,27.56,0.58,-83.83,172.37
52.418415,-1.525191,151.33,13.14,2,202.48,21 / 22,1813410,2019-09-06 19:50:19:153,-0.2447,0.6019,9.6914,0.0037,-0.0347,9.8066,-0.1019,-0.0615,-0.0081,4.38,-33.25,27.5,357.87,-83.83,170.02
52.418415,-1.525191,151.33,13.14,2,202.48,21 / 22,1813510,2019-09-06 19:50:19:253,-1.0785,-1.2358,9.395,-0.0081,-0.0033,9.8066,-0.053,-0.047,-0.0223,5.13,-33.37,27.44,359.82,-83.87,169.35
52.418415,-1.525191,151.33,13.14,2,202.48,21 / 22,1813609,2019-09-06 19:50:19:352,0.0383,-1.1197,9.6453,-0.0009,-0.0328,9.8065,-0.1357,-0.0387,-0.0005,4.13,-33.19,27.94,357.6,-83.92,169.78
52.418415,-1.525191,151.33,13.14,2,202.48,21 / 22,1813710,2019-09-06 19:50:19:453,-0.5392,1.0512,10.814,-0.0062,-0.0331,9.8065,0.1615,-0.0621,-0.0148,5.63,-33.56,27.63,2.46,-83.72,170.03
52.418415,-1.525191,151.33,13.14,2,202.48,21 / 22,1813810,2019-09-06 19:50:19:553,-1.0763,-0.8113,10.184,0.0124,0.0038,9.8066,0.1346,-0.0122,0.0148,4.88,-33.12,27.44,359.11,-83.69,168.74
52.418415,-1.525191,151.33,13.14,2,202.48,21 / 22,1813910,2019-09-06 19:50:19:653,-0.9903,0.1926,11.1826,0.0084,0.0026,9.8066,-0.1451,0.0729,-0.0488,5,-33.19,27.19,358.04,-83.61,167.82
52.418415,-1.525191,151.33,13.14,2,202.48,21 / 22,1814009,2019-09-06 19:50:19:752,1.2377,0.3721,9.5313,-0.0141,-0.0973,9.8061,-0.259,0.0746,-0.1416,4.69,-33.25,27.75,356.29,-83.24,166.7
52.418415,-1.525191,151.33,13.14,2,202.48,21 / 22,1814109,2019-09-06 19:50:19:852,0.1003,1.0794,9.7996,0.0007,-0.0781,9.8063,0.0907,0.0591,-0.0622,5.81,-33,27.5,356.66,-83.29,165.03
52.418415,-1.525191,151.33,13.14,2,202.48,21 / 22,1814210,2019-09-06 19:50:19:953,-0.0816,0.5802,10.3578,0.0135,0.0193,9.8065,0.1611,-0.0548,0.0727,5.44,-32.81,27.5,354.31,-83.34,164.98
52.418415,-1.525191,151.33,13.14,2,202.48,21 / 22,1814310,2019-09-06 19:50:20:053,-0.4458,-0.015,9.9997,-0.0055,-0.0024,9.8066,-0.0387,-0.0175,0.0585,5.56,-32.75,27.25,357.16,-83.33,165.04
52.418415,-1.525191,151.33,13.14,2,202.48,21 / 22,1814409,2019-09-06 19:50:20:152,-0.203,-0.0116,9.7051,-0.0022,0.0249,9.8066,0.0939,-0.0076,0.0133,5.13,-33.56,28.19,354.95,-83.36,165.56
52.418415,-1.525191,151.33,13.14,2,202.48,21 / 22,1814510,2019-09-06 19:50:20:253,-0.084,-0.712,9.8406,-0.0023,0.0174,9.8066,-0.0176,-0.0561,-0.0307,5.44,-33.06,27.44,355.78,-83.39,165.9
52.418415,-1.525191,151.33,13.14,2,202.48,21 / 22,1814610,2019-09-06 19:50:20:353,0.9547,1.9471,10.2595,0.0266,0.0516,9.8064,0.3182,-0.0941,0.0357,6.19,-33.5,27.38,357.16,-83.59,165.03
52.418415,-1.525191,151.33,13.14,2,202.48,21 / 22,1814710,2019-09-06 19:50:20:453,-0.779,-0.8968,10.5553,0.0007,0.0376,9.8065,-0.06,0.024,0.0042,5.44,-33.06,27.5,355.15,-83.38,165.7
52.418415,-1.525191,151.33,13.14,2,202.48,21 / 22,1814810,2019-09-06 19:50:20:553,0.4058,-1.2808,9.714,-0.0141,-0.0165,9.8065,0.1279,0.0375,-0.0009,5.88,-33.69,27.94,357.28,-83.28,165.58
52.418415,-1.525191,151.33,13.14,2,202.48,21 / 22,1814909,2019-09-06 19:50:20:652,-0.3512,0.4887,10.2413,-0.0018,0.0051,9.8066,-0.0956,0.0483,0.0375,5.5,-33.25,27.5,358.18,-83.18,166.34
52.418415,-1.525191,151.33,13.14,2,202.48,21 / 22,1815009,2019-09-06 19:50:20:752,1.4876,0.0482,9.8426,-0.008,-0.0071,9.8065,-0.0678,-0.0034,0.0034,4.94,-33.31,27.44,357.46,-83.24,167.35
52.418415,-1.525191,151.33,13.14,2,202.48,21 / 22,1815109,2019-09-06 19:50:20:852,0.2218,-0.4843,9.9316,-0.0091,-0.0026,9.8066,0.0297,0.0221,0.0098,5.63,-32.94,27.38,1.26,-83.23,168.55
52.418415,-1.525191,151.33,13.14,2,202.48,21 / 22,1815209,2019-09-06 19:50:20:952,-0.7074,-0.8924,10.063,-0.0165,-0.0175,9.8066,-0.0187,-0.0066,0.0827,5.31,-33.44,27.69,1.29,-83.14,170.98
52.418415,-1.525191,151.33,13.14,2,202.48,21 / 22,1815311,2019-09-06 19:50:21:054,-0.1132,0.5968,9.9518,-0.0138,0.0023,9.8066,0.0237,0.0268,0.0255,5.75,-33.12,27.13,5.63,-83.19,172.27
52.418415,-1.525191,151.33,13.14,2,202.48,20 / 21,1815411,2019-09-06 19:50:21:154,-0.1186,-0.3564,9.5811,-0.0061,-0.0013,9.8066,0.0394,-0.0176,-0.0332,5.5,-32.94,27.88,6.18,-83.29,173.21
52.418415,-1.525191,151.33,13.14,2,202.48,20 / 21,1815510,2019-09-06 19:50:21:253,0.8094,0.529,9.355,-0.0062,-0.0165,9.8065,-0.0541,0.0002,0.0028,5.69,-34,27.56,7.23,-83.25,174.08
52.418415,-1.525191,151.33,13.14,2,202.48,20 / 21,1815610,2019-09-06 19:50:21:353,-0.6454,0.0353,9.5845,-0.0134,0.013,9.8066,-0.0118,-0.0349,0.1129,4.69,-33.56,28.69,6.04,-83.3,175.41
52.418415,-1.525191,151.33,13.14,2,202.48,20 / 21,1815710,2019-09-06 19:50:21:453,-0.6239,0.6321,9.2254,-0.0191,0.0006,9.8066,-0.0692,0.0217,-0.0284,5.38,-33.31,27.88,8.1,-83.41,176.85
52.418415,-1.525191,151.33,13.14,2,202.48,20 / 21,1815810,2019-09-06 19:50:21:553,0.4348,0.6468,9.4315,-0.015,-0.0072,9.8066,-0.1329,-0.0352,0.0518,5.13,-33.25,27.69,10.47,-83.5,178.91
52.418415,-1.525191,151.33,13.14,2,202.48,20 / 21,1815910,2019-09-06 19:50:21:653,-0.0199,0.4137,9.8449,-0.0287,-0.0494,9.8065,-0.0229,-0.0397,0.0761,4.5,-33.56,27.56,12.99,-83.43,-178.98
52.418415,-1.525191,151.33,13.14,2,202.48,20 / 21,1816011,2019-09-06 19:50:21:754,-0.1823,0.2766,9.9182,-0.027,0.0157,9.8065,-0.0366,-0.045,0.0518,4.69,-33.19,27.63,15.43,-83.32,-176.85
52.418415,-1.525191,151.33,13.14,2,202.48,20 / 21,1816110,2019-09-06 19:50:21:853,0.0281,0.6793,10.0481,-0.0115,0.0272,9.8066,0.0472,0.003,0.0765,4.44,-33.19,27.44,16.86,-83.27,-174.03
52.418415,-1.525191,151.33,13.14,2,202.48,20 / 21,1816210,2019-09-06 19:50:21:953,0.2427,-0.0337,9.8057,-0.0105,-0.0058,9.8066,-0.0011,0.0093,0.009,4.25,-33.31,27.63,18.07,-83.26,-172.61
52.418415,-1.525191,151.33,13.14,2,202.48,20 / 21,1816310,2019-09-06 19:50:22:053,-0.847,0.7823,9.8176,-0.0073,-0.0208,9.8065,-0.0092,-0.0647,0.0328,4,-32.94,27.38,19.01,-83.22,-172.2
52.418415,-1.525191,151.33,13.14,2,202.48,20 / 22,1816410,2019-09-06 19:50:22:153,0.0258,0.5745,9.6368,0.0056,-0.012,9.8066,-0.047,-0.022,-0.0112,4.19,-33,27.44,17.79,-83.18,-173.27
52.418415,-1.525191,151.33,13.14,2,202.48,20 / 22,1816509,2019-09-06 19:50:22:252,0.6345,-0.0753,8.8564,0.0012,-0.0084,9.8065,0.045,-0.0498,-0.0121,4.06,-33.44,26.88,17.22,-83.14,-173.77
52.418415,-1.525191,151.33,13.14,2,202.48,20 / 22,1816609,2019-09-06 19:50:22:352,-0.4338,-0.7622,9.1237,-0.0046,0.0098,9.8066,-0.0563,0.0017,0.0345,3.81,-33.25,27.25,17.76,-83.1,-173.33
52.418415,-1.525191,151.33,13.14,2,202.48,20 / 22,1816710,2019-09-06 19:50:22:453,0.0376,0.1054,9.911,-0.012,0.0123,9.8066,0.0122,-0.0382,0.1431,3.81,-33.56,27.19,19.6,-83.32,-171.74
52.418415,-1.525191,151.33,13.14,2,202.48,20 / 22,1816810,2019-09-06 19:50:22:553,-0.7172,-0.6374,10.0633,-0.0321,-0.0144,9.8065,0.0791,-0.0517,0.0254,4.13,-33.81,27.5,23.77,-83.3,-167.75
52.418415,-1.525191,151.33,13.14,2,202.48,20 / 22,1816910,2019-09-06 19:50:22:653,0.3904,0.491,10.3688,-0.0088,0.0038,9.8066,0.0257,-0.0776,0.0559,4.56,-33.12,26.94,28.17,-83.15,-166.38
52.418415,-1.525191,151.33,13.14,2,202.48,20 / 22,1817010,2019-09-06 19:50:22:753,0.1426,0.0363,9.897,-0.0114,-0.0312,9.8065,-0.0106,-0.0253,0.0827,4.81,-33.44,28,28.58,-82.83,-165.71
52.418415,-1.525191,151.33,13.14,2,202.48,20 / 22,1817110,2019-09-06 19:50:22:853,-1.3208,1.2793,9.8381,-0.022,-0.0253,9.8065,0.0225,-0.0132,-0.0732,4.94,-33.31,28.75,28.89,-82.69,-165.05
52.418415,-1.525191,151.33,13.14,2,202.48,20 / 22,1817209,2019-09-06 19:50:22:952,-1.5662,-0.0879,10.1163,-0.0012,-0.0111,9.8066,-0.0688,-0.1152,0.0077,5.88,-31.06,27.88,31.76,-82.61,-164.75
52.418415,-1.525191,151.33,13.14,2,202.48,20 / 22,1817310,2019-09-06 19:50:23:053,-1.4692,-0.8113,8.7798,0.0092,0.0223,9.8066,-0.3107,0.1613,0.0137,5.56,-32.19,24.81,33.76,-82.81,-164.92
52.418415,-1.525191,151.33,13.14,2,202.48,20 / 21,1817410,2019-09-06 19:50:23:153,-0.7322,-0.4811,8.1683,-0.0541,-0.1313,9.8055,-0.3422,0.0408,-0.0218,4.13,-36.31,24.19,28.96,-82.47,-166.11
52.418415,-1.525191,151.33,13.14,2,202.48,20 / 21,1817510,2019-09-06 19:50:23:253,1.8781,2.8479,8.2408,-0.0224,-0.1033,9.806,-0.1326,-0.1265,0.0992,3.56,-38.87,25.81,28.84,-82.85,-165.21
52.418415,-1.525191,151.33,13.14,2,202.48,20 / 21,1817610,2019-09-06 19:50:23:353,-0.1456,2.341,9.6454,-0.0022,0.0192,9.8066,-0.2632,-0.0216,0.0121,4.69,-37.44,28.31,31.8,-83.3,-163.09
52.418415,-1.525191,151.33,13.14,2,202.48,20 / 21,1817710,2019-09-06 19:50:23:453,-0.7676,0.6356,9.7261,-0.0077,0.0285,9.8065,0.1412,-0.0252,-0.0457,5.13,-35.87,27.44,32.55,-83.28,-162.86
52.418415,-1.525191,151.33,13.14,2,202.48,20 / 21,1817811,2019-09-06 19:50:23:554,-1.148,-0.2072,10.5027,-0.0028,0.0312,9.8066,0.241,-0.079,0.037,4.69,-35.56,27.63,33.09,-83.14,-161.96
52.418415,-1.525191,151.33,13.14,2,202.48,20 / 21,1817909,2019-09-06 19:50:23:652,-0.5244,0.0004,10.0921,0.0033,0.0394,9.8065,-0.0129,-0.068,0.0277,4.81,-35.44,26.81,33.61,-82.87,-162.13
52.418415,-1.525191,151.33,13.14,2,202.48,20 / 21,1818010,2019-09-06 19:50:23:753,-1.1896,0.4098,10.7532,-0.0104,-0.0142,9.8065,0.0578,-0.0924,0.0421,5.19,-34.75,27.56,33.26,-82.63,-162.06
52.418415,-1.525191,151.33,13.14,2,202.48,20 / 21,1818109,2019-09-06 19:50:23:852,-1.1887,0.7758,10.1413,0.0008,-0.0006,9.8066,-0.0747,-0.0556,-0.0376,4.69,-34.12,27.75,33.68,-82.67,-161.53
52.418415,-1.525191,151.33,13.14,2,202.48,20 / 21,1818209,2019-09-06 19:50:23:952,-0.9983,0.3386,9.6753,0.0007,-0.0223,9.8066,-0.0433,-0.1009,0.025,4.69,-33.87,27.69,32.91,-82.61,-162.24
52.418415,-1.525191,151.33,13.14,2,202.48,20 / 21,1818309,2019-09-06 19:50:24:052,-0.7036,0.1805,9.2964,0.0051,-0.0013,9.8066,-0.0762,-0.0995,0.02,5.06,-33.75,26.63,32.46,-82.51,-163.23
52.418415,-1.525191,151.33,13.14,2,202.48,20 / 22,1818410,2019-09-06 19:50:24:153,-0.5018,1.0021,9.3619,0.0066,0.0024,9.8066,-0.0804,-0.076,-0.0199,5.5,-33.62,26.81,34.59,-82.65,-163.29
52.418415,-1.525191,151.33,13.14,2,202.48,20 / 22,1818509,2019-09-06 19:50:24:252,0.2581,1.1512,9.4097,0.0002,-0.0101,9.8066,0.0851,-0.1376,0.0516,5.13,-34.37,26.38,32.42,-82.71,-163.7
52.418415,-1.525191,151.33,13.14,2,202.48,20 / 22,1818610,2019-09-06 19:50:24:353,-1.4373,0.6869,9.6626,-0.0125,-0.0119,9.8065,-0.079,-0.0639,0.0146,5.31,-33.94,26.25,32.91,-82.67,-163.31
52.418415,-1.525191,151.33,13.14,2,202.48,20 / 22,1818710,2019-09-06 19:50:24:453,-1.4862,0.55,9.5579,-0.0149,-0.0302,9.8066,0.122,-0.0544,0.0528,5.56,-33.87,25.69,35.53,-82.65,-163.14
52.418415,-1.525191,151.33,13.14,2,202.48,20 / 22,1818810,2019-09-06 19:50:24:553,-0.5764,1.5004,9.9656,0.0033,0.037,9.8065,0.1085,-0.1181,0.032,5.63,-34.19,25.19,36.91,-82.59,-162.72
52.418415,-1.525191,151.33,13.14,2,202.48,20 / 22,1818910,2019-09-06 19:50:24:653,-1.1709,-0.169,9.848,-0.0097,-0.021,9.8066,-0.0177,-0.1097,-0.0105,5.94,-33.94,25.5,37.15,-82.77,-161.64
52.418415,-1.525191,151.33,13.14,2,202.48,20 / 22,1819010,2019-09-06 19:50:24:753,-0.4664,1.3717,9.5653,-0.0146,-0.0214,9.8065,-0.0573,-0.0956,-0.007,6.56,-34.12,25.19,40.6,-82.6,-161.61
52.418415,-1.525191,151.33,13.14,2,202.48,20 / 22,1819110,2019-09-06 19:50:24:853,-1.1686,0.1528,9.3955,0.0004,-0.0007,9.8065,-0.0383,-0.1374,0.0201,6.56,-34.06,25.5,40.05,-82.74,-161.16
52.418415,-1.525191,151.33,13.14,2,202.48,20 / 22,1819210,2019-09-06 19:50:24:953,-0.6393,0.5422,9.3457,-0.0027,0.0142,9.8066,-0.081,-0.113,0.0564,5.94,-34.25,25.19,40.13,-82.9,-159.64
52.418415,-1.525191,151.33,13.14,2,202.48,20 / 22,1819310,2019-09-06 19:50:25:053,-0.1243,1.0413,10.2075,-0.0117,0.0087,9.8066,-0.0096,-0.1205,0.0326,6.31,-33.69,25.31,41.85,-82.97,-158.08
52.418415,-1.525191,151.33,13.14,2,202.48,21 / 22,1819410,2019-09-06 19:50:25:153,-0.8304,0.92,10.6366,-0.0092,0.0018,9.8065,0.1056,-0.0794,0.0086,6.38,-33.87,25.19,43.19,-82.9,-156.97
52.418415,-1.525191,151.33,13.14,2,202.48,21 / 22,1819510,2019-09-06 19:50:25:253,-0.5243,-0.1013,10.1638,-0.009,-0.0014,9.8066,-0.0616,-0.0756,0.0736,5.63,-33.31,25.31,43.35,-82.65,-156.88
52.418415,-1.525191,151.33,13.14,2,202.48,21 / 22,1819610,2019-09-06 19:50:25:353,-0.6069,1.4876,9.5158,-0.0308,-0.0168,9.8065,-0.0919,-0.111,0.0441,5.31,-33.69,24.44,43.7,-82.27,-155.77
52.418415,-1.525191,151.33,13.14,2,202.48,21 / 22,1819709,2019-09-06 19:50:25:452,-0.6716,0.8854,10.1161,-0.0202,0.0043,9.8066,-0.0251,-0.0655,0.0366,6,-34.37,24.5,47.51,-82.27,-153.82
52.418415,-1.525191,151.33,13.14,2,202.48,21 / 22,1819809,2019-09-06 19:50:25:552,-0.0994,0.7931,10.1646,-0.0049,0.0127,9.8066,-0.0003,-0.0725,0.0564,6.06,-34.37,24.19,50.59,-82.26,-151.97
52.418415,-1.525191,151.33,13.14,2,202.48,21 / 22,1819909,2019-09-06 19:50:25:652,-0.3247,0.267,10.1249,-0.0254,-0.0101,9.8065,0.0723,-0.0631,0.0511,6.25,-34.37,24.94,50.6,-82,-151.39
52.418415,-1.525191,151.33,13.14,2,202.48,21 / 22,1820009,2019-09-06 19:50:25:752,-0.9806,-0.2931,10.1332,-0.015,-0.0195,9.8066,0.06,-0.0516,0.0338,5.94,-34.37,25,51.04,-81.88,-151.15
52.418415,-1.525191,151.33,13.14,2,202.48,21 / 22,1820111,2019-09-06 19:50:25:854,0.438,0.388,9.6977,-0.0039,-0.0207,9.8066,0.0361,-0.1203,0.01,6.56,-34.69,24,54.59,-81.69,-151.51
52.418415,-1.525191,151.33,13.14,2,202.48,21 / 22,1820210,2019-09-06 19:50:25:953,-0.2406,0.2599,9.5537,-0.0027,0.009,9.8066,-0.0138,-0.0667,-0.0274,5.94,-35.06,24.44,52.82,-81.78,-150.84
52.418415,-1.525191,151.33,13.14,2,202.48,21 / 22,1820310,2019-09-06 19:50:26:053,-0.0635,1.4815,10.45,0.0089,0.0169,9.8066,0.0094,-0.0116,-0.0053,6.38,-35.06,24.06,52.74,-81.86,-150.82
52.418415,-1.525191,151.33,13.14,2,202.48,21 / 22,1820410,2019-09-06 19:50:26:153,0.2723,0.6748,10.4468,0.0065,-0.0008,9.8066,0.0874,-0.0379,-0.0277,6.31,-34.69,24.25,52.02,-81.93,-151.36
52.418415,-1.525191,151.33,13.14,2,202.48,21 / 22,1820509,2019-09-06 19:50:26:252,-0.2479,-0.128,10.2207,0.007,-0.019,9.8066,0.0291,-0.0133,-0.0408,6.25,-33.94,25.19,48.84,-81.75,-153.22
52.418415,-1.525191,151.33,13.14,2,202.48,21 / 22,1820610,2019-09-06 19:50:26:353,-0.0382,0.2255,9.8826,0.0077,-0.0117,9.8066,0.0284,-0.0234,0.0109,6.5,-34.44,25.06,49.21,-81.61,-155.11
52.418415,-1.525191,151.33,13.14,2,202.48,21 / 22,1820710,2019-09-06 19:50:26:453,0.2174,-0.0137,10.1006,0.01,0.01,9.8065,-0.0961,-0.009,-0.0188,7.13,-34,25.88,46.99,-81.67,-156.11
52.418415,-1.525191,151.33,13.14,2,202.48,21 / 22,1820810,2019-09-06 19:50:26:553,0.4955,1.2114,9.694,0.0082,-0.0082,9.8066,-0.0571,-0.0363,-0.0235,7.81,-34.19,25.25,49.19,-81.8,-156.93
52.418415,-1.525191,151.33,13.14,2,202.48,21 / 22,1820910,2019-09-06 19:50:26:653,0.693,1.1248,9.665,0.0031,-0.0232,9.8066,0.2239,-0.0201,-0.0654,7.06,-33.44,24.63,45.5,-81.8,-157.91
52.418415,-1.525191,151.33,13.14,2,202.48,21 / 22,1821009,2019-09-06 19:50:26:752,-0.6222,0.8625,10.5929,0.0357,0.0193,9.8065,0.3153,-0.0628,-0.0091,7.44,-33.19,24.56,43.07,-81.93,-159.89
52.418415,-1.525191,151.33,13.14,2,202.48,21 / 22,1821109,2019-09-06 19:50:26:852,0.5304,-0.3193,10.1742,0.0407,0.0355,9.8064,-0.2316,-0.093,-0.0296,7.5,-32.75,25.25,43.2,-82.06,-161.68
52.418415,-1.525191,151.33,13.14,2,202.48,21 / 22,1821209,2019-09-06 19:50:26:952,0.1399,1.5657,10.0676,0.007,-0.0059,9.8066,-0.0535,-0.0443,-0.0891,7.5,-32.94,24,42.74,-82.13,-162.96
52.418415,-1.525191,151.33,13.14,2,202.48,21 / 22,1821309,2019-09-06 19:50:27:052,-0.1353,0.066,10.4085,0.0205,0.0309,9.8065,-0.2246,-0.035,-0.018,7.44,-33.62,23.56,39.32,-82.49,-163.67
52.418415,-1.525191,151.33,13.14,2,202.48,21 / 22,1821410,2019-09-06 19:50:27:153,1.012,0.8163,9.5192,-0.0242,-0.0453,9.8065,-0.1489,0.0194,-0.0231,8.63,-34.44,23.25,45.12,-82.52,-163.82
52.418415,-1.525191,151.33,13.14,2,202.48,21 / 22,1821510,2019-09-06 19:50:27:253,0.873,0.9925,9.2656,-0.0149,-0.0484,9.8065,0.1508,0.0028,0.005,8.88,-34.44,23.5,43.03,-82.63,-164.46
52.418415,-1.525191,151.33,13.14,2,202.48,21 / 22,1821610,2019-09-06 19:50:27:353,-0.376,-0.0713,9.2225,-0.0003,0.0289,9.8065,-0.0328,-0.0065,-0.0189,8.81,-34.12,24.88,42.88,-82.67,-163.55
52.418415,-1.525191,151.33,13.14,2,202.48,21 / 22,1821710,2019-09-06 19:50:27:453,0.6574,0.401,9.3924,0.0092,0.024,9.8066,0.0505,0.0422,0.0941,7.81,-33.25,25.19,41.58,-82.9,-162.32
52.418415,-1.525191,151.33,13.14,2,202.48,21 / 22,1821810,2019-09-06 19:50:27:553,1.0324,-0.0333,10.004,-0.0092,0.0353,9.8065,0.048,0.0092,0.0415,7.81,-33.06,24.31,45.79,-83.08,-159.34
52.418415,-1.525191,151.33,13.14,2,202.48,21 / 22,1821910,2019-09-06 19:50:27:653,0.4679,-0.2861,10.0988,-0.0144,0.02,9.8066,-0.016,-0.0147,0.0338,6.94,-33.12,23.69,46.09,-83.07,-156.99
52.418415,-1.525191,151.33,13.14,2,202.48,21 / 22,1822010,2019-09-06 19:50:27:753,0.7785,0.3188,10.1631,-0.0226,0.0017,9.8066,-0.004,0.0094,0.0328,7.19,-32.94,23.88,48.43,-82.8,-155.2
52.418415,-1.525191,151.33,13.14,2,202.48,21 / 22,1822110,2019-09-06 19:50:27:853,0.7741,0.3303,10.1619,-0.02,0.0025,9.8066,0.0301,-0.0106,0.1069,7.13,-33.25,23.81,50.03,-82.55,-154.04
52.418415,-1.525191,151.33,13.14,2,202.48,21 / 22,1822210,2019-09-06 19:50:27:953,0.4354,0.9611,10.4914,-0.0266,0.0033,9.8065,-0.01,0.0009,0.0056,6.69,-32.37,23.5,51.34,-82.45,-152.75
52.418415,-1.525191,151.33,13.14,2,202.48,21 / 22,1822310,2019-09-06 19:50:28:053,0.4589,-0.329,10.0888,-0.0086,0.016,9.8065,0.0238,-0.0118,0.0191,6.38,-31.94,24.38,50.43,-82.28,-151.6
52.41752,-1.526098,151.51,12.31,3,222.8,20 / 21,1822410,2019-09-06 19:50:28:153,0.3977,0.1241,9.9607,-0.0221,-0.0076,9.8066,-0.041,0.0195,0.0056,6.5,-31.5,23.75,53.81,-82.17,-150.59
52.41752,-1.526098,151.51,12.31,3,222.8,20 / 21,1822509,2019-09-06 19:50:28:252,0.6287,0.4759,9.9768,-0.019,-0.012,9.8066,-0.087,-0.0062,0.0096,7.13,-31.75,22.75,56.37,-81.89,-149.89
52.41752,-1.526098,151.51,12.31,3,222.8,20 / 21,1822609,2019-09-06 19:50:28:352,0.8684,0.8323,10.2959,-0.0181,-0.0184,9.8066,0.1131,0.0121,0.0393,7.44,-31.25,23.31,56.62,-81.77,-149.52
52.41752,-1.526098,151.51,12.31,3,222.8,20 / 21,1822710,2019-09-06 19:50:28:453,0.2787,0.0011,10.1505,-0.0001,0.0188,9.8066,0.1241,0.0129,0.0294,7.38,-31.56,22.81,57.83,-81.72,-148.79
52.41752,-1.526098,151.51,12.31,3,222.8,20 / 21,1822809,2019-09-06 19:50:28:552,-0.0762,-0.1033,9.8308,-0.0011,0.0165,9.8066,-0.0904,0.0147,0.0074,7.13,-31.87,23.31,58.5,-81.6,-148.32
52.41752,-1.526098,151.51,12.31,3,222.8,20 / 21,1822909,2019-09-06 19:50:28:652,0.6393,-0.1286,9.5762,-0.0038,0,9.8066,-0.0279,0.009,-0.0144,6.44,-31.44,22.94,56.03,-81.56,-148.09
52.41752,-1.526098,151.51,12.31,3,222.8,20 / 21,1823010,2019-09-06 19:50:28:753,0.6942,0.711,9.654,0.0098,0.0059,9.8066,-0.0787,0.0286,0.0304,7.19,-33.25,23.25,59.39,-81.61,-147.81
52.41752,-1.526098,151.51,12.31,3,222.8,20 / 21,1823110,2019-09-06 19:50:28:853,1.3311,0.706,9.6255,-0.0032,-0.0022,9.8066,-0.0508,0.0109,0.0367,6.88,-32.75,23.13,58.9,-81.82,-147.99
52.41752,-1.526098,151.51,12.31,3,222.8,20 / 21,1823210,2019-09-06 19:50:28:953,1.583,0.4845,9.8303,-0.0011,-0.0084,9.8066,0.0257,0.0491,-0.0146,7.19,-32.62,22.88,59.18,-81.81,-147.74
52.41752,-1.526098,151.51,12.31,3,222.8,20 / 21,1823311,2019-09-06 19:50:29:054,1.6946,1.02,8.8642,0.0076,0.0131,9.8066,-0.0592,0.0331,-0.0266,6.63,-32.37,23.06,57.9,-81.97,-148.42
52.41752,-1.526098,151.51,12.31,3,222.8,20 / 22,1823410,2019-09-06 19:50:29:153,0.8375,1.2098,10.0381,0.0008,0.0379,9.8065,0.0134,0.0006,-0.0026,6.5,-32.94,23.75,57.14,-82.02,-148.3
52.41752,-1.526098,151.51,12.31,3,222.8,20 / 22,1823510,2019-09-06 19:50:29:253,1.2539,2.4401,9.913,0.0045,0.0009,9.8066,-0.0514,0.0516,0.0042,6.19,-32.19,23.31,57.91,-82.18,-145.94
52.41752,-1.526098,151.51,12.31,3,222.8,20 / 22,1823610,2019-09-06 19:50:29:353,2.8225,2.1109,9.4038,0,0.0155,9.8065,0.0408,0.0209,-0.0214,5.5,-32.44,22.94,58.18,-82.32,-145.52
52.41752,-1.526098,151.51,12.31,3,222.8,20 / 22,1823709,2019-09-06 19:50:29:452,1.7511,1.6498,9.6429,0.0012,0.0046,9.8066,-0.0568,-0.0556,0.0476,6.5,-32.12,23.75,59.91,-82.28,-145.2
52.41752,-1.526098,151.51,12.31,3,222.8,20 / 22,1823809,2019-09-06 19:50:29:552,2.7714,2.3253,9.6538,-0.0102,-0.0142,9.8065,-0.0417,0.1136,-0.0624,6.75,-32.37,23.06,61.2,-82.22,-145.1
52.41752,-1.526098,151.51,12.31,3,222.8,20 / 22,1823910,2019-09-06 19:50:29:653,1.2751,2.2778,9.8429,-0.0006,0.0069,9.8066,0.0703,0.0465,0.001,6.19,-32,23.56,57.42,-82.24,-145.38
52.41752,-1.526098,151.51,12.31,3,222.8,20 / 22,1824009,2019-09-06 19:50:29:752,1.6215,2.1144,9.2992,-0.0011,0.0059,9.8066,-0.0208,0.0345,0.0228,5.44,-31.19,23.63,54.74,-82.24,-145.34
52.41752,-1.526098,151.51,12.31,3,222.8,20 / 22,1824110,2019-09-06 19:50:29:853,1.0992,2.4162,10.0518,-0.0043,0.0085,9.8065,-0.0146,0.0176,-0.0182,6,-31.69,24.06,58.44,-82.26,-144.43
52.41752,-1.526098,151.51,12.31,3,222.8,20 / 22,1824210,2019-09-06 19:50:29:953,2.1404,2.6341,9.7499,0.0064,0.0104,9.8066,-0.0018,0.0255,-0.0881,6.75,-31.75,24.38,61.78,-82.47,-143.25
52.41752,-1.526098,151.51,12.31,3,222.8,20 / 22,1824310,2019-09-06 19:50:30:053,1.1005,3.145,9.7017,0.0106,-0.0007,9.8066,0.0247,-0.0232,-0.0107,6.44,-32.69,23.63,59.85,-82.49,-143.14
52.41752,-1.526098,151.51,12.31,3,222.8,21 / 22,1824410,2019-09-06 19:50:30:153,1.5897,2.3705,9.5207,-0.0057,0.0021,9.8066,-0.0311,0.0694,-0.1073,6.5,-32.37,23.19,62.15,-82.61,-143.75
52.41752,-1.526098,151.51,12.31,3,222.8,21 / 22,1824509,2019-09-06 19:50:30:252,2.5455,2.7585,10.0702,-0.0153,-0.0034,9.8066,0.0696,-0.0086,0.0817,5.94,-33.75,23.75,60.38,-82.38,-143.06
52.41752,-1.526098,151.51,12.31,3,222.8,21 / 22,1824610,2019-09-06 19:50:30:353,1.2269,2.5015,9.5624,0.0006,0.007,9.8066,0.0131,0.045,0.0425,6.25,-33.25,23.75,60.08,-82.48,-142.94
52.41752,-1.526098,151.51,12.31,3,222.8,21 / 22,1824710,2019-09-06 19:50:30:453,1.648,2.2608,10.3252,-0.0124,-0.004,9.8066,0.0302,0.0507,0.0272,6.56,-33.37,23.75,63.1,-82.36,-142.44
52.41752,-1.526098,151.51,12.31,3,222.8,21 / 22,1824809,2019-09-06 19:50:30:552,1.2292,2.3082,10.2845,-0.0014,0.0067,9.8066,0.0219,0.0148,0.0254,6.63,-32.75,24.31,63.6,-82.41,-141.91
52.41752,-1.526098,151.51,12.31,3,222.8,21 / 22,1824909,2019-09-06 19:50:30:652,1.3004,2.4661,9.6677,-0.0004,0.0155,9.8066,0.0106,0.013,0.0094,7.19,-33.5,25.25,63.12,-82.39,-141.42
52.41752,-1.526098,151.51,12.31,3,222.8,21 / 22,1825009,2019-09-06 19:50:30:752,0.8944,2.8771,9.6751,0.0059,-0.0054,9.8066,-0.0453,0.0053,-0.0346,6.19,-32.69,24.81,61.51,-82.37,-140.87
52.41752,-1.526098,151.51,12.31,3,222.8,21 / 22,1825109,2019-09-06 19:50:30:852,1.1512,2.5907,10.0108,-0.0073,-0.0035,9.8065,0.0038,-0.049,0.0265,7.25,-33.06,25.69,62.93,-82.44,-140.66
52.41752,-1.526098,151.51,12.31,3,222.8,21 / 22,1825210,2019-09-06 19:50:30:953,0.5181,1.9395,9.8018,0.0057,0.0015,9.8065,-0.0686,0.0026,-0.0293,6.25,-33.37,25.75,60.99,-82.52,-140.36
52.41752,-1.526098,151.51,12.31,3,222.8,21 / 22,1825310,2019-09-06 19:50:31:053,1.1731,1.9988,9.6384,-0.0058,-0.0142,9.8066,0.0102,-0.0308,0.0288,7,-33.37,26.13,62.99,-82.53,-140.49
52.41752,-1.526098,151.51,12.31,3,222.8,21 / 22,1825410,2019-09-06 19:50:31:153,0.9982,1.8112,9.8795,-0.003,0.002,9.8066,-0.0024,-0.0199,0.013,7.06,-33.44,26.06,63.4,-82.56,-140.07
52.41752,-1.526098,151.51,12.31,3,222.8,21 / 22,1825509,2019-09-06 19:50:31:252,0.7722,2.1363,10.0194,0.0082,0.0041,9.8066,-0.0057,-0.0115,-0.0066,6.81,-33.5,25.94,63.45,-82.57,-140.02
52.41752,-1.526098,151.51,12.31,3,222.8,21 / 22,1825610,2019-09-06 19:50:31:353,0.9143,2.0535,9.7925,0.008,0.0091,9.8066,0.0232,-0.0167,-0.0264,7.63,-32.87,25.56,64.92,-82.6,-140.55
52.41752,-1.526098,151.51,12.31,3,222.8,21 / 22,1825710,2019-09-06 19:50:31:453,1.3681,1.9917,9.8711,-0.0008,0.0008,9.8066,-0.015,-0.0163,-0.0012,7.19,-33,25.25,63.87,-82.65,-140.42
52.41752,-1.526098,151.51,12.31,3,222.8,21 / 22,1825810,2019-09-06 19:50:31:553,0.7625,2.1982,10.0521,0.0003,0.0104,9.8065,0.0289,-0.0201,0.0068,7.13,-33.19,25.25,64.64,-82.65,-139.69
52.41752,-1.526098,151.51,12.31,3,222.8,21 / 22,1825910,2019-09-06 19:50:31:653,0.5663,1.6969,9.9907,0.0021,0.0072,9.8066,0.033,-0.0621,0.0063,7.13,-32.87,25.69,63.6,-82.64,-139.79
52.41752,-1.526098,151.51,12.31,3,222.8,21 / 22,1826010,2019-09-06 19:50:31:753,0.6401,2.1593,10.0536,-0.0002,0.0016,9.8066,-0.0373,-0.0362,-0.008,7.25,-32.5,25,64.64,-82.73,-139.34
52.41752,-1.526098,151.51,12.31,3,222.8,21 / 22,1826109,2019-09-06 19:50:31:852,0.9263,2.0312,10.1173,0.0022,-0.0008,9.8066,0.0066,-0.0556,0.0185,6.69,-33.31,24.63,65.02,-82.76,-139.21
52.41752,-1.526098,151.51,12.31,3,222.8,21 / 22,1826210,2019-09-06 19:50:31:953,0.5861,2.3987,10.1832,0.0059,0.003,9.8066,-0.008,-0.0484,-0.0125,6.88,-32.62,24.63,65.14,-82.82,-139.02
52.41752,-1.526098,151.51,12.31,3,222.8,21 / 22,1826309,2019-09-06 19:50:32:052,0.7225,1.7278,9.8095,0.0074,0.006,9.8066,0.0004,-0.065,0.0251,7.06,-32.12,24.63,64.96,-82.88,-138.86
52.41752,-1.526098,151.51,12.31,3,222.8,20 / 22,1826409,2019-09-06 19:50:32:152,0.9443,1.4207,9.9118,0,-0.0032,9.8066,0.0111,-0.0523,0.0042,7,-32.69,24.38,66.08,-82.92,-138.95
52.41752,-1.526098,151.51,12.31,3,222.8,20 / 22,1826509,2019-09-06 19:50:32:252,0.6629,1.7815,10.0008,0.0033,0.0032,9.8066,0.0044,-0.0562,0.004,7.25,-32.75,24.25,66.15,-82.96,-138.83
52.41752,-1.526098,151.51,12.31,3,222.8,20 / 22,1826610,2019-09-06 19:50:32:353,1.0621,1.5058,9.9252,-0.0006,-0.003,9.8066,-0.0025,-0.0309,0.0242,6.94,-31.87,24.38,66.11,-83.01,-138.55
52.41752,-1.526098,151.51,12.31,3,222.8,20 / 22,1826709,2019-09-06 19:50:32:452,1.0544,1.4295,9.9078,0.0047,0.0037,9.8066,-0.0189,-0.0527,0.0064,6.81,-31.94,24.69,65.01,-83.04,-138.63
52.41752,-1.526098,151.51,12.31,3,222.8,20 / 22,1826810,2019-09-06 19:50:32:553,0.8999,1.2521,9.8668,0.0024,0.002,9.8066,0.0206,-0.0443,0.0206,7.31,-31.81,24.31,65.96,-83.15,-138.52
52.41752,-1.526098,151.51,12.31,3,222.8,20 / 22,1826910,2019-09-06 19:50:32:653,1.0589,1.1516,9.9739,0.0034,0.0056,9.8066,0.0269,-0.0281,0.0019,7.5,-32.31,24.06,68.41,-83.17,-138.26
52.41752,-1.526098,151.51,12.31,3,222.8,20 / 22,1827010,2019-09-06 19:50:32:753,0.7481,1.2795,9.892,-0.0033,-0.0005,9.8066,-0.049,-0.0352,0.0143,7.06,-32.19,23.75,66.51,-83.2,-137.94
52.41752,-1.526098,151.51,12.31,3,222.8,20 / 22,1827110,2019-09-06 19:50:32:853,0.9346,1.6902,9.9295,-0.0013,0.0015,9.8066,-0.0142,-0.028,0.0179,6.94,-32,23.38,68.07,-83.22,-137.43
52.41752,-1.526098,151.51,12.31,3,222.8,20 / 22,1827209,2019-09-06 19:50:32:952,0.7165,1.4028,9.8098,0.0086,0.0021,9.8066,-0.0198,-0.019,-0.0201,6.69,-31.81,23.63,67.33,-83.27,-137.07
52.41752,-1.526098,151.51,12.31,3,222.8,20 / 22,1827310,2019-09-06 19:50:33:053,1.0192,1.4671,9.6053,0.0062,0.008,9.8066,0.0007,-0.0176,-0.0062,7.94,-31.87,23.31,70.62,-83.38,-136.94
52.41752,-1.526098,151.51,12.31,3,222.8,21 / 22,1827412,2019-09-06 19:50:33:155,1.1827,1.0913,10.139,0.005,0.0091,9.8066,0.0046,-0.0342,0.0039,7.88,-32.19,23.5,69.78,-83.45,-136.6
52.41752,-1.526098,151.51,12.31,3,222.8,21 / 22,1827510,2019-09-06 19:50:33:253,0.8888,0.9456,9.9908,0.0075,0.0107,9.8066,-0.0163,-0.0198,-0.0159,7.69,-32.06,23.69,69.95,-83.52,-136.36
52.41752,-1.526098,151.51,12.31,3,222.8,21 / 22,1827610,2019-09-06 19:50:33:353,0.7229,0.9674,9.7279,-0.0026,-0.0008,9.8066,0.0312,-0.0162,0.0181,7.25,-32,23.19,68.98,-83.51,-136.19
52.41752,-1.526098,151.51,12.31,3,222.8,21 / 22,1827710,2019-09-06 19:50:33:453,0.6939,0.9031,9.8868,0.0039,0.0023,9.8066,-0.0094,-0.0161,-0.0172,6.63,-31.62,22.81,69.03,-83.56,-136.08
52.41752,-1.526098,151.51,12.31,3,222.8,21 / 22,1827810,2019-09-06 19:50:33:553,1.1898,0.9289,10.0207,0.0023,0.0081,9.8065,0.0269,-0.0177,0.0308,7.06,-32.31,22.94,69.24,-83.63,-135.79
52.41752,-1.526098,151.51,12.31,3,222.8,21 / 22,1827910,2019-09-06 19:50:33:653,1.1309,1.182,9.9193,0.0096,0.0154,9.8066,0.01,-0.0123,-0.0017,7.38,-32.06,23.06,69.84,-83.72,-135.09
52.41752,-1.526098,151.51,12.31,3,222.8,21 / 22,1828009,2019-09-06 19:50:33:752,0.8328,1.0634,9.7818,-0.0026,-0.003,9.8065,-0.0282,-0.0019,0.0152,7.38,-32.25,23.5,69.08,-83.75,-134.81
52.41752,-1.526098,151.51,12.31,3,222.8,21 / 22,1828110,2019-09-06 19:50:33:853,0.7297,1.0685,9.8374,0.0003,0.0005,9.8066,-0.024,-0.0147,0.0228,7.13,-32.56,23.13,70.84,-83.79,-134.3
52.41752,-1.526098,151.51,12.31,3,222.8,21 / 22,1828209,2019-09-06 19:50:33:952,0.879,1.2527,9.9427,0.0006,0.0061,9.8066,0.0128,-0.0031,-0.0047,8.44,-32.12,23.31,73.58,-83.84,-133.51
52.41752,-1.526098,151.51,12.31,3,222.8,21 / 22,1828309,2019-09-06 19:50:34:052,0.8956,0.9843,10.042,0.0016,-0.0017,9.8066,0.0059,-0.0122,-0.0029,7.88,-31.62,23.06,73.65,-83.87,-133.39
52.41752,-1.526098,151.51,12.31,3,222.8,21 / 22,1828411,2019-09-06 19:50:34:154,0.6399,0.8332,9.8258,0.0057,0.011,9.8066,0.0167,0.0047,0.0035,8,-31.81,23.31,74.36,-83.96,-132.6
52.41752,-1.526098,151.51,12.31,3,222.8,21 / 22,1828510,2019-09-06 19:50:34:253,0.5203,0.4474,9.943,0.0048,0.0077,9.8066,0.0365,-0.0082,0.0028,7.94,-32.75,23.44,74.74,-83.99,-132.43
52.41752,-1.526098,151.51,12.31,3,222.8,21 / 22,1828610,2019-09-06 19:50:34:353,0.5785,0.1928,9.9717,0.0046,0.0027,9.8065,0.0208,0.0003,-0.0036,7.94,-32.62,23.69,73.74,-84.05,-132.28
52.41752,-1.526098,151.51,12.31,3,222.8,21 / 22,1828710,2019-09-06 19:50:34:453,0.6134,0.3593,9.91,0.0031,0.0041,9.8066,-0.0016,-0.0102,-0.0079,8.31,-32.12,23.25,74.88,-84.11,-131.9
52.41752,-1.526098,151.51,12.31,3,222.8,21 / 22,1828810,2019-09-06 19:50:34:553,0.4527,0.3509,10.0138,-0.0016,0.0014,9.8065,0.0004,0.0062,0.0206,8.44,-32.5,23.94,74.25,-84.14,-131.44
52.41752,-1.526098,151.51,12.31,3,222.8,21 / 22,1828910,2019-09-06 19:50:34:653,0.3826,0.3568,9.7954,0.0057,0.0084,9.8065,-0.0094,-0.0056,0.0018,8.13,-32.31,23.56,74.76,-84.16,-130.92
52.41752,-1.526098,151.51,12.31,3,222.8,21 / 22,1829009,2019-09-06 19:50:34:752,0.3802,0.1659,9.92,0.0059,0.0079,9.8066,-0.0149,-0.0103,-0.0187,8.13,-32.37,22.94,76.41,-84.27,-130.19
52.41752,-1.526098,151.51,12.31,3,222.8,21 / 22,1829109,2019-09-06 19:50:34:852,0.479,0.4711,9.9346,0.0044,0.0067,9.8066,0.0262,0.0007,0.0085,8,-32.37,23.5,75.7,-84.32,-129.81
52.41752,-1.526098,151.51,12.31,3,222.8,21 / 22,1829209,2019-09-06 19:50:34:952,0.5558,0.2367,9.873,0.0045,0.0042,9.8066,-0.0201,0.0007,-0.003,8.19,-32.37,23.69,75.9,-84.4,-129.5
52.41752,-1.526098,151.51,12.31,3,222.8,21 / 22,1829310,2019-09-06 19:50:35:053,0.4611,0.3387,9.8071,0.0032,0.0046,9.8065,-0.0216,0.0023,0.0035,8.38,-31.94,23.44,77.44,-84.46,-128.93
52.41752,-1.526098,151.51,12.31,3,222.8,21 / 22,1829410,2019-09-06 19:50:35:153,0.3455,0.1755,9.706,0.0056,0.0065,9.8066,0.0172,-0.0178,-0.0082,7.81,-32.19,23.44,77.78,-84.49,-128.57
52.41752,-1.526098,151.51,12.31,3,222.8,21 / 22,1829511,2019-09-06 19:50:35:254,0.2402,-0.2971,10.0072,0.004,0.0059,9.8066,0.0182,-0.0034,-0.0067,8.13,-32.12,23.38,78.4,-84.59,-127.84
52.41752,-1.526098,151.51,12.31,3,222.8,21 / 22,1829611,2019-09-06 19:50:35:354,0.1741,-0.6198,9.768,0.0022,0.0019,9.8066,0.0081,0.0054,0.0121,8.06,-31.75,23.63,77.58,-84.63,-127.58
52.41752,-1.526098,151.51,12.31,3,222.8,21 / 22,1829710,2019-09-06 19:50:35:453,-0.0498,-1.0087,9.7298,0.0003,-0.0037,9.8066,0.0015,-0.0086,-0.006,8.5,-32.5,23.31,80.61,-84.64,-127.69
52.41752,-1.526098,151.51,12.31,3,222.8,21 / 22,1829809,2019-09-06 19:50:35:552,-0.0363,-0.6377,9.8387,0.0007,0.0011,9.8066,0.0147,-0.0142,0.006,7.94,-32.5,23.25,78.13,-84.64,-128.04
52.41752,-1.526098,151.51,12.31,3,222.8,21 / 22,1829910,2019-09-06 19:50:35:653,0.1558,-0.4942,9.826,0.0063,0.0053,9.8066,-0.0035,-0.0111,-0.0128,8.06,-32.69,23.13,78.42,-84.68,-127.9
52.41752,-1.526098,151.51,12.31,3,222.8,21 / 22,1830010,2019-09-06 19:50:35:753,0.1707,-0.6823,10.0123,0.0025,0.0019,9.8066,0.0067,-0.0121,0.006,8.25,-32.44,23,78.55,-84.74,-127.5
52.41752,-1.526098,151.51,12.31,3,222.8,21 / 22,1830109,2019-09-06 19:50:35:852,0.0556,-0.6358,9.9038,0.0031,0.0037,9.8066,-0.0032,0.0009,-0.003,8.25,-32.5,23.44,79.05,-84.8,-126.91
52.41752,-1.526098,151.51,12.31,3,222.8,21 / 22,1830210,2019-09-06 19:50:35:953,0.1372,-0.4725,9.7791,0.0014,0.0018,9.8066,0.0062,0.0074,0.015,8.31,-32,23.44,79.39,-84.84,-126.52
52.41752,-1.526098,151.51,12.31,3,222.8,21 / 22,1830310,2019-09-06 19:50:36:053,0.1458,-0.67,9.7738,0.0021,0.0016,9.8066,-0.0094,0.0146,0.0007,8.19,-32.31,23.25,79.73,-84.88,-126.14
52.41752,-1.526098,151.51,12.31,3,222.8,21 / 22,1830409,2019-09-06 19:50:36:152,0.0318,-0.7357,9.884,0.0004,0.0042,9.8066,-0.0059,-0.0037,0.0195,7.5,-31.94,23.75,79.38,-84.93,-125.42
52.41752,-1.526098,151.51,12.31,3,222.8,21 / 22,1830510,2019-09-06 19:50:36:253,0.1545,-0.5823,9.8707,0.0051,0.0039,9.8066,-0.0112,0.0033,-0.0098,8,-32.37,23.31,80.7,-84.98,-125.05
52.41752,-1.526098,151.51,12.31,3,222.8,21 / 22,1830610,2019-09-06 19:50:36:353,0.0973,-0.5463,9.7174,0.0017,0.0021,9.8066,0.0078,-0.029,0.0021,7.81,-32.56,23.81,80.05,-85.02,-124.85
52.41752,-1.526098,151.51,12.31,3,222.8,21 / 22,1830709,2019-09-06 19:50:36:452,0.1363,-0.7332,9.8177,0.0035,0.0031,9.8066,-0.0086,-0.0034,-0.0179,8.38,-32.5,23.5,80.25,-85.09,-124.37
52.41752,-1.526098,151.51,12.31,3,222.8,21 / 22,1830810,2019-09-06 19:50:36:553,0.0721,-0.6169,9.9217,0.001,0.003,9.8066,0.0192,-0.0222,0.0082,8.13,-32.5,23.44,81.86,-85.12,-123.72
52.41752,-1.526098,151.51,12.31,3,222.8,21 / 22,1830910,2019-09-06 19:50:36:653,-0.0299,-0.5944,9.7641,0.0025,0.0035,9.8066,-0.0015,0.0065,-0.0083,7.75,-32,23,82.27,-85.17,-123.26
52.41752,-1.526098,151.51,12.31,3,222.8,21 / 22,1831009,2019-09-06 19:50:36:752,0.071,-0.7632,9.7577,0.0041,0.0072,9.8066,-0.0018,-0.0001,0.0092,7.94,-32.12,23.25,82.98,-85.23,-122.47
52.41752,-1.526098,151.51,12.31,3,222.8,21 / 22,1831109,2019-09-06 19:50:36:852,-0.0339,-0.9238,9.9093,0.0009,0.0018,9.8066,-0.0038,0.0201,0.0077,7.75,-31.87,24.13,82.15,-85.27,-122.26
52.41752,-1.526098,151.51,12.31,3,222.8,21 / 22,1831210,2019-09-06 19:50:36:953,-0.1676,-0.647,9.8246,0.0012,0.0013,9.8066,-0.009,-0.0022,-0.0009,7.63,-32.31,23.38,83.67,-85.3,-121.69
52.41752,-1.526098,151.51,12.31,3,222.8,21 / 22,1831311,2019-09-06 19:50:37:054,-0.0276,-0.6673,9.8876,0.004,0.007,9.8066,0.0035,-0.0043,-0.0058,8,-32.62,23.88,83.83,-85.35,-120.68
52.417225,-1.526544,151.48,0,3,224.56,20 / 21,1831410,2019-09-06 19:50:37:153,0.1378,-0.6584,9.9481,0.0037,0.0037,9.8066,0.0068,-0.0166,0.0024,8,-32.81,24.13,83.89,-85.37,-120.6
52.417225,-1.526544,151.48,0,3,224.56,20 / 21,1831509,2019-09-06 19:50:37:252,0.0212,-0.9493,9.7662,0.002,0.0013,9.8066,-0.0079,0.0151,0.0059,8.13,-32,23.69,84.27,-85.43,-119.96
52.417225,-1.526544,151.48,0,3,224.56,20 / 21,1831610,2019-09-06 19:50:37:353,-0.0345,-0.6452,9.9839,0.0034,0.0073,9.8066,0.0013,0.0073,-0.0012,7.88,-32.19,23.19,86.21,-85.47,-118.95
52.417225,-1.526544,151.48,0,3,224.56,20 / 21,1831710,2019-09-06 19:50:37:453,-0.0814,-0.5292,9.8214,0.0047,0.007,9.8066,-0.0131,0.0001,-0.0041,8.06,-32.25,23.19,86.61,-85.51,-118.5
52.417225,-1.526544,151.48,0,3,224.56,20 / 21,1831810,2019-09-06 19:50:37:553,0.1045,-0.6175,9.6858,0.0014,-0.002,9.8065,-0.0163,-0.0059,0.0012,8,-32.19,22.88,86.87,-85.54,-118.19
52.417225,-1.526544,151.48,0,3,224.56,20 / 21,1831910,2019-09-06 19:50:37:653,-0.1252,-0.8595,9.8582,-0.0009,0.0009,9.8066,0.0107,-0.021,-0.0168,8,-32.5,24.25,86.39,-85.57,-117.67
52.417225,-1.526544,151.48,0,3,224.56,20 / 21,1832010,2019-09-06 19:50:37:753,-0.0725,-0.6753,9.9507,0.0035,0.004,9.8065,0.0215,-0.0233,-0.0048,8.06,-31.87,23.44,87.96,-85.59,-117.03
52.417225,-1.526544,151.48,0,3,224.56,20 / 21,1832110,2019-09-06 19:50:37:853,-0.0391,-0.5622,9.7638,0.0024,0.0022,9.8066,0.0026,-0.0043,-0.0065,7.94,-32.19,23.81,87.41,-85.63,-116.57
52.417225,-1.526544,151.48,0,3,224.56,20 / 21,1832210,2019-09-06 19:50:37:953,-0.0919,-0.7881,9.8043,0.001,0.0009,9.8066,-0.0023,-0.0025,0.003,7.75,-32.19,23.5,87.76,-85.67,-116.17
52.417225,-1.526544,151.48,0,3,224.56,20 / 21,1832310,2019-09-06 19:50:38:053,0.0574,-0.699,9.96,0.0016,0.0009,9.8066,0.0065,0.0134,0.0043,7.56,-32.31,22.94,88.53,-85.67,-116.35
52.417225,-1.526544,151.48,0,3,224.56,20 / 22,1832410,2019-09-06 19:50:38:153,-0.0984,-0.6304,9.9034,0.0016,0.0001,9.8066,-0.0037,0.0062,0.0145,8.25,-32.06,23.75,87.8,-85.71,-116.08
52.417225,-1.526544,151.48,0,3,224.56,20 / 22,1832510,2019-09-06 19:50:38:253,-0.0159,-0.6228,9.7946,0.0032,0.0054,9.8066,0.0089,0.0087,0.0072,8.06,-31.75,23.75,87.88,-85.72,-115.99
52.417225,-1.526544,151.48,0,3,224.56,20 / 22,1832610,2019-09-06 19:50:38:353,0.0176,-0.904,9.8839,0.0016,0.0027,9.8066,-0.0069,-0.0102,-0.0011,8.25,-31.62,23.63,88.23,-85.74,-115.62
52.417225,-1.526544,151.48,0,3,224.56,20 / 22,1832710,2019-09-06 19:50:38:453,-0.0996,-0.7261,9.9766,0.0027,0.0045,9.8066,0.0028,-0.0215,-0.0002,8.38,-32.44,24.13,88.75,-85.77,-115.06
52.417225,-1.526544,151.48,0,3,224.56,20 / 22,1832809,2019-09-06 19:50:38:552,-0.0081,-0.5535,9.7967,0.0003,-0.0003,9.8066,-0.013,-0.0232,-0.0107,8.88,-31.69,23.69,90.73,-85.79,-115.09
52.417225,-1.526544,151.48,0,3,224.56,20 / 22,1832909,2019-09-06 19:50:38:652,-0.0187,-0.9567,9.7474,0.0019,0.0007,9.8066,0.0162,-0.0173,-0.0035,8.38,-32.19,23.5,88.81,-85.81,-114.94
52.417225,-1.526544,151.48,0,3,224.56,20 / 22,1833009,2019-09-06 19:50:38:752,-0.1803,-0.9402,9.9117,0.0009,-0.0004,9.8066,0.0118,-0.0124,0.0022,8.38,-32.25,24.06,88.76,-85.83,-114.96
52.417225,-1.526544,151.48,0,3,224.56,20 / 22,1833110,2019-09-06 19:50:38:853,0.0024,-0.6523,9.8413,-0.0001,-0.0034,9.8066,-0.0031,0.0035,0.0126,8.94,-31.44,24.13,90.51,-85.84,-115.1
52.417225,-1.526544,151.48,0,3,224.56,20 / 22,1833210,2019-09-06 19:50:38:953,-0.0585,-0.794,9.6848,0.0008,0.0005,9.8066,-0.0099,0.0176,0.0023,9,-30.94,23.56,90.37,-85.85,-115.22
52.417225,-1.526544,151.48,0,3,224.56,20 / 22,1833309,2019-09-06 19:50:39:052,-0.1961,-0.8051,9.8982,0.0025,0.0009,9.8066,-0.0006,0.0103,0.0138,9.06,-32.12,23.38,91.49,-85.86,-115.25
52.417225,-1.526544,151.48,0,3,224.56,21 / 22,1833410,2019-09-06 19:50:39:153,-0.0914,-0.7886,9.8327,0.0007,-0.0017,9.8066,-0.01,0.0082,-0.0081,9,-32.12,24,90.6,-85.88,-115.11
52.417225,-1.526544,151.48,0,3,224.56,21 / 22,1833510,2019-09-06 19:50:39:253,-0.0008,-0.9073,9.8231,-0.0006,0.0009,9.8066,0.0035,-0.0265,0.0094,9.13,-31.31,23.81,90.4,-85.88,-115.15
52.417225,-1.526544,151.48,0,3,224.56,21 / 22,1833610,2019-09-06 19:50:39:353,-0.0757,-0.798,9.9429,0.0034,0.0015,9.8066,0.0139,-0.0136,-0.0191,8.88,-31.25,23.56,90.49,-85.91,-115.03
52.417225,-1.526544,151.48,0,3,224.56,21 / 22,1833709,2019-09-06 19:50:39:452,-0.0915,-0.6526,9.7855,-0.0029,-0.0069,9.8066,-0.0221,-0.0203,0.0043,9.19,-31.75,23.38,91.27,-85.92,-115.41
52.417225,-1.526544,151.48,0,3,224.56,21 / 22,1833810,2019-09-06 19:50:39:553,-0.009,-0.8241,9.7362,-0.0017,-0.0081,9.8066,-0.0084,0.0025,-0.0116,8.75,-31.5,23.81,89.93,-85.92,-115.57
52.417225,-1.526544,151.48,0,3,224.56,21 / 22,1833910,2019-09-06 19:50:39:653,-0.099,-0.665,9.8397,0.0014,0.0019,9.8066,0.0039,0.0048,0.005,8.94,-31.31,23.38,90.9,-85.95,-115.57
52.417225,-1.526544,151.48,0,3,224.56,21 / 22,1834011,2019-09-06 19:50:39:754,-0.1825,-0.9556,9.8444,0.0029,0.001,9.8066,0.003,0.0187,0.0069,9,-31.44,23,90.7,-85.97,-115.75
52.417225,-1.526544,151.48,0,3,224.56,21 / 22,1834109,2019-09-06 19:50:39:852,-0.244,-0.6725,9.8588,0.0011,-0.0022,9.8066,-0.0093,0.0131,0.003,8.56,-31.06,23.13,90.24,-85.97,-116.2
52.417225,-1.526544,151.48,0,3,224.56,21 / 22,1834210,2019-09-06 19:50:39:953,-0.1207,-0.777,9.8161,0.0002,-0.0019,9.8066,0.0036,0.0172,0.0161,8.5,-31.37,23.13,90.05,-85.99,-116.37
52.417225,-1.526544,151.48,0,3,224.56,21 / 22,1834311,2019-09-06 19:50:40:054,-0.2189,-0.7875,9.7563,0.0009,-0.0023,9.8066,-0.011,-0.0055,-0.0124,9.25,-31.62,22.81,90.05,-85.99,-116.54
52.417225,-1.526544,151.48,0,3,224.56,21 / 21,1834410,2019-09-06 19:50:40:153,-0.3197,-0.6939,9.9183,0.0009,-0.0013,9.8066,-0.0001,-0.0097,-0.0028,8.88,-31.31,23.38,89.23,-86.02,-117.15
52.417225,-1.526544,151.48,0,3,224.56,21 / 21,1834510,2019-09-06 19:50:40:253,0.0235,-0.8201,9.8614,0.0026,-0.0005,9.8065,0.0204,-0.0154,-0.0065,9.44,-31.44,23.06,88.61,-86.03,-117.76
52.417225,-1.526544,151.48,0,3,224.56,21 / 21,1834610,2019-09-06 19:50:40:353,-0.2089,-0.6484,9.7609,-0.003,-0.0052,9.8066,0.0197,-0.0184,0.0025,8.81,-31.25,22.81,88.13,-86.02,-118.25
52.417225,-1.526544,151.48,0,3,224.56,21 / 21,1834709,2019-09-06 19:50:40:452,-0.3167,-0.8764,10.0019,-0.0018,-0.0052,9.8066,-0.0061,0.0204,-0.005,9.19,-31.81,23.13,87.6,-86,-118.97
52.417225,-1.526544,151.48,0,3,224.56,21 / 21,1834810,2019-09-06 19:50:40:553,-0.1681,-0.7302,9.8816,-0.0012,-0.0055,9.8066,-0.0026,0.0125,0.0128,9.38,-31.37,23.31,87.03,-86,-119.38
52.417225,-1.526544,151.48,0,3,224.56,21 / 21,1834910,2019-09-06 19:50:40:653,-0.1389,-0.6374,9.7249,0.0037,-0.0005,9.8066,-0.0022,0.0184,-0.0002,9.06,-32.06,23.25,86.81,-86.01,-119.75
52.417225,-1.526544,151.48,0,3,224.56,21 / 21,1835010,2019-09-06 19:50:40:753,-0.1745,-0.8218,9.8688,-0.001,-0.0015,9.8066,-0.0088,-0.0034,0.0175,8.75,-31.81,23.25,86.13,-86.02,-120.42
52.417225,-1.526544,151.48,0,3,224.56,21 / 21,1835109,2019-09-06 19:50:40:852,-0.2486,-0.7068,9.9405,-0.0006,-0.0025,9.8066,0.0036,0.0006,-0.0042,9,-31.5,22.81,85.44,-86,-120.96
52.417225,-1.526544,151.48,0,3,224.56,21 / 21,1835210,2019-09-06 19:50:40:953,-0.2088,-0.598,9.8932,0.0004,-0.0043,9.8066,0.0092,-0.0257,0.0009,8.81,-31.87,23.19,85.12,-85.99,-121.45
52.417225,-1.526544,151.48,0,3,224.56,21 / 21,1835311,2019-09-06 19:50:41:054,-0.0866,-0.823,9.7606,0.0001,-0.0051,9.8066,0.0094,-0.0192,-0.0162,9.19,-31.06,22.94,84.4,-86,-122
52.417225,-1.526544,151.48,0,3,224.56,21 / 22,1835411,2019-09-06 19:50:41:154,-0.0469,-0.6517,9.9115,-0.0012,-0.0063,9.8066,-0.0133,-0.0097,-0.0044,9.06,-31.5,23.31,83.4,-85.98,-123.01
52.417225,-1.526544,151.48,0,3,224.56,21 / 22,1835510,2019-09-06 19:50:41:253,-0.0744,-0.5576,9.9333,0.0009,-0.0014,9.8066,0.0138,0.0072,0.0092,8.88,-31,23.06,82.93,-85.98,-123.48
52.417225,-1.526544,151.48,0,3,224.56,21 / 22,1835609,2019-09-06 19:50:41:352,-0.1393,-0.7286,9.7581,-0.0002,0.0002,9.8066,0.0047,-0.0021,0.0102,9,-31.31,23,82.59,-85.96,-123.84
52.417225,-1.526544,151.48,0,3,224.56,21 / 22,1835710,2019-09-06 19:50:41:453,-0.1701,-0.6783,9.8236,-0.0013,-0.0062,9.8066,-0.0009,0.0177,0.0143,8.81,-31.87,22.88,82.25,-85.96,-124.34
52.417225,-1.526544,151.48,0,3,224.56,21 / 22,1835810,2019-09-06 19:50:41:553,0.0222,-0.5872,9.9486,-0.0003,-0.0035,9.8066,-0.0062,0.0019,-0.0017,8.81,-31.44,23.31,81.22,-85.94,-125.22
52.417225,-1.526544,151.48,0,3,224.56,21 / 22,1835910,2019-09-06 19:50:41:653,-0.1263,-0.6916,9.7903,-0.0032,-0.0064,9.8066,0.0074,-0.0158,0.0095,9.19,-31.31,23.06,80.08,-85.92,-126.38
52.417225,-1.526544,151.48,0,3,224.56,21 / 22,1836009,2019-09-06 19:50:41:752,-0.0529,-0.5478,9.7767,-0.0007,-0.0049,9.8066,-0.0211,-0.0156,-0.0168,8.44,-32,22.94,77.56,-85.91,-126.92
52.417225,-1.526544,151.48,0,3,224.56,21 / 22,1836110,2019-09-06 19:50:41:853,0.0415,-0.6224,9.9262,-0.0008,0.0006,9.8066,0.0253,-0.0186,0.0041,9,-31.69,22.5,78.75,-85.89,-127.88
52.417225,-1.526544,151.48,0,3,224.56,21 / 22,1836209,2019-09-06 19:50:41:952,-0.0944,-0.5829,9.8572,0.0011,0.0002,9.8066,0.0164,-0.0144,-0.0096,8.75,-30.75,22.44,79.31,-85.88,-128.26
52.417225,-1.526544,151.48,0,3,224.56,21 / 22,1836310,2019-09-06 19:50:42:053,-0.0858,-0.4189,9.8023,-0.0026,-0.0041,9.8066,0.0039,-0.0085,0.0127,8.44,-31.56,23.19,75.48,-85.86,-129.02
52.417225,-1.526544,151.48,0,3,224.56,21 / 22,1836409,2019-09-06 19:50:42:152,0.0154,-0.7642,9.8771,0.0001,-0.0056,9.8066,-0.0097,0.0181,-0.0024,9.25,-31.69,22.81,76.82,-85.83,-129.87
52.417225,-1.526544,151.48,0,3,224.56,21 / 22,1836510,2019-09-06 19:50:42:253,-0.1474,-0.5754,9.8572,-0.0015,-0.0023,9.8066,-0.007,-0.004,0.0184,8.75,-31.31,23.38,76.05,-85.8,-130.49
52.417225,-1.526544,151.48,0,3,224.56,21 / 22,1836610,2019-09-06 19:50:42:353,-0.0504,-0.4637,9.8353,0.0017,-0.0026,9.8066,-0.0121,-0.0038,-0.008,8.88,-31.87,23,75.79,-85.79,-130.92
52.417225,-1.526544,151.48,0,3,224.56,21 / 22,1836710,2019-09-06 19:50:42:453,-0.007,-0.6528,9.8311,-0.0027,-0.0037,9.8066,0.0121,-0.0196,-0.0012,9.25,-32.12,23.5,73.91,-85.75,-131.8
52.417225,-1.526544,151.48,0,3,224.56,21 / 22,1836810,2019-09-06 19:50:42:553,-0.1245,-0.5546,9.8721,0.0003,-0.0044,9.8066,0.0052,-0.012,-0.0171,9.06,-31.69,22.88,74.27,-85.75,-132.46
52.417225,-1.526544,151.48,0,3,224.56,21 / 22,1836910,2019-09-06 19:50:42:653,-0.0973,-0.4461,9.8229,-0.0029,-0.0055,9.8066,-0.003,-0.015,0.008,9.19,-31.69,22.81,73.77,-85.73,-132.97
52.417225,-1.526544,151.48,0,3,224.56,21 / 22,1837010,2019-09-06 19:50:42:753,0.0154,-0.6416,9.7686,-0.0003,-0.0055,9.8066,0.0018,0.0165,-0.0013,9.44,-31.56,22.5,73.05,-85.7,-133.72
52.417225,-1.526544,151.48,0,3,224.56,21 / 22,1837109,2019-09-06 19:50:42:852,-0.1158,-0.5254,9.884,0.0005,-0.0002,9.8066,-0.0042,0.0069,0.0129,8.94,-31.06,22.81,72.34,-85.67,-134.27
52.417225,-1.526544,151.48,0,3,224.56,21 / 22,1837209,2019-09-06 19:50:42:952,-0.0937,-0.4549,9.8443,0.001,-0.0021,9.8066,-0.0024,0.0058,0.0005,8.88,-31.94,23.19,71.98,-85.66,-134.8
52.417225,-1.526544,151.48,0,3,224.56,21 / 22,1837310,2019-09-06 19:50:43:053,-0.0657,-0.7385,9.7975,-0.0007,-0.003,9.8066,-0.0063,-0.0098,0.0065,9,-31.87,22.75,71.35,-85.63,-135.46
52.417225,-1.526544,151.48,0,3,224.56,21 / 22,1837410,2019-09-06 19:50:43:153,-0.0797,-0.5931,9.7783,0.0005,-0.0016,9.8066,0.0068,-0.0131,-0.0146,9.19,-31.94,22.69,70.62,-85.6,-136.2
52.417225,-1.526544,151.48,0,3,224.56,21 / 22,1837510,2019-09-06 19:50:43:253,-0.1413,-0.6209,9.8624,0.0009,-0.0036,9.8066,0.0009,-0.0107,0.0056,9.19,-31.56,22.13,71.13,-85.59,-136.8
52.417225,-1.526544,151.48,0,3,224.56,21 / 22,1837610,2019-09-06 19:50:43:353,0.0146,-0.3752,9.9458,-0.0021,-0.0032,9.8066,-0.0097,0.0145,-0.0103,9,-31.75,22.44,70.55,-85.56,-137.42
52.417225,-1.526544,151.48,0,3,224.56,21 / 22,1837711,2019-09-06 19:50:43:454,-0.1242,-0.5615,9.7119,0.0001,-0.0027,9.8066,0.0067,-0.0029,0.0124,8.94,-31.31,23.31,68.46,-85.53,-138.21
52.417225,-1.526544,151.48,0,3,224.56,21 / 22,1837810,2019-09-06 19:50:43:553,-0.1031,-0.5741,9.85,-0.0003,-0.0027,9.8066,-0.0046,0.002,-0.002,9.88,-31.81,22.81,70.07,-85.48,-138.92
52.417225,-1.526544,151.48,0,3,224.56,21 / 22,1837910,2019-09-06 19:50:43:653,-0.0179,-0.3299,9.9782,0,-0.0048,9.8066,0.0069,-0.0241,0.0017,9,-31.5,23.06,67.34,-85.47,-139.36
52.417225,-1.526544,151.48,0,3,224.56,21 / 22,1838010,2019-09-06 19:50:43:753,-0.0835,-0.5657,9.8128,-0.0019,-0.0033,9.8066,0.001,-0.0076,-0.0162,8.94,-31.87,23.38,67.1,-85.42,-139.82
52.417225,-1.526544,151.48,0,3,224.56,21 / 22,1838110,2019-09-06 19:50:43:853,-0.1043,-0.5888,9.8923,0.0017,-0.0037,9.8066,-0.0002,0.0038,0.014,9.06,-31.31,23.31,66.49,-85.42,-140.24
52.417225,-1.526544,151.48,0,3,224.56,21 / 22,1838210,2019-09-06 19:50:43:953,-0.0665,-0.3483,9.9275,-0.0012,-0.0014,9.8066,-0.0139,0.0158,0.0001,9,-31.62,22.44,67.38,-85.4,-140.67
52.417225,-1.526544,151.48,0,3,224.56,21 / 22,1838311,2019-09-06 19:50:44:054,-0.0103,-0.4303,9.777,-0.001,0.0002,9.8066,0.0069,-0.0169,0.0104,9.13,-31.94,23.38,66.04,-85.38,-140.89
52.417225,-1.526544,151.48,0,3,224.56,20 / 21,1838410,2019-09-06 19:50:44:153,-0.1064,-0.4894,9.9028,0.0019,-0.0009,9.8066,-0.0092,-0.0123,-0.0151,9.31,-31.06,22.94,65.44,-85.36,-141.32
52.417225,-1.526544,151.48,0,3,224.56,20 / 21,1838510,2019-09-06 19:50:44:253,-0.042,-0.3288,9.9341,0.0001,0,9.8066,0.0232,-0.0234,0.0055,8.63,-31.69,23.13,65.13,-85.32,-141.83
52.417225,-1.526544,151.48,0,3,224.56,20 / 21,1838610,2019-09-06 19:50:44:353,-0.0758,-0.4762,9.8546,0.0025,0.0014,9.8066,0.0092,-0.006,-0.0047,9.13,-31.19,22.75,64.63,-85.31,-142.15
52.417225,-1.526544,151.48,0,3,224.56,20 / 21,1838710,2019-09-06 19:50:44:453,-0.0422,-0.4117,9.938,-0.0044,-0.0054,9.8066,-0.0031,0.0179,0.0151,9.19,-31.44,23.5,63.15,-85.25,-142.63
52.417225,-1.526544,151.48,0,3,224.56,20 / 21,1838809,2019-09-06 19:50:44:552,-0.1128,-0.2412,9.92,-0.0004,-0.0044,9.8066,-0.0187,0.0064,-0.0007,8.69,-31.37,22.81,63.98,-85.24,-142.85
52.417225,-1.526544,151.48,0,3,224.56,20 / 21,1838909,2019-09-06 19:50:44:652,-0.0304,-0.4515,9.8057,-0.0014,-0.0011,9.8066,-0.0015,0.0005,0.0092,8.88,-31.62,22.94,63.91,-85.23,-143.11
52.417225,-1.526544,151.48,0,3,224.56,20 / 21,1839011,2019-09-06 19:50:44:754,0.0491,-0.2238,9.841,0.0011,-0.0025,9.8066,-0.0058,-0.013,-0.0087,9.31,-31.62,23,63.64,-85.21,-143.39
52.417225,-1.526544,151.48,0,3,224.56,20 / 21,1839109,2019-09-06 19:50:44:852,-0.0647,-0.5068,9.7758,-0.0009,-0.0008,9.8066,0.0225,-0.0234,0.0071,8.81,-31.69,22.75,63.21,-85.19,-143.83
52.417225,-1.526544,151.48,0,3,224.56,20 / 21,1839210,2019-09-06 19:50:44:953,-0.037,-0.4101,9.9554,0.002,0.0001,9.8066,-0.001,-0.0021,-0.0146,9.13,-31.87,23.13,62.95,-85.18,-144.09
52.417225,-1.526544,151.48,0,3,224.56,20 / 21,1839310,2019-09-06 19:50:45:053,0.0652,-0.2362,9.8984,-0.0039,-0.006,9.8066,0.0118,0.004,0.0209,9,-31.81,22.88,62.59,-85.13,-144.49
52.417225,-1.526544,151.48,0,3,224.56,21 / 21,1839409,2019-09-06 19:50:45:152,-0.0526,-0.4504,9.7651,0.0015,-0.0025,9.8066,-0.0078,0.0114,-0.0042,9.13,-31.69,23.38,62.34,-85.13,-144.72
52.417225,-1.526544,151.48,0,3,224.56,21 / 21,1839509,2019-09-06 19:50:45:252,-0.1839,-0.4992,9.9367,-0.0013,-0.0019,9.8066,-0.01,-0.0013,0.0145,9.5,-32.19,22.94,64.18,-85.11,-145.03
52.417225,-1.526544,151.48,0,3,224.56,21 / 21,1839610,2019-09-06 19:50:45:353,0.0633,-0.18,9.8947,0.0017,-0.0027,9.8066,-0.0238,-0.0156,-0.0139,9.19,-31.87,23.25,61.73,-85.1,-145.33
52.417225,-1.526544,151.48,0,3,224.56,21 / 21,1839710,2019-09-06 19:50:45:453,-0.1391,-0.3992,9.7045,-0.0006,-0.0017,9.8066,0.0166,-0.0249,-0.004,9.5,-31.75,22.94,63.41,-85.07,-145.82
52.417225,-1.526544,151.48,0,3,224.56,21 / 21,1839810,2019-09-06 19:50:45:553,-0.0349,-0.4489,9.96,0.0013,0.0008,9.8066,0.007,-0.0129,-0.0127,9.44,-31.81,22.63,61.16,-85.08,-145.91
52.417225,-1.526544,151.48,0,3,224.56,21 / 21,1839910,2019-09-06 19:50:45:653,-0.0701,-0.3313,9.9161,-0.0019,-0.0039,9.8066,-0.0055,-0.0033,0.0023,9.06,-31.25,22.5,60.61,-85.02,-146.32
52.417225,-1.526544,151.48,0,3,224.56,21 / 21,1840009,2019-09-06 19:50:45:752,-0.1309,-0.4134,9.7189,0.0007,-0.0022,9.8066,-0.0074,0.0129,-0.0037,8.56,-30.94,22.75,60.42,-85.03,-146.49
52.417225,-1.526544,151.48,0,3,224.56,21 / 21,1840110,2019-09-06 19:50:45:853,-0.1411,-0.4919,9.8754,-0.0005,-0.0014,9.8066,-0.0127,-0.0047,0.0085,9,-31.75,22.75,60.36,-85.01,-146.75
52.417225,-1.526544,151.48,0,3,224.56,21 / 21,1840210,2019-09-06 19:50:45:953,0.0045,-0.2283,9.8959,0.0008,-0.0028,9.8066,-0.018,0.0059,-0.0003,9.06,-31.31,23.19,59.79,-84.99,-147.12
52.417225,-1.526544,151.48,0,3,224.56,21 / 21,1840311,2019-09-06 19:50:46:054,-0.1727,-0.3571,9.7291,-0.0003,-0.0017,9.8065,0.0126,-0.0207,-0.0074,8.94,-31.69,22.81,59.65,-84.96,-147.48
52.417225,-1.526544,151.48,0,3,224.56,21 / 21,1840409,2019-09-06 19:50:46:152,-0.0992,-0.4548,9.8597,0.0009,0.0007,9.8066,0.0112,-0.0171,-0.0032,8.94,-31.75,23.38,59.49,-84.96,-147.62
52.417225,-1.526544,151.48,0,3,224.56,21 / 21,1840510,2019-09-06 19:50:46:253,-0.0345,-0.2326,9.8782,-0.0016,-0.0036,9.8066,-0.0023,-0.0056,0.0004,9.06,-31.69,22.63,59.22,-84.92,-147.93
52.417225,-1.526544,151.48,0,3,224.56,21 / 21,1840610,2019-09-06 19:50:46:353,-0.123,-0.3813,9.7268,-0.0012,-0.0017,9.8066,-0.0097,0.021,-0.0004,8.75,-31.62,22.25,60.37,-84.92,-147.94
52.417225,-1.526544,151.48,0,3,224.56,21 / 21,1840710,2019-09-06 19:50:46:453,-0.0264,-0.3978,9.911,-0.0003,-0.001,9.8066,-0.0058,-0.0105,0.0028,8.94,-31.37,23.13,58.88,-84.9,-148.09
52.417225,-1.526544,151.48,0,3,224.56,21 / 21,1840810,2019-09-06 19:50:46:553,-0.0512,-0.251,9.898,0.0011,-0.0028,9.8066,-0.0183,0.0024,-0.0081,9.06,-31.37,23.06,58.41,-84.89,-148.54
52.417225,-1.526544,151.48,0,3,224.56,21 / 21,1840910,2019-09-06 19:50:46:653,-0.116,-0.4271,9.7201,-0.0003,-0.0031,9.8066,0.0152,-0.0233,-0.003,8.88,-32,23.25,58.28,-84.85,-148.89
52.417225,-1.526544,151.48,0,3,224.56,21 / 21,1841010,2019-09-06 19:50:46:753,-0.1143,-0.4153,9.944,0.0002,-0.0019,9.8066,0.0037,-0.0047,-0.0131,9.19,-31.56,22.44,59.27,-84.85,-149.06
52.417225,-1.526544,151.48,0,3,224.56,21 / 21,1841109,2019-09-06 19:50:46:852,-0.0137,-0.2021,9.9133,-0.0016,-0.0023,9.8066,0.0022,0.0065,0.0114,9.13,-31.62,23.06,57.92,-84.82,-149.27
52.417225,-1.526544,151.48,0,3,224.56,21 / 21,1841209,2019-09-06 19:50:46:952,-0.0585,-0.3382,9.7407,-0.0002,-0.0023,9.8066,-0.001,0.0149,-0.0013,9.13,-31.5,22.56,57.61,-84.81,-149.38
52.417225,-1.526544,151.48,0,3,224.56,21 / 21,1841309,2019-09-06 19:50:47:052,-0.1325,-0.4857,9.8415,-0.0008,-0.0003,9.8066,-0.0049,0.003,0.0174,8.88,-31.56,23.31,57.64,-84.82,-149.53
52.417225,-1.526544,151.48,0,3,224.56,21 / 21,1841409,2019-09-06 19:50:47:152,0.0177,-0.2763,9.9423,0.0027,0.0001,9.8065,-0.0055,0.0132,-0.0043,9.19,-31.5,23,57.31,-84.81,-149.67
52.417225,-1.526544,151.48,0,3,224.56,21 / 21,1841510,2019-09-06 19:50:47:253,-0.1665,-0.2175,9.7691,-0.0006,-0.002,9.8066,0.008,-0.0203,0.0005,8.75,-31.5,22.94,57.02,-84.8,-149.96
52.417225,-1.526544,151.48,0,3,224.56,21 / 21,1841610,2019-09-06 19:50:47:353,-0.06,-0.3692,9.7986,0.0017,-0.0005,9.8066,0.0032,-0.0064,-0.0126,9.06,-31.69,22.56,56.98,-84.8,-150.16
52.417225,-1.526544,151.48,0,3,224.56,21 / 21,1841710,2019-09-06 19:50:47:453,-0.0346,-0.3317,9.9165,-0.0018,-0.0051,9.8066,-0.0017,-0.0268,-0.0081,8.88,-31.37,23.31,56.46,-84.77,-150.51
52.417225,-1.526544,151.48,0,3,224.56,21 / 21,1841810,2019-09-06 19:50:47:553,-0.119,-0.0679,9.7684,-0.0013,-0.0051,9.8066,-0.02,0.0098,-0.0065,8.88,-31.44,22.56,56.18,-84.76,-150.77
52.417225,-1.526544,151.48,0,3,224.56,21 / 21,1841910,2019-09-06 19:50:47:653,-0.0381,-0.2887,9.7942,0.0005,0.0005,9.8066,-0.0012,0.0062,0.0056,9.31,-31.31,22.94,56.24,-84.75,-150.74
52.417225,-1.526544,151.48,0,3,224.56,21 / 21,1842009,2019-09-06 19:50:47:752,-0.0755,-0.3941,9.8729,-0.0002,0.0001,9.8066,0.0023,0.0198,0.0028,8.88,-31.56,22.38,57.52,-84.75,-150.82
52.417225,-1.526544,151.48,0,3,224.56,21 / 21,1842110,2019-09-06 19:50:47:853,-0.1021,-0.0148,9.8823,-0.0003,-0.0016,9.8066,-0.0004,0.0016,0.0098,8.94,-31.06,22.75,56.07,-84.73,-150.92
52.417225,-1.526544,151.48,0,3,224.56,21 / 21,1842210,2019-09-06 19:50:47:953,-0.0839,-0.2842,9.8231,0.0008,0.0002,9.8066,0.0108,0.0039,-0.0007,9.75,-31.12,23.06,58.09,-84.72,-151.07
52.417225,-1.526544,151.48,0,3,224.56,21 / 21,1842309,2019-09-06 19:50:48:052,-0.1319,-0.436,9.8566,-0.0012,-0.004,9.8066,-0.0167,-0.0214,-0.0035,8.44,-32.31,22.69,53.62,-84.7,-151.3
52.417225,-1.526544,151.48,0,3,224.56,21 / 21,1842410,2019-09-06 19:50:48:153,-0.0392,0.006,9.9658,-0.0033,-0.006,9.8066,-0.0033,-0.0169,-0.006,9.38,-31.56,22.75,55.73,-84.67,-151.49
52.417225,-1.526544,151.48,0,3,224.56,21 / 21,1842509,2019-09-06 19:50:48:252,-0.0388,-0.2015,9.8588,0.0013,0.0018,9.8066,0.0172,-0.0116,-0.0112,9.19,-31.19,22.5,55.51,-84.67,-151.51
52.417225,-1.526544,151.48,0,3,224.56,21 / 21,1842610,2019-09-06 19:50:48:353,-0.188,-0.3369,9.7961,-0.0003,0.0019,9.8066,0.0181,-0.0025,0.0076,8.75,-31.94,23.06,55.68,-84.66,-151.54
52.417225,-1.526544,151.48,0,3,224.56,21 / 21,1842710,2019-09-06 19:50:48:453,-0.1201,-0.145,9.956,-0.0008,-0.0025,9.8065,-0.0001,0.0192,0.0001,9.06,-31.62,22.81,55.54,-84.63,-151.7
52.417225,-1.526544,151.48,0,3,224.56,21 / 21,1842810,2019-09-06 19:50:48:553,-0.0756,-0.2228,9.9562,-0.0025,-0.0009,9.8066,0.0052,0.0107,0.0134,8.81,-31.5,23.38,55.35,-84.62,-151.72
52.417225,-1.526544,151.48,0,3,224.56,21 / 21,1842910,2019-09-06 19:50:48:653,-0.1302,-0.2197,9.789,0.002,0.0011,9.8066,-0.0149,0.0136,0.0037,8.88,-31.87,23.31,55.41,-84.62,-151.84
52.417225,-1.526544,151.48,0,3,224.56,21 / 21,1843010,2019-09-06 19:50:48:753,-0.1421,-0.2347,9.9885,-0.0012,-0.0024,9.8066,-0.0136,-0.0044,0.0089,9.63,-31.62,23.06,57.45,-84.6,-151.99
52.417225,-1.526544,151.48,0,3,224.56,21 / 21,1843110,2019-09-06 19:50:48:853,0.0134,-0.0605,9.9731,0.0015,-0.0018,9.8066,0.0101,-0.0033,-0.018,9,-31.62,23.25,55.18,-84.59,-152.08
52.417225,-1.526544,151.48,0,3,224.56,21 / 21,1843209,2019-09-06 19:50:48:952,-0.2627,-0.0865,9.7455,-0.002,-0.0004,9.8066,0.0097,-0.029,0.0087,9.06,-31.94,22.94,55.03,-84.58,-152.24
52.417225,-1.526544,151.48,0,3,224.56,21 / 21,1843310,2019-09-06 19:50:49:053,-0.2773,-0.7157,9.7212,0.0019,-0.0009,9.8066,0.0133,-0.0098,-0.0181,9.44,-31.69,22.81,54.83,-84.55,-152.45
52.417225,-1.526544,151.48,0,3,224.56,21 / 22,1843410,2019-09-06 19:50:49:153,-0.3461,-0.8466,9.7905,-0.0002,-0.0013,9.8066,0.0247,-0.011,-0.0108,8.63,-31.37,23.06,54.49,-84.54,-152.61
52.417225,-1.526544,151.48,0,3,224.56,21 / 22,1843510,2019-09-06 19:50:49:253,-0.0906,-0.1986,9.9281,-0.0002,-0.0011,9.8066,0.0124,0.0107,0.0002,8.88,-31.12,22.94,54.21,-84.51,-152.89
52.417225,-1.526544,151.48,0,3,224.56,21 / 22,1843610,2019-09-06 19:50:49:353,-0.388,-0.8411,9.8819,-0.0001,0.0018,9.8066,-0.0209,-0.0046,0.0099,9.13,-31.25,22.94,54.32,-84.5,-152.8
52.417225,-1.526544,151.48,0,3,224.56,21 / 22,1843710,2019-09-06 19:50:49:453,-0.1977,-0.3035,9.8629,-0.0002,-0.0016,9.8066,0.0131,0.0004,-0.0025,9.25,-31.31,22.69,54.26,-84.5,-152.86
52.417225,-1.526544,151.48,0,3,224.56,21 / 22,1843810,2019-09-06 19:50:49:553,-0.5156,-1.0473,9.782,-0.0027,-0.0007,9.8066,0.0337,0.0035,0.0104,9.19,-31.75,22.88,54.4,-84.46,-152.95
52.417225,-1.526544,151.48,0,3,224.56,21 / 22,1843909,2019-09-06 19:50:49:652,-0.4729,-1.035,9.9889,-0.001,-0.0055,9.8066,-0.0146,0.0051,-0.0051,9.13,-31.44,22.88,53.78,-84.41,-153.4
52.417225,-1.526544,151.48,0,3,224.56,21 / 22,1844010,2019-09-06 19:50:49:753,-0.4758,-1.0297,9.8263,0.002,-0.0017,9.8066,-0.0029,-0.0025,-0.0073,9.63,-31.69,23.13,55.87,-84.37,-153.72
52.417225,-1.526544,151.48,0,3,224.56,21 / 22,1844109,2019-09-06 19:50:49:852,-0.3991,-1.236,9.7542,-0.0023,-0.0045,9.8066,0.0277,-0.006,0.0035,9.19,-31.81,23.06,53.24,-84.33,-154.17
52.417225,-1.526544,151.48,0,3,224.56,21 / 22,1844210,2019-09-06 19:50:49:953,-0.4076,-0.7422,9.8418,-0.002,-0.005,9.8066,0.0103,-0.0102,0.0027,9.13,-31.19,22.63,52.78,-84.27,-154.47
52.417225,-1.526544,151.48,0,3,224.56,21 / 22,1844310,2019-09-06 19:50:50:053,-0.576,-1.4677,9.8715,-0.0025,-0.0037,9.8066,-0.0009,0.0216,-0.0042,9.13,-31.06,22.94,52.63,-84.24,-154.65
52.417225,-1.526544,151.48,0,3,224.56,21 / 21,1844409,2019-09-06 19:50:50:152,-0.8703,-2.0357,9.8153,-0.0063,-0.0103,9.8066,-0.0235,-0.0127,0.0115,9.25,-31.12,22.81,52.4,-84.15,-154.96
52.417225,-1.526544,151.48,0,3,224.56,21 / 21,1844510,2019-09-06 19:50:50:253,-0.8637,-2.0387,9.6901,0.0029,-0.0006,9.8066,0.0338,-0.0001,-0.012,8.75,-31.56,23.13,52.1,-84.13,-155.44
52.417225,-1.526544,151.48,0,3,224.56,21 / 21,1844610,2019-09-06 19:50:50:353,-0.8731,-1.754,9.7982,-0.0013,-0.0053,9.8066,0.0218,-0.015,0.0051,8.94,-30.69,23.13,51.51,-84.07,-155.85
52.417225,-1.526544,151.48,0,3,224.56,21 / 21,1844710,2019-09-06 19:50:50:453,-1.0205,-2.1081,9.7962,0.0007,-0.0021,9.8066,0.002,0.0082,-0.0116,8.94,-31,23,50.89,-84.05,-156.44
52.417225,-1.526544,151.48,0,3,224.56,21 / 21,1844810,2019-09-06 19:50:50:553,-0.9143,-2.032,9.885,-0.0035,-0.0025,9.8066,-0.0084,-0.0015,0.0162,9.19,-30.69,23.69,49.74,-83.99,-156.54
52.417225,-1.526544,151.48,0,3,224.56,21 / 21,1844910,2019-09-06 19:50:50:653,-0.7795,-1.688,9.8023,-0.0028,-0.0038,9.8066,0.0148,0.0166,0.0079,9.31,-30.94,23.19,51.14,-83.98,-156.29
52.417225,-1.526544,151.48,0,3,224.56,21 / 21,1845010,2019-09-06 19:50:50:753,-1.1272,-2.4982,9.8017,-0.0058,-0.014,9.8066,0.0087,-0.0015,-0.0075,9.5,-31.06,23.38,52.85,-83.88,-156.85
52.417225,-1.526544,151.48,0,3,224.56,21 / 21,1845110,2019-09-06 19:50:50:853,-0.7102,-1.5068,9.6746,0.0022,0.0044,9.8066,0.0211,-0.0142,-0.0076,9.13,-30.69,23.5,49.12,-83.85,-157.24
52.417225,-1.526544,151.48,0,3,224.56,21 / 21,1845210,2019-09-06 19:50:50:953,-1.0809,-2.1833,9.7755,0.0019,0.0074,9.8066,0.0139,-0.0215,0.0012,9.56,-30.94,23.63,51.37,-83.85,-157.16
52.417225,-1.526544,151.48,0,3,224.56,21 / 21,1845310,2019-09-06 19:50:51:053,-1.1999,-2.1584,9.9036,-0.0032,-0.0087,9.8066,-0.0534,-0.0085,-0.0082,9.88,-30.25,23.38,52.59,-83.86,-156.93
52.417225,-1.526544,151.48,0,3,224.56,21 / 22,1845409,2019-09-06 19:50:51:152,-1.0875,-1.803,9.7395,-0.0011,-0.0057,9.8066,-0.0418,-0.0006,-0.0067,9.5,-31.12,23.5,51.38,-83.84,-157.17
52.417225,-1.526544,151.48,0,3,224.56,21 / 22,1845510,2019-09-06 19:50:51:253,-0.5605,-1.4807,9.8056,0.0012,0.0032,9.8066,0.0485,-0.0054,-0.0009,8.94,-31,23.63,49.08,-83.82,-157.3
52.417225,-1.526544,151.48,0,3,224.56,21 / 22,1845610,2019-09-06 19:50:51:353,-0.8802,-2.4641,10.1665,0.0089,0.0139,9.8066,0.0798,-0.0203,-0.0243,9.19,-31.25,23.44,50.01,-83.83,-157.47
52.417225,-1.526544,151.48,0,3,224.56,21 / 22,1845710,2019-09-06 19:50:51:453,-1.2318,-2.2278,9.9493,-0.01,-0.0168,9.8065,-0.0261,-0.0003,0.0096,9.06,-30.62,23.94,48.37,-83.73,-158.04
52.417225,-1.526544,151.48,0,3,224.56,21 / 22,1845810,2019-09-06 19:50:51:553,-0.7688,-1.4361,9.6926,-0.0012,-0.0132,9.8066,-0.0736,-0.0063,0.0003,9,-31.12,23.88,47.86,-83.75,-158.49
52.417225,-1.526544,151.48,0,3,224.56,21 / 22,1845910,2019-09-06 19:50:51:653,-0.7206,-2.0184,10.1571,0.0049,0.0067,9.8066,0.0603,0.0024,0.0094,9.13,-30.75,24.31,47.59,-83.77,-158.72
52.417225,-1.526544,151.48,0,3,224.56,21 / 22,1846009,2019-09-06 19:50:51:752,-0.894,-1.8811,10.4465,0.0112,0.0103,9.8066,0.0792,-0.0084,-0.0051,9.06,-31.12,24.38,46.98,-83.79,-159.25
52.417225,-1.526544,151.48,0,3,224.56,21 / 22,1846110,2019-09-06 19:50:51:853,-1.14,-2.1946,9.8745,-0.0044,-0.0182,9.8066,-0.0352,-0.0073,-0.0238,8.75,-30.87,23.25,47.09,-83.66,-160.3
52.417225,-1.526544,151.48,0,3,224.56,21 / 22,1846209,2019-09-06 19:50:51:952,-0.6697,-1.4731,9.4466,0.003,-0.0079,9.8066,0.0024,0.0067,0.0053,8.31,-30.75,23.88,43.12,-83.71,-160.77
52.417225,-1.526544,151.48,0,3,224.56,21 / 22,1846310,2019-09-06 19:50:52:053,-0.904,-1.9305,10.0317,0.0007,-0.0006,9.8066,-0.0151,0.028,-0.0226,9.25,-30.62,24.06,44.85,-83.7,-161.26
52.417225,-1.526544,151.48,0,3,224.56,20 / 21,1846410,2019-09-06 19:50:52:153,-0.8555,-1.4037,9.8098,-0.0096,-0.0044,9.8066,0.03,-0.0163,0.0453,8.69,-30.81,24,45.27,-83.63,-160.95
52.417225,-1.526544,151.48,0,3,224.56,20 / 21,1846510,2019-09-06 19:50:52:253,-0.8773,-1.4001,10.1709,-0.0042,-0.0106,9.8066,0.0091,0.0047,0.0047,8.13,-31.19,23.44,44.19,-83.56,-160.91
52.417225,-1.526544,151.48,0,3,224.56,20 / 21,1846610,2019-09-06 19:50:52:353,-0.1997,-1.1761,9.8991,-0.0023,-0.0117,9.8066,-0.0034,-0.0588,-0.0293,7.75,-31.12,23.5,42.84,-83.42,-161.28
52.417225,-1.526544,151.48,0,3,224.56,20 / 21,1846709,2019-09-06 19:50:52:452,-0.9742,-1.2888,9.4444,0.0142,0.013,9.8065,0.0478,0.0096,0.0175,8.25,-31.19,23.19,42.38,-83.57,-162.51
52.417225,-1.526544,151.48,0,3,224.56,20 / 21,1846810,2019-09-06 19:50:52:553,-0.601,-1.3136,9.7988,0.0016,0.0028,9.8066,0.0084,-0.0208,0.03,8,-31.25,23.63,41.23,-83.48,-162.67
52.417225,-1.526544,151.48,0,3,224.56,20 / 21,1846910,2019-09-06 19:50:52:653,-0.5399,-1.4203,10.2382,-0.0046,-0.0122,9.8066,-0.0518,-0.0151,-0.0323,7.56,-31.62,23.31,41.18,-83.47,-163.85
52.417225,-1.526544,151.48,0,3,224.56,20 / 21,1847009,2019-09-06 19:50:52:752,-0.2479,-1.5191,9.7438,0.0044,-0.0069,9.8066,-0.0288,0.0242,-0.0221,7.19,-31.25,23.56,36.99,-83.48,-164.32
52.417225,-1.526544,151.48,0,3,224.56,20 / 21,1847109,2019-09-06 19:50:52:852,-0.9937,-1.9453,9.8033,-0.0016,-0.0209,9.8065,-0.0715,0.0048,-0.0267,7.94,-31.12,23.69,39.21,-83.63,-164.34
52.417225,-1.526544,151.48,0,3,224.56,20 / 21,1847210,2019-09-06 19:50:52:953,-0.2488,-1.267,9.6708,0.0056,-0.0215,9.8065,-0.0906,-0.0232,-0.0166,7.44,-31.62,23.38,35.65,-83.63,-166.39
52.417225,-1.526544,151.48,0,3,224.56,20 / 21,1847310,2019-09-06 19:50:53:053,-0.2094,-1.2373,9.8093,0.0134,0.0132,9.8066,0.1102,0.0077,-0.0198,7.5,-31.62,23.38,37.16,-83.79,-167.12
52.417225,-1.526544,151.48,0,3,224.56,21 / 22,1847410,2019-09-06 19:50:53:153,-0.7785,-1.4671,9.5016,0.0069,0,9.8066,0.0366,-0.0154,0.0048,7.69,-30.87,23.38,35.91,-83.71,-168.14
52.417225,-1.526544,151.48,0,3,224.56,21 / 22,1847509,2019-09-06 19:50:53:252,-0.3605,-1.323,9.8549,0.0162,0.0158,9.8066,0.1007,-0.0275,-0.0199,7.94,-31.25,22.69,34.38,-83.76,-169.45
52.417225,-1.526544,151.48,0,3,224.56,21 / 22,1847610,2019-09-06 19:50:53:353,-0.035,-1.7203,9.9474,0.0258,0.0182,9.8066,0.0753,0.0027,-0.057,7.56,-31.81,23.75,31.73,-83.75,-171.02
52.417225,-1.526544,151.48,0,3,224.56,21 / 22,1847710,2019-09-06 19:50:53:453,0.0569,-1.9818,9.9844,-0.0069,-0.0185,9.8065,-0.0855,-0.0307,-0.0094,7.31,-31.31,23.25,29.08,-83.79,-171.89
52.417225,-1.526544,151.48,0,3,224.56,21 / 22,1847809,2019-09-06 19:50:53:552,-0.3502,-1.7941,9.7317,0.0065,0.0087,9.8066,-0.0457,0.0152,0.0028,7.06,-32.19,22.88,28.51,-83.81,-172.49
52.417225,-1.526544,151.48,0,3,224.56,21 / 22,1847910,2019-09-06 19:50:53:653,-1.123,-1.7779,9.967,-0.0105,-0.0284,9.8066,-0.0436,0.0395,0.0066,7.19,-32,23.13,28.98,-83.64,-172.2
52.417225,-1.526544,151.48,0,3,224.56,21 / 22,1848010,2019-09-06 19:50:53:753,-0.0503,-0.3029,9.1254,-0.0118,-0.0548,9.8064,-0.1191,-0.0062,0.0077,7.5,-32,23.38,30.88,-83.54,-172.82
52.417225,-1.526544,151.48,0,3,224.56,21 / 22,1848110,2019-09-06 19:50:53:853,0.0588,-0.6668,9.5102,0.017,0.0435,9.8065,0.1678,0.0064,0.021,6.88,-32.75,23.31,28.01,-83.75,-173.09
52.417225,-1.526544,151.48,0,3,224.56,21 / 22,1848209,2019-09-06 19:50:53:952,0.5798,-1.2144,9.3041,0.0065,0.0091,9.8066,0.0842,-0.0048,-0.0188,6.88,-32.94,22.81,27.88,-83.56,-173.33
52.417225,-1.526544,151.48,0,3,224.56,21 / 22,1848309,2019-09-06 19:50:54:052,-1.2802,-1.8983,10.0424,0.0097,0.0316,9.8065,0.0328,-0.0254,0.0262,7.5,-33.62,23.06,29.95,-83.52,-173.91
52.417152,-1.526686,151.05,6.36,3,225.35,21 / 22,1848410,2019-09-06 19:50:54:153,-0.6671,-1.7128,10.2978,0.0172,0.014,9.8066,-0.0201,0.0094,0.0132,6.13,-33.94,23.44,24.37,-83.65,-174.13
52.417152,-1.526686,151.05,6.36,3,225.35,21 / 22,1848509,2019-09-06 19:50:54:252,-0.0179,-1.6133,10.3568,0.0029,-0.0051,9.8066,0.0148,-0.0092,-0.0349,7.5,-34.31,24,27.53,-83.79,-174.9
52.417152,-1.526686,151.05,6.36,3,225.35,21 / 22,1848610,2019-09-06 19:50:54:353,-0.8292,-1.3541,10.0671,0.0089,-0.0038,9.8066,0.0061,-0.0113,0.0252,7.19,-34.5,24.31,23.95,-83.82,-175.85
52.417152,-1.526686,151.05,6.36,3,225.35,21 / 22,1848710,2019-09-06 19:50:54:453,0.0963,-1.8036,9.78,-0.005,-0.0237,9.8066,0.0058,-0.0178,-0.0115,6.88,-33.69,24.69,21.33,-83.66,-177.45
52.417152,-1.526686,151.05,6.36,3,225.35,21 / 22,1848810,2019-09-06 19:50:54:553,0.5276,-1.2477,9.6277,-0.0027,-0.0217,9.8066,0.0649,-0.0219,0.0473,8,-33.69,24.5,23.83,-83.55,-177.42
52.417152,-1.526686,151.05,6.36,3,225.35,21 / 22,1848910,2019-09-06 19:50:54:653,-0.7003,-1.1925,9.9822,-0.0037,0.0105,9.8066,-0.0292,0.0247,-0.0483,7.56,-33.62,23.94,24.23,-83.66,-177.83
52.417152,-1.526686,151.05,6.36,3,225.35,21 / 22,1849009,2019-09-06 19:50:54:752,0.3343,-0.4706,10.3719,0.0109,-0.0046,9.8066,0.0684,-0.0009,0.051,7.94,-33.37,24.19,23.51,-83.68,-178.34
52.417152,-1.526686,151.05,6.36,3,225.35,21 / 22,1849109,2019-09-06 19:50:54:852,0.4626,-0.4442,9.9433,-0.0013,0.0055,9.8066,0.0856,0.0192,-0.0298,7.56,-33.75,23.19,23.44,-83.74,-179.34
52.417152,-1.526686,151.05,6.36,3,225.35,21 / 22,1849209,2019-09-06 19:50:54:952,-0.7164,-1.3281,8.6644,0.0088,-0.005,9.8066,-0.0184,-0.005,0.0457,8.13,-33.31,23.13,23.07,-83.68,-179.59
52.417152,-1.526686,151.05,6.36,3,225.35,21 / 22,1849309,2019-09-06 19:50:55:052,0.265,-0.5246,9.4788,0.0059,0.0268,9.8066,-0.049,0.0123,0.0271,7.81,-34.69,23.19,22.71,-83.88,-179.98
52.417152,-1.526686,151.05,6.36,3,225.35,21 / 22,1849411,2019-09-06 19:50:55:154,-0.2818,-0.2956,9.7247,0.0032,0.0075,9.8066,-0.0096,-0.0213,-0.034,8,-34.12,23.75,22.61,-84.01,-179.03
52.417152,-1.526686,151.05,6.36,3,225.35,21 / 22,1849510,2019-09-06 19:50:55:253,-0.6561,-0.5842,10.0433,0.0207,0.0073,9.8066,0.0186,0.0121,-0.0147,8.25,-34.12,23.31,21.95,-84.18,179.63
52.417152,-1.526686,151.05,6.36,3,225.35,21 / 22,1849610,2019-09-06 19:50:55:353,0.682,-0.5252,9.4596,0.0145,0.0019,9.8066,0.0642,-0.028,0.0321,8.56,-34.06,23,22.53,-84.15,177.98
52.417152,-1.526686,151.05,6.36,3,225.35,21 / 22,1849709,2019-09-06 19:50:55:452,0.1295,-0.85,9.5229,-0.0095,0.0042,9.8066,-0.0426,-0.0353,-0.0435,8.69,-34.44,23.31,21.81,-84.15,177.34
52.417152,-1.526686,151.05,6.36,3,225.35,21 / 22,1849810,2019-09-06 19:50:55:553,-0.6448,-1.2942,9.2047,-0.0043,0.0119,9.8066,0.0525,0.0089,0.0349,7.56,-34.37,22.31,22.11,-84.2,178.86
52.417152,-1.526686,151.05,6.36,3,225.35,21 / 22,1849910,2019-09-06 19:50:55:653,0.104,-1.3659,9.4009,0.0153,0.0489,9.8064,0.0881,0.035,0.0142,8.25,-35.69,22.56,23.16,-84.72,-179.18
52.417152,-1.526686,151.05,6.36,3,225.35,21 / 22,1850010,2019-09-06 19:50:55:753,0.3993,-0.9045,10.0494,0.0111,0.032,9.8066,-0.058,-0.1447,0.135,8.19,-36.19,22.19,24.56,-84.87,-178.78
52.417152,-1.526686,151.05,6.36,3,225.35,21 / 22,1850110,2019-09-06 19:50:55:853,0.5036,-0.4449,9.5807,-0.0222,0.0215,9.8065,-0.0154,-0.0223,-0.0977,8.31,-35.81,22.94,28.39,-85.02,-174.38
52.417152,-1.526686,151.05,6.36,3,225.35,21 / 22,1850210,2019-09-06 19:50:55:953,-0.2336,-1.0681,9.906,-0.0028,0.0115,9.8066,-0.0432,0.0347,0.0442,8.06,-36,23.44,30.17,-84.95,-172.86
52.417152,-1.526686,151.05,6.36,3,225.35,21 / 22,1850310,2019-09-06 19:50:56:053,-0.4102,-0.5913,10.1699,-0.0068,-0.007,9.8066,-0.0632,0.0162,0.0938,9,-35.25,23.81,32.02,-84.88,-172.35
52.417152,-1.526686,151.05,6.36,3,225.35,20 / 22,1850410,2019-09-06 19:50:56:153,-0.25,-0.6618,9.8923,-0.0001,0.0175,9.8066,-0.0227,-0.0215,0.0384,8.38,-34.81,23.5,32.02,-84.98,-170.2
52.417152,-1.526686,151.05,6.36,3,225.35,20 / 22,1850509,2019-09-06 19:50:56:252,-1.1708,-0.4544,10.2451,-0.0148,0.0028,9.8066,0.0165,0.038,-0.0054,9.06,-34.06,23.81,36.12,-84.96,-168.49
52.417152,-1.526686,151.05,6.36,3,225.35,20 / 22,1850610,2019-09-06 19:50:56:353,-0.8725,-1.2597,9.983,-0.0144,-0.0172,9.8065,-0.0117,-0.0608,0.0393,8.63,-33.94,23.38,38.34,-84.88,-167.52
52.417152,-1.526686,151.05,6.36,3,225.35,20 / 22,1850709,2019-09-06 19:50:56:452,0.2858,-1.0949,9.79,-0.0115,-0.0154,9.8065,-0.0013,-0.0151,-0.0116,8.44,-33.87,22.75,36.63,-84.61,-167.17
52.417152,-1.526686,151.05,6.36,3,225.35,20 / 22,1850810,2019-09-06 19:50:56:553,-0.5066,-0.4661,9.7087,0.0014,0.0162,9.8066,0.0036,-0.0313,0.0664,8.25,-33.12,23.44,37.4,-84.56,-166.39
52.417152,-1.526686,151.05,6.36,3,225.35,20 / 22,1850910,2019-09-06 19:50:56:653,-0.7296,-0.7158,10.3919,-0.0105,0.0211,9.8066,-0.0284,-0.0012,-0.0046,8.06,-33.25,23.25,39.31,-84.46,-164.76
52.417152,-1.526686,151.05,6.36,3,225.35,20 / 22,1851010,2019-09-06 19:50:56:753,0.111,-0.2114,10.235,-0.0106,-0.0271,9.8065,-0.0359,0.0208,0.0128,7.75,-32.75,22.69,39.27,-84.3,-164.95
52.417152,-1.526686,151.05,6.36,3,225.35,20 / 22,1851110,2019-09-06 19:50:56:853,-0.6313,-0.3065,9.9608,-0.0087,-0.0168,9.8066,-0.0428,0.0145,-0.0263,7.75,-33.25,22.56,39.22,-84.27,-165.02
52.417152,-1.526686,151.05,6.36,3,225.35,20 / 22,1851210,2019-09-06 19:50:56:953,-0.2407,-0.5782,9.5458,0.0018,-0.0104,9.8066,-0.0383,-0.0723,0.0167,7.81,-32.62,22.88,39.42,-84.12,-164.97
52.417152,-1.526686,151.05,6.36,3,225.35,20 / 22,1851310,2019-09-06 19:50:57:053,0.1194,-1.0832,9.9735,-0.0039,-0.0162,9.8066,0.088,-0.0021,-0.0215,7.25,-32.69,22.63,35.92,-83.9,-166.08
52.417152,-1.526686,151.05,6.36,3,225.35,21 / 22,1851410,2019-09-06 19:50:57:153,-0.8813,-0.6923,9.6275,0.0074,0.0044,9.8066,0.0229,-0.0493,0.0464,7.56,-32.62,22.69,37.69,-83.86,-166.74
52.417152,-1.526686,151.05,6.36,3,225.35,21 / 22,1851509,2019-09-06 19:50:57:252,-0.1338,-1.3894,10.0042,0.0006,-0.0067,9.8065,-0.001,-0.0229,0.0071,6.63,-33.62,21.69,36.28,-83.82,-166.93
52.417152,-1.526686,151.05,6.36,3,225.35,21 / 22,1851610,2019-09-06 19:50:57:353,-0.2828,-0.0664,9.5128,0.0042,0.0237,9.8066,0.0878,-0.028,0.0073,7.5,-33.5,22.63,37.71,-83.87,-166.72
52.417152,-1.526686,151.05,6.36,3,225.35,21 / 22,1851710,2019-09-06 19:50:57:453,-0.0287,-1.025,10.2355,-0.0011,-0.0157,9.8066,0.0238,0.0082,0.0677,7,-33.94,22.44,36.74,-83.7,-166.64
52.417152,-1.526686,151.05,6.36,3,225.35,21 / 22,1851810,2019-09-06 19:50:57:553,0.4687,-0.7933,10.1815,-0.0179,-0.0203,9.8066,-0.0081,-0.0031,-0.0361,7.69,-34.12,23.06,38.01,-83.66,-166.8
52.417152,-1.526686,151.05,6.36,3,225.35,21 / 22,1851911,2019-09-06 19:50:57:654,-0.0238,-0.5614,9.1143,-0.0122,-0.0377,9.8065,-0.0087,-0.0344,0.0156,7.81,-33.81,23.06,38.39,-83.39,-166.71
52.417152,-1.526686,151.05,6.36,3,225.35,21 / 22,1852010,2019-09-06 19:50:57:753,-1.2576,-0.4858,9.6074,0.0122,0.0088,9.8066,0.0129,-0.033,0.0557,7.13,-33.62,22.38,36.34,-83.48,-167.19
52.417152,-1.526686,151.05,6.36,3,225.35,21 / 22,1852110,2019-09-06 19:50:57:853,0.0329,-0.63,9.4714,-0.0036,0.0049,9.8066,-0.0398,0.0546,-0.0328,7.81,-34.06,22.63,37.86,-83.49,-167.09
52.417152,-1.526686,151.05,6.36,3,225.35,21 / 22,1852210,2019-09-06 19:50:57:953,-0.7486,-0.0737,10.1764,0.0088,0.0129,9.8066,0.0696,-0.0332,0.0351,7.38,-34.12,22.69,35.13,-83.57,-167.21
52.417152,-1.526686,151.05,6.36,3,225.35,21 / 22,1852310,2019-09-06 19:50:58:053,-0.7347,-0.7993,10.3272,0.0116,0.0153,9.8066,-0.0333,-0.0371,0.0047,8.44,-35.06,23.13,37.79,-83.53,-167.27
52.417152,-1.526686,151.05,6.36,3,225.35,21 / 22,1852409,2019-09-06 19:50:58:152,0.7074,-0.9513,9.7073,-0.0157,-0.0317,9.8065,-0.1049,0.0884,-0.0457,8.25,-34.5,23.5,35.73,-83.46,-168.02
52.417152,-1.526686,151.05,6.36,3,225.35,21 / 22,1852509,2019-09-06 19:50:58:252,-0.8995,-0.8684,9.348,-0.0016,-0.0181,9.8066,-0.0375,-0.0305,0.0123,8.31,-34.56,22.88,36.25,-83.33,-168.79
52.417152,-1.526686,151.05,6.36,3,225.35,21 / 22,1852610,2019-09-06 19:50:58:353,1.1208,0.5508,10.1138,0.0116,0.0198,9.8066,-0.085,0.0451,-0.078,8,-34.62,22.69,36.83,-83.39,-168.24
52.417152,-1.526686,151.05,6.36,3,225.35,21 / 22,1852710,2019-09-06 19:50:58:453,-0.5351,-2.2544,9.5145,0.0153,0.016,9.8066,0.0052,0.0138,0.0165,7.31,-34.44,23.06,32.96,-83.48,-169.16
52.417152,-1.526686,151.05,6.36,3,225.35,21 / 22,1852810,2019-09-06 19:50:58:553,-0.5519,-0.6381,9.8981,-0.0024,-0.0066,9.8066,0.0748,0.0279,0.0046,7.94,-34.25,23.31,35.55,-83.34,-169.23
52.417152,-1.526686,151.05,6.36,3,225.35,21 / 22,1852910,2019-09-06 19:50:58:653,1.1581,-0.3511,9.6262,-0.0094,-0.0136,9.8066,0.0097,-0.0297,-0.0246,8.56,-33.94,23.75,36.73,-83.27,-169.36
52.417152,-1.526686,151.05,6.36,3,225.35,21 / 22,1853009,2019-09-06 19:50:58:752,-1.0483,-0.528,10.0465,0.009,-0.0006,9.8066,0.0578,-0.0153,0.0176,7.63,-33.87,23.13,36.57,-83.18,-168.48
52.417152,-1.526686,151.05,6.36,3,225.35,21 / 22,1853110,2019-09-06 19:50:58:853,-0.545,0.2961,9.8437,-0.0024,0.0007,9.8066,0.03,0.0822,-0.033,7.75,-34.31,22.94,35.73,-83.15,-169.23
52.417152,-1.526686,151.05,6.36,3,225.35,21 / 22,1853210,2019-09-06 19:50:58:953,-0.4931,-1.1946,9.6882,0.0014,0.0054,9.8066,0.1013,0.013,0.0454,7.31,-33.62,23.38,33.3,-83.02,-169.24
52.417152,-1.526686,151.05,6.36,3,225.35,21 / 22,1853310,2019-09-06 19:50:59:053,-0.5026,-0.547,9.7415,-0.0059,-0.006,9.8066,0.1221,-0.0137,0.0139,7.75,-33.94,23.19,36.48,-82.97,-168.76
52.417152,-1.526686,151.05,6.36,3,225.35,21 / 22,1853410,2019-09-06 19:50:59:153,-0.1379,-0.1369,9.6673,0.0012,0.0013,9.8066,-0.0892,0.0262,-0.0103,8.13,-33.94,23.38,36.03,-82.96,-169.15
52.417152,-1.526686,151.05,6.36,3,225.35,21 / 22,1853510,2019-09-06 19:50:59:253,-0.4055,-0.3239,10.0955,0.001,0.0102,9.8066,0.0738,0.0184,0.0183,8,-34.12,22.13,37.24,-82.98,-169.13
52.417152,-1.526686,151.05,6.36,3,225.35,21 / 22,1853609,2019-09-06 19:50:59:352,0.2729,-0.3041,10.1713,-0.0064,-0.0034,9.8066,0.1124,-0.0038,-0.0261,7.69,-33.94,22.38,37.32,-82.89,-169.15
52.417152,-1.526686,151.05,6.36,3,225.35,21 / 22,1853709,2019-09-06 19:50:59:452,0.1606,-0.8338,10.0771,0.0024,0.0054,9.8066,-0.072,-0.0437,0.0283,7,-33.62,23.25,34,-82.82,-168.82
52.417152,-1.526686,151.05,6.36,3,225.35,21 / 22,1853810,2019-09-06 19:50:59:553,0.5398,-0.3258,9.7966,-0.0041,-0.0087,9.8066,-0.0792,0.0528,-0.0103,6.94,-33.69,23.13,33.69,-82.69,-169.19
52.417152,-1.526686,151.05,6.36,3,225.35,21 / 22,1853910,2019-09-06 19:50:59:653,-0.1488,0.0391,9.8449,-0.0006,0.0067,9.8066,-0.0223,0.0012,-0.0002,7.19,-33.31,23.13,33.69,-82.72,-169
52.417152,-1.526686,151.05,6.36,3,225.35,21 / 22,1854010,2019-09-06 19:50:59:753,-0.1215,-0.6719,9.7195,0.0029,-0.0022,9.8066,-0.0157,0.0075,-0.0071,7.31,-33.94,23.94,33.02,-82.73,-168.85
52.417152,-1.526686,151.05,6.36,3,225.35,21 / 22,1854110,2019-09-06 19:50:59:853,-0.0127,-0.7661,9.6897,-0.0006,0.0009,9.8066,-0.0076,-0.0097,0.0291,6.63,-33.62,23.38,34.08,-82.75,-168.81
52.417152,-1.526686,151.05,6.36,3,225.35,21 / 22,1854210,2019-09-06 19:50:59:953,-0.0192,-0.3222,10.0075,-0.0031,0.0069,9.8066,0.0179,-0.0204,-0.0154,6.81,-34.5,23.63,33.46,-82.77,-168.44
52.417152,-1.526686,151.05,6.36,3,225.35,21 / 22,1854310,2019-09-06 19:51:00:053,0.4439,-0.1166,9.7106,-0.007,0.0063,9.8066,0.0276,0.0082,0.0012,7.44,-34.12,23.81,33.93,-82.76,-168.04
52.417152,-1.526686,151.05,6.36,3,225.35,21 / 22,1854412,2019-09-06 19:51:00:155,0.5111,-0.1359,9.5323,-0.0073,-0.0142,9.8066,-0.0625,0.0562,0.0072,7.31,-34.31,23.38,35.43,-82.63,-167.78
52.417152,-1.526686,151.05,6.36,3,225.35,21 / 22,1854509,2019-09-06 19:51:00:252,0.1467,-0.4291,9.6379,0.0052,0.0187,9.8066,0.0274,-0.0131,0.0025,7.56,-34.06,23.56,37.14,-82.58,-167.56
52.417152,-1.526686,151.05,6.36,3,225.35,21 / 22,1854609,2019-09-06 19:51:00:352,-0.1895,-0.7737,9.5467,0.0014,0.0075,9.8066,0.0187,0.0235,0.0141,7.88,-34.19,23.06,38.44,-82.6,-167.41
52.417152,-1.526686,151.05,6.36,3,225.35,21 / 22,1854710,2019-09-06 19:51:00:453,0.6901,0.156,9.6868,-0.0034,-0.0072,9.8066,-0.0161,-0.0121,0.0287,7.13,-34,22.81,36.3,-82.47,-167.18
52.417152,-1.526686,151.05,6.36,3,225.35,21 / 22,1854810,2019-09-06 19:51:00:553,0.447,-0.4567,9.9623,-0.0025,-0.0023,9.8066,-0.0223,0.0088,-0.0452,7.94,-34.25,23.75,37.68,-82.49,-167.18
52.417152,-1.526686,151.05,6.36,3,225.35,21 / 22,1854910,2019-09-06 19:51:00:653,0.0382,-1.2843,10.1526,-0.015,-0.0042,9.8066,-0.032,-0.0037,0.0801,7.5,-34.31,23.44,39.51,-82.43,-166.66
52.417152,-1.526686,151.05,6.36,3,225.35,21 / 22,1855009,2019-09-06 19:51:00:752,0.8982,1.1657,11.28,-0.0013,-0.005,9.8066,-0.0493,0.016,0.0036,6.5,-33.94,23.5,36.29,-82.41,-166.33
52.417152,-1.526686,151.05,6.36,3,225.35,21 / 22,1855110,2019-09-06 19:51:00:853,0.7427,-0.7352,10.7008,-0.0103,0.0196,9.8066,0.0159,0.0167,-0.0305,7.31,-34.25,23.31,37.33,-82.2,-166.56
52.417152,-1.526686,151.05,6.36,3,225.35,21 / 22,1855210,2019-09-06 19:51:00:953,-1.0873,-0.9726,10.0489,0.0093,0.0407,9.8065,0.1515,0.0497,-0.0249,7,-34.25,23.75,36.78,-82.28,-166.03
52.417152,-1.526686,151.05,6.36,3,225.35,21 / 22,1855310,2019-09-06 19:51:01:053,1.3227,-0.5911,8.9927,-0.0151,-0.0136,9.8066,-0.3508,-0.0275,0.0615,6.38,-33.37,24.31,35.61,-82.27,-164.69
52.417152,-1.526686,151.05,6.36,3,225.35,20 / 22,1855409,2019-09-06 19:51:01:152,0.7638,0.4109,9.787,-0.0047,-0.0182,9.8066,-0.1996,0.0702,-0.0606,5.63,-33.06,23.31,37.06,-82.71,-163.89
52.417152,-1.526686,151.05,6.36,3,225.35,20 / 22,1855510,2019-09-06 19:51:01:253,0.1938,-0.0516,9.7528,-0.0061,-0.0213,9.8066,0.0129,0.0129,-0.0123,6.19,-32.94,22.5,37,-82.8,-163.87
52.417152,-1.526686,151.05,6.36,3,225.35,20 / 22,1855610,2019-09-06 19:51:01:353,0.3458,-0.1528,9.8154,-0.0079,-0.0314,9.8065,-0.0111,-0.0102,0.0318,5.5,-33.37,22.69,36.48,-82.71,-164.39
52.417152,-1.526686,151.05,6.36,3,225.35,20 / 22,1855709,2019-09-06 19:51:01:452,0.491,0.4583,10.1352,0.0013,0.0067,9.8066,0.0527,0.0185,0.0066,5.63,-33.5,22.69,36.93,-82.52,-164.18
52.417152,-1.526686,151.05,6.36,3,225.35,20 / 22,1855809,2019-09-06 19:51:01:552,-0.176,-0.5507,10.4983,-0.002,0.0073,9.8066,0.0173,0.0211,-0.0172,5.19,-33.75,21.69,35.9,-82.54,-163.74
52.417152,-1.526686,151.05,6.36,3,225.35,20 / 22,1855909,2019-09-06 19:51:01:652,-0.0305,-0.1647,10.1496,-0.0042,0.0019,9.8066,0.0657,0.0267,0.0097,5.31,-33.69,22.88,35.22,-82.49,-163.54
52.417152,-1.526686,151.05,6.36,3,225.35,20 / 22,1856009,2019-09-06 19:51:01:752,-0.01,-0.0536,9.7354,0.0014,0.0121,9.8066,0.0333,-0.0068,-0.0025,5.63,-33.75,22.63,38.19,-82.49,-163.33
52.417152,-1.526686,151.05,6.36,3,225.35,20 / 22,1856109,2019-09-06 19:51:01:852,-0.0932,0.2121,10.0814,0.0079,0.0018,9.8065,-0.0386,0.0008,-0.055,6.56,-34.31,23.25,40.06,-82.48,-163.97
52.417152,-1.526686,151.05,6.36,3,225.35,20 / 22,1856209,2019-09-06 19:51:01:952,-0.6209,-0.333,10.0715,0.0019,0.0136,9.8066,0.0069,-0.019,0.0167,6.5,-34.19,23.06,40.01,-82.56,-163.94
52.417152,-1.526686,151.05,6.36,3,225.35,20 / 22,1856309,2019-09-06 19:51:02:052,0.07,0.8004,10.9461,-0.002,-0.0297,9.8065,0.0366,-0.0462,0.0189,7.19,-34.31,22.5,38.88,-82.35,-165.1
52.417152,-1.526686,151.05,6.36,3,225.35,21 / 22,1856409,2019-09-06 19:51:02:152,-0.226,-0.6782,9.3079,0.0292,0.0093,9.8066,0.0825,-0.0683,-0.0528,7.5,-34.62,23.94,38.23,-82.55,-166.84
52.417152,-1.526686,151.05,6.36,3,225.35,21 / 22,1856510,2019-09-06 19:51:02:253,1.0922,-0.9827,9.9706,-0.0172,-0.0484,9.8064,-0.1156,-0.0347,0.0869,7.44,-34.31,23.69,33.72,-82.51,-168.43
52.417152,-1.526686,151.05,6.36,3,225.35,21 / 22,1856610,2019-09-06 19:51:02:353,0.2406,1.165,9.2604,0.007,-0.0085,9.8066,-0.139,-0.0154,0.1133,7.19,-33.94,23.19,34.26,-82.51,-168.87
52.417152,-1.526686,151.05,6.36,3,225.35,21 / 22,1856714,2019-09-06 19:51:02:457,-0.4069,0.316,9.2204,0.006,0.0058,9.8066,0.0323,0.0031,-0.0187,7.44,-34.69,23,34.55,-82.72,-168.62
52.417152,-1.526686,151.05,6.36,3,225.35,21 / 22,1856809,2019-09-06 19:51:02:552,0.3062,1.8425,9.6111,-0.0197,-0.0129,9.8065,0.023,0.0108,0.0363,6.69,-34.87,22.81,36.14,-82.69,-167.3
52.417152,-1.526686,151.05,6.36,3,225.35,21 / 22,1856910,2019-09-06 19:51:02:653,-0.1939,-0.1661,9.5275,0.0258,0.0353,9.8065,-0.0216,0.0101,-0.0089,7.19,-34.62,23.94,35.26,-82.95,-166.91
52.417152,-1.526686,151.05,6.36,3,225.35,21 / 22,1857010,2019-09-06 19:51:02:753,0.4509,1.153,9.9877,0.0022,0.0177,9.8065,-0.0086,-0.0054,0.0326,7.5,-34.62,23,38.96,-82.89,-166.87
52.417152,-1.526686,151.05,6.36,3,225.35,21 / 22,1857110,2019-09-06 19:51:02:853,-0.2291,0.1462,10.4919,0.0071,-0.0054,9.8065,0.0033,0.0171,-0.0149,6.94,-34.12,23.25,36.38,-82.87,-166.75
52.417152,-1.526686,151.05,6.36,3,225.35,21 / 22,1857211,2019-09-06 19:51:02:954,1.1281,0.4564,9.565,0.0047,-0.0258,9.8066,-0.1512,0.0079,0.0214,6.94,-34.5,22.69,34.41,-82.73,-168.55
52.417152,-1.526686,151.05,6.36,3,225.35,21 / 22,1857310,2019-09-06 19:51:03:053,-0.9476,0.0017,9.1658,-0.0062,-0.0036,9.8066,0.02,-0.0195,-0.0962,7.38,-34.87,22.94,35.36,-82.57,-168.07
52.416534,-1.52772,150.52,13.2,3,224.5,21 / 22,1857409,2019-09-06 19:51:03:152,0.2456,-1.0292,9.5812,-0.0135,-0.0088,9.8065,-0.2134,0.0486,0.0306,7.69,-34.62,22.81,37.89,-82.65,-168.02
52.416534,-1.52772,150.52,13.2,3,224.5,21 / 22,1857510,2019-09-06 19:51:03:253,0.2683,0.6143,10.1867,-0.0001,0.0252,9.8066,0.0255,0.0122,0.0752,7.38,-34.19,23.69,36.5,-82.67,-165.93
52.416534,-1.52772,150.52,13.2,3,224.5,21 / 22,1857610,2019-09-06 19:51:03:353,0.7882,-0.1349,9.8233,-0.0264,-0.0036,9.8066,-0.0005,0.0436,-0.0159,6.44,-34.12,23.56,36.24,-82.42,-164.2
52.416534,-1.52772,150.52,13.2,3,224.5,21 / 22,1857709,2019-09-06 19:51:03:452,-0.1136,0.1602,9.623,-0.0042,0.0092,9.8066,-0.0924,-0.0627,0.0087,7.69,-34.31,23.13,43.21,-82.36,-163.55
52.416534,-1.52772,150.52,13.2,3,224.5,21 / 22,1857810,2019-09-06 19:51:03:553,0.1123,-0.2044,9.7449,-0.0132,-0.0076,9.8066,-0.0861,-0.0001,-0.0134,6.88,-34.44,22.69,41.98,-82.31,-162.5
52.416534,-1.52772,150.52,13.2,3,224.5,21 / 22,1857910,2019-09-06 19:51:03:653,0.0944,0.8803,9.4516,-0.0035,-0.0117,9.8066,0.0126,0.0612,-0.0033,6.5,-34,23.06,42.07,-82.38,-162.36
52.416534,-1.52772,150.52,13.2,3,224.5,21 / 22,1858010,2019-09-06 19:51:03:753,0.5298,0.3995,9.5397,0.0004,0.0129,9.8066,0.0187,-0.0003,0.0462,6.5,-34.62,23,41.99,-82.39,-162.63
52.416534,-1.52772,150.52,13.2,3,224.5,21 / 22,1858110,2019-09-06 19:51:03:853,-0.0075,-0.1903,9.9296,-0.0031,0.0174,9.8065,-0.0238,-0.0379,-0.0235,6.69,-33.94,23.31,42.8,-82.36,-161.76
52.416534,-1.52772,150.52,13.2,3,224.5,21 / 22,1858210,2019-09-06 19:51:03:953,-0.1018,0.5054,10.3576,-0.0071,-0.0056,9.8066,0.018,-0.0108,-0.0261,7.06,-33.87,24.19,42.04,-82.29,-161.53
52.416534,-1.52772,150.52,13.2,3,224.5,21 / 22,1858310,2019-09-06 19:51:04:053,0.4344,0.0926,9.5624,0.0114,0.0039,9.8066,-0.0552,-0.0071,0.0624,6.5,-33.56,22.88,42.55,-82.35,-161.98
52.416534,-1.52772,150.52,13.2,3,224.5,21 / 22,1858409,2019-09-06 19:51:04:152,0.3817,0.4226,9.5856,-0.0085,-0.0024,9.8066,-0.1134,0.0151,0.0123,6.44,-33.12,22.5,40.08,-82.3,-161.7
52.416534,-1.52772,150.52,13.2,3,224.5,21 / 22,1858510,2019-09-06 19:51:04:253,-0.4124,1.3502,10.1593,0.0017,0.0127,9.8066,0.0691,0.0296,-0.0548,6.69,-33.87,22.56,43.61,-82.35,-161.07
52.416534,-1.52772,150.52,13.2,3,224.5,21 / 22,1858609,2019-09-06 19:51:04:352,0.0306,-0.3136,10.2041,0.0061,0.0073,9.8066,0.1069,-0.0593,0.0127,6.69,-33.56,22.88,43.58,-82.4,-161.04
52.416534,-1.52772,150.52,13.2,3,224.5,21 / 22,1858710,2019-09-06 19:51:04:453,0.0579,1.009,10.3389,-0.0009,-0.004,9.8066,-0.0045,-0.0145,0.0018,6.56,-33.62,22.94,43.57,-82.38,-161.07
52.416534,-1.52772,150.52,13.2,3,224.5,21 / 22,1858809,2019-09-06 19:51:04:552,0.7149,0.4857,9.8064,0.0028,-0.002,9.8066,-0.0604,0.0105,0.0068,5.88,-33.94,23.31,40.46,-82.28,-161.61
52.416534,-1.52772,150.52,13.2,3,224.5,21 / 22,1858910,2019-09-06 19:51:04:653,-1.0083,0.0823,9.8058,-0.0116,-0.0038,9.8066,-0.0164,-0.0025,0.0168,6.31,-33.87,23.63,39.84,-82.18,-161.37
52.416534,-1.52772,150.52,13.2,3,224.5,21 / 22,1859010,2019-09-06 19:51:04:753,-0.1796,-0.0475,9.8268,0.0097,0.0211,9.8066,0.0531,-0.0226,-0.0095,6,-33.87,23.19,42.16,-82.36,-160.07
52.416534,-1.52772,150.52,13.2,3,224.5,21 / 22,1859110,2019-09-06 19:51:04:853,-0.4195,0.076,9.5822,0.0105,0.0299,9.8066,-0.1276,-0.0306,0.0173,6.25,-33.62,22.56,42.5,-82.53,-159.6
52.416534,-1.52772,150.52,13.2,3,224.5,21 / 22,1859211,2019-09-06 19:51:04:954,-0.1522,1.1908,10.0412,0.0019,-0.0087,9.8066,-0.0741,0.0181,-0.0253,6.38,-33.62,22.5,43.18,-82.49,-159.07
52.416534,-1.52772,150.52,13.2,3,224.5,21 / 22,1859310,2019-09-06 19:51:05:053,-0.9002,0.4828,10.3401,0.0014,-0.0192,9.8065,-0.0048,-0.0346,-0.0116,6.44,-33.44,23.31,41.15,-82.35,-160.74
52.416534,-1.52772,150.52,13.2,3,224.5,21 / 22,1859410,2019-09-06 19:51:05:153,-1.2393,-0.2563,9.6391,0.0307,0.0169,9.8066,0.135,-0.0592,0.0295,6.63,-33.87,23.06,41.35,-82.44,-162.91
52.416534,-1.52772,150.52,13.2,3,224.5,21 / 22,1859509,2019-09-06 19:51:05:252,0.918,0.976,9.898,0.0191,0.003,9.8065,0.0822,-0.0929,0.0121,6.88,-33.56,23.31,39.81,-82.43,-164.24
52.416534,-1.52772,150.52,13.2,3,224.5,21 / 22,1859610,2019-09-06 19:51:05:353,1.3883,0.4558,9.1779,0.0192,0.0488,9.8064,-0.0043,0.0024,-0.1297,6.56,-33.37,22.94,38.11,-82.43,-165.49
52.416534,-1.52772,150.52,13.2,3,224.5,21 / 22,1859709,2019-09-06 19:51:05:452,0.0679,-0.5313,10.4996,0.021,0.0222,9.8065,0.1654,-0.0336,0.0898,6.06,-33.25,23.13,35.01,-82.63,-165.72
52.416534,-1.52772,150.52,13.2,3,224.5,21 / 22,1859810,2019-09-06 19:51:05:553,-0.9196,-0.6523,11.6254,-0.0148,0.0254,9.8066,0.2836,-0.0342,0.007,5.38,-33.31,23.94,33.34,-82.45,-164.26
52.416534,-1.52772,150.52,13.2,3,224.5,21 / 22,1859910,2019-09-06 19:51:05:653,-0.8997,0.9771,9.7838,-0.0428,-0.0422,9.8064,0.0895,-0.0771,0.0765,6.19,-33.19,24,36.51,-82.36,-163.85
52.416534,-1.52772,150.52,13.2,3,224.5,21 / 22,1860009,2019-09-06 19:51:05:752,1.8916,-1.2182,9.2467,-0.0054,0.0159,9.8066,0.0515,0.1065,-0.048,6.19,-33.37,23.56,39.43,-82,-161.68
52.416534,-1.52772,150.52,13.2,3,224.5,21 / 22,1860109,2019-09-06 19:51:05:852,-0.6644,1.3702,10.0665,-0.0091,0.0302,9.8065,-0.1,0.076,-0.0731,5.81,-33.69,22.31,43.08,-82.27,-160.34
52.416534,-1.52772,150.52,13.2,3,224.5,21 / 22,1860209,2019-09-06 19:51:05:952,0.0421,-0.8391,10.273,0.0033,-0.0037,9.8066,0.0003,-0.0671,0.0919,6.56,-34.44,22.81,45.02,-82.4,-159.79
52.416534,-1.52772,150.52,13.2,3,224.5,21 / 22,1860310,2019-09-06 19:51:06:053,0.813,1.7027,9.5215,0.0019,0.001,9.8066,-0.0068,-0.0006,-0.0056,6.69,-34.5,23,45.14,-82.32,-159.79
52.416534,-1.52772,150.52,13.2,3,224.5,21 / 22,1860411,2019-09-06 19:51:06:154,0.5992,-0.4953,8.9881,0.0021,0.0033,9.8066,-0.0482,0.0461,-0.0345,6.5,-34.44,22.63,45.2,-82.27,-159.78
52.416534,-1.52772,150.52,13.2,3,224.5,21 / 22,1860510,2019-09-06 19:51:06:253,-0.2598,0.1975,10.2308,0.0129,0.0237,9.8065,0.035,0.0209,-0.0193,6.5,-34.5,23.25,45.39,-82.18,-159.71
52.416534,-1.52772,150.52,13.2,3,224.5,21 / 22,1860609,2019-09-06 19:51:06:352,-1.1408,-0.1496,10.3174,0.0026,0.0066,9.8066,0.0795,-0.0949,0.0272,6.31,-34.94,21.94,44.36,-82.37,-159.38
52.416534,-1.52772,150.52,13.2,3,224.5,21 / 22,1860710,2019-09-06 19:51:06:453,0.8101,0.93,9.7796,-0.0081,-0.0201,9.8066,-0.0041,-0.0566,0.0086,6.38,-34.44,23.19,41.81,-82.22,-160.52
52.416534,-1.52772,150.52,13.2,3,224.5,21 / 22,1860810,2019-09-06 19:51:06:553,-0.5342,-0.369,9.6106,0.0018,0.0135,9.8065,-0.0809,0.057,-0.0038,6.25,-34.37,22.94,41.47,-82.19,-160.83
52.416534,-1.52772,150.52,13.2,3,224.5,21 / 22,1860909,2019-09-06 19:51:06:652,0.123,0.1397,9.3014,0.0065,0.0085,9.8066,-0.0211,0.0352,0.0235,6.5,-34.19,23.06,44.74,-82.23,-160.22
52.416534,-1.52772,150.52,13.2,3,224.5,21 / 22,1861010,2019-09-06 19:51:06:753,0.2279,-1.5393,9.5396,-0.0061,0.0008,9.8066,-0.0848,0.0434,0.0132,6.56,-34.19,23.06,45.14,-82.23,-159.87
52.416534,-1.52772,150.52,13.2,3,224.5,21 / 22,1861110,2019-09-06 19:51:06:853,-0.1923,-0.2886,9.2667,-0.0045,0.0114,9.8065,0.019,0.0347,0.0461,6.13,-34.5,22.63,43.51,-82.32,-158.97
52.416534,-1.52772,150.52,13.2,3,224.5,21 / 22,1861210,2019-09-06 19:51:06:953,-0.3694,0.6714,9.9421,-0.0129,-0.0175,9.8066,0.1103,-0.0266,0.0732,6.5,-35.19,22.69,47.09,-82.32,-158.33
52.416534,-1.52772,150.52,13.2,3,224.5,21 / 22,1861311,2019-09-06 19:51:07:054,-0.2346,-0.2894,10.5847,0.0157,0.0084,9.8066,-0.0495,-0.0356,-0.02,5.69,-34.37,22.63,44,-82.4,-158.46
52.416534,-1.52772,150.52,13.2,3,224.5,21 / 22,1861409,2019-09-06 19:51:07:152,0.6981,-0.1082,10.2753,-0.0021,-0.0143,9.8066,-0.0856,-0.0359,-0.0893,6,-34.75,22.88,43.93,-82.25,-158.9
52.416534,-1.52772,150.52,13.2,3,224.5,21 / 22,1861510,2019-09-06 19:51:07:253,0.5888,-1.3493,10.0618,-0.0016,0.0049,9.8066,-0.0484,-0.1297,0.0696,5.81,-34.37,23.38,42.96,-82.31,-159.45
52.416534,-1.52772,150.52,13.2,3,224.5,21 / 22,1861609,2019-09-06 19:51:07:352,0.2211,0.613,9.8314,0.0265,0.0119,9.8066,-0.0724,0.0758,-0.0847,6.31,-34.19,23.13,41.39,-82.46,-160.63
52.416534,-1.52772,150.52,13.2,3,224.5,21 / 22,1861710,2019-09-06 19:51:07:453,-0.3093,-0.6902,9.7816,0.0004,-0.0081,9.8066,0.0133,-0.0295,0.0153,6.81,-34.19,23.56,42.96,-82.51,-160.51
52.416534,-1.52772,150.52,13.2,3,224.5,21 / 22,1861810,2019-09-06 19:51:07:553,1.1811,0.5793,9.4854,-0.0136,-0.0261,9.8065,-0.0442,0.0275,-0.0283,6.69,-33.94,23.56,42.76,-82.43,-160.76
52.416534,-1.52772,150.52,13.2,3,224.5,21 / 22,1861910,2019-09-06 19:51:07:653,-0.1355,0.6351,10.2136,-0.0151,-0.0076,9.8066,0.0903,0.0542,-0.0144,6.56,-34.62,22.94,45.18,-82.33,-159.96
52.416534,-1.52772,150.52,13.2,3,224.5,21 / 22,1862010,2019-09-06 19:51:07:753,0.469,0.5733,9.5857,-0.0161,-0.0041,9.8066,0.0287,-0.055,0.0342,6.63,-34.37,22.94,45.45,-82.19,-159.65
52.416534,-1.52772,150.52,13.2,3,224.5,21 / 22,1862110,2019-09-06 19:51:07:853,-0.2332,0.4891,10.1452,0.0015,0.0199,9.8066,0.0149,-0.1063,0.0329,6.19,-34.19,23,43.6,-82.28,-158.92
52.416534,-1.52772,150.52,13.2,3,224.5,21 / 22,1862210,2019-09-06 19:51:07:953,0.1502,0.1588,10.4092,0.0113,0.0135,9.8065,0.0986,0.0014,-0.0019,6.5,-34.75,22.81,46.78,-82.25,-158.68
52.416534,-1.52772,150.52,13.2,3,224.5,21 / 22,1862310,2019-09-06 19:51:08:053,-1.485,0.2528,10.8485,-0.0004,-0.0244,9.8066,-0.0024,0.1417,-0.0681,6.56,-34.87,23,46.58,-82.17,-158.94
52.416534,-1.52772,150.52,13.2,3,224.5,21 / 22,1862410,2019-09-06 19:51:08:153,-1.2981,-0.9862,9.7298,0.0149,0.0258,9.8066,0.1001,-0.0781,0.024,6.19,-34.44,23.19,42.01,-82.19,-160.38
52.416534,-1.52772,150.52,13.2,3,224.5,21 / 22,1862509,2019-09-06 19:51:08:252,0.0526,-1.0085,10.3141,-0.0034,-0.0148,9.8066,-0.2526,-0.0345,0.0173,6.56,-34,22.88,43.53,-82.29,-161.2
52.416534,-1.52772,150.52,13.2,3,224.5,21 / 22,1862610,2019-09-06 19:51:08:353,0.8689,-0.1034,10.5188,0.008,0.0002,9.8065,-0.0379,-0.0277,-0.0263,6.88,-34.06,22.81,43.77,-82.63,-160.63
52.416534,-1.52772,150.52,13.2,3,224.5,21 / 22,1862709,2019-09-06 19:51:08:452,0.8439,0.3648,9.2714,-0.0226,-0.0475,9.8064,-0.0406,-0.067,0.0675,6.38,-34.31,23,40.02,-82.47,-161.79
52.416534,-1.52772,150.52,13.2,3,224.5,21 / 22,1862810,2019-09-06 19:51:08:553,-0.4717,-0.24,9.6843,-0.0383,-0.0467,9.8064,-0.0497,0.0184,0.063,6.75,-34.62,22.81,44.37,-82.27,-160.72
52.416534,-1.52772,150.52,13.2,3,224.5,21 / 22,1862910,2019-09-06 19:51:08:653,-0.1679,0.5623,9.888,-0.0047,0.031,9.8066,0.0052,0.0593,0.0347,6.5,-34.19,23.13,45.55,-82.2,-159.56
52.416534,-1.52772,150.52,13.2,3,224.5,21 / 22,1863010,2019-09-06 19:51:08:753,0.1898,-0.2872,9.8569,-0.0012,0.0274,9.8065,-0.0249,0.0379,0.0403,6.31,-34.75,23.38,45.9,-82.34,-157.12
52.416534,-1.52772,150.52,13.2,3,224.5,21 / 22,1863110,2019-09-06 19:51:08:853,0.1704,0.6792,9.5714,-0.003,0.0149,9.8066,0.0412,0.0022,0.0144,6.56,-34.31,23.19,49.99,-82.39,-155.47
52.416534,-1.52772,150.52,13.2,3,224.5,21 / 22,1863210,2019-09-06 19:51:08:953,0.2188,0.1727,9.8408,-0.0078,0.0007,9.8065,0.0898,0.0154,-0.0106,6.13,-34.44,23.31,48.21,-82.32,-154.9
52.416534,-1.52772,150.52,13.2,3,224.5,21 / 22,1863310,2019-09-06 19:51:09:053,-0.1186,0.3195,10.0968,-0.0078,-0.0173,9.8065,-0.0567,-0.0137,-0.0519,5.56,-34.44,23,48.32,-82.19,-154.95
52.416534,-1.52772,150.52,13.2,3,224.5,21 / 22,1863410,2019-09-06 19:51:09:153,-0.2796,0.4677,10.2044,0.0009,-0.0095,9.8066,-0.0259,-0.0313,0.0128,6.31,-34.31,23.94,46.76,-82.27,-155.32
52.416534,-1.52772,150.52,13.2,3,224.5,21 / 22,1863509,2019-09-06 19:51:09:252,-0.3316,-0.3908,9.735,-0.0004,-0.0121,9.8066,0.0316,0.0095,-0.01,6.31,-34.56,22.81,48.27,-82.28,-155.13
52.416534,-1.52772,150.52,13.2,3,224.5,21 / 22,1863610,2019-09-06 19:51:09:353,0.1897,0.0786,9.4717,0.0063,0.0177,9.8066,0.0186,0.0095,0.0188,5.75,-34.62,23.44,47.5,-82.25,-155.84
52.416534,-1.52772,150.52,13.2,3,224.5,21 / 22,1863709,2019-09-06 19:51:09:452,-0.5525,0.0823,9.5896,0.0214,0.0247,9.8066,0.028,0.066,-0.0443,6.31,-34.81,22.88,47.36,-82.43,-155.76
52.416534,-1.52772,150.52,13.2,3,224.5,21 / 22,1863810,2019-09-06 19:51:09:553,0.3179,0.31,9.644,0.0108,0.0314,9.8066,0.0466,-0.0267,0.0319,6.38,-34.44,23.38,46.84,-82.47,-155.93
52.416534,-1.52772,150.52,13.2,3,224.5,21 / 22,1863910,2019-09-06 19:51:09:653,0.6288,0.1418,9.374,-0.0033,-0.0321,9.8065,-0.0957,0.0193,-0.0339,6.81,-34.37,22.94,47.45,-82.4,-157.69
52.416534,-1.52772,150.52,13.2,3,224.5,21 / 22,1864010,2019-09-06 19:51:09:753,0.2825,1.538,9.9575,-0.001,-0.0418,9.8065,-0.0861,-0.0603,-0.0552,7.06,-34.44,22.81,45.72,-82.5,-159.07
52.416534,-1.52772,150.52,13.2,3,224.5,21 / 22,1864109,2019-09-06 19:51:09:852,1.289,0.3032,9.5453,0.0295,0.0271,9.8065,0.0633,-0.0648,-0.0158,7.38,-34.69,23,45.01,-82.62,-159.79
52.416534,-1.52772,150.52,13.2,3,224.5,21 / 22,1864210,2019-09-06 19:51:09:953,0.4631,0.2718,10.1043,0.0086,0.0146,9.8066,0.0607,0.0069,-0.0346,7.13,-33.94,22.81,44.13,-82.78,-160.17
52.416534,-1.52772,150.52,13.2,3,224.5,21 / 22,1864310,2019-09-06 19:51:10:053,0.1175,0.2073,10.4173,0.0033,0.0061,9.8066,0.0245,-0.005,0.0277,7.19,-34.44,22.31,44.48,-82.76,-160.89
52.416534,-1.52772,150.52,13.2,3,224.5,21 / 22,1864409,2019-09-06 19:51:10:152,-0.0307,0.5694,10.2262,-0.0102,-0.0087,9.8066,0.0303,-0.025,-0.06,8,-34.44,22.94,45.59,-82.84,-160.98
52.416534,-1.52772,150.52,13.2,3,224.5,21 / 22,1864510,2019-09-06 19:51:10:253,-0.2949,0.7924,9.9169,0.0109,-0.0033,9.8065,-0.0158,-0.03,0.0134,7.31,-34.25,22.56,42.59,-82.86,-161.42
52.416534,-1.52772,150.52,13.2,3,224.5,21 / 22,1864609,2019-09-06 19:51:10:352,0.8058,-0.0158,9.4584,0.0068,-0.0011,9.8066,-0.008,0.0512,0.0295,6.81,-34.25,22,42.47,-82.9,-162.49
52.416534,-1.52772,150.52,13.2,3,224.5,21 / 22,1864710,2019-09-06 19:51:10:453,0.1865,0.1573,9.641,-0.0119,-0.0166,9.8066,0.137,0.0455,-0.0251,7,-34.5,22.44,42.55,-82.74,-162.58
52.416534,-1.52772,150.52,13.2,3,224.5,21 / 22,1864810,2019-09-06 19:51:10:553,-0.866,-0.4731,10.3787,0.0109,0.0136,9.8066,0.1287,-0.0809,0.0675,6.13,-34,22.56,38.45,-82.75,-162.86
52.416534,-1.52772,150.52,13.2,3,224.5,21 / 22,1864910,2019-09-06 19:51:10:653,-0.6522,-0.8238,10.3576,-0.0053,0.0251,9.8066,-0.1374,0.0055,0.0186,6.06,-34,23.38,39.56,-82.69,-161.96
52.416534,-1.52772,150.52,13.2,3,224.5,21 / 22,1865009,2019-09-06 19:51:10:752,0.6973,0.3405,9.9149,-0.0235,-0.025,9.8065,-0.0793,0.0662,-0.0219,6.5,-34.06,23.56,40.97,-82.77,-161.99
52.416534,-1.52772,150.52,13.2,3,224.5,21 / 22,1865109,2019-09-06 19:51:10:852,0.4862,0.755,9.9513,0.0043,-0.0203,9.8066,0.0556,-0.0033,0.0574,6.44,-34.75,23.63,38.8,-82.63,-162.02
52.416534,-1.52772,150.52,13.2,3,224.5,21 / 22,1865209,2019-09-06 19:51:10:952,0.284,-1.0368,9.5723,0.0007,0.0175,9.8066,0.0163,0.0487,-0.0202,6.69,-34.5,23.56,42.07,-82.68,-161.12
52.416534,-1.52772,150.52,13.2,3,224.5,21 / 22,1865309,2019-09-06 19:51:11:052,-0.3002,-0.0068,9.1642,-0.0111,-0.0071,9.8066,-0.0065,-0.0049,0.0595,6.25,-34.12,23.13,40.96,-82.75,-160.71
52.416534,-1.52772,150.52,13.2,3,224.5,21 / 22,1865412,2019-09-06 19:51:11:155,0.0242,0.8315,10.1661,0.0022,0.0078,9.8066,-0.0802,-0.0401,-0.0345,6.88,-34.5,23.25,44.07,-82.88,-160.1
52.416534,-1.52772,150.52,13.2,3,224.5,21 / 22,1865509,2019-09-06 19:51:11:252,-0.5498,-0.2215,10.293,0.0034,0.0025,9.8066,-0.0479,-0.002,-0.0135,6.88,-34.06,22.94,43.68,-83.09,-160.23
52.416534,-1.52772,150.52,13.2,3,224.5,21 / 22,1865610,2019-09-06 19:51:11:353,0.4226,0.1658,9.9423,0.0072,0.0009,9.8066,0.0645,-0.0313,0.0133,6.63,-34.75,23.19,43.63,-83.11,-160.45
52.416534,-1.52772,150.52,13.2,3,224.5,21 / 22,1865709,2019-09-06 19:51:11:452,-0.2,0.5089,10.2895,-0.0036,-0.0046,9.8066,0.0194,-0.0297,0.0104,6.25,-33.69,22.88,39.99,-83.03,-161.27
52.416534,-1.52772,150.52,13.2,3,224.5,21 / 22,1865809,2019-09-06 19:51:11:552,1.2277,0.0383,9.9166,0.0002,-0.0145,9.8066,0.0033,0.0369,-0.0369,6.13,-33.19,22.88,39.46,-82.94,-161.62
52.416534,-1.52772,150.52,13.2,3,224.5,21 / 22,1865910,2019-09-06 19:51:11:653,0.116,-0.4863,10.0424,-0.0091,-0.0062,9.8066,-0.0352,-0.0494,0.0358,6.56,-33.5,23.31,41.95,-82.95,-161.68
52.416534,-1.52772,150.52,13.2,3,224.5,21 / 22,1866010,2019-09-06 19:51:11:753,-0.5203,0.4243,9.8664,0.0018,0.003,9.8065,-0.0459,0.0155,-0.0525,6.25,-34.06,23.06,39.89,-82.99,-161.39
52.416534,-1.52772,150.52,13.2,3,224.5,21 / 22,1866110,2019-09-06 19:51:11:853,0.5788,0.5853,10.4794,0.0132,0.0075,9.8066,0.0267,-0.0042,-0.012,6.88,-34.44,23.06,41.37,-83.14,-162.2
52.416534,-1.52772,150.52,13.2,3,224.5,21 / 22,1866209,2019-09-06 19:51:11:952,-0.0887,0.3853,10.1521,0.0073,0.0223,9.8065,0.0192,-0.0062,-0.0243,6.5,-33.69,23.19,41.48,-83.24,-162
52.416534,-1.52772,150.52,13.2,3,224.5,21 / 22,1866309,2019-09-06 19:51:12:052,0.9367,-0.9972,8.9079,0.0142,-0.0104,9.8065,-0.0238,-0.1489,0.0041,6.56,-34.56,22.69,40.59,-83.16,-163.04
52.4157,-1.529054,149.44,15.24,3,224.65,21 / 22,1866410,2019-09-06 19:51:12:153,0.2596,-0.2534,9.7247,-0.022,-0.0382,9.8065,0.2379,0.0837,-0.1259,7.44,-34.44,22.69,40.56,-83.07,-162.97
52.4157,-1.529054,149.44,15.24,3,224.65,21 / 22,1866510,2019-09-06 19:51:12:253,-1.1111,0.1918,10.437,0.0325,0.0648,9.8063,0.225,0.012,-0.02,7.38,-34.62,23.38,39.82,-83.41,-163.46
52.4157,-1.529054,149.44,15.24,3,224.65,21 / 22,1866610,2019-09-06 19:51:12:353,0.3023,-0.3415,10.4971,0.0297,0.0822,9.8062,-0.1218,-0.012,0.0083,7.19,-34.25,23.56,37.61,-83.5,-164.23
52.4157,-1.529054,149.44,15.24,3,224.65,21 / 22,1866710,2019-09-06 19:51:12:453,0.7633,-0.6803,9.9542,-0.0411,-0.0686,9.8062,-0.0242,0.1353,0.022,6.88,-34.75,23.31,38.81,-82.98,-164.75
52.4157,-1.529054,149.44,15.24,3,224.65,21 / 22,1866809,2019-09-06 19:51:12:552,0.3735,0.2806,9.2234,-0.0185,-0.0457,9.8065,-0.0317,-0.048,-0.0254,6.63,-34.19,23,38.35,-83.05,-164.9
52.4157,-1.529054,149.44,15.24,3,224.65,21 / 22,1866909,2019-09-06 19:51:12:652,-0.569,1.3934,9.6558,0.0274,0.0354,9.8065,-0.0426,0.0355,-0.0341,6.69,-34,22.06,41.57,-82.96,-163.2
52.4157,-1.529054,149.44,15.24,3,224.65,21 / 22,1867009,2019-09-06 19:51:12:752,1.4249,0.0267,10.1301,0.0046,0.0078,9.8066,0.0776,0.0397,-0.0218,5.13,-34.44,22.13,34.9,-83.19,-163.98
52.4157,-1.529054,149.44,15.24,3,224.65,21 / 22,1867110,2019-09-06 19:51:12:853,-0.6477,-0.5298,10.286,0.0046,0.005,9.8066,0.062,-0.0414,0.0079,4.56,-33.25,22.81,34.26,-83.15,-163.61
52.4157,-1.529054,149.44,15.24,3,224.65,21 / 22,1867210,2019-09-06 19:51:12:953,-0.0864,-0.6385,9.7709,0.0066,0.0151,9.8065,-0.0475,0.0482,-0.0005,6.38,-33.12,24,35.96,-83.21,-163.6
52.4157,-1.529054,149.44,15.24,3,224.65,21 / 22,1867309,2019-09-06 19:51:13:052,-0.7148,0.5226,10.0443,-0.0037,-0.0063,9.8066,-0.0659,0.0115,-0.0482,7,-33.75,22.88,38.76,-83.36,-164.26
52.4157,-1.529054,149.44,15.24,3,224.65,20 / 22,1867410,2019-09-06 19:51:13:153,1.3545,-0.9649,9.8307,0.0294,0.0042,9.8066,0.0927,-0.1084,0.021,7.13,-33.56,22.44,38.09,-83.52,-165.64
52.4157,-1.529054,149.44,15.24,3,224.65,20 / 22,1867510,2019-09-06 19:51:13:253,0.2471,-0.1166,10.1636,0.0068,-0.0198,9.8066,-0.0005,0.1087,-0.1537,6.56,-33.94,23,35.28,-83.45,-167.18
52.4157,-1.529054,149.44,15.24,3,224.65,20 / 22,1867609,2019-09-06 19:51:13:352,1.3323,-0.8759,9.9946,0.0146,-0.039,9.8065,0.0682,0.0338,-0.0139,7.38,-34.06,23.5,30.23,-83.28,-170.81
52.4157,-1.529054,149.44,15.24,3,224.65,20 / 22,1867711,2019-09-06 19:51:13:454,-0.06,0.8424,10.2883,0.0017,-0.0092,9.8066,-0.0567,-0.0109,-0.0274,7.88,-34.75,22.94,33.12,-83.19,-171.6
52.4157,-1.529054,149.44,15.24,3,224.65,20 / 22,1867810,2019-09-06 19:51:13:553,0.4972,1.0377,10.2291,0.0075,0.0017,9.8066,-0.0274,-0.009,-0.025,7.63,-34.19,23.38,31.68,-83.2,-172.67
52.4157,-1.529054,149.44,15.24,3,224.65,20 / 22,1867910,2019-09-06 19:51:13:653,0.1503,0.4768,9.8611,0.0095,-0.0133,9.8066,0.0322,0.0485,0.0055,8.06,-34,23.75,27.97,-83.21,-174.92
52.4157,-1.529054,149.44,15.24,3,224.65,20 / 22,1868010,2019-09-06 19:51:13:753,-0.3254,1.2316,9.7744,0.0209,-0.0042,9.8065,-0.0298,0.069,-0.0947,8,-34.44,23.44,26.95,-83.34,-176.6
52.4157,-1.529054,149.44,15.24,3,224.65,20 / 22,1868110,2019-09-06 19:51:13:853,0.2069,0.3991,9.3435,0.0238,0.0027,9.8066,-0.0287,0.0008,0.0384,7.81,-33.37,23.44,25.04,-83.39,-178.07
52.4157,-1.529054,149.44,15.24,3,224.65,20 / 22,1868209,2019-09-06 19:51:13:952,0.0282,0.5703,9.058,-0.0123,0.0055,9.8066,-0.0164,0.0137,0.0191,7.44,-34.25,22.81,21.7,-83.52,-178.74
52.4157,-1.529054,149.44,15.24,3,224.65,20 / 22,1868310,2019-09-06 19:51:14:053,0.5231,0.5453,9.257,-0.0004,0.0452,9.8065,-0.0408,0.0135,0.0966,7.88,-34,22.31,28.9,-83.82,-175.56
52.4157,-1.529054,149.44,15.24,3,224.65,21 / 22,1868410,2019-09-06 19:51:14:153,-0.3708,0.2946,10.2056,-0.0295,0.0297,9.8065,-0.0126,-0.0145,0.0833,7.56,-33.5,22.88,31.52,-83.85,-172.16
52.4157,-1.529054,149.44,15.24,3,224.65,21 / 22,1868510,2019-09-06 19:51:14:253,-0.3827,0.4845,10.6561,-0.0375,-0.0125,9.8065,0.0595,-0.0176,0.0905,7.69,-34.62,23.44,37.69,-83.63,-167.27
52.4157,-1.529054,149.44,15.24,3,224.65,21 / 22,1868610,2019-09-06 19:51:14:353,-0.7239,0.883,11.0274,-0.0233,-0.0106,9.8066,0.0815,-0.006,0.0242,7.06,-34.5,23.44,37.4,-83.41,-165.37
52.4157,-1.529054,149.44,15.24,3,224.65,21 / 22,1868709,2019-09-06 19:51:14:452,-0.5012,0.308,10.1885,-0.0282,-0.0297,9.8065,0.0029,0.0265,0.0255,6.63,-33.75,23.25,39.15,-83.24,-164.02
52.4157,-1.529054,149.44,15.24,3,224.65,21 / 22,1868810,2019-09-06 19:51:14:553,0.8724,-0.6783,9.279,-0.0186,-0.0254,9.8065,0.0153,-0.0999,0.0735,6.75,-34.31,22.81,40.41,-82.9,-163.25
52.4157,-1.529054,149.44,15.24,3,224.65,21 / 22,1868910,2019-09-06 19:51:14:653,0.666,1.1221,9.2477,-0.0003,0.0315,9.8065,-0.0888,-0.005,-0.07,6.56,-34.56,23.25,43.25,-83.1,-160.79
52.4157,-1.529054,149.44,15.24,3,224.65,21 / 22,1869010,2019-09-06 19:51:14:753,-0.9689,0.774,9.6597,0.0027,0.011,9.8066,0.0508,0.0079,0.0121,6.38,-35.06,22.75,40.77,-83.14,-160.67
52.4157,-1.529054,149.44,15.24,3,224.65,21 / 22,1869110,2019-09-06 19:51:14:853,-0.6022,0.388,9.9845,0.0037,0.0017,9.8066,0.0557,-0.0276,-0.0003,6.5,-34.81,23.06,43.39,-83.16,-160.61
52.4157,-1.529054,149.44,15.24,3,224.65,21 / 22,1869209,2019-09-06 19:51:14:952,-0.5243,-0.1182,10.0509,0.0126,0.012,9.8066,-0.0359,-0.0271,-0.0134,6.88,-34.75,23.13,43.09,-83.23,-160.79
52.4157,-1.529054,149.44,15.24,3,224.65,21 / 22,1869309,2019-09-06 19:51:15:052,0.5514,0.0809,10.1352,-0.0007,-0.0132,9.8066,-0.0066,-0.0226,-0.0404,7.38,-34.62,23,41.73,-83.31,-161.9
52.4157,-1.529054,149.44,15.24,3,224.65,21 / 22,1869410,2019-09-06 19:51:15:153,0.5979,-0.2554,9.6962,0.0104,-0.0154,9.8065,0.0609,-0.0335,0.0474,7.13,-34.69,23,40.25,-83.23,-163.26
52.4157,-1.529054,149.44,15.24,3,224.65,21 / 22,1869509,2019-09-06 19:51:15:252,0.4764,0.1897,10.2257,-0.0064,0.0011,9.8066,-0.0591,0.0066,-0.0369,6.94,-34.62,23.38,39.67,-83.2,-163.79
52.4157,-1.529054,149.44,15.24,3,224.65,21 / 22,1869610,2019-09-06 19:51:15:353,0.2571,1.2764,10.5313,-0.0018,-0.0082,9.8066,0.0667,0.0199,0.0102,7.13,-34.69,22.81,39.71,-83.14,-163.82
52.4157,-1.529054,149.44,15.24,3,224.65,21 / 22,1869710,2019-09-06 19:51:15:453,-0.5666,0.2161,10.0619,-0.0088,-0.0086,9.8065,0.0187,-0.0057,-0.0559,7.94,-34.31,23.31,41.17,-83.23,-164.44
52.4157,-1.529054,149.44,15.24,3,224.65,21 / 22,1869810,2019-09-06 19:51:15:553,0.473,-0.5388,10.174,0.0152,-0.0014,9.8066,-0.0557,-0.0884,0.0576,7.44,-34.25,23.44,37.73,-83.31,-165.19
52.4157,-1.529054,149.44,15.24,3,224.65,21 / 22,1869910,2019-09-06 19:51:15:653,-0.1703,-0.5702,9.9255,-0.0063,-0.0223,9.8066,-0.0869,-0.0023,-0.0532,7.38,-35,23.44,36.35,-83.21,-166.63
52.4157,-1.529054,149.44,15.24,3,224.65,21 / 22,1870012,2019-09-06 19:51:15:755,-0.6699,0.201,10.3343,-0.0078,-0.018,9.8065,0.0628,0.0001,-0.0048,7.75,-34.94,23.13,38.63,-83.18,-166.88
52.4157,-1.529054,149.44,15.24,3,224.65,21 / 22,1870109,2019-09-06 19:51:15:852,-0.197,0.383,10.4243,0.0111,0.0087,9.8066,0.11,-0.0299,0.047,7.38,-35.25,23.19,35.05,-83.2,-167.76
52.4157,-1.529054,149.44,15.24,3,224.65,21 / 22,1870211,2019-09-06 19:51:15:954,0.7954,0.2306,10.1123,0.0098,-0.0033,9.8066,0.0409,-0.0111,-0.0057,7.56,-33.81,22.81,36.92,-83.09,-168.26
52.4157,-1.529054,149.44,15.24,3,224.65,21 / 22,1870309,2019-09-06 19:51:16:052,-0.3487,-0.2034,9.4901,0.0006,-0.0022,9.8066,0.0228,-0.0081,-0.0218,7.69,-34.5,23.31,35.95,-83.06,-169.13
52.4157,-1.529054,149.44,15.24,3,224.65,21 / 22,1870410,2019-09-06 19:51:16:153,0.0418,-0.1278,9.5685,0.0075,0.0087,9.8066,-0.0944,-0.0027,0.0224,7.75,-34.44,23.25,35.7,-83.17,-169.24
52.4157,-1.529054,149.44,15.24,3,224.65,21 / 22,1870509,2019-09-06 19:51:16:252,-0.0441,0.9154,9.3569,-0.0018,0.0073,9.8066,-0.0952,-0.0239,-0.0159,7.88,-33.94,22.94,36.12,-83.44,-168.65
52.4157,-1.529054,149.44,15.24,3,224.65,21 / 22,1870610,2019-09-06 19:51:16:353,-0.1123,0.9172,9.8648,0.0096,-0.0031,9.8066,0.055,0.0138,-0.0315,7.25,-34.75,22.44,34.24,-83.56,-169.08
52.4157,-1.529054,149.44,15.24,3,224.65,21 / 22,1870710,2019-09-06 19:51:16:453,0.2956,0.5066,10.1807,0.0119,0.0021,9.8066,0.0719,-0.0482,-0.0108,8,-34.69,22.56,34.04,-83.6,-170.45
52.4157,-1.529054,149.44,15.24,3,224.65,21 / 22,1870810,2019-09-06 19:51:16:553,0.7309,0.1144,10.0753,0.0054,-0.0024,9.8066,0.0859,-0.0367,-0.0111,8.19,-34,23.31,32.56,-83.44,-171.73
52.4157,-1.529054,149.44,15.24,3,224.65,21 / 22,1870910,2019-09-06 19:51:16:653,0.3522,-0.7934,9.8626,-0.005,-0.0129,9.8066,0.0155,0.0285,-0.0139,9.06,-33.69,23.38,33.96,-83.19,-172.84
52.4157,-1.529054,149.44,15.24,3,224.65,21 / 22,1871010,2019-09-06 19:51:16:753,-0.3075,0.148,9.816,-0.0011,0.0093,9.8066,-0.1197,0.0185,-0.017,8.69,-33.37,23.19,34.1,-83.28,-172.49
52.4157,-1.529054,149.44,15.24,3,224.65,21 / 22,1871110,2019-09-06 19:51:16:853,-0.5044,0.519,10.2309,0.0003,-0.0111,9.8065,-0.0576,0.0074,-0.0111,9.75,-33.25,21.81,37.39,-83.43,-172.69
52.4157,-1.529054,149.44,15.24,3,224.65,21 / 22,1871209,2019-09-06 19:51:16:952,-0.4222,0.1663,9.9444,0.0006,-0.0132,9.8066,-0.0125,0.0081,-0.0514,8.25,-33.56,20.94,32.79,-83.5,-173.56
52.4157,-1.529054,149.44,15.24,3,224.65,21 / 22,1871311,2019-09-06 19:51:17:054,0.1624,0.0282,9.9585,0.0119,-0.0135,9.8066,0.0456,-0.0261,0.0256,6.81,-33.56,22.38,28.18,-83.45,-174.19
52.4157,-1.529054,149.44,15.24,3,224.65,20 / 21,1871410,2019-09-06 19:51:17:153,0.3392,0.2143,9.8746,-0.0074,-0.0123,9.8066,0.0801,0.0198,-0.0134,7.38,-33.19,23.88,25.12,-83.27,-175.06
52.4157,-1.529054,149.44,15.24,3,224.65,20 / 21,1871509,2019-09-06 19:51:17:252,0.6372,0.3589,10.0318,0.0055,-0.0055,9.8066,-0.0466,0.0051,0.0154,7.69,-34,23.75,27.41,-83.13,-175.44
52.4157,-1.529054,149.44,15.24,3,224.65,20 / 21,1871610,2019-09-06 19:51:17:353,0.1509,0.7607,10.4283,0.0062,0.0064,9.8066,0.1492,-0.0316,-0.0229,8,-33.81,23.5,27.92,-83.02,-175.09
52.4157,-1.529054,149.44,15.24,3,224.65,20 / 21,1871709,2019-09-06 19:51:17:452,0.2604,-0.4741,10.1045,0.005,-0.0011,9.8066,0.0808,0.0097,-0.0344,7.94,-33.56,23.44,28.2,-82.91,-175.84
52.4157,-1.529054,149.44,15.24,3,224.65,20 / 21,1871809,2019-09-06 19:51:17:552,-0.3715,0.8293,9.7294,-0.0094,-0.0082,9.8066,-0.0241,0.0276,-0.0029,7.81,-33.81,22.94,28.43,-82.77,-175.74
52.4157,-1.529054,149.44,15.24,3,224.65,20 / 21,1871909,2019-09-06 19:51:17:652,-0.5481,-0.1141,9.2085,0.0097,0.0131,9.8065,0.0088,0.0021,0.0002,8.63,-33.56,23.38,30.64,-82.8,-175.99
52.4157,-1.529054,149.44,15.24,3,224.65,20 / 21,1872010,2019-09-06 19:51:17:753,0.0384,0.1405,9.7041,0.0187,0.0203,9.8066,-0.0256,-0.0214,-0.032,8.44,-33.81,23.31,26.73,-83.1,-176.95
52.4157,-1.529054,149.44,15.24,3,224.65,20 / 21,1872110,2019-09-06 19:51:17:853,0.4284,-0.0689,9.4406,0.0242,0.0147,9.8065,0.0377,-0.0134,-0.0329,8.5,-33.81,22.94,27.21,-83.5,-178.41
52.4157,-1.529054,149.44,15.24,3,224.65,20 / 21,1872210,2019-09-06 19:51:17:953,0.3297,0.357,9.6883,0.0076,0.0083,9.8066,-0.0757,0.0298,-0.0278,8.25,-34.12,22.63,23.82,-83.49,-179.17
52.4157,-1.529054,149.44,15.24,3,224.65,20 / 21,1872312,2019-09-06 19:51:18:055,0.0957,0.2605,9.5664,0.0039,-0.0181,9.8065,-0.0439,0.0408,-0.0166,8.31,-34,23.13,22.52,-83.4,179.68
52.4157,-1.529054,149.44,15.24,3,224.65,20 / 21,1872410,2019-09-06 19:51:18:153,-0.3091,1.6404,10.3313,0.0124,0.0266,9.8065,0.0576,-0.0202,-0.0631,8.5,-34.44,23.5,23.32,-83.26,179.09
52.4157,-1.529054,149.44,15.24,3,224.65,20 / 21,1872509,2019-09-06 19:51:18:252,0.2906,1.0666,11.0994,0.023,0.0081,9.8066,0.0772,-0.0388,0.0235,8.75,-34.37,23.44,23.45,-83.18,178.19
52.4157,-1.529054,149.44,15.24,3,224.65,20 / 21,1872610,2019-09-06 19:51:18:353,-0.0316,0.9936,10.4942,0.0031,0.0248,9.8065,0.1491,0.0155,-0.012,8.31,-33.94,23.75,18.94,-83.12,177.38
52.4157,-1.529054,149.44,15.24,3,224.65,20 / 21,1872709,2019-09-06 19:51:18:452,0.5331,-0.6249,10.2547,-0.0002,-0.0081,9.8066,0.1644,-0.0039,0.0549,8.81,-34.06,24,21.91,-82.86,177.66
52.4157,-1.529054,149.44,15.24,3,224.65,20 / 21,1872809,2019-09-06 19:51:18:552,0.9869,0.1871,9.9631,0.0012,0.0165,9.8066,-0.0946,0.0611,-0.0045,8.63,-33.69,23.13,24.14,-82.93,178.63
52.4157,-1.529054,149.44,15.24,3,224.65,20 / 21,1872910,2019-09-06 19:51:18:653,0.1929,0.6762,9.9187,-0.0151,-0.0228,9.8066,-0.1169,0.006,0.0325,8.25,-33.75,23.69,21.1,-82.79,179.03
52.4157,-1.529054,149.44,15.24,3,224.65,20 / 21,1873009,2019-09-06 19:51:18:752,0.584,0.4184,9.5446,-0.0172,-0.0261,9.8066,-0.0162,0.0005,0.0199,8.38,-33.62,23.13,22.82,-82.77,179.56
52.4157,-1.529054,149.44,15.24,3,224.65,20 / 21,1873110,2019-09-06 19:51:18:853,0.0032,0.9496,10.0668,0.013,0.0332,9.8065,0.0323,0.0154,0.0082,8.63,-34.06,23.06,25.36,-82.79,179.57
52.4157,-1.529054,149.44,15.24,3,224.65,20 / 21,1873209,2019-09-06 19:51:18:952,0.1545,0.3698,9.9473,0.0174,0.0142,9.8065,0.0325,0.0193,-0.0119,8.63,-33.44,23.25,24.4,-83.01,179.01
52.4157,-1.529054,149.44,15.24,3,224.65,20 / 21,1873310,2019-09-06 19:51:19:053,0.4772,0.1693,9.3735,0.0119,0.005,9.8066,-0.0007,0.0008,-0.0019,8.13,-34.62,23.63,20.6,-83.05,178.65
52.4157,-1.529054,149.44,15.24,3,224.65,20 / 21,1873409,2019-09-06 19:51:19:152,0.0448,-0.0273,10.1017,0.0026,0.011,9.8066,-0.0185,0.0577,-0.0228,8.13,-33.44,23.75,20.28,-83.1,178.59
52.4157,-1.529054,149.44,15.24,3,224.65,20 / 21,1873509,2019-09-06 19:51:19:252,0.6497,0.0908,9.9255,-0.0034,-0.0188,9.8066,-0.0225,-0.0125,-0.0019,7.81,-33.37,23.75,19.2,-83.01,177.64
52.4157,-1.529054,149.44,15.24,3,224.65,20 / 21,1873610,2019-09-06 19:51:19:353,0.9863,0.8479,9.6572,-0.0081,-0.0148,9.8066,0.047,0.0052,0.0029,7.75,-33.62,23.56,19.69,-82.98,177.95
52.4157,-1.529054,149.44,15.24,3,224.65,20 / 21,1873710,2019-09-06 19:51:19:453,-0.1001,0.096,10.3461,0.0024,0.0158,9.8066,0.0557,0.004,-0.0189,8,-33.06,23.5,19.11,-83.03,177.57
52.4157,-1.529054,149.44,15.24,3,224.65,20 / 21,1873810,2019-09-06 19:51:19:553,0.5524,-0.2258,10.1237,0.0128,0.0152,9.8066,-0.0324,-0.0389,0.0289,7.81,-32.25,24,18.8,-83.14,177.45
52.4157,-1.529054,149.44,15.24,3,224.65,20 / 21,1873910,2019-09-06 19:51:19:653,0.1964,-0.738,9.5565,-0.0065,-0.023,9.8066,-0.0387,0.0379,-0.0021,8.13,-30.25,25.94,16.88,-82.93,177.4
52.4157,-1.529054,149.44,15.24,3,224.65,20 / 21,1874010,2019-09-06 19:51:19:753,0.7548,0.2528,9.7288,-0.0097,-0.0076,9.8066,-0.0472,0.0148,-0.0063,10.38,-29.94,26.5,20.92,-82.99,177.85
52.4157,-1.529054,149.44,15.24,3,224.65,20 / 21,1874110,2019-09-06 19:51:19:853,0.4977,0.371,10.0376,-0.0071,-0.0131,9.8066,-0.0767,0.0328,-0.0119,10.81,-30.69,22.81,28.1,-82.94,178.31
52.4157,-1.529054,149.44,15.24,3,224.65,20 / 21,1874209,2019-09-06 19:51:19:952,-0.0904,0.8937,9.7515,-0.0123,-0.018,9.8066,0.0685,0.0274,0.0083,10.19,-30,22.81,25.65,-82.91,178.31
52.4157,-1.529054,149.44,15.24,3,224.65,20 / 21,1874309,2019-09-06 19:51:20:052,1.1449,0.7029,9.8848,-0.0021,0.017,9.8065,0.0687,-0.0391,0.0137,9.31,-31.06,22.69,23.93,-82.88,178.78
52.4157,-1.529054,149.44,15.24,3,224.65,20 / 21,1874410,2019-09-06 19:51:20:153,0.1159,0.1981,9.5101,-0.0075,0.0151,9.8066,-0.0619,-0.0337,0.0147,7.06,-32.31,23.13,21.07,-82.96,-179.37
52.4157,-1.529054,149.44,15.24,3,224.65,20 / 21,1874509,2019-09-06 19:51:20:252,0.0574,1.5399,9.4421,0.0048,0.0124,9.8066,-0.0546,-0.025,0.0498,6.88,-32.81,23.31,22.26,-83.13,-178.38
52.4157,-1.529054,149.44,15.24,3,224.65,20 / 21,1874610,2019-09-06 19:51:20:353,0.7032,0.4517,10.2892,-0.0093,0.007,9.8066,-0.0109,0.0067,0.0306,7.38,-32.94,23,23.21,-83.23,-177.52
52.4157,-1.529054,149.44,15.24,3,224.65,20 / 21,1874711,2019-09-06 19:51:20:454,1.0777,0.6934,10.2736,-0.0145,-0.0156,9.8066,-0.0202,0.0538,-0.0274,7.94,-34.06,24.25,24.88,-83.13,-177.59
52.4157,-1.529054,149.44,15.24,3,224.65,20 / 21,1874811,2019-09-06 19:51:20:554,0.0924,0.7616,9.9937,-0.0082,-0.0197,9.8065,0.1105,-0.0003,0.0126,7.44,-33.25,24.75,21.25,-82.97,-177.77
52.4157,-1.529054,149.44,15.24,3,224.65,20 / 21,1874910,2019-09-06 19:51:20:653,0.4008,-0.3878,10.3465,0.0042,0.02,9.8066,0.1141,0.0265,0,7.44,-32.94,24.38,23.05,-82.86,-177.05
52.4157,-1.529054,149.44,15.24,3,224.65,20 / 21,1875010,2019-09-06 19:51:20:753,0.2257,0.4858,10.1903,0.0052,0.0285,9.8066,-0.1121,0.0349,-0.0156,6.94,-33.44,24.38,23.51,-82.87,-176.66
52.4157,-1.529054,149.44,15.24,3,224.65,20 / 21,1875109,2019-09-06 19:51:20:852,0.6959,0.3486,9.8401,-0.0063,-0.0003,9.8066,0.0033,0.038,-0.0122,6.88,-32.37,23.5,23.9,-82.88,-176.21
52.4157,-1.529054,149.44,15.24,3,224.65,20 / 21,1875210,2019-09-06 19:51:20:953,-0.0739,0.9906,9.7726,-0.0034,0.0032,9.8066,-0.0219,0.0274,-0.0141,6.94,-31.94,23.63,24.21,-82.94,-175.92
52.4157,-1.529054,149.44,15.24,3,224.65,20 / 21,1875310,2019-09-06 19:51:21:053,0.9444,0.0894,9.8998,-0.0029,-0.0019,9.8066,-0.0363,-0.0145,-0.0001,6.31,-31.31,24.56,21.32,-82.99,-175.39
52.414806,-1.530463,147.66,14.32,3,222.66,20 / 21,1875409,2019-09-06 19:51:21:152,0.5271,-0.2416,9.4695,-0.0049,0.0065,9.8066,-0.0485,0.0639,0.0346,6.63,-31.44,24.44,25.15,-83,-174.96
52.414806,-1.530463,147.66,14.32,3,222.66,20 / 21,1875511,2019-09-06 19:51:21:254,1.8004,1.3152,9.6106,-0.0003,0.0221,9.8066,-0.0171,0.0492,-0.0078,6.31,-32.31,24.06,23.33,-83.07,-174.41
52.414806,-1.530463,147.66,14.32,3,222.66,20 / 21,1875610,2019-09-06 19:51:21:353,1.0968,0.0143,9.8354,0.002,0.0162,9.8066,-0.0113,0.0556,-0.0182,7.19,-31.87,24.13,26.81,-83.2,-173.54
52.414806,-1.530463,147.66,14.32,3,222.66,20 / 21,1875710,2019-09-06 19:51:21:453,0.7314,-0.3019,9.7752,-0.0063,-0.0028,9.8066,0.0864,0.0224,0.005,7.19,-32.19,24,27.68,-83.18,-172.8
52.414806,-1.530463,147.66,14.32,3,222.66,20 / 21,1875810,2019-09-06 19:51:21:553,0.5346,0.3995,9.4141,0.0043,-0.005,9.8066,-0.022,0.0629,0.0226,5.81,-32.94,23.25,26.46,-83.17,-172.54
52.414806,-1.530463,147.66,14.32,3,222.66,20 / 21,1875910,2019-09-06 19:51:21:653,1.1717,1.2293,9.1377,0.0058,0.0162,9.8066,-0.0495,0.0536,0.0389,6.44,-33.19,23.88,26.51,-83.31,-171.67
52.414806,-1.530463,147.66,14.32,3,222.66,20 / 21,1876010,2019-09-06 19:51:21:753,0.5049,0.1213,9.7258,-0.0033,0.0167,9.8066,-0.0004,0.0513,-0.0197,6.44,-33.75,23.38,28.63,-83.41,-170.67
52.414806,-1.530463,147.66,14.32,3,222.66,20 / 21,1876110,2019-09-06 19:51:21:853,1.5525,0.4784,9.6086,0.0017,0.0212,9.8066,0.0933,0.0017,0.0326,6.81,-33.81,23.31,31.82,-83.51,-170.12
52.414806,-1.530463,147.66,14.32,3,222.66,20 / 21,1876210,2019-09-06 19:51:21:953,1.3754,0.2252,10.4015,-0.0007,0.0023,9.8066,-0.0149,0.0242,0.0244,6.88,-34.12,22.88,33.46,-83.63,-168.6
52.414806,-1.530463,147.66,14.32,3,222.66,20 / 21,1876310,2019-09-06 19:51:22:053,2.3389,1.232,9.621,-0.0215,-0.0293,9.8065,-0.192,0.0849,-0.0104,7.25,-34.12,21.44,36.58,-83.44,-168.05
52.414806,-1.530463,147.66,14.32,3,222.66,20 / 21,1876410,2019-09-06 19:51:22:153,0.0942,1.8569,10.2493,-0.0206,-0.0445,9.8065,0.2317,0.1005,-0.0434,8.31,-36.44,20,41.38,-83.3,-168.04
52.414806,-1.530463,147.66,14.32,3,222.66,20 / 21,1876510,2019-09-06 19:51:22:253,0.8886,1.7291,10.1936,0.0324,0.0373,9.8065,0.024,-0.0681,-0.0443,10.19,-40.44,20.63,46.27,-83.36,-167.68
52.414806,-1.530463,147.66,14.32,3,222.66,20 / 21,1876609,2019-09-06 19:51:22:352,0.7263,0.7082,10.2924,0.0541,0.0427,9.8064,0.0236,0.1211,-0.0275,12.25,-42.56,22.69,48.23,-83.19,-167.98
52.414806,-1.530463,147.66,14.32,3,222.66,20 / 21,1876710,2019-09-06 19:51:22:453,2.7369,0.925,10.284,0.011,0.0104,9.8066,0.1132,-0.0161,0.069,12.94,-42.31,25.88,43.53,-83.13,-170.11
52.414806,-1.530463,147.66,14.32,3,222.66,20 / 21,1876810,2019-09-06 19:51:22:553,-1.7372,-1.0711,10.1511,0.0541,0.0761,9.8062,-0.1771,-0.0166,-0.0516,11.94,-39.37,28.44,39.04,-83.52,-169.57
52.414806,-1.530463,147.66,14.32,3,222.66,20 / 21,1876910,2019-09-06 19:51:22:653,-1.4756,-1.6959,10.3242,0.0325,-0.0158,9.8065,0.3851,-0.0171,-0.0315,10.06,-36.44,29.81,31.45,-83.56,-170.97
52.414806,-1.530463,147.66,14.32,3,222.66,20 / 21,1877009,2019-09-06 19:51:22:752,-0.1811,0.2132,11.2479,0.0029,0.0197,9.8066,-0.4985,0.012,-0.0832,8.38,-35.25,28.25,27.82,-83.67,-171.82
52.414806,-1.530463,147.66,14.32,3,222.66,20 / 21,1877110,2019-09-06 19:51:22:853,1.3486,0.2726,9.2941,-0.0214,-0.0506,9.8064,-0.1489,0.1019,0.008,7.56,-34.44,27.13,27.32,-83.62,-172.86
52.414806,-1.530463,147.66,14.32,3,222.66,20 / 21,1877210,2019-09-06 19:51:22:953,0.337,1.0258,10.3537,-0.0144,0.0036,9.8066,-0.0907,0.0143,0.1045,6.94,-34.75,26.56,26.45,-83.96,-171.59
52.414806,-1.530463,147.66,14.32,3,222.66,20 / 21,1877310,2019-09-06 19:51:23:053,0.5912,1.4028,10.1449,-0.0204,-0.0074,9.8065,-0.0638,0.009,-0.0232,7.06,-33.87,26.19,29.13,-84.17,-169.65
52.414806,-1.530463,147.66,14.32,3,222.66,20 / 21,1877412,2019-09-06 19:51:23:155,-1.0632,1.2291,11.1663,-0.0278,-0.0362,9.8065,0.1164,0.0038,0.0696,6.25,-34.19,26.06,29.3,-83.77,-167.72
52.414806,-1.530463,147.66,14.32,3,222.66,20 / 21,1877510,2019-09-06 19:51:23:253,-0.3354,0.8202,9.7052,-0.0171,-0.0093,9.8066,0.1161,-0.0399,0.0319,6.31,-34.06,25.69,30.06,-83.32,-167.36
52.414806,-1.530463,147.66,14.32,3,222.66,20 / 21,1877609,2019-09-06 19:51:23:352,-2.3248,0.3743,8.5053,-0.0142,-0.0039,9.8066,0.0499,0.1743,-0.1283,6,-33.44,24.56,31.56,-82.98,-166.85
52.414806,-1.530463,147.66,14.32,3,222.66,20 / 21,1877710,2019-09-06 19:51:23:453,-0.697,2.8341,11.2174,0.0159,0.1062,9.806,-0.0797,-0.0666,0.1597,6,-33.94,25.06,30.75,-83.63,-167.21
52.414806,-1.530463,147.66,14.32,3,222.66,20 / 21,1877810,2019-09-06 19:51:23:553,-1.6834,4.9028,9.8687,-0.013,0.1059,9.806,0.3181,-0.0111,-0.0922,5.69,-33.5,24.81,34.54,-83.74,-163.68
52.414806,-1.530463,147.66,14.32,3,222.66,20 / 21,1877910,2019-09-06 19:51:23:653,-0.4226,2.3784,8.3181,0.0113,0.0322,9.8065,0.4152,-0.1344,0.1526,5.19,-33.75,25.06,30.72,-83.44,-165.23
52.414806,-1.530463,147.66,14.32,3,222.66,20 / 21,1878010,2019-09-06 19:51:23:753,-1.3418,-0.7569,9.9065,-0.0308,-0.0844,9.8061,-0.1955,-0.1084,-0.0107,5.44,-33.81,25.31,33.2,-83.41,-163.1
52.414806,-1.530463,147.66,14.32,3,222.66,20 / 21,1878109,2019-09-06 19:51:23:852,-0.8617,0.4566,9.6407,-0.0178,-0.052,9.8065,-0.0275,-0.0758,0.0149,5.88,-33.56,24.81,35.66,-83.03,-163.42
52.414806,-1.530463,147.66,14.32,3,222.66,20 / 21,1878209,2019-09-06 19:51:23:952,0.2122,1.2786,9.9281,-0.0146,-0.0546,9.8065,-0.0981,-0.0317,0.0013,5.5,-33.81,25,36.13,-83.14,-162.92
52.414806,-1.530463,147.66,14.32,3,222.66,20 / 21,1878310,2019-09-06 19:51:24:053,0.1891,1.2077,9.6852,0.0112,0.0312,9.8066,-0.0179,-0.0138,0.0125,5.56,-33.81,24.44,35.96,-83.66,-163.37
52.414806,-1.530463,147.66,14.32,3,222.66,20 / 21,1878410,2019-09-06 19:51:24:153,0.3034,1.1984,10.098,-0.003,0.0147,9.8066,0.0109,-0.0977,0.0233,6.13,-33.69,24.44,36.61,-83.62,-162.84
52.414806,-1.530463,147.66,14.32,3,222.66,20 / 21,1878510,2019-09-06 19:51:24:253,0.2349,0.8658,9.4513,0.0068,-0.0058,9.8066,-0.0599,-0.0021,-0.086,6.19,-34.37,24.44,35.63,-83.73,-163.6
52.414806,-1.530463,147.66,14.32,3,222.66,20 / 21,1878610,2019-09-06 19:51:24:353,0.6224,0.7022,10.6401,0.0105,0.0002,9.8066,0.1195,-0.0272,-0.0033,6,-34.31,24.19,33.63,-83.71,-165.36
52.414806,-1.530463,147.66,14.32,3,222.66,20 / 21,1878709,2019-09-06 19:51:24:452,0.0882,0.5416,10.6505,-0.0062,-0.0251,9.8065,0.1176,-0.012,0.0106,5.44,-34.25,25.13,29.98,-83.45,-165.86
52.414806,-1.530463,147.66,14.32,3,222.66,20 / 21,1878809,2019-09-06 19:51:24:552,-0.2836,-0.0254,8.7308,-0.0009,0.0077,9.8066,-0.1907,0.0908,-0.0119,5.31,-34.5,24.56,30.37,-83.43,-165.54
52.414806,-1.530463,147.66,14.32,3,222.66,20 / 21,1878910,2019-09-06 19:51:24:653,-0.1436,3.2886,9.6404,-0.0178,0.0015,9.8066,-0.368,-0.0394,0.0738,6.06,-34.62,24.13,36.67,-83.46,-163.08
52.414806,-1.530463,147.66,14.32,3,222.66,20 / 21,1879010,2019-09-06 19:51:24:753,1.908,3.902,10.1766,-0.0114,-0.0233,9.8066,0.2866,-0.0405,0.0629,5.5,-34.69,24.94,37.64,-83.61,-161.35
52.414806,-1.530463,147.66,14.32,3,222.66,20 / 21,1879110,2019-09-06 19:51:24:853,-0.3373,1.5284,10.8385,-0.0149,0.0332,9.8065,0.2893,0.1008,-0.025,6.31,-34.06,25,37.02,-83.63,-161.73
52.414806,-1.530463,147.66,14.32,3,222.66,20 / 21,1879210,2019-09-06 19:51:24:953,0.4848,-0.8551,10.1551,0.0019,0.0346,9.8065,-0.0817,0.0173,0.0621,5.44,-33.31,25.13,36.04,-83.4,-160.49
52.414806,-1.530463,147.66,14.32,3,222.66,20 / 21,1879310,2019-09-06 19:51:25:053,-0.8882,0.5388,10.1713,-0.0223,-0.0352,9.8065,-0.0695,-0.0774,0.0616,5.63,-33.19,24.63,40.32,-82.87,-159.33
52.414806,-1.530463,147.66,14.32,3,222.66,20 / 21,1879412,2019-09-06 19:51:25:155,0.4848,0.4353,9.9874,-0.0241,0.0041,9.8066,-0.1638,0.0198,0.0518,5.63,-34,24.38,44.2,-83.12,-156.66
52.414806,-1.530463,147.66,14.32,3,222.66,20 / 21,1879509,2019-09-06 19:51:25:252,-0.2955,2.2562,8.9966,-0.0034,0.0265,9.8066,-0.1307,-0.0264,0.0469,5,-35.06,23.94,44.78,-83.41,-153.83
52.414806,-1.530463,147.66,14.32,3,222.66,20 / 21,1879610,2019-09-06 19:51:25:353,0.3514,1.5252,9.7097,-0.008,-0.002,9.8066,0.1287,-0.0494,0.0515,5.25,-34.44,24.31,46.92,-83.48,-151.65
52.414806,-1.530463,147.66,14.32,3,222.66,20 / 21,1879710,2019-09-06 19:51:25:453,-0.6222,2.9024,10.0404,0.0052,0.0189,9.8065,0.1351,0.0029,0.0048,5.31,-34.06,23.81,48.44,-83.54,-150.24
52.414806,-1.530463,147.66,14.32,3,222.66,20 / 21,1879810,2019-09-06 19:51:25:553,-0.635,0.8019,9.9509,-0.0039,0.0171,9.8065,-0.1081,-0.0371,-0.0399,5.69,-34.31,24.19,50.71,-83.46,-150.5
52.414806,-1.530463,147.66,14.32,3,222.66,20 / 21,1879910,2019-09-06 19:51:25:653,0.8829,0.7679,9.8547,-0.0053,-0.0258,9.8065,0.0055,0.0707,-0.0361,5.38,-34.31,24.25,47.2,-83.29,-151.61
52.414806,-1.530463,147.66,14.32,3,222.66,20 / 21,1880010,2019-09-06 19:51:25:753,-0.5348,1.5659,9.9952,-0.0003,-0.0162,9.8065,-0.0304,-0.0113,-0.0199,5.19,-34.62,23.94,46.82,-83.35,-152.09
52.414806,-1.530463,147.66,14.32,3,222.66,20 / 21,1880110,2019-09-06 19:51:25:853,0.4959,0.5788,9.9618,0.001,0.0071,9.8066,-0.0395,-0.0252,-0.0551,4.94,-34.12,24.19,47.45,-83.33,-151.35
52.414806,-1.530463,147.66,14.32,3,222.66,20 / 21,1880209,2019-09-06 19:51:25:952,-0.3481,1.9703,10.0877,0.0047,0.0134,9.8066,0.0052,0.01,-0.0126,4.94,-34.5,24.44,48.14,-83.42,-150.64
52.414806,-1.530463,147.66,14.32,3,222.66,20 / 21,1880310,2019-09-06 19:51:26:053,0.709,2.4514,9.9375,0.0051,0.01,9.8066,0.0578,-0.0206,0.0479,5.19,-33.87,24,48.3,-83.51,-150.4
52.414806,-1.530463,147.66,14.32,3,222.66,20 / 21,1880410,2019-09-06 19:51:26:153,0.6814,1.5787,9.3719,-0.0211,-0.0095,9.8066,-0.025,0.0139,-0.0341,5.13,-34.06,24.13,49.15,-83.37,-149.8
52.414806,-1.530463,147.66,14.32,3,222.66,20 / 21,1880510,2019-09-06 19:51:26:253,-0.8445,1.019,9.5733,-0.0039,0.0279,9.8065,0.0826,-0.0713,0.0703,4.44,-34.5,23.75,48.71,-83.38,-147.92
52.414806,-1.530463,147.66,14.32,3,222.66,20 / 21,1880610,2019-09-06 19:51:26:353,-0.3907,0.9064,10.0498,-0.0165,0.0309,9.8066,-0.1706,-0.0084,-0.0396,4.81,-34.56,23.94,53.62,-83.32,-146.06
52.414806,-1.530463,147.66,14.32,3,222.66,20 / 21,1880709,2019-09-06 19:51:26:452,0.2182,1.5475,9.6226,0.0112,0.0094,9.8066,-0.0958,-0.0382,0.0021,4.56,-34.75,23.19,54.84,-83.37,-145.71
52.414806,-1.530463,147.66,14.32,3,222.66,20 / 21,1880810,2019-09-06 19:51:26:553,1.4331,1.3194,10.0584,-0.0059,0.0027,9.8066,0.1377,-0.0667,0.0706,5.06,-35.19,23.44,55.87,-83.43,-144.7
52.414806,-1.530463,147.66,14.32,3,222.66,20 / 21,1880910,2019-09-06 19:51:26:653,-0.0017,1.5914,10.2949,-0.0063,-0.0048,9.8066,0.0729,0.0438,-0.0266,4.81,-34.62,24.25,54.62,-83.43,-145.01
52.414806,-1.530463,147.66,14.32,3,222.66,20 / 21,1881010,2019-09-06 19:51:26:753,0.5103,1.2919,9.8576,-0.005,-0.008,9.8066,-0.0149,0.0196,-0.061,5.19,-34.06,24,53.86,-83.36,-145.57
52.414806,-1.530463,147.66,14.32,3,222.66,20 / 21,1881110,2019-09-06 19:51:26:853,-0.323,1.2902,9.1824,0.0117,-0.0051,9.8066,-0.0399,-0.0614,0.0274,5.06,-34.62,24.13,53.33,-83.24,-146.41
52.414806,-1.530463,147.66,14.32,3,222.66,20 / 21,1881210,2019-09-06 19:51:26:953,0.6193,1.2294,9.4344,-0.0026,-0.0023,9.8065,0.0502,0.023,-0.0017,5.31,-34.5,24.5,52.15,-83.26,-146.48
52.414806,-1.530463,147.66,14.32,3,222.66,20 / 21,1881310,2019-09-06 19:51:27:053,0.4408,1.0616,10.1288,0.0081,0.0145,9.8066,0.0553,0.008,-0.029,5.25,-35,23.88,53.57,-83.44,-145.96
52.414806,-1.530463,147.66,14.32,3,222.66,20 / 21,1881409,2019-09-06 19:51:27:152,0.462,0.5155,10.2898,0.011,0.0214,9.8065,-0.1141,-0.0241,0.0057,5,-34.5,24,54.03,-83.71,-144.99
52.414806,-1.530463,147.66,14.32,3,222.66,20 / 21,1881510,2019-09-06 19:51:27:253,-0.4058,1.138,9.6979,-0.0006,-0.0173,9.8066,-0.1308,-0.0256,-0.014,5.13,-35.12,23.88,55.08,-83.75,-144.2
52.414806,-1.530463,147.66,14.32,3,222.66,20 / 21,1881610,2019-09-06 19:51:27:353,0.7578,1.9313,9.9078,0.0042,-0.0248,9.8066,0.1074,-0.0188,-0.0205,5.25,-34.37,24.06,54.28,-83.9,-144.54
52.414806,-1.530463,147.66,14.32,3,222.66,20 / 21,1881710,2019-09-06 19:51:27:453,0.8351,1.8626,10.6127,0.0064,0.0413,9.8065,0.0983,0.0117,-0.0052,5.31,-34.75,24.69,55.08,-84.13,-143.01
52.414806,-1.530463,147.66,14.32,3,222.66,20 / 21,1881809,2019-09-06 19:51:27:552,0.3284,0.6615,10.2547,0.0162,0.04,9.8065,-0.0405,-0.0195,0.0285,5.5,-34.94,23.63,58.3,-84.11,-143
52.414806,-1.530463,147.66,14.32,3,222.66,20 / 21,1881910,2019-09-06 19:51:27:653,0.6143,0.8372,9.7614,-0.0209,-0.0457,9.8065,-0.0093,0.0065,0.0005,5,-33.56,23.69,55.47,-84.08,-143.23
52.414806,-1.530463,147.66,14.32,3,222.66,20 / 21,1882009,2019-09-06 19:51:27:752,-0.1665,0.7801,9.9682,-0.0189,-0.0186,9.8065,-0.0824,-0.0131,-0.0368,5.25,-35,23.5,55.33,-83.82,-143.89
52.414806,-1.530463,147.66,14.32,3,222.66,20 / 21,1882111,2019-09-06 19:51:27:854,-0.4216,1.2059,10.104,0.0034,-0.0175,9.8066,-0.139,-0.0059,0.0198,5.13,-35.44,23.38,55.97,-83.87,-144.04
52.414806,-1.530463,147.66,14.32,3,222.66,20 / 21,1882210,2019-09-06 19:51:27:953,0.7747,1.8309,9.4891,-0.009,-0.025,9.8066,0.0521,0.0184,-0.011,6.19,-35.94,23.06,58.85,-83.99,-143.74
52.414806,-1.530463,147.66,14.32,3,222.66,20 / 21,1882310,2019-09-06 19:51:28:053,0.7062,1.7363,9.793,0.0141,0.0298,9.8065,-0.0006,-0.0031,0.0088,6,-35.81,23.63,59.58,-84.25,-141.84
52.414806,-1.530463,147.66,14.32,3,222.66,20 / 21,1882410,2019-09-06 19:51:28:153,0.0374,1.2629,9.5795,0.0026,0.0151,9.8066,0.0211,-0.0211,-0.0306,5.5,-35.62,24.5,58.93,-84.24,-141.63
52.414806,-1.530463,147.66,14.32,3,222.66,20 / 21,1882509,2019-09-06 19:51:28:252,-0.4524,0.7239,10.0073,-0.0015,0.0033,9.8066,0.0237,-0.0201,0.0246,5.81,-35.56,24.56,59.4,-84.19,-141.26
52.414806,-1.530463,147.66,14.32,3,222.66,20 / 21,1882609,2019-09-06 19:51:28:352,0.373,1.4221,10.1792,0.0023,0.0031,9.8066,0.0355,-0.0027,-0.0433,5.38,-36.06,23.88,57.87,-84.19,-141.28
52.414806,-1.530463,147.66,14.32,3,222.66,20 / 21,1882710,2019-09-06 19:51:28:453,0.5048,1.1625,9.7992,0.0077,-0.0032,9.8066,0.0374,0.0144,0.0018,5.44,-35.75,24.5,55.59,-84.22,-142.61
52.414806,-1.530463,147.66,14.32,3,222.66,20 / 21,1882810,2019-09-06 19:51:28:553,0.1942,0.9397,10.0698,0.0006,0.0058,9.8065,-0.0385,-0.0049,-0.0017,5.5,-35.44,25,57.68,-84.25,-142.59
52.414806,-1.530463,147.66,14.32,3,222.66,20 / 21,1882910,2019-09-06 19:51:28:653,0.5068,1.2467,9.6726,-0.0012,-0.0006,9.8066,-0.0403,0.0031,-0.035,5.5,-35.31,24.69,58.3,-84.23,-142.04
52.414806,-1.530463,147.66,14.32,3,222.66,20 / 21,1883010,2019-09-06 19:51:28:753,0.5548,1.4368,9.7375,0.0044,0.0017,9.8066,0.0423,-0.0253,0.0156,4.94,-34.69,24.69,55.94,-84.29,-142.02
52.414806,-1.530463,147.66,14.32,3,222.66,20 / 21,1883110,2019-09-06 19:51:28:853,0.6538,1.3942,9.7514,0.0004,0.0161,9.8066,0.0112,-0.0058,-0.0288,5.94,-34.31,24.06,59.07,-84.33,-141.81
52.414806,-1.530463,147.66,14.32,3,222.66,20 / 21,1883209,2019-09-06 19:51:28:952,0.2091,1.2618,10.0929,0.0081,0.0136,9.8066,-0.0478,-0.0167,0.0043,5.63,-34.62,24.5,59.8,-84.45,-140.37
52.414806,-1.530463,147.66,14.32,3,222.66,20 / 21,1883311,2019-09-06 19:51:29:054,0.5251,1.1175,9.9302,0.0087,-0.0072,9.8066,-0.0343,0.0228,-0.0214,5.5,-34.62,23.63,59.73,-84.58,-141.07
52.414806,-1.530463,147.66,14.32,3,222.66,20 / 21,1883409,2019-09-06 19:51:29:152,0.2806,1.0796,9.7222,0.0043,0.0002,9.8066,0.0026,-0.0262,0.0065,5.5,-34.94,23.69,59.79,-84.74,-140.81
52.414806,-1.530463,147.66,14.32,3,222.66,20 / 21,1883510,2019-09-06 19:51:29:253,0.6674,1.1811,10.2093,0.0041,0.0154,9.8066,-0.0041,0.0079,-0.0137,5.69,-34.12,24.81,60.23,-84.85,-139.29
52.414806,-1.530463,147.66,14.32,3,222.66,20 / 21,1883610,2019-09-06 19:51:29:353,0.3675,1.2818,10.2652,0.0016,0.0125,9.8066,-0.0065,-0.0172,0.0264,5.19,-34.37,24.31,59.65,-84.91,-138.32
52.414806,-1.530463,147.66,14.32,3,222.66,20 / 21,1883709,2019-09-06 19:51:29:452,0.1434,1.5646,10.1741,-0.0053,-0.0044,9.8066,-0.0035,-0.0092,-0.0161,5.31,-34.44,23.81,60.91,-84.88,-137.19
52.414806,-1.530463,147.66,14.32,3,222.66,20 / 21,1883809,2019-09-06 19:51:29:552,0.4249,1.6468,10.2267,0.0012,-0.0021,9.8066,-0.0022,0.0047,-0.0195,4.88,-34.31,23.5,60.96,-84.85,-137.17
52.414806,-1.530463,147.66,14.32,3,222.66,20 / 21,1883910,2019-09-06 19:51:29:653,0.601,1.4567,10.0202,0.0031,-0.0049,9.8066,-0.0265,0.0017,-0.0036,5.31,-33.62,24.38,59.97,-84.89,-138.05
52.414806,-1.530463,147.66,14.32,3,222.66,20 / 21,1884010,2019-09-06 19:51:29:753,0.3477,1.69,9.752,-0.0018,0.002,9.8066,0.0344,0.0086,0.0054,5.44,-33.75,24.19,60.28,-84.9,-137.75
52.414806,-1.530463,147.66,14.32,3,222.66,20 / 21,1884110,2019-09-06 19:51:29:853,0.4607,0.9541,9.7088,0.0017,0.0036,9.8066,0.0015,-0.0124,0.0153,5.5,-34.06,24.31,62.85,-84.91,-137.53
52.414806,-1.530463,147.66,14.32,3,222.66,20 / 21,1884210,2019-09-06 19:51:29:953,0.0325,1.517,10.1708,-0.0091,-0.0007,9.8066,-0.008,-0.0144,-0.0148,5.44,-33.69,23.44,62.15,-84.87,-136.78
52.414806,-1.530463,147.66,14.32,3,222.66,20 / 21,1884309,2019-09-06 19:51:30:052,0.3469,1.4522,10.1123,0.0037,0.0019,9.8066,0.0181,-0.0052,-0.0053,5.38,-33.81,23.5,61.97,-84.87,-136.2
52.414223,-1.531306,145.76,3.29,3,223.84,20 / 21,1884410,2019-09-06 19:51:30:153,0.3201,1.3898,9.8303,-0.0033,-0.0033,9.8065,0.0052,-0.0067,-0.0069,4.75,-34.12,23.5,62.32,-84.92,-135.8
52.414223,-1.531306,145.76,3.29,3,223.84,20 / 21,1884510,2019-09-06 19:51:30:253,0.3864,1.6083,10.1176,-0.0006,0.0039,9.8066,0.012,-0.0005,-0.0101,5.19,-33.56,23.06,63.55,-84.9,-135.43
52.414223,-1.531306,145.76,3.29,3,223.84,20 / 21,1884610,2019-09-06 19:51:30:353,0.1959,1.3812,10.1184,0.0051,0.0078,9.8066,0.0138,-0.0184,0.0055,5.06,-34.06,23.56,63.45,-84.99,-134.65
52.414223,-1.531306,145.76,3.29,3,223.84,20 / 21,1884710,2019-09-06 19:51:30:453,0.3174,1.1283,9.7177,0.0027,0.0097,9.8066,-0.0103,-0.0218,-0.0128,5.19,-34.87,23.19,64.88,-85.04,-134.17
52.414223,-1.531306,145.76,3.29,3,223.84,20 / 21,1884810,2019-09-06 19:51:30:553,0.574,1.0641,9.6934,0.0003,-0.0016,9.8066,-0.03,0.0022,-0.0242,5.13,-34.94,23.13,65.26,-85.06,-133.78
52.414223,-1.531306,145.76,3.29,3,223.84,20 / 21,1884910,2019-09-06 19:51:30:653,0.2386,1.2585,10.0772,0.0014,-0.0012,9.8066,0.0469,-0.0065,-0.0183,5,-34.69,23.25,65.48,-85.14,-133.47
52.414223,-1.531306,145.76,3.29,3,223.84,20 / 21,1885010,2019-09-06 19:51:30:753,0.2472,1.0309,9.8802,0.0061,0.003,9.8065,0.0136,-0.0095,-0.0052,5,-35.06,23.69,64.4,-85.2,-133.65
52.414223,-1.531306,145.76,3.29,3,223.84,20 / 21,1885109,2019-09-06 19:51:30:852,0.1958,0.6007,9.8183,0.0018,0.0006,9.8066,-0.0004,0.0004,-0.001,4.88,-34.62,23.63,64.06,-85.23,-133.94
52.414223,-1.531306,145.76,3.29,3,223.84,20 / 21,1885210,2019-09-06 19:51:30:953,0.3517,0.9262,10.0031,-0.0006,0.0037,9.8066,-0.0176,-0.01,-0.0065,4.69,-34.69,23.44,65.32,-85.26,-133.46
52.414223,-1.531306,145.76,3.29,3,223.84,20 / 21,1885310,2019-09-06 19:51:31:053,0.2889,0.819,10.0549,0.0016,0.0024,9.8066,-0.0001,-0.0075,0.011,5,-35.12,23.81,64.8,-85.28,-133.16
52.414223,-1.531306,145.76,3.29,3,223.84,20 / 21,1885409,2019-09-06 19:51:31:152,0.2174,0.6357,9.7278,-0.0017,0.0018,9.8066,-0.0086,0.0029,0.0155,4.69,-35.56,23.75,65.62,-85.3,-132.53
52.414223,-1.531306,145.76,3.29,3,223.84,20 / 21,1885510,2019-09-06 19:51:31:253,0.3322,1.0237,9.9787,-0.0043,0.0013,9.8066,0.0333,-0.0102,0.0027,4.75,-34.75,24.06,66.5,-85.29,-131.53
52.414223,-1.531306,145.76,3.29,3,223.84,20 / 21,1885609,2019-09-06 19:51:31:352,0.2669,0.9666,10.1906,-0.0011,0.0071,9.8066,0.016,-0.0082,-0.0112,5.25,-35.44,24.56,67.07,-85.3,-130.28
52.414223,-1.531306,145.76,3.29,3,223.84,20 / 21,1885710,2019-09-06 19:51:31:453,0.1547,0.3547,9.8652,-0.0017,0.0001,9.8066,-0.0116,0.0051,0.0169,4.69,-34.87,24.44,68.09,-85.29,-130
52.414223,-1.531306,145.76,3.29,3,223.84,20 / 21,1885810,2019-09-06 19:51:31:553,-0.0775,0.3125,9.8928,-0.0008,-0.0013,9.8066,-0.0087,0.004,0.0254,4.69,-35.25,24.63,67.87,-85.29,-129.52
52.414223,-1.531306,145.76,3.29,3,223.84,20 / 21,1885910,2019-09-06 19:51:31:653,0.0097,-0.282,9.7637,-0.0016,0.0055,9.8066,0.0193,-0.0061,0.0019,5,-35.31,24.25,69.33,-85.29,-128.81
52.414223,-1.531306,145.76,3.29,3,223.84,20 / 21,1886009,2019-09-06 19:51:31:752,0.1523,0.0564,9.9415,-0.0022,0.0043,9.8066,-0.0099,0.0026,-0.0103,4.25,-34.87,24.81,66.85,-85.27,-128.35
52.414223,-1.531306,145.76,3.29,3,223.84,20 / 21,1886110,2019-09-06 19:51:31:853,0.2132,0.1118,9.9116,0.0002,0.0038,9.8066,0.0368,-0.0119,0.0229,4.81,-35.87,24.88,70.13,-85.27,-127.54
52.414223,-1.531306,145.76,3.29,3,223.84,20 / 21,1886210,2019-09-06 19:51:31:953,0.0119,-0.0158,9.9584,-0.0026,0.0089,9.8066,-0.0025,-0.0093,-0.0075,4.94,-34.94,24.56,71.32,-85.27,-126.23
52.414223,-1.531306,145.76,3.29,3,223.84,20 / 21,1886310,2019-09-06 19:51:32:053,-0.0508,0.0883,9.8268,0.0015,0.0111,9.8066,0.0171,-0.0127,-0.0049,4.63,-35.69,24.06,73.15,-85.28,-125.33
52.414223,-1.531306,145.76,3.29,3,223.84,20 / 21,1886410,2019-09-06 19:51:32:153,-0.1062,-0.1934,9.92,-0.0011,0.0031,9.8066,-0.0015,-0.0169,-0.0062,4.88,-35.19,24.81,72.94,-85.31,-124.6
52.414223,-1.531306,145.76,3.29,3,223.84,20 / 21,1886510,2019-09-06 19:51:32:253,0.1578,0.2118,10.0748,0.0019,0.0034,9.8066,0.0291,-0.0004,0.0089,4.56,-35.44,24.44,74.13,-85.33,-124.13
52.414223,-1.531306,145.76,3.29,3,223.84,20 / 21,1886609,2019-09-06 19:51:32:352,0.1351,-0.1514,9.8029,-0.0004,0.0026,9.8066,0.0158,0.0008,0.0066,4.63,-35.81,24.13,74.71,-85.38,-123.68
52.414223,-1.531306,145.76,3.29,3,223.84,20 / 21,1886710,2019-09-06 19:51:32:453,-0.1023,-0.2708,9.797,0.0007,0.0006,9.8066,0.0026,0.0142,0.0058,4.75,-35.56,24.13,75.27,-85.39,-123.12
52.414223,-1.531306,145.76,3.29,3,223.84,20 / 21,1886810,2019-09-06 19:51:32:553,0.0995,-0.0657,10.0358,0.001,0.0043,9.8066,-0.0221,0.0077,0.0074,4,-35.31,23.81,73.58,-85.44,-122.25
52.414223,-1.531306,145.76,3.29,3,223.84,20 / 21,1886910,2019-09-06 19:51:32:653,-0.0898,-0.4667,9.7557,0.0019,0.0073,9.8066,0.0023,-0.0023,0.0111,4.31,-35.25,24.25,74.14,-85.47,-121.66
52.414223,-1.531306,145.76,3.29,3,223.84,20 / 21,1887009,2019-09-06 19:51:32:752,-0.11,-0.481,9.8043,-0.0016,0.0014,9.8066,-0.0125,-0.0154,-0.0095,4.38,-35.69,24.25,74.74,-85.47,-121.26
52.414223,-1.531306,145.76,3.29,3,223.84,20 / 21,1887109,2019-09-06 19:51:32:852,0.0523,-0.2502,9.9225,0.0008,0.0013,9.8066,0.0276,-0.006,0.0038,4.25,-35.31,24.19,75.24,-85.49,-120.57
52.414223,-1.531306,145.76,3.29,3,223.84,20 / 21,1887210,2019-09-06 19:51:32:953,-0.0449,-0.451,9.814,-0.0011,-0.0047,9.8066,0.0083,0.0167,-0.0034,5.06,-35.31,24.25,77.64,-85.51,-120.45
52.414223,-1.531306,145.76,3.29,3,223.84,20 / 21,1887310,2019-09-06 19:51:33:053,-0.1987,-0.6794,9.8169,0.0026,0.0047,9.8066,0.012,0.0072,0.0085,4.44,-35.5,24,75.78,-85.54,-119.96
52.414223,-1.531306,145.76,3.29,3,223.84,20 / 21,1887409,2019-09-06 19:51:33:152,-0.1258,-0.496,9.8415,0.0007,0.0048,9.8066,-0.0098,-0.0107,-0.01,4.94,-35.31,24.56,78.21,-85.58,-119.1
52.414223,-1.531306,145.76,3.29,3,223.84,20 / 21,1887510,2019-09-06 19:51:33:253,-0.1767,-0.6473,9.9239,0.002,0.0063,9.8066,-0.0033,0.011,0.0002,4.81,-35,24.44,79.53,-85.6,-118.46
52.414223,-1.531306,145.76,3.29,3,223.84,20 / 21,1887610,2019-09-06 19:51:33:353,-0.1432,-0.9097,9.905,-0.0009,-0.0015,9.8066,0.0071,0.0029,0.0202,4.75,-35.19,24.56,79.08,-85.63,-118.17
52.414223,-1.531306,145.76,3.29,3,223.84,20 / 21,1887709,2019-09-06 19:51:33:452,-0.144,-0.7403,9.7629,-0.003,-0.001,9.8066,0,-0.0144,-0.0125,4.25,-35.56,24,77.79,-85.6,-118.1
52.414223,-1.531306,145.76,3.29,3,223.84,20 / 21,1887810,2019-09-06 19:51:33:553,-0.2428,-0.7689,9.7144,0.0024,0.0061,9.8066,0.0007,0.0062,0.0004,4.63,-35.56,25,80.04,-85.63,-117.4
52.414223,-1.531306,145.76,3.29,3,223.84,20 / 21,1887909,2019-09-06 19:51:33:652,-0.1672,-0.6623,9.8508,0.0017,0.0032,9.8066,0.0082,-0.008,0.009,4.38,-35.87,24.81,78.2,-85.66,-116.99
52.414223,-1.531306,145.76,3.29,3,223.84,20 / 21,1888009,2019-09-06 19:51:33:752,-0.1351,-0.8335,9.8152,0.0012,0.0035,9.8066,-0.008,-0.0073,-0.0135,4.63,-34.69,24.38,81.53,-85.67,-116.4
52.414223,-1.531306,145.76,3.29,3,223.84,20 / 21,1888110,2019-09-06 19:51:33:853,-0.0672,-0.5986,9.8428,0.0016,-0.0009,9.8066,0.0058,0.0004,0.0121,4.69,-34.94,24.25,81.78,-85.7,-116.11
52.414223,-1.531306,145.76,3.29,3,223.84,20 / 21,1888210,2019-09-06 19:51:33:953,-0.1552,-0.7863,9.9174,-0.0006,0.0025,9.8066,-0.0017,-0.0101,0.0036,4.94,-34.81,24.94,81.52,-85.71,-115.66
52.414223,-1.531306,145.76,3.29,3,223.84,20 / 21,1888310,2019-09-06 19:51:34:053,-0.2301,-0.8196,9.741,0.0013,0.0009,9.8066,-0.0003,0.0052,-0.0078,4.75,-35.12,24.5,82.08,-85.72,-115.09
52.414223,-1.531306,145.76,3.29,3,223.84,19 / 21,1888409,2019-09-06 19:51:34:152,-0.2217,-0.7963,9.7546,0.0021,0.002,9.8065,0.0062,-0.0061,0.0123,4.56,-35,24.44,83.27,-85.76,-114.55
52.414223,-1.531306,145.76,3.29,3,223.84,19 / 21,1888510,2019-09-06 19:51:34:253,-0.2456,-1.0022,9.736,0.0005,0.0024,9.8066,0.0103,-0.0073,-0.0018,4.94,-35.19,24.56,82.99,-85.77,-114.12
52.414223,-1.531306,145.76,3.29,3,223.84,19 / 21,1888610,2019-09-06 19:51:34:353,-0.1576,-0.581,9.8416,0.0004,0.0013,9.8066,-0.0115,-0.0021,-0.0119,4.94,-34.94,25.19,83.49,-85.76,-113.64
52.414223,-1.531306,145.76,3.29,3,223.84,19 / 21,1888710,2019-09-06 19:51:34:453,-0.1106,-0.8156,9.919,0.0017,0.0012,9.8066,0.0094,0.0041,0.0097,4.63,-35.56,24.94,83.93,-85.79,-113.33
52.414223,-1.531306,145.76,3.29,3,223.84,19 / 21,1888810,2019-09-06 19:51:34:553,-0.0964,-0.7143,9.8451,0.0019,0.0054,9.8066,0.0089,0.002,0.0093,4.81,-35,23.94,84.92,-85.82,-112.82
52.414223,-1.531306,145.76,3.29,3,223.84,19 / 21,1888910,2019-09-06 19:51:34:653,-0.2006,-0.8618,9.8585,-0.0016,-0.0036,9.8066,-0.0149,-0.0124,-0.0096,4.75,-35.06,24.19,84.95,-85.81,-112.8
52.414223,-1.531306,145.76,3.29,3,223.84,19 / 21,1889010,2019-09-06 19:51:34:753,-0.2667,-0.8771,9.7519,0.0013,0.0015,9.8066,0.0095,-0.0067,0.0057,4.5,-34.94,24.63,84.65,-85.83,-112.39
52.414223,-1.531306,145.76,3.29,3,223.84,19 / 21,1889109,2019-09-06 19:51:34:852,-0.2642,-0.832,9.8431,0.0017,0.0022,9.8066,0.0046,0.0024,0.0073,4.5,-35.06,24.75,84.88,-85.85,-112.13
52.414223,-1.531306,145.76,3.29,3,223.84,19 / 21,1889210,2019-09-06 19:51:34:953,-0.1324,-0.6942,9.8541,0.0008,0.0013,9.8066,-0.0151,-0.0071,-0.0095,4.63,-34.69,24.63,84.95,-85.86,-112.05
52.414223,-1.531306,145.76,3.29,3,223.84,19 / 21,1889309,2019-09-06 19:51:35:052,-0.0403,-0.7227,10.003,0.0023,0.0052,9.8066,0.0203,-0.004,0.0045,4.38,-35.37,24.5,83.31,-85.88,-111.48
52.414223,-1.531306,145.76,3.29,3,223.84,19 / 20,1889410,2019-09-06 19:51:35:153,-0.295,-0.9038,9.9219,-0.0027,-0.0024,9.8066,-0.001,-0.0002,-0.009,5.13,-34.94,25.13,85.44,-85.87,-111.55
52.414223,-1.531306,145.76,3.29,3,223.84,19 / 20,1889510,2019-09-06 19:51:35:253,-0.2078,-0.8319,9.8483,0.0023,0.0026,9.8066,-0.0071,0.0151,0.0097,4.81,-35.31,24.88,85.64,-85.88,-111.33
52.414223,-1.531306,145.76,3.29,3,223.84,19 / 20,1889609,2019-09-06 19:51:35:352,-0.0632,-0.7211,9.9703,0.0002,0.0003,9.8066,0.009,-0.0068,0.0147,4.94,-35.44,24.38,86.73,-85.92,-110.88
52.414223,-1.531306,145.76,3.29,3,223.84,19 / 20,1889709,2019-09-06 19:51:35:452,-0.2673,-0.7207,9.8172,-0.0026,-0.0015,9.8066,0.0037,-0.0048,-0.0136,4.88,-34.94,24.13,86.79,-85.9,-110.85
52.414223,-1.531306,145.76,3.29,3,223.84,19 / 20,1889810,2019-09-06 19:51:35:553,-0.3658,-1.0281,9.8215,0.0026,0,9.8066,0.0096,0.0073,0.0115,4.63,-35.31,24.63,86.42,-85.9,-110.54
52.414223,-1.531306,145.76,3.29,3,223.84,19 / 20,1889910,2019-09-06 19:51:35:653,-0.324,-0.8632,9.8228,0,-0.0024,9.8066,-0.0136,0.012,-0.002,4.75,-35.12,23.94,87.02,-85.92,-110.59
52.414223,-1.531306,145.76,3.29,3,223.84,19 / 20,1890010,2019-09-06 19:51:35:753,-0.1408,-0.7788,9.8078,0.0011,0.0038,9.8066,-0.0022,0.0021,0.0045,4.44,-35.12,24.88,84.19,-85.92,-110.55
52.414223,-1.531306,145.76,3.29,3,223.84,19 / 20,1890110,2019-09-06 19:51:35:853,-0.2693,-1.083,9.7619,0.0001,0.0034,9.8066,-0.0125,-0.01,-0.0085,4.63,-34.87,24,87.32,-85.93,-110.28
52.414223,-1.531306,145.76,3.29,3,223.84,19 / 20,1890210,2019-09-06 19:51:35:953,-0.2488,-0.8086,9.7921,0.0007,0.0015,9.8066,0.0051,-0.0059,-0.0026,4.75,-35.31,24.06,87.45,-85.92,-110.17
52.414223,-1.531306,145.76,3.29,3,223.84,19 / 20,1890310,2019-09-06 19:51:36:053,-0.168,-0.8554,9.7668,-0.0004,-0.0011,9.8066,-0.0017,-0.0038,0.0001,4.25,-35.25,24.44,85.18,-85.92,-110.16
52.414223,-1.531306,145.76,3.29,3,223.84,19 / 21,1890410,2019-09-06 19:51:36:153,-0.2118,-1.0435,9.7784,0.0011,0.0006,9.8066,0.0051,0.018,0.0081,4.81,-34.5,24.88,86.5,-85.91,-110.27
52.414223,-1.531306,145.76,3.29,3,223.84,19 / 21,1890509,2019-09-06 19:51:36:252,-0.2679,-0.7656,9.8878,-0.0006,-0.0033,9.8066,-0.0026,0.0123,0.0034,4.75,-34.87,24,87.27,-85.92,-110.34
52.414223,-1.531306,145.76,3.29,3,223.84,19 / 21,1890610,2019-09-06 19:51:36:353,-0.176,-0.8055,9.8344,0.0017,0.0045,9.8066,0.0086,0.0038,0.0099,4.63,-35,24.38,87.58,-85.93,-110.02
52.414223,-1.531306,145.76,3.29,3,223.84,19 / 21,1890710,2019-09-06 19:51:36:453,-0.2994,-0.9728,9.7562,0.0012,0.0024,9.8066,-0.0207,-0.0035,-0.0019,4.63,-35.25,24.38,87.49,-85.93,-110.12
52.414223,-1.531306,145.76,3.29,3,223.84,19 / 21,1890810,2019-09-06 19:51:36:553,-0.2771,-0.8042,9.9504,0,-0.0041,9.8066,-0.0096,-0.008,-0.001,4.5,-35.56,24.69,86.82,-85.92,-110.27
52.414223,-1.531306,145.76,3.29,3,223.84,19 / 21,1890909,2019-09-06 19:51:36:652,-0.153,-0.8005,9.9245,-0.0016,-0.004,9.8066,0.0148,-0.0183,-0.012,5.06,-35.44,24.44,87.21,-85.91,-110.41
52.414223,-1.531306,145.76,3.29,3,223.84,19 / 21,1891010,2019-09-06 19:51:36:753,-0.2584,-0.7025,9.7621,0.0002,0.0009,9.8066,0.0154,-0.0215,-0.0004,4,-35.12,24.88,84.35,-85.91,-110.4
52.414223,-1.531306,145.76,3.29,3,223.84,19 / 21,1891110,2019-09-06 19:51:36:853,-0.1911,-0.9987,9.8838,-0.0004,-0.0011,9.8066,0.0013,0.0088,-0.0079,4.81,-35,24.5,86.32,-85.9,-110.63
52.414223,-1.531306,145.76,3.29,3,223.84,19 / 21,1891210,2019-09-06 19:51:36:953,-0.1865,-0.8133,9.948,0,-0.001,9.8066,0.0026,-0.0017,0.0092,4.94,-35.87,24.69,85.93,-85.9,-111.19
52.414223,-1.531306,145.76,3.29,3,223.84,19 / 21,1891310,2019-09-06 19:51:37:053,-0.2646,-0.7722,9.8279,0.001,0,9.8066,-0.0022,0.0205,0.0018,4.88,-35.44,24.56,85.61,-85.89,-111.36
52.414223,-1.531306,145.76,3.29,3,223.84,20 / 21,1891410,2019-09-06 19:51:37:153,-0.2111,-1.0123,9.9039,-0.0003,-0.0013,9.8066,-0.013,-0.0058,0.0065,5,-35,24.94,85.34,-85.89,-111.63
52.414223,-1.531306,145.76,3.29,3,223.84,20 / 21,1891509,2019-09-06 19:51:37:252,-0.2478,-0.8475,9.8577,0.0001,-0.003,9.8066,0.0099,-0.006,-0.0048,4.63,-35.44,24.88,84.99,-85.89,-111.97
52.414223,-1.531306,145.76,3.29,3,223.84,20 / 21,1891609,2019-09-06 19:51:37:352,-0.2627,-0.6754,9.7969,-0.0009,-0.0026,9.8066,0.0172,-0.0252,0.0014,4.69,-35.62,24.88,84.73,-85.88,-112.4
52.414223,-1.531306,145.76,3.29,3,223.84,20 / 21,1891710,2019-09-06 19:51:37:453,-0.1797,-0.978,9.8649,-0.0006,-0.0043,9.8066,0.0063,0.0014,-0.0068,4.38,-35.75,24.63,82.07,-85.88,-112.87
52.414223,-1.531306,145.76,3.29,3,223.84,20 / 21,1891809,2019-09-06 19:51:37:552,-0.111,-0.8166,9.8617,-0.0006,-0.0037,9.8066,-0.0003,-0.0014,0.0087,4.69,-35.44,24.38,84.4,-85.87,-113.27
52.414223,-1.531306,145.76,3.29,3,223.84,20 / 21,1891909,2019-09-06 19:51:37:652,-0.2632,-0.695,9.8612,0.0004,-0.0008,9.8066,0.0018,0.0165,0.0082,4.63,-34.94,24.25,84.25,-85.86,-113.44
52.414223,-1.531306,145.76,3.29,3,223.84,20 / 21,1892009,2019-09-06 19:51:37:752,-0.1229,-0.9051,9.8556,-0.0004,-0.001,9.8065,-0.0114,-0.0014,0.0066,4.38,-35.37,24.31,81.49,-85.84,-113.94
52.414223,-1.531306,145.76,3.29,3,223.84,20 / 21,1892110,2019-09-06 19:51:37:853,-0.2204,-0.8157,9.8762,0.0002,-0.0018,9.8066,0.0058,0.0057,-0.0014,4.75,-35.25,24.5,82.63,-85.85,-114.37
52.414223,-1.531306,145.76,3.29,3,223.84,20 / 21,1892210,2019-09-06 19:51:37:953,-0.2681,-0.6833,9.8621,-0.001,-0.0012,9.8066,0.0162,-0.0262,0.0027,4.38,-35.19,24.19,80.68,-85.83,-114.74
52.414223,-1.531306,145.76,3.29,3,223.84,20 / 21,1892310,2019-09-06 19:51:38:053,-0.1868,-0.9363,9.865,-0.0009,-0.0051,9.8066,-0.0026,-0.006,-0.0033,4.75,-35.37,24.81,81.46,-85.83,-115.55
52.414223,-1.531306,145.76,3.29,3,223.84,19 / 20,1892410,2019-09-06 19:51:38:153,-0.2139,-0.7394,9.8756,0.0011,0.0008,9.8066,-0.004,-0.0072,0.0038,4.88,-35.5,24.06,81.8,-85.81,-115.93
52.414223,-1.531306,145.76,3.29,3,223.84,19 / 20,1892509,2019-09-06 19:51:38:252,-0.1824,-0.5424,9.8342,-0.001,-0.002,9.8065,0.0103,0.0147,0.0053,5.25,-35.44,24.38,81.56,-85.81,-116.17
52.414223,-1.531306,145.76,3.29,3,223.84,19 / 20,1892610,2019-09-06 19:51:38:353,-0.1728,-0.9181,9.8571,-0.0026,-0.0012,9.8066,-0.0041,-0.0039,0.0173,5.06,-35.75,23.75,81.31,-85.77,-116.64
52.414223,-1.531306,145.76,3.29,3,223.84,19 / 20,1892710,2019-09-06 19:51:38:453,-0.1996,-0.8396,9.9075,0,-0.0015,9.8066,0.0096,-0.0021,-0.0048,4.44,-35.19,24.75,77.66,-85.76,-117.21
52.414223,-1.531306,145.76,3.29,3,223.84,19 / 20,1892810,2019-09-06 19:51:38:553,-0.22,-0.6525,9.8582,-0.0001,0.0011,9.8066,0.0206,-0.0169,-0.0069,4.75,-35.44,23.94,80.28,-85.75,-117.52
52.414223,-1.531306,145.76,3.29,3,223.84,19 / 20,1892910,2019-09-06 19:51:38:653,-0.1628,-0.9044,9.8751,-0.0021,-0.0068,9.8066,-0.0109,0.0042,-0.0021,4.88,-35.31,23.75,79.26,-85.73,-118.55
52.414223,-1.531306,145.76,3.29,3,223.84,19 / 20,1893010,2019-09-06 19:51:38:753,-0.1861,-0.832,9.8762,-0.0017,-0.0054,9.8066,-0.0109,0.0028,0.0048,4.44,-35.19,24.56,76.1,-85.71,-118.8
52.414223,-1.531306,145.76,3.29,3,223.84,19 / 20,1893110,2019-09-06 19:51:38:853,-0.1948,-0.4838,9.8679,-0.0006,-0.0019,9.8066,0.0091,0.0165,0.0072,4.63,-35.25,24.31,78.84,-85.71,-118.99
52.414223,-1.531306,145.76,3.29,3,223.84,19 / 20,1893210,2019-09-06 19:51:38:953,-0.1207,-0.8544,9.8887,-0.0003,-0.0031,9.8066,-0.0093,-0.0011,0.0107,4.31,-35.56,24.25,76.13,-85.67,-119.61
52.414223,-1.531306,145.76,3.29,3,223.84,19 / 20,1893309,2019-09-06 19:51:39:052,-0.2882,-0.7504,9.9111,-0.0006,-0.0057,9.8066,0.017,-0.0033,-0.0025,4.94,-35.37,24.38,77.32,-85.66,-120.54
52.414223,-1.531306,145.76,3.29,3,223.84,20 / 21,1893410,2019-09-06 19:51:39:153,-0.2317,-0.5594,9.8207,-0.0014,-0.004,9.8066,0.0083,-0.0199,0.0034,4.5,-35.44,24.38,76.66,-85.62,-121.25
52.414223,-1.531306,145.76,3.29,3,223.84,20 / 21,1893509,2019-09-06 19:51:39:252,-0.1769,-0.8576,9.7972,-0.0002,-0.0042,9.8066,-0.0001,-0.0043,-0.0105,4.69,-35.31,24.56,75.25,-85.61,-121.95
52.414223,-1.531306,145.76,3.29,3,223.84,20 / 21,1893609,2019-09-06 19:51:39:352,-0.0655,-0.5669,9.9599,-0.0003,0.0005,9.8066,-0.0115,-0.0071,0.0005,4.56,-35.44,25,74.68,-85.59,-122.53
52.414223,-1.531306,145.76,3.29,3,223.84,20 / 21,1893710,2019-09-06 19:51:39:453,-0.1962,-0.4902,9.8802,0.0003,0.0002,9.8066,0.0069,0.0119,0.0077,4.88,-35.5,23.81,74.93,-85.56,-123.03
52.414223,-1.531306,145.76,3.29,3,223.84,20 / 21,1893810,2019-09-06 19:51:39:553,-0.156,-0.7713,9.7742,-0.0013,-0.0017,9.8066,-0.0083,0.0059,0.0036,5.19,-35,23.94,74.5,-85.53,-123.48
52.414223,-1.531306,145.76,3.29,3,223.84,20 / 21,1893910,2019-09-06 19:51:39:653,-0.2135,-0.7035,9.8918,-0.0011,-0.0044,9.8066,0.0053,0.0005,0.0056,4.69,-35.31,23.81,73.56,-85.51,-124.43
52.414223,-1.531306,145.76,3.29,3,223.84,20 / 21,1894009,2019-09-06 19:51:39:752,-0.1674,-0.5336,9.955,-0.0011,-0.0032,9.8066,0.0138,-0.0171,0.0021,5,-35.44,24.13,73.18,-85.48,-124.84
52.414223,-1.531306,145.76,3.29,3,223.84,20 / 21,1894110,2019-09-06 19:51:39:853,-0.1355,-0.7024,9.8084,-0.0014,-0.0052,9.8066,-0.0002,-0.0147,-0.0037,5,-35,24.19,72.42,-85.47,-125.6
52.414223,-1.531306,145.76,3.29,3,223.84,20 / 21,1894210,2019-09-06 19:51:39:953,-0.2015,-0.7005,9.8872,-0.0011,-0.0036,9.8066,-0.0037,-0.0156,0.0026,4.69,-34.81,24.38,72.1,-85.44,-125.93
52.414223,-1.531306,145.76,3.29,3,223.84,19 / 21,1894311,2019-09-06 19:51:40:054,0.011,-0.6653,9.955,0.0017,0,9.8066,0.0021,-0.0142,0.002,4.25,-35.31,24.75,68.78,-85.42,-126.29
52.414223,-1.531306,145.76,3.29,3,223.84,19 / 21,1894410,2019-09-06 19:51:40:153,-0.2016,-0.7474,9.7469,-0.0009,0.0009,9.8066,0.002,-0.0104,-0.005,4.88,-35.62,24.81,70.98,-85.41,-126.54
52.414223,-1.531306,145.76,3.29,3,223.84,19 / 21,1894510,2019-09-06 19:51:40:253,-0.2135,-0.6993,9.9257,-0.0019,-0.0051,9.8066,-0.0017,-0.0187,-0.0007,5,-34.5,24.38,70.56,-85.38,-127.34
52.414223,-1.531306,145.76,3.29,3,223.84,19 / 21,1894611,2019-09-06 19:51:40:354,-0.0979,-0.4303,9.9126,0.0008,-0.0021,9.8066,0.005,0.0047,0.0078,4.63,-34.81,24.94,69.69,-85.36,-127.68
52.414223,-1.531306,145.76,3.29,3,223.84,19 / 21,1894710,2019-09-06 19:51:40:453,-0.1554,-0.7474,9.841,-0.0026,-0.0039,9.8066,-0.0021,-0.0042,0.0114,5,-35.62,24.19,70.12,-85.33,-128.18
52.414223,-1.531306,145.76,3.29,3,223.84,19 / 21,1894809,2019-09-06 19:51:40:552,-0.194,-0.5801,9.8791,-0.0022,-0.0067,9.8065,0.0151,0.0008,0.0006,4.63,-35.75,24.31,69.65,-85.29,-128.69
52.414223,-1.531306,145.76,3.29,3,223.84,19 / 21,1894910,2019-09-06 19:51:40:653,-0.2161,-0.492,9.8635,0.0005,-0.0014,9.8066,0.0094,-0.0176,0.0065,5.25,-35.25,24.06,69.02,-85.28,-129.13
52.414223,-1.531306,145.76,3.29,3,223.84,19 / 21,1895010,2019-09-06 19:51:40:753,-0.0659,-0.6782,9.8444,-0.0018,-0.0005,9.8066,0.0003,-0.01,-0.0063,4.31,-35,24.38,66.33,-85.24,-129.49
52.414223,-1.531306,145.76,3.29,3,223.84,19 / 21,1895110,2019-09-06 19:51:40:853,-0.2419,-0.6425,9.8943,-0.0008,-0.0054,9.8066,-0.0059,-0.0111,0.0062,4.31,-34.94,23.88,65.72,-85.21,-130.12
52.414223,-1.531306,145.76,3.29,3,223.84,19 / 21,1895210,2019-09-06 19:51:40:953,-0.1844,-0.4449,9.8824,-0.0019,-0.0051,9.8066,0.002,0.0144,0.0066,4.94,-35.37,24.38,67.87,-85.18,-130.37
52.414223,-1.531306,145.76,3.29,3,223.84,19 / 21,1895310,2019-09-06 19:51:41:053,-0.0238,-0.5792,9.8387,-0.0008,-0.0047,9.8066,-0.001,0.0009,0.0098,4.38,-34.81,24.56,64.16,-85.15,-131.06
52.414223,-1.531306,145.76,3.29,3,223.84,20 / 21,1895410,2019-09-06 19:51:41:153,-0.1937,-0.6489,9.8743,-0.0016,-0.0048,9.8066,0.0013,0.0055,0.0044,4.63,-35.25,24.44,66.69,-85.11,-131.6
52.414223,-1.531306,145.76,3.29,3,223.84,20 / 21,1895510,2019-09-06 19:51:41:253,-0.1696,-0.378,9.8975,0.0005,-0.0005,9.8066,0.0064,-0.0158,0.0016,4.38,-35.19,24.25,64.14,-85.1,-131.77
52.414223,-1.531306,145.76,3.29,3,223.84,20 / 21,1895610,2019-09-06 19:51:41:353,-0.1211,-0.6689,9.8222,-0.0015,-0.0003,9.8065,0.0044,-0.0036,-0.0007,4.5,-34.62,24.38,66.24,-85.07,-132.08
52.414223,-1.531306,145.76,3.29,3,223.84,20 / 21,1895709,2019-09-06 19:51:41:452,-0.224,-0.6221,9.8829,-0.0001,-0.0048,9.8066,0,-0.0097,0.0011,4.5,-35.31,24.13,65.66,-85.03,-132.68
52.414223,-1.531306,145.76,3.29,3,223.84,20 / 21,1895810,2019-09-06 19:51:41:553,-0.092,-0.2865,9.9161,-0.0012,-0.0052,9.8066,0.0121,0.0073,0.0069,4.5,-34.75,24.5,64.6,-85,-133.01
52.414223,-1.531306,145.76,3.29,3,223.84,20 / 21,1895910,2019-09-06 19:51:41:653,-0.1271,-0.6295,9.8175,-0.0013,-0.0063,9.8066,-0.0173,0.0067,0.0076,4,-35.19,24.69,61.75,-84.98,-133.57
52.414223,-1.531306,145.76,3.29,3,223.84,20 / 21,1896010,2019-09-06 19:51:41:753,-0.1622,-0.6249,9.9015,-0.0017,-0.0059,9.8066,0.0142,0.0014,0.0065,4.38,-35.94,24.56,61.66,-84.95,-133.87
52.414223,-1.531306,145.76,3.29,3,223.84,20 / 21,1896109,2019-09-06 19:51:41:852,-0.1119,-0.2624,9.9462,0.0001,-0.0008,9.8066,0.0065,-0.0276,-0.0021,4.81,-35.06,24.56,63.5,-84.93,-134.15
52.414223,-1.531306,145.76,3.29,3,223.84,20 / 21,1896209,2019-09-06 19:51:41:952,-0.0639,-0.5706,9.8007,-0.0009,0.0011,9.8066,-0.0023,-0.0148,-0.0045,4.69,-35.25,24.38,63.97,-84.9,-134.46
52.414223,-1.531306,145.76,3.29,3,223.84,20 / 21,1896309,2019-09-06 19:51:42:052,-0.045,-0.3492,9.8833,-0.0024,-0.0055,9.8066,-0.0058,-0.028,-0.0029,4.44,-35.06,24.38,61.17,-84.87,-134.88
52.414223,-1.531306,145.76,3.29,3,223.84,19 / 20,1896409,2019-09-06 19:51:42:152,-0.2342,-0.4032,9.8201,-0.0018,-0.0036,9.8066,0.0132,-0.001,0.0011,4.38,-35.19,24.31,61.01,-84.84,-135.07
52.414223,-1.531306,145.76,3.29,3,223.84,19 / 20,1896510,2019-09-06 19:51:42:253,-0.1228,-0.681,9.8376,-0.0005,-0.0043,9.8066,0.0021,0.0032,0.0064,4.56,-34.81,24.5,62.22,-84.82,-135.5
52.414223,-1.531306,145.76,3.29,3,223.84,19 / 20,1896609,2019-09-06 19:51:42:352,-0.0924,-0.4237,9.9075,-0.0003,-0.0044,9.8066,0.0092,0.0204,0.0142,5.06,-35,24.06,62.62,-84.8,-135.87
52.414223,-1.531306,145.76,3.29,3,223.84,19 / 20,1896710,2019-09-06 19:51:42:453,-0.1817,-0.3308,9.9368,-0.0001,0.0023,9.8066,-0.0029,0.0028,0.0011,4.44,-35.37,25,59.44,-84.79,-135.98
52.414223,-1.531306,145.76,3.29,3,223.84,19 / 20,1896809,2019-09-06 19:51:42:552,0.0199,-0.4922,9.831,0.0014,0.0002,9.8066,0.0086,-0.0119,0.013,4.44,-35.06,25.06,59.19,-84.77,-136.23
52.414223,-1.531306,145.76,3.29,3,223.84,19 / 20,1896910,2019-09-06 19:51:42:653,-0.0148,-0.3931,9.9131,-0.0028,-0.0033,9.8066,-0.0054,-0.0132,-0.0139,4.38,-35.31,24.69,59.01,-84.73,-136.45
52.414223,-1.531306,145.76,3.29,3,223.84,19 / 20,1897009,2019-09-06 19:51:42:752,-0.0926,-0.2647,9.9661,0.0006,-0.0041,9.8066,0.0193,-0.0166,0.0082,4.63,-35.37,24.56,61.03,-84.71,-136.75
52.414223,-1.531306,145.76,3.29,3,223.84,19 / 20,1897110,2019-09-06 19:51:42:853,-0.0367,-0.5063,9.8584,-0.0017,-0.0035,9.8066,-0.0037,-0.0063,-0.0074,4.31,-35.25,24.5,58.51,-84.68,-136.98
52.414223,-1.531306,145.76,3.29,3,223.84,19 / 20,1897210,2019-09-06 19:51:42:953,-0.0451,-0.4399,9.8838,0.0005,-0.0034,9.8066,0.0101,0.0055,0.015,4.5,-34.81,24.25,61.37,-84.67,-137.21
52.414223,-1.531306,145.76,3.29,3,223.84,19 / 20,1897310,2019-09-06 19:51:43:053,-0.1133,-0.2534,9.9283,-0.0005,0.0006,9.8066,-0.0101,0.0094,0.0003,4.69,-35,24.19,61.04,-84.66,-137.53
52.414223,-1.531306,145.76,3.29,3,223.84,20 / 21,1897410,2019-09-06 19:51:43:153,-0.0795,-0.5846,9.8484,0.0004,0.0033,9.8066,-0.0034,-0.0145,0.006,4.63,-35.12,24.56,60.29,-84.65,-137.54
52.414223,-1.531306,145.76,3.29,3,223.84,20 / 21,1897509,2019-09-06 19:51:43:252,-0.0835,-0.4138,9.8707,-0.0026,-0.0054,9.8066,-0.0166,-0.0111,-0.0116,4.31,-34.56,24.31,58.37,-84.6,-137.84
52.414223,-1.531306,145.76,3.29,3,223.84,20 / 21,1897610,2019-09-06 19:51:43:353,-0.1261,-0.2577,9.8601,0.0007,-0.002,9.8066,0.0236,-0.0045,0.0082,4.13,-34.94,24.5,57.54,-84.59,-137.99
52.414223,-1.531306,145.76,3.29,3,223.84,20 / 21,1897709,2019-09-06 19:51:43:452,-0.0678,-0.5175,9.8853,0,-0.0021,9.8066,-0.0015,0.0043,0.0026,4.38,-34.69,24.38,57.9,-84.58,-138.3
52.414223,-1.531306,145.76,3.29,3,223.84,20 / 21,1897810,2019-09-06 19:51:43:553,-0.0301,-0.3419,9.8651,-0.0003,-0.0025,9.8066,-0.0016,0.0172,0.0026,4.69,-35.06,24.19,60.11,-84.56,-138.54
52.414223,-1.531306,145.76,3.29,3,223.84,20 / 21,1897910,2019-09-06 19:51:43:653,-0.1636,-0.2562,9.8825,-0.0009,0,9.8066,0.0025,0.0009,0.002,4.69,-34.81,24.63,59.15,-84.55,-138.73
52.414223,-1.531306,145.76,3.29,3,223.84,20 / 21,1898009,2019-09-06 19:51:43:752,-0.1071,-0.4967,9.9028,0.0017,0.0042,9.8066,-0.0074,-0.0148,-0.0026,5.06,-34.62,25.06,59.12,-84.53,-138.78
52.414223,-1.531306,145.76,3.29,3,223.84,20 / 21,1898109,2019-09-06 19:51:43:852,-0.0679,-0.3819,9.9194,-0.0021,-0.0068,9.8066,-0.0249,-0.0235,-0.0086,4.63,-34.69,24.25,59.53,-84.49,-139.16
52.414223,-1.531306,145.76,3.29,3,223.84,20 / 21,1898210,2019-09-06 19:51:43:953,-0.1599,-0.2431,9.9652,-0.0005,-0.0032,9.8066,0.0204,-0.0168,0.0009,4.56,-34.87,24.25,59.48,-84.49,-139.21
52.414223,-1.531306,145.76,3.29,3,223.84,20 / 21,1898311,2019-09-06 19:51:44:054,-0.0509,-0.4495,9.7996,0.0002,-0.0012,9.8066,0.0082,-0.0042,-0.0067,4.75,-34.75,24.56,58.47,-84.47,-139.46
52.414223,-1.531306,145.76,3.29,3,223.84,18 / 20,1898410,2019-09-06 19:51:44:153,0.0044,-0.3608,9.8993,0.0012,-0.0006,9.8066,0.0103,0.0001,0.0101,4.56,-35.12,24.94,58.29,-84.46,-139.64
52.414223,-1.531306,145.76,3.29,3,223.84,18 / 20,1898509,2019-09-06 19:51:44:252,-0.093,-0.2614,10.0173,-0.0003,0.0024,9.8066,0.0088,0.0139,0.0031,5,-35.06,24.38,58.73,-84.43,-139.98
52.414223,-1.531306,145.76,3.29,3,223.84,18 / 20,1898610,2019-09-06 19:51:44:353,-0.1033,-0.3786,9.8113,0.0031,0.0039,9.8066,-0.0153,0.0034,0.0126,4.88,-35.5,24.31,58.62,-84.43,-140.09
52.414223,-1.531306,145.76,3.29,3,223.84,18 / 20,1898709,2019-09-06 19:51:44:452,-0.1007,-0.5631,9.8594,-0.0024,-0.006,9.8066,-0.0174,0.0013,-0.0042,4.56,-35,24.13,58.27,-84.39,-140.47
52.414223,-1.531306,145.76,3.29,3,223.84,18 / 20,1898809,2019-09-06 19:51:44:552,-0.032,-0.3062,9.9821,-0.0008,-0.005,9.8066,0.0106,-0.0251,-0.0008,4.63,-34.62,23.94,58.18,-84.39,-140.55
52.414223,-1.531306,145.76,3.29,3,223.84,18 / 20,1898910,2019-09-06 19:51:44:653,-0.0857,-0.3839,9.7684,0.0001,-0.0007,9.8066,0.0113,-0.0093,-0.0134,5,-34.81,24,58.1,-84.37,-140.65
52.414223,-1.531306,145.76,3.29,3,223.84,18 / 20,1899010,2019-09-06 19:51:44:753,-0.125,-0.5683,9.8088,0.0015,-0.002,9.8066,0.0003,-0.0095,0.0014,4.56,-34.5,24.31,57.68,-84.36,-140.85
52.414223,-1.531306,145.76,3.29,3,223.84,18 / 20,1899109,2019-09-06 19:51:44:852,0.06,-0.3164,9.9434,-0.0002,-0.0011,9.8066,-0.0073,0.0122,-0.0073,3.94,-35.5,23.88,55.29,-84.35,-141.01
52.414223,-1.531306,145.76,3.29,3,223.84,18 / 20,1899209,2019-09-06 19:51:44:952,-0.1,-0.3218,9.8004,0.0018,0.0007,9.8066,-0.0069,0.0083,0.0112,4.88,-34.81,24.06,57.51,-84.35,-141.22
52.414223,-1.531306,145.76,3.29,3,223.84,18 / 20,1899309,2019-09-06 19:51:45:052,-0.1506,-0.5867,9.8255,-0.0013,-0.0042,9.8066,-0.0086,0.0195,0.002,4.25,-34.81,24.44,54.82,-84.31,-141.49
52.414223,-1.531306,145.76,3.29,3,223.84,18 / 19,1899410,2019-09-06 19:51:45:153,0.0853,-0.2701,9.9224,-0.0001,-0.0045,9.8066,0.0047,-0.0171,0.0047,4.44,-34.75,24.75,53.96,-84.3,-141.66
52.414223,-1.531306,145.76,3.29,3,223.84,18 / 19,1899509,2019-09-06 19:51:45:252,-0.0173,-0.1841,9.8206,-0.0006,0.001,9.8066,0.0079,-0.0065,-0.0121,4.56,-34.81,24.56,56.29,-84.29,-141.7
52.414223,-1.531306,145.76,3.29,3,223.84,18 / 19,1899610,2019-09-06 19:51:45:353,-0.1951,-0.468,9.76,0.0004,0.002,9.8066,-0.0081,-0.014,-0.004,4.94,-35.06,24.56,56.22,-84.28,-141.78
52.414223,-1.531306,145.76,3.29,3,223.84,18 / 19,1899710,2019-09-06 19:51:45:453,0.0127,-0.44,9.8819,0.0005,-0.0015,9.8066,-0.0018,-0.0008,-0.0086,4.69,-35.56,24.63,56.35,-84.26,-141.87
52.414223,-1.531306,145.76,3.29,3,223.84,18 / 19,1899810,2019-09-06 19:51:45:553,-0.059,-0.2566,9.9378,0.0005,-0.0013,9.8066,0.0099,0.0036,-0.0002,5.06,-35.12,24.25,56.67,-84.26,-142.11
52.414223,-1.531306,145.76,3.29,3,223.84,18 / 19,1899910,2019-09-06 19:51:45:653,-0.2111,-0.3116,9.7518,-0.0002,-0.0029,9.8066,0.0059,0.0151,0.0021,4.31,-34.81,24.38,53.99,-84.23,-142.35
52.414223,-1.531306,145.76,3.29,3,223.84,18 / 19,1900010,2019-09-06 19:51:45:753,-0.0357,-0.3847,9.7251,-0.0006,-0.0035,9.8066,-0.0037,0.0155,0.005,4.69,-35.19,24.63,55.5,-84.22,-142.52
52.414223,-1.531306,145.76,3.29,3,223.84,18 / 19,1900109,2019-09-06 19:51:45:852,-0.1072,-0.3659,9.9563,0.0008,0.0013,9.8066,0.0024,0.0124,0.0126,4.44,-34.37,24.69,52.85,-84.2,-142.6
52.414223,-1.531306,145.76,3.29,3,223.84,18 / 19,1900209,2019-09-06 19:51:45:952,-0.1082,-0.1286,9.9222,-0.0004,0.0003,9.8066,-0.0221,0.0099,0.008,5,-35.06,24.94,55.32,-84.19,-142.71
52.414223,-1.531306,145.76,3.29,3,223.84,18 / 19,1900310,2019-09-06 19:51:46:053,-0.1407,-0.3838,9.7513,-0.0018,-0.0058,9.8066,-0.0174,-0.0054,0.0049,4.69,-35.37,23.94,56.01,-84.19,-142.81
52.414223,-1.531306,145.76,3.29,3,223.84,18 / 20,1900409,2019-09-06 19:51:46:152,-0.1124,-0.2997,9.7769,-0.0017,-0.0038,9.8066,0.0106,0.0005,-0.0043,4.75,-35.19,25,54.96,-84.14,-143.1
52.414223,-1.531306,145.76,3.29,3,223.84,18 / 20,1900510,2019-09-06 19:51:46:253,-0.054,-0.2846,9.9504,0,0.001,9.8066,0.0006,-0.0279,-0.0021,4.25,-34.69,24.38,53.36,-84.14,-143.04
52.414223,-1.531306,145.76,3.29,3,223.84,18 / 20,1900610,2019-09-06 19:51:46:353,-0.1268,-0.2054,9.9807,-0.0009,0.0012,9.8066,-0.001,-0.0203,-0.0143,4.69,-34.87,24.63,54.98,-84.12,-143.11
52.414223,-1.531306,145.76,3.29,3,223.84,18 / 20,1900710,2019-09-06 19:51:46:453,-0.1055,-0.1512,9.8139,-0.0004,-0.0021,9.8066,0.0012,-0.0339,-0.0079,4.69,-34.87,24.56,54.83,-84.1,-143.27
52.414223,-1.531306,145.76,3.29,3,223.84,18 / 20,1900809,2019-09-06 19:51:46:552,-0.0151,-0.5263,9.7922,0.0007,0.0002,9.8066,0.0086,-0.0143,-0.001,4.25,-35.12,24.75,52.38,-84.1,-143.34
52.414223,-1.531306,145.76,3.29,3,223.84,18 / 20,1900909,2019-09-06 19:51:46:652,-0.0695,-0.2367,9.9613,-0.0014,-0.0025,9.8066,-0.0023,-0.0052,-0.0093,4.94,-35.31,24.13,55.48,-84.09,-143.4
52.414223,-1.531306,145.76,3.29,3,223.84,18 / 20,1901009,2019-09-06 19:51:46:752,0.045,0.0083,9.8356,0.0013,-0.0029,9.8066,0.0096,0.0065,0.0189,4.88,-35,25,54.41,-84.08,-143.68
52.414223,-1.531306,145.76,3.29,3,223.84,18 / 20,1901110,2019-09-06 19:51:46:853,0.0009,-0.2937,9.6948,-0.0005,0.002,9.8066,-0.0031,0.0149,0.0027,3.94,-34.94,24.75,52.04,-84.07,-143.69
52.414223,-1.531306,145.76,3.29,3,223.84,18 / 20,1901210,2019-09-06 19:51:46:953,-0.075,-0.3773,9.9034,0.0011,0.003,9.8066,0.0013,-0.0032,0.0138,4.81,-34.44,23.81,54.96,-84.06,-143.73
52.414223,-1.531306,145.76,3.29,3,223.84,18 / 20,1901310,2019-09-06 19:51:47:053,-0.0451,-0.2068,9.9202,-0.001,-0.0033,9.8066,-0.0186,-0.0022,-0.0033,4.81,-34.75,24.06,55.01,-84.03,-143.92
52.414223,-1.531306,145.76,3.29,3,223.84,19 / 20,1901409,2019-09-06 19:51:47:152,-0.0801,-0.3347,9.7083,-0.0002,-0.0032,9.8066,0.0121,-0.0234,-0.0013,4.75,-35.25,24.69,54.17,-84.03,-143.95
52.414223,-1.531306,145.76,3.29,3,223.84,19 / 20,1901510,2019-09-06 19:51:47:253,-0.0957,-0.4115,9.8756,-0.0008,0.0002,9.8066,0.0086,-0.0119,-0.0112,4.56,-34.62,24.25,54.89,-84.02,-144.04
52.414223,-1.531306,145.76,3.29,3,223.84,19 / 20,1901609,2019-09-06 19:51:47:352,-0.0014,-0.2543,9.9059,0.0009,0.0022,9.8065,-0.0029,-0.0074,0.0065,4.44,-34.87,24.69,51.73,-84.03,-144.02
52.414223,-1.531306,145.76,3.29,3,223.84,19 / 20,1901710,2019-09-06 19:51:47:453,-0.0848,-0.2144,9.7273,-0.0015,-0.0004,9.8066,-0.0014,0.014,0.0005,4.94,-34.94,24.69,53.91,-84.01,-144.22
52.414223,-1.531306,145.76,3.29,3,223.84,19 / 20,1901810,2019-09-06 19:51:47:553,-0.1078,-0.4552,9.8061,0.001,0.0016,9.8066,-0.0119,0.0046,0.008,4.63,-35.5,24.38,54.56,-84.01,-144.36
52.414223,-1.531306,145.76,3.29,3,223.84,19 / 20,1901910,2019-09-06 19:51:47:653,-0.007,-0.3254,9.9489,-0.0018,-0.0047,9.8066,-0.0158,0.0152,0.002,4.38,-34.81,24.31,51.95,-83.99,-144.5
52.414223,-1.531306,145.76,3.29,3,223.84,19 / 20,1902010,2019-09-06 19:51:47:753,-0.1792,-0.2017,9.7357,-0.0005,-0.0024,9.8066,0.007,-0.0188,0.0037,4.5,-35.31,24.25,54.24,-83.97,-144.7
52.414223,-1.531306,145.76,3.29,3,223.84,19 / 20,1902110,2019-09-06 19:51:47:853,-0.0371,-0.2735,9.7758,-0.0015,0.004,9.8066,0.0057,-0.0091,-0.0087,4.75,-35.06,24.19,54.49,-83.95,-144.49
52.414223,-1.531306,145.76,3.29,3,223.84,19 / 20,1902209,2019-09-06 19:51:47:952,-0.0776,-0.4422,9.8857,0.0011,0.003,9.8066,-0.0095,-0.0222,-0.0076,4.5,-35.25,24.38,54.47,-83.96,-144.5
52.414223,-1.531306,145.76,3.29,3,223.84,19 / 20,1902310,2019-09-06 19:51:48:053,-0.0813,-0.0556,9.8951,-0.0004,0.0004,9.8066,0.0068,-0.0112,-0.0111,4.75,-35,24.75,53.55,-83.93,-144.64
52.414223,-1.531306,145.76,3.29,3,223.84,19 / 20,1902409,2019-09-06 19:51:48:152,-0.1559,-0.1558,9.7543,0.0001,-0.0028,9.8066,0.0169,-0.0112,0.0022,4.56,-35.25,24.38,54.19,-83.92,-144.8
52.414223,-1.531306,145.76,3.29,3,223.84,19 / 20,1902511,2019-09-06 19:51:48:254,0.0074,-0.3881,9.9096,-0.0005,-0.0024,9.8066,0.0104,0.0062,-0.0035,4.75,-35.12,24.5,53.43,-83.91,-144.77
52.414223,-1.531306,145.76,3.29,3,223.84,19 / 20,1902610,2019-09-06 19:51:48:353,-0.1062,0.0074,9.827,-0.0007,-0.0043,9.8066,0.0016,0.0148,0.0061,4.69,-34.94,24.44,53.94,-83.88,-145.08
52.414223,-1.531306,145.76,3.29,3,223.84,19 / 20,1902709,2019-09-06 19:51:48:452,-0.0704,-0.1752,9.8098,0.0016,0.0027,9.8066,0.0086,0.0127,0.0101,4.56,-35.06,24.69,53.1,-83.89,-145.1
52.414223,-1.531306,145.76,3.29,3,223.84,19 / 20,1902809,2019-09-06 19:51:48:552,-0.0742,-0.4363,9.877,-0.0005,0.0007,9.8066,-0.017,0.0096,-0.002,4.5,-34.44,24.38,53.53,-83.87,-145.26
52.414223,-1.531306,145.76,3.29,3,223.84,19 / 20,1902909,2019-09-06 19:51:48:652,-0.1138,-0.0846,9.8801,-0.0005,-0.0035,9.8066,-0.0015,-0.0134,0.0038,4.81,-34.5,24.13,53.46,-83.85,-145.35
52.414223,-1.531306,145.76,3.29,3,223.84,19 / 20,1903010,2019-09-06 19:51:48:753,-0.1262,-0.1508,9.7963,-0.0023,-0.0023,9.8066,0.0184,-0.014,-0.0065,4.88,-34.81,24.31,53.71,-83.83,-145.34
52.414223,-1.531306,145.76,3.29,3,223.84,19 / 20,1903110,2019-09-06 19:51:48:853,-0.0412,-0.4351,9.842,0.0001,-0.0013,9.8066,0.0136,-0.0132,-0.0051,4.44,-34.94,24.38,51.23,-83.82,-145.36
52.414223,-1.531306,145.76,3.29,3,223.84,19 / 20,1903210,2019-09-06 19:51:48:953,-0.1625,-0.0365,9.9481,-0.0004,-0.0015,9.8066,-0.0003,0.0134,-0.0035,4.88,-34.56,23.88,53.56,-83.8,-145.52
52.414223,-1.531306,145.76,3.29,3,223.84,19 / 20,1903310,2019-09-06 19:51:49:053,-0.0469,-0.0926,9.7616,-0.0002,0.0005,9.8066,0.0053,0.0063,0.0117,4.19,-34.94,24.31,51.03,-83.79,-145.57
52.414223,-1.531306,145.76,3.29,3,223.84,20 / 21,1903410,2019-09-06 19:51:49:153,-0.1324,-0.4332,9.7928,-0.0002,0.0016,9.8066,-0.006,0.011,0.0048,4.88,-34.75,24.31,53.42,-83.77,-145.69
52.414223,-1.531306,145.76,3.29,3,223.84,20 / 21,1903509,2019-09-06 19:51:49:252,-0.1144,-0.1086,9.9897,-0.0004,-0.0061,9.8065,-0.014,0.0027,0.0076,5.13,-34.56,23.81,53.39,-83.76,-145.73
52.414223,-1.531306,145.76,3.29,3,223.84,20 / 21,1903610,2019-09-06 19:51:49:353,-0.065,-0.0408,9.8024,-0.0022,-0.0039,9.8066,0.009,-0.0027,-0.0017,4.94,-34.75,24.56,52.3,-83.72,-146.03
52.414223,-1.531306,145.76,3.29,3,223.84,20 / 21,1903710,2019-09-06 19:51:49:453,-0.189,-0.2323,9.76,0.0008,0.0009,9.8066,0.0095,-0.0229,-0.0023,4.88,-35.44,24.44,53.09,-83.72,-146.04
52.414223,-1.531306,145.76,3.29,3,223.84,20 / 21,1903810,2019-09-06 19:51:49:553,-0.1192,-0.345,9.9306,-0.0013,0.0027,9.8066,-0.005,-0.0148,-0.0075,4.56,-34.62,24.56,52.32,-83.71,-146.02
52.414223,-1.531306,145.76,3.29,3,223.84,20 / 21,1903910,2019-09-06 19:51:49:653,0.0155,-0.0601,9.8702,-0.0007,-0.0014,9.8066,-0.008,-0.0235,-0.0096,5.13,-34.62,24.63,52.2,-83.7,-146.14
52.414223,-1.531306,145.76,3.29,3,223.84,20 / 21,1904009,2019-09-06 19:51:49:752,-0.1628,-0.1008,9.8566,-0.0008,-0.0004,9.8066,0.0233,-0.0008,0.0042,4.94,-35.06,24.06,52.92,-83.69,-146.24
52.414223,-1.531306,145.76,3.29,3,223.84,20 / 21,1904110,2019-09-06 19:51:49:853,-0.0771,-0.3067,9.818,-0.0013,-0.002,9.8066,0.0138,0.0024,0.004,4.38,-35.12,24.31,50.27,-83.68,-146.38
52.414223,-1.531306,145.76,3.29,3,223.84,20 / 21,1904209,2019-09-06 19:51:49:952,0.0195,-0.2113,9.9197,0.0003,-0.002,9.8066,-0.0012,0.0222,0.0113,5.25,-34.81,24.81,51.84,-83.66,-146.52
52.414223,-1.531306,145.76,3.29,3,223.84,18 / 20,1904311,2019-09-06 19:51:50:054,-0.0597,-0.0479,10.0172,0.0011,0.0021,9.8066,0.002,0.0213,0.0122,4.63,-35,24.69,51.77,-83.66,-146.58
52.414223,-1.531306,145.76,3.29,3,223.84,18 / 20,1904409,2019-09-06 19:51:50:152,-0.061,-0.2161,9.7837,0.0012,0.002,9.8066,-0.0115,0.0042,0.0167,4.75,-35.25,24.63,51.75,-83.66,-146.6
52.414223,-1.531306,145.76,3.29,3,223.84,18 / 20,1904510,2019-09-06 19:51:50:253,-0.0694,-0.4127,9.8421,-0.0016,-0.0027,9.8066,-0.0042,0.016,0.0038,4.56,-34.62,24.25,52.48,-83.64,-146.7
52.414223,-1.531306,145.76,3.29,3,223.84,18 / 20,1904609,2019-09-06 19:51:50:352,0.076,-0.2669,9.9491,0.0005,-0.0028,9.8066,0.0002,-0.0148,0.0029,5.38,-35.12,24.44,52.36,-83.62,-146.83
52.414223,-1.531306,145.76,3.29,3,223.84,18 / 20,1904710,2019-09-06 19:51:50:453,-0.0341,-0.1122,9.8829,0.0001,0.001,9.8066,0.0042,-0.0066,-0.0091,4.88,-34.69,24.63,51.54,-83.6,-146.85
52.414223,-1.531306,145.76,3.29,3,223.84,18 / 20,1904809,2019-09-06 19:51:50:552,-0.1698,-0.3362,9.7866,0.0004,0.0003,9.8066,-0.0065,-0.0211,-0.0066,4.63,-34.69,24.69,51.49,-83.6,-146.9
52.414223,-1.531306,145.76,3.29,3,223.84,18 / 20,1904910,2019-09-06 19:51:50:653,0.0322,-0.2978,9.8281,-0.0005,-0.0018,9.8066,-0.0034,-0.0064,-0.0079,4.56,-34.94,24.5,51.43,-83.58,-146.97
52.414223,-1.531306,145.76,3.29,3,223.84,18 / 20,1905010,2019-09-06 19:51:50:753,-0.0655,-0.2371,9.9137,-0.0005,-0.0012,9.8065,0.0023,-0.001,0.0028,4.25,-34.94,24.19,49.69,-83.58,-147.02
52.414223,-1.531306,145.76,3.29,3,223.84,18 / 20,1905110,2019-09-06 19:51:50:853,-0.1576,-0.211,9.8062,-0.0002,-0.0022,9.8066,0.0037,0.0148,0.0035,4.69,-34.69,25.06,51.36,-83.57,-147.05
52.414223,-1.531306,145.76,3.29,3,223.84,18 / 20,1905210,2019-09-06 19:51:50:953,0.034,-0.3705,9.8249,0,-0.0021,9.8066,-0.0118,0.0053,0.0038,5,-34.69,24.31,52,-83.56,-147.22
52.414223,-1.531306,145.76,3.29,3,223.84,18 / 20,1905311,2019-09-06 19:51:51:054,-0.0224,-0.1542,9.9117,0,0.0021,9.8066,0.0056,-0.0017,-0.0031,4.75,-34.62,24.31,52.08,-83.56,-147.16
52.414223,-1.531306,145.76,3.29,3,223.84,20 / 21,1905410,2019-09-06 19:51:51:153,-0.1824,-0.2213,9.7862,0.0003,0.0018,9.8065,-0.0121,-0.0208,-0.0079,4.94,-35.12,24.38,52.07,-83.56,-147.17
52.414223,-1.531306,145.76,3.29,3,223.84,20 / 21,1905509,2019-09-06 19:51:51:252,0.0536,-0.3149,9.8132,0.0001,-0.0009,9.8066,-0.0082,-0.0047,-0.0064,4.31,-35,24.56,48.74,-83.53,-147.28
52.414223,-1.531306,145.76,3.29,3,223.84,20 / 21,1905610,2019-09-06 19:51:51:353,-0.0718,-0.1248,9.863,-0.0011,-0.0035,9.8066,0.0101,0.0001,0.0026,4.63,-35.25,24.56,51.06,-83.52,-147.37
52.414223,-1.531306,145.76,3.29,3,223.84,20 / 21,1905709,2019-09-06 19:51:51:452,-0.1728,-0.2649,9.7656,0.0002,-0.0009,9.8066,0.0077,0.014,0,4.88,-35.12,24.5,51.04,-83.51,-147.41
52.414223,-1.531306,145.76,3.29,3,223.84,20 / 21,1905809,2019-09-06 19:51:51:552,0.0735,-0.2894,9.8575,0.0003,-0.0019,9.8066,0.0019,-0.002,0.0038,4.81,-35.06,24.25,51.6,-83.51,-147.64
52.414223,-1.531306,145.76,3.29,3,223.84,20 / 21,1905910,2019-09-06 19:51:51:653,-0.0589,-0.129,9.8803,0.0012,0.0032,9.8066,0.0106,-0.0009,-0.0017,4.25,-35.25,24.38,49.2,-83.51,-147.55
52.414223,-1.531306,145.76,3.29,3,223.84,20 / 21,1906009,2019-09-06 19:51:51:752,-0.1638,-0.2187,9.7911,0.002,0.0018,9.8066,-0.0204,-0.0179,-0.0055,5.13,-35,24.06,51.63,-83.51,-147.62
52.414223,-1.531306,145.76,3.29,3,223.84,20 / 21,1906109,2019-09-06 19:51:51:852,0.0625,-0.3197,9.8157,-0.0017,-0.0034,9.8066,-0.0108,-0.0018,-0.0117,4.38,-35.06,23.94,49.13,-83.48,-147.64
52.414223,-1.531306,145.76,3.29,3,223.84,20 / 21,1906210,2019-09-06 19:51:51:953,-0.0199,-0.1059,9.8965,-0.0005,-0.0042,9.8066,0.0048,-0.0008,0.0058,4.69,-35.56,24.88,50.92,-83.48,-147.75
52.414223,-1.531306,145.76,3.29,3,223.84,20 / 21,1906310,2019-09-06 19:51:52:053,-0.101,-0.0785,9.7554,0.0001,0.001,9.8066,0.0069,0.0131,0.0103,4.75,-34.94,23.75,51.51,-83.47,-147.77
52.414223,-1.531306,145.76,3.29,3,223.84,20 / 21,1906409,2019-09-06 19:51:52:152,-0.1163,-0.4315,9.7008,-0.0007,-0.002,9.8065,-0.0066,0.0104,0.0071,4.63,-34.94,24.75,50.67,-83.45,-147.81
52.414223,-1.531306,145.76,3.29,3,223.84,20 / 21,1906510,2019-09-06 19:51:52:253,-0.0263,-0.22,9.947,0.0007,0.0013,9.8066,0.012,0.0143,0.0109,4.75,-34.62,24.31,51.36,-83.45,-147.92
52.414223,-1.531306,145.76,3.29,3,223.84,20 / 21,1906610,2019-09-06 19:51:52:353,-0.1477,-0.0507,9.8532,-0.0001,0.0018,9.8066,-0.0151,0.0008,-0.0001,4.31,-35.25,24.56,48.12,-83.43,-147.95
52.414223,-1.531306,145.76,3.29,3,223.84,20 / 21,1906710,2019-09-06 19:51:52:453,-0.0844,-0.2122,9.6804,0,-0.002,9.8066,0.0025,-0.0153,-0.0025,4.63,-34.56,24,51.42,-83.42,-147.91
52.414223,-1.531306,145.76,3.29,3,223.84,20 / 21,1906810,2019-09-06 19:51:52:553,-0.0579,-0.1973,9.9222,-0.0021,-0.003,9.8065,0.0199,-0.0151,-0.0105,4.75,-34.62,24.5,50.42,-83.39,-148.1
52.414223,-1.531306,145.76,3.29,3,223.84,20 / 21,1906910,2019-09-06 19:51:52:653,-0.0589,0.0667,9.9654,-0.0009,-0.0021,9.8066,0.0191,-0.0237,-0.0056,4.44,-35.31,24.19,48.68,-83.37,-148.16
52.414223,-1.531306,145.76,3.29,3,223.84,20 / 21,1907009,2019-09-06 19:51:52:752,-0.0778,0.0822,9.7479,-0.0014,-0.0023,9.8066,-0.0019,0.0012,-0.0084,4.38,-35.31,24.25,48.59,-83.35,-148.27
52.414223,-1.531306,145.76,3.29,3,223.84,20 / 21,1907110,2019-09-06 19:51:52:853,-0.0844,-0.109,9.836,0.0003,-0.0025,9.8066,-0.0134,0.0078,0.0096,4.69,-34.37,24.38,50.68,-83.34,-148.45
52.414223,-1.531306,145.76,3.29,3,223.84,20 / 21,1907209,2019-09-06 19:51:52:952,0.054,0.0775,9.9534,-0.0017,0.0011,9.8066,0.007,0.0156,0.0071,5.13,-34.94,24,51.01,-83.34,-148.38
52.414223,-1.531306,145.76,3.29,3,223.84,20 / 21,1907310,2019-09-06 19:51:53:053,-0.1202,0.0267,9.8392,-0.0004,-0.0024,9.8066,-0.0052,-0.0028,0.0127,5.31,-34.94,24,50.9,-83.33,-148.49
52.414223,-1.531306,145.76,3.29,3,223.84,19 / 20,1907411,2019-09-06 19:51:53:154,-0.0472,-0.129,9.8367,0.0004,0.0013,9.8066,0.0014,-0.0069,-0.0013,5,-35.25,24.63,50.03,-83.31,-148.54
52.414223,-1.531306,145.76,3.29,3,223.84,19 / 20,1907509,2019-09-06 19:51:53:252,0.0088,0.0232,10.0578,-0.0015,-0.0064,9.8066,0.0151,-0.02,-0.0018,4.81,-34.94,24.56,50.03,-83.3,-148.56
52.414223,-1.531306,145.76,3.29,3,223.84,19 / 20,1907610,2019-09-06 19:51:53:353,-0.06,0.0553,9.8134,-0.0001,-0.003,9.8066,-0.0037,0.0037,0.0029,4.81,-35.06,24.63,50.03,-83.29,-148.56
52.414223,-1.531306,145.76,3.29,3,223.84,19 / 20,1907710,2019-09-06 19:51:53:453,-0.11,-0.1322,9.8213,-0.0011,-0.0046,9.8066,-0.0117,-0.0039,0.0098,5.38,-34.81,24.44,50.67,-83.27,-148.77
52.414223,-1.531306,145.76,3.29,3,223.84,19 / 20,1907809,2019-09-06 19:51:53:552,0.0612,-0.0185,9.9078,-0.0014,0.0026,9.8066,0.0192,0.0168,-0.0014,4.44,-35.12,24.06,48.32,-83.27,-148.6
52.414223,-1.531306,145.76,3.29,3,223.84,19 / 20,1907909,2019-09-06 19:51:53:652,-0.1372,0.0225,9.8367,-0.0003,-0.0035,9.8066,0.0027,0.0062,0.017,4.56,-35.06,24.25,50.65,-83.26,-148.79
52.414223,-1.531306,145.76,3.29,3,223.84,19 / 20,1908009,2019-09-06 19:51:53:752,-0.0519,-0.031,9.7815,-0.0018,-0.0046,9.8066,0.0048,-0.0059,-0.0065,5,-35.06,24,50.5,-83.22,-148.97
52.414223,-1.531306,145.76,3.29,3,223.84,19 / 20,1908109,2019-09-06 19:51:53:852,-0.0006,-0.0457,9.8861,0.0008,0.001,9.8066,0.0083,-0.0186,-0.0044,4.69,-35.37,24.94,49.82,-83.22,-148.83
52.414223,-1.531306,145.76,3.29,3,223.84,19 / 20,1908210,2019-09-06 19:51:53:953,-0.0306,0.0881,9.9559,0.0008,0.0029,9.8066,-0.0024,-0.0064,-0.0091,4.69,-35.25,24.56,49.82,-83.21,-148.84
52.414223,-1.531306,145.76,3.29,3,223.84,19 / 20,1908310,2019-09-06 19:51:54:053,-0.0332,-0.0254,9.8417,-0.0005,-0.0011,9.8066,-0.0182,-0.0164,-0.0008,4.31,-35.31,24.13,48.2,-83.23,-148.76
52.414223,-1.531306,145.76,3.29,3,223.84,20 / 21,1908409,2019-09-06 19:51:54:152,0.1113,-0.1588,9.9529,0.0004,0.0024,9.8066,0.0144,0.0048,0.0074,4.81,-35.19,24.56,50,-83.23,-148.65
52.414223,-1.531306,145.76,3.29,3,223.84,20 / 21,1908510,2019-09-06 19:51:54:253,-0.0276,-0.0569,9.87,-0.0018,-0.0051,9.8066,-0.0062,0.0069,0.0167,4.81,-34.56,24.69,49.74,-83.22,-148.91
52.414223,-1.531306,145.76,3.29,3,223.84,20 / 21,1908610,2019-09-06 19:51:54:353,-0.1365,-0.2096,9.8087,-0.0014,-0.0019,9.8066,0.0006,0.0155,0.0061,4.69,-35.12,24.25,50.74,-83.2,-148.78
52.414223,-1.531306,145.76,3.29,3,223.84,20 / 21,1908709,2019-09-06 19:51:54:452,0.0696,-0.0474,9.9349,0.0023,0.003,9.8066,0.003,-0.0095,0.0028,4.75,-34.75,24.56,49.71,-83.21,-148.94
52.414223,-1.531306,145.76,3.29,3,223.84,20 / 21,1908810,2019-09-06 19:51:54:553,0.0349,-0.0582,9.7735,0.0008,0.003,9.8066,-0.0029,-0.0014,0.0085,4.75,-34.94,24.13,50.58,-83.23,-148.89
52.414223,-1.531306,145.76,3.29,3,223.84,20 / 21,1908910,2019-09-06 19:51:54:653,-0.0675,-0.0385,9.7775,-0.0031,-0.0046,9.8066,-0.0065,-0.0248,-0.0064,4.75,-34.81,24.06,50.6,-83.2,-148.91
52.414223,-1.531306,145.76,3.29,3,223.84,20 / 21,1909009,2019-09-06 19:51:54:752,0.0097,-0.0977,9.956,-0.0001,-0.0017,9.8066,0.0185,-0.0153,-0.0033,5.38,-35,24.38,50.63,-83.19,-148.89
52.414223,-1.531306,145.76,3.29,3,223.84,20 / 21,1909109,2019-09-06 19:51:54:852,0.0384,-0.018,9.773,-0.0001,-0.0011,9.8066,0.0121,-0.0077,0.0008,4.5,-35.62,24.5,49.9,-83.19,-149
52.414223,-1.531306,145.76,3.29,3,223.84,20 / 21,1909210,2019-09-06 19:51:54:953,-0.038,-0.0372,9.7774,0.0002,-0.0009,9.8066,-0.0044,0.0077,0.0149,4.5,-35.19,24.81,49.65,-83.18,-149.02
52.414223,-1.531306,145.76,3.29,3,223.84,20 / 21,1909310,2019-09-06 19:51:55:053,0.0593,-0.1084,9.9041,0,0.0014,9.8065,-0.0097,0.0194,0.0022,4.13,-34.69,24.06,47.89,-83.18,-149.09
52.414223,-1.531306,145.76,3.29,3,223.84,19 / 21,1909409,2019-09-06 19:51:55:152,-0.014,-0.0548,9.8442,-0.0001,0.0001,9.8066,-0.0089,0.0002,0.0091,5.06,-34.81,24.5,49.6,-83.18,-149.08
52.414223,-1.531306,145.76,3.29,3,223.84,19 / 21,1909509,2019-09-06 19:51:55:252,-0.0051,-0.1959,9.9128,-0.0023,-0.0062,9.8066,-0.0196,-0.0075,-0.0028,5.13,-35.06,24.13,50.23,-83.14,-149.31
52.414223,-1.531306,145.76,3.29,3,223.84,19 / 21,1909610,2019-09-06 19:51:55:353,0.0864,0.186,9.9435,0.0003,-0.0049,9.8066,0.0187,-0.0243,-0.0017,4.63,-35.12,24.56,49.3,-83.14,-149.39
52.414223,-1.531306,145.76,3.29,3,223.84,19 / 21,1909710,2019-09-06 19:51:55:453,0.0378,-0.0711,9.7593,0.0005,0.0022,9.8066,0.0012,-0.0054,-0.0129,4.81,-34.44,23.88,49.99,-83.14,-149.3
52.414223,-1.531306,145.76,3.29,3,223.84,19 / 21,1909810,2019-09-06 19:51:55:553,-0.0622,-0.1938,9.8567,0.003,0.0001,9.8066,0.0056,-0.0005,0.0149,4.5,-35.25,24.56,49.23,-83.15,-149.44
52.414223,-1.531306,145.76,3.29,3,223.84,19 / 21,1909910,2019-09-06 19:51:55:653,0.1242,0.0905,10.0213,-0.0015,0.0016,9.8066,-0.0169,0.0142,-0.0102,4.88,-35.37,24.38,50.25,-83.13,-149.3
52.414223,-1.531306,145.76,3.29,3,223.84,19 / 21,1910010,2019-09-06 19:51:55:753,-0.007,-0.1225,9.8101,0.0026,0.0036,9.8066,-0.0056,0.0037,0.0182,4.5,-34.5,24.56,49.09,-83.15,-149.35
52.414223,-1.531306,145.76,3.29,3,223.84,19 / 21,1910109,2019-09-06 19:51:55:852,-0.0311,-0.2822,9.8702,-0.0025,-0.0032,9.8066,-0.02,0.0007,-0.0087,5.06,-35.5,25,49.3,-83.12,-149.41
52.414223,-1.531306,145.76,3.29,3,223.84,19 / 21,1910209,2019-09-06 19:51:55:952,0.0476,-0.0242,9.969,0,-0.0028,9.8066,0.0052,-0.0295,0.0015,4.38,-35,24.13,47.57,-83.14,-149.42
52.414223,-1.531306,145.76,3.29,3,223.84,19 / 21,1910309,2019-09-06 19:51:56:052,0.0296,-0.0806,9.7469,-0.0006,0.0038,9.8066,0.0072,-0.0076,-0.0133,4.69,-34.81,24.38,50.13,-83.12,-149.42
52.414223,-1.531306,145.76,3.29,3,223.84,20 / 21,1910410,2019-09-06 19:51:56:153,0.0231,-0.1799,9.9442,0.0015,0.0016,9.8066,-0.0044,-0.0158,-0.0005,4.63,-34.62,24.94,49.47,-83.13,-149.24
52.414223,-1.531306,145.76,3.29,3,223.84,20 / 21,1910509,2019-09-06 19:51:56:252,-0.0323,0.1085,9.7361,-0.0004,0.0004,9.8066,0.0028,0,-0.0053,4.75,-35.06,24.81,49.45,-83.13,-149.27
52.414223,-1.531306,145.76,3.29,3,223.84,20 / 21,1910610,2019-09-06 19:51:56:353,0.0083,-0.1697,9.7522,0.001,0.0005,9.8066,0.0034,0.0049,0.0071,4.69,-34.87,24,50.24,-83.13,-149.3
52.414223,-1.531306,145.76,3.29,3,223.84,20 / 21,1910710,2019-09-06 19:51:56:453,-0.0956,-0.3393,9.8893,0.0001,-0.0037,9.8066,-0.0017,0.0166,0.0083,4.81,-35.12,24.19,50.16,-83.11,-149.4
52.414223,-1.531306,145.76,3.29,3,223.84,20 / 21,1910809,2019-09-06 19:51:56:552,-0.1973,-0.0134,9.8824,-0.0014,-0.0047,9.8066,-0.0057,0.0138,-0.0012,4.44,-34.81,24.56,46.61,-83.09,-149.65
52.414223,-1.531306,145.76,3.29,3,223.84,20 / 21,1910910,2019-09-06 19:51:56:653,0.0014,-0.0662,9.7724,0.0022,0.0049,9.8066,0.012,0,0.0025,4.75,-34.81,24.94,49.19,-83.1,-149.53
52.414223,-1.531306,145.76,3.29,3,223.84,20 / 21,1911010,2019-09-06 19:51:56:753,-0.0467,-0.2825,9.8345,0.0005,0.0031,9.8066,-0.0131,-0.0134,-0.0055,4.56,-35.19,24.31,50.02,-83.09,-149.55
52.414223,-1.531306,145.76,3.29,3,223.84,20 / 21,1911110,2019-09-06 19:51:56:853,-0.1224,0.0569,9.8985,-0.0006,-0.0033,9.8066,0.0011,-0.0088,-0.0039,4.19,-35.25,24.38,47.38,-83.05,-149.67
52.414223,-1.531306,145.76,3.29,3,223.84,20 / 21,1911210,2019-09-06 19:51:56:953,0.0307,-0.0412,9.827,-0.0002,-0.0023,9.8066,0.0069,-0.0045,-0.0101,4.75,-35.37,24.63,49.06,-83.06,-149.69
52.414223,-1.531306,145.76,3.29,3,223.84,20 / 21,1911310,2019-09-06 19:51:57:053,-0.0917,-0.2881,9.8436,0.0009,-0.0022,9.8066,0.0028,0.0113,0.0066,5.06,-35.69,24.31,50.21,-83.05,-149.65
52.414223,-1.531306,145.76,3.29,3,223.84,20 / 21,1911409,2019-09-06 19:51:57:152,-0.0663,0.0302,9.9172,0.001,-0.0006,9.8066,-0.0037,0.0076,0.0111,4.69,-34.81,24.63,49.05,-83.05,-149.71
52.414223,-1.531306,145.76,3.29,3,223.84,20 / 21,1911510,2019-09-06 19:51:57:253,-0.0035,-0.0193,9.8653,-0.0013,-0.0016,9.8066,0.0033,0.013,0.0063,4.44,-35,24.06,47.29,-83.04,-149.77
52.414223,-1.531306,145.76,3.29,3,223.84,20 / 21,1911609,2019-09-06 19:51:57:352,-0.1205,-0.2444,9.8075,0.001,-0.0013,9.8066,-0.0159,-0.0074,-0.0029,4.5,-34.81,24.63,49.05,-83.04,-149.72
52.414223,-1.531306,145.76,3.29,3,223.84,20 / 21,1911709,2019-09-06 19:51:57:452,-0.082,-0.057,9.9636,-0.0007,-0.0034,9.8066,-0.0047,-0.0176,0.001,4.56,-35,24.63,48.86,-83.03,-149.9
52.414223,-1.531306,145.76,3.29,3,223.84,20 / 21,1911809,2019-09-06 19:51:57:552,-0.0628,-0.0729,9.8316,0.0012,0.0022,9.8066,0.014,-0.0133,-0.0072,4.94,-35.37,24.63,48.93,-83.05,-149.82
52.414223,-1.531306,145.76,3.29,3,223.84,20 / 21,1911910,2019-09-06 19:51:57:653,-0.0628,-0.1405,9.7469,-0.0014,0.0002,9.8066,0.0303,-0.0131,0.0002,4.94,-34.81,24.63,48.96,-83.02,-149.82
52.414223,-1.531306,145.76,3.29,3,223.84,20 / 21,1912009,2019-09-06 19:51:57:752,-0.0211,0.0392,9.9985,-0.0009,-0.0025,9.8066,0.0025,0.0136,0.0015,4.88,-34.81,24.13,49.76,-83.01,-149.87
52.414223,-1.531306,145.76,3.29,3,223.84,20 / 21,1912110,2019-09-06 19:51:57:853,-0.051,-0.0605,9.8853,-0.001,-0.0021,9.8066,0.0107,0.012,0.0149,5.13,-35,24.63,48.87,-83,-149.92
52.414223,-1.531306,145.76,3.29,3,223.84,20 / 21,1912210,2019-09-06 19:51:57:953,-0.0712,0.1201,9.7792,0.0005,0,9.8066,0.0074,0.0119,0.0017,5.19,-34.62,24.5,48.83,-83,-149.97
52.414223,-1.531306,145.76,3.29,3,223.84,20 / 21,1912310,2019-09-06 19:51:58:053,-0.0539,-0.1513,9.907,-0.0012,0.0032,9.8066,0.0028,-0.0061,0.0151,4.69,-34.81,23.75,49.74,-82.98,-149.92
52.414223,-1.531306,145.76,3.29,3,223.84,20 / 21,1912410,2019-09-06 19:51:58:153,-0.0242,0.0903,9.8263,0.0012,-0.0021,9.8065,0.0075,-0.0093,-0.0073,4.44,-34.62,24,46.98,-82.97,-150.12
52.414223,-1.531306,145.76,3.29,3,223.84,20 / 21,1912509,2019-09-06 19:51:58:252,-0.0641,-0.1097,9.7589,0,0.0005,9.8066,-0.0089,-0.0171,0,4.56,-34.75,24.63,48.51,-82.96,-150.28
52.414223,-1.531306,145.76,3.29,3,223.84,20 / 21,1912610,2019-09-06 19:51:58:353,0.0264,-0.0331,9.9584,-0.0032,-0.0069,9.8066,0.0058,-0.0181,0.0009,4.44,-35.06,24.25,46.79,-82.94,-150.32
52.414223,-1.531306,145.76,3.29,3,223.84,20 / 21,1912710,2019-09-06 19:51:58:453,0.0506,0.1484,9.8161,-0.0019,-0.0052,9.8066,-0.0185,-0.0121,0.0001,4.5,-35.25,24.63,48.55,-82.93,-150.28
52.414223,-1.531306,145.76,3.29,3,223.84,20 / 21,1912809,2019-09-06 19:51:58:552,-0.0968,0.0245,9.804,0.0014,0.0053,9.8066,0.0297,0.0022,-0.0047,4.69,-35.19,24.69,48.68,-82.97,-150.12
52.414223,-1.531306,145.76,3.29,3,223.84,20 / 21,1912910,2019-09-06 19:51:58:653,-0.08,-0.2306,9.9665,-0.0014,-0.004,9.8066,0.0001,0.0057,0.01,4.38,-34.87,24.56,46.2,-82.95,-150.16
52.414223,-1.531306,145.76,3.29,3,223.84,20 / 21,1913009,2019-09-06 19:51:58:752,-0.0148,-0.1341,9.8776,-0.0014,-0.004,9.8066,-0.0118,0.0086,0.0085,4.63,-34.69,24.13,49.47,-82.95,-150.21
52.414223,-1.531306,145.76,3.29,3,223.84,20 / 21,1913110,2019-09-06 19:51:58:853,-0.0009,0.1742,9.8145,0.0008,-0.0021,9.8065,-0.0235,-0.0046,0.0008,4.88,-34.75,24.31,49.31,-82.95,-150.35
52.414223,-1.531306,145.76,3.29,3,223.84,20 / 21,1913209,2019-09-06 19:51:58:952,0.0256,-0.1031,9.9148,-0.0015,0.0005,9.8066,0.0202,-0.0097,0.0047,4.25,-34.81,23.88,46.95,-82.97,-150.15
52.414223,-1.531306,145.76,3.29,3,223.84,20 / 21,1913309,2019-09-06 19:51:59:052,0.0147,-0.026,9.8546,0.0014,0.0032,9.8066,0.0028,-0.0231,-0.0026,4.81,-34.87,24,49.44,-82.96,-150.22
52.414223,-1.531306,145.76,3.29,3,223.84,20 / 21,1913409,2019-09-06 19:51:59:152,-0.0516,0.0594,9.8911,0.0003,0.0013,9.8066,0.0173,-0.0122,0.0019,4.56,-34.94,24.19,49.48,-82.96,-150.18
52.414223,-1.531306,145.76,3.29,3,223.84,20 / 21,1913510,2019-09-06 19:51:59:253,0.0463,-0.1126,9.8727,0.0006,0.003,9.8066,0.003,0.0024,-0.0033,4.88,-35,24.06,49.53,-82.96,-150.13
52.414223,-1.531306,145.76,3.29,3,223.84,20 / 21,1913609,2019-09-06 19:51:59:352,0.0086,-0.0274,9.8846,-0.0014,-0.0021,9.8066,0.0113,0.0082,0.015,4.44,-35.56,24.13,47.17,-82.96,-150.19
52.414223,-1.531306,145.76,3.29,3,223.84,20 / 21,1913710,2019-09-06 19:51:59:453,-0.0011,0.1351,9.9121,0.0008,-0.0001,9.8065,-0.0157,0.0088,-0.0011,4.25,-35,24.38,46.86,-82.95,-150.25
52.414223,-1.531306,145.76,3.29,3,223.84,20 / 21,1913809,2019-09-06 19:51:59:552,-0.0057,-0.1698,9.8324,0.0001,0,9.8066,-0.0091,-0.0069,0.0043,4.19,-35.19,24.5,46.06,-82.95,-150.29
52.414223,-1.531306,145.76,3.29,3,223.84,20 / 21,1913910,2019-09-06 19:51:59:653,0.0445,-0.0693,9.9283,0.0013,0.0004,9.8066,-0.0192,-0.0169,-0.0073,4.5,-34.56,24.56,48.5,-82.94,-150.31
52.414223,-1.531306,145.76,3.29,3,223.84,20 / 21,1914009,2019-09-06 19:51:59:752,-0.0246,0.158,9.9249,-0.0016,0.0012,9.8066,0.0143,-0.0138,-0.0005,4.38,-34.94,24.69,46.01,-82.93,-150.36
52.414223,-1.531306,145.76,3.29,3,223.84,20 / 21,1914110,2019-09-06 19:51:59:853,0.021,-0.1524,9.7892,0.0009,0.0023,9.8066,0.0066,-0.0027,-0.0057,4.56,-34.62,24.5,48.5,-82.94,-150.32
52.414223,-1.531306,145.76,3.29,3,223.84,20 / 21,1914209,2019-09-06 19:51:59:952,0.013,-0.1024,9.9053,-0.0027,-0.0031,9.8066,0.0057,0.0091,0.0125,4.63,-35.37,24.25,49.38,-82.93,-150.3
52.414223,-1.531306,145.76,3.29,3,223.84,20 / 21,1914310,2019-09-06 19:52:00:053,0.0322,0.1337,9.9638,0.0006,-0.0011,9.8066,-0.0071,0.0124,-0.0019,4.63,-34.94,24.38,49.33,-82.91,-150.37
52.414223,-1.531306,145.76,3.29,3,223.84,20 / 21,1914409,2019-09-06 19:52:00:152,0.044,-0.0713,9.8374,-0.0002,-0.0003,9.8066,0.0024,-0.0062,0.0108,4.31,-34.94,24.38,46.79,-82.91,-150.36
52.414223,-1.531306,145.76,3.29,3,223.84,20 / 21,1914509,2019-09-06 19:52:00:252,0.0546,-0.1342,9.9203,0.0015,0.0006,9.8066,-0.0118,-0.0097,-0.0082,4.44,-34.94,23.75,46.7,-82.92,-150.42
52.414223,-1.531306,145.76,3.29,3,223.84,20 / 21,1914610,2019-09-06 19:52:00:353,-0.0144,0.1136,9.9133,-0.0015,-0.0004,9.8065,0.0187,-0.0172,0.007,4.63,-34.87,24.69,48.39,-82.9,-150.46
52.414223,-1.531306,145.76,3.29,3,223.84,20 / 21,1914710,2019-09-06 19:52:00:453,0.0468,-0.1343,9.8142,0.0015,0.0009,9.8066,0.0018,-0.0002,-0.008,4.63,-35.25,24.19,49.22,-82.91,-150.46
52.414223,-1.531306,145.76,3.29,3,223.84,20 / 21,1914810,2019-09-06 19:52:00:553,0.0886,-0.0485,9.9129,-0.0031,-0.0019,9.8066,0.0123,-0.0004,0.0148,4.38,-34.81,24.38,46.69,-82.93,-150.43
52.414223,-1.531306,145.76,3.29,3,223.84,20 / 21,1914911,2019-09-06 19:52:00:654,-0.018,0.078,9.9403,-0.0002,-0.0009,9.8066,-0.0117,0.0114,0.0091,4.38,-34.75,24.63,45.98,-82.89,-150.42
52.414223,-1.531306,145.76,3.29,3,223.84,20 / 21,1915010,2019-09-06 19:52:00:753,-0.0085,-0.0501,9.7466,0.0002,0.0007,9.8066,-0.0064,-0.0083,0.0031,4.5,-34.81,24.63,48.48,-82.9,-150.38
52.414223,-1.531306,145.76,3.29,3,223.84,20 / 21,1915110,2019-09-06 19:52:00:853,0.0176,-0.2064,9.8974,0.0015,0.0002,9.8066,-0.0111,-0.0125,-0.0055,5,-34.94,24.31,49.21,-82.9,-150.49
52.414223,-1.531306,145.76,3.29,3,223.84,20 / 21,1915209,2019-09-06 19:52:00:952,0.0198,0.0608,9.9669,-0.0004,-0.0004,9.8066,0.0159,-0.0279,0.0014,4.63,-34.81,23.88,49.06,-82.9,-150.62
52.414223,-1.531306,145.76,3.29,3,223.84,20 / 21,1915309,2019-09-06 19:52:01:052,0.0368,-0.1005,9.7894,-0.0003,-0.0028,9.8066,0.0045,-0.0076,-0.017,4.75,-34.69,24.81,48.21,-82.91,-150.61
52.414223,-1.531306,145.76,3.29,3,223.84,20 / 21,1915410,2019-09-06 19:52:01:153,-0.0194,-0.2824,9.9112,-0.0023,-0.0034,9.8066,0.0062,-0.0104,0.0091,4.19,-35.06,24.69,45.81,-82.9,-150.57
52.414223,-1.531306,145.76,3.29,3,223.84,20 / 21,1915510,2019-09-06 19:52:01:253,0.0803,0.0697,9.9701,-0.0005,-0.0039,9.8066,-0.0058,0.015,-0.0009,4.75,-34.94,24,49.04,-82.88,-150.66
52.414223,-1.531306,145.76,3.29,3,223.84,20 / 21,1915610,2019-09-06 19:52:01:353,0.0012,-0.0424,9.811,0.0006,0.0028,9.8066,-0.0068,0.0076,0.0149,4.81,-35.06,24.38,49.06,-82.89,-150.63
52.414223,-1.531306,145.76,3.29,3,223.84,20 / 21,1915709,2019-09-06 19:52:01:452,-0.0525,-0.2828,9.8457,0.0015,0.0018,9.8066,-0.0089,0.0114,-0.0021,4.56,-35.19,24.19,49,-82.89,-150.69
52.414223,-1.531306,145.76,3.29,3,223.84,20 / 21,1915811,2019-09-06 19:52:01:554,-0.0298,0.1054,9.7598,-0.0009,0.0002,9.8066,0.0052,-0.0147,0.0072,4.75,-35.44,24.75,48.12,-82.88,-150.72
52.414223,-1.531306,145.76,3.29,3,223.84,20 / 21,1915909,2019-09-06 19:52:01:652,0.0285,-0.1772,9.7983,0.0013,-0.0012,9.8066,0.009,-0.0024,-0.0102,4.69,-34.87,24.69,48,-82.87,-150.84
52.414223,-1.531306,145.76,3.29,3,223.84,20 / 21,1916010,2019-09-06 19:52:01:753,0.0621,-0.0722,9.9175,-0.0009,-0.0018,9.8066,0.001,-0.0117,0.0024,4.44,-34.31,24.56,45.35,-82.87,-150.8
52.414223,-1.531306,145.76,3.29,3,223.84,20 / 21,1916109,2019-09-06 19:52:01:852,-0.0431,0.115,9.7281,-0.0005,-0.0026,9.8066,-0.0024,0.0094,-0.0076,4.56,-35.31,24.31,48.87,-82.85,-150.84
52.414223,-1.531306,145.76,3.29,3,223.84,20 / 21,1916209,2019-09-06 19:52:01:952,0.0131,-0.1407,9.8074,0.0005,0.0029,9.8066,0.0026,-0.0006,0.0157,5,-34.5,24.06,48.74,-82.86,-150.73
52.414223,-1.531306,145.76,3.29,3,223.84,20 / 21,1916310,2019-09-06 19:52:02:053,0.0688,-0.0545,9.9297,-0.0011,-0.0037,9.8066,-0.0137,0.0129,-0.0009,4.94,-34.87,24.31,48.89,-82.86,-150.82
52.414223,-1.531306,145.76,3.29,3,223.84,20 / 21,1916410,2019-09-06 19:52:02:153,-0.0956,0.0563,9.7743,0.0009,-0.0032,9.8066,0.003,-0.0183,-0.0003,4.19,-35.12,24.5,45.37,-82.85,-151
52.414223,-1.531306,145.76,3.29,3,223.84,20 / 21,1916509,2019-09-06 19:52:02:252,0.0493,-0.0863,9.7925,-0.0002,0.0013,9.8066,0.0029,-0.0067,-0.0057,4.63,-35.25,23.94,48.8,-82.84,-150.92
52.414223,-1.531306,145.76,3.29,3,223.84,20 / 21,1916609,2019-09-06 19:52:02:352,-0.0108,-0.1416,9.8836,0.0013,0.0022,9.8066,-0.0008,-0.0229,-0.0062,4.81,-35,24.31,48.78,-82.85,-150.93
52.414223,-1.531306,145.76,3.29,3,223.84,20 / 21,1916709,2019-09-06 19:52:02:452,-0.0672,0.1055,9.7703,0.0001,0.0004,9.8066,-0.0046,0.0013,-0.0106,4.31,-34.87,24.81,45.48,-82.83,-150.93
52.414223,-1.531306,145.76,3.29,3,223.84,20 / 21,1916810,2019-09-06 19:52:02:553,0.0011,-0.1003,9.7812,0.0012,0.0011,9.8066,0.0025,0.0024,0.0086,4.38,-35.06,24.19,46.16,-82.84,-150.99
52.414223,-1.531306,145.76,3.29,3,223.84,20 / 21,1916910,2019-09-06 19:52:02:653,-0.0389,-0.2674,9.8478,-0.0003,-0.0027,9.8066,0.0045,0.0155,0.0071,4.5,-34.81,24.69,47.87,-82.83,-150.99
52.414223,-1.531306,145.76,3.29,3,223.84,20 / 21,1917010,2019-09-06 19:52:02:753,-0.07,0.1226,9.8612,-0.0001,-0.0041,9.8066,-0.0061,0.0128,0.0068,4.38,-34.69,24.63,45.23,-82.82,-151.16
52.414223,-1.531306,145.76,3.29,3,223.84,20 / 21,1917109,2019-09-06 19:52:02:852,-0.0508,-0.0293,9.7937,0.001,0.0041,9.8066,0.0133,0.0006,-0.0008,4.63,-35.31,24.25,48.65,-82.83,-151.06
52.414223,-1.531306,145.76,3.29,3,223.84,20 / 21,1917209,2019-09-06 19:52:02:952,0.0702,-0.0834,9.9306,0.0007,0.0039,9.8066,-0.0178,-0.0151,-0.0069,4.88,-35.25,24.75,47.69,-82.84,-151.15
52.414223,-1.531306,145.76,3.29,3,223.84,20 / 21,1917309,2019-09-06 19:52:03:052,-0.1167,0.09,9.7713,0.0006,-0.0019,9.8066,-0.0034,-0.0229,-0.0034,4.88,-35.19,24.44,48.55,-82.82,-151.16
52.414223,-1.531306,145.76,3.29,3,223.84,20 / 21,1917409,2019-09-06 19:52:03:152,-0.0106,-0.0697,9.9087,-0.0014,-0.0039,9.8066,0.0072,-0.0039,-0.0114,4.63,-34.81,24.5,47.66,-82.82,-151.19
52.414223,-1.531306,145.76,3.29,3,223.84,20 / 21,1917510,2019-09-06 19:52:03:253,-0.0877,0.1214,9.8612,0.0009,0.0009,9.8066,0.015,-0.0061,0,4.38,-35.12,24.94,45.22,-82.83,-151.16
52.414223,-1.531306,145.76,3.29,3,223.84,20 / 21,1917609,2019-09-06 19:52:03:352,-0.0376,-0.0445,9.679,-0.0013,-0.002,9.8066,-0.0036,0.0156,0.0025,4.63,-35.19,23.81,48.51,-82.83,-151.19
52.414223,-1.531306,145.76,3.29,3,223.84,20 / 21,1917711,2019-09-06 19:52:03:454,-0.0274,0.0066,9.9195,0.0004,0.0001,9.8066,0.0021,0.011,0.0134,4.81,-34.81,24.69,47.69,-82.83,-151.16
52.414223,-1.531306,145.76,3.29,3,223.84,20 / 21,1917809,2019-09-06 19:52:03:552,-0.0517,0.1539,9.9277,-0.0002,0.0011,9.8066,-0.0096,0.0123,0.0048,4.81,-35.06,24.19,48.5,-82.82,-151.21
52.414223,-1.531306,145.76,3.29,3,223.84,20 / 21,1917910,2019-09-06 19:52:03:653,-0.0474,0.0764,9.7589,-0.0002,-0.0025,9.8066,-0.013,-0.0059,0.0053,4.63,-35.37,24.5,47.64,-82.81,-151.22
52.414223,-1.531306,145.76,3.29,3,223.84,20 / 21,1918010,2019-09-06 19:52:03:753,0.0126,-0.0366,9.8549,0.0002,0.0032,9.8066,0.0126,-0.0136,-0.0076,3.94,-34.87,24,45.97,-82.81,-151.19
52.414223,-1.531306,145.76,3.29,3,223.84,20 / 21,1918109,2019-09-06 19:52:03:852,-0.008,0.127,9.9634,0.0011,0.0004,9.8066,0.0126,-0.0164,-0.0057,4.31,-35.12,23.69,46.09,-82.81,-151.08
52.414223,-1.531306,145.76,3.29,3,223.84,20 / 21,1918210,2019-09-06 19:52:03:953,-0.0885,0.1463,9.8208,-0.0007,-0.0011,9.8066,0.0022,-0.0034,-0.0107,4.75,-35,24.5,47.7,-82.82,-151.16
52.414223,-1.531306,145.76,3.29,3,223.84,20 / 21,1918310,2019-09-06 19:52:04:053,-0.066,-0.0187,9.7991,0.0009,-0.0005,9.8066,-0.0021,-0.0074,0.0082,4.63,-35.31,24.13,48.43,-82.82,-151.26
52.414223,-1.531306,145.76,3.29,3,223.84,20 / 21,1918409,2019-09-06 19:52:04:152,0.0959,0.0582,9.9732,-0.0011,-0.0007,9.8066,0.0102,0.0165,0.0067,4.44,-35.12,23.81,45.91,-82.81,-151.23
52.414223,-1.531306,145.76,3.29,3,223.84,20 / 21,1918510,2019-09-06 19:52:04:253,-0.112,0.1399,9.8729,-0.0011,-0.002,9.8066,-0.0049,0.0029,0.0128,4,-34.94,24.19,45.85,-82.81,-151.29
52.414223,-1.531306,145.76,3.29,3,223.84,20 / 21,1918609,2019-09-06 19:52:04:352,-0.0457,0.077,9.79,-0.0012,-0.0031,9.8066,0.0054,0.0023,-0.0018,4.56,-34.81,24.38,48.42,-82.8,-151.3
52.414223,-1.531306,145.76,3.29,3,223.84,20 / 21,1918710,2019-09-06 19:52:04:453,0.0949,0.0242,9.9397,0.0003,0.0016,9.8066,0.0091,-0.0181,-0.0023,4.38,-34.87,24.44,45.81,-82.81,-151.33
52.414223,-1.531306,145.76,3.29,3,223.84,20 / 21,1918810,2019-09-06 19:52:04:553,-0.0139,0.1715,9.9056,0.0009,0.0039,9.8066,0.0038,-0.0146,-0.0028,4.56,-35.31,23.94,48.41,-82.82,-151.29
52.414223,-1.531306,145.76,3.29,3,223.84,20 / 21,1918910,2019-09-06 19:52:04:653,-0.0444,0.0346,9.7991,-0.0016,-0.0042,9.8066,-0.0104,-0.0198,-0.0051,4.81,-34.75,24.75,47.51,-82.81,-151.34
52.414223,-1.531306,145.76,3.29,3,223.84,20 / 21,1919010,2019-09-06 19:52:04:753,0.1247,-0.0008,9.905,-0.0008,-0.0001,9.8066,0.0136,0.0018,0.0003,4.44,-34.75,24.5,45.1,-82.8,-151.29
52.414223,-1.531306,145.76,3.29,3,223.84,20 / 21,1919109,2019-09-06 19:52:04:852,-0.086,0.0493,9.9652,-0.0007,-0.0017,9.8066,0.0011,0.0047,0.0088,4.44,-34.56,23.75,45.69,-82.81,-151.43
52.414223,-1.531306,145.76,3.29,3,223.84,20 / 21,1919210,2019-09-06 19:52:04:953,0.0414,0.1235,9.7862,0.0006,0.0029,9.8066,0.0071,0.0036,0.0194,5.06,-34.5,23.75,47.95,-82.79,-151.5
52.414223,-1.531306,145.76,3.29,3,223.84,20 / 21,1919310,2019-09-06 19:52:05:053,0.1399,0.0426,9.9034,-0.0011,0.001,9.8066,-0.001,-0.001,0.0004,4.44,-35,24.5,44.99,-82.79,-151.4
52.414223,-1.531306,145.76,3.29,3,223.84,20 / 21,1919410,2019-09-06 19:52:05:153,0.01,0.1008,9.9675,0.0015,0.0038,9.8066,0.0112,-0.0145,-0.0009,4.63,-35.06,23.63,48.38,-82.78,-151.35
52.414223,-1.531306,145.76,3.29,3,223.84,20 / 21,1919509,2019-09-06 19:52:05:252,-0.0723,0.1129,9.8138,0.0004,-0.0022,9.8066,-0.0028,-0.022,0.0003,4.63,-35.19,23.88,48.26,-82.78,-151.47
52.414223,-1.531306,145.76,3.29,3,223.84,20 / 21,1919610,2019-09-06 19:52:05:353,0.0876,-0.1901,9.8365,-0.0002,0.0001,9.8066,0.015,-0.0144,-0.0009,4.75,-35.06,24.25,48.35,-82.78,-151.38
52.414223,-1.531306,145.76,3.29,3,223.84,20 / 21,1919709,2019-09-06 19:52:05:452,0.0493,0.1104,9.9443,-0.002,-0.004,9.8065,-0.0051,0.0004,-0.004,4.31,-34.5,24.88,44.8,-82.8,-151.36
52.414223,-1.531306,145.76,3.29,3,223.84,20 / 21,1919809,2019-09-06 19:52:05:552,0.0448,0.1379,9.8486,0.0009,-0.0036,9.8066,0.0094,0.0211,0.0143,5.19,-34.87,24.44,48.16,-82.77,-151.56
52.414223,-1.531306,145.76,3.29,3,223.84,20 / 21,1919909,2019-09-06 19:52:05:652,-0.0069,-0.2531,9.7409,0.0001,0.0004,9.8066,-0.0182,0.0191,0.0061,4.38,-34.94,23.88,45.6,-82.77,-151.56
52.414223,-1.531306,145.76,3.29,3,223.84,20 / 21,1920010,2019-09-06 19:52:05:753,-0.0607,-0.1136,9.9093,-0.0003,0.0017,9.8066,0.0016,-0.0078,0.0069,4.63,-34.69,24.13,48.26,-82.77,-151.47
52.414223,-1.531306,145.76,3.29,3,223.84,20 / 21,1920109,2019-09-06 19:52:05:852,0.0877,0.1579,9.9157,-0.0012,-0.0012,9.8066,-0.0129,-0.0067,-0.0047,4,-34.75,24.13,45.66,-82.76,-151.51
52.414223,-1.531306,145.76,3.29,3,223.84,20 / 21,1920210,2019-09-06 19:52:05:953,0.0863,-0.2053,9.8595,0.0008,0.0008,9.8065,0.0095,-0.0262,-0.0026,4.69,-34.69,24.31,48.27,-82.77,-151.47
52.414223,-1.531306,145.76,3.29,3,223.84,20 / 21,1920310,2019-09-06 19:52:06:053,-0.0384,0.002,9.8389,-0.0006,0.0002,9.8066,0.0052,-0.0157,-0.0119,4.69,-34.75,24.06,48.27,-82.76,-151.48
52.414223,-1.531306,145.76,3.29,3,223.84,19 / 20,1920409,2019-09-06 19:52:06:152,0.0652,0.2416,9.8323,0.002,0.002,9.8066,-0.0027,-0.0056,0.0026,4.63,-35.25,24.44,48.27,-82.77,-151.46
52.414223,-1.531306,145.76,3.29,3,223.84,19 / 20,1920510,2019-09-06 19:52:06:253,0.0183,-0.2361,9.8682,-0.001,-0.0027,9.8066,-0.0082,0.0132,-0.0029,5.06,-34.37,24.56,47.05,-82.75,-151.6
52.414223,-1.531306,145.76,3.29,3,223.84,19 / 20,1920610,2019-09-06 19:52:06:353,-0.0474,-0.0297,9.8366,0.0016,0.0012,9.8066,-0.0008,0.0006,0.0144,4.63,-34.75,24.38,48.1,-82.77,-151.62
52.414223,-1.531306,145.76,3.29,3,223.84,19 / 20,1920710,2019-09-06 19:52:06:453,0.0762,0.146,9.859,-0.001,-0.0021,9.8066,-0.012,0.0057,-0.006,4.31,-34.94,24.13,45.52,-82.74,-151.65
52.414223,-1.531306,145.76,3.29,3,223.84,19 / 20,1920809,2019-09-06 19:52:06:552,0.0782,-0.1549,9.8361,0,-0.0023,9.8066,0.0083,-0.0236,-0.0023,4.75,-34.44,24.06,47.8,-82.75,-151.68
52.414223,-1.531306,145.76,3.29,3,223.84,19 / 20,1920909,2019-09-06 19:52:06:652,-0.0843,-0.0186,9.8304,-0.0001,0.0016,9.8066,0.001,-0.0124,-0.0158,4.19,-34.69,24.25,45.57,-82.73,-151.62
52.414223,-1.531306,145.76,3.29,3,223.84,19 / 20,1921010,2019-09-06 19:52:06:753,0.0827,0.1883,9.8633,0.0028,0.0009,9.8066,0.0038,-0.0025,0.0061,4.88,-35.25,24,48.07,-82.76,-151.65
52.414223,-1.531306,145.76,3.29,3,223.84,19 / 20,1921110,2019-09-06 19:52:06:853,0.0447,-0.1813,9.8249,-0.0015,-0.0006,9.8066,-0.0065,0.0089,-0.0009,4.63,-35.56,24.63,47.36,-82.74,-151.75
52.414223,-1.531306,145.76,3.29,3,223.84,19 / 20,1921209,2019-09-06 19:52:06:952,-0.0152,-0.0003,9.841,0.0017,0.0024,9.8066,-0.0047,-0.0016,0.0101,4.63,-34.69,24.13,47.98,-82.76,-151.73
52.414223,-1.531306,145.76,3.29,3,223.84,19 / 20,1921310,2019-09-06 19:52:07:053,0.048,0.1659,9.8404,-0.0009,-0.0026,9.8066,-0.0127,-0.005,-0.0009,5.25,-34.44,24.63,46.82,-82.74,-151.81
52.414223,-1.531306,145.76,3.29,3,223.84,20 / 21,1921409,2019-09-06 19:52:07:152,0.0582,-0.1409,9.7918,0.0006,-0.0014,9.8066,0.0023,-0.0202,-0.0023,4.88,-35.12,24.69,47.05,-82.76,-151.8
52.414223,-1.531306,145.76,3.29,3,223.84,20 / 21,1921510,2019-09-06 19:52:07:253,-0.0523,-0.0688,9.8717,0,0.0022,9.8066,0.0081,-0.0126,-0.0127,4.69,-34.69,24.56,47.09,-82.75,-151.77
52.414223,-1.531306,145.76,3.29,3,223.84,20 / 21,1921609,2019-09-06 19:52:07:352,0.0251,0.1362,9.8137,0.0021,0.0013,9.8066,0.0021,-0.0084,0.0048,4.75,-34.69,24.38,47.92,-82.77,-151.77
52.414223,-1.531306,145.76,3.29,3,223.84,20 / 21,1921710,2019-09-06 19:52:07:453,0.0604,-0.1726,9.8376,-0.001,-0.0007,9.8066,-0.0012,0.0145,-0.0063,4.44,-35.06,24.13,45.37,-82.75,-151.77
52.414223,-1.531306,145.76,3.29,3,223.84,20 / 21,1921809,2019-09-06 19:52:07:552,-0.0445,0.0451,9.9206,0.002,0.0018,9.8066,-0.0101,0.0061,0.0098,4.94,-35.5,24.38,47.81,-82.78,-151.85
52.414223,-1.531306,145.76,3.29,3,223.84,20 / 21,1921910,2019-09-06 19:52:07:653,0.055,0.1934,9.8103,-0.002,-0.0017,9.8066,-0.0173,0.0039,-0.0014,4.94,-35.06,24.88,46.96,-82.75,-151.88
52.414223,-1.531306,145.76,3.29,3,223.84,20 / 21,1922010,2019-09-06 19:52:07:753,0.0373,-0.2335,9.8303,-0.0001,-0.0017,9.8066,0.0085,-0.0147,-0.001,4.31,-34.69,24.69,44.48,-82.76,-151.87
52.414223,-1.531306,145.76,3.29,3,223.84,20 / 21,1922110,2019-09-06 19:52:07:853,-0.0002,0.0838,9.8967,-0.0006,0.0019,9.8066,0.0071,-0.0097,-0.0079,4.94,-34.69,24.69,46.97,-82.75,-151.87
52.414223,-1.531306,145.76,3.29,3,223.84,20 / 21,1922210,2019-09-06 19:52:07:953,0.039,0.1316,9.824,0.0008,0.0006,9.8066,-0.0067,-0.0132,0.0026,4.63,-35,24.31,47.94,-82.76,-151.77
52.414223,-1.531306,145.76,3.29,3,223.84,20 / 21,1922309,2019-09-06 19:52:08:052,0.0604,-0.1838,9.7864,-0.0007,-0.0003,9.8066,-0.0072,0.017,-0.007,4.88,-35.56,24.56,47.38,-82.75,-151.72
52.414223,-1.531306,145.76,3.29,3,223.84,20 / 21,1922410,2019-09-06 19:52:08:153,0.0562,0.0258,9.7982,0.0002,0.0003,9.8066,0.0034,0.004,0.0148,4.75,-34.94,24.94,47.08,-82.76,-151.77
52.414223,-1.531306,145.76,3.29,3,223.84,20 / 21,1922509,2019-09-06 19:52:08:252,-0.0376,-0.1284,9.8613,-0.0014,-0.001,9.8065,-0.0069,0.0051,-0.0052,4.63,-35,24.94,47.13,-82.74,-151.74
52.414223,-1.531306,145.76,3.29,3,223.84,20 / 21,1922610,2019-09-06 19:52:08:353,0.1009,0.0415,9.9593,0.0009,-0.0004,9.8066,0.009,-0.023,0.0029,4.44,-35.19,24.06,45.36,-82.75,-151.78
52.414223,-1.531306,145.76,3.29,3,223.84,20 / 21,1922711,2019-09-06 19:52:08:454,0.0229,-0.0141,9.829,-0.0004,0.0004,9.8066,0.0055,-0.0114,-0.0094,4.31,-35.25,24.31,45.39,-82.75,-151.76
52.414223,-1.531306,145.76,3.29,3,223.84,20 / 21,1922810,2019-09-06 19:52:08:553,-0.0629,-0.2278,9.8639,0.0002,0,9.8066,-0.0025,-0.0076,0.0069,4.31,-34.69,24.31,45.43,-82.75,-151.72
52.414223,-1.531306,145.76,3.29,3,223.84,20 / 21,1922910,2019-09-06 19:52:08:653,0.0853,0.116,9.956,-0.0008,-0.0007,9.8066,-0.0123,0.0119,-0.0025,4.44,-34.87,24.5,44.69,-82.74,-151.72
52.414223,-1.531306,145.76,3.29,3,223.84,20 / 21,1923010,2019-09-06 19:52:08:753,0.0196,0.0083,9.8119,0.0005,0.0003,9.8066,-0.0051,0.0176,0.0118,4.75,-35.75,24.81,47.42,-82.75,-151.7
52.414223,-1.531306,145.76,3.29,3,223.84,20 / 21,1923110,2019-09-06 19:52:08:853,-0.0287,-0.1775,9.8243,-0.0002,-0.0008,9.8066,-0.005,0.0117,-0.0021,4.75,-34.81,24.31,48.03,-82.74,-151.71
52.414223,-1.531306,145.76,3.29,3,223.84,20 / 21,1923216,2019-09-06 19:52:08:959,0.0948,-0.0171,9.9424,0,0.0017,9.8066,0.0055,-0.0198,0.003,5.06,-34.87,24.88,47.15,-82.74,-151.73
52.414223,-1.531306,145.76,3.29,3,223.84,20 / 21,1923310,2019-09-06 19:52:09:053,0.0333,0.0386,9.8244,-0.0001,0.0018,9.8066,0.0084,-0.0123,-0.0131,5,-35.62,24.81,47.45,-82.74,-151.67
52.414223,-1.531306,145.76,3.29,3,223.84,20 / 21,1923410,2019-09-06 19:52:09:153,-0.1172,-0.2653,9.8257,0.0015,0.0025,9.8066,-0.0065,-0.0175,-0.0021,4.75,-34.81,24.38,48.1,-82.76,-151.62
52.414223,-1.531306,145.76,3.29,3,223.84,20 / 21,1923510,2019-09-06 19:52:09:253,0.1342,-0.0103,9.8852,-0.0004,-0.001,9.8066,-0.0068,0.0074,-0.0068,4.56,-35,24.69,47.26,-82.75,-151.63
52.414223,-1.531306,145.76,3.29,3,223.84,20 / 21,1923609,2019-09-06 19:52:09:352,0.0208,0.0185,9.8563,0.0002,-0.0002,9.8066,0.0069,0.0025,0.0095,4.81,-34.56,23.69,48.07,-82.76,-151.66
52.414223,-1.531306,145.76,3.29,3,223.84,20 / 21,1923710,2019-09-06 19:52:09:453,-0.0607,-0.066,9.7874,0.0003,-0.0019,9.8066,-0.0006,0.0162,0.0047,5.13,-34.81,24.31,47.98,-82.75,-151.74
52.414223,-1.531306,145.76,3.29,3,223.84,20 / 21,1923809,2019-09-06 19:52:09:552,0.0742,-0.1984,9.8325,-0.0001,-0.001,9.8066,-0.0096,0,0.0102,4.88,-34.56,24.44,47.92,-82.75,-151.8
52.414223,-1.531306,145.76,3.29,3,223.84,20 / 21,1923910,2019-09-06 19:52:09:653,0.0154,0.1045,9.9521,0.0003,0.0027,9.8066,0.0043,-0.0036,-0.002,4.88,-35.06,24.63,47.24,-82.76,-151.63
52.414223,-1.531306,145.76,3.29,3,223.84,20 / 21,1924009,2019-09-06 19:52:09:752,-0.1496,-0.0087,9.7822,0.0006,0.003,9.8066,-0.0176,-0.0106,-0.0092,4.44,-34.37,24.56,44.55,-82.76,-151.62
52.414223,-1.531306,145.76,3.29,3,223.84,20 / 21,1924110,2019-09-06 19:52:09:853,0.047,-0.1449,9.7478,0.0001,-0.001,9.8066,-0.0031,-0.0198,-0.0094,4.75,-34.94,24.56,47.31,-82.74,-151.59
52.414223,-1.531306,145.76,3.29,3,223.84,20 / 21,1924209,2019-09-06 19:52:09:952,-0.0233,-0.0492,9.9438,0.0003,-0.0021,9.8066,0.0108,-0.0085,-0.0048,4.63,-34.75,23.75,48.05,-82.75,-151.68
52.414223,-1.531306,145.76,3.29,3,223.84,20 / 21,1924310,2019-09-06 19:52:10:053,-0.1211,0.1325,9.7983,0.0015,0.0013,9.8066,0.0147,0.0037,0.0002,4.25,-35.06,23.88,45.61,-82.75,-151.57
52.414223,-1.531306,145.76,3.29,3,223.84,20 / 20,1924410,2019-09-06 19:52:10:153,0.0266,-0.0683,9.7289,0.0003,-0.0021,9.8066,0.0006,0.0076,0.0127,4.69,-35.19,24.38,48.04,-82.75,-151.69
52.414223,-1.531306,145.76,3.29,3,223.84,20 / 20,1924509,2019-09-06 19:52:10:252,0.0258,0.0493,9.9326,0.0001,0.0039,9.8066,0.007,0.0204,0.0069,4.5,-34.75,24.5,47.3,-82.77,-151.57
52.414223,-1.531306,145.76,3.29,3,223.84,20 / 20,1924610,2019-09-06 19:52:10:353,-0.1055,0.1115,9.8791,0.0012,0.0028,9.8066,-0.0186,-0.0032,-0.0016,4.94,-34.75,25.25,47.3,-82.76,-151.57
52.414223,-1.531306,145.76,3.29,3,223.84,20 / 20,1924710,2019-09-06 19:52:10:453,-0.0082,-0.0431,9.6978,-0.0004,-0.0038,9.8066,-0.0078,-0.0151,0.0005,4.81,-34.5,24.63,47.05,-82.75,-151.59
52.414223,-1.531306,145.76,3.29,3,223.84,20 / 20,1924809,2019-09-06 19:52:10:552,-0.045,-0.0616,9.9104,-0.0015,-0.0041,9.8066,0.0054,-0.0053,-0.0042,4.81,-34.81,24.88,47.32,-82.75,-151.57
52.414223,-1.531306,145.76,3.29,3,223.84,20 / 20,1924910,2019-09-06 19:52:10:653,-0.0332,0.233,9.8534,0.0008,0.0029,9.8066,0.0157,-0.007,0.0028,4.13,-34.5,24.63,44.69,-82.76,-151.49
52.414223,-1.531306,145.76,3.29,3,223.84,20 / 20,1925010,2019-09-06 19:52:10:753,-0.0405,-0.0997,9.7207,-0.0005,0.0005,9.8066,-0.0056,0.0166,0.0002,4.56,-35.56,24.19,48.54,-82.76,-151.47
52.414223,-1.531306,145.76,3.29,3,223.84,20 / 20,1925109,2019-09-06 19:52:10:852,-0.0042,0.0083,9.9388,0.0014,0.0016,9.8066,0.0021,0.0138,0.0096,4.56,-35.19,24.88,47.46,-82.77,-151.43
52.414223,-1.531306,145.76,3.29,3,223.84,20 / 20,1925210,2019-09-06 19:52:10:953,-0.0566,0.1843,9.9197,0.0014,0.004,9.8066,-0.0128,0.016,0.0041,4.56,-35.19,24.56,47.44,-82.77,-151.43
52.414223,-1.531306,145.76,3.29,3,223.84,20 / 20,1925310,2019-09-06 19:52:11:053,0.0428,-0.1895,9.787,-0.0003,-0.0029,9.8066,-0.0084,-0.0098,0.0095,4.38,-34.94,24.31,45.72,-82.77,-151.46
52.414223,-1.531306,145.76,3.29,3,223.84,20 / 21,1925409,2019-09-06 19:52:11:152,-0.0373,0.0067,9.9546,0.0009,-0.0024,9.8066,-0.0034,-0.0005,0.0127,4.88,-34.94,25.06,47.41,-82.77,-151.46
52.414223,-1.531306,145.76,3.29,3,223.84,20 / 21,1925510,2019-09-06 19:52:11:253,-0.0903,0.1857,9.8359,0.0003,0.0002,9.8066,0.0003,0.019,0.0099,4.69,-35.19,25.06,47.38,-82.77,-151.49
52.414223,-1.531306,145.76,3.29,3,223.84,20 / 21,1925610,2019-09-06 19:52:11:353,-0.0439,-0.2342,9.8338,-0.0005,-0.0025,9.8066,-0.0151,-0.0019,0.0057,4.94,-35.06,24.75,47.41,-82.77,-151.46
52.414223,-1.531306,145.76,3.29,3,223.84,20 / 21,1925709,2019-09-06 19:52:11:452,-0.0715,-0.1801,9.882,0.0007,0.0032,9.8066,0.0036,0.0009,0.0078,4.94,-34.87,24.63,47.44,-82.78,-151.43
52.414223,-1.531306,145.76,3.29,3,223.84,20 / 21,1925809,2019-09-06 19:52:11:552,0.0011,0.2152,9.9467,0.0011,0.0015,9.8066,-0.0023,-0.0111,-0.0001,4.69,-35.44,24.88,47.51,-82.78,-151.37
52.414223,-1.531306,145.76,3.29,3,223.84,20 / 21,1925910,2019-09-06 19:52:11:653,0.0007,-0.0977,9.7702,0.0002,0.0038,9.8066,0.0031,-0.0185,-0.0064,4.19,-35.19,24.56,45.18,-82.8,-151.23
52.414223,-1.531306,145.76,3.29,3,223.84,20 / 21,1926010,2019-09-06 19:52:11:753,-0.0646,-0.155,9.8242,-0.0009,-0.0002,9.8066,-0.0072,-0.0137,-0.0045,4.81,-34.94,24.63,47.62,-82.8,-151.25
52.414223,-1.531306,145.76,3.29,3,223.84,20 / 21,1926110,2019-09-06 19:52:11:853,0.0942,0.1828,9.9745,0.0004,-0.0001,9.8066,0.0267,-0.0076,-0.0004,4.5,-35.25,25.06,47.65,-82.8,-151.22
52.414223,-1.531306,145.76,3.29,3,223.84,20 / 21,1926210,2019-09-06 19:52:11:953,-0.0472,-0.0938,9.8165,-0.0017,-0.0032,9.8066,-0.0001,0.002,0.0021,4.25,-34.94,24.38,45.87,-82.79,-151.3
52.414223,-1.531306,145.76,3.29,3,223.84,20 / 21,1926310,2019-09-06 19:52:12:053,-0.0158,0.0409,9.7392,-0.0026,-0.0043,9.8066,0.0034,0.0082,0.0159,5.19,-35.25,24.75,47.65,-82.78,-151.24
52.414223,-1.531306,145.76,3.29,3,223.84,19 / 20,1926410,2019-09-06 19:52:12:153,0.0721,0.0028,9.9372,-0.0002,-0.0017,9.8066,-0.0158,0.0108,0.0048,4.31,-34.81,24.44,46.05,-82.79,-151.14
52.414223,-1.531306,145.76,3.29,3,223.84,19 / 20,1926510,2019-09-06 19:52:12:253,0.0259,0.0468,9.8071,-0.0002,0.0018,9.8066,0.0039,-0.006,0.0099,4.13,-34.75,24.63,45.33,-82.79,-151.1
52.414223,-1.531306,145.76,3.29,3,223.84,19 / 20,1926610,2019-09-06 19:52:12:353,-0.0355,0.0558,9.7722,0.0012,0.0014,9.8066,-0.0064,-0.0108,-0.0078,4.88,-34.62,24.56,47.77,-82.79,-151.13
52.414223,-1.531306,145.76,3.29,3,223.84,19 / 20,1926709,2019-09-06 19:52:12:452,0.0711,-0.1953,9.9076,-0.0004,0.0001,9.8065,0.0081,-0.0209,0.0006,4.69,-34.69,24.25,48.48,-82.79,-151.27
52.414223,-1.531306,145.76,3.29,3,223.84,19 / 20,1926810,2019-09-06 19:52:12:553,0.0825,0.1403,9.8965,0.0007,0.0012,9.8066,0.0137,-0.0122,-0.0139,4.31,-34.81,24.31,45.95,-82.79,-151.23
52.414223,-1.531306,145.76,3.29,3,223.84,19 / 20,1926909,2019-09-06 19:52:12:652,-0.0077,0.0657,9.7665,-0.0012,-0.0028,9.8066,0.0002,-0.0038,0.0103,4.44,-34.87,24.44,45.85,-82.78,-151.32
52.414223,-1.531306,145.76,3.29,3,223.84,19 / 20,1927010,2019-09-06 19:52:12:753,0.0431,-0.2434,9.8279,-0.0002,-0.0029,9.8066,-0.0089,0.0113,0.0034,4.69,-34.81,24.69,47.61,-82.77,-151.28
52.414223,-1.531306,145.76,3.29,3,223.84,19 / 20,1927110,2019-09-06 19:52:12:853,0.0001,0.1353,9.9364,0.0003,0.0038,9.8066,-0.0049,0.0047,0.0114,4.13,-35.12,24.31,46.18,-82.79,-151.03
52.414223,-1.531306,145.76,3.29,3,223.84,19 / 20,1927210,2019-09-06 19:52:12:953,0.0416,0.1366,9.8199,0.002,0.0015,9.8066,-0.015,0.0105,-0.0028,4.69,-35.12,24.13,48.68,-82.8,-151.07
52.414223,-1.531306,145.76,3.29,3,223.84,19 / 20,1927310,2019-09-06 19:52:13:053,0.0916,-0.0231,9.9371,-0.0016,-0.0002,9.8066,0.0027,-0.0225,0.0038,4.69,-34.62,24.31,48.65,-82.79,-151.1
52.414223,-1.531306,145.76,3.29,3,223.84,20 / 21,1927409,2019-09-06 19:52:13:152,0.0898,0.0936,9.8393,0.0016,-0.0013,9.8066,0.0033,-0.0096,-0.0186,4.69,-34.81,24.94,47.7,-82.8,-151.18
52.414223,-1.531306,145.76,3.29,3,223.84,20 / 21,1927509,2019-09-06 19:52:13:252,-0.0254,-0.1749,9.7978,-0.001,0.0001,9.8066,0.0079,-0.0206,0.0046,4.56,-34.87,24.56,47.79,-82.79,-151.11
52.414223,-1.531306,145.76,3.29,3,223.84,20 / 21,1927610,2019-09-06 19:52:13:353,0.093,-0.1771,9.9176,0,0.0008,9.8066,0.0025,0.0088,-0.0074,4.25,-34.62,25.13,45.34,-82.79,-151.09
52.414223,-1.531306,145.76,3.29,3,223.84,20 / 21,1927710,2019-09-06 19:52:13:453,0.0331,0.1157,9.8888,-0.0001,0.0008,9.8066,0.0008,0.0052,0.0046,4.25,-34.94,24.56,45.42,-82.79,-151.03
52.414223,-1.531306,145.76,3.29,3,223.84,20 / 21,1927810,2019-09-06 19:52:13:553,-0.1535,-0.2087,9.7788,0.0019,0.0045,9.8066,-0.0131,0.0175,0.008,4.25,-34.87,24.63,45.46,-82.81,-150.97
52.414223,-1.531306,145.76,3.29,3,223.84,20 / 21,1927910,2019-09-06 19:52:13:653,0.0556,-0.17,9.8432,-0.0001,-0.0005,9.8066,-0.0047,-0.0015,0.0012,4.13,-34.87,24.31,46.24,-82.8,-150.97
52.414223,-1.531306,145.76,3.29,3,223.84,20 / 21,1928009,2019-09-06 19:52:13:752,0.039,0.0225,9.876,0.0005,-0.0017,9.8066,0.0113,0.0019,-0.0067,4.94,-34.94,24.75,47.86,-82.81,-151.03
52.414223,-1.531306,145.76,3.29,3,223.84,20 / 21,1928109,2019-09-06 19:52:13:852,-0.1086,-0.0979,9.7889,0.0001,-0.0005,9.8066,-0.0119,-0.0155,-0.004,4.56,-35,25.13,47.79,-82.81,-151.09
52.414223,-1.531306,145.76,3.29,3,223.84,20 / 21,1928210,2019-09-06 19:52:13:953,0.0768,-0.2286,9.8018,-0.0001,-0.0007,9.8066,-0.0012,-0.0111,-0.0082,4.63,-34.81,24.63,47.73,-82.82,-151.13
52.414223,-1.531306,145.76,3.29,3,223.84,20 / 21,1928310,2019-09-06 19:52:14:053,0.0132,0.0286,9.9269,0.0005,0.0029,9.8066,-0.0024,-0.0069,0.0041,4.75,-35.06,24.19,48.7,-82.82,-151.03
52.414223,-1.531306,145.76,3.29,3,223.84,19 / 20,1928410,2019-09-06 19:52:14:153,-0.0899,0.0666,9.7704,-0.0001,-0.0003,9.8066,-0.0091,-0.0136,-0.0013,4.75,-34.75,24.81,47.82,-82.82,-151.06
52.414223,-1.531306,145.76,3.29,3,223.84,19 / 20,1928509,2019-09-06 19:52:14:252,0.063,-0.1209,9.7373,-0.0007,-0.0013,9.8066,-0.0035,-0.0135,-0.0085,5.06,-34.87,24.06,48.65,-82.82,-151.08
52.414223,-1.531306,145.76,3.29,3,223.84,19 / 20,1928609,2019-09-06 19:52:14:352,-0.0371,-0.0628,9.9356,0.0012,0.0038,9.8066,0.0122,-0.0075,-0.0067,4.75,-35.62,24.44,49.06,-82.83,-150.93
52.414223,-1.531306,145.76,3.29,3,223.84,19 / 20,1928709,2019-09-06 19:52:14:452,-0.1162,0.0823,9.7797,0.0009,0.0035,9.8066,0.0146,0.0076,0.0058,4.5,-34.87,24.38,48.87,-82.83,-150.86
52.414223,-1.531306,145.76,3.29,3,223.84,19 / 20,1928809,2019-09-06 19:52:14:552,0.0585,-0.1208,9.7386,0.001,-0.0039,9.8066,-0.0063,0.012,0.0019,3.38,-35.06,24.31,43.83,-82.82,-150.74
52.414223,-1.531306,145.76,3.29,3,223.84,19 / 20,1928909,2019-09-06 19:52:14:652,-0.0122,-0.0169,9.9132,-0.001,-0.0029,9.8066,-0.0084,0.01,0.0077,4.56,-34.62,24.31,48.74,-82.81,-151.01
52.414223,-1.531306,145.76,3.29,3,223.84,19 / 20,1929009,2019-09-06 19:52:14:752,-0.0767,0.1373,9.8212,0.002,0.0012,9.8066,-0.0019,-0.0086,-0.0023,4.56,-34.69,24.13,48.71,-82.82,-151.02
52.414223,-1.531306,145.76,3.29,3,223.84,19 / 20,1929109,2019-09-06 19:52:14:852,-0.0317,-0.2077,9.7284,-0.0004,0.002,9.8066,0.0032,-0.0095,-0.0073,4.75,-34.5,24.56,47.63,-82.82,-151.01
52.414223,-1.531306,145.76,3.29,3,223.84,19 / 20,1929210,2019-09-06 19:52:14:953,-0.007,-0.03,9.9441,0,0.0007,9.8066,0.0039,-0.0076,-0.0068,4.69,-35.31,24.44,48.7,-82.82,-151.03
52.414223,-1.531306,145.76,3.29,3,223.84,19 / 20,1929310,2019-09-06 19:52:15:053,-0.0503,0.1792,9.9122,-0.0002,0.0029,9.8066,0.0137,-0.0111,-0.0032,4.63,-34.69,24.38,48.79,-82.83,-150.94
52.414223,-1.531306,145.76,3.29,3,223.84,20 / 21,1929410,2019-09-06 19:52:15:153,-0.0039,0.1085,9.6673,-0.0009,-0.0031,9.8066,-0.0005,0.0148,-0.0075,4.69,-34.75,24.5,48.03,-82.84,-150.84
52.414223,-1.531306,145.76,3.29,3,223.84,20 / 21,1929509,2019-09-06 19:52:15:252,-0.1197,-0.1787,9.885,-0.0018,-0.0035,9.8066,0.0074,0.002,0.0192,4.31,-35.12,24.19,46.25,-82.82,-150.93
52.414223,-1.531306,145.76,3.29,3,223.84,20 / 21,1929610,2019-09-06 19:52:15:353,0.0187,0.2006,9.9354,0.0024,0.003,9.8066,-0.0113,0.0135,0.0029,4.94,-35.19,24.38,48.74,-82.84,-150.97
52.414223,-1.531306,145.76,3.29,3,223.84,20 / 21,1929709,2019-09-06 19:52:15:452,-0.1029,0.0641,9.7832,-0.0007,0.0031,9.8066,-0.0011,-0.0032,0.0094,4.5,-34.87,24.38,48.8,-82.84,-150.93
52.414223,-1.531306,145.76,3.29,3,223.84,20 / 21,1929809,2019-09-06 19:52:15:552,-0.0462,-0.1586,9.9316,-0.0003,-0.0015,9.8066,0.0061,-0.0059,0.0015,4.81,-35.06,24,48.74,-82.84,-150.97
52.414223,-1.531306,145.76,3.29,3,223.84,20 / 21,1929910,2019-09-06 19:52:15:653,-0.0353,0.1548,9.9328,0.0003,0.0013,9.8066,0.0043,-0.026,-0.0037,4.5,-35,24.19,48.76,-82.84,-150.96
52.414223,-1.531306,145.76,3.29,3,223.84,20 / 21,1930009,2019-09-06 19:52:15:752,0.0203,-0.0711,9.7736,-0.0015,-0.0033,9.8066,0.0032,-0.0163,-0.0097,4.63,-34.69,24.94,47.87,-82.85,-150.97
52.414223,-1.531306,145.76,3.29,3,223.84,20 / 21,1930109,2019-09-06 19:52:15:852,-0.0825,-0.0913,9.8583,-0.0012,-0.0025,9.8066,-0.0078,-0.0249,-0.0024,4.31,-35.06,24.31,46.1,-82.82,-151.05
52.414223,-1.531306,145.76,3.29,3,223.84,20 / 21,1930209,2019-09-06 19:52:15:952,0.0034,0.0473,9.9998,0.0016,0.0031,9.8066,0.0191,0.0062,0.0002,4.94,-34.44,24.06,48.45,-82.84,-151
52.414223,-1.531306,145.76,3.29,3,223.84,20 / 21,1930310,2019-09-06 19:52:16:053,0.0168,-0.0787,9.7813,0.0008,0.0041,9.8066,0.0067,0.0062,0.0063,4.63,-35.31,24.13,48.78,-82.85,-150.93
52.414223,-1.531306,145.76,3.29,3,223.84,20 / 21,1930410,2019-09-06 19:52:16:153,-0.0665,-0.0083,9.7184,-0.0009,-0.002,9.8066,0.0004,0.0063,0.0099,4.69,-34.94,23.81,48.71,-82.84,-151.01
52.414223,-1.531306,145.76,3.29,3,223.84,20 / 21,1930509,2019-09-06 19:52:16:252,0.092,-0.0057,9.969,-0.0003,-0.003,9.8066,-0.0093,0.0062,0.007,4.75,-35.06,24.38,48.65,-82.83,-151.06
52.414223,-1.531306,145.76,3.29,3,223.84,20 / 21,1930610,2019-09-06 19:52:16:353,-0.0234,0.0515,9.7897,-0.0002,0.0008,9.8066,-0.0118,-0.0056,0.0052,5.13,-35.44,24.5,47.77,-82.84,-151.07
52.414223,-1.531306,145.76,3.29,3,223.84,20 / 21,1930709,2019-09-06 19:52:16:452,-0.0106,0.0423,9.7849,0.0004,-0.0014,9.8066,-0.0148,-0.0169,-0.0041,4.75,-34.87,24,48.63,-82.84,-151.07
52.414223,-1.531306,145.76,3.29,3,223.84,20 / 21,1930809,2019-09-06 19:52:16:552,0.0801,0.0161,9.9279,0,0.0014,9.8066,0.0218,-0.0193,-0.0063,4.56,-35.06,24.88,47.75,-82.84,-151.09
52.414223,-1.531306,145.76,3.29,3,223.84,20 / 21,1930910,2019-09-06 19:52:16:653,0.0019,0.0763,9.7858,0.0019,0.0033,9.8066,0.01,0.002,-0.0055,4.81,-35.06,24.75,47.7,-82.85,-151.12
52.414223,-1.531306,145.76,3.29,3,223.84,20 / 21,1931009,2019-09-06 19:52:16:752,-0.053,0.0137,9.8078,-0.0008,-0.0015,9.8066,0.0023,-0.0025,0.0129,4.56,-34.69,24.69,47.69,-82.84,-151.14
52.414223,-1.531306,145.76,3.29,3,223.84,20 / 21,1931110,2019-09-06 19:52:16:853,0.1164,-0.1934,9.9275,0.0008,-0.0019,9.8066,-0.0059,0.0217,-0.0007,5.13,-34.62,24.31,48.51,-82.84,-151.18
52.414223,-1.531306,145.76,3.29,3,223.84,20 / 21,1931210,2019-09-06 19:52:16:953,0.0528,0.1164,9.8932,-0.0008,-0.0012,9.8066,-0.0019,0.0019,0.0183,4.38,-35.19,24.94,45.19,-82.84,-151.17
52.414223,-1.531306,145.76,3.29,3,223.84,20 / 21,1931309,2019-09-06 19:52:17:052,0.0587,-0.1305,9.8741,0.0022,0.0013,9.8066,-0.0111,0.0015,-0.0016,4.5,-34.19,24.5,47.34,-82.84,-151.24
52.414223,-1.531306,145.76,3.29,3,223.84,19 / 20,1931410,2019-09-06 19:52:17:153,0.0057,0.0485,9.7067,-0.0006,0.0007,9.8066,0.0065,-0.0145,-0.0029,4.94,-34.94,25.13,47.54,-82.84,-151.28
52.414223,-1.531306,145.76,3.29,3,223.84,19 / 20,1931510,2019-09-06 19:52:17:253,-0.0922,-0.1841,9.7617,0.0009,0.0018,9.8066,0.0135,-0.0196,-0.0041,4.06,-35,23.94,45.77,-82.85,-151.32
52.414223,-1.531306,145.76,3.29,3,223.84,19 / 20,1931610,2019-09-06 19:52:17:353,-0.0062,-0.2215,9.8918,-0.0012,0.0007,9.8066,-0.0178,-0.0204,-0.0091,4.56,-34.81,24.63,47.43,-82.84,-151.37
52.414223,-1.531306,145.76,3.29,3,223.84,19 / 20,1931711,2019-09-06 19:52:17:454,-0.0481,0.2069,9.7881,0.0003,0.0015,9.8066,0.0042,0.0004,-0.007,4.38,-34.75,24.63,45.07,-82.84,-151.27
52.414223,-1.531306,145.76,3.29,3,223.84,19 / 20,1931811,2019-09-06 19:52:17:554,0.0139,-0.0655,9.7413,0.0015,0.003,9.8066,-0.0007,0.0021,0.0006,5.38,-34.56,24.25,48.47,-82.86,-151.19
52.414223,-1.531306,145.76,3.29,3,223.84,19 / 20,1931909,2019-09-06 19:52:17:652,-0.0523,-0.3227,9.8382,0.0009,-0.0002,9.8066,0.0062,0.0156,0.001,4.69,-34.69,24.13,48.37,-82.86,-151.28
52.414223,-1.531306,145.76,3.29,3,223.84,19 / 20,1932009,2019-09-06 19:52:17:752,-0.1247,0.1716,9.9041,-0.0006,-0.0021,9.8066,0.0046,0.0131,0.0096,4.56,-34.87,24.44,48.41,-82.84,-151.26
52.414223,-1.531306,145.76,3.29,3,223.84,19 / 20,1932109,2019-09-06 19:52:17:852,0.0091,0.0209,9.856,0.0008,0.0008,9.8066,0.005,0.0123,0.0015,4.69,-34.87,24.5,47.51,-82.85,-151.29
52.414223,-1.531306,145.76,3.29,3,223.84,19 / 20,1932209,2019-09-06 19:52:17:952,-0.0921,-0.2323,9.8421,0.0009,-0.0005,9.8066,-0.012,-0.0066,-0.0057,4.94,-34.62,24.63,47.57,-82.85,-151.23
52.414223,-1.531306,145.76,3.29,3,223.84,19 / 20,1932310,2019-09-06 19:52:18:053,-0.0823,0.0718,9.9764,-0.001,-0.0019,9.8066,-0.0019,-0.014,-0.0078,4.25,-34.81,24.5,45.1,-82.85,-151.24
52.414223,-1.531306,145.76,3.29,3,223.84,20 / 21,1932410,2019-09-06 19:52:18:153,0.0061,0.0463,9.8277,-0.0022,-0.003,9.8066,0.0103,-0.0142,-0.0108,4.75,-35,25.06,47.53,-82.84,-151.29
52.414223,-1.531306,145.76,3.29,3,223.84,20 / 21,1932509,2019-09-06 19:52:18:252,-0.0727,-0.1743,9.7825,0.0009,0.0009,9.8066,0.0151,0.0017,0.0016,4.19,-35.19,24.38,45.81,-82.85,-151.28
52.414223,-1.531306,145.76,3.29,3,223.84,20 / 21,1932609,2019-09-06 19:52:18:352,-0.0993,0.0605,9.9518,-0.0008,-0.0017,9.8066,-0.0064,0.016,0.0013,3.88,-34.81,24.75,44.98,-82.84,-151.36
52.414223,-1.531306,145.76,3.29,3,223.84,20 / 21,1932710,2019-09-06 19:52:18:453,0.0439,0.1272,9.8704,0,0.0018,9.8066,-0.0007,0.0087,0.0078,5,-34.94,24.25,48.4,-82.84,-151.27
52.414223,-1.531306,145.76,3.29,3,223.84,20 / 21,1932810,2019-09-06 19:52:18:553,-0.1287,-0.1704,9.785,-0.0026,-0.0027,9.8066,-0.02,0.0059,-0.004,4.5,-34.81,24.38,48.33,-82.84,-151.33
52.414223,-1.531306,145.76,3.29,3,223.84,20 / 21,1932909,2019-09-06 19:52:18:652,-0.0503,0.0046,9.9509,0.0004,-0.003,9.8066,-0.005,-0.0156,-0.0029,4.56,-34.75,24.75,47.58,-82.84,-151.25
52.414223,-1.531306,145.76,3.29,3,223.84,20 / 21,1933009,2019-09-06 19:52:18:752,-0.0139,0.0344,9.8595,-0.0013,-0.0031,9.8066,0.0132,-0.0128,-0.0038,4.81,-35.5,24.5,47.45,-82.83,-151.37
52.414223,-1.531306,145.76,3.29,3,223.84,20 / 21,1933110,2019-09-06 19:52:18:853,-0.0753,-0.1381,9.7894,0.0012,0.0013,9.8066,0.0185,-0.0018,-0.0034,4.75,-35.19,24.38,48.42,-82.84,-151.25
52.414223,-1.531306,145.76,3.29,3,223.84,20 / 21,1933209,2019-09-06 19:52:18:952,-0.079,0.0245,9.9625,-0.0002,-0.0003,9.8066,-0.0036,0.0192,-0.0021,4.5,-34.75,24.94,47.5,-82.83,-151.32
52.414223,-1.531306,145.76,3.29,3,223.84,20 / 21,1933310,2019-09-06 19:52:19:053,-0.0622,0.0148,9.8708,0.0004,0.0021,9.8066,0.0028,0.0106,0.0114,4.94,-34.69,24.88,47.49,-82.85,-151.31
52.414223,-1.531306,145.76,3.29,3,223.84,19 / 21,1933409,2019-09-06 19:52:19:152,-0.0839,0.0051,9.767,0.0003,0.0008,9.8066,-0.0071,0.0039,-0.0029,4.69,-34.81,24.69,47.45,-82.84,-151.36
52.414223,-1.531306,145.76,3.29,3,223.84,19 / 21,1933510,2019-09-06 19:52:19:253,-0.071,-0.0546,9.9644,-0.0001,-0.0018,9.8066,-0.0045,-0.0162,0.0048,4.75,-35.06,24.19,48.36,-82.85,-151.3
52.414223,-1.531306,145.76,3.29,3,223.84,19 / 21,1933609,2019-09-06 19:52:19:352,0.003,-0.0121,9.9487,-0.0019,-0.0033,9.8066,0.0111,-0.0114,-0.0167,4.63,-34.37,24.56,47.22,-82.83,-151.37
52.414223,-1.531306,145.76,3.29,3,223.84,19 / 21,1933709,2019-09-06 19:52:19:452,-0.1889,0.0488,9.7796,0.0018,0.0026,9.8066,0.0207,-0.0259,0.0036,4.81,-34.87,24.69,47.54,-82.85,-151.27
52.414223,-1.531306,145.76,3.29,3,223.84,19 / 21,1933810,2019-09-06 19:52:19:553,-0.083,-0.1907,9.9201,0.0002,0.0012,9.8066,-0.0009,-0.0006,-0.0094,5,-35,24.38,48.39,-82.86,-151.26
52.414223,-1.531306,145.76,3.29,3,223.84,19 / 21,1933909,2019-09-06 19:52:19:652,-0.0084,0.0845,9.9123,-0.0002,-0.0012,9.8066,-0.0036,0.0023,0.0088,5.06,-34.56,24.13,48.28,-82.84,-151.37
52.414223,-1.531306,145.76,3.29,3,223.84,19 / 21,1934010,2019-09-06 19:52:19:753,-0.0915,0.0302,9.8021,-0.0001,-0.0012,9.8066,-0.0005,0.0151,0.0086,4.69,-34.5,24.19,47.95,-82.84,-151.45
52.414223,-1.531306,145.76,3.29,3,223.84,19 / 21,1934109,2019-09-06 19:52:19:852,0.0031,-0.0657,9.8772,-0.0012,-0.002,9.8066,-0.0028,0.0006,0.0086,4.25,-34.62,24.63,44.86,-82.85,-151.46
52.414223,-1.531306,145.76,3.29,3,223.84,19 / 21,1934210,2019-09-06 19:52:19:953,-0.0621,-0.1109,9.8993,-0.0007,-0.0008,9.8066,-0.0053,0.0025,-0.0015,4.31,-35.25,24.63,44.85,-82.82,-151.49
52.414223,-1.531306,145.76,3.29,3,223.84,19 / 21,1934310,2019-09-06 19:52:20:053,-0.0502,0.1632,9.8815,0.0001,-0.0008,9.8066,-0.0023,-0.024,0.0024,4.88,-35.06,24.44,48.13,-82.84,-151.52
52.414223,-1.531306,145.76,3.29,3,223.84,19 / 21,1934410,2019-09-06 19:52:20:153,-0.0139,-0.1237,9.7645,-0.0002,0.0017,9.8065,0.0061,-0.0172,-0.0143,4.75,-35.19,24.06,48.22,-82.84,-151.43
52.414223,-1.531306,145.76,3.29,3,223.84,19 / 21,1934509,2019-09-06 19:52:20:252,-0.0716,-0.1199,9.8795,0.0007,-0.0005,9.8066,-0.0025,-0.0172,0.0004,4.63,-35.06,24.63,47.32,-82.84,-151.48
52.414223,-1.531306,145.76,3.29,3,223.84,19 / 21,1934609,2019-09-06 19:52:20:352,-0.0128,0.099,9.939,-0.0006,0.0001,9.8066,0.0067,0.005,0.0017,5.38,-34.62,24.38,48.24,-82.84,-151.42
52.414223,-1.531306,145.76,3.29,3,223.84,19 / 21,1934710,2019-09-06 19:52:20:453,-0.0305,-0.1571,9.7686,-0.0011,-0.0027,9.8066,0.0015,-0.0058,0.0044,4.94,-34.81,24.38,48.23,-82.84,-151.42
52.414223,-1.531306,145.76,3.29,3,223.84,19 / 21,1934810,2019-09-06 19:52:20:553,-0.0928,0.0026,9.7838,0.0004,-0.0001,9.8066,0.0014,0.0219,0.0147,4.44,-34.81,24.38,45.58,-82.83,-151.51
52.414223,-1.531306,145.76,3.29,3,223.84,19 / 21,1934909,2019-09-06 19:52:20:652,0.0696,-0.0195,9.9626,-0.0001,0.0024,9.8066,-0.0013,0.0112,0.0094,4.5,-34.87,24.5,47.32,-82.82,-151.49
52.414223,-1.531306,145.76,3.29,3,223.84,19 / 21,1935010,2019-09-06 19:52:20:753,0.0112,0.1051,9.8064,0.0004,0.0039,9.8065,0.0074,0.0046,0.0007,4.13,-35,24.56,44.95,-82.82,-151.41
52.414223,-1.531306,145.76,3.29,3,223.84,19 / 21,1935109,2019-09-06 19:52:20:852,-0.0039,0.109,9.7496,-0.003,-0.0047,9.8066,-0.0193,-0.0093,-0.0072,4.25,-34.81,24.06,45.63,-82.78,-151.51
52.414223,-1.531306,145.76,3.29,3,223.84,19 / 21,1935210,2019-09-06 19:52:20:953,0.1551,-0.1011,9.8622,0.0021,0.0034,9.8066,0.023,-0.0267,0.0013,4.63,-34.94,24.63,47.36,-82.78,-151.5
52.414223,-1.531306,145.76,3.29,3,223.84,19 / 21,1935310,2019-09-06 19:52:21:053,0.0356,0.0448,9.9236,-0.0004,0.003,9.8066,0.0206,-0.0235,-0.0155,4.56,-35.25,24.75,47.31,-82.78,-151.55
52.414223,-1.531306,145.76,3.29,3,223.84,20 / 21,1935410,2019-09-06 19:52:21:153,-0.0261,0.2123,9.7795,0.0011,0.0012,9.8066,-0.0041,-0.0088,0.0048,4.25,-34.87,24.69,44.95,-82.79,-151.44
52.414223,-1.531306,145.76,3.29,3,223.84,20 / 21,1935509,2019-09-06 19:52:21:252,0.0311,-0.2694,9.7088,0.0003,0.0011,9.8066,0.0117,0.0018,0.0009,4.44,-35,24.5,44.91,-82.79,-151.47
52.414223,-1.531306,145.76,3.29,3,223.84,20 / 21,1935609,2019-09-06 19:52:21:352,0.0427,0.0375,9.98,-0.0006,-0.0023,9.8066,0.0061,0.0102,0.0139,4.94,-35,24.13,48.18,-82.78,-151.54
52.414223,-1.531306,145.76,3.29,3,223.84,20 / 21,1935710,2019-09-06 19:52:21:453,0.064,0.1226,9.8915,-0.0003,-0.0001,9.8066,-0.0007,0.0238,0.0085,4.44,-35,24.25,45.59,-82.78,-151.55
52.414223,-1.531306,145.76,3.29,3,223.84,20 / 21,1935810,2019-09-06 19:52:21:553,-0.0821,-0.0916,9.6887,-0.0014,-0.0027,9.8066,-0.0077,0.001,0.0027,5,-35.12,24.13,48.11,-82.77,-151.6
52.414223,-1.531306,145.76,3.29,3,223.84,20 / 21,1935909,2019-09-06 19:52:21:652,-0.0476,-0.09,9.9172,0.001,0.0022,9.8066,0.003,-0.0041,0.0028,4.69,-35.81,24.69,47.57,-82.76,-151.55
52.414223,-1.531306,145.76,3.29,3,223.84,20 / 21,1936010,2019-09-06 19:52:21:753,0.0659,-0.0187,9.9121,0.0009,0.0011,9.8065,-0.0113,-0.0235,-0.0061,4.81,-34.81,24.63,47.33,-82.78,-151.52
52.414223,-1.531306,145.76,3.29,3,223.84,20 / 21,1936110,2019-09-06 19:52:21:853,-0.0052,0.0448,9.6995,-0.0002,0.0002,9.8066,0.0028,-0.0099,-0.01,4.56,-35.06,24.25,48.24,-82.78,-151.48
52.414223,-1.531306,145.76,3.29,3,223.84,20 / 21,1936210,2019-09-06 19:52:21:953,-0.0843,-0.0742,9.8403,0.0007,-0.0007,9.8066,0.0072,0.0005,-0.0012,4.81,-34.62,24.25,48.08,-82.79,-151.62
52.414223,-1.531306,145.76,3.29,3,223.84,20 / 21,1936310,2019-09-06 19:52:22:053,0.0676,-0.041,9.9364,0.0011,0.0008,9.8066,0.011,0.0192,0.0025,5.06,-34.56,24.94,47.25,-82.77,-151.6
52.414223,-1.531306,145.76,3.29,3,223.84,20 / 22,1936409,2019-09-06 19:52:22:152,-0.0261,0.0865,9.7444,-0.0008,-0.002,9.8065,-0.0072,0.0134,0.0062,4.63,-35.62,24.13,48.3,-82.77,-151.66
52.414223,-1.531306,145.76,3.29,3,223.84,20 / 22,1936510,2019-09-06 19:52:22:253,-0.0816,-0.1172,9.8571,0,0.0024,9.8066,-0.0022,0.0071,0.0046,4.44,-35,24.56,44.76,-82.76,-151.63
52.414223,-1.531306,145.76,3.29,3,223.84,20 / 22,1936610,2019-09-06 19:52:22:353,0.1178,0.0081,9.8927,-0.0011,0.0009,9.8066,-0.0082,-0.0054,-0.0103,4.75,-35.12,24.13,48.19,-82.76,-151.54
52.414223,-1.531306,145.76,3.29,3,223.84,20 / 22,1936710,2019-09-06 19:52:22:453,-0.1279,0.1288,9.7684,0.0004,-0.0022,9.8066,0.0006,-0.0178,-0.0036,4.88,-35.12,24.44,48.17,-82.75,-151.57
52.414223,-1.531306,145.76,3.29,3,223.84,20 / 22,1936810,2019-09-06 19:52:22:553,-0.0769,-0.1258,9.8076,-0.002,-0.0014,9.8065,0.0101,-0.018,-0.0111,4.94,-34.37,24.38,47.96,-82.75,-151.54
52.414223,-1.531306,145.76,3.29,3,223.84,20 / 22,1936910,2019-09-06 19:52:22:653,0.0733,-0.1661,9.9013,0,-0.0005,9.8066,0.0117,0.0035,0.0021,4.69,-34.75,24.81,47.37,-82.75,-151.52
52.414223,-1.531306,145.76,3.29,3,223.84,20 / 22,1937009,2019-09-06 19:52:22:752,-0.0927,0.1273,9.8531,-0.0008,-0.0001,9.8066,-0.0019,0.0143,-0.0018,4.63,-35,24.19,48.24,-82.75,-151.52
52.414223,-1.531306,145.76,3.29,3,223.84,20 / 22,1937110,2019-09-06 19:52:22:853,-0.0303,0.0493,9.7366,-0.001,0.0021,9.8066,-0.0004,0.0186,0.0069,4.25,-35.06,23.88,45.65,-82.75,-151.54
52.414223,-1.531306,145.76,3.29,3,223.84,20 / 22,1937210,2019-09-06 19:52:22:953,-0.0262,-0.282,9.7779,0.0017,0.0034,9.8066,-0.0166,0.0233,0.0083,4.38,-35,24.5,44.92,-82.76,-151.49
52.414223,-1.531306,145.76,3.29,3,223.84,20 / 22,1937309,2019-09-06 19:52:23:052,-0.0467,0.0769,9.9594,-0.0012,-0.0047,9.8066,-0.0168,-0.0007,0.0131,4.38,-35.31,24.25,45.55,-82.74,-151.63
52.414223,-1.531306,145.76,3.29,3,223.84,19 / 21,1937409,2019-09-06 19:52:23:152,0.0175,0.0914,9.8202,-0.0018,-0.0036,9.8066,0.0005,0.0014,0.0015,4.63,-34.69,24.25,48.16,-82.73,-151.61
52.414223,-1.531306,145.76,3.29,3,223.84,19 / 21,1937510,2019-09-06 19:52:23:253,-0.1346,0.0266,9.7491,0.0011,0.0026,9.8065,0.0034,-0.0225,-0.0018,4.25,-35,24.38,45.75,-82.75,-151.44
52.414223,-1.531306,145.76,3.29,3,223.84,19 / 21,1937610,2019-09-06 19:52:23:353,-0.0499,-0.1126,9.9185,-0.0005,0.0017,9.8066,-0.003,-0.0139,-0.0081,4.25,-34.81,24.06,45.81,-82.74,-151.41
52.414223,-1.531306,145.76,3.29,3,223.84,19 / 21,1937709,2019-09-06 19:52:23:452,0.095,0.1409,9.8799,-0.0005,0.0002,9.8066,-0.0016,-0.0083,-0.0013,4.5,-34.19,24.25,48.09,-82.74,-151.43
52.414223,-1.531306,145.76,3.29,3,223.84,19 / 21,1937810,2019-09-06 19:52:23:553,0.0567,-0.048,9.7101,0.0001,0.0002,9.8066,-0.0041,0.005,-0.0105,4.5,-34.37,24.56,47.32,-82.74,-151.37
52.414223,-1.531306,145.76,3.29,3,223.84,19 / 21,1937910,2019-09-06 19:52:23:653,-0.0443,-0.1799,9.8929,-0.003,-0.0031,9.8066,-0.0002,0.006,0.0008,4.81,-35.06,24,48.41,-82.73,-151.38
52.414223,-1.531306,145.76,3.29,3,223.84,19 / 21,1938010,2019-09-06 19:52:23:753,0.0339,-0.007,9.9248,-0.0011,-0.0026,9.8066,0.004,0.0139,0.0094,4.63,-34.5,24.19,48.08,-82.73,-151.46
52.414223,-1.531306,145.76,3.29,3,223.84,19 / 21,1938110,2019-09-06 19:52:23:853,-0.0385,0.2063,9.8702,0,0.0014,9.8066,-0.011,-0.0047,0.0019,4.56,-35.06,24.19,48.35,-82.74,-151.44
52.414223,-1.531306,145.76,3.29,3,223.84,19 / 21,1938209,2019-09-06 19:52:23:952,-0.0115,-0.1124,9.8544,0.0007,0.0038,9.8066,-0.0072,-0.0091,0.002,4.88,-34.94,24.25,48.38,-82.75,-151.39
52.414223,-1.531306,145.76,3.29,3,223.84,19 / 21,1938310,2019-09-06 19:52:24:053,0.0782,-0.0921,9.9342,-0.0016,-0.0024,9.8066,-0.0149,-0.0206,-0.009,4.38,-34.62,24.38,45.89,-82.75,-151.33
52.414223,-1.531306,145.76,3.29,3,223.84,19 / 22,1938409,2019-09-06 19:52:24:152,-0.0647,0.151,9.8886,-0.0002,-0.0008,9.8066,0.021,-0.0102,0.0054,4.69,-35.06,24.5,47.67,-82.73,-151.27
52.414223,-1.531306,145.76,3.29,3,223.84,19 / 22,1938510,2019-09-06 19:52:24:253,-0.0036,-0.228,9.7586,-0.0008,-0.0005,9.8065,0.0145,-0.0097,-0.0043,5.06,-34.69,24.31,48.56,-82.75,-151.24
52.414223,-1.531306,145.76,3.29,3,223.84,19 / 22,1938610,2019-09-06 19:52:24:353,0.1083,-0.0072,9.9987,0.0001,-0.002,9.8065,-0.006,0.0009,0.0099,4.56,-34.94,23.88,48.51,-82.74,-151.29
52.414223,-1.531306,145.76,3.29,3,223.84,19 / 22,1938710,2019-09-06 19:52:24:453,0.0232,0.1553,9.9223,-0.0011,-0.0023,9.8066,-0.0172,0.0181,0.0028,4.94,-34.75,24.44,48.46,-82.72,-151.35
52.414223,-1.531306,145.76,3.29,3,223.84,19 / 22,1938810,2019-09-06 19:52:24:553,0.0667,-0.0179,9.7436,0.0009,0.0002,9.8066,0.0091,0.0019,0.0163,4.56,-34.69,24.44,48.43,-82.73,-151.37
52.414223,-1.531306,145.76,3.29,3,223.84,19 / 22,1938909,2019-09-06 19:52:24:652,0.0309,-0.1953,9.9219,-0.0021,-0.0006,9.8066,0,0.0076,-0.0064,4.69,-35,24.44,48.36,-82.72,-151.44
52.414223,-1.531306,145.76,3.29,3,223.84,19 / 22,1939010,2019-09-06 19:52:24:753,0.1379,0.0024,9.914,0.001,0.0002,9.8066,0.0086,-0.0137,0.0032,4.63,-34.81,24.44,48.43,-82.72,-151.38
52.414223,-1.531306,145.76,3.29,3,223.84,19 / 22,1939109,2019-09-06 19:52:24:852,0.0564,0.0257,9.826,-0.0015,0.0015,9.8066,0.0116,-0.0152,-0.0201,4.5,-34.75,24.38,48.59,-82.71,-151.25
52.414223,-1.531306,145.76,3.29,3,223.84,19 / 22,1939210,2019-09-06 19:52:24:953,-0.0299,-0.1511,9.821,0.0014,0.0018,9.8066,0.0037,-0.0156,0.0007,4,-34.87,24.56,45.21,-82.71,-151.29
52.414223,-1.531306,145.76,3.29,3,223.84,19 / 22,1939309,2019-09-06 19:52:25:052,0.0967,-0.1745,9.8563,-0.0004,0.0006,9.8066,-0.0054,0.0063,-0.0079,4.56,-34.5,25.06,47.52,-82.71,-151.22
52.414223,-1.531306,145.76,3.29,3,223.84,21 / 22,1939410,2019-09-06 19:52:25:153,0.0403,0.1565,9.9209,0.001,0.0003,9.8066,0.0116,-0.0065,0.0047,4.69,-35.19,24.69,47.7,-82.72,-151.26
52.414223,-1.531306,145.76,3.29,3,223.84,21 / 22,1939509,2019-09-06 19:52:25:252,-0.1296,-0.162,9.7939,0.0009,-0.0004,9.8066,-0.0119,0.0189,-0.002,4.25,-35,24.38,45.83,-82.71,-151.41
52.414223,-1.531306,145.76,3.29,3,223.84,21 / 22,1939610,2019-09-06 19:52:25:353,0.1089,-0.1974,9.7445,-0.0003,0,9.8066,0.0009,0.0091,0.0128,4.88,-34.94,24.25,48.5,-82.72,-151.32
52.414223,-1.531306,145.76,3.29,3,223.84,21 / 22,1939710,2019-09-06 19:52:25:453,0.0236,0.0827,9.9651,-0.0019,-0.0005,9.8066,0.0094,-0.0007,0.0088,5.06,-34.44,24.19,48.18,-82.72,-151.38
52.414223,-1.531306,145.76,3.29,3,223.84,21 / 22,1939809,2019-09-06 19:52:25:552,-0.1656,0.0075,9.8525,-0.0003,-0.0028,9.8066,-0.0275,-0.0104,-0.009,4.88,-35.06,24.69,47.68,-82.72,-151.29
52.414223,-1.531306,145.76,3.29,3,223.84,21 / 22,1939910,2019-09-06 19:52:25:653,0.0261,-0.0841,9.6908,-0.0015,-0.0042,9.8066,-0.0185,-0.012,-0.0054,4.69,-34.94,24.63,47.55,-82.69,-151.43
52.414223,-1.531306,145.76,3.29,3,223.84,21 / 22,1940010,2019-09-06 19:52:25:753,0.0058,-0.0397,9.8987,0.0022,0.0037,9.8066,0.0132,-0.0122,-0.0144,5,-34.69,23.88,48.38,-82.72,-151.43
52.414223,-1.531306,145.76,3.29,3,223.84,21 / 22,1940110,2019-09-06 19:52:25:853,-0.0511,0.12,9.8174,-0.0009,-0.0031,9.8066,0.0246,0.0006,-0.0031,4.94,-35,24.5,47.46,-82.7,-151.49
52.414223,-1.531306,145.76,3.29,3,223.84,21 / 22,1940210,2019-09-06 19:52:25:953,0.0145,0.0552,9.68,-0.001,-0.002,9.8065,-0.0027,0.0197,0.0051,4.5,-34.94,24.69,47.6,-82.68,-151.39
52.414223,-1.531306,145.76,3.29,3,223.84,21 / 22,1940309,2019-09-06 19:52:26:052,-0.039,-0.0692,9.8961,-0.0008,-0.0014,9.8066,0,0.0141,0.0082,5.19,-34.56,24.38,48.44,-82.69,-151.41
52.414223,-1.531306,145.76,3.29,3,223.84,20 / 22,1940410,2019-09-06 19:52:26:153,-0.0552,0.1151,9.7727,0.0015,0.0011,9.8066,-0.0064,0.0081,0.001,4.69,-35.25,24.19,48.41,-82.7,-151.43
52.414223,-1.531306,145.76,3.29,3,223.84,20 / 22,1940510,2019-09-06 19:52:26:253,-0.0149,-0.1314,9.9213,-0.0002,0.0016,9.8066,-0.009,-0.0056,0.0103,4.88,-34.44,24.5,47.27,-82.71,-151.45
52.414223,-1.531306,145.76,3.29,3,223.84,20 / 22,1940609,2019-09-06 19:52:26:352,-0.0202,0.0525,9.9485,0.0001,0.0004,9.8066,0.0173,-0.0095,-0.011,4.13,-35,24.44,45.82,-82.71,-151.43
52.414223,-1.531306,145.76,3.29,3,223.84,20 / 22,1940710,2019-09-06 19:52:26:453,-0.0859,0.0977,9.8502,-0.001,-0.0024,9.8066,0.0179,-0.0271,-0.0056,4.63,-35,24.81,47.47,-82.7,-151.48
52.414223,-1.531306,145.76,3.29,3,223.84,20 / 22,1940810,2019-09-06 19:52:26:553,-0.0139,-0.1922,9.8757,-0.001,-0.0004,9.8066,-0.006,0.0028,-0.0088,4.13,-34.62,24.19,45.77,-82.69,-151.49
52.414223,-1.531306,145.76,3.29,3,223.84,20 / 22,1940909,2019-09-06 19:52:26:652,-0.0646,-0.0481,9.9323,-0.0019,-0.003,9.8066,0.001,-0.0026,0.0106,4.63,-34.56,24.63,47.58,-82.68,-151.41
52.414223,-1.531306,145.76,3.29,3,223.84,20 / 22,1941010,2019-09-06 19:52:26:753,-0.0823,0.1275,9.8075,0.0009,0.0028,9.8066,-0.0065,0.0145,0.0045,5,-34.87,24.19,48.5,-82.69,-151.36
52.414223,-1.531306,145.76,3.29,3,223.84,20 / 22,1941110,2019-09-06 19:52:26:853,-0.0591,-0.1837,9.9026,-0.0011,0.0009,9.8066,-0.0117,-0.0054,0.01,5,-34.25,24.5,47.55,-82.69,-151.22
52.414223,-1.531306,145.76,3.29,3,223.84,20 / 22,1941210,2019-09-06 19:52:26:953,0.0376,0.0183,9.9133,0,-0.0002,9.8066,0.0144,-0.0051,-0.0073,4.5,-34.81,24.75,47.67,-82.69,-151.32
52.414223,-1.531306,145.76,3.29,3,223.84,20 / 22,1941310,2019-09-06 19:52:27:053,-0.0577,0.1677,9.863,-0.0008,0.0001,9.8066,0.006,-0.021,-0.0012,4.63,-34.56,24.94,47.64,-82.69,-151.35
52.414223,-1.531306,145.76,3.29,3,223.84,20 / 22,1941410,2019-09-06 19:52:27:153,-0.0406,-0.1368,9.8452,-0.001,-0.0009,9.8066,0.0001,-0.0015,-0.0106,4.25,-34.62,24.5,45.21,-82.68,-151.32
52.414223,-1.531306,145.76,3.29,3,223.84,20 / 22,1941509,2019-09-06 19:52:27:252,-0.0066,-0.0219,9.9234,-0.001,-0.0011,9.8066,0.0004,-0.0053,0.008,4.63,-34.62,24.25,48.6,-82.68,-151.28
52.414223,-1.531306,145.76,3.29,3,223.84,20 / 22,1941610,2019-09-06 19:52:27:353,-0.0383,0.1067,9.8822,0.0008,0.0011,9.8066,-0.0009,0.0229,0.0044,4.69,-34.81,24.06,48.58,-82.69,-151.29
52.414223,-1.531306,145.76,3.29,3,223.84,20 / 22,1941709,2019-09-06 19:52:27:452,-0.0594,-0.2351,9.8259,0.0002,0.0013,9.8066,-0.0153,0.001,0.0151,4.31,-35.25,24.88,45.29,-82.7,-151.24
52.414223,-1.531306,145.76,3.29,3,223.84,20 / 22,1941810,2019-09-06 19:52:27:553,-0.045,0.0243,9.9032,0.0002,-0.0016,9.8066,0.0064,-0.0034,-0.0004,5,-34.81,24.25,48.56,-82.69,-151.3
52.414223,-1.531306,145.76,3.29,3,223.84,20 / 22,1941910,2019-09-06 19:52:27:653,-0.0593,0.1414,9.8426,-0.0013,0.0003,9.8066,0.012,-0.0225,0.0028,4.38,-34.37,24.63,45.04,-82.69,-151.26
52.414223,-1.531306,145.76,3.29,3,223.84,20 / 22,1942010,2019-09-06 19:52:27:753,0.0416,-0.194,9.848,-0.0002,-0.0016,9.8066,-0.0003,-0.0056,-0.0065,4.63,-34.94,24.25,48.48,-82.69,-151.37
52.414223,-1.531306,145.76,3.29,3,223.84,20 / 22,1942109,2019-09-06 19:52:27:852,-0.0278,-0.1127,9.8952,-0.0009,-0.0017,9.8066,0.0047,-0.0051,0.0025,4.44,-34.37,24.56,44.94,-82.68,-151.35
52.414223,-1.531306,145.76,3.29,3,223.84,20 / 22,1942210,2019-09-06 19:52:27:953,-0.0434,0.1368,9.9001,-0.0001,0.0029,9.8066,0.0134,0.0138,0.0063,4.31,-34.87,23.88,45.95,-82.68,-151.35
52.414223,-1.531306,145.76,3.29,3,223.84,20 / 22,1942310,2019-09-06 19:52:28:053,0.0147,-0.109,9.9088,-0.0008,0.0026,9.8066,-0.0004,-0.0018,0.0173,4.88,-34.81,24.31,48.68,-82.66,-151.23
52.414223,-1.531306,145.76,3.29,3,223.84,20 / 22,1942410,2019-09-06 19:52:28:153,-0.0888,-0.1289,9.9296,-0.0002,-0.0032,9.8066,-0.0008,-0.0066,-0.007,4.25,-34.56,24,45.94,-82.66,-151.38
52.414223,-1.531306,145.76,3.29,3,223.84,20 / 22,1942509,2019-09-06 19:52:28:252,-0.018,0.2156,9.8082,-0.0008,-0.0001,9.8066,0.0067,-0.0194,0.005,4.75,-35.19,24.44,48.57,-82.65,-151.34
52.414223,-1.531306,145.76,3.29,3,223.84,20 / 22,1942610,2019-09-06 19:52:28:353,-0.0167,-0.1517,9.8917,-0.0008,-0.0002,9.8066,-0.0015,-0.0014,-0.0068,4.13,-34.81,24.19,46,-82.65,-151.34
52.414223,-1.531306,145.76,3.29,3,223.84,20 / 22,1942710,2019-09-06 19:52:28:453,-0.0541,-0.0807,9.8765,-0.0013,-0.0009,9.8066,0.0019,-0.003,0.0132,4.75,-34.62,24.69,47.76,-82.64,-151.3
52.414223,-1.531306,145.76,3.29,3,223.84,20 / 22,1942809,2019-09-06 19:52:28:552,-0.0962,0.0215,9.8128,0.0009,-0.0002,9.8066,-0.009,0.0135,-0.0042,5.06,-34.5,24.31,48.39,-82.65,-151.27
52.414223,-1.531306,145.76,3.29,3,223.84,20 / 22,1942910,2019-09-06 19:52:28:653,0.0184,-0.0087,9.9289,-0.0005,-0.0014,9.8065,0.007,-0.0047,0.013,4.94,-34.37,24.44,48.4,-82.65,-151.26
52.414223,-1.531306,145.76,3.29,3,223.84,20 / 22,1943009,2019-09-06 19:52:28:752,0.0142,-0.0465,9.9354,0.0013,-0.0011,9.8066,0.0105,-0.0116,-0.0128,4.31,-34.44,24.31,45.65,-82.66,-151.42
52.414223,-1.531306,145.76,3.29,3,223.84,20 / 22,1943110,2019-09-06 19:52:28:853,-0.1076,0.0464,9.8032,-0.0003,0.0009,9.8066,0.0111,-0.0194,-0.0023,5,-34.81,24.56,47.6,-82.65,-151.43
52.414223,-1.531306,145.76,3.29,3,223.84,20 / 22,1943209,2019-09-06 19:52:28:952,-0.1231,-0.2147,9.9619,-0.002,-0.0037,9.8066,-0.0058,0.0035,-0.0097,4.69,-34.69,24.25,48.52,-82.66,-151.37
52.414223,-1.531306,145.76,3.29,3,223.84,20 / 22,1943310,2019-09-06 19:52:29:053,-0.0029,0.0521,9.9621,-0.0023,-0.0039,9.8066,-0.0071,0.0033,0.0133,4.31,-34.12,24.56,44.93,-82.64,-151.4
52.414223,-1.531306,145.76,3.29,3,223.84,20 / 22,1943409,2019-09-06 19:52:29:152,-0.0582,0.196,9.8383,0.001,0.0039,9.8066,0.0064,0.0174,0.0047,4.69,-34.25,24.19,48.41,-82.66,-151.24
52.414223,-1.531306,145.76,3.29,3,223.84,20 / 22,1943509,2019-09-06 19:52:29:252,0.0262,-0.0653,9.8601,0.0003,0.0014,9.8066,-0.0026,0.004,0.0144,4.88,-34.75,24,48.66,-82.65,-151.26
52.414223,-1.531306,145.76,3.29,3,223.84,20 / 22,1943610,2019-09-06 19:52:29:353,0.0426,-0.0154,9.9374,0.0005,-0.0018,9.8066,0.0001,0.0031,-0.0014,4.44,-34.87,24.44,45.93,-82.66,-151.39
52.414223,-1.531306,145.76,3.29,3,223.84,20 / 22,1943709,2019-09-06 19:52:29:452,-0.0365,0.1473,9.9446,-0.0001,0.0008,9.8066,0.0013,-0.0225,-0.0051,4.75,-35.06,24.38,48.59,-82.65,-151.32
52.414223,-1.531306,145.76,3.29,3,223.84,20 / 22,1943809,2019-09-06 19:52:29:552,0.0213,-0.0912,9.7957,-0.0013,-0.0024,9.8066,-0.0059,-0.0048,-0.0035,4.69,-34.5,24.13,48.29,-82.67,-151.33
52.414223,-1.531306,145.76,3.29,3,223.84,20 / 22,1943910,2019-09-06 19:52:29:653,-0.0643,-0.0919,9.8666,0.0024,0.0033,9.8066,-0.0043,-0.0166,-0.0013,4.69,-34.69,24.63,47.68,-82.65,-151.37
52.414223,-1.531306,145.76,3.29,3,223.84,20 / 22,1944010,2019-09-06 19:52:29:753,0.0398,0.2577,9.934,0.001,0.0031,9.8066,0.0163,0.0083,0.0051,5,-34.44,24.44,48.26,-82.67,-151.37
52.414223,-1.531306,145.76,3.29,3,223.84,20 / 22,1944110,2019-09-06 19:52:29:853,0.0371,-0.1013,9.7372,0.0008,0.0032,9.8066,0.0025,0.0131,0.0152,4.56,-34.62,24.31,48.58,-82.66,-151.32
52.414223,-1.531306,145.76,3.29,3,223.84,20 / 22,1944209,2019-09-06 19:52:29:952,0.0177,-0.1642,9.8916,-0.0014,-0.003,9.8066,-0.0016,0.0142,0.0071,4.38,-34.94,24.13,45.95,-82.65,-151.38
52.414223,-1.531306,145.76,3.29,3,223.84,20 / 22,1944309,2019-09-06 19:52:30:052,0.027,0.0292,9.7058,0.0001,0.001,9.8066,0.0012,0.0021,0.0082,4.81,-34.56,24.56,47.68,-82.66,-151.34
52.414223,-1.531306,145.76,3.29,3,223.84,20 / 22,1944410,2019-09-06 19:52:30:153,0.044,0.1211,9.9432,-0.0013,-0.0029,9.8065,-0.0071,-0.0123,0.0013,4.5,-34.87,23.81,48.56,-82.67,-151.32
52.414223,-1.531306,145.76,3.29,3,223.84,20 / 22,1944509,2019-09-06 19:52:30:252,0.0702,0.2621,9.814,0.0001,-0.0011,9.8066,-0.023,-0.0259,-0.0059,4.56,-35.31,24.81,47.61,-82.66,-151.41
52.414223,-1.531306,145.76,3.29,3,223.84,20 / 22,1944610,2019-09-06 19:52:30:353,0.1107,-0.2095,9.751,-0.0002,0.0028,9.8066,0.0184,-0.0142,-0.0008,4.81,-35.31,24.69,47.67,-82.66,-151.36
52.414223,-1.531306,145.76,3.29,3,223.84,20 / 22,1944710,2019-09-06 19:52:30:453,-0.124,-0.1493,9.926,0.0008,0.0023,9.8066,0.0162,-0.012,-0.0037,4.56,-34.56,24,48.56,-82.66,-151.34
52.414223,-1.531306,145.76,3.29,3,223.84,20 / 22,1944809,2019-09-06 19:52:30:552,0.0335,0.0576,9.8702,-0.0015,-0.0017,9.8066,-0.007,0.0076,0.0103,5.25,-34.44,24.94,47.36,-82.65,-151.43
52.414223,-1.531306,145.76,3.29,3,223.84,20 / 22,1944911,2019-09-06 19:52:30:654,0.0474,-0.041,9.709,0.0013,0.0014,9.8066,0.0002,0.017,0.0068,4.88,-34.69,24.56,47.71,-82.65,-151.33
52.414223,-1.531306,145.76,3.29,3,223.84,20 / 22,1945009,2019-09-06 19:52:30:752,-0.0056,-0.1835,9.8021,-0.0004,0.0021,9.8066,0.0034,0.0183,0.0149,4.81,-34.69,23.94,48.51,-82.65,-151.39
52.414223,-1.531306,145.76,3.29,3,223.84,20 / 22,1945110,2019-09-06 19:52:30:853,0.0585,-0.0456,9.9293,0.0014,-0.0009,9.8066,-0.0123,0.0079,0.0042,4.63,-34.87,25.13,47.6,-82.66,-151.42
52.414223,-1.531306,145.76,3.29,3,223.84,20 / 22,1945209,2019-09-06 19:52:30:952,-0.0364,0.0839,9.7398,-0.0002,0.0012,9.8066,0.0021,-0.0157,-0.0013,4.56,-34.44,24.38,48.25,-82.66,-151.38
52.414223,-1.531306,145.76,3.29,3,223.84,20 / 22,1945309,2019-09-06 19:52:31:052,0.0583,-0.0731,9.743,0.0006,-0.0001,9.8066,0.0129,-0.0083,-0.0046,4.06,-35.19,24.44,45.85,-82.66,-151.47
52.414223,-1.531306,145.76,3.29,3,223.84,20 / 22,1945410,2019-09-06 19:52:31:153,-0.0102,-0.2108,9.9043,-0.0002,-0.0024,9.8065,-0.0119,-0.0216,-0.0139,4.63,-35.19,24.69,47.51,-82.64,-151.52
52.414223,-1.531306,145.76,3.29,3,223.84,20 / 22,1945510,2019-09-06 19:52:31:253,-0.0882,0.2162,9.8642,-0.0005,-0.0028,9.8065,-0.0007,-0.0092,-0.0124,4.06,-34.25,24.38,45.52,-82.65,-151.54
52.414223,-1.531306,145.76,3.29,3,223.84,20 / 22,1945610,2019-09-06 19:52:31:353,0.0558,0.0893,9.8167,-0.0001,0.0036,9.8066,0.0061,-0.0029,-0.0045,4.44,-34.75,24.56,45.03,-82.64,-151.53
52.414223,-1.531306,145.76,3.29,3,223.84,20 / 22,1945710,2019-09-06 19:52:31:453,-0.043,-0.274,9.7831,-0.0012,-0.0025,9.8066,0.0092,0.0105,0.0009,4.38,-34.94,24.5,45.14,-82.66,-151.41
52.414223,-1.531306,145.76,3.29,3,223.84,20 / 22,1945810,2019-09-06 19:52:31:553,-0.06,0.1277,9.962,0.0003,-0.0009,9.8066,-0.0013,0.0184,0.0059,4.56,-34.81,24.69,47.66,-82.65,-151.38
52.414223,-1.531306,145.76,3.29,3,223.84,20 / 22,1945909,2019-09-06 19:52:31:652,0.0256,0.1048,9.8148,0.0007,-0.0013,9.8066,0.0082,0.0108,0.0089,4.69,-35.06,24.13,48.43,-82.66,-151.46
52.414223,-1.531306,145.76,3.29,3,223.84,20 / 22,1946009,2019-09-06 19:52:31:752,-0.124,-0.2317,9.833,0.0004,-0.0041,9.8066,-0.0244,0.0065,0.0072,4.56,-34.69,24.25,48.34,-82.65,-151.55
52.414223,-1.531306,145.76,3.29,3,223.84,20 / 22,1946110,2019-09-06 19:52:31:853,0.0342,0.1411,9.9474,-0.001,-0.0021,9.8065,-0.0068,-0.0077,0.007,4.69,-34.94,24.63,47.52,-82.64,-151.52
52.414223,-1.531306,145.76,3.29,3,223.84,20 / 22,1946210,2019-09-06 19:52:31:953,0.0097,0.0411,9.927,0.001,0.0018,9.8066,0.0134,-0.0128,-0.0149,4.31,-35.25,24.38,45.74,-82.64,-151.57
52.414223,-1.531306,145.76,3.29,3,223.84,20 / 22,1946310,2019-09-06 19:52:32:053,-0.0949,0.0349,9.8146,-0.0013,0.0017,9.8066,0.0221,-0.0223,-0.0045,4.56,-35.06,24.81,47.49,-82.66,-151.52
52.414223,-1.531306,145.76,3.29,3,223.84,20 / 22,1946410,2019-09-06 19:52:32:153,0.0137,-0.0653,9.9047,0,-0.0019,9.8066,-0.0005,0.0031,-0.0024,4.94,-34.62,24.75,47.6,-82.66,-151.42
52.414223,-1.531306,145.76,3.29,3,223.84,20 / 22,1946509,2019-09-06 19:52:32:252,-0.0011,-0.0556,9.9164,0.0001,-0.0016,9.8065,-0.0017,0.0034,0.0092,4.63,-34.94,24.69,47.43,-82.65,-151.59
52.414223,-1.531306,145.76,3.29,3,223.84,20 / 22,1946609,2019-09-06 19:52:32:352,-0.091,0.1897,9.8359,-0.0004,0.0007,9.8066,0.0016,0.0237,0.0048,4.81,-34.75,24.38,48.31,-82.64,-151.58
52.414223,-1.531306,145.76,3.29,3,223.84,20 / 22,1946709,2019-09-06 19:52:32:452,-0.0568,-0.1898,9.8506,0.0015,-0.0017,9.8066,-0.0146,0.0033,0.0174,4.56,-34.87,24.06,48.26,-82.64,-151.62
52.414223,-1.531306,145.76,3.29,3,223.84,20 / 22,1946810,2019-09-06 19:52:32:553,0.0188,0.0552,9.9155,-0.0007,0.0022,9.8066,0.0083,0.0018,-0.0049,4.75,-34.62,24.69,47.5,-82.65,-151.52
52.414223,-1.531306,145.76,3.29,3,223.84,20 / 22,1946909,2019-09-06 19:52:32:652,-0.0622,0.1441,9.922,0.0002,0.0011,9.8066,0.0064,-0.0263,-0.0014,5.13,-35.31,24.44,48.42,-82.64,-151.48
52.414223,-1.531306,145.76,3.29,3,223.84,20 / 22,1947010,2019-09-06 19:52:32:753,-0.0067,-0.0735,9.7307,0.0006,0.0023,9.8066,-0.0032,-0.0151,-0.0109,5.06,-34.75,24.75,47.57,-82.65,-151.46
52.414223,-1.531306,145.76,3.29,3,223.84,20 / 22,1947109,2019-09-06 19:52:32:852,-0.0181,-0.1007,9.8636,-0.0004,-0.0014,9.8066,-0.0041,-0.0183,-0.004,4.63,-35.12,23.88,48.37,-82.64,-151.52
52.414223,-1.531306,145.76,3.29,3,223.84,20 / 22,1947210,2019-09-06 19:52:32:953,0.0572,0.1243,10.0256,0,-0.0021,9.8066,0.02,-0.0012,0.005,4.5,-34.94,25.19,47.5,-82.65,-151.51
52.414223,-1.531306,145.76,3.29,3,223.84,20 / 22,1947310,2019-09-06 19:52:33:053,-0.0098,-0.0234,9.7765,-0.0011,-0.0026,9.8066,0.0001,0.0105,-0.0024,5.06,-34.81,24.63,47.49,-82.65,-151.53
52.414223,-1.531306,145.76,3.29,3,223.84,20 / 22,1947409,2019-09-06 19:52:33:152,0.0567,-0.0514,9.9511,0.0008,-0.0009,9.8066,0.0068,0.0188,0.0169,4.56,-34.81,24.19,48.26,-82.65,-151.61
52.414223,-1.531306,145.76,3.29,3,223.84,20 / 22,1947509,2019-09-06 19:52:33:252,-0.0909,0.1239,9.9435,0,0.0029,9.8066,-0.0069,0.0076,0.0069,4.06,-35.31,24.31,45.71,-82.66,-151.58
52.414223,-1.531306,145.76,3.29,3,223.84,20 / 22,1947609,2019-09-06 19:52:33:352,0.0393,-0.026,9.7593,0.0009,0.004,9.8066,-0.0026,-0.0026,0.0075,4.94,-35,24.5,47.5,-82.66,-151.5
52.414223,-1.531306,145.76,3.29,3,223.84,20 / 22,1947710,2019-09-06 19:52:33:453,-0.0084,-0.1768,9.8869,-0.0016,-0.003,9.8066,-0.0192,-0.0059,0.0041,4.81,-34.62,24.25,48.32,-82.66,-151.55
52.414223,-1.531306,145.76,3.29,3,223.84,20 / 22,1947810,2019-09-06 19:52:33:553,0.0173,-0.0677,9.7156,-0.0008,-0.0029,9.8066,0.0126,-0.0217,-0.0048,4.94,-34.37,24.69,47.21,-82.64,-151.57
52.414223,-1.531306,145.76,3.29,3,223.84,20 / 22,1947910,2019-09-06 19:52:33:653,0.0276,-0.1213,9.8867,0.001,0.0013,9.8066,0.0075,-0.0141,-0.0132,4.94,-34.31,24,48.07,-82.64,-151.56
52.414223,-1.531306,145.76,3.29,3,223.84,20 / 22,1948010,2019-09-06 19:52:33:753,0.0613,-0.0025,9.9263,0.0014,0.0016,9.8066,-0.0002,-0.0062,0.009,4.56,-34.75,24.31,48.35,-82.66,-151.52
52.414223,-1.531306,145.76,3.29,3,223.84,20 / 22,1948110,2019-09-06 19:52:33:853,-0.0026,0.0353,9.7064,-0.0002,-0.0007,9.8066,-0.0045,0.0137,-0.0035,4.75,-34.44,24.38,48,-82.65,-151.61
52.414223,-1.531306,145.76,3.29,3,223.84,20 / 22,1948210,2019-09-06 19:52:33:953,0.0789,-0.0922,9.8215,0.001,0.0002,9.8066,-0.0001,0.0044,0.0119,4.75,-34.44,24.94,47.1,-82.66,-151.64
52.414223,-1.531306,145.76,3.29,3,223.84,20 / 22,1948309,2019-09-06 19:52:34:052,0.0768,-0.0128,9.9232,-0.0012,-0.001,9.8066,-0.0089,0.0078,0.0001,4.56,-34.94,24.81,47.23,-82.66,-151.75
52.414223,-1.531306,145.76,3.29,3,223.84,19 / 22,1948409,2019-09-06 19:52:34:152,-0.0457,0.1741,9.7089,-0.0005,-0.0019,9.8065,0.0025,-0.0178,0.0061,4.31,-34.94,24.56,44.77,-82.64,-151.75
52.414223,-1.531306,145.76,3.29,3,223.84,19 / 22,1948509,2019-09-06 19:52:34:252,0.0216,0.0877,10.0017,-0.0001,0.0028,9.8066,0.0121,-0.0085,-0.0128,4,-35.12,24.56,44.87,-82.65,-151.65
52.414223,-1.531306,145.76,3.29,3,223.84,19 / 22,1948609,2019-09-06 19:52:34:352,0.1051,0.1355,9.8714,0.0018,0.0028,9.8065,-0.0137,-0.0153,-0.007,4.88,-34.31,24.38,47.91,-82.66,-151.68
52.414223,-1.531306,145.76,3.29,3,223.84,19 / 22,1948710,2019-09-06 19:52:34:453,-0.0147,-0.0517,9.7387,-0.0002,-0.0006,9.8066,0.0032,-0.0143,-0.0114,4.38,-34.94,24.06,45.61,-82.65,-151.67
52.414223,-1.531306,145.76,3.29,3,223.84,19 / 22,1948810,2019-09-06 19:52:34:553,-0.0391,-0.0128,9.9095,0.0001,0.0007,9.8066,0.0099,-0.0011,0.0014,4.94,-35.12,24.5,47.24,-82.66,-151.74
52.414223,-1.531306,145.76,3.29,3,223.84,19 / 22,1948909,2019-09-06 19:52:34:652,0.1163,0.0562,9.9529,-0.0003,-0.0013,9.8066,0.0036,0.0069,0.0027,4.69,-35.19,24.69,47.29,-82.64,-151.71
52.414223,-1.531306,145.76,3.29,3,223.84,19 / 22,1949009,2019-09-06 19:52:34:752,-0.0447,0.0567,9.807,0.0006,-0.0014,9.8066,-0.0059,0.0155,0.0083,4.5,-35.19,24.31,48.06,-82.65,-151.78
52.414223,-1.531306,145.76,3.29,3,223.84,19 / 22,1949110,2019-09-06 19:52:34:853,-0.0666,-0.1885,9.8195,0.0009,0.0003,9.8066,-0.0034,0.0041,0.0027,4.88,-34.87,24.25,47.96,-82.65,-151.87
52.414223,-1.531306,145.76,3.29,3,223.84,19 / 22,1949211,2019-09-06 19:52:34:954,0.0715,-0.1142,9.8215,-0.0003,-0.0009,9.8066,-0.0172,0.0042,0.0025,4.75,-34.81,24.5,47.02,-82.66,-151.92
52.414223,-1.531306,145.76,3.29,3,223.84,19 / 22,1949310,2019-09-06 19:52:35:053,-0.0601,0.1852,9.9119,-0.0017,-0.0034,9.8066,-0.0054,-0.0126,-0.0012,4.44,-35.12,24.13,45.37,-82.68,-151.85
52.414223,-1.531306,145.76,3.29,3,223.84,20 / 22,1949410,2019-09-06 19:52:35:153,-0.0243,-0.0709,9.8769,-0.0019,-0.0037,9.8066,0.0115,-0.0126,-0.0121,4.63,-34.87,24.63,47.03,-82.64,-151.94
52.414223,-1.531306,145.76,3.29,3,223.84,20 / 22,1949509,2019-09-06 19:52:35:252,-0.0234,0.167,10.0503,0.0003,-0.0015,9.8066,0.0108,-0.0216,-0.0027,4.31,-34.75,24.31,45.38,-82.67,-151.86
52.414223,-1.531306,145.76,3.29,3,223.84,20 / 22,1949609,2019-09-06 19:52:35:352,-0.1214,0.051,9.6823,-0.0001,-0.0007,9.8066,-0.0077,0.0098,-0.0058,4.69,-35.31,24.13,47.92,-82.66,-151.9
52.414223,-1.531306,145.76,3.29,3,223.84,20 / 22,1949709,2019-09-06 19:52:35:452,-0.057,-0.1145,9.9171,0.001,-0.0019,9.8066,0.0017,-0.0004,0.0139,4.81,-34.5,24.19,47.62,-82.67,-151.93
52.414223,-1.531306,145.76,3.29,3,223.84,20 / 22,1949810,2019-09-06 19:52:35:553,0.0351,0.2167,9.9811,-0.0001,0.0024,9.8066,-0.0101,0.0191,0.001,4.81,-34.69,24.31,47.93,-82.66,-151.89
52.414223,-1.531306,145.76,3.29,3,223.84,20 / 22,1949910,2019-09-06 19:52:35:653,-0.158,0.0496,9.8376,-0.0009,-0.0045,9.8066,-0.0044,-0.0025,0.0198,4.38,-34.94,24.63,44.52,-82.68,-151.92
52.414223,-1.531306,145.76,3.29,3,223.84,20 / 22,1950010,2019-09-06 19:52:35:753,-0.0017,0.0225,9.7365,-0.0008,-0.0043,9.8066,0.0162,-0.0013,-0.003,4.69,-34.75,24.5,46.89,-82.63,-152.08
52.414223,-1.531306,145.76,3.29,3,223.84,20 / 22,1950109,2019-09-06 19:52:35:852,0.1323,0.0182,9.9727,0.0011,0.0039,9.8066,0.0212,-0.0267,0,4.44,-34.87,24.5,44.48,-82.67,-151.98
52.414223,-1.531306,145.76,3.29,3,223.84,20 / 22,1950211,2019-09-06 19:52:35:954,-0.0537,0.1776,9.8534,0,0.0007,9.8066,0.0069,-0.0056,-0.0056,4.56,-34.62,24,47.95,-82.64,-151.89
52.414223,-1.531306,145.76,3.29,3,223.84,20 / 22,1950310,2019-09-06 19:52:36:053,-0.064,0.0388,9.7909,-0.0011,-0.0027,9.8066,-0.0029,-0.0071,0.0058,4.38,-35,24.25,45.34,-82.65,-151.91
52.414223,-1.531306,145.76,3.29,3,223.84,20 / 22,1950409,2019-09-06 19:52:36:152,0.0565,-0.0524,9.9486,-0.0002,0.0004,9.8066,0.0092,0.0104,0.0008,4.38,-35.12,23.94,45.32,-82.63,-151.95
52.414223,-1.531306,145.76,3.29,3,223.84,20 / 22,1950509,2019-09-06 19:52:36:252,0.0332,-0.1348,9.7887,0.0005,-0.0024,9.8066,-0.0032,0.0038,0.015,5.06,-34.44,24.44,47.45,-82.64,-152.1
52.414223,-1.531306,145.76,3.29,3,223.84,20 / 22,1950609,2019-09-06 19:52:36:352,-0.0437,-0.1027,9.8206,-0.001,-0.0047,9.8066,0.0067,0,0.0136,4.75,-34.62,24.63,46.79,-82.63,-152.16
52.414223,-1.531306,145.76,3.29,3,223.84,20 / 22,1950709,2019-09-06 19:52:36:452,0.0484,0.1746,9.9855,-0.0014,0.0019,9.8066,-0.0074,-0.012,-0.0048,4.5,-34.94,24.44,47.75,-82.64,-152.07
52.414223,-1.531306,145.76,3.29,3,223.84,20 / 22,1950809,2019-09-06 19:52:36:552,0.0442,-0.0107,9.7976,0.0022,0.0047,9.8066,-0.0004,-0.0176,0.0005,5,-34.87,24.25,47.72,-82.65,-152.09
52.414223,-1.531306,145.76,3.29,3,223.84,20 / 22,1950910,2019-09-06 19:52:36:653,-0.0403,-0.0251,9.8061,-0.0013,-0.0031,9.8066,-0.011,-0.0184,-0.0104,4.5,-34.94,24.13,47.7,-82.65,-152.11
52.414223,-1.531306,145.76,3.29,3,223.84,20 / 22,1951009,2019-09-06 19:52:36:752,0.1184,0.0821,9.9672,0.001,0.0013,9.8065,0.0271,-0.0161,0.0028,4.69,-34.94,23.75,47.68,-82.64,-152.13
52.414223,-1.531306,145.76,3.29,3,223.84,20 / 22,1951109,2019-09-06 19:52:36:852,0.0068,0.0655,9.8153,-0.0005,-0.0012,9.8066,0.0048,0.0029,-0.0066,4.69,-34.69,24,47.64,-82.64,-152.17
52.414223,-1.531306,145.76,3.29,3,223.84,20 / 22,1951210,2019-09-06 19:52:36:953,-0.0684,0.0926,9.804,0.0006,-0.0003,9.8066,0.0003,0.0081,0.0083,4.31,-34.75,24.19,44.99,-82.65,-152.22
52.414223,-1.531306,145.76,3.29,3,223.84,20 / 22,1951310,2019-09-06 19:52:37:053,0.1156,-0.0792,9.8846,0.0001,0.0001,9.8066,-0.0088,0.0184,0.0034,4.19,-35.06,24,44.84,-82.65,-152.35
52.414223,-1.531306,145.76,3.29,3,223.84,19 / 22,1951409,2019-09-06 19:52:37:152,0.0792,0.0688,9.8639,0.0011,0.0016,9.8066,-0.0123,0.0012,0.0183,4.75,-34.75,24.13,47.44,-82.66,-152.32
52.414223,-1.531306,145.76,3.29,3,223.84,19 / 22,1951510,2019-09-06 19:52:37:253,-0.0103,0.1519,9.7891,-0.0033,-0.0023,9.8066,-0.0191,0.0047,-0.0058,5.06,-34.81,24.19,47.45,-82.66,-152.31
52.414223,-1.531306,145.76,3.29,3,223.84,19 / 22,1951609,2019-09-06 19:52:37:352,0.1001,-0.1182,9.8117,-0.0011,-0.0031,9.8066,0.0131,-0.0213,0.0038,4.56,-35.19,24.38,47.58,-82.64,-152.22
52.414223,-1.531306,145.76,3.29,3,223.84,19 / 22,1951709,2019-09-06 19:52:37:452,0.042,0.1602,9.9262,-0.0008,0.0015,9.8066,0.0106,-0.0132,-0.0172,4.94,-34.75,23.94,47.68,-82.65,-152.12
52.414223,-1.531306,145.76,3.29,3,223.84,19 / 22,1951810,2019-09-06 19:52:37:553,0.1232,0.1972,9.8567,0.0018,0.0019,9.8065,0.0076,-0.0183,-0.004,4.81,-34.94,23.81,47.63,-82.65,-152.16
52.414223,-1.531306,145.76,3.29,3,223.84,19 / 22,1951909,2019-09-06 19:52:37:652,0.0281,-0.0631,9.7069,-0.0012,0.0001,9.8066,0.0018,-0.0005,-0.0072,5.06,-34.81,24.38,47.73,-82.64,-152.08
52.414223,-1.531306,145.76,3.29,3,223.84,19 / 22,1952009,2019-09-06 19:52:37:752,-0.0487,0.0028,9.9097,0.0011,0.0016,9.8066,0.0111,-0.0032,0.0114,4.88,-35,24.06,47.65,-82.66,-152.14
52.414223,-1.531306,145.76,3.29,3,223.84,19 / 22,1952109,2019-09-06 19:52:37:852,0.114,0.1665,9.9254,0.0001,-0.0026,9.8066,-0.0078,0.0128,0.0014,4.88,-35.06,24.56,46.79,-82.64,-152.15
52.414223,-1.531306,145.76,3.29,3,223.84,19 / 22,1952210,2019-09-06 19:52:37:953,0.0043,-0.0512,9.7019,-0.0005,-0.0034,9.8066,-0.0061,-0.0007,0.012,4.13,-34.94,24.5,44.15,-82.65,-152.29
52.414223,-1.531306,145.76,3.29,3,223.84,19 / 22,1952310,2019-09-06 19:52:38:053,-0.0354,-0.0154,9.9033,0.0009,0.0032,9.8066,0.0071,-0.0012,-0.0085,4.44,-34.94,24.25,45.05,-82.66,-152.15
52.414223,-1.531306,145.76,3.29,3,223.84,19 / 21,1952409,2019-09-06 19:52:38:152,0.0855,-0.1042,9.9379,0.0018,0.0017,9.8066,-0.011,-0.026,-0.0087,4.63,-35.25,24.13,47.48,-82.67,-152.28
52.414223,-1.531306,145.76,3.29,3,223.84,19 / 21,1952510,2019-09-06 19:52:38:253,0.0263,0.0709,9.7448,-0.0012,-0.0012,9.8066,-0.005,-0.0134,-0.0056,4.56,-35.06,24.06,47.48,-82.66,-152.29
52.414223,-1.531306,145.76,3.29,3,223.84,19 / 21,1952610,2019-09-06 19:52:38:353,-0.1052,-0.0007,9.807,-0.0011,-0.0006,9.8066,0.0164,-0.0058,-0.0124,4.75,-34.44,24.44,47.2,-82.67,-152.3
52.414223,-1.531306,145.76,3.29,3,223.84,19 / 21,1952710,2019-09-06 19:52:38:453,-0.0924,-0.18,9.939,0,-0.0004,9.8066,0.013,-0.009,0.002,5.25,-34.87,24.44,47.58,-82.65,-152.21
52.414223,-1.531306,145.76,3.29,3,223.84,19 / 21,1952809,2019-09-06 19:52:38:552,-0.004,0.1906,9.8485,0.0001,-0.0008,9.8066,0.0049,0.0125,0.0045,4.38,-34.75,24.5,44.2,-82.65,-152.24
52.414223,-1.531306,145.76,3.29,3,223.84,19 / 21,1952909,2019-09-06 19:52:38:652,-0.0842,0.0442,9.755,0.0018,0.0012,9.8066,0.0036,0.014,0.0126,4.69,-35.12,24.38,47.55,-82.67,-152.21
52.414223,-1.531306,145.76,3.29,3,223.84,19 / 21,1953010,2019-09-06 19:52:38:753,-0.0164,-0.205,9.801,0.0015,0.0014,9.8066,-0.0085,0.019,0.0064,4.94,-34.75,24,47.46,-82.66,-152.31
52.414223,-1.531306,145.76,3.29,3,223.84,19 / 21,1953109,2019-09-06 19:52:38:852,-0.0165,0.1793,9.9444,-0.0012,-0.0018,9.8066,-0.0146,-0.007,0.0171,4.44,-34.94,24.75,44.09,-82.65,-152.33
52.414223,-1.531306,145.76,3.29,3,223.84,19 / 21,1953209,2019-09-06 19:52:38:952,-0.0981,0.0737,9.7728,-0.0028,-0.0023,9.8066,0.0075,-0.0018,-0.0034,4.5,-34.81,24.5,46.73,-82.64,-152.21
52.414223,-1.531306,145.76,3.29,3,223.84,19 / 21,1953310,2019-09-06 19:52:39:053,0.0707,-0.0757,9.8492,0.0015,0.0027,9.8066,0.0101,-0.0263,-0.0037,4.31,-34.69,24.56,44.31,-82.64,-152.15
52.414223,-1.531306,145.76,3.29,3,223.84,20 / 22,1953409,2019-09-06 19:52:39:152,0.0173,0.0159,9.985,0.0009,-0.0005,9.8065,0.0025,-0.0066,-0.003,4.25,-35.25,24.69,44.27,-82.65,-152.18
52.414223,-1.531306,145.76,3.29,3,223.84,20 / 22,1953510,2019-09-06 19:52:39:253,0.0358,0.151,9.7771,0.0001,-0.0013,9.8066,-0.0065,-0.009,-0.0002,4.56,-34.31,25,46.39,-82.65,-152.29
52.414223,-1.531306,145.76,3.29,3,223.84,20 / 22,1953609,2019-09-06 19:52:39:352,-0.0797,0.0707,9.7808,0.0002,0.0009,9.8066,0.0208,0.0042,0.0083,4.31,-35.56,24.69,44.36,-82.65,-152.31
52.414223,-1.531306,145.76,3.29,3,223.84,20 / 22,1953710,2019-09-06 19:52:39:453,-0.0335,-0.0216,10.0191,-0.0005,-0.0033,9.8066,-0.0023,0.0056,0.011,4.69,-34.5,24.31,47.17,-82.65,-152.34
52.414223,-1.531306,145.76,3.29,3,223.84,20 / 22,1953809,2019-09-06 19:52:39:552,0.0382,0.0378,9.887,-0.001,-0.0019,9.8066,0.0011,0.004,0.0119,4.81,-34.81,24.56,46.52,-82.62,-152.41
52.414223,-1.531306,145.76,3.29,3,223.84,20 / 22,1953910,2019-09-06 19:52:39:653,-0.0718,0.0926,9.8212,0.0008,0.0026,9.8066,-0.005,0.0057,0.0014,4.44,-34.56,25.13,44.05,-82.65,-152.37
52.414223,-1.531306,145.76,3.29,3,223.84,20 / 22,1954010,2019-09-06 19:52:39:753,0.0807,-0.0556,9.9265,0.0005,0.004,9.8066,-0.0019,-0.0178,0.005,5.06,-34.06,23.81,47.23,-82.66,-152.29
52.414223,-1.531306,145.76,3.29,3,223.84,20 / 22,1954109,2019-09-06 19:52:39:852,0.1463,0.2167,9.8827,-0.0017,-0.0026,9.8066,-0.0144,-0.0411,-0.0014,5.06,-34.94,24.5,46.54,-82.63,-152.38
52.414223,-1.531306,145.76,3.29,3,223.84,20 / 22,1954210,2019-09-06 19:52:39:953,-0.1904,0.1283,9.8453,-0.0005,-0.0002,9.8066,0.0189,-0.0078,-0.0006,4.44,-34.62,23.88,44.98,-82.63,-152.25
52.414223,-1.531306,145.76,3.29,3,223.84,20 / 22,1954309,2019-09-06 19:52:40:052,0.0349,-0.0822,9.8109,-0.0014,0.0009,9.8066,0.0162,-0.0017,-0.0017,4.38,-34.81,24.56,44.09,-82.64,-152.35
52.414223,-1.531306,145.76,3.29,3,223.84,20 / 22,1954410,2019-09-06 19:52:40:153,0.0747,0.1452,9.8753,0.0005,-0.0005,9.8066,0.0073,0.0115,0.0129,4.69,-34.31,24.63,46.29,-82.64,-152.38
52.414223,-1.531306,145.76,3.29,3,223.84,20 / 22,1954509,2019-09-06 19:52:40:252,0.0637,-0.1305,9.702,-0.0008,0.0003,9.8066,-0.0063,0.0143,0.0054,4.56,-34.81,24.5,46.49,-82.62,-152.44
52.414223,-1.531306,145.76,3.29,3,223.84,20 / 22,1954610,2019-09-06 19:52:40:353,-0.0337,-0.1439,9.8821,0.0008,0.0008,9.8066,-0.0186,0.0079,0.0071,4.19,-34.87,24.19,44.85,-82.62,-152.37
52.414223,-1.531306,145.76,3.29,3,223.84,20 / 22,1954710,2019-09-06 19:52:40:453,0.0337,0.0898,9.9285,-0.0022,-0.0032,9.8066,-0.0211,-0.0012,-0.005,4.63,-34.62,24.31,47.47,-82.6,-152.36
52.414223,-1.531306,145.76,3.29,3,223.84,20 / 22,1954816,2019-09-06 19:52:40:559,0.0411,0.1105,9.7098,0.0006,0.0038,9.8066,0.0239,-0.0223,0.0048,4.44,-35,24.75,44.05,-82.6,-152.42
52.414223,-1.531306,145.76,3.29,3,223.84,20 / 22,1954909,2019-09-06 19:52:40:652,-0.0164,-0.0224,9.8837,-0.0004,0.0002,9.8065,0.0175,-0.0198,-0.0163,4.94,-34.69,24.81,46.57,-82.6,-152.38
52.414223,-1.531306,145.76,3.29,3,223.84,20 / 22,1955010,2019-09-06 19:52:40:753,0.0231,0.1194,9.8601,0.0011,0.0015,9.8066,-0.0079,-0.0216,-0.0003,5.19,-34.56,24.56,46.59,-82.6,-152.37
52.414223,-1.531306,145.76,3.29,3,223.84,20 / 22,1955109,2019-09-06 19:52:40:852,0.0506,-0.1356,9.7413,-0.0012,-0.0018,9.8066,-0.0012,0.011,-0.0097,4.5,-34.56,24.19,47.54,-82.6,-152.31
52.414223,-1.531306,145.76,3.29,3,223.84,20 / 22,1955209,2019-09-06 19:52:40:952,0.0033,0.0131,9.9382,0.0021,0.0021,9.8066,0.0001,0.0082,0.013,4.44,-35.25,25,44.11,-82.62,-152.35
52.414223,-1.531306,145.76,3.29,3,223.84,20 / 22,1955309,2019-09-06 19:52:41:052,-0.1178,-0.0443,9.7835,-0.0011,-0.0031,9.8066,-0.0102,0.0236,-0.0009,4.81,-34.44,24.94,46.37,-82.61,-152.34
52.414223,-1.531306,145.76,3.29,3,223.84,19 / 21,1955409,2019-09-06 19:52:41:152,-0.0408,0.0182,9.9525,0,-0.0035,9.8065,-0.0053,0.0001,0.0116,4.25,-35.12,24.5,43.92,-82.6,-152.53
52.414223,-1.531306,145.76,3.29,3,223.84,19 / 21,1955509,2019-09-06 19:52:41:252,0.0465,0.0751,9.7889,0.0017,0.0041,9.8065,0.0069,-0.0038,0.0011,4.69,-34.94,23.81,47.4,-82.62,-152.4
52.414223,-1.531306,145.76,3.29,3,223.84,19 / 21,1955610,2019-09-06 19:52:41:353,-0.0507,-0.2254,9.8383,-0.0021,-0.0023,9.8066,-0.0192,-0.0087,-0.0054,5.06,-35.31,24.44,47.46,-82.62,-152.35
52.414223,-1.531306,145.76,3.29,3,223.84,19 / 21,1955709,2019-09-06 19:52:41:452,-0.0593,0.1508,9.9486,-0.0003,-0.0024,9.8066,0.0003,-0.0127,-0.0093,5.13,-34.62,24.56,46.7,-82.62,-152.25
52.414223,-1.531306,145.76,3.29,3,223.84,19 / 21,1955809,2019-09-06 19:52:41:552,0.0728,0.123,9.7719,-0.0013,-0.0019,9.8066,0.0132,0.0012,-0.0074,4.63,-34.69,24.25,47.48,-82.6,-152.35
52.414223,-1.531306,145.76,3.29,3,223.84,19 / 21,1955909,2019-09-06 19:52:41:652,-0.0965,-0.2115,9.7651,0.0006,-0.0002,9.8066,0.016,0.0061,0.0119,4.81,-34.81,24.5,46.66,-82.61,-152.3
52.414223,-1.531306,145.76,3.29,3,223.84,19 / 21,1956010,2019-09-06 19:52:41:753,-0.0683,0.1443,9.9685,-0.0006,-0.001,9.8066,0.0008,0.0113,0.0044,4.69,-34.62,24.69,46.67,-82.61,-152.3
52.414223,-1.531306,145.76,3.29,3,223.84,19 / 21,1956109,2019-09-06 19:52:41:852,0.0194,0.0233,9.8538,0.0005,0.0016,9.8066,-0.0028,0.01,-0.002,4.69,-35,24.5,46.7,-82.6,-152.27
52.414223,-1.531306,145.76,3.29,3,223.84,19 / 21,1956209,2019-09-06 19:52:41:952,0.0134,-0.0879,9.7476,0.0014,0.0004,9.8065,-0.0092,0.0014,0.0036,4.94,-34.25,23.63,47.12,-82.61,-152.44
52.414223,-1.531306,145.76,3.29,3,223.84,19 / 21,1956310,2019-09-06 19:52:42:053,-0.0092,0.1746,9.9881,-0.0012,-0.0025,9.8066,-0.0022,-0.0196,-0.0008,4.88,-34.75,24.63,46.6,-82.62,-152.34
52.414223,-1.531306,145.76,3.29,3,223.84,19 / 21,1956409,2019-09-06 19:52:42:152,-0.0666,-0.0071,9.8867,-0.0026,-0.0013,9.8066,0.0067,-0.0091,-0.0136,5.38,-34.81,24.94,46.66,-82.59,-152.32
52.414223,-1.531306,145.76,3.29,3,223.84,19 / 21,1956510,2019-09-06 19:52:42:253,-0.1238,-0.0528,9.7346,0.0013,0.0013,9.8066,0.0219,-0.0246,0.0026,4.63,-34.5,24.19,47.29,-82.62,-152.27
52.414223,-1.531306,145.76,3.29,3,223.84,19 / 21,1956610,2019-09-06 19:52:42:353,-0.0895,-0.0887,9.9789,-0.0003,0.0004,9.8066,-0.0017,0.0173,-0.0081,4.5,-34.87,24.13,47.55,-82.61,-152.28
52.414223,-1.531306,145.76,3.29,3,223.84,19 / 21,1956709,2019-09-06 19:52:42:452,0.023,0.0327,9.9005,0.0017,0.0033,9.8066,0.0057,0.0058,0.0148,4.81,-35.06,24.63,46.64,-82.63,-152.29
52.414223,-1.531306,145.76,3.29,3,223.84,19 / 21,1956809,2019-09-06 19:52:42:552,-0.116,0.1702,9.791,-0.0004,0.0027,9.8066,-0.0081,0.0198,0.0028,4.38,-35.25,24.75,44.23,-82.62,-152.24
52.414223,-1.531306,145.76,3.29,3,223.84,19 / 21,1956910,2019-09-06 19:52:42:653,-0.0209,-0.2952,9.9317,0.0007,-0.0028,9.8066,0.0063,-0.0108,0.0098,5.19,-34.56,24.88,46.64,-82.62,-152.31
52.414223,-1.531306,145.76,3.29,3,223.84,19 / 21,1957009,2019-09-06 19:52:42:752,-0.1308,-0.1669,9.8536,-0.003,-0.0049,9.8066,-0.0122,-0.014,0.0028,5.06,-34.56,24.38,47.42,-82.59,-152.42
52.414223,-1.531306,145.76,3.29,3,223.84,19 / 21,1957109,2019-09-06 19:52:42:852,0.0199,0.4268,9.903,0.0002,0.0016,9.8066,-0.0064,-0.0243,-0.0058,4.81,-34.56,24.25,47.53,-82.6,-152.3
52.414223,-1.531306,145.76,3.29,3,223.84,19 / 21,1957209,2019-09-06 19:52:42:952,-0.0132,-0.4994,9.7383,0.0018,0.0023,9.8066,0.0135,-0.0049,-0.0035,4.31,-34.81,23.94,44.84,-82.6,-152.4
52.414223,-1.531306,145.76,3.29,3,223.84,19 / 21,1957309,2019-09-06 19:52:43:052,-0.1791,-0.315,9.9089,-0.0019,-0.0054,9.8066,0.0038,-0.0017,0.0124,5.06,-34.44,23.94,47.11,-82.61,-152.44
52.414223,-1.531306,145.76,3.29,3,223.84,20 / 22,1957410,2019-09-06 19:52:43:153,0.0045,-0.0509,9.7663,-0.0025,-0.0059,9.8066,0.0043,0.0002,0.0052,5.19,-34.69,24.63,46.41,-82.56,-152.57
52.414223,-1.531306,145.76,3.29,3,223.84,20 / 22,1957509,2019-09-06 19:52:43:252,-0.0879,-0.3746,9.883,0,0.001,9.8066,0.0078,-0.0223,-0.0017,4.75,-34.25,23.38,47.93,-82.57,-152.58
52.414223,-1.531306,145.76,3.29,3,223.84,20 / 22,1957610,2019-09-06 19:52:43:353,-0.1103,-0.0771,9.8175,0.0013,0.001,9.8066,0.0024,0.0144,-0.0068,4.75,-34.37,24.19,46.96,-82.55,-152.63
52.414223,-1.531306,145.76,3.29,3,223.84,20 / 22,1957710,2019-09-06 19:52:43:453,-0.0792,-0.3595,9.7607,0.0014,0.0041,9.8066,0.012,-0.013,-0.0004,5.31,-34,24.13,46.82,-82.56,-152.75
52.414223,-1.531306,145.76,3.29,3,223.84,20 / 22,1957809,2019-09-06 19:52:43:552,-0.2549,-0.5122,9.8491,0.0005,0.0009,9.8066,0.0137,-0.0093,-0.0004,4.94,-34.31,25,45.71,-82.53,-153.01
52.414223,-1.531306,145.76,3.29,3,223.84,20 / 22,1957909,2019-09-06 19:52:43:652,-0.4784,-1.36,9.9256,-0.0015,-0.0122,9.8066,0.0144,-0.0243,0.0041,5.19,-34.69,24.5,45.78,-82.5,-153.19
52.414223,-1.531306,145.76,3.29,3,223.84,20 / 22,1958010,2019-09-06 19:52:43:753,-0.1905,-0.7478,9.9987,-0.0012,-0.0048,9.8065,-0.0164,-0.0054,-0.0053,5.38,-34.12,25.19,45.06,-82.42,-153.69
52.414223,-1.531306,145.76,3.29,3,223.84,20 / 22,1958110,2019-09-06 19:52:43:853,-0.549,-2.2302,10.0252,-0.0022,-0.0154,9.8066,-0.0142,-0.0158,0.0049,4.44,-33.87,24.5,41.78,-82.3,-154.48
52.414223,-1.531306,145.76,3.29,3,223.84,20 / 22,1958210,2019-09-06 19:52:43:953,-0.5503,-1.8194,9.7665,-0.005,-0.0159,9.8066,-0.0021,0.0001,-0.0079,5,-33.69,25.13,44.12,-82.26,-154.66
52.414223,-1.531306,145.76,3.29,3,223.84,20 / 22,1958309,2019-09-06 19:52:44:052,-0.5396,-1.9447,9.6699,0.0021,0.0002,9.8066,0.0032,0.0077,0.0085,4.94,-33.62,24.5,43.81,-82.25,-154.95
52.414223,-1.531306,145.76,3.29,3,223.84,18 / 20,1958410,2019-09-06 19:52:44:153,-0.6379,-1.8694,9.7262,-0.0004,-0.0033,9.8066,0.0096,-0.0156,0.0051,4.75,-33.75,25.31,43.53,-82.19,-155.26
52.414223,-1.531306,145.76,3.29,3,223.84,18 / 20,1958509,2019-09-06 19:52:44:252,-0.4188,-1.368,9.8502,-0.0007,-0.002,9.8066,0.0367,-0.0127,-0.0121,4.94,-33.62,25.44,43.51,-82.17,-155.28
52.414223,-1.531306,145.76,3.29,3,223.84,18 / 20,1958610,2019-09-06 19:52:44:353,-0.5714,-1.3663,10.0192,0.001,0.0038,9.8066,-0.0274,-0.0153,0.0029,5.5,-34.12,24.81,45.85,-82.13,-155.42
52.414223,-1.531306,145.76,3.29,3,223.84,18 / 20,1958709,2019-09-06 19:52:44:452,-0.6757,-2.4973,10.049,-0.0015,-0.0101,9.8065,-0.0105,-0.0069,-0.0023,5.38,-33.25,25.56,42.26,-82.1,-155.54
52.414223,-1.531306,145.76,3.29,3,223.84,18 / 20,1958810,2019-09-06 19:52:44:553,-0.5916,-1.3219,9.7966,0.0026,0.0006,9.8066,0.0208,0.0194,0.0047,5.44,-33.44,25,42.7,-82.06,-155.88
52.414223,-1.531306,145.76,3.29,3,223.84,18 / 20,1958909,2019-09-06 19:52:44:652,-0.8126,-2.2866,9.8884,0.0042,-0.0016,9.8066,0.0048,-0.0012,0.0082,5.88,-33.94,25.69,44.06,-82.01,-156.33
52.414223,-1.531306,145.76,3.29,3,223.84,18 / 20,1959010,2019-09-06 19:52:44:753,-0.2393,-0.9757,9.8131,0.0008,-0.0009,9.8066,0.012,-0.0082,-0.025,5.81,-33.56,26.06,43.45,-81.97,-156.89
52.414223,-1.531306,145.76,3.29,3,223.84,18 / 20,1959110,2019-09-06 19:52:44:853,-0.2715,-1.219,9.7784,0.0007,-0.0072,9.8066,0.0285,0.0029,-0.0022,5.56,-34.12,25.5,42.78,-81.9,-157.54
52.414223,-1.531306,145.76,3.29,3,223.84,18 / 20,1959210,2019-09-06 19:52:44:953,-0.8695,-2.5055,9.9316,-0.0057,-0.0038,9.8066,-0.0396,-0.0016,0.0081,5.75,-34.25,24.81,43.59,-81.79,-157.72
52.414223,-1.531306,145.76,3.29,3,223.84,18 / 20,1959309,2019-09-06 19:52:45:052,-0.4872,-1.3913,9.7834,-0.0077,-0.0136,9.8066,-0.0643,-0.0067,0.0125,6.06,-33.56,25.06,43.65,-81.65,-157.8
52.414223,-1.531306,145.76,3.29,3,223.84,20 / 22,1959409,2019-09-06 19:52:45:152,-0.51,-1.4606,9.7516,0.0013,-0.0004,9.8066,0.0427,0.0179,-0.0157,5.63,-33.37,25.44,43.47,-81.66,-157.73
52.414223,-1.531306,145.76,3.29,3,223.84,20 / 22,1959510,2019-09-06 19:52:45:253,-0.9004,-1.0695,10.0988,0.0027,0.0112,9.8066,0.0404,-0.0412,0.0247,6.38,-33.31,25.38,43.53,-81.67,-157.67
52.414223,-1.531306,145.76,3.29,3,223.84,20 / 22,1959610,2019-09-06 19:52:45:353,-0.1703,-0.9672,10.2,0.0041,-0.0037,9.8066,0.0529,-0.0257,-0.018,6.38,-33.44,25,42.92,-81.64,-158.22
52.414223,-1.531306,145.76,3.29,3,223.84,20 / 22,1959710,2019-09-06 19:52:45:453,-1.1585,-1.5316,10.2203,0.0029,-0.003,9.8066,0.0179,-0.0114,0.0137,6.63,-34.19,25.19,44.93,-81.57,-158.86
52.414223,-1.531306,145.76,3.29,3,223.84,20 / 22,1959810,2019-09-06 19:52:45:553,-0.8907,-1.3346,9.726,-0.0019,-0.0226,9.8066,-0.0465,-0.0087,-0.0073,5.94,-33.5,24.25,42.83,-81.55,-159.21
52.414223,-1.531306,145.76,3.29,3,223.84,20 / 22,1959910,2019-09-06 19:52:45:653,-0.3054,-1.2057,9.6496,0.0078,0.0118,9.8066,-0.063,-0.0103,-0.0047,6.06,-33.37,24.81,41.14,-81.49,-159.89
52.414223,-1.531306,145.76,3.29,3,223.84,20 / 22,1960010,2019-09-06 19:52:45:753,-0.2948,-1.6928,10.1869,0.0057,0.0107,9.8066,0.0347,0.0187,0.0014,6.13,-33.5,25,40.92,-81.55,-160.02
52.414223,-1.531306,145.76,3.29,3,223.84,20 / 22,1960110,2019-09-06 19:52:45:853,-1.0013,-1.8876,9.8554,0.0038,-0.0108,9.8066,0.0507,-0.0178,-0.0052,6.63,-33.75,25.25,43.37,-81.55,-160.22
52.414223,-1.531306,145.76,3.29,3,223.84,20 / 22,1960210,2019-09-06 19:52:45:953,-0.206,-0.8375,9.9125,-0.0019,-0.0048,9.8066,0.0164,-0.0132,-0.0029,6.44,-33.75,24.13,41.24,-81.6,-160.74
52.414223,-1.531306,145.76,3.29,3,223.84,20 / 22,1960309,2019-09-06 19:52:46:052,-0.3039,-1.6487,10.0817,0.0197,0.0138,9.8066,-0.0267,0.0249,-0.0288,6.13,-34.25,23.56,40.43,-81.7,-161.33
52.414223,-1.531306,145.76,3.29,3,223.84,20 / 22,1960410,2019-09-06 19:52:46:153,0.1944,-0.4818,9.5866,0.0007,-0.0146,9.8066,-0.079,0.0064,0.0012,6.56,-34.19,24,41.93,-81.83,-162.08
52.414223,-1.531306,145.76,3.29,3,223.84,20 / 22,1960509,2019-09-06 19:52:46:252,0.0817,-1.3776,9.4269,0.0011,-0.0167,9.8066,-0.0928,0.0537,-0.0234,6.38,-34.62,24.06,39.08,-81.92,-162.46
52.414223,-1.531306,145.76,3.29,3,223.84,20 / 22,1960609,2019-09-06 19:52:46:352,-0.2866,-0.8578,9.5697,0.0055,0.0176,9.8066,0.0769,0.0368,-0.0101,6,-34.5,24.25,38.75,-81.93,-162.53
52.414223,-1.531306,145.76,3.29,3,223.84,20 / 22,1960709,2019-09-06 19:52:46:452,0.0456,-0.9708,10.031,-0.0025,0.0126,9.8066,0.0172,0.0081,0.0138,5.94,-34.56,24.5,38.59,-82,-161.99
52.414223,-1.531306,145.76,3.29,3,223.84,20 / 22,1960810,2019-09-06 19:52:46:553,-0.291,-1.7776,10.1266,0.0069,0.0075,9.8066,0.028,0.0371,-0.0163,6.19,-34.25,24.63,38.69,-81.98,-161.73
52.414223,-1.531306,145.76,3.29,3,223.84,20 / 22,1960909,2019-09-06 19:52:46:652,-0.6114,-1.014,10.2881,0.0038,0.0121,9.8066,0.0494,0.0561,-0.0126,6.13,-33.94,25.44,38.49,-81.97,-161.91
52.414223,-1.531306,145.76,3.29,3,223.84,20 / 22,1961009,2019-09-06 19:52:46:752,-0.1562,-0.9418,9.6898,0.0059,-0.039,9.8065,-0.1035,0.0704,-0.0421,5.56,-33.87,24.31,37.77,-81.87,-163.41
52.414223,-1.531306,145.76,3.29,3,223.84,20 / 22,1961110,2019-09-06 19:52:46:853,0.3362,-0.9648,9.4161,0.0144,0.0195,9.8065,-0.0917,0.019,0.0297,5.69,-33.81,25.25,35.45,-81.95,-164.5
52.414223,-1.531306,145.76,3.29,3,223.84,20 / 22,1961209,2019-09-06 19:52:46:952,0.7702,-0.7603,9.5604,0.005,0.0137,9.8066,0.1042,0.0355,-0.027,5.94,-34.31,25.19,34.86,-81.9,-165.04
52.414223,-1.531306,145.76,3.29,3,223.84,20 / 22,1961310,2019-09-06 19:52:47:053,-0.2193,-1.2784,10.0744,-0.0091,0.001,9.8066,0.0671,0.0637,-0.0115,5.5,-33.94,25.38,35.57,-81.83,-164.5
52.414135,-1.531416,146.41,5.39,2,221.27,20 / 22,1961409,2019-09-06 19:52:47:152,-0.3057,-0.8647,10.152,0.0003,-0.0053,9.8066,0.0094,0.0506,-0.0425,5.94,-33.37,25.56,34.61,-81.75,-164.47
52.414135,-1.531416,146.41,5.39,2,221.27,20 / 22,1961510,2019-09-06 19:52:47:253,0.3274,-1.5547,9.9684,-0.0008,-0.0129,9.8066,-0.0724,0.0563,-0.0341,6.44,-33.94,25.38,34.63,-81.72,-165.38
52.414135,-1.531416,146.41,5.39,2,221.27,20 / 22,1961609,2019-09-06 19:52:47:352,0.4081,0.2731,10.1614,0.0123,-0.0233,9.8066,-0.041,0.0965,-0.0461,6.06,-33.94,25.25,32.73,-81.78,-166.92
52.414135,-1.531416,146.41,5.39,2,221.27,20 / 22,1961710,2019-09-06 19:52:47:453,0.0258,-0.3585,9.9147,0.0303,0.0046,9.8065,0.0132,0.0778,-0.0966,5.69,-33.37,25,30.67,-81.77,-168.47
52.414135,-1.531416,146.41,5.39,2,221.27,20 / 22,1961809,2019-09-06 19:52:47:552,0.4293,-1.2312,9.2236,0.0156,0.0198,9.8066,0.0167,0.0578,-0.0257,6.19,-33.69,26.06,27.16,-81.96,-170.74
52.414135,-1.531416,146.41,5.39,2,221.27,20 / 22,1961910,2019-09-06 19:52:47:653,0.3372,-1.8618,10.0769,-0.0099,-0.0243,9.8066,-0.117,0.0108,0.0158,6.06,-33.87,25.06,27.8,-81.86,-170.95
52.414135,-1.531416,146.41,5.39,2,221.27,20 / 22,1962009,2019-09-06 19:52:47:752,-0.2864,-0.473,10.2907,0.0045,-0.0132,9.8066,-0.0628,0.0428,-0.0345,5.94,-33.44,25.31,27.07,-81.93,-171.37
52.414135,-1.531416,146.41,5.39,2,221.27,20 / 22,1962109,2019-09-06 19:52:47:852,0.2125,-0.959,9.8426,0.0154,0.0119,9.8066,0.0502,0.0508,-0.0102,7.06,-34,25.75,28.37,-81.96,-171.76
52.414135,-1.531416,146.41,5.39,2,221.27,20 / 22,1962210,2019-09-06 19:52:47:953,0.4391,-0.8817,9.8502,0.0099,0.0135,9.8066,0.0572,0.0873,-0.004,5.94,-33.37,25.94,24.61,-82.16,-172.62
52.414135,-1.531416,146.41,5.39,2,221.27,20 / 22,1962310,2019-09-06 19:52:48:053,-0.3172,-0.9239,10.2995,-0.0022,-0.0298,9.8066,-0.0784,0.0558,-0.05,6.06,-32.81,26.13,24.16,-81.93,-173.12
52.414135,-1.531416,146.41,5.39,2,221.27,20 / 22,1962409,2019-09-06 19:52:48:152,-0.6025,-0.7273,9.3778,-0.0114,-0.0214,9.8066,-0.0265,0.0045,0.026,6,-33.94,26.31,24.42,-81.83,-173.09
52.414135,-1.531416,146.41,5.39,2,221.27,20 / 22,1962510,2019-09-06 19:52:48:253,0.176,-0.5864,9.1733,0.0133,0.0073,9.8066,0.055,0.0558,-0.0146,5.69,-33.75,26.63,22.69,-81.93,-173.86
52.414135,-1.531416,146.41,5.39,2,221.27,20 / 22,1962609,2019-09-06 19:52:48:352,0.6787,-0.8542,9.6105,0.0017,0.011,9.8066,-0.0128,0.0023,0,5.31,-33.5,26,20.81,-82,-173.8
52.414135,-1.531416,146.41,5.39,2,221.27,20 / 22,1962710,2019-09-06 19:52:48:453,-0.3655,-1.1008,10.2486,0.0204,0.0048,9.8066,-0.1537,-0.0687,0.0353,5.44,-33.37,25.63,20.36,-82.21,-174.07
52.414135,-1.531416,146.41,5.39,2,221.27,20 / 22,1962809,2019-09-06 19:52:48:552,1.2121,0.0478,10.0523,0.0137,-0.0283,9.8065,-0.26,0.0932,-0.0872,6,-33,25.94,20.72,-82.3,-175.81
52.414135,-1.531416,146.41,5.39,2,221.27,20 / 22,1962909,2019-09-06 19:52:48:652,0.1971,-0.624,9.1727,-0.0081,0.0029,9.8066,0.2029,-0.022,0.0523,5.81,-33.56,25.88,20.99,-82.25,-175.71
52.414135,-1.531416,146.41,5.39,2,221.27,20 / 22,1963009,2019-09-06 19:52:48:752,1.7508,-0.0066,9.9002,-0.0045,-0.0339,9.8065,-0.1078,0.1574,-0.1666,5.19,-33,25.69,18.2,-81.87,-176.01
52.414135,-1.531416,146.41,5.39,2,221.27,20 / 22,1963110,2019-09-06 19:52:48:853,0.8101,-1.2691,9.8349,0.0147,0.0479,9.8064,-0.0634,-0.0188,0.0718,6.31,-33,26.25,19.87,-81.82,-176.75
52.414135,-1.531416,146.41,5.39,2,221.27,20 / 22,1963210,2019-09-06 19:52:48:953,-0.9215,-1.6286,10.2089,0.0233,0.0778,9.8063,0.0452,-0.0014,0.0006,5.88,-33.12,26.56,18.95,-82.09,-176.81
52.414135,-1.531416,146.41,5.39,2,221.27,20 / 22,1963310,2019-09-06 19:52:49:053,-1.043,-1.5314,10.188,-0.0123,-0.0206,9.8065,-0.1372,0.0728,-0.0195,5.81,-33.12,26.5,20,-82.23,-175.86
52.414135,-1.531416,146.41,5.39,2,221.27,20 / 22,1963409,2019-09-06 19:52:49:152,-0.9721,-1.1635,9.3313,-0.0141,0.0034,9.8065,-0.1609,0.0308,0.0035,5.94,-33.94,25.56,22.36,-82.37,-174.51
52.414135,-1.531416,146.41,5.39,2,221.27,20 / 22,1963509,2019-09-06 19:52:49:252,0.8323,-0.418,10.4021,0.0028,-0.0331,9.8066,0.0121,-0.0363,-0.017,5.38,-33.69,25.44,20.72,-82.42,-174.33
52.414135,-1.531416,146.41,5.39,2,221.27,20 / 22,1963610,2019-09-06 19:52:49:353,0.5745,-0.0203,10.4288,0.0102,-0.0322,9.8066,-0.0303,-0.006,-0.0716,6.19,-33.75,25.38,21.17,-82.46,-176.09
52.414135,-1.531416,146.41,5.39,2,221.27,20 / 22,1963710,2019-09-06 19:52:49:453,0.1727,0.4446,10.059,-0.0002,-0.0076,9.8066,0.0918,0.0544,0.0324,5.63,-33.5,25.69,19.95,-82.36,-176.43
52.414135,-1.531416,146.41,5.39,2,221.27,20 / 22,1963809,2019-09-06 19:52:49:552,-0.4105,-2.015,9.4294,-0.003,-0.0147,9.8066,0.1081,0.068,-0.0157,6.5,-33.25,26.19,21.97,-81.98,-176.96
52.414135,-1.531416,146.41,5.39,2,221.27,20 / 22,1963909,2019-09-06 19:52:49:652,-2.0793,-1.0538,10.08,0.001,-0.0328,9.8066,-0.2273,0.1,-0.0592,5.75,-33.5,26.06,18.4,-81.75,-177.99
52.414135,-1.531416,146.41,5.39,2,221.27,20 / 22,1964010,2019-09-06 19:52:49:753,1.1319,-1.2596,10.4359,0.017,0.0045,9.8066,-0.1342,0.0043,0.0022,6.25,-33.5,25.94,17.14,-82.11,-178.88
52.414135,-1.531416,146.41,5.39,2,221.27,20 / 22,1964109,2019-09-06 19:52:49:852,0.1893,-1.3042,9.5347,-0.0016,0.0019,9.8066,-0.0517,-0.0046,-0.0014,5.38,-33.69,25.38,13.88,-82.57,-179.91
52.414135,-1.531416,146.41,5.39,2,221.27,20 / 22,1964210,2019-09-06 19:52:49:953,-1.0715,-0.4035,8.6407,-0.0073,-0.0075,9.8065,-0.0342,0.006,0.0803,6.13,-33.31,25.19,16.91,-82.51,-179.52
52.414135,-1.531416,146.41,5.39,2,221.27,20 / 22,1964310,2019-09-06 19:52:50:053,-1.3361,-1.2044,9.9406,0.0067,0.0061,9.8066,0.0006,0.0844,-0.1327,5.81,-33.44,26.06,17.04,-82.41,-178.85
52.414135,-1.531416,146.41,5.39,2,221.27,19 / 22,1964410,2019-09-06 19:52:50:153,-0.2257,-0.163,10.6511,0.0014,0.0193,9.8065,0.0362,-0.0838,0.0223,6.19,-33.44,26.25,16.44,-82.56,-179.28
52.414135,-1.531416,146.41,5.39,2,221.27,19 / 22,1964512,2019-09-06 19:52:50:255,0.1224,-0.3501,10.3158,-0.013,-0.0056,9.8066,0.0156,0.0032,0.0161,6.31,-33.69,25.88,17.04,-82.61,-178.84
52.414135,-1.531416,146.41,5.39,2,221.27,19 / 22,1964609,2019-09-06 19:52:50:352,0.2312,-1.5993,9.9791,-0.0124,-0.0425,9.8065,-0.0204,0.1254,-0.0211,5.94,-33.56,26.13,17.61,-82.24,-178.52
52.414135,-1.531416,146.41,5.39,2,221.27,19 / 22,1964710,2019-09-06 19:52:50:453,0.0695,-0.9713,9.2941,0.0017,-0.0048,9.8066,0.0198,0.0727,-0.0307,6,-33.31,25.69,17.8,-81.98,-178.38
52.414135,-1.531416,146.41,5.39,2,221.27,19 / 22,1964810,2019-09-06 19:52:50:553,-0.0345,-1.1505,8.7701,0.0042,0.0314,9.8065,-0.0301,0.0017,0.0502,6.19,-32.75,25.75,18.24,-82.16,-177.94
52.414135,-1.531416,146.41,5.39,2,221.27,19 / 22,1964909,2019-09-06 19:52:50:652,-0.9427,-2.0612,10.2459,0.0052,0.0152,9.8066,-0.2534,-0.025,-0.0794,6.25,-34.25,25.69,19.11,-82.6,-177.12
52.414135,-1.531416,146.41,5.39,2,221.27,19 / 22,1965009,2019-09-06 19:52:50:752,0.937,-0.7522,10.0571,0.0003,-0.0168,9.8066,-0.143,0.0437,0.006,6,-33.75,26.13,18.29,-82.96,-177.65
52.414135,-1.531416,146.41,5.39,2,221.27,19 / 22,1965110,2019-09-06 19:52:50:853,-0.1358,-0.4529,9.2382,-0.0008,-0.0156,9.8066,0.1561,0.0765,-0.007,5.56,-34.12,25.13,19.46,-82.81,-177.34
52.414135,-1.531416,146.41,5.39,2,221.27,19 / 22,1965209,2019-09-06 19:52:50:952,-0.5972,-0.7514,7.918,-0.0095,-0.0476,9.8065,-0.0766,-0.0536,0.1166,6.13,-34.25,25.56,18.66,-82.4,-177.58
52.414135,-1.531416,146.41,5.39,2,221.27,19 / 22,1965309,2019-09-06 19:52:51:052,0.8107,-0.3088,9.0576,0.0233,0.0884,9.8061,-0.2652,0.1453,-0.0333,5.44,-34,25.56,16.44,-82.3,-177.38
52.414135,-1.531416,146.41,5.39,2,221.27,20 / 22,1965409,2019-09-06 19:52:51:152,-0.1225,-0.4275,10.8614,0.0257,0.073,9.8062,0.1318,0.0632,0.0023,6.44,-33.37,25.63,18.43,-83.2,-177.34
52.414135,-1.531416,146.41,5.39,2,221.27,20 / 22,1965510,2019-09-06 19:52:51:253,-0.0243,-0.4569,11.5271,0.0073,-0.0427,9.8065,-0.0277,0.0781,-0.1022,6.13,-33.25,26.38,17.15,-83.02,-178.5
52.414135,-1.531416,146.41,5.39,2,221.27,20 / 22,1965609,2019-09-06 19:52:51:352,0.9624,-2.1216,9.5512,-0.014,-0.0419,9.8065,0.091,0.1265,0.0053,6,-32.62,26.5,16.4,-82.49,-178.79
52.414135,-1.531416,146.41,5.39,2,221.27,20 / 22,1965709,2019-09-06 19:52:51:452,-0.2104,-1.5103,9.5537,-0.0179,-0.0561,9.8064,-0.0955,0.0658,0.0436,5.69,-32.69,26.13,18.44,-81.68,-177.99
52.414135,-1.531416,146.41,5.39,2,221.27,20 / 22,1965809,2019-09-06 19:52:51:552,-0.0854,-1.1987,9.4213,-0.0072,-0.0103,9.8066,-0.1668,-0.0045,-0.0269,5.69,-32.69,26,18.65,-81.88,-177.72
52.414135,-1.531416,146.41,5.39,2,221.27,20 / 22,1965910,2019-09-06 19:52:51:653,-0.0638,-0.4898,9.3994,0.0175,0.0494,9.8065,0.0435,0.0412,-0.0074,5.63,-32.87,25.5,18.21,-82.29,-177.91
52.414135,-1.531416,146.41,5.39,2,221.27,20 / 22,1966009,2019-09-06 19:52:51:752,0.2556,-0.0015,9.7932,0.0024,0.0322,9.8065,-0.0229,0.0509,0.0576,5.44,-34.12,26,15.98,-82.7,-177.61
52.414135,-1.531416,146.41,5.39,2,221.27,20 / 22,1966110,2019-09-06 19:52:51:853,0.9807,0.1398,9.566,-0.0011,0.0079,9.8066,0.0674,-0.0021,0.0155,5.94,-33.12,26.25,19.35,-82.63,-176.81
52.414135,-1.531416,146.41,5.39,2,221.27,20 / 22,1966209,2019-09-06 19:52:51:952,0.8961,-0.6096,10.311,-0.0048,0.0034,9.8066,0.0642,0.0669,-0.0519,5.69,-32.87,26,20.05,-82.43,-176.31
52.414135,-1.531416,146.41,5.39,2,221.27,20 / 22,1966310,2019-09-06 19:52:52:053,0.3807,-0.3039,10.4733,-0.0114,-0.0286,9.8066,0.0487,0.0719,0.0314,6,-32.56,26.69,19.87,-81.98,-176.08
52.414135,-1.531416,146.41,5.39,2,221.27,20 / 22,1966409,2019-09-06 19:52:52:152,0.732,-0.2544,9.9154,0.0035,-0.0125,9.8066,0.0893,0.0766,-0.0083,5.44,-32.87,26.44,17.71,-81.9,-176.4
52.414135,-1.531416,146.41,5.39,2,221.27,20 / 22,1966509,2019-09-06 19:52:52:252,0.5127,-0.6658,9.9448,0.0078,0.0165,9.8066,-0.1323,0.0641,-0.0634,5.81,-32.81,25.88,20.19,-81.8,-176.49
52.414135,-1.531416,146.41,5.39,2,221.27,20 / 22,1966609,2019-09-06 19:52:52:352,0.805,0.4603,9.4867,0.0082,0.0117,9.8066,-0.1852,0.059,-0.0556,5.88,-33.44,26.25,19.61,-81.96,-176.89
52.414135,-1.531416,146.41,5.39,2,221.27,20 / 22,1966710,2019-09-06 19:52:52:453,0.9178,0.2726,9.5817,0.0047,-0.0136,9.8066,0.1577,0.0776,-0.0242,5.25,-33.31,26.69,14.88,-81.95,-178.23
52.414135,-1.531416,146.41,5.39,2,221.27,20 / 22,1966809,2019-09-06 19:52:52:552,1.2884,0.6595,9.4431,0.0114,-0.0182,9.8066,0.1301,0.0116,-0.0101,5.56,-32.44,26.25,16.29,-81.85,-179.6
52.414135,-1.531416,146.41,5.39,2,221.27,20 / 22,1966909,2019-09-06 19:52:52:652,1.531,-0.2925,9.2808,0.0063,0.0145,9.8066,-0.1321,0.0183,0.0185,4.75,-32.12,27,13,-81.73,-179.79
52.414135,-1.531416,146.41,5.39,2,221.27,20 / 22,1967009,2019-09-06 19:52:52:752,0.6729,0.8094,9.3325,-0.0002,-0.0096,9.8066,-0.1381,0.0747,-0.0191,4.44,-32.75,27.5,9.68,-81.72,179.83
52.414135,-1.531416,146.41,5.39,2,221.27,20 / 22,1967110,2019-09-06 19:52:52:853,1.1279,0.3622,9.5122,0.0142,0.0438,9.8065,0.0486,0.0899,-0.0214,5.25,-32.44,26.75,12.72,-81.82,-179.99
52.414135,-1.531416,146.41,5.39,2,221.27,20 / 22,1967209,2019-09-06 19:52:52:952,-0.0545,-0.1062,9.837,-0.016,0.0141,9.8066,0.1297,0.0333,0.0328,5.25,-32.31,26.63,13.77,-82.1,-179.03
52.414135,-1.531416,146.41,5.39,2,221.27,20 / 22,1967309,2019-09-06 19:52:53:052,0.9165,-1.8914,9.9637,-0.0287,-0.0345,9.8065,0.1731,0.0661,0.0016,5.06,-32.75,27,15.05,-81.83,-178.13
52.414135,-1.531416,146.41,5.39,2,221.27,20 / 22,1967409,2019-09-06 19:52:53:152,0.803,-0.623,9.7766,-0.0071,-0.0656,9.8064,-0.2525,0.0702,-0.044,4.75,-33.62,26.81,15.7,-81.6,-177.76
52.414135,-1.531416,146.41,5.39,2,221.27,20 / 22,1967510,2019-09-06 19:52:53:253,0.5461,0.1929,10.1462,-0.0152,0.0378,9.8066,0.2302,0.0562,0.0256,4.31,-33.62,26.88,14.83,-81.93,-176.3
52.414135,-1.531416,146.41,5.39,2,221.27,20 / 22,1967609,2019-09-06 19:52:53:352,0.3772,-0.4744,10.6229,0.0044,0.0534,9.8065,0.1589,-0.0092,-0.0286,4.44,-33.25,27.13,15.41,-82.02,-175.72
52.414135,-1.531416,146.41,5.39,2,221.27,20 / 22,1967709,2019-09-06 19:52:53:452,0.3251,0.5013,11.0681,-0.0144,-0.0387,9.8066,-0.0731,0.0576,0.0536,4.44,-33.75,27.19,15.63,-82.05,-175.6
52.414135,-1.531416,146.41,5.39,2,221.27,20 / 22,1967810,2019-09-06 19:52:53:553,-0.2744,-1.3807,9.8516,-0.0011,-0.0297,9.8066,-0.0056,0.0222,-0.0241,5.13,-34.06,26.69,18.15,-81.63,-175.75
52.414135,-1.531416,146.41,5.39,2,221.27,20 / 22,1967910,2019-09-06 19:52:53:653,0.4789,-0.566,9.8733,0.0072,-0.0075,9.8066,-0.0197,-0.0265,0.017,4.38,-33.69,27.31,13.6,-81.54,-177.44
52.414135,-1.531416,146.41,5.39,2,221.27,20 / 22,1968009,2019-09-06 19:52:53:752,0.2188,0.1827,9.9556,-0.0008,-0.0075,9.8066,-0.0599,0.0412,-0.0259,4.5,-34,27.5,15.91,-81.47,-177.17
52.414135,-1.531416,146.41,5.39,2,221.27,20 / 22,1968109,2019-09-06 19:52:53:852,0.7441,0.4608,9.6579,0.003,0.0041,9.8066,0.1321,-0.0031,-0.0195,4.56,-34.37,27.19,15.3,-81.63,-178.07
52.414135,-1.531416,146.41,5.39,2,221.27,20 / 22,1968210,2019-09-06 19:52:53:953,0.4009,-0.5507,9.5138,0.0104,0.0154,9.8066,0.0723,0.0316,-0.0374,4.38,-33.62,27.19,11.85,-81.64,-178.83
52.414135,-1.531416,146.41,5.39,2,221.27,20 / 22,1968310,2019-09-06 19:52:54:053,-0.6459,-0.3286,10.3513,0.0015,-0.0093,9.8066,-0.0785,0.0597,-0.0385,4.81,-34,27.5,14.03,-81.61,-178.67
52.414135,-1.531416,146.41,5.39,2,221.27,20 / 22,1968410,2019-09-06 19:52:54:153,-0.4447,0.4221,10.3488,0.0022,-0.0141,9.8066,0.0128,0.0058,0.0296,4.31,-33.25,27.75,10.81,-81.5,-179.29
52.414135,-1.531416,146.41,5.39,2,221.27,20 / 22,1968510,2019-09-06 19:52:54:253,0.3998,-0.5094,9.4869,0.0107,0.011,9.8066,0.018,0.0166,-0.0677,4.81,-33.06,27.81,12.5,-81.52,-179.88
52.414135,-1.531416,146.41,5.39,2,221.27,20 / 22,1968610,2019-09-06 19:52:54:353,-0.7678,-0.8656,9.902,-0.0114,0.0106,9.8066,0.0404,0.0085,0.0351,3.81,-33.19,27.75,10.63,-81.49,-179.44
52.414135,-1.531416,146.41,5.39,2,221.27,20 / 22,1968710,2019-09-06 19:52:54:453,-0.0725,0.3373,9.8094,0.0025,-0.0001,9.8066,0.019,0.0296,0.0164,4.56,-33.12,27.5,13.4,-81.49,-179.15
52.414135,-1.531416,146.41,5.39,2,221.27,20 / 22,1968809,2019-09-06 19:52:54:552,0.6011,-0.8617,9.6588,0.0034,-0.004,9.8066,0.0559,0.0545,0.0053,4.44,-33.31,27.44,11.33,-81.46,-179.24
52.414135,-1.531416,146.41,5.39,2,221.27,20 / 22,1968909,2019-09-06 19:52:54:652,-0.6369,0.2943,9.9669,-0.0013,-0.0177,9.8066,0.0126,0.023,-0.0075,4.13,-32.94,27.38,11.14,-81.39,-179.41
52.414135,-1.531416,146.41,5.39,2,221.27,20 / 22,1969010,2019-09-06 19:52:54:753,0.111,-0.2299,9.7865,0.0009,-0.0214,9.8066,-0.0132,-0.0112,0.0369,4.19,-32.81,27.13,11.03,-81.31,-179.52
52.414135,-1.531416,146.41,5.39,2,221.27,20 / 22,1969109,2019-09-06 19:52:54:852,-0.1975,-0.026,9.778,0.0025,0.0286,9.8065,0.058,0.0108,0.0479,4.19,-33.19,27.63,11.06,-81.36,-179.12
52.414135,-1.531416,146.41,5.39,2,221.27,20 / 22,1969209,2019-09-06 19:52:54:952,-0.3779,-1.079,9.9675,-0.0064,0.0292,9.8065,0.0419,0.0061,0.0735,4.19,-33.31,27.63,11.99,-81.29,-178.38
52.414135,-1.531416,146.41,5.39,2,221.27,20 / 22,1969310,2019-09-06 19:52:55:053,-0.1762,0.1956,9.8621,-0.0042,-0.0016,9.8066,-0.0711,-0.0363,0.0151,4.5,-33.44,27.44,15.59,-81.3,-177.88
52.414135,-1.531416,146.41,5.39,2,221.27,20 / 22,1969410,2019-09-06 19:52:55:153,0.8847,-0.8069,9.0478,-0.0009,0.002,9.8066,-0.0412,0.0375,-0.0133,4.25,-33.56,27.63,13.09,-81.31,-177.55
52.414135,-1.531416,146.41,5.39,2,221.27,20 / 22,1969509,2019-09-06 19:52:55:252,0.03,-0.0992,9.5985,0.0008,-0.0026,9.8065,-0.0143,-0.0122,-0.0302,3.63,-33.87,27.38,14.34,-81.33,-176.91
52.414135,-1.531416,146.41,5.39,2,221.27,20 / 22,1969610,2019-09-06 19:52:55:353,-0.4131,-0.0629,9.5846,-0.0061,-0.0095,9.8066,-0.0045,0.0495,-0.0289,4.19,-33.75,26.81,14.39,-81.29,-176.88
52.414135,-1.531416,146.41,5.39,2,221.27,20 / 22,1969709,2019-09-06 19:52:55:452,0.422,-0.3962,9.5863,-0.003,0.0293,9.8065,-0.038,-0.0046,0.0715,4.13,-34.19,26.44,16.48,-81.38,-175.6
52.414135,-1.531416,146.41,5.39,2,221.27,20 / 22,1969810,2019-09-06 19:52:55:553,0.1566,0.0115,9.7633,0.0004,-0.0035,9.8066,-0.0364,0.0415,-0.0107,3.88,-34.75,27.38,16.66,-81.43,-175.09
52.414135,-1.531416,146.41,5.39,2,221.27,20 / 22,1969910,2019-09-06 19:52:55:653,-0.5093,-0.5388,9.8629,-0.0187,-0.0199,9.8066,0.0156,0.024,0.0333,4.38,-34.25,26.81,16.59,-81.53,-175.01
52.414135,-1.531416,146.41,5.39,2,221.27,20 / 22,1970010,2019-09-06 19:52:55:753,-0.4989,-0.5057,10.3551,-0.0018,-0.01,9.8066,0.0226,-0.0524,0.0068,4,-34.81,27.25,17.42,-81.4,-174.48
52.414135,-1.531416,146.41,5.39,2,221.27,20 / 22,1970110,2019-09-06 19:52:55:853,0.6196,0.0125,10.1605,-0.0027,-0.0054,9.8066,0.0682,-0.0291,0.0485,3.44,-34.75,27.44,14.99,-81.27,-174.42
52.414135,-1.531416,146.41,5.39,2,221.27,20 / 22,1970210,2019-09-06 19:52:55:953,-0.0496,-0.1106,9.5895,0.0049,0.007,9.8065,-0.0121,0.0198,-0.0232,4.25,-34,27.44,17.56,-81.28,-174.33
52.414135,-1.531416,146.41,5.39,2,221.27,20 / 22,1970310,2019-09-06 19:52:56:053,0.057,0.9928,10.1732,0.0111,0.0051,9.8066,-0.0792,0.0594,-0.076,4.19,-34.37,27.75,15.71,-81.38,-175.38
52.413467,-1.532102,146.55,12.61,3,206.92,19 / 21,1970410,2019-09-06 19:52:56:153,0.743,0.24,9.6063,0.0023,0.0159,9.8066,0.1758,-0.0326,-0.0358,4.19,-34.5,27.56,15.51,-81.31,-175.58
52.413467,-1.532102,146.55,12.61,3,206.92,19 / 21,1970509,2019-09-06 19:52:56:252,-0.4449,0.9177,10.5004,0.0011,0.0229,9.8065,0.1951,-0.0418,0.0377,3.44,-33.75,27.81,13.05,-81.1,-175.64
52.413467,-1.532102,146.55,12.61,3,206.92,19 / 21,1970610,2019-09-06 19:52:56:353,-1.2642,-0.3141,10.1861,0.0071,0.0316,9.8065,-0.1125,0.0295,-0.0494,3.81,-34,27.81,15.46,-81.06,-175.71
52.413467,-1.532102,146.55,12.61,3,206.92,19 / 21,1970710,2019-09-06 19:52:56:453,0.2929,-1.3186,9.4948,0.0057,-0.0191,9.8065,0.0695,-0.0369,-0.034,4.31,-33.25,28,14.05,-80.86,-176.84
52.413467,-1.532102,146.55,12.61,3,206.92,19 / 21,1970809,2019-09-06 19:52:56:552,0.0273,-0.4817,9.9496,0.0158,-0.0207,9.8065,-0.0036,0.0444,0.0253,4.31,-33.81,27.38,13.77,-80.86,-177.52
52.413467,-1.532102,146.55,12.61,3,206.92,19 / 21,1970909,2019-09-06 19:52:56:652,-0.3073,0.685,9.9785,-0.0091,-0.0078,9.8066,-0.0011,0.0208,0.0167,3.69,-33.37,27.81,12.37,-80.81,-178.2
52.413467,-1.532102,146.55,12.61,3,206.92,19 / 21,1971009,2019-09-06 19:52:56:752,0.4865,-0.6663,10.0111,-0.0115,-0.0211,9.8066,0.058,-0.0093,0.0771,4.56,-33.75,27.81,15.4,-80.68,-177.87
52.413467,-1.532102,146.55,12.61,3,206.92,19 / 21,1971110,2019-09-06 19:52:56:853,0.2682,-0.5245,9.5062,-0.0141,0.0059,9.8066,-0.0057,0.0224,0.0528,3.94,-33.69,28.31,13.85,-80.56,-177.17
52.413467,-1.532102,146.55,12.61,3,206.92,19 / 21,1971210,2019-09-06 19:52:56:953,-0.9185,-0.5,9.7851,-0.0137,0.0103,9.8066,-0.053,0.0879,-0.0489,4.25,-33.69,27.69,15.89,-80.64,-175.51
52.413467,-1.532102,146.55,12.61,3,206.92,19 / 21,1971310,2019-09-06 19:52:57:053,-0.0736,0.0939,9.8797,-0.0046,0.0048,9.8065,0.014,-0.0534,0.0306,4.5,-33.81,27.81,18.89,-80.9,-174.97
52.413467,-1.532102,146.55,12.61,3,206.92,20 / 22,1971410,2019-09-06 19:52:57:153,-0.9704,0.1158,9.5372,0.0087,0.014,9.8066,-0.0215,0.0888,-0.0472,4.5,-33.81,27.94,19.35,-81.02,-174.55
52.413467,-1.532102,146.55,12.61,3,206.92,20 / 22,1971510,2019-09-06 19:52:57:253,-0.7961,0.1899,10.1793,0.0045,0.0147,9.8066,0.059,-0.0701,0.0585,3.63,-33.87,27.13,17.39,-81.03,-174.56
52.413467,-1.532102,146.55,12.61,3,206.92,20 / 22,1971610,2019-09-06 19:52:57:353,-0.4479,-0.8779,10.4345,0.0073,0.0103,9.8066,-0.1134,0.0142,-0.1166,3.38,-34.31,27.13,14.79,-80.97,-174.6
52.413467,-1.532102,146.55,12.61,3,206.92,20 / 22,1971709,2019-09-06 19:52:57:452,0.2494,-0.788,10.1993,-0.0038,-0.0411,9.8065,-0.112,-0.0468,-0.0143,3.69,-33.69,27.19,16.61,-81.05,-175.19
52.413467,-1.532102,146.55,12.61,3,206.92,20 / 22,1971809,2019-09-06 19:52:57:552,0.2097,-0.1499,9.921,0.0082,-0.0266,9.8066,0.0788,-0.022,0.1575,3.88,-33.31,27.44,15.88,-80.85,-175.76
52.413467,-1.532102,146.55,12.61,3,206.92,20 / 22,1971910,2019-09-06 19:52:57:653,0.707,0.3114,10.0955,-0.0117,0.0189,9.8066,0.0027,0.005,-0.03,3.88,-33.5,27.75,15.52,-81,-175.59
52.413467,-1.532102,146.55,12.61,3,206.92,20 / 22,1972010,2019-09-06 19:52:57:753,0.1309,-0.3943,10.0116,-0.0087,0.0221,9.8066,0.0043,-0.0037,-0.037,4.25,-33.81,27.81,16.72,-80.98,-174.72
52.413467,-1.532102,146.55,12.61,3,206.92,20 / 22,1972110,2019-09-06 19:52:57:853,0.0556,-0.4135,9.9721,-0.0011,-0.0036,9.8066,0.0883,0.0234,0.0587,4.5,-33.75,27.94,19.21,-80.91,-174.71
52.413467,-1.532102,146.55,12.61,3,206.92,20 / 22,1972209,2019-09-06 19:52:57:952,1.0648,-0.8485,9.7928,-0.0058,0.0112,9.8066,-0.0683,-0.0824,0.1159,4.38,-33.19,27.94,17.31,-80.94,-174.16
52.413467,-1.532102,146.55,12.61,3,206.92,20 / 22,1972309,2019-09-06 19:52:58:052,-0.4188,-0.3757,9.189,-0.0181,-0.0076,9.8065,-0.1719,0.1305,-0.0755,3.88,-33.62,27.94,18.92,-80.98,-172.94
52.413467,-1.532102,146.55,12.61,3,206.92,20 / 22,1972410,2019-09-06 19:52:58:153,-0.1716,1.2194,9.3578,-0.0191,0.0243,9.8065,0.0084,0.0435,0.0342,2.88,-33.62,26.81,18.32,-81.09,-171.72
52.413467,-1.532102,146.55,12.61,3,206.92,20 / 22,1972509,2019-09-06 19:52:58:252,-0.0255,0.1213,10.4522,-0.0047,0.0277,9.8065,0.0874,-0.0206,0.0414,3.06,-33.25,27,20.61,-81.27,-169.67
52.413467,-1.532102,146.55,12.61,3,206.92,20 / 22,1972609,2019-09-06 19:52:58:352,-0.2264,0.0302,11.0929,-0.0014,0.009,9.8066,0.0332,0.0728,0.0198,3.38,-32.94,27.63,20.81,-81.19,-169.19
52.413467,-1.532102,146.55,12.61,3,206.92,20 / 22,1972710,2019-09-06 19:52:58:453,-0.3451,-0.5491,10.3117,-0.0019,-0.0693,9.8064,0.0291,-0.0276,-0.0105,3.94,-32.75,27.94,21.38,-80.61,-171
52.413467,-1.532102,146.55,12.61,3,206.92,20 / 22,1972809,2019-09-06 19:52:58:552,0.4475,-1.7215,10.2002,-0.0111,-0.0577,9.8064,-0.1246,-0.0231,0.0038,3.19,-33.44,28,18.18,-80.34,-171.7
52.413467,-1.532102,146.55,12.61,3,206.92,20 / 22,1972910,2019-09-06 19:52:58:653,1.4827,0.1148,8.9684,-0.0033,-0.0151,9.8066,-0.3067,0.0271,-0.0926,3.56,-32.62,27.44,19.76,-80.53,-172.78
52.413467,-1.532102,146.55,12.61,3,206.92,20 / 22,1973010,2019-09-06 19:52:58:753,0.191,1.4449,9.0159,0.0141,-0.0281,9.8066,0.1231,0.0195,0.0152,3.88,-32.87,27.25,18.89,-80.77,-173.37
52.413467,-1.532102,146.55,12.61,3,206.92,20 / 22,1973110,2019-09-06 19:52:58:853,0.128,0.0818,9.5605,0.0151,0.0658,9.8063,0.167,0.0351,0.0321,3.75,-33.31,27.19,18.49,-81.3,-173.46
52.413467,-1.532102,146.55,12.61,3,206.92,20 / 22,1973210,2019-09-06 19:52:58:953,-0.1908,0.8531,10.362,0.0024,0.0208,9.8066,0.0533,0.0359,-0.0194,3.69,-33.06,27.5,17.88,-81.09,-173.63
52.413467,-1.532102,146.55,12.61,3,206.92,20 / 22,1973309,2019-09-06 19:52:59:052,0.2719,-0.1681,9.9735,-0.0086,-0.0452,9.8065,0.019,-0.0073,-0.0403,4,-32.62,27.56,17.77,-80.88,-173.81
52.413467,-1.532102,146.55,12.61,3,206.92,20 / 22,1973409,2019-09-06 19:52:59:152,-0.2377,-0.8815,10.3622,-0.0022,-0.0092,9.8066,-0.0846,-0.036,-0.0212,3.5,-31.87,27.56,17.33,-80.63,-174.17
52.413467,-1.532102,146.55,12.61,3,206.92,20 / 22,1973509,2019-09-06 19:52:59:252,0.2412,1.5646,9.4848,0.0048,0.0062,9.8066,-0.0918,0.0229,-0.0216,3.25,-31.81,27.13,14.88,-80.82,-174.41
52.413467,-1.532102,146.55,12.61,3,206.92,20 / 22,1973610,2019-09-06 19:52:59:353,0.7219,-0.6944,9.1736,0.007,0.0014,9.8065,-0.045,0.1059,-0.0289,3.44,-32.31,26.75,14.56,-80.93,-174.63
52.413467,-1.532102,146.55,12.61,3,206.92,20 / 22,1973710,2019-09-06 19:52:59:453,-0.2681,1.7903,8.8951,-0.0001,-0.0021,9.8066,-0.019,-0.0648,0.0824,3.31,-32.06,26.56,14.46,-81.06,-174.67
52.413467,-1.532102,146.55,12.61,3,206.92,20 / 22,1973810,2019-09-06 19:52:59:553,-0.1596,0.4523,9.4715,-0.0116,-0.0103,9.8066,-0.0087,0.0031,-0.0537,3.75,-32.81,26.88,18.16,-80.95,-173.88
52.413467,-1.532102,146.55,12.61,3,206.92,20 / 22,1973910,2019-09-06 19:52:59:653,0.7988,-0.6606,10.1817,0.0169,0.0259,9.8065,0.1213,0.038,0.0284,3.5,-32.19,26.69,17.96,-80.96,-173.94
52.413467,-1.532102,146.55,12.61,3,206.92,20 / 22,1974010,2019-09-06 19:52:59:753,-0.117,1.9816,10.0431,-0.0046,0.024,9.8066,0.0685,0.0742,-0.0536,3.19,-32.87,26.38,15.93,-81.14,-173.89
52.413467,-1.532102,146.55,12.61,3,206.92,20 / 22,1974109,2019-09-06 19:52:59:852,0.5012,0.0563,10.5826,-0.004,-0.0162,9.8066,0.0667,-0.0838,0.0081,3.56,-32.31,26.13,18.91,-81.01,-173.59
52.413467,-1.532102,146.55,12.61,3,206.92,20 / 22,1974210,2019-09-06 19:52:59:953,0.5258,-0.3571,9.2276,-0.0043,-0.0149,9.8066,-0.1106,-0.0464,0.1138,3.75,-32.94,27.13,19.21,-81.01,-173
52.413467,-1.532102,146.55,12.61,3,206.92,20 / 22,1974310,2019-09-06 19:53:00:053,-0.3377,2.7107,9.3428,-0.0147,-0.0194,9.8065,0.0918,-0.0037,0.0315,3.44,-33.06,26.13,17.11,-81.03,-172.99
52.413467,-1.532102,146.55,12.61,3,206.92,20 / 22,1974410,2019-09-06 19:53:00:153,0.2204,2.0172,9.6964,0.0099,0.0171,9.8066,0.0414,-0.0349,0.0302,3.5,-32.94,26.94,20.2,-80.92,-172.24
52.413467,-1.532102,146.55,12.61,3,206.92,20 / 22,1974509,2019-09-06 19:53:00:252,-0.5478,-0.4908,9.7332,0.0033,0.0087,9.8066,0.004,-0.0246,0.0033,3,-32.06,27.63,16.5,-81.04,-172.69
52.413467,-1.532102,146.55,12.61,3,206.92,20 / 22,1974610,2019-09-06 19:53:00:353,-0.2366,0.3284,9.9194,0.0159,0.0031,9.8066,0.064,-0.033,-0.0098,3.38,-32.56,26.75,15.48,-81.08,-173.92
52.413467,-1.532102,146.55,12.61,3,206.92,20 / 22,1974710,2019-09-06 19:53:00:453,-0.493,-0.6871,9.9944,0.0225,-0.004,9.8066,-0.105,0.0298,-0.0072,3.25,-32.31,27.31,12.87,-81.08,-175.95
52.413467,-1.532102,146.55,12.61,3,206.92,20 / 22,1974810,2019-09-06 19:53:00:553,0.5357,-0.2328,9.4288,-0.001,-0.0214,9.8066,-0.072,-0.0133,0.0941,2.81,-32.37,27.63,12.47,-80.91,-176.02
52.413467,-1.532102,146.55,12.61,3,206.92,20 / 22,1974909,2019-09-06 19:53:00:652,-0.2673,0.6439,9.9341,-0.0101,0.0117,9.8066,0.0754,-0.0354,-0.0243,2.56,-32.12,27.31,13.34,-80.88,-175.64
52.413467,-1.532102,146.55,12.61,3,206.92,20 / 22,1975009,2019-09-06 19:53:00:752,0.6561,1.2525,9.7548,-0.0022,-0.0022,9.8066,-0.0372,-0.0246,-0.0866,2.25,-32.62,27.56,11.36,-80.96,-174.95
52.413467,-1.532102,146.55,12.61,3,206.92,20 / 22,1975109,2019-09-06 19:53:00:852,0.0089,1.1208,9.5718,-0.0164,0.0313,9.8065,0.0465,-0.0454,0.0603,2.63,-32.12,27.25,15.6,-81.09,-173.73
52.413467,-1.532102,146.55,12.61,3,206.92,20 / 22,1975210,2019-09-06 19:53:00:953,-0.0588,-0.1589,9.7095,0.0045,0.0381,9.8065,-0.0083,0.0352,-0.0239,2.94,-32.06,27,16.29,-81.1,-173.17
52.413467,-1.532102,146.55,12.61,3,206.92,20 / 22,1975310,2019-09-06 19:53:01:053,0.2003,0.3402,9.5802,-0.0098,-0.0304,9.8065,-0.1064,-0.0193,0.0129,2.19,-32.81,26.81,13.87,-81.05,-173.13
52.413467,-1.532102,146.55,12.61,3,206.92,19 / 22,1975409,2019-09-06 19:53:01:152,-0.3079,1.1237,9.1271,-0.0026,-0.034,9.8065,-0.1291,-0.0075,0.0549,3.06,-32.37,27.75,15.94,-81.08,-173.14
52.413467,-1.532102,146.55,12.61,3,206.92,19 / 22,1975510,2019-09-06 19:53:01:253,0.5964,0.1283,9.7957,0.0106,0.0463,9.8065,0.0855,-0.029,0.0171,2.69,-32.62,27.13,17.14,-81.06,-172.59
52.413467,-1.532102,146.55,12.61,3,206.92,19 / 22,1975610,2019-09-06 19:53:01:353,0.7748,-0.6329,10.1361,0.0092,0.021,9.8066,0.015,0.0413,-0.0523,2.25,-32.62,26.81,14.36,-81.29,-172.66
52.413467,-1.532102,146.55,12.61,3,206.92,19 / 22,1975710,2019-09-06 19:53:01:453,-0.4989,0.2454,9.4846,-0.0041,-0.0062,9.8066,-0.0254,0.0441,-0.0381,2.63,-33,26.94,17.31,-81.16,-172.41
52.413467,-1.532102,146.55,12.61,3,206.92,19 / 22,1975809,2019-09-06 19:53:01:552,0.4829,-0.2552,9.3269,-0.0087,0.0129,9.8066,0.0233,-0.0505,0.0266,3,-32.5,27.25,17.82,-81.22,-171.87
52.413467,-1.532102,146.55,12.61,3,206.92,19 / 22,1975910,2019-09-06 19:53:01:653,0.2,-0.4222,9.8427,0.0018,0.001,9.8066,-0.0288,0.0209,-0.0211,2.63,-32.69,27,18.15,-81.29,-171.67
52.413467,-1.532102,146.55,12.61,3,206.92,19 / 22,1976010,2019-09-06 19:53:01:753,0.182,0.8494,9.9429,-0.0036,-0.012,9.8066,-0.0315,-0.0375,-0.0226,2.69,-32.87,26.63,18.06,-81.28,-171.75
52.413467,-1.532102,146.55,12.61,3,206.92,19 / 22,1976110,2019-09-06 19:53:01:853,0.8367,-0.2531,10.0141,-0.0001,0.0044,9.8066,-0.1002,-0.0272,0.0535,2.13,-33.75,26.88,15.31,-81.24,-171.99
52.413467,-1.532102,146.55,12.61,3,206.92,19 / 22,1976210,2019-09-06 19:53:01:953,-0.1618,1.2549,10.2462,0.0035,0.0022,9.8066,-0.1091,0.0512,-0.008,2.63,-32.81,27.25,18.09,-81.25,-171.74
52.413467,-1.532102,146.55,12.61,3,206.92,19 / 22,1976309,2019-09-06 19:53:02:052,0.5354,0.5886,10.2266,0.0059,0.0052,9.8066,0.0588,-0.006,-0.0004,2.88,-33.81,27.06,17.5,-81.25,-172.32
52.413467,-1.532102,146.55,12.61,3,206.92,19 / 21,1976410,2019-09-06 19:53:02:153,-0.5677,0.6057,10.2787,0.0043,-0.005,9.8066,0.0328,0.0612,-0.0555,3.31,-32.87,27.38,16.65,-81.19,-172.94
52.413467,-1.532102,146.55,12.61,3,206.92,19 / 21,1976509,2019-09-06 19:53:02:252,-0.2007,-0.1886,9.6462,0.003,-0.0145,9.8065,0.0087,-0.0007,0.0279,3.75,-33.69,27.69,18.53,-81.07,-173.22
52.413467,-1.532102,146.55,12.61,3,206.92,19 / 21,1976610,2019-09-06 19:53:02:353,-0.2898,0.4789,9.494,-0.0043,-0.0117,9.8066,-0.0629,-0.006,-0.045,2.88,-33.37,27.69,15.96,-81.13,-173.19
52.413467,-1.532102,146.55,12.61,3,206.92,19 / 21,1976710,2019-09-06 19:53:02:453,-0.3665,0.1892,9.699,0.01,0.0036,9.8066,-0.0594,0.0348,-0.0169,3.56,-33.37,27.31,19.12,-81.25,-172.97
52.413467,-1.532102,146.55,12.61,3,206.92,19 / 21,1976810,2019-09-06 19:53:02:553,-0.1247,-0.4325,9.9239,-0.0003,-0.0041,9.8066,-0.0362,0.0346,0.025,3.19,-33.5,27.5,15.41,-81.33,-173.57
52.413467,-1.532102,146.55,12.61,3,206.92,19 / 21,1976910,2019-09-06 19:53:02:653,-0.4317,-0.4456,9.8627,0.0049,-0.0222,9.8065,-0.0331,0.0233,0.0349,3.38,-33.31,27.13,15.59,-81.22,-173.78
52.413467,-1.532102,146.55,12.61,3,206.92,19 / 21,1977009,2019-09-06 19:53:02:752,0.6171,0.0613,9.1554,-0.0032,-0.0396,9.8065,0.1481,-0.0573,0.0492,3.25,-33.19,27.56,14.74,-81.06,-174.2
52.413467,-1.532102,146.55,12.61,3,206.92,19 / 21,1977110,2019-09-06 19:53:02:853,0.5604,-0.3378,9.7963,0.0056,0.0383,9.8066,0.0629,0.0356,-0.0646,3.31,-32.94,28.19,14.64,-81.17,-174.25
52.413467,-1.532102,146.55,12.61,3,206.92,19 / 21,1977209,2019-09-06 19:53:02:952,-0.7639,0.1568,10.3751,0.0106,0.0354,9.8065,-0.0382,0.0114,-0.0094,3.69,-34,27.63,16.6,-81.23,-174.72
52.413467,-1.532102,146.55,12.61,3,206.92,19 / 21,1977309,2019-09-06 19:53:03:052,0.0927,-0.264,10.4756,-0.0028,-0.0213,9.8065,-0.0461,-0.0612,-0.008,3.81,-33.5,27.38,17.02,-81.2,-174.7
52.413467,-1.532102,146.55,12.61,3,206.92,19 / 21,1977409,2019-09-06 19:53:03:152,0.4389,-0.5682,8.6404,0.0185,-0.0286,9.8065,0.1053,-0.0738,0.095,3.63,-33.44,28.31,15.24,-80.97,-175.83
52.413467,-1.532102,146.55,12.61,3,206.92,19 / 21,1977509,2019-09-06 19:53:03:252,1.0239,-0.729,8.2856,-0.0054,0.01,9.8066,-0.2166,0.0442,-0.0277,3.44,-33.12,28.44,12.11,-81.06,-176.34
52.413467,-1.532102,146.55,12.61,3,206.92,19 / 21,1977610,2019-09-06 19:53:03:353,-0.0001,2.2445,8.8766,-0.016,0.0663,9.8064,0.2741,-0.1157,0.0779,2.94,-34,27.38,13.63,-81.44,-175.37
52.413467,-1.532102,146.55,12.61,3,206.92,19 / 21,1977709,2019-09-06 19:53:03:452,0.6612,0.2882,10.2784,0.0093,0.1184,9.8059,0.2356,-0.0312,-0.0976,2.81,-33.75,27.56,16.17,-82.14,-172.73
52.413467,-1.532102,146.55,12.61,3,206.92,19 / 21,1977810,2019-09-06 19:53:03:553,-0.9004,-2.7664,11.2057,0.0028,0.0766,9.8063,-0.0378,0.0185,0.0398,3.38,-33.5,27.63,15.81,-81.85,-173.06
52.413467,-1.532102,146.55,12.61,3,206.92,19 / 21,1977910,2019-09-06 19:53:03:653,-1.1315,-0.6854,11.1778,-0.0238,-0.1274,9.8057,-0.0548,0.0196,-0.0653,3,-33.44,27.63,17.6,-81.56,-171.68
52.413467,-1.532102,146.55,12.61,3,206.92,19 / 21,1978010,2019-09-06 19:53:03:753,0.8139,1.5059,9.6414,0.0284,-0.0548,9.8064,0.0466,-0.0333,-0.0049,3.88,-32.56,27.88,17.3,-80.85,-174.2
52.413467,-1.532102,146.55,12.61,3,206.92,19 / 21,1978111,2019-09-06 19:53:03:854,-0.159,-0.6428,8.5573,0.0178,0.0353,9.8065,-0.0218,0.0307,-0.0384,3.81,-32.69,27.94,14.26,-81.01,-176.61
52.413467,-1.532102,146.55,12.61,3,206.92,19 / 21,1978210,2019-09-06 19:53:03:953,0.444,1.4344,8.4751,0.0237,0.0226,9.8065,0.1815,-0.0188,-0.0225,4.13,-32.69,26.75,13.14,-81.1,-177.88
52.413467,-1.532102,146.55,12.61,3,206.92,19 / 21,1978310,2019-09-06 19:53:04:053,-1.5142,-0.8439,10.5076,0.0167,0.0449,9.8065,0.3257,-0.0602,0.0153,3.88,-32.62,26.56,10.96,-81.63,-179.5
52.413467,-1.532102,146.55,12.61,3,206.92,19 / 22,1978409,2019-09-06 19:53:04:152,1.2477,0.075,9.6231,0.0227,0.0344,9.8066,0.0448,-0.0952,0.0277,4.25,-33.56,27.19,9.53,-81.58,179.27
52.413467,-1.532102,146.55,12.61,3,206.92,19 / 22,1978510,2019-09-06 19:53:04:253,-0.0871,-0.2901,9.342,-0.0061,0.0018,9.8066,0.0617,-0.088,0.0974,3.81,-32.56,28.31,8.2,-81.26,178.53
52.413467,-1.532102,146.55,12.61,3,206.92,19 / 22,1978609,2019-09-06 19:53:04:352,-0.4472,-0.1021,10.23,-0.0197,0.0284,9.8065,0.044,0.0014,-0.0184,2.56,-28.5,25.94,8.7,-81.35,-179.38
52.413467,-1.532102,146.55,12.61,3,206.92,19 / 22,1978710,2019-09-06 19:53:04:453,-0.277,0.1184,10.261,-0.0152,0.0258,9.8066,0.1527,-0.072,0.023,0.5,-33.31,23.63,6.44,-81.65,-177.3
52.413467,-1.532102,146.55,12.61,3,206.92,19 / 22,1978810,2019-09-06 19:53:04:553,-0.9742,-0.9734,10.6243,-0.001,0.0281,9.8065,-0.1874,0.0086,0.0471,-0.56,-32.25,30.56,2.08,-81.77,-176.4
52.413467,-1.532102,146.55,12.61,3,206.92,19 / 22,1978910,2019-09-06 19:53:04:653,-0.1828,0.4757,9.2583,-0.003,-0.066,9.8064,-0.1599,-0.0227,0.004,-1.31,-24.31,28.38,1.89,-81.44,-176.33
52.413467,-1.532102,146.55,12.61,3,206.92,19 / 22,1979010,2019-09-06 19:53:04:753,-0.5409,0.3915,9.2638,-0.0034,-0.0606,9.8064,0.1328,-0.0673,-0.0108,-1.5,-26.75,24.75,2.01,-81.3,-176.05
52.413467,-1.532102,146.55,12.61,3,206.92,19 / 22,1979110,2019-09-06 19:53:04:853,0.2922,1.133,9.6041,-0.0075,0.0719,9.8063,0.1584,-0.0726,-0.0231,-0.25,-30.87,27,4.34,-81.4,-176.45
52.413467,-1.532102,146.55,12.61,3,206.92,19 / 22,1979210,2019-09-06 19:53:04:953,-0.1194,0.234,9.9216,0.0061,-0.0538,9.8065,-0.0867,-0.0185,0.0055,1.13,-31.37,24.94,7.46,-82.03,-176.18
52.413467,-1.532102,146.55,12.61,3,206.92,19 / 22,1979309,2019-09-06 19:53:05:052,-0.4163,0.1066,9.652,0.0101,-0.0364,9.8065,-0.0726,0.0201,-0.0265,2.25,-38.06,24.88,9.33,-81.78,-177.35
52.41244,-1.532973,145.28,15.45,3,208.8,20 / 22,1979410,2019-09-06 19:53:05:153,0.1576,-0.6345,9.6476,0.003,-0.0572,9.8065,-0.0587,-0.0145,-0.0109,3.13,-38.69,29.19,9.74,-82.1,-178.04
52.41244,-1.532973,145.28,15.45,3,208.8,20 / 22,1979510,2019-09-06 19:53:05:253,0.6403,-1.1582,8.8438,-0.0024,0.0197,9.8066,0.0179,0.0608,0.0734,4.13,-32.81,30.63,10.61,-82,-178.4
52.41244,-1.532973,145.28,15.45,3,208.8,20 / 22,1979610,2019-09-06 19:53:05:353,-0.1316,0.2277,9.6969,-0.0365,0.0109,9.8066,-0.0497,0.0155,0.0849,4.44,-28.37,27.88,12.58,-82.16,-177.35
52.41244,-1.532973,145.28,15.45,3,208.8,20 / 22,1979710,2019-09-06 19:53:05:453,1.1199,1.3793,10.3258,-0.031,-0.0064,9.8065,-0.0072,-0.0592,0.0984,3,-31.75,24.88,17.63,-82.22,-172.36
52.41244,-1.532973,145.28,15.45,3,208.8,20 / 22,1979810,2019-09-06 19:53:05:553,0.1807,-0.5838,10.75,-0.0174,-0.0364,9.8065,0.0956,0.0494,-0.0027,3.13,-33.69,25.69,19.35,-81.87,-170.91
52.41244,-1.532973,145.28,15.45,3,208.8,20 / 22,1979910,2019-09-06 19:53:05:653,-0.31,0.6504,10.1469,0.0026,-0.0492,9.8065,0.0339,-0.0409,0.0202,3.5,-34.12,26.25,21.52,-81.48,-171.47
52.41244,-1.532973,145.28,15.45,3,208.8,20 / 22,1980010,2019-09-06 19:53:05:753,-0.3455,0.115,9.3888,0.0175,0.0267,9.8066,-0.084,-0.0108,-0.074,3.75,-33.5,27.25,19.58,-81.61,-172.44
52.41244,-1.532973,145.28,15.45,3,208.8,20 / 22,1980110,2019-09-06 19:53:05:853,0.6218,1.6723,9.3098,0.0215,-0.0151,9.8065,0.1391,-0.0268,-0.0574,4,-33.56,27.25,17.79,-81.72,-173.96
52.41244,-1.532973,145.28,15.45,3,208.8,20 / 22,1980209,2019-09-06 19:53:05:952,0.1071,0.727,9.4177,0.0218,0.0424,9.8065,0.1144,0.0068,-0.0374,3.31,-33.5,26.31,13.74,-81.91,-175.39
52.41244,-1.532973,145.28,15.45,3,208.8,20 / 22,1980310,2019-09-06 19:53:06:053,0.784,0.792,9.7364,0.0001,0.0021,9.8066,0.1181,-0.0101,0.0023,3.31,-34,27.31,12.27,-82.01,-176.31
52.41244,-1.532973,145.28,15.45,3,208.8,20 / 22,1980409,2019-09-06 19:53:06:152,-1.114,-0.3696,10.1605,-0.023,0.0027,9.8065,-0.0071,-0.0778,0.0964,3.19,-33.81,27.25,13.93,-81.85,-175
52.41244,-1.532973,145.28,15.45,3,208.8,20 / 22,1980510,2019-09-06 19:53:06:253,-0.6804,0.5865,10.1895,-0.0163,-0.0246,9.8065,-0.0096,0.0117,0.026,3,-33.94,26.94,15.87,-81.61,-173.49
52.41244,-1.532973,145.28,15.45,3,208.8,20 / 22,1980609,2019-09-06 19:53:06:352,0.563,-0.5099,9.5856,-0.0098,0.0023,9.8066,-0.0362,-0.0353,0.0497,3.69,-34.19,27.06,19.66,-81.72,-172.42
52.41244,-1.532973,145.28,15.45,3,208.8,20 / 22,1980710,2019-09-06 19:53:06:453,-0.0285,0.6977,9.4678,-0.0023,0.0106,9.8066,0.0415,-0.0025,0.0373,3.25,-33.87,27.81,17.2,-81.81,-172
52.41244,-1.532973,145.28,15.45,3,208.8,20 / 22,1980809,2019-09-06 19:53:06:552,0.2363,-0.9975,9.3005,-0.0047,-0.0202,9.8065,0.1145,0.0545,0.0016,4,-33.81,27.06,20.24,-81.72,-171.95
52.41244,-1.532973,145.28,15.45,3,208.8,20 / 22,1980909,2019-09-06 19:53:06:652,0.9906,-1.6871,10.2811,0.013,0.0005,9.8066,-0.1567,-0.0423,0.0087,3.31,-34.06,27.44,17.43,-81.76,-172.16
52.41244,-1.532973,145.28,15.45,3,208.8,20 / 22,1981010,2019-09-06 19:53:06:753,-0.4783,0.908,9.9363,-0.004,-0.0049,9.8066,-0.1664,-0.0069,0.0548,3.31,-33.69,27,17.65,-81.79,-171.97
52.41244,-1.532973,145.28,15.45,3,208.8,20 / 22,1981110,2019-09-06 19:53:06:853,-0.3242,1.5287,10.0259,-0.01,0.0077,9.8066,0.1978,0.0511,0.0013,3.31,-33.81,27.13,18.71,-81.79,-171.1
52.41244,-1.532973,145.28,15.45,3,208.8,20 / 22,1981210,2019-09-06 19:53:06:953,1.022,-0.1355,9.726,0.0027,0.0439,9.8065,0.1977,-0.0982,-0.0035,3.19,-33.62,27.19,18.74,-81.9,-171.02
52.41244,-1.532973,145.28,15.45,3,208.8,20 / 22,1981310,2019-09-06 19:53:07:053,-0.9188,-0.6543,9.4744,-0.0185,-0.06,9.8064,-0.347,0.0284,0.0282,3.69,-34.31,26.81,21.09,-81.54,-171.33
52.41244,-1.532973,145.28,15.45,3,208.8,20 / 22,1981409,2019-09-06 19:53:07:152,0.6379,0.3428,9.0193,-0.0085,-0.0503,9.8065,-0.2706,-0.0143,0.0206,3.5,-33.5,26.5,21.51,-81.62,-170.83
52.41244,-1.532973,145.28,15.45,3,208.8,20 / 22,1981510,2019-09-06 19:53:07:253,1.5134,1.4082,9.4821,0.0141,0.0258,9.8065,0.0918,-0.0107,-0.0003,3.19,-33.12,27.06,18,-81.78,-171.59
52.41244,-1.532973,145.28,15.45,3,208.8,20 / 22,1981609,2019-09-06 19:53:07:352,-0.429,-0.0198,9.6842,-0.0022,-0.0112,9.8066,0.1512,0.0242,0.0427,3.63,-33.5,27.25,20.65,-81.89,-171.42
52.41244,-1.532973,145.28,15.45,3,208.8,20 / 22,1981710,2019-09-06 19:53:07:453,0.5843,0.9136,9.9519,-0.0001,0.0075,9.8066,0.0358,-0.0133,-0.0133,3.5,-33.19,27.44,20.13,-81.87,-171.86
52.41244,-1.532973,145.28,15.45,3,208.8,20 / 22,1981809,2019-09-06 19:53:07:552,-0.581,0.0916,10.0234,-0.0036,0.0129,9.8066,-0.0061,-0.0136,-0.009,3.69,-33.19,26.75,20.28,-81.86,-171.74
52.41244,-1.532973,145.28,15.45,3,208.8,20 / 22,1981909,2019-09-06 19:53:07:652,0.4006,-0.1777,9.331,-0.0024,0.0059,9.8066,-0.0529,-0.005,0.0809,3.06,-33.31,26.88,18.6,-81.87,-171.06
52.41244,-1.532973,145.28,15.45,3,208.8,20 / 22,1982010,2019-09-06 19:53:07:753,0.2187,0.1702,9.7196,-0.003,-0.0171,9.8066,-0.1078,-0.0071,-0.0065,3.56,-33.94,27,21.43,-81.84,-170.9
52.41244,-1.532973,145.28,15.45,3,208.8,20 / 22,1982110,2019-09-06 19:53:07:853,-0.0266,0.3428,9.7075,-0.0176,-0.0167,9.8066,0.1451,0.02,0.0105,3.81,-34.12,27.19,21.69,-81.94,-170.64
52.41244,-1.532973,145.28,15.45,3,208.8,20 / 22,1982210,2019-09-06 19:53:07:953,-0.8111,0.3325,10.4506,-0.0069,0.0038,9.8066,0.1658,0.0261,0.0269,3.06,-34,27.38,20.35,-81.82,-169.74
52.41244,-1.532973,145.28,15.45,3,208.8,20 / 22,1982310,2019-09-06 19:53:08:053,0.8935,-0.3987,9.4169,-0.0103,0.0018,9.8066,0.1965,-0.0554,0.0732,3.44,-33.31,27.13,21.27,-81.73,-168.91
52.41244,-1.532973,145.28,15.45,3,208.8,19 / 21,1982409,2019-09-06 19:53:08:152,0.1103,0.4799,10.0186,0.0007,-0.0126,9.8066,-0.0365,0.0975,-0.0642,3.5,-33.69,26.88,23.63,-81.8,-169.1
52.41244,-1.532973,145.28,15.45,3,208.8,19 / 21,1982510,2019-09-06 19:53:08:253,0.4997,0.65,10.4694,-0.0122,-0.0045,9.8066,0.116,0.0877,0.0388,3.25,-33.87,27.13,22.86,-81.7,-167.73
52.41244,-1.532973,145.28,15.45,3,208.8,19 / 21,1982609,2019-09-06 19:53:08:352,-0.5095,0.1591,9.8545,-0.0046,-0.0083,9.8066,-0.0348,-0.0604,0.0761,3.81,-33.5,27.44,25.12,-81.58,-167.87
52.41244,-1.532973,145.28,15.45,3,208.8,19 / 21,1982710,2019-09-06 19:53:08:453,-0.4166,-0.275,9.9015,0.008,-0.0068,9.8066,-0.0917,-0.0112,-0.0867,3.06,-33.87,27.31,23.46,-81.61,-167.28
52.41244,-1.532973,145.28,15.45,3,208.8,19 / 21,1982810,2019-09-06 19:53:08:553,0.4795,1.3301,11.0102,-0.0106,-0.0073,9.8066,-0.0159,0.0246,0.0253,3.31,-34.06,27.13,22.59,-81.71,-167.95
52.41244,-1.532973,145.28,15.45,3,208.8,19 / 21,1982909,2019-09-06 19:53:08:652,0.9458,-0.6612,9.5232,-0.0031,-0.0005,9.8066,-0.0066,-0.0391,0.0531,2.94,-33.94,27.38,23.36,-81.46,-167.45
52.41244,-1.532973,145.28,15.45,3,208.8,19 / 21,1983010,2019-09-06 19:53:08:753,-0.919,-0.2781,9.399,-0.0051,0.0115,9.8065,-0.1367,0.0405,-0.128,2.75,-34.06,27.44,23.65,-81.47,-167.2
52.41244,-1.532973,145.28,15.45,3,208.8,19 / 21,1983109,2019-09-06 19:53:08:852,0.1789,1.6679,10.3476,-0.013,0.0157,9.8066,0.1079,-0.0146,0.111,2.81,-34.56,26.56,27.04,-81.56,-164.5
52.41244,-1.532973,145.28,15.45,3,208.8,19 / 21,1983209,2019-09-06 19:53:08:952,0.9429,0.7481,10.1323,0.0046,0.0032,9.8066,0.0974,0.0345,-0.015,3.25,-33.94,26.88,26.93,-81.55,-164.45
52.41244,-1.532973,145.28,15.45,3,208.8,19 / 21,1983310,2019-09-06 19:53:09:053,0.8076,0.0331,10.366,-0.016,-0.0304,9.8065,-0.0205,0.0624,0.0149,2.69,-34,27.69,26.19,-81.34,-164.8
52.41244,-1.532973,145.28,15.45,3,208.8,20 / 22,1983409,2019-09-06 19:53:09:152,-1.3492,-0.0323,9.3522,-0.009,0.0135,9.8066,0.0297,-0.0598,0.0858,2.69,-33.69,28,27.36,-81.06,-164
52.41244,-1.532973,145.28,15.45,3,208.8,20 / 22,1983510,2019-09-06 19:53:09:253,-0.192,1.1445,10.4444,-0.0042,0.0146,9.8066,-0.0233,0.0053,-0.0008,2.63,-34.37,27.13,29.59,-81.28,-162.43
52.41244,-1.532973,145.28,15.45,3,208.8,20 / 22,1983610,2019-09-06 19:53:09:353,-0.1954,0.755,11.1735,0.0093,-0.009,9.8066,0.0438,-0.0386,-0.0235,2.38,-33.69,27.75,26.63,-81.32,-162.43
52.41244,-1.532973,145.28,15.45,3,208.8,20 / 22,1983709,2019-09-06 19:53:09:452,-0.743,-0.0863,9.5148,0.0246,-0.034,9.8065,0.1843,0.0279,-0.028,3,-33.69,27.81,23.63,-81.09,-167.05
52.41244,-1.532973,145.28,15.45,3,208.8,20 / 22,1983809,2019-09-06 19:53:09:552,0.2522,0.3674,9.0865,0.0037,-0.0092,9.8066,-0.0178,-0.0169,0.0301,3.31,-33.31,27.81,22.58,-80.86,-167.9
52.41244,-1.532973,145.28,15.45,3,208.8,20 / 22,1983911,2019-09-06 19:53:09:654,0.6821,-0.0049,9.1466,0.0098,0.0292,9.8066,-0.0851,-0.033,0.0047,3.56,-33.87,28.25,24.45,-81.2,-168.31
52.41244,-1.532973,145.28,15.45,3,208.8,20 / 22,1984010,2019-09-06 19:53:09:753,0.7165,-0.5031,9.2569,0.0044,0.01,9.8066,-0.1574,0.0263,-0.0209,3.44,-33.5,27.63,22.26,-81.59,-167.8
52.41244,-1.532973,145.28,15.45,3,208.8,20 / 22,1984110,2019-09-06 19:53:09:853,0.7589,0.5544,9.7311,-0.0327,0.0277,9.8065,0.0947,-0.0361,0.1566,3,-34.19,27.69,24.9,-81.78,-165.61
52.41244,-1.532973,145.28,15.45,3,208.8,20 / 22,1984210,2019-09-06 19:53:09:953,0.0298,-0.2248,10.1826,-0.0103,0.059,9.8064,0.0866,-0.0689,0.0369,3.13,-34.25,27.31,28.37,-81.85,-163.06
52.41244,-1.532973,145.28,15.45,3,208.8,20 / 22,1984309,2019-09-06 19:53:10:052,-1.3402,1.2227,11.0403,-0.0315,-0.0441,9.8065,-0.0423,0.0199,0.038,2.5,-33.81,27.69,29.95,-81.33,-161.68
52.41244,-1.532973,145.28,15.45,3,208.8,19 / 22,1984410,2019-09-06 19:53:10:153,2.5732,4.5716,8.8251,0.0069,0.0841,9.8062,-0.3164,0.0334,0.106,2.25,-34.06,27.5,29,-80.89,-160.74
52.41244,-1.532973,145.28,15.45,3,208.8,19 / 22,1984510,2019-09-06 19:53:10:253,0.8128,5.0289,11.5658,0.1071,0.3066,9.8012,1.1648,0.2114,-0.3129,2.5,-33.06,28.38,30.76,-81.49,-160.74
52.41244,-1.532973,145.28,15.45,3,208.8,19 / 22,1984610,2019-09-06 19:53:10:353,1.2902,-2.9139,9.5006,0.0372,0.2798,9.8025,0.8775,0.2993,0.0412,3.19,-32.75,28.69,29.38,-80.93,-161.88
52.41244,-1.532973,145.28,15.45,3,208.8,19 / 22,1984710,2019-09-06 19:53:10:453,-0.9032,-2.6626,9.5026,0.0336,-0.0837,9.8061,-0.685,-0.0534,-0.0829,3.44,-32.5,27.81,24.78,-80.51,-166.15
52.41244,-1.532973,145.28,15.45,3,208.8,19 / 22,1984810,2019-09-06 19:53:10:553,0.2032,-1.0975,9.0651,0.0141,-0.052,9.8064,-0.1461,0.0154,-0.1787,3.38,-33.44,27.81,23.43,-81.31,-166.97
52.41244,-1.532973,145.28,15.45,3,208.8,19 / 22,1984909,2019-09-06 19:53:10:652,1.4352,2.3507,9.1519,-0.0156,-0.0853,9.8062,-0.083,0.0068,0.0053,3.5,-33.81,27.06,25.6,-81.49,-167.65
52.41244,-1.532973,145.28,15.45,3,208.8,19 / 22,1985010,2019-09-06 19:53:10:753,0.2236,1.3454,9.1609,-0.0183,-0.1077,9.806,-0.1659,0.0033,0.0339,3.25,-33.31,26.63,21.46,-80.8,-169.22
52.41244,-1.532973,145.28,15.45,3,208.8,19 / 22,1985110,2019-09-06 19:53:10:853,-0.5867,1.0525,10.3806,0.0124,0.0554,9.8065,0.158,-0.0089,-0.0727,2.81,-33.44,26.5,21.54,-81,-169.05
52.41244,-1.532973,145.28,15.45,3,208.8,19 / 22,1985209,2019-09-06 19:53:10:952,0.1788,-0.767,10.3797,0.0304,0.076,9.8062,0.2793,-0.0225,-0.0084,3.13,-34.06,27,20.46,-81.17,-169.96
52.41244,-1.532973,145.28,15.45,3,208.8,19 / 22,1985309,2019-09-06 19:53:11:052,-0.1637,-0.3841,10.3338,0.0085,-0.0436,9.8065,-0.215,0.0106,-0.0398,2.44,-33.44,26.75,16.75,-81.22,-170.75
52.41244,-1.532973,145.28,15.45,3,208.8,19 / 21,1985409,2019-09-06 19:53:11:152,-0.1591,0.1122,10.3401,0.0053,-0.0113,9.8066,-0.1209,-0.005,-0.0381,2.75,-33.94,27.63,17.51,-81.22,-171.98
52.41244,-1.532973,145.28,15.45,3,208.8,19 / 21,1985510,2019-09-06 19:53:11:253,-0.168,1.266,9.687,0.0051,-0.0343,9.8065,0.1103,-0.0422,0.0174,2.69,-33.75,28.31,15.93,-81.02,-173.33
52.41244,-1.532973,145.28,15.45,3,208.8,19 / 21,1985610,2019-09-06 19:53:11:353,0.4379,1.1091,9.7443,0.0075,-0.0243,9.8066,0.1322,0.0174,-0.0645,3.44,-34.06,27.81,15.14,-81.02,-173.97
52.41244,-1.532973,145.28,15.45,3,208.8,19 / 21,1985710,2019-09-06 19:53:11:453,0.4849,-0.1567,9.5059,0.0119,0.0407,9.8065,0.051,-0.0747,0.0193,3.25,-33.12,27.81,14.54,-81.29,-174.29
52.41244,-1.532973,145.28,15.45,3,208.8,19 / 21,1985809,2019-09-06 19:53:11:552,0.4336,0.0424,9.228,0.0143,0.0415,9.8065,-0.0503,-0.0087,-0.0006,3.31,-34,27.88,14.15,-81.33,-174.67
52.41244,-1.532973,145.28,15.45,3,208.8,19 / 21,1985909,2019-09-06 19:53:11:652,0.3628,0.2792,9.2767,-0.0025,-0.0188,9.8066,-0.0446,-0.0088,0.0124,4.06,-33.81,27.75,16.87,-81.41,-174.43
52.41244,-1.532973,145.28,15.45,3,208.8,19 / 21,1986010,2019-09-06 19:53:11:753,0.6212,0.3485,9.3738,-0.0057,0.0172,9.8066,-0.0885,-0.0157,0.0145,4.19,-34.25,27.31,17.75,-81.49,-174.09
52.41244,-1.532973,145.28,15.45,3,208.8,19 / 21,1986109,2019-09-06 19:53:11:852,-0.3896,0.5816,10.258,-0.0141,0.0117,9.8065,0.0716,0.0089,0.0883,3.75,-33.94,27.31,19.39,-81.53,-172.73
52.41244,-1.532973,145.28,15.45,3,208.8,19 / 21,1986209,2019-09-06 19:53:11:952,0.4519,0.4003,10.6171,-0.0152,-0.0147,9.8066,0.0915,0.0306,0.0317,3.5,-33.81,27.31,20.86,-81.29,-171.64
52.41244,-1.532973,145.28,15.45,3,208.8,19 / 21,1986310,2019-09-06 19:53:12:053,-0.7147,-0.1402,10.4426,-0.0206,-0.0164,9.8065,0.009,0.0023,-0.0001,2.88,-34.06,27.5,19.18,-80.96,-170.74
52.41244,-1.532973,145.28,15.45,3,208.8,20 / 22,1986409,2019-09-06 19:53:12:152,-0.2622,0.6537,8.5655,-0.0161,-0.0013,9.8066,-0.1763,-0.0495,0.0334,3.44,-33.81,27.88,19.75,-80.71,-170.39
52.41244,-1.532973,145.28,15.45,3,208.8,20 / 22,1986509,2019-09-06 19:53:12:252,-0.4455,-0.1719,8.6755,-0.0029,-0.0948,9.8062,-0.2097,0.0301,0.0401,3.25,-33.5,27.88,19.7,-80.59,-170.37
52.41244,-1.532973,145.28,15.45,3,208.8,20 / 22,1986610,2019-09-06 19:53:12:353,-0.3508,2.3459,7.923,-0.0138,-0.0736,9.8063,-0.2595,-0.0506,0.0794,3.25,-33.94,27.13,21.33,-80.81,-169.43
52.41244,-1.532973,145.28,15.45,3,208.8,20 / 22,1986710,2019-09-06 19:53:12:453,1.4301,0.6646,9.8373,0.0095,0.0828,9.8063,0.3497,-0.0545,-0.0351,3,-34.12,27.56,20.4,-81.42,-169.53
52.41244,-1.532973,145.28,15.45,3,208.8,20 / 22,1986809,2019-09-06 19:53:12:552,0.5608,-0.793,9.6811,0.0082,0.0347,9.8065,0.2192,0.0165,-0.069,3.5,-33.94,27.75,21.81,-81.27,-170.44
52.41244,-1.532973,145.28,15.45,3,208.8,20 / 22,1986910,2019-09-06 19:53:12:653,0.0106,0.4873,9.8922,-0.0092,0.0185,9.8066,0.0251,0.0014,0.0744,3.19,-34.06,27.88,19.93,-81,-170.11
52.41244,-1.532973,145.28,15.45,3,208.8,20 / 22,1987009,2019-09-06 19:53:12:752,0.3231,0.2188,10.3007,0.0008,0.0372,9.8065,0.0448,0.0133,0.0292,2.94,-33.87,28.25,21.21,-81.12,-169.01
52.41244,-1.532973,145.28,15.45,3,208.8,20 / 22,1987110,2019-09-06 19:53:12:853,-0.3259,0.1224,10.2709,-0.005,-0.011,9.8065,-0.0188,0.0385,-0.0163,2.75,-33.5,28.25,21.83,-81.01,-168.44
52.41244,-1.532973,145.28,15.45,3,208.8,20 / 22,1987210,2019-09-06 19:53:12:953,1.1302,0.3265,9.8714,-0.0036,0.0087,9.8066,0.1058,-0.0442,0.0789,2.88,-33.81,28,22.31,-81.05,-168.15
52.41244,-1.532973,145.28,15.45,3,208.8,20 / 22,1987312,2019-09-06 19:53:13:055,0.8705,0.9029,9.3538,-0.0084,-0.0464,9.8065,-0.1513,0.063,-0.0495,3.31,-33.56,28.13,23.23,-80.6,-167.64
52.41244,-1.532973,145.28,15.45,3,208.8,20 / 22,1987409,2019-09-06 19:53:13:152,-0.5235,0.6438,10.0576,-0.0268,-0.1012,9.806,-0.0939,0.0032,0.0357,3,-34.06,27.44,24.01,-80.36,-167.53
52.41244,-1.532973,145.28,15.45,3,208.8,20 / 22,1987510,2019-09-06 19:53:13:253,-1.1173,0.8639,9.4878,0.0273,0.0659,9.8064,0.0619,0.0721,-0.1327,3,-33.69,28,22.66,-80.38,-168.21
52.41244,-1.532973,145.28,15.45,3,208.8,20 / 22,1987610,2019-09-06 19:53:13:353,0.823,-0.2587,8.7514,0.0182,0.0633,9.8064,0.0566,0.0249,0.0028,3.25,-34.06,27.69,21.52,-80.97,-168.83
52.41244,-1.532973,145.28,15.45,3,208.8,20 / 22,1987710,2019-09-06 19:53:13:453,-0.3281,-0.6504,9.9277,0.0118,0.0156,9.8066,-0.1049,0.0152,-0.021,3.56,-34.12,27.5,23.79,-81.32,-168.78
52.41244,-1.532973,145.28,15.45,3,208.8,20 / 22,1987809,2019-09-06 19:53:13:552,0.1728,-0.3718,9.7806,0.0078,0.0255,9.8065,-0.0372,0.0107,-0.0137,3.56,-34.19,27.56,23.79,-81.52,-168.68
52.41244,-1.532973,145.28,15.45,3,208.8,20 / 22,1987909,2019-09-06 19:53:13:652,0.2686,0.6205,10.2224,-0.0117,-0.0264,9.8065,0.049,0.0174,0.0246,3.31,-34,27.31,22.11,-81.27,-168.57
52.41244,-1.532973,145.28,15.45,3,208.8,20 / 22,1988009,2019-09-06 19:53:13:752,0.7346,0.4052,10.6017,-0.013,-0.0452,9.8065,0.0343,0.035,-0.0232,3.25,-33.75,27.81,21.88,-80.94,-168.55
52.41244,-1.532973,145.28,15.45,3,208.8,20 / 22,1988110,2019-09-06 19:53:13:853,-0.8163,0.1824,10.0567,-0.0048,0.009,9.8066,-0.0042,-0.1128,0.0938,2.75,-33.44,28.19,21.33,-80.7,-169
52.41244,-1.532973,145.28,15.45,3,208.8,20 / 22,1988210,2019-09-06 19:53:13:953,1.5287,1.2377,9.9954,0.0078,0.0263,9.8065,-0.0845,0.1112,-0.0984,3.06,-33.87,28.13,21.47,-80.78,-168.96
52.41244,-1.532973,145.28,15.45,3,208.8,20 / 22,1988310,2019-09-06 19:53:14:053,-0.1415,0.158,9.4195,0.0063,0.0165,9.8066,-0.035,-0.0432,0.0116,2.63,-33.44,28.94,21.08,-81.02,-168.71
52.41128,-1.534042,144.06,16.82,3,208.4,20 / 22,1988409,2019-09-06 19:53:14:152,2.2622,0.1861,8.4948,0.0207,0.0153,9.8065,-0.0703,-0.1133,0.0989,3.06,-33.81,28.44,21.35,-81.06,-168.93
52.41128,-1.534042,144.06,16.82,3,208.4,20 / 22,1988510,2019-09-06 19:53:14:253,1.6951,-0.4444,9.3255,0.0007,-0.0278,9.8066,-0.0526,-0.0596,-0.03,2.94,-33.87,28.06,20.82,-81.41,-169.19
52.41128,-1.534042,144.06,16.82,3,208.4,20 / 22,1988610,2019-09-06 19:53:14:353,-0.3445,-0.3317,9.7404,0.0207,-0.0328,9.8065,-0.0505,-0.0009,-0.0116,3.31,-33.5,27.81,19.44,-81.23,-170.29
52.41128,-1.534042,144.06,16.82,3,208.4,20 / 22,1988710,2019-09-06 19:53:14:453,-0.7228,0.2253,10.1976,0.0012,-0.0448,9.8064,-0.0742,0.0141,-0.0701,2.94,-33.94,28.13,18.27,-81.26,-171.35
52.41128,-1.534042,144.06,16.82,3,208.4,20 / 22,1988810,2019-09-06 19:53:14:553,1.2401,0.4928,9.8534,0.0125,-0.0024,9.8066,-0.0997,0.0404,-0.009,3.31,-33.81,27.88,17.29,-81.22,-172.16
52.41128,-1.534042,144.06,16.82,3,208.4,20 / 22,1988909,2019-09-06 19:53:14:652,-0.5752,-0.236,10.2087,-0.015,-0.0356,9.8065,0.0691,0.0486,-0.092,3.5,-33.56,27.88,19.34,-81.03,-172.57
52.41128,-1.534042,144.06,16.82,3,208.4,20 / 22,1989011,2019-09-06 19:53:14:754,-0.2901,0.1346,10.2644,0.0084,-0.0019,9.8066,0.0801,0.0216,0.026,3.75,-33.19,28,19.11,-80.97,-172.68
52.41128,-1.534042,144.06,16.82,3,208.4,20 / 22,1989109,2019-09-06 19:53:14:852,-0.7211,-0.4027,10.3928,-0.0008,0.0353,9.8065,-0.1028,0.0708,-0.0522,3.5,-33.5,28.38,18.88,-81.12,-172.8
52.41128,-1.534042,144.06,16.82,3,208.4,20 / 22,1989210,2019-09-06 19:53:14:953,-0.2599,0.3695,9.168,-0.0033,-0.0198,9.8065,-0.0634,-0.0577,0.0357,3.5,-34.06,28.25,19.25,-81.05,-172.64
52.41128,-1.534042,144.06,16.82,3,208.4,20 / 22,1989309,2019-09-06 19:53:15:052,0.4262,0.6727,8.9132,-0.0158,-0.0337,9.8065,0.1257,-0.0199,-0.0045,3.56,-33.94,28.31,20.14,-81.03,-171.93
52.41128,-1.534042,144.06,16.82,3,208.4,20 / 22,1989409,2019-09-06 19:53:15:152,-0.1163,1.3936,9.4891,0.0089,0.0542,9.8065,0.1284,-0.004,0.0288,3.88,-33.69,28.31,20.65,-81.39,-171.34
52.41128,-1.534042,144.06,16.82,3,208.4,20 / 22,1989509,2019-09-06 19:53:15:252,-0.7609,0.0977,10.8566,0.0064,0.0376,9.8065,0.0419,-0.0057,-0.041,3.13,-33.25,28.38,17.96,-81.3,-171.49
52.41128,-1.534042,144.06,16.82,3,208.4,20 / 22,1989610,2019-09-06 19:53:15:353,0.4487,0.201,10.0802,0.0077,-0.0274,9.8065,0.094,-0.02,-0.0032,3.06,-33.75,28.31,16.66,-81.24,-172.67
52.41128,-1.534042,144.06,16.82,3,208.4,20 / 22,1989709,2019-09-06 19:53:15:452,0.3815,-0.2463,10.0579,0.0039,-0.0214,9.8066,-0.0106,-0.0003,-0.0529,3.94,-33.5,28.5,17.47,-80.99,-173.63
52.41128,-1.534042,144.06,16.82,3,208.4,20 / 22,1989809,2019-09-06 19:53:15:552,1.032,1.1598,9.7532,-0.0013,-0.0267,9.8066,-0.1392,0.0797,-0.017,3.88,-33.12,28.44,16.78,-80.75,-174.66
52.41128,-1.534042,144.06,16.82,3,208.4,20 / 22,1989910,2019-09-06 19:53:15:653,0.2886,0.8094,9.5122,0.015,0.041,9.8065,0.1397,-0.0664,0.0133,3.5,-33.31,28.38,15.89,-80.64,-175.42
52.41128,-1.534042,144.06,16.82,3,208.4,20 / 22,1990009,2019-09-06 19:53:15:752,-0.5582,1.2561,9.4889,0.0103,0.0332,9.8065,0.0518,-0.0087,-0.0622,3.75,-33.12,28.38,15.1,-80.87,-175.98
52.41128,-1.534042,144.06,16.82,3,208.4,20 / 22,1990109,2019-09-06 19:53:15:852,0.4738,0.3304,9.7069,0.0048,0.0463,9.8065,-0.0264,0.0787,0.046,3.94,-33.19,27.94,14.71,-80.95,-176.27
52.41128,-1.534042,144.06,16.82,3,208.4,20 / 22,1990210,2019-09-06 19:53:15:953,0.7502,-0.398,10.5373,-0.0228,-0.0122,9.8065,0.0988,-0.02,0.0878,2.88,-33.44,28.56,12.61,-80.97,-175.67
52.41128,-1.534042,144.06,16.82,3,208.4,20 / 22,1990309,2019-09-06 19:53:16:052,-0.3167,-0.1026,10.5118,-0.0294,-0.0012,9.8065,-0.1644,0.02,0.0548,3.38,-33.62,28.44,16.98,-80.78,-172.58
52.41128,-1.534042,144.06,16.82,3,208.4,20 / 22,1990409,2019-09-06 19:53:16:152,-0.4011,0.3703,9.9223,-0.0254,-0.024,9.8065,-0.1036,-0.0021,0.0267,2.88,-33.69,28.44,19.88,-80.52,-170.36
52.41128,-1.534042,144.06,16.82,3,208.4,20 / 22,1990510,2019-09-06 19:53:16:253,-0.0785,-0.2419,9.4301,-0.0075,-0.0013,9.8066,0.0014,-0.0167,0.0806,3.5,-33.62,27.94,23.41,-80.57,-169.5
52.41128,-1.534042,144.06,16.82,3,208.4,20 / 22,1990609,2019-09-06 19:53:16:352,0.1648,0.2594,9.1813,-0.0144,0.0177,9.8066,-0.0481,-0.0311,-0.0313,2.69,-33.87,28.13,22.35,-80.81,-168.23
52.41128,-1.534042,144.06,16.82,3,208.4,20 / 22,1990709,2019-09-06 19:53:16:452,-0.4002,0.0076,10.0815,0.0061,0.0282,9.8065,0.0246,-0.0252,0.0382,3.19,-33.62,27.88,22.97,-81.11,-167.57
52.41128,-1.534042,144.06,16.82,3,208.4,20 / 22,1990810,2019-09-06 19:53:16:553,-0.2644,0.6329,10.3808,0.0028,-0.0183,9.8066,0.026,-0.0285,0.018,2.88,-32.75,27.44,23.32,-81.3,-167.44
52.41128,-1.534042,144.06,16.82,3,208.4,20 / 22,1990911,2019-09-06 19:53:16:654,-0.136,0.7183,10.7417,0.0136,0.0055,9.8066,0.1031,-0.0261,-0.0598,3.13,-33.19,28.25,21.49,-81,-168.72
52.41128,-1.534042,144.06,16.82,3,208.4,20 / 22,1991010,2019-09-06 19:53:16:753,0.4884,0.2739,10.2347,0.0322,0.0076,9.8066,0.03,0.0417,-0.0913,3.19,-32.87,28.81,17.7,-80.75,-171.6
52.41128,-1.534042,144.06,16.82,3,208.4,20 / 22,1991110,2019-09-06 19:53:16:853,-0.1556,-0.5066,10.3042,0.0105,-0.0161,9.8065,0.0017,-0.0084,-0.0418,3.19,-32.69,28.13,15.56,-80.64,-173.69
52.41128,-1.534042,144.06,16.82,3,208.4,20 / 22,1991209,2019-09-06 19:53:16:952,0.2066,-0.0697,9.8046,0.0128,-0.0092,9.8066,-0.0443,0.0073,-0.0216,3.88,-32.5,28.25,16.32,-80.76,-174.94
52.41128,-1.534042,144.06,16.82,3,208.4,20 / 22,1991309,2019-09-06 19:53:17:052,0.13,-0.1843,9.8409,-0.002,-0.0132,9.8066,0.065,0.0121,-0.02,3.25,-32.75,27.56,13.77,-80.87,-175.05
52.41128,-1.534042,144.06,16.82,3,208.4,19 / 21,1991410,2019-09-06 19:53:17:153,0.1237,0.6631,9.5493,0.003,0.0066,9.8066,0.1469,-0.0062,0.0029,3.56,-32.12,28.19,15.93,-80.75,-175.26
52.41128,-1.534042,144.06,16.82,3,208.4,19 / 21,1991510,2019-09-06 19:53:17:253,-0.1985,-0.5081,10.7415,-0.0097,-0.0017,9.8066,0.1691,0.0349,0.0078,3.25,-32.31,28.81,13.43,-80.59,-175.04
52.41128,-1.534042,144.06,16.82,3,208.4,19 / 21,1991609,2019-09-06 19:53:17:352,-0.6099,-0.3096,10.7435,-0.0091,-0.0504,9.8064,-0.0642,-0.0364,0.0074,3.38,-32.5,27.94,14.1,-80.29,-174.89
52.41128,-1.534042,144.06,16.82,3,208.4,19 / 21,1991709,2019-09-06 19:53:17:452,0.2465,0.6866,10.6116,0.01,0.0128,9.8066,0.0151,-0.012,-0.0071,3.31,-33.06,27.81,13.67,-80.54,-175.24
52.41128,-1.534042,144.06,16.82,3,208.4,19 / 21,1991809,2019-09-06 19:53:17:552,-0.6709,0.5191,10.1551,0.0051,0.0097,9.8066,-0.0558,0.0963,-0.0429,3.13,-33.81,27.56,13.92,-80.57,-175.11
52.41128,-1.534042,144.06,16.82,3,208.4,19 / 21,1991909,2019-09-06 19:53:17:652,-0.4658,0.8704,9.834,-0.0073,-0.0152,9.8066,-0.0807,0.0815,-0.009,3.75,-34.19,28.44,16.2,-80.43,-175.35
52.41128,-1.534042,144.06,16.82,3,208.4,19 / 21,1992011,2019-09-06 19:53:17:754,-0.1325,-0.7418,9.0736,-0.0047,-0.008,9.8066,-0.0663,0.0174,-0.025,3.44,-34,27.88,14.25,-80.42,-174.9
52.41128,-1.534042,144.06,16.82,3,208.4,19 / 21,1992110,2019-09-06 19:53:17:853,-0.3789,0.6425,7.2554,-0.0264,0.0554,9.8064,-0.0701,-0.0045,0.1123,3.88,-34.87,28.44,18.63,-80.63,-173.43
52.41128,-1.534042,144.06,16.82,3,208.4,19 / 21,1992210,2019-09-06 19:53:17:953,-0.7897,1.1056,9.0021,0.0139,0.0867,9.8062,-0.0854,0.0585,-0.0253,3.44,-34.62,28.69,19.48,-81.38,-170.07
52.41128,-1.534042,144.06,16.82,3,208.4,19 / 21,1992310,2019-09-06 19:53:18:053,-0.3602,0.6858,10.0174,-0.0091,0.0676,9.8063,0.1154,0.0266,0.0355,2.88,-33.94,28.56,21.25,-81.75,-168.34
52.41128,-1.534042,144.06,16.82,3,208.4,19 / 22,1992410,2019-09-06 19:53:18:153,0.0931,0.3462,10.4529,-0.005,-0.077,9.8062,-0.0262,0.0165,-0.0276,3.63,-34.25,29.38,22.79,-81.17,-169.27
52.41128,-1.534042,144.06,16.82,3,208.4,19 / 22,1992509,2019-09-06 19:53:18:252,0.7265,0.2962,11.1702,-0.0159,-0.1197,9.8058,-0.1427,-0.0225,0.0098,3.56,-33.37,29.25,21.99,-80.6,-170.09
52.41128,-1.534042,144.06,16.82,3,208.4,19 / 22,1992610,2019-09-06 19:53:18:353,0.4681,-0.747,11.1585,0.0004,0.029,9.8065,0.0938,-0.0094,-0.0181,2.88,-33.12,29.5,19.11,-80.24,-170.35
52.41128,-1.534042,144.06,16.82,3,208.4,19 / 22,1992709,2019-09-06 19:53:18:452,0.6678,0.3661,9.9923,-0.0018,0.0171,9.8065,0.0975,0.0489,0.0133,3,-33,29.38,19.92,-80.25,-170
52.41128,-1.534042,144.06,16.82,3,208.4,19 / 22,1992809,2019-09-06 19:53:18:552,-1.0554,0.0731,9.5798,-0.004,0.0038,9.8066,-0.0588,0.0814,-0.0297,3.31,-32.62,29.63,20.06,-80.25,-169.57
52.41128,-1.534042,144.06,16.82,3,208.4,19 / 22,1992909,2019-09-06 19:53:18:652,0.1463,0.969,8.581,-0.0141,-0.0103,9.8066,-0.0449,-0.0131,0.0182,3.44,-33.56,28.88,20.94,-80.2,-169.32
52.41128,-1.534042,144.06,16.82,3,208.4,19 / 22,1993010,2019-09-06 19:53:18:753,-1.2362,0.7299,10.0071,-0.0103,-0.0054,9.8066,-0.0658,0.0487,-0.035,2.63,-33.06,28.75,22.16,-80.18,-168.23
52.41128,-1.534042,144.06,16.82,3,208.4,19 / 22,1993110,2019-09-06 19:53:18:853,0.3684,-0.6123,10.0136,0.0182,0.0481,9.8064,0.1665,-0.0998,0.0496,3.19,-32.87,29,21.78,-80.47,-168.4
52.41128,-1.534042,144.06,16.82,3,208.4,19 / 22,1993209,2019-09-06 19:53:18:952,-0.6182,0.5656,10.3884,0.0149,-0.0477,9.8065,-0.0539,0.0694,-0.0683,3.19,-32.87,29.44,21.04,-80.44,-169.01
52.41128,-1.534042,144.06,16.82,3,208.4,19 / 22,1993310,2019-09-06 19:53:19:053,-0.2388,0.4273,10.2608,-0.0005,-0.0492,9.8065,0.0652,-0.0169,0.0662,2.94,-32.87,28.81,19.14,-80.21,-170.65
52.41128,-1.534042,144.06,16.82,3,208.4,20 / 22,1993409,2019-09-06 19:53:19:152,0.4141,-0.0263,9.4827,0.0033,0.0053,9.8066,-0.0247,0.0195,0.0058,3.25,-32.87,29.25,17.88,-80.33,-171.62
52.41128,-1.534042,144.06,16.82,3,208.4,20 / 22,1993510,2019-09-06 19:53:19:253,0.0335,1.2575,9.7379,0.012,0.0236,9.8065,0.147,-0.0123,-0.0224,3.81,-32.94,29.06,19.26,-80.44,-172.39
52.41128,-1.534042,144.06,16.82,3,208.4,20 / 22,1993609,2019-09-06 19:53:19:352,0.4942,0.0557,10.181,0.019,0.0234,9.8065,0.1152,0.0098,-0.1328,3.69,-32.75,28.31,18.9,-80.48,-173.06
52.41128,-1.534042,144.06,16.82,3,208.4,20 / 22,1993710,2019-09-06 19:53:19:453,0.2173,-0.4058,10.4185,0.022,0.0038,9.8066,-0.1456,-0.0246,-0.0199,4,-32.94,29.25,15.87,-80.6,-175.08
52.41128,-1.534042,144.06,16.82,3,208.4,20 / 22,1993810,2019-09-06 19:53:19:553,-0.0309,4.0429,7.9663,0.0241,-0.0461,9.8065,-0.3704,-0.0449,0.118,4.25,-32.56,28.56,12.32,-80.28,-178.04
52.41128,-1.534042,144.06,16.82,3,208.4,20 / 22,1993909,2019-09-06 19:53:19:652,0.1431,2.8551,7.9268,-0.0362,-0.1529,9.8054,0.4199,0.0476,-0.1126,3.56,-32.44,28.94,12.37,-80,-178
52.41128,-1.534042,144.06,16.82,3,208.4,20 / 22,1994010,2019-09-06 19:53:19:753,0.1398,3.6434,8.9283,0.0369,0.173,9.805,0.4831,0.0066,0.2138,4.19,-32.25,28.5,12.01,-81.25,-177.96
52.41128,-1.534042,144.06,16.82,3,208.4,20 / 22,1994109,2019-09-06 19:53:19:852,0.0149,-1.2908,10.0384,-0.0195,0.1084,9.806,-0.161,0.0408,-0.0929,4.38,-32.44,28.38,14.7,-81.09,-176.15
52.41128,-1.534042,144.06,16.82,3,208.4,20 / 22,1994210,2019-09-06 19:53:19:953,-1.9836,-0.3291,10.0401,-0.0036,-0.0495,9.8065,0.14,-0.0917,0.0756,4.25,-32.31,28.5,15.11,-81.08,-175.46
52.41128,-1.534042,144.06,16.82,3,208.4,20 / 22,1994310,2019-09-06 19:53:20:053,-1.4714,0.6216,9.9098,-0.007,-0.01,9.8065,-0.1677,0.009,-0.1251,3.81,-32.81,27.5,15.67,-80.81,-175.53
52.41128,-1.534042,144.06,16.82,3,208.4,19 / 21,1994409,2019-09-06 19:53:20:152,-0.2709,0.9621,10.067,0.0141,0.0065,9.8065,0.0352,-0.0408,0.1006,4.06,-33.31,28.13,15.17,-80.73,-175.97
52.41128,-1.534042,144.06,16.82,3,208.4,19 / 21,1994509,2019-09-06 19:53:20:252,-0.3797,0.0503,9.6653,-0.0085,-0.0023,9.8065,-0.1358,0.0621,0.0169,3.5,-33.56,27.81,15.73,-80.64,-175.64
52.41128,-1.534042,144.06,16.82,3,208.4,19 / 21,1994610,2019-09-06 19:53:20:353,0.4528,1.6496,9.7653,-0.0074,0.0439,9.8065,0.1602,-0.0681,0.1136,3.75,-33.87,27.81,16.12,-80.69,-175.31
52.41128,-1.534042,144.06,16.82,3,208.4,19 / 21,1994709,2019-09-06 19:53:20:452,-0.7862,-0.7469,9.4974,0.0285,0.1399,9.8056,-0.4984,0.1704,-0.2191,3,-34.31,28.19,15.61,-81.39,-173.46
52.41128,-1.534042,144.06,16.82,3,208.4,19 / 21,1994810,2019-09-06 19:53:20:553,1.4258,-0.0477,10.6288,-0.0025,-0.1689,9.8051,-0.2968,0.2399,0.063,3.06,-34.19,28.56,14.38,-80.4,-174.49
52.41128,-1.534042,144.06,16.82,3,208.4,19 / 21,1994910,2019-09-06 19:53:20:653,-2.0958,0.5913,11.5848,-0.0304,-0.1775,9.805,0.0095,-0.0641,-0.1008,2.81,-33.81,29,13.91,-79.97,-175
52.41128,-1.534042,144.06,16.82,3,208.4,19 / 21,1995010,2019-09-06 19:53:20:753,1.7635,1.6228,9.0185,-0.0029,-0.0395,9.8066,-0.296,0.1025,-0.1791,3.06,-34.06,29.25,14.23,-79.37,-174.94
52.41128,-1.534042,144.06,16.82,3,208.4,19 / 21,1995109,2019-09-06 19:53:20:852,0.3349,0.0155,7.472,0.0194,-0.0045,9.8066,0.055,0.0112,0.1968,3.56,-34.06,29.75,14.62,-79.8,-176.07
52.41128,-1.534042,144.06,16.82,3,208.4,19 / 21,1995210,2019-09-06 19:53:20:953,-0.6139,1.4589,7.5312,0.0175,0.1123,9.8059,-0.041,0.0316,-0.0927,3.5,-33.94,28.25,16.75,-80.43,-174.9
52.41128,-1.534042,144.06,16.82,3,208.4,19 / 21,1995310,2019-09-06 19:53:21:053,0.8476,0.5883,9.6604,0.0016,-0.061,9.8064,-0.0132,-0.0421,-0.0467,4.25,-33.75,28,15.8,-81.42,-175.3
52.41128,-1.534042,144.06,16.82,3,208.4,19 / 21,1995409,2019-09-06 19:53:21:152,-1.0798,0.4323,10.0411,-0.0019,-0.0896,9.8061,0.3898,-0.0999,-0.0116,4.25,-33.31,28.25,14.19,-80.87,-176.72
52.41128,-1.534042,144.06,16.82,3,208.4,19 / 21,1995509,2019-09-06 19:53:21:252,-1.914,3.0099,9.2066,-0.0038,-0.0226,9.8066,-0.3852,0.0512,-0.0275,4.88,-33.5,28.38,16.98,-80.67,-176.51
52.41128,-1.534042,144.06,16.82,3,208.4,19 / 21,1995609,2019-09-06 19:53:21:352,-0.0895,-1.6231,10.2058,-0.0186,-0.0626,9.8063,-0.3799,0.0003,0.1292,5.31,-34.19,28.81,17.01,-80.09,-176.35
52.41128,-1.534042,144.06,16.82,3,208.4,19 / 21,1995710,2019-09-06 19:53:21:453,0.1184,1.0844,10.3232,-0.0283,-0.067,9.8064,0.2077,0.0127,-0.0757,4.31,-33.81,29.44,15.84,-80.17,-175.34
52.41128,-1.534042,144.06,16.82,3,208.4,19 / 21,1995810,2019-09-06 19:53:21:553,-0.1832,0.5601,9.5482,0.0212,0.0795,9.8062,0.1506,0.0063,0.0729,4.38,-33.12,28.69,16.89,-80.34,-174.34
52.41128,-1.534042,144.06,16.82,3,208.4,19 / 21,1995909,2019-09-06 19:53:21:652,-1.2235,-1.2238,9.9057,0.0018,0.0318,9.8065,-0.1454,0.0717,-0.0167,3.69,-32.75,29.31,17.24,-80.7,-173.93
52.41128,-1.534042,144.06,16.82,3,208.4,19 / 21,1996010,2019-09-06 19:53:21:753,-1.4426,0.157,10.1197,-0.0046,-0.0255,9.8066,-0.0653,-0.0877,0.0543,3.19,-32.12,29.06,15.44,-80.4,-173.47
52.41128,-1.534042,144.06,16.82,3,208.4,19 / 21,1996110,2019-09-06 19:53:21:853,-0.8024,0.9782,9.2067,-0.0047,-0.0105,9.8066,0.1778,0.1135,-0.1084,2.5,-31.81,28.56,15.62,-80.34,-173.34
52.41128,-1.534042,144.06,16.82,3,208.4,19 / 21,1996210,2019-09-06 19:53:21:953,1.3541,1.9381,9.422,0.0246,0.0358,9.8065,0.103,-0.1916,0.2391,3.25,-32.25,27.75,13.39,-80.49,-175.4
52.41128,-1.534042,144.06,16.82,3,208.4,19 / 21,1996309,2019-09-06 19:53:22:052,1.3444,-2.3694,10.388,-0.0104,0.0305,9.8065,0.0434,0.0665,-0.2735,3.75,-32.69,28.56,16.91,-80.55,-174.24
52.41128,-1.534042,144.06,16.82,3,208.4,19 / 21,1996410,2019-09-06 19:53:22:153,-0.8009,-0.1012,9.7684,-0.0012,-0.0315,9.8065,-0.0668,-0.0254,0.0885,3.63,-32.44,27.69,16.63,-80.74,-174.69
52.41128,-1.534042,144.06,16.82,3,208.4,19 / 21,1996510,2019-09-06 19:53:22:253,0.4013,0.8861,9.3781,-0.0014,0.0244,9.8066,0.059,-0.0818,0.029,4,-32.75,27.75,16.25,-80.6,-175.14
52.41128,-1.534042,144.06,16.82,3,208.4,19 / 21,1996609,2019-09-06 19:53:22:352,-0.5625,1.0176,9.4074,-0.0012,0.0217,9.8066,0.0376,0.0174,-0.0372,4.13,-33.12,28,17.1,-80.68,-174.43
52.41128,-1.534042,144.06,16.82,3,208.4,19 / 21,1996710,2019-09-06 19:53:22:453,-0.0021,-0.687,9.9495,0.0057,0.0377,9.8065,-0.0772,-0.0544,-0.0089,4.06,-32.75,27.88,16.93,-80.79,-174.53
52.41128,-1.534042,144.06,16.82,3,208.4,19 / 21,1996810,2019-09-06 19:53:22:553,-0.7214,-1.0676,10.3803,0.0062,-0.0001,9.8066,0.0505,0.0385,0.0235,4.31,-32.94,28.25,17.12,-80.66,-174.43
52.41128,-1.534042,144.06,16.82,3,208.4,19 / 21,1996910,2019-09-06 19:53:22:653,-0.9953,1.332,9.9545,0.0033,-0.0066,9.8066,0.0908,0.0315,-0.0349,3.94,-33,28.25,16.51,-80.67,-174.91
52.41128,-1.534042,144.06,16.82,3,208.4,19 / 21,1997009,2019-09-06 19:53:22:752,2.0166,1.1346,9.3001,0.0065,-0.0094,9.8066,-0.0784,0.0046,0.001,4.56,-33.5,28.06,19.87,-80.67,-174.16
52.41128,-1.534042,144.06,16.82,3,208.4,19 / 21,1997110,2019-09-06 19:53:22:853,-0.0038,2.2747,9.728,-0.0262,-0.042,9.8065,0.2039,-0.0463,-0.061,4.13,-33.06,28.06,17.82,-80.56,-173.9
52.41128,-1.534042,144.06,16.82,3,208.4,19 / 21,1997210,2019-09-06 19:53:22:953,-1.6007,0.233,10.1687,-0.0024,0.0428,9.8065,0.1607,-0.0601,-0.0459,4.5,-33.37,28,21.87,-80.74,-172.51
52.41128,-1.534042,144.06,16.82,3,208.4,19 / 21,1997310,2019-09-06 19:53:23:053,-3.195,-0.0994,8.3277,-0.0333,-0.0246,9.8065,-0.3028,-0.116,0.1381,3.81,-33.56,28,20.18,-80.6,-172.09
52.410072,-1.535071,145.29,16.52,4,209.71,19 / 21,1997410,2019-09-06 19:53:23:153,3.3867,0.8596,11.7329,0.0143,0.051,9.8064,0.5796,0.303,-0.1547,4.5,-33.69,28.38,23.75,-80.4,-171.29
52.410072,-1.535071,145.29,16.52,4,209.71,19 / 21,1997510,2019-09-06 19:53:23:253,3.5762,-1.92,8.7447,0.0495,0.1612,9.8051,0.7036,0.0297,-0.121,4.63,-33.94,27.88,23.7,-81.07,-170.97
52.410072,-1.535071,145.29,16.52,4,209.71,19 / 21,1997609,2019-09-06 19:53:23:352,-1.1021,0.4495,9.6694,0.0173,-0.0165,9.8066,0.5966,-0.0451,0.0651,4.44,-34.06,28.38,19.09,-80.85,-172.85
52.410072,-1.535071,145.29,16.52,4,209.71,19 / 21,1997709,2019-09-06 19:53:23:452,0.9396,1.8241,9.8597,0.0457,0.0451,9.8064,-0.0732,-0.0908,-0.161,5.31,-33.87,28.69,18.04,-80.78,-175.25
52.410072,-1.535071,145.29,16.52,4,209.71,19 / 21,1997810,2019-09-06 19:53:23:553,0.004,-1.2185,9.869,0.0355,0.0669,9.8063,0.1108,-0.0487,-0.021,5.31,-33.81,28.31,15.46,-81.08,-177.68
52.410072,-1.535071,145.29,16.52,4,209.71,19 / 21,1997910,2019-09-06 19:53:23:653,0.838,-0.0642,9.1939,-0.0098,-0.0279,9.8066,-0.1188,-0.023,0.0615,4.75,-34.06,28.63,15.19,-80.83,-177.54
52.410072,-1.535071,145.29,16.52,4,209.71,19 / 21,1998009,2019-09-06 19:53:23:752,0.5198,-0.2481,9.5135,-0.002,-0.0268,9.8066,-0.1501,-0.0255,-0.0695,5.44,-34.25,28.75,15.24,-80.92,-177.47
52.410072,-1.535071,145.29,16.52,4,209.71,19 / 21,1998110,2019-09-06 19:53:23:853,-0.3069,-0.7843,9.7146,0.0119,0.0375,9.8065,0.1806,-0.0485,0.05,4.88,-33.75,28.94,14.56,-81.21,-177.93
52.410072,-1.535071,145.29,16.52,4,209.71,19 / 21,1998209,2019-09-06 19:53:23:952,0.1487,-0.7609,9.9739,0.0095,0.0137,9.8066,0.0746,0.0038,0.0183,5.19,-32.81,28.63,14.39,-81.06,-178.04
52.410072,-1.535071,145.29,16.52,4,209.71,19 / 21,1998310,2019-09-06 19:53:24:053,0.8934,-0.8647,9.834,0.0021,0.0108,9.8066,-0.0265,0.0749,-0.0946,5.25,-33.37,28.25,14.54,-81.13,-178.33
52.410072,-1.535071,145.29,16.52,4,209.71,19 / 21,1998409,2019-09-06 19:53:24:152,1.1798,-0.178,9.9816,0.0064,-0.0078,9.8066,-0.0526,-0.0283,0.0244,4.88,-33.69,28.19,12.71,-81.11,-179.89
52.410072,-1.535071,145.29,16.52,4,209.71,19 / 21,1998509,2019-09-06 19:53:24:252,-1.247,-0.1945,10.4126,-0.0104,0.0134,9.8066,-0.1343,0.081,0.0109,5.38,-33.19,27.75,12.98,-81.13,-179.6
52.410072,-1.535071,145.29,16.52,4,209.71,19 / 21,1998610,2019-09-06 19:53:24:353,0.0949,2.1485,10.284,-0.0269,-0.0227,9.8066,-0.0092,-0.0723,0.0844,4.44,-33,28,11.15,-81.07,-179.12
52.410072,-1.535071,145.29,16.52,4,209.71,19 / 21,1998709,2019-09-06 19:53:24:452,0.6675,0.9993,10.0625,-0.0148,-0.0007,9.8066,-0.0658,-0.0426,0.0128,5.13,-33.5,27.75,15.4,-81.05,-177.65
52.410072,-1.535071,145.29,16.52,4,209.71,19 / 21,1998810,2019-09-06 19:53:24:553,-0.198,1.6649,9.5371,-0.0118,-0.0201,9.8066,-0.0105,-0.0053,-0.013,5.06,-33.62,28.19,15.91,-80.9,-177.38
52.410072,-1.535071,145.29,16.52,4,209.71,19 / 21,1998911,2019-09-06 19:53:24:654,0.1768,1.3424,9.6206,0.0022,-0.0115,9.8066,0.0054,0.0162,0.0065,5.25,-33.56,28.06,16.23,-80.89,-177.13
52.410072,-1.535071,145.29,16.52,4,209.71,19 / 21,1999010,2019-09-06 19:53:24:753,1.3143,1.2759,9.5244,-0.0034,0.0211,9.8065,-0.0259,-0.0056,0.0306,5.31,-34.19,28.56,14.94,-80.99,-177.69
52.410072,-1.535071,145.29,16.52,4,209.71,19 / 21,1999110,2019-09-06 19:53:24:853,-0.7242,0.2399,10.2197,-0.002,0.0143,9.8066,0.1508,0.0668,-0.0077,4.63,-33.62,28.25,16.81,-81.1,-176.58
52.410072,-1.535071,145.29,16.52,4,209.71,19 / 21,1999210,2019-09-06 19:53:24:953,0.4956,0.3993,10.0026,0.0026,0.0154,9.8065,0.0801,-0.0432,0.0531,4.63,-33.37,28.38,16.51,-81.24,-176.68
52.410072,-1.535071,145.29,16.52,4,209.71,19 / 21,1999310,2019-09-06 19:53:25:053,-0.0413,0.5378,10.374,-0.0101,0.0173,9.8066,0.0861,-0.0321,-0.0029,4.13,-34.12,28.44,15.5,-81.2,-175.62
52.410072,-1.535071,145.29,16.52,4,209.71,19 / 22,1999409,2019-09-06 19:53:25:152,0.6797,-0.5251,9.6275,-0.0042,-0.0224,9.8065,-0.0312,0.0219,-0.0043,4.69,-33.75,28.75,17.78,-81.12,-175.33
52.410072,-1.535071,145.29,16.52,4,209.71,19 / 22,1999510,2019-09-06 19:53:25:253,-0.1661,0.3868,9.4001,-0.0053,0.0059,9.8066,-0.0055,-0.0113,-0.0445,4.5,-33.37,28.25,18.88,-81.17,-174.76
52.410072,-1.535071,145.29,16.52,4,209.71,19 / 22,1999609,2019-09-06 19:53:25:352,0.7077,1.9407,9.6274,0.0086,0.0293,9.8065,0.0571,-0.0415,0.0111,4,-33.25,28.25,16.6,-81.1,-174.68
52.410072,-1.535071,145.29,16.52,4,209.71,19 / 22,1999710,2019-09-06 19:53:25:453,-0.3997,0.9424,9.9302,-0.0069,-0.0149,9.8066,-0.0442,0.0083,-0.0314,4.19,-33.5,28.13,16.92,-81.3,-174.34
52.410072,-1.535071,145.29,16.52,4,209.71,19 / 22,1999810,2019-09-06 19:53:25:553,0.2292,0.126,10.0415,-0.0012,-0.0149,9.8066,0.0299,-0.0218,-0.0013,4.56,-33.56,28.5,18.68,-81.22,-174.55
52.410072,-1.535071,145.29,16.52,4,209.71,19 / 22,1999910,2019-09-06 19:53:25:653,0.1874,0.6702,9.9389,0.0008,-0.0206,9.8065,0.0298,0.0029,0.0024,4.63,-33.37,28.56,18.29,-81.09,-174.82
52.410072,-1.535071,145.29,16.52,4,209.71,19 / 22,2000010,2019-09-06 19:53:25:753,-0.051,0.7506,10.238,0.0075,0.0263,9.8066,0.0443,-0.0155,-0.0708,4.63,-32.87,28.63,17.66,-81.22,-175.3
52.410072,-1.535071,145.29,16.52,4,209.71,19 / 22,2000110,2019-09-06 19:53:25:853,1.6317,0.6339,9.6575,0.0068,-0.0187,9.8065,-0.0752,-0.0404,0.1059,4.88,-33,28.69,16.5,-81.23,-176.25
52.410072,-1.535071,145.29,16.52,4,209.71,19 / 22,2000209,2019-09-06 19:53:25:952,0.9206,-1.3223,9.8398,-0.013,-0.0101,9.8066,-0.0855,0.0855,-0.0696,4.38,-33.62,28.38,14.75,-81.32,-176.19
52.410072,-1.535071,145.29,16.52,4,209.71,19 / 22,2000310,2019-09-06 19:53:26:053,1.0419,-1.6446,7.7188,0.0285,0.016,9.8065,-0.2834,0.2062,-0.0133,4.38,-34.19,28.38,14.99,-81.17,-176.05
52.410072,-1.535071,145.29,16.52,4,209.71,19 / 21,2000410,2019-09-06 19:53:26:153,-5.5297,-2.3839,13.4081,-0.0963,-0.1292,9.8053,0.2737,-0.1689,-0.0478,4.31,-33.62,29.31,16.06,-80.98,-174.87
52.410072,-1.535071,145.29,16.52,4,209.71,19 / 21,2000509,2019-09-06 19:53:26:252,4.5221,-3.6919,7.691,0.0464,0.049,9.8064,-1.0164,-0.3858,0.3618,3.94,-33.87,28.88,14.69,-81.9,-175.69
52.410072,-1.535071,145.29,16.52,4,209.71,19 / 21,2000610,2019-09-06 19:53:26:353,0.6957,6.4439,8.425,-0.0344,-0.1832,9.8048,-1.2959,-0.061,-0.19,4.19,-34.94,27.69,14.61,-81.06,-176.47
52.410072,-1.535071,145.29,16.52,4,209.71,19 / 21,2000710,2019-09-06 19:53:26:453,1.8624,5.2185,9.046,0.0434,0.2437,9.8034,0.4592,-0.0403,0.0992,4.5,-35.25,27.75,15.21,-81.29,-177.88
52.410072,-1.535071,145.29,16.52,4,209.71,19 / 21,2000810,2019-09-06 19:53:26:553,0.1851,2.0558,8.7272,0.0115,0.0992,9.806,-0.2114,0.0342,-0.0846,4.44,-34.5,27.75,13.24,-81.51,-177.36
52.410072,-1.535071,145.29,16.52,4,209.71,19 / 21,2000909,2019-09-06 19:53:26:652,-0.2869,0.8738,10.5536,0.0039,-0.0133,9.8066,0.4096,-0.0236,0.088,4.31,-34.75,28.38,12.78,-81.62,-177.77
52.410072,-1.535071,145.29,16.52,4,209.71,19 / 21,2001010,2019-09-06 19:53:26:753,1.1801,1.0908,10.8697,-0.0015,0.0688,9.8063,0.3289,-0.0032,-0.086,4.63,-34.31,28.94,15.05,-81.84,-177.32
52.410072,-1.535071,145.29,16.52,4,209.71,19 / 21,2001109,2019-09-06 19:53:26:852,1.1988,0.1628,10.7463,0.0249,0.0982,9.806,-0.2584,-0.0425,0.1222,4.63,-34.56,29.13,15.14,-81.9,-177.3
52.410072,-1.535071,145.29,16.52,4,209.71,19 / 21,2001210,2019-09-06 19:53:26:953,0.3674,2.2944,9.8688,-0.0297,-0.0816,9.8062,-0.1445,0.0685,0.0321,4.31,-34.25,29.44,13.53,-81.42,-176.8
52.410072,-1.535071,145.29,16.52,4,209.71,19 / 21,2001310,2019-09-06 19:53:27:053,0.0837,1.7287,9.7364,-0.0013,-0.044,9.8065,-0.0048,-0.0217,0.015,3.75,-33.5,29.38,13.35,-81.51,-176.85
52.410072,-1.535071,145.29,16.52,4,209.71,20 / 22,2001409,2019-09-06 19:53:27:152,-0.4637,2.7734,9.6979,-0.0007,0.0049,9.8066,-0.0794,0.0813,-0.0272,4.13,-32.87,28.75,14.18,-81.54,-176.15
52.410072,-1.535071,145.29,16.52,4,209.71,20 / 22,2001509,2019-09-06 19:53:27:252,-0.0516,0.8273,9.3865,-0.0005,0.0165,9.8066,-0.0194,0.1005,-0.0713,4.38,-32.62,28.38,14.53,-81.6,-176.2
52.410072,-1.535071,145.29,16.52,4,209.71,20 / 22,2001609,2019-09-06 19:53:27:352,-0.6231,1.8832,9.6144,0.0144,0.0194,9.8066,0.029,-0.0559,0.003,4.19,-33.37,28,14.16,-81.75,-176.46
52.410072,-1.535071,145.29,16.52,4,209.71,20 / 22,2001709,2019-09-06 19:53:27:452,-0.125,1.9617,9.7498,-0.0011,-0.0023,9.8065,-0.0971,0.0575,-0.1226,3.94,-33.12,27.63,13.57,-81.76,-176.95
52.410072,-1.535071,145.29,16.52,4,209.71,20 / 22,2001809,2019-09-06 19:53:27:552,1.6946,0.9348,10.1452,0.0168,0.0112,9.8065,0.0687,-0.0255,0.0628,4.19,-34.19,27.44,11.85,-81.9,-178.76
52.410072,-1.535071,145.29,16.52,4,209.71,20 / 22,2001910,2019-09-06 19:53:27:653,1.2132,0.1537,9.9459,0.0033,0.0039,9.8066,0.0523,-0.0655,0.0179,3.94,-34.44,28.13,11.45,-81.85,-178.73
52.410072,-1.535071,145.29,16.52,4,209.71,20 / 22,2002010,2019-09-06 19:53:27:753,-0.0495,0.5746,9.4167,0.0052,0.003,9.8066,-0.0162,0.0413,-0.0327,4.06,-34.69,28.44,12.11,-81.74,-178.28
52.410072,-1.535071,145.29,16.52,4,209.71,20 / 22,2002109,2019-09-06 19:53:27:852,0.89,1.2467,9.7443,0.0022,-0.0055,9.8066,0.0031,0.0216,0.0189,4.13,-34.94,28.5,10.98,-81.8,-178.84
52.410072,-1.535071,145.29,16.52,4,209.71,20 / 22,2002210,2019-09-06 19:53:27:953,0.1297,1.2724,9.7197,0.0005,0.0028,9.8066,-0.0085,0.0338,-0.0204,4.38,-35.19,28.69,10.83,-81.96,-178.93
52.410072,-1.535071,145.29,16.52,4,209.71,20 / 22,2002310,2019-09-06 19:53:28:053,1.3455,0.4131,9.9279,0.0079,0.007,9.8066,-0.0184,-0.049,0.0281,3.69,-34.19,28.63,10.15,-82.07,-179.42
52.410072,-1.535071,145.29,16.52,4,209.71,19 / 21,2002409,2019-09-06 19:53:28:152,0.9442,1.4227,9.8562,0.0004,-0.0313,9.8065,-0.1279,0.0187,-0.0239,4.75,-33.44,29.13,11.7,-82,179.99
52.410072,-1.535071,145.29,16.52,4,209.71,19 / 21,2002510,2019-09-06 19:53:28:253,0.1909,1.7823,9.1397,0.0048,0.0214,9.8065,0.0862,0.0929,-0.0134,3.88,-33.62,29.06,9.16,-82.05,179.76
52.410072,-1.535071,145.29,16.52,4,209.71,19 / 21,2002609,2019-09-06 19:53:28:352,1.0266,1.629,9.9976,0.0034,0.031,9.8066,0.0928,0.0219,0.0754,4.5,-33.31,28.75,10.98,-82.03,179.4
52.410072,-1.535071,145.29,16.52,4,209.71,19 / 21,2002709,2019-09-06 19:53:28:452,-0.4476,0.4144,10.1011,0.0031,0.0562,9.8064,-0.0469,0.0548,0.0112,4,-33.44,28.56,9.46,-82.27,-179.91
52.410072,-1.535071,145.29,16.52,4,209.71,19 / 21,2002809,2019-09-06 19:53:28:552,1.0527,0.5967,9.8809,-0.0013,-0.0088,9.8066,-0.027,0.0854,-0.0472,4.13,-33.06,29,10.16,-82.12,-179.35
52.410072,-1.535071,145.29,16.52,4,209.71,19 / 21,2002909,2019-09-06 19:53:28:652,0.2222,0.2563,10.371,-0.0052,0.0114,9.8066,-0.0744,0.0559,0.0079,3.69,-33.25,28.56,10.28,-82.18,-179.24
52.410072,-1.535071,145.29,16.52,4,209.71,19 / 21,2003010,2019-09-06 19:53:28:753,0.3588,0.3477,9.7149,-0.01,-0.0141,9.8066,-0.0206,0.0435,-0.0286,3.81,-33.37,28.63,11,-82.07,-178.65
52.410072,-1.535071,145.29,16.52,4,209.71,19 / 21,2003110,2019-09-06 19:53:28:853,0.6328,0.0239,9.9766,-0.0049,0.0068,9.8066,-0.0151,-0.0072,0.0368,3.75,-32.81,28.81,10.61,-82.1,-178.98
52.410072,-1.535071,145.29,16.52,4,209.71,19 / 21,2003210,2019-09-06 19:53:28:953,1.4111,2.3495,9.468,-0.0016,0.0244,9.8065,-0.0194,-0.0001,-0.0292,3.06,-32.56,28.69,8.85,-82.08,-178.52
52.410072,-1.535071,145.29,16.52,4,209.71,19 / 21,2003313,2019-09-06 19:53:29:056,-0.2828,-0.5695,9.8384,-0.0155,-0.0376,9.8065,-0.1435,0.1421,-0.0004,3.69,-32.81,28.88,11.5,-82.17,-178.21
52.410072,-1.535071,145.29,16.52,4,209.71,19 / 21,2003409,2019-09-06 19:53:29:152,-1.1404,0.0387,10.2014,-0.0088,-0.0107,9.8066,0.0484,-0.113,0.111,3.88,-33.37,29.31,12.3,-82.17,-177.54
52.410072,-1.535071,145.29,16.52,4,209.71,19 / 21,2003510,2019-09-06 19:53:29:253,1.1394,2.1099,10.2691,0.0069,-0.0127,9.8066,-0.0796,-0.0082,-0.0092,3.81,-33.44,28.94,13.7,-82.23,-176.34
52.410072,-1.535071,145.29,16.52,4,209.71,19 / 21,2003609,2019-09-06 19:53:29:352,0.5124,-0.5433,10.0689,0.0028,-0.0362,9.8065,-0.0558,0.0317,0.0413,4.06,-33.12,28.69,13.2,-82.18,-176.78
52.410072,-1.535071,145.29,16.52,4,209.71,19 / 21,2003710,2019-09-06 19:53:29:453,-0.4907,2.0787,9.6623,-0.0052,-0.0115,9.8066,-0.1253,0.0612,-0.0336,3.5,-34.12,28.81,12.93,-82.29,-177.03
52.410072,-1.535071,145.29,16.52,4,209.71,19 / 21,2003810,2019-09-06 19:53:29:553,-0.7103,-1.0757,9.6824,0.0002,-0.0336,9.8065,-0.0981,0.0428,0.0445,3.81,-33.31,29.06,12.26,-82.49,-177.49
52.410072,-1.535071,145.29,16.52,4,209.71,19 / 21,2003909,2019-09-06 19:53:29:652,1.3144,0.7166,9.1057,0.0162,0.0429,9.8065,0.0547,0.0016,-0.0719,3.63,-33.69,28.5,11.27,-82.31,-178.42
52.410072,-1.535071,145.29,16.52,4,209.71,19 / 21,2004009,2019-09-06 19:53:29:752,-0.6664,0.2716,9.3559,0.0126,0.0207,9.8066,0.0549,0.0015,-0.0299,3.81,-33.75,28.63,10.36,-82.54,-179.13
52.410072,-1.535071,145.29,16.52,4,209.71,19 / 21,2004110,2019-09-06 19:53:29:853,1.2075,0.8082,10.6981,0.0006,0.0062,9.8066,-0.013,-0.0581,0.0286,3.69,-33.25,29.31,9.57,-82.58,-179.75
52.410072,-1.535071,145.29,16.52,4,209.71,19 / 21,2004209,2019-09-06 19:53:29:952,0.7462,1.2759,9.4317,-0.0024,-0.0551,9.8065,-0.1106,0.0309,-0.0063,4.06,-33.19,28.31,8.82,-82.19,179.22
52.410072,-1.535071,145.29,16.52,4,209.71,19 / 21,2004309,2019-09-06 19:53:30:052,-0.2329,-0.3216,9.5229,-0.015,-0.0396,9.8065,-0.123,0.0147,0.0128,3.06,-33.81,28.81,6.74,-82.22,179.71
52.410072,-1.535071,145.29,16.52,4,209.71,20 / 22,2004409,2019-09-06 19:53:30:152,0.6518,-0.1506,9.3603,-0.0233,-0.02,9.8065,-0.264,-0.0325,-0.0072,3.69,-33.75,28.94,9.54,-82.55,-179.82
52.410072,-1.535071,145.29,16.52,4,209.71,20 / 22,2004509,2019-09-06 19:53:30:252,0.6471,1.5267,9.6631,-0.004,-0.01,9.8066,-0.0001,0.1257,0.0644,3.75,-34.31,28.25,12.05,-82.79,-177.98
52.410072,-1.535071,145.29,16.52,4,209.71,20 / 22,2004610,2019-09-06 19:53:30:353,-0.5313,1.5186,10.4382,-0.0151,-0.0574,9.8065,-0.0404,-0.038,0.0922,3.25,-34.44,28.94,9.8,-82.77,-177.62
52.410072,-1.535071,145.29,16.52,4,209.71,20 / 22,2004710,2019-09-06 19:53:30:453,1.5508,-1.2788,10.5274,-0.0277,-0.0502,9.8064,0.1635,-0.0136,0.0562,3.5,-33.69,28.69,14.05,-82.64,-175.98
52.410072,-1.535071,145.29,16.52,4,209.71,20 / 22,2004809,2019-09-06 19:53:30:552,0.0541,1.7902,9.4676,-0.0142,-0.0462,9.8065,-0.0888,-0.0323,0.0704,3.31,-33.25,29.44,11.34,-82.35,-176.36
52.410072,-1.535071,145.29,16.52,4,209.71,20 / 22,2004910,2019-09-06 19:53:30:653,0.0348,-0.5876,9.8091,-0.0268,-0.0054,9.8066,0.069,-0.0287,0.0342,3,-32.69,29.19,13.52,-82.41,-174.5
52.410072,-1.535071,145.29,16.52,4,209.71,20 / 22,2005010,2019-09-06 19:53:30:753,0.0593,-1.2601,9.824,-0.0152,0.0102,9.8065,0.0026,0.1085,0.0727,3.13,-33,29,12.7,-82.55,-175.16
52.410072,-1.535071,145.29,16.52,4,209.71,20 / 22,2005110,2019-09-06 19:53:30:853,-0.011,1.6225,10.1704,-0.0015,0.0211,9.8065,0.0741,-0.0336,0.1344,3,-33.37,28.56,14.42,-82.73,-173.64
52.410072,-1.535071,145.29,16.52,4,209.71,20 / 22,2005209,2019-09-06 19:53:30:952,0.8073,-0.3062,9.2881,-0.0125,-0.014,9.8066,-0.0057,0.0642,-0.0474,3.06,-33.19,28.38,16.42,-82.68,-172.24
52.410072,-1.535071,145.29,16.52,4,209.71,20 / 22,2005310,2019-09-06 19:53:31:053,0.5142,0.4916,9.5264,-0.0087,-0.0216,9.8066,0.0779,-0.0304,0.0454,3.25,-33.25,28.06,17.19,-82.67,-171.6
52.410072,-1.535071,145.29,16.52,4,209.71,19 / 21,2005410,2019-09-06 19:53:31:153,-0.343,1.1648,10.1595,-0.0001,0.0261,9.8065,0.0717,-0.0556,0.0358,3,-34.12,28.94,17.41,-82.8,-171.14
52.410072,-1.535071,145.29,16.52,4,209.71,19 / 21,2005509,2019-09-06 19:53:31:252,0.3772,-1.0986,9.4785,0.0068,0.0358,9.8066,-0.0999,-0.0059,-0.0098,3.13,-33.44,28.63,17.67,-82.79,-170.84
52.410072,-1.535071,145.29,16.52,4,209.71,19 / 21,2005609,2019-09-06 19:53:31:352,0.1342,0.6458,9.6725,-0.0126,-0.0145,9.8066,-0.0819,0.0193,0.0029,3.56,-34.12,29.13,20.32,-82.91,-170.54
52.410072,-1.535071,145.29,16.52,4,209.71,19 / 21,2005710,2019-09-06 19:53:31:453,0.5612,0.811,9.6125,0.0126,0.0332,9.8066,0.0799,0.019,0.041,3.56,-33.62,28.94,20.95,-82.9,-169.99
52.410072,-1.535071,145.29,16.52,4,209.71,19 / 21,2005810,2019-09-06 19:53:31:553,0.0471,1.2011,10.2079,0.0016,0.0116,9.8066,0.0679,0.028,0.0086,2.94,-33.62,29.06,18.38,-82.96,-170.24
52.410072,-1.535071,145.29,16.52,4,209.71,19 / 21,2005910,2019-09-06 19:53:31:653,-0.0532,0.4338,10.139,-0.0068,-0.0275,9.8066,-0.0191,-0.0261,-0.0188,3.69,-33.62,29.81,19.9,-82.89,-170.55
52.410072,-1.535071,145.29,16.52,4,209.71,19 / 21,2006009,2019-09-06 19:53:31:752,0.5349,-0.605,9.5537,0.0016,-0.0308,9.8065,-0.0196,0.0596,-0.0113,2.63,-33.31,29.56,17.46,-82.68,-170.79
52.410072,-1.535071,145.29,16.52,4,209.71,19 / 21,2006110,2019-09-06 19:53:31:853,-0.4238,0.313,9.1699,-0.0019,-0.0146,9.8066,-0.0269,0.0111,-0.035,2.56,-32.94,29.38,17.23,-82.75,-171.23
52.410072,-1.535071,145.29,16.52,4,209.71,19 / 21,2006210,2019-09-06 19:53:31:953,-0.7272,1.3974,9.3603,0.0059,0.0338,9.8066,0.0179,-0.0007,0.0805,3.31,-33,29.56,17.21,-82.78,-170.96
52.410072,-1.535071,145.29,16.52,4,209.71,19 / 21,2006310,2019-09-06 19:53:32:053,0.063,0.2676,9.6563,0.0035,0.0277,9.8066,-0.0904,-0.0246,-0.0392,2.38,-33.44,29.38,16.47,-83.1,-169.8
52.409027,-1.535974,146.17,11.45,3,205.08,19 / 21,2006410,2019-09-06 19:53:32:153,-0.4378,0.989,10.1353,-0.0028,0.0054,9.8066,0.062,-0.0262,0.0362,1.75,-33.06,29,16.77,-82.95,-169.6
52.409027,-1.535974,146.17,11.45,3,205.08,19 / 21,2006509,2019-09-06 19:53:32:252,0.1856,-0.6304,11.2442,-0.0227,-0.0151,9.8066,0.2001,0.0061,-0.025,2.19,-32.75,29.63,18.06,-82.85,-168.31
52.409027,-1.535974,146.17,11.45,3,205.08,19 / 21,2006609,2019-09-06 19:53:32:352,-1.7171,-1.0272,10.1181,0.0149,0.0123,9.8066,0.2828,-0.1153,0.0673,2.19,-32.75,29.13,18.49,-82.87,-168.16
52.409027,-1.535974,146.17,11.45,3,205.08,19 / 21,2006709,2019-09-06 19:53:32:452,0.81,1.7355,9.976,-0.0091,-0.0591,9.8064,-0.4133,-0.0024,-0.0287,2.5,-32.94,28.94,20.18,-82.67,-168.73
52.409027,-1.535974,146.17,11.45,3,205.08,19 / 21,2006809,2019-09-06 19:53:32:552,0.2557,2.4906,8.5378,0.0005,-0.055,9.8064,0.3933,-0.0337,-0.0126,2.38,-32.94,28.5,17.33,-82.79,-169.18
52.409027,-1.535974,146.17,11.45,3,205.08,19 / 21,2006910,2019-09-06 19:53:32:653,-0.8281,1.9891,10.2494,0.0205,0.1032,9.8061,0.3028,-0.0611,-0.0142,2.75,-32.44,28.13,19.98,-82.72,-169.11
52.409027,-1.535974,146.17,11.45,3,205.08,19 / 21,2007010,2019-09-06 19:53:32:753,-1.0899,0.2532,9.9062,0.0239,0.0925,9.8062,-0.2134,-0.1385,0.0315,3.56,-32.81,28.38,21.2,-83.4,-169.84
52.409027,-1.535974,146.17,11.45,3,205.08,19 / 21,2007110,2019-09-06 19:53:32:853,0.4762,0.8736,9.2783,-0.0265,-0.0708,9.8063,-0.1569,-0.0017,-0.1682,3.31,-32.37,28.06,18.84,-82.77,-170.06
52.409027,-1.535974,146.17,11.45,3,205.08,19 / 21,2007210,2019-09-06 19:53:32:953,-0.1039,1.5203,9.332,0.0124,0.0401,9.8065,0.0616,0.0155,0.0021,3.44,-33.19,28.19,16.81,-82.92,-171.83
52.409027,-1.535974,146.17,11.45,3,205.08,19 / 21,2007310,2019-09-06 19:53:33:053,0.0604,1.3419,9.7922,0.0163,0.0304,9.8065,0.0431,-0.1466,0.0543,3.06,-32.25,28.06,16.73,-83.07,-171.76
52.409027,-1.535974,146.17,11.45,3,205.08,19 / 21,2007409,2019-09-06 19:53:33:152,-1.421,0.8883,9.8021,-0.0019,0.0145,9.8066,-0.0322,-0.0993,-0.0379,3.88,-32.94,27.94,19.18,-83.38,-171.6
52.409027,-1.535974,146.17,11.45,3,205.08,19 / 21,2007510,2019-09-06 19:53:33:253,-0.2373,1.4915,9.9618,-0.0013,-0.0013,9.8066,-0.0447,-0.0313,-0.0097,4.19,-31.81,27.13,18.65,-83.35,-172.39
52.409027,-1.535974,146.17,11.45,3,205.08,19 / 21,2007609,2019-09-06 19:53:33:352,-1.0919,0.7237,9.8011,-0.0022,0.0054,9.8066,0.0128,-0.0337,-0.0118,4.19,-32.19,27.81,18.08,-83.29,-172.52
52.409027,-1.535974,146.17,11.45,3,205.08,19 / 21,2007710,2019-09-06 19:53:33:453,1.0902,0.1856,9.6068,-0.0032,-0.0157,9.8066,-0.0223,-0.0208,0.0369,4.81,-31.87,27.75,20.26,-83.14,-172.67
52.409027,-1.535974,146.17,11.45,3,205.08,19 / 21,2007809,2019-09-06 19:53:33:552,-0.8789,5.9349,10.4486,-0.0476,-0.0052,9.8065,0.4474,-0.1097,-0.0005,3.31,-32.62,27.5,18.92,-83.11,-169.94
52.409027,-1.535974,146.17,11.45,3,205.08,19 / 21,2007910,2019-09-06 19:53:33:653,-1.8904,2.6112,10.2596,0.021,0.1375,9.8056,0.4422,-0.163,-0.0234,4.38,-33.62,28.06,22.6,-82.86,-168.98
52.409027,-1.535974,146.17,11.45,3,205.08,19 / 21,2008009,2019-09-06 19:53:33:752,1.6466,-4.8274,11.2883,0.0759,0.1465,9.8052,-0.3268,-0.2633,0.1581,4.56,-33.5,27.56,23.01,-83.81,-170.04
52.409027,-1.535974,146.17,11.45,3,205.08,19 / 21,2008110,2019-09-06 19:53:33:853,-2.8725,-2.6245,9.5732,-0.0498,-0.227,9.8038,-0.1578,-0.1749,0.165,4.69,-33.37,27.81,23.92,-82.67,-169.82
52.409027,-1.535974,146.17,11.45,3,205.08,19 / 21,2008210,2019-09-06 19:53:33:953,-4.3652,0.3316,10.9709,-0.0398,-0.1471,9.8054,-0.643,0.0979,-0.1485,4.31,-34.12,27.81,25.1,-83.23,-166.64
52.409027,-1.535974,146.17,11.45,3,205.08,19 / 21,2008310,2019-09-06 19:53:34:053,0.2619,3.8605,8.1754,-0.0039,-0.0503,9.8065,-0.7361,-0.0526,0.1744,4.25,-33.69,27.19,24.15,-83.71,-167.61
52.409027,-1.535974,146.17,11.45,3,205.08,20 / 22,2008409,2019-09-06 19:53:34:152,0.1501,2.938,8.2432,-0.0378,-0.1477,9.8054,0.4161,-0.0643,-0.051,4.44,-33.31,27.06,22.96,-83.39,-168.72
52.409027,-1.535974,146.17,11.45,3,205.08,20 / 22,2008509,2019-09-06 19:53:34:252,0.3543,2.5907,8.7105,0.0269,0.1324,9.8057,0.1926,-0.0641,0.0155,4.69,-34,27.06,28.21,-84,-165.92
52.409027,-1.535974,146.17,11.45,3,205.08,20 / 22,2008609,2019-09-06 19:53:34:352,-1.0899,-0.0239,10.1593,0.0177,0.0959,9.8061,-0.1023,-0.0184,-0.0089,4.81,-33.44,27.13,28.22,-83.85,-165.91
52.409027,-1.535974,146.17,11.45,3,205.08,20 / 22,2008710,2019-09-06 19:53:34:453,-0.0235,-0.3587,10.2386,0.0092,0.0091,9.8066,0.1651,-0.0332,-0.065,5.06,-34.37,26.63,27.2,-83.55,-167.09
52.409027,-1.535974,146.17,11.45,3,205.08,20 / 22,2008810,2019-09-06 19:53:34:553,-0.1857,-0.4858,9.7204,0.0328,0.0447,9.8064,-0.1521,-0.0132,-0.0258,5.44,-33.62,27.19,25.45,-83.83,-168.46
52.409027,-1.535974,146.17,11.45,3,205.08,20 / 22,2008910,2019-09-06 19:53:34:653,-0.5,1.9898,10.2624,-0.0074,-0.0697,9.8063,-0.1764,-0.0753,0.049,5.5,-34.37,26.75,26.89,-83.82,-169.21
52.409027,-1.535974,146.17,11.45,3,205.08,20 / 22,2009010,2019-09-06 19:53:34:753,-0.293,0.3279,9.3157,0.0144,-0.0118,9.8066,-0.0801,0.0233,-0.0984,5.5,-33.25,27.75,23.48,-83.65,-171.65
52.409027,-1.535974,146.17,11.45,3,205.08,20 / 22,2009110,2019-09-06 19:53:34:853,1.145,1.0973,9.3268,0.0253,0.0284,9.8065,-0.0371,-0.0399,-0.0251,5.75,-34.25,28.19,21.2,-83.82,-173.65
52.409027,-1.535974,146.17,11.45,3,205.08,20 / 22,2009209,2019-09-06 19:53:34:952,0.3634,0.1358,9.842,0.0104,0.0218,9.8066,0.0327,0.0101,0.0051,5.63,-33.25,27.88,20.63,-83.89,-174.05
52.409027,-1.535974,146.17,11.45,3,205.08,20 / 22,2009310,2019-09-06 19:53:35:053,1.1356,0.8053,10.5229,0.0001,0.0053,9.8066,0.0146,-0.0067,-0.0254,5.69,-34.06,27.44,21.37,-84.03,-173.94
52.409027,-1.535974,146.17,11.45,3,205.08,20 / 22,2009410,2019-09-06 19:53:35:153,-0.8658,0.102,9.9358,-0.0063,0.0004,9.8066,-0.0841,0.1105,-0.0272,5.25,-33.75,27.5,19.74,-84.08,-172.87
52.409027,-1.535974,146.17,11.45,3,205.08,20 / 22,2009510,2019-09-06 19:53:35:253,-0.3043,1.142,9.463,-0.016,-0.0238,9.8065,-0.002,-0.0515,0.022,5.38,-33.69,27.25,21.19,-83.99,-172.1
52.409027,-1.535974,146.17,11.45,3,205.08,20 / 22,2009610,2019-09-06 19:53:35:353,0.3865,0.0522,10.2082,0.0014,0.0093,9.8066,0.0076,-0.0027,0.0572,5.38,-33.81,27.5,20.13,-84.03,-172.55
52.409027,-1.535974,146.17,11.45,3,205.08,20 / 22,2009709,2019-09-06 19:53:35:452,-0.5424,0.5604,9.8595,-0.0071,0.0093,9.8066,-0.0323,0.0599,-0.0045,5.5,-33.56,27.94,24.31,-83.97,-170.85
52.409027,-1.535974,146.17,11.45,3,205.08,20 / 22,2009809,2019-09-06 19:53:35:552,1.3135,-0.4645,9.796,0.0104,0.0125,9.8065,0.06,-0.0038,-0.0061,5.06,-33.87,27.06,22.86,-84.01,-170.62
52.409027,-1.535974,146.17,11.45,3,205.08,20 / 22,2009909,2019-09-06 19:53:35:652,0.7167,0.0793,10.0292,0.012,0.015,9.8066,0.0437,-0.0236,-0.011,5.75,-33.75,27.13,23.33,-84.21,-172.12
52.409027,-1.535974,146.17,11.45,3,205.08,20 / 22,2010010,2019-09-06 19:53:35:753,0.0594,0.1959,10.1007,-0.0082,-0.0226,9.8066,-0.109,0.0256,-0.0236,5.44,-34,27.25,21.56,-84.19,-171.67
52.409027,-1.535974,146.17,11.45,3,205.08,20 / 22,2010110,2019-09-06 19:53:35:853,0.7948,1.2388,9.7236,0.0017,-0.0351,9.8065,-0.1018,0.0409,-0.0508,5,-33.87,27.31,20.75,-84.21,-172.38
52.409027,-1.535974,146.17,11.45,3,205.08,20 / 22,2010210,2019-09-06 19:53:35:953,1.1156,0.7557,9.6878,0.0056,0.033,9.8066,0.0757,0.0318,0.0029,5.06,-34.31,26.56,20.46,-84.42,-172.54
52.409027,-1.535974,146.17,11.45,3,205.08,20 / 22,2010310,2019-09-06 19:53:36:053,-0.1219,0.9327,9.8723,0.0063,0.0268,9.8065,0.0436,0.0181,-0.0008,5.44,-33.87,27,19.73,-84.47,-173.16
52.409027,-1.535974,146.17,11.45,3,205.08,19 / 22,2010409,2019-09-06 19:53:36:152,1.0825,0.3045,9.877,-0.0051,0.0071,9.8066,-0.0557,0.0005,0.0412,4.88,-34.19,27.38,20.89,-84.5,-172.12
52.409027,-1.535974,146.17,11.45,3,205.08,19 / 22,2010509,2019-09-06 19:53:36:252,0.3047,0.8287,9.6626,0.0012,0.0009,9.8066,-0.0641,0.0776,-0.0288,4.69,-34.87,27.44,22.85,-84.57,-170.42
52.409027,-1.535974,146.17,11.45,3,205.08,19 / 22,2010609,2019-09-06 19:53:36:352,-0.04,-0.2284,9.668,0.011,-0.0166,9.8066,0.0078,0.052,-0.04,5.25,-34.25,27.25,19.59,-84.67,-173.18
52.409027,-1.535974,146.17,11.45,3,205.08,19 / 22,2010709,2019-09-06 19:53:36:452,0.8558,0.5896,9.1723,-0.0045,-0.0019,9.8066,-0.0017,-0.0169,0.0492,4.75,-34.12,27.94,19.28,-84.7,-173.01
52.409027,-1.535974,146.17,11.45,3,205.08,19 / 22,2010810,2019-09-06 19:53:36:553,1.017,0.7527,9.5227,0.0018,0.0156,9.8066,0.0209,0.0298,-0.0268,4.56,-33.69,27.56,19.73,-84.8,-172.57
52.409027,-1.535974,146.17,11.45,3,205.08,19 / 22,2010910,2019-09-06 19:53:36:653,0.5425,1.4712,9.7347,-0.0009,0.0189,9.8066,0.0556,0.0557,0.0107,4.88,-34.37,27.75,19.9,-84.97,-172.33
52.409027,-1.535974,146.17,11.45,3,205.08,19 / 22,2011009,2019-09-06 19:53:36:752,0.6241,0.512,9.6316,0.0246,0.0396,9.8065,-0.015,0.0458,-0.0082,5.06,-34.44,27.88,20.31,-84.98,-171.97
52.409027,-1.535974,146.17,11.45,3,205.08,19 / 22,2011109,2019-09-06 19:53:36:852,0.5884,0.0981,10.2583,0.0144,-0.0388,9.8065,0.0608,0.0282,-0.0396,4.94,-33.81,27.31,18.41,-85.41,-173.93
52.409027,-1.535974,146.17,11.45,3,205.08,19 / 22,2011209,2019-09-06 19:53:36:952,0.0927,0.8159,10.5952,-0.0205,-0.0598,9.8064,-0.1314,0.0262,0.0257,4.88,-34,27.5,16.25,-85.14,-175.56
52.409027,-1.535974,146.17,11.45,3,205.08,19 / 22,2011310,2019-09-06 19:53:37:053,0.152,-1.0533,10.0365,-0.0045,-0.0539,9.8065,-0.1439,0.0874,-0.0202,4.38,-33.37,27.31,14.79,-85.1,-175.2
52.409027,-1.535974,146.17,11.45,3,205.08,20 / 22,2011410,2019-09-06 19:53:37:153,-0.4588,0.2318,9.284,-0.0124,-0.0327,9.8066,0.0188,0.0431,-0.01,5.06,-33.69,27.31,16.58,-85.1,-175.7
52.409027,-1.535974,146.17,11.45,3,205.08,20 / 22,2011510,2019-09-06 19:53:37:253,0.383,1.688,9.2933,0.0035,-0.035,9.8065,-0.1242,0.0273,0.0033,4.63,-33.37,26.38,16.71,-84.84,-176.09
52.409027,-1.535974,146.17,11.45,3,205.08,20 / 22,2011609,2019-09-06 19:53:37:352,0.3943,1.1478,10.2588,0,0.0484,9.8065,0.0648,0.0492,0.0131,4.56,-33.25,26.94,17.4,-85.2,-174.87
52.409027,-1.535974,146.17,11.45,3,205.08,20 / 22,2011710,2019-09-06 19:53:37:453,1.2032,0.9628,10.1916,0.0089,0.043,9.8065,0.0884,0.0234,0.0079,4.94,-33,27.19,17.52,-85.37,-174.7
52.409027,-1.535974,146.17,11.45,3,205.08,20 / 22,2011809,2019-09-06 19:53:37:552,0.1526,1.8777,9.7917,-0.0103,-0.028,9.8066,-0.069,0.0116,-0.0127,3.5,-33.94,26.38,16.99,-85.41,-173.54
52.409027,-1.535974,146.17,11.45,3,205.08,20 / 22,2011909,2019-09-06 19:53:37:652,0.5827,1.9303,9.0355,0.0084,-0.0363,9.8066,-0.1269,0.0213,-0.002,3.63,-33.06,26.25,15.45,-85.43,-174.86
52.409027,-1.535974,146.17,11.45,3,205.08,20 / 22,2012009,2019-09-06 19:53:37:752,0.6902,1.1218,9.362,0.0009,0.0363,9.8066,0.1476,-0.0031,0.0072,3.5,-33,26.5,15.06,-85.35,-174.87
52.409027,-1.535974,146.17,11.45,3,205.08,20 / 22,2012110,2019-09-06 19:53:37:853,0.0495,0.6877,10.1638,0.0002,0.041,9.8065,0.091,0.0068,0.0052,2.94,-33.62,27.19,14.12,-85.58,-173.61
52.409027,-1.535974,146.17,11.45,3,205.08,20 / 22,2012210,2019-09-06 19:53:37:953,-0.1404,0.8705,9.9027,0.0001,-0.0108,9.8066,-0.079,0.0295,-0.0309,2.63,-32.69,27.5,14.51,-85.51,-172.96
52.409027,-1.535974,146.17,11.45,3,205.08,20 / 22,2012310,2019-09-06 19:53:38:053,-0.2948,0.6679,10.0358,0.0011,0.0065,9.8066,-0.04,0.0495,0.0032,2.69,-33.06,27.81,14.29,-85.57,-173.14
52.409027,-1.535974,146.17,11.45,3,205.08,20 / 22,2012409,2019-09-06 19:53:38:152,0.2702,1.2397,10.4026,0.0028,0.0065,9.8066,0.0248,0.0578,-0.0364,3.56,-32.81,28,16.35,-85.67,-173.25
52.409027,-1.535974,146.17,11.45,3,205.08,20 / 22,2012509,2019-09-06 19:53:38:252,-0.0308,0.9656,9.9848,0.0052,0.0279,9.8066,0.0466,-0.004,-0.0067,2.81,-33.44,28.13,13.66,-85.82,-173.65
52.409027,-1.535974,146.17,11.45,3,205.08,20 / 22,2012610,2019-09-06 19:53:38:353,-0.0666,0.6626,10.1338,0.0009,-0.0177,9.8066,-0.0729,0.033,-0.016,3,-32.31,28.31,13.19,-85.87,-174.03
52.409027,-1.535974,146.17,11.45,3,205.08,20 / 22,2012710,2019-09-06 19:53:38:453,0.0072,1.1251,9.5257,-0.0017,-0.0132,9.8065,-0.0729,0.0025,0.0162,3.38,-32.06,28.5,12.46,-85.8,-174.47
52.409027,-1.535974,146.17,11.45,3,205.08,20 / 22,2012809,2019-09-06 19:53:38:552,0.2327,0.6451,9.4703,-0.0014,0.0114,9.8066,-0.0186,-0.0097,0.0089,3.56,-32.81,28.13,15.45,-85.95,-173.98
52.409027,-1.535974,146.17,11.45,3,205.08,20 / 22,2012910,2019-09-06 19:53:38:653,-0.3734,0.8435,9.5063,-0.0062,0.0057,9.8066,-0.0049,0.0069,0.0216,3.81,-33,27.63,15.7,-85.99,-173.73
52.409027,-1.535974,146.17,11.45,3,205.08,20 / 22,2013009,2019-09-06 19:53:38:752,0.4455,1.2411,10.1276,0.0083,0.0066,9.8066,0.0602,0.024,-0.0333,3.69,-31.81,28.06,15.95,-86.05,-173.44
52.409027,-1.535974,146.17,11.45,3,205.08,20 / 22,2013109,2019-09-06 19:53:38:852,0.1198,1.1881,9.7944,0.0028,0.0003,9.8066,0.0069,-0.0086,-0.0202,3.75,-31.56,27.56,15.02,-86.08,-174.3
52.409027,-1.535974,146.17,11.45,3,205.08,20 / 22,2013210,2019-09-06 19:53:38:953,0.0036,1.1104,9.8769,0.003,0.0067,9.8066,-0.0243,-0.0129,-0.0136,3.31,-31.94,28.44,12.97,-86.09,-174.17
52.409027,-1.535974,146.17,11.45,3,205.08,20 / 22,2013310,2019-09-06 19:53:39:053,-0.0049,1.1566,9.6967,-0.0007,0.0066,9.8066,0.0354,0.0135,-0.0039,3.88,-32,27.63,15.19,-86.16,-174.11
52.409027,-1.535974,146.17,11.45,3,205.08,20 / 22,2013409,2019-09-06 19:53:39:152,0.4569,1.0068,9.7569,0.0041,0.0089,9.8066,0.001,0.017,-0.0382,4.69,-32.5,28,16.57,-86.2,-174.81
52.409027,-1.535974,146.17,11.45,3,205.08,20 / 22,2013510,2019-09-06 19:53:39:253,0.3873,0.8547,9.8082,0.0059,0.006,9.8065,0.017,0.0035,0.0213,4.19,-32.69,27.94,13.54,-86.22,-175.65
52.409027,-1.535974,146.17,11.45,3,205.08,20 / 22,2013610,2019-09-06 19:53:39:353,0.1999,0.4863,9.5981,0.0008,0.0042,9.8066,-0.0296,-0.0315,-0.0003,4.5,-32.56,27.88,15.81,-86.2,-175.55
52.409027,-1.535974,146.17,11.45,3,205.08,20 / 22,2013709,2019-09-06 19:53:39:452,-0.1002,0.7224,9.9359,-0.0004,0.006,9.8066,0.0269,0.0013,0.0077,4.69,-32.81,28.06,16.09,-86.27,-175.26
52.409027,-1.535974,146.17,11.45,3,205.08,20 / 22,2013810,2019-09-06 19:53:39:553,-0.1244,0.7101,9.8351,-0.0004,0.0067,9.8066,0.0211,-0.0101,0.0129,5.25,-32.75,27.38,16.89,-86.37,-174.9
52.409027,-1.535974,146.17,11.45,3,205.08,20 / 22,2013910,2019-09-06 19:53:39:653,0.2356,0.6894,9.7417,0,0.0051,9.8065,0.0006,-0.0098,-0.031,4.75,-32.81,27.19,16.99,-86.42,-174.79
52.409027,-1.535974,146.17,11.45,3,205.08,20 / 22,2014009,2019-09-06 19:53:39:752,0.2607,0.8981,9.9796,0.0027,0.0103,9.8066,0.029,0.0061,-0.0029,4.5,-32.87,26.81,16.48,-86.53,-175.23
52.409027,-1.535974,146.17,11.45,3,205.08,20 / 22,2014110,2019-09-06 19:53:39:853,0.1648,0.4699,9.6954,0.0031,0.0072,9.8066,-0.0343,0.0043,0.012,5.13,-33.12,27.44,16.16,-86.58,-175.51
52.409027,-1.535974,146.17,11.45,3,205.08,20 / 22,2014210,2019-09-06 19:53:39:953,0.2352,0.783,9.5635,0.0028,0.0095,9.8066,-0.0151,-0.0194,0.0169,5.25,-32.5,26.75,15.83,-86.66,-175.75
52.409027,-1.535974,146.17,11.45,3,205.08,20 / 22,2014310,2019-09-06 19:53:40:053,0.0286,0.5156,10.0702,0.0037,0.0085,9.8066,0.01,-0.0158,-0.0093,5.13,-32.56,26.88,15.84,-86.8,-175.72
52.409027,-1.535974,146.17,11.45,3,205.08,19 / 21,2014410,2019-09-06 19:53:40:153,0.5504,0.8381,10.2081,0.0017,0.0023,9.8066,-0.0107,0.0018,-0.0413,4.75,-32.94,27.81,14.82,-86.88,-176.25
52.409027,-1.535974,146.17,11.45,3,205.08,19 / 21,2014510,2019-09-06 19:53:40:253,0.4064,0.1379,9.8399,0.0043,0.0109,9.8066,-0.0323,-0.0011,0.0369,4.81,-33.19,26.75,14.84,-86.97,-176.6
52.409027,-1.535974,146.17,11.45,3,205.08,19 / 21,2014610,2019-09-06 19:53:40:353,0.0469,0.6002,10.0387,-0.0116,-0.0117,9.8066,-0.0497,-0.0058,0.0077,4.63,-33.37,26.75,16.8,-86.92,-174.79
52.409027,-1.535974,146.17,11.45,3,205.08,19 / 21,2014710,2019-09-06 19:53:40:453,-0.0584,0.823,9.6373,-0.0041,-0.009,9.8066,0.0222,0.021,0.0183,4.44,-33.12,26.25,15.85,-86.94,-173.97
52.409027,-1.535974,146.17,11.45,3,205.08,19 / 21,2014809,2019-09-06 19:53:40:552,-0.0547,0.3422,9.7025,0.0017,0.0128,9.8066,0.0348,0.0046,0.0119,4.63,-33.37,26.25,18.28,-86.97,-173.82
52.409027,-1.535974,146.17,11.45,3,205.08,19 / 21,2014910,2019-09-06 19:53:40:653,0.105,0.5038,9.7367,-0.0002,-0.0023,9.8066,-0.0234,0.005,-0.0244,4.31,-33.25,26.5,15.86,-87.05,-173.56
52.409027,-1.535974,146.17,11.45,3,205.08,19 / 21,2015010,2019-09-06 19:53:40:753,0.2408,0.8408,9.9627,0.0004,0.0031,9.8066,-0.0202,-0.0065,0.02,4.44,-32.94,26.69,16.02,-87.12,-173.38
52.409027,-1.535974,146.17,11.45,3,205.08,19 / 21,2015110,2019-09-06 19:53:40:853,0.0924,0.8004,10.0986,-0.0019,0.0037,9.8066,0.0085,0.0131,0.0109,4.44,-33.62,26.63,16.96,-87.21,-172.5
52.409027,-1.535974,146.17,11.45,3,205.08,19 / 21,2015210,2019-09-06 19:53:40:953,-0.0089,0.2964,9.924,-0.0013,0.0015,9.8066,0.0098,0.0066,0.0006,4.31,-33.44,26.75,17.87,-87.26,-171.6
52.409027,-1.535974,146.17,11.45,3,205.08,20 / 22,2015309,2019-09-06 19:53:41:052,0.041,0.681,9.8557,0.0004,0.0043,9.8066,-0.0034,-0.0099,0.0024,4.69,-33.44,26.56,20.38,-87.29,-171.26
52.40853,-1.536432,147.01,1.58,3,207.14,20 / 22,2015410,2019-09-06 19:53:41:153,0.1268,0.6023,9.7256,0.0023,-0.002,9.8066,-0.008,-0.0029,-0.0244,3.94,-34.19,26.88,18.56,-87.33,-170.94
52.40853,-1.536432,147.01,1.58,3,207.14,20 / 22,2015509,2019-09-06 19:53:41:252,0.0177,0.4288,10.0169,0.0026,0.0003,9.8066,0.0019,-0.0047,-0.0002,3.69,-33.69,26.44,17.74,-87.36,-172.06
52.40853,-1.536432,147.01,1.58,3,207.14,20 / 22,2015610,2019-09-06 19:53:41:353,0.0918,0.6121,10.0413,0.002,0.0041,9.8066,-0.0015,-0.0169,-0.0042,3.94,-33.81,26.13,17.51,-87.4,-172.26
52.40853,-1.536432,147.01,1.58,3,207.14,20 / 22,2015710,2019-09-06 19:53:41:453,0.045,0.48,10.0174,-0.0025,0,9.8066,-0.0046,0.0082,0.0059,3.63,-33.81,26.06,17.75,-87.4,-172.04
52.40853,-1.536432,147.01,1.58,3,207.14,20 / 22,2015810,2019-09-06 19:53:41:553,-0.1043,0.1421,9.9701,0.0019,0.0044,9.8066,0.0167,0.003,0.0208,3.81,-33.75,26.31,17.75,-87.46,-172.01
52.40853,-1.536432,147.01,1.58,3,207.14,20 / 22,2015910,2019-09-06 19:53:41:653,-0.0239,-0.1475,10.0782,-0.0007,0.0036,9.8066,0.014,-0.0152,0.0029,3.94,-33.75,26.44,17.98,-87.49,-171.78
52.40853,-1.536432,147.01,1.58,3,207.14,20 / 22,2016009,2019-09-06 19:53:41:752,-0.1587,-0.4515,9.8773,-0.0016,-0.003,9.8066,0.0039,-0.0162,-0.0195,3.81,-33.81,25.81,18.38,-87.5,-171.4
52.40853,-1.536432,147.01,1.58,3,207.14,20 / 22,2016109,2019-09-06 19:53:41:852,-0.0893,-0.7788,9.6798,0.003,-0.0051,9.8066,0.0369,0.0069,-0.007,3.63,-34,26.5,17.41,-87.46,-171.98
52.40853,-1.536432,147.01,1.58,3,207.14,20 / 22,2016210,2019-09-06 19:53:41:953,-0.1459,-0.9365,9.8773,0.0001,-0.0015,9.8066,0.003,0.0015,0.0113,3.94,-33.81,26.75,16.43,-87.43,-172.92
52.40853,-1.536432,147.01,1.58,3,207.14,20 / 22,2016309,2019-09-06 19:53:42:052,0.0134,-0.3871,9.8799,-0.0004,0.0061,9.8066,-0.0024,0.011,0.0041,3.75,-32.81,27.06,16.75,-87.46,-172.58
52.40853,-1.536432,147.01,1.58,3,207.14,19 / 22,2016410,2019-09-06 19:53:42:153,-0.073,-0.6164,9.8125,-0.004,0.0052,9.8066,0.0356,-0.0154,0.0333,3.63,-32.94,26.5,17.8,-87.5,-171.57
52.40853,-1.536432,147.01,1.58,3,207.14,19 / 22,2016510,2019-09-06 19:53:42:253,-0.1222,-1.1845,9.8138,0.0021,0.0074,9.8066,0.0116,-0.0068,-0.0056,3.69,-32.75,26.88,17.81,-87.56,-171.53
52.40853,-1.536432,147.01,1.58,3,207.14,19 / 22,2016609,2019-09-06 19:53:42:352,-0.1832,-0.9911,9.701,-0.0005,0.0025,9.8066,0.0026,-0.0158,-0.0037,3.56,-33.44,26.44,18.39,-87.55,-171.34
52.40853,-1.536432,147.01,1.58,3,207.14,19 / 22,2016709,2019-09-06 19:53:42:452,-0.3036,-1.1067,9.6596,0.0009,-0.0003,9.8066,-0.0094,0.0031,-0.0075,3.75,-32.81,26.81,18.3,-87.57,-171.07
52.40853,-1.536432,147.01,1.58,3,207.14,19 / 22,2016810,2019-09-06 19:53:42:553,-0.0635,-1.2907,9.8522,0.0014,0.0018,9.8066,-0.0136,0.011,0.0069,3.38,-33.12,26.56,15.67,-87.62,-171.47
52.40853,-1.536432,147.01,1.58,3,207.14,19 / 22,2016910,2019-09-06 19:53:42:653,-0.1597,-1.376,9.9334,-0.0006,0.0021,9.8066,0.0161,-0.0017,0.0179,4.63,-33.25,27.44,20.07,-87.64,-171.41
52.40853,-1.536432,147.01,1.58,3,207.14,19 / 22,2017009,2019-09-06 19:53:42:752,-0.217,-1.6829,9.8991,0.0019,0.0039,9.8066,0.0148,-0.0068,-0.0002,4.25,-32.94,27.13,17.91,-87.64,-171.4
52.40853,-1.536432,147.01,1.58,3,207.14,19 / 22,2017109,2019-09-06 19:53:42:852,-0.3508,-1.7849,9.7222,0.0005,-0.0027,9.8066,-0.0035,-0.0147,0.0063,4.25,-33.5,27.69,16.68,-87.58,-172.28
52.40853,-1.536432,147.01,1.58,3,207.14,19 / 22,2017210,2019-09-06 19:53:42:953,-0.2378,-1.9837,9.5871,-0.0001,-0.012,9.8066,-0.0071,-0.0138,0.0021,4.25,-33.25,27.38,16.59,-87.52,-172.71
52.40853,-1.536432,147.01,1.58,3,207.14,19 / 22,2017309,2019-09-06 19:53:43:052,-0.2109,-1.1593,9.647,-0.0028,-0.0053,9.8066,0.0077,-0.0088,0.0042,3.88,-33.37,27.44,16.25,-87.47,-173.04
52.40853,-1.536432,147.01,1.58,3,207.14,19 / 21,2017410,2019-09-06 19:53:43:153,-0.4217,-3.3478,9.6584,-0.0023,-0.0016,9.8066,0.0501,-0.0157,0.0037,4.5,-33.81,27.75,18.5,-87.34,-172.65
52.40853,-1.536432,147.01,1.58,3,207.14,19 / 21,2017510,2019-09-06 19:53:43:253,-0.463,-3.1806,9.571,-0.004,-0.0118,9.8066,-0.0133,-0.0103,0.0057,3.94,-33.87,27.75,17.17,-87.19,-171.97
52.40853,-1.536432,147.01,1.58,3,207.14,19 / 21,2017610,2019-09-06 19:53:43:353,-0.7971,-3.8006,9.4589,-0.0032,-0.0036,9.8066,-0.0035,-0.0227,0.0061,4.63,-33.69,27.69,19.73,-87.15,-171.57
52.40853,-1.536432,147.01,1.58,3,207.14,19 / 21,2017710,2019-09-06 19:53:43:453,-0.3678,-2.7005,9.6656,0.0037,0.0073,9.8066,0.016,0.0038,-0.0157,4.19,-33.25,27.44,18.11,-87.15,-171.41
52.40853,-1.536432,147.01,1.58,3,207.14,19 / 21,2017809,2019-09-06 19:53:43:552,-0.4196,-3.5834,9.9684,0,-0.0014,9.8066,-0.0257,-0.004,0.0181,4.13,-33.5,27.06,17.67,-87.21,-171.8
52.40853,-1.536432,147.01,1.58,3,207.14,19 / 21,2017909,2019-09-06 19:53:43:652,-0.4017,-2.3553,9.2873,0.0057,0.0195,9.8065,0.0163,0.0008,0.0121,4.81,-33.37,27.31,18.97,-87.32,-172.59
52.40853,-1.536432,147.01,1.58,3,207.14,19 / 21,2018010,2019-09-06 19:53:43:753,-0.1263,-2.6324,9.4433,-0.0037,0.0076,9.8066,0.0091,-0.0113,0.0014,4.38,-33.37,27.31,18.15,-87.32,-171.31
52.40853,-1.536432,147.01,1.58,3,207.14,19 / 21,2018110,2019-09-06 19:53:43:853,-0.0131,-1.6998,9.5499,-0.0056,0.0016,9.8066,-0.0305,-0.0113,0.0247,4.81,-33.69,28.31,21,-87.3,-170.31
52.40853,-1.536432,147.01,1.58,3,207.14,19 / 21,2018209,2019-09-06 19:53:43:952,-0.4406,-2.1399,9.722,0.0024,0.0084,9.8066,-0.0643,-0.0253,-0.0093,4.69,-34.56,27.13,21.45,-87.37,-170.28
52.40853,-1.536432,147.01,1.58,3,207.14,19 / 21,2018310,2019-09-06 19:53:44:053,-0.1566,-1.3066,9.7661,0.0011,0.0099,9.8066,0.0232,-0.0222,-0.0065,4.06,-34.06,26.81,19.45,-87.44,-170.06
52.40853,-1.536432,147.01,1.58,3,207.14,20 / 22,2018409,2019-09-06 19:53:44:152,-0.0594,-1.3533,9.7202,0.0026,0.0045,9.8066,0.0239,0.001,-0.0124,4,-34.06,27.06,19.46,-87.58,-169.98
52.40853,-1.536432,147.01,1.58,3,207.14,20 / 22,2018510,2019-09-06 19:53:44:253,-0.5646,-1.8554,9.3447,-0.0029,-0.0004,9.8066,0.0368,-0.0112,0.0094,4.56,-33.81,27.25,22.21,-87.57,-169.44
52.40853,-1.536432,147.01,1.58,3,207.14,20 / 22,2018609,2019-09-06 19:53:44:352,-0.0656,-2.1116,9.9095,0.0037,-0.0009,9.8066,0.0471,0.0246,0.0231,5.25,-35.12,27.69,20.98,-87.48,-170.27
52.40853,-1.536432,147.01,1.58,3,207.14,20 / 22,2018710,2019-09-06 19:53:44:453,-0.4666,-1.4613,10.1774,-0.0032,-0.0068,9.8066,-0.0234,-0.0328,-0.0257,4.5,-34.56,27.31,23.24,-87.35,-168.61
52.40853,-1.536432,147.01,1.58,3,207.14,20 / 22,2018810,2019-09-06 19:53:44:553,-0.1078,-1.5317,9.7132,0.0016,0.0005,9.8066,-0.0667,0.0173,-0.0376,4.5,-34.94,26.63,23.39,-87.41,-168.44
52.40853,-1.536432,147.01,1.58,3,207.14,20 / 22,2018910,2019-09-06 19:53:44:653,-0.4963,-1.1905,9.5121,-0.0029,0.0069,9.8066,0.0165,-0.0033,0.0173,4.44,-35.19,27.06,21,-87.43,-168.63
52.40853,-1.536432,147.01,1.58,3,207.14,20 / 22,2019009,2019-09-06 19:53:44:752,-0.3863,-1.4784,9.5049,0.0041,-0.003,9.8066,-0.019,-0.0161,-0.0069,5.13,-34.44,27.13,22.42,-87.43,-169.31
52.40853,-1.536432,147.01,1.58,3,207.14,20 / 22,2019110,2019-09-06 19:53:44:853,-0.1134,-0.8136,9.8744,0.0003,-0.0069,9.8065,-0.0195,0.0088,-0.0021,4.88,-34.06,27.06,21.88,-87.46,-169.8
52.40853,-1.536432,147.01,1.58,3,207.14,20 / 22,2019210,2019-09-06 19:53:44:953,-1.0192,-1.3683,9.6968,-0.0034,-0.0078,9.8066,-0.0076,0.02,0.019,4.56,-34.87,26.63,22.16,-87.47,-169.56
52.40853,-1.536432,147.01,1.58,3,207.14,20 / 22,2019310,2019-09-06 19:53:45:053,-0.4268,-1.2986,9.3176,0.0079,-0.0029,9.8066,0.0404,-0.0113,-0.0529,5.13,-35.12,26.19,21.35,-87.39,-170.81
52.40853,-1.536432,147.01,1.58,3,207.14,20 / 22,2019410,2019-09-06 19:53:45:153,-0.4325,-1.4354,9.6125,0.0037,0.0153,9.8066,0.0363,-0.05,-0.0279,4.56,-35.56,26.81,21.12,-87.29,-170.67
52.40853,-1.536432,147.01,1.58,3,207.14,20 / 22,2019510,2019-09-06 19:53:45:253,-0.2656,-1.2626,9.8898,0.0059,-0.0097,9.8066,-0.004,0.0086,0.0109,5,-35.19,27,20.82,-87.36,-170.89
52.40853,-1.536432,147.01,1.58,3,207.14,20 / 22,2019610,2019-09-06 19:53:45:353,-0.2508,-2.1234,9.6238,0.0034,-0.0028,9.8066,0.0907,0.0124,0.0464,5.44,-36.12,26.75,17.94,-87.39,-173.62
52.40853,-1.536432,147.01,1.58,3,207.14,20 / 22,2019709,2019-09-06 19:53:45:452,-0.4262,-1.8988,9.7516,-0.0045,0.0029,9.8066,-0.1061,-0.0358,-0.0617,5.44,-35.69,26.31,19.74,-87.37,-172.37
52.40853,-1.536432,147.01,1.58,3,207.14,20 / 22,2019810,2019-09-06 19:53:45:553,-0.6803,-1.6632,9.5244,0.0024,-0.0131,9.8066,-0.1013,-0.0178,0.0146,4.75,-35.31,26.56,19.78,-87.38,-171.86
52.40853,-1.536432,147.01,1.58,3,207.14,20 / 22,2019910,2019-09-06 19:53:45:653,-0.1952,-0.7233,9.0377,-0.008,-0.0226,9.8066,0.0001,0.0005,-0.0004,3.88,-35.25,27,17.3,-87.32,-172.16
52.40853,-1.536432,147.01,1.58,3,207.14,20 / 22,2020010,2019-09-06 19:53:45:753,-0.1142,-0.245,9.3444,-0.0066,0.0032,9.8066,-0.1472,-0.0041,0.0245,5,-35.12,27.13,21.44,-87.35,-170.31
52.40853,-1.536432,147.01,1.58,3,207.14,20 / 22,2020110,2019-09-06 19:53:45:853,0.06,0.3242,9.4112,0.0038,0.0193,9.8066,0.2227,-0.0037,0.0018,4.75,-35.37,27,22.31,-87.29,-169.52
52.40853,-1.536432,147.01,1.58,3,207.14,20 / 22,2020209,2019-09-06 19:53:45:952,-0.2497,-1.6537,10.094,-0.0014,0.035,9.8065,0.207,-0.0199,-0.0014,3.81,-35.19,28.19,21.23,-87.39,-168.09
52.40853,-1.536432,147.01,1.58,3,207.14,20 / 22,2020309,2019-09-06 19:53:46:052,-0.5254,-0.9731,10.0948,0.0052,0.0424,9.8065,-0.1203,0.0265,-0.0335,3.88,-34.75,27.94,21.9,-87.38,-167.46
52.40853,-1.536432,147.01,1.58,3,207.14,19 / 21,2020410,2019-09-06 19:53:46:153,-0.541,-0.8241,9.5111,-0.0006,-0.0179,9.8066,-0.0736,0.0122,0.0375,4.19,-34.75,29.06,22.74,-87.38,-166.35
52.40853,-1.536432,147.01,1.58,3,207.14,19 / 21,2020509,2019-09-06 19:53:46:252,-0.0448,-0.4082,10.1245,-0.003,-0.0067,9.8066,0.0404,0.022,-0.0508,3.44,-33.75,28.44,20.63,-87.38,-166.62
52.40853,-1.536432,147.01,1.58,3,207.14,19 / 21,2020610,2019-09-06 19:53:46:353,0.0588,-0.5122,10.1148,0.01,0.0306,9.8065,0.012,-0.0004,0.0081,3.56,-32.5,27.94,20.66,-87.6,-168.45
52.40853,-1.536432,147.01,1.58,3,207.14,19 / 21,2020710,2019-09-06 19:53:46:453,0.0433,-1.1558,9.635,-0.0063,-0.0066,9.8066,-0.0191,0.0056,0.0147,3.75,-32.06,28.69,20.69,-87.68,-168.08
52.40853,-1.536432,147.01,1.58,3,207.14,19 / 21,2020809,2019-09-06 19:53:46:552,0.0547,-0.0272,9.48,-0.0112,-0.0097,9.8066,-0.0677,-0.0168,0.0175,3.5,-32.19,28.44,23.93,-87.61,-165.32
52.40853,-1.536432,147.01,1.58,3,207.14,19 / 21,2020909,2019-09-06 19:53:46:652,-0.1622,0.1035,9.843,0.0009,0.0253,9.8065,0.0323,-0.0117,-0.0116,3.5,-31.94,27.56,26.78,-87.59,-162.6
52.40853,-1.536432,147.01,1.58,3,207.14,19 / 21,2021009,2019-09-06 19:53:46:752,-0.0906,-0.5235,9.7792,0.0018,-0.0064,9.8066,-0.0595,-0.0168,0.0357,3.31,-32.12,28,25.61,-87.64,-161.68
52.40853,-1.536432,147.01,1.58,3,207.14,19 / 21,2021110,2019-09-06 19:53:46:853,-0.7328,0.1193,9.9859,-0.0114,-0.0045,9.8065,0.0616,0.0032,-0.0544,3.31,-31.06,28.19,27.05,-87.59,-160.29
52.40853,-1.536432,147.01,1.58,3,207.14,19 / 21,2021210,2019-09-06 19:53:46:953,0.2202,-0.3037,9.5426,0.0182,0.0233,9.8066,-0.1078,-0.0269,-0.0118,3.25,-30.06,28.06,22.25,-87.61,-164.85
52.40853,-1.536432,147.01,1.58,3,207.14,19 / 21,2021310,2019-09-06 19:53:47:053,0.6533,0.2001,9.5578,-0.0099,-0.0642,9.8064,0.3092,-0.0273,0.0114,3.69,-30,27.19,22.91,-87.33,-166.68
52.40853,-1.536432,147.01,1.58,3,207.14,20 / 22,2021409,2019-09-06 19:53:47:152,0.5166,-1.0216,9.663,0.0046,0.0642,9.8064,0.2369,0.0385,0.0065,3.69,-29.44,26.13,24.02,-87.44,-165.89
52.40853,-1.536432,147.01,1.58,3,207.14,20 / 22,2021510,2019-09-06 19:53:47:253,-0.4759,-1.1238,9.4731,-0.0215,-0.0529,9.8065,-0.0954,-0.0105,0.0156,4.13,-29.37,26.38,24.37,-87.27,-165.64
52.40853,-1.536432,147.01,1.58,3,207.14,20 / 22,2021609,2019-09-06 19:53:47:352,-0.3824,-0.2292,9.8321,-0.0153,-0.022,9.8066,-0.0478,0.022,-0.0077,3.81,-29.56,26.19,26.65,-87.16,-163.58
52.40853,-1.536432,147.01,1.58,3,207.14,20 / 22,2021709,2019-09-06 19:53:47:452,-0.5935,-0.4115,10.5067,-0.0041,-0.0194,9.8066,0.0364,0.0094,-0.0066,3.81,-30.62,25.5,28.69,-87.01,-161.78
52.40853,-1.536432,147.01,1.58,3,207.14,20 / 22,2021809,2019-09-06 19:53:47:552,-0.2934,-0.2941,10.3802,0.0034,0.0218,9.8066,-0.1229,0.0124,-0.0167,3.31,-31.31,25.25,27.07,-87.09,-161.43
52.40853,-1.536432,147.01,1.58,3,207.14,20 / 22,2021910,2019-09-06 19:53:47:653,0.0605,0.3219,10.3163,0.0065,0.0237,9.8065,0.0549,-0.0084,0.0062,3.19,-32.06,25.44,27.34,-87.33,-161.09
52.40853,-1.536432,147.01,1.58,3,207.14,20 / 22,2022010,2019-09-06 19:53:47:753,0.1297,-0.4841,10.0538,-0.0047,0.0051,9.8066,0.066,0.0001,-0.0199,4.38,-32.19,24.69,31.87,-87.51,-158.91
52.40853,-1.536432,147.01,1.58,3,207.14,20 / 22,2022109,2019-09-06 19:53:47:852,0.045,-0.6124,9.9453,0.0023,0.0068,9.8066,-0.0653,0.0125,0.0188,3.88,-31.81,25.63,31.74,-87.48,-158.64
52.40853,-1.536432,147.01,1.58,3,207.14,20 / 22,2022210,2019-09-06 19:53:47:953,-0.2942,-1.2022,8.8254,-0.0027,-0.0285,9.8066,-0.0867,0.0196,0.0081,3.94,-32.56,24.81,32.17,-87.38,-158.77
52.40853,-1.536432,147.01,1.58,3,207.14,20 / 22,2022309,2019-09-06 19:53:48:052,0.3398,-0.7562,9.9114,-0.0059,-0.0362,9.8066,0.0528,-0.0043,-0.0449,4.13,-32.62,25.63,29.31,-87.11,-161.24
52.40853,-1.536432,147.01,1.58,3,207.14,19 / 21,2022410,2019-09-06 19:53:48:153,-0.021,-1.0307,10.0073,0.0044,0.0141,9.8066,0.0091,0.027,-0.0053,4.19,-32.44,25.63,29.69,-87.14,-160.81
52.40853,-1.536432,147.01,1.58,3,207.14,19 / 21,2022510,2019-09-06 19:53:48:253,-0.0583,-0.5181,10.3701,-0.0064,-0.0004,9.8066,0.0515,0.0223,0.0386,4.06,-33,26.25,29.48,-87.05,-161.12
52.40853,-1.536432,147.01,1.58,3,207.14,19 / 21,2022610,2019-09-06 19:53:48:353,-0.4106,-0.8291,10.6799,-0.0066,0.0144,9.8066,0.0701,0.0059,-0.012,4.13,-33.19,26.25,32.23,-87.03,-158.54
52.40853,-1.536432,147.01,1.58,3,207.14,19 / 21,2022710,2019-09-06 19:53:48:453,-0.3651,-1.8431,9.7413,0.0013,-0.0393,9.8065,-0.0034,0.002,-0.0002,4.13,-33.06,25.94,31.36,-86.94,-159.42
52.40853,-1.536432,147.01,1.58,3,207.14,19 / 21,2022809,2019-09-06 19:53:48:552,0.0853,-1.6264,9.4866,0.0036,-0.0383,9.8066,0.0999,-0.0175,0.0063,3.38,-32.81,26.69,26.44,-86.85,-161.64
52.40853,-1.536432,147.01,1.58,3,207.14,19 / 21,2022909,2019-09-06 19:53:48:652,0.2749,-2.1057,9.2133,0.0024,-0.0193,9.8066,-0.0586,-0.0094,0.0072,4.5,-32.44,26.94,26.85,-86.48,-165.54
52.40853,-1.536432,147.01,1.58,3,207.14,19 / 21,2023010,2019-09-06 19:53:48:753,-0.4244,-2.2631,9.6981,-0.0142,-0.0386,9.8065,-0.0716,-0.0024,0.0148,3.56,-32.5,26.63,25.17,-86.17,-165.22
52.40853,-1.536432,147.01,1.58,3,207.14,19 / 21,2023109,2019-09-06 19:53:48:852,-0.755,-1.3351,9.7019,-0.0091,-0.0404,9.8066,0.0786,0.0248,0.0068,3.69,-32.31,26.19,26.04,-86.06,-164.87
52.40853,-1.536432,147.01,1.58,3,207.14,19 / 21,2023210,2019-09-06 19:53:48:953,-1.1105,-1.9624,10.1371,0.0058,0.0392,9.8065,0.0497,-0.0614,0.0427,3.81,-31.44,26.25,27.05,-86.3,-163.72
52.40853,-1.536432,147.01,1.58,3,207.14,19 / 21,2023310,2019-09-06 19:53:49:053,-0.4711,-1.3535,9.8317,0.0006,0.0226,9.8065,-0.0792,-0.0024,-0.0031,4.25,-32.75,26.69,28.79,-86.34,-161.82
52.40853,-1.536432,147.01,1.58,3,207.14,19 / 21,2023410,2019-09-06 19:53:49:153,0.0682,-0.5151,9.5595,0.0003,0.001,9.8066,-0.0355,0.0054,0.007,3.63,-33.06,25.75,28.52,-86.46,-162.39
52.40853,-1.536432,147.01,1.58,3,207.14,19 / 21,2023509,2019-09-06 19:53:49:252,-0.1294,-0.8481,9.9082,-0.0014,0.0009,9.8066,0.0755,-0.0316,-0.01,3.75,-32.62,25.56,28.71,-86.46,-162.21
52.40853,-1.536432,147.01,1.58,3,207.14,19 / 21,2023610,2019-09-06 19:53:49:353,-1.0063,-1.2519,10.2272,-0.0016,-0.0026,9.8066,0.0668,-0.0451,0.0091,3.88,-32.87,26.13,28.93,-86.36,-162.07
52.40853,-1.536432,147.01,1.58,3,207.14,19 / 21,2023710,2019-09-06 19:53:49:453,0.2576,-0.7674,10.0485,-0.0011,0.0018,9.8066,-0.0402,-0.0663,0.0293,3.5,-33.06,26,28.19,-86.32,-162.79
52.40853,-1.536432,147.01,1.58,3,207.14,19 / 21,2023809,2019-09-06 19:53:49:552,-0.3357,-0.7173,9.9652,-0.0035,-0.0056,9.8066,-0.0148,-0.0295,-0.0094,3.13,-33.12,25.81,26.64,-86.25,-162.11
52.40853,-1.536432,147.01,1.58,3,207.14,19 / 21,2023910,2019-09-06 19:53:49:653,-0.1126,-0.3366,9.6881,0.0025,-0.0014,9.8066,0.0091,-0.0309,0.0142,3,-32.94,26.25,25.51,-86.24,-163.16
52.40853,-1.536432,147.01,1.58,3,207.14,19 / 21,2024009,2019-09-06 19:53:49:752,0.0616,-0.1183,9.5761,-0.0021,0.0014,9.8066,0.0155,-0.0347,-0.0083,3.5,-33.19,26.94,26.76,-86.16,-163.81
52.40853,-1.536432,147.01,1.58,3,207.14,19 / 21,2024110,2019-09-06 19:53:49:853,-0.4578,-0.4993,9.7235,0.0015,-0.0067,9.8066,-0.0949,-0.0505,-0.0247,3.56,-34.75,26.56,26.58,-86.04,-164.17
52.40853,-1.536432,147.01,1.58,3,207.14,19 / 21,2024209,2019-09-06 19:53:49:952,0.1663,-0.044,9.757,0.0078,-0.0102,9.8066,-0.0827,-0.0368,-0.0403,3.5,-34.69,26.81,23.6,-85.98,-166.95
52.40853,-1.536432,147.01,1.58,3,207.14,19 / 21,2024310,2019-09-06 19:53:50:053,-0.1067,0.1718,10.0072,0.0048,-0.013,9.8066,-0.0871,-0.0436,0.008,3.44,-34.37,27,19.6,-85.89,-168.52
52.408295,-1.536631,148.94,4.97,3,209.33,20 / 22,2024409,2019-09-06 19:53:50:152,-0.0331,-0.0713,9.5985,0.002,-0.0127,9.8066,-0.0155,-0.0314,0.0037,3.31,-34.31,27.25,18.85,-85.85,-169.22
52.408295,-1.536631,148.94,4.97,3,209.33,20 / 22,2024509,2019-09-06 19:53:50:252,-0.2841,-0.2602,9.8718,-0.0107,-0.024,9.8066,-0.0227,-0.0315,0.0114,3.69,-33.37,27,20.37,-85.65,-169.94
52.408295,-1.536631,148.94,4.97,3,209.33,20 / 22,2024610,2019-09-06 19:53:50:353,-0.4291,-0.3069,9.72,0.0042,-0.0289,9.8065,0.011,-0.0816,-0.0077,3.38,-33.62,26.94,17.5,-85.57,-170.55
52.408295,-1.536631,148.94,4.97,3,209.33,20 / 22,2024710,2019-09-06 19:53:50:453,-0.4496,-0.2479,10.263,0.0005,-0.0043,9.8066,-0.0209,-0.0694,0.001,4.06,-33.81,27.31,18.02,-85.54,-172.18
52.408295,-1.536631,148.94,4.97,3,209.33,20 / 22,2024809,2019-09-06 19:53:50:552,-0.8893,0.3654,10.4136,0.0044,-0.0034,9.8066,0.0263,-0.0363,-0.0646,3.63,-34,27.13,17.3,-85.46,-172.86
52.408295,-1.536631,148.94,4.97,3,209.33,20 / 22,2024912,2019-09-06 19:53:50:655,0.3738,-0.5456,10.3293,0.0145,-0.0106,9.8066,0.0396,-0.0649,0.0212,4.06,-34.06,27.56,14.98,-85.39,-174.63
52.408295,-1.536631,148.94,4.97,3,209.33,20 / 22,2025010,2019-09-06 19:53:50:753,-0.4992,-0.1769,10.2065,-0.0124,-0.0251,9.8065,-0.0407,-0.067,0.0177,4.06,-33.5,28.38,14.04,-85.11,-175.52
52.408295,-1.536631,148.94,4.97,3,209.33,20 / 22,2025110,2019-09-06 19:53:50:853,-0.2146,-1.2557,9.0351,-0.0111,-0.0544,9.8065,-0.0511,-0.0811,0.0102,4.56,-33.44,28.5,16.55,-84.51,-175.05
52.408295,-1.536631,148.94,4.97,3,209.33,20 / 22,2025210,2019-09-06 19:53:50:953,-0.882,-0.9131,9.835,-0.0058,-0.0521,9.8065,0.0924,-0.1264,0.0022,4.63,-33.87,27.88,17.36,-84.23,-174.9
52.408295,-1.536631,148.94,4.97,3,209.33,20 / 22,2025310,2019-09-06 19:53:51:053,-0.1182,-0.7982,9.9002,0.0053,-0.0048,9.8066,-0.0625,-0.0391,-0.0287,4.44,-33.31,28.44,15.92,-84.16,-174.15
52.408295,-1.536631,148.94,4.97,3,209.33,20 / 22,2025409,2019-09-06 19:53:51:152,-0.0902,-2.8224,10.0748,-0.0062,0.0032,9.8066,0.1105,-0.1532,0.1319,5.44,-32.69,28.06,16.27,-84.11,-175.85
52.408295,-1.536631,148.94,4.97,3,209.33,20 / 22,2025510,2019-09-06 19:53:51:253,-1.0134,-2.3683,10.4312,-0.0284,0.0004,9.8065,0.0803,-0.0856,0.0081,5.19,-33.37,27.81,20.04,-84.04,-172.56
52.408295,-1.536631,148.94,4.97,3,209.33,20 / 22,2025610,2019-09-06 19:53:51:353,-3.7365,-0.9668,10.6439,-0.0024,0.0308,9.8065,-0.0564,-0.2233,0.1196,5.44,-33.06,26.88,22.46,-84.26,-170.77
52.408295,-1.536631,148.94,4.97,3,209.33,20 / 22,2025710,2019-09-06 19:53:51:453,0.3383,-2.5178,9.74,-0.0086,-0.0369,9.8065,-0.0749,-0.0669,-0.1226,6.25,-33.12,28.06,22.75,-83.88,-172.19
52.408295,-1.536631,148.94,4.97,3,209.33,20 / 22,2025810,2019-09-06 19:53:51:553,-0.088,-0.8637,9.8519,0.0071,-0.0333,9.8065,0.156,-0.232,0.1126,6.69,-33.75,28.19,23.66,-83.67,-173.49
52.408295,-1.536631,148.94,4.97,3,209.33,20 / 22,2025909,2019-09-06 19:53:51:652,-1.0973,-1.2278,10.3978,-0.0239,-0.0065,9.8066,0.1068,-0.1624,0.0324,6.44,-33,27.19,21.53,-83.44,-174
52.408295,-1.536631,148.94,4.97,3,209.33,20 / 22,2026009,2019-09-06 19:53:51:752,-2.1292,-0.8535,9.6804,-0.0137,-0.0184,9.8066,-0.0187,-0.1632,0.011,6.81,-32.44,27.56,26.04,-83.11,-171.51
52.408295,-1.536631,148.94,4.97,3,209.33,20 / 22,2026109,2019-09-06 19:53:51:852,-1.8293,-1.2276,9.6937,0.0073,-0.0138,9.8066,-0.0328,-0.1694,0.0216,7.5,-33.12,26.94,28.57,-82.9,-172.09
52.408295,-1.536631,148.94,4.97,3,209.33,20 / 22,2026210,2019-09-06 19:53:51:953,-1.4708,0.062,10.2464,0.0009,-0.0157,9.8066,0.0907,-0.2148,0.0496,7.5,-32.81,26.69,27.67,-82.9,-172.88
52.408295,-1.536631,148.94,4.97,3,209.33,20 / 22,2026310,2019-09-06 19:53:52:053,-0.1633,-1.148,9.4756,0.0063,0.0347,9.8065,-0.0327,-0.1722,-0.0052,7.63,-32.06,26.31,27.73,-83.06,-173.34
52.408295,-1.536631,148.94,4.97,3,209.33,20 / 22,2026409,2019-09-06 19:53:52:152,-1.9975,-0.8427,9.4299,0.001,0.0382,9.8065,-0.018,-0.2154,0.0885,7.31,-33.19,25.88,27.61,-83.4,-171.36
52.408295,-1.536631,148.94,4.97,3,209.33,20 / 22,2026509,2019-09-06 19:53:52:252,-1.1766,-0.4825,9.8574,-0.0156,0.0002,9.8066,0.0163,-0.1817,0.0108,8.06,-33.37,25.44,33.81,-83.34,-168.78
52.408295,-1.536631,148.94,4.97,3,209.33,20 / 22,2026609,2019-09-06 19:53:52:352,-1.8037,0.4612,10.3628,-0.012,-0.0031,9.8066,0.051,-0.2446,0.0322,8.06,-33.81,25.44,34.6,-83.3,-168.26
52.408295,-1.536631,148.94,4.97,3,209.33,20 / 22,2026710,2019-09-06 19:53:52:453,-1.1485,-0.7584,9.6164,0.0029,0.0177,9.8066,0.0645,-0.2088,0.0077,8.13,-34,24.19,37.29,-83.25,-166.85
52.408295,-1.536631,148.94,4.97,3,209.33,20 / 22,2026810,2019-09-06 19:53:52:553,-1.4279,-0.5491,11.4276,-0.0363,-0.0623,9.8064,-0.055,-0.2473,0.0772,7.94,-33.37,24.75,37.04,-83.12,-166.12
52.408295,-1.536631,148.94,4.97,3,209.33,20 / 22,2026909,2019-09-06 19:53:52:652,-3.0546,-1.3158,10.9001,-0.0147,-0.0344,9.8066,0.2329,-0.2056,0.0015,8.5,-33.19,25,40.25,-82.82,-165.54
52.408295,-1.536631,148.94,4.97,3,209.33,20 / 22,2027010,2019-09-06 19:53:52:753,-2.7369,-0.9484,10.6612,-0.0152,-0.0312,9.8065,-0.3343,-0.167,-0.0117,8.94,-32.81,23.75,40.13,-82.41,-166.98
52.408295,-1.536631,148.94,4.97,3,209.33,20 / 22,2027109,2019-09-06 19:53:52:852,-3.4575,1.5634,8.8031,-0.0452,-0.0817,9.8062,-0.247,-0.4192,0.238,8.81,-33.19,24.31,39.67,-82.04,-167.72
52.408295,-1.536631,148.94,4.97,3,209.33,20 / 22,2027210,2019-09-06 19:53:52:953,-0.1572,0.0456,8.0302,0.0648,0.0968,9.8059,0.0288,-0.5171,0.0687,9.69,-33.31,22.56,44.76,-81.82,-166.64
52.408295,-1.536631,148.94,4.97,3,209.33,20 / 22,2027309,2019-09-06 19:53:53:052,-3.464,2.6052,8.8914,0.0381,0.0932,9.8061,-0.1706,-0.2759,-0.075,9.38,-33.75,22,45.82,-82.52,-164.39
52.408295,-1.536631,148.94,4.97,3,209.33,20 / 22,2027410,2019-09-06 19:53:53:153,0.5765,0.9691,10.4812,0.03,0.0359,9.8065,0.2757,-0.2731,0.0716,9.88,-34.75,21.75,47.2,-82.77,-165.19
52.408295,-1.536631,148.94,4.97,3,209.33,20 / 22,2027510,2019-09-06 19:53:53:253,-2.7774,1.4941,10.6243,0.0293,0.0401,9.8065,0.3078,-0.316,0.1223,10.63,-34.62,20.63,52.38,-82.86,-163.88
52.408295,-1.536631,148.94,4.97,3,209.33,20 / 22,2027610,2019-09-06 19:53:53:353,-2.1456,-0.6126,11.0602,0.0339,0.0703,9.8063,-0.3169,-0.3334,0.0831,10.25,-34.37,20.13,52.98,-83.33,-161.92
52.408295,-1.536631,148.94,4.97,3,209.33,20 / 22,2027709,2019-09-06 19:53:53:452,-1.2558,1.0335,9.3726,-0.0629,-0.0633,9.8062,-0.2099,-0.2938,0.1241,10.06,-34.81,19.38,57.32,-82.89,-160.46
52.408295,-1.536631,148.94,4.97,3,209.33,20 / 22,2027810,2019-09-06 19:53:53:553,-1.9886,3.1528,9.9936,-0.0646,-0.0456,9.8062,0.0298,-0.2778,-0.0316,10.63,-35,17.81,64.22,-82.86,-158.16
52.408295,-1.536631,148.94,4.97,3,209.33,20 / 22,2027910,2019-09-06 19:53:53:653,-1.4913,1.4904,9.3771,0.0269,-0.0051,9.8066,-0.082,-0.3297,0.0477,11,-35.5,17.69,63.68,-82.94,-158.52
52.408295,-1.536631,148.94,4.97,3,209.33,20 / 22,2028010,2019-09-06 19:53:53:753,-2.3796,1.05,10.0775,-0.0099,0.0028,9.8065,0.0939,-0.3067,0.1055,10.75,-34.75,16.75,65.34,-82.85,-159.09
52.408295,-1.536631,148.94,4.97,3,209.33,20 / 22,2028110,2019-09-06 19:53:53:853,-2.4172,0.8231,10.2992,-0.0075,0.0144,9.8066,0.0596,-0.3518,0.0841,10.38,-35.56,17.25,65.04,-82.66,-157.89
52.408295,-1.536631,148.94,4.97,3,209.33,20 / 22,2028209,2019-09-06 19:53:53:952,-2.8631,0.472,9.994,-0.0079,0.0127,9.8066,-0.1377,-0.2998,0.0301,10.63,-36,16.38,72.03,-82.53,-155.99
52.408295,-1.536631,148.94,4.97,3,209.33,20 / 22,2028310,2019-09-06 19:53:54:053,-1.0285,1.3078,10.0557,-0.0018,-0.0124,9.8066,-0.0825,-0.3282,0.0748,11.25,-35.56,15.75,71.59,-82.49,-156.47
52.408295,-1.536631,148.94,4.97,3,209.33,20 / 22,2028410,2019-09-06 19:53:54:153,0.3735,1.7817,10.4568,-0.0054,0.0427,9.8065,0.1632,-0.4038,0.1102,10.88,-35.62,15.25,76.15,-82.53,-154.49
52.408295,-1.536631,148.94,4.97,3,209.33,20 / 22,2028510,2019-09-06 19:53:54:253,-3.6614,3.3503,11.2645,0.001,0.0426,9.8065,0.4907,-0.3197,0.154,11.38,-34.81,14.94,78.82,-82.47,-151.65
52.408295,-1.536631,148.94,4.97,3,209.33,20 / 22,2028610,2019-09-06 19:53:54:353,-4.6087,0.6455,11.322,0.085,0.082,9.8059,-0.2578,-0.3499,0.0215,10.75,-35.12,12.88,86.81,-82.47,-149.2
52.408295,-1.536631,148.94,4.97,3,209.33,20 / 22,2028710,2019-09-06 19:53:54:453,-2.1169,1.4653,9.8442,-0.0842,-0.0414,9.8062,-0.1352,-0.3096,-0.0156,11.31,-35.5,12.63,87.16,-82.41,-148.96
52.408295,-1.536631,148.94,4.97,3,209.33,20 / 22,2028810,2019-09-06 19:53:54:553,-1.7601,3.8896,9.5268,-0.0281,-0.026,9.8066,0.0489,-0.1597,-0.0595,10.56,-36.5,12.25,90.15,-82.09,-150.25
52.408295,-1.536631,148.94,4.97,3,209.33,20 / 22,2028910,2019-09-06 19:53:54:653,-3.37,0.307,11.5722,0.0421,0.0187,9.8064,0.1763,-0.3042,0.1126,11.19,-36.75,11.94,92.1,-82.14,-148.67
52.408295,-1.536631,148.94,4.97,3,209.33,20 / 22,2029009,2019-09-06 19:53:54:752,-1.2117,2.5315,9.2569,0.0554,0.0236,9.8064,-0.0356,-0.0997,-0.0178,11.5,-36.44,11.44,96.52,-82,-148.88
52.408295,-1.536631,148.94,4.97,3,209.33,20 / 22,2029109,2019-09-06 19:53:54:852,-0.8548,1.1839,10.6018,-0.0223,-0.0079,9.8065,0.0671,-0.2846,0.166,10.56,-36.94,11.31,96.17,-81.68,-148.99
52.408295,-1.536631,148.94,4.97,3,209.33,20 / 22,2029209,2019-09-06 19:53:54:952,-1.2577,0.9322,9.6981,-0.0266,0.0028,9.8066,-0.135,-0.2492,0.0423,10.94,-36.69,10.75,97.29,-81.56,-148.13
52.408295,-1.536631,148.94,4.97,3,209.33,20 / 22,2029310,2019-09-06 19:53:55:053,0.8221,3.3062,9.407,0.032,0.0199,9.8065,-0.1996,-0.3723,0.0683,9.69,-37,9.81,101.06,-81.47,-146.47
52.408295,-1.536631,148.94,4.97,3,209.33,20 / 22,2029409,2019-09-06 19:53:55:152,1.9085,1.7516,9.1259,0.002,0.0019,9.8066,0.3174,-0.3253,0.0829,10.31,-36.62,9.44,105.8,-81.55,-145.18
52.408295,-1.536631,148.94,4.97,3,209.33,20 / 22,2029509,2019-09-06 19:53:55:252,-0.8378,3.5767,9.8874,0.0039,-0.0043,9.8066,0.1502,-0.3376,0.0877,10.19,-37,9.13,105.91,-81.51,-145.18
52.408295,-1.536631,148.94,4.97,3,209.33,20 / 22,2029609,2019-09-06 19:53:55:352,1.0118,0.7196,9.9467,-0.0521,-0.0302,9.8064,0.1237,-0.2691,0.0812,10.81,-36.37,9.63,101.94,-81.34,-146.79
52.408295,-1.536631,148.94,4.97,3,209.33,20 / 22,2029710,2019-09-06 19:53:55:453,1.0731,1.8443,9.6662,0.0066,0.0292,9.8066,0.0552,-0.136,-0.1024,10.31,-37.44,9.19,103.47,-81.33,-148.45
52.408295,-1.536631,148.94,4.97,3,209.33,20 / 22,2029810,2019-09-06 19:53:55:553,-0.287,1.9266,9.7975,-0.0052,-0.0118,9.8065,0.099,-0.1953,-0.0473,10.19,-36.69,9.81,99.9,-81.02,-149.01
52.408295,-1.536631,148.94,4.97,3,209.33,20 / 22,2029909,2019-09-06 19:53:55:652,-1.5209,0.7588,10.3863,-0.0043,-0.0114,9.8066,0.105,-0.1494,0.0855,10.13,-36.62,9.19,102.01,-81.07,-150.86
52.408295,-1.536631,148.94,4.97,3,209.33,20 / 22,2030010,2019-09-06 19:53:55:753,-1.0984,0.2739,10.3601,0.0044,-0.0009,9.8066,-0.1126,-0.1056,-0.0153,10.25,-36.87,8.94,102.04,-81.08,-150.79
52.408295,-1.536631,148.94,4.97,3,209.33,20 / 22,2030110,2019-09-06 19:53:55:853,-0.9942,0.7537,9.9823,-0.0036,-0.0059,9.8066,-0.0009,-0.1507,0.1018,10.13,-36.62,8.13,105.5,-81.15,-151.33
52.408295,-1.536631,148.94,4.97,3,209.33,20 / 22,2030210,2019-09-06 19:53:55:953,-1.2222,0.28,9.7956,-0.0229,-0.0014,9.8066,-0.0715,-0.0739,-0.013,10.38,-36.62,7.75,105.97,-80.97,-151.36
52.408295,-1.536631,148.94,4.97,3,209.33,20 / 22,2030310,2019-09-06 19:53:56:053,-1.0239,0.7594,9.8121,-0.0244,-0.0131,9.8065,-0.0897,-0.1037,-0.0069,10.5,-36.75,8.13,106.69,-80.88,-151.78
52.408295,-1.536631,148.94,4.97,3,209.33,20 / 22,2030410,2019-09-06 19:53:56:153,-1.3719,0.7787,10.4716,-0.0126,0.0066,9.8066,-0.0383,-0.0329,-0.029,9.81,-36.87,8.25,105.37,-80.76,-152.7
52.408295,-1.536631,148.94,4.97,3,209.33,20 / 22,2030510,2019-09-06 19:53:56:253,-0.2389,0.134,10.3744,-0.0297,-0.0094,9.8066,-0.0773,-0.1219,0.0372,10.06,-36.87,7.94,105.38,-80.69,-152.92
52.408295,-1.536631,148.94,4.97,3,209.33,20 / 22,2030610,2019-09-06 19:53:56:353,0.4433,0.5151,9.7996,-0.0205,-0.0128,9.8066,0.0662,-0.032,-0.0249,9.94,-37.69,7.75,105.93,-80.68,-153.09
52.408295,-1.536631,148.94,4.97,3,209.33,20 / 22,2030710,2019-09-06 19:53:56:453,-1.4598,-0.9664,9.4212,-0.0122,-0.0053,9.8066,0.0681,-0.0268,0.0034,10.31,-37.31,7.81,103.98,-80.72,-154.44
52.408295,-1.536631,148.94,4.97,3,209.33,20 / 22,2030810,2019-09-06 19:53:56:553,-0.8315,-0.0259,10.1706,-0.0074,0.0068,9.8066,-0.168,-0.0378,0.0156,10.25,-36.94,7.63,104.24,-80.74,-154.05
52.408295,-1.536631,148.94,4.97,3,209.33,20 / 22,2030910,2019-09-06 19:53:56:653,-1.1033,-0.0009,10.4103,-0.0054,0.0031,9.8066,-0.0075,-0.0643,0.0481,9.81,-35.87,7.19,108.16,-80.79,-153.6
52.408295,-1.536631,148.94,4.97,3,209.33,20 / 22,2031009,2019-09-06 19:53:56:752,-0.9051,0.6176,10.3337,0.0087,-0.0028,9.8066,0.0411,-0.0063,-0.0297,9.88,-36.69,6.75,109,-80.75,-153.56
52.408295,-1.536631,148.94,4.97,3,209.33,20 / 22,2031109,2019-09-06 19:53:56:852,-0.8265,-0.6189,9.7035,-0.0309,-0.002,9.8065,0.0082,-0.0269,-0.0393,9.94,-37.31,6.94,108.87,-80.36,-154.99
52.408295,-1.536631,148.94,4.97,3,209.33,20 / 22,2031210,2019-09-06 19:53:56:953,-1.0957,-0.604,9.6128,-0.0126,0.0006,9.8066,-0.0212,-0.0896,0.0439,9.94,-37.19,6.81,108.98,-80.28,-155.11
52.408295,-1.536631,148.94,4.97,3,209.33,20 / 22,2031310,2019-09-06 19:53:57:053,-0.4587,-0.3145,9.8272,0.0058,-0.0121,9.8066,-0.1232,-0.0311,-0.0244,10.06,-36.75,6.75,109.02,-80.38,-154.76
52.408295,-1.536631,148.94,4.97,3,209.33,20 / 22,2031410,2019-09-06 19:53:57:153,1.2467,0.142,9.7815,-0.0075,-0.0078,9.8066,0.0697,-0.0498,-0.0246,10.13,-36.87,6.44,112.11,-80.67,-155.47
52.408295,-1.536631,148.94,4.97,3,209.33,20 / 22,2031510,2019-09-06 19:53:57:253,0.7304,1.6719,11.0906,0.0135,-0.0253,9.8066,0.1937,0.1094,-0.098,10.25,-36.69,6.88,106.15,-80.91,-156.38
52.408295,-1.536631,148.94,4.97,3,209.33,20 / 22,2031610,2019-09-06 19:53:57:353,-0.965,-1.5578,8.3887,-0.0441,-0.0062,9.8065,-0.1932,0.0083,-0.1426,11.31,-37.06,7.25,104.78,-80.94,-158.48
52.408295,-1.536631,148.94,4.97,3,209.33,20 / 22,2031709,2019-09-06 19:53:57:452,-1.6577,0.9609,9.1741,-0.0283,-0.011,9.8066,-0.1171,-0.0937,0.1022,10.38,-36.62,6.88,104.05,-80.72,-159.46
52.408295,-1.536631,148.94,4.97,3,209.33,20 / 22,2031809,2019-09-06 19:53:57:552,0.5068,-2.2373,9.4985,-0.0309,-0.0017,9.8065,-0.0362,-0.0577,0.1117,10.94,-36.81,6.63,104.61,-80.78,-159.19
52.408295,-1.536631,148.94,4.97,3,209.33,20 / 22,2031909,2019-09-06 19:53:57:652,0.5812,-0.4432,10.2112,0.0331,0.005,9.8065,-0.0728,0.0104,0.0529,10.31,-37.56,6.13,108.51,-81.09,-159.26
52.408295,-1.536631,148.94,4.97,3,209.33,20 / 22,2032009,2019-09-06 19:53:57:752,0.3829,-0.0185,9.7235,0.0005,0.0127,9.8066,0.1034,-0.0229,-0.0133,10.5,-36.75,6.69,104.5,-81.16,-158.13
52.408295,-1.536631,148.94,4.97,3,209.33,20 / 22,2032110,2019-09-06 19:53:57:853,-0.0181,0.3987,10.0389,-0.0019,0.0061,9.8065,0.1104,-0.1032,0.0478,10.63,-36.5,6.06,109.1,-80.91,-157.77
52.408295,-1.536631,148.94,4.97,3,209.33,20 / 22,2032210,2019-09-06 19:53:57:953,-0.0457,-0.3384,9.8314,0.0056,0.0025,9.8066,-0.0592,-0.0146,-0.0218,11.19,-37,6.25,110.06,-80.75,-157.9
52.408295,-1.536631,148.94,4.97,3,209.33,20 / 22,2032310,2019-09-06 19:53:58:053,-0.4595,1.9766,11.66,-0.0047,0.017,9.8066,0.2808,-0.079,0.0766,10.56,-37.37,6,110.41,-80.82,-157.26
52.408295,-1.536631,148.94,4.97,3,209.33,20 / 22,2032410,2019-09-06 19:53:58:153,-0.8276,1.6985,11.1458,0.0725,-0.0115,9.8063,-0.2713,0.0994,-0.1189,10.94,-38.19,6.56,106.54,-81.02,-156.96
52.408295,-1.536631,148.94,4.97,3,209.33,20 / 22,2032509,2019-09-06 19:53:58:252,-0.391,-0.4864,9.4387,-0.0684,-0.0424,9.8063,-0.0811,-0.0053,0.1049,10.81,-38.06,6.63,105.64,-81,-158.06
52.408295,-1.536631,148.94,4.97,3,209.33,20 / 22,2032610,2019-09-06 19:53:58:353,-0.2209,0.6734,10.1757,-0.0583,0.012,9.8064,-0.1116,0.0153,-0.015,11.13,-37.31,7.13,104.34,-80.65,-159.91
52.408295,-1.536631,148.94,4.97,3,209.33,20 / 22,2032709,2019-09-06 19:53:58:452,-0.6392,-0.8735,10.2799,-0.0504,0.0122,9.8065,-0.1831,-0.0997,-0.0024,10.88,-36.87,6.69,105.97,-80.34,-158.97
52.408295,-1.536631,148.94,4.97,3,209.33,20 / 22,2032810,2019-09-06 19:53:58:553,0.0911,-0.0669,8.7679,0.0346,-0.0069,9.8066,-0.0218,-0.0756,-0.0303,10.94,-37,6.81,105.97,-80.44,-158.68
52.408295,-1.536631,148.94,4.97,3,209.33,20 / 22,2032910,2019-09-06 19:53:58:653,-0.642,0.0151,9.779,0.0204,0.0086,9.8066,0.0548,-0.1057,0.0456,10.88,-37.06,6.38,109.89,-80.69,-158.31
52.408295,-1.536631,148.94,4.97,3,209.33,20 / 22,2033010,2019-09-06 19:53:58:753,0.2382,0.7132,9.8412,0.0026,0.0211,9.8066,-0.0444,0.0027,0.0057,10.88,-36.69,6.19,111.35,-80.5,-157.12
52.408295,-1.536631,148.94,4.97,3,209.33,20 / 22,2033109,2019-09-06 19:53:58:852,-0.0627,0.7968,9.9144,0.0371,-0.0154,9.8065,0.0296,-0.0842,0.0143,10.69,-37.25,5.44,115.94,-80.49,-156.7
52.408295,-1.536631,148.94,4.97,3,209.33,20 / 22,2033210,2019-09-06 19:53:58:953,0.0162,-0.0151,10.367,-0.0411,-0.0028,9.8065,-0.0287,-0.0835,-0.0256,10.44,-36.44,6.69,105.27,-80.7,-157.27
52.408295,-1.536631,148.94,4.97,3,209.33,20 / 22,2033310,2019-09-06 19:53:59:053,-0.6433,0.4636,10.168,-0.0064,-0.0067,9.8066,0.0472,-0.0859,-0.0059,10.31,-37.06,6.19,110.4,-80.55,-158
52.40819,-1.537511,150.99,9.28,4,284.59,19 / 21,2033409,2019-09-06 19:53:59:152,-1.9515,0.2169,10.1464,-0.0014,-0.0199,9.8065,-0.0303,0.0729,-0.1087,10.19,-36.25,6.31,108.5,-80.51,-159.55
52.40819,-1.537511,150.99,9.28,4,284.59,19 / 21,2033509,2019-09-06 19:53:59:252,-0.3583,-1.4114,9.3332,-0.0203,-0.0088,9.8065,-0.2392,0.119,-0.0879,10.19,-36.87,5.88,108.34,-80.44,-160.89
52.40819,-1.537511,150.99,9.28,4,284.59,19 / 21,2033610,2019-09-06 19:53:59:353,0.6685,1.1333,9.3883,0.0268,-0.0116,9.8065,0.0648,-0.0086,-0.0303,10.75,-36.62,6.5,103.75,-80.46,-161.16
52.40819,-1.537511,150.99,9.28,4,284.59,19 / 21,2033710,2019-09-06 19:53:59:453,-0.2316,-2.2157,9.8887,0.002,-0.0149,9.8066,0.0518,0.0866,-0.1322,10.88,-36.37,6.13,105.53,-80.62,-162.83
52.40819,-1.537511,150.99,9.28,4,284.59,19 / 21,2033810,2019-09-06 19:53:59:553,0.7985,-0.1204,10.1294,0.0191,-0.0171,9.8066,0.147,-0.0419,-0.0287,11.25,-36.06,6.38,104.41,-80.74,-163.76
52.40819,-1.537511,150.99,9.28,4,284.59,19 / 21,2033910,2019-09-06 19:53:59:653,-0.5624,1.0435,10.0559,0.025,-0.0203,9.8065,0.1062,-0.0348,-0.0944,11.38,-36,5.63,102.88,-80.83,-165.22
52.40819,-1.537511,150.99,9.28,4,284.59,19 / 21,2034009,2019-09-06 19:53:59:752,-1.402,-0.0503,10.7092,-0.026,-0.0102,9.8065,-0.0776,-0.0316,-0.0508,11.44,-35.19,6.44,101.23,-80.81,-166.31
52.40819,-1.537511,150.99,9.28,4,284.59,19 / 21,2034110,2019-09-06 19:53:59:853,0.8362,1.1394,10.0942,-0.0121,-0.0224,9.8066,-0.0639,-0.0407,0.0221,10.94,-36,5.63,100.63,-80.91,-167.46
52.40819,-1.537511,150.99,9.28,4,284.59,19 / 21,2034210,2019-09-06 19:53:59:953,-0.4445,-1.2863,9.4357,-0.0025,-0.018,9.8066,0.0878,0.0147,-0.0405,11.31,-35.81,5.63,99.55,-80.91,-168.68
52.40819,-1.537511,150.99,9.28,4,284.59,19 / 21,2034310,2019-09-06 19:54:00:053,-0.8585,0.4451,9.4318,0.0329,-0.019,9.8065,0.1075,-0.0642,0.0081,11.06,-35.12,5.31,103.24,-80.72,-169.56
52.40819,-1.537511,150.99,9.28,4,284.59,19 / 21,2034409,2019-09-06 19:54:00:152,-1.386,-0.4,9.5852,-0.0123,-0.0091,9.8065,-0.0383,-0.0153,-0.1083,11.38,-35.25,5.44,101.73,-80.91,-170.65
52.40819,-1.537511,150.99,9.28,4,284.59,19 / 21,2034509,2019-09-06 19:54:00:252,-0.1059,-0.3414,10.0651,0.0007,-0.005,9.8066,-0.0083,-0.0795,0.0563,11.25,-35.5,5.5,96.06,-80.94,-171.55
52.40819,-1.537511,150.99,9.28,4,284.59,19 / 21,2034610,2019-09-06 19:54:00:353,0.2422,-0.1356,9.3615,-0.0047,-0.001,9.8066,-0.0007,-0.0285,-0.0783,11.81,-35.81,4.69,101.25,-80.93,-171.68
52.40819,-1.537511,150.99,9.28,4,284.59,19 / 21,2034710,2019-09-06 19:54:00:453,-0.7999,0.1255,9.8929,0.023,-0.0136,9.8065,0.0673,-0.0271,0.0158,11.69,-35,4.88,99.13,-81.08,-172.78
52.40819,-1.537511,150.99,9.28,4,284.59,19 / 21,2034811,2019-09-06 19:54:00:554,-0.1911,-0.4372,10.4299,0.0426,0.0024,9.8065,-0.1351,-0.0081,-0.043,11.56,-35.62,4.94,99.4,-81.17,-172.97
52.40819,-1.537511,150.99,9.28,4,284.59,19 / 21,2034910,2019-09-06 19:54:00:653,1.1065,-0.5418,9.663,-0.0431,0.0004,9.8065,-0.0593,0.0201,-0.0118,11.69,-35.31,4.69,98.75,-81.2,-172.86
52.40819,-1.537511,150.99,9.28,4,284.59,19 / 21,2035010,2019-09-06 19:54:00:753,-0.3706,-1.2013,9.1604,0.0217,-0.003,9.8066,0.081,-0.0516,0.0373,11.56,-35.19,4.19,103.7,-80.89,-173.23
52.40819,-1.537511,150.99,9.28,4,284.59,19 / 21,2035109,2019-09-06 19:54:00:852,-0.4957,-0.4075,9.3998,0.0259,-0.0008,9.8065,0.0598,0.0823,-0.0132,11.56,-35.69,4.94,100.05,-80.96,-172.91
52.40819,-1.537511,150.99,9.28,4,284.59,19 / 21,2035210,2019-09-06 19:54:00:953,-1.0962,-1.643,9.3598,0.0324,-0.0008,9.8065,-0.1192,-0.0011,-0.0236,11.88,-35.69,4.56,99.87,-81.05,-172.84
52.40819,-1.537511,150.99,9.28,4,284.59,19 / 21,2035310,2019-09-06 19:54:01:053,0.4826,-0.1637,9.7469,0.0076,0.0022,9.8066,-0.0651,0.0112,-0.0327,12.06,-35.75,4.38,104.72,-81.28,-171.63
52.40819,-1.537511,150.99,9.28,4,284.59,20 / 22,2035409,2019-09-06 19:54:01:152,-0.0522,-0.2082,9.8009,0.0054,-0.0043,9.8066,0.0358,-0.0483,0.0037,11.5,-35.75,4.75,99.68,-81.38,-172.01
52.40819,-1.537511,150.99,9.28,4,284.59,20 / 22,2035510,2019-09-06 19:54:01:253,-0.1023,-1.5764,10.1244,0.0005,0.0016,9.8066,0.0783,0.0728,-0.0357,12,-35.69,3.88,104.59,-81.32,-171.66
52.40819,-1.537511,150.99,9.28,4,284.59,20 / 22,2035610,2019-09-06 19:54:01:353,-0.1379,-1.3187,10.2608,0.0231,0.0075,9.8066,-0.1598,0.0399,0.0307,11.75,-35.44,4.44,103.88,-81.39,-171.51
52.40819,-1.537511,150.99,9.28,4,284.59,20 / 22,2035710,2019-09-06 19:54:01:453,-2.5627,0.0789,11.1771,-0.1104,0.0157,9.806,-0.3476,-0.0033,-0.0139,10.94,-35.87,4.25,106.69,-81.09,-170.61
52.40819,-1.537511,150.99,9.28,4,284.59,20 / 22,2035810,2019-09-06 19:54:01:553,0.7003,0.0468,8.734,-0.1391,-0.0159,9.8056,0.0884,0.055,0.0526,10.94,-35.81,4.13,106.24,-81.15,-170.94
52.40819,-1.537511,150.99,9.28,4,284.59,20 / 22,2035909,2019-09-06 19:54:01:652,-0.9894,1.5381,9.9932,0.0498,0.0195,9.8064,0.0281,-0.0946,0.1655,10.44,-35.19,4.88,100.43,-81.72,-169.51
52.40819,-1.537511,150.99,9.28,4,284.59,20 / 22,2036010,2019-09-06 19:54:01:753,-0.6821,-0.1036,10.3843,0.0526,0.0215,9.8064,-0.0013,-0.0199,-0.094,10.94,-34.5,5.5,96.71,-81.63,-167.95
52.40819,-1.537511,150.99,9.28,4,284.59,20 / 22,2036110,2019-09-06 19:54:01:853,-0.3377,-0.9545,10.2349,-0.0013,0.0077,9.8066,0.081,0.0396,-0.0274,11.38,-33.12,6.06,96.03,-81.56,-168.16
52.40819,-1.537511,150.99,9.28,4,284.59,20 / 22,2036209,2019-09-06 19:54:01:952,1.35,-0.4987,10.3518,0.0044,0,9.8066,0.0735,-0.01,0.1187,11.81,-32.94,4.63,101.1,-81.59,-167.76
52.40819,-1.537511,150.99,9.28,4,284.59,20 / 22,2036309,2019-09-06 19:54:02:052,0.164,-0.7821,9.5929,-0.003,0.0165,9.8066,0.0667,-0.1555,0.0455,11.44,-33.5,3.94,107.2,-81.47,-166.44
52.40819,-1.537511,150.99,9.28,4,284.59,20 / 22,2036410,2019-09-06 19:54:02:153,-0.4493,-1.6301,10.3896,0.0443,-0.0072,9.8064,0.0508,-0.0223,-0.0703,11.06,-34.12,3.81,108.45,-81.18,-166.65
52.40819,-1.537511,150.99,9.28,4,284.59,20 / 22,2036510,2019-09-06 19:54:02:253,-0.4877,-1.5726,9.2766,0.0309,0.0048,9.8065,0.08,0.0872,0.0232,10.94,-34.19,4,108.9,-81.27,-165.83
52.40819,-1.537511,150.99,9.28,4,284.59,20 / 22,2036610,2019-09-06 19:54:02:353,0.2959,-0.2554,10.0268,-0.0107,-0.0103,9.8066,0.0806,-0.0246,0.0409,9.44,-33.56,4.56,104.75,-81.11,-165.96
52.40819,-1.537511,150.99,9.28,4,284.59,20 / 22,2036710,2019-09-06 19:54:02:453,-0.6279,-0.9327,9.5824,-0.0065,-0.0023,9.8066,-0.0339,0.0688,-0.0843,10.63,-33.5,5.13,104.15,-81.03,-165.91
52.40819,-1.537511,150.99,9.28,4,284.59,20 / 22,2036810,2019-09-06 19:54:02:553,-1.0503,-1.161,9.9474,0.0272,0.0082,9.8066,0.0862,-0.0463,0.0111,10.31,-32.75,5.75,99.68,-80.95,-165.61
52.40819,-1.537511,150.99,9.28,4,284.59,20 / 22,2036909,2019-09-06 19:54:02:652,-0.2314,-0.0506,9.5095,0.0092,0.0134,9.8066,0.0294,-0.0205,0.0521,10.69,-33,5.75,101.07,-80.85,-164.76
52.40819,-1.537511,150.99,9.28,4,284.59,20 / 22,2037009,2019-09-06 19:54:02:752,-0.6861,-1.1981,9.9075,-0.0134,0.0085,9.8065,0.0263,-0.057,0.1027,11.56,-32.44,5.88,101.58,-80.74,-164.09
52.40819,-1.537511,150.99,9.28,4,284.59,20 / 22,2037110,2019-09-06 19:54:02:853,-0.8712,-1.7368,9.8495,-0.0221,-0.007,9.8065,0.118,0.1161,-0.0616,12.38,-32.69,5.31,106.57,-80.66,-164.17
52.40819,-1.537511,150.99,9.28,4,284.59,20 / 22,2037210,2019-09-06 19:54:02:953,-0.4769,-0.0938,10.1188,0.0082,0.0002,9.8066,-0.1172,-0.0146,-0.0376,11.69,-32.81,4.06,111.19,-80.66,-163.64
52.40819,-1.537511,150.99,9.28,4,284.59,20 / 22,2037309,2019-09-06 19:54:03:052,-0.8368,0.7469,9.9905,0.031,-0.0017,9.8065,-0.1131,-0.0476,-0.0249,11.06,-34.06,5.06,107.12,-80.88,-163.77
52.40819,-1.537511,150.99,9.28,4,284.59,20 / 22,2037410,2019-09-06 19:54:03:153,0.4473,-0.3313,9.4962,-0.0215,-0.0061,9.8066,0.0403,0.0745,0.0098,10.81,-34.25,5.56,102.21,-80.86,-164.28
52.40819,-1.537511,150.99,9.28,4,284.59,20 / 22,2037509,2019-09-06 19:54:03:252,-0.0929,0.9733,10.1192,-0.0312,0.0028,9.8066,0.0389,-0.0474,0.0156,11.38,-34.44,5.31,106.92,-80.85,-164.1
52.40819,-1.537511,150.99,9.28,4,284.59,20 / 22,2037609,2019-09-06 19:54:03:352,-1.1821,-1.2666,9.377,0.0368,0.0041,9.8065,-0.008,-0.1059,0.0769,11.81,-34.06,5.19,106.15,-80.9,-164.75
52.40819,-1.537511,150.99,9.28,4,284.59,20 / 22,2037710,2019-09-06 19:54:03:453,1.0822,-0.6639,9.9689,0.0117,0.0004,9.8066,0.0506,-0.0253,-0.0026,11.69,-34.19,4.38,110.76,-81.02,-163.92
52.40819,-1.537511,150.99,9.28,4,284.59,20 / 22,2037810,2019-09-06 19:54:03:553,0.8071,-0.2941,9.4023,0.0056,0.0044,9.8066,-0.0228,-0.0555,0.0356,12.88,-34.62,4.38,110.56,-81.14,-164.13
52.40819,-1.537511,150.99,9.28,4,284.59,20 / 22,2037910,2019-09-06 19:54:03:653,1.9623,-0.2423,9.6189,-0.0041,0.0053,9.8066,-0.1651,-0.0909,-0.0104,12.31,-34.75,3.63,111.54,-81.07,-163.6
52.40819,-1.537511,150.99,9.28,4,284.59,20 / 22,2038010,2019-09-06 19:54:03:753,0.7944,-0.4362,9.2439,0.015,-0.0015,9.8066,0.0948,-0.0979,0.0006,11.38,-35,4.25,111.58,-81.29,-163.36
52.40819,-1.537511,150.99,9.28,4,284.59,20 / 22,2038110,2019-09-06 19:54:03:853,-0.7948,-0.5077,10.6674,0.0138,-0.0107,9.8066,0.1678,0.0044,-0.0224,11.38,-34.94,4.81,106.42,-81.4,-163.78
52.40819,-1.537511,150.99,9.28,4,284.59,20 / 22,2038210,2019-09-06 19:54:03:953,-0.7913,0.2904,9.8509,0.0147,-0.0192,9.8065,-0.1341,0.0165,-0.0313,11.69,-34.87,4.69,106.53,-81.29,-163.92
52.40819,-1.537511,150.99,9.28,4,284.59,20 / 22,2038310,2019-09-06 19:54:04:053,-1.1839,0.1318,9.2135,0.0087,-0.0151,9.8066,-0.164,0.0227,-0.0077,12.19,-34.81,4.25,108.71,-81.45,-165.83
52.40819,-1.537511,150.99,9.28,4,284.59,20 / 22,2038410,2019-09-06 19:54:04:153,2.2582,-0.3781,9.6993,-0.0154,-0.0205,9.8065,0.1562,-0.0297,-0.0598,12.44,-34.56,3.69,107.08,-81.39,-167.89
52.40819,-1.537511,150.99,9.28,4,284.59,20 / 22,2038510,2019-09-06 19:54:04:253,1.1589,0.3193,10.0869,-0.0332,-0.0041,9.8065,0.1073,-0.0125,-0.0461,12.19,-34.44,3.19,109.91,-81.44,-168.71
52.40819,-1.537511,150.99,9.28,4,284.59,20 / 22,2038610,2019-09-06 19:54:04:353,1.2208,-0.152,10.1453,0.0348,-0.0103,9.8065,-0.0409,0.0351,0.009,11.88,-33.69,4,104.61,-81.59,-169.4
52.40819,-1.537511,150.99,9.28,4,284.59,20 / 22,2038709,2019-09-06 19:54:04:452,0.6158,0.6181,9.9603,0.0338,0.0062,9.8065,-0.0439,-0.064,0.072,11.5,-33.44,4.06,103.59,-81.78,-169.32
52.40819,-1.537511,150.99,9.28,4,284.59,20 / 22,2038810,2019-09-06 19:54:04:553,1.1239,-0.2133,9.7611,-0.0081,0.0069,9.8066,-0.028,0.0238,0.0108,11.81,-34,3.56,104.6,-81.71,-169.06
52.40819,-1.537511,150.99,9.28,4,284.59,20 / 22,2038910,2019-09-06 19:54:04:653,1.5986,-2.2261,9.9747,-0.0133,0.0308,9.8065,-0.0248,0.0688,-0.0108,11.88,-35,3.44,111.07,-81.67,-167.39
52.40819,-1.537511,150.99,9.28,4,284.59,20 / 22,2039009,2019-09-06 19:54:04:752,1.2838,-2.8072,8.3664,-0.0841,0.0359,9.8062,-0.1825,-0.1347,0.0244,10.94,-34.94,3.31,112.89,-81.82,-165.59
52.40819,-1.537511,150.99,9.28,4,284.59,20 / 22,2039110,2019-09-06 19:54:04:853,2.15,1.1345,8.7867,-0.1254,0.0128,9.8058,-0.1222,0.0836,0.0498,10.31,-33.94,3.88,109.2,-81.2,-166.24
52.40819,-1.537511,150.99,9.28,4,284.59,20 / 22,2039209,2019-09-06 19:54:04:952,-0.5913,2.1112,11.5478,0.0532,0.0011,9.8065,-0.0964,0.1777,-0.1218,9.94,-33.5,4.5,104.9,-81.46,-163.71
52.40819,-1.537511,150.99,9.28,4,284.59,20 / 22,2039309,2019-09-06 19:54:05:052,-3.0884,0.1487,9.8093,0.1466,0.0244,9.8055,0.3528,-0.0123,0.0227,10.25,-33,4.38,110.99,-81.94,-160.87
52.40819,-1.537511,150.99,9.28,4,284.59,20 / 22,2039409,2019-09-06 19:54:05:152,-0.1481,-0.0876,10.4986,-0.163,-0.0154,9.8052,0.4422,0.0159,-0.0748,11.31,-33.69,3.75,110.6,-81.42,-163.4
52.40819,-1.537511,150.99,9.28,4,284.59,20 / 22,2039509,2019-09-06 19:54:05:252,1.561,-0.7564,8.9129,-0.0933,-0.0082,9.8062,-0.3147,0.0075,0.0282,11.06,-34.56,3.5,110.75,-81.73,-163.02
52.40819,-1.537511,150.99,9.28,4,284.59,20 / 22,2039610,2019-09-06 19:54:05:353,1.5588,0.4545,9.0471,0.0399,0.0046,9.8065,0.2237,0.005,0.0408,10.94,-34.37,3.25,113.53,-81.71,-164.44
52.40819,-1.537511,150.99,9.28,4,284.59,20 / 22,2039709,2019-09-06 19:54:05:452,0.9839,-1.0363,9.8723,0.0131,0.0089,9.8066,0.0469,0.0294,-0.049,10.75,-34.5,3.06,114.12,-81.66,-163.86
52.40819,-1.537511,150.99,9.28,4,284.59,20 / 22,2039809,2019-09-06 19:54:05:552,0.3365,0.0406,10.0929,0.0391,0.0096,9.8065,-0.0396,-0.0088,0.0577,10.63,-35.06,3.88,110.28,-81.92,-163
52.40819,-1.537511,150.99,9.28,4,284.59,20 / 22,2039910,2019-09-06 19:54:05:653,0.4201,0.5388,10.5102,-0.0351,0.0151,9.8065,0.0416,0.0122,0.0182,10.19,-34.75,3.44,116.12,-82.09,-161.65
52.40819,-1.537511,150.99,9.28,4,284.59,20 / 22,2040010,2019-09-06 19:54:05:753,2.3352,0.1646,10.6002,-0.023,0.0001,9.8066,0.066,-0.0277,-0.0361,10.56,-35.31,3.19,116.03,-82.02,-161.2
52.40819,-1.537511,150.99,9.28,4,284.59,20 / 22,2040110,2019-09-06 19:54:05:853,0.8531,1.3762,10.7213,-0.0572,-0.01,9.8065,0.3358,-0.1374,-0.0026,10.81,-35.62,3.19,115.94,-82.05,-161.89
52.40819,-1.537511,150.99,9.28,4,284.59,20 / 22,2040210,2019-09-06 19:54:05:953,0.6994,-3.1832,9.1305,-0.0643,-0.0065,9.8064,-0.1488,-0.0837,0.1241,11.31,-35.31,3.31,113.32,-82.06,-164.35
52.40819,-1.537511,150.99,9.28,4,284.59,20 / 22,2040310,2019-09-06 19:54:06:053,1.9107,-0.2481,10.251,-0.0618,0.0024,9.8064,-0.177,0.1021,-0.0543,11.38,-35.25,3.38,113.46,-81.58,-165.65
52.40819,-1.537511,150.99,9.28,4,284.59,20 / 22,2040409,2019-09-06 19:54:06:152,1.5546,0.2196,9.3278,0.0372,-0.0119,9.8065,0.0557,0.065,-0.0739,11.44,-35.31,2.38,116.69,-82.02,-165.81
52.40819,-1.537511,150.99,9.28,4,284.59,20 / 22,2040510,2019-09-06 19:54:06:253,3.4329,0.0659,9.7026,0.0185,0.0168,9.8066,0.0794,-0.0179,0.0906,11.13,-35.44,2.69,113.3,-81.95,-164.7
52.40819,-1.537511,150.99,9.28,4,284.59,20 / 22,2040610,2019-09-06 19:54:06:353,0.8451,-0.6464,9.8032,0.0188,0.0013,9.8066,0.0841,0.0337,0.0149,10.5,-35.25,2.25,118.65,-81.96,-163.58
52.40819,-1.537511,150.99,9.28,4,284.59,20 / 22,2040710,2019-09-06 19:54:06:453,2.6014,-0.7556,10.0764,0.0179,0.0075,9.8066,-0.0789,-0.0727,0.0515,9.56,-34.25,1.63,119.88,-82.08,-162.23
52.40819,-1.537511,150.99,9.28,4,284.59,20 / 22,2040810,2019-09-06 19:54:06:553,2.1514,-2.4342,9.7056,-0.0059,0.0072,9.8066,-0.0824,0.0627,-0.1318,8.38,-34.37,1.06,128.55,-81.99,-161.57
52.40819,-1.537511,150.99,9.28,4,284.59,20 / 22,2040909,2019-09-06 19:54:06:652,2.6268,-0.5226,9.8017,-0.0027,-0.0159,9.8066,-0.0018,-0.0356,0.0886,7.31,-35.31,2.94,118.16,-82.12,-162.47
52.40819,-1.537511,150.99,9.28,4,284.59,20 / 22,2041010,2019-09-06 19:54:06:753,2.337,-1.3318,9.9238,-0.0066,-0.0047,9.8066,-0.1004,0.0818,-0.0774,8.19,-35.75,4.25,112.04,-82.12,-162.24
52.40819,-1.537511,150.99,9.28,4,284.59,20 / 22,2041110,2019-09-06 19:54:06:853,1.9013,-0.8515,9.7821,-0.0106,-0.0051,9.8066,0.02,-0.0089,0.0112,9.44,-35.5,4.13,110.07,-82.26,-162.76
52.40819,-1.537511,150.99,9.28,4,284.59,20 / 22,2041209,2019-09-06 19:54:06:952,2.6593,0.1181,9.9417,0.0063,-0.0052,9.8066,0.0333,-0.0181,0.0142,9.69,-36.25,4,110.55,-82.28,-162.55
52.40819,-1.537511,150.99,9.28,4,284.59,20 / 22,2041310,2019-09-06 19:54:07:053,2.3207,-0.4447,9.987,0.0087,0.0069,9.8065,-0.0265,0.0055,-0.0326,9.94,-35.69,4.19,110.46,-82.39,-162.29
52.40819,-1.537511,150.99,9.28,4,284.59,20 / 22,2041409,2019-09-06 19:54:07:152,2.611,-0.9444,10.2666,0.0052,-0.0044,9.8066,-0.0027,0.0116,-0.0001,10.19,-36.75,4,110.57,-82.51,-162.46
52.40819,-1.537511,150.99,9.28,4,284.59,20 / 22,2041509,2019-09-06 19:54:07:252,2.1551,-0.7448,9.5092,-0.0101,-0.0099,9.8066,-0.0458,0.0008,-0.0121,10.38,-35.87,2.94,114.17,-82.57,-163.14
52.40819,-1.537511,150.99,9.28,4,284.59,20 / 22,2041610,2019-09-06 19:54:07:353,2.5058,0.0341,9.3258,-0.0039,-0.0061,9.8066,-0.023,-0.0104,-0.0267,10.38,-36.87,3.88,108.79,-82.67,-163.96
52.40819,-1.537511,150.99,9.28,4,284.59,20 / 22,2041709,2019-09-06 19:54:07:452,2.7307,-0.8666,9.0005,0.0009,-0.0174,9.8066,0.0749,0.0394,0.0103,10.13,-36.87,3.38,112.63,-82.74,-165.12
52.40819,-1.537511,150.99,9.28,4,284.59,20 / 22,2041810,2019-09-06 19:54:07:553,2.5083,-0.0913,9.9841,0.0236,0.0009,9.8066,0.0791,0.0104,-0.0488,10.25,-36.37,3.75,105.96,-82.93,-165.59
52.40819,-1.537511,150.99,9.28,4,284.59,20 / 22,2041910,2019-09-06 19:54:07:653,2.4015,-0.9211,9.8868,0.0328,-0.0123,9.8066,-0.0544,-0.0297,0.0244,10.06,-36.44,3.25,110.19,-83.06,-166.15
52.40819,-1.537511,150.99,9.28,4,284.59,20 / 22,2042010,2019-09-06 19:54:07:753,2.709,-0.5356,9.7699,-0.009,-0.0007,9.8066,-0.0593,0.0292,-0.0211,10.56,-36.75,3.13,109.49,-83.14,-166.69
52.40819,-1.537511,150.99,9.28,4,284.59,20 / 22,2042110,2019-09-06 19:54:07:853,3.1557,-0.407,9.7201,0.0064,-0.0056,9.8065,-0.0194,0.0096,0.031,10.5,-36.37,3.75,103.51,-83.27,-167.09
52.40819,-1.537511,150.99,9.28,4,284.59,20 / 22,2042210,2019-09-06 19:54:07:953,2.7823,-0.5426,9.8989,0.0041,0.0064,9.8066,-0.0082,0.0424,-0.0289,10.88,-36.44,3.5,104.26,-83.26,-166.27
52.40819,-1.537511,150.99,9.28,4,284.59,20 / 22,2042310,2019-09-06 19:54:08:053,2.2188,-0.3522,9.4686,0.0084,-0.0012,9.8066,0.0024,-0.0276,0.0034,10.25,-36.31,3.13,109.32,-83.32,-166.26
52.408424,-1.538779,151.81,5.78,3,287.41,20 / 22,2042410,2019-09-06 19:54:08:153,2.8652,0.1542,9.9833,0.008,0.0033,9.8066,0.0321,0.0004,-0.0042,10.19,-35.81,3.88,104.33,-83.33,-166.02
52.408424,-1.538779,151.81,5.78,3,287.41,20 / 22,2042510,2019-09-06 19:54:08:253,2.486,0.3377,9.9849,0.004,-0.0037,9.8066,-0.0066,-0.0091,0.0115,10.69,-35.5,3.5,104.3,-83.37,-165.3
52.408424,-1.538779,151.81,5.78,3,287.41,20 / 22,2042609,2019-09-06 19:54:08:352,2.3823,0.1884,10.4684,0.0133,0.0074,9.8066,0.0127,-0.0175,0.0492,10.69,-36.06,3.31,109.45,-83.52,-164.91
52.408424,-1.538779,151.81,5.78,3,287.41,20 / 22,2042710,2019-09-06 19:54:08:453,1.6562,-0.1545,10.1801,0.005,-0.0013,9.8065,0.025,-0.0199,-0.0158,9.88,-36.31,3.38,111.19,-83.53,-163.36
52.408424,-1.538779,151.81,5.78,3,287.41,20 / 22,2042809,2019-09-06 19:54:08:552,1.3029,0.0396,9.8231,0.0018,0.0027,9.8066,-0.038,-0.0412,0.026,10.13,-35.81,2.94,111.24,-83.59,-163.09
52.408424,-1.538779,151.81,5.78,3,287.41,20 / 22,2042910,2019-09-06 19:54:08:653,2.5118,-0.15,9.8035,-0.0039,-0.0022,9.8066,-0.0546,-0.0335,-0.0081,10.13,-35.94,2.81,111.24,-83.57,-163.15
52.408424,-1.538779,151.81,5.78,3,287.41,20 / 22,2043010,2019-09-06 19:54:08:753,1.0219,-0.0993,10.2846,0.0029,-0.0051,9.8066,-0.0043,-0.0436,0.0155,10.13,-36.44,2.75,110.75,-83.63,-163.51
52.408424,-1.538779,151.81,5.78,3,287.41,20 / 22,2043110,2019-09-06 19:54:08:853,1.407,-0.8583,9.048,0.013,0.0047,9.8065,0.0928,-0.0082,-0.0108,9.94,-35.87,2.88,110.34,-83.59,-164.12
52.408424,-1.538779,151.81,5.78,3,287.41,20 / 22,2043209,2019-09-06 19:54:08:952,1.2088,0.1961,10.1856,0.0025,0.009,9.8066,-0.0686,-0.0664,0.011,10.13,-35.87,3.31,111.67,-83.51,-162.86
52.408424,-1.538779,151.81,5.78,3,287.41,20 / 22,2043309,2019-09-06 19:54:09:052,0.9641,-0.1539,9.8308,-0.0232,-0.0036,9.8066,0.0169,-0.0158,-0.0133,9.69,-35.44,3,110.55,-83.44,-163.77
52.408424,-1.538779,151.81,5.78,3,287.41,20 / 22,2043410,2019-09-06 19:54:09:153,0.9128,0.54,10.1367,-0.0266,-0.0016,9.8066,-0.1172,-0.0514,-0.0236,9.56,-36.56,3.5,106.6,-83.46,-163.67
52.408424,-1.538779,151.81,5.78,3,287.41,20 / 22,2043510,2019-09-06 19:54:09:253,1.5969,-0.4002,9.7852,0.0315,-0.0124,9.8066,0.0377,-0.0557,-0.0317,9.31,-37.06,2.63,111.05,-83.58,-164.54
52.408424,-1.538779,151.81,5.78,3,287.41,20 / 22,2043609,2019-09-06 19:54:09:352,1.6374,-0.1682,9.4125,0.0184,-0.0065,9.8066,0.0062,-0.0715,0.0104,9.81,-36.12,2.25,113.84,-83.79,-165.26
52.408424,-1.538779,151.81,5.78,3,287.41,20 / 22,2043710,2019-09-06 19:54:09:453,1.195,-0.6382,9.6226,0.0083,-0.0065,9.8066,-0.0336,-0.0494,-0.0001,9.88,-36.25,3,108.6,-83.8,-165.39
52.408424,-1.538779,151.81,5.78,3,287.41,20 / 22,2043812,2019-09-06 19:54:09:555,2.2621,0.1425,10.2707,-0.005,0.008,9.8066,-0.0045,-0.0815,0.0358,10.44,-36.44,3.06,108.33,-83.93,-165.22
52.408424,-1.538779,151.81,5.78,3,287.41,20 / 22,2043910,2019-09-06 19:54:09:653,2.0522,0.1644,10.0592,0.0122,-0.0018,9.8066,0.0781,-0.0291,-0.0036,9.88,-36.37,2.94,108.97,-83.95,-164.45
52.408424,-1.538779,151.81,5.78,3,287.41,20 / 22,2044009,2019-09-06 19:54:09:752,1.6173,0.0379,9.8529,0.0065,0.003,9.8066,0.0304,-0.0482,0.0097,9.75,-36.94,2.75,109.67,-83.95,-164.24
52.408424,-1.538779,151.81,5.78,3,287.41,20 / 22,2044110,2019-09-06 19:54:09:853,0.8269,-0.0797,9.7328,0.0092,-0.0075,9.8066,-0.0285,-0.0414,-0.0068,9.81,-36.56,2.31,114.26,-84.01,-164.62
52.408424,-1.538779,151.81,5.78,3,287.41,20 / 22,2044210,2019-09-06 19:54:09:953,1.3664,-0.1878,9.8463,0.0032,-0.0039,9.8066,-0.0216,-0.0631,0.0192,10,-36.19,1.88,112.99,-84.15,-165.04
52.408424,-1.538779,151.81,5.78,3,287.41,20 / 22,2044309,2019-09-06 19:54:10:052,0.9884,-0.3794,9.862,0.0072,-0.0067,9.8066,-0.0411,-0.0436,-0.0409,9.19,-35.56,1.5,112.81,-84.29,-165.63
52.408424,-1.538779,151.81,5.78,3,287.41,19 / 22,2044409,2019-09-06 19:54:10:152,1.167,-0.4655,9.8494,0.0249,-0.0037,9.8065,0.0147,-0.062,0.0224,10.13,-35.94,1.94,111.76,-84.46,-165.38
52.408424,-1.538779,151.81,5.78,3,287.41,19 / 22,2044510,2019-09-06 19:54:10:253,1.0017,-0.1318,9.8626,0.0258,0.0066,9.8066,-0.0398,-0.026,0.0066,10.31,-36,1.75,112.43,-84.53,-164.36
52.408424,-1.538779,151.81,5.78,3,287.41,19 / 22,2044609,2019-09-06 19:54:10:352,1.1841,-0.1106,9.8932,-0.0008,-0.0008,9.8066,-0.0173,-0.0448,0.0284,9.69,-36.56,2.81,108.17,-84.58,-163.69
52.408424,-1.538779,151.81,5.78,3,287.41,19 / 22,2044710,2019-09-06 19:54:10:453,1.3578,-0.0892,9.9084,0.0111,0.001,9.8066,-0.0032,-0.0289,-0.0126,10.38,-36.06,2.44,113.14,-84.65,-163.15
52.408424,-1.538779,151.81,5.78,3,287.41,19 / 22,2044810,2019-09-06 19:54:10:553,0.8729,-0.1214,9.7992,0.0116,-0.0049,9.8065,0.0272,-0.0526,0.0087,9.88,-36.37,1.88,113.06,-84.7,-163.07
52.408424,-1.538779,151.81,5.78,3,287.41,19 / 22,2044910,2019-09-06 19:54:10:653,0.9397,-0.4977,9.9953,0.0043,-0.0039,9.8066,-0.0221,-0.0066,-0.0188,10.06,-36.5,1.5,112.62,-84.84,-163.1
52.408424,-1.538779,151.81,5.78,3,287.41,19 / 22,2045010,2019-09-06 19:54:10:753,0.6785,-0.6673,9.6013,0.0077,-0.0052,9.8066,-0.0354,-0.0189,0.0375,10,-35.69,1.31,116.88,-84.98,-163.6
52.408424,-1.538779,151.81,5.78,3,287.41,19 / 22,2045109,2019-09-06 19:54:10:852,0.8168,-0.4507,9.6187,0.0055,0.0032,9.8066,0.0128,-0.0303,0.0134,10.31,-35.62,1.06,117.17,-85.06,-163.01
52.408424,-1.538779,151.81,5.78,3,287.41,19 / 22,2045209,2019-09-06 19:54:10:952,0.9468,-0.2264,9.8666,0.0154,-0.0054,9.8066,-0.0228,-0.0255,-0.0162,9.81,-36.5,1.69,112.14,-85.21,-162.38
52.408424,-1.538779,151.81,5.78,3,287.41,19 / 22,2045310,2019-09-06 19:54:11:053,1.0986,-0.2286,9.9671,0.0136,0.0012,9.8066,-0.0009,-0.0244,-0.0123,9.75,-36.19,1.69,112.32,-85.29,-161.9
52.408424,-1.538779,151.81,5.78,3,287.41,20 / 22,2045409,2019-09-06 19:54:11:152,0.9275,-0.4574,9.845,-0.0006,0.0013,9.8066,-0.0145,-0.0284,0.0333,9.19,-35.69,1.94,112.81,-85.35,-161.6
52.408424,-1.538779,151.81,5.78,3,287.41,20 / 22,2045509,2019-09-06 19:54:11:252,1.0109,-0.2825,9.858,-0.0006,0.0004,9.8066,-0.015,-0.0135,0.0045,9.44,-35.87,1.38,118.76,-85.4,-161.1
52.408424,-1.538779,151.81,5.78,3,287.41,20 / 22,2045610,2019-09-06 19:54:11:353,0.7822,-0.3512,9.7944,0.0117,0.0006,9.8066,0.0208,-0.0102,0.0112,9.75,-35.81,2.13,112.69,-85.45,-160.96
52.408424,-1.538779,151.81,5.78,3,287.41,20 / 22,2045709,2019-09-06 19:54:11:452,0.8937,-0.1784,9.9905,0.0047,0.0033,9.8065,0.0296,-0.0078,0.0118,9.75,-36.19,1.56,113.4,-85.53,-159.9
52.408424,-1.538779,151.81,5.78,3,287.41,20 / 22,2045809,2019-09-06 19:54:11:552,0.9936,-0.22,9.9853,0.0054,-0.0005,9.8066,-0.0199,-0.0199,-0.0103,9.38,-35.5,1.5,113.32,-85.64,-159.48
52.408424,-1.538779,151.81,5.78,3,287.41,20 / 22,2045909,2019-09-06 19:54:11:652,0.849,-0.2181,9.8974,0.0037,0.0012,9.8066,-0.0149,-0.0065,0.0005,9.94,-36.37,1.94,113.64,-85.7,-159.06
52.408424,-1.538779,151.81,5.78,3,287.41,20 / 22,2046010,2019-09-06 19:54:11:753,0.7025,-0.2168,9.8309,0.0082,-0.0012,9.8066,0.0133,-0.0076,0.0019,9.5,-35.87,1.88,113.76,-85.83,-158.5
52.408424,-1.538779,151.81,5.78,3,287.41,20 / 22,2046109,2019-09-06 19:54:11:852,0.4514,-0.3025,9.867,0.0078,-0.0019,9.8066,0.0053,-0.0316,-0.0051,9.44,-36.62,1.81,114.33,-85.89,-158.3
52.408424,-1.538779,151.81,5.78,3,287.41,20 / 22,2046209,2019-09-06 19:54:11:952,0.4002,-0.3014,9.9009,0.0102,-0.0012,9.8066,0.0128,0.0036,0.0094,10,-36.19,1.81,113.82,-85.93,-158.1
52.408424,-1.538779,151.81,5.78,3,287.41,20 / 22,2046310,2019-09-06 19:54:12:053,-0.0799,-0.3552,9.8897,0.0089,0.001,9.8066,0.0154,-0.0069,0.0105,9.44,-36.06,1.5,114.28,-86.04,-157.38
52.408424,-1.538779,151.81,5.78,3,287.41,20 / 22,2046409,2019-09-06 19:54:12:152,-0.1507,-0.2296,9.8286,0.0022,0.0003,9.8066,-0.0172,-0.0058,-0.0092,9.75,-36.31,1.88,114.4,-86.11,-156.86
52.408424,-1.538779,151.81,5.78,3,287.41,20 / 22,2046510,2019-09-06 19:54:12:253,0.0947,0.0293,9.7165,0.0043,0.0031,9.8066,0.0129,-0.021,0.0271,9.69,-36.31,1.44,120.13,-86.17,-156.07
52.408424,-1.538779,151.81,5.78,3,287.41,20 / 22,2046610,2019-09-06 19:54:12:353,-0.2334,-0.205,9.9079,0.009,-0.0019,9.8066,-0.0058,-0.0027,-0.0226,9.25,-36.12,2,115.49,-86.23,-155.38
52.408424,-1.538779,151.81,5.78,3,287.41,20 / 22,2046710,2019-09-06 19:54:12:453,-0.0309,-0.2839,9.8464,0.0057,0.0023,9.8066,0.0102,0.0056,0.0108,9.81,-36.69,1.31,121.31,-86.33,-154.56
52.408424,-1.538779,151.81,5.78,3,287.41,20 / 22,2046810,2019-09-06 19:54:12:553,-0.2798,-0.2392,9.7126,0.007,-0.0017,9.8066,-0.0108,-0.006,-0.0118,9.13,-36.62,1.94,116.6,-86.43,-153.74
52.408424,-1.538779,151.81,5.78,3,287.41,20 / 22,2046909,2019-09-06 19:54:12:652,-0.1668,-0.2079,9.8453,0.0048,-0.0003,9.8066,0.0071,-0.0125,-0.0056,9.31,-36.31,1.88,116.3,-86.51,-153.46
52.408424,-1.538779,151.81,5.78,3,287.41,20 / 22,2047010,2019-09-06 19:54:12:753,0.1859,-0.3562,9.9007,0.0065,0.0003,9.8066,0.0084,-0.0126,0.0044,9.19,-36.31,1.88,116.93,-86.58,-152.52
52.408424,-1.538779,151.81,5.78,3,287.41,20 / 22,2047110,2019-09-06 19:54:12:853,-0.415,-0.3355,9.8011,0.0081,-0.0003,9.8066,-0.0026,0.0071,-0.0088,9.13,-36.94,1.25,123.18,-86.66,-151.95
52.408424,-1.538779,151.81,5.78,3,287.41,20 / 22,2047210,2019-09-06 19:54:12:953,0.0745,-0.1881,9.8838,0.0076,0.0003,9.8066,-0.0188,-0.0126,0.0116,9.75,-36.87,1.31,123.4,-86.71,-151.03
52.408424,-1.538779,151.81,5.78,3,287.41,20 / 22,2047309,2019-09-06 19:54:13:052,-0.1699,-0.252,9.8388,0.0052,-0.0012,9.8066,-0.0166,-0.0108,-0.0009,9.38,-36.94,0.94,124.46,-86.82,-149.95
52.408424,-1.538779,151.81,5.78,3,287.41,20 / 22,2047410,2019-09-06 19:54:13:153,-0.0204,-0.2541,9.9324,-0.0014,-0.0018,9.8066,0.0257,0.0008,0.0063,9.25,-36.75,1.56,118.87,-86.86,-149.69
52.408424,-1.538779,151.81,5.78,3,287.41,20 / 22,2047510,2019-09-06 19:54:13:253,-0.1811,-0.3806,9.8137,0.0056,-0.0007,9.8066,0.0103,0.0021,-0.0056,9.5,-37.06,1.44,124.55,-86.92,-149.09
52.408424,-1.538779,151.81,5.78,3,287.41,20 / 22,2047609,2019-09-06 19:54:13:352,-0.3251,-0.2397,9.835,0.0052,-0.0003,9.8066,-0.0017,-0.0041,0.0053,9.19,-37.19,1.19,125.37,-87.01,-148.28
52.408424,-1.538779,151.81,5.78,3,287.41,20 / 22,2047709,2019-09-06 19:54:13:452,-0.0611,-0.1762,9.8496,0.0069,-0.0008,9.8066,0.0012,-0.0069,0.0056,9.31,-36.94,1.31,126.03,-87.08,-147.28
52.408424,-1.538779,151.81,5.78,3,287.41,20 / 22,2047812,2019-09-06 19:54:13:555,-0.1549,-0.3068,9.9388,0.0063,-0.0002,9.8066,-0.0008,0.0017,0.0024,9.75,-37.06,1.38,126.46,-87.18,-146.19
52.408424,-1.538779,151.81,5.78,3,287.41,20 / 22,2047910,2019-09-06 19:54:13:653,0.0018,-0.1321,9.7991,0.0061,-0.0011,9.8066,-0.0002,-0.0016,0.0079,9.63,-36.56,1.38,127.16,-87.23,-145.27
52.408424,-1.538779,151.81,5.78,3,287.41,20 / 22,2048010,2019-09-06 19:54:13:753,-0.3918,-0.295,9.7316,0.0048,-0.0017,9.8066,-0.0157,-0.0117,-0.0132,9.31,-37.37,1.63,122.24,-87.33,-144.31
52.408424,-1.538779,151.81,5.78,3,287.41,20 / 22,2048110,2019-09-06 19:54:13:853,-0.2889,-0.2,9.9247,-0.0022,-0.001,9.8066,0.0217,-0.0091,0.0089,9.56,-37,1.81,122.6,-87.35,-144.2
52.408424,-1.538779,151.81,5.78,3,287.41,20 / 22,2048210,2019-09-06 19:54:13:953,-0.783,-0.2834,9.7537,-0.002,-0.0029,9.8066,-0.0081,0.0058,-0.0022,9.25,-37.06,1.19,128.25,-87.39,-143.79
52.408424,-1.538779,151.81,5.78,3,287.41,20 / 22,2048309,2019-09-06 19:54:14:052,-0.6102,-0.2131,9.7618,0.0044,0.0005,9.8066,-0.0055,-0.0035,0.0012,9.31,-36.44,1.19,128.21,-87.43,-143.49
52.408424,-1.538779,151.81,5.78,3,287.41,20 / 22,2048410,2019-09-06 19:54:14:153,-0.4324,-0.262,9.891,0.0044,-0.0006,9.8066,0.0057,-0.0109,-0.0001,9.19,-36.94,1.25,129.23,-87.48,-142.4
52.408424,-1.538779,151.81,5.78,3,287.41,20 / 22,2048509,2019-09-06 19:54:14:252,-0.5617,-0.2316,9.8064,0.0016,-0.0018,9.8066,-0.0157,0.0055,-0.005,9.69,-36.44,1.31,129.28,-87.54,-141.82
52.408424,-1.538779,151.81,5.78,3,287.41,20 / 22,2048610,2019-09-06 19:54:14:353,-0.5315,-0.3295,9.8532,0.0034,0.0016,9.8066,0.022,-0.0037,0.0161,9.5,-37.06,1.75,125.01,-87.58,-140.86
52.408424,-1.538779,151.81,5.78,3,287.41,20 / 22,2048710,2019-09-06 19:54:14:453,-0.2414,-0.3005,9.8522,0.0048,-0.0025,9.8066,0.0031,-0.0154,-0.0107,9.5,-36.5,1.19,130.84,-87.64,-139.83
52.408424,-1.538779,151.81,5.78,3,287.41,20 / 22,2048809,2019-09-06 19:54:14:552,-0.5556,-0.2735,9.9373,0.0041,0.001,9.8066,0.0032,0.018,0.0041,9.94,-36.56,0.81,131.88,-87.7,-138.71
52.408424,-1.538779,151.81,5.78,3,287.41,20 / 22,2048909,2019-09-06 19:54:14:652,-0.6106,-0.1965,9.8056,0.004,0.0012,9.8066,0.0033,0.0027,0.0174,9.75,-37,1.88,127.4,-87.72,-137.86
52.408424,-1.538779,151.81,5.78,3,287.41,20 / 22,2049010,2019-09-06 19:54:14:753,-0.8239,-0.1624,9.7176,0.0036,-0.0042,9.8066,-0.0184,-0.008,-0.0101,9.06,-36.81,1.19,132.84,-87.79,-137.42
52.408424,-1.538779,151.81,5.78,3,287.41,20 / 22,2049110,2019-09-06 19:54:14:853,-0.4246,-0.2117,9.9467,0.0012,0.0001,9.8066,0.0108,-0.015,0.0088,9.75,-36.5,1.38,133.15,-87.79,-136.89
52.408424,-1.538779,151.81,5.78,3,287.41,20 / 22,2049209,2019-09-06 19:54:14:952,-0.662,-0.2112,9.744,0.0041,-0.0017,9.8065,-0.0016,-0.0019,-0.0137,10.06,-37,0.81,133.55,-87.82,-136.55
52.408424,-1.538779,151.81,5.78,3,287.41,20 / 22,2049310,2019-09-06 19:54:15:053,-0.8099,-0.189,9.7622,0.0029,0.0006,9.8066,0.0203,0.0024,0.0109,9.56,-36.56,0.75,134.21,-87.86,-135.71
52.408424,-1.538779,151.81,5.78,3,287.41,19 / 21,2049409,2019-09-06 19:54:15:152,-0.564,-0.2505,9.7058,-0.0001,-0.0017,9.8066,-0.0168,0.013,0.0006,9.5,-36.75,1.56,129.37,-87.89,-135.24
52.408424,-1.538779,151.81,5.78,3,287.41,19 / 21,2049510,2019-09-06 19:54:15:253,-0.5593,-0.271,9.8837,-0.0028,0.0007,9.8066,0.0029,0.0039,0.0059,9.5,-36.62,1.5,129.56,-87.9,-134.99
52.408424,-1.538779,151.81,5.78,3,287.41,19 / 21,2049609,2019-09-06 19:54:15:352,-0.6344,-0.3319,9.9042,0.0036,-0.0014,9.8066,-0.0051,-0.0134,-0.0116,9.56,-37.37,1.19,135.27,-87.93,-134.38
52.408424,-1.538779,151.81,5.78,3,287.41,19 / 21,2049710,2019-09-06 19:54:15:453,-0.5589,-0.0937,9.784,-0.0005,0.0003,9.8066,0.0057,-0.0246,-0.0018,9.19,-36.81,1.38,135.5,-87.98,-133.95
52.408424,-1.538779,151.81,5.78,3,287.41,19 / 21,2049809,2019-09-06 19:54:15:552,-0.5772,-0.2433,9.7791,0.0003,-0.0011,9.8066,0.0068,-0.0215,-0.0149,9.38,-36.56,1.31,135.71,-88,-133.65
52.408424,-1.538779,151.81,5.78,3,287.41,19 / 21,2049910,2019-09-06 19:54:15:653,-0.8489,-0.2981,9.781,0.0013,-0.0001,9.8066,0.0172,-0.0054,-0.0065,9.5,-36.5,1.25,135.8,-88.01,-133.45
52.408424,-1.538779,151.81,5.78,3,287.41,19 / 21,2050009,2019-09-06 19:54:15:752,-0.4991,-0.2077,9.9069,-0.0008,-0.001,9.8066,0.0047,0.0086,0.0017,9.63,-36.69,1.31,136.04,-88.03,-133.27
52.408424,-1.538779,151.81,5.78,3,287.41,19 / 21,2050110,2019-09-06 19:54:15:853,-0.4242,-0.2192,9.7653,0.0069,-0.0013,9.8066,-0.0038,0.0134,0.0036,9.69,-36.62,1.31,136,-88.04,-133.28
52.408424,-1.538779,151.81,5.78,3,287.41,19 / 21,2050209,2019-09-06 19:54:15:952,-0.8502,-0.1659,9.7639,0.0068,-0.0013,9.8066,0.0155,0.0055,0.0094,9.81,-36.56,1.25,135.99,-88.06,-133.24
52.408424,-1.538779,151.81,5.78,3,287.41,19 / 21,2050310,2019-09-06 19:54:16:053,-0.6016,-0.2074,9.9857,0.0064,-0.0011,9.8066,-0.0118,0.0101,0.0065,9.63,-36.25,0.81,136.1,-88.1,-132.91
52.408424,-1.538779,151.81,5.78,3,287.41,19 / 21,2050410,2019-09-06 19:54:16:153,-0.4788,-0.2269,9.7947,-0.0045,-0.0011,9.8066,0.0127,-0.0035,0.0035,9.19,-37.06,1.25,135.28,-88.11,-133.81
52.408424,-1.538779,151.81,5.78,3,287.41,19 / 21,2050509,2019-09-06 19:54:16:252,-0.5387,-0.3465,9.8676,-0.0007,-0.001,9.8066,-0.0058,-0.0138,-0.0017,9.5,-36.37,1.38,135.16,-88.12,-133.87
52.408424,-1.538779,151.81,5.78,3,287.41,19 / 21,2050609,2019-09-06 19:54:16:352,-0.5597,-0.2671,9.7403,-0.0005,-0.0004,9.8066,0.0184,-0.0115,-0.0041,9.19,-36.69,2,129.07,-88.12,-134.24
52.408424,-1.538779,151.81,5.78,3,287.41,19 / 21,2050709,2019-09-06 19:54:16:452,-0.5902,-0.2119,9.8339,-0.0002,-0.0019,9.8066,-0.0132,-0.0132,-0.0096,9.81,-36.69,1.06,134.56,-88.13,-134.63
52.408424,-1.538779,151.81,5.78,3,287.41,19 / 21,2050810,2019-09-06 19:54:16:553,-0.5312,-0.2931,9.9236,-0.0005,0.0003,9.8066,0.0173,-0.0016,0.005,9.38,-36.75,1.63,128.32,-88.13,-135.04
52.408424,-1.538779,151.81,5.78,3,287.41,19 / 21,2050910,2019-09-06 19:54:16:653,-0.5968,-0.3329,9.7522,-0.0012,-0.002,9.8066,0.003,0.0078,0.0009,9.13,-36.75,1.5,128.38,-88.14,-134.95
52.408424,-1.538779,151.81,5.78,3,287.41,19 / 21,2051010,2019-09-06 19:54:16:753,-0.4897,-0.2206,9.7911,-0.0038,-0.0002,9.8066,-0.001,0.0138,0.0128,9.25,-36.62,1.63,127.47,-88.13,-135.94
52.408424,-1.538779,151.81,5.78,3,287.41,19 / 21,2051109,2019-09-06 19:54:16:852,-0.5704,-0.3272,9.9247,-0.0023,-0.0012,9.8066,-0.008,0.0104,0,9.5,-36.62,0.5,133.1,-88.14,-136.17
52.408424,-1.538779,151.81,5.78,3,287.41,19 / 21,2051209,2019-09-06 19:54:16:952,-0.5734,-0.1921,9.7606,0.0005,0.0001,9.8066,0.0028,-0.0055,0.0066,9.44,-36.75,1.25,132.51,-88.15,-136.72
52.408424,-1.538779,151.81,5.78,3,287.41,19 / 21,2051310,2019-09-06 19:54:17:053,-0.4935,-0.216,9.7936,0.0014,-0.0023,9.8066,-0.0095,-0.0042,-0.0028,9.44,-36.25,1.5,125.85,-88.16,-137.44
52.40845,-1.538934,151.84,0,3,293.8,20 / 22,2051409,2019-09-06 19:54:17:152,-0.6485,-0.0874,9.9221,-0.0014,-0.0001,9.8066,0.0036,-0.0173,0.0045,9.88,-37.06,1.31,131.25,-88.15,-138.14
52.40845,-1.538934,151.84,0,3,293.8,20 / 22,2051510,2019-09-06 19:54:17:253,-0.6218,-0.1997,9.8476,-0.0041,-0.002,9.8066,-0.0064,0.0072,0.0214,9.75,-36.87,1.25,130.37,-88.17,-139.06
52.40845,-1.538934,151.84,0,3,293.8,20 / 22,2051609,2019-09-06 19:54:17:352,-0.4462,-0.2172,9.8115,-0.0041,-0.0007,9.8066,-0.0139,0.0102,-0.0049,9.69,-36.81,1.94,124.65,-88.16,-139.53
52.40845,-1.538934,151.84,0,3,293.8,20 / 22,2051709,2019-09-06 19:54:17:452,-0.5947,-0.3111,9.7241,-0.0044,-0.003,9.8066,0.0011,-0.0133,0.0085,9.31,-36.94,1.25,128.7,-88.15,-140.86
52.40845,-1.538934,151.84,0,3,293.8,20 / 22,2051810,2019-09-06 19:54:17:553,-0.5981,-0.2052,9.8763,0.0032,-0.0009,9.8065,0.0112,-0.0044,-0.0052,9.44,-36.94,0.94,128.25,-88.16,-141.31
52.40845,-1.538934,151.84,0,3,293.8,20 / 22,2051910,2019-09-06 19:54:17:653,-0.5929,-0.191,9.8743,0.0011,-0.0021,9.8066,-0.0095,-0.0177,-0.0061,9.75,-37.12,1.25,127.33,-88.16,-142.35
52.40845,-1.538934,151.84,0,3,293.8,20 / 22,2052010,2019-09-06 19:54:17:753,-0.7093,-0.1958,9.703,-0.0027,-0.0018,9.8066,0.0011,0.001,-0.0068,9.25,-37,1.38,126.02,-88.13,-143.81
52.40845,-1.538934,151.84,0,3,293.8,20 / 22,2052109,2019-09-06 19:54:17:852,-0.6208,-0.1828,9.9006,-0.0044,-0.002,9.8066,0.0052,0.0025,0.0063,9.63,-36.44,1.38,124.95,-88.13,-144.83
52.40845,-1.538934,151.84,0,3,293.8,20 / 22,2052210,2019-09-06 19:54:17:953,-0.6708,-0.2791,9.8452,-0.0026,-0.0017,9.8066,0.0122,0.0118,0.0036,9.69,-36.62,1.63,119.13,-88.11,-145.54
52.40845,-1.538934,151.84,0,3,293.8,20 / 22,2052309,2019-09-06 19:54:18:052,-0.469,-0.2018,9.7253,-0.0049,-0.0019,9.8066,-0.0025,0.0053,0.0064,9.69,-37.12,1.75,117.73,-88.09,-147.11
52.40845,-1.538934,151.84,0,3,293.8,19 / 21,2052410,2019-09-06 19:54:18:153,-0.5427,-0.1811,9.9249,0.0007,-0.0017,9.8066,0.0075,0.0061,0.0029,9.81,-36.44,1.06,122.08,-88.08,-148.03
52.40845,-1.538934,151.84,0,3,293.8,19 / 21,2052510,2019-09-06 19:54:18:253,-0.4597,-0.074,9.81,-0.0065,-0.0014,9.8066,-0.0139,-0.0082,-0.0042,9.94,-36.56,1.5,115.82,-88.07,-149.18
52.40845,-1.538934,151.84,0,3,293.8,19 / 21,2052610,2019-09-06 19:54:18:353,-0.5661,-0.2017,9.698,-0.0069,-0.0013,9.8065,-0.0118,-0.0102,-0.0071,9.88,-36.37,0.88,119.76,-88.02,-150.69
52.40845,-1.538934,151.84,0,3,293.8,19 / 21,2052709,2019-09-06 19:54:18:452,-0.5499,-0.1749,9.9046,-0.0063,-0.0015,9.8066,0.0202,-0.0216,-0.012,9.19,-36.62,1,119.24,-88.01,-151.53
52.40845,-1.538934,151.84,0,3,293.8,19 / 21,2052809,2019-09-06 19:54:18:552,-0.4037,-0.078,9.9298,-0.0014,-0.0017,9.8066,0.0143,-0.0217,-0.011,9.63,-37,1.38,118.82,-87.99,-151.95
52.40845,-1.538934,151.84,0,3,293.8,19 / 21,2052909,2019-09-06 19:54:18:652,-0.3626,-0.0246,9.8015,-0.0006,-0.0002,9.8066,0.0011,0.0017,-0.0039,9.38,-37.25,1.06,118.08,-87.97,-152.9
52.40845,-1.538934,151.84,0,3,293.8,19 / 21,2053009,2019-09-06 19:54:18:752,-0.4499,-0.0976,9.8202,-0.0044,-0.001,9.8066,-0.0099,-0.0049,0.0068,9.75,-37.06,1.19,116.75,-87.93,-154.35
52.40845,-1.538934,151.84,0,3,293.8,19 / 21,2053109,2019-09-06 19:54:18:852,-0.3879,-0.2386,9.9349,-0.0029,-0.0008,9.8066,0.0053,0.0189,0.0012,9.5,-36.56,1.69,110.99,-87.91,-154.8
52.40845,-1.538934,151.84,0,3,293.8,19 / 21,2053209,2019-09-06 19:54:18:952,-0.447,-0.0714,9.8817,-0.0042,-0.001,9.8066,-0.004,0.0154,0.0165,9.44,-37.06,1.5,109.42,-87.88,-156.1
52.40845,-1.538934,151.84,0,3,293.8,19 / 21,2053310,2019-09-06 19:54:19:053,-0.4389,-0.0444,9.8069,-0.0021,-0.0008,9.8066,0,0.0136,0.0072,9.63,-37.06,1.25,115.11,-87.85,-156.34
52.40845,-1.538934,151.84,0,3,293.8,19 / 21,2053409,2019-09-06 19:54:19:152,-0.6116,-0.282,9.8353,-0.0016,-0.0013,9.8066,-0.0047,-0.0114,0.0108,9.56,-36.69,1.06,114.25,-87.83,-157.34
52.40845,-1.538934,151.84,0,3,293.8,19 / 21,2053510,2019-09-06 19:54:19:253,-0.4493,0.0082,9.8953,-0.0004,0.0003,9.8065,-0.0071,-0.0081,0.0006,9.38,-36.94,1.06,114.26,-87.8,-157.63
52.40845,-1.538934,151.84,0,3,293.8,19 / 21,2053609,2019-09-06 19:54:19:352,-0.3939,-0.0875,9.7943,-0.006,-0.0003,9.8066,-0.0081,-0.018,-0.0085,9.56,-36.56,1.38,113.75,-87.78,-158.04
52.40845,-1.538934,151.84,0,3,293.8,19 / 21,2053710,2019-09-06 19:54:19:453,-0.5609,-0.2674,9.7989,-0.0011,-0.0022,9.8066,0.0271,-0.0134,-0.001,9.31,-37.06,1.25,113.01,-87.72,-159.25
52.40845,-1.538934,151.84,0,3,293.8,19 / 21,2053810,2019-09-06 19:54:19:553,-0.6491,-0.0234,9.922,-0.003,-0.0006,9.8066,0.0171,-0.0038,0.0033,9.75,-36.94,0.94,111.7,-87.68,-160.53
52.40845,-1.538934,151.84,0,3,293.8,19 / 21,2053910,2019-09-06 19:54:19:653,-0.3327,-0.0882,9.8422,-0.0043,-0.0017,9.8066,-0.004,0.0049,0.0116,9.38,-37,1.38,111.33,-87.64,-161.34
52.40845,-1.538934,151.84,0,3,293.8,19 / 21,2054010,2019-09-06 19:54:19:753,-0.462,-0.1113,9.6946,-0.0023,-0.0008,9.8066,-0.0176,0.0265,0.0034,9.63,-37.12,1.38,110.36,-87.59,-162.27
52.40845,-1.538934,151.84,0,3,293.8,19 / 21,2054109,2019-09-06 19:54:19:852,-0.6054,-0.1114,9.8058,-0.0003,-0.0019,9.8066,-0.0077,0.0092,0.0167,10,-36.81,1.13,109.8,-87.57,-162.91
52.40845,-1.538934,151.84,0,3,293.8,19 / 21,2054210,2019-09-06 19:54:19:953,-0.5487,-0.1907,9.8717,-0.0074,-0.0016,9.8066,-0.0154,0.0111,0.0043,9.63,-36.94,1.63,104,-87.53,-163.4
52.40845,-1.538934,151.84,0,3,293.8,19 / 21,2054310,2019-09-06 19:54:20:053,-0.3355,-0.0362,9.7334,-0.0087,-0.0012,9.8066,0.0001,-0.0136,0.0016,9.31,-36.81,1.44,109.17,-87.46,-164.33
52.40845,-1.538934,151.84,0,3,293.8,19 / 21,2054409,2019-09-06 19:54:20:152,-0.4974,-0.0657,9.7701,0.003,-0.0007,9.8066,0.0103,-0.0073,-0.009,9.56,-37.19,1.06,108.46,-87.44,-164.79
52.40845,-1.538934,151.84,0,3,293.8,19 / 21,2054512,2019-09-06 19:54:20:255,-0.6814,-0.2271,9.8274,-0.0013,-0.0012,9.8066,0.0045,-0.0233,-0.0087,10,-36.69,1.56,102.52,-87.41,-165.37
52.40845,-1.538934,151.84,0,3,293.8,19 / 21,2054610,2019-09-06 19:54:20:353,-0.2628,0.0136,9.8743,-0.005,-0.0011,9.8066,0.0024,-0.0054,-0.0094,9.81,-36.69,1.31,107.51,-87.36,-166.09
52.40845,-1.538934,151.84,0,3,293.8,19 / 21,2054710,2019-09-06 19:54:20:453,-0.3444,-0.0848,9.8008,-0.0051,-0.0017,9.8066,0.0036,0.0035,-0.0034,9.75,-36.44,1.44,106.84,-87.32,-166.66
52.40845,-1.538934,151.84,0,3,293.8,19 / 21,2054810,2019-09-06 19:54:20:553,-0.5919,-0.1241,9.7612,-0.0031,-0.0019,9.8066,0.0143,0.0111,0.0039,9.44,-36.69,1.5,101.16,-87.29,-167.04
52.40845,-1.538934,151.84,0,3,293.8,19 / 21,2054910,2019-09-06 19:54:20:653,-0.3755,-0.0116,9.923,-0.0032,-0.0013,9.8066,-0.0066,0.0165,0.0028,9.56,-36.56,1.88,100.66,-87.24,-167.92
52.40845,-1.538934,151.84,0,3,293.8,19 / 21,2055009,2019-09-06 19:54:20:752,-0.3487,-0.059,9.8826,-0.0007,-0.0007,9.8066,-0.002,0.0156,0.0099,9.69,-36.87,1.19,105.73,-87.2,-168.52
52.40845,-1.538934,151.84,0,3,293.8,19 / 21,2055109,2019-09-06 19:54:20:852,-0.8406,-0.0143,9.7269,-0.0023,-0.0001,9.8066,-0.018,-0.0002,0.0051,9.81,-37.19,0.94,105.61,-87.16,-168.79
52.40845,-1.538934,151.84,0,3,293.8,19 / 21,2055210,2019-09-06 19:54:20:953,-0.6239,-0.0979,9.9746,-0.0095,-0.001,9.8066,-0.007,-0.0085,0.0038,9.5,-36.37,1.31,104.97,-87.07,-169.51
52.40845,-1.538934,151.84,0,3,293.8,19 / 21,2055310,2019-09-06 19:54:21:053,-0.5235,-0.0299,9.8309,-0.0093,0.0003,9.8066,-0.008,-0.0131,-0.005,10.19,-36.69,1.13,105.17,-87.01,-169.79
52.40845,-1.538934,151.84,0,3,293.8,19 / 21,2055409,2019-09-06 19:54:21:152,-0.9288,0.0043,9.8392,0.0012,-0.0016,9.8066,0.0289,0.0021,0.004,9.63,-36.56,1.06,104.89,-86.98,-170.2
52.40845,-1.538934,151.84,0,3,293.8,19 / 21,2055510,2019-09-06 19:54:21:253,-0.7798,0.0874,9.7475,-0.0077,-0.0004,9.8066,-0.0212,0.0015,-0.0091,9.81,-36.25,1.19,104.38,-86.94,-170.58
52.40845,-1.538934,151.84,0,3,293.8,19 / 21,2055609,2019-09-06 19:54:21:352,-0.9034,0.0497,9.8359,-0.0057,-0.0022,9.8066,-0.0092,-0.0099,0.0008,9.69,-35.94,1.38,103.87,-86.86,-171.38
52.40845,-1.538934,151.84,0,3,293.8,19 / 21,2055710,2019-09-06 19:54:21:453,-0.7933,-0.0844,9.8445,-0.0065,-0.0002,9.8066,0.0024,-0.0142,-0.001,9.5,-36.69,1.38,103.79,-86.85,-171.83
52.40845,-1.538934,151.84,0,3,293.8,19 / 21,2055809,2019-09-06 19:54:21:552,-0.7099,-0.075,9.9102,-0.0097,0.0007,9.8066,-0.0193,-0.0079,-0.0109,10,-36.12,1.5,97.98,-86.8,-171.97
52.40845,-1.538934,151.84,0,3,293.8,19 / 21,2055910,2019-09-06 19:54:21:653,-1.0166,0.0971,9.8163,-0.003,0,9.8066,0.0026,-0.0094,0.0054,9.88,-36.62,1.19,103.56,-86.7,-172.6
52.40845,-1.538934,151.84,0,3,293.8,19 / 21,2056010,2019-09-06 19:54:21:753,-0.9837,0.128,9.7565,-0.0055,-0.0008,9.8066,0.003,-0.0073,0.0026,10.13,-36.94,1.38,103.24,-86.62,-173.24
52.40845,-1.538934,151.84,0,3,293.8,19 / 21,2056110,2019-09-06 19:54:21:853,-1.6081,0.184,9.8075,-0.0085,-0.0005,9.8066,-0.004,-0.0114,-0.0139,10,-36.25,1.06,102.77,-86.52,-173.78
52.40845,-1.538934,151.84,0,3,293.8,19 / 21,2056210,2019-09-06 19:54:21:953,-1.5401,-0.0173,9.7797,-0.0086,-0.0008,9.8066,-0.0018,-0.018,0.0139,9.56,-36.56,1.06,102.62,-86.41,-174.68
52.40845,-1.538934,151.84,0,3,293.8,19 / 21,2056309,2019-09-06 19:54:22:052,-1.8277,0.1663,9.7474,-0.0109,0.0026,9.8066,0.0157,-0.0044,-0.0001,9.75,-35.75,0.31,108.04,-86.33,-174.6
52.40845,-1.538934,151.84,0,3,293.8,20 / 22,2056409,2019-09-06 19:54:22:152,-1.5232,0.3433,9.6983,-0.0102,0.0007,9.8066,-0.008,-0.0217,0.0108,9.19,-35.87,1,103.45,-86.27,-174.76
52.40845,-1.538934,151.84,0,3,293.8,20 / 22,2056510,2019-09-06 19:54:22:253,-2.2687,0.2803,9.7365,-0.0047,0.0013,9.8066,0.0436,-0.0168,-0.0157,9.25,-36.06,1.38,103.65,-86.16,-174.99
52.40845,-1.538934,151.84,0,3,293.8,20 / 22,2056610,2019-09-06 19:54:22:353,-2.555,0.4719,9.7559,0.0037,-0.0042,9.8066,0.0204,-0.0025,0.0111,9.94,-36.19,1.31,102.44,-86.11,-175.59
52.40845,-1.538934,151.84,0,3,293.8,20 / 22,2056710,2019-09-06 19:54:22:453,-1.8245,0.1509,9.6052,-0.0052,0.0036,9.8066,-0.0469,0.004,-0.02,9.5,-35.69,1.38,102.02,-86.06,-176.2
52.40845,-1.538934,151.84,0,3,293.8,20 / 22,2056809,2019-09-06 19:54:22:552,-1.8362,0.0314,9.5874,-0.0045,-0.0046,9.8066,-0.023,-0.0179,0.0125,9.81,-35.31,2.06,95.8,-86.04,-176.56
52.40845,-1.538934,151.84,0,3,293.8,20 / 22,2056909,2019-09-06 19:54:22:652,-1.8503,-0.0447,9.6986,-0.0107,0.0026,9.8066,0.0104,0.0063,-0.003,10.13,-36.44,1.5,96.31,-86,-176.58
52.40845,-1.538934,151.84,0,3,293.8,20 / 22,2057010,2019-09-06 19:54:22:753,-1.8488,0.1707,9.8912,-0.0024,0.0018,9.8065,-0.0099,-0.0291,-0.0026,10,-36.37,2.31,96.65,-85.95,-176.39
52.40845,-1.538934,151.84,0,3,293.8,20 / 22,2057109,2019-09-06 19:54:22:852,-2.7196,0.1997,9.9566,0.0025,0.0016,9.8066,0.0312,-0.0235,0.0175,10.13,-36.06,1.31,102.89,-85.92,-175.79
52.40845,-1.538934,151.84,0,3,293.8,20 / 22,2057210,2019-09-06 19:54:22:953,-2.3657,0.3404,9.7293,0.0002,0.003,9.8066,0.02,0.0063,-0.0042,9.81,-36.94,1.25,103.64,-85.9,-175.49
52.40845,-1.538934,151.84,0,3,293.8,20 / 22,2057310,2019-09-06 19:54:23:053,-1.4798,0.4578,10.0237,-0.0071,0.0002,9.8066,0.0187,0.0197,0.0128,9.63,-36.25,1.19,103.23,-85.83,-175.73
52.40845,-1.538934,151.84,0,3,293.8,20 / 22,2057410,2019-09-06 19:54:23:153,-1.8916,0.2791,9.6834,-0.0066,0.0016,9.8065,-0.049,-0.0186,0.0048,9.31,-36.87,1,104.22,-85.8,-176.31
52.40845,-1.538934,151.84,0,3,293.8,20 / 22,2057509,2019-09-06 19:54:23:252,-1.8805,0.1423,9.9685,-0.0126,0.0026,9.8065,0.0051,0.0136,0.0117,8.94,-36,1.81,98.14,-85.7,-176.19
52.40845,-1.538934,151.84,0,3,293.8,20 / 22,2057610,2019-09-06 19:54:23:353,-2.5726,0.6825,9.5737,-0.0004,0.0004,9.8066,-0.0052,-0.0455,0.04,9.56,-36.37,1.69,97.86,-85.72,-175.96
52.40845,-1.538934,151.84,0,3,293.8,20 / 22,2057709,2019-09-06 19:54:23:452,-2.11,-0.0029,9.7082,-0.0117,-0.0011,9.8066,0.0339,-0.0282,0.0045,9.44,-36.81,1.75,99.07,-85.64,-175.96
52.40845,-1.538934,151.84,0,3,293.8,20 / 22,2057809,2019-09-06 19:54:23:552,-1.8449,0.2542,9.4397,0.003,0.0026,9.8066,0.0138,0.0201,-0.0078,9.69,-36.62,2,99.2,-85.61,-175.4
52.40845,-1.538934,151.84,0,3,293.8,20 / 22,2057909,2019-09-06 19:54:23:652,-2.9803,-0.2995,9.5279,0.0031,-0.006,9.8066,0.025,-0.0062,-0.0162,9.44,-36.5,1.88,98.73,-85.55,-176.19
52.40845,-1.538934,151.84,0,3,293.8,20 / 22,2058009,2019-09-06 19:54:23:752,-3.2786,0.7863,9.9007,-0.001,0.0023,9.8066,0.0516,-0.0635,0.034,9.38,-35.94,1.88,99.61,-85.51,-175.43
52.40845,-1.538934,151.84,0,3,293.8,20 / 22,2058110,2019-09-06 19:54:23:853,-2.2667,-0.357,10.0751,0.0087,0.0069,9.8066,0.0138,-0.0276,0.0165,9.69,-35.87,2,100.3,-85.5,-174.21
52.40845,-1.538934,151.84,0,3,293.8,20 / 22,2058209,2019-09-06 19:54:23:952,-2.7997,0.6779,9.6545,0.0041,0.0054,9.8066,-0.0504,-0.0339,0.0203,9.19,-36.56,2.06,101.85,-85.45,-173.79
52.40845,-1.538934,151.84,0,3,293.8,20 / 22,2058310,2019-09-06 19:54:24:053,-1.392,-0.3033,9.0217,-0.0102,-0.002,9.8066,0.0004,-0.0432,0.0694,9.5,-35.62,1.56,101.37,-85.43,-173.35
52.40845,-1.538934,151.84,0,3,293.8,20 / 22,2058410,2019-09-06 19:54:24:153,-1.5765,-0.1948,10.325,0.015,0.0106,9.8066,0.0127,-0.0093,-0.0252,9.5,-35.87,1.63,101.74,-85.51,-172.64
52.40845,-1.538934,151.84,0,3,293.8,20 / 22,2058509,2019-09-06 19:54:24:252,-2.0564,-0.4674,10.0415,0.0159,-0.0105,9.8066,-0.0073,-0.0274,0.0826,10.19,-35.75,1.19,106.63,-85.62,-172.87
52.40845,-1.538934,151.84,0,3,293.8,20 / 22,2058609,2019-09-06 19:54:24:352,-1.3758,0.4913,10.0325,-0.0068,0.0183,9.8066,-0.0291,-0.0324,0.006,9.81,-36.44,1.06,106.21,-85.57,-173.48
52.40845,-1.538934,151.84,0,3,293.8,20 / 22,2058710,2019-09-06 19:54:24:453,-1.0041,0.4663,9.9259,0.0302,0.0003,9.8065,0.0903,-0.0222,0.0638,9.13,-35.87,0.5,110.4,-85.45,-170.42
52.40845,-1.538934,151.84,0,3,293.8,20 / 22,2058810,2019-09-06 19:54:24:553,-2.0398,0.3081,9.3431,0.0118,0.0079,9.8065,0.084,-0.0228,0.0729,9.75,-35.81,1.94,105.28,-85.59,-168.59
52.40845,-1.538934,151.84,0,3,293.8,20 / 22,2058910,2019-09-06 19:54:24:653,-1.4939,1.3352,9.8134,-0.0081,0.0218,9.8066,-0.0034,-0.0507,-0.0263,9.38,-35.75,0.94,114.03,-85.33,-166.82
52.40845,-1.538934,151.84,0,3,293.8,20 / 22,2059009,2019-09-06 19:54:24:752,-1.5864,0.4066,10.0781,-0.0063,-0.0053,9.8066,0.0572,-0.0573,0.0023,9.63,-35.62,1.31,112.58,-85.21,-167.72
52.40845,-1.538934,151.84,0,3,293.8,20 / 22,2059110,2019-09-06 19:54:24:853,-1.736,0.3766,10.0978,0.0162,-0.0081,9.8066,-0.0548,-0.0764,0.0427,9.06,-35.44,1.13,113.07,-85.12,-168.2
52.40845,-1.538934,151.84,0,3,293.8,20 / 22,2059210,2019-09-06 19:54:24:953,-1.2816,-0.6685,9.32,-0.0214,0.0053,9.8065,-0.0633,0.0236,-0.0418,9.63,-35.75,2.06,107.21,-85.11,-168.2
52.40845,-1.538934,151.84,0,3,293.8,20 / 22,2059310,2019-09-06 19:54:25:053,-1.1128,0.6727,9.749,-0.0446,0.0117,9.8065,0.0341,-0.0422,-0.0005,9.38,-36.12,0,119.62,-84.85,-168.53
52.40845,-1.538934,151.84,0,3,293.8,20 / 22,2059410,2019-09-06 19:54:25:153,-1.6069,0.9945,9.9198,0.0104,-0.0031,9.8066,0.022,-0.0813,0.0571,9.5,-35.69,0.06,117.88,-84.93,-168.43
52.40845,-1.538934,151.84,0,3,293.8,20 / 22,2059510,2019-09-06 19:54:25:253,-1.1525,1.0655,9.8737,-0.0174,0.0023,9.8065,-0.0533,-0.0612,-0.0152,9.19,-36.12,0.13,120.3,-84.94,-167.39
52.40845,-1.538934,151.84,0,3,293.8,20 / 22,2059610,2019-09-06 19:54:25:353,-1.7464,0.6157,9.9512,-0.0059,-0.0051,9.8066,-0.013,-0.048,-0.0189,9.13,-35.81,-0.12,119.72,-84.89,-168.27
52.40845,-1.538934,151.84,0,3,293.8,20 / 22,2059710,2019-09-06 19:54:25:453,-1.4866,1.03,9.863,-0.0005,-0.0042,9.8066,-0.0397,0.0142,-0.0167,9.75,-36.19,-0.06,117.31,-84.89,-169.21
52.40845,-1.538934,151.84,0,3,293.8,20 / 22,2059809,2019-09-06 19:54:25:552,-0.9766,0.5111,10.0187,-0.0246,0.0036,9.8066,0.0145,-0.0517,0.0155,9.44,-36.56,0.56,113.19,-84.9,-169.94
52.40845,-1.538934,151.84,0,3,293.8,20 / 22,2059909,2019-09-06 19:54:25:652,-1.0729,1.2603,9.844,-0.0142,0.0069,9.8066,0.1094,-0.0334,0.0156,9.38,-36,0.56,112.98,-84.68,-170.48
52.40845,-1.538934,151.84,0,3,293.8,20 / 22,2060010,2019-09-06 19:54:25:753,-1.1175,0.9796,10.2033,0.0053,-0.0082,9.8066,0.0428,-0.1092,0.0033,9.19,-37,1,113.37,-84.7,-170.55
52.40845,-1.538934,151.84,0,3,293.8,20 / 22,2060110,2019-09-06 19:54:25:853,-1.4436,-0.3621,10.0658,0.004,-0.0156,9.8066,0.0311,-0.0842,0.0494,9.63,-36.69,-0.06,116.02,-84.72,-171.77
52.40845,-1.538934,151.84,0,3,293.8,20 / 22,2060209,2019-09-06 19:54:25:952,-0.572,-0.7019,9.2824,-0.0269,0.0065,9.8065,-0.0853,0.0225,-0.0652,9.63,-36.06,0.56,110.27,-84.54,-172.65
52.40845,-1.538934,151.84,0,3,293.8,20 / 22,2060309,2019-09-06 19:54:26:052,0.0367,1.078,10.1323,-0.0319,0.0094,9.8065,0.0664,0.0349,-0.0056,9.13,-37.25,0,116.99,-84.54,-173.4
52.408535,-1.539173,151.88,7.46,3,300.45,20 / 22,2060409,2019-09-06 19:54:26:152,-1.9222,1.7716,9.7565,-0.0181,0.0164,9.8065,-0.1319,0.0373,-0.1034,9.94,-36.37,0,113.67,-84.56,-174.53
52.408535,-1.539173,151.88,7.46,3,300.45,20 / 22,2060509,2019-09-06 19:54:26:252,-1.7553,1.5351,9.8624,-0.0043,0.0006,9.8065,0.0332,0.0211,-0.037,9,-36.56,-0.37,115.88,-84.45,-175.08
52.408535,-1.539173,151.88,7.46,3,300.45,20 / 22,2060610,2019-09-06 19:54:26:353,-0.5191,0.3319,10.2565,-0.0057,0.0069,9.8066,0.0079,-0.1163,0.0294,9.56,-36.37,-0.81,116.05,-84.56,-177.37
52.408535,-1.539173,151.88,7.46,3,300.45,20 / 22,2060710,2019-09-06 19:54:26:453,-0.6295,-0.6524,10.1031,-0.0076,-0.0008,9.8066,-0.0275,-0.1001,0.0562,9.44,-36.25,0.13,113.73,-84.51,-176.78
52.408535,-1.539173,151.88,7.46,3,300.45,20 / 22,2060810,2019-09-06 19:54:26:553,-0.7403,0.4312,9.2797,-0.0003,-0.0022,9.8066,0.0146,-0.0238,-0.0322,9.19,-36.12,-0.5,111.47,-84.6,-179.04
52.408535,-1.539173,151.88,7.46,3,300.45,20 / 22,2060910,2019-09-06 19:54:26:653,-1.4441,-0.345,9.2886,-0.0054,-0.0002,9.8066,-0.0291,-0.1124,0.0274,9.13,-36.31,0.38,111.33,-84.52,-179.5
52.408535,-1.539173,151.88,7.46,3,300.45,20 / 22,2061009,2019-09-06 19:54:26:752,0.3444,0.0212,10.0004,0.0052,-0.0103,9.8066,0.0488,0.0008,-0.0669,9.63,-36,-0.69,113.74,-84.49,179.71
52.408535,-1.539173,151.88,7.46,3,300.45,20 / 22,2061109,2019-09-06 19:54:26:852,-0.6504,0.4151,9.8094,-0.0176,-0.0126,9.8066,0.0719,-0.0386,0.0328,9.31,-35.75,-0.06,109.33,-84.37,177.58
52.408535,-1.539173,151.88,7.46,3,300.45,20 / 22,2061210,2019-09-06 19:54:26:953,-0.8785,0.0132,9.7451,0.0099,-0.0096,9.8066,0.1053,-0.0406,-0.0491,9.69,-36.75,-0.44,106.36,-84.36,175.9
52.408535,-1.539173,151.88,7.46,3,300.45,20 / 22,2061310,2019-09-06 19:54:27:053,-1.2436,0.596,9.9656,0.0265,-0.0277,9.8065,-0.1026,-0.0446,-0.0102,9.5,-35.94,-0.62,109.6,-84.42,174.73
52.408535,-1.539173,151.88,7.46,3,300.45,19 / 21,2061409,2019-09-06 19:54:27:152,-0.6084,2.5456,9.0207,-0.0165,-0.001,9.8066,0.1323,-0.1293,0.0272,9.38,-36.56,-0.69,111.2,-84.5,173.45
52.408535,-1.539173,151.88,7.46,3,300.45,19 / 21,2061510,2019-09-06 19:54:27:253,-0.0516,-0.0666,9.5196,-0.0401,0.0037,9.8066,-0.1067,-0.0408,-0.0157,9.38,-36.44,-0.94,110.22,-84.48,172.85
52.408535,-1.539173,151.88,7.46,3,300.45,19 / 21,2061609,2019-09-06 19:54:27:352,0.0195,0.0569,9.9331,0.0105,-0.0082,9.8065,0.0012,-0.0331,0.0409,9.69,-36.5,-1.12,104.38,-84.64,169.74
52.408535,-1.539173,151.88,7.46,3,300.45,19 / 21,2061709,2019-09-06 19:54:27:452,-1.0863,0.6828,10.1005,0.0032,0.0029,9.8066,-0.0357,-0.0553,0.0072,10.38,-36.25,-0.69,104.38,-84.62,169.65
52.408535,-1.539173,151.88,7.46,3,300.45,19 / 21,2061810,2019-09-06 19:54:27:553,-0.524,0.0669,9.333,0.0218,-0.0046,9.8065,-0.0401,-0.02,-0.0138,9.81,-36.37,-1,105.1,-84.6,170.36
52.408535,-1.539173,151.88,7.46,3,300.45,19 / 21,2061910,2019-09-06 19:54:27:653,-2.0951,-0.498,9.5418,0.0209,0.0054,9.8066,0.0471,-0.0903,0.1301,9.38,-36,-1.75,112.67,-84.69,170.69
52.408535,-1.539173,151.88,7.46,3,300.45,19 / 21,2062009,2019-09-06 19:54:27:752,0.8417,1.9542,9.1152,0.0308,-0.0111,9.8066,0.0158,-0.0405,-0.1473,9.44,-36.75,-1.69,114.32,-85.05,173.41
52.408535,-1.539173,151.88,7.46,3,300.45,19 / 21,2062109,2019-09-06 19:54:27:852,-3.1485,-3.1483,11.0266,-0.0107,-0.0693,9.8063,0.0254,-0.0563,0.1709,10.5,-35.69,-1.87,101.9,-85.08,165.91
52.408535,-1.539173,151.88,7.46,3,300.45,19 / 21,2062210,2019-09-06 19:54:27:953,-1.2956,2.1464,10.7276,-0.0633,0.0618,9.8062,-0.0686,-0.0819,0.2571,9.63,-36.06,-1.31,100.27,-85.22,167.47
52.408535,-1.539173,151.88,7.46,3,300.45,19 / 21,2062309,2019-09-06 19:54:28:052,-0.1302,1.2325,9.3592,-0.092,0.0491,9.8061,-0.0444,0.1066,-0.2385,8.88,-35.75,-0.94,110.8,-84.49,173.54
52.408535,-1.539173,151.88,7.46,3,300.45,20 / 22,2062409,2019-09-06 19:54:28:152,-1.9518,3.1992,7.5457,-0.0206,0.0049,9.8066,-0.0368,-0.0857,0.1884,9.19,-36.37,-0.62,109.79,-84.12,170.91
52.408535,-1.539173,151.88,7.46,3,300.45,20 / 22,2062510,2019-09-06 19:54:28:253,0.5332,-0.1136,9.3921,-0.0327,0.0575,9.8064,0.0838,-0.0437,-0.0402,8.81,-35.87,-1.69,116.94,-84.09,173.43
52.408535,-1.539173,151.88,7.46,3,300.45,20 / 22,2062610,2019-09-06 19:54:28:353,-0.1159,0.0024,9.8007,0.0896,-0.0544,9.806,0.068,-0.0231,-0.015,9.69,-35.75,-2.19,111.07,-85.21,173.8
52.408535,-1.539173,151.88,7.46,3,300.45,20 / 22,2062709,2019-09-06 19:54:28:452,-0.2522,0.2732,10.0414,0.041,-0.0237,9.8065,0.1128,0.031,-0.014,9.5,-36.25,-2.56,115.9,-85.3,174.49
52.408535,-1.539173,151.88,7.46,3,300.45,20 / 22,2062810,2019-09-06 19:54:28:553,-0.2704,0.4331,9.8658,-0.0044,-0.0029,9.8066,0.1501,-0.025,0.0265,9.19,-36.12,-2.44,112.82,-85.21,172.82
52.408535,-1.539173,151.88,7.46,3,300.45,20 / 22,2062910,2019-09-06 19:54:28:653,-0.8287,1.2777,9.7906,-0.0109,0.0161,9.8066,-0.0464,-0.0652,0.0038,9.19,-36,-1.75,114.49,-84.82,173.25
52.408535,-1.539173,151.88,7.46,3,300.45,20 / 22,2063009,2019-09-06 19:54:28:752,-1.7517,-0.4975,8.9661,-0.0335,0.0136,9.8065,-0.1447,0.0438,-0.0541,9.25,-35.81,-1.69,115.5,-84.46,173.11
52.408535,-1.539173,151.88,7.46,3,300.45,20 / 22,2063109,2019-09-06 19:54:28:852,0.2328,-0.35,10.0754,-0.0309,0.0255,9.8065,0.044,-0.0103,0.0604,8.75,-36.06,-2.19,115.36,-84.56,173.33
52.408535,-1.539173,151.88,7.46,3,300.45,20 / 22,2063210,2019-09-06 19:54:28:953,-1.2452,0.5515,9.7302,0.0043,0.015,9.8066,-0.0437,-0.006,-0.0049,9.31,-35.37,-2.44,113.05,-84.91,172.47
52.408535,-1.539173,151.88,7.46,3,300.45,20 / 22,2063309,2019-09-06 19:54:29:052,-0.6432,0.618,10.0379,-0.0173,0.018,9.8066,-0.0103,-0.0699,0.0328,8.81,-36.62,-2.44,115.63,-84.85,174.19
52.408535,-1.539173,151.88,7.46,3,300.45,20 / 22,2063409,2019-09-06 19:54:29:152,-0.5926,-0.5619,9.7858,-0.0166,0.005,9.8066,-0.0919,0.0272,-0.0897,9.31,-36.5,-2.12,115.1,-84.71,173.56
52.408535,-1.539173,151.88,7.46,3,300.45,20 / 22,2063510,2019-09-06 19:54:29:253,-1.111,-0.0934,11.3616,-0.0227,0.0163,9.8066,0.1513,0.0448,-0.0189,8.75,-36.5,-2.25,115.94,-84.49,173.75
52.408535,-1.539173,151.88,7.46,3,300.45,20 / 22,2063609,2019-09-06 19:54:29:352,-2.5962,2.7497,10.7983,-0.0153,-0.0241,9.8066,0.3682,-0.0658,0.0853,9,-36.56,-1.81,116.11,-84.22,172.31
52.408535,-1.539173,151.88,7.46,3,300.45,20 / 22,2063710,2019-09-06 19:54:29:453,-2.9016,0.0479,9.6787,0.0111,-0.0004,9.8066,-0.3841,0.0046,-0.0166,9.25,-36.56,-1.56,116.66,-84.11,172.58
52.408535,-1.539173,151.88,7.46,3,300.45,20 / 22,2063809,2019-09-06 19:54:29:552,2.1614,-2.0845,9.6657,-0.0455,0.0564,9.8064,-0.4672,0.1501,-0.0806,8.88,-36.5,-1.44,109.69,-84.39,171.87
52.408535,-1.539173,151.88,7.46,3,300.45,20 / 22,2063910,2019-09-06 19:54:29:653,0.2314,-1.0527,9.9546,-0.0454,-0.0236,9.8063,0.3514,0.0054,0.0945,9,-36,-1.44,110.47,-84.31,172.46
52.408535,-1.539173,151.88,7.46,3,300.45,20 / 22,2064009,2019-09-06 19:54:29:752,0.0517,-0.1165,10.7156,0.0476,-0.0074,9.8064,0.2965,-0.0388,-0.0287,8.81,-36.31,-1.25,111.97,-84.59,175.3
52.408535,-1.539173,151.88,7.46,3,300.45,20 / 22,2064110,2019-09-06 19:54:29:853,-1.7918,0.2222,10.3109,-0.0691,0.0549,9.8062,-0.0882,-0.1001,0.0047,9.25,-36.56,-1,115.12,-84.23,176.96
52.408535,-1.539173,151.88,7.46,3,300.45,20 / 22,2064210,2019-09-06 19:54:29:953,-0.1772,-0.635,8.9262,-0.03,0.0208,9.8065,-0.0959,0.0313,-0.0265,9,-36.31,-1.12,118.65,-83.59,179.41
52.408535,-1.539173,151.88,7.46,3,300.45,20 / 22,2064310,2019-09-06 19:54:30:053,1.3299,1.2286,9.053,0.0574,-0.0055,9.8065,0.0598,0.0778,-0.1131,8.88,-36.69,-1.12,119.88,-83.65,-179.49
52.408535,-1.539173,151.88,7.46,3,300.45,20 / 22,2064410,2019-09-06 19:54:30:153,0.4833,0.155,9.497,0.0564,-0.0466,9.8064,0.1208,-0.0374,0.0907,9.13,-36.5,-1.37,120.28,-83.72,-178.07
52.408535,-1.539173,151.88,7.46,3,300.45,20 / 22,2064510,2019-09-06 19:54:30:253,1.1204,-0.4552,9.6042,0.0119,0.0067,9.8066,-0.0244,-0.0218,0.0032,9,-36.06,-1.87,124.06,-84.08,-177.89
52.408535,-1.539173,151.88,7.46,3,300.45,20 / 22,2064609,2019-09-06 19:54:30:352,-0.2918,0.102,8.9242,-0.0137,0.0139,9.8065,-0.0981,-0.0211,-0.0077,8.44,-36.31,-1.69,127.8,-83.85,-177.83
52.408535,-1.539173,151.88,7.46,3,300.45,20 / 22,2064710,2019-09-06 19:54:30:453,-0.3799,1.241,9.9806,0.0094,0.0005,9.8065,-0.1003,-0.0447,0.0102,8.44,-36.94,-1.06,123.66,-83.84,-177.6
52.408535,-1.539173,151.88,7.46,3,300.45,20 / 22,2064809,2019-09-06 19:54:30:552,0.9341,0.0568,10.0237,-0.0459,0.018,9.8065,-0.1543,-0.0154,-0.0202,8.19,-36.87,-1.37,124.39,-83.58,-177.73
52.408535,-1.539173,151.88,7.46,3,300.45,20 / 22,2064910,2019-09-06 19:54:30:653,0.3214,0.3214,10.652,-0.0177,-0.0021,9.8066,0.0899,0.079,-0.0174,8.31,-37.19,-1.31,123.32,-83.73,-178.51
52.408535,-1.539173,151.88,7.46,3,300.45,20 / 22,2065010,2019-09-06 19:54:30:753,0.0572,1.1367,9.7719,-0.0075,-0.0129,9.8066,0.0905,-0.0766,0.078,8.5,-37.5,-1.69,125.2,-83.9,-177.66
52.408535,-1.539173,151.88,7.46,3,300.45,20 / 22,2065110,2019-09-06 19:54:30:853,0.0052,0.9661,9.9926,-0.0199,0.0157,9.8065,0.0307,0.0417,-0.0651,8.44,-37,-1.69,128.37,-83.75,-178.1
52.408535,-1.539173,151.88,7.46,3,300.45,20 / 22,2065209,2019-09-06 19:54:30:952,-0.7065,-0.2834,9.6006,0.0041,-0.0043,9.8066,0.0168,0.0387,0.0068,8.69,-36.5,-1.62,124.29,-83.7,-178.89
52.408535,-1.539173,151.88,7.46,3,300.45,20 / 22,2065310,2019-09-06 19:54:31:053,0.5481,0.1424,10.6583,0.0212,-0.0024,9.8065,-0.0121,0.003,-0.0189,8.63,-37.25,-1.44,120.66,-83.71,-178.28
52.408535,-1.539173,151.88,7.46,3,300.45,20 / 22,2065409,2019-09-06 19:54:31:152,0.3618,-0.435,9.756,-0.0096,0.0052,9.8066,-0.017,0.0062,-0.008,8.69,-36.69,-0.81,120.92,-83.61,-178.33
52.408535,-1.539173,151.88,7.46,3,300.45,20 / 22,2065509,2019-09-06 19:54:31:252,-0.1595,-0.2505,9.5447,-0.0041,0.0036,9.8066,0.0427,0.0034,0.0294,8.69,-36.62,-1.75,125.36,-83.67,-178.26
52.408535,-1.539173,151.88,7.46,3,300.45,20 / 22,2065610,2019-09-06 19:54:31:353,0.3495,-0.6087,10.3914,0.0089,-0.0014,9.8066,0.1255,0.0155,0.0233,8.69,-37.37,-0.75,120.82,-83.61,-178.46
52.408535,-1.539173,151.88,7.46,3,300.45,20 / 22,2065709,2019-09-06 19:54:31:452,-1.3395,0.8843,9.5108,0.0026,0.0008,9.8066,0.0315,-0.0075,0.0016,9.06,-36.69,-0.94,121.47,-83.53,-177.93
52.408535,-1.539173,151.88,7.46,3,300.45,20 / 22,2065809,2019-09-06 19:54:31:552,-0.6582,-0.3891,9.317,-0.0061,0.0048,9.8066,0.0933,0.0317,0.0075,9.06,-36.06,-1.25,120.93,-83.45,-178.27
52.408535,-1.539173,151.88,7.46,3,300.45,20 / 22,2065909,2019-09-06 19:54:31:652,0.0741,-1.6048,9.8091,-0.0239,0.0324,9.8065,0.2809,-0.0058,0.0511,9.25,-36.62,-1.25,122.97,-83.21,-177.23
52.408535,-1.539173,151.88,7.46,3,300.45,20 / 22,2066010,2019-09-06 19:54:31:753,-1.2197,2.8823,11.3091,0.0569,-0.0196,9.8064,0.3461,-0.1425,0.0129,8.81,-36.62,-1.19,122.56,-83.74,-175.79
52.408535,-1.539173,151.88,7.46,3,300.45,20 / 22,2066109,2019-09-06 19:54:31:852,-1.1507,-1.2818,11.0965,0.0815,-0.0658,9.806,-0.1103,-0.0524,0.262,8.75,-36.37,-1.56,127.21,-83.83,-174.76
52.408535,-1.539173,151.88,7.46,3,300.45,20 / 22,2066209,2019-09-06 19:54:31:952,0.7826,-2.1506,11.3618,-0.0466,0.0698,9.8063,0.1437,0.1625,-0.1232,8.06,-36.81,-1.69,130.17,-83.87,-175.27
52.408535,-1.539173,151.88,7.46,3,300.45,20 / 22,2066310,2019-09-06 19:54:32:053,-0.5969,1.6394,10.4157,-0.0132,-0.0034,9.8066,0.0396,-0.1612,0.043,8.44,-37.25,-1.37,128.13,-83.22,-174.12
52.408535,-1.539173,151.88,7.46,3,300.45,20 / 22,2066410,2019-09-06 19:54:32:153,-0.0025,-1.2727,10.1898,-0.009,-0.006,9.8066,-0.0106,0.094,0.1274,9,-37.31,-1,125.75,-83.06,-174.12
52.408535,-1.539173,151.88,7.46,3,300.45,20 / 22,2066509,2019-09-06 19:54:32:252,0.0467,1.4864,9.9969,-0.0095,0.0294,9.8066,-0.1201,0.0509,-0.1171,8.75,-37,-1.31,126.16,-83.11,-173.42
52.408535,-1.539173,151.88,7.46,3,300.45,20 / 22,2066610,2019-09-06 19:54:32:353,0.7649,0.1908,9.9511,-0.0197,0.0104,9.8065,-0.0339,-0.0276,-0.0186,8.88,-36.87,-1,127.28,-83,-172.3
52.408535,-1.539173,151.88,7.46,3,300.45,20 / 22,2066710,2019-09-06 19:54:32:453,-0.8449,0.5988,9.6876,-0.0016,0.0035,9.8066,-0.0223,-0.0243,0.0369,8.56,-36.75,-1.62,131.5,-82.94,-172.6
52.408535,-1.539173,151.88,7.46,3,300.45,20 / 22,2066809,2019-09-06 19:54:32:552,1.5562,-0.6245,9.7728,-0.0493,0.0038,9.8065,-0.1995,-0.1184,0.0455,8.56,-37,-0.87,127.25,-82.99,-172.4
52.408535,-1.539173,151.88,7.46,3,300.45,20 / 22,2066909,2019-09-06 19:54:32:652,-1.093,-0.8048,9.8673,-0.0586,0.0268,9.8064,0.0058,-0.0478,0.0775,8.13,-36.94,-0.75,130.09,-82.69,-173.47
52.408535,-1.539173,151.88,7.46,3,300.45,20 / 22,2067009,2019-09-06 19:54:32:752,1.0481,0.7226,9.4433,0.018,-0.0152,9.8066,-0.0997,-0.1051,0.0341,8.75,-37.12,-1.25,127.03,-82.88,-173.06
52.408535,-1.539173,151.88,7.46,3,300.45,20 / 22,2067110,2019-09-06 19:54:32:853,-0.9739,-0.4434,9.0735,0.0435,-0.0186,9.8065,-0.0101,-0.0983,0.0261,8.25,-37.06,-1.81,134.52,-82.63,-173.63
52.408535,-1.539173,151.88,7.46,3,300.45,20 / 22,2067210,2019-09-06 19:54:32:953,0.7907,0.7275,9.4335,0.0171,-0.0026,9.8066,-0.0883,-0.0401,0.0281,8.25,-37.87,-0.87,131.5,-82.77,-171.88
52.408535,-1.539173,151.88,7.46,3,300.45,20 / 22,2067310,2019-09-06 19:54:33:053,-0.0453,0.5842,9.1968,-0.0147,-0.008,9.8066,-0.0086,0.038,-0.0422,8,-38.06,-2,135.24,-82.84,-172.52
52.408535,-1.539173,151.88,7.46,3,300.45,20 / 22,2067410,2019-09-06 19:54:33:153,-0.9774,0.6286,8.4341,0.0671,-0.0763,9.8061,0.1819,-0.1208,0.0206,7.94,-37.81,-1.44,128.81,-83.31,-173.59
52.408535,-1.539173,151.88,7.46,3,300.45,20 / 22,2067510,2019-09-06 19:54:33:253,1.633,-1.4307,9.7568,0.0018,0.0131,9.8066,0.0796,-0.0515,-0.0071,7.44,-37.06,-1.31,132.18,-83.15,-173.42
52.408535,-1.539173,151.88,7.46,3,300.45,20 / 22,2067610,2019-09-06 19:54:33:353,0.2667,-0.5606,9.8552,0.0113,-0.0243,9.8066,0.1613,0.0118,0.0871,6.56,-37.19,-1.06,133.02,-82.99,-172.84
52.408535,-1.539173,151.88,7.46,3,300.45,20 / 22,2067709,2019-09-06 19:54:33:452,-0.6478,-0.2409,10.4663,0.0129,0.0029,9.8066,0.0525,0.0309,-0.0545,6.63,-36.56,0.69,121.73,-82.86,-173.73
52.408535,-1.539173,151.88,7.46,3,300.45,20 / 22,2067810,2019-09-06 19:54:33:553,-0.3489,1.5865,10.2443,-0.0046,0.0063,9.8066,0.0522,-0.0071,0.0044,7.81,-36.69,0.88,121.54,-82.51,-171.98
52.408535,-1.539173,151.88,7.46,3,300.45,20 / 22,2067910,2019-09-06 19:54:33:653,-0.4361,0.2709,9.9913,0.0234,-0.0127,9.8066,-0.196,-0.0119,0.0464,8.5,-36.87,0.31,123.55,-82.64,-172.42
52.408535,-1.539173,151.88,7.46,3,300.45,20 / 22,2068010,2019-09-06 19:54:33:753,1.8141,-1.7761,11.2112,-0.0311,0.0134,9.8066,-0.1913,0.0373,-0.0751,8.75,-36.75,-0.94,128,-82.72,-172.34
52.408535,-1.539173,151.88,7.46,3,300.45,20 / 22,2068110,2019-09-06 19:54:33:853,1.0222,0.1802,11.4141,0.0119,-0.0197,9.8065,0.4246,0.0872,-0.0198,8.56,-37.25,-0.69,126.76,-82.97,-173.13
52.408535,-1.539173,151.88,7.46,3,300.45,20 / 22,2068209,2019-09-06 19:54:33:952,-2.0406,-0.3268,11.8563,-0.0314,0.0183,9.8066,0.4381,-0.0738,0.0746,8.81,-36.81,-0.62,126.51,-82.76,-174.18
52.408535,-1.539173,151.88,7.46,3,300.45,20 / 22,2068309,2019-09-06 19:54:34:052,-1.5493,0.7576,10.3654,-0.0685,0.0447,9.8063,-0.3279,0.0769,-0.0312,8.38,-37.06,-0.94,130.98,-82.33,-173.58
52.408535,-1.539173,151.88,7.46,3,300.45,20 / 22,2068410,2019-09-06 19:54:34:153,-1.2189,0.9679,9.9925,0.0421,-0.0023,9.8065,0.0371,-0.0235,0.0968,8.25,-37.06,-1.06,131.42,-82.55,-172.09
52.408535,-1.539173,151.88,7.46,3,300.45,20 / 22,2068510,2019-09-06 19:54:34:253,-0.7211,0.591,9.9993,-0.0612,0.0356,9.8063,-0.128,-0.0012,-0.0434,8.31,-36.94,-1,131.04,-82.73,-171.97
52.408535,-1.539173,151.88,7.46,3,300.45,20 / 22,2068609,2019-09-06 19:54:34:352,1.3802,-0.0121,9.4684,-0.0462,0.0321,9.8065,-0.0356,-0.0299,0.0684,8.19,-36.56,-0.87,131.57,-82.45,-172.26
52.408535,-1.539173,151.88,7.46,3,300.45,20 / 22,2068709,2019-09-06 19:54:34:452,0.7124,-0.2598,9.2697,0.01,-0.0146,9.8065,0.1547,0.0055,-0.06,7.94,-37.06,-1.12,131.09,-82.57,-172.48
52.408535,-1.539173,151.88,7.46,3,300.45,20 / 22,2068810,2019-09-06 19:54:34:553,0.5325,-0.1664,9.288,0.0047,-0.004,9.8066,0.1005,-0.0174,-0.0407,8.31,-36.69,-1,130.84,-82.49,-173.18
52.408535,-1.539173,151.88,7.46,3,300.45,20 / 22,2068910,2019-09-06 19:54:34:653,-0.1058,0.4671,10.182,0.0061,-0.004,9.8066,-0.0851,0.0242,-0.0018,8.25,-36.75,-1.94,135.28,-82.5,-172.97
52.408535,-1.539173,151.88,7.46,3,300.45,20 / 22,2069009,2019-09-06 19:54:34:752,0.8871,-1.5988,10.1499,0.0029,0.0015,9.8066,-0.0334,0.0158,-0.0148,8.38,-36.25,-0.81,130.53,-82.54,-172.64
52.408535,-1.539173,151.88,7.46,3,300.45,20 / 22,2069110,2019-09-06 19:54:34:853,0.7804,-0.0081,10.0389,-0.0003,0.0078,9.8066,-0.0262,0.0216,0.0163,7.5,-36.62,-1.06,131.43,-82.53,-172.18
52.408535,-1.539173,151.88,7.46,3,300.45,20 / 22,2069210,2019-09-06 19:54:34:953,-0.289,0.7654,9.6252,0.0018,0.0084,9.8066,0.1634,0.0009,-0.0331,8.06,-36.56,-0.44,127.36,-82.43,-171.52
52.408535,-1.539173,151.88,7.46,3,300.45,20 / 22,2069310,2019-09-06 19:54:35:053,-0.6403,0.1176,9.4851,-0.0228,0.0205,9.8065,0.1181,-0.0824,0.0457,8.94,-36.81,0,125.08,-82.34,-171.49
52.409023,-1.540385,151.63,13.2,3,303.08,20 / 22,2069409,2019-09-06 19:54:35:152,0.8123,-0.3287,9.2955,0.0291,-0.0086,9.8066,0.0411,0.0336,0.0059,9.06,-36.81,-1,129.37,-82.57,-170.98
52.409023,-1.540385,151.63,13.2,3,303.08,20 / 22,2069510,2019-09-06 19:54:35:253,0.1128,0.126,9.6275,-0.0046,-0.0013,9.8065,0.0116,0.008,-0.0118,8.13,-36,-1.56,135.9,-82.67,-170.8
52.409023,-1.540385,151.63,13.2,3,303.08,20 / 22,2069609,2019-09-06 19:54:35:352,-0.1578,-0.7132,9.549,-0.0181,0.0084,9.8066,0.0576,0.0606,-0.0149,8.44,-37,-1,132.11,-82.58,-170.97
52.409023,-1.540385,151.63,13.2,3,303.08,20 / 22,2069710,2019-09-06 19:54:35:453,-0.0543,0.0413,9.9842,-0.0071,0.0084,9.8066,-0.1097,-0.0154,0.0145,7.81,-36.62,-1.25,132.47,-82.58,-170.48
52.409023,-1.540385,151.63,13.2,3,303.08,20 / 22,2069809,2019-09-06 19:54:35:552,0.1919,-0.7532,9.924,-0.0222,0.0158,9.8066,-0.0801,0.0242,-0.0139,8,-36.12,-1.12,132.53,-82.41,-170.25
52.409023,-1.540385,151.63,13.2,3,303.08,20 / 22,2069910,2019-09-06 19:54:35:653,0.1037,-0.2171,9.9495,0.0302,-0.0038,9.8066,0.109,0.0164,0.0195,7.81,-36.06,-1.06,133.22,-82.45,-169.07
52.409023,-1.540385,151.63,13.2,3,303.08,20 / 22,2070010,2019-09-06 19:54:35:753,-0.0937,0.0575,10.2362,0.0324,-0.0064,9.8065,0.0887,-0.0369,0.059,8.19,-35.94,-1.12,133.86,-82.42,-168.27
52.409023,-1.540385,151.63,13.2,3,303.08,20 / 22,2070110,2019-09-06 19:54:35:853,0.7753,-0.2365,10.1264,-0.028,0.0175,9.8065,-0.0906,-0.0425,-0.012,8.25,-35.69,-1.44,134.72,-82.13,-168.03
52.409023,-1.540385,151.63,13.2,3,303.08,20 / 22,2070210,2019-09-06 19:54:35:953,0.593,-0.5787,9.4271,-0.0222,0.0189,9.8066,-0.0809,-0.0039,-0.0116,7.44,-36.12,-1.56,142.45,-82.07,-167.88
52.409023,-1.540385,151.63,13.2,3,303.08,20 / 22,2070310,2019-09-06 19:54:36:053,0.2384,-0.6054,9.5306,0.0035,-0.0049,9.8066,0.0257,0.0012,0.0348,7.69,-36.44,-1.12,134.91,-82.05,-168
52.409023,-1.540385,151.63,13.2,3,303.08,19 / 21,2070410,2019-09-06 19:54:36:153,-0.4292,-0.0544,9.8463,0.0102,-0.0225,9.8066,-0.0841,0.0394,-0.0376,7.38,-36.31,-0.75,137.61,-82.09,-168.58
52.409023,-1.540385,151.63,13.2,3,303.08,19 / 21,2070509,2019-09-06 19:54:36:252,-0.0927,-0.0007,9.0895,0,-0.006,9.8066,-0.0751,-0.0366,-0.0305,7.81,-35.81,-0.75,133.4,-82.24,-169.58
52.409023,-1.540385,151.63,13.2,3,303.08,19 / 21,2070610,2019-09-06 19:54:36:353,-0.6393,0.308,9.4644,-0.0176,-0.007,9.8066,-0.1121,0.0234,-0.0483,7.94,-36.19,-0.69,132.74,-82.25,-170.51
52.409023,-1.540385,151.63,13.2,3,303.08,19 / 21,2070709,2019-09-06 19:54:36:452,0.6499,-0.519,10.3459,0.014,0.0015,9.8066,0.069,-0.0164,-0.0179,7.75,-36,-0.69,133.02,-82.36,-169.7
52.409023,-1.540385,151.63,13.2,3,303.08,19 / 21,2070810,2019-09-06 19:54:36:553,0.0902,-0.2333,10.1848,-0.0046,-0.0033,9.8065,0.0629,-0.0241,0.0105,7.25,-36.5,-0.44,131.05,-82.27,-170.33
52.409023,-1.540385,151.63,13.2,3,303.08,19 / 21,2070909,2019-09-06 19:54:36:652,-0.2077,-0.7396,9.4594,0.0079,-0.0014,9.8066,0.045,-0.0004,0.0348,7.44,-36.12,0.06,131.8,-82.05,-170.15
52.409023,-1.540385,151.63,13.2,3,303.08,19 / 21,2071010,2019-09-06 19:54:36:753,-0.1626,0.0292,9.9364,0.0211,-0.0024,9.8066,0.0669,0.0358,0.026,8.38,-35.94,-0.31,129.55,-82.08,-168.9
52.409023,-1.540385,151.63,13.2,3,303.08,19 / 21,2071110,2019-09-06 19:54:36:853,0.1352,-0.0344,10.2362,0.0191,-0.0052,9.8065,-0.0553,-0.0218,-0.0023,8.88,-36.06,-0.44,127.47,-82.19,-167.98
52.409023,-1.540385,151.63,13.2,3,303.08,19 / 21,2071209,2019-09-06 19:54:36:952,0.2926,0.4033,10.295,0.0205,-0.0186,9.8065,0.0242,0.0254,-0.0566,9.13,-35.75,-0.94,131.32,-82.37,-168.24
52.409023,-1.540385,151.63,13.2,3,303.08,19 / 21,2071310,2019-09-06 19:54:37:053,-0.6089,0.1426,9.4905,-0.039,0.0186,9.8065,0.1685,0.0029,-0.0111,7.94,-35.5,-2.12,138.23,-82.01,-168.77
52.409023,-1.540385,151.63,13.2,3,303.08,19 / 21,2071410,2019-09-06 19:54:37:153,-0.0725,-0.3328,9.1612,-0.0371,0.0305,9.8065,-0.1823,-0.0037,0.0312,7.69,-35.75,-1.87,138.85,-81.93,-168.78
52.409023,-1.540385,151.63,13.2,3,303.08,19 / 21,2071509,2019-09-06 19:54:37:252,0.3961,0.0096,9.5149,0.0079,-0.0114,9.8066,0.1219,-0.0495,-0.0325,6.88,-35.62,-1.5,137.65,-82.01,-168.83
52.409023,-1.540385,151.63,13.2,3,303.08,19 / 21,2071610,2019-09-06 19:54:37:353,0.9091,-1.4489,7.2331,0.0784,-0.0755,9.806,-0.1296,-0.0794,0.0354,7.25,-35.5,-0.31,131.13,-81.87,-170.98
52.409023,-1.540385,151.63,13.2,3,303.08,19 / 21,2071710,2019-09-06 19:54:37:453,0.6353,0.7112,10.0234,0.1087,-0.0353,9.806,0.5749,-0.1507,0.0596,8.06,-34.94,-0.31,127.29,-82.32,-170.34
52.409023,-1.540385,151.63,13.2,3,303.08,19 / 21,2071809,2019-09-06 19:54:37:552,1.1342,-3.7216,7.0387,0.0823,-0.0722,9.8059,0.3968,-0.118,-0.0201,8.63,-34.81,-2.62,137.81,-82.34,-169.72
52.409023,-1.540385,151.63,13.2,3,303.08,19 / 21,2071910,2019-09-06 19:54:37:653,-1.0492,-0.485,11.2813,0.1556,-0.0837,9.805,0.3586,-0.0977,0.0798,8,-34.69,-2.25,137.96,-82.6,-167.41
52.409023,-1.540385,151.63,13.2,3,303.08,19 / 21,2072009,2019-09-06 19:54:37:752,-0.772,0.5112,10.6831,0.0865,-0.0881,9.8059,0.3534,0.0663,-0.0507,6.69,-33.31,-2.5,140.13,-82.37,-168.34
52.409023,-1.540385,151.63,13.2,3,303.08,19 / 21,2072109,2019-09-06 19:54:37:852,-0.3805,1.3654,10.1241,-0.0118,-0.0007,9.8066,-0.1866,-0.0913,-0.003,5.5,-31.56,-2.25,144.08,-82.04,-168.45
52.409023,-1.540385,151.63,13.2,3,303.08,19 / 21,2072209,2019-09-06 19:54:37:952,-0.4067,-0.8263,9.8658,0.0204,-0.0435,9.8065,0.0594,-0.0004,-0.0839,5.38,-30.94,-0.69,141.68,-82.34,-169.68
52.409023,-1.540385,151.63,13.2,3,303.08,19 / 21,2072309,2019-09-06 19:54:38:052,-0.186,-0.511,10.2958,-0.0495,0.0141,9.8065,-0.0608,-0.0614,-0.0013,7,-31.87,0.94,122.99,-82.16,-170.04
52.409023,-1.540385,151.63,13.2,3,303.08,19 / 21,2072410,2019-09-06 19:54:38:153,-0.1582,-0.1931,9.5115,-0.0004,-0.0018,9.8066,0.027,-0.0727,-0.0122,8.25,-33.56,0.06,126.4,-82.22,-171.12
52.409023,-1.540385,151.63,13.2,3,303.08,19 / 21,2072509,2019-09-06 19:54:38:252,0.1819,0.892,9.8286,0.0019,-0.0034,9.8066,-0.0076,-0.0892,-0.0183,9.06,-35.06,-0.69,129.16,-82.09,-171.42
52.409023,-1.540385,151.63,13.2,3,303.08,19 / 21,2072610,2019-09-06 19:54:38:353,-0.4455,-0.2059,9.7879,0.0097,-0.0131,9.8066,0.0145,-0.0497,0.0182,9.19,-35,-1.19,128.79,-82.13,-171.81
52.409023,-1.540385,151.63,13.2,3,303.08,19 / 21,2072710,2019-09-06 19:54:38:453,-0.2399,-0.1989,9.7101,0.0068,-0.0082,9.8066,0.0494,0.0274,0.0153,8.88,-35.06,-1.62,133.06,-82.02,-171.96
52.409023,-1.540385,151.63,13.2,3,303.08,19 / 21,2072809,2019-09-06 19:54:38:552,0.0001,0.2624,9.5612,-0.0004,0.0033,9.8066,-0.0109,-0.0238,-0.0003,8.56,-35.87,-1.75,133.22,-82.07,-172.27
52.409023,-1.540385,151.63,13.2,3,303.08,19 / 21,2072910,2019-09-06 19:54:38:653,-0.3658,-0.0027,9.4664,0.0078,-0.003,9.8066,-0.0117,-0.0144,-0.0186,8.75,-36.06,-1.56,133.07,-82.12,-172.34
52.409023,-1.540385,151.63,13.2,3,303.08,19 / 21,2073010,2019-09-06 19:54:38:753,0.4773,-0.304,9.7496,0.0107,-0.008,9.8066,-0.1061,-0.0477,0.0366,7.94,-36.12,-1.5,131.68,-82.23,-172.14
52.409023,-1.540385,151.63,13.2,3,303.08,19 / 21,2073110,2019-09-06 19:54:38:853,0.7213,-0.8562,9.6081,-0.008,0.0088,9.8066,-0.153,-0.0067,-0.0157,7.88,-36.56,-2.25,136.89,-82.21,-171.55
52.409023,-1.540385,151.63,13.2,3,303.08,19 / 21,2073209,2019-09-06 19:54:38:952,0.5483,-0.7506,9.2075,-0.0187,0.024,9.8066,0.1611,0.0256,0.0042,7,-35.87,-1.81,140.16,-82.15,-171.26
52.409023,-1.540385,151.63,13.2,3,303.08,19 / 21,2073309,2019-09-06 19:54:39:052,-0.6435,0.8811,10.3017,0.0304,-0.0202,9.8065,0.1641,0.0078,0.0406,7.13,-35.94,-1.19,135.86,-82.06,-171.47
52.409023,-1.540385,151.63,13.2,3,303.08,20 / 22,2073409,2019-09-06 19:54:39:152,0.0912,0.6341,10.4591,0.0281,-0.0162,9.8066,-0.121,0.0131,-0.013,7.25,-36.5,-0.87,135.85,-82.21,-170.86
52.409023,-1.540385,151.63,13.2,3,303.08,20 / 22,2073510,2019-09-06 19:54:39:253,-0.2537,-0.291,10.3518,-0.0243,0.0145,9.8066,0.0072,-0.0101,-0.0146,7.06,-35.56,-1.25,135.93,-82.08,-171.3
52.409023,-1.540385,151.63,13.2,3,303.08,20 / 22,2073610,2019-09-06 19:54:39:353,-0.6442,0.0909,9.8702,0.0056,-0.0081,9.8066,-0.0636,-0.0415,0.0457,7.38,-35.69,-1.62,140.17,-82.16,-171.21
52.409023,-1.540385,151.63,13.2,3,303.08,20 / 22,2073710,2019-09-06 19:54:39:453,0.0571,-0.2162,9.9317,-0.0292,0.01,9.8066,-0.1002,-0.0094,-0.0019,8.56,-35.69,-1.12,129.59,-81.97,-171.98
52.409023,-1.540385,151.63,13.2,3,303.08,20 / 22,2073810,2019-09-06 19:54:39:553,-0.0867,1.0833,9.2808,-0.0245,0.0135,9.8066,-0.1492,0.0335,-0.0478,7.75,-36.12,-1.31,132.25,-82.05,-171.98
52.409023,-1.540385,151.63,13.2,3,303.08,20 / 22,2073909,2019-09-06 19:54:39:652,0.8949,-0.4641,9.331,0.0108,-0.0111,9.8066,-0.1155,-0.0058,0.0155,7.19,-35.87,-1.19,135.22,-82.12,-172.23
52.409023,-1.540385,151.63,13.2,3,303.08,20 / 22,2074009,2019-09-06 19:54:39:752,-0.1682,-0.1109,10.2945,0.0131,-0.007,9.8066,0.1136,-0.0098,0.0356,7.63,-35.87,-1,131.53,-82.26,-172.24
52.409023,-1.540385,151.63,13.2,3,303.08,20 / 22,2074109,2019-09-06 19:54:39:852,0.0762,-0.9627,10.1529,0.0035,0.0012,9.8066,0.0295,0.0428,-0.0469,8.5,-35.62,-1.37,128.96,-82.19,-172.11
52.409023,-1.540385,151.63,13.2,3,303.08,20 / 22,2074209,2019-09-06 19:54:39:952,-0.7237,-2.3767,10.5532,0.027,-0.0003,9.8066,0.0105,-0.0626,0.1576,8.69,-35.87,-1,129.26,-82.22,-171.59
52.409023,-1.540385,151.63,13.2,3,303.08,20 / 22,2074309,2019-09-06 19:54:40:052,0.8948,-0.7249,10.9695,-0.0363,0.0314,9.8064,0.1261,0.0585,-0.1838,8.19,-35.62,-1.81,137.19,-81.86,-171.51
52.409023,-1.540385,151.63,13.2,3,303.08,20 / 22,2074410,2019-09-06 19:54:40:153,-1.0605,-0.2878,10.0091,-0.0547,0.0588,9.8062,-0.1618,-0.0376,0.0489,7.94,-35.69,-0.94,131.07,-82.27,-172.88
52.409023,-1.540385,151.63,13.2,3,303.08,20 / 22,2074510,2019-09-06 19:54:40:253,-0.578,2.8014,11.1037,-0.0378,-0.0067,9.8065,0.0006,0.1373,-0.075,7.5,-36.06,-0.44,128.09,-82.18,-170.62
52.409023,-1.540385,151.63,13.2,3,303.08,20 / 22,2074609,2019-09-06 19:54:40:352,-0.3839,0.4997,9.5269,-0.0207,0.0208,9.8065,-0.407,0.1226,-0.1198,8.81,-35.81,-1.44,128.2,-82.42,-172.39
52.409023,-1.540385,151.63,13.2,3,303.08,20 / 22,2074710,2019-09-06 19:54:40:453,0.0986,0.142,10.2887,-0.0881,0.0245,9.8061,-0.1803,-0.0553,0.0591,8.63,-36,-1.44,127.62,-82.19,-173.95
52.409023,-1.540385,151.63,13.2,3,303.08,20 / 22,2074809,2019-09-06 19:54:40:552,-0.5208,0.3596,9.6753,-0.0622,0.0418,9.8064,0.0643,-0.003,-0.0196,7.81,-35.81,-1.62,135.2,-82,-174.02
52.409023,-1.540385,151.63,13.2,3,303.08,20 / 22,2074909,2019-09-06 19:54:40:652,0.2568,-0.7633,9.9946,0.0394,-0.0179,9.8065,-0.0491,0.0092,-0.0013,7.56,-36.31,-0.94,131.11,-82.07,-173.57
52.409023,-1.540385,151.63,13.2,3,303.08,20 / 22,2075010,2019-09-06 19:54:40:753,-0.611,0.7379,9.9184,0.0426,-0.0238,9.8065,0.0267,0.0651,-0.0487,7.69,-35.94,0,126.43,-82.08,-173.45
52.409023,-1.540385,151.63,13.2,3,303.08,20 / 22,2075110,2019-09-06 19:54:40:853,1.308,-1.1413,10.0239,0.0305,-0.0182,9.8065,0.126,0.0338,-0.0219,8.25,-36.12,-0.31,126.82,-82,-173.21
52.409023,-1.540385,151.63,13.2,3,303.08,20 / 22,2075210,2019-09-06 19:54:40:953,-0.7509,0.1614,9.8821,0.0575,-0.0339,9.8064,-0.0954,0.037,0.0024,8.88,-36.12,-0.81,127.92,-82.31,-173.13
52.409023,-1.540385,151.63,13.2,3,303.08,20 / 22,2075310,2019-09-06 19:54:41:053,0.5968,-0.1325,9.5107,-0.0165,0.0141,9.8065,0.006,0.0213,-0.0027,9,-36.31,-1.12,128.42,-82.14,-173.03
52.409023,-1.540385,151.63,13.2,3,303.08,20 / 22,2075409,2019-09-06 19:54:41:152,-0.392,-0.4542,9.902,-0.0153,0.0132,9.8066,-0.0201,0.0163,0.0221,8.69,-36.31,-0.94,128.51,-82.18,-172.75
52.409023,-1.540385,151.63,13.2,3,303.08,20 / 22,2075510,2019-09-06 19:54:41:253,0.768,-0.4242,10.1925,0.0007,-0.0036,9.8066,-0.0497,0.0052,0.0052,8.56,-35.19,-1.81,131.68,-82.26,-173.17
52.409023,-1.540385,151.63,13.2,3,303.08,20 / 22,2075609,2019-09-06 19:54:41:352,0.5183,-0.2283,10.0234,0.0088,0.0008,9.8066,0.1044,0.0058,0.012,8.5,-36,-1.25,128.35,-82.23,-172.81
52.409023,-1.540385,151.63,13.2,3,303.08,20 / 22,2075709,2019-09-06 19:54:41:452,0.2486,-0.6796,9.4225,0.0059,-0.0011,9.8066,0.0272,-0.0097,0.0191,8.25,-36.06,-0.87,131.45,-82.15,-172.76
52.409023,-1.540385,151.63,13.2,3,303.08,20 / 22,2075810,2019-09-06 19:54:41:553,0.6729,-0.5009,9.8317,0.0145,-0.0043,9.8066,-0.0197,0.077,-0.0189,8.25,-36.87,-1.62,136.5,-82.2,-172.16
52.409023,-1.540385,151.63,13.2,3,303.08,20 / 22,2075910,2019-09-06 19:54:41:653,0.5643,0.4398,10.332,-0.0411,0.0252,9.8065,-0.0833,-0.0336,0.0371,8.19,-36.56,-1.25,132.3,-82,-172.91
52.409023,-1.540385,151.63,13.2,3,303.08,20 / 22,2076010,2019-09-06 19:54:41:753,0.5848,-1.6078,10.3585,0.0101,-0.0221,9.8065,0.0305,-0.0369,0.0458,8.19,-36.31,-1.06,132.02,-81.95,-172.65
52.409023,-1.540385,151.63,13.2,3,303.08,20 / 22,2076110,2019-09-06 19:54:41:853,-0.2388,-0.4824,9.5401,0.0107,-0.009,9.8066,0.035,0.0369,-0.0043,8.69,-36.06,-0.69,128.28,-82.09,-173.38
52.409023,-1.540385,151.63,13.2,3,303.08,20 / 22,2076210,2019-09-06 19:54:41:953,0.8614,0.3481,9.1101,-0.0012,0.0025,9.8066,-0.0525,0.0504,-0.0735,8.56,-36.31,-0.94,128.35,-82.01,-173.57
52.409023,-1.540385,151.63,13.2,3,303.08,20 / 22,2076310,2019-09-06 19:54:42:053,1.6327,-1.6502,9.687,0.0243,-0.0201,9.8065,0.0347,0.0245,0.0134,8.25,-36.19,-0.56,130.76,-82.07,-174.07
52.409023,-1.540385,151.63,13.2,3,303.08,21 / 23,2076409,2019-09-06 19:54:42:152,1.1877,-0.8829,9.2417,0.0241,-0.0193,9.8065,0.1,-0.0225,0.0009,8.88,-36.62,-1,127.58,-82.31,-174.35
52.409023,-1.540385,151.63,13.2,3,303.08,21 / 23,2076510,2019-09-06 19:54:42:253,1.7179,-0.6583,10.2906,-0.0063,0.0051,9.8066,0.0724,-0.0319,-0.0176,8.69,-35.94,-0.5,122.77,-82.17,-174.46
52.409023,-1.540385,151.63,13.2,3,303.08,21 / 23,2076609,2019-09-06 19:54:42:352,0.9238,-0.9104,10.109,-0.0046,0.0082,9.8066,-0.0354,0.0022,0.0488,8.06,-36.44,-0.69,130.76,-82.14,-173.79
52.409023,-1.540385,151.63,13.2,3,303.08,21 / 23,2076710,2019-09-06 19:54:42:453,1.356,-0.1346,10.0123,-0.0093,0.0147,9.8066,-0.1307,0.0977,-0.0183,8.19,-36.62,-1.31,132.06,-81.98,-173.34
52.409023,-1.540385,151.63,13.2,3,303.08,21 / 23,2076809,2019-09-06 19:54:42:552,0.6455,-1.5096,9.4205,-0.0124,0.0071,9.8066,0.1003,0.0289,0.0674,7.94,-36.62,-1.12,131.91,-81.98,-173.55
52.409023,-1.540385,151.63,13.2,3,303.08,21 / 23,2076909,2019-09-06 19:54:42:652,0.6106,-1.1174,9.6849,0.0318,-0.0198,9.8066,0.0687,-0.0183,-0.0276,7.63,-36.75,-0.31,128.11,-81.87,-172.8
52.409023,-1.540385,151.63,13.2,3,303.08,21 / 23,2077010,2019-09-06 19:54:42:753,0.2874,-0.7207,9.3105,0.0154,-0.0038,9.8066,0.0581,-0.0698,-0.0733,7.81,-36.56,-0.19,128,-82,-172.42
52.409023,-1.540385,151.63,13.2,3,303.08,21 / 23,2077109,2019-09-06 19:54:42:852,1.0335,0.8961,11.0032,0.0276,-0.0236,9.8065,0.1209,-0.164,0.0106,7.94,-36.31,-0.25,127.01,-82.06,-172.68
52.409023,-1.540385,151.63,13.2,3,303.08,21 / 23,2077210,2019-09-06 19:54:42:953,0.4289,0.3432,10.4371,0.0468,-0.0406,9.8064,0.0609,0.0306,-0.0165,8.5,-36.87,-1.5,128.81,-82.16,-173.18
52.409023,-1.540385,151.63,13.2,3,303.08,21 / 23,2077310,2019-09-06 19:54:43:053,0.646,0.2852,11.1836,-0.0414,0.0252,9.8065,0.1482,0.0487,0.019,7.81,-36.94,-1.12,131.9,-81.86,-174.03
52.409023,-1.540385,151.63,13.2,3,303.08,20 / 22,2077409,2019-09-06 19:54:43:152,0.2617,-0.5545,10.7735,0.0145,-0.0094,9.8066,-0.1595,0.0167,0.0568,8.31,-36.44,-0.56,130.99,-81.97,-174.1
52.409023,-1.540385,151.63,13.2,3,303.08,20 / 22,2077510,2019-09-06 19:54:43:253,0.4736,0.6544,10.0284,-0.0558,0.0411,9.8064,-0.1241,-0.0521,0.0029,8.31,-37.19,-0.37,126.66,-82.04,-174.22
52.409023,-1.540385,151.63,13.2,3,303.08,20 / 22,2077609,2019-09-06 19:54:43:352,-0.3469,-1.0564,9.302,-0.0134,0.0021,9.8066,-0.0377,-0.0789,0.0558,8.38,-37.12,-0.87,131.82,-81.82,-174.33
52.409023,-1.540385,151.63,13.2,3,303.08,20 / 22,2077710,2019-09-06 19:54:43:453,0.734,0.6561,10.1265,-0.0112,0.0182,9.8066,-0.2121,0.0829,-0.0964,8.25,-36.75,-1.12,131.92,-81.86,-173.99
52.409023,-1.540385,151.63,13.2,3,303.08,20 / 22,2077809,2019-09-06 19:54:43:552,2.0829,-1.0354,10.1596,-0.0313,0.0147,9.8065,0.1314,0.0586,-0.062,8.38,-36.62,-1.62,135.57,-81.91,-174.56
52.409023,-1.540385,151.63,13.2,3,303.08,20 / 22,2077910,2019-09-06 19:54:43:653,0.6912,1.0891,11.1374,0.0208,0.0026,9.8066,0.3195,-0.0861,0.0296,8.38,-37.25,-0.19,126.52,-81.98,-174.68
52.409023,-1.540385,151.63,13.2,3,303.08,20 / 22,2078009,2019-09-06 19:54:43:752,-1.145,2.5602,10.3394,0.0951,-0.0875,9.8058,-0.3252,0.0962,-0.0581,8.31,-36.81,-0.62,130.09,-82.3,-175
52.409023,-1.540385,151.63,13.2,3,303.08,20 / 22,2078109,2019-09-06 19:54:43:852,-0.3771,-0.5017,8.4428,-0.0839,0.0393,9.8061,-0.1335,-0.0015,0.0421,8.56,-36.69,-0.37,123.1,-82.32,-174.27
52.409023,-1.540385,151.63,13.2,3,303.08,20 / 22,2078210,2019-09-06 19:54:43:953,0.0802,0.2874,10.2823,-0.061,0.049,9.8063,-0.2452,0.0277,-0.0326,8.81,-35.81,-0.75,127.23,-82.17,-174.57
52.409023,-1.540385,151.63,13.2,3,303.08,20 / 22,2078309,2019-09-06 19:54:44:052,0.5341,-0.6583,9.8325,-0.033,0.0105,9.8065,-0.1702,0.0211,0.0905,9.56,-36.19,-1,124.52,-82.15,-174.86
52.40964,-1.541968,151.17,14.19,3,302.96,20 / 22,2078410,2019-09-06 19:54:44:153,-0.3205,-0.1123,9.6583,-0.0768,0.0478,9.8062,-0.1938,0.0137,0.0395,9.63,-35.62,-0.44,121.23,-81.91,-174.39
52.40964,-1.541968,151.17,14.19,3,302.96,20 / 22,2078509,2019-09-06 19:54:44:252,0.3318,-0.1891,9.9334,-0.0085,0.0147,9.8066,0.1021,-0.0413,0.0166,8.31,-35.69,-1,131.15,-82.03,-173.63
52.40964,-1.541968,151.17,14.19,3,302.96,20 / 22,2078610,2019-09-06 19:54:44:353,1.3663,-1.0419,9.8129,0.0182,-0.0194,9.8065,0.0145,-0.0083,0.0133,8.94,-36.56,-1.44,128.51,-82.21,-173.41
52.40964,-1.541968,151.17,14.19,3,302.96,20 / 22,2078710,2019-09-06 19:54:44:453,-0.0646,-0.3546,10.1905,0.0237,-0.0185,9.8065,-0.0856,0.0082,0.0403,8.13,-35.94,-1.5,130.67,-82.29,-173.36
52.40964,-1.541968,151.17,14.19,3,302.96,20 / 22,2078810,2019-09-06 19:54:44:553,0.4193,-0.181,9.6958,-0.0225,0.0184,9.8065,-0.049,0.0028,0.0354,8.06,-36.12,-1.62,135.59,-82.08,-173.18
52.40964,-1.541968,151.17,14.19,3,302.96,20 / 22,2078909,2019-09-06 19:54:44:652,-0.4153,0.2301,9.5071,-0.0041,0.0084,9.8066,-0.0623,-0.0901,-0.024,8.25,-36.31,-1.19,131.49,-82.16,-172.68
52.40964,-1.541968,151.17,14.19,3,302.96,20 / 22,2079009,2019-09-06 19:54:44:752,0.5559,0.1788,10.2237,-0.0107,0.0033,9.8066,0.0105,0.0108,-0.0602,8.25,-36.19,-0.94,131.28,-82.22,-172.76
52.40964,-1.541968,151.17,14.19,3,302.96,20 / 22,2079110,2019-09-06 19:54:44:853,0.054,-1.3144,9.7307,0.0004,-0.0093,9.8066,-0.0823,-0.0302,0.0153,7.63,-35.87,-0.75,130.56,-82.28,-173.56
52.40964,-1.541968,151.17,14.19,3,302.96,20 / 22,2079209,2019-09-06 19:54:44:952,0.2949,-0.5387,9.5368,-0.0146,0.0087,9.8065,-0.1107,0.0431,-0.0216,8,-35.69,-0.56,130.76,-82.22,-173.51
52.40964,-1.541968,151.17,14.19,3,302.96,20 / 22,2079310,2019-09-06 19:54:45:053,1.2627,-0.6835,9.7809,-0.0247,0.0199,9.8065,-0.0544,0.0134,-0.0455,8,-35.81,-0.94,130.88,-82.18,-173.46
52.40964,-1.541968,151.17,14.19,3,302.96,20 / 22,2079409,2019-09-06 19:54:45:152,0.2573,-0.3218,9.5682,0.0059,-0.0014,9.8066,-0.0788,0.0264,0.0237,8.81,-36.25,-0.75,127.6,-82.28,-173.68
52.40964,-1.541968,151.17,14.19,3,302.96,20 / 22,2079510,2019-09-06 19:54:45:253,0.2127,-0.1771,9.2843,-0.0014,-0.0045,9.8066,0.0297,0.0316,-0.0007,8.75,-36.12,-0.44,122.84,-82.31,-173.85
52.40964,-1.541968,151.17,14.19,3,302.96,20 / 22,2079609,2019-09-06 19:54:45:352,0.5731,-0.4879,10.6041,0.0121,-0.0162,9.8066,0.1308,-0.0348,-0.0326,9.25,-36.19,-1,127.11,-82.37,-174.02
52.40964,-1.541968,151.17,14.19,3,302.96,20 / 22,2079710,2019-09-06 19:54:45:453,0.5309,-0.614,9.7497,0.002,-0.0099,9.8066,-0.0864,-0.0273,-0.0005,8.75,-36.19,-0.75,126.24,-82.44,-174.98
52.40964,-1.541968,151.17,14.19,3,302.96,20 / 22,2079809,2019-09-06 19:54:45:552,0.639,0.0671,9.3772,-0.009,-0.0055,9.8065,-0.0831,-0.0157,0.0227,8.63,-36.81,-0.94,126.31,-82.34,-175.97
52.40964,-1.541968,151.17,14.19,3,302.96,20 / 22,2079909,2019-09-06 19:54:45:652,1.2584,-1.4132,9.5937,-0.0274,0.0075,9.8066,0.2171,-0.0104,-0.0162,8.5,-36,-0.81,125.67,-82.2,-176.59
52.40964,-1.541968,151.17,14.19,3,302.96,20 / 22,2080009,2019-09-06 19:54:45:752,-0.1017,0.8471,10.5111,0.0366,-0.0178,9.8065,0.1822,-0.0841,0.0492,8.25,-36.31,-0.31,123.62,-82.35,-176.29
52.40964,-1.541968,151.17,14.19,3,302.96,20 / 22,2080109,2019-09-06 19:54:45:852,-1.1258,1.0814,9.6581,0.0467,-0.0166,9.8065,-0.0807,0.0152,-0.0095,8.69,-36.37,-1.06,126.21,-82.37,-175.25
52.40964,-1.541968,151.17,14.19,3,302.96,20 / 22,2080210,2019-09-06 19:54:45:953,0.3367,-0.8629,9.4186,0.0023,0.0102,9.8066,-0.0106,-0.011,0.0666,8.19,-36.44,-0.56,128.33,-82.43,-176.2
52.40964,-1.541968,151.17,14.19,3,302.96,20 / 22,2080310,2019-09-06 19:54:46:053,1.1587,-1.2542,9.8347,-0.0005,-0.0002,9.8066,-0.011,-0.0383,-0.0408,8.5,-37,-0.69,126.42,-82.45,-175.42
52.40964,-1.541968,151.17,14.19,3,302.96,20 / 22,2080410,2019-09-06 19:54:46:153,-0.6416,0.0589,9.7873,-0.0043,-0.0009,9.8065,0.1417,-0.0553,-0.0599,8.75,-36.5,-0.87,126.26,-82.47,-174.85
52.40964,-1.541968,151.17,14.19,3,302.96,20 / 22,2080510,2019-09-06 19:54:46:253,0.6012,-0.3247,9.4998,-0.0149,0.0086,9.8066,0.0689,0.0505,0.0246,8.19,-36.06,-0.94,129.54,-82.32,-174.89
52.40964,-1.541968,151.17,14.19,3,302.96,20 / 22,2080609,2019-09-06 19:54:46:352,0.4797,0.5301,9.951,0.0413,-0.0183,9.8065,0.0277,0.002,0.0913,8.38,-36.31,-0.25,124.56,-82.51,-174.3
52.40964,-1.541968,151.17,14.19,3,302.96,20 / 22,2080710,2019-09-06 19:54:46:453,0.1501,-0.186,9.9756,0.0305,-0.0133,9.8066,0.0173,-0.0382,0.0459,8.31,-36.62,-1.31,130.46,-82.54,-173.52
52.40964,-1.541968,151.17,14.19,3,302.96,20 / 22,2080809,2019-09-06 19:54:46:552,0.3086,-0.4111,10.1471,0.0093,-0.0094,9.8066,0.1533,0.0489,-0.0341,8.13,-36.06,-0.31,124.9,-82.57,-173.56
52.40964,-1.541968,151.17,14.19,3,302.96,20 / 22,2080909,2019-09-06 19:54:46:652,0.013,-0.3171,10.8469,-0.008,0.0017,9.8066,0.077,-0.1022,0.043,8.69,-35.94,-0.25,122.08,-82.51,-174.1
52.40964,-1.541968,151.17,14.19,3,302.96,20 / 22,2081009,2019-09-06 19:54:46:752,-0.0562,0.1893,9.7276,-0.0135,0.013,9.8066,0.0777,0.0028,0.0106,9.13,-36.19,-0.25,123.06,-82.29,-173.63
52.40964,-1.541968,151.17,14.19,3,302.96,20 / 22,2081109,2019-09-06 19:54:46:852,0.6028,1.0443,10.2924,-0.0274,0.0047,9.8066,-0.0507,0.0443,-0.0246,8.63,-36.37,-0.5,122.91,-82.3,-173.77
52.40964,-1.541968,151.17,14.19,3,302.96,20 / 22,2081210,2019-09-06 19:54:46:953,0.4909,-0.019,9.1573,-0.0235,0.0107,9.8066,-0.1272,-0.0479,0.0317,8.69,-36.5,-0.19,123.47,-82.33,-172.93
52.40964,-1.541968,151.17,14.19,3,302.96,20 / 22,2081309,2019-09-06 19:54:47:052,0.5929,-0.0911,9.0674,-0.0399,0.0263,9.8065,0.0759,0.0241,-0.0285,8.06,-36.19,-0.69,131.05,-82.25,-172.95
52.40964,-1.541968,151.17,14.19,3,302.96,20 / 22,2081410,2019-09-06 19:54:47:153,1.2554,-0.4749,9.4444,0.0283,-0.0261,9.8065,0.1258,-0.0423,0.0474,8.31,-36.5,-1.06,130.59,-82.37,-173.21
52.40964,-1.541968,151.17,14.19,3,302.96,20 / 22,2081509,2019-09-06 19:54:47:252,0.9326,-0.2817,9.7509,0.0111,-0.0027,9.8066,0.0476,-0.0091,-0.0243,8,-35.75,-1.12,130.14,-82.53,-173.22
52.40964,-1.541968,151.17,14.19,3,302.96,20 / 22,2081610,2019-09-06 19:54:47:353,-0.4745,-0.9262,9.454,0.0142,-0.0052,9.8066,0.0249,0.0405,-0.0432,7.94,-36.87,-0.75,130.6,-82.55,-173.28
52.40964,-1.541968,151.17,14.19,3,302.96,20 / 22,2081710,2019-09-06 19:54:47:453,1.4811,-0.29,9.6308,-0.0171,0.0056,9.8066,0.1425,0.0317,-0.0293,7.63,-36.31,-1,130.1,-82.48,-173.48
52.40964,-1.541968,151.17,14.19,3,302.96,20 / 22,2081809,2019-09-06 19:54:47:552,-1.2764,1.1614,10.5782,0.0244,-0.0218,9.8066,0.2811,-0.0283,0.0307,7.81,-36.06,-0.44,124.5,-82.61,-173.93
52.40964,-1.541968,151.17,14.19,3,302.96,20 / 22,2081910,2019-09-06 19:54:47:653,-0.09,0.4585,9.8812,-0.0323,0.0157,9.8065,-0.1702,0.0462,-0.0345,7.94,-36.06,-0.37,124.74,-82.58,-173.74
52.40964,-1.541968,151.17,14.19,3,302.96,20 / 22,2082009,2019-09-06 19:54:47:752,-0.1224,-0.6453,10.1864,0.0008,-0.0024,9.8066,-0.0358,-0.0746,0.0398,8.13,-35.75,-0.25,124.71,-82.49,-174.16
52.40964,-1.541968,151.17,14.19,3,302.96,20 / 22,2082109,2019-09-06 19:54:47:852,-0.133,-0.0252,9.5406,0.0037,-0.0088,9.8066,-0.1285,0.0019,0.0082,8.31,-36.5,-0.69,129.45,-82.55,-174.15
52.40964,-1.541968,151.17,14.19,3,302.96,20 / 22,2082209,2019-09-06 19:54:47:952,0.2582,-0.7737,9.7944,-0.0057,-0.0006,9.8066,-0.0433,0.0694,-0.013,8.75,-35.75,-0.69,126.38,-82.52,-174.5
52.40964,-1.541968,151.17,14.19,3,302.96,20 / 22,2082309,2019-09-06 19:54:48:052,0.1794,-0.9021,9.7841,-0.0084,0.0066,9.8066,0.0334,-0.0174,0.076,9,-35.81,-0.25,121.61,-82.5,-174.73
52.40964,-1.541968,151.17,14.19,3,302.96,20 / 22,2082410,2019-09-06 19:54:48:153,1.0634,-0.6144,9.9357,0.0015,0.0066,9.8066,-0.1531,-0.0185,0.0088,8.38,-36.12,-0.62,129.44,-82.45,-174.53
52.40964,-1.541968,151.17,14.19,3,302.96,20 / 22,2082510,2019-09-06 19:54:48:253,1.4707,-1.5676,9.7413,-0.0255,0.0157,9.8066,0.2281,-0.0416,0.0119,7.81,-35.81,-0.25,125.59,-82.37,-173.44
52.40964,-1.541968,151.17,14.19,3,302.96,20 / 22,2082609,2019-09-06 19:54:48:352,0.348,0.981,9.7406,0.0339,-0.0033,9.8065,0.1285,-0.0007,0.0276,7.56,-36.19,-0.31,126.42,-82.34,-172.38
52.40964,-1.541968,151.17,14.19,3,302.96,20 / 22,2082710,2019-09-06 19:54:48:453,-0.6501,2.069,11.1214,0.0557,0.0041,9.8064,0.1009,-0.0275,0.0262,7.13,-36.5,0.38,130.52,-82.62,-169.56
52.40964,-1.541968,151.17,14.19,3,302.96,20 / 22,2082810,2019-09-06 19:54:48:553,1.6643,-0.3106,10.5097,0.036,-0.0525,9.8064,0.1866,-0.1868,-0.0005,7.63,-36.31,0.13,127.08,-82.91,-169.14
52.40964,-1.541968,151.17,14.19,3,302.96,20 / 22,2082910,2019-09-06 19:54:48:653,0.6717,-1.7371,9.7133,-0.1073,-0.0005,9.806,-0.1887,-0.1836,0.1115,8.13,-36.5,0.5,121.35,-83,-169.21
52.40964,-1.541968,151.17,14.19,3,302.96,20 / 22,2083009,2019-09-06 19:54:48:752,-0.5984,-2.8781,9.9723,-0.0576,0.0236,9.8064,-0.0637,0.169,-0.2821,9.25,-35.56,-0.44,122.65,-82.76,-172.39
52.40964,-1.541968,151.17,14.19,3,302.96,20 / 22,2083109,2019-09-06 19:54:48:852,-0.5471,-1.9001,11.2016,-0.0077,-0.0227,9.8065,0.0022,-0.0754,0.0423,9.69,-35.81,-0.44,117.67,-83.15,-174.65
52.40964,-1.541968,151.17,14.19,3,302.96,20 / 22,2083210,2019-09-06 19:54:48:953,1.1885,-0.0461,10.4217,-0.0366,0.0154,9.8065,0.0071,0.0828,-0.1212,9.19,-35.87,-1.69,128.54,-83.36,-174.58
52.40964,-1.541968,151.17,14.19,3,302.96,20 / 22,2083310,2019-09-06 19:54:49:053,0.686,-1.5502,10.5441,-0.0284,0.0142,9.8065,-0.0542,0.0222,-0.0634,8.63,-36.31,-1.25,123.87,-83.05,-175.93
52.40964,-1.541968,151.17,14.19,3,302.96,20 / 22,2083409,2019-09-06 19:54:49:152,0.5054,2.4578,10.2225,-0.0224,0.0105,9.8065,0.0619,-0.0476,0.157,7.94,-36.37,-0.56,128.17,-82.66,-175.53
52.40964,-1.541968,151.17,14.19,3,302.96,20 / 22,2083510,2019-09-06 19:54:49:253,-1.3267,-0.1289,9.9909,-0.0074,0.0313,9.8066,-0.1164,0.0833,-0.0177,8.19,-36.12,0.06,124.57,-82.52,-174.23
52.40964,-1.541968,151.17,14.19,3,302.96,20 / 22,2083610,2019-09-06 19:54:49:353,-0.3016,0.4382,9.8867,0.0228,-0.0044,9.8066,-0.0066,0.013,0.0424,8.56,-36.19,0.31,121.87,-82.75,-173.49
52.40964,-1.541968,151.17,14.19,3,302.96,20 / 22,2083710,2019-09-06 19:54:49:453,0.3586,-0.0294,9.6245,0.0102,-0.0067,9.8065,0.0072,0.0281,0.0282,9.06,-36.69,-0.37,122.35,-82.85,-173.23
52.40964,-1.541968,151.17,14.19,3,302.96,20 / 22,2083810,2019-09-06 19:54:49:553,0.4908,-1.132,9.1914,0.0033,0.0053,9.8066,-0.0339,-0.0311,-0.0047,9,-36.81,-1.12,127.03,-82.82,-173.26
52.40964,-1.541968,151.17,14.19,3,302.96,20 / 22,2083910,2019-09-06 19:54:49:653,0.0192,0.2022,9.1835,0.0149,-0.0122,9.8066,0.0006,-0.0379,-0.0076,8.81,-36.37,-0.56,126.96,-82.71,-173.06
52.40964,-1.541968,151.17,14.19,3,302.96,20 / 22,2084010,2019-09-06 19:54:49:753,0.0673,-1.4057,9.972,0.002,0.0115,9.8066,-0.0387,-0.0039,-0.0787,8.31,-36.5,-0.5,124.91,-82.78,-172.67
52.40964,-1.541968,151.17,14.19,3,302.96,20 / 22,2084110,2019-09-06 19:54:49:853,1.582,-1.4017,9.5453,-0.0068,-0.0055,9.8066,0.1264,-0.0582,0.0549,8.56,-36.19,-0.37,122.38,-82.73,-172.87
52.40964,-1.541968,151.17,14.19,3,302.96,20 / 22,2084210,2019-09-06 19:54:49:953,-0.5137,-0.4181,9.7121,0.0209,-0.0074,9.8066,0.1069,0.0457,-0.0477,8.13,-35.69,-0.19,124.91,-82.76,-172.76
52.40964,-1.541968,151.17,14.19,3,302.96,20 / 22,2084310,2019-09-06 19:54:50:053,0.869,-1.6106,9.3536,0.0089,-0.0125,9.8066,0.0352,-0.075,0.0339,8.31,-35.81,0.31,124.71,-82.73,-173.17
52.40964,-1.541968,151.17,14.19,3,302.96,20 / 22,2084409,2019-09-06 19:54:50:152,0.1153,-0.0483,10.1678,0.0074,-0.018,9.8066,0.0883,0.0493,-0.0366,8.19,-35.94,0.13,124.79,-82.72,-173.09
52.40964,-1.541968,151.17,14.19,3,302.96,20 / 22,2084510,2019-09-06 19:54:50:253,-0.4093,-0.3106,10.4872,-0.0448,0.0236,9.8065,0.0243,0.1093,-0.0386,8.75,-35.37,0.13,120.04,-82.95,-174.33
52.40964,-1.541968,151.17,14.19,3,302.96,20 / 22,2084610,2019-09-06 19:54:50:353,-1.0995,-1.2187,9.652,-0.0298,0.0236,9.8065,-0.0816,0.1285,-0.0579,9.56,-35.37,0.13,118.85,-82.66,-174.16
52.40964,-1.541968,151.17,14.19,3,302.96,20 / 22,2084710,2019-09-06 19:54:50:453,-0.0039,-0.4593,10.2947,0.0055,-0.0057,9.8066,-0.0812,0.0781,-0.0266,8.81,-35.69,-0.25,121.06,-82.82,-174.25
52.40964,-1.541968,151.17,14.19,3,302.96,20 / 22,2084810,2019-09-06 19:54:50:553,-0.436,-0.2525,8.9926,0.0011,0.0088,9.8066,-0.0069,0.0097,0.0895,7.94,-36.62,0.31,123.95,-83.02,-173.8
52.40964,-1.541968,151.17,14.19,3,302.96,20 / 22,2084910,2019-09-06 19:54:50:653,-0.2659,-1.0587,9.288,-0.0391,0.0345,9.8064,-0.1021,0.0197,-0.0679,7.75,-36.25,0.63,119.9,-82.89,-171.59
52.40964,-1.541968,151.17,14.19,3,302.96,20 / 22,2085010,2019-09-06 19:54:50:753,1.0938,-2.0033,8.5099,0.0152,-0.0155,9.8066,0.0299,-0.009,0.0639,8.94,-36.87,0.44,122.93,-83.01,-171.84
52.40964,-1.541968,151.17,14.19,3,302.96,20 / 22,2085110,2019-09-06 19:54:50:853,1.132,2.3265,10.1799,0.0329,-0.0284,9.8065,0.2494,0.1615,0.1547,9.06,-36,0.13,122.8,-83.02,-171.27
52.40964,-1.541968,151.17,14.19,3,302.96,20 / 22,2085209,2019-09-06 19:54:50:952,-0.3825,-1.4056,10.8312,0.0384,0.0097,9.8065,0.1462,0.0356,0.0559,9,-36.87,0.31,122.51,-83.19,-171.7
52.40964,-1.541968,151.17,14.19,3,302.96,20 / 22,2085309,2019-09-06 19:54:51:052,0.7863,-1.3159,10.0262,0.04,-0.0272,9.8065,0.0577,0.0082,-0.0534,9.44,-36.87,0.81,118.05,-83.15,-171.05
52.40964,-1.541968,151.17,14.19,3,302.96,20 / 22,2085410,2019-09-06 19:54:51:153,-0.156,-0.7717,9.7687,-0.0178,0.0052,9.8066,0.1653,0.0729,-0.0387,8.94,-36.81,1.38,117.98,-82.89,-172.21
52.40964,-1.541968,151.17,14.19,3,302.96,20 / 22,2085510,2019-09-06 19:54:51:253,-0.478,-0.6656,10.0449,-0.0072,-0.0012,9.8066,-0.0627,0.0238,0.0216,9,-36.06,1.19,117.04,-82.87,-172.67
52.40964,-1.541968,151.17,14.19,3,302.96,20 / 22,2085610,2019-09-06 19:54:51:353,0.0851,-0.5079,9.9066,0.0173,0.0069,9.8066,-0.0003,0.0645,-0.0746,9.44,-36.87,1,118.15,-82.83,-172.22
52.40964,-1.541968,151.17,14.19,3,302.96,20 / 22,2085709,2019-09-06 19:54:51:452,-0.5391,-0.9736,9.4684,0.0043,-0.0067,9.8066,-0.0233,0.0446,0.0019,9.69,-35.75,0.81,115.89,-82.95,-171.67
52.40964,-1.541968,151.17,14.19,3,302.96,20 / 22,2085810,2019-09-06 19:54:51:553,-0.1049,-0.2571,9.862,-0.0063,0.0048,9.8066,-0.0624,0.054,0.0471,10.19,-35.62,1.06,116.31,-82.95,-171.15
52.40964,-1.541968,151.17,14.19,3,302.96,20 / 22,2085910,2019-09-06 19:54:51:653,-0.0426,-0.6548,9.4641,-0.0079,0.0034,9.8066,0.1148,-0.0121,0.0186,9.94,-35.94,-0.62,125.47,-82.98,-171.02
52.40964,-1.541968,151.17,14.19,3,302.96,20 / 22,2086009,2019-09-06 19:54:51:752,-0.1894,-0.0885,9.7672,0.033,-0.012,9.8065,0.1227,-0.0006,0.0186,9.19,-36.06,0.06,123.34,-83.09,-170.29
52.40964,-1.541968,151.17,14.19,3,302.96,20 / 22,2086110,2019-09-06 19:54:51:853,-0.8094,0.3979,9.2729,-0.0207,0.0182,9.8065,-0.1405,-0.0215,-0.02,9.81,-36.81,0.69,117.81,-82.98,-169.89
52.40964,-1.541968,151.17,14.19,3,302.96,20 / 22,2086209,2019-09-06 19:54:51:952,0.8665,-0.5277,9.0985,0.0072,-0.0023,9.8066,-0.06,0.0627,-0.0177,9.19,-36.5,1.25,119.29,-82.92,-169.63
52.40964,-1.541968,151.17,14.19,3,302.96,20 / 22,2086310,2019-09-06 19:54:52:053,0.6022,-0.8127,10.8235,0.0034,-0.0047,9.8066,0.1715,0.0788,-0.1017,9.25,-35.94,0.94,118.85,-83,-169.9
52.40964,-1.541968,151.17,14.19,3,302.96,20 / 22,2086410,2019-09-06 19:54:52:153,0.5887,0.7856,9.8932,0.0219,-0.0151,9.8066,0.1316,-0.0439,0.0186,8.75,-36.5,2.19,113.63,-83.07,-169.45
52.40964,-1.541968,151.17,14.19,3,302.96,20 / 22,2086509,2019-09-06 19:54:52:252,0.08,-0.3104,10.2222,-0.0003,0.0073,9.8066,-0.0214,-0.013,-0.0261,9.38,-36.94,1.44,119.71,-82.97,-169.65
52.40964,-1.541968,151.17,14.19,3,302.96,20 / 22,2086610,2019-09-06 19:54:52:353,0.0944,-0.4247,10.1989,-0.0142,-0.0093,9.8065,0.0319,0.0087,-0.0159,8.63,-36.37,1.94,112.78,-82.92,-171.06
52.40964,-1.541968,151.17,14.19,3,302.96,20 / 22,2086710,2019-09-06 19:54:52:453,0.9397,-0.6381,9.7094,0.013,-0.0119,9.8066,-0.0364,0.0321,-0.0127,9.56,-37,0.88,116.71,-82.92,-171.46
52.40964,-1.541968,151.17,14.19,3,302.96,20 / 22,2086809,2019-09-06 19:54:52:552,-0.3185,-0.2276,9.4789,-0.023,0.0001,9.8065,-0.2595,0.0302,0.0109,9.25,-37,0.69,117.71,-82.91,-172.47
52.40964,-1.541968,151.17,14.19,3,302.96,20 / 22,2086909,2019-09-06 19:54:52:652,1.1899,-0.1452,9.8162,-0.0291,0.0069,9.8065,0.2165,0.0132,-0.0201,8.88,-37.56,1.19,117.81,-82.98,-172.83
52.40964,-1.541968,151.17,14.19,3,302.96,20 / 22,2087009,2019-09-06 19:54:52:752,0.0059,0.345,9.718,0.0356,-0.0057,9.8065,0.1735,-0.0341,-0.0209,9.63,-36.44,1.06,114.66,-82.92,-173.27
52.40964,-1.541968,151.17,14.19,3,302.96,20 / 22,2087110,2019-09-06 19:54:52:853,0.1163,-0.7801,9.65,0.0206,-0.0109,9.8066,-0.0105,-0.0526,0.0121,9.38,-37.12,1.44,116.7,-83.04,-173.22
52.40964,-1.541968,151.17,14.19,3,302.96,20 / 22,2087210,2019-09-06 19:54:52:953,-1.0656,-0.8464,8.3466,0.0101,-0.0169,9.8065,0.0788,0.0701,-0.0294,9.69,-37.19,1.31,112.97,-83.11,-175.33
52.40964,-1.541968,151.17,14.19,3,302.96,20 / 22,2087310,2019-09-06 19:54:53:053,1.638,-0.4076,9.2708,0.048,-0.0073,9.8065,-0.0388,-0.1095,0.0216,9.75,-36.87,1.69,108.13,-83.15,-174.89
52.410225,-1.543579,150.57,14.07,3,295.6,20 / 22,2087410,2019-09-06 19:54:53:153,1.147,-1.1318,8.5751,0.0116,-0.0015,9.8066,0.1167,-0.1039,0.0811,9.06,-36.75,1.06,114.24,-83.42,-174.72
52.410225,-1.543579,150.57,14.07,3,295.6,20 / 22,2087509,2019-09-06 19:54:53:252,3.2784,-0.8699,9.7133,-0.0306,-0.0027,9.8065,-0.104,-0.018,-0.0831,9.25,-36.19,1.06,113.23,-83.39,-175.33
52.410225,-1.543579,150.57,14.07,3,295.6,20 / 22,2087610,2019-09-06 19:54:53:353,2.4347,-1.8084,10.5253,0.0421,0.0204,9.8064,0.3041,0.0132,0.1193,9.38,-36.12,1.25,113.81,-83.22,-175.27
52.410225,-1.543579,150.57,14.07,3,295.6,20 / 22,2087709,2019-09-06 19:54:53:452,1.668,0.0562,8.3858,0.0386,-0.0006,9.8065,-0.1272,0.0324,0.0626,8.88,-36.69,1.56,111.23,-83.18,-172.64
52.410225,-1.543579,150.57,14.07,3,295.6,20 / 22,2087809,2019-09-06 19:54:53:552,-0.9763,0.2968,9.3288,0.073,-0.0424,9.8062,-0.1242,0.0782,-0.0483,8.88,-36.37,1.94,110.56,-83.33,-172.09
52.410225,-1.543579,150.57,14.07,3,295.6,20 / 22,2087910,2019-09-06 19:54:53:653,1.4804,1.2865,10.9782,0.0557,-0.027,9.8064,-0.1899,-0.0622,-0.024,9.25,-36.5,1.56,109.68,-83.32,-173.13
52.410225,-1.543579,150.57,14.07,3,295.6,20 / 22,2088009,2019-09-06 19:54:53:752,-0.5137,-1.2743,11.0831,-0.0902,0.007,9.8062,-0.1975,-0.0629,0.0389,8.88,-36.56,1.5,110.86,-82.85,-174.5
52.410225,-1.543579,150.57,14.07,3,295.6,20 / 22,2088110,2019-09-06 19:54:53:853,5.3846,-2.7047,9.2835,-0.1028,-0.0201,9.806,-0.539,0.0929,-0.0597,9.5,-36.5,1.5,106.88,-82.73,-177.19
52.410225,-1.543579,150.57,14.07,3,295.6,20 / 22,2088210,2019-09-06 19:54:53:953,0.8849,-2.0385,8.7373,0.0896,-0.0424,9.8061,0.5236,-0.1761,0.052,9.56,-36.31,1.5,106.79,-82.52,-178.08
52.410225,-1.543579,150.57,14.07,3,295.6,20 / 22,2088311,2019-09-06 19:54:54:054,2.1963,-0.7541,8.6555,0.1119,-0.0083,9.8059,0.1559,-0.1835,-0.0687,10,-35.62,1.81,104.34,-83.2,-178.29
52.410225,-1.543579,150.57,14.07,3,295.6,20 / 22,2088410,2019-09-06 19:54:54:153,1.2366,0.0247,9.4383,-0.033,0.0126,9.8065,0.1463,0.0338,-0.0438,10.13,-35.87,1.31,109.64,-83.38,-177.58
52.410225,-1.543579,150.57,14.07,3,295.6,20 / 22,2088509,2019-09-06 19:54:54:252,-0.8384,0.1044,10.1028,0.0121,-0.0019,9.8066,0.2206,-0.0026,0.0956,10.56,-36.19,1.31,108.19,-83.3,-177.82
52.410225,-1.543579,150.57,14.07,3,295.6,20 / 22,2088609,2019-09-06 19:54:54:352,0.7617,0.2087,10.317,0.0208,0.0144,9.8065,0.2082,0.0314,-0.025,9.94,-35.75,0.94,111,-83.32,-176.18
52.410225,-1.543579,150.57,14.07,3,295.6,20 / 22,2088709,2019-09-06 19:54:54:452,-0.2005,0.3545,9.5322,-0.0469,0.0134,9.8065,-0.166,-0.012,0.046,10.06,-36.12,1.25,112.38,-82.99,-175.78
52.410225,-1.543579,150.57,14.07,3,295.6,20 / 22,2088809,2019-09-06 19:54:54:552,1.3709,-0.7402,10.099,-0.0362,0.0123,9.8065,0.1111,-0.0123,0.0269,9.25,-36.25,1.19,114.39,-83.02,-175.41
52.410225,-1.543579,150.57,14.07,3,295.6,20 / 22,2088909,2019-09-06 19:54:54:652,0.3812,-0.7368,9.9226,0.0237,-0.0039,9.8065,0.0644,-0.0207,-0.0846,9.13,-36.37,0.81,114.41,-83.21,-174.6
52.410225,-1.543579,150.57,14.07,3,295.6,20 / 22,2089009,2019-09-06 19:54:54:752,0.6266,-0.013,9.9977,0.021,-0.0209,9.8066,-0.1086,0.0425,0.036,9.19,-36.19,0.19,119.07,-83.28,-175.04
52.410225,-1.543579,150.57,14.07,3,295.6,20 / 22,2089109,2019-09-06 19:54:54:852,0.9381,-0.0227,10.5045,-0.0192,0.0089,9.8066,-0.0667,0.0217,0.0216,9.06,-35.56,0.75,113.09,-83.37,-175.56
52.410225,-1.543579,150.57,14.07,3,295.6,20 / 22,2089209,2019-09-06 19:54:54:952,1.8353,-0.2872,10.0675,0.0031,-0.0021,9.8066,0.0818,0.0347,-0.0657,9.19,-36.19,0.5,113.32,-83.31,-175.52
52.410225,-1.543579,150.57,14.07,3,295.6,20 / 22,2089309,2019-09-06 19:54:55:052,-0.3845,-0.7323,10.1324,-0.0063,-0.0003,9.8066,0.1082,0.0361,-0.0195,9.56,-36.56,1.44,111.9,-83.19,-176.29
52.410225,-1.543579,150.57,14.07,3,295.6,20 / 22,2089410,2019-09-06 19:54:55:153,-0.741,-0.3524,9.929,0.0284,-0.0098,9.8066,-0.1399,0.0583,-0.006,8.81,-35.81,1.38,113.01,-83.2,-176.36
52.410225,-1.543579,150.57,14.07,3,295.6,20 / 22,2089510,2019-09-06 19:54:55:253,0.2959,-1.5585,9.7794,-0.0414,0.0144,9.8065,-0.1022,0.0875,-0.02,9.38,-36.94,1,114.2,-82.96,-176.66
52.410225,-1.543579,150.57,14.07,3,295.6,20 / 22,2089611,2019-09-06 19:54:55:354,-0.054,-0.9589,9.8764,0.0194,-0.0114,9.8066,0.0003,0.01,-0.0032,8.5,-35.94,1.75,107.02,-83.1,-177.16
52.410225,-1.543579,150.57,14.07,3,295.6,20 / 22,2089709,2019-09-06 19:54:55:452,0.8254,-0.3344,10.1128,-0.0115,-0.0013,9.8066,-0.0661,0.0297,-0.0561,9.5,-36.19,2.44,104.7,-83.34,-177.4
52.410225,-1.543579,150.57,14.07,3,295.6,20 / 22,2089809,2019-09-06 19:54:55:552,0.6672,-1.2005,10.5045,-0.0068,-0.0093,9.8066,0.1033,0.0434,0.0383,9.31,-35.81,2.56,98.85,-83.36,-178.53
52.410225,-1.543579,150.57,14.07,3,295.6,20 / 22,2089910,2019-09-06 19:54:55:653,0.4023,-1.0231,9.8072,-0.036,-0.0013,9.8065,-0.0932,0.0006,-0.0234,9.88,-36.44,2.44,103.09,-83.16,-179.87
52.410225,-1.543579,150.57,14.07,3,295.6,20 / 22,2090010,2019-09-06 19:54:55:753,1.9212,-1.2495,9.3728,0.0577,-0.0213,9.8064,0.204,0.0828,0.0121,9.63,-35.31,2.88,96.95,-83.04,179.72
52.410225,-1.543579,150.57,14.07,3,295.6,20 / 22,2090109,2019-09-06 19:54:55:852,0.9532,-1.4371,10.243,0.0605,0.0095,9.8064,0.1631,0.1295,0.0086,10.69,-35.69,3,95.38,-83.43,179.44
52.410225,-1.543579,150.57,14.07,3,295.6,20 / 22,2090210,2019-09-06 19:54:55:953,1.7077,-1.0246,10.5885,0.0398,0.005,9.8065,-0.0235,-0.0065,0.0794,10.31,-35.56,2.31,102.62,-83.35,-179.67
52.410225,-1.543579,150.57,14.07,3,295.6,20 / 22,2090310,2019-09-06 19:54:56:053,1.6941,0.3531,10.0258,-0.0423,0.0181,9.8065,-0.0456,0.0999,-0.0404,10.31,-35.75,2.44,103.14,-83.4,-178.89
52.410225,-1.543579,150.57,14.07,3,295.6,20 / 22,2090410,2019-09-06 19:54:56:153,0.837,-0.681,9.725,0.0094,0.0074,9.8066,-0.0198,-0.0181,0.0864,10.25,-36.62,2.94,100.23,-83.09,-178
52.410225,-1.543579,150.57,14.07,3,295.6,20 / 22,2090510,2019-09-06 19:54:56:253,1.1641,-0.3728,9.7185,0.0024,-0.0048,9.8066,0.0176,0.0781,-0.0517,10.19,-37.19,3.31,100.94,-83.06,-177.32
52.410225,-1.543579,150.57,14.07,3,295.6,20 / 22,2090610,2019-09-06 19:54:56:353,1.2255,0.1872,9.5269,0.0013,-0.0016,9.8066,0.028,-0.0095,0.0503,10.13,-36.87,3.19,100.41,-83.08,-177.84
52.410225,-1.543579,150.57,14.07,3,295.6,20 / 22,2090710,2019-09-06 19:54:56:453,0.2967,0.2947,9.1769,0.001,0.0062,9.8066,-0.116,0.0163,0.04,10.06,-36.62,3.13,101.12,-83.05,-177.15
52.410225,-1.543579,150.57,14.07,3,295.6,20 / 22,2090810,2019-09-06 19:54:56:553,0.4898,0.829,9.9661,-0.0166,0.0197,9.8066,0.0574,-0.0864,0.0354,9.56,-36.44,2.5,101.84,-83.01,-175.81
52.410225,-1.543579,150.57,14.07,3,295.6,20 / 22,2090910,2019-09-06 19:54:56:653,0.1918,0.8002,10.0761,-0.0008,0.0136,9.8066,0.0588,0.0045,-0.0228,10,-36.44,2.44,109.16,-83.01,-173.51
52.410225,-1.543579,150.57,14.07,3,295.6,20 / 22,2091009,2019-09-06 19:54:56:752,1.0326,2.7796,10.2159,0.0042,0.0066,9.8066,-0.0619,-0.0841,-0.0116,8.94,-37,2.75,105.58,-83.03,-173.21
52.410225,-1.543579,150.57,14.07,3,295.6,20 / 22,2091109,2019-09-06 19:54:56:852,0.3609,1.1129,10.6487,-0.0083,-0.006,9.8066,0.0099,-0.1146,-0.0476,9.31,-36.94,3.06,107.16,-82.89,-171.95
52.410225,-1.543579,150.57,14.07,3,295.6,20 / 22,2091210,2019-09-06 19:54:56:953,0.1448,2.1798,10.8166,0.0121,-0.0131,9.8066,0.0501,-0.096,0.0263,9.25,-36.37,2.06,111.38,-82.81,-173.19
52.410225,-1.543579,150.57,14.07,3,295.6,20 / 22,2091309,2019-09-06 19:54:57:052,0.4482,1.6616,10.8453,-0.0237,0.0024,9.8065,0.0788,-0.1868,-0.0423,8.69,-36.69,2.44,112.25,-82.57,-173.99
52.410225,-1.543579,150.57,14.07,3,295.6,20 / 22,2091410,2019-09-06 19:54:57:153,0.1903,2.0058,9.4699,-0.0178,-0.0264,9.8065,-0.11,-0.1927,0.0758,9.19,-36.44,2.06,110.35,-82.41,-176.12
52.410225,-1.543579,150.57,14.07,3,295.6,20 / 22,2091510,2019-09-06 19:54:57:253,2.14,1.3884,10.4111,-0.0026,0.0038,9.8066,-0.076,-0.2369,-0.0449,9.06,-36.37,2.19,108.11,-82.46,-178.61
52.410225,-1.543579,150.57,14.07,3,295.6,20 / 22,2091610,2019-09-06 19:54:57:353,0.1792,-0.8034,9.6219,-0.046,-0.0429,9.8064,0.1907,-0.2302,0.1107,8.94,-36.37,1.31,111.81,-82.62,179.8
52.410225,-1.543579,150.57,14.07,3,295.6,20 / 22,2091710,2019-09-06 19:54:57:453,-1.7426,1.8276,10.1294,-0.0052,0.0136,9.8066,0.3108,-0.0906,-0.0729,9.06,-36.25,1.88,104.27,-82.53,177.16
52.410225,-1.543579,150.57,14.07,3,295.6,20 / 22,2091809,2019-09-06 19:54:57:552,-1.56,-1.0638,10.0737,0.0449,-0.0268,9.8065,-0.1204,-0.3512,0.2014,9.19,-36.44,1.13,109.82,-82.6,177.29
52.410225,-1.543579,150.57,14.07,3,295.6,20 / 22,2091910,2019-09-06 19:54:57:653,-1.4987,6.4579,11.257,-0.0478,0.0311,9.8065,0.0127,-0.1103,-0.0855,9.31,-36.5,1.13,110.04,-82.7,178
52.410225,-1.543579,150.57,14.07,3,295.6,20 / 22,2092010,2019-09-06 19:54:57:753,0.9624,2.6164,9.1001,-0.0353,0.0193,9.8065,-0.1865,-0.1285,-0.0627,8.69,-36.56,0.31,115.77,-82.62,177.33
52.410225,-1.543579,150.57,14.07,3,295.6,20 / 22,2092109,2019-09-06 19:54:57:852,0.8602,3.3958,9.0766,0.0165,-0.0094,9.8066,-0.0527,-0.3436,0.0376,8.88,-36.56,-0.31,112.86,-83.1,175.74
52.410225,-1.543579,150.57,14.07,3,295.6,20 / 22,2092209,2019-09-06 19:54:57:952,-0.4321,-0.0078,9.3353,-0.0104,0.0045,9.8065,0.0831,-0.2384,0.0487,9.44,-36.87,-0.19,112.52,-83.25,175.99
52.410225,-1.543579,150.57,14.07,3,295.6,20 / 22,2092309,2019-09-06 19:54:58:052,-1.0365,2.3945,9.4116,0.0221,-0.0178,9.8066,0.2467,-0.1105,0.0422,9.19,-36.75,-0.87,114.52,-83.4,172.9
52.410225,-1.543579,150.57,14.07,3,295.6,20 / 22,2092410,2019-09-06 19:54:58:153,-0.5477,1.1538,9.7062,-0.0021,0.0166,9.8065,-0.0142,-0.1842,0.1142,9.25,-36.75,-1,115.23,-83.26,173.18
52.410225,-1.543579,150.57,14.07,3,295.6,20 / 22,2092509,2019-09-06 19:54:58:252,-0.3602,2.2867,9.2882,0.006,0.0095,9.8066,-0.0489,-0.0846,0.0836,8.75,-36.44,-1.06,116.15,-83.24,174.98
52.410225,-1.543579,150.57,14.07,3,295.6,20 / 22,2092610,2019-09-06 19:54:58:353,-1.3047,1.8729,11.3278,0.0325,-0.0087,9.8066,0.2252,-0.1576,0.033,8.13,-36.37,-1.44,119.66,-83.44,176.26
52.410225,-1.543579,150.57,14.07,3,295.6,20 / 22,2092710,2019-09-06 19:54:58:453,-1.9432,0.8399,10.145,0.0119,0.0254,9.8066,0.1768,-0.0169,-0.0768,7.44,-37.5,-1.5,127.59,-83.35,-179.17
52.410225,-1.543579,150.57,14.07,3,295.6,20 / 22,2092809,2019-09-06 19:54:58:552,-1.3415,3.8156,10.2416,0.0278,-0.0295,9.8065,-0.225,0.0436,0.2324,7.31,-37,-2,132.2,-83.62,-178.4
52.410225,-1.543579,150.57,14.07,3,295.6,20 / 22,2092909,2019-09-06 19:54:58:652,-0.6421,1.3268,9.8657,-0.0011,0.0559,9.8064,0.0455,-0.0097,-0.0026,6.5,-37.31,-2,136.26,-83.41,-173.38
52.410225,-1.543579,150.57,14.07,3,295.6,20 / 22,2093010,2019-09-06 19:54:58:753,0.5122,0.4064,10.5961,-0.0232,0.0321,9.8065,0.0195,-0.1902,0.0206,6.81,-37.69,-1.56,138.16,-83.36,-171.44
52.410225,-1.543579,150.57,14.07,3,295.6,20 / 22,2093110,2019-09-06 19:54:58:853,0.5776,2.4985,10.8016,-0.0004,0.0152,9.8066,0.1051,0.0315,-0.0537,7,-37.56,-1.56,138.99,-83.26,-170.54
52.410225,-1.543579,150.57,14.07,3,295.6,20 / 22,2093210,2019-09-06 19:54:58:953,-0.281,0.195,9.6992,-0.027,0.0078,9.8065,-0.0064,-0.0023,0.0192,6.81,-37.62,-1.44,134.46,-83.02,-171.34
52.410225,-1.543579,150.57,14.07,3,295.6,20 / 22,2093309,2019-09-06 19:54:59:052,0.4022,1.2316,10.0424,0.0321,-0.0229,9.8065,0.1038,-0.1181,-0.0276,6.69,-37.12,-1.87,138.39,-83.16,-171.14
52.410225,-1.543579,150.57,14.07,3,295.6,20 / 22,2093409,2019-09-06 19:54:59:152,-1.9089,1.4252,9.2098,0.0492,-0.0487,9.8063,-0.255,-0.0538,-0.0112,7,-37.75,-1.12,133.74,-83.25,-171.47
52.410225,-1.543579,150.57,14.07,3,295.6,20 / 22,2093510,2019-09-06 19:54:59:253,-1.051,2.1863,9.3088,-0.0451,0.0109,9.8065,-0.059,-0.0597,0.1464,6.81,-37,-1.56,138.09,-82.94,-172.38
52.410225,-1.543579,150.57,14.07,3,295.6,20 / 22,2093609,2019-09-06 19:54:59:352,-0.7894,-1.2949,8.1551,-0.0336,0.0353,9.8065,-0.0721,-0.0429,0.1028,7.38,-36.5,-2.06,137.68,-82.98,-172.13
52.410225,-1.543579,150.57,14.07,3,295.6,20 / 22,2093710,2019-09-06 19:54:59:453,0.9057,-1.8499,9.3046,0.0459,-0.0391,9.8064,-0.0364,-0.0127,0.0099,6.63,-37,-2.81,142.76,-82.81,-171.88
52.410225,-1.543579,150.57,14.07,3,295.6,20 / 22,2093809,2019-09-06 19:54:59:552,-0.2597,-1.7142,10.5303,-0.0025,-0.0051,9.8066,0.3216,-0.1355,0.0938,6.44,-36.81,-1.81,142.75,-82.91,-171.46
52.410225,-1.543579,150.57,14.07,3,295.6,20 / 22,2093909,2019-09-06 19:54:59:652,-0.0065,0.9399,9.3703,0.0362,-0.0254,9.8065,0.2206,-0.0267,-0.0599,6.56,-36.12,-1.69,138.85,-83.01,-170.3
52.410225,-1.543579,150.57,14.07,3,295.6,20 / 22,2094010,2019-09-06 19:54:59:753,0.0728,0.5511,10.5987,0.0375,-0.0307,9.8065,-0.1068,0.0068,-0.0056,6.75,-36.5,-2.37,138.44,-83.18,-170.31
52.410225,-1.543579,150.57,14.07,3,295.6,20 / 22,2094110,2019-09-06 19:54:59:853,3.8638,-1.6854,11.8551,0.0058,0.0187,9.8066,0.0064,-0.0967,0.1495,6.44,-36.94,-2.87,146.45,-83.35,-170.64
52.410225,-1.543579,150.57,14.07,3,295.6,20 / 22,2094209,2019-09-06 19:54:59:952,1.884,0.7685,11.0577,0.0154,-0.0332,9.8065,0.4166,0.1364,-0.015,5.75,-36.87,-2.37,143.45,-83.24,-169.05
52.410225,-1.543579,150.57,14.07,3,295.6,20 / 22,2094309,2019-09-06 19:55:00:052,1.8049,-1.9866,11.6449,0.0333,0,9.8065,0.5012,-0.2203,0.0178,5.75,-35.62,-2.69,145.45,-83.26,-171.92
52.410225,-1.543579,150.57,14.07,3,295.6,20 / 22,2094410,2019-09-06 19:55:00:153,-0.4348,0.4498,11.2982,0.1049,-0.1344,9.8051,0.0122,-0.0109,-0.0219,5.75,-36.25,-1.06,136.16,-83.58,-170.49
52.410225,-1.543579,150.57,14.07,3,295.6,20 / 22,2094509,2019-09-06 19:55:00:252,-1.6178,1.8441,10.6144,-0.0354,0.0238,9.8065,0.2278,0.0182,0.034,6.13,-36.31,-1.94,141.65,-83.08,-171.85
52.410225,-1.543579,150.57,14.07,3,295.6,20 / 22,2094610,2019-09-06 19:55:00:353,-0.3502,1.1934,9.8727,0.0053,-0.0063,9.8065,-0.2769,-0.05,-0.0211,6.69,-36.19,-2.31,137.31,-83.2,-171.9
52.410225,-1.543579,150.57,14.07,3,295.6,20 / 22,2094710,2019-09-06 19:55:00:453,1.4245,-0.0068,10.1929,-0.012,0.0257,9.8066,-0.2041,-0.0555,-0.0297,6.81,-35.94,-2.37,138.64,-83.01,-170.61
52.410225,-1.543579,150.57,14.07,3,295.6,20 / 22,2094809,2019-09-06 19:55:00:552,0.831,1.2117,9.9615,-0.008,-0.0014,9.8066,0.1914,0.0102,0.0419,6.38,-35.69,-2.62,146.54,-83.07,-170.8
52.410225,-1.543579,150.57,14.07,3,295.6,20 / 22,2094910,2019-09-06 19:55:00:653,0.0031,0.4603,9.5807,0.0302,-0.0157,9.8065,0.1358,-0.0633,0.0423,5.94,-36.44,-2.25,142.88,-82.94,-170.4
52.410225,-1.543579,150.57,14.07,3,295.6,20 / 22,2095010,2019-09-06 19:55:00:753,-0.2646,1.5281,10.2004,0.0322,-0.0281,9.8065,-0.1438,-0.091,-0.0172,5.69,-36.81,-1.87,143.66,-83.13,-169.16
52.410225,-1.543579,150.57,14.07,3,295.6,20 / 22,2095110,2019-09-06 19:55:00:853,0.5777,0.9481,9.5777,-0.0243,0.0101,9.8066,-0.1116,-0.0711,-0.0263,5.81,-35.56,-2.44,143.01,-83.04,-169.83
52.410225,-1.543579,150.57,14.07,3,295.6,20 / 22,2095209,2019-09-06 19:55:00:952,-0.6427,1.408,9.4572,-0.0238,0.0191,9.8065,0.1231,-0.0827,0.0157,6.25,-36.31,-2.81,146.75,-83.04,-170.56
52.410225,-1.543579,150.57,14.07,3,295.6,20 / 22,2095310,2019-09-06 19:55:01:053,-0.1833,0.7262,9.9986,0.0279,-0.0284,9.8065,0.0347,-0.075,-0.0321,6.94,-36.37,-2.75,142.89,-82.89,-170.83
52.410225,-1.543579,150.57,14.07,3,295.6,20 / 22,2095410,2019-09-06 19:55:01:153,0.9189,0.1371,10.262,0.0049,0.0007,9.8066,0.1511,-0.0414,0.0035,5.63,-36.69,-2.75,147.26,-82.98,-170.56
52.410225,-1.543579,150.57,14.07,3,295.6,20 / 22,2095509,2019-09-06 19:55:01:252,0.3706,0.1195,9.3047,0.0294,-0.0149,9.8065,0.0435,-0.0491,0.0099,5.69,-35.81,-2.25,142.6,-83.08,-170.31
52.410225,-1.543579,150.57,14.07,3,295.6,20 / 22,2095610,2019-09-06 19:55:01:353,0.5814,0.7005,10.2549,0.014,-0.0098,9.8066,0.0981,-0.0731,0.0166,6.13,-36.06,-2.62,147.02,-83.06,-170.07
52.410225,-1.543579,150.57,14.07,3,295.6,20 / 22,2095709,2019-09-06 19:55:01:452,-1.0649,1.1999,10.0456,0.0073,-0.008,9.8066,0.1923,-0.0431,0.0035,6.06,-36.69,-3.44,147.4,-83.08,-170.02
52.410225,-1.543579,150.57,14.07,3,295.6,20 / 22,2095809,2019-09-06 19:55:01:552,0.1974,1.209,11.4205,0.0279,-0.0268,9.8065,-0.2583,0.0358,0.1091,5.75,-36.44,-3.06,147.25,-83.2,-169.27
52.410225,-1.543579,150.57,14.07,3,295.6,20 / 22,2095910,2019-09-06 19:55:01:653,-0.1735,-1.7683,9.131,-0.0669,0.0705,9.8061,-0.3867,0.1104,-0.1483,6.06,-36.06,-3,147.36,-83.29,-168.83
52.410225,-1.543579,150.57,14.07,3,295.6,20 / 22,2096009,2019-09-06 19:55:01:752,-0.756,-0.7551,8.9301,-0.0803,0.0515,9.8061,0.0325,-0.1622,-0.0025,6.19,-36.31,-2.87,147.14,-82.68,-171.06
52.410225,-1.543579,150.57,14.07,3,295.6,20 / 22,2096110,2019-09-06 19:55:01:853,1.9977,0.5432,9.1572,0.0037,-0.0635,9.8064,-0.0454,0.0115,-0.0754,5.94,-36.87,-3.5,146.52,-83.02,-171.59
52.410225,-1.543579,150.57,14.07,3,295.6,20 / 22,2096210,2019-09-06 19:55:01:953,-2.2325,-0.179,9.1267,0.009,-0.0256,9.8066,-0.0585,-0.0829,-0.0326,6.25,-36.69,-3.5,144.98,-82.99,-174.16
52.410225,-1.543579,150.57,14.07,3,295.6,20 / 22,2096310,2019-09-06 19:55:02:053,-0.8846,1.2035,9.4026,-0.0204,0.0001,9.8065,-0.0412,-0.0199,-0.0835,6.5,-36.81,-2.75,141.27,-83.02,-173.46
52.410767,-1.545009,149.8,13.59,3,314.01,20 / 22,2096409,2019-09-06 19:55:02:152,1.327,-2.9296,8.9749,-0.0033,0.0195,9.8066,-0.0029,-0.0131,0.0176,5.94,-37.06,-3.06,144.65,-83.08,-174.41
52.410767,-1.545009,149.8,13.59,3,314.01,20 / 22,2096511,2019-09-06 19:55:02:254,-0.3344,0.7622,9.9036,0.0117,0.0026,9.8065,-0.0604,0.0177,0.0176,6.06,-37.56,-3.31,145.71,-82.96,-173.73
52.410767,-1.545009,149.8,13.59,3,314.01,20 / 22,2096609,2019-09-06 19:55:02:352,0.6343,-0.7149,9.6267,-0.0008,0.0058,9.8066,0.0347,-0.044,0.0401,5.38,-36.87,-2.81,150.23,-82.88,-173.57
52.410767,-1.545009,149.8,13.59,3,314.01,20 / 22,2096710,2019-09-06 19:55:02:453,-0.194,0.3969,9.7332,0.0105,-0.016,9.8066,0.0397,-0.0389,-0.0457,6,-36.94,-2.56,145.25,-83,-173.71
52.410767,-1.545009,149.8,13.59,3,314.01,20 / 22,2096810,2019-09-06 19:55:02:553,-0.4858,0.6766,10.207,-0.0008,-0.0049,9.8066,-0.0493,-0.0781,-0.0131,6,-36.62,-2.62,145.14,-82.88,-174.27
52.410767,-1.545009,149.8,13.59,3,314.01,20 / 22,2096909,2019-09-06 19:55:02:652,-0.226,0.4789,9.9097,-0.017,0.0124,9.8065,0.0107,0.0937,-0.0346,6.44,-37.06,-3.25,144.61,-82.9,-175.06
52.410767,-1.545009,149.8,13.59,3,314.01,20 / 22,2097010,2019-09-06 19:55:02:753,-1.1234,-0.0217,9.7674,-0.0214,0.0202,9.8066,-0.0919,0.011,-0.0763,5.75,-36.62,-4.06,147.65,-82.79,-176.05
52.410767,-1.545009,149.8,13.59,3,314.01,20 / 22,2097110,2019-09-06 19:55:02:853,1.199,0.2115,9.5523,-0.0145,0.006,9.8066,-0.1013,-0.0817,0.0015,5,-36.94,-3.69,152.14,-82.9,-175.87
52.410767,-1.545009,149.8,13.59,3,314.01,20 / 22,2097209,2019-09-06 19:55:02:952,-1.415,-0.3579,10.4124,-0.006,0.0171,9.8066,-0.0018,-0.0699,0.1008,4.5,-36.94,-3.56,152.04,-82.96,-175.87
52.410767,-1.545009,149.8,13.59,3,314.01,20 / 22,2097310,2019-09-06 19:55:03:053,-0.4722,-0.5447,9.378,-0.007,0.0058,9.8066,-0.033,0.0771,-0.0396,5.38,-36.31,-2.94,147.38,-83.05,-177.2
52.410767,-1.545009,149.8,13.59,3,314.01,21 / 23,2097409,2019-09-06 19:55:03:152,0.2998,0.0925,9.9848,-0.0031,0.0019,9.8066,-0.0485,0.0258,0.0046,5.13,-36.37,-2.37,143.11,-83.12,-177.31
52.410767,-1.545009,149.8,13.59,3,314.01,21 / 23,2097509,2019-09-06 19:55:03:252,-0.1676,0.485,10.2922,0.0088,0.0004,9.8066,-0.0754,0.0163,0.0326,6.38,-36.25,-2.44,138.24,-83.27,-176.45
52.410767,-1.545009,149.8,13.59,3,314.01,21 / 23,2097610,2019-09-06 19:55:03:353,0.2453,-0.4593,10.2845,0.0151,0.0033,9.8066,0.0069,0.0264,-0.0176,5.75,-36.62,-3.56,147.46,-83.3,-174.88
52.410767,-1.545009,149.8,13.59,3,314.01,21 / 23,2097709,2019-09-06 19:55:03:452,-1.2867,1.6641,9.7763,0.0206,0.0028,9.8066,0.0278,0.0318,0.0395,6.38,-36.62,-3.94,148.72,-83.19,-173.23
52.410767,-1.545009,149.8,13.59,3,314.01,21 / 23,2097810,2019-09-06 19:55:03:553,0.1408,-0.0534,10.3265,-0.0325,0.0411,9.8065,-0.0742,0.048,-0.028,6,-37,-3.31,145.98,-83.14,-172.08
52.410767,-1.545009,149.8,13.59,3,314.01,21 / 23,2097910,2019-09-06 19:55:03:653,0.5519,-0.0723,9.1171,-0.0227,0.0416,9.8065,-0.0885,-0.0021,0.0179,6.38,-37.56,-3.25,147.42,-82.84,-171.35
52.410767,-1.545009,149.8,13.59,3,314.01,21 / 23,2098010,2019-09-06 19:55:03:753,0.16,-1.2457,9.5936,0.0163,-0.0017,9.8066,0.161,-0.0192,0.0241,6.13,-36.94,-3.12,147.01,-83,-170.86
52.410767,-1.545009,149.8,13.59,3,314.01,21 / 23,2098110,2019-09-06 19:55:03:853,0.2372,-0.8066,9.245,-0.0043,-0.0042,9.8066,0.0435,0.0299,-0.006,6.56,-37,-3,142.86,-82.95,-171.29
52.410767,-1.545009,149.8,13.59,3,314.01,21 / 23,2098209,2019-09-06 19:55:03:952,-0.5407,0.0119,9.7806,0.0156,-0.0164,9.8065,0.115,0.0695,-0.0288,6.19,-36.69,-3.06,147.23,-82.89,-170.86
52.410767,-1.545009,149.8,13.59,3,314.01,21 / 23,2098310,2019-09-06 19:55:04:053,0.2649,-0.5023,10.0375,0.0283,-0.0123,9.8065,-0.0166,-0.0156,0.0089,6.25,-37.12,-2.62,147.71,-82.78,-170.42
52.410767,-1.545009,149.8,13.59,3,314.01,21 / 23,2098412,2019-09-06 19:55:04:155,-0.0041,-0.4376,9.7546,0.0003,0.0118,9.8066,-0.0163,0.0306,0.054,6.56,-36.5,-2.94,143.2,-82.83,-170.53
52.410767,-1.545009,149.8,13.59,3,314.01,21 / 23,2098510,2019-09-06 19:55:04:253,-1.5792,0.865,9.7163,-0.0082,-0.0095,9.8066,0.0625,0.058,-0.0391,6.25,-37.12,-3,147.4,-82.86,-170.7
52.410767,-1.545009,149.8,13.59,3,314.01,21 / 23,2098610,2019-09-06 19:55:04:353,-0.6148,-0.7174,9.1964,-0.0172,0.0188,9.8065,-0.0651,-0.0232,0.0083,6.19,-36.87,-3.06,147.3,-82.78,-171.11
52.410767,-1.545009,149.8,13.59,3,314.01,21 / 23,2098709,2019-09-06 19:55:04:452,0.6712,-0.5285,9.246,-0.0386,0.0406,9.8065,-0.1027,-0.0602,0.0053,6.38,-37.12,-3.12,147.21,-82.63,-171.73
52.410767,-1.545009,149.8,13.59,3,314.01,21 / 23,2098810,2019-09-06 19:55:04:553,0.5259,1.0802,10.0309,0.0389,-0.033,9.8065,0.1194,0.0324,-0.0113,6.38,-37,-2.75,147.52,-82.84,-170.56
52.410767,-1.545009,149.8,13.59,3,314.01,21 / 23,2098910,2019-09-06 19:55:04:653,-0.3881,-0.2135,10.4645,0.0478,-0.0359,9.8065,0.2175,-0.0036,-0.0035,6.19,-36.81,-2.81,148,-82.87,-169.69
52.410767,-1.545009,149.8,13.59,3,314.01,21 / 23,2099010,2019-09-06 19:55:04:753,-0.8712,0.236,10.6065,-0.0224,0.032,9.8065,-0.1988,-0.0298,0.0521,6,-36.87,-2.5,143.9,-82.9,-169.61
52.410767,-1.545009,149.8,13.59,3,314.01,21 / 23,2099109,2019-09-06 19:55:04:852,-0.1319,-0.929,8.9246,-0.0214,0.0181,9.8065,-0.1002,0.0346,-0.0379,6.44,-36.87,-2.62,148.56,-82.61,-169.56
52.410767,-1.545009,149.8,13.59,3,314.01,21 / 23,2099210,2019-09-06 19:55:04:953,0.3513,-1.0253,9.1289,-0.0272,0.0383,9.8065,-0.0485,-0.0064,0.0207,6.88,-37.06,-2.87,145.27,-82.39,-169.25
52.410767,-1.545009,149.8,13.59,3,314.01,21 / 23,2099309,2019-09-06 19:55:05:052,1.062,-0.4733,9.795,-0.0388,0.0356,9.8064,-0.0863,0.0073,-0.0082,6.19,-36.69,-3,149.18,-82.41,-169.14
52.410767,-1.545009,149.8,13.59,3,314.01,21 / 23,2099409,2019-09-06 19:55:05:152,0.4459,-0.3736,10.3178,0.0203,-0.0136,9.8065,0.2237,-0.0569,0.0373,6.5,-37.56,-2.81,145.78,-82.6,-168.43
52.410767,-1.545009,149.8,13.59,3,314.01,21 / 23,2099510,2019-09-06 19:55:05:253,-0.261,-0.5081,9.9378,-0.0012,-0.0004,9.8066,0.1648,0.0208,-0.0701,6.56,-37.31,-3.06,145.46,-82.55,-168.49
52.410767,-1.545009,149.8,13.59,3,314.01,21 / 23,2099610,2019-09-06 19:55:05:353,0.7499,0.6555,10.1949,-0.0014,0.0016,9.8066,-0.1552,0.1466,-0.0323,6.06,-36.56,-2.62,149.54,-82.58,-168.03
52.410767,-1.545009,149.8,13.59,3,314.01,21 / 23,2099709,2019-09-06 19:55:05:452,-1.6493,0.3781,9.0954,0.023,-0.0083,9.8066,0.1153,0.0686,-0.0217,5.5,-37.25,-2.5,145.87,-82.65,-167.25
52.410767,-1.545009,149.8,13.59,3,314.01,21 / 23,2099810,2019-09-06 19:55:05:553,-0.5433,0.4683,9.8492,-0.0552,0.0608,9.8062,-0.1249,0.0104,-0.0073,5.63,-36.81,-2.75,150.04,-82.44,-167.62
52.410767,-1.545009,149.8,13.59,3,314.01,21 / 23,2099910,2019-09-06 19:55:05:653,0.4929,0.8821,9.7626,-0.0328,0.0404,9.8065,-0.0862,-0.0239,0.0829,5.5,-36.62,-2.56,150.09,-82.48,-167.4
52.410767,-1.545009,149.8,13.59,3,314.01,21 / 23,2100010,2019-09-06 19:55:05:753,-1.6117,0.4909,9.3899,0.0112,-0.0072,9.8066,-0.0712,0.0431,-0.042,5.94,-36.69,-2.81,150.67,-82.5,-166.37
52.410767,-1.545009,149.8,13.59,3,314.01,21 / 23,2100110,2019-09-06 19:55:05:853,0.4084,-0.8677,9.923,-0.0087,0.0285,9.8065,-0.0705,-0.0196,-0.0061,5.19,-36.5,-2.75,155,-82.37,-166.09
52.410767,-1.545009,149.8,13.59,3,314.01,21 / 23,2100209,2019-09-06 19:55:05:952,-0.4915,0.133,9.7787,0.0158,-0.0125,9.8066,0.0157,0.0249,0.0658,6,-36.19,-2.31,146.65,-82.4,-166.06
52.410767,-1.545009,149.8,13.59,3,314.01,21 / 23,2100310,2019-09-06 19:55:06:053,2.0609,-0.8794,10.6066,-0.0177,-0.0077,9.8065,0.1171,0.0015,0.0155,6.69,-36.5,-2.44,142.29,-82.47,-166.86
52.410767,-1.545009,149.8,13.59,3,314.01,21 / 23,2100410,2019-09-06 19:55:06:153,-0.4398,-2.3611,10.0143,-0.0237,0.0069,9.8066,0.0149,-0.1112,0.0208,6.81,-36.5,-2.69,146.18,-82.29,-167.52
52.410767,-1.545009,149.8,13.59,3,314.01,21 / 23,2100509,2019-09-06 19:55:06:252,-0.1519,-0.7492,10.0242,-0.0366,0.0242,9.8065,0.0297,0.0942,-0.0795,7.31,-36.37,-2.69,145.48,-82.2,-168.86
52.410767,-1.545009,149.8,13.59,3,314.01,21 / 23,2100610,2019-09-06 19:55:06:353,0.9407,1.4184,9.8411,0.0033,-0.0168,9.8065,-0.1298,-0.0125,-0.0728,6.63,-37.5,-3.44,146.01,-82.27,-168.44
52.410767,-1.545009,149.8,13.59,3,314.01,21 / 23,2100710,2019-09-06 19:55:06:453,-0.5986,-1.1986,9.7316,-0.0087,0.0079,9.8066,0.0705,0.0355,-0.0303,6.06,-37.31,-2.94,149.11,-82.31,-169.56
52.410767,-1.545009,149.8,13.59,3,314.01,21 / 23,2100810,2019-09-06 19:55:06:553,0.2602,1.7422,10.398,0.0009,-0.0053,9.8066,0.067,0.1144,-0.0259,6.56,-37,-3.37,145.41,-82.41,-168.98
52.410767,-1.545009,149.8,13.59,3,314.01,21 / 23,2100910,2019-09-06 19:55:06:653,-0.0521,-1.171,10.0803,-0.0265,0.0124,9.8065,0.0941,-0.0421,0.051,6.75,-37.5,-2.5,142.09,-82.33,-168.31
52.410767,-1.545009,149.8,13.59,3,314.01,21 / 23,2101009,2019-09-06 19:55:06:752,0.8828,0.1674,10.2559,-0.0249,0.0168,9.8065,-0.0254,0.0379,-0.0227,6.44,-37.62,-2.37,146.06,-82.11,-169.63
52.410767,-1.545009,149.8,13.59,3,314.01,21 / 23,2101109,2019-09-06 19:55:06:852,0.4334,-0.7773,10.1987,-0.0126,0.0052,9.8066,-0.0374,-0.0237,0.0285,6.25,-37.69,-2.25,145.98,-82.12,-169.74
52.410767,-1.545009,149.8,13.59,3,314.01,21 / 23,2101210,2019-09-06 19:55:06:953,-0.8222,0.5125,9.7731,-0.0135,0.0245,9.8066,-0.1781,0.0437,0.0338,5.75,-37.37,-2.94,148.77,-82.35,-170.02
52.410767,-1.545009,149.8,13.59,3,314.01,21 / 23,2101311,2019-09-06 19:55:07:054,1.1309,-0.482,9.7009,-0.0287,0.0355,9.8065,-0.0729,-0.0326,0.0575,5.75,-37.12,-3,149.2,-82.27,-169.51
52.410767,-1.545009,149.8,13.59,3,314.01,21 / 23,2101410,2019-09-06 19:55:07:153,0.0849,-0.9173,10.1476,0.0309,-0.0224,9.8065,0.2463,-0.0251,0.0059,6.31,-36.75,-2.94,149.2,-82.54,-168.7
52.410767,-1.545009,149.8,13.59,3,314.01,21 / 23,2101509,2019-09-06 19:55:07:252,0.2538,-0.3642,9.8638,0.0209,-0.022,9.8066,0.1696,-0.0223,-0.0007,5.81,-37.75,-2.44,146.1,-82.36,-168.65
52.410767,-1.545009,149.8,13.59,3,314.01,21 / 23,2101610,2019-09-06 19:55:07:353,-0.82,0.0672,10.2335,-0.0023,0.0126,9.8066,-0.0954,-0.0243,0.0361,6.13,-38,-2.87,150.43,-82.07,-168.65
52.410767,-1.545009,149.8,13.59,3,314.01,21 / 23,2101709,2019-09-06 19:55:07:452,0.2377,0.0411,10.306,0.0058,-0.0097,9.8066,-0.1169,0.0406,-0.0714,6.44,-37.44,-2.06,146.08,-82.17,-168.6
52.410767,-1.545009,149.8,13.59,3,314.01,21 / 23,2101810,2019-09-06 19:55:07:553,-0.0726,-0.4712,9.7345,0.0002,-0.0124,9.8066,0.042,-0.022,-0.0161,5.88,-37.69,-2.81,149.56,-82.28,-169.52
52.410767,-1.545009,149.8,13.59,3,314.01,21 / 23,2101910,2019-09-06 19:55:07:653,0.7037,-1.301,9.5384,-0.0059,0.0042,9.8066,-0.0774,0.0292,-0.018,6.31,-37.12,-2.94,148.62,-82.35,-170.26
52.410767,-1.545009,149.8,13.59,3,314.01,21 / 23,2102009,2019-09-06 19:55:07:752,1.1327,-0.4175,8.9465,-0.0229,-0.0027,9.8065,0.0952,0.0469,-0.0402,6.5,-37.5,-2.69,144.19,-82.2,-171.53
52.410767,-1.545009,149.8,13.59,3,314.01,21 / 23,2102110,2019-09-06 19:55:07:853,1.6351,-0.9423,9.637,0.0274,-0.0428,9.8064,0.0277,-0.0204,-0.0414,6.19,-37.37,-2.62,148.34,-81.92,-172.07
52.410767,-1.545009,149.8,13.59,3,314.01,21 / 23,2102210,2019-09-06 19:55:07:953,-0.6206,0.466,10.4229,0.055,-0.0478,9.8064,0.1282,0.0242,-0.0163,5.56,-37.44,-2.06,143.53,-82.3,-172.51
52.410767,-1.545009,149.8,13.59,3,314.01,21 / 23,2102310,2019-09-06 19:55:08:053,1.0565,-0.3738,10.2983,0.0179,-0.0373,9.8065,0.0988,0.0071,0.0106,6.63,-38.37,-2.44,139.02,-82.46,-173.5
52.410767,-1.545009,149.8,13.59,3,314.01,21 / 23,2102410,2019-09-06 19:55:08:153,-1.2025,-1.7719,10.0558,-0.0483,0.0384,9.8064,-0.2269,-0.1691,0.1215,6.38,-37.5,-2.44,142.07,-82.64,-173.67
52.410767,-1.545009,149.8,13.59,3,314.01,21 / 23,2102509,2019-09-06 19:55:08:252,0.2121,-1.5604,9.6844,-0.0325,0.0499,9.8064,-0.181,0.1105,-0.1386,6.38,-37.62,-2.87,147.27,-82.21,-173.66
52.410767,-1.545009,149.8,13.59,3,314.01,21 / 23,2102610,2019-09-06 19:55:08:353,-0.8567,-0.805,10.1001,-0.044,0.0158,9.8065,0.133,-0.0525,0.0541,6.31,-37.94,-2,142.95,-82.21,-174.73
52.410767,-1.545009,149.8,13.59,3,314.01,21 / 23,2102709,2019-09-06 19:55:08:452,2.2193,-0.3793,10.0727,0.0219,-0.0136,9.8066,0.0122,0.136,-0.0596,6,-37.56,-2.37,143.69,-82.15,-173.68
52.410767,-1.545009,149.8,13.59,3,314.01,21 / 23,2102810,2019-09-06 19:55:08:553,0.8455,-1.8935,10.5622,-0.0109,0.0237,9.8065,0.1086,0.1504,-0.0452,6.81,-37.56,-1.87,138.85,-82.38,-174.05
52.410767,-1.545009,149.8,13.59,3,314.01,21 / 23,2102909,2019-09-06 19:55:08:652,-1.5995,-0.4715,10.0374,0.005,-0.0136,9.8066,0.1838,-0.0165,-0.0355,6.94,-37.62,-2.5,139.06,-82.33,-173.91
52.410767,-1.545009,149.8,13.59,3,314.01,21 / 23,2103009,2019-09-06 19:55:08:752,-2.1876,-1.3518,10.5648,0.002,-0.0158,9.8065,-0.2144,-0.0921,0.1031,6.94,-37.56,-2.19,138.85,-82.36,-174.15
52.410767,-1.545009,149.8,13.59,3,314.01,21 / 23,2103110,2019-09-06 19:55:08:853,0.2301,-0.9581,8.9655,-0.0379,0.0172,9.8065,-0.1252,0.0583,0.0175,6.69,-37.5,-2.44,138.23,-82.21,-174.9
52.410767,-1.545009,149.8,13.59,3,314.01,21 / 23,2103210,2019-09-06 19:55:08:953,1.1402,-1.9113,9.0409,-0.0406,0.0323,9.8065,0.005,0.0484,-0.0061,7.19,-37.19,-2.44,138.01,-82.15,-175.46
52.410767,-1.545009,149.8,13.59,3,314.01,21 / 23,2103310,2019-09-06 19:55:09:053,0.874,-1.047,9.5376,0.0308,-0.0179,9.8065,-0.0536,0.0151,-0.0123,6.69,-37.37,-2.5,138.43,-82.11,-174.96
52.410767,-1.545009,149.8,13.59,3,314.01,21 / 23,2103409,2019-09-06 19:55:09:152,-0.2994,-1.1146,8.4348,0.0233,-0.0188,9.8066,0.206,-0.0323,-0.0005,7,-37.12,-2.06,138.34,-82.27,-174.5
52.410767,-1.545009,149.8,13.59,3,314.01,21 / 23,2103510,2019-09-06 19:55:09:253,0.3923,-0.6378,10.4566,0.0328,-0.0306,9.8064,0.0739,0.0011,0.0164,6.75,-37.12,-3,142.35,-82.4,-173.8
52.410767,-1.545009,149.8,13.59,3,314.01,21 / 23,2103610,2019-09-06 19:55:09:353,-0.3194,-1.3592,10.132,0.0193,-0.0177,9.8066,0.11,-0.0401,0.0304,6.38,-37.12,-2.12,142.39,-82.46,-173.82
52.410767,-1.545009,149.8,13.59,3,314.01,21 / 23,2103709,2019-09-06 19:55:09:452,0.3031,0.2833,10.4948,0.0137,-0.0071,9.8066,0.2395,0.0791,-0.0727,6.19,-37.19,-1.62,142.66,-82.4,-173.61
52.410767,-1.545009,149.8,13.59,3,314.01,21 / 23,2103809,2019-09-06 19:55:09:552,0.6838,-0.7736,10.2097,0.006,-0.0179,9.8066,-0.1138,0.073,-0.0286,6.94,-36.5,-1.81,137.59,-82.35,-174.56
52.410767,-1.545009,149.8,13.59,3,314.01,21 / 23,2103910,2019-09-06 19:55:09:653,-0.1951,-1.2188,9.9856,-0.0395,0.0224,9.8065,-0.1613,0.0614,-0.0434,6.31,-37.37,-1.5,137.46,-82.33,-175.18
52.410767,-1.545009,149.8,13.59,3,314.01,21 / 23,2104011,2019-09-06 19:55:09:754,-0.0192,-0.7385,9.7198,-0.0204,0.009,9.8065,-0.0848,-0.0106,-0.0172,6.81,-36.25,-1.12,132.27,-82.18,-176.61
52.410767,-1.545009,149.8,13.59,3,314.01,21 / 23,2104110,2019-09-06 19:55:09:853,1.1693,-1.5014,10.0557,-0.0057,-0.003,9.8066,-0.1157,0.0274,-0.0272,7.5,-36.12,-1.25,127.61,-82.31,-177.71
52.410767,-1.545009,149.8,13.59,3,314.01,21 / 23,2104209,2019-09-06 19:55:09:952,-0.4452,-0.4506,9.4491,-0.0097,-0.0044,9.8066,-0.0435,0.0218,-0.0113,8.19,-36.19,-1.56,131.37,-82.32,-178.53
52.410767,-1.545009,149.8,13.59,3,314.01,21 / 23,2104310,2019-09-06 19:55:10:053,0.3931,-0.3454,9.3726,0.0259,-0.0152,9.8065,-0.0051,0.061,-0.0428,8.69,-36.06,-1.5,123.87,-82.38,-178.35
52.410767,-1.545009,149.8,13.59,3,314.01,21 / 23,2104409,2019-09-06 19:55:10:152,-0.1791,-1.2583,10.1077,0.011,-0.0086,9.8066,0.0311,0.0313,-0.0407,8.63,-35.5,-2.06,127.32,-82.37,-178.74
52.410767,-1.545009,149.8,13.59,3,314.01,21 / 23,2104510,2019-09-06 19:55:10:253,0.207,-0.9333,9.8019,-0.0194,0.0072,9.8066,-0.067,0.0412,-0.008,7.75,-35.5,-1.75,130.54,-82.44,-178.48
52.410767,-1.545009,149.8,13.59,3,314.01,21 / 23,2104612,2019-09-06 19:55:10:355,0.7068,-0.8498,9.491,0.0282,-0.009,9.8065,0.1004,0.0825,-0.0494,8,-35.81,-1.69,130.89,-82.38,-178.99
52.410767,-1.545009,149.8,13.59,3,314.01,21 / 23,2104710,2019-09-06 19:55:10:453,0.9615,-0.6155,9.9798,0.0246,-0.0318,9.8065,0.0694,-0.0384,0.0829,8.81,-36.37,-2.12,127.09,-82.59,-179.03
52.410767,-1.545009,149.8,13.59,3,314.01,21 / 23,2104809,2019-09-06 19:55:10:552,-1.611,-1.9002,7.9365,0.0219,-0.0075,9.8066,-0.1684,0.1665,0.093,8.69,-37.31,-2.31,128.52,-82.46,-178.24
52.410767,-1.545009,149.8,13.59,3,314.01,21 / 23,2104910,2019-09-06 19:55:10:653,1.3502,6.642,15.2484,-0.1216,0.1847,9.8041,-0.3135,-0.0147,-0.0182,7.5,-37.06,-2.37,137.1,-81.65,-173.12
52.410767,-1.545009,149.8,13.59,3,314.01,21 / 23,2105010,2019-09-06 19:55:10:753,2.6373,-6.6328,7.0226,-0.2178,0.1552,9.8029,-0.5767,-0.1758,0.1123,7.56,-36.31,-3.5,139.59,-81.85,-173.56
52.410767,-1.545009,149.8,13.59,3,314.01,21 / 23,2105110,2019-09-06 19:55:10:853,-4.353,-5.9209,5.7025,-0.1057,0.109,9.8054,-1.424,0.4683,-0.108,6.94,-36.81,-3.37,143.26,-81.58,-174.94
52.410767,-1.545009,149.8,13.59,3,314.01,21 / 23,2105210,2019-09-06 19:55:10:953,1.3836,-0.1805,8.1241,0.22,-0.2067,9.8019,0.4034,0.0744,0.0823,5.75,-37,-1.69,143.38,-81.19,-177.2
52.410767,-1.545009,149.8,13.59,3,314.01,21 / 23,2105310,2019-09-06 19:55:11:053,2.5351,-1.7541,8.1506,0.1236,-0.1068,9.8053,-0.2006,0.0502,-0.1583,6.19,-37.19,-1.19,139.94,-81.41,-175.17
52.41155,-1.546379,148.97,13.71,3,307.62,21 / 23,2105409,2019-09-06 19:55:11:152,-0.4424,-0.2902,9.8975,0.0178,-0.0201,9.8065,0.3228,0.0372,-0.0129,7.63,-36.94,-0.75,130.5,-82.12,-175.11
52.41155,-1.546379,148.97,13.71,3,307.62,21 / 23,2105510,2019-09-06 19:55:11:253,-0.3537,-0.6278,10.0917,0.061,-0.0485,9.8063,0.2975,0.0577,-0.0104,8.13,-37.06,-1.5,129.67,-82.46,-174.99
52.41155,-1.546379,148.97,13.71,3,307.62,21 / 23,2105609,2019-09-06 19:55:11:352,-0.8524,0.5888,8.8588,0.0544,-0.0462,9.8064,0.1587,0.1477,-0.0629,8,-37.87,-1.12,130.13,-82.48,-175.05
52.41155,-1.546379,148.97,13.71,3,307.62,21 / 23,2105710,2019-09-06 19:55:11:453,-0.6915,-3.0083,12.2574,0.0413,-0.0211,9.8065,0.1949,0.2505,-0.1398,8.81,-38.56,-0.31,123.91,-82.41,-174.41
52.41155,-1.546379,148.97,13.71,3,307.62,21 / 23,2105810,2019-09-06 19:55:11:553,-4.2837,2.2147,12.451,0.1163,-0.0928,9.8054,-0.1023,0.2184,-0.0061,8.75,-37.06,-0.19,120.85,-82.63,-176.02
52.41155,-1.546379,148.97,13.71,3,307.62,21 / 23,2105910,2019-09-06 19:55:11:653,-0.4492,-2.2479,12.5426,-0.0727,0.0265,9.8063,0.2649,-0.0039,0.0196,8.25,-36.44,-0.75,128.65,-82.28,-176.34
52.41155,-1.546379,148.97,13.71,3,307.62,21 / 23,2106010,2019-09-06 19:55:11:753,-1.3377,-1.1073,8.8952,0.0052,-0.0087,9.8066,-0.3864,0.139,-0.0004,8.81,-36.62,-0.75,126.49,-82.04,-176.82
52.41155,-1.546379,148.97,13.71,3,307.62,21 / 23,2106110,2019-09-06 19:55:11:853,-0.7261,-0.4262,9.1895,-0.0858,0.0383,9.8061,-0.2114,0.0296,0.0642,8.56,-37.25,-0.75,126.35,-81.79,-177.94
52.41155,-1.546379,148.97,13.71,3,307.62,21 / 23,2106210,2019-09-06 19:55:11:953,-0.0893,-0.8599,9.6293,-0.0481,0.0424,9.8064,-0.0241,0.0294,-0.0528,8.75,-36.69,-0.44,122.18,-81.99,-176.78
52.41155,-1.546379,148.97,13.71,3,307.62,21 / 23,2106309,2019-09-06 19:55:12:052,1.0274,-1.4702,10.0325,0.0265,-0.0196,9.8066,0.0145,0.0648,0.0202,9.13,-36.69,-1.37,126.03,-82.34,-176.37
52.41155,-1.546379,148.97,13.71,3,307.62,21 / 23,2106409,2019-09-06 19:55:12:152,-0.1205,-1.5163,9.8573,-0.0019,-0.0005,9.8066,0.0171,0.0744,0.0099,8.88,-36.81,-0.87,126.14,-82.24,-176.58
52.41155,-1.546379,148.97,13.71,3,307.62,21 / 23,2106509,2019-09-06 19:55:12:252,0.1533,-0.2486,10.0776,0.0082,-0.0005,9.8066,0.0779,0.0164,0.016,9,-36.75,-0.87,126.52,-82.17,-176.3
52.41155,-1.546379,148.97,13.71,3,307.62,21 / 23,2106610,2019-09-06 19:55:12:353,-0.7403,-0.5083,9.9952,0.0039,-0.0037,9.8066,-0.0886,0.0209,-0.0287,8.75,-36.75,-0.56,126.73,-82.16,-176.05
52.41155,-1.546379,148.97,13.71,3,307.62,21 / 23,2106709,2019-09-06 19:55:12:452,-0.2526,-0.9247,9.6772,-0.0055,-0.0032,9.8066,-0.0459,0.0579,-0.0161,8.44,-37.12,-1.31,129.57,-82.13,-176.45
52.41155,-1.546379,148.97,13.71,3,307.62,21 / 23,2106809,2019-09-06 19:55:12:552,0.3428,-0.4167,9.5625,-0.0067,-0.0004,9.8066,0.0171,0.0546,-0.0097,7.81,-36.87,-0.06,124.5,-82.12,-176.99
52.41155,-1.546379,148.97,13.71,3,307.62,21 / 23,2106910,2019-09-06 19:55:12:653,0.0916,-0.8875,9.1502,0.012,-0.0106,9.8066,-0.0122,0.0221,0.0045,7.88,-36.19,0.56,117.84,-82.26,-177.22
52.41155,-1.546379,148.97,13.71,3,307.62,21 / 23,2107010,2019-09-06 19:55:12:753,-1.0611,0.5303,10.1666,0.0224,-0.0107,9.8066,0.0462,0.0533,-0.024,8.38,-35.81,0.81,117.48,-82.38,-177.1
52.41155,-1.546379,148.97,13.71,3,307.62,21 / 23,2107110,2019-09-06 19:55:12:853,-0.9941,-0.106,10.2408,0.0015,-0.0086,9.8066,0.1382,0.0665,-0.0097,8.69,-36.19,0.31,118.97,-82.55,-177.98
52.41155,-1.546379,148.97,13.71,3,307.62,21 / 23,2107209,2019-09-06 19:55:12:952,-0.4691,-0.1631,10.3662,0.0186,-0.0042,9.8066,-0.1645,0.0808,-0.0185,9.06,-36.5,0,118.44,-82.63,-178.37
52.41155,-1.546379,148.97,13.71,3,307.62,21 / 23,2107309,2019-09-06 19:55:13:052,0.3975,-0.5138,10.1645,-0.0231,0.0017,9.8066,-0.0464,0.0349,0.0604,9.5,-36.12,-0.25,115.82,-82.54,-179.06
52.41155,-1.546379,148.97,13.71,3,307.62,21 / 23,2107410,2019-09-06 19:55:13:153,0.5331,-0.909,9.4197,-0.0343,0.0077,9.8065,-0.0191,-0.0032,-0.0582,9.81,-37.19,0.44,116.12,-82.45,-179.76
52.41155,-1.546379,148.97,13.71,3,307.62,21 / 23,2107509,2019-09-06 19:55:13:252,0.3262,-0.4051,9.0644,0.0011,-0.0031,9.8066,-0.0926,0.0338,-0.0613,9.88,-36.56,0.38,115.49,-82.46,179.48
52.41155,-1.546379,148.97,13.71,3,307.62,21 / 23,2107610,2019-09-06 19:55:13:353,-0.0607,-0.8509,9.6057,0.0132,-0.0229,9.8066,0.0222,0.0348,0.0513,9.94,-36.94,0.06,114.17,-82.59,178.35
52.41155,-1.546379,148.97,13.71,3,307.62,21 / 23,2107710,2019-09-06 19:55:13:453,0.1562,-0.7057,9.6456,0.0058,-0.0066,9.8066,-0.0465,0.0061,0.0203,10.31,-37.06,0,113.28,-82.89,178.4
52.41155,-1.546379,148.97,13.71,3,307.62,21 / 23,2107810,2019-09-06 19:55:13:553,-0.5442,-0.8259,10.1028,-0.004,0.005,9.8066,-0.0441,0.0407,0.0293,9.69,-36.56,-0.31,112.92,-83.06,178.61
52.41155,-1.546379,148.97,13.71,3,307.62,21 / 23,2107909,2019-09-06 19:55:13:652,0.4355,-0.4101,9.8768,-0.0067,0.0163,9.8066,0.0067,0.0254,0.0417,9.69,-36.44,-0.31,113.58,-83.02,179.95
52.41155,-1.546379,148.97,13.71,3,307.62,21 / 23,2108009,2019-09-06 19:55:13:752,0.315,-0.6455,9.8252,-0.0038,0.0068,9.8066,0.019,-0.0036,0.0161,10.31,-36.37,0.44,115.01,-82.82,-179.04
52.41155,-1.546379,148.97,13.71,3,307.62,21 / 23,2108110,2019-09-06 19:55:13:853,0.1467,-0.0509,9.3554,-0.0164,0.0073,9.8066,-0.1244,0.048,0.0013,9.69,-36.37,0.06,115.94,-82.66,-178.47
52.41155,-1.546379,148.97,13.71,3,307.62,21 / 23,2108209,2019-09-06 19:55:13:952,0.1481,-0.0163,10.0678,-0.0082,0.0054,9.8066,-0.0081,0.0282,0.0021,9.25,-35.94,0.44,117.9,-82.77,-178.5
52.41155,-1.546379,148.97,13.71,3,307.62,21 / 23,2108309,2019-09-06 19:55:14:052,1.1002,-1.1134,9.7857,0.0046,-0.0068,9.8066,-0.0532,0.074,-0.0304,9.69,-35.75,0.06,114.79,-82.95,-178.83
52.41155,-1.546379,148.97,13.71,3,307.62,21 / 23,2108410,2019-09-06 19:55:14:153,0.5563,-0.625,9.959,0.0002,-0.0068,9.8066,-0.0242,0.039,0.0131,9.63,-36.44,0.25,113.73,-83.04,-179.8
52.41155,-1.546379,148.97,13.71,3,307.62,21 / 23,2108509,2019-09-06 19:55:14:252,1.0799,-0.9846,9.9968,-0.0137,0.0078,9.8066,-0.0604,0.0062,-0.0399,9.63,-36.62,0.25,113.99,-83.01,179.69
52.41155,-1.546379,148.97,13.71,3,307.62,21 / 23,2108610,2019-09-06 19:55:14:353,0.0059,-0.6084,9.9693,-0.0045,0.0057,9.8066,0.083,0.0486,0.006,9.94,-36.31,0.38,113.51,-82.93,179.54
52.41155,-1.546379,148.97,13.71,3,307.62,21 / 23,2108710,2019-09-06 19:55:14:453,0.7381,-1.0852,10.2434,0.0007,0.001,9.8066,0.0922,0.1118,0.0294,9.13,-36.75,0.25,116.5,-82.86,179.28
52.41155,-1.546379,148.97,13.71,3,307.62,21 / 23,2108809,2019-09-06 19:55:14:552,0.427,-0.0329,9.5972,0.015,-0.0025,9.8066,-0.0777,0.0282,0.0042,9.38,-36.75,0.56,111.36,-82.89,179.56
52.41155,-1.546379,148.97,13.71,3,307.62,21 / 23,2108910,2019-09-06 19:55:14:653,0.8362,-1.4077,9.9469,-0.0015,0.0004,9.8066,-0.0788,0.0526,-0.0435,9.31,-36.75,0.25,116.15,-82.98,179.32
52.41155,-1.546379,148.97,13.71,3,307.62,21 / 23,2109009,2019-09-06 19:55:14:752,1.241,-1.1732,9.8665,0.0109,-0.0107,9.8066,-0.0028,0.0242,0.0115,9.19,-36.44,0.63,109.42,-83.1,178.92
52.41155,-1.546379,148.97,13.71,3,307.62,21 / 23,2109109,2019-09-06 19:55:14:852,-0.398,-0.5202,9.9755,-0.0017,-0.005,9.8066,0.0359,0.0696,-0.0119,9.25,-36.31,1.44,108.89,-83.07,178.19
52.41155,-1.546379,148.97,13.71,3,307.62,21 / 23,2109210,2019-09-06 19:55:14:953,-0.6278,-0.4063,9.6548,-0.0146,0.0082,9.8066,-0.0977,0.0565,0.0123,9.25,-36.06,1.5,102.94,-83.05,177.94
52.41155,-1.546379,148.97,13.71,3,307.62,21 / 23,2109309,2019-09-06 19:55:15:052,0.3279,-0.6593,9.3036,-0.0031,0.0001,9.8066,-0.1409,0.0405,0.0166,10,-36.44,1.5,101.97,-83.01,178.31
52.41155,-1.546379,148.97,13.71,3,307.62,21 / 23,2109410,2019-09-06 19:55:15:153,1.1925,-0.7237,9.912,-0.0021,0.0013,9.8066,0.0507,0.0287,0.0081,10.06,-36.25,0.63,106.97,-83.08,178.24
52.41155,-1.546379,148.97,13.71,3,307.62,21 / 23,2109510,2019-09-06 19:55:15:253,0.2068,-0.6787,9.9269,-0.0161,0.0119,9.8066,-0.0165,0.0645,-0.0411,9.81,-36.19,1.31,107.34,-83.03,178.48
52.41155,-1.546379,148.97,13.71,3,307.62,21 / 23,2109609,2019-09-06 19:55:15:352,-0.1309,-0.2601,9.7211,-0.0167,-0.0043,9.8066,0.0976,0.0976,-0.003,10,-35.87,0.94,106.5,-83.08,177.73
52.41155,-1.546379,148.97,13.71,3,307.62,21 / 23,2109710,2019-09-06 19:55:15:453,0.6037,-0.2491,10.0189,0.0228,-0.0097,9.8066,0.0769,0.0262,0.0508,9.75,-36.44,1.06,106.18,-83.21,177.82
52.41155,-1.546379,148.97,13.71,3,307.62,21 / 23,2109810,2019-09-06 19:55:15:553,0.6687,-0.1898,9.8504,0.0339,-0.0056,9.8065,-0.1086,0.039,-0.0295,9.5,-36,1.13,105.88,-83.32,177.91
52.41155,-1.546379,148.97,13.71,3,307.62,21 / 23,2109910,2019-09-06 19:55:15:653,-0.4106,0.0672,10.0636,-0.0222,0.0084,9.8066,-0.0637,-0.0463,0.0532,9.13,-35.75,0.19,113.5,-83.41,178.61
52.41155,-1.546379,148.97,13.71,3,307.62,21 / 23,2110010,2019-09-06 19:55:15:753,-0.0193,-1.1353,9.5238,-0.0286,0.0119,9.8065,-0.0206,-0.0044,-0.0138,8.31,-34.94,1.19,110.34,-83.28,178.97
52.41155,-1.546379,148.97,13.71,3,307.62,21 / 23,2110110,2019-09-06 19:55:15:853,0.6121,0.2854,9.9028,-0.003,0.0007,9.8066,0.0495,0.0176,0.0361,8.38,-34.37,1.81,102.74,-83.34,178.88
52.41155,-1.546379,148.97,13.71,3,307.62,21 / 23,2110209,2019-09-06 19:55:15:952,-0.5006,0.2885,9.7478,0.0142,-0.0046,9.8066,-0.0557,0.0377,-0.0738,9.44,-33.37,3.13,94.4,-83.3,178.83
52.41155,-1.546379,148.97,13.71,3,307.62,21 / 23,2110309,2019-09-06 19:55:16:052,0.2124,-0.1312,9.7011,0.0124,-0.0118,9.8066,0.042,0.0087,0.0424,11.31,-33.87,3.56,88.71,-83.22,178.48
52.41155,-1.546379,148.97,13.71,3,307.62,20 / 22,2110410,2019-09-06 19:55:16:153,1.2032,0.5131,10.0905,-0.0055,0.0046,9.8066,-0.0151,0.0291,-0.0643,12,-34.31,2.69,92.92,-83.28,178.1
52.41155,-1.546379,148.97,13.71,3,307.62,20 / 22,2110509,2019-09-06 19:55:16:252,0.2984,0.1587,9.5188,-0.002,-0.0099,9.8066,-0.063,-0.0016,-0.0356,12.75,-34.87,1.31,101.6,-83.27,178
52.41155,-1.546379,148.97,13.71,3,307.62,20 / 22,2110610,2019-09-06 19:55:16:353,0.2136,-1.0217,9.7248,0.018,-0.0168,9.8066,-0.0624,0.0098,-0.0118,11.25,-36,0.44,107.89,-83.24,176.35
52.41155,-1.546379,148.97,13.71,3,307.62,20 / 22,2110710,2019-09-06 19:55:16:453,0.8422,-1.9936,10.2643,-0.0043,0.0082,9.8066,-0.1271,0.0335,-0.0928,10.44,-36.31,0.88,104.09,-83.33,175.94
52.41155,-1.546379,148.97,13.71,3,307.62,20 / 22,2110809,2019-09-06 19:55:16:552,0.2313,0.5284,10.2399,-0.0096,-0.0153,9.8066,0.0786,0.0172,-0.0078,10.56,-36.75,1.56,98.03,-83.19,175.36
52.41155,-1.546379,148.97,13.71,3,307.62,20 / 22,2110910,2019-09-06 19:55:16:653,-0.078,-0.3486,10.4385,-0.044,0.0046,9.8065,0.0604,-0.0069,-0.0711,9.88,-36.37,1.69,99.1,-82.9,174.76
52.41155,-1.546379,148.97,13.71,3,307.62,20 / 22,2111009,2019-09-06 19:55:16:752,0.7181,-0.0446,9.7505,-0.0386,-0.0014,9.8065,-0.0069,0.0116,0.0202,9.81,-36.19,2,99.34,-82.75,174.4
52.41155,-1.546379,148.97,13.71,3,307.62,20 / 22,2111110,2019-09-06 19:55:16:853,0.3266,-0.5569,9.3187,0.0107,-0.0099,9.8066,-0.015,-0.0162,0.064,10,-37.31,2.06,98.71,-82.72,172.82
52.41155,-1.546379,148.97,13.71,3,307.62,20 / 22,2111209,2019-09-06 19:55:16:952,0.9953,0.6743,10.0437,0.0131,0.0031,9.8066,0.0776,-0.0219,-0.0733,10,-37.62,2.38,99.38,-82.74,172.85
52.41155,-1.546379,148.97,13.71,3,307.62,21 / 23,2111310,2019-09-06 19:55:17:053,0.4618,-0.515,10.3063,0.0415,-0.0233,9.8064,0.1731,0.0662,-0.0863,10.5,-37.19,2.44,93.5,-82.97,169.81
52.41155,-1.546379,148.97,13.71,3,307.62,21 / 23,2111409,2019-09-06 19:55:17:152,0.4038,0.9282,10.2734,0.0371,-0.0405,9.8064,-0.1278,0.0579,-0.0465,10.94,-38.25,2.38,91.99,-82.91,167.33
52.41155,-1.546379,148.97,13.71,3,307.62,21 / 23,2111509,2019-09-06 19:55:17:252,-0.1195,0.5858,9.7228,-0.0292,0.0145,9.8066,-0.0238,-0.0093,0.0194,10.69,-38.06,3.19,86.9,-82.58,166.47
52.41155,-1.546379,148.97,13.71,3,307.62,21 / 23,2111610,2019-09-06 19:55:17:353,-0.2116,0.6443,9.6244,-0.021,-0.0001,9.8066,0.0319,0.0239,-0.068,10.56,-37,2.94,86.18,-82.55,166.35
52.41155,-1.546379,148.97,13.71,3,307.62,21 / 23,2111709,2019-09-06 19:55:17:452,2.013,-0.4069,10.1783,0.0139,0.0025,9.8066,0.0323,0.0055,0.0021,9.88,-36.94,3.19,86.42,-82.59,165.69
52.41155,-1.546379,148.97,13.71,3,307.62,21 / 23,2111809,2019-09-06 19:55:17:552,0.3433,-0.2334,9.5932,0.0079,-0.0095,9.8066,0.0128,0.0081,0.0332,10.56,-36.56,2.63,84.44,-82.78,165.52
52.41155,-1.546379,148.97,13.71,3,307.62,21 / 23,2111909,2019-09-06 19:55:17:652,0.4038,0.0793,9.7849,0.0186,0.0086,9.8066,0.0606,0.0565,0.0364,10.38,-36.37,2.25,90.44,-83.01,166.12
52.41155,-1.546379,148.97,13.71,3,307.62,21 / 23,2112009,2019-09-06 19:55:17:752,0.3416,0.7459,9.8222,0.0119,0.0083,9.8066,-0.0542,0.0012,-0.035,10.06,-36.81,2.94,85.71,-83.03,166.78
52.41155,-1.546379,148.97,13.71,3,307.62,21 / 23,2112110,2019-09-06 19:55:17:853,1.1733,-0.1461,9.8859,-0.0121,0.0037,9.8066,-0.0988,-0.0385,0.0176,10.31,-36.56,1.81,91.92,-83.03,166.93
52.41155,-1.546379,148.97,13.71,3,307.62,21 / 23,2112209,2019-09-06 19:55:17:952,1.477,0.2992,9.4026,-0.0004,0.0073,9.8066,0.0264,0.0124,0.0207,10.38,-36.75,2.13,91.98,-83.13,167.39
52.41155,-1.546379,148.97,13.71,3,307.62,21 / 23,2112310,2019-09-06 19:55:18:053,1.1692,0.3736,9.487,0.0308,-0.0028,9.8066,0.0424,0.0149,0.0007,9.56,-36.44,2.13,90.96,-83.25,167.57
52.41155,-1.546379,148.97,13.71,3,307.62,21 / 23,2112409,2019-09-06 19:55:18:152,-0.4193,0.8626,9.6617,0.0298,0.0023,9.8066,-0.0864,-0.0001,-0.0049,10,-36.12,2.38,90.01,-83.54,167.74
52.41155,-1.546379,148.97,13.71,3,307.62,21 / 23,2112510,2019-09-06 19:55:18:253,0.6637,0.3001,10.2974,-0.0188,0.0159,9.8065,-0.0952,0.0027,0.0122,9.56,-37.25,2.13,91.75,-83.56,168.9
52.41155,-1.546379,148.97,13.71,3,307.62,21 / 23,2112610,2019-09-06 19:55:18:353,1.8721,-0.0843,10.0436,-0.0131,0.0005,9.8066,0.0402,-0.0368,0.0959,10,-36.81,1.63,91.34,-83.66,168.91
52.41155,-1.546379,148.97,13.71,3,307.62,21 / 23,2112710,2019-09-06 19:55:18:453,1.3839,-0.2628,9.3329,-0.004,0.0183,9.8066,-0.0842,-0.027,-0.0302,10.19,-36.94,1.31,98.31,-83.84,170.93
52.41155,-1.546379,148.97,13.71,3,307.62,21 / 23,2112810,2019-09-06 19:55:18:553,1.5921,-0.2241,8.5512,0.018,0.0116,9.8066,0.077,-0.058,0.0548,9.56,-36.06,1.56,92.22,-83.95,171.59
52.41155,-1.546379,148.97,13.71,3,307.62,21 / 23,2112910,2019-09-06 19:55:18:653,1.4286,0.367,9.8778,0.0562,-0.0026,9.8064,0.1557,-0.0042,0.075,9.19,-36.94,1.63,95.81,-83.99,173.52
52.41155,-1.546379,148.97,13.71,3,307.62,21 / 23,2113010,2019-09-06 19:55:18:753,0.4072,0.6593,10.8157,0.0599,-0.0042,9.8064,-0.1134,-0.0649,0.0753,8.81,-36.62,1.5,95.08,-84.48,174.92
52.41155,-1.546379,148.97,13.71,3,307.62,21 / 23,2113110,2019-09-06 19:55:18:853,0.6058,0.0499,10.1986,-0.0763,0.0359,9.8063,-0.0912,0.0221,-0.0412,9.44,-36.87,1.5,98.73,-84.06,176.91
52.41155,-1.546379,148.97,13.71,3,307.62,21 / 23,2113210,2019-09-06 19:55:18:953,0.6529,0.8056,10.1328,-0.0705,0.018,9.8063,-0.0537,-0.0354,-0.0103,8.69,-37.5,1.31,105.72,-83.95,177.51
52.41155,-1.546379,148.97,13.71,3,307.62,21 / 23,2113310,2019-09-06 19:55:19:053,1.8281,0.0166,9.717,0.0161,0.0008,9.8066,-0.1066,-0.0222,0.048,8.88,-36.69,1,106.58,-83.82,177.95
52.41155,-1.546379,148.97,13.71,3,307.62,21 / 23,2113410,2019-09-06 19:55:19:153,1.7014,0.4503,9.8813,0.0923,-0.0313,9.8061,0.1013,-0.0842,0.0452,8.63,-37.12,1.19,108.23,-83.61,178.93
52.41155,-1.546379,148.97,13.71,3,307.62,21 / 23,2113510,2019-09-06 19:55:19:253,1.3548,-0.9842,9.5333,-0.0157,0.0041,9.8065,0.1551,-0.1641,0.0972,8.5,-36.19,1.5,100.51,-84.11,179.76
52.41155,-1.546379,148.97,13.71,3,307.62,21 / 23,2113609,2019-09-06 19:55:19:352,1.3227,0.6833,9.7894,0.0359,-0.0003,9.8065,0.1525,-0.0053,-0.0128,8.44,-36.12,1.69,102.49,-84.23,-178.92
52.41155,-1.546379,148.97,13.71,3,307.62,21 / 23,2113710,2019-09-06 19:55:19:453,0.5306,1.125,10.6419,0.0502,0.0029,9.8065,-0.1344,-0.0252,-0.0598,8.38,-36.25,2,102.75,-84.36,-177.99
52.41155,-1.546379,148.97,13.71,3,307.62,21 / 23,2113810,2019-09-06 19:55:19:553,0.5402,0.049,10.2718,-0.0508,0.0125,9.8065,-0.0236,-0.0057,-0.0454,8.44,-36.69,1.19,111.08,-84.04,-178.21
52.41155,-1.546379,148.97,13.71,3,307.62,21 / 23,2113910,2019-09-06 19:55:19:653,0.8005,0.83,9.516,-0.0079,-0.0003,9.8066,-0.1249,-0.0324,0.1017,8.25,-37.31,1.06,110.01,-84.17,-178.88
52.41155,-1.546379,148.97,13.71,3,307.62,21 / 23,2114009,2019-09-06 19:55:19:752,1.5253,-0.2251,9.8093,-0.0214,0.0287,9.8065,-0.1798,-0.0039,-0.0399,8.19,-37.12,1,111.8,-84.27,-176.26
52.41155,-1.546379,148.97,13.71,3,307.62,21 / 23,2114110,2019-09-06 19:55:19:853,2.3948,-0.4543,10.3424,0.0222,-0.0054,9.8065,0.0454,-0.0583,0.065,7.56,-37.62,0.75,113.64,-84.3,-174.63
52.41155,-1.546379,148.97,13.71,3,307.62,21 / 23,2114210,2019-09-06 19:55:19:953,0.7916,-0.3459,9.7458,-0.0106,0.0111,9.8066,0.0185,-0.0428,0.0199,7.75,-37.5,0.69,113.59,-84.35,-173.74
52.41155,-1.546379,148.97,13.71,3,307.62,21 / 23,2114310,2019-09-06 19:55:20:053,1.2342,0.6302,10.0244,-0.0077,0.0108,9.8066,0.0113,-0.057,0.0629,7.19,-37.44,0.88,116.94,-84.28,-172.62
52.41204,-1.547761,148.54,9.24,3,299.94,21 / 23,2114409,2019-09-06 19:55:20:152,1.1924,0.3088,9.883,0.0215,0.0022,9.8066,0.061,-0.0646,0.0356,7.44,-37.69,1.25,118.45,-84.34,-171.2
52.41204,-1.547761,148.54,9.24,3,299.94,21 / 23,2114509,2019-09-06 19:55:20:252,1.7677,-0.2384,9.8031,-0.0143,0.0034,9.8066,0.0988,-0.0767,0.0046,7.44,-37.37,1,118.31,-84.28,-170.88
52.41204,-1.547761,148.54,9.24,3,299.94,21 / 23,2114609,2019-09-06 19:55:20:352,1.0608,0.0204,10.0231,0.0211,-0.012,9.8066,0.0602,-0.0162,-0.0408,7.94,-37.5,0,121.9,-84.48,-170.24
52.41204,-1.547761,148.54,9.24,3,299.94,21 / 23,2114710,2019-09-06 19:55:20:453,1.1617,0.6497,9.8166,0.0109,-0.0084,9.8066,-0.0268,-0.0375,-0.0213,7.31,-36.81,0.31,123.79,-84.51,-171
52.41204,-1.547761,148.54,9.24,3,299.94,21 / 23,2114810,2019-09-06 19:55:20:553,1.6496,-0.4086,9.9814,-0.0114,-0.0032,9.8066,-0.0926,-0.0484,0.0107,8.31,-36.56,-0.19,121.08,-84.4,-171.61
52.41204,-1.547761,148.54,9.24,3,299.94,21 / 23,2114909,2019-09-06 19:55:20:652,1.523,0.4341,9.3981,-0.0018,0.0075,9.8066,-0.0338,-0.0183,0.0211,7.81,-37,-0.19,121.15,-84.41,-171.5
52.41204,-1.547761,148.54,9.24,3,299.94,21 / 23,2115009,2019-09-06 19:55:20:752,0.3452,-0.6813,9.7369,0.0078,0.0007,9.8066,-0.0322,-0.0877,0.0041,7.56,-37.69,0.44,121.73,-84.45,-171.25
52.41204,-1.547761,148.54,9.24,3,299.94,21 / 23,2115109,2019-09-06 19:55:20:852,-0.3329,-1.0466,8.723,-0.0012,-0.0003,9.8066,-0.0641,-0.0789,0.0597,7.19,-36.81,-0.94,129.99,-84.55,-170.47
52.41204,-1.547761,148.54,9.24,3,299.94,21 / 23,2115209,2019-09-06 19:55:20:952,1.5811,0.0014,9.9471,0.0063,0.012,9.8066,-0.1625,-0.003,0.0073,7.19,-37.75,-0.44,126.41,-84.66,-167.53
52.41204,-1.547761,148.54,9.24,3,299.94,21 / 23,2115310,2019-09-06 19:55:21:053,1.6393,-0.5188,9.9986,-0.0074,0.0194,9.8066,-0.0985,-0.0123,0.0163,7.25,-37.56,-1.12,132.57,-84.78,-166.58
52.41204,-1.547761,148.54,9.24,3,299.94,21 / 23,2115410,2019-09-06 19:55:21:153,1.6714,-0.2678,10.4335,0.0122,-0.0034,9.8066,0.0696,-0.0197,-0.0072,6.81,-37.62,-0.44,127.76,-84.81,-165.05
52.41204,-1.547761,148.54,9.24,3,299.94,21 / 23,2115510,2019-09-06 19:55:21:253,0.1464,0.7224,10.1991,-0.0428,0.0178,9.8065,-0.1223,-0.0051,-0.0448,7.44,-37.81,-0.69,133.43,-84.69,-165.78
52.41204,-1.547761,148.54,9.24,3,299.94,21 / 23,2115610,2019-09-06 19:55:21:353,0.4033,0.2718,9.8264,-0.0376,0.0157,9.8065,0.0047,-0.0453,-0.006,7,-37.5,0.06,126.7,-84.62,-166.65
52.41204,-1.547761,148.54,9.24,3,299.94,21 / 23,2115709,2019-09-06 19:55:21:452,1.4862,-0.0264,9.865,-0.0169,0.0082,9.8066,-0.0974,-0.0027,-0.0083,6.75,-37.62,0.06,128,-84.37,-166.78
52.41204,-1.547761,148.54,9.24,3,299.94,21 / 23,2115810,2019-09-06 19:55:21:553,1.3884,-0.4714,9.7125,-0.003,-0.0031,9.8066,-0.104,-0.042,0.0077,7.06,-37.75,-0.81,132.7,-84.54,-167.43
52.41204,-1.547761,148.54,9.24,3,299.94,21 / 23,2115909,2019-09-06 19:55:21:652,1.9239,-0.7168,9.5534,-0.0028,-0.0075,9.8066,0.1109,-0.0367,0.0108,7.25,-37.69,-0.19,126.4,-84.63,-167.68
52.41204,-1.547761,148.54,9.24,3,299.94,21 / 23,2116009,2019-09-06 19:55:21:752,0.7099,0.1229,9.7955,0.0227,-0.0172,9.8065,0.1226,-0.0205,-0.0198,7.13,-37.94,-0.31,125.6,-84.85,-167.72
52.41204,-1.547761,148.54,9.24,3,299.94,21 / 23,2116109,2019-09-06 19:55:21:852,0.9814,-0.3194,9.5871,0.0184,-0.0122,9.8066,-0.0388,-0.0423,0.0064,7,-37.5,-0.12,124.71,-84.84,-168.27
52.41204,-1.547761,148.54,9.24,3,299.94,21 / 23,2116209,2019-09-06 19:55:21:952,1.5185,-0.0085,9.9936,-0.006,0.0019,9.8066,-0.0369,-0.048,0.0117,7.56,-37.31,0.44,122.94,-84.78,-167.69
52.41204,-1.547761,148.54,9.24,3,299.94,21 / 23,2116309,2019-09-06 19:55:22:052,1.4792,-0.3336,9.8626,0.0043,-0.0012,9.8066,0.0262,-0.0223,-0.0262,6.94,-37.81,-0.62,131.65,-84.86,-167.52
52.41204,-1.547761,148.54,9.24,3,299.94,21 / 23,2116409,2019-09-06 19:55:22:152,0.5878,-0.038,9.8605,0.0058,-0.0005,9.8066,0.0353,-0.0061,0.0034,7.44,-37.19,-0.31,125.38,-84.89,-167.15
52.41204,-1.547761,148.54,9.24,3,299.94,21 / 23,2116510,2019-09-06 19:55:22:253,0.2776,-0.2712,9.9242,0.0029,-0.0032,9.8066,-0.0224,-0.0314,0.0436,6.75,-37.19,0.13,125.22,-84.93,-167.18
52.41204,-1.547761,148.54,9.24,3,299.94,21 / 23,2116609,2019-09-06 19:55:22:352,1.2566,-0.3416,9.8778,-0.0057,0.0036,9.8066,-0.0379,-0.0102,-0.0165,6.88,-37.56,0,126,-84.94,-166.76
52.41204,-1.547761,148.54,9.24,3,299.94,21 / 23,2116709,2019-09-06 19:55:22:452,0.9514,-0.6015,9.7983,-0.0146,0.0028,9.8066,0.0131,-0.0422,-0.0272,7.75,-37.12,-0.62,128.75,-84.92,-166.79
52.41204,-1.547761,148.54,9.24,3,299.94,21 / 23,2116810,2019-09-06 19:55:22:553,0.6869,-0.0641,9.4297,0.0222,-0.0043,9.8066,-0.0206,-0.0161,-0.0039,7.38,-37.44,-0.31,126,-85.01,-165.77
52.41204,-1.547761,148.54,9.24,3,299.94,21 / 23,2116910,2019-09-06 19:55:22:653,0.9087,0.2551,9.7872,0.0043,0.001,9.8065,0.0241,-0.0559,0.0051,7.19,-37.12,-0.25,126.17,-85.05,-165.41
52.41204,-1.547761,148.54,9.24,3,299.94,21 / 23,2117010,2019-09-06 19:55:22:753,0.2782,-0.1097,9.8269,0.0108,-0.0027,9.8065,0.0072,-0.0136,-0.0118,7,-37.19,-0.19,126.53,-85.17,-164.39
52.41204,-1.547761,148.54,9.24,3,299.94,21 / 23,2117110,2019-09-06 19:55:22:853,1.0594,0.0652,9.8025,0.0114,0.0006,9.8066,0.001,-0.0045,0.009,6.81,-37,0,126.85,-85.21,-163.77
52.41204,-1.547761,148.54,9.24,3,299.94,21 / 23,2117210,2019-09-06 19:55:22:953,0.7551,-0.491,9.9938,0.0134,0.0015,9.8066,0.0035,-0.0347,0.0063,6.5,-37.44,-0.81,133.45,-85.24,-162.99
52.41204,-1.547761,148.54,9.24,3,299.94,21 / 23,2117309,2019-09-06 19:55:23:052,0.6652,0.1609,10.1698,0.0136,-0.0002,9.8066,0.031,-0.0442,0.0248,7.19,-37.06,-0.87,134.75,-85.33,-160.93
52.41204,-1.547761,148.54,9.24,3,299.94,21 / 23,2117409,2019-09-06 19:55:23:152,0.9551,-0.3361,9.5964,0.0146,0.0021,9.8066,0.0256,-0.0049,-0.0046,7.31,-36.75,-0.75,135.26,-85.38,-160.08
52.41204,-1.547761,148.54,9.24,3,299.94,21 / 23,2117510,2019-09-06 19:55:23:253,0.2382,-0.0997,9.8068,0.0095,-0.0046,9.8066,-0.015,-0.0102,0.0142,6.88,-36.75,-0.87,135.47,-85.38,-159.8
52.41204,-1.547761,148.54,9.24,3,299.94,21 / 23,2117609,2019-09-06 19:55:23:352,0.0334,-0.5267,9.4534,-0.001,0.0059,9.8066,-0.0177,0.02,0.0271,6.69,-37.62,-0.87,136.59,-85.38,-158.77
52.41204,-1.547761,148.54,9.24,3,299.94,21 / 23,2117710,2019-09-06 19:55:23:453,0.6219,-0.0596,10.1882,-0.0076,0.0264,9.8066,-0.0441,-0.0408,0.0359,7.38,-37.44,-0.75,138.09,-85.35,-156.45
52.41204,-1.547761,148.54,9.24,3,299.94,21 / 23,2117810,2019-09-06 19:55:23:553,0.7413,0.1421,9.5505,0.0042,0.0017,9.8066,-0.086,-0.0136,-0.0286,6.75,-37.75,-1.19,140.09,-85.23,-154.63
52.41204,-1.547761,148.54,9.24,3,299.94,21 / 23,2117910,2019-09-06 19:55:23:653,0.3994,-0.245,10.0846,0.0031,0.0097,9.8065,0.0547,-0.0272,-0.0218,6,-37.5,-0.25,136.67,-85.2,-153.98
52.41204,-1.547761,148.54,9.24,3,299.94,21 / 23,2118009,2019-09-06 19:55:23:752,1.1433,0.7081,10.8009,-0.0193,-0.0056,9.8065,0.0008,-0.0216,-0.0185,6.56,-37.69,-0.81,140.49,-85.09,-154.59
52.41204,-1.547761,148.54,9.24,3,299.94,21 / 23,2118110,2019-09-06 19:55:23:853,0.3779,-0.7326,9.6204,-0.0181,-0.005,9.8066,0.0008,-0.0381,0.0516,6.31,-37.81,-1,141.83,-85.14,-156.65
52.41204,-1.547761,148.54,9.24,3,299.94,21 / 23,2118209,2019-09-06 19:55:23:952,1.1603,-0.4061,9.6614,-0.002,0.0122,9.8066,-0.0184,-0.0319,-0.0009,7,-37.25,-0.44,132.77,-85.05,-156.71
52.41204,-1.547761,148.54,9.24,3,299.94,21 / 23,2118310,2019-09-06 19:55:24:053,0.892,-0.3002,9.6027,0.0143,-0.0022,9.8066,0.0269,0.0009,0.0117,6.31,-37.44,-0.81,142.28,-85.05,-155.83
52.41204,-1.547761,148.54,9.24,3,299.94,20 / 23,2118410,2019-09-06 19:55:24:153,0.7281,-0.5532,9.87,0.0265,0.011,9.8066,0.064,-0.0687,0.079,5.88,-38.19,-0.44,137.57,-85.11,-153.72
52.41204,-1.547761,148.54,9.24,3,299.94,20 / 23,2118509,2019-09-06 19:55:24:252,1.1658,0.077,10.5591,0.0251,0.006,9.8066,-0.0726,-0.0316,0.0092,6.69,-38.06,-1.19,144.83,-85.11,-148.53
52.41204,-1.547761,148.54,9.24,3,299.94,20 / 23,2118610,2019-09-06 19:55:24:353,0.8536,0.3867,10.105,-0.013,-0.0026,9.8066,-0.1179,0.0114,-0.0451,6.13,-38.31,-0.62,147.26,-85.2,-148.55
52.41204,-1.547761,148.54,9.24,3,299.94,20 / 23,2118710,2019-09-06 19:55:24:453,1.0015,-0.6312,9.7267,-0.0086,-0.0141,9.8066,0.0127,-0.0289,0.0119,7.19,-37.56,-1.12,143.33,-85.48,-149.39
52.41204,-1.547761,148.54,9.24,3,299.94,20 / 23,2118810,2019-09-06 19:55:24:553,1.3232,-0.5202,10.0821,0.0067,-0.0128,9.8066,0.0216,-0.0154,-0.0312,6.75,-37.69,-1.12,142.99,-85.59,-149.49
52.41204,-1.547761,148.54,9.24,3,299.94,20 / 23,2118910,2019-09-06 19:55:24:653,1.1598,-0.1979,9.4389,-0.0044,-0.0034,9.8066,0.0374,0.0093,-0.0244,6.94,-37.94,-0.94,141.07,-85.61,-151.98
52.41204,-1.547761,148.54,9.24,3,299.94,20 / 23,2119016,2019-09-06 19:55:24:759,0.9833,-0.3003,9.4132,0.002,0.0016,9.8066,0.0302,-0.0084,0.0226,7.06,-38.44,-0.75,140.39,-85.5,-153.27
52.41204,-1.547761,148.54,9.24,3,299.94,20 / 23,2119110,2019-09-06 19:55:24:853,0.8441,-0.7278,10.0548,-0.0065,0.0029,9.8066,0.0443,-0.01,-0.007,6.94,-38.12,-0.75,140.75,-85.38,-153.21
52.41204,-1.547761,148.54,9.24,3,299.94,20 / 23,2119210,2019-09-06 19:55:24:953,0.8199,0.1452,10.0825,-0.0085,0.0095,9.8066,0.0006,-0.005,-0.0111,7.06,-37.87,-1.44,141.08,-85.21,-153.33
52.41204,-1.547761,148.54,9.24,3,299.94,20 / 23,2119309,2019-09-06 19:55:25:052,0.9005,0.0733,10.0692,-0.0038,0.0004,9.8066,0.029,-0.0109,0.0078,7.38,-37.56,-0.62,141.13,-85.11,-153.62
52.41204,-1.547761,148.54,9.24,3,299.94,21 / 23,2119410,2019-09-06 19:55:25:153,0.8538,-0.4378,9.9522,0.0026,-0.0123,9.8066,0.0173,-0.0309,-0.0502,6.44,-37.44,0,136.39,-85.18,-154.5
52.41204,-1.547761,148.54,9.24,3,299.94,21 / 23,2119509,2019-09-06 19:55:25:252,0.7185,-0.4921,9.7553,-0.006,-0.0057,9.8066,-0.0106,-0.0168,-0.0015,6.56,-37.87,0.25,132.2,-85.38,-156.64
52.41204,-1.547761,148.54,9.24,3,299.94,21 / 23,2119610,2019-09-06 19:55:25:353,0.4625,-0.0386,10.1172,0.0004,0.0005,9.8066,0.024,-0.0392,0.0226,6.69,-38.12,-0.62,138.06,-85.35,-156.92
52.41204,-1.547761,148.54,9.24,3,299.94,21 / 23,2119710,2019-09-06 19:55:25:453,0.948,-0.4547,10.128,0.0093,-0.0065,9.8066,-0.0254,0.001,-0.0261,6.63,-38.19,-0.69,137.91,-85.4,-156.95
52.41204,-1.547761,148.54,9.24,3,299.94,21 / 23,2119809,2019-09-06 19:55:25:552,0.6203,-0.2009,9.8389,0.0142,-0.0006,9.8066,-0.023,0.0095,0.0356,7.44,-37.37,-1.06,138.17,-85.52,-155.7
52.41204,-1.547761,148.54,9.24,3,299.94,21 / 23,2119909,2019-09-06 19:55:25:652,0.8043,-0.5112,9.5562,-0.0005,-0.0076,9.8066,0.0121,0.0011,-0.0419,7.5,-37.56,-1.06,136.03,-85.64,-155.43
52.41204,-1.547761,148.54,9.24,3,299.94,21 / 23,2120010,2019-09-06 19:55:25:753,0.8597,-0.2882,9.8272,0.0037,-0.0003,9.8066,0.0145,-0.0057,0.0009,7.31,-37.12,-1.44,137.96,-85.69,-155.37
52.41204,-1.547761,148.54,9.24,3,299.94,21 / 23,2120110,2019-09-06 19:55:25:853,0.7524,-0.0011,10.0331,0.0012,-0.0026,9.8066,-0.0266,0.0009,-0.0004,7.31,-37.25,-1.69,143.82,-85.74,-154.95
52.41204,-1.547761,148.54,9.24,3,299.94,21 / 23,2120210,2019-09-06 19:55:25:953,1.1418,-0.178,9.9647,0.0033,-0.0023,9.8066,-0.0337,-0.0423,-0.0179,7,-37.12,-1.19,138.08,-85.83,-154.73
52.41204,-1.547761,148.54,9.24,3,299.94,21 / 23,2120309,2019-09-06 19:55:26:052,0.519,-0.3815,9.7397,0.0106,0.0006,9.8066,0.0226,-0.0355,0.0041,7.31,-37,-0.94,138.1,-85.88,-154.5
52.41204,-1.547761,148.54,9.24,3,299.94,20 / 23,2120410,2019-09-06 19:55:26:153,0.2214,-0.0834,9.8283,0.0143,-0.0021,9.8066,0.0214,-0.0087,0.0067,6.69,-37.19,-0.44,132.89,-85.95,-152.95
52.41204,-1.547761,148.54,9.24,3,299.94,20 / 23,2120510,2019-09-06 19:55:26:253,0.7379,-0.2943,9.7268,-0.008,0.0017,9.8066,-0.0219,-0.0122,0.0006,7.19,-36.94,-0.44,132.69,-85.96,-153.13
52.41204,-1.547761,148.54,9.24,3,299.94,20 / 23,2120609,2019-09-06 19:55:26:352,0.2866,-0.1316,9.7724,-0.0027,0.0035,9.8066,-0.0016,0.0041,-0.0002,6.88,-36.81,-0.81,139.41,-86,-152.38
52.41204,-1.547761,148.54,9.24,3,299.94,20 / 23,2120710,2019-09-06 19:55:26:453,-0.0331,0.0098,9.7982,0.0054,-0.0007,9.8066,0.0085,-0.0037,0.013,6.75,-37.56,-0.75,140.02,-86.01,-151.94
52.41204,-1.547761,148.54,9.24,3,299.94,20 / 23,2120810,2019-09-06 19:55:26:553,0.129,-0.1277,9.8122,0.003,-0.0029,9.8066,-0.0052,0.0018,-0.0112,6.88,-37.56,-0.69,140.23,-86.07,-151.48
52.41204,-1.547761,148.54,9.24,3,299.94,20 / 23,2120909,2019-09-06 19:55:26:652,0.3654,-0.0448,9.87,0.0021,-0.0016,9.8066,0.0256,-0.0086,-0.0075,7.13,-37.31,-1,139.9,-86.11,-151.41
52.41204,-1.547761,148.54,9.24,3,299.94,20 / 23,2121010,2019-09-06 19:55:26:753,0.0586,-0.0776,9.8559,0.0045,-0.0053,9.8066,0.0014,-0.0049,-0.0136,7.13,-37.75,-1.69,145.79,-86.15,-151.47
52.41204,-1.547761,148.54,9.24,3,299.94,20 / 23,2121112,2019-09-06 19:55:26:855,0.0573,-0.1284,9.8743,0.0002,0.0019,9.8066,0.0107,-0.0098,0.0085,7.44,-37.56,-1,140.1,-86.18,-151.26
52.41204,-1.547761,148.54,9.24,3,299.94,20 / 23,2121209,2019-09-06 19:55:26:952,0.0159,-0.0341,9.864,0.0007,0.0015,9.8066,-0.0056,-0.0064,-0.0069,7.38,-37.37,-0.69,140.07,-86.2,-150.88
52.41204,-1.547761,148.54,9.24,3,299.94,20 / 23,2121318,2019-09-06 19:55:27:061,0.0674,-0.0742,9.9665,0.0066,-0.0013,9.8066,-0.0057,0.0047,-0.0004,7.44,-37.94,-0.62,140.67,-86.24,-150.31
52.41204,-1.547761,148.54,9.24,3,299.94,21 / 23,2121409,2019-09-06 19:55:27:152,-0.2225,0.0919,9.8005,0.0074,-0.0007,9.8066,0.0037,-0.0047,0.0175,7.56,-37.25,-1.06,138.8,-86.28,-149.59
52.41204,-1.547761,148.54,9.24,3,299.94,21 / 23,2121510,2019-09-06 19:55:27:253,-0.011,-0.0358,9.8235,-0.0019,0.0023,9.8066,-0.0007,-0.0038,0.0048,7.31,-37.62,-1.56,147.43,-86.29,-148.95
52.41204,-1.547761,148.54,9.24,3,299.94,21 / 23,2121609,2019-09-06 19:55:27:352,-0.0576,0.0834,9.8958,0.0064,0.0012,9.8066,0.0044,-0.0247,-0.0042,7.75,-37.19,-1.06,140.06,-86.33,-147.89
52.41204,-1.547761,148.54,9.24,3,299.94,21 / 23,2121709,2019-09-06 19:55:27:452,0.0259,0.0046,9.8302,0.0037,-0.0013,9.8066,-0.0051,0.0001,0.0048,7.44,-36.81,-0.81,142.26,-86.36,-147.56
52.41204,-1.547761,148.54,9.24,3,299.94,21 / 23,2121809,2019-09-06 19:55:27:552,0.0806,-0.0848,9.9213,0.0049,-0.0013,9.8066,-0.0212,0.0037,0.0037,8,-37.37,-1.31,140.74,-86.42,-146.79
52.41204,-1.547761,148.54,9.24,3,299.94,21 / 23,2121910,2019-09-06 19:55:27:653,0.1636,-0.1307,9.8016,0.0042,-0.0015,9.8066,0.0266,-0.0057,0.0036,7.44,-37.25,-1,142.99,-86.49,-146.21
52.41204,-1.547761,148.54,9.24,3,299.94,21 / 23,2122010,2019-09-06 19:55:27:753,-0.3021,0.0609,9.8505,0.007,-0.0022,9.8066,0.029,-0.0137,0.0019,7.63,-36.69,-0.94,141.31,-86.53,-145.78
52.41204,-1.547761,148.54,9.24,3,299.94,21 / 23,2122110,2019-09-06 19:55:27:853,0.1591,0.0983,9.9175,-0.001,-0.0005,9.8066,-0.0223,0.0023,-0.01,7.44,-37.19,-1.37,143.44,-86.56,-145.42
52.41204,-1.547761,148.54,9.24,3,299.94,21 / 23,2122209,2019-09-06 19:55:27:952,-0.2369,0.0376,9.868,0.0021,0.001,9.8066,-0.0138,-0.0161,0.011,7.69,-37.25,-0.94,141.9,-86.59,-144.87
52.41204,-1.547761,148.54,9.24,3,299.94,21 / 23,2122310,2019-09-06 19:55:28:053,0.0415,-0.0836,9.9068,0.0026,-0.002,9.8066,-0.001,-0.0178,-0.0067,7,-37.5,-1.06,144.21,-86.61,-144.3
52.41204,-1.547761,148.54,9.24,3,299.94,20 / 22,2122410,2019-09-06 19:55:28:153,-0.5362,0.1707,9.7521,0.0003,-0.0001,9.8066,0.0027,0.0033,0.0022,7.5,-37.31,-1.25,142.49,-86.65,-143.99
52.41204,-1.547761,148.54,9.24,3,299.94,20 / 22,2122509,2019-09-06 19:55:28:252,-0.134,0.0414,9.7943,0.0046,0.0006,9.8066,0.0041,-0.0138,-0.0004,7.25,-36.69,-0.81,144.91,-86.68,-143.21
52.41204,-1.547761,148.54,9.24,3,299.94,20 / 22,2122610,2019-09-06 19:55:28:353,-0.2586,0.0254,9.8534,0.0039,-0.0021,9.8066,-0.0001,-0.0075,-0.0102,7.44,-37.06,-1,145.11,-86.72,-142.83
52.41204,-1.547761,148.54,9.24,3,299.94,20 / 22,2122710,2019-09-06 19:55:28:453,-0.0461,-0.1051,9.9405,0.0019,-0.0003,9.8066,0.0204,0.0042,0.0101,7.56,-37.25,-0.87,143.58,-86.74,-142.41
52.41204,-1.547761,148.54,9.24,3,299.94,20 / 22,2122810,2019-09-06 19:55:28:553,-0.4554,0.0098,9.8396,0.0054,-0.0019,9.8066,-0.0065,-0.0057,-0.0053,7.19,-36.75,-0.81,145.65,-86.77,-142.01
52.41204,-1.547761,148.54,9.24,3,299.94,20 / 22,2122910,2019-09-06 19:55:28:653,-0.2677,0.088,9.9494,-0.0008,0.0004,9.8066,0.0031,-0.0074,0.0038,7,-37.06,-0.81,145.89,-86.81,-141.59
52.41204,-1.547761,148.54,9.24,3,299.94,20 / 22,2123009,2019-09-06 19:55:28:752,-0.7368,0.1502,9.8576,-0.0002,0.0006,9.8066,0.0124,-0.0018,0.0087,7.5,-37.31,-1.06,143.95,-86.8,-141.82
52.41204,-1.547761,148.54,9.24,3,299.94,20 / 22,2123109,2019-09-06 19:55:28:852,-0.6813,0.2133,9.803,0,0,9.8066,-0.0043,-0.0046,-0.0109,7.38,-36.94,-0.94,145.97,-86.81,-141.52
52.41204,-1.547761,148.54,9.24,3,299.94,20 / 22,2123209,2019-09-06 19:55:28:952,-0.7854,0.121,9.7788,-0.0006,0.0012,9.8066,0.0049,-0.0029,0.0042,7.5,-36.56,-1,144.09,-86.79,-141.67
52.41204,-1.547761,148.54,9.24,3,299.94,20 / 22,2123309,2019-09-06 19:55:29:052,-0.4764,0.0852,9.884,0.002,-0.0022,9.8066,-0.0002,-0.0004,0.0074,7.19,-36.81,-0.81,145.98,-86.81,-141.48
52.412216,-1.548179,148.59,0,3,307.75,20 / 22,2123409,2019-09-06 19:55:29:152,-0.5944,0.0156,9.9663,0.0013,-0.0037,9.8066,0.0058,-0.0051,0.0094,7.69,-36.81,-1.25,144.36,-86.83,-141.23
52.412216,-1.548179,148.59,0,3,307.75,20 / 22,2123509,2019-09-06 19:55:29:252,-0.6349,0.1967,9.8193,0.0033,-0.0026,9.8066,0.0091,-0.0104,0.0107,7.44,-37.37,-1.25,146.18,-86.88,-141.04
52.412216,-1.548179,148.59,0,3,307.75,20 / 22,2123610,2019-09-06 19:55:29:353,-0.7065,0.1147,9.914,-0.0023,0.0008,9.8066,-0.0119,0.0077,0.0039,7.06,-36.81,-0.87,146.25,-86.88,-140.94
52.412216,-1.548179,148.59,0,3,307.75,20 / 22,2123710,2019-09-06 19:55:29:453,-0.3775,0.0725,9.9159,0.0006,-0.0001,9.8065,0.0043,-0.0026,0.0021,7.38,-36.75,-0.69,146.5,-86.89,-140.61
52.412216,-1.548179,148.59,0,3,307.75,20 / 22,2123809,2019-09-06 19:55:29:552,-0.9538,0.124,9.7461,0.002,-0.0018,9.8066,0.0199,-0.0158,0.0053,7.19,-36.5,-0.5,139.91,-86.93,-140.28
52.412216,-1.548179,148.59,0,3,307.75,20 / 22,2123909,2019-09-06 19:55:29:652,-0.7226,0.1958,9.7888,0.002,-0.0004,9.8066,-0.0133,0.0032,-0.0032,6.94,-37.56,-0.81,147.05,-86.93,-140.03
52.412216,-1.548179,148.59,0,3,307.75,20 / 22,2124010,2019-09-06 19:55:29:753,-0.8361,0.2162,9.8294,-0.0009,-0.0012,9.8066,-0.0009,0.006,0.0074,7.13,-37.5,-1.25,146.88,-86.95,-139.97
52.412216,-1.548179,148.59,0,3,307.75,20 / 22,2124110,2019-09-06 19:55:29:853,-0.5582,-0.0193,9.9303,-0.0017,-0.0002,9.8066,0.0175,-0.0202,0.0023,6.56,-37.06,-1.06,146.78,-86.97,-140.04
52.412216,-1.548179,148.59,0,3,307.75,20 / 22,2124209,2019-09-06 19:55:29:952,-0.7909,0.0767,9.7997,0.0028,0,9.8066,0.0049,-0.0048,-0.0142,7.63,-37,-0.87,145.24,-86.96,-139.82
52.412216,-1.548179,148.59,0,3,307.75,20 / 22,2124309,2019-09-06 19:55:30:052,-0.6827,0.0652,9.8798,0.0016,-0.0027,9.8066,-0.0016,0.0029,0.0224,6.63,-36.81,-0.81,146.68,-86.98,-140.13
52.412216,-1.548179,148.59,0,3,307.75,21 / 23,2124410,2019-09-06 19:55:30:153,-0.7741,0.2256,9.7616,-0.0005,0.003,9.8066,-0.014,0.0112,-0.0068,6.56,-37.12,-1.19,146.68,-86.97,-140.15
52.412216,-1.548179,148.59,0,3,307.75,21 / 23,2124510,2019-09-06 19:55:30:253,-0.645,0.3083,9.833,-0.0002,0.0001,9.8066,0.0024,-0.014,0.003,7.44,-36.81,-0.56,146.64,-86.99,-140.16
52.412216,-1.548179,148.59,0,3,307.75,21 / 23,2124609,2019-09-06 19:55:30:352,-0.5475,0.1018,9.8226,-0.0002,-0.0004,9.8066,-0.0051,-0.0086,0.0012,6.63,-37.44,-1.12,146.73,-86.98,-140.07
52.412216,-1.548179,148.59,0,3,307.75,21 / 23,2124710,2019-09-06 19:55:30:453,-0.6742,0.0721,9.9066,0.0023,-0.0004,9.8066,0.0084,0.0189,0.0013,7.06,-37.37,-1.06,146.79,-87,-139.93
52.412216,-1.548179,148.59,0,3,307.75,21 / 23,2124809,2019-09-06 19:55:30:552,-0.6115,0.2918,9.8357,-0.0034,0.0007,9.8066,0.0066,0.0025,0.0156,6.94,-37.5,-0.75,146.86,-86.99,-139.87
52.412216,-1.548179,148.59,0,3,307.75,21 / 23,2124910,2019-09-06 19:55:30:653,-0.6537,0.2214,9.8085,-0.004,0.0005,9.8066,-0.0003,0.0061,-0.0068,6.88,-37.12,-1.06,146.77,-86.99,-139.98
52.412216,-1.548179,148.59,0,3,307.75,21 / 23,2125009,2019-09-06 19:55:30:752,-0.7706,0.0856,9.8684,-0.0008,0.001,9.8066,0.0012,-0.0241,0.002,6.75,-37.19,-0.69,146.58,-86.99,-140.24
52.412216,-1.548179,148.59,0,3,307.75,21 / 23,2125109,2019-09-06 19:55:30:852,-0.6984,0.2843,9.8531,0.0003,-0.0006,9.8066,-0.005,-0.0145,-0.0065,6.75,-36.81,-1.06,146.42,-86.99,-140.41
52.412216,-1.548179,148.59,0,3,307.75,21 / 23,2125210,2019-09-06 19:55:30:953,-0.5726,0.1306,9.7993,-0.0015,0,9.8066,-0.0066,-0.0195,-0.0054,6.88,-37.12,-0.62,146.28,-86.98,-140.61
52.412216,-1.548179,148.59,0,3,307.75,21 / 23,2125310,2019-09-06 19:55:31:053,-0.7141,0.0166,9.8871,0.0018,-0.0003,9.8066,0.0162,0.0057,0.0119,7,-37.37,-1,146.16,-86.99,-140.74
52.412216,-1.548179,148.59,0,3,307.75,19 / 21,2125410,2019-09-06 19:55:31:153,-0.699,0.219,9.8723,0.0012,-0.0014,9.8066,0.0064,0.0092,0.0111,7.06,-36.94,-1.19,146.07,-86.98,-140.89
52.412216,-1.548179,148.59,0,3,307.75,19 / 21,2125510,2019-09-06 19:55:31:253,-0.5161,0.1925,9.7914,-0.0049,0.0011,9.8066,0.003,0.019,0.0095,6.75,-37.25,-1,145.93,-86.98,-141.05
52.412216,-1.548179,148.59,0,3,307.75,19 / 21,2125610,2019-09-06 19:55:31:353,-0.8144,0.0505,9.7283,-0.002,-0.0005,9.8066,-0.0071,0.0098,0.0084,6.75,-36.87,-0.75,145.6,-86.96,-141.52
52.412216,-1.548179,148.59,0,3,307.75,19 / 21,2125709,2019-09-06 19:55:31:452,-0.9116,0.2075,9.805,0.0001,-0.0003,9.8066,-0.0165,0.0059,0.017,7.25,-36.81,-0.87,145.35,-86.96,-141.82
52.412216,-1.548179,148.59,0,3,307.75,19 / 21,2125809,2019-09-06 19:55:31:552,-0.7681,0.1046,9.8907,-0.0001,-0.0014,9.8066,-0.0135,0.011,0.002,7.13,-37.12,-0.94,145.35,-86.96,-141.82
52.412216,-1.548179,148.59,0,3,307.75,19 / 21,2125909,2019-09-06 19:55:31:652,-0.5098,0.2014,9.7625,-0.0016,-0.0007,9.8066,0.0009,-0.0208,0.0029,7.19,-37.31,-0.87,144.98,-86.95,-142.32
52.412216,-1.548179,148.59,0,3,307.75,19 / 21,2126009,2019-09-06 19:55:31:752,-0.611,0.0891,9.775,-0.002,-0.0013,9.8066,0.0034,-0.0091,-0.0094,6.88,-37.25,-1.12,144.65,-86.95,-142.71
52.412216,-1.548179,148.59,0,3,307.75,19 / 21,2126110,2019-09-06 19:55:31:853,-0.9441,0.0098,9.8297,-0.0008,-0.0007,9.8066,-0.0135,-0.0252,-0.0072,6.88,-36.69,-0.44,137.88,-86.94,-143.01
52.412216,-1.548179,148.59,0,3,307.75,19 / 21,2126210,2019-09-06 19:55:31:953,-0.5286,0.1932,9.8719,-0.0032,-0.0011,9.8065,-0.0108,-0.0072,-0.0136,7,-36.69,-0.81,143.91,-86.93,-143.67
52.412216,-1.548179,148.59,0,3,307.75,19 / 21,2126309,2019-09-06 19:55:32:052,-0.6432,0.2511,9.7343,0.0002,0.0002,9.8066,-0.0033,-0.025,0.0042,7.25,-37.5,-0.37,137.35,-86.92,-143.72
52.412216,-1.548179,148.59,0,3,307.75,20 / 23,2126410,2019-09-06 19:55:32:153,-0.8726,0.1402,9.8556,-0.003,0.0004,9.8066,0.0135,0.0044,0.0014,7.19,-37.06,-0.94,143.63,-86.89,-144.16
52.412216,-1.548179,148.59,0,3,307.75,20 / 23,2126510,2019-09-06 19:55:32:253,-0.4987,0.2708,9.793,-0.0025,0.0007,9.8066,-0.0052,0.0173,-0.0005,6.81,-36.87,-1.06,143.3,-86.87,-144.61
52.412216,-1.548179,148.59,0,3,307.75,20 / 23,2126609,2019-09-06 19:55:32:352,-0.6115,0.2175,9.7673,0.0002,-0.0016,9.8066,0.0035,0.0123,0.0087,7,-37.12,-0.44,136.44,-86.86,-145.05
52.412216,-1.548179,148.59,0,3,307.75,20 / 23,2126709,2019-09-06 19:55:32:452,-0.896,0.1711,9.807,0.0003,0.0001,9.8066,-0.0078,0.0092,0.0018,7,-36.69,-1.25,142.68,-86.83,-145.5
52.412216,-1.548179,148.59,0,3,307.75,20 / 23,2126810,2019-09-06 19:55:32:553,-0.6175,0.2891,9.9007,-0.004,0.0003,9.8066,-0.0024,-0.0106,0.0067,6.81,-36.87,-1,142.47,-86.82,-145.8
52.412216,-1.548179,148.59,0,3,307.75,20 / 23,2126909,2019-09-06 19:55:32:652,-0.4985,0.1597,9.7953,-0.0054,0.0017,9.8066,0.0105,-0.0137,-0.0071,7.38,-36.87,-1.06,142.11,-86.78,-146.37
52.412216,-1.548179,148.59,0,3,307.75,20 / 23,2127010,2019-09-06 19:55:32:753,-0.6765,0.269,9.773,0.0006,-0.0019,9.8066,0.0086,-0.0279,0.0002,7.31,-37.56,-1.31,142.13,-86.78,-146.65
52.412216,-1.548179,148.59,0,3,307.75,20 / 23,2127110,2019-09-06 19:55:32:853,-0.6148,0.2741,9.9154,0.0013,0.0006,9.8066,-0.001,-0.0064,-0.0087,6.88,-36.87,-1.06,141.81,-86.75,-146.84
52.412216,-1.548179,148.59,0,3,307.75,20 / 23,2127209,2019-09-06 19:55:32:952,-0.4379,0.2,9.8246,-0.0051,0.0007,9.8066,-0.0016,-0.0091,0.0088,7,-36.69,-1.44,141.21,-86.71,-147.72
52.412216,-1.548179,148.59,0,3,307.75,20 / 23,2127310,2019-09-06 19:55:33:053,-0.6046,0.2338,9.7997,-0.0052,0.0023,9.8066,0.011,0.0137,0.0033,7.25,-36.75,-0.62,141.05,-86.67,-148.04
52.412216,-1.548179,148.59,0,3,307.75,20 / 23,2127410,2019-09-06 19:55:33:153,-0.6868,0.2309,9.9003,-0.0023,0.0001,9.8066,0.0044,-0.0009,0.0104,7.13,-36.44,-1,140.53,-86.65,-148.45
52.412216,-1.548179,148.59,0,3,307.75,20 / 23,2127510,2019-09-06 19:55:33:253,-0.4028,0.1433,9.7987,-0.005,0.001,9.8066,0.0049,-0.0028,0.0047,6.44,-37.25,-1.19,142.9,-86.6,-149.07
52.412216,-1.548179,148.59,0,3,307.75,20 / 23,2127609,2019-09-06 19:55:33:352,-0.5376,0.2507,9.7985,-0.0003,0.001,9.8066,0.0001,-0.015,-0.0051,7.5,-37,-1.5,138.31,-86.58,-149.28
52.412216,-1.548179,148.59,0,3,307.75,20 / 23,2127709,2019-09-06 19:55:33:452,-0.7565,0.1851,9.9041,-0.0005,-0.0019,9.8066,-0.0079,-0.0172,-0.0008,7.31,-37,-0.94,140.05,-86.55,-149.71
52.412216,-1.548179,148.59,0,3,307.75,20 / 23,2127810,2019-09-06 19:55:33:553,-0.425,0.0862,9.9015,-0.0055,0.0032,9.8066,-0.0102,-0.0147,-0.0039,6.75,-36.62,-1.31,139.73,-86.5,-150.26
52.412216,-1.548179,148.59,0,3,307.75,20 / 23,2127909,2019-09-06 19:55:33:652,-0.3827,0.1773,9.7905,-0.0074,0.0006,9.8066,0.0408,-0.0044,0.0161,6.94,-36.81,-0.87,139.47,-86.46,-150.74
52.412216,-1.548179,148.59,0,3,307.75,20 / 23,2128009,2019-09-06 19:55:33:752,-0.6376,0.1268,9.8751,-0.0007,0.0004,9.8066,0.0145,-0.0025,0.0011,7.19,-37,-0.87,139.19,-86.44,-151.16
52.412216,-1.548179,148.59,0,3,307.75,20 / 23,2128110,2019-09-06 19:55:33:853,-0.5447,0.1266,9.8852,-0.0009,-0.0018,9.8066,0.0043,0.0071,0.0148,7.06,-37,-1.06,138.92,-86.4,-151.62
52.412216,-1.548179,148.59,0,3,307.75,20 / 23,2128209,2019-09-06 19:55:33:952,-0.3733,0.2072,9.8407,-0.0029,0.002,9.8066,-0.0101,0.006,0.0026,6.94,-37,-1.44,138.67,-86.35,-152.12
52.412216,-1.548179,148.59,0,3,307.75,20 / 23,2128309,2019-09-06 19:55:34:052,-0.5615,0.094,9.8331,-0.0017,0.0004,9.8066,0.0005,0.0032,0.0009,7.13,-36.87,-1.31,138.58,-86.32,-152.34
52.412216,-1.548179,148.59,0,3,307.75,21 / 23,2128410,2019-09-06 19:55:34:153,-0.3589,0.1336,9.8455,-0.0033,0.0003,9.8066,-0.0013,0.0132,0.0169,6.94,-37.62,-1.37,138.57,-86.29,-152.82
52.412216,-1.548179,148.59,0,3,307.75,21 / 23,2128509,2019-09-06 19:55:34:252,-0.5073,0.0706,9.7656,-0.0013,0.0016,9.8066,-0.0114,0.0178,0.0023,7.06,-37.5,-0.81,138.1,-86.24,-153.22
52.412216,-1.548179,148.59,0,3,307.75,21 / 23,2128610,2019-09-06 19:55:34:353,-0.6056,0.2147,9.9224,0.0007,-0.0009,9.8066,0.0026,-0.0093,0.0066,6.94,-37.19,-1.25,137.96,-86.22,-153.46
52.412216,-1.548179,148.59,0,3,307.75,21 / 23,2128709,2019-09-06 19:55:34:452,-0.4537,0.1412,9.8343,-0.0059,0.003,9.8066,-0.0029,-0.0143,-0.0036,7.5,-37.06,-1.37,135.53,-86.15,-154
52.412216,-1.548179,148.59,0,3,307.75,21 / 23,2128810,2019-09-06 19:55:34:553,-0.5792,0.1234,9.7587,-0.0053,0.0008,9.8066,0.0174,-0.0241,-0.0012,7.38,-36.19,-1.19,137.37,-86.13,-154.16
52.412216,-1.548179,148.59,0,3,307.75,21 / 23,2128910,2019-09-06 19:55:34:653,-0.606,0.2277,9.8901,-0.0014,0.0003,9.8066,0.0074,-0.0018,-0.0072,6.94,-36.69,-1.25,137.54,-86.1,-154.44
52.412216,-1.548179,148.59,0,3,307.75,21 / 23,2129010,2019-09-06 19:55:34:753,-0.43,0.1142,9.8579,-0.0035,-0.0003,9.8066,0,0.007,0.0153,6.94,-36.81,-0.81,137.29,-86.07,-154.89
52.412216,-1.548179,148.59,0,3,307.75,21 / 23,2129109,2019-09-06 19:55:34:852,-0.52,0.0809,9.7467,-0.002,0.0013,9.8066,-0.0143,0.0154,-0.0025,6.94,-36.94,-1.31,137.1,-86.02,-155.29
52.412216,-1.548179,148.59,0,3,307.75,21 / 23,2129210,2019-09-06 19:55:34:953,-0.6687,0.2203,9.877,-0.0013,-0.0005,9.8066,0.0031,-0.0075,0.0079,6.81,-37.06,-1.06,136.96,-85.99,-155.57
52.412216,-1.548179,148.59,0,3,307.75,21 / 23,2129310,2019-09-06 19:55:35:053,-0.3052,0.1479,9.8571,-0.0045,0.0042,9.8066,-0.0129,-0.0098,-0.0039,7.31,-37.37,-0.87,136.87,-85.93,-155.92
52.412216,-1.548179,148.59,0,3,307.75,18 / 21,2129409,2019-09-06 19:55:35:152,-0.5021,0.1111,9.8906,-0.0043,0.0014,9.8066,0.0108,-0.0136,-0.0029,7.13,-37.37,-1.44,136.79,-85.9,-156.14
52.412216,-1.548179,148.59,0,3,307.75,18 / 21,2129510,2019-09-06 19:55:35:253,-0.3754,0.1069,9.8036,-0.0016,0.0008,9.8065,0.008,-0.0028,-0.0055,7.31,-36.56,-1.19,136.62,-85.87,-156.47
52.412216,-1.548179,148.59,0,3,307.75,18 / 21,2129609,2019-09-06 19:55:35:352,-0.3765,0.1844,9.7935,-0.0024,-0.0013,9.8066,0.0028,0.0068,0.0186,7.13,-37,-1,136.4,-85.83,-156.89
52.412216,-1.548179,148.59,0,3,307.75,18 / 21,2129709,2019-09-06 19:55:35:452,-0.4631,0.0443,9.9124,-0.0022,0.002,9.8066,-0.0092,0.0084,-0.0031,7.44,-37.62,-1.44,136.65,-85.78,-157.19
52.412216,-1.548179,148.59,0,3,307.75,18 / 21,2129809,2019-09-06 19:55:35:552,-0.2904,0.0776,9.8134,-0.0007,0.0001,9.8066,-0.0003,-0.0123,0.0097,6.81,-37.19,-0.5,130,-85.75,-157.41
52.412216,-1.548179,148.59,0,3,307.75,18 / 21,2129910,2019-09-06 19:55:35:653,-0.2818,0.129,9.792,-0.0065,0.0033,9.8066,-0.0159,-0.0163,-0.0067,6.69,-37.06,-0.69,136.19,-85.67,-157.73
52.412216,-1.548179,148.59,0,3,307.75,18 / 21,2130009,2019-09-06 19:55:35:752,-0.3566,0.0514,9.9091,-0.005,0.0017,9.8066,0.0213,-0.0179,-0.0003,7.5,-36.87,-1.25,133.74,-85.65,-157.91
52.412216,-1.548179,148.59,0,3,307.75,18 / 21,2130109,2019-09-06 19:55:35:852,-0.3324,0.128,9.7713,-0.0019,0.0005,9.8066,0.0029,0.0002,-0.0033,6.81,-37.25,-1.37,136.14,-85.62,-158.02
52.412216,-1.548179,148.59,0,3,307.75,18 / 21,2130209,2019-09-06 19:55:35:952,-0.3723,0.1766,9.8002,-0.0011,-0.0004,9.8066,0.0018,-0.0025,0.0163,7.06,-36.62,-1.44,136.06,-85.58,-158.28
52.412216,-1.548179,148.59,0,3,307.75,18 / 21,2130310,2019-09-06 19:55:36:053,-0.3491,-0.0293,9.9558,-0.0033,0.0019,9.8066,-0.0108,0.0148,-0.0061,7.13,-37.06,-0.87,136,-85.52,-158.56
52.412216,-1.548179,148.59,0,3,307.75,20 / 22,2130409,2019-09-06 19:55:36:152,-0.2654,0.1117,9.7952,0.0003,-0.0008,9.8066,0.0002,-0.0194,0.0058,7.13,-36.87,-0.5,129.79,-85.5,-158.74
52.412216,-1.548179,148.59,0,3,307.75,20 / 22,2130510,2019-09-06 19:55:36:253,-0.2473,0.0975,9.7908,-0.0052,0.0042,9.8066,-0.02,-0.0158,-0.0098,7.31,-36.62,-0.69,135.96,-85.43,-158.93
52.412216,-1.548179,148.59,0,3,307.75,20 / 22,2130609,2019-09-06 19:55:36:352,-0.2408,0.077,9.926,-0.0045,0.001,9.8066,0.025,0.0002,0.0021,6.63,-36.75,-1.5,135.87,-85.41,-159.13
52.412216,-1.548179,148.59,0,3,307.75,20 / 22,2130710,2019-09-06 19:55:36:453,-0.3593,0.1066,9.7569,-0.0018,0.0004,9.8066,0.0075,0.006,0.0036,6.94,-37.06,-1.12,135.82,-85.39,-159.28
52.412216,-1.548179,148.59,0,3,307.75,20 / 22,2130809,2019-09-06 19:55:36:552,-0.2869,0.1761,9.8437,-0.0019,0.0005,9.8066,0.0023,0.0049,0.0111,7.25,-36.87,-0.94,135.79,-85.35,-159.48
52.412216,-1.548179,148.59,0,3,307.75,20 / 22,2130909,2019-09-06 19:55:36:652,-0.2434,0.0353,9.9204,-0.0004,0.0023,9.8066,0.0023,-0.0026,-0.0042,7.19,-36.62,-1.06,135.93,-85.31,-159.46
52.412216,-1.548179,148.59,0,3,307.75,20 / 22,2131010,2019-09-06 19:55:36:753,-0.3781,0.0842,9.8448,0.0017,-0.001,9.8066,-0.0014,-0.0128,0.0043,6.5,-36.62,-0.87,135.92,-85.28,-159.59
52.412216,-1.548179,148.59,0,3,307.75,20 / 22,2131110,2019-09-06 19:55:36:853,-0.3831,0.213,9.8538,-0.0057,0.0034,9.8066,-0.0059,-0.0133,-0.0034,6.69,-36.87,-1.37,135.88,-85.21,-159.87
52.412216,-1.548179,148.59,0,3,307.75,20 / 22,2131210,2019-09-06 19:55:36:953,-0.1467,0.0967,9.8685,-0.0051,0.0019,9.8066,0.0054,0.0139,0.0102,7.25,-37.06,-0.75,135.88,-85.17,-160.02
52.412216,-1.548179,148.59,0,3,307.75,20 / 22,2131310,2019-09-06 19:55:37:053,-0.2954,-0.0095,9.9064,-0.0017,0.0018,9.8066,0.0068,-0.0025,0.0098,7.25,-37.31,-0.94,135.79,-85.17,-160.15
52.412216,-1.548179,148.59,0,3,307.75,18 / 21,2131409,2019-09-06 19:55:37:152,-0.3408,0.2123,9.8674,-0.0023,0.0028,9.8066,0.0068,-0.002,-0.0015,7,-36.87,-0.62,135.97,-85.12,-160.12
52.412216,-1.548179,148.59,0,3,307.75,18 / 21,2131510,2019-09-06 19:55:37:253,-0.2671,0.2085,9.793,-0.0038,0.0012,9.8066,0.0219,-0.0173,0.0043,6.94,-36.69,-0.94,136.08,-85.08,-160.09
52.412216,-1.548179,148.59,0,3,307.75,18 / 21,2131609,2019-09-06 19:55:37:352,-0.4293,0.1246,9.9301,-0.0048,0.0027,9.8066,-0.0099,0.0101,-0.0037,7.25,-36.69,-1.12,136.02,-85.08,-160.18
52.412216,-1.548179,148.59,0,3,307.75,18 / 21,2131709,2019-09-06 19:55:37:452,-0.2499,0.1682,9.8382,-0.0052,0.0025,9.8066,-0.0007,0.0059,0.0134,7.19,-36.94,-0.81,136.13,-85.01,-160.29
52.412216,-1.548179,148.59,0,3,307.75,18 / 21,2131809,2019-09-06 19:55:37:552,-0.2104,0.2008,9.7982,-0.0008,-0.0005,9.8065,-0.0071,0.0095,-0.0054,7.38,-36.94,-1.25,136.02,-85,-160.48
52.412216,-1.548179,148.59,0,3,307.75,18 / 21,2131909,2019-09-06 19:55:37:652,-0.3167,0.1965,9.9541,-0.0025,0.0015,9.8066,0.0002,-0.0178,0.0057,7.25,-36.94,-1,136.06,-84.97,-160.58
52.412216,-1.548179,148.59,0,3,307.75,18 / 21,2132009,2019-09-06 19:55:37:752,-0.1843,0.1689,9.839,-0.0003,-0.0007,9.8066,0.009,-0.0072,-0.016,6.88,-36.56,-1.37,135.9,-84.94,-160.89
52.412216,-1.548179,148.59,0,3,307.75,18 / 21,2132109,2019-09-06 19:55:37:852,-0.3032,0.2305,9.7964,0.0021,0.0018,9.8066,0.0316,-0.0078,0.0099,6.94,-37.06,-1.12,136.07,-84.92,-160.72
52.412216,-1.548179,148.59,0,3,307.75,18 / 21,2132209,2019-09-06 19:55:37:952,-0.1837,0.168,9.9334,-0.0021,0.0005,9.8066,-0.0141,0.018,-0.0004,6.81,-36.69,-1.44,136.06,-84.89,-160.87
52.412216,-1.548179,148.59,0,3,307.75,18 / 21,2132310,2019-09-06 19:55:38:053,-0.2334,0.1928,9.8062,-0.0026,0.0015,9.8066,0.0021,0.0049,0.013,7.06,-36.56,-0.62,136.02,-84.86,-161.03
52.412216,-1.548179,148.59,0,3,307.75,19 / 21,2132410,2019-09-06 19:55:38:153,-0.4925,0.1673,9.8781,-0.0015,-0.0005,9.8066,-0.0222,-0.0012,-0.0085,7.38,-37.19,-1.37,136.02,-84.83,-161.16
52.412216,-1.548179,148.59,0,3,307.75,19 / 21,2132509,2019-09-06 19:55:38:252,-0.106,0.1874,9.7496,-0.003,0.003,9.8066,-0.0049,-0.0177,-0.0008,6.81,-37.5,-0.31,130.18,-84.8,-161.22
52.412216,-1.548179,148.59,0,3,307.75,19 / 21,2132610,2019-09-06 19:55:38:353,-0.2481,0.1612,9.8107,-0.0007,-0.0009,9.8066,0.0115,-0.0136,-0.0121,6.75,-37.12,-1.37,136.05,-84.78,-161.29
52.412216,-1.548179,148.59,0,3,307.75,19 / 21,2132710,2019-09-06 19:55:38:453,-0.119,-0.0183,9.9312,-0.0007,0.0023,9.8066,0.0195,-0.0102,0.0058,7.44,-36.87,-1.06,136.1,-84.75,-161.34
52.412216,-1.548179,148.59,0,3,307.75,19 / 21,2132809,2019-09-06 19:55:38:552,-0.2257,0.1506,9.7548,-0.0037,0.0019,9.8066,0.0015,0.0181,0.0035,7.06,-37.06,-0.94,136.24,-84.72,-161.28
52.412216,-1.548179,148.59,0,3,307.75,19 / 21,2132910,2019-09-06 19:55:38:653,-0.2512,0.1501,9.8689,-0.003,0.0027,9.8066,-0.004,0.0145,0.0107,6.63,-37.06,-1.25,136.34,-84.69,-161.25
52.412216,-1.548179,148.59,0,3,307.75,19 / 21,2133009,2019-09-06 19:55:38:752,-0.0865,0.0857,9.8492,0.0001,-0.0011,9.8065,0.0055,0.0079,-0.0024,6.88,-37,-1.5,136.31,-84.67,-161.34
52.412216,-1.548179,148.59,0,3,307.75,19 / 21,2133110,2019-09-06 19:55:38:853,-0.102,0.1295,9.7223,-0.0001,0.0004,9.8066,-0.0087,-0.0086,0.0134,6.81,-36.5,-1.5,135.9,-84.65,-161.46
52.412216,-1.548179,148.59,0,3,307.75,19 / 21,2133209,2019-09-06 19:55:38:952,-0.2486,0.1829,9.8465,-0.0001,-0.0012,9.8066,0.0122,-0.0137,-0.0129,6.69,-37.19,-0.94,136.31,-84.62,-161.54
52.412216,-1.548179,148.59,0,3,307.75,19 / 21,2133310,2019-09-06 19:55:39:053,-0.0501,0.0275,9.9162,0.0008,0.0011,9.8066,0.0212,-0.0212,-0.0036,7.56,-37,-1,133.62,-84.6,-161.65
52.412216,-1.548179,148.59,0,3,307.75,20 / 23,2133409,2019-09-06 19:55:39:152,-0.0641,0.0699,9.7439,-0.0049,0.0025,9.8066,-0.0118,0.0111,-0.0058,7.06,-36.69,-0.94,136.32,-84.54,-161.82
52.412216,-1.548179,148.59,0,3,307.75,20 / 23,2133510,2019-09-06 19:55:39:253,-0.1781,0.0982,9.8593,-0.0042,0.0035,9.8066,-0.0101,0.0029,0.0152,7,-37.37,-1.31,136.39,-84.53,-161.8
52.412216,-1.548179,148.59,0,3,307.75,20 / 23,2133609,2019-09-06 19:55:39:352,-0.0779,0.0578,9.9191,0.0013,-0.0021,9.8066,-0.001,0.0168,0.0046,6.94,-37,-0.75,136.35,-84.54,-161.78
52.412216,-1.548179,148.59,0,3,307.75,20 / 23,2133710,2019-09-06 19:55:39:453,-0.0495,0.1246,9.7871,0.0021,0,9.8066,-0.0013,-0.002,0.0103,7.13,-36.94,-0.62,136.48,-84.53,-161.67
52.412216,-1.548179,148.59,0,3,307.75,20 / 23,2133810,2019-09-06 19:55:39:553,-0.1866,0.0842,9.8598,-0.0014,0.0001,9.8065,0.0093,-0.0052,-0.0032,7,-36.94,-1.19,136.45,-84.51,-161.76
52.412216,-1.548179,148.59,0,3,307.75,20 / 23,2133910,2019-09-06 19:55:39:653,-0.1491,0.002,9.9261,0.0006,0.0003,9.8066,0.0128,-0.0257,0.0031,6.94,-36.87,-0.56,136.48,-84.49,-161.81
52.412216,-1.548179,148.59,0,3,307.75,20 / 23,2134009,2019-09-06 19:55:39:752,-0.0203,0.1262,9.7928,-0.0035,0.0019,9.8065,0.0009,-0.0031,-0.0039,7.19,-36.56,-0.75,136.48,-84.46,-161.9
52.412216,-1.548179,148.59,0,3,307.75,20 / 23,2134110,2019-09-06 19:55:39:853,-0.1404,0.1479,9.796,-0.0033,0.0028,9.8066,-0.0056,0.0005,0.0115,7.31,-37,-1.12,136.58,-84.44,-161.86
52.412216,-1.548179,148.59,0,3,307.75,20 / 23,2134210,2019-09-06 19:55:39:953,-0.1391,-0.022,9.9468,0.0011,-0.0013,9.8066,0.0083,0.0123,0.0051,6.94,-36.5,-0.69,136.18,-84.43,-161.86
52.412216,-1.548179,148.59,0,3,307.75,20 / 23,2134309,2019-09-06 19:55:40:052,-0.0551,0.1393,9.8742,-0.0018,0.0015,9.8066,-0.0098,0.0096,0.0195,7,-36.94,-1,136.64,-84.41,-161.9
52.412216,-1.548179,148.59,0,3,307.75,19 / 21,2134409,2019-09-06 19:55:40:152,-0.0946,0.1196,9.7325,-0.0022,0.0006,9.8066,0.0022,-0.0032,0.0013,6.69,-36.75,-1.69,141.76,-84.39,-161.99
52.412216,-1.548179,148.59,0,3,307.75,19 / 21,2134510,2019-09-06 19:55:40:253,-0.2493,-0.0169,9.9139,-0.0027,0.0018,9.8066,0.0062,-0.0156,0.0022,6.88,-36.5,-1,136.22,-84.36,-162.08
52.412216,-1.548179,148.59,0,3,307.75,19 / 21,2134610,2019-09-06 19:55:40:353,-0.1239,0.2013,9.8927,-0.0032,0.0017,9.8066,-0.0142,-0.0143,-0.0065,6.94,-36.56,-1.12,136.57,-84.33,-162.29
52.412216,-1.548179,148.59,0,3,307.75,19 / 21,2134710,2019-09-06 19:55:40:453,-0.1065,0.0755,9.738,-0.0046,0.0027,9.8066,-0.0051,-0.017,0,6.94,-37.62,-1,137.04,-84.31,-162.3
52.412216,-1.548179,148.59,0,3,307.75,19 / 21,2134810,2019-09-06 19:55:40:553,-0.273,-0.0703,9.8694,0.0029,0.0003,9.8066,0.0169,-0.0006,0.0026,7.38,-36.94,-0.81,136.66,-84.31,-162.23
52.412216,-1.548179,148.59,0,3,307.75,19 / 21,2134909,2019-09-06 19:55:40:652,-0.2573,0.1511,9.8846,0.0009,-0.0004,9.8066,0.0089,-0.0024,-0.0012,7,-37.19,-1.37,136.73,-84.29,-162.22
52.412216,-1.548179,148.59,0,3,307.75,19 / 21,2135010,2019-09-06 19:55:40:753,0.0225,-0.007,9.798,-0.0023,0.0032,9.8066,0.0067,0.0118,0.0066,6.94,-36.94,-1.31,136.66,-84.29,-162.3
52.412216,-1.548179,148.59,0,3,307.75,19 / 21,2135109,2019-09-06 19:55:40:852,-0.2796,-0.0134,9.8196,-0.0015,0.0014,9.8066,0.001,0.0069,0.0099,7.19,-36.75,-1,136.74,-84.26,-162.31
52.412216,-1.548179,148.59,0,3,307.75,19 / 21,2135209,2019-09-06 19:55:40:952,-0.3118,0.1653,9.9271,-0.0007,0.0008,9.8066,-0.0062,-0.0093,0.0058,7.19,-36.87,-1.12,136.71,-84.24,-162.42
52.412216,-1.548179,148.59,0,3,307.75,19 / 21,2135309,2019-09-06 19:55:41:052,-0.0167,-0.0684,9.8545,-0.0013,-0.001,9.8066,-0.0106,-0.0176,-0.0107,7.38,-37.37,-1,136.62,-84.23,-162.59
52.412216,-1.548179,148.59,0,3,307.75,20 / 22,2135411,2019-09-06 19:55:41:154,-0.2059,-0.0074,9.7446,0.0001,0.0019,9.8066,-0.007,-0.0173,-0.0023,6.75,-37.37,-1.19,136.71,-84.21,-162.56
52.412216,-1.548179,148.59,0,3,307.75,20 / 22,2135510,2019-09-06 19:55:41:253,-0.2598,0.0606,9.897,-0.0016,0.0011,9.8066,0.0024,-0.0055,-0.0129,7.06,-36.75,-1,136.65,-84.21,-162.62
52.412216,-1.548179,148.59,0,3,307.75,20 / 22,2135609,2019-09-06 19:55:41:352,-0.0858,0.0009,9.9116,-0.0031,0.0028,9.8066,0.0034,-0.0068,0.0108,7.38,-36.81,-0.94,136.72,-84.21,-162.54
52.412216,-1.548179,148.59,0,3,307.75,20 / 22,2135710,2019-09-06 19:55:41:453,-0.164,0.0671,9.6725,0.002,0.0003,9.8066,-0.0102,0.0155,0.0038,7.13,-36.94,-1,136.8,-84.18,-162.52
52.412216,-1.548179,148.59,0,3,307.75,20 / 22,2135810,2019-09-06 19:55:41:553,-0.2307,0.0699,9.8149,0.0035,0.0004,9.8065,-0.0077,0.0143,0.0145,7.44,-36.69,-0.94,136.94,-84.17,-162.36
52.412216,-1.548179,148.59,0,3,307.75,20 / 22,2135909,2019-09-06 19:55:41:652,-0.2546,0.0223,9.8905,-0.0012,-0.0011,9.8066,-0.0139,0.0122,0.0017,6.81,-36.69,-1,136.87,-84.16,-162.5
52.412216,-1.548179,148.59,0,3,307.75,20 / 22,2136009,2019-09-06 19:55:41:752,0.0067,0.0904,9.7402,-0.001,0.0013,9.8066,0.0019,-0.015,0.0005,6.81,-37,-1.5,136.88,-84.13,-162.59
52.412216,-1.548179,148.59,0,3,307.75,20 / 22,2136110,2019-09-06 19:55:41:853,-0.1748,0.0128,9.7868,-0.0018,0.0016,9.8066,0.0128,-0.0068,-0.0064,6.94,-37.06,-1.19,136.89,-84.13,-162.59
52.412216,-1.548179,148.59,0,3,307.75,20 / 22,2136210,2019-09-06 19:55:41:953,-0.3447,0.0797,9.888,-0.0024,0.0019,9.8066,-0.0105,-0.018,-0.0057,7.13,-36.75,-1,136.96,-84.12,-162.55
52.412216,-1.548179,148.59,0,3,307.75,20 / 22,2136309,2019-09-06 19:55:42:052,0.036,0.1052,9.8286,-0.0029,0.0013,9.8066,-0.0059,-0.006,-0.0077,7.13,-36.81,-1.5,136.95,-84.09,-162.67
52.412216,-1.548179,148.59,0,3,307.75,21 / 23,2136410,2019-09-06 19:55:42:153,-0.1543,0.0008,9.7903,0.0028,-0.0019,9.8066,0.012,-0.0022,0.0042,7.25,-36.75,-0.56,136.99,-84.09,-162.61
52.412216,-1.548179,148.59,0,3,307.75,21 / 23,2136509,2019-09-06 19:55:42:252,-0.3563,0.0933,9.8351,0.0031,-0.0026,9.8066,0.0066,0.0212,0.0029,7.06,-36.69,-1.37,136.94,-84.09,-162.69
52.412216,-1.548179,148.59,0,3,307.75,21 / 23,2136609,2019-09-06 19:55:42:352,0.0277,0.1384,9.9066,-0.0034,0.0014,9.8066,0.0016,0.018,0.0058,6.75,-36.5,-1.06,136.59,-84.05,-162.7
52.412216,-1.548179,148.59,0,3,307.75,21 / 23,2136709,2019-09-06 19:55:42:452,-0.0193,-0.0297,9.8562,-0.001,0.0009,9.8066,-0.0047,0.0094,0.0034,7,-36.87,-1.12,136.97,-84.06,-162.74
52.412216,-1.548179,148.59,0,3,307.75,21 / 23,2136810,2019-09-06 19:55:42:553,-0.2348,0.1397,9.7735,-0.0004,-0.0015,9.8066,-0.0128,-0.0061,-0.0081,6.94,-37.56,-1.37,137.45,-84.04,-162.74
52.412216,-1.548179,148.59,0,3,307.75,21 / 23,2136910,2019-09-06 19:55:42:653,-0.1011,0.103,9.9335,-0.0026,0.0007,9.8066,-0.0117,-0.012,-0.0043,7.44,-37.25,-0.87,136.92,-84.04,-162.91
52.412216,-1.548179,148.59,0,3,307.75,21 / 23,2137010,2019-09-06 19:55:42:753,0.0525,0.045,9.755,0.002,-0.0008,9.8066,-0.0081,-0.0266,0.0016,7.06,-36.87,-0.94,136.94,-84.04,-162.86
52.412216,-1.548179,148.59,0,3,307.75,21 / 23,2137110,2019-09-06 19:55:42:853,-0.0437,0.1317,9.8244,0.0021,-0.0011,9.8066,0.0098,-0.0225,-0.0063,7.25,-37.44,-1.25,136.92,-84.04,-162.91
52.412216,-1.548179,148.59,0,3,307.75,21 / 23,2137209,2019-09-06 19:55:42:952,-0.2718,0.185,9.8918,-0.0048,0.0033,9.8066,-0.0002,0.0148,-0.0027,6.94,-36.62,-1.5,137.09,-83.98,-162.87
52.412216,-1.548179,148.59,0,3,307.75,21 / 23,2137310,2019-09-06 19:55:43:053,-0.1251,0.0819,9.9555,-0.0035,0.0017,9.8065,-0.0064,0.0008,0.0099,7.06,-36.94,-1.06,137.09,-83.98,-162.89
52.412216,-1.548179,148.59,0,3,307.75,18 / 22,2137410,2019-09-06 19:55:43:153,0.0274,0.0155,9.8115,0.0012,-0.0008,9.8066,0.0091,0.0125,0.0089,7.19,-36.62,-1.62,142.08,-83.97,-162.9
52.412216,-1.548179,148.59,0,3,307.75,18 / 22,2137510,2019-09-06 19:55:43:253,-0.2419,0.0589,9.8741,0.0009,-0.0006,9.8066,-0.004,0.0034,0.0137,7.31,-36.87,-0.94,137.18,-83.97,-162.8
52.412216,-1.548179,148.59,0,3,307.75,18 / 22,2137609,2019-09-06 19:55:43:352,-0.1346,0.0671,9.9136,-0.0001,0.0003,9.8066,0.011,-0.0003,-0.0055,6.81,-37.06,-1.19,137.15,-83.97,-162.83
52.412216,-1.548179,148.59,0,3,307.75,18 / 22,2137710,2019-09-06 19:55:43:453,0.0789,0.0919,9.869,-0.0006,0.0004,9.8066,0.008,-0.0245,0.0063,7.25,-37,-0.62,137.23,-83.95,-162.82
52.412216,-1.548179,148.59,0,3,307.75,18 / 22,2137809,2019-09-06 19:55:43:552,-0.2088,0.0153,9.7578,-0.0009,-0.0011,9.8066,-0.0003,-0.02,-0.0162,7.88,-36.94,-1.37,134.42,-83.94,-162.85
52.412216,-1.548179,148.59,0,3,307.75,18 / 22,2137909,2019-09-06 19:55:43:652,-0.1831,0.0662,9.8688,-0.0008,0.0004,9.8066,-0.006,-0.0203,-0.0025,6.94,-36.62,-1.19,137.18,-83.92,-162.97
52.412216,-1.548179,148.59,0,3,307.75,18 / 22,2138010,2019-09-06 19:55:43:753,0.0088,-0.0373,9.9563,-0.0006,-0.0003,9.8066,0.0105,0.0068,0.0048,6.94,-36.94,-0.87,137.21,-83.91,-162.98
52.412216,-1.548179,148.59,0,3,307.75,18 / 22,2138110,2019-09-06 19:55:43:853,-0.1155,-0.0063,9.7806,0.0013,0,9.8066,0.0009,0.0034,0.006,6.94,-37,-0.56,137.27,-83.91,-162.89
52.412216,-1.548179,148.59,0,3,307.75,18 / 22,2138214,2019-09-06 19:55:43:957,-0.001,-0.0282,9.7829,-0.0024,0.0019,9.8066,0.0142,0.0062,0.009,7.25,-36.75,-0.44,131.78,-83.89,-162.96
52.412216,-1.548179,148.59,0,3,307.75,18 / 22,2138310,2019-09-06 19:55:44:053,-0.0668,-0.0595,9.9454,0.0009,-0.0007,9.8066,-0.0017,0.0056,0.004,7,-36.62,-1.25,137.28,-83.89,-162.95
52.412216,-1.548179,148.59,0,3,307.75,18 / 20,2138409,2019-09-06 19:55:44:152,-0.1137,-0.0228,9.806,0.0007,0.0003,9.8066,-0.0114,-0.0087,0.0061,6.5,-36.56,-0.75,137.27,-83.88,-163.02
52.412216,-1.548179,148.59,0,3,307.75,18 / 20,2138510,2019-09-06 19:55:44:253,-0.0657,0.0909,9.7542,-0.0012,-0.0004,9.8066,-0.0127,-0.0146,-0.0072,6.75,-36.87,-1.25,137.27,-83.88,-163.02
52.412216,-1.548179,148.59,0,3,307.75,18 / 20,2138609,2019-09-06 19:55:44:352,-0.1377,-0.0952,9.9249,0.0005,0.002,9.8066,0.0171,-0.0212,0.0015,7,-36.94,-0.81,137.3,-83.86,-163.03
52.412216,-1.548179,148.59,0,3,307.75,18 / 20,2138710,2019-09-06 19:55:44:453,-0.0179,-0.0535,9.8069,0.0017,-0.0013,9.8065,0.0168,-0.006,-0.0025,7.13,-36.87,-0.94,137.36,-83.86,-162.95
52.412216,-1.548179,148.59,0,3,307.75,18 / 20,2138810,2019-09-06 19:55:44:553,-0.029,0.0038,9.7691,-0.0026,0.0017,9.8066,0.0006,-0.0019,0.0113,7.94,-36.25,-1.12,134.15,-83.85,-162.94
52.412216,-1.548179,148.59,0,3,307.75,18 / 20,2138910,2019-09-06 19:55:44:653,-0.2152,-0.0643,9.9117,-0.0018,0,9.8066,-0.012,0.0169,-0.0019,6.63,-37.31,-0.94,137.41,-83.84,-162.96
52.412216,-1.548179,148.59,0,3,307.75,18 / 20,2139010,2019-09-06 19:55:44:753,-0.0334,-0.036,9.8877,0.0011,0.0004,9.8066,-0.0032,-0.0017,0.017,7.19,-37.37,-1.06,137.46,-83.84,-162.89
52.412216,-1.548179,148.59,0,3,307.75,18 / 20,2139110,2019-09-06 19:55:44:853,0.0486,-0.0334,9.7844,-0.0001,-0.0008,9.8066,-0.0196,0.0003,-0.0054,6.31,-37,-0.94,140.81,-83.83,-162.96
52.412216,-1.548179,148.59,0,3,307.75,18 / 20,2139209,2019-09-06 19:55:44:952,-0.17,-0.1023,9.8146,-0.0002,0.0003,9.8066,0.023,-0.0308,-0.0011,6.94,-37.06,-1.5,137.43,-83.81,-163.02
52.412216,-1.548179,148.59,0,3,307.75,18 / 20,2139310,2019-09-06 19:55:45:053,-0.0328,0.0253,9.8898,-0.0025,0.0016,9.8066,0.0138,-0.0103,-0.0109,7.38,-36.75,-0.94,137.39,-83.81,-163.09
52.412216,-1.548179,148.59,0,3,307.75,19 / 21,2139409,2019-09-06 19:55:45:152,0.0732,-0.0713,9.8491,-0.0026,0.0012,9.8066,-0.0041,-0.0143,-0.0005,6.75,-37,-0.81,137.41,-83.8,-163.11
52.412216,-1.548179,148.59,0,3,307.75,19 / 21,2139511,2019-09-06 19:55:45:254,-0.2028,-0.065,9.7581,-0.0021,0.0003,9.8065,0.0002,0.0053,-0.0069,7.25,-36.37,-1.25,136.94,-83.78,-163.19
52.412216,-1.548179,148.59,0,3,307.75,19 / 21,2139609,2019-09-06 19:55:45:352,-0.1033,0.0533,9.9242,0.0013,0.001,9.8066,0.0028,0.0043,0.0117,7.13,-37.19,-1,137.53,-83.77,-163.05
52.412216,-1.548179,148.59,0,3,307.75,19 / 21,2139710,2019-09-06 19:55:45:453,0.0195,-0.0751,9.8597,0.0002,-0.0016,9.8066,-0.0122,0.0166,0.0013,6.75,-37.12,-1.12,137.47,-83.77,-163.14
52.412216,-1.548179,148.59,0,3,307.75,19 / 21,2139809,2019-09-06 19:55:45:552,-0.1336,-0.0551,9.7141,-0.0001,0.0006,9.8066,0.0057,-0.0103,0.0053,6.63,-37.25,-1.25,137.54,-83.75,-163.09
52.412216,-1.548179,148.59,0,3,307.75,19 / 21,2139910,2019-09-06 19:55:45:653,-0.0797,0.0259,9.893,-0.0011,0.0009,9.8066,0.0071,-0.0087,-0.0066,7.13,-37.25,-1.25,137.48,-83.75,-163.18
52.412216,-1.548179,148.59,0,3,307.75,19 / 21,2140010,2019-09-06 19:55:45:753,-0.028,-0.0514,9.884,-0.0008,-0.0006,9.8066,-0.0126,-0.0138,-0.0005,7.13,-37,-0.62,137.55,-83.74,-163.13
52.412216,-1.548179,148.59,0,3,307.75,19 / 21,2140109,2019-09-06 19:55:45:852,-0.0903,-0.0572,9.749,-0.0027,-0.0002,9.8066,-0.006,0.0024,-0.0031,6.56,-37.06,-0.87,137.44,-83.74,-163.3
52.412216,-1.548179,148.59,0,3,307.75,19 / 21,2140209,2019-09-06 19:55:45:952,-0.1764,0.0707,9.8963,0.0017,-0.0008,9.8066,0.0049,0.0034,0.011,6.75,-36.69,-0.81,137.5,-83.73,-163.25
52.412216,-1.548179,148.59,0,3,307.75,19 / 21,2140310,2019-09-06 19:55:46:053,0.0224,-0.0731,9.8865,0.001,-0.0013,9.8066,0.002,0.0124,0.0084,7.19,-36.87,-1.06,137.42,-83.73,-163.37
52.412216,-1.548179,148.59,0,3,307.75,18 / 21,2140409,2019-09-06 19:55:46:152,-0.1279,0.0249,9.7334,-0.0021,0.0001,9.8066,-0.0055,-0.009,-0.0006,6.75,-36.69,-1.06,137.31,-83.71,-163.57
52.412216,-1.548179,148.59,0,3,307.75,18 / 21,2140510,2019-09-06 19:55:46:253,-0.1792,0.1096,9.8929,0.0012,-0.0005,9.8066,0.0044,-0.0054,-0.0088,6.94,-36.81,-0.5,131.93,-83.7,-163.54
52.412216,-1.548179,148.59,0,3,307.75,18 / 21,2140609,2019-09-06 19:55:46:352,-0.0265,-0.089,9.8777,0.0002,-0.0015,9.8066,-0.0044,-0.0155,0,7.06,-36.87,-1.5,137.28,-83.7,-163.66
52.412216,-1.548179,148.59,0,3,307.75,18 / 21,2140709,2019-09-06 19:55:46:452,-0.0908,-0.0535,9.7251,-0.0001,0.0004,9.8066,0.0013,0.0018,-0.0037,6.88,-37.12,-0.81,137.31,-83.69,-163.67
52.412216,-1.548179,148.59,0,3,307.75,18 / 21,2140809,2019-09-06 19:55:46:552,-0.0404,0.0599,9.8776,-0.0004,-0.0002,9.8066,0.0063,0.002,-0.0013,7.06,-36.87,-1.5,137.3,-83.68,-163.7
52.412216,-1.548179,148.59,0,3,307.75,18 / 21,2140909,2019-09-06 19:55:46:652,-0.0345,-0.0887,9.9262,-0.0032,0.0009,9.8066,-0.0024,0.014,0.0057,7.13,-37.25,-1.12,137.27,-83.66,-163.85
52.412216,-1.548179,148.59,0,3,307.75,18 / 21,2141009,2019-09-06 19:55:46:752,-0.0667,-0.0363,9.7322,-0.0025,0.0006,9.8066,-0.0027,-0.0002,0.0036,7.13,-37.12,-0.69,137.2,-83.67,-163.91
52.412216,-1.548179,148.59,0,3,307.75,18 / 21,2141110,2019-09-06 19:55:46:853,0.01,-0.019,9.8901,0.003,-0.0004,9.8066,0.0084,-0.003,-0.0113,7,-37.25,-1.25,137.28,-83.68,-163.76
52.412216,-1.548179,148.59,0,3,307.75,18 / 21,2141210,2019-09-06 19:55:46:953,-0.0688,-0.0697,9.9181,0.0031,-0.0032,9.8066,-0.0103,-0.0158,-0.0003,6.75,-36.44,-0.87,136.75,-83.68,-163.84
52.412216,-1.548179,148.59,0,3,307.75,18 / 21,2141310,2019-09-06 19:55:47:053,-0.0135,-0.0756,9.7517,-0.0027,0.0018,9.8066,-0.0137,0.0035,-0.0113,6.81,-36.87,-1,137.27,-83.67,-163.78
52.412216,-1.548179,148.59,0,3,307.75,21 / 23,2141409,2019-09-06 19:55:47:152,-0.0411,0.0566,9.8912,-0.003,-0.0004,9.8066,0.0138,0.0094,0.0051,7,-37.37,-1.37,137.14,-83.66,-164.04
52.412216,-1.548179,148.59,0,3,307.75,21 / 23,2141509,2019-09-06 19:55:47:252,0.0331,-0.1191,9.9126,-0.0009,0.0001,9.8066,0.0017,0.0162,0.0038,6.5,-36.69,-0.75,137.18,-83.64,-164.03
52.412216,-1.548179,148.59,0,3,307.75,21 / 23,2141610,2019-09-06 19:55:47:353,-0.0226,0.018,9.7534,-0.0004,-0.0004,9.8066,-0.0022,-0.0039,-0.0023,7.06,-36.87,-1.62,141.97,-83.64,-164.14
52.412216,-1.548179,148.59,0,3,307.75,21 / 23,2141710,2019-09-06 19:55:47:453,-0.1111,0.0461,9.8609,0.0011,-0.0019,9.8066,0.0127,-0.0117,-0.0056,6.88,-37.12,-1.19,137.14,-83.64,-164.12
52.412216,-1.548179,148.59,0,3,307.75,21 / 23,2141810,2019-09-06 19:55:47:553,-0.0169,-0.102,9.8725,0.0015,-0.0018,9.8066,-0.0118,-0.0178,-0.0001,6.63,-37.37,-1,137.07,-83.64,-164.19
52.412216,-1.548179,148.59,0,3,307.75,21 / 23,2141910,2019-09-06 19:55:47:653,-0.0896,-0.0398,9.7781,-0.0026,0.0009,9.8066,-0.0198,0.0068,-0.0028,7,-37,-0.94,137.09,-83.63,-164.2
52.412216,-1.548179,148.59,0,3,307.75,21 / 23,2142010,2019-09-06 19:55:47:753,0.0209,0.06,9.8875,0.0007,-0.0002,9.8066,0.0096,0.0037,0.0098,6.75,-36.62,-1.5,136.99,-83.63,-164.36
52.412216,-1.548179,148.59,0,3,307.75,21 / 23,2142109,2019-09-06 19:55:47:852,0.0152,-0.0874,9.8702,-0.0013,0.0001,9.8066,-0.0078,0.0188,-0.0004,7.06,-36.62,-1.31,137.05,-83.61,-164.34
52.412216,-1.548179,148.59,0,3,307.75,21 / 23,2142210,2019-09-06 19:55:47:953,-0.1672,-0.0338,9.7318,0.0021,-0.0002,9.8066,0.0012,-0.0128,0.0038,6.75,-36.94,-1.5,137.01,-83.61,-164.4
52.412216,-1.548179,148.59,0,3,307.75,21 / 23,2142309,2019-09-06 19:55:48:052,0.0107,0.0227,9.893,0.0048,-0.0004,9.8066,0.0118,-0.0107,-0.0097,6.75,-36.81,-0.87,137.09,-83.61,-164.3
52.412216,-1.548179,148.59,0,3,307.75,20 / 22,2142410,2019-09-06 19:55:48:153,-0.06,0.0149,9.8486,-0.001,0.0009,9.8066,0.0055,0.0116,-0.0038,6.69,-37,-0.94,137.1,-83.61,-164.28
52.412216,-1.548179,148.59,0,3,307.75,20 / 22,2142509,2019-09-06 19:55:48:252,-0.2364,-0.0659,9.7761,-0.0033,0.0007,9.8066,0.0034,-0.014,0.0056,6.81,-36.69,-1.31,137.08,-83.6,-164.34
52.412216,-1.548179,148.59,0,3,307.75,20 / 22,2142610,2019-09-06 19:55:48:353,0.0168,-0.0763,9.9186,0.0029,-0.0007,9.8066,0.0164,-0.0128,-0.0103,7.38,-37.06,-0.69,137.05,-83.6,-164.39
52.412216,-1.548179,148.59,0,3,307.75,20 / 22,2142709,2019-09-06 19:55:48:452,0.0706,-0.0627,9.8154,0.0011,-0.0021,9.8066,-0.0134,-0.008,0.0048,7.06,-37.31,-1.44,137,-83.61,-164.42
52.412216,-1.548179,148.59,0,3,307.75,20 / 22,2142809,2019-09-06 19:55:48:552,-0.1651,-0.012,9.7918,-0.001,0.0004,9.8066,-0.0063,0.015,-0.0006,6.88,-37,-0.81,137.05,-83.58,-164.46
52.412216,-1.548179,148.59,0,3,307.75,20 / 22,2142909,2019-09-06 19:55:48:652,-0.0073,0.0761,9.8777,-0.0021,0,9.8066,0.0117,0.0038,0.0084,7.13,-36.69,-1.25,136.99,-83.58,-164.57
52.412216,-1.548179,148.59,0,3,307.75,20 / 22,2143010,2019-09-06 19:55:48:753,0.1345,-0.1795,9.8584,0.0015,-0.0004,9.8066,-0.0003,0.0146,-0.0017,6.69,-37.06,-0.81,137.05,-83.57,-164.5
52.412216,-1.548179,148.59,0,3,307.75,20 / 22,2143109,2019-09-06 19:55:48:852,-0.2143,0.0014,9.847,0.0014,-0.0016,9.8066,0.006,-0.0201,0.0002,6.5,-37.06,-1,136.99,-83.58,-164.54
52.412216,-1.548179,148.59,0,3,307.75,20 / 22,2143210,2019-09-06 19:55:48:953,-0.0231,0.011,9.895,0.002,-0.0007,9.8066,0.0117,-0.0248,-0.0124,6.94,-36.87,-1.56,141.9,-83.56,-164.51
52.412216,-1.548179,148.59,0,3,307.75,20 / 22,2143309,2019-09-06 19:55:49:052,0.0914,-0.0632,9.7707,0.0005,-0.0011,9.8066,-0.0058,-0.011,0.0136,6.88,-37.06,-1.25,137.02,-83.58,-164.52
52.412216,-1.548179,148.59,0,3,307.75,19 / 21,2143409,2019-09-06 19:55:49:152,-0.1812,-0.1685,9.8594,-0.0011,0.0013,9.8066,-0.0081,0.0153,-0.0115,7.5,-36.5,-1.25,133.72,-83.56,-164.51
52.412216,-1.548179,148.59,0,3,307.75,19 / 21,2143510,2019-09-06 19:55:49:253,-0.0228,-0.1211,9.7857,0.0006,-0.0008,9.8066,0.005,0.0008,0.0124,6.75,-36.87,-0.94,136.95,-83.57,-164.65
52.412216,-1.548179,148.59,0,3,307.75,19 / 21,2143609,2019-09-06 19:55:49:352,-0.1385,0.0191,9.8789,-0.002,0.0016,9.8065,-0.0079,0.0037,-0.0024,7,-36.94,-0.37,131.56,-83.58,-164.62
52.412216,-1.548179,148.59,0,3,307.75,19 / 21,2143709,2019-09-06 19:55:49:452,-0.0373,-0.1108,9.9655,-0.0009,0.0002,9.8065,0.0114,-0.0249,-0.0042,7.13,-36.5,-1.5,136.53,-83.56,-164.61
52.412216,-1.548179,148.59,0,3,307.75,19 / 21,2143810,2019-09-06 19:55:49:553,0.0014,-0.0272,9.79,0.0019,-0.0004,9.8066,0.0095,-0.0136,-0.012,7,-37.19,-1.5,136.99,-83.58,-164.57
52.412216,-1.548179,148.59,0,3,307.75,19 / 21,2143910,2019-09-06 19:55:49:653,-0.3546,0.0963,9.9036,0.0019,-0.0028,9.8066,-0.0057,-0.0106,0.0023,7.25,-36.87,-0.62,136.89,-83.59,-164.65
52.412216,-1.548179,148.59,0,3,307.75,19 / 21,2144010,2019-09-06 19:55:49:753,-0.0518,-0.0239,9.9421,-0.0009,0.0012,9.8066,-0.0023,0.0162,-0.0009,7.06,-37.06,-1.12,136.93,-83.56,-164.73
52.412216,-1.548179,148.59,0,3,307.75,19 / 21,2144110,2019-09-06 19:55:49:853,-0.0319,-0.0202,9.8299,-0.0012,-0.0003,9.8066,-0.0017,0.0024,0.0165,6.94,-36.94,-1.12,136.89,-83.55,-164.8
52.412216,-1.548179,148.59,0,3,307.75,19 / 21,2144210,2019-09-06 19:55:49:953,-0.6584,0.2241,9.8143,-0.001,0.0022,9.8066,0.0042,-0.0062,0.0033,7.44,-36.75,-1.12,136.86,-83.55,-164.84
52.412216,-1.548179,148.59,0,3,307.75,19 / 21,2144310,2019-09-06 19:55:50:053,-0.2668,0.1874,9.777,-0.0022,0.0015,9.8066,-0.0055,-0.0181,-0.0078,7,-36.75,-0.81,137.01,-83.52,-164.74
52.412216,-1.548179,148.59,0,3,307.75,20 / 22,2144409,2019-09-06 19:55:50:152,0.0119,0.0376,9.8365,0.0001,-0.0001,9.8066,0.0055,-0.0036,-0.0102,6.94,-36.69,-0.5,131.63,-83.52,-164.79
52.412216,-1.548179,148.59,0,3,307.75,20 / 22,2144510,2019-09-06 19:55:50:253,-0.6724,0.2258,9.905,-0.0041,0.0025,9.8066,0.0019,-0.001,0.0067,7.69,-36.5,-0.56,133.48,-83.51,-165.02
52.412216,-1.548179,148.59,0,3,307.75,20 / 22,2144609,2019-09-06 19:55:50:352,-0.1424,-0.0687,9.9271,-0.0022,0.0015,9.8066,-0.0112,0.0008,-0.0166,6.88,-36.81,-0.94,136.94,-83.47,-165.07
52.412216,-1.548179,148.59,0,3,307.75,20 / 22,2144710,2019-09-06 19:55:50:453,-0.43,0.2116,9.8525,0.0007,-0.001,9.8066,0.0072,-0.0038,0.0088,6.75,-36.94,-0.62,136.88,-83.44,-165.24
52.412216,-1.548179,148.59,0,3,307.75,20 / 22,2144810,2019-09-06 19:55:50:553,-0.5473,0.2292,9.8869,-0.0033,0.0027,9.8066,0.0051,0.0032,0.0057,7.63,-36.31,-0.19,128.45,-83.4,-165.37
52.412216,-1.548179,148.59,0,3,307.75,20 / 22,2144910,2019-09-06 19:55:50:653,-1.2246,0.7852,9.8744,-0.0047,0.0005,9.8066,0.0142,-0.0058,-0.0151,7.13,-37.31,-0.81,136.89,-83.35,-165.59
52.412216,-1.548179,148.59,0,3,307.75,20 / 22,2145010,2019-09-06 19:55:50:753,-0.453,0.3286,9.8175,-0.0049,0.0013,9.8066,0.022,-0.016,0.015,6.94,-37.12,-0.87,136.87,-83.26,-165.98
52.412216,-1.548179,148.59,0,3,307.75,20 / 22,2145110,2019-09-06 19:55:50:853,-1.311,0.8183,10.0367,0.0023,0.0006,9.8066,0.041,0.013,-0.0196,6.69,-37.5,-0.44,131.73,-83.21,-166
52.412216,-1.548179,148.59,0,3,307.75,20 / 22,2145210,2019-09-06 19:55:50:953,-2.445,1.3881,9.9798,-0.0107,0.0032,9.8066,0.0395,-0.0111,0.0191,6.75,-37,-0.12,131.8,-83.1,-166.38
52.412216,-1.548179,148.59,0,3,307.75,20 / 22,2145309,2019-09-06 19:55:51:052,-2.4776,1.2621,9.7404,-0.0059,0.0036,9.8066,0.0151,0.0001,0.0036,6.75,-37.37,0,131.94,-82.96,-166.8
52.412216,-1.548179,148.59,0,3,307.75,20 / 23,2145409,2019-09-06 19:55:51:152,-2.8819,1.3719,9.8563,-0.0006,-0.0023,9.8066,-0.016,-0.0052,0.0074,6.81,-37.56,-0.25,132.35,-82.95,-167.07
52.412216,-1.548179,148.59,0,3,307.75,20 / 23,2145509,2019-09-06 19:55:51:252,-2.1912,1.0829,9.7111,-0.0066,0.0053,9.8066,0.0073,-0.0176,-0.0061,7.25,-37,0.19,131.66,-82.97,-167.18
52.412216,-1.548179,148.59,0,3,307.75,20 / 23,2145610,2019-09-06 19:55:51:353,-1.8887,1.0674,9.7525,-0.0098,0.0035,9.8066,-0.0027,-0.0129,-0.0186,6.75,-37.62,0,132.48,-82.85,-167.32
52.412216,-1.548179,148.59,0,3,307.75,20 / 23,2145710,2019-09-06 19:55:51:453,-1.0772,0.4913,9.7784,-0.0059,0.0029,9.8066,-0.0012,-0.0115,0.0186,7.75,-37,-0.25,129.16,-82.8,-167.47
52.412216,-1.548179,148.59,0,3,307.75,20 / 23,2145810,2019-09-06 19:55:51:553,-2.2855,1.1632,9.8243,-0.0002,0.0034,9.8066,-0.0047,-0.0064,0.0117,7.31,-37.37,-0.06,132.13,-82.75,-167.41
52.412216,-1.548179,148.59,0,3,307.75,20 / 23,2145910,2019-09-06 19:55:51:653,-1.6449,1.0467,9.7337,0.0067,-0.0031,9.8066,0.0204,-0.0327,0.0078,7.69,-37,-0.69,134.47,-82.69,-167.17
52.412216,-1.548179,148.59,0,3,307.75,20 / 23,2146009,2019-09-06 19:55:51:752,-1.7272,1.045,9.933,0.0071,-0.0052,9.8066,0.0154,-0.022,-0.0228,7.94,-36.94,-1.12,134.38,-82.75,-167.06
52.412216,-1.548179,148.59,0,3,307.75,20 / 23,2146110,2019-09-06 19:55:51:853,-2.4196,0.8984,9.967,-0.001,-0.0039,9.8066,-0.0308,-0.038,0.0083,7.13,-37.25,-0.25,132.15,-82.77,-167.33
52.412216,-1.548179,148.59,0,3,307.75,20 / 23,2146210,2019-09-06 19:55:51:953,-2.1014,1.1068,9.8735,-0.0045,0.0047,9.8066,-0.0551,-0.0011,-0.0099,7.06,-37.37,-0.19,132.34,-82.71,-167.3
52.412216,-1.548179,148.59,0,3,307.75,20 / 23,2146310,2019-09-06 19:55:52:053,-1.5089,0.8882,10.1122,0,-0.0059,9.8066,-0.0498,-0.0109,0.0124,7.25,-37.25,-0.44,131.9,-82.79,-167.61
52.412216,-1.548179,148.59,0,3,307.75,21 / 23,2146409,2019-09-06 19:55:52:152,-1.2613,0.585,10.0514,-0.0045,0.0027,9.8066,-0.0317,0.004,-0.0049,7.44,-37,-0.31,131.75,-82.79,-167.81
52.412216,-1.548179,148.59,0,3,307.75,21 / 23,2146510,2019-09-06 19:55:52:253,-1.287,0.5072,9.9418,-0.0049,0.0015,9.8066,0.0293,0.0011,0.0182,7.63,-37.25,-0.62,133.54,-82.82,-168.04
52.412216,-1.548179,148.59,0,3,307.75,21 / 23,2146610,2019-09-06 19:55:52:353,-2.2301,0.7364,10.0842,-0.0027,0.0075,9.8066,0.0025,-0.0349,-0.009,7.75,-36.94,-0.5,129,-82.77,-167.81
52.412216,-1.548179,148.59,0,3,307.75,21 / 23,2146710,2019-09-06 19:55:52:453,-1.666,0.8682,10.0981,-0.0055,0.0037,9.8066,-0.005,0.001,-0.0073,6.88,-37.69,-0.87,137.62,-82.73,-167.66
52.412216,-1.548179,148.59,0,3,307.75,21 / 23,2146810,2019-09-06 19:55:52:553,-1.2948,1.3068,9.768,0.0031,-0.0049,9.8066,0.0184,-0.0378,0.0432,7.63,-37.31,-1.06,133.97,-82.78,-167.57
52.412216,-1.548179,148.59,0,3,307.75,21 / 23,2146910,2019-09-06 19:55:52:653,-1.3816,0.7479,9.9417,-0.0002,0.0058,9.8065,0.0101,-0.0221,-0.013,7.69,-37.19,-0.75,134.29,-82.72,-167.31
52.412216,-1.548179,148.59,0,3,307.75,21 / 23,2147010,2019-09-06 19:55:52:753,-0.5872,0.4244,9.7865,-0.006,-0.0013,9.8066,-0.0345,0.002,-0.0079,7.69,-37.31,-0.81,134.26,-82.7,-167.42
52.412216,-1.548179,148.59,0,3,307.75,21 / 23,2147110,2019-09-06 19:55:52:853,-1.0088,0.5594,10.1633,-0.0065,-0.0005,9.8066,0.0104,0.0164,-0.0072,7.25,-36.94,-1.12,136.63,-82.84,-167.99
52.412216,-1.548179,148.59,0,3,307.75,21 / 23,2147209,2019-09-06 19:55:52:952,-0.4881,0.3666,9.8747,-0.01,0.0004,9.8066,0.0208,-0.0327,0.0138,7,-36.94,-1.12,136.38,-82.78,-168.6
52.412216,-1.548179,148.59,0,3,307.75,21 / 23,2147310,2019-09-06 19:55:53:053,-1.7478,0.6874,9.7729,-0.0179,0.012,9.8065,0.0514,0.0078,-0.0098,7.31,-37.56,-1.31,136.97,-82.72,-168.73
52.412216,-1.548179,148.59,0,3,307.75,21 / 23,2147409,2019-09-06 19:55:53:152,-2.3629,1.5613,9.7535,-0.0024,0.0119,9.8066,-0.0117,0.0071,-0.0032,7.44,-37.31,-0.56,136.93,-82.54,-168.69
52.412216,-1.548179,148.59,0,3,307.75,21 / 23,2147510,2019-09-06 19:55:53:253,-1.8096,1.3187,9.7895,-0.0004,0.0052,9.8066,0.0047,0.0055,0.009,6.5,-37.62,-1,137.77,-82.41,-168.73
52.412216,-1.548179,148.59,0,3,307.75,21 / 23,2147610,2019-09-06 19:55:53:353,-0.6588,1.2199,10.2086,-0.0063,-0.0029,9.8066,-0.0269,0.0005,-0.0415,7.13,-37.69,-1.31,137.83,-82.39,-168.7
52.412216,-1.548179,148.59,0,3,307.75,21 / 23,2147710,2019-09-06 19:55:53:453,-0.9615,0.6786,9.5178,0.0023,-0.0113,9.8066,-0.0244,-0.0263,0.0379,7.06,-36.94,-1.31,136.48,-82.54,-169.42
52.412216,-1.548179,148.59,0,3,307.75,21 / 23,2147809,2019-09-06 19:55:53:552,-0.7898,0.5651,9.987,-0.0062,0.0118,9.8066,-0.0077,-0.0447,-0.0008,7.56,-37,-2,137.65,-82.51,-169.45
52.412216,-1.548179,148.59,0,3,307.75,21 / 23,2147909,2019-09-06 19:55:53:652,-0.9825,0.5474,10.1207,-0.0035,0.0028,9.8066,0.0062,-0.0388,0.0191,6.88,-37.5,-1.75,141.17,-82.48,-169.28
52.412216,-1.548179,148.59,0,3,307.75,21 / 23,2148009,2019-09-06 19:55:53:752,-1.158,0.9312,9.8441,-0.0154,0.0098,9.8066,-0.0124,-0.0095,-0.0122,7,-37.62,-1.5,137.01,-82.44,-169.82
52.412216,-1.548179,148.59,0,3,307.75,21 / 23,2148110,2019-09-06 19:55:53:853,-0.7139,0.9184,9.395,0.0092,-0.0052,9.8066,-0.0101,-0.0149,-0.006,6.94,-37.37,-1.31,136.77,-82.29,-169.96
52.412216,-1.548179,148.59,0,3,307.75,21 / 23,2148209,2019-09-06 19:55:53:952,-0.9794,0.6288,10.0434,-0.0057,0.0023,9.8066,-0.0754,-0.0436,0.0192,6.5,-37.62,-1.62,141.51,-82.27,-170.2
52.412216,-1.548179,148.59,0,3,307.75,21 / 23,2148309,2019-09-06 19:55:54:052,-0.9175,0.843,9.9078,-0.0251,0.0141,9.8065,-0.1278,-0.0149,0.0198,7.06,-38.25,-1.5,137.35,-82.18,-170.36
52.41228,-1.548304,147.92,5.96,2,310.23,21 / 23,2148409,2019-09-06 19:55:54:152,-1.1346,1.2035,9.741,0.0032,0.0012,9.8066,0.0793,-0.0224,-0.0044,6.75,-37.69,-0.81,137.41,-82.18,-170.22
52.41228,-1.548304,147.92,5.96,2,310.23,21 / 23,2148509,2019-09-06 19:55:54:252,-0.6798,0.8952,10.0573,0.0051,-0.0074,9.8066,0.0727,-0.0246,0.0181,6.5,-37.37,-1.44,136.71,-82.22,-170.35
52.41228,-1.548304,147.92,5.96,2,310.23,21 / 23,2148610,2019-09-06 19:55:54:353,-0.7365,0.3943,9.4755,0.0052,-0.0047,9.8066,-0.1072,0.0099,-0.0324,6.63,-37.94,-1.06,136.96,-82.28,-170.57
52.41228,-1.548304,147.92,5.96,2,310.23,21 / 23,2148709,2019-09-06 19:55:54:452,-1.9855,2.615,9.9514,-0.0112,0.0361,9.8065,0.0698,-0.0168,0.1038,6.81,-37.31,-1.31,137.45,-82.16,-169.39
52.41228,-1.548304,147.92,5.96,2,310.23,21 / 23,2148810,2019-09-06 19:55:54:553,0.2402,0.7197,10.283,-0.0117,0.0408,9.8065,-0.0922,-0.055,0.003,6.25,-37.56,-1.62,147.14,-82.14,-167.63
52.41228,-1.548304,147.92,5.96,2,310.23,21 / 23,2148909,2019-09-06 19:55:54:652,0.3604,0.2791,9.9036,0.0101,-0.014,9.8065,-0.125,-0.057,-0.0202,6.75,-37.25,-1.75,142.82,-82.35,-167.1
52.41228,-1.548304,147.92,5.96,2,310.23,21 / 23,2149010,2019-09-06 19:55:54:753,-0.9693,1.4478,10.9718,-0.0019,-0.0112,9.8066,-0.1245,0.0928,-0.0764,6.31,-37.75,-1.37,142.18,-82.33,-167.91
52.41228,-1.548304,147.92,5.96,2,310.23,21 / 23,2149109,2019-09-06 19:55:54:852,-2.1101,0.568,10.203,-0.1045,0.0716,9.8057,-0.2769,-0.1197,0.0607,6.94,-38.37,-1.81,140.79,-82.54,-170.39
52.41228,-1.548304,147.92,5.96,2,310.23,21 / 23,2149210,2019-09-06 19:55:54:953,0.4958,0.3689,9.4471,-0.0927,0.0705,9.8059,0.2132,-0.0087,-0.0251,6.44,-37.62,-1.81,146.12,-81.51,-171.79
52.41228,-1.548304,147.92,5.96,2,310.23,21 / 23,2149309,2019-09-06 19:55:55:052,-0.7451,1.0646,9.0257,0.0284,-0.0397,9.8065,0.1418,-0.0221,0.054,7.06,-38.06,-2.06,141.38,-81.77,-172.19
52.41228,-1.548304,147.92,5.96,2,310.23,20 / 22,2149410,2019-09-06 19:55:55:153,-0.0848,0.8221,8.8281,0.0142,-0.0344,9.8065,0.0827,0.0188,-0.1078,7.06,-37.69,-1.56,141.22,-81.66,-172.87
52.41228,-1.548304,147.92,5.96,2,310.23,20 / 22,2149509,2019-09-06 19:55:55:252,-1.4889,1.3866,10.0172,0.0407,-0.06,9.8063,0.1087,-0.0841,-0.0596,6.81,-37.75,-2.37,138.38,-82.33,-175
52.41228,-1.548304,147.92,5.96,2,310.23,20 / 22,2149610,2019-09-06 19:55:55:353,-0.7519,0.0594,10.2634,-0.0141,-0.0034,9.8066,-0.1031,-0.0771,0.0353,7.38,-37.94,-3,141.08,-82.56,-175.91
52.41228,-1.548304,147.92,5.96,2,310.23,20 / 22,2149709,2019-09-06 19:55:55:452,-0.9722,0.8548,10.6912,-0.03,0.0227,9.8065,0.0169,-0.0737,-0.0093,7.88,-37.87,-3.12,136.48,-82.81,-176.49
52.41228,-1.548304,147.92,5.96,2,310.23,20 / 22,2149810,2019-09-06 19:55:55:553,0.2692,0.5668,8.7258,-0.0425,0.0311,9.8065,-0.0184,-0.0777,-0.0074,6.94,-38.06,-3.81,143.77,-82.43,-177.34
52.41228,-1.548304,147.92,5.96,2,310.23,20 / 22,2149910,2019-09-06 19:55:55:653,-0.5634,1.3573,9.172,-0.0092,0.0017,9.8066,-0.058,-0.1038,0.0276,7.5,-38.44,-3.81,139.64,-82.3,-178.4
52.41228,-1.548304,147.92,5.96,2,310.23,20 / 22,2150010,2019-09-06 19:55:55:753,-0.3736,0.0896,9.6987,-0.0116,0.0187,9.8066,0.0638,-0.0331,-0.001,7.94,-38.87,-3.37,137.2,-82.19,-178.13
52.41228,-1.548304,147.92,5.96,2,310.23,20 / 22,2150110,2019-09-06 19:55:55:853,-0.812,0.8824,10.0873,0.034,-0.0342,9.8065,0.1192,0.0072,0.0313,7.25,-39.62,-3.31,140.4,-82.63,-178.1
52.41228,-1.548304,147.92,5.96,2,310.23,20 / 22,2150211,2019-09-06 19:55:55:954,0.0806,0.8089,9.9137,0.0207,-0.0241,9.8066,-0.1395,-0.0346,-0.0553,6.13,-40,-3.12,144.5,-82.69,-178.06
52.41228,-1.548304,147.92,5.96,2,310.23,20 / 22,2150310,2019-09-06 19:55:56:053,0.0463,1.2403,9.5904,-0.0194,0.02,9.8066,-0.0777,-0.0294,0.0233,5.94,-41.19,-3,144.79,-82.72,-178.16
52.41228,-1.548304,147.92,5.96,2,310.23,20 / 23,2150409,2019-09-06 19:55:56:152,-0.0064,1.0401,9.8414,-0.0103,0.0149,9.8066,0.0894,-0.0326,0.0834,4.5,-39.62,-1.37,141.87,-82.52,-178.45
52.41228,-1.548304,147.92,5.96,2,310.23,20 / 23,2150510,2019-09-06 19:55:56:253,-0.5469,0.4761,10.124,0.0079,0.0049,9.8066,-0.026,-0.0635,-0.0474,4.44,-39.69,-1.12,148.21,-82.5,-177.57
52.41228,-1.548304,147.92,5.96,2,310.23,20 / 23,2150609,2019-09-06 19:55:56:352,-0.6213,1.5651,9.9684,0.0012,-0.0038,9.8066,-0.089,-0.0005,0.0082,4.56,-38.56,-1,141.86,-82.54,-177.2
52.41228,-1.548304,147.92,5.96,2,310.23,20 / 23,2150710,2019-09-06 19:55:56:453,0.3171,-0.4863,9.8972,0.0074,-0.0093,9.8066,-0.0189,-0.0505,0.1098,3.94,-37.44,-1.56,150.44,-82.68,-177.33
52.41228,-1.548304,147.92,5.96,2,310.23,20 / 23,2150809,2019-09-06 19:55:56:552,0.1015,1.5283,9.4607,0.0064,0.0203,9.8066,0.0267,-0.0067,-0.0159,4.31,-37.37,-1.56,151.24,-82.6,-176.05
52.41228,-1.548304,147.92,5.96,2,310.23,20 / 23,2150910,2019-09-06 19:55:56:653,0.454,0.5408,9.8539,0.0051,0.0042,9.8066,-0.0027,-0.0768,0.0553,4.38,-36.87,-1.19,147.55,-82.52,-175.19
52.41228,-1.548304,147.92,5.96,2,310.23,20 / 23,2151009,2019-09-06 19:55:56:752,-0.8997,1.1334,9.6343,0.0101,0.0085,9.8066,0.0257,-0.0336,0.0171,5,-36.44,-1.69,146.6,-82.44,-174.02
52.41228,-1.548304,147.92,5.96,2,310.23,20 / 23,2151110,2019-09-06 19:55:56:853,-0.5637,-0.3134,10.0329,0.0077,0.0069,9.8066,-0.0338,-0.0352,0.0412,4.44,-36.44,-2.5,152.8,-82.42,-172.64
52.41228,-1.548304,147.92,5.96,2,310.23,20 / 23,2151209,2019-09-06 19:55:56:952,-0.3989,0.8297,10.7208,0.0331,0.0142,9.8066,-0.0773,-0.0618,0.0251,5.13,-36.69,-3.56,156.07,-82.38,-170.55
52.41228,-1.548304,147.92,5.96,2,310.23,20 / 23,2151310,2019-09-06 19:55:57:053,0.114,2.1946,11.7999,-0.0499,0.0586,9.8063,0.0985,-0.0958,0.09,4.88,-36.37,-3.5,152.8,-82.51,-169.59
52.41228,-1.548304,147.92,5.96,2,310.23,21 / 23,2151409,2019-09-06 19:55:57:152,-0.7655,-1.0431,9.8846,-0.0009,-0.0315,9.8066,-0.294,0.1915,-0.0574,5,-36.75,-3.12,153.38,-82.11,-170.4
52.41228,-1.548304,147.92,5.96,2,310.23,21 / 23,2151510,2019-09-06 19:55:57:253,0.1764,0.6658,8.3596,-0.0358,0.0414,9.8064,-0.0137,0.0273,0.1006,4.81,-36.25,-2.81,153.54,-81.64,-170.8
52.41228,-1.548304,147.92,5.96,2,310.23,21 / 23,2151609,2019-09-06 19:55:57:352,0.727,0.7807,9.5084,-0.0445,0.0521,9.8064,-0.2027,0.1083,-0.0653,4.69,-36.5,-2.62,153.39,-81.6,-171.22
52.41228,-1.548304,147.92,5.96,2,310.23,21 / 23,2151710,2019-09-06 19:55:57:453,0.9101,0.6214,9.5406,0.0011,-0.0368,9.8066,0.034,0.016,-0.0903,4.56,-36.5,-3.62,155.9,-82.04,-171.12
52.41228,-1.548304,147.92,5.96,2,310.23,21 / 23,2151809,2019-09-06 19:55:57:552,-0.0854,-0.6217,9.3265,0.0026,0.0168,9.8065,0.0317,-0.0304,0.0454,4.88,-37.12,-3.44,153.15,-82.05,-170.99
52.41228,-1.548304,147.92,5.96,2,310.23,21 / 23,2151909,2019-09-06 19:55:57:652,0.6788,1.0499,9.5428,0.0115,0.0279,9.8065,-0.1554,-0.1231,0.004,4.19,-37.75,-4.12,161.74,-82.12,-169.89
52.41228,-1.548304,147.92,5.96,2,310.23,21 / 23,2152009,2019-09-06 19:55:57:752,0.9339,-0.0449,9.5561,-0.0277,0.0687,9.8063,-0.1453,-0.0913,0.0404,3.75,-37.5,-3.69,162.31,-81.76,-169.09
52.41228,-1.548304,147.92,5.96,2,310.23,21 / 23,2152109,2019-09-06 19:55:57:852,0.5047,-0.9009,9.6229,0.0325,-0.0576,9.8064,0.3304,-0.0494,0.0016,3.88,-37.44,-3.62,162.73,-81.96,-167.88
52.41228,-1.548304,147.92,5.96,2,310.23,21 / 23,2152209,2019-09-06 19:55:57:952,-0.0974,1.1679,9.39,0.0327,-0.0366,9.8065,0.273,-0.1525,0.0976,4.19,-37.31,-3.44,160.21,-81.69,-167.71
52.41228,-1.548304,147.92,5.96,2,310.23,21 / 23,2152310,2019-09-06 19:55:58:053,-0.255,2.3095,10.2574,-0.0034,-0.0229,9.8066,-0.0689,-0.1196,0.0113,3.69,-37.12,-3.19,160.14,-81.56,-168.2
52.41228,-1.548304,147.92,5.96,2,310.23,21 / 23,2152410,2019-09-06 19:55:58:153,-0.2825,0.984,9.6703,-0.016,0.0126,9.8066,-0.0428,-0.0896,0.0007,4.25,-37.06,-3,159.8,-81.57,-168.9
52.41228,-1.548304,147.92,5.96,2,310.23,21 / 23,2152509,2019-09-06 19:55:58:252,-0.2669,0.2254,9.4973,-0.0061,0.0167,9.8066,-0.0135,-0.1296,0.0461,3.94,-37,-3.69,162.36,-81.6,-169.31
52.41228,-1.548304,147.92,5.96,2,310.23,21 / 23,2152610,2019-09-06 19:55:58:353,-0.0388,1.2808,9.8564,-0.0096,0.0188,9.8066,-0.0157,-0.0683,-0.0385,4.69,-37.19,-4.19,157.92,-81.54,-169.2
52.41228,-1.548304,147.92,5.96,2,310.23,21 / 23,2152710,2019-09-06 19:55:58:453,0.1701,-0.6882,9.9925,0.0128,-0.0166,9.8066,0.0919,-0.073,0.0562,4,-36.62,-4.31,162.41,-81.7,-169.02
52.41228,-1.548304,147.92,5.96,2,310.23,21 / 23,2152809,2019-09-06 19:55:58:552,0.1471,1.001,9.9462,0.0069,-0.0106,9.8066,0.043,-0.072,-0.0019,4.44,-37.19,-3.94,162.5,-81.62,-168.99
52.41228,-1.548304,147.92,5.96,2,310.23,21 / 23,2152910,2019-09-06 19:55:58:653,0.1902,1.1617,9.9518,-0.0112,0.0088,9.8066,-0.0621,-0.0324,0.0093,4.38,-37,-4,162.27,-81.47,-169.76
52.41228,-1.548304,147.92,5.96,2,310.23,21 / 23,2153010,2019-09-06 19:55:58:753,0.0383,1.5034,10.3648,-0.0001,0.0039,9.8066,-0.0204,-0.0307,0.0578,4.56,-37.19,-3.75,157.79,-81.45,-169.61
52.41228,-1.548304,147.92,5.96,2,310.23,21 / 23,2153110,2019-09-06 19:55:58:853,0.3061,0.0863,9.7199,0.0014,-0.0066,9.8066,0.0758,-0.0142,0.0164,4.38,-36.81,-3.75,162.5,-81.33,-169.57
52.41228,-1.548304,147.92,5.96,2,310.23,21 / 23,2153210,2019-09-06 19:55:58:953,0.1494,-0.1386,9.822,0.0059,-0.0069,9.8066,-0.0446,0.0022,-0.0454,3.63,-37.44,-3.94,162.45,-81.34,-169.65
52.41228,-1.548304,147.92,5.96,2,310.23,21 / 23,2153309,2019-09-06 19:55:59:052,0.7378,-1.4651,8.4961,-0.001,0.0082,9.8065,-0.1455,-0.0162,0.0174,4.19,-37.19,-4.25,162.52,-81.31,-169.58
52.41228,-1.548304,147.92,5.96,2,310.23,21 / 23,2153409,2019-09-06 19:55:59:152,1.7159,1.1773,10.7392,-0.0033,0.0429,9.8065,0.1304,-0.0284,0.0341,3.5,-37.25,-4.87,165.24,-81.32,-168.79
52.41228,-1.548304,147.92,5.96,2,310.23,21 / 23,2153510,2019-09-06 19:55:59:253,0.9045,-0.1202,10.276,-0.0029,0.045,9.8065,0.133,-0.1367,0.0298,3.5,-37.75,-4.5,163.16,-81.43,-168.53
52.41228,-1.548304,147.92,5.96,2,310.23,21 / 23,2153609,2019-09-06 19:55:59:352,-0.3687,0.9107,10.506,-0.0067,-0.0585,9.8064,0.1426,0.019,-0.1719,3.38,-37.62,-3.75,167.33,-81.57,-169.81
52.41228,-1.548304,147.92,5.96,2,310.23,21 / 23,2153710,2019-09-06 19:55:59:453,0.4022,1.1927,9.3688,-0.0222,0.0479,9.8065,0.0576,0.017,0.0697,3.31,-38,-4.31,167.12,-81.36,-170.63
52.41228,-1.548304,147.92,5.96,2,310.23,21 / 23,2153810,2019-09-06 19:55:59:553,1.4799,-1.6119,9.0983,-0.0129,0.0178,9.8066,0.1881,-0.1131,0.1866,3.38,-37.94,-4.25,167.35,-80.89,-170.92
52.41228,-1.548304,147.92,5.96,2,310.23,21 / 23,2153910,2019-09-06 19:55:59:653,-2.7922,3.7359,8.1592,0.0131,-0.0546,9.8064,-0.2544,-0.0342,0.0297,3.13,-38.5,-4,166.71,-81.41,-171.4
52.41228,-1.548304,147.92,5.96,2,310.23,21 / 23,2154010,2019-09-06 19:55:59:753,-1.4157,-2.9831,9.2147,0.0048,0.0834,9.8062,-0.5653,-0.0883,-0.1013,3.31,-37.62,-5.12,169.73,-81.05,-169.6
52.41228,-1.548304,147.92,5.96,2,310.23,21 / 23,2154110,2019-09-06 19:55:59:853,0.8365,0.2092,8.5793,0.0202,-0.0417,9.8065,0.1662,-0.096,0.0145,3,-37.56,-4.19,167.35,-81.36,-170.14
52.41228,-1.548304,147.92,5.96,2,310.23,21 / 23,2154210,2019-09-06 19:55:59:953,-2.6938,-1.4172,8.7167,-0.0453,0.0685,9.8063,0.1779,0.2235,-0.097,3.63,-37.75,-4.69,164.02,-80.87,-172.16
52.41228,-1.548304,147.92,5.96,2,310.23,21 / 23,2154310,2019-09-06 19:56:00:053,1.5665,1.2338,9.8149,-0.0118,0.013,9.8066,-0.0588,0.1104,-0.0006,3.31,-38,-3.87,166.94,-80.82,-171.94
52.41228,-1.548304,147.92,5.96,2,310.23,21 / 23,2154410,2019-09-06 19:56:00:153,-1.4922,0.5484,9.3418,-0.0062,0.0151,9.8066,-0.2603,-0.0261,-0.0926,3.38,-37.62,-4.31,166.83,-80.74,-172.32
52.41228,-1.548304,147.92,5.96,2,310.23,21 / 23,2154510,2019-09-06 19:56:00:253,-0.6771,-0.2603,9.1064,0.0129,-0.036,9.8065,0.1242,-0.0503,0.0596,3.31,-37.44,-4.37,165.26,-81.41,-174.06
52.41228,-1.548304,147.92,5.96,2,310.23,21 / 23,2154609,2019-09-06 19:56:00:352,-1.2465,0.3579,9.2236,0.0011,0.0056,9.8065,0.0822,0.0111,-0.0491,3.31,-37.62,-4.94,167.32,-81.34,-174.02
52.41228,-1.548304,147.92,5.96,2,310.23,21 / 23,2154709,2019-09-06 19:56:00:452,0.6784,0.8473,9.8091,0.0121,0.0055,9.8066,-0.0398,-0.0257,0.0549,3.38,-37.37,-4.19,165.11,-81.4,-174.4
52.41228,-1.548304,147.92,5.96,2,310.23,21 / 23,2154809,2019-09-06 19:56:00:552,-0.1639,0.8907,9.9357,0.0261,-0.0232,9.8065,0.013,-0.0389,0.0218,3.19,-37.25,-4.5,165.71,-81.46,-173.03
52.41228,-1.548304,147.92,5.96,2,310.23,21 / 23,2154910,2019-09-06 19:56:00:653,-0.2242,1.6132,9.3695,-0.0319,0.0744,9.8063,-0.36,-0.0634,0.0388,3.44,-38.19,-5.12,168.22,-81.14,-172.52
52.41228,-1.548304,147.92,5.96,2,310.23,21 / 23,2155009,2019-09-06 19:56:00:752,0.8446,0.5882,10.0775,-0.0297,0.092,9.8061,-0.1533,-0.0491,0.0318,2.63,-37.37,-4.62,168.38,-81.1,-171.93
52.41228,-1.548304,147.92,5.96,2,310.23,21 / 23,2155110,2019-09-06 19:56:00:853,-0.6408,1.5713,11.9484,0.0092,-0.042,9.8065,0.2001,-0.1256,0.0999,2.5,-37.94,-4.56,168.77,-81.4,-171.09
52.41228,-1.548304,147.92,5.96,2,310.23,21 / 23,2155210,2019-09-06 19:56:00:953,0.4968,2.6566,10.5546,0.0219,-0.1198,9.8058,0.1702,0.0304,0.0363,2.31,-38,-4.56,173.77,-81.63,-170.77
52.41228,-1.548304,147.92,5.96,2,310.23,21 / 23,2155309,2019-09-06 19:56:01:052,1.5204,-0.347,10.3136,-0.0595,0.0914,9.8059,0.2335,-0.0184,-0.0018,2.94,-38,-4.62,169.02,-81.62,-170.32
52.41228,-1.548304,147.92,5.96,2,310.23,20 / 22,2155410,2019-09-06 19:56:01:153,0.8811,-0.0707,8.685,-0.0081,0.0633,9.8064,-0.0458,-0.0952,0.1973,2.75,-37.75,-4.44,166.64,-81.1,-172.11
52.41228,-1.548304,147.92,5.96,2,310.23,20 / 22,2155509,2019-09-06 19:56:01:252,1.5281,-0.3175,9.5735,0.0005,-0.027,9.8066,0.0714,0.0439,-0.0473,2.19,-38,-4.56,173.95,-81.24,-170.68
52.41228,-1.548304,147.92,5.96,2,310.23,20 / 22,2155610,2019-09-06 19:56:01:353,-0.0447,1.1206,10.1247,0.0155,-0.0097,9.8066,0.1309,-0.0338,0.0467,2.69,-37.25,-4.37,167.17,-81.23,-170.33
52.41228,-1.548304,147.92,5.96,2,310.23,20 / 22,2155709,2019-09-06 19:56:01:452,0.4137,-0.2392,10.0734,-0.0028,0.0114,9.8065,-0.0707,-0.0341,-0.0155,2.25,-37.94,-4.94,174.37,-81.04,-169.95
52.41228,-1.548304,147.92,5.96,2,310.23,20 / 22,2155809,2019-09-06 19:56:01:552,0.447,0.1208,9.9094,-0.0102,0.0258,9.8066,-0.0222,0.0161,-0.0186,2.75,-37.56,-5.06,169.56,-80.93,-170.07
52.41228,-1.548304,147.92,5.96,2,310.23,20 / 22,2155909,2019-09-06 19:56:01:652,0.5079,1.5498,9.8734,0.0006,-0.0004,9.8066,0.0206,-0.0714,-0.0249,2.5,-37.37,-4.37,167.66,-80.85,-169.89
52.41228,-1.548304,147.92,5.96,2,310.23,20 / 22,2156010,2019-09-06 19:56:01:753,-0.1698,0.2616,9.9774,-0.0128,-0.0106,9.8066,-0.0662,-0.0458,-0.0568,1.94,-37.87,-4.19,172.57,-80.88,-170.8
52.41228,-1.548304,147.92,5.96,2,310.23,20 / 22,2156110,2019-09-06 19:56:01:853,-0.1182,0.2779,10.0907,0.0033,0.0072,9.8066,0.0145,0.0214,0.067,2.06,-37.75,-4.56,174.19,-80.87,-170.45
52.41228,-1.548304,147.92,5.96,2,310.23,20 / 22,2156210,2019-09-06 19:56:01:953,0.3274,-0.7908,10.3797,-0.0022,0.0039,9.8066,0.0457,-0.0751,0.0273,2.25,-37.5,-4.31,172.61,-80.85,-170.49
52.41228,-1.548304,147.92,5.96,2,310.23,20 / 22,2156310,2019-09-06 19:56:02:053,0.1812,0.4122,9.6485,-0.003,-0.0076,9.8066,0.0349,-0.0449,-0.0341,2.38,-37.5,-4.37,172.27,-80.91,-171.2
52.41228,-1.548304,147.92,5.96,2,310.23,21 / 23,2156410,2019-09-06 19:56:02:153,0.183,0.9501,9.8986,0.0022,0.0189,9.8065,0.0541,-0.0221,0.0429,1.63,-37.81,-4.81,174.02,-80.66,-170.96
52.41228,-1.548304,147.92,5.96,2,310.23,21 / 23,2156509,2019-09-06 19:56:02:252,0.6431,0.7315,10.1763,-0.0044,0.0147,9.8066,-0.103,-0.0158,-0.024,2.13,-37.75,-5.19,174.07,-80.61,-170.89
52.41228,-1.548304,147.92,5.96,2,310.23,21 / 23,2156610,2019-09-06 19:56:02:353,0.1436,0.3117,9.4756,-0.009,0.0239,9.8065,-0.0567,-0.0349,0.0211,2.19,-37.25,-4.44,172.46,-80.47,-171.23
52.41228,-1.548304,147.92,5.96,2,310.23,21 / 23,2156709,2019-09-06 19:56:02:452,-0.1478,0.2443,9.3648,0.0017,-0.0146,9.8066,-0.0117,-0.0339,-0.005,1.31,-37.62,-4.44,177.97,-80.56,-171.03
52.41228,-1.548304,147.92,5.96,2,310.23,21 / 23,2156810,2019-09-06 19:56:02:553,0.5135,1.0944,9.8589,0.0037,0.0036,9.8066,-0.0511,-0.0198,0.0096,1.88,-37.44,-4.69,174.05,-80.53,-170.81
52.41228,-1.548304,147.92,5.96,2,310.23,21 / 23,2156910,2019-09-06 19:56:02:653,0.352,0.0729,10.459,0.0014,0.0065,9.8066,0.098,-0.0465,0.0174,2.25,-38,-4.31,172.85,-80.42,-170.62
52.41228,-1.548304,147.92,5.96,2,310.23,21 / 23,2157009,2019-09-06 19:56:02:752,-0.2177,-0.0951,9.9584,-0.0101,-0.0061,9.8066,0.0511,-0.0363,-0.0553,1.69,-37.62,-4.81,174.05,-80.39,-171.08
52.41228,-1.548304,147.92,5.96,2,310.23,21 / 23,2157109,2019-09-06 19:56:02:852,0.1419,0.7117,10.1805,0.0007,0.0186,9.8066,-0.0093,-0.0521,0.0139,2.06,-37.69,-4.69,173.95,-80.37,-171.3
52.41228,-1.548304,147.92,5.96,2,310.23,21 / 23,2157209,2019-09-06 19:56:02:952,0.7008,-0.5176,10.0105,-0.0053,-0.0079,9.8065,-0.0173,0.0051,-0.0024,2.06,-37.81,-4.75,173.86,-80.33,-171.54
52.41228,-1.548304,147.92,5.96,2,310.23,21 / 23,2157309,2019-09-06 19:56:03:052,0.0513,0.0757,9.4832,-0.0007,-0.0081,9.8066,0.0394,-0.0376,0.0102,1.94,-37.25,-5,173.67,-80.32,-171.76
52.412872,-1.549115,147.63,12.49,3,328.23,20 / 22,2157409,2019-09-06 19:56:03:152,0.0613,0.2849,9.8678,-0.0012,0.0032,9.8066,-0.0329,-0.0282,0.0163,1.75,-37.37,-4.75,173.65,-80.24,-171.85
52.412872,-1.549115,147.63,12.49,3,328.23,20 / 22,2157510,2019-09-06 19:56:03:253,0.0939,0.7707,10.0322,0.0008,0.0167,9.8066,0.0116,-0.0078,-0.0119,1.31,-37.25,-4.87,178.37,-80.09,-172.32
52.412872,-1.549115,147.63,12.49,3,328.23,20 / 22,2157609,2019-09-06 19:56:03:352,0.2531,-0.3831,9.6276,-0.0027,0.0011,9.8066,-0.0331,-0.0231,0.0113,1.19,-37.06,-4.37,177.42,-80.11,-172.49
52.412872,-1.549115,147.63,12.49,3,328.23,20 / 22,2157710,2019-09-06 19:56:03:453,0.208,-0.9032,9.9549,-0.0004,0.0055,9.8066,-0.0924,-0.0114,0.0069,1.25,-37.06,-4.56,178.44,-80.04,-172.18
52.412872,-1.549115,147.63,12.49,3,328.23,20 / 22,2157809,2019-09-06 19:56:03:552,0.0854,-0.2882,9.7458,0.0063,0.0074,9.8066,0.0706,-0.0265,0.0164,1.44,-37.44,-4.44,177.72,-79.97,-171.78
52.412872,-1.549115,147.63,12.49,3,328.23,20 / 22,2157910,2019-09-06 19:56:03:653,0.7455,-0.2063,10.3276,0.0088,0.0041,9.8065,0.0516,-0.0811,0.0424,1.44,-37.75,-4,178.06,-79.86,-171.02
52.412872,-1.549115,147.63,12.49,3,328.23,20 / 22,2158010,2019-09-06 19:56:03:753,0.2307,-0.9617,9.7051,-0.0092,0.0003,9.8066,0.0359,-0.0548,0.0349,1.31,-37.25,-4.56,178.93,-79.84,-171.12
52.412872,-1.549115,147.63,12.49,3,328.23,20 / 22,2158109,2019-09-06 19:56:03:852,0.0237,-0.1209,9.6249,-0.0017,-0.0046,9.8066,0.064,0.0288,-0.0331,1.19,-37.75,-4.94,178.82,-79.73,-171.41
52.412872,-1.549115,147.63,12.49,3,328.23,20 / 22,2158210,2019-09-06 19:56:03:953,0.0702,0.5536,9.5367,-0.0009,0.0051,9.8066,-0.0014,-0.0052,-0.0054,1.25,-37.44,-4.62,178.69,-79.66,-171.69
52.412872,-1.549115,147.63,12.49,3,328.23,20 / 22,2158310,2019-09-06 19:56:04:053,-0.5356,-0.128,9.3826,0.0008,-0.0063,9.8066,-0.0716,0.0245,0.009,1.81,-37.06,-4.94,173.89,-79.7,-171.73
52.412872,-1.549115,147.63,12.49,3,328.23,19 / 22,2158410,2019-09-06 19:56:04:153,0.2999,-0.1599,9.8089,0.0081,0.0067,9.8065,-0.0808,-0.0247,-0.022,1.56,-36.94,-4,172.53,-79.95,-171.63
52.412872,-1.549115,147.63,12.49,3,328.23,19 / 22,2158509,2019-09-06 19:56:04:252,0.4491,-0.4666,10.0143,-0.0056,0.0088,9.8066,-0.0229,-0.0159,-0.0489,1,-37.12,-4.56,178.9,-79.95,-171.16
52.412872,-1.549115,147.63,12.49,3,328.23,19 / 22,2158610,2019-09-06 19:56:04:353,0.3593,-0.6661,10.2734,-0.0081,0.0117,9.8066,0.0018,-0.0363,0.0405,1.56,-37.5,-4,172.56,-79.84,-171.65
52.412872,-1.549115,147.63,12.49,3,328.23,19 / 22,2158709,2019-09-06 19:56:04:452,-0.0354,-0.2748,10.3334,-0.0039,0.0075,9.8065,0.0445,-0.0188,-0.0418,1.38,-37.06,-4.37,177.51,-79.63,-172.43
52.412872,-1.549115,147.63,12.49,3,328.23,19 / 22,2158810,2019-09-06 19:56:04:553,-0.5276,-0.5332,9.4521,-0.0029,-0.0145,9.8066,0.0436,0.0509,0.0023,0.81,-37.56,-4.5,177.42,-79.51,-172.83
52.412872,-1.549115,147.63,12.49,3,328.23,19 / 22,2158910,2019-09-06 19:56:04:653,0.6475,0.0259,9.7167,-0.0014,-0.0153,9.8065,-0.0356,-0.0028,0.0369,1.06,-38,-4.62,178.13,-79.54,-173.07
52.412872,-1.549115,147.63,12.49,3,328.23,19 / 22,2159009,2019-09-06 19:56:04:752,0.6254,-0.2571,10.0914,0.0117,-0.0353,9.8065,-0.0068,-0.0045,0.0169,1.81,-37.19,-4.62,173.26,-79.86,-173
52.412872,-1.549115,147.63,12.49,3,328.23,19 / 22,2159109,2019-09-06 19:56:04:852,0.4483,-0.3598,10.3053,-0.0029,0.0121,9.8065,0.08,-0.0159,-0.054,2.06,-37.06,-4.44,171.99,-79.77,-173.14
52.412872,-1.549115,147.63,12.49,3,328.23,19 / 22,2159209,2019-09-06 19:56:04:952,-0.709,-0.077,9.8187,-0.0122,0.0071,9.8066,0.0591,-0.0439,0.0741,1.69,-37.87,-4.62,173.07,-79.61,-173.85
52.412872,-1.549115,147.63,12.49,3,328.23,19 / 22,2159310,2019-09-06 19:56:05:053,-0.2456,1.1993,9.7677,0.0027,0.005,9.8066,0.0441,0.0515,-0.0172,1.75,-38.19,-4.56,173.21,-79.46,-173.65
52.412872,-1.549115,147.63,12.49,3,328.23,21 / 23,2159409,2019-09-06 19:56:05:152,1.5443,0.143,10.1965,0.0093,0.0051,9.8066,-0.1229,0.0742,-0.0846,1.69,-37.75,-4.69,173.31,-79.54,-173.37
52.412872,-1.549115,147.63,12.49,3,328.23,21 / 23,2159510,2019-09-06 19:56:05:253,0.5169,-0.7105,9.8621,-0.0051,-0.0271,9.8066,0.026,-0.0452,0.0609,1.31,-37.5,-4.25,177.13,-79.7,-173.41
52.412872,-1.549115,147.63,12.49,3,328.23,21 / 23,2159609,2019-09-06 19:56:05:352,-0.5798,-0.6106,9.7773,0.0062,-0.0189,9.8066,-0.0332,-0.0849,0.0213,1.88,-37.31,-4.62,173.08,-79.86,-173.39
52.412872,-1.549115,147.63,12.49,3,328.23,21 / 23,2159710,2019-09-06 19:56:05:453,0.6784,0.6498,10.6527,0.0002,0.023,9.8065,0.0257,0.0037,-0.0829,1.31,-37.44,-4.31,177.13,-79.67,-173.41
52.412872,-1.549115,147.63,12.49,3,328.23,21 / 23,2159810,2019-09-06 19:56:05:553,-0.0467,-0.5264,9.9745,-0.0083,0.0201,9.8066,-0.0486,-0.0345,0.0063,1.38,-37.62,-4.31,177.01,-79.6,-173.89
52.412872,-1.549115,147.63,12.49,3,328.23,21 / 23,2159910,2019-09-06 19:56:05:653,0.1943,-0.3782,9.2243,-0.0034,0.0117,9.8066,-0.0914,0.0245,0.0546,1.38,-37,-4,176.9,-79.53,-174.07
52.412872,-1.549115,147.63,12.49,3,328.23,21 / 23,2160010,2019-09-06 19:56:05:753,0.5463,1.7365,10.069,0.0062,-0.0228,9.8066,-0.0658,-0.0123,-0.074,1.69,-37.25,-4.62,172.96,-79.71,-173.78
52.412872,-1.549115,147.63,12.49,3,328.23,21 / 23,2160110,2019-09-06 19:56:05:853,0.5152,-1.8655,8.936,-0.0172,0.0264,9.8066,-0.1155,-0.116,-0.0453,1.56,-36.87,-4.62,173.37,-79.76,-172.83
52.412872,-1.549115,147.63,12.49,3,328.23,21 / 23,2160210,2019-09-06 19:56:05:953,-0.0749,-0.2963,9.0899,-0.0008,0.0348,9.8066,0.0477,-0.0316,0.0025,1.38,-37.69,-4.69,178,-79.5,-173.37
52.412872,-1.549115,147.63,12.49,3,328.23,21 / 23,2160311,2019-09-06 19:56:06:054,1.1793,-1.3971,9.9448,0.0098,-0.0429,9.8065,0.1655,0.0319,0.0593,1.63,-37.62,-4.37,172.01,-79.71,-173.46
52.412872,-1.549115,147.63,12.49,3,328.23,20 / 22,2160410,2019-09-06 19:56:06:153,-0.0658,-0.2105,9.4981,0.0045,0.0158,9.8066,-0.0509,-0.0821,0.0485,1.88,-37.75,-4.06,172.13,-79.6,-173.29
52.412872,-1.549115,147.63,12.49,3,328.23,20 / 22,2160509,2019-09-06 19:56:06:252,-0.9394,0.962,9.0934,0.009,0.0015,9.8066,-0.0033,0.0082,-0.0191,1.13,-37.31,-4.5,177.59,-79.47,-172.29
52.412872,-1.549115,147.63,12.49,3,328.23,20 / 22,2160610,2019-09-06 19:56:06:353,0.6203,0.0557,9.3618,0.0055,-0.0061,9.8066,0.1163,-0.0046,0.0425,0.81,-37.56,-4.12,177.8,-79.46,-171.84
52.412872,-1.549115,147.63,12.49,3,328.23,20 / 22,2160710,2019-09-06 19:56:06:453,1.3685,-3.6483,9.4847,0.0058,-0.0284,9.8065,-0.0382,-0.0402,-0.0033,1.13,-37.62,-4.69,178.86,-79.44,-171.37
52.412872,-1.549115,147.63,12.49,3,328.23,20 / 22,2160810,2019-09-06 19:56:06:553,0.5018,-0.0707,9.3787,-0.0069,0.001,9.8066,0.1684,-0.0239,-0.0474,1.56,-37.31,-4.37,172.55,-79.5,-172.03
52.412872,-1.549115,147.63,12.49,3,328.23,20 / 22,2160910,2019-09-06 19:56:06:653,-0.4747,0.1183,9.6541,0.0021,-0.0266,9.8065,0.0467,0.0136,-0.0415,1.38,-37.12,-5.06,178.27,-79.64,-172.65
52.412872,-1.549115,147.63,12.49,3,328.23,20 / 22,2161010,2019-09-06 19:56:06:753,-0.7469,-0.5157,10.0937,-0.0021,-0.0496,9.8064,0.0568,-0.032,0.0287,1.56,-37.44,-5.06,173.22,-79.73,-173.19
52.412872,-1.549115,147.63,12.49,3,328.23,20 / 22,2161110,2019-09-06 19:56:06:853,0.9816,-0.6363,9.9378,0.0094,-0.0181,9.8065,0.1277,-0.0547,0.0198,0.94,-37.69,-4.62,178.18,-79.74,-172.9
52.412872,-1.549115,147.63,12.49,3,328.23,20 / 22,2161209,2019-09-06 19:56:06:952,0.5317,-0.2278,9.9688,0.0074,-0.0348,9.8065,-0.0139,-0.0187,-0.002,1.44,-37.37,-4.94,178.27,-79.81,-172.61
52.412872,-1.549115,147.63,12.49,3,328.23,20 / 22,2161310,2019-09-06 19:56:07:053,0.1878,-0.2498,9.3021,-0.0085,0.0306,9.8065,-0.0849,-0.0203,0.0321,1.19,-36.87,-5.25,178.24,-79.83,-172.68
52.412872,-1.549115,147.63,12.49,3,328.23,21 / 23,2161410,2019-09-06 19:56:07:153,0.4657,-0.4384,10.1773,-0.0032,0.008,9.8066,0.0786,-0.0012,-0.0003,1.25,-37,-4.81,178.11,-79.65,-173.01
52.412872,-1.549115,147.63,12.49,3,328.23,21 / 23,2161510,2019-09-06 19:56:07:253,0.0512,1.2469,10.2847,-0.0133,0.0087,9.8066,0.0837,-0.0562,-0.0044,1.44,-37.37,-4.75,177.71,-79.61,-173.94
52.412872,-1.549115,147.63,12.49,3,328.23,21 / 23,2161609,2019-09-06 19:56:07:352,0.7135,-0.7312,9.1087,0.0029,-0.0098,9.8066,-0.1658,-0.0374,-0.0147,1.69,-37.31,-4.5,171.63,-79.78,-174.01
52.412872,-1.549115,147.63,12.49,3,328.23,21 / 23,2161709,2019-09-06 19:56:07:452,0.0093,-1.6948,9.2649,-0.0019,-0.0205,9.8066,-0.1142,0.0019,0.0168,1.13,-36.69,-4.5,176.81,-79.95,-174.09
52.412872,-1.549115,147.63,12.49,3,328.23,21 / 23,2161810,2019-09-06 19:56:07:553,1.0245,-0.0227,9.9195,-0.0074,-0.012,9.8066,0.0564,-0.0457,-0.0376,1.63,-37.19,-5.31,172.54,-79.94,-174.5
52.412872,-1.549115,147.63,12.49,3,328.23,21 / 23,2161910,2019-09-06 19:56:07:653,1.2076,-2.2377,10.7386,0.0029,0.0129,9.8066,0.001,-0.0471,-0.0115,1.38,-36.75,-4.81,177.55,-79.71,-174.27
52.412872,-1.549115,147.63,12.49,3,328.23,21 / 23,2162010,2019-09-06 19:56:07:753,0.9753,-0.0912,10.5605,-0.0008,-0.031,9.8065,-0.0472,-0.0384,-0.0167,1.81,-36.87,-5.62,173.64,-79.61,-174.54
52.412872,-1.549115,147.63,12.49,3,328.23,21 / 23,2162110,2019-09-06 19:56:07:853,0.5298,0.2412,9.974,-0.0061,0.0227,9.8066,-0.03,-0.0505,-0.0338,1.75,-36.81,-5.19,172.63,-79.48,-174.71
52.412872,-1.549115,147.63,12.49,3,328.23,21 / 23,2162209,2019-09-06 19:56:07:952,0.2311,1.7486,9.5453,0.0073,-0.0147,9.8066,0.0004,-0.0472,0.0445,1.19,-37,-5.12,177.43,-79.56,-174.6
52.412872,-1.549115,147.63,12.49,3,328.23,21 / 23,2162309,2019-09-06 19:56:08:052,0.1546,-1.8262,8.981,0.0042,-0.0167,9.8065,0.0277,-0.0342,-0.0191,1.06,-37.5,-4.69,177.86,-79.79,-173.54
52.412872,-1.549115,147.63,12.49,3,328.23,20 / 22,2162409,2019-09-06 19:56:08:152,1.2406,-0.1028,9.6088,0.0157,-0.0202,9.8065,-0.1175,-0.0215,-0.0472,0.81,-38.12,-5.87,178.81,-79.81,-173.01
52.412872,-1.549115,147.63,12.49,3,328.23,20 / 22,2162510,2019-09-06 19:56:08:253,0.9022,-1.3795,10.426,-0.0106,0.0354,9.8065,-0.1265,-0.0575,0.0731,0.94,-36.94,-5.25,178.23,-79.63,-172.75
52.412872,-1.549115,147.63,12.49,3,328.23,20 / 22,2162610,2019-09-06 19:56:08:353,0.4623,-0.3583,9.7712,-0.0065,0.0343,9.8065,0.1164,0.0219,-0.0076,0.75,-37.69,-4.69,178.14,-79.28,-173.09
52.412872,-1.549115,147.63,12.49,3,328.23,20 / 22,2162710,2019-09-06 19:56:08:453,1.1036,-0.0474,9.647,0.0057,-0.0308,9.8065,0.0663,-0.0322,0.0729,0.69,-37.62,-4.69,178.26,-79.25,-172.81
52.412872,-1.549115,147.63,12.49,3,328.23,20 / 22,2162810,2019-09-06 19:56:08:553,1.2573,-0.8179,9.0833,0.0187,-0.034,9.8065,-0.1744,0.0025,-0.0548,0.88,-37.69,-4.69,178.49,-79.42,-172.24
52.412872,-1.549115,147.63,12.49,3,328.23,20 / 22,2162910,2019-09-06 19:56:08:653,0.1096,-1.4276,9.5271,-0.0055,0.0073,9.8066,-0.1026,-0.0326,-0.0463,0.44,-37.37,-5.25,183.11,-79.73,-172.82
52.412872,-1.549115,147.63,12.49,3,328.23,20 / 22,2163010,2019-09-06 19:56:08:753,0.2324,-0.8602,9.7919,-0.0204,0.0195,9.8065,0.1366,-0.0354,-0.0283,1.06,-37.06,-5.5,177.84,-79.73,-173.61
52.412872,-1.549115,147.63,12.49,3,328.23,20 / 22,2163110,2019-09-06 19:56:08:853,-0.3248,0.5632,9.9311,-0.0081,-0.0055,9.8066,0.1327,-0.0263,-0.0146,0.88,-37.5,-5.19,177.62,-79.53,-174.18
52.412872,-1.549115,147.63,12.49,3,328.23,20 / 22,2163209,2019-09-06 19:56:08:952,-0.6687,-0.377,10.0064,0.0027,0.001,9.8066,-0.0512,-0.0678,0.0557,0.69,-37.5,-5.19,177.49,-79.32,-174.52
52.412872,-1.549115,147.63,12.49,3,328.23,20 / 22,2163310,2019-09-06 19:56:09:053,0.6056,-0.0501,9.8932,0.0151,0.0067,9.8066,-0.0786,0.0283,-0.0141,0.94,-37.5,-5.69,178.37,-79.39,-173.96
52.412872,-1.549115,147.63,12.49,3,328.23,20 / 22,2163410,2019-09-06 19:56:09:153,0.3253,0.4187,9.6065,-0.0045,-0.0035,9.8066,0.0153,0.0168,0.0011,1.06,-37,-5.37,177.71,-79.57,-173.95
52.412872,-1.549115,147.63,12.49,3,328.23,20 / 22,2163509,2019-09-06 19:56:09:252,-0.3866,-0.2928,9.646,-0.0046,-0.0372,9.8066,0.0999,-0.0324,-0.031,1.25,-37,-5.5,177.59,-79.91,-174.13
52.412872,-1.549115,147.63,12.49,3,328.23,20 / 22,2163610,2019-09-06 19:56:09:353,0.0353,0.5872,9.798,-0.0014,-0.0326,9.8065,-0.1099,-0.0528,-0.0069,0.88,-37.06,-5.87,178.12,-79.88,-174.4
52.412872,-1.549115,147.63,12.49,3,328.23,20 / 22,2163709,2019-09-06 19:56:09:452,-0.2876,-0.1792,9.5279,-0.0065,0.0306,9.8066,-0.0221,0.029,-0.0242,0.56,-37.19,-5.37,177.28,-79.82,-174.86
52.412872,-1.549115,147.63,12.49,3,328.23,20 / 22,2163810,2019-09-06 19:56:09:553,-0.6068,-0.0341,9.9634,0.0052,-0.0072,9.8065,-0.1847,-0.0483,0.0889,0.44,-37.81,-5.5,182.1,-79.84,-175.12
52.412872,-1.549115,147.63,12.49,3,328.23,20 / 22,2163910,2019-09-06 19:56:09:653,-0.5807,-0.4625,9.4659,-0.0113,0.0321,9.8065,-0.4204,0.1194,-0.0666,0.69,-37.62,-6.06,177.63,-79.84,-175.49
52.412872,-1.549115,147.63,12.49,3,328.23,20 / 22,2164010,2019-09-06 19:56:09:753,-0.9811,-1.2656,9.441,-0.0263,0.1177,9.8059,0.3575,-0.0406,-0.0424,0.88,-37.81,-5.56,177.29,-79.55,-176.28
52.412872,-1.549115,147.63,12.49,3,328.23,20 / 22,2164110,2019-09-06 19:56:09:853,0.9028,0.1257,8.6071,0.0144,-0.1164,9.8059,0.209,-0.0998,0.0265,0.75,-37.69,-4.75,177.1,-79.93,-175.33
52.412872,-1.549115,147.63,12.49,3,328.23,20 / 22,2164210,2019-09-06 19:56:09:953,-0.3061,0.3817,9.9383,0.0383,-0.074,9.8062,-0.0467,-0.0343,0.0049,0.19,-38.31,-5,182.43,-79.79,-174.34
52.412872,-1.549115,147.63,12.49,3,328.23,20 / 22,2164310,2019-09-06 19:56:10:053,0.189,-0.3779,9.5193,0.0077,0.0187,9.8066,0.0234,-0.0032,-0.0273,0.69,-37.69,-5.12,177.56,-79.71,-174.35
52.412872,-1.549115,147.63,12.49,3,328.23,20 / 22,2164410,2019-09-06 19:56:10:153,0.4118,-1.7233,10.1058,-0.0013,-0.0022,9.8066,0.0489,-0.0272,0.0156,0.88,-37.94,-4.94,177.46,-79.83,-174.53
52.412872,-1.549115,147.63,12.49,3,328.23,20 / 22,2164509,2019-09-06 19:56:10:252,-0.6728,-0.4708,9.3127,-0.0081,-0.004,9.8066,-0.0216,-0.0385,-0.0715,0.69,-37.81,-5,177.36,-79.82,-174.77
52.412872,-1.549115,147.63,12.49,3,328.23,20 / 22,2164609,2019-09-06 19:56:10:352,0.6223,-1.454,10.2555,0.0007,0.0333,9.8065,0.1068,-0.0493,0.0114,0.75,-38.25,-5.81,177.96,-79.66,-174.83
52.412872,-1.549115,147.63,12.49,3,328.23,20 / 22,2164710,2019-09-06 19:56:10:453,-0.6556,-0.4629,9.7706,-0.0008,-0.0016,9.8066,0.0622,0.0277,0.0371,0.31,-38,-6.37,182.38,-79.71,-174.96
52.412872,-1.549115,147.63,12.49,3,328.23,20 / 22,2164810,2019-09-06 19:56:10:553,0.8115,0.8631,9.7251,0.0169,0.0077,9.8066,-0.0115,0.0531,0.015,0.88,-37.69,-6.12,178.2,-79.75,-174.3
52.412872,-1.549115,147.63,12.49,3,328.23,20 / 22,2164910,2019-09-06 19:56:10:653,-1.1542,-0.1217,9.6016,0.0084,-0.0256,9.8065,-0.0047,-0.1357,0.0916,0.44,-37.75,-5.06,182.82,-79.89,-173.45
52.412872,-1.549115,147.63,12.49,3,328.23,20 / 22,2165010,2019-09-06 19:56:10:753,1.1928,0.6844,9.6489,0.0143,-0.0289,9.8065,-0.0163,-0.0448,0.0239,0.06,-37,-5.31,183.37,-79.92,-172.32
52.412872,-1.549115,147.63,12.49,3,328.23,20 / 22,2165111,2019-09-06 19:56:10:854,-0.3821,-0.6354,9.5986,0.0071,0.002,9.8066,0.0162,-0.0006,-0.0284,0.31,-37.5,-5.31,183.31,-79.86,-172.44
52.412872,-1.549115,147.63,12.49,3,328.23,20 / 22,2165210,2019-09-06 19:56:10:953,0.2202,0.5186,10.3775,-0.01,0.0104,9.8066,0.0087,0.056,-0.0018,0.56,-37.37,-5.25,178.16,-79.8,-172.87
52.412872,-1.549115,147.63,12.49,3,328.23,20 / 22,2165310,2019-09-06 19:56:11:053,-0.6369,-0.1051,9.9096,-0.0027,0.0027,9.8066,0.0175,-0.0323,0.0653,1.31,-38,-5.19,177.95,-79.85,-173.41
52.412872,-1.549115,147.63,12.49,3,328.23,21 / 23,2165409,2019-09-06 19:56:11:152,-0.6662,-0.5437,9.287,-0.0037,0.0047,9.8066,0.0397,-0.0293,0.077,0.88,-37.94,-5.94,178.74,-79.87,-173.16
52.412872,-1.549115,147.63,12.49,3,328.23,21 / 23,2165510,2019-09-06 19:56:11:253,-0.4785,-2.8828,10.0464,0.013,-0.0361,9.8065,0.0958,-0.0249,0.0127,0.88,-37.5,-5.69,178.77,-80.28,-173.01
52.412872,-1.549115,147.63,12.49,3,328.23,21 / 23,2165611,2019-09-06 19:56:11:354,0.1132,-0.4092,9.9843,-0.0008,0.0058,9.8066,0.0058,-0.1003,0.0479,0.25,-38.25,-5.56,183.5,-80.22,-172.78
52.412872,-1.549115,147.63,12.49,3,328.23,21 / 23,2165709,2019-09-06 19:56:11:452,-0.8828,-0.8554,9.7328,0.0092,-0.0114,9.8065,-0.0247,0.1236,-0.0897,0.19,-37.37,-5.75,183.5,-80.07,-172.84
52.412872,-1.549115,147.63,12.49,3,328.23,21 / 23,2165809,2019-09-06 19:56:11:552,1.232,-0.4948,9.9819,0.002,-0.0022,9.8066,-0.0178,0.048,-0.0648,0.75,-37.75,-5.62,178.8,-80.06,-173.01
52.412872,-1.549115,147.63,12.49,3,328.23,21 / 23,2165909,2019-09-06 19:56:11:652,-1.0942,-0.6854,9.7492,-0.0001,-0.0142,9.8066,0.1311,-0.1551,0.0716,-0.12,-38.12,-5.06,183.22,-80.01,-172.59
52.412872,-1.549115,147.63,12.49,3,328.23,21 / 23,2166009,2019-09-06 19:56:11:752,-0.2839,-0.4089,10.2579,0.0054,-0.03,9.8066,-0.0364,-0.0348,0.0174,0.25,-38.5,-5.69,183.81,-80.06,-172.09
52.412872,-1.549115,147.63,12.49,3,328.23,21 / 23,2166109,2019-09-06 19:56:11:852,0.0668,-0.7085,10.0757,-0.0038,0.0027,9.8066,-0.0763,-0.0086,-0.033,0,-38.31,-5.5,183.44,-80.11,-172.12
52.412872,-1.549115,147.63,12.49,3,328.23,21 / 23,2166210,2019-09-06 19:56:11:953,0.0576,-0.2139,9.885,-0.0074,0.0109,9.8066,0.0432,0.0322,0.0294,0,-37.87,-5.44,183.17,-80.04,-172.7
52.412872,-1.549115,147.63,12.49,3,328.23,21 / 23,2166310,2019-09-06 19:56:12:053,0.0575,-0.6418,10.3966,0.0175,-0.0151,9.8066,0.2113,-0.0368,0.0311,0.38,-38,-5.44,182.89,-80.01,-173.33
52.41388,-1.55,149.08,14.72,2,334.92,21 / 23,2166410,2019-09-06 19:56:12:153,-2.4304,-2.7452,8.2088,0.0229,-0.0551,9.8064,-0.1739,-0.1006,-0.047,0.63,-37.44,-5.37,178.22,-79.86,-172.73
52.41388,-1.55,149.08,14.72,2,334.92,21 / 23,2166509,2019-09-06 19:56:12:252,-0.8973,-0.75,8.3467,-0.0047,-0.0576,9.8065,-0.1761,0.0203,-0.0359,0.56,-37.62,-5.94,179.16,-80.13,-172.26
52.41388,-1.55,149.08,14.72,2,334.92,21 / 23,2166610,2019-09-06 19:56:12:353,1.2487,-0.3476,8.8971,-0.0298,-0.0159,9.8066,0.3366,0.1599,-0.1092,0.38,-37.62,-5.94,182.98,-80.09,-173.81
52.41388,-1.55,149.08,14.72,2,334.92,21 / 23,2166710,2019-09-06 19:56:12:453,-0.4371,-2.3188,10.0222,-0.0072,-0.0527,9.8064,0.2911,0.1685,0.0082,0.38,-37.69,-5.87,182.54,-80.1,-174.72
52.41388,-1.55,149.08,14.72,2,334.92,21 / 23,2166810,2019-09-06 19:56:12:553,1.2575,0.1066,9.219,0.0068,-0.082,9.8063,-0.0596,-0.0561,-0.1508,1,-37.75,-6.31,177.58,-80.71,-175.36
52.41388,-1.55,149.08,14.72,2,334.92,21 / 23,2166910,2019-09-06 19:56:12:653,5.1141,4.4815,10.7921,-0.0417,0.0001,9.8065,0.115,-0.2192,0.2368,0,-37.31,-6.12,182.71,-80.35,-174.52
52.41388,-1.55,149.08,14.72,2,334.92,21 / 23,2167010,2019-09-06 19:56:12:753,2.3573,-1.2532,10.4804,0.035,-0.0075,9.8065,-0.1394,0.0766,-0.1646,0,-38.12,-5.37,182.36,-80.37,-174.66
52.41388,-1.55,149.08,14.72,2,334.92,21 / 23,2167109,2019-09-06 19:56:12:852,1.7037,1.7038,10.154,-0.0388,0.0599,9.8063,-0.1387,-0.1345,0.0692,0.63,-37.81,-5.87,177.32,-79.87,-176.12
52.41388,-1.55,149.08,14.72,2,334.92,21 / 23,2167210,2019-09-06 19:56:12:953,0.2587,0.5601,9.6109,-0.0245,0.0775,9.8062,-0.0163,-0.0042,-0.0569,0.19,-37.81,-6.12,181.39,-79.88,-177.09
52.41388,-1.55,149.08,14.72,2,334.92,21 / 23,2167310,2019-09-06 19:56:13:053,1.3224,-1.0403,10.1285,-0.0043,-0.0254,9.8066,0.1576,0.01,-0.0957,0.56,-37.81,-6,176.57,-80,-177.64
52.41388,-1.55,149.08,14.72,2,334.92,20 / 22,2167410,2019-09-06 19:56:13:153,1.1827,-0.7808,9.6015,0.0154,0.0107,9.8066,-0.0084,-0.115,0.1615,0.44,-37.62,-5.87,181.2,-80.04,-177.51
52.41388,-1.55,149.08,14.72,2,334.92,20 / 22,2167509,2019-09-06 19:56:13:252,-0.5409,1.8209,9.3426,0.0105,-0.042,9.8065,0.1129,-0.0469,0.0113,-0.25,-38.12,-5.81,181.78,-80.15,-176.31
52.41388,-1.55,149.08,14.72,2,334.92,20 / 22,2167610,2019-09-06 19:56:13:353,3.5489,0.1497,11.1252,0.0268,0.0171,9.8065,0.0706,-0.2864,0.1286,-0.06,-38.56,-6.06,182.28,-80.07,-175.2
52.41388,-1.55,149.08,14.72,2,334.92,20 / 22,2167709,2019-09-06 19:56:13:452,1.3195,0.2591,10.4381,0.007,0.0158,9.8065,-0.0442,0.0171,0.1142,-0.25,-37.87,-5.75,182.73,-80.04,-174.33
52.41388,-1.55,149.08,14.72,2,334.92,20 / 22,2167809,2019-09-06 19:56:13:552,-1.5385,-0.3741,9.3325,0.0015,0.0054,9.8066,-0.1118,0.1746,-0.1878,-0.31,-38,-5.94,183.16,-79.97,-173.41
52.41388,-1.55,149.08,14.72,2,334.92,20 / 22,2167909,2019-09-06 19:56:13:652,-0.9032,-0.5222,10.1046,0.0132,0.002,9.8066,0.0594,-0.0816,0.0478,0,-37.87,-6.69,182.8,-80.18,-174.66
52.41388,-1.55,149.08,14.72,2,334.92,20 / 22,2168010,2019-09-06 19:56:13:753,-1.2253,-1.6547,10.3227,-0.0097,-0.0406,9.8065,0.03,0.039,-0.0664,-0.44,-38,-6.31,182.63,-80.44,-174.65
52.41388,-1.55,149.08,14.72,2,334.92,20 / 22,2168110,2019-09-06 19:56:13:853,1.7575,-0.8485,10.8457,-0.0097,0.0004,9.8066,-0.2616,0.0784,-0.0124,-0.37,-37.44,-6.25,182.7,-80.41,-174.56
52.41388,-1.55,149.08,14.72,2,334.92,20 / 22,2168210,2019-09-06 19:56:13:953,0.0843,0.9776,8.851,0.0026,0.0191,9.8066,0.1601,-0.0553,0.0578,-0.87,-38.12,-6,187.38,-80.32,-174.43
52.41388,-1.55,149.08,14.72,2,334.92,20 / 22,2168311,2019-09-06 19:56:14:054,0.0476,1.248,10.2647,-0.0111,0.086,9.8062,-0.2534,-0.0827,-0.0497,-0.37,-37.94,-6.06,182.97,-80.38,-173.92
52.41388,-1.55,149.08,14.72,2,334.92,21 / 23,2168410,2019-09-06 19:56:14:153,0.579,-0.66,9.6252,-0.01,0.0104,9.8066,0.1289,-0.0153,-0.0185,-0.44,-37.56,-6.56,183.1,-80.1,-174.06
52.41388,-1.55,149.08,14.72,2,334.92,21 / 23,2168509,2019-09-06 19:56:14:252,1.4027,-0.2364,10.4021,-0.0105,0.0089,9.8066,0.0962,-0.08,0.0425,-0.5,-38.19,-6.37,182.39,-80.03,-175.02
52.41388,-1.55,149.08,14.72,2,334.92,21 / 23,2168610,2019-09-06 19:56:14:353,1.5823,-0.3128,10.132,-0.0142,0.0073,9.8066,-0.0629,0.0381,-0.1119,-0.06,-37.94,-5.94,181.8,-80.12,-176.26
52.41388,-1.55,149.08,14.72,2,334.92,21 / 23,2168710,2019-09-06 19:56:14:453,1.0233,0.572,9.6381,0.004,-0.0026,9.8066,0.0604,-0.0987,0.106,-0.12,-38,-5.75,182,-80.13,-175.86
52.41388,-1.55,149.08,14.72,2,334.92,21 / 23,2168810,2019-09-06 19:56:14:553,0.7907,-1.3974,9.7551,0.0001,-0.0101,9.8066,0.0144,-0.0286,-0.0363,-0.44,-37.75,-6.12,181.98,-80.11,-175.9
52.41388,-1.55,149.08,14.72,2,334.92,21 / 23,2168910,2019-09-06 19:56:14:653,-1.4252,1.0953,9.3434,-0.0002,0.042,9.8065,0.0565,0.0832,-0.0103,-0.19,-38,-6.25,182.11,-80.2,-175.64
52.41388,-1.55,149.08,14.72,2,334.92,21 / 23,2169009,2019-09-06 19:56:14:752,0.1395,1.6181,9.0998,-0.0127,0.0324,9.8065,-0.2384,-0.0957,-0.0713,-0.06,-37.87,-6.25,181.95,-79.96,-175.92
52.41388,-1.55,149.08,14.72,2,334.92,21 / 23,2169110,2019-09-06 19:56:14:853,0.5617,0.6337,10.2993,-0.0121,0.0482,9.8065,-0.0583,-0.0831,-0.0319,-0.37,-37.94,-6.37,181.57,-80.04,-176.74
52.41388,-1.55,149.08,14.72,2,334.92,21 / 23,2169210,2019-09-06 19:56:14:953,1.8435,-0.4835,9.0934,-0.0046,0.0059,9.8066,0.0186,0.0693,0.0061,-0.19,-37.44,-6.19,181.37,-80.18,-177.2
52.41388,-1.55,149.08,14.72,2,334.92,21 / 23,2169310,2019-09-06 19:56:15:053,0.8192,-0.7944,9.8196,-0.0078,0.0252,9.8066,-0.0931,-0.1204,0.0318,-0.06,-38.12,-6.75,181.36,-80.2,-177.4
52.41388,-1.55,149.08,14.72,2,334.92,20 / 22,2169409,2019-09-06 19:56:15:152,-0.4669,0.7294,11.1744,0.0229,-0.0247,9.8065,-0.1063,-0.066,0.0784,-0.44,-37.25,-6.31,181.71,-80.61,-176.59
52.41388,-1.55,149.08,14.72,2,334.92,20 / 22,2169510,2019-09-06 19:56:15:253,-1.4508,0.9208,10.7883,-0.0299,0.0402,9.8064,-0.1269,0.0849,-0.0684,-0.19,-37.62,-6.44,181.4,-80.49,-177.16
52.41388,-1.55,149.08,14.72,2,334.92,20 / 22,2169610,2019-09-06 19:56:15:353,-0.2443,-1.184,9.1843,-0.0156,0.0954,9.8061,-0.0369,-0.0971,0.0382,-0.37,-37.75,-6.5,180.57,-79.74,-178.8
52.41388,-1.55,149.08,14.72,2,334.92,20 / 22,2169710,2019-09-06 19:56:15:453,-0.0331,-1.6365,8.5287,-0.0023,0.0847,9.8062,-0.3033,-0.0241,0.0014,-0.06,-38.62,-6.75,180.69,-79.76,-178.63
52.41388,-1.55,149.08,14.72,2,334.92,20 / 22,2169810,2019-09-06 19:56:15:553,0.326,-1.3038,8.9907,0.0349,-0.0697,9.8063,0.2358,-0.0831,0.1286,-0.75,-38.06,-6.62,185.7,-79.99,-177.19
52.41388,-1.55,149.08,14.72,2,334.92,20 / 22,2169910,2019-09-06 19:56:15:653,-0.0264,1.1392,10.2664,0.0096,-0.0437,9.8065,0.2214,0.022,0.0031,-0.87,-38.06,-6.25,187.32,-80.46,-174.67
52.41388,-1.55,149.08,14.72,2,334.92,20 / 22,2170010,2019-09-06 19:56:15:753,1.4012,-0.2376,10.3736,0.0032,-0.0023,9.8066,0.0121,-0.0089,-0.0206,-0.94,-37.62,-6.31,187.88,-80.35,-173.44
52.41388,-1.55,149.08,14.72,2,334.92,20 / 22,2170110,2019-09-06 19:56:15:853,0.7647,-2.1112,10.9313,0.0001,-0.0033,9.8066,0.1524,0.1602,-0.0975,-0.87,-37.94,-6.31,187.86,-80.29,-173.43
52.41388,-1.55,149.08,14.72,2,334.92,20 / 22,2170210,2019-09-06 19:56:15:953,-0.0011,1.1939,9.7103,-0.0093,0.0414,9.8065,-0.3163,-0.0181,0.0058,-1.06,-37.81,-6.62,187.06,-80.15,-174.68
52.41388,-1.55,149.08,14.72,2,334.92,20 / 22,2170309,2019-09-06 19:56:16:052,1.8946,-0.336,8.9887,-0.0027,0.055,9.8065,-0.3007,-0.1791,0.1522,-1,-37.75,-6.69,186.95,-80.11,-174.88
52.41388,-1.55,149.08,14.72,2,334.92,19 / 22,2170410,2019-09-06 19:56:16:153,-0.3751,-2.439,9.5198,0.0054,-0.0326,9.8066,0.1762,-0.0766,0.01,-0.94,-38.37,-7,186.65,-80.08,-175.43
52.41388,-1.55,149.08,14.72,2,334.92,19 / 22,2170509,2019-09-06 19:56:16:252,0.4427,1.3593,9.7343,-0.0072,-0.0339,9.8065,0.2004,-0.0322,-0.0718,-1.37,-37.69,-6.25,187.1,-80.18,-174.91
52.41388,-1.55,149.08,14.72,2,334.92,19 / 22,2170609,2019-09-06 19:56:16:352,-0.7187,-0.325,9.8589,0.0133,0.0062,9.8065,0.0798,-0.1015,0.0443,-1.12,-37.62,-6.37,187.01,-80.08,-175.01
52.41388,-1.55,149.08,14.72,2,334.92,19 / 22,2170710,2019-09-06 19:56:16:453,-0.1121,-0.29,9.3821,0.0013,-0.0351,9.8065,0.0986,-0.1266,0.1363,-1.25,-37.69,-5.87,187.24,-80.17,-174.6
52.41388,-1.55,149.08,14.72,2,334.92,19 / 22,2170810,2019-09-06 19:56:16:553,-0.7796,1.5262,9.267,-0.0009,0.0048,9.8066,-0.1137,-0.0498,0.063,-1.62,-37.81,-6.5,192,-80.09,-174.18
52.41388,-1.55,149.08,14.72,2,334.92,19 / 22,2170910,2019-09-06 19:56:16:653,0.7594,0.7823,9.3949,0.017,0.0028,9.8066,-0.1855,-0.0479,0.0419,-1.94,-38.31,-6.5,192.53,-80.1,-173.12
52.41388,-1.55,149.08,14.72,2,334.92,19 / 22,2171010,2019-09-06 19:56:16:753,1.5942,-1.4095,9.2789,0.0061,0.0145,9.8065,0.0891,0.0724,-0.0701,-1.69,-37.56,-6.87,192.31,-80.16,-172.84
52.41388,-1.55,149.08,14.72,2,334.92,19 / 22,2171110,2019-09-06 19:56:16:853,1.6045,0.1895,10.3338,0.0098,0.0314,9.8066,0.0744,-0.1353,0.1276,-1.56,-37.81,-6.56,192.41,-80.01,-172.49
52.41388,-1.55,149.08,14.72,2,334.92,19 / 22,2171210,2019-09-06 19:56:16:953,0.7965,0.197,9.9952,0.0098,-0.0154,9.8066,0.0016,0.0312,0.0141,-1.44,-37.87,-6.69,188.2,-80.07,-172.46
52.41388,-1.55,149.08,14.72,2,334.92,19 / 22,2171310,2019-09-06 19:56:17:053,-0.4607,0.3374,9.0093,0.0006,-0.0253,9.8066,-0.0035,-0.0091,0.0642,-1.87,-38.37,-6.12,193.01,-80.02,-172.05
52.41388,-1.55,149.08,14.72,2,334.92,18 / 23,2171410,2019-09-06 19:56:17:153,0.8024,0.4528,10.4932,-0.0102,-0.0202,9.8065,-0.0084,-0.0354,-0.0209,-1.25,-38.44,-6.25,188.15,-80.18,-172.74
52.41388,-1.55,149.08,14.72,2,334.92,18 / 23,2171510,2019-09-06 19:56:17:253,0.0102,-0.4404,10.0773,-0.0093,-0.0207,9.8065,0.0602,-0.0071,-0.0177,-2.12,-37.62,-6.37,192.59,-80.22,-173.16
52.41388,-1.55,149.08,14.72,2,334.92,18 / 23,2171610,2019-09-06 19:56:17:353,0.1814,-0.4835,10.337,-0.0102,0.0271,9.8066,0.038,-0.0537,-0.0608,-1.81,-37.94,-5.69,191.98,-80.07,-174.21
52.41388,-1.55,149.08,14.72,2,334.92,18 / 23,2171710,2019-09-06 19:56:17:453,-0.3484,0.5077,9.6123,0.0125,-0.0188,9.8066,-0.0209,-0.0276,0.0172,-1.12,-38.06,-5.87,186.73,-79.66,-175.29
52.41388,-1.55,149.08,14.72,2,334.92,18 / 23,2171810,2019-09-06 19:56:17:553,-0.2923,-0.706,9.772,0.0133,0.0084,9.8066,0.0551,-0.0022,0.0361,-1.87,-37.94,-6.12,191.63,-79.59,-174.35
52.41388,-1.55,149.08,14.72,2,334.92,18 / 23,2171909,2019-09-06 19:56:17:652,-0.2719,-1.5845,9.8122,0.0115,-0.0081,9.8065,0.1036,0.0467,-0.0397,-1.87,-38.19,-5.94,191.98,-79.74,-173.78
52.41388,-1.55,149.08,14.72,2,334.92,18 / 23,2172010,2019-09-06 19:56:17:753,-0.9611,-1.3466,9.6222,0.0146,0.0249,9.8065,-0.1533,-0.0213,0.0662,-1.75,-37.87,-6.56,192.31,-79.59,-172.23
52.41388,-1.55,149.08,14.72,2,334.92,18 / 23,2172110,2019-09-06 19:56:17:853,0.6187,-1.9256,9.5,0.0155,0.0296,9.8065,-0.1489,-0.0021,0.0363,-2.31,-37.81,-6.62,192.66,-79.64,-171.61
52.41388,-1.55,149.08,14.72,2,334.92,18 / 23,2172209,2019-09-06 19:56:17:952,0.4762,-1.0607,9.2594,0,-0.0431,9.8065,0.153,0.0019,-0.0052,-2.31,-37.87,-6.12,193.56,-79.55,-170.27
52.41388,-1.55,149.08,14.72,2,334.92,18 / 23,2172309,2019-09-06 19:56:18:052,-0.346,-0.2718,9.4829,-0.0059,-0.0372,9.8065,0.0999,-0.1033,-0.0156,-1.25,-37.56,-6.19,189.27,-79.74,-170.01
52.41388,-1.55,149.08,14.72,2,334.92,18 / 21,2172409,2019-09-06 19:56:18:152,0.6866,1.1333,10.9757,-0.0103,0.0189,9.8066,-0.0009,0.1048,-0.0493,-2.5,-37.37,-5.81,193.27,-79.55,-171.28
52.41388,-1.55,149.08,14.72,2,334.92,18 / 21,2172510,2019-09-06 19:56:18:253,-1.139,-1.6213,10.1433,-0.0051,0.0022,9.8066,0.0933,-0.091,0.0581,-1.5,-37.87,-5.5,188.46,-79.55,-171.52
52.41388,-1.55,149.08,14.72,2,334.92,18 / 21,2172610,2019-09-06 19:56:18:353,0.6945,0.1868,9.9838,-0.0102,-0.0043,9.8066,-0.0542,-0.0142,-0.0457,-1.87,-37.25,-6.12,192.12,-79.51,-173.57
52.41388,-1.55,149.08,14.72,2,334.92,18 / 21,2172710,2019-09-06 19:56:18:453,0.4463,-0.2425,9.8592,-0.01,0.0222,9.8066,-0.0125,-0.0635,0.0417,-2.25,-38.06,-5.69,191.87,-79.39,-173.59
52.41388,-1.55,149.08,14.72,2,334.92,18 / 21,2172809,2019-09-06 19:56:18:552,-0.4515,-0.2698,10.5884,-0.0007,0.0295,9.8066,0.0047,0.0923,-0.0031,-1.44,-37.87,-5.25,187.12,-79.35,-174.49
52.41388,-1.55,149.08,14.72,2,334.92,18 / 21,2172910,2019-09-06 19:56:18:653,-0.5734,0.8102,9.6359,0.0088,0.0116,9.8066,0.0508,0.054,0.0867,-1.5,-38.25,-5.44,187.15,-79.11,-174.19
52.41388,-1.55,149.08,14.72,2,334.92,18 / 21,2173010,2019-09-06 19:56:18:753,1.0044,0.603,10.1375,-0.0022,0.0354,9.8065,-0.1295,-0.0331,-0.1028,-1.81,-38.12,-5.19,191.68,-78.93,-174.41
52.41388,-1.55,149.08,14.72,2,334.92,18 / 21,2173110,2019-09-06 19:56:18:853,0.8528,-0.4762,8.6395,0.0075,0.0524,9.8065,-0.2258,0.0229,-0.0096,-1.75,-37.37,-5.19,191.85,-78.78,-174.21
52.41388,-1.55,149.08,14.72,2,334.92,18 / 21,2173210,2019-09-06 19:56:18:953,0.1592,0.9165,9.6352,-0.0339,-0.1045,9.806,0.0937,0.0311,-0.1126,-2.12,-38.12,-5.5,191.79,-79.38,-174.78
52.41388,-1.55,149.08,14.72,2,334.92,18 / 21,2173309,2019-09-06 19:56:19:052,0.7585,0.3095,9.8265,-0.0076,-0.0853,9.8062,0.2246,-0.0107,0.0223,-1.19,-38.37,-5.5,186.75,-79.58,-175.54
52.41388,-1.55,149.08,14.72,2,334.92,17 / 22,2173409,2019-09-06 19:56:19:152,0.2867,0.9754,10.3854,-0.0007,0.0595,9.8064,-0.1662,-0.0205,-0.0385,-2,-38.06,-5.44,191.13,-79.26,-176.15
52.41388,-1.55,149.08,14.72,2,334.92,17 / 22,2173510,2019-09-06 19:56:19:253,-0.6682,-0.4993,8.9394,0.009,-0.0105,9.8066,-0.1226,0.0234,0.0603,-1.69,-38.31,-5,191.13,-79.14,-175.99
52.41388,-1.55,149.08,14.72,2,334.92,17 / 22,2173609,2019-09-06 19:56:19:352,0.2431,-1.8864,9.9438,-0.0028,-0.0088,9.8066,0.3218,0.0064,0.0086,-1.31,-38.5,-5,186.6,-79.04,-175.46
52.41388,-1.55,149.08,14.72,2,334.92,17 / 22,2173709,2019-09-06 19:56:19:452,0.837,-0.937,10.6521,-0.0069,-0.0102,9.8066,0.2265,-0.134,-0.0053,-1.5,-37.81,-5.12,186.39,-78.9,-175.85
52.41388,-1.55,149.08,14.72,2,334.92,17 / 22,2173810,2019-09-06 19:56:19:553,-0.0415,2.1998,10.7497,0.0122,-0.0106,9.8066,0.0119,-0.019,0.0458,-1.25,-37.94,-5.06,186.34,-78.92,-175.99
52.41388,-1.55,149.08,14.72,2,334.92,17 / 22,2173909,2019-09-06 19:56:19:652,-0.0429,0.3201,10.3336,0.0001,-0.0595,9.8064,0.039,-0.0093,0.0382,-1.87,-38,-5.06,191.48,-79.06,-175.05
52.41388,-1.55,149.08,14.72,2,334.92,17 / 22,2174010,2019-09-06 19:56:19:753,-0.304,-1.5753,10.8758,0.009,0.0512,9.8065,-0.0545,-0.0037,0.0831,-2.12,-37.56,-5.31,191.27,-78.74,-175.12
52.41388,-1.55,149.08,14.72,2,334.92,17 / 22,2174110,2019-09-06 19:56:19:853,-0.6991,-1.1704,9.0498,-0.0087,0.0222,9.8066,-0.3129,0.0609,-0.0981,-2.44,-38.19,-4.62,191.2,-78.69,-175.21
52.41388,-1.55,149.08,14.72,2,334.92,17 / 22,2174210,2019-09-06 19:56:19:953,-1.6848,-1.1776,9.4203,0.0132,0.0215,9.8065,0.1804,-0.075,0.1082,-2.06,-37.81,-4.94,191.39,-78.58,-174.59
52.41388,-1.55,149.08,14.72,2,334.92,17 / 22,2174310,2019-09-06 19:56:20:053,-0.2666,-2.5616,8.9062,-0.0044,0.0644,9.8064,-0.0405,0.0216,-0.0904,-2.31,-38.12,-4.94,191.2,-78.52,-174.98
52.41388,-1.55,149.08,14.72,2,334.92,18 / 21,2174409,2019-09-06 19:56:20:152,1.3603,-1.3902,9.5615,0.0056,-0.053,9.8065,0.0304,0.0473,0.0061,-1.81,-38.31,-5.12,191.46,-78.57,-174.41
52.41388,-1.55,149.08,14.72,2,334.92,18 / 21,2174510,2019-09-06 19:56:20:253,-0.8614,-0.0879,10.3405,-0.0018,-0.0469,9.8065,0.0661,0.014,-0.065,-2.31,-38.25,-4.94,191.88,-78.94,-173.94
52.41388,-1.55,149.08,14.72,2,334.92,18 / 21,2174610,2019-09-06 19:56:20:353,0.5503,1.001,9.5356,0.0028,0.0002,9.8066,-0.1208,0.028,-0.0023,-2.44,-38.62,-4.75,191.94,-78.86,-173.23
52.41388,-1.55,149.08,14.72,2,334.92,18 / 21,2174710,2019-09-06 19:56:20:453,0.9637,0.6794,9.6635,0.0103,-0.0002,9.8066,-0.0452,-0.044,0.0416,-2.94,-38.19,-5.12,197.01,-78.87,-172.63
52.41388,-1.55,149.08,14.72,2,334.92,18 / 21,2174809,2019-09-06 19:56:20:552,0.6635,0.0679,9.5422,-0.006,-0.009,9.8066,-0.0212,-0.0582,-0.0401,-2.5,-37.75,-5.62,192.32,-79.14,-172.34
52.41388,-1.55,149.08,14.72,2,334.92,18 / 21,2174909,2019-09-06 19:56:20:652,-0.4675,-0.5106,9.8826,-0.0089,-0.0032,9.8066,0.0318,-0.0253,-0.0247,-2.69,-38.25,-5.06,197.31,-79.28,-172.75
52.41388,-1.55,149.08,14.72,2,334.92,18 / 21,2175010,2019-09-06 19:56:20:753,-0.1837,-0.6826,10.4814,0.003,0.0348,9.8065,0.0524,-0.0206,0.0103,-2.56,-38.44,-5.06,196.86,-78.99,-173.2
52.41388,-1.55,149.08,14.72,2,334.92,18 / 21,2175110,2019-09-06 19:56:20:853,-0.2977,-0.8788,10.8756,0.0004,0.0324,9.8066,-0.0104,-0.0273,-0.0137,-2.12,-38.19,-5.25,191.95,-78.74,-173.49
52.41388,-1.55,149.08,14.72,2,334.92,18 / 21,2175210,2019-09-06 19:56:20:953,0.6467,0.2932,9.4901,-0.0188,-0.0464,9.8065,-0.0566,0.0254,-0.059,-2.12,-38.19,-5.25,191.87,-78.88,-173.87
52.41388,-1.55,149.08,14.72,2,334.92,18 / 21,2175310,2019-09-06 19:56:21:053,0.9899,0.1263,9.4621,0.0101,-0.0358,9.8065,-0.0737,-0.0081,0.054,-2.44,-37.87,-5.25,192.13,-78.98,-173.39
52.415073,-1.550648,150.5,16.29,3,345.08,18 / 22,2175409,2019-09-06 19:56:21:152,0.0415,-0.2368,10.0416,0.0019,0.0338,9.8065,0.0501,-0.0421,0.0175,-2.25,-38,-5.25,192.56,-79.35,-172.96
52.415073,-1.550648,150.5,16.29,3,345.08,18 / 22,2175510,2019-09-06 19:56:21:253,-0.4794,-0.6628,10.4915,0.0014,-0.0208,9.8066,0.1267,0.0081,-0.0235,-2.5,-37.94,-5.5,192.7,-79.25,-172.48
52.415073,-1.550648,150.5,16.29,3,345.08,18 / 22,2175610,2019-09-06 19:56:21:353,0.9777,0.6338,10.3078,0.0153,0.0552,9.8064,0.2524,-0.0455,0.0376,-1.94,-38.75,-4.87,192.38,-79.08,-172.51
52.415073,-1.550648,150.5,16.29,3,345.08,18 / 22,2175709,2019-09-06 19:56:21:452,-0.4046,-0.8912,9.9543,0.0071,0.0193,9.8065,-0.0321,-0.0556,0.0139,-2.37,-37.94,-4.69,192.53,-78.86,-172.28
52.415073,-1.550648,150.5,16.29,3,345.08,18 / 22,2175810,2019-09-06 19:56:21:553,0.1326,-0.3674,9.7015,-0.0046,-0.0125,9.8066,-0.0166,-0.0173,0.0396,-2.56,-37.75,-5.62,196.54,-78.81,-172.05
52.415073,-1.550648,150.5,16.29,3,345.08,18 / 22,2175910,2019-09-06 19:56:21:653,-1.1945,-0.4661,9.132,0.0005,-0.0331,9.8066,-0.0508,-0.0443,-0.0165,-2.37,-37.81,-5.06,193.06,-79.14,-171.46
52.415073,-1.550648,150.5,16.29,3,345.08,18 / 22,2176010,2019-09-06 19:56:21:753,0.4726,0.8605,10.1685,-0.0019,-0.0263,9.8066,0.0037,0.0659,-0.0639,-2.62,-38.19,-5.5,197.89,-79.33,-171.56
52.415073,-1.550648,150.5,16.29,3,345.08,18 / 22,2176110,2019-09-06 19:56:21:853,-1.2252,-0.0782,9.2659,-0.0007,0.0262,9.8066,-0.0679,0.0197,-0.0343,-3.44,-37.75,-5.5,198.07,-79.21,-170.91
52.415073,-1.550648,150.5,16.29,3,345.08,18 / 22,2176209,2019-09-06 19:56:21:952,0.8038,0.7271,10.2569,0.0114,0.0494,9.8065,0.0641,-0.0502,0.0325,-3,-37.62,-5.31,197.89,-79.14,-171.16
52.415073,-1.550648,150.5,16.29,3,345.08,18 / 22,2176310,2019-09-06 19:56:22:053,-0.3793,-0.3249,10.2764,0.0019,0.0162,9.8065,0.0448,-0.0204,-0.0305,-2.56,-38,-5.06,197.97,-79.17,-171.06
52.415073,-1.550648,150.5,16.29,3,345.08,18 / 23,2176410,2019-09-06 19:56:22:153,0.5341,0.7876,10.6402,0.0006,0.0074,9.8066,0.0678,-0.0178,0.027,-2.87,-38.25,-4.62,198.01,-79.06,-170.74
52.415073,-1.550648,150.5,16.29,3,345.08,18 / 23,2176509,2019-09-06 19:56:22:252,0.1203,0.8589,10.0335,0.0038,0.0224,9.8065,-0.1254,0.0401,0.0015,-2.25,-38.19,-4.44,193.55,-78.97,-170.84
52.415073,-1.550648,150.5,16.29,3,345.08,18 / 23,2176609,2019-09-06 19:56:22:352,-0.4273,-0.3403,9.2423,-0.0044,0.015,9.8066,-0.0927,-0.0731,-0.0134,-2.19,-37.81,-5.37,193.25,-79.07,-170.89
52.415073,-1.550648,150.5,16.29,3,345.08,18 / 23,2176709,2019-09-06 19:56:22:452,0.6685,-0.4177,9.2334,-0.01,-0.0506,9.8065,0.1411,-0.0079,0.0124,-2.5,-38,-4.94,193.17,-79.3,-171.45
52.415073,-1.550648,150.5,16.29,3,345.08,18 / 23,2176810,2019-09-06 19:56:22:553,-0.9314,1.2253,9.8452,-0.0085,-0.0321,9.8066,0.1466,0.0519,-0.0235,-2.5,-37.62,-5.69,193.02,-79.69,-171.59
52.415073,-1.550648,150.5,16.29,3,345.08,18 / 23,2176910,2019-09-06 19:56:22:653,-0.4947,-0.1152,10.1565,0.0029,-0.0129,9.8065,0.0692,0.0796,0.0963,-2.25,-38.19,-5.31,193.25,-79.75,-172.02
52.415073,-1.550648,150.5,16.29,3,345.08,18 / 23,2177009,2019-09-06 19:56:22:752,-0.6318,0.6049,10.2611,-0.0062,-0.0308,9.8065,0.0153,0.0433,0.0013,-2.31,-37.81,-4.94,193.11,-79.67,-172.21
52.415073,-1.550648,150.5,16.29,3,345.08,18 / 23,2177109,2019-09-06 19:56:22:852,-0.0462,-1.4087,10.0545,0.0041,0.0304,9.8065,0.0051,-0.0258,-0.051,-2.25,-38.31,-5.31,192.79,-79.33,-172.39
52.415073,-1.550648,150.5,16.29,3,345.08,18 / 23,2177210,2019-09-06 19:56:22:953,-0.7006,0.5844,9.9473,0.0123,0.034,9.8065,-0.0591,-0.0004,0.0254,-1.87,-38.5,-5.12,192.9,-79.27,-172.04
52.415073,-1.550648,150.5,16.29,3,345.08,18 / 23,2177310,2019-09-06 19:56:23:053,-0.0966,-0.5011,10.2409,0.0117,-0.0184,9.8066,-0.0098,0.0365,0.061,-2.25,-38.44,-5.31,193.19,-79.13,-171.14
52.415073,-1.550648,150.5,16.29,3,345.08,19 / 21,2177409,2019-09-06 19:56:23:152,-0.4443,0.3113,9.3442,0.0098,-0.0263,9.8065,-0.0473,-0.0102,-0.0212,-2.12,-38.37,-5,193.72,-79.23,-170.08
52.415073,-1.550648,150.5,16.29,3,345.08,19 / 21,2177510,2019-09-06 19:56:23:253,-0.1012,1.6124,9.5421,0.0098,0.0165,9.8066,-0.0282,0.0287,-0.0012,-2.37,-38.31,-4.94,193.73,-79.19,-169.99
52.415073,-1.550648,150.5,16.29,3,345.08,19 / 21,2177609,2019-09-06 19:56:23:352,-0.4789,0.8225,9.5816,-0.0091,0.0001,9.8066,0.027,0.0232,0.0454,-2,-38.75,-5.19,193.68,-79.41,-169.97
52.415073,-1.550648,150.5,16.29,3,345.08,19 / 21,2177710,2019-09-06 19:56:23:453,0.2989,1.7702,10.1287,-0.0115,-0.0005,9.8066,-0.3275,0.0247,-0.0493,-2.37,-37.62,-5.94,193.58,-79.63,-170.35
52.415073,-1.550648,150.5,16.29,3,345.08,19 / 21,2177810,2019-09-06 19:56:23:553,-0.1067,0.7786,10.0263,-0.0088,0.0131,9.8066,-0.2426,0.0488,0.0012,-2.69,-38.5,-5.62,197.71,-79.61,-171
52.415073,-1.550648,150.5,16.29,3,345.08,19 / 21,2177910,2019-09-06 19:56:23:653,-0.5173,-1.3835,10.4533,-0.0064,0.0234,9.8065,0.192,-0.0651,0.0389,-2.31,-38.19,-5.19,193.27,-79.34,-171.31
52.415073,-1.550648,150.5,16.29,3,345.08,19 / 21,2178009,2019-09-06 19:56:23:752,-0.1031,-1.0418,9.1263,-0.0068,0.0322,9.8065,0.0395,0.0253,-0.0354,-1.81,-38.19,-4.69,192.79,-79.2,-172.19
52.415073,-1.550648,150.5,16.29,3,345.08,19 / 21,2178109,2019-09-06 19:56:23:852,0.5511,0.3287,9.3359,-0.0187,-0.0774,9.8063,0.0867,-0.0176,-0.0694,-1.56,-37.81,-5.12,192.98,-79.69,-172.53
52.415073,-1.550648,150.5,16.29,3,345.08,19 / 21,2178210,2019-09-06 19:56:23:953,-0.5169,-0.251,9.9666,-0.0085,-0.079,9.8063,0.0793,-0.0339,-0.0181,-1.69,-38.25,-4.94,192.88,-79.89,-173.07
52.415073,-1.550648,150.5,16.29,3,345.08,19 / 21,2178310,2019-09-06 19:56:24:053,-0.0008,1.3264,9.8409,-0.0135,0.0588,9.8064,-0.1568,0.0254,-0.0358,-2,-37.87,-5.44,192.2,-79.57,-174.13
52.415073,-1.550648,150.5,16.29,3,345.08,20 / 21,2178409,2019-09-06 19:56:24:152,-0.2393,0.0297,9.6177,-0.0026,0.0683,9.8064,-0.1859,-0.0216,-0.0155,-1.25,-38.06,-5.5,187.09,-79.4,-174.59
52.415073,-1.550648,150.5,16.29,3,345.08,20 / 21,2178510,2019-09-06 19:56:24:253,-0.1778,-0.3892,10.1791,-0.0025,-0.0177,9.8066,0.1595,0.0214,-0.0302,-1.81,-38.31,-5.19,191.74,-79.4,-174.93
52.415073,-1.550648,150.5,16.29,3,345.08,20 / 21,2178610,2019-09-06 19:56:24:353,-0.5025,-0.3899,10.5917,0.0018,-0.0231,9.8065,0.059,-0.0123,0.017,-2,-37.75,-5.44,191.81,-79.54,-174.98
52.415073,-1.550648,150.5,16.29,3,345.08,20 / 21,2178710,2019-09-06 19:56:24:453,-0.5607,0.1547,10.298,0.0161,0.0084,9.8066,-0.0082,-0.0016,0.1024,-2.06,-38,-5,192.02,-79.43,-174.32
52.415073,-1.550648,150.5,16.29,3,345.08,20 / 21,2178810,2019-09-06 19:56:24:553,0.02,1.6292,9.6104,-0.0062,-0.0148,9.8066,0.0437,-0.0187,-0.0924,-2,-37.69,-4.81,192.06,-79.45,-174.28
52.415073,-1.550648,150.5,16.29,3,345.08,20 / 21,2178910,2019-09-06 19:56:24:653,-0.7487,-0.8969,10.2214,0.0214,0.0267,9.8066,-0.0087,-0.0283,0.0945,-2.19,-37.81,-4.81,192.33,-79.36,-173.51
52.415073,-1.550648,150.5,16.29,3,345.08,20 / 21,2179010,2019-09-06 19:56:24:753,-0.2474,-0.0318,9.5205,-0.0062,-0.0126,9.8066,-0.0135,0.0112,0.0139,-2.75,-38.25,-4.69,197.34,-79.48,-173.1
52.415073,-1.550648,150.5,16.29,3,345.08,20 / 21,2179110,2019-09-06 19:56:24:853,0.251,0.2845,10.2176,0.0032,-0.012,9.8066,0.0618,-0.0822,0.0072,-1.75,-37.81,-4.94,192.6,-79.48,-173.06
52.415073,-1.550648,150.5,16.29,3,345.08,20 / 21,2179209,2019-09-06 19:56:24:952,-0.727,-0.401,9.8271,-0.0035,-0.0111,9.8065,-0.0427,0.0284,-0.0633,-2.12,-38.44,-5.44,192.82,-79.59,-172.75
52.415073,-1.550648,150.5,16.29,3,345.08,20 / 21,2179309,2019-09-06 19:56:25:052,-0.245,1.454,9.5375,0.0028,0.0066,9.8066,-0.0789,-0.0313,0.0617,-1.81,-38.44,-4.75,192.96,-79.51,-172.29
52.415073,-1.550648,150.5,16.29,3,345.08,18 / 19,2179409,2019-09-06 19:56:25:152,-0.2127,-2.2433,8.8686,0.0019,0.0385,9.8065,-0.1639,-0.0132,-0.0176,-1.5,-38.12,-5.81,188.05,-79.43,-172.3
52.415073,-1.550648,150.5,16.29,3,345.08,18 / 19,2179510,2019-09-06 19:56:25:253,0.1875,-0.0333,10.064,-0.007,-0.0266,9.8066,0.0818,-0.0158,-0.0939,-1.94,-38.44,-5.56,192.57,-79.59,-172.39
52.415073,-1.550648,150.5,16.29,3,345.08,18 / 19,2179610,2019-09-06 19:56:25:353,0.5975,-0.3965,10.3124,-0.0001,-0.0194,9.8066,0.1252,0.0456,0.0049,-1.87,-38.5,-5,193.02,-79.77,-172.58
52.415073,-1.550648,150.5,16.29,3,345.08,18 / 19,2179710,2019-09-06 19:56:25:453,-1.0195,-1.6095,9.7715,0.0008,0.0288,9.8065,-0.1,-0.0194,-0.0046,-1.94,-38.5,-5.25,192.67,-79.56,-173.03
52.415073,-1.550648,150.5,16.29,3,345.08,18 / 19,2179810,2019-09-06 19:56:25:553,-0.7329,0.0726,9.5385,-0.0031,0.0254,9.8066,0.0091,0.0553,-0.0386,-1.75,-38.5,-4.81,192.51,-79.61,-173.49
52.415073,-1.550648,150.5,16.29,3,345.08,18 / 19,2179910,2019-09-06 19:56:25:653,0.5773,-0.8167,9.9959,0.0018,-0.0114,9.8066,0.08,0.0449,-0.0095,-1.87,-37.87,-5.44,192.58,-79.58,-173.27
52.415073,-1.550648,150.5,16.29,3,345.08,18 / 19,2180009,2019-09-06 19:56:25:752,-0.0819,-0.7042,9.698,0.0079,-0.0256,9.8066,0.1751,0.0408,-0.0032,-1.69,-38.87,-5.37,192.61,-79.68,-172.93
52.415073,-1.550648,150.5,16.29,3,345.08,18 / 19,2180110,2019-09-06 19:56:25:853,-0.035,-0.9387,10.8434,0.0094,0.0435,9.8065,0.07,0.0102,0.0723,-1.75,-38.19,-5.25,193.07,-79.53,-172.07
52.415073,-1.550648,150.5,16.29,3,345.08,18 / 19,2180210,2019-09-06 19:56:25:953,-0.4932,0.4367,10.1854,-0.0049,-0.0077,9.8066,0.0815,-0.0113,-0.0603,-1.81,-37.62,-5.12,193.13,-79.62,-172.06
52.415073,-1.550648,150.5,16.29,3,345.08,18 / 19,2180310,2019-09-06 19:56:26:053,0.4359,-0.8138,10.0481,0.0055,0.0028,9.8066,0.099,0.0246,0.0152,-2.12,-37.94,-5,193.13,-79.56,-171.98
52.415073,-1.550648,150.5,16.29,3,345.08,19 / 21,2180410,2019-09-06 19:56:26:153,0.6844,-1.3688,9.8715,0.0022,0.0001,9.8066,-0.1537,-0.0526,0.0438,-2.12,-37.87,-4.87,193.29,-79.71,-171.87
52.415073,-1.550648,150.5,16.29,3,345.08,19 / 21,2180509,2019-09-06 19:56:26:252,0.877,-3.1094,10.5297,-0.0016,-0.0059,9.8066,0.1999,0.1365,0.0058,-2.12,-38.44,-4.94,193.23,-79.72,-172
52.415073,-1.550648,150.5,16.29,3,345.08,19 / 21,2180610,2019-09-06 19:56:26:353,-0.6566,-1.3668,10.3943,0.0082,-0.0094,9.8066,0.1624,-0.098,0.0927,-2.56,-38.06,-5.06,198.19,-79.59,-171.46
52.415073,-1.550648,150.5,16.29,3,345.08,19 / 21,2180710,2019-09-06 19:56:26:453,0.362,-0.578,10.4504,0.0128,0.0395,9.8065,0.1573,-0.1746,0.0987,-1.81,-38.25,-5.87,192.98,-79.46,-171.35
52.415073,-1.550648,150.5,16.29,3,345.08,19 / 21,2180810,2019-09-06 19:56:26:553,-0.3909,0.4015,10.1563,-0.011,0.0069,9.8066,0.1938,0.0215,-0.0863,-2.5,-38.19,-5.31,193.58,-79.79,-171.34
52.415073,-1.550648,150.5,16.29,3,345.08,19 / 21,2180910,2019-09-06 19:56:26:653,-0.546,1.7453,9.8106,0.0042,0.0469,9.8065,-0.0486,-0.1063,0.0473,-2.37,-38.19,-5.06,193.27,-79.73,-171.94
52.415073,-1.550648,150.5,16.29,3,345.08,19 / 21,2181009,2019-09-06 19:56:26:752,0.0818,0.3352,10.808,-0.0076,0.0335,9.8065,0.1253,0.0189,0.037,-2.06,-38.31,-4.87,193.03,-79.74,-172.51
52.415073,-1.550648,150.5,16.29,3,345.08,19 / 21,2181110,2019-09-06 19:56:26:853,0.7358,2.0147,10.6228,-0.0076,-0.0071,9.8066,-0.1139,0.0236,-0.0128,-2.19,-38.19,-5.06,192.99,-79.6,-172.36
52.415073,-1.550648,150.5,16.29,3,345.08,19 / 21,2181210,2019-09-06 19:56:26:953,-0.5636,0.243,9.7305,0.0006,-0.0001,9.8066,-0.1596,-0.1618,0.0042,-2.12,-38.69,-5.19,192.68,-79.52,-172.51
52.415073,-1.550648,150.5,16.29,3,345.08,19 / 21,2181309,2019-09-06 19:56:27:052,1.9759,-0.9284,10.0522,0.0055,-0.0053,9.8066,0.0982,0.0699,0.0243,-2.25,-38.44,-4.94,192.76,-79.58,-172.86
52.415073,-1.550648,150.5,16.29,3,345.08,19 / 22,2181410,2019-09-06 19:56:27:153,-0.5572,0.3867,9.9463,0.0075,-0.0328,9.8066,0.1223,-0.0417,0.1039,-2.87,-37.56,-4.81,198.13,-79.62,-171.66
52.415073,-1.550648,150.5,16.29,3,345.08,19 / 22,2181509,2019-09-06 19:56:27:252,-0.595,0.8398,9.3966,0.009,0.0342,9.8065,-0.1645,-0.0772,0.0384,-2.37,-38,-4.81,192.98,-79.52,-172.27
52.415073,-1.550648,150.5,16.29,3,345.08,19 / 22,2181610,2019-09-06 19:56:27:353,-0.2091,-0.7203,9.7137,-0.0058,-0.0182,9.8066,-0.0097,0.0742,-0.0729,-2.25,-37.56,-5.25,193.02,-79.62,-172.33
52.415073,-1.550648,150.5,16.29,3,345.08,19 / 22,2181709,2019-09-06 19:56:27:452,-0.6268,0.7346,9.5126,-0.0099,-0.0204,9.8065,0.067,-0.0216,-0.0004,-2.75,-38.19,-5.31,197.65,-79.56,-172.57
52.415073,-1.550648,150.5,16.29,3,345.08,19 / 22,2181809,2019-09-06 19:56:27:552,-0.2437,-1.4555,9.4476,-0.0033,0.002,9.8066,-0.0148,-0.0518,0.0032,-1.81,-38.56,-5.25,192.46,-79.62,-173.18
52.415073,-1.550648,150.5,16.29,3,345.08,19 / 22,2181910,2019-09-06 19:56:27:653,-0.2013,0.2114,9.9144,-0.0113,-0.0048,9.8066,-0.0573,0.0566,-0.115,-2,-38.25,-4.62,192.31,-79.75,-174.14
52.415073,-1.550648,150.5,16.29,3,345.08,19 / 22,2182010,2019-09-06 19:56:27:753,0.6808,-0.0002,10.1738,0.0064,0.0087,9.8066,-0.0097,0.0211,0.0893,-1.75,-38.5,-4.75,192.19,-79.71,-174.34
52.415073,-1.550648,150.5,16.29,3,345.08,19 / 22,2182110,2019-09-06 19:56:27:853,0.3135,-0.2308,10.0065,-0.0204,-0.0167,9.8065,-0.0351,0.0003,-0.0952,-1.94,-38.62,-5.12,191.78,-79.77,-174.96
52.415073,-1.550648,150.5,16.29,3,345.08,19 / 22,2182210,2019-09-06 19:56:27:953,0.3678,0.2291,10.2977,-0.0014,-0.0164,9.8066,0.0305,-0.0299,-0.0353,-2,-38.81,-4.94,191.62,-79.82,-175.4
52.415073,-1.550648,150.5,16.29,3,345.08,19 / 22,2182310,2019-09-06 19:56:28:053,-0.0236,-1.0711,10.3312,0.0022,-0.0049,9.8066,0.0316,0.0304,0.0557,-1.75,-38.31,-4.81,191.58,-79.75,-175.79
52.415073,-1.550648,150.5,16.29,3,345.08,21 / 23,2182410,2019-09-06 19:56:28:153,0.1466,-1.0869,10.5902,-0.0124,-0.0289,9.8065,0.1539,0.013,0.0144,-1.44,-38,-4.94,186.6,-79.89,-176.15
52.415073,-1.550648,150.5,16.29,3,345.08,21 / 23,2182510,2019-09-06 19:56:28:253,0.9505,0.5147,9.5597,-0.0008,0.0563,9.8064,-0.0817,0.0005,-0.0217,-2.12,-38.06,-4.94,190.93,-79.72,-177.22
52.415073,-1.550648,150.5,16.29,3,345.08,21 / 23,2182610,2019-09-06 19:56:28:353,0.1644,0.4069,8.8629,0.0038,0.0297,9.8066,-0.0697,-0.0964,0.0691,-1.75,-38.37,-5.12,191.1,-79.74,-176.88
52.415073,-1.550648,150.5,16.29,3,345.08,21 / 23,2182710,2019-09-06 19:56:28:453,-1.4308,-0.4461,8.9866,0.0013,-0.0323,9.8065,0.2403,-0.0507,0.0376,-1.44,-38.5,-5,186.28,-79.98,-176.97
52.415073,-1.550648,150.5,16.29,3,345.08,21 / 23,2182809,2019-09-06 19:56:28:552,0.2885,1.0541,10.4884,-0.008,-0.0258,9.8065,0.1959,-0.0329,-0.0475,-2.56,-38.25,-4.87,196.08,-79.98,-176.79
52.415073,-1.550648,150.5,16.29,3,345.08,21 / 23,2182909,2019-09-06 19:56:28:652,-0.8732,0.667,10.4546,0.0044,0.0231,9.8066,-0.1295,-0.0175,0.0283,-1.87,-38.31,-5.31,191.08,-80.01,-177.27
52.415073,-1.550648,150.5,16.29,3,345.08,21 / 23,2183009,2019-09-06 19:56:28:752,0.2394,-0.3219,9.3692,-0.0015,0.0106,9.8066,-0.1496,0.0885,-0.0167,-1.56,-37.69,-5.56,190.25,-79.89,-177.53
52.415073,-1.550648,150.5,16.29,3,345.08,21 / 23,2183109,2019-09-06 19:56:28:852,-0.5823,-1.5382,9.8672,-0.0113,-0.0276,9.8066,0.1694,0.0626,-0.0085,-2,-37.87,-5.62,190.32,-80.03,-177.52
52.415073,-1.550648,150.5,16.29,3,345.08,21 / 23,2183210,2019-09-06 19:56:28:953,0.3421,-0.8729,9.808,0.0031,0.0318,9.8065,0.0908,-0.0995,-0.0203,-1.37,-37.87,-4.69,186.3,-80.12,-177.04
52.415073,-1.550648,150.5,16.29,3,345.08,21 / 23,2183309,2019-09-06 19:56:29:052,-1.0396,0.4614,9.7888,0.0118,0.0344,9.8066,-0.1433,-0.0498,0.1087,-1.69,-38.37,-4.75,191.28,-80.16,-177.02
52.415073,-1.550648,150.5,16.29,3,345.08,18 / 20,2183410,2019-09-06 19:56:29:153,-1.1664,0.1267,10.1508,-0.0065,0.0398,9.8065,0.0029,0.13,-0.1464,-1.75,-37.94,-5,191.19,-79.99,-176.99
52.415073,-1.550648,150.5,16.29,3,345.08,18 / 20,2183510,2019-09-06 19:56:29:253,-0.6014,-1.7849,9.9246,0.0155,-0.0061,9.8065,0.0351,-0.0311,0.0982,-1.19,-38.56,-5,186.29,-80.07,-176.81
52.415073,-1.550648,150.5,16.29,3,345.08,18 / 20,2183610,2019-09-06 19:56:29:353,0.2336,1.2774,10.0992,-0.0137,-0.0006,9.8066,-0.0376,-0.0446,-0.0139,-2,-38.31,-5.25,191.1,-80,-177.21
52.415073,-1.550648,150.5,16.29,3,345.08,18 / 20,2183710,2019-09-06 19:56:29:453,0.1765,-2.6278,10.7746,0.0101,0.0116,9.8065,-0.1687,-0.0283,0.0963,-1.87,-38.12,-5.12,191.58,-79.96,-176.09
52.415073,-1.550648,150.5,16.29,3,345.08,18 / 20,2183810,2019-09-06 19:56:29:553,-1.0923,-1.7056,9.2276,-0.0046,-0.0095,9.8066,-0.0393,-0.0233,-0.011,-1.94,-38.44,-5.12,191.87,-80.15,-175.71
52.415073,-1.550648,150.5,16.29,3,345.08,18 / 20,2183911,2019-09-06 19:56:29:654,-0.879,-0.3809,9.5982,0.0119,0.0198,9.8066,-0.0049,-0.1191,0.1073,-1.62,-38,-4.69,191.82,-80.08,-175.73
52.415073,-1.550648,150.5,16.29,3,345.08,18 / 20,2184010,2019-09-06 19:56:29:753,0.9595,0.3179,10.4787,-0.0054,0.0141,9.8066,-0.0849,0.0252,-0.0235,-2.12,-38,-4.81,191.84,-79.99,-175.56
52.415073,-1.550648,150.5,16.29,3,345.08,18 / 20,2184109,2019-09-06 19:56:29:852,-1.1514,0.1698,8.6782,0.0096,-0.008,9.8066,0.0047,-0.0178,0.0364,-2,-38.25,-5.06,192.43,-80.04,-174.31
52.415073,-1.550648,150.5,16.29,3,345.08,18 / 20,2184210,2019-09-06 19:56:29:953,-0.4935,0.7581,8.8852,0.0126,0.0269,9.8065,-0.1093,-0.0227,0.0116,-2.19,-38.12,-4.94,192.58,-79.98,-173.89
52.41636,-1.551227,152.05,16.33,3,344.97,19 / 22,2184313,2019-09-06 19:56:30:056,-0.8452,-1.2603,9.0709,0.0173,0.0088,9.8066,-0.2918,-0.0027,0.0247,-2.19,-37.5,-4.69,193.39,-80.12,-172.74
52.41636,-1.551227,152.05,16.33,3,344.97,19 / 22,2184410,2019-09-06 19:56:30:153,1.057,-1.764,9.0496,-0.0012,-0.0548,9.8065,0.029,-0.0416,0.0328,-2.25,-37.87,-4.75,193.37,-80.05,-172.24
52.41636,-1.551227,152.05,16.33,3,344.97,19 / 22,2184510,2019-09-06 19:56:30:253,-2.7612,0.5014,9.4541,-0.0416,-0.0842,9.8061,-0.0277,-0.1278,0.2035,-2,-38.75,-4.31,193.74,-80.5,-173
52.41636,-1.551227,152.05,16.33,3,344.97,19 / 22,2184610,2019-09-06 19:56:30:353,0.8901,1.6029,10.6481,-0.0347,-0.045,9.8064,0.0926,-0.0689,0.0227,-1.75,-38.56,-5.12,192.38,-80.36,-174.52
52.41636,-1.551227,152.05,16.33,3,344.97,19 / 22,2184709,2019-09-06 19:56:30:452,-3.0136,2.2476,9.6449,0.0116,0.0111,9.8066,0.028,0.1472,-0.0157,-2,-38.25,-4.62,191.98,-80.08,-175.36
52.41636,-1.551227,152.05,16.33,3,344.97,19 / 22,2184812,2019-09-06 19:56:30:555,-1.6245,-2.101,9.4681,0.0242,-0.0032,9.8066,0.1336,-0.1598,0.0463,-1.62,-37.94,-5.31,192.52,-80.12,-174.23
52.41636,-1.551227,152.05,16.33,3,344.97,19 / 22,2184910,2019-09-06 19:56:30:653,-0.2478,-1.0544,8.0265,-0.0031,0.0501,9.8065,-0.2013,0.2033,-0.1172,-2.06,-38.06,-5.75,193.45,-80.1,-171.27
52.41636,-1.551227,152.05,16.33,3,344.97,19 / 22,2185009,2019-09-06 19:56:30:752,3.2173,-0.1161,8.6308,0.0223,0.0473,9.8065,-0.1795,-0.1144,0.2464,-2.44,-38.19,-5.5,194.21,-80.18,-170.6
52.41636,-1.551227,152.05,16.33,3,344.97,19 / 22,2185110,2019-09-06 19:56:30:853,1.9653,0.2746,9.9802,0.0079,0.0567,9.8065,-0.3282,0.1577,0.026,-2.06,-38.12,-4.94,194.4,-80.19,-170.19
52.41636,-1.551227,152.05,16.33,3,344.97,19 / 22,2185209,2019-09-06 19:56:30:952,-3.1237,-0.3532,10.5903,0.0082,-0.1075,9.806,0.2346,0.1735,-0.0818,-2.06,-38.06,-5.5,194.79,-80.38,-169.68
52.41636,-1.551227,152.05,16.33,3,344.97,19 / 22,2185310,2019-09-06 19:56:31:053,0.4461,0.9096,9.5719,-0.0174,-0.0822,9.8062,0.2084,-0.0385,0.0776,-1.81,-38.25,-5.19,194.66,-80.35,-169.91
52.41636,-1.551227,152.05,16.33,3,344.97,19 / 22,2185411,2019-09-06 19:56:31:154,-0.3395,-0.9488,9.4693,0.0012,-0.0038,9.8066,-0.0294,0.0378,-0.0189,-2.5,-38.31,-5.06,195.58,-80.73,-168.62
52.41636,-1.551227,152.05,16.33,3,344.97,19 / 22,2185510,2019-09-06 19:56:31:253,-0.0168,-0.843,9.7278,-0.0093,-0.0055,9.8066,0.0821,0.0002,-0.0389,-2.25,-38.62,-4.87,195.17,-80.79,-169.14
52.41636,-1.551227,152.05,16.33,3,344.97,19 / 22,2185610,2019-09-06 19:56:31:353,-0.437,-0.8387,9.3578,-0.0124,-0.0078,9.8065,0.0889,-0.0713,-0.0444,-2.31,-38.19,-5.69,194.82,-80.76,-169.5
52.41636,-1.551227,152.05,16.33,3,344.97,19 / 22,2185709,2019-09-06 19:56:31:452,-0.6147,2.2255,9.5397,-0.0096,-0.0427,9.8065,-0.2188,-0.0337,-0.0704,-1.87,-38,-5.12,195.09,-81,-170.18
52.41636,-1.551227,152.05,16.33,3,344.97,19 / 22,2185810,2019-09-06 19:56:31:553,0.0885,-0.5836,9.4254,-0.0116,0.0468,9.8064,-0.1244,0.019,-0.0146,-2,-38.44,-5.62,193.99,-80.91,-171.34
52.41636,-1.551227,152.05,16.33,3,344.97,19 / 22,2185910,2019-09-06 19:56:31:653,-0.3477,-1.5984,9.9717,0.0063,0.0487,9.8064,-0.0221,-0.0576,0.0305,-2.44,-38.31,-5.75,193.75,-80.87,-171.74
52.41636,-1.551227,152.05,16.33,3,344.97,19 / 22,2186010,2019-09-06 19:56:31:753,-0.5299,-2.2763,10.6474,0.0028,-0.0327,9.8065,0.0061,0.0952,-0.1276,-1.75,-38.69,-5.62,193.84,-81.2,-171.7
52.41636,-1.551227,152.05,16.33,3,344.97,19 / 22,2186109,2019-09-06 19:56:31:852,-1.0032,-1.0336,11.2287,-0.0347,-0.1016,9.806,0.0985,0.1105,-0.2351,-1.94,-37.87,-5.5,194.12,-81.53,-173.13
52.41636,-1.551227,152.05,16.33,3,344.97,19 / 22,2186210,2019-09-06 19:56:31:953,1.7967,1.2835,9.7674,-0.0246,0.1835,9.8048,-0.1636,-0.1389,-0.0068,-1.31,-38.12,-5.12,188.03,-81.06,-174.07
52.41636,-1.551227,152.05,16.33,3,344.97,19 / 22,2186310,2019-09-06 19:56:32:053,0.1805,0.9232,9.1769,-0.0059,-0.0423,9.8065,0.0703,0.3623,-0.1931,-1,-38.5,-5.19,186.79,-80.76,-176.46
52.41636,-1.551227,152.05,16.33,3,344.97,20 / 21,2186410,2019-09-06 19:56:32:153,-1.5447,-0.8185,8.1188,-0.0153,-0.0262,9.8066,-0.1936,-0.1339,0.1177,-1.69,-38.25,-5.87,190.34,-80.79,-178.28
52.41636,-1.551227,152.05,16.33,3,344.97,20 / 21,2186510,2019-09-06 19:56:32:253,0.4808,-0.229,8.404,0.0002,-0.0006,9.8066,0.0091,-0.2383,-0.0421,-1.44,-38.69,-6.31,185.33,-80.3,-178.45
52.41636,-1.551227,152.05,16.33,3,344.97,20 / 21,2186610,2019-09-06 19:56:32:353,-0.073,-0.5171,8.9334,-0.0057,-0.0755,9.8063,0.1196,-0.0414,-0.026,-1.5,-37.94,-6.37,185.92,-81.33,-178.03
52.41636,-1.551227,152.05,16.33,3,344.97,20 / 21,2186710,2019-09-06 19:56:32:453,0.3321,-0.9076,10.008,0.0076,0.0239,9.8065,-0.0985,-0.0135,0.04,-1.25,-37.94,-6.31,185.83,-81.1,-178.07
52.41636,-1.551227,152.05,16.33,3,344.97,20 / 21,2186810,2019-09-06 19:56:32:553,-0.0401,0.4489,10.0899,0.0106,0.023,9.8065,0.2904,0.1494,-0.0958,-1.25,-38.37,-5.69,185.87,-81.12,-178
52.41636,-1.551227,152.05,16.33,3,344.97,20 / 21,2186910,2019-09-06 19:56:32:653,0.5825,0.4967,9.8444,-0.0077,-0.1238,9.8058,-0.1152,0.0519,0.0097,-1.62,-38.56,-6.69,190.21,-81.49,-177.78
52.41636,-1.551227,152.05,16.33,3,344.97,20 / 21,2187010,2019-09-06 19:56:32:753,-0.3504,0.3023,8.6581,0.003,-0.02,9.8066,-0.6883,-0.1334,0.0786,-1.56,-37.87,-7.19,190.51,-81.52,-177.47
52.41636,-1.551227,152.05,16.33,3,344.97,20 / 21,2187110,2019-09-06 19:56:32:853,-1.0506,-1.7069,8.8566,0.0108,0.0822,9.8063,-0.0202,-0.0454,0.0464,-1.87,-38.19,-6.81,191.24,-82.08,-176.75
52.41636,-1.551227,152.05,16.33,3,344.97,20 / 21,2187209,2019-09-06 19:56:32:952,0.1853,-0.5628,9.5924,0.0246,-0.0232,9.8065,0.0176,0.0196,0.0165,-1.62,-37.69,-7.44,192.82,-82.44,-174.47
52.41636,-1.551227,152.05,16.33,3,344.97,20 / 21,2187310,2019-09-06 19:56:33:053,0.5487,0.6959,8.9621,0.0123,-0.0323,9.8066,-0.1388,0.0317,-0.0183,-2.94,-37.87,-8,197.48,-82.64,-173.35
52.41636,-1.551227,152.05,16.33,3,344.97,20 / 22,2187410,2019-09-06 19:56:33:153,0.4573,-1.1797,9.0838,-0.0008,-0.0228,9.8065,0.1097,0.0506,-0.0702,-2,-37.75,-7.69,194.31,-82.69,-171.5
52.41636,-1.551227,152.05,16.33,3,344.97,20 / 22,2187509,2019-09-06 19:56:33:252,0.6005,0.9609,9.312,0.0125,-0.021,9.8066,0.0778,-0.013,0.0911,-2.62,-37.69,-7.94,199.87,-82.98,-170.16
52.41636,-1.551227,152.05,16.33,3,344.97,20 / 22,2187609,2019-09-06 19:56:33:352,-0.9231,-0.6506,9.7903,0.008,-0.0238,9.8065,0.0339,-0.067,0.0593,-2.5,-38,-7.37,197.12,-83.18,-168.41
52.41636,-1.551227,152.05,16.33,3,344.97,20 / 22,2187709,2019-09-06 19:56:33:452,-0.4087,-0.7473,9.2744,0.0154,0.0089,9.8066,0.0035,0.0287,0.039,-3,-37.75,-8.12,202.16,-83.28,-167.19
52.41636,-1.551227,152.05,16.33,3,344.97,20 / 22,2187809,2019-09-06 19:56:33:552,-1.6806,-0.9874,9.8434,0.0123,0.0164,9.8066,-0.0004,-0.003,-0.0011,-3.12,-37.81,-7.62,203.04,-83.1,-165.57
52.41636,-1.551227,152.05,16.33,3,344.97,20 / 22,2187910,2019-09-06 19:56:33:653,0.0827,0.3584,9.8726,0.0091,0.0164,9.8066,0.0852,0.0845,-0.0393,-2.94,-37.44,-7.56,203.16,-83.1,-165.73
52.41636,-1.551227,152.05,16.33,3,344.97,20 / 22,2188009,2019-09-06 19:56:33:752,0.2864,0.2618,9.7954,-0.0103,-0.0243,9.8066,0.0907,0.0127,0.0151,-2.87,-37.62,-7.44,203.44,-82.94,-165.77
52.41636,-1.551227,152.05,16.33,3,344.97,20 / 22,2188110,2019-09-06 19:56:33:853,-0.8674,1.2315,9.6986,-0.0058,-0.0295,9.8065,0.0587,0.0366,0.0521,-2.44,-38.12,-7,198.29,-83.09,-166.41
52.41636,-1.551227,152.05,16.33,3,344.97,20 / 22,2188209,2019-09-06 19:56:33:952,0.524,0.3483,9.3852,-0.0083,0.0666,9.8064,-0.058,0.2643,-0.0845,-2.87,-37.81,-7.31,203.78,-83.45,-166.28
52.41636,-1.551227,152.05,16.33,3,344.97,20 / 22,2188310,2019-09-06 19:56:34:053,-1.2319,-0.2338,9.1178,0.0112,-0.0695,9.8064,-0.1441,-0.2627,0.0891,-2.37,-37.69,-7.94,198.9,-83.61,-165.69
52.41636,-1.551227,152.05,16.33,3,344.97,20 / 22,2188410,2019-09-06 19:56:34:153,0.1373,-0.0162,10.0053,0.0225,-0.0525,9.8064,-0.4919,0.0563,0.0906,-2.44,-37.94,-7.69,200.88,-83.59,-162.7
52.41636,-1.551227,152.05,16.33,3,344.97,20 / 22,2188509,2019-09-06 19:56:34:252,-0.2835,0.8966,9.4561,0.0075,-0.0564,9.8064,0.0996,0.1036,0.0712,-2.5,-38.06,-7.81,202.84,-83.79,-160.14
52.41636,-1.551227,152.05,16.33,3,344.97,20 / 22,2188610,2019-09-06 19:56:34:353,-0.5355,1.1784,9.6836,0.0116,0.0655,9.8064,0.126,-0.089,-0.0145,-2.81,-37.56,-7.69,208.56,-83.72,-158.67
52.41636,-1.551227,152.05,16.33,3,344.97,20 / 22,2188709,2019-09-06 19:56:34:452,-0.4375,-0.8873,9.5692,0.0104,0.0686,9.8063,-0.1741,0.082,0.0065,-2.56,-38.12,-8.44,207.23,-83.28,-159.69
52.41636,-1.551227,152.05,16.33,3,344.97,20 / 22,2188810,2019-09-06 19:56:34:553,-1.029,-0.0442,9.7419,-0.0002,0.0827,9.8062,-0.0348,0.0413,-0.004,-2.56,-37.69,-7.5,208.9,-83.51,-158.63
52.41636,-1.551227,152.05,16.33,3,344.97,20 / 22,2188909,2019-09-06 19:56:34:652,-1.3203,-0.2677,9.4919,-0.0083,-0.0916,9.8061,-0.0178,-0.0985,-0.0057,-2.69,-37.94,-7.87,207.54,-83.56,-159.82
52.41636,-1.551227,152.05,16.33,3,344.97,20 / 22,2189011,2019-09-06 19:56:34:754,-0.8516,-0.9499,9.2162,0.0042,0.0111,9.8066,0.1471,0.0248,0.0351,-2.56,-38.25,-8.5,206.61,-83.2,-160.44
52.41636,-1.551227,152.05,16.33,3,344.97,20 / 22,2189109,2019-09-06 19:56:34:852,-1.0156,-0.3362,10.0482,0.0021,-0.0413,9.8065,0.0177,0.1121,-0.0204,-2.69,-37.81,-8.5,209.02,-83.82,-158.22
52.41636,-1.551227,152.05,16.33,3,344.97,20 / 22,2189210,2019-09-06 19:56:34:953,-0.708,-0.8844,9.8522,-0.0146,0.0323,9.8065,-0.0136,0.123,0.0188,-2.44,-37.44,-7.31,202.9,-83.74,-160.72
52.41636,-1.551227,152.05,16.33,3,344.97,20 / 22,2189309,2019-09-06 19:56:35:052,-0.4826,0.4225,9.7697,0.0001,0.0139,9.8066,-0.0183,0.0442,0.0065,-2.5,-38.12,-8.37,202.24,-83.72,-160.9
52.41636,-1.551227,152.05,16.33,3,344.97,19 / 22,2189410,2019-09-06 19:56:35:153,-1.1003,0.2916,9.4786,0.0045,-0.0034,9.8066,-0.0454,0.0369,0.0013,-1.87,-38.06,-8,202.83,-83.8,-160.19
52.41636,-1.551227,152.05,16.33,3,344.97,19 / 22,2189509,2019-09-06 19:56:35:252,-0.9298,0.7247,9.8178,0.0064,-0.0261,9.8065,0.0389,0.0464,-0.0127,-2.5,-37.87,-7.94,204.36,-84.03,-158.38
52.41636,-1.551227,152.05,16.33,3,344.97,19 / 22,2189610,2019-09-06 19:56:35:353,-1.8703,-0.2109,9.1862,0.0012,-0.0233,9.8066,-0.086,0.0121,0.0378,-1.75,-37.56,-7.94,204.89,-84.06,-157.68
52.41636,-1.551227,152.05,16.33,3,344.97,19 / 22,2189710,2019-09-06 19:56:35:453,0.1999,0.3333,9.7747,0.002,-0.01,9.8065,-0.0939,0.1017,0.0127,-2.56,-37.87,-8.56,209.84,-84.04,-156.77
52.41636,-1.551227,152.05,16.33,3,344.97,19 / 22,2189810,2019-09-06 19:56:35:553,-0.4034,0.226,9.8693,0.0057,0.0153,9.8066,0.077,0.1298,-0.0883,-2.06,-37.37,-7.75,205.35,-83.99,-157.2
52.41636,-1.551227,152.05,16.33,3,344.97,19 / 22,2189910,2019-09-06 19:56:35:653,0.1594,-0.5301,9.5138,-0.0004,0.0104,9.8066,0.3613,-0.06,0.0408,-2.19,-37.94,-8.37,205.47,-83.94,-156.59
52.41636,-1.551227,152.05,16.33,3,344.97,19 / 22,2190010,2019-09-06 19:56:35:753,-1.4731,-2.4258,9.3318,0.005,-0.0357,9.8065,-0.2867,0.0812,-0.0321,-2.25,-37.75,-8.19,203.06,-83.23,-158.82
52.41636,-1.551227,152.05,16.33,3,344.97,19 / 22,2190110,2019-09-06 19:56:35:853,-1.3055,0.8428,10.0819,-0.0046,-0.1379,9.8057,0.2662,-0.0117,-0.0496,-1.94,-37.87,-8.25,208.03,-84.37,-153.85
52.41636,-1.551227,152.05,16.33,3,344.97,19 / 22,2190211,2019-09-06 19:56:35:954,0.2427,-0.2777,10.4611,0.0022,-0.0468,9.8065,-0.3182,-0.1629,0.0786,-2.12,-37.31,-8.37,209,-84.55,-153.22
52.41636,-1.551227,152.05,16.33,3,344.97,19 / 22,2190310,2019-09-06 19:56:36:053,-0.378,-1.3098,10.7321,-0.0049,0.0466,9.8064,0.0977,0.1263,-0.0571,-1.81,-37.69,-7.62,210.73,-85.02,-151.6
52.41636,-1.551227,152.05,16.33,3,344.97,19 / 22,2190409,2019-09-06 19:56:36:152,0.6786,2.2119,10.4647,-0.0059,-0.0997,9.8061,-0.0752,0.0181,-0.0196,-1.69,-37.81,-8.31,208.04,-84.95,-155.09
52.41636,-1.551227,152.05,16.33,3,344.97,19 / 22,2190509,2019-09-06 19:56:36:252,-0.6061,-0.2653,9.7291,-0.0161,0.0783,9.8063,-0.471,-0.0581,0.0914,-1.62,-38.06,-8.19,204.55,-84.42,-158.85
52.41636,-1.551227,152.05,16.33,3,344.97,19 / 22,2190609,2019-09-06 19:56:36:352,-0.8205,0.1097,9.765,-0.0146,0.0176,9.8066,-0.0568,0.0916,0.0295,-1.37,-37.56,-8.44,201.1,-84.88,-157.39
52.41636,-1.551227,152.05,16.33,3,344.97,19 / 22,2190709,2019-09-06 19:56:36:452,-1.1324,-1.5153,9.7661,-0.002,-0.1208,9.8058,-0.0117,-0.1146,0.0504,-0.81,-37.87,-8.19,197.97,-84.34,-160.99
52.41636,-1.551227,152.05,16.33,3,344.97,19 / 22,2190810,2019-09-06 19:56:36:553,-1.2864,-0.0573,9.6577,0.0126,-0.0113,9.8065,0.1199,-0.0268,-0.0214,-1,-38.44,-7.56,201.54,-85.04,-157.05
52.41636,-1.551227,152.05,16.33,3,344.97,19 / 22,2190909,2019-09-06 19:56:36:652,-0.0425,-1.459,10.3538,0.0282,-0.1198,9.8058,-0.0124,0.0976,-0.0131,-0.5,-38.12,-7.94,195.58,-84.84,-157.89
52.41636,-1.551227,152.05,16.33,3,344.97,19 / 22,2191010,2019-09-06 19:56:36:753,-0.7209,-0.7472,9.6083,0.0051,0.0077,9.8066,-0.0209,0.0711,0.1278,-0.81,-38,-8.19,203.42,-85.12,-154.61
52.41636,-1.551227,152.05,16.33,3,344.97,19 / 22,2191109,2019-09-06 19:56:36:852,-0.9534,0.4822,9.1265,0.0122,0.014,9.8066,0.1144,0.0115,-0.0277,-0.81,-37.62,-7.94,206.93,-85.44,-150.51
52.41636,-1.551227,152.05,16.33,3,344.97,19 / 22,2191210,2019-09-06 19:56:36:953,-0.4009,0.309,10.5266,0.0133,0.0052,9.8065,0.089,-0.0001,0.0031,-1.06,-37.62,-7.81,206.27,-85.25,-150.99
52.41636,-1.551227,152.05,16.33,3,344.97,19 / 22,2191310,2019-09-06 19:56:37:053,-2.0094,-2.5776,9.2347,-0.0045,-0.0073,9.8066,0.6061,-0.0154,0.1125,-0.87,-38.19,-7.62,207.29,-85.18,-149.46
52.41636,-1.551227,152.05,16.33,3,344.97,19 / 21,2191410,2019-09-06 19:56:37:153,0.541,-0.019,9.75,-0.0105,-0.0051,9.8066,-0.3729,0.2343,-0.0347,-0.31,-37.5,-7.62,198.5,-84.53,-153.54
52.41636,-1.551227,152.05,16.33,3,344.97,19 / 21,2191510,2019-09-06 19:56:37:253,-1.6984,-3.8075,8.9172,0.0143,-0.0093,9.8066,0.2144,-0.0231,-0.0849,-0.44,-37.31,-7.62,200.6,-85.11,-151.5
52.41636,-1.551227,152.05,16.33,3,344.97,19 / 21,2191609,2019-09-06 19:56:37:352,-1.2898,-2.0012,8.7298,-0.0297,0.0086,9.8065,0.0121,0.0853,-0.1089,-0.87,-37.62,-7.37,204.11,-85.32,-153.75
52.41636,-1.551227,152.05,16.33,3,344.97,19 / 21,2191710,2019-09-06 19:56:37:453,-1.0789,-1.1723,8.9698,-0.0326,-0.0469,9.8064,0.1544,0.0182,-0.0636,-0.19,-37.56,-8.25,198.67,-85.62,-154.7
52.41636,-1.551227,152.05,16.33,3,344.97,19 / 21,2191810,2019-09-06 19:56:37:553,-1.1056,-0.8383,9.8195,-0.039,-0.0069,9.8065,0.0399,0.1093,-0.1276,0.31,-37.81,-7.31,194,-85.73,-160.42
52.41636,-1.551227,152.05,16.33,3,344.97,19 / 21,2191910,2019-09-06 19:56:37:653,-0.5553,0.4297,10.1225,-0.0052,-0.0524,9.8065,0.0342,0.1045,-0.052,0.44,-37.94,-7.37,190.88,-85.84,-164.89
52.41636,-1.551227,152.05,16.33,3,344.97,19 / 21,2192010,2019-09-06 19:56:37:753,-1.2188,0.613,10.6216,0.0041,-0.0897,9.8061,0.1706,-0.0338,-0.0466,0.63,-38.25,-7.87,184.72,-86.52,-166.81
52.41636,-1.551227,152.05,16.33,3,344.97,19 / 21,2192109,2019-09-06 19:56:37:852,-0.1779,-1.2858,9.5174,-0.0194,0.1717,9.8051,-0.5026,0.1036,0.0599,0.13,-37.56,-7.56,188.71,-86.15,-168.54
52.41636,-1.551227,152.05,16.33,3,344.97,19 / 21,2192210,2019-09-06 19:56:37:953,-1.8986,-2.1421,9.0235,-0.0167,0.0699,9.8063,-0.7847,0.2759,0.024,0.38,-37.31,-8.19,191.14,-86.66,-165.89
52.41636,-1.551227,152.05,16.33,3,344.97,19 / 21,2192309,2019-09-06 19:56:38:052,1.0347,0.3769,10.2493,-0.002,0.0628,9.8064,-0.1029,-0.0402,0.1593,0.75,-37.62,-8.19,188.64,-86.69,-161.91
52.41636,-1.551227,152.05,16.33,3,344.97,20 / 22,2192410,2019-09-06 19:56:38:153,0.4971,-1.6643,9.5641,-0.0302,0.1108,9.806,-0.3797,0.0347,0.0066,1.69,-37.81,-8.06,179.06,-86.07,-167.2
52.41636,-1.551227,152.05,16.33,3,344.97,20 / 22,2192510,2019-09-06 19:56:38:253,0.0838,-0.0631,10.3825,0.0072,-0.0672,9.8064,0.2712,0.1419,-0.0111,1.06,-38.12,-6.81,184.45,-86.49,-165.96
52.41636,-1.551227,152.05,16.33,3,344.97,20 / 22,2192609,2019-09-06 19:56:38:352,-1.3299,1.1766,9.968,0.0041,-0.1352,9.8056,0.4082,0.1184,-0.1315,1.69,-38.25,-7.06,178.66,-87.31,-165.72
52.41636,-1.551227,152.05,16.33,3,344.97,20 / 22,2192710,2019-09-06 19:56:38:453,-0.0918,0.0782,10.2605,-0.0438,0.0474,9.8064,0.1204,0.2477,-0.1586,1.94,-38.12,-6.62,173.6,-87.06,-172.15
52.41636,-1.551227,152.05,16.33,3,344.97,20 / 22,2192810,2019-09-06 19:56:38:553,-0.4214,0.4963,10.2839,0.0035,-0.0265,9.8065,-0.004,0.0521,0.0281,1.88,-37.87,-6.19,169.17,-86.99,-175.79
52.41636,-1.551227,152.05,16.33,3,344.97,20 / 22,2192909,2019-09-06 19:56:38:652,-0.8503,0.0943,9.6646,-0.005,0.0363,9.8066,-0.0026,0.1856,0.0206,1.94,-37.87,-7,171.93,-86.83,-174.44
52.41636,-1.551227,152.05,16.33,3,344.97,20 / 22,2193009,2019-09-06 19:56:38:752,0.0012,0.7202,10.2235,0.0233,-0.082,9.8062,-0.161,-0.1254,0.0264,1.5,-37.37,-6.56,174.64,-87.3,-170.68
52.41636,-1.551227,152.05,16.33,3,344.97,20 / 22,2193110,2019-09-06 19:56:38:853,-0.3031,-0.8392,9.4197,-0.0067,0.0824,9.8063,-0.1936,0.1175,-0.0122,1.44,-37.94,-6.62,181.95,-87.49,-169.46
52.41636,-1.551227,152.05,16.33,3,344.97,20 / 22,2193210,2019-09-06 19:56:38:953,0.073,-1.4852,10.5165,-0.0272,-0.0046,9.8065,-0.0344,0.027,0.0028,1,-37.62,-6.44,176.76,-87.19,-174.77
52.41636,-1.551227,152.05,16.33,3,344.97,20 / 22,2193310,2019-09-06 19:56:39:053,0.3135,0.0849,9.7822,0.0026,-0.0201,9.8065,-0.0374,0.0834,-0.0055,2.13,-38.31,-6.87,172.37,-87.27,-173.57
52.417538,-1.551898,154.78,14.2,3,330.55,20 / 21,2193410,2019-09-06 19:56:39:153,-0.2733,-0.1828,10.146,0.0072,-0.0113,9.8066,0.0774,0.0656,0.022,1.88,-38,-6.31,172.14,-87.4,-171.55
52.417538,-1.551898,154.78,14.2,3,330.55,20 / 21,2193510,2019-09-06 19:56:39:253,-0.082,-0.5625,10.435,-0.0649,0.09,9.8059,-0.3786,0.1095,-0.0572,1.44,-37.87,-5.75,176.29,-86.38,-175.7
52.417538,-1.551898,154.78,14.2,3,330.55,20 / 21,2193610,2019-09-06 19:56:39:353,-0.3031,-1.0285,10.2975,0.0133,-0.0308,9.8065,0.0318,-0.0528,0.0566,1.69,-38,-6.94,170.46,-87.23,-175.99
52.417538,-1.551898,154.78,14.2,3,330.55,20 / 21,2193709,2019-09-06 19:56:39:452,0.2888,-0.1295,10.0579,0.0034,-0.0139,9.8066,-0.0382,0.0528,0.0249,1.69,-37.69,-6.25,170.96,-87.2,-173.23
52.417538,-1.551898,154.78,14.2,3,330.55,20 / 21,2193810,2019-09-06 19:56:39:553,0.116,0.0267,10.2277,0.001,0.008,9.8066,-0.0474,0.012,0.047,1.44,-37.81,-6.69,180.67,-87.34,-171.03
52.417538,-1.551898,154.78,14.2,3,330.55,20 / 21,2193910,2019-09-06 19:56:39:653,1.1312,-0.5691,10.1723,-0.01,-0.0191,9.8065,0.0568,0.0518,0.0273,1,-37.75,-6.37,181.61,-87.28,-168.45
52.417538,-1.551898,154.78,14.2,3,330.55,20 / 21,2194010,2019-09-06 19:56:39:753,-0.3066,0.6263,10.4518,-0.0078,-0.0228,9.8066,-0.0339,0.0136,-0.0854,1.38,-37.87,-6.75,180.46,-87.22,-171.29
52.417538,-1.551898,154.78,14.2,3,330.55,20 / 21,2194109,2019-09-06 19:56:39:852,0.4954,-0.4559,10.1165,0.0022,-0.0722,9.8063,0.0859,0.0586,-0.0694,1.75,-38.19,-7.19,169.89,-87.74,-176.23
52.417538,-1.551898,154.78,14.2,3,330.55,20 / 21,2194210,2019-09-06 19:56:39:953,-1.4595,0.662,9.4059,0.0111,-0.043,9.8065,0.326,0.0833,-0.0376,1.88,-37.75,-6.44,166.82,-87.78,-177.78
52.417538,-1.551898,154.78,14.2,3,330.55,20 / 21,2194310,2019-09-06 19:56:40:053,-0.3939,-0.4337,9.8461,-0.013,-0.0164,9.8066,0.0543,-0.0563,-0.0566,1.94,-37.62,-6.75,161.23,-87.6,173.17
52.417538,-1.551898,154.78,14.2,3,330.55,22 / 23,2194409,2019-09-06 19:56:40:152,0.1882,-0.4977,10.2856,-0.0231,0.0425,9.8064,-0.0756,-0.0161,-0.0539,1.81,-38.19,-6.19,157.8,-87.17,169.82
52.417538,-1.551898,154.78,14.2,3,330.55,22 / 23,2194509,2019-09-06 19:56:40:252,-1.0789,0.0591,9.9553,-0.0111,-0.047,9.8065,0.0509,0.013,0.0458,2.44,-38.5,-6.19,156.6,-86.92,167.7
52.417538,-1.551898,154.78,14.2,3,330.55,22 / 23,2194609,2019-09-06 19:56:40:352,0.0392,-1.7799,9.9068,-0.0176,-0.0329,9.8066,0.1147,0.0503,-0.0195,2.81,-37.75,-6.44,141.69,-87.27,158.65
52.417538,-1.551898,154.78,14.2,3,330.55,22 / 23,2194709,2019-09-06 19:56:40:452,-0.9487,0.9585,9.7917,-0.0051,-0.0246,9.8066,0.0052,0.0213,-0.0392,2.5,-38.37,-7.19,137.5,-87.22,151.33
52.417538,-1.551898,154.78,14.2,3,330.55,22 / 23,2194810,2019-09-06 19:56:40:553,-0.5083,-0.0395,10.3587,-0.0252,0.0295,9.8066,0.1397,0.0226,-0.0072,3.31,-38.44,-6.31,130.65,-87.24,145.27
52.417538,-1.551898,154.78,14.2,3,330.55,22 / 23,2194909,2019-09-06 19:56:40:652,-0.9535,-1.3789,10.3114,-0.0252,0.001,9.8066,0.0005,0.1675,-0.035,4,-37.44,-6.19,120.24,-86.97,140.4
52.417538,-1.551898,154.78,14.2,3,330.55,22 / 23,2195010,2019-09-06 19:56:40:753,-0.8598,0.1369,10.2305,-0.0183,-0.0113,9.8066,0.0066,0.1369,0.0604,3.31,-37.69,-6.56,131.23,-86.76,142.2
52.417538,-1.551898,154.78,14.2,3,330.55,22 / 23,2195109,2019-09-06 19:56:40:852,-0.6611,1.5995,9.4725,-0.0106,-0.0157,9.8066,0.0784,0.16,-0.1166,3.88,-37.31,-6.06,120.61,-86.6,139.12
52.417538,-1.551898,154.78,14.2,3,330.55,22 / 23,2195209,2019-09-06 19:56:40:952,-1.8443,-0.6525,9.9162,-0.0264,0.0213,9.8066,-0.1158,0.1018,-0.0812,4.44,-37.25,-5.75,122.35,-86.18,139.31
52.417538,-1.551898,154.78,14.2,3,330.55,22 / 23,2195309,2019-09-06 19:56:41:052,-1.2093,-0.9591,10.2624,-0.0043,-0.0011,9.8066,0.0413,0.2045,-0.0358,4.56,-37,-6.19,113.4,-86.12,136.12
52.417538,-1.551898,154.78,14.2,3,330.55,20 / 22,2195410,2019-09-06 19:56:41:153,-1.5075,-1.032,10.0978,-0.0355,-0.036,9.8065,-0.0747,0.1476,-0.0261,5.81,-37.31,-5.81,106.3,-85.79,133.39
52.417538,-1.551898,154.78,14.2,3,330.55,20 / 22,2195509,2019-09-06 19:56:41:252,-2.2243,-0.672,10.726,-0.0048,0.0073,9.8066,-0.0104,0.2267,-0.0415,5.69,-37.56,-5.06,102.36,-85.6,131.13
52.417538,-1.551898,154.78,14.2,3,330.55,20 / 22,2195609,2019-09-06 19:56:41:352,-1.8656,-1.4141,10.1,-0.0124,-0.0355,9.8066,0.0374,0.1647,0.001,5.69,-37.75,-4.75,101.7,-85.38,129.3
52.417538,-1.551898,154.78,14.2,3,330.55,20 / 22,2195710,2019-09-06 19:56:41:453,-1.8872,-1.6386,9.746,-0.0171,-0.0044,9.8066,-0.0914,0.2591,-0.0554,6.19,-37.19,-4.81,102.34,-85.21,129.76
52.417538,-1.551898,154.78,14.2,3,330.55,20 / 22,2195810,2019-09-06 19:56:41:553,-1.9371,-1.2411,9.2715,0.0029,0.0191,9.8066,-0.0515,0.1726,0.0178,6.56,-36.69,-5.25,95.43,-85.14,128.54
52.417538,-1.551898,154.78,14.2,3,330.55,20 / 22,2195910,2019-09-06 19:56:41:653,-1.7749,-0.9902,9.3606,0.0106,-0.0201,9.8065,0.0296,0.1749,0.03,6.06,-37.56,-4.87,100.93,-85.39,128.49
52.417538,-1.551898,154.78,14.2,3,330.55,20 / 22,2196010,2019-09-06 19:56:41:753,-1.925,-1.0419,10.3807,0.0187,0.0078,9.8066,0.1415,0.1951,-0.0418,6.63,-37.37,-4.06,89.84,-85.51,128.99
52.417538,-1.551898,154.78,14.2,3,330.55,20 / 22,2196110,2019-09-06 19:56:41:853,-2.1659,-0.533,10.0498,-0.0226,0.0334,9.8065,0.0699,0.1314,0.0046,7.19,-37.19,-3.87,96.28,-85.04,133.25
52.417538,-1.551898,154.78,14.2,3,330.55,20 / 22,2196210,2019-09-06 19:56:41:953,-1.1815,-1.288,10.307,0.0064,-0.0195,9.8066,0.1588,0.2186,-0.0359,7.06,-37.06,-3,92.33,-84.98,133.91
52.417538,-1.551898,154.78,14.2,3,330.55,20 / 22,2196309,2019-09-06 19:56:42:052,-1.9377,-0.6499,9.9761,-0.0272,0.0082,9.8065,-0.0914,0.1564,-0.0268,7.06,-36.87,-2.56,94.17,-84.81,134.89
52.417538,-1.551898,154.78,14.2,3,330.55,20 / 22,2196410,2019-09-06 19:56:42:153,-1.9868,-1.2557,9.4623,-0.0087,-0.0002,9.8066,0.0268,0.257,-0.0101,7.88,-37.44,-2.87,87.47,-84.78,133.6
52.417538,-1.551898,154.78,14.2,3,330.55,20 / 22,2196510,2019-09-06 19:56:42:253,-2.1142,-1.5055,9.5759,0.0022,-0.0302,9.8066,0.0475,0.199,0.0145,7.81,-37.31,-2.69,85.62,-84.76,131.7
52.417538,-1.551898,154.78,14.2,3,330.55,20 / 22,2196610,2019-09-06 19:56:42:353,-2.278,-0.7538,10.2562,-0.0159,-0.0169,9.8066,0.0003,0.2142,-0.0251,8.13,-36.69,-2.94,83.38,-84.55,128.56
52.417538,-1.551898,154.78,14.2,3,330.55,20 / 22,2196709,2019-09-06 19:56:42:452,-1.2979,-1.1891,9.7845,-0.0352,0.0175,9.8065,-0.1172,0.158,-0.0354,8.5,-36.94,-2.12,76.35,-84.24,130.6
52.417538,-1.551898,154.78,14.2,3,330.55,20 / 22,2196811,2019-09-06 19:56:42:554,-1.2141,-1.8781,9.5365,0.0043,-0.0335,9.8066,0.0144,0.1358,0.0641,9.19,-37,-1.75,76.71,-84.05,130.08
52.417538,-1.551898,154.78,14.2,3,330.55,20 / 22,2196910,2019-09-06 19:56:42:653,-1.7073,-1.3711,10.2776,-0.0386,0.0263,9.8065,0.0675,0.1898,-0.0187,9.5,-36.94,-1.56,70.59,-84.02,128.2
52.417538,-1.551898,154.78,14.2,3,330.55,20 / 22,2197010,2019-09-06 19:56:42:753,-1.7073,-1.3711,10.2776,-0.0386,0.0263,9.8065,0.0675,0.1898,-0.0187,9.5,-36.94,-1.56,70.59,-84.02,128.2
52.417538,-1.551898,154.78,14.2,3,330.55,20 / 22,2197110,2019-09-06 19:56:42:853,-1.4931,-1.3184,10.5675,-0.0033,-0.003,9.8066,-0.007,0.1414,-0.0302,9.13,-37.12,-1.75,77.82,-83.86,130.26
52.417538,-1.551898,154.78,14.2,3,330.55,20 / 22,2197210,2019-09-06 19:56:42:953,-1.6415,-1.3158,9.6967,-0.0141,-0.0258,9.8065,-0.0747,0.1285,-0.0118,9.88,-37.62,-0.5,61,-83.69,129.31
52.417538,-1.551898,154.78,14.2,3,330.55,20 / 22,2197309,2019-09-06 19:56:43:052,-1.4533,-1.7273,9.5622,0.0012,0.01,9.8066,0.0531,0.1903,-0.0076,9.63,-36.81,-0.62,72.15,-83.57,133.08
52.417538,-1.551898,154.78,14.2,3,330.55,21 / 22,2197409,2019-09-06 19:56:43:152,-1.045,-0.0953,9.3944,-0.0018,-0.0012,9.8066,0.0036,0.1895,-0.0056,9.81,-37.06,0,66.21,-83.6,133.77
52.417538,-1.551898,154.78,14.2,3,330.55,21 / 22,2197509,2019-09-06 19:56:43:252,-0.228,0.3609,9.7601,0.0033,-0.0149,9.8065,-0.0356,0.08,0.041,9.88,-37.19,0.06,66.13,-83.6,133.71
52.417538,-1.551898,154.78,14.2,3,330.55,21 / 22,2197610,2019-09-06 19:56:43:353,-1.3091,0.0488,8.5616,0.0066,0.009,9.8066,-0.1234,0.1211,0.0042,9.5,-37.06,0.06,65.04,-83.65,133.01
52.417538,-1.551898,154.78,14.2,3,330.55,21 / 22,2197710,2019-09-06 19:56:43:453,0.8951,-0.8866,9.1139,0.0616,-0.003,9.8064,-0.0394,0.035,0.099,10.25,-37.12,-0.5,66.18,-83.73,134.26
52.417538,-1.551898,154.78,14.2,3,330.55,21 / 22,2197810,2019-09-06 19:56:43:553,1.5801,-0.044,8.9499,-0.0016,-0.0092,9.8066,-0.0294,0.1232,0.0321,9.5,-36.87,0.44,63.92,-84.02,133.45
52.417538,-1.551898,154.78,14.2,3,330.55,21 / 22,2197909,2019-09-06 19:56:43:652,-0.8312,0.9616,9.5059,0.0001,0.009,9.8066,0.0129,-0.0363,0.0592,9.56,-37.12,0.38,68.88,-83.88,137.06
52.417538,-1.551898,154.78,14.2,3,330.55,21 / 22,2198009,2019-09-06 19:56:43:752,0.1491,-0.1688,9.2978,-0.0803,-0.0041,9.8063,0.0599,0.0481,0.1161,9.63,-37.06,0.69,65.42,-83.57,138.85
52.417538,-1.551898,154.78,14.2,3,330.55,21 / 22,2198110,2019-09-06 19:56:43:853,1.0884,1.6623,10.1616,0.054,-0.0184,9.8064,0.0867,-0.0104,0.0897,9.38,-37.31,0.38,69.94,-84.11,136.38
52.417538,-1.551898,154.78,14.2,3,330.55,21 / 22,2198210,2019-09-06 19:56:43:953,-0.8912,1.2123,10.142,0.0152,-0.0018,9.8065,-0.2254,0.0395,-0.0956,9.13,-36.62,0.5,64.82,-84,138.21
52.417538,-1.551898,154.78,14.2,3,330.55,21 / 22,2198310,2019-09-06 19:56:44:053,-0.2072,0.9273,9.4585,-0.0548,0.0354,9.8063,-0.0973,-0.017,0.1058,9.56,-37.56,0.63,62.25,-83.87,136.78
52.417538,-1.551898,154.78,14.2,3,330.55,20 / 21,2198410,2019-09-06 19:56:44:153,-0.0675,1.0503,9.5338,0.0205,0.0231,9.8065,0.0383,-0.1455,0.0875,9.5,-36.69,0.75,67.51,-83.97,142.05
52.417538,-1.551898,154.78,14.2,3,330.55,20 / 21,2198510,2019-09-06 19:56:44:253,-0.1025,2.7199,10.5187,-0.0277,0.0886,9.8062,-0.1587,-0.0195,-0.0504,8.94,-36.37,0.94,76.53,-84.23,149.81
52.417538,-1.551898,154.78,14.2,3,330.55,20 / 21,2198610,2019-09-06 19:56:44:353,0.1119,0.6895,9.5763,-0.0254,-0.0714,9.8063,0.2926,0.0188,-0.1722,9.44,-37.12,0.69,68.96,-84.73,144.65
52.417538,-1.551898,154.78,14.2,3,330.55,20 / 21,2198710,2019-09-06 19:56:44:453,1.5562,0.7658,9.9945,0.0171,-0.0336,9.8065,0.0145,-0.1092,0.0934,8.81,-36.56,1.06,68.39,-83.88,140.59
52.417538,-1.551898,154.78,14.2,3,330.55,20 / 21,2198810,2019-09-06 19:56:44:553,0.8846,2.481,9.8018,0.0336,-0.0015,9.8065,0.0157,-0.1104,0.0038,7.94,-37.12,0,80.57,-84.18,142.82
52.417538,-1.551898,154.78,14.2,3,330.55,20 / 21,2198909,2019-09-06 19:56:44:652,1.2497,2.6516,9.6662,-0.0308,0.0207,9.8065,0.0515,-0.1278,0.0383,7.88,-36.56,0.38,81.64,-84.2,143.92
52.417538,-1.551898,154.78,14.2,3,330.55,20 / 21,2199009,2019-09-06 19:56:44:752,1.6257,2.7887,10.0274,0.0477,-0.0217,9.8064,0.0938,-0.1967,0.0694,8.56,-37.25,0,74.68,-84.52,142.28
52.417538,-1.551898,154.78,14.2,3,330.55,20 / 21,2199110,2019-09-06 19:56:44:853,1.2062,2.23,9.8729,0.0364,-0.0142,9.8066,0.0611,-0.1736,0.0354,8.31,-37.06,0.13,77.76,-84.59,142.35
52.417538,-1.551898,154.78,14.2,3,330.55,20 / 21,2199209,2019-09-06 19:56:44:952,0.6498,2.8538,9.6688,-0.0157,-0.0056,9.8066,0.0186,-0.165,0.0243,7.88,-37.56,-0.31,79.12,-84.39,141.81
52.417538,-1.551898,154.78,14.2,3,330.55,21 / 22,2199309,2019-09-06 19:56:45:052,0.7041,2.5807,9.9638,0.0145,-0.0059,9.8065,0.0565,-0.1662,0.0077,7.81,-37.19,-0.25,77.55,-84.4,141.2
52.417538,-1.551898,154.78,14.2,3,330.55,21 / 22,2199409,2019-09-06 19:56:45:152,1.3066,2.7636,9.2163,0.025,-0.0275,9.8066,-0.1214,-0.177,0.0254,7.13,-37.44,-0.69,89.24,-84.45,140.57
52.417538,-1.551898,154.78,14.2,3,330.55,21 / 22,2199510,2019-09-06 19:56:45:253,1.8462,3.6955,10.079,-0.0127,0.0159,9.8065,-0.0607,-0.1349,-0.0097,7.44,-37,-1.25,88.67,-84.49,140.21
52.417538,-1.551898,154.78,14.2,3,330.55,21 / 22,2199610,2019-09-06 19:56:45:353,2.1962,2.7889,9.1418,0.0152,-0.0339,9.8065,-0.085,-0.1622,0.0127,7.75,-37.12,-1.31,81.11,-84.47,137.89
52.417538,-1.551898,154.78,14.2,3,330.55,21 / 22,2199710,2019-09-06 19:56:45:453,2.513,2.9039,10.0503,-0.0195,0.0079,9.8066,-0.1994,-0.2224,-0.0331,7.13,-37.44,-1.62,94.52,-84.32,138.36
52.417538,-1.551898,154.78,14.2,3,330.55,21 / 22,2199809,2019-09-06 19:56:45:552,2.589,1.8874,9.9658,0.0366,-0.0222,9.8065,0.1539,-0.1329,0.1471,6.88,-37.56,-1.81,96.11,-84.34,139.23
52.417538,-1.551898,154.78,14.2,3,330.55,21 / 22,2199909,2019-09-06 19:56:45:652,2.1718,2.5958,9.7333,0.0024,-0.0023,9.8066,-0.0009,-0.1525,0.0346,6.81,-37.19,-1.81,96.79,-84.44,141.43
52.417538,-1.551898,154.78,14.2,3,330.55,21 / 22,2200009,2019-09-06 19:56:45:752,1.5294,1.5139,10.4476,0.0057,-0.0181,9.8066,-0.0544,-0.1712,-0.031,6.19,-37.62,-2.56,107.72,-84.48,139.84
52.417538,-1.551898,154.78,14.2,3,330.55,21 / 22,2200110,2019-09-06 19:56:45:853,1.9397,2.7199,9.5066,-0.0058,0.0076,9.8066,0.0382,-0.1548,0.0877,6.25,-37.69,-2.25,102.79,-84.63,141.01
52.417538,-1.551898,154.78,14.2,3,330.55,21 / 22,2200210,2019-09-06 19:56:45:953,0.1394,4.1333,9.196,0.0008,0.0008,9.8066,-0.2001,-0.1759,0.0385,5.81,-37.25,-2.81,106.43,-84.68,140.41
52.417538,-1.551898,154.78,14.2,3,330.55,21 / 22,2200309,2019-09-06 19:56:46:052,2.7193,2.6908,9.1598,-0.0071,0.0203,9.8066,-0.1925,-0.2632,0.0681,5.38,-37.37,-3.69,116.74,-84.84,140.41
52.417538,-1.551898,154.78,14.2,3,330.55,21 / 22,2200409,2019-09-06 19:56:46:152,0.6651,0.9135,9.7898,0.0123,-0.0226,9.8066,0.278,-0.3308,0.0801,5.63,-37.44,-4.06,108.27,-84.88,138.75
52.417538,-1.551898,154.78,14.2,3,330.55,21 / 22,2200509,2019-09-06 19:56:46:252,3.9196,1.5753,9.121,-0.0052,0.0087,9.8066,0.0125,-0.1377,0.009,5.63,-37.81,-3.37,105.64,-84.91,140.08
52.417538,-1.551898,154.78,14.2,3,330.55,21 / 22,2200609,2019-09-06 19:56:46:352,2.6598,3.1481,9.7257,0.0264,-0.0706,9.8063,0.1958,-0.1451,0.0191,5.31,-37.81,-4.44,114.32,-85.27,139.19
52.417538,-1.551898,154.78,14.2,3,330.55,21 / 22,2200709,2019-09-06 19:56:46:452,1.2912,2.9154,9.7156,0.0237,-0.031,9.8065,0.1917,-0.248,-0.0492,4.88,-37.5,-4.44,114.86,-85.26,140.5
52.417538,-1.551898,154.78,14.2,3,330.55,21 / 22,2200810,2019-09-06 19:56:46:553,2.5033,3.2075,9.4478,0.0257,0.0097,9.8066,-0.056,-0.1574,-0.0152,4.38,-37.75,-4.81,124.2,-85.58,140.64
52.417538,-1.551898,154.78,14.2,3,330.55,21 / 22,2200910,2019-09-06 19:56:46:653,2.8323,0.9672,9.7783,0.0092,-0.0121,9.8066,0.0633,-0.2186,0.0897,4.31,-37.44,-4.69,122.6,-85.69,139.83
52.417538,-1.551898,154.78,14.2,3,330.55,21 / 22,2201009,2019-09-06 19:56:46:752,2.0622,2.3735,10.0558,-0.0026,0.0203,9.8065,-0.0284,-0.0876,0.008,3.88,-37.06,-4.62,123.71,-85.68,141.18
52.417538,-1.551898,154.78,14.2,3,330.55,21 / 22,2201110,2019-09-06 19:56:46:853,1.3884,1.49,9.9857,0.003,0.0155,9.8066,-0.0817,-0.1045,-0.0008,4,-37,-5.62,128.25,-85.62,144.06
52.417538,-1.551898,154.78,14.2,3,330.55,21 / 22,2201210,2019-09-06 19:56:46:953,1.532,2.0112,9.9336,0.0058,-0.008,9.8066,0.0246,-0.1036,0.0044,4.25,-37.19,-4.69,126.25,-85.61,144.03
52.417538,-1.551898,154.78,14.2,3,330.55,21 / 22,2201310,2019-09-06 19:56:47:053,0.6005,2.468,9.5896,-0.002,0.0083,9.8066,0.0013,-0.0932,0.0233,4.44,-37.5,-4.62,127.86,-85.51,145.64
52.417538,-1.551898,154.78,14.2,3,330.55,21 / 22,2201410,2019-09-06 19:56:47:153,1.5102,1.7165,9.8967,-0.0018,0.0268,9.8066,0.1445,-0.1045,-0.0161,3.94,-37.19,-5.75,131.71,-85.43,147.7
52.417538,-1.551898,154.78,14.2,3,330.55,21 / 22,2201509,2019-09-06 19:56:47:252,0.2488,2.6288,9.8537,-0.005,0.0022,9.8066,-0.0234,-0.0781,0.0008,4.13,-37.19,-4.94,130.52,-85.38,148.52
52.417538,-1.551898,154.78,14.2,3,330.55,21 / 22,2201610,2019-09-06 19:56:47:353,0.9086,1.6466,9.5603,-0.005,0.0097,9.8066,0.011,-0.0378,-0.0321,3.63,-37.75,-5.87,132.61,-85.3,147.84
52.417538,-1.551898,154.78,14.2,3,330.55,21 / 22,2201709,2019-09-06 19:56:47:452,-0.1423,1.6056,8.7951,-0.0084,-0.0037,9.8066,-0.0322,-0.0059,0.0064,3.31,-37.69,-5.69,138.64,-85.36,147.65
52.417538,-1.551898,154.78,14.2,3,330.55,21 / 22,2201810,2019-09-06 19:56:47:553,-0.2264,0.0096,9.7904,-0.003,0.0019,9.8066,0.0196,-0.0044,-0.0547,3.19,-37.75,-5.81,137.48,-85.41,146.26
52.417538,-1.551898,154.78,14.2,3,330.55,21 / 22,2201909,2019-09-06 19:56:47:652,1.2378,1.5269,10.0623,-0.0068,0.0028,9.8066,-0.0223,-0.0173,0.0574,2.81,-37.56,-5.37,136.01,-85.42,145.87
52.417538,-1.551898,154.78,14.2,3,330.55,21 / 22,2202010,2019-09-06 19:56:47:753,0.5686,1.4539,10.0956,-0.0021,0.0406,9.8065,0.1853,0.0456,0.0227,2.25,-38,-4.94,144.88,-85.24,147.06
52.417538,-1.551898,154.78,14.2,3,330.55,21 / 22,2202109,2019-09-06 19:56:47:852,0.281,0.0516,9.5275,0.0047,-0.0268,9.8066,0.1214,0.0048,-0.0118,2.94,-37.81,-4.87,136.93,-85.3,146.58
52.417538,-1.551898,154.78,14.2,3,330.55,21 / 22,2202210,2019-09-06 19:56:47:953,-0.3917,1.611,10.2497,-0.0045,0.0029,9.8066,0.1124,0.0034,0.0394,3.56,-37.62,-5.12,131.24,-85.12,147.66
52.417538,-1.551898,154.78,14.2,3,330.55,21 / 22,2202309,2019-09-06 19:56:48:052,0.6469,2.7393,9.6638,0.0131,0.0046,9.8066,0.0401,-0.0286,-0.0847,3.25,-37.87,-4.94,138.87,-85.14,148.62
52.418262,-1.553039,155.45,14.34,4,325.7,21 / 22,2202410,2019-09-06 19:56:48:153,0.5217,0.8967,10.2412,-0.0057,0.0352,9.8065,-0.0922,-0.0466,0.0357,3.19,-37.94,-4,137.07,-85.16,148.07
52.418262,-1.553039,155.45,14.34,4,325.7,21 / 22,2202510,2019-09-06 19:56:48:253,-0.3095,1.2849,10.06,0.007,-0.018,9.8065,0.127,-0.016,0.0008,3.25,-38.19,-4.81,140.73,-84.93,150.39
52.418262,-1.553039,155.45,14.34,4,325.7,21 / 22,2202610,2019-09-06 19:56:48:353,-0.0687,1.4311,9.4188,0.0181,-0.0413,9.8065,0.1047,-0.0106,0.0422,3.38,-37.94,-5.06,141.1,-85.04,151.4
52.418262,-1.553039,155.45,14.34,4,325.7,21 / 22,2202709,2019-09-06 19:56:48:452,1.0808,1.8838,9.8753,0.0146,-0.0272,9.8066,-0.024,0.032,-0.0559,2.88,-37.75,-5,141.92,-85.08,152.79
52.418262,-1.553039,155.45,14.34,4,325.7,21 / 22,2202810,2019-09-06 19:56:48:553,0.7167,1.4289,9.7422,0.0044,-0.0191,9.8066,0.1212,-0.0741,0.0441,2.81,-38,-4.81,142.74,-85.27,154.79
52.418262,-1.553039,155.45,14.34,4,325.7,21 / 22,2202909,2019-09-06 19:56:48:652,0.3154,2.6452,10.0311,0.0222,-0.0283,9.8065,-0.1755,0.0096,-0.0035,2.56,-37.69,-4.94,143.07,-85.43,155.94
52.418262,-1.553039,155.45,14.34,4,325.7,21 / 22,2203009,2019-09-06 19:56:48:752,0.0518,3.1935,9.8172,0.0042,0.0527,9.8064,-0.2024,-0.0594,-0.0309,2.63,-37.94,-5,141.94,-85.54,154.75
52.418262,-1.553039,155.45,14.34,4,325.7,21 / 22,2203110,2019-09-06 19:56:48:853,0.8796,0.0812,9.2846,-0.0313,0.1062,9.806,0.0662,-0.1202,0.0863,2.88,-37.12,-5.44,144.39,-85.1,157.04
52.418262,-1.553039,155.45,14.34,4,325.7,21 / 22,2203209,2019-09-06 19:56:48:952,-0.284,-2.2667,10.0405,0.0368,-0.0746,9.8062,-0.0299,0.0759,-0.1043,2.63,-37.5,-5.19,143.32,-85.52,157.11
52.418262,-1.553039,155.45,14.34,4,325.7,21 / 22,2203309,2019-09-06 19:56:49:052,2.3048,-2.1011,9.5631,0.0048,-0.0493,9.8065,0.3129,0.0243,0.0576,2.69,-37.31,-5.12,145.13,-85.16,158.34
52.418262,-1.553039,155.45,14.34,4,325.7,21 / 22,2203410,2019-09-06 19:56:49:153,0.4864,2.4967,10.0104,0.0129,-0.0586,9.8064,0.353,-0.0431,0.0172,2.38,-36.94,-5.5,152.5,-85.42,159.68
52.418262,-1.553039,155.45,14.34,4,325.7,21 / 22,2203510,2019-09-06 19:56:49:253,0.442,1.4444,10.5474,-0.0011,0.0608,9.8064,-0.2849,-0.0327,0.0026,2.44,-37,-5.06,152.84,-85.61,160.8
52.418262,-1.553039,155.45,14.34,4,325.7,21 / 22,2203609,2019-09-06 19:56:49:352,0.4744,1.6861,9.6649,-0.0116,0.0721,9.8063,-0.2259,0.0039,0.0574,2.69,-37.69,-5.5,146.35,-85.72,161.74
52.418262,-1.553039,155.45,14.34,4,325.7,21 / 22,2203710,2019-09-06 19:56:49:453,1.4084,-0.2375,9.4184,0.0065,0.0992,9.8061,0.1996,0.0633,-0.0095,2.19,-37.62,-5.37,158.06,-85.15,167.06
52.418262,-1.553039,155.45,14.34,4,325.7,21 / 22,2203809,2019-09-06 19:56:49:552,2.5247,0.2547,10.4275,0.0065,-0.0403,9.8066,0.0068,-0.1561,0.1617,2.06,-38.06,-6,159.7,-85.42,168.6
52.418262,-1.553039,155.45,14.34,4,325.7,21 / 22,2203910,2019-09-06 19:56:49:653,0.4406,-1.7477,10.0639,0.0106,-0.0393,9.8065,0.2125,-0.1071,-0.0518,2.06,-38.19,-4.87,159.57,-85.38,169.99
52.418262,-1.553039,155.45,14.34,4,325.7,21 / 22,2204009,2019-09-06 19:56:49:752,-0.133,1.7105,10.1254,-0.0151,-0.0191,9.8066,0.2728,0.0276,-0.1189,1.69,-38.19,-5,158.76,-85.26,168.43
52.418262,-1.553039,155.45,14.34,4,325.7,21 / 22,2204110,2019-09-06 19:56:49:853,-0.0841,2.0518,8.6057,-0.0048,-0.0834,9.8063,-0.5663,0.0418,-0.1012,2.19,-38.19,-5.69,156.42,-85.49,164.02
52.418262,-1.553039,155.45,14.34,4,325.7,21 / 22,2204210,2019-09-06 19:56:49:953,0.5634,0.4437,8.4971,-0.0353,0.0756,9.8063,-0.4165,0.0323,0.0645,2.44,-37.69,-5.75,156.17,-85.48,163.63
52.418262,-1.553039,155.45,14.34,4,325.7,21 / 22,2204310,2019-09-06 19:56:50:053,-0.1048,1.3526,10.0433,-0.0192,0.0894,9.8062,0.2396,0.0635,-0.2693,2,-37.81,-5.5,155.77,-85.05,163.16
52.418262,-1.553039,155.45,14.34,4,325.7,20 / 21,2204409,2019-09-06 19:56:50:152,0.48,0.5089,10.319,0.005,-0.0822,9.8062,0.1643,-0.1244,0.0285,1.81,-38.31,-5.12,155.6,-85.59,164.49
52.418262,-1.553039,155.45,14.34,4,325.7,20 / 21,2204510,2019-09-06 19:56:50:253,0.2959,2.3072,9.6057,0.0304,-0.0793,9.8062,-0.1072,0.0305,0.0802,1.75,-37.75,-5.62,157.65,-85.65,166.15
52.418262,-1.553039,155.45,14.34,4,325.7,20 / 21,2204609,2019-09-06 19:56:50:352,0.1836,1.6251,10.0204,-0.0016,0.0407,9.8066,-0.1496,0.0507,-0.0642,1.44,-38.06,-5.5,167.72,-85.27,171.55
52.418262,-1.553039,155.45,14.34,4,325.7,20 / 21,2204710,2019-09-06 19:56:50:453,0.1627,0.3111,10.4556,-0.0362,0.0528,9.8064,0.1069,-0.0509,-0.0963,1.81,-38.37,-4.75,159.39,-85.19,169.21
52.418262,-1.553039,155.45,14.34,4,325.7,20 / 21,2204810,2019-09-06 19:56:50:553,0.3496,1.3221,9.3285,-0.0191,-0.0438,9.8065,0.1178,0.0906,-0.0795,1.88,-37.62,-5,158.86,-85,167.91
52.418262,-1.553039,155.45,14.34,4,325.7,20 / 21,2204910,2019-09-06 19:56:50:653,1.1839,0.3111,9.5359,-0.0018,-0.0679,9.8064,-0.166,0.0777,-0.0515,1.94,-38.12,-5,154.22,-85.35,161.66
52.418262,-1.553039,155.45,14.34,4,325.7,20 / 21,2205009,2019-09-06 19:56:50:752,0.4863,-0.8453,9.5656,-0.0031,0.0238,9.8066,-0.039,-0.037,0.0641,2.19,-38.06,-5.75,155.47,-85.35,162.3
52.418262,-1.553039,155.45,14.34,4,325.7,20 / 21,2205110,2019-09-06 19:56:50:853,0.1688,0.4553,9.6146,0.0218,0.0323,9.8065,0.0083,-0.092,0.0257,1.75,-38,-5.69,157.88,-85.42,165.96
52.418262,-1.553039,155.45,14.34,4,325.7,20 / 21,2205210,2019-09-06 19:56:50:953,2.4577,-0.2396,10.2483,0.019,0.0081,9.8066,0.0128,0.0121,-0.0085,2.38,-38,-5.87,161.92,-85.37,171.74
52.418262,-1.553039,155.45,14.34,4,325.7,20 / 21,2205310,2019-09-06 19:56:51:053,0.3713,-0.1141,9.6793,-0.0095,-0.0067,9.8066,-0.0304,-0.0146,0.0306,1.75,-38.62,-5.06,160.44,-85.23,170.66
52.418262,-1.553039,155.45,14.34,4,325.7,20 / 21,2205410,2019-09-06 19:56:51:153,0.4295,0.7726,9.8492,-0.0109,0.0007,9.8066,0.0209,0.0446,-0.0051,2.25,-38.5,-5.25,160.65,-85.07,170.92
52.418262,-1.553039,155.45,14.34,4,325.7,20 / 21,2205509,2019-09-06 19:56:51:252,0.9319,-0.1387,9.9821,-0.005,-0.0236,9.8066,-0.0733,-0.079,-0.0295,1.94,-38.31,-5.5,158.3,-85.3,167.81
52.418262,-1.553039,155.45,14.34,4,325.7,20 / 21,2205610,2019-09-06 19:56:51:353,0.5923,-1.1759,9.2971,-0.0103,-0.0392,9.8065,0.047,0.0306,-0.0253,2.19,-38.19,-5.56,158.05,-85.5,166.38
52.418262,-1.553039,155.45,14.34,4,325.7,20 / 21,2205710,2019-09-06 19:56:51:453,0.2281,-0.3234,9.3084,0.0043,-0.0119,9.8066,-0.0841,0.0324,-0.0215,1.81,-37.75,-6,159.44,-85.32,168.02
52.418262,-1.553039,155.45,14.34,4,325.7,20 / 21,2205810,2019-09-06 19:56:51:553,2.076,-0.6805,10.3036,-0.0076,0.0175,9.8066,-0.021,-0.1119,0.1049,1.63,-37.81,-5.94,159.64,-85.24,168.15
52.418262,-1.553039,155.45,14.34,4,325.7,20 / 21,2205909,2019-09-06 19:56:51:652,0.2162,-0.1179,10.2047,0.0075,0.0234,9.8065,0.0413,-0.0269,-0.02,2.13,-37.94,-5.31,159.88,-85.11,169.81
52.418262,-1.553039,155.45,14.34,4,325.7,20 / 21,2206009,2019-09-06 19:56:51:752,0.7429,0.6219,9.9014,0.0099,0.0005,9.8066,0.0664,-0.0027,0.0092,1.56,-38.12,-5.31,160.02,-84.98,169.7
52.418262,-1.553039,155.45,14.34,4,325.7,20 / 21,2206110,2019-09-06 19:56:51:853,2.3304,-0.2933,10.2148,0.0054,-0.0334,9.8066,-0.1536,-0.0035,-0.0912,1.56,-38.19,-5.44,160.13,-85.18,170.37
52.418262,-1.553039,155.45,14.34,4,325.7,20 / 21,2206210,2019-09-06 19:56:51:953,1.4557,0.3652,10.0433,0.0087,0.0514,9.8065,-0.1736,-0.1246,-0.0539,2,-37.87,-5.5,162.22,-84.96,173.17
52.418262,-1.553039,155.45,14.34,4,325.7,20 / 21,2206310,2019-09-06 19:56:52:053,-1.2239,0.262,9.5994,-0.0059,-0.023,9.8065,-0.1082,0.0514,-0.0597,1.56,-37.87,-5.12,163.06,-84.91,174.41
52.418262,-1.553039,155.45,14.34,4,325.7,20 / 21,2206409,2019-09-06 19:56:52:152,-0.1998,-1.2721,9.4004,0.0249,-0.0281,9.8065,0.0178,0.0101,-0.0049,1.5,-38.19,-5.81,164.88,-85.12,175.7
52.418262,-1.553039,155.45,14.34,4,325.7,20 / 21,2206509,2019-09-06 19:56:52:252,-0.2242,0.8315,9.0459,0.0053,-0.0281,9.8065,0.0453,-0.0976,0.0634,1,-37.94,-5.62,171.95,-85.05,177.11
52.418262,-1.553039,155.45,14.34,4,325.7,20 / 21,2206610,2019-09-06 19:56:52:353,0.5759,0.5726,9.8169,0.0024,-0.0575,9.8064,0.0714,-0.0209,-0.0019,1.44,-37.69,-5.19,171.8,-85.26,178.1
52.418262,-1.553039,155.45,14.34,4,325.7,20 / 21,2206710,2019-09-06 19:56:52:453,0.443,-0.6688,9.9313,-0.0158,0.0257,9.8066,0.0738,0.0076,0.0079,1.19,-38.19,-5.75,172.36,-85.19,177.85
52.418262,-1.553039,155.45,14.34,4,325.7,20 / 21,2206809,2019-09-06 19:56:52:552,0.2756,0.4501,9.8952,-0.0045,0.013,9.8066,0.0966,-0.0357,0.0158,1.13,-38.44,-5.81,171.45,-85.12,176.41
52.418262,-1.553039,155.45,14.34,4,325.7,20 / 21,2206910,2019-09-06 19:56:52:653,1.0451,-0.225,9.9409,-0.0214,0.0204,9.8065,-0.0801,0.0222,0.0535,1.31,-38.06,-5.87,171.01,-85.15,175.77
52.418262,-1.553039,155.45,14.34,4,325.7,20 / 21,2207009,2019-09-06 19:56:52:752,-0.1195,-0.2203,10.5013,0.001,0.034,9.8065,-0.0405,0.0177,-0.0491,1.19,-38,-5.56,170.07,-84.98,174.16
52.418262,-1.553039,155.45,14.34,4,325.7,20 / 21,2207110,2019-09-06 19:56:52:853,-0.2668,0.7648,10.1587,-0.0113,0.018,9.8065,-0.111,-0.0275,0.0107,1.88,-38.06,-5.62,163.06,-85.03,172.83
52.418262,-1.553039,155.45,14.34,4,325.7,20 / 21,2207209,2019-09-06 19:56:52:952,0.7669,-1.6187,9.8142,-0.0118,0.0079,9.8066,-0.0706,0.0161,0.064,1.94,-37.81,-5.62,162.92,-84.89,172.38
52.418262,-1.553039,155.45,14.34,4,325.7,20 / 21,2207309,2019-09-06 19:56:53:052,1.2276,1.4814,9.1413,0.0026,0.0017,9.8066,-0.1145,0.0287,-0.1055,1.44,-37.94,-5.56,168.92,-84.91,172.31
52.418262,-1.553039,155.45,14.34,4,325.7,21 / 22,2207410,2019-09-06 19:56:53:153,0.6559,1.5169,9.3388,-0.011,0.0352,9.8066,-0.2667,0.0186,-0.0199,1.81,-37.81,-5.87,163.51,-85.06,173.56
52.418262,-1.553039,155.45,14.34,4,325.7,21 / 22,2207509,2019-09-06 19:56:53:252,0.3647,0.0308,9.5933,-0.0119,0.0686,9.8063,0.1541,0.019,0.0352,1.94,-37.5,-6.12,163.14,-84.91,172.98
52.418262,-1.553039,155.45,14.34,4,325.7,21 / 22,2207610,2019-09-06 19:56:53:353,-0.4758,-0.5403,9.7981,0.0153,-0.0249,9.8066,0.1017,0.0103,-0.0972,1.25,-38.12,-5.62,169.89,-85.09,174
52.418262,-1.553039,155.45,14.34,4,325.7,21 / 22,2207709,2019-09-06 19:56:53:452,0.9414,-1.2113,9.3429,-0.0097,-0.0213,9.8066,0.0908,-0.0148,0.001,1.81,-38.06,-6.12,163.51,-84.88,173.25
52.418262,-1.553039,155.45,14.34,4,325.7,21 / 22,2207810,2019-09-06 19:56:53:553,-0.265,0.5671,10.1257,-0.0081,-0.0077,9.8066,0.0233,-0.0188,-0.0418,1.63,-37.81,-5.87,163.31,-84.76,172.74
52.418262,-1.553039,155.45,14.34,4,325.7,21 / 22,2207909,2019-09-06 19:56:53:652,0.3289,0.5815,10.418,0,0.0015,9.8066,-0.0585,0.0122,-0.0058,2.44,-37.75,-6.56,163.78,-84.75,172.12
52.418262,-1.553039,155.45,14.34,4,325.7,21 / 22,2208010,2019-09-06 19:56:53:753,-0.8849,-0.5888,9.8854,0.0006,-0.0155,9.8065,0.0493,0.0276,-0.0742,2.19,-38.31,-6.56,162.68,-84.67,170.39
52.418262,-1.553039,155.45,14.34,4,325.7,21 / 22,2208110,2019-09-06 19:56:53:853,-0.0086,-0.3941,10.3429,0.0079,-0.0385,9.8066,-0.1758,0.0425,0.0137,2.19,-38.06,-6.37,161.6,-84.83,170.25
52.418262,-1.553039,155.45,14.34,4,325.7,21 / 22,2208210,2019-09-06 19:56:53:953,-0.9549,-1.6271,8.8003,0.0074,0.0445,9.8065,-0.2375,0.1061,0.033,2.25,-38.06,-6.56,164.67,-84.71,173.36
52.418262,-1.553039,155.45,14.34,4,325.7,21 / 22,2208310,2019-09-06 19:56:54:053,-0.1369,-0.7319,8.4894,-0.0084,0.0576,9.8065,-0.2619,0.0904,0.0869,1.69,-38.69,-6.37,164.61,-84.73,174.46
52.418262,-1.553039,155.45,14.34,4,325.7,21 / 22,2208410,2019-09-06 19:56:54:153,0.3045,-2.451,10.2546,0.0241,-0.0816,9.8062,-0.0058,0.0193,-0.0598,1.75,-38.06,-5.75,164.83,-85.26,175.84
52.418262,-1.553039,155.45,14.34,4,325.7,21 / 22,2208509,2019-09-06 19:56:54:252,-2.339,1.4702,9.0259,0.0126,-0.0347,9.8065,-0.184,-0.0331,-0.0547,1.75,-38.12,-6,165.19,-85.05,176.06
52.418262,-1.553039,155.45,14.34,4,325.7,21 / 22,2208609,2019-09-06 19:56:54:352,-1.4845,-0.6635,10.3785,-0.0285,0.0163,9.8065,-0.0041,0.0373,0.0134,1.81,-38.25,-6.25,163.77,-84.74,173.41
52.418262,-1.553039,155.45,14.34,4,325.7,21 / 22,2208709,2019-09-06 19:56:54:452,0.2434,1.7585,10.2797,-0.0323,-0.0133,9.8065,0.0314,0.143,-0.191,2.56,-38.06,-5.25,154.49,-84.51,169.96
52.418262,-1.553039,155.45,14.34,4,325.7,21 / 22,2208810,2019-09-06 19:56:54:553,0.2115,-0.7671,10.3005,-0.0084,-0.0484,9.8065,0.1646,0.0258,-0.0028,2.19,-38.31,-6.25,160.79,-84.74,168.86
52.418262,-1.553039,155.45,14.34,4,325.7,21 / 22,2208910,2019-09-06 19:56:54:653,0.5078,-0.6659,9.6998,0.0067,-0.068,9.8064,-0.1138,-0.0107,0.0726,2.5,-38.06,-6.31,153.67,-84.91,167.43
52.418262,-1.553039,155.45,14.34,4,325.7,21 / 22,2209010,2019-09-06 19:56:54:753,0.5901,-0.3233,10.6675,0.0038,0.0369,9.8065,-0.0838,0.0625,-0.0294,2.31,-37.87,-5.81,162.12,-84.79,170.98
52.418262,-1.553039,155.45,14.34,4,325.7,21 / 22,2209110,2019-09-06 19:56:54:853,-1.4221,1.6915,9.2318,0.0177,0.0017,9.8065,-0.0405,-0.0352,-0.0398,1.75,-37.44,-6,162.6,-84.94,172.21
52.418262,-1.553039,155.45,14.34,4,325.7,21 / 22,2209210,2019-09-06 19:56:54:953,0.9553,2.5317,9.499,-0.0332,0.0658,9.8063,0.0233,-0.0426,0.1061,2,-37.75,-5.62,164.08,-85.13,174.53
52.418262,-1.553039,155.45,14.34,4,325.7,20 / 22,2209309,2019-09-06 19:56:55:052,0.7166,-0.2042,10.5402,-0.0422,0.118,9.8058,-0.3463,-0.0868,0.1492,2.13,-37.87,-6.31,163.86,-84.81,173.67
52.418262,-1.553039,155.45,14.34,4,325.7,20 / 22,2209409,2019-09-06 19:56:55:152,0.0197,-0.168,10.654,-0.0401,0.1394,9.8055,0.0306,0.094,-0.0393,2.44,-37.56,-5.87,163.73,-84.76,173.39
52.418262,-1.553039,155.45,14.34,4,325.7,20 / 22,2209509,2019-09-06 19:56:55:252,-0.5578,-0.2624,9.3633,0.0051,0.0025,9.8066,-0.0737,0.0526,-0.0268,2.06,-38,-5.94,163.21,-84.54,172.21
52.418262,-1.553039,155.45,14.34,4,325.7,20 / 22,2209610,2019-09-06 19:56:55:353,-1,-0.4256,8.6158,-0.0039,0.0336,9.8065,0.1115,0.0198,0.0661,2.31,-38.19,-5.56,164.13,-84.25,173.16
52.418262,-1.553039,155.45,14.34,4,325.7,20 / 22,2209709,2019-09-06 19:56:55:452,-0.0819,-0.8891,8.7044,0.0295,-0.0829,9.8062,0.0413,-0.062,0.0569,1.88,-38.25,-6.06,163.06,-84.91,172.62
52.418262,-1.553039,155.45,14.34,4,325.7,20 / 22,2209809,2019-09-06 19:56:55:552,-0.9463,-0.3682,8.9657,0.0131,-0.0646,9.8064,-0.0179,0.0791,-0.0766,2.56,-38.25,-5.75,157.08,-85.08,172.81
52.418262,-1.553039,155.45,14.34,4,325.7,20 / 22,2209909,2019-09-06 19:56:55:652,-0.281,-0.5343,10.3292,-0.0089,0.0362,9.8065,0.137,0.0232,-0.002,2.81,-38.06,-5.75,156.71,-84.92,171.91
52.418262,-1.553039,155.45,14.34,4,325.7,20 / 22,2210009,2019-09-06 19:56:55:752,-1.7654,2.4682,10.0427,-0.0028,-0.0126,9.8065,-0.1409,-0.0551,0.0562,2.63,-38.12,-5.87,156.54,-85,171.85
52.418262,-1.553039,155.45,14.34,4,325.7,20 / 22,2210110,2019-09-06 19:56:55:853,-0.3153,-0.9689,9.5982,-0.006,0.0265,9.8066,-0.1439,0.0132,0.0023,2.38,-37.94,-5.44,161.9,-84.71,172.11
52.418262,-1.553039,155.45,14.34,4,325.7,20 / 22,2210209,2019-09-06 19:56:55:952,-0.3778,0.2081,9.9944,-0.0172,0.0467,9.8065,0.0515,0.0024,-0.0446,2.38,-37.94,-5.62,163.33,-84.62,172.53
52.418262,-1.553039,155.45,14.34,4,325.7,21 / 22,2210310,2019-09-06 19:56:56:053,1.1633,0.1385,10.5269,0.0002,-0.0145,9.8065,0.011,0.0747,-0.0441,2.75,-37.81,-5.69,157.75,-84.7,172.96
52.418262,-1.553039,155.45,14.34,4,325.7,21 / 22,2210410,2019-09-06 19:56:56:153,-0.8592,0.1749,10.3713,-0.0087,0.018,9.8065,0.145,0.0864,-0.0143,3.13,-38,-4.75,155.54,-84.42,171.4
52.418262,-1.553039,155.45,14.34,4,325.7,21 / 22,2210510,2019-09-06 19:56:56:253,-0.8724,-0.4566,10.1563,0.0114,-0.0203,9.8066,0.1111,0.0636,-0.0502,2.69,-38.19,-5.25,155.71,-84.33,171.39
52.418262,-1.553039,155.45,14.34,4,325.7,21 / 22,2210610,2019-09-06 19:56:56:353,-1.0376,0.9449,8.4466,0.0058,-0.0757,9.8063,0.1924,-0.0357,0.0914,3,-37.62,-5.56,155.87,-84.86,170.55
52.418262,-1.553039,155.45,14.34,4,325.7,21 / 22,2210709,2019-09-06 19:56:56:452,-0.0074,-1.3393,8.1961,0.023,-0.0393,9.8064,-0.6755,-0.1045,0.1064,2.69,-38.06,-6.25,155.96,-85.73,172.68
52.418262,-1.553039,155.45,14.34,4,325.7,21 / 22,2210809,2019-09-06 19:56:56:552,0.4538,-0.7794,9.823,0.01,-0.0022,9.8066,0.4982,0.146,-0.0976,2.88,-37.31,-6.25,155.2,-86.58,173.86
52.418262,-1.553039,155.45,14.34,4,325.7,21 / 22,2210910,2019-09-06 19:56:56:653,0.0169,-1.1085,10.9979,-0.0172,0.0276,9.8066,0.6652,0.246,-0.0806,3.06,-38.06,-5.5,155.23,-85.92,175.05
52.418262,-1.553039,155.45,14.34,4,325.7,21 / 22,2211010,2019-09-06 19:56:56:753,-0.7767,1.685,11.8617,-0.0005,-0.0429,9.8065,-0.0014,0.0267,0.0507,2.94,-37.5,-5.12,155.46,-85.23,173.85
52.418262,-1.553039,155.45,14.34,4,325.7,21 / 22,2211109,2019-09-06 19:56:56:852,-0.9165,2.0804,10.9519,-0.0397,0.0741,9.8062,-0.3444,-0.1462,0.074,3.81,-38.12,-4.56,147.71,-84.89,170.05
52.418262,-1.553039,155.45,14.34,4,325.7,21 / 22,2211210,2019-09-06 19:56:56:953,-2.1621,-1.0662,8.0564,-0.0624,0.008,9.8064,-0.5235,-0.2091,0.1655,3.56,-37.94,-4.62,145.74,-84.58,166.1
52.418262,-1.553039,155.45,14.34,4,325.7,21 / 22,2211310,2019-09-06 19:56:57:053,-1.9231,-1.4775,8.4667,0.0081,0.0043,9.8066,-0.4117,0.1014,-0.1951,4.19,-37.62,-5.37,141.13,-85.5,162.86
52.419315,-1.554109,156.01,14.45,3,324.45,21 / 22,2211410,2019-09-06 19:56:57:153,-0.1403,-1.5449,9.5159,-0.0372,0.0766,9.8062,0.275,0.1168,0.0528,3.81,-38.31,-4.81,138.95,-85.87,161.35
52.419315,-1.554109,156.01,14.45,3,324.45,21 / 22,2211509,2019-09-06 19:56:57:252,-1.2544,-0.293,9.5101,0.0297,-0.0722,9.8063,0.1546,0.0542,0.1209,3.63,-38.19,-4.62,143.69,-85.23,165.43
52.419315,-1.554109,156.01,14.45,3,324.45,21 / 22,2211610,2019-09-06 19:56:57:353,-1.3083,0.6451,10.3062,0.0277,-0.0265,9.8066,-0.0642,0.0542,0.0154,3.69,-37.62,-4.69,143.07,-85.79,166.63
52.419315,-1.554109,156.01,14.45,3,324.45,21 / 22,2211709,2019-09-06 19:56:57:452,-0.918,0.4064,10.2683,0.0017,0.0306,9.8066,0.0107,0.0698,0.0293,3.69,-37.81,-5.44,146.33,-85.64,170.56
52.419315,-1.554109,156.01,14.45,3,324.45,21 / 22,2211810,2019-09-06 19:56:57:553,-0.0428,-0.5323,10.1279,0.0144,0.0015,9.8066,-0.0431,0.0882,0.0464,3.75,-37.81,-5.19,147.53,-85.75,172.61
52.419315,-1.554109,156.01,14.45,3,324.45,21 / 22,2211910,2019-09-06 19:56:57:653,-1.4292,0.3562,9.2418,0.0032,0.0171,9.8066,-0.1771,0.1521,-0.0202,3.31,-38.56,-4.94,154.1,-85.87,172.97
52.419315,-1.554109,156.01,14.45,3,324.45,21 / 22,2212009,2019-09-06 19:56:57:752,-0.8326,0.3876,9.941,-0.0096,0.0226,9.8066,0.0965,0.0167,-0.0005,3.44,-37.81,-4.69,154.72,-85.87,174.15
52.419315,-1.554109,156.01,14.45,3,324.45,21 / 22,2212110,2019-09-06 19:56:57:853,-0.8133,1.198,10.4928,-0.0088,-0.0132,9.8066,0.1264,0.0275,-0.0529,3.81,-38.25,-5.06,147.19,-85.88,172.56
52.419315,-1.554109,156.01,14.45,3,324.45,21 / 22,2212210,2019-09-06 19:56:57:953,-0.7448,0.8035,9.9231,-0.0124,-0.0248,9.8065,-0.0297,0.0691,-0.0596,3.88,-37.56,-4.75,145.66,-85.74,169.96
52.419315,-1.554109,156.01,14.45,3,324.45,21 / 22,2212310,2019-09-06 19:56:58:053,-0.6446,0.2712,9.6979,-0.0147,0.0032,9.8066,-0.0448,-0.0382,-0.0053,4.56,-38.06,-4.81,138.57,-85.71,168.22
52.419315,-1.554109,156.01,14.45,3,324.45,21 / 22,2212409,2019-09-06 19:56:58:152,-0.6414,-0.0739,9.0229,-0.0044,0.0092,9.8066,-0.1068,0.0485,-0.0624,4.56,-37.62,-4.62,136.84,-85.85,166.49
52.419315,-1.554109,156.01,14.45,3,324.45,21 / 22,2212509,2019-09-06 19:56:58:252,0.5109,-0.2089,9.4684,0.0032,-0.0144,9.8066,0.0054,0.0333,0.0911,3.63,-37.37,-5.06,139.76,-86.1,163.77
52.419315,-1.554109,156.01,14.45,3,324.45,21 / 22,2212610,2019-09-06 19:56:58:353,-0.0848,0.56,9.92,0.0064,0.004,9.8066,-0.0202,0.1031,-0.0222,4.06,-37.31,-4.69,140.46,-86.11,164.73
52.419315,-1.554109,156.01,14.45,3,324.45,21 / 22,2212710,2019-09-06 19:56:58:453,-1.1438,0.7099,9.9037,-0.003,0.0055,9.8066,0.0242,0.0314,0.0655,4.44,-37.81,-4.75,143.07,-86,167.39
52.419315,-1.554109,156.01,14.45,3,324.45,21 / 22,2212812,2019-09-06 19:56:58:555,0.1066,0.5859,9.6327,-0.0023,0.0081,9.8066,-0.0385,0.0791,-0.0454,4.5,-37.56,-4.62,138.67,-85.97,169.28
52.419315,-1.554109,156.01,14.45,3,324.45,21 / 22,2212909,2019-09-06 19:56:58:652,-0.8906,0.1644,10.225,-0.0042,0.0029,9.8066,-0.0992,0.0433,0.0487,4.13,-38.37,-4.62,144.32,-85.91,168.74
52.419315,-1.554109,156.01,14.45,3,324.45,21 / 22,2213009,2019-09-06 19:56:58:752,0.0609,-0.8531,9.6924,-0.0046,0.0044,9.8066,0.0715,0.0706,-0.0079,3.94,-37.94,-4.44,141.12,-85.86,168.47
52.419315,-1.554109,156.01,14.45,3,324.45,21 / 22,2213110,2019-09-06 19:56:58:853,-0.6175,0.0445,9.3513,0.0083,-0.0294,9.8066,0.0793,-0.0201,0.0524,4.63,-38.12,-4.62,136.49,-85.99,166.54
52.419315,-1.554109,156.01,14.45,3,324.45,21 / 22,2213209,2019-09-06 19:56:58:952,-0.2407,-0.869,9.5009,0.0135,-0.0309,9.8065,0.006,0.0606,-0.0016,4.63,-38.31,-4.5,132.94,-86.07,166.99
52.419315,-1.554109,156.01,14.45,3,324.45,21 / 22,2213309,2019-09-06 19:56:59:052,-0.9853,-0.0886,10.3105,0.0126,-0.0007,9.8066,0.0546,0.0252,-0.0454,4.69,-38,-4.44,132.61,-85.98,166.18
52.419315,-1.554109,156.01,14.45,3,324.45,21 / 22,2213409,2019-09-06 19:56:59:152,-1.0204,-0.3427,10.2452,0.0051,-0.001,9.8065,-0.0288,-0.0161,0.0567,4,-37.75,-4.44,140.37,-86.02,168.12
52.419315,-1.554109,156.01,14.45,3,324.45,21 / 22,2213510,2019-09-06 19:56:59:253,-0.1386,-0.3967,10.4217,-0.0031,0.0143,9.8066,0.0555,0.0811,-0.0139,3.94,-37.81,-4.12,141.91,-85.93,169.86
52.419315,-1.554109,156.01,14.45,3,324.45,21 / 22,2213610,2019-09-06 19:56:59:353,0.1672,-0.3531,10.6962,-0.0148,0.0022,9.8066,-0.0094,0.0804,-0.0176,5.13,-38.37,-4.19,135.31,-85.79,168.88
52.419315,-1.554109,156.01,14.45,3,324.45,21 / 22,2213710,2019-09-06 19:56:59:453,-0.2739,0.0739,9.6692,-0.0329,0.0145,9.8065,-0.046,0.0839,-0.0247,4.81,-38,-4.25,134.18,-85.53,166.2
52.419315,-1.554109,156.01,14.45,3,324.45,21 / 22,2213810,2019-09-06 19:56:59:553,-1.219,-1.938,9.3893,-0.0186,-0.0041,9.8066,0.0167,-0.0234,0.019,5.19,-37.56,-3.94,131.67,-85.62,163.28
52.419315,-1.554109,156.01,14.45,3,324.45,21 / 22,2213910,2019-09-06 19:56:59:653,0.84,0.8028,9.7291,0.0169,-0.0172,9.8066,0.071,0.0671,0.0163,5.06,-38.25,-3.87,129.48,-85.89,161.71
52.419315,-1.554109,156.01,14.45,3,324.45,21 / 22,2214009,2019-09-06 19:56:59:752,0.3395,-0.5153,10.2591,0.0159,-0.0009,9.8065,-0.1486,0.1013,-0.0459,5.25,-37.56,-4.69,131.7,-86.24,161.5
52.419315,-1.554109,156.01,14.45,3,324.45,21 / 22,2214110,2019-09-06 19:56:59:853,0.8452,-0.8276,9.9296,-0.0184,0.0238,9.8066,-0.0052,0.0166,0.0856,5.63,-38.19,-4.25,123.72,-86.09,162.67
52.419315,-1.554109,156.01,14.45,3,324.45,21 / 22,2214210,2019-09-06 19:56:59:953,-0.0446,-1.2784,11.1026,-0.0093,0.0371,9.8065,0.0811,-0.0124,-0.0395,5.63,-38.12,-3.81,126.51,-85.94,165.42
52.419315,-1.554109,156.01,14.45,3,324.45,21 / 22,2214310,2019-09-06 19:57:00:053,-0.6443,0.5305,10.0295,-0.0167,0.0186,9.8066,0.0092,0.0583,-0.0275,5.19,-37.37,-3.37,127.43,-85.89,165.34
52.419315,-1.554109,156.01,14.45,3,324.45,21 / 22,2214409,2019-09-06 19:57:00:152,0.2324,-0.7834,9.4185,-0.0166,0.0141,9.8066,-0.0797,0.0767,0.0328,4.75,-37.5,-3.62,132.35,-85.72,165.18
52.419315,-1.554109,156.01,14.45,3,324.45,21 / 22,2214510,2019-09-06 19:57:00:253,0.0426,-0.9925,9.5529,0.0013,0.0016,9.8066,-0.0815,0.0788,-0.0131,5.31,-38.37,-3.12,127.36,-85.85,164.43
52.419315,-1.554109,156.01,14.45,3,324.45,21 / 22,2214610,2019-09-06 19:57:00:353,-1.0544,0.1863,9.302,0.0102,-0.0208,9.8065,-0.1922,0.1118,-0.0495,5.5,-38.31,-3.19,119.67,-86.02,163.15
52.419315,-1.554109,156.01,14.45,3,324.45,21 / 22,2214709,2019-09-06 19:57:00:452,0.1288,-0.4942,9.331,0.0024,-0.0061,9.8066,-0.1163,0.0556,0.0013,6.06,-38.12,-3.62,121.91,-86.19,160.96
52.419315,-1.554109,156.01,14.45,3,324.45,21 / 22,2214809,2019-09-06 19:57:00:552,0.0878,-1.4991,9.2504,-0.0188,0.01,9.8065,0.0332,0.0265,0.0338,5.5,-38.12,-3.56,122.14,-86.11,160.87
52.419315,-1.554109,156.01,14.45,3,324.45,21 / 22,2214910,2019-09-06 19:57:00:653,-0.3918,0.2993,9.7166,0.0083,0.0018,9.8066,0.001,0.094,-0.027,5.94,-37.94,-4.06,122.45,-86.07,161.05
52.419315,-1.554109,156.01,14.45,3,324.45,21 / 22,2215009,2019-09-06 19:57:00:752,1.2588,-0.8997,10.0413,0.0136,-0.0172,9.8066,0.015,0.0503,0.0303,6.06,-37.69,-3.19,117.9,-86.08,161.34
52.419315,-1.554109,156.01,14.45,3,324.45,21 / 22,2215110,2019-09-06 19:57:00:853,-0.8547,-0.8184,10.861,0.0343,-0.0136,9.8066,0.1681,0.1163,-0.062,5.25,-37.69,-2.81,125.07,-86.12,162.96
52.419315,-1.554109,156.01,14.45,3,324.45,21 / 22,2215210,2019-09-06 19:57:00:953,2.2281,-0.1844,10.3248,0.0314,-0.0285,9.8065,0.1793,-0.0363,-0.0267,5.5,-38.12,-2.69,119.73,-86.12,163.74
52.419315,-1.554109,156.01,14.45,3,324.45,21 / 22,2215310,2019-09-06 19:57:01:053,-0.1177,-0.8377,11.4949,-0.0362,0.0258,9.8065,0.1486,0.0568,0.0527,6.06,-38.25,-3.19,120.65,-86.07,164.58
52.419315,-1.554109,156.01,14.45,3,324.45,21 / 22,2215410,2019-09-06 19:57:01:153,0.9089,-0.5388,9.5057,0.0324,-0.0277,9.8065,0.133,0.131,0.0446,5.69,-38,-2.87,120.65,-85.83,163.35
52.419315,-1.554109,156.01,14.45,3,324.45,21 / 22,2215509,2019-09-06 19:57:01:252,-0.8021,0.1207,9.5199,0.0206,-0.0411,9.8065,0.0523,0.0691,-0.0072,5.94,-37.81,-3.44,117.88,-86.13,161.59
52.419315,-1.554109,156.01,14.45,3,324.45,21 / 22,2215610,2019-09-06 19:57:01:353,2.9185,-0.1755,10.7981,0.0236,-0.024,9.8066,-0.096,0.0775,-0.1292,5.56,-38.31,-3.06,115.5,-86.35,159.98
52.419315,-1.554109,156.01,14.45,3,324.45,21 / 22,2215710,2019-09-06 19:57:01:453,0.411,-0.9194,10.846,-0.004,0.0073,9.8066,0.0751,0.0352,-0.0233,5.94,-38,-3.44,115.06,-86.4,159.7
52.419315,-1.554109,156.01,14.45,3,324.45,21 / 22,2215810,2019-09-06 19:57:01:553,-0.6751,-0.637,10.4174,0.0296,-0.0285,9.8065,-0.19,-0.0144,0.1031,6.19,-38.12,-3.19,113.6,-86.62,159.22
52.419315,-1.554109,156.01,14.45,3,324.45,21 / 22,2215910,2019-09-06 19:57:01:653,1.4191,0.2683,9.8402,-0.0354,0.0752,9.8062,-0.2685,0.0447,0.0114,5.31,-37.94,-3.44,127.62,-86.33,167.36
52.419315,-1.554109,156.01,14.45,3,324.45,21 / 22,2216010,2019-09-06 19:57:01:753,2.2499,-1.0878,10.6724,-0.0333,0.043,9.8065,0.0615,-0.0898,-0.0024,5.69,-38.06,-3.19,122.48,-86.43,168.64
52.419315,-1.554109,156.01,14.45,3,324.45,21 / 22,2216109,2019-09-06 19:57:01:852,0.1584,-0.3653,10.0805,0.0007,-0.0037,9.8066,0.1045,-0.0531,-0.0957,6.19,-38.25,-3.25,121.91,-86.35,167.55
52.419315,-1.554109,156.01,14.45,3,324.45,21 / 22,2216210,2019-09-06 19:57:01:953,0.426,-0.8491,9.1963,-0.0012,-0.0055,9.8066,0.0061,0.0051,0.0384,5.31,-37.37,-3.06,127.74,-86.25,167.64
52.419315,-1.554109,156.01,14.45,3,324.45,21 / 22,2216310,2019-09-06 19:57:02:053,-0.3141,-0.0273,9.3371,-0.0021,0.0054,9.8066,-0.0689,-0.0167,0.0611,5.25,-37.94,-2.44,122.95,-86.18,167.91
52.419315,-1.554109,156.01,14.45,3,324.45,21 / 22,2216409,2019-09-06 19:57:02:152,1.4999,-0.9063,10.206,0.0102,0.0021,9.8066,-0.0181,0.0034,-0.0055,5.38,-38.25,-2.87,129.1,-86.33,169.26
52.419315,-1.554109,156.01,14.45,3,324.45,21 / 22,2216510,2019-09-06 19:57:02:253,-0.1378,-0.6101,9.6386,0.0065,-0.0083,9.8066,0.0073,0.0494,-0.0123,5.75,-37.69,-2.94,123.31,-86.51,170.05
52.419315,-1.554109,156.01,14.45,3,324.45,21 / 22,2216609,2019-09-06 19:57:02:352,0.9067,0.5524,9.8378,-0.009,0.0203,9.8066,-0.0171,-0.0537,-0.0062,5.19,-38.25,-2.69,129.9,-86.44,170.89
52.419315,-1.554109,156.01,14.45,3,324.45,21 / 22,2216710,2019-09-06 19:57:02:453,1.1123,-1.2296,9.3356,0.0009,0.0101,9.8066,-0.1233,0.0384,-0.0423,5.88,-38.37,-2.56,125.04,-86.44,171.79
52.419315,-1.554109,156.01,14.45,3,324.45,21 / 22,2216809,2019-09-06 19:57:02:552,0.9451,-0.2209,9.3562,0.006,0.0021,9.8065,-0.013,-0.0812,0.0162,5.44,-37.69,-3.5,130.72,-86.61,172.81
52.419315,-1.554109,156.01,14.45,3,324.45,21 / 22,2216910,2019-09-06 19:57:02:653,1.4925,0.539,9.7172,0.0294,-0.0291,9.8065,0.0572,-0.0986,-0.0049,4.88,-37.94,-3.12,128.17,-87.1,172.21
52.419315,-1.554109,156.01,14.45,3,324.45,21 / 22,2217009,2019-09-06 19:57:02:752,1.2979,0.7589,9.5442,0.0207,-0.0229,9.8066,-0.1032,-0.0452,-0.0351,5.13,-37.44,-3.62,131.7,-87.3,171.32
52.419315,-1.554109,156.01,14.45,3,324.45,21 / 22,2217110,2019-09-06 19:57:02:853,1.7707,0.1279,9.2379,-0.0066,0.0066,9.8066,-0.0103,-0.0751,0.0229,4.44,-37.81,-4.12,138.48,-87.24,171.11
52.419315,-1.554109,156.01,14.45,3,324.45,21 / 22,2217210,2019-09-06 19:57:02:953,1.7712,-0.6304,9.7251,-0.0012,0.0101,9.8066,0.0633,-0.1206,-0.0038,4.75,-37.69,-4.31,132.8,-87.21,171.93
52.419315,-1.554109,156.01,14.45,3,324.45,21 / 22,2217309,2019-09-06 19:57:03:052,1.7488,0.0192,10.4144,-0.0018,-0.0031,9.8066,0.05,-0.1058,-0.025,4.38,-37.87,-3.56,139.01,-87.31,172.1
52.419315,-1.554109,156.01,14.45,3,324.45,21 / 22,2217410,2019-09-06 19:57:03:153,2.0272,-0.0609,9.8784,-0.0244,0.0198,9.8065,-0.1168,-0.1145,0.0401,4.19,-37.94,-3.56,136.92,-87.45,170.15
52.419315,-1.554109,156.01,14.45,3,324.45,21 / 22,2217509,2019-09-06 19:57:03:252,2.0319,0.3982,9.0502,-0.0116,0.0155,9.8066,-0.0003,-0.0504,-0.0387,4.94,-37.62,-3.81,128.9,-87.38,168.09
52.419315,-1.554109,156.01,14.45,3,324.45,21 / 22,2217610,2019-09-06 19:57:03:353,1.3419,0.124,9.8214,0.0267,-0.0295,9.8065,0.0683,-0.1109,0.0212,4.5,-38.5,-4.19,126.93,-87.62,166.9
52.419315,-1.554109,156.01,14.45,3,324.45,21 / 22,2217710,2019-09-06 19:57:03:453,0.4253,0.6524,9.5813,0.0064,-0.0088,9.8066,0.0155,-0.1067,-0.0077,5.06,-37.87,-4.87,132.37,-87.55,167.61
52.419315,-1.554109,156.01,14.45,3,324.45,21 / 22,2217810,2019-09-06 19:57:03:553,1.0534,0.023,9.6724,-0.0023,-0.0024,9.8066,0.0754,-0.041,0.0155,4.44,-37.44,-4.5,133.15,-87.55,166.4
52.419315,-1.554109,156.01,14.45,3,324.45,21 / 22,2217910,2019-09-06 19:57:03:653,1.51,0.2288,10.123,-0.002,0.0276,9.8065,-0.069,-0.0713,0.0293,4.19,-38.12,-4.69,137.31,-87.58,166.23
52.419315,-1.554109,156.01,14.45,3,324.45,21 / 22,2218010,2019-09-06 19:57:03:753,1.4721,0.1299,9.7043,-0.0079,0.0137,9.8066,-0.0049,-0.1269,-0.0175,4.38,-37.81,-5.06,139.11,-87.59,168.38
52.419315,-1.554109,156.01,14.45,3,324.45,21 / 22,2218110,2019-09-06 19:57:03:853,1.1763,0.78,9.9053,-0.0055,0.0161,9.8066,-0.065,-0.0894,-0.0307,4,-38.31,-4.87,140.76,-87.48,169.92
52.419315,-1.554109,156.01,14.45,3,324.45,21 / 22,2218210,2019-09-06 19:57:03:953,1.3675,-0.1095,9.659,-0.0046,-0.0065,9.8065,-0.0718,-0.0246,0.0143,4.25,-37.87,-5.19,139.89,-87.53,169.07
52.419315,-1.554109,156.01,14.45,3,324.45,21 / 22,2218310,2019-09-06 19:57:04:053,0.9437,-0.7775,9.7361,-0.0009,-0.0029,9.8066,0.0557,-0.1114,0.0016,3.56,-37.75,-5.5,138.74,-87.55,167.8
52.419315,-1.554109,156.01,14.45,3,324.45,21 / 22,2218410,2019-09-06 19:57:04:153,1.9862,-0.6199,10.4853,0.0002,-0.0149,9.8066,-0.0075,-0.1112,-0.0641,4.5,-37.62,-5.12,130.66,-87.71,166.29
52.419315,-1.554109,156.01,14.45,3,324.45,21 / 22,2218509,2019-09-06 19:57:04:252,0.9529,-0.4424,10.2857,-0.0032,-0.0172,9.8066,0.0393,-0.0462,0.0245,3.81,-37.81,-5.37,134.43,-87.7,163.3
52.419315,-1.554109,156.01,14.45,3,324.45,21 / 22,2218610,2019-09-06 19:57:04:353,1.0378,-0.0825,9.9708,-0.0091,0.0141,9.8066,0.0144,-0.0627,0.0171,4.38,-37.94,-5.62,136.24,-87.61,161.22
52.419315,-1.554109,156.01,14.45,3,324.45,21 / 22,2218709,2019-09-06 19:57:04:452,1.5073,-0.2809,9.549,0.0029,-0.0012,9.8066,0.0106,-0.0055,-0.0604,4.13,-37.69,-5.5,134.37,-87.47,162.24
52.419315,-1.554109,156.01,14.45,3,324.45,21 / 22,2218810,2019-09-06 19:57:04:553,0.346,0.2885,9.7337,-0.003,-0.008,9.8066,0.0046,-0.0387,0.0372,4.81,-37.87,-5.44,124.99,-87.5,158.95
52.419315,-1.554109,156.01,14.45,3,324.45,21 / 22,2218910,2019-09-06 19:57:04:653,0.8521,-0.0085,9.5695,0.0143,-0.0067,9.8066,-0.0997,-0.0364,-0.0285,3.81,-37.69,-5.75,133.46,-87.7,158.33
52.419315,-1.554109,156.01,14.45,3,324.45,21 / 22,2219010,2019-09-06 19:57:04:753,0.7298,-0.7106,9.8012,0.0128,-0.0171,9.8066,-0.0087,0.0186,0.0312,4.13,-37.81,-5.69,131.86,-87.86,157.13
52.419315,-1.554109,156.01,14.45,3,324.45,21 / 22,2219110,2019-09-06 19:57:04:853,1.1954,0.0767,10.061,0.0047,0.0066,9.8066,0.0433,-0.0075,-0.0466,3.69,-37.56,-6.06,132.29,-88.04,158.33
52.419315,-1.554109,156.01,14.45,3,324.45,21 / 22,2219209,2019-09-06 19:57:04:952,0.0257,-0.3704,10.1428,-0.0023,-0.0068,9.8066,0.0536,-0.0072,-0.0327,4.56,-37.69,-5.75,124.55,-87.99,156.28
52.419315,-1.554109,156.01,14.45,3,324.45,21 / 22,2219310,2019-09-06 19:57:05:053,0.4597,-0.3707,9.8934,-0.0161,0.0137,9.8066,0.0152,0.0269,-0.0104,3.75,-37.44,-5.62,133.56,-87.77,158.95
52.419315,-1.554109,156.01,14.45,3,324.45,20 / 21,2219410,2019-09-06 19:57:05:153,0.7363,0.1305,9.8232,-0.0038,0.0037,9.8066,0.004,0.0546,-0.0079,3.63,-37.5,-5.31,129.82,-87.6,157.78
52.419315,-1.554109,156.01,14.45,3,324.45,20 / 21,2219509,2019-09-06 19:57:05:252,0.1708,-0.2989,10.3224,-0.0046,-0.0149,9.8066,-0.0524,-0.0283,-0.0442,3.94,-37.56,-5.19,128.06,-87.68,155.85
52.419315,-1.554109,156.01,14.45,3,324.45,20 / 21,2219609,2019-09-06 19:57:05:352,0.0307,-0.1824,10.1,-0.0006,-0.0088,9.8066,-0.005,0.0148,-0.0187,4.63,-37.5,-5.56,122.27,-87.74,153
52.419315,-1.554109,156.01,14.45,3,324.45,20 / 21,2219710,2019-09-06 19:57:05:453,-0.4241,0.3158,9.6373,-0.0095,0.0056,9.8066,0.0596,0.0565,-0.0053,4.31,-38,-5.19,125.49,-87.69,152.92
52.419315,-1.554109,156.01,14.45,3,324.45,20 / 21,2219810,2019-09-06 19:57:05:553,-0.4575,-0.569,10.1337,-0.0167,0.0119,9.8065,0.0159,0.0534,-0.0333,4.5,-37.75,-4.75,118.33,-87.56,151.74
52.419315,-1.554109,156.01,14.45,3,324.45,20 / 21,2219910,2019-09-06 19:57:05:653,-0.1078,-0.4237,10.1235,-0.0091,0.002,9.8066,0.0664,0.0711,-0.0316,4.19,-38.31,-4.5,122.31,-87.38,152.28
52.419315,-1.554109,156.01,14.45,3,324.45,20 / 21,2220009,2019-09-06 19:57:05:752,-0.7941,0.3038,9.6978,-0.0081,-0.0183,9.8066,0.0309,0.0779,-0.0341,4.94,-38,-4.81,117.64,-87.28,149.6
52.419315,-1.554109,156.01,14.45,3,324.45,20 / 21,2220110,2019-09-06 19:57:05:853,-0.9008,-0.419,9.8754,-0.0122,0.0025,9.8066,-0.006,0.1111,-0.0342,4.69,-38.06,-4.37,113.23,-87.07,148.4
52.419315,-1.554109,156.01,14.45,3,324.45,20 / 21,2220210,2019-09-06 19:57:05:953,-0.7324,-0.5396,10.2085,-0.0025,0.002,9.8066,0.0347,0.0668,-0.0014,5.25,-37.44,-4.62,116.26,-87.1,147.52
52.419315,-1.554109,156.01,14.45,3,324.45,20 / 21,2220314,2019-09-06 19:57:06:057,-0.5649,-0.1407,9.9915,-0.0093,0.0055,9.8065,-0.0189,0.161,-0.0711,4.69,-37.94,-4.81,115.57,-87.01,145.94
52.420067,-1.555244,157.47,9.42,3,315.7,20 / 22,2220410,2019-09-06 19:57:06:153,-0.7714,-0.9982,9.8386,-0.0032,-0.0122,9.8066,0.0012,0.1786,-0.0498,5.94,-37.69,-4.69,107.77,-86.83,143.12
52.420067,-1.555244,157.47,9.42,3,315.7,20 / 22,2220509,2019-09-06 19:57:06:252,-0.688,-0.665,10.0872,-0.006,-0.0103,9.8066,0.0109,0.1479,-0.0046,5.38,-38.06,-3.62,109.53,-86.7,142.07
52.420067,-1.555244,157.47,9.42,3,315.7,20 / 22,2220610,2019-09-06 19:57:06:353,-1.5512,-1.2252,9.8753,-0.0129,-0.0052,9.8066,-0.0247,0.2382,-0.0741,6.06,-37.94,-3.44,97.34,-86.51,140.75
52.420067,-1.555244,157.47,9.42,3,315.7,20 / 22,2220709,2019-09-06 19:57:06:452,-1.3538,0.1923,9.7619,0.0041,-0.0116,9.8066,-0.0145,0.239,-0.0415,6.56,-37.25,-3.69,98,-86.39,141.61
52.420067,-1.555244,157.47,9.42,3,315.7,20 / 22,2220810,2019-09-06 19:57:06:553,-0.9852,-0.0588,9.8404,0.0038,-0.0062,9.8066,-0.0218,0.2352,-0.0527,6.94,-37.12,-2.69,91.4,-86.37,140.24
52.420067,-1.555244,157.47,9.42,3,315.7,20 / 22,2220909,2019-09-06 19:57:06:652,-1.1346,-0.9019,10.1458,0.0067,-0.0049,9.8066,0.096,0.1919,0.0233,6.81,-37.87,-2.31,84.71,-86.28,139.01
52.420067,-1.555244,157.47,9.42,3,315.7,20 / 22,2221009,2019-09-06 19:57:06:752,-2.3037,-0.1602,10.2651,0.0072,-0.0096,9.8066,-0.022,0.1669,0.0089,7.56,-37.75,-2.37,81.18,-86.24,139.69
52.420067,-1.555244,157.47,9.42,3,315.7,20 / 22,2221110,2019-09-06 19:57:06:853,-1.7444,-1.1964,10.0079,-0.0109,0.0094,9.8066,0.0364,0.2566,-0.0821,7.25,-37.75,-1.75,89.08,-85.98,141.61
52.420067,-1.555244,157.47,9.42,3,315.7,20 / 22,2221210,2019-09-06 19:57:06:953,-2.839,-0.6376,9.7622,0.0347,-0.0342,9.8065,-0.2639,0.1554,0.0531,7.44,-37.81,-1.94,87.45,-85.98,140
52.420067,-1.555244,157.47,9.42,3,315.7,20 / 22,2221309,2019-09-06 19:57:07:052,-1.2529,-0.383,9.9805,0.0537,-0.0066,9.8064,-0.0484,0.3066,-0.0655,7.56,-37.69,-1.25,74.72,-86.09,139.44
52.420067,-1.555244,157.47,9.42,3,315.7,20 / 21,2221410,2019-09-06 19:57:07:153,-0.9635,0.0601,9.8297,-0.0634,0.0075,9.8063,0.3386,0.2795,0.0231,7.5,-37.62,-0.31,71.74,-85.88,142.74
52.420067,-1.555244,157.47,9.42,3,315.7,20 / 21,2221509,2019-09-06 19:57:07:252,-2.3859,-0.5143,9.663,0.0467,-0.0126,9.8065,0.0168,0.1932,0.0319,7.44,-37.87,-0.62,82.51,-86.11,143.1
52.420067,-1.555244,157.47,9.42,3,315.7,20 / 21,2221610,2019-09-06 19:57:07:353,-1.9633,-1.2251,10.3056,-0.009,0.0005,9.8065,-0.0012,0.1989,-0.0522,8.06,-37.31,-0.31,71.25,-86.03,143.5
52.420067,-1.555244,157.47,9.42,3,315.7,20 / 21,2221710,2019-09-06 19:57:07:453,-1.4877,-1.3025,11.059,-0.0231,-0.0025,9.8066,-0.1121,0.1493,-0.0023,8.31,-37.06,-0.44,71.91,-85.98,143.86
52.420067,-1.555244,157.47,9.42,3,315.7,20 / 21,2221810,2019-09-06 19:57:07:553,-2.1832,-0.3098,10.1575,-0.0821,0.0122,9.8063,0.0792,0.2426,-0.0091,8.56,-37.37,1,68.74,-85.39,147.14
52.420067,-1.555244,157.47,9.42,3,315.7,20 / 21,2221909,2019-09-06 19:57:07:652,-2.2908,0.1803,9.9105,-0.0815,0.0022,9.8063,0.2597,0.1987,-0.0624,8.69,-37.25,1.75,76.77,-83.94,154.75
52.420067,-1.555244,157.47,9.42,3,315.7,20 / 21,2222010,2019-09-06 19:57:07:753,-1.4046,-1.2153,9.976,-0.0054,-0.0081,9.8066,-0.0907,0.1198,-0.0415,9.69,-37.31,1.94,76.97,-83.58,154.79
52.420067,-1.555244,157.47,9.42,3,315.7,20 / 21,2222110,2019-09-06 19:57:07:853,-0.9698,-1.0565,10.4668,0.0873,-0.014,9.8061,-0.0054,0.2216,0.0436,9.56,-37.12,1.38,73.3,-84.49,149.05
52.420067,-1.555244,157.47,9.42,3,315.7,20 / 21,2222210,2019-09-06 19:57:07:953,0.2114,-0.732,10.1416,-0.0165,-0.0022,9.8066,-0.0205,0.2469,-0.0904,9.56,-36.94,1.75,65.38,-84.51,148.12
52.420067,-1.555244,157.47,9.42,3,315.7,20 / 21,2222310,2019-09-06 19:57:08:053,-1.5965,-2.1863,9.0279,-0.0015,-0.0016,9.8066,-0.0269,0.2399,-0.0449,10,-37.25,2.63,57.22,-84.2,146.2
52.420067,-1.555244,157.47,9.42,3,315.7,21 / 22,2222409,2019-09-06 19:57:08:152,-0.847,-1.9153,9.2433,-0.025,-0.0157,9.8066,0.0901,0.1947,-0.0627,10.5,-37,3.38,58.73,-83.88,146.56
52.420067,-1.555244,157.47,9.42,3,315.7,21 / 22,2222510,2019-09-06 19:57:08:253,-1.4886,-2.9447,9.4234,0.0505,-0.0211,9.8065,0.1042,0.2647,-0.0136,11.06,-37.56,3.56,48.63,-83.77,143.06
52.420067,-1.555244,157.47,9.42,3,315.7,21 / 22,2222609,2019-09-06 19:57:08:352,-0.5577,-0.0574,10.6285,0.0416,0.0125,9.8065,-0.1665,0.2008,-0.0762,10.69,-36.94,3.06,53.48,-83.92,142.48
52.420067,-1.555244,157.47,9.42,3,315.7,21 / 22,2222709,2019-09-06 19:57:08:452,0.045,-0.9488,10.4758,-0.0098,-0.0153,9.8066,0.0202,0.211,-0.0861,11,-37,3,51.82,-83.83,140.96
52.420067,-1.555244,157.47,9.42,3,315.7,21 / 22,2222809,2019-09-06 19:57:08:552,-1.1685,-1.4388,8.9967,-0.0377,-0.0143,9.8065,0.0202,0.1857,0.0771,11.13,-37.5,4.38,46.96,-83.51,141.57
52.420067,-1.555244,157.47,9.42,3,315.7,21 / 22,2222910,2019-09-06 19:57:08:653,-0.5983,-0.874,9.321,-0.026,0.0412,9.8065,-0.1311,0.1453,0.0874,11,-37.75,4.31,51.13,-83.36,143.87
52.420067,-1.555244,157.47,9.42,3,315.7,21 / 22,2223009,2019-09-06 19:57:08:752,-0.1983,1.0944,9.8589,-0.0207,0.023,9.8065,0.0785,0.1123,-0.0395,10.75,-37.69,4.13,57.13,-83.6,149.18
52.420067,-1.555244,157.47,9.42,3,315.7,21 / 22,2223110,2019-09-06 19:57:08:853,-1.7415,0.0682,10.5034,0.0235,0.0121,9.8066,0.1473,0.0178,0.0463,10.81,-36.62,4.88,49.29,-83.91,149.26
52.420067,-1.555244,157.47,9.42,3,315.7,21 / 22,2223210,2019-09-06 19:57:08:953,-1.4963,0.1282,10.5229,0.0208,0.017,9.8065,-0.0531,0.0169,0.0345,10.25,-37.12,5.13,49.88,-83.95,150.78
52.420067,-1.555244,157.47,9.42,3,315.7,21 / 22,2223310,2019-09-06 19:57:09:053,-1.2303,0.2782,9.5673,-0.0605,0.0022,9.8064,-0.0759,0.066,-0.0248,10.06,-36.87,5.13,51.18,-83.81,151.38
52.420067,-1.555244,157.47,9.42,3,315.7,20 / 21,2223409,2019-09-06 19:57:09:152,-1.5673,1.0327,9.6645,-0.0128,0.0115,9.8066,-0.118,-0.0486,-0.0059,10.38,-36.56,5.31,55.68,-83.68,154.48
52.420067,-1.555244,157.47,9.42,3,315.7,20 / 21,2223509,2019-09-06 19:57:09:252,-0.3144,1.6256,9.5658,0.0037,-0.0013,9.8066,0.0224,0.0067,-0.0264,10,-36.56,5.13,54.15,-83.87,153.86
52.420067,-1.555244,157.47,9.42,3,315.7,20 / 21,2223610,2019-09-06 19:57:09:353,-0.9557,0.9741,9.3508,0.0389,-0.0074,9.8065,0.0005,-0.0153,0.0165,10.81,-36.69,4.38,57.87,-84.11,151.72
52.420067,-1.555244,157.47,9.42,3,315.7,20 / 21,2223709,2019-09-06 19:57:09:452,-1.1465,0.6434,9.6874,0.0246,-0.0031,9.8065,0.0298,-0.0349,0.0049,10.38,-37.12,4.56,45.58,-84.34,148.5
52.420067,-1.555244,157.47,9.42,3,315.7,20 / 21,2223810,2019-09-06 19:57:09:553,-1.3832,1.1103,9.8518,-0.0154,0.0038,9.8066,0.025,-0.028,-0.0154,10.31,-36.81,4.38,53.08,-84.27,148.78
52.420067,-1.555244,157.47,9.42,3,315.7,20 / 21,2223910,2019-09-06 19:57:09:653,-0.5743,1.5537,9.8048,0.0061,0.0009,9.8066,-0.0011,-0.0516,0.0029,10.38,-37,4.44,52.1,-84.24,147.92
52.420067,-1.555244,157.47,9.42,3,315.7,20 / 21,2224010,2019-09-06 19:57:09:753,-1.322,1.6155,10.2426,0.0051,0.0009,9.8066,0.0264,-0.118,0.0391,10.44,-36.75,4.25,51.77,-84.29,147.82
52.420067,-1.555244,157.47,9.42,3,315.7,20 / 21,2224110,2019-09-06 19:57:09:853,-1.1839,1.5754,9.6605,-0.0013,0.011,9.8066,0.0461,-0.119,0.0584,10.38,-37.06,4.38,52.96,-84.32,148.82
52.420067,-1.555244,157.47,9.42,3,315.7,20 / 21,2224210,2019-09-06 19:57:09:953,-0.8594,1.9947,9.5546,0.0066,0.0163,9.8066,0.0095,-0.1126,0.0499,10.25,-37.56,4.06,56.08,-84.28,150.73
52.420067,-1.555244,157.47,9.42,3,315.7,20 / 21,2224310,2019-09-06 19:57:10:053,-0.9981,2.0976,9.646,0.0212,0.0179,9.8066,-0.0981,-0.1945,0.0646,9.75,-36.94,4.38,56.26,-84.58,152.24
52.420067,-1.555244,157.47,9.42,3,315.7,20 / 21,2224410,2019-09-06 19:57:10:153,-0.9392,2.9645,9.1868,-0.0072,0.0185,9.8066,-0.1085,-0.1537,0.0363,9.56,-36.94,3.19,64.3,-84.89,154.32
52.420067,-1.555244,157.47,9.42,3,315.7,20 / 21,2224509,2019-09-06 19:57:10:252,-0.4776,2.9107,9.274,0.0026,0.0027,9.8066,-0.0295,-0.1419,-0.0006,9.06,-37.87,3.38,62.86,-85.15,153.64
52.420067,-1.555244,157.47,9.42,3,315.7,20 / 21,2224610,2019-09-06 19:57:10:353,0.2327,2.8612,9.5193,0.0169,-0.001,9.8066,0.0195,-0.199,0.0143,8.94,-37.31,2.38,65.95,-85.48,151.57
52.420067,-1.555244,157.47,9.42,3,315.7,20 / 21,2224709,2019-09-06 19:57:10:452,-0.7587,2.2093,9.3834,0.0138,-0.0057,9.8066,-0.0297,-0.1621,0.0165,9.44,-37.12,2.06,64.66,-85.53,150.66
52.420067,-1.555244,157.47,9.42,3,315.7,20 / 21,2224810,2019-09-06 19:57:10:553,-0.2144,2.3998,10.1794,0.0001,0,9.8065,0.0354,-0.1663,0.0315,9.13,-36.87,1.56,62.96,-85.57,149.36
52.420067,-1.555244,157.47,9.42,3,315.7,20 / 21,2224909,2019-09-06 19:57:10:652,0.0414,2.084,10.0421,-0.0014,-0.001,9.8066,0.0911,-0.1504,0.0326,9.13,-37.31,1.69,62.99,-85.56,149.33
52.420067,-1.555244,157.47,9.42,3,315.7,20 / 21,2225010,2019-09-06 19:57:10:753,-0.0975,2.5308,10.2764,-0.0058,0.0031,9.8066,0.0481,-0.1833,0.015,8.81,-37.75,0.88,73.14,-85.49,150.99
52.420067,-1.555244,157.47,9.42,3,315.7,20 / 21,2225110,2019-09-06 19:57:10:853,-0.4175,1.767,10.0557,-0.0106,0.002,9.8066,-0.0166,-0.1608,0.0486,8.38,-36.87,1.69,66.74,-85.44,151.53
52.420067,-1.555244,157.47,9.42,3,315.7,20 / 21,2225209,2019-09-06 19:57:10:952,-0.6443,2.4693,9.7909,-0.0076,0.0127,9.8066,0.0008,-0.1789,0.0278,8.56,-37.25,0.94,75.98,-85.35,153.46
52.420067,-1.555244,157.47,9.42,3,315.7,20 / 21,2225310,2019-09-06 19:57:11:053,-0.6144,2.7831,9.4459,-0.0018,0.0041,9.8066,-0.0058,-0.1271,0.0354,8.31,-37.37,1.38,78.1,-85.38,153.92
52.420067,-1.555244,157.47,9.42,3,315.7,17 / 21,2225410,2019-09-06 19:57:11:153,0.8059,1.9877,9.5123,0.0151,-0.0015,9.8066,0.0075,-0.1658,0.015,8.25,-37.31,0.25,84.62,-85.55,153.58
52.420067,-1.555244,157.47,9.42,3,315.7,17 / 21,2225510,2019-09-06 19:57:11:253,0.3659,1.5626,9.4442,0.0033,-0.0037,9.8066,0.0259,-0.1011,-0.0046,8.38,-37.25,0.13,83.85,-85.62,153.23
52.420067,-1.555244,157.47,9.42,3,315.7,17 / 21,2225609,2019-09-06 19:57:11:352,0.3338,1.3156,10.0939,-0.0031,0.0012,9.8065,-0.0404,-0.1411,-0.0019,8.25,-37.06,0.25,82.62,-85.66,152.22
52.420067,-1.555244,157.47,9.42,3,315.7,17 / 21,2225709,2019-09-06 19:57:11:452,-0.5826,2.6421,9.555,0.0093,-0.0059,9.8066,-0.0528,-0.1127,0.0256,8.06,-37.25,-0.69,88.51,-85.73,151.35
52.420067,-1.555244,157.47,9.42,3,315.7,17 / 21,2225810,2019-09-06 19:57:11:553,-0.2358,1.7497,9.7611,-0.0075,-0.0024,9.8066,-0.0133,-0.0708,-0.0089,7.75,-37.37,-1.19,87.95,-85.71,150.67
52.420067,-1.555244,157.47,9.42,3,315.7,17 / 21,2225909,2019-09-06 19:57:11:652,0.2165,1.4138,10.0112,0.0017,0.002,9.8066,0.0256,-0.0905,-0.001,8.25,-37.69,-0.87,87.32,-85.78,149.89
52.420067,-1.555244,157.47,9.42,3,315.7,17 / 21,2226009,2019-09-06 19:57:11:752,0.1956,1.0936,10.1737,0.003,-0.0028,9.8065,0.0908,-0.0547,0.0139,8.63,-37.62,-0.75,83.93,-85.78,149.65
52.420067,-1.555244,157.47,9.42,3,315.7,17 / 21,2226110,2019-09-06 19:57:11:853,0.0445,0.8104,9.8133,0.0081,-0.0093,9.8066,0.1377,-0.0609,-0.018,7.38,-37.37,-0.75,91.35,-85.69,150.01
52.420067,-1.555244,157.47,9.42,3,315.7,17 / 21,2226210,2019-09-06 19:57:11:953,-0.528,1.9998,10.2623,-0.0157,0.0171,9.8066,-0.1356,-0.0684,0.0436,8.25,-37.81,-0.62,88.27,-85.62,150
52.420067,-1.555244,157.47,9.42,3,315.7,17 / 21,2226310,2019-09-06 19:57:12:053,-0.3685,0.7583,10.2019,0.0058,-0.0219,9.8066,-0.0476,-0.0714,-0.043,8.06,-37.5,-0.87,90.24,-85.47,151.78
52.420067,-1.555244,157.47,9.42,3,315.7,18 / 20,2226410,2019-09-06 19:57:12:153,-1.3954,0.7725,8.9837,0.0152,-0.0039,9.8066,0.1182,-0.0902,0.0635,7.31,-37.44,-0.56,94.18,-85.33,150.82
52.420067,-1.555244,157.47,9.42,3,315.7,18 / 20,2226509,2019-09-06 19:57:12:252,-0.8498,2.0947,9.8184,0.0233,-0.0136,9.8066,-0.0254,-0.05,-0.0171,7.19,-37.44,-0.94,95.34,-85.3,151.89
52.420067,-1.555244,157.47,9.42,3,315.7,18 / 20,2226610,2019-09-06 19:57:12:353,-0.0822,0.4639,9.855,0.0191,-0.01,9.8065,-0.0571,-0.0756,0.0423,8.19,-37.19,-1.12,88.86,-85.49,150.53
52.420067,-1.555244,157.47,9.42,3,315.7,18 / 20,2226710,2019-09-06 19:57:12:453,-0.9674,1.5914,10.2869,0.004,-0.006,9.8065,-0.0374,-0.0622,-0.0083,7.88,-37.19,-1.25,85.9,-85.71,148.7
52.420067,-1.555244,157.47,9.42,3,315.7,18 / 20,2226810,2019-09-06 19:57:12:553,0.7777,0.9951,9.9128,-0.0292,0.0227,9.8065,0.1376,-0.0406,0.0282,6.94,-37.25,-1.56,100.51,-85.48,151.35
52.420067,-1.555244,157.47,9.42,3,315.7,18 / 20,2226909,2019-09-06 19:57:12:652,-1.1374,1.7957,10.0391,0,0.0091,9.8066,-0.0176,-0.076,-0.0006,7.13,-37.06,-0.81,96.62,-85.32,153.32
52.420067,-1.555244,157.47,9.42,3,315.7,18 / 20,2227010,2019-09-06 19:57:12:753,-0.1724,0.7418,9.4568,0.0207,-0.0072,9.8065,0.0269,-0.0307,0.0471,7.63,-37.44,-1.12,92.77,-85.38,153.91
52.420067,-1.555244,157.47,9.42,3,315.7,18 / 20,2227109,2019-09-06 19:57:12:852,-0.4343,1.0832,9.6646,0.0047,0.0008,9.8066,0.0225,-0.0098,0.0191,7.19,-37.94,-1.44,96.18,-85.52,153.34
52.420067,-1.555244,157.47,9.42,3,315.7,18 / 20,2227209,2019-09-06 19:57:12:952,-1.4362,0.5025,10.1673,0.024,0.0155,9.8066,-0.1995,-0.1278,0.1506,7.69,-37.44,-1.37,92.19,-85.73,155.03
52.420067,-1.555244,157.47,9.42,3,315.7,18 / 20,2227310,2019-09-06 19:57:13:053,-0.3928,1.3473,8.7509,-0.0293,0.0359,9.8065,-0.2276,-0.0272,-0.0565,6.69,-37.31,-1.56,106.06,-85.84,159.34
52.420067,-1.555244,157.47,9.42,3,315.7,18 / 22,2227410,2019-09-06 19:57:13:153,-0.7111,0.1217,10.5304,-0.0637,0.0489,9.8063,0.1337,-0.0954,0.1641,6.31,-37.69,-1.44,109.62,-85.52,162.75
52.420067,-1.555244,157.47,9.42,3,315.7,18 / 22,2227509,2019-09-06 19:57:13:252,-0.1083,1.2726,10.3221,0.0092,0.008,9.8066,0.0826,0.0133,-0.0126,7.31,-37.25,-1.25,105.05,-85.65,164.35
52.420067,-1.555244,157.47,9.42,3,315.7,18 / 22,2227610,2019-09-06 19:57:13:353,-1.1967,1.595,9.3232,-0.0053,0.0064,9.8066,-0.0847,-0.0439,-0.0273,7,-37.44,-0.94,105.85,-85.48,164.34
52.420067,-1.555244,157.47,9.42,3,315.7,18 / 22,2227709,2019-09-06 19:57:13:452,-0.1097,1.8538,9.285,0.0109,-0.0045,9.8066,-0.0615,-0.0099,-0.0331,7.19,-37.44,-1.25,105.99,-85.48,164.49
52.420067,-1.555244,157.47,9.42,3,315.7,18 / 22,2227809,2019-09-06 19:57:13:552,-0.1712,0.3218,10.1652,0.0153,-0.0176,9.8066,0.0013,0.003,-0.0194,6.31,-37.37,-0.87,108.39,-85.58,162.46
52.420067,-1.555244,157.47,9.42,3,315.7,18 / 22,2227909,2019-09-06 19:57:13:652,-0.0131,0.6644,10.4241,-0.0004,-0.001,9.8066,0.0565,0.0018,-0.0249,7.31,-37.56,-2,110.08,-85.6,162.03
52.420067,-1.555244,157.47,9.42,3,315.7,18 / 22,2228009,2019-09-06 19:57:13:752,-0.6192,0.3551,9.9354,-0.0185,0.001,9.8066,0.0533,0.0245,-0.0214,7.13,-37.44,-1.87,110.21,-85.37,161.64
52.420067,-1.555244,157.47,9.42,3,315.7,18 / 22,2228110,2019-09-06 19:57:13:853,-0.5238,1.0872,9.3714,-0.0126,0.0126,9.8066,-0.008,-0.0029,0.0589,6.69,-36.94,-1.62,112.05,-85.04,162.04
52.420067,-1.555244,157.47,9.42,3,315.7,18 / 22,2228210,2019-09-06 19:57:13:953,-0.9204,1.3198,9.414,0.0177,-0.0046,9.8066,-0.1028,0.0275,0.0247,7.31,-37.62,-1.87,112.49,-85.21,162.81
52.420067,-1.555244,157.47,9.42,3,315.7,18 / 22,2228310,2019-09-06 19:57:14:053,-0.3763,0.641,9.1283,0.0121,-0.0021,9.8066,-0.1473,-0.0145,-0.001,6.88,-37.37,-1.81,110.86,-85.6,163.57
52.420067,-1.555244,157.47,9.42,3,315.7,20 / 22,2228410,2019-09-06 19:57:14:153,0.0585,-0.0599,10.1817,0.0048,0.0027,9.8066,0.1273,0.0236,-0.0158,6.88,-37.69,-1.81,111.29,-85.74,164.14
52.420067,-1.555244,157.47,9.42,3,315.7,20 / 22,2228509,2019-09-06 19:57:14:252,-0.3893,0.8154,10.7208,-0.0041,0.006,9.8066,0.1492,-0.0259,0.0523,6.81,-37.12,-2.19,112.7,-85.6,165.69
52.420067,-1.555244,157.47,9.42,3,315.7,20 / 22,2228609,2019-09-06 19:57:14:352,-1.0706,1.0385,10.8246,-0.0019,0.0187,9.8066,0.0732,0.0143,-0.0024,6.38,-37.62,-1.5,115.9,-85.26,168.77
52.420067,-1.555244,157.47,9.42,3,315.7,20 / 22,2228710,2019-09-06 19:57:14:453,-1.5904,1.9573,9.0555,0.0096,-0.0126,9.8066,0.1618,-0.0057,0.0705,6.31,-37.69,-1.31,117.48,-84.99,169.06
52.420067,-1.555244,157.47,9.42,3,315.7,20 / 22,2228809,2019-09-06 19:57:14:552,-0.1763,1.7966,9.3526,0.0313,-0.0121,9.8065,-0.2119,0.0113,-0.0668,6.19,-37.62,-1.5,118.11,-85.1,170.54
52.420067,-1.555244,157.47,9.42,3,315.7,20 / 22,2228909,2019-09-06 19:57:14:652,0.5898,0.7226,10.0628,0.0109,-0.0121,9.8066,-0.0728,0.0128,-0.0019,6.25,-37.81,-1.5,115.81,-85.42,169.66
52.420067,-1.555244,157.47,9.42,3,315.7,20 / 22,2229009,2019-09-06 19:57:14:752,-0.3857,0.9571,9.5494,-0.0111,-0.0004,9.8066,0.0728,0.0248,0.003,6.5,-37.81,-1.81,116.88,-85.35,168.78
52.420067,-1.555244,157.47,9.42,3,315.7,20 / 22,2229109,2019-09-06 19:57:14:852,-0.91,0.7097,9.5678,-0.0139,0.0137,9.8065,0.0664,-0.0145,-0.0111,6.81,-37.31,-0.94,111.25,-85.14,168.72
52.420067,-1.555244,157.47,9.42,3,315.7,20 / 22,2229210,2019-09-06 19:57:14:953,0.3276,1.254,9.918,-0.0025,0.0001,9.8066,-0.0971,0.0148,-0.0362,6.38,-37.87,-1.25,118.32,-84.93,169.79
52.420067,-1.555244,157.47,9.42,3,315.7,20 / 22,2229310,2019-09-06 19:57:15:053,-1.0985,0.8282,9.5175,-0.0046,-0.0221,9.8065,-0.0918,-0.0014,-0.0102,6.69,-37.06,-1.5,110.28,-85.07,167.18
52.420532,-1.556496,157.36,13.96,3,306.39,20 / 22,2229409,2019-09-06 19:57:15:152,0.3838,0.0248,9.6965,0.0035,-0.0011,9.8066,-0.049,-0.048,-0.0301,6.81,-37.5,-1.94,114.39,-85.24,165.85
52.420532,-1.556496,157.36,13.96,3,306.39,20 / 22,2229510,2019-09-06 19:57:15:253,-0.579,0.9082,10.0049,-0.0055,-0.0003,9.8066,-0.0024,-0.0225,-0.0279,7.31,-37.44,-1.31,107.87,-85.27,165.46
52.420532,-1.556496,157.36,13.96,3,306.39,20 / 22,2229609,2019-09-06 19:57:15:352,-0.3565,0.3583,10.0269,-0.0273,0.0275,9.8065,0.1622,0.0288,-0.0147,6.63,-37.56,-1.69,116.5,-84.97,166.41
52.420532,-1.556496,157.36,13.96,3,306.39,20 / 22,2229710,2019-09-06 19:57:15:453,-1.3203,1.6315,9.4163,0.0145,-0.0057,9.8065,0.0819,-0.0075,0.0395,6.5,-37.5,-1.06,112.07,-84.75,167.6
52.420532,-1.556496,157.36,13.96,3,306.39,20 / 22,2229810,2019-09-06 19:57:15:553,-1.4562,1.2983,9.9741,0.02,-0.0046,9.8066,-0.0993,-0.0504,-0.0175,6.75,-37.25,-1.5,113.08,-84.84,169.25
52.420532,-1.556496,157.36,13.96,3,306.39,20 / 22,2229910,2019-09-06 19:57:15:653,-1.0349,2.0367,9.4365,-0.0106,0.0065,9.8066,-0.0151,0.0545,0.031,6.5,-38.25,-1.94,119.32,-84.84,169.21
52.420532,-1.556496,157.36,13.96,3,306.39,20 / 22,2230010,2019-09-06 19:57:15:753,-0.0772,0.5765,9.5706,0.0223,-0.0037,9.8066,0.0249,0.0602,-0.039,6.69,-37.62,-1.5,113.4,-84.85,169
52.420532,-1.556496,157.36,13.96,3,306.39,20 / 22,2230110,2019-09-06 19:57:15:853,-0.3899,0.2652,10.0388,0.0084,-0.0132,9.8066,-0.0377,-0.0317,-0.0305,6.5,-37.5,-1.31,112.5,-84.93,169.09
52.420532,-1.556496,157.36,13.96,3,306.39,20 / 22,2230209,2019-09-06 19:57:15:952,-0.3018,0.132,10.1178,-0.0027,-0.016,9.8066,0.0438,-0.0322,0.069,6.88,-37.44,-1.25,112.23,-84.85,168.31
52.420532,-1.556496,157.36,13.96,3,306.39,20 / 22,2230309,2019-09-06 19:57:16:052,-0.6381,0.5715,9.7953,-0.0108,0.0123,9.8065,-0.0531,0.0629,-0.0779,7.31,-37.44,-1.25,111.59,-84.83,167.46
52.420532,-1.556496,157.36,13.96,3,306.39,20 / 21,2230410,2019-09-06 19:57:16:153,-0.2496,1.1198,10.0826,-0.0039,0.0063,9.8066,-0.0067,-0.0016,-0.0141,7.63,-37.19,-1.44,107.78,-84.82,167.4
52.420532,-1.556496,157.36,13.96,3,306.39,20 / 21,2230509,2019-09-06 19:57:16:252,-0.5927,0.4543,9.7117,-0.0002,0.0022,9.8066,0.0527,-0.0133,0.0096,7,-37.31,-1.31,112,-84.76,167.53
52.420532,-1.556496,157.36,13.96,3,306.39,20 / 21,2230610,2019-09-06 19:57:16:353,-0.1758,0.5321,9.9283,0.0088,-0.0136,9.8066,0.0719,0.0357,-0.0379,6.63,-37.81,-1.06,112.38,-84.75,167.2
52.420532,-1.556496,157.36,13.96,3,306.39,20 / 21,2230710,2019-09-06 19:57:16:453,-1.0979,1.1532,10.3403,-0.0021,0.0078,9.8066,0.0198,-0.0262,0.0153,7.44,-37.87,-1.69,119.37,-84.64,168.29
52.420532,-1.556496,157.36,13.96,3,306.39,20 / 21,2230809,2019-09-06 19:57:16:552,-1.0425,1.3096,9.9743,-0.0206,0.0163,9.8066,-0.0026,0.0106,0.0318,7.06,-37.62,-1.12,114.97,-84.49,168.94
52.420532,-1.556496,157.36,13.96,3,306.39,20 / 21,2230910,2019-09-06 19:57:16:653,-0.1961,-0.202,9.8757,0.0099,-0.0047,9.8066,-0.0781,0.0759,-0.0221,7.19,-37.75,-1.62,121.63,-84.52,170.58
52.420532,-1.556496,157.36,13.96,3,306.39,20 / 21,2231009,2019-09-06 19:57:16:752,-0.0752,1.0005,9.8249,0.016,-0.0019,9.8065,0.0505,-0.0287,0.0061,7,-37.44,-1.5,116.2,-84.49,171.25
52.420532,-1.556496,157.36,13.96,3,306.39,20 / 21,2231110,2019-09-06 19:57:16:853,-0.8766,0.1959,10.0891,0.0157,-0.0101,9.8066,0.0328,0.0382,0.0275,7.06,-37.31,-1.19,115.73,-84.55,170.99
52.420532,-1.556496,157.36,13.96,3,306.39,20 / 21,2231210,2019-09-06 19:57:16:953,-0.2185,1.5339,9.4877,0.0038,-0.0159,9.8066,-0.0646,0.0463,-0.1073,7.31,-37.5,-1,116.69,-84.46,171.7
52.420532,-1.556496,157.36,13.96,3,306.39,20 / 21,2231310,2019-09-06 19:57:17:053,-0.7283,1.2684,9.549,0.0033,0.0079,9.8066,-0.0304,-0.0287,0.0562,6.94,-37.56,-1.56,123,-84.45,172.04
52.420532,-1.556496,157.36,13.96,3,306.39,20 / 21,2231417,2019-09-06 19:57:17:160,-0.5472,0.8836,9.63,0.007,-0.0055,9.8066,-0.0285,0.0849,-0.0413,7.13,-37.81,-1.12,117.53,-84.48,172.15
52.420532,-1.556496,157.36,13.96,3,306.39,20 / 21,2231509,2019-09-06 19:57:17:252,-0.9223,1.0802,10.0115,0.0118,0.0141,9.8066,0.0893,-0.0415,0.0858,6.81,-37.94,-1.12,118.97,-84.45,173.83
52.420532,-1.556496,157.36,13.96,3,306.39,20 / 21,2231610,2019-09-06 19:57:17:353,-0.5485,-0.3179,10.3015,-0.0237,0.0112,9.8066,-0.0141,-0.004,-0.0065,7.38,-37.75,-1.44,119,-84.43,173.75
52.420532,-1.556496,157.36,13.96,3,306.39,20 / 21,2231710,2019-09-06 19:57:17:453,-1.396,1.2746,9.3858,-0.0067,-0.0039,9.8066,0.0792,0.026,-0.0196,7.13,-37.56,-0.87,119.92,-84.2,173.73
52.420532,-1.556496,157.36,13.96,3,306.39,20 / 21,2231809,2019-09-06 19:57:17:552,-1.2619,0.6095,10.5333,-0.0057,0.0097,9.8066,-0.0235,0.0049,0.002,7.56,-37.62,-0.69,115.96,-84.16,173.3
52.420532,-1.556496,157.36,13.96,3,306.39,20 / 21,2231910,2019-09-06 19:57:17:653,0.2372,-0.6865,10.2609,-0.0101,0.0031,9.8066,0.0784,-0.0282,-0.0097,7.75,-37.75,-1.75,121.1,-84.1,173.17
52.420532,-1.556496,157.36,13.96,3,306.39,20 / 21,2232009,2019-09-06 19:57:17:752,-1.0639,0.9996,9.3706,-0.0012,0.0141,9.8066,-0.0434,0.0072,0.057,7.44,-37.62,-0.87,120.16,-84.01,173.03
52.420532,-1.556496,157.36,13.96,3,306.39,20 / 21,2232110,2019-09-06 19:57:17:853,-0.3893,0.1877,9.518,0.0043,0.0042,9.8066,-0.0485,-0.0216,0.0255,7.44,-37.44,-1.12,120.63,-84.01,174.47
52.420532,-1.556496,157.36,13.96,3,306.39,20 / 21,2232209,2019-09-06 19:57:17:952,-1.5363,0.274,9.6573,0.008,-0.0043,9.8065,0.079,0.0099,-0.0226,7.13,-37.62,-0.87,120.56,-84.12,174.12
52.420532,-1.556496,157.36,13.96,3,306.39,20 / 21,2232310,2019-09-06 19:57:18:053,-1.0066,-0.5145,10.2629,-0.0002,0.0004,9.8066,0.1249,-0.0092,0.0047,7.56,-37.44,-0.37,110.63,-84.13,174.31
52.420532,-1.556496,157.36,13.96,3,306.39,19 / 22,2232409,2019-09-06 19:57:18:152,-0.4868,0.1015,9.7084,-0.047,0.0349,9.8064,-0.012,0.0738,0.0218,7.56,-37.44,-0.87,117.62,-83.82,174.54
52.420532,-1.556496,157.36,13.96,3,306.39,19 / 22,2232510,2019-09-06 19:57:18:253,-0.8961,-0.3069,10.2557,0.0179,-0.0083,9.8066,-0.0902,-0.0023,0.0274,7.69,-37,-0.25,112.69,-83.78,175.14
52.420532,-1.556496,157.36,13.96,3,306.39,19 / 22,2232609,2019-09-06 19:57:18:352,-0.0462,-0.8319,9.61,0.0163,0.0031,9.8065,0.0748,0.0127,0.0057,7.13,-37.87,-0.37,117.1,-83.89,176.1
52.420532,-1.556496,157.36,13.96,3,306.39,19 / 22,2232710,2019-09-06 19:57:18:453,-1.3872,0.8655,9.4703,-0.0005,-0.0014,9.8066,0.1134,-0.0071,-0.0102,7.75,-37.44,-0.69,119.35,-83.93,177.24
52.420532,-1.556496,157.36,13.96,3,306.39,19 / 22,2232809,2019-09-06 19:57:18:552,-0.5213,-0.2158,9.9515,-0.0203,0.0089,9.8066,-0.1257,0.0611,-0.0188,8.13,-37.5,-0.25,113.02,-84.05,176.83
52.420532,-1.556496,157.36,13.96,3,306.39,19 / 22,2232909,2019-09-06 19:57:18:652,-0.5454,-0.0278,9.9933,-0.0161,0.0089,9.8065,0.0121,0.0689,0.0696,7.88,-38,-0.94,119.44,-83.93,176.6
52.420532,-1.556496,157.36,13.96,3,306.39,19 / 22,2233009,2019-09-06 19:57:18:752,-1.6002,0.6828,9.3987,0.0088,-0.0126,9.8066,-0.1459,0.0011,-0.0781,7.44,-37.19,-0.5,116.61,-83.91,176.51
52.420532,-1.556496,157.36,13.96,3,306.39,19 / 22,2233109,2019-09-06 19:57:18:852,-1.4714,0.5985,8.8124,0.0046,0.0072,9.8066,-0.0193,0.1249,0.056,7.63,-37.75,-1.25,120.14,-83.85,177.15
52.420532,-1.556496,157.36,13.96,3,306.39,19 / 22,2233209,2019-09-06 19:57:18:952,0.6675,0.2885,9.4853,0.0263,-0.0194,9.8065,0.1298,0.0504,-0.0582,7.56,-37.56,-1,121.06,-83.97,178.87
52.420532,-1.556496,157.36,13.96,3,306.39,19 / 22,2233310,2019-09-06 19:57:19:053,-1.0818,1.2193,9.6151,0.0263,-0.0111,9.8065,0.094,-0.0075,-0.013,8.06,-37.31,-0.12,114.75,-83.99,178.63
52.420532,-1.556496,157.36,13.96,3,306.39,17 / 21,2233409,2019-09-06 19:57:19:152,-0.5391,-0.1023,10.0272,-0.0047,-0.0048,9.8066,0.0005,-0.0148,-0.0083,7.75,-37.5,-0.25,116.06,-83.82,179.5
52.420532,-1.556496,157.36,13.96,3,306.39,17 / 21,2233509,2019-09-06 19:57:19:252,-1.0195,-0.0398,9.9404,0.0026,-0.0166,9.8066,-0.1217,0.0352,-0.1005,7.81,-37.56,-0.75,120.63,-83.89,177.94
52.420532,-1.556496,157.36,13.96,3,306.39,17 / 21,2233610,2019-09-06 19:57:19:353,-0.4259,-0.3103,9.8735,-0.0002,-0.0036,9.8066,0.1527,0.0536,0.0522,8.19,-37.5,-0.06,114.11,-83.9,177.43
52.420532,-1.556496,157.36,13.96,3,306.39,17 / 21,2233709,2019-09-06 19:57:19:452,-0.9615,0.088,9.9645,-0.0027,-0.0135,9.8066,0.0122,0.0134,-0.0608,7.69,-37.94,-0.12,114.06,-83.83,176.27
52.420532,-1.556496,157.36,13.96,3,306.39,17 / 21,2233810,2019-09-06 19:57:19:553,-1.2294,-0.2459,10.0845,0.008,0.0058,9.8065,-0.0014,0.0057,0.0562,7.31,-37.31,0.06,117.12,-83.82,176.68
52.420532,-1.556496,157.36,13.96,3,306.39,17 / 21,2233910,2019-09-06 19:57:19:653,-0.2273,-0.0087,10.0933,-0.0181,0.0055,9.8066,-0.0081,0.0976,0.0135,7.94,-37.31,-0.37,114.8,-83.62,176.99
52.420532,-1.556496,157.36,13.96,3,306.39,17 / 21,2234010,2019-09-06 19:57:19:753,-0.6792,0.0948,9.8361,0.0236,-0.0207,9.8066,-0.0382,-0.0106,-0.077,7.81,-36.75,-0.31,114.85,-83.56,176.75
52.420532,-1.556496,157.36,13.96,3,306.39,17 / 21,2234110,2019-09-06 19:57:19:853,-1.3195,0.1487,9.672,0.0184,0.0025,9.8066,-0.007,0.054,0.0412,7.63,-37.25,-0.37,114.39,-83.73,176.98
52.420532,-1.556496,157.36,13.96,3,306.39,17 / 21,2234210,2019-09-06 19:57:19:953,-0.4852,0.4332,9.7339,-0.0091,-0.001,9.8066,-0.0792,0.0386,-0.0134,7.94,-37.37,0,115.62,-83.61,177.97
52.420532,-1.556496,157.36,13.96,3,306.39,17 / 21,2234309,2019-09-06 19:57:20:052,-0.3364,0.5089,10.1599,-0.0309,0.0188,9.8065,-0.081,0.0753,-0.0245,7.63,-36.87,-0.12,115.9,-83.54,177.97
52.420532,-1.556496,157.36,13.96,3,306.39,17 / 20,2234410,2019-09-06 19:57:20:153,-0.1134,-1.2316,9.8669,-0.0157,-0.0001,9.8066,-0.1629,0.0975,-0.0226,7.81,-37.56,0.25,117.26,-83.39,178.19
52.420532,-1.556496,157.36,13.96,3,306.39,17 / 20,2234509,2019-09-06 19:57:20:252,0.4654,-0.9363,10.1447,-0.0458,0.024,9.8065,0.2359,-0.0021,0.014,8.19,-37.44,0.25,117.06,-83.18,177.76
52.420532,-1.556496,157.36,13.96,3,306.39,17 / 20,2234610,2019-09-06 19:57:20:353,-1.0511,0.09,10.0457,0.031,-0.0222,9.8065,0.1126,-0.0536,-0.0284,8.13,-37.81,0.19,118.72,-83.07,178.55
52.420532,-1.556496,157.36,13.96,3,306.39,17 / 20,2234709,2019-09-06 19:57:20:452,0.7246,-0.0645,9.5855,0.0284,-0.0113,9.8066,-0.1043,0.031,-0.0104,8.13,-37.5,0.63,111.59,-83.25,178.53
52.420532,-1.556496,157.36,13.96,3,306.39,17 / 20,2234810,2019-09-06 19:57:20:553,0.3058,-0.5293,10.2243,-0.0066,-0.004,9.8066,-0.116,0.0734,0.0217,8.5,-37,0,114.19,-83.22,177.9
52.420532,-1.556496,157.36,13.96,3,306.39,17 / 20,2234909,2019-09-06 19:57:20:652,-0.3046,0.0097,9.8883,-0.0034,-0.0084,9.8066,0.0725,0.0054,-0.0045,8.63,-37.19,0.31,113.4,-83.21,176.88
52.420532,-1.556496,157.36,13.96,3,306.39,17 / 20,2235010,2019-09-06 19:57:20:753,-0.292,-0.0424,9.5642,0.0047,-0.002,9.8066,-0.0101,-0.0307,-0.0641,8.5,-36.5,0.63,107.71,-83.09,176.86
52.420532,-1.556496,157.36,13.96,3,306.39,17 / 20,2235110,2019-09-06 19:57:20:853,-0.8577,-0.902,9.5702,-0.0052,-0.0042,9.8066,0.0564,-0.0046,0.0627,8.69,-37,0.56,108.52,-83.04,176.8
52.420532,-1.556496,157.36,13.96,3,306.39,17 / 20,2235210,2019-09-06 19:57:20:953,-0.5759,-0.8321,9.487,0.0178,-0.0067,9.8065,-0.0069,0.0888,-0.0166,8.13,-37.25,0.5,110.2,-83.13,176.25
52.420532,-1.556496,157.36,13.96,3,306.39,17 / 20,2235310,2019-09-06 19:57:21:053,0.1216,-0.3351,9.7041,-0.0025,-0.0014,9.8066,0.006,0.0511,-0.0365,8.75,-37.19,0.56,107.13,-83.25,176.09
52.420532,-1.556496,157.36,13.96,3,306.39,18 / 21,2235410,2019-09-06 19:57:21:153,0.1027,-1.7608,10.1622,-0.0226,0.0144,9.8066,-0.1646,0.1107,-0.0395,8.81,-37,0.75,107.7,-83.12,176.15
52.420532,-1.556496,157.36,13.96,3,306.39,18 / 21,2235509,2019-09-06 19:57:21:252,0.4267,-1.0573,9.0215,-0.0157,0.0014,9.8066,0.2889,-0.0132,0.1079,8.56,-36.75,1.38,107.69,-83.09,176.02
52.420532,-1.556496,157.36,13.96,3,306.39,18 / 21,2235610,2019-09-06 19:57:21:353,-0.8628,-0.7278,9.7561,0.0353,0.0018,9.8065,0.0727,0.0568,-0.0686,8.56,-37,0.94,109.61,-82.88,177.39
52.420532,-1.556496,157.36,13.96,3,306.39,18 / 21,2235709,2019-09-06 19:57:21:452,-0.2368,0.1624,9.828,-0.0185,0.0007,9.8066,-0.047,0.058,-0.0297,8.5,-37.19,1.13,109.18,-83.06,177.65
52.420532,-1.556496,157.36,13.96,3,306.39,18 / 21,2235810,2019-09-06 19:57:21:553,-1.1454,-0.2752,10.4458,-0.0388,0.0031,9.8065,-0.0149,0.0571,-0.0823,8.5,-36.69,1.13,108.32,-83,176.37
52.420532,-1.556496,157.36,13.96,3,306.39,18 / 21,2235910,2019-09-06 19:57:21:653,-0.8705,0.2069,10.6973,0.0313,-0.017,9.8065,0.1405,0.0052,0.0374,8.69,-36.69,1.69,101.69,-82.86,174.84
52.420532,-1.556496,157.36,13.96,3,306.39,18 / 21,2236010,2019-09-06 19:57:21:753,-0.6168,0.3004,10.084,0.0642,-0.0187,9.8063,-0.0304,0.0738,-0.0232,8.88,-36.94,1.13,106.53,-83.03,174.42
52.420532,-1.556496,157.36,13.96,3,306.39,18 / 21,2236110,2019-09-06 19:57:21:853,-0.3684,-0.4303,10.2264,-0.0091,-0.0006,9.8066,0.072,0.0494,0.0159,8.56,-36.87,1.25,106.91,-82.95,174.46
52.420532,-1.556496,157.36,13.96,3,306.39,18 / 21,2236210,2019-09-06 19:57:21:953,2.4021,1.9085,9.9965,-0.0169,0.0039,9.8066,-0.0766,0.0506,-0.0485,9,-37.19,1.56,101.16,-82.88,174.34
52.420532,-1.556496,157.36,13.96,3,306.39,18 / 21,2236310,2019-09-06 19:57:22:053,1.0628,-2.3865,10.4231,0.0427,0.0074,9.8065,0.3617,-0.1109,0.1419,9.06,-37.06,1.56,102.18,-82.65,174.44
52.420532,-1.556496,157.36,13.96,3,306.39,17 / 20,2236409,2019-09-06 19:57:22:152,-1.1036,-0.6951,10.5586,0.0481,-0.0317,9.8064,0.1414,0.1232,-0.0638,9.38,-36.37,1.88,100.81,-82.88,174.81
52.420532,-1.556496,157.36,13.96,3,306.39,17 / 20,2236510,2019-09-06 19:57:22:253,-1.2105,0.5504,10.0606,-0.0325,-0.0062,9.8065,-0.2958,0.1062,-0.0779,8.81,-36.56,1.88,102.49,-82.64,174.73
52.420532,-1.556496,157.36,13.96,3,306.39,17 / 20,2236610,2019-09-06 19:57:22:353,-0.8176,-1.1182,9.6479,-0.017,0.0075,9.8065,-0.1174,0.0657,0.0105,9.44,-36.81,2.19,101.4,-82.72,173.88
52.420532,-1.556496,157.36,13.96,3,306.39,17 / 20,2236710,2019-09-06 19:57:22:453,-0.3942,-0.9511,9.4234,-0.0129,0.0019,9.8066,0.0077,0.0584,-0.0043,8.75,-37.25,1.88,101.67,-82.76,174.35
52.420532,-1.556496,157.36,13.96,3,306.39,17 / 20,2236809,2019-09-06 19:57:22:552,-0.2932,-1.013,9.6353,-0.0081,0.0106,9.8066,0.0053,0.0572,0.0233,9.69,-36.44,2.13,99.76,-82.73,174.8
52.420532,-1.556496,157.36,13.96,3,306.39,17 / 20,2236910,2019-09-06 19:57:22:653,0.6351,0.0486,9.6441,-0.0088,0.007,9.8066,0.0254,0.0707,0.0198,9.13,-36.81,2.25,102.49,-82.79,175.39
52.420532,-1.556496,157.36,13.96,3,306.39,17 / 20,2237010,2019-09-06 19:57:22:753,-0.064,-1.0267,10.2644,-0.0175,0.0089,9.8066,-0.0656,0.0654,0.0403,9.75,-36.69,2.06,101.82,-82.74,176.34
52.420532,-1.556496,157.36,13.96,3,306.39,17 / 20,2237111,2019-09-06 19:57:22:854,-0.027,-0.9468,9.8175,0.0182,-0.01,9.8066,0.1271,-0.015,0.0347,9.31,-37.37,1.75,103.66,-82.66,176.16
52.420532,-1.556496,157.36,13.96,3,306.39,17 / 20,2237210,2019-09-06 19:57:22:953,0.2209,-0.8078,11.1976,0.0093,-0.0121,9.8066,0.0826,0.0722,-0.0492,9.31,-36.5,2.5,96.63,-82.53,175.5
52.420532,-1.556496,157.36,13.96,3,306.39,17 / 20,2237310,2019-09-06 19:57:23:053,0.0457,0.0369,10.5318,0.0251,-0.0197,9.8066,0.045,0.1053,-0.0663,9.13,-37.06,2.75,98.19,-82.38,175.59
52.420532,-1.556496,157.36,13.96,3,306.39,19 / 20,2237409,2019-09-06 19:57:23:152,-0.8454,0.3297,9.8839,0.0317,-0.0097,9.8066,0.0403,0.0185,0.0492,9.56,-36.94,2.81,95.08,-82.49,174.09
52.420532,-1.556496,157.36,13.96,3,306.39,19 / 20,2237510,2019-09-06 19:57:23:253,0.2776,-1.6443,10.1607,-0.0432,0.0084,9.8065,0.0585,0.062,0.0227,9.5,-36.87,2.06,101.22,-82.19,173.44
52.420532,-1.556496,157.36,13.96,3,306.39,19 / 20,2237609,2019-09-06 19:57:23:352,-0.6798,-0.5013,9.6547,-0.0175,0.0063,9.8066,0.0659,0.0377,-0.0431,8.94,-37.19,2.81,97.11,-82.2,173.59
52.420532,-1.556496,157.36,13.96,3,306.39,19 / 20,2237710,2019-09-06 19:57:23:453,-0.3131,-1.1222,10.4282,-0.0303,0.0129,9.8065,-0.0619,-0.038,0.0637,9.88,-36.37,2.69,95.12,-82.21,173.85
52.420532,-1.556496,157.36,13.96,3,306.39,19 / 20,2237810,2019-09-06 19:57:23:553,-0.2682,-0.5231,10.3751,-0.0167,-0.0165,9.8065,0.0012,0.1043,-0.042,10.25,-36.75,3,95.06,-82.23,173.02
52.420532,-1.556496,157.36,13.96,3,306.39,19 / 20,2237910,2019-09-06 19:57:23:653,0.2158,-0.8516,9.846,-0.0225,-0.0015,9.8066,0.0463,-0.0109,-0.0709,10.25,-36.69,2.19,100.66,-82.22,172.91
52.420532,-1.556496,157.36,13.96,3,306.39,19 / 20,2238010,2019-09-06 19:57:23:753,-0.7753,-0.5134,8.8848,-0.0176,0.0028,9.8066,0.0273,0.0516,-0.0088,9.63,-37,3.13,95.03,-82.11,172.49
52.420532,-1.556496,157.36,13.96,3,306.39,19 / 20,2238110,2019-09-06 19:57:23:853,0.5125,-0.2648,9.1665,0.058,-0.0155,9.8064,0.1491,0.1496,-0.0257,9.25,-36.69,3.13,95.52,-82.36,172.63
52.420532,-1.556496,157.36,13.96,3,306.39,19 / 20,2238210,2019-09-06 19:57:23:953,-1.5423,0.2272,10.3917,0.049,0.004,9.8065,0.2182,0.0035,0.0296,10.31,-36.69,3.56,89.18,-82.34,173.46
52.420532,-1.556496,157.36,13.96,3,306.39,19 / 20,2238310,2019-09-06 19:57:24:053,-1.4039,0.4777,11.3024,-0.043,0.0174,9.8065,-0.0547,0.1063,0.0031,10.88,-36.56,3.19,95.75,-81.94,173.86
52.421272,-1.558486,155.99,20.8,4,291.32,19 / 20,2238410,2019-09-06 19:57:24:153,-0.9399,-0.5238,10.5878,0.0115,0.0157,9.8066,-0.0238,-0.0279,0.011,10,-36.69,2.75,97.35,-81.93,174.25
52.421272,-1.558486,155.99,20.8,4,291.32,19 / 20,2238510,2019-09-06 19:57:24:253,0.5831,-0.8932,10.6918,-0.0367,0.0214,9.8065,-0.1626,0.0439,0.067,9.19,-37,2.44,104.75,-82.17,175.16
52.421272,-1.558486,155.99,20.8,4,291.32,19 / 20,2238610,2019-09-06 19:57:24:353,0.657,-0.3666,9.7978,-0.0601,0.0097,9.8064,-0.2615,0.0798,0.0217,8.94,-37,4.06,94.39,-81.84,175.92
52.421272,-1.558486,155.99,20.8,4,291.32,19 / 20,2238710,2019-09-06 19:57:24:453,0.5223,-1.2404,9.1605,0.0111,0.0096,9.8066,0.1448,-0.0228,0.0586,10.25,-36.5,4.13,92.79,-81.96,176.49
52.421272,-1.558486,155.99,20.8,4,291.32,19 / 20,2238810,2019-09-06 19:57:24:553,0.3025,-0.5588,8.8023,-0.0157,0.0006,9.8066,0.0216,0.0622,-0.0484,10.38,-36.94,3.31,99.6,-81.9,176.57
52.421272,-1.558486,155.99,20.8,4,291.32,19 / 20,2238910,2019-09-06 19:57:24:653,-1.4938,-0.087,12.0798,0.0355,0.0157,9.8065,0.1285,0.0434,-0.0248,10.06,-36.62,3.88,94.91,-82.14,178.55
52.421272,-1.558486,155.99,20.8,4,291.32,19 / 20,2239009,2019-09-06 19:57:24:752,-1.7497,0.276,11.0801,0.0801,-0.0191,9.8063,0.175,-0.0154,-0.0462,10,-37.12,3.38,99.52,-82.2,177.69
52.421272,-1.558486,155.99,20.8,4,291.32,19 / 20,2239109,2019-09-06 19:57:24:852,-1.7593,0.3092,10.3159,-0.0827,0.0245,9.8062,-0.1852,0.0387,0.0402,9.81,-36.69,3.44,101.02,-82,178.58
52.421272,-1.558486,155.99,20.8,4,291.32,19 / 20,2239210,2019-09-06 19:57:24:953,-0.0168,-0.424,10.2737,-0.0525,0.0015,9.8065,-0.1302,0.0344,-0.0312,9.56,-37.12,3.69,97.02,-81.57,178.55
52.421272,-1.558486,155.99,20.8,4,291.32,19 / 20,2239310,2019-09-06 19:57:25:053,0.1472,-0.4108,9.4069,-0.0386,-0.0008,9.8065,0.0004,0.0234,-0.0059,9.5,-36.44,4.25,96.12,-81.36,177.68
52.421272,-1.558486,155.99,20.8,4,291.32,19 / 22,2239409,2019-09-06 19:57:25:152,-0.0067,0.0452,9.1383,-0.0393,-0.0015,9.8065,-0.0962,0.0077,0.0249,9.31,-36.69,4.56,91.25,-81.4,177.42
52.421272,-1.558486,155.99,20.8,4,291.32,19 / 22,2239509,2019-09-06 19:57:25:252,-0.4762,-1.0219,10.1873,0.0561,-0.0142,9.8064,0.0273,0.0516,-0.1233,9.94,-36.25,4.75,88.15,-81.73,176.8
52.421272,-1.558486,155.99,20.8,4,291.32,19 / 22,2239610,2019-09-06 19:57:25:353,-0.9429,0.3259,10.8372,-0.0548,0.0042,9.8064,0.1493,0.0204,0.0064,9.63,-35.69,4.69,87.54,-81.67,175.97
52.421272,-1.558486,155.99,20.8,4,291.32,19 / 22,2239709,2019-09-06 19:57:25:452,-1.3221,-0.3051,10.2998,-0.0611,-0.0108,9.8064,-0.2253,0.0721,-0.0108,9.5,-36.25,4.69,88.16,-81.59,176.28
52.421272,-1.558486,155.99,20.8,4,291.32,19 / 22,2239809,2019-09-06 19:57:25:552,0.9632,-0.3842,9.7985,-0.0456,-0.0024,9.8065,-0.322,0.0119,0.0108,10,-36.81,5,89.64,-81.26,175.61
52.421272,-1.558486,155.99,20.8,4,291.32,19 / 22,2239910,2019-09-06 19:57:25:653,1.4307,-1.3609,9.1852,0.0318,0.0068,9.8066,0.324,-0.0291,0.0301,10.56,-36.5,4.44,93.14,-81.54,175.99
52.421272,-1.558486,155.99,20.8,4,291.32,19 / 22,2240009,2019-09-06 19:57:25:752,-0.1469,0.074,8.0337,0.0346,0.0023,9.8065,0.0937,0.0931,-0.0244,10.56,-36.5,4.44,93.19,-81.58,176.16
52.421272,-1.558486,155.99,20.8,4,291.32,19 / 22,2240109,2019-09-06 19:57:25:852,-0.8204,-0.9847,9.0572,0.0744,-0.0108,9.8063,0.0359,-0.0075,0.0111,10.38,-36.44,3.69,93.48,-81.85,176.77
52.421272,-1.558486,155.99,20.8,4,291.32,19 / 22,2240209,2019-09-06 19:57:25:952,-0.0418,-0.6222,10.6113,0.0606,-0.0227,9.8064,-0.0104,0.0391,-0.1066,9.63,-37.12,3.19,98.9,-81.94,175.98
52.421272,-1.558486,155.99,20.8,4,291.32,19 / 22,2240309,2019-09-06 19:57:26:052,-0.4694,-1.1466,10.7271,-0.0665,0.0097,9.8064,0.0351,-0.0522,0.0463,8.25,-37.56,4,97.03,-81.78,176.16
52.421272,-1.558486,155.99,20.8,4,291.32,18 / 21,2240409,2019-09-06 19:57:26:152,1.1338,-0.0414,10.1236,-0.077,-0.0092,9.8063,-0.0746,-0.0282,-0.0575,8.38,-36.94,5.5,84.16,-81.04,175.49
52.421272,-1.558486,155.99,20.8,4,291.32,18 / 21,2240510,2019-09-06 19:57:26:253,-0.5273,1.3642,10.2857,0.0597,0.0058,9.8064,0.0606,0.0646,0.0412,9.5,-36.75,5.69,83.6,-81.34,175.78
52.421272,-1.558486,155.99,20.8,4,291.32,18 / 21,2240609,2019-09-06 19:57:26:352,-1.1299,-1.2866,10.3635,0.0529,-0.0115,9.8065,0.0435,0.0049,-0.0771,9,-37.06,5.25,89.56,-81.42,175.79
52.421272,-1.558486,155.99,20.8,4,291.32,18 / 21,2240709,2019-09-06 19:57:26:452,-0.5474,-0.7682,9.8339,-0.0618,-0.0024,9.8064,-0.0339,-0.0285,0.0605,9.56,-36.94,5.31,88.83,-81.19,174.52
52.421272,-1.558486,155.99,20.8,4,291.32,18 / 21,2240810,2019-09-06 19:57:26:553,-0.2421,-0.0071,8.7599,-0.0707,-0.0147,9.8064,-0.1378,0.0145,-0.025,9.63,-37.25,4.63,88.88,-80.99,173.8
52.421272,-1.558486,155.99,20.8,4,291.32,18 / 21,2240910,2019-09-06 19:57:26:653,-0.5283,-0.0165,9.7297,0.0603,-0.0119,9.8064,0.088,0.0376,-0.0749,10.25,-36.75,4.69,89.11,-80.92,173.73
52.421272,-1.558486,155.99,20.8,4,291.32,18 / 21,2241010,2019-09-06 19:57:26:753,-0.7621,1.4473,10.5897,0.0302,0.0181,9.8066,0.2765,0.0146,0.1192,10.13,-36.94,5.13,88.55,-81.15,174.1
52.421272,-1.558486,155.99,20.8,4,291.32,18 / 21,2241110,2019-09-06 19:57:26:853,-1.7313,0.6425,10.5173,-0.0544,-0.0157,9.8064,-0.3457,0.0787,-0.1356,10.06,-37.5,5.19,89.19,-80.95,173.93
52.421272,-1.558486,155.99,20.8,4,291.32,18 / 21,2241210,2019-09-06 19:57:26:953,0.6216,0.6227,9.7709,-0.0465,0.0051,9.8065,-0.1821,0.0075,0.081,9.81,-37.12,4.94,89.04,-80.98,173.92
52.421272,-1.558486,155.99,20.8,4,291.32,18 / 21,2241310,2019-09-06 19:57:27:053,0.3184,-0.8903,9.0655,0.0081,0.0023,9.8066,0.1522,-0.0611,0.0131,10.56,-37.12,4.81,88.45,-80.99,173.83
52.421272,-1.558486,155.99,20.8,4,291.32,19 / 21,2241409,2019-09-06 19:57:27:152,-0.0439,1.4645,9.0663,0.0079,-0.0012,9.8066,0.0458,0.0892,-0.0519,10.25,-37.06,5.19,88.24,-81.07,173.47
52.421272,-1.558486,155.99,20.8,4,291.32,19 / 21,2241509,2019-09-06 19:57:27:252,-0.0134,-1.4645,9.7609,-0.0289,-0.0125,9.8066,-0.1171,0.0649,-0.0689,10.38,-36.94,5.56,82.61,-81.17,174.22
52.421272,-1.558486,155.99,20.8,4,291.32,19 / 21,2241610,2019-09-06 19:57:27:353,0.2056,0.2207,10.082,0.0341,0.0031,9.8065,-0.136,0.0095,-0.0063,10.19,-36.94,4.69,88.3,-80.92,172.94
52.421272,-1.558486,155.99,20.8,4,291.32,19 / 21,2241709,2019-09-06 19:57:27:452,1.0688,0.48,9.6491,0.0238,0.0011,9.8066,0.1898,0.0635,-0.0197,9.75,-36.81,4.88,88.47,-81.01,173.44
52.421272,-1.558486,155.99,20.8,4,291.32,19 / 21,2241810,2019-09-06 19:57:27:553,-0.7221,0.9992,10.1316,0.0369,0.0106,9.8066,0.1698,-0.0874,0.0894,10.25,-36.69,4.94,88.93,-81.02,173.95
52.421272,-1.558486,155.99,20.8,4,291.32,19 / 21,2241910,2019-09-06 19:57:27:653,-0.2929,0.1063,9.3386,-0.0049,-0.0128,9.8066,-0.1742,0.0072,-0.0628,10.31,-37.5,5.63,83.03,-80.93,173.72
52.421272,-1.558486,155.99,20.8,4,291.32,19 / 21,2242009,2019-09-06 19:57:27:752,-0.0674,0.2411,9.1558,-0.0362,0.0085,9.8066,-0.1347,0.0684,0.1047,9.94,-36.62,4.69,89.88,-80.8,174.04
52.421272,-1.558486,155.99,20.8,4,291.32,19 / 21,2242110,2019-09-06 19:57:27:853,0.1803,-0.3932,10.4332,0.0534,-0.0101,9.8064,0.1818,-0.0164,-0.1506,10.5,-36.62,5.5,84.19,-80.8,174.3
52.421272,-1.558486,155.99,20.8,4,291.32,19 / 21,2242210,2019-09-06 19:57:27:953,-0.4923,1.3051,10.29,0.0488,-0.0002,9.8065,0.2145,-0.0434,0.0008,10.81,-36.87,5,87.77,-81.06,173.42
52.421272,-1.558486,155.99,20.8,4,291.32,19 / 21,2242309,2019-09-06 19:57:28:052,-1.9758,-0.3341,9.7593,-0.042,-0.003,9.8065,-0.2445,0.0368,0.0631,9.69,-36.81,5.25,89.99,-80.72,173.82
52.421272,-1.558486,155.99,20.8,4,291.32,17 / 19,2242410,2019-09-06 19:57:28:153,-0.3513,-0.4884,9.0994,-0.0554,0.0062,9.8064,-0.1797,-0.0623,0.0108,10.06,-36.62,4.88,90.47,-80.7,174.23
52.421272,-1.558486,155.99,20.8,4,291.32,17 / 19,2242509,2019-09-06 19:57:28:252,0.0294,0.49,10.9706,0.0323,0.0122,9.8066,0.2762,-0.0239,0.042,9.75,-36.69,5.25,89.18,-81.08,174.42
52.421272,-1.558486,155.99,20.8,4,291.32,17 / 19,2242610,2019-09-06 19:57:28:353,-2.3757,0.5169,9.9806,0.0783,-0.0141,9.8063,0.2435,0.0324,-0.032,9.88,-37.12,4.88,88.74,-81.16,174.3
52.421272,-1.558486,155.99,20.8,4,291.32,17 / 19,2242709,2019-09-06 19:57:28:452,-2.1661,-0.3337,9.4111,-0.0734,-0.0071,9.8063,-0.2774,-0.0332,0.0035,10.19,-37.31,5.31,88.98,-81.08,174.24
52.421272,-1.558486,155.99,20.8,4,291.32,17 / 19,2242810,2019-09-06 19:57:28:553,0.7894,0.5853,10.158,-0.0687,0.0072,9.8064,-0.1454,-0.0132,0.0115,10.56,-37.37,4.63,89.83,-80.71,174.22
52.421272,-1.558486,155.99,20.8,4,291.32,17 / 19,2242910,2019-09-06 19:57:28:653,-0.1042,0.5858,10.3129,0.0512,0.0034,9.8065,0.0888,-0.004,-0.0249,10.06,-36.69,4.94,89.81,-80.92,174.43
52.421272,-1.558486,155.99,20.8,4,291.32,17 / 19,2243009,2019-09-06 19:57:28:752,-1.1449,0.91,10.6431,0.0218,-0.0063,9.8065,0.0852,0.0686,-0.0053,10.13,-36.69,4.63,90.42,-80.74,174.33
52.421272,-1.558486,155.99,20.8,4,291.32,17 / 19,2243110,2019-09-06 19:57:28:853,0.2497,-0.1033,9.6922,-0.0257,-0.0044,9.8065,0.0227,-0.0687,0.0061,9.94,-37.5,5.75,85.43,-80.5,174.37
52.421272,-1.558486,155.99,20.8,4,291.32,17 / 19,2243210,2019-09-06 19:57:28:953,-0.7749,0.0341,9.7288,-0.019,-0.0125,9.8066,0.0821,0.0408,-0.119,9.63,-37.12,5.25,90.4,-80.55,173.53
52.421272,-1.558486,155.99,20.8,4,291.32,17 / 19,2243310,2019-09-06 19:57:29:053,-1.3138,0.9197,9.5219,-0.0067,0.0025,9.8066,0.1442,-0.0147,0.0574,10.25,-37,4.94,90.28,-80.62,173.72
52.421272,-1.558486,155.99,20.8,4,291.32,16 / 19,2243409,2019-09-06 19:57:29:152,0.9239,0.2741,9.7502,-0.032,0.005,9.8066,-0.2362,-0.0001,0.0008,9.94,-36.94,5.13,90.59,-80.57,173.81
52.421272,-1.558486,155.99,20.8,4,291.32,16 / 19,2243510,2019-09-06 19:57:29:253,0.3576,1.2816,10.6153,0.0242,-0.0046,9.8066,0.2195,0.0725,-0.0072,9.44,-37.12,5.63,83.81,-80.66,173.4
52.421272,-1.558486,155.99,20.8,4,291.32,16 / 19,2243609,2019-09-06 19:57:29:352,-0.458,0.0455,10.503,0.0275,0.0026,9.8065,0.0862,-0.0869,0.049,10.44,-36.81,4.88,90.7,-80.52,173.74
52.421272,-1.558486,155.99,20.8,4,291.32,16 / 19,2243709,2019-09-06 19:57:29:452,-0.8212,0.8608,9.7224,-0.0173,0.0052,9.8065,-0.0842,-0.0928,0.0153,10.13,-36.81,5.5,84.27,-80.54,173.43
52.421272,-1.558486,155.99,20.8,4,291.32,16 / 19,2243809,2019-09-06 19:57:29:552,-0.0287,0.9129,9.515,0.0008,-0.0038,9.8066,0.051,-0.0002,0.0386,10.13,-37,4.94,90.54,-80.59,173.84
52.421272,-1.558486,155.99,20.8,4,291.32,16 / 19,2243910,2019-09-06 19:57:29:653,-2.0155,1.4135,9.9385,-0.004,-0.0085,9.8066,-0.1073,-0.0193,-0.0754,10.31,-37.12,5.06,90.36,-80.58,173.62
52.421272,-1.558486,155.99,20.8,4,291.32,16 / 19,2244009,2019-09-06 19:57:29:752,-0.0148,0.0257,9.4775,-0.0208,0.0041,9.8066,-0.1151,0.0286,0.0027,9.88,-37.12,5.06,90.19,-80.53,173.26
52.421272,-1.558486,155.99,20.8,4,291.32,16 / 19,2244109,2019-09-06 19:57:29:852,-1.0215,1.5176,9.5976,0.024,-0.0075,9.8066,0.0729,0.0182,-0.0407,10.13,-37.06,5.06,90.34,-80.66,173.93
52.421272,-1.558486,155.99,20.8,4,291.32,16 / 19,2244210,2019-09-06 19:57:29:953,-0.0039,0.9342,10.0866,0.0368,-0.007,9.8065,0.143,0.0254,-0.0676,10.31,-37,5.63,82.96,-80.77,173.07
52.421272,-1.558486,155.99,20.8,4,291.32,16 / 19,2244310,2019-09-06 19:57:30:053,-0.8691,-0.1723,9.5803,-0.0436,0.0062,9.8065,0.0877,0.0938,0.0373,9.81,-36.69,4.75,89.21,-80.76,173.19
52.421272,-1.558486,155.99,20.8,4,291.32,16 / 20,2244410,2019-09-06 19:57:30:153,-0.2083,0.9038,9.9817,0.0358,-0.012,9.8065,-0.0567,-0.0052,-0.0263,10.56,-36.37,5.13,88.94,-80.45,173.3
52.421272,-1.558486,155.99,20.8,4,291.32,16 / 20,2244509,2019-09-06 19:57:30:252,0.0018,-0.1529,9.391,0.0242,0.0034,9.8066,-0.0808,-0.0155,0.0463,9.88,-37.25,5.31,89.14,-80.67,172.77
52.421272,-1.558486,155.99,20.8,4,291.32,16 / 20,2244609,2019-09-06 19:57:30:352,0.0386,-0.3339,8.9616,-0.0103,0.0055,9.8066,-0.1887,0.0285,0.0044,10.06,-37,5.19,90.03,-80.6,173.38
52.421272,-1.558486,155.99,20.8,4,291.32,16 / 20,2244710,2019-09-06 19:57:30:453,0.4705,0.2826,9.8156,0.0566,-0.0145,9.8064,0.1538,-0.0119,-0.0338,10.06,-37.06,4.81,87.8,-80.93,172.46
52.421272,-1.558486,155.99,20.8,4,291.32,16 / 20,2244810,2019-09-06 19:57:30:553,0.5503,0.6328,10.7775,0.0215,-0.0102,9.8066,0.0931,-0.0154,-0.0031,10.25,-37.12,4.81,87.68,-80.81,171.89
52.421272,-1.558486,155.99,20.8,4,291.32,16 / 20,2244910,2019-09-06 19:57:30:653,-0.049,0.2084,10.4595,-0.024,-0.0015,9.8065,0.009,-0.001,-0.0103,10.19,-36.69,4.38,93.28,-80.8,171.41
52.421272,-1.558486,155.99,20.8,4,291.32,16 / 20,2245010,2019-09-06 19:57:30:753,0.3016,1.1024,9.9625,-0.0054,0.0084,9.8066,0.0866,-0.0399,0.0519,10.75,-37.19,5,87.29,-80.71,171.68
52.421272,-1.558486,155.99,20.8,4,291.32,16 / 20,2245110,2019-09-06 19:57:30:853,1.0927,0.6042,9.5921,-0.0379,0.002,9.8066,-0.1231,0.0142,-0.0146,10.38,-37,4.63,88.54,-80.59,171.84
52.421272,-1.558486,155.99,20.8,4,291.32,16 / 20,2245210,2019-09-06 19:57:30:953,0.8457,-0.108,9.0367,0.0487,0.0102,9.8065,-0.1684,-0.0214,0.0777,10.25,-36.94,5,88.98,-80.63,172.43
52.421272,-1.558486,155.99,20.8,4,291.32,16 / 20,2245310,2019-09-06 19:57:31:053,0.4242,0.5009,9.4286,0.0329,0.0124,9.8065,0.03,0.0069,0.0179,10.31,-37.19,4.81,89.01,-80.96,173.79
52.421272,-1.558486,155.99,20.8,4,291.32,16 / 20,2245409,2019-09-06 19:57:31:152,0.9563,0.7553,9.5641,0.0196,0.007,9.8066,-0.0591,0.0315,0.0159,9.69,-36.5,4.75,88.82,-81,174.72
52.421272,-1.558486,155.99,20.8,4,291.32,16 / 20,2245510,2019-09-06 19:57:31:253,0.1581,0.6771,10.3505,0.0075,-0.011,9.8066,0.0579,0.0359,-0.0579,10.13,-36.94,5,90.13,-80.93,174.81
52.421272,-1.558486,155.99,20.8,4,291.32,16 / 20,2245610,2019-09-06 19:57:31:353,0.6268,1.053,10.798,-0.0256,0.0005,9.8065,0.0384,-0.0522,-0.0145,10.06,-37.06,5.25,89.32,-80.94,174.02
52.421272,-1.558486,155.99,20.8,4,291.32,16 / 20,2245709,2019-09-06 19:57:31:452,0.3796,0.3514,10.7564,-0.0652,0.0009,9.8064,-0.1042,0.0104,0.0009,9.69,-36.56,5.19,90.6,-80.6,173.94
52.421272,-1.558486,155.99,20.8,4,291.32,16 / 20,2245810,2019-09-06 19:57:31:553,1.1743,0.9332,10.3005,-0.0436,-0.0119,9.8065,-0.0508,-0.0346,0.0105,9.5,-37.37,4.63,89.83,-80.61,173.23
52.421272,-1.558486,155.99,20.8,4,291.32,16 / 20,2245909,2019-09-06 19:57:31:652,0.7108,2.7326,11.1567,0.0245,-0.004,9.8066,-0.0497,0.2459,-0.063,10.25,-36.44,4.94,87.41,-80.82,172.63
52.421272,-1.558486,155.99,20.8,4,291.32,16 / 20,2246009,2019-09-06 19:57:31:752,-1.8924,1.4505,11.2329,-0.0554,-0.0007,9.8065,0.0157,-0.1057,0.0819,9.81,-36.44,4.44,92.53,-80.91,172.06
52.421272,-1.558486,155.99,20.8,4,291.32,16 / 20,2246110,2019-09-06 19:57:31:853,-0.7185,1.1816,10.2399,-0.0661,0.0018,9.8063,-0.2238,-0.0368,-0.223,9.69,-37.31,4.56,85.1,-81.07,170.4
52.421272,-1.558486,155.99,20.8,4,291.32,16 / 20,2246209,2019-09-06 19:57:31:952,0.4324,1.4787,9.9722,-0.0227,0.0243,9.8065,-0.0389,0.0039,0.1455,10.25,-37.25,4.44,93.23,-80.88,171.68
52.421272,-1.558486,155.99,20.8,4,291.32,16 / 20,2246309,2019-09-06 19:57:32:052,0.6785,0.8553,9.4731,-0.017,0.0011,9.8066,0.0957,0,0.014,10.19,-36.94,5,88.79,-80.74,172.69
52.421272,-1.558486,155.99,20.8,4,291.32,17 / 20,2246409,2019-09-06 19:57:32:152,0.1282,0.0896,9.8938,-0.0123,0.0059,9.8066,0.1183,-0.0135,-0.0474,9.75,-37.25,4.44,94.71,-80.77,172.78
52.421272,-1.558486,155.99,20.8,4,291.32,17 / 20,2246509,2019-09-06 19:57:32:252,-0.1896,0.6719,9.8439,0.0056,0.0027,9.8066,-0.2317,0.0074,-0.0385,10,-37.5,4.69,88.86,-80.93,173.52
52.421272,-1.558486,155.99,20.8,4,291.32,17 / 20,2246609,2019-09-06 19:57:32:352,-0.4479,0.6521,10.2932,0.0001,0.008,9.8066,-0.1129,-0.0263,0.0428,9.94,-36.81,4.75,88.98,-80.99,173.88
52.421272,-1.558486,155.99,20.8,4,291.32,17 / 20,2246709,2019-09-06 19:57:32:452,1.1854,1.3208,9.9899,-0.0114,-0.0045,9.8066,0.0953,0.0226,-0.0008,9.75,-36.81,4.88,88.51,-80.97,173.34
52.421272,-1.558486,155.99,20.8,4,291.32,17 / 20,2246809,2019-09-06 19:57:32:552,1.3885,0.0927,10.1228,0.0103,-0.0055,9.8066,-0.0287,-0.0841,-0.0642,9.94,-37.06,4.81,88.57,-80.9,173.1
52.421272,-1.558486,155.99,20.8,4,291.32,17 / 20,2246910,2019-09-06 19:57:32:653,1.1123,-1.2473,9.4154,0.0057,0.0107,9.8066,0.1309,-0.0164,0.1233,10,-36.62,4.38,93.63,-81.04,172.73
52.421272,-1.558486,155.99,20.8,4,291.32,17 / 20,2247010,2019-09-06 19:57:32:753,-0.1322,1.5481,10.8457,0,0.0018,9.8066,0.1437,-0.0453,0.0448,10.06,-37,4.69,88.79,-80.96,173.59
52.421272,-1.558486,155.99,20.8,4,291.32,17 / 20,2247110,2019-09-06 19:57:32:853,2.2284,1.0972,11.308,-0.0051,0.0137,9.8065,0.0455,0.0552,-0.0015,10.06,-37.44,5.5,83.2,-80.85,173.6
52.421272,-1.558486,155.99,20.8,4,291.32,17 / 20,2247210,2019-09-06 19:57:32:953,0.6864,-0.0267,9.8196,0.0146,0.0029,9.8065,-0.0406,0.0086,0.0745,10.19,-36.62,4.56,90.33,-80.74,174.25
52.421272,-1.558486,155.99,20.8,4,291.32,17 / 20,2247310,2019-09-06 19:57:33:053,0.2164,0.0838,9.0861,0.0456,0.0006,9.8065,0.0755,-0.0343,-0.0143,9.94,-37.31,4.75,90.28,-80.73,174.16
52.421856,-1.561427,154.11,24.06,6,287.55,18 / 19,2247410,2019-09-06 19:57:33:153,2.149,0.1065,9.0765,0.0527,0.0015,9.8064,0.0612,-0.0019,0.0603,9.69,-37.69,4.63,90.86,-80.88,174.36
52.421856,-1.561427,154.11,24.06,6,287.55,18 / 19,2247510,2019-09-06 19:57:33:253,0.6568,0.1329,9.4724,-0.0076,-0.0071,9.8066,-0.1237,-0.0161,0.0393,10.06,-36.94,4.94,88.84,-81.15,174.37
52.421856,-1.561427,154.11,24.06,6,287.55,18 / 19,2247609,2019-09-06 19:57:33:352,2.0996,-0.0166,10.0515,-0.0156,0.0015,9.8066,-0.0676,0.0375,-0.0328,9.56,-37.37,4.13,95.18,-80.96,174.08
52.421856,-1.561427,154.11,24.06,6,287.55,18 / 19,2247709,2019-09-06 19:57:33:452,0.9324,0.6618,10.1117,0.0039,-0.0062,9.8066,-0.0878,0.0578,-0.0176,9.81,-36.81,4.63,88.49,-80.99,173.42
52.421856,-1.561427,154.11,24.06,6,287.55,18 / 19,2247810,2019-09-06 19:57:33:553,0.3051,-0.3188,9.7181,-0.0538,0.0095,9.8065,-0.1601,0.0397,0.0057,9.63,-37.12,4.94,87.76,-81.11,173.13
52.421856,-1.561427,154.11,24.06,6,287.55,18 / 19,2247910,2019-09-06 19:57:33:653,0.3536,-0.3317,9.5677,0.0306,0.0027,9.8066,-0.0369,0.0096,0.0045,9.81,-37,4.44,95.6,-80.85,174.09
52.421856,-1.561427,154.11,24.06,6,287.55,18 / 19,2248010,2019-09-06 19:57:33:753,2.0693,-0.0639,10.3042,0.0196,0.003,9.8066,-0.0016,0.031,-0.0323,9.44,-37.06,5.19,90.33,-80.98,174.6
52.421856,-1.561427,154.11,24.06,6,287.55,18 / 19,2248110,2019-09-06 19:57:33:853,0.5716,0.0733,9.6425,0.0263,0.001,9.8066,-0.0529,-0.011,0.0368,9.81,-37.06,4.81,90.32,-80.85,174.69
52.421856,-1.561427,154.11,24.06,6,287.55,18 / 19,2248210,2019-09-06 19:57:33:953,0.9864,0.5389,9.947,-0.0163,0.0057,9.8066,-0.0668,-0.0139,-0.0279,10.44,-37.19,5,90.5,-80.87,174.96
52.421856,-1.561427,154.11,24.06,6,287.55,18 / 19,2248310,2019-09-06 19:57:34:053,0.9785,-0.4425,10.4773,-0.0029,-0.0111,9.8066,0.1574,0.0235,0.0305,10.19,-37,4.44,95.78,-80.93,174.59
52.421856,-1.561427,154.11,24.06,6,287.55,17 / 20,2248409,2019-09-06 19:57:34:152,0.1336,0.7847,10.3421,0.003,0.0099,9.8066,0.1353,-0.0617,0.0328,9.88,-37.19,4.81,89.41,-81.05,174.55
52.421856,-1.561427,154.11,24.06,6,287.55,17 / 20,2248510,2019-09-06 19:57:34:253,1.7816,0.3531,9.5768,0.0121,-0.0025,9.8066,-0.0855,0.0165,-0.0292,9.56,-37.12,4.44,96.34,-81.05,175.69
52.421856,-1.561427,154.11,24.06,6,287.55,17 / 20,2248610,2019-09-06 19:57:34:353,2.5178,-0.0195,9.6094,0.0029,0.0096,9.8066,-0.1863,-0.0497,0.0371,9.88,-37.12,3.88,96.3,-81.12,175.93
52.421856,-1.561427,154.11,24.06,6,287.55,17 / 20,2248710,2019-09-06 19:57:34:453,0.5061,0.7148,9.8511,0.019,0.0004,9.8066,-0.0742,0.0402,-0.0168,9.44,-36.94,4.75,90.99,-81.24,176.45
52.421856,-1.561427,154.11,24.06,6,287.55,17 / 20,2248810,2019-09-06 19:57:34:553,1.0334,0.8949,9.4482,-0.0256,-0.017,9.8066,-0.0557,-0.0224,0.0013,10.19,-36.69,4.88,89.75,-81.17,175.4
52.421856,-1.561427,154.11,24.06,6,287.55,17 / 20,2248910,2019-09-06 19:57:34:653,1.8415,0.0696,9.3643,-0.0367,-0.0121,9.8065,0.0728,0.0181,-0.0337,9.94,-37.25,4.75,88.64,-81.19,174.35
52.421856,-1.561427,154.11,24.06,6,287.55,17 / 20,2249010,2019-09-06 19:57:34:753,1.8024,-0.5712,9.8764,0.0343,-0.0065,9.8065,0.1115,-0.0403,0.0473,10.19,-36.62,4.25,93.38,-81.19,173.12
52.421856,-1.561427,154.11,24.06,6,287.55,17 / 20,2249109,2019-09-06 19:57:34:852,-1.0356,0.2791,9.4773,0.0442,0.0077,9.8065,-0.1484,-0.0075,0.0498,10,-37.06,5.31,87.15,-81.41,173.72
52.421856,-1.561427,154.11,24.06,6,287.55,17 / 20,2249210,2019-09-06 19:57:34:953,1.7227,-0.1672,10.0003,-0.0483,0.0114,9.8064,-0.1164,0.0343,0.0064,10.06,-37.31,4.19,94.97,-81.21,174.9
52.421856,-1.561427,154.11,24.06,6,287.55,17 / 20,2249311,2019-09-06 19:57:35:054,1.6786,-0.905,9.8914,-0.06,0.0078,9.8064,-0.1953,0.1051,-0.0483,10.06,-37.37,4.88,90.09,-81.07,175.34
52.421856,-1.561427,154.11,24.06,6,287.55,17 / 20,2249409,2019-09-06 19:57:35:152,0.4161,1.0187,10.5816,0.0308,0.0036,9.8066,0.0892,-0.0189,0.0095,10.13,-37.44,4.81,88.97,-81.3,175.09
52.421856,-1.561427,154.11,24.06,6,287.55,17 / 20,2249510,2019-09-06 19:57:35:253,-0.6135,0.444,10.062,-0.0512,0.0041,9.8065,-0.246,0.0295,0.0107,9.63,-36.81,5.63,82.67,-81.42,175.2
52.421856,-1.561427,154.11,24.06,6,287.55,17 / 20,2249609,2019-09-06 19:57:35:352,1.32,-0.0031,10.1239,-0.0505,0.0049,9.8065,-0.1361,-0.03,0.0789,10.25,-36.87,5,88.79,-81.49,175.68
52.421856,-1.561427,154.11,24.06,6,287.55,17 / 20,2249710,2019-09-06 19:57:35:453,1.7537,0.7181,9.7759,0.0564,-0.0057,9.8064,0.1966,-0.034,0.0221,9.56,-36.87,4.63,91.02,-81.17,176.68
52.421856,-1.561427,154.11,24.06,6,287.55,17 / 20,2249810,2019-09-06 19:57:35:553,1.0226,-0.0082,9.6053,0.0567,-0.003,9.8064,0.089,0.0272,-0.0088,9.75,-36.31,4.81,88.52,-81.52,176.38
52.421856,-1.561427,154.11,24.06,6,287.55,17 / 20,2249910,2019-09-06 19:57:35:653,0.5347,0.8483,10.0514,0.0437,0.0001,9.8064,-0.1142,0.0349,-0.046,9.63,-37.25,5.19,89.22,-81.55,176.33
52.421856,-1.561427,154.11,24.06,6,287.55,17 / 20,2250009,2019-09-06 19:57:35:752,1.8157,0.3967,9.9696,-0.0403,-0.004,9.8065,-0.1089,-0.0201,0.0404,10.13,-37.69,5.13,91.19,-81.3,176.46
52.421856,-1.561427,154.11,24.06,6,287.55,17 / 20,2250109,2019-09-06 19:57:35:852,0.5492,0.5637,9.6779,0.0268,-0.004,9.8065,0.1321,0.0134,-0.0069,10.38,-36.94,4.5,90.54,-81.28,176.62
52.421856,-1.561427,154.11,24.06,6,287.55,17 / 20,2250210,2019-09-06 19:57:35:953,1.2091,0.0845,9.8132,0.0561,0.0005,9.8064,0.2185,-0.0069,0.0182,9.75,-37,5.06,90.02,-81.31,176.21
52.421856,-1.561427,154.11,24.06,6,287.55,17 / 20,2250309,2019-09-06 19:57:36:052,0.8754,0.6355,10.1975,0.0754,-0.0091,9.8063,-0.1891,0.0202,-0.0452,10.25,-37.5,4.94,88.17,-81.8,176.25
52.421856,-1.561427,154.11,24.06,6,287.55,17 / 20,2250409,2019-09-06 19:57:36:152,2.0946,-0.1302,10.0304,-0.0623,-0.0061,9.8064,-0.2429,0.0436,-0.003,10.19,-37.19,5.44,87.7,-81.8,175.8
52.421856,-1.561427,154.11,24.06,6,287.55,17 / 20,2250510,2019-09-06 19:57:36:253,1.3633,-0.6703,9.0992,0.0459,-0.0044,9.8065,0.1544,-0.028,0.041,9.88,-37.37,5.25,88.68,-81.39,175.16
52.421856,-1.561427,154.11,24.06,6,287.55,17 / 20,2250609,2019-09-06 19:57:36:352,1.2256,-0.1254,9.5173,0.061,-0.0044,9.8064,0.1198,0.0244,-0.0241,10.56,-37.19,4.69,87.14,-81.71,175.09
52.421856,-1.561427,154.11,24.06,6,287.55,17 / 20,2250709,2019-09-06 19:57:36:452,0.712,-0.6796,10.2579,0.0504,-0.0095,9.8065,-0.0995,0.0589,-0.0235,10.13,-37.37,4.81,86.87,-81.73,174.68
52.421856,-1.561427,154.11,24.06,6,287.55,17 / 20,2250809,2019-09-06 19:57:36:552,1.2519,-0.5037,10.1078,-0.0467,-0.0036,9.8065,-0.1391,0.062,0.0069,10.13,-37.06,5.56,81.51,-81.48,174.33
52.421856,-1.561427,154.11,24.06,6,287.55,17 / 20,2250910,2019-09-06 19:57:36:653,0.7867,-0.58,9.4102,-0.0082,0.0119,9.8066,0.005,0.0422,-0.0058,10.13,-37.5,4.5,87.17,-81.63,174.62
52.421856,-1.561427,154.11,24.06,6,287.55,17 / 20,2251010,2019-09-06 19:57:36:753,1.5794,0.9771,10.084,0.0319,0.0009,9.8065,0.0271,-0.0643,0.0584,10.25,-37.69,5.31,89.59,-81.57,175.89
52.421856,-1.561427,154.11,24.06,6,287.55,17 / 20,2251110,2019-09-06 19:57:36:853,1.0484,0.1293,10.0159,0.0458,0.0055,9.8065,0.0252,0.0786,0.0046,10.06,-37.37,5.31,88.05,-81.84,176.27
52.421856,-1.561427,154.11,24.06,6,287.55,17 / 20,2251210,2019-09-06 19:57:36:953,0.7811,-0.2862,10.59,-0.0489,-0.0046,9.8065,-0.0351,0.0872,-0.0324,10,-37.37,5,87.9,-81.63,175.34
52.421856,-1.561427,154.11,24.06,6,287.55,17 / 20,2251310,2019-09-06 19:57:37:053,0.4238,-1.5649,8.7795,0.0555,-0.0121,9.8065,0.0048,0.0028,-0.0481,10.38,-37,4.94,87.5,-81.51,174.46
52.421856,-1.561427,154.11,24.06,6,287.55,18 / 20,2251410,2019-09-06 19:57:37:153,-0.5732,-0.0488,8.8107,-0.0536,-0.0032,9.8065,0.1723,-0.0418,0.0136,10.19,-37.37,5.31,86.77,-81.51,173.75
52.421856,-1.561427,154.11,24.06,6,287.55,18 / 20,2251510,2019-09-06 19:57:37:253,-0.0908,0.0776,9.6136,0.0056,-0.0025,9.8065,-0.1344,0.0041,-0.0437,10.31,-36.56,5.25,85.03,-81.72,172.89
52.421856,-1.561427,154.11,24.06,6,287.55,18 / 20,2251610,2019-09-06 19:57:37:353,-0.1347,-0.0871,10.3799,-0.0194,0.0205,9.8065,0.0465,0.0132,0.0782,10.69,-37.25,5.19,85.55,-81.84,173.99
52.421856,-1.561427,154.11,24.06,6,287.55,18 / 20,2251709,2019-09-06 19:57:37:452,0.621,-0.6671,9.9079,-0.0301,0.011,9.8065,0.0031,0.0531,-0.046,9.75,-37.44,5.56,82.27,-81.74,176.01
52.421856,-1.561427,154.11,24.06,6,287.55,18 / 20,2251810,2019-09-06 19:57:37:553,1.7028,0.4106,9.2058,-0.0443,0.0122,9.8064,-0.1096,-0.0091,0.0215,10,-37.37,5.69,83.97,-81.64,177.24
52.421856,-1.561427,154.11,24.06,6,287.55,18 / 20,2251910,2019-09-06 19:57:37:653,1.6833,-0.0682,9.183,0.0754,-0.0092,9.8063,0.0966,0.025,-0.0344,10.13,-37.06,5.44,90.55,-81.57,177.74
52.421856,-1.561427,154.11,24.06,6,287.55,18 / 20,2252009,2019-09-06 19:57:37:752,0.4187,0.2348,9.8985,0.0599,0.0028,9.8064,0.0407,0.0006,0.018,10.31,-37.19,5.56,82.04,-82.09,177.04
52.421856,-1.561427,154.11,24.06,6,287.55,18 / 20,2252109,2019-09-06 19:57:37:852,0.7308,-0.7957,9.7372,-0.0059,0.0005,9.8066,-0.2152,0.0424,0.044,10.06,-37.12,5.25,87.37,-82.13,176.73
52.421856,-1.561427,154.11,24.06,6,287.55,18 / 20,2252210,2019-09-06 19:57:37:953,0.257,-0.2893,9.824,-0.0193,-0.0049,9.8065,-0.196,0.0518,-0.0182,10.63,-37,5.5,81.57,-82.21,176.54
52.421856,-1.561427,154.11,24.06,6,287.55,18 / 20,2252310,2019-09-06 19:57:38:053,1.583,-0.6759,9.4561,-0.0207,0.0049,9.8066,0.2086,-0.001,0.025,10.38,-36.87,5.25,86.28,-82.33,176.42
52.421856,-1.561427,154.11,24.06,6,287.55,17 / 19,2252409,2019-09-06 19:57:38:152,0.6991,0.3147,10.4121,-0.028,-0.0038,9.8066,0.0986,-0.0204,-0.0383,10.31,-37.12,6,81.66,-82.13,176.84
52.421856,-1.561427,154.11,24.06,6,287.55,17 / 19,2252510,2019-09-06 19:57:38:253,-0.1178,-0.02,11.0297,0.0423,0.0078,9.8065,0.0517,0.0178,-0.0003,10.13,-37.12,5.69,80.12,-82.35,176.18
52.421856,-1.561427,154.11,24.06,6,287.55,17 / 19,2252609,2019-09-06 19:57:38:352,0.0369,0.6784,11.0649,0.0695,0.0011,9.8064,0.1349,-0.0173,0.0021,10,-36.87,6.13,79.76,-82.38,175.97
52.421856,-1.561427,154.11,24.06,6,287.55,17 / 19,2252710,2019-09-06 19:57:38:453,1.6977,0.5022,10.1772,-0.0475,-0.0192,9.8065,-0.1307,0.021,-0.0369,10.69,-37,5.81,80.8,-82.03,175.26
52.421856,-1.561427,154.11,24.06,6,287.55,17 / 19,2252810,2019-09-06 19:57:38:553,0.5729,-0.7131,9.5439,-0.0341,-0.0009,9.8066,-0.1764,0.0116,0.0272,10.06,-36.75,5.56,80.61,-82.01,175.42
52.421856,-1.561427,154.11,24.06,6,287.55,17 / 19,2252910,2019-09-06 19:57:38:653,1.38,-0.3077,9.5942,0.0482,0.0163,9.8064,0.1879,-0.0445,0.0668,10.13,-37.06,5.56,80.99,-82.01,175.79
52.421856,-1.561427,154.11,24.06,6,287.55,17 / 19,2253009,2019-09-06 19:57:38:752,0.6566,-0.5707,10.5681,0.0308,-0.0081,9.8066,0.1047,0.0357,-0.0511,10.13,-37.37,6,79.97,-82.27,175.76
52.421856,-1.561427,154.11,24.06,6,287.55,17 / 19,2253109,2019-09-06 19:57:38:852,0.3108,0.025,10.6294,0.017,0.0039,9.8065,-0.03,0.0225,-0.0171,10.25,-36.44,5.88,79.59,-82.25,176.08
52.421856,-1.561427,154.11,24.06,6,287.55,17 / 19,2253210,2019-09-06 19:57:38:953,-0.2522,0.0484,9.8458,0.0302,0.0063,9.8065,-0.0516,0.0335,-0.0084,10.13,-36.81,6.31,80.4,-82.29,176.21
52.421856,-1.561427,154.11,24.06,6,287.55,17 / 19,2253309,2019-09-06 19:57:39:052,0.9485,-0.2961,9.4367,-0.0333,-0.0086,9.8066,-0.1497,0.0507,-0.0425,10.38,-36.81,6.31,81.46,-82.12,176.61
52.421856,-1.561427,154.11,24.06,6,287.55,17 / 21,2253410,2019-09-06 19:57:39:153,2.0585,-0.2869,9.5385,-0.0504,-0.0046,9.8064,-0.1772,0.0576,-0.0044,10.38,-36.81,6.5,75.65,-82.13,176.59
52.421856,-1.561427,154.11,24.06,6,287.55,17 / 21,2253509,2019-09-06 19:57:39:252,1.2527,-0.4018,9.841,0.0286,0.0077,9.8066,0.1007,0.0489,0.0388,10.06,-36.81,5.69,80.68,-82.28,176.45
52.421856,-1.561427,154.11,24.06,6,287.55,17 / 21,2253609,2019-09-06 19:57:39:352,0.0134,-0.4214,10.0994,0.0131,0.0038,9.8066,0.151,0.0549,0.0116,10.88,-36.69,6.69,75.82,-82.42,176.71
52.421856,-1.561427,154.11,24.06,6,287.55,17 / 21,2253710,2019-09-06 19:57:39:453,0.4219,-0.0231,10.4982,0.0035,0.0045,9.8066,-0.0607,0.0182,0.0021,10.88,-36.75,6.25,81.1,-82.5,177.06
52.421856,-1.561427,154.11,24.06,6,287.55,17 / 21,2253810,2019-09-06 19:57:39:553,0.1801,0.1251,10.7143,0.01,-0.0073,9.8066,-0.0081,0.0141,-0.082,11.44,-36.56,6.56,75.41,-82.54,176.71
52.421856,-1.561427,154.11,24.06,6,287.55,17 / 21,2253910,2019-09-06 19:57:39:653,0.7528,-0.4476,9.6547,-0.0169,-0.006,9.8066,-0.0917,0.0188,-0.0066,10.94,-36.87,6.06,79.62,-82.47,175.57
52.421856,-1.561427,154.11,24.06,6,287.55,17 / 21,2254010,2019-09-06 19:57:39:753,0.0038,-0.8928,9.5473,-0.0373,-0.0141,9.8065,-0.0804,0.1062,0.0171,11.13,-36.56,6.06,79.58,-82.36,175.18
52.421856,-1.561427,154.11,24.06,6,287.55,17 / 21,2254110,2019-09-06 19:57:39:853,0.8122,-0.3118,9.162,0.0042,0.0065,9.8066,0.1656,0.0315,-0.0061,11.13,-36.25,6.25,78.27,-82.44,174.86
52.421856,-1.561427,154.11,24.06,6,287.55,17 / 21,2254210,2019-09-06 19:57:39:953,-0.1583,-0.5226,9.7741,0.0065,0.0059,9.8066,0.178,-0.0021,-0.0239,10.31,-37.12,6.81,72.5,-82.56,175.18
52.421856,-1.561427,154.11,24.06,6,287.55,17 / 21,2254310,2019-09-06 19:57:40:053,0.4543,-0.3294,9.7411,0.0126,-0.0028,9.8066,0.0233,0.0089,-0.048,11,-36.62,6.56,72.99,-82.68,174.94
52.421856,-1.561427,154.11,24.06,6,287.55,17 / 20,2254409,2019-09-06 19:57:40:152,-0.5036,-0.5107,10.1207,0.0238,0.0093,9.8065,0.0631,0.0331,-0.0235,10.5,-36.69,7.06,73.2,-82.7,175.18
52.421856,-1.561427,154.11,24.06,6,287.55,17 / 20,2254510,2019-09-06 19:57:40:253,-0.0556,-0.3748,10.4489,-0.0314,-0.0038,9.8065,-0.0273,0.0369,0.0107,10.63,-36.62,6.88,74.89,-82.47,176
52.421856,-1.561427,154.11,24.06,6,287.55,17 / 20,2254609,2019-09-06 19:57:40:352,0.6504,-0.9445,9.6094,-0.0087,0.0002,9.8066,-0.102,0.0656,0.0172,10.44,-36.56,7.19,73.84,-82.53,176.26
52.421856,-1.561427,154.11,24.06,6,287.55,17 / 20,2254710,2019-09-06 19:57:40:453,1.195,0.0831,10.1474,-0.0092,-0.0028,9.8066,-0.1095,0.054,0.0178,11.25,-37.12,7.63,70.56,-82.57,176.91
52.421856,-1.561427,154.11,24.06,6,287.55,17 / 20,2254809,2019-09-06 19:57:40:552,1.4837,0.1332,10.2527,-0.0112,-0.005,9.8066,0.0674,0.0551,-0.0218,10.5,-36.75,7.31,75.51,-82.51,176.69
52.421856,-1.561427,154.11,24.06,6,287.55,17 / 20,2254909,2019-09-06 19:57:40:652,-0.6519,-0.6786,9.8257,0.011,-0.0007,9.8066,0.0655,0.0134,-0.0324,10.31,-36.56,7.19,73.79,-82.55,176.31
52.421856,-1.561427,154.11,24.06,6,287.55,17 / 20,2255010,2019-09-06 19:57:40:753,0.015,-1.1245,9.187,0.0004,-0.0002,9.8066,0.054,0.0221,0.007,10.69,-37.31,7.06,75.66,-82.44,176.61
52.421856,-1.561427,154.11,24.06,6,287.55,17 / 20,2255109,2019-09-06 19:57:40:852,0.3264,-0.1184,9.2098,0.0507,0.0075,9.8064,0.142,0.0902,0.103,10.63,-36.62,7.31,74.41,-82.69,176.25
52.421856,-1.561427,154.11,24.06,6,287.55,17 / 20,2255209,2019-09-06 19:57:40:952,-0.4082,0.0362,10.2562,0.0424,0.025,9.8065,-0.0578,0.0507,-0.0386,10.81,-37,8,69.63,-82.8,176.72
52.421856,-1.561427,154.11,24.06,6,287.55,17 / 20,2255310,2019-09-06 19:57:41:053,0.2395,-0.2382,10.4898,-0.0428,-0.0174,9.8064,-0.027,0.0502,-0.0919,10.13,-36.37,7.63,68.04,-82.83,177.41
52.421856,-1.561427,154.11,24.06,6,287.55,17 / 20,2255410,2019-09-06 19:57:41:153,-0.4646,-0.2722,9.9801,-0.0373,-0.0247,9.8065,-0.014,0.061,-0.0097,10.5,-36.56,8,70.27,-82.47,176.38
52.421856,-1.561427,154.11,24.06,6,287.55,17 / 20,2255510,2019-09-06 19:57:41:253,0.424,0.067,9.1408,0.0039,0.0031,9.8066,-0.0601,0.0838,0.0179,10.63,-37.12,7.69,69.36,-82.63,176.02
52.421856,-1.561427,154.11,24.06,6,287.55,17 / 20,2255609,2019-09-06 19:57:41:352,0.2859,-0.7787,9.8607,-0.0061,-0.0033,9.8066,0.0549,0.043,-0.0164,10.88,-36.5,7.5,68.27,-82.69,175.77
52.421856,-1.561427,154.11,24.06,6,287.55,17 / 20,2255709,2019-09-06 19:57:41:452,-0.4631,-0.8541,9.4826,-0.0074,-0.0106,9.8065,-0.0381,0.0331,-0.0394,11.19,-36.06,7.56,67.74,-82.68,175.28
52.421856,-1.561427,154.11,24.06,6,287.55,17 / 20,2255810,2019-09-06 19:57:41:553,0.675,-0.1777,9.6138,-0.0268,-0.0073,9.8065,0.0987,0.0666,-0.0425,10.94,-36.5,7.88,67.81,-82.58,175.08
52.421856,-1.561427,154.11,24.06,6,287.55,17 / 20,2255910,2019-09-06 19:57:41:653,-0.1695,0.2435,10.4796,0.0275,0.0068,9.8065,0.1295,0.0394,0.0938,10.88,-36.69,8.38,69.07,-82.52,175.48
52.421856,-1.561427,154.11,24.06,6,287.55,17 / 20,2256009,2019-09-06 19:57:41:752,-0.5387,-0.3904,10.0184,0.0511,0.0168,9.8065,-0.1623,0.0701,0.0323,10.5,-36.31,8.38,67.35,-82.83,175.34
52.421856,-1.561427,154.11,24.06,6,287.55,17 / 20,2256109,2019-09-06 19:57:41:852,-0.7966,-0.521,9.8036,-0.0441,-0.0191,9.8065,-0.1473,-0.0298,-0.0161,10.25,-36.69,7.63,67.04,-82.64,175.46
52.421856,-1.561427,154.11,24.06,6,287.55,17 / 20,2256209,2019-09-06 19:57:41:952,0.5409,-0.2683,9.5361,-0.0331,-0.0101,9.8065,-0.0138,0.0336,-0.0731,10.56,-36.81,8.19,68.43,-82.76,175.57
52.421856,-1.561427,154.11,24.06,6,287.55,17 / 20,2256309,2019-09-06 19:57:42:052,0.2386,0.46,9.6193,0.0218,-0.0061,9.8066,0.0105,0.0061,0.0325,10.63,-36.94,8.19,67.78,-82.76,175.02
52.422295,-1.564264,152.13,20.83,4,276.36,16 / 19,2256409,2019-09-06 19:57:42:152,-0.2709,-0.4956,9.7639,-0.0168,-0.0078,9.8066,-0.0821,0.0407,0.0186,11,-36.44,8.63,60.87,-82.85,173.89
52.422295,-1.564264,152.13,20.83,4,276.36,16 / 19,2256510,2019-09-06 19:57:42:253,0.2459,0.0846,9.978,0.0209,0.0073,9.8066,0.1397,0.0023,0.0028,10.5,-36.5,8.19,65.75,-82.93,174.21
52.422295,-1.564264,152.13,20.83,4,276.36,16 / 19,2256610,2019-09-06 19:57:42:353,-0.0373,-0.1461,10.7069,0.0158,0.0021,9.8066,0.1109,0.0342,0.0025,10.81,-36.44,8.88,60.16,-83.08,173.82
52.422295,-1.564264,152.13,20.83,4,276.36,16 / 19,2256710,2019-09-06 19:57:42:453,-0.7501,-0.5417,10.6153,-0.076,-0.0269,9.8062,-0.1956,0.0217,0.0269,10.56,-36.5,8.56,59.41,-83.19,173.46
52.422295,-1.564264,152.13,20.83,4,276.36,16 / 19,2256809,2019-09-06 19:57:42:552,0.4737,0.1632,10.0495,-0.0437,-0.0208,9.8064,-0.034,0.0075,-0.1039,11,-37.19,8.69,61.9,-82.76,174.07
52.422295,-1.564264,152.13,20.83,4,276.36,16 / 19,2256910,2019-09-06 19:57:42:653,0.7369,-1.0637,9.358,0.027,0.0037,9.8066,-0.0322,-0.0723,-0.0304,10.75,-36.25,8.38,65.27,-82.81,173.49
52.422295,-1.564264,152.13,20.83,4,276.36,16 / 19,2257009,2019-09-06 19:57:42:752,0.8725,0.19,9.7062,0.021,0.0143,9.8066,0.0099,0.0445,-0.0503,10.38,-36.94,8.5,58.35,-82.95,173.34
52.422295,-1.564264,152.13,20.83,4,276.36,16 / 19,2257109,2019-09-06 19:57:42:852,0.7265,-0.4825,9.6848,-0.0005,-0.0066,9.8066,-0.0385,-0.0031,0.0945,11,-36,8.19,63.95,-83.09,173.08
52.422295,-1.564264,152.13,20.83,4,276.36,16 / 19,2257210,2019-09-06 19:57:42:953,0.5594,-1.2936,9.6253,0.0001,0.0092,9.8065,-0.0823,0.0845,-0.0684,10.44,-36.19,8.5,57.85,-83.08,173.72
52.422295,-1.564264,152.13,20.83,4,276.36,16 / 19,2257309,2019-09-06 19:57:43:052,0.3254,0.4915,9.9291,0.0032,0.004,9.8066,0.0418,0.0419,-0.0395,10.38,-36.81,9.19,58.28,-83.08,173.63
52.422295,-1.564264,152.13,20.83,4,276.36,16 / 19,2257410,2019-09-06 19:57:43:153,-1.0435,-1.2638,9.5597,0.0006,0.0025,9.8066,0.0071,0.0287,-0.0454,10.94,-37,8.44,66.63,-82.96,174.55
52.422295,-1.564264,152.13,20.83,4,276.36,16 / 19,2257509,2019-09-06 19:57:43:252,-1.7299,0.0841,9.9301,0.0143,0.0058,9.8065,-0.241,0.1545,-0.0157,10.94,-36.5,9.19,60.97,-83.01,174.36
52.422295,-1.564264,152.13,20.83,4,276.36,16 / 19,2257609,2019-09-06 19:57:43:352,0.7643,-0.376,9.5928,-0.0167,-0.0158,9.8065,-0.0439,0.0706,0.0805,10.94,-36.37,8.5,59.09,-83.26,173.36
52.422295,-1.564264,152.13,20.83,4,276.36,16 / 19,2257710,2019-09-06 19:57:43:453,-0.1838,-0.5109,9.2106,0.0115,0.0072,9.8066,-0.1327,-0.0467,-0.0109,10.81,-36.69,9.13,58.79,-83.36,172.92
52.422295,-1.564264,152.13,20.83,4,276.36,16 / 19,2257810,2019-09-06 19:57:43:553,1.2041,-0.7451,9.6739,-0.0096,0.0056,9.8066,-0.1719,0.0367,-0.093,11.38,-36.5,8.5,58.03,-83.38,172.74
52.422295,-1.564264,152.13,20.83,4,276.36,16 / 19,2257909,2019-09-06 19:57:43:652,1.3195,-0.0411,9.3527,-0.0203,-0.0126,9.8066,0.1827,0.0467,0.042,11.06,-36.81,8.31,62.84,-83.35,172.34
52.422295,-1.564264,152.13,20.83,4,276.36,16 / 19,2258010,2019-09-06 19:57:43:753,-0.5244,-0.4156,10.7583,0.0458,0.0249,9.8065,0.2109,0.055,0.0392,10.56,-35.94,8.44,62.04,-83.53,172.56
52.422295,-1.564264,152.13,20.83,4,276.36,16 / 19,2258110,2019-09-06 19:57:43:853,-0.1702,-0.0827,11.201,0.0313,0.0167,9.8065,-0.0699,0.016,-0.0071,10.81,-36.56,9.38,59.19,-83.35,173.23
52.422295,-1.564264,152.13,20.83,4,276.36,16 / 19,2258210,2019-09-06 19:57:43:953,-0.8697,-0.944,10.5476,-0.0489,-0.0344,9.8064,-0.1176,0.0443,-0.0807,10.38,-36.56,9.13,58.7,-83.14,174.11
52.422295,-1.564264,152.13,20.83,4,276.36,16 / 19,2258310,2019-09-06 19:57:44:053,0.8614,-0.3851,9.2804,-0.0366,-0.0217,9.8065,0.0075,0.013,0.0437,10.75,-36.25,9.75,55.59,-82.85,173.19
52.422295,-1.564264,152.13,20.83,4,276.36,16 / 20,2258409,2019-09-06 19:57:44:152,0.7982,-0.4312,8.8532,0.0012,0.007,9.8066,-0.1137,0.0841,-0.0055,10.75,-36.25,9.63,54.95,-83.2,173.39
52.422295,-1.564264,152.13,20.83,4,276.36,16 / 20,2258510,2019-09-06 19:57:44:253,1.197,0.643,9.5087,-0.0264,-0.0143,9.8065,0.1462,0.0732,0.0274,10.56,-36.75,9.13,59.54,-83.31,173.43
52.422295,-1.564264,152.13,20.83,4,276.36,16 / 20,2258610,2019-09-06 19:57:44:353,1.0748,0.9634,10.1126,0.0356,0.013,9.8065,0.0313,-0.043,0.0221,10.5,-36.69,9.19,58.72,-83.62,173.46
52.422295,-1.564264,152.13,20.83,4,276.36,16 / 20,2258710,2019-09-06 19:57:44:453,-0.4168,-0.2092,10.571,0.0248,0.0163,9.8065,0.0483,0.0328,-0.0072,10.88,-37,9.38,59.47,-83.53,173.88
52.422295,-1.564264,152.13,20.83,4,276.36,16 / 20,2258811,2019-09-06 19:57:44:554,0.6549,-0.2508,10.6198,-0.0246,-0.011,9.8066,0.0553,0.0099,0.0212,10.81,-37,9.38,59.26,-83.39,173.39
52.422295,-1.564264,152.13,20.83,4,276.36,16 / 20,2258910,2019-09-06 19:57:44:653,-0.9464,-0.5346,10.0219,0.0053,-0.001,9.8066,-0.0205,-0.0039,0.0602,10.56,-36.62,9.69,55.82,-83.14,173.59
52.422295,-1.564264,152.13,20.83,4,276.36,16 / 20,2259010,2019-09-06 19:57:44:753,0.5311,-0.4658,9.7187,-0.0236,-0.0033,9.8065,-0.0338,0.0759,-0.0494,10.25,-36.56,10.13,54.07,-83.02,173.86
52.422295,-1.564264,152.13,20.83,4,276.36,16 / 20,2259110,2019-09-06 19:57:44:853,-0.9551,-0.0074,9.6492,0.0015,-0.0066,9.8066,-0.2232,0.0326,-0.0781,10.56,-36.69,9.69,55.39,-83.18,173.32
52.422295,-1.564264,152.13,20.83,4,276.36,16 / 20,2259209,2019-09-06 19:57:44:952,1.6719,-0.1168,9.3085,0.0012,-0.0066,9.8065,-0.218,0.0687,-0.0144,10.63,-36.62,9.63,54.58,-83.28,172.87
52.422295,-1.564264,152.13,20.83,4,276.36,16 / 20,2259310,2019-09-06 19:57:45:053,0.7145,-0.1431,9.2622,-0.0067,-0.0067,9.8066,0.0521,0.0069,0.0513,11.13,-36.56,10.13,53.56,-83.3,172.08
52.422295,-1.564264,152.13,20.83,4,276.36,18 / 21,2259409,2019-09-06 19:57:45:152,0.338,-0.1967,9.6688,-0.0013,0.0027,9.8066,-0.0013,0.0745,-0.107,11.38,-36.56,9.75,53.74,-83.34,172.31
52.422295,-1.564264,152.13,20.83,4,276.36,18 / 21,2259510,2019-09-06 19:57:45:253,1.0298,0.1196,10.9028,-0.0109,-0.0225,9.8066,0.1886,0.0016,-0.01,11.38,-36.31,9.44,56.61,-83.2,171.14
52.422295,-1.564264,152.13,20.83,4,276.36,18 / 21,2259609,2019-09-06 19:57:45:352,0.2016,0.8862,10.8481,0.0407,0.0082,9.8065,0.1938,0.0598,-0.0271,11.13,-36.31,10,49.7,-83.24,169.17
52.422295,-1.564264,152.13,20.83,4,276.36,18 / 21,2259710,2019-09-06 19:57:45:453,-0.4032,-0.2292,9.1899,-0.0206,-0.0142,9.8066,-0.0685,-0.0084,-0.009,11.38,-36.56,9.88,47.59,-83.22,167.08
52.422295,-1.564264,152.13,20.83,4,276.36,18 / 21,2259809,2019-09-06 19:57:45:552,0.4441,-0.6584,8.8855,0.0032,-0.0016,9.8066,-0.0085,0.0096,-0.062,11.44,-36.06,9.19,51.53,-83.27,167.13
52.422295,-1.564264,152.13,20.83,4,276.36,18 / 21,2259909,2019-09-06 19:57:45:652,-0.3025,-0.1592,9.5739,0.002,0.0004,9.8066,-0.1164,0.0611,0.0179,11.06,-36.5,9.63,45.68,-83.44,166.31
52.422295,-1.564264,152.13,20.83,4,276.36,18 / 21,2260009,2019-09-06 19:57:45:752,-0.0625,0.0168,10.2461,-0.025,-0.0135,9.8065,-0.0394,0.0183,0.0854,10.75,-36.75,9.88,47.33,-83.3,167.04
52.422295,-1.564264,152.13,20.83,4,276.36,18 / 21,2260110,2019-09-06 19:57:45:853,0.4464,0.3776,9.7629,-0.0372,-0.0114,9.8065,-0.0376,0.0345,-0.057,10.94,-36.75,10.13,48.91,-83.15,167.99
52.422295,-1.564264,152.13,20.83,4,276.36,18 / 21,2260210,2019-09-06 19:57:45:953,0.2853,-0.6317,9.5481,-0.0059,0.0025,9.8066,-0.0358,0.1053,-0.0173,11.13,-36.12,9.94,49.12,-83.04,168.3
52.422295,-1.564264,152.13,20.83,4,276.36,18 / 21,2260310,2019-09-06 19:57:46:053,0.726,1.1564,8.72,-0.0168,-0.0149,9.8065,-0.0723,0.002,0.1001,10.75,-36.75,10.06,49.28,-83.01,168.01
52.422295,-1.564264,152.13,20.83,4,276.36,16 / 20,2260410,2019-09-06 19:57:46:153,0.7802,0.3939,9.8742,0.0692,0.0378,9.8063,0.0745,-0.0382,-0.045,10.88,-36.5,9.94,49.8,-82.91,168.6
52.422295,-1.564264,152.13,20.83,4,276.36,16 / 20,2260510,2019-09-06 19:57:46:253,0.2045,-0.1521,9.6894,-0.0202,-0.0248,9.8065,-0.0803,0.0716,0.032,10.75,-36.69,10.75,44.39,-83.28,167.92
52.422295,-1.564264,152.13,20.83,4,276.36,16 / 20,2260609,2019-09-06 19:57:46:352,1.103,-0.628,9.7345,-0.0129,-0.0053,9.8066,0.0363,0.0814,0.0962,10.63,-36.62,10.94,44.23,-83.15,167.57
52.422295,-1.564264,152.13,20.83,4,276.36,16 / 20,2260710,2019-09-06 19:57:46:453,0.5863,0.0687,9.4289,-0.0003,0.0046,9.8066,-0.0459,-0.0011,-0.0528,10.88,-36.06,10.88,45.51,-83.12,168.85
52.422295,-1.564264,152.13,20.83,4,276.36,16 / 20,2260809,2019-09-06 19:57:46:552,1.3894,1.2203,9.7393,0.007,-0.0047,9.8066,-0.0823,0.0478,-0.0337,11.25,-36.19,10.75,45.08,-83.21,168.66
52.422295,-1.564264,152.13,20.83,4,276.36,16 / 20,2260909,2019-09-06 19:57:46:652,0.8184,0.8521,10.5934,0.0145,-0.0024,9.8065,0.0691,0.0418,-0.0319,11.31,-36.69,11,43.63,-83.24,167.25
52.422295,-1.564264,152.13,20.83,4,276.36,16 / 20,2261009,2019-09-06 19:57:46:752,1.1804,0.4455,9.8057,-0.032,-0.0176,9.8065,-0.0376,0.0083,-0.0412,11.63,-36.56,10.44,49.27,-83.13,166.43
52.422295,-1.564264,152.13,20.83,4,276.36,16 / 20,2261109,2019-09-06 19:57:46:852,-0.5896,0.1262,10.3012,-0.0067,-0.0033,9.8066,-0.0576,0.0465,0.0364,11.06,-36.31,10.69,43.41,-83.02,167
52.422295,-1.564264,152.13,20.83,4,276.36,16 / 20,2261209,2019-09-06 19:57:46:952,0.1832,-1.1402,10.2636,-0.0403,-0.0341,9.8065,-0.0775,0.0376,-0.0534,10.94,-36.44,10.88,43.46,-82.94,166.91
52.422295,-1.564264,152.13,20.83,4,276.36,16 / 20,2261309,2019-09-06 19:57:47:052,-0.0625,-0.2457,9.641,0.003,-0.0238,9.8065,-0.0281,0.0706,-0.0049,10.81,-36.75,11.25,41.64,-83.13,165.5
52.422295,-1.564264,152.13,20.83,4,276.36,17 / 21,2261410,2019-09-06 19:57:47:153,0.2603,0.2338,9.5864,-0.0055,-0.0063,9.8066,0.0041,-0.0011,0.0533,10.94,-36.62,11.13,41.4,-83,165.1
52.422295,-1.564264,152.13,20.83,4,276.36,17 / 21,2261509,2019-09-06 19:57:47:252,0.8443,0.4263,9.4064,-0.032,-0.0131,9.8065,0.0057,0.0001,-0.0772,10.88,-36.69,11.38,42.83,-82.91,166.06
52.422295,-1.564264,152.13,20.83,4,276.36,17 / 21,2261610,2019-09-06 19:57:47:353,0.2532,0.7743,8.902,0.0134,0.0069,9.8065,-0.0867,0.0221,0.0352,10.94,-36.19,10.88,43.66,-82.88,166.97
52.422295,-1.564264,152.13,20.83,4,276.36,17 / 21,2261710,2019-09-06 19:57:47:453,1.4621,0.5762,9.5962,0.0018,0.0098,9.8066,0.0943,0.0654,0.0381,11.13,-36.44,10.63,43.08,-83.04,166.79
52.422295,-1.564264,152.13,20.83,4,276.36,17 / 21,2261810,2019-09-06 19:57:47:553,0.7461,0.0834,9.9852,0.0251,0.0227,9.8065,0.0714,-0.0202,-0.0842,10.88,-37,11.44,43.97,-83.29,167.61
52.422295,-1.564264,152.13,20.83,4,276.36,17 / 21,2261909,2019-09-06 19:57:47:652,0.6229,-0.1449,9.8782,0.0427,0.0156,9.8065,-0.153,0.0095,0.0645,10.56,-36.56,11.31,42.64,-83.39,166.72
52.422295,-1.564264,152.13,20.83,4,276.36,17 / 21,2262009,2019-09-06 19:57:47:752,1.1162,0.6141,10.4425,-0.0301,-0.0165,9.8065,-0.1403,0.0513,-0.0308,10.75,-35.5,10.69,41.81,-83.15,166.27
52.422295,-1.564264,152.13,20.83,4,276.36,17 / 21,2262110,2019-09-06 19:57:47:853,0.8953,0.2464,9.5822,0.0097,0.0034,9.8066,0.0666,0.0375,0.0095,10.63,-36.12,11.69,38.75,-83.06,166.38
52.422295,-1.564264,152.13,20.83,4,276.36,17 / 21,2262209,2019-09-06 19:57:47:952,0.1713,-0.5439,8.9509,-0.0134,0.0005,9.8066,-0.2267,0.0262,0.0218,10.81,-36.19,11.19,42.65,-82.98,166.35
52.422295,-1.564264,152.13,20.83,4,276.36,17 / 21,2262310,2019-09-06 19:57:48:053,0.0821,-0.2289,9.7471,-0.0217,-0.0018,9.8066,0.2238,0.1058,0.0125,10.94,-36.37,11.94,40.29,-82.99,167.48
52.422295,-1.564264,152.13,20.83,4,276.36,18 / 22,2262409,2019-09-06 19:57:48:152,-0.2933,-0.1162,9.5605,0.0439,0.0351,9.8065,0.2365,0.007,0.0573,10.94,-36.37,11.88,39.45,-83.36,167.37
52.422295,-1.564264,152.13,20.83,4,276.36,18 / 22,2262509,2019-09-06 19:57:48:252,-0.0157,-0.4891,9.3512,0.032,0.0389,9.8064,-0.0767,-0.0156,-0.0675,11.06,-36.81,12.06,41.01,-83.42,168.44
52.422295,-1.564264,152.13,20.83,4,276.36,18 / 22,2262610,2019-09-06 19:57:48:353,1.0194,0.1423,10.5633,-0.0164,-0.017,9.8065,-0.0734,0.0394,0.0149,11,-36.75,10.94,45.59,-83.15,168.64
52.422295,-1.564264,152.13,20.83,4,276.36,18 / 22,2262710,2019-09-06 19:57:48:453,0.6899,0.4715,9.9339,-0.0204,-0.0075,9.8066,0.0658,0.0338,0.0013,10.5,-36.75,11.88,42.09,-83.12,168.83
52.422295,-1.564264,152.13,20.83,4,276.36,18 / 22,2262810,2019-09-06 19:57:48:553,0.3836,0.6513,9.5302,0.0096,0.0036,9.8066,-0.0776,0.0185,0.0207,10.81,-36.94,11.81,43.52,-83,169.77
52.422295,-1.564264,152.13,20.83,4,276.36,18 / 22,2262910,2019-09-06 19:57:48:653,0.2542,0.4711,9.5037,0.0219,0.0129,9.8066,0.0771,-0.0259,0.0062,10.56,-36.81,11.56,42.52,-83.13,169.17
52.422295,-1.564264,152.13,20.83,4,276.36,18 / 22,2263010,2019-09-06 19:57:48:753,0.6309,0.616,9.7093,0.0168,0.0035,9.8066,0.0451,0.084,-0.0738,11.13,-36.06,11.56,40.38,-83.25,167.94
52.422295,-1.564264,152.13,20.83,4,276.36,18 / 22,2263110,2019-09-06 19:57:48:853,0.9138,0.4415,9.9341,0.0186,0.0031,9.8065,-0.0201,0.0066,-0.0827,11.19,-36.19,12.19,38.19,-83.26,166.22
52.422295,-1.564264,152.13,20.83,4,276.36,18 / 22,2263209,2019-09-06 19:57:48:952,0.7756,-0.2874,10.0513,0.0119,-0.0081,9.8065,-0.0151,0.0672,-0.0386,11.25,-36.37,12.69,33.31,-83.12,164.87
52.422295,-1.564264,152.13,20.83,4,276.36,18 / 22,2263310,2019-09-06 19:57:49:053,0.5399,-0.2346,9.1989,0.01,-0.0003,9.8066,0.0106,0.0035,0.0288,10.69,-35.75,11.88,35.9,-83.05,164.14
52.422295,-1.564264,152.13,20.83,4,276.36,17 / 21,2263410,2019-09-06 19:57:49:153,0.1305,1.0271,9.6271,0.0031,0.0184,9.8066,-0.0105,0.0504,-0.0144,11.13,-35.87,11.69,36.35,-83.2,164.7
52.422295,-1.564264,152.13,20.83,4,276.36,17 / 21,2263510,2019-09-06 19:57:49:253,0.8324,0.8503,10.5137,-0.0123,-0.0022,9.8066,-0.0452,0.0043,-0.0252,11.19,-36.06,12.06,36.34,-83.46,165.06
52.422295,-1.564264,152.13,20.83,4,276.36,17 / 21,2263609,2019-09-06 19:57:49:352,0.6175,0.5727,10.6136,-0.0017,-0.0205,9.8066,0.106,0.0119,-0.0719,11.06,-35.62,12.5,32.93,-83.32,164.82
52.422295,-1.564264,152.13,20.83,4,276.36,17 / 21,2263710,2019-09-06 19:57:49:453,0.8118,0.1279,9.9101,0.0031,-0.0128,9.8066,0.0541,0.0054,0.0213,11.38,-35.81,12.25,35.84,-83.01,164.04
52.422295,-1.564264,152.13,20.83,4,276.36,17 / 21,2263810,2019-09-06 19:57:49:553,0.105,-0.3322,9.7457,0.0059,0.0104,9.8066,0.0493,0.0541,0.0245,11.44,-35.87,12.63,33.22,-82.94,164.58
52.422295,-1.564264,152.13,20.83,4,276.36,17 / 21,2263910,2019-09-06 19:57:49:653,0.7831,0.7288,9.3149,0.0013,0.0034,9.8066,0.0692,0.0252,-0.0323,11.06,-35.94,12,36.65,-83.03,164.69
52.422295,-1.564264,152.13,20.83,4,276.36,17 / 21,2264009,2019-09-06 19:57:49:752,1.448,2.0467,9.8323,0.0218,0.0203,9.8066,-0.0196,0.0317,-0.058,10.88,-36.25,12.19,36.99,-83.09,165.04
52.422295,-1.564264,152.13,20.83,4,276.36,17 / 21,2264109,2019-09-06 19:57:49:852,-0.088,-0.0662,10.0626,0.0134,0.0128,9.8066,0.1176,0.0242,0.0195,10.88,-36.19,12.56,32.83,-83.16,164.54
52.422295,-1.564264,152.13,20.83,4,276.36,17 / 21,2264210,2019-09-06 19:57:49:953,-0.045,0.0122,10.187,-0.0069,0.0012,9.8066,0.079,0.0462,0.0355,11.5,-36.06,12.69,37.95,-82.97,166.2
52.422295,-1.564264,152.13,20.83,4,276.36,17 / 21,2264310,2019-09-06 19:57:50:053,-0.2649,0.0494,10.4572,0.0065,0.0225,9.8065,0.0865,0.0502,0.0228,11.19,-35.75,12.81,36.14,-83.03,166.97
52.422295,-1.564264,152.13,20.83,4,276.36,18 / 21,2264409,2019-09-06 19:57:50:152,0.4825,0.3843,11.2657,0.0028,-0.0121,9.8066,0.1767,0.0603,-0.0293,10.81,-35.5,12.94,36.2,-83.07,167.31
52.422295,-1.564264,152.13,20.83,4,276.36,18 / 21,2264509,2019-09-06 19:57:50:252,0.3311,-0.1026,9.3064,0.0028,0.0005,9.8065,-0.1125,-0.0182,-0.0292,11.25,-35.62,12.75,36.01,-82.96,166.78
52.422295,-1.564264,152.13,20.83,4,276.36,18 / 21,2264610,2019-09-06 19:57:50:353,-0.112,0.3194,9.4562,0.0147,0.0107,9.8066,-0.0365,0.0091,0.0307,10.63,-36.12,13.06,34.82,-82.99,165.89
52.422295,-1.564264,152.13,20.83,4,276.36,18 / 21,2264709,2019-09-06 19:57:50:452,0.5736,0.6982,9.2578,-0.0065,0.0009,9.8066,0.2279,0.0009,-0.0325,10.75,-36.12,12.56,35.37,-82.89,166.19
52.422295,-1.564264,152.13,20.83,4,276.36,18 / 21,2264810,2019-09-06 19:57:50:553,0.1716,-1.0718,9.8484,0.0427,0.0392,9.8065,0.1782,0.0651,-0.0295,10.75,-36.5,13.19,35.16,-83.17,166.39
52.422295,-1.564264,152.13,20.83,4,276.36,18 / 21,2264909,2019-09-06 19:57:50:652,-0.5279,-0.557,10.0727,0.0266,0.0325,9.8065,-0.1099,0.0746,0.0543,10.69,-35.5,12.94,35.13,-83.16,166.58
52.422295,-1.564264,152.13,20.83,4,276.36,18 / 21,2265010,2019-09-06 19:57:50:753,-0.4527,-0.1181,10.0186,-0.0445,-0.0273,9.8064,-0.2133,0.0727,-0.0374,10.75,-36.31,12.56,36.54,-83.25,167.58
52.422295,-1.564264,152.13,20.83,4,276.36,18 / 21,2265109,2019-09-06 19:57:50:852,-0.6658,0.3297,10.149,-0.0185,-0.0176,9.8066,0.1387,0.0719,-0.038,11.31,-35.62,12.94,37.83,-83.03,168.31
52.422295,-1.564264,152.13,20.83,4,276.36,18 / 21,2265210,2019-09-06 19:57:50:953,-0.5434,-0.7999,10.6005,0.0079,0.0067,9.8066,0.1435,0.0496,-0.0069,11.13,-35.81,13.38,37.18,-83.11,167.9
52.422295,-1.564264,152.13,20.83,4,276.36,18 / 21,2265310,2019-09-06 19:57:51:053,0.0959,0.4118,10.0038,0.0139,0.0037,9.8066,0.0536,0.0152,-0.0036,10.88,-35.62,13.69,33.9,-83.01,167.63
52.422276,-1.56685,151.88,18.31,4,260.98,18 / 22,2265409,2019-09-06 19:57:51:152,0.1133,0.5153,9.8813,0.0059,0.0019,9.8066,-0.0546,0.0234,-0.0154,10.94,-35.87,13.38,36.86,-82.93,167.41
52.422276,-1.56685,151.88,18.31,4,260.98,18 / 22,2265509,2019-09-06 19:57:51:252,0.1617,0.0547,9.6064,0.034,0.0177,9.8065,0.1509,-0.0058,-0.0254,11.06,-35.5,13.31,33.53,-83.15,165.3
52.422276,-1.56685,151.88,18.31,4,260.98,18 / 22,2265610,2019-09-06 19:57:51:353,-0.6422,-0.2094,10.2684,-0.0154,-0.0275,9.8066,0.1786,0.0269,-0.0206,11.38,-35.5,13.5,28.73,-83.18,163.95
52.422276,-1.56685,151.88,18.31,4,260.98,18 / 22,2265709,2019-09-06 19:57:51:452,-0.0843,-0.2071,10.4889,-0.0132,-0.0244,9.8066,-0.0151,0.0236,-0.0127,11.63,-35.5,13.88,30.6,-83.15,163.18
52.422276,-1.56685,151.88,18.31,4,260.98,18 / 22,2265809,2019-09-06 19:57:51:552,0.715,-0.0235,10.1949,-0.0089,-0.014,9.8066,0.0272,0.0285,0.0117,11.25,-35.56,13.44,31.2,-82.86,162.93
52.422276,-1.56685,151.88,18.31,4,260.98,18 / 22,2265909,2019-09-06 19:57:51:652,-0.7658,-0.162,10.0402,0.0346,0.0142,9.8065,-0.016,0.0404,-0.0814,11.13,-36,13.75,26.92,-82.97,162.15
52.422276,-1.56685,151.88,18.31,4,260.98,18 / 22,2266009,2019-09-06 19:57:51:752,-0.4809,0.0506,9.7233,0.0091,0.0068,9.8066,-0.068,0.0509,0.0073,11.06,-35.5,13.63,27.19,-82.9,162.47
52.422276,-1.56685,151.88,18.31,4,260.98,18 / 22,2266109,2019-09-06 19:57:51:852,1.3801,-0.2886,9.8893,0.0121,0.0114,9.8066,0.0265,0.0167,-0.0293,11.06,-35.87,14.13,26.61,-83.02,161.96
52.422276,-1.56685,151.88,18.31,4,260.98,18 / 22,2266212,2019-09-06 19:57:51:955,-0.3247,-0.48,9.8654,0.0124,0.0146,9.8066,0.0556,0.0395,-0.0075,10.63,-35.62,13.75,25.73,-83.08,161.32
52.422276,-1.56685,151.88,18.31,4,260.98,18 / 22,2266309,2019-09-06 19:57:52:052,0.4336,1.2817,10.734,-0.02,0.0005,9.8066,-0.0005,0.0576,0.0437,10.88,-36,13.5,26.71,-83.2,162.2
52.422276,-1.56685,151.88,18.31,4,260.98,19 / 22,2266410,2019-09-06 19:57:52:153,-0.026,-0.1216,9.4762,-0.0025,0.0052,9.8065,0.001,0.0257,0.0067,10.88,-35.75,14.06,28.83,-83.15,163.81
52.422276,-1.56685,151.88,18.31,4,260.98,19 / 22,2266509,2019-09-06 19:57:52:252,0.8914,1.2275,10.0531,0.0006,0.0132,9.8066,0.1543,0.0396,-0.0403,10.88,-36.69,14.06,29.89,-83.25,164.56
52.422276,-1.56685,151.88,18.31,4,260.98,19 / 22,2266610,2019-09-06 19:57:52:353,0.1664,-0.0391,10.0607,0.0191,0.0228,9.8066,0.1156,0.0214,0.0099,11.25,-35.81,14.25,29.49,-83.31,164.49
52.422276,-1.56685,151.88,18.31,4,260.98,19 / 22,2266710,2019-09-06 19:57:52:453,-0.0336,-0.674,10.1424,0.0009,0.0007,9.8066,-0.0261,0.0321,0.0386,10.56,-35.62,14.25,30.53,-83.36,165.37
52.422276,-1.56685,151.88,18.31,4,260.98,19 / 22,2266810,2019-09-06 19:57:52:553,0.1412,0.6105,10.213,0.0179,0.0098,9.8065,-0.0772,-0.0117,-0.0267,10.75,-35.81,14,29.9,-83.38,164.9
52.422276,-1.56685,151.88,18.31,4,260.98,19 / 22,2266909,2019-09-06 19:57:52:652,1.1761,0.7796,9.8617,0.0023,-0.0024,9.8066,0.1535,0.0203,0.0049,10.38,-36.12,14,26.38,-83.38,164.54
52.422276,-1.56685,151.88,18.31,4,260.98,19 / 22,2267010,2019-09-06 19:57:52:753,-0.0647,-0.1443,9.8883,0.018,0.0177,9.8065,0.1225,0.0709,0.005,10.88,-35.81,14.25,28.91,-83.39,164.11
52.422276,-1.56685,151.88,18.31,4,260.98,19 / 22,2267110,2019-09-06 19:57:52:853,0.668,1.0181,9.8322,0.0076,-0.0104,9.8066,0.0036,0.0365,-0.0127,11,-36.19,14.75,25.18,-83.36,163.31
52.422276,-1.56685,151.88,18.31,4,260.98,19 / 22,2267209,2019-09-06 19:57:52:952,0.7672,-0.245,10.1452,0.0146,0.0051,9.8066,0.0549,0.0127,-0.0529,11.13,-35.87,14.44,26.6,-83.48,162.39
52.422276,-1.56685,151.88,18.31,4,260.98,19 / 22,2267310,2019-09-06 19:57:53:053,-0.1864,0.167,9.82,-0.0095,-0.0176,9.8065,-0.0614,0.0262,-0.0067,10.56,-36.06,14.19,25.49,-83.41,161.45
52.422276,-1.56685,151.88,18.31,4,260.98,19 / 21,2267410,2019-09-06 19:57:53:153,0.5566,0.5506,9.7737,-0.0227,-0.0298,9.8065,-0.0361,0.0827,0.0232,10.81,-35.87,14.25,25.56,-83.32,161.42
52.422276,-1.56685,151.88,18.31,4,260.98,19 / 21,2267509,2019-09-06 19:57:53:252,0.565,0.787,10.1921,0.0213,0.0073,9.8066,0.0336,0.0112,-0.0194,11.06,-36.12,15.19,22.94,-83.2,161.41
52.422276,-1.56685,151.88,18.31,4,260.98,19 / 21,2267610,2019-09-06 19:57:53:353,0.5537,0.1488,11.2372,0.0088,0.0054,9.8066,0.1292,0.0442,-0.0528,11,-35.25,15.19,21.5,-83.18,160.4
52.422276,-1.56685,151.88,18.31,4,260.98,19 / 21,2267710,2019-09-06 19:57:53:453,-0.6701,-1.8368,9.8435,0.0418,0.0528,9.8064,-0.0719,-0.1073,0.0897,11,-35.44,14.81,20.87,-83.26,159.97
52.422276,-1.56685,151.88,18.31,4,260.98,19 / 21,2267809,2019-09-06 19:57:53:552,-0.7249,0.8661,8.6428,0.0424,0.0505,9.8063,0.007,0.1488,0.0312,10.81,-35.25,14.81,22.76,-83.21,161.42
52.422276,-1.56685,151.88,18.31,4,260.98,19 / 21,2267910,2019-09-06 19:57:53:653,0.7136,-0.0836,9.0429,-0.0038,-0.0102,9.8066,-0.0818,0.0228,-0.041,11,-35.62,14.5,24.5,-83.38,162.78
52.422276,-1.56685,151.88,18.31,4,260.98,19 / 21,2268010,2019-09-06 19:57:53:753,0.3588,1.5768,9.3682,-0.0191,-0.0232,9.8066,-0.085,-0.001,-0.003,11,-35.44,14.69,23.35,-83.44,162.07
52.422276,-1.56685,151.88,18.31,4,260.98,19 / 21,2268110,2019-09-06 19:57:53:853,-0.0542,0.8411,9.5882,0.0277,0.011,9.8065,0.1546,0.0586,-0.0544,11.13,-36.06,14.94,23.62,-83.42,162.13
52.422276,-1.56685,151.88,18.31,4,260.98,19 / 21,2268210,2019-09-06 19:57:53:953,-0.7214,0.5783,10.4368,0.0119,0.0102,9.8065,0.0893,-0.0329,0.0209,11.25,-35.5,14.69,22.01,-83.35,160.93
52.422276,-1.56685,151.88,18.31,4,260.98,19 / 21,2268310,2019-09-06 19:57:54:053,-0.058,0.3024,10.1786,0.0015,0.0049,9.8065,0.052,0.0346,0.0083,10.81,-36.06,14.75,21.75,-83.17,160.46
52.422276,-1.56685,151.88,18.31,4,260.98,20 / 22,2268410,2019-09-06 19:57:54:153,-0.1367,-0.5958,9.8308,-0.0103,0.0196,9.8066,-0.0195,-0.0278,0.0749,10.69,-35.87,15.13,23.99,-83.14,162.18
52.422276,-1.56685,151.88,18.31,4,260.98,20 / 22,2268509,2019-09-06 19:57:54:252,-0.1515,1.112,9.4004,-0.012,0.019,9.8066,0.0179,0.0124,0.0295,10.06,-36.56,14.75,23.7,-83.37,164.4
52.422276,-1.56685,151.88,18.31,4,260.98,20 / 22,2268609,2019-09-06 19:57:54:352,-0.1524,0.8991,9.8443,-0.002,0.0067,9.8066,-0.0199,-0.0071,-0.0191,10.75,-36.19,14.31,29.88,-83.52,165.03
52.422276,-1.56685,151.88,18.31,4,260.98,20 / 22,2268709,2019-09-06 19:57:54:452,0.3829,1.3845,9.9089,0.0085,-0.0049,9.8066,0.0072,0.0058,-0.0223,10.75,-36.5,14.13,29,-83.61,164.42
52.422276,-1.56685,151.88,18.31,4,260.98,20 / 22,2268810,2019-09-06 19:57:54:553,0.0818,0.5491,10.4233,0.0007,-0.0102,9.8066,0.0215,0.0221,0.0017,10.31,-35.81,14.88,21.78,-83.49,163.14
52.422276,-1.56685,151.88,18.31,4,260.98,20 / 22,2268910,2019-09-06 19:57:54:653,-0.1728,1.1583,9.7921,-0.0001,-0.0043,9.8066,-0.0244,0.0347,-0.0252,10.31,-35.75,15.19,22.06,-83.3,163.21
52.422276,-1.56685,151.88,18.31,4,260.98,20 / 22,2269010,2019-09-06 19:57:54:753,0.0653,0.7326,9.6475,-0.0024,0.0045,9.8066,-0.0266,-0.0055,0.0096,10.25,-36.44,14.81,22.07,-83.35,163.26
52.422276,-1.56685,151.88,18.31,4,260.98,20 / 22,2269109,2019-09-06 19:57:54:852,-0.228,1.0836,9.0126,0.0052,0.0062,9.8066,-0.0044,0.0135,0.0266,11,-36.06,14.56,24.17,-83.47,162.6
52.422276,-1.56685,151.88,18.31,4,260.98,20 / 22,2269210,2019-09-06 19:57:54:953,0.6848,1.1447,9.7874,-0.0045,-0.0123,9.8066,0.0086,0.0103,-0.0334,10.31,-36.37,13.75,23.72,-83.46,162.53
52.422276,-1.56685,151.88,18.31,4,260.98,20 / 22,2269310,2019-09-06 19:57:55:053,0.1581,0.4375,10.2252,0.008,0.0022,9.8066,0.0294,-0.0126,0.0191,10.94,-35.44,14.44,25.08,-83.52,161.38
52.422276,-1.56685,151.88,18.31,4,260.98,20 / 21,2269409,2019-09-06 19:57:55:152,-0.257,0.5338,10.3233,0.009,0.0016,9.8066,0.0062,0.0609,-0.0344,10.38,-36.31,15.06,18.62,-83.48,160.66
52.422276,-1.56685,151.88,18.31,4,260.98,20 / 21,2269509,2019-09-06 19:57:55:252,-0.1902,0.5375,10.281,-0.0131,-0.007,9.8065,-0.0031,0.0134,0.0117,10.69,-36.12,14.44,25.51,-83.41,161.47
52.422276,-1.56685,151.88,18.31,4,260.98,20 / 21,2269610,2019-09-06 19:57:55:353,0.1188,1.4478,9.8299,0.0059,0.0013,9.8066,0.0177,0.008,0.0145,10.44,-35.44,14.63,18.93,-83.49,161.03
52.422276,-1.56685,151.88,18.31,4,260.98,20 / 21,2269710,2019-09-06 19:57:55:453,0.2525,0.7414,9.2365,0.0048,-0.007,9.8066,-0.0359,0.066,-0.0316,10.69,-35.62,14.69,22.37,-83.47,161.18
52.422276,-1.56685,151.88,18.31,4,260.98,20 / 21,2269810,2019-09-06 19:57:55:553,-0.2943,1.1546,9.3672,-0.0024,0.0044,9.8066,0.0321,-0.0025,0.0538,9.75,-35,14.69,18.97,-83.48,161.06
52.422276,-1.56685,151.88,18.31,4,260.98,20 / 21,2269909,2019-09-06 19:57:55:652,0.883,1.3676,9.1013,0.0034,-0.0054,9.8066,0.0086,-0.0167,0.0263,10.75,-35.06,15.44,21.23,-83.46,160.4
52.422276,-1.56685,151.88,18.31,4,260.98,20 / 21,2270010,2019-09-06 19:57:55:753,1.7214,2.6068,10.58,-0.0107,-0.014,9.8065,0.0035,0.0364,-0.0636,10.69,-35.31,14.94,21.76,-83.41,160.78
52.422276,-1.56685,151.88,18.31,4,260.98,20 / 21,2270111,2019-09-06 19:57:55:854,2.2839,0.8811,10.1598,0.0109,0.028,9.8065,0.1894,-0.0386,0.0147,10.56,-35.62,15.19,21.54,-83.68,160.68
52.422276,-1.56685,151.88,18.31,4,260.98,20 / 21,2270210,2019-09-06 19:57:55:953,-0.1193,1.3965,10.2682,0.0165,0.0158,9.8065,0.0457,0.0369,-0.0276,10.75,-35.81,15.06,20.81,-83.62,160.06
52.422276,-1.56685,151.88,18.31,4,260.98,20 / 21,2270310,2019-09-06 19:57:56:053,0.1328,2.1579,9.429,0.0047,-0.0077,9.8066,0.1384,0.0024,0.0015,10.63,-36.06,15.06,21.78,-83.56,160.78
52.422276,-1.56685,151.88,18.31,4,260.98,20 / 21,2270410,2019-09-06 19:57:56:153,-0.6002,2.5158,9.8892,-0.003,-0.0035,9.8065,0.0953,-0.0456,0.0327,10.44,-36.12,14.94,18.32,-83.47,160.42
52.422276,-1.56685,151.88,18.31,4,260.98,20 / 21,2270509,2019-09-06 19:57:56:252,2.5233,1.22,11.1926,0.0026,-0.0125,9.8066,0.0336,-0.0919,0.1181,10.75,-35.69,15.31,22.03,-83.45,160.89
52.422276,-1.56685,151.88,18.31,4,260.98,20 / 21,2270609,2019-09-06 19:57:56:352,0.0178,3.1609,9.4552,-0.0261,-0.0224,9.8065,-0.1555,0.0584,-0.0837,10.75,-36,15.38,23.61,-83.41,162.11
52.422276,-1.56685,151.88,18.31,4,260.98,20 / 21,2270709,2019-09-06 19:57:56:452,0.2525,3.0747,9.6369,-0.0064,0.0057,9.8066,0.0127,0.0479,0.0293,10.38,-35.87,15.44,19.57,-83.54,161.45
52.422276,-1.56685,151.88,18.31,4,260.98,20 / 21,2270809,2019-09-06 19:57:56:552,0.4081,0.5555,10.5507,0.0007,0.0153,9.8066,0.0314,-0.0191,-0.0028,10.81,-36.19,14.94,23.01,-83.73,161.89
52.422276,-1.56685,151.88,18.31,4,260.98,20 / 21,2270909,2019-09-06 19:57:56:652,1.0816,2.7795,9.6104,-0.0017,-0.009,9.8066,0.0108,-0.0498,0.0106,10.75,-35.94,15.06,23.4,-83.72,162.19
52.422276,-1.56685,151.88,18.31,4,260.98,20 / 21,2271009,2019-09-06 19:57:56:752,0.7413,3.0782,9.8605,0.0084,0.0102,9.8065,0.0102,-0.0352,-0.0138,10.25,-36.19,15.25,20.44,-83.69,162.23
52.422276,-1.56685,151.88,18.31,4,260.98,20 / 21,2271110,2019-09-06 19:57:56:853,0.0334,0.6901,10.5669,0.0106,0.0066,9.8066,-0.0456,0.0199,0.036,10.5,-36.06,15.19,23.14,-83.72,161.99
52.422276,-1.56685,151.88,18.31,4,260.98,20 / 21,2271210,2019-09-06 19:57:56:953,0.8777,1.7639,9.4396,-0.0028,0,9.8066,0.042,0.0394,0.0475,10.56,-35.62,15.38,22.49,-83.68,161.44
52.422276,-1.56685,151.88,18.31,4,260.98,20 / 21,2271310,2019-09-06 19:57:57:053,1.5433,1.2751,9.6516,-0.0165,0.0016,9.8066,0.0614,-0.075,0.0344,10.5,-35.69,15,23.67,-83.69,162.39
52.422276,-1.56685,151.88,18.31,4,260.98,20 / 22,2271409,2019-09-06 19:57:57:152,1.326,1.9081,9.9096,0.011,0.0183,9.8066,0.0708,0.0262,-0.0481,9.88,-36.06,14.69,20.62,-83.89,162.53
52.422276,-1.56685,151.88,18.31,4,260.98,20 / 22,2271510,2019-09-06 19:57:57:253,0.495,1.8961,10.3083,-0.0058,0.0063,9.8066,0.025,0.0106,0.0055,10.75,-35.5,15.19,22.97,-83.86,162.09
52.422276,-1.56685,151.88,18.31,4,260.98,20 / 22,2271609,2019-09-06 19:57:57:352,0.2198,1.8189,9.8867,0.0011,0.0102,9.8066,0.0033,0.0032,-0.047,9.88,-35.06,14.63,20.94,-83.87,162.89
52.422276,-1.56685,151.88,18.31,4,260.98,20 / 22,2271710,2019-09-06 19:57:57:453,0.4546,1.882,9.706,0.0171,0.0172,9.8065,0.008,0.0258,0.0797,10.5,-35.56,15.06,23.63,-83.95,162.57
52.422276,-1.56685,151.88,18.31,4,260.98,20 / 22,2271810,2019-09-06 19:57:57:553,0.4793,1.6677,9.3363,-0.008,-0.0013,9.8066,0.0437,-0.0448,0.0069,10.75,-36.12,15.25,23.25,-83.92,162.24
52.422276,-1.56685,151.88,18.31,4,260.98,20 / 22,2271909,2019-09-06 19:57:57:652,1.0603,1.7143,10.365,-0.0116,-0.0019,9.8065,0.0076,0.0473,-0.0668,10.88,-35.81,14.88,24.42,-83.93,163.18
52.422276,-1.56685,151.88,18.31,4,260.98,20 / 22,2272010,2019-09-06 19:57:57:753,-0.7605,1.3844,9.5671,0.0049,-0.0166,9.8066,0.0485,-0.0354,0.1494,10.56,-35.31,14.94,22.3,-83.91,161.59
52.422276,-1.56685,151.88,18.31,4,260.98,20 / 22,2272109,2019-09-06 19:57:57:852,0.3781,2.2247,9.1946,-0.0296,-0.018,9.8065,0.0024,-0.0145,-0.1412,10.75,-35.87,14.88,23.84,-83.85,162.65
52.422276,-1.56685,151.88,18.31,4,260.98,20 / 22,2272210,2019-09-06 19:57:57:953,0.2763,1.014,9.5455,0.0313,0.0225,9.8065,0.0574,0.0145,-0.008,10.81,-35.87,15.19,24.68,-83.86,163.34
52.422276,-1.56685,151.88,18.31,4,260.98,20 / 22,2272310,2019-09-06 19:57:58:053,0.5076,1.0497,10.0467,0.0251,0.0232,9.8066,-0.0093,0.0019,0.0157,10.56,-35.44,14.69,22.18,-84.07,161.6
52.422276,-1.56685,151.88,18.31,4,260.98,18 / 20,2272409,2019-09-06 19:57:58:152,0.7069,0.493,9.726,-0.0071,-0.0071,9.8066,-0.0054,0.0904,-0.0929,10.13,-35.62,15.38,20.78,-84.01,162.74
52.422276,-1.56685,151.88,18.31,4,260.98,18 / 20,2272510,2019-09-06 19:57:58:253,-0.3742,0.0909,9.6557,0.004,-0.0079,9.8066,0.0736,-0.0534,0.004,10.69,-36.12,15.88,19.95,-84.04,161.57
52.422276,-1.56685,151.88,18.31,4,260.98,18 / 20,2272609,2019-09-06 19:57:58:352,1.3521,1.4364,9.9063,-0.0078,-0.0099,9.8066,-0.0426,0.0076,-0.0683,11,-35.44,15.13,23.39,-84.01,162.55
52.422276,-1.56685,151.88,18.31,4,260.98,18 / 20,2272710,2019-09-06 19:57:58:453,0.7484,1.502,9.9894,0.0055,0.0106,9.8066,0.0449,0.0443,0.0152,10.13,-35.87,15.31,19.55,-84.05,161.79
52.422276,-1.56685,151.88,18.31,4,260.98,18 / 20,2272810,2019-09-06 19:57:58:553,0.0214,0.5651,10.0296,0.0044,0.0077,9.8066,0.0513,0.038,0.022,10.44,-35.94,14.69,19.42,-84.1,161.72
52.422276,-1.56685,151.88,18.31,4,260.98,18 / 20,2272910,2019-09-06 19:57:58:653,0.4262,0.6762,9.6364,-0.0104,-0.0114,9.8066,-0.1407,0.0334,-0.067,10.63,-35.69,15.31,22.04,-84.21,161.48
52.422276,-1.56685,151.88,18.31,4,260.98,18 / 20,2273010,2019-09-06 19:57:58:753,0.4699,1.0685,9.4341,-0.006,-0.0168,9.8066,-0.0784,0.0679,-0.0065,10.31,-36,14.81,18.55,-84.13,161.05
52.422276,-1.56685,151.88,18.31,4,260.98,18 / 20,2273110,2019-09-06 19:57:58:853,0.6557,0.9704,9.6255,-0.0075,-0.0149,9.8066,0.0905,0.0867,-0.0785,10.69,-35.94,15.5,18.53,-84.1,160.46
52.422276,-1.56685,151.88,18.31,4,260.98,18 / 20,2273210,2019-09-06 19:57:58:953,0.3499,0.288,10.1957,0.0299,0.009,9.8066,0.1558,0.0373,0.0001,10.88,-35.31,15.81,16.54,-84.09,158.92
52.422276,-1.56685,151.88,18.31,4,260.98,18 / 20,2273310,2019-09-06 19:57:59:053,0.274,0.2385,9.9825,0.0176,0.0096,9.8065,-0.0766,0.1638,-0.0258,10.88,-35.75,15.19,17.92,-84.03,158.03
52.422276,-1.56685,151.88,18.31,4,260.98,19 / 21,2273409,2019-09-06 19:57:59:152,2.3624,0.6745,9.8187,0.0042,0.0012,9.8066,-0.0458,0.1047,-0.0548,10.88,-34.94,16.13,14.71,-83.98,157.38
52.422276,-1.56685,151.88,18.31,4,260.98,19 / 21,2273510,2019-09-06 19:57:59:253,1.3214,-0.4064,10.0251,0.0095,0.0016,9.8066,0.0807,0.0579,-0.0005,10.88,-35.69,16.06,14.27,-83.93,156.91
52.422276,-1.56685,151.88,18.31,4,260.98,19 / 21,2273609,2019-09-06 19:57:59:352,1.6081,-0.8117,9.8673,0.0167,0.0039,9.8066,0.042,0.169,-0.0643,10.88,-35.56,16.56,9.75,-83.93,154.97
52.422276,-1.56685,151.88,18.31,4,260.98,19 / 21,2273709,2019-09-06 19:57:59:452,1.1335,-0.1674,9.937,0.0031,-0.0077,9.8066,0.025,0.1891,-0.0898,10.75,-35.5,16.69,8.8,-83.82,154.21
52.422276,-1.56685,151.88,18.31,4,260.98,19 / 21,2273809,2019-09-06 19:57:59:552,2.2696,-0.7803,9.8379,0.0013,-0.0112,9.8066,0.0022,0.2198,-0.0068,11.13,-35.25,16.88,8.35,-83.7,153.82
52.422276,-1.56685,151.88,18.31,4,260.98,19 / 21,2273909,2019-09-06 19:57:59:652,1.3972,-1.5171,9.7713,-0.0055,-0.0068,9.8065,-0.0929,0.1482,-0.0321,10.94,-35.19,17.38,7.88,-83.61,153.41
52.422276,-1.56685,151.88,18.31,4,260.98,19 / 21,2274010,2019-09-06 19:57:59:753,1.0452,0.1903,9.6241,-0.0019,-0.0115,9.8066,-0.1607,0.2288,-0.0799,10.13,-35.31,18.06,4.08,-83.55,154.22
52.422276,-1.56685,151.88,18.31,4,260.98,19 / 21,2274109,2019-09-06 19:57:59:852,1.5044,-0.3476,10.5456,0.004,-0.0026,9.8066,0.043,0.2715,-0.0676,10.38,-34.44,17.94,2.4,-83.58,152.88
52.422276,-1.56685,151.88,18.31,4,260.98,19 / 21,2274209,2019-09-06 19:57:59:952,1.0592,-0.2987,9.7128,0.0234,0.0131,9.8066,0.0808,0.1974,0.0203,10.56,-34.94,18.88,3.06,-83.59,152.43
52.422276,-1.56685,151.88,18.31,4,260.98,19 / 21,2274309,2019-09-06 19:58:00:052,2.0706,-0.7462,9.7094,0.0018,0.0333,9.8066,0.064,0.2636,-0.0297,10.25,-34.94,18.75,0.25,-83.66,152.45
52.42197,-1.568854,152.41,10.91,4,242.53,20 / 22,2274410,2019-09-06 19:58:00:153,3.0943,-0.5731,9.7007,-0.0035,-0.0106,9.8065,-0.0767,0.2897,-0.084,10,-34.37,19.19,0.55,-83.65,152.69
52.42197,-1.568854,152.41,10.91,4,242.53,20 / 22,2274509,2019-09-06 19:58:00:252,1.5293,-1.1806,9.8416,-0.0082,-0.022,9.8066,-0.1098,0.2844,-0.0543,9.88,-34.56,18.88,0.07,-83.59,152.3
52.42197,-1.568854,152.41,10.91,4,242.53,20 / 22,2274610,2019-09-06 19:58:00:353,1.1055,-0.6371,10.0634,-0.0058,-0.0249,9.8065,-0.0324,0.2274,0.1007,10.31,-34.5,20.38,358.28,-83.43,152.03
52.42197,-1.568854,152.41,10.91,4,242.53,20 / 22,2274709,2019-09-06 19:58:00:452,1.5818,0.2355,10.4397,-0.0259,-0.0299,9.8065,0.0951,0.2152,-0.1169,9.19,-34.87,20.13,357.25,-83.3,153.55
52.42197,-1.568854,152.41,10.91,4,242.53,20 / 22,2274810,2019-09-06 19:58:00:553,2.0876,-1.198,9.9861,0.0258,0.0238,9.8066,0.14,0.2594,-0.0496,10.19,-34.31,20.81,356.83,-83.18,151.94
52.42197,-1.568854,152.41,10.91,4,242.53,20 / 22,2274909,2019-09-06 19:58:00:652,1.3757,0.5142,9.6251,0.0161,0.0081,9.8065,0.1981,0.3466,-0.0347,9.19,-33.5,22.06,352.89,-82.93,151.9
52.42197,-1.568854,152.41,10.91,4,242.53,20 / 22,2275010,2019-09-06 19:58:00:753,0.4952,-1.096,10.2528,0.0045,0.0015,9.8065,0.122,0.1984,-0.0381,9.19,-33.81,21.63,353.07,-82.8,152.11
52.42197,-1.568854,152.41,10.91,4,242.53,20 / 22,2275109,2019-09-06 19:58:00:852,3.3265,-0.6534,10.2568,0.0184,0.0085,9.8066,-0.0838,0.14,0.0367,8.94,-33.81,22.69,350.83,-82.78,151.11
52.42197,-1.568854,152.41,10.91,4,242.53,20 / 22,2275210,2019-09-06 19:58:00:953,1.1551,-2.4579,10.0504,-0.0135,-0.0538,9.8064,-0.1355,0.2672,-0.0752,8.25,-34.12,22.44,349.32,-82.46,151.46
52.42197,-1.568854,152.41,10.91,4,242.53,20 / 22,2275311,2019-09-06 19:58:01:054,1.1737,-1.5668,10.1034,-0.0111,-0.0591,9.8064,0.067,0.2998,-0.0597,8.5,-33.87,22.88,350.87,-82.31,151.26
52.42197,-1.568854,152.41,10.91,4,242.53,18 / 21,2275410,2019-09-06 19:58:01:153,1.8307,-0.9901,10.2034,0.0069,0.0011,9.8066,-0.0469,0.2282,-0.0405,7.56,-33.56,23.69,347.42,-82.21,151.37
52.42197,-1.568854,152.41,10.91,4,242.53,18 / 21,2275510,2019-09-06 19:58:01:253,1.596,-1.3303,9.7736,-0.0037,-0.0038,9.8066,0.0826,0.1535,0.0331,7.38,-33.87,23.63,345.11,-82.1,151.74
52.42197,-1.568854,152.41,10.91,4,242.53,18 / 21,2275609,2019-09-06 19:58:01:352,1.8324,-0.2714,10.6657,-0.0055,0.0121,9.8066,-0.0051,0.2342,-0.0457,8,-33.69,24.13,348.66,-81.98,152.45
52.42197,-1.568854,152.41,10.91,4,242.53,18 / 21,2275709,2019-09-06 19:58:01:452,0.4363,-0.5833,10.6946,-0.0006,0.0175,9.8066,0.0146,0.2131,-0.0648,7.25,-34,24.69,346.02,-82.03,153.03
52.42197,-1.568854,152.41,10.91,4,242.53,18 / 21,2275810,2019-09-06 19:58:01:553,0.45,-1.149,10.307,-0.003,-0.0277,9.8065,0.0264,0.097,0.0471,7.25,-33.75,24.69,347.3,-81.76,154.15
52.42197,-1.568854,152.41,10.91,4,242.53,18 / 21,2275910,2019-09-06 19:58:01:653,-0.3857,-0.2548,9.228,-0.0109,-0.0019,9.8066,-0.0466,0.2023,-0.0161,6.81,-33.94,25.81,347.8,-81.75,155.05
52.42197,-1.568854,152.41,10.91,4,242.53,18 / 21,2276010,2019-09-06 19:58:01:753,0.7656,-0.5647,9.9883,0.0005,0.0099,9.8066,-0.0285,0.1129,0.0006,6.81,-33.69,25.81,346.62,-81.83,154.07
52.42197,-1.568854,152.41,10.91,4,242.53,18 / 21,2276109,2019-09-06 19:58:01:852,0.9428,-1.135,9.4158,0.0147,0.0182,9.8065,-0.0673,0.0401,0.0382,6.75,-33.5,25.88,346,-81.95,153.45
52.42197,-1.568854,152.41,10.91,4,242.53,18 / 21,2276210,2019-09-06 19:58:01:953,0.5393,-0.3216,10.3496,0.009,0.0183,9.8066,-0.0242,0.1537,-0.0872,6.38,-34.06,25.94,342.2,-82,152.48
52.42197,-1.568854,152.41,10.91,4,242.53,18 / 21,2276309,2019-09-06 19:58:02:052,0.4888,-0.7029,10.3782,0.0183,0.0164,9.8066,0.0283,0.0425,0.0086,6.81,-33.62,25.5,342.46,-81.99,150.59
52.42197,-1.568854,152.41,10.91,4,242.53,18 / 20,2276410,2019-09-06 19:58:02:153,-1.2633,-1.5138,10.4919,-0.0006,-0.0354,9.8065,0.0318,0.0353,-0.021,6.63,-33.37,26.25,342.08,-81.8,150.27
52.42197,-1.568854,152.41,10.91,4,242.53,18 / 20,2276510,2019-09-06 19:58:02:253,-0.7555,0.2391,9.8979,0.0214,-0.0208,9.8066,-0.0093,0.1287,-0.1833,6.56,-33.69,25.63,341.37,-81.61,149.87
52.42197,-1.568854,152.41,10.91,4,242.53,18 / 20,2276609,2019-09-06 19:58:02:352,-0.8716,-0.8984,9.5862,0.0187,0.0071,9.8066,0.014,-0.0212,0.0684,7.31,-33.31,26,338.09,-81.45,147.15
52.42197,-1.568854,152.41,10.91,4,242.53,18 / 20,2276710,2019-09-06 19:58:02:453,0.0007,-0.3749,9.8065,0.0336,0.0104,9.8065,-0.0345,0.0895,-0.1034,6.13,-34,26.19,331.9,-81.46,144.29
52.42197,-1.568854,152.41,10.91,4,242.53,18 / 20,2276810,2019-09-06 19:58:02:553,-1.7104,-0.8014,10.2054,0.027,0.0082,9.8065,0.0519,-0.0452,0.0036,7,-34,25.56,331.71,-81.4,142.05
52.42197,-1.568854,152.41,10.91,4,242.53,18 / 20,2276910,2019-09-06 19:58:02:653,0.7353,-0.4574,9.751,0.0158,-0.0126,9.8065,0.0708,0.0076,0.0259,7.75,-32.87,26.19,332.06,-81.01,140.36
52.42197,-1.568854,152.41,10.91,4,242.53,18 / 20,2277010,2019-09-06 19:58:02:753,0.684,-1.5478,10.1791,0.0065,-0.0078,9.8066,0.0079,0.0041,-0.0695,7.06,-32.94,26.63,329.49,-80.82,140.79
52.42197,-1.568854,152.41,10.91,4,242.53,18 / 20,2277110,2019-09-06 19:58:02:853,-0.252,-1.0289,10.3053,-0.0015,0.0097,9.8066,0.0127,-0.0037,0.0511,7.56,-33.5,25.88,331.07,-80.72,139.73
52.42197,-1.568854,152.41,10.91,4,242.53,18 / 20,2277210,2019-09-06 19:58:02:953,0.8137,-1.077,9.8973,0.0179,0.0195,9.8066,0.0584,0.0944,-0.1292,7.69,-33.44,26.19,329.8,-80.79,138.65
52.42197,-1.568854,152.41,10.91,4,242.53,18 / 20,2277310,2019-09-06 19:58:03:053,-0.2037,-1.253,9.998,-0.0046,-0.0193,9.8066,0.0258,-0.0391,0.0598,7.13,-33.44,25.94,326.9,-80.66,138.44
52.42197,-1.568854,152.41,10.91,4,242.53,20 / 22,2277409,2019-09-06 19:58:03:152,0.6013,-0.0605,10.1305,0.0082,-0.0255,9.8066,-0.025,0.1475,-0.1183,7.19,-33.37,26.56,326.2,-80.48,138.31
52.42197,-1.568854,152.41,10.91,4,242.53,20 / 22,2277510,2019-09-06 19:58:03:253,0.4416,-1.0989,10.2425,0.0062,-0.0029,9.8065,0.0701,-0.0011,0.0158,7.31,-33.56,26.5,326.48,-80.33,138.84
52.42197,-1.568854,152.41,10.91,4,242.53,20 / 22,2277609,2019-09-06 19:58:03:352,-0.946,-0.3525,9.8478,0.011,-0.0103,9.8066,-0.014,0.1069,-0.0958,6.94,-33.44,26.75,326.46,-80.09,138.81
52.42197,-1.568854,152.41,10.91,4,242.53,20 / 22,2277710,2019-09-06 19:58:03:453,0.3675,-1.4104,9.7535,0.0034,0.0039,9.8066,0.0164,0.0531,-0.0486,7.25,-32.87,26.88,327.11,-80.03,139.38
52.42197,-1.568854,152.41,10.91,4,242.53,20 / 22,2277810,2019-09-06 19:58:03:553,-0.6826,0.4835,10.011,-0.0085,0.0185,9.8065,0.0115,0.0644,0.0267,7.31,-33.06,27,326.91,-80,139.24
52.42197,-1.568854,152.41,10.91,4,242.53,20 / 22,2277910,2019-09-06 19:58:03:653,-0.2986,-0.6184,9.9975,0.0079,0.0143,9.8066,-0.077,0.009,-0.025,6.75,-33.06,26.75,326.68,-80.15,138.95
52.42197,-1.568854,152.41,10.91,4,242.53,20 / 22,2278009,2019-09-06 19:58:03:752,-0.0144,-0.5683,9.4789,-0.0009,-0.0019,9.8066,0.1748,0.0526,0.0101,6.94,-32.75,26.94,326.9,-80.11,139.16
52.42197,-1.568854,152.41,10.91,4,242.53,20 / 22,2278109,2019-09-06 19:58:03:852,0.8736,-0.9734,9.3051,-0.0068,-0.0464,9.8065,-0.0955,-0.0494,0.01,6.56,-33.06,27.25,328.63,-79.88,140.73
52.42197,-1.568854,152.41,10.91,4,242.53,20 / 22,2278209,2019-09-06 19:58:03:952,-1.2222,-1.0075,9.4824,-0.0051,-0.0366,9.8065,-0.1341,0.064,0.0151,6.25,-33.31,27.19,326.19,-79.92,140.78
52.42197,-1.568854,152.41,10.91,4,242.53,20 / 22,2278310,2019-09-06 19:58:04:053,-0.0774,0.7102,10.3337,-0.0049,0.0175,9.8065,0.0363,0.1106,-0.0199,6.81,-32.62,27.38,329.21,-80.09,141.06
52.42197,-1.568854,152.41,10.91,4,242.53,18 / 20,2278410,2019-09-06 19:58:04:153,1.1573,0.6546,9.9361,-0.013,-0.0048,9.8066,0.0597,0.1008,0.0165,5.88,-33.25,27.75,326.94,-80.25,141.37
52.42197,-1.568854,152.41,10.91,4,242.53,18 / 20,2278509,2019-09-06 19:58:04:252,-0.7236,-0.0612,9.5278,-0.0114,-0.0057,9.8066,-0.0916,0.1775,-0.0073,5.5,-32.81,27.75,328.92,-80.32,142.95
52.42197,-1.568854,152.41,10.91,4,242.53,18 / 20,2278610,2019-09-06 19:58:04:353,-0.0207,0.8474,9.7568,-0.0234,-0.0139,9.8066,-0.0994,0.0798,0.0511,5.69,-33.37,27.69,330.01,-80.37,143.82
52.42197,-1.568854,152.41,10.91,4,242.53,18 / 20,2278709,2019-09-06 19:58:04:452,0.2456,0.7402,9.9104,-0.0026,0.0204,9.8066,0.0427,0.1024,-0.0014,5.69,-33.5,28,330.04,-80.58,143.7
52.42197,-1.568854,152.41,10.91,4,242.53,18 / 20,2278810,2019-09-06 19:58:04:553,0.1099,1.0175,10.3056,-0.0097,0.0152,9.8066,0.0893,0.1654,-0.039,5.13,-33,27.69,328.46,-80.63,144.37
52.42197,-1.568854,152.41,10.91,4,242.53,18 / 20,2278910,2019-09-06 19:58:04:653,0.6275,0.4645,10.2475,-0.0096,-0.0359,9.8065,-0.1048,0.1215,-0.0267,5,-32.87,27.69,328.78,-80.66,144.61
52.42197,-1.568854,152.41,10.91,4,242.53,18 / 20,2279010,2019-09-06 19:58:04:753,0.4438,-1.3289,9.7298,-0.0126,-0.0187,9.8065,0.0269,0.1642,0.0694,4.44,-32.69,27.69,327.96,-80.53,146.05
52.42197,-1.568854,152.41,10.91,4,242.53,18 / 20,2279109,2019-09-06 19:58:04:852,1.0571,0.6823,9.7363,0.0016,-0.0143,9.8066,0.0072,0.1487,0.0134,3.94,-33.69,28.19,329.78,-80.44,147.78
52.42197,-1.568854,152.41,10.91,4,242.53,18 / 20,2279210,2019-09-06 19:58:04:953,1.2629,0.4258,9.5843,0.0099,0.0378,9.8065,-0.0831,0.1675,-0.0478,3.88,-33.69,28,330.81,-80.44,148.63
52.42197,-1.568854,152.41,10.91,4,242.53,18 / 20,2279310,2019-09-06 19:58:05:053,-0.2453,0.9637,10.0623,0.0096,0.0493,9.8065,0.0137,0.1713,-0.0801,4.25,-33.69,28.5,329.83,-80.38,147.94
52.42197,-1.568854,152.41,10.91,4,242.53,19 / 22,2279410,2019-09-06 19:58:05:153,1.3913,0.6355,10.0784,0.003,0.0397,9.8065,-0.0904,0.1712,-0.0114,4.25,-33.75,28.06,328.41,-80.62,146.54
52.42197,-1.568854,152.41,10.91,4,242.53,19 / 22,2279509,2019-09-06 19:58:05:252,1.3604,0.6647,10.6036,-0.0009,-0.0259,9.8066,-0.013,0.1837,-0.03,3.25,-33.25,28.56,326.33,-80.35,146.86
52.42197,-1.568854,152.41,10.91,4,242.53,19 / 22,2279610,2019-09-06 19:58:05:353,1.1637,0.4339,10.1433,-0.008,-0.0218,9.8066,0.0343,0.1736,-0.0021,3.38,-33.12,28.69,327.07,-80.22,147.57
52.42197,-1.568854,152.41,10.91,4,242.53,19 / 22,2279710,2019-09-06 19:58:05:453,1.8601,0.4908,9.9193,-0.0064,0.003,9.8066,0.0358,0.1679,-0.0198,3,-32.87,29,329.13,-80.12,149.34
52.42197,-1.568854,152.41,10.91,4,242.53,19 / 22,2279810,2019-09-06 19:58:05:553,2.0846,0.2062,9.4914,-0.0017,0.0203,9.8066,-0.0811,0.1609,-0.0178,2.19,-33.06,29.06,327.26,-80.1,149.79
52.42197,-1.568854,152.41,10.91,4,242.53,19 / 22,2279910,2019-09-06 19:58:05:653,1.7631,1.6631,10.3924,-0.0013,-0.0166,9.8065,-0.0326,0.2235,-0.0971,2.31,-33,29.25,328.13,-80.02,150.56
52.42197,-1.568854,152.41,10.91,4,242.53,19 / 22,2280010,2019-09-06 19:58:05:753,3.0022,0.4522,10.0613,0.0177,-0.0596,9.8064,0.1675,0.16,0.0247,2.31,-32.94,29.44,328.41,-79.57,151.1
52.42197,-1.568854,152.41,10.91,4,242.53,19 / 22,2280109,2019-09-06 19:58:05:852,1.4158,0.832,10.2386,-0.0088,0.0006,9.8066,0.0631,0.2617,-0.0332,1.56,-33.37,30.69,330.55,-79.28,152.88
52.42197,-1.568854,152.41,10.91,4,242.53,19 / 22,2280212,2019-09-06 19:58:05:955,1.5351,0.6515,9.826,0.0001,-0.0221,9.8066,-0.0746,0.2556,-0.0694,1.44,-32.25,30.44,329.1,-79.08,153.63
52.42197,-1.568854,152.41,10.91,4,242.53,19 / 22,2280310,2019-09-06 19:58:06:053,2.8003,0.5719,9.4701,0.0162,-0.0274,9.8066,-0.1278,0.2481,-0.0893,1.44,-32.62,31.25,328.69,-79.08,153.35
52.42197,-1.568854,152.41,10.91,4,242.53,20 / 21,2280410,2019-09-06 19:58:06:153,1.4451,1.7886,10.1499,-0.0009,0.0249,9.8065,0.025,0.2548,-0.0942,0.75,-32.37,30.88,328.71,-78.87,153.31
52.42197,-1.568854,152.41,10.91,4,242.53,20 / 21,2280509,2019-09-06 19:58:06:252,1.5723,1.3684,10.5814,0.0099,-0.0078,9.8066,0.092,0.2689,-0.0097,0.25,-31.87,30.19,325.54,-78.73,152.88
52.42197,-1.568854,152.41,10.91,4,242.53,20 / 21,2280610,2019-09-06 19:58:06:353,2.4608,0.2076,9.7308,-0.0101,-0.0143,9.8066,-0.0868,0.2726,-0.0266,0.13,-31.25,30.06,326.6,-78.43,153.73
52.42197,-1.568854,152.41,10.91,4,242.53,20 / 21,2280709,2019-09-06 19:58:06:452,2.0269,0.2183,10.3853,0.0001,-0.0546,9.8064,-0.0236,0.2838,-0.0302,-1.5,-31.81,30.88,327.06,-78.06,156.18
52.42197,-1.568854,152.41,10.91,4,242.53,20 / 21,2280810,2019-09-06 19:58:06:553,1.4341,-0.3148,10.4544,-0.0019,-0.0271,9.8066,-0.1094,0.2542,-0.0665,-2.12,-30.62,30.88,325.54,-78.07,156.57
52.42197,-1.568854,152.41,10.91,4,242.53,20 / 21,2280910,2019-09-06 19:58:06:653,2.9418,0.6033,9.8822,0.0044,-0.0039,9.8066,-0.0054,0.2957,-0.0415,-1.94,-31.44,30.94,325.91,-78.01,156.9
52.42197,-1.568854,152.41,10.91,4,242.53,20 / 21,2281010,2019-09-06 19:58:06:753,1.6154,0.4743,9.6736,-0.004,-0.0044,9.8066,-0.1187,0.2823,-0.0562,-2.62,-31.56,31.38,323.54,-77.95,157.05
52.42197,-1.568854,152.41,10.91,4,242.53,20 / 21,2281109,2019-09-06 19:58:06:852,1.7106,0.3687,10.6098,-0.0012,-0.0158,9.8066,-0.0414,0.2966,-0.0755,-3.19,-31.06,31.69,325.69,-77.84,158.27
52.42197,-1.568854,152.41,10.91,4,242.53,20 / 21,2281209,2019-09-06 19:58:06:952,0.9975,1.42,10.521,0.0071,-0.0156,9.8065,0.113,0.2487,0.0187,-3,-31.31,31.75,325.72,-77.64,158.42
52.42197,-1.568854,152.41,10.91,4,242.53,20 / 21,2281310,2019-09-06 19:58:07:053,2.1509,0.8184,10.514,-0.008,-0.0218,9.8066,0.0236,0.2274,-0.1021,-3.37,-31.37,32,326.63,-77.42,159.31
52.42197,-1.568854,152.41,10.91,4,242.53,21 / 22,2281410,2019-09-06 19:58:07:153,2.4705,0.2898,10.0277,0.0017,-0.0191,9.8066,0.0109,0.2149,0.014,-3.75,-31.12,32.19,324.91,-77.19,159.81
52.42197,-1.568854,152.41,10.91,4,242.53,21 / 22,2281509,2019-09-06 19:58:07:252,1.6229,0.2273,9.6777,0.0143,-0.0113,9.8066,-0.0438,0.2242,-0.0581,-3.62,-31.12,31.56,324.95,-76.99,159.97
52.42197,-1.568854,152.41,10.91,4,242.53,21 / 22,2281609,2019-09-06 19:58:07:352,1.7421,0.9645,9.8667,0.0033,-0.0041,9.8066,0.0559,0.1586,-0.0349,-4.56,-31.31,31.75,321.94,-76.87,159.33
52.42197,-1.568854,152.41,10.91,4,242.53,21 / 22,2281710,2019-09-06 19:58:07:453,1.5092,-0.126,10.4488,-0.0082,-0.016,9.8066,-0.0142,0.1678,0.0174,-5.19,-31.37,31.94,322.72,-76.77,160.04
52.42197,-1.568854,152.41,10.91,4,242.53,21 / 22,2281810,2019-09-06 19:58:07:553,1.4588,1.2042,10.1832,-0.012,-0.0119,9.8066,0.0499,0.1661,0.0234,-5.56,-31.06,32.5,322.63,-76.67,161.2
52.42197,-1.568854,152.41,10.91,4,242.53,21 / 22,2281910,2019-09-06 19:58:07:653,0.9077,-0.9438,9.7908,-0.0234,0.0033,9.8066,0.0766,0.1188,0.0323,-5.37,-31.25,32.5,325.86,-76.6,162.2
52.42197,-1.568854,152.41,10.91,4,242.53,21 / 22,2282010,2019-09-06 19:58:07:753,0.3236,-0.4158,9.6146,-0.0078,-0.0365,9.8065,-0.1356,0.1014,0.0228,-5.94,-31.19,32.69,325.13,-76.62,163.26
52.42197,-1.568854,152.41,10.91,4,242.53,21 / 22,2282110,2019-09-06 19:58:07:853,-0.7814,0.2765,9.626,-0.0126,-0.0295,9.8065,-0.0854,0.0523,0.0667,-5.56,-31.44,32.44,326.38,-76.67,164.75
52.42197,-1.568854,152.41,10.91,4,242.53,21 / 22,2282211,2019-09-06 19:58:07:954,-0.6242,0.0993,9.5498,-0.0111,0.0171,9.8066,0.0828,0.0349,-0.0268,-5.69,-31.12,31.75,327.19,-76.88,165.27
52.42197,-1.568854,152.41,10.91,4,242.53,21 / 22,2282310,2019-09-06 19:58:08:053,-0.6187,0.1456,10.2187,-0.0045,-0.019,9.8066,0.0994,0.0004,0.0457,-6.19,-31.5,32.13,327.93,-76.69,165.98
52.42197,-1.568854,152.41,10.91,4,242.53,21 / 22,2282409,2019-09-06 19:58:08:152,0.0141,-1.0584,10.1901,-0.0037,-0.0133,9.8066,-0.028,0.0182,0.0054,-6.31,-31,32,328.68,-76.45,166.72
52.42197,-1.568854,152.41,10.91,4,242.53,21 / 22,2282510,2019-09-06 19:58:08:253,-0.5257,-0.2792,9.8085,-0.0033,-0.0058,9.8066,0.0417,0.0308,0.0043,-6.62,-30.94,32.13,326.96,-76.36,167.09
52.42197,-1.568854,152.41,10.91,4,242.53,21 / 22,2282609,2019-09-06 19:58:08:352,-0.6948,-0.2435,9.4996,-0.0036,-0.0006,9.8065,-0.0912,0.0028,0.0171,-6.81,-31.31,32.63,327.92,-76.39,167.27
52.42197,-1.568854,152.41,10.91,4,242.53,21 / 22,2282710,2019-09-06 19:58:08:453,-0.7678,0.5613,9.9049,0.0067,0.0018,9.8066,-0.0392,0.0415,-0.0585,-6.37,-31,32.75,329.71,-76.51,166.99
52.42197,-1.568854,152.41,10.91,4,242.53,21 / 22,2282810,2019-09-06 19:58:08:553,-0.8448,1.5864,9.5786,0.0048,-0.0017,9.8066,0.1288,0.0267,0.0243,-6.69,-31.06,32.38,326.66,-76.43,166.81
52.42197,-1.568854,152.41,10.91,4,242.53,21 / 22,2282910,2019-09-06 19:58:08:653,-1.4607,1.766,9.3955,0.0075,-0.0082,9.8066,0.102,-0.0239,0.0146,-6.56,-31.19,32.94,327.3,-76.27,166.85
52.42197,-1.568854,152.41,10.91,4,242.53,21 / 22,2283009,2019-09-06 19:58:08:752,-0.5294,-1.7359,10.3365,0.0003,0.0474,9.8065,0.0226,0.0402,-0.1347,-6.25,-31.31,33.06,328.37,-76.29,166.06
52.42197,-1.568854,152.41,10.91,4,242.53,21 / 22,2283109,2019-09-06 19:58:08:852,-0.6208,-2.0751,10.3918,-0.0245,0.043,9.8064,0.2554,0.0421,0.0847,-6.12,-31.44,33.38,328.52,-76.32,166.16
52.42197,-1.568854,152.41,10.91,4,242.53,21 / 22,2283210,2019-09-06 19:58:08:953,-0.6766,-0.3442,10.0736,0.016,-0.0365,9.8065,-0.2317,0.0039,0.0466,-6.31,-31.5,32.56,328.21,-76.3,165.92
52.42197,-1.568854,152.41,10.91,4,242.53,21 / 22,2283309,2019-09-06 19:58:09:052,-0.8333,1.3923,9.2492,0.0041,-0.0297,9.8065,-0.192,-0.0415,-0.0114,-6.31,-30.94,32.5,328.41,-76.13,166.19
52.421135,-1.569459,153.65,13.57,4,172.91,20 / 21,2283410,2019-09-06 19:58:09:153,-0.9355,-1.1937,10.4436,-0.0118,-0.0376,9.8065,-0.1245,-0.0586,-0.1168,-6.5,-30.75,32.69,328.76,-76.2,166.42
52.421135,-1.569459,153.65,13.57,4,172.91,20 / 21,2283510,2019-09-06 19:58:09:253,-0.7969,-0.4453,10.5977,0.0021,0.0055,9.8066,0.1127,-0.1349,-0.13,-6.25,-31.06,32.81,329.64,-76.06,167.2
52.421135,-1.569459,153.65,13.57,4,172.91,20 / 21,2283609,2019-09-06 19:58:09:352,-0.3431,-0.6843,10.0361,-0.0004,0.0159,9.8066,0.0806,-0.0507,-0.1679,-7.19,-31.5,33.44,327.18,-76,166.92
52.421135,-1.569459,153.65,13.57,4,172.91,20 / 21,2283710,2019-09-06 19:58:09:453,-0.8839,-0.7802,9.7764,0.002,-0.0043,9.8066,-0.0097,0.0952,0.0563,-7,-32,33.44,327.29,-75.93,167.28
52.421135,-1.569459,153.65,13.57,4,172.91,20 / 21,2283809,2019-09-06 19:58:09:552,-0.8557,-1.4152,10.0175,0.006,-0.0019,9.8066,-0.0151,0.0097,0.0675,-6.25,-31.5,32.69,329.37,-75.88,167.09
52.421135,-1.569459,153.65,13.57,4,172.91,20 / 21,2283909,2019-09-06 19:58:09:652,-0.615,-0.2992,10.0213,0.0073,-0.0157,9.8066,0.026,-0.029,0.0041,-6.69,-31.94,33.38,326.46,-75.77,166.72
52.421135,-1.569459,153.65,13.57,4,172.91,20 / 21,2284009,2019-09-06 19:58:09:752,-0.4431,-0.3167,9.6483,-0.0001,0.0061,9.8066,0.0837,0.0394,-0.0643,-6.19,-30.75,33,328.73,-75.77,166.65
52.421135,-1.569459,153.65,13.57,4,172.91,20 / 21,2284109,2019-09-06 19:58:09:852,0.1478,-0.3717,9.4575,0.0042,-0.0034,9.8066,-0.0879,0.0311,-0.03,-6.56,-31,32.63,326.59,-75.67,166.66
52.421135,-1.569459,153.65,13.57,4,172.91,20 / 21,2284209,2019-09-06 19:58:09:952,-1.0564,-0.873,9.6801,0.0051,-0.0207,9.8066,-0.0406,-0.0184,0.057,-6.87,-31.44,33.56,327.12,-75.68,166.53
52.421135,-1.569459,153.65,13.57,4,172.91,20 / 21,2284309,2019-09-06 19:58:10:052,-0.513,0.1096,9.6583,-0.0042,0.0111,9.8066,-0.0506,0.0646,-0.0075,-6.69,-31.5,33.38,326.47,-75.72,166.53
52.421135,-1.569459,153.65,13.57,4,172.91,19 / 21,2284410,2019-09-06 19:58:10:153,-0.8895,-0.4458,9.4607,0.0061,-0.0154,9.8066,0.0195,-0.0553,-0.0612,-6.87,-30.94,33.44,326.41,-75.81,166.43
52.421135,-1.569459,153.65,13.57,4,172.91,19 / 21,2284509,2019-09-06 19:58:10:252,-0.8646,-1.2317,9.9316,-0.0032,0.0114,9.8066,0.0692,-0.0639,-0.0441,-6.37,-31.06,33.5,329.13,-75.76,166.48
52.421135,-1.569459,153.65,13.57,4,172.91,19 / 21,2284610,2019-09-06 19:58:10:353,-0.5309,-0.2821,9.8406,0.0087,0.0047,9.8066,-0.0062,0.0077,0.0322,-6.37,-31.25,32.94,328.22,-75.65,166.32
52.421135,-1.569459,153.65,13.57,4,172.91,19 / 21,2284710,2019-09-06 19:58:10:453,-0.1323,-0.0217,10.0992,-0.0095,0.0342,9.8065,0.1757,0.0087,0.0677,-6.94,-31.75,32.69,325.32,-75.52,165.99
52.421135,-1.569459,153.65,13.57,4,172.91,19 / 21,2284810,2019-09-06 19:58:10:553,-0.3741,-0.9213,11.3708,0.0035,-0.0086,9.8066,0.1222,0.0524,-0.0656,-6.44,-31.06,32.63,327.77,-75.51,166.05
52.421135,-1.569459,153.65,13.57,4,172.91,19 / 21,2284909,2019-09-06 19:58:10:652,-1.4644,-2.8503,9.3007,0.0181,-0.0327,9.8065,0.0439,0.0129,0.0475,-6.25,-31.12,34.06,328.11,-75.35,165.92
52.421135,-1.569459,153.65,13.57,4,172.91,19 / 21,2285009,2019-09-06 19:58:10:752,-1.3066,-0.3472,10.1486,-0.0065,-0.0349,9.8065,-0.2176,0.1064,-0.1484,-6.44,-30.87,32.88,327.46,-75.42,165.87
52.421135,-1.569459,153.65,13.57,4,172.91,19 / 21,2285109,2019-09-06 19:58:10:852,-2.3386,0.1731,8.9167,0.0246,-0.0089,9.8065,-0.0875,-0.128,0.1146,-6,-31.19,33.38,326.6,-75.5,165.15
52.421135,-1.569459,153.65,13.57,4,172.91,19 / 21,2285210,2019-09-06 19:58:10:953,-0.8349,-0.4881,9.4777,-0.0043,-0.0185,9.8065,0.1309,-0.002,0.069,-7.25,-31.94,32.38,324.1,-75.41,165.71
52.421135,-1.569459,153.65,13.57,4,172.91,19 / 21,2285310,2019-09-06 19:58:11:053,-1.4948,-0.1501,9.5423,-0.0236,0.0181,9.8065,0.0659,0.0458,0.022,-6.5,-31.75,33,327,-75.36,165.78
52.421135,-1.569459,153.65,13.57,4,172.91,18 / 20,2285409,2019-09-06 19:58:11:152,-0.3873,-1.3399,10.0706,-0.0319,0.0574,9.8064,-0.1731,-0.0307,-0.0633,-6.81,-31.75,32.81,325.61,-75.7,166.1
52.421135,-1.569459,153.65,13.57,4,172.91,18 / 20,2285510,2019-09-06 19:58:11:253,-1.3518,-2.5125,10.1623,0.0317,-0.0267,9.8065,0.0074,-0.0744,0.0868,-6.94,-31.5,33.38,325.39,-75.45,165.85
52.421135,-1.569459,153.65,13.57,4,172.91,18 / 20,2285609,2019-09-06 19:58:11:352,-2.0506,0.2019,10.0372,0.0299,-0.0614,9.8064,0.2315,0.0358,-0.1113,-7.12,-31.5,33.19,325.17,-75.27,165.79
52.421135,-1.569459,153.65,13.57,4,172.91,18 / 20,2285710,2019-09-06 19:58:11:453,0.4437,-1.8341,10.7122,-0.0198,0.0633,9.8064,0.2422,-0.0425,0.0041,-7.37,-30.81,33.5,325.44,-75.48,165.31
52.421135,-1.569459,153.65,13.57,4,172.91,18 / 20,2285809,2019-09-06 19:58:11:552,-0.5154,-1.331,11.0487,-0.0463,0.0687,9.8063,-0.2458,0.0071,0.0702,-7.75,-30.62,33.5,323.82,-75.42,165.61
52.421135,-1.569459,153.65,13.57,4,172.91,18 / 20,2285910,2019-09-06 19:58:11:653,1.6852,-0.8989,10.0828,0.0356,-0.1232,9.8058,-0.4008,-0.0788,-0.043,-7.31,-31.31,34.06,325.77,-75.6,165.49
52.421135,-1.569459,153.65,13.57,4,172.91,18 / 20,2286009,2019-09-06 19:58:11:752,-3.5908,1.7855,10.268,0.0348,-0.0556,9.8064,0.2141,-0.1195,0.1584,-6.44,-31.81,34.06,328.24,-75.05,166.42
52.421135,-1.569459,153.65,13.57,4,172.91,18 / 20,2286110,2019-09-06 19:58:11:853,-0.6052,1.739,10.4234,-0.0255,0.0192,9.8066,-0.1039,-0.0517,-0.1821,-6.5,-31.06,33.44,327.51,-75.35,165.95
52.421135,-1.569459,153.65,13.57,4,172.91,18 / 20,2286209,2019-09-06 19:58:11:952,1.3745,-1.1537,10.4187,-0.0007,0.028,9.8065,0.0027,-0.1333,0.227,-6.87,-31.06,33.5,326.02,-75.24,165.92
52.421135,-1.569459,153.65,13.57,4,172.91,18 / 20,2286310,2019-09-06 19:58:12:053,-1.3055,-0.3292,9.6753,-0.0005,-0.0137,9.8066,-0.0414,0.0024,-0.0488,-6.69,-31,32.94,324.96,-75,165.8
52.421135,-1.569459,153.65,13.57,4,172.91,18 / 22,2286410,2019-09-06 19:58:12:153,-0.4426,-0.5495,9.3445,0.0117,-0.0162,9.8065,0.0142,-0.0006,-0.0065,-6.56,-31,33.69,325.66,-74.94,165.82
52.421135,-1.569459,153.65,13.57,4,172.91,18 / 22,2286509,2019-09-06 19:58:12:252,-1.3882,1.3475,10.0182,-0.0258,0.0778,9.8063,0.1997,-0.06,0.0284,-6.44,-31.25,33.88,327.98,-74.91,166.07
52.421135,-1.569459,153.65,13.57,4,172.91,18 / 22,2286609,2019-09-06 19:58:12:352,-0.2451,-2.474,10.111,-0.0319,0.089,9.8062,-0.2102,-0.0039,-0.0343,-6.44,-31.25,33.63,327.77,-75.45,165.58
52.421135,-1.569459,153.65,13.57,4,172.91,18 / 22,2286709,2019-09-06 19:58:12:452,-0.6826,-0.275,9.7826,0.0375,-0.071,9.8063,-0.0496,0.0266,0.0078,-6.75,-30.81,33.31,325.12,-74.96,165.95
52.421135,-1.569459,153.65,13.57,4,172.91,18 / 22,2286810,2019-09-06 19:58:12:553,-0.4286,-1.188,9.5945,0.0218,-0.0625,9.8064,0.0474,0.0473,-0.0506,-6.12,-31.06,33.56,327.67,-74.86,165.86
52.421135,-1.569459,153.65,13.57,4,172.91,18 / 22,2286909,2019-09-06 19:58:12:652,-0.6725,-0.69,9.5424,-0.0145,0.0493,9.8065,-0.0091,-0.0177,0.0756,-6.06,-31.06,33.75,327.91,-75.07,165.93
52.421135,-1.569459,153.65,13.57,4,172.91,18 / 22,2287009,2019-09-06 19:58:12:752,-1.0149,-0.6706,9.9939,-0.0115,0.0011,9.8066,0.0859,0.0179,0.0033,-6.75,-31.19,33.56,326.28,-75.08,166.23
52.421135,-1.569459,153.65,13.57,4,172.91,18 / 22,2287110,2019-09-06 19:58:12:853,-0.6336,0.1557,10.3227,-0.011,0.017,9.8066,0.2038,0.0671,-0.0287,-6.5,-31,33.5,328.57,-75.13,166.4
52.421135,-1.569459,153.65,13.57,4,172.91,18 / 22,2287209,2019-09-06 19:58:12:952,-1.0427,0.9264,8.8935,-0.0108,0.013,9.8066,-0.2803,0.0364,-0.0712,-6.56,-31.5,33.63,327.02,-75.24,166.71
52.421135,-1.569459,153.65,13.57,4,172.91,18 / 22,2287309,2019-09-06 19:58:13:052,-0.8208,0.0103,9.2442,0.014,-0.0152,9.8066,-0.1515,0.0178,0.0327,-6.31,-31.5,33.75,328.87,-75.15,166.63
52.421135,-1.569459,153.65,13.57,4,172.91,18 / 22,2287409,2019-09-06 19:58:13:152,-0.3951,-0.754,9.5527,0.0065,-0.0037,9.8066,0.0121,0.0294,0.0317,-6.69,-31.06,33.06,325.81,-75.18,166.35
52.421135,-1.569459,153.65,13.57,4,172.91,18 / 22,2287510,2019-09-06 19:58:13:253,-0.4798,-1.5108,9.7565,0.0025,-0.0002,9.8066,0.0005,-0.0194,-0.0028,-6.19,-31.5,33.44,328.02,-75.23,166.42
52.421135,-1.569459,153.65,13.57,4,172.91,18 / 22,2287610,2019-09-06 19:58:13:353,-1.1567,-0.0525,10.2931,0.0011,-0.023,9.8065,0.1007,0.0077,-0.0427,-6.37,-31.44,33.69,328.84,-75.14,166.61
52.421135,-1.569459,153.65,13.57,4,172.91,18 / 22,2287710,2019-09-06 19:58:13:453,-0.4178,-1.3707,10.3674,0.0164,-0.0201,9.8065,0.0281,0.111,0.0294,-6.31,-30.94,33.63,328.35,-75.02,166.3
52.421135,-1.569459,153.65,13.57,4,172.91,18 / 22,2287810,2019-09-06 19:58:13:553,-1.6194,-0.9835,9.623,0.0025,0.0074,9.8066,-0.0743,-0.035,-0.0536,-6.31,-31,33.38,327.01,-75.1,165.72
52.421135,-1.569459,153.65,13.57,4,172.91,18 / 22,2287910,2019-09-06 19:58:13:653,-0.0371,0.3498,9.4328,-0.0048,-0.0068,9.8066,-0.0692,-0.0084,-0.1653,-5.94,-30.94,33.56,328.51,-75.09,166.38
52.421135,-1.569459,153.65,13.57,4,172.91,18 / 22,2288010,2019-09-06 19:58:13:753,-0.3371,-0.8913,9.6459,0.0127,-0.0158,9.8066,-0.0458,0.0442,0.0351,-6.12,-31.06,33.75,328.41,-75.15,166.26
52.421135,-1.569459,153.65,13.57,4,172.91,18 / 22,2288110,2019-09-06 19:58:13:853,-0.7984,-0.7322,9.7415,-0.0034,0.0009,9.8066,0.0432,0.0996,0.1091,-6.19,-31.37,33.94,328.35,-75.19,166.2
52.421135,-1.569459,153.65,13.57,4,172.91,18 / 22,2288209,2019-09-06 19:58:13:952,-0.8832,-0.5673,9.9047,-0.0134,0.0004,9.8066,-0.0371,0.033,-0.1404,-5.56,-31.12,33.25,328.3,-75.23,166.64
52.421135,-1.569459,153.65,13.57,4,172.91,18 / 22,2288309,2019-09-06 19:58:14:052,-1.4377,0.398,10.2106,0.0072,0.0036,9.8066,0.0138,-0.014,-0.0672,-6.12,-30.81,32.94,328.83,-75.29,167.01
52.421135,-1.569459,153.65,13.57,4,172.91,17 / 22,2288410,2019-09-06 19:58:14:153,-1.4635,-0.3862,10.9174,0.0082,0.0067,9.8066,-0.0763,0.0686,0.0049,-6,-30.94,33.19,327.83,-75.23,166.27
52.421135,-1.569459,153.65,13.57,4,172.91,17 / 22,2288509,2019-09-06 19:58:14:252,-0.9332,-0.0929,10.0841,0.0163,-0.0218,9.8065,-0.0913,0.013,0.0066,-5.5,-31.06,33.13,329.5,-75.01,166.04
52.421135,-1.569459,153.65,13.57,4,172.91,17 / 22,2288610,2019-09-06 19:58:14:353,-0.8497,-0.9199,9.8153,0.0025,0.0014,9.8066,-0.0148,0.0562,-0.0278,-5.81,-31.25,33.19,327.09,-75.06,165.8
52.421135,-1.569459,153.65,13.57,4,172.91,17 / 22,2288709,2019-09-06 19:58:14:452,-0.796,-0.1909,10.0933,-0.0028,0.0058,9.8066,0.0635,-0.0148,0.0643,-6.12,-31.37,33.25,327.13,-75.25,165.71
52.421135,-1.569459,153.65,13.57,4,172.91,17 / 22,2288809,2019-09-06 19:58:14:552,-1.4681,-0.2827,9.3648,-0.0093,-0.0181,9.8066,-0.058,0.0204,-0.0284,-6.25,-31.56,33.06,327.49,-75.25,166.23
52.421135,-1.569459,153.65,13.57,4,172.91,17 / 22,2288910,2019-09-06 19:58:14:653,0.6195,1.0552,10.0978,-0.0055,-0.0084,9.8066,-0.0069,0.0434,-0.0821,-6.25,-31.19,33.5,328.92,-75.23,166.62
52.421135,-1.569459,153.65,13.57,4,172.91,17 / 22,2289009,2019-09-06 19:58:14:752,-2.4026,0.2625,9.9158,-0.0032,0.0031,9.8065,-0.0396,0.122,-0.0109,-6.12,-30.94,33.31,328.68,-75.15,166.98
52.421135,-1.569459,153.65,13.57,4,172.91,17 / 22,2289109,2019-09-06 19:58:14:852,-1.3171,-1.0035,9.9628,0.0129,-0.0464,9.8064,-0.098,-0.0074,0.0334,-6.5,-31.12,33.19,328.97,-74.89,167.35
52.421135,-1.569459,153.65,13.57,4,172.91,17 / 22,2289210,2019-09-06 19:58:14:953,-1.5108,0.5888,9.3984,0.0149,-0.047,9.8064,0.0453,0.0479,-0.0255,-6.19,-31.44,33.5,329.79,-75.01,167.42
52.421135,-1.569459,153.65,13.57,4,172.91,17 / 22,2289310,2019-09-06 19:58:15:053,-1.315,2.0695,9.8693,-0.0264,0.0596,9.8064,0.1902,0.0107,0.0721,-6.62,-31.56,33,326.77,-75.16,167.36
52.421135,-1.569459,153.65,13.57,4,172.91,18 / 21,2289411,2019-09-06 19:58:15:154,-1.775,1.2298,10.2522,-0.0004,0.0067,9.8066,0.1094,0.0834,0.0409,-6.5,-31.87,33.25,329.36,-75.39,167.59
52.421135,-1.569459,153.65,13.57,4,172.91,18 / 21,2289510,2019-09-06 19:58:15:253,-1.2635,0.0314,10.214,-0.0055,-0.0196,9.8066,-0.1214,-0.0417,0.003,-6.75,-31.19,33.38,328.06,-75.32,168.02
52.421135,-1.569459,153.65,13.57,4,172.91,18 / 21,2289610,2019-09-06 19:58:15:353,-1.3812,-0.6473,9.8554,0.0102,-0.0087,9.8066,-0.1777,0.0719,-0.1567,-6.62,-31.12,32.69,328.6,-75.45,168.37
52.421135,-1.569459,153.65,13.57,4,172.91,18 / 21,2289709,2019-09-06 19:58:15:452,-2.049,0.4298,10.0371,0.0208,-0.0109,9.8065,0.1662,0.1169,-0.0786,-6.44,-30.87,33.06,329.3,-75.37,167.33
52.421135,-1.569459,153.65,13.57,4,172.91,18 / 21,2289810,2019-09-06 19:58:15:553,0.7458,-0.5045,9.62,0.0033,0.0029,9.8066,0.0965,0.0155,0.011,-5.87,-31.87,33.69,328.71,-75.34,166.62
52.421135,-1.569459,153.65,13.57,4,172.91,18 / 21,2289910,2019-09-06 19:58:15:653,-1.0871,2.1978,9.8273,0.0024,-0.0466,9.8065,0.2392,0.0154,0.0976,-6.31,-31.56,32.69,328.92,-75.13,167.4
52.421135,-1.569459,153.65,13.57,4,172.91,18 / 21,2290010,2019-09-06 19:58:15:753,-1.2647,0.2102,10.3976,-0.0119,0.005,9.8066,-0.0316,0.0811,0.0565,-6.12,-31,33.94,330.94,-75.24,168.19
52.421135,-1.569459,153.65,13.57,4,172.91,18 / 21,2290110,2019-09-06 19:58:15:853,-0.7857,0.8144,9.3344,-0.0032,0.0119,9.8066,0.041,0.0456,-0.009,-6.44,-31.12,33.25,330.44,-75.31,168.25
52.421135,-1.569459,153.65,13.57,4,172.91,18 / 21,2290210,2019-09-06 19:58:15:953,-1.183,0.4746,9.4514,0.0022,-0.0053,9.8066,0.0423,-0.0851,0.0562,-6.87,-31,33.75,329.38,-75.33,168.51
52.421135,-1.569459,153.65,13.57,4,172.91,18 / 21,2290309,2019-09-06 19:58:16:052,-0.2352,0.4338,9.6138,-0.0052,-0.0142,9.8066,0.1206,0.0414,-0.0438,-6.25,-31.06,33.44,331.36,-75.37,168.93
52.421135,-1.569459,153.65,13.57,4,172.91,20 / 22,2290410,2019-09-06 19:58:16:153,-0.8128,0.7596,9.7214,-0.0023,-0.0083,9.8066,-0.0257,0.0008,-0.0444,-6.31,-30.62,33.63,332.48,-75.26,169.36
52.421135,-1.569459,153.65,13.57,4,172.91,20 / 22,2290509,2019-09-06 19:58:16:252,-0.9309,0.043,9.3413,0.004,0.0026,9.8066,0.0555,-0.0231,-0.0121,-6.62,-30.69,33,329.54,-75.15,169.28
52.421135,-1.569459,153.65,13.57,4,172.91,20 / 22,2290610,2019-09-06 19:58:16:353,0.1403,0.0517,8.9072,-0.0096,0.0114,9.8066,-0.0078,-0.0177,0.033,-6.5,-30.37,32.75,332.26,-75.17,169.51
52.421135,-1.569459,153.65,13.57,4,172.91,20 / 22,2290709,2019-09-06 19:58:16:452,-0.3629,1.6395,9.488,-0.0086,0.0056,9.8066,-0.0104,0.0272,0.0383,-7.19,-31.25,33.06,330.61,-75.42,169.95
52.421135,-1.569459,153.65,13.57,4,172.91,20 / 22,2290810,2019-09-06 19:58:16:553,-1.3722,-0.2279,9.8176,-0.0029,0.0003,9.8065,0.1513,-0.0019,0.0375,-6.87,-31.44,33.31,331.12,-75.45,170.33
52.421135,-1.569459,153.65,13.57,4,172.91,20 / 22,2290910,2019-09-06 19:58:16:653,-1.1037,0.3935,9.8119,0.0001,-0.0021,9.8066,-0.0136,-0.0063,-0.0249,-6.81,-31.19,33.63,331.84,-75.38,170.4
52.421135,-1.569459,153.65,13.57,4,172.91,20 / 22,2291010,2019-09-06 19:58:16:753,-0.6706,1.435,10.0145,0.012,-0.041,9.8065,-0.1138,0.0155,-0.0324,-7,-31.12,33.38,331.24,-75.17,170.57
52.421135,-1.569459,153.65,13.57,4,172.91,20 / 22,2291109,2019-09-06 19:58:16:852,-2.1682,0.6961,10.2055,0.0056,-0.036,9.8065,0.1313,0.0452,-0.018,-6.25,-31,32.88,333.5,-75.19,170.66
52.421135,-1.569459,153.65,13.57,4,172.91,20 / 22,2291210,2019-09-06 19:58:16:953,-1.708,0.5536,9.4795,-0.0212,0.0202,9.8065,0.0542,-0.0446,0.0112,-6.44,-31.19,32.94,334.28,-75.26,171.22
52.421135,-1.569459,153.65,13.57,4,172.91,20 / 22,2291310,2019-09-06 19:58:17:053,-1.4353,-0.8764,9.1751,-0.0252,0.0618,9.8063,-0.2572,-0.0265,-0.0042,-6.75,-31.19,33.19,332.92,-75.7,171.59
52.421135,-1.569459,153.65,13.57,4,172.91,20 / 22,2291410,2019-09-06 19:58:17:153,-2.1214,-0.0772,9.939,0.0321,-0.0715,9.8062,-0.135,-0.0491,0.0122,-6.69,-31.75,33.19,331.9,-75.48,171.12
52.421135,-1.569459,153.65,13.57,4,172.91,20 / 22,2291509,2019-09-06 19:58:17:252,-0.1599,1.6683,9.8237,0.0402,-0.0788,9.8062,0.2769,-0.0951,0.0469,-6.69,-31.19,33.06,331.62,-75.34,170.77
52.421135,-1.569459,153.65,13.57,4,172.91,20 / 22,2291610,2019-09-06 19:58:17:353,-2.4891,-0.1197,9.8321,-0.0245,0.0475,9.8065,0.1404,0.0891,-0.0375,-5.94,-30.94,32.81,333.47,-75.24,170.62
52.421135,-1.569459,153.65,13.57,4,172.91,20 / 22,2291709,2019-09-06 19:58:17:452,-1.5039,-0.42,9.6551,-0.0179,0.0205,9.8066,-0.1842,0.0182,-0.0165,-6.25,-31.37,33.63,334.51,-75.46,170.83
52.421135,-1.569459,153.65,13.57,4,172.91,20 / 22,2291809,2019-09-06 19:58:17:552,-1.7781,0.6377,10.1816,0.0135,-0.0536,9.8064,-0.1323,-0.0552,0.034,-6.56,-31.44,33.31,331.89,-75.37,170.97
52.421135,-1.569459,153.65,13.57,4,172.91,20 / 22,2291909,2019-09-06 19:58:17:652,-0.4271,0.7245,10.0682,0.0096,-0.0489,9.8065,0.0696,-0.0545,0.0255,-6.44,-31.69,32.94,334.17,-75.43,171.24
52.421135,-1.569459,153.65,13.57,4,172.91,20 / 22,2292010,2019-09-06 19:58:17:753,-0.0174,0.5789,9.5643,-0.0226,0.0287,9.8066,0.0968,0.0532,-0.0204,-6.31,-31.06,33.56,335.65,-75.55,171.67
52.421135,-1.569459,153.65,13.57,4,172.91,20 / 22,2292110,2019-09-06 19:58:17:853,-0.6411,-0.7525,9.5561,-0.0112,0.008,9.8066,-0.0619,0.0003,0.0361,-6.69,-31.06,33.38,333.27,-75.39,172.01
52.421135,-1.569459,153.65,13.57,4,172.91,20 / 22,2292210,2019-09-06 19:58:17:953,-0.4337,-0.6145,9.7528,0.0069,-0.0335,9.8066,-0.1453,0.0396,-0.0123,-6.37,-31,33.25,335.44,-75.53,171.98
52.421135,-1.569459,153.65,13.57,4,172.91,20 / 22,2292310,2019-09-06 19:58:18:053,-1.1712,-0.1271,9.0931,0.0083,-0.0278,9.8065,0.0167,-0.0406,-0.046,-6.31,-31.44,33.06,335.52,-75.47,172.07
52.41979,-1.569216,157.39,18.33,4,173.94,20 / 21,2292410,2019-09-06 19:58:18:153,-1.2649,1.4184,10.2416,-0.0055,0.0373,9.8065,0.1215,0.0317,-0.0039,-6.56,-31.81,33.38,333.21,-75.55,172.08
52.41979,-1.569216,157.39,18.33,4,173.94,20 / 21,2292510,2019-09-06 19:58:18:253,-0.1627,0.8381,11.0847,-0.0092,0.0359,9.8066,0.2072,0.0256,-0.0628,-6.37,-31.06,33.06,335.48,-75.69,171.93
52.41979,-1.569216,157.39,18.33,4,173.94,20 / 21,2292609,2019-09-06 19:58:18:352,-0.3062,-0.2976,10.0104,-0.0117,0.0424,9.8065,-0.1,0.0775,0.0421,-5.81,-30.62,33.31,335.4,-75.56,171.93
52.41979,-1.569216,157.39,18.33,4,173.94,20 / 21,2292710,2019-09-06 19:58:18:453,-1.0875,-0.4413,9.102,-0.002,-0.0159,9.8066,-0.0997,-0.0172,-0.0061,-5.75,-30.62,33.31,335.43,-75.51,171.97
52.41979,-1.569216,157.39,18.33,4,173.94,20 / 21,2292810,2019-09-06 19:58:18:553,-0.6297,1.4617,8.6766,0.0138,-0.03,9.8065,0.0475,-0.0645,-0.0922,-5,-30.62,33.56,338.29,-75.55,172.08
52.41979,-1.569216,157.39,18.33,4,173.94,20 / 21,2292910,2019-09-06 19:58:18:653,0.0238,0.1398,9.0657,-0.0055,0.0744,9.8063,0.1796,0.059,0.0667,-5.37,-30.87,32.69,337.15,-75.52,171.62
52.41979,-1.569216,157.39,18.33,4,173.94,20 / 21,2293010,2019-09-06 19:58:18:753,0.5058,1.3758,10.8034,-0.0195,0.0461,9.8064,0.0619,0.1548,-0.1231,-5.56,-30.75,33.25,334.5,-75.84,171.1
52.41979,-1.569216,157.39,18.33,4,173.94,20 / 21,2293110,2019-09-06 19:58:18:853,-0.9343,-0.3986,10.3337,0.0245,-0.0355,9.8064,0.144,-0.1453,0.0759,-6.19,-31.31,32.94,334.84,-75.42,171.57
52.41979,-1.569216,157.39,18.33,4,173.94,20 / 21,2293209,2019-09-06 19:58:18:952,0.1165,0.0978,9.8384,-0.0031,-0.0173,9.8066,-0.1201,-0.006,0.0632,-6.25,-30.81,33.5,336.1,-75.43,172.07
52.41979,-1.569216,157.39,18.33,4,173.94,20 / 21,2293309,2019-09-06 19:58:19:052,-0.4162,0.0913,9.8017,-0.0143,-0.0199,9.8066,-0.1311,0.0586,0.0565,-6.62,-30.81,33.06,334,-75.51,172.52
52.41979,-1.569216,157.39,18.33,4,173.94,21 / 22,2293410,2019-09-06 19:58:19:153,-0.5114,0.9749,9.509,-0.0023,-0.0062,9.8066,0.0271,0.0599,-0.0574,-6.37,-31.5,33.19,337.39,-75.63,173.42
52.41979,-1.569216,157.39,18.33,4,173.94,21 / 22,2293509,2019-09-06 19:58:19:252,-1.1948,-1.0803,9.0757,-0.0063,0.0419,9.8065,0.1474,-0.082,0.0294,-6.69,-31.19,33.06,335.66,-75.9,173.61
52.41979,-1.569216,157.39,18.33,4,173.94,21 / 22,2293610,2019-09-06 19:58:19:353,0.4387,0.7394,9.2534,-0.0051,-0.0027,9.8065,0.0168,-0.0526,-0.0238,-7,-31.5,32.94,335.85,-75.84,173.78
52.41979,-1.569216,157.39,18.33,4,173.94,21 / 22,2293710,2019-09-06 19:58:19:453,-0.8019,0.5502,10.3492,0.0048,-0.0061,9.8066,-0.0219,0.0074,-0.0265,-6.56,-31.19,33.44,334.86,-75.78,173.05
52.41979,-1.569216,157.39,18.33,4,173.94,21 / 22,2293810,2019-09-06 19:58:19:553,-0.1714,1.1325,9.7846,0.0018,0.0128,9.8065,-0.0942,0.0004,0.0396,-6.5,-31.56,33.31,336.3,-75.83,172.67
52.41979,-1.569216,157.39,18.33,4,173.94,21 / 22,2293909,2019-09-06 19:58:19:652,-1.2806,0.5882,10.3354,-0.0059,-0.017,9.8066,-0.0756,-0.0244,0.0103,-6.69,-31.25,33.06,334.46,-75.93,172.67
52.41979,-1.569216,157.39,18.33,4,173.94,21 / 22,2294010,2019-09-06 19:58:19:753,-1.0776,-0.175,9.9556,-0.0062,0.0148,9.8065,0.1422,-0.0124,0.0311,-6.56,-30.87,33.44,335.01,-75.86,173.13
52.41979,-1.569216,157.39,18.33,4,173.94,21 / 22,2294109,2019-09-06 19:58:19:852,0.0385,0.7531,10.0112,-0.012,0.0003,9.8066,0.0876,0.0405,-0.0552,-6.56,-30.87,32.88,335.49,-75.93,173.47
52.41979,-1.569216,157.39,18.33,4,173.94,21 / 22,2294209,2019-09-06 19:58:19:952,-1.0106,-0.3693,10.08,-0.0011,-0.0088,9.8066,-0.069,0.0074,-0.0282,-6.75,-31.44,33.25,335.68,-75.85,173.65
52.41979,-1.569216,157.39,18.33,4,173.94,21 / 22,2294309,2019-09-06 19:58:20:052,-0.1744,-2.0265,9.293,0.0003,-0.0051,9.8066,-0.0948,0.0516,0.016,-6.69,-31.25,33.06,335.93,-75.85,173.84
52.41979,-1.569216,157.39,18.33,4,173.94,20 / 21,2294409,2019-09-06 19:58:20:152,-0.8672,-0.1204,10.1871,0.004,-0.0218,9.8065,0.1142,0.077,0.0106,-6.44,-31.19,33.56,338.65,-75.86,173.85
52.41979,-1.569216,157.39,18.33,4,173.94,20 / 21,2294510,2019-09-06 19:58:20:253,0.466,-0.4257,9.4906,-0.0014,0.0211,9.8066,0.1741,0.0213,-0.0299,-6.44,-31,33.25,337.68,-76.01,173.47
52.41979,-1.569216,157.39,18.33,4,173.94,20 / 21,2294609,2019-09-06 19:58:20:352,-0.1618,-0.5261,9.1485,-0.0056,0.0188,9.8066,-0.0728,-0.0343,-0.012,-6.37,-31,33.63,338.35,-76.01,173.56
52.41979,-1.569216,157.39,18.33,4,173.94,20 / 21,2294710,2019-09-06 19:58:20:453,-1.1738,1.0412,9.9158,0.0077,-0.0253,9.8066,-0.2006,-0.0596,-0.0013,-6.69,-31.31,33.06,335.77,-75.97,173.66
52.41979,-1.569216,157.39,18.33,4,173.94,20 / 21,2294809,2019-09-06 19:58:20:552,-0.3412,1.5351,9.1994,0.0075,-0.0213,9.8066,0.2039,0.0059,0.0653,-6.44,-31.25,33.38,337.87,-76.03,173.61
52.41979,-1.569216,157.39,18.33,4,173.94,20 / 21,2294909,2019-09-06 19:58:20:652,-0.8336,1.3987,9.5702,-0.0304,0.0533,9.8064,0.1729,-0.0087,0.0429,-6.31,-31.94,33.13,337.9,-76.06,173.78
52.41979,-1.569216,157.39,18.33,4,173.94,20 / 21,2295010,2019-09-06 19:58:20:753,-0.8374,-0.0572,10.2966,-0.0123,0.0227,9.8066,-0.0049,-0.0805,0.0238,-5.44,-31.62,33.88,341.66,-76.29,174.51
52.41979,-1.569216,157.39,18.33,4,173.94,20 / 21,2295109,2019-09-06 19:58:20:852,-0.488,-0.5257,9.4646,0.011,-0.0034,9.8066,0.0267,0.0841,-0.0088,-6.31,-31.25,32.75,338.66,-76.18,174.15
52.41979,-1.569216,157.39,18.33,4,173.94,20 / 21,2295209,2019-09-06 19:58:20:952,-0.4381,-0.0856,9.4205,-0.0058,0.007,9.8066,-0.052,0.03,-0.0282,-6.19,-31.25,33.13,338.4,-76.34,173.89
52.41979,-1.569216,157.39,18.33,4,173.94,20 / 21,2295310,2019-09-06 19:58:21:053,-1.5548,0.0261,10.5592,-0.0062,0.0072,9.8066,0.0931,-0.0428,0.0459,-6.37,-31.75,32.94,338.9,-76.47,174.37
52.41979,-1.569216,157.39,18.33,4,173.94,20 / 21,2295409,2019-09-06 19:58:21:152,-0.4729,-0.0735,9.9476,0.003,0.0155,9.8065,-0.0526,0.0113,0.0399,-6.44,-31.69,32.81,338.73,-76.44,174.25
52.41979,-1.569216,157.39,18.33,4,173.94,20 / 21,2295509,2019-09-06 19:58:21:252,-0.345,-0.6056,9.8675,0.0016,-0.0243,9.8065,-0.0863,-0.0221,-0.0142,-6.62,-31.31,33.19,336.94,-76.34,174.4
52.41979,-1.569216,157.39,18.33,4,173.94,20 / 21,2295609,2019-09-06 19:58:21:352,-0.6818,0.297,8.9697,0.0117,-0.0488,9.8064,-0.0136,0.0422,-0.067,-6.5,-31.56,32.94,339.25,-76.2,174.75
52.41979,-1.569216,157.39,18.33,4,173.94,20 / 21,2295710,2019-09-06 19:58:21:453,-0.0293,-0.3996,9.6587,-0.0176,0.0194,9.8066,0.0607,0.0385,0.1041,-6.44,-31.69,32.63,339.5,-76.53,174.8
52.41979,-1.569216,157.39,18.33,4,173.94,20 / 21,2295810,2019-09-06 19:58:21:553,-0.1459,-0.3768,9.8692,-0.0364,0.0081,9.8066,0.0583,0.059,0.0715,-7,-32,32.56,339.2,-76.6,176.19
52.41979,-1.569216,157.39,18.33,4,173.94,20 / 21,2295910,2019-09-06 19:58:21:653,0.3819,-0.42,10.2741,-0.0219,-0.0259,9.8065,0.0227,0.0728,-0.0157,-7.31,-31.25,32.75,341.94,-76.52,178.2
52.41979,-1.569216,157.39,18.33,4,173.94,20 / 21,2296010,2019-09-06 19:58:21:753,-0.2659,-0.511,9.5415,-0.0021,0.0205,9.8066,0.0654,0.0152,-0.0021,-7.5,-31.5,33.31,342.03,-76.36,178.32
52.41979,-1.569216,157.39,18.33,4,173.94,20 / 21,2296110,2019-09-06 19:58:21:853,-0.9045,-0.7858,9.0428,-0.0095,0.0259,9.8066,-0.0558,0.0882,-0.0113,-6.81,-31.31,32.88,341.9,-76.34,178.23
52.41979,-1.569216,157.39,18.33,4,173.94,20 / 21,2296210,2019-09-06 19:58:21:953,-0.1988,-0.0016,10.1256,-0.0041,-0.013,9.8066,0.0634,0.0423,-0.0117,-6.94,-31.81,33,342.12,-76.65,178.42
52.41979,-1.569216,157.39,18.33,4,173.94,20 / 21,2296310,2019-09-06 19:58:22:053,-0.7544,-1.1787,9.7402,-0.0032,0.0125,9.8066,0.1823,-0.0564,0.0574,-7,-30.94,32.75,342.67,-76.92,178.63
52.41979,-1.569216,157.39,18.33,4,173.94,20 / 21,2296409,2019-09-06 19:58:22:152,1.0551,-0.154,9.1758,-0.0085,-0.0018,9.8066,0.0567,-0.1743,0.0819,-7.12,-31.87,32.38,342.55,-76.81,179.17
52.41979,-1.569216,157.39,18.33,4,173.94,20 / 21,2296510,2019-09-06 19:58:22:253,-0.0326,-0.0938,10.2013,-0.0056,0.0052,9.8065,0,0.0287,-0.0728,-7.62,-31.44,32.81,341.56,-76.88,179.4
52.41979,-1.569216,157.39,18.33,4,173.94,20 / 21,2296609,2019-09-06 19:58:22:352,0.3593,0.5765,9.7885,0.0227,0.0104,9.8065,-0.1729,0.027,0.079,-6.81,-31.94,33,342.47,-76.93,178.59
52.41979,-1.569216,157.39,18.33,4,173.94,20 / 21,2296709,2019-09-06 19:58:22:452,-0.9246,0.5349,9.9806,0.0129,-0.0282,9.8066,-0.1903,0.0935,-0.1023,-6.87,-31.62,32.81,342.02,-76.64,178.34
52.41979,-1.569216,157.39,18.33,4,173.94,20 / 21,2296810,2019-09-06 19:58:22:553,-0.0303,0.1979,9.0694,0.0222,-0.0178,9.8066,0.0202,-0.0137,-0.0716,-6.69,-31.87,32.69,340.82,-76.72,177.39
52.41979,-1.569216,157.39,18.33,4,173.94,20 / 21,2296910,2019-09-06 19:58:22:653,-0.0278,-0.2527,9.724,0.0089,0.0496,9.8064,0.0913,0.0298,-0.0648,-6.31,-31.62,32.75,340.8,-77.18,175.55
52.41979,-1.569216,157.39,18.33,4,173.94,20 / 21,2297009,2019-09-06 19:58:22:752,0.4061,0.461,9.4594,0.0074,0.0117,9.8066,0.1336,-0.0093,-0.0786,-6.12,-31.62,32.88,339.42,-77,174.55
52.41979,-1.569216,157.39,18.33,4,173.94,20 / 21,2297109,2019-09-06 19:58:22:852,0.8404,0.5154,10.432,-0.0044,-0.0014,9.8065,0.0587,0.0654,0.0043,-5.69,-30.94,33.31,339.97,-76.68,174.97
52.41979,-1.569216,157.39,18.33,4,173.94,20 / 21,2297210,2019-09-06 19:58:22:953,-0.6424,-0.0463,9.6444,-0.0177,0.0065,9.8066,-0.119,0.0733,0.008,-5.12,-31.12,33.13,343.1,-76.68,175.72
52.41979,-1.569216,157.39,18.33,4,173.94,20 / 21,2297310,2019-09-06 19:58:23:053,0.0853,0.6647,8.8425,-0.0011,-0.0022,9.8066,-0.2123,0.0239,0.0442,-5.75,-31.44,32.19,340.99,-76.87,176.12
52.41979,-1.569216,157.39,18.33,4,173.94,21 / 22,2297409,2019-09-06 19:58:23:152,0.7172,1.2215,9.1392,0.0127,-0.008,9.8066,0.0245,0.0013,0.0169,-6,-31.44,31.75,340.83,-77.04,175.94
52.41979,-1.569216,157.39,18.33,4,173.94,21 / 22,2297509,2019-09-06 19:58:23:252,-0.2422,-0.6082,10.3439,0.01,0.007,9.8066,0.1273,0.0707,-0.0266,-6.5,-31,32.38,340.43,-77.17,175.58
52.41979,-1.569216,157.39,18.33,4,173.94,21 / 22,2297610,2019-09-06 19:58:23:353,-0.0251,-0.6601,9.7062,-0.0086,0.0015,9.8066,0.001,0.082,0.0181,-6.37,-31.75,32.31,339.38,-77.04,174.95
52.41979,-1.569216,157.39,18.33,4,173.94,21 / 22,2297710,2019-09-06 19:58:23:453,1.1013,0.7414,10.0042,-0.0151,0.0168,9.8065,0.0287,0.1254,0.0176,-6.25,-31.62,32.63,340.24,-76.74,175.29
52.41979,-1.569216,157.39,18.33,4,173.94,21 / 22,2297809,2019-09-06 19:58:23:552,-1.3576,-0.6637,8.9875,-0.0003,-0.0245,9.8066,0.0305,0.1737,-0.0225,-6.81,-31.31,32.5,338.99,-76.61,175.88
52.41979,-1.569216,157.39,18.33,4,173.94,21 / 22,2297909,2019-09-06 19:58:23:652,1.3863,1.4228,8.8957,-0.0377,0.0824,9.8062,-0.0572,0.0471,0.0298,-6.94,-32.44,33.06,339.89,-77.2,176.49
52.41979,-1.569216,157.39,18.33,4,173.94,21 / 22,2298010,2019-09-06 19:58:23:753,0.0081,-0.7228,9.2752,0.0014,0.0051,9.8066,0.2926,0.0585,0.0516,-6.94,-32.87,32.94,340.11,-77.03,176.85
52.41979,-1.569216,157.39,18.33,4,173.94,21 / 22,2298109,2019-09-06 19:58:23:852,1.6399,-1.4038,9.2632,-0.0171,0.0321,9.8065,0.2003,0.0481,0.0231,-7,-31.94,32.19,339.05,-77.3,176.28
52.41979,-1.569216,157.39,18.33,4,173.94,21 / 22,2298209,2019-09-06 19:58:23:952,1.3518,-0.4786,9.9743,-0.0076,0.0374,9.8065,-0.1085,-0.0486,0.086,-7.12,-32,32.81,340.02,-77.28,176.56
52.41979,-1.569216,157.39,18.33,4,173.94,21 / 22,2298309,2019-09-06 19:58:24:052,1.0586,-1.0369,10.7825,0.0337,-0.0837,9.8062,-0.1999,-0.0409,0.0203,-7.56,-31.87,32.69,338.22,-77.17,176.81
52.41979,-1.569216,157.39,18.33,4,173.94,19 / 21,2298410,2019-09-06 19:58:24:153,-0.1518,-0.9458,11.1787,-0.0087,0.026,9.8066,-0.1525,0.0038,0.0407,-7.37,-31.5,32.56,340.82,-76.73,177.26
52.41979,-1.569216,157.39,18.33,4,173.94,19 / 21,2298509,2019-09-06 19:58:24:252,-0.8582,0.6253,9.702,0.0007,-0.0142,9.8066,-0.3033,-0.0405,0.0552,-7.56,-31.87,32.63,338.9,-76.92,177.44
52.41979,-1.569216,157.39,18.33,4,173.94,19 / 21,2298609,2019-09-06 19:58:24:352,-1.3667,1.1021,9.2256,-0.0115,-0.0096,9.8066,0.2106,0.0265,-0.0397,-7.19,-32,31.88,340.58,-77.17,177.52
52.41979,-1.569216,157.39,18.33,4,173.94,19 / 21,2298710,2019-09-06 19:58:24:453,-0.1334,0.2349,10.4637,-0.007,0.0351,9.8066,0.2587,0.0526,-0.0325,-7.19,-32,32.63,339.78,-77.36,176.34
52.41979,-1.569216,157.39,18.33,4,173.94,19 / 21,2298809,2019-09-06 19:58:24:552,-0.5382,0.8317,10.5821,0.0056,0.0164,9.8066,0.0117,0.0132,-0.054,-7.37,-32.31,32.56,339.26,-77.18,176
52.41979,-1.569216,157.39,18.33,4,173.94,19 / 21,2298909,2019-09-06 19:58:24:652,0.0424,0.8027,9.6179,0.0077,0.0193,9.8066,-0.0039,0.0719,0.0426,-7.25,-32,32.88,338.72,-77.04,175.63
52.41979,-1.569216,157.39,18.33,4,173.94,19 / 21,2299010,2019-09-06 19:58:24:753,0.2317,-0.2443,9.5931,0.0065,-0.0157,9.8066,0.0469,0.0026,-0.0004,-7.12,-31.62,32.63,338.07,-77.15,175.08
52.41979,-1.569216,157.39,18.33,4,173.94,19 / 21,2299109,2019-09-06 19:58:24:852,0.3345,0.4267,8.833,-0.0195,0.0423,9.8065,0.04,0.0524,-0.0949,-7,-31.37,32,338.08,-77.57,175.26
52.41979,-1.569216,157.39,18.33,4,173.94,19 / 21,2299209,2019-09-06 19:58:24:952,-0.0387,0.4217,9.0234,0.0078,0.0148,9.8066,-0.0003,-0.0523,-0.0204,-6.31,-31.06,32.06,339.61,-77.64,174.75
52.41979,-1.569216,157.39,18.33,4,173.94,19 / 21,2299310,2019-09-06 19:58:25:053,-1.1687,0.7095,8.9879,0.0153,0.0352,9.8066,-0.0474,-0.0239,-0.0507,-5.87,-31.12,31.63,338.44,-77.79,173.76
52.41979,-1.569216,157.39,18.33,4,173.94,18 / 20,2299410,2019-09-06 19:58:25:153,-0.5621,0.0491,9.9428,0.0116,0.0277,9.8065,0.0914,-0.0195,0.0299,-6,-31.12,31.63,336.79,-77.71,172.48
52.41979,-1.569216,157.39,18.33,4,173.94,18 / 20,2299509,2019-09-06 19:58:25:252,0.6195,-1.9662,10.3098,0.0127,-0.044,9.8064,0.0292,-0.0195,0.0168,-6.06,-31.5,31.69,335.69,-77.67,171.63
52.41979,-1.569216,157.39,18.33,4,173.94,18 / 20,2299610,2019-09-06 19:58:25:353,-0.1602,-1.1631,10.363,-0.0139,0.0276,9.8065,-0.0926,0.0045,-0.0671,-6,-32.12,31.88,336,-77.52,172.1
52.41979,-1.569216,157.39,18.33,4,173.94,18 / 20,2299709,2019-09-06 19:58:25:452,-0.1796,0.4767,9.7965,0.004,-0.0008,9.8066,-0.106,0.0029,-0.0011,-6.87,-32.37,32,333.77,-77.76,171.9
52.41979,-1.569216,157.39,18.33,4,173.94,18 / 20,2299810,2019-09-06 19:58:25:553,0.2596,0.5204,8.5744,0.0099,-0.0015,9.8066,0.0331,0.035,-0.0586,-6.37,-32.31,32.44,335.19,-77.81,171.31
52.41979,-1.569216,157.39,18.33,4,173.94,18 / 20,2299909,2019-09-06 19:58:25:652,-0.0536,-0.2065,8.8388,-0.0017,0.0427,9.8065,-0.0255,0.0329,-0.0659,-6.12,-32.31,31.75,334.06,-78.09,170.28
52.41979,-1.569216,157.39,18.33,4,173.94,18 / 20,2300010,2019-09-06 19:58:25:753,-0.2133,0.3048,9.9951,-0.0004,0.0287,9.8066,-0.089,0.0064,0.0151,-6.12,-32.31,31.38,332.65,-78.25,169.56
52.41979,-1.569216,157.39,18.33,4,173.94,18 / 20,2300110,2019-09-06 19:58:25:853,-0.4149,1.0018,10.6131,0.0196,-0.015,9.8065,-0.0397,-0.0326,-0.0655,-5.81,-32.19,31.5,332.51,-78.27,168.94
52.41979,-1.569216,157.39,18.33,4,173.94,18 / 20,2300210,2019-09-06 19:58:25:953,-0.4836,0.5404,10.365,0.0195,-0.004,9.8066,-0.0247,0.0047,0.0043,-5.62,-32.25,31.31,330.35,-78.06,167.82
52.41979,-1.569216,157.39,18.33,4,173.94,18 / 20,2300309,2019-09-06 19:58:26:052,-0.6928,0.3385,9.7695,0.0153,-0.0074,9.8066,-0.11,-0.0109,-0.0274,-5.69,-32.06,31.56,329.83,-77.97,166.94
52.41979,-1.569216,157.39,18.33,4,173.94,18 / 21,2300410,2019-09-06 19:58:26:153,-0.779,0.1553,9.4756,0.011,0.0329,9.8065,0.088,0.0129,-0.071,-5.25,-32.5,31.69,330.11,-78.17,165.34
52.41979,-1.569216,157.39,18.33,4,173.94,18 / 21,2300509,2019-09-06 19:58:26:252,-0.6573,0.7191,10.0245,0.0072,-0.0046,9.8066,0.0977,-0.0135,-0.0029,-5.62,-32.75,30.94,325.64,-78.23,164.12
52.41979,-1.569216,157.39,18.33,4,173.94,18 / 21,2300610,2019-09-06 19:58:26:353,-0.4128,0.0744,10.1097,0.0215,-0.0042,9.8065,-0.0264,0.0191,-0.0535,-4.56,-32.25,31.5,327.25,-78.05,163.09
52.41979,-1.569216,157.39,18.33,4,173.94,18 / 21,2300710,2019-09-06 19:58:26:453,0.2914,0.1025,9.692,0.0138,0.0022,9.8066,-0.1428,-0.0165,-0.0453,-5.06,-32.31,31.25,325.64,-78,162.31
52.41979,-1.569216,157.39,18.33,4,173.94,18 / 21,2300811,2019-09-06 19:58:26:554,-0.1215,0.845,9.3572,-0.0021,-0.0185,9.8065,0.0364,-0.0066,0.0653,-5.19,-32.5,31.63,325.86,-78.05,161.96
52.41979,-1.569216,157.39,18.33,4,173.94,18 / 21,2300909,2019-09-06 19:58:26:652,-0.3055,1.217,9.2733,0.0087,-0.0057,9.8066,-0.0602,-0.0147,-0.0036,-4.5,-33.06,30.75,327.25,-78.12,161.95
52.41979,-1.569216,157.39,18.33,4,173.94,18 / 21,2301010,2019-09-06 19:58:26:753,0.2251,1.5406,9.093,-0.0144,0.0594,9.8064,0.1096,-0.0801,0.0239,-4.75,-32.69,31.06,323.93,-78.56,160.74
52.41979,-1.569216,157.39,18.33,4,173.94,18 / 21,2301110,2019-09-06 19:58:26:853,-0.3399,0.1553,11.2172,0.01,-0.055,9.8065,0.0902,-0.0198,-0.0031,-4.81,-32.81,31.5,324.51,-78.58,160.7
52.41979,-1.569216,157.39,18.33,4,173.94,18 / 21,2301209,2019-09-06 19:58:26:952,0.1913,-0.0015,10.9081,0.0225,-0.0451,9.8064,-0.1153,-0.0375,0.0347,-5,-32.06,31,324.68,-78.13,161.44
52.41979,-1.569216,157.39,18.33,4,173.94,18 / 21,2301309,2019-09-06 19:58:27:052,-0.3681,0.1848,10.6034,0.0051,-0.0213,9.8065,-0.1267,0.0041,-0.0232,-4.75,-32.5,31.25,324.84,-78.14,161.56
52.418167,-1.568877,164.32,21.71,4,170.29,17 / 20,2301409,2019-09-06 19:58:27:152,-0.0318,0.69,9.4011,-0.0178,0.0114,9.8066,-0.046,-0.0709,0.0277,-5.12,-32.75,31.19,324.6,-78.27,161.49
52.418167,-1.568877,164.32,21.71,4,170.29,17 / 20,2301509,2019-09-06 19:58:27:252,0.3935,1.3283,9.6567,-0.0278,0.0251,9.8065,-0.0345,0.0004,-0.1517,-4.75,-33.19,30.94,325.81,-78.78,162.12
52.418167,-1.568877,164.32,21.71,4,170.29,17 / 20,2301609,2019-09-06 19:58:27:352,-0.4588,0.5164,9.5953,0.0015,0.0274,9.8066,-0.004,0.0262,0.0879,-4.81,-32.56,31.5,326.17,-78.75,161.95
52.418167,-1.568877,164.32,21.71,4,170.29,17 / 20,2301710,2019-09-06 19:58:27:453,-0.3794,-0.4928,9.7171,0.0082,-0.0152,9.8066,0.0757,-0.0131,0.0356,-5.12,-32.25,31.13,325.54,-78.69,161.76
52.418167,-1.568877,164.32,21.71,4,170.29,17 / 20,2301809,2019-09-06 19:58:27:552,0.1412,-0.5963,9.5454,0.0064,-0.0158,9.8065,-0.1116,0.0224,-0.0511,-5.25,-33,31.81,325.96,-78.42,162
52.418167,-1.568877,164.32,21.71,4,170.29,17 / 20,2301910,2019-09-06 19:58:27:653,0.6362,0.327,9.6135,-0.0002,0.0272,9.8065,-0.0206,-0.0145,0.0525,-4.25,-32.87,31.44,326.18,-78.51,160.82
52.418167,-1.568877,164.32,21.71,4,170.29,17 / 20,2302009,2019-09-06 19:58:27:752,-0.3037,-0.9429,9.6725,-0.0125,0.0105,9.8066,0.001,0.0239,0.0038,-5.31,-32.75,30.81,324.41,-78.57,161.12
52.418167,-1.568877,164.32,21.71,4,170.29,17 / 20,2302110,2019-09-06 19:58:27:853,0.2609,-0.0108,9.2221,0.0041,0.0023,9.8066,0.1067,0.0114,0.0476,-5.06,-32.87,30.88,323.78,-78.58,160.6
52.418167,-1.568877,164.32,21.71,4,170.29,17 / 20,2302210,2019-09-06 19:58:27:953,0.1708,0.1236,9.5301,-0.0021,-0.0056,9.8066,-0.0739,-0.0023,-0.0537,-5,-32.69,31.06,324.18,-78.59,160.91
52.418167,-1.568877,164.32,21.71,4,170.29,17 / 20,2302310,2019-09-06 19:58:28:053,0.2805,0.1542,9.0507,-0.0043,0.0193,9.8066,-0.0315,0.0155,0.013,-5.31,-33,30.88,323.98,-78.63,160.73
52.418167,-1.568877,164.32,21.71,4,170.29,19 / 21,2302409,2019-09-06 19:58:28:152,-0.4781,1.0156,9.7587,0.0038,-0.0123,9.8066,0.1232,0.0075,-0.0719,-5.87,-33.56,31.38,321.33,-78.78,160.4
52.418167,-1.568877,164.32,21.71,4,170.29,19 / 21,2302509,2019-09-06 19:58:28:252,-0.5042,1.3866,9.941,-0.005,0.0389,9.8065,0.1736,0.0217,-0.0019,-5.19,-32.75,30.56,323.26,-78.99,159.87
52.418167,-1.568877,164.32,21.71,4,170.29,19 / 21,2302610,2019-09-06 19:58:28:353,-0.1746,0.9525,10.0807,-0.0156,0.0209,9.8066,-0.2152,-0.0049,0.0082,-5.12,-32.56,30.38,322.98,-78.98,160.18
52.418167,-1.568877,164.32,21.71,4,170.29,19 / 21,2302710,2019-09-06 19:58:28:453,-0.055,0.7067,9.5011,-0.0015,-0.036,9.8066,-0.1519,0.0441,0.0632,-5.56,-32.75,30.13,322.74,-78.86,161.87
52.418167,-1.568877,164.32,21.71,4,170.29,19 / 21,2302810,2019-09-06 19:58:28:553,-0.2309,0.3598,8.5972,-0.0135,-0.0098,9.8066,0.0451,-0.0567,0.0602,-5.62,-32.81,30.06,323.69,-79.11,162.47
52.418167,-1.568877,164.32,21.71,4,170.29,19 / 21,2302909,2019-09-06 19:58:28:652,-0.5708,1.4725,10.0273,-0.0106,0.0324,9.8066,-0.0484,0.0105,-0.0756,-5.56,-33.25,30.94,325.41,-79.25,163.22
52.418167,-1.568877,164.32,21.71,4,170.29,19 / 21,2303009,2019-09-06 19:58:28:752,-0.1973,1.5442,9.4594,0.0032,0.0404,9.8065,-0.0355,-0.0199,0.0041,-5.69,-33.19,29.94,323.18,-79.6,161.69
52.418167,-1.568877,164.32,21.71,4,170.29,19 / 21,2303110,2019-09-06 19:58:28:853,-0.3214,0.0729,9.6145,0.0063,-0.0052,9.8066,-0.0305,0.0573,-0.0799,-5.37,-32.81,30.69,325.3,-79.55,161.17
52.418167,-1.568877,164.32,21.71,4,170.29,19 / 21,2303210,2019-09-06 19:58:28:953,0.041,1.9634,10.233,-0.0017,0.0061,9.8066,0.037,-0.0036,0.0239,-4.87,-33.37,30.81,324.21,-79.54,160.27
52.418167,-1.568877,164.32,21.71,4,170.29,19 / 21,2303310,2019-09-06 19:58:29:053,-0.2567,1.9817,9.851,-0.0051,-0.0064,9.8066,-0.1214,0.0363,-0.0404,-5.31,-33.19,30.25,323.94,-79.46,160.62
52.418167,-1.568877,164.32,21.71,4,170.29,20 / 22,2303409,2019-09-06 19:58:29:152,-0.7306,0.6551,9.3809,-0.0073,0.0139,9.8066,0.0923,0.009,0.0139,-5.37,-32.62,30.44,324.09,-79.49,160.71
52.418167,-1.568877,164.32,21.71,4,170.29,20 / 22,2303509,2019-09-06 19:58:29:252,-0.3017,0.1359,9.8883,-0.0088,0.0182,9.8066,0.0931,-0.0121,0.0405,-5.44,-32.75,30.44,325.22,-79.58,161.59
52.418167,-1.568877,164.32,21.71,4,170.29,20 / 22,2303610,2019-09-06 19:58:29:353,-0.5056,0.5767,9.5618,-0.0107,0.0064,9.8066,-0.0362,0.034,0.0138,-5.94,-32.87,30.25,323.46,-79.68,161.87
52.418167,-1.568877,164.32,21.71,4,170.29,20 / 22,2303709,2019-09-06 19:58:29:452,-0.276,0.9357,9.2835,-0.0059,-0.0054,9.8066,-0.1853,0.0111,-0.0207,-5.69,-32.62,29.88,324.12,-79.79,162.33
52.418167,-1.568877,164.32,21.71,4,170.29,20 / 22,2303810,2019-09-06 19:58:29:553,-0.248,0.1022,9.964,0.003,-0.0029,9.8066,0.1378,0.0726,-0.0585,-5.56,-32.62,29.81,324,-79.83,162.2
52.418167,-1.568877,164.32,21.71,4,170.29,20 / 22,2303910,2019-09-06 19:58:29:653,-0.5324,-1.3836,9.3899,0.0097,0.0137,9.8066,0.1544,-0.0684,0.0624,-4.56,-32.5,30.19,326,-79.82,161.88
52.418167,-1.568877,164.32,21.71,4,170.29,20 / 22,2304009,2019-09-06 19:58:29:752,0.939,-0.6814,9.1054,-0.0076,0.0103,9.8065,-0.0646,-0.0367,0.0023,-5.44,-33.25,30,325.46,-79.95,161.52
52.418167,-1.568877,164.32,21.71,4,170.29,20 / 22,2304109,2019-09-06 19:58:29:852,-0.1744,0.8831,9.2606,-0.0219,0.0416,9.8065,-0.0331,0.052,-0.067,-5.44,-33,30.56,325.29,-80.16,160.75
52.418167,-1.568877,164.32,21.71,4,170.29,20 / 22,2304210,2019-09-06 19:58:29:953,-0.1676,1.0594,10.02,-0.0045,0.0343,9.8065,0.0942,-0.0196,0.0533,-5.25,-33.37,29.94,324.47,-80.08,160.61
52.418167,-1.568877,164.32,21.71,4,170.29,20 / 22,2304309,2019-09-06 19:58:30:052,-0.66,0.3452,9.9052,0.0037,-0.0343,9.8065,-0.0394,0.0436,-0.0435,-6,-33.12,30.38,322.56,-79.85,160.98
52.418167,-1.568877,164.32,21.71,4,170.29,19 / 22,2304410,2019-09-06 19:58:30:153,-1.3684,-1.3289,11.1103,-0.01,-0.0129,9.8066,0.0581,0.0561,-0.0725,-5.62,-32.81,30.25,323.03,-79.93,161.32
52.418167,-1.568877,164.32,21.71,4,170.29,19 / 22,2304509,2019-09-06 19:58:30:252,-0.5224,-1.9162,9.5021,0.0146,0.0065,9.8066,0.2507,-0.0179,0.1345,-5.31,-32.69,30.38,325.57,-79.83,161.7
52.418167,-1.568877,164.32,21.71,4,170.29,19 / 22,2304610,2019-09-06 19:58:30:353,-1.5907,-0.2655,8.8914,-0.0175,0.0403,9.8065,-0.2324,0.0404,-0.1059,-5.81,-33.19,29.88,322.15,-80,160.52
52.418167,-1.568877,164.32,21.71,4,170.29,19 / 22,2304710,2019-09-06 19:58:30:453,-0.2607,-0.508,9.5664,0.0183,-0.0149,9.8066,-0.125,0.0243,0.0194,-5.31,-33.37,29.94,323.18,-80.08,159.52
52.418167,-1.568877,164.32,21.71,4,170.29,19 / 22,2304810,2019-09-06 19:58:30:553,-0.8355,1.1414,10.0617,-0.012,0.0219,9.8065,0.157,0.0336,-0.0232,-5.5,-33.81,29.88,322.7,-80.07,159.32
52.418167,-1.568877,164.32,21.71,4,170.29,19 / 22,2304909,2019-09-06 19:58:30:652,-0.4238,-0.3651,10.1931,-0.0053,0.0129,9.8066,0.152,-0.0247,0.0006,-5.94,-33.06,30.13,321.13,-80.08,159.6
52.418167,-1.568877,164.32,21.71,4,170.29,19 / 22,2305010,2019-09-06 19:58:30:753,-0.4103,-0.3672,9.8254,-0.0081,0.018,9.8066,-0.0151,0.0084,-0.0032,-5.19,-32.69,30.19,323.64,-79.99,159.98
52.418167,-1.568877,164.32,21.71,4,170.29,19 / 22,2305110,2019-09-06 19:58:30:853,-0.397,-0.516,9.6933,-0.0013,-0.004,9.8066,-0.0384,-0.0234,0.0384,-5.62,-33.12,30.25,321.89,-80.01,160.29
52.418167,-1.568877,164.32,21.71,4,170.29,19 / 22,2305210,2019-09-06 19:58:30:953,-0.4558,0.5948,9.2424,0.0013,-0.0116,9.8066,0.0497,-0.0365,0.0153,-5.75,-33,29.75,322.34,-80.07,160.63
52.418167,-1.568877,164.32,21.71,4,170.29,19 / 22,2305310,2019-09-06 19:58:31:053,-0.4675,-0.0157,9.8341,-0.0099,0.0306,9.8065,0.0553,-0.0142,-0.0113,-6,-32.87,29.25,321.5,-80.31,160.33
52.418167,-1.568877,164.32,21.71,4,170.29,18 / 21,2305410,2019-09-06 19:58:31:153,-0.5088,-0.5261,9.5402,0.0011,0.0065,9.8066,0.0939,-0.0309,0.0199,-5.87,-33.19,30.06,322.06,-80.25,160.26
52.418167,-1.568877,164.32,21.71,4,170.29,18 / 21,2305510,2019-09-06 19:58:31:253,-0.4425,0.0701,9.4593,-0.0034,0.0084,9.8066,-0.0941,0.016,0.0411,-6.12,-33.5,29.75,321.87,-80.32,160.04
52.418167,-1.568877,164.32,21.71,4,170.29,18 / 21,2305609,2019-09-06 19:58:31:352,-0.0302,1.4422,9.607,-0.0003,-0.0134,9.8066,-0.0944,0.0269,-0.0111,-6,-33.31,29.38,321.05,-80.32,159.94
52.418167,-1.568877,164.32,21.71,4,170.29,18 / 21,2305709,2019-09-06 19:58:31:452,-0.1385,0.3831,10.4667,0.0058,-0.0131,9.8066,0.1294,-0.0034,-0.0071,-5.94,-32.81,29.75,321.91,-80.28,160.11
52.418167,-1.568877,164.32,21.71,4,170.29,18 / 21,2305810,2019-09-06 19:58:31:553,-0.318,-0.8338,9.9305,-0.0123,0.0325,9.8065,0.2076,-0.0563,0.0357,-5.5,-32.56,29.5,323.92,-80.37,159.93
52.418167,-1.568877,164.32,21.71,4,170.29,18 / 21,2305910,2019-09-06 19:58:31:653,0.4489,-0.2887,10.1952,-0.0121,0.029,9.8066,-0.1068,-0.0793,0.0252,-5.12,-33.12,29.5,324.37,-80.45,160.26
52.418167,-1.568877,164.32,21.71,4,170.29,18 / 21,2306010,2019-09-06 19:58:31:753,0.2453,0.8987,8.9361,0.0143,-0.023,9.8066,-0.0944,0.0342,-0.0665,-5.37,-33.19,29.38,322.7,-80.49,159.35
52.418167,-1.568877,164.32,21.71,4,170.29,18 / 21,2306110,2019-09-06 19:58:31:853,-0.2623,0.3971,9.5258,0.0174,-0.0333,9.8065,0.0807,0.0244,-0.0177,-5.5,-33.06,29.19,322.02,-80.29,158.92
52.418167,-1.568877,164.32,21.71,4,170.29,18 / 21,2306210,2019-09-06 19:58:31:953,-0.3175,1.0554,10.234,-0.0095,0.0257,9.8065,0.1272,-0.0322,0.0234,-5.06,-32.75,29.44,321.56,-80.45,158.4
52.418167,-1.568877,164.32,21.71,4,170.29,18 / 21,2306309,2019-09-06 19:58:32:052,-0.224,-0.8226,9.992,-0.0148,0.0448,9.8065,0.2116,-0.0386,-0.0206,-5.37,-32.5,29.38,321.93,-80.51,158.48
52.418167,-1.568877,164.32,21.71,4,170.29,17 / 22,2306410,2019-09-06 19:58:32:153,-0.5224,-0.1219,9.7247,0.0086,-0.0266,9.8066,-0.0881,-0.015,0.0128,-5.5,-32.69,29.44,322.02,-80.48,158.77
52.418167,-1.568877,164.32,21.71,4,170.29,17 / 22,2306509,2019-09-06 19:58:32:252,0.0936,0.0094,9.6288,0.0066,-0.0322,9.8065,0.0697,-0.0639,0.0072,-6.44,-32.56,28.94,320.38,-80.35,159.35
52.418167,-1.568877,164.32,21.71,4,170.29,17 / 22,2306610,2019-09-06 19:58:32:353,0.4601,-0.4765,9.7531,-0.0081,0.0339,9.8065,0.0326,0.0331,-0.0232,-6.44,-33,29.25,319.69,-80.6,158.56
52.418167,-1.568877,164.32,21.71,4,170.29,17 / 22,2306710,2019-09-06 19:58:32:453,-0.4906,-0.5228,9.5935,-0.0108,0.0401,9.8065,-0.0731,0.018,-0.009,-6.87,-32.25,28.69,316.95,-80.67,157.76
52.418167,-1.568877,164.32,21.71,4,170.29,17 / 22,2306810,2019-09-06 19:58:32:553,-0.4361,-0.0586,9.9793,0.0027,-0.018,9.8066,0.0046,-0.0297,-0.0029,-7,-32.44,29.81,318.04,-80.66,158.06
52.418167,-1.568877,164.32,21.71,4,170.29,17 / 22,2306909,2019-09-06 19:58:32:652,-0.2066,1.175,10.6073,0.0115,-0.0103,9.8066,0.1466,-0.0277,0.0284,-7.19,-32.37,30,317.99,-80.71,157.98
52.418167,-1.568877,164.32,21.71,4,170.29,17 / 22,2307010,2019-09-06 19:58:32:753,1.016,-0.5851,10.8139,-0.0077,-0.0133,9.8066,0.0804,0.0243,-0.0862,-7.56,-32.31,30.19,316.38,-80.67,158.36
52.418167,-1.568877,164.32,21.71,4,170.29,17 / 22,2307109,2019-09-06 19:58:32:852,-0.5298,-1.1015,10.8847,0.0006,-0.0062,9.8066,-0.201,0.0033,0.1633,-7.56,-31.56,30.88,318.17,-80.55,159.35
52.418167,-1.568877,164.32,21.71,4,170.29,17 / 22,2307209,2019-09-06 19:58:32:952,-0.4773,-1.8555,10.1062,0,-0.061,9.8064,-0.2143,-0.0596,-0.0864,-6.81,-32.56,29.94,322,-80.47,161.82
52.418167,-1.568877,164.32,21.71,4,170.29,17 / 22,2307309,2019-09-06 19:58:33:052,1.0923,1.5293,9.4175,0.0154,0.0404,9.8065,-0.0667,-0.1067,0.1746,-6.62,-32.12,30.69,321.66,-80.75,160.54
52.418167,-1.568877,164.32,21.71,4,170.29,20 / 21,2307410,2019-09-06 19:58:33:153,0.5695,-0.2334,9.5746,-0.0066,-0.0019,9.8066,-0.0473,-0.0368,-0.1192,-6.56,-32.94,30.44,318.29,-80.97,158.24
52.418167,-1.568877,164.32,21.71,4,170.29,20 / 21,2307510,2019-09-06 19:58:33:253,-0.5027,0.4065,10.1385,0.0051,0.0257,9.8065,-0.011,-0.0289,0.0504,-5.75,-32.44,29.88,319.89,-81.06,157.59
52.418167,-1.568877,164.32,21.71,4,170.29,20 / 21,2307610,2019-09-06 19:58:33:353,0.6169,-0.617,10.3443,0.0058,-0.0444,9.8065,0.0006,0.0263,0.0351,-6.19,-33.37,30.56,320.68,-80.67,158.21
52.418167,-1.568877,164.32,21.71,4,170.29,20 / 21,2307710,2019-09-06 19:58:33:453,-0.1165,-0.0931,9.838,-0.0036,-0.0421,9.8065,0.0391,-0.0754,-0.0254,-5.62,-32.87,30.19,321.45,-80.53,159.53
52.418167,-1.568877,164.32,21.71,4,170.29,20 / 21,2307810,2019-09-06 19:58:33:553,-0.8649,-0.6003,9.7151,-0.0166,0.0459,9.8065,0.0957,-0.0368,-0.0027,-5.5,-33.69,30.06,323.74,-80.82,159.64
52.418167,-1.568877,164.32,21.71,4,170.29,20 / 21,2307910,2019-09-06 19:58:33:653,-0.5295,-1.0441,9.4195,0.01,-0.0161,9.8065,-0.0984,0.0732,0.0132,-5.56,-33.25,30,321.27,-80.94,159.06
52.418167,-1.568877,164.32,21.71,4,170.29,20 / 21,2308009,2019-09-06 19:58:33:752,0.3454,1.1235,9.3821,0.0073,-0.0261,9.8065,-0.1971,-0.0128,-0.0932,-5.44,-33.12,29.56,322.51,-80.99,158.27
52.418167,-1.568877,164.32,21.71,4,170.29,20 / 21,2308110,2019-09-06 19:58:33:853,0.6098,1.0693,9.2245,0.0207,-0.0149,9.8066,0.1896,-0.0065,0.0762,-5.31,-33.69,29.44,321.25,-80.74,158.12
52.418167,-1.568877,164.32,21.71,4,170.29,20 / 21,2308210,2019-09-06 19:58:33:953,-1.0566,-1.294,10.2807,-0.014,0.0377,9.8065,0.1599,-0.0124,0.0962,-4.94,-33.56,29.75,320.69,-80.78,157.07
52.418167,-1.568877,164.32,21.71,4,170.29,20 / 21,2308311,2019-09-06 19:58:34:054,-0.5512,-0.4074,10.3264,0.0075,-0.0171,9.8066,-0.0704,0.0187,-0.0446,-5.19,-33.5,29.75,321.93,-80.75,157.95
52.418167,-1.568877,164.32,21.71,4,170.29,18 / 21,2308409,2019-09-06 19:58:34:152,0.1529,0.1298,10.077,-0.0049,-0.0048,9.8066,-0.014,0.0462,0.0498,-5.06,-34.06,30,321.8,-80.72,158.06
52.418167,-1.568877,164.32,21.71,4,170.29,18 / 21,2308510,2019-09-06 19:58:34:253,0.7888,0.6246,10.7035,-0.017,0.0195,9.8065,0.0179,-0.0111,0.0257,-5.69,-33.19,29.44,319.88,-80.82,158.55
52.418167,-1.568877,164.32,21.71,4,170.29,18 / 21,2308609,2019-09-06 19:58:34:352,0.4465,-2.4517,10.0794,0.0096,-0.0345,9.8065,0.0788,0.0525,-0.0428,-5.75,-33.25,30.5,323.28,-80.82,160.33
52.418167,-1.568877,164.32,21.71,4,170.29,18 / 21,2308710,2019-09-06 19:58:34:453,-0.0118,-0.2435,9.4465,0.0015,-0.0199,9.8066,-0.0554,0.0038,0.0356,-5.69,-33.81,30,322.7,-80.62,160.72
52.418167,-1.568877,164.32,21.71,4,170.29,18 / 21,2308811,2019-09-06 19:58:34:554,-1.5891,0.9504,9.1693,-0.0009,0.0206,9.8066,-0.0614,-0.0537,-0.0385,-5.62,-33.12,29.63,322.54,-80.96,160.14
52.418167,-1.568877,164.32,21.71,4,170.29,18 / 21,2308910,2019-09-06 19:58:34:653,0.3706,0.4759,10.0469,0.0024,0.048,9.8065,-0.0726,-0.0166,0.0579,-5.25,-33.56,29.5,322.96,-81.19,158.7
52.418167,-1.568877,164.32,21.71,4,170.29,18 / 21,2309010,2019-09-06 19:58:34:753,0.1885,1.1478,10.2236,0.0059,-0.0651,9.8064,-0.1937,0.0452,-0.0826,-5.37,-33.25,29.75,323.16,-80.83,158.96
52.418167,-1.568877,164.32,21.71,4,170.29,18 / 21,2309111,2019-09-06 19:58:34:854,-1.0108,-1.3426,10.0936,-0.0098,0.0223,9.8065,0.1677,0.0422,0.1519,-6.12,-33.44,29.63,322.23,-80.65,160.11
52.418167,-1.568877,164.32,21.71,4,170.29,18 / 21,2309210,2019-09-06 19:58:34:953,0.0604,-0.14,9.8473,-0.0368,0.024,9.8065,0.0531,-0.0535,0.0135,-5.94,-33,29.75,323.44,-80.89,160.96
52.418167,-1.568877,164.32,21.71,4,170.29,18 / 21,2309310,2019-09-06 19:58:35:053,0.253,0.286,9.7818,-0.005,0.0232,9.8065,-0.1129,-0.0708,-0.0197,-6.37,-33.25,29.5,324.13,-81.03,161.45
52.418167,-1.568877,164.32,21.71,4,170.29,18 / 20,2309410,2019-09-06 19:58:35:153,-0.2867,-0.2507,9.7787,0.0064,0.0273,9.8065,0.0401,0.0414,0.0491,-5.62,-33.25,29.63,321.46,-81.19,159.04
52.418167,-1.568877,164.32,21.71,4,170.29,18 / 20,2309509,2019-09-06 19:58:35:252,-0.0768,-0.4881,10.0837,0.0023,0.0116,9.8066,0.0017,-0.0368,-0.0273,-5.62,-33.37,29.25,320.28,-81.13,158.64
52.418167,-1.568877,164.32,21.71,4,170.29,18 / 20,2309610,2019-09-06 19:58:35:353,0.1884,-1.1469,10.5416,0.0138,-0.0333,9.8065,-0.0204,-0.0415,-0.1387,-5.5,-33.62,29.38,322.19,-81.06,158.66
52.418167,-1.568877,164.32,21.71,4,170.29,18 / 20,2309709,2019-09-06 19:58:35:452,-0.8559,-0.243,10.1848,0.015,-0.0192,9.8066,0.0805,0.0375,0.0557,-6,-33.25,29.69,320.44,-80.82,158.44
52.418167,-1.568877,164.32,21.71,4,170.29,18 / 20,2309810,2019-09-06 19:58:35:553,-0.2561,0.0015,10.3937,-0.0178,0.0264,9.8065,0.1329,-0.0163,0.1065,-5.25,-32.75,29.5,322.09,-81.01,157.91
52.418167,-1.568877,164.32,21.71,4,170.29,18 / 20,2309910,2019-09-06 19:58:35:653,0.8412,-0.8898,10.7159,-0.0268,0.0155,9.8065,-0.1533,0.0152,0.0177,-5.5,-33.12,29.69,323.94,-81.01,159.49
52.418167,-1.568877,164.32,21.71,4,170.29,18 / 20,2310010,2019-09-06 19:58:35:753,-0.4484,0.4971,9.1304,-0.0055,-0.0391,9.8065,-0.2243,-0.0196,-0.0153,-5.62,-33.37,29.69,324.2,-80.88,161.62
52.418167,-1.568877,164.32,21.71,4,170.29,18 / 20,2310110,2019-09-06 19:58:35:853,-0.3043,-0.2302,9.0526,0.0019,-0.0049,9.8066,0.0601,0.0336,-0.0319,-5.56,-33.75,28.81,323.34,-81.02,161.53
52.418167,-1.568877,164.32,21.71,4,170.29,18 / 20,2310210,2019-09-06 19:58:35:953,-0.1189,-0.5233,9.1293,0.0113,0.0131,9.8065,-0.0358,0.0888,-0.0186,-5,-33.56,29.13,324.17,-81.16,160.27
52.418167,-1.568877,164.32,21.71,4,170.29,18 / 20,2310309,2019-09-06 19:58:36:052,0.0154,1.3279,10.3464,0.0187,-0.0109,9.8066,0.145,0.0305,-0.016,-5.37,-34.06,29.25,321.86,-81.14,158.31
52.416348,-1.56831,169.93,24.59,3,168.53,18 / 20,2310410,2019-09-06 19:58:36:153,-0.8468,0.7075,10.5037,-0.0071,0.0121,9.8065,0.1489,-0.0853,-0.0229,-4.81,-33.56,29.94,322.39,-81.04,158.32
52.416348,-1.56831,169.93,24.59,3,168.53,18 / 20,2310510,2019-09-06 19:58:36:253,0.2995,-0.3107,10.6859,0.0119,-0.0479,9.8064,-0.2079,0.0114,-0.0504,-5.31,-33.5,29.44,323.01,-81.07,159.17
52.416348,-1.56831,169.93,24.59,3,168.53,18 / 20,2310609,2019-09-06 19:58:36:352,-1.0351,0.2017,10.1222,0.0193,-0.0129,9.8066,-0.0733,-0.0342,0.1434,-5.19,-33.62,29.63,322.74,-80.88,158.74
52.416348,-1.56831,169.93,24.59,3,168.53,18 / 20,2310710,2019-09-06 19:58:36:453,-0.0994,0.0838,9.3971,-0.0026,-0.0116,9.8065,-0.083,0.0357,-0.0137,-5.69,-33.37,29.81,321.29,-80.99,159.04
52.416348,-1.56831,169.93,24.59,3,168.53,18 / 20,2310809,2019-09-06 19:58:36:552,-0.0206,0.9873,9.2411,-0.0024,-0.0089,9.8066,-0.1051,0.0827,-0.0522,-6,-34,29.31,320.6,-81,159.22
52.416348,-1.56831,169.93,24.59,3,168.53,18 / 20,2310909,2019-09-06 19:58:36:652,-0.196,1.367,9.8008,0.003,-0.0089,9.8066,0.0774,-0.0081,-0.0147,-5.94,-33.5,29.63,321.41,-81.01,159.13
52.416348,-1.56831,169.93,24.59,3,168.53,18 / 20,2311010,2019-09-06 19:58:36:753,0.0321,0.5524,9.484,-0.0104,0.0266,9.8065,0.0467,-0.0365,-0.0399,-5.62,-33.87,28.94,321.02,-81.03,159.55
52.416348,-1.56831,169.93,24.59,3,168.53,18 / 20,2311109,2019-09-06 19:58:36:852,1.0656,1.063,9.5051,-0.0036,0.0053,9.8066,-0.0886,-0.0054,0.0722,-6.06,-33.19,29.19,321.07,-81.22,159.25
52.416348,-1.56831,169.93,24.59,3,168.53,18 / 20,2311210,2019-09-06 19:58:36:953,0.2766,0.2377,10.3818,-0.0172,0.0301,9.8065,-0.1586,0.0375,0.0742,-5.75,-33.75,29.25,320.86,-81.34,159.17
52.416348,-1.56831,169.93,24.59,3,168.53,18 / 20,2311309,2019-09-06 19:58:37:052,-0.9427,0.5847,9.4427,-0.0133,0.0134,9.8065,0.2819,0.0398,-0.1525,-6.06,-33.19,29.25,321.79,-81.2,159.88
52.416348,-1.56831,169.93,24.59,3,168.53,18 / 21,2311410,2019-09-06 19:58:37:153,0.2787,1.1673,8.3517,-0.01,0.0659,9.8063,0.1759,-0.0408,0.0677,-6.12,-33.5,29.56,321.94,-81.24,159.41
52.416348,-1.56831,169.93,24.59,3,168.53,18 / 21,2311509,2019-09-06 19:58:37:252,-0.1005,0.2107,10.6792,-0.0358,0.075,9.8063,-0.0589,0.1114,-0.0448,-5.87,-33.31,29.56,322.17,-81.36,159.52
52.416348,-1.56831,169.93,24.59,3,168.53,18 / 21,2311610,2019-09-06 19:58:37:353,0.7558,-1.0811,10.0317,0.0094,-0.0444,9.8065,-0.0319,0.0367,0.0291,-6.31,-33.69,29.69,323.2,-81.32,160.61
52.416348,-1.56831,169.93,24.59,3,168.53,18 / 21,2311709,2019-09-06 19:58:37:452,1.3904,0.9977,9.7636,0.0003,-0.0487,9.8065,-0.0456,0.028,0.0114,-5.87,-34,29.13,324.08,-81.19,162.04
52.416348,-1.56831,169.93,24.59,3,168.53,18 / 21,2311809,2019-09-06 19:58:37:552,-0.9759,0.9452,9.1329,-0.0118,0.0125,9.8066,0.0058,-0.0136,0.1055,-7.31,-34.06,29,322.65,-81.42,162.48
52.416348,-1.56831,169.93,24.59,3,168.53,18 / 21,2311910,2019-09-06 19:58:37:653,0.1454,1.8498,9.5262,-0.0109,-0.0221,9.8066,0.0029,0.0461,-0.0075,-6.37,-33.69,29.19,326.46,-81.42,163.9
52.416348,-1.56831,169.93,24.59,3,168.53,18 / 21,2312010,2019-09-06 19:58:37:753,1.3986,1.319,10.0893,-0.0135,0.0018,9.8066,-0.0505,0.0365,0.0063,-6.5,-33.62,29.06,327.53,-81.48,164.76
52.416348,-1.56831,169.93,24.59,3,168.53,18 / 21,2312109,2019-09-06 19:58:37:852,0.8626,0.0565,9.5638,-0.0081,0.0189,9.8065,-0.0384,0.0139,0.0806,-6.25,-33.37,28.94,328.44,-81.52,165.36
52.416348,-1.56831,169.93,24.59,3,168.53,18 / 21,2312209,2019-09-06 19:58:37:952,1.417,0.9037,9.2596,0.0004,-0.0305,9.8066,-0.0501,0.1541,-0.0039,-6.5,-32.94,29.63,329.37,-81.62,165.55
52.416348,-1.56831,169.93,24.59,3,168.53,18 / 21,2312310,2019-09-06 19:58:38:053,0.627,0.4742,10.1032,0.0018,-0.041,9.8065,0.0146,0.0513,-0.0767,-6.87,-33.5,29.69,328.49,-81.49,166.67
52.416348,-1.56831,169.93,24.59,3,168.53,19 / 20,2312410,2019-09-06 19:58:38:153,0.6553,0.0042,10.1127,-0.0076,0.0236,9.8066,0.1465,0.011,0.0766,-7.06,-32.5,30.06,329.69,-81.59,167.5
52.416348,-1.56831,169.93,24.59,3,168.53,19 / 20,2312509,2019-09-06 19:58:38:252,1.0113,1.1362,9.663,-0.0189,0.0003,9.8066,-0.0771,0.0683,0.0276,-7.12,-33.31,29.88,330.99,-81.48,168.82
52.416348,-1.56831,169.93,24.59,3,168.53,19 / 20,2312609,2019-09-06 19:58:38:352,1.2252,1.4554,9.5639,-0.0052,-0.0026,9.8066,-0.0877,0.0681,0.0247,-7.37,-34,29.88,331.64,-81.52,169.48
52.416348,-1.56831,169.93,24.59,3,168.53,19 / 20,2312709,2019-09-06 19:58:38:452,0.817,1.1967,10.5503,-0.0073,0.0167,9.8066,0.0514,0.0728,-0.0332,-8.06,-33.25,29.69,330.42,-81.63,170.01
52.416348,-1.56831,169.93,24.59,3,168.53,19 / 20,2312810,2019-09-06 19:58:38:553,1.4159,1.378,9.3607,0.0076,-0.0153,9.8066,-0.0585,0.1101,-0.0284,-8.19,-33.12,29.44,329.94,-81.49,170.31
52.416348,-1.56831,169.93,24.59,3,168.53,19 / 20,2312910,2019-09-06 19:58:38:653,1.2922,1.1348,9.5894,0.01,-0.0218,9.8065,0.0529,0.0665,-0.0349,-8.25,-33.37,29.56,330.36,-81.5,170.03
52.416348,-1.56831,169.93,24.59,3,168.53,19 / 20,2313010,2019-09-06 19:58:38:753,2.0332,0.5192,10.3901,0.001,0.0141,9.8066,0.0593,0.0624,-0.0098,-8.25,-33.12,29.75,330.13,-81.57,169.79
52.416348,-1.56831,169.93,24.59,3,168.53,19 / 20,2313110,2019-09-06 19:58:38:853,1.0924,2.4311,10.4695,0.0043,-0.0065,9.8066,0.0305,0.1232,0.0246,-8.87,-33.75,28.56,327.54,-81.51,170.17
52.416348,-1.56831,169.93,24.59,3,168.53,19 / 20,2313209,2019-09-06 19:58:38:952,2.2514,1.9533,9.8287,-0.0212,0.0016,9.8065,0.0923,-0.0005,0.0383,-8.75,-33.44,29.19,328.08,-81.49,170.5
52.416348,-1.56831,169.93,24.59,3,168.53,19 / 20,2313309,2019-09-06 19:58:39:052,0.8753,0.3385,9.7525,-0.0299,0.024,9.8065,0.0973,0.0342,-0.0018,-8.81,-33.56,29.25,330.95,-81.7,172.96
52.416348,-1.56831,169.93,24.59,3,168.53,19 / 21,2313410,2019-09-06 19:58:39:153,1.5795,1.8604,8.7152,0.0021,-0.0223,9.8066,-0.0966,0.1307,-0.0068,-9,-33.56,29.19,331.59,-81.76,173.47
52.416348,-1.56831,169.93,24.59,3,168.53,19 / 21,2313509,2019-09-06 19:58:39:252,1.1772,0.5913,9.7471,0.0195,-0.0491,9.8064,0.0902,0.0133,-0.0287,-9.06,-33.56,28.81,332.09,-81.55,174.02
52.416348,-1.56831,169.93,24.59,3,168.53,19 / 21,2313609,2019-09-06 19:58:39:352,2.7598,0.2585,10.4867,-0.0068,0.0046,9.8066,0.2093,-0.0016,0.0502,-10,-33.25,29.13,331.13,-81.65,174.74
52.416348,-1.56831,169.93,24.59,3,168.53,19 / 21,2313710,2019-09-06 19:58:39:453,0.9407,3.6674,8.2537,0.0423,-0.0412,9.8064,-0.0407,-0.2796,0.1169,-9.81,-33,28.94,331.47,-81.53,175.11
52.416348,-1.56831,169.93,24.59,3,168.53,19 / 21,2313810,2019-09-06 19:58:39:553,1.2122,2.9248,8.5037,-0.0214,0.0227,9.8066,-0.3056,0.1146,-0.2583,-9.56,-33.37,28.44,332.53,-81.91,176.56
52.416348,-1.56831,169.93,24.59,3,168.53,19 / 21,2313910,2019-09-06 19:58:39:653,-0.2047,0.4334,7.3917,-0.0015,0.0431,9.8065,0.1271,0.0442,-0.0087,-9.81,-33.62,28.81,331.15,-82.12,174.62
52.416348,-1.56831,169.93,24.59,3,168.53,19 / 21,2314009,2019-09-06 19:58:39:752,1.2993,0.4754,10.8682,-0.009,0.0301,9.8066,0.1076,0.0822,0.0185,-9.44,-33.25,29.06,334.58,-82.03,175.75
52.416348,-1.56831,169.93,24.59,3,168.53,19 / 21,2314109,2019-09-06 19:58:39:852,1.3391,-0.4227,10.5245,-0.0109,0.0221,9.8066,-0.0155,0.0102,-0.0321,-9.69,-33.62,28.75,332,-82.28,175.26
52.416348,-1.56831,169.93,24.59,3,168.53,19 / 21,2314209,2019-09-06 19:58:39:952,0.2401,0.5495,9.4598,0.0184,-0.0321,9.8065,-0.111,0.1219,-0.012,-9.87,-33.19,28.81,332.17,-81.99,175.45
52.416348,-1.56831,169.93,24.59,3,168.53,19 / 21,2314309,2019-09-06 19:58:40:052,0.1984,6.3929,10.7556,0.0447,-0.0631,9.8063,0.2625,0.1105,-0.1176,-9.62,-33.31,28.75,331.24,-81.95,174.67
52.416348,-1.56831,169.93,24.59,3,168.53,18 / 20,2314410,2019-09-06 19:58:40:153,0.7544,-2.3204,10.8394,-0.0284,0.1235,9.8058,0.3356,-0.1839,0.0955,-10.12,-33.19,29.5,330.94,-82.49,173.39
52.416348,-1.56831,169.93,24.59,3,168.53,18 / 20,2314510,2019-09-06 19:58:40:253,0.6117,-0.9386,9.745,0.0377,-0.0834,9.8062,-0.1544,0.0428,-0.0271,-10.12,-33.37,29.44,332.15,-82.56,175.11
52.416348,-1.56831,169.93,24.59,3,168.53,18 / 20,2314609,2019-09-06 19:58:40:352,2.3058,0.3271,9.2866,0.0215,-0.0417,9.8065,-0.0678,0.0614,0.0496,-10.06,-33.81,28.81,331.29,-82.69,174.41
52.416348,-1.56831,169.93,24.59,3,168.53,18 / 20,2314709,2019-09-06 19:58:40:452,0.318,0.6592,9.1637,0.0084,-0.0212,9.8066,-0.1057,0.0493,0.0101,-10.94,-33.12,28,328.96,-82.68,174.76
52.416348,-1.56831,169.93,24.59,3,168.53,18 / 20,2314809,2019-09-06 19:58:40:552,0.7023,0.717,9.7422,-0.0148,-0.0052,9.8066,0.0279,0.0526,0.0589,-10.5,-33.69,28.5,333.06,-82.77,175.9
52.416348,-1.56831,169.93,24.59,3,168.53,18 / 20,2314909,2019-09-06 19:58:40:652,1.1583,1.3248,9.8806,-0.0119,-0.0218,9.8065,0.1,0.0259,0.0183,-10.69,-32.94,28.31,332.32,-82.63,177.72
52.416348,-1.56831,169.93,24.59,3,168.53,18 / 20,2315009,2019-09-06 19:58:40:752,0.1955,-0.0137,10.3504,-0.0123,0.0198,9.8066,0.0669,0.009,0.0021,-11.06,-33.25,28.69,333.94,-82.68,178.32
52.416348,-1.56831,169.93,24.59,3,168.53,18 / 20,2315110,2019-09-06 19:58:40:853,1.065,0.4799,10.5795,-0.0128,0.0445,9.8064,-0.0279,0.0789,-0.0038,-11,-33.44,28.13,332.5,-82.74,177.81
52.416348,-1.56831,169.93,24.59,3,168.53,18 / 20,2315209,2019-09-06 19:58:40:952,0.6611,1.2734,9.504,0.0179,-0.0118,9.8066,-0.0732,0.064,-0.0242,-10.56,-33.19,27.63,331.3,-82.77,176.74
52.416348,-1.56831,169.93,24.59,3,168.53,18 / 20,2315309,2019-09-06 19:58:41:052,0.3049,0.9782,9.6489,0.0058,0.0016,9.8066,-0.0307,-0.0101,0.0509,-10.94,-33.5,27.38,328.95,-82.73,175.57
52.416348,-1.56831,169.93,24.59,3,168.53,19 / 21,2315410,2019-09-06 19:58:41:153,0.9358,1.182,9.1448,-0.0145,0.0124,9.8066,0.0531,0.0501,0.0256,-11.25,-33.62,27.63,330.75,-82.88,176.32
52.416348,-1.56831,169.93,24.59,3,168.53,19 / 21,2315510,2019-09-06 19:58:41:253,-0.4474,1.0425,9.4377,0.0038,-0.0033,9.8066,0.0272,0.0419,-0.0363,-11.12,-33.87,27.31,331.27,-82.87,177.62
52.416348,-1.56831,169.93,24.59,3,168.53,19 / 21,2315609,2019-09-06 19:58:41:352,-0.0643,1.7453,10.4287,0.0069,-0.0189,9.8066,0.0525,-0.0184,0.0459,-11.5,-33.81,27.38,331.64,-82.79,177.99
52.416348,-1.56831,169.93,24.59,3,168.53,19 / 21,2315710,2019-09-06 19:58:41:453,0.1729,1.2014,10.4635,0.0103,-0.0043,9.8066,0.0016,0.0103,0.0088,-11.12,-33.87,27.63,331.4,-82.75,176.96
52.416348,-1.56831,169.93,24.59,3,168.53,19 / 21,2315810,2019-09-06 19:58:41:553,0.49,2.23,10.3903,0.0191,0.0012,9.8066,-0.0506,0.0801,-0.085,-10.87,-33.94,27.5,329.75,-82.64,175.6
52.416348,-1.56831,169.93,24.59,3,168.53,19 / 21,2315909,2019-09-06 19:58:41:652,0.2301,-0.1123,9.4831,-0.0133,0.0435,9.8065,-0.0281,0.084,-0.0652,-10.87,-33.94,27.81,327.77,-82.51,173.95
52.416348,-1.56831,169.93,24.59,3,168.53,19 / 21,2316009,2019-09-06 19:58:41:752,0.7358,0.8023,8.9813,-0.0302,0.051,9.8064,0.0832,0.0357,0.0397,-10.94,-33.56,28.13,326.83,-82.97,172.82
52.416348,-1.56831,169.93,24.59,3,168.53,19 / 21,2316110,2019-09-06 19:58:41:853,-0.165,1.2761,9.9355,0.0116,-0.0137,9.8066,0.0104,0.0475,-0.019,-10.75,-33.81,27.81,326.05,-83,172.12
52.416348,-1.56831,169.93,24.59,3,168.53,19 / 21,2316210,2019-09-06 19:58:41:953,-0.4568,3.1519,10.324,0.0035,-0.0092,9.8066,0.1092,0.0126,0.0032,-11.37,-34.06,27.81,326.56,-83.05,172.54
52.416348,-1.56831,169.93,24.59,3,168.53,19 / 21,2316310,2019-09-06 19:58:42:053,0.2245,1.0707,10.496,0.0104,-0.0258,9.8065,0.1189,-0.007,-0.0068,-11.06,-33.56,28.19,325.98,-83.01,172.05
52.416348,-1.56831,169.93,24.59,3,168.53,18 / 21,2316409,2019-09-06 19:58:42:152,0.6844,0.7607,9.7334,0.0061,-0.0045,9.8066,-0.0671,0.0092,0.0264,-11.62,-33.56,27.88,323.85,-82.79,172.02
52.416348,-1.56831,169.93,24.59,3,168.53,18 / 21,2316509,2019-09-06 19:58:42:252,-0.1976,0.6865,10.4351,0.0101,-0.0092,9.8066,-0.1434,0.0946,0.0039,-11.25,-33.87,27.69,325.81,-82.65,172.14
52.416348,-1.56831,169.93,24.59,3,168.53,18 / 21,2316610,2019-09-06 19:58:42:353,1.101,2.4076,10.0925,-0.003,0.0272,9.8065,-0.1412,0.118,-0.0569,-11.56,-33.75,27.75,323.79,-82.55,172.14
52.416348,-1.56831,169.93,24.59,3,168.53,18 / 21,2316710,2019-09-06 19:58:42:453,0.6101,0.8978,10.2393,0.0076,-0.0226,9.8066,-0.0957,-0.0116,0.0319,-11.44,-33.69,27.81,325.61,-82.82,171.85
52.416348,-1.56831,169.93,24.59,3,168.53,18 / 21,2316809,2019-09-06 19:58:42:552,0.784,2.1763,8.7241,0.0132,-0.0028,9.8066,-0.1395,0.0827,-0.0206,-12.25,-34,27.31,322.47,-82.85,171.67
52.416348,-1.56831,169.93,24.59,3,168.53,18 / 21,2316910,2019-09-06 19:58:42:653,0.2437,1.3175,9.4745,-0.007,-0.0016,9.8066,0.0022,0.1094,0.0036,-11.31,-33.94,26.69,325.85,-83.08,172.75
52.416348,-1.56831,169.93,24.59,3,168.53,18 / 21,2317010,2019-09-06 19:58:42:753,1.217,1.9543,10.5953,-0.0133,-0.0344,9.8065,0.1201,0.0207,0.0716,-12,-33.44,27.94,327.18,-82.98,174.7
52.416348,-1.56831,169.93,24.59,3,168.53,18 / 21,2317110,2019-09-06 19:58:42:853,0.2877,-1.0608,11.2964,-0.0141,-0.0049,9.8066,0.0405,0.049,-0.0086,-12.75,-33.12,27.75,327.56,-82.78,176.81
52.416348,-1.56831,169.93,24.59,3,168.53,18 / 21,2317210,2019-09-06 19:58:42:953,0.6746,0.5606,9.6705,0.0122,0.0086,9.8066,-0.0996,0.0998,-0.0486,-12.75,-33.37,27.88,327.28,-82.58,176.69
52.416348,-1.56831,169.93,24.59,3,168.53,18 / 21,2317309,2019-09-06 19:58:43:052,0.7512,0.8538,8.9936,-0.0019,0.0363,9.8065,-0.1165,0.0906,-0.0407,-12.56,-33.69,26.81,324.48,-82.54,175.34
52.416348,-1.56831,169.93,24.59,3,168.53,18 / 21,2317410,2019-09-06 19:58:43:153,0.5167,0.7971,8.9919,-0.0013,0.0279,9.8066,0.1116,0.0043,-0.0101,-12.31,-33.81,27.25,323.96,-82.89,172.95
52.416348,-1.56831,169.93,24.59,3,168.53,18 / 21,2317509,2019-09-06 19:58:43:252,0.7401,1.1476,9.9224,0.0092,-0.0238,9.8066,-0.0669,0.0614,0.0056,-12.56,-33.5,27.44,321.82,-82.86,172.62
52.416348,-1.56831,169.93,24.59,3,168.53,18 / 21,2317610,2019-09-06 19:58:43:353,0.9515,1.4882,9.9609,-0.01,0.019,9.8065,-0.0723,0.046,0.045,-12.25,-34.5,27.31,324.6,-82.71,173.65
52.416348,-1.56831,169.93,24.59,3,168.53,18 / 21,2317709,2019-09-06 19:58:43:452,0.0956,1.1468,10.1332,-0.0055,0.0134,9.8066,0.1603,0.0377,-0.0246,-12,-33.75,27.31,324.4,-82.71,173.47
52.416348,-1.56831,169.93,24.59,3,168.53,18 / 21,2317810,2019-09-06 19:58:43:553,0.8905,0.3671,10.1596,-0.0051,0.0191,9.8066,-0.0037,0.0634,-0.0783,-12.31,-33.81,27.38,323.73,-82.63,172.95
52.416348,-1.56831,169.93,24.59,3,168.53,18 / 21,2317909,2019-09-06 19:58:43:652,0.5682,0.8991,9.7721,0.0003,0.0136,9.8066,-0.0348,0.0378,0.0215,-12.56,-33.69,27.56,322.65,-82.57,172.76
52.416348,-1.56831,169.93,24.59,3,168.53,18 / 21,2318009,2019-09-06 19:58:43:752,-0.5239,1.3461,9.6776,0.0079,0.0075,9.8066,0.0457,0.0116,-0.0052,-12.37,-33.69,27.5,323.33,-82.66,171.65
52.416348,-1.56831,169.93,24.59,3,168.53,18 / 21,2318109,2019-09-06 19:58:43:852,0.8187,0.5941,9.5698,-0.0013,0.0122,9.8066,-0.0233,0.0356,0.0038,-12.31,-33.25,27.31,320.79,-82.77,170.1
52.416348,-1.56831,169.93,24.59,3,168.53,18 / 21,2318209,2019-09-06 19:58:43:952,0.8863,1.3499,9.8296,0.0102,0.0009,9.8066,-0.1299,0.0465,-0.0347,-12.62,-33.5,27.31,318.05,-82.65,169.42
52.416348,-1.56831,169.93,24.59,3,168.53,18 / 21,2318310,2019-09-06 19:58:44:053,-0.2022,2.1184,9.8254,-0.0066,0.0073,9.8065,0.1273,0.026,0.0376,-12.81,-33.44,27.25,317.35,-82.59,168.85
52.416348,-1.56831,169.93,24.59,3,168.53,18 / 20,2318409,2019-09-06 19:58:44:152,1.5364,0.4282,10.0706,-0.0181,0.0216,9.8066,0.0286,0.0974,-0.005,-12.69,-33.62,27.63,318.63,-82.68,169.11
52.416348,-1.56831,169.93,24.59,3,168.53,18 / 20,2318510,2019-09-06 19:58:44:253,0.2773,0.94,9.6685,-0.0011,-0.0101,9.8065,0.0119,0.0359,0.0169,-13.19,-33.5,27.69,320.4,-82.62,170.58
52.416348,-1.56831,169.93,24.59,3,168.53,18 / 20,2318609,2019-09-06 19:58:44:352,0.217,1.1219,9.6085,0.0068,-0.0076,9.8066,-0.0111,0.0033,0.009,-13.44,-33.19,27.06,319.48,-82.64,170.7
52.416348,-1.56831,169.93,24.59,3,168.53,18 / 20,2318710,2019-09-06 19:58:44:453,1.062,0.7819,9.4187,-0.0121,0.0058,9.8066,-0.0176,0.0543,0.0394,-13.62,-33.25,26.5,318.04,-82.86,170.86
52.416348,-1.56831,169.93,24.59,3,168.53,18 / 20,2318810,2019-09-06 19:58:44:553,1.1731,0.7428,9.4078,0.0223,-0.0088,9.8065,-0.0485,0.0731,-0.0565,-13.06,-33.94,26.69,319.26,-83.08,170.32
52.416348,-1.56831,169.93,24.59,3,168.53,18 / 20,2318910,2019-09-06 19:58:44:653,0.2122,0.4996,9.7655,0.0219,-0.0129,9.8066,0.0432,0.0408,-0.0379,-13.25,-33.56,26.88,317.97,-83.1,169.14
52.416348,-1.56831,169.93,24.59,3,168.53,18 / 20,2319009,2019-09-06 19:58:44:752,0.8759,1.3434,9.9962,0.0258,-0.0091,9.8065,0.0271,0.0335,-0.0675,-13.19,-33.69,26.75,315.52,-82.92,167.09
52.416348,-1.56831,169.93,24.59,3,168.53,18 / 20,2319110,2019-09-06 19:58:44:853,1.2509,0.662,10.0858,-0.0029,0.0079,9.8066,0.038,0.0151,0.0541,-13.44,-33.56,27.06,314.69,-82.9,166.37
52.416348,-1.56831,169.93,24.59,3,168.53,18 / 20,2319210,2019-09-06 19:58:44:953,0.3969,1.4394,9.8336,-0.0025,0.0169,9.8065,0.0005,0.0476,-0.0005,-13.56,-33.5,27.56,313.99,-82.88,166.19
52.416348,-1.56831,169.93,24.59,3,168.53,18 / 20,2319309,2019-09-06 19:58:45:052,0.3636,0.3204,9.9794,-0.0008,-0.0066,9.8066,-0.1048,0.0262,0.0419,-13.5,-33.25,26.44,313.56,-82.94,166.17
52.41452,-1.567095,170.74,24.36,3,145.93,20 / 22,2319410,2019-09-06 19:58:45:153,0.1321,0.9782,10.2986,0.0091,-0.0046,9.8066,0.0836,0.0573,-0.0286,-13.56,-33.69,27,311.94,-83.01,165.39
52.41452,-1.567095,170.74,24.36,3,145.93,20 / 22,2319509,2019-09-06 19:58:45:252,0.3925,-0.0317,9.2392,-0.0179,0.0489,9.8064,0.1039,0.0255,0.0907,-13.56,-33.25,26.44,309.19,-83.1,163.69
52.41452,-1.567095,170.74,24.36,3,145.93,20 / 22,2319609,2019-09-06 19:58:45:352,-0.2657,0.0997,9.2464,-0.031,0.0337,9.8065,0.0007,0.1014,-0.0436,-13.75,-33.56,26.31,309.37,-83.21,163.94
52.41452,-1.567095,170.74,24.36,3,145.93,20 / 22,2319710,2019-09-06 19:58:45:453,0.9792,-0.5909,10.1321,0.0063,-0.0181,9.8065,0.1159,-0.0017,-0.0189,-13.31,-33.69,26.25,312.6,-83.09,165.34
52.41452,-1.567095,170.74,24.36,3,145.93,20 / 22,2319809,2019-09-06 19:58:45:552,-0.3528,1.5631,10.926,0.0041,-0.0115,9.8066,0.0371,0.0465,0.1103,-13.19,-33.25,26.56,314.53,-83,165.97
52.41452,-1.567095,170.74,24.36,3,145.93,20 / 22,2319910,2019-09-06 19:58:45:653,0.6396,1.3127,10.8541,-0.0018,-0.0276,9.8065,-0.022,0.05,-0.0567,-13.69,-33.62,26.75,311.87,-82.93,165.4
52.41452,-1.567095,170.74,24.36,3,145.93,20 / 22,2320010,2019-09-06 19:58:45:753,3.0011,0.8871,9.5194,0.0629,-0.0242,9.8064,-0.3193,-0.0841,0.0694,-13.75,-33.75,26.38,311.12,-82.9,165.82
52.41452,-1.567095,170.74,24.36,3,145.93,20 / 22,2320110,2019-09-06 19:58:45:853,2.6816,-2.0657,10.1489,0.1077,-0.1099,9.8054,-0.2461,-0.0311,0.1751,-13.75,-33.25,26.13,309.55,-82.29,164.78
52.41452,-1.567095,170.74,24.36,3,145.93,20 / 22,2320210,2019-09-06 19:58:45:953,0.7995,-0.137,10.6419,0.047,-0.1196,9.8057,-0.1574,0.0374,-0.0934,-14.44,-33.25,27.19,313.18,-82.61,166.69
52.41452,-1.567095,170.74,24.36,3,145.93,20 / 22,2320310,2019-09-06 19:58:46:053,0.1365,-0.0867,9.2021,0.0082,-0.0113,9.8066,-0.3475,0.1134,-0.0156,-14.19,-33.56,26.19,312.71,-82.88,167.28
52.41452,-1.567095,170.74,24.36,3,145.93,19 / 20,2320409,2019-09-06 19:58:46:152,0.0958,1.7015,9.6848,0.0455,-0.0358,9.8064,0.3105,0.0426,-0.0189,-14.44,-33.56,26.69,312.47,-82.68,166.17
52.41452,-1.567095,170.74,24.36,3,145.93,19 / 20,2320510,2019-09-06 19:58:46:253,0.7235,1.3903,10.6198,-0.0338,0.0594,9.8063,0.218,0.0376,-0.102,-14.25,-33.44,25.94,310.12,-82.97,164.66
52.41452,-1.567095,170.74,24.36,3,145.93,19 / 20,2320609,2019-09-06 19:58:46:352,0.9503,1.1145,10.5981,-0.0373,0.0598,9.8064,-0.1564,0.0081,0.0939,-14.5,-33.5,26.63,310.67,-82.8,164.24
52.41452,-1.567095,170.74,24.36,3,145.93,19 / 20,2320709,2019-09-06 19:58:46:452,-0.0689,0.7241,9.5904,0.0139,-0.0319,9.8065,-0.0224,0.0332,0.0346,-14.31,-33.06,26.31,310.39,-82.39,165.44
52.41452,-1.567095,170.74,24.36,3,145.93,19 / 20,2320810,2019-09-06 19:58:46:553,-0.5933,-0.1936,9.3333,0.0191,-0.0244,9.8066,0.0775,0.0902,-0.0884,-14.94,-33.75,26.31,308.75,-82.29,165.83
52.41452,-1.567095,170.74,24.36,3,145.93,19 / 20,2320910,2019-09-06 19:58:46:653,-0.3609,2.1928,9.105,-0.0044,0.0419,9.8065,0.0654,0.1417,-0.0534,-14.56,-33.94,26.81,309.43,-82.41,165.21
52.41452,-1.567095,170.74,24.36,3,145.93,19 / 20,2321009,2019-09-06 19:58:46:752,1.1453,2.4343,9.8823,0.0004,0.0253,9.8066,-0.0333,0.0002,-0.0228,-14.69,-33.87,25.88,304.92,-82.56,162.08
52.41452,-1.567095,170.74,24.36,3,145.93,19 / 20,2321109,2019-09-06 19:58:46:852,-0.2171,1.115,9.5288,0.008,0.0101,9.8066,-0.0502,-0.0066,0.0072,-14.94,-33.19,25.94,303.96,-82.42,161.13
52.41452,-1.567095,170.74,24.36,3,145.93,19 / 20,2321210,2019-09-06 19:58:46:953,0.6018,1.4685,10.0201,-0.0133,0.0027,9.8066,0.0834,0.0886,0.0013,-14.12,-33.69,25.69,306.11,-82.33,161.83
52.41452,-1.567095,170.74,24.36,3,145.93,19 / 20,2321310,2019-09-06 19:58:47:053,1.0743,2.3986,10.0018,-0.0122,0.0112,9.8066,0.0068,-0.0439,0.0466,-14.87,-33.37,25.5,305.35,-82.34,162.48
52.41452,-1.567095,170.74,24.36,3,145.93,21 / 22,2321409,2019-09-06 19:58:47:152,0.0982,0.9269,10.3192,-0.0167,0.0207,9.8066,0.0563,0.0204,0.0398,-15.37,-33.62,25.44,304.74,-82.45,163.22
52.41452,-1.567095,170.74,24.36,3,145.93,21 / 22,2321510,2019-09-06 19:58:47:253,0.5957,0.3394,10.3014,-0.0076,0.0027,9.8066,0.1224,0.1238,-0.038,-14.87,-33.5,26.06,306.14,-82.37,163.17
52.41452,-1.567095,170.74,24.36,3,145.93,21 / 22,2321609,2019-09-06 19:58:47:352,0.8286,0.5512,9.3854,-0.0055,0.0092,9.8066,-0.0887,0.0814,-0.019,-14.94,-33.19,25.56,305.74,-82.34,162.83
52.41452,-1.567095,170.74,24.36,3,145.93,21 / 22,2321710,2019-09-06 19:58:47:453,0.2193,0.4332,9.6999,-0.0102,0.0183,9.8066,-0.005,0.0432,0.0099,-15.06,-33.87,26.13,304.94,-82.42,162.23
52.41452,-1.567095,170.74,24.36,3,145.93,21 / 22,2321809,2019-09-06 19:58:47:552,-0.1075,0.7592,9.6937,-0.0121,0.0266,9.8066,-0.0085,0.0617,0.0074,-14.5,-33.69,25.38,304.71,-82.45,161.6
52.41452,-1.567095,170.74,24.36,3,145.93,21 / 22,2321910,2019-09-06 19:58:47:653,0.8616,1.5292,9.3375,0.0302,-0.0243,9.8065,-0.0837,0.0845,-0.0659,-14.94,-33.56,25.5,303.41,-82.47,160.79
52.41452,-1.567095,170.74,24.36,3,145.93,21 / 22,2322009,2019-09-06 19:58:47:752,0.298,0.8396,9.9186,0.0419,-0.0408,9.8064,0.1054,0.0213,-0.026,-15.19,-33.69,25.38,301.5,-82.1,160.62
52.41452,-1.567095,170.74,24.36,3,145.93,21 / 22,2322110,2019-09-06 19:58:47:853,0.058,0.075,9.8214,-0.0159,0.0149,9.8066,0.0776,0.0531,0.0218,-15.31,-34.12,26.13,302.84,-82.23,160.51
52.41452,-1.567095,170.74,24.36,3,145.93,21 / 22,2322210,2019-09-06 19:58:47:953,0.547,-0.1768,9.674,-0.0045,0.0088,9.8066,-0.1101,0.0124,0.0501,-15.75,-33.56,26.06,300.96,-82.27,160.23
52.41452,-1.567095,170.74,24.36,3,145.93,21 / 22,2322310,2019-09-06 19:58:48:053,1.0996,0.3765,9.4182,0.0205,-0.0362,9.8065,-0.0826,0.057,-0.0433,-15.56,-33.5,26.31,300,-82.34,159.04
52.41452,-1.567095,170.74,24.36,3,145.93,20 / 21,2322409,2019-09-06 19:58:48:152,0.9672,0.0058,8.2535,0.0533,-0.0671,9.8062,0.3309,0.0601,0.0174,-15.69,-33.94,25.38,299.84,-81.88,160.84
52.41452,-1.567095,170.74,24.36,3,145.93,20 / 21,2322510,2019-09-06 19:58:48:253,0.5064,3.947,9.295,-0.0342,0.0293,9.8064,-0.3157,0.2368,-0.0667,-15.87,-33.81,24.63,300.71,-82.25,161.25
52.41452,-1.567095,170.74,24.36,3,145.93,20 / 21,2322609,2019-09-06 19:58:48:352,-0.6431,2.8859,9.2834,0.0498,-0.0357,9.8064,0.3832,-0.0129,-0.0105,-16,-33.25,25.25,300.36,-82.01,160.94
52.41452,-1.567095,170.74,24.36,3,145.93,20 / 21,2322710,2019-09-06 19:58:48:453,-0.6004,0.4858,10.0993,-0.0594,0.0642,9.8062,0.2568,-0.028,-0.0457,-16,-33.37,25.75,302.98,-82.37,161.78
52.41452,-1.567095,170.74,24.36,3,145.93,20 / 21,2322809,2019-09-06 19:58:48:552,0.7254,0.0317,9.0478,-0.0397,0.0427,9.8064,-0.175,0.0459,0.1107,-16.25,-33.75,24.94,301.75,-82.27,162.18
52.41452,-1.567095,170.74,24.36,3,145.93,20 / 21,2322909,2019-09-06 19:58:48:652,0.0396,1.4084,9.4901,-0.006,-0.0059,9.8066,-0.1227,0.0468,-0.06,-16.25,-34,24.63,302.06,-82.34,162.4
52.41452,-1.567095,170.74,24.36,3,145.93,20 / 21,2323010,2019-09-06 19:58:48:753,0.8827,0.1496,9.6537,-0.0096,0.0227,9.8066,-0.0786,0.0495,-0.0264,-16.31,-33.62,24.44,300.5,-82.51,162.06
52.41452,-1.567095,170.74,24.36,3,145.93,20 / 21,2323110,2019-09-06 19:58:48:853,-0.2073,1.6449,9.8197,0.0249,-0.0289,9.8065,-0.0706,0.0671,0.0634,-16.87,-33.44,25.44,300.42,-82.32,162.14
52.41452,-1.567095,170.74,24.36,3,145.93,20 / 21,2323209,2019-09-06 19:58:48:952,-0.53,0.4742,10.2376,0.0189,-0.0436,9.8065,0.1591,-0.017,-0.017,-16.19,-33.75,24.56,302.98,-82.33,163.25
52.41452,-1.567095,170.74,24.36,3,145.93,20 / 21,2323310,2019-09-06 19:58:49:053,-1.6295,0.7166,10.5636,-0.0405,0.0446,9.8064,0.2177,0.0056,-0.0716,-16.06,-33.12,24.94,305.03,-82.17,165.06
52.41452,-1.567095,170.74,24.36,3,145.93,18 / 20,2323409,2019-09-06 19:58:49:152,0.6519,-0.186,9.8731,-0.0148,0.0393,9.8065,0.06,-0.0184,-0.0367,-16.5,-33.62,24.81,303.16,-82.31,163.43
52.41452,-1.567095,170.74,24.36,3,145.93,18 / 20,2323510,2019-09-06 19:58:49:253,-0.3611,1.2512,10.3231,0.0148,-0.0176,9.8066,0.013,-0.0226,0.0023,-16.12,-33.25,24.13,300.43,-82.2,162.1
52.41452,-1.567095,170.74,24.36,3,145.93,18 / 20,2323609,2019-09-06 19:58:49:352,-0.3304,0.4228,10.5143,0.0002,0.002,9.8066,0.0938,0.1185,-0.0703,-15.81,-33.62,24.69,301.71,-82.29,162.12
52.41452,-1.567095,170.74,24.36,3,145.93,18 / 20,2323710,2019-09-06 19:58:49:453,-0.1028,2.4318,9.7379,0.0145,-0.0224,9.8066,-0.101,0.0323,-0.0496,-15.62,-34,23.56,300.8,-82.17,162.7
52.41452,-1.567095,170.74,24.36,3,145.93,18 / 20,2323810,2019-09-06 19:58:49:553,-0.8372,0.1614,9.9609,0.0113,-0.0145,9.8066,-0.1127,0.095,0.065,-16.37,-33.37,25.06,302.3,-82.24,162.5
52.41452,-1.567095,170.74,24.36,3,145.93,18 / 20,2323910,2019-09-06 19:58:49:653,0.1019,-0.0991,10.1921,-0.0098,0.0358,9.8065,-0.0815,0.1222,-0.0777,-16.25,-33.31,24.5,302.95,-82.18,163.16
52.41452,-1.567095,170.74,24.36,3,145.93,18 / 20,2324010,2019-09-06 19:58:49:753,-0.2184,0.9721,9.6334,-0.0095,0.0124,9.8066,-0.0932,0.022,-0.0367,-16.56,-34.06,24.69,299.21,-82.31,161.25
52.41452,-1.567095,170.74,24.36,3,145.93,18 / 20,2324110,2019-09-06 19:58:49:853,-0.0895,1.4981,10.4737,0.0211,-0.0106,9.8066,0.1893,0.0442,-0.0015,-16.56,-33.37,24.19,296.73,-82.11,160.23
52.41452,-1.567095,170.74,24.36,3,145.93,18 / 20,2324209,2019-09-06 19:58:49:952,1.2233,0.2087,10.108,0.0078,0.0185,9.8066,0.0432,0.0719,-0.1009,-16.44,-33.44,24.31,296.98,-82.08,159.03
52.41452,-1.567095,170.74,24.36,3,145.93,18 / 20,2324310,2019-09-06 19:58:50:053,0.3874,0.8135,10.258,0.0201,-0.0136,9.8066,-0.047,0.0167,0.0438,-16.75,-33.62,24.13,294.14,-82.01,158.16
52.41452,-1.567095,170.74,24.36,3,145.93,19 / 21,2324409,2019-09-06 19:58:50:152,1.0863,0.3182,9.6639,0.027,-0.0048,9.8066,-0.0053,0.0631,-0.028,-16.62,-33.69,23.88,293.1,-81.78,157.44
52.41452,-1.567095,170.74,24.36,3,145.93,19 / 21,2324510,2019-09-06 19:58:50:253,0.597,-0.4796,9.4539,-0.0307,0.0296,9.8065,-0.0967,0.0988,-0.0345,-16.62,-34.25,24.38,292.36,-81.96,156.54
52.41452,-1.567095,170.74,24.36,3,145.93,19 / 21,2324611,2019-09-06 19:58:50:354,0.3981,1.0886,9.4375,-0.0149,0.0054,9.8065,-0.0196,0.0091,0.0446,-16.44,-33.69,23.88,294.34,-81.96,156.95
52.41452,-1.567095,170.74,24.36,3,145.93,19 / 21,2324710,2019-09-06 19:58:50:453,0.416,0.0909,9.5888,-0.0014,0.0058,9.8066,0.1332,0.0423,-0.0076,-17.06,-33.25,23.56,292.39,-81.94,156.33
52.41452,-1.567095,170.74,24.36,3,145.93,19 / 21,2324810,2019-09-06 19:58:50:553,1.9756,-0.1557,9.4765,0.0268,-0.0184,9.8066,-0.0897,0.1444,-0.0162,-16.87,-34,23.63,291.61,-81.96,155.84
52.41452,-1.567095,170.74,24.36,3,145.93,19 / 21,2324909,2019-09-06 19:58:50:652,-0.8691,1.2529,9.2098,0.0339,-0.0298,9.8064,-0.0594,-0.0457,0.0074,-16.75,-33.56,23.81,291.9,-81.71,156.4
52.41452,-1.567095,170.74,24.36,3,145.93,19 / 21,2325009,2019-09-06 19:58:50:752,-0.4604,2.1704,9.9566,0.0456,-0.0382,9.8064,-0.069,0.0637,-0.0524,-17.06,-34.06,23.56,291.46,-81.74,155.95
52.41452,-1.567095,170.74,24.36,3,145.93,19 / 21,2325109,2019-09-06 19:58:50:852,0.5606,0.3576,9.2965,-0.0015,0.0255,9.8066,-0.021,0.0448,-0.1013,-16.75,-33.56,23.69,290.4,-81.79,154.9
52.41452,-1.567095,170.74,24.36,3,145.93,19 / 21,2325210,2019-09-06 19:58:50:953,-0.4811,0.8778,9.4808,0.0261,-0.042,9.8064,-0.0748,-0.0457,0.0502,-17.31,-33.81,22.75,289.04,-81.57,155.28
52.41452,-1.567095,170.74,24.36,3,145.93,19 / 21,2325310,2019-09-06 19:58:51:053,-0.8831,0.6721,9.3163,-0.0506,0.0255,9.8065,-0.2019,0.0074,0.0862,-17.69,-33.25,23.56,290.66,-81.72,156.33
52.41452,-1.567095,170.74,24.36,3,145.93,18 / 21,2325410,2019-09-06 19:58:51:153,0.8496,0.1926,9.7754,0.0006,0.0104,9.8066,-0.0061,0.028,-0.0215,-17,-33.87,23.13,290.15,-82,155.81
52.41452,-1.567095,170.74,24.36,3,145.93,18 / 21,2325510,2019-09-06 19:58:51:253,-0.6503,-0.2948,10.563,0.0279,-0.0025,9.8065,0.1867,-0.0671,-0.0676,-17.44,-33.37,24.25,291.11,-81.84,155.23
52.41452,-1.567095,170.74,24.36,3,145.93,18 / 21,2325609,2019-09-06 19:58:51:352,-0.2496,0.4205,10.5252,-0.0009,0.027,9.8065,0.105,0.041,-0.1179,-16.5,-33.31,24.13,290.06,-81.69,152.96
52.41452,-1.567095,170.74,24.36,3,145.93,18 / 21,2325710,2019-09-06 19:58:51:453,0.827,-1.2424,10.1272,0.0269,0.0012,9.8066,-0.1597,0.0188,0.0057,-17.06,-34,24.06,286.16,-81.55,151.12
52.41452,-1.567095,170.74,24.36,3,145.93,18 / 21,2325809,2019-09-06 19:58:51:552,-0.3605,1.4174,9.2863,0.0064,0.0043,9.8066,-0.1678,0.086,-0.0553,-17.12,-33.87,23.44,283.52,-81.41,150.18
52.41452,-1.567095,170.74,24.36,3,145.93,18 / 21,2325910,2019-09-06 19:58:51:653,-0.1549,0.4746,9.1377,0.0021,0.0033,9.8066,-0.0327,-0.043,-0.0334,-16.87,-33.44,23.06,282.54,-81.41,148.93
52.41452,-1.567095,170.74,24.36,3,145.93,18 / 21,2326009,2019-09-06 19:58:51:752,-0.2745,-0.6744,9.414,0.0063,0.0167,9.8066,-0.0179,-0.011,-0.0184,-16.81,-33.69,23.06,281.32,-81.45,148
52.41452,-1.567095,170.74,24.36,3,145.93,18 / 21,2326109,2019-09-06 19:58:51:852,0.0574,-0.4628,10.1139,0.0076,0.0062,9.8066,0.0516,0.0279,0.0075,-16.62,-33.62,23.06,280.39,-81.4,147.16
52.41452,-1.567095,170.74,24.36,3,145.93,18 / 21,2326210,2019-09-06 19:58:51:953,0.8164,-0.3607,10.3924,0.0143,-0.0035,9.8066,0.0671,0.0302,-0.0522,-16.06,-34.12,23.25,281.29,-81.27,146.77
52.41452,-1.567095,170.74,24.36,3,145.93,18 / 21,2326312,2019-09-06 19:58:52:055,-0.3319,0.4276,10.0227,-0.0037,0.027,9.8066,0.1091,0.0195,0.0425,-16,-34.12,23.56,282.27,-81.14,146.44
52.41452,-1.567095,170.74,24.36,3,145.93,15 / 20,2326409,2019-09-06 19:58:52:152,0.0692,-0.6548,9.7856,-0.0064,0.0034,9.8066,-0.033,-0.0071,-0.0847,-15.81,-34.5,23.69,281.05,-81.1,145.3
52.41452,-1.567095,170.74,24.36,3,145.93,15 / 20,2326510,2019-09-06 19:58:52:253,-0.4838,1.2668,9.5518,-0.0001,0.0243,9.8065,0.0016,-0.042,0.0574,-16.31,-34.31,23.13,278.59,-81.14,144.29
52.41452,-1.567095,170.74,24.36,3,145.93,15 / 20,2326610,2019-09-06 19:58:52:353,-0.6275,-0.1388,9.5181,-0.0231,0.0094,9.8066,-0.002,0.0292,-0.0241,-16.44,-34.31,23.38,278.07,-81.29,143.6
52.41452,-1.567095,170.74,24.36,3,145.93,15 / 20,2326710,2019-09-06 19:58:52:453,0.0902,0.0974,9.6709,-0.0265,0.0204,9.8065,-0.107,-0.02,-0.0261,-15.87,-34,23.56,279.5,-81.33,143.51
52.41452,-1.567095,170.74,24.36,3,145.93,15 / 20,2326810,2019-09-06 19:58:52:553,-1.3546,-1.1273,9.1291,0.0224,0.004,9.8065,-0.0506,-0.0407,0.0241,-16.25,-34.56,23.38,277.61,-81.16,143.63
52.41452,-1.567095,170.74,24.36,3,145.93,15 / 20,2326910,2019-09-06 19:58:52:653,0.514,-0.8735,9.2239,0.0007,0.0171,9.8066,0.0221,0.0854,-0.0706,-15.87,-34.5,23.25,276.84,-81.1,142.62
52.41452,-1.567095,170.74,24.36,3,145.93,15 / 20,2327009,2019-09-06 19:58:52:752,-1.0907,-0.5744,9.9878,0.0024,0.001,9.8066,0.0286,-0.0579,0.0732,-15.5,-34.19,23.38,277.62,-80.99,142.05
52.41452,-1.567095,170.74,24.36,3,145.93,15 / 20,2327109,2019-09-06 19:58:52:852,-0.8647,-0.9622,9.9603,0.0066,-0.0288,9.8065,0.1166,0.0625,0.0237,-16.25,-33.5,24.06,279.53,-80.98,143.65
52.41452,-1.567095,170.74,24.36,3,145.93,15 / 20,2327210,2019-09-06 19:58:52:953,-1.2392,0.3305,10.217,-0.0076,0.0074,9.8066,0.126,0.0274,0.0407,-16.56,-34.19,24.44,277.34,-81.1,143.09
52.41452,-1.567095,170.74,24.36,3,145.93,15 / 20,2327310,2019-09-06 19:58:53:053,0.3856,0.0518,9.5122,0.01,0.0047,9.8065,-0.0587,0.0592,-0.1344,-16.25,-34,23.38,276.93,-81.04,142.78
52.41452,-1.567095,170.74,24.36,3,145.93,16 / 19,2327410,2019-09-06 19:58:53:153,0.2167,-0.8271,9.5337,-0.003,0.0224,9.8066,0.0819,0.0118,0.0136,-15.81,-34.62,23.44,274.48,-80.97,140.78
52.41452,-1.567095,170.74,24.36,3,145.93,16 / 19,2327510,2019-09-06 19:58:53:253,-0.9108,0.3216,9.5006,-0.014,0.0151,9.8066,0.0082,-0.0463,-0.0039,-15.5,-35.06,22.5,275.64,-80.88,140.57
52.41452,-1.567095,170.74,24.36,3,145.93,16 / 19,2327609,2019-09-06 19:58:53:352,-0.8118,-0.864,10.1537,-0.0189,0.0198,9.8066,0.0385,-0.0028,-0.0413,-15.12,-34.19,22.63,276.07,-80.89,140.64
52.41452,-1.567095,170.74,24.36,3,145.93,16 / 19,2327709,2019-09-06 19:58:53:452,-0.4838,0.2125,9.9272,0.0123,-0.0179,9.8066,-0.0686,-0.0528,0.0278,-15.56,-34.37,23.06,273.9,-81,139.82
52.41452,-1.567095,170.74,24.36,3,145.93,16 / 19,2327810,2019-09-06 19:58:53:553,-0.6411,-0.6367,10.3155,0.019,-0.0234,9.8065,-0.1041,0.0033,-0.0064,-15.37,-34.69,23.69,277.97,-80.89,141.39
52.41452,-1.567095,170.74,24.36,3,145.93,16 / 19,2327910,2019-09-06 19:58:53:653,-0.8469,-0.7918,9.583,0.0122,-0.0103,9.8066,-0.0062,-0.0439,0.007,-15.12,-34.31,23.94,278.15,-80.89,141.25
52.41452,-1.567095,170.74,24.36,3,145.93,16 / 19,2328010,2019-09-06 19:58:53:753,-0.8009,0.1987,9.465,0.0036,0.0063,9.8066,-0.1011,-0.0029,0.0387,-16.06,-34.5,23.69,277.08,-80.94,141.6
52.41452,-1.567095,170.74,24.36,3,145.93,16 / 19,2328109,2019-09-06 19:58:53:852,-1.4855,-1.0173,9.5611,-0.0017,-0.0054,9.8066,-0.0182,0.0704,-0.0644,-16.31,-34.5,23.56,276.7,-81.1,141.04
52.41452,-1.567095,170.74,24.36,3,145.93,16 / 19,2328210,2019-09-06 19:58:53:953,-0.2257,-0.4292,10.3242,0.0111,0.0072,9.8066,0.1382,-0.0354,0.0336,-16.19,-33.94,23.38,275.11,-81.18,140.8
52.41452,-1.567095,170.74,24.36,3,145.93,16 / 19,2328309,2019-09-06 19:58:54:052,-0.5447,-1.7243,9.8253,0.0076,-0.0205,9.8066,-0.0742,0.0553,-0.0545,-16.12,-34.25,23.5,277.08,-81.03,141.5
52.41312,-1.564764,170.47,25.95,3,128.37,17 / 21,2328409,2019-09-06 19:58:54:152,-0.5785,-0.7587,10.7223,-0.0136,-0.0128,9.8066,-0.0039,0.0077,-0.123,-15.94,-34.25,24,277.18,-80.9,141.75
52.41312,-1.564764,170.47,25.95,3,128.37,17 / 21,2328510,2019-09-06 19:58:54:253,-0.322,-0.1537,9.366,0.0114,-0.0182,9.8066,-0.0413,0.03,-0.1149,-16.37,-34.44,23.81,277.31,-80.91,141.87
52.41312,-1.564764,170.47,25.95,3,128.37,17 / 21,2328609,2019-09-06 19:58:54:352,0.3697,-0.765,8.9107,-0.0155,0.0244,9.8066,0.1249,-0.02,0.063,-15.87,-34.25,23.06,273.74,-81.07,139.57
52.41312,-1.564764,170.47,25.95,3,128.37,17 / 21,2328710,2019-09-06 19:58:54:453,-0.5792,-0.3286,9.7107,0.0005,-0.023,9.8065,-0.1078,0.0245,0.0323,-16.06,-34.56,22.81,274.47,-81.07,140.63
52.41312,-1.564764,170.47,25.95,3,128.37,17 / 21,2328810,2019-09-06 19:58:54:553,-0.3797,0.4663,10.0952,0.005,-0.0115,9.8066,-0.1273,0.0126,0.0276,-16.56,-34.37,23.06,273.32,-81.11,140.52
52.41312,-1.564764,170.47,25.95,3,128.37,17 / 21,2328909,2019-09-06 19:58:54:652,0.4903,-1.6119,9.4518,0.0011,-0.0125,9.8066,0.0406,-0.0579,0.0797,-15.62,-34.94,22.56,275.78,-81.06,141.95
52.41312,-1.564764,170.47,25.95,3,128.37,17 / 21,2329010,2019-09-06 19:58:54:753,-0.2319,-0.8129,10.1229,-0.0087,-0.0007,9.8066,-0.009,-0.0248,-0.0582,-16.37,-34.69,23.13,275.77,-81.25,141.7
52.41312,-1.564764,170.47,25.95,3,128.37,17 / 21,2329110,2019-09-06 19:58:54:853,-0.7266,0.6962,9.97,-0.0081,0.0163,9.8066,-0.0475,0.0205,0.0546,-15.81,-34,23.06,275.66,-81.24,141.27
52.41312,-1.564764,170.47,25.95,3,128.37,17 / 21,2329210,2019-09-06 19:58:54:953,-0.1238,-0.8796,9.9903,0.0118,-0.019,9.8066,-0.0282,-0.021,0.0448,-16.56,-34,22.94,273.89,-81.18,141.01
52.41312,-1.564764,170.47,25.95,3,128.37,17 / 21,2329310,2019-09-06 19:58:55:053,0.0757,-0.9845,9.429,-0.0114,-0.0015,9.8066,-0.1121,0.0166,-0.0194,-16.25,-34.12,23.44,276.02,-81.26,141.61
52.41312,-1.564764,170.47,25.95,3,128.37,17 / 21,2329409,2019-09-06 19:58:55:152,-2.1243,0.1798,9.7909,0.0326,-0.0212,9.8066,0.0466,0.0095,-0.066,-16.69,-34.06,23.56,276,-81.14,141.71
52.41312,-1.564764,170.47,25.95,3,128.37,17 / 21,2329509,2019-09-06 19:58:55:252,-0.3388,-0.1234,9.8673,0.0157,-0.0019,9.8066,-0.0102,0.0031,-0.0081,-16.25,-34.06,23.06,275.07,-81.19,140.75
52.41312,-1.564764,170.47,25.95,3,128.37,17 / 21,2329609,2019-09-06 19:58:55:352,-1.3993,0.7834,9.9247,0.0107,-0.0099,9.8065,0.0247,-0.03,0.0772,-16.31,-33.81,23.38,274.81,-81.14,140.56
52.41312,-1.564764,170.47,25.95,3,128.37,17 / 21,2329709,2019-09-06 19:58:55:452,-0.842,-0.1692,9.9754,-0.0053,-0.0012,9.8066,-0.0789,-0.0508,-0.0163,-16.62,-33.44,23.06,273.92,-81.27,140.62
52.41312,-1.564764,170.47,25.95,3,128.37,17 / 21,2329809,2019-09-06 19:58:55:552,0.018,-0.2673,9.1166,-0.0016,-0.0083,9.8066,0.0003,-0.0631,0.0561,-17,-34.25,22.81,273.86,-81.44,140.66
52.41312,-1.564764,170.47,25.95,3,128.37,17 / 21,2329909,2019-09-06 19:58:55:652,-1.3513,0.3437,10.2164,0.011,0.0102,9.8066,-0.0683,-0.0011,-0.0492,-16.44,-33.81,22.75,274.67,-81.47,140.01
52.41312,-1.564764,170.47,25.95,3,128.37,17 / 21,2330010,2019-09-06 19:58:55:753,-0.0615,0.0631,9.9076,-0.0176,0.0083,9.8066,-0.0542,-0.065,0.0431,-16.25,-34.19,23.06,274.54,-81.52,139.81
52.41312,-1.564764,170.47,25.95,3,128.37,17 / 21,2330109,2019-09-06 19:58:55:852,0.1034,-1.0215,9.5716,-0.0061,0.0126,9.8066,-0.0825,0.0216,-0.0465,-16.69,-34.06,22.75,272.86,-81.49,139.59
52.41312,-1.564764,170.47,25.95,3,128.37,17 / 21,2330209,2019-09-06 19:58:55:952,0.1732,0.3288,9.8674,-0.0059,-0.0091,9.8065,-0.0516,-0.0291,0.0441,-16.5,-34.12,23.5,276.98,-81.58,140.72
52.41312,-1.564764,170.47,25.95,3,128.37,17 / 21,2330310,2019-09-06 19:58:56:053,-0.9675,-0.3107,9.714,0.0015,0.007,9.8066,-0.0528,0.0044,-0.0444,-16.37,-33.37,23.19,275.21,-81.59,140.08
52.41312,-1.564764,170.47,25.95,3,128.37,16 / 19,2330409,2019-09-06 19:58:56:152,-0.4664,-1.1228,9.831,0.006,-0.012,9.8066,-0.0105,0.0069,-0.0752,-16.37,-33.87,23.56,276.28,-81.63,139.97
52.41312,-1.564764,170.47,25.95,3,128.37,16 / 19,2330510,2019-09-06 19:58:56:253,-0.0147,-1.3634,9.4621,0.0272,0.0012,9.8066,-0.0382,-0.0059,0.0281,-16.25,-34.44,23,274.59,-81.45,139.94
52.41312,-1.564764,170.47,25.95,3,128.37,16 / 19,2330609,2019-09-06 19:58:56:352,-2.267,1.3545,10.0585,0.0281,-0.0132,9.8066,0.0617,0.0428,-0.1281,-16.25,-34.37,22.69,273.72,-81.39,139.15
52.41312,-1.564764,170.47,25.95,3,128.37,16 / 19,2330710,2019-09-06 19:58:56:453,-1.708,-0.2388,9.576,-0.0061,0.0172,9.8066,-0.01,0.0126,0.0534,-15.87,-34.56,22.56,273.67,-81.4,139.4
52.41312,-1.564764,170.47,25.95,3,128.37,16 / 19,2330810,2019-09-06 19:58:56:553,-0.8162,-0.4685,9.5757,-0.0077,0.0015,9.8066,0.0031,0.0364,-0.0075,-16,-35.25,22.56,272.67,-81.48,138.3
52.41312,-1.564764,170.47,25.95,3,128.37,16 / 19,2330910,2019-09-06 19:58:56:653,0.4696,-1.0709,9.3355,-0.0216,0.0113,9.8065,0.1119,0.0135,0.036,-15.12,-35.31,23.25,274.59,-81.62,138.54
52.41312,-1.564764,170.47,25.95,3,128.37,16 / 19,2331009,2019-09-06 19:58:56:752,-0.5981,-0.9469,8.5346,-0.0092,-0.0156,9.8066,-0.0607,-0.02,-0.0263,-16.56,-35.12,23.38,272.75,-81.7,139.51
52.41312,-1.564764,170.47,25.95,3,128.37,16 / 19,2331110,2019-09-06 19:58:56:853,-0.8956,0.036,9.3902,-0.0419,0.0367,9.8064,0.1654,-0.0523,0.0813,-16.5,-34.44,23.06,273.73,-82.02,138.36
52.41312,-1.564764,170.47,25.95,3,128.37,16 / 19,2331210,2019-09-06 19:58:56:953,-0.7289,-0.8067,8.1666,0.0218,-0.0126,9.8065,-0.2788,0.0696,0.0228,-16.37,-35,22.94,274.09,-82.09,138.93
52.41312,-1.564764,170.47,25.95,3,128.37,16 / 19,2331309,2019-09-06 19:58:57:052,-1.0119,-0.394,9.0953,0.0239,-0.0221,9.8065,-0.0035,-0.025,0.0831,-16.69,-34.56,22.19,269.78,-82.2,137.41
52.41312,-1.564764,170.47,25.95,3,128.37,17 / 21,2331409,2019-09-06 19:58:57:152,-1.3997,0.5222,10.7438,0.0142,-0.0068,9.8066,0.0419,0.0138,0.102,-16.31,-34.94,22.38,272.16,-82.03,138.58
52.41312,-1.564764,170.47,25.95,3,128.37,17 / 21,2331510,2019-09-06 19:58:57:253,-0.5607,-0.857,9.8864,0.0271,-0.0313,9.8065,0.0975,0.0361,-0.0364,-16.19,-34.75,22.06,273.28,-81.89,139.88
52.41312,-1.564764,170.47,25.95,3,128.37,17 / 21,2331610,2019-09-06 19:58:57:353,-1.1183,0.4689,9.8372,-0.0179,0.0018,9.8066,0.0841,-0.012,-0.004,-15.75,-34.69,22.19,273.35,-81.96,139.87
52.41312,-1.564764,170.47,25.95,3,128.37,17 / 21,2331710,2019-09-06 19:58:57:453,0.1381,-0.2677,9.0276,-0.0242,0.0201,9.8065,-0.0798,-0.0455,0.022,-16.31,-34.31,22,273.77,-82.21,139.66
52.41312,-1.564764,170.47,25.95,3,128.37,17 / 21,2331809,2019-09-06 19:58:57:552,-0.8978,0.4514,9.8916,-0.0193,0.0129,9.8065,0.0058,0.0491,-0.0217,-16.31,-34.81,22.56,274.26,-82.36,138.75
52.41312,-1.564764,170.47,25.95,3,128.37,17 / 21,2331909,2019-09-06 19:58:57:652,-0.0468,-0.2656,9.7023,-0.0108,0.0121,9.8066,-0.0452,-0.0226,0.0457,-16.19,-34.31,22.5,274.35,-82.34,138.58
52.41312,-1.564764,170.47,25.95,3,128.37,17 / 21,2332009,2019-09-06 19:58:57:752,-1.3925,-0.616,9.8851,-0.0045,-0.0033,9.8066,0.0332,-0.0318,0.004,-15.94,-34.62,22.38,274.07,-82.38,140.02
52.41312,-1.564764,170.47,25.95,3,128.37,17 / 21,2332110,2019-09-06 19:58:57:853,0.1632,-1.3463,9.8187,-0.0232,0.0097,9.8066,-0.1098,-0.0297,0.0082,-16.06,-34.81,22.63,275.86,-82.44,140.23
52.41312,-1.564764,170.47,25.95,3,128.37,17 / 21,2332210,2019-09-06 19:58:57:953,-1.2849,0.0097,10.0351,0.0042,-0.0068,9.8066,-0.0276,-0.0266,0.0443,-16.5,-34.56,22.56,276.2,-82.42,140.59
52.41312,-1.564764,170.47,25.95,3,128.37,17 / 21,2332309,2019-09-06 19:58:58:052,-0.8177,-0.59,9.8097,-0.0076,-0.0062,9.8066,-0.0589,-0.0038,-0.0009,-16.44,-34.69,23,277.29,-82.48,141.59
52.41312,-1.564764,170.47,25.95,3,128.37,17 / 21,2332410,2019-09-06 19:58:58:153,-1.6513,-0.0874,9.9072,-0.0007,-0.0027,9.8066,-0.0339,-0.0188,-0.0079,-16.44,-34.94,22.88,277.63,-82.63,141.73
52.41312,-1.564764,170.47,25.95,3,128.37,17 / 21,2332510,2019-09-06 19:58:58:253,-0.6743,-0.0115,10.2404,0.0097,0.0038,9.8066,0.0409,0.0142,0.0238,-16.62,-34.94,22.75,275.46,-82.7,140.95
52.41312,-1.564764,170.47,25.95,3,128.37,17 / 21,2332609,2019-09-06 19:58:58:352,-0.5019,-0.3298,10.0178,0.0299,-0.0356,9.8065,-0.1197,0.0343,-0.0685,-16.25,-34.62,22.25,275.56,-82.61,141.2
52.41312,-1.564764,170.47,25.95,3,128.37,17 / 21,2332710,2019-09-06 19:58:58:453,-0.5996,-0.2623,10.1109,0.0151,-0.0121,9.8066,0.0675,-0.0531,0.0139,-16.44,-34.37,22.56,276.36,-82.62,140.22
52.41312,-1.564764,170.47,25.95,3,128.37,17 / 21,2332809,2019-09-06 19:58:58:552,-0.2382,0.2599,10.7387,0.0039,0.0152,9.8065,-0.1193,0.0351,-0.0805,-15.94,-35,22.75,275,-82.63,139.12
52.41312,-1.564764,170.47,25.95,3,128.37,17 / 21,2332910,2019-09-06 19:58:58:653,-0.0737,-0.5463,10.203,0.0305,-0.037,9.8065,0.0046,0.014,0.0655,-16.75,-34.87,22,273.58,-82.54,140.78
52.41312,-1.564764,170.47,25.95,3,128.37,17 / 21,2333010,2019-09-06 19:58:58:753,-0.1244,-0.9628,9.0705,0.0156,-0.0263,9.8066,0.1057,-0.0045,0.0442,-16.37,-34.87,23.38,276.93,-82.65,141.01
52.41312,-1.564764,170.47,25.95,3,128.37,17 / 21,2333110,2019-09-06 19:58:58:853,-0.2771,-0.5928,9.2739,0.0044,0.002,9.8066,-0.1444,-0.048,-0.0305,-16.56,-34.31,22.44,273.69,-82.75,140.34
52.41312,-1.564764,170.47,25.95,3,128.37,17 / 21,2333210,2019-09-06 19:58:58:953,-1.602,-0.2094,9.8242,0.025,-0.019,9.8065,-0.1371,0.0221,-0.0424,-16.44,-35.06,22.5,276.45,-82.7,140.47
52.41312,-1.564764,170.47,25.95,3,128.37,17 / 21,2333310,2019-09-06 19:58:59:053,-1.1284,0.6033,9.4548,-0.0251,0.0137,9.8066,0.0102,0.0023,0.0864,-16.44,-34.69,21.88,274.3,-82.9,139.56
52.41312,-1.564764,170.47,25.95,3,128.37,18 / 21,2333409,2019-09-06 19:58:59:152,0.6039,-0.2377,10.253,-0.0085,0.0106,9.8066,0.0031,0.0651,-0.0943,-16.37,-35.12,21.88,274.22,-82.94,139.42
52.41312,-1.564764,170.47,25.95,3,128.37,18 / 21,2333510,2019-09-06 19:58:59:253,-0.7111,0.2398,11.3227,-0.0198,0.0038,9.8065,0.1009,-0.0023,0.0679,-15.94,-34.5,22.13,273.84,-83.2,138.45
52.41312,-1.564764,170.47,25.95,3,128.37,18 / 21,2333609,2019-09-06 19:58:59:352,-0.0427,-0.7788,10.4106,-0.0289,0.0378,9.8065,0.0676,-0.0224,-0.0454,-16.19,-34.75,22.06,273.46,-83.11,138.44
52.41312,-1.564764,170.47,25.95,3,128.37,18 / 21,2333710,2019-09-06 19:58:59:453,-0.9761,-0.8885,10.5367,0.0105,0.0103,9.8066,0.1045,-0.0071,-0.0655,-15.75,-34.94,22.56,275.02,-82.89,138.81
52.41312,-1.564764,170.47,25.95,3,128.37,18 / 21,2333810,2019-09-06 19:58:59:553,-1.3173,-0.5122,9.6381,-0.0181,0.0154,9.8065,0.0621,0.0035,0.0878,-15.62,-34.44,22.56,274.52,-82.84,138.12
52.41312,-1.564764,170.47,25.95,3,128.37,18 / 21,2333910,2019-09-06 19:58:59:653,-0.5014,-0.5015,9.8284,0.0102,0.0012,9.8066,-0.0186,0.0057,-0.0627,-16,-35.06,22.75,274.64,-82.79,138.56
52.41312,-1.564764,170.47,25.95,3,128.37,18 / 21,2334010,2019-09-06 19:58:59:753,-1.084,-0.3777,9.6603,-0.0062,-0.0108,9.8066,0.0565,-0.0417,0.0465,-15.56,-34.69,22.81,274.89,-82.91,138.67
52.41312,-1.564764,170.47,25.95,3,128.37,18 / 21,2334110,2019-09-06 19:58:59:853,-0.9015,-0.8878,9.555,0.014,-0.0053,9.8065,-0.051,-0.0052,-0.0286,-16.12,-34.25,22.44,273.56,-82.88,138.57
52.41312,-1.564764,170.47,25.95,3,128.37,18 / 21,2334210,2019-09-06 19:58:59:953,-1.529,-0.8814,10.29,0.0046,-0.0076,9.8066,0.0241,-0.0253,0.0293,-16.19,-35.31,22.63,274.85,-82.92,138.61
52.41312,-1.564764,170.47,25.95,3,128.37,18 / 21,2334310,2019-09-06 19:59:00:053,-0.0093,-1.1487,9.6003,0.0047,-0.0036,9.8066,-0.0183,-0.0539,0.01,-16.06,-34.37,22.56,274.56,-82.92,138.06
52.41312,-1.564764,170.47,25.95,3,128.37,19 / 20,2334410,2019-09-06 19:59:00:153,-1.8607,0.3257,10.1348,-0.0151,0.0271,9.8066,-0.0844,-0.0538,-0.0354,-16,-34.94,22.56,274.16,-82.81,138.05
52.41312,-1.564764,170.47,25.95,3,128.37,19 / 20,2334509,2019-09-06 19:59:00:252,-1.5534,-0.0904,9.4865,-0.0029,0.0071,9.8066,0.0371,0.0154,-0.0022,-16,-34.31,22.69,273.16,-82.87,136.73
52.41312,-1.564764,170.47,25.95,3,128.37,19 / 20,2334610,2019-09-06 19:59:00:353,-1.618,0.2005,10.1557,-0.008,0.0103,9.8066,-0.0268,0.0031,-0.0007,-15.5,-35.06,22.25,272.6,-82.87,136.36
52.41312,-1.564764,170.47,25.95,3,128.37,19 / 20,2334709,2019-09-06 19:59:00:452,-1.2148,-0.0576,9.8519,-0.0165,0.0152,9.8066,0.0318,-0.0135,-0.0125,-16.19,-34.87,23.13,272.02,-82.91,135.79
52.41312,-1.564764,170.47,25.95,3,128.37,19 / 20,2334810,2019-09-06 19:59:00:553,-0.7834,-0.5672,10.1159,0.0065,-0.0358,9.8065,0.1121,0.0332,0.0623,-15.37,-34.25,22.75,274.7,-83.03,136.53
52.41312,-1.564764,170.47,25.95,3,128.37,19 / 20,2334910,2019-09-06 19:59:00:653,-1.3407,-0.9372,9.7071,0.0075,-0.0169,9.8066,-0.0143,-0.0352,-0.0395,-15.81,-34.56,22.75,274.74,-83.13,138.22
52.41312,-1.564764,170.47,25.95,3,128.37,19 / 20,2335009,2019-09-06 19:59:00:752,-1.1651,-1.9847,9.9677,0.0025,-0.0181,9.8066,0.064,-0.1341,0.0356,-15.75,-34.75,22.94,276.4,-83.16,139.84
52.41312,-1.564764,170.47,25.95,3,128.37,19 / 20,2335109,2019-09-06 19:59:00:852,-1.2176,-0.133,10.1002,0.0104,-0.0255,9.8065,0.0567,-0.0549,0.0763,-15.87,-34.56,22.88,277.77,-83.2,141.13
52.41312,-1.564764,170.47,25.95,3,128.37,19 / 20,2335209,2019-09-06 19:59:00:952,-0.8393,-0.2289,9.8799,0.001,0.0112,9.8066,-0.0178,-0.0097,-0.1209,-15.56,-34.69,22.38,275.73,-83.31,140.43
52.41312,-1.564764,170.47,25.95,3,128.37,19 / 20,2335310,2019-09-06 19:59:01:053,-0.819,-0.4825,9.5136,-0.011,0.0052,9.8066,-0.0454,-0.1197,0.0691,-15.56,-35.12,22.19,273.83,-83.43,138.38
52.41312,-1.564764,170.47,25.95,3,128.37,19 / 21,2335409,2019-09-06 19:59:01:152,-1.1894,-0.0101,9.2771,0.0144,0.0119,9.8066,-0.0465,-0.035,-0.0044,-15.81,-34.81,22.75,273.88,-83.39,137.04
52.41312,-1.564764,170.47,25.95,3,128.37,19 / 21,2335510,2019-09-06 19:59:01:253,-1.3915,-0.5872,9.2705,-0.0277,0.02,9.8065,0.0038,-0.0569,-0.0219,-15,-35,22.69,275.76,-83.33,137.44
52.41312,-1.564764,170.47,25.95,3,128.37,19 / 21,2335610,2019-09-06 19:59:01:353,-2.245,-0.9857,9.7476,-0.0234,0.005,9.8066,0.0222,-0.1115,0.039,-15,-35.31,23.19,276.07,-83.58,137.42
52.41312,-1.564764,170.47,25.95,3,128.37,19 / 21,2335710,2019-09-06 19:59:01:453,-0.5869,-1.0924,10.7606,-0.0069,-0.0025,9.8066,0.0789,-0.0387,0.0684,-15,-34.81,22.94,277.43,-83.56,138.79
52.41312,-1.564764,170.47,25.95,3,128.37,19 / 21,2335809,2019-09-06 19:59:01:552,-1.3334,-0.3725,10.6563,0.0065,-0.0188,9.8066,-0.0226,0.054,-0.0285,-14.75,-34.62,23.31,279.94,-83.38,141.5
52.41312,-1.564764,170.47,25.95,3,128.37,19 / 21,2335910,2019-09-06 19:59:01:653,-2.1448,-0.9132,9.955,-0.0096,-0.0096,9.8066,0.076,-0.0949,0.0934,-15.37,-34.31,23.31,281.8,-83.43,143.01
52.41312,-1.564764,170.47,25.95,3,128.37,19 / 21,2336010,2019-09-06 19:59:01:753,-1.9653,0.3758,10.308,0.007,0.009,9.8066,-0.0315,-0.0065,-0.0969,-15.69,-33.94,23.69,281.39,-83.49,142.72
52.41312,-1.564764,170.47,25.95,3,128.37,19 / 21,2336110,2019-09-06 19:59:01:853,-0.2977,-0.9751,9.7844,0.013,-0.0144,9.8066,-0.1002,-0.0546,0.0308,-15.5,-33.75,23.31,280.22,-83.6,141.25
52.41312,-1.564764,170.47,25.95,3,128.37,19 / 21,2336210,2019-09-06 19:59:01:953,-0.868,-1.0207,9.9175,0.0136,-0.0187,9.8065,-0.0418,-0.0304,0.0611,-15.19,-34.62,23.63,281.96,-83.55,141.89
52.41312,-1.564764,170.47,25.95,3,128.37,19 / 21,2336309,2019-09-06 19:59:02:052,-0.69,-1.4689,9.2287,-0.0089,0.0057,9.8066,-0.0363,-0.0123,-0.0498,-15.06,-34.62,24,282.47,-83.63,142.3
52.41312,-1.564764,170.47,25.95,3,128.37,18 / 21,2336410,2019-09-06 19:59:02:153,-1.5035,-0.041,9.5816,-0.0274,0.0206,9.8065,-0.1021,-0.0954,0.0357,-15.69,-34.69,23.81,281.69,-83.58,143.13
52.41312,-1.564764,170.47,25.95,3,128.37,18 / 21,2336509,2019-09-06 19:59:02:252,-1.8673,-0.2003,10.2069,-0.0209,0.0297,9.8065,0.1707,-0.0172,0.0332,-15.31,-34.31,23.5,282.73,-83.69,142.25
52.41312,-1.564764,170.47,25.95,3,128.37,18 / 21,2336609,2019-09-06 19:59:02:352,0.7669,-0.8645,10.3204,-0.0205,0.0125,9.8066,0.1247,0.0026,0.0007,-15.56,-33.87,24.25,282.5,-83.63,143.65
52.41312,-1.564764,170.47,25.95,3,128.37,18 / 21,2336710,2019-09-06 19:59:02:453,-0.5422,-0.9385,10.3163,-0.0054,-0.0241,9.8066,0.1069,-0.0765,0.0787,-15.75,-33.75,24.44,284.85,-83.63,145.93
52.41312,-1.564764,170.47,25.95,3,128.37,18 / 21,2336809,2019-09-06 19:59:02:552,-0.9052,-0.4144,9.5238,-0.0145,0.0103,9.8065,0.0053,0.0153,-0.0087,-15.56,-34.25,23.81,285.38,-83.76,146.3
52.41312,-1.564764,170.47,25.95,3,128.37,18 / 21,2336909,2019-09-06 19:59:02:652,-1.4586,0.3286,9.2122,0.0072,-0.0193,9.8066,-0.036,-0.0853,-0.002,-15.69,-34.19,24.38,285.71,-83.84,146.51
52.41312,-1.564764,170.47,25.95,3,128.37,18 / 21,2337009,2019-09-06 19:59:02:752,-1.8601,-0.816,9.8545,0.0046,-0.0283,9.8065,0.0616,-0.067,0.0672,-15.37,-34.25,24.44,289.1,-83.9,148.17
52.41312,-1.564764,170.47,25.95,3,128.37,18 / 21,2337110,2019-09-06 19:59:02:853,-0.408,-1.9514,10.6224,-0.0068,-0.0112,9.8066,-0.0283,-0.0133,0.0221,-15.87,-33.94,24.31,290.88,-83.97,151.35
52.41312,-1.564764,170.47,25.95,3,128.37,18 / 21,2337210,2019-09-06 19:59:02:953,-1.8956,-0.7423,10.3353,0.0027,-0.0125,9.8066,-0.0072,-0.1285,0.012,-15.37,-34.06,23.88,293.85,-83.89,152.72
52.41312,-1.564764,170.47,25.95,3,128.37,18 / 21,2337310,2019-09-06 19:59:03:053,-2.3909,-0.1513,10.7224,-0.0066,0.011,9.8066,0.055,-0.0645,-0.012,-15.62,-33.06,24.25,291.68,-83.86,152.04
52.411816,-1.562087,168.03,25.2,3,134.07,19 / 20,2337409,2019-09-06 19:59:03:152,-0.7659,-0.6193,10.0777,0.0054,0.0176,9.8066,-0.0516,-0.1038,-0.008,-15,-33.81,24.56,293.4,-83.7,151.27
52.411816,-1.562087,168.03,25.2,3,134.07,19 / 20,2337510,2019-09-06 19:59:03:253,-1.1847,-1.0472,9.8192,0.0157,0.0051,9.8066,-0.0071,-0.0708,-0.0308,-15.06,-33.87,24.88,291.75,-83.65,149.75
52.411816,-1.562087,168.03,25.2,3,134.07,19 / 20,2337610,2019-09-06 19:59:03:353,-0.6195,-0.874,10.3687,-0.0074,0.016,9.8066,0.0383,-0.0093,-0.0505,-14.44,-34,24.69,292.58,-83.67,148.92
52.411816,-1.562087,168.03,25.2,3,134.07,19 / 20,2337709,2019-09-06 19:59:03:452,-1.2698,-0.7976,9.6544,-0.0123,0.0094,9.8066,-0.0236,-0.074,0.0199,-14.56,-33.87,25.06,290.97,-83.6,149.06
52.411816,-1.562087,168.03,25.2,3,134.07,19 / 20,2337809,2019-09-06 19:59:03:552,-2.5003,0.8268,10.4179,-0.0141,0.0054,9.8066,0.1372,-0.042,0.0121,-14.19,-33.94,24.94,292.54,-83.58,149
52.411816,-1.562087,168.03,25.2,3,134.07,19 / 20,2337909,2019-09-06 19:59:03:652,-1.1752,-0.2051,10.5655,0.0064,0.0082,9.8065,0.0396,0.0172,-0.0756,-14,-33.56,25.31,292.95,-83.51,149.45
52.411816,-1.562087,168.03,25.2,3,134.07,19 / 20,2338010,2019-09-06 19:59:03:753,0.2189,0.5561,9.5146,-0.0058,0.0442,9.8065,0.1869,-0.1314,0.0482,-13.56,-33.25,24.75,290.15,-83.34,146.76
52.411816,-1.562087,168.03,25.2,3,134.07,19 / 20,2338109,2019-09-06 19:59:03:852,-2.277,-0.1568,9.9293,-0.0049,0.0248,9.8065,0.1258,-0.0285,0.0031,-14.37,-33.56,25.25,289.31,-83.13,146.44
52.411816,-1.562087,168.03,25.2,3,134.07,19 / 20,2338210,2019-09-06 19:59:03:953,-0.8767,-0.27,10.0201,-0.0134,-0.0141,9.8065,-0.0944,-0.0193,0.0179,-14.44,-33.31,25.19,293.18,-83.18,149.84
52.411816,-1.562087,168.03,25.2,3,134.07,19 / 20,2338310,2019-09-06 19:59:04:053,-1.8268,-0.3905,9.7688,-0.0053,-0.0314,9.8065,-0.0041,-0.1084,0.0493,-14.5,-32.62,24.88,295.71,-83.23,152.18
52.411816,-1.562087,168.03,25.2,3,134.07,20 / 22,2338410,2019-09-06 19:59:04:153,-0.7881,-0.652,9.8625,-0.0137,-0.0059,9.8066,0.0114,0.023,0.0369,-14.25,-32,24.63,296.91,-83.33,153
52.411816,-1.562087,168.03,25.2,3,134.07,20 / 22,2338510,2019-09-06 19:59:04:253,-0.8934,-1.1825,9.7913,-0.0191,-0.0157,9.8065,0.0085,-0.0315,0.1136,-13.94,-31.31,22.25,296.3,-83.51,155.86
52.411816,-1.562087,168.03,25.2,3,134.07,20 / 22,2338609,2019-09-06 19:59:04:352,-1.8232,-0.4148,10.4966,0.0062,-0.0419,9.8065,0.0301,-0.0967,0.0086,-13.12,-34.19,21.06,300.26,-83.59,159.85
52.411816,-1.562087,168.03,25.2,3,134.07,20 / 22,2338710,2019-09-06 19:59:04:453,-1.8604,-1.3477,9.9991,0.0086,0.0093,9.8066,-0.046,-0.0087,-0.1335,-12.69,-37.37,22.56,301.89,-83.59,159.2
52.411816,-1.562087,168.03,25.2,3,134.07,20 / 22,2338810,2019-09-06 19:59:04:553,0.2203,-1.532,8.0285,0.0147,-0.0004,9.8066,-0.3079,0.0861,-0.0053,-12.25,-41,25.31,303.77,-83.51,157.6
52.411816,-1.562087,168.03,25.2,3,134.07,20 / 22,2338909,2019-09-06 19:59:04:652,-2.7832,-1.9394,9.9312,0.0166,-0.0213,9.8066,-0.1829,-0.1506,0.0573,-14.19,-38.25,30.5,306.08,-83.53,156.43
52.411816,-1.562087,168.03,25.2,3,134.07,20 / 22,2339010,2019-09-06 19:59:04:753,-0.2056,-1.6846,9.5987,0.0596,-0.1025,9.8059,-0.1588,-0.0171,-0.1055,-14.69,-34,29.5,301.29,-83.85,153.35
52.411816,-1.562087,168.03,25.2,3,134.07,20 / 22,2339110,2019-09-06 19:59:04:853,-1.422,2.2827,9.842,0.0574,-0.125,9.8057,-0.2349,0.1011,-0.0027,-14.31,-32.62,27.69,304.67,-83.27,157.27
52.411816,-1.562087,168.03,25.2,3,134.07,20 / 22,2339209,2019-09-06 19:59:04:952,-0.6107,2.0557,8.6457,0.0417,-0.026,9.8065,0.0631,-0.1539,-0.0371,-14.31,-32.94,27.56,303.56,-82.97,156.53
52.411816,-1.562087,168.03,25.2,3,134.07,20 / 22,2339310,2019-09-06 19:59:05:053,-2.7458,0.1964,9.0053,0.0804,-0.0735,9.806,-0.0925,0.1632,-0.2308,-14.31,-32.87,26.38,298.53,-82.62,154.33
52.411816,-1.562087,168.03,25.2,3,134.07,20 / 21,2339410,2019-09-06 19:59:05:153,-0.3298,0.986,9.8772,-0.012,0.0626,9.8064,0.0679,-0.0131,-0.0636,-14,-33.31,27.31,297.91,-82.87,152.38
52.411816,-1.562087,168.03,25.2,3,134.07,20 / 21,2339510,2019-09-06 19:59:05:253,-1.547,-1.4037,9.8293,-0.0129,-0.0234,9.8066,0.1668,-0.1059,0.0502,-13.87,-33.5,26.69,296.73,-82.95,151.18
52.411816,-1.562087,168.03,25.2,3,134.07,20 / 21,2339609,2019-09-06 19:59:05:352,-1.7426,-0.5514,10.1941,-0.0003,-0.0051,9.8066,-0.0532,0.0487,-0.0231,-13.62,-32.87,26.88,298.54,-83.03,152.8
52.411816,-1.562087,168.03,25.2,3,134.07,20 / 21,2339709,2019-09-06 19:59:05:452,-1.6982,-1.0687,10.6289,-0.0089,-0.003,9.8066,0.0644,-0.058,0.005,-14.31,-33.44,26.81,299.69,-82.98,153.93
52.411816,-1.562087,168.03,25.2,3,134.07,20 / 21,2339809,2019-09-06 19:59:05:552,0.6785,-1.7367,10.8102,0.0164,-0.0228,9.8065,-0.097,-0.079,0.0525,-14.19,-33,26.81,299.92,-82.64,154.49
52.411816,-1.562087,168.03,25.2,3,134.07,20 / 21,2339910,2019-09-06 19:59:05:653,-2.3902,-1.078,9.4558,-0.0101,0.0113,9.8065,-0.2758,0.104,-0.0586,-13.69,-33.31,26.75,299.66,-82.55,154.34
52.411816,-1.562087,168.03,25.2,3,134.07,20 / 21,2340010,2019-09-06 19:59:05:753,-1.8492,-0.2938,11.2701,0.0299,-0.0057,9.8066,-0.1698,0.0132,-0.1101,-14,-33.37,27.19,299.96,-82.3,154.88
52.411816,-1.562087,168.03,25.2,3,134.07,20 / 21,2340109,2019-09-06 19:59:05:852,-0.417,-1.0837,10.2332,0.0535,-0.0645,9.8062,-0.1132,0.0112,-0.1049,-13.94,-33.87,26.38,298.23,-82.09,154.84
52.411816,-1.562087,168.03,25.2,3,134.07,20 / 21,2340209,2019-09-06 19:59:05:952,-3.3087,0.312,9.2327,0.0081,-0.0012,9.8066,-0.1296,0.0051,-0.0157,-13.5,-33,26.88,300.25,-82.2,153.66
52.411816,-1.562087,168.03,25.2,3,134.07,20 / 21,2340309,2019-09-06 19:59:06:052,-0.5386,0.7214,8.7821,0.0326,-0.0302,9.8065,-0.1136,-0.0028,-0.0231,-13.12,-33.44,26.44,297.27,-82.03,152.17
52.411816,-1.562087,168.03,25.2,3,134.07,18 / 21,2340410,2019-09-06 19:59:06:153,-1.5647,0.0226,10.5075,-0.021,0.0252,9.8066,0.1769,-0.0481,0.0177,-13.5,-33.62,28,298.88,-82.24,151.54
52.411816,-1.562087,168.03,25.2,3,134.07,18 / 21,2340509,2019-09-06 19:59:06:252,-0.5997,-1.1705,10.6303,-0.0196,0.0051,9.8066,0.0847,-0.0391,0.0051,-13,-33.19,27.44,299.38,-82.2,152.86
52.411816,-1.562087,168.03,25.2,3,134.07,18 / 21,2340610,2019-09-06 19:59:06:353,-0.4013,-0.2042,9.9218,0.0034,-0.0333,9.8065,0.0588,-0.0735,0.0785,-13.25,-33,27.5,302.75,-82.19,154.96
52.411816,-1.562087,168.03,25.2,3,134.07,18 / 21,2340709,2019-09-06 19:59:06:452,-1.1389,-1.279,9.8014,-0.0019,-0.0146,9.8065,-0.0072,-0.0513,0.0203,-13.06,-33.19,27.44,303.84,-82.15,157.02
52.411816,-1.562087,168.03,25.2,3,134.07,18 / 21,2340809,2019-09-06 19:59:06:552,-0.9626,0.0321,9.8998,-0.031,-0.0111,9.8065,-0.0568,-0.0277,0.1671,-12.81,-33.19,27.25,306.19,-82.52,158.82
52.411816,-1.562087,168.03,25.2,3,134.07,18 / 21,2340909,2019-09-06 19:59:06:652,-0.5615,-0.3568,9.9665,-0.0101,-0.0027,9.8066,-0.1028,-0.0184,-0.0236,-13.25,-33.12,27.69,308.79,-82.64,160.08
52.411816,-1.562087,168.03,25.2,3,134.07,18 / 21,2341010,2019-09-06 19:59:06:753,-1.6793,-0.5243,10.2536,-0.0094,-0.0081,9.8065,0.0757,-0.0428,0.0212,-13.44,-33.44,27.56,310.44,-82.68,161.55
52.411816,-1.562087,168.03,25.2,3,134.07,18 / 21,2341110,2019-09-06 19:59:06:853,-1.4885,-1.4226,10.4941,0.0232,-0.0345,9.8065,0.1179,-0.0347,0.0057,-13.75,-33.56,27.44,307.85,-82.63,162.02
52.411816,-1.562087,168.03,25.2,3,134.07,18 / 21,2341209,2019-09-06 19:59:06:952,-0.0088,-0.7781,9.9555,0.0211,-0.0205,9.8065,-0.1519,-0.0351,0.0058,-13.69,-32.94,27.38,307.88,-82.55,161.93
52.411816,-1.562087,168.03,25.2,3,134.07,18 / 21,2341310,2019-09-06 19:59:07:053,-1.4456,1.9093,10.3686,0.0266,-0.0475,9.8065,-0.1063,-0.0987,-0.0134,-13.25,-33.44,27.81,311.24,-82.31,162.6
52.411816,-1.562087,168.03,25.2,3,134.07,19 / 22,2341410,2019-09-06 19:59:07:153,-1.0044,0.5328,10.0457,-0.0046,-0.0016,9.8066,-0.0117,-0.0649,0.0189,-12.75,-33.37,27.88,310.92,-82.41,162.23
52.411816,-1.562087,168.03,25.2,3,134.07,19 / 22,2341509,2019-09-06 19:59:07:252,-0.6027,0.1491,9.7188,0.0141,-0.0008,9.8066,-0.0412,0.0088,-0.0829,-12.69,-32.94,28,309.75,-82.32,161.24
52.411816,-1.562087,168.03,25.2,3,134.07,19 / 22,2341610,2019-09-06 19:59:07:353,-1.0705,0.3987,9.8038,-0.0045,0.0203,9.8065,-0.0219,-0.0089,-0.0285,-12.25,-33.37,27.88,311.23,-82.23,161.05
52.411816,-1.562087,168.03,25.2,3,134.07,19 / 22,2341710,2019-09-06 19:59:07:453,-1.8277,-0.9404,9.4509,-0.0105,0.0103,9.8066,0.0967,-0.0989,0.0049,-12.19,-33.75,27.63,310.96,-82.37,160.87
52.411816,-1.562087,168.03,25.2,3,134.07,19 / 22,2341810,2019-09-06 19:59:07:553,-1.0412,-0.141,10.0572,0.0101,-0.0352,9.8066,-0.1087,-0.034,0.0262,-12.12,-33.31,27.81,311.04,-82.35,160.77
52.411816,-1.562087,168.03,25.2,3,134.07,19 / 22,2341909,2019-09-06 19:59:07:652,-0.2701,-1.1405,9.7823,0.0122,-0.0133,9.8065,-0.1177,0.0121,0.0187,-12.31,-34.19,27.81,310.56,-82.41,160.47
52.411816,-1.562087,168.03,25.2,3,134.07,19 / 22,2342009,2019-09-06 19:59:07:752,-1.5342,-0.0399,10.08,-0.0013,0.0254,9.8066,0.0215,0.0025,-0.0776,-12.19,-33.62,28.31,309.66,-82.41,159.66
52.411816,-1.562087,168.03,25.2,3,134.07,19 / 22,2342109,2019-09-06 19:59:07:852,-0.9238,-0.0999,10.0236,-0.0017,-0.0199,9.8065,-0.0319,0.0065,-0.0088,-12.12,-33.75,28.25,310.62,-82.22,160.7
52.411816,-1.562087,168.03,25.2,3,134.07,19 / 22,2342209,2019-09-06 19:59:07:952,-0.6539,-0.3779,9.4966,-0.0144,-0.0083,9.8066,0.0474,-0.086,0.0723,-11.62,-33.69,28.38,311.56,-82.24,161.53
52.411816,-1.562087,168.03,25.2,3,134.07,20 / 22,2342310,2019-09-06 19:59:08:053,-1.5214,0.8383,10.0778,-0.006,-0.0008,9.8066,-0.1218,-0.0662,0.0232,-12.25,-33.5,28.06,313.05,-82.37,162.56
52.411816,-1.562087,168.03,25.2,3,134.07,20 / 22,2342410,2019-09-06 19:59:08:153,-1.0831,-1.0499,9.5827,-0.0173,0.0178,9.8066,-0.0926,-0.0072,-0.0309,-12.06,-33.87,28.38,315.05,-82.54,164.4
52.411816,-1.562087,168.03,25.2,3,134.07,20 / 22,2342509,2019-09-06 19:59:08:252,-2.5466,0.7431,11.4108,-0.0083,-0.0162,9.8066,0.1466,0.0339,-0.0324,-12.62,-32.87,28.63,315.67,-82.52,165.51
52.411816,-1.562087,168.03,25.2,3,134.07,20 / 22,2342609,2019-09-06 19:59:08:352,-2.2238,0.9086,11.0983,0.0411,-0.0687,9.8062,-0.0619,0.0512,-0.0489,-12.19,-33.25,28.75,317.54,-82.07,165.93
52.411816,-1.562087,168.03,25.2,3,134.07,20 / 22,2342709,2019-09-06 19:59:08:452,-1.3259,-0.2222,10.1623,0.0104,-0.0287,9.8066,-0.0513,-0.0968,0.0888,-12.69,-32.75,28.38,314.8,-82.13,165.96
52.411816,-1.562087,168.03,25.2,3,134.07,20 / 22,2342809,2019-09-06 19:59:08:552,-1.0395,0.1758,9.7464,-0.0168,0.0349,9.8065,-0.159,0.0205,-0.0446,-12.44,-33.31,28.81,317.1,-82.15,165.48
52.411816,-1.562087,168.03,25.2,3,134.07,20 / 22,2342909,2019-09-06 19:59:08:652,-1.6078,0.7807,9.152,-0.0095,0.0014,9.8066,-0.1072,-0.0284,0.066,-12.19,-33.25,28.81,317.3,-82.46,165.42
52.411816,-1.562087,168.03,25.2,3,134.07,20 / 22,2343010,2019-09-06 19:59:08:753,-1.1532,0.6537,9.5548,-0.0059,0.0155,9.8066,0.0628,-0.0338,0.017,-12.5,-33.12,28.38,315.94,-82.71,164.88
52.411816,-1.562087,168.03,25.2,3,134.07,20 / 22,2343109,2019-09-06 19:59:08:852,-0.9412,-0.1409,10.164,-0.0005,0.0081,9.8066,0.0944,-0.0478,-0.0248,-12.44,-32.87,28.44,316.16,-82.72,165.06
52.411816,-1.562087,168.03,25.2,3,134.07,20 / 22,2343210,2019-09-06 19:59:08:953,-0.2564,-0.8221,10.5011,0.0093,-0.034,9.8065,-0.1421,-0.0308,0.0335,-12.5,-33,28.38,316.74,-82.5,165.77
52.411816,-1.562087,168.03,25.2,3,134.07,20 / 22,2343309,2019-09-06 19:59:09:052,0.2418,1.6622,10.6073,0.023,-0.0229,9.8065,-0.1757,0.0253,-0.1333,-12.25,-33.19,28.94,317.2,-82.39,165.39
52.411816,-1.562087,168.03,25.2,3,134.07,20 / 21,2343410,2019-09-06 19:59:09:153,0.2039,1.2216,9.8937,-0.014,0.008,9.8066,0.1346,-0.1215,0.1299,-12.12,-33.06,28.44,316.54,-82.39,165.68
52.411816,-1.562087,168.03,25.2,3,134.07,20 / 21,2343509,2019-09-06 19:59:09:252,-1.4646,-0.0796,9.8584,0.0027,0.0182,9.8066,0.052,0.002,-0.0583,-12.12,-32.87,28.5,317.27,-82.52,165.34
52.411816,-1.562087,168.03,25.2,3,134.07,20 / 21,2343610,2019-09-06 19:59:09:353,-0.9952,-0.4547,9.638,-0.0101,-0.0037,9.8066,-0.0604,0.015,0.022,-12.25,-32.94,28.81,318.81,-82.68,166.6
52.411816,-1.562087,168.03,25.2,3,134.07,20 / 21,2343709,2019-09-06 19:59:09:452,-0.3404,0.2956,9.5718,0.0035,0.0096,9.8065,-0.0042,-0.0084,-0.0348,-12.12,-33.25,28.69,318.23,-82.75,166.03
52.411816,-1.562087,168.03,25.2,3,134.07,20 / 21,2343810,2019-09-06 19:59:09:553,-0.5609,0.6401,10.2044,0.0021,0.0296,9.8065,0.0041,-0.0297,-0.0497,-11.37,-33.12,29.19,318.06,-82.82,164.17
52.411816,-1.562087,168.03,25.2,3,134.07,20 / 21,2343909,2019-09-06 19:59:09:652,-1.7056,0.2768,10.5628,0.0006,-0.0043,9.8066,0.1254,-0.0449,0.0691,-11.5,-32.94,28.31,317.46,-82.65,164.61
52.411816,-1.562087,168.03,25.2,3,134.07,20 / 21,2344010,2019-09-06 19:59:09:753,-0.9583,-0.6569,10.3799,0.0109,-0.0161,9.8066,-0.0978,0.0073,-0.0595,-11.5,-32.5,28.81,318.34,-82.5,164.51
52.411816,-1.562087,168.03,25.2,3,134.07,20 / 21,2344109,2019-09-06 19:59:09:852,-1.4414,-0.6279,9.8913,0.0035,-0.0144,9.8066,-0.0674,-0.0365,0.0658,-11.44,-33.06,29.13,317.99,-82.39,164.45
52.411816,-1.562087,168.03,25.2,3,134.07,20 / 21,2344209,2019-09-06 19:59:09:952,-2.2255,-1.0327,9.4101,-0.0038,0.0119,9.8066,-0.0461,0.0415,-0.0243,-11.06,-32.37,27.94,318.06,-82.54,165.07
52.411816,-1.562087,168.03,25.2,3,134.07,20 / 21,2344309,2019-09-06 19:59:10:052,-0.2943,-0.9897,9.5488,-0.0103,-0.0213,9.8066,0.0993,-0.0509,0.0812,-11.19,-32.94,29.19,320.96,-82.54,166.98
52.411816,-1.562087,168.03,25.2,3,134.07,20 / 21,2344410,2019-09-06 19:59:10:153,-0.8576,-0.151,9.8525,-0.0113,0.0048,9.8066,-0.154,-0.0548,0.0074,-11.25,-32.69,29.19,321.06,-82.71,166.94
52.411816,-1.562087,168.03,25.2,3,134.07,20 / 21,2344510,2019-09-06 19:59:10:253,-0.7102,0.8703,9.4057,0.0051,-0.0068,9.8066,-0.0958,0.0149,-0.0429,-11.25,-33.12,28.88,321.41,-82.72,167.25
52.411816,-1.562087,168.03,25.2,3,134.07,20 / 21,2344609,2019-09-06 19:59:10:352,-0.9221,0.6579,8.8987,0.0137,-0.009,9.8066,0.0067,-0.057,-0.0255,-11.31,-32.94,28.94,321.12,-82.8,166.93
52.411816,-1.562087,168.03,25.2,3,134.07,20 / 21,2344709,2019-09-06 19:59:10:452,-1.3514,1.1997,10.1286,0.0256,-0.054,9.8064,0.0654,-0.0857,0.0319,-10.81,-32.87,29.19,320.55,-82.57,166.59
52.411816,-1.562087,168.03,25.2,3,134.07,20 / 21,2344809,2019-09-06 19:59:10:552,-1.8462,0.1398,10.4127,-0.0042,0.0091,9.8066,0.0311,-0.0675,0.0006,-11.31,-32.19,29.19,320.84,-82.64,166.65
52.411816,-1.562087,168.03,25.2,3,134.07,20 / 21,2344910,2019-09-06 19:59:10:653,-0.7853,0.6263,9.9402,-0.0077,0.0092,9.8066,0.0267,0.0496,-0.045,-10.19,-33.06,29.5,324.02,-82.64,167.2
52.411816,-1.562087,168.03,25.2,3,134.07,20 / 21,2345010,2019-09-06 19:59:10:753,-2.1575,-0.7164,8.6075,-0.0003,-0.0081,9.8066,-0.1732,-0.0559,-0.0372,-11.5,-33.19,28.88,322.25,-82.78,167.95
52.411816,-1.562087,168.03,25.2,3,134.07,20 / 21,2345110,2019-09-06 19:59:10:853,0.183,0.5149,9.3675,0.0022,-0.0198,9.8066,-0.0552,0.0245,-0.0378,-10.81,-33,28.75,321.95,-82.95,167.57
52.411816,-1.562087,168.03,25.2,3,134.07,20 / 21,2345210,2019-09-06 19:59:10:953,-3.7536,0.0615,10.3177,0.0097,0.0082,9.8066,0.2067,0.1388,-0.1567,-10.56,-32.94,28.88,322.1,-83.07,167.61
52.411816,-1.562087,168.03,25.2,3,134.07,20 / 21,2345310,2019-09-06 19:59:11:053,-0.6964,0.5692,10.7817,-0.0023,0.006,9.8065,0.2522,-0.2179,0.0787,-11,-33.06,29,320.47,-82.8,166.35
52.411816,-1.562087,168.03,25.2,3,134.07,21 / 22,2345409,2019-09-06 19:59:11:152,-0.6464,-0.3429,10.4162,0.0173,-0.032,9.8065,-0.0554,0.0922,-0.0716,-10.44,-33.06,29.88,321.81,-82.27,165.5
52.411816,-1.562087,168.03,25.2,3,134.07,21 / 22,2345510,2019-09-06 19:59:11:253,-2.2736,-0.5846,9.3742,-0.0098,-0.0055,9.8065,-0.0274,-0.1164,0.1373,-10.06,-32.87,29.5,321.81,-82.36,165.44
52.411816,-1.562087,168.03,25.2,3,134.07,21 / 22,2345610,2019-09-06 19:59:11:353,-0.6139,0.6401,9.4996,0.0033,0.0138,9.8066,0.0437,-0.05,-0.0406,-10.5,-32.94,29.63,320.24,-82.54,163.9
52.411816,-1.562087,168.03,25.2,3,134.07,21 / 22,2345710,2019-09-06 19:59:11:453,-0.5178,-0.0238,9.7284,0.0065,0.0059,9.8066,0.0362,-0.0447,-0.0287,-10.69,-32.69,29.19,315.89,-82.65,162.35
52.411816,-1.562087,168.03,25.2,3,134.07,21 / 22,2345810,2019-09-06 19:59:11:553,-0.6545,0.2497,10.478,0.0049,-0.0038,9.8066,0.0713,-0.0313,0.0273,-9.62,-32.81,29.94,317.75,-82.61,161.62
52.411816,-1.562087,168.03,25.2,3,134.07,21 / 22,2345910,2019-09-06 19:59:11:653,-0.0287,-0.8552,10.0639,0.0034,-0.0245,9.8066,-0.0015,-0.0577,0.0327,-9.12,-32.44,29.13,319.31,-82.45,162
52.411816,-1.562087,168.03,25.2,3,134.07,21 / 22,2346009,2019-09-06 19:59:11:752,-0.7636,0.0247,9.7326,-0.0064,-0.0176,9.8066,0.1023,-0.0382,0.0545,-8.81,-32.5,29.75,321.04,-82.28,162.96
52.411816,-1.562087,168.03,25.2,3,134.07,21 / 22,2346110,2019-09-06 19:59:11:853,-0.4505,0.7221,9.6888,-0.0058,-0.0119,9.8066,-0.0793,0.0006,-0.0184,-9.62,-32.56,29.56,320.98,-82.2,164.81
52.411816,-1.562087,168.03,25.2,3,134.07,21 / 22,2346210,2019-09-06 19:59:11:953,-0.4046,0.1298,9.3706,-0.0262,0.0186,9.8065,0.06,-0.0476,0.0654,-9.81,-32.37,29.81,322.86,-82.47,166.14
52.411816,-1.562087,168.03,25.2,3,134.07,21 / 22,2346310,2019-09-06 19:59:12:053,-0.905,-0.1743,10.2137,-0.0131,0.0154,9.8066,0.1193,-0.0276,-0.0228,-9.75,-32.75,29.69,323.46,-82.56,166.75
52.410313,-1.560193,164.09,21.54,3,151.78,20 / 21,2346409,2019-09-06 19:59:12:152,-0.7385,-0.4244,10.0533,-0.0121,0.0187,9.8066,-0.1072,-0.0093,-0.0123,-9.94,-33.06,29.81,323.47,-82.5,166.8
52.410313,-1.560193,164.09,21.54,3,151.78,20 / 21,2346510,2019-09-06 19:59:12:253,-0.014,-0.2777,9.8707,0.0246,-0.039,9.8064,-0.1136,-0.0002,-0.0379,-10,-32.62,29.56,323.12,-82.4,166.57
52.410313,-1.560193,164.09,21.54,3,151.78,20 / 21,2346610,2019-09-06 19:59:12:353,-0.837,-0.4278,10.4764,0.0262,-0.0457,9.8064,0.0532,0.0371,-0.0235,-9.56,-32.56,29.75,322.49,-82.32,166.07
52.410313,-1.560193,164.09,21.54,3,151.78,20 / 21,2346710,2019-09-06 19:59:12:453,-1.0244,0.5337,10.736,-0.0051,-0.0148,9.8066,-0.0275,-0.0279,0.0438,-10,-32.75,29.69,322.56,-82.36,166.1
52.410313,-1.560193,164.09,21.54,3,151.78,20 / 21,2346810,2019-09-06 19:59:12:553,-0.7656,-0.0518,10.0969,-0.0206,0.0032,9.8066,0.0773,-0.0317,0.0076,-9.37,-32.75,29.63,326.6,-82.35,167.97
52.410313,-1.560193,164.09,21.54,3,151.78,20 / 21,2346910,2019-09-06 19:59:12:653,-2.1758,1.9461,9.9737,-0.0306,0.0451,9.8065,0.1182,0.0018,0.0294,-9.75,-33.12,29.88,326.18,-82.6,169.14
52.410313,-1.560193,164.09,21.54,3,151.78,20 / 21,2347009,2019-09-06 19:59:12:752,-0.6276,-0.7156,9.7887,-0.0267,0.0355,9.8065,-0.0852,-0.0433,-0.0075,-9.87,-32.56,30.06,326.98,-82.56,169.87
52.410313,-1.560193,164.09,21.54,3,151.78,20 / 21,2347109,2019-09-06 19:59:12:852,-1.0677,0.0985,10.6253,0.0018,0.0028,9.8066,0.1407,0.0017,0.0467,-9.37,-32.87,29.94,329.27,-82.47,170.24
52.410313,-1.560193,164.09,21.54,3,151.78,20 / 21,2347209,2019-09-06 19:59:12:952,-0.0621,-0.8593,9.3035,-0.0085,0.0339,9.8066,-0.1774,0.0092,-0.0353,-9.06,-32.44,30.63,329.73,-82.53,169.87
52.410313,-1.560193,164.09,21.54,3,151.78,20 / 21,2347310,2019-09-06 19:59:13:053,-0.7966,0.868,10.6548,-0.0004,-0.0077,9.8066,-0.1149,0.0027,-0.0413,-9.25,-33.31,30.56,329.6,-82.44,169.92
52.410313,-1.560193,164.09,21.54,3,151.78,21 / 22,2347410,2019-09-06 19:59:13:153,-0.7213,0.5103,10.0384,0.0074,-0.0071,9.8066,0.0466,0.0298,-0.005,-9.25,-33.06,30.38,328.86,-82.41,169.92
52.410313,-1.560193,164.09,21.54,3,151.78,21 / 22,2347509,2019-09-06 19:59:13:252,-0.3654,0.7648,10.1279,-0.0088,0.0113,9.8066,0.0746,-0.0395,0.0666,-9.62,-33.06,30.25,327.07,-82.41,170.04
52.410313,-1.560193,164.09,21.54,3,151.78,21 / 22,2347610,2019-09-06 19:59:13:353,-1.057,-1.0472,10.2176,0.002,-0.0343,9.8065,-0.0442,0.0043,0.075,-8.94,-33.12,30.63,331,-82.4,171.16
52.410313,-1.560193,164.09,21.54,3,151.78,21 / 22,2347709,2019-09-06 19:59:13:452,0.9214,-0.1714,10.1206,-0.0117,-0.0173,9.8066,0.0619,-0.0181,-0.0013,-9.56,-33.06,30.88,331.03,-82.34,172.88
52.410313,-1.560193,164.09,21.54,3,151.78,21 / 22,2347810,2019-09-06 19:59:13:553,-0.1603,-0.5878,9.3717,-0.0079,0.001,9.8066,-0.0283,-0.0156,0.0573,-9.37,-33,30.69,334.5,-82.41,174.22
52.410313,-1.560193,164.09,21.54,3,151.78,21 / 22,2347909,2019-09-06 19:59:13:652,-1.2547,0.6096,9.5516,-0.0145,0.0022,9.8066,-0.0362,-0.0443,0.0244,-9.69,-32.94,30.56,333.96,-82.47,175.38
52.410313,-1.560193,164.09,21.54,3,151.78,21 / 22,2348009,2019-09-06 19:59:13:752,-0.307,0.2648,9.5764,0.0061,-0.0001,9.8066,0.019,-0.0664,-0.0252,-9.44,-32.75,30.25,335.88,-82.46,176.01
52.410313,-1.560193,164.09,21.54,3,151.78,21 / 22,2348110,2019-09-06 19:59:13:853,-0.731,0.2886,9.9476,-0.0035,0.0193,9.8066,0.0886,0.0029,-0.0382,-9.19,-32.75,30.69,336.24,-82.41,175.74
52.410313,-1.560193,164.09,21.54,3,151.78,21 / 22,2348209,2019-09-06 19:59:13:952,-0.6939,-0.5859,10.5254,-0.0054,0.0262,9.8065,0.0406,0.0062,-0.0157,-9.5,-33.06,31.06,335.61,-82.31,175.23
52.410313,-1.560193,164.09,21.54,3,151.78,21 / 22,2348309,2019-09-06 19:59:14:052,-0.1976,-0.4825,10.2258,0.0037,-0.0059,9.8066,0.0215,-0.0779,0.0213,-8.75,-32.81,30.5,335.72,-82.23,175.37
52.410313,-1.560193,164.09,21.54,3,151.78,20 / 21,2348409,2019-09-06 19:59:14:152,-0.2647,0.3458,10.3137,0.0016,-0.0155,9.8066,0.0169,-0.0255,0.046,-9.31,-32.94,31.13,336.33,-82.17,175.92
52.410313,-1.560193,164.09,21.54,3,151.78,20 / 21,2348509,2019-09-06 19:59:14:252,-1.1554,0.0891,9.9577,-0.0013,-0.0036,9.8066,0.0028,-0.0439,0.0072,-9,-32.5,30.5,336.02,-82.19,175.55
52.410313,-1.560193,164.09,21.54,3,151.78,20 / 21,2348610,2019-09-06 19:59:14:353,0.0085,-0.4168,9.8729,0.0072,0.001,9.8066,-0.1362,-0.0614,0.0239,-9.25,-33,30.88,335.69,-82.15,175.38
52.410313,-1.560193,164.09,21.54,3,151.78,20 / 21,2348709,2019-09-06 19:59:14:452,-0.0349,-0.1806,9.9111,0.0054,-0.0302,9.8065,-0.1432,-0.0065,-0.065,-8.81,-33.12,30.69,334.72,-82.12,174.56
52.410313,-1.560193,164.09,21.54,3,151.78,20 / 21,2348809,2019-09-06 19:59:14:552,-0.2119,-0.6517,9.6248,0.0105,-0.0086,9.8066,0.0384,-0.0497,0.115,-8.25,-32.94,30.69,336.27,-82.16,174.18
52.410313,-1.560193,164.09,21.54,3,151.78,20 / 21,2348909,2019-09-06 19:59:14:652,0.2014,-0.1881,9.9886,-0.0186,-0.0118,9.8065,-0.002,-0.0213,0.0101,-8.94,-32.87,31,335.33,-82.18,175.05
52.410313,-1.560193,164.09,21.54,3,151.78,20 / 21,2349009,2019-09-06 19:59:14:752,-0.1428,-0.218,9.8869,-0.0127,0.0097,9.8065,0.0737,0.0119,0.0065,-8.94,-32.5,31.13,336.71,-82.22,176.13
52.410313,-1.560193,164.09,21.54,3,151.78,20 / 21,2349109,2019-09-06 19:59:14:852,-0.7045,0.1155,9.8915,-0.0032,-0.0279,9.8066,-0.0049,-0.031,-0.011,-8.12,-32.69,31.56,339.62,-82.3,176.5
52.410313,-1.560193,164.09,21.54,3,151.78,20 / 21,2349209,2019-09-06 19:59:14:952,-0.0946,-0.5188,10.103,0.0078,-0.0036,9.8066,-0.072,-0.0114,0.0183,-7.75,-32.69,31.31,339.69,-82.2,177.12
52.410313,-1.560193,164.09,21.54,3,151.78,20 / 21,2349309,2019-09-06 19:59:15:052,-0.1605,0.0852,9.5805,0.0021,-0.008,9.8066,-0.0386,-0.0473,0.01,-7.81,-32.69,31.19,339.42,-82.13,176.92
52.410313,-1.560193,164.09,21.54,3,151.78,21 / 22,2349410,2019-09-06 19:59:15:153,0.0989,0.2697,9.9376,-0.0073,0.0066,9.8066,0.0808,-0.0043,0.0017,-7.5,-32.06,31.75,342.58,-82.17,177.36
52.410313,-1.560193,164.09,21.54,3,151.78,21 / 22,2349510,2019-09-06 19:59:15:253,0.0255,-1.2136,9.1926,0.0046,0.0018,9.8066,0.0811,-0.003,0.0132,-8.31,-32.19,31.44,339.11,-82.2,176.53
52.410313,-1.560193,164.09,21.54,3,151.78,21 / 22,2349610,2019-09-06 19:59:15:353,-0.9578,-0.0448,9.1914,-0.0146,0.0157,9.8066,0.0013,-0.0402,-0.0321,-7.69,-32.56,30.44,338.17,-82.08,176.42
52.410313,-1.560193,164.09,21.54,3,151.78,21 / 22,2349709,2019-09-06 19:59:15:452,0.451,-0.2313,9.4937,-0.0093,0.025,9.8065,0.0143,-0.0913,0.0092,-8,-32.19,31.44,339.25,-82.03,176.72
52.410313,-1.560193,164.09,21.54,3,151.78,21 / 22,2349810,2019-09-06 19:59:15:553,-0.9587,0.2151,9.7464,-0.0062,0.0202,9.8066,0.0272,-0.0035,0.0299,-8,-32.75,30.31,338.96,-82.24,177.02
52.410313,-1.560193,164.09,21.54,3,151.78,21 / 22,2349910,2019-09-06 19:59:15:653,-0.4122,1.0914,10.4232,-0.0014,0.0035,9.8066,0.0071,-0.0043,-0.0074,-8.56,-32.75,30.63,337.47,-82.28,176.87
52.410313,-1.560193,164.09,21.54,3,151.78,21 / 22,2350010,2019-09-06 19:59:15:753,-0.4296,-0.5845,10.5568,-0.0024,0.0225,9.8065,-0.093,-0.0267,0.0483,-8.12,-32.81,31.5,339.66,-82.33,176.52
52.410313,-1.560193,164.09,21.54,3,151.78,21 / 22,2350109,2019-09-06 19:59:15:852,0.0857,0.5461,9.5476,-0.006,-0.0383,9.8065,0.0893,0.0328,-0.0796,-7.56,-32.75,31.38,340.46,-82.13,177.81
52.410313,-1.560193,164.09,21.54,3,151.78,21 / 22,2350210,2019-09-06 19:59:15:953,-0.336,-0.886,9.7356,0.0066,-0.002,9.8066,-0.0654,0.0113,0.0272,-8.25,-33.06,31.31,340.2,-82.13,177.58
52.410313,-1.560193,164.09,21.54,3,151.78,21 / 22,2350310,2019-09-06 19:59:16:053,-0.347,0.7268,9.7507,-0.0002,0.0091,9.8066,-0.0567,-0.0406,0.0209,-7.56,-32.75,31,340.7,-82.09,178.03
52.410313,-1.560193,164.09,21.54,3,151.78,21 / 22,2350409,2019-09-06 19:59:16:152,0.0911,0.011,9.3079,-0.0045,0.0198,9.8066,-0.1261,-0.071,0.008,-7.31,-32.94,31.25,342.55,-82.18,177.86
52.410313,-1.560193,164.09,21.54,3,151.78,21 / 22,2350510,2019-09-06 19:59:16:253,-0.5044,0.5337,9.3212,0.0024,0.0075,9.8066,0.0921,-0.0443,-0.0061,-7.5,-32.5,30.88,342.74,-82.26,177.92
52.410313,-1.560193,164.09,21.54,3,151.78,21 / 22,2350609,2019-09-06 19:59:16:352,-0.3369,0.6689,9.7624,0.0002,-0.0017,9.8066,0.1048,-0.022,0.012,-7.44,-33.19,31.13,342.8,-82.25,178.05
52.410313,-1.560193,164.09,21.54,3,151.78,21 / 22,2350709,2019-09-06 19:59:16:452,-0.2376,0.4082,10.4982,0.002,-0.018,9.8066,0.0474,0.04,0.0027,-7.5,-32.37,30.94,343.16,-82.03,178.36
52.410313,-1.560193,164.09,21.54,3,151.78,21 / 22,2350810,2019-09-06 19:59:16:553,-1.3417,-0.6466,10.1976,-0.0176,-0.0199,9.8066,0.0259,-0.1131,0.1459,-7.87,-32.75,31.31,342.56,-81.89,179.69
52.410313,-1.560193,164.09,21.54,3,151.78,21 / 22,2350910,2019-09-06 19:59:16:653,-0.1244,0.5231,9.7307,-0.0104,0.0177,9.8066,-0.0333,-0.0298,-0.0284,-7.56,-32.5,31.56,344.19,-81.88,-179.48
52.410313,-1.560193,164.09,21.54,3,151.78,21 / 22,2351009,2019-09-06 19:59:16:752,-0.6877,-0.2602,9.6466,-0.0073,0.0219,9.8066,0.0145,-0.0053,-0.0048,-7.81,-32.75,31.25,344.36,-82.11,-178.84
52.410313,-1.560193,164.09,21.54,3,151.78,21 / 22,2351110,2019-09-06 19:59:16:853,-0.5085,0.1201,9.7749,0.0109,0.0115,9.8066,-0.0583,-0.0517,-0.0232,-7.69,-32.62,31.25,342.68,-82.22,179.68
52.410313,-1.560193,164.09,21.54,3,151.78,21 / 22,2351210,2019-09-06 19:59:16:953,0.7113,-0.285,9.9232,0.015,0.0045,9.8066,-0.0792,-0.0139,-0.0679,-7.31,-33.06,31.63,343.91,-82.19,178.57
52.410313,-1.560193,164.09,21.54,3,151.78,21 / 22,2351309,2019-09-06 19:59:17:052,-0.0952,-0.5659,9.9813,0.0049,-0.0244,9.8066,0.0215,-0.0438,0.0268,-7.81,-32.75,31.44,341.21,-82.16,178.44
52.410313,-1.560193,164.09,21.54,3,151.78,20 / 21,2351410,2019-09-06 19:59:17:153,-0.3561,0.4506,9.7093,-0.0041,-0.0258,9.8066,-0.0601,-0.0096,0.0712,-7.94,-32.69,31.31,342.02,-82.05,179.18
52.410313,-1.560193,164.09,21.54,3,151.78,20 / 21,2351509,2019-09-06 19:59:17:252,-0.8174,0.3326,9.9694,-0.0063,0.023,9.8066,0.0771,-0.0089,-0.0782,-7.37,-32.31,31.5,345.1,-82.23,179.52
52.410313,-1.560193,164.09,21.54,3,151.78,20 / 21,2351609,2019-09-06 19:59:17:352,-0.5782,0.0443,9.8595,-0.0135,0.003,9.8066,0.0915,0.0334,0.0202,-7.69,-32.62,31.56,343.77,-82.19,-179.87
52.410313,-1.560193,164.09,21.54,3,151.78,20 / 21,2351710,2019-09-06 19:59:17:453,-0.6705,0.1866,10.1086,0.001,-0.0155,9.8066,0.0475,-0.005,0.025,-7.06,-32.44,31.94,347.12,-82.07,-178.7
52.410313,-1.560193,164.09,21.54,3,151.78,20 / 21,2351809,2019-09-06 19:59:17:552,0.1018,-0.3552,10.2561,-0.0019,0.001,9.8066,0.0108,-0.0634,-0.0479,-7.44,-32.06,31.19,346.85,-82.09,-178.5
52.410313,-1.560193,164.09,21.54,3,151.78,20 / 21,2351909,2019-09-06 19:59:17:652,-0.263,-0.0927,9.8796,0.0016,0.001,9.8066,0.0288,0.0109,-0.0584,-7.56,-32.62,31.44,344.36,-82.1,-178.84
52.410313,-1.560193,164.09,21.54,3,151.78,20 / 21,2352010,2019-09-06 19:59:17:753,-0.4025,-0.4957,10.675,-0.0042,0.012,9.8066,-0.0245,-0.0296,0.1027,-7,-32.31,31.5,346.75,-82.13,-179.03
52.410313,-1.560193,164.09,21.54,3,151.78,20 / 21,2352109,2019-09-06 19:59:17:852,-0.997,-0.0218,10.1939,0.0011,0.0288,9.8066,0.0092,-0.0208,-0.0782,-7.25,-32.06,31.56,345.88,-82.15,-179.79
52.410313,-1.560193,164.09,21.54,3,151.78,20 / 21,2352209,2019-09-06 19:59:17:952,0.6356,-1.1345,10.7402,-0.0041,0.0258,9.8066,0.0225,-0.1179,-0.0748,-7,-32.69,31.88,345.1,-82.11,179.62
52.410313,-1.560193,164.09,21.54,3,151.78,20 / 21,2352309,2019-09-06 19:59:18:052,-0.3212,0.307,10.1044,-0.0085,-0.0256,9.8066,-0.0312,-0.0187,0.1038,-7.25,-33,32,345.99,-81.92,-179.57
52.410313,-1.560193,164.09,21.54,3,151.78,20 / 21,2352410,2019-09-06 19:59:18:153,0.2451,-0.6346,9.782,-0.0029,-0.0016,9.8065,-0.0822,0.0109,0.0351,-7.19,-32.81,31.5,346.99,-82.06,-178.75
52.410313,-1.560193,164.09,21.54,3,151.78,20 / 21,2352509,2019-09-06 19:59:18:252,-0.698,0.5007,9.5511,-0.0002,-0.0138,9.8066,-0.0216,0.0266,-0.0154,-6.94,-32.5,31.38,346.99,-82.16,-178.39
52.410313,-1.560193,164.09,21.54,3,151.78,20 / 21,2352610,2019-09-06 19:59:18:353,-0.2246,0.6446,9.5139,-0.0111,0.0309,9.8066,-0.065,0.0052,0.0283,-7.19,-32.81,31.56,348.62,-82.07,-177.37
52.410313,-1.560193,164.09,21.54,3,151.78,20 / 21,2352709,2019-09-06 19:59:18:452,-0.3095,-0.8929,10.2221,-0.0013,0.0219,9.8065,0.008,-0.0196,-0.0365,-7.12,-32.37,32.19,348.95,-82.23,-177.16
52.410313,-1.560193,164.09,21.54,3,151.78,20 / 21,2352809,2019-09-06 19:59:18:552,0.0846,0.1999,9.6202,0.001,0.0023,9.8066,-0.0415,-0.0616,0.0002,-7.19,-32.25,31.38,347.98,-82.13,-177.54
52.410313,-1.560193,164.09,21.54,3,151.78,20 / 21,2352910,2019-09-06 19:59:18:653,0.3256,0.3931,9.8981,-0.0087,0.0052,9.8065,0.0592,-0.1105,0.0762,-6.94,-32.56,31.13,348.03,-82.14,-177.45
52.410313,-1.560193,164.09,21.54,3,151.78,20 / 21,2353010,2019-09-06 19:59:18:753,-0.5896,0.7004,9.2203,-0.0053,0.01,9.8066,-0.0186,-0.079,-0.0304,-6.87,-32.37,31.13,349.05,-82.22,-176.65
52.410313,-1.560193,164.09,21.54,3,151.78,20 / 21,2353110,2019-09-06 19:59:18:853,-0.1194,1.351,10.0083,-0.0301,0.0645,9.8063,0.2681,-0.0444,0.0329,-6.5,-32.31,31.25,352.59,-82.48,-175.41
52.410313,-1.560193,164.09,21.54,3,151.78,20 / 21,2353210,2019-09-06 19:59:18:953,0.2269,-0.7876,10.0173,-0.0242,0.0589,9.8064,0.1494,0.0336,0.0224,-6.44,-32.25,31.56,354.35,-82.39,-174.25
52.410313,-1.560193,164.09,21.54,3,151.78,20 / 21,2353311,2019-09-06 19:59:19:054,0.1919,-0.9818,11.2833,-0.006,-0.0387,9.8066,-0.1005,-0.0356,0.0454,-7.19,-32.62,31.63,353.54,-82.46,-173.22
52.410313,-1.560193,164.09,21.54,3,151.78,20 / 21,2353410,2019-09-06 19:59:19:153,-1.3296,0.5049,11.0108,-0.0028,-0.0522,9.8065,0.0604,-0.0156,-0.0095,-7.19,-32.94,31.69,355.41,-82.07,-171.57
52.410313,-1.560193,164.09,21.54,3,151.78,20 / 21,2353509,2019-09-06 19:59:19:252,-0.0105,-0.0136,9.4612,-0.0051,-0.0096,9.8066,-0.1551,-0.0043,0.0315,-7.12,-32.44,32,356.14,-81.99,-170.96
52.410313,-1.560193,164.09,21.54,3,151.78,20 / 21,2353610,2019-09-06 19:59:19:353,-1.4122,-0.8603,9.6814,-0.0015,-0.0045,9.8066,-0.1192,-0.1089,0.0535,-7.56,-32.56,31.19,354.5,-81.93,-170.18
52.410313,-1.560193,164.09,21.54,3,151.78,20 / 21,2353710,2019-09-06 19:59:19:453,-0.1454,0.2514,9.5637,0.0053,-0.0084,9.8065,0.0478,-0.0853,-0.0472,-7,-32.69,31.56,357.48,-82.08,-169.81
52.410313,-1.560193,164.09,21.54,3,151.78,20 / 21,2353810,2019-09-06 19:59:19:553,-0.323,-0.3695,10.0836,0.0217,0.0111,9.8065,0.043,-0.039,-0.0222,-6.31,-32.81,31.31,356.41,-82.31,-172.11
52.410313,-1.560193,164.09,21.54,3,151.78,20 / 21,2353910,2019-09-06 19:59:19:653,0.0289,0.7568,9.8743,0.0146,-0.0023,9.8066,0.0238,-0.0686,-0.004,-6.81,-32.5,31.94,352.65,-82.16,-173.97
52.410313,-1.560193,164.09,21.54,3,151.78,20 / 21,2354009,2019-09-06 19:59:19:752,0.032,0.5485,10.1718,0.0029,0.0077,9.8066,0.0441,-0.0193,-0.089,-6.31,-32.62,31.88,353.25,-82.03,-175.12
52.410313,-1.560193,164.09,21.54,3,151.78,20 / 21,2354110,2019-09-06 19:59:19:853,-0.3604,0.0095,10.2773,0.0103,0.0236,9.8066,-0.0188,-0.0684,0.0273,-5.81,-32.37,31.94,352.28,-82.03,-175.98
52.410313,-1.560193,164.09,21.54,3,151.78,20 / 21,2354210,2019-09-06 19:59:19:953,-0.5646,-0.0191,10.0559,0.005,0.0163,9.8066,-0.0269,-0.0848,0.0276,-5.75,-32.06,31.56,351.52,-82.05,-176.63
52.410313,-1.560193,164.09,21.54,3,151.78,20 / 21,2354309,2019-09-06 19:59:20:052,0.0714,0.6621,9.8138,-0.006,0.0033,9.8066,0.0019,-0.0478,-0.0205,-6,-32.69,31.44,350.99,-82.19,-176.7
52.410313,-1.560193,164.09,21.54,3,151.78,19 / 21,2354410,2019-09-06 19:59:20:153,-0.3834,0.4235,9.5893,-0.0014,-0.0047,9.8066,0.0156,-0.0126,0.0147,-5.37,-32.44,32,353.44,-82.18,-176.74
52.410313,-1.560193,164.09,21.54,3,151.78,19 / 21,2354510,2019-09-06 19:59:20:253,0.5627,-1.2923,10.3939,-0.0037,0.0016,9.8066,0.0176,-0.1148,0.0017,-5.69,-32.5,32.44,351.68,-82.21,-176.52
52.410313,-1.560193,164.09,21.54,3,151.78,19 / 21,2354610,2019-09-06 19:59:20:353,-0.7883,-0.4643,10.3951,-0.0024,-0.0146,9.8066,0.0794,-0.0153,-0.0463,-6.37,-33.19,31.81,352.88,-82.07,-175.44
52.410313,-1.560193,164.09,21.54,3,151.78,19 / 21,2354709,2019-09-06 19:59:20:452,0.0367,0.6517,9.6347,-0.0029,-0.003,9.8066,-0.1733,-0.0737,0.1061,-6,-32.87,31.81,352.99,-82.14,-175.35
52.410313,-1.560193,164.09,21.54,3,151.78,19 / 21,2354810,2019-09-06 19:59:20:553,-0.5472,1.609,9.8984,-0.0095,-0.0279,9.8066,-0.2001,-0.0353,-0.007,-5.94,-32.69,31.81,353.73,-82.16,-174.72
52.410313,-1.560193,164.09,21.54,3,151.78,19 / 21,2354909,2019-09-06 19:59:20:652,-0.5154,0.968,9.8553,-0.0148,-0.0257,9.8065,0.0453,-0.0176,0.0027,-6.31,-32.56,32.25,355.87,-82.04,-172.89
52.410313,-1.560193,164.09,21.54,3,151.78,19 / 21,2355010,2019-09-06 19:59:20:753,-0.2896,-0.1149,9.6673,-0.0031,0.0305,9.8065,0.0305,0.0222,0.0571,-5.37,-32.44,31.63,358.26,-82.23,-172.61
52.410313,-1.560193,164.09,21.54,3,151.78,19 / 21,2355110,2019-09-06 19:59:20:853,-0.6749,1.0959,10.6589,0.0038,-0.0008,9.8066,0.05,-0.0349,-0.0797,-6.19,-32.75,31.88,355.62,-82.18,-173.12
52.410313,-1.560193,164.09,21.54,3,151.78,19 / 21,2355210,2019-09-06 19:59:20:953,-0.0959,-0.6996,10.3934,0.0204,-0.023,9.8066,0.0619,-0.0167,-0.0291,-5.25,-32.25,32.13,355.97,-82.12,-174.56
52.410313,-1.560193,164.09,21.54,3,151.78,19 / 21,2355310,2019-09-06 19:59:21:053,0.0456,0.9774,9.2361,-0.0109,0.0404,9.8065,-0.0395,-0.0576,0.0526,-5.5,-32.62,31.31,355.09,-82.1,-174.99
52.408787,-1.559233,163.93,19.4,3,166.94,21 / 22,2355410,2019-09-06 19:59:21:153,0.1353,-0.2357,10.0115,-0.0036,-0.024,9.8066,0.0113,-0.0307,-0.0149,-5.94,-32.87,32.06,354.07,-82.2,-174.44
52.408787,-1.559233,163.93,19.4,3,166.94,21 / 22,2355509,2019-09-06 19:59:21:252,-0.5676,-0.5491,10.678,0.0026,0.0116,9.8066,0.2188,-0.1209,0.0719,-5.44,-31.87,32.06,356.18,-82.31,-174.4
52.408787,-1.559233,163.93,19.4,3,166.94,21 / 22,2355610,2019-09-06 19:59:21:353,-0.6942,0.3146,9.1307,-0.006,0.0303,9.8065,0.1143,-0.1045,-0.0135,-5.75,-32.75,31.81,354.1,-82.43,-174.44
52.408787,-1.559233,163.93,19.4,3,166.94,21 / 22,2355709,2019-09-06 19:59:21:452,0.3157,1.0314,9.4336,0.0036,0.0131,9.8066,-0.0513,-0.0382,-0.0133,-5.19,-32.69,31.94,355.92,-82.47,-174.62
52.408787,-1.559233,163.93,19.4,3,166.94,21 / 22,2355810,2019-09-06 19:59:21:553,-0.0632,0.2778,9.8055,0.0052,0.0208,9.8066,0.0134,-0.0332,0.0457,-5.37,-32.56,31.31,353.59,-82.75,-176.35
52.408787,-1.559233,163.93,19.4,3,166.94,21 / 22,2355910,2019-09-06 19:59:21:653,-0.0325,-0.1531,10.4207,-0.0052,-0.014,9.8066,0.1027,-0.0548,-0.0254,-5.19,-32.37,32.31,354.35,-82.62,-176.01
52.408787,-1.559233,163.93,19.4,3,166.94,21 / 22,2356009,2019-09-06 19:59:21:752,-1.1229,1.1022,10.5573,-0.0207,-0.0012,9.8066,0.1523,-0.053,0.0634,-5.5,-32.44,31.75,354.85,-82.44,-175.56
52.408787,-1.559233,163.93,19.4,3,166.94,21 / 22,2356109,2019-09-06 19:59:21:852,-0.6519,1.2613,10.2761,-0.0198,0.021,9.8066,-0.1239,-0.033,0.0313,-5.81,-32.81,32.13,355.15,-82.3,-173.53
52.408787,-1.559233,163.93,19.4,3,166.94,21 / 22,2356209,2019-09-06 19:59:21:952,-0.8317,0.5874,9.8336,-0.01,0.0054,9.8066,-0.0933,-0.0412,0.0291,-6.19,-33.19,32,357.49,-82.23,-171.52
52.408787,-1.559233,163.93,19.4,3,166.94,21 / 22,2356309,2019-09-06 19:59:22:052,-0.9009,0.4616,9.2347,-0.0106,0.0344,9.8065,0.0052,0.0054,-0.0324,-6.19,-32.37,32.31,358.18,-82.48,-170.95
52.408787,-1.559233,163.93,19.4,3,166.94,20 / 21,2356409,2019-09-06 19:59:22:152,0.1243,-0.7738,10.1416,-0.001,0.0273,9.8065,-0.0448,-0.0606,-0.0137,-5.44,-32.56,31.81,360,-82.66,-171.12
52.408787,-1.559233,163.93,19.4,3,166.94,20 / 21,2356510,2019-09-06 19:59:22:253,0.3248,-0.1709,9.7086,0.0205,-0.0657,9.8063,-0.1595,0.0107,-0.1127,-5.37,-32.56,31.81,357.75,-82.51,-173.05
52.408787,-1.559233,163.93,19.4,3,166.94,20 / 21,2356610,2019-09-06 19:59:22:353,1.4075,0.4246,10.2864,0.0315,-0.0965,9.8061,0.0916,-0.0775,0.0422,-5.69,-32.94,31.44,353.94,-82.51,-174.23
52.408787,-1.559233,163.93,19.4,3,166.94,20 / 21,2356710,2019-09-06 19:59:22:453,0.3961,0.039,9.9689,-0.0046,-0.0025,9.8066,-0.0031,0.0202,-0.0131,-5.31,-32.94,32.56,357.01,-82.58,-173.97
52.408787,-1.559233,163.93,19.4,3,166.94,20 / 21,2356810,2019-09-06 19:59:22:553,-0.776,0.4257,10.6661,-0.0141,-0.0069,9.8066,-0.1634,-0.0164,0.0401,-5.25,-33,32.13,356.97,-82.66,-173.73
52.408787,-1.559233,163.93,19.4,3,166.94,20 / 21,2356909,2019-09-06 19:59:22:652,1.0219,-0.2583,10.0333,-0.0076,0.0134,9.8065,0.1418,0.091,-0.0592,-5.62,-33,31.63,356.8,-82.79,-172.15
52.408787,-1.559233,163.93,19.4,3,166.94,20 / 21,2357010,2019-09-06 19:59:22:753,-0.0103,-1.7653,8.0793,-0.005,0.0609,9.8064,-0.2406,-0.1354,0.0528,-5.5,-33.37,31.56,358.24,-83.18,-172.65
52.408787,-1.559233,163.93,19.4,3,166.94,20 / 21,2357110,2019-09-06 19:59:22:853,-1.5296,1.1285,9.136,-0.0043,0.0221,9.8066,-0.1897,0.1698,-0.1547,-5.69,-33.31,31.25,358.14,-83.26,-170.66
52.408787,-1.559233,163.93,19.4,3,166.94,20 / 21,2357210,2019-09-06 19:59:22:953,1.0614,1.4032,10.9187,0.0155,-0.0075,9.8066,0.1195,-0.0255,-0.0261,-5.94,-33.81,31.88,356.52,-83.28,-172.41
52.408787,-1.559233,163.93,19.4,3,166.94,20 / 21,2357309,2019-09-06 19:59:23:052,0.5041,0.1187,10.6935,0.0149,-0.0306,9.8066,0.0863,0.0291,-0.0236,-5.37,-33,32.06,357.76,-82.91,-173.06
52.408787,-1.559233,163.93,19.4,3,166.94,20 / 22,2357409,2019-09-06 19:59:23:152,-1.2171,-0.8264,10.2197,-0.0023,-0.0042,9.8066,-0.0966,0.04,-0.0397,-5.94,-32.56,31.44,354.94,-82.85,-173.41
52.408787,-1.559233,163.93,19.4,3,166.94,20 / 22,2357509,2019-09-06 19:59:23:252,-0.2038,0.7476,9.5828,-0.0067,0.0053,9.8066,-0.123,-0.052,0.0607,-5.5,-33.06,31.13,359.54,-82.9,-171.23
52.408787,-1.559233,163.93,19.4,3,166.94,20 / 22,2357610,2019-09-06 19:59:23:353,-1.3732,0.1245,9.5496,-0.0087,0.0173,9.8066,-0.0243,0.0333,-0.0764,-5.56,-32.81,30.69,358.97,-83.2,-169.94
52.408787,-1.559233,163.93,19.4,3,166.94,20 / 22,2357710,2019-09-06 19:59:23:453,-0.2766,0.9656,9.6513,0.0064,0.0139,9.8065,-0.0027,-0.0702,0.0272,-5.56,-33.12,30.94,359.27,-83.32,-169.68
52.408787,-1.559233,163.93,19.4,3,166.94,20 / 22,2357810,2019-09-06 19:59:23:553,-0.2103,0.3435,9.8905,0.0008,0.0153,9.8066,0.0407,-0.0219,0.0062,-5.31,-33.44,31.13,0.54,-83.23,-170.37
52.408787,-1.559233,163.93,19.4,3,166.94,20 / 22,2357909,2019-09-06 19:59:23:652,0.3738,-0.8014,9.4411,-0.0019,-0.0075,9.8066,0.0227,-0.0167,0.0357,-5.19,-33.19,32,0.87,-82.99,-170.37
52.408787,-1.559233,163.93,19.4,3,166.94,20 / 22,2358010,2019-09-06 19:59:23:753,-0.2617,0.1241,9.3571,-0.0063,0.0034,9.8066,-0.0699,-0.0361,0.0064,-5.56,-33.44,31.06,359.63,-83.13,-169.37
52.408787,-1.559233,163.93,19.4,3,166.94,20 / 22,2358110,2019-09-06 19:59:23:853,0.1328,1.2633,9.7236,-0.0071,0.038,9.8066,-0.0537,-0.0085,-0.0113,-5,-33.62,30.69,2.77,-83.23,-168.44
52.408787,-1.559233,163.93,19.4,3,166.94,20 / 22,2358210,2019-09-06 19:59:23:953,-0.3123,0.3743,9.679,-0.0081,0.0217,9.8066,0.0475,-0.0195,0.0106,-5.25,-33.31,31.19,3.74,-83.52,-167.56
52.408787,-1.559233,163.93,19.4,3,166.94,20 / 22,2358310,2019-09-06 19:59:24:053,-0.3263,0.3828,9.7722,-0.0014,-0.0074,9.8066,0.0247,-0.0615,0.0127,-5.12,-33.19,31.25,4.53,-83.43,-166.89
52.408787,-1.559233,163.93,19.4,3,166.94,20 / 21,2358409,2019-09-06 19:59:24:152,-0.8202,0.6186,8.9783,-0.0041,-0.0089,9.8066,-0.0918,-0.0194,0.003,-5,-33.56,31.31,5.05,-83.36,-166.45
52.408787,-1.559233,163.93,19.4,3,166.94,20 / 21,2358510,2019-09-06 19:59:24:253,-1.1022,0.8512,10.1009,-0.0054,0.0043,9.8066,-0.0831,-0.0954,0.0348,-4.87,-33.81,31.13,6.03,-83.45,-165.59
52.408787,-1.559233,163.93,19.4,3,166.94,20 / 21,2358610,2019-09-06 19:59:24:353,-0.1294,0.6375,9.5962,-0.0055,-0.0001,9.8066,0.0385,-0.127,-0.0283,-4.87,-33.31,32.19,6.92,-83.47,-165.04
52.408787,-1.559233,163.93,19.4,3,166.94,20 / 21,2358710,2019-09-06 19:59:24:453,-0.8635,0.4101,10.1313,0.0049,0.0113,9.8065,0.0723,-0.1051,0.0488,-4.56,-32.87,31.88,6.89,-83.4,-165.08
52.408787,-1.559233,163.93,19.4,3,166.94,20 / 21,2358809,2019-09-06 19:59:24:552,-0.6582,-0.0503,10.0559,-0.0042,-0.0153,9.8066,-0.1298,-0.0538,-0.0306,-4.81,-32.69,31.56,6.54,-83.37,-165.39
52.408787,-1.559233,163.93,19.4,3,166.94,20 / 21,2358909,2019-09-06 19:59:24:652,-1.7569,1.3891,10.8412,-0.0144,-0.0096,9.8066,0.0404,-0.028,-0.0159,-3.75,-32.75,32.31,9.26,-83.29,-164.78
52.408787,-1.559233,163.93,19.4,3,166.94,20 / 21,2359009,2019-09-06 19:59:24:752,-0.7761,0.3032,9.6014,-0.0073,0.034,9.8065,-0.0547,-0.0289,0.0009,-3.69,-32.31,32.19,9.53,-83.33,-164.5
52.408787,-1.559233,163.93,19.4,3,166.94,20 / 21,2359109,2019-09-06 19:59:24:852,-1.708,-0.8707,9.4486,0.0084,-0.0068,9.8066,-0.0286,-0.1314,0.0959,-3,-32.44,31.13,10.81,-83.29,-165.02
52.408787,-1.559233,163.93,19.4,3,166.94,20 / 21,2359209,2019-09-06 19:59:24:952,-0.5963,1.0513,9.3083,0.0043,0.002,9.8066,-0.0049,-0.0658,-0.0299,-2.56,-33,30.31,11.08,-83.48,-164.64
52.408787,-1.559233,163.93,19.4,3,166.94,20 / 21,2359309,2019-09-06 19:59:25:052,-0.7222,0.4937,9.5583,0.0074,0.0146,9.8066,0.0429,-0.0848,-0.0473,-2.56,-33.44,30.38,10.67,-83.57,-164.99
52.408787,-1.559233,163.93,19.4,3,166.94,20 / 21,2359409,2019-09-06 19:59:25:152,0.1154,0.8839,9.4538,0.0157,-0.0187,9.8065,0.1075,-0.0407,0.026,-4.19,-33.69,29.75,6.51,-83.52,-166.76
52.408787,-1.559233,163.93,19.4,3,166.94,20 / 21,2359510,2019-09-06 19:59:25:253,0.4382,0.49,9.9378,-0.0075,0.0206,9.8066,0.0698,-0.0807,0.0386,-3.94,-33.37,30.5,6.32,-83.49,-167.12
52.408787,-1.559233,163.93,19.4,3,166.94,20 / 21,2359610,2019-09-06 19:59:25:353,-0.2554,0.0566,10.2603,-0.0085,0.0177,9.8066,-0.0241,-0.0471,0.0004,-4.19,-33.12,30.5,7.17,-83.41,-166.39
52.408787,-1.559233,163.93,19.4,3,166.94,20 / 21,2359710,2019-09-06 19:59:25:453,0.1226,-0.0907,9.9224,0.0017,-0.0032,9.8066,0.0072,-0.0338,0.011,-4.12,-33.31,29.94,6.99,-83.42,-166.33
52.408787,-1.559233,163.93,19.4,3,166.94,20 / 21,2359810,2019-09-06 19:59:25:553,-0.3872,0.1455,9.6465,-0.0067,-0.0223,9.8065,-0.0387,-0.0406,-0.0247,-4.37,-33.5,31.06,7.75,-83.39,-165.89
52.408787,-1.559233,163.93,19.4,3,166.94,20 / 21,2359910,2019-09-06 19:59:25:653,-0.1438,0.459,9.6335,-0.0108,0.0172,9.8066,0.016,-0.0422,0.0372,-4.56,-33.56,30.31,6.59,-83.44,-164.83
52.408787,-1.559233,163.93,19.4,3,166.94,20 / 21,2360010,2019-09-06 19:59:25:753,-0.5174,0.1703,9.6666,-0.0092,0.0176,9.8066,-0.0652,0.0076,0.0132,-4.87,-34.19,30.94,8.65,-83.56,-163.29
52.408787,-1.559233,163.93,19.4,3,166.94,20 / 21,2360110,2019-09-06 19:59:25:853,-0.1784,-0.7297,10.1206,-0.0141,0.0046,9.8066,0.0741,-0.0373,0.0195,-4.19,-33.75,30.38,13.1,-83.63,-161.01
52.408787,-1.559233,163.93,19.4,3,166.94,20 / 21,2360210,2019-09-06 19:59:25:953,-0.2865,0.7436,9.4715,-0.0053,-0.0071,9.8066,-0.0462,-0.08,0.0178,-5.06,-33.75,31,12.63,-83.67,-159.78
52.408787,-1.559233,163.93,19.4,3,166.94,20 / 21,2360310,2019-09-06 19:59:26:053,-0.1015,1.143,10.0493,0.0054,-0.0016,9.8066,-0.0597,-0.0337,-0.0249,-3.75,-33.75,30.19,15.25,-83.72,-159.1
52.408787,-1.559233,163.93,19.4,3,166.94,20 / 21,2360410,2019-09-06 19:59:26:153,0.2955,0.3087,10.1353,0.0052,-0.0205,9.8065,0.0936,0.002,0.0108,-4.62,-33.31,30.75,12.27,-83.63,-160.06
52.408787,-1.559233,163.93,19.4,3,166.94,20 / 21,2360509,2019-09-06 19:59:26:252,-0.6605,0.0011,10.0393,0.0014,0.0073,9.8066,0.0697,-0.0566,0.0444,-3.87,-33.69,30.81,13.61,-83.5,-160.78
52.408787,-1.559233,163.93,19.4,3,166.94,20 / 21,2360610,2019-09-06 19:59:26:353,0.2917,0.6607,9.1799,-0.0048,0.0055,9.8066,-0.0899,0.009,0.0313,-3.56,-33.44,30.75,14.2,-83.56,-160.2
52.408787,-1.559233,163.93,19.4,3,166.94,20 / 21,2360710,2019-09-06 19:59:26:453,0.5948,0.9303,9.7749,-0.0076,0.0071,9.8066,-0.0251,-0.0298,0.0584,-4.19,-32.75,30.44,14.8,-83.8,-159.41
52.408787,-1.559233,163.93,19.4,3,166.94,20 / 21,2360809,2019-09-06 19:59:26:552,-0.1271,0.7779,9.7989,-0.0136,-0.0124,9.8066,0.0221,-0.0554,-0.0006,-4.44,-33.69,30.13,16.78,-83.8,-157.73
52.408787,-1.559233,163.93,19.4,3,166.94,20 / 21,2360910,2019-09-06 19:59:26:653,-0.0372,-0.1451,9.614,0.0014,0.0005,9.8066,0.0487,-0.0648,0.0088,-3.56,-33.19,30.38,17.33,-83.69,-157.22
52.408787,-1.559233,163.93,19.4,3,166.94,20 / 21,2361010,2019-09-06 19:59:26:753,0.1416,-1.0315,9.7159,-0.0123,-0.0108,9.8066,0.018,0.0159,-0.0424,-4.37,-33.37,30.56,17.66,-83.5,-157.18
52.408787,-1.559233,163.93,19.4,3,166.94,20 / 21,2361110,2019-09-06 19:59:26:853,-0.939,-0.4102,10.04,0.0028,0.0256,9.8066,0.0611,-0.109,0.0615,-4.5,-33,31.13,17.84,-83.43,-157.04
52.408787,-1.559233,163.93,19.4,3,166.94,20 / 21,2361210,2019-09-06 19:59:26:953,0.0021,0.3228,9.9144,0.0061,0.0009,9.8066,-0.0205,-0.0093,-0.0352,-3.94,-33.31,30.31,18.56,-83.64,-156.16
52.408787,-1.559233,163.93,19.4,3,166.94,20 / 21,2361309,2019-09-06 19:59:27:052,0.6277,0.259,9.5212,0.0021,0.006,9.8066,0.0167,0.0009,0.0128,-4.44,-33.31,30.25,18.28,-83.85,-156.33
52.408787,-1.559233,163.93,19.4,3,166.94,20 / 21,2361410,2019-09-06 19:59:27:153,0.4776,0.2096,9.5179,0.0037,-0.015,9.8066,-0.1033,0.0303,0.0429,-4.75,-34.06,30.5,17.08,-83.87,-155.8
52.408787,-1.559233,163.93,19.4,3,166.94,20 / 21,2361509,2019-09-06 19:59:27:252,0.2293,0.4007,9.8402,-0.0017,-0.0221,9.8065,-0.0516,-0.0127,0.057,-5.12,-33.75,30.94,16.75,-83.71,-156.14
52.408787,-1.559233,163.93,19.4,3,166.94,20 / 21,2361609,2019-09-06 19:59:27:352,-0.0741,0.7629,10.0638,-0.0123,-0.0323,9.8065,0.027,0.0259,-0.0371,-4.44,-33.31,30.63,19.76,-83.55,-155.3
52.408787,-1.559233,163.93,19.4,3,166.94,20 / 21,2361710,2019-09-06 19:59:27:453,-0.9729,0.6853,10.5311,0,0.0154,9.8066,-0.0032,-0.0584,0.0873,-4.56,-33.75,30.38,17.71,-83.54,-155.13
52.408787,-1.559233,163.93,19.4,3,166.94,20 / 21,2361810,2019-09-06 19:59:27:553,0.1106,0.2427,10.3053,-0.0029,0.0247,9.8066,-0.0032,-0.0067,-0.0084,-4.37,-33.12,30.75,20.93,-83.71,-154.2
52.408787,-1.559233,163.93,19.4,3,166.94,20 / 21,2361910,2019-09-06 19:59:27:653,0.5688,1.2003,9.8439,0.0045,-0.0044,9.8066,0.0114,-0.0242,0.0093,-3.69,-32.5,31.06,20.07,-83.77,-154.87
52.408787,-1.559233,163.93,19.4,3,166.94,20 / 21,2362009,2019-09-06 19:59:27:752,-0.168,0.6693,10.2019,-0.0072,0.0096,9.8065,-0.0341,-0.0413,-0.0281,-4.37,-32.87,31.13,21.06,-83.82,-154.04
52.408787,-1.559233,163.93,19.4,3,166.94,20 / 21,2362110,2019-09-06 19:59:27:853,0.7628,0.3329,10.4567,0.0015,-0.0068,9.8066,0.0094,0.0024,-0.0204,-4.12,-33.19,30.63,20.64,-83.81,-154.41
52.408787,-1.559233,163.93,19.4,3,166.94,20 / 21,2362210,2019-09-06 19:59:27:953,0.2825,1.2215,9.6284,0.0046,-0.0203,9.8065,-0.0576,0.0625,-0.0329,-3.69,-32.94,30.88,19.84,-83.73,-155.16
52.408787,-1.559233,163.93,19.4,3,166.94,20 / 21,2362309,2019-09-06 19:59:28:052,0.1127,2.4928,9.2146,-0.004,0.0131,9.8065,-0.0534,0.0133,0.0358,-3.69,-33.44,30.56,19.66,-83.81,-155.29
52.408787,-1.559233,163.93,19.4,3,166.94,21 / 22,2362410,2019-09-06 19:59:28:153,0.3621,0.9231,10.9872,-0.0076,-0.0161,9.8066,0.0213,0.0195,0.029,-4.25,-33.31,30.81,21.49,-83.92,-153.62
52.408787,-1.559233,163.93,19.4,3,166.94,21 / 22,2362509,2019-09-06 19:59:28:252,0.0262,1.056,9.9792,-0.0014,-0.0249,9.8065,-0.0488,-0.0249,0.0338,-4,-33.06,31,22.53,-83.89,-152.71
52.408787,-1.559233,163.93,19.4,3,166.94,21 / 22,2362610,2019-09-06 19:59:28:353,0.5231,0.774,9.2551,-0.0001,0.0213,9.8065,-0.0206,-0.0819,-0.0062,-4.37,-33.19,31,23.38,-83.87,-151.95
52.408787,-1.559233,163.93,19.4,3,166.94,21 / 22,2362709,2019-09-06 19:59:28:452,0.6803,0.1558,9.9073,-0.0087,0.0126,9.8066,0.0365,0.0483,-0.0325,-4.31,-33.62,30.88,24.56,-83.95,-150.94
52.408787,-1.559233,163.93,19.4,3,166.94,21 / 22,2362810,2019-09-06 19:59:28:553,1.1368,0.5193,9.4194,-0.004,0.0043,9.8066,-0.0022,0.0019,0.0018,-4.44,-33.12,30.69,24.41,-83.96,-151
52.408787,-1.559233,163.93,19.4,3,166.94,21 / 22,2362909,2019-09-06 19:59:28:652,0.8828,1.1369,10.9538,-0.0027,-0.0018,9.8066,-0.0566,0.0412,-0.0195,-4.25,-33.19,30.38,23.11,-83.9,-152.02
52.408787,-1.559233,163.93,19.4,3,166.94,21 / 22,2363009,2019-09-06 19:59:28:752,-0.3937,1.5207,10.2002,0.0111,0.0346,9.8066,-0.0241,0.133,-0.0134,-4.25,-32.75,31.19,22.53,-84.07,-152.63
52.408787,-1.559233,163.93,19.4,3,166.94,21 / 22,2363109,2019-09-06 19:59:28:852,1.7794,2.0101,10.3602,-0.0026,0.0224,9.8066,0.0826,0.0199,0.0113,-4.19,-32.87,30.94,24.12,-84.11,-151.17
52.408787,-1.559233,163.93,19.4,3,166.94,21 / 22,2363210,2019-09-06 19:59:28:953,1.1533,0.855,10.1805,-0.0072,-0.014,9.8066,-0.0246,0.0302,-0.0458,-4.69,-32.37,30.19,22.52,-83.95,-150.57
52.408787,-1.559233,163.93,19.4,3,166.94,21 / 22,2363310,2019-09-06 19:59:29:053,0.7561,1.4282,10.1854,-0.0009,0.0062,9.8066,0.0442,0.0156,0.006,-4.19,-32.75,30.88,25.38,-84,-150.11
52.408787,-1.559233,163.93,19.4,3,166.94,21 / 22,2363410,2019-09-06 19:59:29:153,0.6804,0.9569,9.3757,0.005,0.0264,9.8065,-0.006,0.0583,0.0171,-4.44,-32.44,31.13,24.9,-84.02,-150.44
52.408787,-1.559233,163.93,19.4,3,166.94,21 / 22,2363509,2019-09-06 19:59:29:252,0.1624,1.0668,9.4696,0.0042,-0.0065,9.8066,-0.0101,-0.0144,0.0002,-4.31,-32.69,31.19,25.13,-83.99,-150.33
52.408787,-1.559233,163.93,19.4,3,166.94,21 / 22,2363610,2019-09-06 19:59:29:353,2.2945,1.1496,9.9388,0.009,0.0378,9.8066,0.0039,0.0689,-0.0027,-4.81,-33.37,31.06,22.54,-84.06,-150.8
52.408787,-1.559233,163.93,19.4,3,166.94,21 / 22,2363710,2019-09-06 19:59:29:453,1.2752,1.8804,9.4768,-0.0029,0.0275,9.8066,-0.0006,0.046,0.0023,-4.69,-33.12,30.88,23.12,-84.37,-150.14
52.408787,-1.559233,163.93,19.4,3,166.94,21 / 22,2363809,2019-09-06 19:59:29:552,2.3796,0.3606,10.321,-0.0052,0.0268,9.8066,0.0202,0.0502,0.0086,-4.94,-32.87,30.69,23.86,-84.45,-149.43
52.408787,-1.559233,163.93,19.4,3,166.94,21 / 22,2363910,2019-09-06 19:59:29:653,1.1885,0.7884,10.5439,0.0056,-0.0259,9.8065,0.0268,-0.0062,0.0397,-4.69,-32.56,31.13,23.34,-84.28,-149.98
52.408787,-1.559233,163.93,19.4,3,166.94,21 / 22,2364010,2019-09-06 19:59:29:753,1.1931,2.0034,10.7277,0.006,-0.0353,9.8066,-0.0108,0.0615,0.0119,-4.69,-32.69,30.63,22.91,-84.06,-150.47
52.408787,-1.559233,163.93,19.4,3,166.94,21 / 22,2364110,2019-09-06 19:59:29:853,0.733,0.6868,9.7848,-0.0027,0.0049,9.8066,0.0128,0.0509,0.0271,-4.62,-32.44,30.56,22.14,-84.04,-151.09
52.408787,-1.559233,163.93,19.4,3,166.94,21 / 22,2364209,2019-09-06 19:59:29:952,1.6756,2.1075,10.1859,-0.0016,0.0171,9.8066,0.1098,0.0518,-0.0222,-4.37,-32.12,30.31,24.69,-84.1,-150.43
52.408787,-1.559233,163.93,19.4,3,166.94,21 / 22,2364310,2019-09-06 19:59:30:053,2.1333,-0.1968,10.012,0.0154,-0.0009,9.8066,0.0405,0.0377,-0.0315,-4.81,-32.19,30.13,21.74,-84.11,-151.19
52.40746,-1.558971,165.53,13.19,3,172.65,21 / 22,2364411,2019-09-06 19:59:30:154,2.142,1.641,9.7071,0.0034,0.021,9.8066,-0.0766,0.1386,-0.0265,-4.94,-32.12,29.81,21.74,-84.11,-151.19
52.40746,-1.558971,165.53,13.19,3,172.65,21 / 22,2364510,2019-09-06 19:59:30:253,0.7667,0.9521,9.9958,-0.004,0.0136,9.8066,0.0381,0.0722,-0.0037,-5.5,-33.62,30,21.66,-84.39,-151.29
52.40746,-1.558971,165.53,13.19,3,172.65,21 / 22,2364609,2019-09-06 19:59:30:352,1.6505,0.7921,9.6508,0.0029,0.0102,9.8066,0.0363,0.0814,-0.0454,-6.19,-33.69,29.5,19.53,-84.4,-151.33
52.40746,-1.558971,165.53,13.19,3,172.65,21 / 22,2364709,2019-09-06 19:59:30:452,1.0552,1.3404,9.7901,-0.0035,-0.0037,9.8066,0.0108,0.078,0.0241,-6.69,-33.5,30.19,16.57,-84.37,-152.09
52.40746,-1.558971,165.53,13.19,3,172.65,21 / 22,2364809,2019-09-06 19:59:30:552,2.2863,0.0911,9.3012,-0.011,0.0022,9.8066,-0.0636,0.1025,-0.059,-7,-33.44,30.44,17.69,-84.37,-151.09
52.40746,-1.558971,165.53,13.19,3,172.65,21 / 22,2364910,2019-09-06 19:59:30:653,1.099,1.0875,9.7892,0.0027,0.0106,9.8066,-0.0592,0.0883,0.0755,-7.25,-32.81,30.63,18.75,-84.57,-150.42
52.40746,-1.558971,165.53,13.19,3,172.65,21 / 22,2365010,2019-09-06 19:59:30:753,1.5608,0.1253,10.1362,-0.0031,0.0243,9.8065,-0.0608,0.1057,-0.0193,-7.12,-33.81,30.81,20.14,-84.76,-149.14
52.40746,-1.558971,165.53,13.19,3,172.65,21 / 22,2365110,2019-09-06 19:59:30:853,1.8171,-0.5259,10.0707,0.0127,-0.0185,9.8066,-0.0132,0.064,-0.0174,-7.69,-33.75,29.81,16.66,-84.88,-150.07
52.40746,-1.558971,165.53,13.19,3,172.65,21 / 22,2365210,2019-09-06 19:59:30:953,2.033,1.1662,9.6645,0.0238,-0.0353,9.8065,0.1149,0.1039,0.0142,-7.44,-33.56,29.44,17.15,-84.94,-151.04
52.40746,-1.558971,165.53,13.19,3,172.65,21 / 22,2365310,2019-09-06 19:59:31:053,2.0212,0.0437,9.3544,-0.0033,0.0187,9.8066,0.0999,0.1171,-0.0166,-7.5,-34.87,29.56,17.29,-85.08,-151.3
52.40746,-1.558971,165.53,13.19,3,172.65,20 / 21,2365410,2019-09-06 19:59:31:153,1.3666,-0.291,9.5829,-0.0005,0.0135,9.8066,0.0168,0.1359,-0.0267,-7.87,-34.44,29.56,15.84,-85.3,-150.68
52.40746,-1.558971,165.53,13.19,3,172.65,20 / 21,2365510,2019-09-06 19:59:31:253,1.339,1.521,9.4537,-0.004,0.0321,9.8065,0.008,0.1052,0.0065,-7.62,-34.31,30.13,17.5,-85.4,-149.14
52.40746,-1.558971,165.53,13.19,3,172.65,20 / 21,2365609,2019-09-06 19:59:31:352,1.7188,1.075,9.3666,-0.0103,0.0215,9.8065,-0.0139,0.1034,0.0145,-7.75,-34.75,29.63,18.56,-85.45,-148.19
52.40746,-1.558971,165.53,13.19,3,172.65,20 / 21,2365709,2019-09-06 19:59:31:452,1.7028,0.5719,9.6606,0.0017,-0.0031,9.8066,-0.0322,0.0512,0.0499,-7.75,-33.87,30,19.48,-85.58,-147.26
52.40746,-1.558971,165.53,13.19,3,172.65,20 / 21,2365809,2019-09-06 19:59:31:552,1.5416,2.3349,9.495,0.0061,-0.011,9.8066,0.1242,0.1713,0.0059,-7.94,-33.94,30,20.58,-85.65,-146.21
52.40746,-1.558971,165.53,13.19,3,172.65,20 / 21,2365910,2019-09-06 19:59:31:653,0.5823,-0.2336,11.2242,-0.0297,0.024,9.8065,0.286,0.0696,0.0458,-8.31,-33.69,29.94,22.36,-85.75,-144.53
52.40746,-1.558971,165.53,13.19,3,172.65,20 / 21,2366009,2019-09-06 19:59:31:752,0.882,0.1497,10.3635,0.0022,0.0516,9.8064,-0.2041,0.1189,-0.0057,-8,-33.06,30.13,24.99,-85.85,-142
52.40746,-1.558971,165.53,13.19,3,172.65,20 / 21,2366109,2019-09-06 19:59:31:852,0.0942,0.5227,10.1844,0.0118,-0.0686,9.8063,-0.1065,0.0708,0.0056,-8.31,-32.56,30.19,19.53,-85.45,-147.21
52.40746,-1.558971,165.53,13.19,3,172.65,20 / 21,2366209,2019-09-06 19:59:31:952,0.2888,2.4869,9.2059,0.039,-0.065,9.8063,0.2198,0.0784,-0.0886,-8.31,-32.37,29.94,16.35,-85.37,-150.11
52.40746,-1.558971,165.53,13.19,3,172.65,20 / 21,2366310,2019-09-06 19:59:32:053,0.1937,2.1974,8.9811,-0.0104,0.1028,9.8061,0.2669,0.1019,-0.0335,-8.19,-32.37,29,15.36,-86.07,-150.35
52.40746,-1.558971,165.53,13.19,3,172.65,20 / 22,2366409,2019-09-06 19:59:32:152,1.6542,0.2212,9.728,-0.025,0.1069,9.806,-0.208,0.055,-0.0687,-8.81,-32.69,29.25,13.25,-86.36,-150.44
52.40746,-1.558971,165.53,13.19,3,172.65,20 / 22,2366510,2019-09-06 19:59:32:253,-0.8691,0.5967,10.3665,0.0268,-0.0431,9.8065,-0.0952,-0.0177,0.0983,-8.94,-33,28.19,15.43,-86.57,-147.8
52.40746,-1.558971,165.53,13.19,3,172.65,20 / 22,2366610,2019-09-06 19:59:32:353,-0.0169,1.2533,9.8643,-0.0051,-0.0598,9.8064,-0.0583,0.1341,0.0085,-8.56,-34.75,28.19,15.3,-86.36,-148.06
52.40746,-1.558971,165.53,13.19,3,172.65,20 / 22,2366710,2019-09-06 19:59:32:453,-1.4394,1.939,10.8645,-0.0265,-0.0064,9.8066,-0.0563,-0.023,0.1059,-9.56,-34.75,29.69,21.2,-86.15,-141.95
52.40746,-1.558971,165.53,13.19,3,172.65,20 / 22,2366809,2019-09-06 19:59:32:552,0.014,1.2254,9.9846,-0.0186,-0.0111,9.8066,0.1138,-0.0564,0.0261,-9.44,-34.12,29.94,24.76,-85.82,-140.5
52.40746,-1.558971,165.53,13.19,3,172.65,20 / 22,2366909,2019-09-06 19:59:32:652,-0.2117,-0.1809,9.8265,-0.0129,-0.0121,9.8065,0.1817,-0.0047,0.0308,-9.81,-33.5,30.69,23.23,-85.56,-140.73
52.40746,-1.558971,165.53,13.19,3,172.65,20 / 22,2367009,2019-09-06 19:59:32:752,-0.8045,0.6514,9.6137,-0.0202,0.0065,9.8066,-0.1947,-0.0587,0.1066,-9.5,-33.19,30.63,26.85,-85.42,-139.15
52.40746,-1.558971,165.53,13.19,3,172.65,20 / 22,2367109,2019-09-06 19:59:32:852,-0.865,0.524,9.5909,-0.0398,0.0059,9.8065,-0.1498,-0.0621,0.0626,-10.75,-33.75,30.5,29.68,-85.29,-133.28
52.40746,-1.558971,165.53,13.19,3,172.65,20 / 22,2367209,2019-09-06 19:59:32:952,-1.8701,0.6016,9.5763,-0.0248,-0.023,9.8065,0.0755,-0.109,0.085,-10.06,-33.12,30.31,37.87,-84.99,-127.02
52.40746,-1.558971,165.53,13.19,3,172.65,20 / 22,2367309,2019-09-06 19:59:33:052,-1.7762,0.1156,10.1552,-0.0327,0.0055,9.8066,0.0659,-0.1836,0.0899,-10.5,-32.94,30.38,42.31,-84.52,-123.24
52.40746,-1.558971,165.53,13.19,3,172.65,21 / 22,2367410,2019-09-06 19:59:33:153,-1.7682,-1.6469,9.9214,-0.0131,0.0029,9.8066,-0.0186,-0.2019,0.009,-10.5,-32.69,31,42.9,-84.24,-123.35
52.40746,-1.558971,165.53,13.19,3,172.65,21 / 22,2367510,2019-09-06 19:59:33:253,-1.4838,-1.3525,9.0688,0.0143,-0.0071,9.8066,-0.0538,-0.1824,0.006,-10.62,-32.44,29.94,39.18,-84.12,-124.55
52.40746,-1.558971,165.53,13.19,3,172.65,21 / 22,2367609,2019-09-06 19:59:33:352,-2.0892,-0.726,9.3503,-0.0026,-0.0077,9.8066,-0.0247,-0.2436,0.0563,-10.56,-32.44,29.75,39.18,-84.21,-124.49
52.40746,-1.558971,165.53,13.19,3,172.65,21 / 22,2367709,2019-09-06 19:59:33:452,-1.9604,-0.7813,10.219,-0.0136,0.0388,9.8065,-0.0305,-0.2194,-0.0171,-10,-33.75,28.88,46.08,-84.34,-119.56
52.40746,-1.558971,165.53,13.19,3,172.65,21 / 22,2367810,2019-09-06 19:59:33:553,-1.9263,-0.9961,9.9433,-0.0007,0.0264,9.8066,-0.0416,-0.2576,0.0341,-9.31,-34.25,28.38,48.82,-84.49,-118.29
52.40746,-1.558971,165.53,13.19,3,172.65,21 / 22,2367910,2019-09-06 19:59:33:653,-1.7775,-0.6054,10.3259,-0.0002,-0.0414,9.8065,-0.0169,-0.2479,0.0203,-8.06,-37.06,28.81,50.15,-84.32,-119.95
52.40746,-1.558971,165.53,13.19,3,172.65,21 / 22,2368010,2019-09-06 19:59:33:753,-2.1158,-0.1268,10.7401,-0.0001,-0.015,9.8065,0.1214,-0.2658,0.019,-7.75,-36.19,30.81,48.51,-84.07,-122.18
52.40746,-1.558971,165.53,13.19,3,172.65,21 / 22,2368110,2019-09-06 19:59:33:853,-1.582,-1.3909,10.0234,0.0041,-0.0116,9.8065,0.0687,-0.2385,0.018,-7.06,-34.31,31.75,46.91,-83.87,-125.57
52.40746,-1.558971,165.53,13.19,3,172.65,21 / 22,2368209,2019-09-06 19:59:33:952,-2.3033,-1.51,9.8301,-0.0038,-0.0189,9.8066,0.0435,-0.2368,0.0042,-6.56,-32.56,32.31,43.3,-83.58,-128.98
52.40746,-1.558971,165.53,13.19,3,172.65,21 / 22,2368310,2019-09-06 19:59:34:053,-2.0678,-0.7752,9.8698,-0.0091,0.007,9.8066,0.0175,-0.2868,0.0297,-5.87,-33.25,30.75,45.35,-83.44,-128.77
52.40746,-1.558971,165.53,13.19,3,172.65,20 / 21,2368410,2019-09-06 19:59:34:153,-2.5449,-0.857,10.1991,-0.0011,-0.0085,9.8066,-0.1148,-0.2894,0.033,-6,-32.75,30.94,47.37,-83.52,-126.85
52.40746,-1.558971,165.53,13.19,3,172.65,20 / 21,2368510,2019-09-06 19:59:34:253,-2.3859,-0.8279,9.5639,-0.0041,-0.0124,9.8066,-0.0326,-0.3259,0.035,-5.19,-32.81,29.94,50.46,-83.51,-125.71
52.40746,-1.558971,165.53,13.19,3,172.65,20 / 21,2368611,2019-09-06 19:59:34:354,-2.1148,-0.6141,9.737,-0.0008,0.0102,9.8066,0.003,-0.3331,0.0201,-5.37,-32.87,30.56,50.71,-83.39,-125.71
52.40746,-1.558971,165.53,13.19,3,172.65,20 / 21,2368709,2019-09-06 19:59:34:452,-2.3826,-1.2037,9.6148,0.0083,-0.0038,9.8066,-0.033,-0.3075,0.028,-4,-32.94,30.13,52.48,-83.36,-125.88
52.40746,-1.558971,165.53,13.19,3,172.65,20 / 21,2368810,2019-09-06 19:59:34:553,-3.207,-1.0655,10.278,0.0013,-0.0018,9.8066,0.0126,-0.3225,0.0105,-4.12,-32.81,30.38,51.67,-83.3,-126.67
52.40746,-1.558971,165.53,13.19,3,172.65,20 / 21,2368910,2019-09-06 19:59:34:653,-2.6159,-1.1494,10.1845,0.0012,0.0093,9.8066,0.0852,-0.2521,0.0322,-3.19,-33.44,29.69,53.62,-83.37,-126.71
52.40746,-1.558971,165.53,13.19,3,172.65,20 / 21,2369009,2019-09-06 19:59:34:752,-1.9274,-2.1257,9.9001,-0.0066,0.0118,9.8066,-0.1258,-0.2353,0.0356,-3.12,-33.5,29.25,53.45,-83.34,-126.91
52.40746,-1.558971,165.53,13.19,3,172.65,20 / 21,2369109,2019-09-06 19:59:34:852,-2.3854,-0.3356,10.0976,-0.0181,-0.0143,9.8066,-0.0665,-0.2344,-0.0196,-2.37,-33.87,28.75,56.4,-83.16,-126.54
52.40746,-1.558971,165.53,13.19,3,172.65,20 / 21,2369210,2019-09-06 19:59:34:953,-1.7119,-0.7718,10.0101,-0.0005,-0.0091,9.8065,-0.0531,-0.2486,0.053,-2.12,-34.94,29.13,56.47,-83.21,-126.61
52.40746,-1.558971,165.53,13.19,3,172.65,20 / 21,2369310,2019-09-06 19:59:35:053,-1.708,-1.7597,10.0653,-0.0038,-0.0182,9.8066,-0.0777,-0.2685,0.0408,-1.75,-34.12,29.06,56.15,-83.17,-126.76
52.40746,-1.558971,165.53,13.19,3,172.65,21 / 22,2369410,2019-09-06 19:59:35:153,-1.1934,-1.9162,10.1073,0.0105,0.0075,9.8066,0.0159,-0.2619,-0.018,-1.31,-34.06,28.69,56.89,-83.08,-128.15
52.40746,-1.558971,165.53,13.19,3,172.65,21 / 22,2369509,2019-09-06 19:59:35:252,-1.9627,-2.3819,10.3534,0.0056,-0.0009,9.8065,0.0599,-0.1735,-0.0311,-1.25,-34.19,29.5,55.33,-83.06,-129.46
52.40746,-1.558971,165.53,13.19,3,172.65,21 / 22,2369610,2019-09-06 19:59:35:353,-0.5098,-1.2208,9.5663,0.0115,-0.0437,9.8064,-0.0824,-0.123,0.0139,-0.94,-33.25,29.44,54.32,-83.17,-130.24
52.40746,-1.558971,165.53,13.19,3,172.65,21 / 22,2369710,2019-09-06 19:59:35:453,-1.8557,-1.2411,10.051,-0.0106,-0.0384,9.8066,-0.0791,-0.1942,0.0351,-0.69,-33.44,29.13,52.2,-82.98,-132.37
52.40746,-1.558971,165.53,13.19,3,172.65,21 / 22,2369810,2019-09-06 19:59:35:553,-0.225,-1.5789,9.5745,0.0038,0.0583,9.8064,0.0485,-0.155,0.018,-0.44,-33.5,28.88,56.34,-83.23,-130.29
52.40746,-1.558971,165.53,13.19,3,172.65,21 / 22,2369910,2019-09-06 19:59:35:653,-0.1717,-1.1525,9.7463,0.0141,0.0473,9.8065,0.0655,-0.0477,-0.026,-0.44,-33.44,29.13,56.42,-83.37,-130.06
52.40746,-1.558971,165.53,13.19,3,172.65,21 / 22,2370010,2019-09-06 19:59:35:753,0.2726,-0.9992,10.2578,0.013,-0.0282,9.8065,-0.052,-0.0603,-0.0421,0.38,-33.62,29.19,54.53,-83.34,-132.04
52.40746,-1.558971,165.53,13.19,3,172.65,21 / 22,2370110,2019-09-06 19:59:35:853,1.07,-1.9751,10.1129,0.0163,-0.0316,9.8065,0.0002,0.0351,-0.0743,0.56,-34.37,28.81,54.56,-83.47,-133.84
52.40746,-1.558971,165.53,13.19,3,172.65,21 / 22,2370210,2019-09-06 19:59:35:953,0.6079,-1.6624,10.1313,0.0113,-0.0212,9.8065,0.0554,0.0352,-0.0586,0.81,-35,29.13,52.27,-83.39,-136.23
52.40746,-1.558971,165.53,13.19,3,172.65,21 / 22,2370310,2019-09-06 19:59:36:053,1.5334,-1.0726,9.2225,-0.0041,-0.025,9.8065,-0.0257,-0.0258,0.0651,0.88,-34.75,30.13,48.92,-83.25,-139.15
52.40746,-1.558971,165.53,13.19,3,172.65,21 / 22,2370410,2019-09-06 19:59:36:153,1.0969,-0.5605,10.0452,0.0119,0.0371,9.8065,0.0613,0.0803,-0.0006,0.75,-34.25,30.5,49.65,-83.33,-137.98
52.40746,-1.558971,165.53,13.19,3,172.65,21 / 22,2370509,2019-09-06 19:59:36:252,1.7145,-0.7983,10.3092,-0.0078,0.0362,9.8066,0.0658,0.0493,0.0207,0.81,-33.31,30.13,51.18,-83.29,-136.68
52.40746,-1.558971,165.53,13.19,3,172.65,21 / 22,2370609,2019-09-06 19:59:36:352,1.8926,-1.0646,9.6593,-0.003,-0.0326,9.8065,-0.0491,0.0556,-0.0205,1.31,-33.37,30.56,49.14,-83.19,-138.41
52.40746,-1.558971,165.53,13.19,3,172.65,21 / 22,2370710,2019-09-06 19:59:36:453,1.96,-1.9448,9.0081,0.0029,-0.0326,9.8065,-0.0404,0.1334,-0.0751,0.13,-33.19,29.75,45.97,-83.11,-139.71
52.40746,-1.558971,165.53,13.19,3,172.65,21 / 22,2370809,2019-09-06 19:59:36:552,2.0335,-1.2126,9.164,0.0132,0.0322,9.8065,-0.0332,0.1839,-0.0304,0.56,-32.87,30.06,47.34,-83.14,-140.34
52.40746,-1.558971,165.53,13.19,3,172.65,21 / 22,2370909,2019-09-06 19:59:36:652,2.0268,-1.3052,8.9811,0.0197,0.0453,9.8065,-0.089,0.1352,-0.04,0.06,-32.56,29.56,46.93,-83.72,-138.31
52.40746,-1.558971,165.53,13.19,3,172.65,21 / 22,2371010,2019-09-06 19:59:36:753,3.7508,-0.421,9.321,0.0249,0.03,9.8065,0.0867,0.1065,-0.0225,-0.31,-33.25,28.94,47.48,-84.49,-137.28
52.40746,-1.558971,165.53,13.19,3,172.65,21 / 22,2371110,2019-09-06 19:59:36:853,3.1036,0.1882,10.2134,0.0159,0.0311,9.8065,0.2279,0.1787,-0.0557,0,-32.62,29.19,47.55,-84.77,-136.97
52.40746,-1.558971,165.53,13.19,3,172.65,21 / 22,2371209,2019-09-06 19:59:36:952,4.2314,-1.721,10.1129,-0.0146,-0.0219,9.8066,-0.0847,0.1502,0.0444,-0.94,-32.12,29.56,44.57,-84.54,-137.74
52.40746,-1.558971,165.53,13.19,3,172.65,21 / 22,2371310,2019-09-06 19:59:37:053,3.0172,-1.5063,10.0877,-0.0149,-0.0003,9.8066,-0.071,0.1366,-0.0113,-1.25,-32.81,29.88,45.13,-84.44,-137.44
52.40746,-1.558971,165.53,13.19,3,172.65,21 / 22,2371409,2019-09-06 19:59:37:152,2.2829,-1.9459,9.9293,-0.0151,-0.0144,9.8066,0.0368,0.1293,0.0442,-2.12,-32.44,30.06,43.48,-84.21,-137.1
52.40746,-1.558971,165.53,13.19,3,172.65,21 / 22,2371509,2019-09-06 19:59:37:252,2.9246,-0.3479,9.7965,0.0041,-0.004,9.8066,-0.0171,0.2197,-0.1018,-2.06,-33,30.13,44.25,-84.12,-136.6
52.40746,-1.558971,165.53,13.19,3,172.65,21 / 22,2371609,2019-09-06 19:59:37:352,3.4341,-2.0801,9.4664,0.0096,0.0131,9.8066,-0.0316,0.094,0.0191,-2,-33.06,30.38,43.83,-84.31,-136.83
52.40746,-1.558971,165.53,13.19,3,172.65,21 / 22,2371710,2019-09-06 19:59:37:453,2.1046,-1.5965,9.8611,0.013,-0.0083,9.8066,-0.0398,0.1608,-0.1144,-1.94,-32.19,30.06,41.85,-84.35,-138.49
52.40746,-1.558971,165.53,13.19,3,172.65,21 / 22,2371809,2019-09-06 19:59:37:552,2.7332,-0.7885,9.851,0.0128,-0.0024,9.8066,0.1054,0.1279,0.016,-2.75,-33.12,30.5,36.89,-84.39,-141.28
52.40746,-1.558971,165.53,13.19,3,172.65,21 / 22,2371910,2019-09-06 19:59:37:653,2.4967,-1.2833,9.0799,0.0055,-0.0046,9.8066,0.0285,0.1224,-0.0431,-2.5,-33.19,30.38,37.58,-84.4,-142.49
52.40746,-1.558971,165.53,13.19,3,172.65,21 / 22,2372009,2019-09-06 19:59:37:752,2.0944,-1.6559,8.8706,-0.0042,0.0326,9.8066,-0.0325,0.1244,0.0327,-2.44,-33.69,30.25,38.21,-84.51,-141.95
52.40746,-1.558971,165.53,13.19,3,172.65,21 / 22,2372110,2019-09-06 19:59:37:853,2.2389,-1.9042,8.5832,0.0002,0.0577,9.8066,-0.0446,0.1379,-0.0123,-2.69,-34.44,29.38,40.65,-84.96,-137.39
52.40746,-1.558971,165.53,13.19,3,172.65,21 / 22,2372209,2019-09-06 19:59:37:952,2.1202,-0.486,9.6394,-0.0079,-0.0575,9.8064,-0.0681,0.0952,0.0563,-2.56,-35.12,29.13,42.78,-85.04,-135.47
52.40746,-1.558971,165.53,13.19,3,172.65,21 / 22,2372309,2019-09-06 19:59:38:052,1.1551,-0.2867,10.2274,0.0077,-0.071,9.8064,-0.0039,0.0721,-0.0248,-3.06,-34.62,30.5,43.06,-85.08,-135.29
52.40746,-1.558971,165.53,13.19,3,172.65,21 / 22,2372410,2019-09-06 19:59:38:153,0.441,-1.8372,9.798,-0.0072,-0.0033,9.8066,0.1049,0.0366,0.016,-3.44,-33.19,30.69,42.16,-84.92,-136.04
52.40746,-1.558971,165.53,13.19,3,172.65,21 / 22,2372509,2019-09-06 19:59:38:252,0.9244,-1.6395,10.1414,-0.0107,-0.019,9.8065,-0.0139,0.0932,0.0619,-3.56,-32.94,30.06,39.72,-84.57,-136.6
52.40746,-1.558971,165.53,13.19,3,172.65,21 / 22,2372610,2019-09-06 19:59:38:353,0.0946,-0.6479,10.4986,0.0128,0.0439,9.8065,-0.0246,0.0816,-0.1396,-3.19,-33,30,42.99,-84.55,-135.5
52.40746,-1.558971,165.53,13.19,3,172.65,21 / 22,2372710,2019-09-06 19:59:38:453,1.5858,-1.8559,9.2531,-0.0062,0.0378,9.8065,0.1027,0.0977,0.0155,-3.56,-33.19,30.06,42.46,-84.88,-133.83
52.40746,-1.558971,165.53,13.19,3,172.65,21 / 22,2372810,2019-09-06 19:59:38:553,1.8379,-0.4551,9.6454,0.0085,-0.0267,9.8066,0.0416,-0.0082,0.0134,-3.44,-33.19,30,42.82,-84.67,-135.57
52.40746,-1.558971,165.53,13.19,3,172.65,21 / 22,2372910,2019-09-06 19:59:38:653,0.3656,-2.2835,10.0644,0.0232,-0.0255,9.8065,-0.0018,0.023,-0.1518,-3.31,-33.31,30.5,39.12,-84.77,-138.96
52.40746,-1.558971,165.53,13.19,3,172.65,21 / 22,2373009,2019-09-06 19:59:38:752,0.5251,-1.2424,9.5062,0.0128,-0.0204,9.8066,-0.0217,0.0632,-0.0143,-3.87,-32.94,30.06,32.07,-84.78,-143.47
52.40746,-1.558971,165.53,13.19,3,172.65,21 / 22,2373109,2019-09-06 19:59:38:852,1.6973,-1.7168,8.3503,0.0081,0.0131,9.8066,-0.1478,-0.0018,0.0436,-3.56,-33.31,30.38,32.48,-84.96,-142.98
52.40746,-1.558971,165.53,13.19,3,172.65,21 / 22,2373209,2019-09-06 19:59:38:952,2.1108,-0.9358,9.1086,-0.0126,0.0312,9.8065,-0.0094,-0.0294,0.0341,-4.12,-33.37,30.06,35.87,-85.34,-139.61
52.40746,-1.558971,165.53,13.19,3,172.65,21 / 22,2373309,2019-09-06 19:59:39:052,1.4544,-1.0153,9.7979,-0.0072,0.0204,9.8065,0.0856,0.0202,0.0103,-4.44,-34,29.81,41.82,-85.59,-133.98
52.406586,-1.558943,166.77,13.55,3,180.04,21 / 22,2373410,2019-09-06 19:59:39:153,0.7428,-2.0808,10.3284,-0.0103,-0.0137,9.8065,0.0256,0.0649,0.017,-4,-33.37,30.31,42.14,-85.24,-133.85
52.406586,-1.558943,166.77,13.55,3,180.04,21 / 22,2373509,2019-09-06 19:59:39:252,0.9924,-1.8038,9.5591,-0.0114,-0.0137,9.8065,0.0079,0.0399,0.059,-4.37,-33.69,30.19,41.17,-84.92,-135.11
52.406586,-1.558943,166.77,13.55,3,180.04,21 / 22,2373609,2019-09-06 19:59:39:352,0.04,-2.6859,10.4145,-0.0065,0.0191,9.8066,-0.0198,0.0232,0.0282,-4.81,-33.75,30.56,40.32,-84.74,-134.32
52.406586,-1.558943,166.77,13.55,3,180.04,21 / 22,2373710,2019-09-06 19:59:39:453,1.1381,-0.489,10.3665,0.0083,0.0269,9.8065,-0.0338,0.0597,-0.0366,-5.25,-33.62,30.31,40.62,-84.86,-133.78
52.406586,-1.558943,166.77,13.55,3,180.04,21 / 22,2373809,2019-09-06 19:59:39:552,0.1743,-1.9047,9.5754,0.0113,-0.0301,9.8066,0.0284,0.019,-0.0668,-4,-33.37,29.69,41.54,-84.98,-134.6
52.406586,-1.558943,166.77,13.55,3,180.04,21 / 22,2373910,2019-09-06 19:59:39:653,0.7011,-0.7583,9.4906,0.0137,-0.0078,9.8066,0.023,-0.0235,-0.0109,-4.31,-34.06,30.06,38.25,-85.03,-137.72
52.406586,-1.558943,166.77,13.55,3,180.04,21 / 22,2374010,2019-09-06 19:59:39:753,1.3613,-1.6833,9.3743,0.0004,-0.0094,9.8066,-0.048,-0.0305,0.0189,-4.37,-33.31,30,37.4,-84.95,-138.46
52.406586,-1.558943,166.77,13.55,3,180.04,21 / 22,2374109,2019-09-06 19:59:39:852,1.165,-1.3364,9.5949,0.0043,-0.0341,9.8066,-0.0326,0.0725,-0.0267,-4.69,-33.62,30.13,34.4,-84.85,-139.5
52.406586,-1.558943,166.77,13.55,3,180.04,21 / 22,2374209,2019-09-06 19:59:39:952,2.0325,-2.1535,9.2564,-0.0087,0.0268,9.8066,0.0425,-0.0407,0.015,-4.5,-33.44,29.81,37.5,-84.86,-138.44
52.406586,-1.558943,166.77,13.55,3,180.04,21 / 22,2374309,2019-09-06 19:59:40:052,0.4888,-2.8105,9.7627,-0.0041,-0.0342,9.8066,0.1013,0.0168,-0.012,-4.94,-33.75,30.63,35.8,-84.98,-138.32
52.406586,-1.558943,166.77,13.55,3,180.04,21 / 22,2374409,2019-09-06 19:59:40:152,0.399,-1.0827,9.8686,0.0119,-0.0065,9.8065,-0.0649,0.0223,-0.0464,-4.31,-33.44,29.81,38.17,-84.95,-137.75
52.406586,-1.558943,166.77,13.55,3,180.04,21 / 22,2374510,2019-09-06 19:59:40:253,0.5269,-1.2032,9.7839,0.0021,-0.0194,9.8066,-0.017,-0.059,-0.0135,-4.75,-33.37,29.38,34.22,-84.94,-139.3
52.406586,-1.558943,166.77,13.55,3,180.04,21 / 22,2374609,2019-09-06 19:59:40:352,0.8878,-1.1133,10.2365,-0.0009,-0.0119,9.8066,0.0233,0.0021,0.0232,-5,-33.69,30.13,33.25,-84.8,-140.59
52.406586,-1.558943,166.77,13.55,3,180.04,21 / 22,2374710,2019-09-06 19:59:40:453,1.4903,-1.4667,9.4238,-0.003,-0.0008,9.8066,-0.0641,0.0156,0.002,-5.44,-34,30.13,33.43,-84.71,-140.48
52.406586,-1.558943,166.77,13.55,3,180.04,21 / 22,2374810,2019-09-06 19:59:40:553,0.4461,-1.4942,10.0161,-0.0068,0.0137,9.8066,0.007,0.0014,0.0216,-4.94,-33.75,30.56,34.05,-84.71,-140.11
52.406586,-1.558943,166.77,13.55,3,180.04,21 / 22,2374910,2019-09-06 19:59:40:653,0.4945,-1.4146,10.0052,0.0026,0.0343,9.8065,0.0214,0.0198,-0.001,-4.94,-33.94,30.19,34.18,-84.81,-139.73
52.406586,-1.558943,166.77,13.55,3,180.04,21 / 22,2375010,2019-09-06 19:59:40:753,0.9169,-1.4749,9.5809,0.0117,-0.0479,9.8065,-0.0422,0.004,-0.0078,-5.56,-34,30.06,32.29,-84.91,-139.52
52.406586,-1.558943,166.77,13.55,3,180.04,21 / 22,2375110,2019-09-06 19:59:40:853,1.2347,-0.8999,9.5251,-0.0036,0.0186,9.8066,0.0753,-0.0162,-0.0224,-5.06,-33.37,30.63,31.56,-84.66,-142.33
52.406586,-1.558943,166.77,13.55,3,180.04,21 / 22,2375210,2019-09-06 19:59:40:953,0.271,-1.5467,9.4793,0.0036,0.0005,9.8066,-0.0253,-0.0004,0.0036,-4.62,-33.69,29.63,31.29,-84.61,-142.49
52.406586,-1.558943,166.77,13.55,3,180.04,21 / 22,2375310,2019-09-06 19:59:41:053,0.3756,-1.4933,9.351,0.0003,-0.009,9.8066,0.0008,-0.0164,-0.0017,-5.12,-33.25,29.94,30.8,-84.58,-142.86
52.406586,-1.558943,166.77,13.55,3,180.04,20 / 22,2375410,2019-09-06 19:59:41:153,0.2647,-0.1725,9.6923,0.0063,0.0126,9.8066,-0.0396,-0.0176,0.0625,-4.94,-33.44,30.13,29.97,-84.48,-143.68
52.406586,-1.558943,166.77,13.55,3,180.04,20 / 22,2375509,2019-09-06 19:59:41:252,-0.0193,-1.2426,9.6692,-0.0091,0.012,9.8065,0.0103,0.0248,-0.0645,-4.75,-33.69,30.31,30.8,-84.58,-142.95
52.406586,-1.558943,166.77,13.55,3,180.04,20 / 22,2375610,2019-09-06 19:59:41:353,0.5349,-1.1855,10.0983,0.0094,0.0043,9.8066,0.0453,0.0106,0.0338,-4.94,-33.81,30.44,30.51,-84.63,-143.19
52.406586,-1.558943,166.77,13.55,3,180.04,20 / 22,2375709,2019-09-06 19:59:41:452,1.4165,-0.331,9.6832,0.0005,-0.0109,9.8066,-0.0286,-0.0027,-0.0167,-4.5,-33.94,30.38,32.58,-84.62,-143.19
52.406586,-1.558943,166.77,13.55,3,180.04,20 / 22,2375810,2019-09-06 19:59:41:553,0.6917,-1.3216,9.5075,0.006,0.0055,9.8066,0.0539,0.0052,0.0184,-5,-33.5,30.13,29.79,-84.62,-143.76
52.406586,-1.558943,166.77,13.55,3,180.04,20 / 22,2375910,2019-09-06 19:59:41:653,-0.3174,-1.4452,9.928,-0.008,-0.021,9.8066,-0.1682,0.0422,-0.0917,-4.62,-33.56,29.38,30.46,-84.6,-143.04
52.406586,-1.558943,166.77,13.55,3,180.04,20 / 22,2376009,2019-09-06 19:59:41:752,-0.1135,-0.2638,9.8103,0.0101,-0.0144,9.8066,-0.0284,-0.0135,0.0644,-4.5,-33.62,30,32.94,-84.56,-142.91
52.406586,-1.558943,166.77,13.55,3,180.04,20 / 22,2376109,2019-09-06 19:59:41:852,0.2646,-0.7013,9.6069,0.0004,-0.017,9.8066,-0.021,-0.0262,-0.0163,-4.5,-33.06,29.81,31.54,-84.53,-144.1
52.406586,-1.558943,166.77,13.55,3,180.04,20 / 22,2376210,2019-09-06 19:59:41:953,-0.3758,-0.3924,9.4482,-0.0021,0.0184,9.8066,0.0029,0.0221,-0.0032,-4.5,-33.81,30,32.31,-84.58,-143.46
52.406586,-1.558943,166.77,13.55,3,180.04,20 / 22,2376310,2019-09-06 19:59:42:053,0.209,0.2461,10.6542,-0.0023,-0.0091,9.8066,0.1284,-0.0235,-0.028,-4.5,-33.31,29.81,31.74,-84.62,-143.87
52.406586,-1.558943,166.77,13.55,3,180.04,21 / 22,2376409,2019-09-06 19:59:42:152,0.133,-0.1783,9.909,0.0093,0.0028,9.8066,0.0295,-0.0289,-0.0037,-4.37,-32.94,28.88,30.37,-84.54,-145.01
52.406586,-1.558943,166.77,13.55,3,180.04,21 / 22,2376510,2019-09-06 19:59:42:253,1.1136,-0.3084,9.7543,0.0077,-0.0002,9.8066,-0.0255,-0.0697,0.0887,-4.62,-33.62,30.19,27.67,-84.54,-145.81
52.406586,-1.558943,166.77,13.55,3,180.04,21 / 22,2376610,2019-09-06 19:59:42:353,0.2796,-0.5222,9.5997,-0.0034,-0.0105,9.8065,-0.0624,-0.0132,-0.0944,-4.81,-33.69,29.56,27.04,-84.52,-146.39
52.406586,-1.558943,166.77,13.55,3,180.04,21 / 22,2376709,2019-09-06 19:59:42:452,0.8295,0.3906,10.0532,0.0168,-0.0408,9.8065,0.1257,-0.0022,0.0612,-5,-33.44,30.25,25.03,-84.28,-148.24
52.406586,-1.558943,166.77,13.55,3,180.04,21 / 22,2376810,2019-09-06 19:59:42:553,-0.275,0.818,10.5575,-0.0045,0.0182,9.8065,0.0787,0.0376,-0.0029,-4.56,-33.75,29.69,26.09,-84.5,-147.25
52.406586,-1.558943,166.77,13.55,3,180.04,21 / 22,2376910,2019-09-06 19:59:42:653,0.11,-1.5316,9.6355,-0.0013,0.0103,9.8066,-0.025,0.0245,-0.0302,-4.69,-33.62,30.25,24.95,-84.4,-148.33
52.406586,-1.558943,166.77,13.55,3,180.04,21 / 22,2377010,2019-09-06 19:59:42:753,0.0683,-0.241,10.6305,0.0077,-0.0368,9.8066,-0.0058,-0.0041,-0.0004,-5.19,-32.75,29.38,22.16,-84.25,-150.59
52.406586,-1.558943,166.77,13.55,3,180.04,21 / 22,2377110,2019-09-06 19:59:42:853,0.4637,-0.8057,10.0151,0.006,-0.0143,9.8066,0.0053,-0.0141,0.0324,-4.37,-33.5,29.44,23.37,-84.21,-151.47
52.406586,-1.558943,166.77,13.55,3,180.04,21 / 22,2377209,2019-09-06 19:59:42:952,-0.092,-0.3674,10.0295,-0.0022,-0.0036,9.8066,-0.0359,-0.0173,-0.0007,-4.44,-33.75,30.25,23.07,-84.14,-152.02
52.406586,-1.558943,166.77,13.55,3,180.04,21 / 22,2377309,2019-09-06 19:59:43:052,0.2349,-0.0057,9.028,0.0038,0.0099,9.8066,-0.0966,-0.008,-0.0054,-4.44,-33.75,29.69,23.27,-84.21,-151.81
52.406586,-1.558943,166.77,13.55,3,180.04,21 / 22,2377410,2019-09-06 19:59:43:153,1.0798,0.7863,9.1271,-0.0092,0.02,9.8066,-0.0132,0.0254,0.0313,-4.75,-33.75,29.75,21.94,-84.3,-151.07
52.406586,-1.558943,166.77,13.55,3,180.04,21 / 22,2377509,2019-09-06 19:59:43:252,1.1705,-1.8944,8.6338,-0.0204,0.0905,9.8061,-0.3811,-0.0614,0.0761,-4.69,-33.62,29.94,25.87,-84.61,-147.4
52.406586,-1.558943,166.77,13.55,3,180.04,21 / 22,2377609,2019-09-06 19:59:43:352,-0.2945,-0.1536,8.6226,0.0137,-0.1237,9.8058,-0.2754,0.0547,-0.0254,-4.44,-34.06,28.81,25.41,-84.25,-149.72
52.406586,-1.558943,166.77,13.55,3,180.04,21 / 22,2377710,2019-09-06 19:59:43:453,-0.2465,1.0828,9.9767,0.0465,-0.1682,9.805,0.263,-0.0044,-0.0147,-4.56,-33.87,28.94,20.3,-84.17,-152.35
52.406586,-1.558943,166.77,13.55,3,180.04,21 / 22,2377810,2019-09-06 19:59:43:553,0.8063,0.3034,10.0021,0,0.0474,9.8065,0.0287,-0.0151,-0.071,-4.31,-33.62,29.5,21.09,-84.18,-153.76
52.406586,-1.558943,166.77,13.55,3,180.04,21 / 22,2377910,2019-09-06 19:59:43:653,0.5523,-0.1666,9.5883,0.0144,0.0212,9.8066,0.1453,-0.0251,0.0457,-4.31,-33.44,29.63,19.66,-84.17,-154.98
52.406586,-1.558943,166.77,13.55,3,180.04,21 / 22,2378009,2019-09-06 19:59:43:752,0.8334,-1.1066,9.6424,-0.0133,0.0169,9.8066,0.0917,0.0474,-0.008,-4.5,-33.44,29.44,19.81,-84.44,-154.54
52.406586,-1.558943,166.77,13.55,3,180.04,21 / 22,2378109,2019-09-06 19:59:43:852,0.6622,0.3657,9.2514,-0.0041,0.0219,9.8066,-0.2042,-0.0503,0.0179,-4.12,-33.31,29.88,21.48,-84.65,-153.15
52.406586,-1.558943,166.77,13.55,3,180.04,21 / 22,2378209,2019-09-06 19:59:43:952,0.3927,0.3351,9.8716,-0.0011,-0.0392,9.8065,-0.1652,0.0119,-0.0294,-4.19,-32.75,29.19,21.44,-84.58,-153.03
52.406586,-1.558943,166.77,13.55,3,180.04,21 / 22,2378309,2019-09-06 19:59:44:052,-0.331,-0.1451,10.0868,0.0055,-0.0152,9.8066,0.0545,-0.0515,0.0929,-4.06,-33.37,29.19,21.33,-84.62,-153.11
52.406586,-1.558943,166.77,13.55,3,180.04,20 / 22,2378410,2019-09-06 19:59:44:153,0.7244,0.6757,10.6821,-0.0033,-0.0402,9.8065,-0.146,0.043,-0.0769,-4.06,-32.5,29.38,21.09,-84.48,-153.32
52.406586,-1.558943,166.77,13.55,3,180.04,20 / 22,2378510,2019-09-06 19:59:44:253,-0.0059,-0.1326,10.5285,0.0096,-0.0067,9.8066,0.181,0.0005,0.0032,-4.31,-32.69,29.81,19.86,-84.27,-154.76
52.406586,-1.558943,166.77,13.55,3,180.04,20 / 22,2378609,2019-09-06 19:59:44:352,0.1981,-0.1188,9.8083,0.0016,0.0033,9.8066,0.0012,0.0009,-0.058,-4.06,-33.12,29.19,19.61,-84.32,-154.78
52.406586,-1.558943,166.77,13.55,3,180.04,20 / 22,2378710,2019-09-06 19:59:44:453,-0.6225,-0.0289,9.8496,-0.001,0.0001,9.8066,0.0124,-0.0069,0.0765,-4.31,-33.37,30.25,19.65,-84.4,-154.9
52.406586,-1.558943,166.77,13.55,3,180.04,20 / 22,2378809,2019-09-06 19:59:44:552,1.017,0.7256,10.2866,-0.0134,-0.005,9.8065,-0.0828,0.0246,-0.06,-4.44,-33.37,29,20.16,-84.37,-154.26
52.406586,-1.558943,166.77,13.55,3,180.04,20 / 22,2378909,2019-09-06 19:59:44:652,-0.254,0.5014,10.5223,0.0064,-0.004,9.8066,0.0306,0.0327,0.035,-4.25,-32.69,29.63,19.5,-84.28,-155.07
52.406586,-1.558943,166.77,13.55,3,180.04,20 / 22,2379009,2019-09-06 19:59:44:752,-0.0777,-0.3558,10.286,-0.0029,-0.0205,9.8066,-0.0001,0.0377,-0.0321,-4.37,-33.25,29.25,18.25,-84.39,-155.95
52.406586,-1.558943,166.77,13.55,3,180.04,20 / 22,2379109,2019-09-06 19:59:44:852,0.1148,-0.1063,10.2988,0.0168,0.0248,9.8065,-0.0404,-0.0162,-0.0359,-4.25,-33.06,29.31,17.16,-84.48,-156.9
52.406586,-1.558943,166.77,13.55,3,180.04,20 / 22,2379209,2019-09-06 19:59:44:952,0.2576,-0.602,9.959,0.0158,-0.0389,9.8065,-0.0998,0.0512,-0.0237,-3.87,-33.56,29.56,14.74,-84.31,-159.36
52.406586,-1.558943,166.77,13.55,3,180.04,20 / 22,2379309,2019-09-06 19:59:45:052,0.7012,0.1455,9.316,0.0081,-0.0586,9.8064,-0.1281,0.0334,0.0046,-4.69,-33.06,29.13,11.19,-84.24,-160.34
52.406586,-1.558943,166.77,13.55,3,180.04,21 / 22,2379410,2019-09-06 19:59:45:153,-0.1723,-0.2467,10.6186,-0.0035,0.0522,9.8064,0.1026,-0.0411,-0.0017,-4,-33.12,29.5,14.56,-84.37,-159.46
52.406586,-1.558943,166.77,13.55,3,180.04,21 / 22,2379509,2019-09-06 19:59:45:252,0.8475,-0.6365,9.6568,-0.0042,0.0512,9.8065,-0.128,-0.0266,0.0471,-4.31,-32.94,29.81,14.4,-84.4,-159.59
52.406586,-1.558943,166.77,13.55,3,180.04,21 / 22,2379609,2019-09-06 19:59:45:352,0.1989,0.7681,10.0372,-0.001,-0.0186,9.8066,-0.0915,-0.0622,-0.0212,-4.5,-32.94,30,14.54,-84.35,-159.48
52.406586,-1.558943,166.77,13.55,3,180.04,21 / 22,2379710,2019-09-06 19:59:45:453,0.3162,0.382,10.1165,0.0098,-0.026,9.8066,0.1566,-0.097,0.0811,-4.31,-33.12,29.38,13.91,-84.21,-159.88
52.406586,-1.558943,166.77,13.55,3,180.04,21 / 22,2379810,2019-09-06 19:59:45:553,0.6108,-1.2145,10.1182,-0.0057,0.0076,9.8066,0.1255,0.0311,-0.0062,-4.31,-33,29.94,14.07,-84.24,-159.93
52.406586,-1.558943,166.77,13.55,3,180.04,21 / 22,2379909,2019-09-06 19:59:45:652,-0.2189,-0.4129,10.0228,-0.0057,0.0065,9.8066,-0.0903,-0.0138,-0.0197,-4.56,-32.62,29.06,11.6,-84.16,-159.99
52.406586,-1.558943,166.77,13.55,3,180.04,21 / 22,2380009,2019-09-06 19:59:45:752,0.5296,0.0829,9.492,0.0171,-0.0117,9.8066,-0.0453,0.0017,-0.0183,-4.75,-33.19,29.75,10.37,-84.01,-161.4
52.406586,-1.558943,166.77,13.55,3,180.04,21 / 22,2380110,2019-09-06 19:59:45:853,-0.0418,-0.4436,10.2727,0.0025,-0.0252,9.8066,-0.0698,0.0195,-0.0329,-4.5,-32.87,29.25,11.28,-84,-162.24
52.406586,-1.558943,166.77,13.55,3,180.04,21 / 22,2380210,2019-09-06 19:59:45:953,-0.2208,0.0161,10.1018,0.0038,-0.0183,9.8066,-0.0447,-0.0415,0.0037,-4.31,-32.81,29.25,10.15,-84.04,-163.23
52.406586,-1.558943,166.77,13.55,3,180.04,21 / 22,2380310,2019-09-06 19:59:46:053,0.3451,0.3205,9.0428,-0.009,0.0265,9.8065,0.1352,0.0026,0.0027,-4.25,-32.94,29.06,9.19,-83.91,-164.1
52.406586,-1.558943,166.77,13.55,3,180.04,21 / 22,2380409,2019-09-06 19:59:46:152,0.2701,-0.4523,9.8089,-0.0079,0.0247,9.8066,0.0884,-0.0197,0.0218,-4.31,-32.81,29.75,10.26,-83.97,-163.37
52.406586,-1.558943,166.77,13.55,3,180.04,21 / 22,2380510,2019-09-06 19:59:46:253,0.1982,-0.3989,9.9157,0.0057,0.018,9.8066,-0.0096,-0.0248,0.0102,-4.5,-32.87,30.06,10.86,-84.18,-162.79
52.406586,-1.558943,166.77,13.55,3,180.04,21 / 22,2380610,2019-09-06 19:59:46:353,0.5569,0.0969,10.2396,-0.0044,-0.0018,9.8066,0.1078,0.062,-0.0464,-4.56,-33.19,29.88,8.41,-84.07,-163.11
52.406586,-1.558943,166.77,13.55,3,180.04,21 / 22,2380709,2019-09-06 19:59:46:452,0.0916,-0.717,9.9894,-0.0046,-0.0455,9.8064,-0.044,-0.0454,0.0245,-4.19,-33.12,30,9.72,-84.04,-163.83
52.406586,-1.558943,166.77,13.55,3,180.04,21 / 22,2380810,2019-09-06 19:59:46:553,0.2313,0.7397,9.6753,0.0118,-0.0173,9.8066,-0.1044,-0.0152,-0.0185,-4.44,-33.12,29.25,9.18,-83.8,-164.13
52.406586,-1.558943,166.77,13.55,3,180.04,21 / 22,2380910,2019-09-06 19:59:46:653,0.4563,0.5408,9.5149,0.0111,-0.0259,9.8066,0.0976,0.0104,-0.0143,-4.37,-33.37,29.31,8.3,-83.8,-164.9
52.406586,-1.558943,166.77,13.55,3,180.04,21 / 22,2381010,2019-09-06 19:59:46:753,0.9883,0.3913,9.6158,-0.0027,0.035,9.8065,0.0472,-0.0568,0.0199,-4.37,-33.12,29.69,7.89,-83.82,-165.48
52.406586,-1.558943,166.77,13.55,3,180.04,21 / 22,2381110,2019-09-06 19:59:46:853,-0.6473,-0.0035,10.8311,0.0076,-0.0188,9.8066,0.0088,0.0157,0.0043,-4.69,-33.31,29.44,6.57,-83.9,-164.47
52.406586,-1.558943,166.77,13.55,3,180.04,21 / 22,2381209,2019-09-06 19:59:46:952,0.8792,-0.2271,10.0551,0.0118,0.0108,9.8065,0.1246,-0.0017,0.0278,-4,-32.87,30,7.21,-83.88,-166.07
52.406586,-1.558943,166.77,13.55,3,180.04,21 / 22,2381309,2019-09-06 19:59:47:052,0.1672,-0.3525,9.3746,-0.0057,0.019,9.8065,-0.1648,-0.03,-0.0004,-3.75,-32.81,29.75,7.75,-83.89,-165.6
52.406586,-1.558943,166.77,13.55,3,180.04,21 / 22,2381410,2019-09-06 19:59:47:153,1.0101,0.419,9.0758,0.0053,-0.0141,9.8066,-0.1613,0.055,0.0055,-4.19,-33.56,29.56,7.76,-83.82,-165.62
52.406586,-1.558943,166.77,13.55,3,180.04,21 / 22,2381510,2019-09-06 19:59:47:253,0.2946,4.8084,10.7414,0.0042,-0.0274,9.8066,0.3689,0.1748,-0.1966,-4.25,-33.44,29.25,7.36,-83.91,-165.7
52.406586,-1.558943,166.77,13.55,3,180.04,21 / 22,2381609,2019-09-06 19:59:47:352,3.1863,0.0886,11.7466,0.0072,0.0719,9.8063,0.6232,-0.1986,0.051,-4.19,-33.5,29.63,7.37,-83.91,-165.93
52.406586,-1.558943,166.77,13.55,3,180.04,21 / 22,2381710,2019-09-06 19:59:47:453,-0.8457,0.7748,9.9744,0.0174,0.1085,9.806,-0.4463,0.2256,-0.0441,-3.94,-33.06,29.56,6.93,-84.33,-166.25
52.406586,-1.558943,166.77,13.55,3,180.04,21 / 22,2381809,2019-09-06 19:59:47:552,-1.1162,0.2069,11.0844,0.0044,-0.1366,9.8057,-0.2598,-0.0031,0.0434,-4.37,-32.94,29.44,7.17,-83.39,-165.95
52.406586,-1.558943,166.77,13.55,3,180.04,21 / 22,2381910,2019-09-06 19:59:47:653,1.1396,-0.3973,10.0269,0.0042,-0.087,9.8062,0.0193,-0.0094,0.05,-3.87,-32.87,29.75,8.09,-83.4,-165.38
52.406586,-1.558943,166.77,13.55,3,180.04,21 / 22,2382010,2019-09-06 19:59:47:753,-1.7967,-0.3915,9.7578,-0.0199,0.0416,9.8065,-0.0098,-0.1135,0.0118,-4.12,-32.87,29.94,9.21,-83.71,-164.35
52.406586,-1.558943,166.77,13.55,3,180.04,21 / 22,2382110,2019-09-06 19:59:47:853,0.6723,0.5436,9.5564,-0.0004,0.0587,9.8064,0.0375,-0.0396,0.0842,-4.06,-33.19,29.81,9.96,-83.76,-163.68
52.406586,-1.558943,166.77,13.55,3,180.04,21 / 22,2382209,2019-09-06 19:59:47:952,0.9213,0.6919,10.1645,0.0073,-0.0074,9.8066,0.0105,0.0171,-0.0188,-3.81,-33,30,8.76,-83.82,-164.71
52.406586,-1.558943,166.77,13.55,3,180.04,21 / 22,2382310,2019-09-06 19:59:48:053,0.2863,-0.3154,9.9712,0.008,-0.0251,9.8066,-0.0223,-0.036,-0.0043,-3.56,-32.37,30.13,7.5,-83.67,-165.82
52.405247,-1.558911,165.82,17.31,3,179.54,21 / 22,2382409,2019-09-06 19:59:48:152,0.3737,0.082,9.0816,-0.0059,0.0041,9.8066,0.0437,-0.0119,0.0063,-4.37,-32.44,30,8.24,-83.73,-165.16
52.405247,-1.558911,165.82,17.31,3,179.54,21 / 22,2382510,2019-09-06 19:59:48:253,-0.2803,0.2048,9.6537,-0.0107,0.0152,9.8066,0.0289,-0.0502,0.0444,-3.87,-32.5,29.5,9.27,-83.74,-164.26
52.405247,-1.558911,165.82,17.31,3,179.54,21 / 22,2382609,2019-09-06 19:59:48:352,0.841,0.2873,9.5968,0.0033,0.013,9.8066,0.0486,0.0398,-0.0038,-4.25,-32.75,29.94,10.28,-83.88,-163.37
52.405247,-1.558911,165.82,17.31,3,179.54,21 / 22,2382710,2019-09-06 19:59:48:453,0.3259,0.0461,10.2922,0.012,-0.0205,9.8065,0.0131,-0.0131,-0.0263,-4.12,-32.44,29.63,10.21,-83.94,-163.38
52.405247,-1.558911,165.82,17.31,3,179.54,21 / 22,2382809,2019-09-06 19:59:48:552,0.8845,0.1322,9.9392,0.0046,-0.0372,9.8065,-0.009,-0.0371,0.0271,-4,-32.62,29.69,8.62,-83.62,-164.88
52.405247,-1.558911,165.82,17.31,3,179.54,21 / 22,2382910,2019-09-06 19:59:48:653,0.7699,0.35,9.8555,-0.0014,0.0297,9.8065,-0.0527,0.0547,-0.0203,-4.31,-32.81,29.81,8.57,-83.43,-164.96
52.405247,-1.558911,165.82,17.31,3,179.54,21 / 22,2383009,2019-09-06 19:59:48:752,0.5795,0.3219,9.1005,-0.0006,0.0028,9.8066,-0.1185,-0.0172,0.0392,-4.5,-32.5,29.69,9.09,-83.46,-164.46
52.405247,-1.558911,165.82,17.31,3,179.54,21 / 22,2383110,2019-09-06 19:59:48:853,0.68,0.268,9.583,-0.0011,-0.0495,9.8065,-0.0328,0.0391,-0.0199,-4.44,-33.31,29.94,9.71,-83.3,-163.99
52.405247,-1.558911,165.82,17.31,3,179.54,21 / 22,2383209,2019-09-06 19:59:48:952,-0.5858,0.1996,9.9568,-0.0037,0.0059,9.8066,-0.057,-0.0486,-0.0607,-4,-32.5,29.88,9.63,-83.44,-164
52.405247,-1.558911,165.82,17.31,3,179.54,21 / 22,2383309,2019-09-06 19:59:49:052,-1.1484,-0.2344,10.5041,0.0021,0.0068,9.8066,-0.0235,-0.011,-0.0398,-3.75,-32.31,29.81,9.27,-83.48,-164.3
52.405247,-1.558911,165.82,17.31,3,179.54,21 / 22,2383409,2019-09-06 19:59:49:152,0.4951,-0.2778,9.8019,0.0136,-0.0264,9.8066,0.0343,0.007,-0.0112,-4.19,-33,29.88,7.44,-83.41,-165.94
52.405247,-1.558911,165.82,17.31,3,179.54,21 / 22,2383510,2019-09-06 19:59:49:253,-0.6151,-1.0007,9.9812,0.0049,0.0008,9.8066,0.1335,0.0061,0.0301,-3.94,-32.75,30.06,6.63,-83.44,-166.65
52.405247,-1.558911,165.82,17.31,3,179.54,21 / 22,2383609,2019-09-06 19:59:49:352,0.1614,-0.5519,10.0116,-0.0058,-0.0135,9.8066,-0.0529,-0.0209,0.0146,-3.94,-32.31,29.75,6.5,-83.3,-166.75
52.405247,-1.558911,165.82,17.31,3,179.54,21 / 22,2383710,2019-09-06 19:59:49:453,-0.2479,0.566,9.2164,-0.0026,0.0122,9.8066,-0.1178,-0.0249,-0.0442,-3.94,-32.81,29.81,6.87,-83.39,-166.45
52.405247,-1.558911,165.82,17.31,3,179.54,21 / 22,2383809,2019-09-06 19:59:49:552,0.0421,0.096,9.6221,-0.0048,-0.0137,9.8066,-0.005,-0.0268,0.0693,-4.06,-32.5,29.81,6.55,-83.5,-166.68
52.405247,-1.558911,165.82,17.31,3,179.54,21 / 22,2383909,2019-09-06 19:59:49:652,0.3568,0.0929,9.4046,0.008,0.0108,9.8066,0.0544,-0.0329,0.0015,-4.19,-32.37,29.5,7.27,-83.57,-166.04
52.405247,-1.558911,165.82,17.31,3,179.54,21 / 22,2384010,2019-09-06 19:59:49:753,-0.0243,1.0682,9.8373,0.0035,-0.0016,9.8066,-0.0097,0.0046,-0.0783,-4.06,-33.06,29.75,6.57,-83.59,-166.67
52.405247,-1.558911,165.82,17.31,3,179.54,21 / 22,2384110,2019-09-06 19:59:49:853,-0.1359,0.9622,9.5964,-0.0116,0.0182,9.8066,0.0018,0.0248,0.0525,-4.19,-33,29.69,6.51,-83.53,-166.73
52.405247,-1.558911,165.82,17.31,3,179.54,21 / 22,2384210,2019-09-06 19:59:49:953,-0.0657,0.4327,10.1412,0.0051,0.0315,9.8065,-0.0191,-0.0311,-0.0195,-4,-33.25,29.81,6.86,-83.35,-166.46
52.405247,-1.558911,165.82,17.31,3,179.54,21 / 22,2384310,2019-09-06 19:59:50:053,-0.2006,-0.4627,10.1194,-0.0007,0.0131,9.8066,-0.0186,-0.0339,-0.0269,-3.62,-34.19,29.5,6.45,-83.47,-166.82
52.405247,-1.558911,165.82,17.31,3,179.54,21 / 22,2384410,2019-09-06 19:59:50:153,0.353,-0.5489,9.4974,0.0013,0.0059,9.8066,-0.0569,-0.0065,0.056,-4.12,-33.25,30.69,6.78,-83.44,-166.73
52.405247,-1.558911,165.82,17.31,3,179.54,21 / 22,2384509,2019-09-06 19:59:50:252,0.2536,-0.2875,9.7566,-0.0007,0.0016,9.8066,-0.0803,-0.0575,-0.0013,-4.44,-32.75,30.13,6.89,-83.42,-166.42
52.405247,-1.558911,165.82,17.31,3,179.54,21 / 22,2384610,2019-09-06 19:59:50:353,0.8526,0.4595,9.262,0.0001,-0.0076,9.8066,0.0694,-0.0234,0.0356,-4.19,-33,29.56,6.55,-83.52,-166.71
52.405247,-1.558911,165.82,17.31,3,179.54,21 / 22,2384709,2019-09-06 19:59:50:452,0.1393,-0.0266,9.5125,0.0056,-0.009,9.8066,-0.0011,-0.0293,-0.0173,-4.94,-32.94,29.31,4.01,-83.51,-166.74
52.405247,-1.558911,165.82,17.31,3,179.54,21 / 22,2384809,2019-09-06 19:59:50:552,0.929,-0.3648,9.9733,0.0015,0.0199,9.8066,-0.0024,-0.0359,-0.0029,-4,-32.94,29.94,5.47,-83.67,-167.63
52.405247,-1.558911,165.82,17.31,3,179.54,21 / 22,2384909,2019-09-06 19:59:50:652,0.1532,0.1454,9.8273,0.0062,-0.0157,9.8066,-0.0854,0.0978,-0.0465,-4.62,-33,29.94,2.4,-83.45,-168.45
52.405247,-1.558911,165.82,17.31,3,179.54,21 / 22,2385010,2019-09-06 19:59:50:753,0.7647,-0.6505,9.8522,-0.0123,0.0293,9.8066,0.0609,-0.0224,0.0217,-4.81,-33,29.81,3.53,-83.52,-167.47
52.405247,-1.558911,165.82,17.31,3,179.54,21 / 22,2385109,2019-09-06 19:59:50:852,-0.3188,-1.0444,10.0383,-0.007,0.0406,9.8065,0.0969,0.0499,-0.0629,-4.69,-33,29.56,3.39,-83.57,-167.58
52.405247,-1.558911,165.82,17.31,3,179.54,21 / 22,2385210,2019-09-06 19:59:50:953,-0.0717,-0.0934,10.1291,0.0186,-0.0423,9.8065,-0.0417,0.0181,-0.052,-4.5,-33.25,30.63,5.21,-83.61,-168.08
52.405247,-1.558911,165.82,17.31,3,179.54,21 / 22,2385310,2019-09-06 19:59:51:053,-0.0319,-0.3409,9.6348,0.0052,-0.0399,9.8065,-0.0393,-0.038,0.0396,-4.25,-32.94,29.88,3.21,-83.34,-169.62
52.405247,-1.558911,165.82,17.31,3,179.54,20 / 21,2385410,2019-09-06 19:59:51:153,-0.3786,0.2811,9.7682,-0.0069,0.015,9.8066,-0.0167,0.0331,-0.0149,-3.94,-32.87,30.06,4.36,-83.45,-168.62
52.405247,-1.558911,165.82,17.31,3,179.54,20 / 21,2385509,2019-09-06 19:59:51:252,0.3928,-0.0174,9.7405,0.0015,0.0192,9.8066,0.0728,-0.0129,-0.0298,-4.19,-33.19,29.94,3.94,-83.52,-168.97
52.405247,-1.558911,165.82,17.31,3,179.54,20 / 21,2385610,2019-09-06 19:59:51:353,0.2445,0.3303,10.681,-0.0003,0.0098,9.8066,-0.0262,0.0313,0.0069,-3.75,-32.87,30.5,3.13,-83.59,-169.9
52.405247,-1.558911,165.82,17.31,3,179.54,20 / 21,2385710,2019-09-06 19:59:51:453,0.9907,-0.1002,10.2233,0.0057,-0.0485,9.8065,0.0702,0.0951,-0.0031,-3.75,-32.37,30.13,3.15,-83.53,-169.65
52.405247,-1.558911,165.82,17.31,3,179.54,20 / 21,2385810,2019-09-06 19:59:51:553,0.6835,-0.6278,9.3581,0.0078,-0.0131,9.8066,0.0309,0.0085,0.0116,-3.94,-32.44,30.5,3.21,-83.33,-169.84
52.405247,-1.558911,165.82,17.31,3,179.54,20 / 21,2385910,2019-09-06 19:59:51:653,-0.6089,-0.0286,9.21,0.0018,-0.0218,9.8065,-0.161,0.0977,-0.0001,-4.12,-33.31,29.88,2.98,-83.25,-169.83
52.405247,-1.558911,165.82,17.31,3,179.54,20 / 21,2386010,2019-09-06 19:59:51:753,-0.6072,1.1312,10.0492,0.0003,0.0321,9.8066,0.1842,0.0417,-0.0327,-4,-33.44,30,4.33,-83.49,-168.64
52.405247,-1.558911,165.82,17.31,3,179.54,20 / 21,2386110,2019-09-06 19:59:51:853,-0.1825,0.8784,9.8295,-0.0008,0.0114,9.8066,0.0645,-0.03,0.0133,-4.69,-32.94,30.25,2.32,-83.44,-168.52
52.405247,-1.558911,165.82,17.31,3,179.54,20 / 21,2386210,2019-09-06 19:59:51:953,0.2377,0.7051,9.7006,-0.0001,0.0092,9.8066,0.0693,0.0363,0.0072,-4,-32.87,29.94,4.18,-83.45,-168.77
52.405247,-1.558911,165.82,17.31,3,179.54,20 / 21,2386310,2019-09-06 19:59:52:053,0.7036,1.1724,9.8664,-0.0152,0.0207,9.8066,0.0866,0.0149,0.0442,-4.12,-33.31,29.94,5.18,-83.43,-167.91
52.405247,-1.558911,165.82,17.31,3,179.54,21 / 22,2386410,2019-09-06 19:59:52:153,1.5276,-0.5177,9.485,0.0014,-0.0218,9.8065,-0.0891,-0.0983,-0.0059,-4.12,-34.31,29.5,5.64,-83.44,-167.52
52.405247,-1.558911,165.82,17.31,3,179.54,21 / 22,2386509,2019-09-06 19:59:52:252,-0.1246,-0.151,10.0202,0.0156,-0.036,9.8065,0.0028,0.0296,-0.0593,-3.81,-33.69,30.44,4.43,-83.3,-168.58
52.405247,-1.558911,165.82,17.31,3,179.54,21 / 22,2386610,2019-09-06 19:59:52:353,1.6017,0.1471,10.0352,-0.0017,0.0144,9.8066,0.0364,-0.0113,0.0345,-4.81,-33,30.38,1.74,-83.45,-169.02
52.405247,-1.558911,165.82,17.31,3,179.54,21 / 22,2386710,2019-09-06 19:59:52:453,0.8913,0.6008,9.7155,0.0046,-0.0006,9.8066,0.0359,0.0854,-0.0345,-4.5,-33,30.19,3.05,-83.54,-169.75
52.405247,-1.558911,165.82,17.31,3,179.54,21 / 22,2386809,2019-09-06 19:59:52:552,0.2276,-0.6134,10.2818,0.0043,-0.0258,9.8066,-0.1119,0.0531,0.0036,-4.31,-32.75,30,2.81,-83.46,-169.96
52.405247,-1.558911,165.82,17.31,3,179.54,21 / 22,2386910,2019-09-06 19:59:52:653,0.4211,1.1374,9.5735,0.0032,-0.012,9.8066,-0.0996,0.0162,-0.0349,-4.81,-32.56,30.19,359.99,-83.57,-170.55
52.405247,-1.558911,165.82,17.31,3,179.54,21 / 22,2387009,2019-09-06 19:59:52:752,0.9248,1.2011,10.3011,0.002,0.003,9.8066,0.1239,0.0769,-0.0469,-4.19,-33.12,30.13,2.46,-83.61,-170.26
52.405247,-1.558911,165.82,17.31,3,179.54,21 / 22,2387109,2019-09-06 19:59:52:852,0.1316,0.3689,10.4068,-0.0026,0.0193,9.8065,0.0827,0.0443,-0.0313,-4.69,-33,30,359.36,-83.75,-171.1
52.405247,-1.558911,165.82,17.31,3,179.54,21 / 22,2387210,2019-09-06 19:59:52:953,1.3328,-0.4524,9.9048,0.0059,-0.0305,9.8065,-0.1872,-0.0129,0.0458,-4.37,-32.87,30.44,0.16,-83.63,-172.27
52.405247,-1.558911,165.82,17.31,3,179.54,21 / 22,2387310,2019-09-06 19:59:53:053,0.3248,-0.7405,9.2324,-0.0093,-0.0124,9.8065,-0.1618,0.0136,0.0282,-5.06,-32.81,30,359.64,-83.67,-170.85
52.405247,-1.558911,165.82,17.31,3,179.54,19 / 22,2387409,2019-09-06 19:59:53:152,0.0995,0.952,9.6087,-0.0105,0.0011,9.8066,0.0372,0.069,-0.0178,-4.94,-33.44,30.38,1.06,-83.77,-169.61
52.405247,-1.558911,165.82,17.31,3,179.54,19 / 22,2387510,2019-09-06 19:59:53:253,1.2932,-0.6806,9.6538,0.0112,-0.0061,9.8065,0.074,0.0366,-0.0538,-4.81,-33.06,30.31,0.08,-83.87,-170.47
52.405247,-1.558911,165.82,17.31,3,179.54,19 / 22,2387610,2019-09-06 19:59:53:353,0.6022,0.2708,9.9617,-0.0067,0.0198,9.8066,0.0511,0.0441,-0.0159,-4.87,-33.12,30.31,359.41,-83.82,-171.06
52.405247,-1.558911,165.82,17.31,3,179.54,19 / 22,2387710,2019-09-06 19:59:53:453,0.6857,0.2624,10.1316,-0.0004,0.017,9.8065,0.0927,0.0801,-0.0213,-5.12,-32.81,29.94,359.63,-83.86,-170.87
52.405247,-1.558911,165.82,17.31,3,179.54,19 / 22,2387810,2019-09-06 19:59:53:553,1.833,-0.1439,9.5588,0.0155,-0.0195,9.8065,-0.1035,-0.0345,-0.0009,-4.25,-32.81,29.94,0.71,-83.7,-171.79
52.405247,-1.558911,165.82,17.31,3,179.54,19 / 22,2387909,2019-09-06 19:59:53:652,0.4298,1.3887,9.4066,0.0139,-0.0225,9.8065,-0.0388,0.0446,-0.0245,-5,-33,30.31,357.8,-83.74,-172.47
52.405247,-1.558911,165.82,17.31,3,179.54,19 / 22,2388010,2019-09-06 19:59:53:753,0.7578,0.771,10.2187,0.0015,0.0143,9.8066,-0.0187,0.0886,-0.0149,-4.5,-32.81,29.94,359.58,-83.97,-172.77
52.405247,-1.558911,165.82,17.31,3,179.54,19 / 22,2388110,2019-09-06 19:59:53:853,-0.9135,-4.1469,11.1494,0.0032,-0.1563,9.8054,0.5828,-0.0322,0.1008,-5.5,-33.62,30.06,358.74,-84.27,-171.65
52.405247,-1.558911,165.82,17.31,3,179.54,19 / 22,2388209,2019-09-06 19:59:53:952,4.5667,0.8275,9.1329,0.0417,-0.1781,9.8049,-0.574,-0.1244,0.1652,-5.31,-32.37,30.63,359.37,-84.51,-171.4
52.405247,-1.558911,165.82,17.31,3,179.54,19 / 22,2388310,2019-09-06 19:59:54:053,0.8353,-0.1837,9.3972,0.0468,-0.1432,9.8054,-0.5514,-0.0732,0.1536,-5.5,-32.87,30.06,356.06,-83.47,-173.97
52.405247,-1.558911,165.82,17.31,3,179.54,18 / 21,2388410,2019-09-06 19:59:54:153,0.9064,0.9985,8.682,0.0037,0.022,9.8066,0.1912,0.1319,-0.0892,-6.06,-32.5,29.88,353.47,-83.89,-174.45
52.405247,-1.558911,165.82,17.31,3,179.54,18 / 21,2388509,2019-09-06 19:59:54:252,1.5428,0.3431,9.0484,-0.0077,0.0433,9.8065,0.0568,0.0726,0.0804,-5.81,-32.81,30.13,353.78,-83.72,-174.14
52.405247,-1.558911,165.82,17.31,3,179.54,18 / 21,2388610,2019-09-06 19:59:54:353,-0.2035,0.3036,9.3268,-0.0142,0.0231,9.8065,-0.002,0.0888,-0.0549,-6.19,-32.75,29.63,354.58,-83.95,-173.47
52.405247,-1.558911,165.82,17.31,3,179.54,18 / 21,2388710,2019-09-06 19:59:54:453,2.3653,0.6164,9.9122,-0.015,0.0143,9.8065,-0.0784,0.1176,-0.0013,-5.75,-33.25,29.31,353.72,-83.88,-173.81
52.405247,-1.558911,165.82,17.31,3,179.54,18 / 21,2388810,2019-09-06 19:59:54:553,0.4683,0.2275,10.6508,-0.0067,0.0174,9.8066,0.0673,0.0766,-0.0168,-6.56,-32.94,30,353.77,-83.81,-172.34
52.405247,-1.558911,165.82,17.31,3,179.54,18 / 21,2388909,2019-09-06 19:59:54:652,-0.0844,-1.369,11.3932,-0.0174,0.0247,9.8065,0.1128,0.0493,-0.0382,-6.94,-33.69,30.13,354.69,-83.84,-171.52
52.405247,-1.558911,165.82,17.31,3,179.54,18 / 21,2389010,2019-09-06 19:59:54:753,0.9113,0.2486,10.3843,0.0102,-0.0598,9.8064,0.0445,0.0623,0.0109,-6.94,-33.44,30.5,354.24,-83.39,-172.31
52.405247,-1.558911,165.82,17.31,3,179.54,18 / 21,2389110,2019-09-06 19:59:54:853,0.2268,-1.3137,10.319,-0.0061,0.0125,9.8066,0.0804,0.0671,-0.0003,-6.5,-33.19,30.69,356.98,-83.59,-171.7
52.405247,-1.558911,165.82,17.31,3,179.54,18 / 21,2389210,2019-09-06 19:59:54:953,-0.6456,0.5233,9.7219,0.0177,-0.0819,9.8062,-0.2544,0.0689,-0.1012,-6.56,-33.62,29.88,353.27,-83.44,-172.7
52.405247,-1.558911,165.82,17.31,3,179.54,18 / 21,2389310,2019-09-06 19:59:55:053,3.5028,-1.3212,8.4188,0.0205,-0.0872,9.8062,-0.0283,0.1587,0.0241,-6.5,-35,29.81,354.98,-83.54,-173.03
52.405247,-1.558911,165.82,17.31,3,179.54,19 / 21,2389409,2019-09-06 19:59:55:152,-1.0714,0.7004,10.4432,-0.0221,0.0671,9.8063,0.0023,0.0075,-0.0217,-5.81,-34.19,31,357.3,-84.06,-171.43
52.405247,-1.558911,165.82,17.31,3,179.54,19 / 21,2389510,2019-09-06 19:59:55:253,0.3764,0.4859,9.5689,-0.012,0.0488,9.8065,0.0927,-0.0057,-0.0457,-5.69,-32.75,31.06,355.84,-83.89,-172.72
52.405247,-1.558911,165.82,17.31,3,179.54,19 / 21,2389610,2019-09-06 19:59:55:353,0.9345,-0.7174,11.795,0.0055,0.0123,9.8066,0.2326,0.0449,-0.0273,-6.62,-32.25,30.38,351.86,-83.61,-174.02
52.405247,-1.558911,165.82,17.31,3,179.54,19 / 21,2389710,2019-09-06 19:59:55:453,0.4721,-1.4507,10.491,-0.0123,0.0579,9.8065,-0.2118,-0.0005,0.0062,-6.62,-31.87,30.19,350.65,-83.63,-175.09
52.405247,-1.558911,165.82,17.31,3,179.54,19 / 21,2389809,2019-09-06 19:59:55:552,-1.4556,-0.3948,9.5877,0.0063,-0.0246,9.8066,-0.1006,0.0561,-0.0387,-6.81,-32.44,29.94,350.65,-83.38,-175.04
52.405247,-1.558911,165.82,17.31,3,179.54,19 / 21,2389910,2019-09-06 19:59:55:653,0.2893,-0.3768,9.0309,0.0062,-0.0041,9.8066,-0.045,-0.0405,-0.0099,-7.44,-33.19,29.88,348.83,-83.75,-176.67
52.405247,-1.558911,165.82,17.31,3,179.54,19 / 21,2390009,2019-09-06 19:59:55:752,0.0847,-0.8562,8.6062,0.0194,-0.0041,9.8066,-0.0776,-0.0737,-0.0086,-7.25,-35.19,30.38,347.25,-83.99,-178.04
52.405247,-1.558911,165.82,17.31,3,179.54,19 / 21,2390110,2019-09-06 19:59:55:853,0.9515,0.6127,9.5431,-0.022,0.0468,9.8065,0.1146,-0.0389,0.0405,-6.81,-33.81,30.81,347.89,-84.01,-177.98
52.405247,-1.558911,165.82,17.31,3,179.54,19 / 21,2390210,2019-09-06 19:59:55:953,-0.7158,-0.5069,9.8914,-0.0152,0.0272,9.8066,0.0345,-0.0463,0.0957,-7.37,-32.94,30.56,349.13,-83.92,-176.89
52.405247,-1.558911,165.82,17.31,3,179.54,19 / 21,2390309,2019-09-06 19:59:56:052,-0.8694,-0.3677,10.8549,-0.0144,0.0051,9.8066,0.0202,0.0568,-0.013,-6.44,-32.44,30.63,353.33,-83.88,-174.96
52.405247,-1.558911,165.82,17.31,3,179.54,20 / 21,2390409,2019-09-06 19:59:56:152,0.2517,-0.0401,10.7245,0.0066,-0.023,9.8065,0.0072,-0.0846,0.049,-6.69,-33,30.56,351.08,-83.93,-175.17
52.405247,-1.558911,165.82,17.31,3,179.54,20 / 21,2390510,2019-09-06 19:59:56:253,-0.5557,-0.7041,9.0017,0.0051,0.0086,9.8066,-0.1039,-0.0492,0.0036,-6,-35,29.25,352.8,-83.98,-174.58
52.405247,-1.558911,165.82,17.31,3,179.54,20 / 21,2390609,2019-09-06 19:59:56:352,-0.8446,0.3876,9.2352,-0.0124,0.0108,9.8066,-0.089,-0.0366,0.0421,-6.75,-34.94,30.63,352.49,-84.34,-173.94
52.405247,-1.558911,165.82,17.31,3,179.54,20 / 21,2390709,2019-09-06 19:59:56:452,-0.0821,0.9891,9.8696,0.0022,-0.0099,9.8066,0.0877,-0.0719,0.0637,-6.87,-33.12,30.5,353.38,-84.48,-173.2
52.405247,-1.558911,165.82,17.31,3,179.54,20 / 21,2390810,2019-09-06 19:59:56:553,0.0195,-0.7304,9.729,-0.0052,-0.0228,9.8066,0.0636,-0.0084,0.0165,-6.94,-32.62,29.5,354.28,-84.21,-171.94
52.405247,-1.558911,165.82,17.31,3,179.54,20 / 21,2390910,2019-09-06 19:59:56:653,-0.9464,-1.3938,9.0281,-0.0039,-0.0212,9.8065,-0.1377,-0.0217,-0.0125,-7.44,-32.75,29.63,355.01,-84.04,-171.28
52.405247,-1.558911,165.82,17.31,3,179.54,20 / 21,2391010,2019-09-06 19:59:56:753,-0.9506,0.9574,8.6759,-0.0116,0.0415,9.8065,-0.1907,-0.0459,-0.052,-7.25,-32.75,30.31,356.42,-84.1,-170.04
52.405247,-1.558911,165.82,17.31,3,179.54,20 / 21,2391110,2019-09-06 19:59:56:853,-0.3801,0.264,9.9473,0.0043,0.041,9.8066,-0.0158,0.0319,-0.005,-6.75,-32.62,29.31,355.61,-84.68,-170.35
52.405247,-1.558911,165.82,17.31,3,179.54,20 / 21,2391210,2019-09-06 19:59:56:953,-0.4464,0.0538,10.631,0.0036,-0.0316,9.8066,0.0719,-0.0369,0.0227,-6.5,-33,29.31,356.02,-84.61,-171.86
52.405247,-1.558911,165.82,17.31,3,179.54,20 / 21,2391310,2019-09-06 19:59:57:053,-0.4767,-1.3761,10.1442,-0.0048,-0.031,9.8066,-0.0372,-0.0077,0.0268,-7.12,-33.44,30,354.81,-84.47,-171.5
52.40384,-1.558738,166.11,17.67,3,171.45,20 / 21,2391409,2019-09-06 19:59:57:152,-1.1274,-0.9346,9.3242,-0.01,-0.0032,9.8066,-0.0547,-0.0281,0.0088,-7.31,-33.44,30.5,357.43,-84.26,-169.56
52.40384,-1.558738,166.11,17.67,3,171.45,20 / 21,2391510,2019-09-06 19:59:57:253,-1.4308,-0.472,9.0222,-0.0117,0.0271,9.8066,-0.0974,-0.0043,0.0373,-7.25,-32.25,30.94,359.45,-84.42,-167.77
52.40384,-1.558738,166.11,17.67,3,171.45,20 / 21,2391609,2019-09-06 19:59:57:352,-1.3338,0.2342,9.4372,-0.0141,0.0272,9.8066,0.0673,-0.053,-0.0604,-7.44,-31.94,30.06,359.74,-84.71,-167.1
52.40384,-1.558738,166.11,17.67,3,171.45,20 / 21,2391710,2019-09-06 19:59:57:453,-1.5131,-0.2668,10.1834,0.0135,-0.0056,9.8066,0.0996,-0.0714,-0.0384,-7,-32.06,29,359.06,-84.89,-167.28
52.40384,-1.558738,166.11,17.67,3,171.45,20 / 21,2391810,2019-09-06 19:59:57:553,0.1999,0.2521,9.5758,0.0168,-0.011,9.8066,-0.1578,-0.0552,0.0159,-7.25,-32.5,29.44,355.28,-84.88,-170.68
52.40384,-1.558738,166.11,17.67,3,171.45,20 / 21,2391910,2019-09-06 19:59:57:653,-1.2402,-0.7598,9.5859,-0.0153,-0.0047,9.8065,-0.0996,-0.1128,0.067,-6.31,-33.44,29.31,357.69,-84.74,-170.38
52.40384,-1.558738,166.11,17.67,3,171.45,20 / 21,2392010,2019-09-06 19:59:57:753,-1.7491,0.2408,9.9289,-0.0135,0.0137,9.8066,0.0898,-0.0732,0.0775,-6.31,-33.69,29.5,0.11,-84.77,-168.59
52.40384,-1.558738,166.11,17.67,3,171.45,20 / 21,2392109,2019-09-06 19:59:57:852,-1.066,-0.8842,10.8965,-0.0065,-0.0017,9.8066,0.1715,-0.0373,-0.002,-5.31,-33.62,29.63,4.86,-84.78,-166.19
52.40384,-1.558738,166.11,17.67,3,171.45,20 / 21,2392210,2019-09-06 19:59:57:953,-0.2799,-0.0946,10.2568,0.0125,-0.0164,9.8066,-0.0121,-0.1087,0.0112,-4.75,-34.12,29.25,3.68,-84.61,-166.95
52.40384,-1.558738,166.11,17.67,3,171.45,20 / 21,2392310,2019-09-06 19:59:58:053,-1.5335,0.0457,9.8064,-0.0146,0,9.8065,-0.0038,-0.0849,-0.0009,-4.56,-34.31,29.31,1.94,-84.43,-168.5
52.40384,-1.558738,166.11,17.67,3,171.45,21 / 22,2392410,2019-09-06 19:59:58:153,-1.3813,-1.1138,9.8493,-0.0063,0.0269,9.8066,-0.0314,-0.0709,0.0474,-5.06,-34.56,28.75,3.27,-84.4,-167.35
52.40384,-1.558738,166.11,17.67,3,171.45,21 / 22,2392509,2019-09-06 19:59:58:252,-1.5751,-0.8631,9.8767,-0.0112,0.0081,9.8066,0.012,-0.0877,0.0463,-5.87,-34.25,29.5,4.46,-84.45,-164.73
52.40384,-1.558738,166.11,17.67,3,171.45,21 / 22,2392610,2019-09-06 19:59:58:353,-1.7298,-0.0575,9.6496,-0.0104,0.0331,9.8065,0.0032,-0.099,0.0171,-5.75,-33.69,29.88,6.16,-84.64,-163.2
52.40384,-1.558738,166.11,17.67,3,171.45,21 / 22,2392709,2019-09-06 19:59:58:452,-0.8371,-0.7013,10.8956,0.0227,-0.0423,9.8064,-0.0036,-0.057,-0.0297,-5.19,-33.12,29.44,7.28,-84.63,-163.73
52.40384,-1.558738,166.11,17.67,3,171.45,21 / 22,2392810,2019-09-06 19:59:58:553,-0.4856,-1.7174,8.8188,0.0232,-0.049,9.8065,-0.3482,-0.1567,0.1431,-5.69,-33.12,29.56,3.55,-84.64,-165.51
52.40384,-1.558738,166.11,17.67,3,171.45,21 / 22,2392909,2019-09-06 19:59:58:652,-1.9008,1.0305,8.3639,0,-0.0499,9.8065,-0.2075,0.0098,0.0578,-5.12,-33.06,29.44,5.62,-84.64,-165.21
52.40384,-1.558738,166.11,17.67,3,171.45,21 / 22,2393010,2019-09-06 19:59:58:753,-0.9395,1.0194,8.9338,0.0159,-0.078,9.8063,0.313,-0.1166,-0.0852,-5.69,-34,29.13,3.04,-84.65,-165.61
52.40384,-1.558738,166.11,17.67,3,171.45,21 / 22,2393110,2019-09-06 19:59:58:853,0.3017,-0.6829,10.3383,-0.0031,0.0779,9.8063,0.1705,-0.0478,-0.0421,-5.31,-32.69,29.38,6.77,-84.95,-164.14
52.40384,-1.558738,166.11,17.67,3,171.45,21 / 22,2393210,2019-09-06 19:59:58:953,-0.6139,-0.7017,9.7109,0.0033,-0.0384,9.8065,-0.0663,-0.02,-0.0016,-5,-32.5,29.75,4.64,-84.72,-166.37
52.40384,-1.558738,166.11,17.67,3,171.45,21 / 22,2393309,2019-09-06 19:59:59:052,-0.6229,-0.7707,9.3811,0.0095,-0.0023,9.8066,-0.096,-0.0295,0.0272,-5.06,-32.06,29.56,4.6,-84.63,-166.41
52.40384,-1.558738,166.11,17.67,3,171.45,21 / 22,2393410,2019-09-06 19:59:59:153,-0.6785,0.225,10.2167,0.0125,0.0419,9.8065,0.1122,-0.016,-0.0751,-4.87,-32.81,30.13,3.41,-84.89,-167.47
52.40384,-1.558738,166.11,17.67,3,171.45,21 / 22,2393509,2019-09-06 19:59:59:252,-0.4012,-0.1995,10.0981,-0.0013,0.0445,9.8065,0.0586,-0.0499,0.0048,-4.75,-33.12,29.63,2.57,-84.98,-168.22
52.40384,-1.558738,166.11,17.67,3,171.45,21 / 22,2393610,2019-09-06 19:59:59:353,-0.1671,-0.5125,9.7261,0.0146,-0.019,9.8066,0.0587,0.004,-0.0372,-4.5,-32.94,29.5,3.28,-84.82,-169.47
52.40384,-1.558738,166.11,17.67,3,171.45,21 / 22,2393710,2019-09-06 19:59:59:453,-0.7588,0.7662,9.6847,-0.0072,-0.0226,9.8066,-0.0249,-0.0574,0.0504,-4.75,-32.44,29.38,0.06,-84.54,-170.16
52.40384,-1.558738,166.11,17.67,3,171.45,21 / 22,2393810,2019-09-06 19:59:59:553,-0.224,-0.5366,9.5955,0.0016,0.0275,9.8065,0.0643,-0.0263,-0.0144,-4.25,-33,29.31,1.95,-84.66,-170.41
52.40384,-1.558738,166.11,17.67,3,171.45,21 / 22,2393910,2019-09-06 19:59:59:653,-0.0287,-0.1171,9.1815,0.0043,-0.0027,9.8066,0.0879,-0.0351,0.0321,-4.06,-32.75,29.25,2.8,-84.75,-169.65
52.40384,-1.558738,166.11,17.67,3,171.45,21 / 22,2394009,2019-09-06 19:59:59:752,-0.7868,0.7108,10.3011,0.001,-0.0095,9.8066,-0.013,-0.0149,-0.0003,-4.06,-33.19,28.88,2.52,-84.84,-169.9
52.40384,-1.558738,166.11,17.67,3,171.45,21 / 22,2394110,2019-09-06 19:59:59:853,-0.2355,-0.5852,9.9638,0.0005,-0.0189,9.8066,0.014,-0.0539,0.0501,-4.06,-33.06,29.81,3.24,-84.78,-169.5
52.40384,-1.558738,166.11,17.67,3,171.45,21 / 22,2394210,2019-09-06 19:59:59:953,-0.4342,-0.1842,10.8199,0.0038,0.0003,9.8066,-0.0325,0.0638,-0.0143,-4.56,-32.94,29.63,0.77,-84.6,-169.85
52.40384,-1.558738,166.11,17.67,3,171.45,21 / 22,2394310,2019-09-06 20:00:00:053,0.4474,0.0622,10.2701,-0.0077,0.0097,9.8066,-0.0711,-0.09,0.006,-4.94,-33.19,29.69,0.99,-84.44,-169.65
52.40384,-1.558738,166.11,17.67,3,171.45,21 / 22,2394409,2019-09-06 20:00:00:152,-0.3736,0.5606,9.4797,0.01,0.0178,9.8066,-0.1398,0.0296,0.0554,-4.62,-33.19,29.63,358.84,-84.45,-171.57
52.40384,-1.558738,166.11,17.67,3,171.45,21 / 22,2394510,2019-09-06 20:00:00:253,-0.1171,-0.5372,9.9857,-0.0041,-0.0184,9.8066,0.106,-0.0006,0.0086,-4.62,-33.12,30.25,359.11,-84.41,-171.33
52.40384,-1.558738,166.11,17.67,3,171.45,21 / 22,2394610,2019-09-06 20:00:00:353,1.0822,-0.0948,9.7814,0.0045,0.0017,9.8066,0.1291,-0.0207,-0.0379,-4.81,-32.94,30.13,358.57,-84.36,-171.81
52.40384,-1.558738,166.11,17.67,3,171.45,21 / 22,2394709,2019-09-06 20:00:00:452,0.5041,-0.6679,9.8089,0.0012,-0.0033,9.8066,-0.0483,-0.0341,0.008,-4.5,-33.25,29.13,0.08,-84.29,-172.07
52.40384,-1.558738,166.11,17.67,3,171.45,21 / 22,2394810,2019-09-06 20:00:00:553,0.263,-0.343,9.3588,-0.0057,-0.0194,9.8066,-0.0841,0.0422,0.0279,-4.87,-33.31,30.06,358.26,-84.13,-172.07
52.40384,-1.558738,166.11,17.67,3,171.45,21 / 22,2394910,2019-09-06 20:00:00:653,0.161,0.3183,8.9983,-0.0165,0.0491,9.8065,0.0824,-0.0576,0.0771,-5,-32.87,29.81,359.71,-84.05,-170.8
52.40384,-1.558738,166.11,17.67,3,171.45,21 / 22,2395010,2019-09-06 20:00:00:753,-0.1192,-0.2407,10.176,-0.0127,0.0214,9.8065,0.0111,-0.0205,-0.0199,-4.5,-32.87,30.06,4.5,-84.28,-168.42
52.40384,-1.558738,166.11,17.67,3,171.45,21 / 22,2395110,2019-09-06 20:00:00:853,0.3192,0.4187,9.5956,0.0149,0.0118,9.8065,0.0114,-0.052,-0.0088,-4.56,-33.56,29.56,2.12,-84.21,-168.67
52.40384,-1.558738,166.11,17.67,3,171.45,21 / 22,2395210,2019-09-06 20:00:00:953,-0.6455,0.1731,10.3279,0.0019,0.0036,9.8066,0.0721,-0.0308,-0.0315,-4.19,-33.44,30.69,2.76,-84.13,-170.2
52.40384,-1.558738,166.11,17.67,3,171.45,21 / 22,2395309,2019-09-06 20:00:01:052,0.5001,-1.1538,10.1964,-0.0013,0.0212,9.8066,-0.0942,-0.0402,0.0576,-5.19,-33,30,359.66,-84.15,-170.84
52.40384,-1.558738,166.11,17.67,3,171.45,21 / 22,2395409,2019-09-06 20:00:01:152,0.2808,0.5814,9.991,-0.0041,-0.024,9.8066,-0.0744,-0.0491,-0.0462,-4.75,-32.69,29.63,358.96,-83.96,-171.45
52.40384,-1.558738,166.11,17.67,3,171.45,21 / 22,2395510,2019-09-06 20:00:01:253,-0.1659,-0.232,9.2317,0.0121,-0.0038,9.8066,-0.044,0.0538,0.0357,-5.37,-33.81,28.69,358.24,-83.93,-171.75
52.40384,-1.558738,166.11,17.67,3,171.45,21 / 22,2395610,2019-09-06 20:00:01:353,-0.5921,-0.466,10.0116,-0.0124,0.0034,9.8066,-0.0397,-0.0236,0.0238,-6,-35.12,29.25,357.36,-84.06,-170.61
52.40384,-1.558738,166.11,17.67,3,171.45,21 / 22,2395710,2019-09-06 20:00:01:453,-0.5024,-1.1807,9.6633,0.0084,-0.0545,9.8065,-0.1947,0.026,-0.025,-5.75,-35,31.19,358.46,-84.17,-170.4
52.40384,-1.558738,166.11,17.67,3,171.45,21 / 22,2395809,2019-09-06 20:00:01:552,1.0771,-0.7318,8.7921,0.0148,-0.063,9.8064,-0.2355,0.0722,-0.0236,-5,-33.56,31.06,0.32,-84.16,-170.56
52.40384,-1.558738,166.11,17.67,3,171.45,21 / 22,2395909,2019-09-06 20:00:01:652,0.5874,0.7128,9.0245,0.0063,-0.0618,9.8064,0.0707,-0.0361,0.0305,-4.81,-33.62,30.56,359.93,-83.86,-170.9
52.40384,-1.558738,166.11,17.67,3,171.45,21 / 22,2396009,2019-09-06 20:00:01:752,-0.0925,0.2788,9.7478,-0.0144,0.0452,9.8065,0.0796,0.0808,-0.0716,-5.06,-33.25,30,1.63,-84.26,-169.09
52.40384,-1.558738,166.11,17.67,3,171.45,21 / 22,2396109,2019-09-06 20:00:01:852,0.169,0.3734,10.1672,-0.0127,0.0329,9.8065,0.0295,-0.0304,0.0115,-4.81,-33.62,30,0.93,-84.24,-169.71
52.40384,-1.558738,166.11,17.67,3,171.45,21 / 22,2396209,2019-09-06 20:00:01:952,0.5824,0.1751,9.9995,-0.0022,-0.0499,9.8065,0.0657,0.0397,-0.0544,-4.56,-32.94,30.38,0.6,-83.9,-170.01
52.40384,-1.558738,166.11,17.67,3,171.45,21 / 22,2396310,2019-09-06 20:00:02:053,1.4026,1.3827,10.4271,0.0092,-0.0349,9.8066,0.1462,-0.1261,0.1015,-4.62,-33.25,30.06,0.16,-83.9,-170.4
52.40384,-1.558738,166.11,17.67,3,171.45,21 / 22,2396410,2019-09-06 20:00:02:153,-1.1881,-0.6056,9.4562,-0.0166,-0.0029,9.8066,-0.1065,0.0508,-0.1127,-5,-32.56,30.25,2.77,-83.8,-168.11
52.40384,-1.558738,166.11,17.67,3,171.45,21 / 22,2396509,2019-09-06 20:00:02:252,0.2929,0.5743,9.3277,-0.0115,0.0444,9.8065,0.0289,0.0714,-0.057,-4.5,-32.87,29.81,4.03,-83.8,-168.87
52.40384,-1.558738,166.11,17.67,3,171.45,21 / 22,2396609,2019-09-06 20:00:02:352,-0.9025,-0.248,9.8164,0.0053,0.0223,9.8066,0.0154,-0.055,0.0424,-4.31,-33.5,30.19,4.07,-84.03,-168.82
52.40384,-1.558738,166.11,17.67,3,171.45,21 / 22,2396710,2019-09-06 20:00:02:453,0.7522,-1.1493,9.5563,0.0112,-0.0102,9.8066,-0.0524,-0.0146,-0.0038,-4.56,-33,30,1.29,-83.97,-169.4
52.40384,-1.558738,166.11,17.67,3,171.45,21 / 22,2396809,2019-09-06 20:00:02:552,-0.1275,-0.2521,9.4194,0.0047,-0.0092,9.8066,-0.1015,0.0077,0.0136,-4,-32.94,30.13,2.63,-83.91,-170.09
52.40384,-1.558738,166.11,17.67,3,171.45,21 / 22,2396910,2019-09-06 20:00:02:653,0.5203,-1.1267,9.4959,-0.0012,-0.0005,9.8066,-0.0428,-0.0242,0.0145,-4.44,-33.25,29.94,2.29,-83.94,-170.39
52.40384,-1.558738,166.11,17.67,3,171.45,21 / 22,2397009,2019-09-06 20:00:02:752,0.2339,-1.2702,9.2122,0.0079,-0.0059,9.8066,-0.0829,0.01,-0.0091,-4,-32.62,30.75,1.9,-84.01,-170.97
52.40384,-1.558738,166.11,17.67,3,171.45,21 / 22,2397110,2019-09-06 20:00:02:853,-0.1728,-0.0674,9.9674,0.0011,-0.0376,9.8065,0.0927,0.005,0.0088,-3.94,-32.81,30.31,1.39,-83.96,-171.18
52.40384,-1.558738,166.11,17.67,3,171.45,21 / 22,2397209,2019-09-06 20:00:02:952,-0.1627,0.0435,10.6614,-0.0038,-0.0011,9.8066,0.0761,-0.0902,0.0324,-4.75,-32.75,30,358.6,-83.93,-171.77
52.40384,-1.558738,166.11,17.67,3,171.45,21 / 22,2397309,2019-09-06 20:00:03:052,0.6873,-0.4831,10.2738,-0.0117,-0.0016,9.8066,-0.0153,-0.0312,0.0243,-4.37,-32.69,30.25,1.98,-83.68,-170.67
52.40384,-1.558738,166.11,17.67,3,171.45,21 / 22,2397410,2019-09-06 20:00:03:153,-0.193,-1.4474,9.3671,-0.0142,0.0031,9.8065,-0.0527,-0.0023,0.0536,-4.62,-33.37,30.31,1.55,-83.58,-169.19
52.40384,-1.558738,166.11,17.67,3,171.45,21 / 22,2397509,2019-09-06 20:00:03:252,0.1648,0.3332,9.5101,-0.0086,-0.0016,9.8066,-0.0415,-0.0109,0.034,-4.56,-33.25,30.75,3.81,-83.7,-167.49
52.40384,-1.558738,166.11,17.67,3,171.45,21 / 22,2397609,2019-09-06 20:00:03:352,-0.6272,0.0895,9.6683,-0.0042,-0.0032,9.8066,-0.0766,-0.0435,0.0572,-4.75,-33.25,30.13,4.97,-83.86,-166.17
52.40384,-1.558738,166.11,17.67,3,171.45,21 / 22,2397710,2019-09-06 20:00:03:453,0.5216,0.7941,10.1213,-0.0025,-0.0194,9.8066,0.176,-0.0377,-0.0306,-4.81,-32.87,30.25,5.66,-83.78,-165.58
52.40384,-1.558738,166.11,17.67,3,171.45,21 / 22,2397809,2019-09-06 20:00:03:552,-0.7439,-0.2206,10.3827,0.0011,0.0175,9.8066,0.1213,-0.0453,0.0343,-5.12,-32.94,29.88,6.01,-83.66,-165.28
52.40384,-1.558738,166.11,17.67,3,171.45,21 / 22,2397910,2019-09-06 20:00:03:653,-0.4835,-0.4553,10.3879,-0.004,-0.014,9.8066,-0.1069,0.0198,-0.0187,-4.25,-32.19,30.25,8.01,-83.72,-165.36
52.40384,-1.558738,166.11,17.67,3,171.45,21 / 22,2398010,2019-09-06 20:00:03:753,-0.4696,0.2283,10.0898,0.0151,-0.0039,9.8065,-0.0545,-0.0319,0.0535,-4.31,-32.62,29.81,7.72,-83.79,-165.64
52.40384,-1.558738,166.11,17.67,3,171.45,21 / 22,2398110,2019-09-06 20:00:03:853,-0.4071,0.6456,9.7763,-0.0058,0.0083,9.8066,0.0511,-0.0006,-0.0642,-4.25,-33.19,30.06,7.71,-83.93,-165.63
52.40384,-1.558738,166.11,17.67,3,171.45,21 / 22,2398210,2019-09-06 20:00:03:953,0.0936,-0.0821,9.4343,0.005,0.0062,9.8066,0.0375,-0.063,0.0333,-4.44,-33.06,29.63,8.01,-83.98,-165.35
52.40384,-1.558738,166.11,17.67,3,171.45,21 / 22,2398310,2019-09-06 20:00:04:053,0.223,-0.1039,10.0033,0.0028,-0.0001,9.8066,0.1647,-0.0122,0.0511,-4.19,-33.19,30,8.04,-83.88,-165.34
52.40384,-1.558738,166.11,17.67,3,171.45,21 / 22,2398410,2019-09-06 20:00:04:153,-0.2697,-0.6046,10.4271,-0.0096,-0.0199,9.8066,0.0133,-0.0005,-0.0804,-4.37,-32.94,30.38,8.03,-83.85,-165.36
52.40384,-1.558738,166.11,17.67,3,171.45,21 / 22,2398510,2019-09-06 20:00:04:253,0.6688,0.6666,10.3143,0.0133,0.0196,9.8065,0.0302,-0.068,0.0883,-4.19,-33,30,8.38,-83.81,-165.06
52.40384,-1.558738,166.11,17.67,3,171.45,21 / 22,2398609,2019-09-06 20:00:04:352,-0.2985,0.3794,10.2479,-0.0025,0.0103,9.8065,0.0397,-0.0341,-0.0582,-4.06,-32.75,30,9.25,-83.77,-164.3
52.40384,-1.558738,166.11,17.67,3,171.45,21 / 22,2398710,2019-09-06 20:00:04:453,-0.6623,-0.5983,9.2416,0.0068,-0.0098,9.8066,-0.1169,0.0454,0.0143,-4.25,-32.87,30.13,9.17,-83.75,-164.38
52.40384,-1.558738,166.11,17.67,3,171.45,21 / 22,2398809,2019-09-06 20:00:04:552,-0.4762,0.7674,9.6553,-0.0024,0.0029,9.8066,-0.0527,-0.031,0.0027,-4.06,-33.44,29.56,8.33,-83.83,-165.09
52.40384,-1.558738,166.11,17.67,3,171.45,21 / 22,2398910,2019-09-06 20:00:04:653,0.6309,-0.2121,9.9125,0.0029,0.022,9.8066,-0.0411,-0.0153,0.0327,-3.62,-33.12,30.13,8.16,-83.94,-165.23
52.40384,-1.558738,166.11,17.67,3,171.45,21 / 22,2399010,2019-09-06 20:00:04:753,-0.1343,0.1311,10.4832,0.0061,-0.0458,9.8065,-0.0365,-0.0079,-0.01,-3.94,-32.81,29.31,7.05,-84.08,-165.95
52.40384,-1.558738,166.11,17.67,3,171.45,21 / 22,2399109,2019-09-06 20:00:04:852,-0.5901,-0.0108,10.3761,0.0002,-0.0225,9.8066,-0.0826,0.0705,-0.0272,-4.12,-33.19,29.94,6.67,-83.9,-166.54
52.40384,-1.558738,166.11,17.67,3,171.45,21 / 22,2399209,2019-09-06 20:00:04:952,-0.2178,0.2449,10.1955,0.0005,-0.027,9.8066,-0.0706,-0.0313,0.0924,-3.62,-33,30.5,7.08,-83.7,-166.43
52.40384,-1.558738,166.11,17.67,3,171.45,21 / 22,2399309,2019-09-06 20:00:05:052,-0.706,0.7277,10.1922,-0.0065,0.0033,9.8066,0.0827,0.0049,-0.0732,-4.44,-32.87,29.94,7.59,-83.71,-165.76
52.40384,-1.558738,166.11,17.67,3,171.45,20 / 21,2399410,2019-09-06 20:00:05:153,0.3853,0.7754,10.0233,0.0147,-0.006,9.8066,0.0172,0.0278,0.0043,-4.06,-32.75,30.13,6.04,-83.62,-167.14
52.40384,-1.558738,166.11,17.67,3,171.45,20 / 21,2399509,2019-09-06 20:00:05:252,0.3597,-0.2097,9.8951,0.0044,-0.0187,9.8066,-0.0741,0.0128,-0.0415,-3.69,-33.06,30,5.26,-83.58,-167.82
52.40384,-1.558738,166.11,17.67,3,171.45,20 / 21,2399610,2019-09-06 20:00:05:353,-0.4579,-0.1463,10.0107,0.0014,-0.0153,9.8066,-0.0772,0.0128,-0.0064,-3.44,-33.06,30.75,7.36,-83.61,-168.02
52.40384,-1.558738,166.11,17.67,3,171.45,20 / 21,2399709,2019-09-06 20:00:05:452,0.0328,-0.0994,9.6158,-0.0021,-0.0067,9.8066,0.0129,-0.0815,0.0293,-4.25,-33.56,29.81,4.72,-83.55,-168.31
52.40384,-1.558738,166.11,17.67,3,171.45,20 / 21,2399810,2019-09-06 20:00:05:553,0.8677,0.4412,9.7391,-0.0029,-0.0006,9.8066,-0.0413,0.0064,-0.0419,-4.69,-33.06,30.38,4.33,-83.51,-166.77
52.40384,-1.558738,166.11,17.67,3,171.45,20 / 21,2399910,2019-09-06 20:00:05:653,-0.024,-0.0631,9.6039,-0.0033,0.0072,9.8066,-0.055,0.0548,-0.0153,-4.25,-32.75,29.94,6.35,-83.56,-166.87
52.40384,-1.558738,166.11,17.67,3,171.45,20 / 21,2400009,2019-09-06 20:00:05:752,0.6003,1.1681,10.2376,0.0014,-0.024,9.8066,-0.1318,-0.0057,-0.0511,-4.56,-32.94,29.88,4.54,-83.42,-166.59
52.40384,-1.558738,166.11,17.67,3,171.45,20 / 21,2400110,2019-09-06 20:00:05:853,0.3804,-0.4747,9.091,0.0008,-0.0255,9.8065,0.0048,-0.017,0.0547,-4.69,-32.12,29.5,4.52,-83.39,-166.59
52.40384,-1.558738,166.11,17.67,3,171.45,20 / 21,2400209,2019-09-06 20:00:05:952,0.419,-1.5339,10.3817,-0.0132,-0.004,9.8066,0.1548,0.047,-0.0387,-5.19,-32.56,29.81,5.14,-83.45,-166.07
52.40384,-1.558738,166.11,17.67,3,171.45,20 / 21,2400310,2019-09-06 20:00:06:053,0.8363,-0.5422,9.9417,0.0033,0.0151,9.8066,0.1334,0.021,-0.0202,-5.5,-33.62,31.06,5.98,-83.5,-165.63
52.402367,-1.55863,165.34,18.67,3,179.57,21 / 22,2400411,2019-09-06 20:00:06:154,0.0386,0.7817,9.3415,-0.0014,-0.0261,9.8065,-0.1807,0.0201,-0.016,-5.31,-33,30.56,5.52,-83.38,-166.02
52.402367,-1.55863,165.34,18.67,3,179.57,21 / 22,2400509,2019-09-06 20:00:06:252,0.0743,0.6422,9.9145,-0.0086,0.0369,9.8065,0.1479,0.0427,0.0216,-4.75,-32.87,30.5,5.93,-83.34,-165.67
52.402367,-1.55863,165.34,18.67,3,179.57,21 / 22,2400609,2019-09-06 20:00:06:352,0.9778,-0.02,10.0617,-0.0059,0.0328,9.8066,0.1645,0.0277,0.0206,-4.19,-32.94,29.88,8.51,-83.48,-165
52.402367,-1.55863,165.34,18.67,3,179.57,21 / 22,2400710,2019-09-06 20:00:06:453,-0.1823,-0.5686,10.7119,-0.0083,0.0007,9.8066,0.0395,0.039,0.0001,-4.81,-33.12,30.19,6.92,-83.32,-164.53
52.402367,-1.55863,165.34,18.67,3,179.57,21 / 22,2400810,2019-09-06 20:00:06:553,0.6008,-0.305,11.2177,0.0044,0.0148,9.8066,0.135,-0.0294,0.0211,-4,-32.5,30.06,8.86,-83.16,-164.72
52.402367,-1.55863,165.34,18.67,3,179.57,21 / 22,2400909,2019-09-06 20:00:06:652,0.4953,-0.98,10.5528,0.0064,0.0032,9.8066,-0.0203,-0.0409,0.0106,-4.56,-32.87,30.81,5.99,-82.96,-165.67
52.402367,-1.55863,165.34,18.67,3,179.57,21 / 22,2401009,2019-09-06 20:00:06:752,0.8485,-1.1546,9.1801,0.0062,0.0027,9.8066,-0.0971,0.0026,0.0306,-3.81,-31.94,30.38,7.13,-82.82,-166.27
52.402367,-1.55863,165.34,18.67,3,179.57,21 / 22,2401110,2019-09-06 20:00:06:853,0.5529,-0.558,8.9622,-0.0064,-0.0014,9.8065,-0.0234,0.0103,-0.0288,-3.94,-32.5,30.25,7.63,-82.89,-165.83
52.402367,-1.55863,165.34,18.67,3,179.57,21 / 22,2401210,2019-09-06 20:00:06:953,0.1904,-0.414,9.4992,-0.0013,0.0273,9.8066,0.0667,-0.0175,-0.0023,-4.31,-32.69,30.44,8.79,-83.2,-164.8
52.402367,-1.55863,165.34,18.67,3,179.57,21 / 22,2401310,2019-09-06 20:00:07:053,0.703,-0.317,10.1805,-0.0096,-0.0025,9.8066,0.0529,0.0653,0.0007,-4.25,-32.25,30.44,8.35,-83.13,-165.17
52.402367,-1.55863,165.34,18.67,3,179.57,21 / 22,2401409,2019-09-06 20:00:07:152,0.9399,-0.782,10.6618,-0.0077,-0.0226,9.8065,0.0256,0.0065,-0.0047,-4.25,-32.81,30.13,9.21,-82.87,-164.5
52.402367,-1.55863,165.34,18.67,3,179.57,21 / 22,2401510,2019-09-06 20:00:07:253,0.4302,-0.9205,9.7874,-0.0135,-0.0047,9.8066,-0.0109,-0.0229,0.0137,-4.62,-32.37,31.06,7.64,-82.73,-164.24
52.402367,-1.55863,165.34,18.67,3,179.57,21 / 22,2401609,2019-09-06 20:00:07:352,0.8432,0.7652,8.7366,-0.0021,0.0328,9.8065,0.0752,-0.021,-0.0461,-4.37,-32.31,30.69,10.95,-82.69,-163.2
52.402367,-1.55863,165.34,18.67,3,179.57,21 / 22,2401710,2019-09-06 20:00:07:453,-0.7117,-1.1158,10.7548,-0.0123,0.0297,9.8066,-0.1451,0.1218,-0.071,-4.62,-32.5,30.5,9.14,-82.77,-162.94
52.402367,-1.55863,165.34,18.67,3,179.57,21 / 22,2401809,2019-09-06 20:00:07:552,1.5981,0.1116,10.8577,0.0292,-0.034,9.8065,0.0361,0.0561,0.0828,-4.75,-32.56,30.19,7.08,-82.92,-164.46
52.402367,-1.55863,165.34,18.67,3,179.57,21 / 22,2401910,2019-09-06 20:00:07:653,1.6769,0.5246,10.1589,0.0108,-0.0393,9.8065,0.0644,0.034,-0.0943,-4.19,-32.5,30.75,6.74,-82.54,-166.86
52.402367,-1.55863,165.34,18.67,3,179.57,21 / 22,2402010,2019-09-06 20:00:07:753,0.0789,0.0796,9.2579,0.0094,0.0513,9.8065,0.107,0.0108,0.0039,-4.25,-32.37,31,5.79,-82.71,-167.66
52.402367,-1.55863,165.34,18.67,3,179.57,21 / 22,2402110,2019-09-06 20:00:07:853,0.8018,0.5287,10.1123,0.0023,0.0185,9.8066,-0.1041,0.006,0.0003,-4.31,-32.56,30.56,4.82,-82.73,-168.51
52.402367,-1.55863,165.34,18.67,3,179.57,21 / 22,2402210,2019-09-06 20:00:07:953,1.0676,0.7211,9.7501,0.0049,-0.0232,9.8065,-0.0713,0.0259,-0.0785,-4.81,-32.62,29.88,1.56,-82.77,-169.2
52.402367,-1.55863,165.34,18.67,3,179.57,21 / 22,2402310,2019-09-06 20:00:08:053,1.2375,0.778,9.4456,0.0031,-0.03,9.8065,-0.0702,0.06,0.0165,-4.25,-32.37,30.5,3.73,-82.73,-169.43
52.402367,-1.55863,165.34,18.67,3,179.57,20 / 21,2402409,2019-09-06 20:00:08:152,0.6665,1.8782,8.7473,-0.0125,0.0282,9.8066,-0.1131,0.0244,-0.0201,-4.31,-32.75,30.38,4.67,-82.86,-168.41
52.402367,-1.55863,165.34,18.67,3,179.57,20 / 21,2402510,2019-09-06 20:00:08:253,0.3684,0.2286,10.0661,0.0122,-0.0216,9.8065,-0.0206,0.0453,-0.0339,-4.75,-33.25,29.94,2.99,-82.94,-167.97
52.402367,-1.55863,165.34,18.67,3,179.57,20 / 21,2402609,2019-09-06 20:00:08:352,0.1352,0.0185,10.3776,0.0026,-0.0037,9.8066,0.1735,-0.0354,0.0611,-5.44,-32.44,30.31,1.91,-82.97,-168.89
52.402367,-1.55863,165.34,18.67,3,179.57,20 / 21,2402709,2019-09-06 20:00:08:452,0.8924,0.3749,9.0876,-0.0064,-0.0018,9.8066,-0.0934,-0.0408,0.0048,-5.12,-32.81,30.56,3.01,-82.84,-168.24
52.402367,-1.55863,165.34,18.67,3,179.57,20 / 21,2402810,2019-09-06 20:00:08:553,1.0809,0.773,9.529,-0.0041,0.007,9.8066,-0.0662,0.0915,-0.0453,-5.56,-33.44,30.56,1.95,-82.88,-167.36
52.402367,-1.55863,165.34,18.67,3,179.57,20 / 21,2402910,2019-09-06 20:00:08:653,-0.0312,0.8782,10.8721,0.011,-0.0095,9.8066,0.0505,0.06,-0.0006,-4.31,-33.06,30.56,5.25,-82.97,-168.12
52.402367,-1.55863,165.34,18.67,3,179.57,20 / 21,2403010,2019-09-06 20:00:08:753,0.1382,1.4867,10.2679,0.0009,0.0014,9.8066,0.0779,0.0095,-0.0602,-5.37,-33.06,30.5,2.61,-82.88,-168.59
52.402367,-1.55863,165.34,18.67,3,179.57,20 / 21,2403109,2019-09-06 20:00:08:852,0.434,-0.2147,10.0641,-0.0033,0.0195,9.8066,-0.0365,0.084,0.0214,-5.19,-32.87,31.38,2.27,-82.84,-168.88
52.402367,-1.55863,165.34,18.67,3,179.57,20 / 21,2403209,2019-09-06 20:00:08:952,-1.1604,0.0539,10.429,-0.0024,-0.0177,9.8065,0.0537,-0.0635,0.0808,-5.44,-32.75,30.38,2.42,-82.89,-168.46
52.402367,-1.55863,165.34,18.67,3,179.57,20 / 21,2403310,2019-09-06 20:00:09:053,1.0731,0.4477,10.103,0.0088,-0.0082,9.8066,-0.0681,0.0302,-0.0693,-5.25,-33.44,30.75,3.63,-82.98,-167.7
52.402367,-1.55863,165.34,18.67,3,179.57,21 / 22,2403409,2019-09-06 20:00:09:152,0.5503,-0.1974,9.0077,0.012,-0.022,9.8066,-0.0588,0.0327,0.0157,-5.37,-33.12,30.44,1.15,-82.92,-169.55
52.402367,-1.55863,165.34,18.67,3,179.57,21 / 22,2403509,2019-09-06 20:00:09:252,0.505,0.7437,9.8048,0.0079,-0.0308,9.8065,0.1286,0.0094,-0.0014,-4.87,-32.81,30.56,1.29,-82.85,-169.73
52.402367,-1.55863,165.34,18.67,3,179.57,21 / 22,2403610,2019-09-06 20:00:09:353,0.4089,0.8755,9.9376,-0.0086,0.0451,9.8065,0.1306,0.0588,-0.0031,-5.19,-33.31,30.25,1.88,-82.78,-168.93
52.402367,-1.55863,165.34,18.67,3,179.57,21 / 22,2403709,2019-09-06 20:00:09:452,0.3644,0.4583,9.9772,-0.0177,0.0065,9.8066,-0.134,-0.0526,0.0405,-5.44,-32.81,30.13,3.25,-82.86,-167.75
52.402367,-1.55863,165.34,18.67,3,179.57,21 / 22,2403809,2019-09-06 20:00:09:552,0.4529,0.975,10.0502,-0.0074,0.0185,9.8066,0.0093,0.0092,-0.0398,-5.81,-33.06,30.75,3.36,-82.84,-166.15
52.402367,-1.55863,165.34,18.67,3,179.57,21 / 22,2403910,2019-09-06 20:00:09:653,0.8477,0.2394,9.1413,-0.006,0.0345,9.8065,0.0227,-0.0427,0.0404,-6.12,-32.5,30.56,3.17,-82.84,-166.3
52.402367,-1.55863,165.34,18.67,3,179.57,21 / 22,2404010,2019-09-06 20:00:09:753,0.6874,-0.7321,8.9846,0.0003,0.0373,9.8065,0.0642,-0.0004,-0.0715,-5.62,-32.5,30.69,2.8,-82.9,-166.62
52.402367,-1.55863,165.34,18.67,3,179.57,21 / 22,2404110,2019-09-06 20:00:09:853,1.0912,0.1059,9.0447,0.013,-0.0046,9.8066,-0.2209,0.0364,-0.0121,-6,-33.31,30.69,2.11,-82.71,-167.23
52.402367,-1.55863,165.34,18.67,3,179.57,21 / 22,2404209,2019-09-06 20:00:09:952,0.6794,0.431,10.5683,0.0167,-0.0238,9.8066,-0.0852,-0.0348,0.0733,-5.81,-33.06,29.38,0.9,-82.94,-167.54
52.402367,-1.55863,165.34,18.67,3,179.57,21 / 22,2404309,2019-09-06 20:00:10:052,0.1303,-0.713,9.578,-0.0024,0.0098,9.8066,-0.0026,-0.033,-0.0499,-5.56,-33.87,29.75,0.91,-82.93,-167.91
52.402367,-1.55863,165.34,18.67,3,179.57,21 / 22,2404410,2019-09-06 20:00:10:153,0.7986,0.8052,10.343,-0.001,0.0192,9.8066,0.0054,0.0253,0.0104,-5.69,-34,30.31,1.51,-83.01,-167.39
52.402367,-1.55863,165.34,18.67,3,179.57,21 / 22,2404509,2019-09-06 20:00:10:252,0.8023,0.378,10.4591,-0.0085,0.0116,9.8066,0.0375,-0.0095,0.0369,-5.81,-33.87,31.06,2.16,-82.93,-167.19
52.402367,-1.55863,165.34,18.67,3,179.57,21 / 22,2404610,2019-09-06 20:00:10:353,-0.5051,0.0573,9.8901,0.0039,-0.0386,9.8065,-0.1152,0.056,-0.0543,-5.56,-33.56,31.5,3.28,-82.78,-166.55
52.402367,-1.55863,165.34,18.67,3,179.57,21 / 22,2404710,2019-09-06 20:00:10:453,0.7992,0.1351,10.6729,0.0034,-0.0424,9.8065,0.0657,-0.0058,0.0361,-5.44,-32.75,30.81,4.09,-82.49,-167.34
52.402367,-1.55863,165.34,18.67,3,179.57,21 / 22,2404810,2019-09-06 20:00:10:553,-0.531,-1.2243,10.3067,-0.0017,-0.0088,9.8065,0.0997,-0.0722,0.0284,-6.12,-32.12,31,2.22,-82.53,-167.14
52.402367,-1.55863,165.34,18.67,3,179.57,21 / 22,2404910,2019-09-06 20:00:10:653,-0.7002,-1.1034,10.3485,-0.015,0.0693,9.8064,-0.382,0.0672,-0.0954,-6.06,-32.56,30.81,3.35,-82.9,-166.15
52.402367,-1.55863,165.34,18.67,3,179.57,21 / 22,2405009,2019-09-06 20:00:10:752,-0.7537,1.5858,9.3508,0.0419,-0.0645,9.8063,-0.2656,-0.0272,-0.0027,-5.75,-32.87,30.88,2.1,-83.09,-167.22
52.402367,-1.55863,165.34,18.67,3,179.57,21 / 22,2405109,2019-09-06 20:00:10:852,0.7681,-0.1922,9.2794,0.0217,-0.0258,9.8065,0.0382,0.0555,-0.0177,-6.06,-33.06,30.63,358.59,-82.98,-170.27
52.402367,-1.55863,165.34,18.67,3,179.57,21 / 22,2405209,2019-09-06 20:00:10:952,0.3397,0.7225,10.4213,-0.0016,0.0003,9.8066,0.0228,-0.006,0.0313,-6.19,-33.31,30.38,358.18,-83.12,-170.26
52.402367,-1.55863,165.34,18.67,3,179.57,21 / 22,2405309,2019-09-06 20:00:11:052,-0.0032,0.014,10.8756,0.0032,0.0171,9.8066,0.0271,-0.0244,-0.0245,-6,-33,30.13,357.94,-83.13,-170.47
52.402367,-1.55863,165.34,18.67,3,179.57,20 / 21,2405410,2019-09-06 20:00:11:153,1.0116,0.0383,10.3674,0.0205,-0.0232,9.8065,-0.0002,0.0514,-0.0226,-5.69,-32.19,31.06,356.56,-82.99,-172.03
52.402367,-1.55863,165.34,18.67,3,179.57,20 / 21,2405509,2019-09-06 20:00:11:252,0.6571,1.0055,9.8586,0.0083,-0.0099,9.8066,0.0116,0.0153,0.0062,-6.25,-32.5,29.75,354.31,-82.85,-173.6
52.402367,-1.55863,165.34,18.67,3,179.57,20 / 21,2405610,2019-09-06 20:00:11:353,0.8882,-0.0375,8.9881,-0.0006,0.0298,9.8066,-0.0319,0.0145,-0.0544,-6.37,-32.62,30.31,354.41,-83.17,-173.52
52.402367,-1.55863,165.34,18.67,3,179.57,20 / 21,2405709,2019-09-06 20:00:11:452,0.3474,1.1548,9.7213,0.0012,-0.0157,9.8066,0.1134,-0.0252,0.0265,-5.44,-33.37,29.94,356.37,-83.2,-173.68
52.402367,-1.55863,165.34,18.67,3,179.57,20 / 21,2405810,2019-09-06 20:00:11:553,-0.221,0.5294,10.897,-0.0015,0.0043,9.8066,0.1476,-0.0195,-0.0017,-6.12,-32.31,30.38,354.51,-83.26,-173.47
52.402367,-1.55863,165.34,18.67,3,179.57,20 / 21,2405909,2019-09-06 20:00:11:652,0.9461,0.1413,9.7331,0.0182,-0.0215,9.8066,0.0693,0.0235,-0.0433,-5.87,-32.5,30.5,353.78,-82.95,-174.44
52.402367,-1.55863,165.34,18.67,3,179.57,20 / 21,2406009,2019-09-06 20:00:11:752,0.344,0.3231,9.9842,0.0035,0.0368,9.8066,-0.0073,0.0416,-0.0125,-5.5,-32.06,30.25,352.9,-82.67,-176.63
52.402367,-1.55863,165.34,18.67,3,179.57,20 / 21,2406110,2019-09-06 20:00:11:853,0.0223,0.02,9.7428,0.0052,0.0249,9.8066,-0.0758,0.0345,-0.0453,-5.44,-32.31,30.5,351.69,-82.9,-178.04
52.402367,-1.55863,165.34,18.67,3,179.57,20 / 21,2406210,2019-09-06 20:00:11:953,0.1725,0.7389,9.2371,0.0014,0.0218,9.8066,-0.0048,0.0315,0.0177,-6,-32.75,30.56,348.67,-83.18,-178.9
52.402367,-1.55863,165.34,18.67,3,179.57,20 / 21,2406309,2019-09-06 20:00:12:052,-0.3693,0.0318,9.129,-0.001,0.0428,9.8065,-0.0628,0.0374,-0.049,-5.37,-32,30.88,350.2,-83.33,-179.42
52.402367,-1.55863,165.34,18.67,3,179.57,20 / 21,2406410,2019-09-06 20:00:12:153,0.2058,-0.3489,8.9546,0.0078,-0.01,9.8066,-0.0568,-0.0123,-0.0041,-5.62,-32.19,30.63,349.21,-83.43,-178.52
52.402367,-1.55863,165.34,18.67,3,179.57,20 / 21,2406509,2019-09-06 20:00:12:252,0.0665,0.4684,9.8123,0.0041,-0.0053,9.8066,-0.0273,-0.0053,0.001,-5.62,-32.37,30.13,348.35,-83.53,-178.91
52.402367,-1.55863,165.34,18.67,3,179.57,20 / 21,2406610,2019-09-06 20:00:12:353,0.0928,1.0201,9.9893,0.0107,-0.0105,9.8065,-0.032,0.0074,-0.0293,-5.56,-32.44,30.75,347.47,-83.49,179.93
52.402367,-1.55863,165.34,18.67,3,179.57,20 / 21,2406709,2019-09-06 20:00:12:452,0.1934,-0.3483,9.8233,0.0036,0.0029,9.8066,0.0081,-0.0003,0.0347,-5.56,-32.94,30.69,346.68,-83.46,179.29
52.402367,-1.55863,165.34,18.67,3,179.57,20 / 21,2406810,2019-09-06 20:00:12:553,0.5269,0.0406,9.3429,-0.0014,0.0112,9.8066,-0.0585,0.0145,-0.0509,-5.5,-32.19,30.31,347.57,-83.49,178.58
52.402367,-1.55863,165.34,18.67,3,179.57,20 / 21,2406910,2019-09-06 20:00:12:653,0.5899,0.3572,9.5025,-0.0006,0.0265,9.8065,-0.0446,0.0494,-0.004,-5.37,-32.81,29.81,346.67,-83.75,177.77
52.402367,-1.55863,165.34,18.67,3,179.57,20 / 21,2407010,2019-09-06 20:00:12:753,0.425,-0.3399,9.4815,-0.0015,-0.0259,9.8066,0.0289,0.029,-0.0025,-5.56,-32.62,30,343.8,-83.97,177.01
52.402367,-1.55863,165.34,18.67,3,179.57,20 / 21,2407110,2019-09-06 20:00:12:853,0.0863,0.7017,9.7012,0.0073,-0.0199,9.8066,-0.0482,0.004,-0.012,-5.62,-32.25,29.56,344.58,-83.87,177.67
52.402367,-1.55863,165.34,18.67,3,179.57,20 / 21,2407210,2019-09-06 20:00:12:953,-0.0166,0.978,9.079,0.0056,-0.0055,9.8066,-0.0888,-0.0208,0.0772,-5.62,-32.75,30.19,344.35,-83.85,177.54
52.402367,-1.55863,165.34,18.67,3,179.57,20 / 21,2407310,2019-09-06 20:00:13:053,0.54,0.751,10.0496,-0.0032,-0.0237,9.8066,0.0631,0.0235,0.0169,-5.87,-32.75,29.69,345.36,-83.94,178.4
52.402367,-1.55863,165.34,18.67,3,179.57,21 / 22,2407410,2019-09-06 20:00:13:153,0.4255,0.2773,10.1509,0.0036,-0.0036,9.8066,0.0722,0.0109,0.0084,-6.19,-33.06,29.5,346.38,-83.79,179.34
52.402367,-1.55863,165.34,18.67,3,179.57,21 / 22,2407509,2019-09-06 20:00:13:252,0.8361,-0.696,9.6446,-0.0113,0.0116,9.8066,-0.0109,0.0063,0.0391,-6.31,-32.81,29.75,346.75,-83.68,179.7
52.402367,-1.55863,165.34,18.67,3,179.57,21 / 22,2407610,2019-09-06 20:00:13:353,0.4468,0.523,9.6328,-0.0076,0.0034,9.8066,-0.0304,0.049,-0.0019,-6.87,-32.56,30.19,346.06,-83.69,-179.1
52.402367,-1.55863,165.34,18.67,3,179.57,21 / 22,2407709,2019-09-06 20:00:13:452,1.3123,-0.0164,9.1716,0.0067,-0.02,9.8066,0.0047,-0.0207,0.0388,-6.94,-33.12,30,346.19,-83.59,-178.96
52.402367,-1.55863,165.34,18.67,3,179.57,21 / 22,2407810,2019-09-06 20:00:13:553,0.0893,0.0505,8.8023,-0.0106,0.0141,9.8066,-0.0162,0.059,-0.0191,-6.81,-33.06,30,346.31,-83.79,-178.9
52.402367,-1.55863,165.34,18.67,3,179.57,21 / 22,2407910,2019-09-06 20:00:13:653,0.3982,0.4244,8.7605,-0.0007,-0.0015,9.8066,-0.1173,0.046,-0.0086,-6.94,-33.69,30.38,346.47,-83.91,-178.75
52.402367,-1.55863,165.34,18.67,3,179.57,21 / 22,2408010,2019-09-06 20:00:13:753,0.4942,0.6214,8.6897,-0.0061,0.0189,9.8066,-0.0589,-0.0116,0.0193,-6.75,-33,29.38,345.79,-84.29,-179.03
52.402367,-1.55863,165.34,18.67,3,179.57,21 / 22,2408109,2019-09-06 20:00:13:852,0.5493,1.0001,9.5414,-0.0041,0.0012,9.8066,0.0517,-0.0062,-0.0108,-6.37,-33.12,29.31,348.75,-84.35,-178.28
52.402367,-1.55863,165.34,18.67,3,179.57,21 / 22,2408209,2019-09-06 20:00:13:952,0.0258,0.3029,10.5952,0.0138,-0.0225,9.8065,0.1104,0.0202,0.016,-7.19,-33.12,29.81,346.93,-84.27,-178.49
52.402367,-1.55863,165.34,18.67,3,179.57,21 / 22,2408310,2019-09-06 20:00:14:053,0.6167,0.0656,9.5035,0.0098,-0.0273,9.8066,-0.2207,0.0161,0.0233,-6.75,-33.31,29.56,345.67,-83.89,-179.5
52.402367,-1.55863,165.34,18.67,3,179.57,20 / 22,2408409,2019-09-06 20:00:14:152,-0.7216,1.5118,10.2785,-0.0246,0.0524,9.8065,-0.031,-0.0347,0.0292,-7.37,-33.06,29.88,346.72,-84.08,-178.63
52.402367,-1.55863,165.34,18.67,3,179.57,20 / 22,2408510,2019-09-06 20:00:14:253,0.3358,2.433,9.5538,-0.0119,0.0459,9.8065,0.1532,-0.018,-0.0527,-6.62,-32.87,29.63,346.78,-84.07,-178.57
52.402367,-1.55863,165.34,18.67,3,179.57,20 / 22,2408610,2019-09-06 20:00:14:353,0.2141,-1.1627,8.5586,0.0022,-0.0085,9.8066,-0.0242,0.0384,0.0262,-6.81,-33.44,29.44,344.34,-84.06,179.76
52.402367,-1.55863,165.34,18.67,3,179.57,20 / 22,2408710,2019-09-06 20:00:14:453,0.1157,1.2866,9.1132,-0.0006,-0.0284,9.8066,0.0616,0.0327,-0.0827,-6.75,-33.19,29.94,345.69,-84.08,-179.54
52.402367,-1.55863,165.34,18.67,3,179.57,20 / 22,2408810,2019-09-06 20:00:14:553,-0.16,0.3055,10.2014,0.0013,0.0416,9.8065,0.1031,0.0174,-0.0317,-6.31,-33.19,29.75,346.65,-84.37,179.42
52.402367,-1.55863,165.34,18.67,3,179.57,20 / 22,2408910,2019-09-06 20:00:14:653,1.0329,-0.4527,10.4131,0.0059,0.0299,9.8065,0.0059,-0.0136,0.0182,-6.56,-32.44,29.88,342.45,-84.29,177.46
52.402367,-1.55863,165.34,18.67,3,179.57,20 / 22,2409010,2019-09-06 20:00:14:753,1.1292,-0.1721,10.2904,-0.0029,-0.0067,9.8066,-0.0438,0.0334,-0.0176,-6.44,-33.06,30,344.72,-83.86,177.86
52.402367,-1.55863,165.34,18.67,3,179.57,20 / 22,2409109,2019-09-06 20:00:14:852,0.0308,0.4761,9.798,-0.0086,-0.0011,9.8066,-0.0727,0.0284,0.0193,-6.44,-32.87,30,345.31,-83.91,178.36
52.402367,-1.55863,165.34,18.67,3,179.57,20 / 22,2409210,2019-09-06 20:00:14:953,0.4712,0.8329,9.9019,-0.0059,0.0254,9.8066,0.0743,0.01,-0.0336,-7.25,-32.94,29.75,344.27,-84.01,179.22
52.402367,-1.55863,165.34,18.67,3,179.57,20 / 22,2409309,2019-09-06 20:00:15:052,0.9328,-0.3462,9.1961,0.0033,0.0255,9.8066,-0.1533,0.0237,0.0118,-6.94,-32.75,29.63,343.71,-84.28,178.63
52.400826,-1.558373,164.16,18.86,3,168.53,21 / 22,2409410,2019-09-06 20:00:15:153,-0.6168,1.3032,10.0373,0.0153,-0.0587,9.8064,-0.1955,0.0121,-0.0391,-6.69,-33.31,29.69,343.14,-84.06,178.2
52.400826,-1.558373,164.16,18.86,3,168.53,21 / 22,2409509,2019-09-06 20:00:15:252,0.2333,-0.2872,9.7791,0.0213,-0.0414,9.8065,0.1112,0.0133,0.0467,-6.81,-32.75,29.31,341.64,-84.13,177.34
52.400826,-1.558373,164.16,18.86,3,168.53,21 / 22,2409609,2019-09-06 20:00:15:352,-0.4395,-0.5224,10.4804,-0.0077,-0.0124,9.8065,0.0417,0.0047,-0.0253,-6.69,-33.06,29.25,342.24,-84.08,177.9
52.400826,-1.558373,164.16,18.86,3,168.53,21 / 22,2409710,2019-09-06 20:00:15:453,-1.117,-0.0291,10.938,0.0095,-0.0025,9.8066,0.0262,-0.0171,0.0324,-7.06,-33.06,30.13,342.63,-84.03,177.76
52.400826,-1.558373,164.16,18.86,3,168.53,21 / 22,2409810,2019-09-06 20:00:15:553,0.3944,-0.7639,9.3752,0.0018,-0.0211,9.8066,-0.1051,0.0572,-0.0134,-6.94,-33.12,29.63,342.8,-83.84,177.98
52.400826,-1.558373,164.16,18.86,3,168.53,21 / 22,2409909,2019-09-06 20:00:15:652,-0.4721,0.6031,9.2435,0.0066,-0.02,9.8066,0.1644,0.0656,-0.083,-7.06,-32.56,29.06,341.73,-83.92,177.5
52.400826,-1.558373,164.16,18.86,3,168.53,21 / 22,2410010,2019-09-06 20:00:15:753,-0.0303,-0.4346,9.7531,0.0016,0.0357,9.8066,0.2033,0.0202,-0.0308,-6.44,-33.06,29.63,341.11,-84.36,174.48
52.400826,-1.558373,164.16,18.86,3,168.53,21 / 22,2410110,2019-09-06 20:00:15:853,-0.0529,-0.2831,10.7357,0.0085,-0.0508,9.8064,-0.1079,-0.0464,-0.008,-7.31,-32.75,29.31,337.27,-84.62,173.23
52.400826,-1.558373,164.16,18.86,3,168.53,21 / 22,2410209,2019-09-06 20:00:15:952,-0.3948,0.4772,9.9283,0.0157,-0.0193,9.8066,-0.0004,-0.0235,0.0299,-6.44,-34.25,29.94,340.9,-84.51,174.28
52.400826,-1.558373,164.16,18.86,3,168.53,21 / 22,2410315,2019-09-06 20:00:16:058,-0.5172,0.426,10.7688,0.0039,-0.0574,9.8064,-0.0311,-0.0064,0.0503,-7.31,-33.56,29.88,339.56,-84.01,175.1
52.400826,-1.558373,164.16,18.86,3,168.53,21 / 22,2410410,2019-09-06 20:00:16:153,-0.0324,-0.5417,9.6539,-0.0086,-0.0072,9.8066,-0.0739,0.0378,-0.0075,-6.69,-33.31,30.63,341.3,-83.88,176.15
52.400826,-1.558373,164.16,18.86,3,168.53,21 / 22,2410509,2019-09-06 20:00:16:252,-0.4687,-2.4637,9.133,-0.0054,0.0121,9.8066,-0.3151,-0.0272,-0.0036,-6.87,-33.19,30.25,341.42,-84.02,176.69
52.400826,-1.558373,164.16,18.86,3,168.53,21 / 22,2410610,2019-09-06 20:00:16:353,-0.7249,0.6514,10.3935,0.0215,-0.0602,9.8064,-0.3148,-0.0172,-0.0829,-6.62,-33.12,29.38,340.35,-84.17,176.18
52.400826,-1.558373,164.16,18.86,3,168.53,21 / 22,2410710,2019-09-06 20:00:16:453,0.6257,-0.677,9.6644,0.0306,-0.0486,9.8064,0.1212,-0.0059,0.0848,-6.94,-33.56,29.38,338.82,-84.19,174.88
52.400826,-1.558373,164.16,18.86,3,168.53,21 / 22,2410810,2019-09-06 20:00:16:553,0.2899,-0.5106,10.0504,-0.0142,0.0326,9.8066,0.1913,0.0093,0.0632,-6.5,-32.62,29.69,341.85,-84.26,175.17
52.400826,-1.558373,164.16,18.86,3,168.53,21 / 22,2410909,2019-09-06 20:00:16:652,0.1037,-1.3603,9.8979,-0.0198,0.0252,9.8065,-0.1089,0.046,-0.0179,-6.5,-33.06,29.38,342.82,-84.09,176.54
52.400826,-1.558373,164.16,18.86,3,168.53,21 / 22,2411010,2019-09-06 20:00:16:753,-0.7576,-0.0751,9.5092,-0.0034,-0.023,9.8065,-0.0285,-0.0286,0.0477,-6.56,-33.06,30.13,341.36,-84.26,176.55
52.400826,-1.558373,164.16,18.86,3,168.53,21 / 22,2411110,2019-09-06 20:00:16:853,-0.1966,-0.1775,9.2773,-0.0066,-0.0063,9.8066,-0.0553,-0.0406,-0.0184,-7,-34.06,29.63,343.09,-84.36,178.11
52.400826,-1.558373,164.16,18.86,3,168.53,21 / 22,2411209,2019-09-06 20:00:16:952,-0.1793,0.0624,9.2684,-0.0072,0.0149,9.8066,-0.0958,0.0263,0.0111,-7.31,-33.87,29.5,341.74,-84.49,176.85
52.400826,-1.558373,164.16,18.86,3,168.53,21 / 22,2411309,2019-09-06 20:00:17:052,-0.5947,0.7557,10.1611,0.007,0.0132,9.8066,0.1302,0.0616,-0.0375,-7.12,-33.62,30,340.81,-84.42,176.05
52.400826,-1.558373,164.16,18.86,3,168.53,21 / 22,2411410,2019-09-06 20:00:17:153,0.7768,-0.0171,9.3748,0.014,-0.0194,9.8066,-0.1321,0.0422,-0.0375,-6.44,-33.31,29.69,342.46,-84.36,175.68
52.400826,-1.558373,164.16,18.86,3,168.53,21 / 22,2411509,2019-09-06 20:00:17:252,-1.2685,0.9745,10.8032,0.009,-0.0323,9.8065,0.06,0.0869,-0.0152,-6.81,-32.94,29.31,338.6,-84.26,174.59
52.400826,-1.558373,164.16,18.86,3,168.53,21 / 22,2411610,2019-09-06 20:00:17:353,0.1246,-0.3265,11.9,0.0015,-0.0306,9.8065,0.1697,0.0225,-0.0261,-6.81,-33.06,29.75,339.26,-84.24,174.67
52.400826,-1.558373,164.16,18.86,3,168.53,21 / 22,2411709,2019-09-06 20:00:17:452,-0.2942,-1.6559,10.0635,0.0034,-0.0029,9.8066,-0.1381,-0.0361,0.0609,-6.75,-33.31,29.81,339.26,-84.04,174.76
52.400826,-1.558373,164.16,18.86,3,168.53,21 / 22,2411809,2019-09-06 20:00:17:552,-0.0572,-1.3496,9.1048,-0.0197,-0.0207,9.8066,-0.1405,0.0234,0.0274,-6.87,-33.12,30.25,341.8,-83.83,177.09
52.400826,-1.558373,164.16,18.86,3,168.53,21 / 22,2411910,2019-09-06 20:00:17:653,0.4686,0.903,9.2376,0.0018,0.0279,9.8066,0.1566,-0.0452,-0.0707,-7.25,-33.69,29.94,341.62,-84.19,176.86
52.400826,-1.558373,164.16,18.86,3,168.53,21 / 22,2412010,2019-09-06 20:00:17:753,0.598,0.0363,9.0761,0.0238,0.0292,9.8065,0.1611,-0.0166,-0.0514,-7.37,-33.5,29.5,339.94,-84.47,175.19
52.400826,-1.558373,164.16,18.86,3,168.53,21 / 22,2412109,2019-09-06 20:00:17:852,0.1591,0.224,10.4607,0.0033,0.0031,9.8066,-0.0244,0.0829,-0.0444,-7.19,-33.31,29.88,335.56,-84.54,171.21
52.400826,-1.558373,164.16,18.86,3,168.53,21 / 22,2412209,2019-09-06 20:00:17:952,0.2446,-0.3838,10.5997,0.0101,-0.0293,9.8065,0.0647,-0.0019,0.0414,-7.37,-32.94,29.88,334.1,-84.17,170.08
52.400826,-1.558373,164.16,18.86,3,168.53,21 / 22,2412311,2019-09-06 20:00:18:054,0.5145,-0.0003,9.6454,-0.0265,0.019,9.8066,-0.0137,0.0067,0.0036,-6.94,-32.44,29.75,334.23,-84.08,170.15
52.400826,-1.558373,164.16,18.86,3,168.53,21 / 22,2412410,2019-09-06 20:00:18:153,0.7551,2.0084,10.6647,0.003,0.0336,9.8066,-0.0045,0.0376,-0.0868,-6.69,-33.31,29.38,334.75,-84.33,171.1
52.400826,-1.558373,164.16,18.86,3,168.53,21 / 22,2412510,2019-09-06 20:00:18:253,0.8098,0.0409,9.9593,0.0332,-0.0148,9.8065,-0.0579,0.0288,-0.0028,-6.87,-33.31,29.25,332.46,-84.31,169.06
52.400826,-1.558373,164.16,18.86,3,168.53,21 / 22,2412609,2019-09-06 20:00:18:352,0.8096,1.4661,9.2647,0.0081,-0.0221,9.8066,-0.1257,0.0852,-0.0558,-7.12,-33.87,29.19,329.39,-84.25,166.42
52.400826,-1.558373,164.16,18.86,3,168.53,21 / 22,2412709,2019-09-06 20:00:18:452,0.1053,0.7336,9.696,0.0135,-0.0209,9.8066,0.0668,0.0283,-0.0412,-7.56,-33.06,29.25,326.84,-84.14,165.92
52.400826,-1.558373,164.16,18.86,3,168.53,21 / 22,2412809,2019-09-06 20:00:18:552,1.1325,-0.1945,9.5448,0.0044,0.0178,9.8066,-0.0021,-0.0071,0.0191,-7.19,-33.19,29.63,327.03,-84.16,163.7
52.400826,-1.558373,164.16,18.86,3,168.53,21 / 22,2412910,2019-09-06 20:00:18:653,0.687,-0.267,10.5564,0.0088,0.0066,9.8065,0.0462,0.0114,-0.0103,-7,-33.87,28.94,325.69,-84.08,163.21
52.400826,-1.558373,164.16,18.86,3,168.53,21 / 22,2413009,2019-09-06 20:00:18:752,0.7641,-0.113,9.9681,0.0143,-0.0195,9.8065,-0.0228,0.0386,-0.0374,-6.19,-33.37,29.31,326.91,-83.93,162.44
52.400826,-1.558373,164.16,18.86,3,168.53,21 / 22,2413110,2019-09-06 20:00:18:853,0.3272,0.3166,9.9664,0.0112,-0.0044,9.8066,0.067,0.0399,0.0262,-6.06,-33.62,28.81,325.55,-83.96,161.31
52.400826,-1.558373,164.16,18.86,3,168.53,21 / 22,2413209,2019-09-06 20:00:18:952,0.7451,-0.4784,9.9177,-0.0143,0.0099,9.8066,0.1,0.0258,-0.0007,-6.37,-33.37,28.69,326.11,-84.04,161.65
52.400826,-1.558373,164.16,18.86,3,168.53,21 / 22,2413311,2019-09-06 20:00:19:054,0.1996,-0.3423,9.7404,-0.0148,0.017,9.8066,-0.0347,0.0631,0.009,-6.37,-33.5,29.13,327.59,-84.22,162.87
52.400826,-1.558373,164.16,18.86,3,168.53,21 / 22,2413410,2019-09-06 20:00:19:153,0.6015,-0.5239,9.8215,0.0015,-0.0213,9.8065,-0.1297,0.0455,-0.0143,-5.75,-33.62,29.5,329.81,-84.15,164.53
52.400826,-1.558373,164.16,18.86,3,168.53,21 / 22,2413509,2019-09-06 20:00:19:252,1.2142,0.4302,9.5188,0.0121,-0.0383,9.8065,0.0697,0.0863,-0.0454,-6.56,-33.69,29.63,327.53,-84.12,164.28
52.400826,-1.558373,164.16,18.86,3,168.53,21 / 22,2413610,2019-09-06 20:00:19:353,0.1081,-0.4736,10.3128,-0.0025,0.005,9.8066,0.087,0.0231,0.0111,-6.69,-32.75,29.63,326.77,-84.28,163.39
52.400826,-1.558373,164.16,18.86,3,168.53,21 / 22,2413710,2019-09-06 20:00:19:453,0.4182,0.454,10.6474,-0.0088,0.0074,9.8066,-0.0705,0.0334,-0.0352,-7.12,-33.44,29.81,327.07,-84.28,163.67
52.400826,-1.558373,164.16,18.86,3,168.53,21 / 22,2413810,2019-09-06 20:00:19:553,0.8571,0.0696,9.9217,0.0126,-0.0281,9.8065,-0.0069,0.0381,-0.0075,-7.06,-32.81,29.63,326.84,-84.06,163.59
52.400826,-1.558373,164.16,18.86,3,168.53,21 / 22,2413910,2019-09-06 20:00:19:653,1.3502,0.6516,9.7648,0.0059,-0.027,9.8066,0.0525,0.0175,0.0813,-7.37,-33.19,29.56,327.17,-83.98,163.95
52.400826,-1.558373,164.16,18.86,3,168.53,21 / 22,2414010,2019-09-06 20:00:19:753,1.0683,0.156,9.6489,-0.0195,0.0041,9.8066,-0.0346,0.0452,0.0165,-8.56,-33.12,28.81,324.74,-84.01,165.89
52.400826,-1.558373,164.16,18.86,3,168.53,21 / 22,2414109,2019-09-06 20:00:19:852,0.3908,0.2255,9.3409,0.0017,-0.0202,9.8066,0.121,0.0218,0.0264,-8.25,-32.5,29.44,328.26,-83.95,167.21
52.400826,-1.558373,164.16,18.86,3,168.53,21 / 22,2414209,2019-09-06 20:00:19:952,0.3708,0.6105,10.0055,0.0033,-0.0064,9.8066,-0.0091,0.0263,-0.0195,-8.62,-32.44,28.81,326.75,-84,167.61
52.400826,-1.558373,164.16,18.86,3,168.53,21 / 22,2414310,2019-09-06 20:00:20:053,1.5306,-0.5163,9.5446,0.01,-0.018,9.8066,-0.0081,0.0779,-0.078,-8.69,-32.81,29,326.23,-83.91,167.3
52.400826,-1.558373,164.16,18.86,3,168.53,21 / 22,2414409,2019-09-06 20:00:20:152,-0.4286,-0.9522,9.9269,-0.0048,0.0018,9.8066,0.042,0.0263,-0.023,-8.81,-33.06,30.13,325.55,-84.02,165.96
52.400826,-1.558373,164.16,18.86,3,168.53,21 / 22,2414510,2019-09-06 20:00:20:253,-0.6552,-0.1021,9.9546,-0.0019,0.0139,9.8066,0.002,-0.0081,-0.0032,-8.25,-32.56,30.25,326.72,-84.13,165.21
52.400826,-1.558373,164.16,18.86,3,168.53,21 / 22,2414609,2019-09-06 20:00:20:352,1.4252,0.0749,9.798,-0.0094,-0.006,9.8066,0.0047,0.0601,-0.0612,-8.75,-32.44,29.44,324.17,-84.15,165.16
52.400826,-1.558373,164.16,18.86,3,168.53,21 / 22,2414709,2019-09-06 20:00:20:452,-0.3446,0.2884,10.2619,0.0061,-0.0173,9.8065,0.1454,0.0712,-0.008,-8.81,-33.12,29.88,325.12,-84.07,165.54
52.400826,-1.558373,164.16,18.86,3,168.53,21 / 22,2414810,2019-09-06 20:00:20:553,0.299,0.0434,10.4176,-0.0148,0.0144,9.8065,0.0723,0.0348,-0.0105,-8.75,-32.81,29.38,325.31,-83.85,166.51
52.400826,-1.558373,164.16,18.86,3,168.53,21 / 22,2414909,2019-09-06 20:00:20:652,0.4507,-0.0121,9.4506,-0.0182,0.0429,9.8065,-0.0534,-0.02,0.006,-8.5,-32.87,29.69,328.85,-83.98,167.23
52.400826,-1.558373,164.16,18.86,3,168.53,21 / 22,2415010,2019-09-06 20:00:20:753,0.674,-1.1348,8.8953,0.012,0.0051,9.8066,-0.1024,0.0636,-0.0224,-8.44,-33.12,29,327.61,-84.01,166.69
52.400826,-1.558373,164.16,18.86,3,168.53,21 / 22,2415109,2019-09-06 20:00:20:852,0.2392,1.3402,9.1176,0.0234,-0.0471,9.8064,0.0696,0.008,0.0077,-7.81,-33.44,28.88,326.67,-83.99,165.87
52.400826,-1.558373,164.16,18.86,3,168.53,21 / 22,2415209,2019-09-06 20:00:20:952,0.6273,-0.1007,10.0738,-0.0076,0.0192,9.8066,0.0704,0.0338,-0.0292,-7.25,-33.25,28.75,328.41,-84.02,165.59
52.400826,-1.558373,164.16,18.86,3,168.53,21 / 22,2415310,2019-09-06 20:00:21:053,0.7039,-0.2141,10.0907,-0.0027,0.0078,9.8066,0.0534,-0.0019,0.0249,-6.87,-32.87,29.25,328.58,-83.95,165.78
52.400826,-1.558373,164.16,18.86,3,168.53,21 / 22,2415410,2019-09-06 20:00:21:153,-0.6543,0.1414,10.4666,-0.0009,-0.0184,9.8066,-0.0907,-0.0262,0.0117,-7.37,-32.81,30.63,331.08,-83.69,167.12
52.400826,-1.558373,164.16,18.86,3,168.53,21 / 22,2415510,2019-09-06 20:00:21:253,-0.1148,-0.3024,9.8979,0.0127,0.0015,9.8065,0.0564,0.0485,-0.0106,-7.75,-33.06,29.75,327.94,-83.73,166.57
52.400826,-1.558373,164.16,18.86,3,168.53,21 / 22,2415609,2019-09-06 20:00:21:352,0.5187,0.6044,9.5526,-0.007,0.014,9.8065,0.0682,-0.0435,0.0149,-8.06,-32.75,29.88,326.86,-83.89,165.5
52.400826,-1.558373,164.16,18.86,3,168.53,21 / 22,2415709,2019-09-06 20:00:21:452,0.3689,-0.8168,10.1967,-0.0092,0.0324,9.8066,-0.0702,0.0433,-0.003,-8.12,-32.56,29.63,327.15,-84.11,165.62
52.400826,-1.558373,164.16,18.86,3,168.53,21 / 22,2415810,2019-09-06 20:00:21:553,-0.3743,-0.1444,10.07,0.0082,-0.0247,9.8066,-0.0193,-0.0525,0.0588,-8.87,-32.37,30.19,326.83,-83.86,167.12
52.400826,-1.558373,164.16,18.86,3,168.53,21 / 22,2415910,2019-09-06 20:00:21:653,0.1014,-0.6818,10.0493,0.007,-0.0357,9.8065,0.0719,0.0186,0.0354,-8.56,-32.44,30,328.15,-83.72,168.39
52.400826,-1.558373,164.16,18.86,3,168.53,21 / 22,2416009,2019-09-06 20:00:21:752,0.3862,-0.1656,9.4822,-0.0239,0.0332,9.8065,0.0596,0.0263,0.0124,-8.25,-32,29.5,331.03,-83.96,169.11
52.400826,-1.558373,164.16,18.86,3,168.53,21 / 22,2416110,2019-09-06 20:00:21:853,-0.0339,-0.3609,9.5502,0.0015,-0.0188,9.8066,-0.1612,0.0178,0.0478,-8.44,-32.37,29.5,332.15,-84.14,170.03
52.400826,-1.558373,164.16,18.86,3,168.53,21 / 22,2416209,2019-09-06 20:00:21:952,-0.5814,0.5912,9.7955,0.0076,-0.0212,9.8066,-0.0768,0.0381,-0.0282,-8.56,-32.44,29.06,330.08,-84.28,170.45
52.400826,-1.558373,164.16,18.86,3,168.53,21 / 22,2416310,2019-09-06 20:00:22:053,0.4538,0.386,9.3786,0.0202,-0.0308,9.8066,0.159,-0.0359,-0.0092,-8.75,-32.44,29.5,330.21,-84.07,170.05
52.400826,-1.558373,164.16,18.86,3,168.53,21 / 22,2416410,2019-09-06 20:00:22:153,-0.4607,-0.1707,10.4325,0.0022,0.014,9.8066,0.0747,-0.0239,0.0029,-8.25,-33.06,30.25,331.2,-83.99,169.34
52.400826,-1.558373,164.16,18.86,3,168.53,21 / 22,2416509,2019-09-06 20:00:22:252,-0.0861,-0.2636,9.8005,-0.0047,0.0321,9.8066,-0.0125,0.0105,0.0179,-8.19,-32.5,29.63,330.6,-84.01,168.7
52.400826,-1.558373,164.16,18.86,3,168.53,21 / 22,2416609,2019-09-06 20:00:22:352,-0.8329,0.7079,10.0008,0.0037,0.0056,9.8066,0.0392,-0.0077,0.0251,-8.31,-32.75,29.25,329.47,-84.01,168.37
52.400826,-1.558373,164.16,18.86,3,168.53,21 / 22,2416710,2019-09-06 20:00:22:453,-0.6969,0.1265,10.3835,0.0048,-0.003,9.8066,0.0127,0.0253,-0.0313,-8.25,-32.37,29.19,328.81,-84.04,167.65
52.400826,-1.558373,164.16,18.86,3,168.53,21 / 22,2416810,2019-09-06 20:00:22:553,-0.7112,-0.4839,10.2492,0.0082,0.0016,9.8066,0.0691,-0.06,-0.0136,-8.37,-32.87,28.69,327.59,-83.94,166.72
52.400826,-1.558373,164.16,18.86,3,168.53,21 / 22,2416910,2019-09-06 20:00:22:653,-0.0866,-0.5765,9.8737,0.006,-0.0053,9.8066,-0.0373,0.0296,-0.0355,-7.5,-32.75,28.94,328.66,-83.91,165.88
52.400826,-1.558373,164.16,18.86,3,168.53,21 / 22,2417009,2019-09-06 20:00:22:752,0.2495,0.0001,9.3644,0.0029,-0.0007,9.8066,-0.0114,0.0091,0.0126,-7.31,-32.69,29.25,327.85,-83.94,165.13
52.400826,-1.558373,164.16,18.86,3,168.53,21 / 22,2417109,2019-09-06 20:00:22:852,0.0004,0.4347,9.804,-0.004,-0.0096,9.8066,0.0056,-0.003,0.0075,-7.37,-32.81,29.38,328.14,-83.97,165.37
52.400826,-1.558373,164.16,18.86,3,168.53,21 / 22,2417210,2019-09-06 20:00:22:953,-0.2835,0.7267,10.4305,-0.009,0.0096,9.8066,0.1678,0.0151,-0.0273,-7.44,-32.69,29.44,327.85,-84.05,165.07
52.400826,-1.558373,164.16,18.86,3,168.53,21 / 22,2417309,2019-09-06 20:00:23:052,-0.2666,0.52,10.1699,0.0001,0.0155,9.8066,-0.0678,-0.0645,0.0577,-7.56,-32.69,29.5,326.85,-84.06,165.37
52.400826,-1.558373,164.16,18.86,3,168.53,21 / 22,2417409,2019-09-06 20:00:23:152,-0.0758,1.2759,10.0769,-0.0048,-0.0007,9.8066,-0.1021,0.0116,0.0062,-8,-32.44,29.44,326.87,-83.96,165.95
52.400826,-1.558373,164.16,18.86,3,168.53,21 / 22,2417509,2019-09-06 20:00:23:252,-0.2053,1.319,9.7499,-0.0029,-0.0002,9.8066,0.3315,0.0083,-0.0274,-8.25,-32.69,29.06,327.35,-83.94,166.5
52.400826,-1.558373,164.16,18.86,3,168.53,21 / 22,2417610,2019-09-06 20:00:23:353,-0.2685,-2.2358,10.1944,-0.0039,0.0164,9.8066,0.156,-0.1041,0.0532,-8.94,-32.12,28.69,326.57,-83.78,167.58
52.400826,-1.558373,164.16,18.86,3,168.53,21 / 22,2417709,2019-09-06 20:00:23:452,0.7607,0.3677,9.4978,-0.0072,-0.0077,9.8066,-0.1129,-0.0107,0.1451,-8.31,-31.94,29.31,329.57,-83.74,168.52
52.400826,-1.558373,164.16,18.86,3,168.53,21 / 22,2417810,2019-09-06 20:00:23:553,-0.1604,0.3472,9.209,-0.0223,-0.0025,9.8066,-0.075,0.0358,-0.035,-8.56,-32.06,28.25,329.01,-84,170.33
52.400826,-1.558373,164.16,18.86,3,168.53,21 / 22,2417910,2019-09-06 20:00:23:653,0.2165,0.0187,10.348,0.0077,0.0114,9.8066,0.0592,-0.0085,-0.007,-8.94,-32.37,28.31,328.39,-84.06,169.73
52.400826,-1.558373,164.16,18.86,3,168.53,21 / 22,2418010,2019-09-06 20:00:23:753,-0.3394,0.1165,10.86,0.0151,-0.0243,9.8065,0.0543,0.018,0.0259,-8.81,-31.56,28.94,328.1,-83.87,168.9
52.400826,-1.558373,164.16,18.86,3,168.53,21 / 22,2418110,2019-09-06 20:00:23:853,-0.0651,-0.1011,9.8149,0.0022,-0.0214,9.8065,0.033,0.0005,-0.0017,-9.44,-31.87,28.88,328.69,-83.68,169.55
52.400826,-1.558373,164.16,18.86,3,168.53,21 / 22,2418210,2019-09-06 20:00:23:953,-0.6088,0.41,9.1911,-0.0112,0.0122,9.8065,-0.1285,0.0012,0.0016,-9.62,-32.25,29,328.22,-83.53,170.97
52.400826,-1.558373,164.16,18.86,3,168.53,21 / 22,2418310,2019-09-06 20:00:24:053,-0.872,-1.065,9.1872,0.0017,0.0509,9.8064,-0.4501,0.0769,-0.121,-9.25,-32,29.06,328.74,-83.95,169.43
52.399296,-1.55772,163.25,19.78,3,161.58,20 / 21,2418409,2019-09-06 20:00:24:152,0.0452,1.1318,10.8472,-0.0137,0.0766,9.8063,-0.022,0.0625,-0.0384,-9.56,-31.5,29.06,325.49,-84.17,167.99
52.399296,-1.55772,163.25,19.78,3,161.58,20 / 21,2418510,2019-09-06 20:00:24:253,0.7061,0.7955,10.6007,0.0205,-0.0351,9.8065,-0.1169,0.0012,0.0128,-9.62,-31.5,29.69,324.24,-83.38,166.65
52.399296,-1.55772,163.25,19.78,3,161.58,20 / 21,2418610,2019-09-06 20:00:24:353,-1.3709,0.009,10.78,0.0132,-0.0647,9.8064,0.1915,-0.0558,0.0283,-9.81,-31.44,30.13,325.85,-83.01,168.34
52.399296,-1.55772,163.25,19.78,3,161.58,20 / 21,2418710,2019-09-06 20:00:24:453,-0.4848,-0.2651,10.0739,-0.0188,0.0398,9.8065,0.0755,0.0397,0.0094,-9.25,-31.5,29.69,328.57,-83.15,168.99
52.399296,-1.55772,163.25,19.78,3,161.58,20 / 21,2418809,2019-09-06 20:00:24:552,-0.0662,0.4209,9.4695,-0.0049,0.0365,9.8065,-0.0142,-0.0205,-0.0132,-8.81,-32.31,29.94,327.44,-83.25,168.04
52.399296,-1.55772,163.25,19.78,3,161.58,20 / 21,2418910,2019-09-06 20:00:24:653,-0.9258,-0.1248,9.9077,0.0011,0.0087,9.8066,0.02,-0.0505,-0.0314,-8.75,-32.25,29.63,325.98,-83.33,166.67
52.399296,-1.55772,163.25,19.78,3,161.58,20 / 21,2419010,2019-09-06 20:00:24:753,0.2822,0.9784,10.5145,0.026,-0.0107,9.8065,0.0728,-0.0703,0.0221,-8.62,-31.87,30.44,325.08,-83.26,165.91
52.399296,-1.55772,163.25,19.78,3,161.58,20 / 21,2419110,2019-09-06 20:00:24:853,0.4818,-1.1202,9.9536,0.0144,-0.0226,9.8065,0.0618,0.0472,-0.0354,-8,-32.25,30.38,325.75,-82.83,165.05
52.399296,-1.55772,163.25,19.78,3,161.58,20 / 21,2419210,2019-09-06 20:00:24:953,-0.5893,0.4314,10.8692,-0.0048,-0.0257,9.8065,-0.0295,0.0281,-0.0317,-8.19,-31.87,30.63,327.04,-82.72,165.68
52.399296,-1.55772,163.25,19.78,3,161.58,20 / 21,2419310,2019-09-06 20:00:25:053,-0.5459,0.2755,10.0266,0.0055,-0.0243,9.8066,-0.0514,0.0021,0.0268,-9.31,-32.12,30,325.54,-82.71,166.68
52.399296,-1.55772,163.25,19.78,3,161.58,20 / 22,2419409,2019-09-06 20:00:25:152,-0.4878,0.4308,9.3537,-0.0071,0.0207,9.8066,0.0897,0.0261,-0.0391,-8.56,-32.06,30.19,325.84,-82.85,166.85
52.399296,-1.55772,163.25,19.78,3,161.58,20 / 22,2419509,2019-09-06 20:00:25:252,-0.7982,0.1259,8.9936,-0.0192,0.0223,9.8066,0.0097,-0.0409,-0.0157,-8.75,-31.75,30.25,326.46,-82.92,167.35
52.399296,-1.55772,163.25,19.78,3,161.58,20 / 22,2419610,2019-09-06 20:00:25:353,0.3122,0.5989,9.3244,0.0043,-0.0159,9.8066,-0.0531,-0.0237,0.0331,-8.56,-31.75,30.19,325.97,-82.97,166.89
52.399296,-1.55772,163.25,19.78,3,161.58,20 / 22,2419710,2019-09-06 20:00:25:453,0.1153,0.6842,9.5995,0.0153,-0.0099,9.8066,-0.0204,0.0195,-0.026,-8.75,-31.87,30.31,324.9,-83.02,165.9
52.399296,-1.55772,163.25,19.78,3,161.58,20 / 22,2419810,2019-09-06 20:00:25:553,-0.7373,1.2458,9.8033,-0.0053,0.0142,9.8066,0.0774,0.0018,-0.0014,-8.62,-31.75,29.63,324.48,-82.96,165.57
52.399296,-1.55772,163.25,19.78,3,161.58,20 / 22,2419910,2019-09-06 20:00:25:653,-0.5665,1.0422,10.5342,-0.004,-0.005,9.8066,0.0777,-0.0394,0.0312,-8.62,-31.56,29.88,324.99,-82.94,166.04
52.399296,-1.55772,163.25,19.78,3,161.58,20 / 22,2420009,2019-09-06 20:00:25:752,0.2726,-0.0881,10.4142,-0.0015,0.0046,9.8066,-0.0606,-0.0028,-0.0125,-8.19,-31.5,30,327.01,-82.75,166.09
52.399296,-1.55772,163.25,19.78,3,161.58,20 / 22,2420110,2019-09-06 20:00:25:853,-0.5384,0.4013,9.779,-0.0258,0.0246,9.8065,-0.1204,-0.0219,0.0501,-8.69,-32.06,30,326.58,-82.55,167.7
52.399296,-1.55772,163.25,19.78,3,161.58,20 / 22,2420209,2019-09-06 20:00:25:952,-0.542,0.3446,9.2803,-0.0225,0.0306,9.8065,0.0157,0.0045,0.004,-8.69,-31.5,30.31,328.18,-82.56,168.98
52.399296,-1.55772,163.25,19.78,3,161.58,20 / 22,2420310,2019-09-06 20:00:26:053,-0.2365,-0.033,9.3685,-0.011,0.017,9.8065,0.0453,-0.0211,0.0368,-9.31,-31.75,30.69,329.38,-82.79,169.41
52.399296,-1.55772,163.25,19.78,3,161.58,21 / 22,2420410,2019-09-06 20:00:26:153,-0.7025,-0.1243,10.0937,0.0057,-0.0126,9.8066,-0.1042,-0.0109,-0.0258,-8.94,-32.31,29.44,328.38,-82.8,169.8
52.399296,-1.55772,163.25,19.78,3,161.58,21 / 22,2420510,2019-09-06 20:00:26:253,-0.3237,-0.0482,9.9472,0.017,-0.0059,9.8066,-0.0001,-0.0046,-0.0396,-8.75,-32.25,30.19,328.03,-82.84,168.81
52.399296,-1.55772,163.25,19.78,3,161.58,21 / 22,2420610,2019-09-06 20:00:26:353,-0.5531,0.7036,9.9022,-0.0055,0.0047,9.8066,0.07,0.0198,0.014,-9.19,-32.19,30.5,328.71,-82.74,168.85
52.399296,-1.55772,163.25,19.78,3,161.58,21 / 22,2420709,2019-09-06 20:00:26:452,-0.8491,0.3128,10.0414,-0.0054,0.0155,9.8066,0.0641,-0.0246,0.0166,-9.19,-32.25,30.94,328.74,-82.68,168.9
52.399296,-1.55772,163.25,19.78,3,161.58,21 / 22,2420809,2019-09-06 20:00:26:552,-0.6638,0.0455,9.8929,-0.0062,-0.0029,9.8066,-0.0544,0.0211,-0.0007,-9.31,-32.5,30,328.22,-82.64,169.1
52.399296,-1.55772,163.25,19.78,3,161.58,21 / 22,2420909,2019-09-06 20:00:26:652,-0.4051,0.6902,10.1059,-0.0084,0.0083,9.8065,-0.0323,0.0093,0.0217,-8.94,-32.31,29.56,329.09,-82.79,169.77
52.399296,-1.55772,163.25,19.78,3,161.58,21 / 22,2421009,2019-09-06 20:00:26:752,-0.4955,0.9656,10.1712,0.0032,-0.0082,9.8066,0.1229,0.069,-0.0029,-8.44,-32.44,29.5,331.17,-82.67,169.94
52.399296,-1.55772,163.25,19.78,3,161.58,21 / 22,2421110,2019-09-06 20:00:26:853,-0.1391,0.8061,9.8195,-0.009,-0.013,9.8066,0.006,0.0287,0.059,-8.31,-32.44,29.81,331.93,-82.57,170.67
52.399296,-1.55772,163.25,19.78,3,161.58,21 / 22,2421210,2019-09-06 20:00:26:953,-0.8746,0.2931,10.5866,-0.0149,0.0127,9.8065,0.0283,0.0323,-0.0278,-9.37,-33.37,30.19,331.72,-82.61,172.31
52.399296,-1.55772,163.25,19.78,3,161.58,21 / 22,2421310,2019-09-06 20:00:27:053,-0.2236,0.3905,9.5984,-0.019,0.0256,9.8065,0.0001,-0.0235,0.0078,-9,-32,30.38,332.34,-82.68,172.71
52.399296,-1.55772,163.25,19.78,3,161.58,21 / 22,2421410,2019-09-06 20:00:27:153,-0.5161,0.7035,9.7066,0.0063,-0.0279,9.8065,-0.0331,0.0227,0.0075,-9.56,-32.37,30.94,331.75,-82.72,173.21
52.399296,-1.55772,163.25,19.78,3,161.58,21 / 22,2421509,2019-09-06 20:00:27:252,-0.8213,0.6261,10.3026,0.0063,-0.0257,9.8065,-0.0271,0.0483,-0.0233,-10,-32.75,30.69,332.37,-82.58,173.93
52.399296,-1.55772,163.25,19.78,3,161.58,21 / 22,2421610,2019-09-06 20:00:27:353,0.8633,-0.4336,9.541,0.0029,-0.0033,9.8066,0.014,0.0084,0.0161,-8.81,-32.44,31,333.78,-82.64,173.38
52.399296,-1.55772,163.25,19.78,3,161.58,21 / 22,2421709,2019-09-06 20:00:27:452,0.2014,0.2071,9.448,0.0027,-0.0048,9.8066,-0.0153,0.0426,-0.0327,-9.75,-32.44,30.75,331.42,-82.54,173.01
52.399296,-1.55772,163.25,19.78,3,161.58,21 / 22,2421810,2019-09-06 20:00:27:553,-0.6051,0.2148,10.0259,0.0017,0.0027,9.8066,0.0182,0.0127,-0.0192,-9.5,-32.44,30.44,332.43,-82.51,172.87
52.399296,-1.55772,163.25,19.78,3,161.58,21 / 22,2421909,2019-09-06 20:00:27:652,0.2709,-0.037,10.2062,0.0056,-0.0097,9.8066,0.0268,0.003,-0.0239,-10.06,-32.37,31,330.82,-82.42,172.54
52.399296,-1.55772,163.25,19.78,3,161.58,21 / 22,2422010,2019-09-06 20:00:27:753,-0.0456,-0.1397,10.2572,0.0011,0.0117,9.8066,-0.0184,-0.0231,0.0003,-9.81,-32.12,31.31,330.52,-82.34,172.32
52.399296,-1.55772,163.25,19.78,3,161.58,21 / 22,2422109,2019-09-06 20:00:27:852,0.2371,0.3427,9.4632,0.0072,0.0073,9.8066,-0.0497,0.0585,-0.0707,-9.62,-31.81,30.06,328.74,-82.25,171.48
52.399296,-1.55772,163.25,19.78,3,161.58,21 / 22,2422210,2019-09-06 20:00:27:953,0.3743,-0.1621,9.432,-0.0125,0.0462,9.8065,0.0674,0.0116,0.0335,-9.56,-31.62,30.75,329.02,-82.34,171.01
52.399296,-1.55772,163.25,19.78,3,161.58,21 / 22,2422310,2019-09-06 20:00:28:053,-0.0601,-0.1993,9.8976,0.0098,-0.0222,9.8066,-0.0221,0.0405,-0.0211,-9.62,-32,31.31,329.96,-82.29,171.86
52.399296,-1.55772,163.25,19.78,3,161.58,20 / 21,2422410,2019-09-06 20:00:28:153,-0.3662,0.5995,9.8329,0.0057,-0.0403,9.8065,-0.102,0.0115,-0.0085,-9.56,-32.12,30.56,330.62,-82.15,172.51
52.399296,-1.55772,163.25,19.78,3,161.58,20 / 21,2422509,2019-09-06 20:00:28:252,-0.4605,1.0006,9.7246,-0.0005,-0.0029,9.8066,0.1224,0.0109,-0.0035,-9.44,-32.06,31.13,332.36,-82.19,172.36
52.399296,-1.55772,163.25,19.78,3,161.58,20 / 21,2422610,2019-09-06 20:00:28:353,-0.0929,-0.1445,10.4535,-0.0188,0.0131,9.8065,0.1699,0.0345,-0.0093,-9.44,-32.25,30.88,333.25,-82.23,173.12
52.399296,-1.55772,163.25,19.78,3,161.58,20 / 21,2422709,2019-09-06 20:00:28:452,-0.0464,-0.7559,10.3416,0.0088,-0.0122,9.8066,-0.1525,0.0038,-0.0049,-9.81,-31.62,30.81,330.99,-82.09,172.87
52.399296,-1.55772,163.25,19.78,3,161.58,20 / 21,2422809,2019-09-06 20:00:28:552,0.5556,-0.5172,9.2828,0.0116,-0.0108,9.8066,-0.1807,0.0185,-0.0272,-9.44,-31.31,30.81,332.62,-82.06,172.54
52.399296,-1.55772,163.25,19.78,3,161.58,20 / 21,2422909,2019-09-06 20:00:28:652,-0.3158,1.0327,9.3804,0.0023,0.0049,9.8066,0.0789,0.006,-0.0196,-9.25,-31.56,30.44,331.93,-82.05,172.67
52.399296,-1.55772,163.25,19.78,3,161.58,20 / 21,2423010,2019-09-06 20:00:28:753,0.6419,-0.1764,9.2375,0.0162,-0.0427,9.8065,0.1004,0.0296,-0.0098,-9,-31.37,30.56,332.63,-81.86,172.65
52.399296,-1.55772,163.25,19.78,3,161.58,20 / 21,2423110,2019-09-06 20:00:28:853,0.6643,-0.7768,9.5716,-0.0229,-0.0002,9.8066,-0.1237,0.0006,0.0526,-8.69,-31.44,30.31,331.27,-81.94,172.05
52.399296,-1.55772,163.25,19.78,3,161.58,20 / 21,2423209,2019-09-06 20:00:28:952,-0.0085,0.5851,9.0064,-0.0097,-0.016,9.8066,-0.1161,0.0318,0.0412,-8.31,-30.94,30.94,336.35,-82.03,174.12
52.399296,-1.55772,163.25,19.78,3,161.58,20 / 21,2423309,2019-09-06 20:00:29:052,-0.336,0.3478,9.7061,-0.0039,-0.0115,9.8066,0.0173,0.0387,-0.0268,-8.44,-30.81,31.06,337.22,-82.12,174.83
52.399296,-1.55772,163.25,19.78,3,161.58,20 / 22,2423410,2019-09-06 20:00:29:153,-0.1492,0.1244,10.5705,-0.0109,-0.0096,9.8066,0.0623,-0.0032,-0.0108,-8.56,-31.12,32.25,336.84,-82.15,175.61
52.399296,-1.55772,163.25,19.78,3,161.58,20 / 22,2423509,2019-09-06 20:00:29:252,0.4871,-0.369,9.3096,0.0027,0.013,9.8066,0.0485,0.0185,0.0124,-9.44,-31.94,31.63,335.64,-81.93,174.76
52.399296,-1.55772,163.25,19.78,3,161.58,20 / 22,2423610,2019-09-06 20:00:29:353,0.2211,0.2103,9.4459,-0.0063,0.0106,9.8066,-0.0506,0.0209,0.0113,-9.94,-31.31,31.63,333.77,-81.89,174.67
52.399296,-1.55772,163.25,19.78,3,161.58,20 / 22,2423710,2019-09-06 20:00:29:453,-0.3864,0.2763,9.9662,0.0005,-0.0126,9.8065,-0.0899,0.0452,-0.0189,-10.5,-32.12,31.5,334.23,-82.19,175.02
52.399296,-1.55772,163.25,19.78,3,161.58,20 / 22,2423810,2019-09-06 20:00:29:553,0.5464,0.0584,9.7964,-0.0008,-0.0286,9.8065,-0.0534,0.0332,-0.0546,-10.25,-31.75,30.94,334.38,-82.2,175.78
52.399296,-1.55772,163.25,19.78,3,161.58,20 / 22,2423910,2019-09-06 20:00:29:653,-0.1409,-0.1755,9.3505,-0.0019,-0.0143,9.8066,-0.023,0.0232,0.0441,-9.75,-32.19,31.13,335.53,-82.19,176.78
52.399296,-1.55772,163.25,19.78,3,161.58,20 / 22,2424009,2019-09-06 20:00:29:752,-0.6594,0.2149,9.5291,0.0038,-0.0095,9.8066,-0.0697,0.0627,-0.0082,-10.31,-32,31.19,335.65,-82.12,176.92
52.399296,-1.55772,163.25,19.78,3,161.58,20 / 22,2424109,2019-09-06 20:00:29:852,-0.0895,0.7288,9.8774,0.0059,0.0041,9.8066,-0.0041,0.0234,-0.0244,-10.69,-31.56,31.31,333.19,-82.26,176.33
52.399296,-1.55772,163.25,19.78,3,161.58,20 / 22,2424210,2019-09-06 20:00:29:953,0.2742,0.8112,9.364,0.0047,-0.0044,9.8066,-0.1071,0.0216,-0.0242,-10.31,-32.25,31.44,334.53,-82.22,175.9
52.399296,-1.55772,163.25,19.78,3,161.58,20 / 22,2424310,2019-09-06 20:00:30:053,0.0687,-0.0523,9.9712,-0.0247,0.0038,9.8065,-0.0025,0.0113,0.066,-10.81,-31.81,31.25,333.62,-82.31,176.68
52.399296,-1.55772,163.25,19.78,3,161.58,21 / 22,2424409,2019-09-06 20:00:30:152,-0.4858,0.4425,10.5653,-0.0151,0.0073,9.8066,0.0437,0.0739,0.0171,-10.62,-31.69,31.13,335.74,-82.47,178.47
52.399296,-1.55772,163.25,19.78,3,161.58,21 / 22,2424510,2019-09-06 20:00:30:253,0.1154,0.2205,10.2667,-0.0155,-0.0168,9.8066,-0.0028,0.0486,0.0119,-10.31,-31.87,30.88,339.59,-82.28,-179.72
52.399296,-1.55772,163.25,19.78,3,161.58,21 / 22,2424610,2019-09-06 20:00:30:353,-0.0265,-0.1596,10.2552,-0.0192,0.0111,9.8066,-0.0785,0.0359,0.0519,-10.62,-32,31.13,338.94,-82.31,-178.66
52.399296,-1.55772,163.25,19.78,3,161.58,21 / 22,2424710,2019-09-06 20:00:30:453,-0.669,0.1131,9.5161,-0.0098,-0.0303,9.8066,-0.0603,-0.0077,0.0651,-11.25,-32.19,30.94,341.24,-82.32,-176.67
52.399296,-1.55772,163.25,19.78,3,161.58,21 / 22,2424809,2019-09-06 20:00:30:552,0.302,0.3161,9.5373,-0.0079,-0.0112,9.8066,0.0137,-0.0214,0.0019,-11.31,-31.62,31.94,343.41,-82.47,-175.45
52.399296,-1.55772,163.25,19.78,3,161.58,21 / 22,2424909,2019-09-06 20:00:30:652,-0.4873,-0.7017,9.4883,-0.0099,0.0031,9.8066,0.0313,0.0026,0.0209,-11.62,-31.87,31.63,342.91,-82.56,-174.36
52.399296,-1.55772,163.25,19.78,3,161.58,21 / 22,2425010,2019-09-06 20:00:30:753,-0.7912,0.1167,9.693,-0.0012,-0.0002,9.8066,0.0362,-0.0131,0.0428,-10.69,-31.94,31.13,344.58,-82.66,-173.86
52.399296,-1.55772,163.25,19.78,3,161.58,21 / 22,2425110,2019-09-06 20:00:30:853,-0.3349,0.2779,9.8204,-0.0219,0.0204,9.8065,0.0002,0.0181,-0.0054,-11.19,-32,31.31,346.53,-82.8,-172.21
52.399296,-1.55772,163.25,19.78,3,161.58,21 / 22,2425210,2019-09-06 20:00:30:953,-0.6667,0.8848,10.2029,-0.0086,0.0173,9.8066,0.074,-0.0477,0.0297,-11.06,-32.06,30.5,346.96,-82.91,-171.85
52.399296,-1.55772,163.25,19.78,3,161.58,21 / 22,2425310,2019-09-06 20:00:31:053,-0.4247,-0.5334,10.6302,0.0033,-0.0126,9.8066,0.0977,-0.0293,-0.0343,-11.25,-31.5,30.63,347.04,-82.75,-171.79
52.399296,-1.55772,163.25,19.78,3,161.58,21 / 22,2425409,2019-09-06 20:00:31:152,-0.2846,0.2587,9.4881,0.0046,0.0094,9.8066,-0.0792,-0.0234,0.0421,-11.5,-31.75,30.75,346.43,-82.72,-172.27
52.399296,-1.55772,163.25,19.78,3,161.58,21 / 22,2425509,2019-09-06 20:00:31:252,-0.4765,0.5321,8.9794,-0.0049,-0.0076,9.8066,-0.1688,0.0126,-0.0358,-11.37,-31.87,31.06,346.86,-82.79,-171.92
52.399296,-1.55772,163.25,19.78,3,161.58,21 / 22,2425610,2019-09-06 20:00:31:353,-1.2241,1.0977,9.2357,-0.0225,0.0382,9.8065,0.0914,-0.0617,-0.0047,-11.44,-31.37,30.44,345.86,-82.87,-172.21
52.399296,-1.55772,163.25,19.78,3,161.58,21 / 22,2425710,2019-09-06 20:00:31:453,-0.2727,0.1049,9.9851,-0.0075,0.0368,9.8065,0.0462,-0.0052,-0.0153,-11.69,-31.37,30.94,345.35,-83.23,-171.8
52.399296,-1.55772,163.25,19.78,3,161.58,21 / 22,2425810,2019-09-06 20:00:31:553,-0.5306,-0.9985,10.3555,0.0022,0.0315,9.8065,0.0321,0.0329,-0.0824,-11.5,-31.12,30.88,345.78,-83.21,-173.02
52.399296,-1.55772,163.25,19.78,3,161.58,21 / 22,2425910,2019-09-06 20:00:31:653,0.6275,-0.6824,9.7613,0.0335,-0.0181,9.8065,0.0826,0.0321,-0.0201,-11.75,-31.31,31.25,339.83,-83.02,-176.63
52.399296,-1.55772,163.25,19.78,3,161.58,21 / 22,2426010,2019-09-06 20:00:31:753,-0.3654,1.2581,9.2079,0.0068,0.0081,9.8066,-0.1476,0.0257,-0.0372,-11.44,-30.94,31.63,341.28,-83.17,-177.62
52.399296,-1.55772,163.25,19.78,3,161.58,21 / 22,2426109,2019-09-06 20:00:31:852,-0.1095,0.511,8.4411,-0.0007,-0.0011,9.8066,-0.2408,0.0136,0.0176,-11.19,-30.87,32.06,340.92,-83.25,-177.97
52.399296,-1.55772,163.25,19.78,3,161.58,21 / 22,2426209,2019-09-06 20:00:31:952,-0.2443,0.6065,8.9187,0.0108,-0.0383,9.8066,0.0981,-0.0384,0.0344,-11.31,-30.25,32.25,341.48,-83.35,-177.57
52.399296,-1.55772,163.25,19.78,3,161.58,21 / 22,2426310,2019-09-06 20:00:32:053,-0.5483,0.9572,9.0976,-0.0287,0.0693,9.8063,0.1644,-0.0125,-0.0043,-10.87,-28.75,33.5,344.11,-83.87,-176.52
52.399296,-1.55772,163.25,19.78,3,161.58,21 / 22,2426409,2019-09-06 20:00:32:152,0.2878,-0.5141,10.6578,-0.0276,0.0589,9.8064,-0.1227,0.0121,-0.0298,-10.69,-26.25,33.56,344.71,-83.86,-176.11
52.399296,-1.55772,163.25,19.78,3,161.58,21 / 22,2426510,2019-09-06 20:00:32:253,-0.0501,0.0508,9.8038,0.0223,-0.0395,9.8065,-0.0895,0.0201,-0.0652,-9.5,-21.75,29.94,345.55,-83.47,-176.51
52.399296,-1.55772,163.25,19.78,3,161.58,21 / 22,2426609,2019-09-06 20:00:32:352,-1.9968,-0.2528,11.3326,0.02,-0.0238,9.8065,-0.0236,0.0909,-0.0253,-9.37,-23.44,26.69,341.91,-83.49,-177.91
52.399296,-1.55772,163.25,19.78,3,161.58,21 / 22,2426710,2019-09-06 20:00:32:453,1.0331,0.5632,8.0599,-0.0112,0.0078,9.8066,-0.1173,0.0788,-0.0196,-9.87,-25.87,24.13,335.86,-83.69,-178.81
52.399296,-1.55772,163.25,19.78,3,161.58,21 / 22,2426810,2019-09-06 20:00:32:553,-1.7005,0.7175,7.5026,-0.0513,0.0827,9.8061,0.1246,0.0194,-0.0258,-10.12,-29.5,21.5,335.58,-84.13,-176.95
52.399296,-1.55772,163.25,19.78,3,161.58,21 / 22,2426909,2019-09-06 20:00:32:652,-0.0874,0.1099,9.4088,-0.0511,0.0829,9.8061,0.2015,0.0622,0.02,-10.37,-33.12,21.81,337.26,-85.12,-175.65
52.399296,-1.55772,163.25,19.78,3,161.58,21 / 22,2427010,2019-09-06 20:00:32:753,-0.3907,-1.0873,10.0313,0.0304,-0.0381,9.8065,-0.2177,0.0118,-0.0228,-10.25,-34.37,23.13,336.41,-85.04,-177.32
52.399296,-1.55772,163.25,19.78,3,161.58,21 / 22,2427109,2019-09-06 20:00:32:852,-0.2896,-0.5572,10.2593,0.0141,-0.0181,9.8065,-0.0682,-0.0348,-0.0062,-10.94,-35.06,23,333.65,-85.11,-177.73
52.399296,-1.55772,163.25,19.78,3,161.58,21 / 22,2427210,2019-09-06 20:00:32:953,-1.2869,-0.0431,9.8454,0.0112,-0.016,9.8066,0.0415,0.0088,0.0006,-11.25,-37.06,22.56,332.79,-84.85,-178.14
52.399296,-1.55772,163.25,19.78,3,161.58,21 / 22,2427309,2019-09-06 20:00:33:052,-0.5761,0.2548,9.4359,0.0149,-0.0221,9.8066,-0.0737,-0.0217,0.0289,-11.94,-39.56,23.06,330.64,-84.78,-177.75
52.39789,-1.55687,163.16,17.02,3,158.9,21 / 22,2427409,2019-09-06 20:00:33:152,-0.3504,0.0567,9.9164,-0.02,0.0172,9.8066,0.0731,0.0214,-0.036,-12,-41.56,23.94,333.23,-85.17,-176.71
52.39789,-1.55687,163.16,17.02,3,158.9,21 / 22,2427510,2019-09-06 20:00:33:253,0.3167,-0.3779,9.0146,-0.012,0.0446,9.8065,-0.0419,-0.051,0.0023,-11.31,-44,24.44,334.11,-85.34,-177.8
52.39789,-1.55687,163.16,17.02,3,158.9,21 / 22,2427609,2019-09-06 20:00:33:352,-0.3164,0.3212,8.5233,-0.0051,0.0237,9.8066,-0.0736,0.0327,-0.0028,-8.69,-48.37,28.06,340.93,-85.55,-178.83
52.39789,-1.55687,163.16,17.02,3,158.9,21 / 22,2427710,2019-09-06 20:00:33:453,-0.0069,0.52,8.3457,-0.0057,0.0243,9.8065,0.0874,-0.0585,-0.0009,-8.56,-47.94,34.31,344.55,-85.82,-179.07
52.39789,-1.55687,163.16,17.02,3,158.9,21 / 22,2427810,2019-09-06 20:00:33:553,0.1425,0.1692,9.1464,-0.0056,0.032,9.8066,0.0782,-0.0012,-0.0237,-9.94,-41.06,37.13,345.16,-86.02,-178.59
52.39789,-1.55687,163.16,17.02,3,158.9,21 / 22,2427910,2019-09-06 20:00:33:653,0.6768,-0.1783,9.7379,-0.0079,-0.0054,9.8066,-0.0839,-0.005,0.0715,-11.31,-35.37,34.13,342.4,-86.38,-178.57
52.39789,-1.55687,163.16,17.02,3,158.9,21 / 22,2428010,2019-09-06 20:00:33:753,-0.5055,0.9793,10.8558,-0.0046,-0.0311,9.8065,-0.0735,0.036,0.0029,-11.19,-34,33.56,346.27,-86.16,-174.9
52.39789,-1.55687,163.16,17.02,3,158.9,21 / 22,2428110,2019-09-06 20:00:33:853,1.0697,0.3165,10.0167,0.0095,-0.0618,9.8064,0.1204,0.0151,0.036,-10.69,-33.37,31.63,346.23,-85.81,-173.79
52.39789,-1.55687,163.16,17.02,3,158.9,21 / 22,2428209,2019-09-06 20:00:33:952,-1.0519,0.0958,10.4311,-0.0168,0.0221,9.8066,0.0363,0.004,0.0193,-10.81,-33.56,31,348.75,-85.75,-170.83
52.39789,-1.55687,163.16,17.02,3,158.9,21 / 22,2428310,2019-09-06 20:00:34:053,-0.6394,-1.4907,10.4609,-0.0131,0.0401,9.8066,0.1359,-0.0308,0.0111,-10.25,-33.37,30,349.58,-85.91,-171.19
52.39789,-1.55687,163.16,17.02,3,158.9,20 / 22,2428410,2019-09-06 20:00:34:153,0.0798,-0.6281,9.083,0.0241,-0.0158,9.8065,-0.0544,0.0031,-0.0172,-10.44,-34.12,29.75,348.3,-86,-172.37
52.39789,-1.55687,163.16,17.02,3,158.9,20 / 22,2428509,2019-09-06 20:00:34:252,-0.6945,-0.6395,8.656,0.0095,0.0068,9.8066,-0.0505,0.0146,-0.0758,-10.62,-34.31,28.69,342.05,-86.09,-175.81
52.39789,-1.55687,163.16,17.02,3,158.9,20 / 22,2428610,2019-09-06 20:00:34:353,0.2621,1.1966,8.2575,-0.007,0.0638,9.8064,-0.0005,0.0303,-0.0279,-10.81,-33.94,28.94,337.71,-86.57,179.94
52.39789,-1.55687,163.16,17.02,3,158.9,20 / 22,2428710,2019-09-06 20:00:34:453,0.3974,0.1635,10.2451,-0.0063,0.0498,9.8065,0.0616,-0.0267,0.0025,-10,-33.25,27.88,336.58,-86.71,177.72
52.39789,-1.55687,163.16,17.02,3,158.9,20 / 22,2428809,2019-09-06 20:00:34:552,0.4053,-1.4061,10.437,0.0076,-0.0243,9.8066,0.0936,0.0022,-0.0176,-10.75,-33.25,28.63,335.61,-86.52,177.95
52.39789,-1.55687,163.16,17.02,3,158.9,20 / 22,2428909,2019-09-06 20:00:34:652,0.7406,-1.4345,10.2889,0.0134,-0.026,9.8065,-0.0824,-0.0308,0.0288,-10.5,-33.31,28.5,337.05,-86.4,177.63
52.39789,-1.55687,163.16,17.02,3,158.9,20 / 22,2429010,2019-09-06 20:00:34:753,0.4416,0.7361,9.2742,-0.0078,0.0127,9.8065,-0.1304,0.0717,0.0023,-10.87,-34.31,27.88,335.41,-86.43,178.58
52.39789,-1.55687,163.16,17.02,3,158.9,20 / 22,2429110,2019-09-06 20:00:34:853,0.2601,1.2383,9.0498,-0.0079,0.0012,9.8066,0.1256,-0.0238,0.0031,-10.5,-33.62,28.44,337.77,-86.64,178.91
52.39789,-1.55687,163.16,17.02,3,158.9,20 / 22,2429210,2019-09-06 20:00:34:953,1.3143,-1.3226,9.3206,-0.0045,0.0195,9.8065,-0.0137,0.0048,0.0017,-11,-33.69,28.38,337.14,-87.03,179.92
52.39789,-1.55687,163.16,17.02,3,158.9,20 / 22,2429310,2019-09-06 20:00:35:053,0.2699,-0.9858,9.7773,-0.0239,0.0094,9.8066,-0.1079,0.0657,-0.0091,-11.25,-34.12,27.94,340.46,-87.19,-177.01
52.39789,-1.55687,163.16,17.02,3,158.9,20 / 21,2429410,2019-09-06 20:00:35:153,-0.2452,-0.2961,9.3559,0.0089,-0.0267,9.8066,-0.0944,0.0312,0.006,-10.56,-34.12,27.94,341.06,-87.21,-176.44
52.39789,-1.55687,163.16,17.02,3,158.9,20 / 21,2429510,2019-09-06 20:00:35:253,-0.1982,-0.2084,9.8218,-0.0065,0.0016,9.8066,0.0436,0.0316,0.0412,-11.06,-34,28.13,341.71,-87.11,-175.79
52.39789,-1.55687,163.16,17.02,3,158.9,20 / 21,2429609,2019-09-06 20:00:35:352,-0.3219,0.0866,10.4261,-0.0021,0.0171,9.8066,-0.0114,0.0106,-0.0648,-10.37,-34,27.5,344.33,-87.28,-175.16
52.39789,-1.55687,163.16,17.02,3,158.9,20 / 21,2429709,2019-09-06 20:00:35:452,-0.4681,-0.1287,9.4702,-0.0042,-0.0006,9.8066,-0.0255,0.003,-0.003,-10.25,-34.25,27.69,344.98,-87.3,-174.55
52.39789,-1.55687,163.16,17.02,3,158.9,20 / 21,2429810,2019-09-06 20:00:35:553,-0.8311,0.7359,9.7555,-0.003,0.0223,9.8066,0.0468,0.0155,-0.0241,-10.69,-33.81,27.44,342.09,-87.26,-174.74
52.39789,-1.55687,163.16,17.02,3,158.9,20 / 21,2429910,2019-09-06 20:00:35:653,-0.7734,0.1098,9.9715,-0.0051,0.0412,9.8065,0.1005,-0.0122,-0.0172,-10.44,-34.44,27.5,340.74,-87.55,-178.66
52.39789,-1.55687,163.16,17.02,3,158.9,20 / 21,2430010,2019-09-06 20:00:35:753,0.5827,-0.2963,10.0637,0.0253,-0.0376,9.8065,0.0026,0.0277,0.0217,-10.25,-34.12,27.63,337.03,-87.32,177.9
52.39789,-1.55687,163.16,17.02,3,158.9,20 / 21,2430110,2019-09-06 20:00:35:853,0.2057,-0.1927,10.1135,0.0124,-0.0151,9.8066,0.0336,0.0284,-0.0331,-10.44,-33.62,27.63,335.37,-87.28,176.34
52.39789,-1.55687,163.16,17.02,3,158.9,20 / 21,2430210,2019-09-06 20:00:35:953,-0.2747,0.2567,10.0092,0.0085,-0.0168,9.8066,0.0305,-0.029,0.0393,-10.5,-34.06,27.38,335.16,-87.12,176.94
52.39789,-1.55687,163.16,17.02,3,158.9,20 / 21,2430310,2019-09-06 20:00:36:053,0.9205,-0.4711,9.5723,0.0127,-0.0172,9.8066,0.0091,0.0508,-0.0118,-10.44,-34.31,27.63,336.05,-87.02,177.11
52.39789,-1.55687,163.16,17.02,3,158.9,21 / 22,2430410,2019-09-06 20:00:36:153,0.5215,-0.7348,9.56,-0.0179,-0.001,9.8065,0.0095,0.0053,0.027,-10.81,-34,27.75,336.76,-87.11,179.52
52.39789,-1.55687,163.16,17.02,3,158.9,21 / 22,2430509,2019-09-06 20:00:36:252,0.5441,-0.4488,9.7097,0.0048,-0.0087,9.8066,-0.0143,0.0157,0.0132,-10.06,-34.37,27.63,340.13,-87.23,-179.12
52.39789,-1.55687,163.16,17.02,3,158.9,21 / 22,2430609,2019-09-06 20:00:36:352,-0.2036,-0.0031,9.7318,0.0046,-0.0215,9.8065,0.0257,0.0123,-0.0084,-10.62,-33.75,27,338.79,-87.33,-177.89
52.39789,-1.55687,163.16,17.02,3,158.9,21 / 22,2430710,2019-09-06 20:00:36:453,1.3113,-0.7422,9.1836,-0.0049,0.022,9.8066,0.069,0.0497,0.0005,-10.62,-33.94,27,336.48,-87.32,179.91
52.39789,-1.55687,163.16,17.02,3,158.9,21 / 22,2430810,2019-09-06 20:00:36:553,-0.7025,0.5717,10.3902,0.0017,-0.0184,9.8065,-0.0315,0.0204,0.0033,-10.75,-33.94,27.06,337.26,-87.26,-179.32
52.39789,-1.55687,163.16,17.02,3,158.9,21 / 22,2430910,2019-09-06 20:00:36:653,-0.0244,0.9155,9.8349,0.0004,-0.005,9.8066,-0.0851,0.0493,-0.0307,-10.75,-33.94,27.06,337.07,-87.19,-179.46
52.39789,-1.55687,163.16,17.02,3,158.9,21 / 22,2431010,2019-09-06 20:00:36:753,-0.3719,-0.8092,9.6639,-0.0012,-0.003,9.8066,-0.0078,0.0479,-0.0112,-10.87,-33.56,26.94,336.76,-87.12,-179.72
52.39789,-1.55687,163.16,17.02,3,158.9,21 / 22,2431110,2019-09-06 20:00:36:853,-0.1894,-1.0693,9.6608,-0.0115,0.0029,9.8066,-0.014,-0.0012,-0.0062,-10.44,-34.25,26.94,341.96,-87.19,-176.67
52.39789,-1.55687,163.16,17.02,3,158.9,21 / 22,2431210,2019-09-06 20:00:36:953,0.0873,-0.5933,10.0619,-0.0123,0.0222,9.8066,0.0258,-0.03,0.0386,-10.87,-34.12,26.88,340.22,-87.41,-176.57
52.39789,-1.55687,163.16,17.02,3,158.9,21 / 22,2431310,2019-09-06 20:00:37:053,-0.8595,-1.1406,10.0163,0.0035,-0.0084,9.8066,0.0605,-0.0548,-0.0083,-10.44,-33.56,27.13,341.6,-87.53,-177.14
52.39789,-1.55687,163.16,17.02,3,158.9,19 / 21,2431410,2019-09-06 20:00:37:153,1.046,0.0885,9.6134,0.0197,-0.017,9.8066,0.0771,-0.0047,-0.0114,-10.87,-33.44,26.88,336.61,-87.36,179.99
52.39789,-1.55687,163.16,17.02,3,158.9,19 / 21,2431509,2019-09-06 20:00:37:252,-0.0675,-1.0056,10.3528,-0.0017,0.0112,9.8066,0.1452,-0.015,0.0235,-10.25,-33.62,27.38,335.44,-87.27,177.13
52.39789,-1.55687,163.16,17.02,3,158.9,19 / 21,2431610,2019-09-06 20:00:37:353,0.2483,-1.0239,9.9739,-0.0011,-0.0266,9.8065,-0.1344,0.0037,0.0334,-11,-33.31,27.75,335.98,-87.25,178.69
52.39789,-1.55687,163.16,17.02,3,158.9,19 / 21,2431709,2019-09-06 20:00:37:452,-0.0716,0.5043,9.5581,-0.0126,-0.0013,9.8066,-0.1026,0.0328,-0.0118,-11.31,-33.69,27.56,339.59,-87.22,-177.84
52.39789,-1.55687,163.16,17.02,3,158.9,19 / 21,2431809,2019-09-06 20:00:37:552,0.2572,-0.0661,9.1045,-0.0098,0.0108,9.8066,-0.1258,0.022,0.0172,-10.81,-33.62,26.88,340.66,-87.29,-176.11
52.39789,-1.55687,163.16,17.02,3,158.9,19 / 21,2431910,2019-09-06 20:00:37:653,0.1592,-0.3941,9.928,0.0029,0.0061,9.8066,0.1007,-0.0151,0.0035,-11.25,-33.44,27.13,342.66,-87.36,-174.27
52.39789,-1.55687,163.16,17.02,3,158.9,19 / 21,2432010,2019-09-06 20:00:37:753,0.6457,-0.5851,9.2472,-0.0031,0.0323,9.8065,-0.056,0.0361,-0.0063,-10.87,-34,26.56,342.33,-87.37,-174.56
52.39789,-1.55687,163.16,17.02,3,158.9,19 / 21,2432109,2019-09-06 20:00:37:852,-0.6479,0.245,9.4947,-0.0034,0.0056,9.8066,-0.1079,-0.0059,0.0361,-11.19,-34.12,27.19,339.93,-87.45,-176.86
52.39789,-1.55687,163.16,17.02,3,158.9,19 / 21,2432210,2019-09-06 20:00:37:953,1.0664,-0.1683,9.884,0.0069,-0.0227,9.8065,0.1056,0.0014,0.0267,-11.5,-33.62,27.25,340.73,-87.32,-176.05
52.39789,-1.55687,163.16,17.02,3,158.9,19 / 21,2432310,2019-09-06 20:00:38:053,0.8218,-0.3104,9.8574,-0.0152,0.0109,9.8066,0.1388,0.008,0.0225,-11.44,-33.5,26.94,342.01,-87.35,-174.88
52.39789,-1.55687,163.16,17.02,3,158.9,19 / 20,2432410,2019-09-06 20:00:38:153,-0.0859,0.0783,9.8912,-0.0141,0.0066,9.8066,-0.1201,0.0145,0.0202,-11.81,-33.56,26.81,342.78,-87.33,-172.33
52.39789,-1.55687,163.16,17.02,3,158.9,19 / 20,2432509,2019-09-06 20:00:38:252,-0.14,-0.359,10.0585,0.0025,-0.007,9.8066,-0.0615,-0.0014,-0.0115,-11.69,-33.62,27.44,343.38,-87.37,-171.78
52.39789,-1.55687,163.16,17.02,3,158.9,19 / 20,2432609,2019-09-06 20:00:38:352,0.0355,0.5903,10.403,0.0052,0.0058,9.8066,-0.0469,-0.0166,0.0459,-11.25,-33.81,27.31,343.69,-87.38,-173.27
52.39789,-1.55687,163.16,17.02,3,158.9,19 / 20,2432709,2019-09-06 20:00:38:452,-0.2965,0.3267,9.806,0.0087,-0.0407,9.8065,-0.0571,0.0229,0.0067,-11.5,-33.75,27.19,344.26,-87.14,-172.65
52.39789,-1.55687,163.16,17.02,3,158.9,19 / 20,2432809,2019-09-06 20:00:38:552,-0.2544,-0.3453,9.6812,0.0093,-0.0305,9.8065,0.0179,0.0216,-0.0454,-11.5,-33.75,27,344.92,-87.13,-172.03
52.39789,-1.55687,163.16,17.02,3,158.9,19 / 20,2432910,2019-09-06 20:00:38:653,-0.6839,-0.6711,9.284,-0.0011,0.0042,9.8066,-0.0753,-0.0043,0.0105,-11,-33.81,27.81,344.83,-87.21,-172.88
52.39789,-1.55687,163.16,17.02,3,158.9,19 / 20,2433009,2019-09-06 20:00:38:752,-1.0243,-1.0501,10.3464,-0.0114,0.0179,9.8066,-0.0413,0.0537,-0.0489,-11.81,-33.87,27.25,341.82,-87.36,-173.25
52.39789,-1.55687,163.16,17.02,3,158.9,19 / 20,2433110,2019-09-06 20:00:38:853,-0.2883,-0.0355,9.6901,0.0066,-0.0071,9.8066,0.0069,0.0636,0.0298,-11.44,-33.31,26.94,342.74,-87.36,-174.19
52.39789,-1.55687,163.16,17.02,3,158.9,19 / 20,2433209,2019-09-06 20:00:38:952,0.6246,-0.2354,9.699,-0.0092,-0.0047,9.8066,-0.0211,-0.0095,-0.0158,-11.06,-33.94,26.94,342.6,-87.29,-174.27
52.39789,-1.55687,163.16,17.02,3,158.9,19 / 20,2433309,2019-09-06 20:00:39:052,-0.1367,-0.5377,9.5024,-0.0042,-0.0042,9.8066,-0.0267,-0.028,0.0159,-10.94,-33.62,27.38,343.44,-87.31,-173.48
52.39789,-1.55687,163.16,17.02,3,158.9,19 / 20,2433409,2019-09-06 20:00:39:152,0.2547,1.9006,9.6334,0.0103,-0.0234,9.8066,0.1621,-0.1838,0.0321,-10.87,-33.75,26.38,343.89,-87.25,-172.24
52.39789,-1.55687,163.16,17.02,3,158.9,19 / 20,2433510,2019-09-06 20:00:39:253,-2.8729,-0.9089,10.1443,-0.0324,0.0694,9.8063,0.0041,-0.0801,-0.1036,-10.69,-34.5,26.69,344.9,-87.64,-172.2
52.39789,-1.55687,163.16,17.02,3,158.9,19 / 20,2433609,2019-09-06 20:00:39:352,0.8833,-1.6912,10.3725,-0.0238,0.0568,9.8064,0.0824,-0.0886,0.0784,-10.75,-34.25,27.56,340.19,-87.49,-177.38
52.39789,-1.55687,163.16,17.02,3,158.9,19 / 20,2433709,2019-09-06 20:00:39:452,0.6608,-1.5291,9.7439,0.0162,-0.0233,9.8065,0.0703,-0.0497,0.0585,-10.81,-34.44,26.81,334.44,-87.32,177.97
52.39789,-1.55687,163.16,17.02,3,158.9,19 / 20,2433809,2019-09-06 20:00:39:552,0.1366,-0.3167,9.751,-0.0097,0.0121,9.8066,-0.235,-0.0678,0.0704,-10.87,-34.81,26.81,336.7,-87.38,-179.87
52.39789,-1.55687,163.16,17.02,3,158.9,19 / 20,2433910,2019-09-06 20:00:39:653,0.1921,1.7381,8.7611,0.0077,-0.0393,9.8065,-0.3172,0.0106,-0.0081,-10.31,-34.31,26.56,341.53,-87.51,-177.2
52.39789,-1.55687,163.16,17.02,3,158.9,19 / 20,2434010,2019-09-06 20:00:39:753,1.4902,2.8105,9.896,0.0197,-0.0912,9.8062,0.5257,-0.1203,0.0837,-11.25,-33.94,26.69,341.08,-87.31,-175.71
52.39789,-1.55687,163.16,17.02,3,158.9,19 / 20,2434110,2019-09-06 20:00:39:853,0.1962,-0.1006,10.1482,-0.0477,0.0904,9.806,0.5053,0.0158,-0.0091,-10.75,-33.62,27.25,340.54,-87.62,-176.36
52.39789,-1.55687,163.16,17.02,3,158.9,19 / 20,2434210,2019-09-06 20:00:39:953,0.418,-1.3255,10.3003,-0.0421,0.0982,9.806,-0.2591,-0.0218,0.0247,-11.25,-33.75,27.25,340.34,-87.52,-176.51
52.39789,-1.55687,163.16,17.02,3,158.9,19 / 20,2434310,2019-09-06 20:00:40:053,-0.1838,-0.311,9.4514,0.0262,-0.0668,9.8064,-0.2673,0.0405,-0.0013,-11.62,-33.5,27.13,338.7,-87.46,-176.29
52.39789,-1.55687,163.16,17.02,3,158.9,19 / 21,2434410,2019-09-06 20:00:40:153,0.0346,-0.3008,8.8985,-0.0329,0.0565,9.8064,0.0449,-0.0033,-0.0101,-11.25,-33.69,27.13,340.61,-87.19,-176.12
52.39789,-1.55687,163.16,17.02,3,158.9,19 / 21,2434509,2019-09-06 20:00:40:252,0.3042,-0.1402,10.1581,-0.017,0.039,9.8065,0.045,-0.0193,-0.017,-11.44,-34.37,26.5,343.07,-87.63,-173.94
52.39789,-1.55687,163.16,17.02,3,158.9,19 / 21,2434609,2019-09-06 20:00:40:352,0.9775,-0.7413,10.3025,-0.0109,0.0298,9.8065,-0.131,0.0086,0.0185,-10.94,-33.44,26.31,341.4,-87.59,-174.76
52.39789,-1.55687,163.16,17.02,3,158.9,19 / 21,2434710,2019-09-06 20:00:40:453,0.0587,-0.2164,9.896,0.0211,-0.0581,9.8064,-0.1439,-0.0053,0.0194,-11.56,-33.31,26.44,336.14,-87.12,-177.71
52.39789,-1.55687,163.16,17.02,3,158.9,19 / 21,2434810,2019-09-06 20:00:40:553,0.4238,0.2516,9.3437,-0.0247,0.0429,9.8064,0.1025,0.0296,-0.0293,-11.25,-33.69,26.81,339.86,-86.99,-176.75
52.39789,-1.55687,163.16,17.02,3,158.9,19 / 21,2434910,2019-09-06 20:00:40:653,0.3969,0.2201,9.9554,-0.0243,0.0541,9.8064,0.1659,0.0195,-0.0108,-11.5,-33.5,26.44,340.21,-87.08,-175.68
52.39789,-1.55687,163.16,17.02,3,158.9,19 / 21,2435010,2019-09-06 20:00:40:753,0.4754,-1.042,9.4951,-0.0282,0.0475,9.8065,-0.1994,0.0415,-0.0141,-11.44,-33.69,26,341.9,-87.53,-174.23
52.39789,-1.55687,163.16,17.02,3,158.9,19 / 21,2435110,2019-09-06 20:00:40:853,0.2998,0.3813,9.7519,0.0098,-0.0433,9.8065,-0.1332,0.0192,0.0003,-11.31,-33.56,26.13,342.24,-87.24,-173.79
52.39789,-1.55687,163.16,17.02,3,158.9,19 / 21,2435210,2019-09-06 20:00:40:953,-0.6979,0.478,9.9692,-0.0139,0.0211,9.8066,0.1165,0.0325,-0.0158,-11.31,-33.75,26.5,343.52,-87.2,-173.37
52.39789,-1.55687,163.16,17.02,3,158.9,19 / 21,2435309,2019-09-06 20:00:41:052,0.0531,-0.628,10.0914,-0.0022,0.0098,9.8066,0.0702,-0.032,-0.0061,-11.37,-34,26.75,343.38,-87.19,-173.5
52.39789,-1.55687,163.16,17.02,3,158.9,20 / 21,2435409,2019-09-06 20:00:41:152,0.3029,-0.6479,10.7424,-0.0004,0.0159,9.8066,-0.0404,0.0485,0.0077,-11.56,-33.19,26.19,339.09,-87.17,-174.94
52.39789,-1.55687,163.16,17.02,3,158.9,20 / 21,2435510,2019-09-06 20:00:41:253,0.2788,-1.0155,9.3668,0.0095,-0.0162,9.8066,-0.0077,0.0182,-0.0067,-11.37,-33.31,26.63,342.28,-87.05,-174.52
52.39789,-1.55687,163.16,17.02,3,158.9,20 / 21,2435610,2019-09-06 20:00:41:353,-1.0184,0.4515,10.6784,0.0092,-0.0158,9.8066,-0.0071,0.0584,0.0176,-11.69,-33.5,26.56,339.68,-86.91,-175.13
52.39789,-1.55687,163.16,17.02,3,158.9,20 / 21,2435710,2019-09-06 20:00:41:453,0.684,-1.2292,9.7389,-0.0039,0.0046,9.8066,0.0817,-0.0178,0.0719,-11.69,-32.94,26.38,341.45,-86.99,-172.65
52.39789,-1.55687,163.16,17.02,3,158.9,20 / 21,2435809,2019-09-06 20:00:41:552,-0.9349,0.5516,10.0887,0.021,-0.0598,9.8063,0.2062,-0.0131,-0.0656,-11.12,-33.12,27,344.48,-86.56,-172.29
52.39789,-1.55687,163.16,17.02,3,158.9,20 / 21,2435910,2019-09-06 20:00:41:653,0.3288,-2.0751,9.8225,-0.0027,0.0598,9.8064,0.2947,-0.0192,0.0517,-11.37,-33,27.25,337.52,-86.8,-178.9
52.39789,-1.55687,163.16,17.02,3,158.9,20 / 21,2436009,2019-09-06 20:00:41:752,0.2137,-0.0866,10.1434,-0.039,0.1034,9.8059,-0.2201,0.0419,-0.0801,-11.31,-33.37,26.75,335.87,-87.19,179.36
52.39789,-1.55687,163.16,17.02,3,158.9,20 / 21,2436109,2019-09-06 20:00:41:852,0.8959,-0.6049,8.7427,0.0335,-0.0447,9.8065,-0.0641,0.0421,-0.0374,-12.12,-33.37,26.94,331.85,-87.37,177.23
52.39789,-1.55687,163.16,17.02,3,158.9,20 / 21,2436210,2019-09-06 20:00:41:953,0.1979,1.1211,8.7683,0.0317,-0.0363,9.8065,0.1131,-0.0313,0.0842,-11.62,-33.5,26.44,326.94,-87.28,173.46
52.39789,-1.55687,163.16,17.02,3,158.9,20 / 21,2436309,2019-09-06 20:00:42:052,-0.2005,0.7677,9.745,-0.0346,0.0363,9.8065,0.0322,0.0101,-0.0408,-11.19,-33.44,26.31,332.93,-87.57,177.18
52.396606,-1.555957,161.99,17.73,3,153.58,20 / 22,2436410,2019-09-06 20:00:42:153,0.6827,-0.4996,9.7738,-0.0046,-0.0072,9.8066,0.0939,0.0052,0.044,-11.75,-33.62,27.06,333.56,-87.27,178.94
52.396606,-1.555957,161.99,17.73,3,153.58,20 / 22,2436509,2019-09-06 20:00:42:252,-0.0013,-1.2243,10.9537,0.0087,-0.0181,9.8066,0.1197,-0.0012,0.072,-11.81,-32.62,26.13,334.69,-86.99,-179.02
52.396606,-1.555957,161.99,17.73,3,153.58,20 / 22,2436610,2019-09-06 20:00:42:353,-0.5093,-0.1117,10.1448,0.0173,-0.0022,9.8066,0.0138,0.0352,-0.017,-11.62,-33,26.5,335.09,-86.92,-179.47
52.396606,-1.555957,161.99,17.73,3,153.58,20 / 22,2436709,2019-09-06 20:00:42:452,0.0487,0.133,9.1042,-0.0055,0.0221,9.8066,-0.0493,0.0195,-0.0154,-11.75,-33.44,27,335.24,-86.89,-179.31
52.396606,-1.555957,161.99,17.73,3,153.58,20 / 22,2436813,2019-09-06 20:00:42:556,-0.4604,0.7282,9.0476,0.0002,0.0117,9.8066,-0.1531,-0.014,0.0317,-11.87,-33.69,25.88,334.07,-87.14,-179.64
52.396606,-1.555957,161.99,17.73,3,153.58,20 / 22,2436910,2019-09-06 20:00:42:653,-0.0667,-0.0375,9.6269,-0.0082,0.0355,9.8065,0.0823,0.0486,-0.049,-12.06,-33.12,26.06,332.12,-87.28,178.39
52.396606,-1.555957,161.99,17.73,3,153.58,20 / 22,2437010,2019-09-06 20:00:42:753,-1.1279,-0.235,10.9301,-0.0077,0.0137,9.8066,0.0425,0.0006,-0.0393,-11.75,-33.44,27.06,331.19,-87.26,176.66
52.396606,-1.555957,161.99,17.73,3,153.58,20 / 22,2437109,2019-09-06 20:00:42:852,-0.5076,-0.4823,10.9122,0.0168,0.0048,9.8066,0.0134,-0.0089,0.0646,-11.94,-33.06,26.75,328.11,-87.1,173.82
52.396606,-1.555957,161.99,17.73,3,153.58,20 / 22,2437209,2019-09-06 20:00:42:952,-0.2204,0.7726,10.4923,0.0007,0.0038,9.8066,0.0431,0.0218,0.0018,-11.81,-33.25,26.19,326.46,-87.01,173.17
52.396606,-1.555957,161.99,17.73,3,153.58,20 / 22,2437309,2019-09-06 20:00:43:052,1.1832,-1.3685,9.8619,0.0134,-0.0143,9.8066,-0.0014,-0.0425,0.0302,-11.75,-32.62,26.69,327.06,-87.05,172.85
52.396606,-1.555957,161.99,17.73,3,153.58,19 / 21,2437410,2019-09-06 20:00:43:153,-0.7096,1.217,9.671,0.0201,-0.0451,9.8064,0.025,0.0012,-0.0179,-11.94,-33.94,26.13,326.79,-86.95,173.59
52.396606,-1.555957,161.99,17.73,3,153.58,19 / 21,2437509,2019-09-06 20:00:43:252,-0.2575,0.55,10.1233,-0.0244,0.0418,9.8064,0.0075,-0.0323,-0.0002,-11.56,-33.06,25.81,327.92,-87.31,174.37
52.396606,-1.555957,161.99,17.73,3,153.58,19 / 21,2437610,2019-09-06 20:00:43:353,-0.1526,0.2657,9.7615,0.0094,-0.0084,9.8066,0.125,0.0056,0.0002,-12,-33.31,26.25,328.49,-87.22,174.97
52.396606,-1.555957,161.99,17.73,3,153.58,19 / 21,2437709,2019-09-06 20:00:43:452,0.7361,-0.7545,10.1022,-0.0177,0.0188,9.8065,0.2151,0.0409,0.0589,-11.5,-33.19,26.69,332.02,-87.17,175.72
52.396606,-1.555957,161.99,17.73,3,153.58,19 / 21,2437809,2019-09-06 20:00:43:552,0.8331,-1.6476,9.6672,-0.0269,0.0109,9.8066,-0.3252,-0.009,0.0232,-12.5,-32.75,26.88,334.05,-87.07,179.47
52.396606,-1.555957,161.99,17.73,3,153.58,19 / 21,2437910,2019-09-06 20:00:43:653,0.0844,-0.073,9.29,0.0255,-0.0604,9.8064,-0.2913,-0.0293,0.0254,-11.87,-33.75,26.25,334.11,-87.15,-179.61
52.396606,-1.555957,161.99,17.73,3,153.58,19 / 21,2438010,2019-09-06 20:00:43:753,-0.6368,0.7455,10.302,0.0151,-0.039,9.8065,0.1325,0.0027,0.0091,-11.94,-32.87,26.13,335.74,-86.9,-177.98
52.396606,-1.555957,161.99,17.73,3,153.58,19 / 21,2438110,2019-09-06 20:00:43:853,0.2829,0.0835,9.5176,-0.0174,0.0336,9.8065,0.0852,0.0301,-0.0092,-12.62,-33.37,26.31,332.86,-87.12,-179.06
52.396606,-1.555957,161.99,17.73,3,153.58,19 / 21,2438209,2019-09-06 20:00:43:952,0.3849,-0.1914,9.5889,-0.0138,0.0231,9.8066,-0.0292,-0.0267,0.0192,-12.94,-33.31,27.06,333.62,-87.07,-179.21
52.396606,-1.555957,161.99,17.73,3,153.58,19 / 21,2438310,2019-09-06 20:00:44:053,-0.8982,-0.2209,10.4315,0.0155,-0.0297,9.8066,-0.0733,0.0444,-0.0579,-12.31,-33.56,26.75,335.47,-87.04,-179.13
52.396606,-1.555957,161.99,17.73,3,153.58,19 / 21,2438409,2019-09-06 20:00:44:152,0.5112,-0.495,8.8872,0.0097,0.0013,9.8066,-0.005,0.0218,-0.003,-12.56,-33.44,26.56,329.74,-86.9,177.21
52.396606,-1.555957,161.99,17.73,3,153.58,19 / 21,2438510,2019-09-06 20:00:44:253,0.6392,0.0531,9.4433,0.003,0.0049,9.8066,0.0579,0.0369,-0.0003,-11.87,-33.06,26,328.96,-86.98,175.57
52.396606,-1.555957,161.99,17.73,3,153.58,19 / 21,2438610,2019-09-06 20:00:44:353,0.0932,-0.3802,10.2272,-0.002,-0.0116,9.8066,-0.0432,0.0287,0.0143,-12.19,-33.75,26.19,329.29,-87.09,175.87
52.396606,-1.555957,161.99,17.73,3,153.58,19 / 21,2438709,2019-09-06 20:00:44:452,0.5721,-0.5459,9.2533,0.0044,-0.0012,9.8066,-0.0558,0.0294,-0.0558,-12.56,-32.94,26.69,330.14,-86.99,177.54
52.396606,-1.555957,161.99,17.73,3,153.58,19 / 21,2438810,2019-09-06 20:00:44:553,-0.2895,-0.1419,9.7717,-0.0001,-0.0076,9.8066,0.0005,0.0592,0.0112,-12.31,-33.19,26.13,331.1,-86.99,177.59
52.396606,-1.555957,161.99,17.73,3,153.58,19 / 21,2438910,2019-09-06 20:00:44:653,-0.1632,0.1159,10.1889,0.0024,-0.0001,9.8066,0.0194,0.0515,-0.0201,-12.12,-33.37,26.19,330.43,-86.98,176.96
52.396606,-1.555957,161.99,17.73,3,153.58,19 / 21,2439010,2019-09-06 20:00:44:753,0.2795,0.0829,10.3942,0.008,-0.0094,9.8066,0.0775,-0.0008,-0.0214,-12.37,-33.37,26.38,328.98,-86.88,175.64
52.396606,-1.555957,161.99,17.73,3,153.58,19 / 21,2439110,2019-09-06 20:00:44:853,0.1999,-0.4311,10.2114,0.0159,-0.0238,9.8065,0.0146,0.0076,-0.0401,-12.31,-33.19,26.31,328.18,-86.64,175.04
52.396606,-1.555957,161.99,17.73,3,153.58,19 / 21,2439210,2019-09-06 20:00:44:953,0.55,-0.7842,9.9151,-0.0053,0.0044,9.8066,0.0324,0.0013,0.0263,-12.25,-33.12,26.13,327.52,-86.47,174.53
52.396606,-1.555957,161.99,17.73,3,153.58,19 / 21,2439309,2019-09-06 20:00:45:052,-0.1188,-0.7874,9.8839,-0.0178,0.0305,9.8065,0.006,0.0081,-0.02,-12.12,-33.44,26.44,327.63,-86.66,174.51
52.396606,-1.555957,161.99,17.73,3,153.58,18 / 21,2439410,2019-09-06 20:00:45:153,-0.2345,-0.4164,9.8819,0.0063,-0.0175,9.8066,0.076,-0.0165,0.0328,-12.62,-32.94,26.13,326.74,-86.96,175.24
52.396606,-1.555957,161.99,17.73,3,153.58,18 / 21,2439509,2019-09-06 20:00:45:252,-0.2023,0.5086,10.2392,0.0104,-0.0252,9.8066,-0.0449,0.0275,-0.0171,-12.5,-33.19,26.25,329.06,-86.87,175.73
52.396606,-1.555957,161.99,17.73,3,153.58,18 / 21,2439610,2019-09-06 20:00:45:353,0.502,-0.1425,9.6464,0.0119,-0.0148,9.8066,0.0142,0.0214,-0.028,-12.56,-33.19,26.63,327.52,-86.71,175.22
52.396606,-1.555957,161.99,17.73,3,153.58,18 / 21,2439710,2019-09-06 20:00:45:453,-0.258,-0.5222,9.9753,0.0206,-0.0223,9.8066,0.0402,-0.0115,-0.0072,-12.31,-33.12,26.75,327.3,-86.49,173.43
52.396606,-1.555957,161.99,17.73,3,153.58,18 / 21,2439810,2019-09-06 20:00:45:553,0.9084,-0.5246,9.2602,-0.0054,0.0107,9.8066,-0.027,-0.0239,0.0158,-11.94,-32.87,26.69,326.55,-86.54,172.7
52.396606,-1.555957,161.99,17.73,3,153.58,18 / 21,2439910,2019-09-06 20:00:45:653,-0.082,0.7721,9.7542,-0.0013,0.0156,9.8065,-0.1814,0.0275,-0.0017,-12.31,-32.87,25.88,324.47,-86.71,171.5
52.396606,-1.555957,161.99,17.73,3,153.58,18 / 21,2440009,2019-09-06 20:00:45:752,-0.8338,0.6661,10.2214,0.0052,0.0182,9.8066,0.1201,0.0931,-0.0507,-12.12,-32.25,26.13,323.5,-86.88,170.39
52.396606,-1.555957,161.99,17.73,3,153.58,18 / 21,2440109,2019-09-06 20:00:45:852,0.4815,-0.1725,10.7282,-0.0207,0.0228,9.8066,0.1944,-0.0841,0.037,-12.44,-33,26.31,321.53,-87.06,168.46
52.396606,-1.555957,161.99,17.73,3,153.58,18 / 21,2440209,2019-09-06 20:00:45:952,0.5162,0.0378,9.5521,0.0146,-0.0692,9.8063,-0.2089,0.0549,0.0353,-12.19,-33.31,26.81,326.71,-86.64,172.77
52.396606,-1.555957,161.99,17.73,3,153.58,18 / 21,2440309,2019-09-06 20:00:46:052,0.02,-0.4989,10.0929,0.0144,-0.0541,9.8065,-0.2225,-0.0102,0.0191,-12.12,-33.06,26.25,328.19,-86.51,175.13
52.396606,-1.555957,161.99,17.73,3,153.58,18 / 20,2440410,2019-09-06 20:00:46:153,-0.3468,-0.0888,9.9151,-0.0054,-0.0059,9.8066,-0.0163,-0.0072,0.0263,-12.44,-33.87,26.44,328.6,-86.68,175.48
52.396606,-1.555957,161.99,17.73,3,153.58,18 / 20,2440509,2019-09-06 20:00:46:252,0.7196,-0.2107,10.0047,0.0239,-0.0173,9.8066,0.0274,0.0461,-0.0628,-12.69,-33,26.5,325.82,-86.7,173.62
52.396606,-1.555957,161.99,17.73,3,153.58,18 / 20,2440610,2019-09-06 20:00:46:353,0.8444,0.0226,9.9117,-0.0107,0.0259,9.8065,0.0656,-0.0118,0.051,-12.44,-33.75,26.5,326.05,-86.72,172.17
52.396606,-1.555957,161.99,17.73,3,153.58,18 / 20,2440709,2019-09-06 20:00:46:452,-0.4345,-0.4044,10.857,-0.0015,0.0114,9.8066,0.1164,0.039,-0.0638,-12.06,-33.44,26.63,325.45,-86.71,171.54
52.396606,-1.555957,161.99,17.73,3,153.58,18 / 20,2440809,2019-09-06 20:00:46:552,0.9809,-0.5573,9.3231,0.0308,-0.0416,9.8065,-0.1788,0.0134,-0.0229,-12.75,-33.81,26.44,321.65,-86.43,170.86
52.396606,-1.555957,161.99,17.73,3,153.58,18 / 20,2440910,2019-09-06 20:00:46:653,0.0952,-0.06,8.6457,0.0364,-0.0599,9.8064,-0.2734,0.049,0.0112,-12.62,-33.37,26.75,322,-86.29,170.29
52.396606,-1.555957,161.99,17.73,3,153.58,18 / 20,2441010,2019-09-06 20:00:46:753,-0.1963,0.3278,10.0096,-0.023,0.0386,9.8065,0.0392,0.0526,0.0058,-12.37,-33.19,27,322.12,-86.72,168.38
52.396606,-1.555957,161.99,17.73,3,153.58,18 / 20,2441110,2019-09-06 20:00:46:853,0.3406,-0.7876,10.5673,-0.0154,0.0235,9.8066,0.1361,0.0225,-0.0311,-12.44,-33.56,26.19,321.32,-86.79,168.52
52.396606,-1.555957,161.99,17.73,3,153.58,18 / 20,2441210,2019-09-06 20:00:46:953,1.2919,-1.2538,9.5209,0.0155,-0.0289,9.8066,-0.1716,0.0051,0.0368,-12.75,-33.5,26.56,318.46,-86.64,166.68
52.396606,-1.555957,161.99,17.73,3,153.58,18 / 20,2441309,2019-09-06 20:00:47:052,0.1497,-0.3151,9.3455,0.0184,-0.05,9.8065,-0.0936,-0.0107,0.038,-12.94,-34,27,320.81,-86.37,169.19
52.396606,-1.555957,161.99,17.73,3,153.58,18 / 20,2441410,2019-09-06 20:00:47:153,0.8732,0.4419,8.7957,-0.0368,0.0367,9.8064,-0.029,-0.0852,0.0283,-12.75,-33.5,26.94,323.08,-86.84,170.92
52.396606,-1.555957,161.99,17.73,3,153.58,18 / 20,2441510,2019-09-06 20:00:47:253,0.2848,0.3194,9.9671,-0.0069,0.0059,9.8066,-0.082,-0.0024,-0.0107,-12.5,-33.56,26.44,326,-86.84,172.91
52.396606,-1.555957,161.99,17.73,3,153.58,18 / 20,2441609,2019-09-06 20:00:47:352,0.2351,0.6956,10.5288,-0.0266,0.0285,9.8065,0.1239,0.0047,0.0595,-13.06,-33.37,26.44,325.33,-86.66,174.1
52.396606,-1.555957,161.99,17.73,3,153.58,18 / 20,2441709,2019-09-06 20:00:47:452,0.6679,-1.4241,10.7548,-0.0064,0.0132,9.8066,-0.0306,0.0893,-0.0582,-12.94,-32.81,26.44,327.2,-86.71,175.84
52.396606,-1.555957,161.99,17.73,3,153.58,18 / 20,2441809,2019-09-06 20:00:47:552,-0.2067,-0.4204,10.1595,0.0304,-0.013,9.8065,0.0588,0.0521,-0.1035,-13.75,-32.69,26.38,321.95,-86.31,172.85
52.396606,-1.555957,161.99,17.73,3,153.58,18 / 20,2441910,2019-09-06 20:00:47:653,0.6431,0.5159,9.7126,0.0165,-0.0008,9.8066,-0.1087,0.0674,-0.0581,-13.06,-33.75,25.38,320,-86.18,170.5
52.396606,-1.555957,161.99,17.73,3,153.58,18 / 20,2442010,2019-09-06 20:00:47:753,0.6385,-0.1762,9.0323,-0.0112,0.0378,9.8065,0.0359,-0.0089,0.0357,-12.87,-33.62,26.44,318.17,-86.43,167.57
52.396606,-1.555957,161.99,17.73,3,153.58,18 / 20,2442109,2019-09-06 20:00:47:852,1.093,-0.2485,8.6156,-0.0265,0.0397,9.8065,-0.014,0.0061,0.0263,-13.75,-34,26.06,315.53,-86.69,166.54
52.396606,-1.555957,161.99,17.73,3,153.58,18 / 20,2442209,2019-09-06 20:00:47:952,0.5255,0.1994,8.8697,-0.0454,0.0197,9.8065,-0.0471,-0.015,0.1019,-13.62,-33.87,25.31,318.56,-86.99,170.21
52.396606,-1.555957,161.99,17.73,3,153.58,18 / 20,2442309,2019-09-06 20:00:48:052,-0.3638,0.6776,10.2326,-0.0367,0.0237,9.8065,0.0112,-0.0097,0.028,-13.87,-33.5,25.13,328.53,-87.46,179.33
52.396606,-1.555957,161.99,17.73,3,153.58,19 / 20,2442410,2019-09-06 20:00:48:153,-0.8371,0.1564,12.3002,0.0346,-0.0739,9.8063,0.0711,-0.0001,-0.0088,-14.75,-33.56,24.5,331.71,-86.88,-175.57
52.396606,-1.555957,161.99,17.73,3,153.58,19 / 20,2442510,2019-09-06 20:00:48:253,-0.4326,-1.4671,12.5481,0.035,-0.0273,9.8065,0.0547,-0.0427,-0.0072,-14.5,-33.62,25.56,330.89,-86.21,-178.64
52.396606,-1.555957,161.99,17.73,3,153.58,19 / 20,2442609,2019-09-06 20:00:48:352,1.9579,-0.768,9.8734,0.0034,0.0518,9.8065,0.0674,-0.016,-0.0605,-13.31,-33.75,26.88,328.93,-85.59,177.29
52.396606,-1.555957,161.99,17.73,3,153.58,19 / 20,2442709,2019-09-06 20:00:48:452,0.0224,-0.756,8.7288,-0.0451,0.1168,9.8058,0.062,-0.0353,0.0166,-13.25,-34.31,26.88,322.75,-86.41,170.99
52.396606,-1.555957,161.99,17.73,3,153.58,19 / 20,2442809,2019-09-06 20:00:48:552,0.2683,-0.2695,10.4715,0.0272,-0.0517,9.8064,-0.2739,0.0515,0.0006,-13.31,-34.31,26.13,321.39,-86.64,170.46
52.396606,-1.555957,161.99,17.73,3,153.58,19 / 20,2442909,2019-09-06 20:00:48:652,0.1993,-0.9733,9.9556,0.0365,-0.0507,9.8064,-0.2185,0.0221,-0.0074,-13.06,-34.44,26.81,320.7,-86.7,168.83
52.396606,-1.555957,161.99,17.73,3,153.58,19 / 20,2443010,2019-09-06 20:00:48:753,0.6502,0.203,9.6918,-0.0037,-0.0249,9.8066,0.2323,-0.0035,0.0558,-13.44,-33.56,27.06,323.1,-86.43,171.3
52.396606,-1.555957,161.99,17.73,3,153.58,19 / 20,2443110,2019-09-06 20:00:48:853,0.8337,0.8083,10.1198,-0.0051,-0.019,9.8066,0.0569,0.1029,-0.0937,-13.62,-33.75,26.94,324.57,-86.2,174.5
52.396606,-1.555957,161.99,17.73,3,153.58,19 / 20,2443210,2019-09-06 20:00:48:953,-1.1644,-0.7212,10.2509,-0.0069,0.0156,9.8066,-0.1241,0.1015,-0.0084,-12.94,-33.5,26.75,328.38,-86.2,176.34
52.396606,-1.555957,161.99,17.73,3,153.58,19 / 20,2443310,2019-09-06 20:00:49:053,0.868,-0.6756,9.8759,-0.0026,0.001,9.8066,-0.1062,-0.0389,0.0142,-13.62,-33.75,26.31,323.56,-86.43,174.35
52.396606,-1.555957,161.99,17.73,3,153.58,20 / 21,2443409,2019-09-06 20:00:49:152,-0.6867,0.9622,9.777,0.0017,-0.012,9.8066,0.1153,-0.0211,-0.002,-13.25,-34.31,26.13,322.52,-86.52,171.61
52.396606,-1.555957,161.99,17.73,3,153.58,20 / 21,2443510,2019-09-06 20:00:49:253,-0.8018,0.165,9.8608,-0.0108,0.0113,9.8066,0.0455,0.0146,0.0188,-13,-33.81,26.13,321.24,-86.58,170.37
52.396606,-1.555957,161.99,17.73,3,153.58,20 / 21,2443609,2019-09-06 20:00:49:352,0.7703,0.014,9.8839,-0.0046,0.0044,9.8066,0.1096,-0.0039,0.0146,-13.37,-33.37,26.5,322.68,-86.56,170.74
52.396606,-1.555957,161.99,17.73,3,153.58,20 / 21,2443711,2019-09-06 20:00:49:454,-0.3114,-1.8496,9.7051,-0.0285,0.0121,9.8066,0.1345,-0.0807,0.0868,-13.69,-33.75,26.81,324.07,-86.48,173.84
52.396606,-1.555957,161.99,17.73,3,153.58,20 / 21,2443810,2019-09-06 20:00:49:553,0.2774,0.4794,8.8542,0.0257,-0.0605,9.8064,-0.0809,-0.0037,0.0075,-13.56,-33.5,26.25,326.17,-86.42,176.75
52.396606,-1.555957,161.99,17.73,3,153.58,20 / 21,2443910,2019-09-06 20:00:49:653,-1.0166,-0.4386,10.6266,0.0376,-0.0616,9.8064,-0.1312,-0.009,-0.0422,-13.81,-33.81,26.63,327.57,-86.15,177.34
52.396606,-1.555957,161.99,17.73,3,153.58,20 / 21,2444010,2019-09-06 20:00:49:753,0.7852,-1.5748,10.6722,-0.0036,0.0314,9.8066,0.0517,-0.025,-0.0081,-13.62,-33.69,26.31,322.94,-86.5,173.73
52.396606,-1.555957,161.99,17.73,3,153.58,20 / 21,2444110,2019-09-06 20:00:49:853,0.2945,-0.1905,10.4581,-0.0062,0.0369,9.8065,0.0878,-0.0099,-0.0009,-13.31,-33.25,26.13,322.74,-86.36,171.86
52.396606,-1.555957,161.99,17.73,3,153.58,20 / 21,2444210,2019-09-06 20:00:49:953,-0.0927,-0.2695,10.1985,0.0021,-0.004,9.8066,-0.0647,0.0438,-0.0177,-13,-33.5,26.31,322.49,-86.09,171.82
52.396606,-1.555957,161.99,17.73,3,153.58,20 / 21,2444310,2019-09-06 20:00:50:053,0.7675,-1.0199,9.738,-0.0099,0.0108,9.8065,-0.0177,-0.0325,0.0236,-13.37,-33.56,26.44,322.66,-86.09,172.06
52.396606,-1.555957,161.99,17.73,3,153.58,18 / 19,2444410,2019-09-06 20:00:50:153,-0.4785,0.7614,9.6795,0.0234,-0.0303,9.8065,-0.1153,0.0012,-0.0466,-13.12,-33.81,26,320.74,-86.2,170.19
52.396606,-1.555957,161.99,17.73,3,153.58,18 / 19,2444509,2019-09-06 20:00:50:252,-0.8628,0.3657,10.9102,0.0324,-0.0354,9.8065,-0.0005,0.0239,-0.0357,-13.12,-34.19,26.38,319.07,-86.01,168.76
52.396606,-1.555957,161.99,17.73,3,153.58,18 / 19,2444610,2019-09-06 20:00:50:353,-1.3695,-0.6302,11.4389,0.0222,-0.0069,9.8065,-0.0241,0.0785,-0.0687,-12.87,-35.06,26.19,315.35,-85.93,165.43
52.396606,-1.555957,161.99,17.73,3,153.58,18 / 19,2444710,2019-09-06 20:00:50:453,0.1255,-2.9064,9.6769,0.0001,0.0061,9.8065,0.1411,-0.0887,0.0228,-12.5,-34.5,26.69,316.15,-85.76,163.57
52.396606,-1.555957,161.99,17.73,3,153.58,18 / 19,2444810,2019-09-06 20:00:50:553,1.4693,-0.5003,9.0685,0.0128,-0.015,9.8066,-0.17,-0.0126,0.0447,-13.25,-34.06,26.25,312.85,-85.59,163.29
52.396606,-1.555957,161.99,17.73,3,153.58,18 / 19,2444910,2019-09-06 20:00:50:653,0.1166,0.8291,8.9357,0.0136,-0.0437,9.8065,-0.0987,0.0258,0.0644,-13.06,-34,26.19,314.66,-85.56,165
52.396606,-1.555957,161.99,17.73,3,153.58,18 / 19,2445010,2019-09-06 20:00:50:753,-1.2423,-0.529,9.484,-0.035,0.0136,9.8065,0.0094,0.0162,0.055,-13.44,-33.87,26.63,316.02,-85.65,165.24
52.396606,-1.555957,161.99,17.73,3,153.58,18 / 19,2445110,2019-09-06 20:00:50:853,0.19,1.3327,10.361,-0.0107,-0.0068,9.8066,-0.0924,0.0359,-0.0168,-13.94,-33.62,26.38,318.47,-85.92,169.96
52.396606,-1.555957,161.99,17.73,3,153.58,18 / 19,2445209,2019-09-06 20:00:50:952,-0.7202,0.6392,10.6026,-0.0015,-0.0104,9.8066,0.0981,-0.0206,0.0282,-13.44,-33.75,26,323.06,-85.94,172.55
52.396606,-1.555957,161.99,17.73,3,153.58,18 / 19,2445310,2019-09-06 20:00:51:053,0.4995,-0.0256,10.5796,0.0096,-0.0027,9.8066,0.0486,0.0542,-0.0201,-13.62,-33.5,26.31,320.88,-85.7,172.3
52.395294,-1.554733,158.4,19.63,3,146.32,19 / 20,2445409,2019-09-06 20:00:51:152,-0.3089,-1.0173,10.5125,0.0111,-0.0177,9.8066,0.0621,-0.0314,0.0232,-13.25,-33.31,26.44,322.67,-85.48,172.43
52.395294,-1.554733,158.4,19.63,3,146.32,19 / 20,2445510,2019-09-06 20:00:51:253,0.3981,-0.2025,10.0673,0.0044,-0.03,9.8066,-0.0307,0.0161,-0.0454,-13.75,-33.62,26.38,321.99,-85.25,173.75
52.395294,-1.554733,158.4,19.63,3,146.32,19 / 20,2445610,2019-09-06 20:00:51:353,-0.1014,-1.0443,9.5214,0.0031,-0.0028,9.8066,-0.0532,0.037,-0.0323,-13.87,-33.56,26.81,322.68,-85.3,173.36
52.395294,-1.554733,158.4,19.63,3,146.32,19 / 20,2445709,2019-09-06 20:00:51:452,-0.392,0.265,9.1305,0.0002,0.0083,9.8066,0.0239,-0.0198,0.0678,-13.25,-33.69,27.31,325.42,-85.48,174.13
52.395294,-1.554733,158.4,19.63,3,146.32,19 / 20,2445810,2019-09-06 20:00:51:553,-0.0568,1.0332,9.0677,-0.0056,0.0049,9.8066,-0.004,0.0214,-0.019,-13.44,-33.62,26.63,325.41,-85.67,173.99
52.395294,-1.554733,158.4,19.63,3,146.32,19 / 20,2445910,2019-09-06 20:00:51:653,-0.1102,0.163,9.6553,-0.0003,0.0037,9.8066,0.0289,0.0203,0.006,-13.75,-33.75,26.19,321.9,-85.74,173.31
52.395294,-1.554733,158.4,19.63,3,146.32,19 / 20,2446010,2019-09-06 20:00:51:753,0.5006,-0.0841,10.2785,0.0098,-0.035,9.8065,0.0068,0.0045,0.009,-13.5,-34.12,26.81,325.53,-85.46,174.24
52.395294,-1.554733,158.4,19.63,3,146.32,19 / 20,2446110,2019-09-06 20:00:51:853,0.4998,0.0456,9.65,-0.0195,0.0048,9.8066,-0.0453,0.0308,0.0087,-13.81,-33.62,25.94,324.13,-85.42,175.61
52.395294,-1.554733,158.4,19.63,3,146.32,19 / 20,2446210,2019-09-06 20:00:51:953,-1.081,0.3578,11.2994,-0.011,-0.0012,9.8065,-0.0534,0.0162,-0.039,-13.69,-33.69,27.06,326.9,-85.45,177.17
52.395294,-1.554733,158.4,19.63,3,146.32,19 / 20,2446309,2019-09-06 20:00:52:052,0.2953,-1.4836,10.6203,0.0525,-0.0592,9.8063,-0.0763,-0.0031,-0.0128,-14,-33.87,27,324.72,-85.51,175.12
52.395294,-1.554733,158.4,19.63,3,146.32,19 / 21,2446409,2019-09-06 20:00:52:152,-0.0684,0.0261,9.8574,-0.012,0.0357,9.8065,0.2454,-0.0258,-0.0295,-13.62,-33.31,26.81,322.19,-84.8,173.17
52.395294,-1.554733,158.4,19.63,3,146.32,19 / 21,2446510,2019-09-06 20:00:52:253,-0.4087,-0.4309,9.8515,-0.0009,0.0148,9.8066,0.0604,-0.0209,-0.0206,-13.69,-33.25,27.38,320.68,-84.79,171.78
52.395294,-1.554733,158.4,19.63,3,146.32,19 / 21,2446610,2019-09-06 20:00:52:353,0.6409,-0.2001,10.2637,-0.0031,0.013,9.8066,0.0574,-0.0034,-0.0524,-13.75,-33.5,27,319.57,-84.82,170.74
52.395294,-1.554733,158.4,19.63,3,146.32,19 / 21,2446709,2019-09-06 20:00:52:452,0.2232,0.3052,11.2001,0.0052,0.0248,9.8066,0.0808,0.0277,0.0018,-13.62,-33.5,27.19,317.34,-84.88,168.63
52.395294,-1.554733,158.4,19.63,3,146.32,19 / 21,2446810,2019-09-06 20:00:52:553,1.9134,-2.0382,8.5968,-0.0514,0.0848,9.8061,-0.2009,-0.0222,0.0353,-13.87,-33.69,27.5,317.44,-85.11,167.71
52.395294,-1.554733,158.4,19.63,3,146.32,19 / 21,2446910,2019-09-06 20:00:52:653,0.9362,0.3367,9.5716,0.006,-0.0184,9.8066,-0.0868,0.0072,-0.0224,-14.25,-33.44,26.94,316.01,-84.86,167.41
52.395294,-1.554733,158.4,19.63,3,146.32,19 / 21,2447010,2019-09-06 20:00:52:753,0.1293,-0.2172,9.7523,0.0046,-0.0083,9.8066,-0.0943,-0.0151,-0.0415,-13.5,-33.81,26.63,318.72,-84.86,168.39
52.395294,-1.554733,158.4,19.63,3,146.32,19 / 21,2447110,2019-09-06 20:00:52:853,-0.8079,0.4349,10.0643,0.0089,-0.0077,9.8066,-0.0594,-0.0037,0.0001,-13.81,-33.37,27.44,317.5,-84.86,168.8
52.395294,-1.554733,158.4,19.63,3,146.32,19 / 21,2447210,2019-09-06 20:00:52:953,-0.5935,-0.0372,9.8847,0.0038,0.0035,9.8066,-0.0787,0.0041,-0.032,-13.81,-34.37,26.38,315.51,-84.86,168.08
52.395294,-1.554733,158.4,19.63,3,146.32,19 / 21,2447310,2019-09-06 20:00:53:053,-0.6926,-0.6226,11.2015,0.0127,-0.0135,9.8066,0.0099,0.0114,-0.012,-14.06,-33.5,26.56,316.47,-84.81,167.88
52.395294,-1.554733,158.4,19.63,3,146.32,19 / 21,2447410,2019-09-06 20:00:53:153,0.505,-0.4341,10.3009,0.0116,-0.0142,9.8066,-0.0931,-0.0146,0.0861,-14.12,-33.19,27.06,315.76,-84.61,167.38
52.395294,-1.554733,158.4,19.63,3,146.32,19 / 21,2447509,2019-09-06 20:00:53:252,0.4627,0.6976,9.9211,0.0026,-0.0244,9.8066,-0.1064,0.0637,-0.0458,-14.25,-33.69,27.06,317.86,-84.42,169.59
52.395294,-1.554733,158.4,19.63,3,146.32,19 / 21,2447610,2019-09-06 20:00:53:353,0.2865,0.3078,9.5767,-0.001,0.0104,9.8065,0.1435,-0.0322,0.0348,-14,-33.69,27.19,317.7,-84.48,169.4
52.395294,-1.554733,158.4,19.63,3,146.32,19 / 21,2447710,2019-09-06 20:00:53:453,-0.2702,0.2145,10.3815,-0.0155,0.0243,9.8066,0.1103,0.0316,-0.0002,-14.19,-33.44,27.31,317.64,-84.45,169.24
52.395294,-1.554733,158.4,19.63,3,146.32,19 / 21,2447810,2019-09-06 20:00:53:553,0.0575,-0.6035,10.0139,-0.0194,0.0408,9.8065,-0.1782,0.0281,-0.0049,-13.25,-33.69,26.75,317.88,-84.73,167.72
52.395294,-1.554733,158.4,19.63,3,146.32,19 / 21,2447910,2019-09-06 20:00:53:653,0.0238,0.4964,10.2285,0.0217,-0.0249,9.8066,-0.157,-0.0089,0.0163,-14.06,-33.81,26.94,316.29,-84.51,168.08
52.395294,-1.554733,158.4,19.63,3,146.32,19 / 21,2448010,2019-09-06 20:00:53:753,0.1631,-0.5727,9.8456,0.0236,-0.0479,9.8065,0.1783,-0.0537,0.0641,-13.87,-33.5,26.75,317.24,-84.35,168.95
52.395294,-1.554733,158.4,19.63,3,146.32,19 / 21,2448110,2019-09-06 20:00:53:853,0.2792,0.1125,9.9126,-0.0197,0.0241,9.8066,0.1321,0.0579,-0.028,-13.87,-33.5,26.75,317.53,-84.43,169.16
52.395294,-1.554733,158.4,19.63,3,146.32,19 / 21,2448209,2019-09-06 20:00:53:952,0.8428,-0.9169,9.6873,-0.0157,0.0222,9.8066,-0.047,0.0168,0.024,-13.87,-33.87,27.19,317.26,-84.36,169.09
52.395294,-1.554733,158.4,19.63,3,146.32,19 / 21,2448309,2019-09-06 20:00:54:052,-0.683,0.3318,10.4809,-0.0163,-0.0005,9.8066,0.0985,0.0444,0.0192,-13.94,-33.25,27.13,319.58,-84.28,171.15
52.395294,-1.554733,158.4,19.63,3,146.32,19 / 21,2448410,2019-09-06 20:00:54:153,-0.5891,-0.1621,10.5786,0.0095,-0.0317,9.8066,-0.068,0.0069,0.0322,-14.12,-33.69,26.94,320.33,-84.43,171.85
52.395294,-1.554733,158.4,19.63,3,146.32,19 / 21,2448509,2019-09-06 20:00:54:252,-1.2596,1.0573,11.7737,0.0343,-0.0518,9.8064,-0.1293,-0.008,-0.0296,-14.12,-33.12,26.56,321.54,-84.06,173.11
52.395294,-1.554733,158.4,19.63,3,146.32,19 / 21,2448610,2019-09-06 20:00:54:353,-0.0824,0.264,10.8139,0.0116,0.0037,9.8066,0.1313,0.0161,0.0144,-14,-33,27.56,321.02,-83.95,171.76
52.395294,-1.554733,158.4,19.63,3,146.32,19 / 21,2448710,2019-09-06 20:00:54:453,0.8266,0.2095,8.6327,-0.0015,0.0225,9.8066,0.001,0.0534,-0.0006,-13.81,-33.37,27.25,319.22,-83.76,171.22
52.395294,-1.554733,158.4,19.63,3,146.32,19 / 21,2448810,2019-09-06 20:00:54:553,-0.8291,-0.0598,10.3006,-0.0135,0.0025,9.8066,-0.0604,0.0759,-0.0436,-14.19,-33.5,27,318.68,-83.98,170.56
52.395294,-1.554733,158.4,19.63,3,146.32,19 / 21,2448910,2019-09-06 20:00:54:653,0.1134,0.0328,10.4858,0.018,-0.0276,9.8065,0.03,0.034,0.0144,-14.06,-33.31,27.31,318.41,-84.01,170.29
52.395294,-1.554733,158.4,19.63,3,146.32,19 / 21,2449010,2019-09-06 20:00:54:753,-0.9045,-0.0735,9.5504,0.0025,-0.0163,9.8066,-0.238,0.1134,-0.027,-13.75,-32.5,27.06,319.08,-83.96,170.81
52.395294,-1.554733,158.4,19.63,3,146.32,19 / 21,2449110,2019-09-06 20:00:54:853,0.6627,-0.1477,10.2854,0.0359,-0.062,9.8064,-0.2116,-0.0486,0.0087,-14.12,-33.12,27.25,318.84,-83.51,171.07
52.395294,-1.554733,158.4,19.63,3,146.32,19 / 21,2449209,2019-09-06 20:00:54:952,-0.0989,0.8795,8.8387,-0.0082,0.0506,9.8065,0.0315,-0.0435,0.0544,-14.37,-33.12,26.94,318.25,-83.94,170.2
52.395294,-1.554733,158.4,19.63,3,146.32,19 / 21,2449310,2019-09-06 20:00:55:053,-0.9396,0.9934,9.6504,-0.0103,0.012,9.8066,0.0154,0.0073,-0.0255,-14,-33.44,26.31,317.42,-84.13,170.32
52.395294,-1.554733,158.4,19.63,3,146.32,20 / 22,2449409,2019-09-06 20:00:55:152,-0.3262,0.1694,9.8977,-0.0103,0.0008,9.8066,0.01,-0.0043,0.0044,-14.25,-33.81,26.69,318.21,-84.07,170.2
52.395294,-1.554733,158.4,19.63,3,146.32,20 / 22,2449510,2019-09-06 20:00:55:253,-0.228,-0.2081,9.3699,-0.0099,-0.0036,9.8066,0.0035,0.0354,0.022,-14.69,-33.69,27.06,317.51,-84.02,171.17
52.395294,-1.554733,158.4,19.63,3,146.32,20 / 22,2449610,2019-09-06 20:00:55:353,0.6027,1.484,9.8734,-0.0131,0.0121,9.8066,0.0155,0.0317,0.0123,-14.12,-33.25,26.88,320.41,-83.99,172.14
52.395294,-1.554733,158.4,19.63,3,146.32,20 / 22,2449709,2019-09-06 20:00:55:452,0.9803,-0.5997,9.4162,-0.0384,0.0337,9.8064,-0.1874,0.0271,0.0581,-14.69,-33.19,26.69,320.1,-84.05,173.39
52.395294,-1.554733,158.4,19.63,3,146.32,20 / 22,2449809,2019-09-06 20:00:55:552,-0.9652,0.6031,9.6026,0.0162,-0.0416,9.8065,-0.2943,-0.0035,0.0208,-14.5,-33.81,26.94,324.66,-84.06,176.06
52.395294,-1.554733,158.4,19.63,3,146.32,20 / 22,2449910,2019-09-06 20:00:55:653,-1.4555,1.0085,10.5634,-0.017,0.0247,9.8065,0.175,0.0987,-0.0557,-14.75,-32.94,27.25,323.18,-83.95,176.27
52.395294,-1.554733,158.4,19.63,3,146.32,20 / 22,2450009,2019-09-06 20:00:55:752,0.4575,0.5262,10.4698,0.0003,0.008,9.8066,0.1244,0.0988,-0.0311,-14.31,-32.81,26.88,323.51,-83.98,174.96
52.395294,-1.554733,158.4,19.63,3,146.32,20 / 22,2450109,2019-09-06 20:00:55:852,-0.2998,-0.0872,10.0974,0.0049,-0.0021,9.8066,-0.0161,0.0194,-0.0079,-14.69,-33,27.38,321.3,-83.75,174.71
52.395294,-1.554733,158.4,19.63,3,146.32,20 / 22,2450210,2019-09-06 20:00:55:953,0.8327,-0.7158,9.7775,-0.0018,-0.0025,9.8066,-0.0186,-0.0492,0.0224,-15.12,-33.19,26.63,322.44,-83.68,175.78
52.395294,-1.554733,158.4,19.63,3,146.32,20 / 22,2450310,2019-09-06 20:00:56:053,-0.1611,0.0201,9.8539,0.0012,0.0073,9.8066,0.0149,0.0488,-0.0182,-14.94,-32.87,26.75,322.53,-83.75,175.81
52.395294,-1.554733,158.4,19.63,3,146.32,18 / 21,2450410,2019-09-06 20:00:56:153,0.2868,-0.0886,9.6981,0.003,0.0058,9.8066,0.0506,0.0056,0.0005,-14.87,-32.87,27.13,321.67,-83.73,175.05
52.395294,-1.554733,158.4,19.63,3,146.32,18 / 21,2450509,2019-09-06 20:00:56:252,0.2709,-0.3303,9.6561,-0.0048,-0.0017,9.8066,-0.1056,0.0103,0.0125,-14.75,-33.62,27.69,322.34,-83.7,174.81
52.395294,-1.554733,158.4,19.63,3,146.32,18 / 21,2450609,2019-09-06 20:00:56:352,-0.1286,0.0418,9.6398,-0.0041,0.0076,9.8066,0.0036,0.0539,-0.0058,-14.12,-34.5,27.75,324.42,-83.78,175.08
52.395294,-1.554733,158.4,19.63,3,146.32,18 / 21,2450710,2019-09-06 20:00:56:453,0.3656,0.0881,10.1508,-0.0011,0.0124,9.8066,0.0035,-0.005,-0.02,-14,-34.87,27.94,323.73,-83.81,174.55
52.395294,-1.554733,158.4,19.63,3,146.32,18 / 21,2450810,2019-09-06 20:00:56:553,-0.3202,0.0127,10.3067,0.0017,0.003,9.8066,-0.0036,0.0396,-0.0305,-12.44,-37.19,28.81,327.85,-83.7,174.44
52.395294,-1.554733,158.4,19.63,3,146.32,18 / 21,2450910,2019-09-06 20:00:56:653,-0.0743,0.4647,10.6327,-0.0063,0.0102,9.8066,-0.0298,0.0279,0.0474,-11.25,-38.25,26.88,327.12,-83.75,173.87
52.395294,-1.554733,158.4,19.63,3,146.32,18 / 21,2451010,2019-09-06 20:00:56:753,0.8818,-0.5363,9.1673,-0.001,-0.0145,9.8066,-0.0137,0.0273,-0.0514,-12.81,-36.75,25.44,321.29,-83.75,174.07
52.395294,-1.554733,158.4,19.63,3,146.32,18 / 21,2451110,2019-09-06 20:00:56:853,-0.3944,0.8696,10.5887,-0.0116,0.0151,9.8065,0.1162,-0.001,0.0352,-14.75,-34.94,26.38,320.38,-83.51,175.38
52.395294,-1.554733,158.4,19.63,3,146.32,18 / 21,2451209,2019-09-06 20:00:56:952,-0.3536,-0.6074,10.0201,-0.0057,0.0049,9.8066,0.2522,-0.0126,0.0336,-15.12,-33.62,26.44,320.86,-83.69,175.53
52.395294,-1.554733,158.4,19.63,3,146.32,18 / 21,2451309,2019-09-06 20:00:57:052,0.0674,-0.5494,9.4166,-0.0103,0.0136,9.8066,-0.0983,0.075,-0.0561,-14.81,-33.87,26.94,322.17,-83.77,175.6
52.395294,-1.554733,158.4,19.63,3,146.32,17 / 20,2451410,2019-09-06 20:00:57:153,-0.7151,-0.0101,9.7124,-0.0117,0.0321,9.8066,0.0475,-0.0076,0.0368,-15.44,-33.37,26.56,321.75,-83.77,175.1
52.395294,-1.554733,158.4,19.63,3,146.32,17 / 20,2451509,2019-09-06 20:00:57:252,-0.0429,-0.3636,9.9859,-0.0198,0.0275,9.8066,-0.0168,0.0578,0.0247,-14.94,-33.62,26.69,321.21,-83.99,174.57
52.395294,-1.554733,158.4,19.63,3,146.32,17 / 20,2451610,2019-09-06 20:00:57:353,-0.0048,0.2177,10.4435,0.0191,-0.0254,9.8065,0.0056,0.0157,-0.0161,-15.56,-33.31,26.56,319.88,-83.78,174.92
52.395294,-1.554733,158.4,19.63,3,146.32,17 / 20,2451709,2019-09-06 20:00:57:452,-0.2511,-0.1268,9.5202,0.0042,-0.0195,9.8066,-0.039,-0.0265,0.064,-15.19,-33.62,27.06,321.94,-83.8,175.37
52.395294,-1.554733,158.4,19.63,3,146.32,17 / 20,2451809,2019-09-06 20:00:57:552,-0.3685,0.2103,9.6507,-0.0255,0.0177,9.8065,0.0057,0.0202,0.0633,-14.87,-33.31,26.94,323.97,-83.97,176.97
52.395294,-1.554733,158.4,19.63,3,146.32,17 / 20,2451910,2019-09-06 20:00:57:653,-0.6856,0.4749,10.0203,-0.0264,0.0048,9.8065,0.0445,0.0051,-0.0196,-15.25,-32.81,26.63,326.03,-84,178.81
52.395294,-1.554733,158.4,19.63,3,146.32,17 / 20,2452010,2019-09-06 20:00:57:753,-0.4482,-0.1692,10.5289,0.0105,-0.0039,9.8066,0.0639,0.0007,0.0048,-15.5,-33.44,26.5,326.27,-83.92,179.08
52.395294,-1.554733,158.4,19.63,3,146.32,17 / 20,2452110,2019-09-06 20:00:57:853,0.4529,0.1357,10.4118,0.0082,-0.0057,9.8066,0.0216,-0.0146,0.0141,-15.56,-33.19,27,323.57,-83.8,178.25
52.395294,-1.554733,158.4,19.63,3,146.32,17 / 20,2452210,2019-09-06 20:00:57:953,-0.3238,-0.202,9.5237,-0.005,0.0026,9.8066,-0.0528,-0.0202,-0.0196,-15.5,-33,26.5,325.12,-83.79,178.13
52.395294,-1.554733,158.4,19.63,3,146.32,17 / 20,2452310,2019-09-06 20:00:58:053,-0.0084,0.7156,9.4825,-0.0105,0.0117,9.8065,0.0616,-0.0326,0.0046,-15.56,-32.56,26.44,322.15,-83.89,177.97
52.395294,-1.554733,158.4,19.63,3,146.32,17 / 21,2452410,2019-09-06 20:00:58:153,-0.2434,0.3537,10.0914,-0.0097,0.0168,9.8065,0.0472,0.0094,-0.0063,-15.5,-33,26.69,324.33,-84.08,177.22
52.395294,-1.554733,158.4,19.63,3,146.32,17 / 21,2452510,2019-09-06 20:00:58:253,0.2706,-0.2623,10.3476,0.0101,-0.0182,9.8066,-0.0632,0.0258,0.0038,-16.12,-31.87,26,321.26,-84.12,176.87
52.395294,-1.554733,158.4,19.63,3,146.32,17 / 21,2452610,2019-09-06 20:00:58:353,0.179,-1.2121,10.0718,0.0196,-0.0275,9.8065,-0.0719,-0.0236,0.0247,-16.62,-31.19,26.38,320.22,-84.11,177.31
52.395294,-1.554733,158.4,19.63,3,146.32,17 / 21,2452709,2019-09-06 20:00:58:452,-0.8598,0.4504,10.7236,0.0178,-0.0243,9.8065,0.1568,0.0064,-0.0374,-16.06,-30.62,26.88,322.99,-83.88,177.44
52.395294,-1.554733,158.4,19.63,3,146.32,17 / 21,2452809,2019-09-06 20:00:58:552,0.0181,-1.2719,9.6417,-0.0081,0.0347,9.8066,0.164,-0.0789,0.0336,-15.87,-31.75,27.06,320.7,-83.93,175.44
52.395294,-1.554733,158.4,19.63,3,146.32,17 / 21,2452909,2019-09-06 20:00:58:652,0.4235,0.1629,9.6812,-0.0272,0.0346,9.8065,-0.1469,-0.0338,0.0322,-15.25,-32.5,26.31,321.55,-84,175.67
52.395294,-1.554733,158.4,19.63,3,146.32,17 / 21,2453010,2019-09-06 20:00:58:753,-0.5965,0.0128,10.1105,0.0072,-0.0056,9.8066,-0.0452,-0.0385,0.0263,-15.75,-32.94,26.75,320.99,-84.01,175.76
52.395294,-1.554733,158.4,19.63,3,146.32,17 / 21,2453111,2019-09-06 20:00:58:854,0.1566,0.6781,9.3712,0.0124,-0.0227,9.8066,0.1027,-0.0578,0.0058,-15.25,-33.19,26.13,322.09,-83.95,176.32
52.395294,-1.554733,158.4,19.63,3,146.32,17 / 21,2453210,2019-09-06 20:00:58:953,-0.6339,-0.5345,9.5466,-0.0124,0.0188,9.8066,0.0398,-0.0495,-0.0016,-15.06,-33.25,26.69,322.96,-83.82,176.16
52.395294,-1.554733,158.4,19.63,3,146.32,17 / 21,2453310,2019-09-06 20:00:59:053,-0.2773,0.5231,9.8176,-0.0271,0.0267,9.8066,-0.1049,0.0119,0.0397,-15.75,-33,26.56,321.63,-84.05,176.32
52.395294,-1.554733,158.4,19.63,3,146.32,17 / 20,2453409,2019-09-06 20:00:59:152,-0.439,-0.1907,10.5166,-0.0057,-0.001,9.8066,0.0952,0.0104,0.0072,-16,-33.06,26.69,322.24,-84.08,176.86
52.395294,-1.554733,158.4,19.63,3,146.32,17 / 20,2453510,2019-09-06 20:00:59:253,0.2098,-0.5046,9.1922,-0.008,0.0122,9.8066,0.0842,0.0419,0.0191,-15.5,-33.06,26.25,322.78,-84.1,176.84
52.395294,-1.554733,158.4,19.63,3,146.32,17 / 20,2453609,2019-09-06 20:00:59:352,0.2564,0.0632,9.827,0.0037,0.0007,9.8066,0.0056,-0.024,-0.0192,-15.5,-33.62,26.44,322.32,-83.94,176.66
52.395294,-1.554733,158.4,19.63,3,146.32,17 / 20,2453709,2019-09-06 20:00:59:452,-0.2674,-0.2472,10.1597,-0.0137,0.0189,9.8065,0.0381,-0.0145,-0.0361,-15.37,-33.5,26.38,322.28,-84.07,176.41
52.395294,-1.554733,158.4,19.63,3,146.32,17 / 20,2453810,2019-09-06 20:00:59:553,0.1056,-0.7154,9.8593,0.0026,-0.0207,9.8065,-0.0615,-0.0042,0.015,-15.69,-33.37,26.19,322,-83.98,177.77
52.395294,-1.554733,158.4,19.63,3,146.32,17 / 20,2453910,2019-09-06 20:00:59:653,-1.2126,0.9913,10.0403,0.019,-0.0137,9.8066,0.0726,0.0127,-0.0032,-15.56,-33.06,26.19,321.45,-83.97,177.28
52.395294,-1.554733,158.4,19.63,3,146.32,17 / 20,2454010,2019-09-06 20:00:59:753,-0.3301,0.0307,10.179,-0.0023,0.0147,9.8066,-0.0659,-0.014,-0.0295,-15.69,-33.12,26.19,320.41,-84.07,176.25
52.395294,-1.554733,158.4,19.63,3,146.32,17 / 20,2454110,2019-09-06 20:00:59:853,-0.331,-0.1876,9.9409,-0.0046,0.0118,9.8066,0.0053,0.0208,0.0026,-15,-33.25,26,321.59,-84.08,175.77
52.395294,-1.554733,158.4,19.63,3,146.32,17 / 20,2454210,2019-09-06 20:00:59:953,-0.1434,0.0773,9.9402,-0.0042,0.0061,9.8066,-0.0826,0.0505,0.032,-15.12,-32.94,26.44,321.74,-84.1,175.89
52.395294,-1.554733,158.4,19.63,3,146.32,17 / 20,2454309,2019-09-06 20:01:00:052,-0.9073,0.1262,9.3999,-0.0088,0.0064,9.8066,-0.0456,-0.0136,0.0141,-15.62,-32.56,26.44,320.59,-84.28,176.26
52.39409,-1.553204,155.2,18.01,3,138.75,18 / 21,2454409,2019-09-06 20:01:00:152,-0.8691,0.403,10.173,-0.0087,-0.0063,9.8066,-0.1067,0.0224,-0.0231,-16.12,-31.87,26.31,320.82,-84.32,176.33
52.39409,-1.553204,155.2,18.01,3,138.75,18 / 21,2454510,2019-09-06 20:01:00:253,0.621,0.0524,9.9419,0.0176,-0.0134,9.8066,0.044,-0.0421,0.0377,-16.12,-31.06,25.63,321.43,-84.32,176.77
52.39409,-1.553204,155.2,18.01,3,138.75,18 / 21,2454609,2019-09-06 20:01:00:352,0.0404,-0.4042,10.1712,-0.0003,-0.003,9.8066,0.0413,0.0015,-0.0391,-15.81,-31.87,26.69,322.35,-84.16,176.79
52.39409,-1.553204,155.2,18.01,3,138.75,18 / 21,2454710,2019-09-06 20:01:00:453,-0.276,0.67,10.1142,0.0095,-0.0059,9.8066,-0.0466,0.0064,0.0135,-15.81,-32.62,26.5,321.5,-84.16,176.12
52.39409,-1.553204,155.2,18.01,3,138.75,18 / 21,2454809,2019-09-06 20:01:00:552,0.4548,0.3624,9.8029,0.0038,0.0087,9.8065,0.0276,-0.0067,-0.0243,-15.62,-33.19,26.88,321.11,-84.17,175.76
52.39409,-1.553204,155.2,18.01,3,138.75,18 / 21,2454910,2019-09-06 20:01:00:653,-0.5944,0.8283,9.5651,0.0064,0.0154,9.8065,-0.0349,0.0114,-0.0178,-15.69,-33.44,25.94,318.4,-84.22,174.31
52.39409,-1.553204,155.2,18.01,3,138.75,18 / 21,2455010,2019-09-06 20:01:00:753,0.1982,1.1155,9.5269,-0.014,0.0196,9.8066,-0.0332,0.0672,-0.0611,-15.87,-33.44,26.19,317.85,-84.31,173.73
52.39409,-1.553204,155.2,18.01,3,138.75,18 / 21,2455110,2019-09-06 20:01:00:853,-0.3793,0.8658,9.741,-0.0056,0.0204,9.8066,0.0786,-0.0267,0.0208,-15.69,-33.62,25.94,316.69,-84.3,172.8
52.39409,-1.553204,155.2,18.01,3,138.75,18 / 21,2455209,2019-09-06 20:01:00:952,0.2399,0.0117,9.6093,0.0053,0.0039,9.8066,0.0407,0.0234,-0.0451,-16.25,-33.5,26.31,316.12,-84.29,172.16
52.39409,-1.553204,155.2,18.01,3,138.75,18 / 21,2455309,2019-09-06 20:01:01:052,-0.2312,1.0209,9.5561,0.0047,0.008,9.8066,-0.0367,-0.0116,-0.013,-15.56,-33.75,25.88,314.74,-84.37,170.95
52.39409,-1.553204,155.2,18.01,3,138.75,17 / 20,2455410,2019-09-06 20:01:01:153,-0.2639,1.0892,9.889,0.0011,0.0022,9.8066,0.0535,0.0139,0.0428,-15.81,-33.81,26.63,315.17,-84.48,170.18
52.39409,-1.553204,155.2,18.01,3,138.75,17 / 20,2455509,2019-09-06 20:01:01:252,0.2068,0.1236,10.2795,-0.0006,-0.0147,9.8066,-0.004,0.0226,0.0085,-15.44,-34.19,25.81,316.17,-84.51,170.6
52.39409,-1.553204,155.2,18.01,3,138.75,17 / 20,2455610,2019-09-06 20:01:01:353,-0.7285,1.3346,9.1331,0.0126,-0.0171,9.8066,0.0085,-0.0242,0.0078,-16.19,-33.69,26,315.74,-84.39,171.85
52.39409,-1.553204,155.2,18.01,3,138.75,17 / 20,2455709,2019-09-06 20:01:01:452,-0.2053,0.813,10.0777,-0.0158,0.0306,9.8066,-0.0259,0.0179,-0.03,-15.5,-33.56,25.88,316.52,-84.61,170.83
52.39409,-1.553204,155.2,18.01,3,138.75,17 / 20,2455810,2019-09-06 20:01:01:553,-1.0188,0.4028,9.6179,-0.0032,0.0187,9.8066,0.0487,0.053,-0.0479,-15.69,-33.75,25.81,313.87,-84.62,169.93
52.39409,-1.553204,155.2,18.01,3,138.75,17 / 20,2455910,2019-09-06 20:01:01:653,-0.3706,0.8808,10.4901,0.0118,-0.006,9.8066,0.0574,-0.0004,0.0617,-15.69,-33.94,25.56,313.62,-84.47,169.83
52.39409,-1.553204,155.2,18.01,3,138.75,17 / 20,2456010,2019-09-06 20:01:01:753,-1.1814,0.3954,9.3778,-0.0014,-0.0183,9.8066,0.0231,0.0898,-0.0256,-15.94,-33.87,26.06,314.86,-84.41,171.02
52.39409,-1.553204,155.2,18.01,3,138.75,17 / 20,2456110,2019-09-06 20:01:01:853,-0.975,1.9235,9.8544,-0.0301,0.0199,9.8066,0.0902,-0.0457,0.0696,-16.12,-33.06,25.63,315.6,-84.29,171.67
52.39409,-1.553204,155.2,18.01,3,138.75,17 / 20,2456210,2019-09-06 20:01:01:953,-0.6837,-0.1578,9.1954,-0.009,-0.0043,9.8066,-0.1439,0.0262,0.0653,-16.37,-32.44,25.94,318.44,-84.42,174.06
52.39409,-1.553204,155.2,18.01,3,138.75,17 / 20,2456310,2019-09-06 20:01:02:053,0.6265,1.5013,9.6872,0.0215,-0.0415,9.8065,-0.1448,0.1096,-0.054,-17.12,-31,25.88,316.83,-84.29,174.06
52.39409,-1.553204,155.2,18.01,3,138.75,18 / 21,2456410,2019-09-06 20:01:02:153,-1.0036,1.4654,10.2424,-0.014,0.0099,9.8066,0.1501,-0.0768,0.029,-17.62,-30.56,26.31,315.38,-84.5,173.99
52.39409,-1.553204,155.2,18.01,3,138.75,18 / 21,2456510,2019-09-06 20:01:02:253,0.9323,0.9732,10.36,0.0086,-0.0184,9.8065,0.138,0.0692,-0.0286,-17.12,-30.81,26.13,314.64,-84.43,171.92
52.39409,-1.553204,155.2,18.01,3,138.75,18 / 21,2456609,2019-09-06 20:01:02:352,-0.5622,-0.1078,10.2046,0.0047,-0.0226,9.8065,-0.0485,0.0853,-0.0467,-16.31,-32.12,26.13,318.11,-84.23,173.9
52.39409,-1.553204,155.2,18.01,3,138.75,18 / 21,2456710,2019-09-06 20:01:02:453,-1.0561,-0.1294,10.3977,-0.0029,-0.0325,9.8065,0.0059,-0.0729,0.0764,-16.75,-32.5,26.19,317.71,-84.34,174.95
52.39409,-1.553204,155.2,18.01,3,138.75,18 / 21,2456809,2019-09-06 20:01:02:552,-1.722,0.5578,9.3399,0.0055,-0.0104,9.8066,-0.0219,0.0041,0.0367,-16.37,-32.94,25.69,320.62,-84.33,176.25
52.39409,-1.553204,155.2,18.01,3,138.75,18 / 21,2456909,2019-09-06 20:01:02:652,0.0186,2.0666,8.7933,0.0169,-0.0279,9.8066,-0.0552,0.0609,-0.0438,-16.5,-33.31,25.5,321.99,-84.19,177.61
52.39409,-1.553204,155.2,18.01,3,138.75,18 / 21,2457009,2019-09-06 20:01:02:752,-0.0962,0.1298,9.8575,-0.0392,0.0415,9.8064,0.0384,-0.0326,0.0302,-16.75,-33.19,25.94,320.85,-84.59,177.79
52.39409,-1.553204,155.2,18.01,3,138.75,18 / 21,2457109,2019-09-06 20:01:02:852,-0.4861,1.8451,10.5598,-0.0197,0.0367,9.8065,0.0258,0.0767,-0.0089,-16.75,-33.69,26.06,320.05,-84.64,177.13
52.39409,-1.553204,155.2,18.01,3,138.75,18 / 21,2457210,2019-09-06 20:01:02:953,-2.4849,0.764,10.2226,0.0278,-0.0162,9.8066,-0.1089,0.0768,-0.0716,-16.87,-33.5,26.19,319.87,-84.38,177.03
52.39409,-1.553204,155.2,18.01,3,138.75,18 / 21,2457310,2019-09-06 20:01:03:053,1.3396,0.3702,9.391,0.0081,-0.013,9.8066,-0.062,-0.0876,0.0557,-17,-33,25.69,319.81,-84.44,176.94
52.39409,-1.553204,155.2,18.01,3,138.75,18 / 20,2457410,2019-09-06 20:01:03:153,-0.9473,1.7726,9.6694,-0.0155,0.0073,9.8066,0.0767,-0.0385,-0.0093,-16.5,-33.19,25.81,320.8,-84.43,176.35
52.39409,-1.553204,155.2,18.01,3,138.75,18 / 20,2457509,2019-09-06 20:01:03:252,-0.6369,-0.0683,9.1106,-0.0166,0.022,9.8066,0.1187,0.0787,-0.0672,-16.69,-33.44,25.88,319.33,-84.73,176.28
52.39409,-1.553204,155.2,18.01,3,138.75,18 / 20,2457609,2019-09-06 20:01:03:352,-0.4106,-0.2082,9.6812,0.0039,0.0291,9.8065,-0.1465,0.0403,-0.0453,-16.56,-33.94,25.94,317.44,-85.02,174.41
52.39409,-1.553204,155.2,18.01,3,138.75,18 / 20,2457710,2019-09-06 20:01:03:453,-1.7628,0.8078,10.4036,-0.0104,0.0213,9.8066,0.0569,-0.0319,-0.0247,-16.06,-34.25,25.69,318.29,-85.26,173.51
52.39409,-1.553204,155.2,18.01,3,138.75,18 / 20,2457809,2019-09-06 20:01:03:552,0.9074,1.2451,10.3423,0.0231,-0.0335,9.8065,0.0312,-0.0619,0.0745,-16.37,-33.62,25.69,316.11,-84.88,171.79
52.39409,-1.553204,155.2,18.01,3,138.75,18 / 20,2457910,2019-09-06 20:01:03:653,-1.5177,1.6739,9.7089,-0.0334,0.0418,9.8064,-0.1725,0.0627,-0.0468,-16.56,-33.56,25.94,315.73,-84.38,173.35
52.39409,-1.553204,155.2,18.01,3,138.75,18 / 20,2458009,2019-09-06 20:01:03:752,-1.4912,0.2677,9.7696,-0.0389,0.0274,9.8065,0.1464,0.0045,0.0683,-16.87,-33.62,26.06,316.69,-84.32,174.28
52.39409,-1.553204,155.2,18.01,3,138.75,18 / 20,2458109,2019-09-06 20:01:03:852,0.14,-0.9821,10.2777,-0.0632,0.0665,9.8062,0.1552,0.0247,-0.0242,-16.69,-33.25,25.88,319.46,-84.91,176.27
52.39409,-1.553204,155.2,18.01,3,138.75,18 / 20,2458210,2019-09-06 20:01:03:953,-2.6774,1.508,10.8504,0.0153,0.0064,9.8066,-0.0006,0.0508,-0.0777,-16.69,-33,25.81,318.89,-84.97,175.7
52.39409,-1.553204,155.2,18.01,3,138.75,18 / 20,2458310,2019-09-06 20:01:04:053,0.258,-0.0984,9.6509,0.0111,0.016,9.8066,0.0671,-0.0635,0.0154,-16.44,-33.44,25.81,317.44,-84.89,172.9
52.39409,-1.553204,155.2,18.01,3,138.75,17 / 20,2458409,2019-09-06 20:01:04:152,-0.9564,-0.23,9.8275,0.0198,-0.0262,9.8066,-0.1194,-0.0382,0.019,-16.25,-32.75,26.25,315.6,-84.54,171.48
52.39409,-1.553204,155.2,18.01,3,138.75,17 / 20,2458510,2019-09-06 20:01:04:253,-0.9498,1.1413,9.4604,-0.0173,0.024,9.8065,-0.1441,0.0127,-0.0046,-16.31,-32.5,25.5,316.88,-84.61,172.48
52.39409,-1.553204,155.2,18.01,3,138.75,17 / 20,2458609,2019-09-06 20:01:04:352,-0.3629,0.2188,10.1615,0.0029,0.0025,9.8066,0.0233,-0.0163,-0.0133,-16.75,-33.12,25.81,315.03,-84.74,172.29
52.39409,-1.553204,155.2,18.01,3,138.75,17 / 20,2458710,2019-09-06 20:01:04:453,-0.0923,-0.5013,9.6452,-0.02,-0.0015,9.8065,0.0385,-0.0106,0.0202,-16.81,-32.37,25.38,314.47,-84.78,172.75
52.39409,-1.553204,155.2,18.01,3,138.75,17 / 20,2458809,2019-09-06 20:01:04:552,-1.6607,0.6219,9.6341,-0.0074,0.0154,9.8066,-0.0158,-0.0144,-0.0423,-16.62,-32.25,25.44,315.36,-84.94,173.46
52.39409,-1.553204,155.2,18.01,3,138.75,17 / 20,2458909,2019-09-06 20:01:04:652,-0.059,0.4506,9.6404,0.005,0.007,9.8066,-0.0604,-0.0045,-0.0303,-16.87,-31.87,24.81,314.75,-84.89,172.93
52.39409,-1.553204,155.2,18.01,3,138.75,17 / 20,2459010,2019-09-06 20:01:04:753,-0.9205,0.3176,9.7279,-0.011,0.018,9.8066,0.1106,0.0131,0.0427,-16.94,-31.37,25.19,313.65,-84.87,171.79
52.39409,-1.553204,155.2,18.01,3,138.75,17 / 20,2459109,2019-09-06 20:01:04:852,-0.0329,-0.3761,10.0867,-0.0328,0.0307,9.8065,0.0582,0.0132,0.0357,-16.06,-31.31,23.69,314.79,-84.99,172.41
52.39409,-1.553204,155.2,18.01,3,138.75,17 / 20,2459209,2019-09-06 20:01:04:952,-1.5687,-0.2074,9.9754,0.0087,-0.0136,9.8066,0.0323,-0.0061,-0.0187,-16,-32.37,22.31,312.28,-85.01,172.77
52.39409,-1.553204,155.2,18.01,3,138.75,17 / 20,2459310,2019-09-06 20:01:05:053,-1.0046,1.3202,10.574,-0.0027,0.0024,9.8066,0.0951,-0.0814,-0.0149,-14.5,-37,20.69,313.54,-84.99,172.68
52.39409,-1.553204,155.2,18.01,3,138.75,19 / 21,2459409,2019-09-06 20:01:05:152,-1.856,0.1362,9.7026,0.0193,-0.027,9.8065,-0.0509,-0.0351,0.0048,-13.44,-40.87,22.13,317.28,-84.72,173.75
52.39409,-1.553204,155.2,18.01,3,138.75,19 / 21,2459509,2019-09-06 20:01:05:252,-1.0004,0.2432,9.5838,0.0039,-0.0101,9.8066,0.0451,0.0035,0.0125,-13.25,-41.37,26.19,321.86,-84.76,173.11
52.39409,-1.553204,155.2,18.01,3,138.75,19 / 21,2459610,2019-09-06 20:01:05:353,-0.9438,0.1133,10.0652,0.0095,0.0031,9.8066,-0.0559,0.0021,-0.0087,-13.69,-37.69,29.81,324.8,-84.83,173.35
52.39409,-1.553204,155.2,18.01,3,138.75,19 / 21,2459709,2019-09-06 20:01:05:452,-1.0411,1.1085,10.3876,-0.0035,-0.0058,9.8066,-0.0154,-0.0042,-0.0132,-14.75,-33.5,28.13,321.44,-84.93,173.01
52.39409,-1.553204,155.2,18.01,3,138.75,19 / 21,2459810,2019-09-06 20:01:05:553,0.6902,0.0734,9.9613,-0.0029,0.0042,9.8065,0.0574,-0.0329,-0.0005,-16.06,-32.87,27.31,318.17,-84.87,172.54
52.39409,-1.553204,155.2,18.01,3,138.75,19 / 21,2459910,2019-09-06 20:01:05:653,-0.4317,-0.8468,10.0225,0.01,-0.0236,9.8066,0.0544,-0.053,0.0269,-16.37,-33.19,26.69,319.21,-84.77,173.57
52.39409,-1.553204,155.2,18.01,3,138.75,19 / 21,2460010,2019-09-06 20:01:05:753,-1.163,-0.2172,10.1612,0.0145,-0.0199,9.8065,-0.0643,-0.0343,-0.0211,-16,-33.06,26.94,319.84,-84.62,174.27
52.39409,-1.553204,155.2,18.01,3,138.75,19 / 21,2460110,2019-09-06 20:01:05:853,-0.9592,1.1824,9.7264,-0.0164,0.044,9.8065,-0.0447,0.0078,-0.0455,-15.75,-33.44,27.13,318.33,-84.59,172.9
52.39409,-1.553204,155.2,18.01,3,138.75,19 / 21,2460209,2019-09-06 20:01:05:952,-1.2087,0.6326,9.4229,-0.0133,0.0201,9.8065,0.0726,-0.0024,0.001,-16.12,-33.19,26.56,317.99,-84.61,172.56
52.39409,-1.553204,155.2,18.01,3,138.75,19 / 21,2460309,2019-09-06 20:01:06:052,-0.5106,0.854,9.8599,-0.0157,0.0221,9.8066,0.0416,-0.0423,0.0027,-15.69,-33.31,25.81,316.39,-84.73,172.05
52.39409,-1.553204,155.2,18.01,3,138.75,18 / 19,2460410,2019-09-06 20:01:06:153,-1.0921,0.1452,10.1576,0.0019,0.002,9.8066,-0.0317,0.0006,-0.0203,-16,-33.25,26.44,315.74,-84.85,171.35
52.39409,-1.553204,155.2,18.01,3,138.75,18 / 19,2460509,2019-09-06 20:01:06:252,0.297,-0.2588,9.6629,-0.0143,0.015,9.8065,-0.0141,0.0042,-0.0129,-15.75,-33.06,25.69,316.34,-84.96,171.82
52.39409,-1.553204,155.2,18.01,3,138.75,18 / 19,2460610,2019-09-06 20:01:06:353,-0.6771,-0.0423,9.9862,0.0104,-0.0192,9.8066,-0.0009,-0.0413,0.0099,-15.75,-33.62,25.81,315.55,-85,171.17
52.39409,-1.553204,155.2,18.01,3,138.75,18 / 19,2460709,2019-09-06 20:01:06:452,-0.7541,0.9298,10.0791,0.0076,-0.004,9.8065,-0.0822,0.0019,0.0032,-15.69,-33.44,26.31,315.63,-84.96,171.16
52.39409,-1.553204,155.2,18.01,3,138.75,18 / 19,2460810,2019-09-06 20:01:06:553,-0.32,-0.2427,10.6108,-0.0138,0.0263,9.8066,0.0609,-0.0062,0.0023,-15.75,-32.94,26.19,315.71,-85.08,171.14
52.39409,-1.553204,155.2,18.01,3,138.75,18 / 19,2460909,2019-09-06 20:01:06:652,-0.8312,0.1077,10.0406,-0.0207,0.0363,9.8065,0.0511,-0.0318,-0.0003,-15.81,-33.69,26.25,314.84,-85.13,170.4
52.39409,-1.553204,155.2,18.01,3,138.75,18 / 19,2461009,2019-09-06 20:01:06:752,-0.6677,1.2987,9.9836,0.003,-0.027,9.8065,0.0298,-0.0509,0.0371,-15.62,-34.5,26.38,316.5,-84.98,172.07
52.39409,-1.553204,155.2,18.01,3,138.75,18 / 19,2461110,2019-09-06 20:01:06:853,-1.2342,1.0988,10.3693,-0.003,0.0089,9.8066,-0.0138,-0.0529,-0.0214,-14.87,-34,26.44,318.02,-85.11,171.81
52.39409,-1.553204,155.2,18.01,3,138.75,18 / 19,2461210,2019-09-06 20:01:06:953,-0.5999,-0.2849,10.1915,-0.0009,-0.0011,9.8066,-0.0408,-0.0321,0.0056,-15.87,-33.25,26.63,318.6,-85.19,172.7
52.39409,-1.553204,155.2,18.01,3,138.75,18 / 19,2461309,2019-09-06 20:01:07:052,-0.7058,0.6178,9.7281,0.0044,-0.0075,9.8066,-0.061,-0.0162,-0.0086,-16.06,-33.25,26,317.27,-85.18,172.52
52.39409,-1.553204,155.2,18.01,3,138.75,19 / 21,2461410,2019-09-06 20:01:07:153,0.5268,-0.1597,10.1715,-0.0126,0.0097,9.8066,0.0207,-0.0743,0.0183,-16.25,-32.87,26.38,318.5,-85.29,173.58
52.39409,-1.553204,155.2,18.01,3,138.75,19 / 21,2461509,2019-09-06 20:01:07:252,-0.069,0.15,9.9988,-0.0019,0.0012,9.8066,-0.1005,-0.0779,-0.0271,-16.19,-32.87,26.44,318.83,-85.25,173.92
52.39409,-1.553204,155.2,18.01,3,138.75,19 / 21,2461610,2019-09-06 20:01:07:353,-1.0326,0.1086,9.6198,-0.0074,-0.0049,9.8066,0.0366,0.0126,0.0267,-16.06,-32.81,26.44,319.95,-85.24,174.97
52.39409,-1.553204,155.2,18.01,3,138.75,19 / 21,2461709,2019-09-06 20:01:07:452,-0.9608,1.4075,10.0543,-0.0022,-0.0017,9.8066,0.0541,0.0269,0.027,-16.19,-33.12,25.88,320.97,-85.26,175.9
52.39409,-1.553204,155.2,18.01,3,138.75,19 / 21,2461810,2019-09-06 20:01:07:553,-0.2477,-0.1791,9.6035,-0.0016,0.0005,9.8066,-0.0861,-0.0241,-0.0167,-15.81,-33.44,25.81,321.18,-85.32,176.05
52.39409,-1.553204,155.2,18.01,3,138.75,19 / 21,2461910,2019-09-06 20:01:07:653,-0.9721,0.5291,9.254,-0.0058,-0.0041,9.8066,-0.0415,0.0079,0.033,-15.75,-32.81,26.38,320.98,-85.32,175.87
52.39409,-1.553204,155.2,18.01,3,138.75,19 / 21,2462010,2019-09-06 20:01:07:753,-2.0531,1.5949,9.2904,-0.0063,0.0031,9.8066,0.0387,0.1106,0.0145,-16.31,-32.81,25.25,320.54,-85.38,176.52
52.39409,-1.553204,155.2,18.01,3,138.75,19 / 21,2462109,2019-09-06 20:01:07:852,-0.9904,1.6297,10.3173,-0.0095,-0.0078,9.8066,0.0895,-0.0072,0.0637,-15.81,-33.19,26.06,323.24,-85.4,177.91
52.39409,-1.553204,155.2,18.01,3,138.75,19 / 21,2462209,2019-09-06 20:01:07:952,0.2298,-0.216,10.0692,-0.0051,0.0123,9.8066,-0.0558,-0.0376,0.0208,-16.37,-32.06,25.81,321.63,-85.51,176.24
52.39409,-1.553204,155.2,18.01,3,138.75,19 / 21,2462310,2019-09-06 20:01:08:053,-0.7219,0.3916,9.9185,-0.0171,0.0234,9.8065,-0.0921,-0.0008,-0.0279,-16,-32.44,26.06,321.91,-85.58,176.46
52.39409,-1.553204,155.2,18.01,3,138.75,19 / 21,2462409,2019-09-06 20:01:08:152,-1.0619,0.3799,9.6335,0.0172,-0.0017,9.8066,-0.0549,0.0273,-0.0528,-15.87,-32.5,25.56,321.95,-85.63,176.46
52.39409,-1.553204,155.2,18.01,3,138.75,19 / 21,2462510,2019-09-06 20:01:08:253,-0.2248,0.249,9.2679,-0.0151,0.0214,9.8066,0.0106,-0.0166,0.0215,-16.37,-32.94,25.69,321.01,-85.6,175.69
52.39409,-1.553204,155.2,18.01,3,138.75,19 / 21,2462609,2019-09-06 20:01:08:352,-0.9365,1.4911,9.3874,-0.0209,0.0068,9.8065,0.1183,-0.0242,0.0337,-16.12,-33.12,25.81,321.93,-85.69,176.49
52.39409,-1.553204,155.2,18.01,3,138.75,19 / 21,2462710,2019-09-06 20:01:08:453,-0.0742,0.8744,9.805,-0.0051,0.0088,9.8066,0.0451,0.0578,-0.0091,-16.56,-33.06,25.56,320.84,-85.63,177.03
52.39409,-1.553204,155.2,18.01,3,138.75,19 / 21,2462810,2019-09-06 20:01:08:553,-0.2143,0.6542,9.8977,-0.0024,0.0001,9.8066,0.0382,-0.02,0.0083,-15.31,-32.81,25.94,324.13,-85.5,177.09
52.39409,-1.553204,155.2,18.01,3,138.75,19 / 21,2462910,2019-09-06 20:01:08:653,-0.554,0.6981,9.1844,-0.0147,0.0085,9.8066,0.092,0.0014,0.0192,-16.44,-33.25,25.31,322.58,-85.5,178.32
52.39409,-1.553204,155.2,18.01,3,138.75,19 / 21,2463010,2019-09-06 20:01:08:753,-0.9265,0.4147,9.5704,-0.0039,-0.0116,9.8066,0.0931,0.0109,0.0447,-15.62,-33.25,26.13,325.71,-85.43,-179.82
52.39409,-1.553204,155.2,18.01,3,138.75,19 / 21,2463110,2019-09-06 20:01:08:853,-0.2657,-0.1704,10.2185,0.0067,0.0045,9.8066,-0.0639,-0.0009,-0.0608,-16.12,-33.5,26.31,325.65,-85.69,179.96
52.39409,-1.553204,155.2,18.01,3,138.75,19 / 21,2463210,2019-09-06 20:01:08:953,-1.1957,1.5184,10.1969,0.0079,-0.0026,9.8066,-0.0976,-0.0033,-0.0058,-16,-33.5,26.13,324.01,-85.94,178.27
52.39409,-1.553204,155.2,18.01,3,138.75,19 / 21,2463310,2019-09-06 20:01:09:053,-1.0156,0.9961,10.43,0.0164,-0.0076,9.8066,-0.0212,0.024,-0.0103,-16.62,-33.37,25.75,321.13,-86.02,177.03
52.39325,-1.55188,151.71,9.55,3,135.67,19 / 21,2463409,2019-09-06 20:01:09:152,-0.1631,0.4728,9.8095,0.0092,-0.0158,9.8066,0.0235,0.029,0.0121,-16.44,-33.37,26.5,323.9,-86.05,177.07
52.39325,-1.55188,151.71,9.55,3,135.67,19 / 21,2463510,2019-09-06 20:01:09:253,0.2586,0.653,9.7427,0.0062,-0.0023,9.8066,-0.0297,0.0099,-0.0463,-16.62,-33.31,26.25,321.27,-85.64,177.43
52.39325,-1.55188,151.71,9.55,3,135.67,19 / 21,2463609,2019-09-06 20:01:09:352,0.4284,0.5911,9.6164,0.0075,0.0005,9.8066,-0.0619,-0.0028,0.0415,-16.25,-33.62,26.13,322.07,-85.59,176.78
52.39325,-1.55188,151.71,9.55,3,135.67,19 / 21,2463710,2019-09-06 20:01:09:453,0.3045,0.7358,9.914,-0.0137,0.0061,9.8066,-0.0869,0.0556,-0.0122,-16.87,-33.75,25.94,320.75,-85.7,176.99
52.39325,-1.55188,151.71,9.55,3,135.67,19 / 21,2463809,2019-09-06 20:01:09:552,-0.6456,0.5657,10.2035,-0.0151,0.0102,9.8066,0.0428,0.0877,-0.023,-17,-33.37,25.75,322.83,-85.94,178.68
52.39325,-1.55188,151.71,9.55,3,135.67,19 / 21,2463910,2019-09-06 20:01:09:653,0.4466,0.4825,9.9408,0.0134,-0.0077,9.8066,-0.035,0.0732,-0.0213,-17.31,-33.06,25.31,321.27,-85.87,178.38
52.39325,-1.55188,151.71,9.55,3,135.67,19 / 21,2464009,2019-09-06 20:01:09:752,0.6042,0.5358,9.6004,0.0162,-0.0255,9.8066,-0.0056,0.0737,-0.011,-16.37,-33.5,25.94,323.9,-85.84,178.23
52.39325,-1.55188,151.71,9.55,3,135.67,19 / 21,2464109,2019-09-06 20:01:09:852,0.7603,1.178,9.8194,-0.0109,0.0149,9.8066,0.018,0.0987,-0.0037,-17.5,-33.12,25.38,321.31,-85.96,178.35
52.39325,-1.55188,151.71,9.55,3,135.67,19 / 21,2464209,2019-09-06 20:01:09:952,0.2143,0.8937,10.2188,-0.0077,0.012,9.8066,-0.1221,0.1556,-0.0581,-17.06,-32.5,24.81,321.66,-86.05,178.53
52.39325,-1.55188,151.71,9.55,3,135.67,19 / 21,2464310,2019-09-06 20:01:10:053,0.7698,1.8713,9.9194,0.0274,-0.004,9.8066,-0.0763,0.1853,-0.015,-17.56,-33.62,24.44,316.72,-86.18,176.62
52.39325,-1.55188,151.71,9.55,3,135.67,20 / 22,2464409,2019-09-06 20:01:10:152,0.6835,1.1143,9.6175,0.0206,-0.0311,9.8065,0.0545,0.1897,0.0001,-17.31,-33.44,24.38,316.37,-86.01,174.85
52.39325,-1.55188,151.71,9.55,3,135.67,20 / 22,2464510,2019-09-06 20:01:10:253,0.469,1.3606,9.6521,-0.0126,-0.0025,9.8066,0.0402,0.1791,0.0045,-17.94,-34,23.94,317.21,-85.91,177.3
52.39325,-1.55188,151.71,9.55,3,135.67,20 / 22,2464610,2019-09-06 20:01:10:353,1.4682,0.6213,10.0867,-0.0059,0.0134,9.8066,-0.0119,0.2174,-0.0493,-17.81,-34.12,23.75,316.92,-85.79,177.13
52.39325,-1.55188,151.71,9.55,3,135.67,20 / 22,2464710,2019-09-06 20:01:10:453,1.7963,1.494,9.3859,0.0281,0.0001,9.8066,-0.1183,0.2385,-0.0697,-18.25,-34.19,24.13,312.07,-85.58,172.75
52.39325,-1.55188,151.71,9.55,3,135.67,20 / 22,2464809,2019-09-06 20:01:10:552,2.0244,1.9457,9.7333,0.0192,-0.0003,9.8066,0.028,0.2548,-0.0253,-18.37,-35.06,23.31,308.13,-85.72,170.3
52.39325,-1.55188,151.71,9.55,3,135.67,20 / 22,2464910,2019-09-06 20:01:10:653,1.2266,1.9893,10.5274,-0.0093,0.0394,9.8065,0.0111,0.3137,-0.1129,-18.75,-35,22.88,303.62,-85.86,167.3
52.39325,-1.55188,151.71,9.55,3,135.67,20 / 22,2465009,2019-09-06 20:01:10:752,2.0903,1.8375,9.8394,0.0045,0.0449,9.8065,-0.0213,0.3726,-0.0631,-18.62,-34.87,22.06,295.09,-85.92,160.42
52.39325,-1.55188,151.71,9.55,3,135.67,20 / 22,2465110,2019-09-06 20:01:10:853,2.3529,1.9249,9.8663,0.0531,-0.0346,9.8064,-0.0759,0.3353,0.0146,-19.06,-35.5,22.31,293.93,-85.46,159.83
52.39325,-1.55188,151.71,9.55,3,135.67,20 / 22,2465210,2019-09-06 20:01:10:953,-0.0248,2.939,11.4145,0.0509,-0.0394,9.8064,0.2827,0.2987,-0.0793,-19.94,-35.94,22.06,292.58,-85.25,160.25
52.39325,-1.55188,151.71,9.55,3,135.67,20 / 22,2465310,2019-09-06 20:01:11:053,3.7801,2.6736,10.086,-0.0398,0.0239,9.8065,0.4065,0.4902,-0.1957,-19.75,-35.31,21.81,293.11,-85.17,160.71
52.39325,-1.55188,151.71,9.55,3,135.67,20 / 22,2465410,2019-09-06 20:01:11:153,1.7643,0.3543,9.6524,0.054,-0.0338,9.8064,-0.2934,0.3736,-0.0026,-20.31,-35.44,21.38,291.41,-84.6,161.19
52.39325,-1.55188,151.71,9.55,3,135.67,20 / 22,2465509,2019-09-06 20:01:11:252,3.6953,2.1991,10.8036,-0.0094,0.0221,9.8066,-0.29,0.382,-0.0665,-19.81,-35.94,19.81,286.64,-84.56,158.38
52.39325,-1.55188,151.71,9.55,3,135.67,20 / 22,2465610,2019-09-06 20:01:11:353,0.0296,2.2609,10.9555,-0.02,0.0144,9.8066,0.1011,0.3647,-0.1013,-20.56,-35.56,18.69,282.25,-84.79,156.66
52.39325,-1.55188,151.71,9.55,3,135.67,20 / 22,2465710,2019-09-06 20:01:11:453,0.5367,2.0446,10.026,-0.0216,-0.0117,9.8065,0.1425,0.2949,0.0667,-20.06,-35.94,19.13,286,-84.84,159.04
52.39325,-1.55188,151.71,9.55,3,135.67,20 / 22,2465809,2019-09-06 20:01:11:552,1.9542,1.1779,9.8774,0.0495,-0.0092,9.8064,0.1322,0.388,-0.0649,-21,-35.19,19.25,285.36,-84.6,159.75
52.39325,-1.55188,151.71,9.55,3,135.67,20 / 22,2465910,2019-09-06 20:01:11:653,1.7016,2.5383,9.8825,0.0354,-0.0144,9.8065,-0.1303,0.3642,-0.0615,-20.62,-35.25,17.81,281.93,-84.1,158.74
52.39325,-1.55188,151.71,9.55,3,135.67,20 / 22,2466010,2019-09-06 20:01:11:753,0.5058,1.9264,10.0872,-0.0245,0.0144,9.8065,0.0582,0.3043,-0.0177,-20.5,-34.87,17.31,280.79,-84.29,158
52.39325,-1.55188,151.71,9.55,3,135.67,20 / 22,2466109,2019-09-06 20:01:11:852,1.9075,0.8884,9.8544,-0.0152,0.02,9.8066,0.072,0.3235,-0.0913,-21.06,-34.69,16.31,276.77,-84.32,157.02
52.39325,-1.55188,151.71,9.55,3,135.67,20 / 22,2466210,2019-09-06 20:01:11:953,1.6413,1.8515,9.8539,0.0283,-0.0004,9.8065,-0.0469,0.2219,-0.008,-21.19,-34.62,15.88,274.33,-84.13,154.86
52.39325,-1.55188,151.71,9.55,3,135.67,20 / 22,2466310,2019-09-06 20:01:12:053,0.4651,0.8298,10.667,0.022,0.0013,9.8066,-0.0055,0.2694,-0.0619,-21.31,-34.81,15.63,273.42,-83.98,154.16
52.39325,-1.55188,151.71,9.55,3,135.67,20 / 21,2466409,2019-09-06 20:01:12:152,1.1012,0.3376,9.8569,0.0222,-0.0078,9.8066,0.0795,0.2007,0.0057,-21.37,-34.5,15.13,271.84,-83.83,154.5
52.39325,-1.55188,151.71,9.55,3,135.67,20 / 21,2466509,2019-09-06 20:01:12:252,1.2391,-0.0457,9.5701,0.0175,-0.0213,9.8066,-0.0645,0.1587,0.0006,-21,-34.87,15.19,273.01,-83.46,156.42
52.39325,-1.55188,151.71,9.55,3,135.67,20 / 21,2466610,2019-09-06 20:01:12:353,0.9884,-0.3882,9.557,0.0118,-0.0181,9.8065,-0.0621,0.1515,0.0182,-21.69,-34.75,14.69,273.73,-83.29,158.35
52.39325,-1.55188,151.71,9.55,3,135.67,20 / 21,2466710,2019-09-06 20:01:12:453,0.1799,-0.7977,9.8432,-0.0045,-0.0052,9.8066,-0.0472,0.0726,0.0304,-21.56,-34,14.44,272.55,-83.4,158.76
52.39325,-1.55188,151.71,9.55,3,135.67,20 / 21,2466810,2019-09-06 20:01:12:553,-0.4001,-0.8768,10.0545,-0.0137,0.0046,9.8066,-0.0252,0.0715,0.0086,-22.06,-33.94,14.06,272.73,-83.77,158.45
52.39325,-1.55188,151.71,9.55,3,135.67,20 / 21,2466910,2019-09-06 20:01:12:653,0.1584,-0.6654,10.1797,-0.0005,-0.0054,9.8066,0.0427,0.0447,-0.0059,-21.69,-33.87,14.44,272.58,-83.84,158.2
52.39325,-1.55188,151.71,9.55,3,135.67,20 / 21,2467010,2019-09-06 20:01:12:753,-0.1708,-0.6449,10.2801,0.017,-0.014,9.8066,0.0665,0.0213,0.0273,-21.87,-33.94,14.19,273.48,-83.77,159.19
52.39325,-1.55188,151.71,9.55,3,135.67,20 / 21,2467110,2019-09-06 20:01:12:853,0.4225,-2.0596,9.9512,0.0331,-0.0262,9.8065,-0.0448,0.0035,0.0181,-22.37,-33.12,14.38,275.61,-83.59,161.31
52.39325,-1.55188,151.71,9.55,3,135.67,20 / 21,2467209,2019-09-06 20:01:12:952,-0.092,-1.3211,10.4426,0.0143,-0.0197,9.8066,-0.0102,-0.0488,0.0319,-22.44,-32.81,14.38,277.65,-83.44,163.53
52.39325,-1.55188,151.71,9.55,3,135.67,20 / 21,2467310,2019-09-06 20:01:13:053,0.2527,-0.7019,10.2139,-0.0025,-0.0156,9.8066,-0.1067,-0.153,0.1372,-22.69,-32.5,14.75,280.35,-83.57,164.72
52.39325,-1.55188,151.71,9.55,3,135.67,20 / 21,2467410,2019-09-06 20:01:13:153,-1.0688,-1.0729,9.0612,0.0086,-0.0195,9.8066,-0.1509,-0.0587,0.0273,-22.62,-32.62,15.25,282.35,-83.67,166.8
52.39325,-1.55188,151.71,9.55,3,135.67,20 / 21,2467510,2019-09-06 20:01:13:253,-1.3064,-2.3871,9.8744,0.028,-0.0282,9.8065,0.1441,-0.1224,-0.0089,-22.87,-32.12,14.81,283.53,-83.69,167.69
52.39325,-1.55188,151.71,9.55,3,135.67,20 / 21,2467609,2019-09-06 20:01:13:352,-0.0271,-1.7344,9.9841,-0.0169,0.0223,9.8066,0.1113,-0.2354,0.0262,-23.37,-32,15.31,283.99,-83.75,168.07
52.39325,-1.55188,151.71,9.55,3,135.67,20 / 21,2467710,2019-09-06 20:01:13:453,-0.3965,-2.691,8.743,-0.0121,0.0187,9.8066,-0.1077,-0.2252,0.025,-22.5,-32.19,15.88,286.38,-83.85,167.42
52.39325,-1.55188,151.71,9.55,3,135.67,20 / 21,2467809,2019-09-06 20:01:13:552,-1.3584,-2.6503,9.7942,-0.0076,-0.0137,9.8066,-0.0256,-0.1794,0.0713,-22.5,-32.94,16.69,288.01,-84.06,167.15
52.39325,-1.55188,151.71,9.55,3,135.67,20 / 21,2467910,2019-09-06 20:01:13:653,-1.1506,-3.4301,9.5728,-0.0101,0.0066,9.8066,-0.0699,-0.2775,0.0043,-22.56,-32.94,16.06,285.43,-84.24,167.26
52.39325,-1.55188,151.71,9.55,3,135.67,20 / 21,2468010,2019-09-06 20:01:13:753,-1.6799,-1.8216,10.0589,-0.0178,0.0119,9.8066,-0.0425,-0.2454,0.0007,-21.94,-32.62,16.63,288.18,-84.51,166.78
52.39325,-1.55188,151.71,9.55,3,135.67,20 / 21,2468110,2019-09-06 20:01:13:853,-1.2628,-3.4636,10.2064,-0.0187,0.0106,9.8066,-0.0016,-0.2212,-0.0059,-22.5,-32.81,17.31,287.59,-84.64,166.06
52.39325,-1.55188,151.71,9.55,3,135.67,20 / 21,2468210,2019-09-06 20:01:13:953,-0.1969,-2.626,9.8112,0.0187,-0.0061,9.8066,-0.0013,-0.2874,0.0262,-22.44,-33.19,18.25,289.03,-84.62,165.75
52.39325,-1.55188,151.71,9.55,3,135.67,20 / 21,2468310,2019-09-06 20:01:14:053,-1.1542,-2.389,9.8865,0.0075,-0.0036,9.8066,0.018,-0.246,0.0174,-22,-33.37,18.56,290.82,-84.53,165.92
52.39325,-1.55188,151.71,9.55,3,135.67,21 / 22,2468409,2019-09-06 20:01:14:152,-1.3399,-2.4303,9.4931,-0.0102,0.0015,9.8066,-0.0824,-0.2683,0.01,-21.31,-32.81,19.25,291.57,-84.63,165.37
52.39325,-1.55188,151.71,9.55,3,135.67,21 / 22,2468510,2019-09-06 20:01:14:253,-0.9778,-2.3685,9.93,-0.0104,0.0008,9.8066,0.079,-0.4092,0.0679,-21.69,-33.19,19.75,292.1,-84.6,165.49
52.39325,-1.55188,151.71,9.55,3,135.67,21 / 22,2468609,2019-09-06 20:01:14:352,-1.4794,-2.8689,9.827,-0.0085,-0.0039,9.8065,0.045,-0.3678,-0.0154,-20.94,-32.94,20.56,296,-84.66,166.44
52.39325,-1.55188,151.71,9.55,3,135.67,21 / 22,2468709,2019-09-06 20:01:14:452,-2.0392,-2.3182,9.4307,0.0092,0.0046,9.8066,0.1013,-0.3318,0.0986,-20.81,-32.87,21.13,296.16,-84.61,166.65
52.39325,-1.55188,151.71,9.55,3,135.67,21 / 22,2468809,2019-09-06 20:01:14:552,-2.5939,-2.6607,9.4214,-0.0255,0.0066,9.8066,-0.0122,-0.4016,0.0474,-20.31,-32.56,21.38,298.56,-84.71,167.57
52.39325,-1.55188,151.71,9.55,3,135.67,21 / 22,2468910,2019-09-06 20:01:14:653,-2.8848,-2.8126,9.705,-0.0189,0.0121,9.8066,0.0074,-0.2997,0.015,-20.5,-32.87,22.5,302.27,-84.8,168.16
52.39325,-1.55188,151.71,9.55,3,135.67,21 / 22,2469010,2019-09-06 20:01:14:753,-0.77,-2.9565,9.213,-0.041,0.0325,9.8065,0.0586,-0.275,0.0533,-19.25,-32.69,22.31,301.56,-85.23,167.08
52.39325,-1.55188,151.71,9.55,3,135.67,21 / 22,2469110,2019-09-06 20:01:14:853,-2.196,-3.7144,9.132,-0.0558,0.0397,9.8064,-0.3013,-0.3783,-0.0242,-19.5,-33.12,23.19,303.58,-85.57,167.3
52.39325,-1.55188,151.71,9.55,3,135.67,21 / 22,2469210,2019-09-06 20:01:14:953,-3.0724,-4.1,9.5786,0.0127,-0.0175,9.8066,-0.2059,-0.3514,0.0211,-19.56,-32.87,23.44,304.68,-86,169.32
52.39325,-1.55188,151.71,9.55,3,135.67,21 / 22,2469309,2019-09-06 20:01:15:052,-2.4299,-2.4159,9.6467,0.0044,-0.0111,9.8066,0.0721,-0.3222,0.0959,-19,-32.75,24.06,307.44,-86.21,169.12
52.39325,-1.55188,151.71,9.55,3,135.67,20 / 22,2469410,2019-09-06 20:01:15:153,-2.5614,-1.438,9.6752,-0.0353,0.002,9.8065,0.0565,-0.3724,0.0765,-18.44,-32.5,24.63,313.25,-86.51,171.7
52.39325,-1.55188,151.71,9.55,3,135.67,20 / 22,2469510,2019-09-06 20:01:15:253,-2.8409,-3.7953,9.5424,0.0225,-0.0309,9.8065,-0.1603,-0.3301,-0.0371,-18.25,-32.81,25.56,318.86,-86.57,175.96
52.39325,-1.55188,151.71,9.55,3,135.67,20 / 22,2469609,2019-09-06 20:01:15:352,-1.215,-3.3255,8.6639,0.0078,-0.0057,9.8066,-0.15,-0.3816,0.119,-16.94,-33.19,25.38,318.17,-86.64,174.88
52.39325,-1.55188,151.71,9.55,3,135.67,20 / 22,2469710,2019-09-06 20:01:15:453,-3.4504,-3.3817,9.5491,-0.0652,0.0217,9.8063,-0.096,-0.3896,0.0151,-16.87,-32.56,25.44,324.87,-86.98,-178.98
52.39325,-1.55188,151.71,9.55,3,135.67,20 / 22,2469809,2019-09-06 20:01:15:552,-3.2148,-3.3254,9.5246,-0.0223,0.0218,9.8066,-0.0579,-0.3793,0.0964,-16.62,-32.81,25.63,334.37,-87.33,-171.2
52.39325,-1.55188,151.71,9.55,3,135.67,20 / 22,2469909,2019-09-06 20:01:15:652,-3.1493,-3.4707,9.8765,-0.0273,-0.0267,9.8065,-0.0103,-0.4013,0.0628,-16.19,-33.25,26.38,343.99,-87.45,-163.63
52.39325,-1.55188,151.71,9.55,3,135.67,20 / 22,2470009,2019-09-06 20:01:15:752,-2.4151,-2.9497,9.7748,-0.0097,0.0014,9.8066,0.0712,-0.3611,0.0416,-15.31,-33.06,26.63,352.14,-87.32,-158.4
52.39325,-1.55188,151.71,9.55,3,135.67,20 / 22,2470109,2019-09-06 20:01:15:852,-2.4823,-2.53,10.2235,-0.0157,-0.0178,9.8066,0.0294,-0.4161,0.0531,-14.56,-32.62,27.25,353.89,-87.03,-156.71
52.39325,-1.55188,151.71,9.55,3,135.67,20 / 22,2470209,2019-09-06 20:01:15:952,-2.9635,-3.513,10.4882,0.0015,-0.0235,9.8065,-0.0002,-0.2794,0.0185,-14.44,-32.81,27.44,357.63,-86.72,-154.81
52.39325,-1.55188,151.71,9.55,3,135.67,20 / 22,2470310,2019-09-06 20:01:16:053,-2.9625,-1.9039,9.7892,0.0024,-0.0367,9.8066,0.0026,-0.2764,0.0117,-13.31,-32.37,27.63,0.23,-86.58,-154.88
52.39325,-1.55188,151.71,9.55,3,135.67,20 / 22,2470409,2019-09-06 20:01:16:152,-1.7488,-2.5752,9.467,-0.0071,-0.0237,9.8066,0.0048,-0.3117,0.0843,-13.06,-32.25,28.06,2.01,-86.41,-153.22
52.39325,-1.55188,151.71,9.55,3,135.67,20 / 22,2470510,2019-09-06 20:01:16:253,-2.1737,-3.3828,10.2019,-0.0223,0.0119,9.8065,0.0191,-0.231,-0.0154,-12.75,-32.56,28.75,5.49,-86.1,-150.77
52.39325,-1.55188,151.71,9.55,3,135.67,20 / 22,2470609,2019-09-06 20:01:16:352,-2.162,-1.7761,9.8828,-0.0117,0.0177,9.8066,0.0818,-0.3016,0.062,-12.87,-32.31,28.63,6.8,-86.14,-149.53
52.39325,-1.55188,151.71,9.55,3,135.67,20 / 22,2470710,2019-09-06 20:01:16:453,-2.4362,-1.8752,9.7968,-0.0141,-0.0191,9.8066,-0.0252,-0.2543,0.062,-12.37,-32.56,29.13,10.21,-85.88,-148.1
52.39325,-1.55188,151.71,9.55,3,135.67,20 / 22,2470810,2019-09-06 20:01:16:553,-1.0829,-2.2602,10.2159,-0.0037,0.0008,9.8066,-0.0216,-0.3433,0.0262,-11.31,-32.44,29.5,14.85,-85.71,-146.16
52.39325,-1.55188,151.71,9.55,3,135.67,20 / 22,2470910,2019-09-06 20:01:16:653,-1.1474,-2.0128,9.3295,0.0084,-0.0072,9.8066,-0.0116,-0.3085,0.0759,-10.75,-32,29.88,14.35,-85.65,-146.63
52.39325,-1.55188,151.71,9.55,3,135.67,20 / 22,2471009,2019-09-06 20:01:16:752,-1.827,-2.2018,9.6975,-0.0054,-0.0307,9.8065,-0.0547,-0.2343,0.0597,-10.44,-32.06,29.75,16.12,-85.68,-146.7
52.39325,-1.55188,151.71,9.55,3,135.67,20 / 22,2471110,2019-09-06 20:01:16:853,-2.1783,-0.4937,10.1655,-0.0199,-0.0297,9.8066,0.058,-0.3365,0.0246,-10.37,-32.25,29.81,17.66,-85.25,-145.42
52.39325,-1.55188,151.71,9.55,3,135.67,20 / 22,2471210,2019-09-06 20:01:16:953,-1.1834,-0.7745,9.5759,0.0086,-0.0053,9.8066,-0.0448,-0.1931,0.0642,-9.19,-31.81,30.75,18.38,-85.23,-146.98
52.39325,-1.55188,151.71,9.55,3,135.67,20 / 22,2471310,2019-09-06 20:01:17:053,-3.4147,-3.4501,9.8364,-0.019,-0.0263,9.8066,0.0467,-0.1519,-0.0404,-8.94,-31.94,29.88,18.91,-85.13,-146.07
52.39325,-1.55188,151.71,9.55,3,135.67,21 / 22,2471410,2019-09-06 20:01:17:153,-0.7324,-0.7293,9.5799,-0.0023,0.0146,9.8066,-0.0646,-0.2606,-0.0313,-8.31,-32.12,30.94,22.13,-85.19,-145.28
52.39325,-1.55188,151.71,9.55,3,135.67,21 / 22,2471510,2019-09-06 20:01:17:253,-1.3036,-0.9206,9.8274,0.0116,-0.0021,9.8066,0.0159,-0.1914,-0.0543,-7.87,-31.37,30.13,23.13,-85.42,-143.8
52.39325,-1.55188,151.71,9.55,3,135.67,21 / 22,2471609,2019-09-06 20:01:17:352,-1.5138,-1.9369,10.2554,0.0118,-0.0032,9.8066,0.0802,-0.2068,0.0217,-7.06,-32,30.5,22.77,-85.51,-146.32
52.39325,-1.55188,151.71,9.55,3,135.67,21 / 22,2471709,2019-09-06 20:01:17:452,-0.5111,-1.4102,9.7247,0.0088,0.0124,9.8065,-0.0358,-0.2127,0.0081,-6.69,-31.5,30.94,20.5,-85.46,-148.39
52.39325,-1.55188,151.71,9.55,3,135.67,21 / 22,2471810,2019-09-06 20:01:17:553,-0.4284,-1.0633,10.0998,0.0107,-0.0457,9.8065,-0.0464,-0.1349,-0.0419,-6.25,-31.81,30.19,17.93,-85.21,-152.37
52.39325,-1.55188,151.71,9.55,3,135.67,21 / 22,2471910,2019-09-06 20:01:17:653,-1.0934,-0.094,9.6729,0.0152,-0.0141,9.8066,0.0088,-0.0804,-0.0215,-5.94,-30.75,30.44,16.75,-85.3,-153.37
52.39325,-1.55188,151.71,9.55,3,135.67,21 / 22,2472010,2019-09-06 20:01:17:753,0.1432,-0.8264,9.8759,-0.0014,0.01,9.8066,0.0259,-0.1132,0.049,-5.56,-32.19,30.19,15.5,-85.22,-154.58
52.39325,-1.55188,151.71,9.55,3,135.67,21 / 22,2472109,2019-09-06 20:01:17:852,0.5019,-1.5397,9.55,-0.002,-0.003,9.8066,0.0054,-0.1012,-0.0147,-5.87,-31.62,30.88,15.97,-85.12,-154.49
52.39325,-1.55188,151.71,9.55,3,135.67,21 / 22,2472210,2019-09-06 20:01:17:953,-0.2449,-0.9079,9.2911,0.0044,0.0057,9.8066,-0.079,-0.0783,-0.0369,-5.87,-32.44,30.19,14.43,-85.06,-155.6
52.39325,-1.55188,151.71,9.55,3,135.67,21 / 22,2472310,2019-09-06 20:01:18:053,0.6602,-1.1491,9.6863,0.0026,0.0119,9.8066,-0.0363,-0.036,-0.0152,-5.44,-32.31,30.56,16.45,-85.19,-155.83
52.392857,-1.551034,148.92,10.32,3,171.76,21 / 22,2472410,2019-09-06 20:01:18:153,0.5201,-0.8113,9.7258,0.0066,0.0162,9.8065,-0.0235,-0.0928,0.0159,-5.44,-32.44,30.06,15.73,-85.33,-156.19
52.392857,-1.551034,148.92,10.32,3,171.76,21 / 22,2472509,2019-09-06 20:01:18:252,0.7539,-0.3619,10.0537,-0.0026,-0.0002,9.8066,0.0278,0.0459,-0.0652,-5.37,-32.81,30.31,15.4,-85.31,-156.53
52.392857,-1.551034,148.92,10.32,3,171.76,21 / 22,2472609,2019-09-06 20:01:18:352,1.115,-1.148,10.0329,0.003,-0.0017,9.8066,0.0609,0.0379,-0.0115,-5.19,-32.56,30.56,14,-85.2,-158.11
52.392857,-1.551034,148.92,10.32,3,171.76,21 / 22,2472710,2019-09-06 20:01:18:453,0.3888,-0.9449,9.7186,-0.0016,-0.0064,9.8066,0.049,0.0035,0.0088,-5.56,-32.31,30.38,11.24,-84.95,-158.52
52.392857,-1.551034,148.92,10.32,3,171.76,21 / 22,2472809,2019-09-06 20:01:18:552,1.7679,-1.4234,10.011,-0.0025,0.0096,9.8066,-0.0448,0.0305,-0.0014,-6.06,-33.31,30.56,11.73,-84.9,-158.45
52.392857,-1.551034,148.92,10.32,3,171.76,21 / 22,2472909,2019-09-06 20:01:18:652,1.7662,-0.1295,9.9645,0.003,0.0008,9.8066,0.0181,0.1009,-0.0203,-5.94,-33.19,30.56,12.03,-84.96,-158.16
52.392857,-1.551034,148.92,10.32,3,171.76,21 / 22,2473010,2019-09-06 20:01:18:753,1.8855,0.0337,9.4471,0.0085,-0.0161,9.8065,-0.042,0.1208,-0.0482,-6.69,-33.5,29.69,8.7,-84.96,-159.01
52.392857,-1.551034,148.92,10.32,3,171.76,21 / 22,2473110,2019-09-06 20:01:18:853,2.2072,0.1172,9.6471,0.0053,0.0177,9.8066,-0.0098,0.1255,-0.0663,-6.56,-32.44,30.31,7.38,-84.93,-160.19
52.392857,-1.551034,148.92,10.32,3,171.76,21 / 22,2473209,2019-09-06 20:01:18:952,2.6276,-1.2325,9.9575,0.0023,0.0228,9.8066,-0.0254,0.1536,-0.0307,-6.75,-33.06,30.5,6.05,-84.89,-161.81
52.392857,-1.551034,148.92,10.32,3,171.76,21 / 22,2473309,2019-09-06 20:01:19:052,3.2569,-1.0596,9.7865,0.0072,-0.0156,9.8066,0.0119,0.2088,-0.0469,-7.5,-33.69,30.63,6,-84.88,-161.87
52.392857,-1.551034,148.92,10.32,3,171.76,20 / 21,2473410,2019-09-06 20:01:19:153,3.1674,0.4743,8.9805,-0.0053,0.0466,9.8065,-0.2202,0.166,-0.053,-7.44,-33.12,30.38,5.19,-85.05,-162.17
52.392857,-1.551034,148.92,10.32,3,171.76,20 / 21,2473509,2019-09-06 20:01:19:252,2.5317,0.7992,10.0812,-0.004,-0.0289,9.8066,-0.0221,0.268,0.026,-8.06,-33.37,29.81,4.53,-85.1,-160.97
52.392857,-1.551034,148.92,10.32,3,171.76,20 / 21,2473610,2019-09-06 20:01:19:353,3.8823,0.2819,10.3607,0.0163,-0.0434,9.8064,0.1685,0.1824,-0.0099,-8.44,-33.44,30.31,8.2,-85.42,-157.59
52.392857,-1.551034,148.92,10.32,3,171.76,20 / 21,2473709,2019-09-06 20:01:19:452,1.7905,-0.8517,10.3315,0.0071,-0.0554,9.8064,-0.078,0.2394,0.0538,-8.75,-32.75,29.63,4.43,-85.05,-159.29
52.392857,-1.551034,148.92,10.32,3,171.76,20 / 21,2473810,2019-09-06 20:01:19:553,3.5176,1.1852,10.2922,0.0087,-0.0334,9.8066,-0.0602,0.2337,-0.057,-9.12,-33.5,30.44,4.98,-84.85,-158.81
52.392857,-1.551034,148.92,10.32,3,171.76,20 / 21,2473909,2019-09-06 20:01:19:652,3.3699,-0.0811,9.6752,-0.007,0.0022,9.8066,0.0619,0.1635,0.0103,-9.62,-32.75,30,0.97,-84.75,-160.69
52.392857,-1.551034,148.92,10.32,3,171.76,20 / 21,2474009,2019-09-06 20:01:19:752,3.661,0.6391,9.4292,0.0062,0.0309,9.8066,0.0824,0.3044,-0.1091,-10.37,-33.31,29.69,0.79,-84.96,-160.85
52.392857,-1.551034,148.92,10.32,3,171.76,20 / 21,2474109,2019-09-06 20:01:19:852,3.4865,-0.1545,9.5591,0.0102,0.006,9.8066,-0.0927,0.1849,-0.0263,-10.06,-33,29.56,358.52,-85.1,-162.91
52.392857,-1.551034,148.92,10.32,3,171.76,20 / 21,2474210,2019-09-06 20:01:19:953,2.5836,0.0114,10.2754,0.0123,0.0064,9.8066,0.0057,0.2506,-0.0717,-10.62,-33.44,29.06,354.24,-85.27,-164.46
52.392857,-1.551034,148.92,10.32,3,171.76,20 / 21,2474310,2019-09-06 20:01:20:053,2.446,0.8331,9.9951,0.0114,-0.0293,9.8065,0.0234,0.1731,-0.0005,-10.94,-32.94,29.38,353.03,-84.98,-165.52
52.392857,-1.551034,148.92,10.32,3,171.76,21 / 22,2474410,2019-09-06 20:01:20:153,2.9082,-0.5621,9.7913,0.0071,-0.0245,9.8065,-0.0261,0.1521,0.0557,-11.19,-33.12,28.94,353.42,-84.89,-165.15
52.392857,-1.551034,148.92,10.32,3,171.76,21 / 22,2474509,2019-09-06 20:01:20:252,3.26,-0.2748,9.7796,-0.0099,0.0035,9.8065,0.0295,0.1833,-0.0713,-11.37,-32.75,29.63,356.51,-84.67,-163
52.392857,-1.551034,148.92,10.32,3,171.76,21 / 22,2474610,2019-09-06 20:01:20:353,3.2839,0.0668,9.3138,-0.0064,0.0052,9.8065,-0.0405,0.1819,0.0339,-11.81,-32.62,28.81,354.64,-84.65,-162.34
52.392857,-1.551034,148.92,10.32,3,171.76,21 / 22,2474710,2019-09-06 20:01:20:453,2.5904,-0.4456,8.8624,-0.0183,0.0005,9.8066,-0.096,0.1837,0.0199,-12.87,-32.62,28.13,354.59,-84.65,-159.94
52.392857,-1.551034,148.92,10.32,3,171.76,21 / 22,2474810,2019-09-06 20:01:20:553,1.5878,-0.9921,9.7219,-0.0104,0.0101,9.8066,0.0918,0.1671,0.0532,-13.37,-32.37,28.31,356.46,-84.65,-158.28
52.392857,-1.551034,148.92,10.32,3,171.76,21 / 22,2474909,2019-09-06 20:01:20:652,2.0445,0.5114,10.345,-0.0087,-0.0104,9.8066,0.1384,0.1325,-0.0767,-13.75,-32.56,28.31,355.44,-84.71,-157.53
52.392857,-1.551034,148.92,10.32,3,171.76,21 / 22,2475010,2019-09-06 20:01:20:753,3.9186,0.4833,9.7554,0.0168,-0.0216,9.8065,0.0319,0.1579,0.0118,-13.87,-32.06,28.06,354.52,-84.42,-158.34
52.392857,-1.551034,148.92,10.32,3,171.76,21 / 22,2475109,2019-09-06 20:01:20:852,1.7602,-0.3898,9.7866,0.0053,-0.0099,9.8066,-0.0115,0.1613,-0.0024,-13.81,-31.87,28.13,351.59,-84.22,-160.94
52.392857,-1.551034,148.92,10.32,3,171.76,21 / 22,2475209,2019-09-06 20:01:20:952,1.8538,0.8413,9.7939,0.0088,0.013,9.8066,0.0875,0.1412,-0.0715,-13.87,-32.94,26.94,350.16,-84.29,-161.33
52.392857,-1.551034,148.92,10.32,3,171.76,21 / 22,2475310,2019-09-06 20:01:21:053,2.618,0.3369,9.8286,0.0074,0.0211,9.8066,0.0472,0.1118,-0.0328,-13.37,-34.37,26.25,347.93,-84.65,-164.15
52.392857,-1.551034,148.92,10.32,3,171.76,19 / 22,2475409,2019-09-06 20:01:21:152,2.4828,-0.138,10.4265,0.0134,0.0059,9.8066,0.1846,0.1217,-0.0577,-12.94,-35.44,27.56,348.21,-84.7,-165.61
52.392857,-1.551034,148.92,10.32,3,171.76,19 / 22,2475510,2019-09-06 20:01:21:253,1.4122,1.0837,10.0154,0.0039,0.0222,9.8065,0.1005,0.1451,0.0013,-13.75,-33.19,28.5,346.84,-84.55,-166.07
52.392857,-1.551034,148.92,10.32,3,171.76,19 / 22,2475610,2019-09-06 20:01:21:353,1.7329,-0.6634,10.057,-0.009,0.0165,9.8066,0.0234,0.1094,0.0223,-14.31,-32.5,28,344.55,-84.6,-167.35
52.392857,-1.551034,148.92,10.32,3,171.76,19 / 22,2475709,2019-09-06 20:01:21:452,1.8817,-0.3225,10.0436,-0.0056,-0.0069,9.8066,0.0422,0.1104,-0.0483,-14.56,-31.62,27.75,344.17,-84.43,-166.05
52.392857,-1.551034,148.92,10.32,3,171.76,19 / 22,2475809,2019-09-06 20:01:21:552,2.0956,-0.4848,10.0383,-0.005,0.0194,9.8066,0.1223,0.108,0.0181,-15.19,-31.81,27.19,343.5,-84.55,-165.77
52.392857,-1.551034,148.92,10.32,3,171.76,19 / 22,2475910,2019-09-06 20:01:21:653,1.9049,-0.2792,10.0015,0.0057,-0.0219,9.8065,-0.0252,0.0841,0.0029,-15.19,-32.12,27,343.41,-84.39,-165.8
52.392857,-1.551034,148.92,10.32,3,171.76,19 / 22,2476009,2019-09-06 20:01:21:752,0.8138,-0.8723,9.9506,-0.0061,-0.0349,9.8065,0.0536,0.0635,0.0278,-15.37,-32.12,27.38,345.3,-84.27,-164.07
52.392857,-1.551034,148.92,10.32,3,171.76,19 / 22,2476110,2019-09-06 20:01:21:853,1.2339,-0.5614,9.7675,-0.0112,-0.019,9.8065,-0.0066,0.0622,0.0873,-15.12,-32.31,27.44,348.52,-84.07,-161.15
52.392857,-1.551034,148.92,10.32,3,171.76,19 / 22,2476210,2019-09-06 20:01:21:953,0.4889,-0.6492,10.1918,-0.0021,-0.0347,9.8066,0.0467,0.0308,-0.0102,-15.56,-32.37,27.06,348.84,-83.88,-159.25
52.392857,-1.551034,148.92,10.32,3,171.76,19 / 22,2476310,2019-09-06 20:01:22:053,1.554,-1.0596,10.0244,-0.0158,-0.0048,9.8066,0.0718,0.0244,-0.0137,-15.94,-32.75,27.06,351.53,-83.82,-156.81
52.392857,-1.551034,148.92,10.32,3,171.76,21 / 22,2476409,2019-09-06 20:01:22:152,0.9832,-0.9439,10.1585,-0.0092,0.0005,9.8066,-0.0465,0.0417,0.0613,-15.69,-32.56,27.5,354.24,-83.7,-155.33
52.392857,-1.551034,148.92,10.32,3,171.76,21 / 22,2476509,2019-09-06 20:01:22:252,0.9946,-1.1045,10.0601,0.0163,-0.0294,9.8065,-0.0451,0.0008,0.0188,-16.12,-32.25,27.38,352.7,-83.31,-155.74
52.392857,-1.551034,148.92,10.32,3,171.76,21 / 22,2476610,2019-09-06 20:01:22:353,0.664,-0.7743,9.4906,0.0188,-0.0324,9.8065,0.0576,0.0223,-0.0562,-16.12,-32.56,27.75,353.17,-83.17,-156.2
52.392857,-1.551034,148.92,10.32,3,171.76,21 / 22,2476709,2019-09-06 20:01:22:452,1.4257,-0.4116,9.4542,-0.0066,0.0169,9.8065,-0.0248,0.0142,-0.0336,-15.69,-32.56,26.88,352.21,-83.29,-156.13
52.392857,-1.551034,148.92,10.32,3,171.76,21 / 22,2476810,2019-09-06 20:01:22:553,0.7673,-1.385,9.5408,-0.0005,0.0194,9.8066,0.0024,0.0738,-0.0292,-16.12,-32.5,27.25,351.9,-83.4,-156.45
52.392857,-1.551034,148.92,10.32,3,171.76,21 / 22,2476910,2019-09-06 20:01:22:653,0.519,-1.4392,9.8156,0.0046,0.0108,9.8065,0.0517,-0.0484,0.1084,-16.25,-32.5,26.56,351.45,-83.34,-156.83
52.392857,-1.551034,148.92,10.32,3,171.76,21 / 22,2477010,2019-09-06 20:01:22:753,1.7599,-1.4903,10.1935,-0.0046,-0.0056,9.8066,-0.1204,-0.0416,0.0391,-15.94,-32.25,27.25,351.47,-83.31,-156.81
52.392857,-1.551034,148.92,10.32,3,171.76,21 / 22,2477109,2019-09-06 20:01:22:852,1.9634,-0.9103,9.2009,0.0282,-0.0643,9.8063,-0.2625,0.0951,-0.1162,-16,-33.37,26.94,350.45,-83.14,-157.64
52.392857,-1.551034,148.92,10.32,3,171.76,21 / 22,2477209,2019-09-06 20:01:22:952,1.5984,0.7931,9.4943,0.0313,-0.0334,9.8065,0.009,-0.0016,-0.0073,-15.75,-32.31,26.88,350.29,-83.28,-157.84
52.392857,-1.551034,148.92,10.32,3,171.76,21 / 22,2477310,2019-09-06 20:01:23:053,0.2612,0.1966,9.6389,-0.0041,0.0201,9.8066,-0.0197,-0.0035,-0.0192,-15.69,-32.81,27.06,350.35,-83.31,-157.76
52.392857,-1.551034,148.92,10.32,3,171.76,20 / 21,2477409,2019-09-06 20:01:23:152,1.4646,0.5009,8.9685,0.0045,-0.0089,9.8066,0.1311,0.0342,0.0366,-15.87,-32.31,26.63,349.59,-83.29,-158.46
52.392857,-1.551034,148.92,10.32,3,171.76,20 / 21,2477510,2019-09-06 20:01:23:253,0.63,-0.2652,10.3356,-0.002,-0.0017,9.8066,0.0046,0.0757,0.0235,-15.69,-32.81,26.5,349.07,-83.17,-158.84
52.392857,-1.551034,148.92,10.32,3,171.76,20 / 21,2477610,2019-09-06 20:01:23:353,1.5291,-0.6863,9.6944,0.0006,0.0087,9.8066,0.038,0.0467,0.0405,-16.19,-32.37,27.06,348.64,-83.18,-159.27
52.392857,-1.551034,148.92,10.32,3,171.76,20 / 21,2477710,2019-09-06 20:01:23:453,0.6764,-0.0735,9.5675,-0.002,0.0002,9.8066,0.0268,-0.0072,0.0289,-16.62,-32.75,27.13,346.84,-83.12,-159.25
52.392857,-1.551034,148.92,10.32,3,171.76,20 / 21,2477810,2019-09-06 20:01:23:553,0.6757,-1.0301,9.8772,-0.0063,-0.0001,9.8066,-0.0513,0.0124,0.0028,-16.37,-32.75,26.44,347.96,-83.1,-158.79
52.392857,-1.551034,148.92,10.32,3,171.76,20 / 21,2477909,2019-09-06 20:01:23:652,0.8013,-0.0444,9.6493,0.004,-0.0079,9.8066,-0.0419,0.0105,0.0091,-16.37,-33.25,26.63,349.06,-83.17,-158.85
52.392857,-1.551034,148.92,10.32,3,171.76,20 / 21,2478009,2019-09-06 20:01:23:752,0.6752,0.0393,9.8701,-0.0025,0.0023,9.8066,-0.0037,-0.0397,-0.0039,-16.12,-33.5,26.88,349.24,-83.12,-158.68
52.392857,-1.551034,148.92,10.32,3,171.76,20 / 21,2478110,2019-09-06 20:01:23:853,1.2938,0.0663,9.9308,0.0102,-0.0059,9.8066,-0.0096,0.0167,-0.051,-16.12,-33.37,26.31,347.54,-83.01,-159.14
52.392857,-1.551034,148.92,10.32,3,171.76,20 / 21,2478210,2019-09-06 20:01:23:953,0.4873,-0.5727,9.7471,0.0032,-0.0126,9.8066,-0.0599,0.0581,-0.0181,-16.37,-33,27.06,348.2,-82.94,-159.55
52.392857,-1.551034,148.92,10.32,3,171.76,20 / 21,2478310,2019-09-06 20:01:24:053,1.239,-0.5494,10.0391,0.0108,-0.0197,9.8065,-0.0436,-0.0417,0.0173,-16.19,-33.5,27.13,348.36,-82.98,-159.42
52.392857,-1.551034,148.92,10.32,3,171.76,20 / 21,2478409,2019-09-06 20:01:24:152,0.5526,-0.4288,9.7863,0.0057,-0.0126,9.8066,-0.0869,0.0542,-0.0167,-16.75,-33.25,26.88,346.08,-82.9,-159.86
52.392857,-1.551034,148.92,10.32,3,171.76,20 / 21,2478510,2019-09-06 20:01:24:253,0.493,1.0826,9.7267,0.0175,-0.0027,9.8066,0.1142,-0.0132,0.0654,-16.37,-33.31,26.38,346.04,-82.92,-160.41
52.392857,-1.551034,148.92,10.32,3,171.76,20 / 21,2478610,2019-09-06 20:01:24:353,-0.0647,0.331,9.0852,-0.0018,0.0156,9.8066,-0.0464,0.0598,-0.027,-17.06,-33.31,26.56,345.16,-82.86,-160.65
52.392857,-1.551034,148.92,10.32,3,171.76,20 / 21,2478710,2019-09-06 20:01:24:453,0.1996,0.4743,10.1613,-0.0101,0.0151,9.8066,0.0596,0.0327,-0.0441,-16.62,-33.81,26.63,344.74,-83.01,-161
52.392857,-1.551034,148.92,10.32,3,171.76,20 / 21,2478810,2019-09-06 20:01:24:553,0.0427,-0.4143,10.4376,0.0049,0.0017,9.8066,0.084,-0.015,-0.0141,-17.19,-33.44,26.63,343.87,-82.92,-161.78
52.392857,-1.551034,148.92,10.32,3,171.76,20 / 21,2478909,2019-09-06 20:01:24:652,1.1621,-0.7636,10.1728,0.0076,-0.0036,9.8066,-0.0249,0.0147,-0.0071,-16.19,-33.5,26.19,343.47,-82.84,-162.61
52.392857,-1.551034,148.92,10.32,3,171.76,20 / 21,2479009,2019-09-06 20:01:24:752,0.1115,-1.1452,9.5267,0.0116,-0.0128,9.8066,-0.0123,-0.0261,0.0472,-16.56,-32.87,26.69,342.05,-82.69,-163.29
52.392857,-1.551034,148.92,10.32,3,171.76,20 / 21,2479110,2019-09-06 20:01:24:853,-0.1984,1.0305,9.4288,-0.0155,0.0388,9.8065,0.0971,0,0.0289,-16.56,-33.25,26.44,340.22,-82.49,-163.75
52.392857,-1.551034,148.92,10.32,3,171.76,20 / 21,2479209,2019-09-06 20:01:24:952,0.3995,0.6067,9.3856,-0.0142,0.0224,9.8066,0.0232,0.0223,-0.0542,-16.44,-33,26.88,342.78,-82.71,-164.17
52.392857,-1.551034,148.92,10.32,3,171.76,20 / 21,2479310,2019-09-06 20:01:25:053,1.1482,-0.2962,9.732,-0.0039,0.0294,9.8066,0.0616,-0.0152,0.0362,-16.44,-33.31,26.63,341.79,-82.72,-165.03
52.392857,-1.551034,148.92,10.32,3,171.76,20 / 22,2479410,2019-09-06 20:01:25:153,0.1275,0.7023,9.5145,0.0003,0.0124,9.8066,0.0347,0.0726,-0.0495,-16.25,-33.31,26.94,340.44,-82.71,-166.2
52.392857,-1.551034,148.92,10.32,3,171.76,20 / 22,2479509,2019-09-06 20:01:25:252,0.4612,0.2596,10.0138,0.0038,0.0088,9.8066,-0.0398,0.0299,-0.0439,-16.44,-32.81,26.56,339.38,-82.8,-167.16
52.392857,-1.551034,148.92,10.32,3,171.76,20 / 22,2479610,2019-09-06 20:01:25:353,0.2741,-0.9328,10.3369,0.0236,-0.0156,9.8066,-0.0262,-0.0248,0.0355,-16.12,-32.94,26.81,338.06,-82.68,-168.26
52.392857,-1.551034,148.92,10.32,3,171.76,20 / 22,2479709,2019-09-06 20:01:25:452,1.1259,-1.6864,9.8244,0.0057,-0.0149,9.8066,0.0192,-0.0234,-0.0543,-16,-32.5,26.75,338.16,-82.67,-168.25
52.392857,-1.551034,148.92,10.32,3,171.76,20 / 22,2479810,2019-09-06 20:01:25:553,0.3807,-0.0942,9.6943,-0.0091,0.0163,9.8066,0.027,-0.0217,-0.0268,-16.25,-33.25,26.69,338.1,-82.46,-168.13
52.392857,-1.551034,148.92,10.32,3,171.76,20 / 22,2479910,2019-09-06 20:01:25:653,0.4251,-0.7869,9.6755,0.0027,-0.0014,9.8066,-0.0199,0.0338,0.022,-16,-32.75,26.19,336.62,-82.33,-168.3
52.392857,-1.551034,148.92,10.32,3,171.76,20 / 22,2480010,2019-09-06 20:01:25:753,-0.32,0.1128,9.8781,-0.012,0.0083,9.8066,0.0078,0.0331,-0.0078,-16.19,-32.87,26.94,338.43,-82.32,-167.78
52.392857,-1.551034,148.92,10.32,3,171.76,20 / 22,2480110,2019-09-06 20:01:25:853,0.609,-1.0384,9.8439,-0.0114,0.008,9.8066,-0.0927,-0.0026,-0.01,-16.44,-32.75,26.31,337.93,-82.4,-167.2
52.392857,-1.551034,148.92,10.32,3,171.76,20 / 22,2480210,2019-09-06 20:01:25:953,-0.378,-0.443,8.926,0.0219,-0.0171,9.8066,-0.0286,0.0439,0.0658,-16.12,-32.69,26.81,337.75,-82.22,-168.32
52.392857,-1.551034,148.92,10.32,3,171.76,20 / 22,2480310,2019-09-06 20:01:26:053,-0.5238,-0.4669,9.2808,0.0104,-0.033,9.8066,-0.01,0.069,-0.0884,-16.25,-32.75,26.56,337.88,-82.18,-168.19
52.392857,-1.551034,148.92,10.32,3,171.76,21 / 22,2480409,2019-09-06 20:01:26:152,-0.2019,0.1232,9.8849,-0.0122,0.0343,9.8065,0.0983,-0.0564,0.1093,-16.44,-32.37,26.38,337.23,-82.28,-167.85
52.392857,-1.551034,148.92,10.32,3,171.76,21 / 22,2480509,2019-09-06 20:01:26:252,-0.4458,-0.5085,9.9215,-0.005,-0.0063,9.8066,-0.0239,0.0351,-0.0692,-15.94,-32.44,26.38,337.47,-82.42,-167.71
52.392857,-1.551034,148.92,10.32,3,171.76,21 / 22,2480610,2019-09-06 20:01:26:353,-0.7201,-0.6001,9.8714,0.0083,0.0112,9.8066,0.002,-0.033,0.0823,-16.12,-32.75,26.56,337.22,-82.39,-168.86
52.392857,-1.551034,148.92,10.32,3,171.76,21 / 22,2480709,2019-09-06 20:01:26:452,-0.202,1.0851,9.7692,0.0031,-0.004,9.8066,0.0528,-0.0003,-0.0395,-16.31,-32.37,26.38,335.9,-82.32,-169.02
52.392857,-1.551034,148.92,10.32,3,171.76,21 / 22,2480810,2019-09-06 20:01:26:553,0.2405,-0.6802,9.639,0.0031,0.0151,9.8066,0.107,-0.0045,0.0081,-16.12,-32.94,26.38,334.67,-82.31,-169.97
52.392857,-1.551034,148.92,10.32,3,171.76,21 / 22,2480909,2019-09-06 20:01:26:652,0.7323,-0.5246,9.6993,0.008,0.0036,9.8066,-0.117,0.0077,-0.0265,-16.31,-32.62,27.19,334.73,-82.39,-171.01
52.392857,-1.551034,148.92,10.32,3,171.76,21 / 22,2481010,2019-09-06 20:01:26:753,-1.0166,1.065,10.1854,0.0113,-0.0012,9.8066,0.0014,0.0149,-0.0052,-16.19,-32.31,26.25,331.93,-82.31,-172.46
52.392857,-1.551034,148.92,10.32,3,171.76,21 / 22,2481110,2019-09-06 20:01:26:853,0.1327,-1.1965,9.9206,-0.0008,0.0122,9.8066,-0.0529,0.0591,0.0147,-15.94,-32.56,26.88,332.19,-82.29,-173.16
52.392857,-1.551034,148.92,10.32,3,171.76,21 / 22,2481209,2019-09-06 20:01:26:952,0.2835,0.1396,9.3628,0.0082,-0.0193,9.8066,-0.062,0.0012,0.0215,-16.12,-32,26.56,331.79,-82.13,-173.54
52.392857,-1.551034,148.92,10.32,3,171.76,21 / 22,2481309,2019-09-06 20:01:27:052,0.4703,0.3329,9.7241,0.0102,-0.026,9.8065,0.0564,-0.0082,0.0304,-16.06,-32.87,26.38,331.08,-82.09,-172.95
52.39198,-1.550007,148,15.97,3,136.9,21 / 22,2481410,2019-09-06 20:01:27:153,-0.2053,-1.1732,10.1593,-0.0136,0.0232,9.8066,0.2365,-0.0493,0.0719,-16.19,-32.87,26.38,331.03,-82.15,-173.02
52.39198,-1.550007,148,15.97,3,136.9,21 / 22,2481509,2019-09-06 20:01:27:252,0.5481,-1.1289,10.0745,-0.0178,0.0185,9.8066,-0.0483,0.0468,-0.004,-15.69,-32.69,26.94,332.57,-82.17,-172.77
52.39198,-1.550007,148,15.97,3,136.9,21 / 22,2481610,2019-09-06 20:01:27:353,0.4794,0.5311,9.8692,0.0118,-0.0191,9.8066,-0.0112,-0.0299,0.1133,-16.31,-32.62,26.44,330.32,-81.94,-173.51
52.39198,-1.550007,148,15.97,3,136.9,21 / 22,2481709,2019-09-06 20:01:27:452,-0.4765,0.1269,9.9206,0.001,-0.0199,9.8065,0.0357,0.0335,-0.0404,-16.44,-32.75,26.31,331.51,-81.89,-172.46
52.39198,-1.550007,148,15.97,3,136.9,21 / 22,2481809,2019-09-06 20:01:27:552,-0.1399,0.4587,9.5927,0.0018,-0.005,9.8066,-0.0433,-0.0146,-0.0191,-16.25,-32.56,27,332.66,-81.84,-172.51
52.39198,-1.550007,148,15.97,3,136.9,21 / 22,2481910,2019-09-06 20:01:27:653,0.4773,-0.1895,9.6553,-0.0011,-0.0042,9.8066,-0.0509,0.0047,-0.0042,-16.31,-33.06,26.63,332.7,-81.84,-172.48
52.39198,-1.550007,148,15.97,3,136.9,21 / 22,2482009,2019-09-06 20:01:27:752,-0.3546,-0.3121,9.2891,0.0005,-0.007,9.8066,-0.0758,-0.0233,0.0258,-16.37,-32.62,27.06,331.95,-81.83,-173.12
52.39198,-1.550007,148,15.97,3,136.9,21 / 22,2482109,2019-09-06 20:01:27:852,0.0684,0.3616,9.0016,0.0102,-0.0094,9.8066,0.0499,-0.0484,0.0013,-16.06,-32.69,26.5,332.07,-81.82,-173.01
52.39198,-1.550007,148,15.97,3,136.9,21 / 22,2482210,2019-09-06 20:01:27:953,-0.7838,1.2137,9.8002,-0.0288,0.0287,9.8065,0.1208,-0.0159,-0.0088,-16.31,-32.69,26.69,332.39,-82.04,-172.85
52.39198,-1.550007,148,15.97,3,136.9,21 / 22,2482309,2019-09-06 20:01:28:052,0.1387,0.0874,10.2385,-0.0145,0.04,9.8065,-0.0158,0.0042,-0.0041,-15.75,-32.75,26.56,331.93,-82.04,-173.26
52.39198,-1.550007,148,15.97,3,136.9,21 / 22,2482409,2019-09-06 20:01:28:152,0.2697,0.474,10.0021,0.0284,-0.0171,9.8065,-0.051,-0.0169,-0.0572,-15.94,-32.94,26.56,330.33,-81.69,-174.43
52.39198,-1.550007,148,15.97,3,136.9,21 / 22,2482509,2019-09-06 20:01:28:252,0.0881,0.4481,9.8863,0.0192,-0.0108,9.8066,0.0249,0.0364,0.0219,-15.94,-32.56,26.69,329.33,-81.59,-175.24
52.39198,-1.550007,148,15.97,3,136.9,21 / 22,2482610,2019-09-06 20:01:28:353,-0.383,-0.0148,9.7793,-0.0064,0.0055,9.8066,-0.0513,0.0179,0.0188,-16.56,-33.06,26.63,326.75,-81.63,-176.03
52.39198,-1.550007,148,15.97,3,136.9,21 / 22,2482710,2019-09-06 20:01:28:453,0.4756,-0.3899,9.8149,-0.0108,0.0068,9.8066,-0.0432,-0.0123,-0.036,-16.06,-33,26.63,329.01,-81.81,-175.64
52.39198,-1.550007,148,15.97,3,136.9,21 / 22,2482810,2019-09-06 20:01:28:553,-0.3438,-0.0856,9.8482,0.0077,0.0057,9.8065,0.0347,0.035,0.0319,-16.12,-32.94,26.19,326.86,-81.78,-176.4
52.39198,-1.550007,148,15.97,3,136.9,21 / 22,2482910,2019-09-06 20:01:28:653,0.8679,0.7097,8.6317,0.0076,-0.017,9.8066,-0.1682,-0.0301,-0.0187,-15.94,-32.37,26.38,326.74,-81.67,-176.58
52.39198,-1.550007,148,15.97,3,136.9,21 / 22,2483011,2019-09-06 20:01:28:754,-1.9125,0.7848,10.0444,0.0069,-0.0029,9.8065,-0.2381,-0.0552,0.0319,-16.06,-33.25,26.38,326.45,-81.69,-176.69
52.39198,-1.550007,148,15.97,3,136.9,21 / 22,2483110,2019-09-06 20:01:28:853,-1.5308,1.4075,9.7878,-0.0049,-0.0062,9.8066,0.2159,0.1057,-0.0502,-15.81,-32.56,26.69,327.79,-81.77,-176.68
52.39198,-1.550007,148,15.97,3,136.9,21 / 22,2483209,2019-09-06 20:01:28:952,-0.077,-1.0896,10.4508,-0.0269,0.0359,9.8065,0.2666,-0.0328,0.0678,-16.06,-32.75,26.94,327.9,-81.7,-176.54
52.39198,-1.550007,148,15.97,3,136.9,21 / 22,2483309,2019-09-06 20:01:29:052,1.1472,-1.1501,10.3033,-0.0307,0.0278,9.8065,0.146,0.067,-0.0722,-16.25,-32.5,26.5,329.07,-81.91,-175.79
52.39198,-1.550007,148,15.97,3,136.9,21 / 22,2483409,2019-09-06 20:01:29:152,0.0543,-1.0199,10.2083,0.0226,-0.0367,9.8065,-0.0219,-0.0131,0.052,-16.31,-32.44,26.81,328.79,-81.92,-176.03
52.39198,-1.550007,148,15.97,3,136.9,21 / 22,2483509,2019-09-06 20:01:29:252,-0.1429,0.1673,9.8644,0.0051,-0.0092,9.8066,-0.0525,0.0309,-0.0221,-16.44,-32.87,26.44,327.93,-81.75,-175.46
52.39198,-1.550007,148,15.97,3,136.9,21 / 22,2483610,2019-09-06 20:01:29:353,0.596,0.7647,9.6187,0.0102,-0.0069,9.8066,-0.0975,0.0128,-0.0015,-16.5,-33.19,26.56,328.48,-81.72,-176.04
52.39198,-1.550007,148,15.97,3,136.9,21 / 22,2483709,2019-09-06 20:01:29:452,0.0546,0.0056,9.8569,0.0206,-0.028,9.8065,0.0597,0.0154,-0.0331,-16.31,-32.69,26.19,327.21,-81.62,-175.99
52.39198,-1.550007,148,15.97,3,136.9,21 / 22,2483810,2019-09-06 20:01:29:553,0.3756,-0.3444,9.4024,-0.0001,0.0099,9.8066,0.0244,0.0331,0.0068,-16.56,-32.94,26.31,324.66,-81.71,-176.77
52.39198,-1.550007,148,15.97,3,136.9,21 / 22,2483910,2019-09-06 20:01:29:653,-0.1377,0.7236,9.558,-0.0009,0.0108,9.8066,0.0566,0.0147,-0.0356,-16.5,-32.94,25.94,325.87,-81.67,-177.18
52.39198,-1.550007,148,15.97,3,136.9,21 / 22,2484010,2019-09-06 20:01:29:753,0.5038,-0.0632,9.8286,0.0002,0.0067,9.8066,0.0933,-0.0077,-0.0362,-16.12,-32.75,26.13,325.42,-81.7,-177.59
52.39198,-1.550007,148,15.97,3,136.9,21 / 22,2484110,2019-09-06 20:01:29:853,0.6376,0.6213,9.4006,0.0014,0.0109,9.8066,-0.0416,-0.0106,0.0165,-16.12,-32.75,26.31,324.35,-81.75,-178.56
52.39198,-1.550007,148,15.97,3,136.9,21 / 22,2484210,2019-09-06 20:01:29:953,0.8084,0.6324,9.2215,-0.0033,0.0088,9.8066,-0.0552,0.0106,-0.0091,-16.5,-33.37,26,324.25,-81.82,-178.69
52.39198,-1.550007,148,15.97,3,136.9,21 / 22,2484310,2019-09-06 20:01:30:053,-0.0341,0.6829,9.9397,0.0038,0,9.8066,-0.0811,0.0056,-0.0047,-16.25,-33.25,25.81,324.18,-81.83,-178.77
52.39198,-1.550007,148,15.97,3,136.9,20 / 21,2484410,2019-09-06 20:01:30:153,0.3039,0.3128,10.6898,-0.0057,-0.0012,9.8066,0.0681,0.0253,-0.0098,-16.44,-33.19,25.31,322.7,-81.85,-178.9
52.39198,-1.550007,148,15.97,3,136.9,20 / 21,2484509,2019-09-06 20:01:30:252,0.2712,0.3514,10.135,-0.0161,0.0231,9.8066,-0.0994,0.0061,0.05,-16.87,-33.25,25.38,320.96,-81.94,-178.99
52.39198,-1.550007,148,15.97,3,136.9,20 / 21,2484609,2019-09-06 20:01:30:352,-0.3076,0.8523,9.6765,0.0103,-0.0177,9.8066,-0.0938,0.0162,-0.0213,-17,-32.44,25.81,322.79,-81.85,-178.67
52.39198,-1.550007,148,15.97,3,136.9,20 / 21,2484710,2019-09-06 20:01:30:453,-0.141,0.3194,10.0812,0.0099,-0.0106,9.8066,0.0742,0.0477,-0.0156,-16.25,-32.94,26.13,324.4,-81.84,-178.57
52.39198,-1.550007,148,15.97,3,136.9,20 / 21,2484810,2019-09-06 20:01:30:553,-0.4,0.7909,9.9428,-0.0006,0.0037,9.8066,0.0254,0.0258,0.0124,-16.75,-33.25,25.88,322.5,-81.82,-178.74
52.39198,-1.550007,148,15.97,3,136.9,20 / 21,2484910,2019-09-06 20:01:30:653,-0.32,0.8189,9.7806,0.0073,-0.008,9.8066,-0.0243,-0.0032,0.0066,-16.62,-33.06,25.75,322.19,-81.72,-178.94
52.39198,-1.550007,148,15.97,3,136.9,20 / 21,2485010,2019-09-06 20:01:30:753,-0.2603,-0.2998,9.9534,-0.0117,0.0085,9.8066,-0.0636,-0.0412,0.0057,-17.12,-33.12,25.81,322.45,-81.72,-178.71
52.39198,-1.550007,148,15.97,3,136.9,20 / 21,2485109,2019-09-06 20:01:30:852,0.2811,0.0988,9.7809,-0.0071,0.005,9.8066,0.1067,0.043,0.012,-16.44,-33.25,25.69,324.39,-81.75,-178.52
52.39198,-1.550007,148,15.97,3,136.9,20 / 21,2485209,2019-09-06 20:01:30:952,-0.6192,0.5239,9.7829,-0.0055,0.0164,9.8065,-0.0044,0.066,-0.087,-16.87,-32.5,25.69,322.38,-81.82,-179
52.39198,-1.550007,148,15.97,3,136.9,20 / 21,2485309,2019-09-06 20:01:31:052,0.5275,0.2335,9.9807,-0.0237,0.0186,9.8066,0.0468,0.0203,0.0563,-16.44,-33.12,25.38,322.88,-81.89,-178.78
52.39198,-1.550007,148,15.97,3,136.9,21 / 22,2485410,2019-09-06 20:01:31:153,-0.1232,0.0241,9.7543,0.0212,-0.0214,9.8066,-0.0758,0.0103,-0.0275,-16.87,-33.06,26.13,322.74,-81.96,-178.63
52.39198,-1.550007,148,15.97,3,136.9,21 / 22,2485509,2019-09-06 20:01:31:252,0.214,0.3291,9.3276,0.0153,-0.0148,9.8065,0.0182,0.0117,-0.0092,-16.62,-33.5,25.56,322.19,-81.83,-179.02
52.39198,-1.550007,148,15.97,3,136.9,21 / 22,2485609,2019-09-06 20:01:31:352,0.0201,0.1081,9.4702,-0.0196,0.0167,9.8066,0.0076,-0.0207,-0.001,-17.06,-33.37,25.56,322.82,-81.93,-178.54
52.39198,-1.550007,148,15.97,3,136.9,21 / 22,2485710,2019-09-06 20:01:31:453,0.2591,0.2313,9.978,-0.0129,0.0192,9.8066,-0.048,0.021,0.0005,-17,-33.06,25.44,321.44,-81.99,-178.62
52.39198,-1.550007,148,15.97,3,136.9,21 / 22,2485810,2019-09-06 20:01:31:553,-0.0382,0.1928,9.8978,-0.0004,-0.0054,9.8066,-0.0084,0.0294,0.0067,-16.75,-33.12,25.75,323.69,-82,-177.83
52.39198,-1.550007,148,15.97,3,136.9,21 / 22,2485910,2019-09-06 20:01:31:653,0.1674,0.7685,9.4619,-0.0136,0.0171,9.8066,-0.0626,-0.0178,0.0236,-17.06,-33.62,25.19,321.86,-81.94,-178.04
52.39198,-1.550007,148,15.97,3,136.9,21 / 22,2486010,2019-09-06 20:01:31:753,-0.2606,0.243,10.2489,-0.0134,0.0123,9.8066,0.0466,-0.0151,-0.03,-17.19,-33.5,25.69,323.34,-81.86,-178.03
52.39198,-1.550007,148,15.97,3,136.9,21 / 22,2486110,2019-09-06 20:01:31:853,0.25,-0.0943,10.3155,-0.0028,0.004,9.8066,0.0269,0.0054,-0.0088,-16.69,-33.25,26,323.66,-81.9,-177.78
52.39198,-1.550007,148,15.97,3,136.9,21 / 22,2486210,2019-09-06 20:01:31:953,-0.4121,-0.9134,9.8205,0.0113,-0.0171,9.8066,-0.049,0.0337,-0.0411,-16.62,-32.75,25.38,322.48,-81.77,-177.54
52.39198,-1.550007,148,15.97,3,136.9,21 / 22,2486309,2019-09-06 20:01:32:052,0.8154,-0.3676,10.2766,-0.0007,0.0097,9.8066,0.0762,0.0375,-0.0206,-17,-32.81,25.5,323.61,-81.88,-177.81
52.39198,-1.550007,148,15.97,3,136.9,21 / 22,2486409,2019-09-06 20:01:32:152,-0.5,0.0348,9.8215,-0.01,0.0188,9.8066,-0.0329,-0.0109,0.0348,-16.94,-33.12,25.63,322.86,-81.92,-178.5
52.39198,-1.550007,148,15.97,3,136.9,21 / 22,2486510,2019-09-06 20:01:32:253,-0.1477,0.4886,10.2469,0.0127,-0.0025,9.8066,0.0315,0.0083,-0.0301,-16.94,-33.5,26,322.29,-81.86,-178.95
52.39198,-1.550007,148,15.97,3,136.9,21 / 22,2486610,2019-09-06 20:01:32:353,-0.3538,-0.0684,9.999,-0.0012,0.0046,9.8066,0.0875,-0.0508,-0.0126,-16.87,-33.37,26.25,322.17,-81.93,-179.11
52.39198,-1.550007,148,15.97,3,136.9,21 / 22,2486709,2019-09-06 20:01:32:452,0.2132,0.4576,9.8358,0.0191,-0.0231,9.8066,-0.0809,0.0624,0.0115,-16.69,-33.12,25.44,319.98,-81.76,-179.71
52.39198,-1.550007,148,15.97,3,136.9,21 / 22,2486809,2019-09-06 20:01:32:552,0.64,0.6816,9.6572,0.0171,-0.0324,9.8065,-0.0147,0.0103,0.0175,-17,-33.31,25.56,321.76,-81.75,-179.33
52.39198,-1.550007,148,15.97,3,136.9,21 / 22,2486910,2019-09-06 20:01:32:653,-0.3726,-0.7666,10.3926,-0.0231,0.0177,9.8066,0.0212,0.0213,-0.0025,-16.75,-33.31,25.19,320.45,-81.83,-179.35
52.39198,-1.550007,148,15.97,3,136.9,21 / 22,2487010,2019-09-06 20:01:32:753,0.6024,-0.0354,9.7633,-0.0115,0.0266,9.8065,0.0209,0.0026,-0.0009,-17.06,-33.19,25.38,320.7,-82.06,-179.31
52.39198,-1.550007,148,15.97,3,136.9,21 / 22,2487110,2019-09-06 20:01:32:853,0.1478,0.729,9.3599,0.0114,-0.0095,9.8066,-0.0034,-0.0147,-0.0306,-16.94,-33.25,25.5,321.96,-81.99,-179.34
52.39198,-1.550007,148,15.97,3,136.9,21 / 22,2487210,2019-09-06 20:01:32:953,0.0051,-1.1642,10.3038,0.0057,-0.0077,9.8066,0.0018,-0.0371,0.0861,-16.75,-33.19,25.69,322.13,-82.04,-179.22
52.39198,-1.550007,148,15.97,3,136.9,21 / 22,2487310,2019-09-06 20:01:33:053,-0.3641,1.2845,9.901,-0.0069,0.0171,9.8066,0.133,-0.0203,-0.0512,-17.25,-33.31,25.56,321.97,-81.92,-179.28
52.39198,-1.550007,148,15.97,3,136.9,20 / 21,2487409,2019-09-06 20:01:33:152,0.7516,-0.0683,9.8446,-0.0084,0.0088,9.8066,-0.023,0.0062,-0.0216,-17.31,-33.69,25.25,319.64,-81.91,-179.96
52.39198,-1.550007,148,15.97,3,136.9,20 / 21,2487509,2019-09-06 20:01:33:252,0.149,-0.0787,9.8609,-0.013,0.0027,9.8066,0.0348,0.0034,0.0778,-16.94,-32.81,25.56,321.79,-81.9,-179.42
52.39198,-1.550007,148,15.97,3,136.9,20 / 21,2487609,2019-09-06 20:01:33:352,0.7198,0.7547,9.4785,-0.013,0.0236,9.8066,0.018,0.0585,-0.0389,-17.19,-33.37,25.31,320.44,-81.99,-179.49
52.39198,-1.550007,148,15.97,3,136.9,20 / 21,2487709,2019-09-06 20:01:33:452,0.0836,0.7945,9.704,0.0042,-0.0157,9.8065,0.0296,0.0081,0.0246,-17.62,-33.12,24.69,319.3,-81.97,-179.05
52.39198,-1.550007,148,15.97,3,136.9,20 / 21,2487810,2019-09-06 20:01:33:553,0.372,-0.3163,9.2504,0.0026,-0.0111,9.8066,0.0467,0.0105,0.0013,-17.5,-33.12,25.06,321.51,-81.97,-178.53
52.39198,-1.550007,148,15.97,3,136.9,20 / 21,2487910,2019-09-06 20:01:33:653,-0.1521,0.292,9.6654,-0.0024,-0.007,9.8066,-0.0221,0.0476,0.023,-17.12,-33.31,24.88,321.6,-82.04,-178.51
52.39198,-1.550007,148,15.97,3,136.9,20 / 21,2488010,2019-09-06 20:01:33:753,0.5963,0.5638,10.1599,0.012,-0.0139,9.8066,0.0264,-0.0065,0.0232,-17.06,-33.69,24.81,321.54,-81.92,-178.31
52.39198,-1.550007,148,15.97,3,136.9,20 / 21,2488110,2019-09-06 20:01:33:853,0.3608,-0.2616,10.1662,-0.0089,0.0123,9.8065,0.0199,0.0038,-0.0374,-17.44,-32.44,25.25,321.25,-81.96,-178.92
52.39198,-1.550007,148,15.97,3,136.9,20 / 21,2488210,2019-09-06 20:01:33:953,-0.2165,-0.1301,9.8571,-0.017,0.0125,9.8066,0.0321,0.0108,0.037,-17.06,-33.06,25.44,321.51,-81.95,-178.52
52.39198,-1.550007,148,15.97,3,136.9,20 / 21,2488309,2019-09-06 20:01:34:052,-0.0212,0.2213,10.3502,0.015,-0.0141,9.8066,-0.0782,0.021,0.0357,-17.31,-33.12,25.06,321.76,-81.87,-178.24
52.39198,-1.550007,148,15.97,3,136.9,20 / 21,2488410,2019-09-06 20:01:34:153,-0.2534,0.1292,10.0709,0.0132,-0.0107,9.8066,-0.0027,0.0258,-0.0477,-17.62,-33.25,24.81,319.97,-81.91,-178.41
52.39198,-1.550007,148,15.97,3,136.9,20 / 21,2488509,2019-09-06 20:01:34:252,0.0726,-0.3541,10.0366,-0.0201,0.0224,9.8065,0.0438,-0.0284,-0.0239,-17.25,-33.56,24.5,321.2,-81.87,-178.57
52.39198,-1.550007,148,15.97,3,136.9,20 / 21,2488610,2019-09-06 20:01:34:353,0.0472,0.2178,9.4549,-0.0153,0.0171,9.8066,0.0722,0.0361,0.0324,-16.81,-33.31,25.19,321.77,-82.05,-178.36
52.39198,-1.550007,148,15.97,3,136.9,20 / 21,2488710,2019-09-06 20:01:34:453,-0.6553,0.4468,9.6281,-0.0048,0.0068,9.8066,0.0403,-0.0073,-0.0216,-17.19,-32.62,24.88,321.81,-82,-178.3
52.39198,-1.550007,148,15.97,3,136.9,20 / 21,2488810,2019-09-06 20:01:34:553,0.2135,0.2131,9.8957,-0.0143,0.0262,9.8066,-0.0169,-0.0029,-0.0307,-17.56,-33.31,25,319.65,-82.1,-178.83
52.39198,-1.550007,148,15.97,3,136.9,20 / 21,2488910,2019-09-06 20:01:34:653,0.2906,0.9888,9.9392,0.0113,-0.0076,9.8066,0.0183,0.001,0.0318,-17,-33.12,25.63,322.43,-81.97,-178.9
52.39198,-1.550007,148,15.97,3,136.9,20 / 21,2489009,2019-09-06 20:01:34:752,-0.1805,0.3046,9.1682,0.0145,-0.0087,9.8066,-0.1176,0.0319,-0.0301,-17.44,-32.87,24.94,320.71,-81.95,-179.22
52.39198,-1.550007,148,15.97,3,136.9,20 / 21,2489110,2019-09-06 20:01:34:853,1.0527,-0.3226,9.8615,-0.0183,0.0167,9.8066,0.0844,0.0089,-0.0116,-17.5,-33.44,24.5,320.87,-81.99,-179.11
52.39198,-1.550007,148,15.97,3,136.9,20 / 21,2489210,2019-09-06 20:01:34:953,0.5115,-0.4299,9.6888,-0.0088,0.0129,9.8065,0.1186,-0.0035,-0.0161,-17.25,-33.56,24.06,319.36,-82.15,-179.14
52.39198,-1.550007,148,15.97,3,136.9,20 / 21,2489310,2019-09-06 20:01:35:053,0.5219,0.167,9.8742,0.0023,-0.0013,9.8066,-0.1035,-0.0016,0.0154,-17.56,-33.81,24.5,319.35,-82.13,-178.95
52.39198,-1.550007,148,15.97,3,136.9,20 / 21,2489410,2019-09-06 20:01:35:153,0.1812,0.7697,10.3644,0.0134,-0.0149,9.8066,-0.0364,-0.015,0.0066,-17.12,-33.94,25.06,321.25,-82.18,-178.76
52.39198,-1.550007,148,15.97,3,136.9,20 / 21,2489509,2019-09-06 20:01:35:252,0.0202,0.7729,9.3329,0.0153,-0.0178,9.8066,0.0206,0.075,0.0299,-18.12,-33.25,24.44,318.43,-82.03,-178.6
52.39198,-1.550007,148,15.97,3,136.9,20 / 21,2489610,2019-09-06 20:01:35:353,-0.4789,0.3131,9.8055,-0.014,0.0023,9.8065,-0.0346,-0.0144,0.0362,-17.12,-33.5,24.81,322.19,-82.13,-178.06
52.39198,-1.550007,148,15.97,3,136.9,20 / 21,2489709,2019-09-06 20:01:35:452,0.424,0.6088,9.5835,0.0069,-0.0047,9.8066,0.1441,0.0444,0.016,-17.56,-33.44,25,320.74,-82.07,-177.86
52.39198,-1.550007,148,15.97,3,136.9,20 / 21,2489810,2019-09-06 20:01:35:553,-0.3519,-0.2497,10.7263,-0.0133,0.0118,9.8066,0.0789,-0.033,0.0272,-17.81,-32.87,24.56,320.29,-82.08,-178.26
52.39198,-1.550007,148,15.97,3,136.9,20 / 21,2489909,2019-09-06 20:01:35:652,-0.2738,0.5146,10.4195,0.0294,-0.0228,9.8065,-0.0601,0.0199,0.0062,-18.06,-32.87,24.63,320.77,-82.1,-177.84
52.39198,-1.550007,148,15.97,3,136.9,20 / 21,2490010,2019-09-06 20:01:35:753,0.6449,-0.3073,9.9309,0.0222,-0.0292,9.8065,-0.0885,0.0252,-0.0163,-17.87,-33.25,24.63,320.44,-82.14,-178.17
52.39198,-1.550007,148,15.97,3,136.9,20 / 21,2490109,2019-09-06 20:01:35:852,0.0801,0.0177,9.3066,0.016,-0.0053,9.8066,-0.0446,-0.0445,0.0432,-17.69,-33.37,24.38,318.55,-82.09,-178.53
52.39198,-1.550007,148,15.97,3,136.9,20 / 21,2490210,2019-09-06 20:01:35:953,-0.6394,1.9294,9.4308,-0.0036,0.0107,9.8066,-0.0923,0.0412,-0.0796,-17.69,-33.25,23.94,318.28,-82.23,-178.88
52.39198,-1.550007,148,15.97,3,136.9,20 / 21,2490310,2019-09-06 20:01:36:053,-0.8403,0.5899,9.7515,0.0024,0.0074,9.8066,0.1597,0.0368,-0.0138,-17.94,-33.06,24,317.36,-82.14,-179.62
52.39107,-1.548356,147.77,17.12,3,127.55,18 / 19,2490409,2019-09-06 20:01:36:152,-0.193,0.5658,10.0612,0.0225,-0.0146,9.8066,-0.1157,0.0172,-0.0167,-17.56,-33.06,24.81,318.01,-82.01,179.79
52.39107,-1.548356,147.77,17.12,3,127.55,18 / 19,2490509,2019-09-06 20:01:36:252,-1.1446,0.3061,10.0171,0.0096,-0.012,9.8066,-0.0594,-0.0462,-0.0025,-17.37,-33.06,24.5,319.5,-82.03,179.65
52.39107,-1.548356,147.77,17.12,3,127.55,18 / 19,2490610,2019-09-06 20:01:36:353,0.0271,1.1251,9.9491,-0.0036,0.0129,9.8066,0.0973,0.0142,0.0496,-17.69,-33.37,24.56,317.84,-82.24,179.45
52.39107,-1.548356,147.77,17.12,3,127.55,18 / 19,2490710,2019-09-06 20:01:36:453,-0.3654,0.5691,9.7501,-0.0188,0.006,9.8066,0.0824,0.0521,0.0221,-18.06,-33.25,24.75,318.06,-82.24,179.65
52.39107,-1.548356,147.77,17.12,3,127.55,18 / 19,2490809,2019-09-06 20:01:36:552,-0.1213,1.3078,9.5326,0.0008,-0.0059,9.8066,-0.1085,0.0425,0.0116,-17.62,-32.94,24.5,319.19,-82.31,-179.4
52.39107,-1.548356,147.77,17.12,3,127.55,18 / 19,2490910,2019-09-06 20:01:36:653,0.05,1.0917,9.5078,0.0038,-0.0041,9.8066,-0.0758,0.0149,0.0115,-18.06,-33.44,24.25,318.11,-82.22,-179.03
52.39107,-1.548356,147.77,17.12,3,127.55,18 / 19,2491009,2019-09-06 20:01:36:752,-1.733,1.5526,9.8715,0.0132,-0.0136,9.8066,0.1023,0.0053,0.0063,-18.19,-33.06,24.19,318.41,-82.1,-178.67
52.39107,-1.548356,147.77,17.12,3,127.55,18 / 19,2491110,2019-09-06 20:01:36:853,0.0169,0.4985,9.6972,-0.0039,-0.001,9.8066,0.1364,0.0549,-0.0688,-18.06,-33.56,24.06,318.11,-82.12,-178.76
52.39107,-1.548356,147.77,17.12,3,127.55,18 / 19,2491210,2019-09-06 20:01:36:953,-0.005,0.253,9.414,0.0049,0.007,9.8066,-0.0432,0.0117,0.0027,-17.69,-33.5,24.06,317.45,-82.07,-179.49
52.39107,-1.548356,147.77,17.12,3,127.55,18 / 19,2491309,2019-09-06 20:01:37:052,-0.8137,0.8392,9.8112,-0.0062,0.0152,9.8066,0.0209,-0.0088,0.0156,-17.81,-33.19,24.06,316.72,-82.12,179.83
52.39107,-1.548356,147.77,17.12,3,127.55,20 / 21,2491410,2019-09-06 20:01:37:153,-0.161,1.2196,9.7917,-0.0084,0.0106,9.8066,-0.0793,0.0306,-0.0298,-17.69,-33.69,24.63,317.57,-82.25,179.37
52.39107,-1.548356,147.77,17.12,3,127.55,20 / 21,2491509,2019-09-06 20:01:37:252,0.0635,0.04,9.3269,0.0085,-0.0023,9.8066,-0.0279,-0.0213,0.0259,-17.62,-33.12,23.81,315.57,-82.21,178.72
52.39107,-1.548356,147.77,17.12,3,127.55,20 / 21,2491609,2019-09-06 20:01:37:352,-1.6368,1.2158,9.1651,0.0046,-0.0101,9.8066,0.0617,0.0153,-0.0176,-17.44,-33.5,24,317.49,-82.17,179.03
52.39107,-1.548356,147.77,17.12,3,127.55,20 / 21,2491709,2019-09-06 20:01:37:452,-0.2221,-0.098,10.0752,-0.0122,0.0165,9.8066,0.0797,-0.0252,0.0216,-17.87,-33.12,24.44,316.42,-82.38,179.33
52.39107,-1.548356,147.77,17.12,3,127.55,20 / 21,2491810,2019-09-06 20:01:37:553,0.2647,-0.14,10.2691,-0.0053,0.002,9.8066,0.0067,0.0182,0.0063,-17.62,-33.37,24.44,316.29,-82.34,179.26
52.39107,-1.548356,147.77,17.12,3,127.55,20 / 21,2491910,2019-09-06 20:01:37:653,-0.5017,0.4401,9.7958,0.0052,-0.0058,9.8066,-0.0161,0.0137,0.0066,-17.81,-33.25,24.13,316.1,-82.24,179.17
52.39107,-1.548356,147.77,17.12,3,127.55,20 / 21,2492010,2019-09-06 20:01:37:753,0.053,0.3796,10.011,-0.0025,-0.0005,9.8066,0.0176,0.0174,-0.0216,-17.87,-33.06,24.06,316.19,-82.16,179.31
52.39107,-1.548356,147.77,17.12,3,127.55,20 / 21,2492110,2019-09-06 20:01:37:853,-0.0613,0.2232,9.8833,-0.0011,0.006,9.8066,0.0206,0.0076,0.0168,-18.25,-33.37,23.94,316.12,-82.24,179.19
52.39107,-1.548356,147.77,17.12,3,127.55,20 / 21,2492210,2019-09-06 20:01:37:953,0.6822,-0.2924,10.1231,-0.0021,-0.0001,9.8066,-0.1672,0.0184,0.0139,-18.06,-33.44,23.94,316.35,-82.35,179.3
52.39107,-1.548356,147.77,17.12,3,127.55,20 / 21,2492310,2019-09-06 20:01:38:053,-0.7223,1.1083,9.4369,0.0034,-0.0066,9.8066,-0.1305,0.0109,0.0044,-17.75,-33.19,24.06,316.56,-82.4,179.45
52.39107,-1.548356,147.77,17.12,3,127.55,18 / 19,2492409,2019-09-06 20:01:38:152,-0.5796,0.4482,9.842,0.0007,-0.0034,9.8066,0.0881,0.0411,0.0109,-18,-33.44,23.69,316.95,-82.44,179.76
52.39107,-1.548356,147.77,17.12,3,127.55,18 / 19,2492510,2019-09-06 20:01:38:253,-0.3856,0.2196,10.2992,-0.0085,0.0078,9.8066,0.1303,0.0654,-0.0215,-18.12,-32.87,23.56,316.76,-82.47,179.57
52.39107,-1.548356,147.77,17.12,3,127.55,18 / 19,2492610,2019-09-06 20:01:38:353,-0.1101,-0.1057,9.8207,-0.0048,0.0142,9.8066,-0.0854,0.0306,-0.0069,-17.87,-33.56,23.19,314.63,-82.56,179.11
52.39107,-1.548356,147.77,17.12,3,127.55,18 / 19,2492710,2019-09-06 20:01:38:453,-1.0433,0.6872,9.8026,0.0033,0.0023,9.8066,-0.0321,-0.0394,-0.0006,-18.56,-33,23.81,314.52,-82.48,178.94
52.39107,-1.548356,147.77,17.12,3,127.55,18 / 19,2492810,2019-09-06 20:01:38:553,0.2356,1.0508,9.5995,-0.0052,0.008,9.8066,0.0539,-0.0032,0.045,-18.12,-33.37,23.81,315.93,-82.51,178.79
52.39107,-1.548356,147.77,17.12,3,127.55,18 / 19,2492910,2019-09-06 20:01:38:653,-0.7926,0.0695,10.1044,0.0035,-0.0036,9.8066,-0.0254,0.0119,-0.0145,-18.25,-33.62,23.38,313.66,-82.49,178.31
52.39107,-1.548356,147.77,17.12,3,127.55,18 / 19,2493010,2019-09-06 20:01:38:753,-1.031,0.7007,9.6165,0.0165,0.0004,9.8065,0.0466,0.0373,-0.0296,-18.06,-32.81,23.06,313.43,-82.52,177.88
52.39107,-1.548356,147.77,17.12,3,127.55,18 / 19,2493110,2019-09-06 20:01:38:853,-0.0865,0.2807,9.9219,-0.0092,0.0193,9.8066,0.0627,0.0591,-0.0194,-17.81,-33.81,23.56,313.51,-82.5,176.8
52.39107,-1.548356,147.77,17.12,3,127.55,18 / 19,2493209,2019-09-06 20:01:38:952,0.0266,0.6277,9.6931,0.0047,0.0073,9.8066,-0.0389,-0.0411,0.0045,-18.62,-33.44,23.5,311.02,-82.58,175.68
52.39107,-1.548356,147.77,17.12,3,127.55,18 / 19,2493309,2019-09-06 20:01:39:052,0.4264,0.4377,10.3293,0.0092,-0.0067,9.8065,0.0188,0.077,-0.0736,-17.69,-33.37,23.69,311.71,-82.61,174.91
52.39107,-1.548356,147.77,17.12,3,127.55,19 / 20,2493410,2019-09-06 20:01:39:153,-0.1653,-0.3234,9.8691,0.0106,0.0091,9.8066,-0.1534,0.0736,-0.074,-17.87,-33.62,24,310.41,-82.64,173.9
52.39107,-1.548356,147.77,17.12,3,127.55,19 / 20,2493509,2019-09-06 20:01:39:252,-0.4499,0.883,10.0928,-0.0038,-0.007,9.8066,0.0017,0.0409,-0.0214,-17.69,-33.25,23.13,310.28,-82.73,174.84
52.39107,-1.548356,147.77,17.12,3,127.55,19 / 20,2493610,2019-09-06 20:01:39:353,-0.5701,0.591,9.982,0.0131,-0.016,9.8066,-0.005,0.0034,0.0085,-17.69,-33.62,23.25,309.89,-82.69,174.73
52.39107,-1.548356,147.77,17.12,3,127.55,19 / 20,2493710,2019-09-06 20:01:39:453,0.3396,-0.0114,9.5494,-0.0023,-0.0023,9.8066,0.0006,-0.0028,0.0339,-17.44,-32.75,23.31,312.05,-82.67,175.06
52.39107,-1.548356,147.77,17.12,3,127.55,19 / 20,2493809,2019-09-06 20:01:39:552,0.2258,-0.2291,9.4379,0.0085,-0.0092,9.8066,0.0053,0.016,0.0103,-18.31,-33.94,24.06,312.25,-82.59,175.59
52.39107,-1.548356,147.77,17.12,3,127.55,19 / 20,2493910,2019-09-06 20:01:39:653,-0.1383,0.1426,10.2815,-0.0282,0.0255,9.8066,0.0909,0.0555,0.0083,-18.37,-33.25,23.5,312.99,-82.72,175.97
52.39107,-1.548356,147.77,17.12,3,127.55,19 / 20,2494010,2019-09-06 20:01:39:753,0.0971,-0.5708,9.8892,-0.0376,0.0262,9.8065,0.0778,-0.0051,0.0254,-18.19,-33.56,23.5,313.33,-82.71,176.46
52.39107,-1.548356,147.77,17.12,3,127.55,19 / 20,2494110,2019-09-06 20:01:39:853,1.2664,-0.2036,10.0176,0.0285,-0.0245,9.8065,-0.1159,-0.0393,0.0283,-18.25,-33.37,23.56,313.26,-82.48,176.42
52.39107,-1.548356,147.77,17.12,3,127.55,19 / 20,2494210,2019-09-06 20:01:39:953,-0.4035,0.5567,9.9757,0.0302,-0.0191,9.8066,-0.054,0.0175,-0.0566,-18.69,-33.5,23.56,311.65,-82.56,176.27
52.39107,-1.548356,147.77,17.12,3,127.55,19 / 20,2494310,2019-09-06 20:01:40:053,-0.2822,0.1275,10.1575,-0.0252,0.02,9.8066,0.03,-0.0281,-0.0106,-18.37,-33.31,23.81,312.77,-82.56,175.92
52.39107,-1.548356,147.77,17.12,3,127.55,20 / 21,2494410,2019-09-06 20:01:40:153,0.112,-0.1131,9.664,0.0164,-0.0095,9.8066,-0.015,-0.0387,0.0426,-18,-33.25,23.25,310.61,-82.63,175.23
52.39107,-1.548356,147.77,17.12,3,127.55,20 / 21,2494509,2019-09-06 20:01:40:252,-0.907,0.1766,9.5147,0.0119,-0.0094,9.8065,0.1058,0.0118,0.0218,-17.5,-33.69,23.19,312.05,-82.69,175.23
52.39107,-1.548356,147.77,17.12,3,127.55,20 / 21,2494609,2019-09-06 20:01:40:352,0.5989,-0.1141,9.8177,-0.0339,0.0259,9.8065,0.1314,-0.0051,-0.0147,-18.25,-33.87,23.25,310.12,-82.77,174.86
52.39107,-1.548356,147.77,17.12,3,127.55,20 / 21,2494709,2019-09-06 20:01:40:452,0.0814,-0.2548,10.137,-0.0218,0.0183,9.8065,-0.1274,0.0382,-0.0221,-17.94,-33.94,23.31,310.87,-83.03,175.28
52.39107,-1.548356,147.77,17.12,3,127.55,20 / 21,2494810,2019-09-06 20:01:40:553,-0.3462,0.1977,9.2915,0.0196,-0.0236,9.8065,-0.0596,0.017,0.0518,-18,-33.44,23.25,311.43,-82.86,175.78
52.39107,-1.548356,147.77,17.12,3,127.55,20 / 21,2494910,2019-09-06 20:01:40:653,-0.4858,0.2628,9.5852,-0.0257,0.0158,9.8065,0.0445,0.0109,0.0063,-18,-33.12,23.5,313.57,-82.85,176.38
52.39107,-1.548356,147.77,17.12,3,127.55,20 / 21,2495009,2019-09-06 20:01:40:752,-0.6462,0.5722,9.5117,-0.0266,0.0208,9.8066,0.0463,0.0078,0.0035,-18.75,-32.56,23.19,311.55,-83.11,177.04
52.39107,-1.548356,147.77,17.12,3,127.55,20 / 21,2495110,2019-09-06 20:01:40:853,-0.5443,-0.0853,9.944,-0.0316,0.0265,9.8065,-0.0756,0.0201,-0.0273,-18.31,-32.56,22.75,313.36,-83.2,177.21
52.39107,-1.548356,147.77,17.12,3,127.55,20 / 21,2495210,2019-09-06 20:01:40:953,-0.0061,-0.3683,9.6475,-0.0003,0.0039,9.8066,0.0713,-0.0081,0.0002,-18.12,-32.87,22.5,313.13,-83.18,177.02
52.39107,-1.548356,147.77,17.12,3,127.55,20 / 21,2495310,2019-09-06 20:01:41:053,0.238,0.0084,10.0315,-0.0019,0.0074,9.8066,0.0017,0.0231,0.0023,-17.94,-33.44,22.94,312.66,-83.19,176.58
52.39107,-1.548356,147.77,17.12,3,127.55,18 / 19,2495409,2019-09-06 20:01:41:152,-0.0338,0.1023,9.6329,0.0124,-0.0048,9.8066,-0.0484,0.0336,0.0019,-18,-33.5,23,312.04,-83.15,176.06
52.39107,-1.548356,147.77,17.12,3,127.55,18 / 19,2495510,2019-09-06 20:01:41:253,-0.5403,0.3782,9.5592,0.0114,-0.0098,9.8066,0.0652,-0.0086,0.0103,-17.81,-33.25,23,311.64,-83.04,175.79
52.39107,-1.548356,147.77,17.12,3,127.55,18 / 19,2495609,2019-09-06 20:01:41:352,-0.0794,0.3016,9.9192,-0.014,0.0154,9.8066,0.0716,-0.0152,-0.0112,-17.94,-33.56,23,311.18,-83.18,175.42
52.39107,-1.548356,147.77,17.12,3,127.55,18 / 19,2495709,2019-09-06 20:01:41:452,0.0747,0.1033,9.6603,-0.0162,0.0217,9.8065,-0.0916,-0.0029,0.0358,-17.69,-33.19,22.81,311.13,-83.22,175.17
52.39107,-1.548356,147.77,17.12,3,127.55,18 / 19,2495810,2019-09-06 20:01:41:553,0.3977,0.1117,9.5394,0.0131,-0.0125,9.8066,-0.0692,0.0613,-0.0177,-18.12,-32.69,22.88,310.73,-83.21,174.81
52.39107,-1.548356,147.77,17.12,3,127.55,18 / 19,2495910,2019-09-06 20:01:41:653,-0.0454,-0.8164,9.5178,0.0148,-0.0094,9.8066,0.0042,0.01,-0.0077,-18,-33.69,23.06,310.12,-83.15,174.48
52.39107,-1.548356,147.77,17.12,3,127.55,18 / 19,2496009,2019-09-06 20:01:41:752,0.1009,-0.3969,10.2478,-0.0202,0.0242,9.8066,0.0271,-0.007,-0.0098,-18,-34.12,23.13,310.15,-83.38,174.3
52.39107,-1.548356,147.77,17.12,3,127.55,18 / 19,2496109,2019-09-06 20:01:41:852,0.1665,-0.1762,9.4667,-0.0163,0.0227,9.8065,-0.0266,0.02,0.0231,-17.94,-33.5,22.75,309.88,-83.4,173.86
52.39107,-1.548356,147.77,17.12,3,127.55,18 / 19,2496210,2019-09-06 20:01:41:953,0.0632,0.2591,9.5322,-0.0064,0.0031,9.8066,-0.0303,0.0219,-0.0006,-18.06,-34,22.88,309.55,-83.43,173.7
52.39107,-1.548356,147.77,17.12,3,127.55,18 / 19,2496310,2019-09-06 20:01:42:053,-0.356,0.0057,9.9713,-0.0027,0.0035,9.8066,-0.0557,0.0356,0.0088,-18.37,-33.69,23.19,309.51,-83.43,173.67
52.39107,-1.548356,147.77,17.12,3,127.55,20 / 21,2496410,2019-09-06 20:01:42:153,0.1485,-0.0597,9.4701,-0.0021,-0.0053,9.8066,0.0057,0.022,0.0315,-18.94,-34,22.94,308.33,-83.45,173.94
52.39107,-1.548356,147.77,17.12,3,127.55,20 / 21,2496510,2019-09-06 20:01:42:253,0.1674,-0.6151,9.2364,-0.0019,0.0056,9.8066,-0.0757,0.0158,-0.0333,-18.69,-33.75,22.81,308.43,-83.6,173.89
52.39107,-1.548356,147.77,17.12,3,127.55,20 / 21,2496609,2019-09-06 20:01:42:352,-0.459,0.0404,9.3842,-0.0041,-0.0016,9.8066,-0.0326,-0.0144,0.0355,-18.5,-33.87,22.38,308.56,-83.73,173.9
52.39107,-1.548356,147.77,17.12,3,127.55,20 / 21,2496709,2019-09-06 20:01:42:452,0.5535,-0.6791,9.7466,-0.0007,0.0184,9.8066,0.0142,0.0251,-0.0328,-18.44,-34.19,22.5,309.96,-83.79,173.73
52.39107,-1.548356,147.77,17.12,3,127.55,20 / 21,2496810,2019-09-06 20:01:42:553,-0.4728,0.2494,9.7137,-0.0025,0.0061,9.8066,0.0001,-0.0106,-0.0262,-18.12,-33.5,22.19,307.23,-83.84,172.39
52.39107,-1.548356,147.77,17.12,3,127.55,20 / 21,2496910,2019-09-06 20:01:42:653,0.6058,-0.4788,9.4319,0.003,0.0026,9.8066,-0.063,0.0281,-0.0116,-18.19,-33.81,22.56,307.73,-83.81,171.66
52.39107,-1.548356,147.77,17.12,3,127.55,20 / 21,2497010,2019-09-06 20:01:42:753,0.0657,-0.3174,9.9129,-0.0021,-0.0054,9.8066,-0.0419,-0.0119,0.0277,-18.44,-34.12,22.31,306.47,-83.88,171.82
52.39107,-1.548356,147.77,17.12,3,127.55,20 / 21,2497110,2019-09-06 20:01:42:853,0.527,-0.4387,9.627,0.0033,0.0079,9.8066,-0.0697,0.0188,0.0059,-18.31,-34.12,22.25,305.58,-83.96,170.91
52.39107,-1.548356,147.77,17.12,3,127.55,20 / 21,2497210,2019-09-06 20:01:42:953,0.7967,0.0585,9.3764,0.0077,-0.0122,9.8065,-0.0488,0.0038,0.0266,-18.31,-33.75,21.63,305.88,-83.92,171.24
52.39107,-1.548356,147.77,17.12,3,127.55,20 / 21,2497310,2019-09-06 20:01:43:053,-0.9307,0.0236,9.5057,-0.0034,0.009,9.8066,-0.0731,-0.0109,-0.017,-18.06,-33.69,22.19,305.56,-83.88,170.98
52.39107,-1.548356,147.77,17.12,3,127.55,20 / 21,2497409,2019-09-06 20:01:43:152,0.3785,0.0088,9.4653,0.0087,-0.0075,9.8066,-0.0539,0.0489,-0.0378,-18.25,-33.44,22.44,305.74,-83.96,170.9
52.39107,-1.548356,147.77,17.12,3,127.55,20 / 21,2497510,2019-09-06 20:01:43:253,-0.4433,-0.4666,9.6219,-0.0222,0.01,9.8065,0.0704,-0.0299,0.0056,-18.75,-33.94,22.75,305.98,-84.19,171.06
52.39107,-1.548356,147.77,17.12,3,127.55,20 / 21,2497609,2019-09-06 20:01:43:352,0.5852,0.3915,9.5948,-0.0104,0.0185,9.8066,0.0331,0.0267,-0.0588,-18.25,-33.94,22.19,305.21,-84.23,170.3
52.39107,-1.548356,147.77,17.12,3,127.55,20 / 21,2497710,2019-09-06 20:01:43:453,-0.5057,-0.1075,10.1733,0.008,-0.0104,9.8066,0.0038,0.051,-0.0007,-18.19,-33.69,22,305.93,-84.3,170.89
52.39107,-1.548356,147.77,17.12,3,127.55,20 / 21,2497809,2019-09-06 20:01:43:552,-0.8486,-0.2267,9.7636,-0.0006,-0.0017,9.8066,-0.0437,-0.0186,0.0391,-18.56,-33.62,22.25,304.63,-84.33,171.05
52.39107,-1.548356,147.77,17.12,3,127.55,20 / 21,2497910,2019-09-06 20:01:43:653,0.0311,-0.4677,10.0628,-0.0145,0.0232,9.8065,0.0073,0.0273,-0.0666,-18.19,-33.44,22.06,305.64,-84.46,170.31
52.39107,-1.548356,147.77,17.12,3,127.55,20 / 21,2498010,2019-09-06 20:01:43:753,0.0196,0.2749,10.0486,-0.0219,0.0131,9.8065,0.032,0.0496,0.0206,-18.25,-33.5,22.31,305.69,-84.51,170.29
52.39107,-1.548356,147.77,17.12,3,127.55,20 / 21,2498110,2019-09-06 20:01:43:853,-0.0577,-0.2917,9.9399,0.0127,-0.0056,9.8066,-0.0073,0.0191,-0.0214,-18.31,-33.25,21.75,305.6,-84.41,170.31
52.39107,-1.548356,147.77,17.12,3,127.55,20 / 21,2498210,2019-09-06 20:01:43:953,0.7884,-0.4454,9.9169,-0.0065,0.0047,9.8066,-0.045,-0.0189,0.0281,-18.75,-33.81,22.31,303.57,-84.49,169.89
52.39107,-1.548356,147.77,17.12,3,127.55,20 / 21,2498309,2019-09-06 20:01:44:052,-0.1586,-0.4561,9.6193,-0.0007,0,9.8066,0.0682,0.0146,-0.0349,-17.87,-33.44,21.94,306.28,-84.49,170.87
52.39107,-1.548356,147.77,17.12,3,127.55,20 / 21,2498410,2019-09-06 20:01:44:153,-0.2755,-0.5279,9.9378,-0.0014,0.0037,9.8066,0.0484,-0.0186,0.018,-18.75,-33.31,21.88,304.6,-84.52,170.68
52.39107,-1.548356,147.77,17.12,3,127.55,20 / 21,2498509,2019-09-06 20:01:44:252,0.1338,0.6026,9.4689,-0.0022,0.0077,9.8066,0.0474,-0.0131,0.0241,-18.31,-33.75,21.88,306.26,-84.56,170.93
52.39107,-1.548356,147.77,17.12,3,127.55,20 / 21,2498610,2019-09-06 20:01:44:353,0.2505,-0.5147,10.3122,-0.0189,0.0091,9.8065,0.0048,0.053,0.0401,-18.37,-33.87,21.5,306.98,-84.65,171.52
52.39107,-1.548356,147.77,17.12,3,127.55,20 / 21,2498710,2019-09-06 20:01:44:453,0.223,0.2522,9.9565,0.0149,-0.0094,9.8066,-0.0022,-0.0029,-0.0434,-18.62,-33.81,21.69,306.46,-84.69,172.4
52.39107,-1.548356,147.77,17.12,3,127.55,20 / 21,2498810,2019-09-06 20:01:44:553,0.0909,-0.929,9.9394,0.0058,-0.0118,9.8066,0.0455,-0.0067,0.0093,-18.62,-34,21.56,306.33,-84.64,172.33
52.39107,-1.548356,147.77,17.12,3,127.55,20 / 21,2498910,2019-09-06 20:01:44:653,0.1027,-0.6371,9.5378,-0.0002,-0.008,9.8066,0.0005,0.0107,0.0439,-18.87,-33.56,22.25,307.79,-84.64,173.69
52.39107,-1.548356,147.77,17.12,3,127.55,20 / 21,2499010,2019-09-06 20:01:44:753,-0.4369,-0.2103,9.9242,-0.0057,0.0058,9.8066,0.0012,0.0318,-0.0196,-18.06,-34.19,22.44,308.95,-84.73,173.27
52.39107,-1.548356,147.77,17.12,3,127.55,20 / 21,2499110,2019-09-06 20:01:44:853,-0.4214,0.0153,9.6711,-0.0102,0.0038,9.8066,0.0792,0.0257,0.0004,-18.81,-33.69,22.06,307.92,-84.83,173.63
52.39107,-1.548356,147.77,17.12,3,127.55,20 / 21,2499210,2019-09-06 20:01:44:953,-0.327,-0.5386,9.5375,-0.0016,-0.0101,9.8066,0.0707,-0.0128,0.0778,-18.94,-33.69,21.69,309.4,-84.87,174.98
52.39107,-1.548356,147.77,17.12,3,127.55,20 / 21,2499309,2019-09-06 20:01:45:052,0.5316,-0.2874,9.6629,-0.0045,0.0011,9.8066,-0.0535,-0.0036,-0.0118,-18.87,-33.56,21.63,309.88,-84.83,175.47
52.390335,-1.546565,147.84,16.05,3,121.07,19 / 21,2499410,2019-09-06 20:01:45:153,0.7467,-0.0106,9.88,-0.0031,-0.0036,9.8066,-0.0111,0.0046,0.0088,-19,-33.62,21.69,310.57,-84.87,176.06
52.390335,-1.546565,147.84,16.05,3,121.07,19 / 21,2499510,2019-09-06 20:01:45:253,0.4476,-0.362,9.8046,-0.0069,-0.0067,9.8066,-0.1129,-0.0011,-0.0246,-19.56,-34.06,21.19,309.07,-85,177.34
52.390335,-1.546565,147.84,16.05,3,121.07,19 / 21,2499609,2019-09-06 20:01:45:352,1.2819,-0.4435,9.1841,-0.0163,0.009,9.8066,0.0536,0.0749,0.0245,-19.44,-33.75,21.31,310.95,-85.11,177.63
52.390335,-1.546565,147.84,16.05,3,121.07,19 / 21,2499710,2019-09-06 20:01:45:453,-0.949,0.7104,9.8655,-0.0031,-0.0094,9.8066,0.0566,0.0143,-0.0298,-19.5,-34.25,21.19,312.22,-85.22,178.72
52.390335,-1.546565,147.84,16.05,3,121.07,19 / 21,2499810,2019-09-06 20:01:45:553,0.0675,-0.4962,10.0021,-0.0127,0.0191,9.8066,0.1519,-0.0175,0.0455,-18.81,-34.37,21.56,314.83,-85.33,179.62
52.390335,-1.546565,147.84,16.05,3,121.07,19 / 21,2499909,2019-09-06 20:01:45:652,0.003,0.1245,10.3565,-0.0119,0.0003,9.8066,0.0422,0.0254,-0.0241,-19.06,-33.69,21.44,313.87,-85.19,-179.72
52.390335,-1.546565,147.84,16.05,3,121.07,19 / 21,2500010,2019-09-06 20:01:45:753,0.43,-0.3294,9.7713,0.0025,0,9.8066,0.0326,-0.0193,0.0027,-19.62,-33.87,21.44,312.67,-85.02,-179.33
52.390335,-1.546565,147.84,16.05,3,121.07,19 / 21,2500110,2019-09-06 20:01:45:853,-0.1688,-0.3581,9.82,-0.0155,0.0048,9.8065,-0.0108,-0.0177,0,-19.31,-33.87,21.44,314.43,-85.07,-179.09
52.390335,-1.546565,147.84,16.05,3,121.07,19 / 21,2500209,2019-09-06 20:01:45:952,0.8755,-0.1005,9.4982,-0.0109,0.0195,9.8066,0.0259,0.0338,-0.0151,-19.81,-34.19,21.06,313.8,-85.12,-178.36
52.390335,-1.546565,147.84,16.05,3,121.07,19 / 21,2500309,2019-09-06 20:01:46:052,0.1091,-0.2384,9.6066,-0.0044,0.0074,9.8066,0.0298,0.0406,0.0178,-19.25,-33.75,20.88,313.96,-85.29,-179.73
52.390335,-1.546565,147.84,16.05,3,121.07,19 / 21,2500410,2019-09-06 20:01:46:153,0.7758,-0.8005,9.873,0.0095,-0.0025,9.8065,0.0324,0.0136,-0.0017,-19.69,-34.31,20.69,312.07,-85.22,179.94
52.390335,-1.546565,147.84,16.05,3,121.07,19 / 21,2500510,2019-09-06 20:01:46:253,0.1969,0.7086,9.8876,0.0031,0.0096,9.8066,-0.0062,-0.0235,0.0043,-19.37,-34,20.88,312.86,-85.19,179.34
52.390335,-1.546565,147.84,16.05,3,121.07,19 / 21,2500609,2019-09-06 20:01:46:352,0.55,-0.4752,9.7354,-0.0018,0.0045,9.8066,-0.0527,0.0101,-0.0331,-19.12,-34.12,20.81,312.22,-85.21,178.73
52.390335,-1.546565,147.84,16.05,3,121.07,19 / 21,2500710,2019-09-06 20:01:46:453,0.5318,-0.0129,10.0752,0.0054,-0.0066,9.8066,0.0482,0.0099,-0.0123,-19.62,-33.31,21,310.03,-85.25,177.88
52.390335,-1.546565,147.84,16.05,3,121.07,19 / 21,2500810,2019-09-06 20:01:46:553,0.2783,-0.9011,10.0107,0.0016,-0.0034,9.8066,0.0819,0.0073,0.0158,-19.56,-33.94,21.5,311.69,-85.24,178.14
52.390335,-1.546565,147.84,16.05,3,121.07,19 / 21,2500909,2019-09-06 20:01:46:652,0.5527,-0.3708,9.6252,-0.0104,-0.003,9.8066,-0.0803,0.0008,-0.0178,-19.25,-33.56,20.5,312.52,-85.25,178.97
52.390335,-1.546565,147.84,16.05,3,121.07,19 / 21,2501009,2019-09-06 20:01:46:752,-0.0345,-0.0552,9.4921,-0.0025,0.0024,9.8066,-0.0975,0.0175,0.0251,-19.75,-33.75,20.5,311.81,-85.33,179.59
52.390335,-1.546565,147.84,16.05,3,121.07,19 / 21,2501109,2019-09-06 20:01:46:852,0.0098,0.0938,9.6395,0.0037,-0.0001,9.8066,0.0823,-0.0285,-0.0195,-19.19,-33.69,20.69,313.14,-85.41,179.4
52.390335,-1.546565,147.84,16.05,3,121.07,19 / 21,2501210,2019-09-06 20:01:46:953,-0.1066,-0.8367,9.8665,-0.0049,0.0162,9.8065,0.0687,0.0199,-0.0146,-19.56,-34.12,20.44,309.13,-85.5,178.42
52.390335,-1.546565,147.84,16.05,3,121.07,19 / 21,2501310,2019-09-06 20:01:47:053,-0.1533,0.4654,9.9205,-0.0081,0.0104,9.8066,-0.0025,0.0125,-0.0376,-19.31,-34,20.88,311.29,-85.52,177.56
52.390335,-1.546565,147.84,16.05,3,121.07,20 / 21,2501409,2019-09-06 20:01:47:152,0.6271,-0.3949,9.7258,0.0044,0.0131,9.8066,0.0318,0.0118,-0.0387,-18.94,-34.31,21,310.96,-85.57,177.21
52.390335,-1.546565,147.84,16.05,3,121.07,20 / 21,2501509,2019-09-06 20:01:47:252,0.3776,0.3938,10.0533,0.0084,0.0039,9.8066,0.0166,0.0064,0.0346,-19.25,-34.12,20.88,308.4,-85.55,174.82
52.390335,-1.546565,147.84,16.05,3,121.07,20 / 21,2501609,2019-09-06 20:01:47:352,0.4184,-0.4021,10.1211,0.0081,-0.0102,9.8066,-0.0184,0.0448,-0.0366,-19.37,-34,20.56,308.51,-85.45,175.02
52.390335,-1.546565,147.84,16.05,3,121.07,20 / 21,2501709,2019-09-06 20:01:47:452,-0.3442,0.5636,9.9301,0.0333,-0.0279,9.8065,0.0906,-0.0078,0.0159,-18.87,-34.19,20.5,308.19,-85.37,174.8
52.390335,-1.546565,147.84,16.05,3,121.07,20 / 21,2501810,2019-09-06 20:01:47:553,-0.1088,-0.0817,10.0103,-0.0437,0.027,9.8065,0.1152,0.0241,-0.0037,-19.12,-33.94,20.38,308.19,-85.69,175.99
52.390335,-1.546565,147.84,16.05,3,121.07,20 / 21,2501910,2019-09-06 20:01:47:653,0.3676,-0.4889,9.9471,-0.0485,0.032,9.8064,-0.1283,-0.0017,0.0342,-19.56,-34.12,20.75,309.1,-85.73,176.67
52.390335,-1.546565,147.84,16.05,3,121.07,20 / 21,2502009,2019-09-06 20:01:47:752,-0.3202,-0.6823,9.9646,0.0287,-0.0257,9.8065,-0.0525,-0.0234,-0.0125,-19.25,-33.87,20.44,309.63,-85.79,177.24
52.390335,-1.546565,147.84,16.05,3,121.07,20 / 21,2502109,2019-09-06 20:01:47:852,-0.3574,0.4845,9.6701,0.035,-0.017,9.8066,0.1169,0.0202,0.0215,-19.31,-34.44,20.5,310.16,-85.56,176.47
52.390335,-1.546565,147.84,16.05,3,121.07,20 / 21,2502209,2019-09-06 20:01:47:952,-0.0156,0.2797,9.9705,-0.0188,0.0101,9.8066,0.0644,-0.018,0.0035,-19.12,-34.56,20.63,310.62,-85.64,176.93
52.390335,-1.546565,147.84,16.05,3,121.07,20 / 21,2502309,2019-09-06 20:01:48:052,0.6551,-0.234,9.2864,-0.0215,0.0092,9.8066,0.0426,-0.0017,-0.0222,-19.62,-34.06,20.19,308.73,-85.63,177.92
52.390335,-1.546565,147.84,16.05,3,121.07,19 / 20,2502409,2019-09-06 20:01:48:152,-0.048,-1.0034,10.2306,-0.0008,-0.0037,9.8066,-0.0757,-0.0335,0.0689,-19.94,-34.06,20.31,310.25,-85.62,179.36
52.390335,-1.546565,147.84,16.05,3,121.07,19 / 20,2502509,2019-09-06 20:01:48:252,2.2551,-0.2199,9.2415,0.0119,-0.0098,9.8066,-0.0757,-0.0607,0.0245,-19.75,-34.44,20,311.21,-85.58,-179.7
52.390335,-1.546565,147.84,16.05,3,121.07,19 / 20,2502609,2019-09-06 20:01:48:352,0.3492,-0.3248,9.1338,-0.0002,0.005,9.8066,-0.0655,0.0437,-0.0174,-19.75,-34.19,20.63,312.06,-85.52,179.66
52.390335,-1.546565,147.84,16.05,3,121.07,19 / 20,2502710,2019-09-06 20:01:48:453,0.6384,0.523,10.4205,-0.005,0.0071,9.8066,0.1101,0.0087,0.012,-19.94,-34.25,20.25,309.84,-85.62,178.98
52.390335,-1.546565,147.84,16.05,3,121.07,19 / 20,2502810,2019-09-06 20:01:48:553,0.2773,-0.6908,10.5517,-0.0164,0.0126,9.8066,0.1299,0.0612,-0.0443,-19.56,-33.44,19.31,309.81,-85.72,-179.71
52.390335,-1.546565,147.84,16.05,3,121.07,19 / 20,2502910,2019-09-06 20:01:48:653,1.4047,-0.3416,10.4058,-0.0297,0.0194,9.8065,-0.0212,-0.02,-0.0121,-19.56,-33.81,20.19,310.43,-85.68,179.47
52.390335,-1.546565,147.84,16.05,3,121.07,19 / 20,2503010,2019-09-06 20:01:48:753,0.7337,-0.8136,10.0433,0.0598,-0.0371,9.8064,-0.0674,-0.0046,0.0207,-20.31,-33.81,20.88,311.27,-85.23,179.19
52.390335,-1.546565,147.84,16.05,3,121.07,19 / 20,2503110,2019-09-06 20:01:48:853,1.3614,-2.4445,9.2376,0.026,-0.0307,9.8065,-0.1122,0.0676,-0.0527,-20.12,-33.37,20.25,309.73,-85.3,179.04
52.390335,-1.546565,147.84,16.05,3,121.07,19 / 20,2503210,2019-09-06 20:01:48:953,1.5784,0.493,8.8089,0.0054,0.0015,9.8066,-0.1952,-0.0868,0.0213,-20.12,-33.69,20.25,310.15,-85.33,179.55
52.390335,-1.546565,147.84,16.05,3,121.07,19 / 20,2503309,2019-09-06 20:01:49:052,1.5178,-1.0146,9.6035,0.0044,0.0056,9.8066,-0.0453,0.0563,-0.0541,-19.81,-33.19,20.13,310.19,-85.5,179.3
52.390335,-1.546565,147.84,16.05,3,121.07,20 / 21,2503410,2019-09-06 20:01:49:153,0.6041,-0.4197,10.1986,-0.0019,0.0069,9.8066,0.0925,-0.0128,0.0331,-20.06,-33.75,19.94,308.34,-85.66,177.51
52.390335,-1.546565,147.84,16.05,3,121.07,20 / 21,2503509,2019-09-06 20:01:49:252,0.7221,-0.7484,9.8721,-0.0075,0.0057,9.8066,-0.0103,0.0017,0.0348,-19.81,-34,20.31,309.04,-85.72,178.12
52.390335,-1.546565,147.84,16.05,3,121.07,20 / 21,2503610,2019-09-06 20:01:49:353,-0.0629,-0.1165,10.5459,-0.01,-0.0118,9.8066,0.0192,0.0399,0.0783,-20,-34,20.31,310.42,-85.62,179.51
52.390335,-1.546565,147.84,16.05,3,121.07,20 / 21,2503710,2019-09-06 20:01:49:453,-0.1746,-1.1748,10.9092,-0.0051,-0.0145,9.8066,0.0675,0.0186,-0.0626,-20.12,-33.94,20,313.81,-85.53,-177.22
52.390335,-1.546565,147.84,16.05,3,121.07,20 / 21,2503810,2019-09-06 20:01:49:553,0.8943,-1.5623,10.8519,0.0268,-0.0058,9.8066,0.0417,-0.0277,-0.0297,-20.5,-33.44,20.56,314.9,-85.13,-177.47
52.390335,-1.546565,147.84,16.05,3,121.07,20 / 21,2503909,2019-09-06 20:01:49:652,1.5128,-1.5597,10.1445,0.0089,0.013,9.8066,0.0541,0.045,-0.0053,-19.69,-33.81,20.69,312.09,-85.03,-179.87
52.390335,-1.546565,147.84,16.05,3,121.07,20 / 21,2504009,2019-09-06 20:01:49:752,1.186,-1.0272,9.1173,-0.0042,0.0211,9.8066,-0.0171,0.022,-0.0575,-19.75,-33.94,19.63,307.72,-85.13,177.46
52.390335,-1.546565,147.84,16.05,3,121.07,20 / 21,2504109,2019-09-06 20:01:49:852,0.5372,-0.1308,9.3769,-0.0015,0.0169,9.8066,0.0437,0.0009,-0.0107,-19.5,-33.81,19.94,307.1,-85.29,175.36
52.390335,-1.546565,147.84,16.05,3,121.07,20 / 21,2504209,2019-09-06 20:01:49:952,1.3117,-0.8317,9.4795,0.0175,-0.0126,9.8066,0.0216,0.0075,-0.0261,-19.75,-34.31,20.31,304.35,-85.32,174.09
52.390335,-1.546565,147.84,16.05,3,121.07,20 / 21,2504309,2019-09-06 20:01:50:052,1.1045,-0.9328,9.655,0.0174,-0.0115,9.8066,-0.0808,0.0199,0.0245,-19.25,-33.56,20.19,305.45,-85.06,174.05
52.390335,-1.546565,147.84,16.05,3,121.07,19 / 20,2504409,2019-09-06 20:01:50:152,0.643,-0.1552,9.2596,-0.0013,-0.0058,9.8066,-0.0907,0.0085,0.0283,-19.5,-33.87,20.38,306.25,-84.95,174.92
52.390335,-1.546565,147.84,16.05,3,121.07,19 / 20,2504510,2019-09-06 20:01:50:253,0.4931,-0.1399,10.2104,-0.0208,0.0141,9.8065,0.149,-0.0264,0.01,-20,-33.87,20.13,305.28,-84.99,175.32
52.390335,-1.546565,147.84,16.05,3,121.07,19 / 20,2504609,2019-09-06 20:01:50:352,0.8259,-0.0894,9.7028,-0.0264,0.012,9.8066,0.1055,0.0545,-0.0585,-20.19,-33.75,20.81,308.14,-85.22,176.26
52.390335,-1.546565,147.84,16.05,3,121.07,19 / 20,2504709,2019-09-06 20:01:50:452,1.3447,-1.4054,9.4781,-0.0198,0.0201,9.8065,-0.1143,0.0226,-0.0376,-19.62,-34.31,20.06,305.87,-85.26,175.59
52.390335,-1.546565,147.84,16.05,3,121.07,19 / 20,2504810,2019-09-06 20:01:50:553,1.0201,-0.1109,9.3761,0.0141,-0.0098,9.8066,-0.106,0.0317,0.0261,-19.69,-34,19.69,305.57,-85.09,175.48
52.390335,-1.546565,147.84,16.05,3,121.07,19 / 20,2504909,2019-09-06 20:01:50:652,-0.078,-0.1974,9.5487,-0.0033,-0.0132,9.8066,0.0056,0.0367,-0.0016,-20,-33.87,20.13,306.28,-85.09,176.15
52.390335,-1.546565,147.84,16.05,3,121.07,19 / 20,2505009,2019-09-06 20:01:50:752,0.605,-0.9839,10.0852,-0.0064,0.0045,9.8066,0.101,0.0072,0.0586,-19.81,-33.94,19.56,307.62,-85.2,177.29
52.390335,-1.546565,147.84,16.05,3,121.07,19 / 20,2505110,2019-09-06 20:01:50:853,0.6678,-1.0028,10.0157,0.0281,-0.0274,9.8066,-0.1161,0.0536,-0.081,-19.56,-34.5,19.94,308.26,-85.21,177.89
52.390335,-1.546565,147.84,16.05,3,121.07,19 / 20,2505209,2019-09-06 20:01:50:952,0.5236,-0.8048,9.8365,0.0262,-0.0059,9.8066,-0.0153,-0.0311,0.012,-20.19,-33.87,20.19,306.64,-85.01,176.57
52.390335,-1.546565,147.84,16.05,3,121.07,19 / 20,2505310,2019-09-06 20:01:51:053,-0.1578,-0.0035,10.1689,0.0097,-0.001,9.8066,0.008,0.0223,0.0277,-19.87,-34.19,20.19,306.07,-85.05,176
52.390335,-1.546565,147.84,16.05,3,121.07,19 / 21,2505409,2019-09-06 20:01:51:152,-0.4775,0.2679,10.0839,0.0087,-0.0085,9.8066,-0.0752,-0.0154,-0.0205,-20.19,-34.06,20.44,305.71,-85.17,175.54
52.390335,-1.546565,147.84,16.05,3,121.07,19 / 21,2505509,2019-09-06 20:01:51:252,0.8226,-0.5268,9.8756,-0.0112,0.0077,9.8065,0.1308,0.0409,-0.0178,-20.12,-33.94,19.44,304.11,-85.24,175.54
52.390335,-1.546565,147.84,16.05,3,121.07,19 / 21,2505610,2019-09-06 20:01:51:353,0.5965,0.2423,9.8428,0.0009,-0.0018,9.8066,-0.0069,-0.0057,0.0105,-19.81,-34.87,19.5,304.96,-85.19,174.94
52.390335,-1.546565,147.84,16.05,3,121.07,19 / 21,2505709,2019-09-06 20:01:51:452,-1.0357,-0.3074,9.4954,0.0046,0.0045,9.8066,-0.0491,0.0209,0.0333,-19.56,-34.81,19.56,306.07,-85.17,176.01
52.390335,-1.546565,147.84,16.05,3,121.07,19 / 21,2505810,2019-09-06 20:01:51:553,0.6901,0.3384,9.7183,-0.0076,-0.0036,9.8066,0.015,0.0768,0.008,-19.5,-34.56,19.31,305.47,-85.16,175.72
52.390335,-1.546565,147.84,16.05,3,121.07,19 / 21,2505910,2019-09-06 20:01:51:653,0.0335,0.3889,10.3847,0.0082,-0.0175,9.8066,0.0482,0.0153,0.0029,-19.81,-34.5,19.75,306.61,-85.02,176.53
52.390335,-1.546565,147.84,16.05,3,121.07,19 / 21,2506010,2019-09-06 20:01:51:753,-0.3554,-0.0235,10.4472,0.0047,-0.005,9.8066,0.0289,-0.0203,0.0288,-19.5,-34.69,19.63,307.23,-85.05,175.88
52.390335,-1.546565,147.84,16.05,3,121.07,19 / 21,2506109,2019-09-06 20:01:51:852,0.3438,0.5759,10.2891,0.0047,-0.0108,9.8066,-0.0325,-0.0615,-0.0075,-20,-34.19,20.06,306.84,-84.91,176.86
52.390335,-1.546565,147.84,16.05,3,121.07,19 / 21,2506209,2019-09-06 20:01:51:952,-0.3606,-0.8223,10.0051,0.0068,-0.0091,9.8066,-0.0158,0.0146,-0.0004,-20.06,-34.5,19.94,307.28,-84.8,177.38
52.390335,-1.546565,147.84,16.05,3,121.07,19 / 21,2506309,2019-09-06 20:01:52:052,-1.0341,-0.5434,9.9855,0.0085,-0.0127,9.8065,0.0014,-0.0529,0.0393,-20,-34.06,19.81,307.63,-84.79,177.72
52.390335,-1.546565,147.84,16.05,3,121.07,20 / 21,2506410,2019-09-06 20:01:52:153,0.2097,-0.3769,9.7393,-0.0483,0.0376,9.8064,0.0763,0.0134,0.0147,-20.06,-34.25,19.88,308.36,-85,178.19
52.390335,-1.546565,147.84,16.05,3,121.07,20 / 21,2506510,2019-09-06 20:01:52:253,0.0971,-0.0616,9.8265,-0.011,0.0188,9.8066,0.0946,-0.0194,0.029,-20.12,-34.25,19.69,307.73,-84.84,177.76
52.390335,-1.546565,147.84,16.05,3,121.07,20 / 21,2506609,2019-09-06 20:01:52:352,-0.0863,-0.9204,9.7351,0.0083,-0.0048,9.8066,0.0323,-0.0431,-0.0461,-19.44,-33.87,20.38,308.35,-84.72,177.12
52.390335,-1.546565,147.84,16.05,3,121.07,20 / 21,2506709,2019-09-06 20:01:52:452,-0.2208,1.2753,10.0414,0.0022,0.0075,9.8066,0.1438,-0.0547,0.0447,-19.56,-34.5,19.94,306.53,-84.73,176.75
52.390335,-1.546565,147.84,16.05,3,121.07,20 / 21,2506810,2019-09-06 20:01:52:553,-0.1745,-0.3684,10.4314,-0.0334,0.0145,9.8065,0.25,-0.0837,0.0481,-19.87,-34.31,20.56,309.51,-84.8,177.94
52.390335,-1.546565,147.84,16.05,3,121.07,20 / 21,2506910,2019-09-06 20:01:52:653,-0.1206,-2.1617,10.3464,-0.0284,0.0194,9.8065,-0.1339,0.0997,-0.0716,-20.5,-33.62,20,308.69,-84.75,178.75
52.390335,-1.546565,147.84,16.05,3,121.07,20 / 21,2507010,2019-09-06 20:01:52:753,0.5459,-0.5949,9.5935,0.0139,0.0003,9.8065,0.0536,-0.0224,0.0528,-19.81,-34.06,20.13,308.05,-84.68,178.22
52.390335,-1.546565,147.84,16.05,3,121.07,20 / 21,2507110,2019-09-06 20:01:52:853,0.0153,-0.7547,9.04,-0.0107,0.0164,9.8066,-0.0002,0.0137,-0.047,-19.5,-33.81,20.19,308.93,-84.67,177.7
52.390335,-1.546565,147.84,16.05,3,121.07,20 / 21,2507210,2019-09-06 20:01:52:953,-1.1712,-0.2624,10.4691,-0.0008,0.014,9.8066,0.0348,-0.059,0.0343,-19.12,-33.62,19.94,308.27,-84.58,177.18
52.390335,-1.546565,147.84,16.05,3,121.07,20 / 21,2507310,2019-09-06 20:01:53:053,0.9139,-0.6675,9.7854,-0.0073,0.0072,9.8066,-0.0217,-0.0119,0.0218,-20,-33.31,20.5,308.43,-84.54,177.04
52.390335,-1.546565,147.84,16.05,3,121.07,19 / 20,2507409,2019-09-06 20:01:53:152,0.6671,0.0995,9.6422,0.0002,0.0014,9.8066,-0.0044,-0.0287,-0.02,-20.25,-33.94,19.88,305.59,-84.49,176.11
52.390335,-1.546565,147.84,16.05,3,121.07,19 / 20,2507509,2019-09-06 20:01:53:252,0.5327,-0.0498,9.8607,-0.0031,0.0087,9.8066,-0.0441,-0.0297,0.0661,-20.12,-33.5,20.19,305.7,-84.56,176
52.390335,-1.546565,147.84,16.05,3,121.07,19 / 20,2507610,2019-09-06 20:01:53:353,-0.3491,0.4069,9.4163,0.0021,-0.0066,9.8066,-0.128,-0.0033,-0.0116,-19.81,-34.44,19.81,304.96,-84.54,175.48
52.390335,-1.546565,147.84,16.05,3,121.07,19 / 20,2507710,2019-09-06 20:01:53:453,0.1867,0.0559,9.5297,0.007,-0.0139,9.8066,0.0285,-0.0071,-0.0006,-19.81,-34.31,19.44,304.01,-84.45,176.28
52.390335,-1.546565,147.84,16.05,3,121.07,19 / 20,2507810,2019-09-06 20:01:53:553,-1.0023,-0.324,10.7586,0.0196,-0.0104,9.8065,0.0512,-0.0471,0.0103,-19.87,-34.31,19.94,305.29,-84.4,175.93
52.390335,-1.546565,147.84,16.05,3,121.07,19 / 20,2507910,2019-09-06 20:01:53:653,-0.3459,-0.8876,10.0054,0.0215,-0.0161,9.8066,-0.0278,-0.0237,-0.009,-20,-34.06,20.13,304.79,-84.31,175.57
52.390335,-1.546565,147.84,16.05,3,121.07,19 / 20,2508010,2019-09-06 20:01:53:753,-0.569,0.6666,9.901,-0.0028,0.0068,9.8066,-0.0789,0.0166,-0.0053,-19.5,-34.19,20,304.01,-84.33,173.49
52.390335,-1.546565,147.84,16.05,3,121.07,19 / 20,2508109,2019-09-06 20:01:53:852,-0.4863,0.6518,9.6697,0.0121,-0.0036,9.8066,0.0933,-0.0312,0.0123,-19.56,-34.19,19.56,301.85,-84.33,172.8
52.390335,-1.546565,147.84,16.05,3,121.07,19 / 20,2508210,2019-09-06 20:01:53:953,-0.0959,0.2428,9.4256,-0.0111,-0.0006,9.8066,0.0435,-0.0052,0.0468,-19.75,-34.06,20.38,303.25,-84.34,174.09
52.390335,-1.546565,147.84,16.05,3,121.07,19 / 20,2508309,2019-09-06 20:01:54:052,-0.8772,0.228,9.9193,-0.0191,-0.0083,9.8066,0.0134,-0.0059,0.0503,-19.81,-34.87,19.88,305.44,-84.4,176.24
52.38966,-1.544491,147.09,19.09,3,116.8,19 / 22,2508410,2019-09-06 20:01:54:153,-0.6928,0.1576,9.9521,-0.0082,-0.0039,9.8066,-0.0052,0.0365,0.0046,-19.75,-34.12,19.75,307.29,-84.37,177.83
52.38966,-1.544491,147.09,19.09,3,116.8,19 / 22,2508509,2019-09-06 20:01:54:252,-0.4082,-0.4387,10.015,0.0035,-0.0012,9.8066,0.1078,-0.025,0.036,-19.94,-34,20,308.29,-84.24,178.88
52.38966,-1.544491,147.09,19.09,3,116.8,19 / 22,2508609,2019-09-06 20:01:54:352,-0.2819,-0.2368,9.9187,-0.0177,0.015,9.8066,0.0885,-0.0347,0.0184,-19.87,-34.5,20.25,307.94,-84.23,178.56
52.38966,-1.544491,147.09,19.09,3,116.8,19 / 22,2508710,2019-09-06 20:01:54:453,-0.0848,-0.243,10.5331,-0.0118,0.0092,9.8066,-0.0018,0.0332,-0.0486,-19.44,-34.25,20.31,309.66,-84.17,178.88
52.38966,-1.544491,147.09,19.09,3,116.8,19 / 22,2508809,2019-09-06 20:01:54:552,0.0359,-0.2533,9.8496,0.0142,-0.0028,9.8066,0.0468,0.0175,0.015,-19.81,-34.44,20.44,306.87,-84.12,177.68
52.38966,-1.544491,147.09,19.09,3,116.8,19 / 22,2508910,2019-09-06 20:01:54:653,-0.6907,-1.0671,10.1073,0.0101,-0.0008,9.8066,-0.0761,0.0611,-0.0311,-19.81,-34.25,20.31,305.88,-83.95,176.95
52.38966,-1.544491,147.09,19.09,3,116.8,19 / 22,2509010,2019-09-06 20:01:54:753,-0.1904,0.9125,9.2133,0.0068,0.0126,9.8066,-0.1604,0.0135,-0.0061,-19.81,-34.56,20.38,304.2,-83.88,175.65
52.38966,-1.544491,147.09,19.09,3,116.8,19 / 22,2509109,2019-09-06 20:01:54:852,0.4687,0.8164,9.868,-0.008,0.007,9.8065,0.0186,-0.0312,-0.0142,-19.94,-34.44,20.44,303.88,-83.88,175.16
52.38966,-1.544491,147.09,19.09,3,116.8,19 / 22,2509210,2019-09-06 20:01:54:953,-0.7233,-1.3,10.2217,0.0203,-0.016,9.8066,-0.0497,-0.0381,0.0322,-19.62,-34.31,20.38,304.18,-83.81,175.51
52.38966,-1.544491,147.09,19.09,3,116.8,19 / 22,2509309,2019-09-06 20:01:55:052,-0.2748,0.0426,10.4768,0.0093,-0.0205,9.8066,0.046,0.0147,0.041,-19.37,-34.31,20.88,307.65,-83.86,175.8
52.38966,-1.544491,147.09,19.09,3,116.8,19 / 20,2509410,2019-09-06 20:01:55:153,-0.2777,0.0193,10.0318,0.0238,-0.0277,9.8065,-0.0178,-0.0031,-0.0363,-19.69,-33.81,20.31,305.4,-83.61,176.86
52.38966,-1.544491,147.09,19.09,3,116.8,19 / 20,2509510,2019-09-06 20:01:55:253,-0.7214,0.1253,9.8847,0.0055,-0.0038,9.8066,-0.0487,0.026,-0.0123,-20.25,-34.06,20.88,306.77,-83.61,176.56
52.38966,-1.544491,147.09,19.09,3,116.8,19 / 20,2509609,2019-09-06 20:01:55:352,-0.4823,0.2465,10.2035,0.0032,-0.0065,9.8066,-0.0036,0.0036,0.0043,-19.37,-34.5,20.56,307.82,-83.61,176.21
52.38966,-1.544491,147.09,19.09,3,116.8,19 / 20,2509710,2019-09-06 20:01:55:453,-0.4866,1.0996,9.532,0.011,-0.0125,9.8066,0.011,-0.0269,0.027,-20.12,-34.5,20.88,306.75,-83.6,176.56
52.38966,-1.544491,147.09,19.09,3,116.8,19 / 20,2509810,2019-09-06 20:01:55:553,-0.0475,-0.2921,9.3013,-0.018,0.0099,9.8066,0.057,0.0009,0.0382,-19.69,-34.12,21.06,306.81,-83.61,176.6
52.38966,-1.544491,147.09,19.09,3,116.8,19 / 20,2509910,2019-09-06 20:01:55:653,-0.0329,0.2499,9.8555,-0.0169,0.0103,9.8065,0.0934,-0.0457,0.0208,-19.94,-34,20.19,306.11,-83.58,177.54
52.38966,-1.544491,147.09,19.09,3,116.8,19 / 20,2510010,2019-09-06 20:01:55:753,0.6137,0.738,9.5805,0.0024,0.018,9.8065,0.0602,0.0465,-0.0028,-19.81,-33.94,20.31,305.95,-83.56,177.42
52.38966,-1.544491,147.09,19.09,3,116.8,19 / 20,2510109,2019-09-06 20:01:55:852,0.8174,-0.5432,9.6218,0.0056,-0.014,9.8066,-0.1228,0.0252,-0.0036,-19.69,-34.06,20.75,307.54,-83.45,177.44
52.38966,-1.544491,147.09,19.09,3,116.8,19 / 20,2510210,2019-09-06 20:01:55:953,-0.1174,-0.1804,9.4406,0.0022,-0.0101,9.8066,-0.1508,-0.0005,0.0067,-19.94,-33.94,20.56,307.46,-83.38,177.43
52.38966,-1.544491,147.09,19.09,3,116.8,19 / 20,2510310,2019-09-06 20:01:56:053,1.5932,0.5427,8.6058,0.0109,-0.0075,9.8066,-0.2754,0.1002,-0.0155,-19.75,-34.5,20.38,305.66,-83.37,177.35
52.38966,-1.544491,147.09,19.09,3,116.8,20 / 21,2510409,2019-09-06 20:01:56:152,0.4998,0.2024,10.1046,-0.0546,0.0374,9.8064,0.1156,0.0482,-0.0182,-19.56,-34.31,20.81,307.46,-83.31,177.5
52.38966,-1.544491,147.09,19.09,3,116.8,20 / 21,2510510,2019-09-06 20:01:56:253,-0.2016,0.1162,10.0434,-0.0391,0.0293,9.8065,-0.1009,-0.0618,-0.0269,-19.62,-34.12,21.25,308.35,-83.76,177.88
52.38966,-1.544491,147.09,19.09,3,116.8,20 / 21,2510609,2019-09-06 20:01:56:352,-0.2061,-0.9852,10.2068,0.0241,-0.0272,9.8065,-0.0947,0.0486,-0.0684,-20.12,-34.12,21.19,307.55,-83.38,177.51
52.38966,-1.544491,147.09,19.09,3,116.8,20 / 21,2510711,2019-09-06 20:01:56:454,-1.5747,-0.2953,9.0563,0.0182,-0.0093,9.8066,-0.0497,0.0004,0.013,-19.31,-34.25,20.88,308.19,-83.35,176.82
52.38966,-1.544491,147.09,19.09,3,116.8,20 / 21,2510810,2019-09-06 20:01:56:553,-0.8767,0.7463,9.7074,-0.0189,-0.0027,9.8065,-0.134,-0.0216,-0.0242,-19.5,-34.25,20.38,308.14,-83.55,178.12
52.38966,-1.544491,147.09,19.09,3,116.8,20 / 21,2510910,2019-09-06 20:01:56:653,-0.9207,0.4904,10.3862,-0.001,0.0035,9.8066,0.1139,0.0175,0.0149,-20.12,-33.94,20.81,308.77,-83.61,178.4
52.38966,-1.544491,147.09,19.09,3,116.8,20 / 21,2511013,2019-09-06 20:01:56:756,-0.4942,-0.6963,10.3642,0.0081,-0.0039,9.8065,0.1683,-0.0428,0.0345,-19.5,-34.19,20.94,309.86,-83.54,178.15
52.38966,-1.544491,147.09,19.09,3,116.8,20 / 21,2511110,2019-09-06 20:01:56:853,0.8667,-0.7702,9.785,0.0278,-0.0162,9.8065,-0.0549,-0.0324,0.0031,-19.81,-33.81,20.81,307.83,-83.27,177.89
52.38966,-1.544491,147.09,19.09,3,116.8,20 / 21,2511209,2019-09-06 20:01:56:952,1.1153,-0.8605,9.2688,0.0052,0.0029,9.8066,0.0054,-0.0037,0.0314,-19.94,-34,20.25,305.31,-83.16,177.24
52.38966,-1.544491,147.09,19.09,3,116.8,20 / 21,2511309,2019-09-06 20:01:57:052,-0.7091,-0.3752,9.5178,0.0145,-0.0106,9.8066,-0.0266,0.01,-0.0104,-19.87,-34.37,20.88,307.08,-83.29,177.18
52.38966,-1.544491,147.09,19.09,3,116.8,18 / 20,2511410,2019-09-06 20:01:57:153,0.132,-0.5623,9.6454,-0.035,0.0291,9.8065,0.0546,-0.0483,0.0169,-20,-33.69,21.06,307.71,-83.59,177.46
52.38966,-1.544491,147.09,19.09,3,116.8,18 / 20,2511510,2019-09-06 20:01:57:253,-0.1536,-0.4708,10.0641,-0.0457,0.027,9.8065,-0.1307,-0.0128,0.0054,-20.12,-34.06,20.63,308.62,-83.64,178.24
52.38966,-1.544491,147.09,19.09,3,116.8,18 / 20,2511609,2019-09-06 20:01:57:352,-0.9023,-0.0998,10.4105,0.0293,-0.0267,9.8065,0.0015,0.0278,-0.03,-19.81,-33.87,20.31,307.84,-83.62,179.09
52.38966,-1.544491,147.09,19.09,3,116.8,18 / 20,2511710,2019-09-06 20:01:57:453,-0.5542,0.0245,9.8805,-0.0073,0.0108,9.8066,-0.0752,0.0186,0.028,-20.06,-34.19,20.5,309.03,-83.49,178.76
52.38966,-1.544491,147.09,19.09,3,116.8,18 / 20,2511810,2019-09-06 20:01:57:553,-0.4077,-0.0319,9.8908,0.0108,-0.0224,9.8066,-0.0842,0.0134,-0.0049,-20.31,-33.94,20.44,308.34,-83.37,179.8
52.38966,-1.544491,147.09,19.09,3,116.8,18 / 20,2511910,2019-09-06 20:01:57:653,-0.4273,0.4345,9.8602,0.0096,-0.0153,9.8065,0.0562,0.0006,-0.0147,-20.25,-34.37,20.69,310.54,-83.45,-179.81
52.38966,-1.544491,147.09,19.09,3,116.8,18 / 20,2512010,2019-09-06 20:01:57:753,-0.6446,0.6615,10.0006,0.0016,-0.0012,9.8066,-0.0005,0.0372,-0.0296,-19.87,-34.19,20.94,309.97,-83.49,179.62
52.38966,-1.544491,147.09,19.09,3,116.8,18 / 20,2512110,2019-09-06 20:01:57:853,-0.424,0.6437,9.789,0.0083,-0.0049,9.8066,0.0125,-0.0213,0.0244,-19.87,-34,21.31,309.15,-83.49,178.87
52.38966,-1.544491,147.09,19.09,3,116.8,18 / 20,2512210,2019-09-06 20:01:57:953,-0.7111,-0.2709,10.1289,0.0086,-0.0144,9.8066,-0.0507,0.0032,-0.0376,-19.44,-34,20.63,310.91,-83.5,179.14
52.38966,-1.544491,147.09,19.09,3,116.8,18 / 20,2512309,2019-09-06 20:01:58:052,-0.4125,-0.119,10.1542,0.0184,-0.018,9.8066,-0.1197,0.0131,0.0105,-20,-34.06,20.5,309.49,-83.38,179.29
52.38966,-1.544491,147.09,19.09,3,116.8,19 / 21,2512410,2019-09-06 20:01:58:153,-0.2601,-0.3527,9.6447,-0.0149,0.0112,9.8065,0.1031,0.0199,0.0479,-19.94,-34.25,20.88,309.46,-83.46,179.18
52.38966,-1.544491,147.09,19.09,3,116.8,19 / 21,2512509,2019-09-06 20:01:58:252,0.2126,-0.6885,9.6712,0.0186,-0.0143,9.8066,-0.1138,0.0078,-0.0663,-19.81,-34,20.75,310.03,-83.56,179.62
52.38966,-1.544491,147.09,19.09,3,116.8,19 / 21,2512609,2019-09-06 20:01:58:352,-0.0893,-0.3207,10.1671,0.0155,-0.0119,9.8066,-0.06,-0.0057,-0.0023,-19.62,-34.19,20.63,309.6,-83.4,179.37
52.38966,-1.544491,147.09,19.09,3,116.8,19 / 21,2512710,2019-09-06 20:01:58:453,0.6206,-0.0438,9.9785,0.0132,-0.0123,9.8066,-0.0451,-0.0143,0.04,-19.25,-34.12,20.75,311.06,-83.35,179.43
52.38966,-1.544491,147.09,19.09,3,116.8,19 / 21,2512810,2019-09-06 20:01:58:553,-0.2562,0.6865,9.3669,-0.0202,0.0066,9.8066,-0.0293,-0.0081,-0.0072,-19.81,-33.87,21.06,310.47,-83.43,-179.86
52.38966,-1.544491,147.09,19.09,3,116.8,19 / 21,2512910,2019-09-06 20:01:58:653,-0.0646,-0.2172,9.8217,-0.0129,0.004,9.8066,-0.0061,0.0201,-0.0101,-20.19,-33.94,20.44,309.52,-83.45,-179.2
52.38966,-1.544491,147.09,19.09,3,116.8,19 / 21,2513009,2019-09-06 20:01:58:752,-0.374,0.4356,9.1947,0.0208,-0.0251,9.8065,-0.102,0.0304,0.0144,-20.19,-33.5,20.94,311.58,-83.59,-179.17
52.38966,-1.544491,147.09,19.09,3,116.8,19 / 21,2513110,2019-09-06 20:01:58:853,-0.4198,0.0115,9.9044,0.0282,-0.0242,9.8065,0.1131,0.0049,0.017,-20.31,-33.69,19.5,310.36,-83.48,-178.46
52.38966,-1.544491,147.09,19.09,3,116.8,19 / 21,2513210,2019-09-06 20:01:58:953,-0.115,0.5406,9.8408,-0.0056,0.0098,9.8066,0.0472,0.0414,-0.0406,-20.69,-34.44,19.44,307.12,-83.54,-178.63
52.38966,-1.544491,147.09,19.09,3,116.8,19 / 21,2513309,2019-09-06 20:01:59:052,-0.0253,0.0363,10.5906,0.0072,-0.0104,9.8066,0.0489,0.0225,0.0082,-21.69,-35.12,19.38,305.53,-83.39,-178.6
52.38966,-1.544491,147.09,19.09,3,116.8,20 / 21,2513410,2019-09-06 20:01:59:153,-0.6489,0.2204,10.2272,0.0053,0.002,9.8066,-0.0918,-0.0242,-0.0224,-22.31,-35.87,21.06,308.27,-83.25,-178.91
52.38966,-1.544491,147.09,19.09,3,116.8,20 / 21,2513510,2019-09-06 20:01:59:253,0.1394,0.5256,9.3338,0.0014,0.0068,9.8066,0.0934,-0.025,0.0119,-21.37,-35.56,22,310.72,-83.27,-179.36
52.38966,-1.544491,147.09,19.09,3,116.8,20 / 21,2513610,2019-09-06 20:01:59:353,-0.1082,0.2512,9.2097,-0.0189,0.0174,9.8065,0.0258,-0.0219,-0.0065,-21.12,-34.81,22.56,312.69,-83.43,-179.28
52.38966,-1.544491,147.09,19.09,3,116.8,20 / 21,2513710,2019-09-06 20:01:59:453,-1.0839,0.2089,10.1591,0.0014,0.0026,9.8066,-0.0218,-0.0046,-0.0257,-20.19,-34.12,22.19,313.14,-83.61,-179.06
52.38966,-1.544491,147.09,19.09,3,116.8,20 / 21,2513809,2019-09-06 20:01:59:552,-0.1097,1.3639,9.1243,0.0039,0.0182,9.8065,-0.1216,-0.0189,-0.0269,-19.87,-33.69,21.13,309.6,-83.51,179.27
52.38966,-1.544491,147.09,19.09,3,116.8,20 / 21,2513909,2019-09-06 20:01:59:652,-0.5594,0.3026,9.2551,0.0033,-0.0025,9.8066,0.0994,0.0165,0.0178,-19.69,-33.81,20.81,309.44,-83.35,179.27
52.38966,-1.544491,147.09,19.09,3,116.8,20 / 21,2514009,2019-09-06 20:01:59:752,0.1078,-0.8973,9.9485,-0.0144,0.0127,9.8066,0.0994,0.0067,0.0659,-19.87,-33.31,21,310.48,-83.54,179.88
52.38966,-1.544491,147.09,19.09,3,116.8,20 / 21,2514110,2019-09-06 20:01:59:853,-0.5329,0.2876,9.8876,0.0109,-0.0107,9.8066,0.0622,-0.0135,-0.0015,-19.75,-33.94,20.5,310.58,-83.44,-179.77
52.38966,-1.544491,147.09,19.09,3,116.8,20 / 21,2514210,2019-09-06 20:01:59:953,-0.3185,-0.096,10.2375,-0.0143,0.0158,9.8066,0.1182,-0.0537,0.023,-19.69,-33.19,21.13,311.11,-83.41,-179.43
52.38966,-1.544491,147.09,19.09,3,116.8,20 / 21,2514311,2019-09-06 20:02:00:054,-1.6532,0.9664,9.8994,-0.0012,0.0021,9.8066,-0.1523,-0.0222,-0.0221,-20.12,-34.19,21.56,312.48,-83.41,-179.49
52.38966,-1.544491,147.09,19.09,3,116.8,18 / 21,2514409,2019-09-06 20:02:00:152,-0.3622,-0.1139,9.9075,-0.0104,0.02,9.8066,0.0864,-0.0187,0.0744,-19.69,-34.25,21.31,310.6,-83.54,-179.85
52.38966,-1.544491,147.09,19.09,3,116.8,18 / 21,2514510,2019-09-06 20:02:00:253,-0.9743,0.2403,10.2187,-0.0066,-0.0095,9.8066,-0.0241,-0.0204,-0.0269,-20.12,-33.62,20.44,309.74,-83.62,-179.16
52.38966,-1.544491,147.09,19.09,3,116.8,18 / 21,2514609,2019-09-06 20:02:00:352,0.0698,-0.5354,9.6049,0.0021,-0.0042,9.8066,-0.0061,-0.0293,0.0179,-19.37,-33.62,21.06,314.01,-83.61,-178.14
52.38966,-1.544491,147.09,19.09,3,116.8,18 / 21,2514709,2019-09-06 20:02:00:452,-0.8046,-0.6901,10.0719,-0.0053,0.0001,9.8066,0.0021,0.0629,-0.007,-19.69,-33.62,21.31,313.03,-83.63,-177.71
52.38966,-1.544491,147.09,19.09,3,116.8,18 / 21,2514809,2019-09-06 20:02:00:552,-0.4015,-0.3326,9.7597,-0.0032,-0.0001,9.8066,-0.0007,-0.0005,0.0139,-19.25,-33.56,21,315.18,-83.61,-177.08
52.38966,-1.544491,147.09,19.09,3,116.8,18 / 21,2514909,2019-09-06 20:02:00:652,0.0111,0.3603,9.6929,-0.0152,0.0066,9.8066,0.0418,-0.007,-0.0095,-19.94,-34.06,21.13,314.29,-83.7,-176.63
52.38966,-1.544491,147.09,19.09,3,116.8,18 / 21,2515009,2019-09-06 20:02:00:752,-0.1188,-0.7176,10.047,0.0073,-0.0111,9.8065,0.0763,-0.0348,0.0274,-20.62,-33.81,20.75,312.94,-83.63,-176.53
52.38966,-1.544491,147.09,19.09,3,116.8,18 / 21,2515110,2019-09-06 20:02:00:853,-0.0522,0.1498,9.6483,-0.0025,0.0044,9.8066,-0.0778,-0.0284,0.0153,-20.31,-34.31,21.38,314.24,-83.66,-176.64
52.38966,-1.544491,147.09,19.09,3,116.8,18 / 21,2515210,2019-09-06 20:02:00:953,-0.5614,-0.4702,10.1922,0.0157,-0.0127,9.8066,-0.0698,0.0178,-0.0357,-20.06,-33.94,20.56,313.76,-83.52,-176.95
52.38966,-1.544491,147.09,19.09,3,116.8,18 / 21,2515310,2019-09-06 20:02:01:053,-0.9558,-0.6588,9.8303,0.026,-0.0236,9.8066,0.0919,0.006,-0.0293,-19.75,-33.62,20.63,313.3,-83.45,-177.31
52.38966,-1.544491,147.09,19.09,3,116.8,20 / 21,2515409,2019-09-06 20:02:01:152,-0.0132,-0.2747,9.4649,-0.0249,0.0154,9.8066,0.0955,-0.0025,-0.0013,-20,-34.25,21.31,312.57,-83.5,-178.01
52.38966,-1.544491,147.09,19.09,3,116.8,20 / 21,2515510,2019-09-06 20:02:01:253,-0.185,-0.1202,10.0073,-0.022,0.0102,9.8065,-0.0933,-0.0025,-0.0188,-19.62,-33.81,21.31,313.56,-83.71,-177.3
52.38966,-1.544491,147.09,19.09,3,116.8,20 / 21,2515609,2019-09-06 20:02:01:352,-0.2485,-0.8723,10.1082,0.0266,-0.0232,9.8065,-0.0965,0.0456,-0.0337,-19.69,-33.75,21.38,312.91,-83.64,-177.84
52.38966,-1.544491,147.09,19.09,3,116.8,20 / 21,2515710,2019-09-06 20:02:01:453,-0.4879,0.4033,9.9109,0.037,-0.0271,9.8065,0.0896,-0.0081,-0.0386,-20.06,-33.69,21.25,312.04,-83.49,-178.49
52.38966,-1.544491,147.09,19.09,3,116.8,20 / 21,2515810,2019-09-06 20:02:01:553,0.1317,-0.0034,9.4442,-0.0188,0.0199,9.8066,0.043,0.0291,0.002,-19.87,-33.75,20.81,311.09,-83.57,-179.43
52.38966,-1.544491,147.09,19.09,3,116.8,20 / 21,2515909,2019-09-06 20:02:01:652,-0.4352,-0.2414,9.9794,-0.0478,0.026,9.8064,-0.1739,0.0156,-0.0146,-19.81,-33.94,20.94,311.73,-83.73,-178.99
52.38966,-1.544491,147.09,19.09,3,116.8,20 / 21,2516009,2019-09-06 20:02:01:752,-0.3459,-0.1442,9.4717,0.0283,-0.0233,9.8065,-0.0841,-0.0172,0.0208,-19.5,-33.56,21.06,314.2,-83.95,-178.29
52.38966,-1.544491,147.09,19.09,3,116.8,20 / 21,2516110,2019-09-06 20:02:01:853,-0.6548,-0.0236,9.7431,0.0257,-0.029,9.8065,0.0931,0.0184,-0.01,-19.87,-34.06,20.94,312.86,-83.76,-177.99
52.38966,-1.544491,147.09,19.09,3,116.8,20 / 21,2516210,2019-09-06 20:02:01:953,-0.8981,0.2354,10.5348,-0.0061,0.0094,9.8066,0.0897,-0.0196,-0.0207,-20.06,-34.12,21.13,312.76,-83.7,-178.02
52.38966,-1.544491,147.09,19.09,3,116.8,20 / 21,2516310,2019-09-06 20:02:02:053,1.2012,-0.5887,9.5927,0.0215,-0.0051,9.8066,-0.1122,-0.0245,-0.0106,-19.56,-33.81,21,311.57,-83.56,-178.98
52.38966,-1.544491,147.09,19.09,3,116.8,20 / 21,2516410,2019-09-06 20:02:02:153,-0.7951,-0.0463,9.3114,-0.0081,0.0073,9.8066,-0.1113,-0.029,0.0521,-20.06,-33.75,20.56,311.11,-83.66,-179.5
52.38966,-1.544491,147.09,19.09,3,116.8,20 / 21,2516510,2019-09-06 20:02:02:253,-0.2417,0.5532,9.7058,-0.0016,-0.0112,9.8066,0.1304,-0.0359,0.0309,-19.69,-33.69,21,312.22,-83.74,-178.56
52.38966,-1.544491,147.09,19.09,3,116.8,20 / 21,2516610,2019-09-06 20:02:02:353,0.0058,0.0723,10.1503,-0.0226,0.0096,9.8066,0.106,0.0194,-0.05,-19.75,-33.81,20.94,313.36,-83.83,-177.6
52.38966,-1.544491,147.09,19.09,3,116.8,20 / 21,2516709,2019-09-06 20:02:02:452,0.4898,-0.2394,10.0334,-0.0117,0.0149,9.8065,0.0306,-0.0455,0.049,-19.87,-33.94,21.06,313.02,-83.66,-177.75
52.38966,-1.544491,147.09,19.09,3,116.8,20 / 21,2516810,2019-09-06 20:02:02:553,0.5784,-0.6554,9.7797,0.0106,-0.0016,9.8065,-0.0109,0.0236,-0.0195,-19.69,-33.5,20.75,312.72,-83.56,-178.1
52.38966,-1.544491,147.09,19.09,3,116.8,20 / 21,2516910,2019-09-06 20:02:02:653,-0.4413,-0.1232,9.8716,0.0078,0.0032,9.8066,-0.0745,-0.0415,-0.0161,-19.62,-33.31,20.69,312.2,-83.68,-178.68
52.38966,-1.544491,147.09,19.09,3,116.8,20 / 21,2517009,2019-09-06 20:02:02:752,0.3546,-0.653,9.3617,-0.0038,0.0191,9.8066,0.0114,-0.0413,0.0251,-19.56,-33.81,20.94,311.29,-83.84,-179.5
52.38966,-1.544491,147.09,19.09,3,116.8,20 / 21,2517109,2019-09-06 20:02:02:852,0.021,-0.2652,9.2395,0.0038,-0.0017,9.8066,0.0383,-0.0301,-0.0396,-19.12,-34.06,20.63,312,-83.88,179.78
52.38966,-1.544491,147.09,19.09,3,116.8,20 / 21,2517209,2019-09-06 20:02:02:952,-0.2968,-0.1471,10.1298,-0.0182,0.0181,9.8065,0.12,0.0371,0.0113,-19.81,-33.94,20.5,310.55,-83.93,179.74
52.38966,-1.544491,147.09,19.09,3,116.8,20 / 21,2517309,2019-09-06 20:02:03:052,0.6021,-1.1132,9.9256,-0.0177,0.0092,9.8066,-0.1255,-0.0213,0.0019,-19.75,-33.94,21,310.55,-83.86,179.8
52.388977,-1.542251,145.64,19.01,3,117.07,20 / 21,2517410,2019-09-06 20:02:03:153,0.3415,-0.129,9.8056,0.0046,-0.0029,9.8066,0.0698,0.0145,-0.0129,-19.5,-34.06,21.13,312.2,-83.75,-179.92
52.388977,-1.542251,145.64,19.01,3,117.07,20 / 21,2517509,2019-09-06 20:02:03:252,0.7905,0.3736,9.9136,-0.0004,-0.0036,9.8066,0.0349,-0.0834,0.0184,-19.31,-34,21.31,312.3,-83.74,-179.82
52.388977,-1.542251,145.64,19.01,3,117.07,20 / 21,2517610,2019-09-06 20:02:03:353,0.0534,-1.429,9.6302,0.006,0.0097,9.8066,0.0853,0.0165,-0.0288,-19.37,-33.75,20.63,311.29,-83.73,179.27
52.388977,-1.542251,145.64,19.01,3,117.07,20 / 21,2517710,2019-09-06 20:02:03:453,-0.7959,-0.2502,9.8272,-0.0019,0.0037,9.8066,-0.0125,0.0071,-0.0471,-19.69,-33.25,20.44,308.63,-83.73,179.53
52.388977,-1.542251,145.64,19.01,3,117.07,20 / 21,2517810,2019-09-06 20:02:03:553,-0.8015,-0.2446,9.7489,-0.016,-0.001,9.8066,-0.0368,-0.0571,0.029,-19.69,-33.5,18.88,307.89,-83.76,-179.56
52.388977,-1.542251,145.64,19.01,3,117.07,20 / 21,2517909,2019-09-06 20:02:03:652,-1.2,-0.0083,10.1175,0.017,-0.0089,9.8066,-0.0483,0.0064,-0.0155,-19.75,-36.62,14.63,299.44,-83.71,-179.13
52.388977,-1.542251,145.64,19.01,3,117.07,20 / 21,2518010,2019-09-06 20:02:03:753,-0.7267,0.2793,10.2735,0.0269,-0.0102,9.8066,-0.0806,0.0095,-0.0115,-19.44,-44.69,14.13,296.05,-83.67,-179.26
52.388977,-1.542251,145.64,19.01,3,117.07,20 / 21,2518110,2019-09-06 20:02:03:853,0.0903,-0.5804,10.0111,0.0265,-0.0147,9.8065,-0.0666,0.0847,-0.0599,-16.87,-49.69,19.56,311.51,-83.92,-179.24
52.388977,-1.542251,145.64,19.01,3,117.07,20 / 21,2518210,2019-09-06 20:02:03:953,-0.0408,0.0519,10.4913,-0.0093,0.002,9.8066,0.2014,-0.0145,0.0248,-14.94,-43.37,28.63,328.62,-83.87,-179.68
52.388977,-1.542251,145.64,19.01,3,117.07,20 / 21,2518310,2019-09-06 20:02:04:053,0.8226,-0.8546,8.5363,-0.0118,0.0083,9.8066,-0.0309,0.0014,0.0072,-16.94,-35.31,26.5,324.18,-83.58,-179.33
52.388977,-1.542251,145.64,19.01,3,117.07,20 / 21,2518409,2019-09-06 20:02:04:152,-0.9527,-0.2179,9.0492,-0.0141,-0.0276,9.8066,-0.2529,-0.0108,0.052,-18.25,-33,24,321.51,-83.48,-176.97
52.388977,-1.542251,145.64,19.01,3,117.07,20 / 21,2518510,2019-09-06 20:02:04:253,-0.7634,-0.3985,9.5998,-0.0237,0.0097,9.8065,0.0625,0.0235,0.0139,-18.75,-33.44,22.06,319.96,-83.95,-174.65
52.388977,-1.542251,145.64,19.01,3,117.07,20 / 21,2518610,2019-09-06 20:02:04:353,-0.0634,0.5129,9.2242,-0.0238,0.008,9.8066,0.0462,0.0176,0.0049,-19.06,-33,21.56,320.84,-84.03,-173.91
52.388977,-1.542251,145.64,19.01,3,117.07,20 / 21,2518710,2019-09-06 20:02:04:453,-0.8116,-0.1111,10.6987,0.0035,-0.0159,9.8066,0.0957,0.0175,-0.0054,-19.44,-33.56,21.5,321.05,-83.82,-173.42
52.388977,-1.542251,145.64,19.01,3,117.07,20 / 21,2518809,2019-09-06 20:02:04:552,-0.6438,-0.8939,11.6673,0.0206,-0.0287,9.8065,0.0441,-0.0067,0.0011,-19.06,-33.56,21.88,321.3,-83.35,-172.82
52.388977,-1.542251,145.64,19.01,3,117.07,20 / 21,2518909,2019-09-06 20:02:04:652,1.1178,-0.4112,9.8466,0.0051,0.0009,9.8066,-0.1233,-0.0992,0.0607,-19.56,-33.81,21.81,318.62,-83.23,-173.78
52.388977,-1.542251,145.64,19.01,3,117.07,20 / 21,2519009,2019-09-06 20:02:04:752,-0.1663,0.4819,9.5089,-0.007,0.0117,9.8066,-0.1361,0.0291,-0.0354,-19.5,-34.12,21.75,321.26,-83.41,-172.91
52.388977,-1.542251,145.64,19.01,3,117.07,20 / 21,2519110,2019-09-06 20:02:04:853,-0.8626,0.3996,9.6364,-0.0247,0.0327,9.8065,0.1932,-0.0023,-0.0362,-19.81,-33.56,21.44,319.26,-83.83,-172.24
52.388977,-1.542251,145.64,19.01,3,117.07,20 / 21,2519210,2019-09-06 20:02:04:953,-0.6085,-0.309,10.0378,0.042,-0.0342,9.8064,0.217,-0.0677,0.0038,-19.81,-33.31,21.38,319.42,-83.88,-172.28
52.388977,-1.542251,145.64,19.01,3,117.07,20 / 21,2519310,2019-09-06 20:02:05:053,-0.0104,-1.3026,10.3683,0.0398,-0.0339,9.8065,-0.0849,0.0274,-0.0048,-19.44,-33.87,21.69,321.79,-83.82,-172.75
52.388977,-1.542251,145.64,19.01,3,117.07,17 / 21,2519409,2019-09-06 20:02:05:152,-0.5848,-0.4601,10.1639,0.0297,-0.0306,9.8065,-0.0458,-0.0521,0.0339,-19.62,-33.81,21.56,319.41,-83.33,-173.15
52.388977,-1.542251,145.64,19.01,3,117.07,17 / 21,2519510,2019-09-06 20:02:05:253,0.433,-0.6509,10.1322,-0.0109,0.0212,9.8065,0.0016,-0.0831,-0.015,-19.44,-33.31,21.75,319.7,-83.42,-174.45
52.388977,-1.542251,145.64,19.01,3,117.07,17 / 21,2519609,2019-09-06 20:02:05:352,0.0586,-0.9096,9.978,-0.0155,0.0238,9.8066,0.0644,-0.0363,0.0191,-19.25,-33.5,22.31,319,-83.52,-175.16
52.388977,-1.542251,145.64,19.01,3,117.07,17 / 21,2519710,2019-09-06 20:02:05:453,0.0195,-0.4816,10.5016,0.0084,-0.0107,9.8066,-0.0946,-0.0136,-0.0096,-19.44,-33.81,21.69,319.32,-83.48,-174.7
52.388977,-1.542251,145.64,19.01,3,117.07,17 / 21,2519809,2019-09-06 20:02:05:552,0.1926,-1.4522,10.0985,0.0107,-0.0114,9.8066,-0.0547,-0.0708,0.0318,-19.25,-33.62,21.81,319.34,-83.47,-174.67
52.388977,-1.542251,145.64,19.01,3,117.07,17 / 21,2519910,2019-09-06 20:02:05:653,-1.3276,0.2418,10.177,0.0035,-0.0116,9.8066,0.0418,-0.029,0.043,-19.44,-33.69,21.94,320,-83.36,-173.99
52.388977,-1.542251,145.64,19.01,3,117.07,17 / 21,2520009,2019-09-06 20:02:05:752,-1.1764,-0.0564,10.4428,-0.0246,0.0259,9.8065,-0.0253,-0.0534,-0.0419,-19.75,-34,22.19,319.29,-83.55,-173.43
52.388977,-1.542251,145.64,19.01,3,117.07,17 / 21,2520110,2019-09-06 20:02:05:853,-0.3873,-0.2938,10.3722,0.0202,-0.0057,9.8065,-0.0181,-0.015,0.0034,-19.87,-33.31,21.81,318.35,-83.54,-174.42
52.388977,-1.542251,145.64,19.01,3,117.07,17 / 21,2520210,2019-09-06 20:02:05:953,0.4363,-1.1996,9.7197,0.0224,-0.0066,9.8066,0.1159,-0.0866,-0.0054,-19.75,-33.81,21.94,317.06,-83.51,-175.41
52.388977,-1.542251,145.64,19.01,3,117.07,17 / 21,2520309,2019-09-06 20:02:06:052,0.9633,-0.0992,8.7941,0.0268,-0.0088,9.8065,-0.0847,-0.0177,-0.008,-18.94,-33.44,22.13,317.53,-83.42,-176.42
52.388977,-1.542251,145.64,19.01,3,117.07,18 / 19,2520410,2019-09-06 20:02:06:153,-0.0568,-0.7829,10.1755,-0.0389,0.0312,9.8064,-0.1691,-0.0513,0.0475,-19.12,-34,21.94,316.71,-83.06,-176.69
52.388977,-1.542251,145.64,19.01,3,117.07,18 / 19,2520509,2019-09-06 20:02:06:252,-0.2005,-1.6275,9.5573,-0.0253,0.0164,9.8065,0.1255,-0.0222,0.0466,-19.37,-33.5,21.75,317.33,-83.3,-176.5
52.388977,-1.542251,145.64,19.01,3,117.07,18 / 19,2520610,2019-09-06 20:02:06:353,-0.0907,0.6827,9.7864,-0.0286,0.0199,9.8066,0.0122,0.015,-0.044,-19.19,-33.19,22.56,320.06,-83.33,-175.45
52.388977,-1.542251,145.64,19.01,3,117.07,18 / 19,2520710,2019-09-06 20:02:06:453,-0.409,-0.9417,9.8961,0,0.0042,9.8066,0.0907,0.0033,-0.0088,-19.31,-33.12,22.31,318.19,-83.33,-175.74
52.388977,-1.542251,145.64,19.01,3,117.07,18 / 19,2520810,2019-09-06 20:02:06:553,0.3124,-0.9731,10.2327,-0.0192,0.0258,9.8065,0.1178,-0.0474,0.0409,-19.12,-32.69,23.38,318.95,-83.37,-176.48
52.388977,-1.542251,145.64,19.01,3,117.07,18 / 19,2520910,2019-09-06 20:02:06:653,0.0474,-0.5109,10.0943,0.0078,-0.0102,9.8066,0.047,-0.0114,0.0106,-19.19,-32.56,22.19,318.15,-83.12,-175.6
52.388977,-1.542251,145.64,19.01,3,117.07,18 / 19,2521010,2019-09-06 20:02:06:753,0.6072,-0.7455,9.4651,0.0013,-0.0017,9.8066,0.0748,-0.0401,0.003,-19.44,-32.44,22.75,319.98,-82.99,-175.4
52.388977,-1.542251,145.64,19.01,3,117.07,18 / 19,2521110,2019-09-06 20:02:06:853,0.0288,-0.3874,9.4037,-0.0105,0.0115,9.8065,-0.1481,0.0331,0.0207,-18.94,-32.19,22.38,318.53,-83.22,-175.5
52.388977,-1.542251,145.64,19.01,3,117.07,18 / 19,2521210,2019-09-06 20:02:06:953,0.0822,-0.9291,10.6668,0.0063,-0.0093,9.8065,-0.1133,-0.0081,0.0306,-18.94,-32.94,21.63,318.57,-83.33,-175.4
52.388977,-1.542251,145.64,19.01,3,117.07,18 / 19,2521310,2019-09-06 20:02:07:053,2.0427,-0.1421,8.6007,0.0214,-0.0301,9.8065,0.0945,0.0647,0.0285,-19.06,-34.12,22.44,318.56,-83.12,-175.08
52.388977,-1.542251,145.64,19.01,3,117.07,18 / 20,2521409,2019-09-06 20:02:07:152,0.3285,0.5817,9.6296,0.035,-0.0307,9.8065,0.0158,-0.0277,-0.0777,-19.25,-33.56,22.44,318.86,-82.88,-174.62
52.388977,-1.542251,145.64,19.01,3,117.07,18 / 20,2521510,2019-09-06 20:02:07:253,1.4715,0.7545,9.4346,-0.043,0.0465,9.8064,-0.0072,-0.1557,0.0089,-19.31,-32.87,22.81,320.23,-82.85,-174.92
52.388977,-1.542251,145.64,19.01,3,117.07,18 / 20,2521610,2019-09-06 20:02:07:353,0.0718,-1.2329,9.6837,0.0074,-0.011,9.8065,-0.0308,-0.0472,-0.0029,-18.94,-33.56,22.75,319.02,-83.16,-176.09
52.388977,-1.542251,145.64,19.01,3,117.07,18 / 20,2521709,2019-09-06 20:02:07:452,-0.7466,0.4544,8.6248,0.0083,-0.0078,9.8066,-0.105,0.0077,0.0232,-19,-33.87,22.19,317.79,-83.22,-175.86
52.388977,-1.542251,145.64,19.01,3,117.07,18 / 20,2521810,2019-09-06 20:02:07:553,-2.2551,0.133,10.1343,0.0139,-0.0259,9.8065,-0.1981,-0.0817,0.036,-18.81,-34.06,22.31,318.85,-83.32,-174.99
52.388977,-1.542251,145.64,19.01,3,117.07,18 / 20,2521910,2019-09-06 20:02:07:653,-0.7724,0.9112,10.568,0,0.0119,9.8066,0.3076,-0.0492,-0.0225,-18.81,-32.75,22.06,318.44,-83.45,-175.62
52.388977,-1.542251,145.64,19.01,3,117.07,18 / 20,2522011,2019-09-06 20:02:07:754,0.9991,-0.4543,10.7441,0.0379,-0.0288,9.8065,0.1823,0.0223,-0.0577,-19,-33.87,22.81,318.1,-83.31,-177.04
52.388977,-1.542251,145.64,19.01,3,117.07,18 / 20,2522110,2019-09-06 20:02:07:853,-0.7686,-1.0093,10.2324,0.0103,-0.0034,9.8066,-0.046,0.0395,-0.0309,-18.75,-34,22.75,317.56,-83.09,-177.35
52.388977,-1.542251,145.64,19.01,3,117.07,18 / 20,2522210,2019-09-06 20:02:07:953,-0.485,-0.2863,9.6623,-0.0273,0.017,9.8066,0.0112,-0.0546,0.0423,-18.69,-33.56,22.94,318.24,-83.26,-176.88
52.388977,-1.542251,145.64,19.01,3,117.07,18 / 20,2522311,2019-09-06 20:02:08:054,-1.3283,-0.6658,10.1241,0.0115,-0.0055,9.8065,-0.0965,0.0188,-0.0401,-18.69,-33.75,22.63,318.13,-83.46,-177.14
52.388977,-1.542251,145.64,19.01,3,117.07,19 / 21,2522410,2019-09-06 20:02:08:153,-1.9652,1.181,10.8324,0.003,0.005,9.8066,0.04,0.0178,0.0065,-18.75,-33.69,22.25,316.58,-83.38,-177.08
52.388977,-1.542251,145.64,19.01,3,117.07,19 / 21,2522509,2019-09-06 20:02:08:252,0.7895,-0.785,9.8296,0.0347,-0.0461,9.8065,-0.1054,-0.0367,0.0295,-18.87,-33.37,22.56,317.83,-83.06,-177.23
52.388977,-1.542251,145.64,19.01,3,117.07,19 / 21,2522610,2019-09-06 20:02:08:353,0.8936,0.2994,9.1337,0.0275,-0.0339,9.8065,-0.0772,0.0698,-0.0112,-18.75,-33.62,23.19,318.44,-83.02,-176.5
52.388977,-1.542251,145.64,19.01,3,117.07,19 / 21,2522710,2019-09-06 20:02:08:453,-0.5576,-0.8831,9.9599,-0.0051,0.0174,9.8065,0.0195,0.0636,-0.0654,-18.81,-33.62,22.88,319.6,-83.18,-175.59
52.388977,-1.542251,145.64,19.01,3,117.07,19 / 21,2522809,2019-09-06 20:02:08:552,-0.2247,0.8724,9.5706,-0.0135,-0.0015,9.8066,0.0574,-0.039,0.0255,-18.69,-33.12,22.81,319.83,-83.33,-175.65
52.388977,-1.542251,145.64,19.01,3,117.07,19 / 21,2522910,2019-09-06 20:02:08:653,0.1478,-0.6333,10.1405,-0.0185,0.0191,9.8065,0.0848,-0.0525,-0.0017,-18.62,-33.12,23.13,319.95,-83.36,-175.57
52.388977,-1.542251,145.64,19.01,3,117.07,19 / 21,2523009,2019-09-06 20:02:08:752,0.7013,1.6673,8.726,-0.0138,0.0222,9.8066,-0.0056,0.0504,-0.0045,-18.94,-32.56,22.75,319.61,-83.3,-175.82
52.388977,-1.542251,145.64,19.01,3,117.07,19 / 21,2523109,2019-09-06 20:02:08:852,-1.4333,1.21,10.31,-0.0258,-0.0181,9.8065,-0.0065,-0.099,0.0665,-21.06,-32.31,23.5,322.27,-83.32,-172.25
52.388977,-1.542251,145.64,19.01,3,117.07,19 / 21,2523209,2019-09-06 20:02:08:952,-0.7696,0.5632,10.3567,0.0311,-0.0372,9.8065,0.0414,-0.0243,0.0354,-20.31,-32.19,22.69,322.63,-83.06,-171.73
52.388977,-1.542251,145.64,19.01,3,117.07,19 / 21,2523310,2019-09-06 20:02:09:053,-0.7774,0.528,10.2689,0.0283,-0.0182,9.8066,-0.0869,-0.0742,-0.0501,-20.12,-33.62,22.31,321.66,-82.95,-170.84
52.388977,-1.542251,145.64,19.01,3,117.07,19 / 21,2523410,2019-09-06 20:02:09:153,-0.4725,-0.7779,9.1368,0.0395,0.0393,9.8064,-0.1613,0.0553,-0.1621,-18.69,-34.87,21.69,317.65,-83,-175.63
52.388977,-1.542251,145.64,19.01,3,117.07,19 / 21,2523510,2019-09-06 20:02:09:253,-0.4774,0.5761,8.4472,0.0122,0.03,9.8065,0.0673,0.1367,-0.0485,-17.81,-35.94,21.38,313.24,-83.31,-179.6
52.388977,-1.542251,145.64,19.01,3,117.07,19 / 21,2523609,2019-09-06 20:02:09:352,-0.8111,0.3156,9.8202,0.0001,-0.0155,9.8066,0.0496,-0.0171,0.1074,-17.94,-36.44,21.94,315.19,-83.42,-179.44
52.388977,-1.542251,145.64,19.01,3,117.07,19 / 21,2523710,2019-09-06 20:02:09:453,-0.7509,1.6933,10.3962,0.0048,-0.0199,9.8066,0.0222,-0.0446,-0.002,-17.44,-36.62,22.94,319.38,-83.42,-178.41
52.388977,-1.542251,145.64,19.01,3,117.07,19 / 21,2523809,2019-09-06 20:02:09:552,0.4524,-0.1894,9.7351,-0.0159,-0.0071,9.8066,0.1659,-0.0009,0.0663,-19,-35.19,23.25,318.25,-83.32,-176.77
52.388977,-1.542251,145.64,19.01,3,117.07,19 / 21,2523910,2019-09-06 20:02:09:653,-0.7881,1.1818,10.2017,0.0163,-0.0397,9.8065,-0.0117,-0.0299,0.029,-19,-35.62,21.88,317.56,-83.22,-175.75
52.388977,-1.542251,145.64,19.01,3,117.07,19 / 21,2524009,2019-09-06 20:02:09:752,-0.8274,-0.2312,9.4385,0.0306,-0.0174,9.8066,-0.1442,-0.0501,-0.0311,-17.81,-36.94,22.63,320.78,-83,-175.34
52.388977,-1.542251,145.64,19.01,3,117.07,19 / 21,2524109,2019-09-06 20:02:09:852,-1.0379,1.4781,10.2761,-0.0075,0.0123,9.8066,0.1258,-0.0854,0.083,-17.62,-36.81,22.63,320.9,-83.17,-175.38
52.388977,-1.542251,145.64,19.01,3,117.07,19 / 21,2524210,2019-09-06 20:02:09:953,-0.1228,0.019,10.6272,-0.0037,0.0169,9.8066,0.1233,-0.0541,-0.0216,-17.75,-36.5,23.06,321,-83.19,-175.46
52.388977,-1.542251,145.64,19.01,3,117.07,19 / 21,2524310,2019-09-06 20:02:10:053,0.4072,0.7149,9.6084,-0.0105,-0.0023,9.8066,0.0052,-0.0192,0.0775,-18.44,-36.75,23,320.48,-83.08,-175.68
52.388977,-1.542251,145.64,19.01,3,117.07,18 / 19,2524409,2019-09-06 20:02:10:152,-0.9414,-0.8045,10.0368,-0.0003,-0.0025,9.8066,-0.0583,-0.0535,0.0436,-20.31,-36.25,23.06,317.78,-82.98,-175.41
52.388977,-1.542251,145.64,19.01,3,117.07,18 / 19,2524509,2019-09-06 20:02:10:252,0.266,0.2191,9.7123,0.011,0.0017,9.8066,-0.0812,-0.0294,-0.0514,-20.5,-37.31,22.06,315.34,-82.94,-175.98
52.388977,-1.542251,145.64,19.01,3,117.07,18 / 19,2524610,2019-09-06 20:02:10:353,-0.4194,-0.4162,9.6274,-0.008,0.0084,9.8066,-0.0223,0.0189,0.0191,-19.25,-37.87,23.88,318.02,-82.84,-177.43
52.388977,-1.542251,145.64,19.01,3,117.07,18 / 19,2524710,2019-09-06 20:02:10:453,-1.1542,0.4218,10.4545,-0.0188,0.025,9.8066,0.0441,0.033,-0.0026,-18.81,-36,23.5,318.11,-83.04,-177.83
52.388977,-1.542251,145.64,19.01,3,117.07,18 / 19,2524810,2019-09-06 20:02:10:553,0.1048,0.5241,9.8618,-0.033,0.0467,9.8065,0.1212,-0.014,-0.0407,-19.19,-36.12,22.25,314.34,-83.18,-178.59
52.388977,-1.542251,145.64,19.01,3,117.07,18 / 19,2524910,2019-09-06 20:02:10:653,0.5707,0.3373,9.6559,0.0093,-0.0161,9.8066,0.0006,-0.0195,0.0603,-19.25,-37.44,21.75,314.05,-83.09,-178.58
52.388977,-1.542251,145.64,19.01,3,117.07,18 / 19,2525010,2019-09-06 20:02:10:753,0.9548,-0.6103,10.2714,0.0141,-0.0123,9.8066,0.0243,0.0149,-0.0291,-18.94,-37.44,22.75,316.02,-83.04,-178.2
52.388977,-1.542251,145.64,19.01,3,117.07,18 / 19,2525110,2019-09-06 20:02:10:853,-0.708,-0.8882,9.5544,0.0123,-0.0081,9.8066,-0.1279,0.0376,-0.0382,-18.62,-37.19,23.5,317.51,-83.08,-178.25
52.388977,-1.542251,145.64,19.01,3,117.07,18 / 19,2525210,2019-09-06 20:02:10:953,0.0471,0.7456,9.6802,0.036,-0.0223,9.8065,-0.0623,-0.0179,-0.0316,-18.94,-36.81,22.81,315.02,-82.91,-178.97
52.388977,-1.542251,145.64,19.01,3,117.07,18 / 19,2525310,2019-09-06 20:02:11:053,-0.0809,0.8626,10.0511,-0.0104,0.0068,9.8066,0.0898,0.0224,-0.0587,-18.31,-36.5,21.88,315.01,-83,-179.19
52.388977,-1.542251,145.64,19.01,3,117.07,19 / 20,2525409,2019-09-06 20:02:11:152,-1.5382,0.7165,10.5195,-0.0197,0.016,9.8065,-0.0331,-0.0193,0.0458,-18.19,-37.19,22.06,315.07,-83.05,-179.02
52.388977,-1.542251,145.64,19.01,3,117.07,19 / 20,2525510,2019-09-06 20:02:11:253,-0.4907,-0.38,9.9298,0.0024,-0.003,9.8066,-0.0157,0.0781,-0.0552,-19.06,-37.94,20.75,311.48,-82.95,-179.05
52.388977,-1.542251,145.64,19.01,3,117.07,19 / 20,2525609,2019-09-06 20:02:11:352,-0.1239,0.0915,9.4878,-0.0076,-0.0019,9.8066,-0.0702,-0.0218,0.0173,-18.37,-38.5,20.75,313.34,-83,-178.82
52.388977,-1.542251,145.64,19.01,3,117.07,19 / 20,2525710,2019-09-06 20:02:11:453,-0.1635,0.7059,9.317,0.0065,0.019,9.8065,-0.0326,0.043,-0.0847,-18.87,-38.81,23.88,315.51,-83.13,-179.77
52.388977,-1.542251,145.64,19.01,3,117.07,19 / 20,2525809,2019-09-06 20:02:11:552,-0.0856,0.2734,9.3991,0.0061,0.0058,9.8066,-0.0466,-0.0055,-0.0062,-16.94,-37,23.75,316.55,-83.25,177.92
52.388977,-1.542251,145.64,19.01,3,117.07,19 / 20,2525909,2019-09-06 20:02:11:652,-0.2962,1.0177,9.906,-0.001,-0.0002,9.8066,-0.0085,0.0404,0.0168,-16,-36.94,23.31,316.27,-83.31,177.42
52.388977,-1.542251,145.64,19.01,3,117.07,19 / 20,2526010,2019-09-06 20:02:11:753,-0.3139,1.5102,9.9974,-0.0098,-0.0077,9.8066,-0.1611,0.0466,0.0548,-14.62,-36.25,23.25,319.57,-83.3,178.59
52.388977,-1.542251,145.64,19.01,3,117.07,19 / 20,2526110,2019-09-06 20:02:11:853,-1.1834,1.2501,10.3045,-0.0059,-0.0131,9.8066,0.1805,0.0272,0.0253,-14.75,-35,23.31,322.22,-83.16,-179.13
52.388977,-1.542251,145.64,19.01,3,117.07,19 / 20,2526210,2019-09-06 20:02:11:953,-1.0626,1.1665,10.1404,-0.0075,0.0001,9.8066,0.1716,0.0112,-0.0454,-14.37,-35.31,22.19,322.97,-83.11,-178.78
52.388977,-1.542251,145.64,19.01,3,117.07,19 / 20,2526310,2019-09-06 20:02:12:053,-0.4678,-0.1831,10.3697,0.0057,-0.0188,9.8066,-0.1763,0.0182,0.0166,-14.31,-35.81,22.5,325.13,-83.17,-178.13
52.388206,-1.540013,144.18,18.64,3,119.81,18 / 19,2526410,2019-09-06 20:02:12:153,-0.3251,0.1836,10.0499,0.0214,-0.0296,9.8065,0.0085,0.0002,-0.0173,-15.06,-34.31,22.88,323.89,-83.19,-177.83
52.388206,-1.540013,144.18,18.64,3,119.81,18 / 19,2526510,2019-09-06 20:02:12:253,-0.0627,1.1984,10.0133,0.0026,-0.0024,9.8066,0.0262,-0.0205,-0.0146,-15.75,-36.62,21.56,319.27,-82.95,-178.22
52.388206,-1.540013,144.18,18.64,3,119.81,18 / 19,2526609,2019-09-06 20:02:12:352,-0.5817,0.7818,11.1772,0.0172,-0.02,9.8065,-0.0612,0.0436,-0.0696,-15.94,-36.19,23.75,322.7,-82.78,-177.92
52.388206,-1.540013,144.18,18.64,3,119.81,18 / 19,2526710,2019-09-06 20:02:12:453,0.3198,0.3971,10.035,0.0013,-0.021,9.8066,-0.026,-0.0161,0.1314,-16.37,-35.56,23.25,320.48,-82.84,-178.61
52.388206,-1.540013,144.18,18.64,3,119.81,18 / 19,2526810,2019-09-06 20:02:12:553,-0.0687,-0.4661,8.9636,-0.0308,0.0019,9.8065,0.0237,0.0049,-0.0047,-16.37,-35,22.31,321.18,-82.86,-176.8
52.388206,-1.540013,144.18,18.64,3,119.81,18 / 19,2526909,2019-09-06 20:02:12:652,-0.2761,1.5795,9.5233,0.0014,-0.001,9.8066,0.062,-0.0271,0.0117,-16.56,-36.56,21.5,321.3,-83.03,-174.99
52.388206,-1.540013,144.18,18.64,3,119.81,18 / 19,2527009,2019-09-06 20:02:12:752,-0.2004,1.5387,9.8144,0.0053,0.0072,9.8066,0.0735,-0.0002,0.0012,-16.94,-36.25,22.81,322.11,-83.11,-175.88
52.388206,-1.540013,144.18,18.64,3,119.81,18 / 19,2527109,2019-09-06 20:02:12:852,-1.052,1.0798,10.3216,0.0309,-0.0257,9.8065,0.036,0.0342,0.0075,-16.56,-35.81,22.38,319.9,-82.86,-176.21
52.388206,-1.540013,144.18,18.64,3,119.81,18 / 19,2527209,2019-09-06 20:02:12:952,0.7855,0.7748,9.4005,-0.0126,0.0155,9.8066,-0.0521,0.0855,-0.042,-16.5,-35.37,23,323.53,-82.71,-176
52.388206,-1.540013,144.18,18.64,3,119.81,18 / 19,2527310,2019-09-06 20:02:13:053,0.3244,0.4101,9.9213,-0.0033,0.0075,9.8066,0.0286,-0.0286,0.0445,-15.62,-36.12,21.94,322.15,-82.88,-175.82
52.388206,-1.540013,144.18,18.64,3,119.81,20 / 21,2527410,2019-09-06 20:02:13:153,-0.2216,0.798,9.322,0.0086,-0.0143,9.8066,-0.0247,0.0262,-0.0586,-14.37,-36.62,21.75,325.94,-82.91,-175.75
52.388206,-1.540013,144.18,18.64,3,119.81,20 / 21,2527510,2019-09-06 20:02:13:253,0.5609,0.4111,9.1992,0.0227,-0.0197,9.8065,0.0549,-0.0272,0.0068,-14.5,-37.31,22.81,326.94,-82.85,-176.16
52.388206,-1.540013,144.18,18.64,3,119.81,20 / 21,2527610,2019-09-06 20:02:13:353,0.1239,-0.2454,8.7314,-0.0021,0.005,9.8066,-0.1717,-0.0223,-0.0355,-14.81,-35.56,23,325.12,-82.92,-176.25
52.388206,-1.540013,144.18,18.64,3,119.81,20 / 21,2527709,2019-09-06 20:02:13:452,-0.213,-0.6297,10.2132,-0.0279,0.0223,9.8066,-0.0317,0.0001,0.0123,-16.12,-35.56,22.25,321.68,-83.08,-176.41
52.388206,-1.540013,144.18,18.64,3,119.81,20 / 21,2527809,2019-09-06 20:02:13:552,-0.62,1.9899,10.1855,0.0226,-0.0288,9.8065,-0.0975,0.0165,-0.0306,-17,-36,21.69,319.4,-83.02,-176.8
52.388206,-1.540013,144.18,18.64,3,119.81,20 / 21,2527910,2019-09-06 20:02:13:653,-0.9001,0.0941,10.0453,0.0151,-0.0125,9.8066,0.0152,-0.0143,0.0948,-16.25,-36.25,22.06,321.3,-82.8,-176.47
52.388206,-1.540013,144.18,18.64,3,119.81,20 / 21,2528010,2019-09-06 20:02:13:753,0.8509,-0.3648,9.134,-0.0145,0.0081,9.8065,0.0446,0.0484,-0.036,-16.06,-36.62,21.94,322.45,-82.88,-175.4
52.388206,-1.540013,144.18,18.64,3,119.81,20 / 21,2528110,2019-09-06 20:02:13:853,-0.3572,0.2138,9.6112,0.0363,-0.0311,9.8065,-0.0143,0.0362,-0.0521,-16,-35.31,22.5,324.14,-82.64,-175.42
52.388206,-1.540013,144.18,18.64,3,119.81,20 / 21,2528210,2019-09-06 20:02:13:953,-0.054,0.2245,9.6446,-0.0096,0.0212,9.8066,0.0011,0.0409,-0.0353,-15.12,-35.19,22.25,323.94,-82.86,-176.02
52.388206,-1.540013,144.18,18.64,3,119.81,20 / 21,2528310,2019-09-06 20:02:14:053,0.612,0.5572,9.5286,0.0053,0,9.8066,0.0649,-0.0435,0.0129,-15.19,-34.62,22.38,323.09,-82.78,-176.69
52.388206,-1.540013,144.18,18.64,3,119.81,20 / 21,2528410,2019-09-06 20:02:14:153,0.2309,-0.5501,9.9311,-0.0017,0.0029,9.8066,0.1604,0.0278,-0.0636,-14.87,-34.94,22.75,324.97,-82.96,-176.56
52.388206,-1.540013,144.18,18.64,3,119.81,20 / 21,2528509,2019-09-06 20:02:14:252,0.6485,-0.1167,10.3478,-0.011,0.0111,9.8066,-0.2442,-0.0527,0.0638,-14.69,-35.12,21.75,323.2,-83.11,-176.88
52.388206,-1.540013,144.18,18.64,3,119.81,20 / 21,2528610,2019-09-06 20:02:14:353,-0.1678,0.6019,9.5988,0.0229,-0.0326,9.8065,-0.1805,0.0213,-0.0375,-14.62,-35.44,21.56,322.94,-83.01,-177.02
52.388206,-1.540013,144.18,18.64,3,119.81,20 / 21,2528710,2019-09-06 20:02:14:453,-0.0209,0.4726,9.7334,-0.0076,0.0115,9.8066,0.0773,-0.002,0.0196,-14.62,-36.25,22.38,322.35,-83.02,-177.38
52.388206,-1.540013,144.18,18.64,3,119.81,20 / 21,2528810,2019-09-06 20:02:14:553,-0.1718,-0.2075,9.9344,-0.0006,-0.0024,9.8065,0.014,0.0374,-0.0028,-15.06,-35.37,22.31,322.65,-82.98,-177.25
52.388206,-1.540013,144.18,18.64,3,119.81,20 / 21,2528909,2019-09-06 20:02:14:652,0.6042,0.4574,9.6443,-0.01,-0.0012,9.8066,-0.0524,0.0285,-0.026,-15.12,-36.06,22.5,324.29,-82.96,-177
52.388206,-1.540013,144.18,18.64,3,119.81,20 / 21,2529010,2019-09-06 20:02:14:753,-1.7394,0.9296,10.6143,0.0087,-0.0091,9.8066,-0.0414,0.0023,0.0401,-15.87,-35.87,23.44,323.48,-82.9,-176.05
52.388206,-1.540013,144.18,18.64,3,119.81,20 / 21,2529110,2019-09-06 20:02:14:853,0.2178,-2.2204,10.0793,-0.0135,0.0078,9.8066,-0.1189,0.0419,-0.0303,-15.31,-34.87,22.31,324.19,-82.95,-175.89
52.388206,-1.540013,144.18,18.64,3,119.81,20 / 21,2529210,2019-09-06 20:02:14:953,-0.2384,0.3054,9.4841,0.0091,-0.0103,9.8066,-0.1351,-0.0335,0.01,-14.31,-35,21.56,327.36,-82.8,-174.74
52.388206,-1.540013,144.18,18.64,3,119.81,20 / 21,2529309,2019-09-06 20:02:15:052,-0.5779,0.08,10.1111,-0.0054,-0.0033,9.8066,-0.0458,-0.0062,0.0283,-13.25,-36.12,22,329.98,-82.9,-174.24
52.388206,-1.540013,144.18,18.64,3,119.81,19 / 21,2529410,2019-09-06 20:02:15:153,-0.3172,0.0575,10.0807,-0.0018,0.0046,9.8066,-0.0609,0.0193,-0.0262,-12.75,-35.19,22.13,330.33,-82.97,-174.14
52.388206,-1.540013,144.18,18.64,3,119.81,19 / 21,2529509,2019-09-06 20:02:15:252,0.072,-0.3316,10.1132,-0.0017,-0.0062,9.8066,-0.0674,-0.0017,0.0448,-13.19,-34.87,22.69,331.95,-82.93,-173.99
52.388206,-1.540013,144.18,18.64,3,119.81,19 / 21,2529609,2019-09-06 20:02:15:352,0.2372,-0.1001,9.8416,0.0017,-0.0077,9.8066,0.0481,-0.0185,0.0004,-14.37,-33.94,22.13,328.68,-82.78,-173.75
52.388206,-1.540013,144.18,18.64,3,119.81,19 / 21,2529709,2019-09-06 20:02:15:452,-0.6192,-0.6396,10.1901,-0.0087,0.0027,9.8066,0.01,-0.0778,0.0241,-14.37,-34.62,22,328.98,-82.81,-173.38
52.388206,-1.540013,144.18,18.64,3,119.81,19 / 21,2529810,2019-09-06 20:02:15:553,0.3456,0.1737,9.9181,-0.0034,-0.0003,9.8066,0.0032,-0.0301,0.007,-14.81,-34.94,21.63,327.45,-82.84,-172.99
52.388206,-1.540013,144.18,18.64,3,119.81,19 / 21,2529910,2019-09-06 20:02:15:653,0.2768,0.4416,9.5925,-0.0104,0.0136,9.8066,0.0971,-0.0113,0.011,-13.94,-35.25,22.31,329.56,-82.93,-172.96
52.388206,-1.540013,144.18,18.64,3,119.81,19 / 21,2530010,2019-09-06 20:02:15:753,-0.4241,-0.4945,10.3644,0.0047,-0.0197,9.8066,-0.0721,-0.0207,0.073,-12.69,-34.44,22.44,331.63,-82.88,-173.1
52.388206,-1.540013,144.18,18.64,3,119.81,19 / 21,2530110,2019-09-06 20:02:15:853,-0.2571,0.7474,10.0623,0.0185,-0.0056,9.8066,-0.0726,-0.0333,-0.082,-13.94,-34.31,21.69,329.35,-82.83,-173.21
52.388206,-1.540013,144.18,18.64,3,119.81,19 / 21,2530210,2019-09-06 20:02:15:953,0.2941,0.4633,9.4521,-0.0193,0.0015,9.8065,0.0399,-0.0602,0.0309,-14.5,-33.69,22.63,330.61,-82.95,-173.5
52.388206,-1.540013,144.18,18.64,3,119.81,19 / 21,2530310,2019-09-06 20:02:16:053,-0.9602,1.0746,9.7551,0.0023,-0.0025,9.8065,-0.04,0.0415,-0.0404,-15.44,-33.12,21.5,327.03,-83.08,-173.83
52.388206,-1.540013,144.18,18.64,3,119.81,19 / 21,2530410,2019-09-06 20:02:16:153,-0.1285,0.4895,10.2698,0.0267,-0.0057,9.8065,0.0782,-0.0199,0.0074,-14.44,-32.56,21.44,326.23,-83.08,-174.86
52.388206,-1.540013,144.18,18.64,3,119.81,19 / 21,2530509,2019-09-06 20:02:16:252,0.0564,0.0521,10.3751,0.0097,-0.0128,9.8066,0.0937,0.0236,-0.0538,-14.81,-32.87,21.94,324.96,-82.85,-175.45
52.388206,-1.540013,144.18,18.64,3,119.81,19 / 21,2530609,2019-09-06 20:02:16:352,0.2433,-0.2841,9.4062,0.0229,-0.0202,9.8065,0.047,-0.0453,0.0306,-14.81,-32.75,22.13,324.16,-82.57,-175.93
52.388206,-1.540013,144.18,18.64,3,119.81,19 / 21,2530710,2019-09-06 20:02:16:453,-1.1695,0.3207,9.6218,-0.0415,0.0427,9.8064,-0.0125,-0.033,0.0363,-16.12,-32.87,22.75,325.4,-82.97,-174.87
52.388206,-1.540013,144.18,18.64,3,119.81,19 / 21,2530810,2019-09-06 20:02:16:553,-0.4224,0.7742,9.3845,-0.0447,0.0326,9.8064,0.085,-0.0093,0.0072,-15.69,-33.75,21,323.23,-83.16,-173.99
52.388206,-1.540013,144.18,18.64,3,119.81,19 / 21,2530910,2019-09-06 20:02:16:653,0.014,0.0465,9.8029,-0.0004,-0.0003,9.8066,0.0909,0.0029,0.0861,-16.44,-35.44,21.94,325.84,-83.13,-172.98
52.388206,-1.540013,144.18,18.64,3,119.81,19 / 21,2531010,2019-09-06 20:02:16:753,-1.2307,-0.793,10.8348,0.0078,-0.0318,9.8065,-0.0779,-0.0411,-0.0766,-17.06,-34.75,23.31,326.6,-82.92,-171.96
52.388206,-1.540013,144.18,18.64,3,119.81,19 / 21,2531110,2019-09-06 20:02:16:853,-0.8983,0.3484,9.9279,0.0262,-0.0036,9.8065,-0.0497,0.0291,-0.0535,-17.81,-33.62,23.63,325.33,-82.65,-172.83
52.388206,-1.540013,144.18,18.64,3,119.81,19 / 21,2531210,2019-09-06 20:02:16:953,0.9015,0.094,9.0527,-0.029,0.0311,9.8065,0.0195,-0.0538,0.0649,-17.31,-33.69,22.38,322.84,-82.64,-173.8
52.388206,-1.540013,144.18,18.64,3,119.81,19 / 21,2531309,2019-09-06 20:02:17:052,0.1476,1.7428,8.6039,-0.0356,0.0301,9.8065,-0.1661,0.0317,-0.1519,-16.44,-34.37,22,326.38,-83.15,-172.66
52.388206,-1.540013,144.18,18.64,3,119.81,19 / 20,2531410,2019-09-06 20:02:17:153,-0.7651,1.8778,10.2505,-0.0098,0.0142,9.8066,0.2006,-0.1654,0.1409,-16.31,-35,22.69,327.34,-83.27,-173.12
52.388206,-1.540013,144.18,18.64,3,119.81,19 / 20,2531509,2019-09-06 20:02:17:252,1.1301,-0.1569,9.9774,0.0189,-0.032,9.8065,0.2855,0.0594,-0.1167,-16.25,-34.69,22.38,325.87,-83.34,-173.11
52.388206,-1.540013,144.18,18.64,3,119.81,19 / 20,2531610,2019-09-06 20:02:17:353,0.3896,0.7136,10.0091,0.0325,-0.0139,9.8065,-0.173,-0.0295,0.1227,-16.56,-34.44,22.25,323.3,-82.95,-173.64
52.388206,-1.540013,144.18,18.64,3,119.81,19 / 20,2531710,2019-09-06 20:02:17:453,-0.7303,-0.3868,9.8269,0.0023,-0.0301,9.8066,-0.203,0.0692,-0.0679,-16.31,-35.12,22.19,324.49,-82.62,-173.73
52.388206,-1.540013,144.18,18.64,3,119.81,19 / 20,2531809,2019-09-06 20:02:17:552,0.476,0.1456,9.3811,0.0041,0.004,9.8066,-0.1369,0.0156,-0.0237,-17.25,-34.81,22.63,323.92,-82.67,-174.1
52.388206,-1.540013,144.18,18.64,3,119.81,19 / 20,2531910,2019-09-06 20:02:17:653,-1.0371,0.1249,10.1235,0.0083,0.0083,9.8065,-0.1288,-0.0406,0.0305,-16.12,-34.75,22.63,325.52,-82.79,-174.33
52.388206,-1.540013,144.18,18.64,3,119.81,19 / 20,2532010,2019-09-06 20:02:17:753,-0.4538,-0.0313,9.6661,0.0159,-0.0056,9.8066,0.0757,0.0199,-0.0105,-16.56,-34.75,22.25,321.81,-82.84,-174.69
52.388206,-1.540013,144.18,18.64,3,119.81,19 / 20,2532109,2019-09-06 20:02:17:852,0.1801,0.3863,9.9303,0.0043,-0.0071,9.8066,0.075,-0.0453,0.0257,-16.25,-34.87,22.63,324.81,-82.83,-174.98
52.388206,-1.540013,144.18,18.64,3,119.81,19 / 20,2532210,2019-09-06 20:02:17:953,-0.8679,0.0347,10.3244,0.0029,-0.0067,9.8066,0.0175,0.0267,-0.0097,-16.56,-34.81,22.56,323.61,-82.81,-174.48
52.388206,-1.540013,144.18,18.64,3,119.81,19 / 20,2532310,2019-09-06 20:02:18:053,0.3759,-0.0374,10.2973,-0.0093,0.0003,9.8065,0.1176,-0.0137,0.0418,-17.19,-35.06,22.75,323.34,-82.78,-174.69
52.388206,-1.540013,144.18,18.64,3,119.81,19 / 21,2532409,2019-09-06 20:02:18:152,0.2828,-0.7564,10.0944,-0.004,-0.0141,9.8065,-0.0831,-0.0248,0.0034,-17.19,-35.56,23,324.22,-82.66,-173.68
52.388206,-1.540013,144.18,18.64,3,119.81,19 / 21,2532510,2019-09-06 20:02:18:253,0.8124,-0.6188,9.9954,-0.003,-0.0051,9.8066,0.114,0.0675,0.004,-16.44,-34.75,23.38,326.67,-82.69,-173.27
52.388206,-1.540013,144.18,18.64,3,119.81,19 / 21,2532609,2019-09-06 20:02:18:352,-0.1259,-1.6227,9.0063,-0.0032,0.0047,9.8066,-0.0304,-0.0579,-0.0098,-16.44,-34.5,23.13,326.88,-82.73,-173.26
52.388206,-1.540013,144.18,18.64,3,119.81,19 / 21,2532710,2019-09-06 20:02:18:453,-0.6738,1.3377,9.0638,-0.0192,0.026,9.8065,-0.1216,-0.0039,-0.0263,-16.19,-34.69,22.69,327.79,-82.67,-172.29
52.388206,-1.540013,144.18,18.64,3,119.81,19 / 21,2532809,2019-09-06 20:02:18:552,-0.3304,0.1309,9.7373,0.0196,-0.0099,9.8066,0.2207,-0.0299,-0.0131,-16,-35.94,23.25,326.85,-82.8,-173.05
52.388206,-1.540013,144.18,18.64,3,119.81,19 / 21,2532910,2019-09-06 20:02:18:653,-0.3335,-0.9165,10.6161,-0.0087,0.0132,9.8066,0.2069,0.0184,-0.0335,-16.69,-34.56,23.88,326.43,-82.71,-173.25
52.388206,-1.540013,144.18,18.64,3,119.81,19 / 21,2533010,2019-09-06 20:02:18:753,0.4003,0.1165,10.0037,-0.0146,0.0215,9.8065,-0.1207,0.0069,0.044,-17.31,-32.69,22.31,322.84,-82.62,-173.94
52.388206,-1.540013,144.18,18.64,3,119.81,19 / 21,2533110,2019-09-06 20:02:18:853,-0.1086,-0.9584,9.9838,0.0119,0.0111,9.8065,-0.0268,-0.0427,0.0318,-18.25,-33.5,21.56,320.37,-82.51,-174.55
52.388206,-1.540013,144.18,18.64,3,119.81,19 / 21,2533209,2019-09-06 20:02:18:952,0.3419,0.4618,10.0694,0.0231,-0.0137,9.8065,-0.0341,-0.0503,-0.0072,-19.56,-32.25,22.63,318.32,-82.47,-175.15
52.388206,-1.540013,144.18,18.64,3,119.81,19 / 21,2533310,2019-09-06 20:02:19:053,0.7921,-0.739,9.6546,-0.0079,0.018,9.8066,0.0819,0.0085,-0.0224,-18.5,-32.75,23.25,320.06,-82.48,-176.18
52.388206,-1.540013,144.18,18.64,3,119.81,19 / 20,2533410,2019-09-06 20:02:19:153,1.1478,-0.6489,9.6415,0,0.0067,9.8066,-0.1356,0.021,-0.0235,-15.44,-33.37,24.44,326.22,-82.46,-176.66
52.388206,-1.540013,144.18,18.64,3,119.81,19 / 20,2533509,2019-09-06 20:02:19:252,-0.5472,0.0384,10.3907,0.0132,-0.0196,9.8066,0.033,0.0336,0.0305,-13.75,-33.87,23.75,327.99,-82.35,-176.56
52.388206,-1.540013,144.18,18.64,3,119.81,19 / 20,2533610,2019-09-06 20:02:19:353,0.1245,1.0254,9.5349,0.0186,-0.0233,9.8066,0.0891,-0.0092,-0.0022,-14,-34.37,23.75,327.79,-82.29,-176.69
52.388206,-1.540013,144.18,18.64,3,119.81,19 / 20,2533710,2019-09-06 20:02:19:453,-0.0886,0.0702,10.2412,-0.0255,0.0361,9.8065,0.0533,0.0241,-0.0824,-13.12,-33.87,23.56,331.17,-82.52,-175.69
52.388206,-1.540013,144.18,18.64,3,119.81,19 / 20,2533810,2019-09-06 20:02:19:553,0.6841,-0.7729,9.9469,-0.0193,0.0566,9.8064,-0.1979,0.0117,0.1005,-13.37,-33.69,22.81,328.41,-82.64,-176.94
52.388206,-1.540013,144.18,18.64,3,119.81,19 / 20,2533909,2019-09-06 20:02:19:652,-0.6913,0.143,10.7637,0.0065,-0.0288,9.8065,-0.1023,-0.019,-0.0211,-14.12,-34.87,22.63,324.94,-82.54,-177.92
52.388206,-1.540013,144.18,18.64,3,119.81,19 / 20,2534009,2019-09-06 20:02:19:752,-0.3538,-0.016,10.6789,0.0136,-0.0153,9.8066,0.0203,0.0021,-0.0019,-15.12,-33.5,23.38,323.78,-82.25,-177.34
52.388206,-1.540013,144.18,18.64,3,119.81,19 / 20,2534110,2019-09-06 20:02:19:853,-0.3094,-1.2613,10.9474,0.02,-0.0341,9.8065,0.021,0.0463,0.0374,-15.19,-33.94,23.56,325.05,-82.1,-177.25
52.388206,-1.540013,144.18,18.64,3,119.81,19 / 20,2534210,2019-09-06 20:02:19:953,-0.6389,-1.4044,10.4688,-0.0022,-0.0071,9.8066,0.0059,-0.0325,-0.0293,-14.56,-33.44,23.5,325.68,-82.27,-176.98
52.388206,-1.540013,144.18,18.64,3,119.81,19 / 20,2534310,2019-09-06 20:02:20:053,-0.2618,0.0286,8.8049,-0.003,0.0234,9.8065,0.0472,-0.0272,0.0194,-14.25,-34.12,22.94,325.25,-82.26,-177.6
52.388206,-1.540013,144.18,18.64,3,119.81,18 / 20,2534410,2019-09-06 20:02:20:153,0.5461,0.3875,9.4247,-0.0105,-0.0024,9.8066,0.0744,-0.0887,-0.0081,-13.56,-33.94,23.38,324.81,-82.25,-177.97
52.388206,-1.540013,144.18,18.64,3,119.81,18 / 20,2534509,2019-09-06 20:02:20:252,-0.1616,0.377,10.4489,-0.0117,0.0147,9.8066,0.0552,0.0153,-0.0031,-13.37,-33.37,22.63,328.37,-82.21,-176.81
52.388206,-1.540013,144.18,18.64,3,119.81,18 / 20,2534610,2019-09-06 20:02:20:353,0.0808,-0.1032,9.8486,-0.0237,0.0406,9.8065,-0.062,0.0152,0.0356,-13.75,-34.12,22.81,325.6,-82.27,-177.31
52.388206,-1.540013,144.18,18.64,3,119.81,18 / 20,2534709,2019-09-06 20:02:20:452,0.5136,-0.2531,9.9257,0.0115,-0.0074,9.8066,-0.055,-0.0063,-0.0782,-13.81,-34.31,22.63,326.34,-82.21,-176.63
52.388206,-1.540013,144.18,18.64,3,119.81,18 / 20,2534810,2019-09-06 20:02:20:553,-0.7995,0.9282,10.2063,0.0284,-0.0164,9.8065,0.1082,-0.0021,0.0535,-13.62,-34.56,22.44,323.87,-82.21,-177.23
52.388206,-1.540013,144.18,18.64,3,119.81,18 / 20,2534910,2019-09-06 20:02:20:653,0.1189,-0.8266,9.9013,-0.0086,0.0115,9.8066,0.0332,-0.0107,0.0818,-14.5,-34.31,23.06,324.88,-82.2,-177.86
52.388206,-1.540013,144.18,18.64,3,119.81,18 / 20,2535010,2019-09-06 20:02:20:753,-0.0988,0.7004,9.7265,-0.0074,-0.0138,9.8066,-0.0347,-0.0351,0.0067,-15.31,-34.12,22.31,322.51,-82.18,-176.85
52.388206,-1.540013,144.18,18.64,3,119.81,18 / 20,2535110,2019-09-06 20:02:20:853,0.7161,-0.6109,9.8036,-0.0103,0.0138,9.8065,-0.0489,0.0165,-0.001,-16.25,-34.5,22.81,322.89,-82.26,-176.35
52.388206,-1.540013,144.18,18.64,3,119.81,18 / 20,2535210,2019-09-06 20:02:20:953,-0.3543,1.128,9.6793,0.0067,0.0059,9.8066,0.0867,-0.0103,0.005,-16.5,-33.5,23.06,322.15,-82.17,-177.09
52.388206,-1.540013,144.18,18.64,3,119.81,18 / 20,2535310,2019-09-06 20:02:21:053,0.8175,-0.2592,9.864,-0.01,0.0017,9.8066,-0.0179,-0.0001,-0.108,-16.44,-33.44,22.25,320.99,-82.12,-176.68
52.387505,-1.53798,143.39,17.24,3,119.79,18 / 20,2535410,2019-09-06 20:02:21:153,-0.1972,-0.6516,9.8118,0.0091,-0.0007,9.8066,-0.1603,0.0711,0.0693,-16.75,-33.19,22.69,320.84,-82.12,-176.68
52.387505,-1.53798,143.39,17.24,3,119.79,18 / 20,2535510,2019-09-06 20:02:21:253,0.9128,0.0515,9.7813,0.0073,-0.0364,9.8065,-0.1156,-0.021,-0.08,-16.31,-33.31,23.94,324.11,-82.11,-176.64
52.387505,-1.53798,143.39,17.24,3,119.79,18 / 20,2535610,2019-09-06 20:02:21:353,0.7396,0.2785,10.042,0.0192,0.0006,9.8066,-0.0291,-0.0532,0.0737,-15.62,-35,24.31,324.26,-82.33,-176.37
52.387505,-1.53798,143.39,17.24,3,119.79,18 / 20,2535710,2019-09-06 20:02:21:453,-0.7585,-0.4863,10.1802,0.0193,-0.0307,9.8065,0.0305,-0.034,0.0015,-15.19,-35.5,24.31,324.86,-82.29,-177.39
52.387505,-1.53798,143.39,17.24,3,119.79,18 / 20,2535810,2019-09-06 20:02:21:553,0.2393,-0.4965,10.3447,0.016,-0.0202,9.8065,0.0294,-0.0304,-0.0091,-15.75,-36.06,24.31,322.99,-82.22,-177.21
52.387505,-1.53798,143.39,17.24,3,119.79,18 / 20,2535909,2019-09-06 20:02:21:652,0.7631,-0.8597,9.9268,-0.0125,0.0011,9.8066,0.0551,0.0302,0.0281,-16.06,-35.56,23.69,322.99,-82.13,-177.13
52.387505,-1.53798,143.39,17.24,3,119.79,18 / 20,2536009,2019-09-06 20:02:21:752,1.2182,-1.5956,10.3993,-0.0217,0.0114,9.8066,-0.1317,-0.0334,-0.0538,-15.87,-35.31,23.13,322.47,-82.21,-176.5
52.387505,-1.53798,143.39,17.24,3,119.79,18 / 20,2536110,2019-09-06 20:02:21:853,0.2706,-0.2623,9.1988,0.0038,0.01,9.8066,-0.0924,0.0193,-0.015,-15.81,-34.94,23.81,323.99,-82.26,-176.54
52.387505,-1.53798,143.39,17.24,3,119.79,18 / 20,2536210,2019-09-06 20:02:21:953,-0.9541,-0.3949,8.9506,0.0009,0.0153,9.8066,0.2882,-0.0059,-0.0382,-16.25,-34.5,24.19,322.94,-82.4,-177.72
52.387505,-1.53798,143.39,17.24,3,119.79,18 / 20,2536310,2019-09-06 20:02:22:053,-1.1907,1.0096,10.3038,-0.0128,0.0225,9.8066,0.2813,-0.0763,-0.0593,-14.94,-34.25,23.63,325.37,-82.44,-177.22
52.387505,-1.53798,143.39,17.24,3,119.79,19 / 21,2536409,2019-09-06 20:02:22:152,1.3106,-1.683,10.5743,-0.0072,0.0396,9.8065,-0.2484,0.0165,-0.0003,-15.12,-34.81,23.63,323.3,-82.27,-178.72
52.387505,-1.53798,143.39,17.24,3,119.79,19 / 21,2536510,2019-09-06 20:02:22:253,1.5048,-0.6906,9.2364,0.015,-0.02,9.8066,-0.2193,-0.0134,0.0288,-15.12,-35.31,22.19,319.13,-81.91,-179.32
52.387505,-1.53798,143.39,17.24,3,119.79,19 / 21,2536610,2019-09-06 20:02:22:353,-1.3911,1.1959,9.1678,-0.0064,-0.0032,9.8066,0.1218,0.0212,-0.0209,-15.31,-36.5,22.81,321.85,-82.16,-178.41
52.387505,-1.53798,143.39,17.24,3,119.79,19 / 21,2536710,2019-09-06 20:02:22:453,-0.458,-0.4358,9.5452,-0.023,0.037,9.8065,0.1353,-0.031,0.0767,-15.31,-36.06,23,322.45,-82.38,-178.09
52.387505,-1.53798,143.39,17.24,3,119.79,19 / 21,2536809,2019-09-06 20:02:22:552,0.0939,0.1641,9.8662,-0.0033,-0.0037,9.8066,0.0726,0.0135,-0.0731,-14.81,-36.94,23,322.54,-82.46,-177.92
52.387505,-1.53798,143.39,17.24,3,119.79,19 / 21,2536910,2019-09-06 20:02:22:653,-0.4591,-0.1116,9.4095,0.0039,0.0158,9.8066,0.0637,-0.0612,0.0188,-14.75,-36.56,22.81,321.75,-82.22,-178.38
52.387505,-1.53798,143.39,17.24,3,119.79,19 / 21,2537010,2019-09-06 20:02:22:753,0.2088,-0.4619,10.2123,-0.0065,0.0132,9.8066,-0.0455,0.0187,-0.0175,-15.06,-36.62,23.44,321.32,-82.16,-178.69
52.387505,-1.53798,143.39,17.24,3,119.79,19 / 21,2537110,2019-09-06 20:02:22:853,0.4588,0.4883,10.1322,-0.0046,0.0098,9.8065,0.0078,-0.0173,0.0086,-15.81,-36.62,23.06,319.63,-82.34,-178.72
52.387505,-1.53798,143.39,17.24,3,119.79,19 / 21,2537210,2019-09-06 20:02:22:953,0.0572,-0.5623,9.1915,-0.0111,-0.0003,9.8066,-0.0476,0.0209,0.0465,-15.94,-35.75,22.88,320.68,-82.37,-178.02
52.387505,-1.53798,143.39,17.24,3,119.79,19 / 21,2537309,2019-09-06 20:02:23:052,0.3635,0.3738,8.7031,0.0203,-0.015,9.8065,-0.0706,0.063,0.016,-17.31,-36.25,24.06,320.25,-82.49,-178.3
52.387505,-1.53798,143.39,17.24,3,119.79,20 / 21,2537409,2019-09-06 20:02:23:152,-0.2466,-0.1502,9.8646,0.0278,-0.0305,9.8065,0.0633,0.0072,-0.0698,-18.62,-34,25.06,318.21,-82.35,-178.76
52.387505,-1.53798,143.39,17.24,3,119.79,20 / 21,2537510,2019-09-06 20:02:23:253,1.0547,-0.373,9.5537,0.0089,-0.0033,9.8066,0.0599,0.0142,-0.0257,-18.94,-32.19,23.56,316.48,-82.19,-179.25
52.387505,-1.53798,143.39,17.24,3,119.79,20 / 21,2537609,2019-09-06 20:02:23:352,1.2327,1.1434,8.9008,0.0448,-0.0349,9.8064,0.1106,-0.0707,0.0588,-17.44,-31.94,23.5,318.69,-81.87,-179.86
52.387505,-1.53798,143.39,17.24,3,119.79,20 / 21,2537710,2019-09-06 20:02:23:453,-0.3598,-0.0593,9.6214,-0.0776,0.0596,9.8061,0.2295,-0.0279,-0.017,-16,-33.87,22.69,320.1,-82.29,-178.8
52.387505,-1.53798,143.39,17.24,3,119.79,20 / 21,2537810,2019-09-06 20:02:23:553,0.8627,0.0995,10.1804,-0.0493,0.0471,9.8063,-0.0935,-0.0349,0.0082,-14.87,-35.25,23,322.39,-82.31,-178.25
52.387505,-1.53798,143.39,17.24,3,119.79,20 / 21,2537910,2019-09-06 20:02:23:653,-0.462,-0.1109,9.948,0.0413,-0.0431,9.8065,-0.1461,-0.0092,-0.0161,-14.87,-36.06,22.5,322.74,-82.41,-177.87
52.387505,-1.53798,143.39,17.24,3,119.79,20 / 21,2538010,2019-09-06 20:02:23:753,-0.8861,-0.0444,9.8783,0.0356,0.0268,9.8065,0.0444,-0.0006,-0.0141,-14.62,-36.94,23.06,321.13,-82.12,-178.81
52.387505,-1.53798,143.39,17.24,3,119.79,20 / 21,2538110,2019-09-06 20:02:23:853,0.7638,-0.6797,9.1394,-0.0066,0.0067,9.8066,-0.0105,-0.024,-0.0354,-14.81,-35.81,23.06,321.53,-82.21,-178.74
52.387505,-1.53798,143.39,17.24,3,119.79,20 / 21,2538210,2019-09-06 20:02:23:953,-1.6978,0.9495,9.6344,-0.0205,0.02,9.8066,-0.1432,0.0182,-0.0049,-15.87,-36.44,23,319.7,-82.37,-178.87
52.387505,-1.53798,143.39,17.24,3,119.79,20 / 21,2538309,2019-09-06 20:02:24:052,-0.6731,0.3456,10.6494,0.0003,0.0043,9.8066,0.0635,-0.0238,0.007,-17.81,-36.31,25.13,320.04,-82.48,-178.31
52.387505,-1.53798,143.39,17.24,3,119.79,19 / 20,2538410,2019-09-06 20:02:24:153,-0.4419,0.0031,10.462,0.0027,0.0059,9.8066,-0.0894,0.0344,-0.083,-18.75,-34.19,24.38,316.81,-82.45,-178.82
52.387505,-1.53798,143.39,17.24,3,119.79,19 / 20,2538509,2019-09-06 20:02:24:252,0.1951,-0.3051,10.3778,0.0236,-0.0158,9.8066,-0.0298,0.0447,-0.0157,-19,-33.25,24.63,317.58,-82.33,-179.48
52.387505,-1.53798,143.39,17.24,3,119.79,19 / 20,2538610,2019-09-06 20:02:24:353,-1.3231,1.0899,10.5428,0.0354,-0.0149,9.8065,0.0922,-0.037,0.0126,-19.94,-33.87,23.94,312.46,-81.96,179.03
52.387505,-1.53798,143.39,17.24,3,119.79,19 / 20,2538709,2019-09-06 20:02:24:452,0.2743,-0.6968,9.0508,-0.0067,0.014,9.8066,0.0222,-0.0052,-0.0995,-18.37,-33.19,24.25,314.47,-82.04,177.89
52.387505,-1.53798,143.39,17.24,3,119.79,19 / 20,2538810,2019-09-06 20:02:24:553,0.3542,0.6676,9.99,0.0089,0.0113,9.8066,0.0619,-0.0455,0.0646,-18.87,-33.25,24.13,311.32,-82.05,176.43
52.387505,-1.53798,143.39,17.24,3,119.79,19 / 20,2538910,2019-09-06 20:02:24:653,0.5151,0.4092,9.856,0.0148,0.0103,9.8066,0.1079,0.0249,-0.0489,-18.56,-33.12,24.13,309.48,-82.11,174.71
52.387505,-1.53798,143.39,17.24,3,119.79,19 / 20,2539010,2019-09-06 20:02:24:753,0.5239,0.1953,8.7262,0.0079,0.0178,9.8066,-0.2072,-0.0171,-0.0164,-19.25,-32.94,23.69,308.03,-82.16,173.34
52.387505,-1.53798,143.39,17.24,3,119.79,19 / 20,2539109,2019-09-06 20:02:24:852,-0.4394,0.9343,7.9346,-0.0483,0.0409,9.8063,-0.0815,-0.0003,0.0808,-18.62,-33.37,24,308.21,-82.23,173.45
52.387505,-1.53798,143.39,17.24,3,119.79,19 / 20,2539210,2019-09-06 20:02:24:953,-1.6501,0.7219,8.8612,-0.0475,0.0244,9.8064,0.0108,-0.0775,0.0752,-18.75,-32.19,24,310.33,-82.95,174.55
52.387505,-1.53798,143.39,17.24,3,119.79,19 / 20,2539310,2019-09-06 20:02:25:053,0.9022,0.6007,10.2916,-0.0548,0.0244,9.8064,0.2752,0.0081,-0.0304,-19.06,-31.62,22.94,314.52,-83.45,179.29
52.387505,-1.53798,143.39,17.24,3,119.79,20 / 21,2539410,2019-09-06 20:02:25:153,-1.3269,1.749,10.5076,-0.0215,0.0048,9.8066,-0.0817,0.0054,0.0412,-18.06,-32.06,22.25,315.33,-83.21,-179.79
52.387505,-1.53798,143.39,17.24,3,119.79,20 / 21,2539509,2019-09-06 20:02:25:252,0.1106,0.0632,10.5334,0.048,-0.0414,9.8064,-0.0564,-0.0131,0.0535,-18.62,-33.31,22.69,316.76,-82.89,-178.06
52.387505,-1.53798,143.39,17.24,3,119.79,20 / 21,2539609,2019-09-06 20:02:25:352,-1.5698,0.7082,9.5913,0.022,-0.0466,9.8065,-0.0394,0.0644,0.0168,-18.31,-31.19,22,317.24,-82.24,-177.44
52.387505,-1.53798,143.39,17.24,3,119.79,20 / 21,2539710,2019-09-06 20:02:25:453,-1.0344,1.7004,10.178,0.0034,-0.0159,9.8066,-0.1572,0.0223,-0.1135,-19.44,-29.87,21.88,316.33,-82.26,-177.06
52.387505,-1.53798,143.39,17.24,3,119.79,20 / 21,2539809,2019-09-06 20:02:25:552,-0.998,1.0842,10.1056,0.0274,-0.0056,9.8065,0.1816,0.0047,-0.0437,-18.06,-31.06,23.19,317.82,-82.19,-178.29
52.387505,-1.53798,143.39,17.24,3,119.79,20 / 21,2539910,2019-09-06 20:02:25:653,0.3289,-0.5362,9.9709,-0.0097,0.0259,9.8066,0.1275,-0.0148,0.0523,-15.56,-33.44,23.25,318.8,-82.37,179.82
52.387505,-1.53798,143.39,17.24,3,119.79,20 / 21,2540010,2019-09-06 20:02:25:753,-1.7848,-0.3103,9.8314,-0.0385,0.0222,9.8064,-0.182,0.0587,-0.0367,-15.44,-34.37,22.31,320.05,-82.5,-179.25
52.387505,-1.53798,143.39,17.24,3,119.79,20 / 21,2540110,2019-09-06 20:02:25:853,0.0162,0.8412,10.1394,0.0146,-0.0211,9.8065,-0.0128,-0.0414,0.0437,-14.56,-35.81,23.13,321.67,-82.56,-178.93
52.387505,-1.53798,143.39,17.24,3,119.79,20 / 21,2540209,2019-09-06 20:02:25:952,-0.2016,1.4783,8.8809,0.0187,-0.0162,9.8065,0.0486,-0.088,0.0803,-15.56,-35.19,22.94,320.01,-82.36,-178.77
52.387505,-1.53798,143.39,17.24,3,119.79,20 / 21,2540311,2019-09-06 20:02:26:054,-1.0467,1.854,10.1211,-0.0129,-0.0015,9.8065,-0.1044,0.0325,-0.0298,-16.69,-35.12,23.06,319.64,-82.42,-177.62
52.387505,-1.53798,143.39,17.24,3,119.79,18 / 20,2540409,2019-09-06 20:02:26:152,-1.6292,1.8065,9.5472,-0.0022,-0.0042,9.8066,0.1356,0.0064,-0.0226,-16.44,-35.25,23.69,323.07,-82.34,-177.4
52.387505,-1.53798,143.39,17.24,3,119.79,18 / 20,2540510,2019-09-06 20:02:26:253,-0.8184,0.794,9.1511,-0.0112,-0.0106,9.8066,0.0803,-0.0059,0.0029,-17.06,-33.75,24.38,322.74,-82.21,-176.23
52.387505,-1.53798,143.39,17.24,3,119.79,18 / 20,2540609,2019-09-06 20:02:26:352,-1.1259,0.1841,10.3983,-0.0204,0.0069,9.8066,-0.0682,0.0258,-0.0302,-17.25,-33.87,22.69,322.35,-82.33,-175.35
52.387505,-1.53798,143.39,17.24,3,119.79,18 / 20,2540710,2019-09-06 20:02:26:453,-2.2122,1.235,9.4986,0.0097,0.0019,9.8066,-0.0738,-0.004,-0.0286,-17.5,-34.94,22.31,321,-82.56,-175.16
52.387505,-1.53798,143.39,17.24,3,119.79,18 / 20,2540810,2019-09-06 20:02:26:553,-2.657,2.0796,9.6601,0.0207,-0.0039,9.8065,0.0225,-0.0491,0.0071,-17.19,-35.25,22.81,320.94,-82.61,-176.64
52.387505,-1.53798,143.39,17.24,3,119.79,18 / 20,2540910,2019-09-06 20:02:26:653,0.3326,1.5315,9.9971,0.0047,-0.0041,9.8066,0.0495,0.0395,-0.022,-17.5,-35.56,22.94,319.77,-82.47,-177.38
52.387505,-1.53798,143.39,17.24,3,119.79,18 / 20,2541010,2019-09-06 20:02:26:753,-1.8728,0.9726,8.9048,-0.0122,-0.0052,9.8066,0.0071,-0.0005,-0.0254,-17.75,-35.06,23.25,318.91,-82.31,-176.71
52.387505,-1.53798,143.39,17.24,3,119.79,18 / 20,2541109,2019-09-06 20:02:26:852,-2.2919,1.05,9.3093,-0.0104,0.0067,9.8066,0.0069,-0.0888,0.0208,-18,-34.69,23.25,320.51,-82.4,-175.39
52.387505,-1.53798,143.39,17.24,3,119.79,18 / 20,2541210,2019-09-06 20:02:26:953,-0.7553,0.8377,9.9946,-0.0108,0.0067,9.8066,-0.0707,-0.0343,-0.0241,-17.81,-34.44,23.06,321.5,-82.58,-174.83
52.387505,-1.53798,143.39,17.24,3,119.79,18 / 20,2541310,2019-09-06 20:02:27:053,-1.0074,0.5582,9.509,0.0072,-0.0043,9.8066,-0.0685,-0.0497,0.0325,-18.25,-34.87,22,319.64,-82.59,-174.91
52.387505,-1.53798,143.39,17.24,3,119.79,17 / 19,2541409,2019-09-06 20:02:27:152,-0.5474,1.1675,9.4734,0.0216,-0.0214,9.8066,0.1473,0.0174,0.0571,-17.62,-34.62,22.94,321.24,-82.48,-174.82
52.387505,-1.53798,143.39,17.24,3,119.79,17 / 19,2541510,2019-09-06 20:02:27:253,-1.3998,1.0667,10.0868,-0.0154,0.0075,9.8065,0.1272,0.0218,-0.0066,-18.44,-34.75,22.13,319.65,-82.56,-174.87
52.387505,-1.53798,143.39,17.24,3,119.79,17 / 19,2541609,2019-09-06 20:02:27:352,-0.7774,0.914,10.3501,-0.0176,0.0198,9.8066,-0.096,-0.0029,0.0233,-18.69,-34.87,22.81,319.45,-82.55,-175.06
52.387505,-1.53798,143.39,17.24,3,119.79,17 / 19,2541709,2019-09-06 20:02:27:452,-0.7827,0.2724,9.6793,0.0166,-0.0208,9.8065,-0.0324,-0.0125,-0.0091,-19.12,-34.25,22.56,320.12,-82.62,-174.68
52.387505,-1.53798,143.39,17.24,3,119.79,17 / 19,2541810,2019-09-06 20:02:27:553,-0.7552,1.3762,9.8696,0.0153,-0.0121,9.8066,0.0059,-0.0094,0.025,-19.31,-35.56,22.38,318.5,-82.51,-174.28
52.387505,-1.53798,143.39,17.24,3,119.79,17 / 19,2541910,2019-09-06 20:02:27:653,-1.3756,0.0728,9.9263,0.006,-0.0029,9.8066,-0.0516,0.0048,0.0655,-19.69,-35.62,22.25,317.52,-82.49,-173.8
52.387505,-1.53798,143.39,17.24,3,119.79,17 / 19,2542010,2019-09-06 20:02:27:753,-0.4333,1.0045,10.4154,0.0176,-0.0317,9.8065,0.2655,-0.0271,-0.026,-19.75,-35.5,23.5,320.86,-82.32,-173.63
52.387505,-1.53798,143.39,17.24,3,119.79,17 / 19,2542110,2019-09-06 20:02:27:853,-0.9766,-0.0715,9.7314,-0.0236,0.0195,9.8065,0.114,-0.0395,-0.0084,-20.19,-34.62,23.63,321.9,-82.48,-172.85
52.387505,-1.53798,143.39,17.24,3,119.79,17 / 19,2542209,2019-09-06 20:02:27:952,-0.6846,0.9898,9.9047,-0.0233,0.0198,9.8065,0.0058,0.0588,0.0061,-20.69,-34.75,22.5,319.17,-82.56,-172.72
52.387505,-1.53798,143.39,17.24,3,119.79,17 / 19,2542309,2019-09-06 20:02:28:052,-0.8976,0.7335,10.613,-0.0053,-0.0047,9.8066,0.0225,0.0093,-0.0218,-20.75,-36.12,22.5,319.5,-82.76,-172.43
52.387505,-1.53798,143.39,17.24,3,119.79,17 / 19,2542409,2019-09-06 20:02:28:152,-1.8075,2.0113,9.5706,-0.0057,-0.0107,9.8066,-0.0012,-0.0294,-0.015,-21.12,-35.69,22.94,320.08,-82.86,-171.99
52.387505,-1.53798,143.39,17.24,3,119.79,17 / 19,2542509,2019-09-06 20:02:28:252,-0.3262,-0.4594,10.3155,-0.0062,0.0051,9.8066,0.0477,-0.0142,0.0208,-21.81,-35.75,22.38,318.29,-82.8,-170.93
52.387505,-1.53798,143.39,17.24,3,119.79,17 / 19,2542610,2019-09-06 20:02:28:353,-0.6097,0.4987,9.4482,-0.0138,0.0138,9.8066,-0.0557,-0.0177,0.0133,-22.44,-35.81,21.88,318.13,-82.82,-171.1
52.387505,-1.53798,143.39,17.24,3,119.79,17 / 19,2542709,2019-09-06 20:02:28:452,-0.3248,0.3115,10.4199,-0.0067,-0.0092,9.8066,0.0325,0.0171,-0.0474,-22.94,-36.06,21.75,317.18,-82.71,-170.7
52.387505,-1.53798,143.39,17.24,3,119.79,17 / 19,2542809,2019-09-06 20:02:28:552,0.352,0.6026,9.7798,-0.0068,0.0239,9.8066,-0.1178,-0.0789,0.0842,-23.31,-36,22,316.33,-82.75,-171.49
52.387505,-1.53798,143.39,17.24,3,119.79,17 / 19,2542909,2019-09-06 20:02:28:652,-1.0011,0.6064,8.7257,0.0063,-0.0039,9.8066,-0.1233,0.0673,-0.0817,-24.5,-36.75,22.38,314.11,-82.7,-172.2
52.387505,-1.53798,143.39,17.24,3,119.79,17 / 19,2543010,2019-09-06 20:02:28:753,-0.5192,-0.2118,9.6705,-0.0073,-0.0033,9.8066,0.0812,-0.0543,0.0716,-24.12,-36.56,24.56,318.49,-82.69,-172.26
52.387505,-1.53798,143.39,17.24,3,119.79,17 / 19,2543110,2019-09-06 20:02:28:853,-1.3907,1.2239,9.4755,-0.0249,0.0121,9.8066,0.0065,-0.0532,-0.0023,-22.56,-37.44,24.94,321.16,-82.9,-171.15
52.387505,-1.53798,143.39,17.24,3,119.79,17 / 19,2543210,2019-09-06 20:02:28:953,-1.613,1.5353,9.3492,0.0007,-0.005,9.8066,0.107,-0.0294,0.0087,-22.31,-36.87,25.38,323.22,-82.86,-170.47
52.387505,-1.53798,143.39,17.24,3,119.79,17 / 19,2543310,2019-09-06 20:02:29:053,-1.452,2.2616,9.584,-0.0266,0.013,9.8065,0.1263,-0.0334,0.0167,-21.69,-35.94,24.63,323.38,-82.82,-170.42
52.387505,-1.53798,143.39,17.24,3,119.79,17 / 19,2543409,2019-09-06 20:02:29:152,-1.5022,0.1669,9.5333,-0.0224,0.0106,9.8065,-0.1669,-0.0187,-0.0136,-21.19,-36.31,23.63,325.37,-82.93,-168.7
52.387505,-1.53798,143.39,17.24,3,119.79,17 / 19,2543510,2019-09-06 20:02:29:253,-1.233,1.5809,9.2144,0.005,-0.0004,9.8066,-0.1854,0.04,-0.0447,-21.5,-36.69,23.31,324.02,-82.96,-168.45
52.387505,-1.53798,143.39,17.24,3,119.79,17 / 19,2543610,2019-09-06 20:02:29:353,-1.9415,1.719,10.1556,-0.008,0.0048,9.8066,0.0582,-0.0787,0.0384,-21.19,-37.31,23.44,323.45,-83.02,-169.01
52.387505,-1.53798,143.39,17.24,3,119.79,17 / 19,2543709,2019-09-06 20:02:29:452,-0.8463,1.0977,10.4178,0.0046,-0.0018,9.8066,0.0761,0.0138,-0.0523,-20.56,-37.12,24.19,325.18,-83,-168.79
52.387505,-1.53798,143.39,17.24,3,119.79,17 / 19,2543809,2019-09-06 20:02:29:552,0.0055,-0.0119,9.6117,0.0005,0.0083,9.8066,-0.14,0.0226,0.0113,-21,-36.5,24.75,325.63,-82.9,-169.71
52.387505,-1.53798,143.39,17.24,3,119.79,17 / 19,2543910,2019-09-06 20:02:29:653,-0.6155,0.442,9.4034,0.0094,-0.0128,9.8066,-0.1139,-0.0185,0.0582,-21.06,-35.62,24.81,326.14,-82.81,-169.2
52.387505,-1.53798,143.39,17.24,3,119.79,17 / 19,2544010,2019-09-06 20:02:29:753,0.2646,0.4886,8.8595,0.008,-0.0138,9.8066,0.2214,0.0228,0.0245,-21.81,-35.31,23.69,324.35,-82.78,-168.39
52.387505,-1.53798,143.39,17.24,3,119.79,17 / 19,2544109,2019-09-06 20:02:29:852,-0.4506,-0.105,10.4311,-0.0376,0.0183,9.8065,0.1318,-0.0165,-0.0212,-22.44,-35.5,23.44,325.12,-83.16,-166.65
52.387505,-1.53798,143.39,17.24,3,119.79,17 / 19,2544210,2019-09-06 20:02:29:953,0.7991,-0.237,9.8103,-0.0367,0.0354,9.8065,-0.2331,-0.0269,0.0208,-21.69,-35.75,23.44,325.21,-83.24,-166.51
52.387505,-1.53798,143.39,17.24,3,119.79,17 / 19,2544310,2019-09-06 20:02:30:053,-1.0272,-0.0663,9.749,0.0594,-0.0467,9.8063,-0.2243,-0.0103,0.0018,-21.56,-36.25,22.44,324.18,-83.18,-166
52.386894,-1.536182,144.39,10.81,3,118.88,19 / 20,2544409,2019-09-06 20:02:30:152,-1.1286,1.1977,9.7647,0.0346,-0.0299,9.8065,0.2705,-0.0411,-0.0209,-21.5,-36.31,23,325.78,-82.89,-166.99
52.386894,-1.536182,144.39,10.81,3,118.88,19 / 20,2544510,2019-09-06 20:02:30:253,-2.9334,1.7265,9.5884,-0.0564,0.0558,9.8063,0.1071,-0.0393,-0.0361,-21.5,-36.94,23.19,326.2,-83.11,-166.65
52.386894,-1.536182,144.39,10.81,3,118.88,19 / 20,2544609,2019-09-06 20:02:30:352,-1.0946,1.1521,10.1992,-0.0478,0.0514,9.8064,-0.0182,-0.0093,0.0114,-20.87,-36.69,22.5,325.39,-83.16,-167.4
52.386894,-1.536182,144.39,10.81,3,118.88,19 / 20,2544710,2019-09-06 20:02:30:453,-0.163,0.0202,9.6229,0.0517,-0.0496,9.8063,-0.0141,-0.0308,0.0092,-20.37,-37.56,23.81,325.56,-82.84,-169.5
52.386894,-1.536182,144.39,10.81,3,118.88,19 / 20,2544809,2019-09-06 20:02:30:552,-1.6774,0.0013,9.852,0.0245,-0.0267,9.8066,-0.1579,0.0526,-0.0636,-20.31,-37.06,24.25,326.3,-82.99,-169.09
52.386894,-1.536182,144.39,10.81,3,118.88,19 / 20,2544909,2019-09-06 20:02:30:652,-0.3156,0.4782,10.1135,0.0076,0.0102,9.8066,-0.1123,-0.0183,0.0708,-20.12,-36.06,24.81,327.36,-83.21,-169.68
52.386894,-1.536182,144.39,10.81,3,118.88,19 / 20,2545010,2019-09-06 20:02:30:753,-0.818,1.6492,9.2977,0.0327,-0.0202,9.8065,0.1436,0.0012,-0.0236,-20.12,-35,24.19,324.59,-83.15,-170.96
52.386894,-1.536182,144.39,10.81,3,118.88,19 / 20,2545110,2019-09-06 20:02:30:853,-1.3543,1.1248,9.5196,-0.0383,0.0232,9.8065,0.1149,0.0095,0.0016,-20.06,-34.81,24.06,324.53,-83.36,-171.16
52.386894,-1.536182,144.39,10.81,3,118.88,19 / 20,2545210,2019-09-06 20:02:30:953,-1.2066,1.1577,9.7328,-0.0255,0.0146,9.8066,0.0925,-0.0396,0.0162,-20.69,-35.25,23.81,323.19,-83.17,-170.93
52.386894,-1.536182,144.39,10.81,3,118.88,19 / 20,2545310,2019-09-06 20:02:31:053,0.0689,-0.0885,10.8038,-0.0016,-0.0046,9.8066,0.1594,-0.0236,0.023,-19.12,-36.06,24.38,325.83,-83.16,-171.09
52.386894,-1.536182,144.39,10.81,3,118.88,18 / 20,2545410,2019-09-06 20:02:31:153,-0.5239,0.048,10.0153,-0.0186,0.0128,9.8066,-0.0828,-0.04,-0.0221,-19.44,-37.44,24.88,328.23,-83.22,-170.15
52.386894,-1.536182,144.39,10.81,3,118.88,18 / 20,2545509,2019-09-06 20:02:31:252,-0.8414,0.2502,10.1529,0.0153,-0.006,9.8066,-0.0233,-0.0317,0.0133,-17.56,-37.69,25.88,331.25,-83.27,-169.99
52.386894,-1.536182,144.39,10.81,3,118.88,18 / 20,2545610,2019-09-06 20:02:31:353,0.4972,0.19,9.8067,-0.005,0.0201,9.8065,-0.0735,0.0098,-0.0238,-17.06,-39.06,25.13,330.3,-83.37,-171.08
52.386894,-1.536182,144.39,10.81,3,118.88,18 / 20,2545710,2019-09-06 20:02:31:453,-1.6742,0.2762,10.3283,0.0014,-0.0078,9.8066,-0.0019,-0.0654,-0.0059,-16.31,-40.19,22.69,329.64,-83.35,-170.57
52.386894,-1.536182,144.39,10.81,3,118.88,18 / 20,2545810,2019-09-06 20:02:31:553,-0.7208,0.0495,9.7823,-0.008,0.0203,9.8065,-0.0622,0.05,0.0275,-16.81,-40.94,20.88,323.99,-83.5,-171.03
52.386894,-1.536182,144.39,10.81,3,118.88,18 / 20,2545910,2019-09-06 20:02:31:653,-1.0648,0.2606,10.2072,0.0182,-0.0229,9.8066,-0.0208,-0.0188,0.0449,-16.94,-40.37,20.81,324.6,-83.61,-170.75
52.386894,-1.536182,144.39,10.81,3,118.88,18 / 20,2546010,2019-09-06 20:02:31:753,-0.3386,0.5816,9.5465,0.0088,-0.007,9.8066,-0.0253,-0.0132,-0.0287,-18.87,-39.19,21.25,321.81,-83.5,-170.33
52.386894,-1.536182,144.39,10.81,3,118.88,18 / 20,2546110,2019-09-06 20:02:31:853,-0.5465,0.1439,9.6287,0.0022,-0.0066,9.8066,-0.0605,-0.0179,0.018,-19.12,-38.94,21.81,323.3,-83.58,-170.55
52.386894,-1.536182,144.39,10.81,3,118.88,18 / 20,2546210,2019-09-06 20:02:31:953,-0.56,0.1992,9.5842,0.0044,-0.0007,9.8066,0.035,0.0139,-0.0219,-20.06,-38.12,21.63,322.1,-83.64,-170.45
52.386894,-1.536182,144.39,10.81,3,118.88,18 / 20,2546310,2019-09-06 20:02:32:053,-0.7488,0.0846,9.8869,-0.0081,0.0134,9.8066,0.0096,-0.0327,0.0458,-19.44,-37.25,21.81,323.79,-83.72,-170.5
52.386894,-1.536182,144.39,10.81,3,118.88,19 / 20,2546410,2019-09-06 20:02:32:153,-0.4853,0.7984,9.8746,0.0034,0.0015,9.8066,0.0622,-0.0528,0.0248,-20.5,-37.44,22,323.13,-83.81,-169.81
52.386894,-1.536182,144.39,10.81,3,118.88,19 / 20,2546510,2019-09-06 20:02:32:253,-0.9016,0.233,10.3373,-0.0085,-0.006,9.8066,0.04,-0.0372,0.0405,-19.81,-37.19,22.5,324.86,-83.84,-169.67
52.386894,-1.536182,144.39,10.81,3,118.88,19 / 20,2546609,2019-09-06 20:02:32:352,-0.6995,1.1199,10.2544,-0.0011,0.0062,9.8066,0.0136,-0.0131,-0.0431,-19.87,-37.81,22.75,324.8,-83.8,-169.58
52.386894,-1.536182,144.39,10.81,3,118.88,19 / 20,2546709,2019-09-06 20:02:32:452,-0.5133,-0.2316,9.6867,0.0114,-0.0198,9.8066,-0.0073,0.0306,0.0038,-19.62,-37,24.63,327.86,-83.71,-169.46
52.386894,-1.536182,144.39,10.81,3,118.88,19 / 20,2546810,2019-09-06 20:02:32:553,-0.5107,-0.4552,9.6389,-0.0224,0.0167,9.8065,-0.0132,-0.038,0.0538,-19.87,-36.44,24.75,328.97,-83.73,-168.58
52.386894,-1.536182,144.39,10.81,3,118.88,19 / 20,2546909,2019-09-06 20:02:32:652,-0.6285,-0.5367,10.4483,0.0014,0.0037,9.8066,-0.1993,0.0152,-0.0463,-20.37,-35.31,24.69,329.5,-83.92,-168.32
52.386894,-1.536182,144.39,10.81,3,118.88,19 / 20,2547010,2019-09-06 20:02:32:753,-0.0319,0.7581,10.3811,0.0071,-0.0024,9.8066,-0.1147,-0.0293,0.0257,-20.75,-34.81,23.88,326.59,-84.09,-168.51
52.386894,-1.536182,144.39,10.81,3,118.88,19 / 20,2547110,2019-09-06 20:02:32:853,-0.8488,1.4988,9.4137,0.0122,-0.005,9.8065,0.1077,-0.0492,-0.0193,-21,-35.5,23.56,325.53,-84.11,-169.48
52.386894,-1.536182,144.39,10.81,3,118.88,19 / 20,2547210,2019-09-06 20:02:32:953,-1.0395,-0.0149,10.0931,0.0174,-0.0131,9.8066,0.1125,-0.026,-0.0028,-20.06,-35.44,23.81,325.85,-84.02,-170.44
52.386894,-1.536182,144.39,10.81,3,118.88,19 / 20,2547310,2019-09-06 20:02:33:053,-0.0617,0.3171,10.1424,-0.0125,0.0098,9.8066,-0.1122,-0.0372,0.0212,-21,-35.56,23.94,324.94,-83.93,-169.78
52.386894,-1.536182,144.39,10.81,3,118.88,18 / 20,2547409,2019-09-06 20:02:33:152,-0.3567,0.7174,10.1347,-0.0146,0.0164,9.8066,-0.0996,0.0114,-0.0381,-20.81,-35.31,23.94,325.66,-84.05,-169.33
52.386894,-1.536182,144.39,10.81,3,118.88,18 / 20,2547510,2019-09-06 20:02:33:253,-1.1732,0.6837,9.8007,0.0128,-0.0144,9.8065,-0.0556,-0.012,-0.0125,-20.25,-35.69,23.56,327.04,-84.06,-169.29
52.386894,-1.536182,144.39,10.81,3,118.88,18 / 20,2547609,2019-09-06 20:02:33:352,-0.4676,0.777,9.6171,0.0206,-0.019,9.8065,-0.0661,-0.0369,-0.0042,-20.87,-35.19,23.06,324.51,-84.11,-169.1
52.386894,-1.536182,144.39,10.81,3,118.88,18 / 20,2547710,2019-09-06 20:02:33:453,-0.4343,1.0296,9.775,-0.0154,0.0068,9.8065,0.0725,-0.039,0.0087,-20.37,-35.87,23.88,328.38,-84.24,-168.21
52.386894,-1.536182,144.39,10.81,3,118.88,18 / 20,2547810,2019-09-06 20:02:33:553,-1.0035,0.4939,10.3083,-0.0101,0.0092,9.8066,0.0477,-0.0246,-0.0181,-20.94,-36.37,23.25,325.64,-84.31,-168.12
52.386894,-1.536182,144.39,10.81,3,118.88,18 / 20,2547910,2019-09-06 20:02:33:653,-0.4485,0.4181,10.2185,-0.0036,0.0065,9.8066,-0.0204,-0.0111,0.0255,-20.81,-36.37,23.69,327.04,-84.35,-168.18
52.386894,-1.536182,144.39,10.81,3,118.88,18 / 20,2548010,2019-09-06 20:02:33:753,-1.0084,0.6382,10.042,0.0016,0.0035,9.8066,0.0202,0.0087,-0.0095,-20.44,-36.69,23.88,327.89,-84.42,-168.67
52.386894,-1.536182,144.39,10.81,3,118.88,18 / 20,2548110,2019-09-06 20:02:33:853,-0.8436,1.1717,9.5185,-0.0013,0.0109,9.8066,0.0574,-0.0107,-0.0095,-20.19,-36.06,23.75,327.26,-84.5,-169.38
52.386894,-1.536182,144.39,10.81,3,118.88,18 / 20,2548210,2019-09-06 20:02:33:953,-0.7262,0.9397,9.5128,-0.0058,0.0025,9.8066,0.0267,-0.0564,-0.0045,-19.94,-35.75,23.88,326.82,-84.47,-169.76
52.386894,-1.536182,144.39,10.81,3,118.88,18 / 20,2548309,2019-09-06 20:02:34:052,-0.6375,0.9585,10.0326,-0.0098,0.0059,9.8066,-0.0108,0.0232,-0.024,-19.94,-35.44,24,327.14,-84.5,-169.59
52.386894,-1.536182,144.39,10.81,3,118.88,18 / 20,2548410,2019-09-06 20:02:34:153,-0.3341,0.7589,10.0021,-0.0129,0.0152,9.8065,0.0442,0.0131,0.016,-19.81,-36.06,23.69,327.71,-84.65,-169.08
52.386894,-1.536182,144.39,10.81,3,118.88,18 / 20,2548509,2019-09-06 20:02:34:252,-0.8176,1.0801,9.6894,-0.0006,0.0038,9.8066,-0.0536,-0.0167,-0.0249,-20,-35.56,23.13,326.05,-84.78,-169.39
52.386894,-1.536182,144.39,10.81,3,118.88,18 / 20,2548610,2019-09-06 20:02:34:353,-1.576,0.4824,9.5061,0.0017,-0.0118,9.8066,-0.0495,-0.0028,0.0297,-19.62,-36.5,23.81,328.18,-84.8,-168.75
52.386894,-1.536182,144.39,10.81,3,118.88,18 / 20,2548711,2019-09-06 20:02:34:454,-0.8874,0.3724,9.649,-0.0025,0.0178,9.8066,0.0438,-0.009,-0.0344,-19.94,-36.12,23.31,326.54,-84.92,-169.04
52.386894,-1.536182,144.39,10.81,3,118.88,18 / 20,2548810,2019-09-06 20:02:34:553,-0.6186,0.6259,9.9863,-0.0009,0.0063,9.8065,0.0032,-0.035,-0.0331,-19.5,-35.37,23.88,328.56,-84.95,-169.96
52.386894,-1.536182,144.39,10.81,3,118.88,18 / 20,2548909,2019-09-06 20:02:34:652,-0.4508,0.7148,10.129,0.0022,-0.0017,9.8066,0.0005,0.0036,0.0222,-19.5,-35.31,24.63,330.16,-84.98,-169.72
52.386894,-1.536182,144.39,10.81,3,118.88,18 / 20,2549010,2019-09-06 20:02:34:753,-0.6003,0.6,9.8668,-0.0045,0.0077,9.8066,-0.0151,0.008,-0.0078,-19.75,-34.81,24.5,328.36,-84.99,-170.01
52.386894,-1.536182,144.39,10.81,3,118.88,18 / 20,2549110,2019-09-06 20:02:34:853,-1.0601,0.9141,9.5569,0.0181,-0.0159,9.8065,-0.0028,-0.0233,0.011,-20.12,-34.87,25,327.74,-84.9,-170.52
52.386894,-1.536182,144.39,10.81,3,118.88,18 / 20,2549210,2019-09-06 20:02:34:953,-0.7497,1.7305,9.5062,0.0205,-0.0126,9.8065,-0.0538,0.0274,-0.0375,-19.87,-34.31,24.13,326.07,-84.9,-170.92
52.386894,-1.536182,144.39,10.81,3,118.88,18 / 20,2549310,2019-09-06 20:02:35:053,-1.4316,0.6204,9.8579,-0.0193,0.0142,9.8066,0.069,0.0075,-0.0163,-19.06,-34.75,24.63,329.43,-84.88,-170.33
52.386894,-1.536182,144.39,10.81,3,118.88,19 / 20,2549410,2019-09-06 20:02:35:153,0.0269,0.2664,9.8155,0.0018,0.0038,9.8066,0.0518,-0.0053,-0.0127,-19.37,-34.44,24.63,329.37,-85.01,-170.55
52.386894,-1.536182,144.39,10.81,3,118.88,19 / 20,2549509,2019-09-06 20:02:35:252,-0.2399,0.1821,9.6461,-0.0069,0.0058,9.8066,-0.0431,0.0072,0.0057,-19.25,-34.5,24.56,329.31,-85.05,-170.63
52.386894,-1.536182,144.39,10.81,3,118.88,19 / 20,2549610,2019-09-06 20:02:35:353,-0.6119,0.7985,9.9328,-0.0098,0.0026,9.8066,0.0191,0.0105,-0.0017,-19,-34.19,24.44,328.41,-85.09,-170.27
52.386894,-1.536182,144.39,10.81,3,118.88,19 / 20,2549710,2019-09-06 20:02:35:453,-0.4087,0.3357,10.1761,-0.0108,0.0087,9.8066,0.016,0.019,-0.0231,-18.5,-34.06,23.69,331.14,-85.16,-169.26
52.386894,-1.536182,144.39,10.81,3,118.88,19 / 20,2549809,2019-09-06 20:02:35:552,-0.9132,0.2721,9.7204,0.0061,-0.0027,9.8066,0.0025,-0.0274,0.0232,-19.81,-34.62,24.19,327.32,-85.19,-169.87
52.386894,-1.536182,144.39,10.81,3,118.88,19 / 20,2549909,2019-09-06 20:02:35:652,-0.1368,0.7025,9.647,0.007,-0.0058,9.8066,0.0077,-0.0063,0.02,-19.62,-34.31,24.44,327.5,-85.21,-169.8
52.386894,-1.536182,144.39,10.81,3,118.88,19 / 20,2550010,2019-09-06 20:02:35:753,-0.3,0.5612,9.7989,-0.0091,0.0067,9.8066,-0.0091,-0.005,-0.0021,-18.81,-33.5,23.88,329.21,-85.35,-169.77
52.386894,-1.536182,144.39,10.81,3,118.88,19 / 20,2550110,2019-09-06 20:02:35:853,0.1314,0.3303,9.9563,0.0095,-0.0039,9.8066,-0.0154,-0.0103,0.0164,-19.06,-33.87,24,329.36,-85.42,-169.6
52.386894,-1.536182,144.39,10.81,3,118.88,19 / 20,2550210,2019-09-06 20:02:35:953,-0.1591,0.3595,9.77,-0.0037,-0.0053,9.8066,0.0212,-0.0086,-0.0066,-19.31,-33.87,24.69,330.56,-85.44,-169.7
52.386894,-1.536182,144.39,10.81,3,118.88,19 / 20,2550309,2019-09-06 20:02:36:052,0.1788,0.0756,9.8116,0.0098,-0.0095,9.8065,-0.0295,0.0073,0.016,-19.81,-33.44,24.06,328.38,-85.46,-169.22
52.386894,-1.536182,144.39,10.81,3,118.88,18 / 19,2550410,2019-09-06 20:02:36:153,-0.229,0.0877,9.8685,0.004,-0.0106,9.8066,-0.0675,0.0001,0.0048,-19.44,-33.69,24.06,330.27,-85.42,-168.76
52.386894,-1.536182,144.39,10.81,3,118.88,18 / 19,2550509,2019-09-06 20:02:36:252,-0.1369,0.1041,9.8259,-0.0063,0.0087,9.8066,0.0237,-0.0112,0.0335,-19.37,-33.56,24.38,330.45,-85.57,-168.68
52.386894,-1.536182,144.39,10.81,3,118.88,18 / 19,2550610,2019-09-06 20:02:36:353,-0.0643,0.3412,9.9905,-0.0049,0.0026,9.8066,0.0157,0.0145,-0.0017,-18.31,-32.94,23.56,332.53,-85.58,-168.28
52.386894,-1.536182,144.39,10.81,3,118.88,18 / 19,2550710,2019-09-06 20:02:36:453,-0.2103,-0.0435,10.0796,-0.0005,0.002,9.8066,-0.0232,0.0031,-0.0235,-18.62,-33.12,23.75,331.27,-85.63,-168.02
52.386894,-1.536182,144.39,10.81,3,118.88,18 / 19,2550810,2019-09-06 20:02:36:553,-0.1603,0.2119,9.532,0.0113,-0.0043,9.8065,-0.0206,0.005,0.0028,-18.69,-32.94,24.5,331.49,-85.58,-168.98
52.386894,-1.536182,144.39,10.81,3,118.88,18 / 19,2550911,2019-09-06 20:02:36:654,-0.01,-0.1302,9.5669,-0.0008,0.003,9.8066,0.0024,0.0228,-0.0058,-19.5,-32.87,23.75,329.98,-85.63,-169.22
52.386894,-1.536182,144.39,10.81,3,118.88,18 / 19,2551010,2019-09-06 20:02:36:753,-0.1153,-0.0306,9.8192,0.0043,-0.003,9.8066,-0.0012,0.003,0.0087,-19.12,-32.62,23.94,329.79,-85.64,-169.41
52.386894,-1.536182,144.39,10.81,3,118.88,18 / 19,2551110,2019-09-06 20:02:36:853,-0.0321,0.0429,9.8717,-0.0009,0.0008,9.8066,0.0042,-0.0247,0.0087,-19.25,-32.81,24.25,329.11,-85.69,-170.07
52.386894,-1.536182,144.39,10.81,3,118.88,18 / 19,2551210,2019-09-06 20:02:36:953,-0.1584,0.5239,9.9218,-0.0072,0.006,9.8066,-0.0233,0.0148,-0.0137,-18.87,-32.69,23.81,329.86,-85.71,-169.38
52.386894,-1.536182,144.39,10.81,3,118.88,18 / 19,2551309,2019-09-06 20:02:37:052,-0.4116,0.2655,9.8481,-0.0107,0.0064,9.8066,-0.0097,0.0102,0.0459,-18.81,-32.75,24.69,332.15,-85.79,-168.49
52.386894,-1.536182,144.39,10.81,3,118.88,18 / 20,2551410,2019-09-06 20:02:37:153,-0.1483,-0.424,9.8106,-0.0083,0.0122,9.8066,-0.0039,0.0084,-0.021,-18.87,-32.94,24.25,331.02,-85.84,-168.38
52.386894,-1.536182,144.39,10.81,3,118.88,18 / 20,2551509,2019-09-06 20:02:37:252,-0.0303,-0.2224,9.9038,0.0029,0.0011,9.8066,-0.0302,-0.006,-0.0107,-18.94,-32.87,24,331.01,-85.85,-168.39
52.386894,-1.536182,144.39,10.81,3,118.88,18 / 20,2551610,2019-09-06 20:02:37:353,-0.089,0.0378,9.7696,-0.0055,0.0082,9.8066,-0.0138,-0.0191,0.0121,-19.56,-32.25,24.38,329.12,-85.9,-168.86
52.386894,-1.536182,144.39,10.81,3,118.88,18 / 20,2551709,2019-09-06 20:02:37:452,-0.0263,-0.0955,9.7648,-0.0014,0.0078,9.8066,-0.0226,-0.0071,-0.0373,-18.87,-32.94,24.88,331.59,-86.02,-169.13
52.386894,-1.536182,144.39,10.81,3,118.88,18 / 20,2551809,2019-09-06 20:02:37:552,-0.2396,0.1696,9.9341,-0.0079,0.009,9.8066,-0.0198,-0.0177,0.0163,-18.94,-32.69,24.5,331.69,-86.12,-169.08
52.386894,-1.536182,144.39,10.81,3,118.88,18 / 20,2551910,2019-09-06 20:02:37:653,-0.0477,0.213,9.9107,-0.0019,-0.0016,9.8066,0.0024,-0.0088,0.0155,-18.19,-32.69,23.88,332.7,-86.21,-168.46
52.386894,-1.536182,144.39,10.81,3,118.88,18 / 20,2552009,2019-09-06 20:02:37:752,0.0064,0.0042,9.8058,-0.0005,0.0031,9.8066,-0.0062,0.0329,-0.0005,-18.94,-32.37,24.94,332.69,-86.22,-168.26
52.386894,-1.536182,144.39,10.81,3,118.88,18 / 20,2552110,2019-09-06 20:02:37:853,0.1171,0.1475,9.8891,-0.0034,0,9.8066,0.0162,-0.0233,0.0121,-17.94,-33,25.06,334.69,-86.26,-167.79
52.386894,-1.536182,144.39,10.81,3,118.88,18 / 20,2552210,2019-09-06 20:02:37:953,-0.1663,-0.0556,9.7174,-0.0034,0.0029,9.8066,0.0095,-0.0005,-0.001,-18.69,-32.87,25,333.63,-86.27,-167.35
52.386894,-1.536182,144.39,10.81,3,118.88,18 / 20,2552310,2019-09-06 20:02:38:053,-0.1189,0.0845,9.8811,-0.0014,-0.0022,9.8066,0.0059,0.0112,0.0131,-18.5,-33.62,24.75,336.05,-86.3,-166.49
52.386894,-1.536182,144.39,10.81,3,118.88,17 / 20,2552410,2019-09-06 20:02:38:153,-0.1489,-0.0044,9.9279,0.0006,-0.0042,9.8066,0.0247,-0.0043,-0.0298,-18.12,-33,25.06,336.23,-86.29,-166.37
52.386894,-1.536182,144.39,10.81,3,118.88,17 / 20,2552510,2019-09-06 20:02:38:253,0.0405,0.3546,9.7452,-0.0001,0.007,9.8066,0.0054,-0.0136,0.0175,-18.44,-33.69,24.75,335.41,-86.27,-167.08
52.386894,-1.536182,144.39,10.81,3,118.88,17 / 20,2552610,2019-09-06 20:02:38:353,0.0768,0.0631,9.7094,-0.0034,0.0026,9.8066,-0.0137,0.0032,-0.0073,-18.5,-33.87,25.13,335.05,-86.3,-167.43
52.386894,-1.536182,144.39,10.81,3,118.88,17 / 20,2552710,2019-09-06 20:02:38:453,0.0286,0.3787,9.9882,-0.0031,0.0093,9.8065,0.0219,-0.0068,0.0061,-18.69,-34.12,24.88,333.24,-86.36,-167.7
52.386894,-1.536182,144.39,10.81,3,118.88,17 / 20,2552810,2019-09-06 20:02:38:553,0.1425,0.0885,9.9364,-0.0048,0,9.8066,0.0261,0.0045,-0.023,-18.25,-33.69,24.88,335.3,-86.38,-167.24
52.386894,-1.536182,144.39,10.81,3,118.88,17 / 20,2552909,2019-09-06 20:02:38:652,-0.0497,-0.0491,9.7381,-0.0027,0.0055,9.8066,-0.017,-0.0081,0.0085,-17.31,-33.69,25.25,337.17,-86.4,-167
52.386894,-1.536182,144.39,10.81,3,118.88,17 / 20,2553010,2019-09-06 20:02:38:753,-0.2271,0.2019,9.9651,-0.0015,0.0011,9.8066,-0.0135,0.0108,-0.0021,-17.19,-34,24.88,337.54,-86.42,-166.67
52.386894,-1.536182,144.39,10.81,3,118.88,17 / 20,2553109,2019-09-06 20:02:38:852,0.2113,-0.0097,9.8652,0.0006,0.0045,9.8065,0.007,0,0.0159,-17.44,-34,25.19,337.33,-86.46,-166.88
52.386894,-1.536182,144.39,10.81,3,118.88,17 / 20,2553210,2019-09-06 20:02:38:953,0.0675,0.0166,10.0747,-0.0001,-0.0022,9.8066,0.0325,0.0032,-0.0057,-17.12,-34.25,25.19,337.22,-86.47,-166.99
52.386894,-1.536182,144.39,10.81,3,118.88,17 / 20,2553310,2019-09-06 20:02:39:053,-0.1554,0.2147,9.736,0.0001,0.0039,9.8066,-0.0317,0.0168,-0.0202,-17.31,-34.06,25.19,337.14,-86.5,-167.08
52.386677,-1.535525,145.44,1,3,120.02,18 / 21,2553409,2019-09-06 20:02:39:152,-0.0493,0.1569,9.8805,0.0011,0.0002,9.8066,0.0006,-0.0013,0.0035,-17.19,-34.44,25.31,337.18,-86.51,-167.04
52.386677,-1.535525,145.44,1,3,120.02,18 / 21,2553509,2019-09-06 20:02:39:252,0.0975,-0.1027,9.774,-0.0076,0.0114,9.8066,0.0451,0.0044,-0.0054,-16.81,-33.94,24.94,337.43,-86.52,-166.82
52.386677,-1.535525,145.44,1,3,120.02,18 / 21,2553610,2019-09-06 20:02:39:353,0.1722,-0.0395,9.866,-0.0056,0.0118,9.8066,-0.0315,-0.0213,0.005,-17.06,-34.62,25.13,337.52,-86.63,-166.74
52.386677,-1.535525,145.44,1,3,120.02,18 / 21,2553709,2019-09-06 20:02:39:452,-0.1395,0.0168,9.7959,0.0022,-0.002,9.8066,-0.0194,0.005,-0.0054,-17.12,-35.06,25.06,337.39,-86.64,-166.86
52.386677,-1.535525,145.44,1,3,120.02,18 / 21,2553810,2019-09-06 20:02:39:553,-0.161,0.089,10.0061,-0.0012,0.0036,9.8066,-0.0042,-0.0146,0.0117,-17.06,-34.5,25.25,337.45,-86.7,-166.88
52.386677,-1.535525,145.44,1,3,120.02,18 / 21,2553910,2019-09-06 20:02:39:653,-0.1067,0.3755,9.9624,0.0008,-0.0049,9.8066,-0.0294,0.0028,-0.0256,-17.12,-34.94,24.88,337.93,-86.69,-166.38
52.386677,-1.535525,145.44,1,3,120.02,18 / 21,2554010,2019-09-06 20:02:39:753,-0.2658,0.3362,10.0649,0.0018,-0.0007,9.8066,0.0115,0.0053,0.0214,-17.5,-35.25,24.5,337.86,-86.72,-166.46
52.386677,-1.535525,145.44,1,3,120.02,18 / 21,2554110,2019-09-06 20:02:39:853,0.0886,-0.066,9.8264,-0.0017,0.0003,9.8066,0.0002,-0.0117,0.004,-17.81,-34.62,24.25,334.95,-86.76,-166.54
52.386677,-1.535525,145.44,1,3,120.02,18 / 21,2554210,2019-09-06 20:02:39:953,0.0428,-0.1496,9.8237,-0.0007,-0.0023,9.8066,0.0187,-0.0058,-0.0083,-17.94,-34.56,23.75,335.61,-86.76,-165.92
52.386677,-1.535525,145.44,1,3,120.02,18 / 21,2554310,2019-09-06 20:02:40:053,0.379,-0.4308,9.8233,-0.003,0.006,9.8065,0.0379,0.0062,0.0154,-17.87,-35,24,335.57,-86.81,-165.99
52.386677,-1.535525,145.44,1,3,120.02,20 / 21,2554410,2019-09-06 20:02:40:153,0.3316,-0.4555,9.7094,-0.0029,0.0018,9.8065,-0.0229,-0.0058,-0.0068,-18.75,-34.56,23.56,334.17,-86.8,-165.83
52.386677,-1.535525,145.44,1,3,120.02,20 / 21,2554509,2019-09-06 20:02:40:252,0.4167,-0.5491,9.839,-0.0004,0.0002,9.8066,0.0023,-0.0059,0.0087,-19.06,-34.5,23.81,334.48,-86.8,-165.58
52.386677,-1.535525,145.44,1,3,120.02,20 / 21,2554610,2019-09-06 20:02:40:353,0.6001,-0.6612,9.8144,0.0016,-0.0017,9.8066,0.0078,-0.0036,-0.0027,-19.31,-34.75,24.69,335.68,-86.78,-165.57
52.386677,-1.535525,145.44,1,3,120.02,20 / 21,2554709,2019-09-06 20:02:40:452,0.8626,-0.8946,9.8454,0.0032,-0.0047,9.8066,-0.0023,0.0025,-0.0064,-20.12,-34.5,25.31,334.28,-86.73,-165.52
52.386677,-1.535525,145.44,1,3,120.02,20 / 21,2554809,2019-09-06 20:02:40:552,0.7067,-0.7679,9.6799,0.0021,-0.0015,9.8066,0.0019,-0.0098,0.0113,-19.44,-34.06,26.38,336.66,-86.68,-165.76
52.386677,-1.535525,145.44,1,3,120.02,20 / 21,2554909,2019-09-06 20:02:40:652,0.4808,-0.7378,9.8801,-0.0021,0.0022,9.8066,0.002,-0.0168,-0.0136,-18.12,-33.87,26.19,338.34,-86.73,-165.63
52.386677,-1.535525,145.44,1,3,120.02,20 / 21,2555009,2019-09-06 20:02:40:752,0.5522,-0.5051,9.8531,0.0014,0.0012,9.8066,0.018,0.004,0.0128,-17.87,-33.81,26.81,339.16,-86.73,-165.9
52.386677,-1.535525,145.44,1,3,120.02,20 / 21,2555110,2019-09-06 20:02:40:853,0.6922,-0.7953,9.8382,-0.0018,-0.0022,9.8066,0.0033,-0.0139,0.0029,-17.37,-33.87,26.13,339.51,-86.73,-166.03
52.386677,-1.535525,145.44,1,3,120.02,20 / 21,2555210,2019-09-06 20:02:40:953,0.4966,-0.7625,9.7234,-0.0009,-0.0016,9.8066,-0.0058,0.0057,-0.0057,-16.75,-34.44,25.56,339.81,-86.73,-165.75
52.386677,-1.535525,145.44,1,3,120.02,20 / 21,2555310,2019-09-06 20:02:41:053,0.4996,-0.78,9.7851,-0.0006,0.0025,9.8066,0.0042,0.0078,0.0162,-16.87,-34.25,25.25,338.6,-86.74,-165.82
52.386677,-1.535525,145.44,1,3,120.02,19 / 20,2555410,2019-09-06 20:02:41:153,0.6815,-0.9068,9.7802,0.0002,-0.0004,9.8066,0.0142,-0.0103,0.0033,-17.31,-34.56,24.81,338.59,-86.77,-165.8
52.386677,-1.535525,145.44,1,3,120.02,19 / 20,2555510,2019-09-06 20:02:41:253,0.4942,-0.6856,9.7169,0.0002,0.0003,9.8066,-0.0061,-0.0065,-0.0072,-16.87,-34.06,25.06,338.74,-86.76,-165.69
52.386677,-1.535525,145.44,1,3,120.02,19 / 20,2555609,2019-09-06 20:02:41:352,0.6206,-0.6807,9.803,0.0016,-0.001,9.8065,0.0052,0.0025,0.0152,-17,-34.87,25.06,338.57,-86.76,-165.82
52.386677,-1.535525,145.44,1,3,120.02,19 / 20,2555710,2019-09-06 20:02:41:453,0.6637,-0.6989,9.7983,-0.0014,0.0023,9.8066,0.0154,0.0029,0.0127,-16.62,-34.62,24.69,338.48,-86.78,-165.9
52.386677,-1.535525,145.44,1,3,120.02,19 / 20,2555809,2019-09-06 20:02:41:552,0.4568,-0.6488,9.8139,-0.0006,-0.0008,9.8066,-0.0008,-0.0172,-0.0118,-16.87,-34.81,24.88,338.73,-86.77,-165.67
52.386677,-1.535525,145.44,1,3,120.02,19 / 20,2555910,2019-09-06 20:02:41:653,0.6242,-0.7148,9.8781,0.0004,0.0009,9.8066,-0.0032,0.0041,-0.0027,-17.12,-34.56,24.75,338.72,-86.76,-165.67
52.386677,-1.535525,145.44,1,3,120.02,19 / 20,2556010,2019-09-06 20:02:41:753,0.4763,-0.6485,9.8334,0.0002,0.0028,9.8066,0.0073,0.0011,0.0197,-17.31,-35.19,25.31,338.34,-86.77,-166.04
52.386677,-1.535525,145.44,1,3,120.02,19 / 20,2556110,2019-09-06 20:02:41:853,0.7282,-0.9663,9.767,-0.0012,-0.0011,9.8066,0.0177,-0.0071,-0.0146,-16.94,-34.37,24.5,338.7,-86.76,-165.73
52.386677,-1.535525,145.44,1,3,120.02,19 / 20,2556209,2019-09-06 20:02:41:952,0.6201,-0.7342,9.6612,0.0001,-0.0009,9.8066,-0.0176,0.0011,0.0006,-17,-35,25.31,338.69,-86.75,-165.7
52.386677,-1.535525,145.44,1,3,120.02,19 / 20,2556310,2019-09-06 20:02:42:053,0.5394,-0.6979,9.8439,0.0013,-0.0015,9.8066,-0.0028,0.0044,0.0144,-17.06,-35.06,24.88,338.36,-86.74,-166
52.386677,-1.535525,145.44,1,3,120.02,18 / 20,2556409,2019-09-06 20:02:42:152,0.499,-0.6069,9.7856,0.0016,-0.0018,9.8066,-0.0069,0.0099,-0.0125,-17.25,-34.62,25.19,338.16,-86.72,-166.18
52.386677,-1.535525,145.44,1,3,120.02,18 / 20,2556510,2019-09-06 20:02:42:253,0.4987,-0.6318,9.8651,0,0.0003,9.8066,-0.0079,0.0051,-0.0096,-16.75,-34.56,25.06,338.23,-86.68,-166.1
52.386677,-1.535525,145.44,1,3,120.02,18 / 20,2556609,2019-09-06 20:02:42:352,0.5875,-0.7876,9.7484,-0.0015,0.0066,9.8066,0.009,-0.0116,0.0056,-16.87,-34.94,25.19,337.83,-86.71,-166.49
52.386677,-1.535525,145.44,1,3,120.02,18 / 20,2556710,2019-09-06 20:02:42:453,0.5992,-0.6865,9.8888,0.0046,-0.0083,9.8066,-0.0149,-0.0096,-0.0087,-17.19,-34.5,25.19,337.67,-86.63,-166.64
52.386677,-1.535525,145.44,1,3,120.02,18 / 20,2556809,2019-09-06 20:02:42:552,0.4817,-0.5339,9.8274,0.004,-0.0042,9.8066,0.0154,0.0061,0.0181,-17.19,-34.5,24.44,336.26,-86.6,-166.81
52.386677,-1.535525,145.44,1,3,120.02,18 / 20,2556910,2019-09-06 20:02:42:653,0.5406,-0.6783,9.8867,0.0011,-0.0033,9.8066,-0.0022,-0.009,0.0034,-17.19,-35.25,24.94,337.41,-86.6,-166.83
52.386677,-1.535525,145.44,1,3,120.02,18 / 20,2557010,2019-09-06 20:02:42:753,0.5301,-0.7347,9.8008,0.0009,-0.0034,9.8066,0.0069,-0.0072,-0.0099,-16.87,-35.12,24.94,337.51,-86.55,-166.71
52.386677,-1.535525,145.44,1,3,120.02,18 / 20,2557110,2019-09-06 20:02:42:853,0.5486,-0.8155,9.7758,-0.0019,0.0043,9.8066,0.0377,-0.0086,0.0133,-17.12,-34.75,24.75,337.19,-86.59,-167.03
52.386677,-1.535525,145.44,1,3,120.02,18 / 20,2557210,2019-09-06 20:02:42:953,0.4519,-0.6607,9.8729,0.0008,-0.0018,9.8066,-0.0228,0.0124,-0.0026,-16.81,-35.37,24.81,337.06,-86.52,-167.12
52.386677,-1.535525,145.44,1,3,120.02,18 / 20,2557310,2019-09-06 20:02:43:053,0.5107,-0.7632,9.8686,0.0028,-0.0028,9.8066,-0.0032,0.0046,0.014,-16.87,-34.81,24.81,336.96,-86.47,-167.19
52.386677,-1.535525,145.44,1,3,120.02,17 / 19,2557409,2019-09-06 20:02:43:152,0.6403,-0.7661,9.7884,0.0004,-0.0028,9.8066,-0.0091,-0.0084,-0.0174,-17.19,-35,25.06,336.97,-86.45,-167.17
52.386677,-1.535525,145.44,1,3,120.02,17 / 19,2557510,2019-09-06 20:02:43:253,0.4295,-0.7533,9.6986,0.003,0.0001,9.8066,0.013,-0.0226,-0.0011,-17.31,-35.5,25.06,337.1,-86.42,-167.03
52.386677,-1.535525,145.44,1,3,120.02,17 / 19,2557610,2019-09-06 20:02:43:353,0.6275,-0.6824,9.8762,0.0014,-0.0025,9.8066,0.0108,-0.0112,-0.0094,-16.94,-35.12,24.38,335.44,-86.39,-167.42
52.386677,-1.535525,145.44,1,3,120.02,17 / 19,2557710,2019-09-06 20:02:43:453,0.7342,-0.8367,9.7718,0.0039,-0.0013,9.8066,0.0252,0.0002,0.0068,-16.75,-35.19,25,336.16,-86.34,-167.87
52.386677,-1.535525,145.44,1,3,120.02,17 / 19,2557810,2019-09-06 20:02:43:553,0.3418,-0.6439,9.7059,0.0026,-0.0038,9.8066,-0.0119,0.0187,0.0001,-17.19,-35.12,25,335.9,-86.3,-168.09
52.386677,-1.535525,145.44,1,3,120.02,17 / 19,2557910,2019-09-06 20:02:43:653,0.4632,-0.5787,9.7937,0.0007,0.0013,9.8066,0.0018,0.012,0.0121,-17.81,-34.94,25.19,334.2,-86.27,-168.16
52.386677,-1.535525,145.44,1,3,120.02,17 / 19,2558010,2019-09-06 20:02:43:753,0.7256,-0.8895,9.8162,-0.0009,0.0007,9.8066,-0.0199,0.0065,0.0054,-17,-34.75,24.69,335.56,-86.25,-168.38
52.386677,-1.535525,145.44,1,3,120.02,17 / 19,2558110,2019-09-06 20:02:43:853,0.4302,-0.648,9.8316,0.0037,-0.0056,9.8066,-0.0082,-0.0113,0.0101,-17.81,-34.81,24.63,333.77,-86.18,-168.51
52.386677,-1.535525,145.44,1,3,120.02,17 / 19,2558210,2019-09-06 20:02:43:953,0.3733,-0.6005,9.8212,0.0039,-0.0073,9.8066,0.0075,-0.0099,-0.0173,-17.06,-35.31,25.25,335.42,-86.14,-168.45
52.386677,-1.535525,145.44,1,3,120.02,17 / 19,2558309,2019-09-06 20:02:44:052,0.3316,-0.6168,9.7429,0.0012,0.0015,9.8066,0.0093,-0.0185,0.0011,-17,-35.19,25.06,335.31,-86.1,-168.53
52.386677,-1.535525,145.44,1,3,120.02,18 / 21,2558410,2019-09-06 20:02:44:153,0.4257,-0.7281,9.8841,-0.0006,-0.0024,9.8066,0.0007,0.0004,-0.0042,-16.81,-35.19,25.88,336.44,-86.06,-168.56
52.386677,-1.535525,145.44,1,3,120.02,18 / 21,2558509,2019-09-06 20:02:44:252,0.3729,-0.4992,9.7695,0.0022,-0.0018,9.8066,-0.0005,0.0037,0.0046,-17.25,-34.94,25.06,335.05,-86.03,-168.74
52.386677,-1.535525,145.44,1,3,120.02,18 / 21,2558610,2019-09-06 20:02:44:353,0.5216,-0.7407,9.7587,0,-0.0016,9.8066,0.0056,0.0173,0.0114,-17.31,-34.62,24.94,334.8,-85.97,-168.94
52.386677,-1.535525,145.44,1,3,120.02,18 / 21,2558710,2019-09-06 20:02:44:453,0.4962,-0.7093,9.9575,0.0053,-0.0069,9.8065,-0.0006,-0.0057,0.0069,-17.19,-34.94,24.94,334.37,-85.89,-169.3
52.386677,-1.535525,145.44,1,3,120.02,18 / 21,2558810,2019-09-06 20:02:44:553,0.3636,-0.438,9.7947,0.0041,-0.0048,9.8066,0.0011,-0.0013,-0.0051,-17.19,-34.94,24.44,332.91,-85.85,-169.47
52.386677,-1.535525,145.44,1,3,120.02,18 / 21,2558910,2019-09-06 20:02:44:653,0.4401,-0.6071,9.7437,0.001,-0.0002,9.8066,0.0044,-0.0179,0.0014,-16.81,-35.25,25,333.82,-85.82,-169.77
52.386677,-1.535525,145.44,1,3,120.02,18 / 21,2559010,2019-09-06 20:02:44:753,0.467,-0.6257,9.9269,0.0001,-0.0013,9.8066,0.0042,-0.0125,-0.0003,-17,-35.06,24.88,333.76,-85.76,-169.79
52.386677,-1.535525,145.44,1,3,120.02,18 / 21,2559109,2019-09-06 20:02:44:852,0.3347,-0.4275,9.8079,0.0024,-0.0032,9.8066,0,-0.0111,0.0021,-17,-34.81,25,333.67,-85.73,-169.86
52.386677,-1.535525,145.44,1,3,120.02,18 / 21,2559210,2019-09-06 20:02:44:953,0.4173,-0.6649,9.7224,0.0022,-0.0032,9.8066,0.0099,0.0123,0.0141,-16.75,-34.81,25,333.56,-85.67,-169.93
52.386677,-1.535525,145.44,1,3,120.02,18 / 21,2559310,2019-09-06 20:02:45:053,0.5148,-0.5839,9.9066,0.0029,-0.0042,9.8066,0.0001,0.0105,0.0082,-17.5,-34.81,24.56,333.19,-85.62,-170.24
52.386677,-1.535525,145.44,1,3,120.02,16 / 19,2559410,2019-09-06 20:02:45:153,0.339,-0.4044,9.8127,0.0025,-0.0032,9.8066,0.0081,-0.0015,0.0039,-17.44,-34.94,24.63,333.12,-85.59,-170.28
52.386677,-1.535525,145.44,1,3,120.02,16 / 19,2559510,2019-09-06 20:02:45:253,0.4096,-0.6052,9.7554,-0.0003,-0.0004,9.8066,0.0071,-0.0135,-0.0037,-17,-34.44,24.69,333.08,-85.57,-170.37
52.386677,-1.535525,145.44,1,3,120.02,16 / 19,2559610,2019-09-06 20:02:45:353,0.5309,-0.5749,9.922,0.0003,0.0002,9.8066,0.0008,-0.0198,-0.0024,-17.12,-35,24.75,332.94,-85.53,-170.42
52.386677,-1.535525,145.44,1,3,120.02,16 / 19,2559710,2019-09-06 20:02:45:453,0.3412,-0.4373,9.8389,0.0044,-0.004,9.8066,-0.0078,-0.0039,-0.0012,-17.25,-35,24.69,332.75,-85.5,-170.57
52.386677,-1.535525,145.44,1,3,120.02,16 / 19,2559810,2019-09-06 20:02:45:553,0.3065,-0.5177,9.7941,0.0021,-0.0032,9.8066,0.0186,0.0146,0.0033,-17.19,-34.87,25.25,332.49,-85.44,-170.78
52.386677,-1.535525,145.44,1,3,120.02,16 / 19,2559910,2019-09-06 20:02:45:653,0.5697,-0.6758,9.8636,0.0037,-0.0042,9.8066,0.0012,0.0063,0.0094,-17,-34.81,24.5,332.15,-85.38,-171.06
52.386677,-1.535525,145.44,1,3,120.02,16 / 19,2560010,2019-09-06 20:02:45:753,0.4234,-0.4468,9.8575,0.0043,-0.0056,9.8066,0.0076,0.0175,0.0137,-17.06,-34.87,24.56,332.04,-85.33,-171.14
52.386677,-1.535525,145.44,1,3,120.02,16 / 19,2560109,2019-09-06 20:02:45:852,0.2488,-0.4488,9.8305,-0.001,-0.0009,9.8066,-0.007,0.0015,0.0025,-17.44,-35,24.63,331.9,-85.3,-171.24
52.386677,-1.535525,145.44,1,3,120.02,16 / 19,2560209,2019-09-06 20:02:45:952,0.5683,-0.5499,9.8048,-0.0011,0.0004,9.8066,-0.0128,-0.0145,0.006,-17,-35.12,24.75,331.85,-85.26,-171.26
52.386677,-1.535525,145.44,1,3,120.02,16 / 19,2560310,2019-09-06 20:02:46:053,0.5638,-0.5676,9.8608,0.0043,-0.0069,9.8066,-0.0191,-0.0201,-0.0127,-17.31,-34.62,25.31,331.83,-85.23,-171.27
52.386677,-1.535525,145.44,1,3,120.02,16 / 19,2560410,2019-09-06 20:02:46:153,0.3134,-0.468,9.8937,0.0004,0.0012,9.8066,0.0211,-0.0212,0.0027,-17.25,-34.81,24.88,331.77,-85.15,-171.27
52.386677,-1.535525,145.44,1,3,120.02,16 / 19,2560509,2019-09-06 20:02:46:252,0.4222,-0.4011,9.7732,0.0009,-0.0017,9.8066,0.0114,-0.01,-0.0064,-16.62,-34.94,24.81,331.48,-85.11,-171.51
52.386677,-1.535525,145.44,1,3,120.02,16 / 19,2560610,2019-09-06 20:02:46:353,0.585,-0.6025,9.8191,0.0006,0.0008,9.8066,-0.0032,-0.0029,0.002,-17.37,-35.19,24.94,331.32,-85.09,-171.65
52.386677,-1.535525,145.44,1,3,120.02,16 / 19,2560709,2019-09-06 20:02:46:452,0.3991,-0.3197,9.9683,0.0031,-0.0036,9.8065,-0.0098,0.0198,0.0002,-17.06,-35.12,25.44,331.1,-85.04,-171.82
52.386677,-1.535525,145.44,1,3,120.02,16 / 19,2560809,2019-09-06 20:02:46:552,0.276,-0.4638,9.8086,0.0006,0,9.8066,-0.0056,0.0175,0.0153,-17.19,-34.44,24.81,330.93,-85,-172.03
52.386677,-1.535525,145.44,1,3,120.02,16 / 19,2560909,2019-09-06 20:02:46:652,0.5665,-0.5595,9.7564,0.0022,-0.004,9.8066,0.0023,0.0127,0.0039,-17.31,-34.75,24.38,329.47,-84.93,-172.05
52.386677,-1.535525,145.44,1,3,120.02,16 / 19,2561010,2019-09-06 20:02:46:753,0.5439,-0.4734,9.8427,0.004,-0.0046,9.8066,-0.0023,-0.0022,0.0038,-17.25,-34.94,25.06,330.62,-84.88,-172.16
52.386677,-1.535525,145.44,1,3,120.02,16 / 19,2561110,2019-09-06 20:02:46:853,0.3367,-0.381,9.8383,-0.0012,0.0022,9.8066,0.0095,-0.0071,-0.0071,-17.62,-35.25,24.38,327.59,-84.85,-172.22
52.386677,-1.535525,145.44,1,3,120.02,16 / 19,2561210,2019-09-06 20:02:46:953,0.3683,-0.5133,9.7679,-0.0003,0.0009,9.8066,-0.0171,-0.0176,-0.0096,-17.12,-35,24.69,330.35,-84.82,-172.37
52.386677,-1.535525,145.44,1,3,120.02,16 / 19,2561310,2019-09-06 20:02:47:053,0.5305,-0.4393,9.7741,0.0025,-0.0035,9.8066,0.0006,-0.0087,-0.0054,-16.87,-34.75,25.13,330.19,-84.78,-172.48
52.386677,-1.535525,145.44,1,3,120.02,18 / 20,2561409,2019-09-06 20:02:47:152,0.3074,-0.3968,9.874,0.0024,-0.0043,9.8066,0.0097,0.0002,-0.0028,-16.62,-35,24.88,330.04,-84.72,-172.58
52.386677,-1.535525,145.44,1,3,120.02,18 / 20,2561510,2019-09-06 20:02:47:253,0.2112,-0.4982,9.7709,0.0027,-0.0004,9.8066,0.016,0.015,0.0065,-17.12,-34.62,24.81,329.8,-84.67,-172.77
52.386677,-1.535525,145.44,1,3,120.02,18 / 20,2561609,2019-09-06 20:02:47:352,0.4565,-0.3322,9.7254,0.0038,-0.0035,9.8066,-0.0049,0.0154,-0.0004,-17.06,-35.31,24.31,328.19,-84.63,-173.01
52.386677,-1.535525,145.44,1,3,120.02,18 / 20,2561709,2019-09-06 20:02:47:452,0.3132,-0.4254,9.9006,0.0023,-0.0012,9.8066,-0.0062,0.0084,0.0056,-17.5,-34.87,25.25,329.35,-84.58,-173.12
52.386677,-1.535525,145.44,1,3,120.02,18 / 20,2561809,2019-09-06 20:02:47:552,0.1364,-0.357,9.8371,0.0027,-0.0024,9.8066,-0.0072,-0.0028,0.0065,-17.37,-34.94,25.38,329.11,-84.53,-173.31
52.386677,-1.535525,145.44,1,3,120.02,18 / 20,2561910,2019-09-06 20:02:47:653,0.3092,-0.3891,9.7021,0.0041,-0.0048,9.8066,-0.0089,-0.0099,0.0019,-16.94,-34.56,24.75,329.04,-84.5,-173.35
52.386677,-1.535525,145.44,1,3,120.02,18 / 20,2562009,2019-09-06 20:02:47:752,0.3471,-0.4328,9.8515,0.0037,-0.0061,9.8066,0.0099,-0.0108,-0.0139,-16.87,-35.06,25.06,328.93,-84.42,-173.4
52.386677,-1.535525,145.44,1,3,120.02,18 / 20,2562109,2019-09-06 20:02:47:852,0.1319,-0.2587,9.8729,0.0022,0.0014,9.8065,0.0289,-0.0101,0.0036,-17.06,-34.87,25.25,328.61,-84.39,-173.66
52.386677,-1.535525,145.44,1,3,120.02,18 / 20,2562210,2019-09-06 20:02:47:953,0.2187,-0.3701,9.7269,0.0011,-0.0021,9.8066,0.0097,0.0028,-0.0002,-17.06,-34.94,25.25,328.5,-84.33,-173.73
52.386677,-1.535525,145.44,1,3,120.02,18 / 20,2562310,2019-09-06 20:02:48:053,0.3893,-0.4588,9.8617,0.0016,-0.0001,9.8066,0.015,0.0062,0.0105,-17.31,-34.94,25,328.32,-84.3,-173.86
52.386677,-1.535525,145.44,1,3,120.02,18 / 19,2562410,2019-09-06 20:02:48:153,0.1814,-0.2177,9.9116,0.0004,-0.0008,9.8066,-0.0098,0.0035,0.004,-17.37,-35.25,25.38,328.23,-84.24,-173.91
52.386677,-1.535525,145.44,1,3,120.02,18 / 19,2562510,2019-09-06 20:02:48:253,0.1797,-0.4024,9.7092,0.0047,-0.0052,9.8066,0.0005,-0.0138,0.0153,-17.19,-34.81,25.31,328.16,-84.22,-173.96
52.386677,-1.535525,145.44,1,3,120.02,18 / 19,2562610,2019-09-06 20:02:48:353,0.3238,-0.3896,9.8675,0.0032,-0.0073,9.8066,0.0118,-0.0207,-0.0067,-17.5,-34.94,23.94,326.86,-84.13,-173.87
52.386677,-1.535525,145.44,1,3,120.02,18 / 19,2562709,2019-09-06 20:02:48:452,0.1203,-0.2813,9.9172,0.0009,-0.0006,9.8066,0.0173,-0.0202,-0.0002,-17.44,-35.37,25.31,328.2,-84.1,-173.85
52.386677,-1.535525,145.44,1,3,120.02,18 / 19,2562809,2019-09-06 20:02:48:552,0.1785,-0.328,9.76,0.0024,-0.0027,9.8066,0.0049,0,-0.006,-17.31,-34.94,24.63,328.05,-84.05,-173.95
52.386677,-1.535525,145.44,1,3,120.02,18 / 19,2562909,2019-09-06 20:02:48:652,0.298,-0.27,9.7811,0.0028,-0.0024,9.8066,0.0012,0.0019,0.0067,-17.37,-34.75,24.56,327.81,-83.99,-174.13
52.386677,-1.535525,145.44,1,3,120.02,18 / 19,2563010,2019-09-06 20:02:48:753,0.2376,-0.1727,9.9616,0.0022,-0.0027,9.8066,0.0064,0.0209,0.0109,-17.12,-34.44,24.81,327.89,-83.95,-174.13
52.386677,-1.535525,145.44,1,3,120.02,18 / 19,2563110,2019-09-06 20:02:48:853,0.1628,-0.4242,9.8578,0.0039,-0.0068,9.8066,-0.0046,0.0154,0.0129,-17.25,-35,24.81,327.61,-83.93,-174.26
52.386677,-1.535525,145.44,1,3,120.02,18 / 19,2563210,2019-09-06 20:02:48:953,0.1524,-0.1582,9.7754,0.0032,-0.004,9.8066,0.007,0.0006,0.0071,-17.25,-34.37,25.13,327.7,-83.85,-174.24
52.386677,-1.535525,145.44,1,3,120.02,18 / 19,2563310,2019-09-06 20:02:49:053,0.3465,-0.1438,9.9378,0,-0.0014,9.8066,0.0069,-0.0188,0.0005,-17.37,-34.81,24.75,327.46,-83.82,-174.33
52.386677,-1.535525,145.44,1,3,120.02,19 / 20,2563410,2019-09-06 20:02:49:153,0.1336,-0.3384,9.8748,-0.002,0.0015,9.8066,-0.0136,-0.0139,-0.0001,-17.31,-34.44,25.5,328.89,-83.79,-174.27
52.386677,-1.535525,145.44,1,3,120.02,19 / 20,2563509,2019-09-06 20:02:49:252,0.1005,-0.2314,9.7779,0.0043,-0.0056,9.8065,-0.0098,-0.0217,-0.006,-17.31,-34.37,24.81,327.61,-83.73,-174.24
52.386677,-1.535525,145.44,1,3,120.02,19 / 20,2563610,2019-09-06 20:02:49:353,0.341,-0.2054,9.89,0.0034,-0.0037,9.8066,0.0182,-0.0034,0.0089,-16.94,-35,25.13,327.43,-83.69,-174.27
52.386677,-1.535525,145.44,1,3,120.02,19 / 20,2563709,2019-09-06 20:02:49:452,0.2044,-0.3409,9.8642,0.0003,-0.002,9.8066,-0.0034,-0.0001,0.0031,-17.44,-34.69,24.88,327.24,-83.68,-174.42
52.386677,-1.535525,145.44,1,3,120.02,19 / 20,2563809,2019-09-06 20:02:49:552,0.1042,-0.1157,9.8393,0.005,-0.0045,9.8066,0.0025,0.0084,0.0084,-16.94,-34.69,24.81,327.23,-83.64,-174.41
52.386677,-1.535525,145.44,1,3,120.02,19 / 20,2563909,2019-09-06 20:02:49:652,0.3938,-0.2452,9.8212,-0.0022,0.0005,9.8066,-0.0087,0.001,-0.0016,-17.44,-34.75,24.63,327.16,-83.62,-174.45
52.386677,-1.535525,145.44,1,3,120.02,19 / 20,2564009,2019-09-06 20:02:49:752,0.2011,-0.2946,9.9453,-0.0026,0.0032,9.8066,0.0113,-0.019,0.0071,-17.12,-34.31,24.88,327.32,-83.61,-174.41
52.386677,-1.535525,145.44,1,3,120.02,19 / 20,2564110,2019-09-06 20:02:49:853,0.1289,-0.1928,9.8518,0.003,-0.0059,9.8066,-0.0094,-0.013,-0.0099,-17,-35.5,24.38,325.76,-83.53,-174.43
52.386677,-1.535525,145.44,1,3,120.02,19 / 20,2564209,2019-09-06 20:02:49:952,0.4193,-0.3266,9.8067,0.0029,-0.0023,9.8066,0.0169,-0.0118,0.0014,-17.12,-34.94,25,327.04,-83.52,-174.49
52.386677,-1.535525,145.44,1,3,120.02,19 / 20,2564310,2019-09-06 20:02:50:053,0.2823,-0.2842,9.9145,0.0025,-0.002,9.8066,0.0008,-0.0046,-0.0004,-17,-35.19,25,326.92,-83.49,-174.58
52.386677,-1.535525,145.44,1,3,120.02,19 / 20,2564410,2019-09-06 20:02:50:153,0.1219,-0.157,9.7361,0.0029,-0.0049,9.8066,0.003,0.0012,0.0132,-17.75,-34.87,24.94,325.13,-83.46,-174.69
52.386677,-1.535525,145.44,1,3,120.02,19 / 20,2564509,2019-09-06 20:02:50:252,0.3162,-0.2052,9.9005,0.0037,-0.0042,9.8066,-0.0134,0.0171,0.0029,-17.31,-34.69,25.19,326.77,-83.41,-174.65
52.386677,-1.535525,145.44,1,3,120.02,19 / 20,2564609,2019-09-06 20:02:50:352,0.0824,-0.1633,9.8138,-0.0011,0.0004,9.8066,-0.0008,0.0002,0.0113,-17.06,-34.56,25.13,326.84,-83.39,-174.58
52.386677,-1.535525,145.44,1,3,120.02,19 / 20,2564710,2019-09-06 20:02:50:453,0.168,-0.1159,9.8153,0.0028,-0.0028,9.8066,-0.0125,-0.0044,-0.0107,-16.62,-35.19,25.06,326.63,-83.37,-174.76
52.386677,-1.535525,145.44,1,3,120.02,19 / 20,2564809,2019-09-06 20:02:50:552,0.3674,-0.1489,9.8766,0.0017,-0.0028,9.8066,0.0154,-0.0256,0.0041,-17,-35.12,24.56,326.58,-83.32,-174.76
52.386677,-1.535525,145.44,1,3,120.02,19 / 20,2564909,2019-09-06 20:02:50:652,0.1015,-0.2142,9.8508,0.0004,0.0008,9.8066,0.0053,-0.0054,-0.0109,-16.56,-34.87,25,326.49,-83.31,-174.84
52.386677,-1.535525,145.44,1,3,120.02,19 / 20,2565010,2019-09-06 20:02:50:753,0.234,-0.0507,9.7914,0.0034,-0.0057,9.8066,-0.0023,-0.0006,0.006,-17.37,-34.37,25,326.7,-83.29,-174.76
52.386677,-1.535525,145.44,1,3,120.02,19 / 20,2565110,2019-09-06 20:02:50:853,0.3322,-0.188,9.8568,0.0032,-0.0055,9.8066,-0.0107,0.0179,0.0001,-17.25,-34.69,25.25,326.48,-83.23,-174.79
52.386677,-1.535525,145.44,1,3,120.02,19 / 20,2565210,2019-09-06 20:02:50:953,0.1264,-0.1823,9.8273,-0.0005,0.0018,9.8066,-0.0029,-0.0035,0.0112,-17.06,-34.44,24.94,326.65,-83.22,-174.75
52.386677,-1.535525,145.44,1,3,120.02,19 / 20,2565309,2019-09-06 20:02:51:052,0.077,-0.0729,9.8043,-0.0006,0.0019,9.8066,-0.0122,-0.0103,-0.0092,-16.87,-35,24.88,326.37,-83.2,-174.87
52.386677,-1.535525,145.44,1,3,120.02,18 / 20,2565409,2019-09-06 20:02:51:152,0.3471,-0.2462,9.8621,0.0027,-0.0031,9.8066,0.0053,-0.0191,-0.0011,-16.87,-34.81,24.81,326.27,-83.14,-174.91
52.386677,-1.535525,145.44,1,3,120.02,18 / 20,2565509,2019-09-06 20:02:51:252,0.1572,-0.1807,9.8326,0.0011,-0.0006,9.8066,0.0043,-0.0107,-0.0083,-17.12,-34.37,24.81,326.37,-83.14,-174.95
52.386677,-1.535525,145.44,1,3,120.02,18 / 20,2565610,2019-09-06 20:02:51:353,0.0564,-0.0717,9.8002,0.0017,-0.0038,9.8066,0.0059,-0.0046,0.0095,-17.25,-34.75,24.81,326.24,-83.11,-174.92
52.386677,-1.535525,145.44,1,3,120.02,18 / 20,2565710,2019-09-06 20:02:51:453,0.4136,-0.1841,9.8298,-0.0004,0.0013,9.8066,-0.0036,0.0168,-0.0072,-17.19,-34.5,24.88,326.28,-83.07,-174.98
52.386677,-1.535525,145.44,1,3,120.02,18 / 20,2565809,2019-09-06 20:02:51:552,0.1021,-0.1373,9.8783,-0.0019,0.0005,9.8066,-0.0032,0.0066,0.0143,-16.81,-35,25.5,327.5,-83.05,-174.92
52.386677,-1.535525,145.44,1,3,120.02,18 / 20,2565910,2019-09-06 20:02:51:653,0.0683,-0.0521,9.8215,0,0.0023,9.8066,-0.014,0.0042,-0.003,-17.31,-34.69,24.56,326.02,-83.04,-175.06
52.386677,-1.535525,145.44,1,3,120.02,18 / 20,2566009,2019-09-06 20:02:51:752,0.3008,-0.1825,9.7588,0.0019,-0.0021,9.8066,0.0057,-0.0186,-0.0032,-17.5,-35.31,24.75,325.95,-82.99,-175.09
52.386677,-1.535525,145.44,1,3,120.02,18 / 20,2566110,2019-09-06 20:02:51:853,0.1244,-0.1787,9.9024,0.0011,-0.0004,9.8066,0.0117,-0.0179,-0.0121,-17.5,-35.37,24.44,324.41,-82.98,-175.21
52.386677,-1.535525,145.44,1,3,120.02,18 / 20,2566210,2019-09-06 20:02:51:953,0.118,-0.0807,9.9193,0.0025,-0.0011,9.8066,-0.0164,-0.0223,-0.0084,-17.25,-35.06,24.44,324.36,-82.96,-175.23
52.386677,-1.535525,145.44,1,3,120.02,18 / 20,2566310,2019-09-06 20:02:52:053,0.0961,-0.1148,9.7171,0.0016,-0.0015,9.8066,-0.0061,-0.0094,-0.0077,-17.25,-35.06,24.75,325.81,-82.94,-175.17
52.386677,-1.535525,145.44,1,3,120.02,19 / 20,2566410,2019-09-06 20:02:52:153,0.1892,-0.2319,9.8716,0.001,-0.0019,9.8066,0.0125,0.0005,-0.0007,-16.94,-35.44,25.25,325.69,-82.92,-175.27
52.386677,-1.535525,145.44,1,3,120.02,19 / 20,2566509,2019-09-06 20:02:52:252,0.2414,-0.2283,9.9212,0.0024,-0.0008,9.8066,0.0207,0.0073,0.0042,-17.06,-34.81,24.88,325.55,-82.89,-175.37
52.386677,-1.535525,145.44,1,3,120.02,19 / 20,2566609,2019-09-06 20:02:52:352,-0.0207,-0.1406,9.7279,0.0029,-0.0042,9.8066,-0.0033,0.0076,-0.0004,-17.06,-35.12,25.13,325.43,-82.86,-175.45
52.386677,-1.535525,145.44,1,3,120.02,19 / 20,2566710,2019-09-06 20:02:52:453,0.1942,-0.1971,9.8249,-0.0024,0.0039,9.8066,0.0132,0.0076,0.0082,-17.12,-34.87,25,325.4,-82.86,-175.48
52.386677,-1.535525,145.44,1,3,120.02,19 / 20,2566810,2019-09-06 20:02:52:553,0.2974,-0.23,9.9073,0.0034,-0.0055,9.8066,-0.0203,-0.0096,-0.0058,-17.56,-34.69,24.94,323.75,-82.84,-175.46
52.386677,-1.535525,145.44,1,3,120.02,19 / 20,2566910,2019-09-06 20:02:52:653,-0.0026,-0.2386,9.7839,0.0039,-0.0034,9.8066,-0.0103,-0.0197,-0.0004,-17.25,-34.75,24.94,325.5,-82.83,-175.37
52.386677,-1.535525,145.44,1,3,120.02,19 / 20,2567010,2019-09-06 20:02:52:753,0.1363,-0.1537,9.8089,0.0034,-0.0055,9.8066,0.0111,-0.0108,-0.0108,-16.37,-34.56,24.94,327.15,-82.79,-175.41
52.386677,-1.535525,145.44,1,3,120.02,19 / 20,2567110,2019-09-06 20:02:52:853,0.3524,-0.3234,9.8522,-0.0006,0.0016,9.8066,0.0258,-0.0124,0.0042,-16.94,-34.75,24.5,325.39,-82.8,-175.44
52.386677,-1.535525,145.44,1,3,120.02,19 / 20,2567210,2019-09-06 20:02:52:953,-0.0145,-0.1953,9.8425,0.0015,-0.0036,9.8065,-0.0161,0.0147,-0.0015,-17,-35.31,24.38,323.94,-82.78,-175.46
52.386677,-1.535525,145.44,1,3,120.02,19 / 20,2567310,2019-09-06 20:02:53:053,0.0742,-0.1527,9.8163,0.001,-0.0007,9.8066,0.0015,0.0089,0.0131,-17.56,-34.81,25.19,323.71,-82.76,-175.44
52.386677,-1.535525,145.44,1,3,120.02,18 / 20,2567410,2019-09-06 20:02:53:153,0.3508,-0.328,9.8478,-0.0006,0.0001,9.8066,0.0003,0.0066,0.01,-17.06,-34.81,24.38,323.95,-82.74,-175.43
52.386677,-1.535525,145.44,1,3,120.02,18 / 20,2567509,2019-09-06 20:02:53:252,0.0523,-0.1795,9.9255,0.0017,-0.002,9.8066,-0.0002,-0.0073,0.0059,-16.87,-35.19,25.38,325.31,-82.71,-175.44
52.386677,-1.535525,145.44,1,3,120.02,18 / 20,2567610,2019-09-06 20:02:53:353,0.0122,-0.0336,9.756,-0.0035,0.0035,9.8066,0.0106,-0.0136,-0.0147,-17.31,-35.31,24.88,325.41,-82.69,-175.35
52.386677,-1.535525,145.44,1,3,120.02,18 / 20,2567709,2019-09-06 20:02:53:452,0.3214,-0.2573,9.8463,0.0003,0.0018,9.8066,0.0241,-0.0193,-0.0033,-17.12,-34.25,24.81,325.49,-82.69,-175.42
52.386677,-1.535525,145.44,1,3,120.02,18 / 20,2567810,2019-09-06 20:02:53:553,-0.0235,-0.2164,9.91,-0.0034,0.002,9.8066,-0.004,0.0103,-0.0049,-17.06,-34.87,25.13,325.36,-82.68,-175.38
52.386677,-1.535525,145.44,1,3,120.02,18 / 20,2567910,2019-09-06 20:02:53:653,0.0439,-0.0857,9.8513,0.0046,-0.0026,9.8066,0.0064,0.004,0.0128,-16.56,-34.37,24.44,324.1,-82.68,-175.4
52.386677,-1.535525,145.44,1,3,120.02,18 / 20,2568009,2019-09-06 20:02:53:752,0.0937,-0.3134,9.7772,-0.0019,0.0002,9.8066,-0.0172,0.0227,0.0054,-17.12,-34.5,24.69,325.39,-82.64,-175.46
52.386677,-1.535525,145.44,1,3,120.02,18 / 20,2568109,2019-09-06 20:02:53:852,0.1011,-0.2408,9.9033,0.0047,-0.0056,9.8066,-0.0167,-0.0083,0.0105,-17.25,-34.44,25.25,325.41,-82.62,-175.44
52.386677,-1.535525,145.44,1,3,120.02,18 / 20,2568209,2019-09-06 20:02:53:952,0.0096,0.1321,9.8243,0.0066,-0.0074,9.8066,0.0174,-0.0048,0.0033,-17.56,-34.44,24.69,323.69,-82.58,-175.47
52.386677,-1.535525,145.44,1,3,120.02,18 / 20,2568310,2019-09-06 20:02:54:053,0.1524,-0.2923,9.6749,-0.0055,0.0042,9.8066,0.0218,-0.0216,-0.0068,-17.25,-34.44,24.69,325.52,-82.65,-175.36
52.386677,-1.535525,145.44,1,3,120.02,18 / 21,2568410,2019-09-06 20:02:54:153,0.2255,-0.1901,10.0068,-0.0016,0.0024,9.8066,-0.0059,-0.0182,0.0016,-17.25,-34,25.13,325.51,-82.61,-175.34
52.386677,-1.535525,145.44,1,3,120.02,18 / 21,2568510,2019-09-06 20:02:54:253,-0.0024,-0.0221,9.8608,0.0025,-0.004,9.8066,-0.0141,-0.0126,-0.0096,-16.56,-33.56,25,325.51,-82.61,-175.35
52.386677,-1.535525,145.44,1,3,120.02,18 / 21,2568610,2019-09-06 20:02:54:353,-0.0297,-0.1604,9.7572,0.002,-0.0016,9.8066,0.0121,0.001,0.0032,-16.62,-34.19,25.13,325.42,-82.57,-175.39
52.386677,-1.535525,145.44,1,3,120.02,18 / 21,2568710,2019-09-06 20:02:54:453,0.2432,-0.1362,9.9108,0.0029,-0.0021,9.8066,-0.0021,0.0101,0.0035,-16.37,-34.12,25.13,326.95,-82.55,-175.55
52.386677,-1.535525,145.44,1,3,120.02,18 / 21,2568810,2019-09-06 20:02:54:553,0.0923,-0.0913,9.8797,0.0021,-0.0007,9.8066,0.0128,0.0151,0.01,-16.25,-34.12,25.13,326.89,-82.54,-175.6
52.386677,-1.535525,145.44,1,3,120.02,18 / 21,2568909,2019-09-06 20:02:54:652,-0.004,-0.1743,9.8747,-0.0032,0.0035,9.8065,0.0101,0.0078,0.0033,-16.62,-33.5,24.81,325.34,-82.56,-175.59
52.386677,-1.535525,145.44,1,3,120.02,18 / 21,2569010,2019-09-06 20:02:54:753,0.1356,-0.0179,9.8858,-0.0053,0.0052,9.8066,0.0099,-0.0061,0.0165,-16.69,-33.75,25,325.25,-82.54,-175.52
52.386677,-1.535525,145.44,1,3,120.02,18 / 21,2569110,2019-09-06 20:02:54:853,0.24,-0.1671,9.8917,0.0018,-0.0032,9.8066,-0.0054,-0.015,-0.0099,-17.25,-34.31,25.13,325.16,-82.54,-175.6
52.386677,-1.535525,145.44,1,3,120.02,18 / 21,2569209,2019-09-06 20:02:54:952,0.1137,-0.0478,9.9394,0.0014,-0.0015,9.8066,0.0095,-0.0264,-0.0026,-16.62,-33.31,25,325.3,-82.51,-175.6
52.386677,-1.535525,145.44,1,3,120.02,18 / 21,2569309,2019-09-06 20:02:55:052,0.1184,-0.1911,9.7811,-0.0028,-0.0005,9.8066,0.005,-0.0224,-0.0101,-16.12,-34.19,25.06,326.95,-82.51,-175.53
52.386677,-1.535525,145.44,1,3,120.02,17 / 21,2569410,2019-09-06 20:02:55:153,0.2986,-0.1664,9.845,0.0014,0.0004,9.8066,0.001,-0.0104,0.0091,-16.56,-34.06,24.94,325.18,-82.51,-175.56
52.386677,-1.535525,145.44,1,3,120.02,17 / 21,2569509,2019-09-06 20:02:55:252,0.1968,-0.0775,9.9291,-0.0012,-0.0004,9.8066,0.0004,0.0183,-0.0035,-16.94,-34.5,24.56,325.19,-82.5,-175.55
52.386677,-1.535525,145.44,1,3,120.02,17 / 21,2569610,2019-09-06 20:02:55:353,0.124,-0.0744,9.8389,0.0001,0.0026,9.8066,0.0009,0.0099,0.0165,-17.19,-33.94,24.88,325.08,-82.51,-175.64
52.386677,-1.535525,145.44,1,3,120.02,17 / 21,2569710,2019-09-06 20:02:55:453,0.2035,-0.2833,9.7994,0.0021,-0.002,9.8066,-0.0119,0.021,0.004,-16.75,-34.06,24.25,323.7,-82.49,-175.61
52.386677,-1.535525,145.44,1,3,120.02,17 / 21,2569810,2019-09-06 20:02:55:553,0.3014,0.0023,9.8896,0.0038,-0.0033,9.8066,0.0114,-0.0106,0.0039,-16.56,-34,25.06,325.04,-82.47,-175.65
52.386677,-1.535525,145.44,1,3,120.02,17 / 21,2569910,2019-09-06 20:02:55:653,0.0383,-0.0881,9.8774,-0.0028,0.0031,9.8066,0.0088,-0.0065,-0.0087,-16.56,-34.25,24.31,323.74,-82.46,-175.55
52.386677,-1.535525,145.44,1,3,120.02,17 / 21,2570009,2019-09-06 20:02:55:752,0.0432,-0.2311,9.7643,-0.0026,0.0041,9.8066,-0.0105,-0.0217,-0.0083,-17.06,-34.19,24.44,323.66,-82.46,-175.62
52.386677,-1.535525,145.44,1,3,120.02,17 / 21,2570110,2019-09-06 20:02:55:853,0.3173,-0.1277,9.8344,0.0031,-0.0006,9.8066,0.0024,-0.0095,-0.0085,-17.12,-34.19,24.75,325.05,-82.43,-175.62
52.386677,-1.535525,145.44,1,3,120.02,17 / 21,2570210,2019-09-06 20:02:55:953,0.053,-0.162,9.922,0.0007,-0.0014,9.8066,0.0047,0.0008,-0.0061,-17,-34.37,24.88,324.97,-82.43,-175.69
52.386677,-1.535525,145.44,1,3,120.02,17 / 21,2570309,2019-09-06 20:02:56:052,-0.0036,-0.1446,9.7888,0.002,0.0006,9.8066,0.0095,0.0097,0.0092,-17,-35,24.75,324.87,-82.42,-175.63
52.386677,-1.535525,145.44,1,3,120.02,17 / 19,2570410,2019-09-06 20:02:56:153,-0.0549,-0.1182,9.9257,-0.0023,0.0016,9.8065,0.0011,0.0197,0.0031,-17.19,-34.62,24.44,323.31,-82.41,-175.73
52.386677,-1.535525,145.44,1,3,120.02,17 / 19,2570509,2019-09-06 20:02:56:252,0.016,-0.0503,9.8492,-0.0037,0.0038,9.8066,0.0072,0.0135,0.0078,-17,-34.69,24.44,323.41,-82.42,-175.65
52.386677,-1.535525,145.44,1,3,120.02,17 / 19,2570610,2019-09-06 20:02:56:353,0.1178,-0.25,9.7587,-0.0025,0.0028,9.8066,-0.0232,-0.0026,-0.0023,-16.81,-34.37,25,324.95,-82.41,-175.69
52.386677,-1.535525,145.44,1,3,120.02,17 / 19,2570710,2019-09-06 20:02:56:453,0.1233,-0.1988,9.9396,0.0036,-0.0025,9.8066,-0.0176,-0.0161,0.0045,-17.06,-34.69,24.5,324.73,-82.38,-175.72
52.386677,-1.535525,145.44,1,3,120.02,17 / 19,2570810,2019-09-06 20:02:56:553,0.0348,-0.0833,9.9121,0.0025,-0.0051,9.8066,0.0144,-0.0201,-0.018,-16.69,-34.06,24.56,324.99,-82.37,-175.62
52.386677,-1.535525,145.44,1,3,120.02,17 / 19,2570910,2019-09-06 20:02:56:653,-0.0098,-0.1066,9.785,-0.0024,0.0029,9.8065,0.0263,-0.0209,-0.0066,-16.56,-34.75,25.06,324.8,-82.38,-175.65
52.386677,-1.535525,145.44,1,3,120.02,17 / 19,2571010,2019-09-06 20:02:56:753,0.2756,-0.3003,9.9051,0.0002,0.0001,9.8066,-0.0026,0.0103,-0.0069,-16.75,-34.94,24.75,324.78,-82.38,-175.67
52.386677,-1.535525,145.44,1,3,120.02,17 / 19,2571110,2019-09-06 20:02:56:853,0.0975,-0.1176,9.8995,0.0008,-0.0003,9.8066,-0.0019,0.0015,0.0107,-17.12,-34.87,24.81,324.64,-82.37,-175.78
52.386677,-1.535525,145.44,1,3,120.02,17 / 19,2571210,2019-09-06 20:02:56:953,-0.1133,-0.0537,9.831,-0.0003,-0.0005,9.8066,0.0098,0.0225,0.0034,-17.19,-34.37,24.25,323.41,-82.36,-175.76
52.386677,-1.535525,145.44,1,3,120.02,17 / 19,2571310,2019-09-06 20:02:57:053,0.1705,-0.1794,9.8194,0.0026,-0.0016,9.8066,-0.0049,0.009,0.0144,-17.31,-34.87,24.63,324.63,-82.36,-175.79
52.386677,-1.535525,145.44,1,3,120.02,17 / 20,2571410,2019-09-06 20:02:57:153,0.1906,-0.1581,9.8736,0.0011,-0.003,9.8066,-0.0032,-0.0156,-0.0015,-16.81,-34.56,24.75,324.61,-82.33,-175.79
52.386677,-1.535525,145.44,1,3,120.02,17 / 20,2571509,2019-09-06 20:02:57:252,-0.1035,0.0232,9.9304,-0.0019,0.0007,9.8066,0.0211,0.01,0.0048,-16.81,-34.56,24.75,324.69,-82.34,-175.72
52.386677,-1.535525,145.44,1,3,120.02,17 / 20,2571610,2019-09-06 20:02:57:353,0.1776,-0.1705,9.8493,-0.0033,0.002,9.8066,0.001,0.0121,0.0125,-17.31,-34.75,24.69,324.76,-82.34,-175.66
52.386677,-1.535525,145.44,1,3,120.02,17 / 20,2571710,2019-09-06 20:02:57:453,0.0804,-0.0957,9.7953,0.002,-0.0027,9.8066,0.0086,0.0073,0.0061,-16.81,-33.94,25,324.88,-82.32,-175.68
52.386677,-1.535525,145.44,1,3,120.02,17 / 20,2571810,2019-09-06 20:02:57:553,0.0222,-0.0356,9.9482,0.0002,-0.0005,9.8066,-0.0037,-0.0074,0.0053,-16.75,-34.94,24.69,324.77,-82.32,-175.64
52.386677,-1.535525,145.44,1,3,120.02,17 / 20,2571910,2019-09-06 20:02:57:653,0.078,-0.0416,9.8029,0,0.0001,9.8066,-0.0036,-0.0169,0.0026,-17.12,-35.5,24.13,323.2,-82.31,-175.75
52.386677,-1.535525,145.44,1,3,120.02,17 / 20,2572010,2019-09-06 20:02:57:753,0.0105,-0.05,9.8259,0.0015,0.0007,9.8065,-0.015,-0.0196,-0.0113,-17.37,-34.31,24.38,323.47,-82.31,-175.67
52.386677,-1.535525,145.44,1,3,120.02,17 / 20,2572109,2019-09-06 20:02:57:852,0.1822,0.0221,9.9891,0.0013,-0.0015,9.8066,0.0156,-0.0223,0.0054,-16.5,-34.94,24.56,326.3,-82.28,-175.78
52.386677,-1.535525,145.44,1,3,120.02,17 / 20,2572209,2019-09-06 20:02:57:952,0.0457,-0.0373,9.8378,-0.0019,0.0023,9.8066,0.0047,-0.0016,-0.0057,-16.62,-35.06,25,324.57,-82.27,-175.77
52.386677,-1.535525,145.44,1,3,120.02,17 / 20,2572309,2019-09-06 20:02:58:052,-0.0486,-0.0006,9.7483,0.0019,-0.0036,9.8066,0.0025,0.0127,0.0091,-16.69,-34.62,24.69,324.54,-82.24,-175.77
52.386677,-1.535525,145.44,1,3,120.02,17 / 20,2572411,2019-09-06 20:02:58:154,0.1414,0.0433,9.9217,-0.0019,0.0026,9.8066,0.0269,-0.0249,-0.0009,-16.75,-34.75,24.38,323.08,-82.24,-175.8
52.386677,-1.535525,145.44,1,3,120.02,17 / 20,2572509,2019-09-06 20:02:58:252,0.0434,-0.0227,9.8281,-0.0005,-0.0005,9.8066,0.0147,-0.0064,-0.0126,-16.75,-34.56,24.25,323.09,-82.24,-175.79
52.386677,-1.535525,145.44,1,3,120.02,17 / 20,2572610,2019-09-06 20:02:58:353,-0.0226,0.0511,9.754,0.0002,0.0014,9.8066,0.003,0.0015,0.0158,-16.75,-34.37,24.31,323.17,-82.24,-175.88
52.386677,-1.535525,145.44,1,3,120.02,17 / 20,2572710,2019-09-06 20:02:58:453,0.2144,-0.0936,9.8533,-0.0006,-0.0013,9.8066,-0.007,0.0142,-0.0002,-16.75,-35.19,24.31,322.99,-82.22,-175.86
52.386677,-1.535525,145.44,1,3,120.02,17 / 20,2572810,2019-09-06 20:02:58:553,0.0233,-0.0673,9.8754,-0.001,0.0017,9.8066,-0.0055,-0.0027,0.014,-16.56,-34.69,24.69,324.41,-82.22,-175.87
52.386677,-1.535525,145.44,1,3,120.02,17 / 20,2572910,2019-09-06 20:02:58:653,-0.0498,0.0614,9.8143,0.0032,-0.003,9.8066,-0.0132,0.0008,-0.003,-17.12,-34.44,24.56,324.54,-82.21,-175.9
52.386677,-1.535525,145.44,1,3,120.02,17 / 20,2573010,2019-09-06 20:02:58:753,0.2408,0.0262,9.7867,0.0025,-0.0025,9.8066,0.0141,-0.0187,0.0102,-16.94,-35.12,24.5,324.26,-82.19,-175.98
52.386677,-1.535525,145.44,1,3,120.02,17 / 20,2573110,2019-09-06 20:02:58:853,-0.0134,-0.0507,9.972,-0.0041,-0.0004,9.8066,0.0111,-0.0044,-0.0194,-17.62,-34.62,25.19,322.84,-82.19,-175.78
52.386677,-1.535525,145.44,1,3,120.02,17 / 20,2573209,2019-09-06 20:02:58:952,0.0207,0.0122,9.8876,-0.0006,0.0041,9.8066,-0.0186,-0.0185,0.0006,-17.06,-35.19,24.56,324.4,-82.19,-175.86
52.386677,-1.535525,145.44,1,3,120.02,17 / 20,2573309,2019-09-06 20:02:59:052,0.0367,0.028,9.6691,0.0015,-0.0011,9.8066,-0.0069,-0.0046,-0.0135,-17.12,-34.81,24.13,322.94,-82.18,-175.87
52.386677,-1.535525,145.44,1,3,120.02,17 / 18,2573410,2019-09-06 20:02:59:153,0.0686,-0.1392,9.9043,-0.0038,0.0044,9.8066,0.0083,-0.0027,-0.0085,-17.31,-34.25,24.56,324.43,-82.2,-175.99
52.386677,-1.535525,145.44,1,3,120.02,17 / 18,2573509,2019-09-06 20:02:59:252,-0.0893,-0.1113,9.8337,-0.0033,0.0018,9.8066,0.03,0.0067,0.0077,-16.87,-34.62,24.94,324.32,-82.19,-175.93
52.386677,-1.535525,145.44,1,3,120.02,17 / 18,2573610,2019-09-06 20:02:59:353,0.2438,-0.2524,9.9016,0.004,-0.0028,9.8066,0.0108,0.0037,0.0066,-17.37,-34.81,23.81,322.83,-82.16,-175.96
52.386677,-1.535525,145.44,1,3,120.02,17 / 18,2573710,2019-09-06 20:02:59:453,-0.0756,-0.0138,9.7942,0.0031,-0.0042,9.8066,0.0046,0.0224,0.0099,-17.25,-34.5,24.81,324.38,-82.15,-176
52.386677,-1.535525,145.44,1,3,120.02,17 / 18,2573810,2019-09-06 20:02:59:553,0.0481,-0.1312,9.7947,0.0007,0.0019,9.8066,-0.014,0.0082,0.0037,-17.5,-34.75,24.5,324.16,-82.15,-176.04
52.386677,-1.535525,145.44,1,3,120.02,17 / 18,2573909,2019-09-06 20:02:59:652,0.1346,-0.2136,9.9166,-0.0008,-0.0006,9.8066,-0.0163,-0.0088,0.0031,-17.56,-35.19,24.88,322.48,-82.15,-176.07
52.386677,-1.535525,145.44,1,3,120.02,17 / 18,2574009,2019-09-06 20:02:59:752,0.0722,-0.0836,9.8969,0.0004,0.0015,9.8066,0.0173,-0.0108,-0.0087,-16.75,-34.5,24.31,322.75,-82.15,-176.17
52.386677,-1.535525,145.44,1,3,120.02,17 / 18,2574110,2019-09-06 20:02:59:853,-0.1046,-0.0523,9.8317,-0.0006,-0.0004,9.8066,0.0141,-0.0274,-0.0006,-16.87,-34.69,24.94,324.04,-82.13,-176.13
52.386677,-1.535525,145.44,1,3,120.02,17 / 18,2574209,2019-09-06 20:02:59:952,0.1762,-0.1396,9.8902,0.0018,-0.0006,9.8065,-0.0069,0.0053,-0.012,-16.94,-34.25,24.88,324.11,-82.11,-176.21
52.386677,-1.535525,145.44,1,3,120.02,17 / 18,2574310,2019-09-06 20:03:00:053,0.0901,-0.1348,9.8726,0.001,-0.0032,9.8066,-0.0021,-0.0086,0.0063,-17,-34.44,24.44,322.76,-82.1,-176.13
52.386677,-1.535525,145.44,1,3,120.02,19 / 20,2574410,2019-09-06 20:03:00:153,0.0248,-0.222,9.778,-0.001,0.0022,9.8066,0.0063,0.0254,0.0061,-16.94,-34.37,24.25,322.78,-82.1,-176.12
52.386677,-1.535525,145.44,1,3,120.02,19 / 20,2574509,2019-09-06 20:03:00:252,0.1449,-0.1727,9.9253,0.0019,-0.0007,9.8066,-0.0028,0.0036,0.0107,-16.87,-34.37,24.88,324.26,-82.11,-176.08
52.386677,-1.535525,145.44,1,3,120.02,19 / 20,2574609,2019-09-06 20:03:00:352,-0.0282,0.0961,9.8028,0.0007,-0.0014,9.8066,0.0073,0.0006,0.005,-16.56,-34.87,24.19,322.51,-82.1,-176.18
52.386677,-1.535525,145.44,1,3,120.02,19 / 20,2574710,2019-09-06 20:03:00:453,0.0158,-0.2064,9.8187,0.0002,-0.0004,9.8066,0.017,-0.0201,-0.002,-17.12,-34.69,24.63,323.99,-82.1,-176.15
52.386677,-1.535525,145.44,1,3,120.02,19 / 20,2574810,2019-09-06 20:03:00:553,0.1292,-0.1556,9.9662,0.0029,-0.0036,9.8066,-0.0106,-0.0143,-0.0043,-17.06,-34.06,24.38,322.63,-82.11,-176.25
52.386677,-1.535525,145.44,1,3,120.02,19 / 20,2574909,2019-09-06 20:03:00:652,-0.0099,-0.0145,9.8416,0.0011,-0.0025,9.8066,-0.016,-0.0117,-0.0038,-17.12,-34.87,25.31,323.95,-82.09,-176.18
52.386677,-1.535525,145.44,1,3,120.02,19 / 20,2575010,2019-09-06 20:03:00:753,-0.0665,-0.0878,9.8137,-0.002,0.0011,9.8066,0.0269,0.0025,0.0014,-17.19,-34.31,24.81,324.2,-82.1,-176.12
52.386677,-1.535525,145.44,1,3,120.02,19 / 20,2575110,2019-09-06 20:03:00:853,0.1695,-0.1982,9.9084,-0.0037,0.0007,9.8066,-0.0031,0.0142,0.01,-16.81,-34.06,24.5,324.34,-82.09,-175.99
52.386677,-1.535525,145.44,1,3,120.02,19 / 20,2575210,2019-09-06 20:03:00:953,0.0386,0.0433,9.8778,0.0015,-0.0036,9.8066,0.0142,0.0147,0.0174,-16.75,-34.44,24.44,322.94,-82.07,-175.95
52.386677,-1.535525,145.44,1,3,120.02,19 / 20,2575309,2019-09-06 20:03:01:052,-0.1315,0.0069,9.8957,0.0018,-0.0002,9.8066,-0.0058,0.0061,0.0043,-16.56,-34.56,24.38,322.73,-82.07,-175.97
52.386677,-1.535525,145.44,1,3,120.02,17 / 19,2575410,2019-09-06 20:03:01:153,0.1747,-0.123,9.8142,-0.0018,0.0003,9.8066,-0.0158,-0.0124,0.0057,-17,-34.19,24.56,324.3,-82.06,-176
52.386677,-1.535525,145.44,1,3,120.02,17 / 19,2575509,2019-09-06 20:03:01:252,0.2011,-0.099,9.8769,0.0006,0.0007,9.8066,-0.0294,-0.0115,-0.0065,-16.81,-34.62,25.19,324.16,-82.07,-175.98
52.386677,-1.535525,145.44,1,3,120.02,17 / 19,2575610,2019-09-06 20:03:01:353,0.0003,0.0286,9.9495,0,0.0001,9.8066,0.0212,-0.0355,0.0028,-17.06,-34.37,24.5,324.26,-82.06,-176.04
52.386677,-1.535525,145.44,1,3,120.02,17 / 19,2575710,2019-09-06 20:03:01:453,0.0877,-0.0159,9.8162,-0.0013,0.0013,9.8066,0.0136,-0.0155,-0.0197,-16.81,-34.56,24.44,322.66,-82.06,-176.01
52.386677,-1.535525,145.44,1,3,120.02,17 / 19,2575810,2019-09-06 20:03:01:553,0.255,-0.2667,9.8394,0.0016,-0.003,9.8066,-0.0031,-0.0087,0.0014,-17.06,-34.62,24.56,324.07,-82.02,-176.02
52.386677,-1.535525,145.44,1,3,120.02,17 / 19,2575910,2019-09-06 20:03:01:653,0.1611,-0.0312,9.9124,0.0039,-0.0037,9.8066,0.0029,0.0062,-0.006,-17.25,-34.37,23.94,322.76,-82.02,-176.07
52.386677,-1.535525,145.44,1,3,120.02,17 / 19,2576010,2019-09-06 20:03:01:753,0.0245,0.0287,9.8706,-0.0029,0.0024,9.8066,0.008,0.0098,0.014,-17.19,-34.31,24.75,324.24,-82.02,-176.03
52.386677,-1.535525,145.44,1,3,120.02,17 / 19,2576110,2019-09-06 20:03:01:853,0.1021,-0.1831,9.75,0.0008,-0.0019,9.8065,-0.0013,0.0217,0.0048,-16.75,-34.19,24.56,324.26,-82.04,-176.02
52.386677,-1.535525,145.44,1,3,120.02,17 / 19,2576209,2019-09-06 20:03:01:952,0.278,-0.1411,9.8055,0,-0.0011,9.8066,-0.007,0.012,0.0074,-17.25,-34.5,24.5,324.32,-82.03,-175.96
52.386677,-1.535525,145.44,1,3,120.02,17 / 19,2576310,2019-09-06 20:03:02:053,0.0542,-0.0176,9.9291,0.0012,-0.0014,9.8066,0.0057,0.0071,-0.0002,-16.69,-34.69,24.44,322.67,-82.02,-175.98
52.386677,-1.535525,145.44,1,3,120.02,17 / 19,2576409,2019-09-06 20:03:02:152,-0.1106,0.0461,9.9392,0.0003,0.0007,9.8066,-0.0277,-0.0137,-0.0011,-17,-34,24.44,322.87,-82.02,-175.97
52.386677,-1.535525,145.44,1,3,120.02,17 / 19,2576510,2019-09-06 20:03:02:253,0.1127,-0.0198,9.6904,0.0022,-0.0039,9.8066,-0.0103,-0.0187,-0.0056,-17.19,-34.56,25.38,324.15,-82.01,-175.94
52.386677,-1.535525,145.44,1,3,120.02,17 / 19,2576610,2019-09-06 20:03:02:353,0.0585,-0.0553,9.8759,-0.0026,0.0035,9.8066,0.0176,-0.0119,-0.0122,-16.94,-34.25,24.13,322.87,-82,-175.95
52.386677,-1.535525,145.44,1,3,120.02,17 / 19,2576710,2019-09-06 20:03:02:453,-0.1462,-0.0312,9.8581,-0.0034,0.003,9.8066,0.0278,-0.0072,0.001,-16.87,-34.37,24.06,322.92,-82.01,-175.93
52.386677,-1.535525,145.44,1,3,120.02,17 / 19,2576810,2019-09-06 20:03:02:553,0.0385,-0.0404,9.7335,0.0036,-0.0029,9.8066,-0.0127,0.0116,-0.0023,-17.37,-34.62,24.25,322.71,-81.98,-175.91
52.386677,-1.535525,145.44,1,3,120.02,17 / 19,2576910,2019-09-06 20:03:02:653,0.0697,-0.0419,9.894,0.0021,-0.0038,9.8066,-0.0024,0.0144,0.0051,-17.44,-33.69,24.31,322.92,-81.97,-175.89
52.386677,-1.535525,145.44,1,3,120.02,17 / 19,2577009,2019-09-06 20:03:02:752,-0.1635,0.0254,9.9112,-0.0001,0.0013,9.8065,-0.0094,0.0073,0.0017,-17.19,-33.87,24.31,322.95,-81.98,-175.88
52.386677,-1.535525,145.44,1,3,120.02,17 / 19,2577110,2019-09-06 20:03:02:853,-0.0386,-0.0626,9.7282,0.0002,0.0005,9.8066,-0.0044,-0.0106,0.0048,-17.37,-34.44,24.81,324.29,-81.98,-175.96
52.386677,-1.535525,145.44,1,3,120.02,17 / 19,2577209,2019-09-06 20:03:02:952,0.0857,-0.1007,9.8739,-0.0007,0.0005,9.8065,0.0177,-0.016,-0.0121,-16.94,-34.06,24.44,322.79,-81.97,-176
52.386677,-1.535525,145.44,1,3,120.02,17 / 19,2577310,2019-09-06 20:03:03:053,-0.0877,0.033,9.9304,-0.0015,0.0009,9.8066,0.0284,-0.0185,0.0041,-17.25,-33.87,24.25,322.81,-81.96,-175.98
52.386677,-1.535525,145.44,1,3,120.02,17 / 20,2577409,2019-09-06 20:03:03:152,-0.1152,0.0349,9.7752,0.0046,-0.0039,9.8066,-0.0105,0.0097,-0.0116,-17.06,-34.56,24.56,323.99,-81.93,-176.02
52.386677,-1.535525,145.44,1,3,120.02,17 / 20,2577510,2019-09-06 20:03:03:253,0.0583,-0.1838,9.7928,-0.0035,0.0025,9.8066,-0.0069,0.0017,0.0124,-17.37,-34,24.69,324.18,-81.93,-176.01
52.386677,-1.535525,145.44,1,3,120.02,17 / 20,2577609,2019-09-06 20:03:03:352,-0.0236,0.0838,9.9762,-0.0017,0.003,9.8066,0.0062,0.0258,0.0073,-17.31,-34.44,23.94,322.78,-81.93,-175.98
52.386677,-1.535525,145.44,1,3,120.02,17 / 20,2577710,2019-09-06 20:03:03:453,-0.1369,-0.0794,9.8633,-0.0015,0.0004,9.8066,-0.0016,0.0054,0.013,-16.94,-33.56,24.06,322.85,-81.93,-175.92
52.386677,-1.535525,145.44,1,3,120.02,17 / 20,2577810,2019-09-06 20:03:03:553,0.0098,-0.0148,9.7567,0.001,-0.001,9.8066,-0.0141,0.0036,0,-17,-34.31,24.5,324.2,-81.93,-176
52.386677,-1.535525,145.44,1,3,120.02,17 / 20,2577910,2019-09-06 20:03:03:653,0.0845,0.1249,9.935,0.0004,-0.0001,9.8066,0.0098,-0.0198,-0.0024,-17.19,-34.19,24.13,322.76,-81.92,-175.99
52.386677,-1.535525,145.44,1,3,120.02,17 / 20,2578009,2019-09-06 20:03:03:752,-0.0693,-0.0617,9.912,0.0019,-0.0032,9.8066,-0.0055,-0.0194,-0.0008,-17.44,-33.94,24.81,324.11,-81.9,-176.06
52.386677,-1.535525,145.44,1,3,120.02,17 / 20,2578110,2019-09-06 20:03:03:853,-0.0706,0.0606,9.7581,-0.0017,0.0022,9.8066,-0.0101,-0.0147,-0.0042,-16.69,-34.5,24.56,324.16,-81.89,-176.01
52.386677,-1.535525,145.44,1,3,120.02,17 / 20,2578209,2019-09-06 20:03:03:952,0.1601,0.0276,9.8685,-0.0017,0.0011,9.8066,0.0279,-0.0086,0.0065,-16.81,-34.25,24.19,322.69,-81.89,-176.03
52.386677,-1.535525,145.44,1,3,120.02,17 / 20,2578310,2019-09-06 20:03:04:053,-0.0675,-0.0353,9.9359,-0.002,0.0036,9.8066,0.0087,0.0093,-0.0041,-16.69,-34.5,24.5,324.17,-81.9,-176.01
52.386677,-1.535525,145.44,1,3,120.02,16 / 19,2578409,2019-09-06 20:03:04:152,-0.099,0.124,9.872,0.0032,-0.005,9.8066,0.0121,0.0147,0.017,-16.87,-34.31,24.63,324.22,-81.87,-175.94
52.386677,-1.535525,145.44,1,3,120.02,16 / 19,2578510,2019-09-06 20:03:04:253,0.079,0.0273,9.7358,-0.0003,0.0022,9.8066,0.0036,0.0147,0.0004,-16.94,-34.69,24.75,323.97,-81.88,-176
52.386677,-1.535525,145.44,1,3,120.02,16 / 19,2578609,2019-09-06 20:03:04:352,0.2734,-0.2279,9.8738,-0.0022,0.0019,9.8066,-0.0116,-0.005,0.017,-17.12,-34.12,24.25,322.65,-81.87,-176.04
52.386677,-1.535525,145.44,1,3,120.02,16 / 19,2578710,2019-09-06 20:03:04:453,0.054,0.0785,9.9112,0.0022,-0.0009,9.8066,-0.0213,0.0017,-0.0046,-16.94,-34.19,24.5,324.04,-81.88,-176.1
52.386677,-1.535525,145.44,1,3,120.02,16 / 19,2578809,2019-09-06 20:03:04:552,-0.0634,-0.0326,9.7407,-0.0002,-0.0011,9.8066,0.0136,-0.0295,-0.0041,-17.44,-34.12,23.88,322.58,-81.86,-176.1
52.386677,-1.535525,145.44,1,3,120.02,16 / 19,2578910,2019-09-06 20:03:04:653,0.1735,0.0055,9.8088,0.0009,-0.0014,9.8066,0.0072,-0.0153,-0.0157,-17.31,-34.56,24.75,323.7,-81.85,-176.21
52.386677,-1.535525,145.44,1,3,120.02,16 / 19,2579009,2019-09-06 20:03:04:752,0.088,-0.1113,9.9021,0.0008,-0.0007,9.8066,-0.0051,-0.0079,-0.0043,-17.37,-34.69,24.31,322.23,-81.83,-176.21
52.386677,-1.535525,145.44,1,3,120.02,16 / 19,2579109,2019-09-06 20:03:04:852,-0.1188,0.0491,9.7377,0.0019,-0.0035,9.8066,0.0049,0.0052,-0.0038,-17.12,-34.5,24.88,323.88,-81.83,-176.2
52.386677,-1.535525,145.44,1,3,120.02,16 / 19,2579210,2019-09-06 20:03:04:953,0.1572,-0.1106,9.8179,-0.0038,0.003,9.8066,0.0018,0.0062,0.0122,-16.75,-34.56,24.94,323.76,-81.81,-176.13
52.386677,-1.535525,145.44,1,3,120.02,16 / 19,2579311,2019-09-06 20:03:05:054,0.1949,-0.0728,9.9323,0.0025,-0.0041,9.8066,-0.0023,0.0229,0,-16.37,-34.19,24.56,325.73,-81.84,-176.11
52.386677,-1.535525,145.44,1,3,120.02,17 / 20,2579409,2019-09-06 20:03:05:152,0.0659,0.0487,9.7278,0.0021,-0.0036,9.8066,0.0017,-0.008,0.0035,-16.94,-34.37,24.75,324.02,-81.82,-176.07
52.386677,-1.535525,145.44,1,3,120.02,17 / 20,2579510,2019-09-06 20:03:05:253,0.0161,-0.0364,9.9116,0.0015,0.0002,9.8066,0.0156,-0.0091,-0.0078,-17,-34.5,24.5,323.89,-81.83,-176.19
52.386677,-1.535525,145.44,1,3,120.02,17 / 20,2579609,2019-09-06 20:03:05:352,0.0777,0.0378,9.9611,0.0004,-0.001,9.8066,-0.0071,-0.0229,-0.0076,-17.12,-34.44,24.44,322.5,-81.82,-176.13
52.386677,-1.535525,145.44,1,3,120.02,17 / 20,2579710,2019-09-06 20:03:05:453,-0.0728,-0.0139,9.7305,0.0002,-0.0019,9.8066,-0.002,-0.0043,-0.0111,-16.69,-34.31,24.56,323.91,-81.82,-176.17
52.386677,-1.535525,145.44,1,3,120.02,17 / 20,2579809,2019-09-06 20:03:05:552,0.0411,-0.1249,9.8789,0.0007,0.0007,9.8066,0.0151,-0.0007,-0.0067,-17,-34.12,24.38,322.49,-81.8,-176.13
52.386677,-1.535525,145.44,1,3,120.02,17 / 20,2579910,2019-09-06 20:03:05:653,0.1414,0.0226,9.8928,-0.0009,-0.0015,9.8066,0.0024,0.0106,0.0077,-16.75,-34.31,24.25,322.38,-81.8,-176.23
52.386677,-1.535525,145.44,1,3,120.02,17 / 20,2580010,2019-09-06 20:03:05:753,-0.1768,-0.0004,9.7625,0.0013,-0.0002,9.8066,-0.0025,0.019,-0.0022,-16.75,-33.62,24.5,323.9,-81.79,-176.16
52.386677,-1.535525,145.44,1,3,120.02,17 / 20,2580110,2019-09-06 20:03:05:853,0.0243,-0.1006,9.8417,0.0007,-0.0019,9.8066,0.0108,0.0081,0.0069,-17.12,-34.56,24.25,322.21,-81.79,-176.2
52.386677,-1.535525,145.44,1,3,120.02,17 / 20,2580210,2019-09-06 20:03:05:953,0.2881,-0.202,9.8303,0.0003,0.0015,9.8066,-0.0195,0.0031,0.0053,-17.44,-34.19,24.56,323.87,-81.81,-176.19
52.386677,-1.535525,145.44,1,3,120.02,17 / 20,2580310,2019-09-06 20:03:06:053,-0.1392,0.0021,9.88,0.0004,0,9.8066,-0.008,-0.006,0.0104,-17.44,-34.25,24.44,322.38,-81.8,-176.22
52.386677,-1.535525,145.44,1,3,120.02,17 / 20,2580410,2019-09-06 20:03:06:153,-0.1233,0.0157,9.7312,-0.0005,0.0006,9.8066,0.0127,-0.0181,-0.0128,-17.12,-34.37,24.38,322.37,-81.79,-176.22
52.386677,-1.535525,145.44,1,3,120.02,17 / 20,2580509,2019-09-06 20:03:06:252,0.104,-0.1345,9.7751,-0.0026,0.0011,9.8066,0.0158,-0.0292,-0.0017,-17.19,-34.56,24.25,322.19,-81.79,-176.21
52.386677,-1.535525,145.44,1,3,120.02,17 / 20,2580610,2019-09-06 20:03:06:353,0.0425,-0.0964,9.9063,0.0027,-0.0038,9.8066,-0.007,-0.0152,-0.0098,-17.12,-34.69,24.75,323.61,-81.75,-176.21
52.386677,-1.535525,145.44,1,3,120.02,17 / 20,2580710,2019-09-06 20:03:06:453,-0.0839,0.0575,9.9312,0.005,-0.0055,9.8066,-0.0139,-0.0141,-0.0069,-17.06,-34.37,24.38,322.32,-81.72,-176.22
52.386677,-1.535525,145.44,1,3,120.02,17 / 20,2580810,2019-09-06 20:03:06:553,-0.0719,0.0095,9.7587,-0.0023,0.0008,9.8066,0.0164,0.0031,0.0098,-16.94,-34.31,24.44,322.42,-81.75,-176.16
52.386677,-1.535525,145.44,1,3,120.02,17 / 20,2580910,2019-09-06 20:03:06:653,0.2211,-0.0916,9.8549,-0.0012,0.0018,9.8066,0.0062,0.0071,0.0048,-16.87,-34.5,24.5,323.92,-81.76,-176.11
52.386677,-1.535525,145.44,1,3,120.02,17 / 20,2581010,2019-09-06 20:03:06:753,-0.0176,0.0054,9.9364,0.0015,-0.0036,9.8066,0.0159,0.0035,0.0093,-17.62,-34.5,24.44,320.9,-81.76,-176.04
52.386677,-1.535525,145.44,1,3,120.02,17 / 20,2581110,2019-09-06 20:03:06:853,-0.1069,0.0909,9.9096,0.0005,0.0005,9.8066,-0.0016,0.0122,0,-16.87,-34,24.31,322.54,-81.75,-176.05
52.386677,-1.535525,145.44,1,3,120.02,17 / 20,2581209,2019-09-06 20:03:06:952,0.0822,0.0067,9.8351,0.0004,0.0009,9.8066,-0.0083,-0.007,0.0115,-17.62,-34.37,24.63,322.31,-81.75,-176.07
52.386677,-1.535525,145.44,1,3,120.02,17 / 20,2581310,2019-09-06 20:03:07:053,0.1797,-0.1505,9.9254,0.0013,0.0002,9.8066,-0.019,-0.0132,-0.0098,-16.56,-34.06,24.19,322.38,-81.75,-176.19
52.386677,-1.535525,145.44,1,3,120.02,17 / 20,2581409,2019-09-06 20:03:07:152,-0.1505,0.0477,9.7691,-0.0018,0.0009,9.8066,0.0246,-0.0258,0.0044,-17.56,-34.06,24.38,320.71,-81.74,-176.19
52.386677,-1.535525,145.44,1,3,120.02,17 / 20,2581510,2019-09-06 20:03:07:253,0.1968,-0.2095,9.9107,-0.0017,0.0023,9.8065,0.019,-0.0033,-0.0091,-17.19,-34.75,24.44,322.16,-81.74,-176.2
52.386677,-1.535525,145.44,1,3,120.02,17 / 20,2581609,2019-09-06 20:03:07:352,0.0083,0.1066,9.8602,0.0033,-0.0039,9.8066,-0.0038,0.002,0.0117,-16.94,-34,24.19,322.38,-81.73,-176.17
52.386677,-1.535525,145.44,1,3,120.02,17 / 20,2581710,2019-09-06 20:03:07:453,0.1052,-0.088,9.7599,0.0018,-0.0022,9.8066,-0.0198,0.0155,-0.0005,-17.25,-34.69,24.31,322.17,-81.72,-176.17
52.386677,-1.535525,145.44,1,3,120.02,17 / 20,2581811,2019-09-06 20:03:07:554,0.1553,-0.0957,9.9099,-0.0011,0.0002,9.8066,-0.0069,-0.0049,0.0117,-17,-34.56,24.94,323.7,-81.72,-176.11
52.386677,-1.535525,145.44,1,3,120.02,17 / 20,2581909,2019-09-06 20:03:07:652,-0.0271,0.0999,9.8606,0.0007,0.0015,9.8065,-0.0161,-0.0085,-0.0154,-17.37,-33.75,24.38,322.33,-81.72,-176.21
52.386677,-1.535525,145.44,1,3,120.02,17 / 20,2582010,2019-09-06 20:03:07:753,0.0989,-0.003,9.7542,-0.001,-0.0018,9.8066,0.0167,-0.0215,0.0056,-16.94,-34.81,24.69,323.6,-81.71,-176.19
52.386677,-1.535525,145.44,1,3,120.02,17 / 20,2582109,2019-09-06 20:03:07:852,0.1878,-0.0798,9.8964,-0.0013,0.0027,9.8066,0.0067,0.0006,-0.0093,-17,-34.81,24.06,322.11,-81.72,-176.22
52.386677,-1.535525,145.44,1,3,120.02,17 / 20,2582210,2019-09-06 20:03:07:953,-0.042,0.054,9.8592,0.0011,-0.004,9.8066,-0.0034,0.0092,0.014,-17,-34.5,24.44,322.34,-81.72,-176.19
52.386677,-1.535525,145.44,1,3,120.02,17 / 20,2582310,2019-09-06 20:03:08:053,0.0486,-0.0217,9.7074,0.0015,-0.0018,9.8066,-0.0048,0.0187,0.0017,-16.94,-34.56,24.31,322.26,-81.71,-176.08
52.386677,-1.535525,145.44,1,3,120.02,17 / 19,2582410,2019-09-06 20:03:08:153,0.0394,-0.0464,9.9103,-0.001,0.0011,9.8066,-0.009,0.0005,0.0136,-16.5,-34,24.44,324.16,-81.71,-176.14
52.386677,-1.535525,145.44,1,3,120.02,17 / 19,2582509,2019-09-06 20:03:08:252,-0.0659,0.1033,9.8024,0.0008,0.0021,9.8066,-0.0231,0.0089,-0.0037,-16.87,-34.31,24.5,323.7,-81.71,-176.26
52.386677,-1.535525,145.44,1,3,120.02,17 / 19,2582610,2019-09-06 20:03:08:353,0.2111,-0.0445,9.7843,-0.001,-0.001,9.8066,0.0086,-0.0229,0.0004,-16.62,-34.06,24.13,322.33,-81.69,-176.18
52.386677,-1.535525,145.44,1,3,120.02,17 / 19,2582710,2019-09-06 20:03:08:453,-0.0414,-0.0686,9.9322,0,0.0014,9.8066,0.0118,-0.016,-0.013,-17.06,-34.06,24.5,323.74,-81.7,-176.23
52.386677,-1.535525,145.44,1,3,120.02,17 / 19,2582810,2019-09-06 20:03:08:553,-0.068,0.1235,9.8777,0.0021,-0.0006,9.8066,-0.0137,-0.0164,-0.0092,-17.44,-34.44,24.31,322.21,-81.69,-176.28
52.386677,-1.535525,145.44,1,3,120.02,17 / 19,2582910,2019-09-06 20:03:08:653,0.0158,0.0851,9.7218,0.0033,-0.0029,9.8066,-0.0102,0.0047,-0.0057,-16.87,-34,24.13,322.08,-81.68,-176.39
52.386677,-1.535525,145.44,1,3,120.02,17 / 19,2583010,2019-09-06 20:03:08:753,-0.0487,0.0081,9.9198,-0.0046,0.0031,9.8066,0.0055,0.0105,0.007,-16.87,-34.56,24.5,323.52,-81.7,-176.25
52.386677,-1.535525,145.44,1,3,120.02,17 / 19,2583110,2019-09-06 20:03:08:853,0.0764,-0.044,9.9149,-0.0029,0.0036,9.8066,0.0061,0.0273,0.0008,-16.62,-34.31,24.19,322.22,-81.7,-176.29
52.386677,-1.535525,145.44,1,3,120.02,17 / 19,2583209,2019-09-06 20:03:08:952,-0.1236,0.0046,9.7134,0.0027,-0.0007,9.8066,-0.0049,0.0102,-0.0023,-16.81,-34.12,24.38,322.22,-81.68,-176.27
52.386677,-1.535525,145.44,1,3,120.02,17 / 19,2583310,2019-09-06 20:03:09:053,0.0726,-0.0829,9.8464,0.0028,-0.0027,9.8066,0.0007,0.0069,0.0051,-16.81,-33.69,24.56,323.55,-81.68,-176.38
52.386677,-1.535525,145.44,1,3,120.02,17 / 20,2583410,2019-09-06 20:03:09:153,0.1553,-0.005,9.8876,-0.0003,0.0024,9.8066,-0.0166,-0.0006,-0.0022,-17,-34.56,23.75,321.88,-81.7,-176.41
52.386677,-1.535525,145.44,1,3,120.02,17 / 20,2583509,2019-09-06 20:03:09:252,-0.1663,-0.0251,9.8128,0.0012,-0.0016,9.8066,-0.0083,-0.0133,-0.0046,-16.87,-34.62,23.88,321.85,-81.69,-176.42
52.386677,-1.535525,145.44,1,3,120.02,17 / 20,2583609,2019-09-06 20:03:09:352,-0.006,-0.049,9.8259,-0.0004,0.0007,9.8066,0.0128,-0.0179,-0.0131,-17.12,-34.5,24.63,323.55,-81.68,-176.38
52.386677,-1.535525,145.44,1,3,120.02,17 / 20,2583710,2019-09-06 20:03:09:453,0.2365,-0.1019,9.8424,-0.0022,0.0028,9.8065,0.0215,-0.0059,0.0029,-16.87,-35,24.31,321.84,-81.67,-176.42
52.386677,-1.535525,145.44,1,3,120.02,17 / 20,2583809,2019-09-06 20:03:09:552,-0.1432,-0.0017,9.8567,0.0029,-0.0022,9.8066,-0.0035,0.0173,-0.0032,-17.44,-34,24.19,322.11,-81.69,-176.37
52.386677,-1.535525,145.44,1,3,120.02,17 / 20,2583910,2019-09-06 20:03:09:653,-0.1536,-0.008,9.7707,0.0022,-0.0038,9.8066,-0.0019,0.0199,0.0121,-17.19,-34.19,25.13,323.54,-81.65,-176.36
52.386677,-1.535525,145.44,1,3,120.02,17 / 20,2584010,2019-09-06 20:03:09:753,0.1958,-0.1564,9.8047,0.0006,0.0023,9.8066,-0.0048,0.0144,0.0038,-17.06,-33.94,24.31,322.11,-81.66,-176.35
52.386677,-1.535525,145.44,1,3,120.02,17 / 20,2584109,2019-09-06 20:03:09:852,-0.1211,-0.0866,9.8698,-0.0004,0.0008,9.8066,-0.0081,-0.0144,0.0128,-17.31,-34.19,24.38,322.11,-81.67,-176.36
52.386677,-1.535525,145.44,1,3,120.02,17 / 20,2584210,2019-09-06 20:03:09:953,-0.0528,0.3852,9.7567,-0.0044,0.005,9.8066,-0.0072,-0.0127,0.0001,-16.81,-34.37,24.5,323.44,-81.68,-176.47
52.386677,-1.535525,145.44,1,3,120.02,17 / 20,2584310,2019-09-06 20:03:10:053,0.2137,0.0067,9.9114,-0.0035,0.0027,9.8066,-0.0011,-0.0363,0.0112,-16.25,-34.31,24.38,323.88,-81.66,-176.33
52.386677,-1.535525,145.44,1,3,120.02,17 / 20,2584410,2019-09-06 20:03:10:153,-0.1512,-0.1843,9.747,0.0043,-0.0041,9.8066,-0.0402,-0.0071,-0.0072,-17.12,-33.81,24.19,321.98,-81.68,-176.48
52.386677,-1.535525,145.44,1,3,120.02,17 / 20,2584509,2019-09-06 20:03:10:252,-0.0914,-0.0851,9.8039,0.0045,-0.0073,9.8066,-0.024,-0.0005,0.0279,-17.56,-34.19,23.88,320.39,-81.63,-176.37
52.386677,-1.535525,145.44,1,3,120.02,17 / 20,2584609,2019-09-06 20:03:10:352,-0.0602,0.1343,9.7705,-0.0029,0.0062,9.8066,0.0164,-0.0088,-0.0112,-17.12,-34.06,24.31,321.97,-81.67,-176.48
52.386677,-1.535525,145.44,1,3,120.02,17 / 20,2584710,2019-09-06 20:03:10:453,0.3191,-0.3069,9.848,-0.0029,0.002,9.8066,0.0179,-0.0095,0.0008,-16.69,-33.94,24.31,322.01,-81.66,-176.44
52.386677,-1.535525,145.44,1,3,120.02,17 / 20,2584810,2019-09-06 20:03:10:553,-0.2119,0.1968,9.8711,0.0012,-0.0023,9.8066,0.0203,0.0006,0.0059,-17.19,-34.31,24.5,323.54,-81.63,-176.35
52.386677,-1.535525,145.44,1,3,120.02,17 / 20,2584910,2019-09-06 20:03:10:653,0.3886,-0.4004,9.8348,0.001,-0.0006,9.8066,0.0028,-0.0072,-0.0043,-16.75,-34,24.25,322.05,-81.63,-176.38
52.386677,-1.535525,145.44,1,3,120.02,17 / 20,2585009,2019-09-06 20:03:10:752,-0.2581,0.1905,9.9332,0.0006,0,9.8066,0.0161,0.0064,-0.0058,-17.19,-33.44,23.81,322.23,-81.61,-176.38
52.386677,-1.535525,145.44,1,3,120.02,17 / 20,2585109,2019-09-06 20:03:10:852,0.2545,-0.2633,9.845,-0.0009,0.0001,9.8066,0.0093,-0.0023,-0.0029,-16.75,-34.37,23.94,322.04,-81.62,-176.38
52.386677,-1.535525,145.44,1,3,120.02,17 / 20,2585209,2019-09-06 20:03:10:952,0.2263,-0.1905,9.928,0.0018,-0.0037,9.8066,-0.0045,0.0055,0.0095,-16.44,-33.87,24.75,325.3,-81.61,-176.32
52.386677,-1.535525,145.44,1,3,120.02,17 / 20,2585310,2019-09-06 20:03:11:053,0.2072,-0.1357,9.8913,0.0002,-0.0011,9.8066,0.0268,0.0068,0.0047,-16.25,-34.44,25.13,325.35,-81.61,-176.28
52.386677,-1.535525,145.44,1,3,120.02,16 / 19,2585409,2019-09-06 20:03:11:152,0.0794,-0.1198,9.8329,0.0016,-0.0008,9.8066,-0.0224,-0.0159,-0.0039,-16.69,-34.19,24.44,321.99,-81.6,-176.4
52.386677,-1.535525,145.44,1,3,120.02,16 / 19,2585510,2019-09-06 20:03:11:253,0.3308,-0.157,9.7791,0.0029,-0.0042,9.8066,-0.0005,0.0023,-0.0015,-17.25,-34.25,24.31,322.03,-81.59,-176.36
52.386677,-1.535525,145.44,1,3,120.02,16 / 19,2585609,2019-09-06 20:03:11:352,0.1721,-0.3645,9.9672,-0.0001,-0.0002,9.8066,-0.0008,0.007,0.0065,-17.19,-34.06,24.63,323.52,-81.58,-176.33
52.386677,-1.535525,145.44,1,3,120.02,16 / 19,2585709,2019-09-06 20:03:11:452,0.224,-0.1451,9.703,0.0023,-0.0004,9.8066,-0.0072,-0.0068,-0.0142,-17.44,-34.19,24.63,323.38,-81.56,-176.43
52.386677,-1.535525,145.44,1,3,120.02,16 / 19,2585810,2019-09-06 20:03:11:553,0.3683,-0.3046,9.7304,0.0009,-0.0026,9.8066,0.0081,-0.0042,0.0008,-17.19,-34.06,24.19,321.95,-81.54,-176.39
52.386677,-1.535525,145.44,1,3,120.02,16 / 19,2585909,2019-09-06 20:03:11:652,0.2935,-0.3454,9.7859,0.0009,0.0001,9.8066,-0.0012,-0.0012,0.007,-17.12,-34.5,25.19,323.28,-81.53,-176.5
52.386677,-1.535525,145.44,1,3,120.02,16 / 19,2586009,2019-09-06 20:03:11:752,0.288,-0.2005,9.81,0.0022,-0.0026,9.8066,0.0144,-0.0052,-0.0038,-16.81,-33.87,24.69,323.31,-81.51,-176.45
52.386677,-1.535525,145.44,1,3,120.02,16 / 19,2586109,2019-09-06 20:03:11:852,0.3195,-0.3746,9.8235,-0.0006,0.0023,9.8066,0.0025,-0.0208,-0.0001,-17.06,-34.25,24.38,321.71,-81.5,-176.57
52.386677,-1.535525,145.44,1,3,120.02,16 / 19,2586209,2019-09-06 20:03:11:952,1.0011,-1.0178,9.9139,0.0043,-0.0039,9.8066,0.0107,0.0136,-0.011,-16.94,-34.37,24.94,323.27,-81.47,-176.47
52.386677,-1.535525,145.44,1,3,120.02,16 / 19,2586310,2019-09-06 20:03:12:053,1.0406,-0.9656,9.9067,0.0011,-0.0021,9.8066,0.0238,-0.0083,-0.0053,-16.31,-34.06,24.81,324.87,-81.42,-176.54
52.386677,-1.535525,145.44,1,3,120.02,17 / 19,2586409,2019-09-06 20:03:12:152,0.5582,-0.559,9.9046,-0.0032,0.0026,9.8066,0.0248,-0.0121,0.012,-17,-34.19,25.06,322.83,-81.34,-176.74
52.386677,-1.535525,145.44,1,3,120.02,17 / 19,2586510,2019-09-06 20:03:12:253,1.5399,-1.8077,10.1744,0.0163,-0.0148,9.8066,0.0479,-0.006,0.0087,-16.69,-33.81,25.19,322.75,-81.28,-176.77
52.386677,-1.535525,145.44,1,3,120.02,17 / 19,2586610,2019-09-06 20:03:12:353,1.8387,-1.858,9.8464,0.0173,-0.0181,9.8066,-0.0066,-0.0083,-0.0007,-16.87,-34.12,25.06,322.34,-81.13,-177
52.386677,-1.535525,145.44,1,3,120.02,17 / 19,2586709,2019-09-06 20:03:12:452,1.4142,-1.4808,9.7431,0.0117,-0.0148,9.8066,-0.0106,0.0042,-0.0051,-16.37,-34.44,24.69,323.68,-80.86,-177.13
52.386677,-1.535525,145.44,1,3,120.02,17 / 19,2586809,2019-09-06 20:03:12:552,0.8135,-1.072,9.7317,-0.0005,0.0011,9.8066,0.0248,0.0121,0.0151,-16.37,-33.75,25.13,323.51,-80.8,-177.23
52.386677,-1.535525,145.44,1,3,120.02,17 / 19,2586910,2019-09-06 20:03:12:653,1.9011,-2.0581,10.0064,0.001,0.0012,9.8066,0.0351,0.0176,0.0161,-15.69,-33.56,24.94,323.4,-80.74,-177.28
52.386677,-1.535525,145.44,1,3,120.02,17 / 19,2587010,2019-09-06 20:03:12:753,0.8971,-0.9846,9.7477,0.0071,-0.0095,9.8066,-0.0057,0.01,-0.001,-16.06,-33.69,24.81,323.29,-80.61,-177.27
52.386677,-1.535525,145.44,1,3,120.02,17 / 19,2587110,2019-09-06 20:03:12:853,0.2518,-0.5232,9.736,0.0057,-0.0091,9.8066,-0.0216,-0.019,0.011,-15.31,-34.5,24.38,323.68,-80.57,-177.22
52.386677,-1.535525,145.44,1,3,120.02,17 / 19,2587210,2019-09-06 20:03:12:953,1.9691,-2.1302,9.9889,-0.0033,0.0021,9.8065,0.014,0.0107,0.0104,-16.06,-34.31,24,321.92,-80.55,-177.12
52.386677,-1.535525,145.44,1,3,120.02,17 / 19,2587309,2019-09-06 20:03:13:052,1.6426,-1.3067,9.9606,-0.0016,0.0045,9.8066,0.016,-0.0024,-0.0057,-16.5,-34.44,23.25,320.41,-80.55,-177.05
52.386677,-1.535525,145.44,1,3,120.02,18 / 21,2587410,2019-09-06 20:03:13:153,1.3401,-0.9412,9.8921,0.0058,-0.0043,9.8066,-0.0151,-0.0127,0.0095,-16.44,-34.62,23.06,319.67,-80.46,-177.37
52.386677,-1.535525,145.44,1,3,120.02,18 / 21,2587509,2019-09-06 20:03:13:252,1.218,-1.245,9.9789,0.0051,-0.0052,9.8066,-0.0285,0.0001,-0.0037,-16.37,-34.12,23.5,321.58,-80.46,-177.34
52.386677,-1.535525,145.44,1,3,120.02,18 / 21,2587610,2019-09-06 20:03:13:353,0.7611,-0.5083,9.7569,-0.009,0.0069,9.8066,-0.0089,0.0065,0.0157,-16.81,-34.31,22.81,318.27,-80.55,-177.36
52.386677,-1.535525,145.44,1,3,120.02,18 / 21,2587710,2019-09-06 20:03:13:453,1.2072,-0.7838,9.6528,0.0107,-0.0098,9.8066,-0.039,0.0422,-0.0256,-16.5,-34.25,22.56,319.96,-80.46,-177.35
52.386677,-1.535525,145.44,1,3,120.02,18 / 21,2587809,2019-09-06 20:03:13:552,0.7874,-0.5771,9.7482,0.0021,-0.0055,9.8066,-0.0087,0.0428,-0.0036,-17.62,-34.25,22.25,315.32,-80.52,-176.98
52.386677,-1.535525,145.44,1,3,120.02,18 / 21,2587910,2019-09-06 20:03:13:653,1.1385,-0.7193,10.1923,-0.0006,0.0058,9.8066,-0.0116,-0.0041,-0.0003,-18.62,-34.06,22.5,315.18,-80.56,-177.25
52.386677,-1.535525,145.44,1,3,120.02,18 / 21,2588010,2019-09-06 20:03:13:753,0.6576,-0.5369,9.9553,-0.0071,0.0043,9.8065,0.0335,0.0037,0.003,-18.87,-33.5,22.06,313.49,-80.55,-177.47
52.386677,-1.535525,145.44,1,3,120.02,18 / 21,2588110,2019-09-06 20:03:13:853,1.4074,-0.9423,9.6283,0.0042,-0.007,9.8066,0.0532,0.0163,-0.0101,-18.31,-33.56,21.94,314.67,-80.51,-177.53
52.386677,-1.535525,145.44,1,3,120.02,18 / 21,2588210,2019-09-06 20:03:13:953,1.5229,-0.6362,9.6178,-0.0072,-0.005,9.8066,0.0261,-0.002,0.0295,-18.62,-32.69,22.13,314.06,-80.54,-176.97
52.386677,-1.535525,145.44,1,3,120.02,18 / 21,2588310,2019-09-06 20:03:14:053,0.7793,-0.6982,9.9674,-0.003,-0.0047,9.8066,-0.0369,0.0097,-0.005,-19.44,-32.94,22.75,316.42,-80.6,-176.43
52.386677,-1.535525,145.44,1,3,120.02,17 / 20,2588410,2019-09-06 20:03:14:153,-0.1781,-0.2254,9.823,-0.0026,0.0008,9.8066,-0.0419,-0.0047,-0.003,-19.81,-32.56,22.13,313.59,-80.68,-176.23
52.386677,-1.535525,145.44,1,3,120.02,17 / 20,2588510,2019-09-06 20:03:14:253,1.1343,-0.263,9.6513,-0.002,0.006,9.8066,0.0239,-0.0156,0.0147,-20.12,-32.12,22.81,315.38,-80.66,-176.3
52.386677,-1.535525,145.44,1,3,120.02,17 / 20,2588609,2019-09-06 20:03:14:352,0.4176,-0.5568,9.5087,-0.0095,0.0089,9.8066,0.016,0.0321,0.0001,-19.56,-32.44,23.25,315.36,-80.7,-176.37
52.386677,-1.535525,145.44,1,3,120.02,17 / 20,2588709,2019-09-06 20:03:14:452,1.0684,-1.1087,9.9962,-0.0111,0.0061,9.8066,-0.0369,0.0349,-0.0082,-19.44,-32.19,23.13,316.96,-80.76,-176.32
52.386677,-1.535525,145.44,1,3,120.02,17 / 20,2588809,2019-09-06 20:03:14:552,1.1233,-0.5761,9.6971,0.0115,-0.011,9.8066,-0.0114,-0.0075,-0.0113,-19.87,-32.31,23.31,315.54,-80.61,-176.13
52.386677,-1.535525,145.44,1,3,120.02,17 / 20,2588909,2019-09-06 20:03:14:652,0.3542,-0.1129,9.8951,0.0222,-0.0198,9.8065,0.0606,0.0219,-0.0047,-20,-31.94,23.31,315.42,-80.44,-176.09
52.386677,-1.535525,145.44,1,3,120.02,17 / 20,2589010,2019-09-06 20:03:14:753,0.7504,-0.7642,9.6446,0.0059,0.0036,9.8066,0.0771,0.0275,0.0427,-19.12,-32.19,23.5,317.9,-80.3,-176.5
52.386677,-1.535525,145.44,1,3,120.02,17 / 20,2589110,2019-09-06 20:03:14:853,1.5223,-1.6048,9.825,0.0055,-0.0131,9.8066,-0.0054,-0.0015,-0.004,-19.19,-31.81,23.31,316.18,-80.16,-176.49
52.386677,-1.535525,145.44,1,3,120.02,17 / 20,2589209,2019-09-06 20:03:14:952,0.8368,-0.8602,9.8187,0.0053,-0.005,9.8066,-0.0002,-0.001,-0.0146,-19.5,-32.12,23.31,316.33,-80.05,-176.27
52.386677,-1.535525,145.44,1,3,120.02,17 / 20,2589309,2019-09-06 20:03:15:052,1.1123,-0.8904,10.0754,0.0121,-0.0011,9.8066,0.0059,-0.0031,0.0053,-19.75,-31.62,23.63,315.94,-79.99,-176.65
52.386635,-1.535407,146.92,4.9,3,119.51,19 / 20,2589409,2019-09-06 20:03:15:152,1.2412,-0.833,9.9776,-0.0026,-0.0027,9.8066,-0.0165,-0.0204,-0.0148,-19.94,-31.56,23.69,315.72,-80.01,-176.86
52.386635,-1.535407,146.92,4.9,3,119.51,19 / 20,2589510,2019-09-06 20:03:15:253,0.649,-0.7169,9.824,-0.0122,0.0083,9.8065,-0.0189,0.0054,-0.0255,-18.81,-31.75,23.25,315.62,-80.02,-176.87
52.386635,-1.535407,146.92,4.9,3,119.51,19 / 20,2589610,2019-09-06 20:03:15:353,-0.2856,-0.1003,9.9902,-0.0096,0.0088,9.8065,0.0157,-0.0451,-0.0004,-19.5,-32.37,23.63,317.25,-80.12,-176.91
52.386635,-1.535407,146.92,4.9,3,119.51,19 / 20,2589709,2019-09-06 20:03:15:452,0.912,-0.0334,9.9635,-0.0129,0.0109,9.8066,0.093,-0.0391,0.0092,-20.06,-32.06,23.88,315.57,-80.02,-177
52.386635,-1.535407,146.92,4.9,3,119.51,19 / 20,2589810,2019-09-06 20:03:15:553,1.3478,-1.8083,9.8955,0.0119,-0.0108,9.8066,0.1452,-0.027,0.0119,-19.19,-31.62,23.69,316.59,-79.79,-177.21
52.386635,-1.535407,146.92,4.9,3,119.51,19 / 20,2589909,2019-09-06 20:03:15:652,0.6545,-1.0589,9.8585,-0.0082,0.0142,9.8066,-0.2354,0.0136,0.008,-19.81,-31.87,23.81,315.14,-79.87,-177.25
52.386635,-1.535407,146.92,4.9,3,119.51,19 / 20,2590010,2019-09-06 20:03:15:753,1.2758,-1.57,10.0615,0.0389,-0.0274,9.8065,-0.3252,0.0293,0.0467,-19.62,-31.87,24.5,315.94,-79.98,-177.96
52.386635,-1.535407,146.92,4.9,3,119.51,19 / 20,2590109,2019-09-06 20:03:15:852,0.5114,0.2146,9.301,0.0569,-0.0538,9.8063,0.2466,0.0073,0.0044,-19.44,-31.69,23.94,315.27,-79.65,-178.23
52.386635,-1.535407,146.92,4.9,3,119.51,19 / 20,2590210,2019-09-06 20:03:15:953,-0.0406,0.2769,9.7832,-0.076,0.0621,9.8061,0.2142,-0.0202,0.004,-19.81,-31.37,23.06,313.47,-80.22,-177.84
52.386635,-1.535407,146.92,4.9,3,119.51,19 / 20,2590309,2019-09-06 20:03:16:052,0.2199,-0.0874,9.771,-0.0772,0.0605,9.8061,-0.0404,-0.0748,-0.0464,-19.94,-31.81,23.5,314.82,-80.14,-177.74
52.386635,-1.535407,146.92,4.9,3,119.51,20 / 21,2590410,2019-09-06 20:03:16:153,1.6145,-1.6329,10.2285,0.053,-0.0473,9.8063,0.084,-0.0803,-0.0454,-19.37,-32.12,24.13,315.52,-79.56,-177.95
52.386635,-1.535407,146.92,4.9,3,119.51,20 / 21,2590510,2019-09-06 20:03:16:253,1.1113,-1.4391,10.0299,0.0217,-0.0246,9.8066,-0.2823,0.0244,-0.0341,-19.94,-31.94,23.5,314.5,-79.68,-177.64
52.386635,-1.535407,146.92,4.9,3,119.51,20 / 21,2590609,2019-09-06 20:03:16:352,1.0515,0.158,10.0615,0.0308,-0.0293,9.8065,-0.3222,0.0037,0.0378,-19.75,-32.31,23.81,314.42,-79.91,-177.9
52.386635,-1.535407,146.92,4.9,3,119.51,20 / 21,2590710,2019-09-06 20:03:16:453,1.3206,-1.2189,9.8214,-0.0563,0.0503,9.8063,0.1875,-0.0547,0.0572,-19,-32,24.19,315.92,-79.65,-177.67
52.386635,-1.535407,146.92,4.9,3,119.51,20 / 21,2590810,2019-09-06 20:03:16:553,1.6706,-0.6342,9.5994,-0.032,0.0243,9.8065,0.1174,0.0206,-0.0597,-19.75,-31.81,24.44,315.19,-80,-177.32
52.386635,-1.535407,146.92,4.9,3,119.51,20 / 21,2590909,2019-09-06 20:03:16:652,0.715,-0.6125,9.5827,-0.0028,0.0067,9.8066,0.0139,-0.0803,0.0336,-19.12,-32.06,24.31,316.34,-79.85,-177.48
52.386635,-1.535407,146.92,4.9,3,119.51,20 / 21,2591010,2019-09-06 20:03:16:753,0.7848,-0.7518,9.9583,-0.0149,0.005,9.8065,0.0232,0.0022,-0.0596,-19.5,-32.44,24,316.91,-79.81,-176.96
52.386635,-1.535407,146.92,4.9,3,119.51,20 / 21,2591110,2019-09-06 20:03:16:853,0.4954,-0.0061,9.926,0.0031,0.0177,9.8066,0.067,-0.0593,0.0309,-18.94,-32.37,23.94,316.22,-79.79,-177.54
52.386635,-1.535407,146.92,4.9,3,119.51,20 / 21,2591210,2019-09-06 20:03:16:953,0.9414,-0.0479,9.7955,-0.0112,0.0078,9.8066,-0.0135,0.008,-0.0517,-18.81,-32.31,23.88,315.5,-79.8,-178.16
52.386635,-1.535407,146.92,4.9,3,119.51,20 / 21,2591309,2019-09-06 20:03:17:052,0.6502,0.0621,9.3229,-0.0004,0.0126,9.8066,-0.0346,0.0007,0.0143,-19.25,-32.12,23.19,313.8,-79.9,-178.32
52.386635,-1.535407,146.92,4.9,3,119.51,19 / 20,2591410,2019-09-06 20:03:17:153,0.8938,-0.7138,9.8721,0.0072,-0.0004,9.8066,0.0199,0.0344,0.0002,-19.19,-32.31,23.56,314.87,-79.85,-178.75
52.386635,-1.535407,146.92,4.9,3,119.51,19 / 20,2591509,2019-09-06 20:03:17:252,0.7402,-1.0098,9.7964,0.0147,-0.0106,9.8065,-0.0627,-0.0108,-0.0523,-19.37,-31.94,22.75,313.03,-79.82,-178.93
52.386635,-1.535407,146.92,4.9,3,119.51,19 / 20,2591609,2019-09-06 20:03:17:352,0.4456,1.0718,9.668,-0.0069,0.0171,9.8065,-0.0642,0.0514,0.0184,-19.56,-32.19,23.06,311.58,-79.73,-178.83
52.386635,-1.535407,146.92,4.9,3,119.51,19 / 20,2591710,2019-09-06 20:03:17:453,0.0638,-1.5557,10.2753,-0.0153,-0.0058,9.8066,-0.0234,0.0127,-0.0882,-19.25,-32,22.94,312.94,-79.78,-178.97
52.386635,-1.535407,146.92,4.9,3,119.51,19 / 20,2591810,2019-09-06 20:03:17:553,0.4177,-1.3099,9.4273,0.0267,-0.0022,9.8066,-0.1129,0.0152,0.0283,-20.31,-31.5,22.63,311.6,-79.55,-178.91
52.386635,-1.535407,146.92,4.9,3,119.51,19 / 20,2591910,2019-09-06 20:03:17:653,0.9669,0.0673,9.735,0.0167,-0.0184,9.8065,0.0753,0.0212,-0.054,-19.75,-31.44,23.06,311.34,-79.57,-179.16
52.386635,-1.535407,146.92,4.9,3,119.51,19 / 20,2592010,2019-09-06 20:03:17:753,0.7594,-0.9532,10.6911,-0.0151,-0.0012,9.8066,0.1197,-0.06,-0.0278,-20.31,-31.62,22.5,312.25,-79.62,-178.15
52.386635,-1.535407,146.92,4.9,3,119.51,19 / 20,2592110,2019-09-06 20:03:17:853,1.1594,-1.3011,10.1164,0.007,-0.0046,9.8066,-0.1068,-0.0168,0.0396,-20.56,-30.62,21.88,309.67,-79.62,-177.99
52.386635,-1.535407,146.92,4.9,3,119.51,19 / 20,2592210,2019-09-06 20:03:17:953,-0.1724,-0.3442,9.6636,0.0224,-0.0213,9.8066,-0.1482,-0.0218,0.0041,-21.56,-30.5,21.25,307.27,-79.72,-177.82
52.386635,-1.535407,146.92,4.9,3,119.51,19 / 20,2592309,2019-09-06 20:03:18:052,0.301,-0.4607,10.4691,0.0057,0.0013,9.8066,0.0786,0.036,0.0328,-22.69,-29.44,21.19,306.17,-79.66,-177.94
52.386635,-1.535407,146.92,4.9,3,119.51,19 / 21,2592410,2019-09-06 20:03:18:153,0.035,-0.7351,10.3498,-0.0158,-0.0007,9.8066,0.1156,-0.0358,0.0112,-23.5,-27.25,21,307.51,-79.72,-177.32
52.386635,-1.535407,146.92,4.9,3,119.51,19 / 21,2592509,2019-09-06 20:03:18:252,1.3997,-1.5141,10.1143,-0.013,0.0099,9.8066,-0.0708,-0.0474,-0.0959,-25.69,-26.69,22.31,305.79,-79.65,-177.29
52.386635,-1.535407,146.92,4.9,3,119.51,19 / 21,2592610,2019-09-06 20:03:18:353,0.7527,-1.1878,9.8322,0.0469,-0.0196,9.8064,-0.0972,-0.0136,0.0071,-24.62,-26.19,24.75,310.14,-79.28,-178.29
52.386635,-1.535407,146.92,4.9,3,119.51,19 / 21,2592710,2019-09-06 20:03:18:453,1.6192,-1.0188,9.8733,0.0262,-0.0127,9.8066,-0.0207,-0.0415,0.0489,-23,-26.87,25.88,313.06,-79.34,-178.86
52.386635,-1.535407,146.92,4.9,3,119.51,19 / 21,2592810,2019-09-06 20:03:18:553,0.2423,-0.6581,10.0894,-0.0021,0.0056,9.8066,-0.0769,-0.062,-0.0167,-20.12,-29,26.88,317.64,-79.47,-179.2
52.386635,-1.535407,146.92,4.9,3,119.51,19 / 21,2592910,2019-09-06 20:03:18:653,0.938,-0.0871,9.9908,-0.001,0.007,9.8066,0.0389,-0.0892,-0.0096,-17.62,-30.69,26.38,318.78,-79.6,-179.32
52.386635,-1.535407,146.92,4.9,3,119.51,19 / 21,2593010,2019-09-06 20:03:18:753,0.9783,-0.4417,9.4772,-0.0051,0.0062,9.8066,0.077,-0.0098,-0.017,-16.94,-32.12,26.38,319.35,-79.72,179.91
52.386635,-1.535407,146.92,4.9,3,119.51,19 / 21,2593110,2019-09-06 20:03:18:853,0.9352,-0.6369,9.4385,0.004,-0.0012,9.8066,-0.0443,-0.0864,0.0738,-18.06,-32.31,25.75,317.67,-79.63,179.93
52.386635,-1.535407,146.92,4.9,3,119.51,19 / 21,2593209,2019-09-06 20:03:18:952,-0.5002,-1.1108,10.0572,-0.0075,0.0013,9.8066,-0.0654,-0.0518,0.0421,-18.12,-32.5,24.69,317.12,-79.73,-179.37
52.386635,-1.535407,146.92,4.9,3,119.51,19 / 21,2593309,2019-09-06 20:03:19:052,0.6977,-0.3863,9.7078,-0.0077,0.0025,9.8066,-0.0099,-0.0246,-0.024,-18.44,-32.69,24.38,315.79,-79.87,-179.08
52.386635,-1.535407,146.92,4.9,3,119.51,19 / 20,2593410,2019-09-06 20:03:19:153,0.3126,-1.6622,9.7819,0.001,-0.0021,9.8066,-0.0456,-0.0101,-0.0027,-18.19,-33.06,24.25,315.94,-79.95,-179.02
52.386635,-1.535407,146.92,4.9,3,119.51,19 / 20,2593510,2019-09-06 20:03:19:253,1.511,-0.8452,9.4058,0.0113,0.0075,9.8066,-0.0365,-0.0241,-0.0289,-18.44,-33.12,23.81,315.9,-79.82,-178.95
52.386635,-1.535407,146.92,4.9,3,119.51,19 / 20,2593609,2019-09-06 20:03:19:352,-0.2901,-0.0753,9.6413,-0.0065,0.0036,9.8066,0.0838,-0.0824,0.0412,-18.94,-33.19,24.25,313.49,-79.72,-179.58
52.386635,-1.535407,146.92,4.9,3,119.51,19 / 20,2593709,2019-09-06 20:03:19:452,-0.0972,-0.633,9.852,0.0022,0.0284,9.8065,0.0336,-0.0175,-0.0556,-18.06,-33.12,24.81,315.32,-79.74,179.3
52.386635,-1.535407,146.92,4.9,3,119.51,19 / 20,2593809,2019-09-06 20:03:19:552,0.4246,0.1632,9.4279,-0.0155,0.0328,9.8065,0.0285,-0.017,0.0329,-18.37,-33.81,24.06,311.99,-79.93,177.85
52.386635,-1.535407,146.92,4.9,3,119.51,19 / 20,2593910,2019-09-06 20:03:19:653,1.6539,0.2411,9.948,-0.0229,0.0296,9.8065,0.0931,-0.0346,-0.0255,-17.37,-33.75,24.19,313.07,-80.05,177.27
52.386635,-1.535407,146.92,4.9,3,119.51,19 / 20,2594010,2019-09-06 20:03:19:753,-0.0111,-0.1469,10.1298,0.0346,-0.023,9.8065,-0.1093,-0.0727,-0.046,-18,-33.19,23.94,311.22,-80.1,176.77
52.386635,-1.535407,146.92,4.9,3,119.51,19 / 20,2594110,2019-09-06 20:03:19:853,-0.5074,0.4621,9.4612,0.051,-0.0325,9.8064,-0.1302,0.0095,-0.0139,-17.81,-33.19,24.19,309.85,-79.7,175.95
52.386635,-1.535407,146.92,4.9,3,119.51,19 / 20,2594210,2019-09-06 20:03:19:953,1.3684,-0.9216,8.9721,-0.0147,0.0351,9.8065,-0.0064,-0.0799,0.0225,-17.94,-33.87,24.19,308.49,-79.67,175.06
52.386635,-1.535407,146.92,4.9,3,119.51,19 / 20,2594309,2019-09-06 20:03:20:052,1.2425,-3.3572,8.7303,-0.019,0.0325,9.8065,-0.222,-0.0393,-0.0252,-17.62,-33.37,24.13,307.9,-79.84,174.1
52.386635,-1.535407,146.92,4.9,3,119.51,18 / 19,2594409,2019-09-06 20:03:20:152,1.2078,-2.3559,9.2351,-0.0128,0.0197,9.8066,-0.0105,0.0269,-0.0858,-17.31,-33.75,23.13,308.29,-80.45,174.13
52.386635,-1.535407,146.92,4.9,3,119.51,18 / 19,2594510,2019-09-06 20:03:20:253,0.9815,-0.5901,10.849,-0.0059,0.0061,9.8066,0.1192,-0.0283,-0.043,-17.81,-33.87,23.31,306.36,-80.92,173.33
52.386635,-1.535407,146.92,4.9,3,119.51,18 / 19,2594610,2019-09-06 20:03:20:353,0.3342,0.4578,10.7017,0.0098,-0.0096,9.8066,0.1569,0.0278,0.0088,-17.06,-33.62,23.13,307.84,-80.86,173.31
52.386635,-1.535407,146.92,4.9,3,119.51,18 / 19,2594709,2019-09-06 20:03:20:452,2.0624,-0.6372,10.6411,0.0023,-0.0243,9.8066,0.1416,-0.0551,0.0877,-17.56,-33,23.63,309,-80.25,174.67
52.386635,-1.535407,146.92,4.9,3,119.51,18 / 19,2594809,2019-09-06 20:03:20:552,1.1608,-2.1743,10.4709,-0.0014,-0.0457,9.8065,-0.0134,-0.0058,0.0107,-17.87,-33.31,23.38,310.02,-79.78,177.43
52.386635,-1.535407,146.92,4.9,3,119.51,18 / 19,2594909,2019-09-06 20:03:20:652,0.5495,0.0929,9.2332,-0.0141,-0.0027,9.8066,-0.1483,0.0425,0.0439,-18.37,-33.25,22.38,309.96,-80.15,178.51
52.386635,-1.535407,146.92,4.9,3,119.51,18 / 19,2595010,2019-09-06 20:03:20:753,-0.3619,-1.0359,10.3001,-0.0284,-0.0023,9.8065,-0.0479,0.0032,0.0188,-19.06,-33.87,22.38,311.42,-80.72,-179.2
52.386635,-1.535407,146.92,4.9,3,119.51,18 / 19,2595110,2019-09-06 20:03:20:853,0.493,-0.4532,9.3225,-0.0006,-0.0116,9.8066,-0.0905,0.0002,-0.0286,-19.37,-34.25,22.69,313.6,-80.81,-178.84
52.386635,-1.535407,146.92,4.9,3,119.51,18 / 19,2595209,2019-09-06 20:03:20:952,0.7874,-0.7952,10.5041,0.014,-0.0298,9.8066,0.0604,0.0479,0.047,-19.12,-34.87,21.94,312.23,-80.67,-178.2
52.386635,-1.535407,146.92,4.9,3,119.51,18 / 19,2595309,2019-09-06 20:03:21:052,0.3803,-0.3017,10.7967,-0.0067,-0.0043,9.8066,-0.0724,0.0061,-0.032,-18.37,-37.19,21.38,312.21,-80.39,-177.19
52.386635,-1.535407,146.92,4.9,3,119.51,18 / 20,2595409,2019-09-06 20:03:21:152,0.6525,-0.0474,11.0336,0.0112,-0.0204,9.8065,0.1289,-0.0025,0.0786,-17.06,-38.37,24.44,318.5,-80.19,-177.32
52.386635,-1.535407,146.92,4.9,3,119.51,18 / 20,2595510,2019-09-06 20:03:21:253,0.6644,-0.2883,10.3719,-0.0008,-0.0015,9.8066,0.1064,0.0063,-0.0304,-17.94,-34.44,26.56,322.45,-80.03,-177.05
52.386635,-1.535407,146.92,4.9,3,119.51,18 / 20,2595609,2019-09-06 20:03:21:352,1.7667,-0.436,9.5641,0.0188,-0.0262,9.8066,0.0128,0.0365,-0.0382,-18.56,-32.31,24.88,317.8,-79.92,-177.59
52.386635,-1.535407,146.92,4.9,3,119.51,18 / 20,2595710,2019-09-06 20:03:21:453,0.4795,-0.6994,9.1726,0.0006,-0.0221,9.8065,0.0495,-0.0077,0.0803,-18.69,-31.06,23.56,317.47,-79.76,-176.66
52.386635,-1.535407,146.92,4.9,3,119.51,18 / 20,2595810,2019-09-06 20:03:21:553,0.5581,-0.3672,9.3799,-0.0286,0.0119,9.8065,-0.112,0.0294,-0.029,-19.44,-31.19,23.25,318.06,-80.12,-175.06
52.386635,-1.535407,146.92,4.9,3,119.51,18 / 20,2595910,2019-09-06 20:03:21:653,0.8943,-0.4235,10.0824,-0.0103,-0.0215,9.8066,-0.0202,-0.0136,0.1027,-19.31,-31.94,22.75,319.47,-80.12,-173.64
52.386635,-1.535407,146.92,4.9,3,119.51,18 / 20,2596010,2019-09-06 20:03:21:753,-0.41,0.2917,10.8124,0.0214,-0.022,9.8066,0.1269,0.0071,-0.0002,-20.19,-32.12,23.13,318.29,-79.78,-173.08
52.386635,-1.535407,146.92,4.9,3,119.51,18 / 20,2596110,2019-09-06 20:03:21:853,0.421,0.0598,10.8524,0.0141,-0.0105,9.8065,0.0678,-0.0296,-0.0405,-19.56,-32,24,319.44,-79.49,-173.25
52.386635,-1.535407,146.92,4.9,3,119.51,18 / 20,2596210,2019-09-06 20:03:21:953,0.9011,0.557,10.0584,0.0132,-0.0225,9.8065,-0.0492,-0.0589,0.0663,-19.5,-31.62,23.88,320.99,-79.41,-173.17
52.386635,-1.535407,146.92,4.9,3,119.51,18 / 20,2596310,2019-09-06 20:03:22:053,-0.6028,-0.0824,9.7956,0.0112,-0.0008,9.8066,0.0033,0.034,0.0158,-19.94,-32.06,23.38,317.89,-79.35,-173.07
52.386635,-1.535407,146.92,4.9,3,119.51,18 / 20,2596410,2019-09-06 20:03:22:153,0.6111,-0.7867,10.033,-0.013,0.0077,9.8066,-0.0661,-0.1081,0.0442,-19.25,-32.06,23.5,321.28,-79.48,-172.98
52.386635,-1.535407,146.92,4.9,3,119.51,18 / 20,2596509,2019-09-06 20:03:22:252,0.8675,0.3438,10.1681,0.011,-0.0034,9.8065,0.0454,0.0223,-0.0769,-19.19,-31.69,24.25,321.45,-79.45,-172.81
52.386635,-1.535407,146.92,4.9,3,119.51,18 / 20,2596610,2019-09-06 20:03:22:353,1.836,-0.6505,9.6987,-0.0015,-0.0313,9.8065,-0.0324,-0.0251,0.1599,-19.56,-31.69,23.81,321.13,-79.04,-171.48
52.386635,-1.535407,146.92,4.9,3,119.51,18 / 20,2596710,2019-09-06 20:03:22:453,-0.022,-0.5372,10.0844,0.0195,-0.0063,9.8066,-0.0645,0.0482,0.0142,-19.06,-31.62,23.13,320.83,-78.96,-171.58
52.386635,-1.535407,146.92,4.9,3,119.51,18 / 20,2596809,2019-09-06 20:03:22:552,0.5137,-0.7209,9.9138,-0.017,0.0204,9.8065,-0.0404,-0.023,-0.0705,-20.12,-32.31,23.31,319.42,-79.23,-171.69
52.386635,-1.535407,146.92,4.9,3,119.51,18 / 20,2596909,2019-09-06 20:03:22:652,0.3513,-0.6531,10.1086,-0.0021,0.0073,9.8066,0.027,-0.0632,-0.0347,-19.62,-31.56,23.38,319.05,-79.22,-171.99
52.386635,-1.535407,146.92,4.9,3,119.51,18 / 20,2597010,2019-09-06 20:03:22:753,0.5836,0.1139,10.12,0.0109,-0.0001,9.8066,-0.0224,-0.0079,0.0011,-20,-31.87,23.44,318.58,-79.27,-172.42
52.386635,-1.535407,146.92,4.9,3,119.51,18 / 20,2597110,2019-09-06 20:03:22:853,-0.8771,0.2097,10.2494,0.0122,-0.0009,9.8065,-0.0794,-0.0308,0.0286,-20.06,-32.19,23.69,319.21,-79.17,-173.19
52.386635,-1.535407,146.92,4.9,3,119.51,18 / 20,2597210,2019-09-06 20:03:22:953,-0.8102,0.8275,10.5029,0.002,-0.0019,9.8066,0.0796,0.0693,0.0015,-19.5,-31.87,23.31,318.8,-79.19,-173.47
52.386635,-1.535407,146.92,4.9,3,119.51,18 / 20,2597311,2019-09-06 20:03:23:054,-0.6237,-0.3624,10.2286,-0.0195,0.0064,9.8066,0.0577,-0.0218,0.1011,-19.75,-31.37,23.81,319.49,-79.15,-173.17
52.386635,-1.535407,146.92,4.9,3,119.51,18 / 20,2597409,2019-09-06 20:03:23:152,-0.4283,0.5554,10.5354,0.003,0.0003,9.8066,0.0101,-0.0298,-0.032,-19.62,-32.12,24.25,319.38,-79.09,-173
52.386635,-1.535407,146.92,4.9,3,119.51,18 / 20,2597510,2019-09-06 20:03:23:253,-1.122,0.643,10.113,-0.001,0.0112,9.8066,0.1033,-0.0564,-0.0477,-19.75,-31.75,23.75,318.88,-79.14,-173.45
52.386635,-1.535407,146.92,4.9,3,119.51,18 / 20,2597609,2019-09-06 20:03:23:352,0.3555,-0.6496,10.4691,0.0016,-0.0053,9.8066,-0.0872,-0.0427,0.0401,-19.06,-31.5,23.69,320.13,-79.1,-173.88
52.386635,-1.535407,146.92,4.9,3,119.51,18 / 20,2597709,2019-09-06 20:03:23:452,0.266,0.063,10.0507,-0.0093,0.0126,9.8066,-0.0646,0.0495,0.0428,-18.62,-31.25,23.5,320.57,-79.15,-173.55
52.386635,-1.535407,146.92,4.9,3,119.51,18 / 20,2597810,2019-09-06 20:03:23:553,-0.7574,0.3449,10.1566,0.0038,0.0005,9.8066,0.121,0.0279,0.0093,-19.06,-31.69,23.69,320.33,-79.1,-173.49
52.386635,-1.535407,146.92,4.9,3,119.51,18 / 20,2597909,2019-09-06 20:03:23:652,-1.1737,0.3744,10.1173,-0.0173,0.0205,9.8066,0.0262,-0.0643,-0.0084,-19.69,-32.12,23.69,318.86,-79.21,-173.52
52.386635,-1.535407,146.92,4.9,3,119.51,18 / 20,2598010,2019-09-06 20:03:23:753,-0.5579,-0.1374,10.4153,0.0296,-0.0244,9.8065,-0.0681,0.039,-0.0225,-19.19,-31.19,22.88,318.73,-79.09,-173.68
52.386635,-1.535407,146.92,4.9,3,119.51,18 / 20,2598110,2019-09-06 20:03:23:853,-0.3292,0.4728,10.3337,0.0242,-0.0171,9.8066,-0.1193,0.0018,-0.0009,-18.62,-30.81,23.19,318.49,-79.09,-173.89
52.386635,-1.535407,146.92,4.9,3,119.51,18 / 20,2598210,2019-09-06 20:03:23:953,-0.1236,1.1224,8.7947,0.0003,0.0184,9.8066,0.1153,-0.0151,-0.0097,-18.81,-30.5,23.88,319.7,-79.03,-174.43
52.386635,-1.535407,146.92,4.9,3,119.51,18 / 20,2598309,2019-09-06 20:03:24:052,-0.4351,-0.0462,9.7464,0.0026,0.0004,9.8066,-0.0569,0.0028,0.0634,-19,-29.62,23.81,318.65,-79.05,-175.34
52.38621,-1.534293,151.39,13.69,4,122.15,17 / 20,2598410,2019-09-06 20:03:24:153,-1.2777,1.5925,10.3161,-0.0076,0.0159,9.8066,-0.0025,-0.0032,0.0149,-19.5,-29.37,23.56,319.25,-79.15,-175.14
52.38621,-1.534293,151.39,13.69,4,122.15,17 / 20,2598509,2019-09-06 20:03:24:252,-0.2537,0.2236,10.2569,0.0117,-0.0127,9.8065,0.1306,0.025,0.0222,-19.56,-28.87,23.25,315.91,-79.15,-175.34
52.38621,-1.534293,151.39,13.69,4,122.15,17 / 20,2598610,2019-09-06 20:03:24:353,-1.2605,0.4222,10.0075,-0.0242,0.0067,9.8065,0.1081,-0.0313,0.0161,-18.25,-29.75,24,321.46,-79.05,-174.32
52.38621,-1.534293,151.39,13.69,4,122.15,17 / 20,2598709,2019-09-06 20:03:24:452,-0.362,-0.0004,9.8319,-0.0247,0.0131,9.8066,-0.0968,-0.0417,-0.0259,-18.37,-30.44,23.5,321.74,-78.94,-174
52.38621,-1.534293,151.39,13.69,4,122.15,17 / 20,2598810,2019-09-06 20:03:24:553,0.8897,-1.2573,8.9693,-0.0007,0.0148,9.8066,0.0962,-0.0096,-0.0329,-18.19,-31.19,23.25,319.3,-79.02,-174.5
52.38621,-1.534293,151.39,13.69,4,122.15,17 / 20,2598910,2019-09-06 20:03:24:653,-1.9905,1.1778,9.0995,-0.0455,0.0373,9.8064,0.1368,0.038,-0.0265,-18.56,-32.06,22.63,316.83,-79.01,-174.97
52.38621,-1.534293,151.39,13.69,4,122.15,17 / 20,2599009,2019-09-06 20:03:24:752,-3.0862,0.9302,10.1177,-0.0695,0.0476,9.8062,0.2199,-0.0501,0.0454,-17.94,-32.56,21.94,316.29,-78.98,-174.99
52.38621,-1.534293,151.39,13.69,4,122.15,17 / 20,2599110,2019-09-06 20:03:24:853,1.331,1.0159,10.7543,0.0716,-0.0739,9.806,-0.0863,-0.0081,-0.0005,-18.5,-34.06,22.25,317.09,-79.45,-174.49
52.38621,-1.534293,151.39,13.69,4,122.15,17 / 20,2599210,2019-09-06 20:03:24:953,2.1406,-0.8301,8.8996,0.0265,-0.0317,9.8065,0.0317,0.1088,0.1093,-19.19,-34.12,22.94,317.69,-78.89,-173.64
52.38621,-1.534293,151.39,13.69,4,122.15,17 / 20,2599309,2019-09-06 20:03:25:052,0.541,1.774,9.9129,0.0271,-0.0687,9.8063,0.1121,-0.0822,0.0205,-19.37,-33.75,23.5,320.85,-78.76,-172.33
52.38621,-1.534293,151.39,13.69,4,122.15,18 / 21,2599411,2019-09-06 20:03:25:154,-1.6657,-0.8638,10.6815,0.01,0.0211,9.8066,-0.0572,-0.175,-0.0279,-19.12,-32.75,23.31,319.28,-78.93,-172.6
52.38621,-1.534293,151.39,13.69,4,122.15,18 / 21,2599510,2019-09-06 20:03:25:253,-0.9591,-0.6834,9.5935,-0.0074,0.0102,9.8066,0.0537,0.051,0.0243,-18.94,-32.75,23.75,319.74,-78.9,-173.59
52.38621,-1.534293,151.39,13.69,4,122.15,18 / 21,2599610,2019-09-06 20:03:25:353,-0.7882,1.0258,8.7415,-0.0208,0.0314,9.8066,0.0781,0.012,-0.0397,-19.06,-33.06,23,317.64,-79.07,-174.09
52.38621,-1.534293,151.39,13.69,4,122.15,18 / 21,2599710,2019-09-06 20:03:25:453,-0.2911,0.1915,10.099,-0.0115,0.0237,9.8066,-0.0382,0.0068,-0.0012,-18.87,-33.25,22.88,317.04,-79.4,-174.87
52.38621,-1.534293,151.39,13.69,4,122.15,18 / 21,2599810,2019-09-06 20:03:25:553,-0.6749,1.044,10.5663,0.0189,-0.0072,9.8065,0.0264,0.0375,0.0143,-18.37,-32.62,23.25,317.53,-79.4,-175.81
52.38621,-1.534293,151.39,13.69,4,122.15,18 / 21,2599909,2019-09-06 20:03:25:652,-0.3368,0.7938,10.3579,0.0026,-0.0082,9.8066,0.004,-0.0195,0.0349,-19.06,-32.87,22.88,315.76,-79.25,-175.83
52.38621,-1.534293,151.39,13.69,4,122.15,18 / 21,2600009,2019-09-06 20:03:25:752,-0.502,0.3777,10.1743,0.0197,-0.021,9.8066,0.0301,-0.0093,0.0029,-18.62,-32.5,23.69,317.78,-78.97,-175.53
52.38621,-1.534293,151.39,13.69,4,122.15,18 / 21,2600110,2019-09-06 20:03:25:853,-0.0647,0.1588,10.1339,0.0028,-0.0132,9.8065,-0.0125,-0.0438,0.0281,-19.31,-32.56,23.5,317.94,-78.99,-175.17
52.38621,-1.534293,151.39,13.69,4,122.15,18 / 21,2600210,2019-09-06 20:03:25:953,-1.0583,0.6483,9.4773,-0.0061,0.0025,9.8066,-0.036,-0.0097,-0.0076,-18.87,-33.12,22.75,316.54,-79.07,-175.01
52.38621,-1.534293,151.39,13.69,4,122.15,18 / 21,2600310,2019-09-06 20:03:26:053,-0.3858,0.1778,9.4136,-0.0008,-0.0005,9.8066,-0.0002,-0.0163,0.0101,-19.5,-33.19,22.63,316.8,-79.15,-174.86
52.38621,-1.534293,151.39,13.69,4,122.15,19 / 21,2600409,2019-09-06 20:03:26:152,-1.1618,0.2383,9.7811,-0.0046,0.0016,9.8066,-0.0224,-0.0324,-0.0145,-19.81,-33.31,23.5,317.17,-79.18,-174.71
52.38621,-1.534293,151.39,13.69,4,122.15,19 / 21,2600510,2019-09-06 20:03:26:253,-1.326,1.332,9.996,0.0158,-0.0113,9.8065,0.1527,0.0289,-0.0445,-19.25,-33.56,22.81,316.3,-79.04,-174.93
52.38621,-1.534293,151.39,13.69,4,122.15,19 / 21,2600609,2019-09-06 20:03:26:352,0.0466,-0.1445,9.7134,0.012,-0.0009,9.8065,0.0835,-0.0066,0.0763,-18.56,-32.62,23.13,315.8,-78.93,-175.51
52.38621,-1.534293,151.39,13.69,4,122.15,19 / 21,2600710,2019-09-06 20:03:26:453,-0.7164,1.0514,9.2247,0.006,-0.0133,9.8066,-0.0694,-0.0384,0.0133,-18.69,-32.69,23.13,315.79,-78.84,-175.44
52.38621,-1.534293,151.39,13.69,4,122.15,19 / 21,2600810,2019-09-06 20:03:26:553,-0.9559,0.9639,9.9287,-0.0198,0.0114,9.8066,-0.0545,-0.0245,-0.0522,-19.44,-32.75,22.63,316.82,-79.13,-174.83
52.38621,-1.534293,151.39,13.69,4,122.15,19 / 21,2600910,2019-09-06 20:03:26:653,-0.901,0.7842,10.2773,-0.001,-0.0032,9.8066,0.0727,0.0206,0.0184,-19.06,-33,22.38,315.08,-79.21,-174.89
52.38621,-1.534293,151.39,13.69,4,122.15,19 / 21,2601010,2019-09-06 20:03:26:753,-0.3248,0.5481,10.3814,0,0.0049,9.8065,0.0219,0.006,0.044,-19.31,-32.69,23,316.71,-79.09,-174.89
52.38621,-1.534293,151.39,13.69,4,122.15,19 / 21,2601110,2019-09-06 20:03:26:853,-0.8259,-0.7473,11.3408,0.0155,-0.0124,9.8066,-0.0627,0.0696,-0.0912,-18.94,-32.19,23.19,316.59,-78.83,-175.01
52.38621,-1.534293,151.39,13.69,4,122.15,19 / 21,2601210,2019-09-06 20:03:26:953,1.3055,-1.2028,9.2933,-0.0048,0.0097,9.8066,0.0634,-0.0282,0.0071,-19.56,-32.69,24,315.31,-78.65,-175.83
52.38621,-1.534293,151.39,13.69,4,122.15,19 / 21,2601310,2019-09-06 20:03:27:053,0.5941,-0.2991,8.7979,-0.0199,0.0174,9.8066,-0.0409,-0.0392,0.0301,-19.37,-32.75,23.5,317.11,-78.74,-175.66
52.38621,-1.534293,151.39,13.69,4,122.15,19 / 21,2601409,2019-09-06 20:03:27:152,0.1391,-0.6661,9.5372,-0.0178,0.0097,9.8066,-0.0288,-0.0035,0.111,-19.44,-33.19,23.38,316.78,-79.27,-174.98
52.38621,-1.534293,151.39,13.69,4,122.15,19 / 21,2601510,2019-09-06 20:03:27:253,-0.2141,0.5203,10.1026,-0.0133,-0.0144,9.8066,0.0099,-0.0042,0.0237,-19.12,-33.12,23.31,318.36,-79.4,-173.77
52.38621,-1.534293,151.39,13.69,4,122.15,19 / 21,2601610,2019-09-06 20:03:27:353,0.2762,-0.3359,10.3695,0.0036,-0.0153,9.8066,0.122,-0.0113,-0.0106,-18.62,-32.5,24.06,320.95,-79.19,-173.04
52.38621,-1.534293,151.39,13.69,4,122.15,19 / 21,2601710,2019-09-06 20:03:27:453,-0.2051,-0.0902,10.7686,0.0163,-0.0192,9.8066,0.1117,-0.0103,0.0304,-19.12,-32.25,23.94,320.63,-78.76,-172.98
52.38621,-1.534293,151.39,13.69,4,122.15,19 / 21,2601809,2019-09-06 20:03:27:552,0.3166,-0.1383,9.9007,-0.0002,-0.0019,9.8066,0.0391,0.0159,-0.0107,-18.75,-32.12,24.38,319.86,-78.52,-173.43
52.38621,-1.534293,151.39,13.69,4,122.15,19 / 21,2601910,2019-09-06 20:03:27:653,1.2469,-0.4397,9.8517,0.0154,-0.0088,9.8066,-0.1208,-0.027,0.0214,-19.06,-32.5,23.81,319.85,-78.73,-173.6
52.38621,-1.534293,151.39,13.69,4,122.15,19 / 21,2602010,2019-09-06 20:03:27:753,-0.4318,-0.1637,9.7827,0.0147,-0.0067,9.8066,-0.0395,-0.0469,-0.0349,-18.87,-32.94,23.25,317.77,-78.81,-173.75
52.38621,-1.534293,151.39,13.69,4,122.15,19 / 21,2602110,2019-09-06 20:03:27:853,0.4088,-0.0625,9.8915,0.005,0.0065,9.8066,-0.0991,-0.0336,-0.0254,-19.19,-32.62,23.56,319.41,-78.93,-173.89
52.38621,-1.534293,151.39,13.69,4,122.15,19 / 21,2602209,2019-09-06 20:03:27:952,-0.6039,0.6623,9.9038,0.0132,-0.0179,9.8066,-0.1147,-0.0077,-0.0245,-18.75,-32.81,22.81,317.04,-78.8,-174.36
52.38621,-1.534293,151.39,13.69,4,122.15,19 / 21,2602309,2019-09-06 20:03:28:052,0.4029,0.2439,9.7233,-0.0074,0.0024,9.8066,0.047,-0.0493,0.0348,-18.62,-33.31,23.38,316.97,-78.75,-174.37
52.38621,-1.534293,151.39,13.69,4,122.15,20 / 23,2602409,2019-09-06 20:03:28:152,0.483,-0.2056,10.3509,-0.0041,-0.0053,9.8066,-0.0323,-0.0346,-0.0232,-18.56,-32.81,23.56,319,-78.78,-174.11
52.38621,-1.534293,151.39,13.69,4,122.15,20 / 23,2602510,2019-09-06 20:03:28:253,0.4862,0.0487,9.5433,-0.0019,0.0137,9.8065,0.0846,0.0001,0.0494,-18.56,-32.56,23,317.35,-78.84,-174.13
52.38621,-1.534293,151.39,13.69,4,122.15,20 / 23,2602610,2019-09-06 20:03:28:353,0.3982,-0.7803,9.5944,-0.0089,0.0064,9.8066,0.0376,0.0076,0.0232,-18.75,-33.12,23.19,317.66,-78.94,-173.95
52.38621,-1.534293,151.39,13.69,4,122.15,20 / 23,2602710,2019-09-06 20:03:28:453,-0.0914,-0.4716,10.3768,-0.007,0.0066,9.8066,-0.0376,0.0298,-0.038,-18.56,-33.25,23.69,319.52,-79.02,-173.87
52.38621,-1.534293,151.39,13.69,4,122.15,20 / 23,2602809,2019-09-06 20:03:28:552,0.7291,-1.1663,9.8175,0.0083,0.011,9.8065,0.1646,-0.0562,0.0419,-18.31,-33,23.44,318.29,-78.99,-174.82
52.38621,-1.534293,151.39,13.69,4,122.15,20 / 23,2602909,2019-09-06 20:03:28:652,1.758,-1.2678,9.3793,-0.0084,0.0089,9.8065,-0.2031,-0.0481,0.0362,-19.44,-32.75,23.13,316.63,-78.96,-174.84
52.38621,-1.534293,151.39,13.69,4,122.15,20 / 23,2603010,2019-09-06 20:03:28:753,-0.3602,0.4194,10.1378,-0.0139,-0.0063,9.8066,-0.1602,0.0449,-0.033,-18.69,-33.06,23.31,317.27,-79.04,-174.37
52.38621,-1.534293,151.39,13.69,4,122.15,20 / 23,2603110,2019-09-06 20:03:28:853,0.5053,0.066,9.9904,-0.002,-0.0015,9.8066,0.0831,-0.0225,0.031,-19.06,-33.56,23.38,317.94,-79.17,-173.67
52.38621,-1.534293,151.39,13.69,4,122.15,20 / 23,2603210,2019-09-06 20:03:28:953,-0.8733,1.0933,10.086,0.0012,-0.0132,9.8066,0.0015,0.0019,-0.0481,-18.87,-33.25,23.63,320.81,-79.12,-172.87
52.38621,-1.534293,151.39,13.69,4,122.15,20 / 23,2603310,2019-09-06 20:03:29:053,-0.5466,-0.0508,10.1554,0.0062,-0.0083,9.8066,0.0536,-0.0669,0.0429,-19.19,-33.12,24.06,320.73,-79.07,-172.9
52.38621,-1.534293,151.39,13.69,4,122.15,20 / 22,2603410,2019-09-06 20:03:29:153,-0.0541,-0.5331,9.998,0.0035,-0.001,9.8066,0.0395,-0.0739,0.0195,-18.94,-32.94,23.94,321.06,-79.04,-172.6
52.38621,-1.534293,151.39,13.69,4,122.15,20 / 22,2603510,2019-09-06 20:03:29:253,-0.0824,0.3895,9.8762,0.0097,-0.002,9.8066,-0.1379,-0.0668,-0.0149,-18.75,-31.94,23.5,321.08,-79.02,-172.8
52.38621,-1.534293,151.39,13.69,4,122.15,20 / 22,2603609,2019-09-06 20:03:29:352,-0.4873,0.1788,9.0256,-0.0001,0.012,9.8066,-0.0956,0.0536,-0.0252,-18,-33.69,22.19,317.18,-79.15,-174.14
52.38621,-1.534293,151.39,13.69,4,122.15,20 / 22,2603710,2019-09-06 20:03:29:453,2.5704,4.1998,7.5917,-0.0621,0.0558,9.8062,0.1149,0.0186,-0.003,-18.87,-34.12,22.63,316.39,-79.02,-174.84
52.38621,-1.534293,151.39,13.69,4,122.15,20 / 22,2603810,2019-09-06 20:03:29:553,-1.355,1.7645,9.3653,-0.0945,0.0303,9.8061,0.0099,-0.0464,0.0945,-19.69,-34.12,23.31,318.85,-79.62,-172.01
52.38621,-1.534293,151.39,13.69,4,122.15,20 / 22,2603909,2019-09-06 20:03:29:652,-3.2272,4.9066,9.0465,-0.0251,0.0317,9.8065,1.1011,0.0474,-0.085,-20.06,-34,24.38,321.09,-79.42,-171.36
52.38621,-1.534293,151.39,13.69,4,122.15,20 / 22,2604009,2019-09-06 20:03:29:752,-2.6901,-2.3395,12.7264,-0.1353,0.0986,9.8051,0.7937,-0.1952,0.0151,-19.75,-31.81,24.19,318.81,-78.86,-173.3
52.38621,-1.534293,151.39,13.69,4,122.15,20 / 22,2604110,2019-09-06 20:03:29:853,2.66,-0.1966,11.4431,0.1794,-0.1004,9.8045,-0.2864,-0.0257,0.077,-20,-31.94,23.75,320.94,-79.94,-172.3
52.38621,-1.534293,151.39,13.69,4,122.15,20 / 22,2604209,2019-09-06 20:03:29:952,1.6971,0.4266,10.6298,0.0668,-0.0614,9.8062,-0.028,0.0691,-0.0981,-20.06,-31.87,22.94,316.08,-79.29,-174.56
52.38621,-1.534293,151.39,13.69,4,122.15,20 / 22,2604310,2019-09-06 20:03:30:053,-0.8072,1.9314,9.0828,-0.0056,-0.0039,9.8066,-0.2376,-0.0955,0.0929,-19.5,-32.44,22.56,318.06,-79.75,-174.54
52.38621,-1.534293,151.39,13.69,4,122.15,19 / 22,2604409,2019-09-06 20:03:30:152,-1.2704,1.0243,8.9931,0.0218,-0.0276,9.8065,-0.2244,0.0528,-0.0161,-19.69,-32.81,22.38,315.6,-79.69,-173.61
52.38621,-1.534293,151.39,13.69,4,122.15,19 / 22,2604510,2019-09-06 20:03:30:253,-2.5345,0.6543,8.6888,0.0447,-0.0479,9.8064,0.2199,-0.0207,-0.0204,-18.87,-33.19,22.19,317.05,-79.56,-173.54
52.38621,-1.534293,151.39,13.69,4,122.15,19 / 22,2604609,2019-09-06 20:03:30:352,-1.6261,1.1774,10.783,-0.0431,0.0406,9.8064,0.1038,-0.0205,-0.0171,-18.81,-33.31,22.44,317.42,-79.51,-173.18
52.38621,-1.534293,151.39,13.69,4,122.15,19 / 22,2604710,2019-09-06 20:03:30:453,-0.4044,-0.4528,10.824,-0.0321,0.0366,9.8065,0.0236,0.0116,-0.075,-18.56,-33.62,22.94,318.68,-79.8,-173.59
52.38621,-1.534293,151.39,13.69,4,122.15,19 / 22,2604810,2019-09-06 20:03:30:553,0.0305,-0.6002,10.5561,0.0279,-0.0082,9.8065,0.0315,-0.0441,-0.0259,-18.69,-34.44,22.13,315.24,-79.52,-174.78
52.38621,-1.534293,151.39,13.69,4,122.15,19 / 22,2604910,2019-09-06 20:03:30:653,-0.6899,0.8967,9.4125,-0.0069,0.0185,9.8065,-0.1517,-0.0244,-0.0136,-18.25,-34.69,22,315.78,-79.66,-175.52
52.38621,-1.534293,151.39,13.69,4,122.15,19 / 22,2605009,2019-09-06 20:03:30:752,-1.333,1.0184,9.7314,-0.0028,0.0085,9.8066,-0.062,-0.0118,0.0051,-17.25,-35.94,22.5,318.52,-79.88,-176.08
52.38621,-1.534293,151.39,13.69,4,122.15,19 / 22,2605110,2019-09-06 20:03:30:853,-0.5538,1.28,9.5798,-0.006,0.0066,9.8065,0.0171,-0.0229,0.024,-17.69,-35.25,23.19,317.08,-79.97,-176.2
52.38621,-1.534293,151.39,13.69,4,122.15,19 / 22,2605209,2019-09-06 20:03:30:952,-0.9863,-0.2898,9.7823,-0.0159,0.0017,9.8066,0.0167,-0.0321,0.0217,-18.44,-34.31,23.5,319.08,-79.92,-176.09
52.38621,-1.534293,151.39,13.69,4,122.15,19 / 22,2605309,2019-09-06 20:03:31:052,-0.115,0.3098,9.7655,0.005,0.0041,9.8065,-0.0327,-0.0664,0.0242,-18.62,-34.56,22.5,316.06,-79.91,-175.68
52.38621,-1.534293,151.39,13.69,4,122.15,18 / 21,2605410,2019-09-06 20:03:31:153,-0.2063,0.0628,9.7167,-0.0205,0.0058,9.8066,0.1163,0.0504,0.0004,-18.81,-35.5,21.56,314.85,-79.95,-175.26
52.38621,-1.534293,151.39,13.69,4,122.15,18 / 21,2605509,2019-09-06 20:03:31:252,0.1366,0.5774,10.5406,-0.0328,0.0237,9.8065,-0.1311,0.0361,-0.0233,-18.19,-36.75,21.31,314.14,-79.98,-175.13
52.38621,-1.534293,151.39,13.69,4,122.15,18 / 21,2605610,2019-09-06 20:03:31:353,-0.948,-0.328,10.243,0.0564,-0.0428,9.8064,-0.1486,-0.0172,0.0265,-17.12,-39.44,22.44,316.57,-79.46,-175.01
52.38621,-1.534293,151.39,13.69,4,122.15,18 / 21,2605710,2019-09-06 20:03:31:453,0.3617,0.2873,9.3664,0.0558,-0.05,9.8063,0.1158,0.0428,0.0166,-17.12,-38.25,24.19,320,-79.34,-175.3
52.38621,-1.534293,151.39,13.69,4,122.15,18 / 21,2605810,2019-09-06 20:03:31:553,-0.3516,-0.3446,9.5803,-0.0379,0.0286,9.8064,-0.0349,0.015,0.0062,-17.94,-37.12,24.69,319.88,-79.33,-175.57
52.38621,-1.534293,151.39,13.69,4,122.15,18 / 21,2605909,2019-09-06 20:03:31:652,0.8162,0.2735,9.3381,-0.0266,0.0401,9.8064,0.006,0.0175,0.0048,-17.81,-36.31,24.69,320.75,-79.75,-175.44
52.38621,-1.534293,151.39,13.69,4,122.15,18 / 21,2606009,2019-09-06 20:03:31:752,0.7273,-0.1925,10.0304,0.0022,-0.0006,9.8066,0.071,0.0353,0.035,-18.37,-36.62,22.63,316.81,-79.95,-175.93
52.38621,-1.534293,151.39,13.69,4,122.15,18 / 21,2606109,2019-09-06 20:03:31:852,-1.0284,0.1401,10.2881,0.0063,-0.0103,9.8066,0.0103,0.0556,-0.0253,-16.81,-37.25,22.56,318.86,-79.99,-175.67
52.38621,-1.534293,151.39,13.69,4,122.15,18 / 21,2606210,2019-09-06 20:03:31:953,0.4106,-5.852,12.6272,0.0576,-0.1093,9.8058,0.4226,0.0043,0.0257,-17.37,-37.81,22.56,319.64,-79.59,-174.42
52.38621,-1.534293,151.39,13.69,4,122.15,18 / 21,2606309,2019-09-06 20:03:32:052,5.4014,-1.422,10.0464,0.0022,-0.0033,9.8066,-1.1611,-0.1213,0.1207,-18.12,-37.25,23.75,320.74,-79.93,-174.07
52.38621,-1.534293,151.39,13.69,4,122.15,20 / 22,2606410,2019-09-06 20:03:32:153,-4.483,0.0352,8.4648,0.1819,-0.1483,9.8038,-1.2658,-0.221,0.236,-18.12,-36.31,23.88,322.59,-80.21,-172.98
52.38621,-1.534293,151.39,13.69,4,122.15,20 / 22,2606510,2019-09-06 20:03:32:253,-1.603,0.4125,9.3724,0.1983,-0.1922,9.8027,0.2377,0.1244,-0.1188,-18.44,-34.75,23.94,321.37,-79.16,-173.33
52.38621,-1.534293,151.39,13.69,4,122.15,20 / 22,2606610,2019-09-06 20:03:32:353,0.1545,1.4348,9.7047,-0.0352,0.0452,9.8064,0.006,-0.0422,0.0403,-19.87,-32.5,24.13,320.95,-79.93,-172.29
52.38621,-1.534293,151.39,13.69,4,122.15,20 / 22,2606710,2019-09-06 20:03:32:453,-0.5586,-0.8403,9.6809,0.0245,-0.0287,9.8066,0.2182,-0.0032,0.0679,-20.62,-32.06,23.63,318.87,-79.43,-172.46
52.38621,-1.534293,151.39,13.69,4,122.15,20 / 22,2606810,2019-09-06 20:03:32:553,0.731,0.1578,9.806,-0.0589,0.0316,9.8064,0.0729,0.0787,-0.0463,-20.62,-31.81,24,318.28,-79.25,-172.82
52.38621,-1.534293,151.39,13.69,4,122.15,20 / 22,2606910,2019-09-06 20:03:32:653,-0.3137,-0.1225,10.393,-0.0384,0.0452,9.8064,0.0434,0.009,-0.0542,-20.12,-32.75,22.13,316.93,-79.7,-172.48
52.38621,-1.534293,151.39,13.69,4,122.15,20 / 22,2607010,2019-09-06 20:03:32:753,0.8196,-0.275,9.8247,0.0268,-0.0012,9.8066,0.1368,-0.0333,0.0338,-18.81,-34.5,22.94,318.61,-79.68,-173.56
52.38621,-1.534293,151.39,13.69,4,122.15,20 / 22,2607109,2019-09-06 20:03:32:852,-0.4139,-0.8755,9.5069,0.0031,-0.0111,9.8065,-0.0804,0.0532,-0.0438,-18.62,-34.5,22.5,318.58,-79.61,-173.52
52.38621,-1.534293,151.39,13.69,4,122.15,20 / 22,2607210,2019-09-06 20:03:32:953,0.1915,1.3505,9.5655,0.0027,0.0049,9.8066,-0.0898,-0.0415,0.038,-17.69,-35.25,22.13,317.5,-79.65,-174.09
52.38621,-1.534293,151.39,13.69,4,122.15,20 / 22,2607310,2019-09-06 20:03:33:053,0.015,1.0556,10.1624,-0.0117,0.0078,9.8066,0.0471,-0.016,0.0524,-17.81,-36.12,21.38,315.75,-79.71,-173.77
52.3856,-1.532632,152.67,16.05,3,120.37,19 / 21,2607409,2019-09-06 20:03:33:152,1.0439,-0.0078,10.137,0.001,0.0024,9.8066,-0.0728,-0.0104,0.0103,-18.12,-36,22.56,319.34,-79.78,-173.91
52.3856,-1.532632,152.67,16.05,3,120.37,19 / 21,2607510,2019-09-06 20:03:33:253,-1.0755,0.4384,10.1526,0.0173,-0.0157,9.8066,-0.0785,-0.0097,-0.0007,-18.25,-35.69,22.63,319.07,-79.69,-174.05
52.3856,-1.532632,152.67,16.05,3,120.37,19 / 21,2607610,2019-09-06 20:03:33:353,0.7365,-0.5052,10.0077,0.0016,0.0024,9.8065,-0.0895,-0.0243,-0.0115,-17.56,-36.06,22.31,316.93,-79.88,-174.53
52.3856,-1.532632,152.67,16.05,3,120.37,19 / 21,2607709,2019-09-06 20:03:33:452,-0.5228,1.8185,9.4324,0.0201,-0.0214,9.8065,-0.1875,0.0387,-0.0786,-17.37,-36.37,22.06,318.86,-80.02,-174.47
52.3856,-1.532632,152.67,16.05,3,120.37,19 / 21,2607810,2019-09-06 20:03:33:553,-0.8448,1.5539,9.115,0.0193,-0.0112,9.8066,0.1652,0.0284,0.0516,-16.94,-36.5,22.13,318.43,-79.91,-174.72
52.3856,-1.532632,152.67,16.05,3,120.37,19 / 21,2607909,2019-09-06 20:03:33:652,-0.4235,1.1718,10.0052,-0.0422,0.0132,9.8065,0.0374,0.0175,-0.0293,-16.81,-36.19,22.19,320.17,-80.09,-173.45
52.3856,-1.532632,152.67,16.05,3,120.37,19 / 21,2608009,2019-09-06 20:03:33:752,-0.1477,0.465,10.4668,-0.0423,0.0369,9.8064,-0.0188,-0.046,0.0883,-17.12,-35.69,23.13,322.57,-80.16,-173
52.3856,-1.532632,152.67,16.05,3,120.37,19 / 21,2608110,2019-09-06 20:03:33:853,-1.4565,1.7464,9.5885,0.0239,-0.0374,9.8065,-0.2606,0.0449,-0.041,-18.37,-36.69,22.69,321.38,-79.86,-172.08
52.3856,-1.532632,152.67,16.05,3,120.37,19 / 21,2608210,2019-09-06 20:03:33:953,-0.5306,0.1562,9.8516,0.0344,-0.0324,9.8064,0.127,-0.0171,0.0231,-18.75,-36.56,22.44,317.98,-79.86,-172.07
52.3856,-1.532632,152.67,16.05,3,120.37,19 / 21,2608309,2019-09-06 20:03:34:052,0.4208,0.9017,9.788,-0.0312,0.0249,9.8065,0.1032,0.0966,-0.009,-18.81,-36.5,22.31,319.85,-80.13,-171
52.3856,-1.532632,152.67,16.05,3,120.37,19 / 21,2608410,2019-09-06 20:03:34:153,-0.8932,0.5497,9.2407,0.0058,-0.0133,9.8065,-0.1204,0.0019,-0.0176,-18.94,-36.5,21.88,319.94,-80.21,-171
52.3856,-1.532632,152.67,16.05,3,120.37,19 / 21,2608509,2019-09-06 20:03:34:252,-0.9827,0.0622,10.1407,-0.0068,0.0045,9.8066,0.08,0.0067,-0.0169,-19.06,-36.81,22.06,320.22,-80.22,-170.56
52.3856,-1.532632,152.67,16.05,3,120.37,19 / 21,2608610,2019-09-06 20:03:34:353,-0.5394,0.1405,9.299,-0.0003,0.0039,9.8066,-0.0932,0.0284,0.0245,-19.19,-36.19,22.81,321.79,-80.11,-170.83
52.3856,-1.532632,152.67,16.05,3,120.37,19 / 21,2608709,2019-09-06 20:03:34:452,-1.6505,0.8824,9.7667,0.0045,-0.009,9.8066,-0.0423,-0.0328,0.0271,-19.31,-36,22.25,320.12,-80.21,-170.84
52.3856,-1.532632,152.67,16.05,3,120.37,19 / 21,2608810,2019-09-06 20:03:34:553,-1.492,1.9164,10.0549,-0.0016,-0.0009,9.8066,0.1155,-0.0549,-0.0178,-19.31,-36.44,22.19,320.48,-80.27,-170.59
52.3856,-1.532632,152.67,16.05,3,120.37,19 / 21,2608909,2019-09-06 20:03:34:652,-0.14,-0.1747,10.0955,-0.0147,0.0131,9.8066,0.2304,-0.0029,-0.0019,-18.69,-35.69,22.19,319.89,-80.19,-171.02
52.3856,-1.532632,152.67,16.05,3,120.37,19 / 21,2609009,2019-09-06 20:03:34:752,-0.248,0.4778,9.7045,-0.0161,0.0174,9.8065,-0.1029,0.0166,0.0258,-19.12,-34.94,22.31,319.99,-80.06,-171.05
52.3856,-1.532632,152.67,16.05,3,120.37,19 / 21,2609110,2019-09-06 20:03:34:853,-0.2948,0.1361,9.4935,0.0107,-0.0127,9.8066,-0.1346,0.0068,0.0247,-19.25,-35.37,21.81,320.12,-80.07,-170.94
52.3856,-1.532632,152.67,16.05,3,120.37,19 / 21,2609209,2019-09-06 20:03:34:952,-0.5395,1.1217,9.8805,0.0185,-0.0158,9.8065,0.1309,-0.0306,-0.0022,-18.75,-35.31,21.69,320.41,-80.17,-170.78
52.3856,-1.532632,152.67,16.05,3,120.37,19 / 21,2609310,2019-09-06 20:03:35:053,-0.9446,1.2866,9.9324,-0.0138,0.0124,9.8066,0.1144,0.0199,-0.0327,-18.87,-36.94,21.88,320.09,-80.23,-170.67
52.3856,-1.532632,152.67,16.05,3,120.37,19 / 22,2609409,2019-09-06 20:03:35:152,-0.5015,0.0134,9.9604,-0.0213,0.0108,9.8065,-0.1188,0.0154,-0.0257,-19.37,-37.56,22.94,321.81,-80.3,-170.56
52.3856,-1.532632,152.67,16.05,3,120.37,19 / 22,2609510,2019-09-06 20:03:35:253,-0.8659,-0.0423,9.938,0.0351,-0.0179,9.8065,-0.0377,-0.025,0.0419,-19.94,-37,23.56,321.35,-80.03,-171.02
52.3856,-1.532632,152.67,16.05,3,120.37,19 / 22,2609610,2019-09-06 20:03:35:353,-1.3585,0.5653,9.6379,-0.0222,0.0179,9.8066,0.0237,-0.0108,-0.0091,-19.5,-36.19,24,322.65,-80.02,-171.41
52.3856,-1.532632,152.67,16.05,3,120.37,19 / 22,2609709,2019-09-06 20:03:35:452,-0.7779,0.6289,9.1321,-0.0317,0.0283,9.8065,-0.0106,-0.0499,-0.0019,-19.87,-34.12,24.31,322.02,-80.28,-171.25
52.3856,-1.532632,152.67,16.05,3,120.37,19 / 22,2609809,2019-09-06 20:03:35:552,-0.78,1.0311,9.6824,-0.0186,0.0173,9.8066,0.0067,0.0058,-0.0037,-21.25,-33.06,23.06,319.3,-80.32,-171.18
52.3856,-1.532632,152.67,16.05,3,120.37,19 / 22,2609909,2019-09-06 20:03:35:652,-0.6117,0.6546,9.9371,0.0003,0.0005,9.8066,0.0292,0.0164,0.0054,-21.56,-34,22.25,316.26,-80.33,-170.99
52.3856,-1.532632,152.67,16.05,3,120.37,19 / 22,2610010,2019-09-06 20:03:35:753,-1.0845,-0.6349,10.0166,0.0068,-0.0007,9.8066,-0.0271,0.0761,-0.0223,-21.06,-35.56,22.5,318.33,-80.22,-171.31
52.3856,-1.532632,152.67,16.05,3,120.37,19 / 22,2610110,2019-09-06 20:03:35:853,-0.4621,1.1178,9.8079,0.0085,-0.0033,9.8066,-0.047,0.0086,0.0439,-20.81,-35.5,22.56,318.25,-80.14,-171.52
52.3856,-1.532632,152.67,16.05,3,120.37,19 / 22,2610209,2019-09-06 20:03:35:952,-1.2205,-0.7122,9.545,-0.0221,-0.0059,9.8065,-0.0576,0.0487,-0.0611,-21.37,-35.31,21.94,317.47,-80.18,-170.77
52.3856,-1.532632,152.67,16.05,3,120.37,19 / 22,2610309,2019-09-06 20:03:36:052,0.3767,-0.0847,9.5193,-0.0081,0.0071,9.8066,-0.0438,-0.086,0.0981,-19.69,-36.31,21.56,318.25,-80.22,-171.13
52.3856,-1.532632,152.67,16.05,3,120.37,19 / 21,2610410,2019-09-06 20:03:36:153,-0.5834,-0.8152,10.6446,-0.0041,-0.0179,9.8066,0.0925,-0.0365,0.0569,-19.44,-35,22.31,321.09,-80.24,-170.28
52.3856,-1.532632,152.67,16.05,3,120.37,19 / 21,2610510,2019-09-06 20:03:36:253,-0.6297,1.0008,10.1675,-0.0001,-0.0032,9.8066,0.0513,-0.0706,0.0482,-19.44,-36,21.44,318.99,-80.15,-170.19
52.3856,-1.532632,152.67,16.05,3,120.37,19 / 21,2610609,2019-09-06 20:03:36:352,0.0652,0.2667,9.8124,-0.007,-0.0106,9.8065,-0.0645,0.0651,-0.0082,-19,-35.37,22.25,322.1,-80.03,-169.27
52.3856,-1.532632,152.67,16.05,3,120.37,19 / 21,2610710,2019-09-06 20:03:36:453,-0.2686,-0.0318,9.3156,-0.0111,0.0028,9.8066,-0.015,-0.0011,0.11,-19.06,-35.06,21.31,320.86,-80.19,-168.91
52.3856,-1.532632,152.67,16.05,3,120.37,19 / 21,2610809,2019-09-06 20:03:36:552,-1.1742,-0.7215,10.0624,-0.0192,-0.0128,9.8066,0.019,0.0313,-0.1407,-19.37,-34.87,21.56,324.24,-80.24,-167.66
52.3856,-1.532632,152.67,16.05,3,120.37,19 / 21,2610909,2019-09-06 20:03:36:652,-0.6161,0.1016,10.4413,0.0031,0.0093,9.8066,0.1348,-0.0085,0.0676,-19.44,-35.12,21.31,322.06,-80.26,-167.97
52.3856,-1.532632,152.67,16.05,3,120.37,19 / 21,2611010,2019-09-06 20:03:36:753,0.326,0.5678,9.3178,0.0051,0.0045,9.8066,-0.0676,0.0259,-0.0466,-19.37,-34.87,22.63,324.33,-80.13,-168.94
52.3856,-1.532632,152.67,16.05,3,120.37,19 / 21,2611110,2019-09-06 20:03:36:853,-0.1112,-0.6887,9.7144,0.0231,-0.0135,9.8066,-0.0697,-0.0404,0.0185,-19.62,-34.37,23.63,323.29,-80.01,-169.97
52.3856,-1.532632,152.67,16.05,3,120.37,19 / 21,2611210,2019-09-06 20:03:36:953,-0.739,0.9941,9.203,0.022,-0.0066,9.8066,-0.0372,0.0437,-0.03,-19.5,-34.25,22.56,323.08,-80.15,-170.19
52.3856,-1.532632,152.67,16.05,3,120.37,19 / 21,2611310,2019-09-06 20:03:37:053,0.6874,0.2931,9.5975,-0.0411,0.0355,9.8065,0.0017,0.0545,0.0064,-19.44,-35.19,22.5,323.26,-80.6,-170.19
52.3856,-1.532632,152.67,16.05,3,120.37,20 / 22,2611409,2019-09-06 20:03:37:152,0.2449,-0.2318,10.1522,-0.0214,0.0149,9.8066,0.0299,-0.0227,-0.0183,-19.75,-35.37,23.63,323.66,-80.59,-169.91
52.3856,-1.532632,152.67,16.05,3,120.37,20 / 22,2611510,2019-09-06 20:03:37:253,0.2743,-0.4991,10.0259,0.0102,-0.0078,9.8066,0.0107,-0.0177,-0.0072,-20.69,-33.37,23.5,322.41,-80.38,-169.92
52.3856,-1.532632,152.67,16.05,3,120.37,20 / 22,2611609,2019-09-06 20:03:37:352,-1.5533,0.4153,10.0531,0.0052,-0.0087,9.8065,0.0449,-0.0101,0.0193,-20.44,-34.44,22.19,320.29,-80.35,-169.96
52.3856,-1.532632,152.67,16.05,3,120.37,20 / 22,2611710,2019-09-06 20:03:37:453,-0.0634,0.4835,10.7412,-0.0127,0.0057,9.8066,0.1145,0.0121,-0.0326,-20.75,-35.56,21.88,318.99,-80.45,-169.5
52.3856,-1.532632,152.67,16.05,3,120.37,20 / 22,2611809,2019-09-06 20:03:37:552,-0.3503,-0.3315,9.509,-0.0187,0.0214,9.8066,-0.0765,0.0386,-0.0222,-19.81,-36.12,21.75,320.23,-80.53,-169.75
52.3856,-1.532632,152.67,16.05,3,120.37,20 / 22,2611910,2019-09-06 20:03:37:653,0.0618,0.3492,9.8282,0.0318,-0.0229,9.8065,-0.0898,-0.0411,0.0331,-19.94,-36.19,22.19,320.48,-80.53,-169.54
52.3856,-1.532632,152.67,16.05,3,120.37,20 / 22,2612010,2019-09-06 20:03:37:753,-1.0043,-0.0515,9.8081,0.0103,-0.0093,9.8066,0.1207,-0.0336,0.0526,-20.19,-35.87,22.63,322.16,-80.44,-169.49
52.3856,-1.532632,152.67,16.05,3,120.37,20 / 22,2612110,2019-09-06 20:03:37:853,0.6475,0.1937,9.0185,0.0072,-0.004,9.8066,-0.04,0.0059,-0.0624,-19.81,-35.94,21.56,319.57,-80.5,-170.27
52.3856,-1.532632,152.67,16.05,3,120.37,20 / 22,2612210,2019-09-06 20:03:37:953,-0.7773,-0.0257,9.7361,0.0501,-0.0471,9.8063,0.094,0.0662,0.0292,-19.69,-35.44,22,319.56,-80.33,-170.35
52.3856,-1.532632,152.67,16.05,3,120.37,20 / 22,2612310,2019-09-06 20:03:38:053,0.085,1.5782,9.9238,-0.0356,0.0384,9.8064,0.1509,0.0408,0.0753,-19.19,-35.81,22.25,320.66,-80.28,-170.46
52.3856,-1.532632,152.67,16.05,3,120.37,19 / 22,2612409,2019-09-06 20:03:38:152,-0.3378,-0.1513,9.4655,-0.0415,0.0249,9.8065,0.0239,0.0041,-0.0099,-18.87,-36.5,23,323.3,-80.51,-169.9
52.3856,-1.532632,152.67,16.05,3,120.37,19 / 22,2612510,2019-09-06 20:03:38:253,-0.4341,0.9077,9.7583,-0.0133,0.0164,9.8065,0.0232,0.056,-0.0164,-19.19,-35.5,23.19,323.51,-80.71,-170.07
52.3856,-1.532632,152.67,16.05,3,120.37,19 / 22,2612610,2019-09-06 20:03:38:353,-0.6437,1.3284,10.4543,-0.033,0.0303,9.8065,-0.0627,0.0254,0.0224,-19.94,-35.5,21.69,320.6,-80.98,-170.02
52.3856,-1.532632,152.67,16.05,3,120.37,19 / 22,2612710,2019-09-06 20:03:38:453,-0.845,0.3082,9.3889,0.0416,-0.0369,9.8065,-0.0715,-0.0125,-0.025,-19.44,-36.06,22,320.66,-80.65,-170.79
52.3856,-1.532632,152.67,16.05,3,120.37,19 / 22,2612810,2019-09-06 20:03:38:553,1.427,0.1623,9.777,0.0208,-0.0131,9.8066,-0.1608,-0.0681,0.102,-19.37,-36.31,21.5,320.83,-80.65,-170.64
52.3856,-1.532632,152.67,16.05,3,120.37,19 / 22,2612910,2019-09-06 20:03:38:653,1.6315,0.5739,8.4627,-0.0052,-0.0123,9.8066,-0.3117,-0.0064,-0.0197,-19.06,-36.94,21.81,319.99,-80.67,-171.16
52.3856,-1.532632,152.67,16.05,3,120.37,19 / 22,2613010,2019-09-06 20:03:38:753,-1.11,-0.5036,9.4656,0.0771,-0.07,9.8061,0.2828,0.0127,-0.0067,-19.69,-36.06,22.25,319.24,-80.33,-170.4
52.3856,-1.532632,152.67,16.05,3,120.37,19 / 22,2613110,2019-09-06 20:03:38:853,-2.4589,-0.5915,9.9028,-0.1294,0.0777,9.8054,0.4074,-0.0681,0.1218,-19.62,-36.44,21.63,322.23,-81.4,-168.79
52.3856,-1.532632,152.67,16.05,3,120.37,19 / 22,2613209,2019-09-06 20:03:38:952,0.238,-0.1004,9.7771,-0.1435,0.0882,9.8052,-0.1462,-0.0443,-0.0888,-20,-36.25,22.44,323.63,-81.43,-167.62
52.3856,-1.532632,152.67,16.05,3,120.37,19 / 22,2613310,2019-09-06 20:03:39:053,0.465,0.8448,9.572,0.0602,-0.042,9.8063,0.0649,0.0169,-0.0009,-20.19,-36.06,22.25,322.62,-81.03,-168.15
52.3856,-1.532632,152.67,16.05,3,120.37,19 / 21,2613410,2019-09-06 20:03:39:153,-0.4693,-0.3638,9.959,0.0191,-0.022,9.8065,-0.1175,0.0339,-0.0434,-19.87,-36.62,21.94,322.59,-81.18,-168.13
52.3856,-1.532632,152.67,16.05,3,120.37,19 / 21,2613510,2019-09-06 20:03:39:253,-0.2569,0.6517,9.6903,0.0208,-0.0105,9.8066,-0.1372,-0.0687,0.0368,-19.12,-36.75,21.75,323.64,-81.19,-168.55
52.3856,-1.532632,152.67,16.05,3,120.37,19 / 21,2613610,2019-09-06 20:03:39:353,0.3539,-1.4281,10.0295,0.0115,-0.0182,9.8065,0.0913,0.0269,-0.0159,-19.25,-37.25,21.94,322.9,-80.94,-168.96
52.3856,-1.532632,152.67,16.05,3,120.37,19 / 21,2613709,2019-09-06 20:03:39:452,0.2997,0.5431,9.9054,-0.0204,0.0089,9.8065,0.1212,0.0174,-0.0032,-20.31,-36.87,22.19,321.58,-81.01,-168.83
52.3856,-1.532632,152.67,16.05,3,120.37,19 / 21,2613809,2019-09-06 20:03:39:552,-0.089,0.1427,9.9196,-0.042,0.0345,9.8065,-0.3736,-0.0869,0.0046,-21.12,-37,20.94,318.87,-81.17,-168.53
52.3856,-1.532632,152.67,16.05,3,120.37,19 / 21,2613909,2019-09-06 20:03:39:652,-0.2188,0.8324,10.0481,0.0448,-0.032,9.8064,-0.3581,0.0332,-0.0233,-21.31,-37.94,20.94,319.33,-81.37,-168.13
52.3856,-1.532632,152.67,16.05,3,120.37,19 / 21,2614010,2019-09-06 20:03:39:753,-1.1968,0.9494,9.4277,0.0371,-0.0223,9.8065,0.1908,-0.0481,0.0738,-22.62,-36.5,23.56,320.97,-81.15,-168.86
52.3856,-1.532632,152.67,16.05,3,120.37,19 / 21,2614109,2019-09-06 20:03:39:852,-0.6097,-0.9496,8.9729,-0.0202,0.0093,9.8065,-0.1112,0.051,-0.1425,-21.87,-35.44,23.75,323.57,-81.17,-167.94
52.3856,-1.532632,152.67,16.05,3,120.37,19 / 21,2614210,2019-09-06 20:03:39:953,-0.4609,-1.1489,11.4042,-0.0156,0.018,9.8065,0.1858,-0.0539,0.0077,-20.81,-37.25,22.38,320.35,-81.28,-168.87
52.3856,-1.532632,152.67,16.05,3,120.37,19 / 21,2614310,2019-09-06 20:03:40:053,-0.4488,0.6925,11.1097,-0.0218,0.0294,9.8065,0.2643,-0.0463,-0.0158,-20.25,-35.25,24.56,325.92,-81.48,-169.9
52.3856,-1.532632,152.67,16.05,3,120.37,19 / 22,2614410,2019-09-06 20:03:40:153,1.7095,-1.0025,11.0589,0.0847,-0.0534,9.8061,-0.3548,-0.0152,0.0389,-21,-32.87,23.13,321.25,-81.37,-170.3
52.3856,-1.532632,152.67,16.05,3,120.37,19 / 22,2614509,2019-09-06 20:03:40:252,0.1599,-0.8617,9.0636,0.0662,-0.0629,9.8062,-0.3007,-0.0531,0.0475,-21.31,-34.62,20.69,316.96,-81.49,-170.86
52.3856,-1.532632,152.67,16.05,3,120.37,19 / 22,2614610,2019-09-06 20:03:40:353,-1.3322,0.6714,9.3197,0.0279,-0.026,9.8066,0.0519,0.0185,0.0102,-21,-38.69,20.19,315.21,-81.3,-169.77
52.3856,-1.532632,152.67,16.05,3,120.37,19 / 22,2614710,2019-09-06 20:03:40:453,0.6528,2.118,9.4216,-0.0339,0.0213,9.8065,0.0174,0.0497,-0.0718,-19.81,-39.06,21.06,319.26,-81.79,-169.61
52.3856,-1.532632,152.67,16.05,3,120.37,19 / 22,2614810,2019-09-06 20:03:40:553,0.0822,-0.1618,9.7168,-0.0024,-0.0008,9.8065,0.0681,-0.0359,0.0628,-19.25,-39.94,21.81,322.39,-81.57,-169.39
52.3856,-1.532632,152.67,16.05,3,120.37,19 / 22,2614910,2019-09-06 20:03:40:653,0.5365,0.0921,10.1185,0.0017,-0.0094,9.8066,-0.0005,0.1016,-0.0981,-19.12,-39.19,23.25,323.71,-81.33,-169.7
52.3856,-1.532632,152.67,16.05,3,120.37,19 / 22,2615010,2019-09-06 20:03:40:753,-0.3447,-1.3042,9.9806,-0.0041,0.0147,9.8066,-0.0486,0.0061,-0.1029,-19.75,-39.06,22.63,321.22,-81.53,-170.66
52.3856,-1.532632,152.67,16.05,3,120.37,19 / 22,2615109,2019-09-06 20:03:40:852,-0.4017,0.5142,8.8731,-0.0254,0.0576,9.8064,0.0172,-0.0158,0.0845,-18.94,-39.62,21.13,318.8,-81.55,-170.86
52.3856,-1.532632,152.67,16.05,3,120.37,19 / 22,2615209,2019-09-06 20:03:40:952,-0.2721,0.1764,9.4722,-0.0129,-0.005,9.8066,0.168,-0.0582,-0.0282,-17.31,-40.62,22.19,323.26,-81.83,-171.54
52.3856,-1.532632,152.67,16.05,3,120.37,19 / 22,2615309,2019-09-06 20:03:41:052,-0.9978,0.1238,10.3395,-0.0184,0.0298,9.8066,0.1657,-0.0214,-0.0009,-17.69,-40.37,23,323.73,-81.89,-171.36
52.3856,-1.532632,152.67,16.05,3,120.37,19 / 21,2615410,2019-09-06 20:03:41:153,1.143,0.4927,10.6882,-0.017,0.0093,9.8066,0.0165,0.0231,-0.025,-17.25,-40.31,23.44,324.8,-81.72,-171.76
52.3856,-1.532632,152.67,16.05,3,120.37,19 / 21,2615509,2019-09-06 20:03:41:252,0.5959,-1.8819,10.1842,-0.0017,-0.008,9.8066,0.0376,0.0146,0.0926,-18.37,-35.81,25,328.77,-81.41,-169.98
52.3856,-1.532632,152.67,16.05,3,120.37,19 / 21,2615610,2019-09-06 20:03:41:353,0.373,-0.8431,9.9238,-0.0239,-0.0014,9.8066,-0.2022,-0.0015,-0.0298,-19.81,-33.44,23.63,326.21,-81.61,-168.77
52.3856,-1.532632,152.67,16.05,3,120.37,19 / 21,2615709,2019-09-06 20:03:41:452,-1.4701,1.0252,9.6326,0.0241,-0.0186,9.8066,-0.2169,-0.0238,0.0319,-20,-32.81,21.56,325.11,-81.89,-167.19
52.3856,-1.532632,152.67,16.05,3,120.37,19 / 21,2615810,2019-09-06 20:03:41:553,-1.6681,0.7965,9.3452,0.042,-0.0389,9.8065,0.0161,0.007,-0.07,-21.25,-34.56,20.25,319.14,-81.69,-167.58
52.3856,-1.532632,152.67,16.05,3,120.37,19 / 21,2615910,2019-09-06 20:03:41:653,0.1321,0.1305,8.47,0.0229,-0.026,9.8065,-0.2007,0.1897,0.0309,-21.87,-35.06,21.13,319.35,-81.36,-167.49
52.3856,-1.532632,152.67,16.05,3,120.37,19 / 21,2616010,2019-09-06 20:03:41:753,-0.1693,0.9,8.9976,0.0365,-0.0293,9.8065,0.0336,0.0223,-0.0802,-21,-35.81,21.13,320.44,-81.3,-167.5
52.3856,-1.532632,152.67,16.05,3,120.37,19 / 21,2616110,2019-09-06 20:03:41:853,-0.9075,-0.0137,9.9116,-0.0256,0.0255,9.8065,-0.0864,-0.0641,-0.1235,-20.06,-36.56,21.13,323.75,-81.61,-166.02
52.3856,-1.532632,152.67,16.05,3,120.37,19 / 21,2616209,2019-09-06 20:03:41:952,-2.4698,0.2656,9.5328,-0.0378,0.0481,9.8064,0.1531,0.1341,-0.02,-20.25,-36.87,21.81,324.79,-81.84,-166.8
52.3856,-1.532632,152.67,16.05,3,120.37,19 / 21,2616309,2019-09-06 20:03:42:052,0.5381,0.064,10.5061,0.0016,-0.0046,9.8066,0.2412,0.0442,0.0443,-19.62,-36.94,21.63,324.37,-81.74,-167.07
52.384964,-1.530806,152.68,16.77,3,120.07,19 / 21,2616410,2019-09-06 20:03:42:153,0.3023,-0.1424,10.547,-0.0268,0.003,9.8066,0.1123,-0.0261,-0.0046,-20.69,-35.5,22.81,326.03,-81.69,-166.07
52.384964,-1.530806,152.68,16.77,3,120.07,19 / 21,2616509,2019-09-06 20:03:42:252,0.0137,-1.7353,9.2872,0.0297,-0.0043,9.8066,-0.0356,-0.0055,-0.1046,-20.31,-35.81,21.75,324.17,-81.45,-167.18
52.384964,-1.530806,152.68,16.77,3,120.07,19 / 21,2616610,2019-09-06 20:03:42:353,-1.0279,-0.0999,10.7934,-0.0169,0.0378,9.8065,-0.0907,-0.1311,-0.0259,-19.75,-36.56,21.13,321.69,-81.65,-167.79
52.384964,-1.530806,152.68,16.77,3,120.07,19 / 21,2616709,2019-09-06 20:03:42:452,-0.1223,0.7915,10.2719,-0.0108,0.0268,9.8066,0.329,0.0731,0.0118,-18.94,-37,23.19,324.9,-81.77,-169.38
52.384964,-1.530806,152.68,16.77,3,120.07,19 / 21,2616809,2019-09-06 20:03:42:552,0.3069,1.015,10.7921,-0.0272,0.0066,9.8065,0.34,-0.0484,0.0353,-19.44,-35.12,22.88,325.82,-81.71,-168.87
52.384964,-1.530806,152.68,16.77,3,120.07,19 / 21,2616909,2019-09-06 20:03:42:652,-0.0799,-0.4389,10.0692,-0.0553,0.0444,9.8064,-0.2598,-0.0504,0.038,-20,-35.87,22.69,325.47,-81.76,-167.72
52.384964,-1.530806,152.68,16.77,3,120.07,19 / 21,2617009,2019-09-06 20:03:42:752,-0.6993,0.3268,9.6703,0.0329,-0.0267,9.8065,-0.1596,0.0201,-0.0455,-19.94,-35.31,21.88,323.46,-81.45,-167.96
52.384964,-1.530806,152.68,16.77,3,120.07,19 / 21,2617109,2019-09-06 20:03:42:852,-0.5307,-0.1022,10.1979,0.0371,-0.0122,9.8065,0.033,-0.0443,-0.0453,-20,-35.94,22.13,322.18,-81.55,-168.96
52.384964,-1.530806,152.68,16.77,3,120.07,19 / 21,2617210,2019-09-06 20:03:42:953,-0.1182,0.0751,9.2718,0.0019,0.0193,9.8065,-0.0025,-0.0138,-0.0497,-20.06,-36.5,22.13,320.69,-81.75,-170.4
52.384964,-1.530806,152.68,16.77,3,120.07,19 / 21,2617309,2019-09-06 20:03:43:052,-0.8839,0.4783,9.2412,0.0242,0.004,9.8065,-0.0539,0.0062,-0.0826,-19.44,-36.19,22.81,321.45,-81.78,-172.5
52.384964,-1.530806,152.68,16.77,3,120.07,19 / 21,2617410,2019-09-06 20:03:43:153,0.0703,-0.9012,10.3528,0.0369,-0.0118,9.8065,-0.0502,-0.0863,0.0108,-19.87,-35.94,22.25,314.89,-81.94,-175.61
52.384964,-1.530806,152.68,16.77,3,120.07,19 / 21,2617509,2019-09-06 20:03:43:252,-0.9224,0.5594,9.5264,0.0271,-0.016,9.8065,0.1329,-0.0547,0.0488,-18.75,-35.56,22.38,315.84,-82.1,-176.23
52.384964,-1.530806,152.68,16.77,3,120.07,19 / 21,2617610,2019-09-06 20:03:43:353,-1.5214,0.9199,10.121,-0.059,0.0113,9.8064,0.1184,-0.0672,0.1105,-19.19,-36.06,22.25,315.37,-82.02,-176.56
52.384964,-1.530806,152.68,16.77,3,120.07,19 / 21,2617709,2019-09-06 20:03:43:452,-0.1095,0.3705,10.5327,-0.0345,-0.0011,9.8066,0.0889,-0.0488,0.0569,-19,-35.81,22.94,321.23,-81.94,-172.83
52.384964,-1.530806,152.68,16.77,3,120.07,19 / 21,2617810,2019-09-06 20:03:43:553,-0.6404,-0.4432,10.1962,0.0049,-0.0135,9.8066,0.0551,-0.0115,-0.0118,-19.62,-35.5,23.5,322.45,-81.56,-171.67
52.384964,-1.530806,152.68,16.77,3,120.07,19 / 21,2617910,2019-09-06 20:03:43:653,-0.0827,-0.2094,8.7778,-0.0213,0.0397,9.8065,-0.1492,0.018,-0.0174,-19.69,-35.12,22.25,318.97,-81.83,-172.13
52.384964,-1.530806,152.68,16.77,3,120.07,19 / 21,2618010,2019-09-06 20:03:43:753,-0.0505,0.7822,9.3257,0.0089,0.024,9.8065,-0.187,-0.034,-0.0451,-18.87,-35.81,22.13,318.41,-82.24,-174.12
52.384964,-1.530806,152.68,16.77,3,120.07,19 / 21,2618109,2019-09-06 20:03:43:852,-0.7783,0.3745,9.3388,0.0118,0.0088,9.8066,-0.0129,0.0074,-0.0191,-18.31,-36,22.81,320.45,-82.45,-175.32
52.384964,-1.530806,152.68,16.77,3,120.07,19 / 21,2618210,2019-09-06 20:03:43:953,-0.196,0.8286,9.7757,0.0061,-0.0078,9.8066,-0.0424,0.0133,0.0013,-18.25,-35.56,22,317.43,-82.49,-176.58
52.384964,-1.530806,152.68,16.77,3,120.07,19 / 21,2618309,2019-09-06 20:03:44:052,-0.7137,1.1136,10.3908,0.0079,-0.0128,9.8066,-0.0409,0.0007,-0.0107,-18.5,-35.25,21.38,315.94,-82.36,-176.46
52.384964,-1.530806,152.68,16.77,3,120.07,20 / 22,2618410,2019-09-06 20:03:44:153,-0.3859,-0.5032,10.6292,0.0054,-0.0156,9.8066,0.0788,0.0089,-0.0132,-18.5,-35.75,21.56,317.71,-82.33,-176.19
52.384964,-1.530806,152.68,16.77,3,120.07,20 / 22,2618509,2019-09-06 20:03:44:252,-0.8815,1.4392,9.35,0.0142,-0.0128,9.8065,-0.0212,-0.0049,0.0089,-19.19,-36.25,21.31,314.42,-82.15,-176.02
52.384964,-1.530806,152.68,16.77,3,120.07,20 / 22,2618610,2019-09-06 20:03:44:353,-1.511,0.2132,9.3491,-0.0252,0.0138,9.8066,-0.0977,-0.0438,0.0904,-18.75,-36.56,21.94,316.54,-82.4,-175.71
52.384964,-1.530806,152.68,16.77,3,120.07,20 / 22,2618709,2019-09-06 20:03:44:452,-1.3089,0.3682,9.3884,-0.0367,0.0101,9.8065,0.0257,0.038,-0.045,-18.37,-36.12,22.31,320.24,-82.6,-174.22
52.384964,-1.530806,152.68,16.77,3,120.07,20 / 22,2618810,2019-09-06 20:03:44:553,0.4033,-0.8859,9.8209,-0.0072,0.0098,9.8066,0.1725,-0.0302,0.0139,-18,-35.87,21.69,321.31,-82.85,-173.51
52.384964,-1.530806,152.68,16.77,3,120.07,20 / 22,2618909,2019-09-06 20:03:44:652,-0.3933,0.528,10.1468,-0.0158,0.0254,9.8065,-0.1455,-0.0609,-0.0174,-17.69,-36.62,21.63,321.07,-83.03,-173.72
52.384964,-1.530806,152.68,16.77,3,120.07,20 / 22,2619010,2019-09-06 20:03:44:753,-0.4837,1.4771,9.3851,0.0061,0.0039,9.8066,-0.0322,-0.0178,0.023,-17.56,-36.87,21.38,319.08,-82.92,-173.88
52.384964,-1.530806,152.68,16.77,3,120.07,20 / 22,2619109,2019-09-06 20:03:44:852,0.9018,0.2319,10.1031,-0.0012,-0.0228,9.8066,-0.0073,0.0019,-0.0045,-17.37,-36.44,21.69,323.26,-82.71,-173.16
52.384964,-1.530806,152.68,16.77,3,120.07,20 / 22,2619210,2019-09-06 20:03:44:953,-0.5767,0.2549,10.1007,-0.0095,0.0082,9.8066,0.0611,-0.0054,0.0128,-18.37,-36.37,21.19,320.8,-82.68,-172.34
52.384964,-1.530806,152.68,16.77,3,120.07,20 / 22,2619309,2019-09-06 20:03:45:052,0.6113,-0.3253,9.5954,-0.0191,0.0208,9.8065,-0.1432,0.0002,0.002,-18.12,-36.81,21.13,320.45,-82.74,-172.52
52.384964,-1.530806,152.68,16.77,3,120.07,19 / 21,2619410,2019-09-06 20:03:45:153,0.048,1.4689,9.6729,0.0272,-0.0263,9.8065,-0.0258,0.0592,-0.0026,-18.19,-36.44,21.94,322.83,-82.82,-172.16
52.384964,-1.530806,152.68,16.77,3,120.07,19 / 21,2619510,2019-09-06 20:03:45:253,-0.5541,0.0525,9.5574,0.0089,-0.0214,9.8066,-0.0663,0.0591,-0.0308,-19.37,-36.31,21.31,320.46,-82.94,-171.46
52.384964,-1.530806,152.68,16.77,3,120.07,19 / 21,2619610,2019-09-06 20:03:45:353,-1.0409,-0.2573,9.4456,0.0159,-0.0265,9.8066,-0.1981,0.0214,0.0481,-19.37,-35.81,21.06,321.23,-82.86,-170.72
52.384964,-1.530806,152.68,16.77,3,120.07,19 / 21,2619710,2019-09-06 20:03:45:453,-0.3831,-0.4132,9.9857,0.0116,-0.0289,9.8065,0.1216,0.0029,-0.0391,-19.31,-36.06,20.81,321.89,-82.64,-169.96
52.384964,-1.530806,152.68,16.77,3,120.07,19 / 21,2619810,2019-09-06 20:03:45:553,-0.6562,0.4675,10.2034,-0.0354,0.0327,9.8065,0.1186,-0.0243,-0.0094,-19.37,-36.37,21.06,322.9,-82.92,-169.32
52.384964,-1.530806,152.68,16.77,3,120.07,19 / 21,2619910,2019-09-06 20:03:45:653,-0.0352,0.3037,9.8547,-0.041,0.0423,9.8064,-0.0427,-0.0263,0.0286,-19.69,-36.25,21.31,321.17,-83.04,-169.59
52.384964,-1.530806,152.68,16.77,3,120.07,19 / 21,2620010,2019-09-06 20:03:45:753,0.0342,0.896,9.4452,0.0175,-0.0147,9.8065,-0.0793,0.0347,-0.0109,-19.5,-35.62,21.38,322.37,-82.8,-169.68
52.384964,-1.530806,152.68,16.77,3,120.07,19 / 21,2620110,2019-09-06 20:03:45:853,-0.4474,0.9083,10.3026,0.0113,-0.0161,9.8065,0.0638,-0.011,0.0601,-19.31,-35.37,21.19,323.07,-82.81,-169.23
52.384964,-1.530806,152.68,16.77,3,120.07,19 / 21,2620210,2019-09-06 20:03:45:953,-0.2206,0.3733,9.9402,-0.0035,0.0052,9.8065,0.0688,-0.0139,-0.0246,-19.56,-35.75,21.13,322.32,-82.84,-168.42
52.384964,-1.530806,152.68,16.77,3,120.07,19 / 21,2620310,2019-09-06 20:03:46:053,-0.1954,0.9644,9.4753,-0.0054,0.0036,9.8066,-0.0731,-0.0349,0.0241,-19.62,-36.44,20.69,322.38,-82.84,-168.37
52.384964,-1.530806,152.68,16.77,3,120.07,19 / 21,2620410,2019-09-06 20:03:46:153,-0.0422,0.1501,10.3035,0.0152,-0.0164,9.8065,-0.1091,-0.0033,0.0421,-19.06,-36.62,21.38,324.22,-82.86,-167.97
52.384964,-1.530806,152.68,16.77,3,120.07,19 / 21,2620510,2019-09-06 20:03:46:253,-0.7027,0.4888,9.8371,0.022,-0.0327,9.8065,0.078,0.0316,-0.0587,-19.56,-36.87,21.88,324.62,-82.71,-167.62
52.384964,-1.530806,152.68,16.77,3,120.07,19 / 21,2620610,2019-09-06 20:03:46:353,-1.0061,-0.4447,9.7889,-0.0303,0.0272,9.8065,0.1003,-0.0223,0.0798,-19.56,-36.44,21.75,325.57,-82.95,-167.12
52.384964,-1.530806,152.68,16.77,3,120.07,19 / 21,2620710,2019-09-06 20:03:46:453,-1.1467,0.1661,9.7194,-0.0304,0.0214,9.8065,0.0858,0.0267,-0.0502,-19.69,-36.56,21.38,323.9,-82.9,-166.94
52.384964,-1.530806,152.68,16.77,3,120.07,19 / 21,2620809,2019-09-06 20:03:46:552,-0.3291,0.1141,10.4203,0.017,0.0031,9.8066,0.107,-0.0212,-0.0178,-19.62,-36.81,21.44,322.83,-82.72,-167.73
52.384964,-1.530806,152.68,16.77,3,120.07,19 / 21,2620910,2019-09-06 20:03:46:653,0.2557,-0.3739,9.2886,0.014,-0.0073,9.8066,-0.2332,0.0158,-0.0178,-19.69,-36.81,21.56,323.56,-82.82,-168.63
52.384964,-1.530806,152.68,16.77,3,120.07,19 / 21,2621009,2019-09-06 20:03:46:752,0.3181,0.4428,9.1727,0.024,-0.0083,9.8066,-0.2905,0.0207,-0.0499,-20.25,-37.25,21.06,321.94,-82.99,-168.72
52.384964,-1.530806,152.68,16.77,3,120.07,19 / 21,2621110,2019-09-06 20:03:46:853,-0.9262,0.4768,10.3789,0.028,-0.012,9.8066,0.1658,0.0085,0.0094,-19.37,-37.31,21.13,322.26,-83.06,-169.84
52.384964,-1.530806,152.68,16.77,3,120.07,19 / 21,2621210,2019-09-06 20:03:46:953,0.14,1.0003,10.3274,-0.0024,-0.0037,9.8066,0.0954,0.0316,-0.0351,-19.75,-37.37,21.56,321.77,-83.08,-170.42
52.384964,-1.530806,152.68,16.77,3,120.07,19 / 21,2621310,2019-09-06 20:03:47:053,-0.3574,0.1677,9.9779,0.0122,-0.0118,9.8065,-0.0064,-0.0337,0.0146,-19.94,-37.19,21.69,321.16,-82.8,-170.72
52.384964,-1.530806,152.68,16.77,3,120.07,19 / 21,2621409,2019-09-06 20:03:47:152,0.1959,-0.198,10.2137,0.0001,-0.0134,9.8066,0.067,0.002,-0.0101,-19.56,-37.69,21.88,320.93,-82.76,-170.73
52.384964,-1.530806,152.68,16.77,3,120.07,19 / 21,2621510,2019-09-06 20:03:47:253,-0.1111,0.0267,9.3304,-0.0325,0.0298,9.8065,-0.1919,0.0174,0.0195,-19.44,-38.19,21.81,323.23,-82.92,-170.2
52.384964,-1.530806,152.68,16.77,3,120.07,19 / 21,2621609,2019-09-06 20:03:47:352,-1.315,0.8943,9.4918,0.0157,-0.0182,9.8066,-0.197,-0.0148,0.0313,-19.81,-37.69,21.69,321.74,-82.99,-170.22
52.384964,-1.530806,152.68,16.77,3,120.07,19 / 21,2621710,2019-09-06 20:03:47:453,-0.5024,1.3483,9.3283,-0.0265,0.0205,9.8065,0.242,0.0049,0.0064,-20.19,-37.87,21.5,322.05,-83,-169.95
52.384964,-1.530806,152.68,16.77,3,120.07,19 / 21,2621809,2019-09-06 20:03:47:552,-0.0168,-0.4078,10.6316,-0.033,0.0249,9.8065,0.1877,-0.0349,0.0011,-19.44,-37.37,21.81,324.21,-83.06,-169.61
52.384964,-1.530806,152.68,16.77,3,120.07,19 / 21,2621910,2019-09-06 20:03:47:653,0.1556,0.1338,10.0819,-0.0307,0.0254,9.8065,-0.0837,-0.0009,0.021,-20.12,-37.5,21.63,322.68,-82.89,-169.46
52.384964,-1.530806,152.68,16.77,3,120.07,19 / 21,2622010,2019-09-06 20:03:47:753,-0.1955,0.7082,10.001,0.0203,-0.0132,9.8066,-0.0618,0.0455,-0.0238,-19.81,-37.69,21.25,320.31,-82.79,-169.81
52.384964,-1.530806,152.68,16.77,3,120.07,19 / 21,2622109,2019-09-06 20:03:47:852,0.1742,0.5453,8.9863,0.0016,-0.0062,9.8066,-0.0808,0.0013,0.0238,-19.37,-38.12,21.56,323.53,-82.84,-169.87
52.384964,-1.530806,152.68,16.77,3,120.07,19 / 21,2622210,2019-09-06 20:03:47:953,-1.1531,0.7172,9.5219,-0.0045,-0.0097,9.8066,-0.178,-0.0205,-0.0119,-19.69,-38.44,21.25,321.8,-82.99,-168.69
52.384964,-1.530806,152.68,16.77,3,120.07,19 / 21,2622311,2019-09-06 20:03:48:054,-1.3894,0.549,9.8996,0.0097,-0.0145,9.8066,-0.0255,0.0296,0.0054,-19.62,-38.06,21.31,322.28,-83.02,-168.3
52.384964,-1.530806,152.68,16.77,3,120.07,20 / 22,2622409,2019-09-06 20:03:48:152,0.8729,-0.1311,9.979,0.0172,-0.0246,9.8066,0.0716,0.0388,-0.035,-18.94,-39,22,323.77,-82.92,-169.58
52.384964,-1.530806,152.68,16.77,3,120.07,20 / 22,2622510,2019-09-06 20:03:48:253,-0.9136,1.2504,10.2391,0.0033,0.0126,9.8066,-0.0459,-0.0791,0.0489,-18.87,-38.5,22.69,325.04,-82.99,-170.08
52.384964,-1.530806,152.68,16.77,3,120.07,20 / 22,2622609,2019-09-06 20:03:48:352,-0.4463,0.6537,9.9723,0.0143,-0.002,9.8066,-0.0825,-0.0038,-0.0746,-18.69,-38.5,21.56,323.82,-82.95,-169.71
52.384964,-1.530806,152.68,16.77,3,120.07,20 / 22,2622710,2019-09-06 20:03:48:453,-0.6906,0.2428,9.4167,0.0026,0.0101,9.8065,0.0652,-0.0291,0.0001,-17.56,-39.37,21.69,323.43,-82.92,-171.28
52.384964,-1.530806,152.68,16.77,3,120.07,20 / 22,2622810,2019-09-06 20:03:48:553,0.2952,0.7151,9.148,0.0022,0.0002,9.8066,-0.0091,0.0224,-0.028,-17.5,-39.19,21.44,324.2,-82.9,-170.59
52.384964,-1.530806,152.68,16.77,3,120.07,20 / 22,2622910,2019-09-06 20:03:48:653,-0.8419,0.7717,9.4182,0.004,-0.0058,9.8065,-0.083,-0.0138,-0.0187,-17.69,-39.12,21.25,322.57,-83.02,-170.63
52.384964,-1.530806,152.68,16.77,3,120.07,20 / 22,2623010,2019-09-06 20:03:48:753,-0.9801,0.1646,9.8233,0.0014,0.0044,9.8066,-0.003,-0.0234,-0.0066,-17.94,-38.44,20.56,322.6,-83.23,-170.95
52.384964,-1.530806,152.68,16.77,3,120.07,20 / 22,2623110,2019-09-06 20:03:48:853,-0.3866,-0.0796,10.134,0.0037,-0.0045,9.8066,0.0324,0.0157,-0.0042,-17.94,-38.56,21.19,321.66,-83.27,-171.65
52.384964,-1.530806,152.68,16.77,3,120.07,20 / 22,2623209,2019-09-06 20:03:48:952,0.5568,0.3761,10.2167,0.0171,-0.0118,9.8066,0.0445,0.0008,-0.0232,-17.87,-37.75,22.06,323.26,-83.24,-171.85
52.384964,-1.530806,152.68,16.77,3,120.07,20 / 22,2623310,2019-09-06 20:03:49:053,0.1287,0.1727,9.3495,0.0187,-0.0034,9.8066,-0.0012,-0.0078,0.0026,-18.25,-36.94,21.94,322.18,-83.06,-172.77
52.384964,-1.530806,152.68,16.77,3,120.07,19 / 21,2623409,2019-09-06 20:03:49:152,-0.4478,0.4261,10.1883,-0.0331,0.0303,9.8064,0.0179,0.016,0.009,-17.87,-37.31,21.56,322.4,-83.25,-172.75
52.384964,-1.530806,152.68,16.77,3,120.07,19 / 21,2623510,2019-09-06 20:03:49:253,0.3686,0.8079,9.3996,-0.0176,0.0192,9.8065,-0.0264,-0.0156,0.0163,-17.94,-36.56,21.81,322.34,-83.28,-172.83
52.384964,-1.530806,152.68,16.77,3,120.07,19 / 21,2623610,2019-09-06 20:03:49:353,0.2372,0.397,10.0621,-0.006,-0.0078,9.8066,0.019,0.0184,-0.0539,-18.12,-36.44,21.69,322.33,-83.24,-172.95
52.384964,-1.530806,152.68,16.77,3,120.07,19 / 21,2623709,2019-09-06 20:03:49:452,0.37,-0.8,10.1579,-0.0249,0.0259,9.8065,-0.1253,0.0259,-0.0093,-17.94,-37.44,20.81,321.35,-83.34,-172.29
52.384964,-1.530806,152.68,16.77,3,120.07,19 / 21,2623810,2019-09-06 20:03:49:553,-0.5095,-0.242,9.3414,0.0229,-0.0324,9.8065,-0.1047,-0.059,0.0045,-18.06,-37.19,20.88,321.04,-83.18,-172.41
52.384964,-1.530806,152.68,16.77,3,120.07,19 / 21,2623910,2019-09-06 20:03:49:653,0.5604,0.8996,9.723,0.0444,-0.0288,9.8064,0.1103,-0.0523,0.0181,-17.69,-37.06,21.13,320.84,-83.17,-172.58
52.384964,-1.530806,152.68,16.77,3,120.07,19 / 21,2624010,2019-09-06 20:03:49:753,-0.1305,0.2537,10.5266,-0.0225,0.0195,9.8066,0.0379,0.0088,-0.0202,-17.31,-36.69,22.06,323.93,-83.41,-173.02
52.384964,-1.530806,152.68,16.77,3,120.07,19 / 21,2624110,2019-09-06 20:03:49:853,0.6231,0.6632,9.6514,0.0159,-0.0065,9.8065,0.0634,-0.0084,0.0523,-18.19,-37.06,21.06,319.73,-83.23,-173.6
52.384964,-1.530806,152.68,16.77,3,120.07,19 / 21,2624210,2019-09-06 20:03:49:953,1.0441,-0.14,9.2212,-0.0165,-0.0006,9.8066,0.0459,0.0153,-0.0115,-18.5,-36.5,21.69,321.7,-83.15,-173.43
52.384964,-1.530806,152.68,16.77,3,120.07,19 / 21,2624310,2019-09-06 20:03:50:053,-0.263,-0.2027,9.9918,-0.0309,0.0207,9.8065,0.0574,-0.0055,0.0049,-18.44,-36.81,21.13,322.15,-83.41,-171.65
52.384964,-1.530806,152.68,16.77,3,120.07,19 / 21,2624410,2019-09-06 20:03:50:153,-0.7888,0.2504,10.0924,0.0193,-0.0242,9.8065,-0.0444,0.012,0.0053,-18.37,-36.75,21.19,322.1,-83.5,-171.76
52.384964,-1.530806,152.68,16.77,3,120.07,19 / 21,2624509,2019-09-06 20:03:50:252,-0.6799,-0.0273,9.688,0.0236,-0.0156,9.8066,0.0806,0.0488,0.0145,-18.06,-36.94,21.75,323.27,-83.22,-171.96
52.384964,-1.530806,152.68,16.77,3,120.07,19 / 21,2624610,2019-09-06 20:03:50:353,-0.8389,0.3809,9.6105,-0.0016,-0.0099,9.8066,-0.1214,-0.0236,0.0057,-18.44,-36.44,21.44,321.82,-83.08,-171.8
52.384964,-1.530806,152.68,16.77,3,120.07,19 / 21,2624710,2019-09-06 20:03:50:453,0.9556,-1.2002,10.5138,0.0044,0.0008,9.8066,0.043,-0.0778,0.0249,-18.25,-36.19,21.44,321.94,-83.25,-171.84
52.384964,-1.530806,152.68,16.77,3,120.07,19 / 21,2624810,2019-09-06 20:03:50:553,0.5312,0.6916,9.9419,0.0007,-0.0007,9.8066,0.0146,0.0796,-0.0714,-17.81,-36.62,22.06,323.64,-83.34,-171.74
52.384964,-1.530806,152.68,16.77,3,120.07,19 / 21,2624910,2019-09-06 20:03:50:653,-0.2732,-0.7364,9.3337,0.0205,-0.0099,9.8066,0.0531,-0.0097,-0.0089,-18.31,-36.69,21.13,320.85,-83.27,-172.65
52.384964,-1.530806,152.68,16.77,3,120.07,19 / 21,2625010,2019-09-06 20:03:50:753,0.0151,0.1867,10.4072,0.0012,-0.0043,9.8066,-0.0373,-0.0312,-0.0352,-18.69,-36.25,21.56,321.66,-83.22,-172.11
52.384964,-1.530806,152.68,16.77,3,120.07,19 / 21,2625109,2019-09-06 20:03:50:852,-0.0404,0.7285,10.6466,-0.0071,0.0045,9.8066,0.1008,-0.061,0.09,-18.19,-37.31,20.81,321.51,-83.27,-172.08
52.384964,-1.530806,152.68,16.77,3,120.07,19 / 21,2625209,2019-09-06 20:03:50:952,-0.011,0.2297,8.9763,-0.0084,-0.0031,9.8066,-0.1502,0.0219,-0.0498,-17.87,-37.56,20.88,322.21,-83.16,-171.22
52.384964,-1.530806,152.68,16.77,3,120.07,19 / 21,2625309,2019-09-06 20:03:51:052,-0.5117,0.1192,10.4406,0.0226,-0.0257,9.8066,0.1343,-0.014,0.0648,-18.62,-37.87,21.56,322.19,-83.02,-171.19
52.384296,-1.528942,152.48,15.89,3,120.16,20 / 22,2625409,2019-09-06 20:03:51:152,-0.5717,0.8031,10.3343,-0.01,0.0035,9.8066,0.101,0.01,0.0684,-18.62,-38,21.5,323.39,-83.08,-170.19
52.384296,-1.528942,152.48,15.89,3,120.16,20 / 22,2625510,2019-09-06 20:03:51:253,0.3272,-0.5536,10.3836,0.013,-0.0063,9.8065,0.0348,-0.0086,0.0921,-18.81,-34.69,23.94,327.28,-82.71,-169.63
52.384296,-1.528942,152.48,15.89,3,120.16,20 / 22,2625609,2019-09-06 20:03:51:352,0.1138,-0.2624,10.1696,0.027,-0.0289,9.8065,-0.0595,0.0024,0.0203,-19.25,-32.94,23.56,326.41,-82.16,-170.3
52.384296,-1.528942,152.48,15.89,3,120.16,20 / 22,2625710,2019-09-06 20:03:51:453,-1.7262,1.2511,10.3021,0.0219,-0.0176,9.8066,0.0674,0.0059,-0.035,-19.06,-33.5,23.06,324.53,-82.05,-170.54
52.384296,-1.528942,152.48,15.89,3,120.16,20 / 22,2625810,2019-09-06 20:03:51:553,-0.2069,1.352,10.3583,-0.0053,0.0047,9.8066,-0.0672,0.0799,-0.0742,-19.31,-33.44,22.5,323.31,-82.23,-171.73
52.384296,-1.528942,152.48,15.89,3,120.16,20 / 22,2625910,2019-09-06 20:03:51:653,0.1242,-0.0508,10.463,-0.0055,0.0177,9.8065,0.0742,-0.0095,0.0371,-18.81,-33.44,22.88,322.57,-82.4,-172.5
52.384296,-1.528942,152.48,15.89,3,120.16,20 / 22,2626010,2019-09-06 20:03:51:753,-1.1956,0.1563,10.6416,-0.0037,-0.006,9.8066,0.132,0.0603,-0.0813,-18.81,-33.31,22.56,322.6,-82.39,-172.47
52.384296,-1.528942,152.48,15.89,3,120.16,20 / 22,2626110,2019-09-06 20:03:51:853,-1.0284,1.1774,9.6409,-0.0005,0.0127,9.8066,-0.1497,-0.0128,0,-18.94,-33.5,22.25,320.35,-82.32,-173.01
52.384296,-1.528942,152.48,15.89,3,120.16,20 / 22,2626210,2019-09-06 20:03:51:953,-0.8164,0.4886,9.967,0.0244,-0.0036,9.8065,-0.168,-0.0033,-0.0124,-19.12,-33.25,22.44,319.33,-82.12,-173.74
52.384296,-1.528942,152.48,15.89,3,120.16,20 / 22,2626310,2019-09-06 20:03:52:053,-0.1304,0.7869,9.3789,0.0096,0.0028,9.8066,0.0602,-0.0719,0.0491,-19.25,-33.31,22.56,319.92,-82.17,-174.67
52.384296,-1.528942,152.48,15.89,3,120.16,20 / 22,2626410,2019-09-06 20:03:52:153,-0.1835,0.1034,10.088,-0.0245,0.0172,9.8066,0.0787,-0.0195,-0.0861,-19.12,-33.06,22.75,320.79,-82.36,-174.05
52.384296,-1.528942,152.48,15.89,3,120.16,20 / 22,2626509,2019-09-06 20:03:52:252,0.4337,0.1681,9.9852,-0.0089,0.0229,9.8065,-0.0918,0.0322,0.0732,-19.19,-32.87,21.94,318.62,-82.39,-174.59
52.384296,-1.528942,152.48,15.89,3,120.16,20 / 22,2626609,2019-09-06 20:03:52:352,0.3995,0.114,9.6349,0.0182,-0.0287,9.8065,-0.096,0.0344,-0.0084,-19.94,-34,21.75,316.86,-82.38,-174.64
52.384296,-1.528942,152.48,15.89,3,120.16,20 / 22,2626710,2019-09-06 20:03:52:453,-0.2345,0.1775,10.0474,0.0268,-0.0249,9.8065,0.0863,-0.0342,-0.0015,-19.56,-33.56,21.44,315.53,-82.14,-174.12
52.384296,-1.528942,152.48,15.89,3,120.16,20 / 22,2626810,2019-09-06 20:03:52:553,-0.7577,0.4911,9.6895,-0.0131,0.0075,9.8066,-0.0293,-0.0193,-0.0187,-18.44,-33.94,21.75,320.42,-82.29,-174.14
52.384296,-1.528942,152.48,15.89,3,120.16,20 / 22,2626909,2019-09-06 20:03:52:652,0.6506,-0.0834,10.0946,-0.0086,0.0027,9.8066,0.0044,-0.051,0.0706,-18.44,-34.37,21.88,320.64,-82.25,-173.92
52.384296,-1.528942,152.48,15.89,3,120.16,20 / 22,2627009,2019-09-06 20:03:52:752,0.7123,-0.0129,10.0218,0.0041,-0.0003,9.8066,0.0462,0.0558,-0.0171,-17.94,-34.25,22,320.88,-82.24,-173.7
52.384296,-1.528942,152.48,15.89,3,120.16,20 / 22,2627109,2019-09-06 20:03:52:852,-0.1879,0.6823,9.8202,0.0109,-0.0101,9.8066,0.124,-0.0567,-0.0131,-18,-33.25,23.56,324.28,-82.18,-173.57
52.384296,-1.528942,152.48,15.89,3,120.16,20 / 22,2627209,2019-09-06 20:03:52:952,-0.1596,-0.914,9.5582,-0.018,0.0137,9.8066,0.0297,0.0279,-0.0126,-18.69,-33.06,23.13,322.45,-82.15,-172.43
52.384296,-1.528942,152.48,15.89,3,120.16,20 / 22,2627309,2019-09-06 20:03:53:052,-0.8355,-1.1105,12.7298,-0.008,-0.0049,9.8066,0.5463,-0.2373,0.0781,-18,-33.25,22.06,322.59,-82.04,-172.22
52.384296,-1.528942,152.48,15.89,3,120.16,20 / 22,2627409,2019-09-06 20:03:53:152,0.3042,-3.0831,11.6043,-0.0576,0.0528,9.8063,0.7126,0.0793,-0.1022,-17.87,-33.75,23.81,328.34,-82.19,-169.91
52.384296,-1.528942,152.48,15.89,3,120.16,20 / 22,2627510,2019-09-06 20:03:53:253,0.3553,-3.2395,10.592,-0.1109,0.0985,9.8055,-0.7973,-0.1041,0.0249,-18.87,-32.37,23.44,324.97,-82.45,-170.58
52.384296,-1.528942,152.48,15.89,3,120.16,20 / 22,2627609,2019-09-06 20:03:53:352,-1.2285,0.8527,8.7027,0.1298,-0.1026,9.8052,-0.4437,-0.1178,-0.1124,-19.62,-32.56,23.38,325.52,-82.37,-168.55
52.384296,-1.528942,152.48,15.89,3,120.16,20 / 22,2627709,2019-09-06 20:03:53:452,-0.6075,1.5958,10.2396,0.0978,-0.0738,9.8058,0.0897,-0.0101,0.0868,-19.25,-32.31,22.13,322.03,-81.65,-171.19
52.384296,-1.528942,152.48,15.89,3,120.16,20 / 22,2627809,2019-09-06 20:03:53:552,-0.4289,0.5934,9.42,-0.0295,0.0205,9.8065,-0.0297,-0.0163,0.002,-19.25,-32.06,22.44,323.33,-81.92,-170.26
52.384296,-1.528942,152.48,15.89,3,120.16,20 / 22,2627910,2019-09-06 20:03:53:653,0.4084,0.3114,9.6889,-0.0198,0.0109,9.8066,0.1018,0.0443,0.0196,-19.5,-32.56,22.63,324.81,-81.78,-170.11
52.384296,-1.528942,152.48,15.89,3,120.16,20 / 22,2628010,2019-09-06 20:03:53:753,0.4018,-0.0274,10.1713,-0.0351,0.0141,9.8065,0.1441,-0.013,0.0327,-19.69,-31.62,22.06,324.68,-82.05,-167.83
52.384296,-1.528942,152.48,15.89,3,120.16,20 / 22,2628110,2019-09-06 20:03:53:853,0.8759,0.721,9.7745,-0.0245,0.0181,9.8065,-0.2095,-0.0288,0.0812,-20.19,-32.06,22.44,325.78,-82.13,-166.93
52.384296,-1.528942,152.48,15.89,3,120.16,20 / 22,2628210,2019-09-06 20:03:53:953,0.3363,-0.2599,10.0751,0.0329,-0.0607,9.8063,-0.1726,0.0737,0.0224,-19.37,-31.81,21.88,328.36,-82.24,-166.11
52.384296,-1.528942,152.48,15.89,3,120.16,20 / 22,2628309,2019-09-06 20:03:54:052,1.1086,-0.4148,9.2261,0.0335,-0.0275,9.8065,-0.1042,0.131,0.0243,-19.5,-32.37,22.13,328.36,-81.86,-165.86
52.384296,-1.528942,152.48,15.89,3,120.16,20 / 22,2628410,2019-09-06 20:03:54:153,2.2671,1.3755,6.5896,0.1,-0.1201,9.8053,-0.7112,0.3707,-0.147,-18.56,-33.19,21.13,327.22,-81.07,-164.69
52.384296,-1.528942,152.48,15.89,3,120.16,20 / 22,2628509,2019-09-06 20:03:54:252,-0.3021,1.3161,9.4575,0.2342,-0.2162,9.8014,0.5987,-0.0363,-0.0924,-18.62,-32.62,21.56,326.04,-80.83,-166.99
52.384296,-1.528942,152.48,15.89,3,120.16,20 / 22,2628610,2019-09-06 20:03:54:353,0.3345,0.6163,9.305,-0.1758,0.1534,9.8038,0.2495,0.0682,-0.0062,-18.62,-32.69,20.88,325.19,-81.05,-166.38
52.384296,-1.528942,152.48,15.89,3,120.16,20 / 22,2628709,2019-09-06 20:03:54:452,1.4188,0.1574,9.0223,-0.0552,0.0391,9.8064,0.3704,-0.0146,0.0265,-18.31,-33.19,21,327.81,-81.8,-166.11
52.384296,-1.528942,152.48,15.89,3,120.16,20 / 22,2628810,2019-09-06 20:03:54:553,0.7441,-0.051,9.1042,-0.0759,0.0539,9.8062,0.4468,-0.0079,0.0524,-18.5,-32.81,21.56,330.46,-81.99,-165.42
52.384296,-1.528942,152.48,15.89,3,120.16,20 / 22,2628910,2019-09-06 20:03:54:653,0.9127,-0.4481,10.433,-0.1145,0.0659,9.8057,-0.3446,0.0242,0.0136,-19.25,-33.06,21,329.74,-82.12,-163.26
52.384296,-1.528942,152.48,15.89,3,120.16,20 / 22,2629010,2019-09-06 20:03:54:753,0.1444,0.2737,10.4651,0.057,-0.0554,9.8063,-0.0916,-0.0188,-0.0067,-19.62,-33.56,20,326.25,-81.68,-162.9
52.384296,-1.528942,152.48,15.89,3,120.16,20 / 22,2629110,2019-09-06 20:03:54:853,-0.0415,0.0198,10.5706,0.0586,-0.0445,9.8063,0.045,0.0106,0.0338,-19.87,-33.94,20.13,325.89,-81.5,-163.08
52.384296,-1.528942,152.48,15.89,3,120.16,20 / 22,2629209,2019-09-06 20:03:54:952,-0.3803,0.3882,10.4311,0.0063,-0.0044,9.8066,-0.0289,0.0497,-0.0988,-20.12,-34.19,19.88,324.92,-81.3,-163.74
52.384296,-1.528942,152.48,15.89,3,120.16,20 / 22,2629311,2019-09-06 20:03:55:054,0.3973,-1.2429,10.456,0.0087,0.0187,9.8066,0.029,0.0172,0.0382,-19,-35.19,18.38,319.99,-81.14,-165.48
52.384296,-1.528942,152.48,15.89,3,120.16,19 / 21,2629410,2019-09-06 20:03:55:153,-0.4833,0.4288,11.0506,0.005,-0.0193,9.8065,0.0297,0.0153,-0.0268,-19.31,-38.25,17.19,316.63,-81.12,-165.71
52.384296,-1.528942,152.48,15.89,3,120.16,19 / 21,2629510,2019-09-06 20:03:55:253,-0.1164,1.1102,9.7007,-0.0058,0.0224,9.8066,0.149,-0.0512,-0.0139,-19.19,-44.5,17.25,314.13,-81.13,-166.26
52.384296,-1.528942,152.48,15.89,3,120.16,19 / 21,2629609,2019-09-06 20:03:55:352,0.1256,-0.3668,8.1901,-0.0004,0.0233,9.8065,-0.0278,0.0078,-0.0338,-18.44,-52.87,24.44,325.81,-80.96,-167.99
52.384296,-1.528942,152.48,15.89,3,120.16,19 / 21,2629710,2019-09-06 20:03:55:453,-0.0747,-0.6807,8.2011,0.0008,0.0519,9.8064,-0.1343,-0.0166,-0.0457,-17.5,-50.62,43.94,347.02,-81.46,-169.65
52.384296,-1.528942,152.48,15.89,3,120.16,19 / 21,2629809,2019-09-06 20:03:55:552,-0.4107,0.2476,9.39,0.0069,0.0319,9.8065,-0.0967,0.0122,-0.0665,-16.81,-36.56,52.19,349.79,-82.29,-171.09
52.384296,-1.528942,152.48,15.89,3,120.16,19 / 21,2629910,2019-09-06 20:03:55:653,0.15,1.2041,9.6111,0.0067,0.0206,9.8066,-0.0189,0.0047,-0.0349,-16.44,-19.25,51.31,349.93,-82.68,-172.11
52.384296,-1.528942,152.48,15.89,3,120.16,19 / 21,2630010,2019-09-06 20:03:55:753,-0.2127,-0.2857,9.03,0.0063,-0.0048,9.8066,-0.0593,-0.0422,-0.0015,-14.44,-5.44,32.63,343.2,-82.65,-173.39
52.384296,-1.528942,152.48,15.89,3,120.16,19 / 21,2630110,2019-09-06 20:03:55:853,-0.7551,0.0008,8.7664,-0.0219,0.0349,9.8065,-0.0086,-0.0067,-0.0151,-13.19,-9.06,13.63,321,-82.65,-173.71
52.384296,-1.528942,152.48,15.89,3,120.16,19 / 21,2630210,2019-09-06 20:03:55:953,0.5816,-0.4387,8.5796,-0.0401,0.0173,9.8065,-0.1088,-0.0186,-0.0129,-13.94,-22.06,5.13,285.08,-82.99,-174.35
52.384296,-1.528942,152.48,15.89,3,120.16,19 / 21,2630310,2019-09-06 20:03:56:053,0.8622,-0.7702,7.2563,-0.0746,0.0264,9.8063,-0.2302,-0.0097,-0.0107,-17.56,-30.69,7.06,286.41,-83.96,-175.38
52.384296,-1.528942,152.48,15.89,3,120.16,19 / 21,2630409,2019-09-06 20:03:56:152,-1.1353,0.1647,8.5626,-0.0786,0.0288,9.8063,-0.2183,-0.0101,0.0043,-21.31,-33.56,10.75,296.03,-84.67,-174.62
52.384296,-1.528942,152.48,15.89,3,120.16,19 / 21,2630509,2019-09-06 20:03:56:252,-0.7776,0.3398,9.9605,-0.0183,0.0069,9.8066,0.0739,-0.0402,0.0183,-23.5,-34.69,15.63,307.09,-85.27,-172.92
52.384296,-1.528942,152.48,15.89,3,120.16,19 / 21,2630609,2019-09-06 20:03:56:352,0.6267,0.247,10.2899,0.012,-0.003,9.8066,0.0931,-0.0117,-0.0053,-22.87,-34.44,18.31,309.85,-85.02,-173.63
52.384296,-1.528942,152.48,15.89,3,120.16,19 / 21,2630709,2019-09-06 20:03:56:452,0.2192,0.0857,10.9301,0.0157,-0.0234,9.8066,-0.0316,-0.0228,0.0555,-22.31,-34,20.19,314.1,-84.67,-173.67
52.384296,-1.528942,152.48,15.89,3,120.16,19 / 21,2630809,2019-09-06 20:03:56:552,0.0244,0.4106,9.8991,-0.0035,-0.007,9.8066,-0.1107,0.033,-0.0398,-21.31,-33.62,21.13,318.35,-84.45,-172.29
52.384296,-1.528942,152.48,15.89,3,120.16,19 / 21,2630910,2019-09-06 20:03:56:653,-0.6929,0.7373,9.1918,-0.0361,0.0223,9.8065,-0.0209,-0.0291,0.0249,-20.31,-33.44,20.44,320.73,-84.91,-170.4
52.384296,-1.528942,152.48,15.89,3,120.16,19 / 21,2631009,2019-09-06 20:03:56:752,-0.2225,-0.1747,8.8719,-0.0165,0.0154,9.8065,-0.0732,0.001,0.001,-19.87,-33.06,20.5,323.07,-85.13,-169.9
52.384296,-1.528942,152.48,15.89,3,120.16,19 / 21,2631110,2019-09-06 20:03:56:853,0.316,-0.0134,9.398,-0.0165,0.0048,9.8066,0.0043,0.043,0.0068,-19.5,-32.62,19.38,322.81,-85.35,-168.64
52.384296,-1.528942,152.48,15.89,3,120.16,19 / 21,2631210,2019-09-06 20:03:56:953,-0.5183,0.3654,10.0216,-0.0199,-0.0078,9.8065,0.0234,-0.0173,0.0434,-19.06,-31.75,20.94,328.25,-85.29,-166.72
52.384296,-1.528942,152.48,15.89,3,120.16,19 / 21,2631309,2019-09-06 20:03:57:052,0.0606,0.4056,11.0105,0.0243,-0.0108,9.8065,0.0176,-0.0225,-0.0146,-18.87,-32.31,20.13,327.1,-85.1,-166.18
52.384296,-1.528942,152.48,15.89,3,120.16,20 / 22,2631410,2019-09-06 20:03:57:153,0.226,-0.4296,10.3992,0.0298,-0.0138,9.8065,0.0035,0.004,-0.011,-19.06,-33.12,20.63,325.77,-84.73,-168.52
52.384296,-1.528942,152.48,15.89,3,120.16,20 / 22,2631509,2019-09-06 20:03:57:252,0.1478,0.1984,9.5148,-0.0111,0.0153,9.8065,-0.0381,-0.0363,0.0012,-18.75,-33.94,19.94,322.8,-84.77,-169.66
52.384296,-1.528942,152.48,15.89,3,120.16,20 / 22,2631610,2019-09-06 20:03:57:353,-1.138,0.6316,9.6444,0.0018,0.0165,9.8066,-0.0544,-0.059,-0.0522,-18.5,-34.12,20.13,323.66,-84.97,-170.47
52.384296,-1.528942,152.48,15.89,3,120.16,20 / 22,2631710,2019-09-06 20:03:57:453,0.6098,-0.4366,9.0666,-0.0007,0.0228,9.8066,-0.073,-0.0278,-0.0028,-18.62,-33.94,19.94,320.27,-85.26,-172.36
52.384296,-1.528942,152.48,15.89,3,120.16,20 / 22,2631810,2019-09-06 20:03:57:553,-0.9349,0.735,9.5111,0.0187,-0.0012,9.8066,-0.1092,0.0268,-0.0202,-18.37,-33.44,19.81,319.3,-85.34,-174.89
52.384296,-1.528942,152.48,15.89,3,120.16,20 / 22,2631910,2019-09-06 20:03:57:653,0.3131,-0.164,9.1139,-0.0008,0.0127,9.8066,0.0225,0.0545,-0.0225,-18.37,-34.25,20.13,316.38,-85.39,-177.52
52.384296,-1.528942,152.48,15.89,3,120.16,20 / 22,2632009,2019-09-06 20:03:57:752,-0.9519,-0.0827,10.9223,0.0003,-0.0232,9.8066,0.0324,-0.038,0.0443,-18.56,-34.19,19.63,315.84,-85.28,-176.47
52.384296,-1.528942,152.48,15.89,3,120.16,20 / 22,2632110,2019-09-06 20:03:57:853,0.7005,-0.6055,10.8337,-0.0169,0.0179,9.8066,-0.08,0.0849,0.0207,-16.94,-33.75,19.69,319.6,-85.36,-176.05
52.384296,-1.528942,152.48,15.89,3,120.16,20 / 22,2632209,2019-09-06 20:03:57:952,0.7787,3.0157,9.5157,0.0152,-0.037,9.8065,-0.1765,-0.0115,-0.0735,-17.19,-35.31,19.25,318.64,-84.83,-174.72
52.384296,-1.528942,152.48,15.89,3,120.16,20 / 22,2632309,2019-09-06 20:03:58:052,1.1219,0.1166,9.9342,-0.0404,0.0207,9.8065,-0.1523,-0.0256,-0.0036,-18.12,-34.5,20.5,318.56,-84.81,-176.49
52.384296,-1.528942,152.48,15.89,3,120.16,19 / 21,2632410,2019-09-06 20:03:58:153,0.3832,0.0135,10.0654,0.0588,-0.0127,9.8064,0.2264,-0.0066,-0.0037,-18.69,-34.62,19.69,317.24,-85.33,-175.1
52.384296,-1.528942,152.48,15.89,3,120.16,19 / 21,2632509,2019-09-06 20:03:58:252,0.5473,0.3616,9.7658,0.0095,0.0028,9.8066,-0.1388,-0.0625,-0.0284,-18.75,-34.56,19.44,310.92,-85.31,-179.36
52.384296,-1.528942,152.48,15.89,3,120.16,19 / 21,2632609,2019-09-06 20:03:58:352,-0.3871,0.5966,9.1444,-0.0033,0.0141,9.8066,-0.0986,0.0135,0.0135,-18.94,-34.69,18.94,309.73,-85.45,179.39
52.384296,-1.528942,152.48,15.89,3,120.16,19 / 21,2632710,2019-09-06 20:03:58:453,-0.6649,0.8424,10.3984,0.0117,-0.0086,9.8066,0.1269,-0.037,-0.0209,-19.94,-33.44,18.44,306.31,-85.4,178.97
52.384296,-1.528942,152.48,15.89,3,120.16,19 / 21,2632809,2019-09-06 20:03:58:552,0.1058,-0.6406,10.208,0.0204,-0.0024,9.8066,0.034,-0.0203,-0.0119,-21.62,-33.69,19.81,305.04,-85.24,177.32
52.384296,-1.528942,152.48,15.89,3,120.16,19 / 21,2632909,2019-09-06 20:03:58:652,-0.0803,-0.7822,9.0452,-0.0018,-0.0156,9.8066,-0.0506,0.013,0.0586,-21.5,-33.25,20.63,308.21,-85.21,177.5
52.384296,-1.528942,152.48,15.89,3,120.16,19 / 21,2633009,2019-09-06 20:03:58:752,-1.1016,0.2252,9.5611,-0.0313,-0.0104,9.8065,-0.0687,0.0155,0.105,-19.75,-34.31,21.69,316.51,-85.44,-177.53
52.384296,-1.528942,152.48,15.89,3,120.16,19 / 21,2633109,2019-09-06 20:03:58:852,-0.6925,1.3868,10.0675,-0.0433,0.0169,9.8065,0.0346,-0.103,0.0763,-19.31,-33.56,21.5,325.83,-85.81,-170.53
52.384296,-1.528942,152.48,15.89,3,120.16,19 / 21,2633209,2019-09-06 20:03:58:952,-0.6458,0.024,10.7587,-0.0031,0.0026,9.8066,0.0444,-0.0111,-0.0216,-18.81,-33.81,21.75,327,-85.54,-169.27
52.384296,-1.528942,152.48,15.89,3,120.16,19 / 21,2633309,2019-09-06 20:03:59:052,-0.7445,-0.4506,10.7837,0.056,-0.0433,9.8063,0.1802,-0.0389,-0.0517,-18.69,-34.44,21.56,323.82,-84.68,-171.58
52.384296,-1.528942,152.48,15.89,3,120.16,19 / 21,2633410,2019-09-06 20:03:59:153,0.5036,-0.1994,9.8302,0.045,-0.0045,9.8065,0.1033,0.0095,-0.0664,-18.37,-34.37,21.56,321.48,-84.46,-174.97
52.384296,-1.528942,152.48,15.89,3,120.16,19 / 21,2633509,2019-09-06 20:03:59:252,-0.1461,0.033,9.7777,-0.0541,0.0898,9.806,0.03,-0.0489,-0.1099,-18.37,-34.31,21,317.38,-84.44,-177.24
52.384296,-1.528942,152.48,15.89,3,120.16,19 / 21,2633609,2019-09-06 20:03:59:352,0.2072,-1.1432,9.5003,-0.0577,0.079,9.8061,0.1071,-0.0253,-0.051,-17.81,-34.12,20.75,312.79,-85.41,177.63
52.384296,-1.528942,152.48,15.89,3,120.16,19 / 21,2633710,2019-09-06 20:03:59:453,0.528,-0.8832,9.3764,0.0473,-0.0313,9.8064,-0.1239,-0.0315,0.0256,-17.25,-34.69,20.81,312.4,-85.37,175.92
52.384296,-1.528942,152.48,15.89,3,120.16,19 / 21,2633810,2019-09-06 20:03:59:553,-1.2745,0.3131,10.4645,0.035,-0.0228,9.8065,-0.0861,-0.0498,-0.0236,-17.31,-34.62,21.13,310.98,-85.36,174.61
52.384296,-1.528942,152.48,15.89,3,120.16,19 / 21,2633909,2019-09-06 20:03:59:652,0.3707,-0.175,10.0345,0.0345,-0.0085,9.8065,0.1286,-0.0677,-0.0374,-17.5,-34.87,21.5,310.02,-84.88,172.78
52.384296,-1.528942,152.48,15.89,3,120.16,19 / 21,2634009,2019-09-06 20:03:59:752,0.6557,-1.8212,9.4993,0.0192,-0.0073,9.8065,-0.0297,-0.0395,0.0002,-17.12,-34,21.19,306.94,-84.67,171.43
52.384296,-1.528942,152.48,15.89,3,120.16,19 / 21,2634110,2019-09-06 20:03:59:853,-1.1698,0.0132,9.349,-0.0281,0.0263,9.8065,-0.0785,-0.0087,0.0083,-17,-34.06,21.06,307.23,-84.96,171.4
52.384296,-1.528942,152.48,15.89,3,120.16,19 / 21,2634209,2019-09-06 20:03:59:952,-0.1691,-1.395,10.0069,-0.0273,0.024,9.8066,0.0893,-0.0967,0.0486,-17.31,-34.75,21.44,306.93,-85.58,170.58
52.384296,-1.528942,152.48,15.89,3,120.16,19 / 21,2634309,2019-09-06 20:04:00:052,-0.61,0.0956,9.9035,0.0178,-0.0146,9.8066,0.0775,-0.0152,-0.0447,-17,-34.5,20.56,307.09,-85.58,170.6
52.383633,-1.527102,152.39,16.39,3,123.15,19 / 21,2634410,2019-09-06 20:04:00:153,-0.5017,-1.2065,10.2259,0.0085,-0.0224,9.8066,-0.0084,-0.0628,-0.0303,-17.37,-34.75,21,307.09,-85.42,170.92
52.383633,-1.527102,152.39,16.39,3,123.15,19 / 21,2634509,2019-09-06 20:04:00:252,0.434,-1.3149,9.2793,0.0182,-0.0034,9.8066,-0.1437,-0.0286,-0.0303,-17.12,-34.75,21.25,306.49,-85.07,170.73
52.383633,-1.527102,152.39,16.39,3,123.15,19 / 21,2634610,2019-09-06 20:04:00:353,-0.7494,0.8666,9.9101,-0.02,0.0042,9.8066,-0.112,0.0181,-0.0313,-16.87,-34.87,21,306.84,-85.18,170.94
52.383633,-1.527102,152.39,16.39,3,123.15,19 / 21,2634710,2019-09-06 20:04:00:453,-0.9597,-0.2991,10.2288,-0.0423,0.0274,9.8064,0.1051,-0.0273,-0.0274,-17.06,-34.81,20.63,307.23,-85.42,171.05
52.383633,-1.527102,152.39,16.39,3,123.15,19 / 21,2634810,2019-09-06 20:04:00:553,-0.632,0.1009,9.9794,0.0354,-0.0254,9.8065,0.0262,-0.0437,0.0051,-16.75,-34.5,21.38,306.74,-85.17,170.71
52.383633,-1.527102,152.39,16.39,3,123.15,19 / 21,2634910,2019-09-06 20:04:00:653,-0.2068,-0.2467,9.7884,-0.0011,0.0081,9.8066,-0.0017,-0.0392,0.0156,-16.5,-34.12,21.25,308.24,-85.05,170.67
52.383633,-1.527102,152.39,16.39,3,123.15,19 / 21,2635010,2019-09-06 20:04:00:753,0.3058,-0.6282,9.228,0.0003,0.0053,9.8066,-0.0868,-0.0229,-0.04,-16.81,-34.94,21.25,305.69,-85.04,170.01
52.383633,-1.527102,152.39,16.39,3,123.15,19 / 21,2635110,2019-09-06 20:04:00:853,-0.0125,-0.2951,9.2417,-0.0007,0.013,9.8066,-0.151,-0.0334,-0.0037,-16.69,-35,20.69,304.2,-85.2,168.44
52.383633,-1.527102,152.39,16.39,3,123.15,19 / 21,2635209,2019-09-06 20:04:00:952,-1.085,0.5111,10.4468,0.021,-0.0181,9.8066,-0.1287,-0.0415,-0.0297,-17.31,-34.5,20.63,303.09,-85.19,167.26
52.383633,-1.527102,152.39,16.39,3,123.15,19 / 21,2635309,2019-09-06 20:04:01:052,-0.7607,0.2896,10.3205,0.034,-0.0127,9.8065,-0.0087,-0.0313,-0.0256,-18.06,-34.06,20,298.55,-85.04,166.16
52.383633,-1.527102,152.39,16.39,3,123.15,19 / 21,2635409,2019-09-06 20:04:01:152,-0.1727,0.6366,9.9607,-0.0357,0.0268,9.8064,0.2438,-0.1049,0.058,-18.87,-33.87,20.75,298.08,-84.72,165.93
52.383633,-1.527102,152.39,16.39,3,123.15,19 / 21,2635509,2019-09-06 20:04:01:252,-0.0398,-0.7936,10.1081,-0.0894,0.0779,9.8059,-0.3014,-0.0402,-0.0025,-18.62,-33.69,23,301.88,-85.23,166.16
52.383633,-1.527102,152.39,16.39,3,123.15,19 / 21,2635610,2019-09-06 20:04:01:353,1.0337,0.1243,9.3362,0.0207,-0.0263,9.8066,0.0661,0.0685,0.0021,-17.81,-34.37,23.06,303.82,-85.1,166.72
52.383633,-1.527102,152.39,16.39,3,123.15,19 / 21,2635709,2019-09-06 20:04:01:452,-0.005,-0.6233,9.6601,0.0422,-0.0287,9.8065,-0.1099,-0.045,0.0337,-16.94,-34.44,22.81,304.81,-85.14,166.13
52.383633,-1.527102,152.39,16.39,3,123.15,19 / 21,2635809,2019-09-06 20:04:01:552,0.1773,0.8413,9.0019,0.0091,-0.0099,9.8066,-0.2045,0.0278,-0.0374,-16.56,-35.06,22,304.47,-85.12,167.34
52.383633,-1.527102,152.39,16.39,3,123.15,19 / 21,2635910,2019-09-06 20:04:01:653,-1.2314,0.7331,9.6365,0.0232,-0.0304,9.8066,0.2449,-0.0445,-0.0243,-16.25,-34.12,21.75,305.99,-85,167.2
52.383633,-1.527102,152.39,16.39,3,123.15,19 / 21,2636010,2019-09-06 20:04:01:753,-0.4781,0.4603,10.4974,-0.0351,0.048,9.8064,0.2077,-0.0158,-0.0305,-16.19,-34.81,21.88,305.59,-84.98,166.98
52.383633,-1.527102,152.39,16.39,3,123.15,19 / 21,2636109,2019-09-06 20:04:01:852,0.2863,-0.282,10.4062,-0.0168,0.0201,9.8066,-0.0576,-0.0135,0.0191,-15.81,-34.62,22.06,304.43,-85.11,165.76
52.383633,-1.527102,152.39,16.39,3,123.15,19 / 21,2636209,2019-09-06 20:04:01:952,-0.4266,-0.2634,10.0032,0.0188,-0.0344,9.8065,-0.0775,-0.017,0.0343,-16.81,-35,22.31,304.86,-84.77,168.09
52.383633,-1.527102,152.39,16.39,3,123.15,19 / 21,2636309,2019-09-06 20:04:02:052,-0.1821,-0.8392,9.8021,0.0091,-0.0248,9.8065,0.0034,-0.0219,-0.0218,-16.06,-34.69,22.13,307.61,-84.83,169.04
52.383633,-1.527102,152.39,16.39,3,123.15,19 / 21,2636410,2019-09-06 20:04:02:153,-0.2878,-0.3981,9.2454,-0.0107,0.007,9.8066,-0.0087,-0.0137,-0.0091,-16.5,-35.12,22.88,309.29,-84.98,169.08
52.383633,-1.527102,152.39,16.39,3,123.15,19 / 21,2636509,2019-09-06 20:04:02:252,-0.1479,-0.3853,9.2866,-0.0058,0.0115,9.8066,-0.0966,-0.018,-0.0092,-16.19,-34.5,22,307.88,-85.16,168.8
52.383633,-1.527102,152.39,16.39,3,123.15,19 / 21,2636610,2019-09-06 20:04:02:353,-0.1682,-0.1717,9.6761,0.0071,0.0005,9.8066,-0.0331,-0.0058,-0.0194,-16.12,-34.44,22.06,306.77,-85.24,167.67
52.383633,-1.527102,152.39,16.39,3,123.15,19 / 21,2636710,2019-09-06 20:04:02:453,-0.2888,0.4701,10.2011,0.0098,-0.0065,9.8066,0.0292,-0.0171,-0.0074,-16.06,-34.62,21.75,305.81,-85.17,166.99
52.383633,-1.527102,152.39,16.39,3,123.15,19 / 21,2636809,2019-09-06 20:04:02:552,0.3148,-0.8264,10.103,0.0035,-0.0018,9.8066,0.0137,-0.0495,0,-16.56,-34.69,21.44,302.4,-85.1,166.86
52.383633,-1.527102,152.39,16.39,3,123.15,19 / 21,2636909,2019-09-06 20:04:02:652,-0.2623,0.0781,9.5112,-0.009,0.0015,9.8066,-0.0116,-0.0621,0.0289,-16.12,-34.19,21.94,306.56,-85.03,167.7
52.383633,-1.527102,152.39,16.39,3,123.15,19 / 21,2637010,2019-09-06 20:04:02:753,0.1853,-0.2655,10.3424,-0.0035,-0.0036,9.8065,0.0418,0.015,0.0084,-17.12,-34.69,21.75,305.9,-85.06,168.75
52.383633,-1.527102,152.39,16.39,3,123.15,19 / 21,2637110,2019-09-06 20:04:02:853,-0.4025,0.279,10.0212,-0.001,-0.0079,9.8066,-0.0642,-0.0506,0.0452,-17.37,-34.25,21.63,307.82,-85.09,170.37
52.383633,-1.527102,152.39,16.39,3,123.15,19 / 21,2637210,2019-09-06 20:04:02:953,-0.7582,-0.1989,9.6091,-0.0017,-0.0067,9.8066,-0.1076,-0.0366,-0.0226,-18.06,-33.81,21.5,307.06,-85.12,171.13
52.383633,-1.527102,152.39,16.39,3,123.15,19 / 21,2637310,2019-09-06 20:04:03:053,-0.1907,-0.0614,9.7242,-0.0133,0.0002,9.8066,0.023,-0.0378,0.0462,-18.19,-33.12,22.38,309.21,-85.2,172.92
52.383633,-1.527102,152.39,16.39,3,123.15,19 / 21,2637410,2019-09-06 20:04:03:153,-0.6976,-0.3734,10.1577,-0.0073,-0.0007,9.8066,0.0523,-0.0449,-0.0092,-17.87,-33.75,23.13,311.68,-85.24,173.97
52.383633,-1.527102,152.39,16.39,3,123.15,19 / 21,2637510,2019-09-06 20:04:03:253,0.1298,0.0983,9.74,-0.0044,-0.0021,9.8066,-0.0326,-0.0409,0.0324,-17.19,-33.75,22.69,312.85,-85.22,173.59
52.383633,-1.527102,152.39,16.39,3,123.15,19 / 21,2637610,2019-09-06 20:04:03:353,-0.1158,0.0991,10.2011,-0.001,0.0032,9.8066,-0.0155,-0.0635,-0.004,-16.44,-33.81,22.5,315.68,-85.18,174.71
52.383633,-1.527102,152.39,16.39,3,123.15,19 / 21,2637709,2019-09-06 20:04:03:452,-0.3178,0.0842,9.8345,-0.0009,-0.0038,9.8066,0.0004,-0.0373,0.0028,-16.69,-33.69,22.5,314.08,-85.13,174.81
52.383633,-1.527102,152.39,16.39,3,123.15,19 / 21,2637810,2019-09-06 20:04:03:553,-0.2757,-0.5029,9.6037,0.0015,-0.0001,9.8066,0.0268,-0.0368,-0.0019,-16.56,-34.5,22.69,313.99,-85.13,174.74
52.383633,-1.527102,152.39,16.39,3,123.15,19 / 21,2637909,2019-09-06 20:04:03:652,0.5245,-0.5875,9.4804,-0.0086,0.0107,9.8066,-0.0082,-0.0566,0.0026,-16.19,-34.37,22.69,314.97,-85.08,174.13
52.383633,-1.527102,152.39,16.39,3,123.15,19 / 21,2638010,2019-09-06 20:04:03:753,0.7726,-0.4799,9.275,0.0055,0.0031,9.8066,0.0059,0.0161,-0.0402,-16.44,-34.75,22.5,314.06,-85.16,173.34
52.383633,-1.527102,152.39,16.39,3,123.15,19 / 21,2638110,2019-09-06 20:04:03:853,0.2532,-0.3567,9.4392,0.0131,-0.007,9.8066,-0.0937,-0.0563,-0.0025,-15.62,-34.87,21.5,311.72,-85.16,172.51
52.383633,-1.527102,152.39,16.39,3,123.15,19 / 21,2638210,2019-09-06 20:04:03:953,-0.5165,-0.4803,10.1525,0.0085,0.0066,9.8065,-0.0208,-0.0212,-0.0083,-16.25,-34.44,22.25,310.49,-85.24,171.15
52.383633,-1.527102,152.39,16.39,3,123.15,19 / 21,2638309,2019-09-06 20:04:04:052,-0.5733,0.2354,10.0313,0.0141,-0.0078,9.8065,-0.0218,0.0151,0.0088,-15.75,-35.12,21.88,309.58,-85.19,170.48
52.383633,-1.527102,152.39,16.39,3,123.15,20 / 23,2638410,2019-09-06 20:04:04:153,-0.3081,-0.2093,9.9238,-0.004,0.0052,9.8066,-0.0181,-0.0809,-0.0225,-16,-34.69,22.81,310.18,-85.18,169.72
52.383633,-1.527102,152.39,16.39,3,123.15,20 / 23,2638510,2019-09-06 20:04:04:253,-0.6337,0.7622,9.7872,0.0015,0.0042,9.8066,0.1153,-0.0429,0.0184,-15.62,-34.62,22.63,310.33,-85.1,169.93
52.383633,-1.527102,152.39,16.39,3,123.15,20 / 23,2638614,2019-09-06 20:04:04:357,-0.9332,0.58,9.7348,-0.0108,0.0132,9.8066,0.1444,-0.0105,-0.0029,-15.81,-34.5,23,309.84,-85.19,169.26
52.383633,-1.527102,152.39,16.39,3,123.15,20 / 23,2638710,2019-09-06 20:04:04:453,0.0594,-0.956,10.2758,0.0269,-0.0279,9.8065,0.0726,-0.0136,-0.0074,-15.87,-34.69,22.81,309.8,-85,169.54
52.383633,-1.527102,152.39,16.39,3,123.15,20 / 23,2638809,2019-09-06 20:04:04:552,-0.0401,0.3249,8.9251,0.0208,-0.0146,9.8066,-0.0279,-0.0661,0.0241,-15.87,-33.75,22.88,309.37,-84.99,169.02
52.383633,-1.527102,152.39,16.39,3,123.15,20 / 23,2638910,2019-09-06 20:04:04:653,-0.6019,-0.0694,9.249,-0.0236,0.0276,9.8065,-0.0891,-0.0426,0.001,-16.19,-34.44,22.88,308.82,-85.15,168.33
52.383633,-1.527102,152.39,16.39,3,123.15,20 / 23,2639009,2019-09-06 20:04:04:752,-1.1417,-0.0888,10.5157,-0.0042,0.0121,9.8066,0.0059,0.0255,-0.0594,-15.69,-34.62,21.56,306.53,-85.15,167.69
52.383633,-1.527102,152.39,16.39,3,123.15,20 / 23,2639109,2019-09-06 20:04:04:852,-0.0187,-0.0074,10.1263,0.033,-0.0263,9.8065,-0.0833,-0.0055,-0.0262,-16.12,-34.94,21.63,304.76,-85.05,166.13
52.383633,-1.527102,152.39,16.39,3,123.15,20 / 23,2639210,2019-09-06 20:04:04:953,0.5395,0.3823,9.7134,0.0191,-0.0155,9.8065,0.1227,-0.0604,0.0374,-16.5,-34.56,21.69,303.71,-84.76,165.48
52.383633,-1.527102,152.39,16.39,3,123.15,20 / 23,2639309,2019-09-06 20:04:05:052,-0.1931,0.005,9.6728,-0.0151,-0.0053,9.8065,-0.0254,-0.012,-0.0348,-17.06,-34.44,22.56,304.46,-84.88,166.07
52.383633,-1.527102,152.39,16.39,3,123.15,19 / 21,2639410,2019-09-06 20:04:05:153,-1.6022,2.2238,10.6021,-0.0147,-0.0038,9.8065,-0.0753,-0.0197,-0.0016,-16.69,-34.56,23.38,305.82,-84.9,167.47
52.383633,-1.527102,152.39,16.39,3,123.15,19 / 21,2639509,2019-09-06 20:04:05:252,0.1181,0.1809,9.689,0.0117,-0.0322,9.8066,0.0242,-0.0067,0.0273,-15.62,-34.94,23.94,310.91,-84.71,169.59
52.383633,-1.527102,152.39,16.39,3,123.15,19 / 21,2639610,2019-09-06 20:04:05:353,-1.1943,1.6627,9.5721,0.0236,-0.048,9.8064,0.0607,-0.0362,-0.0018,-15.25,-35.25,23.94,314.53,-84.56,171.46
52.383633,-1.527102,152.39,16.39,3,123.15,19 / 21,2639709,2019-09-06 20:04:05:452,-1.0638,0.1949,9.8656,-0.0223,0.0272,9.8065,0.1296,-0.054,0.0884,-15.19,-34.56,24.13,314.46,-84.66,171.32
52.383633,-1.527102,152.39,16.39,3,123.15,19 / 21,2639810,2019-09-06 20:04:05:553,-0.2468,-1.7852,9.7882,-0.0245,-0.0039,9.8065,-0.2218,0.0604,-0.1418,-15.31,-34.81,23.88,316.17,-84.82,172.74
52.383633,-1.527102,152.39,16.39,3,123.15,19 / 21,2639910,2019-09-06 20:04:05:653,0.3251,0.0064,10.3236,0.0368,-0.026,9.8065,-0.0376,-0.0794,0.1199,-14.87,-35.37,23.88,315.42,-84.46,172.38
52.383633,-1.527102,152.39,16.39,3,123.15,19 / 21,2640010,2019-09-06 20:04:05:753,-0.6007,0.2536,9.5015,-0.024,0.0104,9.8066,-0.0718,-0.0023,-0.0498,-14.87,-34.56,23.5,315.47,-84.52,172.37
52.383633,-1.527102,152.39,16.39,3,123.15,19 / 21,2640109,2019-09-06 20:04:05:852,0.594,0.7522,8.7574,-0.0059,0.0107,9.8066,-0.0689,0.0389,-0.0446,-14.56,-35.44,23.13,314.88,-84.6,173.01
52.383633,-1.527102,152.39,16.39,3,123.15,19 / 21,2640210,2019-09-06 20:04:05:953,0.0224,1.4326,9.8545,0.0261,-0.0467,9.8064,0.1027,-0.0487,0.0761,-14.44,-35.44,23.56,318.53,-84.45,173.56
52.383633,-1.527102,152.39,16.39,3,123.15,19 / 21,2640310,2019-09-06 20:04:06:053,-1.5266,-0.944,9.8867,-0.0375,0.0131,9.8065,0.1501,0.016,-0.0201,-15.37,-34.94,23.56,316.66,-84.49,173.49
52.383633,-1.527102,152.39,16.39,3,123.15,20 / 22,2640410,2019-09-06 20:04:06:153,-0.3763,0.5785,10.2229,-0.0185,0.0184,9.8066,0.1107,-0.1224,0.0168,-14.94,-35.12,23.31,316.55,-84.62,174.51
52.383633,-1.527102,152.39,16.39,3,123.15,20 / 22,2640510,2019-09-06 20:04:06:253,-0.7351,1.4686,9.6671,0.0023,-0.0043,9.8066,-0.1068,-0.0207,-0.0427,-14.94,-35.37,23.63,317.84,-84.55,174.5
52.383633,-1.527102,152.39,16.39,3,123.15,20 / 22,2640609,2019-09-06 20:04:06:352,-0.7099,0.5914,10.169,0.0034,-0.0103,9.8066,0.1604,-0.0065,0.0492,-14.12,-35.56,23.63,319.48,-84.55,174.46
52.383633,-1.527102,152.39,16.39,3,123.15,20 / 22,2640710,2019-09-06 20:04:06:453,0.6189,-0.2012,9.9009,-0.0222,0.013,9.8065,0.1729,0.0545,-0.0199,-14.56,-35.31,23.94,318.75,-84.66,175.24
52.383633,-1.527102,152.39,16.39,3,123.15,20 / 22,2640810,2019-09-06 20:04:06:553,0.6582,-0.5459,9.348,0.0073,-0.0204,9.8065,-0.2318,-0.0582,0.0019,-14.94,-35.69,23.88,318.96,-84.72,175.5
52.383633,-1.527102,152.39,16.39,3,123.15,20 / 22,2640910,2019-09-06 20:04:06:653,-0.8158,-0.4034,9.7211,0.0205,-0.0238,9.8066,-0.1518,0.0342,-0.0131,-14.94,-35,23.56,320.51,-84.92,176.62
52.383633,-1.527102,152.39,16.39,3,123.15,20 / 22,2641009,2019-09-06 20:04:06:752,-0.0444,1.3592,9.8774,0.0336,-0.0326,9.8065,0.1158,0.0012,-0.0007,-14.62,-34.94,24.25,319.33,-84.81,175.65
52.383633,-1.527102,152.39,16.39,3,123.15,20 / 22,2641109,2019-09-06 20:04:06:852,0.2226,-1.2219,10.5505,-0.012,0.0222,9.8065,0.1845,-0.0849,-0.0081,-14.56,-35,24.25,319.08,-84.85,175.37
52.383633,-1.527102,152.39,16.39,3,123.15,20 / 22,2641209,2019-09-06 20:04:06:952,0.7257,0.3464,9.9825,-0.019,0.0225,9.8065,-0.0512,-0.0537,0.0622,-14.81,-34.87,24.5,320.65,-84.67,175.8
52.383633,-1.527102,152.39,16.39,3,123.15,20 / 22,2641310,2019-09-06 20:04:07:053,-0.8779,-0.8069,9.8762,0.0107,-0.0202,9.8066,-0.0264,-0.0717,0.0419,-14.94,-35.06,24.25,319.43,-84.48,176.01
52.383633,-1.527102,152.39,16.39,3,123.15,20 / 22,2641409,2019-09-06 20:04:07:152,-0.0309,0.5094,9.3452,-0.0107,-0.0005,9.8065,0.0006,-0.0666,0.0096,-15.25,-35,24.19,320.15,-84.65,176.53
52.383633,-1.527102,152.39,16.39,3,123.15,20 / 22,2641510,2019-09-06 20:04:07:253,-0.1616,-0.215,9.6527,-0.0189,0.0143,9.8066,-0.0197,-0.0186,-0.0003,-15,-35.19,23.38,319.4,-84.69,177.04
52.383633,-1.527102,152.39,16.39,3,123.15,20 / 22,2641609,2019-09-06 20:04:07:352,-0.6911,0.3252,9.677,-0.0171,0.0201,9.8065,0.021,-0.0099,-0.0095,-15.56,-34.5,23.75,320.11,-84.73,177.91
52.383633,-1.527102,152.39,16.39,3,123.15,20 / 22,2641709,2019-09-06 20:04:07:452,0.4814,-1.3178,9.8711,-0.0207,0.0141,9.8066,0.0417,-0.0607,0.0098,-15.56,-34,23.19,319.37,-84.9,178.34
52.383633,-1.527102,152.39,16.39,3,123.15,20 / 22,2641809,2019-09-06 20:04:07:552,-0.1559,0.3027,9.3828,0.0205,-0.0277,9.8065,-0.0373,-0.048,0.0433,-15.81,-34.37,23.38,319.97,-84.67,179.08
52.383633,-1.527102,152.39,16.39,3,123.15,20 / 22,2641909,2019-09-06 20:04:07:652,0.3222,0.6742,9.7209,0.0251,-0.0274,9.8065,-0.0361,-0.0368,-0.031,-16,-33.87,23.88,321.37,-84.63,179.14
52.383633,-1.527102,152.39,16.39,3,123.15,20 / 22,2642009,2019-09-06 20:04:07:752,-0.1498,0.4898,9.9238,-0.0219,0.0135,9.8065,0.1153,-0.0558,0.0475,-15.31,-34.5,24.69,324.55,-84.8,179.15
52.383633,-1.527102,152.39,16.39,3,123.15,20 / 22,2642109,2019-09-06 20:04:07:852,0.4175,0.4057,9.6305,-0.0107,0.023,9.8065,-0.0072,0.033,-0.0239,-15.44,-35,24.63,323.97,-84.79,178.73
52.383633,-1.527102,152.39,16.39,3,123.15,20 / 22,2642209,2019-09-06 20:04:07:952,-0.9052,0.2697,10.359,-0.0071,0.006,9.8066,-0.0336,-0.0028,-0.0013,-15.06,-34.94,24.13,323.08,-84.75,179.1
52.383633,-1.527102,152.39,16.39,3,123.15,20 / 22,2642309,2019-09-06 20:04:08:052,0.1945,-0.9519,9.7104,-0.0134,0.0118,9.8066,-0.0635,-0.008,0.0113,-14.75,-35.31,23.63,323.72,-84.87,179.6
52.383633,-1.527102,152.39,16.39,3,123.15,19 / 21,2642410,2019-09-06 20:04:08:153,-0.5717,-0.2787,9.9795,-0.0021,0.0013,9.8066,-0.01,-0.0063,-0.0369,-14.69,-34.81,23.94,324.9,-84.88,-179.35
52.383633,-1.527102,152.39,16.39,3,123.15,19 / 21,2642509,2019-09-06 20:04:08:252,-0.255,0.0134,10.2547,-0.0098,-0.0031,9.8066,0.0468,-0.0394,0.0174,-14.69,-34.44,24.44,326.12,-84.9,-178.35
52.383633,-1.527102,152.39,16.39,3,123.15,19 / 21,2642610,2019-09-06 20:04:08:353,-0.4537,0.3556,10.3164,-0.008,0.0005,9.8065,-0.0589,-0.0598,0.0321,-14.87,-34.81,23.81,326.69,-84.85,-177.7
52.383633,-1.527102,152.39,16.39,3,123.15,19 / 21,2642709,2019-09-06 20:04:08:452,0.3766,0.3071,9.6179,0.0041,-0.0045,9.8066,0.0031,0.0198,-0.0125,-14.75,-34.81,23.75,327.4,-84.77,-177
52.383633,-1.527102,152.39,16.39,3,123.15,19 / 21,2642810,2019-09-06 20:04:08:553,-0.5252,-0.1374,9.9963,0.0083,-0.0087,9.8066,0.0113,0.0225,-0.0456,-14.44,-34.5,24.25,329.99,-84.71,-176.41
52.383633,-1.527102,152.39,16.39,3,123.15,19 / 21,2642909,2019-09-06 20:04:08:652,-0.6313,0.6618,9.5111,0.0064,-0.0161,9.8066,-0.0235,0.0072,0.0214,-14.62,-34.87,23.63,327.91,-84.7,-176.49
52.383633,-1.527102,152.39,16.39,3,123.15,19 / 21,2643009,2019-09-06 20:04:08:752,0.2557,0.0053,9.9888,-0.0109,0.0204,9.8066,0.0013,0.0044,0.025,-14.31,-34.56,23.94,330.78,-84.83,-175.69
52.383633,-1.527102,152.39,16.39,3,123.15,19 / 21,2643110,2019-09-06 20:04:08:853,-0.0643,0.2626,10.0046,-0.0123,0.0122,9.8065,0.0656,-0.0088,-0.009,-14.37,-34.62,24.31,331.22,-84.91,-175.34
52.383633,-1.527102,152.39,16.39,3,123.15,19 / 21,2643210,2019-09-06 20:04:08:953,-0.2009,-0.3406,9.9918,0.0138,-0.0208,9.8066,-0.1638,-0.0304,-0.0037,-14.94,-34.87,24.56,330.68,-84.97,-175.3
52.383633,-1.527102,152.39,16.39,3,123.15,19 / 21,2643310,2019-09-06 20:04:09:053,1.2175,-1.1876,9.6269,0.0132,-0.033,9.8065,-0.253,-0.0757,0.0322,-15,-34.87,24.69,330.92,-84.83,-175.01
52.382774,-1.525349,151.19,16.75,3,134.07,19 / 21,2643409,2019-09-06 20:04:09:152,-0.489,0.0568,10.0198,0.0184,-0.0285,9.8065,0.1508,0.0084,0.008,-15,-35.56,23.81,330.28,-84.87,-174.38
52.382774,-1.525349,151.19,16.75,3,134.07,19 / 21,2643510,2019-09-06 20:04:09:253,0.0047,0.9162,9.8563,-0.0283,0.0266,9.8065,0.1607,-0.0353,-0.0077,-14.31,-35.06,24.06,333.72,-84.99,-173.15
52.382774,-1.525349,151.19,16.75,3,134.07,19 / 21,2643609,2019-09-06 20:04:09:352,0.5243,-0.3126,10.3325,-0.0345,0.0522,9.8064,-0.0595,-0.0424,0.0246,-14.94,-34.06,24.13,332.39,-85.01,-172.74
52.382774,-1.525349,151.19,16.75,3,134.07,19 / 21,2643710,2019-09-06 20:04:09:453,0.1897,-0.1734,9.5914,0.0161,-0.0282,9.8066,-0.0618,0.0272,-0.027,-15.31,-34.31,23.63,332.51,-84.83,-172.52
52.382774,-1.525349,151.19,16.75,3,134.07,19 / 21,2643810,2019-09-06 20:04:09:553,0.1076,0.7224,9.3858,0.0109,-0.0149,9.8066,0.0915,-0.0543,0.0562,-16,-34,22.81,329.55,-84.97,-172.43
52.382774,-1.525349,151.19,16.75,3,134.07,19 / 21,2643910,2019-09-06 20:04:09:653,-0.594,-0.0008,10.0458,-0.0237,0.0118,9.8066,0.0753,-0.0509,0.02,-17.12,-33.12,23,329.65,-84.99,-170.87
52.382774,-1.525349,151.19,16.75,3,134.07,19 / 21,2644010,2019-09-06 20:04:09:753,0.5254,-0.5143,9.6573,-0.0054,-0.0183,9.8066,-0.1092,0.018,0.0217,-17.19,-33.31,24.38,332.97,-85.08,-169.12
52.382774,-1.525349,151.19,16.75,3,134.07,19 / 21,2644109,2019-09-06 20:04:09:852,-0.2885,1.168,9.1283,-0.0007,-0.0227,9.8066,-0.2551,0.032,-0.0259,-16.25,-33.62,24.69,339.35,-84.97,-165.93
52.382774,-1.525349,151.19,16.75,3,134.07,19 / 21,2644209,2019-09-06 20:04:09:952,-0.9708,0.6554,10.0953,0.0071,-0.0199,9.8066,0.1963,-0.0295,0.0235,-15.56,-34.12,24.88,340.54,-84.97,-164.85
52.382774,-1.525349,151.19,16.75,3,134.07,19 / 21,2644310,2019-09-06 20:04:10:053,0.0119,-0.4493,9.945,-0.0247,0.0237,9.8065,0.1958,-0.0254,-0.0335,-15.5,-34.06,24.94,341.97,-84.86,-165.14
52.382774,-1.525349,151.19,16.75,3,134.07,20 / 22,2644409,2019-09-06 20:04:10:152,0.4622,0.5487,10.3501,-0.0057,0.0088,9.8066,-0.0138,-0.0387,0.0159,-15.25,-34.69,24.56,342.39,-84.91,-164.74
52.382774,-1.525349,151.19,16.75,3,134.07,20 / 22,2644510,2019-09-06 20:04:10:253,0.2794,-0.2001,9.7452,0.0127,-0.0161,9.8065,-0.0092,-0.012,0.035,-14.75,-34.25,24.25,340.59,-84.87,-165.29
52.382774,-1.525349,151.19,16.75,3,134.07,20 / 22,2644609,2019-09-06 20:04:10:352,-0.0191,0.3617,9.6955,0.0089,-0.0135,9.8066,-0.0709,0.0154,-0.0593,-15.5,-34.25,23.88,340.64,-84.94,-165.27
52.382774,-1.525349,151.19,16.75,3,134.07,20 / 22,2644710,2019-09-06 20:04:10:453,-1.9379,2.3283,9.6814,-0.0243,0.0165,9.8065,-0.0045,0.0198,-0.0183,-15.12,-34.5,24.38,343.19,-85.08,-163.04
52.382774,-1.525349,151.19,16.75,3,134.07,20 / 22,2644809,2019-09-06 20:04:10:552,0.2992,0.0394,10.4981,-0.0194,0.0313,9.8065,0.0515,0.0498,0.0021,-14.81,-34.31,24,343.37,-85.1,-162.88
52.382774,-1.525349,151.19,16.75,3,134.07,20 / 22,2644909,2019-09-06 20:04:10:652,0.9731,-1.2269,10.3247,0.0232,-0.0277,9.8066,0.0929,-0.0397,0.0348,-15.31,-33.94,24,344.22,-85,-162.09
52.382774,-1.525349,151.19,16.75,3,134.07,20 / 22,2645010,2019-09-06 20:04:10:753,1.6891,0.8245,9.4903,0.0232,-0.0312,9.8066,-0.1105,-0.0548,0.0728,-15.19,-34.56,23.69,343.3,-84.79,-162.78
52.382774,-1.525349,151.19,16.75,3,134.07,20 / 22,2645110,2019-09-06 20:04:10:853,0.8432,-0.9565,9.4877,-0.063,0.0497,9.8063,0.0269,-0.0079,-0.0185,-15.81,-34.44,24.25,343.31,-85.01,-161.26
52.382774,-1.525349,151.19,16.75,3,134.07,20 / 22,2645209,2019-09-06 20:04:10:952,-0.7572,0.7285,9.1055,-0.0266,0.026,9.8065,-0.0457,0.0449,0.0326,-15.37,-34.69,23.94,346.18,-84.85,-160.24
52.382774,-1.525349,151.19,16.75,3,134.07,20 / 22,2645309,2019-09-06 20:04:11:052,0.4826,0.1154,9.6857,-0.0141,-0.0025,9.8065,0.0045,0.0543,0.0759,-15.81,-34.37,23.81,347,-84.87,-157.9
52.382774,-1.525349,151.19,16.75,3,134.07,21 / 23,2645409,2019-09-06 20:04:11:152,0.6657,-0.4982,9.5268,-0.019,0.0025,9.8066,-0.0938,0.0415,0.0497,-16.5,-34.25,24.13,349.06,-84.85,-156.05
52.382774,-1.525349,151.19,16.75,3,134.07,21 / 23,2645510,2019-09-06 20:04:11:253,0.311,0.1661,9.8376,0.0161,-0.0477,9.8065,-0.0653,0.0219,0.0047,-16.19,-34.69,24.13,350.57,-84.92,-154.69
52.382774,-1.525349,151.19,16.75,3,134.07,21 / 23,2645609,2019-09-06 20:04:11:352,0.0848,0.1431,10.0878,0.0199,-0.0371,9.8065,0.084,0.0079,-0.0189,-16,-34.5,23.94,350.46,-84.56,-154.74
52.382774,-1.525349,151.19,16.75,3,134.07,21 / 23,2645709,2019-09-06 20:04:11:452,0.0729,-0.3418,9.6912,-0.0176,0.0304,9.8065,0.1202,-0.0135,0.0702,-16.69,-34.37,23.88,349.72,-84.71,-153.84
52.382774,-1.525349,151.19,16.75,3,134.07,21 / 23,2645810,2019-09-06 20:04:11:553,0.7138,-0.8534,10.1471,-0.0231,0.0159,9.8066,-0.0244,-0.0186,-0.0526,-16.31,-34.06,23.75,351.8,-84.64,-153.58
52.382774,-1.525349,151.19,16.75,3,134.07,21 / 23,2645909,2019-09-06 20:04:11:652,0.2424,-0.052,9.6521,0.0177,-0.0215,9.8065,0.0099,0.0329,0.0014,-17.31,-33.12,23,348.05,-84.46,-154.11
52.382774,-1.525349,151.19,16.75,3,134.07,21 / 23,2646010,2019-09-06 20:04:11:753,0.329,-0.221,9.8005,0.009,-0.0191,9.8066,-0.0318,0.0119,-0.0132,-18.06,-32.62,23.75,348.04,-84.53,-153.79
52.382774,-1.525349,151.19,16.75,3,134.07,21 / 23,2646110,2019-09-06 20:04:11:853,-0.5093,0.9009,10.3664,-0.003,0.0141,9.8066,-0.1101,-0.0295,0.0419,-18.69,-33,24.44,346.63,-84.51,-153.58
52.382774,-1.525349,151.19,16.75,3,134.07,21 / 23,2646209,2019-09-06 20:04:11:952,-0.1794,0.2135,10.3308,-0.0121,0.0019,9.8066,0.1325,0.0658,0.0052,-17.44,-33,25.56,352.62,-84.48,-153.42
52.382774,-1.525349,151.19,16.75,3,134.07,21 / 23,2646309,2019-09-06 20:04:12:052,0.4591,1.3057,9.8127,-0.0179,-0.0045,9.8066,0.0448,-0.0239,-0.0064,-16.75,-33.56,25.31,353.13,-84.39,-151.86
52.382774,-1.525349,151.19,16.75,3,134.07,19 / 21,2646410,2019-09-06 20:04:12:153,0.6249,-0.3146,10.2011,-0.0178,0.0016,9.8065,-0.058,-0.0037,0.0575,-16.5,-34.12,25.19,356.6,-84.27,-150.38
52.382774,-1.525349,151.19,16.75,3,134.07,19 / 21,2646509,2019-09-06 20:04:12:252,1.1612,-0.459,9.2298,0.0138,-0.0405,9.8065,-0.0032,0.0271,0.0257,-16.5,-34.19,24.56,355.68,-84.08,-151.16
52.382774,-1.525349,151.19,16.75,3,134.07,19 / 21,2646610,2019-09-06 20:04:12:353,0.6712,-0.8011,10.527,0.0257,-0.037,9.8065,0.1129,-0.0031,-0.0614,-17.06,-33.69,24.81,354.61,-84.06,-150.52
52.382774,-1.525349,151.19,16.75,3,134.07,19 / 21,2646709,2019-09-06 20:04:12:452,0.5085,0.5868,10.07,-0.0151,0.0321,9.8065,0.1573,0.0234,-0.0158,-16.81,-33.75,24.31,352.94,-84.02,-150.86
52.382774,-1.525349,151.19,16.75,3,134.07,19 / 21,2646809,2019-09-06 20:04:12:552,1.6006,-1.8068,9.6909,-0.0211,0.037,9.8065,-0.185,0.0379,0.0122,-16.94,-33.87,24.63,353.57,-84.2,-151.45
52.382774,-1.525349,151.19,16.75,3,134.07,19 / 21,2646909,2019-09-06 20:04:12:652,1.2486,-0.66,9.5704,0.032,-0.0413,9.8064,-0.224,-0.003,-0.0447,-16.37,-34.12,24.25,354.09,-84,-151.46
52.382774,-1.525349,151.19,16.75,3,134.07,19 / 21,2647010,2019-09-06 20:04:12:753,0.6704,0.278,10.021,0.0213,-0.0206,9.8066,-0.0894,0.0004,0.0086,-16.5,-34.12,24.06,354.69,-84.22,-150.96
52.382774,-1.525349,151.19,16.75,3,134.07,19 / 21,2647110,2019-09-06 20:04:12:853,1.1668,-0.6683,10.4756,-0.0184,0.0073,9.8066,0.1299,0.0397,-0.0419,-16.81,-33.56,24.13,353.92,-84.24,-150.03
52.382774,-1.525349,151.19,16.75,3,134.07,19 / 21,2647210,2019-09-06 20:04:12:953,1.3297,0.1038,9.7716,0.0066,0.0149,9.8066,-0.07,0.0416,0.0604,-17.06,-33.94,24.56,353.87,-84.14,-151.18
52.382774,-1.525349,151.19,16.75,3,134.07,19 / 21,2647309,2019-09-06 20:04:13:052,0.1287,-0.1813,10.4796,-0.0015,-0.0013,9.8066,0.0081,0.0543,0.0129,-17.37,-33.62,24.19,352.62,-84.09,-151.15
52.382774,-1.525349,151.19,16.75,3,134.07,19 / 21,2647410,2019-09-06 20:04:13:153,1.0979,0.0933,9.3641,-0.0088,0.0034,9.8066,-0.0559,0.0195,-0.103,-17,-34.06,24.5,354.21,-84.05,-150.87
52.382774,-1.525349,151.19,16.75,3,134.07,19 / 21,2647509,2019-09-06 20:04:13:252,0.269,-0.2494,9.4681,-0.0069,0.0223,9.8065,0.009,-0.0023,0.0395,-16.94,-33.44,24.06,354.5,-84.09,-149.52
52.382774,-1.525349,151.19,16.75,3,134.07,19 / 21,2647610,2019-09-06 20:04:13:353,1.1436,-0.4299,9.3772,0.0012,-0.0059,9.8066,0.1523,0.0172,0.0378,-16.81,-33.87,23.88,354.32,-84.04,-149.65
52.382774,-1.525349,151.19,16.75,3,134.07,19 / 21,2647710,2019-09-06 20:04:13:453,1.3265,-0.8317,9.8904,-0.0054,0.0095,9.8066,0.0401,0.0012,-0.0749,-17.06,-33.87,23.81,353.33,-83.91,-150.5
52.382774,-1.525349,151.19,16.75,3,134.07,19 / 21,2647810,2019-09-06 20:04:13:553,1.6319,-0.0613,9.7774,0.0012,0.0195,9.8066,-0.1181,0.0147,0.0584,-16.87,-33.94,24.44,352.59,-84.01,-151.17
52.382774,-1.525349,151.19,16.75,3,134.07,19 / 21,2647910,2019-09-06 20:04:13:653,1.3169,-0.0381,9.5559,0.0116,-0.0096,9.8066,-0.0946,-0.0194,-0.0167,-16.81,-34.06,24.06,351.27,-84,-152.33
52.382774,-1.525349,151.19,16.75,3,134.07,19 / 21,2648009,2019-09-06 20:04:13:752,0.3402,0.34,10.0323,0.0246,-0.0184,9.8065,0.0985,0.0032,-0.0309,-17.5,-33.5,23.63,350.93,-84.05,-152.66
52.382774,-1.525349,151.19,16.75,3,134.07,19 / 21,2648110,2019-09-06 20:04:13:853,0.7527,0.0683,9.8663,-0.0083,0.0281,9.8065,0.0807,0.0647,0.0002,-18.19,-33.44,23.31,346.58,-84.33,-153.82
52.382774,-1.525349,151.19,16.75,3,134.07,19 / 21,2648209,2019-09-06 20:04:13:952,0.6666,0.3577,9.3615,-0.0031,0.0125,9.8066,0.0427,-0.042,-0.0377,-18.06,-33.56,23.13,344.84,-84.32,-155.31
52.382774,-1.525349,151.19,16.75,3,134.07,19 / 21,2648310,2019-09-06 20:04:14:053,0.8305,-0.9809,9.5473,-0.002,0.0054,9.8066,0.0406,-0.0234,-0.042,-19.06,-33,24.25,344.2,-84.26,-155.68
52.382774,-1.525349,151.19,16.75,3,134.07,20 / 22,2648409,2019-09-06 20:04:14:152,1.1122,-0.1137,9.3056,-0.0129,0.0175,9.8065,-0.1366,0.0665,0.0567,-18.19,-32.75,25.19,347.37,-84.44,-155.52
52.382774,-1.525349,151.19,16.75,3,134.07,20 / 22,2648510,2019-09-06 20:04:14:253,-0.1555,1.394,9.6546,0.014,-0.0294,9.8065,-0.1712,0.0363,0.037,-17.37,-33.62,24.56,348.89,-84.36,-155.62
52.382774,-1.525349,151.19,16.75,3,134.07,20 / 22,2648610,2019-09-06 20:04:14:353,0.9615,-0.3461,10.1493,0.019,-0.0398,9.8065,0.0691,0.0212,-0.0188,-16.94,-33.69,24.81,349.5,-84.22,-155.05
52.382774,-1.525349,151.19,16.75,3,134.07,20 / 22,2648710,2019-09-06 20:04:14:453,0.4021,-0.1925,9.6014,-0.0193,0.0249,9.8066,0.2223,0.0322,0.0308,-17.56,-33.44,24.69,349.1,-84.34,-153.95
52.382774,-1.525349,151.19,16.75,3,134.07,20 / 22,2648810,2019-09-06 20:04:14:553,1.3455,-0.9472,9.605,0.0156,-0.0292,9.8066,-0.1606,0.0311,-0.0416,-17.56,-34.06,24.06,347.69,-84.31,-154.01
52.382774,-1.525349,151.19,16.75,3,134.07,20 / 22,2648910,2019-09-06 20:04:14:653,0.2243,-0.6733,9.9902,0.0212,-0.0262,9.8065,-0.1268,0.0192,0.0381,-17.25,-33.94,24.56,351.6,-84.34,-153.21
52.382774,-1.525349,151.19,16.75,3,134.07,20 / 22,2649010,2019-09-06 20:04:14:753,-0.2372,1.0915,9.4168,0.0061,-0.0113,9.8066,-0.0423,0.0079,0.0307,-17.56,-33.87,23.31,346.61,-84.31,-153.74
52.382774,-1.525349,151.19,16.75,3,134.07,20 / 22,2649110,2019-09-06 20:04:14:853,0.3803,0.211,9.8014,0.0059,-0.0181,9.8066,-0.0428,-0.0335,-0.0242,-17.44,-33.94,23.63,351.61,-84.27,-152.07
52.382774,-1.525349,151.19,16.75,3,134.07,20 / 22,2649210,2019-09-06 20:04:14:953,0.7824,-0.1153,9.6164,-0.0023,0.0025,9.8066,-0.0265,0.0649,-0.0387,-17.62,-33.75,24.19,350.58,-84.33,-151.46
52.382774,-1.525349,151.19,16.75,3,134.07,20 / 22,2649310,2019-09-06 20:04:15:053,-0.1444,0.0115,10.1073,0.014,-0.0121,9.8066,-0.0748,0.0173,0.0317,-17.31,-33.87,23.56,350.42,-84.15,-153.09
52.382774,-1.525349,151.19,16.75,3,134.07,19 / 21,2649410,2019-09-06 20:04:15:153,0.4761,0.5271,9.9672,-0.0288,0.0404,9.8065,0.218,0.018,0.0092,-17.44,-34,23.81,349.85,-84.17,-153.6
52.382774,-1.525349,151.19,16.75,3,134.07,19 / 21,2649509,2019-09-06 20:04:15:252,0.5774,1.3687,9.5677,-0.0433,0.0764,9.8062,0.2692,-0.0381,0.0228,-17.5,-33.62,22.94,348.23,-84.15,-153.82
52.382774,-1.525349,151.19,16.75,3,134.07,19 / 21,2649610,2019-09-06 20:04:15:353,0.8922,-0.2681,10.2839,0.0577,-0.0829,9.8061,-0.1562,0.0965,-0.0386,-17.06,-34.06,23.44,350.09,-84.75,-152.32
52.382774,-1.525349,151.19,16.75,3,134.07,19 / 21,2649709,2019-09-06 20:04:15:452,1.6444,-0.011,9.5821,0.041,-0.0633,9.8063,-0.0087,0.075,0.018,-17.25,-33.69,23.63,348.95,-84.17,-154.4
52.382774,-1.525349,151.19,16.75,3,134.07,19 / 21,2649810,2019-09-06 20:04:15:553,0.2839,1.2865,10.2483,0.0315,-0.0506,9.8064,-0.0161,-0.1601,0.1094,-17.37,-33.5,23.94,349.93,-84.13,-153.56
52.382774,-1.525349,151.19,16.75,3,134.07,19 / 21,2649910,2019-09-06 20:04:15:653,0.6681,0.0787,8.9515,-0.0337,0.0153,9.8065,-0.0001,-0.0094,-0.0872,-17.87,-33.5,23.44,350.27,-84.23,-150.53
52.382774,-1.525349,151.19,16.75,3,134.07,19 / 21,2650009,2019-09-06 20:04:15:752,0.4325,-0.4845,8.5815,-0.0056,0.0074,9.8066,-0.0994,0.0201,0.0151,-18.06,-33.12,23.56,352.06,-84.26,-150.16
52.382774,-1.525349,151.19,16.75,3,134.07,19 / 21,2650109,2019-09-06 20:04:15:852,1.4325,0.0376,9.5928,0.0022,-0.0096,9.8066,-0.0455,0.0537,0.0663,-18.12,-33.62,23.31,350.87,-84.42,-150.01
52.382774,-1.525349,151.19,16.75,3,134.07,19 / 21,2650209,2019-09-06 20:04:15:952,0.0541,1.479,10.0296,0.0024,-0.0084,9.8066,-0.0345,0.0278,-0.0014,-18.25,-33.56,22.94,352.25,-84.41,-148.79
52.382774,-1.525349,151.19,16.75,3,134.07,19 / 21,2650310,2019-09-06 20:04:16:053,1.012,0.2144,8.8964,0.0012,-0.0234,9.8066,-0.0044,0.0329,0.0492,-18.19,-33,22.5,352.74,-84.24,-148.36
52.382774,-1.525349,151.19,16.75,3,134.07,20 / 22,2650410,2019-09-06 20:04:16:153,-0.3358,0.8802,9.6817,0.0167,-0.0409,9.8065,0.0575,-0.0018,0,-19,-33.31,22.63,352.24,-84.05,-147.27
52.382774,-1.525349,151.19,16.75,3,134.07,20 / 22,2650509,2019-09-06 20:04:16:252,-0.4297,0.0392,10.2985,-0.0095,-0.004,9.8066,-0.0634,-0.0619,-0.0304,-21.06,-32.56,22.56,351.2,-84.05,-145.39
52.382774,-1.525349,151.19,16.75,3,134.07,20 / 22,2650610,2019-09-06 20:04:16:353,-0.01,0.6679,10.4322,-0.01,0.0214,9.8066,0.1041,0.0696,0.0223,-21.62,-32,23.38,350.1,-84.13,-145.11
52.382774,-1.525349,151.19,16.75,3,134.07,20 / 22,2650710,2019-09-06 20:04:16:453,0.6301,0.2932,10.7007,0.0073,0.0004,9.8066,0.1071,-0.0065,0.0384,-20.44,-32.12,24.06,353.8,-84.11,-145.71
52.382774,-1.525349,151.19,16.75,3,134.07,20 / 22,2650810,2019-09-06 20:04:16:553,-0.1276,-0.2598,9.4426,-0.0082,0.0118,9.8066,-0.2013,0.0163,0.0348,-19.12,-32.81,24.13,354.74,-84.1,-146.28
52.382774,-1.525349,151.19,16.75,3,134.07,20 / 22,2650910,2019-09-06 20:04:16:653,0.5746,0.5008,9.9018,0.0078,-0.0215,9.8066,-0.0705,-0.0064,-0.0114,-18.94,-33.69,23.38,351.82,-83.97,-147.6
52.382774,-1.525349,151.19,16.75,3,134.07,20 / 22,2651010,2019-09-06 20:04:16:753,0.3555,0.4789,9.4808,0.0089,-0.0087,9.8066,0.0115,-0.0114,-0.0045,-18.62,-33.25,23.38,352.59,-84,-146.96
52.382774,-1.525349,151.19,16.75,3,134.07,20 / 22,2651110,2019-09-06 20:04:16:853,0.889,0.4112,10.0023,-0.0129,0.0121,9.8065,0.0128,0.0423,-0.0112,-18.62,-33.25,23.63,354.39,-84.1,-146.59
52.382774,-1.525349,151.19,16.75,3,134.07,20 / 22,2651209,2019-09-06 20:04:16:952,-0.3032,0.4914,10.1444,0.0031,-0.001,9.8066,0.0605,0.0134,-0.0068,-18.37,-34.06,22,352.85,-84.08,-146.94
52.382774,-1.525349,151.19,16.75,3,134.07,20 / 22,2651310,2019-09-06 20:04:17:053,0.0162,0.5225,10.0905,0.0078,-0.0021,9.8066,0.0326,0.0318,-0.0744,-18.25,-33.81,22.94,353.53,-84.05,-147.61
52.382774,-1.525349,151.19,16.75,3,134.07,20 / 22,2651409,2019-09-06 20:04:17:152,0.4128,-0.2921,10.0224,-0.0041,0.0241,9.8065,-0.0459,0.0158,0.0201,-18,-33.81,23.44,351.94,-84.16,-149.02
52.382774,-1.525349,151.19,16.75,3,134.07,20 / 22,2651510,2019-09-06 20:04:17:253,0.4475,0.7849,9.6722,0.0219,-0.0307,9.8066,-0.0838,0.0285,-0.0561,-18.56,-34.12,23.19,348.55,-84,-150.48
52.382774,-1.525349,151.19,16.75,3,134.07,20 / 22,2651610,2019-09-06 20:04:17:353,0.1432,0.4876,9.772,0.0302,-0.0145,9.8065,0.0357,-0.0097,0.0143,-17.94,-33.25,23.31,350,-84.14,-150.75
52.382774,-1.525349,151.19,16.75,3,134.07,20 / 22,2651710,2019-09-06 20:04:17:453,0.6467,-0.6552,9.9938,-0.0051,0.0211,9.8066,0.1407,-0.0164,-0.0127,-17.75,-33.87,23,348.9,-84.27,-151.72
52.382774,-1.525349,151.19,16.75,3,134.07,20 / 22,2651810,2019-09-06 20:04:17:553,1.2385,0.1763,9.4895,0.0063,0.0045,9.8066,-0.0512,-0.0518,0.0393,-18.19,-33.69,22.56,347.58,-84.2,-152.86
52.382774,-1.525349,151.19,16.75,3,134.07,20 / 22,2651910,2019-09-06 20:04:17:653,0.4161,0.3321,9.1886,-0.0057,0.0036,9.8066,-0.0506,0.0618,-0.0217,-18.25,-33.94,23.13,346.66,-84.18,-153.67
52.382774,-1.525349,151.19,16.75,3,134.07,20 / 22,2652010,2019-09-06 20:04:17:753,-0.1046,0.2307,10.4306,0.0093,-0.0148,9.8066,0.0477,-0.0179,-0.0124,-18.25,-33.5,23.13,347.41,-84.4,-153.11
52.382774,-1.525349,151.19,16.75,3,134.07,20 / 22,2652110,2019-09-06 20:04:17:853,0.9214,0.7156,10.0512,0.0235,-0.0109,9.8066,-0.047,0.0475,-0.1113,-18.37,-33.62,22.75,346.03,-84.29,-154.26
52.382774,-1.525349,151.19,16.75,3,134.07,20 / 22,2652210,2019-09-06 20:04:17:953,0.7198,-0.0461,9.9303,0.0386,-0.0215,9.8065,0.0158,0.0379,0.0257,-17.94,-33.31,23,343.76,-84.32,-156.33
52.382774,-1.525349,151.19,16.75,3,134.07,20 / 22,2652309,2019-09-06 20:04:18:052,0.2808,0.0943,9.4928,0.0122,-0.0059,9.8066,-0.0362,0.0577,0.0263,-18.06,-33.37,22.63,342.83,-84.42,-157.19
52.38184,-1.523646,149.02,18.08,3,127.64,19 / 22,2652410,2019-09-06 20:04:18:153,0.0901,0.6165,9.4416,0.0178,-0.0269,9.8066,-0.1175,0.0281,-0.0334,-17.94,-33.75,22.75,342.14,-84.4,-157.74
52.38184,-1.523646,149.02,18.08,3,127.64,19 / 22,2652509,2019-09-06 20:04:18:252,-0.4379,0.3782,9.8173,-0.0339,0.0336,9.8065,-0.0314,-0.0128,0.0532,-17.87,-33.5,22.63,344.01,-84.73,-156.24
52.38184,-1.523646,149.02,18.08,3,127.64,19 / 22,2652609,2019-09-06 20:04:18:352,0.3401,-0.3219,10.0402,-0.0038,-0.0011,9.8066,0.0869,-0.0284,-0.0179,-18.37,-33,22.88,345.56,-84.65,-154.82
52.38184,-1.523646,149.02,18.08,3,127.64,19 / 22,2652710,2019-09-06 20:04:18:453,0.6577,0.4519,9.8452,-0.0052,0.0044,9.8066,-0.0808,0.0209,0.044,-18.56,-33.37,23.19,344.77,-84.6,-154.03
52.38184,-1.523646,149.02,18.08,3,127.64,19 / 22,2652810,2019-09-06 20:04:18:553,-0.1872,1.3421,10.3566,-0.0008,-0.0011,9.8066,0.0431,-0.0241,0.0113,-18.75,-33.19,22.44,342.61,-84.5,-154.63
52.38184,-1.523646,149.02,18.08,3,127.64,19 / 22,2652910,2019-09-06 20:04:18:653,0.3171,0.3295,9.7878,0.0168,-0.0089,9.8066,-0.0336,-0.01,-0.0328,-18.62,-33.5,22.69,342.72,-84.34,-155.78
52.38184,-1.523646,149.02,18.08,3,127.64,19 / 22,2653010,2019-09-06 20:04:18:753,0.8423,-0.3951,9.3326,0.0212,0.0068,9.8066,0.0908,0.0473,-0.0142,-18.5,-33.56,22.56,341.54,-84.32,-158.24
52.38184,-1.523646,149.02,18.08,3,127.64,19 / 22,2653110,2019-09-06 20:04:18:853,0.2033,-0.1297,9.421,0.0296,-0.0101,9.8065,0.0053,-0.0235,-0.0815,-17.25,-34.12,21.81,339.45,-84.28,-160.31
52.38184,-1.523646,149.02,18.08,3,127.64,19 / 22,2653210,2019-09-06 20:04:18:953,0.3012,0.1099,9.1287,-0.0176,0.0577,9.8065,0.0929,-0.0306,-0.0564,-16.94,-34.06,22.94,339.65,-84.35,-161.45
52.38184,-1.523646,149.02,18.08,3,127.64,19 / 22,2653310,2019-09-06 20:04:19:053,1.4665,0.3651,9.2182,-0.0082,0.0295,9.8066,-0.0793,-0.0388,0.0155,-18.37,-34,22.63,335.88,-84.79,-163.5
52.38184,-1.523646,149.02,18.08,3,127.64,20 / 22,2653410,2019-09-06 20:04:19:153,0.585,0.5108,9.5329,-0.0073,0.0078,9.8066,0.0126,-0.0118,0.0182,-17.94,-33.87,22.5,335.61,-84.84,-163.77
52.38184,-1.523646,149.02,18.08,3,127.64,20 / 22,2653509,2019-09-06 20:04:19:252,0.5261,0.3057,9.8925,-0.0203,0.01,9.8065,-0.041,0.0253,0.0171,-18,-33.75,22.63,337.07,-84.88,-162.48
52.38184,-1.523646,149.02,18.08,3,127.64,20 / 22,2653610,2019-09-06 20:04:19:353,0.5031,-0.1049,9.9116,0.0113,-0.0167,9.8066,0.015,0.0237,0.054,-18.62,-33.62,22.06,335.3,-84.73,-161.21
52.38184,-1.523646,149.02,18.08,3,127.64,20 / 22,2653710,2019-09-06 20:04:19:453,-0.1256,0.5753,10.1588,0.0181,-0.0393,9.8065,0.1111,-0.0154,-0.0353,-18.62,-33.75,22.25,336,-84.53,-160.49
52.38184,-1.523646,149.02,18.08,3,127.64,20 / 22,2653810,2019-09-06 20:04:19:553,-0.063,0.6908,9.6256,-0.0123,0.0221,9.8066,0.0724,0.0127,-0.0186,-18.31,-34.44,22.44,337.04,-84.4,-160.97
52.38184,-1.523646,149.02,18.08,3,127.64,20 / 22,2653910,2019-09-06 20:04:19:653,2.7416,1.5029,8.4823,-0.0135,0.0237,9.8065,-0.1033,-0.0223,0.115,-18.81,-33.75,22,334.86,-84.53,-161.51
52.38184,-1.523646,149.02,18.08,3,127.64,20 / 22,2654010,2019-09-06 20:04:19:753,-0.5252,-3.2959,10.2172,0.1143,-0.1366,9.8049,-0.6681,0.273,-0.1249,-18.5,-34.19,21.88,336.89,-84.24,-161.01
52.38184,-1.523646,149.02,18.08,3,127.64,20 / 22,2654110,2019-09-06 20:04:19:853,-6.3042,3.6358,9.696,0.1656,-0.1886,9.8033,0.1759,0.2428,-0.0182,-18.37,-33.69,21.38,332.59,-84.36,-163.51
52.38184,-1.523646,149.02,18.08,3,127.64,20 / 22,2654209,2019-09-06 20:04:19:952,-0.6404,1.3343,9.6055,-0.0701,0.0374,9.8063,-0.1602,-0.0471,0.055,-18.69,-33.87,21.69,332.65,-84.7,-163.58
52.38184,-1.523646,149.02,18.08,3,127.64,20 / 22,2654310,2019-09-06 20:04:20:053,1.405,1.074,8.0394,-0.0478,0.0205,9.8064,-0.2164,0.0324,-0.077,-18.37,-33.5,22,336.34,-84.44,-161.69
52.38184,-1.523646,149.02,18.08,3,127.64,20 / 22,2654409,2019-09-06 20:04:20:152,-0.2198,0.191,10.9648,-0.0417,0.0355,9.8064,0.1326,0.0079,0.1006,-18.12,-34,22.19,338.02,-84.69,-160.23
52.38184,-1.523646,149.02,18.08,3,127.64,20 / 22,2654510,2019-09-06 20:04:20:253,1.4804,0.134,9.724,-0.0428,0.0289,9.8065,-0.1279,0.0034,-0.0231,-17.94,-33.62,22.25,340.25,-84.83,-158.3
52.38184,-1.523646,149.02,18.08,3,127.64,20 / 22,2654609,2019-09-06 20:04:20:352,0.2514,-0.415,9.4257,0.0327,-0.031,9.8065,-0.1149,-0.0195,-0.0203,-18.5,-34.06,21.81,338.45,-84.49,-159.76
52.38184,-1.523646,149.02,18.08,3,127.64,20 / 22,2654709,2019-09-06 20:04:20:452,-0.4595,-0.3859,10.4686,-0.0072,0.007,9.8066,-0.0665,0.0314,0.0126,-19,-33.5,22.19,337.33,-84.69,-159.44
52.38184,-1.523646,149.02,18.08,3,127.64,20 / 22,2654810,2019-09-06 20:04:20:553,1.7447,-0.7235,9.5634,0.0382,-0.0331,9.8064,-0.0233,0.0664,-0.0176,-18.81,-34,21.88,337.22,-84.77,-159.51
52.38184,-1.523646,149.02,18.08,3,127.64,20 / 22,2654910,2019-09-06 20:04:20:653,0.6682,0.7392,9.8052,0.0539,-0.0567,9.8062,-0.1124,-0.1015,-0.0028,-18,-34.12,21.5,336.51,-84.42,-161.44
52.38184,-1.523646,149.02,18.08,3,127.64,20 / 22,2655010,2019-09-06 20:04:20:753,1.6476,0.4969,9.8475,-0.026,0.0302,9.8065,0.0699,0.1116,-0.0508,-18,-34.06,22.25,338.18,-84.75,-160.11
52.38184,-1.523646,149.02,18.08,3,127.64,20 / 22,2655110,2019-09-06 20:04:20:853,-0.3901,0.3211,9.5991,-0.014,0.006,9.8066,0.0805,0.0331,-0.0299,-18.69,-34.62,21.5,334.58,-84.66,-161.76
52.38184,-1.523646,149.02,18.08,3,127.64,20 / 22,2655210,2019-09-06 20:04:20:953,-1.6309,0.8186,10.4644,-0.0199,0.0099,9.8066,0.0408,0.0273,-0.0422,-18.19,-34.12,21.94,337.57,-84.68,-160.63
52.38184,-1.523646,149.02,18.08,3,127.64,20 / 22,2655309,2019-09-06 20:04:21:052,0.9694,-0.3377,10.1596,-0.0222,0.0326,9.8066,0.1501,0.0012,-0.0123,-18.31,-33.81,21.56,336.88,-84.73,-161.27
52.38184,-1.523646,149.02,18.08,3,127.64,20 / 22,2655410,2019-09-06 20:04:21:153,-0.3153,0.4343,10.0065,0.0239,-0.0243,9.8066,-0.072,-0.0195,0.0182,-18.5,-34.19,22.25,335.75,-84.68,-162.26
52.38184,-1.523646,149.02,18.08,3,127.64,20 / 22,2655510,2019-09-06 20:04:21:253,-0.0636,0.8423,9.7492,-0.0114,0.0142,9.8066,0.0738,0.0272,0.0249,-18.31,-34.69,21.94,335.34,-84.52,-162.46
52.38184,-1.523646,149.02,18.08,3,127.64,20 / 22,2655609,2019-09-06 20:04:21:352,0.5261,0.4087,9.4289,-0.0181,0.0009,9.8066,0.0324,-0.0094,0.0437,-18.62,-34.31,22,335.15,-84.63,-161.3
52.38184,-1.523646,149.02,18.08,3,127.64,20 / 22,2655710,2019-09-06 20:04:21:453,-0.4812,0.2451,10.046,-0.0007,-0.0012,9.8066,0.015,0.0381,-0.0228,-18.87,-34.5,21.31,334.82,-84.65,-160.22
52.38184,-1.523646,149.02,18.08,3,127.64,20 / 22,2655809,2019-09-06 20:04:21:552,-0.7413,0.4376,10.0291,-0.0023,-0.0023,9.8066,-0.0349,0.0222,0.0196,-18.56,-33.69,21.56,336.92,-84.67,-159.73
52.38184,-1.523646,149.02,18.08,3,127.64,20 / 22,2655910,2019-09-06 20:04:21:653,0.5267,1.0602,9.6824,0.0151,-0.0087,9.8066,-0.0748,0.0203,0.057,-18.69,-33.19,21.44,335.34,-84.69,-159.85
52.38184,-1.523646,149.02,18.08,3,127.64,20 / 22,2656009,2019-09-06 20:04:21:752,-0.212,0.0993,10.2469,0.0104,-0.0152,9.8066,-0.1042,-0.0042,0.0183,-18.56,-32.44,21.56,336.63,-84.72,-160.16
52.38184,-1.523646,149.02,18.08,3,127.64,20 / 22,2656110,2019-09-06 20:04:21:853,0.2157,0.5749,9.9748,-0.0042,0.0042,9.8066,0.0583,-0.0284,0.0003,-18.06,-33.31,21.5,338.4,-84.65,-159.94
52.38184,-1.523646,149.02,18.08,3,127.64,20 / 22,2656209,2019-09-06 20:04:21:952,0.1289,0.609,10.2839,-0.0051,0.004,9.8066,0.1223,0.0432,-0.0491,-18.44,-33.25,21.94,338.31,-84.63,-160.01
52.38184,-1.523646,149.02,18.08,3,127.64,20 / 22,2656310,2019-09-06 20:04:22:053,0.6623,-0.2372,9.9802,-0.0125,0.029,9.8066,-0.0782,-0.0449,0.083,-18.5,-33.69,21.38,335.73,-84.69,-160.9
52.38184,-1.523646,149.02,18.08,3,127.64,21 / 23,2656409,2019-09-06 20:04:22:152,0.7208,0.5274,9.4102,0.0112,-0.0193,9.8066,-0.0888,0.0481,-0.0344,-18.62,-33.94,21.38,334.33,-84.54,-160.59
52.38184,-1.523646,149.02,18.08,3,127.64,21 / 23,2656510,2019-09-06 20:04:22:253,-0.5972,0.8148,9.6252,-0.0235,0.0245,9.8065,0.076,0.0116,-0.0349,-18.69,-34.5,21.44,334.07,-84.59,-160.85
52.38184,-1.523646,149.02,18.08,3,127.64,21 / 23,2656609,2019-09-06 20:04:22:352,0.5255,0.9545,9.716,-0.0047,0.0216,9.8066,0.0676,0.0668,0.0037,-18.62,-34.5,21.56,335.68,-84.62,-160.82
52.38184,-1.523646,149.02,18.08,3,127.64,21 / 23,2656710,2019-09-06 20:04:22:453,0.29,-0.4048,9.7508,0.0179,-0.0194,9.8066,-0.0909,0.0345,-0.0403,-18.69,-33.69,21.44,332.57,-84.68,-162.25
52.38184,-1.523646,149.02,18.08,3,127.64,21 / 23,2656810,2019-09-06 20:04:22:553,0.8088,-0.339,9.6463,0.0138,0.0021,9.8065,-0.0921,0.0746,-0.0387,-18.81,-34.44,21.63,332.57,-84.6,-163.6
52.38184,-1.523646,149.02,18.08,3,127.64,21 / 23,2656909,2019-09-06 20:04:22:652,0.3512,-0.1604,9.9056,0.0089,-0.0029,9.8066,0.0616,0.0159,-0.019,-18.5,-34.37,21.38,331.5,-84.64,-164.65
52.38184,-1.523646,149.02,18.08,3,127.64,21 / 23,2657010,2019-09-06 20:04:22:753,0.8591,0.2958,9.9649,-0.0086,0.0157,9.8065,0.0557,0.0122,-0.0508,-18.62,-34.12,21.25,329.94,-84.81,-164.7
52.38184,-1.523646,149.02,18.08,3,127.64,21 / 23,2657110,2019-09-06 20:04:22:853,-0.2397,0.8287,10.2479,-0.0054,0.0183,9.8066,-0.0466,0.0145,0.0209,-19.12,-34.81,21.5,330.65,-84.9,-165.43
52.38184,-1.523646,149.02,18.08,3,127.64,21 / 23,2657210,2019-09-06 20:04:22:953,-0.415,0.6739,9.4283,0.0096,-0.0024,9.8066,-0.0842,-0.0167,-0.0216,-19.44,-34.44,21,328.93,-84.95,-165.7
52.38184,-1.523646,149.02,18.08,3,127.64,21 / 23,2657310,2019-09-06 20:04:23:053,0.6804,0.2427,9.1152,0.0196,-0.0112,9.8066,-0.0323,0.0459,-0.028,-19.12,-34.44,21.31,327.71,-84.84,-166.73
52.38184,-1.523646,149.02,18.08,3,127.64,20 / 22,2657409,2019-09-06 20:04:23:152,0.3658,0.7065,9.6172,-0.0094,0.002,9.8066,-0.0184,0.0584,0.0441,-18.44,-34,21.31,328.66,-84.93,-167.4
52.38184,-1.523646,149.02,18.08,3,127.64,20 / 22,2657510,2019-09-06 20:04:23:253,0.4734,0.3727,10.1626,0.01,-0.015,9.8066,-0.0129,-0.017,0.0327,-19.19,-34.5,21.13,328.28,-85,-166.33
52.38184,-1.523646,149.02,18.08,3,127.64,20 / 22,2657609,2019-09-06 20:04:23:352,0.24,0.5046,10.4814,0.0075,-0.0119,9.8066,0.0403,0.013,-0.0689,-18.94,-34.5,21.38,328.76,-84.85,-165.79
52.38184,-1.523646,149.02,18.08,3,127.64,20 / 22,2657710,2019-09-06 20:04:23:453,0.0998,-0.5401,10.7142,-0.0008,0.0069,9.8066,-0.127,-0.0074,0.0432,-18.56,-33.94,21.13,328.41,-84.9,-166.15
52.38184,-1.523646,149.02,18.08,3,127.64,20 / 22,2657809,2019-09-06 20:04:23:552,-0.1916,2.0248,9.7744,0.0215,-0.0188,9.8066,-0.2218,0.0902,-0.0643,-18.5,-34,21.19,329.73,-84.84,-166.37
52.38184,-1.523646,149.02,18.08,3,127.64,20 / 22,2657910,2019-09-06 20:04:23:653,-0.3678,0.2599,9.1329,0.016,-0.0067,9.8066,0.0707,0.0203,-0.0209,-18.37,-33.81,20.69,328.1,-84.79,-167.8
52.38184,-1.523646,149.02,18.08,3,127.64,20 / 22,2658009,2019-09-06 20:04:23:752,0.1056,0.0941,9.3453,-0.029,0.0185,9.8065,0.0202,0.0429,-0.0294,-18.37,-35.44,20.5,329.04,-85.12,-167.09
52.38184,-1.523646,149.02,18.08,3,127.64,20 / 22,2658110,2019-09-06 20:04:23:853,0.5434,0.065,9.6206,-0.0253,0.0217,9.8066,-0.1216,-0.0141,0.0472,-18.19,-35.87,20.56,329.78,-85.28,-166.45
52.38184,-1.523646,149.02,18.08,3,127.64,20 / 22,2658209,2019-09-06 20:04:23:952,0.1275,-0.0753,10.2066,0.0255,-0.0366,9.8065,-0.1148,0.0075,-0.0127,-18.31,-35.44,21.56,332.07,-85.1,-165.72
52.38184,-1.523646,149.02,18.08,3,127.64,20 / 22,2658311,2019-09-06 20:04:24:054,-0.3246,0.1884,10.3773,0.0268,-0.0204,9.8066,-0.0292,-0.0093,0.0551,-18.06,-34.75,21.88,331.69,-85.12,-166.09
52.38184,-1.523646,149.02,18.08,3,127.64,19 / 21,2658410,2019-09-06 20:04:24:153,0.4663,-0.501,9.8027,-0.0027,-0.0062,9.8066,0.0129,-0.0106,-0.0325,-19.19,-34.44,21.19,328.63,-85.08,-166.06
52.38184,-1.523646,149.02,18.08,3,127.64,19 / 21,2658511,2019-09-06 20:04:24:254,-0.1893,-0.4853,10.1281,-0.0014,0.0009,9.8066,0.069,0.026,0.0365,-18.81,-34.06,21.13,328.61,-85.03,-166.05
52.38184,-1.523646,149.02,18.08,3,127.64,19 / 21,2658610,2019-09-06 20:04:24:353,0.0556,0.5382,9.7667,0.0035,-0.0042,9.8066,0.0054,0.0013,-0.0195,-18.56,-34,20.75,328.46,-85.05,-166.19
52.38184,-1.523646,149.02,18.08,3,127.64,19 / 21,2658710,2019-09-06 20:04:24:453,0.1103,0.3452,10.1256,-0.002,0.0044,9.8066,-0.0162,-0.0193,-0.0152,-19.19,-34.31,21.06,328.73,-85.12,-166
52.38184,-1.523646,149.02,18.08,3,127.64,19 / 21,2658809,2019-09-06 20:04:24:552,0.224,-0.0672,10.3178,0.0073,0.0056,9.8065,0.0903,0.016,0.0175,-18.94,-34.37,20.69,327.13,-85.15,-167.48
52.38184,-1.523646,149.02,18.08,3,127.64,19 / 21,2658910,2019-09-06 20:04:24:653,-0.135,0.2444,9.6227,0.0083,0.0004,9.8066,0.0295,0.0098,-0.0399,-18.87,-34.31,21.19,325.99,-85.08,-168.47
52.38184,-1.523646,149.02,18.08,3,127.64,19 / 21,2659009,2019-09-06 20:04:24:752,-0.0828,-0.2257,9.7194,-0.0194,0.0256,9.8065,0.0241,-0.0047,0.0342,-18.94,-34.44,21.06,325.97,-85,-168.43
52.38184,-1.523646,149.02,18.08,3,127.64,19 / 21,2659110,2019-09-06 20:04:24:853,0.3173,0.4629,9.6006,-0.0186,0.0081,9.8066,0.0025,0.0556,-0.0371,-18.81,-34.31,21.13,326.8,-85.18,-167.8
52.38184,-1.523646,149.02,18.08,3,127.64,19 / 21,2659210,2019-09-06 20:04:24:953,0.2639,-0.4893,9.5958,-0.0053,0.0096,9.8066,0.052,0.0008,0.0496,-19.12,-34.44,20.63,327.48,-85.31,-167.27
52.38184,-1.523646,149.02,18.08,3,127.64,19 / 21,2659313,2019-09-06 20:04:25:056,0.3991,-0.0214,9.6828,-0.0072,0.0013,9.8066,0.0787,0.0297,-0.0568,-19.06,-33.44,20.75,328.25,-85.33,-166.66
52.38184,-1.523646,149.02,18.08,3,127.64,19 / 21,2659409,2019-09-06 20:04:25:152,0.3241,-0.0167,9.7025,0.0196,-0.0085,9.8065,-0.103,0.0061,-0.023,-19.19,-34.69,20.5,326.33,-85.26,-168.19
52.38184,-1.523646,149.02,18.08,3,127.64,19 / 21,2659510,2019-09-06 20:04:25:253,0.5053,-0.2765,10.1836,-0.0137,0.0345,9.8065,0.1435,-0.0286,0.0272,-18.94,-34.06,20.56,325.2,-85.09,-169.2
52.38184,-1.523646,149.02,18.08,3,127.64,19 / 21,2659610,2019-09-06 20:04:25:353,0.7702,-0.143,10.0018,-0.0373,0.0289,9.8065,0.1963,0.0652,-0.0361,-19.19,-34.56,21.13,323.08,-85.03,-170.99
52.38184,-1.523646,149.02,18.08,3,127.64,19 / 21,2659710,2019-09-06 20:04:25:453,0.8376,0.593,10.3455,-0.0361,0.0378,9.8065,-0.1281,-0.0786,0.0424,-18.87,-34.12,20.94,323.49,-85.31,-170.93
52.38184,-1.523646,149.02,18.08,3,127.64,19 / 21,2659810,2019-09-06 20:04:25:553,0.3918,0.8598,9.7417,0.0573,-0.051,9.8063,-0.1507,0.0168,-0.0018,-18.81,-34.12,20.94,323.08,-84.95,-171.03
52.38184,-1.523646,149.02,18.08,3,127.64,19 / 21,2659909,2019-09-06 20:04:25:652,-0.5199,0.4936,9.6177,0.0301,-0.0366,9.8065,0.0147,-0.0217,0.0483,-18.5,-34.44,21.44,325.01,-85.06,-170.8
52.38184,-1.523646,149.02,18.08,3,127.64,19 / 21,2660009,2019-09-06 20:04:25:752,-0.0581,-0.7417,8.458,-0.0113,0.008,9.8065,-0.1666,0.1044,-0.1129,-19.25,-34.69,20.19,322.61,-85.11,-169.99
52.38184,-1.523646,149.02,18.08,3,127.64,19 / 21,2660109,2019-09-06 20:04:25:852,-0.366,1.1875,10.3627,0.0165,-0.0176,9.8066,0.329,-0.0331,0.0245,-19.25,-34.19,20.56,322.86,-85.08,-171.33
52.38184,-1.523646,149.02,18.08,3,127.64,19 / 21,2660210,2019-09-06 20:04:25:953,0.3241,0.0128,10.5094,-0.0453,0.0469,9.8063,0.1065,-0.0206,0.017,-19.06,-34.12,20.69,322.6,-85.02,-171.53
52.38184,-1.523646,149.02,18.08,3,127.64,19 / 21,2660310,2019-09-06 20:04:26:053,-0.1222,-0.1641,10.6811,-0.0365,0.0303,9.8065,0.0035,0.0339,0.0279,-19.44,-34.12,20.69,324.34,-85.42,-170.23
52.38184,-1.523646,149.02,18.08,3,127.64,19 / 21,2660409,2019-09-06 20:04:26:152,0.9053,-0.2493,9.971,0.0151,-0.0146,9.8066,0.0914,0.0525,-0.0533,-19.25,-34.37,21.25,323.53,-85.28,-170.87
52.38184,-1.523646,149.02,18.08,3,127.64,19 / 21,2660510,2019-09-06 20:04:26:253,0.7008,0.5595,10.0902,0.0057,0.0003,9.8066,-0.0114,-0.0334,0.0209,-19.19,-34.44,20.75,322.95,-85.27,-171.39
52.38184,-1.523646,149.02,18.08,3,127.64,19 / 21,2660609,2019-09-06 20:04:26:352,-0.2434,0.3777,10.3836,-0.0003,-0.0061,9.8066,-0.0084,-0.005,-0.0159,-19.12,-34.5,20.63,322.52,-85.25,-171.78
52.38184,-1.523646,149.02,18.08,3,127.64,19 / 21,2660710,2019-09-06 20:04:26:453,0.8223,0.3647,9.4172,-0.0083,0.0144,9.8066,-0.0801,0.0503,0.0407,-18.81,-34.37,19.88,321.01,-85.27,-171.69
52.38184,-1.523646,149.02,18.08,3,127.64,19 / 21,2660810,2019-09-06 20:04:26:553,0.2511,0.724,9.5072,0.0201,-0.0173,9.8066,-0.0753,0.054,0.0212,-19.25,-33.87,20.19,321.19,-85.19,-171.46
52.38184,-1.523646,149.02,18.08,3,127.64,19 / 21,2660910,2019-09-06 20:04:26:653,-0.0009,-0.2537,9.9324,-0.0188,0.0167,9.8066,0.0372,0.1071,-0.0446,-18.94,-34.06,20.38,321.9,-85.19,-170.81
52.38184,-1.523646,149.02,18.08,3,127.64,19 / 21,2661009,2019-09-06 20:04:26:752,-0.3867,0.2869,9.9191,-0.0105,0.0134,9.8066,-0.0266,0.0089,0.0764,-19.19,-34.06,20.19,321.71,-85.36,-171.12
52.38184,-1.523646,149.02,18.08,3,127.64,19 / 21,2661109,2019-09-06 20:04:26:852,-0.4631,-0.2009,9.5819,-0.007,0.0005,9.8066,0.0516,0.0845,-0.0523,-19.37,-34.12,20.25,323.21,-85.35,-169.73
52.38184,-1.523646,149.02,18.08,3,127.64,19 / 21,2661210,2019-09-06 20:04:26:953,-0.3184,0.8872,10.1118,-0.0199,0.007,9.8066,0.026,0.0161,-0.0067,-19.5,-33.94,19.5,323.53,-85.34,-169.44
52.38184,-1.523646,149.02,18.08,3,127.64,19 / 21,2661309,2019-09-06 20:04:27:052,-0.5641,0.2527,10.3047,-0.0217,0.0082,9.8066,0.0639,0.024,0.0157,-19.87,-34.62,20.56,325.38,-85.42,-167.79
52.381065,-1.521708,145.67,17.11,3,118.18,20 / 22,2661410,2019-09-06 20:04:27:153,0.6837,0.0644,9.0488,-0.0129,0.0087,9.8065,0.0169,0.0277,0.0566,-19.75,-34.19,20.19,323.35,-85.3,-168.18
52.381065,-1.521708,145.67,17.11,3,118.18,20 / 22,2661510,2019-09-06 20:04:27:253,0.3549,0.3657,9.7524,0.0051,-0.0084,9.8066,-0.0138,0.0142,-0.029,-19.75,-34.25,20.19,325.22,-85.3,-166.46
52.381065,-1.521708,145.67,17.11,3,118.18,20 / 22,2661609,2019-09-06 20:04:27:352,0.3799,0.1914,10.0199,0.0043,-0.0051,9.8066,0.0016,0.0765,-0.05,-19.75,-34.56,20.44,325.18,-85.32,-166.42
52.381065,-1.521708,145.67,17.11,3,118.18,20 / 22,2661709,2019-09-06 20:04:27:452,0.813,-0.6535,9.6467,0.0111,-0.0169,9.8065,-0.0403,0.0175,0.0698,-19.62,-34.31,20.06,325.41,-85.34,-166.32
52.381065,-1.521708,145.67,17.11,3,118.18,20 / 22,2661810,2019-09-06 20:04:27:553,0.3708,0.0606,9.8697,0.0134,-0.0044,9.8066,-0.0512,0.0042,-0.0579,-20.19,-34.75,20.44,324.97,-85.32,-166.61
52.381065,-1.521708,145.67,17.11,3,118.18,20 / 22,2661910,2019-09-06 20:04:27:653,-0.6739,0.9669,10.1603,-0.0213,-0.0021,9.8066,0.0203,0.0191,0.0554,-20.62,-34.31,20.31,326.4,-85.49,-164.2
52.381065,-1.521708,145.67,17.11,3,118.18,20 / 22,2662010,2019-09-06 20:04:27:753,-0.1032,0.4553,10.3836,-0.0155,0.0108,9.8066,0.0953,0.0184,0.009,-20.5,-34.44,20,329.12,-85.51,-163.04
52.381065,-1.521708,145.67,17.11,3,118.18,20 / 22,2662110,2019-09-06 20:04:27:853,0.0502,0.2962,9.5036,0.0077,-0.009,9.8065,-0.0341,0.013,0.0165,-20.31,-34.19,19.56,329.23,-85.48,-162.91
52.381065,-1.521708,145.67,17.11,3,118.18,20 / 22,2662212,2019-09-06 20:04:27:955,0.3615,0.6273,9.639,0.0151,-0.0129,9.8066,0.0102,0.0587,-0.0038,-20.31,-34.25,19.63,328.95,-85.34,-163.07
52.381065,-1.521708,145.67,17.11,3,118.18,20 / 22,2662310,2019-09-06 20:04:28:053,-0.0938,0.683,9.8053,-0.0004,0.0044,9.8066,0.064,0.0237,0.0114,-20.5,-34.06,19.63,328.79,-85.38,-163.25
52.381065,-1.521708,145.67,17.11,3,118.18,21 / 23,2662410,2019-09-06 20:04:28:153,-0.2041,0.5007,9.8244,0.0043,0.0026,9.8066,0.0039,0.0036,-0.0035,-20.56,-33.94,19.69,327.24,-85.36,-163.33
52.381065,-1.521708,145.67,17.11,3,118.18,21 / 23,2662509,2019-09-06 20:04:28:252,-0.0363,0.1667,10.4677,0.0063,0.0003,9.8066,0.0489,0.0315,-0.0231,-20.5,-34.06,19.69,327.36,-85.32,-164.52
52.381065,-1.521708,145.67,17.11,3,118.18,21 / 23,2662610,2019-09-06 20:04:28:353,0.1724,0.2849,9.737,-0.0005,0.0047,9.8066,0.0124,-0.0038,-0.0318,-20.06,-34.25,19.75,326.78,-85.33,-165.06
52.381065,-1.521708,145.67,17.11,3,118.18,21 / 23,2662709,2019-09-06 20:04:28:452,0.3388,0.1667,9.3529,0.0037,-0.0031,9.8066,-0.0409,0.0349,0.0145,-20.25,-34.75,19.94,325.88,-85.31,-165.77
52.381065,-1.521708,145.67,17.11,3,118.18,21 / 23,2662809,2019-09-06 20:04:28:552,0.0154,-0.0609,9.7371,0.0068,-0.0067,9.8066,-0.0978,0.0594,0.0357,-20.81,-34.19,19.75,324.55,-85.33,-165.78
52.381065,-1.521708,145.67,17.11,3,118.18,21 / 23,2662909,2019-09-06 20:04:28:652,-0.8906,0.4937,10.0349,-0.0085,0.0076,9.8066,0.0608,0.0923,-0.0193,-20.5,-34.5,19.81,326.79,-85.43,-165.11
52.381065,-1.521708,145.67,17.11,3,118.18,21 / 23,2663010,2019-09-06 20:04:28:753,-0.4448,-0.2473,9.4921,-0.014,0.0017,9.8066,0.0912,-0.0388,0.062,-20.25,-34.69,19.38,325.71,-85.41,-164.45
52.381065,-1.521708,145.67,17.11,3,118.18,21 / 23,2663110,2019-09-06 20:04:28:853,0.164,0.0842,10.2151,0.0071,-0.019,9.8066,-0.0407,-0.0176,0.0275,-20.5,-34.12,19.06,326.98,-85.28,-163.3
52.381065,-1.521708,145.67,17.11,3,118.18,21 / 23,2663210,2019-09-06 20:04:28:953,-0.1036,0.3668,10.0381,0.0011,-0.0041,9.8066,0.0194,0.0251,0.0056,-20.31,-33.62,19.25,328.32,-85.3,-162.08
52.381065,-1.521708,145.67,17.11,3,118.18,21 / 23,2663310,2019-09-06 20:04:29:053,0.0766,-0.7969,9.9133,0.0037,-0.0111,9.8065,0.0828,0.0072,0.0463,-20.62,-33.87,19.25,328.01,-85.3,-161.05
52.381065,-1.521708,145.67,17.11,3,118.18,19 / 21,2663410,2019-09-06 20:04:29:153,0.1999,0.7103,10.2155,0.0132,0.0031,9.8066,-0.0509,0.0189,-0.0814,-19.87,-34.12,20,330.64,-85.31,-161.52
52.381065,-1.521708,145.67,17.11,3,118.18,19 / 21,2663510,2019-09-06 20:04:29:253,-1.4913,1.3419,10.0079,-0.0032,0.0032,9.8066,-0.0361,0.0192,0.0229,-20.19,-34.06,19.56,329.99,-85.24,-162.06
52.381065,-1.521708,145.67,17.11,3,118.18,19 / 21,2663609,2019-09-06 20:04:29:352,-0.0748,0.7037,9.6255,-0.0046,0.0093,9.8066,0.0602,-0.015,0.0146,-20.44,-34,19.38,327.6,-85.25,-162.7
52.381065,-1.521708,145.67,17.11,3,118.18,19 / 21,2663709,2019-09-06 20:04:29:452,0.3397,-0.3457,10.1365,-0.0087,0.0095,9.8066,-0.0698,0.0214,-0.0207,-20.25,-34.06,18.94,328.03,-85.27,-162.33
52.381065,-1.521708,145.67,17.11,3,118.18,19 / 21,2663809,2019-09-06 20:04:29:552,-0.0907,0.3916,10.3245,-0.0138,0.0052,9.8066,-0.0335,0.0003,0.0047,-20.56,-34.19,19.88,329.32,-85.42,-161.46
52.381065,-1.521708,145.67,17.11,3,118.18,19 / 21,2663910,2019-09-06 20:04:29:653,-0.6991,0.7553,10.1595,0.0056,-0.0038,9.8066,0.0282,0.001,0.0135,-20.69,-34.44,19.94,328.46,-85.31,-162.18
52.381065,-1.521708,145.67,17.11,3,118.18,19 / 21,2664010,2019-09-06 20:04:29:753,0.1755,0.0949,9.5427,0.0025,-0.004,9.8066,0.031,0.0307,-0.012,-20.87,-33.69,19.5,328.3,-85.24,-162.27
52.381065,-1.521708,145.67,17.11,3,118.18,19 / 21,2664111,2019-09-06 20:04:29:854,0.2153,-0.5695,9.6355,0.0163,-0.0046,9.8066,-0.0711,-0.0012,-0.0631,-20.56,-33.75,19.38,325.37,-85.19,-163.39
52.381065,-1.521708,145.67,17.11,3,118.18,19 / 21,2664210,2019-09-06 20:04:29:953,0.2178,-0.2629,9.4949,0.0096,0.0032,9.8066,-0.0809,0.0008,0.0088,-20.75,-34.56,18.94,323.98,-85.3,-164.64
52.381065,-1.521708,145.67,17.11,3,118.18,19 / 21,2664310,2019-09-06 20:04:30:053,-0.3576,0.2854,9.7719,-0.0148,0.0085,9.8066,0.0668,-0.0352,0.0292,-20.81,-34.87,19.5,325.6,-85.33,-164.73
52.381065,-1.521708,145.67,17.11,3,118.18,19 / 22,2664410,2019-09-06 20:04:30:153,0.6546,-0.2801,9.7824,-0.0026,0.0232,9.8066,0.1037,0.013,-0.0373,-20.5,-33.62,19.44,324.62,-85.5,-165.62
52.381065,-1.521708,145.67,17.11,3,118.18,19 / 22,2664509,2019-09-06 20:04:30:252,0.8662,-0.3319,10.1948,0.0028,-0.0053,9.8066,-0.0817,0.0207,0.0324,-21.25,-34.19,19.5,324.52,-85.46,-165.91
52.381065,-1.521708,145.67,17.11,3,118.18,19 / 22,2664609,2019-09-06 20:04:30:352,0.3722,0.2701,9.7033,-0.0039,0.0057,9.8066,-0.0674,0.0179,-0.0142,-20.56,-34.06,19.31,322.77,-85.46,-165.98
52.381065,-1.521708,145.67,17.11,3,118.18,19 / 22,2664709,2019-09-06 20:04:30:452,-0.9519,0.1735,9.9668,0.0081,0.0049,9.8066,0.1552,0.0233,0.0161,-20.56,-34.81,19.38,320.42,-85.46,-168.05
52.381065,-1.521708,145.67,17.11,3,118.18,19 / 22,2664810,2019-09-06 20:04:30:553,0.3845,0.1119,9.7555,-0.0029,0.0097,9.8066,0.0396,-0.0299,0.0122,-20.87,-34.19,18.81,319.79,-85.4,-168.69
52.381065,-1.521708,145.67,17.11,3,118.18,19 / 22,2664909,2019-09-06 20:04:30:652,-0.6327,0.75,10.2319,-0.0012,-0.0059,9.8066,0.0089,0.0223,-0.0034,-20.5,-34.5,19.06,320.69,-85.42,-169.18
52.381065,-1.521708,145.67,17.11,3,118.18,19 / 22,2665010,2019-09-06 20:04:30:753,0.6683,-0.3847,10.2246,-0.0015,-0.0154,9.8065,0.1127,0.0297,0.0372,-20.62,-34.37,18.94,320.59,-85.34,-167.9
52.381065,-1.521708,145.67,17.11,3,118.18,19 / 22,2665109,2019-09-06 20:04:30:852,-0.218,0.1555,9.3727,0.0004,-0.01,9.8066,-0.1228,0.0157,0.0103,-21.12,-34.25,19.44,321.69,-85.27,-166.83
52.381065,-1.521708,145.67,17.11,3,118.18,19 / 22,2665210,2019-09-06 20:04:30:953,-1.1393,0.251,9.6131,0.0079,-0.0169,9.8066,-0.1638,0.0157,-0.0125,-21.12,-34.5,19.06,322.97,-85.28,-165.66
52.381065,-1.521708,145.67,17.11,3,118.18,19 / 22,2665309,2019-09-06 20:04:31:052,-0.1635,-0.2797,10.5088,-0.0419,0.0342,9.8064,0.228,-0.0905,0.0552,-21.25,-34.12,19.25,323.31,-85.54,-165.54
52.381065,-1.521708,145.67,17.11,3,118.18,20 / 22,2665410,2019-09-06 20:04:31:153,-0.4245,-0.5789,11.3433,-0.0387,0.0533,9.8064,0.1162,-0.05,-0.0726,-20.56,-34.5,19.5,323.22,-85.55,-167.18
52.381065,-1.521708,145.67,17.11,3,118.18,20 / 22,2665509,2019-09-06 20:04:31:252,0.2894,-0.243,10.8112,0.0749,-0.0573,9.8061,-0.1473,0.0139,0.0692,-20.75,-34.37,19,316.92,-84.98,-170.98
52.381065,-1.521708,145.67,17.11,3,118.18,20 / 22,2665610,2019-09-06 20:04:31:353,-0.4427,0.1187,9.5531,0.0517,-0.0163,9.8064,-0.1655,0.0088,-0.0041,-20.44,-33.5,18.63,316.06,-84.96,-173.17
52.381065,-1.521708,145.67,17.11,3,118.18,20 / 22,2665709,2019-09-06 20:04:31:452,-0.5838,1.138,9.2435,-0.0418,0.0223,9.8065,0.0998,-0.0003,0.0037,-20.37,-34.06,18.69,317.46,-85.34,-172.1
52.381065,-1.521708,145.67,17.11,3,118.18,20 / 22,2665810,2019-09-06 20:04:31:553,-0.2048,1.2197,10.0371,-0.0424,0.014,9.8065,0.2038,-0.0211,0.0679,-20.75,-34,18.63,318.04,-85.58,-170.46
52.381065,-1.521708,145.67,17.11,3,118.18,20 / 22,2665910,2019-09-06 20:04:31:653,1.1431,-0.1013,9.1268,0.0075,-0.0117,9.8066,-0.2168,0.065,-0.0298,-20.56,-33.62,19.06,322.04,-85.65,-166.81
52.381065,-1.521708,145.67,17.11,3,118.18,20 / 22,2666010,2019-09-06 20:04:31:753,0.1929,0.5486,9.0593,-0.0138,0.0104,9.8066,-0.1722,0.0767,-0.0375,-20.81,-34,18.5,322.96,-85.43,-165.79
52.381065,-1.521708,145.67,17.11,3,118.18,20 / 22,2666109,2019-09-06 20:04:31:852,-1.1227,1.6242,9.8828,-0.0165,0.0242,9.8065,0.2682,0.019,0.0376,-20.75,-33.94,18.81,322.74,-85.44,-165.99
52.381065,-1.521708,145.67,17.11,3,118.18,20 / 22,2666209,2019-09-06 20:04:31:952,0.0774,0.0992,10.0283,-0.0022,0.0139,9.8066,0.195,0.021,-0.0759,-20.87,-34.25,18.81,321,-85.21,-167.42
52.381065,-1.521708,145.67,17.11,3,118.18,20 / 22,2666310,2019-09-06 20:04:32:053,0.387,-0.2442,10.555,0.0142,-0.005,9.8066,-0.1104,-0.0317,-0.0685,-20.56,-34.19,18.94,319.07,-85.21,-169.2
52.381065,-1.521708,145.67,17.11,3,118.18,19 / 21,2666409,2019-09-06 20:04:32:152,-0.4065,-1.1273,9.9215,0.0111,0.0003,9.8066,-0.3076,-0.0244,0.0305,-20.94,-34.37,19.19,317.18,-85.07,-170.82
52.381065,-1.521708,145.67,17.11,3,118.18,19 / 21,2666510,2019-09-06 20:04:32:253,-0.3948,-0.2137,9.0855,0.001,0.0149,9.8066,0.018,0.0342,-0.0377,-21,-34.62,18.81,316.84,-85.22,-171.15
52.381065,-1.521708,145.67,17.11,3,118.18,19 / 21,2666610,2019-09-06 20:04:32:353,-0.2207,-0.3698,9.9238,-0.0073,0.0028,9.8065,-0.002,-0.0352,0.0186,-21.25,-34.12,19,317.39,-85.32,-170.85
52.381065,-1.521708,145.67,17.11,3,118.18,19 / 21,2666710,2019-09-06 20:04:32:453,-0.3708,0.815,9.9843,-0.0231,0.0273,9.8065,0.05,0.0336,0.0062,-20.5,-34,18.63,317.99,-85.54,-171.77
52.381065,-1.521708,145.67,17.11,3,118.18,19 / 21,2666810,2019-09-06 20:04:32:553,0.0234,-0.5456,10.2221,-0.0219,0.0106,9.8065,0.1253,-0.0126,0.085,-20.75,-34.12,19.06,316.9,-85.48,-171.44
52.381065,-1.521708,145.67,17.11,3,118.18,19 / 21,2666910,2019-09-06 20:04:32:653,0.1341,-0.1934,10.2971,0.0109,0.0075,9.8065,-0.0346,0.0132,-0.0417,-20.44,-34,18.75,318.09,-85.37,-171.53
52.381065,-1.521708,145.67,17.11,3,118.18,19 / 21,2667009,2019-09-06 20:04:32:752,-0.2418,-0.3067,9.9783,0.0066,-0.0118,9.8066,-0.0885,0.0552,-0.0264,-20.62,-34.31,18.81,315.97,-85.27,-172.12
52.381065,-1.521708,145.67,17.11,3,118.18,19 / 21,2667109,2019-09-06 20:04:32:852,-0.1478,0.3672,9.5072,0.0021,-0.0018,9.8066,-0.0035,-0.0098,0.0413,-20.87,-34.19,18.75,316.09,-85.27,-172.01
52.381065,-1.521708,145.67,17.11,3,118.18,19 / 21,2667209,2019-09-06 20:04:32:952,-0.2353,0.3156,9.7383,0.0155,-0.009,9.8065,0.0245,0.0418,-0.0395,-21.25,-33.87,18.88,315.98,-85.22,-172.07
52.381065,-1.521708,145.67,17.11,3,118.18,19 / 21,2667309,2019-09-06 20:04:33:052,0.0405,-0.5105,10.3559,0.0033,-0.0028,9.8066,-0.0055,0.0289,-0.0087,-21.12,-34.12,18.69,315.04,-85.23,-172.95
52.381065,-1.521708,145.67,17.11,3,118.18,20 / 22,2667410,2019-09-06 20:04:33:153,-0.1688,-0.3814,9.8382,0.0025,0.0092,9.8066,0.0357,-0.0332,-0.0232,-21.12,-34.12,18.63,313.67,-85.22,-174.21
52.381065,-1.521708,145.67,17.11,3,118.18,20 / 22,2667509,2019-09-06 20:04:33:252,-0.1518,-0.0066,9.9916,0.0145,-0.0088,9.8066,-0.0046,-0.004,-0.0114,-20.87,-34.12,19.13,312.62,-85.24,-175.2
52.381065,-1.521708,145.67,17.11,3,118.18,20 / 22,2667610,2019-09-06 20:04:33:353,-0.0393,0.3022,9.7612,0.0097,0.0007,9.8066,-0.0334,0.0302,0.0125,-20.94,-34.06,18.69,311.81,-85.2,-175.92
52.381065,-1.521708,145.67,17.11,3,118.18,20 / 22,2667709,2019-09-06 20:04:33:452,-0.5593,0.3822,9.8511,-0.0077,0.0125,9.8066,0.0181,0.0384,-0.0035,-21.19,-34.62,18.88,311.5,-85.36,-176.24
52.381065,-1.521708,145.67,17.11,3,118.18,20 / 22,2667810,2019-09-06 20:04:33:553,-0.5804,0.471,9.8816,-0.0043,0.0006,9.8066,0.0762,0.0277,0.063,-20.75,-33.81,18.38,309.71,-85.34,-176.39
52.381065,-1.521708,145.67,17.11,3,118.18,20 / 22,2667910,2019-09-06 20:04:33:653,-0.2655,-0.4402,10.7288,-0.0057,0.0238,9.8065,-0.0061,-0.0051,-0.0605,-20.44,-34.19,18.25,309.64,-85.34,-177.72
52.381065,-1.521708,145.67,17.11,3,118.18,20 / 22,2668009,2019-09-06 20:04:33:752,0.4467,-1.0207,10.1197,-0.014,0.0151,9.8065,0.088,-0.0052,0.0292,-20.69,-34.81,18.5,308.28,-85.29,-179.19
52.381065,-1.521708,145.67,17.11,3,118.18,20 / 22,2668110,2019-09-06 20:04:33:853,-0.5575,0.9856,9.7858,0.0385,-0.0217,9.8065,-0.1657,0.0462,-0.0849,-20.5,-34.19,19.31,309.64,-85.3,-179.32
52.381065,-1.521708,145.67,17.11,3,118.18,20 / 22,2668210,2019-09-06 20:04:33:953,-1.7931,1.3096,9.7384,0.0381,-0.0276,9.8065,-0.2562,-0.0107,0.0186,-20.37,-34.5,18.63,307.73,-85.17,179.01
52.381065,-1.521708,145.67,17.11,3,118.18,20 / 22,2668310,2019-09-06 20:04:34:053,-1.7173,0.7175,9.4044,-0.041,0.0243,9.8065,-0.1735,-0.0145,0.0556,-20.81,-34.56,18.56,308.1,-85.52,-179.58
52.381065,-1.521708,145.67,17.11,3,118.18,19 / 22,2668410,2019-09-06 20:04:34:153,0.3192,0.1922,10.4607,0.0201,-0.0252,9.8066,0.1275,0.0288,0.0098,-20.62,-34.37,18.13,307.26,-85.45,-178.8
52.381065,-1.521708,145.67,17.11,3,118.18,19 / 22,2668509,2019-09-06 20:04:34:252,0.5661,-0.7947,10.1176,0.0037,-0.0031,9.8066,-0.0791,0.0132,-0.0169,-20.69,-34.56,18,308.32,-85.31,-177.52
52.381065,-1.521708,145.67,17.11,3,118.18,19 / 22,2668610,2019-09-06 20:04:34:353,1.7625,-0.6032,9.8833,-0.0212,0.0081,9.8066,-0.0235,0.0012,0.011,-20.62,-34,18.06,309.12,-85.36,-176.96
52.381065,-1.521708,145.67,17.11,3,118.18,19 / 22,2668710,2019-09-06 20:04:34:453,0.2009,0.8655,9.0821,0.0348,-0.0326,9.8065,-0.0154,-0.015,0.0609,-20.44,-34.31,18,311.26,-85.35,-176.21
52.381065,-1.521708,145.67,17.11,3,118.18,19 / 22,2668810,2019-09-06 20:04:34:553,-0.1666,0.6024,9.0724,-0.044,0.0358,9.8065,-0.0941,0.0149,-0.0274,-20.87,-34.19,17.56,310.34,-85,-175.46
52.381065,-1.521708,145.67,17.11,3,118.18,19 / 22,2668910,2019-09-06 20:04:34:653,-0.5035,-0.1073,9.4252,-0.0369,0.0162,9.8065,0.0972,0.0497,-0.0287,-21,-34.25,18.06,311.33,-85.32,-174.85
52.381065,-1.521708,145.67,17.11,3,118.18,19 / 22,2669009,2019-09-06 20:04:34:752,1.3892,-0.0202,9.5245,-0.0376,0.0191,9.8065,0.3262,0.101,0.0271,-20.87,-34.62,17.81,312.09,-85.39,-174.08
52.381065,-1.521708,145.67,17.11,3,118.18,19 / 22,2669109,2019-09-06 20:04:34:852,-1.8155,-0.6275,9.2473,0.0467,-0.0416,9.8064,-0.3198,0.0953,-0.0266,-20.81,-35,18.06,312.33,-85.08,-173.55
52.381065,-1.521708,145.67,17.11,3,118.18,19 / 22,2669209,2019-09-06 20:04:34:952,0.2026,-1.0323,9.8605,0.0581,-0.0228,9.8064,-0.2713,0.0144,-0.0208,-20.69,-34.44,18.25,310.75,-85.18,-175.25
52.381065,-1.521708,145.67,17.11,3,118.18,19 / 22,2669310,2019-09-06 20:04:35:053,0.1588,-0.1857,9.5227,-0.0325,0.0357,9.8064,0.1696,0.015,-0.0393,-20.69,-34.31,18,309.36,-85.22,-176.59
52.381065,-1.521708,145.67,17.11,3,118.18,19 / 23,2669409,2019-09-06 20:04:35:152,0.6465,0.2388,9.972,-0.005,0.003,9.8066,0.1365,0.0418,-0.0087,-20.5,-34.75,18.63,311.79,-85.39,-177.28
52.381065,-1.521708,145.67,17.11,3,118.18,19 / 23,2669510,2019-09-06 20:04:35:253,-0.5452,0.5131,10.0595,0.0192,-0.0131,9.8066,0.0442,-0.0238,0.0032,-20.56,-34.31,17.69,308.31,-85.33,-177.68
52.381065,-1.521708,145.67,17.11,3,118.18,19 / 23,2669609,2019-09-06 20:04:35:352,0.1419,-0.743,9.9921,0.0262,-0.0107,9.8066,-0.0072,0.0311,-0.0393,-21.19,-34.25,18.44,308.81,-85.29,-177.18
52.381065,-1.521708,145.67,17.11,3,118.18,19 / 23,2669710,2019-09-06 20:04:35:453,-0.2999,0.3489,9.9765,-0.0154,0.0158,9.8065,0.012,0.0334,0.015,-20.5,-34.31,17.94,308.73,-85.2,-178.42
52.381065,-1.521708,145.67,17.11,3,118.18,19 / 23,2669810,2019-09-06 20:04:35:553,0.9188,2.3616,9.9871,-0.0223,0.0189,9.8065,-0.0088,0.1387,-0.1035,-20.56,-34.56,17.75,306.96,-85.35,-178.84
52.381065,-1.521708,145.67,17.11,3,118.18,19 / 23,2669910,2019-09-06 20:04:35:653,0.3422,-1.0754,9.3098,0.0123,-0.0177,9.8066,-0.0353,0.0171,-0.0213,-20.75,-34.62,18.25,305.62,-85.38,179.87
52.381065,-1.521708,145.67,17.11,3,118.18,19 / 23,2670010,2019-09-06 20:04:35:753,-0.62,-0.0298,9.6372,0.0168,-0.0239,9.8065,-0.1079,-0.0219,0.0018,-20.94,-34.5,18.06,307.09,-85.22,-178.72
52.381065,-1.521708,145.67,17.11,3,118.18,19 / 23,2670110,2019-09-06 20:04:35:853,-0.0882,0.1144,10.3414,0.0134,-0.0113,9.8066,0.1331,-0.0116,0.0514,-20.37,-34.31,18.06,308.37,-85.31,-178.87
52.381065,-1.521708,145.67,17.11,3,118.18,19 / 23,2670210,2019-09-06 20:04:35:953,-0.3241,0.5177,10.0202,-0.039,0.0124,9.8065,0.198,0.0705,-0.0707,-21,-34.37,17.5,308.09,-85.26,-177.82
52.381065,-1.521708,145.67,17.11,3,118.18,19 / 23,2670309,2019-09-06 20:04:36:052,1.3885,-1.5714,10.4032,-0.0349,0.0347,9.8064,0.3092,-0.007,0.0778,-21.37,-34.62,17.81,308.81,-85.45,-177.21
52.380535,-1.519706,142.18,16.06,3,109.78,20 / 22,2670410,2019-09-06 20:04:36:153,1.5141,0.1627,9.4416,-0.0469,0.0153,9.8065,-0.0335,-0.0017,0.057,-20.94,-34.44,17.94,310.4,-85.34,-175.74
52.380535,-1.519706,142.18,16.06,3,109.78,20 / 22,2670509,2019-09-06 20:04:36:252,1.397,0.0011,9.7912,-0.0047,-0.0014,9.8066,-0.0559,0.0596,-0.0571,-21.37,-34.56,18.06,310.9,-85.27,-175.07
52.380535,-1.519706,142.18,16.06,3,109.78,20 / 22,2670610,2019-09-06 20:04:36:353,-0.5851,-1.1206,9.9606,0.0196,0.005,9.8066,-0.0676,-0.089,0.0748,-21.19,-34.12,17.69,309.49,-85.2,-176.45
52.380535,-1.519706,142.18,16.06,3,109.78,20 / 22,2670709,2019-09-06 20:04:36:452,2.8353,-0.5462,9.9881,-0.0049,-0.0073,9.8066,0.1697,0.0615,-0.1138,-21.19,-34.56,18.31,309.3,-85.06,-176.35
52.380535,-1.519706,142.18,16.06,3,109.78,20 / 22,2670810,2019-09-06 20:04:36:553,-0.4643,-1.0362,9.6499,-0.0109,0.0251,9.8066,-0.1884,0.0265,0.0105,-20.81,-34.44,18,308.13,-85.04,-177.56
52.380535,-1.519706,142.18,16.06,3,109.78,20 / 22,2670909,2019-09-06 20:04:36:652,0.4634,-1.5618,9.7067,0.0259,-0.0154,9.8065,-0.2587,-0.073,0.0103,-20.56,-34.31,17.81,308.84,-84.92,-176.78
52.380535,-1.519706,142.18,16.06,3,109.78,20 / 22,2671009,2019-09-06 20:04:36:752,-1.097,-0.6599,10.2166,0.0001,0.005,9.8066,0.1397,-0.0724,0.0078,-20.62,-34.69,18.31,308.15,-85.12,-177.49
52.380535,-1.519706,142.18,16.06,3,109.78,20 / 22,2671110,2019-09-06 20:04:36:853,-0.0085,0.1016,10.3503,-0.0348,0.0283,9.8065,0.1269,-0.0306,-0.0585,-20.62,-34,18.31,308.03,-85.25,-177.87
52.380535,-1.519706,142.18,16.06,3,109.78,20 / 22,2671210,2019-09-06 20:04:36:953,2.1298,-2.0708,9.8319,-0.0471,0.0565,9.8063,-0.0857,-0.0724,0.1349,-20.69,-34.62,18.69,308.39,-85.35,-179.14
52.380535,-1.519706,142.18,16.06,3,109.78,20 / 22,2671310,2019-09-06 20:04:37:053,1.2934,-0.3244,10.0167,0.0319,-0.0304,9.8065,-0.0846,0.0072,-0.1242,-19.75,-34.37,18.25,309.28,-85.24,-177.94
52.380535,-1.519706,142.18,16.06,3,109.78,19 / 22,2671410,2019-09-06 20:04:37:153,0.0449,-0.8056,9.5781,0.0266,-0.0173,9.8065,-0.0998,-0.0437,0.1068,-20.81,-34.37,18,308.11,-84.99,-177.52
52.380535,-1.519706,142.18,16.06,3,109.78,19 / 22,2671510,2019-09-06 20:04:37:253,0.7388,-0.9945,9.5802,-0.0231,-0.0038,9.8066,-0.1427,-0.0907,-0.0009,-20.5,-34.37,18.38,310.03,-85.1,-177.09
52.380535,-1.519706,142.18,16.06,3,109.78,19 / 22,2671610,2019-09-06 20:04:37:353,0.0821,1.0189,9.7769,0.002,-0.012,9.8066,0.1266,-0.0352,0.0746,-20.25,-34,18.19,311.92,-85.04,-175.28
52.380535,-1.519706,142.18,16.06,3,109.78,19 / 22,2671709,2019-09-06 20:04:37:452,0.6051,-0.5374,9.9463,-0.0327,0.0095,9.8066,0.1434,0.0317,0.0338,-20.94,-34.62,18.38,310.34,-85.27,-175.6
52.380535,-1.519706,142.18,16.06,3,109.78,19 / 22,2671809,2019-09-06 20:04:37:552,-0.423,-1.21,10.1467,-0.0196,0.0034,9.8065,-0.0326,0.0687,-0.114,-20.44,-34.37,18.38,312.71,-85.2,-174.71
52.380535,-1.519706,142.18,16.06,3,109.78,19 / 22,2671910,2019-09-06 20:04:37:653,0.5122,-0.938,9.9298,0.0226,-0.0054,9.8066,-0.0926,0.0428,0.0241,-21.31,-35.25,18,310.23,-85.19,-175.62
52.380535,-1.519706,142.18,16.06,3,109.78,19 / 22,2672010,2019-09-06 20:04:37:753,-0.7975,-0.0097,9.7872,0.0069,-0.0005,9.8066,0.0643,0.0068,0.0954,-20.94,-34.69,18.44,308.39,-85.08,-177.22
52.380535,-1.519706,142.18,16.06,3,109.78,19 / 22,2672109,2019-09-06 20:04:37:852,0.7917,0.1482,9.9585,-0.0068,-0.0019,9.8066,-0.0421,0.0351,-0.0789,-20.31,-34.31,18.31,309.69,-85.17,-177.49
52.380535,-1.519706,142.18,16.06,3,109.78,19 / 22,2672209,2019-09-06 20:04:37:952,0.2823,0.2463,10.3463,0.0129,-0.005,9.8065,0.0883,0.0446,-0.0243,-20.56,-34.5,18.19,307.59,-85.13,-178.15
52.380535,-1.519706,142.18,16.06,3,109.78,19 / 22,2672310,2019-09-06 20:04:38:053,0.1527,-0.5267,10.3605,-0.0089,0.0103,9.8066,0.1458,0.022,0.0193,-20.75,-34.19,18.44,305.46,-85.22,179.75
52.380535,-1.519706,142.18,16.06,3,109.78,19 / 22,2672410,2019-09-06 20:04:38:153,1.3629,-0.8889,9.6417,-0.0034,-0.0026,9.8066,-0.1414,0.0529,-0.0924,-21,-34.81,18.19,305.06,-85.16,179.58
52.380535,-1.519706,142.18,16.06,3,109.78,19 / 22,2672509,2019-09-06 20:04:38:252,1.2079,-0.819,9.4576,0.0039,0.0089,9.8066,0.0344,0.0813,0.0999,-21.31,-34.81,18.06,303.78,-85.1,178.44
52.380535,-1.519706,142.18,16.06,3,109.78,19 / 22,2672610,2019-09-06 20:04:38:353,0.6199,-0.9517,9.5657,0.0002,-0.0043,9.8066,-0.087,0.0206,-0.0724,-20.81,-34.5,18.44,303.94,-85.15,178.4
52.380535,-1.519706,142.18,16.06,3,109.78,19 / 22,2672710,2019-09-06 20:04:38:453,0.4487,0.2919,9.9444,0.0104,-0.0055,9.8066,-0.1516,-0.0266,-0.0608,-21.5,-35.12,17.88,304.64,-85.07,179.29
52.380535,-1.519706,142.18,16.06,3,109.78,19 / 22,2672809,2019-09-06 20:04:38:552,0.985,-0.215,9.8976,0.0103,-0.0074,9.8066,0.0889,0.0595,0.0007,-21.62,-34.62,16.94,300.78,-85.07,178.53
52.380535,-1.519706,142.18,16.06,3,109.78,19 / 22,2672909,2019-09-06 20:04:38:652,0.9523,0.02,10.1656,-0.0094,0.0117,9.8066,0.158,0.0012,0.0559,-21.5,-35.5,17.56,303.36,-85.09,178.06
52.380535,-1.519706,142.18,16.06,3,109.78,19 / 22,2673010,2019-09-06 20:04:38:753,0.7492,-0.0051,9.6733,-0.0027,0.0004,9.8066,-0.1374,0.0624,-0.0697,-21.25,-34.87,17.94,303.54,-85.14,178.17
52.380535,-1.519706,142.18,16.06,3,109.78,19 / 22,2673110,2019-09-06 20:04:38:853,0.848,-1.0281,9.6695,0.0019,0.0131,9.8066,0.0047,0.0337,0.0876,-21.37,-34.31,17.88,302.41,-85.06,177.05
52.380535,-1.519706,142.18,16.06,3,109.78,19 / 22,2673209,2019-09-06 20:04:38:952,0.9409,-0.8293,9.5786,0.0068,0.0002,9.8066,-0.0381,0.0147,-0.1002,-21.19,-34.37,17.63,301.76,-85,176.5
52.380535,-1.519706,142.18,16.06,3,109.78,19 / 22,2673310,2019-09-06 20:04:39:053,1.0161,-1.0645,9.1788,-0.0047,0.0138,9.8066,-0.0498,0.0898,-0.0165,-21.69,-34.75,17.44,298.06,-84.92,176.12
52.380535,-1.519706,142.18,16.06,3,109.78,20 / 23,2673410,2019-09-06 20:04:39:153,0.419,-0.2884,9.5217,0.0111,-0.0106,9.8066,-0.0002,0.0733,-0.0684,-21.44,-34.06,18.06,299.52,-85,174.38
52.380535,-1.519706,142.18,16.06,3,109.78,20 / 23,2673509,2019-09-06 20:04:39:252,0.5953,0.3272,10.2939,0.0006,0.0032,9.8066,0.0391,0.0538,0.0133,-21,-33.56,16.56,297.49,-84.98,174.21
52.380535,-1.519706,142.18,16.06,3,109.78,20 / 23,2673610,2019-09-06 20:04:39:353,1.9864,0.154,9.2144,0.0025,0.0034,9.8066,-0.1052,-0.0083,-0.0267,-21.75,-33.56,17,295.5,-84.93,173.51
52.380535,-1.519706,142.18,16.06,3,109.78,20 / 23,2673709,2019-09-06 20:04:39:452,0.9438,-0.566,8.5695,-0.0072,0.0019,9.8066,-0.2079,0.0972,-0.0543,-21.56,-34.37,16.94,296.37,-84.86,174.42
52.380535,-1.519706,142.18,16.06,3,109.78,20 / 23,2673810,2019-09-06 20:04:39:553,0.5342,0.6127,9.9432,-0.0032,0.012,9.8066,0.1775,0.0855,0.0762,-20.94,-33.69,16.69,295.89,-85.02,172.65
52.380535,-1.519706,142.18,16.06,3,109.78,20 / 23,2673910,2019-09-06 20:04:39:653,0.9284,0.9284,9.7811,0.0014,-0.0087,9.8066,0.0633,0.0314,-0.0738,-21.12,-33.5,16.56,296.55,-85.2,172.9
52.380535,-1.519706,142.18,16.06,3,109.78,20 / 23,2674009,2019-09-06 20:04:39:752,0.56,1.3263,9.7017,0.0061,-0.0056,9.8066,0.0104,0.0563,-0.0675,-21.25,-33.37,16.56,297.53,-85.14,173.9
52.380535,-1.519706,142.18,16.06,3,109.78,20 / 23,2674110,2019-09-06 20:04:39:853,-0.0505,0.1523,9.1917,0.0068,-0.0077,9.8065,-0.0382,0.038,0.0238,-21.5,-33.44,16.69,297.2,-85.07,173.67
52.380535,-1.519706,142.18,16.06,3,109.78,20 / 23,2674209,2019-09-06 20:04:39:952,1.651,0.095,9.108,0.014,-0.0099,9.8066,0.0061,-0.0474,-0.0356,-21.81,-33.37,17.06,296.44,-85.05,174.11
52.380535,-1.519706,142.18,16.06,3,109.78,20 / 23,2674309,2019-09-06 20:04:40:052,0.4176,-0.0341,8.4392,-0.014,0.0221,9.8066,-0.1189,0.0368,0.0043,-21.81,-34.12,17.13,294.6,-85.18,172.36
52.380535,-1.519706,142.18,16.06,3,109.78,20 / 22,2674410,2019-09-06 20:04:40:153,0.8673,0.3849,9.2342,-0.021,0.0161,9.8066,0.073,-0.0093,-0.0281,-21.56,-33.37,16.38,292.79,-85.23,172.18
52.380535,-1.519706,142.18,16.06,3,109.78,20 / 22,2674510,2019-09-06 20:04:40:253,1.0884,-0.1832,9.6746,0.0194,-0.0098,9.8065,-0.0861,0.0739,0.0629,-21.75,-34.37,16.06,293.04,-85.2,172.62
52.380535,-1.519706,142.18,16.06,3,109.78,20 / 22,2674609,2019-09-06 20:04:40:352,-0.9166,0.655,9.8925,0.0465,-0.0405,9.8064,-0.1466,0.0187,0.0479,-22.37,-33.31,16.5,295.25,-85.32,172.67
52.380535,-1.519706,142.18,16.06,3,109.78,20 / 22,2674710,2019-09-06 20:04:40:453,-0.5378,0.3617,10.2122,0.0308,-0.0266,9.8065,0.0376,0.0346,-0.0171,-22,-33.56,16.81,297.16,-84.98,175.03
52.380535,-1.519706,142.18,16.06,3,109.78,20 / 22,2674810,2019-09-06 20:04:40:553,-0.4847,-0.0612,9.5933,-0.0629,0.0341,9.8064,0.0961,-0.0265,-0.0227,-22.37,-33.87,16.25,295.45,-85.31,174.81
52.380535,-1.519706,142.18,16.06,3,109.78,20 / 22,2674909,2019-09-06 20:04:40:652,-0.425,1.4588,9.4146,-0.0605,0.0404,9.8063,0.0637,-0.0326,0.1163,-22.81,-33.31,16.56,296.39,-85.23,174.95
52.380535,-1.519706,142.18,16.06,3,109.78,20 / 22,2675010,2019-09-06 20:04:40:753,-0.8083,0.9423,10.1487,0.0093,-0.0116,9.8066,0.0602,-0.0241,-0.0858,-22.75,-33.44,15.63,294.73,-85.22,175.11
52.380535,-1.519706,142.18,16.06,3,109.78,20 / 22,2675110,2019-09-06 20:04:40:853,-1.2045,0.2386,9.1598,-0.0124,0.0187,9.8066,-0.0376,0.0839,-0.0143,-22.5,-33.56,15.69,294.76,-85.19,174.29
52.380535,-1.519706,142.18,16.06,3,109.78,20 / 22,2675210,2019-09-06 20:04:40:953,-0.6284,-0.0461,9.6532,0.0112,0,9.8066,0.0598,0.0272,0.117,-22.19,-33.94,15.06,290.72,-85.25,172.19
52.380535,-1.519706,142.18,16.06,3,109.78,20 / 22,2675310,2019-09-06 20:04:41:053,-0.0211,0.0586,9.8851,0.0026,-0.0121,9.8066,0.0232,0.031,-0.0915,-22.56,-33.56,15.38,290.24,-85.13,172.87
52.380535,-1.519706,142.18,16.06,3,109.78,19 / 21,2675410,2019-09-06 20:04:41:153,-1.1739,1.0933,10.1157,0.0367,-0.023,9.8065,-0.0708,0.0513,0.0529,-22.62,-34.37,14.38,289.41,-84.85,174.31
52.380535,-1.519706,142.18,16.06,3,109.78,19 / 21,2675510,2019-09-06 20:04:41:253,-0.6719,0.1002,9.8484,0.0222,-0.0213,9.8066,0.0787,-0.0017,-0.0568,-23.31,-33.69,14.94,292.05,-84.9,174.89
52.380535,-1.519706,142.18,16.06,3,109.78,19 / 21,2675610,2019-09-06 20:04:41:353,-0.2394,0.3516,8.6977,-0.0153,0.0101,9.8066,-0.1844,0.0548,-0.097,-23.94,-34.44,15.06,292.82,-84.9,176.57
52.380535,-1.519706,142.18,16.06,3,109.78,19 / 21,2675710,2019-09-06 20:04:41:453,-1.2496,1.5007,9.9671,-0.0059,0.0138,9.8066,0.0975,0.0517,0.0285,-23,-33.19,15.63,294.27,-85.06,174.84
52.380535,-1.519706,142.18,16.06,3,109.78,19 / 21,2675809,2019-09-06 20:04:41:552,-0.0891,1.8579,10.1551,0.0173,-0.0039,9.8066,-0.0402,0.1167,-0.1264,-23,-33.62,15.75,293.47,-85.01,174.3
52.380535,-1.519706,142.18,16.06,3,109.78,19 / 21,2675910,2019-09-06 20:04:41:653,-0.4616,0.9679,10.1689,0.0223,0.0079,9.8066,0.0338,-0.0689,0.1361,-22.87,-33.44,16.25,291.32,-84.98,172.1
52.380535,-1.519706,142.18,16.06,3,109.78,19 / 21,2676009,2019-09-06 20:04:41:752,-1.7021,0.653,10.1998,0.0056,-0.0231,9.8066,-0.0537,0.0076,-0.1933,-22.31,-33.5,15.88,292.32,-85.06,171.93
52.380535,-1.519706,142.18,16.06,3,109.78,19 / 21,2676110,2019-09-06 20:04:41:853,-0.8167,1.9662,9.07,0.0169,0.0123,9.8066,0.1089,-0.031,0.1519,-21.69,-33.06,16.63,294.07,-84.97,171.93
52.380535,-1.519706,142.18,16.06,3,109.78,19 / 21,2676210,2019-09-06 20:04:41:953,-1.8044,4.6144,9.248,-0.0395,0.0136,9.8065,0.0953,0.0087,-0.0255,-20.75,-32.12,16.63,295.58,-85.04,171.99
52.380535,-1.519706,142.18,16.06,3,109.78,19 / 21,2676309,2019-09-06 20:04:42:052,-1.2379,-0.9148,10.0052,-0.0103,0.0263,9.8066,0.1251,0.1285,0.0485,-21.12,-32.87,15.94,294.03,-84.99,172.55
52.380535,-1.519706,142.18,16.06,3,109.78,19 / 22,2676410,2019-09-06 20:04:42:153,-0.3237,2.6818,9.1371,0.0347,-0.0431,9.8065,-0.2109,0.0651,-0.2228,-21.31,-33.56,16.38,292.85,-84.73,171.91
52.380535,-1.519706,142.18,16.06,3,109.78,19 / 22,2676509,2019-09-06 20:04:42:252,-1.7586,3.6844,10.7698,0.0929,-0.0257,9.8061,0.1885,-0.1007,0.1873,-20.44,-32.69,15.88,292.36,-84.55,170.31
52.380535,-1.519706,142.18,16.06,3,109.78,19 / 22,2676610,2019-09-06 20:04:42:353,-1.2192,0.3898,10.0963,-0.0433,-0.0063,9.8065,0.1147,0.1063,-0.1286,-21.12,-33.5,15.69,286.93,-84.75,166
52.380535,-1.519706,142.18,16.06,3,109.78,19 / 22,2676709,2019-09-06 20:04:42:452,-1.8431,3.4825,10.6367,-0.0296,0.0408,9.8065,0.0604,-0.1282,0.135,-21.19,-33.62,15.81,286.69,-84.94,165.72
52.380535,-1.519706,142.18,16.06,3,109.78,19 / 22,2676810,2019-09-06 20:04:42:553,-1.4097,0.3375,10.7141,0.0321,-0.036,9.8065,-0.1254,0.1508,-0.1931,-21.06,-33.44,15.88,288.11,-84.81,167.06
52.380535,-1.519706,142.18,16.06,3,109.78,19 / 22,2676910,2019-09-06 20:04:42:653,-1.4969,3.4572,9.6507,0.0225,0.014,9.8065,0.001,-0.0225,-0.0019,-21.5,-33.44,16.13,285.59,-84.81,164.62
52.380535,-1.519706,142.18,16.06,3,109.78,19 / 22,2677010,2019-09-06 20:04:42:753,-1.8633,0.2341,10.5146,-0.0009,-0.0003,9.8066,-0.1042,0.1078,-0.0256,-21.62,-33.44,15.5,286.71,-84.91,166.68
52.380535,-1.519706,142.18,16.06,3,109.78,19 / 22,2677109,2019-09-06 20:04:42:852,-2.9677,-1.1458,9.5427,-0.0154,0.004,9.8066,0.0244,0.1433,-0.1566,-21.12,-33.37,15.13,284.61,-84.99,165.36
52.380535,-1.519706,142.18,16.06,3,109.78,19 / 22,2677209,2019-09-06 20:04:42:952,-2.202,-1.8421,10.4898,-0.0043,0.0241,9.8065,0.1072,-0.2264,0.1501,-21.37,-34.12,15.06,285.56,-84.91,166.57
52.380535,-1.519706,142.18,16.06,3,109.78,19 / 22,2677309,2019-09-06 20:04:43:052,-1.7389,0.5201,9.8769,-0.0193,-0.0037,9.8066,-0.1109,-0.0157,0.0282,-21,-33.25,15.63,287.37,-85.06,166.04
52.380535,-1.519706,142.18,16.06,3,109.78,20 / 23,2677410,2019-09-06 20:04:43:153,-0.7221,2.6657,10.4173,0.0329,-0.0297,9.8065,-0.0946,0.0168,-0.0799,-20.62,-33.94,15.56,284.44,-84.78,163.74
52.380535,-1.519706,142.18,16.06,3,109.78,20 / 23,2677509,2019-09-06 20:04:43:252,-0.0519,2.7601,9.6322,-0.0226,0.0197,9.8065,0.1245,-0.1857,0.0781,-21.31,-33.75,14.75,281.57,-84.72,162.93
52.380535,-1.519706,142.18,16.06,3,109.78,20 / 23,2677610,2019-09-06 20:04:43:353,-2.0831,-0.0487,10.2532,-0.015,0.0168,9.8065,-0.0723,0.0617,-0.0187,-20.87,-34.75,15.69,283.95,-84.83,163.38
52.380535,-1.519706,142.18,16.06,3,109.78,20 / 23,2677709,2019-09-06 20:04:43:452,-2.9885,0.7079,9.5626,-0.0262,-0.0013,9.8066,-0.0015,0.1921,-0.0881,-21.06,-34.12,16.13,283.87,-84.82,163.12
52.380535,-1.519706,142.18,16.06,3,109.78,20 / 23,2677810,2019-09-06 20:04:43:553,-1.9145,-1.8622,9.3791,-0.0183,0.0075,9.8066,0.1357,-0.101,0.0783,-21.06,-33.81,15.5,283.85,-84.71,163.24
52.380535,-1.519706,142.18,16.06,3,109.78,20 / 23,2677910,2019-09-06 20:04:43:653,0.42,2.4468,10.1444,-0.0072,0.0084,9.8066,-0.1059,-0.2034,0.107,-21.5,-34.94,14.94,283.38,-84.83,164.75
52.380535,-1.519706,142.18,16.06,3,109.78,20 / 23,2678010,2019-09-06 20:04:43:753,-2.6829,-2.1224,10.3639,0.0435,-0.0225,9.8065,-0.1143,0.1382,-0.0658,-21.81,-35.06,15.19,282.33,-84.78,164.83
52.380535,-1.519706,142.18,16.06,3,109.78,20 / 23,2678109,2019-09-06 20:04:43:852,-3.0934,-0.2997,10.3557,0.0119,-0.0138,9.8066,0.0474,0.1515,-0.0489,-21,-34.5,15.94,283.88,-84.81,163.15
52.380535,-1.519706,142.18,16.06,3,109.78,20 / 23,2678209,2019-09-06 20:04:43:952,0.203,1.378,8.9342,-0.0012,-0.0048,9.8066,0.0342,-0.0797,0.0046,-21.25,-33.94,15.69,285.15,-84.7,164.53
52.380535,-1.519706,142.18,16.06,3,109.78,20 / 23,2678309,2019-09-06 20:04:44:052,-1.299,0.0983,10.3557,0.0347,-0.0116,9.8065,-0.162,-0.1595,0.0538,-22.19,-33.75,15.44,284.08,-84.51,166.69
52.380535,-1.519706,142.18,16.06,3,109.78,19 / 22,2678409,2019-09-06 20:04:44:152,-1.9766,0.0853,10.1658,-0.0143,0.0123,9.8066,0.0524,-0.1012,0.0567,-21.94,-34,15.31,285.13,-84.71,167.46
52.380535,-1.519706,142.18,16.06,3,109.78,19 / 22,2678510,2019-09-06 20:04:44:253,-0.6567,1.1515,10.2627,0.0176,-0.0071,9.8066,0.0841,-0.1453,0.0694,-22.37,-34.25,15.25,286.31,-84.96,168.29
52.380535,-1.519706,142.18,16.06,3,109.78,19 / 22,2678609,2019-09-06 20:04:44:352,-1.6539,-0.0851,10.8937,-0.009,-0.0187,9.8066,0.0101,0.1151,-0.1042,-21.81,-33.87,15.44,288.55,-85.05,170.35
52.380535,-1.519706,142.18,16.06,3,109.78,19 / 22,2678710,2019-09-06 20:04:44:453,-2.8953,0.6805,10.463,0.0217,-0.0029,9.8065,-0.1228,0.1136,0.0047,-21.31,-33.81,15.44,288.72,-84.95,169.58
52.380535,-1.519706,142.18,16.06,3,109.78,19 / 22,2678810,2019-09-06 20:04:44:553,-0.6354,1.6097,9.7479,0.0445,-0.0435,9.8064,-0.0893,0.0547,-0.0205,-21.75,-33.87,15.69,291.53,-84.8,171.65
52.380535,-1.519706,142.18,16.06,3,109.78,19 / 22,2678910,2019-09-06 20:04:44:653,-2.5557,-0.7007,9.0447,0.0575,-0.0307,9.8064,0.1457,0.0661,-0.0428,-22.25,-33.87,16.75,295.17,-84.16,174.09
52.380535,-1.519706,142.18,16.06,3,109.78,19 / 22,2679009,2019-09-06 20:04:44:752,-1.2301,0.9095,9.5098,-0.0643,0.0412,9.8063,0.1843,0.0003,0.0642,-22.37,-34.19,16.5,296.62,-84.6,174.96
52.380535,-1.519706,142.18,16.06,3,109.78,19 / 22,2679110,2019-09-06 20:04:44:853,-0.5146,0.6416,10.1796,-0.0678,0.029,9.8064,-0.1662,0.0099,-0.0024,-23.06,-34.81,16.19,294.38,-84.76,175.64
52.380535,-1.519706,142.18,16.06,3,109.78,19 / 22,2679210,2019-09-06 20:04:44:953,-0.8736,-0.4179,9.709,0.0444,-0.0115,9.8064,-0.0088,-0.1381,0.0287,-23.06,-34,15.88,294.5,-84.65,175.69
52.380535,-1.519706,142.18,16.06,3,109.78,19 / 22,2679310,2019-09-06 20:04:45:053,-1.4446,0.8587,9.7014,0.0244,-0.0096,9.8066,0.061,-0.057,0.0046,-22.87,-33.69,15.94,295.22,-84.66,176.37
52.380127,-1.51749,138.28,14.18,3,103.61,20 / 22,2679410,2019-09-06 20:04:45:153,-1.7248,0.9934,9.9918,0.001,0.0058,9.8066,0.0725,-0.0219,0.0193,-23.19,-34.12,15.88,296.26,-84.67,177.36
52.380127,-1.51749,138.28,14.18,3,103.61,20 / 22,2679510,2019-09-06 20:04:45:253,-1.9804,1.0787,10.0799,-0.0102,0.0014,9.8066,0.0596,0.0257,0.0379,-23.12,-34.06,15.75,296.5,-84.5,177.77
52.380127,-1.51749,138.28,14.18,3,103.61,20 / 22,2679609,2019-09-06 20:04:45:352,-2.0937,-0.08,10.0451,-0.0067,-0.0025,9.8066,-0.0005,-0.0697,0.064,-23.12,-34.69,16.38,296.99,-84.46,178.47
52.380127,-1.51749,138.28,14.18,3,103.61,20 / 22,2679709,2019-09-06 20:04:45:452,-1.9719,0.6235,9.8831,-0.02,0.0071,9.8066,0.0276,-0.0676,-0.0126,-23.69,-34.44,16.19,297.01,-84.46,179.27
52.380127,-1.51749,138.28,14.18,3,103.61,20 / 22,2679810,2019-09-06 20:04:45:553,-1.4271,0.0555,9.5258,0.0059,-0.0039,9.8066,-0.0085,-0.0224,-0.0098,-23.81,-34.31,15.94,297.84,-84.45,-179.93
52.380127,-1.51749,138.28,14.18,3,103.61,20 / 22,2679910,2019-09-06 20:04:45:653,-1.5965,0.4189,9.8142,0.0028,0.0022,9.8066,0.0574,-0.0504,0.0469,-23.25,-34.56,16.63,300.58,-84.59,179.94
52.380127,-1.51749,138.28,14.18,3,103.61,20 / 22,2680010,2019-09-06 20:04:45:753,-0.937,1.384,9.5439,0.0036,-0.0075,9.8066,-0.0965,-0.036,0.0069,-23.75,-34.06,16.5,299.84,-84.64,-179.97
52.380127,-1.51749,138.28,14.18,3,103.61,20 / 22,2680110,2019-09-06 20:04:45:853,-0.9501,0.336,9.5137,0.0071,-0.0033,9.8066,0.0804,0.0585,0.0289,-23.56,-33.81,16.81,300.91,-84.6,-178.91
52.380127,-1.51749,138.28,14.18,3,103.61,20 / 22,2680209,2019-09-06 20:04:45:952,-1,0.261,9.9902,-0.0237,0.0055,9.8066,0.0994,-0.0441,0.0438,-23.44,-33.56,16.75,303.21,-84.8,-177.97
52.380127,-1.51749,138.28,14.18,3,103.61,20 / 22,2680309,2019-09-06 20:04:46:052,-1.061,0.3236,9.9919,-0.0173,0.0054,9.8066,0.07,-0.0202,-0.0468,-23.06,-32.81,16.69,304.55,-84.85,-176.91
52.380127,-1.51749,138.28,14.18,3,103.61,20 / 23,2680409,2019-09-06 20:04:46:152,-0.6015,0.6374,10.1655,0.0061,-0.0021,9.8066,-0.0002,0.0287,0.0159,-23.25,-31.94,16.31,303.15,-84.82,-176.6
52.380127,-1.51749,138.28,14.18,3,103.61,20 / 23,2680510,2019-09-06 20:04:46:253,-1.0146,0.0518,10.0299,0.005,-0.0079,9.8066,-0.0288,-0.0331,-0.0463,-23.56,-31.69,14.81,300.16,-84.8,-176.65
52.380127,-1.51749,138.28,14.18,3,103.61,20 / 23,2680609,2019-09-06 20:04:46:352,-1.6922,-0.5317,9.8533,0.0071,0.0044,9.8066,-0.0803,-0.0232,-0.0024,-24.06,-32.44,15,300.39,-84.76,-176.39
52.380127,-1.51749,138.28,14.18,3,103.61,20 / 23,2680710,2019-09-06 20:04:46:453,-1.2926,1.757,10.6948,-0.0039,0.0027,9.8066,0.145,-0.0578,-0.0206,-24.62,-32.37,15.69,300.06,-84.85,-177.64
52.380127,-1.51749,138.28,14.18,3,103.61,20 / 23,2680810,2019-09-06 20:04:46:553,-1.8576,-0.0891,10.684,0.0062,0.0082,9.8066,0.0021,-0.0208,-0.0252,-24.56,-32.87,15.5,300.12,-84.8,-177.38
52.380127,-1.51749,138.28,14.18,3,103.61,20 / 23,2680910,2019-09-06 20:04:46:653,-1.5004,-0.3887,9.6008,0.01,0.0075,9.8066,0.0984,0.0612,-0.036,-24.81,-32.94,15.94,298.39,-84.79,-179.02
52.380127,-1.51749,138.28,14.18,3,103.61,20 / 23,2681010,2019-09-06 20:04:46:753,-0.2821,0.4066,10.3997,-0.0389,0.0322,9.8065,0.0981,0.0041,0.048,-24.87,-33,16.44,298.14,-84.92,-179.39
52.380127,-1.51749,138.28,14.18,3,103.61,20 / 23,2681109,2019-09-06 20:04:46:852,-1.253,-0.6138,9.8721,-0.045,0.0102,9.8065,-0.1377,0.0483,-0.0831,-25.06,-32.69,16.19,298.71,-85.01,-178.93
52.380127,-1.51749,138.28,14.18,3,103.61,20 / 23,2681210,2019-09-06 20:04:46:953,-1.0135,0.6027,9.3684,0.0142,0.0072,9.8066,-0.1072,-0.0296,0.0721,-24.75,-33.25,15.63,298.09,-85.02,-179.54
52.380127,-1.51749,138.28,14.18,3,103.61,20 / 23,2681310,2019-09-06 20:04:47:053,-1.7089,0.4789,9.5012,0.0235,-0.0116,9.8066,0.0757,0.0303,0.0244,-24.81,-33.69,15.5,297.02,-84.98,179.63
52.380127,-1.51749,138.28,14.18,3,103.61,21 / 23,2681409,2019-09-06 20:04:47:152,-1.1324,0.863,10.1542,-0.0209,0.0067,9.8066,0.1934,0.0333,0.008,-24.5,-33.62,16.56,299.22,-85.03,179.03
52.380127,-1.51749,138.28,14.18,3,103.61,21 / 23,2681509,2019-09-06 20:04:47:252,-0.4882,0.2695,10.5488,-0.0134,0.0173,9.8066,-0.0238,-0.0202,0.0307,-23.81,-32.56,16.63,299.05,-84.89,178.86
52.380127,-1.51749,138.28,14.18,3,103.61,21 / 23,2681610,2019-09-06 20:04:47:353,-1.1411,0.9508,10.122,0.0348,-0.0172,9.8065,-0.0914,0.0382,-0.0268,-24.06,-33.81,16.25,296.95,-84.67,178.98
52.380127,-1.51749,138.28,14.18,3,103.61,21 / 23,2681709,2019-09-06 20:04:47:452,-2.151,-0.089,8.8488,0.0099,-0.0028,9.8066,-0.1494,0.0604,-0.0626,-23,-33.06,17.38,299.36,-84.84,178.19
52.380127,-1.51749,138.28,14.18,3,103.61,21 / 23,2681810,2019-09-06 20:04:47:553,-1.3688,1.4084,9.6488,-0.0294,0.0189,9.8066,-0.1957,-0.0468,-0.0043,-23.12,-31.37,17.25,299.9,-84.9,178.34
52.380127,-1.51749,138.28,14.18,3,103.61,21 / 23,2681910,2019-09-06 20:04:47:653,-0.9957,0.7296,10.4982,0.0047,0.003,9.8066,0.2464,-0.0037,0.0331,-23.06,-31.31,15.75,298.11,-85.13,178.13
52.380127,-1.51749,138.28,14.18,3,103.61,21 / 23,2682010,2019-09-06 20:04:47:753,-0.433,0.2469,10.096,-0.0605,0.0392,9.8063,0.3239,0.0877,0.0161,-23.12,-32.06,14.75,294.98,-85.54,176.67
52.380127,-1.51749,138.28,14.18,3,103.61,21 / 23,2682109,2019-09-06 20:04:47:852,0.0779,0.2728,10.5527,-0.0481,0.0272,9.8065,-0.1654,0.0473,-0.0347,-23.31,-32.25,15.06,293.86,-85.51,175.61
52.380127,-1.51749,138.28,14.18,3,103.61,21 / 23,2682209,2019-09-06 20:04:47:952,0.5138,0.945,9.7643,0.053,-0.0232,9.8064,-0.0652,0.0566,-0.0916,-23.75,-32.56,15.56,293.36,-85.18,174.83
52.380127,-1.51749,138.28,14.18,3,103.61,21 / 23,2682310,2019-09-06 20:04:48:053,-1.0565,0.4369,9.5175,0.0292,-0.0079,9.8066,-0.114,0.1348,-0.007,-23.81,-32.62,15.88,292.24,-85.24,173.68
52.380127,-1.51749,138.28,14.18,3,103.61,21 / 23,2682409,2019-09-06 20:04:48:152,-0.7836,1.8248,9.965,0.0021,0.0072,9.8066,-0.118,0.036,0.04,-23.5,-32.12,15.81,291.79,-85.35,171.97
52.380127,-1.51749,138.28,14.18,3,103.61,21 / 23,2682510,2019-09-06 20:04:48:253,-0.9875,1.5748,10.0583,-0.0246,0.0217,9.8065,0.1255,0.1251,-0.0911,-24,-32.06,15.81,289.74,-85.33,171.01
52.380127,-1.51749,138.28,14.18,3,103.61,21 / 23,2682609,2019-09-06 20:04:48:352,0.341,0.838,9.6529,-0.0176,0.025,9.8065,0.1221,0.0922,0.0056,-23.12,-31.62,16.5,289.8,-85.46,168.18
52.380127,-1.51749,138.28,14.18,3,103.61,21 / 23,2682709,2019-09-06 20:04:48:452,0.5422,0.9454,9.9192,0.005,-0.0011,9.8066,-0.0036,0.1163,-0.057,-22.94,-30.5,15.56,287.98,-85.27,168.04
52.380127,-1.51749,138.28,14.18,3,103.61,21 / 23,2682810,2019-09-06 20:04:48:553,0.2883,0.7396,9.6615,0.0086,0.0034,9.8066,-0.0583,0.1505,-0.03,-22.44,-30.94,14.5,284.98,-85.1,166.27
52.380127,-1.51749,138.28,14.18,3,103.61,21 / 23,2682909,2019-09-06 20:04:48:652,0.8441,0.9311,10.1443,0.0045,-0.0007,9.8066,0.0584,0.1378,-0.0441,-23,-32.25,14.19,281.16,-85.07,165.65
52.380127,-1.51749,138.28,14.18,3,103.61,21 / 23,2683010,2019-09-06 20:04:48:753,0.6557,1.3202,10.0113,0.0034,0.0205,9.8066,0.0648,0.1967,-0.0343,-22.19,-33.31,14.31,280.71,-85.03,164.49
52.380127,-1.51749,138.28,14.18,3,103.61,21 / 23,2683110,2019-09-06 20:04:48:853,0.9976,1.6264,9.4973,-0.0099,0.0125,9.8066,-0.0566,0.2283,-0.0631,-22,-32.5,15,279.83,-85.03,161.49
52.380127,-1.51749,138.28,14.18,3,103.61,21 / 23,2683210,2019-09-06 20:04:48:953,0.8404,1.4452,9.3705,0.0007,0.0024,9.8066,-0.0332,0.1713,-0.0272,-21.37,-31.25,15.56,282.08,-84.96,160.63
52.380127,-1.51749,138.28,14.18,3,103.61,21 / 23,2683310,2019-09-06 20:04:49:053,0.4186,1.9832,9.8285,-0.0007,0.0039,9.8066,-0.0335,0.1858,-0.042,-22,-31.31,14.13,276.87,-85.03,160.31
52.380127,-1.51749,138.28,14.18,3,103.61,20 / 23,2683410,2019-09-06 20:04:49:153,0.6058,2.4408,9.9781,-0.0142,0.0131,9.8066,-0.0047,0.2282,-0.042,-21.87,-31.81,13.13,271.96,-85.15,157.48
52.380127,-1.51749,138.28,14.18,3,103.61,20 / 23,2683510,2019-09-06 20:04:49:253,1.2339,2.058,10.0332,0.0021,-0.0008,9.8066,0.0785,0.2183,-0.0018,-22.56,-32,12.69,271.05,-85.11,157.52
52.380127,-1.51749,138.28,14.18,3,103.61,20 / 23,2683609,2019-09-06 20:04:49:352,1.0083,1.0577,9.8347,0.0037,0,9.8066,0.11,0.2215,0.0499,-22.37,-31.69,12.44,269.53,-84.97,157.37
52.380127,-1.51749,138.28,14.18,3,103.61,20 / 23,2683709,2019-09-06 20:04:49:452,1.2546,1.8648,9.7666,-0.0037,-0.0052,9.8066,-0.0761,0.2431,-0.0617,-23.06,-31.25,12.75,271.8,-84.91,158.33
52.380127,-1.51749,138.28,14.18,3,103.61,20 / 23,2683810,2019-09-06 20:04:49:553,0.9708,2.2593,9.8359,0.0014,0.0031,9.8066,-0.0329,0.2912,-0.0351,-22.94,-31.37,11.38,266.83,-84.8,157.6
52.380127,-1.51749,138.28,14.18,3,103.61,20 / 23,2683909,2019-09-06 20:04:49:652,0.9495,1.7119,10.007,0.0002,0.0087,9.8066,0.0593,0.2546,-0.0537,-23.75,-32.37,10.63,265.06,-84.81,156.71
52.380127,-1.51749,138.28,14.18,3,103.61,20 / 23,2684009,2019-09-06 20:04:49:752,1.9441,2.2021,9.9442,0.0053,0.0019,9.8065,-0.0061,0.2737,-0.0913,-22.69,-33.5,9.31,259.82,-84.7,155.4
52.380127,-1.51749,138.28,14.18,3,103.61,20 / 23,2684109,2019-09-06 20:04:49:852,1.3351,2.1161,9.5902,0.0098,0.0148,9.8066,0.017,0.2788,-0.0078,-22.56,-33.81,8.63,258.34,-84.62,154.21
52.380127,-1.51749,138.28,14.18,3,103.61,20 / 23,2684210,2019-09-06 20:04:49:953,-0.2983,3.1256,10.0673,-0.0127,-0.0062,9.8066,-0.0322,0.2527,-0.0775,-21.56,-33.87,7.44,253.01,-84.61,152.91
52.380127,-1.51749,138.28,14.18,3,103.61,20 / 23,2684310,2019-09-06 20:04:50:053,0.2536,2.2372,10.0505,0.0028,0.0173,9.8066,-0.0092,0.306,0.0304,-21.5,-35.44,7.31,252.48,-84.7,152.01
52.380127,-1.51749,138.28,14.18,3,103.61,20 / 22,2684414,2019-09-06 20:04:50:157,1.0868,1.0436,10.3437,0.0037,-0.0071,9.8066,-0.0142,0.2307,-0.0021,-20.56,-34.87,7.06,251.27,-84.66,150.8
52.380127,-1.51749,138.28,14.18,3,103.61,20 / 22,2684509,2019-09-06 20:04:50:252,0.6633,2.8362,10.2527,0.0035,0.0046,9.8066,0.0415,0.2029,0.0344,-20.37,-35.37,7.5,254.73,-84.64,151.32
52.380127,-1.51749,138.28,14.18,3,103.61,20 / 22,2684610,2019-09-06 20:04:50:353,1.1631,1.2638,10.2068,0.0198,0.0008,9.8065,0.0276,0.2851,-0.0488,-20.31,-35.12,6.81,251.81,-84.55,151.05
52.380127,-1.51749,138.28,14.18,3,103.61,20 / 22,2684709,2019-09-06 20:04:50:452,0.4804,1.6801,10.0068,0.009,0.0149,9.8065,-0.0093,0.2459,-0.0237,-19.94,-35.62,6.63,250.35,-84.27,150.19
52.380127,-1.51749,138.28,14.18,3,103.61,20 / 22,2684809,2019-09-06 20:04:50:552,0.7894,1.7915,9.9725,0.0164,0.0052,9.8066,-0.0376,0.2675,-0.0844,-20,-35.06,6.81,250.22,-84.04,150.16
52.380127,-1.51749,138.28,14.18,3,103.61,20 / 22,2684910,2019-09-06 20:04:50:653,-0.2277,2.0012,10.0353,-0.0083,0.0181,9.8066,0.1097,0.2077,-0.0216,-19.5,-35.5,5.19,243.4,-83.78,148.51
52.380127,-1.51749,138.28,14.18,3,103.61,20 / 22,2685009,2019-09-06 20:04:50:752,1.1833,1.1207,11.0038,-0.018,-0.0007,9.8066,0.1715,0.2027,-0.057,-20.25,-35.56,6.31,245.22,-83.68,148.36
52.380127,-1.51749,138.28,14.18,3,103.61,20 / 22,2685110,2019-09-06 20:04:50:853,1.1365,0.9735,9.9862,-0.0308,0.0156,9.8066,-0.1923,0.2238,-0.0338,-19.81,-35.81,5.69,244.8,-83.49,148.2
52.380127,-1.51749,138.28,14.18,3,103.61,20 / 22,2685210,2019-09-06 20:04:50:953,1.8675,1.7195,9.513,0.0502,0.0004,9.8064,-0.1206,0.1325,0.0624,-20.06,-35.19,5.38,242.67,-83.26,148.72
52.380127,-1.51749,138.28,14.18,3,103.61,20 / 22,2685310,2019-09-06 20:04:51:053,-0.7305,-0.2573,10.0843,0.0406,-0.0233,9.8065,0.099,0.1327,0.0076,-20.19,-35.69,5.06,244.7,-83.08,151.53
52.380127,-1.51749,138.28,14.18,3,103.61,21 / 23,2685409,2019-09-06 20:04:51:152,-0.0005,-0.5271,9.9657,-0.0301,0.0038,9.8065,0.0562,0.1008,0.0267,-20.06,-35.87,5.31,244.6,-83.34,151.01
52.380127,-1.51749,138.28,14.18,3,103.61,21 / 23,2685510,2019-09-06 20:04:51:253,-0.0307,-0.2008,9.9512,0.0094,-0.006,9.8066,0.073,0.0572,0.0102,-19.75,-35.69,4.63,245.16,-83.21,151.83
52.380127,-1.51749,138.28,14.18,3,103.61,21 / 23,2685609,2019-09-06 20:04:51:352,0.0925,-0.5571,9.757,0.0107,-0.0002,9.8066,0.0204,0.0436,-0.0067,-19.94,-35.5,5.19,246.3,-83.04,153.03
52.380127,-1.51749,138.28,14.18,3,103.61,21 / 23,2685709,2019-09-06 20:04:51:452,-0.0956,-1.6102,10.0911,-0.0018,0.0053,9.8066,0.0252,0.0583,-0.0439,-19.94,-35.81,4.94,245.52,-83.07,152.44
52.380127,-1.51749,138.28,14.18,3,103.61,21 / 23,2685809,2019-09-06 20:04:51:552,-0.0848,-0.3801,9.5246,-0.0125,0.0129,9.8065,-0.0278,0.0019,-0.016,-19.5,-35.87,4.38,240.6,-83.15,149.71
52.380127,-1.51749,138.28,14.18,3,103.61,21 / 23,2685909,2019-09-06 20:04:51:652,-0.4607,-0.7212,9.516,-0.0095,0.0021,9.8066,-0.0656,-0.0512,-0.0244,-19.87,-35.31,4.69,242.7,-83.28,148.74
52.380127,-1.51749,138.28,14.18,3,103.61,21 / 23,2686010,2019-09-06 20:04:51:753,-0.2754,-0.288,9.3571,0.0029,0.0187,9.8066,-0.0961,-0.0471,-0.0132,-19.37,-35.87,4.19,237.92,-83.22,146.59
52.380127,-1.51749,138.28,14.18,3,103.61,21 / 23,2686110,2019-09-06 20:04:51:853,-0.7176,-1.113,9.4774,0.0103,-0.0007,9.8066,0.0967,-0.0405,0.0257,-20,-35.31,4.38,237.94,-83.21,146.41
52.380127,-1.51749,138.28,14.18,3,103.61,21 / 23,2686210,2019-09-06 20:04:51:953,0.6458,-1.9811,9.9271,-0.0148,-0.0054,9.8066,0.0794,-0.1056,0.0748,-19.56,-35.12,4.88,240.95,-83.23,146.88
52.380127,-1.51749,138.28,14.18,3,103.61,21 / 23,2686309,2019-09-06 20:04:52:052,0.2988,-1.7976,10.1054,-0.0148,-0.0113,9.8066,0.0413,-0.112,0.0133,-19.87,-35.37,4.63,241.77,-83.42,147.5
52.380127,-1.51749,138.28,14.18,3,103.61,21 / 23,2686409,2019-09-06 20:04:52:152,-0.1717,-2.2011,9.9818,0.011,-0.0113,9.8065,-0.0387,-0.1375,0.0585,-19.75,-34.94,5.5,245.21,-83.5,148.34
52.380127,-1.51749,138.28,14.18,3,103.61,21 / 23,2686510,2019-09-06 20:04:52:253,-0.4185,-2.3688,9.7534,-0.0151,-0.0082,9.8066,0.0079,-0.1416,0.0442,-20.37,-35.62,5.94,246.73,-83.57,150.17
52.380127,-1.51749,138.28,14.18,3,103.61,21 / 23,2686609,2019-09-06 20:04:52:352,-1.0883,-2.8803,9.9302,-0.0191,-0.006,9.8066,0.0099,-0.2514,0.0452,-20.37,-34.81,6,247.77,-83.76,150.72
52.380127,-1.51749,138.28,14.18,3,103.61,21 / 23,2686710,2019-09-06 20:04:52:453,-1.0169,-2.3271,10.001,-0.0224,-0.0014,9.8065,0.0208,-0.2268,0.0608,-20.94,-35.25,6.19,248.2,-83.82,151.4
52.380127,-1.51749,138.28,14.18,3,103.61,21 / 23,2686810,2019-09-06 20:04:52:553,0.1502,-3.1396,9.9213,0.0079,-0.0074,9.8066,0.0379,-0.1999,0.0728,-20.69,-35,6,248.42,-83.86,151.58
52.380127,-1.51749,138.28,14.18,3,103.61,21 / 23,2686909,2019-09-06 20:04:52:652,-0.5762,-3.3076,9.5129,0.0097,-0.0089,9.8066,-0.0454,-0.2204,0.0114,-20.94,-34.69,6.63,251.47,-83.94,152.09
52.380127,-1.51749,138.28,14.18,3,103.61,21 / 23,2687009,2019-09-06 20:04:52:752,-0.1607,-3.3151,9.3979,-0.0031,-0.0055,9.8066,-0.0217,-0.2577,0.0642,-21.31,-34.69,6.88,251.06,-84.03,151.52
52.380127,-1.51749,138.28,14.18,3,103.61,21 / 23,2687109,2019-09-06 20:04:52:852,0.0434,-3.6476,9.5162,0.0072,0.0005,9.8066,0.0585,-0.2259,0.0247,-21.75,-35.31,8.13,253.37,-84.14,151.76
52.380127,-1.51749,138.28,14.18,3,103.61,21 / 23,2687210,2019-09-06 20:04:52:953,-0.5304,-3.9894,9.7315,-0.0196,0.0051,9.8066,0.0103,-0.3073,0.0468,-21.25,-34.87,8.38,253.01,-84.36,150.54
52.380127,-1.51749,138.28,14.18,3,103.61,21 / 23,2687310,2019-09-06 20:04:53:053,-0.7245,-3.2515,9.8492,-0.0084,0.0096,9.8065,0.0065,-0.3082,0.0184,-21.87,-35.06,9.19,254.21,-84.4,149.87
52.380127,-1.51749,138.28,14.18,3,103.61,21 / 23,2687410,2019-09-06 20:04:53:153,-0.5515,-4.2753,9.1992,-0.0033,0.0086,9.8066,-0.0023,-0.3634,0.0377,-21.06,-34.81,10.13,255.85,-84.45,148.46
52.380127,-1.51749,138.28,14.18,3,103.61,21 / 23,2687510,2019-09-06 20:04:53:253,-0.1329,-3.0471,9.0556,-0.0284,0.0176,9.8065,0.0129,-0.3556,0.0373,-21.44,-34.56,10.13,254.78,-84.52,147.26
52.380127,-1.51749,138.28,14.18,3,103.61,21 / 23,2687609,2019-09-06 20:04:53:352,-0.2787,-4.1083,9.7585,-0.0406,0.0192,9.8065,0.0465,-0.3201,0.0175,-20.81,-35.31,10.44,253.57,-84.65,145.81
52.380127,-1.51749,138.28,14.18,3,103.61,21 / 23,2687710,2019-09-06 20:04:53:453,-0.3599,-3.4596,9.5234,-0.0396,0.023,9.8065,-0.055,-0.3483,0.0418,-21,-35.25,11,251.81,-84.99,141.16
52.380127,-1.51749,138.28,14.18,3,103.61,21 / 23,2687810,2019-09-06 20:04:53:553,-0.9981,-4.209,9.658,-0.0046,-0.0114,9.8066,-0.023,-0.3403,0.0305,-21.12,-34.37,11.63,254.44,-85.14,141.26
52.380127,-1.51749,138.28,14.18,3,103.61,21 / 23,2687910,2019-09-06 20:04:53:653,-1.3139,-3.4878,10.4833,-0.0045,0.0061,9.8066,0.1711,-0.377,-0.0081,-21.37,-34.5,12.56,255.66,-85.23,140.24
52.380127,-1.51749,138.28,14.18,3,103.61,21 / 23,2688010,2019-09-06 20:04:53:753,0.001,-5.2881,9.674,-0.0262,0.0165,9.8066,0.1981,-0.4075,0.0813,-21.44,-34.94,13.13,255.18,-85.43,139.67
52.380127,-1.51749,138.28,14.18,3,103.61,21 / 23,2688110,2019-09-06 20:04:53:853,-1.2064,-4.4521,9.4349,-0.0244,-0.0034,9.8066,-0.1475,-0.3931,0.0435,-20.62,-34.37,13.5,258.3,-85.54,140.48
52.380127,-1.51749,138.28,14.18,3,103.61,21 / 23,2688209,2019-09-06 20:04:53:952,-1.9638,-2.8035,8.865,0.0155,-0.0142,9.8066,-0.2182,-0.3534,-0.0187,-21.44,-34.44,13.81,258.77,-85.72,140.73
52.380127,-1.51749,138.28,14.18,3,103.61,21 / 23,2688309,2019-09-06 20:04:54:052,-2.1377,-3.8068,9.1738,0.0091,-0.01,9.8066,-0.041,-0.3802,0.0595,-20.81,-34.69,15.19,258.79,-85.96,138.62
52.380135,-1.516143,134.79,9.94,4,98.24,21 / 23,2688410,2019-09-06 20:04:54:153,-1.6376,-4.109,9.3445,-0.0204,0.0004,9.8066,0.0346,-0.438,0.0596,-21,-34,15.06,257.62,-86.4,136.7
52.380135,-1.516143,134.79,9.94,4,98.24,21 / 23,2688509,2019-09-06 20:04:54:252,-1.9388,-4.0085,9.7597,-0.0257,0.0003,9.8066,0.0273,-0.3677,0.0263,-20.19,-34.44,16.19,259.07,-86.92,134.42
52.380135,-1.516143,134.79,9.94,4,98.24,21 / 23,2688610,2019-09-06 20:04:54:353,-1.3096,-3.6304,9.653,-0.0264,-0.0062,9.8066,0.0177,-0.3848,0.067,-20,-33.81,17.19,263.1,-87.03,136.55
52.380135,-1.516143,134.79,9.94,4,98.24,21 / 23,2688709,2019-09-06 20:04:54:452,-2.171,-4.9402,9.8906,-0.0144,-0.021,9.8066,0.0298,-0.4157,0.0857,-20.37,-34.5,17.38,267.05,-87.14,140.39
52.380135,-1.516143,134.79,9.94,4,98.24,21 / 23,2688810,2019-09-06 20:04:54:553,-1.2939,-3.9437,9.0421,-0.0103,-0.0134,9.8066,-0.0585,-0.4317,0.004,-19.69,-34.19,18,271.52,-87.53,142.67
52.380135,-1.516143,134.79,9.94,4,98.24,21 / 23,2688910,2019-09-06 20:04:54:653,-2.3086,-5.2407,10.1122,-0.0124,0.0035,9.8066,-0.0244,-0.4935,0.0767,-19.37,-34.75,17.81,275.83,-87.9,145.18
52.380135,-1.516143,134.79,9.94,4,98.24,21 / 23,2689010,2019-09-06 20:04:54:753,-3.3707,-3.6081,9.5687,-0.0131,-0.009,9.8065,0.0192,-0.3898,0.0558,-19.06,-34.62,17.88,275.52,-88.18,144.5
52.380135,-1.516143,134.79,9.94,4,98.24,21 / 23,2689110,2019-09-06 20:04:54:853,-1.5778,-2.3032,9.31,-0.011,-0.0051,9.8066,-0.0307,-0.3204,-0.0424,-18.5,-35,19.31,276.09,-88.1,142.07
52.380135,-1.516143,134.79,9.94,4,98.24,21 / 23,2689210,2019-09-06 20:04:54:953,-2.8752,-3.8707,10.0892,0.0145,-0.0095,9.8066,0.0788,-0.3567,-0.002,-17.62,-34.31,20.63,284.26,-87.95,147.31
52.380135,-1.516143,134.79,9.94,4,98.24,21 / 23,2689310,2019-09-06 20:04:55:053,-2.6142,-3.4014,10.0486,0.0084,-0.006,9.8066,-0.0462,-0.299,-0.0395,-17.44,-33.31,21.63,291.36,-87.86,151.43
52.380135,-1.516143,134.79,9.94,4,98.24,20 / 22,2689410,2019-09-06 20:04:55:153,-0.9529,-3.4262,10.1229,-0.0192,-0.015,9.8066,-0.0075,-0.3245,0.0321,-17.19,-33.81,22.13,294.81,-87.93,154.82
52.380135,-1.516143,134.79,9.94,4,98.24,20 / 22,2689509,2019-09-06 20:04:55:252,-1.6186,-3.0617,10.0403,-0.0047,-0.0179,9.8066,0.0138,-0.3106,0.0142,-16.75,-32.87,22.44,301.5,-87.88,161.36
52.380135,-1.516143,134.79,9.94,4,98.24,20 / 22,2689610,2019-09-06 20:04:55:353,-0.728,-2.3185,9.9033,0.0058,-0.0061,9.8066,0.0212,-0.2835,0.0187,-16.44,-33.5,22.06,305.27,-87.86,163.44
52.380135,-1.516143,134.79,9.94,4,98.24,20 / 22,2689709,2019-09-06 20:04:55:452,-1.1762,-2.0697,10.0496,0.0056,-0.0044,9.8066,0.0491,-0.2304,-0.0076,-16.06,-33.25,22.69,307.65,-87.76,164.58
52.380135,-1.516143,134.79,9.94,4,98.24,20 / 22,2689810,2019-09-06 20:04:55:553,-0.0317,-2.6736,9.9478,0.0087,-0.0019,9.8066,0.0027,-0.1801,-0.0207,-15.75,-33,22.94,306.67,-87.62,163.77
52.380135,-1.516143,134.79,9.94,4,98.24,20 / 22,2689910,2019-09-06 20:04:55:653,0.8711,-1.2107,9.9261,0.0166,-0.0097,9.8066,-0.0084,-0.0852,-0.066,-15.56,-34.19,23.44,304.78,-87.45,162.18
52.380135,-1.516143,134.79,9.94,4,98.24,20 / 22,2690009,2019-09-06 20:04:55:752,0.9028,-1.8859,9.8727,0.0197,-0.0121,9.8066,0.0566,-0.0943,0.0252,-15.06,-34.06,23.94,305.96,-87.17,160.74
52.380135,-1.516143,134.79,9.94,4,98.24,20 / 22,2690110,2019-09-06 20:04:55:853,1.2692,-1.2617,9.7067,-0.0013,-0.0011,9.8066,-0.012,-0.0123,-0.0062,-15.19,-33.69,23.81,307.02,-87.05,161.89
52.380135,-1.516143,134.79,9.94,4,98.24,20 / 22,2690209,2019-09-06 20:04:55:952,0.0695,-1.054,9.8142,-0.0032,-0.0053,9.8066,0.0587,-0.0543,-0.0095,-15.31,-34.37,24.19,307.89,-87,162.78
52.380135,-1.516143,134.79,9.94,4,98.24,20 / 22,2690310,2019-09-06 20:04:56:053,-0.0372,-2.0245,10.0667,-0.0076,-0.0116,9.8066,0.0685,-0.0527,0.0313,-15.12,-33.62,24.06,310.05,-87,164.86
52.380135,-1.516143,134.79,9.94,4,98.24,20 / 22,2690410,2019-09-06 20:04:56:153,0.3197,-1.428,10.0706,-0.0176,-0.0037,9.8066,-0.0538,-0.0142,-0.0209,-14.81,-33.75,23.69,314.41,-86.97,169.05
52.380135,-1.516143,134.79,9.94,4,98.24,20 / 22,2690509,2019-09-06 20:04:56:252,-0.3617,-1.5949,9.5953,0.0117,-0.025,9.8065,-0.0512,-0.1034,0.0935,-14.81,-33.37,24.13,318.04,-86.75,172.62
52.380135,-1.516143,134.79,9.94,4,98.24,20 / 22,2690610,2019-09-06 20:04:56:353,0.4954,-1.9836,9.8798,0.0002,-0.0322,9.8065,0.0889,-0.0216,0.0043,-15,-33.19,24,321.5,-86.65,175.99
52.380135,-1.516143,134.79,9.94,4,98.24,20 / 22,2690709,2019-09-06 20:04:56:452,0.214,-0.8487,9.8693,-0.012,-0.0091,9.8066,0.0067,-0.0495,0.046,-15.44,-33.81,24.56,325.64,-86.56,178.92
52.380135,-1.516143,134.79,9.94,4,98.24,20 / 22,2690809,2019-09-06 20:04:56:552,0.8256,-2.5419,10.0791,-0.017,-0.0058,9.8066,0.0404,-0.061,0.0706,-15.31,-33.87,24.56,330.52,-86.52,-176.47
52.380135,-1.516143,134.79,9.94,4,98.24,20 / 22,2690910,2019-09-06 20:04:56:653,0.5583,-1.4608,9.6413,-0.0031,-0.027,9.8065,0.0092,-0.0338,0.0286,-15.56,-33.56,24.38,332.02,-86.29,-172.19
52.380135,-1.516143,134.79,9.94,4,98.24,20 / 22,2691010,2019-09-06 20:04:56:753,0.6728,-1.5721,9.9956,-0.0048,-0.0132,9.8066,-0.0315,-0.0587,0.0434,-15.62,-33.5,24.69,335.73,-86.26,-169.9
52.380135,-1.516143,134.79,9.94,4,98.24,20 / 22,2691109,2019-09-06 20:04:56:852,-0.0236,-0.8944,9.6557,-0.012,-0.0061,9.8066,-0.0449,-0.029,-0.0167,-15.81,-33.37,24.31,337.64,-86.28,-167.01
52.380135,-1.516143,134.79,9.94,4,98.24,20 / 22,2691210,2019-09-06 20:04:56:953,1.0158,-0.7675,10.0036,0.0005,0.0062,9.8066,0.016,-0.0683,0.0201,-15.75,-33.25,23.94,337.71,-86.3,-166.96
52.380135,-1.516143,134.79,9.94,4,98.24,19 / 21,2691311,2019-09-06 20:04:57:054,1.1852,-0.8173,10.0775,0.0112,-0.008,9.8066,0.0211,-0.0138,-0.0272,-15.37,-33.06,24.38,338.89,-86.26,-167.49
52.380135,-1.516143,134.79,9.94,4,98.24,19 / 21,2691409,2019-09-06 20:04:57:152,1.6789,-0.2982,9.3751,0.0135,-0.0073,9.8066,-0.0258,0.0166,-0.0039,-15.75,-34.12,24.31,334.84,-86.02,-169.42
52.380135,-1.516143,134.79,9.94,4,98.24,19 / 21,2691510,2019-09-06 20:04:57:253,1.0634,-1.219,9.7078,0.0093,-0.0103,9.8066,-0.0834,0.045,-0.0635,-16.06,-33.94,25.06,335.2,-85.93,-170.17
52.380135,-1.516143,134.79,9.94,4,98.24,19 / 21,2691610,2019-09-06 20:04:57:353,1.5573,-0.0057,9.7013,0.0193,-0.0156,9.8066,0.0659,0.0571,0.0303,-16,-33.5,24.75,333.96,-85.79,-171.31
52.380135,-1.516143,134.79,9.94,4,98.24,19 / 21,2691710,2019-09-06 20:04:57:453,2.6394,-0.0548,9.9246,0.0029,0.0113,9.8066,-0.0642,0.019,-0.0909,-15.25,-33.69,25.06,335.14,-85.67,-171.71
52.380135,-1.516143,134.79,9.94,4,98.24,19 / 21,2691809,2019-09-06 20:04:57:552,1.8973,-2.1588,10.1326,0.0003,0.0175,9.8066,0.0509,0.0423,-0.0248,-16,-33.94,24.31,328.8,-85.8,-174.88
52.380135,-1.516143,134.79,9.94,4,98.24,19 / 21,2691910,2019-09-06 20:04:57:653,2.2632,0.0923,9.8136,0.0321,-0.0189,9.8065,-0.0286,0.0807,-0.0057,-16,-33.62,23.94,327.04,-85.65,-176.4
52.380135,-1.516143,134.79,9.94,4,98.24,19 / 21,2692009,2019-09-06 20:04:57:752,1.37,0.2922,10.4048,0.0145,-0.0053,9.8066,0.0366,0.1288,-0.0632,-15.62,-34.06,23.88,325.95,-85.7,-177.45
52.380135,-1.516143,134.79,9.94,4,98.24,19 / 21,2692110,2019-09-06 20:04:57:853,2.6212,0.0434,9.4258,0.0221,-0.0196,9.8065,-0.3655,0.0435,-0.0146,-15,-34.5,24,325.1,-85.57,-179.77
52.380135,-1.516143,134.79,9.94,4,98.24,19 / 21,2692209,2019-09-06 20:04:57:952,2.9615,-0.0079,9.7064,-0.0247,0.0335,9.8065,0.0559,0.1155,-0.0222,-16.37,-34,24.25,323.85,-86.43,-179.92
52.380135,-1.516143,134.79,9.94,4,98.24,19 / 21,2692310,2019-09-06 20:04:58:053,2.8491,0.0256,9.4112,0.0441,-0.0295,9.8064,0.1437,0.0514,-0.0138,-15.62,-33.75,24.38,324.14,-87.02,179.92
52.380135,-1.516143,134.79,9.94,4,98.24,18 / 20,2692409,2019-09-06 20:04:58:152,3.1259,0.7219,9.9481,0.022,-0.0074,9.8066,-0.3837,0.0584,-0.0023,-16.44,-34.19,22.88,318.2,-86.31,176.07
52.380135,-1.516143,134.79,9.94,4,98.24,18 / 20,2692510,2019-09-06 20:04:58:253,3.0091,0.0947,9.8421,-0.0067,0.0099,9.8066,0.0382,0.2313,-0.0426,-16.25,-33.69,23.25,319.59,-86.76,177.01
52.380135,-1.516143,134.79,9.94,4,98.24,18 / 20,2692610,2019-09-06 20:04:58:353,3.0895,0.0803,10.5448,0.0106,-0.0165,9.8066,0.0498,0.1646,-0.0823,-16.37,-33.94,23.13,319.19,-86.62,176.75
52.380135,-1.516143,134.79,9.94,4,98.24,18 / 20,2692710,2019-09-06 20:04:58:453,4.0309,1.6455,9.8947,0.0241,-0.0177,9.8066,0.1833,0.1242,-0.0538,-16.56,-34.25,23.19,315.95,-86.12,175.69
52.380135,-1.516143,134.79,9.94,4,98.24,18 / 20,2692809,2019-09-06 20:04:58:552,2.9937,0.832,9.8103,-0.0356,0.0289,9.8065,-0.1579,-0.0219,0.0386,-16.94,-33.87,22.56,316.52,-86.02,176.32
52.380135,-1.516143,134.79,9.94,4,98.24,18 / 20,2692910,2019-09-06 20:04:58:653,3.0207,1.3766,9.8215,0.0089,-0.0032,9.8065,-0.148,0.211,-0.0532,-16.94,-33.81,23.06,317.85,-86.42,177.23
52.380135,-1.516143,134.79,9.94,4,98.24,18 / 20,2693009,2019-09-06 20:04:58:752,2.8968,1.6742,9.9909,-0.004,0.0233,9.8066,-0.0617,0.1344,0.0369,-17.37,-34.31,21.94,312.31,-86.28,173.43
52.380135,-1.516143,134.79,9.94,4,98.24,18 / 20,2693110,2019-09-06 20:04:58:853,3.3302,1.7991,10.28,0.0335,-0.0393,9.8065,0.0893,0.2117,-0.0183,-17.81,-34.75,21.63,309.46,-86.33,172.3
52.380135,-1.516143,134.79,9.94,4,98.24,18 / 20,2693210,2019-09-06 20:04:58:953,3.2742,1.0831,9.8895,0.0087,-0.0113,9.8066,-0.0596,0.1549,0.0372,-17.37,-34.06,21.44,309.91,-86.23,172.6
52.380135,-1.516143,134.79,9.94,4,98.24,18 / 20,2693310,2019-09-06 20:04:59:053,4.2577,1.6254,9.4769,-0.0065,0.007,9.8066,-0.046,0.2955,-0.0662,-18.31,-34.06,20.88,308.35,-86.18,172.71
52.380135,-1.516143,134.79,9.94,4,98.24,19 / 21,2693410,2019-09-06 20:04:59:153,3.4465,2.0361,9.58,0.0055,0.0104,9.8066,-0.0196,0.2144,-0.0439,-18.56,-34.62,20.25,303.57,-86.16,171.23
52.380135,-1.516143,134.79,9.94,4,98.24,19 / 21,2693509,2019-09-06 20:04:59:252,1.7394,1.256,9.8121,-0.0013,0.0093,9.8066,-0.0209,0.2163,-0.0565,-18.25,-34.31,20.06,306.64,-86.14,172.61
52.380135,-1.516143,134.79,9.94,4,98.24,19 / 21,2693610,2019-09-06 20:04:59:353,3.2188,1.1027,8.5719,-0.0024,-0.0078,9.8066,-0.0524,0.2659,0.0152,-18.62,-34.87,19.31,301.27,-86.13,170.65
52.380135,-1.516143,134.79,9.94,4,98.24,19 / 21,2693710,2019-09-06 20:04:59:453,3.4918,0.8266,9.6389,-0.0055,-0.0091,9.8066,-0.0576,0.1537,0.0871,-18.75,-34,19.44,303.43,-86.23,172.47
52.380135,-1.516143,134.79,9.94,4,98.24,19 / 21,2693809,2019-09-06 20:04:59:552,2.6427,1.477,9.5183,-0.0045,-0.0127,9.8065,0.0381,0.096,0.0558,-19,-33.62,18.75,307.1,-86.34,175.86
52.380135,-1.516143,134.79,9.94,4,98.24,19 / 21,2693910,2019-09-06 20:04:59:653,2.1001,1.2973,10.2757,-0.0157,-0.0239,9.8066,-0.0237,0.1477,0.0248,-19.56,-33.62,18.88,311.76,-86.3,-178.31
52.380135,-1.516143,134.79,9.94,4,98.24,19 / 21,2694009,2019-09-06 20:04:59:752,1.687,1.0227,9.3419,-0.007,-0.035,9.8065,0.1484,0.083,0.0722,-19.94,-33.69,19.06,316.64,-86.09,-173.51
52.380135,-1.516143,134.79,9.94,4,98.24,19 / 21,2694109,2019-09-06 20:04:59:852,3.1782,0.0642,9.3722,-0.0294,0.0014,9.8065,0.0207,0.0764,0.0505,-20.75,-32.94,18.25,317.23,-85.79,-169.88
52.380135,-1.516143,134.79,9.94,4,98.24,19 / 21,2694210,2019-09-06 20:04:59:953,1.6403,-1.1349,10.4467,-0.0266,-0.0003,9.8065,-0.0919,0.1625,-0.0784,-20.87,-33.75,18.63,324.6,-85.94,-164.65
52.380135,-1.516143,134.79,9.94,4,98.24,19 / 21,2694309,2019-09-06 20:05:00:052,0.8507,-1.3765,9.9752,0.0067,0.0052,9.8066,0.0997,-0.0147,0.0947,-20.69,-34.12,18.5,324.23,-85.92,-164.97
52.380135,-1.516143,134.79,9.94,4,98.24,19 / 21,2694410,2019-09-06 20:05:00:153,2.3829,0.3745,9.7484,0.0373,-0.0303,9.8065,-0.0631,0.021,-0.1219,-20.31,-33.56,18.5,325.65,-85.83,-164.91
52.380135,-1.516143,134.79,9.94,4,98.24,19 / 21,2694509,2019-09-06 20:05:00:252,2.1974,1.1662,9.3522,0.0286,-0.0091,9.8066,-0.0344,0.1312,0.046,-20.25,-34,17.81,321.29,-85.52,-167.07
52.380135,-1.516143,134.79,9.94,4,98.24,19 / 21,2694609,2019-09-06 20:05:00:352,1.2041,0.3436,8.9351,0.0135,-0.0088,9.8065,-0.1147,0.0914,-0.0683,-20.69,-33.94,17.38,318.04,-85.66,-167.21
52.380135,-1.516143,134.79,9.94,4,98.24,19 / 21,2694710,2019-09-06 20:05:00:453,2.81,1.0295,8.6862,-0.0092,0.0066,9.8066,-0.049,0.0305,-0.0286,-20.56,-34.19,17.56,320.84,-85.62,-166.27
52.380135,-1.516143,134.79,9.94,4,98.24,19 / 21,2694810,2019-09-06 20:05:00:553,3.7606,-0.2346,8.9228,0.0227,-0.0074,9.8065,-0.0418,0.0611,0.0808,-20.19,-34.44,17.63,322.42,-85.63,-166.12
52.380135,-1.516143,134.79,9.94,4,98.24,19 / 21,2694910,2019-09-06 20:05:00:653,1.9574,1.1269,9.8323,0.0139,-0.0123,9.8066,0.0087,0.1322,-0.0811,-20.81,-34,17.75,321.42,-85.61,-165.73
52.380135,-1.516143,134.79,9.94,4,98.24,19 / 21,2695009,2019-09-06 20:05:00:752,0.9047,-0.3417,9.6776,0.0039,-0.009,9.8066,-0.0407,0.0764,-0.1533,-20.44,-34.06,17.38,319.99,-85.47,-166.51
52.380135,-1.516143,134.79,9.94,4,98.24,19 / 21,2695110,2019-09-06 20:05:00:853,1.2115,0.491,10.6975,0.0321,-0.0152,9.8065,-0.0579,0.0205,0.0642,-20.56,-34,18,319.53,-85.39,-167.3
52.380135,-1.516143,134.79,9.94,4,98.24,19 / 21,2695210,2019-09-06 20:05:00:953,2.8955,-1.2056,10.0792,0.0199,-0.042,9.8065,-0.0597,0.0401,0.0572,-21,-33.75,17.81,319.93,-84.96,-166.57
52.380135,-1.516143,134.79,9.94,4,98.24,19 / 21,2695310,2019-09-06 20:05:01:053,2.1112,-1.4078,9.746,0.0031,-0.0278,9.8065,-0.1071,0.0255,0.0184,-21.19,-34.06,17.88,322.16,-84.62,-164.26
52.380135,-1.516143,134.79,9.94,4,98.24,21 / 23,2695409,2019-09-06 20:05:01:152,0.8154,-0.4779,9.6157,-0.0364,0.0176,9.8065,0.0919,0.0244,0.0073,-21,-34.31,17.69,322.61,-84.55,-163.79
52.380135,-1.516143,134.79,9.94,4,98.24,21 / 23,2695510,2019-09-06 20:05:01:253,2.2735,-0.7229,8.8487,-0.0147,0.0138,9.8066,0.0726,0.0195,0.0094,-20.75,-33.81,17.75,323.64,-84.75,-163.01
52.380135,-1.516143,134.79,9.94,4,98.24,21 / 23,2695609,2019-09-06 20:05:01:352,1.2689,-1.2497,9.8132,0.0059,-0.0131,9.8066,-0.1484,0.0918,0.0038,-21.31,-33.94,17.81,324.48,-84.64,-162.17
52.380135,-1.516143,134.79,9.94,4,98.24,21 / 23,2695710,2019-09-06 20:05:01:453,1.3103,0.8785,10.2945,0.004,-0.0141,9.8066,-0.0594,0.0597,-0.0035,-20.81,-34.31,17.75,325.32,-84.49,-161.3
52.380135,-1.516143,134.79,9.94,4,98.24,21 / 23,2695809,2019-09-06 20:05:01:552,1.5139,-1.2455,10.2682,-0.04,0.0184,9.8065,0.1094,0.0759,-0.019,-20.87,-33.75,17.31,324.79,-84.69,-160.23
52.380135,-1.516143,134.79,9.94,4,98.24,21 / 23,2695910,2019-09-06 20:05:01:653,2.7485,-0.3064,9.5404,0.0175,-0.0165,9.8066,0.0434,-0.015,0.0322,-21.62,-33.62,17.63,326.5,-84.51,-159.05
52.380135,-1.516143,134.79,9.94,4,98.24,21 / 23,2696009,2019-09-06 20:05:01:752,1.8818,0.428,9.656,-0.0197,0.0024,9.8066,0.0129,-0.0494,0.0162,-21.62,-34.06,17.5,326.89,-84.38,-158.6
52.380135,-1.516143,134.79,9.94,4,98.24,21 / 23,2696110,2019-09-06 20:05:01:853,2.435,-0.0358,11.4138,0.0294,-0.0252,9.8065,0.0465,0.1435,0.0278,-21.37,-33.56,17.25,329.48,-84.45,-155.85
52.380135,-1.516143,134.79,9.94,4,98.24,21 / 23,2696209,2019-09-06 20:05:01:952,1.9862,-1.3907,10.3868,0.0379,0.0047,9.8065,0.0426,0.0613,-0.0852,-21.56,-33.37,17.19,325.44,-84.15,-158.17
52.380135,-1.516143,134.79,9.94,4,98.24,21 / 23,2696309,2019-09-06 20:05:02:052,2.3453,0.4079,9.534,0.0169,-0.0086,9.8066,-0.0781,-0.0442,0.004,-21.19,-33.69,17.13,324.19,-83.93,-160.18
52.380135,-1.516143,134.79,9.94,4,98.24,20 / 22,2696409,2019-09-06 20:05:02:152,1.487,-0.3293,9.4062,-0.0319,0.0072,9.8065,0.0295,-0.0062,0.0371,-21.94,-34,17.19,324.97,-84.17,-158.49
52.380135,-1.516143,134.79,9.94,4,98.24,20 / 22,2696509,2019-09-06 20:05:02:252,1.0162,-0.3603,9.5121,-0.0063,-0.0037,9.8066,0.0172,0.0042,0.0171,-21.37,-34.12,16.94,327.21,-84.17,-157.67
52.380135,-1.516143,134.79,9.94,4,98.24,20 / 22,2696610,2019-09-06 20:05:02:353,1.4543,-0.9574,9.5414,-0.0052,0.0044,9.8066,0.0883,-0.0041,-0.0047,-21.5,-34.12,16.81,327.6,-84.13,-157.29
52.380135,-1.516143,134.79,9.94,4,98.24,20 / 22,2696710,2019-09-06 20:05:02:453,1.9758,-1.4553,10.6563,0.0009,-0.0032,9.8066,0.1163,-0.0036,0.0182,-21.12,-33.94,17.56,329.14,-83.96,-157.51
52.380135,-1.516143,134.79,9.94,4,98.24,20 / 22,2696810,2019-09-06 20:05:02:553,1.0925,-1.1187,9.9966,0.0326,-0.0093,9.8065,-0.1308,-0.0501,-0.005,-21.31,-34.69,17.63,326.72,-83.74,-159.37
52.380135,-1.516143,134.79,9.94,4,98.24,20 / 22,2696910,2019-09-06 20:05:02:653,0.4346,0.0094,10.2438,0.0096,0.0083,9.8066,0.0281,-0.0277,-0.0591,-21.25,-34.5,17.5,326.77,-83.95,-159.6
52.380135,-1.516143,134.79,9.94,4,98.24,20 / 22,2697009,2019-09-06 20:05:02:752,1.0124,-0.4216,9.343,0.007,0.0016,9.8066,-0.0806,-0.0608,0.0097,-21.75,-34.31,17.5,324.66,-84.03,-160.35
52.380135,-1.516143,134.79,9.94,4,98.24,20 / 22,2697110,2019-09-06 20:05:02:853,0.445,-0.6108,9.3189,0.0057,-0.0003,9.8066,-0.075,-0.0099,0.0101,-21.75,-34.5,18,324.35,-84.02,-160.62
52.380135,-1.516143,134.79,9.94,4,98.24,20 / 22,2697209,2019-09-06 20:05:02:952,1.4435,-1.7337,9.2839,0.0027,0.0127,9.8066,-0.0198,0.0118,-0.0391,-21.69,-33.87,17.5,324.17,-84.03,-160.79
52.380135,-1.516143,134.79,9.94,4,98.24,20 / 22,2697311,2019-09-06 20:05:03:054,1.4852,-0.5391,9.998,0.0018,0.0006,9.8065,-0.0698,-0.0311,-0.0738,-21.19,-34.31,17.56,322.59,-84.13,-163.48
52.37964,-1.514523,132.2,19.32,4,105.58,20 / 22,2697410,2019-09-06 20:05:03:153,1.5797,0.2264,10.7165,0.0289,0.0104,9.8065,0.1347,-0.0215,0.0948,-21.25,-34.19,17.13,318,-84.04,-165.81
52.37964,-1.514523,132.2,19.32,4,105.58,20 / 22,2697509,2019-09-06 20:05:03:252,0.2065,-0.5952,10.527,-0.0101,-0.0099,9.8066,0.0838,0.0148,-0.0578,-20.12,-34.12,17.75,320.31,-83.75,-166.45
52.37964,-1.514523,132.2,19.32,4,105.58,20 / 22,2697610,2019-09-06 20:05:03:353,1.4335,-1.0616,10.0935,-0.0174,0.0158,9.8066,-0.099,-0.039,0.0047,-20.5,-33.87,18.5,321.04,-83.57,-167.32
52.37964,-1.514523,132.2,19.32,4,105.58,20 / 22,2697710,2019-09-06 20:05:03:453,1.5899,-1.0462,8.6329,0.0144,-0.0043,9.8066,-0.0735,-0.0166,-0.0414,-20.31,-33.81,18.63,321.25,-83.64,-167.2
52.37964,-1.514523,132.2,19.32,4,105.58,20 / 22,2697809,2019-09-06 20:05:03:552,0.9694,-1.2659,8.5408,0.0199,-0.0044,9.8065,-0.0858,0.0004,-0.0681,-20.62,-33.44,18.19,316.65,-83.7,-168.6
52.37964,-1.514523,132.2,19.32,4,105.58,20 / 22,2697910,2019-09-06 20:05:03:653,1.6647,0.215,8.657,-0.0319,0.0325,9.8065,0.0428,0.0275,0.0002,-21.12,-33.75,18.5,317.33,-84.05,-169.81
52.37964,-1.514523,132.2,19.32,4,105.58,20 / 22,2698009,2019-09-06 20:05:03:752,0.4761,0.3476,10.6794,-0.0051,-0.0006,9.8066,0.0977,-0.0343,0.0025,-21.87,-33.37,18.31,314.15,-83.88,-169.87
52.37964,-1.514523,132.2,19.32,4,105.58,20 / 22,2698109,2019-09-06 20:05:03:852,1.3806,-0.3593,10.4674,0.0234,-0.0033,9.8066,-0.0326,-0.0122,-0.0051,-22.25,-33.06,17.5,312.98,-83.5,-170.59
52.37964,-1.514523,132.2,19.32,4,105.58,20 / 22,2698209,2019-09-06 20:05:03:952,1.1146,-0.5281,10.3064,0.0155,-0.0107,9.8065,0.0399,-0.0139,0.0627,-21.62,-33.19,17.5,312.58,-83.4,-170.86
52.37964,-1.514523,132.2,19.32,4,105.58,20 / 22,2698310,2019-09-06 20:05:04:053,0.9805,-0.844,9.9601,-0.0154,0.0151,9.8065,0.0171,-0.0446,0.0035,-21.37,-33.56,16.88,312.16,-83.51,-170.58
52.37964,-1.514523,132.2,19.32,4,105.58,19 / 22,2698411,2019-09-06 20:05:04:154,0.7727,-0.4604,9.9444,0.0033,0.0037,9.8066,0.0534,-0.058,-0.0421,-20.87,-33.5,17.63,314.03,-83.55,-170.84
52.37964,-1.514523,132.2,19.32,4,105.58,19 / 22,2698510,2019-09-06 20:05:04:253,1.0256,-0.7392,9.8943,0.0114,0.0117,9.8066,0.1097,0.0016,0.0015,-20.69,-33.12,17.06,309.72,-83.36,-172.82
52.37964,-1.514523,132.2,19.32,4,105.58,19 / 22,2698609,2019-09-06 20:05:04:352,1.8075,-1.3903,10.0375,-0.0036,0.0192,9.8066,-0.1514,0.0137,0.0102,-20.5,-33.81,17.06,309.25,-83.31,-174.18
52.37964,-1.514523,132.2,19.32,4,105.58,19 / 22,2698710,2019-09-06 20:05:04:453,1.1718,-1.1904,9.2751,0.0286,-0.0091,9.8065,-0.1912,-0.0241,-0.0287,-19.25,-34.06,17,308.41,-83.19,-176.06
52.37964,-1.514523,132.2,19.32,4,105.58,19 / 22,2698809,2019-09-06 20:05:04:552,0.5744,-0.6365,8.2152,0.0224,-0.0018,9.8066,-0.0063,0.0062,-0.0319,-18.06,-34.19,17.63,311,-83.4,-177.13
52.37964,-1.514523,132.2,19.32,4,105.58,19 / 22,2698910,2019-09-06 20:05:04:653,0.5429,0.6464,9.4468,-0.0106,0.0174,9.8066,-0.0791,0.0426,0.0031,-18.56,-34.56,17.81,307.8,-83.72,-178.83
52.37964,-1.514523,132.2,19.32,4,105.58,19 / 22,2699009,2019-09-06 20:05:04:752,1.5121,0.5459,9.0936,0.0067,-0.0123,9.8066,0.2019,0.0131,0.102,-19.87,-33.31,17.81,306.59,-83.73,-179.03
52.37964,-1.514523,132.2,19.32,4,105.58,19 / 22,2699110,2019-09-06 20:05:04:853,0.403,-1.6255,11.0349,-0.0415,-0.0136,9.8065,0.2573,-0.026,0.0845,-20.62,-33.81,17.94,309.83,-83.6,-174.53
52.37964,-1.514523,132.2,19.32,4,105.58,19 / 22,2699209,2019-09-06 20:05:04:952,0.8083,-1.6836,11.6773,-0.0157,-0.0108,9.8066,-0.106,0.0051,-0.0419,-21.06,-33.12,18.25,312.44,-83.29,-172.04
52.37964,-1.514523,132.2,19.32,4,105.58,19 / 22,2699309,2019-09-06 20:05:05:052,1.0272,-1.7377,10.5349,0.0361,0.0031,9.8065,-0.047,-0.0077,0.0198,-20.81,-33.37,17.69,310.76,-82.99,-173.26
52.37964,-1.514523,132.2,19.32,4,105.58,18 / 22,2699409,2019-09-06 20:05:05:152,0.6809,-0.3393,8.6898,-0.0003,0.0456,9.8065,-0.0649,-0.018,-0.0333,-20.25,-33.69,17.25,308.22,-83.16,-174.95
52.37964,-1.514523,132.2,19.32,4,105.58,18 / 22,2699510,2019-09-06 20:05:05:253,0.9023,-0.4297,9.1849,0.0105,-0.0079,9.8066,-0.0745,0.0455,0.0149,-20.37,-33.56,17.19,307.31,-83.32,-175.95
52.37964,-1.514523,132.2,19.32,4,105.58,18 / 22,2699609,2019-09-06 20:05:05:352,0.9393,0.0541,9.5907,0.0276,-0.0213,9.8065,-0.0199,0.0687,0.0053,-20.37,-33.81,18.25,309.17,-83.31,-176.04
52.37964,-1.514523,132.2,19.32,4,105.58,18 / 22,2699710,2019-09-06 20:05:05:453,1.6227,-0.3986,10.0852,-0.0136,0.0115,9.8066,0.0844,0.0364,0.0158,-21.06,-33.69,17.56,308.06,-83.33,-175.87
52.37964,-1.514523,132.2,19.32,4,105.58,18 / 22,2699810,2019-09-06 20:05:05:553,1.3658,-0.8079,10.6787,-0.0174,0.0049,9.8066,0.1832,-0.011,0.0578,-20.81,-33.81,17.69,308.03,-83.22,-175.79
52.37964,-1.514523,132.2,19.32,4,105.58,18 / 22,2699910,2019-09-06 20:05:05:653,1.7615,-0.7141,10.2041,0.018,-0.0157,9.8065,-0.1293,-0.0086,0.0216,-20.94,-33.31,17.38,306.02,-83.12,-175.94
52.37964,-1.514523,132.2,19.32,4,105.58,18 / 22,2700010,2019-09-06 20:05:05:753,0.94,-0.5085,9.9453,-0.0088,-0.001,9.8066,-0.0082,0.0057,-0.0398,-20.75,-33.19,17.5,308.48,-83.04,-175.39
52.37964,-1.514523,132.2,19.32,4,105.58,18 / 22,2700109,2019-09-06 20:05:05:852,0.7721,0.1181,9.4051,0.0104,-0.0069,9.8066,0.0307,-0.0485,-0.052,-20.5,-33.31,17.44,308.28,-83.03,-174.97
52.37964,-1.514523,132.2,19.32,4,105.58,18 / 22,2700210,2019-09-06 20:05:05:953,0.3156,0.1165,9.2997,0.0308,-0.0063,9.8065,-0.0173,-0.0138,-0.069,-20.56,-33.44,17.44,305.58,-83.01,-176.23
52.37964,-1.514523,132.2,19.32,4,105.58,18 / 22,2700310,2019-09-06 20:05:06:053,1.7947,-0.1032,9.8918,-0.0227,0.0371,9.8065,0.0589,0.002,-0.0029,-20.06,-33.69,17.94,306.52,-83.11,-178.24
52.37964,-1.514523,132.2,19.32,4,105.58,20 / 22,2700409,2019-09-06 20:05:06:152,0.7898,-0.2648,10.7932,-0.0213,0.0173,9.8066,0.0732,0.0198,0.0335,-20.19,-33.5,17.69,306.07,-83.05,-178.79
52.37964,-1.514523,132.2,19.32,4,105.58,20 / 22,2700509,2019-09-06 20:05:06:252,-0.4078,-0.7177,11.1082,0.0183,-0.0207,9.8065,-0.185,0.138,-0.0168,-20.31,-32.94,17.69,307.57,-83.12,-177.5
52.37964,-1.514523,132.2,19.32,4,105.58,20 / 22,2700609,2019-09-06 20:05:06:352,0.5315,-0.0979,9.2807,0.0122,-0.0176,9.8066,-0.1794,0.0116,0.0598,-20.5,-33.12,17.38,305.79,-82.95,-177.14
52.37964,-1.514523,132.2,19.32,4,105.58,20 / 22,2700709,2019-09-06 20:05:06:452,0.4964,0.8943,9.4674,0.0026,0.0103,9.8066,0.1127,-0.0163,0.002,-20.25,-32.87,16.88,304.34,-83.06,-178.59
52.37964,-1.514523,132.2,19.32,4,105.58,20 / 22,2700809,2019-09-06 20:05:06:552,-0.7037,1.2693,9.5825,0.006,0.0087,9.8066,0.139,0.0381,-0.0108,-19.37,-33.19,16.69,304.93,-83.01,-179.23
52.37964,-1.514523,132.2,19.32,4,105.58,20 / 22,2700909,2019-09-06 20:05:06:652,0.1707,0.7383,9.8666,-0.0174,0.0112,9.8066,-0.0415,0.03,0.0013,-19.69,-33.31,17.44,303.37,-83.09,-179.5
52.37964,-1.514523,132.2,19.32,4,105.58,20 / 22,2701009,2019-09-06 20:05:06:752,-0.6247,1.0675,9.9649,-0.0121,0.0051,9.8066,-0.0836,0.0071,-0.0022,-20.19,-33.75,17.81,305.18,-83.07,-179.41
52.37964,-1.514523,132.2,19.32,4,105.58,20 / 22,2701110,2019-09-06 20:05:06:853,-0.3699,1.6203,9.849,0.0139,-0.0134,9.8066,0.0254,0.0036,0.0664,-20.44,-33.87,17.56,305.55,-83.02,-179.02
52.37964,-1.514523,132.2,19.32,4,105.58,20 / 22,2701209,2019-09-06 20:05:06:952,-0.1503,1.5691,9.7067,0.0256,-0.0199,9.8066,-0.0468,0.009,-0.0191,-21.31,-33.44,17.69,304.86,-82.75,-178.4
52.37964,-1.514523,132.2,19.32,4,105.58,20 / 22,2701310,2019-09-06 20:05:07:053,-0.2076,-0.269,10.0438,-0.0316,0.0189,9.8065,0.0949,0.0156,0.063,-21.12,-33.81,17.13,301.93,-82.84,-179.17
52.37964,-1.514523,132.2,19.32,4,105.58,20 / 22,2701409,2019-09-06 20:05:07:152,-0.1084,-0.5053,9.6863,-0.0304,0.0191,9.8065,0.0389,0.0074,0.0068,-21.31,-33.87,16.88,302.17,-82.88,-178.99
52.37964,-1.514523,132.2,19.32,4,105.58,20 / 22,2701509,2019-09-06 20:05:07:252,-0.3547,-0.162,9.5674,0.0326,-0.0147,9.8065,-0.1043,0.0286,0.0078,-20.56,-34.06,16.25,299.92,-82.8,-179.09
52.37964,-1.514523,132.2,19.32,4,105.58,20 / 22,2701609,2019-09-06 20:05:07:352,-0.3377,0.985,9.443,0.0309,-0.0213,9.8066,-0.0034,-0.0083,-0.025,-20.31,-33.56,17,302.88,-82.83,-179.44
52.37964,-1.514523,132.2,19.32,4,105.58,20 / 22,2701710,2019-09-06 20:05:07:453,-0.651,1.3102,9.4625,-0.014,0.0204,9.8065,-0.0429,-0.0098,-0.0102,-20.31,-34.06,17.13,302.68,-82.67,-179.42
52.37964,-1.514523,132.2,19.32,4,105.58,20 / 22,2701809,2019-09-06 20:05:07:552,-0.3753,0.4789,9.9603,0.0006,0.0045,9.8066,0.0813,0.0402,-0.0068,-21,-33.5,17.19,300.96,-82.64,179.95
52.37964,-1.514523,132.2,19.32,4,105.58,20 / 22,2701910,2019-09-06 20:05:07:653,-0.2822,0.6925,9.8193,0.0002,-0.002,9.8066,0.0645,0.0674,0.0455,-21.56,-33.69,17,299.19,-82.55,179.72
52.37964,-1.514523,132.2,19.32,4,105.58,20 / 22,2702010,2019-09-06 20:05:07:753,-0.625,-0.6903,9.7852,-0.0096,-0.0051,9.8065,-0.0459,0.1072,-0.0377,-21.62,-33.69,16.75,299.57,-82.6,-180
52.37964,-1.514523,132.2,19.32,4,105.58,20 / 22,2702109,2019-09-06 20:05:07:852,-0.3091,0.8179,9.8377,0.0076,-0.0037,9.8066,-0.0063,-0.0039,0.0163,-20.81,-34.06,15.75,299.07,-82.73,-179.79
52.37964,-1.514523,132.2,19.32,4,105.58,20 / 22,2702209,2019-09-06 20:05:07:952,-0.2045,1.5306,10.4209,0.0355,-0.0184,9.8065,-0.0129,-0.0049,0.043,-20.62,-34.19,16.06,299.16,-82.67,-179.64
52.37964,-1.514523,132.2,19.32,4,105.58,20 / 22,2702309,2019-09-06 20:05:08:052,-1.103,1.4177,9.8472,-0.0174,0.0115,9.8066,0.0997,0.0205,0.09,-20.31,-34.56,16.13,299.61,-82.61,-179.99
52.37964,-1.514523,132.2,19.32,4,105.58,20 / 22,2702409,2019-09-06 20:05:08:152,-0.8846,-0.6395,10.0331,-0.0052,-0.0189,9.8065,-0.0071,0.0168,-0.0489,-20.12,-34.19,16.13,301.36,-82.59,-178.62
52.37964,-1.514523,132.2,19.32,4,105.58,20 / 22,2702510,2019-09-06 20:05:08:253,-1.0209,0.2564,10.6198,0.0023,-0.0039,9.8066,0.1279,0.0341,0.0134,-20.12,-34.37,15.81,302.07,-82.56,-177.95
52.37964,-1.514523,132.2,19.32,4,105.58,20 / 22,2702609,2019-09-06 20:05:08:352,0.4485,0.3138,9.271,0.0165,-0.021,9.8066,-0.0861,0.0213,-0.0891,-20.12,-34.25,16.38,302.33,-82.41,-177.53
52.37964,-1.514523,132.2,19.32,4,105.58,20 / 22,2702709,2019-09-06 20:05:08:452,-1.3305,0.105,9.3749,-0.003,0.0127,9.8066,-0.0738,-0.0621,0.0544,-19.75,-34.37,17.5,306.57,-82.44,-177.46
52.37964,-1.514523,132.2,19.32,4,105.58,20 / 22,2702809,2019-09-06 20:05:08:552,-0.5426,0.1067,9.4288,-0.0007,-0.0034,9.8066,0.0272,-0.0305,-0.0112,-20.75,-34.69,16.94,303.25,-82.4,-177.22
52.37964,-1.514523,132.2,19.32,4,105.58,20 / 22,2702910,2019-09-06 20:05:08:653,0.4061,-0.6366,8.9359,-0.0285,0.0148,9.8065,0.1621,-0.0151,0.0842,-21,-35.06,16.56,303.5,-82.46,-177.07
52.37964,-1.514523,132.2,19.32,4,105.58,20 / 22,2703009,2019-09-06 20:05:08:752,-1.1754,-0.6179,9.5276,-0.0021,-0.0119,9.8066,-0.0721,0.0614,-0.0727,-21.25,-35,16.63,304.83,-82.59,-176.01
52.37964,-1.514523,132.2,19.32,4,105.58,20 / 22,2703109,2019-09-06 20:05:08:852,0.0393,-0.3794,9.9463,0.0216,-0.0027,9.8066,-0.0018,-0.0049,0.1083,-21.56,-34.75,16.88,302.8,-82.44,-176.61
52.37964,-1.514523,132.2,19.32,4,105.58,20 / 22,2703210,2019-09-06 20:05:08:953,-0.706,-0.4709,9.7087,0.0369,-0.039,9.8064,0.0004,-0.0793,-0.0503,-21.44,-33.94,16.38,302.49,-82.27,-176.12
52.37964,-1.514523,132.2,19.32,4,105.58,20 / 22,2703310,2019-09-06 20:05:09:053,-0.009,-0.0306,9.1956,-0.03,0.0221,9.8065,0.0112,0.0246,-0.0195,-21.06,-34.25,17,305.05,-82.43,-175.85
52.37964,-1.514523,132.2,19.32,4,105.58,18 / 22,2703409,2019-09-06 20:05:09:152,-0.0097,-1.5973,8.8264,-0.0246,0.0191,9.8065,0.0551,-0.0443,-0.0563,-21.44,-34.12,16.94,304.83,-82.53,-176.18
52.37964,-1.514523,132.2,19.32,4,105.58,18 / 22,2703509,2019-09-06 20:05:09:252,-0.3707,0.2567,10.4967,0.006,0.0018,9.8066,0.084,0.0064,0.0004,-21.19,-34.19,16.56,305.72,-82.46,-175.29
52.37964,-1.514523,132.2,19.32,4,105.58,18 / 22,2703609,2019-09-06 20:05:09:352,-0.6212,-0.6666,9.9414,-0.0043,0.0049,9.8066,-0.0748,0.0353,-0.0543,-21.12,-33.94,17.13,304.73,-82.47,-176.19
52.37964,-1.514523,132.2,19.32,4,105.58,18 / 22,2703710,2019-09-06 20:05:09:453,-0.3577,-0.7859,9.5325,0.0231,-0.0067,9.8065,-0.1428,0.0534,-0.0022,-21.19,-34.44,17.13,304.72,-82.17,-175.87
52.37964,-1.514523,132.2,19.32,4,105.58,18 / 22,2703809,2019-09-06 20:05:09:552,-0.6426,0.4984,10.0534,0.0227,-0.0148,9.8066,0.1353,0.0104,0.0222,-21.37,-34.06,16.94,304.31,-82.17,-176.24
52.37964,-1.514523,132.2,19.32,4,105.58,18 / 22,2703909,2019-09-06 20:05:09:652,-0.4106,-0.7158,9.6848,-0.0243,0.0166,9.8066,0.053,-0.0536,-0.0088,-21.31,-34,17.19,305.3,-82.37,-175.56
52.37964,-1.514523,132.2,19.32,4,105.58,18 / 22,2704009,2019-09-06 20:05:09:752,0.0751,-0.569,9.4591,-0.0244,0.0219,9.8066,0.0051,-0.0305,0.0249,-21.56,-34.19,17.25,303.97,-82.51,-175.85
52.37964,-1.514523,132.2,19.32,4,105.58,18 / 22,2704109,2019-09-06 20:05:09:852,-0.1372,-0.1789,9.9449,0.0136,-0.0133,9.8066,-0.0023,-0.0024,-0.0579,-21.19,-33.75,17.44,305.02,-82.41,-175.87
52.37964,-1.514523,132.2,19.32,4,105.58,18 / 22,2704210,2019-09-06 20:05:09:953,0.0883,-0.1173,9.8025,0.0138,-0.0005,9.8066,0.0159,-0.0716,0.0056,-21.12,-34.25,17.19,304.31,-82.31,-176.4
52.37964,-1.514523,132.2,19.32,4,105.58,18 / 22,2704309,2019-09-06 20:05:10:052,0.0071,-0.0602,9.6523,-0.0025,0.0014,9.8066,-0.0814,0.0659,-0.0761,-21.25,-33.94,16.5,303.52,-82.28,-177.07
52.37964,-1.514523,132.2,19.32,4,105.58,19 / 21,2704409,2019-09-06 20:05:10:152,0.3524,0.5075,10.6188,0.0038,0.0173,9.8066,0.0878,-0.0994,0.0671,-20.62,-34.31,16.88,302.46,-82.28,-178.05
52.37964,-1.514523,132.2,19.32,4,105.58,19 / 21,2704510,2019-09-06 20:05:10:253,-0.0716,-0.0421,10.2746,-0.0032,-0.0061,9.8066,-0.0089,0.0043,-0.0944,-20.81,-34.81,16.94,303.18,-82.24,-177.09
52.37964,-1.514523,132.2,19.32,4,105.58,19 / 21,2704609,2019-09-06 20:05:10:352,-0.3286,-0.7008,9.6772,-0.0206,0.0267,9.8065,-0.0889,-0.0024,0.0958,-20.87,-34.5,17.19,302.73,-82.39,-177.93
52.37964,-1.514523,132.2,19.32,4,105.58,19 / 21,2704709,2019-09-06 20:05:10:452,-0.6194,0.4574,9.8593,0.0194,-0.0191,9.8065,-0.1779,0.0208,-0.0923,-20.81,-34.37,17.13,302.86,-82.52,-177.95
52.37964,-1.514523,132.2,19.32,4,105.58,19 / 21,2704809,2019-09-06 20:05:10:552,-0.4033,1.0953,10.2261,-0.0153,0.028,9.8065,0.1226,-0.0685,0.0983,-21.19,-34.44,17.88,304.3,-82.4,-178.3
52.37964,-1.514523,132.2,19.32,4,105.58,19 / 21,2704911,2019-09-06 20:05:10:654,-1.6963,1.5164,10.4108,-0.0105,0.0054,9.8066,0.0713,-0.0175,-0.0518,-21.56,-34.37,17.63,302.5,-82.49,-178.95
52.37964,-1.514523,132.2,19.32,4,105.58,19 / 21,2705010,2019-09-06 20:05:10:753,0.2571,-0.4808,10.0017,-0.0174,0.019,9.8066,0.0067,-0.0333,-0.0277,-20.5,-34.44,17.5,304.82,-82.37,-178.96
52.37964,-1.514523,132.2,19.32,4,105.58,19 / 21,2705110,2019-09-06 20:05:10:853,0.0058,-0.8682,9.5636,0.0105,-0.0114,9.8065,0.0194,0.0037,0.0383,-20.94,-33.69,17.75,303.5,-82.28,-178.9
52.37964,-1.514523,132.2,19.32,4,105.58,19 / 21,2705210,2019-09-06 20:05:10:953,0.3772,-0.8873,9.262,0.0083,-0.007,9.8066,-0.0275,-0.0637,-0.0315,-21.19,-33.81,17.25,301.74,-82.33,-178.75
52.37964,-1.514523,132.2,19.32,4,105.58,19 / 21,2705309,2019-09-06 20:05:11:052,-0.7747,-0.416,9.824,-0.0142,0.0119,9.8066,-0.0506,0.0393,-0.038,-20.69,-34,17.44,302.09,-82.32,-178.42
52.37964,-1.514523,132.2,19.32,4,105.58,18 / 21,2705410,2019-09-06 20:05:11:153,-1.4548,0.2054,10.0208,0.0057,0.0014,9.8066,0.0964,0.0244,0.007,-20.87,-34.31,16.69,301.66,-82.43,-178.94
52.37964,-1.514523,132.2,19.32,4,105.58,18 / 21,2705509,2019-09-06 20:05:11:252,-0.5898,0.0797,9.8785,-0.0015,0.0039,9.8066,0.0159,-0.0743,0.0026,-21.19,-34.19,17.63,304.15,-82.45,-178.48
52.37964,-1.514523,132.2,19.32,4,105.58,18 / 21,2705610,2019-09-06 20:05:11:353,-0.1246,-1.0372,9.6067,-0.006,0.0105,9.8066,-0.0833,0.0233,-0.0336,-20.62,-34,17.63,304.05,-82.48,-178.62
52.37964,-1.514523,132.2,19.32,4,105.58,18 / 21,2705709,2019-09-06 20:05:11:452,-0.2736,-0.3965,10.2692,0.0377,-0.0102,9.8066,-0.0411,-0.0475,0.0084,-20.69,-34.19,17.06,300.79,-82.58,-179.92
52.37964,-1.514523,132.2,19.32,4,105.58,18 / 21,2705810,2019-09-06 20:05:11:553,-0.0209,1.2192,9.657,0.0177,-0.0073,9.8066,0.0274,-0.0902,0.0155,-20.5,-33.94,17,300.96,-82.39,179.34
52.37964,-1.514523,132.2,19.32,4,105.58,18 / 21,2705910,2019-09-06 20:05:11:653,0.5299,-0.6239,9.7269,-0.0329,0.0177,9.8065,0.1273,-0.061,0.0593,-20.62,-34.12,16.81,299.71,-82.45,179.24
52.37964,-1.514523,132.2,19.32,4,105.58,18 / 21,2706009,2019-09-06 20:05:11:752,-0.1418,0.0573,9.3395,-0.026,-0.005,9.8065,-0.0515,-0.068,0.0236,-21,-33.69,17.81,303.17,-82.41,-179.34
52.37964,-1.514523,132.2,19.32,4,105.58,18 / 21,2706110,2019-09-06 20:05:11:853,-0.3055,-0.7333,9.5683,-0.0295,0.0107,9.8066,0.0697,0.0255,-0.0187,-21.37,-33.87,16.63,302.66,-82.65,-178.27
52.37964,-1.514523,132.2,19.32,4,105.58,18 / 21,2706210,2019-09-06 20:05:11:953,-0.3038,0.3771,10.0325,-0.0219,0.0213,9.8065,-0.0684,0.0472,-0.0596,-20.75,-33.94,16.69,302.13,-82.76,-178.9
52.37964,-1.514523,132.2,19.32,4,105.58,18 / 21,2706310,2019-09-06 20:05:12:053,0.1884,0.2873,10.0296,0.0318,-0.0096,9.8065,-0.0689,0.0347,-0.0299,-20.75,-34.25,16.94,301.39,-82.72,-179.52
52.379234,-1.511767,130.69,21.76,3,104.71,20 / 22,2706410,2019-09-06 20:05:12:153,0.0224,0.374,9.6734,0.029,-0.0248,9.8065,0.094,0.0046,0.0241,-20.62,-34.12,17.63,302.25,-82.33,179.92
52.379234,-1.511767,130.69,21.76,3,104.71,20 / 22,2706509,2019-09-06 20:05:12:252,0.5967,-0.6637,9.955,-0.025,0.0096,9.8065,0.0935,-0.0174,0.0181,-21.19,-33.94,17.13,301.35,-82.49,-179.29
52.379234,-1.511767,130.69,21.76,3,104.71,20 / 22,2706610,2019-09-06 20:05:12:353,-0.2419,0.1046,9.8299,-0.012,-0.0018,9.8066,-0.064,-0.0117,-0.0218,-20.56,-33.87,18.19,304.1,-82.49,-178.58
52.379234,-1.511767,130.69,21.76,3,104.71,20 / 22,2706711,2019-09-06 20:05:12:454,0.4585,-0.9907,9.6151,0.0086,-0.0101,9.8066,-0.0629,0.0053,0.0257,-20.5,-33.81,17.19,303.98,-82.48,-178.03
52.379234,-1.511767,130.69,21.76,3,104.71,20 / 22,2706810,2019-09-06 20:05:12:553,0.7341,-0.3824,8.8745,0.0212,-0.0158,9.8066,-0.0532,0.0081,0.0119,-20.87,-34,17.44,302.83,-82.45,-177.9
52.379234,-1.511767,130.69,21.76,3,104.71,20 / 22,2706910,2019-09-06 20:05:12:653,0.9589,0.2882,9.4061,0.0032,-0.0016,9.8066,-0.0486,0.014,0.0054,-20.87,-33.75,17.06,302.32,-82.56,-178.49
52.379234,-1.511767,130.69,21.76,3,104.71,20 / 22,2707010,2019-09-06 20:05:12:753,-0.7909,0.2898,9.9845,0.0039,0.0005,9.8066,0.0617,-0.0265,0.0249,-20.5,-33.81,18,305.67,-82.6,-178.45
52.379234,-1.511767,130.69,21.76,3,104.71,20 / 22,2707109,2019-09-06 20:05:12:852,0.2225,-0.2324,10.257,-0.0013,0.0052,9.8066,0.0569,-0.0216,-0.0293,-20.94,-34.44,16.31,300.51,-82.57,-178.28
52.379234,-1.511767,130.69,21.76,3,104.71,20 / 22,2707210,2019-09-06 20:05:12:953,-0.3733,0.1202,10.3089,0.0106,-0.0017,9.8066,-0.0254,0.0209,-0.0283,-20.56,-38.06,15.81,298.69,-82.6,-178.99
52.379234,-1.511767,130.69,21.76,3,104.71,20 / 22,2707309,2019-09-06 20:05:13:052,-0.9376,0.1336,10.6453,0.0093,0.0036,9.8066,0.0607,0.0174,-0.0213,-20.81,-40.69,17.44,299.06,-82.53,-179.72
52.379234,-1.511767,130.69,21.76,3,104.71,18 / 20,2707410,2019-09-06 20:05:13:153,-0.3697,-0.1312,10.2122,-0.002,0.001,9.8066,0.0965,0.01,0.0667,-20.62,-38.56,18.88,303.19,-82.43,-179.92
52.379234,-1.511767,130.69,21.76,3,104.71,18 / 20,2707509,2019-09-06 20:05:13:252,0.3012,0.4547,9.5368,-0.0191,0.0084,9.8066,-0.0237,0.0015,-0.0312,-20.87,-38.44,16.56,299.85,-82.43,-179.61
52.379234,-1.511767,130.69,21.76,3,104.71,18 / 20,2707610,2019-09-06 20:05:13:353,-0.1699,-0.4967,9.3002,-0.0152,0.0071,9.8065,-0.0311,0.0104,-0.0194,-20.06,-39.31,18.81,305.55,-82.66,-179.26
52.379234,-1.511767,130.69,21.76,3,104.71,18 / 20,2707709,2019-09-06 20:05:13:452,-0.1458,0.0231,9.4863,-0.0179,0.0159,9.8066,0.0245,-0.0019,0.0192,-20.75,-34.81,19.19,305.24,-82.87,-179.45
52.379234,-1.511767,130.69,21.76,3,104.71,18 / 20,2707810,2019-09-06 20:05:13:553,0.0317,0.1983,9.4243,0.0335,-0.011,9.8065,-0.0653,-0.0076,-0.0434,-21.19,-35,15.88,299.02,-82.95,-179.88
52.379234,-1.511767,130.69,21.76,3,104.71,18 / 20,2707910,2019-09-06 20:05:13:653,-1.2681,-0.6189,9.8599,0.0533,-0.0293,9.8064,0.0043,0.0243,0.0118,-20.25,-38.5,16.25,298.2,-82.6,179.51
52.379234,-1.511767,130.69,21.76,3,104.71,18 / 20,2708009,2019-09-06 20:05:13:752,0.4056,-0.6174,10.2254,-0.0334,0.0245,9.8065,0.0468,-0.0013,-0.0616,-20.81,-38.37,16.63,299.73,-82.71,179.91
52.379234,-1.511767,130.69,21.76,3,104.71,18 / 20,2708109,2019-09-06 20:05:13:852,-0.484,-1.2869,9.828,-0.0425,0.0131,9.8065,-0.0235,-0.0727,0.0689,-20.19,-38.5,17.44,301.6,-82.76,-179.57
52.379234,-1.511767,130.69,21.76,3,104.71,18 / 20,2708210,2019-09-06 20:05:13:953,0.6224,-0.0221,10.3243,0.0141,-0.005,9.8066,0.062,-0.0204,-0.0071,-20.19,-38,17,301.44,-82.73,-179.67
52.379234,-1.511767,130.69,21.76,3,104.71,18 / 20,2708310,2019-09-06 20:05:14:053,-0.6276,-0.1138,10.4425,0.012,-0.0083,9.8066,-0.0414,0.0417,-0.0189,-20.12,-39.56,17.13,301.19,-82.71,-179.38
52.379234,-1.511767,130.69,21.76,3,104.71,18 / 22,2708410,2019-09-06 20:05:14:153,-0.8964,0.4016,9.4698,0.0086,-0.0114,9.8066,0.0562,-0.0041,0.015,-19.94,-38.56,18,304.21,-82.68,-178.72
52.379234,-1.511767,130.69,21.76,3,104.71,18 / 22,2708510,2019-09-06 20:05:14:253,-0.404,-0.2865,9.2264,-0.0149,0.0204,9.8065,0.0119,-0.0276,-0.004,-19.69,-39.31,17.25,302.15,-82.65,-178.68
52.379234,-1.511767,130.69,21.76,3,104.71,18 / 22,2708609,2019-09-06 20:05:14:352,0.5395,0.3328,9.7221,-0.0069,0.0126,9.8066,-0.0445,-0.0477,0,-19.25,-39.69,17,302.05,-82.89,179.96
52.379234,-1.511767,130.69,21.76,3,104.71,18 / 22,2708709,2019-09-06 20:05:14:452,0.7389,0.4937,9.9883,0.0102,0.0034,9.8066,-0.0128,0.04,-0.0149,-19.56,-37.12,20.25,306.88,-82.91,179.55
52.379234,-1.511767,130.69,21.76,3,104.71,18 / 22,2708810,2019-09-06 20:05:14:553,-0.8455,-0.8764,9.9468,0.028,-0.0117,9.8066,-0.069,0.0579,-0.0997,-21.06,-34.06,18.5,304.47,-82.9,179.6
52.379234,-1.511767,130.69,21.76,3,104.71,18 / 22,2708909,2019-09-06 20:05:14:652,-0.7843,0.1084,9.8196,0.0302,-0.0199,9.8065,-0.0107,-0.0629,0.0693,-19.69,-37.5,16.13,298.13,-82.64,179.12
52.379234,-1.511767,130.69,21.76,3,104.71,18 / 22,2709010,2019-09-06 20:05:14:753,0.1027,-0.8937,9.9871,-0.0291,0.0262,9.8066,0.0468,0.0179,-0.0333,-19.5,-39.44,16.19,297.97,-82.79,178.15
52.379234,-1.511767,130.69,21.76,3,104.71,18 / 22,2709109,2019-09-06 20:05:14:852,0.6021,-0.5143,10.0497,-0.04,0.0121,9.8065,0.1674,-0.0367,0.0465,-19.12,-38.75,17.75,303.31,-82.91,178.95
52.379234,-1.511767,130.69,21.76,3,104.71,18 / 22,2709210,2019-09-06 20:05:14:953,0.0299,-0.25,9.857,0.0267,-0.0263,9.8065,-0.0467,0.0348,-0.0145,-19.62,-35.06,18.88,305.09,-82.69,179.42
52.379234,-1.511767,130.69,21.76,3,104.71,18 / 22,2709309,2019-09-06 20:05:15:052,-0.5746,-0.3649,9.1681,0.0108,-0.0225,9.8065,-0.0398,-0.0413,0.0824,-20.75,-34.19,17.75,303.1,-82.71,-179.74
52.379234,-1.511767,130.69,21.76,3,104.71,18 / 21,2709410,2019-09-06 20:05:15:153,0.204,0.0726,9.2536,-0.0223,0.0085,9.8066,0.0279,-0.046,0.0023,-20.94,-34.25,17.94,303.47,-82.79,-179.48
52.379234,-1.511767,130.69,21.76,3,104.71,18 / 21,2709510,2019-09-06 20:05:15:253,-0.0114,-0.3237,9.3737,-0.0046,0.0007,9.8066,-0.0845,0.0162,-0.0166,-20.44,-33.75,17.88,305.56,-82.9,-178.89
52.379234,-1.511767,130.69,21.76,3,104.71,18 / 21,2709609,2019-09-06 20:05:15:352,-0.1855,-0.2971,9.5218,-0.0205,0.0138,9.8065,-0.014,0.0034,0.0499,-18.81,-33.94,16.56,305.44,-82.97,-178.5
52.379234,-1.511767,130.69,21.76,3,104.71,18 / 21,2709709,2019-09-06 20:05:15:452,-0.3767,-0.2217,10.2127,-0.001,0.0109,9.8066,-0.0479,-0.0121,-0.0642,-16.19,-39.94,12.75,297.56,-82.96,-179.1
52.379234,-1.511767,130.69,21.76,3,104.71,18 / 21,2709810,2019-09-06 20:05:15:553,0.475,-0.3775,10.0707,0.0268,-0.0201,9.8066,-0.0453,0.0108,0.0095,-13.69,-46.19,15.38,304.06,-82.74,-179.05
52.379234,-1.511767,130.69,21.76,3,104.71,18 / 21,2709909,2019-09-06 20:05:15:652,-0.2361,0.1856,9.7277,0.0396,-0.0274,9.8064,-0.0296,0.0143,-0.0067,-13.12,-45.5,16.31,308.83,-82.64,-179.21
52.379234,-1.511767,130.69,21.76,3,104.71,18 / 21,2710009,2019-09-06 20:05:15:752,-0.22,0.434,9.5467,-0.0164,0.0083,9.8066,0.0734,-0.0576,-0.0222,-13.44,-45.12,18.31,313.1,-82.69,-179.93
52.379234,-1.511767,130.69,21.76,3,104.71,18 / 21,2710110,2019-09-06 20:05:15:853,0.3851,-0.9961,9.4289,-0.0245,0.0174,9.8065,0.156,-0.001,0.0034,-13.56,-43.56,17.19,309.97,-82.93,-179.44
52.379234,-1.511767,130.69,21.76,3,104.71,18 / 21,2710210,2019-09-06 20:05:15:953,-0.1855,-1.1394,9.984,0.0282,-0.0153,9.8065,-0.136,0.0529,-0.0412,-12.31,-44.94,17.81,316.59,-82.82,-179.16
52.379234,-1.511767,130.69,21.76,3,104.71,18 / 21,2710310,2019-09-06 20:05:16:053,-0.2249,-0.3511,10.0229,0.0304,-0.0249,9.8065,-0.0153,-0.0376,-0.0109,-12.81,-44.19,17.13,311.48,-82.83,-179.76
52.379234,-1.511767,130.69,21.76,3,104.71,19 / 22,2710409,2019-09-06 20:05:16:152,-1.0101,-0.3917,10.2033,-0.0078,0.0099,9.8066,0.0617,0.0618,-0.0503,-12.81,-43.87,17.94,313.44,-82.95,179.71
52.379234,-1.511767,130.69,21.76,3,104.71,19 / 22,2710510,2019-09-06 20:05:16:253,-0.0441,-1.2676,10.0815,-0.0165,0.0044,9.8065,0.1568,-0.0558,0.0826,-12.56,-43.75,16.88,312.01,-83.01,-179.62
52.379234,-1.511767,130.69,21.76,3,104.71,19 / 22,2710609,2019-09-06 20:05:16:352,1.9128,-1.6005,11.186,0.0319,-0.0136,9.8065,-0.4089,0.0567,-0.0415,-12.06,-44.69,17.31,312.68,-83.03,179.28
52.379234,-1.511767,130.69,21.76,3,104.71,19 / 22,2710709,2019-09-06 20:05:16:452,-1.4901,0.017,8.4003,0.0605,-0.0623,9.8062,-0.2347,-0.0558,0.0795,-12.44,-44.56,16.94,311.38,-82.66,178.85
52.379234,-1.511767,130.69,21.76,3,104.71,19 / 22,2710810,2019-09-06 20:05:16:553,0.2791,0.2542,8.994,0.0135,-0.0071,9.8066,0.0522,-0.0171,-0.021,-12.37,-44.87,16.94,310.2,-82.86,177.54
52.379234,-1.511767,130.69,21.76,3,104.71,19 / 22,2710910,2019-09-06 20:05:16:653,-0.1397,1.4225,9.7314,0.0327,-0.0338,9.8065,0.0585,0.0291,0.0288,-11.94,-45,16.94,310.59,-82.77,178.02
52.379234,-1.511767,130.69,21.76,3,104.71,19 / 22,2711009,2019-09-06 20:05:16:752,1.4538,0.3921,9.9137,-0.0369,0.0136,9.8065,0.0618,-0.0375,0.0491,-12.37,-45.81,16.63,311.28,-82.81,178.78
52.379234,-1.511767,130.69,21.76,3,104.71,19 / 22,2711109,2019-09-06 20:05:16:852,0.5156,0.0458,9.0556,-0.0219,-0.0012,9.8065,-0.0707,0.0349,-0.0293,-12.06,-43.81,18.63,317.7,-82.63,179.98
52.379234,-1.511767,130.69,21.76,3,104.71,19 / 22,2711209,2019-09-06 20:05:16:952,-0.3493,0.1529,9.2952,-0.0135,0.0236,9.8066,0.0192,0.0701,-0.0378,-12.19,-43.62,16.69,313.82,-82.66,-179.43
52.379234,-1.511767,130.69,21.76,3,104.71,19 / 22,2711309,2019-09-06 20:05:17:052,-0.0714,-1.6507,9.4901,0.0139,-0.0241,9.8066,0.0674,-0.1143,0.0955,-12.94,-44.37,17.44,311.41,-82.68,-179.56
52.379234,-1.511767,130.69,21.76,3,104.71,19 / 21,2711410,2019-09-06 20:05:17:153,0.6626,-1.1113,9.7351,-0.0224,0.026,9.8066,-0.0732,0.0459,-0.0396,-13.19,-43.62,18.88,315.07,-82.88,179.33
52.379234,-1.511767,130.69,21.76,3,104.71,19 / 21,2711509,2019-09-06 20:05:17:252,0.5662,-0.3055,10.0178,-0.0244,0.0056,9.8066,0.0797,-0.0354,0.134,-13.75,-43.5,16.69,309.88,-82.79,-179.54
52.379234,-1.511767,130.69,21.76,3,104.71,19 / 21,2711610,2019-09-06 20:05:17:353,-0.7834,0.2586,10.1626,0.0033,0.0035,9.8065,0.0569,-0.0292,-0.1055,-12.62,-46.06,16.44,307.75,-82.86,179.78
52.379234,-1.511767,130.69,21.76,3,104.71,19 / 21,2711710,2019-09-06 20:05:17:453,0.384,-0.8881,9.9116,-0.0054,0.0024,9.8066,0.0119,0.0326,0.0126,-12.94,-46.56,16.63,309.51,-82.86,179.35
52.379234,-1.511767,130.69,21.76,3,104.71,19 / 21,2711810,2019-09-06 20:05:17:553,0.4843,-1.0347,10.4263,0.0023,-0.0066,9.8066,-0.029,0.1158,0.025,-12.62,-46.31,16.56,310.01,-82.73,179.73
52.379234,-1.511767,130.69,21.76,3,104.71,19 / 21,2711910,2019-09-06 20:05:17:653,0.159,-0.6462,9.3359,0.0033,-0.0048,9.8066,-0.1061,-0.0098,-0.0652,-12.62,-46.37,17.06,310.21,-82.7,179.95
52.379234,-1.511767,130.69,21.76,3,104.71,19 / 21,2712009,2019-09-06 20:05:17:752,0.3416,0.1765,10.0189,-0.0031,-0.0122,9.8066,0.0524,0.0275,0.052,-13.69,-47.06,16.13,305.12,-82.81,179.68
52.379234,-1.511767,130.69,21.76,3,104.71,19 / 21,2712109,2019-09-06 20:05:17:852,0.5176,0.0371,10.2077,-0.0037,0.0097,9.8066,0.1348,0.0652,0.0388,-13.62,-48.94,17.06,306.89,-82.85,179.43
52.379234,-1.511767,130.69,21.76,3,104.71,19 / 21,2712210,2019-09-06 20:05:17:953,1.2328,0.312,9.5774,0.01,0.001,9.8066,-0.1215,-0.0112,-0.08,-15.12,-48.44,20.56,313.06,-82.82,178.64
52.379234,-1.511767,130.69,21.76,3,104.71,19 / 21,2712309,2019-09-06 20:05:18:052,-0.2375,0.1336,9.6294,0.0024,-0.018,9.8066,-0.1901,0.0686,0.0525,-19,-36.37,21.13,309.15,-82.79,178.65
52.379234,-1.511767,130.69,21.76,3,104.71,17 / 20,2712410,2019-09-06 20:05:18:153,0.1701,-0.3095,9.4366,-0.0118,0.0009,9.8066,0.221,-0.0245,0.0784,-20.25,-34.69,19.06,306.78,-82.71,-179.08
52.379234,-1.511767,130.69,21.76,3,104.71,17 / 20,2712509,2019-09-06 20:05:18:252,0.648,0.1347,9.3895,-0.0082,0.0158,9.8066,0.002,-0.0306,-0.1511,-20.75,-34.06,18.06,303.29,-82.71,-179.56
52.379234,-1.511767,130.69,21.76,3,104.71,17 / 20,2712610,2019-09-06 20:05:18:353,0.8756,1.0787,9.3533,-0.0128,-0.0104,9.8066,0.018,0.0241,0.1311,-20.31,-33.37,16.94,304.08,-82.74,-178.47
52.379234,-1.511767,130.69,21.76,3,104.71,17 / 20,2712710,2019-09-06 20:05:18:453,-0.0697,0.4095,9.4432,-0.0172,0.0123,9.8066,0.065,-0.0101,0.071,-20.56,-37,15.75,300.4,-82.73,-177.85
52.379234,-1.511767,130.69,21.76,3,104.71,17 / 20,2712809,2019-09-06 20:05:18:552,1.2534,-1.0557,9.1301,-0.0723,0.0419,9.8062,-0.0123,-0.0831,-0.0826,-19.56,-39.12,16.31,300.25,-82.66,-178.47
52.379234,-1.511767,130.69,21.76,3,104.71,17 / 20,2712909,2019-09-06 20:05:18:652,1.6089,-0.8676,8.6458,-0.0325,0.0087,9.8065,0.0446,0.0206,0.0193,-19.31,-40.44,16.69,304.99,-82.99,-177.55
52.379234,-1.511767,130.69,21.76,3,104.71,17 / 20,2713009,2019-09-06 20:05:18:752,-0.583,-0.5969,9.3301,0.0043,0.0063,9.8066,0.0703,-0.0266,-0.0083,-18.5,-39.87,16.19,303.24,-83.05,-178.48
52.379234,-1.511767,130.69,21.76,3,104.71,17 / 20,2713110,2019-09-06 20:05:18:853,0.1035,-0.2917,10.4469,0.0119,0.0096,9.8066,0.0743,-0.1129,0.0291,-18.25,-40.25,16.31,301.74,-83.06,-179.83
52.379234,-1.511767,130.69,21.76,3,104.71,17 / 20,2713209,2019-09-06 20:05:18:952,-1.3133,-0.491,10.9814,-0.0579,0.0112,9.8064,0.1811,0.0284,0.0351,-18.12,-41.19,17.06,306.52,-83.36,-177.76
52.379234,-1.511767,130.69,21.76,3,104.71,17 / 20,2713310,2019-09-06 20:05:19:053,0.1976,0.3863,11.1485,-0.082,0.0237,9.8062,0.3001,-0.0309,0.0607,-18.5,-41.31,16.44,307.54,-83.35,-174.88
52.379234,-1.511767,130.69,21.76,3,104.71,18 / 20,2713409,2019-09-06 20:05:19:152,0.3598,-0.1557,11.1851,0.0478,-0.03,9.8064,-0.0636,0.0475,0.0337,-18.19,-42.44,17.44,309.49,-83.07,-174.53
52.379234,-1.511767,130.69,21.76,3,104.71,18 / 20,2713510,2019-09-06 20:05:19:253,0.9195,-0.0328,10.7089,0.0157,-0.0034,9.8066,-0.0775,-0.0059,-0.0728,-18.5,-42.31,17.69,310.24,-82.58,-175.12
52.379234,-1.511767,130.69,21.76,3,104.71,18 / 20,2713610,2019-09-06 20:05:19:353,0.6274,-0.2992,9.3905,0.0172,0.0207,9.8066,0.0408,-0.0435,-0.1182,-18.56,-43,18.56,307.29,-82.57,-177.95
52.379234,-1.511767,130.69,21.76,3,104.71,18 / 20,2713709,2019-09-06 20:05:19:452,0.0467,0.8871,9.4698,0.0256,0.0319,9.8065,-0.0881,0.0379,-0.0469,-18.87,-43.31,16.94,299.56,-82.62,178.88
52.379234,-1.511767,130.69,21.76,3,104.71,18 / 20,2713810,2019-09-06 20:05:19:553,0.7789,2.2255,9.1591,-0.0325,0.008,9.8066,0.0726,-0.0288,0.1837,-18.56,-42.94,17.13,298.37,-82.81,177.51
52.379234,-1.511767,130.69,21.76,3,104.71,18 / 20,2713910,2019-09-06 20:05:19:653,0.2005,0.3118,9.0763,-0.0163,-0.0164,9.8065,-0.0382,0.0013,-0.0865,-19.31,-42.06,17.88,302.82,-82.78,179.39
52.379234,-1.511767,130.69,21.76,3,104.71,18 / 20,2714010,2019-09-06 20:05:19:753,-0.4795,0.1766,10.4943,-0.0318,-0.005,9.8065,-0.0115,0.0176,0.0001,-19.56,-41.5,17.69,304.4,-82.8,-178.26
52.379234,-1.511767,130.69,21.76,3,104.71,18 / 20,2714109,2019-09-06 20:05:19:852,0.6243,-0.4069,10.1482,-0.0437,0.0219,9.8065,0.1874,0.0063,0.0855,-20.06,-41.69,17,304.11,-83.07,-176.81
52.379234,-1.511767,130.69,21.76,3,104.71,18 / 20,2714210,2019-09-06 20:05:19:953,0.9613,0.5423,11.0258,0.0531,-0.026,9.8064,-0.0844,0.0398,0.0143,-20.69,-43.06,17.38,301.57,-82.75,-177.31
52.379234,-1.511767,130.69,21.76,3,104.71,18 / 20,2714310,2019-09-06 20:05:20:053,-0.0034,1.1111,11.8735,0.0026,-0.0181,9.8065,0.1274,-0.0535,0.0487,-20.75,-42.25,16.88,303.64,-82.82,-175.78
52.379234,-1.511767,130.69,21.76,3,104.71,19 / 21,2714409,2019-09-06 20:05:20:152,-0.3464,0.894,10.6257,0.0288,-0.0459,9.8064,-0.0902,0.0025,0.0282,-20.37,-43.5,17.56,307.53,-82.84,-175.11
52.379234,-1.511767,130.69,21.76,3,104.71,19 / 21,2714510,2019-09-06 20:05:20:253,0.5951,1.1207,10.5132,0.0332,-0.0455,9.8064,-0.0488,0.0188,0.0402,-21.06,-40.94,18.75,310.91,-82.38,-172.59
52.379234,-1.511767,130.69,21.76,3,104.71,19 / 21,2714610,2019-09-06 20:05:20:353,-0.7034,0.3213,9.5768,-0.0352,0.0112,9.8065,0.1647,-0.0081,0.067,-20.69,-40.44,17.88,310.63,-82.45,-171.38
52.379234,-1.511767,130.69,21.76,3,104.71,19 / 21,2714709,2019-09-06 20:05:20:452,0.9277,0.0001,9.5583,-0.0424,0.0485,9.8064,0.2011,0.0108,-0.1494,-20.87,-41.12,17.56,309.16,-82.64,-172.7
52.379234,-1.511767,130.69,21.76,3,104.71,19 / 21,2714809,2019-09-06 20:05:20:552,1.2463,1.0026,9.6527,0.0392,-0.016,9.8065,-0.0553,-0.0839,0.0334,-21.31,-40,17.31,305.09,-82.52,-174.54
52.379234,-1.511767,130.69,21.76,3,104.71,19 / 21,2714909,2019-09-06 20:05:20:652,0.3189,0.0852,9.0873,-0.0048,0.0135,9.8066,0.0113,0.0212,0.0034,-20.75,-41.87,16.56,304.42,-82.7,-174.92
52.379234,-1.511767,130.69,21.76,3,104.71,19 / 21,2715010,2019-09-06 20:05:20:753,-0.3144,1.0053,9.239,0.0142,-0.0083,9.8066,-0.0487,0.0161,-0.0296,-20.5,-41.56,17.06,306.36,-82.68,-174.28
52.379234,-1.511767,130.69,21.76,3,104.71,19 / 21,2715110,2019-09-06 20:05:20:853,-0.0762,0.5595,10.1196,0.0222,0.0058,9.8065,0.0432,-0.0353,-0.081,-20.31,-41.25,17.44,304.8,-82.71,-175.92
52.379234,-1.511767,130.69,21.76,3,104.71,19 / 21,2715209,2019-09-06 20:05:20:952,-0.6899,1.7161,10.9315,0.0088,0.0013,9.8066,0.1732,0.0513,0.0473,-21.06,-40.87,17.13,301.86,-82.65,-177.37
52.379234,-1.511767,130.69,21.76,3,104.71,19 / 21,2715310,2019-09-06 20:05:21:053,1.3856,-0.6021,9.866,-0.0295,0.0057,9.8065,0.1512,0.0329,0.0533,-21.37,-40,17.69,304.74,-82.51,-176.67
52.378784,-1.508827,129.26,24.37,3,103.22,17 / 21,2715409,2019-09-06 20:05:21:152,0.2425,0.515,9.3586,-0.0384,0.0109,9.8065,-0.0758,-0.0659,0.0188,-20.87,-40.37,16.94,303.27,-82.51,-176.16
52.378784,-1.508827,129.26,24.37,3,103.22,17 / 21,2715510,2019-09-06 20:05:21:253,-0.0896,-0.3768,8.9139,-0.0155,0.0013,9.8066,-0.0435,0.0345,-0.0383,-20.94,-41.5,16.25,302.35,-82.7,-175.09
52.378784,-1.508827,129.26,24.37,3,103.22,17 / 21,2715609,2019-09-06 20:05:21:352,0.0082,1.6269,9.9425,-0.0093,0.0207,9.8066,-0.0141,-0.0325,0.0274,-21.06,-41.81,18.25,306.31,-83,-175.47
52.378784,-1.508827,129.26,24.37,3,103.22,17 / 21,2715710,2019-09-06 20:05:21:453,0.5307,-0.1569,10.3626,0.0361,-0.009,9.8065,-0.0118,-0.0186,-0.035,-21.06,-40.12,17.94,305.55,-82.75,-176.26
52.378784,-1.508827,129.26,24.37,3,103.22,17 / 21,2715809,2019-09-06 20:05:21:552,-0.1075,0.7218,11.2946,0.0419,-0.0169,9.8065,0.0534,0.077,-0.042,-20.25,-40.5,16.25,301.52,-82.59,-176.98
52.378784,-1.508827,129.26,24.37,3,103.22,17 / 21,2715909,2019-09-06 20:05:21:652,1.3201,-0.0749,10.3902,0.0336,-0.0284,9.8065,0.0344,0.0141,0.0951,-20.94,-40.12,17.25,301.81,-82.25,-177.12
52.378784,-1.508827,129.26,24.37,3,103.22,17 / 21,2716009,2019-09-06 20:05:21:752,-0.6161,-1.2076,9.8704,-0.003,-0.028,9.8065,-0.0249,0.0575,-0.0929,-20.44,-41,16.94,304.65,-82.38,-175.6
52.378784,-1.508827,129.26,24.37,3,103.22,17 / 21,2716110,2019-09-06 20:05:21:853,-1.3224,0.4066,8.8162,-0.0203,0.0285,9.8065,0.0178,-0.0013,0.0089,-20.94,-42.56,16.44,301.62,-82.72,-175.3
52.378784,-1.508827,129.26,24.37,3,103.22,17 / 21,2716209,2019-09-06 20:05:21:952,0.5048,2.2873,9.9684,-0.0125,0.0133,9.8065,0.0612,-0.0114,-0.0313,-20.44,-42.25,17.25,303.63,-82.95,-177.08
52.378784,-1.508827,129.26,24.37,3,103.22,17 / 21,2716309,2019-09-06 20:05:22:052,0.9457,-0.0312,9.901,-0.0156,-0.0057,9.8066,0.1494,0.0374,0.0338,-20.62,-38.94,18.56,307.65,-82.66,-176.21
52.378784,-1.508827,129.26,24.37,3,103.22,19 / 21,2716409,2019-09-06 20:05:22:152,-1.1935,-1.239,11.3488,-0.0244,0.0055,9.8065,-0.1665,0.0389,-0.0264,-21,-39.5,16.31,302.46,-82.6,-175.34
52.378784,-1.508827,129.26,24.37,3,103.22,19 / 21,2716510,2019-09-06 20:05:22:253,1.2038,1.1536,10.081,0.0353,-0.0131,9.8066,-0.0051,0.0545,-0.0362,-20.62,-41,16.94,304.52,-82.33,-174.56
52.378784,-1.508827,129.26,24.37,3,103.22,19 / 21,2716609,2019-09-06 20:05:22:352,-0.2849,-0.1793,8.6499,-0.0011,-0.0132,9.8066,0.018,0.0122,0.029,-21,-41.81,16.81,304.81,-82.39,-174.15
52.378784,-1.508827,129.26,24.37,3,103.22,19 / 21,2716710,2019-09-06 20:05:22:453,-0.9155,0.0761,9.1147,-0.0135,0.0121,9.8066,-0.0579,0.0307,-0.0269,-20.81,-42.06,17.13,305.53,-82.62,-173.83
52.378784,-1.508827,129.26,24.37,3,103.22,19 / 21,2716810,2019-09-06 20:05:22:553,0.6409,2.3158,9.5224,0.027,-0.0021,9.8066,0.0297,0.0388,-0.0315,-20.62,-42.44,16.69,304.1,-82.7,-175.21
52.378784,-1.508827,129.26,24.37,3,103.22,19 / 21,2716910,2019-09-06 20:05:22:653,1.8599,-0.027,9.57,-0.0043,-0.0135,9.8066,-0.0006,0.0457,0.0745,-19.81,-40.5,18.31,308,-82.47,-174.86
52.378784,-1.508827,129.26,24.37,3,103.22,19 / 21,2717009,2019-09-06 20:05:22:752,1.7021,-2.1106,9.3952,0.0158,-0.0248,9.8065,-0.1242,-0.0316,-0.0524,-21.75,-38.75,17,305.32,-82.29,-173.24
52.378784,-1.508827,129.26,24.37,3,103.22,19 / 21,2717110,2019-09-06 20:05:22:853,0.0883,1.0908,9.1334,-0.001,0.0203,9.8066,-0.0585,0.0666,-0.0784,-21.37,-41.25,16.31,305.15,-82.55,-172.4
52.378784,-1.508827,129.26,24.37,3,103.22,19 / 21,2717210,2019-09-06 20:05:22:953,-1.2508,1.2432,10.1793,0.0286,0.0038,9.8065,0.1799,-0.0171,0.0078,-21,-41.19,17.06,304.94,-82.57,-174.51
52.378784,-1.508827,129.26,24.37,3,103.22,19 / 21,2717310,2019-09-06 20:05:23:053,0.0847,-0.4167,10.5075,-0.0035,-0.0111,9.8066,0.1115,-0.0408,-0.0222,-21.25,-39.69,17.06,304.81,-82.45,-174.7
52.378784,-1.508827,129.26,24.37,3,103.22,19 / 21,2717409,2019-09-06 20:05:23:152,0.0899,0.9367,9.5826,0.0106,-0.0086,9.8066,-0.0943,-0.0783,0.1218,-21.87,-40.25,17.31,304.29,-82.23,-173.85
52.378784,-1.508827,129.26,24.37,3,103.22,19 / 21,2717510,2019-09-06 20:05:23:253,-0.6687,0.2415,9.8294,-0.0044,-0.0295,9.8065,-0.0787,0.0729,-0.0254,-22.56,-40.37,15.56,304.14,-82.16,-171.1
52.378784,-1.508827,129.26,24.37,3,103.22,19 / 21,2717609,2019-09-06 20:05:23:352,0.278,-0.527,8.7484,-0.0043,0.0134,9.8066,0.0089,0.0127,0.0765,-22.06,-44,16.06,304.26,-82.34,-171.2
52.378784,-1.508827,129.26,24.37,3,103.22,19 / 21,2717710,2019-09-06 20:05:23:453,0.2916,-1.2034,9.3002,-0.0316,0.0151,9.8066,-0.0113,-0.0752,-0.151,-21.31,-41.75,17.94,310.58,-82.6,-171.21
52.378784,-1.508827,129.26,24.37,3,103.22,19 / 21,2717810,2019-09-06 20:05:23:553,-0.772,1.5564,8.8687,0.0437,-0.0003,9.8065,0.1883,0.0097,0.1353,-21.44,-41.56,17.38,306.76,-82.28,-172.3
52.378784,-1.508827,129.26,24.37,3,103.22,19 / 21,2717910,2019-09-06 20:05:23:653,-0.477,1.5486,9.6529,-0.0208,-0.0332,9.8065,-0.0866,0.0561,0.1207,-21.44,-40.87,17.13,306.22,-82.37,-173.11
52.378784,-1.508827,129.26,24.37,3,103.22,19 / 21,2718010,2019-09-06 20:05:23:753,-0.0998,0.236,10.5156,0.0149,-0.0546,9.8064,0.1452,-0.0674,0.0498,-20.75,-39.31,17.06,311.5,-82,-168.51
52.378784,-1.508827,129.26,24.37,3,103.22,19 / 21,2718110,2019-09-06 20:05:23:853,0.3148,-0.7699,9.2188,-0.0491,0.012,9.8065,-0.0114,0.0279,-0.0049,-20.06,-40.06,15.81,313.06,-82.1,-166.25
52.378784,-1.508827,129.26,24.37,3,103.22,19 / 21,2718210,2019-09-06 20:05:23:953,-0.5329,-0.7319,8.3104,-0.0617,0.0273,9.8064,-0.04,-0.0201,-0.0581,-19.56,-43.31,14.81,310.82,-82.37,-165.79
52.378784,-1.508827,129.26,24.37,3,103.22,19 / 21,2718310,2019-09-06 20:05:24:053,-1.3895,-0.1187,9.2788,-0.0171,0.03,9.8065,0.1041,0.0477,-0.0071,-18.94,-45.87,17.25,316.74,-82.55,-165.58
52.378784,-1.508827,129.26,24.37,3,103.22,18 / 20,2718410,2019-09-06 20:05:24:153,-1.7381,-0.3043,11.0436,0.0227,0.0037,9.8065,0.0816,0.0667,-0.0536,-19.31,-42.12,18.63,320.26,-82.43,-166.89
52.378784,-1.508827,129.26,24.37,3,103.22,18 / 20,2718510,2019-09-06 20:05:24:253,-1.3002,-0.1872,10.2943,0.0725,-0.0506,9.8062,0.2444,-0.0297,0.0137,-19.94,-40.25,17,314.59,-82.42,-167.26
52.378784,-1.508827,129.26,24.37,3,103.22,18 / 20,2718609,2019-09-06 20:05:24:352,-0.2006,-1.0137,10.316,0.0444,-0.0126,9.8065,-0.1398,-0.0332,-0.0588,-19.12,-41.37,17.5,316.3,-82.05,-168.22
52.378784,-1.508827,129.26,24.37,3,103.22,18 / 20,2718710,2019-09-06 20:05:24:453,-0.0303,-0.1143,9.1904,-0.0218,0.0067,9.8065,-0.0937,0.0377,-0.0394,-19.87,-40.19,17.25,312.59,-82.25,-168.77
52.378784,-1.508827,129.26,24.37,3,103.22,18 / 20,2718809,2019-09-06 20:05:24:552,-0.5723,-0.7977,8.8282,-0.003,-0.0019,9.8066,0.0434,-0.0333,0.001,-18.87,-40.44,16.13,313.14,-82.45,-167.79
52.378784,-1.508827,129.26,24.37,3,103.22,18 / 20,2718910,2019-09-06 20:05:24:653,-0.5058,-0.4028,10.0568,-0.0011,-0.0014,9.8066,0.2238,-0.0772,0.0393,-19.12,-41.44,17.19,315.25,-82.56,-167.87
52.378784,-1.508827,129.26,24.37,3,103.22,18 / 20,2719010,2019-09-06 20:05:24:753,-0.2224,-1.7862,10.2151,-0.0031,0.005,9.8066,-0.1095,0.1027,-0.1007,-19.06,-40.31,16.69,315.72,-82.44,-167.53
52.378784,-1.508827,129.26,24.37,3,103.22,18 / 20,2719110,2019-09-06 20:05:24:853,1.1092,-0.456,9.8743,-0.0241,-0.0042,9.8066,-0.0096,-0.0328,0.0637,-18.81,-42.06,16,313.53,-82.37,-166.91
52.378784,-1.508827,129.26,24.37,3,103.22,18 / 20,2719209,2019-09-06 20:05:24:952,0.4602,-1.0989,10.1125,0.0207,0.0152,9.8066,-0.1688,0.0241,-0.0498,-18.12,-42.87,17.06,314.35,-82.32,-169.16
52.378784,-1.508827,129.26,24.37,3,103.22,18 / 20,2719309,2019-09-06 20:05:25:052,0.6354,0.185,10.3304,0.0313,-0.0068,9.8065,-0.1914,0.003,0.0071,-18.06,-41.12,16.75,313.39,-82.22,-170.29
52.378784,-1.508827,129.26,24.37,3,103.22,18 / 20,2719410,2019-09-06 20:05:25:153,0.4249,1.0335,9.7932,0.0017,-0.0092,9.8066,0.0746,-0.067,0.0572,-18.06,-40.87,16.69,313.6,-82.28,-170.19
52.378784,-1.508827,129.26,24.37,3,103.22,18 / 20,2719509,2019-09-06 20:05:25:252,0.2591,-0.3271,9.4025,0.0039,-0.0029,9.8066,-0.0362,0.0035,-0.0293,-18.62,-42.37,16.19,310.8,-82.27,-169.07
52.378784,-1.508827,129.26,24.37,3,103.22,18 / 20,2719610,2019-09-06 20:05:25:353,-0.3408,2.104,11.1895,0.004,0.0011,9.8066,0.343,-0.0608,0.0309,-17.56,-42.69,17.81,316.73,-82.45,-169.23
52.378784,-1.508827,129.26,24.37,3,103.22,18 / 20,2719709,2019-09-06 20:05:25:452,1.218,-0.9371,10.0169,-0.0533,0.0386,9.8064,0.1546,-0.0229,-0.038,-18.56,-40.81,16.69,312.68,-82.51,-169.99
52.378784,-1.508827,129.26,24.37,3,103.22,18 / 20,2719810,2019-09-06 20:05:25:553,1.3786,-0.4924,9.2182,0.0022,-0.0005,9.8066,-0.2142,0.0578,-0.0137,-18.56,-40.75,17.63,314.83,-82.38,-169.87
52.378784,-1.508827,129.26,24.37,3,103.22,18 / 20,2719910,2019-09-06 20:05:25:653,0.1974,-0.2037,9.6421,0.0063,0.0116,9.8066,-0.042,0.0293,0.0271,-17.62,-41.06,16,310.28,-82.43,-171.2
52.378784,-1.508827,129.26,24.37,3,103.22,18 / 20,2720010,2019-09-06 20:05:25:753,-0.1131,0.1075,10.642,0.0001,0.0229,9.8066,0.0126,-0.0012,-0.0879,-17,-42.25,16.69,312.2,-82.47,-172.74
52.378784,-1.508827,129.26,24.37,3,103.22,18 / 20,2720110,2019-09-06 20:05:25:853,1.3113,-0.7647,9.9086,-0.0005,-0.002,9.8066,0.1012,-0.0271,0.0098,-17.31,-42.12,16.94,310.93,-82.42,-173.74
52.378784,-1.508827,129.26,24.37,3,103.22,18 / 20,2720210,2019-09-06 20:05:25:953,-0.5521,0.283,10.4173,0.0141,-0.0122,9.8066,0.0376,0.0335,0.0815,-17.19,-43.06,16.81,310.22,-82.33,-173.96
52.378784,-1.508827,129.26,24.37,3,103.22,18 / 20,2720309,2019-09-06 20:05:26:052,-0.0369,0.5641,9.7703,-0.0016,0.0014,9.8066,0.0305,-0.0129,0.017,-16.81,-42.56,16.94,310.98,-82.3,-173.29
52.378784,-1.508827,129.26,24.37,3,103.22,19 / 21,2720409,2019-09-06 20:05:26:152,0.7683,0.516,9.334,-0.0162,0.011,9.8066,0.0961,-0.0449,-0.0612,-17.56,-40.06,16.56,309.16,-82.35,-174.31
52.378784,-1.508827,129.26,24.37,3,103.22,19 / 21,2720510,2019-09-06 20:05:26:253,-1.0297,0.4212,10.7001,0.0101,-0.0134,9.8066,0.0521,0.0022,0.0562,-17.12,-42.62,14.69,304.98,-82.4,-174.27
52.378784,-1.508827,129.26,24.37,3,103.22,19 / 21,2720609,2019-09-06 20:05:26:352,0.8299,0.2088,10.5528,-0.0047,0.002,9.8066,-0.0492,-0.0184,-0.003,-17.94,-43.5,16.88,308.43,-82.18,-173.93
52.378784,-1.508827,129.26,24.37,3,103.22,19 / 21,2720710,2019-09-06 20:05:26:453,0.5236,-1.285,9.5717,-0.0187,0.0085,9.8065,-0.0653,0.0141,-0.0511,-16.94,-41.94,16.25,307.67,-82.28,-174.25
52.378784,-1.508827,129.26,24.37,3,103.22,19 / 21,2720810,2019-09-06 20:05:26:553,0.3886,-0.5701,9.4557,0.0012,0.0218,9.8066,-0.0481,0.049,-0.0795,-17.25,-42.87,16,307.43,-82.42,-174.41
52.378784,-1.508827,129.26,24.37,3,103.22,19 / 21,2720909,2019-09-06 20:05:26:652,-0.7141,0.3884,9.7673,0.0096,0.0134,9.8066,-0.0509,-0.0069,-0.0118,-17,-43.56,15.38,303.01,-82.51,-175.85
52.378784,-1.508827,129.26,24.37,3,103.22,19 / 21,2721010,2019-09-06 20:05:26:753,-1.6458,3.1798,9.6861,-0.0046,0.0121,9.8066,0.3177,-0.0489,0.0664,-16.31,-42.5,16.44,306.33,-82.58,-177.25
52.378784,-1.508827,129.26,24.37,3,103.22,19 / 21,2721110,2019-09-06 20:05:26:853,0.3159,-0.4194,10.7199,0.0268,-0.0225,9.8066,0.1222,-0.0677,-0.026,-16.37,-42.69,17.06,309.04,-82.47,-176.59
52.378784,-1.508827,129.26,24.37,3,103.22,19 / 21,2721209,2019-09-06 20:05:26:952,1.2534,0.3324,10.4536,-0.0033,-0.0142,9.8066,0.0115,-0.0002,0.0745,-17.62,-40.87,17.06,306.74,-82.39,-176.19
52.378784,-1.508827,129.26,24.37,3,103.22,19 / 21,2721313,2019-09-06 20:05:27:056,0.2952,0.8548,10.3694,0.0165,0.0201,9.8066,-0.0037,-0.0287,0.0021,-17,-43.12,16.69,308.09,-82.5,-176.02
52.378784,-1.508827,129.26,24.37,3,103.22,19 / 21,2721409,2019-09-06 20:05:27:152,-2.5671,0.1334,11.333,0.0579,-0.0594,9.8062,0.0157,-0.0046,0.1453,-17.69,-39.31,18,307.35,-82.11,-177.7
52.378784,-1.508827,129.26,24.37,3,103.22,19 / 21,2721510,2019-09-06 20:05:27:253,1.3659,1.2562,9.1343,0.0214,-0.015,9.8066,-0.0983,-0.1139,-0.0822,-17.62,-40.75,16.19,303.49,-82.26,-176.81
52.378784,-1.508827,129.26,24.37,3,103.22,19 / 21,2721610,2019-09-06 20:05:27:353,-0.7379,0.8333,10.1601,-0.0199,0.0055,9.8066,-0.0561,-0.0224,0.0085,-18.25,-41.56,17.06,304.86,-82.51,-177.76
52.378784,-1.508827,129.26,24.37,3,103.22,19 / 21,2721709,2019-09-06 20:05:27:452,-0.2402,0.6938,9.6684,-0.0039,0.0264,9.8066,-0.029,0.052,0.0272,-17.87,-41.44,16.75,304.19,-82.56,-178.67
52.378784,-1.508827,129.26,24.37,3,103.22,19 / 21,2721810,2019-09-06 20:05:27:553,-0.594,0.4501,10.4882,0.0225,-0.013,9.8065,0.0547,-0.0081,0.0428,-18.12,-42.5,16,300.64,-82.57,-179.52
52.378784,-1.508827,129.26,24.37,3,103.22,19 / 21,2721910,2019-09-06 20:05:27:653,-0.766,0.3639,10.4851,0.0074,-0.0141,9.8066,0.0959,0.0005,0.0261,-18.12,-42.19,16.81,303.64,-82.27,-178.45
52.378784,-1.508827,129.26,24.37,3,103.22,19 / 21,2722010,2019-09-06 20:05:27:753,-1.6025,1.4617,9.7646,0.0439,-0.0428,9.8064,0.0715,0.0309,-0.0141,-19,-39.12,17.5,306.04,-82.06,-177.51
52.378784,-1.508827,129.26,24.37,3,103.22,19 / 21,2722110,2019-09-06 20:05:27:853,-2.2206,0.6709,10.8347,0.0346,-0.0234,9.8065,-0.0526,-0.0165,0.0481,-18.31,-40.5,15.69,303.11,-82.1,-177.18
52.378784,-1.508827,129.26,24.37,3,103.22,19 / 21,2722210,2019-09-06 20:05:27:953,-0.204,-0.3529,9.9617,-0.016,-0.0063,9.8066,-0.021,0.0053,0.0252,-17.69,-40.94,17.19,306.15,-82.05,-176.22
52.378784,-1.508827,129.26,24.37,3,103.22,19 / 21,2722310,2019-09-06 20:05:28:053,0.9872,-0.2741,9.4826,-0.0005,-0.0113,9.8066,-0.0034,0.0554,-0.0302,-18.12,-39.94,17.38,308.44,-82.07,-174.55
52.378784,-1.508827,129.26,24.37,3,103.22,18 / 20,2722410,2019-09-06 20:05:28:153,-0.5874,0.1599,10.0409,0.004,0.004,9.8066,-0.0766,0.0396,-0.0457,-18.81,-39.56,17.69,309.93,-82.04,-173.85
52.378784,-1.508827,129.26,24.37,3,103.22,18 / 20,2722510,2019-09-06 20:05:28:253,-0.8168,0.3463,9.9035,0.0018,0.0065,9.8066,-0.0288,0.0099,-0.0422,-19.12,-38.87,17.69,309.06,-82.07,-174.89
52.378784,-1.508827,129.26,24.37,3,103.22,18 / 20,2722609,2019-09-06 20:05:28:352,-0.8813,0.9024,10.209,-0.0245,0.0192,9.8066,0.0275,0.0685,0.009,-18.75,-39.25,15.75,303.72,-82.12,-175.74
52.378784,-1.508827,129.26,24.37,3,103.22,18 / 20,2722710,2019-09-06 20:05:28:453,-0.3968,-0.6223,9.2571,-0.0108,0.0104,9.8066,-0.0687,-0.0729,0.0327,-17.75,-41.37,14.94,301.42,-81.94,-175.95
52.378784,-1.508827,129.26,24.37,3,103.22,18 / 20,2722810,2019-09-06 20:05:28:553,-0.9695,1.811,9.209,0.0284,-0.0423,9.8064,-0.0161,-0.017,0.0675,-18.25,-43.12,16.13,302.58,-82.03,-176.67
52.378784,-1.508827,129.26,24.37,3,103.22,18 / 20,2722910,2019-09-06 20:05:28:653,-0.4228,1.2659,9.4752,-0.0263,0.0168,9.8065,0.0258,0.0233,0.0705,-19.5,-38.62,18.56,311.57,-81.72,-174.08
52.378784,-1.508827,129.26,24.37,3,103.22,18 / 20,2723009,2019-09-06 20:05:28:752,-0.4546,0.9743,10.7339,0.0004,0.0042,9.8066,-0.0511,-0.0038,-0.0624,-20.19,-37.06,15.94,304.64,-81.86,-174
52.378784,-1.508827,129.26,24.37,3,103.22,18 / 20,2723109,2019-09-06 20:05:28:852,0.9968,-0.066,10.6534,-0.0027,0.0131,9.8066,0.0252,0.0061,-0.0469,-20.06,-37.19,17,305.52,-81.89,-175.2
52.378784,-1.508827,129.26,24.37,3,103.22,18 / 20,2723209,2019-09-06 20:05:28:952,0.8206,-0.3788,10.5712,0.0356,-0.014,9.8065,-0.0215,-0.0349,0.0062,-20.69,-36.56,17,302.93,-81.42,-175.81
52.378784,-1.508827,129.26,24.37,3,103.22,18 / 20,2723310,2019-09-06 20:05:29:053,0.2775,-0.5674,9.2925,0.0334,-0.0192,9.8066,-0.1355,0.0958,-0.0256,-20.62,-36.56,18.63,306.76,-81.34,-175.93
52.378784,-1.508827,129.26,24.37,3,103.22,20 / 22,2723409,2019-09-06 20:05:29:152,0.0212,1.1572,8.8343,-0.0472,0.0334,9.8064,0.1589,0.0338,-0.039,-20.19,-34.62,18.06,307.14,-81.38,-175.53
52.378784,-1.508827,129.26,24.37,3,103.22,20 / 22,2723510,2019-09-06 20:05:29:253,-1.6301,-0.7442,9.5113,0.0025,-0.0091,9.8066,0.2192,-0.0431,0.0943,-20.06,-33.81,17.19,305.47,-81.55,-175.62
52.378784,-1.508827,129.26,24.37,3,103.22,20 / 22,2723609,2019-09-06 20:05:29:352,0.1337,0.0915,9.6062,-0.0056,-0.005,9.8066,-0.0548,-0.0177,-0.0463,-21,-34.31,16,303.93,-81.62,-174.06
52.378784,-1.508827,129.26,24.37,3,103.22,20 / 22,2723709,2019-09-06 20:05:29:452,-0.3579,-0.2308,10.6549,-0.0219,0.0016,9.8065,-0.0506,-0.0329,0.0441,-21.75,-35.06,15.81,303.26,-81.69,-173.48
52.378784,-1.508827,129.26,24.37,3,103.22,20 / 22,2723810,2019-09-06 20:05:29:553,0.1329,0.0929,10.5897,0.0306,-0.0086,9.8066,-0.0387,0.0096,-0.0289,-21.06,-35.81,16.69,305.26,-81.43,-174.02
52.378784,-1.508827,129.26,24.37,3,103.22,20 / 22,2723910,2019-09-06 20:05:29:653,0.3478,-0.3677,9.9718,-0.0046,0.0043,9.8066,-0.1416,0.0187,-0.0609,-21.37,-35.75,17.63,306.63,-81.44,-174.65
52.378784,-1.508827,129.26,24.37,3,103.22,20 / 22,2724010,2019-09-06 20:05:29:753,-0.3839,-0.1217,10.3777,-0.006,0.0108,9.8066,0.0599,0.027,0.0149,-21.5,-34.12,17.44,305.05,-81.34,-174.64
52.378784,-1.508827,129.26,24.37,3,103.22,20 / 22,2724110,2019-09-06 20:05:29:853,0.0523,-0.3069,9.8822,-0.0114,0.01,9.8066,0.072,0.0075,0.0279,-21.5,-32.56,16.81,305.04,-81.39,-174.98
52.378784,-1.508827,129.26,24.37,3,103.22,20 / 22,2724210,2019-09-06 20:05:29:953,-0.1212,0.6202,9.8257,0.0092,-0.0039,9.8066,0.0845,-0.0123,0.0008,-22.62,-33.19,16.38,300.67,-81.34,-175.02
52.378784,-1.508827,129.26,24.37,3,103.22,20 / 22,2724309,2019-09-06 20:05:30:052,-0.5571,0.8861,10.0568,-0.0004,0.0086,9.8066,0.119,-0.0485,-0.0505,-21.81,-34.69,17.13,302.72,-81.37,-175.45
52.37836,-1.505598,128.08,24.89,3,101.38,18 / 20,2724410,2019-09-06 20:05:30:153,0.5649,-1.1304,9.0959,0.0157,-0.0188,9.8066,0.0765,0.0128,0.0307,-21,-34.81,17.94,305.59,-81.51,-175.91
52.37836,-1.505598,128.08,24.89,3,101.38,18 / 20,2724509,2019-09-06 20:05:30:252,-0.5551,-0.2625,10.7008,0.0114,-0.0027,9.8066,0.1001,-0.047,0.0419,-20.5,-34.12,17.44,305.28,-81.25,-175.44
52.37836,-1.505598,128.08,24.89,3,101.38,18 / 20,2724610,2019-09-06 20:05:30:353,-0.0641,0.1802,10.9534,0.0185,-0.0025,9.8066,0.0551,0.0425,0.0076,-20.94,-34.44,16.63,302.69,-81.09,-176.47
52.37836,-1.505598,128.08,24.89,3,101.38,18 / 20,2724710,2019-09-06 20:05:30:453,1.0299,-1.2916,9.9538,-0.0006,0.0139,9.8066,0.236,-0.1109,0.0762,-22.06,-34.5,16.88,300.83,-81.17,-177.21
52.37836,-1.505598,128.08,24.89,3,101.38,18 / 20,2724810,2019-09-06 20:05:30:553,-0.2575,0.5107,9.5361,-0.011,0.0061,9.8066,-0.0162,-0.015,-0.0016,-22.06,-33.94,17.5,303.97,-81.06,-176.05
52.37836,-1.505598,128.08,24.89,3,101.38,18 / 20,2724909,2019-09-06 20:05:30:652,-1.0614,-0.7617,9.9803,-0.0109,0.0033,9.8066,0.0255,0.1201,-0.0017,-21.25,-32.75,17.63,305.58,-81.23,-176.13
52.37836,-1.505598,128.08,24.89,3,101.38,18 / 20,2725010,2019-09-06 20:05:30:753,0.4081,1.3897,10.3962,0.0235,-0.0171,9.8065,-0.0087,-0.0273,-0.05,-21.12,-33,17.75,305.21,-81.09,-176.31
52.37836,-1.505598,128.08,24.89,3,101.38,18 / 20,2725110,2019-09-06 20:05:30:853,0.2037,-0.3561,10.4424,0.0275,-0.009,9.8065,0.1325,-0.008,0.0839,-20.94,-32.31,17.06,303.14,-80.91,-176.42
52.37836,-1.505598,128.08,24.89,3,101.38,18 / 20,2725210,2019-09-06 20:05:30:953,-0.0207,0.6739,10.5528,0.0127,-0.0259,9.8066,-0.0423,0.0528,-0.0152,-21,-33.12,16.56,303.03,-80.8,-176.11
52.37836,-1.505598,128.08,24.89,3,101.38,18 / 20,2725309,2019-09-06 20:05:31:052,0.2885,0.4884,9.5565,0.0046,-0.0075,9.8066,0.0587,-0.0277,0.0576,-20.69,-33.25,16.56,303.53,-80.83,-175.7
52.37836,-1.505598,128.08,24.89,3,101.38,19 / 21,2725409,2019-09-06 20:05:31:152,-1.3412,-0.0984,9.2776,-0.0253,-0.0004,9.8066,0.0509,-0.0187,-0.0099,-21.44,-33.69,16.94,303.29,-80.87,-175.67
52.37836,-1.505598,128.08,24.89,3,101.38,19 / 21,2725510,2019-09-06 20:05:31:253,-0.3646,0.5756,9.4202,0.0125,0.0006,9.8066,-0.0803,-0.0044,0.0125,-21.62,-33.37,16.19,301.79,-81,-174.55
52.37836,-1.505598,128.08,24.89,3,101.38,19 / 21,2725609,2019-09-06 20:05:31:352,-0.1178,0.7481,10.4369,0.0044,0.0092,9.8066,0.0575,0.0073,0.0096,-22.19,-33.69,16,300.44,-80.96,-175.43
52.37836,-1.505598,128.08,24.89,3,101.38,19 / 21,2725710,2019-09-06 20:05:31:453,-0.2256,-0.3548,9.672,0.0207,-0.0088,9.8066,-0.0925,0.0529,-0.0443,-22.31,-33,17.38,301.86,-80.87,-176.21
52.37836,-1.505598,128.08,24.89,3,101.38,19 / 21,2725809,2019-09-06 20:05:31:552,-0.817,-0.0913,9.606,-0.0015,0.0004,9.8066,-0.0259,-0.0672,0.0055,-21.87,-32.69,16.63,301.21,-80.84,-176.77
52.37836,-1.505598,128.08,24.89,3,101.38,19 / 21,2725910,2019-09-06 20:05:31:653,-1.1339,0.3306,10.1993,0.0047,-0.0052,9.8066,0.1103,0.0388,-0.0087,-21.94,-33.12,16.56,301.54,-80.82,-176.44
52.37836,-1.505598,128.08,24.89,3,101.38,19 / 21,2726010,2019-09-06 20:05:31:753,0.1127,0.4408,9.8501,0.0031,0.0005,9.8066,0.0628,0.0286,0.0881,-22.56,-32.62,16.56,299.86,-80.87,-177.07
52.37836,-1.505598,128.08,24.89,3,101.38,19 / 21,2726110,2019-09-06 20:05:31:853,0.1382,0.8262,10.7517,-0.0131,0.0067,9.8066,0.0996,-0.066,-0.0332,-22.44,-32.94,17.94,303.03,-80.71,-176.79
52.37836,-1.505598,128.08,24.89,3,101.38,19 / 21,2726209,2019-09-06 20:05:31:952,0.0577,-0.751,10.3236,0.0061,0.0131,9.8066,0.0348,0.0099,-0.0325,-21.56,-31.5,18.19,303.08,-80.55,-177.13
52.37836,-1.505598,128.08,24.89,3,101.38,19 / 21,2726310,2019-09-06 20:05:32:053,-0.2535,-0.6535,9.9914,0.023,-0.0074,9.8065,-0.1349,-0.008,-0.0391,-21.5,-31.75,17.5,302.88,-80.52,-178.06
52.37836,-1.505598,128.08,24.89,3,101.38,19 / 21,2726409,2019-09-06 20:05:32:152,-0.2396,0.5083,10.2492,-0.0212,-0.0072,9.8066,0.0653,-0.0096,0.06,-21.69,-32.37,16.44,298.47,-80.55,-177.34
52.37836,-1.505598,128.08,24.89,3,101.38,19 / 21,2726510,2019-09-06 20:05:32:253,0.365,-0.3518,10.3423,-0.021,-0.0086,9.8066,0.1097,-0.0306,0.0369,-22.69,-32.56,16.25,299.29,-80.7,-175.55
52.37836,-1.505598,128.08,24.89,3,101.38,19 / 21,2726609,2019-09-06 20:05:32:352,-1.5013,0.0036,10.1179,0.0423,-0.0226,9.8065,-0.0015,0.0291,-0.069,-22.44,-33.56,16.94,302.52,-80.43,-174.83
52.37836,-1.505598,128.08,24.89,3,101.38,19 / 21,2726710,2019-09-06 20:05:32:453,-1.0057,1.0485,9.8613,0.0251,-0.0169,9.8066,-0.0344,-0.0177,0.0132,-23.06,-32.75,16.81,302,-80.4,-174.63
52.37836,-1.505598,128.08,24.89,3,101.38,19 / 21,2726810,2019-09-06 20:05:32:553,0.1241,-0.3225,9.4853,0.005,-0.0032,9.8066,-0.0499,0.0637,0.0313,-22.5,-32.81,17.63,305.02,-80.47,-174.75
52.37836,-1.505598,128.08,24.89,3,101.38,19 / 21,2726910,2019-09-06 20:05:32:653,-0.2612,0.9056,10.3636,-0.0248,0.0256,9.8065,-0.1594,0.0239,-0.1262,-22.56,-32.75,17.19,300.69,-80.56,-175.97
52.37836,-1.505598,128.08,24.89,3,101.38,19 / 21,2727010,2019-09-06 20:05:32:753,-0.8534,1.0291,10.441,-0.027,0.0137,9.8065,0.1283,-0.0182,0.0562,-22.37,-33.06,17.19,301.19,-80.55,-176.45
52.37836,-1.505598,128.08,24.89,3,101.38,19 / 21,2727110,2019-09-06 20:05:32:853,-0.7431,-0.3885,9.1454,0.0119,-0.0108,9.8066,0.0238,-0.0222,0.0571,-22.44,-32.75,17.31,301.58,-80.58,-176.15
52.37836,-1.505598,128.08,24.89,3,101.38,19 / 21,2727209,2019-09-06 20:05:32:952,-0.1773,0.0019,8.68,-0.0554,0.026,9.8064,0.1252,0.0046,-0.0095,-23.44,-33.19,17.06,300.62,-80.8,-176.3
52.37836,-1.505598,128.08,24.89,3,101.38,19 / 21,2727309,2019-09-06 20:05:33:052,-0.3232,0.7094,9.926,0.0062,0.0084,9.8066,0.1804,-0.0472,0.0534,-22.12,-32.75,17.19,301.78,-80.72,-176.12
52.37836,-1.505598,128.08,24.89,3,101.38,19 / 21,2727409,2019-09-06 20:05:33:152,0.187,-0.2793,9.7755,0.0004,0.001,9.8066,-0.0425,0.0393,-0.0835,-23.31,-33.5,17.88,302.01,-80.79,-176.8
52.37836,-1.505598,128.08,24.89,3,101.38,19 / 21,2727510,2019-09-06 20:05:33:253,-0.58,0.7632,10.0703,0.0062,-0.0119,9.8066,-0.1257,0.0028,-0.0295,-23.19,-33.25,17.44,300.38,-80.65,-176.35
52.37836,-1.505598,128.08,24.89,3,101.38,19 / 21,2727610,2019-09-06 20:05:33:353,-0.1742,-0.007,10.1476,-0.0118,-0.0049,9.8066,0.051,-0.0577,0.101,-23.56,-33,17,299.52,-80.64,-176.23
52.37836,-1.505598,128.08,24.89,3,101.38,19 / 21,2727710,2019-09-06 20:05:33:453,0.1029,1.6868,10.1801,-0.0206,0.03,9.8065,-0.1549,0.1205,-0.1074,-22.87,-33.31,17.06,300.26,-80.81,-176.63
52.37836,-1.505598,128.08,24.89,3,101.38,19 / 21,2727810,2019-09-06 20:05:33:553,-0.8459,0.3587,10.6421,-0.0016,0.0006,9.8066,0.0299,0.0079,-0.0236,-22.94,-32.75,17.5,302.62,-80.71,-176.16
52.37836,-1.505598,128.08,24.89,3,101.38,19 / 21,2727909,2019-09-06 20:05:33:652,-1.1465,-1.8947,10.8767,-0.0111,0.0094,9.8066,0.07,0.0072,-0.0476,-23.19,-32.56,17.25,299.91,-80.72,-176.85
52.37836,-1.505598,128.08,24.89,3,101.38,19 / 21,2728010,2019-09-06 20:05:33:753,-0.3945,-0.5298,8.492,0.0349,-0.0435,9.8064,-0.4574,0.0798,0.1975,-23.5,-31.37,16.88,301.87,-80.6,-175.52
52.37836,-1.505598,128.08,24.89,3,101.38,19 / 21,2728109,2019-09-06 20:05:33:852,1.2151,2.4011,10.216,0.0302,-0.0205,9.8066,-0.2488,0.0346,-0.074,-23.25,-32.06,16,301.16,-80.84,-174.3
52.37836,-1.505598,128.08,24.89,3,101.38,19 / 21,2728209,2019-09-06 20:05:33:952,0.1945,0.5216,10.1476,0.088,-0.0516,9.806,-0.1251,0.0047,0.0353,-23.87,-32.56,15.94,299.49,-81.28,-175.15
52.37836,-1.505598,128.08,24.89,3,101.38,19 / 21,2728309,2019-09-06 20:05:34:052,0.1724,0.7808,10.3221,0.0646,-0.0181,9.8064,-0.2151,0.0574,0.0205,-24.25,-32.75,16.31,298.63,-80.75,-175.37
52.37836,-1.505598,128.08,24.89,3,101.38,19 / 21,2728409,2019-09-06 20:05:34:152,0.2763,-1.0755,10.2181,-0.0236,0.0184,9.8066,0.0684,0.0547,-0.0944,-24.75,-32.87,16.38,297.45,-80.95,-175.85
52.37836,-1.505598,128.08,24.89,3,101.38,19 / 21,2728510,2019-09-06 20:05:34:253,-0.3266,-0.5012,9.6585,0.0152,-0.0228,9.8065,0.0166,-0.0159,0.056,-25.37,-33.19,16.81,299.74,-81.07,-175.64
52.37836,-1.505598,128.08,24.89,3,101.38,19 / 21,2728609,2019-09-06 20:05:34:352,-0.8609,0.2656,9.8343,0.0004,0.0011,9.8066,0.0694,0.0263,-0.033,-25.5,-32.94,16.69,300.09,-80.98,-175.22
52.37836,-1.505598,128.08,24.89,3,101.38,19 / 21,2728709,2019-09-06 20:05:34:452,-0.3209,-0.6516,9.9273,-0.0087,-0.0098,9.8065,0.1142,-0.0577,0.0553,-25.56,-32.69,16.63,299.99,-80.96,-174.48
52.37836,-1.505598,128.08,24.89,3,101.38,19 / 21,2728810,2019-09-06 20:05:34:553,0.0342,-0.3566,10.1703,0.0247,-0.0112,9.8066,-0.0216,0.086,-0.0391,-26.19,-32.06,16.5,300.38,-80.91,-174.34
52.37836,-1.505598,128.08,24.89,3,101.38,19 / 21,2728910,2019-09-06 20:05:34:653,0.3417,-0.3424,10.1617,0.0184,-0.0076,9.8066,0.0636,-0.0062,0.0044,-26.19,-32.56,16,298.17,-80.93,-174.41
52.37836,-1.505598,128.08,24.89,3,101.38,19 / 21,2729010,2019-09-06 20:05:34:753,-0.2006,0.887,9.9666,0.0089,-0.0037,9.8066,-0.0481,0.0038,0.0265,-27.06,-33.31,16.63,298.57,-80.94,-175.02
52.37836,-1.505598,128.08,24.89,3,101.38,19 / 21,2729110,2019-09-06 20:05:34:853,-0.545,0.8145,9.7161,-0.0132,0.0088,9.8066,-0.0692,0.0042,-0.0409,-27.5,-33.37,17.5,300.11,-80.84,-175.13
52.37836,-1.505598,128.08,24.89,3,101.38,19 / 21,2729210,2019-09-06 20:05:34:953,0.3494,-0.5977,10.0418,-0.024,0.0079,9.8066,0.0308,0.0214,0.0142,-27.31,-33.44,17.5,300.02,-80.83,-175.21
52.37836,-1.505598,128.08,24.89,3,101.38,19 / 21,2729310,2019-09-06 20:05:35:053,1.2109,-0.8816,9.9057,-0.0331,0.0128,9.8065,0.1166,-0.0088,0.0578,-26.75,-32.31,17.69,301.16,-81.11,-174.67
52.37836,-1.505598,128.08,24.89,3,101.38,19 / 22,2729409,2019-09-06 20:05:35:152,0.2028,0.0614,9.9496,0.0148,-0.0012,9.8066,-0.0848,0.0216,-0.0512,-26.37,-32.56,18.38,301.19,-81.1,-175.18
52.37836,-1.505598,128.08,24.89,3,101.38,19 / 22,2729510,2019-09-06 20:05:35:253,-0.1017,-0.4321,9.5043,0.0102,-0.0045,9.8066,0.1377,-0.0212,0.0709,-25.31,-32.5,18.56,304.62,-81.13,-174.8
52.37836,-1.505598,128.08,24.89,3,101.38,19 / 22,2729610,2019-09-06 20:05:35:353,0.3492,-0.2414,9.8058,0.026,-0.0043,9.8065,-0.0386,-0.0079,-0.0428,-24.94,-31.87,17.38,300.71,-81.22,-175.16
52.37836,-1.505598,128.08,24.89,3,101.38,19 / 22,2729709,2019-09-06 20:05:35:452,0.1895,0.5897,9.6738,0.017,-0.0102,9.8066,-0.0205,0.0174,-0.0431,-24.81,-32.25,16.5,300.09,-81.07,-175.58
52.37836,-1.505598,128.08,24.89,3,101.38,19 / 22,2729809,2019-09-06 20:05:35:552,0.6278,0.8358,10.0911,-0.0253,0.0031,9.8066,-0.0241,-0.0449,0.0366,-25.44,-32.56,16.88,300.76,-81.1,-174.72
52.37836,-1.505598,128.08,24.89,3,101.38,19 / 22,2729909,2019-09-06 20:05:35:652,0.3488,0.3358,9.0999,-0.0083,-0.0086,9.8066,-0.1621,0.0564,-0.0464,-25.62,-32.37,16.38,298.25,-81.15,-174.83
52.37836,-1.505598,128.08,24.89,3,101.38,19 / 22,2730010,2019-09-06 20:05:35:753,-0.4612,0.0804,9.0546,-0.0216,0.0045,9.8065,0.1135,-0.0065,0.0325,-25.12,-33.19,16,300.17,-81.26,-173.69
52.37836,-1.505598,128.08,24.89,3,101.38,19 / 22,2730109,2019-09-06 20:05:35:852,-0.1117,-1.0298,9.5757,-0.015,0.021,9.8065,0.0897,-0.1032,0.0185,-25.56,-32.94,16.25,298.97,-81.32,-174.08
52.37836,-1.505598,128.08,24.89,3,101.38,19 / 22,2730209,2019-09-06 20:05:35:952,-0.8787,-0.4091,9.2347,-0.0463,0.0127,9.8065,0.0814,0.0523,-0.001,-26.12,-34.06,16.25,298.3,-81.28,-174.4
52.37836,-1.505598,128.08,24.89,3,101.38,19 / 22,2730309,2019-09-06 20:05:36:052,-0.9412,0.094,10.4724,-0.0336,0,9.8065,0.171,-0.0084,0.0574,-26.19,-34.25,15.88,300.3,-81.51,-172.8
52.37836,-1.505598,128.08,24.89,3,101.38,19 / 21,2730409,2019-09-06 20:05:36:152,0.5664,0.1681,10.3472,0.0565,-0.0081,9.8064,0.0584,0.0408,0.0072,-26.87,-33.69,16.81,300.17,-81.63,-174
52.37836,-1.505598,128.08,24.89,3,101.38,19 / 21,2730510,2019-09-06 20:05:36:253,-0.2047,1.1009,10.7705,-0.0105,0.0078,9.8066,0.016,-0.0522,0.0116,-25.75,-33.25,16.88,299.27,-81.2,-175.39
52.37836,-1.505598,128.08,24.89,3,101.38,19 / 21,2730609,2019-09-06 20:05:36:352,-0.8801,-0.0716,10.3384,-0.0068,0.0012,9.8066,0.0158,0.0684,-0.0184,-26.25,-33.19,17.31,299.38,-81.14,-175.23
52.37836,-1.505598,128.08,24.89,3,101.38,19 / 21,2730709,2019-09-06 20:05:36:452,-0.1759,0.9092,9.2311,-0.0058,-0.02,9.8066,-0.1216,0.0333,0.0062,-25.62,-32.5,17.25,300.17,-81.21,-174.82
52.37836,-1.505598,128.08,24.89,3,101.38,19 / 21,2730810,2019-09-06 20:05:36:553,-0.4692,-0.457,8.6791,-0.0062,-0.0002,9.8066,-0.1416,-0.0207,0.018,-25.44,-33.12,16,300.71,-81.31,-173.24
52.37836,-1.505598,128.08,24.89,3,101.38,19 / 21,2730909,2019-09-06 20:05:36:652,-0.2601,-0.347,9.5337,0.0003,0.0011,9.8066,0.0238,0.0549,-0.0583,-25.75,-33.5,16.38,300.11,-81.48,-173.19
52.37836,-1.505598,128.08,24.89,3,101.38,19 / 21,2731009,2019-09-06 20:05:36:752,0.0829,0.2413,9.3636,0.0197,0.0072,9.8065,-0.0139,-0.0306,-0.0184,-25.19,-33.62,16.06,299.99,-81.58,-173.94
52.37836,-1.505598,128.08,24.89,3,101.38,19 / 21,2731110,2019-09-06 20:05:36:853,-1.0366,1.017,9.9297,0.0208,0,9.8065,-0.0813,0.0204,-0.0451,-24.75,-33.31,16.63,300.35,-81.42,-175.44
52.37836,-1.505598,128.08,24.89,3,101.38,19 / 21,2731210,2019-09-06 20:05:36:953,1.8394,-0.265,9.6594,-0.0302,0.018,9.8066,0.1533,0.0319,-0.0146,-24.81,-33.31,16.25,297.69,-81.54,-176.27
52.37836,-1.505598,128.08,24.89,3,101.38,19 / 21,2731310,2019-09-06 20:05:37:053,-0.4291,0.83,9.3208,-0.027,0.0078,9.8066,0.0353,-0.0405,0.0276,-25.19,-33.25,15,295.96,-81.55,-176.08
52.37836,-1.505598,128.08,24.89,3,101.38,19 / 22,2731409,2019-09-06 20:05:37:152,-1.137,0.0277,9.8737,-0.0384,0.008,9.8065,0.1087,0.0151,0.0095,-25,-33.75,15.06,297.27,-81.8,-174.88
52.37836,-1.505598,128.08,24.89,3,101.38,19 / 22,2731509,2019-09-06 20:05:37:252,-0.2261,0.3395,9.8685,-0.0148,0.012,9.8065,-0.0899,0.0214,-0.0415,-23.87,-33.81,14.31,295.87,-81.74,-174.97
52.37836,-1.505598,128.08,24.89,3,101.38,19 / 22,2731609,2019-09-06 20:05:37:352,-1.6862,-1.4878,9.753,0,0.0105,9.8066,-0.0837,-0.0577,0.1101,-22.5,-36.25,11.06,289.3,-81.56,-175.26
52.37836,-1.505598,128.08,24.89,3,101.38,19 / 22,2731709,2019-09-06 20:05:37:452,2.1975,-3.6075,9.3652,0.0229,0.0186,9.8066,-0.1909,0.2589,-0.4782,-13.56,-60.12,7.69,268.53,-81.38,-176.9
52.37836,-1.505598,128.08,24.89,3,101.38,19 / 22,2731810,2019-09-06 20:05:37:553,-0.712,3.6952,6.9809,-0.0277,0.0779,9.8062,-0.3152,0.1025,0.4883,-6.87,-69.5,19.38,319.73,-81.34,179.75
52.37836,-1.505598,128.08,24.89,3,101.38,19 / 22,2731910,2019-09-06 20:05:37:653,-3.0915,-0.6817,8.084,-0.0242,-0.1451,9.8055,0.3034,0.0506,-0.2783,-5.25,-65.25,21,338.6,-80.77,-177.58
52.37836,-1.505598,128.08,24.89,3,101.38,19 / 22,2732010,2019-09-06 20:05:37:753,-0.1942,1.9543,8.6311,-0.0363,0.1305,9.8057,0.2649,-0.1385,0.0349,-4.06,-61.56,18.88,344.46,-81.88,-176.56
52.37836,-1.505598,128.08,24.89,3,101.38,19 / 22,2732110,2019-09-06 20:05:37:853,-0.2634,-0.8232,9.5564,-0.0096,0.0659,9.8064,0.0903,-0.0188,0.0736,-1.87,-61.31,15.56,351.35,-81.76,-176.76
52.37836,-1.505598,128.08,24.89,3,101.38,19 / 22,2732210,2019-09-06 20:05:37:953,0.9061,-0.6784,9.7277,-0.0016,-0.0186,9.8066,0.0507,0.0135,-0.0257,-1.5,-62.81,12.38,349.85,-81.75,-177.68
52.37836,-1.505598,128.08,24.89,3,101.38,19 / 22,2732310,2019-09-06 20:05:38:053,-0.3321,-0.3933,9.7552,-0.0047,-0.0088,9.8066,-0.1083,-0.0549,0.0229,0.69,-67.62,10.31,87.01,-81.74,-177.61
52.37836,-1.505598,128.08,24.89,3,101.38,18 / 20,2732409,2019-09-06 20:05:38:152,0.2729,0.841,8.2147,0.0034,-0.0023,9.8066,-0.0714,-0.0268,-0.0109,-2.12,-69.81,23,354.78,-81.6,-177.89
52.37836,-1.505598,128.08,24.89,3,101.38,18 / 20,2732510,2019-09-06 20:05:38:253,-2.2903,0.7027,7.9466,0.0236,-0.0655,9.8064,-0.0442,0.1802,-0.0966,-17.31,-42.81,29.94,326.32,-81.37,-177.87
52.37836,-1.505598,128.08,24.89,3,101.38,18 / 20,2732609,2019-09-06 20:05:38:352,-0.0631,0.6393,9.3454,-0.0303,0.0202,9.8065,-0.0182,-0.0132,0.3381,-23.31,-33.56,21.75,308.83,-81.42,-177.4
52.37836,-1.505598,128.08,24.89,3,101.38,18 / 20,2732709,2019-09-06 20:05:38:452,-0.1667,-1.2336,9.4852,0.0017,-0.0459,9.8065,0.0911,0.0319,-0.1908,-24.81,-32.37,18,303.47,-81.43,-174.51
52.37836,-1.505598,128.08,24.89,3,101.38,18 / 20,2732809,2019-09-06 20:05:38:552,1.4254,-0.8928,8.8817,-0.0335,0.0335,9.8065,0.2035,0.0395,0.0298,-25.81,-32.37,17.31,300.83,-81.74,-174.74
52.37836,-1.505598,128.08,24.89,3,101.38,18 / 20,2732910,2019-09-06 20:05:38:653,0.6958,0.5327,9.3763,-0.0124,-0.0038,9.8065,-0.0459,-0.0172,0.0736,-26.12,-32.94,17.88,302.32,-81.74,-174.77
52.37836,-1.505598,128.08,24.89,3,101.38,18 / 20,2733009,2019-09-06 20:05:38:752,0.3877,-0.3782,10.635,-0.0174,-0.0249,9.8066,0.1153,-0.0467,0.0375,-24.81,-31.75,18.38,306.1,-81.72,-172.37
52.37836,-1.505598,128.08,24.89,3,101.38,18 / 20,2733109,2019-09-06 20:05:38:852,1.0214,0.2106,10.2433,0.0001,-0.0218,9.8066,-0.0054,-0.1117,0.0613,-23.44,-32.12,17.56,309.9,-81.43,-170.59
52.37836,-1.505598,128.08,24.89,3,101.38,18 / 20,2733210,2019-09-06 20:05:38:953,-2.1468,1.3416,9.6742,-0.0536,0.0566,9.8063,-0.0389,-0.0565,-0.0371,-22.62,-32.44,16.25,305.33,-81.06,-170.77
52.37836,-1.505598,128.08,24.89,3,101.38,18 / 20,2733309,2019-09-06 20:05:39:052,-0.7735,-0.4165,9.0986,-0.0446,0.0485,9.8063,-0.24,-0.0507,-0.0265,-23,-33.12,15.75,302.87,-81.51,-173.21
52.378025,-1.502333,127.88,25.43,3,98.09,19 / 21,2733410,2019-09-06 20:05:39:153,-0.901,0.029,8.2873,-0.0226,-0.0088,9.8065,-0.0327,-0.0277,0.0017,-22.81,-33.31,15.81,303.02,-81.71,-173.29
52.378025,-1.502333,127.88,25.43,3,98.09,19 / 21,2733509,2019-09-06 20:05:39:252,0.1966,-0.775,9.8075,-0.0407,0.0098,9.8065,-0.0873,0.0042,-0.0291,-22.19,-33,16.25,306.4,-81.95,-171.45
52.378025,-1.502333,127.88,25.43,3,98.09,19 / 21,2733610,2019-09-06 20:05:39:353,0.1479,0.174,9.6198,0.0423,-0.0031,9.8065,-0.0555,0.0135,-0.0674,-21.37,-33.62,15.5,305.43,-81.62,-172.73
52.378025,-1.502333,127.88,25.43,3,98.09,19 / 21,2733709,2019-09-06 20:05:39:452,-1.4632,1.0963,10.1265,0.0534,-0.0111,9.8064,0.1274,0.014,-0.028,-19.12,-36.06,13.81,300.72,-81.49,-174.1
52.378025,-1.502333,127.88,25.43,3,98.09,19 / 21,2733810,2019-09-06 20:05:39:553,0.6092,-0.2578,9.4313,-0.0476,0.025,9.8064,0.0596,-0.0111,0.0497,-18.37,-37.94,16.88,308.31,-81.8,-174.81
52.378025,-1.502333,127.88,25.43,3,98.09,19 / 21,2733910,2019-09-06 20:05:39:653,-0.5125,0.7841,9.3792,-0.0525,0.0111,9.8066,0.0091,-0.0622,0.0532,-20.94,-33.75,16.81,307.06,-82.04,-173.62
52.378025,-1.502333,127.88,25.43,3,98.09,19 / 21,2734010,2019-09-06 20:05:39:753,-0.1815,0.7528,10.2161,0.001,-0.0067,9.8066,0.213,-0.0959,0.1014,-21.5,-32.94,16.25,305.55,-82.3,-173.63
52.378025,-1.502333,127.88,25.43,3,98.09,19 / 21,2734109,2019-09-06 20:05:39:852,-1.2829,-0.7625,11.0111,-0.004,-0.0016,9.8066,-0.0029,0.0771,-0.0331,-21.94,-32.44,15.94,306.05,-82.26,-172.32
52.378025,-1.502333,127.88,25.43,3,98.09,19 / 21,2734210,2019-09-06 20:05:39:953,1.7866,3.9877,12.2101,-0.0262,0.0268,9.8065,0.4851,0.2223,-0.1776,-21.31,-32.5,16.13,305.83,-82.2,-173.5
52.378025,-1.502333,127.88,25.43,3,98.09,19 / 21,2734310,2019-09-06 20:05:40:053,3.9318,-1.7067,12.7068,-0.0464,0.0533,9.8063,-0.4018,-0.1172,0.1116,-21.69,-32.69,16,302.07,-81.88,-175.29
52.378025,-1.502333,127.88,25.43,3,98.09,19 / 21,2734410,2019-09-06 20:05:40:153,-1.8588,2.7975,8.5319,0.128,-0.0609,9.8056,-0.5113,0.0468,-0.1451,-21.69,-33.44,15.5,301.09,-81.17,-175.38
52.378025,-1.502333,127.88,25.43,3,98.09,19 / 21,2734509,2019-09-06 20:05:40:252,-1.7067,0.6797,8.2747,0.0889,-0.0263,9.8062,-0.0192,0.0726,-0.0176,-21.87,-33.12,15,298.36,-81.63,-176.46
52.378025,-1.502333,127.88,25.43,3,98.09,19 / 21,2734610,2019-09-06 20:05:40:353,1.7778,1.1298,8.9839,-0.0097,0.0145,9.8066,-0.0508,0.0308,-0.021,-21.81,-33.31,14.81,299.53,-81.97,-175.78
52.378025,-1.502333,127.88,25.43,3,98.09,19 / 21,2734710,2019-09-06 20:05:40:453,-0.6729,0.5903,8.5345,0.0417,-0.0181,9.8065,-0.0847,-0.066,0.0854,-21.81,-33.25,15.31,299.66,-82.06,-175.77
52.378025,-1.502333,127.88,25.43,3,98.09,19 / 21,2734810,2019-09-06 20:05:40:553,-0.3701,0.0121,9.4155,0.0129,-0.0104,9.8065,-0.096,0.0321,0.0096,-21.25,-33.19,14.94,301.49,-82.05,-175.07
52.378025,-1.502333,127.88,25.43,3,98.09,19 / 21,2734909,2019-09-06 20:05:40:652,-0.9353,0.848,9.5989,0.0399,-0.0281,9.8065,0.175,-0.0191,-0.0127,-21.75,-33.56,15.44,300.06,-81.89,-174.94
52.378025,-1.502333,127.88,25.43,3,98.09,19 / 21,2735010,2019-09-06 20:05:40:753,-0.3324,-1.2942,9.9577,-0.0564,0.0286,9.8064,0.2388,-0.1029,0.0233,-21.81,-32.75,15.75,303.41,-82.14,-174.36
52.378025,-1.502333,127.88,25.43,3,98.09,19 / 21,2735110,2019-09-06 20:05:40:853,0.9055,0.0618,10.0429,-0.0401,0.0175,9.8065,-0.0928,-0.0284,0.0809,-21.94,-33.75,15.5,303.18,-82.04,-174.21
52.378025,-1.502333,127.88,25.43,3,98.09,19 / 21,2735209,2019-09-06 20:05:40:952,0.0749,0.6686,9.4335,-0.006,-0.0071,9.8066,-0.0562,-0.0365,-0.0174,-22.06,-33.69,14.81,300.72,-82.07,-174.56
52.378025,-1.502333,127.88,25.43,3,98.09,19 / 21,2735310,2019-09-06 20:05:41:053,-0.4794,-0.4416,9.4792,0.0224,-0.001,9.8065,-0.1048,0.0499,-0.0233,-21.56,-33.44,15.75,303.73,-82.21,-174.14
52.378025,-1.502333,127.88,25.43,3,98.09,17 / 20,2735410,2019-09-06 20:05:41:153,-0.7264,0.7049,10.387,0.0356,-0.0119,9.8065,-0.1094,0.0071,0.0038,-21.69,-34.31,15.25,299.92,-82.11,-175.33
52.378025,-1.502333,127.88,25.43,3,98.09,17 / 20,2735510,2019-09-06 20:05:41:253,-1.0207,0.1761,10.5547,0.0009,-0.0022,9.8066,0.0987,-0.0284,-0.0119,-21.62,-34.12,15.31,299.91,-82.15,-175.39
52.378025,-1.502333,127.88,25.43,3,98.09,17 / 20,2735610,2019-09-06 20:05:41:353,-0.5915,-1.2606,10.1034,0.0315,-0.0128,9.8065,-0.0638,0.1541,-0.0726,-22,-34.37,15.19,300.4,-82.03,-174.79
52.378025,-1.502333,127.88,25.43,3,98.09,17 / 20,2735710,2019-09-06 20:05:41:453,-1.1071,1.3955,8.4533,0.0315,-0.0188,9.8066,-0.0647,-0.0157,-0.0469,-21.75,-33.87,15.56,301.28,-81.92,-175.8
52.378025,-1.502333,127.88,25.43,3,98.09,17 / 20,2735809,2019-09-06 20:05:41:552,-1.0908,-0.5492,8.4424,-0.0245,0.0241,9.8066,-0.0385,-0.0584,0.0104,-21.19,-33.62,15.94,302.49,-82.35,-176.21
52.378025,-1.502333,127.88,25.43,3,98.09,17 / 20,2735910,2019-09-06 20:05:41:653,0.2969,0.4846,9.0293,0.011,-0.0081,9.8066,0.0783,0.0287,-0.0045,-21.62,-33.69,15.5,301.37,-82.39,-176.26
52.378025,-1.502333,127.88,25.43,3,98.09,17 / 20,2736009,2019-09-06 20:05:41:752,-0.1573,-0.7365,9.885,-0.0364,0.0146,9.8065,0.1608,-0.0257,0.0771,-21.44,-33.81,15.75,302.82,-82.56,-176.16
52.378025,-1.502333,127.88,25.43,3,98.09,17 / 20,2736109,2019-09-06 20:05:41:852,0.479,-0.4868,10.6658,-0.0156,-0.0033,9.8065,0.0101,0.0213,0.0085,-21.44,-34.25,16.19,303.53,-82.29,-175.21
52.378025,-1.502333,127.88,25.43,3,98.09,17 / 20,2736209,2019-09-06 20:05:41:952,0.2152,0.5685,10.5763,0.0207,-0.0153,9.8065,-0.0094,-0.0483,0.0241,-21.37,-32.75,15.5,303.62,-82.15,-175.2
52.378025,-1.502333,127.88,25.43,3,98.09,17 / 20,2736309,2019-09-06 20:05:42:052,-0.2084,-0.1024,10.6089,-0.0012,0.0004,9.8066,0.0166,-0.0341,-0.0401,-21.12,-32,15.5,304.28,-82.04,-174.74
52.378025,-1.502333,127.88,25.43,3,98.09,18 / 20,2736409,2019-09-06 20:05:42:152,-1.5471,1.0443,8.2844,0.0569,-0.0223,9.8064,-0.3156,0.0572,-0.0607,-20.31,-31.56,14.44,300.75,-82.33,-175.31
52.378025,-1.502333,127.88,25.43,3,98.09,18 / 20,2736510,2019-09-06 20:05:42:253,-1.5817,1.6722,9.6251,0.0641,-0.014,9.8064,0.1051,-0.0022,0.0658,-18.5,-33.5,11.13,292.81,-82.14,-176.96
52.378025,-1.502333,127.88,25.43,3,98.09,18 / 20,2736610,2019-09-06 20:05:42:353,0.224,-0.5455,10.3022,0.0028,-0.0055,9.8066,0.0833,0.1085,-0.0093,-15.87,-44.5,5.44,269.38,-82.19,-176.9
52.378025,-1.502333,127.88,25.43,3,98.09,18 / 20,2736710,2019-09-06 20:05:42:453,1.114,0.243,11.4549,-0.0535,-0.024,9.8065,-0.2776,0.0495,-0.2431,-12.75,-63.37,11.19,284.66,-82.29,-176.51
52.378025,-1.502333,127.88,25.43,3,98.09,18 / 20,2736810,2019-09-06 20:05:42:553,1.1043,-2.9388,10.5069,0.0526,0.022,9.8064,0.0763,-0.0965,0.2062,-8.75,-69.56,14.69,299.58,-81.91,-179.63
52.378025,-1.502333,127.88,25.43,3,98.09,18 / 20,2736911,2019-09-06 20:05:42:654,0.5411,-0.6158,10.0254,-0.0143,0.0111,9.8066,-0.2876,0.0891,-0.0106,-7.25,-72,16.31,312.42,-82.2,-179.17
52.378025,-1.502333,127.88,25.43,3,98.09,18 / 20,2737009,2019-09-06 20:05:42:752,-0.9449,-0.0672,8.727,-0.0104,0.0108,9.8066,-0.1231,-0.0188,0.0221,-7.5,-70.25,15.75,315.74,-82.6,-179.18
52.378025,-1.502333,127.88,25.43,3,98.09,18 / 20,2737110,2019-09-06 20:05:42:853,-0.4301,0.3888,9.6049,-0.0012,0.0037,9.8066,0.1081,0.0399,0.0428,-7.19,-70.81,15.5,316.86,-82.78,-178.75
52.378025,-1.502333,127.88,25.43,3,98.09,18 / 20,2737209,2019-09-06 20:05:42:952,0.2206,0.9017,9.6837,-0.0101,-0.0127,9.8065,0.0367,-0.0034,-0.0319,-6.25,-72.44,15.44,317.44,-82.76,-178.11
52.378025,-1.502333,127.88,25.43,3,98.09,18 / 20,2737310,2019-09-06 20:05:43:053,-1.2122,0.4901,11.6314,0.0042,-0.002,9.8066,0.2764,-0.001,0.0623,-5.19,-72.12,16.38,326.59,-82.57,-177.98
52.378025,-1.502333,127.88,25.43,3,98.09,18 / 20,2737409,2019-09-06 20:05:43:152,-0.4794,-0.0355,10.3962,-0.0333,0.0079,9.8065,0.0665,0.0688,0.0588,-6.25,-70.12,15.63,323.03,-82.41,-177.12
52.378025,-1.502333,127.88,25.43,3,98.09,18 / 20,2737510,2019-09-06 20:05:43:253,-0.8855,-0.0929,9.6658,0.0038,-0.0095,9.8066,-0.055,-0.0135,-0.0946,-7.75,-72.94,15.56,314.39,-82.47,-176.24
52.378025,-1.502333,127.88,25.43,3,98.09,18 / 20,2737609,2019-09-06 20:05:43:352,-0.5317,0.1375,9.1758,0.0217,0.0253,9.8065,0.0288,-0.0623,0.0187,-7,-71.12,17.63,327.53,-82.59,-176.23
52.378025,-1.502333,127.88,25.43,3,98.09,18 / 20,2737709,2019-09-06 20:05:43:452,-0.2697,-0.1899,9.2035,0.0072,0.0062,9.8066,-0.0876,0.0613,-0.114,-5.69,-72.81,16.38,319.67,-82.81,-179.23
52.378025,-1.502333,127.88,25.43,3,98.09,18 / 20,2737810,2019-09-06 20:05:43:553,-0.1084,1.4985,9.434,-0.0031,0.0304,9.8066,0.0424,-0.0141,0.0421,-5.5,-71.31,18.06,330.28,-82.98,179.33
52.378025,-1.502333,127.88,25.43,3,98.09,18 / 20,2737910,2019-09-06 20:05:43:653,0.9945,-0.6126,9.7895,-0.0248,0.0327,9.8065,-0.114,0.0377,0.0081,-5,-70.69,16.19,324.43,-83.02,179.46
52.378025,-1.502333,127.88,25.43,3,98.09,18 / 20,2738010,2019-09-06 20:05:43:753,0.8319,1.417,9.4808,0.0138,-0.0324,9.8066,-0.0987,0.0711,-0.0583,-5.19,-68.56,15.56,325.96,-82.81,-179.66
52.378025,-1.502333,127.88,25.43,3,98.09,18 / 20,2738109,2019-09-06 20:05:43:852,0.2923,0.8815,9.8026,0.0156,-0.0285,9.8066,0.0532,-0.038,0.0663,-3.44,-70.44,14.44,330.52,-82.78,-179.56
52.378025,-1.502333,127.88,25.43,3,98.09,18 / 20,2738209,2019-09-06 20:05:43:952,0.2519,1.1183,9.6772,-0.0085,-0.0108,9.8065,-0.0618,0.0602,-0.0083,-2.94,-71.19,16.13,339.43,-82.83,-178.76
52.378025,-1.502333,127.88,25.43,3,98.09,18 / 20,2738310,2019-09-06 20:05:44:053,0.3298,1.3745,9.3933,-0.0082,0.0218,9.8065,0.0137,-0.0485,0.0177,-2.5,-68.81,15.06,347.13,-82.92,-177.99
52.378025,-1.502333,127.88,25.43,3,98.09,19 / 22,2738409,2019-09-06 20:05:44:152,-0.5642,-0.3828,8.8469,-0.0005,0.0373,9.8066,-0.0024,0.0258,0.0124,-2.31,-70.5,14.69,347.28,-83.07,-177.98
52.378025,-1.502333,127.88,25.43,3,98.09,19 / 22,2738510,2019-09-06 20:05:44:253,0.606,0.7786,10.3289,-0.0062,0.0016,9.8066,0.021,-0.0031,-0.0485,-1.56,-70.56,14.44,342.49,-83.04,-178.71
52.378025,-1.502333,127.88,25.43,3,98.09,19 / 22,2738609,2019-09-06 20:05:44:352,0.2712,0.8493,9.7006,-0.0002,0.0269,9.8066,0.0529,-0.0357,-0.0481,-1.75,-70.37,14.25,342.89,-83.06,-178.72
52.378025,-1.502333,127.88,25.43,3,98.09,19 / 22,2738710,2019-09-06 20:05:44:453,-0.3544,0.7159,10.1365,-0.0037,0.0213,9.8066,0.0117,0.0874,0.0366,-2.06,-71.81,12.75,336.56,-83.01,-179.15
52.378025,-1.502333,127.88,25.43,3,98.09,19 / 22,2738809,2019-09-06 20:05:44:552,-0.2209,0.4859,10.1966,-0.0001,-0.0293,9.8066,-0.0372,0.0471,0.0139,-1.87,-72.62,14.69,343,-83.1,-179.53
52.378025,-1.502333,127.88,25.43,3,98.09,19 / 22,2738909,2019-09-06 20:05:44:652,0.599,0.1388,10.0822,0.0003,-0.0036,9.8065,0.0307,-0.0735,0.0276,-3.37,-69.31,14.06,334.86,-83.06,-178.55
52.378025,-1.502333,127.88,25.43,3,98.09,19 / 22,2739009,2019-09-06 20:05:44:752,-0.9896,-0.2521,9.1093,-0.0081,0.0052,9.8066,-0.0409,0.0568,-0.0882,-4.62,-72.87,13.56,320.09,-83.17,-177.99
52.378025,-1.502333,127.88,25.43,3,98.09,19 / 22,2739110,2019-09-06 20:05:44:853,0.1951,1.9641,10.0545,0.0048,0.0167,9.8066,0.0806,-0.0136,-0.0156,-3.31,-75.19,16.25,338.54,-83.33,-179.41
52.378025,-1.502333,127.88,25.43,3,98.09,19 / 22,2739209,2019-09-06 20:05:44:952,-0.4372,-1.191,10.3184,0.0099,0.0295,9.8065,0.1186,-0.0878,0.0391,-2.31,-74.37,17.88,346.96,-83.43,179.44
52.378025,-1.502333,127.88,25.43,3,98.09,19 / 22,2739310,2019-09-06 20:05:45:053,0.6977,0.3712,9.7837,-0.0035,-0.0092,9.8066,-0.0299,0.0451,0.0017,-2.75,-71.19,16.88,340.22,-83.23,179.8
52.378025,-1.502333,127.88,25.43,3,98.09,19 / 21,2739410,2019-09-06 20:05:45:153,0.1068,-0.3333,9.3394,-0.0327,0.0235,9.8066,0.0291,0.038,0.0458,-2.87,-71.62,14.13,330.03,-83.1,179.91
52.378025,-1.502333,127.88,25.43,3,98.09,19 / 21,2739509,2019-09-06 20:05:45:252,-0.7918,0.9771,9.8345,-0.0121,0.0171,9.8066,0.046,-0.0195,-0.0225,-2.37,-72.5,14.06,344.33,-83.32,-178.24
52.378025,-1.502333,127.88,25.43,3,98.09,19 / 21,2739610,2019-09-06 20:05:45:353,-0.3439,0.6019,9.5147,0.0144,-0.0186,9.8066,-0.1344,0.0822,-0.1221,-1.94,-73.94,11.5,332.95,-83.35,-178.73
52.378025,-1.502333,127.88,25.43,3,98.09,19 / 21,2739709,2019-09-06 20:05:45:452,1.3142,1.0634,10.1434,0.0153,-0.0001,9.8066,0.1041,-0.0096,0.0739,-2.81,-76.12,11.81,316.45,-83.46,179.59
52.378025,-1.502333,127.88,25.43,3,98.09,19 / 21,2739809,2019-09-06 20:05:45:552,1.259,-0.1429,9.0038,-0.0208,-0.0097,9.8066,0.1175,-0.0024,0.0572,-5.62,-84.94,11.94,293.1,-83.5,-178.66
52.378025,-1.502333,127.88,25.43,3,98.09,19 / 21,2739909,2019-09-06 20:05:45:652,0.542,2.0299,7.3988,0.0176,-0.0165,9.8065,0.0233,-0.1899,0.1024,-15.37,-76.31,32.13,329.83,-83.43,-177.77
52.378025,-1.502333,127.88,25.43,3,98.09,19 / 21,2740009,2019-09-06 20:05:45:752,0.5199,2.563,9.2547,-0.0374,0.0514,9.8063,-0.1304,0.0899,-0.1547,-18.94,-41.44,30.25,325.59,-83.43,-177.6
52.378025,-1.502333,127.88,25.43,3,98.09,19 / 21,2740110,2019-09-06 20:05:45:853,-1.351,1.2472,9.8847,0.0286,-0.0115,9.8066,0.3197,0.0158,0.0752,-20.19,-33.25,17.63,307.36,-83.47,-178.05
52.378025,-1.502333,127.88,25.43,3,98.09,19 / 21,2740209,2019-09-06 20:05:45:952,-0.3731,-0.0598,9.5208,-0.0388,-0.003,9.8065,0.0425,0.0872,-0.0449,-21.12,-33.37,15.38,302.82,-83.41,-175.44
52.378025,-1.502333,127.88,25.43,3,98.09,19 / 21,2740309,2019-09-06 20:05:46:052,0.233,-0.1948,9.6889,-0.0546,0.0181,9.8064,-0.0358,0.001,0.012,-21.06,-33.19,14.13,301.19,-83.53,-175.07
52.378025,-1.502333,127.88,25.43,3,98.09,20 / 22,2740409,2019-09-06 20:05:46:152,-0.1049,-0.5112,9.3487,0.02,-0.0038,9.8065,-0.0505,-0.0289,-0.0204,-21.37,-33.81,14.19,300.5,-83.62,-175.59
52.378025,-1.502333,127.88,25.43,3,98.09,20 / 22,2740510,2019-09-06 20:05:46:253,-0.2725,0.3732,9.8767,0.0144,-0.009,9.8066,-0.0459,0.053,-0.0476,-21.44,-33.94,14.56,302.82,-83.78,-175.65
52.378025,-1.502333,127.88,25.43,3,98.09,20 / 22,2740609,2019-09-06 20:05:46:352,-0.2963,-0.2596,10.2483,-0.0016,0.0111,9.8066,0.1261,-0.0113,0.0811,-21.56,-34.87,13.56,298.41,-83.71,-176.46
52.378025,-1.502333,127.88,25.43,3,98.09,20 / 22,2740710,2019-09-06 20:05:46:453,0.7714,-0.7789,10.0771,0.0219,-0.0146,9.8065,-0.0701,0.0518,-0.0349,-21.56,-34.19,14.31,298.7,-83.54,-176.19
52.378025,-1.502333,127.88,25.43,3,98.09,20 / 22,2740809,2019-09-06 20:05:46:552,0.7802,-0.1075,9.4242,0.0174,-0.0204,9.8066,-0.2336,0.0375,-0.0151,-20.94,-34.5,13.81,300.31,-83.4,-175.49
52.378025,-1.502333,127.88,25.43,3,98.09,20 / 22,2740909,2019-09-06 20:05:46:652,-0.3012,0.1255,9.1584,-0.0071,-0.0001,9.8066,0.0479,-0.0042,0.0173,-21.87,-33.87,13.75,299.9,-83.64,-175.2
52.378025,-1.502333,127.88,25.43,3,98.09,20 / 22,2741009,2019-09-06 20:05:46:752,-0.2634,0.2095,9.3418,-0.0119,0.0056,9.8066,0.0248,0.0125,-0.0328,-21.5,-34.62,13.56,301.3,-83.92,-175
52.378025,-1.502333,127.88,25.43,3,98.09,20 / 22,2741109,2019-09-06 20:05:46:852,0.1943,0.9756,9.4503,0.0115,-0.0084,9.8066,0.0679,-0.0034,0.0445,-22.12,-33.75,13,298.13,-83.89,-175.11
52.378025,-1.502333,127.88,25.43,3,98.09,20 / 22,2741210,2019-09-06 20:05:46:953,0.3348,-0.8522,9.9828,-0.02,0.0079,9.8065,0.168,-0.046,0.0754,-22,-34.56,13.31,298.06,-83.7,-174.71
52.378025,-1.502333,127.88,25.43,3,98.09,20 / 22,2741310,2019-09-06 20:05:47:053,0.1083,-0.9297,9.7532,-0.0312,-0.0001,9.8066,-0.207,0.1213,-0.046,-21.62,-34.19,13.56,302.26,-83.81,-173.2
52.378025,-1.502333,127.88,25.43,3,98.09,19 / 21,2741410,2019-09-06 20:05:47:153,0.673,0.5279,9.827,0.022,-0.0131,9.8066,-0.1712,0.0021,0.1021,-22,-34.25,13.31,300.58,-83.84,-172.76
52.378025,-1.502333,127.88,25.43,3,98.09,19 / 21,2741510,2019-09-06 20:05:47:253,-1.6608,-0.0606,9.3256,0.0245,-0.0205,9.8066,0.1043,0.0029,-0.0022,-22.31,-34.37,13.38,302.21,-83.91,-171.33
52.378025,-1.502333,127.88,25.43,3,98.09,19 / 21,2741609,2019-09-06 20:05:47:352,0.0187,-0.0372,9.8582,0.0127,-0.0089,9.8066,-0.0424,0.0256,-0.0051,-22.31,-33.62,13.06,303.13,-84.06,-170.66
52.378025,-1.502333,127.88,25.43,3,98.09,19 / 21,2741710,2019-09-06 20:05:47:453,0.4294,0.1969,10.0997,0.024,-0.0121,9.8066,0.0331,-0.0375,0.084,-22.75,-34.5,12.81,302.16,-83.94,-170.54
52.378025,-1.502333,127.88,25.43,3,98.09,19 / 21,2741810,2019-09-06 20:05:47:553,0.1453,-0.2915,9.8342,-0.0246,0.007,9.8066,0.1031,-0.0079,0.0204,-22.31,-33.75,13,304.7,-84.08,-169.23
52.378025,-1.502333,127.88,25.43,3,98.09,19 / 21,2741910,2019-09-06 20:05:47:653,0.2849,-0.4421,9.2726,-0.0281,0.0094,9.8065,-0.1844,0.0368,-0.0198,-21.94,-33.56,12.75,305.28,-84.16,-168.79
52.378025,-1.502333,127.88,25.43,3,98.09,19 / 21,2742010,2019-09-06 20:05:47:753,0.2403,1.4414,9.4813,0.0179,-0.0093,9.8066,-0.1862,-0.0352,0.0481,-21.94,-34.5,12.81,305.55,-84.19,-168.59
52.378025,-1.502333,127.88,25.43,3,98.09,19 / 21,2742109,2019-09-06 20:05:47:852,-1.0993,-0.6535,9.8305,0.0098,-0.0124,9.8066,0.085,-0.0202,0.034,-22.25,-34.19,13,307.22,-84.19,-167.04
52.378025,-1.502333,127.88,25.43,3,98.09,19 / 21,2742210,2019-09-06 20:05:47:953,-0.4894,0.7184,9.6353,0.0009,-0.0117,9.8066,-0.0771,0.0896,-0.0664,-21.75,-33.94,13.56,309.38,-84.26,-167.15
52.378025,-1.502333,127.88,25.43,3,98.09,19 / 21,2742310,2019-09-06 20:05:48:053,-0.4457,-0.514,10.1157,-0.0076,0.0106,9.8065,0.1378,-0.0715,-0.0374,-22.31,-33.75,13.13,306.64,-84.27,-167.66
52.377785,-1.499036,128.69,24.43,4,94.83,18 / 22,2742409,2019-09-06 20:05:48:152,-0.9875,1.4909,10.0147,-0.0312,0.0385,9.8065,0.2585,-0.0579,0.0094,-22.06,-33.94,13.56,307.75,-84.23,-168.6
52.377785,-1.499036,128.69,24.43,4,94.83,18 / 22,2742510,2019-09-06 20:05:48:253,0.1201,-0.2573,9.5433,-0.0206,0.0223,9.8065,-0.316,0.1186,-0.0049,-21.94,-33.5,12.94,302.93,-84.42,-171.46
52.377785,-1.499036,128.69,24.43,4,94.83,18 / 22,2742609,2019-09-06 20:05:48:352,-0.4014,0.5453,9.711,0.0354,-0.0268,9.8065,-0.1291,-0.04,0.0361,-22.37,-33.94,12.81,302.65,-84.35,-171.45
52.377785,-1.499036,128.69,24.43,4,94.83,18 / 22,2742709,2019-09-06 20:05:48:452,0.042,0.6631,9.1941,0.0102,-0.005,9.8066,0.0514,-0.0466,0.0063,-22,-34.25,13.06,304.23,-84.46,-170.11
52.377785,-1.499036,128.69,24.43,4,94.83,18 / 22,2742810,2019-09-06 20:05:48:553,-0.9512,1.0775,10.0066,-0.0033,-0.0042,9.8066,-0.0752,0.0334,-0.0194,-21.87,-34.06,12.81,304.11,-84.53,-170.3
52.377785,-1.499036,128.69,24.43,4,94.83,18 / 22,2742910,2019-09-06 20:05:48:653,-0.93,0.9836,10.6954,-0.0012,-0.0155,9.8066,0.2221,-0.0445,0.0157,-22.56,-33.81,13.25,304.01,-84.46,-169.41
52.377785,-1.499036,128.69,24.43,4,94.83,18 / 22,2743010,2019-09-06 20:05:48:753,0.9508,-1.2183,9.5681,-0.0271,0.0074,9.8066,0.2328,-0.0369,0.0501,-22.62,-33.69,13.06,304.66,-84.3,-168.63
52.377785,-1.499036,128.69,24.43,4,94.83,18 / 22,2743110,2019-09-06 20:05:48:853,-0.3458,-0.0235,9.1526,-0.039,-0.0009,9.8065,-0.239,0.0522,-0.0158,-22.5,-32.56,11.94,306.23,-84.53,-166.43
52.377785,-1.499036,128.69,24.43,4,94.83,18 / 22,2743210,2019-09-06 20:05:48:953,-0.7595,0.0134,9.3435,-0.006,-0.0025,9.8065,-0.1323,-0.0504,0.0407,-23.06,-33.69,11.75,307.21,-84.67,-164.64
52.377785,-1.499036,128.69,24.43,4,94.83,18 / 22,2743309,2019-09-06 20:05:49:052,-0.2765,0.5551,9.5134,-0.0078,0.0031,9.8066,0.0158,-0.0706,0.0819,-23.5,-33.75,11.38,306.48,-84.79,-163.37
52.377785,-1.499036,128.69,24.43,4,94.83,20 / 22,2743410,2019-09-06 20:05:49:153,-0.654,1.4059,11.3105,0.036,-0.0154,9.8065,0.0173,0.0826,-0.1682,-24.56,-34.25,10.31,301.97,-84.68,-164
52.377785,-1.499036,128.69,24.43,4,94.83,20 / 22,2743509,2019-09-06 20:05:49:252,-0.1649,2.0433,11.2116,0.055,0.012,9.8064,0.1569,-0.1134,0.0446,-25.12,-34.69,11.5,302.29,-84.44,-167.27
52.377785,-1.499036,128.69,24.43,4,94.83,20 / 22,2743611,2019-09-06 20:05:49:354,-0.8278,-0.0138,9.835,-0.0288,0.013,9.8066,0.0067,-0.0166,0.0307,-25.75,-35.06,12.13,298.89,-84.02,-169.32
52.377785,-1.499036,128.69,24.43,4,94.83,20 / 22,2743710,2019-09-06 20:05:49:453,-0.4607,0.036,9.3616,-0.0316,0.0003,9.8066,-0.0234,0.0541,0.0135,-25.25,-34.25,12.19,301.3,-84.22,-168.12
52.377785,-1.499036,128.69,24.43,4,94.83,20 / 22,2743810,2019-09-06 20:05:49:553,-0.1712,-0.3919,9.0087,-0.04,0.0144,9.8065,0.0445,-0.0503,0.0086,-24.81,-34.19,11.81,304.31,-84.67,-165.81
52.377785,-1.499036,128.69,24.43,4,94.83,20 / 22,2743909,2019-09-06 20:05:49:652,-0.6341,0.325,8.9731,-0.039,0.0184,9.8065,-0.0293,0.0184,-0.0085,-23.75,-34.69,10.25,301.35,-84.89,-165.27
52.377785,-1.499036,128.69,24.43,4,94.83,20 / 22,2744009,2019-09-06 20:05:49:752,-1.5405,-1.145,9.5569,0.0607,-0.0006,9.8064,-0.1885,-0.0562,-0.0128,-20.87,-38.06,7.38,291.12,-84.73,-168.75
52.377785,-1.499036,128.69,24.43,4,94.83,20 / 22,2744110,2019-09-06 20:05:49:853,-0.7939,-0.5095,10.5973,-0.0249,0.0161,9.8066,0.0843,-0.023,-0.0409,-12.12,-50.56,4.13,274.94,-84.62,-171.26
52.377785,-1.499036,128.69,24.43,4,94.83,20 / 22,2744209,2019-09-06 20:05:49:952,-0.2028,1.7786,10.161,-0.0056,-0.0363,9.8065,-0.0099,-0.0324,-0.0528,0,-62.06,12.19,11.16,-84.6,-174.29
52.377785,-1.499036,128.69,24.43,4,94.83,20 / 22,2744309,2019-09-06 20:05:50:052,-0.3478,-1.2292,10.158,-0.004,0.003,9.8066,0.0539,0.0997,-0.0306,3.25,-60.87,17.81,22.51,-84.57,-174
52.377785,-1.499036,128.69,24.43,4,94.83,19 / 21,2744410,2019-09-06 20:05:50:153,-1.8412,0.1855,9.3692,0.0001,0.0208,9.8065,-0.0652,-0.071,0.075,4.19,-57.19,15.44,30.76,-84.85,-173.98
52.377785,-1.499036,128.69,24.43,4,94.83,19 / 21,2744509,2019-09-06 20:05:50:252,0.1938,0.9575,9.2265,0.0148,0.0248,9.8065,-0.0178,0.0072,-0.0022,3.81,-56.44,11.56,40.9,-85.16,-171.82
52.377785,-1.499036,128.69,24.43,4,94.83,19 / 21,2744610,2019-09-06 20:05:50:353,0.1721,-0.1838,9.7643,-0.0101,-0.007,9.8065,0.0283,-0.0064,0.0038,3.81,-57.69,9.81,49.24,-85.17,-172.8
52.377785,-1.499036,128.69,24.43,4,94.83,19 / 21,2744709,2019-09-06 20:05:50:452,0.0881,-0.253,9.6605,0.0005,-0.0127,9.8066,0.0121,0.0124,-0.0195,3.81,-59.81,8.31,64.45,-85.08,-173.57
52.377785,-1.499036,128.69,24.43,4,94.83,19 / 21,2744810,2019-09-06 20:05:50:553,-0.6531,0.14,9.0314,-0.0176,0.0021,9.8066,-0.0543,0.0145,0.058,3.75,-69.44,9.63,55.8,-84.99,-173.76
52.377785,-1.499036,128.69,24.43,4,94.83,19 / 21,2744910,2019-09-06 20:05:50:653,0.0564,-0.4526,9.605,-0.0197,-0.041,9.8065,-0.0663,0.0261,0.035,-7.25,-56.06,26.44,352.86,-85.24,-170.82
52.377785,-1.499036,128.69,24.43,4,94.83,19 / 21,2745010,2019-09-06 20:05:50:753,1.2164,-0.9273,10.7914,-0.0113,-0.0355,9.8066,0.2035,0.058,0.0781,-20.06,-37,21.69,327.55,-85.21,-166.88
52.377785,-1.499036,128.69,24.43,4,94.83,19 / 21,2745109,2019-09-06 20:05:50:852,-0.1464,-0.1982,10.8837,-0.0206,-0.0087,9.8066,-0.207,0.0514,0.0364,-25,-33.56,15.5,316.85,-85.07,-161.79
52.377785,-1.499036,128.69,24.43,4,94.83,19 / 21,2745210,2019-09-06 20:05:50:953,0.6495,0.5769,10.4226,0.0564,-0.0173,9.8064,-0.1709,-0.0167,-0.0416,-26,-33.75,14.38,311.3,-84.67,-162.26
52.377785,-1.499036,128.69,24.43,4,94.83,19 / 21,2745309,2019-09-06 20:05:51:052,0.3842,0.8233,9.4693,0.0345,-0.0053,9.8065,0.0872,-0.0166,0.0452,-27,-34.06,14.25,309.61,-84.64,-163.05
52.377785,-1.499036,128.69,24.43,4,94.83,20 / 22,2745410,2019-09-06 20:05:51:153,-0.6922,0.7823,9.024,-0.0279,0.0114,9.8066,-0.1164,0.0478,-0.011,-26.25,-33.56,15.13,311.86,-84.74,-163.55
52.377785,-1.499036,128.69,24.43,4,94.83,20 / 22,2745510,2019-09-06 20:05:51:253,-0.5409,0.3448,9.5732,-0.0051,-0.0013,9.8066,0.3225,-0.0744,0,-24.31,-33.06,15.31,314.99,-84.97,-162.74
52.377785,-1.499036,128.69,24.43,4,94.83,20 / 22,2745610,2019-09-06 20:05:51:353,-0.4822,0.4381,9.394,-0.0746,0.0364,9.8063,0.282,-0.0501,-0.0371,-23,-32.44,14.56,319.66,-85.31,-159.81
52.377785,-1.499036,128.69,24.43,4,94.83,20 / 22,2745710,2019-09-06 20:05:51:453,0.7024,-0.033,10.6727,-0.037,0.0292,9.8065,0.0588,-0.0058,0.0753,-22.94,-32.69,13.31,314.06,-85.15,-160.96
52.377785,-1.499036,128.69,24.43,4,94.83,20 / 22,2745810,2019-09-06 20:05:51:553,0.6862,0.1606,11.6245,0.0186,-0.0117,9.8066,0.1733,-0.0158,-0.0161,-22.75,-32.87,13.25,311.87,-84.83,-162.67
52.377785,-1.499036,128.69,24.43,4,94.83,20 / 22,2745910,2019-09-06 20:05:51:653,1.7494,-1.2932,10.7071,0.0314,-0.0113,9.8066,-0.2853,0.1224,-0.0129,-22.5,-33.37,12.5,313.01,-84.77,-162.51
52.377785,-1.499036,128.69,24.43,4,94.83,20 / 22,2746009,2019-09-06 20:05:51:752,-0.8761,0.993,8.5654,0.0543,-0.0274,9.8064,-0.3071,0.0782,0.0082,-22.94,-33.56,13,311.33,-85,-163.2
52.377785,-1.499036,128.69,24.43,4,94.83,20 / 22,2746109,2019-09-06 20:05:51:852,-0.8056,0.2267,8.5102,0.0379,-0.0206,9.8065,0.0231,-0.0558,-0.0538,-22.75,-33.87,12.25,309.18,-84.93,-163.1
52.377785,-1.499036,128.69,24.43,4,94.83,20 / 22,2746210,2019-09-06 20:05:51:953,-1.1332,-0.4703,9.2068,-0.0228,0.0235,9.8066,0.029,-0.0259,0.0052,-22.94,-33.87,12.38,310.12,-85.32,-162.65
52.377785,-1.499036,128.69,24.43,4,94.83,20 / 22,2746309,2019-09-06 20:05:52:052,-0.8477,0.7986,9.5116,0.0095,-0.002,9.8066,-0.1006,0.0833,0.0348,-22.5,-34,12.5,311.92,-85.26,-163.86
52.377785,-1.499036,128.69,24.43,4,94.83,20 / 22,2746409,2019-09-06 20:05:52:152,0.9477,-1.9765,10.5367,-0.0508,0.0124,9.8064,0.3243,-0.0597,-0.0247,-22.69,-33.87,12.56,312.67,-85.43,-162.38
52.377785,-1.499036,128.69,24.43,4,94.83,20 / 22,2746509,2019-09-06 20:05:52:252,1.6918,0.0003,10.9117,-0.0857,0.0498,9.8061,-0.1707,-0.0518,0.0986,-22.81,-34.12,13,313.34,-85.48,-161.8
52.377785,-1.499036,128.69,24.43,4,94.83,20 / 22,2746609,2019-09-06 20:05:52:352,0.636,0.4879,10.2535,0.0413,-0.0262,9.8065,-0.1164,0.0419,-0.0847,-22.44,-33.81,12.06,311.45,-85.41,-162.39
52.377785,-1.499036,128.69,24.43,4,94.83,20 / 22,2746710,2019-09-06 20:05:52:453,0.2105,-0.8234,9.7818,-0.0059,0.0137,9.8066,-0.0474,0.0009,0.033,-22.87,-33.56,12.38,309.17,-85.26,-163.46
52.377785,-1.499036,128.69,24.43,4,94.83,20 / 22,2746809,2019-09-06 20:05:52:552,-1.7335,-0.7916,8.8565,-0.0109,0.006,9.8066,-0.1249,0.027,0.0063,-22.69,-34.06,12.19,308.35,-85.31,-164.27
52.377785,-1.499036,128.69,24.43,4,94.83,20 / 22,2746909,2019-09-06 20:05:52:652,-0.1764,-0.6527,9.2815,-0.0135,0.0096,9.8066,0.1501,0.118,-0.1612,-22.75,-34.25,12.75,309.3,-85.48,-165.58
52.377785,-1.499036,128.69,24.43,4,94.83,20 / 22,2747010,2019-09-06 20:05:52:753,1.9443,-1.738,10.0387,-0.0293,0.0328,9.8065,0.2813,-0.0854,0.0664,-22.19,-34.56,12.38,303.77,-85.73,-169.8
52.377785,-1.499036,128.69,24.43,4,94.83,20 / 22,2747109,2019-09-06 20:05:52:852,-0.7856,-0.1706,10.7479,-0.0536,0.0196,9.8064,-0.1311,0.0565,-0.0148,-22,-34.69,12.31,303.88,-85.73,-169.69
52.377785,-1.499036,128.69,24.43,4,94.83,20 / 22,2747210,2019-09-06 20:05:52:953,-0.3841,0.9643,10.3674,0.0249,-0.0158,9.8065,0.0246,0.0273,-0.0298,-22.37,-34.75,11.81,302.12,-85.71,-171.32
52.377785,-1.499036,128.69,24.43,4,94.83,20 / 22,2747310,2019-09-06 20:05:53:053,0.3496,0.2056,9.3704,0.0057,0.0076,9.8065,-0.1337,-0.0146,-0.0061,-21.87,-34.31,12.13,301.67,-85.54,-171.69
52.377785,-1.499036,128.69,24.43,4,94.83,20 / 22,2747410,2019-09-06 20:05:53:153,1.0807,0.1509,9.0565,-0.0007,0.005,9.8066,-0.0615,0.0552,-0.0393,-22.06,-34.56,12.38,300.73,-85.64,-172.56
52.377785,-1.499036,128.69,24.43,4,94.83,20 / 22,2747509,2019-09-06 20:05:53:252,1.0412,-1.1275,9.944,-0.0077,0.0017,9.8066,-0.0373,0.0586,-0.0188,-21.75,-34.75,12.81,302.68,-85.78,-172.95
52.377785,-1.499036,128.69,24.43,4,94.83,20 / 22,2747609,2019-09-06 20:05:53:352,0.391,-0.965,9.5798,0.0214,-0.008,9.8065,-0.0204,-0.0829,0.1071,-22.12,-34,12.19,301.35,-85.73,-172.24
52.377785,-1.499036,128.69,24.43,4,94.83,20 / 22,2747710,2019-09-06 20:05:53:453,-0.6249,-0.3263,9.3135,0.0178,-0.0233,9.8066,0.0687,-0.0267,-0.0144,-22.69,-34,12,302.39,-85.66,-170.27
52.377785,-1.499036,128.69,24.43,4,94.83,20 / 22,2747810,2019-09-06 20:05:53:553,0.1978,-0.0384,9.8518,-0.05,0.0334,9.8064,0.2243,-0.0458,0.0466,-22.06,-33.94,12.25,302.63,-85.59,-170.85
52.377785,-1.499036,128.69,24.43,4,94.83,20 / 22,2747910,2019-09-06 20:05:53:653,-1.1758,-0.4722,10.4441,0.0064,0.0054,9.8066,-0.0023,-0.0383,-0.0406,-22.25,-34,11.56,302.74,-85.84,-171.05
52.377785,-1.499036,128.69,24.43,4,94.83,20 / 22,2748009,2019-09-06 20:05:53:752,0.1066,0.3725,10.3467,-0.0151,0.0114,9.8066,0.0326,-0.0676,-0.0181,-22.06,-33.87,11.56,300.95,-85.9,-172.82
52.377785,-1.499036,128.69,24.43,4,94.83,20 / 22,2748109,2019-09-06 20:05:53:852,0.5494,0.6702,9.9134,0.007,0.005,9.8065,-0.0775,-0.0774,0.1334,-22.19,-34,11.75,300.49,-85.78,-173.11
52.377785,-1.499036,128.69,24.43,4,94.83,20 / 22,2748210,2019-09-06 20:05:53:953,-1.0296,1.4048,10.5515,-0.0181,-0.023,9.8065,-0.2154,0.0774,-0.0566,-22.06,-34.69,12.25,303.51,-85.74,-170.06
52.377785,-1.499036,128.69,24.43,4,94.83,20 / 22,2748310,2019-09-06 20:05:54:053,0.1902,-0.7016,10.5344,-0.0365,0.0028,9.8065,0.2323,0.0301,-0.0033,-22.25,-34.19,11.44,302.01,-85.8,-169.55
52.377785,-1.499036,128.69,24.43,4,94.83,20 / 22,2748410,2019-09-06 20:05:54:153,1.4631,-0.1818,9.4786,-0.0327,0.0166,9.8065,0.1644,0.0128,-0.0392,-21.75,-34.25,12.19,304.09,-85.81,-169.73
52.377785,-1.499036,128.69,24.43,4,94.83,20 / 22,2748510,2019-09-06 20:05:54:253,-0.1982,-0.153,9.6652,0.0132,0.008,9.8066,0.0615,-0.0115,0.0048,-22.19,-34.25,11.88,303.4,-86.03,-170.63
52.377785,-1.499036,128.69,24.43,4,94.83,20 / 22,2748609,2019-09-06 20:05:54:352,0.8624,-0.8693,9.7704,-0.0284,0.0118,9.8066,0.1586,-0.0712,0.1053,-21.5,-34.44,11.75,302.76,-86.23,-172.47
52.377785,-1.499036,128.69,24.43,4,94.83,20 / 22,2748710,2019-09-06 20:05:54:453,-0.2513,0.3227,9.7398,-0.0414,-0.0103,9.8065,-0.0708,-0.0163,0.0243,-21.81,-34.5,12.44,305.79,-86.2,-168.56
52.377785,-1.499036,128.69,24.43,4,94.83,20 / 22,2748810,2019-09-06 20:05:54:553,-1.5218,0.605,11.2567,0.0087,-0.026,9.8066,-0.0981,0.0003,-0.0334,-22.56,-34.31,12.25,308.99,-85.93,-164.34
52.377785,-1.499036,128.69,24.43,4,94.83,20 / 22,2748909,2019-09-06 20:05:54:652,0.4587,0.2446,10.203,-0.0372,0.0166,9.8065,-0.0527,-0.0009,0.0904,-22.31,-34.25,12.06,311.42,-86,-163.04
52.377785,-1.499036,128.69,24.43,4,94.83,20 / 22,2749010,2019-09-06 20:05:54:753,1.3136,-1.0787,9.6729,0.0319,-0.0291,9.8065,-0.1379,0.1,-0.0659,-22.44,-33.81,12.5,313.37,-85.9,-163.17
52.377785,-1.499036,128.69,24.43,4,94.83,20 / 22,2749110,2019-09-06 20:05:54:853,-0.2436,-0.0659,10.9093,-0.0167,0.0192,9.8066,0.1461,-0.0221,-0.0531,-21.81,-34.06,12.13,310.12,-85.74,-163.99
52.377785,-1.499036,128.69,24.43,4,94.83,20 / 22,2749209,2019-09-06 20:05:54:952,0.4956,-0.5886,9.9133,0.0093,0.0165,9.8065,-0.0531,0.0174,-0.0283,-21.37,-33.87,11.94,307.87,-85.79,-167.12
52.377785,-1.499036,128.69,24.43,4,94.83,20 / 22,2749310,2019-09-06 20:05:55:053,-0.7098,0.0722,10.2141,0.0314,-0.0082,9.8065,0.1203,0.0488,-0.0006,-21.81,-34.37,11.94,304.72,-85.77,-169.09
52.377785,-1.499036,128.69,24.43,4,94.83,20 / 22,2749409,2019-09-06 20:05:55:152,0.9899,-1.5579,9.6655,-0.0345,0.0137,9.8065,0.1456,-0.1029,0.0258,-21.62,-33.44,11.5,306.24,-86.11,-168.17
52.377785,-1.499036,128.69,24.43,4,94.83,20 / 22,2749510,2019-09-06 20:05:55:253,2.0514,-1.097,10.8503,0.0412,-0.0148,9.8065,-0.2253,0.0678,0.0179,-21.94,-33.75,11.38,304.97,-86.08,-167.09
52.377785,-1.499036,128.69,24.43,4,94.83,20 / 22,2749609,2019-09-06 20:05:55:352,1.087,0.3736,10.5133,0.062,-0.0364,9.8064,-0.227,0.02,-0.0455,-21.94,-33.81,10.63,304.84,-86.21,-167.36
52.377785,-1.499036,128.69,24.43,4,94.83,20 / 22,2749710,2019-09-06 20:05:55:453,-0.3412,-0.5964,9.0244,-0.0396,0.0315,9.8065,-0.0059,-0.0297,0.0434,-22.87,-33.87,10.81,302.66,-85.76,-168.06
52.377785,-1.499036,128.69,24.43,4,94.83,20 / 22,2749809,2019-09-06 20:05:55:552,-1.8827,1.0885,10.3297,0.0077,0.0015,9.8066,-0.1718,0.0737,-0.0057,-22.56,-34.25,9.94,298.66,-85.95,-169.95
52.377785,-1.499036,128.69,24.43,4,94.83,20 / 22,2749910,2019-09-06 20:05:55:653,-0.3232,-0.7933,10.2245,-0.0124,0.0219,9.8066,-0.0193,-0.0311,-0.0536,-22.37,-35.06,9.69,297.42,-86.06,-171.89
52.377785,-1.499036,128.69,24.43,4,94.83,20 / 22,2750009,2019-09-06 20:05:55:752,0.7919,0.9622,10.5553,0.0343,0.0072,9.8066,0.0072,0.0249,-0.046,-23.06,-35.12,9.5,293.79,-85.77,-174.24
52.377785,-1.499036,128.69,24.43,4,94.83,20 / 22,2750110,2019-09-06 20:05:55:853,-0.048,0.0924,9.9473,-0.007,-0.0072,9.8066,-0.0419,0.0413,0.0218,-22.87,-37.5,6.38,283.54,-85.75,-174.59
52.377785,-1.499036,128.69,24.43,4,94.83,20 / 22,2750209,2019-09-06 20:05:55:952,-1.2684,0.6888,9.1722,-0.0056,-0.0017,9.8066,-0.2748,-0.1008,0.0137,-18.75,-51.5,1.38,268.23,-85.72,-173.21
52.377785,-1.499036,128.69,24.43,4,94.83,20 / 22,2750309,2019-09-06 20:05:56:052,-0.3567,1.9312,7.8012,-0.0108,-0.0018,9.8066,-0.2748,0.245,-0.1015,-12.31,-61.81,11.06,307.13,-85.76,-172.31
52.377785,-1.499036,128.69,24.43,4,94.83,19 / 22,2750410,2019-09-06 20:05:56:153,0.3856,0.1865,10.4096,-0.071,0.0479,9.8063,0.3885,-0.0259,0.0017,-12,-56.31,16.81,324.4,-86.2,-174.36
52.377785,-1.499036,128.69,24.43,4,94.83,19 / 22,2750509,2019-09-06 20:05:56:252,0.7721,-0.0968,10.4557,-0.055,0.0594,9.8063,-0.2257,-0.0117,-0.0065,-13,-52.37,15.63,320.72,-86.04,-173.77
52.377785,-1.499036,128.69,24.43,4,94.83,19 / 22,2750609,2019-09-06 20:05:56:352,0.563,-0.3099,9.844,0.043,-0.0278,9.8065,0.0109,0.0271,0.0137,-15.06,-54.37,12.75,306.11,-85.93,-175.74
52.377785,-1.499036,128.69,24.43,4,94.83,19 / 22,2750709,2019-09-06 20:05:56:452,0.0662,-0.4032,10.1278,0.0131,-0.0019,9.8066,-0.1573,0.0474,-0.0362,-16.81,-54.56,14.44,303.37,-85.58,-176.77
52.377785,-1.499036,128.69,24.43,4,94.83,19 / 22,2750810,2019-09-06 20:05:56:553,1.3989,-1.3406,10.436,0.0502,-0.0492,9.8063,-0.2658,-0.0146,0.017,-18.06,-51.94,18.75,314.56,-85.23,-175.11
52.377785,-1.499036,128.69,24.43,4,94.83,19 / 22,2750910,2019-09-06 20:05:56:653,-0.5015,-0.0646,10.3455,0.046,-0.0362,9.8065,0.217,-0.0197,-0.0221,-19.31,-37,19.56,316.78,-85.19,-175.16
52.377785,-1.499036,128.69,24.43,4,94.83,19 / 22,2751009,2019-09-06 20:05:56:752,0.0741,-0.053,9.5689,-0.0182,0.0165,9.8065,0.0182,0.071,-0.0692,-20.06,-32.19,12.38,299.45,-85.36,-175.87
52.377785,-1.499036,128.69,24.43,4,94.83,19 / 22,2751110,2019-09-06 20:05:56:853,0.2868,-0.4183,9.4467,-0.0123,0.0175,9.8066,0.0802,-0.0568,-0.001,-19.87,-33.81,11.5,296.86,-85.43,-178.07
52.377785,-1.499036,128.69,24.43,4,94.83,19 / 22,2751210,2019-09-06 20:05:56:953,-0.1757,0.3771,10.6788,-0.0051,0.0069,9.8066,0.1417,-0.0099,-0.0296,-20.25,-34.31,11,294.01,-85.3,-178.32
52.377785,-1.499036,128.69,24.43,4,94.83,19 / 22,2751310,2019-09-06 20:05:57:053,-0.062,0.0158,10.4034,0.0137,-0.0098,9.8066,0.0027,0.0389,0.0072,-19.75,-36.25,12.19,295.3,-85.15,-178.79
52.377647,-1.495742,127.96,25.34,3,93.88,20 / 22,2751409,2019-09-06 20:05:57:152,0.741,1.4289,9.6672,-0.0076,-0.0005,9.8066,-0.0473,-0.1633,0.0865,-19.5,-36.12,13.75,301.6,-84.98,-178.15
52.377647,-1.495742,127.96,25.34,3,93.88,20 / 22,2751510,2019-09-06 20:05:57:253,-1.4162,-0.3607,9.5621,-0.0257,-0.0023,9.8066,0.0196,-0.0817,0.1014,-20.12,-33.06,14.25,303.2,-85.07,-176.1
52.377647,-1.495742,127.96,25.34,3,93.88,20 / 22,2751609,2019-09-06 20:05:57:352,-0.9142,1.4489,10.0009,-0.0037,-0.0155,9.8066,0.188,-0.043,-0.0202,-20.44,-32.94,12.25,301.15,-84.96,-173.59
52.377647,-1.495742,127.96,25.34,3,93.88,20 / 22,2751710,2019-09-06 20:05:57:453,0.2414,-1.0912,10.7248,-0.0029,0.0026,9.8066,0.2362,-0.0315,0.0302,-20.62,-34.87,11.63,298.38,-84.95,-174.82
52.377647,-1.495742,127.96,25.34,3,93.88,20 / 22,2751809,2019-09-06 20:05:57:552,0.8341,0.3072,10.3619,-0.0136,0.0104,9.8066,-0.0614,-0.0506,0.0077,-20.75,-36.12,12.88,300.05,-84.8,-175.02
52.377647,-1.495742,127.96,25.34,3,93.88,20 / 22,2751910,2019-09-06 20:05:57:653,-1.0155,0.2059,10.1593,-0.0119,0.0025,9.8066,0.0083,0.0309,-0.0722,-20.62,-35.31,13.75,301.87,-84.7,-175.45
52.377647,-1.495742,127.96,25.34,3,93.88,20 / 22,2752009,2019-09-06 20:05:57:752,0.2771,0.3939,9.6592,-0.0298,0.0287,9.8065,-0.1014,0.0001,0.0353,-20.44,-34.94,13.69,302.34,-84.84,-176.28
52.377647,-1.495742,127.96,25.34,3,93.88,20 / 22,2752109,2019-09-06 20:05:57:852,-1.4377,1.2519,10.3545,0.0098,-0.0093,9.8066,-0.0649,0.0425,-0.0266,-21.31,-34.31,13.38,299.16,-84.75,-176.16
52.377647,-1.495742,127.96,25.34,3,93.88,20 / 22,2752209,2019-09-06 20:05:57:952,0.091,-0.688,10.3372,-0.0065,0.002,9.8066,-0.0354,0.0202,-0.0062,-21.31,-34.12,13.38,299.12,-84.71,-176.15
52.377647,-1.495742,127.96,25.34,3,93.88,20 / 22,2752310,2019-09-06 20:05:58:053,0.2326,-0.6401,11.0772,0.0401,-0.0308,9.8064,-0.0948,0.0256,0.0647,-22.06,-34.69,13.69,301.81,-84.48,-174.22
52.377647,-1.495742,127.96,25.34,3,93.88,19 / 21,2752409,2019-09-06 20:05:58:152,-0.0298,-0.9901,9.6484,0.019,-0.0264,9.8066,-0.0554,-0.0195,-0.0568,-22.19,-34.81,13.75,302.77,-84.15,-172.93
52.377647,-1.495742,127.96,25.34,3,93.88,19 / 21,2752510,2019-09-06 20:05:58:253,-0.2461,-0.9309,10.1531,0.0049,-0.0009,9.8066,0.0352,0.0369,-0.0123,-21.19,-34.31,13.38,302.71,-84.21,-172.17
52.377647,-1.495742,127.96,25.34,3,93.88,19 / 21,2752609,2019-09-06 20:05:58:352,-1.3887,-0.2894,10.1332,0.027,-0.0177,9.8065,0.0988,-0.0345,-0.018,-22.31,-34.75,13.44,301.39,-84.2,-172.25
52.377647,-1.495742,127.96,25.34,3,93.88,19 / 21,2752709,2019-09-06 20:05:58:452,-0.3738,-0.9966,9.4608,-0.024,0.0141,9.8066,0.1078,-0.0645,0.0398,-21.37,-34.44,13.13,303.08,-84.36,-172.02
52.377647,-1.495742,127.96,25.34,3,93.88,19 / 21,2752809,2019-09-06 20:05:58:552,-0.669,0.5828,9.412,-0.0305,0.0085,9.8065,0.0437,-0.025,0.0461,-22.06,-34.69,13.44,302.3,-84.42,-171.67
52.377647,-1.495742,127.96,25.34,3,93.88,19 / 21,2752910,2019-09-06 20:05:58:653,-0.5733,-0.875,10.8793,0.0072,-0.0065,9.8066,0.1315,-0.0607,-0.0317,-21.75,-34.5,13.31,301.58,-84.38,-172.47
52.377647,-1.495742,127.96,25.34,3,93.88,19 / 21,2753010,2019-09-06 20:05:58:753,-0.4489,0.4107,11.9729,0.0117,0.0002,9.8066,-0.0256,-0.0198,0.0594,-22.25,-34.12,13.94,302.88,-84.13,-173
52.377647,-1.495742,127.96,25.34,3,93.88,19 / 21,2753110,2019-09-06 20:05:58:853,0.2431,0.4444,10.948,0.0361,-0.0268,9.8065,-0.1673,0.018,-0.0318,-21.94,-34.19,14.19,301.79,-83.77,-173.59
52.377647,-1.495742,127.96,25.34,3,93.88,19 / 21,2753209,2019-09-06 20:05:58:952,0.1415,0.1402,9.4657,-0.0165,0.0126,9.8065,-0.0568,-0.0326,0.0711,-21.75,-34.25,14.31,301.79,-83.6,-173.39
52.377647,-1.495742,127.96,25.34,3,93.88,19 / 21,2753309,2019-09-06 20:05:59:052,-0.7331,1.1866,8.8736,-0.0009,-0.0139,9.8065,-0.1526,0.0455,-0.0537,-22.06,-34.81,13.56,304.55,-83.82,-170.91
52.377647,-1.495742,127.96,25.34,3,93.88,20 / 22,2753410,2019-09-06 20:05:59:153,-1.3904,-0.2564,9.5818,0.0061,-0.0068,9.8066,0.1515,-0.0363,-0.0164,-21.94,-34.56,13.88,305.55,-83.96,-170.14
52.377647,-1.495742,127.96,25.34,3,93.88,20 / 22,2753509,2019-09-06 20:05:59:252,-1.4079,0.2982,10.4837,0.0309,-0.0027,9.8065,0.0412,0.003,-0.0035,-21.94,-34.12,13.31,303.46,-83.85,-170.1
52.377647,-1.495742,127.96,25.34,3,93.88,20 / 22,2753609,2019-09-06 20:05:59:352,-0.806,0.414,10.2736,0.0342,-0.0081,9.8065,0.128,-0.0544,-0.0065,-22,-34.62,14.13,302.58,-83.5,-172.33
52.377647,-1.495742,127.96,25.34,3,93.88,20 / 22,2753710,2019-09-06 20:05:59:453,1.2774,-0.7753,10.3517,-0.018,0.0068,9.8066,0.1502,-0.0479,0.0061,-21.87,-34.62,14.44,302.08,-83.39,-172.66
52.377647,-1.495742,127.96,25.34,3,93.88,20 / 22,2753810,2019-09-06 20:05:59:553,-1.2759,0.095,9.9627,0.0057,-0.0111,9.8066,-0.0426,-0.0071,0.0024,-22.12,-34.31,13.75,303.03,-83.36,-171.97
52.377647,-1.495742,127.96,25.34,3,93.88,20 / 22,2753910,2019-09-06 20:05:59:653,-0.6567,-0.3389,9.9332,-0.0049,0.0094,9.8066,0.0235,-0.0374,0.038,-21.81,-34.69,14.13,302.76,-83.37,-172.01
52.377647,-1.495742,127.96,25.34,3,93.88,20 / 22,2754010,2019-09-06 20:05:59:753,-0.6199,0.0838,10.2828,-0.0052,0.0027,9.8066,-0.1001,-0.0135,0.0612,-22,-34.44,14.69,305.07,-83.43,-172.14
52.377647,-1.495742,127.96,25.34,3,93.88,20 / 22,2754110,2019-09-06 20:05:59:853,-1.6866,0.0468,10.1921,0.0174,-0.0215,9.8066,-0.1082,-0.0273,0.0174,-21.94,-35.06,14.13,304.17,-83.26,-170.59
52.377647,-1.495742,127.96,25.34,3,93.88,20 / 22,2754212,2019-09-06 20:05:59:955,-1.4673,0.1535,10.9012,0.0177,-0.0018,9.8066,0.1785,-0.0088,-0.0288,-22,-34.56,13.88,304.16,-83.13,-170.45
52.377647,-1.495742,127.96,25.34,3,93.88,20 / 22,2754310,2019-09-06 20:06:00:053,0.7644,-0.2514,10.4387,0.0079,0.0109,9.8065,-0.0032,0.0466,-0.069,-22,-34.37,14.88,304.17,-82.97,-172.46
52.377647,-1.495742,127.96,25.34,3,93.88,19 / 21,2754410,2019-09-06 20:06:00:153,0.6574,0.121,9.4946,-0.0177,-0.0078,9.8066,0.0996,-0.0242,0.049,-22.19,-34.25,14.31,301.94,-82.95,-172.48
52.377647,-1.495742,127.96,25.34,3,93.88,19 / 21,2754509,2019-09-06 20:06:00:252,-0.5067,0.0211,9.1303,-0.0147,-0.0024,9.8065,0.0751,0.0327,0.0733,-21.81,-34.06,14.63,306.21,-83.06,-170.68
52.377647,-1.495742,127.96,25.34,3,93.88,19 / 21,2754609,2019-09-06 20:06:00:352,-1.3251,0.1135,9.1656,0.0012,-0.0054,9.8066,0.0248,-0.0259,-0.0629,-22.81,-34.5,14.5,306.83,-83.24,-169.37
52.377647,-1.495742,127.96,25.34,3,93.88,19 / 21,2754710,2019-09-06 20:06:00:453,-1.4296,-0.0039,9.7986,-0.0125,0.0256,9.8065,0.1272,-0.0761,-0.0487,-22.25,-34.19,14.5,306.97,-83.41,-170.38
52.377647,-1.495742,127.96,25.34,3,93.88,19 / 21,2754810,2019-09-06 20:06:00:553,-0.6386,0.578,9.0643,0.0107,0.0031,9.8066,-0.0243,0.0256,-0.0078,-21.69,-33.94,14.25,303.23,-83.27,-171.68
52.377647,-1.495742,127.96,25.34,3,93.88,19 / 21,2754910,2019-09-06 20:06:00:653,-0.5335,-0.1341,10.0642,-0.0316,0.0274,9.8065,0.0741,-0.0132,0.04,-22.37,-34.12,14.44,301.97,-83.52,-173.13
52.377647,-1.495742,127.96,25.34,3,93.88,19 / 21,2755010,2019-09-06 20:06:00:753,-0.0484,-0.4493,10.3317,-0.0305,0.0257,9.8065,-0.0633,0.0438,-0.038,-21.56,-34.62,13.94,300.96,-83.54,-173.88
52.377647,-1.495742,127.96,25.34,3,93.88,19 / 21,2755110,2019-09-06 20:06:00:853,0.0601,-0.2032,10.5802,0.0293,-0.016,9.8066,-0.1013,-0.0087,-0.0431,-21.69,-34.25,14.06,300.04,-83.64,-175.06
52.377647,-1.495742,127.96,25.34,3,93.88,19 / 21,2755210,2019-09-06 20:06:00:953,-0.5305,0.2142,10.5648,0.0095,0.0039,9.8066,0.1414,-0.0268,0.062,-21.12,-34.19,13.88,300.46,-83.42,-175.38
52.377647,-1.495742,127.96,25.34,3,93.88,19 / 21,2755310,2019-09-06 20:06:01:053,-0.2875,-0.5147,9.0043,0.0171,-0.0166,9.8066,-0.0634,0.1317,-0.0584,-21.81,-34.25,14.13,299.58,-83.22,-174.99
52.377647,-1.495742,127.96,25.34,3,93.88,19 / 21,2755410,2019-09-06 20:06:01:153,0.2384,0.6795,9.2621,0.0121,-0.0031,9.8066,-0.0019,-0.0869,0.0307,-22.06,-34.31,14.31,299.2,-83.35,-175.49
52.377647,-1.495742,127.96,25.34,3,93.88,19 / 21,2755509,2019-09-06 20:06:01:252,-1.1133,-0.7489,9.2431,-0.0261,0.0055,9.8066,0.0829,-0.078,-0.0304,-21.56,-33.81,14.25,301.72,-83.61,-173.46
52.377647,-1.495742,127.96,25.34,3,93.88,19 / 21,2755610,2019-09-06 20:06:01:353,-0.3488,-0.3231,9.3495,-0.0071,0.0024,9.8066,-0.0306,0.007,-0.056,-22.12,-34.37,14.19,301.68,-83.67,-173.58
52.377647,-1.495742,127.96,25.34,3,93.88,19 / 21,2755709,2019-09-06 20:06:01:452,-0.0004,-0.6697,10.2202,-0.0123,0.0199,9.8065,0.106,-0.0539,0.0456,-21.56,-34.37,14.25,300.4,-83.57,-174.65
52.377647,-1.495742,127.96,25.34,3,93.88,19 / 21,2755809,2019-09-06 20:06:01:552,0.058,-0.3131,10.6793,-0.0019,0.0019,9.8066,0.0108,0.0225,-0.0165,-21.75,-34.12,14,299.32,-83.5,-175.57
52.377647,-1.495742,127.96,25.34,3,93.88,19 / 21,2755909,2019-09-06 20:06:01:652,0.3152,0.3867,9.9949,0.0158,-0.0003,9.8066,-0.0327,-0.0165,-0.0382,-21.37,-34.31,13.94,299.02,-83.39,-176.67
52.377647,-1.495742,127.96,25.34,3,93.88,19 / 21,2756009,2019-09-06 20:06:01:752,-0.7716,-0.3326,9.5372,-0.0098,0.0015,9.8066,0.0077,0.0211,0.0305,-21.25,-34.06,14.19,299.31,-83.5,-176.54
52.377647,-1.495742,127.96,25.34,3,93.88,19 / 21,2756110,2019-09-06 20:06:01:853,-0.4826,0.6125,9.2848,0.0104,-0.0139,9.8065,-0.1132,0.0969,0.0389,-21.5,-34.31,13.38,297.94,-83.67,-175.93
52.377647,-1.495742,127.96,25.34,3,93.88,19 / 21,2756210,2019-09-06 20:06:01:953,-0.865,-0.0152,9.5645,0.0304,-0.0191,9.8066,0.0532,-0.0665,-0.0427,-21,-33.94,13.44,298.43,-83.75,-175.57
52.377647,-1.495742,127.96,25.34,3,93.88,19 / 21,2756310,2019-09-06 20:06:02:053,0.2608,-0.2579,9.3605,-0.0047,0.0267,9.8066,-0.0052,-0.0289,-0.0845,-20.06,-33.44,12.88,299.37,-83.75,-175.93
52.377647,-1.495742,127.96,25.34,3,93.88,19 / 22,2756409,2019-09-06 20:06:02:152,-0.8275,1.42,9.4853,0.0102,0.0127,9.8066,-0.0442,0.0051,0.0156,-19.37,-34,11.81,294.73,-83.85,-178.91
52.377647,-1.495742,127.96,25.34,3,93.88,19 / 22,2756510,2019-09-06 20:06:02:253,-0.6702,0.1874,10.4203,-0.0064,-0.0017,9.8066,0.0253,-0.0431,0.033,-17.69,-33.94,11.06,293.84,-83.89,-178.4
52.377647,-1.495742,127.96,25.34,3,93.88,19 / 22,2756610,2019-09-06 20:06:02:353,0.9468,-0.2344,10.6825,-0.0194,0.0016,9.8066,-0.3268,0.0423,0.0474,-14.19,-36.19,10.63,299.73,-83.89,-177.48
52.377647,-1.495742,127.96,25.34,3,93.88,19 / 22,2756710,2019-09-06 20:06:02:453,-1.5921,1.0271,9.7253,0.0781,-0.0482,9.8062,-0.3414,-0.0036,-0.038,-14.44,-35.06,11.69,302.34,-83.34,-177.32
52.377647,-1.495742,127.96,25.34,3,93.88,19 / 22,2756810,2019-09-06 20:06:02:553,-1.8264,0.4148,10.2251,0.062,-0.0154,9.8064,0.1946,0.0171,-0.0046,-16.44,-33.25,10.63,296.29,-83.37,-177.88
52.377647,-1.495742,127.96,25.34,3,93.88,19 / 22,2756910,2019-09-06 20:06:02:653,-0.6714,0.1875,9.3459,-0.0296,0.0015,9.8066,0.0081,0.0438,-0.0331,-17.69,-36.94,6.25,276.93,-83.57,-178.86
52.377647,-1.495742,127.96,25.34,3,93.88,19 / 22,2757010,2019-09-06 20:06:02:753,0.1091,0.8866,10.6407,0.0054,0.0083,9.8066,0.1354,-0.0622,0.009,-17.87,-46,10,285.75,-83.68,-179.46
52.377647,-1.495742,127.96,25.34,3,93.88,19 / 22,2757109,2019-09-06 20:06:02:852,-0.9982,0.1208,10.6099,-0.0136,0.0116,9.8065,0.1817,-0.0627,0.0072,-16,-42.69,15.19,302.26,-83.6,179.97
52.377647,-1.495742,127.96,25.34,3,93.88,19 / 22,2757210,2019-09-06 20:06:02:953,0.4595,-0.264,10.0561,-0.0267,0.0032,9.8066,-0.1503,0.0795,0.0274,-14.12,-41.69,11.75,297.73,-83.49,-179.43
52.377647,-1.495742,127.96,25.34,3,93.88,19 / 22,2757310,2019-09-06 20:06:03:053,-1.1992,1.3196,9.4855,-0.0129,-0.0012,9.8066,-0.026,-0.0333,0.0941,-12.31,-48.69,11.81,299.95,-83.53,-178.43
52.377647,-1.495742,127.96,25.34,3,93.88,20 / 22,2757409,2019-09-06 20:06:03:152,-0.13,-0.6408,9.4207,-0.0093,0.0003,9.8066,-0.0309,-0.0077,-0.0237,-12.75,-50.19,21.56,325.47,-83.68,-176.76
52.377647,-1.495742,127.96,25.34,3,93.88,20 / 22,2757510,2019-09-06 20:06:03:253,1.0492,0.2773,9.5908,0.0179,-0.0227,9.8066,-0.0685,0.0922,-0.0161,-12.69,-42.12,24.38,328.85,-83.55,-177.41
52.377647,-1.495742,127.96,25.34,3,93.88,20 / 22,2757609,2019-09-06 20:06:03:352,0.2251,1.001,9.0533,0.0448,-0.0562,9.8064,0.4355,-0.1037,0.0559,-13.44,-39.31,20.69,323.91,-83.25,-177.85
52.377647,-1.495742,127.96,25.34,3,93.88,20 / 22,2757709,2019-09-06 20:06:03:452,0.6989,-0.1683,10.9622,-0.0779,0.0591,9.8061,0.0979,-0.0361,-0.0503,-16,-36.19,18.19,315.28,-83.49,-176.03
52.377647,-1.495742,127.96,25.34,3,93.88,20 / 22,2757810,2019-09-06 20:06:03:553,-1.3059,0.6921,9.7155,-0.0486,0.0371,9.8064,0.0506,0.0397,-0.0142,-17.69,-35.62,16.44,307.39,-83.4,-176.18
52.377647,-1.495742,127.96,25.34,3,93.88,20 / 22,2757910,2019-09-06 20:06:03:653,-0.2176,0.7523,10.7709,-0.0191,0.0297,9.8065,0.1523,-0.049,-0.0023,-18.44,-36.12,15.06,304.41,-83.33,-176.7
52.377647,-1.495742,127.96,25.34,3,93.88,20 / 22,2758010,2019-09-06 20:06:03:753,0.7948,-0.5398,9.839,0.0262,-0.0043,9.8066,-0.1281,0.0718,0.0284,-20.12,-34.44,15.69,303.43,-83.34,-177.63
52.377647,-1.495742,127.96,25.34,3,93.88,20 / 22,2758109,2019-09-06 20:06:03:852,0.0874,1.4169,9.8014,0.0295,-0.031,9.8065,-0.082,0.0014,0.0597,-21.06,-34.62,15.19,299.05,-83.06,-178.03
52.377647,-1.495742,127.96,25.34,3,93.88,20 / 22,2758209,2019-09-06 20:06:03:952,0.5498,1.0309,9.8924,0.0214,-0.0313,9.8066,0.1875,-0.0113,0.0504,-21.06,-34.69,14.81,301.05,-82.93,-176.02
52.377647,-1.495742,127.96,25.34,3,93.88,20 / 22,2758310,2019-09-06 20:06:04:053,0.4221,-0.4291,9.8368,-0.0071,-0.0151,9.8066,0.0077,-0.0006,0.0133,-21.31,-34.44,14.88,303.88,-83,-173.76
52.377647,-1.495742,127.96,25.34,3,93.88,19 / 21,2758409,2019-09-06 20:06:04:152,-0.6041,0.6459,9.1,-0.0005,-0.0016,9.8066,-0.0643,0.0249,0.0354,-21.75,-34.81,14.19,300.84,-83.13,-173.48
52.377647,-1.495742,127.96,25.34,3,93.88,19 / 21,2758510,2019-09-06 20:06:04:253,-0.8234,0.6022,10.0404,-0.0227,0.0144,9.8066,0.1247,-0.0079,0.0072,-21.5,-34.69,14.38,301.85,-83.22,-173.63
52.377647,-1.495742,127.96,25.34,3,93.88,19 / 21,2758609,2019-09-06 20:06:04:352,0.1775,-0.209,9.8728,-0.016,0.0101,9.8065,0.1511,-0.031,-0.0208,-21.81,-35.12,14.44,300.82,-83.33,-173.75
52.377647,-1.495742,127.96,25.34,3,93.88,19 / 21,2758710,2019-09-06 20:06:04:453,-0.7366,0.8319,10.1345,0.0387,-0.0168,9.8065,-0.149,-0.0062,0.0147,-21.81,-34.5,13.75,300.33,-83.03,-174.07
52.377647,-1.495742,127.96,25.34,3,93.88,19 / 21,2758809,2019-09-06 20:06:04:552,-0.6879,0.9383,11.2284,0.0077,-0.0102,9.8066,-0.2301,0.0699,0.0596,-21.44,-34.62,14.13,301.59,-83.03,-173.62
52.377647,-1.495742,127.96,25.34,3,93.88,19 / 21,2758909,2019-09-06 20:06:04:652,-1.6109,0.6406,8.5777,0.077,-0.0576,9.8061,-0.226,0.0376,-0.0445,-21.69,-34.87,13.81,300.39,-82.81,-173.5
52.377647,-1.495742,127.96,25.34,3,93.88,19 / 21,2759010,2019-09-06 20:06:04:753,-0.0233,1.7836,9.4654,0.0587,-0.0297,9.8064,-0.0705,-0.1509,0.0561,-21.5,-34.19,13.94,302.86,-83,-172.66
52.377647,-1.495742,127.96,25.34,3,93.88,19 / 21,2759110,2019-09-06 20:06:04:853,-1.7919,-0.7113,10.5357,-0.0273,0.0095,9.8066,-0.0392,0.1036,-0.0734,-21.56,-34.81,14.5,303.36,-83.1,-173.11
52.377647,-1.495742,127.96,25.34,3,93.88,19 / 21,2759210,2019-09-06 20:06:04:953,1.0923,0.6114,9.222,-0.0006,0.0091,9.8066,0.0193,0.1438,-0.0858,-21.87,-34.81,14.63,302.23,-83.12,-174.17
52.377647,-1.495742,127.96,25.34,3,93.88,19 / 21,2759309,2019-09-06 20:06:05:052,0.0184,-0.6621,10.1051,-0.024,0.0193,9.8065,0.1932,-0.0375,0.0952,-21.69,-34.69,14.25,300.97,-83.23,-173.49
52.377647,-1.495742,127.96,25.34,3,93.88,20 / 22,2759409,2019-09-06 20:06:05:152,0.0767,-0.3193,10.3085,-0.0379,0.002,9.8065,-0.1344,-0.0125,-0.0253,-21.75,-35,14.38,302.06,-83.18,-172.43
52.377647,-1.495742,127.96,25.34,3,93.88,20 / 22,2759510,2019-09-06 20:06:05:253,1.1448,-0.9349,10.0902,0.073,-0.0518,9.8062,-0.2632,0.0619,-0.0197,-21.31,-34.75,14.81,304.93,-82.68,-172.2
52.377647,-1.495742,127.96,25.34,3,93.88,20 / 22,2759609,2019-09-06 20:06:05:352,-0.0442,1.2763,9.5089,0.0494,-0.0243,9.8064,0.1166,0.0022,0.0116,-21.75,-34.69,14.44,301.61,-82.75,-172.31
52.377647,-1.495742,127.96,25.34,3,93.88,20 / 22,2759709,2019-09-06 20:06:05:452,-0.3034,-0.6203,9.6245,-0.0179,0.0095,9.8066,0.069,-0.0048,0.0082,-22.12,-34.44,14.69,305.22,-82.82,-171.32
52.377647,-1.495742,127.96,25.34,3,93.88,20 / 22,2759810,2019-09-06 20:06:05:553,0.7893,-0.2932,10.124,-0.0014,-0.002,9.8066,-0.0824,0.0825,-0.001,-22.12,-34.94,14.25,302.9,-82.92,-171.35
52.377647,-1.495742,127.96,25.34,3,93.88,20 / 22,2759910,2019-09-06 20:06:05:653,0.3152,-1.1277,9.8473,-0.0048,0.0004,9.8066,0.0338,-0.0659,0.0489,-22.31,-34.87,13.88,302.58,-82.95,-171.67
52.377647,-1.495742,127.96,25.34,3,93.88,20 / 22,2760010,2019-09-06 20:06:05:753,0.2057,-0.3656,10.1666,-0.0074,-0.0006,9.8066,0.0014,0.0526,-0.0307,-22,-34.81,14.63,305.17,-82.79,-171.12
52.377647,-1.495742,127.96,25.34,3,93.88,20 / 22,2760110,2019-09-06 20:06:05:853,0.4422,0.2236,9.9188,0.0247,-0.0089,9.8065,-0.1135,0.0559,0.0557,-22.06,-34.56,14.69,303.58,-82.65,-172.39
52.377647,-1.495742,127.96,25.34,3,93.88,20 / 22,2760209,2019-09-06 20:06:05:952,0.8821,-0.4355,10.2184,0.016,-0.0085,9.8066,0.1668,-0.0108,-0.0065,-22.06,-35,14.31,301.38,-82.65,-172.41
52.377647,-1.495742,127.96,25.34,3,93.88,20 / 22,2760310,2019-09-06 20:06:06:053,0.365,-0.1346,9.8682,0.0181,-0.0099,9.8066,-0.0047,-0.0037,-0.0708,-21.94,-34.69,15.06,303.82,-82.75,-172.29
52.377464,-1.492424,125.99,24.74,3,94.17,19 / 22,2760409,2019-09-06 20:06:06:152,-0.1067,-0.2266,9.8042,0.0317,-0.0031,9.8066,0.0724,-0.0129,0.038,-22.12,-34.87,14.19,300.52,-82.64,-173.18
52.377464,-1.492424,125.99,24.74,3,94.17,19 / 22,2760510,2019-09-06 20:06:06:253,0.3012,-0.7245,10.2745,-0.014,0.0109,9.8066,0.0802,-0.0393,0.0374,-21.94,-34.62,14.69,302.66,-82.71,-173.3
52.377464,-1.492424,125.99,24.74,3,94.17,19 / 22,2760609,2019-09-06 20:06:06:352,1.5709,-0.8592,9.8173,-0.0141,-0.0018,9.8066,-0.199,0.0173,-0.015,-22.06,-33.94,14.63,303.14,-82.67,-173.05
52.377464,-1.492424,125.99,24.74,3,94.17,19 / 22,2760709,2019-09-06 20:06:06:452,-0.1847,0.9977,10.5456,0.0091,-0.0126,9.8066,-0.0565,-0.0145,0.0036,-21.69,-34.37,14.75,303.01,-82.54,-173.01
52.377464,-1.492424,125.99,24.74,3,94.17,19 / 22,2760810,2019-09-06 20:06:06:553,0.0876,0.0449,10.0661,-0.0046,0.0053,9.8065,-0.0549,0.0008,0.0967,-22,-34.69,14.69,303.03,-82.52,-172.74
52.377464,-1.492424,125.99,24.74,3,94.17,19 / 22,2760910,2019-09-06 20:06:06:653,0.0491,0.9243,9.0775,0.037,-0.0412,9.8064,-0.1106,0.0772,-0.0742,-22.19,-34.25,15.13,303.93,-82.74,-172.4
52.377464,-1.492424,125.99,24.74,3,94.17,19 / 22,2761010,2019-09-06 20:06:06:753,-0.0601,1.331,9.7891,0.047,-0.0258,9.8065,0.1919,-0.0931,0.1271,-21.69,-34.31,15.13,304.74,-82.37,-171.25
52.377464,-1.492424,125.99,24.74,3,94.17,19 / 22,2761109,2019-09-06 20:06:06:852,0.1394,0.1263,9.6165,-0.0283,0.0085,9.8066,0.1048,-0.0019,-0.0295,-21.94,-33.62,14.25,303.98,-82.58,-170.19
52.377464,-1.492424,125.99,24.74,3,94.17,19 / 22,2761210,2019-09-06 20:06:06:953,0.5688,-0.4352,10.7688,0.0032,0.016,9.8065,0.1367,-0.0322,-0.0168,-22.37,-34.87,15,304.7,-82.42,-171.1
52.377464,-1.492424,125.99,24.74,3,94.17,19 / 22,2761310,2019-09-06 20:06:07:053,1.0982,-0.2594,9.623,-0.0216,0.0281,9.8065,0.1455,-0.006,-0.0091,-21.94,-33.87,15,302.84,-82.51,-173.13
52.377464,-1.492424,125.99,24.74,3,94.17,20 / 22,2761410,2019-09-06 20:06:07:153,-0.2056,0.3413,9.9266,-0.0153,0.0132,9.8066,-0.1163,-0.0102,0.0222,-22,-34.37,15.31,302.48,-82.56,-173.52
52.377464,-1.492424,125.99,24.74,3,94.17,20 / 22,2761510,2019-09-06 20:06:07:253,0.0162,-0.3416,9.5084,0.0283,-0.0176,9.8065,-0.0378,-0.0404,-0.0145,-21.69,-34.75,15,302.2,-82.64,-173.64
52.377464,-1.492424,125.99,24.74,3,94.17,20 / 22,2761609,2019-09-06 20:06:07:352,0.543,-0.6169,9.3768,0.023,-0.0148,9.8066,-0.0579,0.0373,0.003,-21.75,-34.25,14.25,300.16,-82.37,-173.43
52.377464,-1.492424,125.99,24.74,3,94.17,20 / 22,2761710,2019-09-06 20:06:07:453,-0.1557,-0.1284,9.8042,0.0114,-0.0053,9.8066,-0.0905,0.0287,0.1063,-21.94,-35.06,14.25,299.38,-82.38,-173.89
52.377464,-1.492424,125.99,24.74,3,94.17,20 / 22,2761809,2019-09-06 20:06:07:552,-0.1421,0.1563,10.0647,0.0277,-0.0304,9.8065,0.0957,-0.1066,-0.0933,-22.37,-33.87,14.63,302.5,-82.3,-173.19
52.377464,-1.492424,125.99,24.74,3,94.17,20 / 22,2761909,2019-09-06 20:06:07:652,-0.9656,0.1885,10.7224,-0.0015,0.0009,9.8066,-0.0147,-0.0062,-0.0313,-22.44,-34.56,15.06,302.83,-82.23,-172.58
52.377464,-1.492424,125.99,24.74,3,94.17,20 / 22,2762010,2019-09-06 20:06:07:753,1.1899,-0.136,10.5226,0.0078,-0.0004,9.8066,-0.0354,-0.0419,0.1381,-22,-34.12,15.31,302.42,-82.12,-173.06
52.377464,-1.492424,125.99,24.74,3,94.17,20 / 22,2762109,2019-09-06 20:06:07:852,1.6352,-0.9542,8.9489,-0.0087,-0.0071,9.8065,0.0856,0.0239,-0.0763,-22.12,-34.44,15.38,302.81,-82.14,-172.73
52.377464,-1.492424,125.99,24.74,3,94.17,20 / 22,2762209,2019-09-06 20:06:07:952,0.6969,-0.0597,9.5247,-0.006,0.0119,9.8066,-0.0748,0.0242,0.0446,-21.94,-34.56,15.25,303.57,-82.24,-171.91
52.377464,-1.492424,125.99,24.74,3,94.17,20 / 22,2762310,2019-09-06 20:06:08:053,-0.8814,0.658,9.7214,-0.0055,0.0034,9.8066,0.0065,0.0399,0.0094,-22,-34.56,15.38,303.17,-82.32,-172.38
52.377464,-1.492424,125.99,24.74,3,94.17,19 / 21,2762409,2019-09-06 20:06:08:152,-0.2591,-0.0093,10.0389,-0.0017,0.0065,9.8066,-0.0328,-0.0076,-0.001,-22.19,-34.25,15.31,302.95,-82.27,-172.76
52.377464,-1.492424,125.99,24.74,3,94.17,19 / 21,2762510,2019-09-06 20:06:08:253,-0.0171,-0.1554,10.2191,0.024,-0.0103,9.8065,-0.1217,-0.0642,-0.0034,-21.81,-34.37,15.25,301.75,-82.02,-173.55
52.377464,-1.492424,125.99,24.74,3,94.17,19 / 21,2762610,2019-09-06 20:06:08:353,0.1463,0.7745,10.1612,-0.0007,-0.0029,9.8066,0.115,-0.0218,0.0843,-21.81,-34.62,15.5,303.97,-82.04,-173.24
52.377464,-1.492424,125.99,24.74,3,94.17,19 / 21,2762709,2019-09-06 20:06:08:452,0.579,-0.5823,9.9859,0.0012,-0.0081,9.8066,-0.0107,0.0417,-0.006,-21.75,-34.12,15.06,302.24,-82.17,-173.28
52.377464,-1.492424,125.99,24.74,3,94.17,19 / 21,2762810,2019-09-06 20:06:08:553,0.1608,-0.1979,10.4022,0.0195,-0.0013,9.8066,0.0668,-0.0317,-0.0211,-21.62,-34.87,15.25,301.86,-82.13,-173.33
52.377464,-1.492424,125.99,24.74,3,94.17,19 / 21,2762909,2019-09-06 20:06:08:652,0.1256,-0.4622,10.348,0.0193,0.0003,9.8065,0.0853,0.0077,-0.029,-21.19,-34.37,15.19,301.41,-82.01,-174.82
52.377464,-1.492424,125.99,24.74,3,94.17,19 / 21,2763009,2019-09-06 20:06:08:752,0.8214,0.4223,10.0848,0.0206,-0.005,9.8065,0.0033,-0.0034,-0.0122,-22.12,-34.19,15.56,301.67,-81.91,-175.43
52.377464,-1.492424,125.99,24.74,3,94.17,19 / 21,2763109,2019-09-06 20:06:08:852,0.578,-0.8523,10.0164,-0.0201,0.0054,9.8066,0.0585,-0.0131,0.0295,-21.62,-34.19,15.81,302.76,-82.04,-174.59
52.377464,-1.492424,125.99,24.74,3,94.17,19 / 21,2763210,2019-09-06 20:06:08:953,0.9144,-0.4598,9.1697,-0.0159,0.0047,9.8065,0.1136,-0.0143,0.0561,-22.19,-34,15.19,301,-82.08,-174.3
52.377464,-1.492424,125.99,24.74,3,94.17,19 / 21,2763310,2019-09-06 20:06:09:053,-0.3093,0.4665,10.42,0.0057,-0.0125,9.8066,-0.158,-0.0176,-0.1514,-22.06,-34.5,15.44,301.88,-82.04,-173.46
52.377464,-1.492424,125.99,24.74,3,94.17,19 / 21,2763410,2019-09-06 20:06:09:153,0.5837,0.8812,10.2833,-0.0035,0.0255,9.8065,0.0994,-0.0244,0.1538,-22.06,-34.37,15.5,303.05,-82.01,-174.28
52.377464,-1.492424,125.99,24.74,3,94.17,19 / 21,2763509,2019-09-06 20:06:09:252,-0.0581,0.2389,10.6051,-0.0122,-0.0077,9.8066,0.1074,0.0091,-0.0094,-21.81,-34.06,15.69,302.45,-81.85,-174.66
52.377464,-1.492424,125.99,24.74,3,94.17,19 / 21,2763610,2019-09-06 20:06:09:353,1.4805,-1.1977,10.1398,-0.0514,0.0122,9.8065,-0.0835,0.0356,0.0392,-22,-34.44,15.75,303.17,-81.85,-174
52.377464,-1.492424,125.99,24.74,3,94.17,19 / 21,2763710,2019-09-06 20:06:09:453,1.1617,-0.8798,9.578,0.0243,-0.0151,9.8066,-0.0444,0.0365,0.0599,-22.5,-34.62,15.75,303.74,-81.71,-173.07
52.377464,-1.492424,125.99,24.74,3,94.17,19 / 21,2763810,2019-09-06 20:06:09:553,0.2346,-0.4264,8.8476,0.0238,-0.0124,9.8066,0.1536,-0.0097,-0.0576,-22.37,-34.5,15.13,302.28,-81.82,-172.84
52.377464,-1.492424,125.99,24.74,3,94.17,19 / 21,2763909,2019-09-06 20:06:09:652,0.435,-0.2464,9.3299,-0.0214,0.0295,9.8065,0.0305,-0.004,-0.0582,-22.06,-34.69,15.13,301.34,-81.89,-173.51
52.377464,-1.492424,125.99,24.74,3,94.17,19 / 21,2764010,2019-09-06 20:06:09:753,-0.3637,0.2194,10.2139,-0.0078,0.0147,9.8065,0.1649,0.0317,0.0204,-21.25,-34.12,15.38,300.31,-81.96,-175.77
52.377464,-1.492424,125.99,24.74,3,94.17,19 / 21,2764109,2019-09-06 20:06:09:852,-0.0086,0.1557,10.4549,-0.0212,0.0073,9.8065,0.1668,-0.0866,0.0404,-21.56,-34.25,15.31,298.72,-81.95,-176.23
52.377464,-1.492424,125.99,24.74,3,94.17,19 / 21,2764210,2019-09-06 20:06:09:953,0.4572,-0.3431,10.4707,-0.0206,0.0019,9.8066,-0.0492,-0.0526,-0.0064,-21.69,-34.56,15.94,301.08,-81.77,-175.54
52.377464,-1.492424,125.99,24.74,3,94.17,19 / 21,2764309,2019-09-06 20:06:10:052,0.4907,-0.2749,9.5407,-0.0223,0.0054,9.8066,0.0402,-0.051,0.0016,-21.69,-34.12,15.63,301.77,-81.68,-175.07
52.377464,-1.492424,125.99,24.74,3,94.17,18 / 20,2764410,2019-09-06 20:06:10:153,1.0242,-0.6257,9.1266,-0.014,0.0045,9.8066,-0.1099,-0.0357,0.0093,-22.19,-34.87,15.38,300.54,-81.87,-174.2
52.377464,-1.492424,125.99,24.74,3,94.17,18 / 20,2764509,2019-09-06 20:06:10:252,-0.5058,-0.1862,10.1232,-0.0092,0.0038,9.8066,-0.0184,0.0219,0.0031,-22.37,-34.25,15.44,301.39,-81.86,-173.7
52.377464,-1.492424,125.99,24.74,3,94.17,18 / 20,2764610,2019-09-06 20:06:10:353,1.3063,-0.3497,9.2196,-0.0102,0.0178,9.8066,-0.0664,-0.0277,0.0187,-21.69,-34.31,15.56,302.7,-81.83,-174.39
52.377464,-1.492424,125.99,24.74,3,94.17,18 / 20,2764710,2019-09-06 20:06:10:453,0.2704,0.4191,8.873,0.0022,0.0005,9.8066,-0.1023,-0.0047,-0.0446,-21.5,-34.5,16.06,302.82,-81.77,-175.23
52.377464,-1.492424,125.99,24.74,3,94.17,18 / 20,2764810,2019-09-06 20:06:10:553,0.2206,-0.3588,9.4312,0.0097,-0.0064,9.8066,-0.0698,-0.0088,0.0182,-22.37,-34.62,15.56,301.48,-82.04,-175.5
52.377464,-1.492424,125.99,24.74,3,94.17,18 / 20,2764909,2019-09-06 20:06:10:652,-0.559,-0.0079,9.3477,-0.0053,0.0032,9.8066,-0.0539,0.032,0.0382,-21.75,-34.69,15.75,301.55,-82.06,-175.45
52.377464,-1.492424,125.99,24.74,3,94.17,18 / 20,2765009,2019-09-06 20:06:10:752,0.0444,-0.1769,9.7821,-0.0016,0.0007,9.8066,0.0317,0.0615,-0.0214,-21.75,-34.37,15.5,301.49,-82.09,-175.8
52.377464,-1.492424,125.99,24.74,3,94.17,18 / 20,2765110,2019-09-06 20:06:10:853,-0.6098,0.5665,9.7728,0.0241,-0.019,9.8065,-0.0745,0.0044,-0.0056,-21.44,-34.44,15.25,300.57,-81.86,-175.4
52.377464,-1.492424,125.99,24.74,3,94.17,18 / 20,2765210,2019-09-06 20:06:10:953,-0.2829,0.9368,9.9338,0.0328,-0.027,9.8065,0.0876,-0.0812,0.0404,-21.44,-34.25,15.5,303.33,-81.84,-174.85
52.377464,-1.492424,125.99,24.74,3,94.17,18 / 20,2765310,2019-09-06 20:06:11:053,0.761,-0.3491,9.5937,-0.0013,0.0021,9.8066,-0.048,0.0033,-0.016,-22.12,-34.75,15.63,301.94,-81.97,-175.01
52.377464,-1.492424,125.99,24.74,3,94.17,20 / 22,2765409,2019-09-06 20:06:11:152,-0.0861,-0.4638,10.177,-0.0483,0.0144,9.8065,0.1203,-0.0391,0.0283,-22.06,-34.37,15.69,302.92,-82.24,-174.67
52.377464,-1.492424,125.99,24.74,3,94.17,20 / 22,2765510,2019-09-06 20:06:11:253,0.5393,-1.5464,9.193,-0.0434,0.0247,9.8065,0.1298,-0.0159,0.0283,-22.12,-34.19,15.75,302.83,-82.16,-174.66
52.377464,-1.492424,125.99,24.74,3,94.17,20 / 22,2765609,2019-09-06 20:06:11:352,-0.516,0.2378,8.8253,0.0177,-0.0105,9.8065,-0.1095,-0.0269,-0.0501,-21.81,-34.19,15.44,299.55,-81.9,-175.42
52.377464,-1.492424,125.99,24.74,3,94.17,20 / 22,2765710,2019-09-06 20:06:11:453,-1.1883,-0.1056,9.5002,0.0271,-0.0261,9.8065,-0.1002,-0.0598,0.0752,-22.12,-34.37,15.31,300.4,-81.98,-174.73
52.377464,-1.492424,125.99,24.74,3,94.17,20 / 22,2765811,2019-09-06 20:06:11:554,-1.2638,0.4781,9.6986,-0.0212,0.0099,9.8066,0.1166,0.0067,-0.0057,-21.25,-34.37,15.63,304.38,-82.17,-174.29
52.377464,-1.492424,125.99,24.74,3,94.17,20 / 22,2765910,2019-09-06 20:06:11:653,-0.541,0.3444,9.9959,-0.0082,0.0038,9.8066,0.126,0.0487,-0.0157,-21.75,-34.31,15.81,303.06,-82.14,-174.43
52.377464,-1.492424,125.99,24.74,3,94.17,20 / 22,2766010,2019-09-06 20:06:11:753,0.0655,0.3863,9.4637,0.0225,-0.0056,9.8065,-0.0219,0.0309,0.0267,-21.87,-34.5,15.31,300.16,-81.95,-174.92
52.377464,-1.492424,125.99,24.74,3,94.17,20 / 22,2766110,2019-09-06 20:06:11:853,-1.0565,0.5325,10.0839,-0.0296,0.0174,9.8065,-0.0434,-0.0185,-0.0282,-21.19,-34.12,15.5,303.15,-81.92,-175.12
52.377464,-1.492424,125.99,24.74,3,94.17,20 / 22,2766209,2019-09-06 20:06:11:952,-0.541,0.0544,9.536,-0.0014,0.0014,9.8066,-0.1496,-0.0135,-0.0394,-21.75,-34.37,15.69,302.38,-82.1,-175
52.377464,-1.492424,125.99,24.74,3,94.17,20 / 22,2766309,2019-09-06 20:06:12:052,-0.3306,0.4818,10.2339,0.007,0.0012,9.8066,-0.013,0.0357,-0.0117,-22,-34,15.88,302.29,-82.2,-175.2
52.377464,-1.492424,125.99,24.74,3,94.17,20 / 22,2766410,2019-09-06 20:06:12:153,-1.3189,0.5833,10.3782,0.0191,-0.0072,9.8066,-0.0457,-0.0088,0.016,-21.75,-34.31,16.13,302.09,-82.01,-175.17
52.377464,-1.492424,125.99,24.74,3,94.17,20 / 22,2766510,2019-09-06 20:06:12:253,-1.4678,0.8195,10.1816,0.0162,-0.001,9.8066,-0.2364,0.0343,-0.0096,-21.81,-33.94,16.31,301.74,-81.99,-175.45
52.377464,-1.492424,125.99,24.74,3,94.17,20 / 22,2766609,2019-09-06 20:06:12:352,-1.6553,-0.0573,10.4923,-0.0253,0.0102,9.8066,0.0879,-0.0262,0.0337,-22.06,-33.81,16.44,302.3,-81.86,-174.8
52.377464,-1.492424,125.99,24.74,3,94.17,20 / 22,2766710,2019-09-06 20:06:12:453,0.6282,0.4638,9.6468,0.0185,-0.0144,9.8066,0.0122,0.0454,-0.0971,-22,-34.56,16.69,303.57,-81.99,-175.41
52.377464,-1.492424,125.99,24.74,3,94.17,20 / 22,2766810,2019-09-06 20:06:12:553,-0.1607,0.5966,9.2211,0.0089,-0.0063,9.8066,-0.0264,0.0062,0.0405,-22.06,-35.12,16.81,303.98,-81.93,-174.96
52.377464,-1.492424,125.99,24.74,3,94.17,20 / 22,2766910,2019-09-06 20:06:12:653,-0.3571,0.4818,9.5124,0.0097,-0.0054,9.8066,0.0793,-0.0326,0.0474,-22.19,-35.94,16.56,303.77,-82.02,-175.02
52.377464,-1.492424,125.99,24.74,3,94.17,20 / 22,2767010,2019-09-06 20:06:12:753,-1.1835,0.1269,9.6377,0.015,-0.0038,9.8066,0.0121,-0.0228,-0.0356,-22.56,-36.87,14.44,295.79,-82.01,-175.34
52.377464,-1.492424,125.99,24.74,3,94.17,20 / 22,2767110,2019-09-06 20:06:12:853,-0.1029,0.6617,9.5081,0.0008,-0.0063,9.8066,0.1459,0.0322,-0.0299,-22.5,-35.31,14.25,297.98,-82.11,-174.84
52.377464,-1.492424,125.99,24.74,3,94.17,20 / 22,2767210,2019-09-06 20:06:12:953,-1.1018,0.2576,9.6833,0.0191,-0.0157,9.8066,-0.1039,0.0258,0.0646,-22.12,-34.81,14.38,298.14,-82.2,-174.8
52.377464,-1.492424,125.99,24.74,3,94.17,20 / 22,2767310,2019-09-06 20:06:13:053,-0.2267,0.762,10.0015,0.0199,-0.0113,9.8065,-0.0473,-0.066,0.012,-22.06,-34.56,14.25,298.36,-82.05,-174.41
52.377464,-1.492424,125.99,24.74,3,94.17,19 / 21,2767409,2019-09-06 20:06:13:152,-1.5207,-0.3068,10.3021,-0.0068,-0.0034,9.8066,0.0085,-0.0339,-0.004,-22.12,-34.37,14.5,301.23,-82.17,-174.2
52.377464,-1.492424,125.99,24.74,3,94.17,19 / 21,2767510,2019-09-06 20:06:13:253,-0.0154,0.9372,10.6767,0.0041,-0.0015,9.8066,-0.0153,0.1018,-0.0306,-22,-34.25,15.38,301.76,-82.04,-173.57
52.377464,-1.492424,125.99,24.74,3,94.17,19 / 21,2767609,2019-09-06 20:06:13:352,-0.6237,0.0491,10.5327,-0.0077,0.0001,9.8066,0.0923,-0.0602,0.0561,-22.56,-34.62,15.13,300.43,-81.86,-173.41
52.377464,-1.492424,125.99,24.74,3,94.17,19 / 21,2767710,2019-09-06 20:06:13:453,-0.1414,0.5131,9.7427,-0.0226,0.0224,9.8066,-0.0193,0.0026,-0.094,-22.25,-34.19,15,300.83,-81.94,-174.3
52.377464,-1.492424,125.99,24.74,3,94.17,19 / 21,2767810,2019-09-06 20:06:13:553,-1.7695,0.893,9.0629,0.0065,-0.008,9.8066,-0.044,0.0055,0.0092,-22.06,-34.19,15.06,301.56,-81.91,-173.6
52.377464,-1.492424,125.99,24.74,3,94.17,19 / 21,2767910,2019-09-06 20:06:13:653,-0.8693,0.1087,10.1599,0.0112,-0.0038,9.8066,0.1152,0.0009,0.0014,-22,-34.19,15.19,301.6,-82.05,-173.72
52.377464,-1.492424,125.99,24.74,3,94.17,19 / 21,2768010,2019-09-06 20:06:13:753,0.1894,-0.019,9.5631,0.0246,-0.0077,9.8065,-0.151,0.0624,-0.0338,-21.69,-34.31,15.56,303.33,-82,-174.03
52.377464,-1.492424,125.99,24.74,3,94.17,19 / 21,2768110,2019-09-06 20:06:13:853,-0.7048,0.52,10.2076,0.0405,-0.0244,9.8065,-0.0317,0,0.0318,-21.62,-34.31,15.31,301.04,-81.85,-174
52.377464,-1.492424,125.99,24.74,3,94.17,19 / 21,2768210,2019-09-06 20:06:13:953,-0.2674,0.4624,9.9761,-0.0088,0.0029,9.8065,0.0258,-0.0506,-0.0048,-21.69,-33.94,15.81,302.6,-81.88,-174.55
52.377464,-1.492424,125.99,24.74,3,94.17,19 / 21,2768309,2019-09-06 20:06:14:052,-0.529,-0.1521,9.7198,-0.0087,0.0092,9.8066,-0.0729,0.0342,-0.0533,-21.62,-34.62,15.94,302.38,-81.93,-174.56
52.377464,-1.492424,125.99,24.74,3,94.17,19 / 21,2768410,2019-09-06 20:06:14:153,-1.2627,2.8663,9.3212,0.0139,-0.008,9.8066,0.0199,-0.0048,-0.0155,-21.75,-34.37,15.25,301.33,-81.96,-173.87
52.377464,-1.492424,125.99,24.74,3,94.17,19 / 21,2768510,2019-09-06 20:06:14:253,-0.1339,0.2962,9.1211,-0.0021,-0.0147,9.8066,0.0082,0.0296,0.0264,-22.19,-34.5,15.56,304.1,-82.16,-173.51
52.377464,-1.492424,125.99,24.74,3,94.17,19 / 21,2768609,2019-09-06 20:06:14:352,-0.207,0.1361,10.1223,0.0236,-0.0132,9.8066,0.0476,0.0369,-0.0147,-21.87,-34.37,15.25,302.95,-81.96,-172.4
52.377464,-1.492424,125.99,24.74,3,94.17,19 / 21,2768710,2019-09-06 20:06:14:453,0.1426,-0.7276,9.8912,0.0359,-0.0261,9.8065,0.0751,-0.0423,0.0174,-22.19,-34.25,15.81,305.16,-81.75,-172.09
52.377464,-1.492424,125.99,24.74,3,94.17,19 / 21,2768809,2019-09-06 20:06:14:552,-0.2576,-0.4994,10.4903,-0.025,0.011,9.8066,-0.0621,0.0295,0.0133,-21.94,-34.19,15.94,304.99,-81.77,-172.27
52.377464,-1.492424,125.99,24.74,3,94.17,19 / 21,2768910,2019-09-06 20:06:14:653,1.4002,-0.3697,9.5493,-0.0221,0.0283,9.8065,-0.0777,0.0414,-0.087,-21.75,-34.37,15.38,302.38,-81.97,-172.93
52.377464,-1.492424,125.99,24.74,3,94.17,19 / 21,2769010,2019-09-06 20:06:14:753,0.4077,0.6256,9.5827,-0.0057,0.0052,9.8066,0.003,-0.0015,-0.007,-22.5,-34.25,15,301.81,-82.13,-173.63
52.377464,-1.492424,125.99,24.74,3,94.17,19 / 21,2769109,2019-09-06 20:06:14:852,0.4265,-0.6821,10.0656,-0.0055,0.0172,9.8065,0.0623,0.0662,0.057,-21.69,-34.31,15.06,301.02,-82.24,-174.48
52.377464,-1.492424,125.99,24.74,3,94.17,19 / 21,2769209,2019-09-06 20:06:14:952,-0.7503,-0.408,10.421,0.038,0.0006,9.8065,-0.0559,0.0794,-0.1049,-21.94,-34.25,15.63,302.28,-81.97,-174.94
52.377464,-1.492424,125.99,24.74,3,94.17,19 / 21,2769310,2019-09-06 20:06:15:053,-0.6637,-0.147,9.9757,0.041,-0.0407,9.8064,0.1108,-0.052,0.0537,-22.12,-34.12,15.44,300.54,-81.71,-174.28
52.377304,-1.489063,125.34,24.15,3,94.25,20 / 22,2769410,2019-09-06 20:06:15:153,0.267,-0.5457,10.0465,-0.008,0.0045,9.8066,0.0388,0.0159,-0.0138,-22.12,-34.25,15.25,301.29,-81.79,-173.71
52.377304,-1.489063,125.34,24.15,3,94.25,20 / 22,2769509,2019-09-06 20:06:15:252,0.4117,0.3378,8.9004,-0.0001,0.0059,9.8066,-0.148,0.0636,-0.0761,-21.87,-34.19,15.38,301.48,-81.76,-173.49
52.377304,-1.489063,125.34,24.15,3,94.25,20 / 22,2769609,2019-09-06 20:06:15:352,-1.146,-0.1236,9.5805,-0.011,0.0044,9.8065,0.024,-0.0179,-0.008,-22.25,-34.44,15.06,301.86,-81.82,-173.23
52.377304,-1.489063,125.34,24.15,3,94.25,20 / 22,2769710,2019-09-06 20:06:15:453,-1.4811,0.9616,9.3866,-0.0175,0.0132,9.8065,0.0351,0.0039,-0.0265,-21.87,-34.19,15,301.8,-82.05,-173.55
52.377304,-1.489063,125.34,24.15,3,94.25,20 / 22,2769810,2019-09-06 20:06:15:553,-0.3028,0.4071,10.1175,0.0187,-0.0032,9.8066,0.0102,-0.0082,-0.0045,-21.87,-34.62,15.38,301.1,-81.92,-173.77
52.377304,-1.489063,125.34,24.15,3,94.25,20 / 22,2769910,2019-09-06 20:06:15:653,-1.4447,0.8691,10.3421,0.0284,-0.0108,9.8066,0.0465,0.0071,0.022,-21.94,-34.31,15.06,300.77,-81.76,-174.14
52.377304,-1.489063,125.34,24.15,3,94.25,20 / 22,2770009,2019-09-06 20:06:15:752,1.3843,-0.1027,10.4943,-0.0107,-0.0061,9.8066,-0.0062,0.0029,0.0552,-21.81,-34.25,15.19,302.11,-81.62,-172.76
52.377304,-1.489063,125.34,24.15,3,94.25,20 / 22,2770109,2019-09-06 20:06:15:852,-0.0403,0.2449,8.9038,-0.0252,0.0042,9.8065,-0.1424,0.0154,-0.0235,-22,-34.12,15.25,302.82,-81.66,-172.17
52.377304,-1.489063,125.34,24.15,3,94.25,20 / 22,2770210,2019-09-06 20:06:15:953,-0.5281,-0.0066,9.0182,-0.0216,0.0039,9.8066,0.013,-0.015,0.0006,-22.44,-34.31,15.19,304.09,-81.77,-171.15
52.377304,-1.489063,125.34,24.15,3,94.25,20 / 22,2770310,2019-09-06 20:06:16:053,-0.4773,-0.4675,9.3089,-0.006,0.0027,9.8066,0.1206,-0.0403,-0.0013,-22.12,-34.44,15.19,305.18,-82.04,-170.48
52.377304,-1.489063,125.34,24.15,3,94.25,20 / 22,2770409,2019-09-06 20:06:16:152,-0.2005,-0.3594,10.1549,0.0189,-0.0003,9.8066,-0.0156,0.0151,-0.0105,-22.19,-34.37,15.06,304.15,-82.11,-171.49
52.377304,-1.489063,125.34,24.15,3,94.25,20 / 22,2770510,2019-09-06 20:06:16:253,-1.1779,0.7085,10.3865,-0.0093,0.0094,9.8066,-0.0782,-0.0132,0.002,-22.19,-34.44,15.44,303.66,-82.01,-171.81
52.377304,-1.489063,125.34,24.15,3,94.25,20 / 22,2770609,2019-09-06 20:06:16:352,-0.3834,-0.0441,9.7965,-0.0293,0.0075,9.8066,0.0366,-0.0405,0.0194,-22.75,-34.31,15.56,304.71,-82.01,-171.83
52.377304,-1.489063,125.34,24.15,3,94.25,20 / 22,2770710,2019-09-06 20:06:16:453,-0.0726,-0.1917,9.8269,-0.0408,0.0047,9.8065,0.0375,0.004,0.0178,-22.56,-34.19,15.19,303.62,-82.08,-171.01
52.377304,-1.489063,125.34,24.15,3,94.25,20 / 22,2770809,2019-09-06 20:06:16:552,-1.014,0.1885,9.7419,0.0319,-0.0192,9.8065,-0.0238,0.01,0.0384,-22.69,-34,15.56,306.54,-82.12,-170.3
52.377304,-1.489063,125.34,24.15,3,94.25,20 / 22,2770909,2019-09-06 20:06:16:652,-1.3041,0.7182,9.849,0.029,0.0049,9.8065,-0.0892,0.0285,-0.0798,-22.5,-34.44,15.63,306.53,-81.99,-171.13
52.377304,-1.489063,125.34,24.15,3,94.25,20 / 22,2771010,2019-09-06 20:06:16:753,0.3069,0.3571,9.5633,-0.0228,0.0079,9.8066,-0.069,-0.002,0.0376,-22.12,-34.31,15.88,306.14,-82.17,-171.68
52.377304,-1.489063,125.34,24.15,3,94.25,20 / 22,2771110,2019-09-06 20:06:16:853,0.2625,0.436,9.3047,-0.0109,0.0049,9.8065,-0.0734,0.0424,-0.016,-22.12,-34.37,15.56,305.94,-82.13,-171.81
52.377304,-1.489063,125.34,24.15,3,94.25,20 / 22,2771210,2019-09-06 20:06:16:953,-1.0198,0.9496,9.6921,-0.0179,0.0068,9.8066,0.1272,-0.0396,0.0197,-22.19,-33.87,15.38,304.22,-82.15,-171.47
52.377304,-1.489063,125.34,24.15,3,94.25,20 / 22,2771310,2019-09-06 20:06:17:053,-0.3482,0.6873,9.7367,-0.0156,0.0126,9.8065,0.0875,-0.0431,-0.0299,-22.06,-34.5,15.06,304.01,-82.15,-171.66
52.377304,-1.489063,125.34,24.15,3,94.25,20 / 22,2771409,2019-09-06 20:06:17:152,-0.2861,0.3152,9.4466,0.0063,-0.0048,9.8066,-0.0275,-0.0301,0.0126,-21.87,-34,15.19,303.69,-82.2,-172.01
52.377304,-1.489063,125.34,24.15,3,94.25,20 / 22,2771510,2019-09-06 20:06:17:253,-0.2531,0.4323,9.4351,0.0026,0.0045,9.8066,-0.1115,0.0376,-0.0162,-21.94,-34.94,14.94,303.22,-82.24,-172.24
52.377304,-1.489063,125.34,24.15,3,94.25,20 / 22,2771610,2019-09-06 20:06:17:353,-2.1374,0.0126,9.993,-0.0454,0.0303,9.8064,0.0463,0.0156,-0.0645,-21.5,-34.56,14.81,304.51,-82.56,-172.43
52.377304,-1.489063,125.34,24.15,3,94.25,20 / 22,2771710,2019-09-06 20:06:17:453,-0.3691,0.454,9.6884,-0.0314,0.013,9.8066,-0.0062,-0.0404,0.0326,-21.37,-34.44,14.94,304.31,-82.49,-172.77
52.377304,-1.489063,125.34,24.15,3,94.25,20 / 22,2771810,2019-09-06 20:06:17:553,0.1112,0.3008,8.466,0.0237,-0.0034,9.8066,-0.105,-0.0075,-0.0217,-20.94,-34.94,14.31,301.11,-82.37,-173.22
52.377304,-1.489063,125.34,24.15,3,94.25,20 / 22,2771909,2019-09-06 20:06:17:652,-0.6938,0.1798,9.5696,0.0329,-0.0244,9.8065,-0.0781,0.0003,0.0364,-20.37,-34.94,13.31,300.4,-82.43,-172.75
52.377304,-1.489063,125.34,24.15,3,94.25,20 / 22,2772009,2019-09-06 20:06:17:752,-0.993,-0.0289,9.9836,-0.0336,0.0157,9.8065,0.1788,0.062,-0.0042,-20.19,-35.94,14.19,303.15,-82.44,-172.2
52.377304,-1.489063,125.34,24.15,3,94.25,20 / 22,2772110,2019-09-06 20:06:17:853,-0.0019,-0.41,10.1436,-0.0543,0.0178,9.8064,0.0618,-0.1044,0.0279,-20.06,-36,15.13,306.74,-82.66,-171.38
52.377304,-1.489063,125.34,24.15,3,94.25,20 / 22,2772210,2019-09-06 20:06:17:953,0.4373,0.8085,9.1731,0.0082,-0.0267,9.8066,-0.0359,-0.1162,0.1155,-20.19,-36.69,14.38,305.24,-82.59,-170.29
52.377304,-1.489063,125.34,24.15,3,94.25,20 / 22,2772310,2019-09-06 20:06:18:053,-0.9769,0.3495,9.6062,0.0043,-0.0003,9.8066,0.01,0.0059,0.0138,-19.37,-37,14.63,309.97,-82.72,-169.52
52.377304,-1.489063,125.34,24.15,3,94.25,19 / 21,2772410,2019-09-06 20:06:18:153,-0.7403,-1.0157,9.2746,0.0369,-0.0169,9.8065,-0.3551,0.0391,-0.0012,-19.75,-36.87,14.94,308.69,-82.7,-169.46
52.377304,-1.489063,125.34,24.15,3,94.25,19 / 21,2772509,2019-09-06 20:06:18:252,3.2117,-1.0202,10.0681,0.0455,-0.0102,9.8065,-0.4431,-0.0268,0.0351,-19.31,-37.5,14.88,310.23,-82.9,-169.51
52.377304,-1.489063,125.34,24.15,3,94.25,19 / 21,2772609,2019-09-06 20:06:18:352,-2.522,2.0367,9.5243,0.0798,-0.0273,9.8062,0.0152,-0.085,0.0217,-18.87,-36.5,14.75,309.47,-83.25,-170.83
52.377304,-1.489063,125.34,24.15,3,94.25,19 / 21,2772709,2019-09-06 20:06:18:452,-2.1828,1.6431,8.9931,0.0935,-0.0309,9.8061,-0.1589,0.032,-0.0547,-18.75,-36.12,15.06,305.4,-82.82,-173.92
52.377304,-1.489063,125.34,24.15,3,94.25,19 / 21,2772809,2019-09-06 20:06:18:552,-2.0139,0.4254,9.3459,-0.0539,0.0278,9.8064,0.1023,0.0849,-0.0323,-18.81,-35.56,14.63,306.64,-83.15,-173.23
52.377304,-1.489063,125.34,24.15,3,94.25,19 / 21,2772910,2019-09-06 20:06:18:653,-1.169,0.8871,9.9177,-0.0322,0.0023,9.8065,-0.0572,0.0288,0.056,-18.87,-35.81,14.88,307.06,-83.12,-172.81
52.377304,-1.489063,125.34,24.15,3,94.25,19 / 21,2773009,2019-09-06 20:06:18:752,-0.86,-0.6627,9.3459,-0.0093,0.0103,9.8066,-0.0124,0.0626,-0.0575,-18.94,-35.5,14.75,307.54,-83.09,-172.58
52.377304,-1.489063,125.34,24.15,3,94.25,19 / 21,2773110,2019-09-06 20:06:18:853,0.6229,0.7783,9.7244,-0.0128,-0.0071,9.8066,0.1315,-0.0838,0.0856,-19,-35.62,14.25,306.09,-83.14,-171.59
52.377304,-1.489063,125.34,24.15,3,94.25,19 / 21,2773211,2019-09-06 20:06:18:954,-0.7986,-0.1297,10.0644,0.0167,-0.0156,9.8065,-0.0668,-0.0433,0.0395,-19.56,-36.5,14.81,307.16,-83.3,-171.8
52.377304,-1.489063,125.34,24.15,3,94.25,19 / 21,2773309,2019-09-06 20:06:19:052,-0.0479,0.4926,9.4904,0.0052,0.0183,9.8066,-0.0879,-0.029,-0.097,-20.25,-36.94,14.94,306.05,-83.31,-172.58
52.377304,-1.489063,125.34,24.15,3,94.25,18 / 21,2773410,2019-09-06 20:06:19:153,-1.2379,1.9874,9.3802,-0.0259,0.0183,9.8065,0.2242,-0.062,0.085,-20.12,-35.87,15.06,304.77,-83.35,-174.01
52.377304,-1.489063,125.34,24.15,3,94.25,18 / 21,2773509,2019-09-06 20:06:19:252,-0.0042,-0.1143,10.0246,-0.021,0.0298,9.8066,0.1294,0.0039,0.0016,-19.44,-34.69,14.81,305.63,-83.51,-174.82
52.377304,-1.489063,125.34,24.15,3,94.25,18 / 21,2773610,2019-09-06 20:06:19:353,-0.5456,-0.8825,9.9781,-0.0263,0.0041,9.8065,0.0003,0.0973,-0.0245,-19.25,-35.37,13.63,304.02,-83.57,-174.25
52.377304,-1.489063,125.34,24.15,3,94.25,18 / 21,2773709,2019-09-06 20:06:19:452,-0.5547,-0.2324,10.6327,-0.0315,-0.0042,9.8065,0.0248,-0.018,0.0556,-18.81,-36.06,13.81,305.53,-83.6,-172.7
52.377304,-1.489063,125.34,24.15,3,94.25,18 / 21,2773809,2019-09-06 20:06:19:552,-0.3645,0.2979,8.906,0.0312,-0.0121,9.8065,-0.0931,-0.0154,-0.0284,-18.69,-36.81,13.56,304.54,-83.58,-173.33
52.377304,-1.489063,125.34,24.15,3,94.25,18 / 21,2773910,2019-09-06 20:06:19:653,-0.6681,-0.2467,9.4791,0.0307,-0.0227,9.8065,0.0874,-0.0382,0.0726,-18.87,-37.75,14.56,307.22,-83.6,-172.86
52.377304,-1.489063,125.34,24.15,3,94.25,18 / 21,2774009,2019-09-06 20:06:19:752,-1.8094,0.4073,10.6439,-0.0327,0.0244,9.8065,-0.0946,-0.0614,-0.0202,-18.5,-37.31,15.06,308.78,-83.58,-172.91
52.377304,-1.489063,125.34,24.15,3,94.25,18 / 21,2774109,2019-09-06 20:06:19:852,-0.5236,-0.2322,10.5176,0.0335,-0.0289,9.8065,0.073,-0.0035,0.0174,-17.44,-37.31,14.56,310.95,-83.65,-172.43
52.377304,-1.489063,125.34,24.15,3,94.25,18 / 21,2774210,2019-09-06 20:06:19:953,0.5865,1.3116,9.439,0.0145,-0.0105,9.8066,-0.0764,-0.057,0.0026,-17.5,-36,14.94,310.79,-83.46,-172.55
52.377304,-1.489063,125.34,24.15,3,94.25,18 / 21,2774310,2019-09-06 20:06:20:053,-1.0903,-0.2741,9.0975,0.0207,-0.0232,9.8066,-0.1157,-0.0531,0.0178,-17.31,-35.75,14.94,311.34,-83.5,-172.12
52.377304,-1.489063,125.34,24.15,3,94.25,19 / 21,2774410,2019-09-06 20:06:20:153,-0.7207,0.2002,8.9929,-0.0348,0.0136,9.8065,0.1057,-0.0142,-0.0083,-17.12,-35.87,13.63,310.6,-83.74,-170.9
52.377304,-1.489063,125.34,24.15,3,94.25,19 / 21,2774511,2019-09-06 20:06:20:254,1.1484,-1.5053,9.8796,0.0534,-0.0238,9.8065,0.2099,-0.0229,-0.0344,-17.5,-37.37,13.94,312.04,-84.18,-169.99
52.377304,-1.489063,125.34,24.15,3,94.25,19 / 21,2774610,2019-09-06 20:06:20:353,1.0717,0.3357,9.9719,0.0353,-0.0255,9.8065,-0.1223,-0.0373,0.0639,-17.5,-38.37,14.31,310.42,-83.97,-170.93
52.377304,-1.489063,125.34,24.15,3,94.25,19 / 21,2774709,2019-09-06 20:06:20:452,0.3765,-0.1937,10.2394,0.0298,-0.0071,9.8066,-0.1522,0.0398,-0.0602,-17.69,-37.12,14.56,310.71,-83.96,-171.67
52.377304,-1.489063,125.34,24.15,3,94.25,19 / 21,2774809,2019-09-06 20:06:20:552,0.4714,0.2381,10.1413,-0.0145,0.0085,9.8065,0.0484,-0.063,0.0329,-17.31,-35.87,14.63,313.51,-84.04,-170.87
52.377304,-1.489063,125.34,24.15,3,94.25,19 / 21,2774909,2019-09-06 20:06:20:652,0.0916,-0.1558,10.2736,0.0022,-0.0016,9.8066,0.1528,0.0034,0.0291,-17,-35.87,13.75,310.9,-83.95,-170.9
52.377304,-1.489063,125.34,24.15,3,94.25,19 / 21,2775010,2019-09-06 20:06:20:753,0.3773,-0.3703,10.6297,0.0154,-0.017,9.8066,-0.1156,0.0229,0.028,-16.94,-36.5,14.56,314.56,-83.96,-169.85
52.377304,-1.489063,125.34,24.15,3,94.25,19 / 21,2775110,2019-09-06 20:06:20:853,0.935,-0.5232,9.8618,0.0103,-0.0195,9.8066,-0.0926,-0.026,0.0078,-17.56,-35.37,14.94,314.04,-83.78,-168.89
52.377304,-1.489063,125.34,24.15,3,94.25,19 / 21,2775209,2019-09-06 20:06:20:952,-0.1268,0.1981,9.1835,0.0114,-0.0209,9.8066,0.0188,-0.0196,0.0673,-18.75,-33.81,14.75,314.48,-83.77,-167.38
52.377304,-1.489063,125.34,24.15,3,94.25,19 / 21,2775310,2019-09-06 20:06:21:053,-0.5064,0.2409,8.4896,-0.0265,0.0146,9.8066,-0.0167,0.0226,0.0236,-19.75,-34.25,14.25,311.34,-83.85,-167.03
52.377304,-1.489063,125.34,24.15,3,94.25,19 / 21,2775409,2019-09-06 20:06:21:152,0.7633,0.7148,8.9012,-0.0247,0.0272,9.8065,0.0533,0.0769,-0.0434,-19.31,-35.12,13.75,312.52,-84.11,-167.25
52.377304,-1.489063,125.34,24.15,3,94.25,19 / 21,2775509,2019-09-06 20:06:21:252,0.1912,0.8778,9.9755,-0.0345,0.0175,9.8065,0.0705,-0.0638,0.0151,-18.94,-35.69,13.94,312.16,-84.1,-167.38
52.377304,-1.489063,125.34,24.15,3,94.25,19 / 21,2775609,2019-09-06 20:06:21:352,-0.3305,0.3866,10.0502,0.0478,-0.031,9.8064,0.0796,-0.0158,0.0129,-18.06,-35.44,13.88,312.56,-84.18,-168.56
52.377304,-1.489063,125.34,24.15,3,94.25,19 / 21,2775710,2019-09-06 20:06:21:453,-0.3217,0.5673,9.4895,0.0273,-0.0106,9.8066,-0.0128,-0.0427,0.0156,-17.37,-35.75,14.13,312.94,-83.9,-169.04
52.377304,-1.489063,125.34,24.15,3,94.25,19 / 21,2775809,2019-09-06 20:06:21:552,0.9676,-0.8323,9.6824,-0.0402,0.0336,9.8064,-0.0185,-0.0143,-0.0481,-17.31,-35.56,13.75,312.51,-84.26,-169.87
52.377304,-1.489063,125.34,24.15,3,94.25,19 / 21,2775910,2019-09-06 20:06:21:653,0.8022,-1.2732,9.8872,-0.0438,0.0268,9.8064,0.1392,-0.0322,0.0265,-17.87,-36.31,14,311.08,-84.33,-169.89
52.377304,-1.489063,125.34,24.15,3,94.25,19 / 21,2776009,2019-09-06 20:06:21:752,1.213,-0.0718,9.661,0.0393,-0.023,9.8065,-0.1149,0.0211,-0.0292,-18.62,-34.69,14.88,311.35,-84.1,-170.36
52.377304,-1.489063,125.34,24.15,3,94.25,19 / 21,2776110,2019-09-06 20:06:21:853,0.2288,-0.5547,10.101,0.0427,-0.0316,9.8064,-0.0191,-0.0365,0.0315,-19.69,-33.5,14.19,308.61,-84.04,-169.92
52.377304,-1.489063,125.34,24.15,3,94.25,19 / 21,2776209,2019-09-06 20:06:21:952,1.2408,-0.2187,10.1138,-0.031,0.0152,9.8065,0.0655,-0.0092,0.0212,-19.37,-33.81,13.5,308.87,-84.03,-170.64
52.377304,-1.489063,125.34,24.15,3,94.25,19 / 21,2776310,2019-09-06 20:06:22:053,0.3075,0.139,10.1358,-0.0339,0.0172,9.8065,0.0489,0.0421,-0.0278,-18.87,-35.06,12.94,307.44,-84.26,-169.85
52.377304,-1.489063,125.34,24.15,3,94.25,18 / 21,2776410,2019-09-06 20:06:22:153,1.8193,-0.6948,9.4065,0.0248,-0.0174,9.8065,-0.0669,-0.0434,0.0161,-18.62,-35.94,13.63,309.81,-84.14,-169.54
52.377304,-1.489063,125.34,24.15,3,94.25,18 / 21,2776509,2019-09-06 20:06:22:252,0.4027,1.2788,9.3797,0.0297,-0.016,9.8066,-0.1854,0.0786,-0.0099,-18.81,-36.37,13.38,307.36,-84.22,-169.67
52.377304,-1.489063,125.34,24.15,3,94.25,18 / 21,2776610,2019-09-06 20:06:22:353,0.233,0.0018,9.0813,-0.0386,0.0321,9.8065,0.1679,-0.0081,-0.0788,-19.25,-36.06,14.81,313.52,-84.46,-168.65
52.377304,-1.489063,125.34,24.15,3,94.25,18 / 21,2776709,2019-09-06 20:06:22:452,0.0449,-1.254,9.2909,-0.0575,0.0342,9.8064,0.2312,0.0453,0.0134,-19.5,-34,14.44,311.39,-84.69,-169.12
52.377304,-1.489063,125.34,24.15,3,94.25,18 / 21,2776810,2019-09-06 20:06:22:553,0.9728,0.7214,9.782,0.0288,0.0058,9.8066,-0.1668,0.0334,-0.0858,-19.94,-33.81,13.69,310.42,-84.6,-168.71
52.377304,-1.489063,125.34,24.15,3,94.25,18 / 21,2776910,2019-09-06 20:06:22:653,0.345,0.3668,9.6013,0.0133,-0.0119,9.8065,-0.0528,0.0096,-0.0078,-19.19,-35.44,13.69,309.66,-84.64,-170.47
52.377304,-1.489063,125.34,24.15,3,94.25,18 / 21,2777010,2019-09-06 20:06:22:753,0.6307,-0.5572,9.6009,-0.0047,0.0098,9.8066,0.1766,0.0763,-0.0405,-18.94,-35.62,13.06,307.59,-84.6,-169.95
52.377304,-1.489063,125.34,24.15,3,94.25,18 / 21,2777110,2019-09-06 20:06:22:853,1.5573,-1.6458,10.2007,-0.0416,0.0236,9.8064,0.083,-0.0881,0.0074,-18.62,-36.31,13.44,307.3,-84.76,-170.43
52.377304,-1.489063,125.34,24.15,3,94.25,18 / 21,2777210,2019-09-06 20:06:22:953,0.4065,0.8254,9.6393,0.0442,-0.0254,9.8065,-0.0847,-0.0147,0.0495,-18.44,-35.81,12.56,307.23,-84.51,-171.36
52.377304,-1.489063,125.34,24.15,3,94.25,18 / 21,2777309,2019-09-06 20:06:23:052,0.6059,0.8577,9.1375,0.0344,0.0019,9.8065,-0.0956,0.0832,-0.0752,-18.06,-36.12,13.25,306.19,-84.67,-172.53
52.377304,-1.489063,125.34,24.15,3,94.25,17 / 20,2777409,2019-09-06 20:06:23:152,1.264,-0.2159,9.7491,-0.0075,0.0144,9.8066,0.05,0.0023,-0.0231,-18.12,-35.69,13.06,305.08,-84.93,-173.89
52.377304,-1.489063,125.34,24.15,3,94.25,17 / 20,2777510,2019-09-06 20:06:23:253,1.5559,0.2463,9.9302,-0.006,-0.0084,9.8066,0.1723,0.0613,-0.0052,-18.37,-35.75,13.56,308.25,-84.86,-173.13
52.377304,-1.489063,125.34,24.15,3,94.25,17 / 20,2777610,2019-09-06 20:06:23:353,2.6086,0.0928,9.1544,0.0052,-0.0129,9.8066,-0.2666,-0.0175,0.0018,-18.31,-34.81,13.25,306.7,-84.7,-172.29
52.377304,-1.489063,125.34,24.15,3,94.25,17 / 20,2777710,2019-09-06 20:06:23:453,0.2626,0.0772,9.2664,-0.0191,-0.0029,9.8066,-0.224,0.0983,-0.0243,-18.12,-35.37,12.38,307,-84.62,-169.59
52.377304,-1.489063,125.34,24.15,3,94.25,17 / 20,2777809,2019-09-06 20:06:23:552,-0.0887,0.6579,9.9619,0.0086,0.0004,9.8066,0.2116,0.0272,0.0354,-18.62,-37.06,12.69,309.15,-84.84,-168.67
52.377304,-1.489063,125.34,24.15,3,94.25,17 / 20,2777910,2019-09-06 20:06:23:653,1.3514,0.1512,9.7922,-0.0314,0.0248,9.8065,0.1101,0.0069,-0.1264,-18.87,-36.62,12.69,310.22,-85.22,-168.19
52.377304,-1.489063,125.34,24.15,3,94.25,17 / 20,2778010,2019-09-06 20:06:23:753,1.3568,0.8445,9.6746,-0.0163,0.0351,9.8065,0.0043,0.0258,0.0547,-18.75,-35.37,13.44,307.5,-85.29,-171.09
52.377304,-1.489063,125.34,24.15,3,94.25,17 / 20,2778109,2019-09-06 20:06:23:852,0.2715,1.2004,10.4589,-0.0029,0.0081,9.8066,0.0622,0.0574,-0.0037,-18.69,-35.19,12.25,301.36,-85.32,-174.58
52.377304,-1.489063,125.34,24.15,3,94.25,17 / 20,2778209,2019-09-06 20:06:23:952,0.6726,-0.378,10.644,-0.0212,0.0091,9.8065,-0.0932,0.0513,-0.089,-18.12,-36.87,12.44,301.92,-85.28,-174.8
52.377304,-1.489063,125.34,24.15,3,94.25,17 / 20,2778309,2019-09-06 20:06:24:052,0.9905,0.4472,10.306,0.0332,-0.0139,9.8066,-0.1237,-0.03,0.0055,-18.25,-38.25,12.19,302.02,-85.13,-174.29
52.377155,-1.486011,126.2,23.53,3,92.02,19 / 21,2778410,2019-09-06 20:06:24:153,0.8448,-0.1073,9.1804,0.0128,-0.0084,9.8066,-0.1145,0.072,0.0455,-18.31,-38.56,13.06,304.33,-85.05,-174.2
52.377155,-1.486011,126.2,23.53,3,92.02,19 / 21,2778509,2019-09-06 20:06:24:252,1.0678,0.352,9.7644,-0.0255,0.0235,9.8065,-0.0494,0.0396,0.0632,-19.25,-37.81,12.81,304.09,-85.19,-173.61
52.377155,-1.486011,126.2,23.53,3,92.02,19 / 21,2778609,2019-09-06 20:06:24:352,0.9833,0.3174,9.8365,0.0177,-0.0138,9.8065,0.0087,0.0825,0.0658,-19.06,-36.87,13.19,304.54,-85.27,-173.47
52.377155,-1.486011,126.2,23.53,3,92.02,19 / 21,2778709,2019-09-06 20:06:24:452,0.1669,0.4126,10.299,0.0312,-0.026,9.8065,0.092,0.0197,-0.0031,-18.87,-36.56,12.56,305.13,-85.05,-172.63
52.377155,-1.486011,126.2,23.53,3,92.02,19 / 21,2778809,2019-09-06 20:06:24:552,0.8823,0.3934,10.5847,-0.0102,-0.0065,9.8066,0.1319,-0.0197,-0.0159,-19,-36.94,12.38,304.22,-84.99,-171.1
52.377155,-1.486011,126.2,23.53,3,92.02,19 / 21,2778909,2019-09-06 20:06:24:652,1.0058,0.3102,9.3085,-0.0131,0.0009,9.8066,-0.1725,0.0503,0.0405,-19.06,-38.19,12.5,307.3,-84.89,-170.24
52.377155,-1.486011,126.2,23.53,3,92.02,19 / 21,2779010,2019-09-06 20:06:24:753,1.6078,0.3395,9.0419,0.0025,-0.0115,9.8066,-0.1375,0.0839,0.0843,-19.06,-37.44,12.44,306.52,-84.91,-168.88
52.377155,-1.486011,126.2,23.53,3,92.02,19 / 21,2779109,2019-09-06 20:06:24:852,-0.1494,0.57,9.3187,0.0042,-0.0164,9.8066,0.1776,-0.0275,-0.0373,-19.25,-37.75,12.25,308.57,-84.98,-166.94
52.377155,-1.486011,126.2,23.53,3,92.02,19 / 21,2779210,2019-09-06 20:06:24:953,1.4945,0.731,9.6257,-0.0171,0.0065,9.8065,0.1455,0.0355,-0.0993,-19.25,-37.5,13.13,312.37,-85.01,-165.96
52.377155,-1.486011,126.2,23.53,3,92.02,19 / 21,2779310,2019-09-06 20:06:25:053,0.8091,0.9306,10.1318,0.0155,-0.0057,9.8066,-0.0993,0.0422,0.0451,-19.37,-37.06,12.25,309.63,-85.12,-166.34
52.377155,-1.486011,126.2,23.53,3,92.02,18 / 21,2779409,2019-09-06 20:06:25:152,0.0645,1.1476,10.6182,0.0261,-0.0025,9.8066,-0.0416,0.0164,0.0042,-18.81,-38.25,11.81,308.23,-84.94,-167.19
52.377155,-1.486011,126.2,23.53,3,92.02,18 / 21,2779510,2019-09-06 20:06:25:253,0.0273,-0.3363,8.6186,0.013,-0.0095,9.8066,-0.2394,0.0911,-0.0305,-18.31,-38.56,11.63,309.17,-84.9,-167.26
52.377155,-1.486011,126.2,23.53,3,92.02,18 / 21,2779609,2019-09-06 20:06:25:352,0.0526,-0.1857,9.0866,0.0169,-0.0067,9.8066,-0.1314,-0.01,0.0409,-18.44,-39.25,11.19,305.05,-85.01,-168.68
52.377155,-1.486011,126.2,23.53,3,92.02,18 / 21,2779710,2019-09-06 20:06:25:453,0.2578,1.588,9.4656,0.0247,-0.003,9.8066,0.1609,0.0428,-0.0129,-18.62,-39.25,11.5,306.18,-85.13,-169.16
52.377155,-1.486011,126.2,23.53,3,92.02,18 / 21,2779810,2019-09-06 20:06:25:553,-0.7798,-0.6953,10.1343,-0.0059,0.0081,9.8066,0.1076,-0.0654,0.0486,-18.37,-38.44,12,305.06,-85.31,-171.78
52.377155,-1.486011,126.2,23.53,3,92.02,18 / 21,2779910,2019-09-06 20:06:25:653,-0.1388,0.2605,10.5273,0.0006,-0.0004,9.8066,-0.0083,0.0574,-0.0168,-18.75,-38.62,11.5,303.6,-85.31,-171.78
52.377155,-1.486011,126.2,23.53,3,92.02,18 / 21,2780009,2019-09-06 20:06:25:752,-0.0921,1.4486,10.4059,0.0045,0.0028,9.8066,0.1008,0.0247,0.059,-18.5,-39.12,11.31,299.49,-85.21,-174.11
52.377155,-1.486011,126.2,23.53,3,92.02,18 / 21,2780109,2019-09-06 20:06:25:852,1.894,0.1559,10.1397,0.0113,-0.0155,9.8065,-0.0136,-0.0315,-0.0099,-18.31,-39.06,11.5,302.66,-85.04,-173.37
52.377155,-1.486011,126.2,23.53,3,92.02,18 / 21,2780209,2019-09-06 20:06:25:952,0.4713,0.047,9.5931,-0.0057,-0.0018,9.8066,0.0269,0.0613,0.0315,-18.5,-38.87,11.06,301.56,-84.96,-171.79
52.377155,-1.486011,126.2,23.53,3,92.02,18 / 21,2780310,2019-09-06 20:06:26:053,0.252,0.4503,9.4485,0.0043,-0.0099,9.8065,-0.0085,-0.0103,0.0089,-18.81,-39.87,11.38,300.91,-84.96,-171.15
52.377155,-1.486011,126.2,23.53,3,92.02,20 / 22,2780410,2019-09-06 20:06:26:153,0.5982,0.9153,9.5547,-0.033,0.0219,9.8065,-0.0111,0.0796,-0.0543,-18.94,-39.19,12.5,307.06,-84.99,-170.42
52.377155,-1.486011,126.2,23.53,3,92.02,20 / 22,2780509,2019-09-06 20:06:26:252,0.8646,-0.2916,9.6255,-0.0318,0.0209,9.8065,-0.0826,0.0736,-0.0496,-20.12,-37.56,11.94,303.49,-85.34,-171.03
52.377155,-1.486011,126.2,23.53,3,92.02,20 / 22,2780610,2019-09-06 20:06:26:353,0.3693,0.4373,9.8388,0.0466,-0.0023,9.8064,-0.1149,-0.0229,0.0245,-20.25,-37.69,11.06,298.17,-85.11,-173.35
52.377155,-1.486011,126.2,23.53,3,92.02,20 / 22,2780709,2019-09-06 20:06:26:452,-0.4284,1.1216,9.9388,0.0545,-0.0246,9.8064,0.09,-0.0228,0.0105,-19.94,-38.37,10.88,297.78,-85.05,-173.62
52.377155,-1.486011,126.2,23.53,3,92.02,20 / 22,2780810,2019-09-06 20:06:26:553,0.9181,-0.2101,10.2378,0.0043,0.0009,9.8066,0.0519,0.0599,0.0545,-19.5,-38.87,11,298.01,-85.06,-174.19
52.377155,-1.486011,126.2,23.53,3,92.02,20 / 22,2780910,2019-09-06 20:06:26:653,-0.5648,-0.2076,9.9176,0.0055,-0.011,9.8066,0.0305,0.0799,-0.0421,-19.56,-38.19,11.56,299.89,-85.01,-173.91
52.377155,-1.486011,126.2,23.53,3,92.02,20 / 22,2781010,2019-09-06 20:06:26:753,-0.1402,0.9077,9.8825,-0.0011,-0.003,9.8066,-0.1045,0.0278,0.0213,-20,-37.94,11.19,299.15,-84.97,-172.21
52.377155,-1.486011,126.2,23.53,3,92.02,20 / 22,2781110,2019-09-06 20:06:26:853,-0.9224,0.4801,10.21,0.0023,-0.0097,9.8065,0.1233,0.0104,0.0112,-21.19,-37.87,11.13,299.1,-85.02,-171.45
52.377155,-1.486011,126.2,23.53,3,92.02,20 / 22,2781209,2019-09-06 20:06:26:952,0.5025,0.5615,10.2623,-0.002,-0.0015,9.8066,0.0836,0.0451,-0.0356,-20.94,-38.94,10.81,299.72,-85.01,-170.67
52.377155,-1.486011,126.2,23.53,3,92.02,20 / 22,2781309,2019-09-06 20:06:27:052,0.8359,-0.1216,9.9282,0.0143,0.0029,9.8066,-0.0897,0.0064,0.0344,-19.69,-39.44,11.13,300,-84.94,-171.19
52.377155,-1.486011,126.2,23.53,3,92.02,19 / 21,2781410,2019-09-06 20:06:27:153,0.3873,1.1601,9.3271,-0.0111,-0.0033,9.8066,-0.0512,0.0463,-0.0495,-19.37,-39.81,11.44,301.64,-84.94,-170.45
52.377155,-1.486011,126.2,23.53,3,92.02,19 / 21,2781509,2019-09-06 20:06:27:252,1.7087,-0.6237,9.7162,-0.0017,-0.001,9.8066,-0.0903,0.0305,0.0184,-19.19,-39.62,11.31,301.75,-84.98,-170.41
52.377155,-1.486011,126.2,23.53,3,92.02,19 / 21,2781610,2019-09-06 20:06:27:353,1.5417,0.8101,9.9928,0.0383,-0.0171,9.8065,-0.1329,-0.0109,-0.0203,-19.06,-39.81,11.19,302.14,-85.14,-170.3
52.377155,-1.486011,126.2,23.53,3,92.02,19 / 21,2781709,2019-09-06 20:06:27:452,-0.1183,0.5962,10.2363,0.0237,-0.0027,9.8066,0.094,-0.0786,0.1045,-20.44,-38.37,11.44,300.72,-84.96,-170.74
52.377155,-1.486011,126.2,23.53,3,92.02,19 / 21,2781810,2019-09-06 20:06:27:553,-0.2117,1.6928,10.2014,-0.0063,-0.0103,9.8066,-0.073,0.0249,-0.1247,-20.37,-38.06,11.13,301.82,-84.94,-169.71
52.377155,-1.486011,126.2,23.53,3,92.02,19 / 21,2781910,2019-09-06 20:06:27:653,-0.3513,0.9062,9.7756,-0.0145,0.0201,9.8066,-0.0328,0.0342,0.0386,-20.62,-38.37,10.06,297.12,-84.99,-170.93
52.377155,-1.486011,126.2,23.53,3,92.02,19 / 21,2782010,2019-09-06 20:06:27:753,-0.2706,1.0084,9.9274,0.0234,-0.0073,9.8066,-0.0036,0.0685,0.006,-20.56,-38.37,10.38,296.1,-84.89,-171.75
52.377155,-1.486011,126.2,23.53,3,92.02,19 / 21,2782109,2019-09-06 20:06:27:852,-0.4794,-0.2481,9.8385,0.0052,-0.0009,9.8066,-0.0426,0.1088,-0.0898,-19.81,-39,10.94,298.68,-84.92,-172.39
52.377155,-1.486011,126.2,23.53,3,92.02,19 / 21,2782210,2019-09-06 20:06:27:953,-1.1187,0.7472,9.6245,0.0004,0.0189,9.8066,0.0032,-0.0303,0.0736,-19.69,-38.94,11.38,296.92,-84.88,-173.96
52.377155,-1.486011,126.2,23.53,3,92.02,19 / 21,2782310,2019-09-06 20:06:28:053,-0.3463,-0.4848,9.9242,-0.022,0.0109,9.8066,-0.0385,0.0472,-0.0221,-20.19,-38.69,10.88,295.43,-84.95,-175.46
52.377155,-1.486011,126.2,23.53,3,92.02,20 / 22,2782409,2019-09-06 20:06:28:152,0.1079,0.798,9.8264,0.0162,-0.0051,9.8066,-0.0217,0.0482,-0.008,-20.56,-39.5,9.88,290.54,-84.9,-176.8
52.377155,-1.486011,126.2,23.53,3,92.02,20 / 22,2782510,2019-09-06 20:06:28:253,0.0831,0.4439,9.9163,0.0304,-0.0016,9.8065,0.0855,0.0632,-0.0265,-20.62,-40.69,10.88,291.82,-84.84,-177.42
52.377155,-1.486011,126.2,23.53,3,92.02,20 / 22,2782609,2019-09-06 20:06:28:352,0.4694,-0.015,9.9844,-0.01,0.0135,9.8066,0.0355,-0.0497,0.0841,-19.81,-38.5,10.5,293,-84.94,-177.94
52.377155,-1.486011,126.2,23.53,3,92.02,20 / 22,2782709,2019-09-06 20:06:28:452,-0.2023,-0.9791,10.0915,-0.0307,-0.0069,9.8066,-0.0427,0.1394,-0.0812,-19.75,-39,10.25,291.5,-84.95,-176.76
52.377155,-1.486011,126.2,23.53,3,92.02,20 / 22,2782810,2019-09-06 20:06:28:553,-0.5288,0.8676,10.3612,0.0287,-0.0053,9.8065,0.003,-0.0747,0.0922,-20.44,-38.69,11.06,292.98,-84.96,-177.78
52.377155,-1.486011,126.2,23.53,3,92.02,20 / 22,2782909,2019-09-06 20:06:28:652,-0.1651,-0.2016,9.595,0.0271,-0.0136,9.8065,-0.0175,0.0171,-0.006,-20.12,-38.19,10.44,290.5,-84.72,-177.53
52.377155,-1.486011,126.2,23.53,3,92.02,20 / 22,2783010,2019-09-06 20:06:28:753,-0.0909,0.6523,9.4811,-0.0261,0.0081,9.8066,0.018,0.024,0.0371,-20.5,-38.94,9.25,286.16,-84.87,-179.2
52.377155,-1.486011,126.2,23.53,3,92.02,20 / 22,2783110,2019-09-06 20:06:28:853,-0.3233,0.2025,10.2862,-0.0245,0.0079,9.8065,-0.0092,0.0626,-0.0044,-20.56,-39.81,10,288.14,-84.9,-178.88
52.377155,-1.486011,126.2,23.53,3,92.02,20 / 22,2783210,2019-09-06 20:06:28:953,-0.2189,0.1159,9.4931,0.0457,-0.0064,9.8065,-0.0714,-0.0037,0.037,-20.62,-39.31,10.19,287.24,-84.72,-179.64
52.377155,-1.486011,126.2,23.53,3,92.02,20 / 22,2783310,2019-09-06 20:06:29:053,-2.0211,0.9851,10.3708,-0.0397,0.022,9.8065,0.1806,0.03,0.0075,-20.31,-38.87,10.44,287.76,-84.63,-179.75
52.377155,-1.486011,126.2,23.53,3,92.02,19 / 21,2783410,2019-09-06 20:06:29:153,0.1027,1.1229,10.0683,-0.0255,0.0076,9.8066,0.103,-0.0001,0.0147,-20.44,-39.87,9.81,286.44,-84.66,179.18
52.377155,-1.486011,126.2,23.53,3,92.02,19 / 21,2783510,2019-09-06 20:06:29:253,1.1398,-0.0154,9.872,-0.0352,0.0122,9.8065,-0.1669,0.0223,0.0294,-19.5,-39.37,11.44,290.88,-84.77,179.63
52.377155,-1.486011,126.2,23.53,3,92.02,19 / 21,2783609,2019-09-06 20:06:29:352,0.4283,-0.1305,9.8689,0.0349,-0.019,9.8065,-0.0707,0.0702,0.055,-20.69,-37.81,11.69,291.83,-84.54,-179.82
52.377155,-1.486011,126.2,23.53,3,92.02,19 / 21,2783710,2019-09-06 20:06:29:453,0.1608,-0.2892,9.3342,0.005,-0.0171,9.8066,0.0135,0.078,-0.0862,-20.5,-37.37,10.25,289.29,-84.67,-178.82
52.377155,-1.486011,126.2,23.53,3,92.02,19 / 21,2783810,2019-09-06 20:06:29:553,-0.4033,-0.3816,9.554,-0.0267,0.0221,9.8065,0.0348,-0.0666,0.0908,-20.5,-37.37,9.88,290.19,-84.84,-178.24
52.377155,-1.486011,126.2,23.53,3,92.02,19 / 21,2783910,2019-09-06 20:06:29:653,0.0782,-0.1511,10.0271,0.0229,0.0001,9.8065,-0.0557,0.0592,0.0101,-20.69,-38.69,10.25,289.61,-84.84,-177.58
52.377155,-1.486011,126.2,23.53,3,92.02,19 / 21,2784009,2019-09-06 20:06:29:752,0.4566,0.8486,10.0165,0.0359,-0.0028,9.8065,-0.0796,0.0198,-0.0005,-19.94,-39.06,9.44,286.72,-84.95,-178.8
52.377155,-1.486011,126.2,23.53,3,92.02,19 / 21,2784110,2019-09-06 20:06:29:853,-1.105,0.9055,9.9466,0.0315,-0.0087,9.8065,0.0877,-0.0158,0.0067,-20.25,-38.75,10.44,288.29,-84.7,-179.36
52.377155,-1.486011,126.2,23.53,3,92.02,19 / 21,2784210,2019-09-06 20:06:29:953,0.4547,0.7485,9.6394,-0.0423,0.0123,9.8065,0.0439,0.0826,-0.0321,-19.94,-38.37,9.94,288.19,-84.85,-179.94
52.377155,-1.486011,126.2,23.53,3,92.02,19 / 21,2784310,2019-09-06 20:06:30:053,-1.168,-0.0271,10.053,-0.0171,-0.0005,9.8065,0.0277,0.0402,-0.0239,-20.81,-37.12,9.75,286.37,-84.79,178.97
52.377155,-1.486011,126.2,23.53,3,92.02,20 / 22,2784409,2019-09-06 20:06:30:152,-0.6479,0.1798,9.2815,-0.0438,0.0176,9.8065,-0.0385,-0.036,0.011,-21.12,-37,9.06,283.41,-84.86,178.41
52.377155,-1.486011,126.2,23.53,3,92.02,20 / 22,2784510,2019-09-06 20:06:30:253,-0.0015,1.6073,9.817,0.0097,-0.0126,9.8066,0.0438,-0.0416,0.0774,-20.19,-36.62,8.88,283.99,-84.79,178.4
52.377155,-1.486011,126.2,23.53,3,92.02,20 / 22,2784609,2019-09-06 20:06:30:352,-1.5631,1.2803,9.9783,0.0218,-0.0018,9.8065,0.0132,0.0244,0.0002,-20.87,-37.75,8.25,280.62,-84.74,178.62
52.377155,-1.486011,126.2,23.53,3,92.02,20 / 22,2784710,2019-09-06 20:06:30:453,-0.6993,-0.5857,10.0328,0.0122,0.0003,9.8066,-0.0078,0.0573,0.0376,-21,-38.37,9.25,281.71,-84.54,177.51
52.377155,-1.486011,126.2,23.53,3,92.02,20 / 22,2784810,2019-09-06 20:06:30:553,-0.5421,0.9475,9.3562,0.0137,-0.0043,9.8065,-0.0287,0.0005,0.0484,-21.06,-38.25,9.56,284.92,-84.51,178.25
52.377155,-1.486011,126.2,23.53,3,92.02,20 / 22,2784910,2019-09-06 20:06:30:653,0.1517,1.1238,9.8831,-0.0197,0.0028,9.8066,0.0949,0.0065,0.0143,-21.81,-37.69,9.81,284.17,-84.53,178.18
52.377155,-1.486011,126.2,23.53,3,92.02,20 / 22,2785009,2019-09-06 20:06:30:752,0.1575,0.2506,9.9563,-0.0195,0.0019,9.8065,-0.0238,0.0312,-0.0369,-21.94,-36.87,9.56,285.36,-84.67,178.89
52.377155,-1.486011,126.2,23.53,3,92.02,20 / 22,2785109,2019-09-06 20:06:30:852,0.1838,0.1184,10.2318,-0.0063,0.0022,9.8066,-0.0009,0.0158,-0.0361,-21.87,-37.44,9.19,282.53,-84.73,178.39
52.377155,-1.486011,126.2,23.53,3,92.02,20 / 22,2785210,2019-09-06 20:06:30:953,0.4578,0.4508,10.1513,-0.0065,0.0105,9.8066,0.0225,-0.0501,0.0437,-21.19,-37.06,9.19,281.98,-84.73,177.24
52.377155,-1.486011,126.2,23.53,3,92.02,20 / 22,2785310,2019-09-06 20:06:31:053,0.7065,0.4428,9.4855,0.033,0.0014,9.8066,-0.0047,-0.0139,-0.0563,-22.31,-38,9.19,280.02,-84.61,176.36
52.377155,-1.486011,126.2,23.53,3,92.02,21 / 22,2785409,2019-09-06 20:06:31:152,0.1689,0.4007,9.5749,0.0261,-0.0111,9.8066,-0.0036,0.0257,-0.0065,-22.19,-37.12,9.88,282.73,-84.67,176.35
52.377155,-1.486011,126.2,23.53,3,92.02,21 / 22,2785509,2019-09-06 20:06:31:252,1.2782,0.6564,9.8544,-0.031,0.0116,9.8065,0.0317,0.0057,-0.0087,-21.75,-36.31,9.38,281.37,-84.72,177.05
52.377155,-1.486011,126.2,23.53,3,92.02,21 / 22,2785609,2019-09-06 20:06:31:352,0.499,-0.2192,10.3288,-0.0224,0.0114,9.8065,0.1675,-0.0562,-0.0186,-21.5,-37.44,8.63,280.96,-84.88,175.99
52.377155,-1.486011,126.2,23.53,3,92.02,21 / 22,2785710,2019-09-06 20:06:31:453,1.9404,0.1508,9.7617,0.0412,-0.0061,9.8065,-0.0824,-0.0356,-0.0184,-21.5,-37,9.31,279.16,-84.63,174.65
52.377155,-1.486011,126.2,23.53,3,92.02,21 / 22,2785811,2019-09-06 20:06:31:554,1.0523,0.7803,10.1084,-0.0124,0.0065,9.8066,0.0422,0.0306,-0.0395,-21.19,-37.56,9.13,278.85,-84.59,174.65
52.377155,-1.486011,126.2,23.53,3,92.02,21 / 22,2785909,2019-09-06 20:06:31:652,-0.2185,0.1884,9.9779,0.0047,-0.0034,9.8066,0.0073,0.0095,-0.0458,-20.75,-37.19,8.88,279.33,-84.55,174.94
52.377155,-1.486011,126.2,23.53,3,92.02,21 / 22,2786010,2019-09-06 20:06:31:753,-0.1682,0.168,9.5431,-0.0076,0.0079,9.8066,0.0045,0.0781,-0.1046,-20.25,-37.06,8.19,276.41,-84.68,173.79
52.377155,-1.486011,126.2,23.53,3,92.02,21 / 22,2786110,2019-09-06 20:06:31:853,-0.0594,1.2258,9.2632,0.0061,0.0029,9.8066,-0.1272,0.0652,-0.0312,-20.75,-36.94,7.81,274.78,-84.83,172.48
52.377155,-1.486011,126.2,23.53,3,92.02,21 / 22,2786210,2019-09-06 20:06:31:953,-0.7764,-0.0062,9.8945,0.0258,-0.0037,9.8066,-0.0256,-0.0158,0.0232,-20.81,-36.81,7.25,270.92,-84.83,171.19
52.377155,-1.486011,126.2,23.53,3,92.02,21 / 22,2786310,2019-09-06 20:06:32:053,-0.9822,1.4563,9.9533,-0.0251,0.0046,9.8066,0.2377,-0.0201,0.0309,-20.31,-37.25,7.56,273.56,-84.82,170.71
52.377155,-1.486011,126.2,23.53,3,92.02,21 / 22,2786410,2019-09-06 20:06:32:153,0.5453,-0.9463,10.5243,-0.0491,-0.0034,9.8065,0.1163,-0.0801,0.0065,-20.19,-37.12,8.31,275.04,-84.7,172.38
52.377155,-1.486011,126.2,23.53,3,92.02,21 / 22,2786510,2019-09-06 20:06:32:253,0.1941,1.333,10.3421,0.0278,-0.0159,9.8065,-0.0995,-0.0583,0.0983,-19.12,-37.62,8.19,276.31,-84.49,173.69
52.377155,-1.486011,126.2,23.53,3,92.02,21 / 22,2786609,2019-09-06 20:06:32:352,-0.4973,0.1393,9.106,0.0213,0.0146,9.8066,-0.105,0.0897,0.0036,-19.5,-38,8.88,278.17,-84.52,172.74
52.377155,-1.486011,126.2,23.53,3,92.02,21 / 22,2786709,2019-09-06 20:06:32:452,-0.2553,0.2842,10.0158,-0.0182,0.0212,9.8066,0.1222,0.0629,-0.1001,-20,-38.06,8.69,277.52,-84.63,172.62
52.377155,-1.486011,126.2,23.53,3,92.02,21 / 22,2786810,2019-09-06 20:06:32:553,-0.2525,-0.0758,10.0698,0.0124,0.0052,9.8066,0.1633,-0.0567,0.0193,-21,-36.75,8.94,276.38,-84.78,171.66
52.377155,-1.486011,126.2,23.53,3,92.02,21 / 22,2786909,2019-09-06 20:06:32:652,1.3936,1.1016,9.9123,0.0133,-0.0035,9.8066,-0.1028,-0.0468,0.0827,-20.12,-36.69,8.94,276.05,-84.72,170.78
52.377155,-1.486011,126.2,23.53,3,92.02,21 / 22,2787009,2019-09-06 20:06:32:752,0.156,0.1892,9.558,0.0067,0.0114,9.8066,-0.1605,0.0676,-0.015,-20.12,-36.81,8.19,272.94,-84.74,170.24
52.377155,-1.486011,126.2,23.53,3,92.02,21 / 22,2787110,2019-09-06 20:06:32:853,-0.0582,0.5578,9.6725,-0.0207,0.0062,9.8066,0.0933,-0.0126,0.0598,-19.44,-38.19,8.19,272.46,-84.89,169.12
52.377155,-1.486011,126.2,23.53,3,92.02,21 / 22,2787210,2019-09-06 20:06:32:953,0.4684,0.4295,9.8918,-0.002,0.0163,9.8066,0.0536,-0.0018,-0.0347,-19.69,-37.94,8.31,270.83,-84.78,168.31
52.377155,-1.486011,126.2,23.53,3,92.02,21 / 22,2787309,2019-09-06 20:06:33:052,0.2512,0.7843,10.3607,-0.0059,-0.0024,9.8066,-0.0122,0.0199,0.0531,-19.12,-38.87,7.94,270.04,-84.71,167.29
52.377308,-1.482979,126.94,22.56,3,78.69,20 / 21,2787409,2019-09-06 20:06:33:152,0.908,1.1676,9.5442,-0.0196,0.0113,9.8066,-0.1682,0.0309,-0.0234,-19.87,-39.94,7.56,269.57,-84.75,167.6
52.377308,-1.482979,126.94,22.56,3,78.69,20 / 21,2787510,2019-09-06 20:06:33:253,0.7051,0.3403,9.7814,0.0186,-0.005,9.8066,-0.0715,0.1037,0.0338,-19.81,-38.94,9.5,276.04,-84.58,168.96
52.377308,-1.482979,126.94,22.56,3,78.69,20 / 21,2787609,2019-09-06 20:06:33:352,-0.5291,-0.1314,10.5364,0.0214,-0.0165,9.8066,-0.0334,0.0554,-0.0206,-19.87,-37.62,8.69,274.46,-84.53,169.77
52.377308,-1.482979,126.94,22.56,3,78.69,20 / 21,2787710,2019-09-06 20:06:33:453,0.0878,0.2831,9.3593,-0.019,0.004,9.8065,0.0556,0.0174,0.0102,-20.87,-37.75,8.19,272.34,-84.64,170.61
52.377308,-1.482979,126.94,22.56,3,78.69,20 / 21,2787810,2019-09-06 20:06:33:553,1.197,-0.2011,9.6445,-0.0314,0.0021,9.8065,-0.1062,0.0124,0.0108,-20.31,-37.75,8,273.51,-84.76,171.01
52.377308,-1.482979,126.94,22.56,3,78.69,20 / 21,2787910,2019-09-06 20:06:33:653,0.3521,1.0932,9.3407,0.0229,-0.0118,9.8066,-0.122,0.0771,-0.0713,-19.75,-37.19,7.25,270.59,-84.84,170.37
52.377308,-1.482979,126.94,22.56,3,78.69,20 / 21,2788010,2019-09-06 20:06:33:753,-0.7117,0.6479,10.468,0.0289,0.0115,9.8066,0.2244,-0.035,0.0684,-20,-37.62,6.94,269.82,-84.74,170.03
52.377308,-1.482979,126.94,22.56,3,78.69,20 / 21,2788110,2019-09-06 20:06:33:853,0.29,1.211,9.8841,-0.0337,0.0149,9.8066,0.1639,0.0903,-0.1001,-19.81,-38.25,7.5,271.04,-84.81,168.45
52.377308,-1.482979,126.94,22.56,3,78.69,20 / 21,2788210,2019-09-06 20:06:33:953,-0.0221,-0.2014,9.4342,-0.0222,0.0092,9.8066,-0.0532,0.1064,-0.0584,-20.19,-38.69,7.88,269.72,-84.67,167.64
52.377308,-1.482979,126.94,22.56,3,78.69,20 / 21,2788310,2019-09-06 20:06:34:053,-0.1834,1.0652,9.4851,-0.0076,0.0082,9.8066,-0.0349,0.0116,0.0355,-19.87,-38.5,8.13,269.2,-84.64,166.93
52.377308,-1.482979,126.94,22.56,3,78.69,20 / 21,2788410,2019-09-06 20:06:34:153,0.6222,0.5366,9.9416,0.0132,-0.0045,9.8066,-0.0266,0.0347,-0.0537,-20,-38.06,7.63,268.95,-84.67,166.61
52.377308,-1.482979,126.94,22.56,3,78.69,20 / 21,2788509,2019-09-06 20:06:34:252,0.1881,0.562,9.8389,-0.0295,0.0071,9.8066,0.1091,0.0216,0.03,-20.31,-36.75,7.38,266.71,-84.51,167.05
52.377308,-1.482979,126.94,22.56,3,78.69,20 / 21,2788609,2019-09-06 20:06:34:352,0.5984,0.6244,9.9366,-0.0433,0.0023,9.8065,-0.0895,-0.0782,0.0918,-19.94,-36.75,6.81,267.17,-84.72,167.15
52.377308,-1.482979,126.94,22.56,3,78.69,20 / 21,2788709,2019-09-06 20:06:34:452,-0.2607,1.5472,9.4107,0.0263,-0.0107,9.8065,-0.1334,0.1043,-0.1011,-19.94,-35.81,6.88,268.56,-84.5,168.68
52.377308,-1.482979,126.94,22.56,3,78.69,20 / 21,2788810,2019-09-06 20:06:34:553,-1.0662,0.284,9.4854,0.0284,0.0083,9.8066,0.1541,0.0697,0.0037,-20.44,-36.5,6.69,267.16,-84.46,167.33
52.377308,-1.482979,126.94,22.56,3,78.69,20 / 21,2788909,2019-09-06 20:06:34:652,-1.4051,0.9375,9.3827,-0.0437,0.0064,9.8065,0.0428,0.0458,-0.0117,-21.12,-36.25,6.13,263.41,-84.69,166.19
52.377308,-1.482979,126.94,22.56,3,78.69,20 / 21,2789009,2019-09-06 20:06:34:752,1.7765,0.3887,9.884,-0.041,0.0139,9.8065,-0.1359,0.0197,0.0222,-21.12,-37.12,6.81,265.23,-84.7,165.68
52.377308,-1.482979,126.94,22.56,3,78.69,20 / 21,2789110,2019-09-06 20:06:34:853,0.3862,-0.203,10.2257,0.0323,0.0004,9.8065,-0.108,-0.0249,0.0597,-21.19,-37.75,7.44,265.18,-84.62,166
52.377308,-1.482979,126.94,22.56,3,78.69,20 / 21,2789210,2019-09-06 20:06:34:953,-0.3441,-0.4086,9.9798,0.029,-0.0143,9.8065,0.0163,0.0215,-0.0493,-20.44,-38.37,7.81,268.99,-84.41,167.13
52.377308,-1.482979,126.94,22.56,3,78.69,20 / 21,2789310,2019-09-06 20:06:35:053,-0.0198,-0.2425,9.6767,-0.0478,0.0146,9.8064,0.1165,-0.0031,0.0427,-19.62,-38.5,7.94,269.29,-84.64,167.01
52.377308,-1.482979,126.94,22.56,3,78.69,20 / 21,2789410,2019-09-06 20:06:35:153,1.2617,-0.841,10.0302,0.0031,-0.0106,9.8066,0.1028,0.0302,0.0153,-19.37,-38.25,7.5,270.53,-84.48,167.96
52.377308,-1.482979,126.94,22.56,3,78.69,20 / 21,2789509,2019-09-06 20:06:35:252,0.0601,-0.0138,9.8104,0.0101,0.0039,9.8066,-0.0114,0.0372,0.0032,-18.62,-36.87,7.56,270.2,-84.49,167.34
52.377308,-1.482979,126.94,22.56,3,78.69,20 / 21,2789610,2019-09-06 20:06:35:353,0.8173,0.0465,9.4694,0.0057,0.0063,9.8066,-0.0313,0.1121,-0.0181,-18.5,-38.12,6.56,266.55,-84.43,166.32
52.377308,-1.482979,126.94,22.56,3,78.69,20 / 21,2789709,2019-09-06 20:06:35:452,0.3926,-0.898,9.947,-0.0317,0.0015,9.8065,0.0642,-0.0264,0.0012,-18.75,-38.81,6.88,265.09,-84.5,165.48
52.377308,-1.482979,126.94,22.56,3,78.69,20 / 21,2789810,2019-09-06 20:06:35:553,0.9577,1.0164,10.6972,-0.0416,0.0082,9.8065,0.0554,-0.0219,0.065,-18.06,-38.37,7.06,266.26,-84.46,165.97
52.377308,-1.482979,126.94,22.56,3,78.69,20 / 21,2789909,2019-09-06 20:06:35:652,0.5932,-0.0087,10.3452,0.0269,-0.0212,9.8065,0.1205,0.006,0.0093,-18.19,-38.62,6.69,265.04,-84.4,165.15
52.377308,-1.482979,126.94,22.56,3,78.69,20 / 21,2790009,2019-09-06 20:06:35:752,1.341,-0.8906,9.8697,0.0005,-0.0021,9.8066,0.0417,0.0419,0.0193,-18.94,-38.06,6.81,266.88,-84.26,167.5
52.377308,-1.482979,126.94,22.56,3,78.69,20 / 21,2790110,2019-09-06 20:06:35:853,-0.3473,0.3416,9.6221,-0.0399,0.0031,9.8066,0.1151,0.0554,0.0138,-20.12,-37.06,6.88,267.05,-84.49,167.44
52.377308,-1.482979,126.94,22.56,3,78.69,20 / 21,2790210,2019-09-06 20:06:35:953,-0.048,-0.0393,10.3901,-0.0391,0.006,9.8065,-0.0794,-0.0441,-0.0148,-20.87,-36.12,6.44,264.21,-84.5,167.33
52.377308,-1.482979,126.94,22.56,3,78.69,20 / 21,2790309,2019-09-06 20:06:36:052,0.2713,1.1988,9.904,0.045,0.0022,9.8065,-0.0157,0.0489,-0.1092,-20.94,-36.5,5.06,260.4,-84.14,166.68
52.377308,-1.482979,126.94,22.56,3,78.69,20 / 22,2790410,2019-09-06 20:06:36:153,-0.958,-0.1642,10.0613,-0.0495,0.0048,9.8064,0.1348,0.0799,0.0308,-19.81,-38.5,6.56,264.29,-83.95,165.88
52.377308,-1.482979,126.94,22.56,3,78.69,20 / 22,2790509,2019-09-06 20:06:36:252,0.2453,1.1812,9.3786,-0.0306,-0.0037,9.8065,-0.0007,-0.08,0.0158,-19.25,-37.75,7.19,264.38,-83.96,165.52
52.377308,-1.482979,126.94,22.56,3,78.69,20 / 22,2790609,2019-09-06 20:06:36:352,0.0863,-1.0118,9.2594,-0.0086,0.0005,9.8066,-0.0105,0.0524,0.0571,-19.5,-37.12,6.13,263.05,-84.16,166.35
52.377308,-1.482979,126.94,22.56,3,78.69,20 / 22,2790710,2019-09-06 20:06:36:453,-0.04,0.9179,8.9223,-0.0078,-0.007,9.8066,0.0126,0.0154,0.0754,-19.25,-37.44,6.19,262.45,-84.27,165.54
52.377308,-1.482979,126.94,22.56,3,78.69,20 / 22,2790809,2019-09-06 20:06:36:552,0.314,1.2551,9.6616,0.0589,-0.0133,9.8064,0.1402,-0.0505,0.0219,-18.81,-38.25,5.81,264.04,-84.09,167.82
52.377308,-1.482979,126.94,22.56,3,78.69,20 / 22,2790909,2019-09-06 20:06:36:652,2.0641,0.3723,9.8583,-0.0392,0.0068,9.8065,0.1693,0.0567,0.0051,-19.12,-37.81,6,264.2,-84.29,167.58
52.377308,-1.482979,126.94,22.56,3,78.69,20 / 22,2791009,2019-09-06 20:06:36:752,1.3418,-0.0855,9.0366,-0.0255,0.0083,9.8066,0.1425,-0.0237,0.0239,-20.06,-37.87,6.69,266.18,-84.19,167.36
52.377308,-1.482979,126.94,22.56,3,78.69,20 / 22,2791110,2019-09-06 20:06:36:853,0.8474,-1.0252,9.7828,0.0174,0.0136,9.8066,-0.0523,-0.0487,0.0864,-19.5,-37.81,6.44,263.64,-84.17,167.23
52.377308,-1.482979,126.94,22.56,3,78.69,20 / 22,2791210,2019-09-06 20:06:36:953,-0.048,-0.1719,10.1384,0.0376,-0.0111,9.8065,0.063,0.0734,-0.1322,-20.25,-37.37,5.88,262.58,-84.05,166.4
52.377308,-1.482979,126.94,22.56,3,78.69,20 / 22,2791310,2019-09-06 20:06:37:053,-0.09,0.2898,10.5638,-0.0155,0.0181,9.8066,0.1157,0.0107,0.0405,-19.94,-38.12,6.06,260.05,-84,164.15
52.377308,-1.482979,126.94,22.56,3,78.69,20 / 21,2791409,2019-09-06 20:06:37:152,1.2038,0.1329,9.9621,-0.0211,0.0022,9.8066,-0.1161,0.0038,0.0578,-19.94,-38.06,6.63,262.63,-83.83,164.38
52.377308,-1.482979,126.94,22.56,3,78.69,20 / 21,2791510,2019-09-06 20:06:37:253,0.5758,1.5831,9.8287,-0.0084,-0.0078,9.8066,-0.0904,0.1337,-0.0344,-19.5,-37.31,6.5,264.58,-83.76,165.79
52.377308,-1.482979,126.94,22.56,3,78.69,20 / 21,2791610,2019-09-06 20:06:37:353,0.9134,-1.0034,9.6993,-0.0216,0.0012,9.8066,0.0491,0.0822,-0.1055,-19.44,-37.94,6.44,260.87,-83.78,165.14
52.377308,-1.482979,126.94,22.56,3,78.69,20 / 21,2791709,2019-09-06 20:06:37:452,0.3826,0.2115,9.5113,-0.0208,0.0176,9.8066,0.1533,-0.0075,0.0534,-19.5,-38.19,6.19,261.09,-83.76,165.4
52.377308,-1.482979,126.94,22.56,3,78.69,20 / 21,2791810,2019-09-06 20:06:37:553,0.7788,0.4258,9.7958,-0.0291,0.0039,9.8066,-0.1375,0.0494,-0.033,-18.31,-37.37,6.44,260.5,-83.89,163.89
52.377308,-1.482979,126.94,22.56,3,78.69,20 / 21,2791909,2019-09-06 20:06:37:652,0.1273,-0.1756,10.1016,0.0097,0.0052,9.8065,0.0004,-0.0079,-0.0091,-18.87,-37.25,5.5,260.18,-83.75,164.16
52.377308,-1.482979,126.94,22.56,3,78.69,20 / 21,2792009,2019-09-06 20:06:37:752,-1.0736,-0.2141,11.1882,0.0047,-0.0004,9.8066,0.0919,0.0502,-0.0309,-18.44,-37.12,5.5,260.17,-83.63,164.06
52.377308,-1.482979,126.94,22.56,3,78.69,20 / 21,2792110,2019-09-06 20:06:37:853,-0.0976,0.3179,10.3443,0.0272,-0.0015,9.8065,0.0171,0.0072,0.0503,-18.25,-37.12,5.44,257.41,-83.48,164.57
52.377308,-1.482979,126.94,22.56,3,78.69,20 / 21,2792210,2019-09-06 20:06:37:953,0.2792,-0.0413,9.347,0.0122,-0.0147,9.8065,-0.0567,-0.0046,-0.0496,-18.94,-36.56,5.69,261.34,-83.49,165.85
52.377308,-1.482979,126.94,22.56,3,78.69,20 / 21,2792309,2019-09-06 20:06:38:052,1.4914,0.438,9.2491,-0.0323,-0.0031,9.8065,0.0367,0.0161,0.0223,-18.44,-36.56,5.88,262.27,-83.5,166.5
52.377308,-1.482979,126.94,22.56,3,78.69,20 / 21,2792410,2019-09-06 20:06:38:153,-0.4566,-0.0542,9.7099,0.0156,-0.005,9.8066,-0.0621,0.0687,-0.0081,-18.19,-36.06,5.63,263.39,-83.76,166.82
52.377308,-1.482979,126.94,22.56,3,78.69,20 / 21,2792509,2019-09-06 20:06:38:252,-0.1768,-0.2552,10.247,0.0407,-0.0007,9.8065,-0.1251,-0.0195,0.0487,-17.94,-36,4.81,260.91,-83.58,167.69
52.377308,-1.482979,126.94,22.56,3,78.69,20 / 21,2792610,2019-09-06 20:06:38:353,-0.4358,0.0473,10.2281,0.0347,-0.0068,9.8066,0.1428,-0.0234,-0.0326,-18,-36.5,5.19,261.13,-83.54,168.01
52.377308,-1.482979,126.94,22.56,3,78.69,20 / 21,2792709,2019-09-06 20:06:38:452,0.0954,-0.8636,10.1129,-0.0309,0.0116,9.8065,0.1275,0.0426,-0.0138,-17.56,-35.31,5.06,261.49,-83.62,167.86
52.377308,-1.482979,126.94,22.56,3,78.69,20 / 21,2792810,2019-09-06 20:06:38:553,0.3385,0.5644,9.8379,-0.0403,0.0056,9.8066,-0.0902,0.0009,0.0027,-17.12,-35.94,4.38,257.15,-83.61,166.83
52.377308,-1.482979,126.94,22.56,3,78.69,20 / 21,2792910,2019-09-06 20:06:38:653,0.0055,0.6146,10.0563,0.0241,-0.0048,9.8066,-0.1262,0.007,-0.1157,-17.31,-36.06,4.5,260.24,-83.57,166.82
52.377308,-1.482979,126.94,22.56,3,78.69,20 / 21,2793010,2019-09-06 20:06:38:753,0.226,1.134,9.8043,0.0252,0.0143,9.8065,0.1946,-0.0308,0.1318,-16.87,-36.44,3.63,256.13,-83.36,166.25
52.377308,-1.482979,126.94,22.56,3,78.69,20 / 21,2793110,2019-09-06 20:06:38:853,0.4609,0.9964,9.596,0.0042,-0.0124,9.8066,0.0211,0.0723,-0.1282,-15.56,-37.5,1.94,248.81,-83.45,165.76
52.377308,-1.482979,126.94,22.56,3,78.69,20 / 21,2793210,2019-09-06 20:06:38:953,-0.2113,0.9892,9.9847,0.0035,0.014,9.8066,-0.0206,0.0328,0.0522,-13.81,-38.87,0.94,242.85,-83.46,165.05
52.377308,-1.482979,126.94,22.56,3,78.69,20 / 21,2793310,2019-09-06 20:06:39:053,-0.4401,0.7078,10.4733,0.0015,-0.0018,9.8066,-0.0042,0.0093,0.0359,-12.06,-42.94,1,239.35,-83.45,165.05
52.377308,-1.482979,126.94,22.56,3,78.69,19 / 20,2793410,2019-09-06 20:06:39:153,1.6159,-0.6267,9.8079,0.0323,-0.0096,9.8065,-0.0623,0.0651,-0.0091,-12.94,-46.87,3.94,251.45,-83.25,167.01
52.377308,-1.482979,126.94,22.56,3,78.69,19 / 20,2793509,2019-09-06 20:06:39:252,0.8455,-1.0248,10.3505,0.0216,0.0009,9.8066,-0.012,-0.0571,0.1562,-14.5,-47.12,6.19,259.39,-83.16,167.42
52.377308,-1.482979,126.94,22.56,3,78.69,19 / 20,2793609,2019-09-06 20:06:39:352,0.2948,0.694,9.2412,-0.0272,-0.0022,9.8065,0.1203,-0.0638,-0.0849,-16,-46.81,5.19,257.71,-83.25,169.18
52.377308,-1.482979,126.94,22.56,3,78.69,19 / 20,2793710,2019-09-06 20:06:39:453,1.4421,1.0384,9.7517,-0.0253,0.012,9.8066,0.1474,0.1234,-0.0231,-16.87,-49.12,7.5,265.86,-83.32,168.38
52.377308,-1.482979,126.94,22.56,3,78.69,19 / 20,2793809,2019-09-06 20:06:39:552,1.0116,-1.3237,8.6697,0.0036,0.0098,9.8066,-0.1605,0.0766,-0.1711,-19.75,-47.81,10.25,268.64,-83.28,166.72
52.377308,-1.482979,126.94,22.56,3,78.69,19 / 20,2793910,2019-09-06 20:06:39:653,-0.7735,-0.014,10.2588,-0.0359,0.024,9.8065,0.0496,-0.0324,0.0106,-21.44,-42.12,11.25,272.66,-83.21,167.2
52.377308,-1.482979,126.94,22.56,3,78.69,19 / 20,2794009,2019-09-06 20:06:39:752,0.5213,-0.225,10.1853,-0.0211,0.0004,9.8066,0.0308,-0.012,0.075,-21.37,-38.62,9.31,267.9,-83.27,166.3
52.377308,-1.482979,126.94,22.56,3,78.69,19 / 20,2794110,2019-09-06 20:06:39:853,1.0041,0.7557,10.7605,0.0401,-0.0248,9.8065,-0.0609,0.0791,-0.0754,-21.69,-37.56,8.5,269.05,-83,168.12
52.377308,-1.482979,126.94,22.56,3,78.69,19 / 20,2794209,2019-09-06 20:06:39:952,-0.0565,-0.2306,10.0613,0.0014,0.0045,9.8066,0.0803,-0.069,0.0858,-20.56,-36.94,7.5,267.11,-83.06,167.77
52.377308,-1.482979,126.94,22.56,3,78.69,19 / 20,2794310,2019-09-06 20:06:40:053,0.3026,-1.4711,9.5166,0.0122,-0.0022,9.8066,-0.025,0.0822,-0.1076,-19.94,-37.12,6.94,264.94,-83.11,167.74
52.377308,-1.482979,126.94,22.56,3,78.69,19 / 20,2794410,2019-09-06 20:06:40:153,1.504,-0.3814,9.103,0.0339,0.0046,9.8065,-0.0882,0.0463,-0.0119,-19.25,-36.81,7.06,264.31,-82.95,167.04
52.377308,-1.482979,126.94,22.56,3,78.69,19 / 20,2794509,2019-09-06 20:06:40:252,-1.2347,-0.5435,10.2503,0.0449,-0.0075,9.8065,0.0183,-0.0415,0.0722,-20.12,-36,5.94,261.64,-82.9,167.14
52.377308,-1.482979,126.94,22.56,3,78.69,19 / 20,2794610,2019-09-06 20:06:40:353,-0.971,-0.7518,8.7977,0.0113,0.0047,9.8066,-0.1234,0.1919,-0.1299,-19,-37.87,4.75,257.61,-82.95,166.28
52.377308,-1.482979,126.94,22.56,3,78.69,19 / 20,2794709,2019-09-06 20:06:40:452,-0.7374,-0.7594,9.0868,0.0457,-0.0183,9.8065,-0.1498,-0.0174,0.1012,-18.81,-39.25,5.38,257.93,-82.82,167.24
52.377308,-1.482979,126.94,22.56,3,78.69,19 / 20,2794810,2019-09-06 20:06:40:553,-0.5039,-0.118,9.9397,-0.0296,0.0094,9.8065,0.0986,0.075,-0.07,-18.69,-39.56,5.69,259.52,-83.08,165.78
52.377308,-1.482979,126.94,22.56,3,78.69,19 / 20,2794910,2019-09-06 20:06:40:653,0.7144,-0.2373,10.3447,0.0218,0.0034,9.8065,0.2203,-0.0288,0.0956,-18.62,-39.25,6.13,260.11,-82.94,166.32
52.377308,-1.482979,126.94,22.56,3,78.69,19 / 20,2795009,2019-09-06 20:06:40:752,0.3217,-0.5158,9.9117,-0.0266,-0.0025,9.8066,0.0677,0.0495,-0.0555,-18.87,-38.81,6.06,260.06,-82.92,166.31
52.377308,-1.482979,126.94,22.56,3,78.69,19 / 20,2795110,2019-09-06 20:06:40:853,-1.5269,1.5612,9.1566,-0.0228,-0.0257,9.8065,0.2032,0.0445,-0.0345,-19.31,-38.37,6,262.22,-82.85,168.35
52.377308,-1.482979,126.94,22.56,3,78.69,19 / 20,2795209,2019-09-06 20:06:40:952,1.4628,0.4213,10.3733,-0.0263,-0.0005,9.8066,-0.0247,-0.0569,0.1104,-19.19,-38.19,5.63,262.02,-82.88,168.07
52.377308,-1.482979,126.94,22.56,3,78.69,19 / 20,2795309,2019-09-06 20:06:41:052,0.4181,-0.5819,9.5275,0.0323,0.0045,9.8065,-0.0056,0.0882,-0.0121,-17.81,-38.5,5.94,261.44,-83.16,166.68
52.377308,-1.482979,126.94,22.56,3,78.69,19 / 21,2795410,2019-09-06 20:06:41:153,0.5287,-2.3271,9.7963,0.051,0.0115,9.8065,-0.0961,0.0472,-0.2207,-18.31,-38.19,5.63,259.87,-82.73,165.91
52.377308,-1.482979,126.94,22.56,3,78.69,19 / 21,2795509,2019-09-06 20:06:41:252,1.0251,1.6213,9.1051,0.0503,-0.0084,9.8065,-0.0234,0.0459,-0.0003,-18.81,-38,6.5,261.61,-82.64,165.19
52.377308,-1.482979,126.94,22.56,3,78.69,19 / 21,2795610,2019-09-06 20:06:41:353,-1.9977,-1.5469,10.1089,0.0019,-0.0152,9.8065,0.1782,0.1049,0.0015,-18.75,-38.31,5.56,260.5,-82.66,166.92
52.377308,-1.482979,126.94,22.56,3,78.69,19 / 21,2795710,2019-09-06 20:06:41:453,0.5154,-0.5092,10.2132,-0.001,-0.0226,9.8066,0.0334,-0.0993,0.0569,-19.44,-39.06,6.38,262.26,-82.64,169.18
52.377308,-1.482979,126.94,22.56,3,78.69,19 / 21,2795810,2019-09-06 20:06:41:553,0.1686,-0.5392,9.0145,0.0224,-0.0078,9.8066,0.0074,0.0543,0.0811,-19.56,-38.44,6.44,263.25,-82.57,170.13
52.377308,-1.482979,126.94,22.56,3,78.69,19 / 21,2795910,2019-09-06 20:06:41:653,-0.04,-0.2205,9.5651,0.0195,-0.0022,9.8066,-0.0645,0.0076,0.0154,-19.19,-38.19,5.81,263.61,-82.57,170.34
52.377308,-1.482979,126.94,22.56,3,78.69,19 / 21,2796009,2019-09-06 20:06:41:752,0.5706,0.5236,9.4569,-0.0152,0.0063,9.8066,-0.0893,-0.0565,-0.0238,-19.37,-39,5.06,259.38,-82.63,169.16
52.377308,-1.482979,126.94,22.56,3,78.69,19 / 21,2796110,2019-09-06 20:06:41:853,-0.7513,-0.7823,9.973,0.0011,-0.0004,9.8066,-0.0548,-0.0365,0.008,-19,-39.62,5.94,261.7,-82.65,168.95
52.377308,-1.482979,126.94,22.56,3,78.69,19 / 21,2796210,2019-09-06 20:06:41:953,0.4547,-2.0166,9.8571,-0.0242,0.0034,9.8066,-0.0134,0.0909,-0.072,-18.87,-38.5,6.5,265.2,-82.55,169.08
52.377308,-1.482979,126.94,22.56,3,78.69,19 / 21,2796310,2019-09-06 20:06:42:053,0.1702,-0.7551,10.1216,-0.016,-0.0152,9.8066,0.0591,-0.0854,0.1074,-19.25,-38,6.31,263.21,-82.6,169.86
52.377895,-1.480007,126.91,25.29,3,68.4,19 / 20,2796409,2019-09-06 20:06:42:152,0.7435,-1.7154,9.6799,-0.0216,0.0082,9.8066,-0.1716,0.1568,-0.0862,-19.37,-37.44,6.06,263.55,-82.55,169.93
52.377895,-1.480007,126.91,25.29,3,68.4,19 / 20,2796510,2019-09-06 20:06:42:253,-0.7918,-3.1238,10.1056,0.032,0.0079,9.8065,-0.0076,-0.0443,0.1898,-19.5,-37.75,6.06,262.54,-82.37,169.62
52.377895,-1.480007,126.91,25.29,3,68.4,19 / 20,2796610,2019-09-06 20:06:42:353,0.2735,-0.8481,9.8845,0.0173,-0.0098,9.8065,-0.0895,0.0221,-0.2287,-19.25,-37.12,6,263.13,-82.38,169.82
52.377895,-1.480007,126.91,25.29,3,68.4,19 / 20,2796709,2019-09-06 20:06:42:452,-0.3146,-1.1656,9.6077,-0.0184,0.0192,9.8065,0.038,-0.1197,0.0357,-19.25,-37.94,5.5,261.33,-82.41,168.27
52.377895,-1.480007,126.91,25.29,3,68.4,19 / 20,2796810,2019-09-06 20:06:42:553,-0.0544,-1.0757,9.3052,-0.0088,-0.0077,9.8066,-0.0326,0.0477,0.0007,-20.12,-38.37,6.25,261.5,-82.35,168.72
52.377895,-1.480007,126.91,25.29,3,68.4,19 / 20,2796909,2019-09-06 20:06:42:652,-0.1104,0.4311,9.8085,-0.0555,-0.0055,9.8065,0.1291,-0.0346,0.0757,-20.06,-38,6.88,264.34,-82.19,169.16
52.377895,-1.480007,126.91,25.29,3,68.4,19 / 20,2797009,2019-09-06 20:06:42:752,2.0913,-1.3091,10.8857,-0.0661,-0.0128,9.8064,-0.1615,0.003,-0.0022,-19.87,-39.12,5.81,263.45,-82.58,170.69
52.377895,-1.480007,126.91,25.29,3,68.4,19 / 20,2797109,2019-09-06 20:06:42:852,1.6894,-0.4784,10.4193,0.0685,0.0044,9.8064,-0.1199,-0.0104,-0.0033,-19.44,-39.06,6.31,262.37,-82.14,170.31
52.377895,-1.480007,126.91,25.29,3,68.4,19 / 20,2797210,2019-09-06 20:06:42:953,-1.4104,-0.4593,10.5589,-0.0085,0.011,9.8065,0.0082,0.005,0.0113,-19.5,-39.25,6.56,264.52,-82.22,169.42
52.377895,-1.480007,126.91,25.29,3,68.4,19 / 20,2797310,2019-09-06 20:06:43:053,-0.356,0.3741,9.6511,0.0157,-0.0064,9.8066,-0.0786,0.0931,-0.029,-19.56,-39.5,6.38,261.28,-82.3,168.96
52.377895,-1.480007,126.91,25.29,3,68.4,19 / 20,2797409,2019-09-06 20:06:43:152,-1.8142,-0.346,10.8356,0.0215,-0.0064,9.8065,0.2591,-0.0044,0.0402,-20.31,-39.62,6.88,263.89,-82.31,169.22
52.377895,-1.480007,126.91,25.29,3,68.4,19 / 20,2797510,2019-09-06 20:06:43:253,1.2508,-1.4729,11.259,0.0141,-0.0015,9.8066,0.1516,-0.0293,-0.0232,-21.06,-39.06,6.69,264.44,-82.29,169.68
52.377895,-1.480007,126.91,25.29,3,68.4,19 / 20,2797610,2019-09-06 20:06:43:353,0.2799,0.8144,9.528,0.0427,0.0023,9.8064,-0.0362,-0.0072,-0.0232,-21.31,-39.19,6.56,263.79,-81.94,169.65
52.377895,-1.480007,126.91,25.29,3,68.4,19 / 20,2797709,2019-09-06 20:06:43:452,1.7368,-0.7012,9.4522,-0.0273,0.0086,9.8066,0.1116,0.0191,0.0617,-20.62,-38.5,6.31,261.52,-82.18,169.17
52.377895,-1.480007,126.91,25.29,3,68.4,19 / 20,2797810,2019-09-06 20:06:43:553,1.7117,-0.9191,8.9774,-0.0197,-0.0026,9.8066,-0.1263,-0.1588,-0.0515,-20.75,-38.37,6.38,261.74,-82.26,169.26
52.377895,-1.480007,126.91,25.29,3,68.4,19 / 20,2797910,2019-09-06 20:06:43:653,-0.6368,0.2161,10.257,-0.027,0.004,9.8066,-0.0865,0.0047,-0.1576,-21.31,-39,5.75,262.55,-82.31,170.37
52.377895,-1.480007,126.91,25.29,3,68.4,19 / 20,2798009,2019-09-06 20:06:43:752,1.5383,-0.4173,10.0688,-0.0536,0.0249,9.8064,-0.0057,0.0166,0.0256,-21.06,-38.94,6.69,263.24,-82.36,168.32
52.377895,-1.480007,126.91,25.29,3,68.4,19 / 20,2798110,2019-09-06 20:06:43:853,0.2546,-0.5194,9.9463,0.0187,-0.0017,9.8066,0.0082,-0.0412,-0.044,-20.69,-39.12,6.13,260.61,-82.14,168.66
52.377895,-1.480007,126.91,25.29,3,68.4,19 / 20,2798210,2019-09-06 20:06:43:953,0.7903,-1.1312,10.2417,-0.0334,-0.0028,9.8065,-0.1096,0.1422,0.0177,-20.94,-38.87,6.38,260.78,-82.09,168.93
52.377895,-1.480007,126.91,25.29,3,68.4,19 / 20,2798310,2019-09-06 20:06:44:053,-0.3226,-0.7679,9.7315,0.0383,0.0067,9.8066,-0.1374,0.0262,0.1388,-21,-38.94,6.19,260.57,-81.8,169.22
52.377895,-1.480007,126.91,25.29,3,68.4,19 / 20,2798409,2019-09-06 20:06:44:152,-1.3993,-0.0948,9.9115,0.0543,-0.0153,9.8064,0.1055,-0.0014,-0.1193,-20.75,-39.25,7.31,263.89,-81.74,170.12
52.377895,-1.480007,126.91,25.29,3,68.4,19 / 20,2798510,2019-09-06 20:06:44:253,1.007,-0.5934,8.9875,-0.0034,0.0146,9.8066,0.1426,0.0035,0.0928,-19.81,-37.31,8.13,266.99,-81.87,169.34
52.377895,-1.480007,126.91,25.29,3,68.4,19 / 20,2798610,2019-09-06 20:06:44:353,-0.6812,-0.8883,9.5679,0.0259,-0.0083,9.8065,0.1143,-0.0369,-0.062,-20.31,-36.25,7.31,264.49,-81.88,169.1
52.377895,-1.480007,126.91,25.29,3,68.4,19 / 20,2798710,2019-09-06 20:06:44:453,1.2631,-0.8715,10.3697,-0.0089,-0.0007,9.8066,0.2642,0,-0.0187,-19.87,-36,6.63,265.2,-81.99,169.64
52.377895,-1.480007,126.91,25.29,3,68.4,19 / 20,2798809,2019-09-06 20:06:44:552,-0.9559,0.4413,10.7124,-0.0051,0.0087,9.8066,-0.0304,-0.0745,0.0713,-18.94,-36.44,6.31,262.46,-82,169.44
52.377895,-1.480007,126.91,25.29,3,68.4,19 / 20,2798909,2019-09-06 20:06:44:652,-0.487,-0.1846,10.4862,0.0124,0.0012,9.8066,-0.0664,-0.0398,-0.0484,-18.94,-36.37,6.56,265.72,-81.78,170.29
52.377895,-1.480007,126.91,25.29,3,68.4,19 / 20,2799010,2019-09-06 20:06:44:753,0.7806,0.2678,9.3912,0.0162,0.0059,9.8065,0.0836,-0.0488,0.0775,-19.81,-36.25,6.88,265.09,-81.65,170.14
52.377895,-1.480007,126.91,25.29,3,68.4,19 / 20,2799109,2019-09-06 20:06:44:852,0.8754,-1,9.6052,-0.0728,0.002,9.8063,0.0983,-0.0668,0,-19.44,-36.31,6.44,262.46,-81.94,169.55
52.377895,-1.480007,126.91,25.29,3,68.4,19 / 20,2799209,2019-09-06 20:06:44:952,0.0047,-0.429,9.7259,-0.0408,-0.002,9.8066,-0.0893,0.042,-0.0524,-19.37,-35.87,6.69,265.77,-81.99,169.96
52.377895,-1.480007,126.91,25.29,3,68.4,19 / 20,2799309,2019-09-06 20:06:45:052,-0.6521,0.6119,9.5045,0.0123,0.0108,9.8066,-0.1076,0.0317,0.0889,-19.37,-36.31,6.69,265.28,-81.98,169.46
52.377895,-1.480007,126.91,25.29,3,68.4,19 / 20,2799410,2019-09-06 20:06:45:153,0.6604,-0.0716,10.3962,-0.0079,-0.0016,9.8066,0.0471,-0.0189,-0.0102,-20.44,-37.25,5.63,261.54,-81.86,169.26
52.377895,-1.480007,126.91,25.29,3,68.4,19 / 20,2799509,2019-09-06 20:06:45:252,-0.2638,-0.2956,10.7225,-0.0002,0.0063,9.8065,-0.0656,-0.0091,-0.0634,-20.69,-37.94,5.94,261.27,-81.71,169.74
52.377895,-1.480007,126.91,25.29,3,68.4,19 / 20,2799609,2019-09-06 20:06:45:352,0.6123,-0.9429,9.7037,-0.0163,0.0185,9.8066,0.0883,0.0605,-0.0105,-20.5,-37.75,6.38,260.01,-81.66,168.43
52.377895,-1.480007,126.91,25.29,3,68.4,19 / 20,2799709,2019-09-06 20:06:45:452,-0.1788,-0.3398,9.3724,-0.0319,0.0017,9.8065,-0.0415,0.0012,-0.0515,-21,-38.19,5.75,259.18,-81.82,167.35
52.377895,-1.480007,126.91,25.29,3,68.4,19 / 20,2799809,2019-09-06 20:06:45:552,-0.5069,-0.9241,9.9492,-0.0304,0.0061,9.8066,-0.0075,0.0744,0.0519,-20.81,-39,6.5,261.17,-81.88,167.03
52.377895,-1.480007,126.91,25.29,3,68.4,19 / 20,2799910,2019-09-06 20:06:45:653,0.2925,0.2312,9.76,0.011,-0.0006,9.8066,0.12,0.0018,0.0705,-21.56,-39.5,7.06,260.25,-81.86,166.28
52.377895,-1.480007,126.91,25.29,3,68.4,19 / 20,2800010,2019-09-06 20:06:45:753,1.0443,-0.5503,9.8389,-0.0019,-0.0134,9.8066,0.0558,-0.0172,-0.1548,-21.25,-38.37,7.5,264.17,-81.7,167.46
52.377895,-1.480007,126.91,25.29,3,68.4,19 / 20,2800110,2019-09-06 20:06:45:853,1.5663,-1.4312,9.3429,0.0136,0.0101,9.8066,0.0127,-0.013,0.1038,-21.44,-38.75,6.63,261.68,-81.69,167.9
52.377895,-1.480007,126.91,25.29,3,68.4,19 / 20,2800209,2019-09-06 20:06:45:952,-0.9583,-0.9163,9.0114,0.035,-0.009,9.8065,0.1857,0.016,-0.0967,-22,-39.56,6.31,258.9,-81.68,168.11
52.377895,-1.480007,126.91,25.29,3,68.4,19 / 20,2800310,2019-09-06 20:06:46:053,-0.0353,0.7038,9.8164,-0.0422,0.0041,9.8065,-0.0312,-0.0017,-0.0497,-20.62,-39.69,7.38,262.03,-82.04,168.01
52.377895,-1.480007,126.91,25.29,3,68.4,20 / 21,2800410,2019-09-06 20:06:46:153,-2.1033,0.5056,11.6775,0.0203,0.0002,9.8065,0.323,0.0154,0.0965,-20.62,-39.31,6.56,261.85,-82.02,167.49
52.377895,-1.480007,126.91,25.29,3,68.4,20 / 21,2800509,2019-09-06 20:06:46:252,2.2465,-0.3053,11.3368,-0.0073,-0.0054,9.8066,0.3439,-0.1109,0.0185,-20.19,-39.56,6.31,259.79,-81.91,168.53
52.377895,-1.480007,126.91,25.29,3,68.4,20 / 21,2800610,2019-09-06 20:06:46:353,-0.4853,-1.2087,10.3821,-0.0311,-0.0146,9.8065,-0.2313,0.0297,-0.0226,-20.94,-38.94,6.63,264.23,-82.06,169.89
52.377895,-1.480007,126.91,25.29,3,68.4,20 / 21,2800709,2019-09-06 20:06:46:452,0.415,-1.2944,10.3197,0.0522,-0.0168,9.8064,-0.1134,-0.0658,0.1466,-21,-39.69,6.69,265.03,-81.82,171.54
52.377895,-1.480007,126.91,25.29,3,68.4,20 / 21,2800809,2019-09-06 20:06:46:552,0.1222,-0.3521,10.0179,0.0663,-0.0165,9.8064,0.1568,-0.0888,0.0584,-21.5,-39.81,7.06,266.58,-81.73,173.3
52.377895,-1.480007,126.91,25.29,3,68.4,20 / 21,2800910,2019-09-06 20:06:46:653,-0.6635,-0.5242,10.3592,-0.0401,0.0057,9.8065,0.1155,-0.0258,-0.0914,-20.06,-38.75,7,267.5,-81.73,173.68
52.377895,-1.480007,126.91,25.29,3,68.4,20 / 21,2801010,2019-09-06 20:06:46:753,0.1475,0.3313,10.1973,-0.0271,0.0124,9.8066,-0.05,0.0095,-0.0054,-19.87,-39.56,6.75,266.36,-81.85,172.68
52.377895,-1.480007,126.91,25.29,3,68.4,20 / 21,2801110,2019-09-06 20:06:46:853,-0.1864,-0.7729,10.2866,0.0166,-0.0035,9.8066,-0.0109,0.027,0.0044,-19.87,-39.75,7.19,266.56,-81.76,173.06
52.377895,-1.480007,126.91,25.29,3,68.4,20 / 21,2801210,2019-09-06 20:06:46:953,1.0443,0.0052,10.2227,0.0257,0.0183,9.8065,-0.1121,-0.0383,0.042,-19.81,-39.31,6.81,266.28,-81.72,172.44
52.377895,-1.480007,126.91,25.29,3,68.4,20 / 21,2801309,2019-09-06 20:06:47:052,-0.7231,-0.584,9.029,0.0006,0.0033,9.8066,-0.072,-0.0336,-0.0734,-20.12,-38.87,7,265.03,-81.76,171.1
52.377895,-1.480007,126.91,25.29,3,68.4,19 / 20,2801410,2019-09-06 20:06:47:153,0.5058,0.5644,9.2018,0.0032,0.0076,9.8066,0.017,-0.0278,0.0347,-19.94,-38.62,7.81,267.46,-81.74,170.85
52.377895,-1.480007,126.91,25.29,3,68.4,19 / 20,2801509,2019-09-06 20:06:47:252,-1.6846,0.5696,9.455,-0.0298,0.0031,9.8065,-0.0192,-0.0257,0.0464,-19.75,-36.87,6.69,265.13,-81.78,170.36
52.377895,-1.480007,126.91,25.29,3,68.4,19 / 20,2801609,2019-09-06 20:06:47:352,0.8268,-0.1771,10.4465,-0.0369,-0.0042,9.8065,0.001,0.0167,-0.0078,-19.94,-37.81,5.94,262.64,-81.91,170.73
52.377895,-1.480007,126.91,25.29,3,68.4,19 / 20,2801709,2019-09-06 20:06:47:452,0.2044,-0.8049,10.9403,-0.0094,-0.003,9.8066,0.0879,-0.0546,-0.0006,-19.62,-38.69,6.31,262.91,-81.76,171.71
52.377895,-1.480007,126.91,25.29,3,68.4,19 / 20,2801810,2019-09-06 20:06:47:553,1.0815,-0.5168,10.1966,-0.0467,0.0092,9.8065,-0.1826,0.0908,0.0423,-19.69,-38.69,7.19,265.42,-81.81,171.39
52.377895,-1.480007,126.91,25.29,3,68.4,19 / 20,2801910,2019-09-06 20:06:47:653,0.126,-1.0504,9.7621,0.0021,-0.0128,9.8066,0.0076,-0.0459,0.0309,-18.75,-38.25,6.69,266.22,-81.8,171.6
52.377895,-1.480007,126.91,25.29,3,68.4,19 / 20,2802010,2019-09-06 20:06:47:753,0.3661,-0.5166,9.1456,-0.0081,-0.0051,9.8066,-0.0231,-0.0152,-0.0483,-19.69,-38.12,6.38,264.36,-81.75,172.82
52.377895,-1.480007,126.91,25.29,3,68.4,19 / 20,2802110,2019-09-06 20:06:47:853,0.4491,0.3524,9.9439,-0.0181,0.0038,9.8066,0.1139,0.0124,0.0753,-18.75,-38.25,6.44,264.06,-81.63,172.69
52.377895,-1.480007,126.91,25.29,3,68.4,19 / 20,2802210,2019-09-06 20:06:47:953,1.6431,-0.1546,9.6583,-0.037,-0.0057,9.8066,-0.1453,0.0225,-0.0185,-18.06,-39.56,6.06,263.54,-81.72,172.78
52.377895,-1.480007,126.91,25.29,3,68.4,19 / 20,2802310,2019-09-06 20:06:48:053,-1.2021,-0.3175,9.8896,0.0205,-0.0012,9.8066,-0.0467,-0.0103,0.0001,-17.81,-40.31,6.75,266.81,-81.59,173.34
52.377895,-1.480007,126.91,25.29,3,68.4,19 / 20,2802410,2019-09-06 20:06:48:153,-0.0203,-0.57,9.1197,0.008,0.0011,9.8066,-0.1521,0.0329,0.0082,-18.5,-40.37,6.5,267.05,-81.69,173.35
52.377895,-1.480007,126.91,25.29,3,68.4,19 / 20,2802509,2019-09-06 20:06:48:252,0.966,0.4558,9.3491,0.0273,0.0006,9.8065,-0.0487,0.0066,0.0152,-18.56,-38.31,8,270.36,-81.62,173.29
52.377895,-1.480007,126.91,25.29,3,68.4,19 / 20,2802610,2019-09-06 20:06:48:353,-0.189,0.5014,9.6699,-0.0049,-0.0014,9.8066,-0.0489,0.0041,-0.0389,-18.19,-37.25,7.19,267.72,-81.59,172.88
52.377895,-1.480007,126.91,25.29,3,68.4,19 / 20,2802710,2019-09-06 20:06:48:453,0.4583,-0.1417,10.0667,0.0211,-0.0191,9.8066,-0.0221,0.0201,0.01,-18.75,-37.56,7.06,268.05,-81.54,174.01
52.377895,-1.480007,126.91,25.29,3,68.4,19 / 20,2802810,2019-09-06 20:06:48:553,-0.1316,-0.9374,9.5752,-0.0154,-0.0014,9.8065,-0.0017,0.0185,-0.0164,-19.25,-37.87,8.56,274.96,-81.53,175.22
52.377895,-1.480007,126.91,25.29,3,68.4,19 / 20,2802909,2019-09-06 20:06:48:652,-0.6012,0.597,9.5228,0.0106,0.0042,9.8066,-0.0886,0.0046,-0.075,-19.75,-38.81,9.56,276.16,-81.44,174.79
52.377895,-1.480007,126.91,25.29,3,68.4,19 / 20,2803009,2019-09-06 20:06:48:752,0.2034,-0.4636,9.3081,-0.0213,0.0011,9.8066,-0.0498,-0.0026,-0.0005,-19.5,-40.19,8.56,273.59,-81.5,174.77
52.377895,-1.480007,126.91,25.29,3,68.4,19 / 20,2803109,2019-09-06 20:06:48:852,0.4392,-0.2426,9.9033,-0.0087,-0.0022,9.8066,-0.0301,-0.0079,-0.0305,-18.69,-43.62,4.25,257.94,-81.63,174.94
52.377895,-1.480007,126.91,25.29,3,68.4,19 / 20,2803210,2019-09-06 20:06:48:953,0.989,0.271,9.9644,0.0008,-0.0008,9.8066,-0.0011,0.0235,0.031,-16.81,-43.62,3,253.72,-81.58,174.77
52.377895,-1.480007,126.91,25.29,3,68.4,19 / 20,2803309,2019-09-06 20:06:49:052,0.2335,0.0876,9.9948,0.0117,0.0031,9.8066,0.043,-0.0243,0.0014,-16.44,-43.81,4.38,256.04,-81.48,174.67
52.377895,-1.480007,126.91,25.29,3,68.4,18 / 19,2803409,2019-09-06 20:06:49:152,0.5701,-0.2187,8.9234,-0.0006,0.0012,9.8066,-0.0889,-0.0066,-0.0624,-14.94,-42.87,5.06,259.24,-81.42,174.44
52.377895,-1.480007,126.91,25.29,3,68.4,18 / 19,2803510,2019-09-06 20:06:49:253,-0.6753,-0.0756,10.2595,0.0142,-0.0014,9.8066,-0.018,0.0078,0.0086,-14.81,-41.94,5,260.08,-81.46,174.65
52.377895,-1.480007,126.91,25.29,3,68.4,18 / 19,2803609,2019-09-06 20:06:49:352,-0.282,-0.3155,9.5047,-0.0059,-0.0003,9.8066,-0.0687,0.0166,-0.0043,-16.31,-41.19,6.25,264.29,-81.42,174.79
52.377895,-1.480007,126.91,25.29,3,68.4,18 / 19,2803710,2019-09-06 20:06:49:453,0.761,-0.8525,9.4731,-0.004,-0.0087,9.8066,-0.0561,0.0069,0.0452,-18.56,-39.5,5.63,265.93,-81.55,175.21
52.377895,-1.480007,126.91,25.29,3,68.4,18 / 19,2803810,2019-09-06 20:06:49:553,0.7414,0.5691,9.9901,-0.0064,-0.0016,9.8066,-0.0528,0.009,-0.0229,-18.12,-39.37,5.38,263.27,-81.58,175.55
52.377895,-1.480007,126.91,25.29,3,68.4,18 / 19,2803910,2019-09-06 20:06:49:653,-0.4787,0.0404,10.263,0.0028,-0.0109,9.8066,-0.0269,-0.0063,-0.0354,-16.75,-40.37,5.44,263.05,-81.6,175.9
52.377895,-1.480007,126.91,25.29,3,68.4,18 / 19,2804010,2019-09-06 20:06:49:753,-0.3555,-0.7163,10.3582,0.0307,0.0121,9.8066,0.0017,0.0514,-0.0553,-15.25,-41.25,5.69,264.88,-81.32,175.71
52.377895,-1.480007,126.91,25.29,3,68.4,18 / 19,2804110,2019-09-06 20:06:49:853,0.9216,0.4802,9.2432,-0.0305,0.0134,9.8065,-0.0524,0.0249,0.0298,-14.31,-41.69,5.75,262.69,-81.26,174.27
52.377895,-1.480007,126.91,25.29,3,68.4,18 / 19,2804210,2019-09-06 20:06:49:953,1.1679,0.1599,8.9927,-0.0042,-0.0027,9.8066,-0.1213,-0.0445,-0.0175,-14.44,-41.44,5.81,262.92,-81.46,173.28
52.377895,-1.480007,126.91,25.29,3,68.4,18 / 19,2804310,2019-09-06 20:06:50:053,0.4122,-0.2016,9.1489,0.008,-0.0217,9.8066,-0.0365,-0.0196,0.0291,-14.44,-41.06,6.38,264.88,-81.64,174.84
52.377895,-1.480007,126.91,25.29,3,68.4,20 / 21,2804409,2019-09-06 20:06:50:152,-1.0597,-0.3954,9.6656,0.0066,-0.0025,9.8066,0.0268,-0.001,0.0068,-15.25,-40.06,5.81,267.01,-81.71,176.29
52.377895,-1.480007,126.91,25.29,3,68.4,20 / 21,2804509,2019-09-06 20:06:50:252,-0.246,-0.4979,10.4088,0.005,0.0089,9.8065,0.0521,-0.0127,-0.0455,-14.81,-41,5.13,262.08,-81.67,175.64
52.377895,-1.480007,126.91,25.29,3,68.4,20 / 21,2804610,2019-09-06 20:06:50:353,-0.0499,-0.0154,10.6389,0.0174,0.0016,9.8066,-0.0397,-0.0166,0.0094,-14.5,-41.62,6.25,263.88,-81.54,174.69
52.377895,-1.480007,126.91,25.29,3,68.4,20 / 21,2804709,2019-09-06 20:06:50:452,-0.2467,-0.4423,10.6698,0.021,-0.0087,9.8066,0.0236,-0.0079,0.0373,-15.19,-40.87,6.19,264.47,-81.4,175.05
52.377895,-1.480007,126.91,25.29,3,68.4,20 / 21,2804809,2019-09-06 20:06:50:552,-0.2025,-0.4499,10.0793,-0.0006,-0.0111,9.8066,-0.0197,-0.0022,0.0186,-15.37,-41.69,5.38,261.24,-81.47,175.91
52.377895,-1.480007,126.91,25.29,3,68.4,20 / 21,2804909,2019-09-06 20:06:50:652,-1.3467,-0.7931,9.8305,-0.0176,0.0009,9.8066,0.1235,-0.0594,0.0071,-15.62,-42.06,6,266.03,-81.66,176.51
52.377895,-1.480007,126.91,25.29,3,68.4,20 / 21,2805009,2019-09-06 20:06:50:752,-1.4068,0.1278,9.5224,0.0388,0.011,9.8065,-0.1152,0.0044,-0.0682,-15.12,-41.87,5.69,264.56,-81.66,174.98
52.377895,-1.480007,126.91,25.29,3,68.4,20 / 21,2805110,2019-09-06 20:06:50:853,-1.0061,-0.4647,9.4828,-0.0009,0.0032,9.8066,-0.0345,0.0038,0.0067,-15.5,-41.62,6,263.87,-81.68,174.22
52.377895,-1.480007,126.91,25.29,3,68.4,20 / 21,2805210,2019-09-06 20:06:50:953,-0.2995,-0.3317,9.7201,0.0188,0.0095,9.8066,0.0718,0.0055,-0.0241,-15.44,-40.25,7.13,267.42,-81.53,173.44
52.377895,-1.480007,126.91,25.29,3,68.4,20 / 21,2805310,2019-09-06 20:06:51:053,-0.5279,-0.3021,9.1129,0.0202,0.0021,9.8065,0.0525,-0.0159,0.016,-15.56,-39.94,5.88,263.28,-81.49,172.99
52.378693,-1.476725,127.16,27.56,3,67.83,20 / 21,2805410,2019-09-06 20:06:51:153,0.316,-0.6274,9.5632,0.008,-0.0061,9.8066,-0.1669,-0.0432,0.0221,-15.37,-40.87,5.38,259.54,-81.47,173.47
52.378693,-1.476725,127.16,27.56,3,67.83,20 / 21,2805510,2019-09-06 20:06:51:253,0.4088,-0.707,9.7085,-0.0215,0.0004,9.8066,0.1003,-0.012,-0.0019,-14.94,-41.75,6,263.46,-81.66,173.82
52.378693,-1.476725,127.16,27.56,3,67.83,20 / 21,2805609,2019-09-06 20:06:51:352,-1.1152,-0.7145,9.3141,0.0166,0.0075,9.8066,0.1587,-0.0306,-0.0506,-15.81,-41.44,6,263.38,-81.56,173.47
52.378693,-1.476725,127.16,27.56,3,67.83,20 / 21,2805710,2019-09-06 20:06:51:453,-0.5687,-0.1852,9.7121,0,0.01,9.8066,0.1485,-0.019,-0.056,-14.75,-41.5,6.5,266.57,-81.56,173.04
52.378693,-1.476725,127.16,27.56,3,67.83,20 / 21,2805810,2019-09-06 20:06:51:553,0.1925,0.6141,9.6778,-0.0052,0.0208,9.8065,-0.1055,-0.0123,0.0322,-13.94,-42.31,5.31,257.14,-81.47,171.72
52.378693,-1.476725,127.16,27.56,3,67.83,20 / 21,2805910,2019-09-06 20:06:51:653,-0.3675,-0.5281,9.1847,0.0061,-0.0058,9.8066,-0.0038,0.0262,-0.0653,-13.56,-43.19,5.88,259.98,-81.77,170.38
52.378693,-1.476725,127.16,27.56,3,67.83,20 / 21,2806009,2019-09-06 20:06:51:752,-1.1878,0.3537,11.0918,-0.0207,0.0011,9.8066,-0.0257,0.0016,0.0262,-13.31,-42.69,5.31,256.46,-81.94,170.43
52.378693,-1.476725,127.16,27.56,3,67.83,20 / 21,2806110,2019-09-06 20:06:51:853,-1.028,-0.0704,11.5098,0.0742,0.0077,9.8063,-0.0155,-0.0334,-0.0308,-13,-41.62,6,259.87,-81.43,170.78
52.378693,-1.476725,127.16,27.56,3,67.83,20 / 21,2806210,2019-09-06 20:06:51:953,-0.1945,-0.1294,10.3151,0.0797,0.016,9.8062,0.035,-0.0583,-0.0187,-13.69,-41.81,6.81,262.31,-81.06,170.39
52.378693,-1.476725,127.16,27.56,3,67.83,20 / 21,2806310,2019-09-06 20:06:52:053,-2.1612,0.104,9.0905,-0.078,0.0189,9.8062,0.0493,0.0106,0.018,-13.87,-38.37,9.06,271.36,-81.03,169.76
52.378693,-1.476725,127.16,27.56,3,67.83,20 / 21,2806410,2019-09-06 20:06:52:153,-0.9983,0.6622,9.5344,-0.0125,-0.0135,9.8065,0.0131,-0.0384,-0.0181,-15.81,-37.62,5.75,260.75,-81.65,168.88
52.378693,-1.476725,127.16,27.56,3,67.83,20 / 21,2806509,2019-09-06 20:06:52:252,-0.8937,-0.5425,9.6598,-0.0425,0.0068,9.8065,0.0937,0.0735,-0.0463,-16.56,-38.12,5.31,258.6,-82,169.28
52.378693,-1.476725,127.16,27.56,3,67.83,20 / 21,2806610,2019-09-06 20:06:52:353,0.2915,-1.7516,10.3806,-0.0471,0.0196,9.8064,-0.0461,0.0726,-0.0352,-16.31,-38.69,5.88,259.77,-82.02,167.46
52.378693,-1.476725,127.16,27.56,3,67.83,20 / 21,2806709,2019-09-06 20:06:52:452,-1.0652,-0.2249,10.8695,0.0357,0.0099,9.8065,0.0789,-0.0406,-0.0359,-15.5,-37.44,6.75,263.45,-81.61,167.47
52.378693,-1.476725,127.16,27.56,3,67.83,20 / 21,2806810,2019-09-06 20:06:52:553,0.2021,-0.9619,10.9837,0.022,0.0087,9.8066,-0.0288,0.045,-0.0753,-15.75,-36.31,7.25,262.66,-81.38,166.99
52.378693,-1.476725,127.16,27.56,3,67.83,20 / 21,2806910,2019-09-06 20:06:52:653,0.1292,-0.634,10.8105,0.0019,0.0056,9.8066,0.0008,0.0285,-0.0056,-16.06,-34.44,6.19,259.74,-81.12,166.87
52.378693,-1.476725,127.16,27.56,3,67.83,20 / 21,2807010,2019-09-06 20:06:52:753,-0.6578,-0.1387,10.0336,-0.0134,0.0095,9.8065,-0.0907,-0.024,-0.0564,-15.81,-37.81,5.5,256.88,-81.18,165.79
52.378693,-1.476725,127.16,27.56,3,67.83,20 / 21,2807110,2019-09-06 20:06:52:853,-0.5436,-0.291,8.9194,-0.0526,0.0052,9.8064,0.0683,0.0038,-0.002,-15.94,-38,5.25,253.73,-81.52,165.13
52.378693,-1.476725,127.16,27.56,3,67.83,20 / 21,2807209,2019-09-06 20:06:52:952,-0.5216,-0.9669,8.3934,-0.0688,-0.0026,9.8064,0.0408,0.004,-0.0403,-16,-38.19,6.13,257.08,-81.75,164.7
52.378693,-1.476725,127.16,27.56,3,67.83,20 / 21,2807309,2019-09-06 20:06:53:052,-0.5105,-1.1633,9.5846,0.0145,0.0123,9.8065,0.025,-0.1624,0.0929,-16.12,-37.44,6.88,261.72,-81.81,165.55
52.378693,-1.476725,127.16,27.56,3,67.83,18 / 20,2807410,2019-09-06 20:06:53:153,-1.2917,-1.4211,11.7608,0.002,0.0201,9.8066,0.1843,-0.0995,0.1132,-17.5,-36,6.44,257.92,-81.69,164.93
52.378693,-1.476725,127.16,27.56,3,67.83,18 / 20,2807509,2019-09-06 20:06:53:252,0.4564,-0.4949,11.9162,0.0235,0.009,9.8066,0.0153,0.0021,-0.0504,-15.87,-36.69,5.81,256.31,-81.1,164.81
52.378693,-1.476725,127.16,27.56,3,67.83,18 / 20,2807610,2019-09-06 20:06:53:353,0.7515,0.1541,10.8349,-0.0507,-0.0022,9.8065,0.0395,-0.0715,0.0383,-16.31,-36.69,6.19,256.39,-81.18,164.72
52.378693,-1.476725,127.16,27.56,3,67.83,18 / 20,2807710,2019-09-06 20:06:53:453,-3.0362,0.5064,9.0853,0.0284,0.0081,9.8065,-0.0028,0.0373,-0.0599,-15.81,-37.06,5.81,255.99,-81.31,163.99
52.378693,-1.476725,127.16,27.56,3,67.83,18 / 20,2807810,2019-09-06 20:06:53:553,-0.4912,0.8164,9.5424,0.0135,-0.0069,9.8066,0.1174,0.0461,-0.0244,-15.94,-36.94,6.69,258.73,-81.36,163.38
52.378693,-1.476725,127.16,27.56,3,67.83,18 / 20,2807909,2019-09-06 20:06:53:652,-2.7899,-0.5587,9.9196,0.003,-0.0032,9.8066,0.0106,0.0307,0.0123,-16.87,-36.69,6.69,258.72,-81.47,163.43
52.378693,-1.476725,127.16,27.56,3,67.83,18 / 20,2808009,2019-09-06 20:06:53:752,-1.0624,-0.2121,9.4452,0.0409,-0.0055,9.8065,-0.0112,0.0041,0.0063,-16.69,-34.69,6.38,256.68,-81.17,164.15
52.378693,-1.476725,127.16,27.56,3,67.83,18 / 20,2808109,2019-09-06 20:06:53:852,-2.0399,-0.7214,9.8982,-0.0195,0.011,9.8066,0.0206,0.0026,-0.0196,-16.37,-37.25,5.63,254.64,-81.12,162.91
52.378693,-1.476725,127.16,27.56,3,67.83,18 / 20,2808210,2019-09-06 20:06:53:953,-1.6738,-0.0429,10.3115,-0.041,0.0129,9.8065,-0.0285,0.035,-0.0318,-16.19,-37.25,5.81,253.83,-81.28,161.67
52.378693,-1.476725,127.16,27.56,3,67.83,18 / 20,2808310,2019-09-06 20:06:54:053,-2.2753,-0.9522,10.2501,-0.0098,-0.0132,9.8066,-0.0659,-0.0283,0.0251,-16.44,-37.37,5.75,254.95,-81.38,162.7
52.378693,-1.476725,127.16,27.56,3,67.83,20 / 21,2808410,2019-09-06 20:06:54:153,-2.2318,-0.1768,9.9745,0.0194,-0.001,9.8066,-0.0419,0.0006,0.0197,-16.37,-37.44,6.69,258.52,-81.48,162.89
52.378693,-1.476725,127.16,27.56,3,67.83,20 / 21,2808509,2019-09-06 20:06:54:252,-4.016,-0.7542,10.0208,-0.0043,0.0232,9.8065,0.1612,0.0372,-0.0739,-16.62,-35.25,7.25,257.7,-81.28,161.74
52.378693,-1.476725,127.16,27.56,3,67.83,20 / 21,2808610,2019-09-06 20:06:54:353,-0.5217,0.3115,10.2051,0.0006,0.0096,9.8066,0.0407,-0.0476,-0.0315,-16.87,-34.37,6.94,257.1,-81.12,160.92
52.378693,-1.476725,127.16,27.56,3,67.83,20 / 21,2808710,2019-09-06 20:06:54:453,-1.5289,0.0245,10.1107,0.0095,0.0071,9.8066,0.042,-0.0767,-0.0341,-17.62,-34.44,6.56,255.4,-81.02,159.57
52.378693,-1.476725,127.16,27.56,3,67.83,20 / 21,2808809,2019-09-06 20:06:54:552,-2.8591,-0.8083,9.5553,-0.0059,0.0064,9.8066,0.0676,-0.0363,0.0023,-18.06,-34.87,5.63,251.59,-81.06,158.91
52.378693,-1.476725,127.16,27.56,3,67.83,20 / 21,2808910,2019-09-06 20:06:54:653,0.4573,-0.9321,9.9162,-0.0334,0.0071,9.8065,-0.0461,0.0307,-0.0465,-17.19,-35.94,4.94,248.62,-81.04,159.32
52.378693,-1.476725,127.16,27.56,3,67.83,20 / 21,2809010,2019-09-06 20:06:54:753,-0.9085,-0.9297,9.3139,-0.0267,0.0045,9.8066,0.0078,-0.0428,0.0078,-16.44,-38.19,6.81,253.15,-81.17,158.17
52.378693,-1.476725,127.16,27.56,3,67.83,20 / 21,2809110,2019-09-06 20:06:54:853,-3.8638,-0.6188,10.246,0.0126,-0.0026,9.8066,0.1701,0.0072,0.0172,-16.69,-37.62,7.25,252.6,-81.04,158.13
52.378693,-1.476725,127.16,27.56,3,67.83,20 / 21,2809209,2019-09-06 20:06:54:952,-0.6902,-0.2651,10.2491,-0.0266,0.0043,9.8066,0.1319,0.0011,0.0051,-16.94,-36.69,7.5,255.69,-81.1,157.69
52.378693,-1.476725,127.16,27.56,3,67.83,20 / 21,2809309,2019-09-06 20:06:55:052,-0.4405,-0.9074,9.8458,0.0353,0.0017,9.8065,-0.0387,-0.0216,-0.0082,-16.75,-36,6.75,253.14,-81.02,157.78
52.378693,-1.476725,127.16,27.56,3,67.83,18 / 20,2809410,2019-09-06 20:06:55:153,-1.0405,-1.115,9.3465,0.0309,0.0067,9.8066,-0.1482,-0.0338,0.0077,-16.44,-35.37,6.44,250.36,-80.72,157.91
52.378693,-1.476725,127.16,27.56,3,67.83,18 / 20,2809509,2019-09-06 20:06:55:252,-0.4958,-0.8874,10.4588,-0.0418,-0.0074,9.8065,0.1375,-0.0542,0.0133,-17,-36.81,6.19,249.75,-80.91,157.99
52.378693,-1.476725,127.16,27.56,3,67.83,18 / 20,2809610,2019-09-06 20:06:55:353,-0.055,-0.7897,10.0953,-0.0395,0.0037,9.8065,0.0661,-0.0247,-0.0504,-16.44,-37.37,6.5,252.89,-80.89,157.97
52.378693,-1.476725,127.16,27.56,3,67.83,18 / 20,2809709,2019-09-06 20:06:55:452,-0.3814,-0.1384,9.532,0,0.0024,9.8066,0.0665,-0.0823,0.0258,-16.56,-36.94,7.44,252.43,-80.75,158.01
52.378693,-1.476725,127.16,27.56,3,67.83,18 / 20,2809809,2019-09-06 20:06:55:552,-0.0384,-0.3473,9.0658,0.0316,-0.0015,9.8065,0.016,-0.02,-0.0326,-16.94,-36.12,7.06,252.71,-80.59,158.14
52.378693,-1.476725,127.16,27.56,3,67.83,18 / 20,2809910,2019-09-06 20:06:55:653,-1.2669,-0.5063,8.8041,-0.0402,0.0044,9.8065,-0.0942,-0.0719,-0.031,-16.69,-36.12,7.19,252.44,-80.94,157.15
52.378693,-1.476725,127.16,27.56,3,67.83,18 / 20,2810010,2019-09-06 20:06:55:753,-1.17,-1.383,9.7482,-0.0056,-0.0046,9.8066,0.0204,0.0097,0.0139,-16.94,-36.25,7.44,252.47,-81.04,156.98
52.378693,-1.476725,127.16,27.56,3,67.83,18 / 20,2810110,2019-09-06 20:06:55:853,-2.0182,-1.4005,9.9795,-0.0049,0.0077,9.8066,0.103,-0.0208,-0.0073,-16.44,-35.81,7.06,253.3,-81.13,157.4
52.378693,-1.476725,127.16,27.56,3,67.83,18 / 20,2810210,2019-09-06 20:06:55:953,-1.9762,-1.4073,10.3873,0.0043,0.0063,9.8066,0.0368,-0.1024,-0.0466,-16.31,-36.62,7.38,252.53,-81.04,157.25
52.378693,-1.476725,127.16,27.56,3,67.83,18 / 20,2810309,2019-09-06 20:06:56:052,0.1492,-0.1446,10.0462,-0.0223,0.013,9.8065,0.0188,-0.0925,0.0169,-17,-36.06,8.5,257.07,-80.85,156.09
52.378693,-1.476725,127.16,27.56,3,67.83,19 / 20,2810410,2019-09-06 20:06:56:153,-1.4247,-0.8945,10.7149,-0.0109,0.0036,9.8065,0.196,-0.0197,-0.0122,-17.19,-35.19,8.75,256.96,-80.83,155.51
52.378693,-1.476725,127.16,27.56,3,67.83,19 / 20,2810509,2019-09-06 20:06:56:252,-1.5914,-2.0586,9.6913,0.0244,-0.0066,9.8066,-0.0437,-0.0213,-0.0353,-18,-35.31,8.13,254.41,-80.79,156.35
52.378693,-1.476725,127.16,27.56,3,67.83,19 / 20,2810609,2019-09-06 20:06:56:352,-1.8476,-1.5322,9.5847,0.0212,-0.0088,9.8066,-0.0064,-0.0796,0.0341,-18.19,-34.69,7.69,254.95,-80.91,156.73
52.378693,-1.476725,127.16,27.56,3,67.83,19 / 20,2810710,2019-09-06 20:06:56:453,-0.326,-1.5312,10.1469,-0.0289,0.007,9.8065,-0.0682,-0.0306,-0.0411,-17.81,-35.19,7.13,251.79,-81.06,156.02
52.378693,-1.476725,127.16,27.56,3,67.83,19 / 20,2810809,2019-09-06 20:06:56:552,-0.4427,-1.522,10.3076,0.002,0.0036,9.8066,0.0513,-0.0728,-0.0025,-17.06,-35.94,7.63,254.27,-80.9,156.04
52.378693,-1.476725,127.16,27.56,3,67.83,19 / 20,2810909,2019-09-06 20:06:56:652,-0.8704,-1.1203,10.2557,0.0301,0.0123,9.8065,0.0243,-0.1029,-0.041,-17.62,-36.44,7.69,252.98,-80.71,155.39
52.378693,-1.476725,127.16,27.56,3,67.83,19 / 20,2811010,2019-09-06 20:06:56:753,-0.668,-1.7278,9.493,-0.0027,0.0142,9.8066,0.0289,-0.1095,0.0162,-17.44,-36.44,8.81,254.83,-80.53,154.26
52.378693,-1.476725,127.16,27.56,3,67.83,19 / 20,2811109,2019-09-06 20:06:56:852,-0.4556,-1.7024,10.9629,-0.0183,0.0249,9.8066,0.0142,-0.0572,-0.0965,-17.94,-36.81,9.06,252.59,-80.56,152.74
52.378693,-1.476725,127.16,27.56,3,67.83,19 / 20,2811210,2019-09-06 20:06:56:953,0.5833,-0.2575,9.1622,-0.0284,0.0317,9.8065,-0.0192,-0.0144,-0.069,-17.56,-35.37,9.13,251.41,-80.39,150.78
52.378693,-1.476725,127.16,27.56,3,67.83,19 / 20,2811309,2019-09-06 20:06:57:052,-1.3761,-0.4317,9.0113,0.0029,-0.0089,9.8066,0.1426,-0.0724,0.0585,-18.06,-35.62,8.63,250.82,-80.38,150.62
52.378693,-1.476725,127.16,27.56,3,67.83,20 / 21,2811410,2019-09-06 20:06:57:153,-1.2616,-1.6624,9.7098,0.0255,-0.0239,9.8065,0.0016,-0.1273,0.088,-17.69,-35.94,8.25,249.51,-80.41,152.06
52.378693,-1.476725,127.16,27.56,3,67.83,20 / 21,2811510,2019-09-06 20:06:57:253,-0.4194,-1.5778,10.3072,-0.0469,-0.0105,9.8065,0.1847,-0.054,0.0083,-17.25,-36.37,8,251.39,-80.76,153.11
52.378693,-1.476725,127.16,27.56,3,67.83,20 / 21,2811609,2019-09-06 20:06:57:352,-1.0282,-1.243,10.655,-0.033,-0.0052,9.8066,0.1321,-0.0413,-0.0332,-17,-36.31,9.13,255.04,-80.71,154.14
52.378693,-1.476725,127.16,27.56,3,67.83,20 / 21,2811709,2019-09-06 20:06:57:452,-0.2809,-0.4824,9.2101,0.0374,-0.0079,9.8065,-0.1503,-0.0989,0.0553,-17.69,-36.81,9.38,254.75,-80.48,155.28
52.378693,-1.476725,127.16,27.56,3,67.83,20 / 21,2811810,2019-09-06 20:06:57:553,-0.2688,-1.183,8.8481,0.0169,-0.0008,9.8066,-0.1464,-0.0079,-0.0091,-17.94,-36.31,9.31,254.97,-80.7,154.63
52.378693,-1.476725,127.16,27.56,3,67.83,20 / 21,2811909,2019-09-06 20:06:57:652,-1.9903,-1.1528,9.038,-0.0638,0.0177,9.8064,0.0956,-0.0283,-0.0107,-18.5,-36.31,8.94,254.91,-80.96,154.1
52.378693,-1.476725,127.16,27.56,3,67.83,20 / 21,2812009,2019-09-06 20:06:57:752,0.2674,-1.5357,9.4731,-0.0455,0.0162,9.8065,0.1389,-0.1015,0.018,-17.69,-36,9.44,253.49,-81.33,151.89
52.378693,-1.476725,127.16,27.56,3,67.83,20 / 21,2812110,2019-09-06 20:06:57:853,0.6179,-0.964,10.643,0.0534,-0.0173,9.8064,-0.1207,-0.0572,0.0489,-18.44,-35,9.25,254.64,-81.12,153.07
52.378693,-1.476725,127.16,27.56,3,67.83,20 / 21,2812209,2019-09-06 20:06:57:952,0.057,-1.4857,10.2168,0.0318,-0.0051,9.8065,-0.1511,0.0182,-0.0164,-18.25,-35.75,9.88,257.19,-81.07,153.51
52.378693,-1.476725,127.16,27.56,3,67.83,20 / 21,2812309,2019-09-06 20:06:58:052,-0.0302,-1.4566,10.6549,-0.0116,0.0006,9.8066,-0.1771,-0.0479,0.0188,-18,-35.37,9.81,257.36,-80.97,153.43
52.378693,-1.476725,127.16,27.56,3,67.83,20 / 21,2812410,2019-09-06 20:06:58:153,0.9831,-1.5802,9.1826,0.0087,-0.0112,9.8066,0.1817,-0.0408,0.0557,-17.81,-35.44,9.63,257.38,-81.07,153.27
52.378693,-1.476725,127.16,27.56,3,67.83,20 / 21,2812509,2019-09-06 20:06:58:252,0.2894,-1.3844,9.5248,-0.014,-0.0074,9.8065,-0.1548,-0.013,0.0103,-18.5,-35.81,9.44,254.98,-81.27,153.62
52.378693,-1.476725,127.16,27.56,3,67.83,20 / 21,2812609,2019-09-06 20:06:58:352,-0.7984,-1.1941,9.1165,-0.0099,-0.0082,9.8065,-0.0947,-0.023,0.0503,-18,-35.37,9.69,258.58,-81.51,153.8
52.378693,-1.476725,127.16,27.56,3,67.83,20 / 21,2812710,2019-09-06 20:06:58:453,0.0244,-0.6221,9.5729,0.0131,0.008,9.8066,0.0892,-0.0291,0.009,-17.87,-35.75,9.69,257.82,-81.5,153.43
52.378693,-1.476725,127.16,27.56,3,67.83,20 / 21,2812810,2019-09-06 20:06:58:553,-0.992,-0.6908,10.8584,0.0185,-0.0117,9.8065,0.2786,-0.1317,0.063,-18.06,-35.81,9.94,258.3,-81.38,154.15
52.378693,-1.476725,127.16,27.56,3,67.83,20 / 21,2812910,2019-09-06 20:06:58:653,0.4671,-2.4286,10.155,0.0021,-0.0076,9.8066,-0.1374,-0.0509,0.0285,-18,-35.87,10.13,258.67,-81.37,154.56
52.378693,-1.476725,127.16,27.56,3,67.83,20 / 21,2813009,2019-09-06 20:06:58:752,0.0737,-1.5884,10.123,-0.0056,-0.0002,9.8066,-0.1494,-0.0181,0.0078,-17.75,-36.19,10.63,262.05,-81.4,155.33
52.378693,-1.476725,127.16,27.56,3,67.83,20 / 21,2813109,2019-09-06 20:06:58:852,1.8897,-0.7708,9.0604,0.0434,0.0022,9.8065,0.0061,-0.0872,0.0105,-18.44,-35.56,10.38,258.29,-81.27,154.35
52.378693,-1.476725,127.16,27.56,3,67.83,20 / 21,2813209,2019-09-06 20:06:58:952,-0.848,-0.1617,8.4665,0.0634,-0.0072,9.8064,-0.2653,-0.0319,0.0057,-17.94,-35.06,9.63,257.99,-81.23,153.65
52.378693,-1.476725,127.16,27.56,3,67.83,20 / 21,2813309,2019-09-06 20:06:59:052,-1.3093,-1.7945,9.1618,-0.0981,0.0031,9.8061,0.2063,-0.0259,0.0214,-18.25,-35.19,9.94,258.74,-82.01,153.1
52.378693,-1.476725,127.16,27.56,3,67.83,21 / 22,2813409,2019-09-06 20:06:59:152,-0.2123,-1.2057,10.26,-0.0564,-0.0001,9.8064,-0.1684,-0.0901,0.0743,-17.81,-35.44,10.56,262.76,-82.05,154.54
52.378693,-1.476725,127.16,27.56,3,67.83,21 / 22,2813510,2019-09-06 20:06:59:253,-0.253,-1.5101,10.0964,0.0587,-0.0206,9.8064,0.1053,-0.0307,0.0007,-18.37,-35.25,10.5,263.15,-81.97,155.09
52.378693,-1.476725,127.16,27.56,3,67.83,21 / 22,2813610,2019-09-06 20:06:59:353,-0.3501,-0.9192,9.6268,0.0464,-0.0007,9.8065,0.2001,-0.0605,-0.0351,-18,-36,9.81,260.26,-81.61,155.83
52.378693,-1.476725,127.16,27.56,3,67.83,21 / 22,2813710,2019-09-06 20:06:59:453,-0.5847,-0.6517,9.575,-0.047,0.02,9.8065,-0.0878,-0.0962,-0.0514,-18,-35.94,10.44,258.65,-81.92,153.57
52.378693,-1.476725,127.16,27.56,3,67.83,21 / 22,2813810,2019-09-06 20:06:59:553,0.3521,-0.8002,9.8857,-0.0341,0.0087,9.8065,-0.1574,-0.0309,0.0691,-18.31,-35.69,11.13,261.08,-81.98,153.29
52.378693,-1.476725,127.16,27.56,3,67.83,21 / 22,2813910,2019-09-06 20:06:59:653,-0.2258,-1.7904,10.173,0.0565,-0.0151,9.8064,0.0697,-0.1116,0.063,-18,-34.75,10.56,262.17,-81.71,154.51
52.378693,-1.476725,127.16,27.56,3,67.83,21 / 22,2814010,2019-09-06 20:06:59:753,-0.2777,-1.0959,9.8404,0.0522,-0.0333,9.8064,0.117,-0.0299,-0.0715,-17.56,-34.87,10.63,262.82,-81.63,155.32
52.378693,-1.476725,127.16,27.56,3,67.83,21 / 22,2814110,2019-09-06 20:06:59:853,-0.0884,-1.3674,9.5181,-0.0426,0.0131,9.8065,-0.076,-0.0979,0.0397,-17.31,-35.19,10.63,263.63,-81.65,155.26
52.378693,-1.476725,127.16,27.56,3,67.83,21 / 22,2814210,2019-09-06 20:06:59:953,0.5536,-1.8632,10.0264,-0.0488,0.0062,9.8065,-0.0262,-0.0316,-0.0203,-17.75,-35.56,11,262.43,-82,154.68
52.378693,-1.476725,127.16,27.56,3,67.83,21 / 22,2814310,2019-09-06 20:07:00:053,-0.1093,-1.5444,10.2969,0.024,-0.0173,9.8066,0.1529,-0.0583,0.0446,-17.94,-34.94,10.5,264.09,-81.99,156.03
52.379307,-1.473685,128.07,22.46,4,80.9,21 / 22,2814410,2019-09-06 20:07:00:153,-0.5287,-1.2037,10.3817,0.0032,-0.0021,9.8065,-0.099,-0.0727,0.0137,-17.87,-35.06,11,264.61,-81.95,156.63
52.379307,-1.473685,128.07,22.46,4,80.9,21 / 22,2814509,2019-09-06 20:07:00:252,-0.8737,-1.2701,8.8451,-0.0165,0.009,9.8066,-0.1539,-0.0883,0.0203,-16.87,-35.37,10.81,265.55,-81.99,156.63
52.379307,-1.473685,128.07,22.46,4,80.9,21 / 22,2814609,2019-09-06 20:07:00:352,-0.6838,-0.8387,9.0299,-0.0149,0.0018,9.8066,0.1065,-0.0777,-0.0192,-17.12,-34.62,11.56,268.2,-82.09,156.47
52.379307,-1.473685,128.07,22.46,4,80.9,21 / 22,2814710,2019-09-06 20:07:00:453,0.2324,-1.2608,10.199,-0.0206,-0.0016,9.8066,0.0661,-0.04,0.0326,-17.06,-35.31,11.63,268.34,-82.35,156.15
52.379307,-1.473685,128.07,22.46,4,80.9,21 / 22,2814810,2019-09-06 20:07:00:553,0.5911,-0.7699,9.902,0.0411,-0.0154,9.8065,-0.1775,-0.028,0.0279,-16.81,-34.31,11.19,266.48,-82.5,156.29
52.379307,-1.473685,128.07,22.46,4,80.9,21 / 22,2814909,2019-09-06 20:07:00:652,0.0516,-2.2826,9.7784,0.0529,-0.0242,9.8064,0.0482,-0.1395,0.0324,-17,-34.19,10.69,266.95,-82.53,156.71
52.379307,-1.473685,128.07,22.46,4,80.9,21 / 22,2815010,2019-09-06 20:07:00:753,-0.5989,-1.1787,9.3528,0.033,-0.0119,9.8065,0.0579,-0.0679,0.0233,-17.25,-34.94,11.38,266.91,-82.28,157.51
52.379307,-1.473685,128.07,22.46,4,80.9,21 / 22,2815109,2019-09-06 20:07:00:852,0.064,-1.1336,10.055,-0.0413,-0.0055,9.8065,-0.0264,-0.0937,0.0384,-17.19,-35.31,10.94,268.13,-82.64,158.11
52.379307,-1.473685,128.07,22.46,4,80.9,21 / 22,2815210,2019-09-06 20:07:00:953,-0.378,-1.3182,10.2406,0.0267,-0.0309,9.8065,-0.098,-0.0095,0.0512,-17.44,-35.12,11,269.74,-82.75,159.53
52.379307,-1.473685,128.07,22.46,4,80.9,21 / 22,2815310,2019-09-06 20:07:01:053,0.5591,-1.1134,10.3593,0.0443,-0.0365,9.8064,0.1266,-0.0629,0.0042,-17.31,-34.87,11.5,274.54,-82.91,161.39
52.379307,-1.473685,128.07,22.46,4,80.9,21 / 22,2815410,2019-09-06 20:07:01:153,-1.5873,-1.6228,10.025,-0.0345,0.0124,9.8065,0.0334,-0.1412,0.0257,-16.44,-35.56,11.25,275.59,-82.72,164.77
52.379307,-1.473685,128.07,22.46,4,80.9,21 / 22,2815510,2019-09-06 20:07:01:253,0.8497,-1.2291,9.796,-0.0235,0.0109,9.8065,-0.0485,-0.1933,0.0144,-16.56,-35.69,11.06,274.37,-82.88,164.28
52.379307,-1.473685,128.07,22.46,4,80.9,21 / 22,2815609,2019-09-06 20:07:01:352,-0.4881,-1.0949,10.2152,0.0031,0.0143,9.8065,0.032,-0.1112,-0.0978,-16.94,-36.81,12,275.18,-82.8,162.93
52.379307,-1.473685,128.07,22.46,4,80.9,21 / 22,2815710,2019-09-06 20:07:01:453,-0.1719,-0.436,9.4281,0.0172,-0.0128,9.8065,0.0718,-0.0414,0.0934,-17,-36.62,12.63,277.32,-82.9,162.29
52.379307,-1.473685,128.07,22.46,4,80.9,21 / 22,2815810,2019-09-06 20:07:01:553,-0.7638,-0.8057,8.9848,0.0117,-0.0016,9.8066,-0.1118,-0.0903,0.0534,-17.94,-37.62,12,273.69,-82.89,162.65
52.379307,-1.473685,128.07,22.46,4,80.9,21 / 22,2815910,2019-09-06 20:07:01:653,-2.3138,-0.153,10.563,-0.0584,0.0168,9.8064,-0.1836,0.0121,0.0229,-19.12,-36.87,13.38,275.36,-83.36,161.75
52.379307,-1.473685,128.07,22.46,4,80.9,21 / 22,2816010,2019-09-06 20:07:01:753,-0.3949,-0.5396,10.067,-0.0626,0.0215,9.8064,0.1358,-0.0256,-0.0128,-19.06,-36,12.5,277.17,-83.37,163.22
52.379307,-1.473685,128.07,22.46,4,80.9,21 / 22,2816110,2019-09-06 20:07:01:853,-0.7851,-0.3747,9.5901,0.0301,-0.0141,9.8066,0.0868,-0.1177,0.0177,-18.69,-35.87,12.81,277.77,-83.01,164.39
52.379307,-1.473685,128.07,22.46,4,80.9,21 / 22,2816210,2019-09-06 20:07:01:953,0.0126,-0.5304,9.836,0.0344,0.0058,9.8065,-0.1012,-0.0611,-0.0547,-18.69,-36.37,13.19,275.83,-83.01,162.49
52.379307,-1.473685,128.07,22.46,4,80.9,21 / 22,2816310,2019-09-06 20:07:02:053,-0.4034,0.3727,9.8047,-0.0367,0.0191,9.8065,-0.0669,-0.0674,0.0207,-18.94,-36.31,12.44,271.83,-83.04,160.85
52.379307,-1.473685,128.07,22.46,4,80.9,20 / 22,2816409,2019-09-06 20:07:02:152,0.4445,0.8191,9.9755,-0.0189,0.0236,9.8065,-0.0412,0.0577,-0.1128,-18.56,-36.19,12.5,272.85,-83.22,159.19
52.379307,-1.473685,128.07,22.46,4,80.9,20 / 22,2816510,2019-09-06 20:07:02:253,0.5736,0.3935,10.0245,-0.0058,-0.0144,9.8065,-0.0166,-0.0917,0.034,-18.75,-36.25,12.5,274.58,-83.19,160.96
52.379307,-1.473685,128.07,22.46,4,80.9,20 / 22,2816610,2019-09-06 20:07:02:353,0.2771,-0.8398,10.2178,0.0021,-0.0009,9.8066,0.0219,-0.0014,-0.076,-18.56,-36.25,12.25,272.35,-83.19,161.11
52.379307,-1.473685,128.07,22.46,4,80.9,20 / 22,2816710,2019-09-06 20:07:02:453,-1.4024,-0.5731,10.2516,0.024,-0.0128,9.8066,0.1281,0.0039,-0.0007,-19.37,-36.12,12.44,273.42,-83.3,162
52.379307,-1.473685,128.07,22.46,4,80.9,20 / 22,2816810,2019-09-06 20:07:02:553,0.0318,-1.2141,10.4347,0.0161,-0.0024,9.8066,0.0632,-0.089,-0.0286,-18.94,-35.81,12.75,276.95,-83.22,163.25
52.379307,-1.473685,128.07,22.46,4,80.9,20 / 22,2816910,2019-09-06 20:07:02:653,0.578,-0.269,10.1693,0.0202,-0.0136,9.8066,-0.0034,-0.1019,0.1061,-18.87,-36,12.88,276.44,-83.1,162.94
52.379307,-1.473685,128.07,22.46,4,80.9,20 / 22,2817010,2019-09-06 20:07:02:753,-0.382,-0.816,8.7059,-0.0013,0.0005,9.8066,-0.0716,-0.0474,-0.0202,-18.94,-36.12,12.19,274.48,-83.26,163.12
52.379307,-1.473685,128.07,22.46,4,80.9,20 / 22,2817110,2019-09-06 20:07:02:853,0.0483,-0.3487,9.7985,-0.0154,0.0084,9.8066,0.1353,-0.0959,-0.0524,-18.94,-35.87,12.88,276.23,-83.47,162.15
52.379307,-1.473685,128.07,22.46,4,80.9,20 / 22,2817209,2019-09-06 20:07:02:952,-0.3728,-1.2836,10.3679,-0.0078,0.0072,9.8066,0.148,-0.0941,0.0434,-18.44,-36.31,13,276.74,-83.41,161.66
52.379307,-1.473685,128.07,22.46,4,80.9,20 / 22,2817309,2019-09-06 20:07:03:052,1.0476,0.3573,9.8795,0.0328,-0.0123,9.8065,-0.0791,-0.013,0.0404,-18.62,-36.75,12.69,274.96,-83.36,161.36
52.379307,-1.473685,128.07,22.46,4,80.9,21 / 22,2817410,2019-09-06 20:07:03:153,-0.5162,-0.7975,10.4256,0.0068,-0.0118,9.8066,-0.0202,0.0471,-0.044,-18.5,-36.19,13.13,277.61,-83.23,162.82
52.379307,-1.473685,128.07,22.46,4,80.9,21 / 22,2817509,2019-09-06 20:07:03:252,-0.1556,-0.4252,9.7138,-0.0027,-0.0043,9.8066,0.0264,0.069,0.0087,-18.5,-36.37,13.19,277.78,-83.32,162.83
52.379307,-1.473685,128.07,22.46,4,80.9,21 / 22,2817610,2019-09-06 20:07:03:353,0.2826,0.6084,9.8943,-0.017,0.0027,9.8066,-0.1173,0.0092,-0.0438,-19.12,-36.5,13,278.25,-83.38,164.27
52.379307,-1.473685,128.07,22.46,4,80.9,21 / 22,2817710,2019-09-06 20:07:03:453,-0.743,-0.4558,10.0754,-0.0094,-0.004,9.8066,-0.0319,-0.0694,0.0203,-18.56,-36,13.31,278.91,-83.43,164.84
52.379307,-1.473685,128.07,22.46,4,80.9,21 / 22,2817809,2019-09-06 20:07:03:552,0.0737,-0.8482,10.2977,-0.0108,-0.0068,9.8066,0.1186,-0.0087,0.0102,-18.56,-35.87,13.06,280.13,-83.43,166.02
52.379307,-1.473685,128.07,22.46,4,80.9,21 / 22,2817909,2019-09-06 20:07:03:652,-1.125,-0.3903,9.7591,-0.0032,-0.0038,9.8066,0.1032,-0.0156,0.0284,-18.62,-36.31,13.56,282.85,-83.41,166.45
52.379307,-1.473685,128.07,22.46,4,80.9,21 / 22,2818010,2019-09-06 20:07:03:753,0.729,-1.0132,10.3623,-0.0323,0.0078,9.8066,-0.0083,-0.0616,0.0047,-18.81,-35.81,13.38,280.86,-83.52,166.6
52.379307,-1.473685,128.07,22.46,4,80.9,21 / 22,2818110,2019-09-06 20:07:03:853,0.2585,-1.8323,10.1494,0.0161,-0.0001,9.8066,-0.1325,0.0546,-0.0733,-18.81,-36,13.69,283.72,-83.55,167.06
52.379307,-1.473685,128.07,22.46,4,80.9,21 / 22,2818210,2019-09-06 20:07:03:953,0.4352,-0.4078,9.7708,0.0149,-0.0073,9.8066,0.1107,0.0316,-0.0268,-19.56,-35.94,13.25,279.18,-83.46,166.06
52.379307,-1.473685,128.07,22.46,4,80.9,21 / 22,2818310,2019-09-06 20:07:04:053,-0.9037,-0.1353,9.7557,0.0024,-0.0169,9.8066,-0.0264,-0.0689,0.032,-18.62,-36,13.63,282.8,-83.44,166.35
52.379307,-1.473685,128.07,22.46,4,80.9,21 / 22,2818410,2019-09-06 20:07:04:153,-1.0665,0.0489,9.7983,-0.0197,0.0024,9.8066,-0.0863,-0.0973,0.0819,-19,-35.62,13.63,283.22,-83.42,166.78
52.379307,-1.473685,128.07,22.46,4,80.9,21 / 22,2818509,2019-09-06 20:07:04:252,1.0314,-1.002,9.691,-0.0093,0.0039,9.8065,-0.0379,-0.0577,-0.0138,-18.37,-35.62,13.56,285.23,-83.42,167.57
52.379307,-1.473685,128.07,22.46,4,80.9,21 / 22,2818610,2019-09-06 20:07:04:353,0.5092,-0.9672,9.0015,0.0051,-0.0015,9.8066,0.0101,-0.043,0.0622,-18.69,-36.31,13.5,284.21,-83.38,167.8
52.379307,-1.473685,128.07,22.46,4,80.9,21 / 22,2818710,2019-09-06 20:07:04:453,-1.2703,0.9361,9.1599,-0.0215,-0.0155,9.8065,-0.0637,-0.1029,0.0154,-18.94,-35.87,13.38,282.96,-83.5,168.67
52.379307,-1.473685,128.07,22.46,4,80.9,21 / 22,2818810,2019-09-06 20:07:04:553,-1.0256,-0.8625,9.4181,0.0023,-0.0028,9.8066,-0.1694,-0.1458,0.1232,-18.69,-35.94,13.31,284.84,-83.74,170.08
52.379307,-1.473685,128.07,22.46,4,80.9,21 / 22,2818910,2019-09-06 20:07:04:653,1.2076,-1.7258,9.8979,-0.0025,0.0014,9.8065,0.0757,-0.0295,0.0671,-19,-35.81,13.75,287.96,-83.75,170.81
52.379307,-1.473685,128.07,22.46,4,80.9,21 / 22,2819010,2019-09-06 20:07:04:753,-1.0109,-0.6576,9.5217,0.0094,-0.0158,9.8066,0.0845,0.0587,-0.0745,-18.62,-36,13.63,288.94,-83.65,171.9
52.379307,-1.473685,128.07,22.46,4,80.9,21 / 22,2819109,2019-09-06 20:07:04:852,0.0095,-0.5477,9.8805,-0.0158,-0.0006,9.8066,0.0295,-0.0656,0.071,-19.31,-35.87,13.63,289.68,-83.71,172.51
52.379307,-1.473685,128.07,22.46,4,80.9,21 / 22,2819210,2019-09-06 20:07:04:953,0.0581,-0.6449,9.9154,0.0074,-0.017,9.8066,-0.0259,-0.0831,-0.0173,-18.44,-35.87,13.75,292.11,-83.57,173.84
52.379307,-1.473685,128.07,22.46,4,80.9,21 / 22,2819310,2019-09-06 20:07:05:053,0.8121,-0.6832,10.0544,-0.0006,-0.0021,9.8066,0.0398,-0.0478,-0.0065,-19.19,-35.69,13.88,291.66,-83.51,174.68
52.379307,-1.473685,128.07,22.46,4,80.9,21 / 22,2819409,2019-09-06 20:07:05:152,0.5604,-0.7942,9.4294,0.0012,-0.0074,9.8066,0.1495,-0.06,0.0328,-19.19,-35.75,13.5,292.31,-83.5,175.31
52.379307,-1.473685,128.07,22.46,4,80.9,21 / 22,2819510,2019-09-06 20:07:05:253,-1.1776,-0.3365,10.0324,-0.0044,-0.0035,9.8066,-0.0719,-0.0618,0.0365,-19.12,-36.37,14.25,294.39,-83.53,177.19
52.379307,-1.473685,128.07,22.46,4,80.9,21 / 22,2819610,2019-09-06 20:07:05:353,-1.7256,-1.4299,10.384,0.0243,-0.0154,9.8065,-0.0634,-0.025,-0.0644,-19.5,-35.25,14.44,294.5,-83.41,177.23
52.379307,-1.473685,128.07,22.46,4,80.9,21 / 22,2819710,2019-09-06 20:07:05:453,-0.9636,-0.2046,9.6114,-0.0019,0.024,9.8065,0.1521,-0.0349,-0.0003,-19.06,-35.87,14.5,294.77,-83.29,175.76
52.379307,-1.473685,128.07,22.46,4,80.9,21 / 22,2819810,2019-09-06 20:07:05:553,0.7641,-0.0217,9.6781,-0.015,0.0215,9.8065,0.0727,-0.0673,-0.0761,-18.75,-36.06,14.75,292.57,-83.4,173.55
52.379307,-1.473685,128.07,22.46,4,80.9,21 / 22,2819910,2019-09-06 20:07:05:653,-0.6307,-2.0302,9.7602,0.0144,-0.0058,9.8066,-0.0123,-0.1038,0.0983,-18.37,-35.75,14.63,294.52,-83.4,174.16
52.379307,-1.473685,128.07,22.46,4,80.9,21 / 22,2820009,2019-09-06 20:07:05:752,-0.2624,-1.4584,9.9645,-0.0096,-0.0094,9.8066,-0.0105,-0.0347,-0.0393,-18.75,-36.06,13.88,291.46,-83.56,174.42
52.379307,-1.473685,128.07,22.46,4,80.9,21 / 22,2820110,2019-09-06 20:07:05:853,-1.1104,-0.6268,9.7772,0.015,-0.0087,9.8066,0.0476,-0.1009,0.0044,-18.5,-35.81,14.5,296.36,-83.46,175.77
52.379307,-1.473685,128.07,22.46,4,80.9,21 / 22,2820210,2019-09-06 20:07:05:953,-0.7691,0.5676,9.1097,0.0204,-0.0193,9.8065,0.0757,-0.1253,0.0628,-18.69,-36.06,14.75,296.14,-83.42,176.85
52.379307,-1.473685,128.07,22.46,4,80.9,21 / 22,2820310,2019-09-06 20:07:06:053,-0.2408,-0.5911,10.1821,-0.0248,-0.0007,9.8066,-0.0817,-0.1016,-0.0202,-18.25,-35.75,14.69,297.36,-83.41,176.78
52.379307,-1.473685,128.07,22.46,4,80.9,21 / 22,2820410,2019-09-06 20:07:06:153,0.2,-1.1371,9.6293,-0.0182,0.0139,9.8066,-0.0113,-0.0194,-0.0268,-18.87,-35.44,14.88,296.89,-83.37,177.36
52.379307,-1.473685,128.07,22.46,4,80.9,21 / 22,2820509,2019-09-06 20:07:06:252,0.1748,0.1809,8.9105,-0.0068,0.0055,9.8066,-0.003,0.0028,-0.0404,-19.06,-35.81,14.81,296.42,-83.45,177.06
52.379307,-1.473685,128.07,22.46,4,80.9,21 / 22,2820609,2019-09-06 20:07:06:352,-0.1385,-0.0354,9.1154,-0.0054,0.0067,9.8066,0.0746,-0.0635,-0.0194,-18.5,-35.94,15.13,297.46,-83.57,176.63
52.379307,-1.473685,128.07,22.46,4,80.9,21 / 22,2820710,2019-09-06 20:07:06:453,-0.4821,-1.1897,9.9163,0.013,-0.0135,9.8065,-0.1203,-0.118,0.0278,-18.94,-36.06,14.88,296.82,-83.54,177.31
52.379307,-1.473685,128.07,22.46,4,80.9,21 / 22,2820810,2019-09-06 20:07:06:553,0.6025,-0.9923,9.8048,-0.0165,0.0065,9.8065,-0.0207,-0.0463,-0.0264,-18.12,-35.44,15.31,298.27,-83.62,177.06
52.379307,-1.473685,128.07,22.46,4,80.9,21 / 22,2820909,2019-09-06 20:07:06:652,0.2145,-1.3059,10.23,-0.0187,-0.0032,9.8066,0.1487,-0.0869,0.0389,-19,-35.31,15,297.66,-83.55,177.83
52.379307,-1.473685,128.07,22.46,4,80.9,21 / 22,2821010,2019-09-06 20:07:06:753,-0.6487,-0.1151,9.2974,0.0184,-0.0036,9.8066,0.0017,-0.0245,-0.0334,-19.06,-35.62,15.69,299.95,-83.4,178.36
52.379307,-1.473685,128.07,22.46,4,80.9,21 / 22,2821110,2019-09-06 20:07:06:853,-0.6502,-0.1351,9.0355,0.0176,-0.017,9.8066,-0.1894,-0.0726,0.0281,-19,-35.75,15.69,300.36,-83.39,178.75
52.379307,-1.473685,128.07,22.46,4,80.9,21 / 22,2821210,2019-09-06 20:07:06:953,0.0495,-1.5199,9.4895,-0.0354,0.0173,9.8065,0.0004,-0.0499,-0.0666,-17.94,-35.56,15.56,302.75,-83.62,179.35
52.379307,-1.473685,128.07,22.46,4,80.9,21 / 22,2821310,2019-09-06 20:07:07:053,0.5378,-1.572,9.5658,-0.0265,0.0194,9.8066,0.1846,-0.099,0.0488,-18.5,-35.81,14.94,299.53,-83.7,178.36
52.379307,-1.473685,128.07,22.46,4,80.9,20 / 21,2821410,2019-09-06 20:07:07:153,-0.4038,-0.4082,9.9695,0.0018,0.0005,9.8066,0.0617,-0.0589,0.0346,-18.25,-36.12,16,301.83,-83.6,178.53
52.379307,-1.473685,128.07,22.46,4,80.9,20 / 21,2821509,2019-09-06 20:07:07:252,-0.3423,0.0934,9.9495,0.005,-0.0076,9.8066,0.0553,-0.0686,0.0172,-18.25,-35.56,15.31,300.16,-83.62,179.04
52.379307,-1.473685,128.07,22.46,4,80.9,20 / 21,2821610,2019-09-06 20:07:07:353,-0.7617,-0.7421,10.1378,0.0108,-0.0069,9.8066,-0.0084,0.0434,-0.045,-17.94,-35.62,15.75,302.93,-83.46,179.72
52.379307,-1.473685,128.07,22.46,4,80.9,20 / 21,2821710,2019-09-06 20:07:07:453,0.4718,-1.0883,9.781,0.0147,-0.0177,9.8065,-0.0186,-0.0266,-0.0299,-18.44,-35.81,15.63,303.02,-83.36,179.94
52.379307,-1.473685,128.07,22.46,4,80.9,20 / 21,2821810,2019-09-06 20:07:07:553,-0.7255,-0.68,10.0746,-0.0122,0.0124,9.8066,0.0902,-0.1091,0.0143,-18.81,-35.81,15.69,301.56,-83.47,179.74
52.379307,-1.473685,128.07,22.46,4,80.9,20 / 21,2821910,2019-09-06 20:07:07:653,-0.6668,-0.69,9.8125,-0.0338,0.0263,9.8065,0.0103,-0.0991,0.0336,-18.94,-36,15.75,301.46,-83.56,179.53
52.379307,-1.473685,128.07,22.46,4,80.9,20 / 21,2822010,2019-09-06 20:07:07:753,0.8023,-0.0073,9.6054,0.0071,-0.008,9.8066,-0.0404,0.018,0.005,-18.25,-35.31,16.31,303.52,-83.52,179.95
52.379307,-1.473685,128.07,22.46,4,80.9,20 / 21,2822110,2019-09-06 20:07:07:853,-0.5664,-0.5638,9.9372,-0.0235,-0.005,9.8066,0.1149,-0.0981,-0.0226,-18.37,-35.69,15.44,301.91,-83.53,-179.23
52.379307,-1.473685,128.07,22.46,4,80.9,20 / 21,2822209,2019-09-06 20:07:07:952,-2.0123,-0.0724,10.3561,-0.0249,0.014,9.8066,0.2015,-0.0494,-0.037,-18.75,-35.31,16.44,304.77,-83.68,-177.82
52.379307,-1.473685,128.07,22.46,4,80.9,20 / 21,2822309,2019-09-06 20:07:08:052,0.1522,-1.6225,10.1235,-0.0362,0.0238,9.8065,0.0004,-0.0972,0.0334,-18.37,-35.69,16.13,305.69,-83.64,-178.01
52.379307,-1.473685,128.07,22.46,4,80.9,20 / 21,2822410,2019-09-06 20:07:08:153,0.5769,-0.4518,9.8459,0.0149,-0.0002,9.8066,-0.0386,0.0034,-0.0217,-18.44,-35.31,16.5,307.47,-83.46,-178.34
52.379307,-1.473685,128.07,22.46,4,80.9,20 / 21,2822509,2019-09-06 20:07:08:252,-0.2868,-0.1695,9.6536,0.0058,-0.0022,9.8066,0.0146,-0.0616,-0.0428,-17.75,-35.37,15.56,304.39,-83.4,-179.1
52.379307,-1.473685,128.07,22.46,4,80.9,20 / 21,2822610,2019-09-06 20:07:08:353,-0.0634,-0.5249,9.6373,0.0009,-0.0035,9.8066,-0.0568,-0.0574,-0.0823,-18.06,-35.19,16.56,307.57,-83.41,-178.19
52.379307,-1.473685,128.07,22.46,4,80.9,20 / 21,2822710,2019-09-06 20:07:08:453,-0.1901,-0.1705,9.566,0.0105,-0.0044,9.8065,-0.0418,-0.1069,0.0845,-18.19,-35.44,16.44,304.8,-83.51,-178.88
52.379307,-1.473685,128.07,22.46,4,80.9,20 / 21,2822810,2019-09-06 20:07:08:553,-0.711,0.0373,9.4467,0.0162,-0.0193,9.8066,-0.0831,-0.0317,0.0147,-18.06,-35.31,16.13,305.55,-83.36,-178
52.379307,-1.473685,128.07,22.46,4,80.9,20 / 21,2822910,2019-09-06 20:07:08:653,-0.9264,-0.6118,10.2072,0.0108,-0.0178,9.8066,0.041,-0.0026,0.0281,-18.5,-35.69,16.5,308.26,-83.37,-177.31
52.379307,-1.473685,128.07,22.46,4,80.9,20 / 21,2823010,2019-09-06 20:07:08:753,0.0354,-0.4401,10.4207,-0.0067,-0.0152,9.8066,0.072,-0.0421,-0.0188,-18.37,-35.44,16.81,309.07,-83.49,-176.94
52.379307,-1.473685,128.07,22.46,4,80.9,20 / 21,2823110,2019-09-06 20:07:08:853,-1.0283,1.1075,9.8587,-0.0049,0.0129,9.8066,0.1655,-0.0428,0.0529,-18.31,-35.81,16.25,307.64,-83.44,-176
52.379307,-1.473685,128.07,22.46,4,80.9,20 / 21,2823210,2019-09-06 20:07:08:953,0.1725,-0.1975,9.668,0.0002,0.0093,9.8066,-0.0571,-0.0393,0.0117,-18.25,-36,16.81,309.05,-83.43,-176.68
52.379307,-1.473685,128.07,22.46,4,80.9,20 / 21,2823310,2019-09-06 20:07:09:053,-1.2347,-0.0861,10.329,0.0036,-0.0091,9.8066,-0.0375,-0.0721,-0.007,-18.19,-35.25,17.06,309.04,-83.4,-176.85
52.37923,-1.47069,129.64,23.6,6,103.96,19 / 20,2823409,2019-09-06 20:07:09:152,0.098,-1.6525,10.0294,0.0068,-0.0178,9.8066,-0.0852,-0.0525,-0.1091,-18.62,-35.69,17.13,307.69,-83.39,-176.52
52.37923,-1.47069,129.64,23.6,6,103.96,19 / 20,2823510,2019-09-06 20:07:09:253,0.6411,1.4234,9.0256,0.012,0.0107,9.8066,-0.072,-0.1131,0.1402,-18.31,-35.37,16.88,310.4,-83.41,-175.65
52.37923,-1.47069,129.64,23.6,6,103.96,19 / 20,2823609,2019-09-06 20:07:09:352,-0.4098,0.199,9.26,0.0006,-0.0115,9.8065,-0.086,-0.0293,-0.0039,-18,-35.31,17,309.67,-83.43,-176.33
52.37923,-1.47069,129.64,23.6,6,103.96,19 / 20,2823710,2019-09-06 20:07:09:453,-0.37,-1.332,9.6423,0.0209,-0.0103,9.8066,0.0313,0.0485,-0.0301,-17.87,-35.31,16.69,309.52,-83.27,-176.28
52.37923,-1.47069,129.64,23.6,6,103.96,19 / 20,2823810,2019-09-06 20:07:09:553,0.8273,-0.3369,10.0027,-0.0033,0.0032,9.8066,0.1109,-0.0374,-0.0596,-18.12,-36.06,16.75,309.03,-83.42,-176.68
52.37923,-1.47069,129.64,23.6,6,103.96,19 / 20,2823910,2019-09-06 20:07:09:653,-0.6804,0.7331,10.3802,0.0172,-0.0003,9.8066,0.133,-0.0945,0.0424,-17.56,-35.44,17.31,308.68,-83.35,-177.12
52.37923,-1.47069,129.64,23.6,6,103.96,19 / 20,2824009,2019-09-06 20:07:09:752,-0.2601,-0.892,10.2191,-0.006,0.0062,9.8066,0.1387,-0.1349,0.0289,-17.81,-35.69,17.19,308.31,-83.32,-177.2
52.37923,-1.47069,129.64,23.6,6,103.96,19 / 20,2824109,2019-09-06 20:07:09:852,0.1363,-0.2226,10.3412,-0.0157,-0.0041,9.8066,-0.1374,-0.0368,-0.0087,-17.31,-35.56,17.13,310.47,-83.23,-176.59
52.37923,-1.47069,129.64,23.6,6,103.96,19 / 20,2824209,2019-09-06 20:07:09:952,-0.459,-0.6574,9.3217,-0.0089,-0.0063,9.8066,-0.0814,0.0246,0.0107,-17.87,-34.81,16.81,310.14,-83.25,-175.7
52.37923,-1.47069,129.64,23.6,6,103.96,19 / 20,2824309,2019-09-06 20:07:10:052,-0.6104,1.1788,9.8123,0.0037,0.0018,9.8066,0.1463,-0.1619,0.0781,-17.87,-35.25,16.88,311.63,-83.29,-174.42
52.37923,-1.47069,129.64,23.6,6,103.96,19 / 20,2824410,2019-09-06 20:07:10:153,-0.6025,-0.8045,9.7962,-0.024,0.0009,9.8065,0.1217,-0.1149,0.1208,-17.94,-35.5,17.69,315.65,-83.33,-172.72
52.37923,-1.47069,129.64,23.6,6,103.96,19 / 20,2824509,2019-09-06 20:07:10:252,-0.3175,0.104,10.4927,-0.0137,0.0039,9.8066,-0.0341,-0.0466,0.0321,-17.62,-35.5,17.88,315.95,-83.23,-172.36
52.37923,-1.47069,129.64,23.6,6,103.96,19 / 20,2824610,2019-09-06 20:07:10:353,0.2404,-0.5701,10.2609,0.0134,-0.0092,9.8066,-0.0716,-0.022,0.0062,-17.25,-35.12,17.63,317.94,-82.98,-171.81
52.37923,-1.47069,129.64,23.6,6,103.96,19 / 20,2824709,2019-09-06 20:07:10:452,-0.1573,0.7483,9.2112,-0.0231,0.0121,9.8066,0.0729,-0.1459,0.0879,-18.44,-35.37,17.56,317.04,-83.07,-171.23
52.37923,-1.47069,129.64,23.6,6,103.96,19 / 20,2824810,2019-09-06 20:07:10:553,-0.0261,0.4141,9.7699,-0.014,-0.0104,9.8065,0.0482,-0.0358,0.0241,-18,-35.31,17.5,317.78,-83.1,-170.62
52.37923,-1.47069,129.64,23.6,6,103.96,19 / 20,2824910,2019-09-06 20:07:10:653,-0.6864,0.6493,9.8606,-0.0081,-0.0019,9.8066,0.0868,-0.0783,0.0024,-18.25,-35,17.56,319.62,-83.21,-169.11
52.37923,-1.47069,129.64,23.6,6,103.96,19 / 20,2825010,2019-09-06 20:07:10:753,-1.0805,-0.6637,9.873,-0.0037,0.0108,9.8066,-0.0182,-0.0989,0.0312,-18.31,-35.25,17.13,318.37,-83.24,-168.42
52.37923,-1.47069,129.64,23.6,6,103.96,19 / 20,2825109,2019-09-06 20:07:10:852,-0.3471,0.2273,10.0802,-0.0126,-0.006,9.8066,-0.0956,0.0042,0.0062,-18.44,-35.37,16.94,318.87,-83.18,-167.94
52.37923,-1.47069,129.64,23.6,6,103.96,19 / 20,2825209,2019-09-06 20:07:10:952,-0.5832,0.8233,9.5037,-0.0062,0.0003,9.8066,-0.0345,-0.0062,-0.0111,-18,-35.69,17.5,321.59,-83.09,-167.13
52.37923,-1.47069,129.64,23.6,6,103.96,19 / 20,2825309,2019-09-06 20:07:11:052,-0.7733,-0.3324,9.7234,-0.0114,0.0004,9.8066,0.0883,-0.0283,0.0088,-18,-35.31,17.44,320.69,-83.12,-166.3
52.37923,-1.47069,129.64,23.6,6,103.96,19 / 20,2825410,2019-09-06 20:07:11:153,-0.3422,0.209,9.5098,-0.0201,0.008,9.8066,-0.0187,-0.1083,0.0122,-17.94,-35.25,17.75,324.36,-83.07,-164.88
52.37923,-1.47069,129.64,23.6,6,103.96,19 / 20,2825510,2019-09-06 20:07:11:253,-0.2084,-0.2937,9.8434,-0.0046,-0.0202,9.8066,-0.0375,-0.0047,0.048,-18.31,-35.19,17.5,325.89,-83.02,-163.52
52.37923,-1.47069,129.64,23.6,6,103.96,19 / 20,2825610,2019-09-06 20:07:11:353,-0.456,0.6629,10.3078,-0.0075,-0.0016,9.8066,-0.0727,-0.0065,-0.0034,-18.37,-35.19,17.56,326.72,-83.01,-162.8
52.37923,-1.47069,129.64,23.6,6,103.96,19 / 20,2825709,2019-09-06 20:07:11:452,-0.9138,0.0412,9.4634,0.0061,0.0004,9.8066,-0.0819,-0.0184,0.043,-18.44,-35.31,17.69,326.76,-82.9,-162.68
52.37923,-1.47069,129.64,23.6,6,103.96,19 / 20,2825809,2019-09-06 20:07:11:552,-0.0007,0.729,9.3236,-0.0034,0.0012,9.8066,-0.0391,-0.041,0.0173,-18.37,-35.75,18.75,328.04,-82.85,-163.1
52.37923,-1.47069,129.64,23.6,6,103.96,19 / 20,2825910,2019-09-06 20:07:11:653,-0.4822,0.9899,9.4346,0.0081,-0.0092,9.8066,-0.0525,-0.0795,0.0178,-18.31,-34.87,18.56,328.23,-82.85,-163.07
52.37923,-1.47069,129.64,23.6,6,103.96,19 / 20,2826010,2019-09-06 20:07:11:753,-1.9829,0.0151,10.0849,-0.0161,0.0063,9.8066,-0.037,-0.0022,0.0286,-18.12,-35.06,17.81,326.44,-83.01,-163.04
52.37923,-1.47069,129.64,23.6,6,103.96,19 / 20,2826110,2019-09-06 20:07:11:853,1.2401,-0.0593,10.4822,0.0334,-0.0316,9.8065,0.0639,0.01,-0.0167,-18.12,-35.25,18,328.21,-83.17,-161.66
52.37923,-1.47069,129.64,23.6,6,103.96,19 / 20,2826209,2019-09-06 20:07:11:952,-0.3076,-0.1089,10.1254,0.0354,-0.0511,9.8064,0.2008,-0.1021,0.0554,-18.06,-35.06,18.38,328.41,-82.74,-161.16
52.37923,-1.47069,129.64,23.6,6,103.96,19 / 20,2826309,2019-09-06 20:07:12:052,-0.1956,0.6345,8.8599,0.0224,0.0103,9.8065,-0.0786,-0.0721,0.0118,-18.69,-35.12,18.25,327.49,-82.72,-160.52
52.37923,-1.47069,129.64,23.6,6,103.96,19 / 20,2826410,2019-09-06 20:07:12:153,-0.6067,-0.0814,10.0379,-0.0033,-0.0147,9.8065,0.0228,-0.0084,0.0566,-18.81,-35.12,18.56,331.92,-82.77,-158.45
52.37923,-1.47069,129.64,23.6,6,103.96,19 / 20,2826509,2019-09-06 20:07:12:252,-0.203,1.0751,10.0762,0.0086,-0.0129,9.8066,0.0125,0.0544,-0.0503,-18.62,-34.69,18.5,332.96,-82.69,-157.52
52.37923,-1.47069,129.64,23.6,6,103.96,19 / 20,2826610,2019-09-06 20:07:12:353,-0.2007,2.0236,9.503,-0.0061,0.0053,9.8066,0.0297,0.0019,-0.0188,-19.19,-35.12,18.25,330.29,-82.76,-158.16
52.37923,-1.47069,129.64,23.6,6,103.96,19 / 20,2826710,2019-09-06 20:07:12:453,-0.9194,0.0737,9.0444,-0.0006,-0.0216,9.8065,0.1025,-0.061,0.1011,-18.69,-35.12,18.44,330.41,-82.93,-158.18
52.37923,-1.47069,129.64,23.6,6,103.96,19 / 20,2826810,2019-09-06 20:07:12:553,0.318,-0.7323,9.4823,0.0184,-0.0145,9.8065,-0.0064,-0.0479,-0.0716,-19.44,-34.81,18.38,331.32,-82.84,-157.34
52.37923,-1.47069,129.64,23.6,6,103.96,19 / 20,2826910,2019-09-06 20:07:12:653,-0.1215,0.632,9.7897,-0.0065,0.0038,9.8066,-0.0551,-0.015,-0.0154,-18.87,-35.19,18.38,331.75,-82.94,-157.05
52.37923,-1.47069,129.64,23.6,6,103.96,19 / 20,2827010,2019-09-06 20:07:12:753,-0.286,1.2054,10.0116,-0.0108,-0.0112,9.8066,0.0937,-0.0866,0.0451,-18.69,-35.19,18.06,332.74,-82.86,-156.16
52.37923,-1.47069,129.64,23.6,6,103.96,19 / 20,2827110,2019-09-06 20:07:12:853,-0.2623,0.223,10.4948,0.0176,-0.0305,9.8065,0.1228,-0.0811,0.016,-18.69,-34.44,18.25,333.51,-82.72,-155.54
52.37923,-1.47069,129.64,23.6,6,103.96,19 / 20,2827209,2019-09-06 20:07:12:952,-1.3056,1.007,10.0161,0.0161,-0.0262,9.8066,-0.031,0.0026,-0.0659,-19.06,-34.81,18.75,335.93,-82.71,-155.03
52.37923,-1.47069,129.64,23.6,6,103.96,19 / 20,2827310,2019-09-06 20:07:13:053,-0.2982,0.1131,9.4939,-0.0106,-0.0207,9.8066,-0.004,0.0335,0.0336,-19.06,-35.06,18.69,338.22,-82.58,-153.04
52.37923,-1.47069,129.64,23.6,6,103.96,18 / 19,2827409,2019-09-06 20:07:13:152,0.369,-0.1707,9.3657,-0.0103,0.0205,9.8065,-0.0848,-0.0242,-0.0069,-19.06,-34.87,18.56,339,-82.77,-152.48
52.37923,-1.47069,129.64,23.6,6,103.96,18 / 19,2827510,2019-09-06 20:07:13:253,0.3528,0.5541,9.8754,-0.002,0.007,9.8065,-0.0448,-0.0104,-0.0093,-18.87,-34.5,18.56,338.87,-82.83,-152.71
52.37923,-1.47069,129.64,23.6,6,103.96,18 / 19,2827610,2019-09-06 20:07:13:353,-0.6382,1.5005,10.2146,-0.0018,-0.0057,9.8066,0.0874,-0.0098,0.0431,-18.75,-34.94,17.94,336.99,-82.86,-152.57
52.37923,-1.47069,129.64,23.6,6,103.96,18 / 19,2827710,2019-09-06 20:07:13:453,0.0832,1.0886,11.3969,-0.0032,-0.0131,9.8065,-0.0281,0.0167,0.009,-18.56,-35.25,18,337.24,-82.78,-152.31
52.37923,-1.47069,129.64,23.6,6,103.96,18 / 19,2827810,2019-09-06 20:07:13:553,2.0905,-0.2206,10.0194,0.0011,-0.0044,9.8066,-0.2811,-0.0703,0.0768,-19.12,-35,18.06,336.6,-82.62,-152.76
52.37923,-1.47069,129.64,23.6,6,103.96,18 / 19,2827910,2019-09-06 20:07:13:653,-0.4183,1.4092,9.3087,-0.0273,-0.0069,9.8066,0.0959,-0.0364,0.1006,-19.19,-34.75,18.38,338.09,-82.47,-151.44
52.37923,-1.47069,129.64,23.6,6,103.96,18 / 19,2828010,2019-09-06 20:07:13:753,0.3322,2.1574,9.1016,-0.0078,0.0058,9.8066,0.0658,-0.0612,0.0417,-19.06,-34.69,17.75,340.39,-82.45,-149.52
52.37923,-1.47069,129.64,23.6,6,103.96,18 / 19,2828109,2019-09-06 20:07:13:852,0.2811,0.5061,9.1701,0.0026,0.0026,9.8066,-0.1535,-0.0268,0.0736,-19.19,-35,18.81,342.46,-82.47,-149.44
52.37923,-1.47069,129.64,23.6,6,103.96,18 / 19,2828209,2019-09-06 20:07:13:952,0.0872,0.8592,10.0117,-0.032,0.0108,9.8065,0.1027,0.0396,0.0164,-19.19,-33.94,18.38,342.95,-82.51,-147.52
52.37923,-1.47069,129.64,23.6,6,103.96,18 / 19,2828310,2019-09-06 20:07:14:053,0.9675,0.688,9.9727,0.0171,-0.0146,9.8066,0.0181,0.0301,-0.0001,-19.37,-34.81,17.75,343.72,-82.46,-146.78
52.37923,-1.47069,129.64,23.6,6,103.96,19 / 20,2828410,2019-09-06 20:07:14:153,1.3688,0.9598,9.7631,0.0133,-0.0091,9.8066,-0.0131,-0.0359,0.0071,-19.5,-34.5,18,344.22,-82.48,-146.45
52.37923,-1.47069,129.64,23.6,6,103.96,19 / 20,2828510,2019-09-06 20:07:14:253,0.0478,1.5884,9.874,-0.0108,0.0123,9.8065,0.1251,-0.0303,0.0238,-19.06,-34.25,18.25,344.25,-82.5,-146.44
52.37923,-1.47069,129.64,23.6,6,103.96,19 / 20,2828610,2019-09-06 20:07:14:353,0.987,0.3222,9.6277,0.013,-0.0232,9.8065,-0.1445,0.0347,-0.0267,-19.25,-34.37,17.88,344.47,-82.31,-146.18
52.37923,-1.47069,129.64,23.6,6,103.96,19 / 20,2828710,2019-09-06 20:07:14:453,0.2399,0.9763,9.465,-0.0365,0.0261,9.8065,-0.0579,0.0135,0.0269,-20.06,-34.31,17.75,343.19,-82.26,-145.83
52.37923,-1.47069,129.64,23.6,6,103.96,19 / 20,2828810,2019-09-06 20:07:14:553,-0.2836,0.5541,10.1068,-0.0312,0.0184,9.8065,0.0775,-0.0523,-0.0118,-20.12,-34.31,17.88,345.31,-82.39,-144.12
52.37923,-1.47069,129.64,23.6,6,103.96,19 / 20,2828910,2019-09-06 20:07:14:653,0.7744,0.7014,9.8228,-0.0424,0.0413,9.8064,0.1017,-0.0161,0.0495,-20,-34.62,17.69,346.11,-82.53,-143.43
52.37923,-1.47069,129.64,23.6,6,103.96,19 / 20,2829009,2019-09-06 20:07:14:752,0.5075,1.1716,9.096,0.0103,-0.007,9.8066,-0.1094,0.0545,-0.0323,-19.81,-34.5,17.56,346.33,-82.53,-143.32
52.37923,-1.47069,129.64,23.6,6,103.96,19 / 20,2829110,2019-09-06 20:07:14:853,0.866,1.0407,9.8689,0.0087,-0.0118,9.8066,-0.0355,0.0648,0.0043,-20.31,-34,17.56,346.19,-82.54,-143.44
52.37923,-1.47069,129.64,23.6,6,103.96,19 / 20,2829210,2019-09-06 20:07:14:953,1.0134,0.6007,10.4275,-0.0161,0.0036,9.8066,0.155,0.013,0.0017,-19.75,-34.12,17.19,345.57,-82.57,-142.29
52.37923,-1.47069,129.64,23.6,6,103.96,19 / 20,2829310,2019-09-06 20:07:15:053,0.6868,1.0454,9.5453,-0.0303,0.0239,9.8065,0.1462,-0.0573,0.0484,-19.62,-33.31,17.44,346.09,-82.58,-141.92
52.37923,-1.47069,129.64,23.6,6,103.96,19 / 20,2829410,2019-09-06 20:07:15:153,0.7903,1.5407,9.6095,-0.008,-0.0052,9.8066,0.0152,0.087,-0.0247,-19.81,-33.75,17.63,348.37,-82.46,-141.61
52.37923,-1.47069,129.64,23.6,6,103.96,19 / 20,2829509,2019-09-06 20:07:15:252,-0.2084,1.5728,9.6073,0.0173,-0.0182,9.8066,-0.0324,0.0988,0.0197,-19.81,-33.62,16.94,346.44,-82.38,-141.5
52.37923,-1.47069,129.64,23.6,6,103.96,19 / 20,2829610,2019-09-06 20:07:15:353,0.1529,1.1686,9.9924,-0.0082,-0.0027,9.8066,0.0109,0.0189,0.104,-20.06,-34.44,17.13,347.08,-82.35,-140.96
52.37923,-1.47069,129.64,23.6,6,103.96,19 / 20,2829710,2019-09-06 20:07:15:453,0.5866,1.2837,9.9223,-0.0039,-0.0092,9.8066,0.1241,0.0138,-0.016,-20.5,-34,17.19,347.97,-82.22,-140.19
52.37923,-1.47069,129.64,23.6,6,103.96,19 / 20,2829810,2019-09-06 20:07:15:553,0.9618,1.2289,9.4111,-0.0175,0.0155,9.8066,-0.0556,0.0489,-0.0103,-20.12,-34.25,16.94,349.04,-82.35,-139.35
52.37923,-1.47069,129.64,23.6,6,103.96,19 / 20,2829909,2019-09-06 20:07:15:652,-0.5207,1.391,9.3096,-0.0095,0.0021,9.8066,-0.0142,0.0469,-0.0078,-20.5,-34.25,16.69,349.29,-82.43,-139.17
52.37923,-1.47069,129.64,23.6,6,103.96,19 / 20,2830009,2019-09-06 20:07:15:752,0.8077,0.8722,9.4456,-0.0123,0.004,9.8065,0.0068,-0.0223,0.0071,-20.94,-34.06,17.19,348.8,-82.48,-138.27
52.37923,-1.47069,129.64,23.6,6,103.96,19 / 20,2830110,2019-09-06 20:07:15:853,0.737,1.4296,9.0294,-0.0133,-0.0159,9.8066,0.0024,-0.0158,0.1209,-20.75,-34.25,17.38,350.09,-82.37,-137.17
52.37923,-1.47069,129.64,23.6,6,103.96,19 / 20,2830210,2019-09-06 20:07:15:953,0.8205,0.3418,10.0419,-0.002,-0.0144,9.8066,0.0135,0.0075,0.0472,-20.69,-33.87,16.38,348.72,-82.4,-136.57
52.37923,-1.47069,129.64,23.6,6,103.96,19 / 20,2830311,2019-09-06 20:07:16:054,0.2798,0.555,9.166,-0.0023,0.0003,9.8066,0.0634,0.1125,-0.0455,-21,-34,17.5,353.69,-82.34,-135.82
52.37923,-1.47069,129.64,23.6,6,103.96,20 / 21,2830409,2019-09-06 20:07:16:152,1.2368,1.1069,10.3541,-0.0095,-0.0026,9.8066,-0.0584,0.06,-0.0284,-21.12,-33.81,17.06,352.07,-82.28,-135.52
52.37923,-1.47069,129.64,23.6,6,103.96,20 / 21,2830510,2019-09-06 20:07:16:253,1.3586,1.3435,9.9192,-0.007,-0.0024,9.8066,0.024,0.0661,0.0471,-20.75,-33.87,17.75,354.15,-82.2,-135.42
52.37923,-1.47069,129.64,23.6,6,103.96,20 / 21,2830610,2019-09-06 20:07:16:353,0.4878,1.8995,9.5002,-0.0073,-0.0031,9.8066,0.0672,0.0301,-0.0684,-20.69,-33.19,16.63,353.28,-82.3,-134.56
52.37923,-1.47069,129.64,23.6,6,103.96,20 / 21,2830709,2019-09-06 20:07:16:452,0.4973,1.2652,9.0656,-0.004,0.0094,9.8065,-0.0731,0.0974,0.0034,-20.44,-34.06,16.94,355.61,-82.33,-133.96
52.37923,-1.47069,129.64,23.6,6,103.96,20 / 21,2830810,2019-09-06 20:07:16:553,0.6263,1.6831,9.5234,-0.0092,0.0055,9.8066,-0.0519,0.0786,-0.0704,-21,-33.94,16.19,352.61,-82.52,-133.4
52.37923,-1.47069,129.64,23.6,6,103.96,20 / 21,2830910,2019-09-06 20:07:16:653,1.3177,0.8823,9.9761,-0.0198,0.0041,9.8065,0.0026,0.0138,-0.0377,-21.06,-34.69,16.19,353.59,-82.47,-132.55
52.37923,-1.47069,129.64,23.6,6,103.96,20 / 21,2831010,2019-09-06 20:07:16:753,1.0444,2.0699,10.228,0.0094,-0.0166,9.8065,0.1215,0.0037,0.1267,-21.12,-33.87,16.19,353.16,-82.2,-132.89
52.37923,-1.47069,129.64,23.6,6,103.96,20 / 21,2831110,2019-09-06 20:07:16:853,0.7897,1.4908,9.4324,-0.0103,-0.0066,9.8065,-0.0747,0.0448,0.0083,-21.5,-33.69,16.31,353.86,-82.19,-132.31
52.37923,-1.47069,129.64,23.6,6,103.96,20 / 21,2831210,2019-09-06 20:07:16:953,0.4419,1.88,9.9114,-0.0086,0.0021,9.8066,-0.0748,0.0642,0.0098,-21.44,-34,16.63,357.05,-82.12,-131.4
52.37923,-1.47069,129.64,23.6,6,103.96,20 / 21,2831309,2019-09-06 20:07:17:052,0.803,1.1699,9.4469,-0.01,0.0163,9.8065,-0.0697,0.0629,-0.0138,-21.69,-33.87,16.25,354.34,-82.23,-130.68
52.37923,-1.47069,129.64,23.6,6,103.96,19 / 20,2831410,2019-09-06 20:07:17:153,0.2848,2.0259,9.8311,0.0096,-0.0046,9.8065,-0.011,0.0667,-0.0042,-21.5,-33.62,16.38,354.95,-82.23,-131.43
52.37923,-1.47069,129.64,23.6,6,103.96,19 / 20,2831509,2019-09-06 20:07:17:252,-0.862,1.8043,9.7711,0.0131,-0.0198,9.8066,0.0103,-0.0298,0.0585,-22,-34.12,16.06,353.26,-82.14,-131.55
52.37923,-1.47069,129.64,23.6,6,103.96,19 / 20,2831610,2019-09-06 20:07:17:353,0.2854,1.9125,9.7079,-0.022,0.0136,9.8065,-0.0503,0.08,-0.0176,-22.06,-34.19,16.63,355.53,-82.19,-131.38
52.37923,-1.47069,129.64,23.6,6,103.96,19 / 20,2831709,2019-09-06 20:07:17:452,0.4336,1.1214,9.7687,-0.0106,0.0101,9.8066,-0.0542,0.0586,-0.0027,-22.19,-33.69,15.63,354.67,-82.26,-130.42
52.37923,-1.47069,129.64,23.6,6,103.96,19 / 20,2831809,2019-09-06 20:07:17:552,1.0442,1.692,9.7846,-0.0014,-0.0022,9.8065,0.0125,0.0346,0.006,-22.06,-33.81,16.38,354.47,-82.15,-130.56
52.37923,-1.47069,129.64,23.6,6,103.96,19 / 20,2831910,2019-09-06 20:07:17:653,0.4925,1.8097,10.2581,-0.0052,-0.001,9.8066,0.0918,-0.0357,-0.0259,-22.75,-33.62,16.13,353.47,-82.19,-130.22
52.37923,-1.47069,129.64,23.6,6,103.96,19 / 20,2832010,2019-09-06 20:07:17:753,1.1592,1.482,10.3463,-0.0033,0.001,9.8066,0.0021,-0.0036,0.0643,-21.56,-34.12,15.88,355.42,-82.19,-129.79
52.37923,-1.47069,129.64,23.6,6,103.96,19 / 20,2832109,2019-09-06 20:07:17:852,-0.4147,2.5226,10.0849,-0.0025,-0.0064,9.8066,-0.0734,0.0605,0.0317,-22.25,-33.87,15.44,353.63,-82.11,-129.48
52.37923,-1.47069,129.64,23.6,6,103.96,19 / 20,2832210,2019-09-06 20:07:17:953,-0.0668,1.7103,10.086,-0.0088,-0.0194,9.8066,0.0667,0.0653,0.0596,-22,-33.81,15.88,357.4,-81.91,-128.15
52.37923,-1.47069,129.64,23.6,6,103.96,19 / 20,2832310,2019-09-06 20:07:18:053,1.2419,1.6874,9.4917,-0.0184,0.0092,9.8066,0.0434,-0.0084,0.017,-22.75,-33.62,15.38,355.57,-81.83,-126.71
52.37862,-1.467753,130.17,23.35,6,104.59,20 / 21,2832410,2019-09-06 20:07:18:153,0.1409,0.9123,9.6917,0.0044,-0.0034,9.8066,0.0355,0.0619,-0.0055,-23,-33.37,15.56,358.07,-81.93,-126.42
52.37862,-1.467753,130.17,23.35,6,104.59,20 / 21,2832509,2019-09-06 20:07:18:252,0.9774,1.0868,9.1593,0.0048,-0.0057,9.8066,-0.0934,0.0621,0.0038,-22.25,-33.5,15.5,0.29,-81.95,-125.79
52.37862,-1.467753,130.17,23.35,6,104.59,20 / 21,2832609,2019-09-06 20:07:18:352,0.5519,2.5254,10.0102,-0.003,0.015,9.8066,-0.0169,0.0626,-0.0492,-22.56,-33.94,15.5,359.13,-82.02,-125.54
52.37862,-1.467753,130.17,23.35,6,104.59,20 / 21,2832710,2019-09-06 20:07:18:453,0.1258,1.9161,10.4342,0.0086,-0.0127,9.8065,0.0609,-0.0678,0.0212,-22.44,-33.37,15.63,0.2,-82.14,-125.86
52.37862,-1.467753,130.17,23.35,6,104.59,20 / 21,2832809,2019-09-06 20:07:18:552,-1.1309,2.5852,10.304,-0.0028,-0.0116,9.8066,0.0719,0.0601,0.0308,-22.44,-32.87,14.81,357.74,-81.95,-126.13
52.37862,-1.467753,130.17,23.35,6,104.59,20 / 21,2832909,2019-09-06 20:07:18:652,0.1904,1.8874,9.4238,-0.0283,0.0052,9.8066,0.0203,-0.0201,0.0108,-22.62,-32.94,14.75,357.03,-81.81,-125.54
52.37862,-1.467753,130.17,23.35,6,104.59,20 / 21,2833010,2019-09-06 20:07:18:753,-0.2507,2.7246,8.5728,-0.0047,0.0068,9.8065,0.0328,0.075,0.0218,-22.81,-33.31,14.75,358.46,-81.87,-124.37
52.37862,-1.467753,130.17,23.35,6,104.59,20 / 21,2833110,2019-09-06 20:07:18:853,-0.3618,2.4785,9.4862,0.014,0.0035,9.8066,-0.1164,-0.0009,-0.0659,-22.75,-32.81,14.81,359.36,-82.07,-123.64
52.37862,-1.467753,130.17,23.35,6,104.59,20 / 21,2833210,2019-09-06 20:07:18:953,0.1019,1.8995,9.6869,-0.0063,0.0322,9.8065,-0.0331,0.1622,-0.043,-22.5,-32.94,14.19,359.17,-82.32,-123.15
52.37862,-1.467753,130.17,23.35,6,104.59,20 / 21,2833309,2019-09-06 20:07:19:052,0.7597,1.9173,9.9467,-0.0018,0.0198,9.8066,0.2013,0.1424,-0.0073,-22.69,-32.44,14.69,358.72,-82.62,-124.19
52.37862,-1.467753,130.17,23.35,6,104.59,19 / 21,2833409,2019-09-06 20:07:19:152,0.1177,1.996,10.8135,0.0307,-0.0223,9.8065,0.0785,0.0194,0.0115,-22.25,-32.87,14.31,354.54,-82.46,-126.98
52.37862,-1.467753,130.17,23.35,6,104.59,19 / 21,2833510,2019-09-06 20:07:19:253,1.048,2.0818,9.826,-0.0037,0.0051,9.8066,0.0268,0.182,0.0304,-22.12,-33.62,14.81,356.75,-82.43,-126.96
52.37862,-1.467753,130.17,23.35,6,104.59,19 / 21,2833609,2019-09-06 20:07:19:352,0.8369,1.4321,9.6292,-0.0138,0.011,9.8066,0.0052,0.1366,0.0343,-22.37,-32.94,13.88,355.67,-82.51,-126.05
52.37862,-1.467753,130.17,23.35,6,104.59,19 / 21,2833710,2019-09-06 20:07:19:453,-0.6929,2.7109,10.3012,0.0085,-0.0031,9.8066,-0.0852,0.046,-0.0245,-22.31,-33.56,14.56,357.78,-82.49,-126.12
52.37862,-1.467753,130.17,23.35,6,104.59,19 / 21,2833809,2019-09-06 20:07:19:552,1.4298,1.7535,9.6901,-0.0124,0.0035,9.8066,-0.0794,0.0571,0.0324,-22.12,-32.94,14.56,358.3,-82.53,-125.7
52.37862,-1.467753,130.17,23.35,6,104.59,19 / 21,2833909,2019-09-06 20:07:19:652,-0.5105,1.9142,9.8218,-0.0013,-0.0044,9.8066,0.0049,0.011,0.0043,-21.87,-33,14.06,356.86,-82.55,-125.07
52.37862,-1.467753,130.17,23.35,6,104.59,19 / 21,2834010,2019-09-06 20:07:19:753,-0.0659,1.9388,10.0436,0.015,-0.0104,9.8066,-0.0612,-0.0086,-0.0656,-21.75,-32.81,14.25,356.58,-82.51,-125.3
52.37862,-1.467753,130.17,23.35,6,104.59,19 / 21,2834109,2019-09-06 20:07:19:852,0.5183,1.6711,9.9324,0.013,-0.0042,9.8066,-0.0384,0.0799,0.0541,-21.31,-32.56,13.63,358.39,-82.6,-125.02
52.37862,-1.467753,130.17,23.35,6,104.59,19 / 21,2834210,2019-09-06 20:07:19:953,0.4938,1.8264,10.2403,0.0012,0.0063,9.8065,0.0263,0.0855,0.0298,-21.5,-33.19,13.75,358.44,-82.7,-124.97
52.37862,-1.467753,130.17,23.35,6,104.59,19 / 21,2834310,2019-09-06 20:07:20:053,-1.0411,2.4235,10.1224,0.0018,-0.0025,9.8066,-0.0445,-0.0103,-0.0054,-21.06,-33.69,14.25,357.54,-82.69,-125.71
52.37862,-1.467753,130.17,23.35,6,104.59,18 / 20,2834410,2019-09-06 20:07:20:153,-0.0402,1.6762,10.0053,-0.0018,0.0054,9.8065,-0.0389,0.0504,-0.0032,-21.31,-33.94,14.81,359.52,-82.68,-125.93
52.37862,-1.467753,130.17,23.35,6,104.59,18 / 20,2834509,2019-09-06 20:07:20:252,-0.0631,2.2251,9.6294,0.001,0.0129,9.8066,0.0296,0.0378,-0.057,-20.81,-34.19,16,1.65,-82.84,-125.93
52.37862,-1.467753,130.17,23.35,6,104.59,18 / 20,2834610,2019-09-06 20:07:20:353,-0.1173,2.2054,10.2656,0.0044,-0.0039,9.8066,0.0273,-0.0348,-0.08,-21.06,-34.94,16,1.42,-82.97,-126.12
52.37862,-1.467753,130.17,23.35,6,104.59,18 / 20,2834710,2019-09-06 20:07:20:453,0.3841,1.7705,9.5809,-0.0043,0.0003,9.8066,-0.0113,0.1177,0.1378,-20.06,-36.12,16.56,5.7,-83.02,-125.66
52.37862,-1.467753,130.17,23.35,6,104.59,18 / 20,2834810,2019-09-06 20:07:20:553,0.1964,1.8941,9.4481,-0.016,-0.0006,9.8066,-0.0174,0.1443,0.1252,-20.56,-39,16.56,5.81,-83.01,-124.24
52.37862,-1.467753,130.17,23.35,6,104.59,18 / 20,2834910,2019-09-06 20:07:20:653,-0.2163,2.1336,9.6116,0.0029,0.0036,9.8066,-0.1409,-0.0028,-0.1593,-20.37,-41.12,16.63,8.12,-83.04,-123.83
52.37862,-1.467753,130.17,23.35,6,104.59,18 / 20,2835010,2019-09-06 20:07:20:753,-0.3752,2.444,10.2915,-0.009,0.0277,9.8065,0.0118,-0.0623,-0.1741,-21.25,-42.5,14.13,359.15,-83.16,-124.36
52.37862,-1.467753,130.17,23.35,6,104.59,18 / 20,2835110,2019-09-06 20:07:20:853,0.0822,1.794,10.5788,0.024,0.003,9.8066,0.0861,0.1256,0.1549,-19.87,-41.5,12.44,354.44,-83.53,-125.39
52.37862,-1.467753,130.17,23.35,6,104.59,18 / 20,2835210,2019-09-06 20:07:20:953,1.8837,1.6187,9.6594,0.0319,-0.0125,9.8066,-0.0988,0.0891,0.1425,-19.19,-40.69,11.94,352.68,-83.54,-128.05
52.37862,-1.467753,130.17,23.35,6,104.59,18 / 20,2835310,2019-09-06 20:07:21:053,1.1204,1.8584,10.4628,0.0175,-0.004,9.8065,0.2154,0.0711,-0.1188,-18.87,-40.87,11.44,349.87,-83.57,-128.02
52.37862,-1.467753,130.17,23.35,6,104.59,18 / 19,2835410,2019-09-06 20:07:21:153,0.2298,2.2311,9.4992,0.0137,-0.0035,9.8066,-0.0229,0.0534,-0.0663,-19.37,-40.25,10.94,350.07,-83.68,-127.96
52.37862,-1.467753,130.17,23.35,6,104.59,18 / 19,2835509,2019-09-06 20:07:21:252,0.0525,2.0459,9.3126,0.0061,0.0047,9.8066,-0.0727,0.0194,0.073,-19.62,-39.69,10,344.73,-83.71,-128.79
52.37862,-1.467753,130.17,23.35,6,104.59,18 / 19,2835610,2019-09-06 20:07:21:353,0.1202,1.95,10.0706,-0.0046,-0.0079,9.8066,-0.0017,0.0119,0.0416,-19.94,-39.37,8.63,342.89,-83.64,-127.91
52.37862,-1.467753,130.17,23.35,6,104.59,18 / 19,2835709,2019-09-06 20:07:21:452,-0.4802,0.9572,10.4665,0.0131,-0.0059,9.8066,-0.0599,0.1059,0.0061,-20.31,-38.12,8.94,342.8,-83.52,-128.01
52.37862,-1.467753,130.17,23.35,6,104.59,18 / 19,2835809,2019-09-06 20:07:21:552,-0.4433,0.7489,10.2341,-0.0128,0.0203,9.8066,0.0823,0.0426,0.0617,-20.75,-35.94,8.69,340.38,-83.71,-129.38
52.37862,-1.467753,130.17,23.35,6,104.59,18 / 19,2835909,2019-09-06 20:07:21:652,0.1596,1.2902,9.9926,-0.0217,0.0109,9.8066,0.0096,0.0669,-0.0737,-20.75,-34.69,8.69,340.11,-83.75,-129.72
52.37862,-1.467753,130.17,23.35,6,104.59,18 / 19,2836009,2019-09-06 20:07:21:752,0.6985,1.5217,10.1015,0.0264,0.0019,9.8065,0.0679,0.0447,-0.0982,-22.44,-34.31,9.63,341.55,-83.86,-130.06
52.37862,-1.467753,130.17,23.35,6,104.59,18 / 19,2836110,2019-09-06 20:07:21:853,0.7686,1.5168,10.7594,0.0237,0.0041,9.8066,0.1815,0.0379,0.0632,-21.75,-33.12,10.44,338.55,-83.87,-132.73
52.37862,-1.467753,130.17,23.35,6,104.59,18 / 19,2836210,2019-09-06 20:07:21:953,0.2319,1.357,10.5561,0.0321,-0.0258,9.8065,-0.0938,0.0662,0.0382,-21.62,-32.69,10.44,336.91,-83.72,-134.05
52.37862,-1.467753,130.17,23.35,6,104.59,18 / 19,2836310,2019-09-06 20:07:22:053,0.1396,1.1246,9.5667,-0.0189,0.0082,9.8066,-0.0534,0.0782,0.0068,-22,-33.37,11.25,340.26,-83.65,-133.32
52.37862,-1.467753,130.17,23.35,6,104.59,18 / 20,2836409,2019-09-06 20:07:22:152,1.1656,1.5359,9.5776,0.0017,0.0092,9.8066,0.0225,0.1049,0.0054,-22.06,-32.37,10.69,340.83,-83.81,-132.99
52.37862,-1.467753,130.17,23.35,6,104.59,18 / 20,2836509,2019-09-06 20:07:22:252,-0.1196,2.0721,9.6876,0.0258,0.0046,9.8066,0.0701,0.0325,-0.0755,-22.06,-32.69,10.44,337.23,-83.97,-133.91
52.37862,-1.467753,130.17,23.35,6,104.59,18 / 20,2836610,2019-09-06 20:07:22:353,0.8738,1.6512,9.8201,-0.0112,0.0131,9.8066,0.1172,-0.0097,-0.0825,-22.5,-32.94,10.75,338.66,-83.97,-134.86
52.37862,-1.467753,130.17,23.35,6,104.59,18 / 20,2836710,2019-09-06 20:07:22:453,0.2038,1.9304,10.4422,0.0017,0.014,9.8066,0.1109,0.0544,0.0487,-23.12,-33.31,10.94,335.76,-84,-136.49
52.37862,-1.467753,130.17,23.35,6,104.59,18 / 20,2836810,2019-09-06 20:07:22:553,0.8094,0.7447,9.8633,-0.0225,0.0149,9.8065,0.0834,0.0273,0.0435,-22.69,-33,11.44,334.62,-84.06,-137.52
52.37862,-1.467753,130.17,23.35,6,104.59,18 / 20,2836910,2019-09-06 20:07:22:653,0.7317,1.2444,9.7253,0.0089,-0.0067,9.8066,0.0084,0.0618,-0.0058,-23.19,-32.37,12,336.29,-83.98,-138.16
52.37862,-1.467753,130.17,23.35,6,104.59,18 / 20,2837009,2019-09-06 20:07:22:752,0.4924,1.1415,10.5538,0.0044,0.0002,9.8066,0.0838,0.0989,-0.028,-22.5,-32.81,11.06,334.34,-83.98,-138.6
52.37862,-1.467753,130.17,23.35,6,104.59,18 / 20,2837110,2019-09-06 20:07:22:853,-0.3405,1.114,10.3983,0.0044,0.0162,9.8066,-0.0389,0.1235,-0.0208,-22.37,-32.94,10.94,332.97,-84.08,-139.86
52.37862,-1.467753,130.17,23.35,6,104.59,18 / 20,2837210,2019-09-06 20:07:22:953,-0.2294,1.6618,10.2677,0.0327,-0.0084,9.8066,-0.043,0.0105,-0.0446,-22.56,-32.81,11,330.52,-84.12,-141.16
52.37862,-1.467753,130.17,23.35,6,104.59,18 / 20,2837310,2019-09-06 20:07:23:053,0.565,1.3788,10.421,0.0175,-0.0204,9.8065,-0.0364,-0.0108,-0.0486,-22.75,-32.69,10.88,329.08,-83.87,-142.26
52.37862,-1.467753,130.17,23.35,6,104.59,18 / 20,2837410,2019-09-06 20:07:23:153,1.1113,1.2355,9.5471,-0.0094,0.0033,9.8066,0.018,0.0848,0.0608,-23.12,-32.75,10.81,329.15,-83.9,-142.21
52.37862,-1.467753,130.17,23.35,6,104.59,18 / 20,2837510,2019-09-06 20:07:23:253,-0.44,1.5204,10.0811,-0.0055,-0.0001,9.8066,0.0129,0.0267,0.0337,-22.81,-32.94,11.31,328.24,-83.93,-143.04
52.37862,-1.467753,130.17,23.35,6,104.59,18 / 20,2837609,2019-09-06 20:07:23:352,0.6541,1.2253,9.8045,-0.0004,0.0007,9.8066,-0.0466,0.0511,-0.0031,-22.31,-32.94,10.88,328.71,-83.88,-143.44
52.37862,-1.467753,130.17,23.35,6,104.59,18 / 20,2837710,2019-09-06 20:07:23:453,0.1812,1.7678,11.0671,0.0044,-0.0009,9.8066,0.1148,0.1042,-0.0246,-23.06,-32.69,11.13,326.11,-83.87,-144.88
52.37862,-1.467753,130.17,23.35,6,104.59,18 / 20,2837810,2019-09-06 20:07:23:553,0.5317,0.2392,11.4141,-0.0058,0.02,9.8066,0.2342,-0.0155,-0.0271,-23.44,-32.94,10.75,324.55,-83.86,-146.24
52.37862,-1.467753,130.17,23.35,6,104.59,18 / 20,2837909,2019-09-06 20:07:23:652,2.3268,0.5397,10.3084,-0.0803,0.0101,9.8062,-0.0301,0.0508,-0.0557,-23.12,-33.12,11,326.03,-83.85,-144.92
52.37862,-1.467753,130.17,23.35,6,104.59,18 / 20,2838010,2019-09-06 20:07:23:753,0.5637,-0.2251,9.3384,0.0163,-0.002,9.8066,0.0106,0.1834,-0.0704,-22.75,-33,11.25,324.44,-83.61,-146.13
52.37862,-1.467753,130.17,23.35,6,104.59,18 / 20,2838110,2019-09-06 20:07:23:853,0.3901,0.7298,9.2545,-0.0123,0.0214,9.8066,-0.0184,0.0829,0.1188,-23.44,-33.25,10.69,325.77,-83.68,-145.02
52.37862,-1.467753,130.17,23.35,6,104.59,18 / 20,2838209,2019-09-06 20:07:23:952,0.3943,2.286,9.725,0.016,0.0005,9.8066,-0.0223,0.0604,-0.1266,-23.06,-33,10.13,322.85,-83.97,-145.7
52.37862,-1.467753,130.17,23.35,6,104.59,18 / 20,2838310,2019-09-06 20:07:24:053,-0.0217,1.384,10.3362,0.0342,-0.0085,9.8065,0.1077,0.0542,-0.0538,-22.62,-33.12,10.63,323.24,-83.78,-147.33
52.37862,-1.467753,130.17,23.35,6,104.59,19 / 20,2838409,2019-09-06 20:07:24:152,0.4821,2.1325,9.7668,0.0268,-0.0083,9.8066,0.099,0.0467,0.042,-22.87,-33.06,10.38,319.3,-83.59,-148.51
52.37862,-1.467753,130.17,23.35,6,104.59,19 / 20,2838510,2019-09-06 20:07:24:253,0.5059,1.5785,9.7875,-0.0286,0.0209,9.8066,-0.0446,0.0772,-0.0019,-23.31,-32.75,10.5,320.04,-83.46,-149.89
52.37862,-1.467753,130.17,23.35,6,104.59,19 / 20,2838609,2019-09-06 20:07:24:352,-0.0363,1.9945,9.9054,-0.0253,0.0139,9.8066,-0.1317,0.1074,-0.0339,-23,-32.25,10.25,317.58,-83.64,-150.25
52.37862,-1.467753,130.17,23.35,6,104.59,19 / 20,2838710,2019-09-06 20:07:24:453,0.0573,0.8801,9.9635,0.0191,-0.005,9.8066,0.0676,0.0642,0.0498,-22.94,-33.06,9.94,317.64,-83.57,-149.96
52.37862,-1.467753,130.17,23.35,6,104.59,19 / 20,2838810,2019-09-06 20:07:24:553,1.4651,1.0422,10.0264,0.0111,0.0001,9.8065,0.0387,0.0272,-0.0382,-23.25,-32.44,10.13,317.36,-83.53,-150.36
52.37862,-1.467753,130.17,23.35,6,104.59,19 / 20,2838910,2019-09-06 20:07:24:653,0.4389,0.6546,9.6439,0.02,-0.0039,9.8065,0.0602,0.0685,-0.0841,-22.5,-32.87,10,317.14,-83.56,-151.13
52.37862,-1.467753,130.17,23.35,6,104.59,19 / 20,2839010,2019-09-06 20:07:24:753,0.2254,1.1278,10.158,0.0119,0.0059,9.8065,0.0435,0.0588,-0.0042,-22.87,-32.25,9.5,314.94,-83.46,-152.45
52.37862,-1.467753,130.17,23.35,6,104.59,19 / 20,2839109,2019-09-06 20:07:24:852,0.4249,0.4708,10.4651,0.0045,0.0039,9.8066,-0.0689,0.0641,0.0088,-22.87,-32.25,9.69,314.66,-83.54,-152.78
52.37862,-1.467753,130.17,23.35,6,104.59,19 / 20,2839209,2019-09-06 20:07:24:952,0.4686,1.075,10.6899,0.043,-0.0113,9.8065,0.2206,0.1072,-0.0299,-22.31,-31.75,9.31,311.14,-83.4,-154.2
52.37862,-1.467753,130.17,23.35,6,104.59,19 / 20,2839309,2019-09-06 20:07:25:052,-0.009,1.6653,9.8034,0.0504,-0.0164,9.8065,-0.0089,0.0626,0.0266,-21.94,-31.19,9.5,313.74,-83.32,-154.3
52.37862,-1.467753,130.17,23.35,6,104.59,20 / 21,2839410,2019-09-06 20:07:25:153,0.5196,-0.118,10.4965,-0.0441,0.0208,9.8065,-0.212,0.0551,0.017,-21.5,-30.94,9.94,315.46,-83.57,-153.8
52.37862,-1.467753,130.17,23.35,6,104.59,20 / 21,2839510,2019-09-06 20:07:25:253,-0.2168,1.0333,10.1869,0.0186,0.0147,9.8065,0.0517,0.0036,0.0164,-21.62,-30,9.31,310.83,-83.42,-154.92
52.37862,-1.467753,130.17,23.35,6,104.59,20 / 21,2839609,2019-09-06 20:07:25:352,0.3928,2.0575,9.9637,-0.0097,0.0029,9.8066,0.0173,0.0334,0.016,-22.12,-29.75,8.56,308.26,-83.37,-157.2
52.37862,-1.467753,130.17,23.35,6,104.59,20 / 21,2839710,2019-09-06 20:07:25:453,0.9464,1.0129,10.4398,0.0235,-0.0085,9.8066,0.1052,0.0309,0.0168,-21.56,-29.37,9.38,308.54,-83.31,-157.11
52.37862,-1.467753,130.17,23.35,6,104.59,20 / 21,2839810,2019-09-06 20:07:25:553,1.0868,0.0255,10.174,-0.0059,0.0067,9.8065,-0.0776,0.0634,0.0011,-22.06,-29.37,9.63,310.52,-83.24,-157.54
52.37862,-1.467753,130.17,23.35,6,104.59,20 / 21,2839910,2019-09-06 20:07:25:653,0.9701,0.9581,9.6964,-0.014,0.0122,9.8066,0.0133,0.0344,0.0076,-21.62,-28.94,9.25,307.45,-83.26,-158.05
52.37862,-1.467753,130.17,23.35,6,104.59,20 / 21,2840009,2019-09-06 20:07:25:752,0.6426,1.0303,9.8976,0.0092,0.0042,9.8066,0.0637,0.0911,-0.0281,-22.06,-29.19,8.44,303.58,-83.18,-159.15
52.37862,-1.467753,130.17,23.35,6,104.59,20 / 21,2840109,2019-09-06 20:07:25:852,0.8076,0.2787,9.4295,-0.0073,0.0069,9.8066,0.015,0.0167,0.0685,-22.5,-28.75,7.88,302.96,-83.23,-159.76
52.37862,-1.467753,130.17,23.35,6,104.59,20 / 21,2840209,2019-09-06 20:07:25:952,-0.2159,1.8358,10.0837,0.0009,0.0185,9.8066,0.1504,0.0337,-0.0196,-24.69,-29.31,7.75,299.98,-83.21,-161.05
52.37862,-1.467753,130.17,23.35,6,104.59,20 / 21,2840309,2019-09-06 20:07:26:052,1.536,1.5718,9.6722,0.0407,-0.0202,9.8065,-0.0284,0.0729,-0.0339,-24.12,-29.12,8.81,302.63,-83.01,-161.04
52.37862,-1.467753,130.17,23.35,6,104.59,19 / 20,2840410,2019-09-06 20:07:26:153,0.6766,0.908,10.4061,-0.0216,-0.0018,9.8066,0.0934,0.0436,0.0133,-24.06,-29.25,9.75,304.18,-82.92,-161.67
52.37862,-1.467753,130.17,23.35,6,104.59,19 / 20,2840509,2019-09-06 20:07:26:252,0.3834,0.8022,9.8607,-0.0321,0.0065,9.8065,0.0434,0.0524,0.0166,-23.19,-29.25,9.94,306.31,-83.03,-160.46
52.37862,-1.467753,130.17,23.35,6,104.59,19 / 20,2840610,2019-09-06 20:07:26:353,0.9964,0.2301,10.5895,0.0054,0.005,9.8066,0.0121,0.0537,0.0064,-23.37,-29.44,8.81,303.53,-82.99,-160.75
52.37862,-1.467753,130.17,23.35,6,104.59,19 / 20,2840709,2019-09-06 20:07:26:452,0.6689,1.4435,10.3429,-0.0087,0.0134,9.8066,0.1593,0.0723,-0.0476,-24.31,-29.56,8.81,301.63,-82.98,-161.7
52.37862,-1.467753,130.17,23.35,6,104.59,19 / 20,2840810,2019-09-06 20:07:26:553,0.4799,-0.2404,10.8829,0.053,-0.0055,9.8064,-0.1166,0.1119,-0.0663,-23.44,-29.87,9.13,299.6,-82.6,-163.7
52.37862,-1.467753,130.17,23.35,6,104.59,19 / 20,2840910,2019-09-06 20:07:26:653,0.3578,1.1123,9.466,0.0589,-0.0111,9.8064,-0.1468,-0.0252,0.0261,-23.62,-29.75,8.56,297.86,-82.54,-164.72
52.37862,-1.467753,130.17,23.35,6,104.59,19 / 20,2841010,2019-09-06 20:07:26:753,0.669,0.7803,9.4447,-0.0221,0.0136,9.8066,0.0228,0.0481,-0.043,-22.81,-30.19,8.63,298.79,-82.6,-164.45
52.37862,-1.467753,130.17,23.35,6,104.59,19 / 20,2841110,2019-09-06 20:07:26:853,0.4999,0.5844,9.028,-0.0055,-0.0019,9.8066,0.0172,0.031,-0.0189,-22.25,-30.25,8.81,299.56,-82.76,-164.49
52.37862,-1.467753,130.17,23.35,6,104.59,19 / 20,2841210,2019-09-06 20:07:26:953,1.7215,0.6974,9.385,-0.0277,0.0261,9.8065,0.1594,0.1125,-0.0423,-22.12,-30.31,9.25,298.31,-82.77,-165.66
52.37862,-1.467753,130.17,23.35,6,104.59,19 / 20,2841310,2019-09-06 20:07:27:053,1.058,0.3922,9.8407,-0.0129,-0.0027,9.8066,-0.0143,0.0981,-0.0803,-21.94,-30.44,8.69,297.74,-82.62,-166.01
52.378616,-1.465054,129.29,20.73,6,75.27,18 / 20,2841409,2019-09-06 20:07:27:152,0.0358,0.5355,10.9947,-0.0069,0.0137,9.8066,0.0105,0.0251,0.065,-22,-31.44,8,293.8,-82.59,-166.96
52.378616,-1.465054,129.29,20.73,6,75.27,18 / 20,2841510,2019-09-06 20:07:27:253,0.4202,1.4266,10.379,0.0307,-0.0065,9.8066,0.1375,0.0327,-0.0054,-21.94,-31.37,8.19,293.21,-82.36,-167.21
52.378616,-1.465054,129.29,20.73,6,75.27,18 / 20,2841609,2019-09-06 20:07:27:352,-0.2522,0.8413,9.7899,0.0312,-0.0077,9.8066,-0.1149,0.0468,-0.0188,-22.5,-32,8.25,292.65,-82.24,-167.26
52.378616,-1.465054,129.29,20.73,6,75.27,18 / 20,2841709,2019-09-06 20:07:27:452,-0.2611,1.3187,10.103,0.0047,-0.0028,9.8066,0.0034,0.0036,0.0419,-22.06,-31.62,7.94,293.02,-82.2,-166.85
52.378616,-1.465054,129.29,20.73,6,75.27,18 / 20,2841810,2019-09-06 20:07:27:553,-1.0033,1.4196,10.0933,0.0212,0.0035,9.8065,0.0494,0.0256,-0.0003,-22.25,-32.19,8.56,294.71,-82.14,-167.63
52.378616,-1.465054,129.29,20.73,6,75.27,18 / 20,2841910,2019-09-06 20:07:27:653,-0.1015,1.2001,9.7156,-0.0327,0.0056,9.8065,-0.0674,0.0267,0.0102,-22.69,-32.06,8.25,290.7,-81.99,-168.35
52.378616,-1.465054,129.29,20.73,6,75.27,18 / 20,2842010,2019-09-06 20:07:27:753,0.1531,0.1159,10.325,-0.0266,0.0094,9.8065,0.073,-0.0034,-0.0096,-22.31,-32.94,8.44,290.83,-82.16,-168.54
52.378616,-1.465054,129.29,20.73,6,75.27,18 / 20,2842110,2019-09-06 20:07:27:853,0.6465,1.1244,10.5541,-0.0104,0.0096,9.8066,-0.0177,0.0737,-0.0154,-22.19,-32.62,7.75,289.73,-82.22,-169.65
52.378616,-1.465054,129.29,20.73,6,75.27,18 / 20,2842210,2019-09-06 20:07:27:953,0.0008,1.4887,10.2315,-0.0179,0.014,9.8066,0.0843,0.0931,0.0171,-22.37,-32.69,7.38,286.21,-82.2,-170.46
52.378616,-1.465054,129.29,20.73,6,75.27,18 / 20,2842310,2019-09-06 20:07:28:053,0.9252,0.4482,10.9031,0.0621,-0.0165,9.8064,0.2385,0.006,0.0089,-22.31,-32.62,7.75,287.45,-81.69,-171.04
52.378616,-1.465054,129.29,20.73,6,75.27,16 / 19,2842409,2019-09-06 20:07:28:152,0.0155,0.5132,10.6682,0.0404,-0.0106,9.8065,-0.1036,0.0653,-0.005,-22.25,-32.19,8.56,290.18,-81.58,-171.1
52.378616,-1.465054,129.29,20.73,6,75.27,16 / 19,2842510,2019-09-06 20:07:28:253,-0.1778,1.1117,9.7179,-0.0018,-0.0049,9.8066,-0.0253,0.0534,0.0283,-22.25,-32.87,7.81,287.76,-81.62,-170.65
52.378616,-1.465054,129.29,20.73,6,75.27,16 / 19,2842610,2019-09-06 20:07:28:353,-0.9032,0.7548,9.8784,0.0185,-0.007,9.8066,0.0012,0.0385,0.0036,-22.75,-32.94,8.19,287.81,-81.56,-170.16
52.378616,-1.465054,129.29,20.73,6,75.27,16 / 19,2842710,2019-09-06 20:07:28:453,-0.0435,1.4512,9.9162,-0.0213,0.0127,9.8065,-0.1007,0.0586,-0.018,-21.69,-33.06,7.5,287.57,-81.64,-170.87
52.378616,-1.465054,129.29,20.73,6,75.27,16 / 19,2842810,2019-09-06 20:07:28:553,1.0368,0.2537,10.0924,-0.0169,0.0031,9.8066,0.1228,-0.0027,-0.0113,-22.69,-33.06,8.31,286.66,-81.5,-171.17
52.378616,-1.465054,129.29,20.73,6,75.27,16 / 19,2842910,2019-09-06 20:07:28:653,1.4683,1.049,10.0888,0.0138,-0.0045,9.8066,-0.0144,0.0282,0.0516,-21.94,-32.87,8.31,286.08,-81.34,-171.83
52.378616,-1.465054,129.29,20.73,6,75.27,16 / 19,2843009,2019-09-06 20:07:28:752,1.0146,0.6674,10.4088,0.0053,-0.002,9.8066,-0.0239,0.0176,0.0527,-22.19,-33.44,7.13,283.71,-81.35,-171.6
52.378616,-1.465054,129.29,20.73,6,75.27,16 / 19,2843110,2019-09-06 20:07:28:853,-0.6654,1.1705,9.7387,0.0353,-0.0058,9.8065,0.1632,0.0061,0.0049,-22,-33.44,7.31,284.26,-81.43,-171.19
52.378616,-1.465054,129.29,20.73,6,75.27,16 / 19,2843210,2019-09-06 20:07:28:953,0.315,0.4118,9.6848,0.0335,0.0003,9.8065,-0.0038,0.0269,0.0024,-22.06,-33.56,7.63,285.53,-81.18,-171.74
52.378616,-1.465054,129.29,20.73,6,75.27,16 / 19,2843310,2019-09-06 20:07:29:053,0.6816,1.1106,9.8751,0.0062,0.014,9.8066,0.0213,0.078,-0.0081,-21.87,-33.56,6.88,281.24,-81.08,-173.18
52.378616,-1.465054,129.29,20.73,6,75.27,18 / 20,2843410,2019-09-06 20:07:29:153,-0.286,1.57,10.6713,0.0117,0.0024,9.8066,-0.0868,0.0986,0.0193,-21.62,-33.94,7,280.49,-80.98,-173.75
52.378616,-1.465054,129.29,20.73,6,75.27,18 / 20,2843510,2019-09-06 20:07:29:253,-0.4619,0.976,9.951,-0.0213,-0.0019,9.8066,-0.0089,0.0785,0.0254,-22.12,-34,7.06,281.11,-80.98,-173.15
52.378616,-1.465054,129.29,20.73,6,75.27,18 / 20,2843609,2019-09-06 20:07:29:352,0.6392,0.7691,9.7338,-0.0404,-0.0006,9.8065,0.1222,0.0133,0.0093,-22.19,-34.31,6.56,281.43,-81.01,-172.89
52.378616,-1.465054,129.29,20.73,6,75.27,18 / 20,2843709,2019-09-06 20:07:29:452,0.104,0.4574,9.4776,0.0078,0.0092,9.8066,-0.0615,0.0791,-0.0526,-22.31,-34,6.94,281.28,-81.05,-173.1
52.378616,-1.465054,129.29,20.73,6,75.27,18 / 20,2843809,2019-09-06 20:07:29:552,-0.9966,0.8316,9.4877,0,0.0052,9.8066,0.0023,0.0674,-0.0186,-22.19,-33.94,6.56,280.58,-81.06,-173.79
52.378616,-1.465054,129.29,20.73,6,75.27,18 / 20,2843910,2019-09-06 20:07:29:653,-0.2669,1.2409,10.035,0.0127,0.0025,9.8066,0.0411,0.0865,0.0074,-22.37,-34.25,6.44,277.05,-80.99,-174.55
52.378616,-1.465054,129.29,20.73,6,75.27,18 / 20,2844010,2019-09-06 20:07:29:753,0.1188,1.4171,9.7345,0.0273,0.0003,9.8065,-0.1172,0.0493,-0.0275,-22.69,-34.44,6.31,276.6,-80.85,-174.71
52.378616,-1.465054,129.29,20.73,6,75.27,18 / 20,2844110,2019-09-06 20:07:29:853,-1.4563,0.6498,9.6739,-0.021,0,9.8066,0.018,0.0369,-0.0618,-22.62,-34.62,6.75,279.27,-80.96,-174.33
52.378616,-1.465054,129.29,20.73,6,75.27,18 / 20,2844209,2019-09-06 20:07:29:952,-0.1549,0.4165,9.5085,-0.0023,0.0038,9.8066,-0.0187,0.0238,0.0279,-22.37,-34.31,6.56,279.43,-80.92,-174.69
52.378616,-1.465054,129.29,20.73,6,75.27,18 / 20,2844310,2019-09-06 20:07:30:053,-0.3854,1.4854,9.9036,-0.0361,0.0044,9.8065,0.1157,0.0657,0.0158,-22.25,-34.37,6.06,276.42,-80.8,-174.86
52.378616,-1.465054,129.29,20.73,6,75.27,17 / 20,2844409,2019-09-06 20:07:30:152,1.1453,0.5764,9.7309,-0.0307,-0.0046,9.8065,0.0706,0.0382,-0.0362,-22.19,-34.06,6.38,277.07,-80.94,-174.44
52.378616,-1.465054,129.29,20.73,6,75.27,17 / 20,2844510,2019-09-06 20:07:30:253,0.7825,0.8361,9.8045,0.0457,-0.0036,9.8065,-0.2116,0.0275,-0.0238,-22.75,-34.31,6.06,276.76,-80.71,-174.34
52.378616,-1.465054,129.29,20.73,6,75.27,17 / 20,2844609,2019-09-06 20:07:30:352,0.9161,0.218,9.4112,0.0294,0.0081,9.8066,0.0404,0.0298,0.0396,-23.06,-35,5.44,273.74,-80.85,-174.64
52.378616,-1.465054,129.29,20.73,6,75.27,17 / 20,2844710,2019-09-06 20:07:30:453,-1.2462,1.1193,9.0339,-0.0287,0.0143,9.8066,0.0291,0.0887,-0.0207,-21.81,-34.62,5.94,275.7,-81.1,-175.65
52.378616,-1.465054,129.29,20.73,6,75.27,17 / 20,2844809,2019-09-06 20:07:30:552,0.3065,1.163,9.1859,0.0265,0.0043,9.8066,-0.0757,0.0303,-0.0545,-22.56,-34.62,5.44,272.11,-80.92,-176.39
52.378616,-1.465054,129.29,20.73,6,75.27,17 / 20,2844909,2019-09-06 20:07:30:652,0.8721,0.5413,9.7415,-0.0225,0.0061,9.8066,0.0461,0.0258,-0.056,-22.62,-35.12,5.25,271.41,-80.78,-176.87
52.378616,-1.465054,129.29,20.73,6,75.27,17 / 20,2845010,2019-09-06 20:07:30:753,-0.1185,0.0624,10.3094,-0.0032,0.0014,9.8066,0.0225,0.152,-0.002,-22.94,-34.56,5.38,270.87,-80.82,-177.47
52.378616,-1.465054,129.29,20.73,6,75.27,17 / 20,2845109,2019-09-06 20:07:30:852,1.1846,1.0589,9.9752,-0.0069,-0.0069,9.8066,0.0319,0.0354,0.0783,-22.75,-34.81,6.31,273.1,-80.79,-177.7
52.378616,-1.465054,129.29,20.73,6,75.27,17 / 20,2845209,2019-09-06 20:07:30:952,-0.1754,1.0865,10.2905,-0.0026,-0.0059,9.8065,0.0004,-0.0072,-0.0444,-22.37,-34.37,6.25,274.04,-80.71,-177.08
52.378616,-1.465054,129.29,20.73,6,75.27,17 / 20,2845310,2019-09-06 20:07:31:053,1.0825,0.5976,9.7842,0.039,-0.0028,9.8065,-0.1365,0.0327,-0.0449,-21.87,-34.56,5.88,273.18,-80.55,-177.25
52.378616,-1.465054,129.29,20.73,6,75.27,17 / 19,2845409,2019-09-06 20:07:31:152,-0.2615,0.6628,9.1857,0.0286,0.0004,9.8066,0.0686,0.0864,0.0402,-22.25,-34.75,5.75,273.41,-80.61,-177.13
52.378616,-1.465054,129.29,20.73,6,75.27,17 / 19,2845510,2019-09-06 20:07:31:253,-0.9775,0.7761,9.1283,-0.001,0.0023,9.8066,-0.0734,0.0729,0.0246,-21.94,-35.06,5.69,273.41,-80.72,-177.31
52.378616,-1.465054,129.29,20.73,6,75.27,17 / 19,2845609,2019-09-06 20:07:31:352,0.2974,0.3534,9.3341,0.0228,0.0019,9.8066,-0.1617,0.0128,-0.0586,-21.81,-34.94,5.13,270.45,-80.63,-177.51
52.378616,-1.465054,129.29,20.73,6,75.27,17 / 19,2845710,2019-09-06 20:07:31:453,0.0429,1.0257,9.8047,-0.063,0.0044,9.8064,0.1789,0.0453,-0.0632,-22.44,-34.94,5.06,270.71,-80.84,-177.6
52.378616,-1.465054,129.29,20.73,6,75.27,17 / 19,2845809,2019-09-06 20:07:31:552,-0.8217,0.4008,9.7941,-0.0529,0.0028,9.8064,0.0383,0.0639,0.0054,-21.5,-35.19,5.13,270.17,-80.81,-178
52.378616,-1.465054,129.29,20.73,6,75.27,17 / 19,2845910,2019-09-06 20:07:31:653,-0.3151,0.5466,10.8035,0.035,0.0111,9.8065,0.0135,0.1086,-0.0212,-21.56,-34.56,4.5,269.48,-80.58,-178.41
52.378616,-1.465054,129.29,20.73,6,75.27,17 / 19,2846009,2019-09-06 20:07:31:752,-0.0348,0.4448,10.2479,0.0216,0.0079,9.8066,0.0199,0.0312,-0.0412,-21.81,-34.81,4.81,268.76,-80.51,-179.04
52.378616,-1.465054,129.29,20.73,6,75.27,17 / 19,2846110,2019-09-06 20:07:31:853,0.5998,0.5224,9.9083,0.0426,0.0016,9.8065,-0.0192,-0.0387,-0.0249,-21.75,-35.06,5,268.93,-80.56,-178.94
52.378616,-1.465054,129.29,20.73,6,75.27,17 / 19,2846210,2019-09-06 20:07:31:953,0.5333,2.0118,9.8978,0.0356,0.0012,9.8065,0.1659,0.0466,0.0989,-21.87,-35.12,4.63,269.09,-80.4,-178.52
52.378616,-1.465054,129.29,20.73,6,75.27,17 / 19,2846310,2019-09-06 20:07:32:053,-0.8213,-0.012,9.0516,-0.019,-0.0065,9.8066,-0.172,0.1317,0.0038,-21.56,-35.87,4.5,268.93,-80.59,-178.55
52.378616,-1.465054,129.29,20.73,6,75.27,20 / 21,2846409,2019-09-06 20:07:32:152,0.5814,0.5014,9.9466,0.0184,0.0071,9.8066,-0.0957,-0.0178,-0.0292,-22.25,-35.44,4.56,268.71,-80.48,-179.03
52.378616,-1.465054,129.29,20.73,6,75.27,20 / 21,2846510,2019-09-06 20:07:32:253,0.367,1.3268,10.1716,-0.024,0.0039,9.8066,0.1883,0.0583,-0.0977,-21.56,-35.62,4.56,267.25,-80.62,179.66
52.378616,-1.465054,129.29,20.73,6,75.27,20 / 21,2846609,2019-09-06 20:07:32:352,0.5448,1.7822,10.6129,-0.0248,-0.0045,9.8065,0.0136,0.0792,0.0565,-20.87,-35.62,4.56,266.94,-80.55,179.59
52.378616,-1.465054,129.29,20.73,6,75.27,20 / 21,2846709,2019-09-06 20:07:32:452,0.5496,0.4174,10.0352,0.0188,-0.0113,9.8066,-0.0158,0.123,-0.0139,-21.69,-35.44,3.94,264.61,-80.43,179.47
52.378616,-1.465054,129.29,20.73,6,75.27,20 / 21,2846810,2019-09-06 20:07:32:553,-0.2201,1.5592,9.6294,-0.0154,0.0027,9.8066,-0.0408,-0.021,0.0806,-21.25,-35.44,3.94,264.78,-80.31,-179.91
52.378616,-1.465054,129.29,20.73,6,75.27,20 / 21,2846910,2019-09-06 20:07:32:653,0.7277,0.3101,9.6269,0.0196,-0.0005,9.8066,-0.0081,0.057,-0.017,-21,-35,4.38,264.96,-80.2,-179.55
52.378616,-1.465054,129.29,20.73,6,75.27,20 / 21,2847010,2019-09-06 20:07:32:753,-0.5698,1.1913,9.9078,0.0349,0.0068,9.8065,0.0817,0.2118,-0.0553,-21.06,-35.19,3.94,264.47,-80.17,-179.99
52.378616,-1.465054,129.29,20.73,6,75.27,20 / 21,2847110,2019-09-06 20:07:32:853,-0.3922,-0.0799,9.5025,-0.0352,0.0117,9.8066,-0.0147,0.0669,0.091,-21,-35.19,3.31,261.88,-80.21,-180
52.378616,-1.465054,129.29,20.73,6,75.27,20 / 21,2847210,2019-09-06 20:07:32:953,-0.066,0.0446,9.8248,-0.0233,0.0001,9.8066,0.0791,0.1452,-0.0249,-20.5,-35.31,4.31,263.78,-80.26,179.4
52.378616,-1.465054,129.29,20.73,6,75.27,20 / 21,2847310,2019-09-06 20:07:33:053,-1.9532,1.2983,9.6856,-0.0408,-0.0018,9.8065,0.0648,-0.0388,-0.0529,-21.12,-35.19,3.31,260.98,-80.17,179.11
52.378616,-1.465054,129.29,20.73,6,75.27,20 / 21,2847410,2019-09-06 20:07:33:153,0.7974,0.219,10.4546,-0.0049,0.0007,9.8066,-0.0995,0.049,-0.0559,-21.12,-35.87,3.75,263.42,-80.21,179.31
52.378616,-1.465054,129.29,20.73,6,75.27,20 / 21,2847509,2019-09-06 20:07:33:252,1.5577,0.0683,10.591,-0.0127,-0.0085,9.8066,0.1969,0.0602,-0.0046,-21.37,-35.31,3.5,264.27,-80.14,179.83
52.378616,-1.465054,129.29,20.73,6,75.27,20 / 21,2847610,2019-09-06 20:07:33:353,0.3088,1.4447,9.6611,0.0509,-0.002,9.8064,-0.0693,0.047,0.0863,-20.56,-35.87,3.63,263.77,-80.13,179.83
52.378616,-1.465054,129.29,20.73,6,75.27,20 / 21,2847710,2019-09-06 20:07:33:453,0.7732,0.3418,9.8433,-0.0348,-0.0017,9.8065,-0.1774,0.0097,-0.0534,-21.25,-35.69,2.75,261.54,-79.93,-179.38
52.378616,-1.465054,129.29,20.73,6,75.27,20 / 21,2847810,2019-09-06 20:07:33:553,0.1935,0.8959,9.4346,-0.0139,0.0119,9.8066,0.0331,-0.0098,-0.0401,-20.87,-35.5,2.94,261.3,-80.11,179.55
52.378616,-1.465054,129.29,20.73,6,75.27,20 / 21,2847910,2019-09-06 20:07:33:653,0.1827,0.4055,9.4127,-0.0011,0.0236,9.8065,-0.1066,0.025,0.0499,-19.94,-35.75,3.19,259.03,-80.04,178.19
52.378616,-1.465054,129.29,20.73,6,75.27,20 / 21,2848009,2019-09-06 20:07:33:752,0.528,0.8606,10.7802,-0.0272,0.0039,9.8066,0.1056,0.0614,0.0007,-20.19,-35.37,3.13,259.18,-80.24,177.48
52.378616,-1.465054,129.29,20.73,6,75.27,20 / 21,2848110,2019-09-06 20:07:33:853,0.4006,1.1796,10.6417,0.0443,0.0071,9.8065,0.1786,0.0544,0.0342,-20.25,-35.81,3,258.37,-80.22,177.15
52.378616,-1.465054,129.29,20.73,6,75.27,20 / 21,2848210,2019-09-06 20:07:33:953,-0.3472,1.2223,10.6991,0.0495,-0.0023,9.8065,-0.0601,-0.0254,0.0618,-20,-35.44,2.81,259.04,-80.16,177.48
52.378616,-1.465054,129.29,20.73,6,75.27,20 / 21,2848310,2019-09-06 20:07:34:053,0.0223,0.6578,8.8312,0.0309,0.0171,9.8065,0.0243,-0.0013,0.0339,-20.19,-35.56,2.69,258.28,-79.83,177.77
52.378616,-1.465054,129.29,20.73,6,75.27,20 / 21,2848409,2019-09-06 20:07:34:152,-0.6155,1.4024,9.5647,0.0186,-0.0066,9.8066,-0.1283,-0.0133,0.0434,-20.5,-35.81,3.06,257.94,-79.81,177.43
52.378616,-1.465054,129.29,20.73,6,75.27,20 / 21,2848510,2019-09-06 20:07:34:253,-0.6376,0.5506,9.4795,-0.0229,0.0073,9.8066,-0.2364,0.0174,0.0048,-20.62,-36.25,2.5,258.23,-79.81,177.29
52.378616,-1.465054,129.29,20.73,6,75.27,20 / 21,2848610,2019-09-06 20:07:34:353,0.0304,0.0084,10.3562,-0.0209,0.004,9.8065,0.1433,0.0354,-0.0144,-20.25,-35.56,2.19,254.66,-79.82,176.76
52.378616,-1.465054,129.29,20.73,6,75.27,20 / 21,2848710,2019-09-06 20:07:34:453,0.6968,0.8676,10.2991,0.0233,0.0166,9.8065,0.0467,0.005,-0.071,-20.56,-35.75,2.56,256.84,-79.9,175.61
52.378616,-1.465054,129.29,20.73,6,75.27,20 / 21,2848810,2019-09-06 20:07:34:553,1.0175,0.725,10.2468,0.043,0.0081,9.8065,-0.1163,0.0699,-0.1013,-19.94,-36.25,2.88,255.55,-79.68,175.07
52.378616,-1.465054,129.29,20.73,6,75.27,20 / 21,2848910,2019-09-06 20:07:34:653,-0.7857,0.6827,9.7307,0.0059,-0.0123,9.8066,0.107,0.0652,0.0156,-20,-36.37,2.38,252.51,-79.74,174.52
52.378616,-1.465054,129.29,20.73,6,75.27,20 / 21,2849009,2019-09-06 20:07:34:752,-0.2148,-0.0041,9.7886,0.0119,-0.003,9.8066,-0.1783,0.0632,0.0067,-19.94,-36.25,2.06,253.11,-79.63,175.38
52.378616,-1.465054,129.29,20.73,6,75.27,20 / 21,2849109,2019-09-06 20:07:34:852,0.3772,0.3056,9.0611,-0.0009,0.0004,9.8066,-0.0884,0.0148,-0.0425,-20.5,-36.19,1.75,253.1,-79.7,175.25
52.378616,-1.465054,129.29,20.73,6,75.27,20 / 21,2849209,2019-09-06 20:07:34:952,-0.1856,1.3303,9.5766,-0.0439,-0.0105,9.8065,0.1392,0.1016,-0.0881,-19.87,-36.56,2.19,252.76,-79.71,175.37
52.378616,-1.465054,129.29,20.73,6,75.27,20 / 21,2849309,2019-09-06 20:07:35:052,-0.4353,0.4337,10.0095,-0.0472,0.0036,9.8065,0.0561,0.0682,-0.0732,-19.62,-36.12,2.13,252.91,-80.08,174.34
52.378616,-1.465054,129.29,20.73,6,75.27,20 / 21,2849410,2019-09-06 20:07:35:153,0.7663,0.5974,9.8998,0.031,0.0213,9.8065,-0.0099,0.0674,-0.0593,-19.5,-36.37,2.06,251.39,-79.87,173.68
52.378616,-1.465054,129.29,20.73,6,75.27,20 / 21,2849509,2019-09-06 20:07:35:252,-0.9116,0.1451,9.7242,0.0438,0.0171,9.8065,0.2013,0.1066,-0.0604,-19.87,-36.56,1.56,250.86,-79.81,173.05
52.378616,-1.465054,129.29,20.73,6,75.27,20 / 21,2849609,2019-09-06 20:07:35:352,-0.76,0.731,9.2924,-0.0096,0.0019,9.8066,-0.2173,0.1133,0.0298,-19.37,-35.87,1.56,250.61,-79.71,173.1
52.378616,-1.465054,129.29,20.73,6,75.27,20 / 21,2849709,2019-09-06 20:07:35:452,-0.8185,-1.05,9.5172,-0.0091,-0.0082,9.8066,-0.2585,0.0625,-0.0874,-19.5,-36.12,1.38,247.63,-79.71,172.77
52.378616,-1.465054,129.29,20.73,6,75.27,20 / 21,2849810,2019-09-06 20:07:35:553,1.7241,0.5627,10.5468,-0.0287,0.0059,9.8065,0.2801,0.0049,0.0541,-19.31,-35.75,2.13,250.13,-79.78,172.43
52.378616,-1.465054,129.29,20.73,6,75.27,20 / 21,2849910,2019-09-06 20:07:35:653,0.3427,0.2554,9.8447,-0.0292,0.0006,9.8066,0.0492,0.0258,-0.0926,-19.25,-36.19,1.38,246.99,-79.77,171.93
52.378616,-1.465054,129.29,20.73,6,75.27,20 / 21,2850010,2019-09-06 20:07:35:753,0.8844,-0.0112,9.5439,0.0192,0.0118,9.8065,-0.075,0.0235,0.0149,-19.56,-36.37,1.25,247.44,-79.58,171.98
52.378616,-1.465054,129.29,20.73,6,75.27,20 / 21,2850110,2019-09-06 20:07:35:853,-2.0358,0.2911,9.9208,0.0154,0.0077,9.8066,0.1328,0.0209,-0.0002,-19.06,-36,1.19,246.39,-79.66,171.42
52.378616,-1.465054,129.29,20.73,6,75.27,20 / 21,2850210,2019-09-06 20:07:35:953,-0.8634,0.1713,9.2684,-0.0468,-0.0059,9.8065,-0.1041,0.0091,0.047,-19.25,-36.25,0.88,246.42,-79.65,171.47
52.378616,-1.465054,129.29,20.73,6,75.27,20 / 21,2850309,2019-09-06 20:07:36:052,0.117,-0.3303,9.3263,-0.0446,-0.0024,9.8065,0.0659,0.0265,-0.0284,-19,-36.44,1.31,245.67,-79.95,170.07
52.379402,-1.462632,129.19,21.97,6,48.18,20 / 21,2850410,2019-09-06 20:07:36:153,-0.665,0.1541,10.59,0.0357,0.0171,9.8065,0.2018,0.0146,0.0679,-18.87,-36.37,1,245.26,-79.58,170.25
52.379402,-1.462632,129.19,21.97,6,48.18,20 / 21,2850510,2019-09-06 20:07:36:253,-0.5571,-0.1289,9.8972,-0.0195,-0.0054,9.8066,-0.0349,0.0685,0.0431,-18.81,-36.56,1.44,244.4,-79.67,169.6
52.379402,-1.462632,129.19,21.97,6,48.18,20 / 21,2850610,2019-09-06 20:07:36:353,-0.9232,0.4699,9.4532,-0.0092,-0.0027,9.8066,-0.2219,0.0753,-0.0737,-19,-36.37,1,244.98,-79.82,169.5
52.379402,-1.462632,129.19,21.97,6,48.18,20 / 21,2850710,2019-09-06 20:07:36:453,0.1564,0.045,10.6254,-0.0118,0.0159,9.8066,0.1864,-0.0042,0.0731,-19.19,-36.31,0.25,241.65,-79.81,168.65
52.379402,-1.462632,129.19,21.97,6,48.18,20 / 21,2850810,2019-09-06 20:07:36:553,0.3085,0.8679,10.1208,0.0091,-0.0014,9.8066,0.0388,-0.0133,-0.0204,-18.69,-35.87,0.88,243.53,-79.76,167.9
52.379402,-1.462632,129.19,21.97,6,48.18,20 / 21,2850910,2019-09-06 20:07:36:653,0.7668,0.8085,9.7126,-0.0069,-0.006,9.8066,-0.0056,-0.0315,0.0107,-19,-36.69,0.5,243.48,-79.61,168.64
52.379402,-1.462632,129.19,21.97,6,48.18,20 / 21,2851010,2019-09-06 20:07:36:753,0.2113,0.5251,8.8973,0.0274,0.0015,9.8066,0.0899,0.0564,0.02,-18.19,-36.62,1.25,243.12,-79.59,169.15
52.379402,-1.462632,129.19,21.97,6,48.18,20 / 21,2851110,2019-09-06 20:07:36:853,-0.9758,0.5941,9.6289,0.0424,0.0296,9.8065,0.0023,-0.0239,-0.0002,-18,-36.5,0.56,242.94,-79.62,168.31
52.379402,-1.462632,129.19,21.97,6,48.18,20 / 21,2851210,2019-09-06 20:07:36:953,-0.2982,-0.476,9.8581,-0.0117,-0.0125,9.8066,-0.0649,0.0004,0.0829,-18.44,-36.62,0.63,242.56,-79.92,167.85
52.379402,-1.462632,129.19,21.97,6,48.18,20 / 21,2851310,2019-09-06 20:07:37:053,-0.4471,-0.627,10.913,-0.0014,0.0121,9.8066,0.1886,0.0471,0.0302,-18.37,-36.69,0.38,239.15,-79.77,167.24
52.379402,-1.462632,129.19,21.97,6,48.18,20 / 21,2851410,2019-09-06 20:07:37:153,-0.8223,-1.5013,9.2368,0.0332,0.0022,9.8066,0.1038,0.085,-0.0134,-18.25,-36.69,0.63,241.45,-79.78,166.79
52.379402,-1.462632,129.19,21.97,6,48.18,20 / 21,2851509,2019-09-06 20:07:37:252,-0.28,0.5171,10.1709,0.0014,0.0119,9.8066,0.0508,0.0219,0.1313,-18.06,-36.25,0.69,242.1,-79.67,167.22
52.379402,-1.462632,129.19,21.97,6,48.18,20 / 21,2851610,2019-09-06 20:07:37:353,-0.0816,0.6983,9.7396,0.0044,-0.0081,9.8066,-0.1017,-0.0201,-0.0387,-18.06,-36.69,0.38,238.62,-79.79,166.56
52.379402,-1.462632,129.19,21.97,6,48.18,20 / 21,2851709,2019-09-06 20:07:37:452,1.3175,-0.2056,9.7196,0.0079,-0.0037,9.8066,0.2044,0.0145,0.0379,-18.56,-36.37,0.44,240.37,-79.73,167.26
52.379402,-1.462632,129.19,21.97,6,48.18,20 / 21,2851809,2019-09-06 20:07:37:552,1.4035,-0.0137,9.7695,-0.0198,0.0022,9.8065,-0.0744,0.0162,-0.0502,-18.5,-36.69,0.5,241.53,-79.8,166.84
52.379402,-1.462632,129.19,21.97,6,48.18,20 / 21,2851910,2019-09-06 20:07:37:653,1.7214,0.5204,9.5188,0.0201,0.0093,9.8066,-0.1944,0.0072,0.0352,-18.5,-36.44,0.31,239.13,-79.77,166.69
52.379402,-1.462632,129.19,21.97,6,48.18,20 / 21,2852010,2019-09-06 20:07:37:753,-0.7828,-0.3062,9.4158,0.0072,0.0081,9.8066,0.0164,0.0203,-0.046,-18.06,-36.62,0.69,241.12,-79.74,166.47
52.379402,-1.462632,129.19,21.97,6,48.18,20 / 21,2852110,2019-09-06 20:07:37:853,-0.3436,-0.8327,9.9042,-0.0093,-0.0035,9.8066,0.1071,0.0066,-0.0347,-18.06,-36.19,0.5,241.34,-79.74,166.18
52.379402,-1.462632,129.19,21.97,6,48.18,20 / 21,2852209,2019-09-06 20:07:37:952,0.9527,-0.1334,9.9174,0.0007,0.014,9.8065,-0.0162,0.0084,-0.0464,-18.5,-37,0,237.75,-79.69,165.67
52.379402,-1.462632,129.19,21.97,6,48.18,20 / 21,2852310,2019-09-06 20:07:38:053,2.4686,0.4944,9.6721,-0.0116,0.0044,9.8065,-0.2035,0.0463,-0.044,-17.69,-36.75,-0.06,237.12,-79.71,164.88
52.379402,-1.462632,129.19,21.97,6,48.18,19 / 20,2852409,2019-09-06 20:07:38:152,-1.3913,0.0834,9.9372,0.0026,0.0002,9.8066,0.0249,-0.0386,-0.0195,-17.81,-36.56,0.25,237.23,-79.68,165.06
52.379402,-1.462632,129.19,21.97,6,48.18,19 / 20,2852510,2019-09-06 20:07:38:253,-0.4974,-0.9114,10.7729,-0.0073,-0.0067,9.8066,-0.0149,-0.011,-0.0137,-17.75,-36.87,0.38,237.01,-79.72,164.72
52.379402,-1.462632,129.19,21.97,6,48.18,19 / 20,2852609,2019-09-06 20:07:38:352,-0.1519,-0.8308,10.881,0.0077,-0.0003,9.8066,0.0714,0.0073,0.0019,-17.62,-36.62,-0.19,237.11,-79.66,164.96
52.379402,-1.462632,129.19,21.97,6,48.18,19 / 20,2852710,2019-09-06 20:07:38:453,1.8447,0.1917,9.482,0.0285,0.0133,9.8065,0.0842,-0.0351,-0.0207,-18,-37,-0.25,236.81,-79.58,164.73
52.379402,-1.462632,129.19,21.97,6,48.18,19 / 20,2852810,2019-09-06 20:07:38:553,0.0246,-0.5756,9.1156,0.0295,-0.0061,9.8066,0.1388,-0.0002,0.0666,-18.5,-37.19,0.06,237.25,-79.66,165.12
52.379402,-1.462632,129.19,21.97,6,48.18,19 / 20,2852910,2019-09-06 20:07:38:653,0.3786,-0.8488,9.816,-0.0178,-0.008,9.8066,-0.0226,0.0123,0.0114,-18.37,-36.19,-0.25,238.45,-79.9,165.65
52.379402,-1.462632,129.19,21.97,6,48.18,19 / 20,2853010,2019-09-06 20:07:38:753,0.4304,-0.7469,9.5754,-0.0357,0.005,9.8065,-0.1732,0.0612,-0.0419,-18.19,-36.44,-0.25,237.8,-79.97,164.73
52.379402,-1.462632,129.19,21.97,6,48.18,19 / 20,2853110,2019-09-06 20:07:38:853,0.809,-0.266,8.9542,-0.0277,-0.0133,9.8066,-0.162,-0.0056,0.0667,-18.25,-36.31,0,237.29,-79.62,164.72
52.379402,-1.462632,129.19,21.97,6,48.18,19 / 20,2853210,2019-09-06 20:07:38:953,-0.1693,-0.9341,8.6956,-0.0368,-0.0047,9.8065,-0.0198,0.0131,-0.0585,-18.37,-36.87,0,237.12,-79.56,165.13
52.379402,-1.462632,129.19,21.97,6,48.18,19 / 20,2853309,2019-09-06 20:07:39:052,0.1798,-1.2556,10.8444,0.0072,0.0129,9.8066,-0.1328,-0.0149,-0.0502,-17.87,-36.69,-0.19,236.47,-79.7,164.09
52.379402,-1.462632,129.19,21.97,6,48.18,20 / 21,2853410,2019-09-06 20:07:39:153,-0.7672,-0.4349,10.3314,-0.0373,-0.0136,9.8065,-0.1343,-0.0204,-0.0001,-18.12,-36.69,0.31,235.96,-79.75,163.36
52.379402,-1.462632,129.19,21.97,6,48.18,20 / 21,2853509,2019-09-06 20:07:39:252,0.8629,-0.3312,9.5466,-0.0358,-0.0155,9.8066,0.0348,-0.0738,-0.0297,-17.5,-36.31,0.19,235.59,-79.65,163.66
52.379402,-1.462632,129.19,21.97,6,48.18,20 / 21,2853609,2019-09-06 20:07:39:352,-0.2555,-1.0636,10.1409,-0.0405,0.0113,9.8065,0.0462,-0.0175,-0.2253,-18,-36.94,-0.12,235.12,-79.61,162.57
52.379402,-1.462632,129.19,21.97,6,48.18,20 / 21,2853710,2019-09-06 20:07:39:453,1.6776,-2.923,9.1411,0.014,-0.0081,9.8065,0.1021,-0.1629,0.1082,-18.06,-37.19,-0.62,232.61,-79.65,162.55
52.379402,-1.462632,129.19,21.97,6,48.18,20 / 21,2853810,2019-09-06 20:07:39:553,2.0264,-0.9915,9.2876,-0.0034,0.0404,9.8065,-0.158,0.0149,-0.2721,-17.19,-36.62,-0.25,233.68,-79.59,161.91
52.379402,-1.462632,129.19,21.97,6,48.18,20 / 21,2853909,2019-09-06 20:07:39:652,0.1804,-0.1769,9.0637,-0.019,-0.0185,9.8066,0.0647,0.0183,0.2299,-17.31,-37.12,-0.12,232.76,-79.67,160.61
52.379402,-1.462632,129.19,21.97,6,48.18,20 / 21,2854010,2019-09-06 20:07:39:753,-0.4535,0.0014,9.5449,-0.0268,-0.0173,9.8065,0.126,-0.039,0.0914,-17.75,-36.75,-0.25,235.22,-79.97,162.09
52.379402,-1.462632,129.19,21.97,6,48.18,20 / 21,2854109,2019-09-06 20:07:39:852,-0.4427,-1.2995,10.4172,0.0189,0.015,9.8066,-0.0261,-0.0018,0.0232,-18.12,-36.56,-0.37,235.16,-79.91,162.12
52.379402,-1.462632,129.19,21.97,6,48.18,20 / 21,2854210,2019-09-06 20:07:39:953,0.8583,0.1035,10.3497,0.0311,0.0087,9.8065,-0.1742,0.0095,0.0816,-17.87,-36.69,-0.12,235.04,-79.58,162.54
52.379402,-1.462632,129.19,21.97,6,48.18,20 / 21,2854312,2019-09-06 20:07:40:055,1.6071,0.4442,9.1981,0.0209,0.0013,9.8066,0.0261,-0.0763,-0.0095,-17.5,-36.5,-0.5,234.94,-79.57,162.99
52.379402,-1.462632,129.19,21.97,6,48.18,20 / 21,2854410,2019-09-06 20:07:40:153,0.3707,-1.4133,9.0252,-0.0222,-0.0147,9.8065,0.0001,0.1119,-0.0649,-18.25,-36.19,-0.62,234.19,-79.95,163.54
52.379402,-1.462632,129.19,21.97,6,48.18,20 / 21,2854510,2019-09-06 20:07:40:253,-0.0743,-0.4028,8.7448,-0.0325,-0.022,9.8065,-0.1165,0.0757,0.0058,-17.75,-36.19,-1.12,235.33,-80.04,164.77
52.379402,-1.462632,129.19,21.97,6,48.18,20 / 21,2854609,2019-09-06 20:07:40:352,0.257,-0.4697,10.1777,0.008,0.0059,9.8066,0.0265,-0.1274,0.0956,-18.25,-36.81,-0.94,235.2,-80.12,164.97
52.379402,-1.462632,129.19,21.97,6,48.18,20 / 21,2854710,2019-09-06 20:07:40:453,0.4254,0.1844,10.5857,-0.0085,0.0126,9.8066,-0.0126,0.1027,-0.0245,-18.31,-36.19,-1.25,235.81,-79.85,165.69
52.379402,-1.462632,129.19,21.97,6,48.18,20 / 21,2854809,2019-09-06 20:07:40:552,0.4581,-1.633,9.6741,-0.0372,-0.0112,9.8065,0.1337,0.0269,0.1043,-17.94,-36.62,-0.06,236.99,-79.76,164.63
52.379402,-1.462632,129.19,21.97,6,48.18,20 / 21,2854910,2019-09-06 20:07:40:653,1.1151,-0.053,10.3863,-0.0498,-0.0194,9.8065,0.1538,-0.0249,-0.1119,-18.19,-36.87,-0.31,237.25,-80.08,164.38
52.379402,-1.462632,129.19,21.97,6,48.18,20 / 21,2855010,2019-09-06 20:07:40:753,0.4342,-1.7594,9.7228,0.0284,0.0056,9.8066,-0.0669,-0.0276,-0.1071,-18.31,-36.12,-1,235.31,-80,164.82
52.379402,-1.462632,129.19,21.97,6,48.18,20 / 21,2855109,2019-09-06 20:07:40:852,0.2144,-0.0352,9.2523,0.0149,0.0084,9.8066,-0.1149,-0.045,0.0991,-18.37,-36.25,-0.87,235.06,-79.94,164.62
52.379402,-1.462632,129.19,21.97,6,48.18,20 / 21,2855209,2019-09-06 20:07:40:952,1.3014,0.3427,9.7127,0.0186,0.0088,9.8066,0.0108,0.059,-0.0594,-18.25,-36.37,-0.19,237.63,-79.81,164.81
52.379402,-1.462632,129.19,21.97,6,48.18,20 / 21,2855310,2019-09-06 20:07:41:053,0.5009,-1.0722,9.0197,0.0042,0.0205,9.8066,-0.0371,-0.0474,-0.022,-18,-36.37,-0.56,234.23,-79.75,163.91
52.379402,-1.462632,129.19,21.97,6,48.18,20 / 21,2855410,2019-09-06 20:07:41:153,0.7503,0.1305,10.0052,-0.0409,0.0054,9.8065,0.0589,0.0426,-0.0794,-17.5,-36.62,-0.62,231.81,-79.93,162.3
52.379402,-1.462632,129.19,21.97,6,48.18,20 / 21,2855509,2019-09-06 20:07:41:252,-0.5569,-0.3893,10.3631,-0.0085,0.0082,9.8066,0.1107,0.032,-0.0415,-17.44,-36.75,-0.69,230.87,-79.84,161.26
52.379402,-1.462632,129.19,21.97,6,48.18,20 / 21,2855610,2019-09-06 20:07:41:353,0.6477,-0.2315,9.8534,0.0382,0.0103,9.8065,-0.1301,-0.09,-0.0071,-17.94,-36.87,-1.56,229.49,-79.63,161.76
52.379402,-1.462632,129.19,21.97,6,48.18,20 / 21,2855710,2019-09-06 20:07:41:453,0.9481,-1.3349,9.933,-0.0345,0.0004,9.8065,-0.1012,-0.0128,0.0605,-18,-37.06,-0.31,234.59,-79.67,161.83
52.379402,-1.462632,129.19,21.97,6,48.18,20 / 21,2855810,2019-09-06 20:07:41:553,0.5558,-0.269,9.3724,-0.0174,0.0056,9.8066,0.0173,0.0244,-0.0087,-17.37,-36.75,-0.5,233.1,-79.79,160.83
52.379402,-1.462632,129.19,21.97,6,48.18,20 / 21,2855910,2019-09-06 20:07:41:653,-1.6065,-1.38,10.3626,-0.0413,-0.0121,9.8065,0.1035,-0.0224,-0.0205,-17.37,-36.87,-0.31,232.28,-79.84,159.7
52.379402,-1.462632,129.19,21.97,6,48.18,20 / 21,2856010,2019-09-06 20:07:41:753,1.5111,-0.0581,9.648,-0.0271,-0.0237,9.8065,0.1889,-0.0737,-0.0734,-17.75,-36.31,-0.06,233.89,-80.06,159.82
52.379402,-1.462632,129.19,21.97,6,48.18,20 / 21,2856110,2019-09-06 20:07:41:853,1.1285,0.1157,9.7296,-0.0243,-0.0119,9.8065,0.1062,-0.051,0.15,-17.37,-36.56,-0.75,230.58,-80.12,160.42
52.379402,-1.462632,129.19,21.97,6,48.18,20 / 21,2856210,2019-09-06 20:07:41:953,-0.6191,-1.6136,10.3394,0.0212,0.0116,9.8066,-0.2793,-0.0137,0.0453,-17.44,-36.44,-0.81,230.54,-80.01,160.08
52.379402,-1.462632,129.19,21.97,6,48.18,20 / 21,2856309,2019-09-06 20:07:42:052,0.7651,-1.1177,10.5509,-0.0051,0.0056,9.8066,-0.1411,-0.0458,-0.0626,-17.69,-37,-0.5,233.27,-80.09,159.49
52.379402,-1.462632,129.19,21.97,6,48.18,20 / 21,2856410,2019-09-06 20:07:42:153,0.4246,-0.6195,9.7382,0.0072,0.0124,9.8066,0.0353,0.0255,-0.0924,-17.87,-36.5,-0.62,230.87,-79.97,159.42
52.379402,-1.462632,129.19,21.97,6,48.18,20 / 21,2856509,2019-09-06 20:07:42:252,-0.2049,-0.6585,9.7066,-0.0363,-0.0074,9.8065,0.0059,-0.0098,-0.0273,-17.81,-36.87,-0.87,229.73,-79.76,158.77
52.379402,-1.462632,129.19,21.97,6,48.18,20 / 21,2856610,2019-09-06 20:07:42:353,0.8448,-0.5761,10.0779,-0.0403,-0.0113,9.8065,0.1708,0.0071,-0.0354,-17.19,-36.31,-0.31,231.57,-79.99,158.07
52.379402,-1.462632,129.19,21.97,6,48.18,20 / 21,2856710,2019-09-06 20:07:42:453,0.1565,-0.5988,9.8596,0.0037,0.0087,9.8066,0.0362,-0.0208,0.0714,-17.75,-37,-0.44,231.61,-79.8,157.9
52.379402,-1.462632,129.19,21.97,6,48.18,20 / 21,2856809,2019-09-06 20:07:42:552,1.8021,-1.4697,9.6058,-0.0078,-0.0086,9.8066,-0.0879,-0.0865,-0.0184,-17.62,-36.56,-0.56,229.2,-79.87,157.94
52.379402,-1.462632,129.19,21.97,6,48.18,20 / 21,2856910,2019-09-06 20:07:42:653,0.6234,-1.1009,10.4835,0.0305,0.0158,9.8066,-0.1433,-0.0628,-0.061,-17.12,-36.62,-0.19,230.88,-80.02,157.63
52.379402,-1.462632,129.19,21.97,6,48.18,20 / 21,2857009,2019-09-06 20:07:42:752,1.1105,-0.6387,10.0445,0.0559,0.0355,9.8064,0.0507,0.0157,0.0382,-17.44,-36.5,-0.25,230.82,-80.06,157.01
52.379402,-1.462632,129.19,21.97,6,48.18,20 / 21,2857109,2019-09-06 20:07:42:852,1.506,-0.8774,9.5664,0.0398,0.0207,9.8064,-0.0255,-0.0511,0.0417,-17.19,-36.56,-0.19,229.57,-79.64,156.62
52.379402,-1.462632,129.19,21.97,6,48.18,20 / 21,2857210,2019-09-06 20:07:42:953,0.222,-0.627,9.2134,0.0158,0.0084,9.8065,0.0289,-0.047,-0.06,-16.94,-36.94,-0.06,229.06,-79.63,155.97
52.379402,-1.462632,129.19,21.97,6,48.18,20 / 21,2857310,2019-09-06 20:07:43:053,0.5641,-0.4732,9.4986,0.0441,0.0189,9.8064,0.0905,-0.0677,-0.0465,-17.25,-37.06,-0.37,228.69,-79.62,155.52
52.379402,-1.462632,129.19,21.97,6,48.18,20 / 21,2857409,2019-09-06 20:07:43:152,0.9796,-1.0538,9.7329,-0.0668,-0.0194,9.8063,0.0226,-0.0265,0.026,-17.44,-37.12,-0.12,228.13,-80.02,154.15
52.379402,-1.462632,129.19,21.97,6,48.18,20 / 21,2857510,2019-09-06 20:07:43:253,1.0122,-0.6999,9.8035,-0.0492,-0.0247,9.8064,-0.1227,-0.0866,0.0103,-16.69,-36.44,-0.94,226.04,-80.05,154.34
52.379402,-1.462632,129.19,21.97,6,48.18,20 / 21,2857610,2019-09-06 20:07:43:353,-0.6998,-1.6857,9.976,0.0066,0.0096,9.8066,-0.027,-0.0427,-0.0531,-17.25,-37.25,-0.12,228.1,-79.9,154.3
52.379402,-1.462632,129.19,21.97,6,48.18,20 / 21,2857710,2019-09-06 20:07:43:453,-0.0991,-0.8208,10.0337,0.0193,0.0275,9.8066,-0.0622,0.0508,-0.0722,-16.62,-36.56,-0.06,227.25,-79.76,153.44
52.379402,-1.462632,129.19,21.97,6,48.18,20 / 21,2857810,2019-09-06 20:07:43:553,-0.5578,-1.233,10.0422,0.019,0.0257,9.8065,0.0062,0.0187,-0.0612,-16.94,-37.19,-0.19,225.85,-79.4,152.21
52.379402,-1.462632,129.19,21.97,6,48.18,20 / 21,2857910,2019-09-06 20:07:43:653,0.0661,-1.6384,10.8057,0.0141,0.0065,9.8066,0.0634,0.0086,-0.0123,-17.12,-36.5,0.25,225.93,-79.42,151.8
52.379402,-1.462632,129.19,21.97,6,48.18,20 / 21,2858010,2019-09-06 20:07:43:753,-0.3429,-0.5933,9.3183,0.0231,0.0009,9.8065,0.0674,-0.0535,0.0044,-16.94,-37,0,225.6,-79.48,151.76
52.379402,-1.462632,129.19,21.97,6,48.18,20 / 21,2858109,2019-09-06 20:07:43:852,-1.033,-2.335,10.1795,0.0336,-0.001,9.8065,0.1793,-0.0407,-0.0058,-16.62,-37.06,0.38,226.03,-79.54,152.21
52.379402,-1.462632,129.19,21.97,6,48.18,20 / 21,2858210,2019-09-06 20:07:43:953,0.428,-2.0791,10.3682,-0.0227,0.0032,9.8065,-0.0464,-0.031,0.0021,-16.75,-36.81,0,226.24,-79.6,152.4
52.379402,-1.462632,129.19,21.97,6,48.18,20 / 21,2858309,2019-09-06 20:07:44:052,1.0779,-0.5405,9.4668,-0.0222,0.0048,9.8066,-0.1445,-0.0289,0.0049,-16.62,-37.37,-0.19,225.3,-79.59,151.19
52.379402,-1.462632,129.19,21.97,6,48.18,20 / 21,2858409,2019-09-06 20:07:44:152,0.4748,-1.126,9.1864,-0.0319,-0.0141,9.8065,-0.1495,-0.0685,0.0177,-16.37,-36.75,-0.56,221.01,-79.81,149.77
52.379402,-1.462632,129.19,21.97,6,48.18,20 / 21,2858509,2019-09-06 20:07:44:252,-0.3971,-1.204,8.9463,-0.0148,-0.0013,9.8066,-0.0942,0.0115,-0.0136,-16.5,-37.5,-0.19,223.63,-79.79,149.73
52.379402,-1.462632,129.19,21.97,6,48.18,20 / 21,2858609,2019-09-06 20:07:44:352,-1.2657,-1.4962,9.7891,-0.052,-0.0095,9.8064,-0.2587,-0.0012,-0.0406,-16.19,-37.37,-0.12,223.78,-79.67,150.13
52.379402,-1.462632,129.19,21.97,6,48.18,20 / 21,2858709,2019-09-06 20:07:44:452,-0.5866,-1.6068,10.4417,-0.0279,-0.0032,9.8066,0.0433,-0.0221,-0.0307,-16.37,-37.44,-0.37,223.42,-79.76,149.5
52.379402,-1.462632,129.19,21.97,6,48.18,20 / 21,2858810,2019-09-06 20:07:44:553,0.797,-1.1224,9.7964,0.0044,0.0145,9.8066,0.015,-0.0071,-0.0517,-16.5,-37.19,0.31,223.1,-79.54,149.43
52.379402,-1.462632,129.19,21.97,6,48.18,20 / 21,2858910,2019-09-06 20:07:44:653,-0.2672,-1.5243,9.8073,-0.0063,0.0086,9.8066,0.0383,-0.0128,-0.0038,-16.06,-36.44,0,222.98,-79.53,148.82
52.379402,-1.462632,129.19,21.97,6,48.18,20 / 21,2859009,2019-09-06 20:07:44:752,-0.2347,-0.7332,9.5069,0.01,0.0015,9.8066,0.041,-0.0562,-0.0247,-16.19,-37.25,0,222.46,-79.51,148.62
52.379402,-1.462632,129.19,21.97,6,48.18,20 / 21,2859109,2019-09-06 20:07:44:852,-1.1387,-1.7084,10.2391,0.0257,0.0039,9.8066,0.0025,-0.0821,-0.0775,-16.06,-37.25,0.19,222.75,-79.48,149.05
52.379402,-1.462632,129.19,21.97,6,48.18,20 / 21,2859210,2019-09-06 20:07:44:953,-0.471,-1.9655,10.1134,-0.0138,-0.0124,9.8066,-0.1034,-0.0449,0.0939,-15.87,-37.06,0.25,223.01,-79.5,149.37
52.379402,-1.462632,129.19,21.97,6,48.18,20 / 21,2859309,2019-09-06 20:07:45:052,0.2009,-0.4384,9.9462,-0.0161,0.007,9.8066,-0.1067,-0.0027,-0.0078,-16.5,-37.44,0.44,222.86,-79.48,149.21
52.38076,-1.460368,130.11,25.05,4,49.57,20 / 21,2859409,2019-09-06 20:07:45:152,0.3109,-0.7268,9.8166,0.0274,0.0078,9.8066,0.0948,-0.0737,0.003,-16.31,-37.12,0.5,224.86,-79.47,148.25
52.38076,-1.460368,130.11,25.05,4,49.57,20 / 21,2859509,2019-09-06 20:07:45:252,-0.0173,-1.8872,9.6175,-0.019,-0.0094,9.8066,0.0356,-0.0581,0.0078,-16.44,-36.81,0.31,222.24,-79.65,148.12
52.38076,-1.460368,130.11,25.05,4,49.57,20 / 21,2859610,2019-09-06 20:07:45:353,-0.8117,-1.7106,9.7007,0.029,0.0149,9.8066,0.1129,-0.0105,-0.0251,-16.19,-37.12,0.63,225.33,-79.56,148.72
52.38076,-1.460368,130.11,25.05,4,49.57,20 / 21,2859709,2019-09-06 20:07:45:452,0.1985,-1.6961,9.396,0.0296,0.0062,9.8065,0.011,-0.0764,0.0374,-16.69,-37.5,0.25,223.27,-79.59,148.57
52.38076,-1.460368,130.11,25.05,4,49.57,20 / 21,2859810,2019-09-06 20:07:45:553,-0.8675,-1.3238,10.5801,0.0086,-0.0046,9.8066,-0.0093,-0.0886,0.064,-16.25,-36.94,0.44,222.38,-79.63,148.32
52.38076,-1.460368,130.11,25.05,4,49.57,20 / 21,2859910,2019-09-06 20:07:45:653,-0.9272,-1.6344,10.3275,-0.0251,-0.0043,9.8066,-0.1142,-0.0341,-0.0466,-16.25,-36.81,0.44,222.66,-79.59,148.75
52.38076,-1.460368,130.11,25.05,4,49.57,20 / 21,2860010,2019-09-06 20:07:45:753,-0.3196,-1.2484,10.3349,-0.0345,-0.0145,9.8065,0.0328,-0.0089,0.0302,-16.87,-37.12,0.75,226.11,-79.68,148.7
52.38076,-1.460368,130.11,25.05,4,49.57,20 / 21,2860110,2019-09-06 20:07:45:853,0.3195,-1.6989,9.7282,0.0397,0.0001,9.8065,0.1166,0.0061,0.0321,-16.75,-37.31,0.44,223.87,-79.7,149.17
52.38076,-1.460368,130.11,25.05,4,49.57,20 / 21,2860210,2019-09-06 20:07:45:953,-0.4927,-1.497,9.8076,0.0049,-0.0009,9.8066,0.008,-0.0152,-0.0436,-16.87,-36.62,0.63,227.39,-79.68,150.36
52.38076,-1.460368,130.11,25.05,4,49.57,20 / 21,2860310,2019-09-06 20:07:46:053,1.2465,-1.745,9.7056,0.0139,-0.0016,9.8066,0.0446,-0.099,0.0401,-16.44,-37,0.56,226.6,-79.87,149.88
52.38076,-1.460368,130.11,25.05,4,49.57,19 / 20,2860410,2019-09-06 20:07:46:153,0.3133,-1.5882,10.0296,0.0333,0.0156,9.8065,-0.1377,0.0063,-0.0646,-16.87,-37.12,0.63,227.24,-79.8,149.97
52.38076,-1.460368,130.11,25.05,4,49.57,19 / 20,2860509,2019-09-06 20:07:46:252,-0.2416,-1.7352,9.2969,0.0395,0.0113,9.8065,-0.2246,-0.0535,-0.0164,-16.5,-37.19,0.69,226.48,-79.78,149.86
52.38076,-1.460368,130.11,25.05,4,49.57,19 / 20,2860609,2019-09-06 20:07:46:352,-0.1981,-1.3854,10.7029,0.0041,-0.0046,9.8066,-0.0158,-0.0301,0.0057,-16.81,-36.75,0.81,226.89,-79.9,149.38
52.38076,-1.460368,130.11,25.05,4,49.57,19 / 20,2860709,2019-09-06 20:07:46:452,0.4506,-1.1633,10.8635,0.0246,0.007,9.8065,0.0641,0.0005,0.0332,-16.75,-36.81,0.38,224.45,-79.76,149.85
52.38076,-1.460368,130.11,25.05,4,49.57,19 / 20,2860809,2019-09-06 20:07:46:552,-0.5583,-1.9603,10.0058,-0.0102,-0.0042,9.8066,0.147,-0.0233,-0.0279,-17.12,-37.06,1.19,227.51,-79.64,150.58
52.38076,-1.460368,130.11,25.05,4,49.57,19 / 20,2860910,2019-09-06 20:07:46:653,1.059,-1.5552,9.3123,-0.0355,-0.0191,9.8065,0.0241,-0.0642,0.0159,-16.69,-37.06,1.38,227.7,-79.82,150.52
52.38076,-1.460368,130.11,25.05,4,49.57,19 / 20,2861010,2019-09-06 20:07:46:753,0.4366,-1.0059,9.6357,0.0031,-0.0037,9.8066,-0.0528,-0.0846,0.0169,-17,-37.19,1.13,228.13,-79.98,150.82
52.38076,-1.460368,130.11,25.05,4,49.57,19 / 20,2861110,2019-09-06 20:07:46:853,0.8503,-1.9544,9.6601,0.002,-0.0121,9.8066,-0.0751,-0.0464,0.0354,-17.19,-37.44,1.44,228.82,-80.12,151.47
52.38076,-1.460368,130.11,25.05,4,49.57,19 / 20,2861209,2019-09-06 20:07:46:952,-0.0366,-1.7984,9.8242,0.0281,0.0011,9.8065,-0.1047,-0.0728,0.0513,-17.19,-36.94,1.06,229.5,-80.07,152.4
52.38076,-1.460368,130.11,25.05,4,49.57,19 / 20,2861309,2019-09-06 20:07:47:052,0.2474,-0.5736,10.6511,-0.0343,0.0051,9.8065,0.0328,-0.014,-0.0012,-17.19,-36.81,1.19,229.55,-79.94,152.68
52.38076,-1.460368,130.11,25.05,4,49.57,19 / 21,2861410,2019-09-06 20:07:47:153,0.4833,-1.0573,10.1263,-0.0234,-0.0057,9.8065,0.0764,0.0131,-0.0341,-16.56,-37.37,1.19,229.23,-79.84,152.44
52.38076,-1.460368,130.11,25.05,4,49.57,19 / 21,2861510,2019-09-06 20:07:47:253,0.0377,-1.8491,9.367,0.0144,-0.0134,9.8065,-0.0021,-0.1081,0.0172,-16.94,-37.19,1.56,231.66,-79.96,151.88
52.38076,-1.460368,130.11,25.05,4,49.57,19 / 21,2861610,2019-09-06 20:07:47:353,0.5412,-1.5664,9.5265,-0.0108,-0.0002,9.8066,0.0041,-0.0248,0.028,-17.19,-37.25,0.94,229.49,-80.17,152.23
52.38076,-1.460368,130.11,25.05,4,49.57,19 / 21,2861710,2019-09-06 20:07:47:453,0.9019,-1.5307,10.0432,0.0043,-0.0112,9.8066,-0.0843,-0.0002,-0.0542,-16.94,-37.31,1.5,232.83,-80.25,152.84
52.38076,-1.460368,130.11,25.05,4,49.57,19 / 21,2861810,2019-09-06 20:07:47:553,-0.067,-1.3765,9.2298,0,0.0049,9.8066,0.0047,-0.0758,0.0131,-17.19,-36.44,1.69,233.21,-80.25,152.84
52.38076,-1.460368,130.11,25.05,4,49.57,19 / 21,2861910,2019-09-06 20:07:47:653,-1.1408,-0.7529,9.6633,-0.0096,0.0169,9.8066,0.0154,-0.0252,-0.0116,-17.5,-36.5,1.75,232.93,-80.25,152.5
52.38076,-1.460368,130.11,25.05,4,49.57,19 / 21,2862010,2019-09-06 20:07:47:753,0.0869,0.1335,10.2885,-0.0039,0.0074,9.8066,0.0849,0.0038,-0.0845,-17.44,-37.37,1.19,229.04,-80.18,151.63
52.38076,-1.460368,130.11,25.05,4,49.57,19 / 21,2862110,2019-09-06 20:07:47:853,-0.2833,-0.5092,10.4037,0.0191,0,9.8066,0.1412,-0.0523,0.0161,-17.06,-36.94,1.56,231.3,-80.05,151.28
52.38076,-1.460368,130.11,25.05,4,49.57,19 / 21,2862210,2019-09-06 20:07:47:953,-1.0578,-0.9833,9.8137,-0.0205,-0.0047,9.8066,0.042,-0.0516,0.0569,-17.37,-36.69,2.13,231.68,-80.05,151.75
52.38076,-1.460368,130.11,25.05,4,49.57,19 / 21,2862310,2019-09-06 20:07:48:053,0.8295,-1.1072,9.132,-0.0299,-0.0149,9.8065,-0.2067,0.0099,-0.0329,-17.25,-36.19,1.63,232.51,-80.17,152.11
52.38076,-1.460368,130.11,25.05,4,49.57,19 / 20,2862410,2019-09-06 20:07:48:153,-0.8213,-1.4069,9.6536,0.0042,0.0199,9.8065,-0.0103,-0.0421,0.0025,-17.31,-37.06,2,230.99,-80.19,150.65
52.38076,-1.460368,130.11,25.05,4,49.57,19 / 20,2862509,2019-09-06 20:07:48:252,-0.3102,-1.4022,10.4337,0.0048,0.0141,9.8065,0.012,-0.0228,-0.065,-16.75,-36.37,1.31,227.77,-80.12,149.68
52.38076,-1.460368,130.11,25.05,4,49.57,19 / 20,2862610,2019-09-06 20:07:48:353,1.9153,0.4898,9.9658,0.0415,0.0085,9.8065,-0.0554,-0.0167,-0.0823,-16.62,-36.87,1.63,229.03,-80.04,148.44
52.38076,-1.460368,130.11,25.05,4,49.57,19 / 20,2862709,2019-09-06 20:07:48:452,-1.083,-0.8397,10.558,-0.0052,-0.0015,9.8066,-0.03,-0.0792,0.0646,-16.81,-37.5,1.38,226.4,-79.99,148.6
52.38076,-1.460368,130.11,25.05,4,49.57,19 / 20,2862810,2019-09-06 20:07:48:553,-0.5817,-0.3518,10.4838,-0.0077,-0.0013,9.8066,-0.0673,-0.0036,-0.0148,-16.69,-36.75,2.13,228.91,-79.97,148.39
52.38076,-1.460368,130.11,25.05,4,49.57,19 / 20,2862910,2019-09-06 20:07:48:653,0.4253,-1.4388,10.0865,-0.0578,-0.0422,9.8063,-0.1491,0.1203,0.0237,-16.62,-36.69,1.38,226.67,-80.21,148.59
52.38076,-1.460368,130.11,25.05,4,49.57,19 / 20,2863010,2019-09-06 20:07:48:753,-0.5764,-0.3124,9.5441,0.0473,-0.0026,9.8065,-0.0325,0.0369,0.0558,-17.06,-36.56,1.25,228.59,-80.09,151.23
52.38076,-1.460368,130.11,25.05,4,49.57,19 / 20,2863110,2019-09-06 20:07:48:853,-0.7568,-0.8929,10.0712,-0.0207,-0.0133,9.8065,0.1282,0.0295,0.0142,-17.5,-36.25,0,227.51,-79.99,152.95
52.38076,-1.460368,130.11,25.05,4,49.57,19 / 20,2863210,2019-09-06 20:07:48:953,1.2484,-0.4879,10.6441,-0.0019,0.0077,9.8066,0.1618,0.0914,-0.1374,-17.12,-37.37,0.75,230.28,-80.06,153.41
52.38076,-1.460368,130.11,25.05,4,49.57,19 / 20,2863309,2019-09-06 20:07:49:052,1.2356,-1.0876,10.2867,0.0504,0.031,9.8064,-0.1529,-0.0221,0.001,-17.56,-33.94,6.63,246.5,-80.07,151.3
52.38076,-1.460368,130.11,25.05,4,49.57,20 / 21,2863409,2019-09-06 20:07:49:152,-0.4453,-2.0989,10.026,0.0686,0.0039,9.8063,-0.0065,-0.1496,-0.0943,-17.94,-21.75,7,250.02,-79.69,149.67
52.38076,-1.460368,130.11,25.05,4,49.57,20 / 21,2863510,2019-09-06 20:07:49:253,1.4312,-0.1295,9.5038,0.0045,0.0066,9.8065,-0.2471,-0.0859,-0.0409,-19,-21.5,-1.37,228.01,-80.02,148.82
52.38076,-1.460368,130.11,25.05,4,49.57,20 / 21,2863610,2019-09-06 20:07:49:353,0.2002,-0.9031,9.8153,0.0611,0.033,9.8063,-0.1357,0.015,0.0421,-17.37,-35.12,-0.44,224.18,-79.94,148.35
52.38076,-1.460368,130.11,25.05,4,49.57,20 / 21,2863709,2019-09-06 20:07:49:452,-0.4282,-0.8107,9.7124,0.0675,0.0195,9.8063,0.0452,0.0289,-0.0013,-16.87,-35.87,2.81,231.43,-79.89,147.78
52.38076,-1.460368,130.11,25.05,4,49.57,20 / 21,2863809,2019-09-06 20:07:49:552,-0.7297,-1.0645,10.7127,0.057,-0.0056,9.8064,-0.0825,-0.0205,0.0474,-16.06,-35.62,3,231.25,-79.93,147.92
52.38076,-1.460368,130.11,25.05,4,49.57,20 / 21,2863909,2019-09-06 20:07:49:652,-0.7408,-1.1843,10.0445,0.0635,0.0038,9.8064,0.0968,-0.0663,0.0374,-16.75,-36.19,2.94,232.83,-79.57,150.05
52.38076,-1.460368,130.11,25.05,4,49.57,20 / 21,2864009,2019-09-06 20:07:49:752,-0.2623,-0.7067,9.9673,-0.0572,-0.0101,9.8064,-0.0225,-0.0263,0.0519,-17.12,-36.25,2.88,233.15,-79.99,149.74
52.38076,-1.460368,130.11,25.05,4,49.57,20 / 21,2864110,2019-09-06 20:07:49:853,0.5902,-0.6818,8.8202,-0.0415,-0.0088,9.8065,-0.1339,-0.0084,-0.0382,-16.5,-36.81,2.63,232.11,-80.15,149.12
52.38076,-1.460368,130.11,25.05,4,49.57,20 / 21,2864210,2019-09-06 20:07:49:953,0.561,-1.0427,8.6229,-0.0184,0.0028,9.8066,-0.0284,-0.0612,0.0223,-16.62,-36.5,1.94,230.18,-80.28,149.03
52.38076,-1.460368,130.11,25.05,4,49.57,20 / 21,2864309,2019-09-06 20:07:50:052,-0.2366,-1.2817,10.1351,-0.0093,-0.0017,9.8065,0.0937,-0.0171,-0.0064,-16.62,-36.25,2.75,232.83,-80.33,148.79
52.38076,-1.460368,130.11,25.05,4,49.57,18 / 20,2864409,2019-09-06 20:07:50:152,0.2905,-0.0387,10.3794,0.0508,0.0128,9.8065,0.2299,0.0437,-0.0457,-16.44,-36.75,2.81,231.89,-80.33,148.51
52.38076,-1.460368,130.11,25.05,4,49.57,18 / 20,2864510,2019-09-06 20:07:50:253,-0.3804,-0.4436,10.5282,-0.0165,-0.0003,9.8066,0.0586,-0.08,0.0265,-16.37,-36.25,3.13,232.57,-80.02,149.42
52.38076,-1.460368,130.11,25.05,4,49.57,18 / 20,2864609,2019-09-06 20:07:50:352,0.2763,0.7068,10.2347,-0.0004,-0.0074,9.8066,0.0384,-0.1534,0.0995,-16.94,-36.25,3.5,236.2,-80.12,149.84
52.38076,-1.460368,130.11,25.05,4,49.57,18 / 20,2864710,2019-09-06 20:07:50:453,-0.4101,-0.879,9.5769,-0.0024,-0.0135,9.8066,-0.0651,0.0818,-0.1081,-17.5,-36.31,2.75,232.8,-80.11,149.12
52.38076,-1.460368,130.11,25.05,4,49.57,18 / 20,2864810,2019-09-06 20:07:50:553,0.8129,-1.9616,9.8132,0.0088,0.0046,9.8066,0.0115,-0.0148,-0.0152,-16.87,-36.81,3.31,233.13,-80.17,149.91
52.38076,-1.460368,130.11,25.05,4,49.57,18 / 20,2864909,2019-09-06 20:07:50:652,0.801,-1.3167,8.475,0.0206,-0.0187,9.8065,0.0454,-0.0467,0.0835,-16.81,-36.5,2.94,234.11,-80.22,150.55
52.38076,-1.460368,130.11,25.05,4,49.57,18 / 20,2865009,2019-09-06 20:07:50:752,0.2886,-0.8198,8.9835,0.0078,0.004,9.8066,-0.0292,-0.0219,-0.0581,-17.62,-36.37,3.25,234.44,-80.4,150.27
52.38076,-1.460368,130.11,25.05,4,49.57,18 / 20,2865110,2019-09-06 20:07:50:853,0.2817,-0.276,9.0105,0.0196,0.0048,9.8066,0.0174,-0.0711,-0.0429,-17.19,-36.62,3.31,233.87,-80.37,150.47
52.38076,-1.460368,130.11,25.05,4,49.57,18 / 20,2865210,2019-09-06 20:07:50:953,0.1166,0.481,10.691,-0.0178,-0.0136,9.8066,-0.0088,-0.1393,0.1002,-16.69,-36.81,3.13,234.61,-80.51,151.14
52.38076,-1.460368,130.11,25.05,4,49.57,18 / 20,2865310,2019-09-06 20:07:51:053,-0.2181,0.655,10.2853,-0.0131,0.0097,9.8066,-0.105,0.0312,-0.1817,-16.62,-36.25,2.81,234.54,-80.42,150.73
52.38076,-1.460368,130.11,25.05,4,49.57,19 / 20,2865410,2019-09-06 20:07:51:153,0.6201,-1.6152,10.4957,-0.0142,-0.0077,9.8066,-0.0524,-0.1086,0.069,-17.06,-36.5,3.5,238.43,-80.47,151.91
52.38076,-1.460368,130.11,25.05,4,49.57,19 / 20,2865509,2019-09-06 20:07:51:252,-1.7188,-1.3297,10.6426,-0.0203,0.0032,9.8066,-0.158,-0.0387,-0.0269,-16.75,-36.81,3.25,234.6,-80.43,151.26
52.38076,-1.460368,130.11,25.05,4,49.57,19 / 20,2865610,2019-09-06 20:07:51:353,-0.1299,-0.4827,9.5155,-0.0337,-0.0068,9.8065,-0.1093,-0.0271,0.0085,-16.81,-36.69,3.94,237.89,-80.28,152.1
52.38076,-1.460368,130.11,25.05,4,49.57,19 / 20,2865710,2019-09-06 20:07:51:453,-0.4366,-1.5422,9.6174,-0.0345,-0.0017,9.8066,0.1593,-0.0291,-0.0651,-16.94,-36.44,3.56,238.14,-80.41,151.67
52.38076,-1.460368,130.11,25.05,4,49.57,19 / 20,2865810,2019-09-06 20:07:51:553,-0.042,-0.9209,9.4088,-0.0031,-0.0044,9.8066,0.0381,0.0462,0.0435,-17.37,-36.25,3.38,235.87,-80.51,152.19
52.38076,-1.460368,130.11,25.05,4,49.57,19 / 20,2865910,2019-09-06 20:07:51:653,-1.2653,-1.1725,9.624,-0.0107,-0.0084,9.8065,-0.0127,-0.0356,-0.006,-17.31,-35.87,3.38,236.13,-80.6,152.35
52.38076,-1.460368,130.11,25.05,4,49.57,19 / 20,2866010,2019-09-06 20:07:51:753,-0.1528,-0.4846,9.8534,0.0061,-0.0026,9.8066,-0.0976,-0.1707,0.0517,-16.5,-36.25,3.69,238.62,-80.52,152.28
52.38076,-1.460368,130.11,25.05,4,49.57,19 / 20,2866110,2019-09-06 20:07:51:853,-0.2407,-0.2922,10.0756,0.005,0.0044,9.8066,0.0258,0.0603,-0.0223,-17.44,-35.94,3.75,238.54,-80.47,152.05
52.38076,-1.460368,130.11,25.05,4,49.57,19 / 20,2866210,2019-09-06 20:07:51:953,0.1821,-0.7139,10.6849,0.0055,-0.0056,9.8066,0.1198,-0.0068,0.0007,-17.5,-36.31,4,238.63,-80.4,152.27
52.38076,-1.460368,130.11,25.05,4,49.57,19 / 20,2866309,2019-09-06 20:07:52:052,-0.2424,-0.3218,10.1441,-0.0152,0.0006,9.8066,0.0924,-0.027,-0.0605,-16.81,-36.44,4.06,238.92,-80.4,152.63
52.38076,-1.460368,130.11,25.05,4,49.57,19 / 21,2866409,2019-09-06 20:07:52:152,0.0957,-1.0563,9.5615,0.0218,-0.006,9.8066,0.0898,-0.0312,0.0523,-17.5,-36.69,4.13,239.13,-80.46,153.26
52.38076,-1.460368,130.11,25.05,4,49.57,19 / 21,2866510,2019-09-06 20:07:52:253,0.7195,-0.9273,9.8999,-0.0169,-0.0016,9.8066,-0.0688,-0.0418,0.0039,-17.62,-36,3.63,240.11,-80.57,153.51
52.38076,-1.460368,130.11,25.05,4,49.57,19 / 21,2866609,2019-09-06 20:07:52:352,-0.3839,-0.4871,10.0192,-0.0024,-0.0014,9.8066,-0.0173,-0.0384,-0.0274,-17.31,-36.06,4.31,239.88,-80.7,153.23
52.38076,-1.460368,130.11,25.05,4,49.57,19 / 21,2866710,2019-09-06 20:07:52:453,-1.8892,-0.6761,10.8187,0.01,0.0103,9.8066,0.0586,0.047,-0.0389,-17.12,-36.75,3.69,238.35,-80.6,152.07
52.38076,-1.460368,130.11,25.05,4,49.57,19 / 21,2866810,2019-09-06 20:07:52:553,1.1762,-1.4756,9.6196,0.0104,-0.0012,9.8066,-0.2094,0.0255,0.0094,-16.81,-36.44,4.69,241.65,-80.39,152.48
52.38076,-1.460368,130.11,25.05,4,49.57,19 / 21,2866910,2019-09-06 20:07:52:653,1.9164,-0.9929,9.8799,-0.02,-0.0168,9.8065,-0.0317,-0.0935,-0.0098,-16.94,-36.31,3.88,238.77,-80.28,152.65
52.38076,-1.460368,130.11,25.05,4,49.57,19 / 21,2867010,2019-09-06 20:07:52:753,-0.4548,-2.1143,9.1366,0.0103,-0.0129,9.8066,0.0851,-0.0491,0.0019,-16.87,-36.37,3.44,236.5,-80.54,152.89
52.38076,-1.460368,130.11,25.05,4,49.57,19 / 21,2867109,2019-09-06 20:07:52:852,-0.0902,-1.0453,9.5779,0.0251,-0.0086,9.8066,-0.1646,-0.0423,0.0206,-17.31,-36.5,4.06,240.1,-80.7,153.48
52.38076,-1.460368,130.11,25.05,4,49.57,19 / 21,2867209,2019-09-06 20:07:52:952,-0.8122,-1.0215,10.4193,-0.0046,-0.0107,9.8066,0.1314,-0.0603,0.0394,-17.06,-36.37,4,240.58,-80.87,153.75
52.38076,-1.460368,130.11,25.05,4,49.57,19 / 21,2867310,2019-09-06 20:07:53:053,-0.577,-2.4714,9.9909,-0.0229,-0.0027,9.8065,0.1101,0.028,0.0332,-17,-36.5,4.19,240.77,-80.75,154.19
52.38076,-1.460368,130.11,25.05,4,49.57,20 / 21,2867409,2019-09-06 20:07:53:152,0.7429,0.033,10.3885,0.0386,-0.0127,9.8065,-0.1373,0.0191,0.1181,-17.06,-36.37,4.5,244.05,-80.65,154.81
52.38076,-1.460368,130.11,25.05,4,49.57,20 / 21,2867510,2019-09-06 20:07:53:253,0.3783,-0.1449,9.5071,-0.0106,-0.011,9.8066,0.1031,-0.0413,-0.0578,-17.44,-36.12,4.13,241.74,-80.6,155.6
52.38076,-1.460368,130.11,25.05,4,49.57,20 / 21,2867609,2019-09-06 20:07:53:352,-0.7067,-1.4505,9.7188,0.0067,0,9.8066,-0.0307,0.0066,-0.0758,-17.31,-36.37,3.81,242.02,-80.68,155.8
52.38076,-1.460368,130.11,25.05,4,49.57,20 / 21,2867709,2019-09-06 20:07:53:452,1.0627,-0.9103,9.3823,0.0115,-0.0097,9.8065,-0.0807,-0.0272,-0.0047,-17.31,-36.37,4.75,245.3,-80.8,155.97
52.38076,-1.460368,130.11,25.05,4,49.57,20 / 21,2867810,2019-09-06 20:07:53:553,-1.527,-1.5703,9.6602,0.004,0.0155,9.8065,0.1076,-0.0443,-0.0637,-17.31,-36.37,4.63,244.74,-80.85,155.24
52.38076,-1.460368,130.11,25.05,4,49.57,20 / 21,2867910,2019-09-06 20:07:53:653,2.1661,-1.6359,10.3995,0.0033,0.0146,9.8066,-0.2566,0.0078,-0.0411,-17.44,-36.37,4.38,240.9,-80.73,154.38
52.38076,-1.460368,130.11,25.05,4,49.57,20 / 21,2868010,2019-09-06 20:07:53:753,0.6073,-1.6473,10.5114,-0.0155,0.0026,9.8066,0.1311,-0.073,0.0776,-16.87,-36.56,4.63,242.24,-80.64,153.21
52.38076,-1.460368,130.11,25.05,4,49.57,20 / 21,2868109,2019-09-06 20:07:53:852,-1.2077,0.2054,10.072,-0.0514,-0.0044,9.8065,0.1036,0.0086,0.0023,-17.19,-36.94,4.56,242.1,-80.76,152.81
52.38076,-1.460368,130.11,25.05,4,49.57,20 / 21,2868209,2019-09-06 20:07:53:952,-1.1893,-0.0812,10.8687,0.0099,-0.0173,9.8066,-0.0002,-0.0303,0.028,-17.06,-36.56,4.25,239.49,-80.7,153.25
52.38076,-1.460368,130.11,25.05,4,49.57,20 / 21,2868310,2019-09-06 20:07:54:053,-1.1576,-0.2535,10.8393,-0.0313,-0.0117,9.8065,0.0352,-0.052,0.0603,-17.19,-36.81,4.56,242.64,-80.84,153.29
52.381886,-1.457662,132.11,25.17,4,63.12,17 / 21,2868410,2019-09-06 20:07:54:153,-0.9169,0.8513,9.2059,-0.0143,0.002,9.8066,0.1529,0.0852,-0.1056,-17.31,-36.37,4.19,240.27,-80.86,153.41
52.381886,-1.457662,132.11,25.17,4,63.12,17 / 21,2868510,2019-09-06 20:07:54:253,0.6952,-0.4154,9.2808,0.0579,0.0066,9.8064,0.1941,0.0309,-0.011,-17.81,-36.56,3.94,240.46,-80.75,154.07
52.381886,-1.457662,132.11,25.17,4,63.12,17 / 21,2868610,2019-09-06 20:07:54:353,0.3153,-1.5592,9.5747,0.047,-0.0011,9.8065,-0.091,-0.0022,0.064,-18.37,-37.12,4,240.59,-80.8,154.14
52.381886,-1.457662,132.11,25.17,4,63.12,17 / 21,2868709,2019-09-06 20:07:54:452,-0.2361,-1.8462,9.852,-0.0211,-0.0001,9.8066,-0.0952,-0.0437,-0.0878,-17.56,-37,4.06,240.9,-80.78,154.54
52.381886,-1.457662,132.11,25.17,4,63.12,17 / 21,2868810,2019-09-06 20:07:54:553,-0.477,-1.2716,10.1896,-0.0254,-0.0229,9.8065,0.1104,-0.0744,0.005,-17.37,-36.69,4.13,241.23,-80.92,154.9
52.381886,-1.457662,132.11,25.17,4,63.12,17 / 21,2868910,2019-09-06 20:07:54:653,-0.4619,-0.3795,10.6458,0.0156,-0.0151,9.8066,0.0874,-0.0335,0.0937,-17.25,-37.12,4.75,245.7,-80.98,156.58
52.381886,-1.457662,132.11,25.17,4,63.12,17 / 21,2869010,2019-09-06 20:07:54:753,1.3547,0.8401,10.3279,-0.0053,0.0199,9.8066,-0.1571,0.0037,-0.1031,-17.12,-36.44,4.5,246.48,-81.02,156.91
52.381886,-1.457662,132.11,25.17,4,63.12,17 / 21,2869110,2019-09-06 20:07:54:853,-0.2932,-0.9868,9.6621,0.0353,-0.0059,9.8066,0.2053,-0.0071,0.0881,-17.87,-36.19,4,243.57,-80.9,156.97
52.381886,-1.457662,132.11,25.17,4,63.12,17 / 21,2869210,2019-09-06 20:07:54:953,0.7147,-0.2496,9.5929,0.0216,0.012,9.8066,-0.0934,0.0247,-0.0153,-17.87,-36.44,4.56,246.26,-80.91,156.83
52.381886,-1.457662,132.11,25.17,4,63.12,17 / 21,2869309,2019-09-06 20:07:55:052,-1.0085,0.1676,9.2805,-0.024,0.0106,9.8066,-0.0797,0.0169,-0.0242,-16.87,-36.31,4.88,246.22,-80.9,156.85
52.381886,-1.457662,132.11,25.17,4,63.12,19 / 21,2869410,2019-09-06 20:07:55:153,1.0851,-0.842,10.6124,0.0095,0.0057,9.8066,0.0158,-0.0838,0.0441,-17.69,-36.69,5.13,245.31,-80.86,156.29
52.381886,-1.457662,132.11,25.17,4,63.12,19 / 21,2869509,2019-09-06 20:07:55:252,1.2614,-0.4233,9.8207,-0.0267,-0.0048,9.8065,-0.1691,-0.0342,0.0096,-17.37,-36.37,4.81,245.75,-80.99,156.13
52.381886,-1.457662,132.11,25.17,4,63.12,19 / 21,2869609,2019-09-06 20:07:55:352,-0.4677,-0.4356,9.4105,0.0036,-0.0021,9.8066,-0.0673,-0.1049,0.0367,-17.31,-37.12,4.69,245.54,-80.92,156.53
52.381886,-1.457662,132.11,25.17,4,63.12,19 / 21,2869710,2019-09-06 20:07:55:453,1.4925,-1.1809,9.8779,-0.0027,0.0035,9.8066,-0.0715,-0.0279,0.037,-17.44,-36.69,4.75,245.12,-80.95,155.99
52.381886,-1.457662,132.11,25.17,4,63.12,19 / 21,2869810,2019-09-06 20:07:55:553,0.8403,1.2111,9.1193,0.0078,-0.0076,9.8066,0.0465,0.1324,-0.0675,-17.37,-36.62,5,245.58,-80.91,156.59
52.381886,-1.457662,132.11,25.17,4,63.12,19 / 21,2869909,2019-09-06 20:07:55:652,-1.8155,-0.7556,9.2131,-0.0028,-0.012,9.8065,0.1398,-0.0187,0.0371,-17.94,-37.12,5.13,245.83,-80.89,156.85
52.381886,-1.457662,132.11,25.17,4,63.12,19 / 21,2870010,2019-09-06 20:07:55:753,-0.548,-0.5106,9.292,-0.0098,-0.0043,9.8065,-0.0132,-0.0324,0.0259,-17,-36.62,5.25,246.1,-80.98,157.05
52.381886,-1.457662,132.11,25.17,4,63.12,19 / 21,2870110,2019-09-06 20:07:55:853,-1.3486,-0.6755,9.9408,-0.004,-0.0031,9.8066,0.187,-0.046,0.0019,-17.56,-36.87,5.06,246.52,-81.06,157.31
52.381886,-1.457662,132.11,25.17,4,63.12,19 / 21,2870209,2019-09-06 20:07:55:952,-0.0784,-1.7956,10.0035,-0.0265,-0.0027,9.8065,0.1185,-0.084,0.0957,-17.56,-36.94,5,246.55,-81.09,157.29
52.381886,-1.457662,132.11,25.17,4,63.12,19 / 21,2870310,2019-09-06 20:07:56:053,3.0169,-0.7911,9.7949,0.0335,-0.0022,9.8065,-0.2455,-0.0803,0.0069,-17.94,-36.75,5,247.66,-80.79,159.12
52.381886,-1.457662,132.11,25.17,4,63.12,18 / 19,2870409,2019-09-06 20:07:56:152,0.227,-1.5069,9.1663,0.0453,0.0105,9.8065,-0.0827,-0.085,0.1004,-18.25,-36.25,4.81,247.66,-80.78,158.66
52.381886,-1.457662,132.11,25.17,4,63.12,18 / 19,2870510,2019-09-06 20:07:56:253,0.2467,-0.4411,9.5984,-0.0604,0.0072,9.8064,-0.0029,0.0122,0.0112,-18.25,-36.69,5.31,247.53,-80.7,159.14
52.381886,-1.457662,132.11,25.17,4,63.12,18 / 19,2870609,2019-09-06 20:07:56:352,0.818,-0.165,9.3111,-0.0206,-0.0051,9.8066,0.0535,0.0541,-0.0136,-17.94,-35.81,5.5,250.51,-81.05,158.2
52.381886,-1.457662,132.11,25.17,4,63.12,18 / 19,2870710,2019-09-06 20:07:56:453,-1.005,-1.0205,9.5497,-0.0064,-0.0027,9.8066,0.0278,0.0224,-0.0287,-18.25,-35.81,5.81,250.8,-81.11,158.4
52.381886,-1.457662,132.11,25.17,4,63.12,18 / 19,2870809,2019-09-06 20:07:56:552,0.8438,0.2549,9.1124,0.0184,-0.0014,9.8065,-0.0986,-0.007,-0.0015,-17.87,-35.94,5.31,248.06,-81.03,158.65
52.381886,-1.457662,132.11,25.17,4,63.12,18 / 19,2870909,2019-09-06 20:07:56:652,0.0116,-0.3468,10.2935,-0.0008,-0.009,9.8066,0.0353,-0.1199,0.1106,-17.94,-36.19,5.56,251.41,-81.19,158.94
52.381886,-1.457662,132.11,25.17,4,63.12,18 / 19,2871009,2019-09-06 20:07:56:752,0.1524,-0.3348,10.9268,-0.0145,-0.0029,9.8066,0.1877,-0.0139,0.0726,-17.69,-36.44,5.69,252.41,-81.21,160
52.381886,-1.457662,132.11,25.17,4,63.12,18 / 19,2871110,2019-09-06 20:07:56:853,-1.4106,-1.4117,10.6436,0.0704,-0.0152,9.8063,-0.2205,-0.0698,0.1051,-18.06,-36.19,5.19,249.93,-81.3,160.26
52.381886,-1.457662,132.11,25.17,4,63.12,18 / 19,2871210,2019-09-06 20:07:56:953,-1.396,-0.9156,10.7349,-0.0359,0.0029,9.8065,-0.0247,-0.0751,0.0357,-18,-36.31,5.31,250.69,-81.02,161.63
52.381886,-1.457662,132.11,25.17,4,63.12,18 / 19,2871309,2019-09-06 20:07:57:052,0.6053,-0.3269,10.3291,0.0055,0.0033,9.8065,-0.0693,0.0128,-0.0035,-18.69,-36.62,5.81,252.78,-81,161.35
52.381886,-1.457662,132.11,25.17,4,63.12,18 / 19,2871409,2019-09-06 20:07:57:152,1.6038,-1.0193,11.9343,0.0311,-0.0014,9.8066,0.3272,-0.0839,-0.0192,-18,-37,6.38,252.94,-80.97,161.52
52.381886,-1.457662,132.11,25.17,4,63.12,18 / 19,2871509,2019-09-06 20:07:57:252,1.4471,-3.1264,8.7696,0.14,0.0288,9.8056,-0.6477,0.1844,-0.0172,-17.69,-36.94,5.56,252.51,-80.5,161.97
52.381886,-1.457662,132.11,25.17,4,63.12,18 / 19,2871610,2019-09-06 20:07:57:353,0.3298,-1.0132,9.0059,0.1398,-0.0167,9.8056,0.1505,0.0568,-0.2955,-18.12,-37.06,5.56,252.5,-80.74,161.48
52.381886,-1.457662,132.11,25.17,4,63.12,18 / 19,2871710,2019-09-06 20:07:57:453,-1.1729,-1.7307,8.8365,-0.0462,0.0155,9.8064,-0.0153,-0.1876,0.0228,-18.56,-37.94,5.44,249.37,-80.9,161.21
52.381886,-1.457662,132.11,25.17,4,63.12,18 / 19,2871809,2019-09-06 20:07:57:552,-1.1314,-0.392,9.2736,0.038,-0.0036,9.8065,-0.2658,0.0377,0.0081,-18.94,-39.19,5.75,251.29,-80.85,160.9
52.381886,-1.457662,132.11,25.17,4,63.12,18 / 19,2871910,2019-09-06 20:07:57:653,-0.6968,-0.1729,9.6682,-0.0865,-0.0062,9.8062,0.266,-0.0586,0.0661,-19.69,-38.94,6.13,251.03,-81.12,160.11
52.381886,-1.457662,132.11,25.17,4,63.12,18 / 19,2872010,2019-09-06 20:07:57:753,2.1377,-0.3311,9.6837,-0.097,-0.0102,9.8061,-0.1882,-0.0069,-0.0089,-19.56,-39.19,6.56,253.97,-81.13,160.51
52.381886,-1.457662,132.11,25.17,4,63.12,18 / 19,2872110,2019-09-06 20:07:57:853,0.4357,-0.3847,8.9744,0.0361,-0.0036,9.8065,-0.0976,-0.0664,0.0431,-19.31,-40.31,6.88,253.3,-80.93,160.44
52.381886,-1.457662,132.11,25.17,4,63.12,18 / 19,2872210,2019-09-06 20:07:57:953,-0.5575,-0.3547,9.2261,0.0396,-0.0068,9.8065,0.0282,-0.0576,0.0486,-18.75,-39.25,7.38,254.37,-80.99,161.05
52.381886,-1.457662,132.11,25.17,4,63.12,18 / 19,2872310,2019-09-06 20:07:58:053,-0.3741,-1.5292,10.0869,-0.0084,0.0003,9.8066,-0.0637,-0.0574,0.0391,-18.37,-38.56,6.88,254.37,-80.98,160.89
52.381886,-1.457662,132.11,25.17,4,63.12,18 / 19,2872409,2019-09-06 20:07:58:152,-0.8266,-0.441,10.2825,0.0006,0.0026,9.8066,-0.0447,-0.0742,0.0591,-17.56,-37.81,6.94,255.07,-81,161.14
52.381886,-1.457662,132.11,25.17,4,63.12,18 / 19,2872510,2019-09-06 20:07:58:253,2.0453,-0.6157,10.2286,0.0249,-0.0144,9.8065,-0.0525,0.0028,-0.1042,-18.25,-37.5,6.44,253.04,-80.85,161.86
52.381886,-1.457662,132.11,25.17,4,63.12,18 / 19,2872610,2019-09-06 20:07:58:353,-3.1341,0.8255,9.9869,0.0293,-0.0036,9.8065,0.3061,-0.2472,0.0993,-18.25,-37.31,6.44,253.19,-80.87,161.99
52.381886,-1.457662,132.11,25.17,4,63.12,18 / 19,2872710,2019-09-06 20:07:58:453,-0.5055,1.7809,8.7788,-0.0087,-0.02,9.8066,-0.2444,0.1791,-0.1967,-18.31,-36.62,6.06,254.69,-81.08,163.22
52.381886,-1.457662,132.11,25.17,4,63.12,18 / 19,2872810,2019-09-06 20:07:58:553,-0.1445,-2.2958,8.935,0.041,0.0307,9.8065,0.0701,-0.0501,-0.0986,-18.37,-36.56,6.06,253.01,-81.04,161.47
52.381886,-1.457662,132.11,25.17,4,63.12,18 / 19,2872910,2019-09-06 20:07:58:653,-0.7153,1.2397,10.4333,-0.0271,-0.0147,9.8066,-0.1042,0.0291,-0.036,-18.75,-35.75,6.38,254.33,-80.99,162.61
52.381886,-1.457662,132.11,25.17,4,63.12,18 / 19,2873010,2019-09-06 20:07:58:753,1.0748,-1.4244,9.819,-0.028,-0.0029,9.8066,-0.1817,0.0731,-0.0428,-19.06,-35.37,7.19,257.82,-81.09,162.8
52.381886,-1.457662,132.11,25.17,4,63.12,18 / 19,2873109,2019-09-06 20:07:58:852,0.7424,-2.7329,9.7724,-0.0112,0.0009,9.8066,0.108,-0.1399,0.17,-19.19,-35.75,7.13,258.53,-80.95,164.27
52.381886,-1.457662,132.11,25.17,4,63.12,18 / 19,2873210,2019-09-06 20:07:58:953,1.4468,-0.5378,9.6198,-0.0398,-0.0156,9.8065,-0.1981,0.0335,-0.042,-18.25,-35.31,7.25,259.73,-81.15,164.47
52.381886,-1.457662,132.11,25.17,4,63.12,18 / 19,2873313,2019-09-06 20:07:59:056,-0.167,-0.9479,9.8786,0.0298,0.0094,9.8065,0.0999,-0.0853,0.0463,-17.19,-35.12,7.19,260.2,-81.16,164.66
52.381886,-1.457662,132.11,25.17,4,63.12,18 / 19,2873410,2019-09-06 20:07:59:153,0.6841,-1.1235,9.467,0.0037,0.0046,9.8065,-0.2047,-0.011,-0.0748,-16.81,-34.81,6.31,257.1,-81.39,164.17
52.381886,-1.457662,132.11,25.17,4,63.12,18 / 19,2873509,2019-09-06 20:07:59:252,-1.3917,-0.7672,9.4856,0.0478,0.0119,9.8065,-0.0421,0.0253,-0.0139,-17.81,-34.56,6.25,255.97,-81.1,163.63
52.381886,-1.457662,132.11,25.17,4,63.12,18 / 19,2873610,2019-09-06 20:07:59:353,0.3158,-0.9641,9.8044,0.0417,0.0009,9.8065,0.0165,0.0042,-0.0001,-17.87,-34.37,6.94,258.94,-81.09,163.27
52.381886,-1.457662,132.11,25.17,4,63.12,18 / 19,2873709,2019-09-06 20:07:59:452,0.3609,0.515,11.1237,0.0051,-0.0077,9.8066,0.2511,-0.0023,-0.0698,-17.69,-34.62,7.25,258.71,-81.06,163.56
52.381886,-1.457662,132.11,25.17,4,63.12,18 / 19,2873810,2019-09-06 20:07:59:553,-0.6904,-1.4913,10.253,0.023,-0.0152,9.8066,0.0845,-0.0153,0.0245,-18.06,-33.62,6.88,260.5,-80.92,165.23
52.381886,-1.457662,132.11,25.17,4,63.12,18 / 19,2873909,2019-09-06 20:07:59:652,0.4092,-0.8683,9.9417,-0.0378,-0.0034,9.8066,-0.041,-0.0391,-0.0471,-18.06,-34.19,6.75,260.48,-80.88,165.29
52.381886,-1.457662,132.11,25.17,4,63.12,18 / 19,2874009,2019-09-06 20:07:59:752,-0.548,0.0346,9.9072,-0.0274,-0.0106,9.8066,0.0018,-0.0177,0.0403,-17.56,-33.75,6.94,261.65,-81.14,166.05
52.381886,-1.457662,132.11,25.17,4,63.12,18 / 19,2874110,2019-09-06 20:07:59:853,0.8665,-0.8414,10.4757,0.0021,-0.015,9.8066,0.1145,0.0128,-0.0144,-17.62,-34.56,7.06,262.01,-81.21,166.77
52.381886,-1.457662,132.11,25.17,4,63.12,18 / 19,2874210,2019-09-06 20:07:59:953,1.1298,-0.5493,10.3368,-0.0589,-0.0038,9.8065,-0.1275,-0.0557,0.1012,-17.25,-34.12,6.88,263.46,-81.39,167.16
52.381886,-1.457662,132.11,25.17,4,63.12,18 / 19,2874309,2019-09-06 20:08:00:052,0.5345,-0.2149,10.5053,0.057,-0.0038,9.8065,0.0979,-0.0416,-0.0564,-17.5,-35.31,6.56,262.42,-81.03,167.27
52.381886,-1.457662,132.11,25.17,4,63.12,17 / 20,2874410,2019-09-06 20:08:00:153,-0.4031,-0.6244,9.2499,-0.0362,0.0084,9.8065,0.0065,-0.0551,0.0884,-18.31,-36.44,6.44,259.06,-80.97,167.69
52.381886,-1.457662,132.11,25.17,4,63.12,17 / 20,2874510,2019-09-06 20:08:00:253,0.6041,-0.0259,8.4482,-0.0292,-0.0061,9.8065,-0.2054,-0.0043,-0.0123,-18.5,-36.56,6.94,261.16,-81,167.24
52.381886,-1.457662,132.11,25.17,4,63.12,17 / 20,2874609,2019-09-06 20:08:00:352,-2.5157,0.2746,8.5801,0.0112,-0.0051,9.8066,0.2024,-0.0262,0.0422,-18.87,-36.12,6.94,262.15,-81.09,167.86
52.381886,-1.457662,132.11,25.17,4,63.12,17 / 20,2874709,2019-09-06 20:08:00:452,1.4263,-0.2962,10.4145,-0.0646,0.0177,9.8064,-0.1357,-0.0631,-0.089,-18.87,-36.44,7.44,260.51,-81.31,165.72
52.381886,-1.457662,132.11,25.17,4,63.12,17 / 20,2874810,2019-09-06 20:08:00:553,0.712,0.0825,10.1666,0.0424,-0.0156,9.8065,-0.0396,-0.0332,0.0262,-18.5,-36.62,7.5,263.03,-81.22,165.72
52.381886,-1.457662,132.11,25.17,4,63.12,17 / 20,2874910,2019-09-06 20:08:00:653,-0.7612,0.2898,10.025,0.0389,-0.0201,9.8065,0.117,0.0543,0.0268,-19,-36.56,7.38,261.62,-81.05,167.83
52.381886,-1.457662,132.11,25.17,4,63.12,17 / 20,2875009,2019-09-06 20:08:00:752,0.4922,-0.0778,9.593,0.0179,-0.0197,9.8066,-0.004,0.0066,0.0468,-18.75,-36.25,6.75,263.89,-81.16,169.54
52.381886,-1.457662,132.11,25.17,4,63.12,17 / 20,2875109,2019-09-06 20:08:00:852,-1.0982,-0.069,10.3333,-0.0046,-0.0016,9.8066,-0.0258,0.0277,0.006,-18.37,-36,7.31,264.66,-81.2,170.03
52.381886,-1.457662,132.11,25.17,4,63.12,17 / 20,2875210,2019-09-06 20:08:00:953,-0.7848,0.145,10.9659,0.0183,0.0045,9.8066,0.1621,-0.0473,0.018,-19.31,-36.31,7.06,264.79,-81.1,170.59
52.381886,-1.457662,132.11,25.17,4,63.12,17 / 20,2875309,2019-09-06 20:08:01:052,0.5611,-0.8692,9.4397,0.0324,-0.0041,9.8065,0.1494,0.0368,0.0367,-19.31,-36.81,8.13,266.61,-80.99,170.23
52.381886,-1.457662,132.11,25.17,4,63.12,17 / 20,2875410,2019-09-06 20:08:01:153,0.5067,-0.1322,9.8128,-0.0065,0.0017,9.8066,0.1008,0.0008,0.053,-19,-36.06,7.38,264.53,-81.13,170.26
52.381886,-1.457662,132.11,25.17,4,63.12,17 / 20,2875510,2019-09-06 20:08:01:253,0.2721,0.9076,9.7978,0.0521,-0.0101,9.8065,0.2068,-0.0222,0.0352,-18.69,-36.06,7.13,264.24,-81.1,170.02
52.381886,-1.457662,132.11,25.17,4,63.12,17 / 20,2875610,2019-09-06 20:08:01:353,0.4112,-0.2213,9.0738,-0.0275,-0.0077,9.8065,-0.009,-0.0154,0.0407,-18.56,-36.81,7.25,264.71,-81.19,170.8
52.381886,-1.457662,132.11,25.17,4,63.12,17 / 20,2875710,2019-09-06 20:08:01:453,-0.46,0.5659,10.1359,-0.0068,-0.0166,9.8066,0.0175,-0.0244,0.1004,-19.12,-36.69,7.5,268.24,-81.31,171.31
52.381886,-1.457662,132.11,25.17,4,63.12,17 / 20,2875809,2019-09-06 20:08:01:552,-0.7404,-0.0359,10.9763,0.0109,-0.0109,9.8065,0.1006,-0.016,0.0131,-19.44,-35.69,7.69,270.32,-81.15,173.26
52.381886,-1.457662,132.11,25.17,4,63.12,17 / 20,2875909,2019-09-06 20:08:01:652,1.0082,0.2709,9.34,0.0102,-0.0046,9.8065,0.1244,-0.0032,0.0571,-19.37,-36.44,7.38,267.35,-81.04,173.36
52.381886,-1.457662,132.11,25.17,4,63.12,17 / 20,2876009,2019-09-06 20:08:01:752,-0.1841,-0.1637,9.3593,0.012,-0.0177,9.8066,-0.0493,-0.04,0.0622,-19.37,-35.87,7.75,271.28,-81.02,174.47
52.381886,-1.457662,132.11,25.17,4,63.12,17 / 20,2876110,2019-09-06 20:08:01:853,0.4873,0.1936,8.9501,0.0034,-0.0022,9.8066,0.0731,-0.0253,0.0583,-19.69,-36.19,7.38,269.2,-81.27,175.02
52.381886,-1.457662,132.11,25.17,4,63.12,17 / 20,2876210,2019-09-06 20:08:01:953,-0.6477,0.596,9.8739,0.0591,-0.0041,9.8065,-0.0803,-0.0292,0.0058,-19.25,-36.5,6.94,269.56,-81.14,175.42
52.381886,-1.457662,132.11,25.17,4,63.12,17 / 20,2876310,2019-09-06 20:08:02:053,-0.7058,0.9467,9.8911,-0.0378,-0.0078,9.8066,0.0056,-0.026,0.0655,-19.25,-36.19,7.38,269.21,-81.11,175.13
52.381886,-1.457662,132.11,25.17,4,63.12,16 / 19,2876409,2019-09-06 20:08:02:152,0.6871,-0.894,9.6883,-0.0269,-0.0186,9.8066,0.0879,-0.0576,0.0386,-19.69,-35.81,7.69,273.87,-81.25,176.98
52.381886,-1.457662,132.11,25.17,4,63.12,16 / 19,2876510,2019-09-06 20:08:02:253,0.2321,-0.1299,9.9176,0.0022,-0.0034,9.8066,-0.1032,0.0338,-0.058,-19.94,-36.37,7.56,274.66,-81.3,177.67
52.381886,-1.457662,132.11,25.17,4,63.12,16 / 19,2876610,2019-09-06 20:08:02:353,-0.7276,0.7431,9.4098,0.0165,-0.0134,9.8066,-0.0357,-0.1048,0.0484,-19.87,-35.69,7.31,272.64,-81.21,178.59
52.381886,-1.457662,132.11,25.17,4,63.12,16 / 19,2876709,2019-09-06 20:08:02:452,0.4786,-0.2778,9.6503,-0.0271,0.0036,9.8065,-0.1339,-0.0214,-0.149,-19.62,-35.56,7.5,276.13,-81.4,178.96
52.381886,-1.457662,132.11,25.17,4,63.12,16 / 19,2876809,2019-09-06 20:08:02:552,0.9124,-1.1761,9.6676,-0.0088,-0.0172,9.8066,0.0825,-0.0664,0.1263,-19.94,-35.62,7.44,274.22,-81.37,179.89
52.381886,-1.457662,132.11,25.17,4,63.12,16 / 19,2876910,2019-09-06 20:08:02:653,1.2095,0.2358,8.8786,0.0285,0.0131,9.8065,-0.1668,-0.0027,-0.0587,-19.62,-35.56,7.56,277.22,-81.38,-179.95
52.381886,-1.457662,132.11,25.17,4,63.12,16 / 19,2877010,2019-09-06 20:08:02:753,-1.7064,0.3948,8.8857,0.0719,-0.0152,9.8064,-0.1972,0,0.0879,-19.62,-35.25,7.44,273.87,-81.12,179.54
52.381886,-1.457662,132.11,25.17,4,63.12,16 / 19,2877110,2019-09-06 20:08:02:853,-0.8515,0.8255,7.9371,-0.0405,-0.0099,9.8065,0.0586,-0.0638,0.0313,-20.25,-36.12,7.19,275.49,-81.43,-178.97
52.381886,-1.457662,132.11,25.17,4,63.12,16 / 19,2877210,2019-09-06 20:08:02:953,-1.006,1.1803,10.4406,0.0309,-0.0087,9.8065,-0.1644,0.0393,0.0473,-20.25,-36.25,8.06,278.41,-81.24,-178.54
52.381886,-1.457662,132.11,25.17,4,63.12,16 / 19,2877310,2019-09-06 20:08:03:053,1.3726,-0.224,10.894,-0.0024,-0.0063,9.8065,-0.2316,0.0367,-0.0069,-20.37,-35.25,7.81,280.21,-81.24,-177.22
52.38264,-1.454436,134.06,27.63,6,72.95,17 / 18,2877410,2019-09-06 20:08:03:153,0.041,-0.7638,10.6583,-0.0302,-0.0004,9.8065,0.2982,-0.1452,0.0854,-20.44,-35.37,7.81,280.82,-81.4,-176.91
52.38264,-1.454436,134.06,27.63,6,72.95,17 / 18,2877509,2019-09-06 20:08:03:252,0.3769,-0.8921,9.833,0.0439,-0.0079,9.8065,-0.1831,0.0183,-0.1046,-19.94,-35.56,7.5,280.03,-81.2,-176.89
52.38264,-1.454436,134.06,27.63,6,72.95,17 / 18,2877610,2019-09-06 20:08:03:353,0.6299,0.987,9.5154,-0.0218,0.0017,9.8066,-0.0739,-0.0111,0.0787,-19.94,-35.5,6.81,278.37,-81.15,-176.09
52.38264,-1.454436,134.06,27.63,6,72.95,17 / 18,2877710,2019-09-06 20:08:03:453,0.0622,0.3816,9.261,0.0102,-0.0048,9.8066,-0.1241,-0.0178,-0.0134,-20.75,-36.31,7.13,278.04,-81.22,-175.91
52.38264,-1.454436,134.06,27.63,6,72.95,17 / 18,2877810,2019-09-06 20:08:03:553,-1.4551,-0.0596,9.7134,-0.0591,-0.0039,9.8064,-0.183,0.0139,0.0669,-20.5,-35.81,7.81,282.6,-81.31,-174.63
52.38264,-1.454436,134.06,27.63,6,72.95,17 / 18,2877910,2019-09-06 20:08:03:653,1.3107,-0.201,9.2763,-0.0508,0.0036,9.8065,0.1149,-0.0519,0.0302,-20.37,-35.31,7.94,283.14,-81.27,-174.47
52.38264,-1.454436,134.06,27.63,6,72.95,17 / 18,2878010,2019-09-06 20:08:03:753,-0.5152,1.1259,8.9073,-0.0007,-0.0159,9.8066,0.0313,-0.0213,0.073,-20.56,-35.44,7.63,282.96,-81.27,-174.28
52.38264,-1.454436,134.06,27.63,6,72.95,17 / 18,2878110,2019-09-06 20:08:03:853,-0.136,1.6973,9.129,0.0094,-0.0089,9.8065,-0.0226,-0.0716,0.1119,-20.5,-35.5,7.38,282.02,-81.29,-172.81
52.38264,-1.454436,134.06,27.63,6,72.95,17 / 18,2878210,2019-09-06 20:08:03:953,1.7462,-0.1972,9.369,-0.0458,-0.0133,9.8065,-0.1753,0.0505,0.0502,-20.5,-35.94,7.94,286.04,-81.43,-171.6
52.38264,-1.454436,134.06,27.63,6,72.95,17 / 18,2878310,2019-09-06 20:08:04:053,0.6308,0.0833,8.8116,-0.0221,-0.0058,9.8065,0.0019,0.0454,0.1331,-20.69,-35.62,7.44,283.21,-81.15,-170.82
52.38264,-1.454436,134.06,27.63,6,72.95,15 / 18,2878409,2019-09-06 20:08:04:152,-1.746,0.6013,9.3916,-0.0631,0.0143,9.8063,-0.317,0.0365,-0.1334,-20.37,-35.69,7.75,285.91,-81.31,-171.5
52.38264,-1.454436,134.06,27.63,6,72.95,15 / 18,2878509,2019-09-06 20:08:04:252,0.1883,-0.4683,10.0689,-0.0146,-0.0168,9.8066,0.0919,-0.0636,0.1232,-20.75,-35.62,7.25,283.26,-81.12,-170.72
52.38264,-1.454436,134.06,27.63,6,72.95,15 / 18,2878610,2019-09-06 20:08:04:353,1.6138,-0.4074,9.4689,-0.0174,0.007,9.8066,-0.1306,-0.0324,-0.109,-21.25,-35.62,7.19,283.55,-81,-170.22
52.38264,-1.454436,134.06,27.63,6,72.95,15 / 18,2878710,2019-09-06 20:08:04:453,1.6333,0.4469,9.2174,0.0331,-0.0147,9.8065,-0.0033,-0.0249,0.0037,-20.87,-35.06,7.81,287.47,-81.18,-169.87
52.38264,-1.454436,134.06,27.63,6,72.95,15 / 18,2878809,2019-09-06 20:08:04:552,-0.733,1.3138,9.9964,0.0225,-0.0159,9.8066,0.0605,-0.0471,0.0178,-20.56,-34.94,7.63,288.02,-80.89,-168.9
52.38264,-1.454436,134.06,27.63,6,72.95,15 / 18,2878909,2019-09-06 20:08:04:652,-0.2772,0.7914,9.3547,0.0292,-0.0083,9.8066,-0.1606,0.0321,0.0197,-21.19,-35.81,7.5,287.87,-80.92,-168.68
52.38264,-1.454436,134.06,27.63,6,72.95,15 / 18,2879009,2019-09-06 20:08:04:752,-1.4857,0.3069,8.6533,-0.0199,0.0084,9.8065,-0.0122,0.0135,-0.1215,-20.75,-35.75,7.25,285.67,-81.15,-168.5
52.38264,-1.454436,134.06,27.63,6,72.95,15 / 18,2879109,2019-09-06 20:08:04:852,-0.1522,0.3737,10.1884,0.006,0.0019,9.8066,-0.0628,-0.0213,-0.0877,-20.62,-35.12,7.5,288.47,-81.14,-168.88
52.38264,-1.454436,134.06,27.63,6,72.95,15 / 18,2879210,2019-09-06 20:08:04:953,-1.2815,0.6331,10.6527,0.0235,-0.0202,9.8066,0.0411,-0.0576,0.0513,-21,-35.62,6.5,286.53,-81.31,-167.94
52.38264,-1.454436,134.06,27.63,6,72.95,15 / 18,2879310,2019-09-06 20:08:05:053,-0.2224,0.8534,10.8726,0.0068,0.0078,9.8065,-0.0201,-0.0965,-0.1125,-21.06,-35.94,6.81,286.66,-81.19,-167.62
52.38264,-1.454436,134.06,27.63,6,72.95,16 / 18,2879409,2019-09-06 20:08:05:152,-1.7515,-0.9574,9.0839,0.0513,-0.0215,9.8064,0.2329,0.0072,0.2628,-20.62,-35.69,7.19,286.63,-81.1,-167.51
52.38264,-1.454436,134.06,27.63,6,72.95,16 / 18,2879510,2019-09-06 20:08:05:253,-0.5174,-0.3578,9.5678,-0.0417,0.0094,9.8065,-0.0367,-0.0683,0.0753,-20.87,-35.56,6.81,288.04,-80.94,-165.92
52.38264,-1.454436,134.06,27.63,6,72.95,16 / 18,2879610,2019-09-06 20:08:05:353,1.7275,1.1102,9.8944,0.0097,0.0021,9.8066,-0.0406,-0.0778,0.109,-21.25,-35.75,7.13,287.19,-81.03,-166.86
52.38264,-1.454436,134.06,27.63,6,72.95,16 / 18,2879710,2019-09-06 20:08:05:453,-1.5663,0.7379,9.8759,0.0592,-0.0279,9.8064,-0.0401,0.078,0.1291,-21.19,-35.81,7.38,287.67,-80.85,-166.11
52.38264,-1.454436,134.06,27.63,6,72.95,16 / 18,2879810,2019-09-06 20:08:05:553,0.7025,0.6998,8.195,-0.0498,0.0008,9.8065,-0.1847,0.0149,-0.1063,-21.5,-35.31,6.81,290.41,-81.05,-164.32
52.38264,-1.454436,134.06,27.63,6,72.95,16 / 18,2879909,2019-09-06 20:08:05:652,0.1154,-1.0603,8.7654,-0.0222,0.0022,9.8066,0.141,-0.0274,0.0732,-22.06,-35.69,6.69,289.97,-81.26,-164.45
52.38264,-1.454436,134.06,27.63,6,72.95,16 / 18,2880009,2019-09-06 20:08:05:752,-1.7796,2.1441,9.7765,0.0193,0.0017,9.8066,0.0565,-0.1733,0.0477,-21.56,-34.69,6.88,290.93,-81.16,-163.79
52.38264,-1.454436,134.06,27.63,6,72.95,16 / 18,2880109,2019-09-06 20:08:05:852,0.0618,0.5396,9.7226,0.0225,0.0163,9.8066,-0.0773,0.0188,0.076,-21.06,-35.5,6.38,287.26,-81.26,-164.91
52.38264,-1.454436,134.06,27.63,6,72.95,16 / 18,2880209,2019-09-06 20:08:05:952,-0.2789,1.3163,9.0759,-0.0261,-0.0104,9.8065,0.1982,-0.0819,0.1202,-21.37,-35.44,6.69,290.12,-81.13,-164.72
52.38264,-1.454436,134.06,27.63,6,72.95,16 / 18,2880310,2019-09-06 20:08:06:053,0.726,0.4451,10.9464,0.0394,-0.0093,9.8065,0.0705,-0.0447,0.0167,-21.44,-34.94,6.94,290.94,-81.26,-164.16
52.38264,-1.454436,134.06,27.63,6,72.95,14 / 16,2880409,2019-09-06 20:08:06:152,-0.4377,1.6958,10.2368,0.0523,-0.0234,9.8064,-0.0473,-0.0573,0.066,-20.94,-35.19,7.13,291.18,-80.91,-163.39
52.38264,-1.454436,134.06,27.63,6,72.95,14 / 16,2880509,2019-09-06 20:08:06:252,-1.0518,0.5811,10.5769,0.0003,0.0036,9.8065,0.021,-0.0096,0.0659,-21.31,-34.94,6.5,291.83,-81.1,-163.09
52.38264,-1.454436,134.06,27.63,6,72.95,14 / 16,2880610,2019-09-06 20:08:06:353,-0.0128,1.9042,9.574,0.0517,-0.0195,9.8064,0.0478,0.0086,0.165,-21.37,-35.12,6.69,292.21,-80.95,-162.51
52.38264,-1.454436,134.06,27.63,6,72.95,14 / 16,2880709,2019-09-06 20:08:06:452,-0.0094,0.2517,9.583,0.0277,-0.0041,9.8066,-0.1201,0.0347,-0.0869,-21.75,-34.81,6.75,292.66,-80.98,-161.93
52.38264,-1.454436,134.06,27.63,6,72.95,14 / 16,2880810,2019-09-06 20:08:06:553,-1.5617,0.5279,10.0382,0.0059,-0.0029,9.8066,0.1371,0.0249,0.1377,-21.44,-35.5,6.81,292.69,-81.09,-162.3
52.38264,-1.454436,134.06,27.63,6,72.95,14 / 16,2880909,2019-09-06 20:08:06:652,-1.0928,0.4154,10.169,0.004,-0.0024,9.8066,-0.2135,-0.0731,-0.1476,-21.69,-35.12,7,292.67,-80.92,-161.82
52.38264,-1.454436,134.06,27.63,6,72.95,14 / 16,2881010,2019-09-06 20:08:06:753,0.4885,-0.435,9.3274,-0.029,0.0084,9.8065,0.0256,-0.014,0.0173,-21.37,-34.94,6.25,289.81,-81.22,-162.48
52.38264,-1.454436,134.06,27.63,6,72.95,14 / 16,2881109,2019-09-06 20:08:06:852,-0.4261,0.4921,8.8568,-0.0178,-0.0143,9.8065,-0.1012,-0.0412,-0.0717,-21.56,-35.12,6.5,293.43,-81.16,-161.51
52.38264,-1.454436,134.06,27.63,6,72.95,14 / 16,2881210,2019-09-06 20:08:06:953,1.4037,0.2628,8.3875,0.0243,0.0129,9.8066,-0.2348,-0.06,-0.091,-21.5,-35,6.19,289.89,-81.07,-162.15
52.38264,-1.454436,134.06,27.63,6,72.95,14 / 16,2881310,2019-09-06 20:08:07:053,-1.4879,1.8296,10.3707,0.005,-0.0011,9.8066,0.219,-0.0178,0.0485,-21.12,-35.19,6.88,293.53,-81.32,-161.89
52.38264,-1.454436,134.06,27.63,6,72.95,14 / 16,2881409,2019-09-06 20:08:07:152,-1.0811,2.1455,9.5398,0.0344,0.0043,9.8065,-0.2011,-0.0266,-0.041,-21.94,-35.37,6.19,289.42,-81.02,-162.41
52.38264,-1.454436,134.06,27.63,6,72.95,14 / 16,2881510,2019-09-06 20:08:07:253,-0.7113,0.5079,9.2026,-0.0445,-0.0157,9.8065,-0.163,-0.0636,0.0889,-21.69,-34.81,6,289.02,-81.08,-162.87
52.38264,-1.454436,134.06,27.63,6,72.95,14 / 16,2881609,2019-09-06 20:08:07:352,-0.3215,0.6722,10.8686,-0.047,-0.008,9.8065,0.0776,-0.078,-0.0979,-22.12,-35.06,6.5,294.14,-81.14,-160.82
52.38264,-1.454436,134.06,27.63,6,72.95,14 / 16,2881710,2019-09-06 20:08:07:453,-0.4432,1.4834,9.534,0.0166,-0.0046,9.8066,-0.0912,0.0307,0.1252,-21.69,-34.94,6.44,291.43,-81.19,-160.83
52.38264,-1.454436,134.06,27.63,6,72.95,14 / 16,2881810,2019-09-06 20:08:07:553,-0.3523,0.6155,8.8638,0.0142,-0.0016,9.8065,-0.0918,-0.0479,0.0103,-21.94,-35.19,5.81,292.42,-81.2,-159.94
52.38264,-1.454436,134.06,27.63,6,72.95,14 / 16,2881910,2019-09-06 20:08:07:653,-0.6598,0.5195,9.982,-0.0309,0.0079,9.8065,0.0084,-0.0177,-0.0091,-21.37,-34.81,5.88,292.9,-81.35,-159.85
52.38264,-1.454436,134.06,27.63,6,72.95,14 / 16,2882010,2019-09-06 20:08:07:753,-2.9602,0.44,9.4217,-0.028,0.0065,9.8065,0.1024,-0.1324,-0.009,-21.44,-35.5,6.75,295.02,-81.36,-160.62
52.38264,-1.454436,134.06,27.63,6,72.95,14 / 16,2882110,2019-09-06 20:08:07:853,-2.0087,0.7528,9.6429,0.011,0.0143,9.8066,-0.0551,-0.1023,0.1167,-21.5,-35.31,6.13,291.06,-81.27,-161.4
52.38264,-1.454436,134.06,27.63,6,72.95,14 / 16,2882209,2019-09-06 20:08:07:952,0.6854,0.0097,9.5972,0.01,0.0012,9.8066,0.0898,0.0238,0.0538,-21.81,-35.75,6.63,292.73,-81.31,-162
52.38264,-1.454436,134.06,27.63,6,72.95,14 / 16,2882309,2019-09-06 20:08:08:052,-0.1319,0.8288,9.9183,-0.0004,-0.0011,9.8066,0.1495,-0.0864,-0.0159,-21.25,-34.94,5.75,291.1,-81.43,-161.62
52.38264,-1.454436,134.06,27.63,6,72.95,17 / 18,2882409,2019-09-06 20:08:08:152,-1.5511,1.3475,10.4643,0.022,0.0015,9.8065,-0.1022,-0.0641,0.0195,-21.37,-35.56,5.94,291.02,-81.45,-161.36
52.38264,-1.454436,134.06,27.63,6,72.95,17 / 18,2882510,2019-09-06 20:08:08:253,0.9495,1.1822,9.6653,0.0299,-0.0018,9.8065,-0.0423,0.0577,0.0667,-21.5,-34.87,6.19,290.67,-81.15,-161.57
52.38264,-1.454436,134.06,27.63,6,72.95,17 / 18,2882609,2019-09-06 20:08:08:352,-0.9397,0.9308,9.2939,0.0099,0.0025,9.8066,0.0198,0,0.0629,-21.69,-35.12,6,289.93,-81.06,-162
52.38264,-1.454436,134.06,27.63,6,72.95,17 / 18,2882710,2019-09-06 20:08:08:453,-0.7477,0.5268,9.4539,0.0002,0.0024,9.8066,-0.1348,0.0621,-0.0284,-21.56,-34.94,6.06,290.59,-81.1,-161.45
52.38264,-1.454436,134.06,27.63,6,72.95,17 / 18,2882810,2019-09-06 20:08:08:553,0.6557,0.9499,9.5621,-0.0326,0.013,9.8065,0.0889,0.036,0.0301,-21.5,-35,6.25,290.97,-81.39,-161.69
52.38264,-1.454436,134.06,27.63,6,72.95,17 / 18,2882910,2019-09-06 20:08:08:653,1.3252,0.5835,9.3936,0.0507,-0.006,9.8065,-0.1714,0.0561,0.0022,-21.87,-34.87,6.13,291.13,-81.43,-161.47
52.38264,-1.454436,134.06,27.63,6,72.95,17 / 18,2883010,2019-09-06 20:08:08:753,-0.045,0.9568,9.3879,0.0151,0.0082,9.8066,0.0757,0.0046,0.0259,-21.37,-35.31,5.81,291.36,-81.4,-161.33
52.38264,-1.454436,134.06,27.63,6,72.95,17 / 18,2883110,2019-09-06 20:08:08:853,-0.6901,-0.0372,10.4122,0.0092,0.0041,9.8065,0.0334,0.0634,-0.1554,-20.94,-34.94,6,290.6,-81.37,-161.98
52.38264,-1.454436,134.06,27.63,6,72.95,17 / 18,2883210,2019-09-06 20:08:08:953,0.4709,0.0466,9.5917,-0.0001,0.0165,9.8066,0.0976,0.0069,0.0801,-21.56,-35.31,6.19,288.75,-81.31,-163.49
52.38264,-1.454436,134.06,27.63,6,72.95,17 / 18,2883310,2019-09-06 20:08:09:053,0.5839,-0.1948,8.846,0.0003,-0.0074,9.8066,0.139,-0.0101,-0.0861,-21.25,-34.75,6.19,288.85,-81.3,-163.49
52.38264,-1.454436,134.06,27.63,6,72.95,16 / 19,2883410,2019-09-06 20:08:09:153,-0.4806,1.8871,10.8983,-0.0153,0.0089,9.8066,0.3519,0.1165,0.1133,-21,-35.06,5.75,289.16,-81.2,-163.05
52.38264,-1.454436,134.06,27.63,6,72.95,16 / 19,2883509,2019-09-06 20:08:09:252,-0.0658,0.9526,8.989,-0.0315,0.0058,9.8066,-0.0975,0.0118,0.0246,-21.56,-35.37,5.75,289.19,-81.38,-163.18
52.38264,-1.454436,134.06,27.63,6,72.95,16 / 19,2883609,2019-09-06 20:08:09:352,0.0601,0.0802,8.8289,0.0036,-0.0004,9.8066,0.0578,0.0363,0.074,-21.25,-35,5.94,290.61,-81.31,-161.89
52.38264,-1.454436,134.06,27.63,6,72.95,16 / 19,2883710,2019-09-06 20:08:09:453,-0.6548,1.3584,9.726,0.0299,0.0108,9.8066,-0.0133,0.0721,-0.0671,-21.25,-35.12,5.44,287.35,-81.44,-162.41
52.38264,-1.454436,134.06,27.63,6,72.95,16 / 19,2883810,2019-09-06 20:08:09:553,-1.4882,0.9846,9.7412,0.0426,0.0065,9.8065,0.0645,0.0429,0.0388,-21.62,-35.25,5.69,289.58,-81.27,-162.66
52.38264,-1.454436,134.06,27.63,6,72.95,16 / 19,2883910,2019-09-06 20:08:09:653,-0.1184,0.3301,10.1634,0.0433,0.0084,9.8065,0.1204,-0.0191,-0.0844,-21.25,-34.81,5.44,285.94,-81.32,-163.51
52.38264,-1.454436,134.06,27.63,6,72.95,16 / 19,2884010,2019-09-06 20:08:09:753,-0.7923,2.0595,10.4913,-0.0066,-0.0068,9.8066,0.1862,0.0377,0.0989,-21.12,-35.19,5.69,288.55,-81.3,-163.76
52.38264,-1.454436,134.06,27.63,6,72.95,16 / 19,2884110,2019-09-06 20:08:09:853,0.6605,1.0192,9.962,-0.0095,0.0105,9.8066,-0.1403,0.108,-0.0054,-21.44,-34.75,5.44,285.52,-81.51,-164.23
52.38264,-1.454436,134.06,27.63,6,72.95,16 / 19,2884210,2019-09-06 20:08:09:953,0.4375,0.1584,9.857,0.0352,-0.0194,9.8065,0.0188,-0.0847,0.0853,-21,-34.75,5.38,286.88,-81.64,-163.18
52.38264,-1.454436,134.06,27.63,6,72.95,16 / 19,2884310,2019-09-06 20:08:10:053,-1.9345,-0.596,9.5424,0.0574,0.0092,9.8065,0.16,0.0696,-0.1159,-21.31,-35.75,5.06,285.87,-81.48,-163.47
52.38264,-1.454436,134.06,27.63,6,72.95,16 / 19,2884409,2019-09-06 20:08:10:152,-0.2039,1.8518,10.2962,-0.0154,0.0117,9.8066,0.0432,-0.0468,0.0316,-21,-35.06,5.25,286.36,-81.64,-163.66
52.38264,-1.454436,134.06,27.63,6,72.95,16 / 19,2884510,2019-09-06 20:08:10:253,-1.2601,0.9899,10.1113,0.0289,0.006,9.8066,-0.1185,-0.0241,-0.0663,-20.94,-35.62,5.38,284.68,-81.76,-165.06
52.38264,-1.454436,134.06,27.63,6,72.95,16 / 19,2884609,2019-09-06 20:08:10:352,0.732,1.4976,9.561,0.0288,0.0008,9.8066,0.2516,0.0257,0.044,-20.81,-35.06,5.75,287.66,-81.69,-165.23
52.38264,-1.454436,134.06,27.63,6,72.95,16 / 19,2884713,2019-09-06 20:08:10:456,-0.0327,0.5397,9.249,-0.0088,-0.0018,9.8066,-0.2068,-0.0497,-0.0126,-21.25,-35.56,5.19,283.42,-81.66,-166.09
52.38264,-1.454436,134.06,27.63,6,72.95,16 / 19,2884810,2019-09-06 20:08:10:553,-1.8953,1.6788,9.6229,0.0191,-0.0129,9.8066,0.0264,-0.0461,0.1166,-20.94,-35.25,5.5,287.32,-81.62,-165.45
52.38264,-1.454436,134.06,27.63,6,72.95,16 / 19,2884909,2019-09-06 20:08:10:652,-1.1579,1.2308,9.0144,0.0682,0.0074,9.8064,-0.0562,-0.0003,0.0085,-20.44,-35.5,5.13,283.1,-81.39,-166.3
52.38264,-1.454436,134.06,27.63,6,72.95,16 / 19,2885009,2019-09-06 20:08:10:752,0.1055,0.9337,10.191,-0.0914,-0.012,9.8062,-0.3096,0.033,0.0664,-20.5,-35.19,5.56,288.88,-81.93,-164.66
52.38264,-1.454436,134.06,27.63,6,72.95,16 / 19,2885109,2019-09-06 20:08:10:852,0.5975,0.7216,9.4836,-0.0791,-0.0056,9.8063,0.0114,-0.0249,0.0474,-20.81,-35.37,5.25,286.22,-81.92,-164.26
52.38264,-1.454436,134.06,27.63,6,72.95,16 / 19,2885209,2019-09-06 20:08:10:952,-1.1231,1.9409,9.8346,-0.0036,0.0117,9.8066,-0.0042,0.0503,-0.0446,-20.94,-35.75,4.88,284.91,-81.85,-165
52.38264,-1.454436,134.06,27.63,6,72.95,16 / 19,2885310,2019-09-06 20:08:11:053,-1.5358,0.8328,9.359,0.0255,0.0112,9.8065,-0.1786,-0.0118,-0.0301,-20.81,-35.12,5.19,284.08,-81.84,-166.16
52.38264,-1.454436,134.06,27.63,6,72.95,15 / 18,2885410,2019-09-06 20:08:11:153,-1.7129,1.5737,10.0947,-0.0103,-0.0128,9.8066,0.0009,-0.0841,0.0532,-20.62,-35.44,5.25,284.51,-81.87,-165.8
52.38264,-1.454436,134.06,27.63,6,72.95,15 / 18,2885509,2019-09-06 20:08:11:252,-1.5943,1.7099,9.4508,-0.0007,0.0063,9.8066,0.0401,0.0806,-0.1282,-20.69,-35.5,4.56,283.46,-81.83,-166.72
52.38264,-1.454436,134.06,27.63,6,72.95,15 / 18,2885610,2019-09-06 20:08:11:353,0.5852,0.9693,10.4344,-0.0399,-0.0082,9.8065,-0.1171,0.0213,0.0368,-21.19,-35,5.19,285.28,-81.99,-165.27
52.38264,-1.454436,134.06,27.63,6,72.95,15 / 18,2885709,2019-09-06 20:08:11:452,-1.5238,1.3459,10.0505,-0.0098,0.0128,9.8066,-0.0712,-0.0554,-0.0892,-20.87,-34.87,4.56,284.32,-81.87,-165.98
52.38264,-1.454436,134.06,27.63,6,72.95,15 / 18,2885810,2019-09-06 20:08:11:553,-2.4067,0.6947,10.3243,-0.0303,-0.0122,9.8066,-0.0457,0.0613,0.0913,-20.87,-35.37,4.56,284.04,-81.91,-166.3
52.38264,-1.454436,134.06,27.63,6,72.95,15 / 18,2885910,2019-09-06 20:08:11:653,0.3325,0.2359,10.2618,0.0258,0.01,9.8065,0.097,0.1567,-0.0681,-20.87,-34.81,4.63,286.04,-82.03,-164.61
52.38264,-1.454436,134.06,27.63,6,72.95,15 / 18,2886010,2019-09-06 20:08:11:753,-0.4875,0.0934,10.9198,0.0535,-0.0127,9.8064,0.108,-0.0553,0.0193,-21.06,-35.37,4.63,285.75,-81.85,-164.59
52.38264,-1.454436,134.06,27.63,6,72.95,15 / 18,2886109,2019-09-06 20:08:11:852,-0.611,1.789,10.2504,0.0058,0.0178,9.8066,-0.1755,0.0459,-0.1956,-20.62,-35.56,4.69,285.12,-82.04,-165.12
52.38264,-1.454436,134.06,27.63,6,72.95,15 / 18,2886209,2019-09-06 20:08:11:952,-0.6968,0.1186,9.7722,0.0181,-0.004,9.8065,0.1477,-0.0231,0.103,-20.94,-35.06,4,281.64,-82.05,-166.1
52.38264,-1.454436,134.06,27.63,6,72.95,15 / 18,2886309,2019-09-06 20:08:12:052,-0.3727,2.2436,10.2616,0.0023,0.0039,9.8066,-0.0494,0.1068,-0.1158,-20.5,-35.5,4.56,284.81,-82.06,-165.87
52.383434,-1.451054,135.89,26.74,6,63.43,17 / 19,2886409,2019-09-06 20:08:12:152,-1.6595,1.2149,10.4893,0.0043,-0.0135,9.8066,0.1795,-0.0079,0.0542,-20.81,-36,4.25,281.05,-82.11,-166.39
52.383434,-1.451054,135.89,26.74,6,63.43,17 / 19,2886510,2019-09-06 20:08:12:253,0.8515,1.2746,9.5306,0.0031,0.0036,9.8066,0.0078,0,-0.0361,-20.81,-34.94,4.69,284.69,-81.99,-165.83
52.383434,-1.451054,135.89,26.74,6,63.43,17 / 19,2886609,2019-09-06 20:08:12:352,-0.3676,-0.3578,9.2843,0.0024,0.0088,9.8066,-0.1177,0.0776,-0.0025,-20.94,-35.06,4,281.68,-82.06,-166.08
52.383434,-1.451054,135.89,26.74,6,63.43,17 / 19,2886710,2019-09-06 20:08:12:453,-0.8988,0.0353,9.5882,0.0111,0.0034,9.8066,0.0109,0.0248,0.0188,-21,-35.25,4.19,282.25,-82.32,-165.97
52.383434,-1.451054,135.89,26.74,6,63.43,17 / 19,2886809,2019-09-06 20:08:12:552,-0.5814,0.8112,9.8036,0.0233,-0.0028,9.8065,-0.021,-0.0214,0.1077,-21.12,-35.87,4.06,282.05,-82.36,-165.87
52.383434,-1.451054,135.89,26.74,6,63.43,17 / 19,2886911,2019-09-06 20:08:12:654,-0.7451,0.9118,10.5882,0.0196,0.0015,9.8066,0.0348,0.0411,0.0098,-21,-35.56,3.38,279.39,-82.46,-165.86
52.383434,-1.451054,135.89,26.74,6,63.43,17 / 19,2887010,2019-09-06 20:08:12:753,0.5139,0.9331,10.4031,0.0499,-0.0078,9.8064,-0.0651,-0.0051,0.0725,-20.5,-35.81,4.31,282.36,-82.41,-165.56
52.383434,-1.451054,135.89,26.74,6,63.43,17 / 19,2887109,2019-09-06 20:08:12:852,-0.4436,0.2302,10.2859,0.0536,0.0132,9.8064,-0.1001,0.0368,-0.0557,-21,-35.62,3.88,280.59,-81.99,-166.63
52.383434,-1.451054,135.89,26.74,6,63.43,17 / 19,2887209,2019-09-06 20:08:12:952,-0.9677,1.6471,9.1646,-0.0104,-0.0091,9.8066,0.0227,-0.0504,-0.0083,-20.56,-35.62,4.06,280.93,-82.14,-166.55
52.383434,-1.451054,135.89,26.74,6,63.43,17 / 19,2887310,2019-09-06 20:08:13:053,-2.2222,1.0709,8.374,0.006,-0.0015,9.8066,-0.1727,0.0766,0.0283,-20.31,-35.56,3.63,281.16,-82.2,-166.33
52.383434,-1.451054,135.89,26.74,6,63.43,17 / 19,2887409,2019-09-06 20:08:13:152,-0.631,1.1711,10.0139,-0.0085,0.0128,9.8065,0.0309,-0.0352,-0.0233,-20.75,-35.31,3.56,282.06,-82.49,-166.44
52.383434,-1.451054,135.89,26.74,6,63.43,17 / 19,2887510,2019-09-06 20:08:13:253,-0.3622,1.0389,9.1135,0.0294,-0.01,9.8066,0.1765,0.0787,0.1263,-20.69,-35.87,3.56,281.6,-82.22,-166.05
52.383434,-1.451054,135.89,26.74,6,63.43,17 / 19,2887609,2019-09-06 20:08:13:352,-1.4356,1.0045,10.7982,-0.0465,0.0197,9.8064,-0.1497,0.0264,0.0241,-20.69,-35.62,4.19,281.45,-82.49,-166.67
52.383434,-1.451054,135.89,26.74,6,63.43,17 / 19,2887710,2019-09-06 20:08:13:453,1.0982,2.2286,9.3137,0.0336,-0.0054,9.8065,0.2186,-0.0296,0.0187,-21.44,-35.19,3.5,280.7,-82.14,-167.16
52.383434,-1.451054,135.89,26.74,6,63.43,17 / 19,2887810,2019-09-06 20:08:13:553,-0.2284,-0.4515,9.6507,0.0242,0.0026,9.8065,-0.123,0.1005,-0.063,-20.81,-35.44,3.69,281.29,-82.33,-166.92
52.383434,-1.451054,135.89,26.74,6,63.43,17 / 19,2887910,2019-09-06 20:08:13:653,-1.6092,1.7278,9.0838,0.0024,0.0065,9.8066,-0.0266,-0.0331,0.0025,-21.19,-34.94,3.31,279.52,-82.4,-165.99
52.383434,-1.451054,135.89,26.74,6,63.43,17 / 19,2888010,2019-09-06 20:08:13:753,-0.7866,-0.4978,9.1746,-0.0348,-0.0162,9.8065,-0.0991,-0.0059,-0.0238,-21.19,-35.94,3.75,281.33,-82.4,-166.63
52.383434,-1.451054,135.89,26.74,6,63.43,17 / 19,2888110,2019-09-06 20:08:13:853,-1.1296,-0.2632,9.7758,-0.0612,0.0022,9.8064,-0.2129,0.0446,-0.0104,-20.94,-35.12,3.94,282.72,-82.58,-165.97
52.383434,-1.451054,135.89,26.74,6,63.43,17 / 19,2888210,2019-09-06 20:08:13:953,1.6165,0.7746,10.8846,-0.0575,-0.0029,9.8064,0.1072,-0.0491,0.0153,-20.87,-35.69,3.38,278.74,-82.57,-166.69
52.383434,-1.451054,135.89,26.74,6,63.43,17 / 19,2888310,2019-09-06 20:08:14:053,1.2789,0.4163,10.4034,0.0035,0.0025,9.8066,-0.0002,-0.009,-0.0338,-20.81,-35.62,3.88,280.09,-82.38,-167.79
52.383434,-1.451054,135.89,26.74,6,63.43,17 / 18,2888409,2019-09-06 20:08:14:152,1.37,0.2789,10.473,0.0358,-0.0024,9.8065,-0.1653,0.1001,0.0698,-20.5,-35.56,3.81,280.61,-82.41,-167.25
52.383434,-1.451054,135.89,26.74,6,63.43,17 / 18,2888510,2019-09-06 20:08:14:253,-0.1972,0.0467,9.0482,0.0084,0.0109,9.8066,-0.0134,0.0549,-0.1075,-20.69,-35.5,3.38,278.21,-82.38,-167.22
52.383434,-1.451054,135.89,26.74,6,63.43,17 / 18,2888609,2019-09-06 20:08:14:352,-1.4274,0.0619,10.1141,0.0363,0.0051,9.8065,-0.0467,0.0253,-0.0611,-20.75,-35.62,3.81,280.14,-82.37,-167.73
52.383434,-1.451054,135.89,26.74,6,63.43,17 / 18,2888710,2019-09-06 20:08:14:453,-2.1419,0.5348,9.4497,-0.0323,-0.0005,9.8065,-0.0314,0.0982,-0.0249,-20.62,-35.19,3.25,279.38,-82.6,-166.47
52.383434,-1.451054,135.89,26.74,6,63.43,17 / 18,2888810,2019-09-06 20:08:14:553,-0.5262,-0.0877,10.273,0.0041,-0.0018,9.8066,0.031,-0.0255,-0.0401,-20.06,-35.25,3.5,281.94,-82.54,-166.58
52.383434,-1.451054,135.89,26.74,6,63.43,17 / 18,2888909,2019-09-06 20:08:14:652,-1.1464,1.5989,9.0879,-0.0174,-0.0036,9.8065,-0.0076,0.0037,0.0746,-21.06,-35.06,3.88,282.04,-82.57,-166.6
52.383434,-1.451054,135.89,26.74,6,63.43,17 / 18,2889010,2019-09-06 20:08:14:753,-0.4305,1.8649,9.503,-0.0142,0.0156,9.8065,0.0986,0.0093,-0.0298,-20.81,-35.25,3.56,281.56,-82.55,-167.03
52.383434,-1.451054,135.89,26.74,6,63.43,17 / 18,2889109,2019-09-06 20:08:14:852,1.0565,0.9574,10.3857,-0.0119,0,9.8066,-0.1794,-0.0175,0.0421,-20.44,-35.12,3.81,280.52,-82.54,-167.94
52.383434,-1.451054,135.89,26.74,6,63.43,17 / 18,2889210,2019-09-06 20:08:14:953,-0.6327,1.6445,10.281,-0.0235,0.0056,9.8065,-0.0632,0.1174,-0.0505,-20.44,-35.12,3.06,277.98,-82.74,-167.89
52.383434,-1.451054,135.89,26.74,6,63.43,17 / 18,2889310,2019-09-06 20:08:15:053,0.8912,0.2156,8.5558,0.049,-0.0011,9.8064,0.1393,-0.0479,-0.0846,-20.69,-35.69,3.06,277.33,-82.48,-167.9
52.383434,-1.451054,135.89,26.74,6,63.43,16 / 17,2889410,2019-09-06 20:08:15:153,-0.9221,1.7431,10.2773,0.0376,0.0079,9.8065,-0.1826,0.0742,-0.018,-20.5,-35,3.19,277.16,-82.65,-168.51
52.383434,-1.451054,135.89,26.74,6,63.43,16 / 17,2889510,2019-09-06 20:08:15:253,-0.8719,-0.5234,9.4239,-0.0553,0.0071,9.8065,-0.0929,0.1629,-0.0785,-20.87,-34.94,3.69,280.58,-82.52,-167.91
52.383434,-1.451054,135.89,26.74,6,63.43,16 / 17,2889609,2019-09-06 20:08:15:352,-0.0319,-0.5363,9.7014,-0.0144,-0.0151,9.8066,0.2033,-0.0009,0.0886,-20.31,-35.56,3.81,280.8,-82.72,-167.63
52.383434,-1.451054,135.89,26.74,6,63.43,16 / 17,2889709,2019-09-06 20:08:15:452,-0.7807,0.3805,10.191,-0.0132,0.0129,9.8066,0.0757,0.0028,-0.0676,-20.87,-35.31,3.69,280.36,-82.74,-168.5
52.383434,-1.451054,135.89,26.74,6,63.43,16 / 17,2889810,2019-09-06 20:08:15:553,0.7515,-0.8705,10.9954,-0.0253,-0.0074,9.8065,0.1013,-0.0914,0.1092,-20.25,-35.12,3.19,277.78,-82.84,-168.25
52.383434,-1.451054,135.89,26.74,6,63.43,16 / 17,2889909,2019-09-06 20:08:15:652,0.4115,0.7996,10.5893,0.0293,0.02,9.8065,-0.0804,0.06,-0.0502,-20.56,-35.75,3.5,279.56,-82.68,-168.84
52.383434,-1.451054,135.89,26.74,6,63.43,16 / 17,2890009,2019-09-06 20:08:15:752,1.2481,-0.301,9.4186,0.0115,-0.0018,9.8066,0.042,-0.0289,-0.015,-20.75,-35.75,3.69,279.8,-82.73,-168.68
52.383434,-1.451054,135.89,26.74,6,63.43,16 / 17,2890110,2019-09-06 20:08:15:853,1.7994,0.7075,9.0651,0.022,0.0021,9.8066,-0.202,0.0055,-0.0304,-20.56,-35.31,3.06,277.24,-82.87,-169.02
52.383434,-1.451054,135.89,26.74,6,63.43,16 / 17,2890210,2019-09-06 20:08:15:953,-1.4881,0.3467,9.8741,0.0587,0.0028,9.8064,-0.2217,0.0029,0.0188,-20.81,-35.25,3.19,276.74,-82.69,-169.21
52.383434,-1.451054,135.89,26.74,6,63.43,16 / 17,2890310,2019-09-06 20:08:16:053,0.7559,1.4457,10.2114,-0.0151,-0.0026,9.8065,0.0394,-0.0121,0.0027,-20.56,-35.5,2.94,277.66,-82.93,-168.72
52.383434,-1.451054,135.89,26.74,6,63.43,17 / 20,2890409,2019-09-06 20:08:16:152,-0.0839,1.7585,9.5927,-0.0059,0.008,9.8066,0.0668,0.0834,0.0171,-20.62,-35.81,3.44,276.36,-82.9,-169.61
52.383434,-1.451054,135.89,26.74,6,63.43,17 / 20,2890510,2019-09-06 20:08:16:253,0.2381,1.155,9.4653,-0.0208,-0.0048,9.8065,0.05,-0.0294,0.0689,-20.5,-35.5,2.63,276.71,-82.85,-169.33
52.383434,-1.451054,135.89,26.74,6,63.43,17 / 20,2890609,2019-09-06 20:08:16:352,-1.6489,1.036,10.2456,-0.021,0.0101,9.8066,0.1365,0.0921,0.0263,-20.44,-35.5,2.38,273.39,-82.91,-169.8
52.383434,-1.451054,135.89,26.74,6,63.43,17 / 20,2890709,2019-09-06 20:08:16:452,-0.4238,1.3291,10.2226,-0.0008,-0.0119,9.8066,0.0892,-0.0666,0.0262,-20.19,-35.25,2.88,276.36,-82.96,-169.86
52.383434,-1.451054,135.89,26.74,6,63.43,17 / 20,2890810,2019-09-06 20:08:16:553,0.044,-0.5275,9.4768,0.0252,-0.0056,9.8066,0.0704,-0.0801,0.146,-20.75,-35.56,2.75,276.35,-83.24,-170.2
52.383434,-1.451054,135.89,26.74,6,63.43,17 / 20,2890910,2019-09-06 20:08:16:653,-0.6325,0.3791,9.7703,-0.0092,-0.0056,9.8066,0.1307,0.0113,0.0413,-20.44,-35.25,1.94,274.31,-83.21,-169.44
52.383434,-1.451054,135.89,26.74,6,63.43,17 / 20,2891010,2019-09-06 20:08:16:753,-0.2879,-1.1879,10.8433,-0.016,0.0012,9.8065,-0.0607,0.0939,-0.0486,-20.87,-35.44,2.88,277.17,-83.12,-169.52
52.383434,-1.451054,135.89,26.74,6,63.43,17 / 20,2891109,2019-09-06 20:08:16:852,0.6485,1.3189,9.3578,0.0104,0.0077,9.8066,-0.0632,0.0233,0.1157,-20.5,-35.5,2.81,275.52,-83.04,-170.83
52.383434,-1.451054,135.89,26.74,6,63.43,17 / 20,2891210,2019-09-06 20:08:16:953,-0.2929,-0.2171,9.8972,0.0269,-0.0148,9.8066,-0.042,0.1431,-0.1811,-21.06,-35.37,2.56,276.05,-82.87,-170.19
52.383434,-1.451054,135.89,26.74,6,63.43,17 / 20,2891310,2019-09-06 20:08:17:053,1.3743,1.0243,9.6589,-0.0385,-0.01,9.8065,0.1894,-0.0063,0.0064,-20.25,-35.06,3,276.32,-83.17,-170.27
52.383434,-1.451054,135.89,26.74,6,63.43,18 / 20,2891409,2019-09-06 20:08:17:152,-1.3575,0.7254,9.0952,-0.0006,-0.0016,9.8066,-0.0039,0.0817,0.0272,-20.75,-35.25,3.19,276.5,-83.02,-170
52.383434,-1.451054,135.89,26.74,6,63.43,18 / 20,2891510,2019-09-06 20:08:17:253,-0.0409,1.18,9.0176,-0.0279,0.0052,9.8066,0.0326,-0.0607,0.0767,-20.81,-35.44,2.5,275.86,-83.1,-170.77
52.383434,-1.451054,135.89,26.74,6,63.43,18 / 20,2891609,2019-09-06 20:08:17:352,-1.2205,0.6001,10.5544,-0.025,-0.0017,9.8065,0.106,-0.0978,0.0062,-20.44,-35.81,2.44,272.64,-83.26,-170.84
52.383434,-1.451054,135.89,26.74,6,63.43,18 / 20,2891709,2019-09-06 20:08:17:452,-1.511,0.632,10.1184,0.0009,0.0006,9.8066,-0.0085,-0.045,-0.0709,-20.25,-35.25,2.5,275.7,-83.14,-170.84
52.383434,-1.451054,135.89,26.74,6,63.43,18 / 20,2891810,2019-09-06 20:08:17:553,0.1908,0.1253,9.4814,-0.0558,0.0096,9.8064,-0.0077,-0.032,0.0396,-20.81,-35.25,2.81,275.6,-83.35,-171.47
52.383434,-1.451054,135.89,26.74,6,63.43,18 / 20,2891910,2019-09-06 20:08:17:653,-1.4454,1.215,9.0472,0.0261,0.0064,9.8066,-0.1747,0.0832,-0.0005,-20.81,-35.56,2.63,273.65,-83.02,-172.49
52.383434,-1.451054,135.89,26.74,6,63.43,18 / 20,2892009,2019-09-06 20:08:17:752,-0.2981,-0.8303,9.9407,0.051,0.0062,9.8065,-0.0012,0.0934,-0.0659,-20.94,-35.62,2.25,270.82,-82.99,-172.51
52.383434,-1.451054,135.89,26.74,6,63.43,18 / 20,2892110,2019-09-06 20:08:17:853,-0.243,0.4505,10.0129,-0.0642,-0.0006,9.8064,0.1611,-0.0647,0.0071,-20.75,-34.87,2.31,271.97,-83.02,-171.75
52.383434,-1.451054,135.89,26.74,6,63.43,18 / 20,2892210,2019-09-06 20:08:17:953,1.7845,0.0362,9.6226,-0.0245,-0.0001,9.8066,-0.1109,0.0371,0.0024,-20.44,-35.31,2.63,274.77,-83.25,-171.96
52.383434,-1.451054,135.89,26.74,6,63.43,18 / 20,2892310,2019-09-06 20:08:18:053,-0.7959,0.4946,10.2887,-0.0059,-0.0064,9.8066,0.1066,0.0322,0.0156,-20.69,-35.44,2.38,271.68,-83.22,-172.39
52.383434,-1.451054,135.89,26.74,6,63.43,18 / 20,2892409,2019-09-06 20:08:18:152,-0.2186,0.2719,10.4252,-0.022,-0.0086,9.8066,0.0938,0.0006,0.034,-20.62,-35.62,2.13,271.95,-83.2,-171.75
52.383434,-1.451054,135.89,26.74,6,63.43,18 / 20,2892510,2019-09-06 20:08:18:253,-0.7739,-0.1074,9.6815,0.0193,0.0001,9.8065,-0.0949,-0.0522,-0.0185,-20.31,-35.31,2.31,271.82,-83.12,-171.76
52.383434,-1.451054,135.89,26.74,6,63.43,18 / 20,2892610,2019-09-06 20:08:18:353,0.3663,0.9606,9.7359,-0.0116,-0.0068,9.8066,-0.0115,-0.0009,0.0683,-20.44,-35.5,2.63,275.25,-83.25,-171.48
52.383434,-1.451054,135.89,26.74,6,63.43,18 / 20,2892709,2019-09-06 20:08:18:452,0.2584,0.3867,9.17,0.0134,0.0042,9.8065,-0.1069,0.0485,0.0446,-20.44,-35.56,2.31,272.59,-83.42,-171.2
52.383434,-1.451054,135.89,26.74,6,63.43,18 / 20,2892809,2019-09-06 20:08:18:552,-0.0455,1.7911,10.0918,0.0091,0.0024,9.8066,-0.0476,0.0208,-0.0657,-19.87,-35.75,1.94,272.46,-83.48,-171.44
52.383434,-1.451054,135.89,26.74,6,63.43,18 / 20,2892910,2019-09-06 20:08:18:653,0.1407,1.0495,9.952,0.0207,0.0022,9.8066,0.1416,0.0659,0.0085,-19.62,-35.69,2.13,272.86,-83.47,-171.01
52.383434,-1.451054,135.89,26.74,6,63.43,18 / 20,2893009,2019-09-06 20:08:18:752,-0.2694,-0.3365,10.69,0.0366,0.0123,9.8065,0.1565,0.0783,-0.1008,-20.5,-35.5,2.56,274.99,-83.44,-172.06
52.383434,-1.451054,135.89,26.74,6,63.43,18 / 20,2893110,2019-09-06 20:08:18:853,-1.5075,-0.3628,8.3362,0.049,0.0327,9.8064,-0.2423,-0.0387,0.0723,-19.94,-35.87,2.44,269.36,-83.28,-174.16
52.383434,-1.451054,135.89,26.74,6,63.43,18 / 20,2893209,2019-09-06 20:08:18:952,-0.6896,0.8286,9.2423,0.1003,0.0073,9.8061,0.1235,-0.1629,0.0531,-20.37,-35.56,2.5,272.46,-83.03,-173.5
52.383434,-1.451054,135.89,26.74,6,63.43,18 / 20,2893310,2019-09-06 20:08:19:053,1.3909,-1.3949,9.3266,-0.0118,-0.0209,9.8066,-0.0016,-0.0226,0.1641,-20.25,-35.44,2.25,272.55,-83.19,-171.15
52.383434,-1.451054,135.89,26.74,6,63.43,19 / 20,2893409,2019-09-06 20:08:19:152,-0.2043,1.7091,10.2406,-0.0272,0.0117,9.8065,0.0089,-0.0405,0.1289,-20.31,-36,2.44,272.28,-83.41,-171.48
52.383434,-1.451054,135.89,26.74,6,63.43,19 / 20,2893510,2019-09-06 20:08:19:253,-1.7134,1.1446,9.7271,0.0374,0.0014,9.8065,0.0163,0.0264,-0.0348,-20.25,-35.81,2.5,274.04,-83.17,-172.17
52.383434,-1.451054,135.89,26.74,6,63.43,19 / 20,2893609,2019-09-06 20:08:19:352,-0.3649,-0.1688,9.5849,0.0088,0.015,9.8065,-0.0021,0.0652,-0.0133,-20.12,-35.56,1.56,270.23,-83.26,-173.26
52.383434,-1.451054,135.89,26.74,6,63.43,19 / 20,2893710,2019-09-06 20:08:19:453,-0.6765,0.7086,10.1666,0.0112,0.0047,9.8066,0.0582,0.0011,-0.0205,-20.12,-35.94,1.88,269.75,-83.25,-173.72
52.383434,-1.451054,135.89,26.74,6,63.43,19 / 20,2893810,2019-09-06 20:08:19:553,0.6204,0.5607,10.4085,-0.0033,-0.0077,9.8066,-0.0106,0.0489,-0.0684,-20.06,-35.81,1.44,267.47,-83.36,-173.34
52.383434,-1.451054,135.89,26.74,6,63.43,19 / 20,2893910,2019-09-06 20:08:19:653,1.3418,-0.1338,10.7445,0.0152,0.0145,9.8066,0.3232,-0.0646,0.0083,-20.19,-35.75,1.69,270.48,-83.32,-173.12
52.383434,-1.451054,135.89,26.74,6,63.43,19 / 20,2894010,2019-09-06 20:08:19:753,0.4162,0.7522,9.1585,0.074,-0.0123,9.8063,-0.4641,0.0406,-0.1475,-19.87,-35.75,1.5,270.8,-83.42,-172.99
52.383434,-1.451054,135.89,26.74,6,63.43,19 / 20,2894109,2019-09-06 20:08:19:852,0.7713,-1.2568,9.1001,0.0014,0.029,9.8065,-0.1147,-0.1168,-0.011,-19.94,-35.75,1.81,269.89,-83.29,-173.66
52.383434,-1.451054,135.89,26.74,6,63.43,19 / 20,2894210,2019-09-06 20:08:19:953,0.7243,-1.5421,9.6498,0.0021,-0.0206,9.8066,-0.1153,0.1618,-0.1585,-20.31,-35.44,1.63,270.83,-83.37,-173.19
52.383434,-1.451054,135.89,26.74,6,63.43,19 / 20,2894310,2019-09-06 20:08:20:053,-1.402,-0.3767,11.2134,0.0285,0.0224,9.8065,0.043,0.029,-0.0878,-20.75,-35.75,1.63,271.67,-83.26,-172.13
52.383434,-1.451054,135.89,26.74,6,63.43,19 / 20,2894410,2019-09-06 20:08:20:153,-1.8158,1.2975,7.8128,0.0803,0.0381,9.8062,-0.3853,0.1527,-0.1183,-19.94,-35.81,2,268.74,-82.74,-173.79
52.383434,-1.451054,135.89,26.74,6,63.43,19 / 20,2894509,2019-09-06 20:08:20:252,0.3518,-0.5238,7.9596,0.1129,0.0047,9.806,-0.1136,0.0137,-0.0506,-19.94,-36.06,1.25,265.77,-82.74,-173.93
52.383434,-1.451054,135.89,26.74,6,63.43,19 / 20,2894610,2019-09-06 20:08:20:353,-1.9019,0.7185,8.53,-0.0473,0.0018,9.8065,0.0449,-0.0671,-0.0272,-20.56,-36.19,0.94,267.41,-83.07,-173.34
52.383434,-1.451054,135.89,26.74,6,63.43,19 / 20,2894710,2019-09-06 20:08:20:453,0.9629,0.0336,9.9852,-0.0067,-0.0005,9.8066,-0.1408,0.0696,0.065,-19.87,-36.37,1.69,269.65,-83.28,-173.88
52.383434,-1.451054,135.89,26.74,6,63.43,19 / 20,2894810,2019-09-06 20:08:20:553,-0.7576,0.8686,10.4613,-0.0098,-0.0165,9.8066,0.1032,-0.0913,0.039,-19.25,-35.37,1.63,269.86,-83.13,-173.4
52.383434,-1.451054,135.89,26.74,6,63.43,19 / 20,2894910,2019-09-06 20:08:20:653,0.9347,1.3148,9.3722,-0.0468,0.0048,9.8065,-0.0452,-0.0109,0.0752,-19.87,-35.87,1.69,269.6,-83.06,-173.53
52.383434,-1.451054,135.89,26.74,6,63.43,19 / 20,2895009,2019-09-06 20:08:20:752,-0.4827,0.7967,9.8023,0.0015,-0.0101,9.8065,-0.0324,0.0808,-0.0648,-20.12,-35.62,1.31,266.95,-83.06,-173.33
52.383434,-1.451054,135.89,26.74,6,63.43,19 / 20,2895110,2019-09-06 20:08:20:853,0.3574,0.1446,9.3583,-0.0186,0.0069,9.8066,-0.0031,0.0103,-0.0058,-20.06,-35.5,2,269.53,-83.23,-174.25
52.383434,-1.451054,135.89,26.74,6,63.43,19 / 20,2895209,2019-09-06 20:08:20:952,0.4619,0.0349,10.1074,-0.0015,-0.0049,9.8066,0.1007,0.0548,0.0591,-19.5,-36.19,1.25,265.05,-83.24,-175.09
52.383434,-1.451054,135.89,26.74,6,63.43,19 / 20,2895309,2019-09-06 20:08:21:052,1.5769,-0.0593,10.5858,0.0062,-0.0158,9.8066,-0.0283,0.0649,-0.0423,-19.69,-35.37,1.5,269.8,-83.18,-173.89
52.384544,-1.448177,137.33,25.47,6,52.65,19 / 20,2895410,2019-09-06 20:08:21:153,0.2979,-1.2213,9.5918,-0.0382,0.0112,9.8065,0.0476,-0.0404,0.1555,-19.87,-35.75,1.88,268.7,-83.17,-174.63
52.384544,-1.448177,137.33,25.47,6,52.65,19 / 20,2895510,2019-09-06 20:08:21:253,0.1526,0.7159,10.0826,0.0402,0.024,9.8065,0.0553,-0.0253,-0.0913,-20,-35.62,1.31,263.82,-82.81,-176.06
52.384544,-1.448177,137.33,25.47,6,52.65,19 / 20,2895610,2019-09-06 20:08:21:353,-0.9712,0.7211,9.5874,0.0443,0.001,9.8065,-0.2463,0.0105,-0.0181,-20.19,-36,0.88,263.98,-82.83,-175.94
52.384544,-1.448177,137.33,25.47,6,52.65,19 / 20,2895710,2019-09-06 20:08:21:453,-0.8774,0.0571,9.616,-0.0262,-0.0052,9.8066,-0.0386,-0.0387,-0.0413,-20.31,-35.81,1.25,264.62,-82.94,-175.48
52.384544,-1.448177,137.33,25.47,6,52.65,19 / 20,2895810,2019-09-06 20:08:21:553,0.7679,-1.4408,9.9561,-0.0107,0.0105,9.8066,-0.0254,0.0935,-0.1337,-19.75,-35.56,1.38,264.17,-83.09,-176.21
52.384544,-1.448177,137.33,25.47,6,52.65,19 / 20,2895910,2019-09-06 20:08:21:653,-0.8784,1.2267,9.8985,0.034,-0.003,9.8066,0.1702,0.02,0.0191,-20.31,-35.37,1.19,264.25,-82.98,-176.3
52.384544,-1.448177,137.33,25.47,6,52.65,19 / 20,2896010,2019-09-06 20:08:21:753,-0.0685,-0.1661,10.3472,0.0171,-0.0117,9.8066,0.0667,-0.005,0.0705,-19.75,-35.75,1,264.03,-83,-176.19
52.384544,-1.448177,137.33,25.47,6,52.65,19 / 20,2896110,2019-09-06 20:08:21:853,1.3318,-0.277,9.9148,0.0157,0.0021,9.8066,0.0506,0.0574,-0.0556,-20.12,-36.06,1.44,265.09,-82.97,-175.04
52.384544,-1.448177,137.33,25.47,6,52.65,19 / 20,2896210,2019-09-06 20:08:21:953,0.0773,-0.2781,9.8743,-0.0285,-0.0051,9.8065,0.1336,-0.0795,0.0516,-19.62,-35.62,1.06,265.58,-83.19,-174.96
52.384544,-1.448177,137.33,25.47,6,52.65,19 / 20,2896309,2019-09-06 20:08:22:052,-1.4345,-0.2648,10.5548,0.0013,0.0156,9.8065,0.0664,-0.0045,-0.0725,-20.06,-35.81,1.19,265.06,-83.19,-175.49
52.384544,-1.448177,137.33,25.47,6,52.65,19 / 20,2896410,2019-09-06 20:08:22:153,-0.0304,-0.8138,10.4303,0.0192,-0.0109,9.8065,0.1236,-0.0099,0.1154,-19.81,-35.75,1.81,266.59,-83.11,-176.67
52.384544,-1.448177,137.33,25.47,6,52.65,19 / 20,2896509,2019-09-06 20:08:22:252,0.2576,-0.2514,10.6644,-0.0364,0.0025,9.8065,-0.1138,0.0674,-0.0457,-19.75,-35.75,1.19,263.26,-82.96,-176.91
52.384544,-1.448177,137.33,25.47,6,52.65,19 / 20,2896610,2019-09-06 20:08:22:353,0.2615,-0.5687,8.9419,-0.0366,-0.0134,9.8065,0.0989,0.0172,-0.0576,-19.25,-35.62,1.25,262.91,-82.99,-176.81
52.384544,-1.448177,137.33,25.47,6,52.65,19 / 20,2896709,2019-09-06 20:08:22:452,0.3631,-0.3504,9.5438,-0.0124,0.0103,9.8066,-0.0973,0.0639,-0.0419,-19.69,-35.81,1.19,262.46,-83.21,-178.21
52.384544,-1.448177,137.33,25.47,6,52.65,19 / 20,2896811,2019-09-06 20:08:22:554,0.515,0.877,9.9941,0.0041,0.0047,9.8065,-0.0057,0.0317,-0.0597,-19.62,-36,0.69,262.25,-83.23,-178.45
52.384544,-1.448177,137.33,25.47,6,52.65,19 / 20,2896910,2019-09-06 20:08:22:653,1.4309,-0.0978,9.0499,-0.002,0.0042,9.8065,0.0249,-0.0232,0.0291,-19.69,-36.31,1.06,261.13,-83.18,-179.54
52.384544,-1.448177,137.33,25.47,6,52.65,19 / 20,2897010,2019-09-06 20:08:22:753,0.0057,0.7794,10.1965,0.0361,0.0045,9.8065,-0.0734,0.0738,-0.004,-20.31,-36.25,1.06,261,-82.87,-179.1
52.384544,-1.448177,137.33,25.47,6,52.65,19 / 20,2897110,2019-09-06 20:08:22:853,-0.4464,0.8522,10.7454,0.0108,-0.0026,9.8066,0.0794,-0.0025,0.051,-19.62,-36.37,0.44,258.51,-82.84,-178.78
52.384544,-1.448177,137.33,25.47,6,52.65,19 / 20,2897210,2019-09-06 20:08:22:953,0.8175,0.5373,9.7424,-0.0073,0.0096,9.8066,-0.0412,0.012,-0.0598,-19,-36,0.75,260.2,-82.84,-179.35
52.384544,-1.448177,137.33,25.47,6,52.65,19 / 20,2897309,2019-09-06 20:08:23:052,-0.5646,0.1077,9.8169,0.0171,0.01,9.8065,-0.05,0.0223,-0.016,-19.25,-35.87,0.88,259.12,-82.94,179.33
52.384544,-1.448177,137.33,25.47,6,52.65,18 / 19,2897410,2019-09-06 20:08:23:153,-0.3433,0.7344,9.722,-0.0005,0.0058,9.8066,-0.0379,0.0671,0.0224,-18.62,-35.87,0.94,258.84,-83.09,178.74
52.384544,-1.448177,137.33,25.47,6,52.65,18 / 19,2897509,2019-09-06 20:08:23:252,-1.5291,0.612,10.5052,0.0302,0.0006,9.8065,-0.0269,-0.0576,0.0119,-18.75,-35.81,0.5,258.47,-83.09,178.35
52.384544,-1.448177,137.33,25.47,6,52.65,18 / 19,2897610,2019-09-06 20:08:23:353,-1.9139,1.0885,10.454,-0.0213,-0.0024,9.8065,-0.0359,0.0256,0.086,-19,-36.37,0.75,257.24,-82.8,177.61
52.384544,-1.448177,137.33,25.47,6,52.65,18 / 19,2897710,2019-09-06 20:08:23:453,0.9605,-1.2959,8.5137,0.0112,-0.0231,9.8065,-0.0003,0.0948,-0.1208,-18.94,-35.81,0.63,258.81,-82.69,179.48
52.384544,-1.448177,137.33,25.47,6,52.65,18 / 19,2897810,2019-09-06 20:08:23:553,-0.7685,1.0821,10.4503,-0.043,-0.0166,9.8065,-0.0384,-0.0235,0.1041,-19.62,-36,0.13,257.07,-82.93,179.53
52.384544,-1.448177,137.33,25.47,6,52.65,18 / 19,2897910,2019-09-06 20:08:23:653,0.3239,0.7621,9.7435,-0.0407,-0.001,9.8065,0.0898,0.0357,-0.1,-19.19,-35.5,0.5,260.96,-83.1,-179.43
52.384544,-1.448177,137.33,25.47,6,52.65,18 / 19,2898010,2019-09-06 20:08:23:753,0.836,0.2023,8.9937,-0.0361,-0.0008,9.8065,0.1703,0.0023,0.0803,-19.25,-36.69,0.25,256.8,-83.17,179.83
52.384544,-1.448177,137.33,25.47,6,52.65,18 / 19,2898110,2019-09-06 20:08:23:853,-0.2551,0.3078,10.2867,-0.0149,-0.0071,9.8066,0.1275,0.0029,-0.028,-19.31,-35.69,0.19,257.73,-83.01,-179.24
52.384544,-1.448177,137.33,25.47,6,52.65,18 / 19,2898210,2019-09-06 20:08:23:953,0.4983,0.4299,9.2124,-0.0264,-0.0031,9.8065,0.1088,0.0034,0.0085,-19.56,-36.12,0.94,261.02,-83.04,-179.38
52.384544,-1.448177,137.33,25.47,6,52.65,18 / 19,2898310,2019-09-06 20:08:24:053,1.2087,-0.0195,8.3074,-0.0452,-0.0146,9.8065,-0.1041,0.1232,-0.0065,-19.37,-36.06,-0.06,257.68,-82.97,-179.22
52.384544,-1.448177,137.33,25.47,6,52.65,19 / 20,2898410,2019-09-06 20:08:24:153,-0.2051,0.4873,10.9507,-0.0212,-0.0128,9.8065,-0.4658,0.0539,-0.1241,-18.75,-36.12,0.19,257.46,-82.87,-179.27
52.384544,-1.448177,137.33,25.47,6,52.65,19 / 20,2898509,2019-09-06 20:08:24:252,0.9036,-0.5012,11.0053,-0.0865,-0.0045,9.8063,0.3405,-0.0342,-0.0218,-19.37,-36.56,0.81,259.73,-83.13,179.98
52.384544,-1.448177,137.33,25.47,6,52.65,19 / 20,2898609,2019-09-06 20:08:24:352,1.996,0.5031,9.5343,-0.1166,-0.0317,9.8059,-0.0252,0.0765,-0.035,-19.5,-36.37,0.69,259.74,-83.2,179.48
52.384544,-1.448177,137.33,25.47,6,52.65,19 / 20,2898710,2019-09-06 20:08:24:453,1.9776,-0.3806,10.6205,0.0125,-0.0011,9.8066,0.1154,-0.0052,0.0273,-19.37,-36,-0.06,256.35,-82.96,179.39
52.384544,-1.448177,137.33,25.47,6,52.65,19 / 20,2898810,2019-09-06 20:08:24:553,1.5217,-0.5931,9.7619,-0.0245,-0.0073,9.8066,0.0512,0.0151,0.0247,-18.87,-36.31,0.88,259.8,-82.98,179.96
52.384544,-1.448177,137.33,25.47,6,52.65,19 / 20,2898910,2019-09-06 20:08:24:653,0.8367,-0.1784,9.2624,0.0207,0.0086,9.8066,-0.0416,0.0511,0.0931,-19.56,-35.75,0.13,256.57,-82.78,179.27
52.384544,-1.448177,137.33,25.47,6,52.65,19 / 20,2899010,2019-09-06 20:08:24:753,-0.6615,0.2005,9.5559,0.0258,-0.0028,9.8065,-0.0597,0.002,-0.0927,-19.69,-36.06,0.31,257.07,-82.87,179.64
52.384544,-1.448177,137.33,25.47,6,52.65,19 / 20,2899110,2019-09-06 20:08:24:853,-0.2208,-0.2646,8.8998,-0.0174,0.0091,9.8066,-0.1367,0.0471,-0.0091,-19.25,-35.69,-0.25,256.78,-82.94,179.88
52.384544,-1.448177,137.33,25.47,6,52.65,19 / 20,2899209,2019-09-06 20:08:24:952,0.5754,-1.034,9.4409,-0.0095,0.0045,9.8065,-0.3371,0.0564,-0.0904,-18.69,-35.94,0.31,255.57,-83.03,178.43
52.384544,-1.448177,137.33,25.47,6,52.65,19 / 20,2899310,2019-09-06 20:08:25:053,1.2244,0.034,10.4745,-0.0598,-0.0092,9.8065,0.2251,-0.0345,0.0653,-18.94,-35.94,0.88,258.33,-82.76,178.84
52.384544,-1.448177,137.33,25.47,6,52.65,19 / 20,2899409,2019-09-06 20:08:25:152,0.912,0.2044,10.7901,-0.0717,-0.0286,9.8062,-0.1857,-0.0232,0.0149,-18.94,-36.06,0.31,256.35,-83.16,179.02
52.384544,-1.448177,137.33,25.47,6,52.65,19 / 20,2899510,2019-09-06 20:08:25:253,0.2265,-0.4986,10.7963,0.0702,0.0252,9.8063,0.0903,0.0135,0.0265,-19.06,-36.06,0.25,255.44,-82.67,178.96
52.384544,-1.448177,137.33,25.47,6,52.65,19 / 20,2899609,2019-09-06 20:08:25:352,0.2775,0.3745,11.2313,0.0445,-0.0034,9.8065,-0.0894,0.0497,-0.0289,-19.25,-35.81,0.88,259.14,-82.66,179.88
52.384544,-1.448177,137.33,25.47,6,52.65,19 / 20,2899710,2019-09-06 20:08:25:453,-0.8428,-1.0381,10.2881,0.0398,0.004,9.8065,-0.1005,0.0734,0.0097,-19.44,-36.06,-0.31,256.25,-82.42,-179.7
52.384544,-1.448177,137.33,25.47,6,52.65,19 / 20,2899810,2019-09-06 20:08:25:553,-0.2469,-0.0667,9.7862,0.0146,0.0024,9.8066,0.1647,0.0265,0.0574,-19,-36.06,-0.12,256.75,-82.58,-179.46
52.384544,-1.448177,137.33,25.47,6,52.65,19 / 20,2899909,2019-09-06 20:08:25:652,0.9117,0.2576,9.3044,-0.0234,-0.0072,9.8065,0.0684,0.0051,-0.0632,-19,-35.37,-0.25,257.09,-82.68,-179.68
52.384544,-1.448177,137.33,25.47,6,52.65,19 / 20,2900009,2019-09-06 20:08:25:752,-0.9348,0.4139,9.3556,0.016,0.0015,9.8066,-0.0733,0.001,-0.0392,-18.94,-35.94,0.88,259.54,-82.73,-179.83
52.384544,-1.448177,137.33,25.47,6,52.65,19 / 20,2900110,2019-09-06 20:08:25:853,0.5791,-0.0166,9.2952,0.0441,0.0047,9.8065,-0.0115,-0.0685,0.0301,-19.19,-36,-0.19,256.21,-82.54,-179.97
52.384544,-1.448177,137.33,25.47,6,52.65,19 / 20,2900210,2019-09-06 20:08:25:953,1.3014,-0.8738,9.1476,-0.0202,0.0062,9.8066,-0.1072,-0.0385,-0.1107,-19,-35.94,0.19,256.1,-82.47,-179.95
52.384544,-1.448177,137.33,25.47,6,52.65,19 / 20,2900310,2019-09-06 20:08:26:053,1.2595,0.4243,8.8251,0.0021,-0.0102,9.8066,-0.0146,-0.0005,0.1103,-18.69,-36.5,0.75,259.06,-82.78,179.58
52.384544,-1.448177,137.33,25.47,6,52.65,18 / 20,2900410,2019-09-06 20:08:26:153,-0.6732,-0.3109,10.573,0.0355,0.0118,9.8065,-0.0318,-0.0082,-0.0386,-19.06,-35.94,0,256.82,-82.84,-179.87
52.384544,-1.448177,137.33,25.47,6,52.65,18 / 20,2900510,2019-09-06 20:08:26:253,1.2302,-0.7242,10.403,0.0054,0.001,9.8066,0.0807,-0.0212,0.0371,-18.62,-35.94,0.75,258.63,-82.88,178.92
52.384544,-1.448177,137.33,25.47,6,52.65,18 / 20,2900610,2019-09-06 20:08:26:353,-0.7443,0.1378,10.5159,0.0223,0.0107,9.8066,0.0751,0.0708,-0.076,-18.69,-36.44,0.5,257.78,-82.67,178.41
52.384544,-1.448177,137.33,25.47,6,52.65,18 / 20,2900710,2019-09-06 20:08:26:453,1.8215,-0.5077,9.6661,-0.0162,-0.0022,9.8065,0.0098,-0.0181,-0.0336,-19.19,-35.81,0.38,254.28,-82.78,177.51
52.384544,-1.448177,137.33,25.47,6,52.65,18 / 20,2900810,2019-09-06 20:08:26:553,0.4095,-1.3196,9.9136,-0.0306,0.0042,9.8065,0.0338,0.0786,-0.0844,-19.31,-36.25,0.56,257.07,-82.72,177.57
52.384544,-1.448177,137.33,25.47,6,52.65,18 / 20,2900909,2019-09-06 20:08:26:652,-1.1337,-0.5485,10.724,0.0235,-0.0092,9.8066,0.1399,-0.0739,-0.0255,-19,-37.12,0.5,256.54,-82.98,176.89
52.384544,-1.448177,137.33,25.47,6,52.65,18 / 20,2901010,2019-09-06 20:08:26:753,-0.5473,-0.1016,10.3175,-0.0019,0.0172,9.8065,0.0312,0.0068,-0.1697,-18.75,-36.69,0.5,255.94,-82.8,176.6
52.384544,-1.448177,137.33,25.47,6,52.65,18 / 20,2901110,2019-09-06 20:08:26:853,-0.6223,-2.3833,10.5873,0.0145,0.0084,9.8066,0.117,0.0592,0.119,-19,-36.81,0.44,251.54,-82.58,175.31
52.384544,-1.448177,137.33,25.47,6,52.65,18 / 20,2901210,2019-09-06 20:08:26:953,-2.2614,-1.8766,9.3897,-0.0365,-0.0284,9.8065,0.0326,0.1036,0.1342,-19.12,-36.56,0.31,253.1,-82.61,176.94
52.384544,-1.448177,137.33,25.47,6,52.65,18 / 20,2901310,2019-09-06 20:08:27:053,-1.1262,0.6552,9.535,-0.0287,-0.0194,9.8066,-0.0777,-0.0425,-0.1321,-19.37,-36.19,0.69,257.36,-82.71,177.91
52.384544,-1.448177,137.33,25.47,6,52.65,18 / 19,2901409,2019-09-06 20:08:27:152,1.1061,0.6875,8.9683,-0.0195,-0.0062,9.8066,0.0935,-0.0341,-0.1219,-19,-35.94,1.19,257.18,-82.8,177.55
52.384544,-1.448177,137.33,25.47,6,52.65,18 / 19,2901509,2019-09-06 20:08:27:252,1.3842,1.5999,9.4693,0.0305,0.0141,9.8066,0.0363,-0.098,0.1155,-18.81,-36.56,-0.25,253.32,-82.9,176.62
52.384544,-1.448177,137.33,25.47,6,52.65,18 / 19,2901609,2019-09-06 20:08:27:352,0.7156,1.2854,10.2219,0.0127,-0.0063,9.8066,0.032,-0.0303,0.004,-18.69,-36.31,0.31,253.95,-82.72,177.26
52.384544,-1.448177,137.33,25.47,6,52.65,18 / 19,2901710,2019-09-06 20:08:27:453,-0.1014,-1.4459,9.1915,0.0264,0.0171,9.8065,0.1379,0.0441,0.0179,-18.31,-37.44,0.5,255.83,-82.55,177.6
52.384544,-1.448177,137.33,25.47,6,52.65,18 / 19,2901809,2019-09-06 20:08:27:552,-1.047,-0.8583,8.1741,-0.0685,-0.0207,9.8064,-0.2192,-0.0732,0.0391,-18.94,-36.87,0.06,254.14,-82.81,177.68
52.384544,-1.448177,137.33,25.47,6,52.65,18 / 19,2901910,2019-09-06 20:08:27:653,-2.2236,1.0251,7.6816,0.0329,0.0078,9.8065,-0.3175,0.0227,0.0226,-18.87,-36.62,0.19,253.96,-82.58,177.93
52.384544,-1.448177,137.33,25.47,6,52.65,18 / 19,2902010,2019-09-06 20:08:27:753,-0.9984,-0.9022,9.0572,-0.1164,-0.0188,9.8059,0.1297,-0.1114,-0.1282,-18.69,-36.62,-0.31,251.86,-82.52,175.75
52.384544,-1.448177,137.33,25.47,6,52.65,18 / 19,2902110,2019-09-06 20:08:27:853,-2.0242,0.4617,8.9204,-0.0353,0.0144,9.8065,-0.1882,0.1002,0.1095,-18.81,-36.12,0.13,250.48,-82.79,173.39
52.384544,-1.448177,137.33,25.47,6,52.65,18 / 19,2902210,2019-09-06 20:08:27:953,-0.2642,-0.5347,10.2381,-0.0701,-0.0049,9.8063,0.3334,-0.0179,0.1315,-18.87,-36.44,0.88,251.19,-82.98,170.78
52.384544,-1.448177,137.33,25.47,6,52.65,18 / 19,2902310,2019-09-06 20:08:28:053,2.1282,0.2971,9.51,-0.0661,-0.0309,9.8063,-0.1712,-0.0711,-0.0773,-19,-36.5,0.13,248.99,-82.94,171.49
52.384544,-1.448177,137.33,25.47,6,52.65,17 / 18,2902409,2019-09-06 20:08:28:152,-0.3127,1.0093,10.9683,0.0087,-0.013,9.8066,0.0684,0.0472,-0.0098,-18.06,-36.25,0.44,249.73,-82.76,173.35
52.384544,-1.448177,137.33,25.47,6,52.65,17 / 18,2902509,2019-09-06 20:08:28:252,0.8871,1.0287,10.6116,-0.0417,-0.0055,9.8065,-0.0977,-0.174,-0.072,-18.75,-37.06,0.19,249.86,-82.99,172.7
52.384544,-1.448177,137.33,25.47,6,52.65,17 / 18,2902610,2019-09-06 20:08:28:353,-1.2919,0.2059,10.0152,0.0268,-0.0029,9.8066,-0.1196,-0.0659,-0.2239,-18.25,-36.81,-0.19,249.25,-83.03,172.68
52.384544,-1.448177,137.33,25.47,6,52.65,17 / 18,2902709,2019-09-06 20:08:28:452,0.814,0.65,9.5995,0.0284,0.0325,9.8065,0.1945,0.1159,0.0891,-17.81,-37.19,-0.25,248.38,-82.79,172.21
52.384544,-1.448177,137.33,25.47,6,52.65,17 / 18,2902809,2019-09-06 20:08:28:552,1.1529,-0.2672,9.7327,0.0169,0.0117,9.8066,-0.0886,-0.0158,0.0995,-18.31,-36.69,-0.31,246.86,-82.63,170.82
52.384544,-1.448177,137.33,25.47,6,52.65,17 / 18,2902910,2019-09-06 20:08:28:653,-0.2797,-0.124,9.636,0.0439,-0.0112,9.8065,-0.0351,0.0032,0.055,-18.37,-36.25,0.13,248.02,-82.49,171.99
52.384544,-1.448177,137.33,25.47,6,52.65,17 / 18,2903010,2019-09-06 20:08:28:753,-1.4091,0.0941,9.3629,0.017,0.0116,9.8066,0.003,-0.0208,0.0645,-18.12,-36.5,0.13,248.1,-82.62,171.81
52.384544,-1.448177,137.33,25.47,6,52.65,17 / 18,2903110,2019-09-06 20:08:28:853,-0.4595,-0.0518,10.232,0.0173,-0.0037,9.8066,0.1701,0.0043,0.0574,-18.25,-36.94,-0.19,247.83,-82.78,171.61
52.384544,-1.448177,137.33,25.47,6,52.65,17 / 18,2903209,2019-09-06 20:08:28:952,-1.2854,-0.6436,11.152,-0.0374,-0.0218,9.8065,-0.0741,-0.0456,-0.0292,-18.06,-36.31,0.25,248.61,-82.76,172.13
52.384544,-1.448177,137.33,25.47,6,52.65,17 / 18,2903310,2019-09-06 20:08:29:053,-0.0649,0.5774,12.28,-0.1277,-0.0318,9.8057,-0.1707,0.0245,0.0558,-18.12,-36.19,0.13,249.21,-83.08,172.18
52.384544,-1.448177,137.33,25.47,6,52.65,18 / 20,2903409,2019-09-06 20:08:29:152,0.9439,-0.7655,11.0696,0.0649,0.0146,9.8064,0.1946,-0.0714,-0.0518,-18,-36.37,0.19,248.55,-82.47,172.6
52.384544,-1.448177,137.33,25.47,6,52.65,18 / 20,2903510,2019-09-06 20:08:29:253,1.615,0.4709,9.8543,-0.0479,-0.0234,9.8064,-0.2179,0.0605,-0.0213,-17.94,-36.56,0.13,249.09,-82.81,172.94
52.384544,-1.448177,137.33,25.47,6,52.65,18 / 20,2903609,2019-09-06 20:08:29:352,-0.1315,1.5801,9.7366,0.0227,0.0063,9.8065,0.0567,0.1298,-0.0571,-18.19,-36.19,-0.56,246.35,-82.91,172.5
52.384544,-1.448177,137.33,25.47,6,52.65,18 / 20,2903710,2019-09-06 20:08:29:453,-1.9948,-0.4562,9.9025,0.0003,-0.0087,9.8066,-0.2783,-0.0147,-0.0358,-18.25,-36.06,-0.81,246.3,-82.99,172.3
52.384544,-1.448177,137.33,25.47,6,52.65,18 / 20,2903811,2019-09-06 20:08:29:554,-0.0344,0.2838,9.8728,-0.0217,-0.0093,9.8066,-0.2063,0.1043,0.0559,-18.31,-36.19,-1.19,246.71,-82.95,172.83
52.384544,-1.448177,137.33,25.47,6,52.65,18 / 20,2903910,2019-09-06 20:08:29:653,-0.0184,-0.6061,10.5641,0.0113,-0.0019,9.8065,0.2758,0.0702,-0.0054,-17.81,-36.37,-1.19,246.53,-82.75,173
52.384544,-1.448177,137.33,25.47,6,52.65,18 / 20,2904010,2019-09-06 20:08:29:753,0.8288,0.2955,9.717,0.0013,-0.0055,9.8066,0.1648,0.0645,-0.0253,-17.75,-36.62,-1,246.68,-82.65,173.73
52.384544,-1.448177,137.33,25.47,6,52.65,18 / 20,2904109,2019-09-06 20:08:29:852,-0.1379,0.6583,9.6155,-0.0061,-0.0063,9.8066,-0.0363,0.003,0.0439,-18.37,-35.81,-1.06,247.75,-82.79,174.27
52.384544,-1.448177,137.33,25.47,6,52.65,18 / 20,2904210,2019-09-06 20:08:29:953,-0.5175,-0.4477,9.6135,0.0164,0.0124,9.8065,0.0234,0.0164,-0.0363,-18.81,-36.31,-0.5,251.64,-83,174.26
52.384544,-1.448177,137.33,25.47,6,52.65,18 / 20,2904310,2019-09-06 20:08:30:053,-0.3263,0.477,9.8533,-0.0168,0.0139,9.8066,0.0772,-0.0184,-0.0035,-18.5,-36,-0.69,246.42,-82.85,172.68
52.385967,-1.445456,138.55,29.35,6,46.72,19 / 20,2904410,2019-09-06 20:08:30:153,1.1251,0.3647,9.6286,0.0009,-0.0047,9.8066,-0.0608,0.0069,-0.0088,-18.19,-35.94,-0.75,245.01,-82.75,171.3
52.385967,-1.445456,138.55,29.35,6,46.72,19 / 20,2904510,2019-09-06 20:08:30:253,1.4234,0.8303,9.285,-0.0012,-0.0049,9.8066,-0.0092,-0.0109,0.0369,-18.12,-35.69,-0.94,245.06,-82.8,171.28
52.385967,-1.445456,138.55,29.35,6,46.72,19 / 20,2904611,2019-09-06 20:08:30:354,0.7879,0.1779,10.49,-0.0148,-0.0227,9.8065,-0.0345,-0.0131,0.0326,-18.06,-36.56,-1.62,242.28,-82.79,171.64
52.385967,-1.445456,138.55,29.35,6,46.72,19 / 20,2904710,2019-09-06 20:08:30:453,1.8458,-0.1461,10.4064,-0.0291,-0.0128,9.8065,-0.0114,0.0345,-0.0039,-18.25,-35.56,-2.12,243.96,-82.95,172.87
52.385967,-1.445456,138.55,29.35,6,46.72,19 / 20,2904810,2019-09-06 20:08:30:553,0.8649,1.1223,9.4764,0.0133,0.0005,9.8066,-0.0235,0.0183,0.0297,-17.75,-36.44,-2.62,241.5,-82.7,173.57
52.385967,-1.445456,138.55,29.35,6,46.72,19 / 20,2904910,2019-09-06 20:08:30:653,0.6067,0.1591,9.9749,0.0008,-0.008,9.8066,0.1623,0.0162,-0.0001,-18.19,-36.44,-2.44,244.48,-82.69,173.93
52.385967,-1.445456,138.55,29.35,6,46.72,19 / 20,2905010,2019-09-06 20:08:30:753,0.1716,0.3443,9.3772,-0.0025,0.002,9.8066,-0.0046,-0.0257,-0.0367,-18.19,-36.56,-2.94,241.79,-82.74,174.19
52.385967,-1.445456,138.55,29.35,6,46.72,19 / 20,2905110,2019-09-06 20:08:30:853,0.6921,0.3707,9.5577,-0.0292,-0.0231,9.8065,-0.0747,-0.0785,0.0076,-18.44,-37.25,-4.69,236.5,-82.72,173.95
52.385967,-1.445456,138.55,29.35,6,46.72,19 / 20,2905210,2019-09-06 20:08:30:953,0.1226,0.8737,9.5183,-0.0205,-0.0019,9.8066,-0.0533,0.0058,-0.0144,-17.56,-39.94,-7.19,231.27,-82.73,174.14
52.385967,-1.445456,138.55,29.35,6,46.72,19 / 20,2905310,2019-09-06 20:08:31:053,-2.161,1.0863,8.8275,0.0212,0.0331,9.8065,-0.112,0.0752,0.0182,-14.75,-55.12,-11.31,214.4,-82.6,172.9
52.385967,-1.445456,138.55,29.35,6,46.72,19 / 20,2905409,2019-09-06 20:08:31:152,-1.2142,1.3237,8.9321,0.0679,0.0187,9.8064,0.34,0.0247,-0.0339,-8.19,-59.5,5.5,252.12,-82.36,173.93
52.385967,-1.445456,138.55,29.35,6,46.72,19 / 20,2905510,2019-09-06 20:08:31:253,-1.0371,-0.506,9.1838,0.1485,0.0423,9.8054,-0.4615,0.0349,0.0043,-8.87,-56.62,2.69,239.21,-82.16,175.69
52.385967,-1.445456,138.55,29.35,6,46.72,19 / 20,2905610,2019-09-06 20:08:31:353,-0.5242,-0.1501,8.4489,-0.1294,-0.046,9.8057,-0.41,0.026,0.002,-10.5,-57.06,4.06,247.05,-82.32,176.08
52.385967,-1.445456,138.55,29.35,6,46.72,19 / 20,2905709,2019-09-06 20:08:31:452,-0.016,-0.2393,9.1568,-0.0571,-0.0087,9.8064,0.157,0.0075,-0.0463,-10.44,-56.56,2.88,244.79,-83,175.22
52.385967,-1.445456,138.55,29.35,6,46.72,19 / 20,2905809,2019-09-06 20:08:31:552,0.9641,0.0095,10.3413,-0.0123,-0.0076,9.8065,-0.1444,0.0181,-0.0016,-11,-55.44,3.94,252.09,-82.97,175.42
52.385967,-1.445456,138.55,29.35,6,46.72,19 / 20,2905910,2019-09-06 20:08:31:653,0.9008,-0.1919,9.692,-0.0421,-0.0166,9.8065,0.1274,-0.0333,-0.0134,-12.06,-52.94,2.38,246.25,-83.08,175.55
52.385967,-1.445456,138.55,29.35,6,46.72,19 / 20,2906010,2019-09-06 20:08:31:753,1.4141,1.0269,9.8519,0.0026,0.0113,9.8066,-0.0729,-0.0181,-0.0058,-13.56,-53.06,0.13,240.71,-82.97,174.5
52.385967,-1.445456,138.55,29.35,6,46.72,19 / 20,2906110,2019-09-06 20:08:31:853,-0.3915,-0.2301,10.0726,-0.0145,0.0019,9.8066,-0.1078,-0.0148,-0.0225,-11.75,-51.56,3.5,253.88,-83.08,173.95
52.385967,-1.445456,138.55,29.35,6,46.72,19 / 20,2906210,2019-09-06 20:08:31:953,0.1218,1.0077,9.2418,0.0233,-0.0039,9.8066,0.021,-0.0524,0.032,-12.44,-47.44,2.69,251.97,-83.14,173.56
52.385967,-1.445456,138.55,29.35,6,46.72,19 / 20,2906310,2019-09-06 20:08:32:053,-0.3548,-0.7996,9.6337,0.0634,-0.0004,9.8063,-0.2609,-0.0165,0.0111,-17.56,-34.12,2.13,258.13,-82.95,174.83
52.385967,-1.445456,138.55,29.35,6,46.72,19 / 20,2906409,2019-09-06 20:08:32:152,-1.5269,-0.5996,10.0986,-0.0324,-0.0099,9.8066,0.1549,0.0002,-0.0015,-18.56,-33.75,-1.37,250.29,-83.27,174.61
52.385967,-1.445456,138.55,29.35,6,46.72,19 / 20,2906510,2019-09-06 20:08:32:253,0.4012,-0.131,10.4762,0.0485,0.0262,9.8064,0.1719,0.0566,-0.0493,-18.31,-33.37,-1.69,246.5,-83.27,174.05
52.385967,-1.445456,138.55,29.35,6,46.72,19 / 20,2906609,2019-09-06 20:08:32:352,-0.0339,-0.1162,9.8527,0.0208,0.012,9.8066,-0.1296,0.0163,-0.0276,-17.87,-34.19,-1.69,245.23,-83.04,173.4
52.385967,-1.445456,138.55,29.35,6,46.72,19 / 20,2906710,2019-09-06 20:08:32:453,1.2206,0.6826,9.0787,-0.0068,-0.0083,9.8066,0.04,0.0352,0.0109,-18.06,-34.37,-1.62,245.36,-83.19,173.28
52.385967,-1.445456,138.55,29.35,6,46.72,19 / 20,2906809,2019-09-06 20:08:32:552,0.0078,0.341,8.5301,-0.0059,-0.0099,9.8066,-0.0766,0.0484,0.0552,-17.5,-35.12,-1.81,244.5,-83.27,173.61
52.385967,-1.445456,138.55,29.35,6,46.72,19 / 20,2906910,2019-09-06 20:08:32:653,-0.3967,0.5775,8.9999,-0.0165,-0.0038,9.8065,0.0237,0.0058,-0.0117,-18.62,-34.87,-2,247.09,-83.39,174.24
52.385967,-1.445456,138.55,29.35,6,46.72,19 / 20,2907010,2019-09-06 20:08:32:753,-0.9917,0.2915,9.3606,0.0565,0.0104,9.8064,-0.0309,-0.0271,0.0524,-18,-35.25,-2.12,246.89,-83.33,175.07
52.385967,-1.445456,138.55,29.35,6,46.72,19 / 20,2907110,2019-09-06 20:08:32:853,-5.3392,0.0489,11.372,0.0707,0.0197,9.8063,-0.2813,0.0191,0.0437,-17.94,-34.81,-1.69,247.19,-83.2,175.63
52.385967,-1.445456,138.55,29.35,6,46.72,19 / 20,2907210,2019-09-06 20:08:32:953,-1.5059,-2.1119,13.379,-0.1374,-0.0226,9.8056,0.7394,-0.017,-0.0579,-17.75,-35.56,-0.56,249.27,-83.55,174.52
52.385967,-1.445456,138.55,29.35,6,46.72,19 / 20,2907309,2019-09-06 20:08:33:052,-0.949,0.3239,9.9438,-0.1198,-0.0337,9.8058,-0.1244,0.0663,-0.0272,-17.75,-35.37,-1.56,245.39,-83.13,173.78
52.385967,-1.445456,138.55,29.35,6,46.72,19 / 20,2907410,2019-09-06 20:08:33:153,2.2651,0.3476,10.7652,-0.065,-0.0225,9.8063,0.1523,-0.0312,-0.031,-17.81,-35.44,-1.31,247.09,-82.83,173.09
52.385967,-1.445456,138.55,29.35,6,46.72,19 / 20,2907509,2019-09-06 20:08:33:252,1.4984,0.5834,9.9468,-0.1029,-0.0352,9.806,0.3389,0.0322,0.0039,-17.75,-36.31,-1.06,247.08,-83.44,172.32
52.385967,-1.445456,138.55,29.35,6,46.72,19 / 20,2907610,2019-09-06 20:08:33:353,-0.4847,-0.0163,8.6091,0.0595,0.0247,9.8064,-0.2366,0.0596,0.001,-17.25,-35.94,-1.62,242.32,-83.19,171.7
52.385967,-1.445456,138.55,29.35,6,46.72,19 / 20,2907710,2019-09-06 20:08:33:453,-0.3081,1.0016,9.7022,0.0399,0.0169,9.8065,-0.1515,-0.07,-0.0062,-17.5,-35.5,-1.37,245.3,-83.3,171.18
52.385967,-1.445456,138.55,29.35,6,46.72,19 / 20,2907810,2019-09-06 20:08:33:553,-0.0557,0.1157,10.5919,0.0332,0.009,9.8066,-0.0438,0.0008,-0.0079,-17.19,-35.87,-2,242.53,-83.1,172.11
52.385967,-1.445456,138.55,29.35,6,46.72,19 / 20,2907910,2019-09-06 20:08:33:653,-0.1354,0.1884,10.6411,0.0492,0.0101,9.8064,0.084,0.0633,0.0232,-17.44,-35.69,-1.5,245.8,-82.92,172.84
52.385967,-1.445456,138.55,29.35,6,46.72,19 / 20,2908010,2019-09-06 20:08:33:753,-1.2992,-0.9668,9.6267,-0.018,-0.0003,9.8065,-0.058,0.0254,0.0744,-17.94,-35.75,-1.94,243.94,-82.89,172.95
52.385967,-1.445456,138.55,29.35,6,46.72,19 / 20,2908110,2019-09-06 20:08:33:853,-2.6553,-0.7202,9.7741,-0.0447,-0.0271,9.8065,-0.083,-0.0776,-0.0152,-17.56,-36.44,-1.94,244.67,-83.01,173.56
52.385967,-1.445456,138.55,29.35,6,46.72,19 / 20,2908210,2019-09-06 20:08:33:953,-1.3639,-1.0353,9.5228,-0.0585,-0.0159,9.8064,0.2202,-0.0168,-0.0663,-17.81,-36.5,-2.5,246.09,-83.52,174.2
52.385967,-1.445456,138.55,29.35,6,46.72,19 / 20,2908310,2019-09-06 20:08:34:053,-0.8163,-0.9639,8.9814,-0.0337,0.0119,9.8065,-0.0915,0.0701,0.02,-17.62,-35.94,-2.25,244.49,-83.45,172.55
52.385967,-1.445456,138.55,29.35,6,46.72,19 / 20,2908409,2019-09-06 20:08:34:152,-1.09,-0.4739,9.6548,0.0073,0.0089,9.8066,0.0428,0.055,0.0469,-18,-36,-2,242.36,-83.49,170.13
52.385967,-1.445456,138.55,29.35,6,46.72,19 / 20,2908510,2019-09-06 20:08:34:253,-0.6376,-0.252,10.3429,0.0166,-0.004,9.8066,-0.1762,-0.1079,-0.0455,-17.56,-36.31,-1.75,242.25,-83.38,170.19
52.385967,-1.445456,138.55,29.35,6,46.72,19 / 20,2908609,2019-09-06 20:08:34:352,-1.5289,-1.2882,11.0507,-0.0242,-0.0231,9.8066,0.2448,-0.0183,-0.0541,-17.56,-36.06,-2.12,242.87,-83.12,171.34
52.385967,-1.445456,138.55,29.35,6,46.72,19 / 20,2908710,2019-09-06 20:08:34:453,0.6519,-1.3553,11.1738,0.06,0.0086,9.8064,-0.0371,0.1077,0.0876,-18.31,-35.81,-0.87,247.26,-83.28,172.82
52.385967,-1.445456,138.55,29.35,6,46.72,19 / 20,2908809,2019-09-06 20:08:34:552,-0.4478,-2.2696,9.647,-0.0178,-0.017,9.8065,0.0615,-0.0432,0.0323,-18.56,-36.62,-1.94,245.89,-83.39,173.56
52.385967,-1.445456,138.55,29.35,6,46.72,19 / 20,2908910,2019-09-06 20:08:34:653,0.8298,0.1627,10.1407,-0.0794,-0.0386,9.8062,-0.0653,0.0172,0.0018,-18.25,-35.94,-2.56,242.84,-83.84,173.07
52.385967,-1.445456,138.55,29.35,6,46.72,19 / 20,2909009,2019-09-06 20:08:34:752,-1.4492,-0.4086,10.0406,0.0919,0.0485,9.8061,0.0254,0.0606,0.0534,-17.87,-35.87,-2.31,242.4,-83.33,170.45
52.385967,-1.445456,138.55,29.35,6,46.72,19 / 20,2909109,2019-09-06 20:08:34:852,-1.9095,-1.2405,11.28,0.0935,0.0248,9.8061,0.3854,0.0443,-0.0102,-17.37,-36,-2.31,241.84,-83.19,171.15
52.385967,-1.445456,138.55,29.35,6,46.72,19 / 20,2909210,2019-09-06 20:08:34:953,0.6995,-0.9427,10.9234,0.0107,-0.0214,9.8066,0.036,-0.0809,0.005,-17.87,-36.12,-2.31,244.5,-83.28,172.87
52.385967,-1.445456,138.55,29.35,6,46.72,19 / 20,2909310,2019-09-06 20:08:35:053,-0.4828,-0.8015,10.6891,-0.0134,-0.0164,9.8065,-0.0226,-0.024,0.0568,-17.69,-35.87,-1.81,246.65,-83.35,175.12
52.385967,-1.445456,138.55,29.35,6,46.72,18 / 19,2909409,2019-09-06 20:08:35:152,-0.3865,-0.9859,9.9639,0.0275,0.0262,9.8066,-0.1358,-0.0419,0.0773,-17.5,-36,-2.06,244.44,-83.16,174.13
52.385967,-1.445456,138.55,29.35,6,46.72,18 / 19,2909510,2019-09-06 20:08:35:253,0.549,-0.5757,8.8284,-0.0632,-0.0318,9.8064,0.1252,0.0543,0.0394,-17.69,-36.06,-2.06,244.86,-83.16,173.49
52.385967,-1.445456,138.55,29.35,6,46.72,18 / 19,2909610,2019-09-06 20:08:35:353,-0.4379,0.4545,8.7337,-0.0523,-0.0298,9.8064,-0.1171,0.0331,-0.0604,-18,-35.75,-2.31,246.52,-83.63,174.46
52.385967,-1.445456,138.55,29.35,6,46.72,18 / 19,2909710,2019-09-06 20:08:35:453,0.5019,0.1429,9.4351,0.0074,0.015,9.8066,0.0578,0.0064,-0.0252,-17.62,-36.69,-2,246.08,-83.52,174.51
52.385967,-1.445456,138.55,29.35,6,46.72,18 / 19,2909810,2019-09-06 20:08:35:553,0.4191,0.3603,9.0513,0.0042,0.0022,9.8066,0.2308,-0.0072,-0.015,-17.19,-35.87,-2.06,244.16,-83.39,173.37
52.385967,-1.445456,138.55,29.35,6,46.72,18 / 19,2909909,2019-09-06 20:08:35:652,-0.2523,0.5116,10.3394,-0.0047,-0.0093,9.8066,0.0057,0.0121,-0.0352,-17.19,-36.06,-2.31,244.61,-83.42,173.83
52.385967,-1.445456,138.55,29.35,6,46.72,18 / 19,2910009,2019-09-06 20:08:35:752,-0.0369,-0.6381,9.8926,0.0466,0.0219,9.8065,0.1483,-0.0095,0.0612,-17.81,-36.31,-2.44,246.14,-83.2,174.84
52.385967,-1.445456,138.55,29.35,6,46.72,18 / 19,2910109,2019-09-06 20:08:35:852,-1.0478,0.3153,9.6144,0.0364,0.0058,9.8065,-0.046,-0.0998,0.0521,-17.12,-35.81,-2.06,245.61,-83.26,175.24
52.385967,-1.445456,138.55,29.35,6,46.72,18 / 19,2910210,2019-09-06 20:08:35:953,-0.0672,-0.5593,9.0777,-0.0168,-0.0112,9.8066,-0.2047,-0.0128,0.1021,-18,-36.44,-2.75,245.44,-83.49,176.55
52.385967,-1.445456,138.55,29.35,6,46.72,18 / 19,2910310,2019-09-06 20:08:36:053,-1.6381,-0.0468,9.1258,0.006,0.0034,9.8066,0.1289,-0.0492,0.0668,-17.81,-35.94,-2.37,248.27,-83.44,176.73
52.385967,-1.445456,138.55,29.35,6,46.72,18 / 19,2910409,2019-09-06 20:08:36:152,-0.3496,-0.6267,9.8331,-0.0141,-0.0277,9.8066,-0.0509,0.0358,0.0004,-17.87,-35.87,-1.56,250.48,-83.63,178.77
52.385967,-1.445456,138.55,29.35,6,46.72,18 / 19,2910510,2019-09-06 20:08:36:253,-1.0182,-1.0371,9.7613,-0.0159,0.0043,9.8066,0.032,0.0937,-0.0225,-18.56,-36.31,-2.37,251.27,-83.55,178.79
52.385967,-1.445456,138.55,29.35,6,46.72,18 / 19,2910610,2019-09-06 20:08:36:353,-0.9678,-0.7576,10.0395,0.0064,0.0203,9.8066,0.0134,0.0547,-0.1243,-18.19,-35.69,-2.44,247.86,-83.38,176.4
52.385967,-1.445456,138.55,29.35,6,46.72,18 / 19,2910710,2019-09-06 20:08:36:453,0.1364,0.0969,9.8655,0.0046,-0.01,9.8066,-0.0203,0.0473,-0.0611,-17.94,-36.12,-2.44,248.12,-83.21,176.99
52.385967,-1.445456,138.55,29.35,6,46.72,18 / 19,2910810,2019-09-06 20:08:36:553,-0.5249,-1.2787,9.9558,-0.0026,-0.0107,9.8066,-0.0621,-0.0351,0.0998,-18.25,-35.87,-1.75,249.29,-83.26,178.18
52.385967,-1.445456,138.55,29.35,6,46.72,18 / 19,2910909,2019-09-06 20:08:36:652,0.4538,0.8549,9.362,-0.0359,-0.0073,9.8066,0.0693,0.0572,-0.0223,-18.75,-36.12,-2.56,248.03,-83.51,178.25
52.385967,-1.445456,138.55,29.35,6,46.72,18 / 19,2911010,2019-09-06 20:08:36:753,-0.6716,-0.3271,9.5487,0.0145,-0.0025,9.8066,0.0283,0.0109,0.0321,-18.37,-36.06,-2.06,249.95,-83.61,178.24
52.385967,-1.445456,138.55,29.35,6,46.72,18 / 19,2911110,2019-09-06 20:08:36:853,-0.3428,-0.0674,9.7854,0.0485,0.0086,9.8065,-0.1583,-0.0357,0.1208,-17.75,-36.25,-2.62,247.08,-83.76,177.87
52.385967,-1.445456,138.55,29.35,6,46.72,18 / 19,2911210,2019-09-06 20:08:36:953,-2.1383,-0.569,9.7679,0.0512,0.0185,9.8064,-0.0688,-0.1454,-0.0365,-18.12,-35.94,-2.69,247.59,-83.42,179.05
52.385967,-1.445456,138.55,29.35,6,46.72,18 / 19,2911312,2019-09-06 20:08:37:055,-1.3324,-1.1347,10.5541,0.0039,0.0039,9.8066,-0.0211,-0.0654,-0.0224,-18.12,-35.87,-1.94,250.03,-83.32,178.88
52.385967,-1.445456,138.55,29.35,6,46.72,18 / 19,2911410,2019-09-06 20:08:37:153,-0.8637,-0.6687,10.0491,0.0148,0.0013,9.8066,-0.0904,-0.0069,0.0525,-18.31,-35.94,-1.56,250.1,-83.17,179.24
52.385967,-1.445456,138.55,29.35,6,46.72,18 / 19,2911509,2019-09-06 20:08:37:252,-0.0496,-0.2473,9.9643,-0.0381,-0.0142,9.8065,0.1519,-0.0127,0.0104,-18.19,-35.62,-1.75,250.61,-83.43,179.3
52.385967,-1.445456,138.55,29.35,6,46.72,18 / 19,2911611,2019-09-06 20:08:37:354,-1.0782,-1.6896,9.9885,0.0235,0.0044,9.8065,0.0894,0.0328,-0.0141,-18.12,-36.25,-1.94,251.25,-83.55,179.74
52.385967,-1.445456,138.55,29.35,6,46.72,18 / 19,2911710,2019-09-06 20:08:37:453,-1.0279,-0.5293,10.1228,0.0145,0.0131,9.8066,-0.0909,0.0674,-0.0289,-18.56,-35.75,-2.19,252.2,-83.55,179.79
52.385967,-1.445456,138.55,29.35,6,46.72,18 / 19,2911810,2019-09-06 20:08:37:553,0.1335,-1.0137,9.845,-0.0151,0.0061,9.8066,-0.0053,0.0194,-0.1095,-18.56,-36.37,-1.81,250.47,-83.57,177.89
52.385967,-1.445456,138.55,29.35,6,46.72,18 / 19,2911910,2019-09-06 20:08:37:653,0.0628,-0.5022,9.1758,0.0296,0.0044,9.8066,-0.0285,-0.0277,-0.122,-17.94,-35.75,-1.62,249.73,-83.31,178.57
52.385967,-1.445456,138.55,29.35,6,46.72,18 / 19,2912010,2019-09-06 20:08:37:753,-0.8567,-1.217,8.9117,0.0399,0.0299,9.8065,0.1342,0.0152,0.0914,-18.31,-35.75,-2,248.94,-83.21,177.89
52.385967,-1.445456,138.55,29.35,6,46.72,18 / 19,2912110,2019-09-06 20:08:37:853,-1.3938,-0.3489,8.7816,-0.02,-0.0056,9.8066,-0.218,-0.0085,0.0492,-18.69,-36.25,-1.75,249.2,-83.48,176.7
52.385967,-1.445456,138.55,29.35,6,46.72,18 / 19,2912209,2019-09-06 20:08:37:952,0.7044,-0.1066,9.663,0.0242,0.005,9.8065,-0.3326,0.001,-0.0158,-18.06,-36.37,-1.75,248.4,-83.37,177.01
52.385967,-1.445456,138.55,29.35,6,46.72,18 / 19,2912310,2019-09-06 20:08:38:053,-1.1209,-1.5664,9.4318,-0.0393,-0.0136,9.8065,0.0249,-0.0324,0.0415,-18.5,-36.12,-2.25,248.18,-83.59,176.34
52.385967,-1.445456,138.55,29.35,6,46.72,18 / 19,2912410,2019-09-06 20:08:38:153,-1.0904,-0.909,9.9879,-0.0242,-0.0198,9.8065,-0.12,-0.147,-0.0094,-18.19,-36.19,-1.81,249.04,-83.65,177.18
52.385967,-1.445456,138.55,29.35,6,46.72,18 / 19,2912509,2019-09-06 20:08:38:252,-0.0162,-0.5077,10.0029,-0.0042,0.0107,9.8066,0.0246,-0.0494,-0.1129,-18.25,-35.87,-1.94,248.09,-83.48,176.46
52.385967,-1.445456,138.55,29.35,6,46.72,18 / 19,2912610,2019-09-06 20:08:38:353,-0.2662,-0.1406,9.5763,0.0273,0.003,9.8066,0.0501,0.0127,0.0862,-18,-35.87,-2.06,247.28,-83.51,175.52
52.385967,-1.445456,138.55,29.35,6,46.72,18 / 19,2912709,2019-09-06 20:08:38:452,-0.2569,-0.9035,10.3125,0.0387,-0.0081,9.8065,-0.0751,-0.0255,0.0838,-18.69,-35.94,-1.31,252.98,-83.36,178.03
52.385967,-1.445456,138.55,29.35,6,46.72,18 / 19,2912809,2019-09-06 20:08:38:552,-0.5572,-1.1627,10.2099,0.0134,0.0031,9.8065,0.0749,0.0167,-0.0495,-18.62,-36.19,-1.75,251,-83.38,178.81
52.385967,-1.445456,138.55,29.35,6,46.72,18 / 19,2912910,2019-09-06 20:08:38:653,-0.114,-0.2173,10.1141,0.0024,0.0088,9.8066,0.0067,0.0005,0.0071,-17.94,-35.81,-1.87,249.77,-83.31,178.6
52.385967,-1.445456,138.55,29.35,6,46.72,18 / 19,2913010,2019-09-06 20:08:38:753,-0.6154,-0.9959,9.2722,0.0027,0.0037,9.8066,0.0428,-0.003,-0.0868,-18.19,-35.62,-1.81,249.11,-83.32,177.88
52.385967,-1.445456,138.55,29.35,6,46.72,18 / 19,2913110,2019-09-06 20:08:38:853,-0.7911,-0.9259,9.4348,-0.0134,0.0012,9.8066,-0.0354,0.0314,-0.0374,-17.87,-35.69,-1.62,248.83,-83.43,177.35
52.385967,-1.445456,138.55,29.35,6,46.72,18 / 19,2913210,2019-09-06 20:08:38:953,0.0739,-0.4176,9.8538,-0.0328,-0.0081,9.8065,0.0607,0.0324,-0.0039,-18.19,-36,-1.69,248.21,-83.42,176.71
52.385967,-1.445456,138.55,29.35,6,46.72,18 / 19,2913309,2019-09-06 20:08:39:052,-0.1909,0.274,9.8068,-0.0225,-0.0133,9.8065,0.0787,-0.002,-0.0408,-18.19,-36.5,-1.62,248.46,-83.56,176.72
52.387657,-1.442651,139.18,28.85,4,45.22,19 / 20,2913410,2019-09-06 20:08:39:153,-1.4663,-1.1366,9.8176,-0.0083,-0.0132,9.8066,-0.0932,-0.0439,-0.0375,-18.69,-36.19,-1.75,249.56,-83.51,177.03
52.387657,-1.442651,139.18,28.85,4,45.22,19 / 20,2913510,2019-09-06 20:08:39:253,-0.3571,-0.8732,9.3623,0.0166,-0.0023,9.8065,0.0075,0.0077,0.0686,-18.87,-35.62,-2.06,250.32,-83.48,177.9
52.387657,-1.442651,139.18,28.85,4,45.22,19 / 20,2913609,2019-09-06 20:08:39:352,0.2058,0.4768,9.6535,-0.0125,-0.0095,9.8066,0.0462,-0.0223,0.0105,-18.5,-35.5,-1.5,253.39,-83.51,178.67
52.387657,-1.442651,139.18,28.85,4,45.22,19 / 20,2913709,2019-09-06 20:08:39:452,-0.1607,-0.7399,9.8581,0.0082,0.0116,9.8066,-0.0782,-0.0233,0.0316,-18.44,-36.19,-1.37,252.25,-83.45,177.93
52.387657,-1.442651,139.18,28.85,4,45.22,19 / 20,2913810,2019-09-06 20:08:39:553,-0.704,0.1753,9.5252,0.0029,-0.0042,9.8066,-0.0161,-0.0026,0.0743,-17.87,-35.94,-1.44,252.08,-83.55,177.55
52.387657,-1.442651,139.18,28.85,4,45.22,19 / 20,2913910,2019-09-06 20:08:39:653,-0.0946,-0.7794,9.7802,-0.0086,0.0046,9.8066,-0.0989,-0.0456,-0.0765,-18.06,-35.87,-1.56,249.25,-83.45,177.77
52.387657,-1.442651,139.18,28.85,4,45.22,19 / 20,2914010,2019-09-06 20:08:39:753,-0.3592,-0.4006,9.1478,-0.0081,0.0005,9.8066,-0.0281,0.0104,0.0311,-18.19,-36.19,-1.87,248.33,-83.58,176.54
52.387657,-1.442651,139.18,28.85,4,45.22,19 / 20,2914109,2019-09-06 20:08:39:852,0.3661,-0.5697,9.5614,0.0013,-0.0096,9.8066,-0.1017,-0.0707,-0.0486,-18.25,-36.31,-1.75,249.15,-83.61,177.37
52.387657,-1.442651,139.18,28.85,4,45.22,19 / 20,2914209,2019-09-06 20:08:39:952,-1.421,-0.6993,10.4114,0.0052,0.0135,9.8066,-0.0331,-0.0634,-0.0797,-17.69,-35.75,-1.12,251.79,-83.56,177.21
52.387657,-1.442651,139.18,28.85,4,45.22,19 / 20,2914310,2019-09-06 20:08:40:053,-1.1694,-0.6319,10.1955,-0.0166,-0.0062,9.8065,0.1124,0.0059,0.073,-18.44,-35.94,-1.94,248.94,-83.7,176.97
52.387657,-1.442651,139.18,28.85,4,45.22,19 / 20,2914409,2019-09-06 20:08:40:152,0.42,-0.4473,9.9238,0.0148,-0.0033,9.8066,0.0787,-0.0715,-0.043,-18.25,-36,-2,250.18,-83.62,178.47
52.387657,-1.442651,139.18,28.85,4,45.22,19 / 20,2914510,2019-09-06 20:08:40:253,0.247,1.5383,9.3218,-0.0052,0.0247,9.8066,0.0663,0.0279,0.0861,-18.69,-35.94,-1.56,250.7,-83.53,178.22
52.387657,-1.442651,139.18,28.85,4,45.22,19 / 20,2914609,2019-09-06 20:08:40:352,-1.3295,0.157,9.8419,0.0229,0.0001,9.8066,-0.1065,0.0868,0.1289,-18.56,-35.94,-0.75,252.29,-83.53,176.99
52.387657,-1.442651,139.18,28.85,4,45.22,19 / 20,2914710,2019-09-06 20:08:40:453,-0.2542,-0.8401,8.8369,-0.0531,-0.012,9.8064,-0.2674,0.0471,-0.1263,-18.69,-36.06,-1.37,253.45,-83.43,178.41
52.387657,-1.442651,139.18,28.85,4,45.22,19 / 20,2914810,2019-09-06 20:08:40:553,1.4702,-0.5919,9.5593,-0.0574,-0.0146,9.8064,0.1836,0.0946,0.0342,-18.56,-35.62,-1.31,253.53,-83.8,177.81
52.387657,-1.442651,139.18,28.85,4,45.22,19 / 20,2914909,2019-09-06 20:08:40:652,1.2166,-0.9194,9.5815,-0.0165,-0.016,9.8066,-0.035,-0.047,-0.1309,-17.94,-35.81,-1.81,249.85,-83.66,178.04
52.387657,-1.442651,139.18,28.85,4,45.22,19 / 20,2915009,2019-09-06 20:08:40:752,-0.3368,1.1118,10.541,-0.0099,0.0057,9.8066,-0.0016,0.0394,-0.1407,-18.25,-36,-1.25,253.04,-83.48,178.73
52.387657,-1.442651,139.18,28.85,4,45.22,19 / 20,2915110,2019-09-06 20:08:40:853,-1.0204,-0.3619,9.9245,-0.0264,0.002,9.8065,0.1045,0.0372,0.0534,-18.12,-36.12,-1.31,251.76,-83.63,177.05
52.387657,-1.442651,139.18,28.85,4,45.22,19 / 20,2915210,2019-09-06 20:08:40:953,-0.3356,0.6219,10.2194,-0.0089,-0.0202,9.8065,0.0486,0.026,-0.0898,-18.31,-35.87,-1.44,253.61,-83.69,178.92
52.387657,-1.442651,139.18,28.85,4,45.22,19 / 20,2915310,2019-09-06 20:08:41:053,2.1256,-1.0368,10.8448,-0.0424,-0.0063,9.8065,-0.2609,0.0485,0.1223,-18.5,-35.81,-1.37,254.16,-83.95,179
52.387657,-1.442651,139.18,28.85,4,45.22,19 / 20,2915409,2019-09-06 20:08:41:152,1.9231,0.5896,11.6056,0.0334,-0.0087,9.8065,0.557,0.1124,0.0338,-17.87,-35.81,-0.94,254.56,-83.78,179.76
52.387657,-1.442651,139.18,28.85,4,45.22,19 / 20,2915510,2019-09-06 20:08:41:253,1.1495,-0.3841,11.9972,0.0904,0.0346,9.8061,0.2855,0.0552,-0.101,-18.12,-35.75,-1,255.01,-83.82,-179.84
52.387657,-1.442651,139.18,28.85,4,45.22,19 / 20,2915609,2019-09-06 20:08:41:352,-1.0674,-0.587,10.0352,0.0892,0.0369,9.8061,-0.0764,-0.0171,-0.001,-18.56,-35.94,-1.81,251.72,-83.78,178.87
52.387657,-1.442651,139.18,28.85,4,45.22,19 / 20,2915710,2019-09-06 20:08:41:453,-0.6011,-0.6192,9.7473,-0.0405,-0.0201,9.8065,0.1753,0.0642,0.0102,-18.37,-35.94,-1.12,253.15,-83.29,179.21
52.387657,-1.442651,139.18,28.85,4,45.22,19 / 20,2915809,2019-09-06 20:08:41:552,0.8391,-0.2401,9.1378,-0.0215,-0.0079,9.8066,-0.098,0.0258,0.0417,-17.94,-35.44,-1.44,254.76,-83.61,179.95
52.387657,-1.442651,139.18,28.85,4,45.22,19 / 20,2915910,2019-09-06 20:08:41:653,-1.4295,-0.4152,9.4931,0.004,-0.0088,9.8066,-0.0385,-0.0822,0.0018,-18.37,-36.19,-1.62,252.12,-83.73,-179.65
52.387657,-1.442651,139.18,28.85,4,45.22,19 / 20,2916010,2019-09-06 20:08:41:753,-2.5031,-1.8169,10.2623,-0.0129,0.0026,9.8066,-0.2677,-0.0704,0.0181,-18.87,-35.62,-1.94,253.21,-83.83,-179.64
52.387657,-1.442651,139.18,28.85,4,45.22,19 / 20,2916110,2019-09-06 20:08:41:853,-1.337,-0.0978,10.4977,-0.0113,0.0006,9.8066,0.081,0.0075,0.0393,-18.69,-36.06,-1.44,255.62,-83.76,-179.89
52.387657,-1.442651,139.18,28.85,4,45.22,19 / 20,2916210,2019-09-06 20:08:41:953,0.0065,-0.7962,10.8065,-0.0115,-0.0056,9.8066,0.0829,-0.028,-0.0269,-18.62,-35.75,-1.25,254.88,-83.52,179.77
52.387657,-1.442651,139.18,28.85,4,45.22,19 / 20,2916310,2019-09-06 20:08:42:053,0.9789,-0.4882,10.5626,-0.0346,-0.0143,9.8065,-0.2125,0.0458,0.0592,-18.62,-36.25,-1.25,255.85,-83.59,-179.33
52.387657,-1.442651,139.18,28.85,4,45.22,19 / 20,2916409,2019-09-06 20:08:42:152,-0.3749,-0.5361,10.0336,-0.003,0.0118,9.8066,0.0539,-0.086,0.0777,-18.81,-35.75,-1.56,252.62,-83.48,-179.62
52.387657,-1.442651,139.18,28.85,4,45.22,19 / 20,2916509,2019-09-06 20:08:42:252,0.1205,0.3101,9.408,-0.0126,-0.015,9.8066,-0.0622,-0.0072,-0.0287,-18.75,-35.12,-1.37,256.34,-83.66,-179.28
52.387657,-1.442651,139.18,28.85,4,45.22,19 / 20,2916609,2019-09-06 20:08:42:352,0.114,-1.581,9.6695,0.0081,0.0039,9.8066,-0.0588,-0.0248,0.0734,-18,-35.37,-1.44,256.25,-83.6,-178.46
52.387657,-1.442651,139.18,28.85,4,45.22,19 / 20,2916710,2019-09-06 20:08:42:453,-1.9796,-0.0345,9.5822,0.0121,0.0036,9.8066,0.0134,-0.0673,0.0249,-18.75,-35.62,-1.94,253.13,-83.65,-179.39
52.387657,-1.442651,139.18,28.85,4,45.22,19 / 20,2916810,2019-09-06 20:08:42:553,-1.0113,-0.5513,10.9481,-0.0039,0.0113,9.8066,-0.0887,0.0011,0.0081,-18.12,-35.75,-1.69,251.77,-83.61,-179.81
52.387657,-1.442651,139.18,28.85,4,45.22,19 / 20,2916910,2019-09-06 20:08:42:653,-0.2434,0.1464,10.4075,0.0078,0.0124,9.8066,0.2577,-0.1053,0.0197,-18.25,-35.87,-1.69,250.39,-83.43,179.05
52.387657,-1.442651,139.18,28.85,4,45.22,19 / 20,2917010,2019-09-06 20:08:42:753,2.0054,0.4331,10.6105,-0.0514,-0.0354,9.8064,-0.0003,-0.027,0.0749,-18.06,-35.87,-1.19,254.31,-83.63,179.77
52.387657,-1.442651,139.18,28.85,4,45.22,19 / 20,2917110,2019-09-06 20:08:42:853,0.0431,1.4891,12.3734,0.0986,0.0513,9.806,-0.0768,-0.0372,0.1173,-18.12,-36.06,-1.56,251.72,-83.88,179.63
52.387657,-1.442651,139.18,28.85,4,45.22,19 / 20,2917210,2019-09-06 20:08:42:953,1.5864,-0.4581,12.4754,0.1217,0.0423,9.8057,0.3567,-0.0578,-0.0169,-17.94,-35.75,-1.62,250.47,-83.4,179.2
52.387657,-1.442651,139.18,28.85,4,45.22,19 / 20,2917309,2019-09-06 20:08:43:052,-0.4415,0.5004,10.6966,0.0664,0.0241,9.8063,-0.3384,0.0028,0.0812,-18.25,-35.81,-2,250.37,-83.57,178.76
52.387657,-1.442651,139.18,28.85,4,45.22,19 / 20,2917409,2019-09-06 20:08:43:152,-1.9883,-0.719,11.1131,0.0091,0.001,9.8066,-0.1926,-0.0547,-0.0665,-17.94,-35.94,-1.44,252.69,-83.8,177.72
52.387657,-1.442651,139.18,28.85,4,45.22,19 / 20,2917510,2019-09-06 20:08:43:253,-1.7674,-1.0796,10.355,0.0502,-0.0002,9.8065,-0.0288,-0.0106,0.0406,-17.87,-36.37,-1.31,253.34,-83.63,178.74
52.387657,-1.442651,139.18,28.85,4,45.22,19 / 20,2917610,2019-09-06 20:08:43:353,0.3904,-0.5238,9.5657,-0.0575,-0.018,9.8064,-0.232,-0.0441,-0.04,-18.12,-36.37,-1.37,253.78,-83.76,178.96
52.387657,-1.442651,139.18,28.85,4,45.22,19 / 20,2917709,2019-09-06 20:08:43:452,0.4496,-0.0239,9.0587,-0.0363,-0.0327,9.8065,-0.0054,-0.035,-0.0041,-18.44,-36.44,-1.62,251.75,-83.74,179.92
52.387657,-1.442651,139.18,28.85,4,45.22,19 / 20,2917810,2019-09-06 20:08:43:553,-0.5319,0.3648,10.0352,-0.0086,0.0012,9.8066,0.0167,-0.0502,-0.0057,-18.56,-36.06,-1.37,256.22,-83.71,-179.17
52.387657,-1.442651,139.18,28.85,4,45.22,19 / 20,2917909,2019-09-06 20:08:43:652,-0.3701,0.0173,9.5211,-0.0065,-0.0022,9.8066,-0.1348,-0.0476,-0.0189,-17.69,-36.12,-1.31,254.87,-83.85,179.94
52.387657,-1.442651,139.18,28.85,4,45.22,19 / 20,2918010,2019-09-06 20:08:43:753,0.8985,-0.5977,9.4775,0.0107,0.0057,9.8066,0.0509,-0.0714,-0.0042,-18.12,-36.25,-0.75,254.38,-83.68,179.77
52.387657,-1.442651,139.18,28.85,4,45.22,19 / 20,2918110,2019-09-06 20:08:43:853,-2.0107,-0.594,10.2488,0.0189,0.0042,9.8066,-0.1273,-0.0057,-0.0416,-18.62,-35.81,-1.37,254.6,-83.66,179.21
52.387657,-1.442651,139.18,28.85,4,45.22,19 / 20,2918210,2019-09-06 20:08:43:953,-0.9299,-0.337,10.3014,-0.0157,-0.0135,9.8066,-0.0437,-0.0171,0.0458,-17.94,-35.62,-0.5,258.07,-83.66,-179.44
52.387657,-1.442651,139.18,28.85,4,45.22,19 / 20,2918310,2019-09-06 20:08:44:053,-0.266,0.4065,9.3281,-0.0095,-0.0018,9.8066,-0.0969,0.0228,-0.0448,-18.12,-35.44,-1.12,255.13,-83.58,-179.6
52.387657,-1.442651,139.18,28.85,4,45.22,18 / 19,2918410,2019-09-06 20:08:44:153,-0.3562,0.9289,10.0448,-0.0067,-0.0063,9.8066,0.02,-0.0776,0.0421,-17.75,-35.56,-0.37,257.87,-83.6,-179.53
52.387657,-1.442651,139.18,28.85,4,45.22,18 / 19,2918509,2019-09-06 20:08:44:252,-2.2234,-0.289,9.429,-0.0079,0.0021,9.8066,-0.1508,-0.0186,-0.061,-17.44,-36.12,-2,250.62,-83.69,179.88
52.387657,-1.442651,139.18,28.85,4,45.22,18 / 19,2918610,2019-09-06 20:08:44:353,-0.5564,-0.7695,9.8097,0.0022,-0.0103,9.8066,0.0439,-0.028,0.056,-17.94,-35.31,-1.69,252.9,-83.78,-179.25
52.387657,-1.442651,139.18,28.85,4,45.22,18 / 19,2918710,2019-09-06 20:08:44:453,-1.0516,-0.5846,10.0494,-0.0183,0.0085,9.8066,-0.0937,0.0027,-0.0911,-18.06,-35.94,-1.75,251.57,-83.68,179.86
52.387657,-1.442651,139.18,28.85,4,45.22,18 / 19,2918809,2019-09-06 20:08:44:552,-0.6828,-0.0541,10.5871,-0.0193,-0.014,9.8065,-0.006,0.0042,0.0559,-18.25,-34.44,-0.69,254.69,-83.74,179.29
52.387657,-1.442651,139.18,28.85,4,45.22,18 / 19,2918910,2019-09-06 20:08:44:653,-0.1564,0.526,10.4561,-0.0361,-0.0159,9.8065,0.0304,0.0106,-0.0553,-18.44,-35.12,-2.12,251.67,-83.65,179.68
52.387657,-1.442651,139.18,28.85,4,45.22,18 / 19,2919010,2019-09-06 20:08:44:753,-0.2848,-0.7931,9.3509,0.0332,0.0111,9.8065,0.1626,0.0239,-0.0112,-18,-35.62,-1.94,251.23,-83.76,179.33
52.387657,-1.442651,139.18,28.85,4,45.22,18 / 19,2919110,2019-09-06 20:08:44:853,-0.9542,0.6819,9.2018,0.0085,0.0108,9.8066,-0.0965,0.0336,-0.1137,-18.19,-35.94,-1.75,250.5,-83.59,178.87
52.387657,-1.442651,139.18,28.85,4,45.22,18 / 19,2919210,2019-09-06 20:08:44:953,-1.2399,-0.2566,9.3982,-0.0144,-0.0104,9.8065,0.0292,0.0308,0.0289,-17.75,-36.19,-1.37,253.26,-83.88,178.17
52.387657,-1.442651,139.18,28.85,4,45.22,18 / 19,2919309,2019-09-06 20:08:45:052,-1.1331,0.6579,10.2655,-0.0321,-0.0201,9.8065,0.0763,0.0347,-0.0514,-17.69,-35.62,-0.75,254.38,-84.02,179.1
52.387657,-1.442651,139.18,28.85,4,45.22,18 / 19,2919409,2019-09-06 20:08:45:152,-2.085,-1.0048,11.2933,0.0023,-0.033,9.8065,0.0713,0.0308,0.0768,-18.12,-35.94,-1.37,256.01,-83.91,-178.97
52.387657,-1.442651,139.18,28.85,4,45.22,18 / 19,2919510,2019-09-06 20:08:45:253,1.2893,0.6884,11.4155,0.0747,-0.0079,9.8063,0.4785,-0.0193,0.0196,-18.19,-35.75,-1.31,257.68,-83.7,-176.78
52.387657,-1.442651,139.18,28.85,4,45.22,18 / 19,2919609,2019-09-06 20:08:45:352,-0.3808,0.0237,12.0264,0.0122,-0.0127,9.8065,-0.3075,0.0685,0.0931,-17.75,-36.12,-1.06,258.77,-83.79,-175.82
52.387657,-1.442651,139.18,28.85,4,45.22,18 / 19,2919710,2019-09-06 20:08:45:453,0.4607,0.9915,10.6802,0.0988,0.0261,9.8061,-0.0228,0.07,-0.1806,-18.37,-35.69,-0.87,257.56,-83.97,-177.43
52.387657,-1.442651,139.18,28.85,4,45.22,18 / 19,2919809,2019-09-06 20:08:45:552,-0.8779,-1.6183,10.0344,0.0599,0.0204,9.8063,0.1311,-0.0066,-0.0118,-18.06,-35.94,-1.25,256.35,-83.53,-177.84
52.387657,-1.442651,139.18,28.85,4,45.22,18 / 19,2919910,2019-09-06 20:08:45:653,0.0355,0.0826,9.8128,-0.0287,-0.0096,9.8066,-0.0957,0.0167,-0.0633,-17.37,-35.69,-1.5,254.72,-83.92,-179.46
52.387657,-1.442651,139.18,28.85,4,45.22,18 / 19,2920009,2019-09-06 20:08:45:752,-1.7525,0.7965,9.6426,0.0089,-0.0062,9.8066,0.1739,-0.0778,0.1159,-17.69,-36,-1.56,252.99,-83.8,-178.86
52.387657,-1.442651,139.18,28.85,4,45.22,18 / 19,2920110,2019-09-06 20:08:45:853,0.1309,-0.6598,9.4466,-0.0226,-0.0248,9.8065,0.0177,-0.0297,0.0042,-18.31,-35.75,-1.31,257.78,-83.95,-177.18
52.387657,-1.442651,139.18,28.85,4,45.22,18 / 19,2920210,2019-09-06 20:08:45:953,-1.8459,0.5083,9.8267,0.0003,-0.012,9.8066,0.0775,-0.0669,0.0959,-17.69,-35.94,-1.62,255.89,-83.82,-175.8
52.387657,-1.442651,139.18,28.85,4,45.22,18 / 19,2920309,2019-09-06 20:08:46:052,-1.5972,-0.7381,10.6461,-0.0012,-0.0121,9.8066,-0.0057,-0.0137,0.0211,-18.62,-36.44,-1.5,259.33,-83.75,-175.97
52.387657,-1.442651,139.18,28.85,4,45.22,18 / 19,2920410,2019-09-06 20:08:46:153,-1.0248,-0.1083,8.9779,-0.0189,-0.002,9.8066,-0.0393,-0.0236,0.0244,-18.06,-36.12,-1.19,258.67,-83.63,-175.59
52.387657,-1.442651,139.18,28.85,4,45.22,18 / 19,2920510,2019-09-06 20:08:46:253,-2.1307,-1.3579,9.9478,0.0046,0.0017,9.8066,-0.1615,0.0672,0.0007,-17.62,-36.44,-1.5,258.02,-83.71,-176.43
52.387657,-1.442651,139.18,28.85,4,45.22,18 / 19,2920609,2019-09-06 20:08:46:352,-0.2026,0.0771,9.5888,-0.0239,-0.0028,9.8066,0.0903,0.0336,0.1055,-18.12,-36.12,-1,258.35,-83.83,-176.34
52.387657,-1.442651,139.18,28.85,4,45.22,18 / 19,2920709,2019-09-06 20:08:46:452,0.0435,-0.9571,10.6571,-0.0246,-0.0072,9.8065,-0.061,-0.0002,-0.0951,-18.06,-36.06,-0.69,257.99,-84.04,-177.14
52.387657,-1.442651,139.18,28.85,4,45.22,18 / 19,2920810,2019-09-06 20:08:46:553,-1.1548,-0.8428,10.7918,-0.0271,-0.001,9.8066,-0.0119,0.0824,-0.1091,-17.87,-36.56,-0.81,257.57,-83.95,-177.06
52.387657,-1.442651,139.18,28.85,4,45.22,18 / 19,2920910,2019-09-06 20:08:46:653,-0.5812,-0.5341,10.0881,0.0226,0.0097,9.8066,0.1155,0.0247,0.0428,-18.19,-36.56,-0.75,258.52,-83.78,-175.7
52.387657,-1.442651,139.18,28.85,4,45.22,18 / 19,2921009,2019-09-06 20:08:46:752,0.6193,0.3761,9.9194,-0.0238,0.0049,9.8066,-0.1272,0.0215,-0.102,-17.81,-35.94,-0.81,258.23,-83.8,-176.4
52.387657,-1.442651,139.18,28.85,4,45.22,18 / 19,2921109,2019-09-06 20:08:46:852,-0.6317,0.5396,9.6074,0.0156,0.0017,9.8066,0.0474,-0.1015,0.0654,-17.87,-36.12,-1.06,259.1,-83.74,-175.37
52.387657,-1.442651,139.18,28.85,4,45.22,18 / 19,2921210,2019-09-06 20:08:46:953,-0.765,-0.6887,9.7235,0.0159,0.027,9.8065,-0.0731,-0.0515,-0.1119,-17.94,-36.25,-0.75,257.76,-83.81,-176.92
52.387657,-1.442651,139.18,28.85,4,45.22,18 / 19,2921310,2019-09-06 20:08:47:053,-0.9405,0.1954,9.9262,0.0054,-0.0118,9.8066,0.0316,0.0173,0.1226,-17.69,-36.44,-1.25,257.62,-83.84,-177.12
52.387657,-1.442651,139.18,28.85,4,45.22,19 / 20,2921409,2019-09-06 20:08:47:152,-1.1996,-2.2706,10.8967,-0.0011,0.0006,9.8066,-0.0339,-0.0572,0.1133,-17.94,-36.25,-0.94,258.47,-83.74,-176.02
52.387657,-1.442651,139.18,28.85,4,45.22,19 / 20,2921510,2019-09-06 20:08:47:253,0.6129,-0.6576,10.2665,0.0058,0.0034,9.8066,0.0162,-0.0586,-0.0487,-18.06,-35.62,-1.12,257.18,-83.57,-177.04
52.387657,-1.442651,139.18,28.85,4,45.22,19 / 20,2921609,2019-09-06 20:08:47:352,-0.5019,-0.3661,9.6927,0.01,-0.0112,9.8066,-0.105,0.0192,0.0036,-18.19,-36.12,-1.06,257.91,-83.65,-176.43
52.387657,-1.442651,139.18,28.85,4,45.22,19 / 20,2921709,2019-09-06 20:08:47:452,-0.455,1.1712,9.6323,0.0056,-0.0053,9.8066,-0.0207,-0.0943,-0.0466,-18.31,-35.44,-1.12,259.71,-83.66,-174.91
52.387657,-1.442651,139.18,28.85,4,45.22,19 / 20,2921809,2019-09-06 20:08:47:552,-0.3688,1.3645,9.6519,0.013,0.0066,9.8066,-0.1583,0.1595,-0.1441,-18,-36.37,-0.87,258.58,-83.73,-175.9
52.387657,-1.442651,139.18,28.85,4,45.22,19 / 20,2921910,2019-09-06 20:08:47:653,1.5096,-1.0985,9.6185,-0.02,-0.0055,9.8066,-0.0547,-0.0212,-0.0774,-18.44,-35.37,-1.37,259.79,-83.64,-174.8
52.387657,-1.442651,139.18,28.85,4,45.22,19 / 20,2922011,2019-09-06 20:08:47:754,-0.6148,0.4364,10.2479,0.0283,0.0118,9.8065,0.1756,0.0198,-0.1148,-18.56,-35.87,-0.37,262.53,-83.82,-175.78
52.387657,-1.442651,139.18,28.85,4,45.22,19 / 20,2922110,2019-09-06 20:08:47:853,-0.0226,-0.7877,10.8447,0.0021,0.0047,9.8065,0.005,0.0472,0.05,-19.06,-36.12,-0.75,258.92,-83.69,-176.29
52.387657,-1.442651,139.18,28.85,4,45.22,19 / 20,2922209,2019-09-06 20:08:47:952,-0.3826,-0.3311,10.4701,-0.0112,-0.0088,9.8066,0.1209,-0.0159,0.0228,-18.69,-35.75,-0.62,259.35,-83.66,-175.79
52.387657,-1.442651,139.18,28.85,4,45.22,19 / 20,2922309,2019-09-06 20:08:48:052,-1.6419,0.6205,10.4758,0.008,0.0082,9.8066,0.0989,-0.0039,0.0493,-18.19,-36.56,-1.12,257.48,-83.74,-176.72
52.38924,-1.440072,138.88,26.18,4,44.73,18 / 19,2922410,2019-09-06 20:08:48:153,-0.7915,1.0636,8.9198,-0.0192,-0.0021,9.8066,0.0037,0.0242,0.0482,-18.37,-36.25,-0.94,257.96,-83.82,-176.73
52.38924,-1.440072,138.88,26.18,4,44.73,18 / 19,2922510,2019-09-06 20:08:48:253,-0.7344,0.3796,9.0422,0.0107,0.0068,9.8066,0.0796,-0.0128,-0.0848,-18,-36.25,-1.87,253.77,-83.79,-177.99
52.38924,-1.440072,138.88,26.18,4,44.73,18 / 19,2922609,2019-09-06 20:08:48:352,-0.1736,-0.2568,9.8202,-0.0015,0.0053,9.8066,-0.0146,-0.0468,-0.021,-18.19,-36,-0.69,256.52,-83.83,-178.27
52.38924,-1.440072,138.88,26.18,4,44.73,18 / 19,2922710,2019-09-06 20:08:48:453,0.0103,0.3496,10.4704,0.01,-0.001,9.8066,0.0114,0.0364,-0.0161,-18.25,-36.25,-1.37,256.47,-83.71,-178.08
52.38924,-1.440072,138.88,26.18,4,44.73,18 / 19,2922810,2019-09-06 20:08:48:553,0.5003,-0.5344,10.5858,0.0018,-0.0031,9.8066,-0.0635,0.0017,-0.0397,-17.81,-36.44,-1.19,256.21,-83.65,-178.22
52.38924,-1.440072,138.88,26.18,4,44.73,18 / 19,2922909,2019-09-06 20:08:48:652,2.2376,1.2483,10.04,-0.1012,-0.0487,9.8059,-0.4816,0.0225,0.1025,-18.19,-36.12,-1.12,258.39,-84.06,-176.76
52.38924,-1.440072,138.88,26.18,4,44.73,18 / 19,2923009,2019-09-06 20:08:48:752,1.6282,1.0322,10.7888,0.1468,0.0153,9.8055,0.2092,0.1259,-0.0737,-18.37,-36.5,-1.19,260,-84.23,-175.4
52.38924,-1.440072,138.88,26.18,4,44.73,18 / 19,2923110,2019-09-06 20:08:48:853,-1.6978,-0.0376,9.6415,0.0794,0.0308,9.8062,-0.0875,-0.0235,0.0118,-19.12,-36.12,-1.81,257.62,-83.56,-174.45
52.38924,-1.440072,138.88,26.18,4,44.73,18 / 19,2923209,2019-09-06 20:08:48:952,-0.7671,1.1889,9.7666,0.0115,0.0035,9.8066,-0.1872,0.1169,0.0073,-19.5,-36.75,-1.12,260.62,-83.61,-174.02
52.38924,-1.440072,138.88,26.18,4,44.73,18 / 19,2923310,2019-09-06 20:08:49:053,-0.8662,-0.8031,10.1758,0.0111,0.0298,9.8066,0.2081,-0.0378,0.0495,-19.5,-36.5,-1.5,259.34,-83.65,-175.77
52.38924,-1.440072,138.88,26.18,4,44.73,18 / 19,2923409,2019-09-06 20:08:49:152,-0.6007,1.8992,10.1488,-0.0015,-0.0143,9.8066,0.0321,0.0651,0.0915,-18.37,-36.94,-0.81,259.16,-83.67,-174.81
52.38924,-1.440072,138.88,26.18,4,44.73,18 / 19,2923510,2019-09-06 20:08:49:253,-0.6981,-0.6195,10.0196,-0.0218,0.0072,9.8066,-0.0176,0.0432,0.0902,-18.31,-36.44,-1,258.17,-83.74,-176.34
52.38924,-1.440072,138.88,26.18,4,44.73,18 / 19,2923609,2019-09-06 20:08:49:352,1.0308,-0.819,10.1585,0.012,-0.0029,9.8066,0.1059,-0.1437,-0.0239,-18,-36.56,-0.5,260.82,-83.69,-176.28
52.38924,-1.440072,138.88,26.18,4,44.73,18 / 19,2923709,2019-09-06 20:08:49:452,-1.1721,-0.6948,9.7745,-0.0013,-0.0267,9.8066,-0.1279,-0.0241,-0.0575,-17.81,-35.81,-1.25,259.89,-83.79,-174.63
52.38924,-1.440072,138.88,26.18,4,44.73,18 / 19,2923810,2019-09-06 20:08:49:553,-0.5143,-1.8838,10.6329,-0.0096,-0.0004,9.8066,-0.0468,0.0091,0.0367,-18.31,-36.25,-1.44,260.79,-83.79,-173.7
52.38924,-1.440072,138.88,26.18,4,44.73,18 / 19,2923909,2019-09-06 20:08:49:652,1.5166,0.3591,10.8433,-0.0388,-0.0172,9.8065,-0.1056,0.0351,0.0194,-17.69,-36.25,-1.06,261.39,-83.9,-173.3
52.38924,-1.440072,138.88,26.18,4,44.73,18 / 19,2924010,2019-09-06 20:08:49:753,1.0347,-0.2343,10.1247,0.0453,0.0177,9.8065,0.089,0.0464,-0.0687,-18,-36,-1.19,259.65,-83.58,-174.47
52.38924,-1.440072,138.88,26.18,4,44.73,18 / 19,2924109,2019-09-06 20:08:49:852,1.1675,-0.2506,10.59,0.0239,-0.0001,9.8066,-0.0928,-0.003,0.0067,-18.25,-35.5,-1.25,260.61,-83.51,-173.69
52.38924,-1.440072,138.88,26.18,4,44.73,18 / 19,2924209,2019-09-06 20:08:49:952,-1.3086,1.0526,9.4612,0.0138,0.0094,9.8066,-0.0864,0.1098,-0.0743,-17.75,-36.25,-0.81,259.98,-83.75,-174.46
52.38924,-1.440072,138.88,26.18,4,44.73,18 / 19,2924310,2019-09-06 20:08:50:053,-2.2397,-0.1974,9.9946,0.0165,-0.009,9.8065,0.1563,-0.0306,0.1307,-17.37,-35.75,-0.5,263.48,-83.76,-173.27
52.38924,-1.440072,138.88,26.18,4,44.73,19 / 20,2924410,2019-09-06 20:08:50:153,1.3674,-0.4748,9.9687,0.0134,-0.0077,9.8065,-0.0114,0.0044,0.0039,-17.56,-35.69,-0.75,262.7,-83.9,-171.94
52.38924,-1.440072,138.88,26.18,4,44.73,19 / 20,2924510,2019-09-06 20:08:50:253,-0.1467,-0.323,10.8544,0.0191,0.0041,9.8066,0.1078,0.0336,-0.0704,-17.19,-35.94,-0.87,260.85,-83.73,-172.58
52.38924,-1.440072,138.88,26.18,4,44.73,19 / 20,2924609,2019-09-06 20:08:50:352,0.2664,-0.7102,10.199,0.005,0.0025,9.8066,0.0525,-0.1088,0.0336,-17.81,-35.87,-0.94,261.07,-83.57,-172.96
52.38924,-1.440072,138.88,26.18,4,44.73,19 / 20,2924709,2019-09-06 20:08:50:452,-0.3445,-0.0953,10.3206,-0.0212,0.0042,9.8065,-0.1456,-0.0518,-0.1164,-18.12,-35.94,-1,259.72,-83.6,-174.43
52.38924,-1.440072,138.88,26.18,4,44.73,19 / 20,2924810,2019-09-06 20:08:50:553,-1.0219,1.0203,9.6049,0.0079,-0.0076,9.8066,0.0628,-0.069,0.1445,-18.06,-35.62,-1.12,260.74,-83.68,-173.53
52.38924,-1.440072,138.88,26.18,4,44.73,19 / 20,2924909,2019-09-06 20:08:50:652,0.2545,1.0501,8.9095,-0.0123,0.0173,9.8066,-0.1361,-0.061,-0.0439,-17.94,-36.06,-1.25,260.14,-83.85,-174.49
52.38924,-1.440072,138.88,26.18,4,44.73,19 / 20,2925009,2019-09-06 20:08:50:752,-0.5044,-0.7295,10.1659,-0.0225,-0.0164,9.8065,-0.0749,-0.0494,0.0779,-18.06,-35.56,-1.44,260.49,-83.94,-174.31
52.38924,-1.440072,138.88,26.18,4,44.73,19 / 20,2925110,2019-09-06 20:08:50:853,1.4552,1.1882,9.9967,0.0509,0.0208,9.8065,0.0888,0.1022,-0.0701,-18.62,-35.94,-1.06,260.69,-83.97,-174.98
52.38924,-1.440072,138.88,26.18,4,44.73,19 / 20,2925210,2019-09-06 20:08:50:953,1.6503,-0.9974,9.9058,0.0309,0.0197,9.8065,0.1031,0.05,-0.0457,-18.19,-36.5,-0.81,259.2,-83.82,-175.42
52.38924,-1.440072,138.88,26.18,4,44.73,19 / 20,2925310,2019-09-06 20:08:51:053,1.2792,-1.7505,9.7214,0.0011,-0.003,9.8066,-0.057,0.0327,0.1237,-18.19,-36.06,-1.56,255.1,-83.79,-176.59
52.38924,-1.440072,138.88,26.18,4,44.73,19 / 20,2925410,2019-09-06 20:08:51:153,-0.5086,0.6067,9.6616,0.0072,0.0214,9.8065,0.0216,0.0271,-0.2031,-18.25,-35.69,-1.44,258.03,-83.78,-176.57
52.38924,-1.440072,138.88,26.18,4,44.73,19 / 20,2925509,2019-09-06 20:08:51:252,0.6341,-0.8672,9.964,-0.018,-0.0146,9.8066,-0.0513,-0.1392,0.0061,-18.56,-36.06,-1.25,259.42,-83.74,-175.86
52.38924,-1.440072,138.88,26.18,4,44.73,19 / 20,2925610,2019-09-06 20:08:51:353,0.9719,1.3743,9.9511,0.0192,0.0027,9.8066,0.1637,0.0294,0.1205,-17.87,-36.31,-1.06,258.78,-83.71,-175.63
52.38924,-1.440072,138.88,26.18,4,44.73,19 / 20,2925710,2019-09-06 20:08:51:453,2.082,0.1197,9.9345,0.0584,-0.0026,9.8064,0.0422,-0.0071,0.1216,-17.62,-36.25,-1.56,256.83,-83.5,-174.18
52.38924,-1.440072,138.88,26.18,4,44.73,19 / 20,2925810,2019-09-06 20:08:51:553,1.1006,0.0652,9.1861,-0.0185,-0.0133,9.8066,-0.014,-0.0445,0.0861,-17.69,-35.37,-1.06,260.17,-83.5,-174.12
52.38924,-1.440072,138.88,26.18,4,44.73,19 / 20,2925910,2019-09-06 20:08:51:653,-1.3737,-0.1978,9.0032,-0.0061,0.0026,9.8066,0.0017,0.0309,0.0213,-18,-35.5,-0.81,262.39,-83.64,-172.09
52.38924,-1.440072,138.88,26.18,4,44.73,19 / 20,2926010,2019-09-06 20:08:51:753,0.6279,0.0235,9.9774,-0.0141,0.0026,9.8066,-0.0632,-0.0032,0.0307,-18,-35.94,-1.12,261.66,-83.79,-172.8
52.38924,-1.440072,138.88,26.18,4,44.73,19 / 20,2926110,2019-09-06 20:08:51:853,-0.2266,0.3407,9.8469,0.0094,-0.0023,9.8066,-0.0033,0.0123,0.0073,-17.81,-35.75,-1.37,261.22,-83.73,-173.13
52.38924,-1.440072,138.88,26.18,4,44.73,19 / 20,2926209,2019-09-06 20:08:51:952,1.2909,-0.4992,10.1445,0.0714,0.0103,9.8064,-0.0645,-0.1432,0.0854,-17.81,-35.56,-0.69,261.7,-83.36,-171.88
52.38924,-1.440072,138.88,26.18,4,44.73,19 / 20,2926311,2019-09-06 20:08:52:054,-4.0014,1.5335,9.3162,0.0495,0.0409,9.8063,-0.0116,0.1276,0.0549,-17.94,-36.31,-0.94,259.61,-83.51,-174.38
52.38924,-1.440072,138.88,26.18,4,44.73,18 / 19,2926409,2019-09-06 20:08:52:152,-1.4482,1.6632,8.3125,0.0358,0.0008,9.8065,0.1722,-0.1316,0.1481,-17.62,-35.81,-1.06,259.64,-83.47,-174.26
52.38924,-1.440072,138.88,26.18,4,44.73,18 / 19,2926510,2019-09-06 20:08:52:253,0.233,-0.8464,5.8965,-0.0874,-0.06,9.806,-0.2852,-0.0629,0.1689,-17.69,-35.75,-1.12,260.12,-83.26,-173.32
52.38924,-1.440072,138.88,26.18,4,44.73,18 / 19,2926610,2019-09-06 20:08:52:353,-0.3561,-0.2978,9.3202,-0.1908,-0.0395,9.8047,0.4199,0.0257,-0.0811,-18.31,-36,-1.31,263.41,-84.1,-171.61
52.38924,-1.440072,138.88,26.18,4,44.73,18 / 19,2926709,2019-09-06 20:08:52:452,0.6115,-0.8689,9.0131,-0.0596,0,9.8064,-0.0788,-0.1075,0.0218,-18.25,-35.69,-1.31,260.02,-83.85,-174.63
52.38924,-1.440072,138.88,26.18,4,44.73,18 / 19,2926810,2019-09-06 20:08:52:553,0.4047,0.2173,9.9544,-0.046,-0.0141,9.8065,0.0093,-0.0446,-0.0482,-18.25,-35.62,-2.12,257,-83.9,-174.78
52.38924,-1.440072,138.88,26.18,4,44.73,18 / 19,2926910,2019-09-06 20:08:52:653,1.6082,0.2172,10.7902,-0.0502,-0.0307,9.8064,0.202,0.0682,-0.0323,-18.25,-35.69,-1.31,260.66,-83.83,-173.92
52.38924,-1.440072,138.88,26.18,4,44.73,18 / 19,2927010,2019-09-06 20:08:52:753,0.7578,0.1133,10.9323,0.0118,0.0093,9.8065,-0.027,-0.0077,-0.0073,-18.06,-36.31,-0.94,259.73,-83.64,-174.5
52.38924,-1.440072,138.88,26.18,4,44.73,18 / 19,2927110,2019-09-06 20:08:52:853,0.7753,0.1038,9.9044,0.0117,0.0046,9.8066,0.1007,0.0232,-0.0159,-18.12,-35.56,-1.5,258.89,-83.48,-175.06
52.38924,-1.440072,138.88,26.18,4,44.73,18 / 19,2927211,2019-09-06 20:08:52:954,-0.4788,-0.9142,9.5436,-0.0072,-0.0061,9.8066,0.0054,-0.0378,0.0494,-17.81,-35.62,-1.25,259.4,-83.48,-174.52
52.38924,-1.440072,138.88,26.18,4,44.73,18 / 19,2927310,2019-09-06 20:08:53:053,-0.773,0.1974,9.0797,0.0145,-0.0057,9.8065,-0.1089,0.0408,-0.005,-17.37,-35.56,-0.87,259.2,-83.38,-173.56
52.38924,-1.440072,138.88,26.18,4,44.73,19 / 20,2927411,2019-09-06 20:08:53:154,-1.3163,-0.572,9.9373,-0.023,-0.0145,9.8066,0.1782,-0.0026,0.0199,-17.69,-35.44,-0.44,264.43,-83.62,-173.1
52.38924,-1.440072,138.88,26.18,4,44.73,19 / 20,2927510,2019-09-06 20:08:53:253,-0.3323,0.3013,9.8502,0.0008,-0.0097,9.8066,0.0605,-0.0368,0.0829,-17.5,-35.5,-1.37,260.3,-83.59,-173.23
52.38924,-1.440072,138.88,26.18,4,44.73,19 / 20,2927609,2019-09-06 20:08:53:352,0.2152,0.1278,10.8506,0.0024,-0.0067,9.8066,0.1572,0.0365,0.0007,-17.81,-36.06,-1.37,261.97,-83.57,-172.04
52.38924,-1.440072,138.88,26.18,4,44.73,19 / 20,2927710,2019-09-06 20:08:53:453,-0.2777,-0.1616,10.7885,-0.0161,0.0004,9.8065,0.1135,-0.0393,0.0715,-18.37,-35.87,-1.19,261.82,-83.47,-171.98
52.38924,-1.440072,138.88,26.18,4,44.73,19 / 20,2927810,2019-09-06 20:08:53:553,0.4645,0.4013,9.9875,0.0405,0.0106,9.8065,-0.0975,-0.01,-0.001,-18.19,-35.75,-1.37,261.17,-83.27,-172.25
52.38924,-1.440072,138.88,26.18,4,44.73,19 / 20,2927910,2019-09-06 20:08:53:653,-0.7586,-0.7765,9.8757,0.0103,0.0109,9.8065,0.0899,-0.039,0.0191,-18.31,-36.12,-1.06,261.19,-83.37,-172.43
52.38924,-1.440072,138.88,26.18,4,44.73,19 / 20,2928010,2019-09-06 20:08:53:753,0.2937,-0.8004,9.5791,0.0031,-0.0034,9.8066,-0.0983,0.0756,-0.048,-18.31,-35.81,-1.44,262.16,-83.47,-171.63
52.38924,-1.440072,138.88,26.18,4,44.73,19 / 20,2928110,2019-09-06 20:08:53:853,-0.0877,0.4362,10.2278,0.0003,0.0044,9.8066,-0.0781,0.0092,-0.0772,-18.62,-36.12,-0.75,262.45,-83.54,-172.32
52.38924,-1.440072,138.88,26.18,4,44.73,19 / 20,2928210,2019-09-06 20:08:53:953,0.8982,-0.248,10.8716,0.0037,0.0172,9.8066,0.0519,0.038,-0.0321,-18.06,-35.87,-1.06,261.4,-83.46,-172.39
52.38924,-1.440072,138.88,26.18,4,44.73,19 / 20,2928310,2019-09-06 20:08:54:053,0.9627,0.4864,9.9284,0.0022,0.004,9.8066,0.0964,0.0397,-0.1044,-18.06,-35.87,-1.06,259.29,-83.35,-174.36
52.38924,-1.440072,138.88,26.18,4,44.73,19 / 20,2928409,2019-09-06 20:08:54:152,1.2485,-0.2153,9.2427,-0.0178,0.0092,9.8065,-0.1251,0.0375,-0.006,-18.19,-36.25,-1.25,257.79,-83.33,-175.92
52.38924,-1.440072,138.88,26.18,4,44.73,19 / 20,2928510,2019-09-06 20:08:54:253,-0.2197,0.4028,8.9817,-0.0019,-0.0068,9.8066,-0.1594,0.0699,-0.0564,-18.19,-35.5,-1.37,258.23,-83.48,-176.13
52.38924,-1.440072,138.88,26.18,4,44.73,19 / 20,2928609,2019-09-06 20:08:54:352,0.1904,-0.7695,9.8907,-0.0469,-0.0144,9.8065,0.2048,-0.075,0.0402,-18.37,-36.06,-1.5,259.82,-83.85,-174.83
52.38924,-1.440072,138.88,26.18,4,44.73,19 / 20,2928709,2019-09-06 20:08:54:452,1.3671,0.8138,10.5873,-0.0221,-0.0165,9.8065,0.0351,0.0066,0.059,-18.25,-35.69,-0.75,260.55,-83.77,-173.91
52.38924,-1.440072,138.88,26.18,4,44.73,19 / 20,2928810,2019-09-06 20:08:54:553,1.5285,-0.9043,9.8559,0.0247,0.0133,9.8065,-0.0284,-0.0534,0.1317,-18.5,-35.87,-1.5,259.63,-83.5,-174.33
52.38924,-1.440072,138.88,26.18,4,44.73,19 / 20,2928909,2019-09-06 20:08:54:652,-0.8948,-1.3622,9.7986,0.0253,-0.0016,9.8066,0.0363,0.0019,-0.0106,-18,-35.81,-1.44,259.95,-83.23,-173.44
52.38924,-1.440072,138.88,26.18,4,44.73,19 / 20,2929010,2019-09-06 20:08:54:753,-1.6336,0.6459,10.1787,-0.0719,-0.0113,9.8064,0.1252,0.0167,-0.0405,-17.87,-35.87,-0.62,260.32,-83.73,-174.07
52.38924,-1.440072,138.88,26.18,4,44.73,19 / 20,2929109,2019-09-06 20:08:54:852,0.5002,-0.3194,10.6606,-0.1137,-0.0241,9.8059,-0.2108,-0.1619,0.0103,-17.37,-35.56,-0.75,259.74,-84.01,-174.36
52.38924,-1.440072,138.88,26.18,4,44.73,19 / 20,2929209,2019-09-06 20:08:54:952,-0.657,1.3817,11.2785,0.1407,0.0455,9.8055,-0.0086,0.042,-0.177,-17.44,-35.69,-2.12,253.46,-83.27,-176.18
52.38924,-1.440072,138.88,26.18,4,44.73,19 / 20,2929310,2019-09-06 20:08:55:053,0.5716,-1.3663,10.7072,-0.0446,-0.0283,9.8065,0.1442,0.0747,-0.029,-17.37,-35.56,-1.87,252.91,-83.41,-177.08
52.38924,-1.440072,138.88,26.18,4,44.73,18 / 19,2929409,2019-09-06 20:08:55:152,-1.1152,-0.4598,9.5948,0.0143,-0.001,9.8066,-0.2415,0.0008,0.0757,-18.12,-35.75,-1.12,257.88,-83.41,-175.98
52.38924,-1.440072,138.88,26.18,4,44.73,18 / 19,2929509,2019-09-06 20:08:55:252,0.118,-0.5261,10.6228,-0.0231,-0.024,9.8065,0.2114,0.0154,0.0193,-18.12,-35.62,-1.44,258.98,-83.41,-174.82
52.38924,-1.440072,138.88,26.18,4,44.73,18 / 19,2929609,2019-09-06 20:08:55:352,-1.1057,-0.7784,10.2685,-0.0388,-0.0169,9.8065,0.0845,0.0126,0.0089,-18.12,-36,-1.06,261.32,-83.69,-172.95
52.38924,-1.440072,138.88,26.18,4,44.73,18 / 19,2929710,2019-09-06 20:08:55:453,0.4474,0.0012,10.6646,0.0549,0.0321,9.8064,-0.1175,0.0145,0.0121,-18.06,-36.12,-0.62,260.97,-83.89,-173.72
52.38924,-1.440072,138.88,26.18,4,44.73,18 / 19,2929809,2019-09-06 20:08:55:552,-0.2869,0.2768,9.7149,0.0651,0.0286,9.8064,0.0955,-0.0429,-0.0121,-18.12,-35.87,-1.75,256.52,-83.87,-175.24
52.38924,-1.440072,138.88,26.18,4,44.73,18 / 19,2929910,2019-09-06 20:08:55:653,0.7132,0.6412,9.4562,0.0409,0.0083,9.8065,-0.084,0.0255,-0.0216,-18.44,-36.19,-1.62,255.1,-83.48,-175.97
52.38924,-1.440072,138.88,26.18,4,44.73,18 / 19,2930010,2019-09-06 20:08:55:753,-0.2186,0.0464,9.9567,-0.0232,0.002,9.8066,-0.0609,-0.035,-0.0265,-18.62,-35.69,-1.5,258.59,-83.64,-176.54
52.38924,-1.440072,138.88,26.18,4,44.73,18 / 19,2930110,2019-09-06 20:08:55:853,-0.8841,-1.1077,10.144,-0.0078,-0.0106,9.8065,-0.0443,0.0186,-0.0494,-18.06,-35.87,-0.94,257.94,-83.58,-176.26
52.38924,-1.440072,138.88,26.18,4,44.73,18 / 19,2930210,2019-09-06 20:08:55:953,0.7065,-0.3949,9.6826,-0.0373,0.0015,9.8065,-0.1268,0.0344,-0.0401,-18.37,-35.75,-1.31,257.22,-83.67,-177.2
52.38924,-1.440072,138.88,26.18,4,44.73,18 / 19,2930309,2019-09-06 20:08:56:052,1.6029,0.6884,9.2674,-0.0253,-0.0121,9.8065,-0.0897,0.0628,-0.0628,-17.87,-35.81,-1.12,257.38,-83.57,-176.83
52.38924,-1.440072,138.88,26.18,4,44.73,18 / 20,2930409,2019-09-06 20:08:56:152,1.1366,0.9629,9.4379,0.0061,0.0122,9.8066,0.0551,0.0269,-0.0057,-17.37,-36.25,-1.06,256.44,-83.57,-176.89
52.38924,-1.440072,138.88,26.18,4,44.73,18 / 20,2930510,2019-09-06 20:08:56:253,0.5487,0.465,9.9687,0.0163,0.0168,9.8065,-0.0375,-0.0595,0.0125,-18.06,-36.44,-1.25,256.36,-83.64,-178.06
52.38924,-1.440072,138.88,26.18,4,44.73,18 / 20,2930609,2019-09-06 20:08:56:352,-0.4329,0.8134,9.175,0.0058,-0.0075,9.8066,-0.0355,-0.0098,0.0445,-18.62,-35.94,-1.19,257.88,-83.72,-177.43
52.38924,-1.440072,138.88,26.18,4,44.73,18 / 20,2930710,2019-09-06 20:08:56:453,-0.6255,-0.348,9.58,0.0305,-0.0005,9.8066,0.131,0.0028,0.0747,-19,-36.31,-1.81,255.53,-83.55,-176.65
52.38924,-1.440072,138.88,26.18,4,44.73,18 / 20,2930810,2019-09-06 20:08:56:553,-0.1922,0.3111,9.8921,-0.0009,-0.0053,9.8066,0.0118,-0.0168,-0.0337,-18.75,-36.56,-0.5,261.14,-83.58,-176.41
52.38924,-1.440072,138.88,26.18,4,44.73,18 / 20,2930910,2019-09-06 20:08:56:653,-0.9178,0.0852,9.885,-0.0038,-0.0027,9.8065,-0.0289,-0.0663,-0.029,-17.94,-35.94,-1.12,257.96,-83.56,-176.19
52.38924,-1.440072,138.88,26.18,4,44.73,18 / 20,2931010,2019-09-06 20:08:56:753,-1.2287,1.0215,9.9752,-0.0053,-0.0057,9.8065,-0.0246,0.0457,0.0747,-17.87,-36.25,-0.94,257.41,-83.57,-176.8
52.38924,-1.440072,138.88,26.18,4,44.73,18 / 20,2931110,2019-09-06 20:08:56:853,-1.7142,1.048,9.874,-0.0381,0.0025,9.8065,-0.0309,0.0204,0.0797,-18.06,-36.31,-0.75,256.59,-83.31,-177.16
52.38924,-1.440072,138.88,26.18,4,44.73,18 / 20,2931210,2019-09-06 20:08:56:953,2.4422,0.7168,10.8473,-0.0217,-0.009,9.8066,-0.0158,-0.0762,0.0069,-17.81,-36.37,-0.62,256.21,-83.36,-177.65
52.38924,-1.440072,138.88,26.18,4,44.73,18 / 20,2931310,2019-09-06 20:08:57:053,0.024,0.6144,10.2272,0.0185,0.0153,9.8065,-0.0523,0.0311,-0.1286,-17.56,-35.87,-1,255.99,-83.58,-178.33
52.39075,-1.437697,138.66,26.06,4,42.36,18 / 19,2931409,2019-09-06 20:08:57:152,0.3267,0.7358,9.5455,0.0348,0.0152,9.8065,0.1395,0.0504,0.0237,-17.81,-36.62,-1.06,254.98,-83.49,-178.87
52.39075,-1.437697,138.66,26.06,4,42.36,18 / 19,2931510,2019-09-06 20:08:57:253,-0.5976,1.2439,10.4013,0.0101,-0.0028,9.8065,-0.0214,0.1183,-0.0432,-17.5,-35.75,-1.5,253.91,-83.59,-179.63
52.39075,-1.437697,138.66,26.06,4,42.36,18 / 19,2931609,2019-09-06 20:08:57:352,-0.3947,0.2607,10.3665,0.028,-0.0022,9.8066,0.1159,-0.009,0.0251,-17.5,-36.37,-1.69,251.58,-83.48,-178.65
52.39075,-1.437697,138.66,26.06,4,42.36,18 / 19,2931709,2019-09-06 20:08:57:452,0.5142,0.0087,10.1668,0.0021,-0.004,9.8066,0.0381,-0.0178,0.0471,-17.5,-36.19,-1.56,252.09,-83.28,-177.7
52.39075,-1.437697,138.66,26.06,4,42.36,18 / 19,2931809,2019-09-06 20:08:57:552,-1.0513,-0.6478,9.2938,0.0105,0.0059,9.8066,0.0202,0.0167,0.009,-17.25,-35.94,-0.75,255.39,-83.27,-177.39
52.39075,-1.437697,138.66,26.06,4,42.36,18 / 19,2931909,2019-09-06 20:08:57:652,-0.4871,-0.8792,9.2646,0.0312,0.0083,9.8066,0.0091,-0.0477,0.0416,-17.94,-36.37,-1.81,254.14,-83.36,-176.77
52.39075,-1.437697,138.66,26.06,4,42.36,18 / 19,2932010,2019-09-06 20:08:57:753,0.1509,-0.3572,10.0524,-0.0315,-0.0036,9.8065,-0.1293,0.0257,-0.0245,-17.44,-35.75,-1.62,252.81,-83.59,-177.54
52.39075,-1.437697,138.66,26.06,4,42.36,18 / 19,2932110,2019-09-06 20:08:57:853,1.3908,0.2353,10.1399,-0.0046,0.0013,9.8066,-0.0102,-0.0214,0.0856,-17.5,-35.81,-1.12,255.51,-83.38,-177.48
52.39075,-1.437697,138.66,26.06,4,42.36,18 / 19,2932210,2019-09-06 20:08:57:953,1.7172,0.5483,9.777,-0.0238,-0.004,9.8066,-0.1276,0.012,-0.0288,-17.62,-36.12,-1.56,252.74,-83.29,-178.14
52.39075,-1.437697,138.66,26.06,4,42.36,18 / 19,2932310,2019-09-06 20:08:58:053,-0.1822,0.8649,10,-0.012,-0.0028,9.8066,-0.0017,0.0198,-0.0266,-17.25,-36.19,-1.5,254.86,-83.38,-178.17
52.39075,-1.437697,138.66,26.06,4,42.36,18 / 19,2932409,2019-09-06 20:08:58:152,1.3768,-0.4435,9.9399,-0.0184,-0.0065,9.8066,-0.0509,0.0759,0.0278,-17.62,-35.44,-0.56,256.57,-83.55,-178.02
52.39075,-1.437697,138.66,26.06,4,42.36,18 / 19,2932510,2019-09-06 20:08:58:253,-0.0328,0.7367,10.704,0.0005,0,9.8066,-0.0798,0.0983,-0.0074,-17.12,-36.06,-0.81,255.44,-83.44,-177.69
52.39075,-1.437697,138.66,26.06,4,42.36,18 / 19,2932609,2019-09-06 20:08:58:352,-1.4343,0.1475,10.9091,0.0104,0.0014,9.8066,0.0929,-0.0232,-0.0364,-17.44,-35.87,-1.25,255.26,-83.42,-177.82
52.39075,-1.437697,138.66,26.06,4,42.36,18 / 19,2932710,2019-09-06 20:08:58:453,0.2542,1.1172,8.5317,-0.0465,-0.0085,9.8064,-0.1981,-0.0211,-0.0801,-17.5,-36.44,-1.06,254.73,-83.18,-177.91
52.39075,-1.437697,138.66,26.06,4,42.36,18 / 19,2932809,2019-09-06 20:08:58:552,-0.9152,-0.3411,9.2551,-0.032,-0.0099,9.8066,0.0899,-0.0252,-0.0133,-18.06,-36.44,-1.56,253.5,-83.58,-177.88
52.39075,-1.437697,138.66,26.06,4,42.36,18 / 19,2932910,2019-09-06 20:08:58:653,-0.5744,0.0572,10.0142,-0.0112,-0.0039,9.8066,-0.0482,0.048,0.0118,-18,-35.94,-1.62,254.34,-83.45,-176.72
52.39075,-1.437697,138.66,26.06,4,42.36,18 / 19,2933010,2019-09-06 20:08:58:753,-0.781,0.2916,10.0622,-0.0129,0.0032,9.8066,0.0667,-0.1343,-0.0449,-17.87,-35.87,-2,254.04,-83.49,-177.13
52.39075,-1.437697,138.66,26.06,4,42.36,18 / 19,2933110,2019-09-06 20:08:58:853,-0.7187,-0.5848,9.7398,-0.0301,-0.0211,9.8065,-0.0598,0.019,0.1217,-17.56,-36.44,-2,252.34,-83.35,-178.67
52.39075,-1.437697,138.66,26.06,4,42.36,18 / 19,2933210,2019-09-06 20:08:58:953,0.3584,0.185,8.3689,-0.0761,-0.0378,9.8062,0.2817,-0.1033,0.0776,-17.06,-35.81,-1.5,254.16,-83,-178.14
52.39075,-1.437697,138.66,26.06,4,42.36,18 / 19,2933310,2019-09-06 20:08:59:053,-1.3849,0.565,11.7056,0.048,0.0168,9.8064,0.2454,-0.025,0.1495,-17.75,-36.06,-1.69,252.44,-83.64,-179.14
52.39075,-1.437697,138.66,26.06,4,42.36,18 / 19,2933410,2019-09-06 20:08:59:153,-0.6999,1.2906,10.5574,0.0362,0.0044,9.8065,-0.0747,0.0422,0.0428,-17.06,-36.81,-0.87,254.38,-83.23,-177.99
52.39075,-1.437697,138.66,26.06,4,42.36,18 / 19,2933510,2019-09-06 20:08:59:253,0.7825,0.5134,9.1498,0.005,0.003,9.8066,0.2062,0.0108,0.0313,-17.94,-36.19,-1.37,255.33,-83.46,-178.79
52.39075,-1.437697,138.66,26.06,4,42.36,18 / 19,2933609,2019-09-06 20:08:59:352,-1.2286,0.98,8.8969,0.043,0.0081,9.8065,-0.1237,0.0578,-0.032,-17.06,-36.5,-1.37,255.06,-83.23,-177.64
52.39075,-1.437697,138.66,26.06,4,42.36,18 / 19,2933710,2019-09-06 20:08:59:453,-1.2832,-0.3128,9.4743,0.0503,0.0204,9.8065,-0.1243,0.0186,0.0275,-17.31,-36.37,-1.56,251.45,-83.21,-178.25
52.39075,-1.437697,138.66,26.06,4,42.36,18 / 19,2933810,2019-09-06 20:08:59:553,-0.9805,-0.1396,10.0909,-0.0512,-0.011,9.8064,0.1763,-0.0594,-0.0212,-17.25,-36.31,-1.31,254.43,-83.2,-178.27
52.39075,-1.437697,138.66,26.06,4,42.36,18 / 19,2933910,2019-09-06 20:08:59:653,0.5646,0.8762,9.6743,-0.0258,-0.0035,9.8066,0.0306,-0.0537,0.0717,-17.06,-36.5,-1.87,251.09,-83.37,-178.97
52.39075,-1.437697,138.66,26.06,4,42.36,18 / 19,2934010,2019-09-06 20:08:59:753,0.0758,0.3188,9.5843,0.0046,-0.0112,9.8066,-0.0366,-0.0325,0.0378,-16.87,-36.62,-2.31,251.35,-83.27,-178.08
52.39075,-1.437697,138.66,26.06,4,42.36,18 / 19,2934110,2019-09-06 20:08:59:853,0.4419,-0.2197,9.8585,-0.014,-0.0077,9.8066,-0.0211,-0.0499,0.0568,-17.31,-36.37,-1.81,252.38,-83.37,-177.56
52.39075,-1.437697,138.66,26.06,4,42.36,18 / 19,2934210,2019-09-06 20:08:59:953,-0.4393,-1.2635,9.4581,0.0138,-0.0016,9.8066,0.0306,-0.0521,0.0527,-16.87,-36.81,-2.19,252.76,-83.39,-176.81
52.39075,-1.437697,138.66,26.06,4,42.36,18 / 19,2934310,2019-09-06 20:09:00:053,0.6091,-0.045,9.9384,0.0245,0.0205,9.8066,-0.0713,0.0067,-0.0056,-17.44,-36.19,-1.62,253.1,-83.43,-176.91
52.39075,-1.437697,138.66,26.06,4,42.36,18 / 19,2934409,2019-09-06 20:09:00:152,-0.3126,0.0774,9.5165,0.027,0.0035,9.8065,-0.0543,0.0071,0.0387,-16.62,-36.87,-1.62,251.61,-83.42,-178.1
52.39075,-1.437697,138.66,26.06,4,42.36,18 / 19,2934509,2019-09-06 20:09:00:252,1.1014,-0.1469,9.9969,0.0064,0.0014,9.8066,-0.017,-0.0405,0.0342,-16.94,-36.31,-1.5,255.3,-83.29,-177.51
52.39075,-1.437697,138.66,26.06,4,42.36,18 / 19,2934610,2019-09-06 20:09:00:353,0.4068,0.78,9.8866,0.0063,-0.0108,9.8066,0.0744,0.1071,-0.0326,-16.87,-36.87,-2,252.52,-83.3,-176.88
52.39075,-1.437697,138.66,26.06,4,42.36,18 / 19,2934709,2019-09-06 20:09:00:452,1.0108,1.1167,9.2298,-0.004,-0.0054,9.8066,0.0414,-0.0043,0.0172,-16.87,-36.87,-2.19,252.66,-83.36,-176.85
52.39075,-1.437697,138.66,26.06,4,42.36,18 / 19,2934810,2019-09-06 20:09:00:553,0.0899,0.5736,10.5504,0.0113,0.0049,9.8066,-0.0995,0.0299,-0.0215,-17.31,-36.69,-1.62,252.74,-83.36,-176.76
52.39075,-1.437697,138.66,26.06,4,42.36,18 / 19,2934909,2019-09-06 20:09:00:652,-0.882,1.0981,10.1258,0.0155,0.0155,9.8066,0.1304,-0.0975,-0.0532,-16.87,-36.56,-1.75,251.95,-83.41,-177.72
52.39075,-1.437697,138.66,26.06,4,42.36,18 / 19,2935010,2019-09-06 20:09:00:753,-0.6427,-1.5571,9.8134,-0.001,0.0042,9.8066,-0.0289,0.0121,-0.0835,-16.87,-36.62,-1.5,254.68,-83.26,-177.72
52.39075,-1.437697,138.66,26.06,4,42.36,18 / 19,2935110,2019-09-06 20:09:00:853,-1.2563,1.0564,9.8524,-0.0223,-0.0013,9.8066,-0.0052,-0.0313,-0.0056,-16.75,-36.62,-1.44,253.5,-83.3,-179.1
52.39075,-1.437697,138.66,26.06,4,42.36,18 / 19,2935210,2019-09-06 20:09:00:953,-1.0213,-0.2836,9.7538,0.0052,-0.0047,9.8066,-0.0738,-0.0372,-0.053,-17.06,-36.5,-1.75,251.76,-83.22,-177.91
52.39075,-1.437697,138.66,26.06,4,42.36,18 / 19,2935310,2019-09-06 20:09:01:053,-0.4461,0.4116,9.028,-0.0097,0.0002,9.8066,-0.0216,-0.0904,0.0483,-17.19,-36.19,-1.81,251.99,-83.34,-177.92
52.39075,-1.437697,138.66,26.06,4,42.36,18 / 19,2935409,2019-09-06 20:09:01:152,-0.7,0.7875,8.7921,-0.0054,0.001,9.8066,-0.1223,0.0457,-0.0831,-16.62,-36.69,-1.81,251.66,-83.27,-177.75
52.39075,-1.437697,138.66,26.06,4,42.36,18 / 19,2935510,2019-09-06 20:09:01:253,-0.2574,-0.1993,10.1226,-0.0139,0.0109,9.8065,-0.1257,-0.0026,0.0075,-16.81,-36.44,-1.87,251.17,-83.36,-178.85
52.39075,-1.437697,138.66,26.06,4,42.36,18 / 19,2935610,2019-09-06 20:09:01:353,-0.3745,-0.0217,9.2356,0.0014,-0.0002,9.8066,0.0493,0.0612,-0.0277,-17.12,-36.62,-2.06,250.42,-83.35,-179.26
52.39075,-1.437697,138.66,26.06,4,42.36,18 / 19,2935710,2019-09-06 20:09:01:453,-1.2556,0.3848,9.6207,0.0096,0.0115,9.8066,-0.0342,0.0249,0.0214,-16.5,-36.25,-1.87,249.29,-83.33,-179.6
52.39075,-1.437697,138.66,26.06,4,42.36,18 / 19,2935809,2019-09-06 20:09:01:552,-0.6334,-0.2711,9.7619,0.0236,0.0049,9.8066,-0.0148,0.0661,-0.0274,-16.5,-36.37,-2,248.17,-83.16,179.52
52.39075,-1.437697,138.66,26.06,4,42.36,18 / 19,2935909,2019-09-06 20:09:01:652,-1.0078,0.1043,9.8133,0.0423,0.008,9.8065,0.1427,-0.0631,0.0441,-16.87,-36.5,-2.12,250.06,-83.13,-179.59
52.39075,-1.437697,138.66,26.06,4,42.36,18 / 19,2936010,2019-09-06 20:09:01:753,-1.976,1.1012,10.1457,-0.029,-0.03,9.8065,-0.1476,0.0697,-0.1141,-17.19,-36.12,-1.94,251.65,-83.39,-178.39
52.39075,-1.437697,138.66,26.06,4,42.36,18 / 19,2936109,2019-09-06 20:09:01:852,0.546,-0.1449,9.9557,-0.0115,0.0104,9.8066,0.1495,-0.0866,0.1824,-16.5,-36.31,-1.69,250.24,-83.17,-178.21
52.39075,-1.437697,138.66,26.06,4,42.36,18 / 19,2936209,2019-09-06 20:09:01:952,0.3652,-0.5345,10.3998,-0.0105,-0.0221,9.8066,-0.0215,-0.0474,-0.1255,-16.69,-36.31,-1.69,250.39,-83.15,-179.27
52.39075,-1.437697,138.66,26.06,4,42.36,18 / 19,2936309,2019-09-06 20:09:02:052,0.0735,2.5662,10.6478,-0.0103,-0.0142,9.8066,-0.2816,-0.034,0.1002,-16.69,-36.81,-2.56,248.88,-83.24,-177.55
52.39075,-1.437697,138.66,26.06,4,42.36,18 / 19,2936409,2019-09-06 20:09:02:152,-0.4112,-1.4873,9.1512,0.0623,0.028,9.8063,-0.1819,0.2208,-0.2792,-16.56,-36.5,-1.94,248.87,-83.05,179.26
52.39075,-1.437697,138.66,26.06,4,42.36,18 / 19,2936509,2019-09-06 20:09:02:252,-1.6119,1.4624,9.2671,0.0279,0.0375,9.8065,-0.0737,-0.0816,0.1406,-16.62,-36.69,-1.81,248.16,-83.19,178.58
52.39075,-1.437697,138.66,26.06,4,42.36,18 / 19,2936610,2019-09-06 20:09:02:353,1.6243,2.383,8.0625,0.0317,-0.0067,9.8066,-0.1248,0.1817,-0.129,-16.94,-36.69,-2.62,244.77,-83.18,178.02
52.39075,-1.437697,138.66,26.06,4,42.36,18 / 19,2936710,2019-09-06 20:09:02:453,-0.272,-0.9409,10.9434,-0.0812,-0.0239,9.8062,0.3887,0.1247,-0.0019,-15.37,-36.25,-2.19,244.31,-83.08,176.8
52.39075,-1.437697,138.66,26.06,4,42.36,18 / 19,2936810,2019-09-06 20:09:02:553,1.005,-2.3314,10.3445,-0.0746,-0.0368,9.8062,-0.1976,-0.2171,0.0579,-16.25,-36.56,-2.31,243.31,-82.92,174.99
52.39075,-1.437697,138.66,26.06,4,42.36,18 / 19,2936910,2019-09-06 20:09:02:653,-0.3209,-1.5167,9.2591,-0.0102,-0.067,9.8064,0.279,0.0145,-0.117,-16.56,-36.75,-1.81,246.99,-83.09,177.49
52.39075,-1.437697,138.66,26.06,4,42.36,18 / 19,2937010,2019-09-06 20:09:02:753,2.0691,1.54,9.2034,-0.0962,-0.0547,9.8059,-0.1265,-0.0374,0.0841,-16.75,-36.5,-2.12,251.91,-83.58,-178.49
52.39075,-1.437697,138.66,26.06,4,42.36,18 / 19,2937110,2019-09-06 20:09:02:853,0.6011,0.5346,8.8355,0.0455,0.0294,9.8065,-0.0327,-0.026,0.0142,-16.44,-36.12,-2.06,250.36,-83.51,-178.81
52.39075,-1.437697,138.66,26.06,4,42.36,18 / 19,2937210,2019-09-06 20:09:02:953,0.3012,0.1564,10.2583,0.0023,0.0186,9.8066,0.1034,-0.0137,-0.09,-16.56,-36.5,-2.44,249.51,-83.34,179.37
52.39075,-1.437697,138.66,26.06,4,42.36,18 / 19,2937309,2019-09-06 20:09:03:052,-1.3671,0.8067,9.2892,0.0333,0.005,9.8065,-0.2032,0.1007,-0.0456,-16.69,-36.12,-2.06,249.76,-83.17,-180
52.39075,-1.437697,138.66,26.06,4,42.36,18 / 19,2937410,2019-09-06 20:09:03:153,0.4496,0.3824,10.1146,0.005,0.0159,9.8065,-0.1166,0.0972,-0.0888,-16.25,-36.31,-2.06,248.09,-83.03,179.73
52.39075,-1.437697,138.66,26.06,4,42.36,18 / 19,2937509,2019-09-06 20:09:03:252,-0.125,-0.3153,9.8158,-0.0537,-0.0281,9.8064,-0.1372,0.0114,0.0257,-16.25,-36.06,-1.69,248.22,-82.86,-179.77
52.39075,-1.437697,138.66,26.06,4,42.36,18 / 19,2937610,2019-09-06 20:09:03:353,-0.2781,-1.0227,8.9618,-0.0203,-0.0055,9.8065,-0.1385,0.0713,-0.0393,-16.5,-36.62,-1.94,248.56,-83.25,-179.83
52.39075,-1.437697,138.66,26.06,4,42.36,18 / 19,2937709,2019-09-06 20:09:03:452,0.2244,0.2256,9.0701,-0.0254,-0.0002,9.8065,0.1096,-0.0139,-0.033,-16.87,-36.5,-1.75,250.38,-83.35,-179.69
52.39075,-1.437697,138.66,26.06,4,42.36,18 / 19,2937810,2019-09-06 20:09:03:553,0.837,0.1089,9.4122,0.01,-0.0055,9.8066,0.0504,-0.1237,0.0582,-16.75,-36.31,-2.37,250.88,-83.39,-179.21
52.39075,-1.437697,138.66,26.06,4,42.36,18 / 19,2937910,2019-09-06 20:09:03:653,0.7688,0.3671,9.1691,-0.0052,-0.0073,9.8066,-0.2061,0.0087,-0.0518,-16.44,-36.56,-2.06,248.59,-83.33,-179.97
52.39075,-1.437697,138.66,26.06,4,42.36,18 / 19,2938009,2019-09-06 20:09:03:752,-1.1675,3.3838,10.8458,0.013,0.0277,9.8065,0.113,-0.0568,-0.0419,-16.37,-36.19,-1.75,248.15,-83.22,179.39
52.39075,-1.437697,138.66,26.06,4,42.36,18 / 19,2938110,2019-09-06 20:09:03:853,0.7452,2.0518,10.9336,0.0011,-0.0129,9.8066,-0.0552,-0.0799,0.0885,-16.25,-36.25,-1.56,247.92,-83.27,179.01
52.39075,-1.437697,138.66,26.06,4,42.36,18 / 19,2938210,2019-09-06 20:09:03:953,1.3371,1.0193,10.5671,0.0592,0.0131,9.8064,0.1895,0.0778,-0.0201,-16.81,-36.37,-2,250.4,-83.21,-179.37
52.39075,-1.437697,138.66,26.06,4,42.36,18 / 19,2938310,2019-09-06 20:09:04:053,-2.0696,0.9324,10.4947,-0.0472,-0.0142,9.8065,-0.1486,0.0964,-0.0874,-16.81,-36.44,-1.94,251.25,-82.92,-177.86
52.39075,-1.437697,138.66,26.06,4,42.36,18 / 19,2938410,2019-09-06 20:09:04:153,1.1113,-0.2493,9.9103,-0.0545,-0.0081,9.8064,-0.1827,0.1667,-0.0069,-17.37,-36.5,-1.81,251.45,-83.22,-178.27
52.39075,-1.437697,138.66,26.06,4,42.36,18 / 19,2938510,2019-09-06 20:09:04:253,-0.0397,1.5325,9.5474,-0.0315,-0.0213,9.8065,0.1482,-0.0121,0.0498,-17.06,-36.31,-1.69,251.94,-83.2,-177.68
52.39075,-1.437697,138.66,26.06,4,42.36,18 / 19,2938609,2019-09-06 20:09:04:352,0.8904,0.1097,8.7618,0.0115,0.0114,9.8066,0.104,-0.0431,0.0252,-16.75,-35.75,-2.69,247.15,-83.2,-179.76
52.39075,-1.437697,138.66,26.06,4,42.36,18 / 19,2938710,2019-09-06 20:09:04:453,-0.2334,-0.4354,9.4737,0.0122,0.0167,9.8065,-0.0201,-0.0315,-0.0081,-16.06,-36.25,-2.06,248.79,-83.24,-179.96
52.39075,-1.437697,138.66,26.06,4,42.36,18 / 19,2938809,2019-09-06 20:09:04:552,-1.1687,0.1414,9.9619,0.0078,-0.0013,9.8065,0.0237,-0.0024,0.0318,-16.25,-36.37,-2.12,248.31,-83.41,179.16
52.39075,-1.437697,138.66,26.06,4,42.36,18 / 19,2938909,2019-09-06 20:09:04:652,-0.5128,-0.0822,10.8094,0.0162,-0.0005,9.8066,-0.0386,0.0082,-0.002,-16.44,-36.62,-2.25,248.34,-83.26,179.91
52.39075,-1.437697,138.66,26.06,4,42.36,18 / 19,2939009,2019-09-06 20:09:04:752,-0.4743,-0.4262,10.6953,0.0075,-0.0165,9.8065,-0.0358,-0.012,0.0423,-16.62,-35.94,-1.56,251.59,-83.07,-177.8
52.39075,-1.437697,138.66,26.06,4,42.36,18 / 19,2939109,2019-09-06 20:09:04:852,-0.1399,0.3307,9.7898,-0.0056,-0.0129,9.8066,-0.0051,0.0116,-0.0109,-16.94,-37,-1.94,251.66,-82.99,-177.15
52.39075,-1.437697,138.66,26.06,4,42.36,18 / 19,2939209,2019-09-06 20:09:04:952,-0.1872,-0.0034,9.2617,-0.0002,0.0031,9.8066,-0.1706,-0.0054,-0.0625,-16.94,-36.44,-2.12,252.16,-83.08,-177.2
52.39075,-1.437697,138.66,26.06,4,42.36,18 / 19,2939310,2019-09-06 20:09:05:053,-0.0899,0.2968,9.0037,0.0115,0.0005,9.8066,0.0302,0.032,0.0491,-16.75,-35.81,-2.19,252.55,-83.23,-177.08
52.39075,-1.437697,138.66,26.06,4,42.36,18 / 20,2939410,2019-09-06 20:09:05:153,-1.1099,-0.8514,9.6169,-0.013,0.0093,9.8066,0.1041,0.0317,-0.0439,-16.25,-36.06,-1.94,251.35,-83.21,-177.06
52.39075,-1.437697,138.66,26.06,4,42.36,18 / 20,2939509,2019-09-06 20:09:05:252,-0.2296,-0.8257,10.0274,-0.0046,0.0021,9.8066,0.0376,-0.0265,0.0228,-16.25,-36.25,-2.19,250.23,-83.17,-178.22
52.39075,-1.437697,138.66,26.06,4,42.36,18 / 20,2939609,2019-09-06 20:09:05:352,0.6137,0.6688,9.2806,-0.0093,-0.0019,9.8066,-0.0735,0.0166,0.0145,-16.31,-36.94,-2.19,249.55,-83.15,-178.5
52.39075,-1.437697,138.66,26.06,4,42.36,18 / 20,2939710,2019-09-06 20:09:05:453,0.848,-0.8361,9.7962,-0.0065,-0.0125,9.8065,-0.0635,-0.089,-0.0128,-16.81,-36.31,-2.44,252.04,-83.14,-177.46
52.39075,-1.437697,138.66,26.06,4,42.36,18 / 20,2939810,2019-09-06 20:09:05:553,0.0111,-0.2905,10.0877,0.0044,0.004,9.8066,-0.0069,0.0001,-0.0854,-16.94,-36.25,-2.56,249.21,-83.25,-177.58
52.39075,-1.437697,138.66,26.06,4,42.36,18 / 20,2939910,2019-09-06 20:09:05:653,0.0829,-0.6813,10.0729,0.0216,0.0017,9.8066,-0.0948,0.0976,0.0251,-16.81,-36.69,-2.25,251.68,-83.15,-177.47
52.39075,-1.437697,138.66,26.06,4,42.36,18 / 20,2940010,2019-09-06 20:09:05:753,-0.9766,0.3115,10.258,-0.0049,-0.0057,9.8066,0.0456,-0.0007,0.0249,-15.87,-36.94,-2.31,250.45,-83.11,-177.43
52.39075,-1.437697,138.66,26.06,4,42.36,18 / 20,2940110,2019-09-06 20:09:05:853,0.6531,1.54,9.9778,-0.0177,0.006,9.8066,0.1132,0.0738,-0.0021,-15.87,-36.75,-1.94,249.64,-83.15,-178.41
52.39075,-1.437697,138.66,26.06,4,42.36,18 / 20,2940209,2019-09-06 20:09:05:952,-0.6729,-0.7362,9.8227,0.016,0.0026,9.8066,-0.0593,0.0176,0.0626,-16.44,-36.56,-1.87,249.22,-82.99,-178.52
52.39075,-1.437697,138.66,26.06,4,42.36,18 / 20,2940309,2019-09-06 20:09:06:052,-0.2406,-0.1543,9.3824,0,0.0005,9.8065,-0.043,-0.044,-0.0152,-16.19,-36.87,-2.56,246.6,-83.1,-178.33
52.392338,-1.435469,139.07,25.43,4,38.61,18 / 19,2940410,2019-09-06 20:09:06:153,0.1639,-0.2941,9.1918,-0.0045,-0.0014,9.8066,0.0342,0.0164,-0.0042,-15.87,-36.62,-2.75,246.63,-83.2,-178.51
52.392338,-1.435469,139.07,25.43,4,38.61,18 / 19,2940509,2019-09-06 20:09:06:252,0.4968,-0.3528,9.6106,-0.0101,-0.003,9.8066,-0.0893,-0.0158,-0.0338,-16.25,-36.37,-2.31,249.73,-83.34,-179.13
52.392338,-1.435469,139.07,25.43,4,38.61,18 / 19,2940609,2019-09-06 20:09:06:352,0.5868,-0.0803,9.5369,0.0077,0.014,9.8065,-0.0659,0.026,0.0199,-16,-36.31,-2.25,248.52,-83.25,179.74
52.392338,-1.435469,139.07,25.43,4,38.61,18 / 19,2940709,2019-09-06 20:09:06:452,-1.4474,-0.3713,9.3168,0.0306,0.0042,9.8066,-0.0396,0.0386,-0.0646,-15.94,-36.56,-2.56,245.3,-83.14,-179.87
52.392338,-1.435469,139.07,25.43,4,38.61,18 / 19,2940810,2019-09-06 20:09:06:553,0.8936,0.8593,10.3939,-0.0104,-0.0047,9.8065,0.0917,0.0135,-0.0563,-16,-37.06,-1.94,248.43,-83.16,-179.78
52.392338,-1.435469,139.07,25.43,4,38.61,18 / 19,2940909,2019-09-06 20:09:06:652,-0.9698,0.0256,10.3708,-0.0054,-0.0091,9.8066,0.0504,0.0936,0.056,-15.81,-36.44,-2.19,248.72,-83.11,-179.74
52.392338,-1.435469,139.07,25.43,4,38.61,18 / 19,2941010,2019-09-06 20:09:06:753,-0.2966,-0.1331,9.7029,0.0064,-0.004,9.8066,-0.0314,0.0232,0.0517,-16.56,-36.87,-2.56,247.2,-83.15,-179.23
52.392338,-1.435469,139.07,25.43,4,38.61,18 / 19,2941109,2019-09-06 20:09:06:852,-1.3706,0.8698,9.3881,-0.0393,-0.0189,9.8065,0.1414,-0.0655,0.0169,-15.81,-36.5,-1.87,249.74,-83.12,-178.64
52.392338,-1.435469,139.07,25.43,4,38.61,18 / 19,2941210,2019-09-06 20:09:06:953,-1.4121,-0.5079,9.0664,-0.0285,-0.0039,9.8066,-0.0092,0.0288,-0.0667,-16.19,-36.56,-2.31,249.82,-83.24,-178.4
52.392338,-1.435469,139.07,25.43,4,38.61,18 / 19,2941309,2019-09-06 20:09:07:052,0.4267,-0.5813,8.9903,0.0058,0.0127,9.8065,-0.2408,-0.0128,-0.0176,-16.5,-36.44,-2.37,249.02,-83.12,-179.45
52.392338,-1.435469,139.07,25.43,4,38.61,18 / 19,2941410,2019-09-06 20:09:07:153,-0.6383,-0.033,9.169,-0.0259,-0.0064,9.8066,-0.0243,0.0054,0.0132,-15.94,-36.81,-2.19,248.66,-83.19,-179.59
52.392338,-1.435469,139.07,25.43,4,38.61,18 / 19,2941510,2019-09-06 20:09:07:253,-0.0381,-0.1762,10.284,-0.0127,-0.0071,9.8066,-0.0807,0.0629,-0.0633,-16.25,-36.37,-2.69,246.03,-83.26,-179.71
52.392338,-1.435469,139.07,25.43,4,38.61,18 / 19,2941609,2019-09-06 20:09:07:352,0.1724,0.6207,10.3828,-0.002,-0.0031,9.8066,0.0728,0.0332,-0.0299,-15.94,-36.75,-2.25,248.62,-83.29,-179.84
52.392338,-1.435469,139.07,25.43,4,38.61,18 / 19,2941709,2019-09-06 20:09:07:452,-0.6303,0.064,10.6533,0.0159,0.0049,9.8066,0.0689,0.012,0.0111,-15.69,-36.37,-2.12,249.04,-83.25,-179.69
52.392338,-1.435469,139.07,25.43,4,38.61,18 / 19,2941810,2019-09-06 20:09:07:553,1.1997,-0.0261,9.9814,0.0105,-0.0026,9.8066,0.0657,-0.0416,-0.0295,-16.06,-36.69,-2.75,246.01,-83.15,-179.1
52.392338,-1.435469,139.07,25.43,4,38.61,18 / 19,2941909,2019-09-06 20:09:07:652,-0.589,0.5352,9.5679,-0.0003,-0.0033,9.8066,0.129,-0.0539,0.0849,-16.12,-36.62,-2.44,249.42,-83.15,-178.64
52.392338,-1.435469,139.07,25.43,4,38.61,18 / 19,2942010,2019-09-06 20:09:07:753,-1.4339,-0.3563,9.8025,-0.0091,-0.0055,9.8066,-0.0815,0.0298,0.0309,-16.19,-36.19,-2.5,249.73,-83.25,-178.93
52.392338,-1.435469,139.07,25.43,4,38.61,18 / 19,2942110,2019-09-06 20:09:07:853,-0.4267,0.7682,9.9353,0.0093,0.0069,9.8065,-0.0609,-0.016,-0.0551,-15.56,-36.56,-2.37,248.95,-83.26,-179.41
52.392338,-1.435469,139.07,25.43,4,38.61,18 / 19,2942210,2019-09-06 20:09:07:953,0.7738,0.8736,9.1779,-0.0142,-0.0018,9.8066,0.1078,0.0323,-0.0012,-15.94,-36.87,-1.87,248.67,-83.17,-179.53
52.392338,-1.435469,139.07,25.43,4,38.61,18 / 19,2942310,2019-09-06 20:09:08:053,0.7855,-0.6297,9.6439,-0.0134,-0.0017,9.8066,-0.0543,0.0866,-0.0588,-16,-36.87,-2.56,245.39,-83.3,179.89
52.392338,-1.435469,139.07,25.43,4,38.61,18 / 19,2942409,2019-09-06 20:09:08:152,-0.159,0.1485,9.83,0.0025,0.0113,9.8066,-0.0026,-0.0331,0.0122,-15.81,-36.69,-2.5,247.92,-83.25,179.46
52.392338,-1.435469,139.07,25.43,4,38.61,18 / 19,2942510,2019-09-06 20:09:08:253,-0.4459,-0.2661,10.4838,0.0222,0.0081,9.8066,0.036,-0.0221,0.0158,-16,-37.06,-3.12,244.43,-83.21,179
52.392338,-1.435469,139.07,25.43,4,38.61,18 / 19,2942609,2019-09-06 20:09:08:352,-0.5147,0.0332,9.3935,0.0024,-0.0019,9.8066,-0.0412,-0.0029,-0.028,-15.81,-37,-2.44,247.64,-83.32,179.01
52.392338,-1.435469,139.07,25.43,4,38.61,18 / 19,2942709,2019-09-06 20:09:08:452,-1.186,-0.6046,10.5755,-0.0462,-0.01,9.8065,-0.0274,-0.0591,0.0999,-15.87,-37,-2.5,247.59,-83.49,178.58
52.392338,-1.435469,139.07,25.43,4,38.61,18 / 19,2942810,2019-09-06 20:09:08:553,-1.2895,-0.0067,10.4137,0.0285,0.0001,9.8066,-0.0006,0.0103,-0.0306,-16.5,-36.81,-2.5,247.31,-83.42,178.42
52.392338,-1.435469,139.07,25.43,4,38.61,18 / 19,2942910,2019-09-06 20:09:08:653,0.0424,-0.6326,10.1461,0.0066,0.0047,9.8066,0.0031,0.0252,-0.0208,-15.94,-36.69,-2.87,244.67,-83.29,179.12
52.392338,-1.435469,139.07,25.43,4,38.61,18 / 19,2943010,2019-09-06 20:09:08:753,0.2559,0.2058,9.2868,0.0074,0.0035,9.8065,0.0383,-0.0175,-0.0046,-16.12,-36.62,-2.87,244.9,-83.27,179.41
52.392338,-1.435469,139.07,25.43,4,38.61,18 / 19,2943110,2019-09-06 20:09:08:853,-0.8085,-1.6606,9.4481,0.0156,0.006,9.8066,-0.0219,0.0515,-0.049,-16.06,-36.75,-2.31,248.04,-83.29,179.5
52.392338,-1.435469,139.07,25.43,4,38.61,18 / 19,2943210,2019-09-06 20:09:08:953,-1.2548,-0.6859,10.3608,-0.0076,0.0035,9.8066,-0.0524,0.0045,-0.0391,-15.56,-36.37,-3,244.58,-83.44,178.32
52.392338,-1.435469,139.07,25.43,4,38.61,18 / 19,2943310,2019-09-06 20:09:09:053,-1.8327,0.0236,10.5698,0.0169,-0.001,9.8066,0.1149,0.0027,0.0589,-16,-36.87,-2.62,244.34,-83.27,178.77
52.392338,-1.435469,139.07,25.43,4,38.61,18 / 19,2943409,2019-09-06 20:09:09:152,-0.0677,-0.4941,9.5073,0.0029,-0.0007,9.8066,-0.0043,-0.0205,-0.0443,-16.19,-36.31,-2.62,244.6,-83.27,178.68
52.392338,-1.435469,139.07,25.43,4,38.61,18 / 19,2943510,2019-09-06 20:09:09:253,0.5214,0.8777,9.4327,0.0146,0.0044,9.8066,-0.1528,0.0013,-0.0154,-15.56,-36.5,-2.62,245.52,-83.31,179.62
52.392338,-1.435469,139.07,25.43,4,38.61,18 / 19,2943609,2019-09-06 20:09:09:352,0.0721,0.1004,9.452,0.0301,0.0071,9.8065,0.0922,0.0194,0.0249,-15.56,-37,-2.69,245.72,-83.23,-179.59
52.392338,-1.435469,139.07,25.43,4,38.61,18 / 19,2943710,2019-09-06 20:09:09:453,-0.6697,-0.6714,9.5303,-0.0064,-0.0163,9.8065,-0.0847,0.0487,-0.0464,-15.62,-36.25,-2.87,246.38,-83.34,-179.46
52.392338,-1.435469,139.07,25.43,4,38.61,18 / 19,2943809,2019-09-06 20:09:09:552,-1.182,-0.7855,9.4068,-0.0059,-0.0056,9.8066,-0.1132,0.0015,0.0161,-16.37,-35.94,-2.62,246.84,-83.39,-179.07
52.392338,-1.435469,139.07,25.43,4,38.61,18 / 19,2943910,2019-09-06 20:09:09:653,-1.0057,0.4554,9.0659,-0.002,-0.0088,9.8066,0.1433,-0.0408,0.0283,-16.56,-36.94,-3.06,248.48,-83.37,-178.25
52.392338,-1.435469,139.07,25.43,4,38.61,18 / 19,2944009,2019-09-06 20:09:09:752,-0.3384,-1.0024,10.5214,-0.0336,-0.0162,9.8065,-0.0474,0.0168,0.0128,-16.25,-36.44,-3.5,248.15,-83.46,-177.77
52.392338,-1.435469,139.07,25.43,4,38.61,18 / 19,2944109,2019-09-06 20:09:09:852,-1.0232,0.192,10.0141,-0.0233,-0.0025,9.8066,0.0928,0.0312,-0.0214,-16.12,-36.37,-2.94,247.59,-83.36,-178.18
52.392338,-1.435469,139.07,25.43,4,38.61,18 / 19,2944209,2019-09-06 20:09:09:952,-0.1869,1.0684,9.4728,-0.0012,-0.0051,9.8066,-0.0191,0.0603,0.0134,-16.81,-36.69,-2.69,248.16,-83.31,-178.49
52.392338,-1.435469,139.07,25.43,4,38.61,18 / 19,2944310,2019-09-06 20:09:10:053,-0.4755,-1.8464,9.75,0.011,-0.0041,9.8066,-0.0039,-0.0672,0.1055,-16.37,-36.62,-2.75,247.72,-83.26,-177.43
52.392338,-1.435469,139.07,25.43,4,38.61,18 / 19,2944409,2019-09-06 20:09:10:152,-1.7761,-0.5321,9.5106,-0.0061,-0.0037,9.8066,0.0096,0.0239,-0.0277,-16.37,-36.5,-2.69,247.82,-83.36,-177.93
52.392338,-1.435469,139.07,25.43,4,38.61,18 / 19,2944510,2019-09-06 20:09:10:253,-0.5638,0.7762,9.7925,-0.0027,0.0106,9.8066,0.1316,-0.0434,-0.0107,-16.37,-36.62,-2.5,250.87,-83.34,-177.47
52.392338,-1.435469,139.07,25.43,4,38.61,18 / 19,2944609,2019-09-06 20:09:10:352,-0.1462,-0.5169,9.9887,-0.0092,-0.0054,9.8066,-0.0304,-0.0128,0.0202,-16.87,-36.5,-3.44,249.05,-83.37,-178.01
52.392338,-1.435469,139.07,25.43,4,38.61,18 / 19,2944709,2019-09-06 20:09:10:452,-0.8369,-0.3958,10.6408,0.0163,0.0122,9.8065,0.0223,0.0066,-0.0304,-16.69,-36.19,-2.94,249.13,-83.39,-177.95
52.392338,-1.435469,139.07,25.43,4,38.61,18 / 19,2944810,2019-09-06 20:09:10:553,0.2112,1.0648,9.9975,0.0175,0.0047,9.8066,0.0644,-0.0224,0.0453,-16.75,-36.87,-2.94,248.2,-83.25,-178.32
52.392338,-1.435469,139.07,25.43,4,38.61,18 / 19,2944910,2019-09-06 20:09:10:653,-0.758,-0.167,8.7441,-0.0101,-0.0024,9.8066,-0.075,0.0374,-0.0114,-17,-35.81,-3.44,248.73,-83.34,-178.29
52.392338,-1.435469,139.07,25.43,4,38.61,18 / 19,2945009,2019-09-06 20:09:10:752,-0.6865,-0.2205,9.7138,-0.002,-0.0031,9.8066,0.0322,-0.0234,-0.0046,-16.81,-36.62,-3.44,248.68,-83.44,-178.18
52.392338,-1.435469,139.07,25.43,4,38.61,18 / 19,2945109,2019-09-06 20:09:10:852,-0.5082,0.308,9.7386,-0.0277,-0.005,9.8066,-0.1071,0.045,-0.0513,-16.56,-36.69,-3.06,248.08,-83.37,-178.7
52.392338,-1.435469,139.07,25.43,4,38.61,18 / 19,2945209,2019-09-06 20:09:10:952,-0.3575,-0.0911,10.6788,-0.0206,-0.0087,9.8066,-0.0822,-0.0011,0.0031,-16.62,-36.81,-2.75,247.92,-83.4,-178.93
52.392338,-1.435469,139.07,25.43,4,38.61,18 / 19,2945310,2019-09-06 20:09:11:053,0.2258,-0.1718,10.0806,-0.0221,-0.0053,9.8066,0.0575,-0.008,0.0102,-17.19,-36.06,-2.44,250.94,-83.33,-179.03
52.392338,-1.435469,139.07,25.43,4,38.61,18 / 20,2945409,2019-09-06 20:09:11:152,0.2296,-0.24,9.7186,0.0033,-0.0005,9.8066,-0.0101,0.0104,-0.0032,-16.69,-35.62,-1.44,254.71,-83.34,-178.26
52.392338,-1.435469,139.07,25.43,4,38.61,18 / 20,2945510,2019-09-06 20:09:11:253,-0.1743,0.414,9.8507,-0.0188,0.0014,9.8066,-0.0138,0.0075,-0.0205,-17.06,-35.56,-2.75,248.41,-83.34,-178.64
52.392338,-1.435469,139.07,25.43,4,38.61,18 / 20,2945609,2019-09-06 20:09:11:352,0.084,-0.5303,9.6972,-0.008,0.004,9.8066,-0.0211,0.0102,0.0115,-17.06,-35.94,-2.12,250.55,-83.46,-179.74
52.392338,-1.435469,139.07,25.43,4,38.61,18 / 20,2945709,2019-09-06 20:09:11:452,-0.5555,-0.0147,9.6212,0.0057,0.0026,9.8066,-0.0145,0.0485,0.0272,-17.25,-36.31,-1.94,250.57,-83.46,-179.71
52.392338,-1.435469,139.07,25.43,4,38.61,18 / 20,2945809,2019-09-06 20:09:11:552,0.3175,-0.3512,9.4399,-0.0164,-0.0056,9.8066,-0.0345,0.0384,-0.029,-16.81,-35.5,-1.37,254.63,-83.54,-179.13
52.392338,-1.435469,139.07,25.43,4,38.61,18 / 20,2945910,2019-09-06 20:09:11:653,-1.1815,-0.3077,10.3362,-0.0032,-0.0078,9.8066,0.1442,-0.1141,0.1237,-16,-35.56,-1.94,250.28,-83.58,-179.04
52.392338,-1.435469,139.07,25.43,4,38.61,18 / 20,2946010,2019-09-06 20:09:11:753,0.5325,-1.6524,11.0158,0.0283,0.0229,9.8065,0.0261,0.0779,-0.1214,-15.94,-35.5,-1.69,250.04,-83.32,-179.15
52.392338,-1.435469,139.07,25.43,4,38.61,18 / 20,2946109,2019-09-06 20:09:11:852,0.7955,-0.2643,10.1099,-0.0091,-0.0086,9.8066,0.0554,0.01,0.1029,-15.5,-35.69,-1.62,248.34,-83.39,-179.37
52.392338,-1.435469,139.07,25.43,4,38.61,18 / 20,2946210,2019-09-06 20:09:11:953,-0.461,-0.226,9.0167,-0.001,0.0006,9.8066,-0.1391,0.0124,0.0214,-15.56,-36.12,-2,250.36,-83.45,-178.68
52.392338,-1.435469,139.07,25.43,4,38.61,18 / 20,2946309,2019-09-06 20:09:12:052,-0.3778,-0.5367,9.566,0.0131,0.0047,9.8066,0.0025,-0.0297,0.0248,-15.19,-35.75,-2.31,249.68,-83.63,-178.43
52.392338,-1.435469,139.07,25.43,4,38.61,18 / 19,2946410,2019-09-06 20:09:12:153,-0.3035,-0.0027,9.7865,-0.0004,-0.0043,9.8066,0.1176,0.0116,0.0026,-15.31,-35.31,-2.69,247.56,-83.58,-177.51
52.392338,-1.435469,139.07,25.43,4,38.61,18 / 19,2946509,2019-09-06 20:09:12:252,0.4315,0.1327,9.432,0.009,0.0011,9.8066,-0.0763,0.078,0.0094,-15.62,-36.19,-3.69,245.42,-83.44,-177.51
52.392338,-1.435469,139.07,25.43,4,38.61,18 / 19,2946610,2019-09-06 20:09:12:353,-0.0715,0.0947,10.4362,-0.0065,-0.0072,9.8066,0.0319,-0.0035,0.0589,-15.19,-36.37,-3.69,244.33,-83.5,-177.12
52.392338,-1.435469,139.07,25.43,4,38.61,18 / 19,2946709,2019-09-06 20:09:12:452,0.1286,0.2775,10.1472,-0.0156,0.0065,9.8065,0.0189,-0.0367,-0.0511,-15.75,-36.12,-3.62,245.3,-83.55,-177.86
52.392338,-1.435469,139.07,25.43,4,38.61,18 / 19,2946810,2019-09-06 20:09:12:553,0.144,-0.7204,9.7475,-0.0034,-0.0002,9.8066,0.0828,-0.0239,0.0602,-15.75,-36.44,-3.69,244.29,-83.54,-178.98
52.392338,-1.435469,139.07,25.43,4,38.61,18 / 19,2946910,2019-09-06 20:09:12:653,-0.2527,0.2867,9.4579,-0.0031,0.0013,9.8066,-0.0589,0.0456,-0.0442,-15.75,-36.25,-2.87,247.19,-83.51,-178.93
52.392338,-1.435469,139.07,25.43,4,38.61,18 / 19,2947010,2019-09-06 20:09:12:753,0.7141,-0.2984,9.9165,-0.0093,-0.0105,9.8066,-0.0079,0.04,0.0038,-15.62,-36.12,-2.81,247.26,-83.58,-179
52.392338,-1.435469,139.07,25.43,4,38.61,18 / 19,2947110,2019-09-06 20:09:12:853,-0.0368,-0.0578,9.2434,0.0046,-0.0061,9.8066,0.0255,-0.0048,-0.0068,-15.81,-36.44,-3.31,247.63,-83.63,-178.69
52.392338,-1.435469,139.07,25.43,4,38.61,18 / 19,2947210,2019-09-06 20:09:12:953,-0.2628,0.4526,8.8309,0.0067,-0.0001,9.8066,-0.087,-0.0341,0.0245,-15.87,-36.75,-3.56,244.87,-83.68,-178.25
52.392338,-1.435469,139.07,25.43,4,38.61,18 / 19,2947310,2019-09-06 20:09:13:053,0.1165,1.1384,8.963,0.0498,0.0176,9.8064,-0.0968,0.011,0.0075,-15.69,-36.94,-3.31,248.06,-83.58,-177.72
52.392338,-1.435469,139.07,25.43,4,38.61,18 / 20,2947409,2019-09-06 20:09:13:152,-0.6969,-1.4096,10.3921,-0.0373,-0.0192,9.8065,0.0777,0.0685,-0.0833,-15.94,-38.06,-3.12,247.57,-83.53,-177.78
52.392338,-1.435469,139.07,25.43,4,38.61,18 / 20,2947510,2019-09-06 20:09:13:253,-0.973,-1.3954,8.173,-0.0813,-0.0424,9.8062,0.028,0.0373,0.0417,-16.19,-37.87,-2.75,245.77,-83.34,-179.38
52.392338,-1.435469,139.07,25.43,4,38.61,18 / 20,2947609,2019-09-06 20:09:13:352,-3.6699,0.4595,7.4892,-0.0612,-0.0408,9.8063,-0.1662,-0.0485,-0.0482,-15.81,-37.87,-2.81,246.68,-83.77,-179.31
52.392338,-1.435469,139.07,25.43,4,38.61,18 / 20,2947710,2019-09-06 20:09:13:453,-2.7998,-0.8317,8.2095,-0.0931,-0.0344,9.8061,-0.5206,0.0384,0.0767,-15.62,-37.56,-3.56,242.25,-83.45,179.65
52.392338,-1.435469,139.07,25.43,4,38.61,18 / 20,2947810,2019-09-06 20:09:13:553,0.1894,-0.3783,10.5452,-0.0859,-0.0321,9.8062,0.3,-0.0153,-0.0145,-15.81,-36.94,-3,244.96,-83.95,178.04
52.392338,-1.435469,139.07,25.43,4,38.61,18 / 20,2947909,2019-09-06 20:09:13:652,0.5936,0.4576,11.3727,-0.0576,-0.0244,9.8064,-0.0062,-0.0078,0.0229,-15.06,-36.62,-3.56,239.51,-83.75,177.26
52.392338,-1.435469,139.07,25.43,4,38.61,18 / 20,2948010,2019-09-06 20:09:13:753,0.8026,1.0724,10.1123,0.0745,0.0257,9.8063,-0.1421,-0.0075,-0.0091,-15.94,-37.12,-3.12,243.58,-83.73,176.98
52.392338,-1.435469,139.07,25.43,4,38.61,18 / 20,2948110,2019-09-06 20:09:13:853,-0.2254,-0.3529,8.9277,0.0198,0.0121,9.8066,0.0443,0.0552,0.0366,-15.75,-36.37,-3.62,241.2,-83.46,177.72
52.392338,-1.435469,139.07,25.43,4,38.61,18 / 20,2948210,2019-09-06 20:09:13:953,-0.9056,-0.518,9.3006,-0.0115,-0.0033,9.8066,-0.0384,0.0082,0.0268,-14.94,-37.06,-3.44,242.01,-83.66,176.87
52.392338,-1.435469,139.07,25.43,4,38.61,18 / 20,2948310,2019-09-06 20:09:14:053,-1.0632,0.3322,9.1607,0.0072,-0.0045,9.8066,0.0412,0.0268,0.0253,-15.12,-36.44,-3,242.78,-83.68,177.34
52.392338,-1.435469,139.07,25.43,4,38.61,18 / 19,2948409,2019-09-06 20:09:14:152,-0.3915,-0.7501,9.6205,-0.0295,-0.0176,9.8065,-0.0026,-0.0116,0.0463,-15.31,-36,-2.81,243.11,-83.85,177.34
52.392338,-1.435469,139.07,25.43,4,38.61,18 / 19,2948510,2019-09-06 20:09:14:253,-0.2753,-1.3424,10.0495,0.0066,0.0049,9.8066,-0.0609,0.0941,0.0065,-15.25,-36.5,-2.81,243.54,-83.8,177.93
52.392338,-1.435469,139.07,25.43,4,38.61,18 / 19,2948609,2019-09-06 20:09:14:352,-1.0538,0.9484,9.8745,0.0042,0.0057,9.8066,0.0274,0.0159,0.0099,-15.25,-36.44,-3.5,242.53,-83.79,176.8
52.392338,-1.435469,139.07,25.43,4,38.61,18 / 19,2948710,2019-09-06 20:09:14:453,-0.8753,1.2063,10.0518,0.0186,0.0196,9.8066,-0.0979,-0.0763,0.0685,-14.75,-36.37,-2.62,242.88,-83.75,177.3
52.392338,-1.435469,139.07,25.43,4,38.61,18 / 19,2948810,2019-09-06 20:09:14:553,-0.1724,0.7618,9.9033,0.0072,-0.0034,9.8066,0.0001,0.0191,0.0532,-15.81,-37,-3,244.06,-83.61,177.75
52.392338,-1.435469,139.07,25.43,4,38.61,18 / 19,2948910,2019-09-06 20:09:14:653,-1.3295,-1.0122,10.2975,0.0115,-0.013,9.8066,0.0606,0.1601,-0.0627,-15.94,-36.56,-3.75,241.85,-83.62,178.5
52.392338,-1.435469,139.07,25.43,4,38.61,18 / 19,2949010,2019-09-06 20:09:14:753,0.7156,-0.2392,10.5011,-0.0114,-0.0138,9.8066,0.1366,0.0086,0.0332,-15.5,-36.81,-3.37,245.22,-83.79,-179.78
52.392338,-1.435469,139.07,25.43,4,38.61,18 / 19,2949110,2019-09-06 20:09:14:853,-0.101,-0.4329,10.1939,0.0386,0.0146,9.8065,-0.0981,0.0957,0.0154,-14.87,-36.56,-3.31,245.47,-83.91,-179.78
52.392338,-1.435469,139.07,25.43,4,38.61,18 / 19,2949210,2019-09-06 20:09:14:953,-1.2561,0.3934,10.232,0.0311,0.017,9.8066,-0.016,0.0523,-0.0381,-15.62,-37.25,-3.5,246.85,-83.9,-179.75
52.392338,-1.435469,139.07,25.43,4,38.61,18 / 19,2949309,2019-09-06 20:09:15:052,-0.9895,-0.2414,10.4421,0.0104,0.0141,9.8065,0.0651,-0.0205,0.0632,-15.25,-36.44,-3.5,244.98,-83.68,179.81
52.393887,-1.433539,139.74,22.31,4,34.19,18 / 19,2949410,2019-09-06 20:09:15:153,-0.816,1.2522,9.5799,-0.0136,0.0021,9.8065,0.0498,-0.1,0.054,-15.37,-37.12,-3.44,245.53,-83.68,-179.19
52.393887,-1.433539,139.74,22.31,4,34.19,18 / 19,2949509,2019-09-06 20:09:15:252,-0.0658,-0.6832,10.0242,-0.0121,-0.0144,9.8066,0.0045,-0.0139,-0.0639,-15.62,-37.19,-3.06,247.53,-83.77,-178.72
52.393887,-1.433539,139.74,22.31,4,34.19,18 / 19,2949610,2019-09-06 20:09:15:353,-0.1796,-0.1212,9.9432,-0.0123,-0.0035,9.8066,0.0925,-0.0115,0.0557,-16,-36.5,-3.56,245.14,-83.73,-178.4
52.393887,-1.433539,139.74,22.31,4,34.19,18 / 19,2949709,2019-09-06 20:09:15:452,-1.3745,-1.1813,9.9356,-0.0219,-0.0188,9.8066,-0.006,-0.0473,-0.0468,-15.37,-37,-3.31,247.27,-83.95,-177.87
52.393887,-1.433539,139.74,22.31,4,34.19,18 / 19,2949810,2019-09-06 20:09:15:553,-1.4605,-0.6533,10.0303,-0.0179,-0.0041,9.8065,-0.006,0.0341,0.0208,-15.44,-36.87,-4.06,243.89,-84.1,-178.53
52.393887,-1.433539,139.74,22.31,4,34.19,18 / 19,2949909,2019-09-06 20:09:15:652,-2.9924,-0.3622,9.7269,-0.0027,0.0099,9.8066,0.0206,0.1514,-0.0682,-15.75,-36.87,-4.12,244.42,-84.08,-179.57
52.393887,-1.433539,139.74,22.31,4,34.19,18 / 19,2950010,2019-09-06 20:09:15:753,-1.1142,-2.9644,9.7544,-0.0424,-0.0004,9.8065,-0.0227,-0.014,-0.0374,-15.44,-36.75,-3.69,242.57,-84.12,179.95
52.393887,-1.433539,139.74,22.31,4,34.19,18 / 19,2950110,2019-09-06 20:09:15:853,-2.7203,2.1216,9.814,0.0124,-0.0133,9.8065,0.2401,-0.117,0.2475,-15.56,-36.62,-3.94,244.6,-83.96,-179.12
52.393887,-1.433539,139.74,22.31,4,34.19,18 / 19,2950210,2019-09-06 20:09:15:953,0.015,1.166,10.7031,-0.0468,-0.0818,9.8061,-0.1501,0.0616,0.0231,-15.37,-36.87,-3.44,245.62,-83.67,-179.06
52.393887,-1.433539,139.74,22.31,4,34.19,18 / 19,2950310,2019-09-06 20:09:16:053,-1.1195,-0.3284,10.5371,-0.1054,-0.0513,9.8059,-0.0465,-0.0419,-0.1388,-15.5,-36.25,-3.5,250.79,-84.04,-174.58
52.393887,-1.433539,139.74,22.31,4,34.19,18 / 19,2950409,2019-09-06 20:09:16:152,-0.1902,-0.2553,10.5286,0.0321,0.0608,9.8063,0.1854,0.0702,0.0165,-15.44,-37,-3.56,244.34,-83.73,-177.23
52.393887,-1.433539,139.74,22.31,4,34.19,18 / 19,2950510,2019-09-06 20:09:16:253,-1.8272,-0.8037,9.7851,-0.0288,0.006,9.8065,-0.0465,0.0032,0.1367,-15.94,-36.81,-3.62,243.07,-83.81,179.49
52.393887,-1.433539,139.74,22.31,4,34.19,18 / 19,2950609,2019-09-06 20:09:16:352,-0.1782,0.4674,9.0947,-0.0059,-0.0332,9.8065,-0.1028,-0.0521,0.0131,-15.75,-36.94,-3,246.83,-83.89,-179.76
52.393887,-1.433539,139.74,22.31,4,34.19,18 / 19,2950710,2019-09-06 20:09:16:453,-0.3196,-0.0069,9.0876,-0.0132,-0.0285,9.8065,-0.0006,-0.0638,0.0228,-15.94,-36.81,-3.5,249.68,-83.95,-176.76
52.393887,-1.433539,139.74,22.31,4,34.19,18 / 19,2950810,2019-09-06 20:09:16:553,-1.3783,-0.2569,10.0851,0.0068,-0.0165,9.8066,0.0827,0.0294,0.0993,-16.69,-36.81,-3.81,250.67,-84.17,-174.42
52.393887,-1.433539,139.74,22.31,4,34.19,18 / 19,2950910,2019-09-06 20:09:16:653,-1.2989,-0.9735,10.1231,-0.0202,-0.0113,9.8066,0.0182,0.0992,0.0659,-16.25,-36.44,-3.5,254.58,-84.38,-172.77
52.393887,-1.433539,139.74,22.31,4,34.19,18 / 19,2951010,2019-09-06 20:09:16:753,-0.7973,-0.4032,10.4228,0.0392,0.0252,9.8065,0.0968,-0.0135,-0.1018,-15.81,-36.37,-3.87,250.02,-84.15,-173.91
52.393887,-1.433539,139.74,22.31,4,34.19,18 / 19,2951110,2019-09-06 20:09:16:853,-0.2533,-0.1825,10.1686,-0.0196,-0.0051,9.8066,0.0032,-0.0525,-0.0587,-15.19,-36.87,-3.37,250.67,-83.98,-174.21
52.393887,-1.433539,139.74,22.31,4,34.19,18 / 19,2951210,2019-09-06 20:09:16:953,-1.0292,-0.4797,10.1762,-0.0072,-0.0011,9.8066,-0.0414,0.0521,0.0465,-15.69,-36.94,-3.87,248.53,-83.99,-174.86
52.393887,-1.433539,139.74,22.31,4,34.19,18 / 19,2951309,2019-09-06 20:09:17:052,-0.9636,-0.2075,9.6995,-0.0115,0.0047,9.8066,-0.0459,0.0282,0.0928,-15.12,-36.87,-3.75,246.44,-84.04,-175.58
52.393887,-1.433539,139.74,22.31,4,34.19,18 / 19,2951410,2019-09-06 20:09:17:153,-1.5491,-0.2598,9.3806,-0.0359,-0.0026,9.8066,-0.0663,-0.0065,-0.1268,-15.44,-36.69,-3.87,245.22,-84.04,-176.91
52.393887,-1.433539,139.74,22.31,4,34.19,18 / 19,2951509,2019-09-06 20:09:17:252,-0.8826,-0.37,9.2997,-0.0355,-0.0159,9.8065,0.1608,0.008,-0.0348,-15,-36.75,-3.5,247.49,-84.32,-178.48
52.393887,-1.433539,139.74,22.31,4,34.19,18 / 19,2951610,2019-09-06 20:09:17:353,-0.7644,-0.1535,9.932,0.0215,0.0035,9.8065,0.0427,-0.0722,0.0145,-15.44,-36.5,-3.56,245.71,-84.32,-177.35
52.393887,-1.433539,139.74,22.31,4,34.19,18 / 19,2951710,2019-09-06 20:09:17:453,-0.5015,-0.7811,10.1421,0.0021,0.0029,9.8066,-0.0099,-0.077,-0.0479,-15.06,-36.94,-4.19,245.39,-84.43,-177.6
52.393887,-1.433539,139.74,22.31,4,34.19,18 / 19,2951810,2019-09-06 20:09:17:553,-0.7125,-0.303,10.1278,0.013,-0.0071,9.8066,0.0195,0.0382,0.1576,-15.19,-36.56,-3.62,246.15,-84.35,-176.58
52.393887,-1.433539,139.74,22.31,4,34.19,18 / 19,2951910,2019-09-06 20:09:17:653,-1.4439,-0.0649,9.6554,0.0168,0.0011,9.8066,-0.0039,0.0024,0.0551,-15.06,-36.5,-3.69,247.53,-84.23,-175.16
52.393887,-1.433539,139.74,22.31,4,34.19,18 / 19,2952010,2019-09-06 20:09:17:753,-1.6356,-0.2923,10.3582,-0.0029,0.0221,9.8066,-0.0128,0.0393,-0.0328,-15.5,-36.87,-4.37,245.22,-84.22,-177.31
52.393887,-1.433539,139.74,22.31,4,34.19,18 / 19,2952109,2019-09-06 20:09:17:852,-0.4289,-1.813,10.1703,0.0146,-0.0006,9.8066,-0.0662,-0.0644,0.1382,-14.5,-36.69,-4.06,242.22,-84.21,-178.79
52.393887,-1.433539,139.74,22.31,4,34.19,18 / 19,2952209,2019-09-06 20:09:17:952,-0.8935,-1.0405,9.5999,-0.0204,0.0077,9.8066,-0.0144,0.0851,-0.0683,-14.37,-36.5,-3.75,242.18,-84.34,-179.49
52.393887,-1.433539,139.74,22.31,4,34.19,18 / 19,2952309,2019-09-06 20:09:18:052,-2.4206,0.1935,9.2758,-0.0031,-0.0052,9.8066,0.0272,0.0375,0.1629,-15.19,-37.12,-4,243.4,-84.44,-179.82
52.393887,-1.433539,139.74,22.31,4,34.19,19 / 20,2952409,2019-09-06 20:09:18:152,-1.6177,-0.7415,9.7716,0.0069,0.0117,9.8066,0.1477,-0.0506,0.0425,-14.81,-37.25,-4.94,241.75,-84.54,-178.59
52.393887,-1.433539,139.74,22.31,4,34.19,19 / 20,2952510,2019-09-06 20:09:18:253,-1.3632,-2.4284,9.81,-0.0064,-0.0228,9.8066,-0.0577,-0.0301,0.1311,-15.31,-37.12,-4.19,243.91,-84.66,-179.73
52.393887,-1.433539,139.74,22.31,4,34.19,19 / 20,2952609,2019-09-06 20:09:18:352,-1.881,1.4022,10.2805,-0.0111,0.0017,9.8066,-0.0172,-0.0289,0.0024,-14.75,-36.87,-4.19,245.3,-84.59,-178.03
52.393887,-1.433539,139.74,22.31,4,34.19,19 / 20,2952710,2019-09-06 20:09:18:453,-1.2894,-1.394,10.7248,0.0116,-0.0096,9.8066,0.0177,-0.0942,0.1377,-14.69,-36.94,-4.06,243.74,-84.53,-179.63
52.393887,-1.433539,139.74,22.31,4,34.19,19 / 20,2952809,2019-09-06 20:09:18:552,0.1678,-1.9941,10.5152,0.0065,0.0206,9.8066,-0.0583,0.0845,-0.1387,-14.94,-37.37,-4.31,243.78,-84.44,-179.39
52.393887,-1.433539,139.74,22.31,4,34.19,19 / 20,2952910,2019-09-06 20:09:18:653,-0.9985,0.1962,10.3376,0.0209,-0.0156,9.8065,0.0624,-0.1359,0.1263,-14.25,-36.94,-4.19,241.9,-84.58,-179.99
52.393887,-1.433539,139.74,22.31,4,34.19,19 / 20,2953009,2019-09-06 20:09:18:752,-1.4387,-2.8948,10.1961,0.0301,0.0297,9.8065,-0.0524,0.1267,-0.1211,-14.5,-37.06,-3.81,242.35,-84.42,-179.12
52.393887,-1.433539,139.74,22.31,4,34.19,19 / 20,2953110,2019-09-06 20:09:18:853,-2.1395,-0.3021,9.1721,-0.0105,-0.0181,9.8066,-0.045,0.0601,-0.0523,-14.5,-36.81,-3.81,243.68,-84.51,-177.85
52.393887,-1.433539,139.74,22.31,4,34.19,19 / 20,2953209,2019-09-06 20:09:18:952,-0.1836,-2.5564,10.4289,-0.029,-0.0216,9.8066,0.0346,0.0025,0.0623,-14.56,-36.81,-4,244.95,-84.39,-178
52.393887,-1.433539,139.74,22.31,4,34.19,19 / 20,2953310,2019-09-06 20:09:19:053,-0.7586,0.9318,9.1077,0.0184,0.0334,9.8065,0.0289,0.1038,-0.0985,-15.12,-36.87,-4.37,246.68,-84.64,-176.65
52.393887,-1.433539,139.74,22.31,4,34.19,18 / 19,2953409,2019-09-06 20:09:19:152,-2.0662,-0.5153,10.0619,0.0214,-0.0074,9.8065,-0.0585,-0.0779,0.0489,-14.81,-36.87,-4.06,246.46,-84.7,-177.02
52.393887,-1.433539,139.74,22.31,4,34.19,18 / 19,2953510,2019-09-06 20:09:19:253,-3.0305,0.4418,9.3719,-0.028,-0.0155,9.8065,-0.094,-0.1446,0.076,-14.5,-37,-4.12,243.72,-84.83,-178.54
52.393887,-1.433539,139.74,22.31,4,34.19,18 / 19,2953610,2019-09-06 20:09:19:353,-0.0011,-1.3599,10.3726,-0.0232,0.0033,9.8066,0.0593,0.112,-0.1078,-15,-37,-3.87,245.64,-84.96,-178.47
52.393887,-1.433539,139.74,22.31,4,34.19,18 / 19,2953710,2019-09-06 20:09:19:453,-2.5184,-1.1521,9.5904,-0.0062,-0.0177,9.8066,-0.0071,0.1245,-0.0799,-15,-36.81,-4.44,245.34,-84.86,-178.58
52.393887,-1.433539,139.74,22.31,4,34.19,18 / 19,2953809,2019-09-06 20:09:19:552,-1.2932,-3.1068,9.6933,-0.007,-0.0046,9.8066,-0.0234,-0.1664,0.1097,-14.87,-37.12,-4,244.57,-84.71,-179.11
52.393887,-1.433539,139.74,22.31,4,34.19,18 / 19,2953910,2019-09-06 20:09:19:653,-1.1935,1.1481,9.8964,-0.0071,0.0086,9.8066,0.081,-0.112,0.0696,-15.12,-37,-4.69,241.48,-84.82,-179.44
52.393887,-1.433539,139.74,22.31,4,34.19,18 / 19,2954010,2019-09-06 20:09:19:753,-1.6594,-3.2994,10.0413,0.0066,0.0094,9.8066,-0.0396,0.1611,-0.1328,-14.81,-37.37,-4.31,244.57,-84.94,-179.61
52.393887,-1.433539,139.74,22.31,4,34.19,18 / 19,2954109,2019-09-06 20:09:19:852,-1.788,-2.3819,10.5897,-0.0132,-0.0132,9.8066,-0.061,0.0978,-0.0761,-14.44,-36.87,-4.31,242.3,-85.12,179.22
52.393887,-1.433539,139.74,22.31,4,34.19,18 / 19,2954209,2019-09-06 20:09:19:952,-1.8651,-0.2352,10.3879,0.0146,0.0037,9.8066,0.0035,-0.0669,0.03,-14.75,-36.75,-4.12,244.03,-85.06,179.54
52.393887,-1.433539,139.74,22.31,4,34.19,18 / 19,2954309,2019-09-06 20:09:20:052,-1.4862,-0.7943,9.4471,0.0185,0.0116,9.8066,0.0538,-0.0338,0.0824,-14.69,-36.87,-4.31,244.55,-84.99,-179.75
52.393887,-1.433539,139.74,22.31,4,34.19,19 / 20,2954410,2019-09-06 20:09:20:153,-1.8052,-1.4737,9.7859,-0.0223,-0.009,9.8066,-0.0006,-0.0046,0.0132,-14.69,-37.12,-4.44,245.3,-84.98,-178.89
52.393887,-1.433539,139.74,22.31,4,34.19,19 / 20,2954510,2019-09-06 20:09:20:253,-0.786,-0.4969,10.196,-0.0079,0.0105,9.8066,-0.1343,0.0264,0.0414,-15.06,-36.87,-4.25,245.52,-85.06,-178.83
52.393887,-1.433539,139.74,22.31,4,34.19,19 / 20,2954610,2019-09-06 20:09:20:353,-0.594,-0.5381,10.2958,0.0048,-0.0057,9.8066,0.0296,0.087,0.0156,-14.69,-37,-4.5,245.29,-85.1,-179.17
52.393887,-1.433539,139.74,22.31,4,34.19,19 / 20,2954710,2019-09-06 20:09:20:453,-2.1706,-0.5689,10.784,-0.005,-0.0065,9.8066,0.0524,0.0448,-0.0365,-14.5,-36.87,-4.81,240.68,-85.14,-179.14
52.393887,-1.433539,139.74,22.31,4,34.19,19 / 20,2954810,2019-09-06 20:09:20:553,-1.1215,-0.3463,10.0414,-0.0005,-0.0003,9.8066,-0.0309,0.0542,0.0336,-14.56,-36.94,-5.19,242.05,-85.26,-179.74
52.393887,-1.433539,139.74,22.31,4,34.19,19 / 20,2954910,2019-09-06 20:09:20:653,-0.4433,-1.3361,9.8195,0.0019,-0.0038,9.8066,-0.1292,0.0731,-0.0782,-15,-36.87,-4.5,245.66,-85.27,-179.14
52.393887,-1.433539,139.74,22.31,4,34.19,19 / 20,2955009,2019-09-06 20:09:20:752,0.1597,-0.4534,9.7695,-0.0092,0.0048,9.8066,0.0315,0.0354,0.0371,-14.31,-37.62,-4.75,240.26,-85.26,-179.58
52.393887,-1.433539,139.74,22.31,4,34.19,19 / 20,2955110,2019-09-06 20:09:20:853,-1.8555,-1.893,10.1713,-0.0058,-0.0001,9.8066,0.0308,0.0206,-0.0523,-14.31,-36.94,-4.62,239.57,-85.36,179.17
52.393887,-1.433539,139.74,22.31,4,34.19,19 / 20,2955210,2019-09-06 20:09:20:953,-1.0418,-0.581,10.3285,0.0196,0.0058,9.8066,-0.1012,-0.0411,-0.0428,-15.06,-36.06,-4.37,244.24,-85.28,179.03
52.393887,-1.433539,139.74,22.31,4,34.19,19 / 20,2955310,2019-09-06 20:09:21:053,-0.9359,-0.543,10.0669,0.0127,0.0066,9.8066,0.0248,0.1007,0.0376,-14.25,-37.06,-4.37,242.42,-85.25,179.06
52.393887,-1.433539,139.74,22.31,4,34.19,18 / 19,2955409,2019-09-06 20:09:21:152,-0.9129,-1.6064,10.2174,0.0123,0.0095,9.8066,-0.0891,0.0867,0.1006,-14.56,-36.94,-4.5,242.91,-85.26,177.89
52.393887,-1.433539,139.74,22.31,4,34.19,18 / 19,2955510,2019-09-06 20:09:21:253,-2.0013,-0.697,9.8735,-0.0132,-0.0031,9.8066,-0.0474,-0.0256,-0.1071,-14.56,-35.81,-3.37,245.52,-85.28,176.94
52.393887,-1.433539,139.74,22.31,4,34.19,18 / 19,2955609,2019-09-06 20:09:21:352,-1.7774,-0.1441,9.6919,0.0051,-0.0013,9.8066,0.0145,0.0201,-0.1129,-15.19,-35.5,-3.81,243.01,-85.34,177.28
52.393887,-1.433539,139.74,22.31,4,34.19,18 / 19,2955710,2019-09-06 20:09:21:453,-1.7142,-0.4418,9.7682,-0.0055,0.0103,9.8066,-0.0194,0.0118,0.0225,-15.87,-35.25,-5.25,241.21,-85.35,177.03
52.393887,-1.433539,139.74,22.31,4,34.19,18 / 19,2955810,2019-09-06 20:09:21:553,0.5594,-1.3584,9.4922,0.0085,0.0028,9.8066,-0.0474,-0.0198,-0.0618,-14.69,-36,-5.62,235.98,-85.41,176.21
52.393887,-1.433539,139.74,22.31,4,34.19,18 / 19,2955910,2019-09-06 20:09:21:653,-1.7574,-1.7261,10.1358,0.0081,0.0081,9.8066,-0.0287,0.0213,-0.074,-14.37,-36.81,-5.37,237.87,-85.4,177.2
52.393887,-1.433539,139.74,22.31,4,34.19,18 / 19,2956010,2019-09-06 20:09:21:753,-1.2805,-1.1986,10.0232,0.016,0.0135,9.8065,-0.0286,-0.0222,0.0418,-14.62,-37.62,-4.94,238.18,-85.47,175.84
52.393887,-1.433539,139.74,22.31,4,34.19,18 / 19,2956110,2019-09-06 20:09:21:853,-0.1647,-1.1843,9.8306,0.028,0.0063,9.8066,0.0489,0.0358,0.002,-14.5,-37.19,-5.06,237.33,-85.43,176.54
52.393887,-1.433539,139.74,22.31,4,34.19,18 / 19,2956210,2019-09-06 20:09:21:953,-1.7913,-1.5791,9.4625,-0.0227,-0.0258,9.8065,0.0051,-0.005,0.0269,-14.56,-36.37,-5.56,236.72,-85.45,176.97
52.393887,-1.433539,139.74,22.31,4,34.19,18 / 19,2956310,2019-09-06 20:09:22:053,-1.3626,-0.4579,10.1693,-0.0126,-0.0245,9.8065,-0.0925,0.0319,0.0242,-14.25,-36.87,-5.25,240.51,-85.67,179.54
52.393887,-1.433539,139.74,22.31,4,34.19,19 / 20,2956409,2019-09-06 20:09:22:152,-0.4288,-1.5208,8.8269,-0.0101,-0.0176,9.8066,-0.0124,-0.0323,0.0853,-14.37,-37.12,-4.75,241.24,-85.77,-179.89
52.393887,-1.433539,139.74,22.31,4,34.19,19 / 20,2956510,2019-09-06 20:09:22:253,-1.3001,-0.9431,9.7841,0.0033,-0.0097,9.8066,0.0678,-0.0202,0.0134,-15.06,-36.81,-5.12,242.7,-85.84,179.77
52.393887,-1.433539,139.74,22.31,4,34.19,19 / 20,2956609,2019-09-06 20:09:22:352,-1.0483,-0.7457,10.3318,0.0033,0.0026,9.8066,0.0125,0.1016,-0.0889,-14.37,-37.12,-4.81,242.18,-85.85,-179.05
52.393887,-1.433539,139.74,22.31,4,34.19,19 / 20,2956710,2019-09-06 20:09:22:453,-0.9312,0.241,10.6418,-0.0137,-0.013,9.8066,0.1193,-0.0652,-0.0001,-15,-36.75,-4.69,243.61,-85.91,-179.39
52.393887,-1.433539,139.74,22.31,4,34.19,19 / 20,2956810,2019-09-06 20:09:22:553,0.0294,-1.3089,10.5624,0.0384,0.0109,9.8066,0.0805,0.0378,0.0247,-14.31,-36.94,-4.56,241.07,-85.87,179.71
52.393887,-1.433539,139.74,22.31,4,34.19,19 / 20,2956909,2019-09-06 20:09:22:652,0.3617,-1.3288,9.8306,0.0462,0.0352,9.8064,-0.1327,0.1414,-0.0609,-14.62,-36.75,-4.87,242.16,-85.52,179.84
52.393887,-1.433539,139.74,22.31,4,34.19,19 / 20,2957010,2019-09-06 20:09:22:753,-1.7209,-1.5802,9.6263,0.0368,0.0106,9.8065,-0.0332,-0.03,0.0444,-14.87,-37,-4.62,242.09,-85.63,179.53
52.393887,-1.433539,139.74,22.31,4,34.19,19 / 20,2957110,2019-09-06 20:09:22:853,-0.808,-0.5819,9.9422,-0.011,-0.0167,9.8066,-0.0076,-0.063,0.0266,-14.25,-37.12,-4.31,243.4,-85.71,179.09
52.393887,-1.433539,139.74,22.31,4,34.19,19 / 20,2957209,2019-09-06 20:09:22:952,-1.101,-2.1479,9.5219,-0.0277,0.0039,9.8065,-0.0079,0.0508,-0.0137,-14.44,-36.44,-4.19,243.48,-85.89,178.5
52.393887,-1.433539,139.74,22.31,4,34.19,19 / 20,2957310,2019-09-06 20:09:23:053,-0.4733,-1.2907,9.8715,-0.0098,0.0017,9.8066,-0.0664,0.0747,-0.007,-14.44,-36.94,-5,240.53,-85.99,178.86
52.393887,-1.433539,139.74,22.31,4,34.19,18 / 20,2957409,2019-09-06 20:09:23:152,-0.6962,-1.4502,9.6869,-0.0077,-0.0109,9.8066,-0.0449,-0.0657,0.0463,-14.62,-37.56,-4.56,242.94,-86.1,179.7
52.393887,-1.433539,139.74,22.31,4,34.19,18 / 20,2957509,2019-09-06 20:09:23:252,-0.9913,-0.6818,9.9604,0.0145,0.0049,9.8065,-0.014,-0.0302,-0.0707,-14.81,-37.44,-5.44,242.59,-86.16,178.99
52.393887,-1.433539,139.74,22.31,4,34.19,18 / 20,2957609,2019-09-06 20:09:23:352,-0.5436,-1.2446,10.0403,0.0106,-0.0004,9.8066,-0.0032,0.0069,0.0644,-14.5,-36.5,-4.87,241.66,-86.24,179.31
52.393887,-1.433539,139.74,22.31,4,34.19,18 / 20,2957709,2019-09-06 20:09:23:452,-1.1483,-0.1253,10.1757,-0.0037,-0.0064,9.8066,0.0539,-0.0608,0.0325,-14.94,-36.94,-4.69,244.47,-86.28,-179.26
52.393887,-1.433539,139.74,22.31,4,34.19,18 / 20,2957810,2019-09-06 20:09:23:553,-1.287,-0.3355,9.9206,-0.0139,0.0066,9.8066,0.0533,0.0387,-0.0914,-14.06,-37.12,-3.94,245.11,-86.35,179.48
52.393887,-1.433539,139.74,22.31,4,34.19,18 / 20,2957910,2019-09-06 20:09:23:653,-0.2317,-0.7194,10.2368,0.0182,-0.0031,9.8066,-0.0537,-0.0961,0.0579,-14.69,-36.87,-4.31,248.57,-86.3,-178.3
52.393887,-1.433539,139.74,22.31,4,34.19,18 / 20,2958010,2019-09-06 20:09:23:753,-1.6511,0.2047,9.6986,-0.0167,-0.0166,9.8066,-0.084,0.1234,-0.0878,-14.5,-36.69,-4.69,241.99,-86.32,179.72
52.393887,-1.433539,139.74,22.31,4,34.19,18 / 20,2958110,2019-09-06 20:09:23:853,-0.4483,-0.0292,9.6392,-0.0091,0.0114,9.8065,-0.0066,0.0045,-0.0149,-14.69,-37.06,-4.69,243.74,-86.36,179.8
52.393887,-1.433539,139.74,22.31,4,34.19,18 / 20,2958210,2019-09-06 20:09:23:953,0.067,-1.0198,9.9044,0.0057,0.0066,9.8066,-0.0559,0.0115,-0.0064,-14.25,-37,-4.75,240.47,-86.41,177.87
52.393887,-1.433539,139.74,22.31,4,34.19,18 / 20,2958310,2019-09-06 20:09:24:053,-1.1962,-0.2485,9.676,-0.0131,-0.0118,9.8066,0.0426,0.0593,-0.0673,-14.62,-37.12,-4.87,242.14,-86.44,177.92
52.394993,-1.432456,140.61,8.65,4,28.76,18 / 20,2958409,2019-09-06 20:09:24:152,-0.6692,-0.9987,9.7425,-0.0198,-0.0045,9.8066,-0.0424,0.0439,-0.0704,-14.31,-37.5,-4.62,240.57,-86.4,178.01
52.394993,-1.432456,140.61,8.65,4,28.76,18 / 20,2958510,2019-09-06 20:09:24:253,-0.6951,0.3004,9.9302,0.0063,-0.0081,9.8065,-0.0191,-0.0228,-0.0193,-14.31,-37.81,-4.25,243.8,-86.53,177.85
52.394993,-1.432456,140.61,8.65,4,28.76,18 / 20,2958609,2019-09-06 20:09:24:352,-0.7114,-0.3242,9.7268,-0.012,-0.0071,9.8066,0.0211,0.0415,-0.0203,-14.5,-36.62,-5.19,238.04,-86.63,174.79
52.394993,-1.432456,140.61,8.65,4,28.76,18 / 20,2958710,2019-09-06 20:09:24:453,-0.8206,0.5076,9.7319,-0.015,0.003,9.8066,0.0088,-0.0677,0.0352,-14.25,-36.87,-4.19,240.91,-86.64,174.3
52.394993,-1.432456,140.61,8.65,4,28.76,18 / 20,2958810,2019-09-06 20:09:24:553,-0.3686,-0.7603,9.498,-0.0025,-0.0011,9.8066,-0.0505,0.0064,-0.0278,-14.19,-36.94,-5.31,238.55,-86.68,175.23
52.394993,-1.432456,140.61,8.65,4,28.76,18 / 20,2958910,2019-09-06 20:09:24:653,-0.6392,-1.1024,9.9602,0.0174,0.0016,9.8066,0.0232,0.0012,0.0105,-13.75,-36.56,-4.31,242.77,-86.76,176.03
52.394993,-1.432456,140.61,8.65,4,28.76,18 / 20,2959009,2019-09-06 20:09:24:752,-0.5501,-0.3489,9.9545,-0.0146,-0.0165,9.8065,0.0287,0.0072,-0.0084,-14.5,-37.12,-4.75,240.23,-87,176.35
52.394993,-1.432456,140.61,8.65,4,28.76,18 / 20,2959110,2019-09-06 20:09:24:853,-0.4117,-0.4591,9.9272,-0.012,-0.0125,9.8066,-0.0313,0.0594,-0.0194,-14.56,-36.5,-4.37,246.11,-87.07,177.24
52.394993,-1.432456,140.61,8.65,4,28.76,18 / 20,2959210,2019-09-06 20:09:24:953,-0.7878,-1.0781,9.8541,0.0155,0.0073,9.8066,-0.0305,-0.0052,0.0838,-14.44,-37.62,-4.5,245.06,-86.93,178.26
52.394993,-1.432456,140.61,8.65,4,28.76,18 / 20,2959310,2019-09-06 20:09:25:053,-0.5198,-1.1317,9.491,0.0129,-0.0012,9.8066,0.0099,0.0307,-0.0416,-14.44,-37.12,-4.44,246.3,-86.96,179.32
52.394993,-1.432456,140.61,8.65,4,28.76,18 / 20,2959409,2019-09-06 20:09:25:152,-0.7,-0.7143,9.6506,-0.0166,-0.0087,9.8066,0.0029,-0.0186,0.0401,-14.44,-36.75,-4.62,243.79,-86.95,-179.77
52.394993,-1.432456,140.61,8.65,4,28.76,18 / 20,2959510,2019-09-06 20:09:25:253,-0.7209,-0.8199,10.1778,-0.0011,-0.0046,9.8066,0.0593,0.0032,0.0265,-14.87,-37.87,-4.5,249.87,-87.12,-178.58
52.394993,-1.432456,140.61,8.65,4,28.76,18 / 20,2959609,2019-09-06 20:09:25:352,-0.5623,-0.358,9.9439,-0.0051,-0.0093,9.8066,0.0313,-0.0443,-0.022,-14.62,-37,-4.5,251.87,-87.21,-176.89
52.394993,-1.432456,140.61,8.65,4,28.76,18 / 20,2959710,2019-09-06 20:09:25:453,-0.9381,-0.2184,9.9529,-0.0037,0.009,9.8066,0.0097,-0.0439,0.0552,-13.62,-36.75,-4.19,250.44,-87.26,-177.06
52.394993,-1.432456,140.61,8.65,4,28.76,18 / 20,2959810,2019-09-06 20:09:25:553,-0.9822,-0.2127,9.8502,-0.0064,-0.0108,9.8066,-0.0173,0.0239,-0.0484,-14.87,-37,-4.44,252.69,-87.37,-176.39
52.394993,-1.432456,140.61,8.65,4,28.76,18 / 20,2959910,2019-09-06 20:09:25:653,-1.0209,-0.8222,10.257,0.0034,-0.0012,9.8066,0.0263,0.021,0.0419,-14.62,-36.5,-4.56,249.96,-87.42,-176.09
52.394993,-1.432456,140.61,8.65,4,28.76,18 / 20,2960010,2019-09-06 20:09:25:753,-1.2511,-0.3253,10.2891,-0.0005,-0.0057,9.8066,0.0185,0.0039,-0.0019,-14.06,-37.25,-3.75,252.12,-87.43,-175.71
52.394993,-1.432456,140.61,8.65,4,28.76,18 / 20,2960110,2019-09-06 20:09:25:853,-0.0429,-0.3881,9.7586,0.0073,0.0016,9.8066,0.0175,-0.0102,0.0084,-14.69,-36.94,-4.94,251.29,-87.37,-174.46
52.394993,-1.432456,140.61,8.65,4,28.76,18 / 20,2960210,2019-09-06 20:09:25:953,-0.6888,-0.165,9.7192,-0.0075,-0.0064,9.8065,0.032,-0.0219,0.0052,-14.31,-36.81,-3.69,253.7,-87.41,-174.02
52.394993,-1.432456,140.61,8.65,4,28.76,18 / 20,2960309,2019-09-06 20:09:26:052,-0.6393,-0.2387,9.8597,-0.0024,-0.0096,9.8066,0.0215,0.0066,0.0283,-14.19,-37.19,-4,255.91,-87.39,-171.72
52.394993,-1.432456,140.61,8.65,4,28.76,18 / 19,2960410,2019-09-06 20:09:26:153,-0.1747,-0.4269,9.6998,-0.0061,-0.0031,9.8066,0.027,0.0164,-0.01,-14.44,-37.31,-4.19,255.63,-87.44,-172.12
52.394993,-1.432456,140.61,8.65,4,28.76,18 / 19,2960509,2019-09-06 20:09:26:252,-0.277,-0.1861,9.8375,-0.0147,-0.007,9.8066,-0.051,-0.0311,0.0005,-14.69,-36.69,-4,257.67,-87.55,-171.68
52.394993,-1.432456,140.61,8.65,4,28.76,18 / 19,2960610,2019-09-06 20:09:26:353,-0.0459,-0.427,9.9815,-0.0034,0.0027,9.8066,-0.052,-0.0076,-0.0025,-14.56,-36.19,-4.94,255.83,-87.64,-170.52
52.394993,-1.432456,140.61,8.65,4,28.76,18 / 19,2960710,2019-09-06 20:09:26:453,-0.7119,-0.6312,10.1336,0.0054,0.0005,9.8066,0.0227,-0.0112,0.0005,-14.31,-37.56,-4.37,257.59,-87.75,-170.73
52.394993,-1.432456,140.61,8.65,4,28.76,18 / 19,2960811,2019-09-06 20:09:26:554,-0.7141,-0.4159,9.717,-0.0157,-0.0015,9.8066,-0.0122,0.0159,-0.015,-14.81,-36.94,-4.44,260.58,-87.88,-169.49
52.394993,-1.432456,140.61,8.65,4,28.76,18 / 19,2960910,2019-09-06 20:09:26:653,-0.7971,-0.7304,9.7482,-0.0163,-0.0082,9.8066,0.0238,-0.0192,0.0162,-14.25,-36.94,-5.19,255.71,-87.98,-169.75
52.394993,-1.432456,140.61,8.65,4,28.76,18 / 19,2961010,2019-09-06 20:09:26:753,-0.7574,-0.411,9.9656,0.002,-0.0022,9.8066,0.0081,-0.0075,-0.0302,-14.12,-37.5,-4.5,261.96,-88,-167.06
52.394993,-1.432456,140.61,8.65,4,28.76,18 / 19,2961110,2019-09-06 20:09:26:853,-0.8216,-0.5915,9.8912,-0.0001,0.0046,9.8066,0.0254,0.0003,0.036,-14.25,-37.75,-5,257.76,-88.03,-167.66
52.394993,-1.432456,140.61,8.65,4,28.76,18 / 19,2961209,2019-09-06 20:09:26:952,-0.9809,-0.4117,10.1091,-0.0033,-0.0081,9.8066,0.0198,-0.0158,-0.0208,-14.25,-36.87,-4.87,258.63,-88.05,-166.96
52.394993,-1.432456,140.61,8.65,4,28.76,17 / 18,2961310,2019-09-06 20:09:27:053,-0.8682,-0.5524,9.7702,-0.0089,-0.0041,9.8066,-0.0324,0.0086,0.0179,-14.31,-36.5,-4.44,264.97,-88.12,-164.44
52.394993,-1.432456,140.61,8.65,4,28.76,17 / 18,2961410,2019-09-06 20:09:27:153,-0.9751,-0.4268,9.956,0.0008,-0.0055,9.8066,0.0033,0.0052,0.03,-13.81,-36.75,-4.31,266.52,-88.2,-162.97
52.394993,-1.432456,140.61,8.65,4,28.76,17 / 18,2961509,2019-09-06 20:09:27:252,-0.8543,-0.7902,10.0534,0.0072,-0.002,9.8066,0.0013,0.0031,-0.0083,-14.25,-37.06,-4.62,265.03,-88.19,-160.83
52.394993,-1.432456,140.61,8.65,4,28.76,17 / 18,2961609,2019-09-06 20:09:27:352,-0.768,-0.7514,9.8793,-0.003,-0.0028,9.8066,0.0021,-0.0148,0.0045,-14.94,-37.37,-5.56,263.77,-88.18,-160.28
52.394993,-1.432456,140.61,8.65,4,28.76,17 / 18,2961710,2019-09-06 20:09:27:453,-0.6461,-0.5679,9.9134,-0.0017,0.002,9.8066,0.0172,-0.0069,-0.0043,-14,-37.06,-4.75,265.98,-88.2,-159.88
52.394993,-1.432456,140.61,8.65,4,28.76,17 / 18,2961809,2019-09-06 20:09:27:552,-0.5058,-0.5399,9.8805,-0.0026,0.0005,9.8066,0.002,-0.009,-0.0158,-14.62,-36.5,-4.94,267.19,-88.19,-160.27
52.394993,-1.432456,140.61,8.65,4,28.76,17 / 18,2961909,2019-09-06 20:09:27:652,-0.6624,-0.4977,9.8367,-0.0027,0.0008,9.8066,0.0075,-0.003,-0.0025,-14.12,-36.5,-4.69,265.17,-88.24,-160.92
52.394993,-1.432456,140.61,8.65,4,28.76,17 / 18,2962009,2019-09-06 20:09:27:752,-0.6796,-0.3925,9.8661,0.0011,-0.0024,9.8066,-0.0177,0.0029,0.0023,-14.12,-37.25,-4.56,266.28,-88.26,-159.75
52.394993,-1.432456,140.61,8.65,4,28.76,17 / 18,2962110,2019-09-06 20:09:27:853,-0.4266,-0.4221,9.8674,-0.001,-0.0046,9.8066,0.0268,0.0066,0.0333,-14.25,-37.19,-5.5,267.56,-88.26,-158.46
52.394993,-1.432456,140.61,8.65,4,28.76,17 / 18,2962210,2019-09-06 20:09:27:953,-0.5284,-0.5534,10.0046,0.0015,-0.0065,9.8066,0.0035,-0.0065,0.0074,-14.62,-37.12,-4.81,270.37,-88.25,-157.1
52.394993,-1.432456,140.61,8.65,4,28.76,17 / 18,2962310,2019-09-06 20:09:28:053,-0.6193,-0.4925,10.1295,-0.0014,-0.0047,9.8066,0.0131,0.0118,0.0014,-14.75,-36.62,-4.87,273.54,-88.25,-153.92
52.394993,-1.432456,140.61,8.65,4,28.76,17 / 18,2962409,2019-09-06 20:09:28:152,0.0276,-0.2728,9.7374,-0.0063,-0.0015,9.8066,0.0176,-0.0143,0.0044,-14.94,-36.62,-4.69,274.1,-88.32,-153.54
52.394993,-1.432456,140.61,8.65,4,28.76,17 / 18,2962510,2019-09-06 20:09:28:253,-0.0237,-0.2645,9.8013,-0.0045,-0.0048,9.8066,-0.0346,-0.0017,-0.0137,-14.62,-36.5,-4.69,275.68,-88.34,-152.12
52.394993,-1.432456,140.61,8.65,4,28.76,17 / 18,2962610,2019-09-06 20:09:28:353,-0.4041,-0.0522,9.9092,-0.0055,0.0004,9.8066,0.0173,-0.0014,0.0337,-14.5,-36.75,-4.31,277.99,-88.44,-152.14
52.394993,-1.432456,140.61,8.65,4,28.76,17 / 18,2962709,2019-09-06 20:09:28:452,-0.2549,-0.1871,10.1093,0.0036,-0.0032,9.8066,-0.0064,0.0096,-0.0118,-14.12,-36.75,-4.19,279.98,-88.44,-150.16
52.394993,-1.432456,140.61,8.65,4,28.76,17 / 18,2962809,2019-09-06 20:09:28:552,0.2191,-0.1049,9.7878,0.0002,-0.0011,9.8066,-0.0017,-0.0016,-0.0062,-14.5,-37.31,-4.69,276.4,-88.44,-150.08
52.394993,-1.432456,140.61,8.65,4,28.76,17 / 18,2962910,2019-09-06 20:09:28:653,0.1259,-0.2394,9.9132,0.0036,0.0003,9.8066,0.0036,0,-0.0008,-14.31,-37.56,-5.12,276.56,-88.42,-149.76
52.394993,-1.432456,140.61,8.65,4,28.76,17 / 18,2963010,2019-09-06 20:09:28:753,0.2222,-0.1356,9.9693,-0.0083,-0.0034,9.8066,0.0189,-0.0062,0.0018,-14.75,-37.37,-4.75,279.3,-88.48,-148.76
52.394993,-1.432456,140.61,8.65,4,28.76,17 / 18,2963110,2019-09-06 20:09:28:853,0.1622,-0.0031,9.9328,0.0026,0.0021,9.8066,-0.006,-0.007,-0.0057,-15.37,-37.06,-5.31,280.52,-88.5,-147.59
52.394993,-1.432456,140.61,8.65,4,28.76,17 / 18,2963209,2019-09-06 20:09:28:952,0.5009,-0.0789,10.0473,0.002,0.0006,9.8066,0.0021,-0.0063,0.0088,-15.25,-36.87,-5.5,280.48,-88.5,-147.62
52.394993,-1.432456,140.61,8.65,4,28.76,17 / 18,2963310,2019-09-06 20:09:29:053,0.1848,-0.1022,9.8421,0.0016,-0.0022,9.8066,0.0081,-0.0038,-0.0113,-15.06,-36.75,-4.81,281.28,-88.49,-146.82
52.394993,-1.432456,140.61,8.65,4,28.76,19 / 20,2963410,2019-09-06 20:09:29:153,0.2395,-0.0772,9.8769,-0.0022,-0.0033,9.8066,0.0149,-0.0155,-0.0039,-14.87,-37.06,-4.44,286.46,-88.51,-145.2
52.394993,-1.432456,140.61,8.65,4,28.76,19 / 20,2963510,2019-09-06 20:09:29:253,0.5699,-0.0441,9.85,-0.0009,-0.0021,9.8066,-0.0016,-0.0072,-0.008,-14.94,-36.94,-4.19,288.89,-88.52,-142.83
52.394993,-1.432456,140.61,8.65,4,28.76,19 / 20,2963609,2019-09-06 20:09:29:352,0.4237,-0.0158,9.8515,0.0003,-0.001,9.8066,-0.0121,-0.0082,-0.0002,-14.31,-36.12,-4.37,288.92,-88.52,-141.67
52.394993,-1.432456,140.61,8.65,4,28.76,19 / 20,2963709,2019-09-06 20:09:29:452,0.3942,-0.0906,9.7996,-0.0014,0.0003,9.8066,-0.0009,-0.0029,-0.0111,-14.44,-36.5,-4.75,286.23,-88.55,-140.73
52.394993,-1.432456,140.61,8.65,4,28.76,19 / 20,2963809,2019-09-06 20:09:29:552,0.2114,-0.1008,9.9042,-0.0068,0.0002,9.8066,0.0078,-0.0029,-0.0008,-14.19,-36.44,-4.19,291.08,-88.62,-139.78
52.394993,-1.432456,140.61,8.65,4,28.76,19 / 20,2963909,2019-09-06 20:09:29:652,0.1877,0.107,9.964,-0.0035,-0.0021,9.8066,-0.0014,-0.0095,-0.0021,-14.19,-37.31,-3.75,291.66,-88.63,-139.15
52.394993,-1.432456,140.61,8.65,4,28.76,19 / 20,2964010,2019-09-06 20:09:29:753,0.0628,-0.1505,10.012,0.001,-0.0006,9.8066,-0.0155,-0.0131,-0.0094,-14.37,-37.31,-4.62,289.19,-88.62,-137.89
52.394993,-1.432456,140.61,8.65,4,28.76,19 / 20,2964109,2019-09-06 20:09:29:852,-0.018,-0.238,9.9441,0.0002,-0.0028,9.8066,-0.0159,-0.0004,0.0008,-14.25,-37.75,-4.56,290.88,-88.62,-136.17
52.394993,-1.432456,140.61,8.65,4,28.76,19 / 20,2964210,2019-09-06 20:09:29:953,0.0316,-0.3044,9.8918,-0.0032,-0.0015,9.8066,-0.0032,0.0028,0.0121,-14.87,-37.25,-4.5,297.98,-88.64,-134.22
52.394993,-1.432456,140.61,8.65,4,28.76,19 / 20,2964310,2019-09-06 20:09:30:053,0.0386,-0.1267,9.9863,-0.0026,0.0004,9.8066,0.0062,0.0149,0.0124,-15.31,-37.31,-4.81,295.32,-88.65,-133.39
52.394993,-1.432456,140.61,8.65,4,28.76,18 / 19,2964410,2019-09-06 20:09:30:153,0.132,0.0422,9.9413,-0.0013,-0.0013,9.8066,0.0072,0.0044,0.007,-14.37,-37.31,-4.87,295.6,-88.68,-131.76
52.394993,-1.432456,140.61,8.65,4,28.76,18 / 19,2964509,2019-09-06 20:09:30:252,-0.0012,-0.1361,9.9609,-0.0037,-0.0011,9.8066,0.014,0.0024,-0.0014,-15.19,-37.06,-5.19,298.27,-88.68,-130.57
52.394993,-1.432456,140.61,8.65,4,28.76,18 / 19,2964610,2019-09-06 20:09:30:353,-0.1486,-0.245,9.952,0.0016,-0.0015,9.8066,-0.0058,-0.0004,-0.0031,-14.75,-36.62,-5.19,299.35,-88.68,-129.52
52.394993,-1.432456,140.61,8.65,4,28.76,18 / 19,2964709,2019-09-06 20:09:30:452,0.1055,-0.041,9.9176,-0.0001,-0.0005,9.8066,-0.0119,-0.0032,0.0055,-15.19,-37.25,-5.25,300.49,-88.67,-128.39
52.394993,-1.432456,140.61,8.65,4,28.76,18 / 19,2964809,2019-09-06 20:09:30:552,0.0895,-0.1496,9.8989,-0.0027,-0.0015,9.8066,0.001,-0.0061,0.0041,-15.31,-37.31,-4.87,301.62,-88.68,-127.31
52.394993,-1.432456,140.61,8.65,4,28.76,18 / 19,2964910,2019-09-06 20:09:30:653,0.1294,-0.0484,9.8731,0,-0.0001,9.8066,0.0142,-0.0048,-0.0051,-15.12,-37.19,-5.06,302.35,-88.69,-126.61
52.394993,-1.432456,140.61,8.65,4,28.76,18 / 19,2965010,2019-09-06 20:09:30:753,0.5041,0.1162,9.8915,-0.0007,-0.0006,9.8066,-0.0004,-0.0053,0.0004,-15.31,-36.94,-4.75,302.54,-88.69,-126.43
52.394993,-1.432456,140.61,8.65,4,28.76,18 / 19,2965109,2019-09-06 20:09:30:852,0.6049,0.1528,9.8842,-0.0012,-0.0016,9.8066,0.0155,-0.0059,0.0064,-14.94,-36.81,-5.19,302.77,-88.67,-126.17
52.394993,-1.432456,140.61,8.65,4,28.76,18 / 19,2965209,2019-09-06 20:09:30:952,0.8393,0.2164,9.7695,0,-0.0017,9.8066,0.0096,0.0027,0.004,-15.12,-36.75,-4.69,303.08,-88.66,-125.85
52.394993,-1.432456,140.61,8.65,4,28.76,18 / 19,2965310,2019-09-06 20:09:31:053,0.66,0.078,9.9491,0.003,-0.0005,9.8066,0.0014,-0.0025,-0.0067,-15.12,-36.94,-4.94,303.61,-88.63,-125.29
52.394993,-1.432456,140.61,8.65,4,28.76,18 / 19,2965409,2019-09-06 20:09:31:152,0.6213,0.1215,9.7764,-0.0026,-0.0006,9.8066,0.0091,0.0051,0.0103,-15.12,-37,-4.69,303.97,-88.65,-124.97
52.394993,-1.432456,140.61,8.65,4,28.76,18 / 19,2965510,2019-09-06 20:09:31:253,1.0427,0.4458,9.7746,0.0008,-0.0011,9.8066,-0.0021,-0.0179,-0.0068,-15.25,-37.25,-4.94,303.43,-88.63,-125.46
52.394993,-1.432456,140.61,8.65,4,28.76,18 / 19,2965609,2019-09-06 20:09:31:352,0.8592,0.1804,9.8297,0.0007,0.0002,9.8066,0.0141,-0.0025,-0.0081,-15.19,-37.25,-4.69,304.06,-88.63,-124.84
52.394993,-1.432456,140.61,8.65,4,28.76,18 / 19,2965710,2019-09-06 20:09:31:453,1.1827,0.3183,9.7199,0.0052,-0.0003,9.8066,0.0031,0.002,0.0024,-14.81,-37.06,-4.19,306.95,-88.62,-125.48
52.394993,-1.432456,140.61,8.65,4,28.76,18 / 19,2965809,2019-09-06 20:09:31:552,1.0814,0.3368,9.8289,-0.0007,-0.0006,9.8066,0.0395,-0.0007,0.0008,-14.81,-37.37,-4.81,303.68,-88.59,-125.13
52.394993,-1.432456,140.61,8.65,4,28.76,18 / 19,2965909,2019-09-06 20:09:31:652,1.2734,0.407,9.7533,-0.0074,-0.0047,9.8066,-0.0293,-0.0079,0.0001,-15.06,-36.75,-5,303,-88.57,-125.74
52.394993,-1.432456,140.61,8.65,4,28.76,18 / 19,2966010,2019-09-06 20:09:31:753,0.7992,0.1963,9.8694,0.0074,0.0031,9.8066,-0.0246,-0.0011,-0.0058,-15.19,-36.87,-4.44,304.97,-88.52,-127.2
52.394993,-1.432456,140.61,8.65,4,28.76,18 / 19,2966110,2019-09-06 20:09:31:853,0.9911,0.3779,9.7678,0.001,-0.0006,9.8066,0.0002,-0.0005,0.0128,-14.87,-37.56,-4.69,302.98,-88.53,-125.62
52.394993,-1.432456,140.61,8.65,4,28.76,18 / 19,2966209,2019-09-06 20:09:31:952,0.864,0.4539,9.8582,-0.0009,-0.0019,9.8066,0.0026,-0.0111,-0.008,-14.94,-37.12,-5.06,303.06,-88.54,-125.62
52.394993,-1.432456,140.61,8.65,4,28.76,18 / 19,2966310,2019-09-06 20:09:32:053,0.9448,0.2283,9.6853,-0.0007,-0.0005,9.8066,-0.0007,0.017,0.0064,-15,-36.94,-4.94,303.67,-88.52,-125
52.394993,-1.432456,140.61,8.65,4,28.76,18 / 20,2966409,2019-09-06 20:09:32:152,0.9679,0.3567,9.8679,-0.0015,-0.002,9.8066,-0.0002,0.0153,0.0125,-15.19,-37.12,-5.19,304.5,-88.53,-124.21
52.394993,-1.432456,140.61,8.65,4,28.76,18 / 20,2966509,2019-09-06 20:09:32:252,0.8958,0.316,9.7702,-0.0012,-0.0029,9.8066,-0.0126,-0.0044,-0.0105,-15,-36.62,-5,305,-88.5,-123.68
52.394993,-1.432456,140.61,8.65,4,28.76,18 / 20,2966609,2019-09-06 20:09:32:352,1.0009,0.4041,9.7948,0.0007,0.0011,9.8066,0.0138,-0.0062,0.0064,-14.87,-37,-4.94,305.2,-88.51,-123.5
52.394993,-1.432456,140.61,8.65,4,28.76,18 / 20,2966709,2019-09-06 20:09:32:452,1.0314,0.306,9.7167,0.0013,-0.0003,9.8066,-0.0184,-0.0006,0.0002,-15.12,-37,-5.25,305.09,-88.49,-123.59
52.394993,-1.432456,140.61,8.65,4,28.76,18 / 20,2966809,2019-09-06 20:09:32:552,1.1856,0.4132,9.766,0.002,0.0011,9.8066,-0.0132,0.0096,-0.0008,-14.94,-36.81,-5,305.64,-88.48,-123.02
52.394993,-1.432456,140.61,8.65,4,28.76,18 / 20,2966909,2019-09-06 20:09:32:652,0.7711,0.3017,9.8883,0.0034,0.0009,9.8066,0.0167,-0.0215,-0.0028,-15.25,-37.06,-5.06,305.47,-88.48,-123.18
52.394993,-1.432456,140.61,8.65,4,28.76,18 / 20,2967010,2019-09-06 20:09:32:753,0.892,0.4662,9.8364,-0.0002,-0.0008,9.8066,0.0037,-0.0003,-0.0134,-15.5,-36.62,-5.56,301.74,-88.47,-123.47
52.394993,-1.432456,140.61,8.65,4,28.76,18 / 20,2967110,2019-09-06 20:09:32:853,0.8724,0.3285,9.7815,0.0007,0.0004,9.8066,0.0083,0.0141,0.0129,-14.5,-36.87,-5.25,302.82,-88.47,-124.31
52.394993,-1.432456,140.61,8.65,4,28.76,18 / 20,2967209,2019-09-06 20:09:32:952,1.0547,0.2738,9.7666,-0.0005,-0.0031,9.8066,0.0116,-0.0192,-0.0007,-14.81,-36.5,-4.94,304.44,-88.44,-124.19
52.394993,-1.432456,140.61,8.65,4,28.76,18 / 20,2967309,2019-09-06 20:09:33:052,0.9289,0.2875,9.9065,-0.001,-0.0024,9.8066,-0.0077,0.0048,-0.0023,-14.75,-36.25,-4.69,304.52,-88.42,-124.06
52.395172,-1.432295,140.98,0,6,28.32,18 / 19,2967409,2019-09-06 20:09:33:152,0.996,0.3568,9.8358,0.0051,-0.0008,9.8066,-0.0082,-0.0086,-0.0133,-15.06,-35.62,-4.69,304.06,-88.42,-124.51
52.395172,-1.432295,140.98,0,6,28.32,18 / 19,2967510,2019-09-06 20:09:33:253,1.0733,0.3635,9.7109,0.0022,0.0013,9.8066,-0.0077,-0.0109,-0.0002,-15.5,-35.87,-4.94,303.12,-88.37,-125.32
52.395172,-1.432295,140.98,0,6,28.32,18 / 19,2967610,2019-09-06 20:09:33:353,0.8858,0.324,9.8295,0.0025,0.001,9.8066,-0.0019,-0.0223,0.0024,-15.81,-36.12,-5.62,300.97,-88.36,-125.5
52.395172,-1.432295,140.98,0,6,28.32,18 / 19,2967710,2019-09-06 20:09:33:453,0.9794,0.3262,9.7328,0.0041,0.001,9.8066,-0.0012,0.0037,-0.0061,-15.19,-35.62,-5.06,301.93,-88.34,-126.41
52.395172,-1.432295,140.98,0,6,28.32,18 / 19,2967810,2019-09-06 20:09:33:553,1.0226,0.3666,9.7977,0.0014,0.0013,9.8066,0.0084,0.0091,0.0141,-15.69,-35.62,-5.56,298.97,-88.32,-127.36
52.395172,-1.432295,140.98,0,6,28.32,18 / 19,2967909,2019-09-06 20:09:33:652,0.9356,0.2632,9.6663,0.0022,-0.0012,9.8066,0.014,-0.0174,-0.007,-15.62,-36.06,-5.31,302.26,-88.3,-127.28
52.395172,-1.432295,140.98,0,6,28.32,18 / 19,2968010,2019-09-06 20:09:33:753,0.8838,0.3529,9.9674,0.0105,0.0077,9.8066,0.0221,-0.0123,-0.0147,-15.62,-36.31,-5.12,299.15,-88.22,-130.14
52.395172,-1.432295,140.98,0,6,28.32,18 / 19,2968110,2019-09-06 20:09:33:853,0.7677,0.3327,9.8428,0.0006,0.0013,9.8066,-0.0005,-0.001,0.0193,-14.81,-36.5,-3.94,301.37,-88.23,-130.17
52.395172,-1.432295,140.98,0,6,28.32,18 / 19,2968210,2019-09-06 20:09:33:953,0.8972,0.3172,9.7485,0.0052,0,9.8066,-0.0268,0.015,-0.0085,-15.44,-36.75,-4.19,300.75,-88.22,-130.64
52.395172,-1.432295,140.98,0,6,28.32,18 / 19,2968310,2019-09-06 20:09:34:053,0.9045,0.4018,9.8627,0.0031,0.0015,9.8066,0.0097,-0.0219,0.008,-15.37,-37.12,-4.75,296.19,-88.19,-131.56
52.395172,-1.432295,140.98,0,6,28.32,18 / 19,2968409,2019-09-06 20:09:34:152,0.7284,0.2246,9.7949,0.0042,0.0011,9.8066,-0.0122,-0.0097,-0.0069,-15,-37.19,-4.31,298.21,-88.14,-132.94
52.395172,-1.432295,140.98,0,6,28.32,18 / 19,2968510,2019-09-06 20:09:34:253,0.8839,0.4291,9.7744,0.0011,0.0003,9.8066,0.0195,0.0049,0.0057,-14.56,-36.56,-4.87,294.18,-88.13,-133.38
52.395172,-1.432295,140.98,0,6,28.32,18 / 19,2968610,2019-09-06 20:09:34:353,0.8793,0.3241,9.8853,0.0035,0.0012,9.8066,0.0024,0.0062,-0.0009,-15.44,-37.37,-5.12,292.15,-88.07,-135.21
52.395172,-1.432295,140.98,0,6,28.32,18 / 19,2968710,2019-09-06 20:09:34:453,0.7467,0.2887,9.8146,0.0023,0.0011,9.8066,0.0035,0.0103,0.0164,-15,-37.12,-4.69,291.58,-88.04,-135.71
52.395172,-1.432295,140.98,0,6,28.32,18 / 19,2968810,2019-09-06 20:09:34:553,0.8578,0.4444,9.8417,0.0031,-0.0001,9.8066,-0.0059,0.0005,-0.0028,-15.25,-37.25,-4.5,294.49,-88.02,-136.27
52.395172,-1.432295,140.98,0,6,28.32,18 / 19,2968910,2019-09-06 20:09:34:653,0.8635,0.3145,9.8612,0.0006,0,9.8066,0.0043,-0.0197,0.0032,-14.94,-37.37,-4.81,290.2,-87.97,-136.89
52.395172,-1.432295,140.98,0,6,28.32,18 / 19,2969010,2019-09-06 20:09:34:753,0.6385,0.2551,9.8018,0.0073,0.0017,9.8066,-0.0092,-0.0122,-0.0117,-15.37,-37.19,-5.19,288.82,-87.9,-138.08
52.395172,-1.432295,140.98,0,6,28.32,18 / 19,2969110,2019-09-06 20:09:34:853,0.825,0.403,9.8292,0.0047,0.0021,9.8066,0.0419,-0.009,0.0003,-15.5,-36.75,-4.94,287.69,-87.86,-139.09
52.395172,-1.432295,140.98,0,6,28.32,18 / 19,2969209,2019-09-06 20:09:34:952,1.0262,0.4359,10.0197,-0.0045,-0.0037,9.8066,0.0464,0.0004,-0.0054,-15.06,-37.37,-4.87,287.7,-87.86,-139.08
52.395172,-1.432295,140.98,0,6,28.32,18 / 19,2969310,2019-09-06 20:09:35:053,0.7608,0.371,9.9154,-0.008,-0.0032,9.8066,-0.026,0.0136,0.016,-14.87,-37.69,-5.56,283.55,-87.84,-139.7
52.395172,-1.432295,140.98,0,6,28.32,18 / 19,2969410,2019-09-06 20:09:35:153,0.8111,0.4863,9.7993,0.0113,0.0027,9.8066,-0.0194,0.0104,0.0069,-15.37,-37.5,-4.5,289.7,-87.81,-140.43
52.395172,-1.432295,140.98,0,6,28.32,18 / 19,2969511,2019-09-06 20:09:35:254,0.6512,0.2629,9.8037,0.008,0.0032,9.8065,-0.0045,-0.0213,0.0165,-15.37,-36.87,-4.75,284.49,-87.71,-141.86
52.395172,-1.432295,140.98,0,6,28.32,18 / 19,2969610,2019-09-06 20:09:35:353,0.713,0.28,9.7683,0.0064,-0.0001,9.8066,-0.0106,-0.015,-0.0115,-15.19,-37,-4.75,283.99,-87.66,-142.24
52.395172,-1.432295,140.98,0,6,28.32,18 / 19,2969709,2019-09-06 20:09:35:452,0.6898,0.5178,9.8402,0.0034,0.0017,9.8066,-0.0108,-0.0133,-0.0023,-14.94,-37.31,-5.12,283.48,-87.63,-142.68
52.395172,-1.432295,140.98,0,6,28.32,18 / 19,2969810,2019-09-06 20:09:35:553,0.7455,0.3031,9.8789,0.0034,0.0004,9.8066,0.0134,-0.0146,-0.0119,-15.19,-36.87,-4.94,282.95,-87.6,-143.11
52.395172,-1.432295,140.98,0,6,28.32,18 / 19,2969910,2019-09-06 20:09:35:653,0.5702,0.2215,9.8135,0.0031,0.0017,9.8066,-0.0065,-0.0124,0.0042,-15.56,-36.87,-5.12,283.7,-87.55,-143.67
52.395172,-1.432295,140.98,0,6,28.32,18 / 19,2970010,2019-09-06 20:09:35:753,0.7141,0.4365,9.7398,0.0043,0.002,9.8066,-0.0039,0.0131,-0.0057,-14.87,-36.81,-4.94,281.05,-87.49,-144.73
52.395172,-1.432295,140.98,0,6,28.32,18 / 19,2970109,2019-09-06 20:09:35:852,0.8096,0.3205,9.8749,0.0024,0.001,9.8066,0.0005,0.0074,0.0133,-15.06,-36.75,-4.87,280.4,-87.46,-145.31
52.395172,-1.432295,140.98,0,6,28.32,18 / 19,2970210,2019-09-06 20:09:35:953,0.5854,0.3156,9.8995,0.0055,0.0027,9.8066,0.0006,0.015,0.003,-14.94,-36.75,-5.06,279.1,-87.38,-146.4
52.395172,-1.432295,140.98,0,6,28.32,18 / 19,2970310,2019-09-06 20:09:36:053,0.6838,0.2924,9.687,0.0048,0.0029,9.8066,-0.0038,0.014,0.0087,-14.75,-37,-4.87,278.35,-87.35,-147.05
52.395172,-1.432295,140.98,0,6,28.32,17 / 18,2970409,2019-09-06 20:09:36:152,0.7583,0.3545,9.9364,0.0013,0,9.8066,0.0152,0.002,0.0053,-15.06,-37.31,-4.87,277.81,-87.29,-147.46
52.395172,-1.432295,140.98,0,6,28.32,17 / 18,2970510,2019-09-06 20:09:36:253,0.7069,0.212,9.8161,0.0074,0.0027,9.8066,-0.0356,-0.0119,-0.0052,-15.06,-37.25,-4.44,280.82,-87.25,-147.79
52.395172,-1.432295,140.98,0,6,28.32,17 / 18,2970610,2019-09-06 20:09:36:353,0.5949,0.2977,9.6803,0.0068,0.0028,9.8066,-0.0245,-0.0223,-0.0023,-14.87,-36.69,-5.12,276.4,-87.19,-148.6
52.395172,-1.432295,140.98,0,6,28.32,17 / 18,2970710,2019-09-06 20:09:36:453,0.85,0.4685,9.8725,0.0103,0.0032,9.8066,0.0169,-0.0098,0.0007,-15,-36.56,-5.06,276.04,-87.15,-148.87
52.395172,-1.432295,140.98,0,6,28.32,17 / 18,2970810,2019-09-06 20:09:36:553,0.7198,0.2706,9.8635,0.0031,0.0029,9.8066,0.0338,-0.0157,-0.0063,-15.06,-37,-5.31,274.81,-87.07,-149.9
52.395172,-1.432295,140.98,0,6,28.32,17 / 18,2970910,2019-09-06 20:09:36:653,0.6289,0.2344,9.618,0.0049,0.0042,9.8066,-0.0385,0.0188,-0.0006,-14.94,-37.19,-5,273.81,-87.03,-150.79
52.395172,-1.432295,140.98,0,6,28.32,17 / 18,2971009,2019-09-06 20:09:36:752,0.6808,0.3441,9.7857,0.0032,0.0019,9.8066,-0.0143,0.0195,0.0218,-14.94,-36.69,-5.25,273.09,-86.99,-151.42
52.395172,-1.432295,140.98,0,6,28.32,17 / 18,2971111,2019-09-06 20:09:36:854,0.4615,0.1581,9.8396,0.002,-0.0005,9.8066,0.0008,0.002,-0.0019,-14.75,-37.12,-4.87,272.76,-86.93,-151.6
52.395172,-1.432295,140.98,0,6,28.32,17 / 18,2971210,2019-09-06 20:09:36:953,0.6825,0.2395,9.704,-0.0001,-0.0002,9.8066,0.0142,-0.0135,0.0053,-15.44,-36.94,-4.94,272.57,-86.9,-151.71
52.395172,-1.432295,140.98,0,6,28.32,17 / 18,2971310,2019-09-06 20:09:37:053,0.7536,0.4063,9.8903,0.0033,0.0014,9.8066,0.0023,-0.0072,-0.0053,-14.87,-37.19,-5,272.1,-86.85,-152.07
52.395172,-1.432295,140.98,0,6,28.32,18 / 19,2971410,2019-09-06 20:09:37:153,0.6878,0.3766,9.7563,0.0008,0.0005,9.8066,-0.0114,-0.0135,0.0005,-15.19,-36.87,-5.12,271.61,-86.82,-152.48
52.395172,-1.432295,140.98,0,6,28.32,18 / 19,2971509,2019-09-06 20:09:37:252,0.5057,0.2,9.7229,0.0037,0.0021,9.8066,0.0008,-0.0064,-0.0046,-15.37,-36.5,-4.56,271.26,-86.77,-152.92
52.395172,-1.432295,140.98,0,6,28.32,18 / 19,2971610,2019-09-06 20:09:37:353,0.6302,0.2275,9.8872,0.0013,0.0006,9.8066,0.0097,-0.0031,-0.0049,-14.69,-36.69,-4.75,270.78,-86.73,-153.11
52.395172,-1.432295,140.98,0,6,28.32,18 / 19,2971710,2019-09-06 20:09:37:453,0.5389,0.3333,9.8404,0.0058,0.002,9.8066,0.0039,0.0086,0.0067,-15.06,-36.81,-4.87,270.39,-86.7,-153.42
52.395172,-1.432295,140.98,0,6,28.32,18 / 19,2971809,2019-09-06 20:09:37:552,0.6035,0.2847,9.7388,0.0035,0.0016,9.8066,0.0038,-0.0098,-0.0095,-15.19,-37.06,-4.69,270.02,-86.65,-153.68
52.395172,-1.432295,140.98,0,6,28.32,18 / 19,2971910,2019-09-06 20:09:37:653,0.5756,0.2191,9.8673,0.0055,0.0007,9.8066,0.0084,-0.0098,-0.0029,-15.19,-37.12,-5.12,269.33,-86.61,-154.27
52.395172,-1.432295,140.98,0,6,28.32,18 / 19,2972009,2019-09-06 20:09:37:752,0.4675,0.1868,9.8195,0.0034,0.0018,9.8065,-0.006,-0.0025,0.0057,-15.12,-36.75,-4.19,272.2,-86.53,-154.57
52.395172,-1.432295,140.98,0,6,28.32,18 / 19,2972109,2019-09-06 20:09:37:852,0.4606,0.3652,9.8656,0.0049,0.0031,9.8066,-0.014,0.0164,-0.0054,-14.62,-37.56,-4.94,268.2,-86.49,-154.91
52.395172,-1.432295,140.98,0,6,28.32,18 / 19,2972210,2019-09-06 20:09:37:953,0.5066,0.2319,9.7936,0.0027,0.0011,9.8066,0.0031,-0.015,0.0065,-15.31,-37,-4.44,271.24,-86.44,-155.31
52.395172,-1.432295,140.98,0,6,28.32,18 / 19,2972310,2019-09-06 20:09:38:053,0.3758,0.27,9.8514,0.0065,0.002,9.8066,-0.0221,-0.0084,-0.0134,-15.12,-37.06,-4.81,267.33,-86.38,-155.75
52.395172,-1.432295,140.98,0,6,28.32,17 / 19,2972410,2019-09-06 20:09:38:153,0.3876,0.2418,9.944,0.0038,0.0018,9.8066,0.0217,-0.0032,0.005,-15.25,-36.69,-4.62,266.96,-86.36,-156.06
52.395172,-1.432295,140.98,0,6,28.32,17 / 19,2972509,2019-09-06 20:09:38:252,0.5427,0.319,9.7749,0.0033,0.0013,9.8066,-0.0018,0.0104,0.0028,-15.12,-37.37,-5.19,266.36,-86.3,-156.52
52.395172,-1.432295,140.98,0,6,28.32,17 / 19,2972610,2019-09-06 20:09:38:353,0.4795,0.2236,9.8294,0.0038,0.0033,9.8066,0.0117,0.0036,0.0072,-14.94,-37.5,-4.87,265.89,-86.25,-156.89
52.395172,-1.432295,140.98,0,6,28.32,17 / 19,2972709,2019-09-06 20:09:38:452,0.3176,0.1851,9.9429,0.0009,0.0004,9.8066,-0.0013,-0.0145,-0.0044,-15.5,-37,-5.25,265.38,-86.22,-157.32
52.395172,-1.432295,140.98,0,6,28.32,17 / 19,2972810,2019-09-06 20:09:38:553,0.4907,0.3024,9.7913,-0.0014,-0.0007,9.8066,-0.0004,-0.0133,0.0016,-15.25,-36.69,-4.56,265.06,-86.18,-157.56
52.395172,-1.432295,140.98,0,6,28.32,17 / 19,2972909,2019-09-06 20:09:38:652,0.5537,0.2915,9.8594,0.0062,0.0029,9.8066,-0.0077,-0.0179,-0.0043,-15.12,-37,-4.94,264.48,-86.11,-157.99
52.395172,-1.432295,140.98,0,6,28.32,17 / 19,2973009,2019-09-06 20:09:38:752,0.3544,0.1923,9.8936,0.0031,0.0015,9.8066,0.0035,0.0171,0.0101,-15.25,-37,-5.19,264.13,-86.08,-158.26
52.395172,-1.432295,140.98,0,6,28.32,17 / 19,2973109,2019-09-06 20:09:38:852,0.4664,0.3517,9.8256,0.007,0.0028,9.8066,-0.0013,-0.0003,0.0087,-15.12,-36.75,-5.56,260.45,-86.01,-158.72
52.395172,-1.432295,140.98,0,6,28.32,17 / 19,2973209,2019-09-06 20:09:38:952,0.5233,0.1878,9.8719,0.0056,0.0029,9.8066,0.0094,-0.002,0.0025,-15.06,-37.06,-4.19,266.49,-85.96,-158.92
52.395172,-1.432295,140.98,0,6,28.32,17 / 19,2973309,2019-09-06 20:09:39:052,0.3691,0.152,9.8452,-0.0005,0.0007,9.8066,0.0106,-0.0173,-0.0008,-15.12,-37.44,-4.75,262.88,-85.93,-159.19
52.395172,-1.432295,140.98,0,6,28.32,17 / 18,2973409,2019-09-06 20:09:39:152,0.4632,0.3701,9.8757,0.0022,0.001,9.8065,-0.0055,-0.0022,0.0006,-14.56,-37.19,-4.25,265.84,-85.88,-159.38
52.395172,-1.432295,140.98,0,6,28.32,17 / 18,2973510,2019-09-06 20:09:39:253,0.5239,0.2586,9.8713,0.0031,0.0003,9.8066,0.0002,0.0007,0.006,-14.56,-37.44,-4.75,262.13,-85.84,-159.74
52.395172,-1.432295,140.98,0,6,28.32,17 / 18,2973610,2019-09-06 20:09:39:353,0.4254,0.161,9.7827,0.0032,0.0009,9.8066,-0.0037,0.0081,0.0042,-15.19,-37.25,-5.12,261.86,-85.79,-159.9
52.395172,-1.432295,140.98,0,6,28.32,17 / 18,2973710,2019-09-06 20:09:39:453,0.5143,0.2821,9.9144,0.0045,0.0024,9.8066,0.004,-0.0145,0.0088,-15.56,-36.94,-5,262.99,-85.73,-160.26
52.395172,-1.432295,140.98,0,6,28.32,17 / 18,2973809,2019-09-06 20:09:39:552,0.4202,0.2187,9.857,0.0049,0.0021,9.8066,0.0051,-0.0111,-0.0051,-15.31,-36.56,-5,261.2,-85.69,-160.34
52.395172,-1.432295,140.98,0,6,28.32,17 / 18,2973909,2019-09-06 20:09:39:652,0.4803,0.2001,9.7759,0.0001,0.0014,9.8066,0.0171,-0.01,0.0059,-14.87,-36.69,-4.75,261.13,-85.67,-160.36
52.395172,-1.432295,140.98,0,6,28.32,17 / 18,2974010,2019-09-06 20:09:39:753,0.4619,0.201,9.8959,0.0016,0.0005,9.8066,-0.0127,0.0239,-0.0031,-15.19,-37.19,-4.94,260.82,-85.63,-160.6
52.395172,-1.432295,140.98,0,6,28.32,17 / 18,2974110,2019-09-06 20:09:39:853,0.3987,0.1566,9.816,0.0004,0.0001,9.8066,0.0107,0.0023,0.007,-15.06,-36.94,-5,260.46,-85.59,-160.88
52.395172,-1.432295,140.98,0,6,28.32,17 / 18,2974210,2019-09-06 20:09:39:953,0.5251,0.2728,9.7819,0.0016,0.0003,9.8066,-0.013,-0.0116,-0.0057,-14.94,-37.12,-4.69,260.21,-85.54,-161.03
52.395172,-1.432295,140.98,0,6,28.32,17 / 18,2974310,2019-09-06 20:09:40:053,0.3785,0.1215,9.8872,0.0034,0.002,9.8066,-0.0029,-0.0116,-0.0012,-15.44,-36.62,-4.44,263.01,-85.49,-161.34
52.395172,-1.432295,140.98,0,6,28.32,17 / 19,2974409,2019-09-06 20:09:40:152,0.4056,0.2021,9.8426,0.0054,0.0022,9.8066,0.0066,-0.0032,-0.0055,-15.25,-37,-4.37,262.75,-85.46,-161.51
52.395172,-1.432295,140.98,0,6,28.32,17 / 19,2974510,2019-09-06 20:09:40:253,0.4652,0.2673,9.9,0.0006,0.0019,9.8066,0.0183,-0.001,0.0119,-14.94,-37.12,-4.87,259.23,-85.41,-161.75
52.395172,-1.432295,140.98,0,6,28.32,17 / 19,2974610,2019-09-06 20:09:40:353,0.3848,0.0755,9.7139,0.0052,0.0033,9.8066,-0.0138,0.0157,0.0023,-15.69,-36.81,-5.19,260.57,-85.38,-161.97
52.395172,-1.432295,140.98,0,6,28.32,17 / 19,2974709,2019-09-06 20:09:40:452,0.3266,0.2824,9.8013,-0.0027,-0.002,9.8066,0.0118,0.0064,0.0106,-15.44,-36.87,-4.37,262.01,-85.36,-162.04
52.395172,-1.432295,140.98,0,6,28.32,17 / 19,2974809,2019-09-06 20:09:40:552,0.4843,0.3601,9.8887,0.0001,-0.0006,9.8066,-0.0241,-0.0101,-0.0004,-14.87,-36.94,-5.25,258.62,-85.32,-162.16
52.395172,-1.432295,140.98,0,6,28.32,17 / 19,2974910,2019-09-06 20:09:40:653,0.3022,0.0722,9.815,0.0035,0.0019,9.8066,0.0005,-0.0129,0.0012,-15.25,-37.12,-5.06,258.56,-85.3,-162.18
52.395172,-1.432295,140.98,0,6,28.32,17 / 19,2975010,2019-09-06 20:09:40:753,0.3003,0.1561,9.7837,0.0044,0.0028,9.8066,0.0019,-0.0138,-0.0105,-14.69,-37,-4.94,258.33,-85.25,-162.3
52.395172,-1.432295,140.98,0,6,28.32,17 / 19,2975109,2019-09-06 20:09:40:852,0.5957,0.3803,9.7983,0.0001,0.001,9.8066,0.0275,-0.008,-0.0002,-15.19,-36.69,-5.12,258.11,-85.24,-162.5
52.395172,-1.432295,140.98,0,6,28.32,17 / 19,2975210,2019-09-06 20:09:40:953,0.2711,0.0857,9.861,-0.0015,-0.0011,9.8066,-0.0035,0.0009,0.0026,-14.87,-36.75,-5.06,257.92,-85.2,-162.6
52.395172,-1.432295,140.98,0,6,28.32,17 / 19,2975310,2019-09-06 20:09:41:053,0.231,0.0662,9.7491,-0.0023,-0.0004,9.8066,0.0067,0.0155,0.0105,-15.44,-36.81,-5.25,257.84,-85.2,-162.69
52.395172,-1.432295,140.98,0,6,28.32,18 / 19,2975409,2019-09-06 20:09:41:152,0.5074,0.3184,9.785,0.0006,-0.0001,9.8066,-0.0024,0.0148,0.0043,-15.62,-36.81,-4.69,259.33,-85.17,-162.79
52.395172,-1.432295,140.98,0,6,28.32,18 / 19,2975510,2019-09-06 20:09:41:253,0.3774,0.0755,9.9419,0.0029,0.0025,9.8066,-0.0005,-0.004,0.011,-15.37,-36.87,-4.44,260.74,-85.16,-162.87
52.395172,-1.432295,140.98,0,6,28.32,18 / 19,2975609,2019-09-06 20:09:41:352,0.2278,0.0713,9.797,0.0004,-0.0006,9.8066,0.0056,-0.0044,-0.006,-15,-37.5,-5.31,257.32,-85.12,-163.06
52.395172,-1.432295,140.98,0,6,28.32,18 / 19,2975709,2019-09-06 20:09:41:452,0.4551,0.157,9.7443,0.0002,0.0014,9.8065,0.0114,-0.0303,-0.0028,-15.06,-37.06,-5.44,257.15,-85.11,-163.2
52.395172,-1.432295,140.98,0,6,28.32,18 / 19,2975809,2019-09-06 20:09:41:552,0.3193,0.1735,9.943,0.0011,0.0004,9.8066,0.0048,-0.0136,-0.0053,-15.62,-36.87,-5.12,258.75,-85.08,-163.21
52.395172,-1.432295,140.98,0,6,28.32,18 / 19,2975909,2019-09-06 20:09:41:652,0.1296,0.0472,9.8532,0.0021,0.0005,9.8066,0.0021,-0.009,-0.0065,-15.25,-36.56,-4.56,256.88,-85.07,-163.4
52.395172,-1.432295,140.98,0,6,28.32,18 / 19,2976010,2019-09-06 20:09:41:753,0.3795,0.1202,9.7907,-0.0002,0.0007,9.8066,0.0095,0.008,0.0089,-14.87,-37.06,-4.75,256.76,-85.06,-163.49
52.395172,-1.432295,140.98,0,6,28.32,18 / 19,2976111,2019-09-06 20:09:41:854,0.4057,0.3213,9.9092,0.006,0.0029,9.8065,-0.0056,0.009,0.0016,-14.94,-36.81,-5.31,256.63,-85.06,-163.62
52.395172,-1.432295,140.98,0,6,28.32,18 / 19,2976211,2019-09-06 20:09:41:954,0.1894,0.102,9.9226,0.0033,0.0017,9.8066,0.0025,0.0156,0.0122,-15.25,-36.81,-4.94,256.36,-85,-163.79
52.395172,-1.432295,140.98,0,6,28.32,18 / 19,2976310,2019-09-06 20:09:42:053,0.2834,0.0183,9.8311,-0.0016,-0.0025,9.8066,-0.0002,-0.0016,0.0032,-14.87,-37.31,-4.75,256.48,-85.01,-163.68
52.395172,-1.432295,140.98,0,6,28.32,17 / 18,2976409,2019-09-06 20:09:42:152,0.3458,0.2101,9.8534,-0.0031,-0.0017,9.8066,-0.0039,-0.008,0.0027,-14.94,-37.19,-4.44,259.63,-85,-163.63
52.395172,-1.432295,140.98,0,6,28.32,17 / 18,2976510,2019-09-06 20:09:42:253,0.2115,0.1417,9.9332,0.003,0.0014,9.8066,-0.0067,-0.0182,-0.008,-15.56,-36.87,-4.81,258.1,-84.97,-163.63
52.395172,-1.432295,140.98,0,6,28.32,17 / 18,2976610,2019-09-06 20:09:42:353,0.1453,0.0269,9.8958,0.0017,0.0014,9.8066,0.0201,-0.0096,0.0016,-15.31,-36.87,-5.75,253.39,-84.96,-163.7
52.395172,-1.432295,140.98,0,6,28.32,17 / 18,2976710,2019-09-06 20:09:42:453,0.3398,0.2218,9.8415,0.0016,0.0008,9.8066,-0.0028,0.0015,0.0008,-14.94,-36.69,-4.94,256.2,-84.94,-163.8
52.395172,-1.432295,140.98,0,6,28.32,17 / 18,2976810,2019-09-06 20:09:42:553,0.1434,0.1232,9.9108,0.0016,0.0023,9.8066,0.0147,0.011,0.0117,-15,-37.19,-5.37,256.05,-84.91,-163.9
52.395172,-1.432295,140.98,0,6,28.32,17 / 18,2976910,2019-09-06 20:09:42:653,0.2104,0.016,9.8998,0.001,-0.0009,9.8066,-0.0063,0.0045,0.0036,-14.94,-36.94,-5,255.99,-84.89,-163.92
52.395172,-1.432295,140.98,0,6,28.32,17 / 18,2977010,2019-09-06 20:09:42:753,0.3803,0.2661,9.8588,-0.0009,-0.0004,9.8066,-0.0116,-0.0118,0.0025,-14.94,-37.37,-5,255.98,-84.88,-163.91
52.395172,-1.432295,140.98,0,6,28.32,17 / 18,2977110,2019-09-06 20:09:42:853,0.18,0.1666,9.9099,0.0046,0.0012,9.8066,-0.0161,-0.0189,-0.0125,-14.94,-37.19,-4.94,255.84,-84.84,-163.96
52.395172,-1.432295,140.98,0,6,28.32,17 / 18,2977210,2019-09-06 20:09:42:953,0.1907,-0.0066,9.8423,0.001,0.0023,9.8066,0.0207,-0.0042,0.0082,-14.56,-36.94,-4.44,258.84,-84.84,-164.07
52.395172,-1.432295,140.98,0,6,28.32,17 / 18,2977310,2019-09-06 20:09:43:053,0.3407,0.3005,9.8646,0.0008,0.0008,9.8066,0.0048,0.0071,0.0005,-15,-37.06,-4.69,255.66,-84.83,-164.12
52.395172,-1.432295,140.98,0,6,28.32,17 / 18,2977409,2019-09-06 20:09:43:152,0.1823,0.1415,9.884,0.0009,0.0018,9.8066,0.0046,0.0029,0.0111,-15.12,-37.12,-4.5,258.55,-84.8,-164.29
52.395172,-1.432295,140.98,0,6,28.32,17 / 18,2977509,2019-09-06 20:09:43:252,0.3228,0.065,9.8394,0.0002,-0.0009,9.8066,0.0115,-0.0077,-0.0027,-15.19,-36.75,-4.5,258.45,-84.78,-164.36
52.395172,-1.432295,140.98,0,6,28.32,17 / 18,2977609,2019-09-06 20:09:43:352,0.315,0.1987,9.9486,-0.0024,-0.0009,9.8066,-0.0042,-0.014,0.0074,-15.56,-37.31,-5.44,256.98,-84.76,-164.36
52.395172,-1.432295,140.98,0,6,28.32,17 / 18,2977710,2019-09-06 20:09:43:453,0.1287,0.1002,9.8783,0.0048,0.0022,9.8066,-0.0055,-0.0174,-0.0028,-15.19,-37.12,-4.87,255.28,-84.75,-164.35
52.395172,-1.432295,140.98,0,6,28.32,17 / 18,2977810,2019-09-06 20:09:43:553,0.3285,0.1017,9.7492,0.0029,0.0024,9.8066,0.0089,0.0131,0.0086,-15.44,-37.25,-5.06,255.03,-84.7,-164.51
52.395172,-1.432295,140.98,0,6,28.32,17 / 18,2977910,2019-09-06 20:09:43:653,0.3506,0.1811,9.8868,0.0011,-0.0005,9.8066,0.0005,0.0008,0.0106,-15.25,-37.12,-4.75,254.91,-84.7,-164.63
52.395172,-1.432295,140.98,0,6,28.32,17 / 18,2978010,2019-09-06 20:09:43:753,0.0228,0.0256,9.8244,0.0037,0.0014,9.8066,0.0185,-0.0026,0.0076,-14.69,-37.06,-4.75,254.86,-84.67,-164.6
52.395172,-1.432295,140.98,0,6,28.32,17 / 18,2978110,2019-09-06 20:09:43:853,0.3959,0.1696,9.7747,-0.0016,-0.0019,9.8066,0.0253,-0.0216,-0.0041,-15.44,-37.25,-4.87,254.89,-84.67,-164.58
52.395172,-1.432295,140.98,0,6,28.32,17 / 18,2978209,2019-09-06 20:09:43:952,0.3525,0.2089,9.966,-0.0023,-0.002,9.8065,-0.0147,-0.0164,-0.0027,-15,-37.12,-5,254.87,-84.65,-164.56
52.395172,-1.432295,140.98,0,6,28.32,17 / 18,2978309,2019-09-06 20:09:44:052,0.1066,0.0455,9.8578,0.0034,0.0026,9.8066,-0.0086,-0.0162,0.0034,-15.19,-37.56,-5.5,254.45,-84.64,-164.64
52.395172,-1.432295,140.98,0,6,28.32,18 / 19,2978410,2019-09-06 20:09:44:153,0.3517,0.0625,9.7662,-0.0024,0.0005,9.8065,0.0125,0.0137,0.0085,-15.37,-36.75,-5.06,254.6,-84.6,-164.71
52.395172,-1.432295,140.98,0,6,28.32,18 / 19,2978509,2019-09-06 20:09:44:252,0.273,0.2053,9.9142,0.0018,0,9.8066,0.0039,0.005,0.0066,-15.12,-36.94,-4.75,254.48,-84.6,-164.84
52.395172,-1.432295,140.98,0,6,28.32,18 / 19,2978610,2019-09-06 20:09:44:353,0.0651,0.065,9.8465,-0.0003,-0.0004,9.8066,0.0068,-0.0026,0.009,-15.25,-36.94,-4.87,254.51,-84.58,-164.78
52.395172,-1.432295,140.98,0,6,28.32,18 / 19,2978709,2019-09-06 20:09:44:452,0.2459,0.0248,9.7812,-0.0002,-0.0001,9.8066,0.0054,-0.0162,0.0055,-15.19,-36.25,-5.19,254.78,-84.58,-164.82
52.395172,-1.432295,140.98,0,6,28.32,18 / 19,2978810,2019-09-06 20:09:44:553,0.3542,0.1638,9.9216,-0.0006,-0.001,9.8066,-0.0039,-0.0206,-0.0098,-15.06,-36.56,-4.44,257.58,-84.57,-164.77
52.395172,-1.432295,140.98,0,6,28.32,18 / 19,2978910,2019-09-06 20:09:44:653,0.0773,0.0426,9.8585,0.0026,0.0019,9.8066,-0.0065,-0.0253,-0.0063,-15,-37.19,-4.94,254.39,-84.57,-164.87
52.395172,-1.432295,140.98,0,6,28.32,18 / 19,2979010,2019-09-06 20:09:44:753,0.1868,0.0185,9.8267,0.0011,0.0004,9.8066,0.0187,-0.001,0.0092,-15.25,-36.62,-5.62,251.34,-84.54,-164.97
52.395172,-1.432295,140.98,0,6,28.32,18 / 19,2979110,2019-09-06 20:09:44:853,0.2604,0.2316,9.9239,0.0037,0.0018,9.8066,-0.0016,0.0024,0.0021,-15.06,-36.94,-4.94,254.05,-84.51,-165.11
52.395172,-1.432295,140.98,0,6,28.32,18 / 19,2979210,2019-09-06 20:09:44:953,0.0578,0.01,9.9196,0.0003,0.0028,9.8066,0.0094,0.0088,0.0135,-15.06,-37.5,-4.75,253.87,-84.5,-165.27
52.395172,-1.432295,140.98,0,6,28.32,18 / 19,2979310,2019-09-06 20:09:45:053,0.2544,0.2337,9.8616,0.0002,-0.0006,9.8066,-0.006,-0.0061,-0.0015,-14.75,-37.25,-5.37,253.94,-84.5,-165.19
52.395172,-1.432295,140.98,0,6,28.32,17 / 18,2979410,2019-09-06 20:09:45:153,0.2024,0.0545,9.9213,-0.0024,-0.0018,9.8066,0.0005,-0.012,0.0022,-14.94,-36.94,-5.12,253.86,-84.49,-165.25
52.395172,-1.432295,140.98,0,6,28.32,17 / 18,2979509,2019-09-06 20:09:45:252,0.1131,0.0224,9.8079,0.0027,0.0012,9.8066,-0.0124,-0.0201,-0.0041,-15.31,-37.25,-5.06,253.85,-84.47,-165.21
52.395172,-1.432295,140.98,0,6,28.32,17 / 18,2979609,2019-09-06 20:09:45:352,0.1526,0.2305,9.9095,0.0004,0.0005,9.8065,0.0194,0.0022,0.0093,-15.06,-36.87,-4.87,253.86,-84.47,-165.21
52.395172,-1.432295,140.98,0,6,28.32,17 / 18,2979710,2019-09-06 20:09:45:453,0.1972,0.043,9.9442,0.0036,0.0024,9.8066,0.0023,0.0077,0.0024,-15.19,-36.62,-5.06,253.62,-84.44,-165.41
52.395172,-1.432295,140.98,0,6,28.32,17 / 18,2979809,2019-09-06 20:09:45:552,0.0927,0.0388,9.8286,0.0011,0.0021,9.8066,-0.0026,0.0078,0.0123,-15,-36.87,-4.81,253.46,-84.42,-165.53
52.395172,-1.432295,140.98,0,6,28.32,17 / 18,2979910,2019-09-06 20:09:45:653,0.0938,0.2522,9.8809,0.001,-0.0009,9.8066,-0.0047,-0.0028,-0.0024,-15.06,-37.06,-5.44,253.44,-84.43,-165.57
52.395172,-1.432295,140.98,0,6,28.32,17 / 18,2980010,2019-09-06 20:09:45:753,0.253,0.0703,9.9167,0.0004,0.0015,9.8066,0.0047,-0.0208,0.0076,-14.81,-37,-4.87,253.45,-84.4,-165.5
52.395172,-1.432295,140.98,0,6,28.32,17 / 18,2980109,2019-09-06 20:09:45:852,0.0007,-0.0131,9.8213,0.003,-0.0007,9.8066,-0.0151,-0.0182,-0.0111,-15.37,-37,-5.19,253.42,-84.39,-165.49
52.395172,-1.432295,140.98,0,6,28.32,17 / 18,2980209,2019-09-06 20:09:45:952,0.075,0.2408,9.8309,0.0016,0.003,9.8066,0.0319,-0.0108,0.0034,-15.12,-36.75,-5.44,253.25,-84.37,-165.65
52.395172,-1.432295,140.98,0,6,28.32,17 / 18,2980310,2019-09-06 20:09:46:053,0.1535,0.0745,9.9002,0.002,-0.0005,9.8066,0.0118,-0.0022,-0.0009,-15.5,-37.69,-5.06,252.89,-84.37,-165.68
52.395172,-1.432295,140.98,0,6,28.32,17 / 18,2980410,2019-09-06 20:09:46:153,0.0855,-0.0116,9.9082,0,0.0004,9.8066,-0.0008,0.0091,0.0159,-14.62,-36.87,-4.81,253.19,-84.37,-165.7
52.395172,-1.432295,140.98,0,6,28.32,17 / 18,2980509,2019-09-06 20:09:46:252,0.1761,0.2566,9.7381,0.0005,-0.0008,9.8065,-0.0071,0.0211,0.0009,-14.75,-36.75,-5.12,253.12,-84.37,-165.79
52.395172,-1.432295,140.98,0,6,28.32,17 / 18,2980610,2019-09-06 20:09:46:353,0.321,0.3246,9.878,-0.0002,0.0005,9.8066,0.0024,-0.006,0.0148,-15.12,-36.5,-5.37,253.43,-84.35,-165.75
52.395172,-1.432295,140.98,0,6,28.32,17 / 18,2980709,2019-09-06 20:09:46:452,0.0006,-0.0016,9.9484,0.0033,0,9.8066,-0.0103,-0.0038,-0.005,-15,-36.5,-5.06,253.34,-84.31,-165.76
52.395172,-1.432295,140.98,0,6,28.32,17 / 18,2980810,2019-09-06 20:09:46:553,0.1846,-0.0161,9.6969,-0.0016,-0.0016,9.8066,0.0101,-0.0177,-0.0034,-15.31,-37.69,-5.44,252.76,-84.31,-165.68
52.395172,-1.432295,140.98,0,6,28.32,17 / 18,2980909,2019-09-06 20:09:46:652,0.1909,0.2485,9.8284,0.0001,0.0015,9.8066,0.0155,-0.023,-0.0134,-15,-36.94,-4.75,252.97,-84.3,-165.77
52.395172,-1.432295,140.98,0,6,28.32,17 / 18,2981009,2019-09-06 20:09:46:752,0.2005,0.1758,9.9045,-0.0018,0.0002,9.8066,-0.008,-0.016,-0.002,-14.87,-37.25,-5,252.87,-84.3,-165.88
52.395172,-1.432295,140.98,0,6,28.32,17 / 18,2981110,2019-09-06 20:09:46:853,0.0842,-0.0353,9.7751,-0.0007,-0.0017,9.8066,0.0062,0.0021,-0.0049,-14.44,-36.87,-5.31,250.99,-84.28,-165.82
52.395172,-1.432295,140.98,0,6,28.32,17 / 18,2981209,2019-09-06 20:09:46:952,0.1964,0.1013,9.771,0.001,0.0017,9.8066,-0.0014,0.0041,0.0039,-14.44,-37.37,-5.06,251,-84.27,-165.79
52.395172,-1.432295,140.98,0,6,28.32,17 / 18,2981309,2019-09-06 20:09:47:052,0.3382,0.2628,9.7869,-0.0006,0.0006,9.8065,0.0086,0.0237,0.0135,-15.12,-37.19,-5.06,252.82,-84.27,-165.86
52.395172,-1.432295,140.98,0,6,28.32,18 / 19,2981409,2019-09-06 20:09:47:152,0.1386,-0.0436,9.8874,0.0008,0.0008,9.8066,-0.0079,0.0119,0.0009,-15.25,-37.19,-4.44,255.73,-84.26,-165.98
52.395172,-1.432295,140.98,0,6,28.32,18 / 19,2981510,2019-09-06 20:09:47:253,0.1213,0.112,9.8793,-0.0009,-0.0005,9.8066,0.0083,0.0069,0.0061,-15.06,-37.25,-4.56,252.67,-84.24,-165.96
52.395172,-1.432295,140.98,0,6,28.32,18 / 19,2981610,2019-09-06 20:09:47:353,0.2636,0.1243,9.7399,0.0024,-0.0002,9.8066,-0.0165,-0.002,0.0025,-15.25,-36.94,-4.87,252.59,-84.23,-166.03
52.395172,-1.432295,140.98,0,6,28.32,18 / 19,2981709,2019-09-06 20:09:47:452,0.1946,0.0544,9.9082,0.0007,0.001,9.8066,0.0006,-0.0206,-0.0013,-15.06,-36.75,-5.56,249.89,-84.23,-165.85
52.395172,-1.432295,140.98,0,6,28.32,18 / 19,2981809,2019-09-06 20:09:47:552,0.2141,0.0786,9.9515,0.002,-0.0012,9.8066,0.0218,-0.0138,-0.0166,-15.19,-37.37,-5.81,249.81,-84.2,-165.87
52.395172,-1.432295,140.98,0,6,28.32,18 / 19,2981910,2019-09-06 20:09:47:653,0.3057,0.0827,9.7869,-0.0031,0.0003,9.8066,0.0221,-0.0152,0.0021,-15,-36.81,-5,252.57,-84.21,-166
52.395172,-1.432295,140.98,0,6,28.32,18 / 19,2982010,2019-09-06 20:09:47:753,0.2266,0.1802,9.9081,0.0033,0.0008,9.8066,-0.0117,0.0125,-0.0023,-14.69,-37.19,-4.87,252.46,-84.19,-166.07
52.395172,-1.432295,140.98,0,6,28.32,18 / 19,2982109,2019-09-06 20:09:47:852,0.1761,0.0066,9.9881,-0.0001,0.0009,9.8066,-0.0003,0.0076,0.0181,-15.12,-37.25,-5.19,252.45,-84.17,-166.04
52.395172,-1.432295,140.98,0,6,28.32,18 / 19,2982210,2019-09-06 20:09:47:953,0.2359,0.0258,9.7322,-0.0007,-0.0009,9.8066,-0.0119,0.0124,0.0075,-15.44,-37.5,-4.75,252.48,-84.17,-166
52.395172,-1.432295,140.98,0,6,28.32,18 / 19,2982310,2019-09-06 20:09:48:053,0.2095,0.191,9.9329,0.0031,0.0018,9.8066,-0.0091,-0.0031,0.0101,-15.06,-37.19,-5.25,252.45,-84.18,-166.05
52.395172,-1.432295,140.98,0,6,28.32,17 / 18,2982409,2019-09-06 20:09:48:152,0.0357,0.1,9.9065,0.0049,0.0023,9.8066,-0.0208,-0.001,-0.008,-15.12,-37.5,-5.12,252.29,-84.13,-166.13
52.395172,-1.432295,140.98,0,6,28.32,17 / 18,2982510,2019-09-06 20:09:48:253,0.1467,-0.0459,9.8423,-0.0026,-0.0021,9.8066,0.0337,-0.0294,0.0034,-14.44,-37.31,-5.12,250.48,-84.15,-166.06
52.395172,-1.432295,140.98,0,6,28.32,17 / 18,2982609,2019-09-06 20:09:48:352,0.2609,0.1684,9.8962,-0.001,-0.001,9.8066,-0.0059,-0.0034,-0.0052,-15.19,-36.31,-5.06,252.67,-84.12,-166.04
52.395172,-1.432295,140.98,0,6,28.32,17 / 18,2982710,2019-09-06 20:09:48:453,0.2214,0.1771,9.903,0.0002,0.0006,9.8066,-0.0031,0.0026,0.0047,-15.25,-36.87,-4.81,252.27,-84.13,-166.15
52.395172,-1.432295,140.98,0,6,28.32,17 / 18,2982809,2019-09-06 20:09:48:552,0.0786,0.0256,9.8312,-0.0017,-0.0007,9.8065,0.0011,0.0207,0.0036,-15,-37,-4.94,252.24,-84.13,-166.19
52.395172,-1.432295,140.98,0,6,28.32,17 / 18,2982910,2019-09-06 20:09:48:653,0.2349,0.1641,9.891,0.0026,0.0004,9.8066,-0.0051,0.0029,0.0155,-15.12,-36.87,-5,252.17,-84.15,-166.29
52.395172,-1.432295,140.98,0,6,28.32,17 / 18,2983009,2019-09-06 20:09:48:752,0.3262,0.082,9.9649,0.0045,0.001,9.8066,0.0128,-0.0047,-0.0064,-14.62,-37.56,-5.19,251.86,-84.1,-166.15
52.395172,-1.432295,140.98,0,6,28.32,17 / 18,2983109,2019-09-06 20:09:48:852,0.088,-0.0137,9.9285,-0.0026,-0.0002,9.8066,0.0172,-0.0236,-0.0049,-14.75,-37,-5.12,251.98,-84.1,-166.38
52.395172,-1.432295,140.98,0,6,28.32,17 / 18,2983210,2019-09-06 20:09:48:953,0.2476,0.1668,9.9366,-0.0011,-0.0009,9.8066,-0.0164,-0.0047,-0.0101,-14.87,-37.12,-5.31,251.94,-84.09,-166.4
52.395172,-1.432295,140.98,0,6,28.32,17 / 18,2983310,2019-09-06 20:09:49:053,0.2074,0.123,9.8557,0.0027,0.0034,9.8066,-0.0055,-0.0112,0.0072,-14.31,-37.06,-4.81,249.82,-84.08,-166.6
52.395172,-1.432295,140.98,0,6,28.32,18 / 19,2983410,2019-09-06 20:09:49:153,0.0405,-0.0636,9.9068,0.003,0.0011,9.8066,-0.0098,0.0157,0.002,-15.25,-36.81,-4.94,251.72,-84.06,-166.57
52.395172,-1.432295,140.98,0,6,28.32,18 / 19,2983509,2019-09-06 20:09:49:252,0.2483,0.1435,9.9427,0.0018,0.0013,9.8066,-0.004,0.0016,0.0112,-14.75,-37,-5,251.68,-84.05,-166.61
52.395172,-1.432295,140.98,0,6,28.32,18 / 19,2983609,2019-09-06 20:09:49:352,0.002,0.0306,9.8832,0.0018,0.0023,9.8066,0.0014,0.0141,0.0159,-14.94,-37.12,-4.81,251.53,-84.03,-166.71
52.395172,-1.432295,140.98,0,6,28.32,18 / 19,2983709,2019-09-06 20:09:49:452,0.1221,-0.0583,9.8238,0.0024,0.0004,9.8066,-0.0035,-0.0007,0.0085,-14.94,-37.12,-5.12,251.47,-84.02,-166.77
52.395172,-1.432295,140.98,0,6,28.32,18 / 19,2983810,2019-09-06 20:09:49:553,0.2686,0.2055,9.8006,0.0001,-0.0017,9.8066,-0.0019,-0.0189,-0.001,-15.06,-37.62,-5.37,251.21,-84.01,-166.65
52.395172,-1.432295,140.98,0,6,28.32,18 / 19,2983909,2019-09-06 20:09:49:652,0.138,0.1449,9.9231,0.0024,0.0008,9.8066,-0.0084,-0.0225,-0.0083,-14.69,-37.5,-5.06,251.39,-83.97,-166.72
52.395172,-1.432295,140.98,0,6,28.32,18 / 19,2984009,2019-09-06 20:09:49:752,0.0536,-0.0272,9.9941,-0.0001,0.0017,9.8066,0.0217,-0.025,-0.0037,-14.62,-37.12,-5.12,251.34,-83.96,-166.77
52.395172,-1.432295,140.98,0,6,28.32,18 / 19,2984110,2019-09-06 20:09:49:853,0.1271,0.1167,9.7751,0.0012,0.0002,9.8066,0.0161,-0.0093,-0.016,-15.12,-36.87,-5.12,251.23,-83.96,-166.88
52.395172,-1.432295,140.98,0,6,28.32,18 / 19,2984209,2019-09-06 20:09:49:952,0.3487,0.2788,9.8388,-0.0005,0.0011,9.8065,-0.0045,-0.0039,-0.0025,-14.87,-36.87,-5.37,251.1,-83.95,-167
52.395172,-1.432295,140.98,0,6,28.32,18 / 19,2984309,2019-09-06 20:09:50:052,0.1557,0.0714,9.7085,0.001,-0.0002,9.8066,-0.0076,0.0141,-0.0021,-15.31,-36.75,-5.12,251.04,-83.93,-167.02
52.395172,-1.432295,140.98,0,6,28.32,18 / 19,2984409,2019-09-06 20:09:50:152,0.153,0.0251,9.8574,-0.0018,-0.0011,9.8066,0.0021,-0.0031,0.0104,-15.37,-37.44,-5.25,251.02,-83.94,-167.06
52.395172,-1.432295,140.98,0,6,28.32,18 / 19,2984510,2019-09-06 20:09:50:253,0.0015,-0.0629,9.8266,0.0033,0.0005,9.8066,-0.0207,0.0007,-0.0013,-15,-36.81,-5.5,250.99,-83.9,-167.01
52.395172,-1.432295,140.98,0,6,28.32,18 / 19,2984609,2019-09-06 20:09:50:352,0.0208,0.1824,9.8319,0.0021,0.0031,9.8066,0.016,-0.0212,0.0018,-15.19,-36.87,-5,250.88,-83.9,-167.12
52.395172,-1.432295,140.98,0,6,28.32,18 / 19,2984709,2019-09-06 20:09:50:452,0.0961,0.0144,9.8805,-0.0012,-0.0009,9.8066,0.0077,-0.012,-0.0172,-14.62,-36.62,-5.06,250.88,-83.89,-167.1
52.395172,-1.432295,140.98,0,6,28.32,18 / 19,2984810,2019-09-06 20:09:50:553,0.0541,0.0164,9.8416,-0.0024,-0.0003,9.8066,-0.0116,-0.0068,0.0055,-14.56,-37.44,-5.19,250.83,-83.9,-167.19
52.395172,-1.432295,140.98,0,6,28.32,18 / 19,2984910,2019-09-06 20:09:50:653,0.1144,0.2348,9.8282,0.0023,0.0015,9.8066,0.0019,0.0084,-0.0045,-15.12,-37.62,-4.81,250.4,-83.87,-167.2
52.395172,-1.432295,140.98,0,6,28.32,18 / 19,2985010,2019-09-06 20:09:50:753,0.1603,-0.0128,9.8811,-0.0017,-0.0003,9.8066,-0.0029,0.0015,0.0083,-15.44,-36.5,-4.69,250.99,-83.86,-167.29
52.395172,-1.432295,140.98,0,6,28.32,18 / 19,2985110,2019-09-06 20:09:50:853,-0.0007,-0.0305,9.8185,0.0014,0.0006,9.8066,-0.0114,-0.0007,-0.0004,-14.94,-37.37,-4.75,250.56,-83.83,-167.32
52.395172,-1.432295,140.98,0,6,28.32,18 / 19,2985209,2019-09-06 20:09:50:952,0.15,0.2294,9.8279,0.0008,0.0007,9.8066,0.007,-0.0235,0.0018,-14.94,-36.94,-4.44,253.53,-83.84,-167.35
52.395172,-1.432295,140.98,0,6,28.32,18 / 19,2985310,2019-09-06 20:09:51:053,0.0908,0.0028,9.9415,-0.0005,-0.0024,9.8066,0.0133,-0.02,-0.0132,-14.75,-36.94,-5.31,250.58,-83.82,-167.29
52.395172,-1.432295,140.98,0,6,28.32,18 / 19,2985410,2019-09-06 20:09:51:153,-0.0073,-0.0016,9.8496,-0.0005,0.001,9.8066,-0.0043,-0.0135,0.0054,-14.87,-36.69,-4.94,250.61,-83.83,-167.25
52.395172,-1.432295,140.98,0,6,28.32,18 / 19,2985509,2019-09-06 20:09:51:252,-0.0044,0.1612,9.7512,0.0015,-0.0006,9.8065,-0.0073,0.0094,-0.014,-15.25,-36.94,-4.62,250.67,-83.8,-167.13
52.395172,-1.432295,140.98,0,6,28.32,18 / 19,2985609,2019-09-06 20:09:51:352,0.117,0.049,9.9573,-0.0021,-0.0002,9.8066,0.0034,0.015,0.0081,-15,-37,-4.81,250.57,-83.81,-167.26
52.395172,-1.432295,140.98,0,6,28.32,18 / 19,2985710,2019-09-06 20:09:51:453,0.0616,0.0356,9.938,0.002,0.0011,9.8066,0.0025,0.0223,0.0074,-14.56,-37.37,-5.12,250.4,-83.77,-167.37
52.395172,-1.432295,140.98,0,6,28.32,18 / 19,2985809,2019-09-06 20:09:51:552,0.0803,0.0422,9.6965,0.0037,0.0028,9.8066,-0.0051,0.0079,0.0084,-15.06,-37.69,-4.81,249.96,-83.76,-167.43
52.395172,-1.432295,140.98,0,6,28.32,18 / 19,2985910,2019-09-06 20:09:51:653,0.1757,0.1342,9.8825,-0.003,-0.0019,9.8065,0.0086,0.0055,0.0028,-14.56,-36.69,-5.12,250.27,-83.75,-167.45
52.395172,-1.432295,140.98,0,6,28.32,18 / 19,2986009,2019-09-06 20:09:51:752,0.1519,0.2113,9.8945,-0.0009,-0.0018,9.8066,-0.018,-0.0125,-0.0027,-14.81,-36.75,-4.94,250.32,-83.76,-167.41
52.395172,-1.432295,140.98,0,6,28.32,18 / 19,2986109,2019-09-06 20:09:51:852,0.0435,-0.1366,9.7885,0.0032,0.0025,9.8066,-0.0112,-0.0199,-0.0016,-15.12,-37.69,-5.12,249.93,-83.72,-167.38
52.395172,-1.432295,140.98,0,6,28.32,18 / 19,2986210,2019-09-06 20:09:51:953,0.1904,0.093,9.7894,0.0039,0.0014,9.8066,0.0055,-0.0148,-0.0155,-15.12,-37.25,-5.31,250.28,-83.72,-167.37
52.395172,-1.432295,140.98,0,6,28.32,18 / 19,2986310,2019-09-06 20:09:52:053,0.0018,-0.0866,9.8498,-0.0021,-0.0013,9.8065,0.0223,-0.0101,0.0017,-15.19,-36.81,-4.75,250.31,-83.73,-167.36
52.395172,-1.432295,140.98,0,6,28.32,17 / 18,2986409,2019-09-06 20:09:52:152,0.0207,0.0104,9.9294,0.0021,0.0006,9.8065,-0.0017,0.014,0.004,-15.56,-36.69,-4.69,251.95,-83.7,-167.42
52.395172,-1.432295,140.98,0,6,28.32,17 / 18,2986510,2019-09-06 20:09:52:253,0.124,0.0617,9.8819,-0.001,-0.002,9.8066,0.0121,0.0152,0.009,-14.31,-37.12,-5.37,248.17,-83.7,-167.52
52.395172,-1.432295,140.98,0,6,28.32,17 / 18,2986609,2019-09-06 20:09:52:352,0.2504,0.076,9.7554,-0.0011,-0.0014,9.8066,-0.0221,0.0101,-0.005,-14.75,-37.5,-5.06,250.16,-83.69,-167.44
52.395172,-1.432295,140.98,0,6,28.32,17 / 18,2986709,2019-09-06 20:09:52:452,0.1432,0.0505,9.9278,0.0014,0.0017,9.8066,-0.0019,-0.0138,0.0052,-15,-37,-4.87,250.07,-83.67,-167.49
52.395172,-1.432295,140.98,0,6,28.32,17 / 18,2986810,2019-09-06 20:09:52:553,0.118,0.0095,9.8557,0.0047,0.0013,9.8066,0.0052,-0.0184,-0.0094,-15.62,-37.31,-5.44,251.81,-83.65,-167.46
52.395172,-1.432295,140.98,0,6,28.32,17 / 18,2986909,2019-09-06 20:09:52:652,0.1909,0.1155,9.7544,-0.0007,0.0003,9.8066,0.0211,-0.0075,0.0035,-14.94,-37.06,-4.94,250.03,-83.65,-167.49
52.395172,-1.432295,140.98,0,6,28.32,17 / 18,2987010,2019-09-06 20:09:52:753,0.0643,0.0205,9.9683,0.0025,0.0016,9.8065,-0.0034,0.0103,0.0056,-15.12,-36.81,-4.94,249.96,-83.63,-167.53
52.395172,-1.432295,140.98,0,6,28.32,17 / 18,2987109,2019-09-06 20:09:52:852,0.051,0.016,9.9116,-0.0012,-0.0005,9.8066,0.0058,0.0192,0.0137,-15.56,-37.19,-5.25,251.63,-83.63,-167.61
52.395172,-1.432295,140.98,0,6,28.32,17 / 18,2987209,2019-09-06 20:09:52:952,0.1908,0.0247,9.7865,-0.0009,-0.001,9.8066,-0.0182,0.0088,0.0018,-15.19,-37,-5.5,249.91,-83.63,-167.57
52.395172,-1.432295,140.98,0,6,28.32,17 / 18,2987309,2019-09-06 20:09:53:052,0.214,0.1082,9.9338,0.0045,0.0029,9.8066,-0.016,-0.007,0.0005,-15,-36.87,-4.75,249.83,-83.6,-167.6
52.395172,-1.432295,140.98,0,6,28.32,19 / 20,2987411,2019-09-06 20:09:53:154,0.0925,0.0116,9.9212,0.0036,0.001,9.8066,0.0126,-0.0143,-0.0077,-14.87,-36.94,-4.94,249.77,-83.59,-167.65
52.395172,-1.432295,140.98,0,6,28.32,19 / 20,2987509,2019-09-06 20:09:53:252,0.0863,-0.0308,9.77,-0.0028,-0.0007,9.8066,0.0283,-0.0273,-0.0024,-14.94,-37.44,-5.25,249.85,-83.62,-167.61
52.395172,-1.432295,140.98,0,6,28.32,19 / 20,2987610,2019-09-06 20:09:53:353,0.189,0.2007,9.8893,-0.0005,-0.002,9.8066,-0.0022,-0.0114,-0.0157,-15.37,-37.12,-5.31,249.87,-83.6,-167.54
52.395172,-1.432295,140.98,0,6,28.32,19 / 20,2987710,2019-09-06 20:09:53:453,0.1558,0.0687,9.9012,-0.0002,0.0011,9.8066,0,-0.005,0.0069,-15,-36.75,-4.94,249.74,-83.59,-167.68
52.395172,-1.432295,140.98,0,6,28.32,19 / 20,2987809,2019-09-06 20:09:53:552,-0.0619,-0.1017,9.9229,0.001,0.0012,9.8066,0.0076,0.0141,0.0138,-14.94,-36.56,-5.25,249.65,-83.59,-167.76
52.395172,-1.432295,140.98,0,6,28.32,19 / 20,2987909,2019-09-06 20:09:53:652,0.1599,0.0609,9.7888,0.0025,0.0012,9.8066,-0.0123,0.0098,0.0084,-15.12,-37.25,-4.75,249.62,-83.57,-167.78
52.395172,-1.432295,140.98,0,6,28.32,19 / 20,2988010,2019-09-06 20:09:53:753,0.1597,0.0684,9.7952,0.0025,0.0018,9.8066,0.007,0.0126,0.0091,-15.12,-36.75,-5,249.55,-83.56,-167.82
52.395172,-1.432295,140.98,0,6,28.32,19 / 20,2988110,2019-09-06 20:09:53:853,0.0454,-0.0515,10.0461,0.0002,-0.0011,9.8066,-0.0073,-0.0054,0.005,-14.94,-37.12,-5.62,246.83,-83.56,-167.78
52.395172,-1.432295,140.98,0,6,28.32,19 / 20,2988209,2019-09-06 20:09:53:952,0.1019,0.0559,9.7658,0.0012,0.0006,9.8066,0.0032,-0.0164,0.0088,-15,-37.12,-4.87,249.58,-83.56,-167.78
52.395172,-1.432295,140.98,0,6,28.32,19 / 20,2988309,2019-09-06 20:09:54:052,0.0141,-0.0023,9.7791,0.0008,-0.0008,9.8066,-0.0075,-0.0298,-0.0135,-15.44,-37.12,-4.62,249.58,-83.56,-167.78
52.395172,-1.432295,140.98,0,6,28.32,17 / 18,2988410,2019-09-06 20:09:54:153,0.0435,-0.0876,9.947,0.0001,0.0019,9.8066,0.015,-0.0177,0.0022,-15.06,-37.44,-5.06,249.65,-83.56,-167.7
52.395172,-1.432295,140.98,0,6,28.32,17 / 18,2988509,2019-09-06 20:09:54:252,0.1766,0.14,9.7981,0.0019,0.001,9.8066,0.0032,0.0004,-0.0038,-15,-36.87,-5.31,249.53,-83.55,-167.82
52.395172,-1.432295,140.98,0,6,28.32,17 / 18,2988609,2019-09-06 20:09:54:352,0.0847,0.1469,9.8907,0.0027,0.0017,9.8066,-0.0039,0.0057,0.0102,-15.06,-37.25,-4.37,252.51,-83.56,-167.79
52.395172,-1.432295,140.98,0,6,28.32,17 / 18,2988709,2019-09-06 20:09:54:452,-0.0504,-0.0564,9.9621,-0.0003,-0.0001,9.8066,-0.0064,0.0182,0.0012,-15.06,-37.19,-5.37,249.48,-83.55,-167.87
52.395172,-1.432295,140.98,0,6,28.32,17 / 18,2988810,2019-09-06 20:09:54:553,0.0782,0.1362,9.7869,0.0011,0.0026,9.8066,-0.0064,0.0016,0.0198,-15.44,-37.19,-5.44,249.4,-83.55,-167.97
52.395172,-1.432295,140.98,0,6,28.32,17 / 18,2988909,2019-09-06 20:09:54:652,0.1055,0.1506,9.882,0.0025,0.0004,9.8066,-0.0105,-0.0073,-0.0078,-14.56,-36.87,-4.81,249.42,-83.55,-167.94
52.395172,-1.432295,140.98,0,6,28.32,17 / 18,2989010,2019-09-06 20:09:54:753,-0.0446,-0.0036,9.9789,0.0017,0.0009,9.8066,0.0123,-0.028,-0.0025,-15.31,-36.81,-4.62,249.39,-83.53,-167.92
52.395172,-1.432295,140.98,0,6,28.32,17 / 18,2989110,2019-09-06 20:09:54:853,0.0507,0.041,9.7976,-0.0002,0.0006,9.8066,0.0034,-0.0114,-0.0099,-15.31,-37.06,-5.19,249.34,-83.53,-167.97
52.395172,-1.432295,140.98,0,6,28.32,17 / 18,2989209,2019-09-06 20:09:54:952,0.1989,0.1351,9.8751,-0.0011,0.0005,9.8066,0.016,-0.0007,0.0081,-14.87,-37.37,-4.75,249.3,-83.53,-168.04
52.395172,-1.432295,140.98,0,6,28.32,17 / 18,2989309,2019-09-06 20:09:55:052,0.0922,0.0399,9.7011,-0.0008,-0.0002,9.8066,-0.0058,0.0124,0,-14.87,-36.56,-5.37,249.27,-83.53,-168.06
52.395172,-1.432295,140.98,0,6,28.32,18 / 19,2989410,2019-09-06 20:09:55:153,0.1591,0.1711,9.8193,-0.001,0.0012,9.8066,0.0012,0.0063,0.012,-15.06,-36.75,-5.44,249.14,-83.53,-168.19
52.395172,-1.432295,140.98,0,6,28.32,18 / 19,2989509,2019-09-06 20:09:55:252,0.0115,0.0369,9.9297,0.0031,0.0016,9.8065,-0.0191,0.0043,-0.0018,-15.19,-36.75,-4.94,249.11,-83.51,-168.21
52.395172,-1.432295,140.98,0,6,28.32,18 / 19,2989610,2019-09-06 20:09:55:353,0.0013,-0.0672,9.7115,-0.0027,-0.0012,9.8066,0.0154,-0.0242,-0.0012,-14.81,-37,-5.31,248.98,-83.49,-168.29
52.395172,-1.432295,140.98,0,6,28.32,18 / 19,2989709,2019-09-06 20:09:55:452,0.1561,0.1707,9.7677,-0.0017,-0.0031,9.8065,0.0196,-0.0134,-0.02,-15.12,-37.12,-5.25,249.11,-83.5,-168.18
52.395172,-1.432295,140.98,0,6,28.32,18 / 19,2989809,2019-09-06 20:09:55:552,0.1065,0.1832,9.9189,-0.0017,-0.0005,9.8066,-0.0142,-0.0188,-0.0039,-15.06,-36.94,-5.19,249,-83.5,-168.29
52.395172,-1.432295,140.98,0,6,28.32,18 / 19,2989909,2019-09-06 20:09:55:652,0.0397,-0.1895,9.8701,0.0009,-0.0003,9.8066,-0.0066,-0.0072,-0.0096,-14.75,-36.81,-5.25,249.09,-83.49,-168.17
52.395172,-1.432295,140.98,0,6,28.32,18 / 19,2990009,2019-09-06 20:09:55:752,0.0802,0.0096,9.7875,0.0012,0.0013,9.8066,0.0082,0.0015,0.0004,-15.19,-37.31,-5.12,249.03,-83.49,-168.24
52.395172,-1.432295,140.98,0,6,28.32,18 / 19,2990110,2019-09-06 20:09:55:853,0.3228,0.193,9.7714,0.0003,0.0018,9.8066,0.0165,0.0128,0.0106,-15.37,-36.81,-5.19,249.05,-83.49,-168.22
52.395172,-1.432295,140.98,0,6,28.32,18 / 19,2990209,2019-09-06 20:09:55:952,0.0583,-0.0489,9.9742,0.0027,0.0008,9.8066,-0.0141,0.0247,0.0045,-14.69,-37.37,-5.56,246.18,-83.48,-168.32
52.395172,-1.432295,140.98,0,6,28.32,18 / 19,2990309,2019-09-06 20:09:56:052,0.0356,-0.048,9.9054,-0.0018,-0.0018,9.8066,0.0036,0.0187,0.0176,-14.75,-36.62,-5.19,248.92,-83.48,-168.34
52.395172,-1.432295,140.98,0,6,28.32,17 / 18,2990409,2019-09-06 20:09:56:152,0.1807,0.007,9.7924,0.0015,0.0004,9.8066,-0.0291,0.0121,0.0077,-14.56,-37.31,-5.12,248.88,-83.47,-168.35
52.395172,-1.432295,140.98,0,6,28.32,17 / 18,2990509,2019-09-06 20:09:56:252,0.0991,0.0568,9.9436,0.0037,0.0026,9.8066,-0.0221,-0.0099,0.0061,-15,-37.56,-4.87,248.46,-83.45,-168.38
52.395172,-1.432295,140.98,0,6,28.32,17 / 18,2990609,2019-09-06 20:09:56:352,0.0676,0.0305,9.9001,0.0031,0.002,9.8066,0.0099,-0.0134,-0.013,-15.12,-37.06,-5.25,248.87,-83.45,-168.32
52.395172,-1.432295,140.98,0,6,28.32,17 / 18,2990710,2019-09-06 20:09:56:453,0.1016,-0.1364,9.8021,-0.0021,0.0001,9.8066,0.0206,-0.0257,0.0044,-15.44,-37.25,-5,248.84,-83.47,-168.4
52.395172,-1.432295,140.98,0,6,28.32,17 / 18,2990810,2019-09-06 20:09:56:553,0.198,0.1218,9.8902,0.0003,-0.0005,9.8066,-0.002,0.0058,-0.0068,-14.81,-36.87,-4.62,248.81,-83.45,-168.38
52.395172,-1.432295,140.98,0,6,28.32,17 / 18,2990910,2019-09-06 20:09:56:653,0.1601,0.0418,9.8789,-0.0021,-0.0009,9.8066,0.0101,-0.0037,0.0062,-15.5,-37.12,-5.19,248.73,-83.44,-168.45
52.395172,-1.432295,140.98,0,6,28.32,17 / 18,2991010,2019-09-06 20:09:56:753,0.0214,-0.058,9.8369,-0.0011,-0.0006,9.8066,-0.007,0.0092,0.0101,-14.94,-36.87,-5.12,248.68,-83.43,-168.49
52.395172,-1.432295,140.98,0,6,28.32,17 / 18,2991110,2019-09-06 20:09:56:853,0.1349,0.1205,9.9176,0.005,0.0024,9.8066,-0.0061,0.0001,0.0142,-15.06,-37.5,-5.25,248.52,-83.4,-168.6
52.395172,-1.432295,140.98,0,6,28.32,17 / 18,2991210,2019-09-06 20:09:56:953,0.0628,0.0638,9.8712,0.0052,0.0025,9.8066,0.0134,-0.0064,-0.0031,-15.31,-37.19,-5.44,248.54,-83.38,-168.53
52.395172,-1.432295,140.98,0,6,28.32,17 / 18,2991309,2019-09-06 20:09:57:052,-0.0371,-0.1136,9.853,-0.0016,-0.001,9.8066,0.008,-0.0219,-0.0051,-15.12,-37.06,-4.87,248.62,-83.4,-168.49
52.395172,-1.432295,140.98,0,6,28.32,18 / 20,2991410,2019-09-06 20:09:57:153,0.0331,0.0726,9.8544,0.0001,0.0009,9.8066,0.0087,-0.0071,-0.0016,-15,-36.69,-4.75,248.57,-83.39,-168.53
52.395172,-1.432295,140.98,0,6,28.32,18 / 20,2991510,2019-09-06 20:09:57:253,0.1285,0.0686,9.8849,-0.0011,-0.002,9.8066,-0.001,-0.0095,0.0065,-14.69,-37,-5.25,248.62,-83.39,-168.46
52.395172,-1.432295,140.98,0,6,28.32,18 / 20,2991610,2019-09-06 20:09:57:353,0.0138,-0.1724,9.9156,-0.0011,-0.0021,9.8066,0.0072,0.0156,0.0074,-15,-36.69,-4.5,251.73,-83.39,-168.26
52.395172,-1.432295,140.98,0,6,28.32,18 / 20,2991709,2019-09-06 20:09:57:452,0.0852,0.1765,9.798,0.0045,0.0039,9.8066,-0.0092,0.0048,0.0159,-15.25,-37.44,-5.19,248.54,-83.36,-168.48
52.395172,-1.432295,140.98,0,6,28.32,18 / 20,2991809,2019-09-06 20:09:57:552,0.0076,0.0676,9.7911,0.0022,0.0022,9.8066,-0.0155,0.0034,0.0087,-15.75,-36.69,-5.19,250.55,-83.39,-168.28
52.395172,-1.432295,140.98,0,6,28.32,18 / 20,2991909,2019-09-06 20:09:57:652,-0.2012,-0.1556,9.95,0.0006,0.0005,9.8066,-0.0219,-0.0098,0.0024,-15,-37.19,-5.31,248.86,-83.4,-168.23
52.395172,-1.432295,140.98,0,6,28.32,18 / 20,2992010,2019-09-06 20:09:57:753,0.0045,-0.0953,9.7158,-0.0015,-0.0018,9.8066,0.0107,-0.0202,-0.0031,-15.12,-36.81,-5.56,246.15,-83.41,-168.19
52.395172,-1.432295,140.98,0,6,28.32,18 / 20,2992110,2019-09-06 20:09:57:853,0.0113,-0.0056,9.8155,0.0007,0.0011,9.8066,-0.0047,-0.0268,-0.0153,-15,-36.87,-5.37,248.96,-83.4,-168.1
52.395172,-1.432295,140.98,0,6,28.32,18 / 20,2992209,2019-09-06 20:09:57:952,-0.095,0.0062,9.982,-0.0011,-0.0003,9.8066,0.0017,-0.0107,-0.0108,-15.06,-36.87,-5.94,246.15,-83.39,-168.16
52.395172,-1.432295,140.98,0,6,28.32,18 / 20,2992309,2019-09-06 20:09:58:052,0.0571,0.1045,9.7287,-0.001,-0.0032,9.8066,0.0098,-0.0062,-0.0043,-14.81,-37.37,-5.31,249.01,-83.43,-168.12
52.395172,-1.432295,140.98,0,6,28.32,17 / 18,2992410,2019-09-06 20:09:58:153,0.0783,0.1451,9.8878,0.0014,0.0001,9.8066,0.0074,0.0039,0.0076,-15.5,-37,-5.19,248.97,-83.42,-168.14
52.395172,-1.432295,140.98,0,6,28.32,17 / 18,2992510,2019-09-06 20:09:58:253,-0.0733,-0.0723,10.0159,0.0018,0.0015,9.8065,-0.0035,0.0145,0.0029,-14.94,-37.06,-5.31,249.01,-83.42,-168.1
52.395172,-1.432295,140.98,0,6,28.32,17 / 18,2992609,2019-09-06 20:09:58:352,0.0664,0.0218,9.8072,0.0006,-0.0001,9.8066,-0.0145,0.0043,0.0136,-15.19,-37.12,-5.44,248.97,-83.4,-168.09
52.395172,-1.432295,140.98,0,6,28.32,17 / 18,2992710,2019-09-06 20:09:58:453,0.2791,0.2498,9.8302,-0.0017,0.0007,9.8066,-0.0271,0.0073,-0.0001,-14.94,-37,-5,248.91,-83.41,-168.17
52.395172,-1.432295,140.98,0,6,28.32,17 / 18,2992810,2019-09-06 20:09:58:553,-0.0842,0.0444,9.9665,0.0016,0,9.8066,0.0119,-0.0202,0.0068,-14.62,-37.06,-5.56,246.18,-83.39,-168.13
52.395172,-1.432295,140.98,0,6,28.32,17 / 18,2992910,2019-09-06 20:09:58:653,0.1058,0.0484,9.7873,-0.0004,0.0007,9.8066,0.0098,-0.0135,-0.0098,-15.37,-36.87,-5.31,248.94,-83.4,-168.13
52.395172,-1.432295,140.98,0,6,28.32,17 / 18,2993009,2019-09-06 20:09:58:752,0.1246,0.1709,9.9008,0.0008,-0.0002,9.8066,-0.0065,-0.0193,-0.0024,-15.5,-36.81,-5.37,248.96,-83.39,-168.07
52.395172,-1.432295,140.98,0,6,28.32,17 / 18,2993110,2019-09-06 20:09:58:853,-0.052,-0.1267,9.7111,-0.0033,-0.0021,9.8066,-0.0021,0.0103,-0.011,-15,-36.94,-5.25,248.93,-83.39,-168.11
52.395172,-1.432295,140.98,0,6,28.32,17 / 18,2993209,2019-09-06 20:09:58:952,0.092,0.1437,9.8368,-0.003,-0.0018,9.8066,0.0014,0.0027,0.0091,-15.19,-37,-4.94,249.01,-83.38,-168.02
52.395172,-1.432295,140.98,0,6,28.32,17 / 18,2993310,2019-09-06 20:09:59:053,0.1218,0.1525,9.8758,-0.0031,-0.0028,9.8065,0.003,0.0154,0.0032,-14.81,-36.81,-5.56,246.36,-83.41,-167.96
52.395172,-1.432295,140.98,0,6,28.32,18 / 19,2993409,2019-09-06 20:09:59:152,0.0864,-0.1716,9.7868,0.0011,0.0018,9.8066,-0.0106,-0.0016,-0.002,-15.31,-36.87,-5.56,246.36,-83.39,-167.92
52.395172,-1.432295,140.98,0,6,28.32,18 / 19,2993510,2019-09-06 20:09:59:253,0.0441,0.1416,9.7857,0.0024,0.0008,9.8066,0.0118,-0.008,-0.0053,-15.37,-36.56,-5.25,249.04,-83.41,-168.03
52.395172,-1.432295,140.98,0,6,28.32,18 / 19,2993610,2019-09-06 20:09:59:353,0.1183,0.1302,9.8413,-0.0002,0.0001,9.8066,0.0006,-0.0222,-0.0096,-15.19,-36.87,-5.31,249.11,-83.4,-167.93
52.395172,-1.432295,140.98,0,6,28.32,18 / 19,2993710,2019-09-06 20:09:59:453,0.0966,-0.1853,9.8281,0.0009,0.0008,9.8066,0.0016,-0.0085,-0.0089,-14.94,-36.69,-5.31,249.08,-83.4,-167.97
52.395172,-1.432295,140.98,0,6,28.32,18 / 19,2993810,2019-09-06 20:09:59:553,0.055,0.026,9.7563,-0.0019,-0.0013,9.8066,-0.0049,0.004,0.003,-14.87,-37.25,-5.37,249.1,-83.38,-167.91
52.395172,-1.432295,140.98,0,6,28.32,18 / 19,2993909,2019-09-06 20:09:59:652,0.2564,0.1647,9.7996,0,-0.0001,9.8066,0.0013,0.0169,0.0096,-15.19,-36.94,-5.12,249.21,-83.4,-167.83
52.395172,-1.432295,140.98,0,6,28.32,18 / 19,2994009,2019-09-06 20:09:59:752,-0.0079,-0.1201,9.9095,-0.0003,0.0001,9.8066,0.0029,0.012,0.0038,-15.12,-36.62,-5.25,249.23,-83.39,-167.8
52.395172,-1.432295,140.98,0,6,28.32,18 / 19,2994110,2019-09-06 20:09:59:853,-0.0884,-0.0161,9.8754,0.0009,0.001,9.8065,-0.0027,0.014,0.0074,-14.87,-37.19,-4.75,249.15,-83.39,-167.87
52.395172,-1.432295,140.98,0,6,28.32,18 / 19,2994210,2019-09-06 20:09:59:953,0.3043,0.1521,9.7316,-0.0005,0.0006,9.8066,-0.0358,0.0034,0.0034,-15.19,-37.5,-5,249.15,-83.38,-167.86
52.395172,-1.432295,140.98,0,6,28.32,18 / 19,2994309,2019-09-06 20:10:00:052,0.0616,-0.0003,10.0054,0.0032,0.0014,9.8066,-0.0146,-0.0182,-0.001,-15.12,-36.5,-5.12,249.53,-83.38,-167.83
52.395172,-1.432295,140.98,0,6,28.32,17 / 18,2994410,2019-09-06 20:10:00:153,-0.1261,-0.1501,9.8689,-0.0009,-0.0009,9.8066,-0.0188,-0.0213,-0.0093,-14.87,-36.81,-5.31,249.12,-83.38,-167.88
52.395172,-1.432295,140.98,0,6,28.32,17 / 18,2994509,2019-09-06 20:10:00:252,0.2791,0.2125,9.7696,0.0003,-0.001,9.8066,0.0226,-0.0196,-0.0012,-14.87,-36.81,-5.5,249.17,-83.37,-167.82
52.395172,-1.432295,140.98,0,6,28.32,17 / 18,2994610,2019-09-06 20:10:00:353,-0.0205,-0.1227,9.9006,0.0028,0.0004,9.8066,0.0036,0.0035,-0.009,-14.81,-37,-5.5,249.26,-83.39,-167.74
52.395172,-1.432295,140.98,0,6,28.32,17 / 18,2994709,2019-09-06 20:10:00:452,-0.1055,-0.1392,9.8557,0.0033,0.0023,9.8065,0.0055,0.0059,0.0069,-14.87,-36.94,-4.75,249.15,-83.36,-167.81
52.395172,-1.432295,140.98,0,6,28.32,17 / 18,2994809,2019-09-06 20:10:00:552,0.2914,0.1345,9.768,-0.0012,0.0008,9.8066,-0.011,0.0186,0.0004,-15,-36.5,-5.31,249.54,-83.38,-167.84
52.395172,-1.432295,140.98,0,6,28.32,17 / 18,2994910,2019-09-06 20:10:00:653,0.0787,-0.0394,9.898,-0.0009,-0.0021,9.8066,-0.0088,-0.0026,0.0111,-15.25,-36.75,-5.19,249.22,-83.38,-167.78
52.395172,-1.432295,140.98,0,6,28.32,17 / 18,2995010,2019-09-06 20:10:00:753,-0.1569,-0.1617,9.8269,-0.001,0.0009,9.8066,0.0108,-0.0124,-0.0075,-15.5,-36.87,-5.56,246.42,-83.39,-167.86
52.395172,-1.432295,140.98,0,6,28.32,17 / 18,2995110,2019-09-06 20:10:00:853,0.216,0.0413,9.7732,0.0008,-0.002,9.8066,0.0217,-0.0293,-0.0055,-15.06,-36.87,-4.87,249.14,-83.38,-167.86
52.395172,-1.432295,140.98,0,6,28.32,17 / 18,2995210,2019-09-06 20:10:00:953,0.0975,0.0171,9.8902,0.0041,0.0027,9.8066,-0.0057,-0.0043,-0.0048,-14.87,-37.25,-5.44,248.99,-83.35,-167.97
52.395172,-1.432295,140.98,0,6,28.32,17 / 18,2995309,2019-09-06 20:10:01:052,-0.1305,-0.1064,9.8243,0.0046,0.0018,9.8066,-0.0016,0.0032,0.0089,-15.06,-37.75,-5.69,245.91,-83.34,-167.94
52.395172,-1.432295,140.98,0,6,28.32,18 / 19,2995410,2019-09-06 20:10:01:153,0.1873,0.0333,9.7681,-0.0031,-0.002,9.8066,0.0008,0.0156,0.0074,-15.19,-36.69,-5.5,249.01,-83.37,-167.99
52.395172,-1.432295,140.98,0,6,28.32,18 / 19,2995510,2019-09-06 20:10:01:253,0.1193,0.0217,9.9281,-0.0013,-0.0028,9.8066,-0.0011,0.0072,0.0151,-15.31,-36.06,-5.31,249.48,-83.35,-167.83
52.395172,-1.432295,140.98,0,6,28.32,18 / 19,2995609,2019-09-06 20:10:01:352,-0.0607,-0.1132,9.8313,0.0029,0.0016,9.8066,0.0029,0.0042,0.0027,-15,-37,-5.06,249.06,-83.35,-167.9
52.395172,-1.432295,140.98,0,6,28.32,18 / 19,2995709,2019-09-06 20:10:01:452,0.0709,-0.0802,9.7814,-0.0003,0.0003,9.8066,0.0042,-0.0206,-0.0003,-14.94,-36.81,-5,248.99,-83.34,-167.93
52.395172,-1.432295,140.98,0,6,28.32,18 / 19,2995811,2019-09-06 20:10:01:554,0.0928,0.0785,9.9121,0.0033,0.0012,9.8066,0.0013,-0.0077,0.0002,-15.19,-36.87,-5.69,246.15,-83.33,-168.04
52.395172,-1.432295,140.98,0,6,28.32,18 / 19,2995910,2019-09-06 20:10:01:653,-0.1052,-0.0814,9.8652,0.0021,0.0012,9.8066,-0.0005,-0.0188,-0.0002,-15.31,-36.56,-5.94,246.19,-83.32,-167.96
52.395172,-1.432295,140.98,0,6,28.32,18 / 19,2996010,2019-09-06 20:10:01:753,-0.0028,-0.1026,9.8352,-0.0016,-0.0023,9.8066,0.0177,-0.0008,0.0044,-14.75,-37.06,-5.25,248.96,-83.33,-167.95
52.395172,-1.432295,140.98,0,6,28.32,18 / 19,2996110,2019-09-06 20:10:01:853,0.1519,0.1577,9.888,-0.0024,-0.0022,9.8066,-0.0047,0.0178,0.0044,-15.12,-36.69,-5.12,249.03,-83.33,-167.87
52.395172,-1.432295,140.98,0,6,28.32,18 / 19,2996210,2019-09-06 20:10:01:953,-0.0364,-0.0447,9.934,0.002,0.0018,9.8066,0.0072,0.0193,0.0156,-15.25,-37.06,-5.44,249.05,-83.33,-167.85
52.395172,-1.432295,140.98,0,6,28.32,18 / 19,2996310,2019-09-06 20:10:02:053,0.0167,-0.1079,9.8978,-0.0004,0.0013,9.8066,-0.0071,0.0096,0.0081,-14.75,-37,-5,248.96,-83.33,-167.95
52.395172,-1.432295,140.98,0,6,28.32,17 / 18,2996409,2019-09-06 20:10:02:152,0.1533,0.1679,9.7317,0.0022,0.0003,9.8066,-0.0108,-0.0157,0.0084,-14.81,-36.87,-5,248.95,-83.32,-167.95
52.395172,-1.432295,140.98,0,6,28.32,17 / 18,2996510,2019-09-06 20:10:02:253,0.0687,0.1312,9.8706,-0.004,-0.0019,9.8066,-0.019,-0.0221,-0.0054,-15.31,-37,-5.12,248.93,-83.32,-167.96
52.395172,-1.432295,140.98,0,6,28.32,17 / 18,2996609,2019-09-06 20:10:02:352,-0.0981,-0.2149,9.9955,-0.0041,-0.0031,9.8066,0.0279,-0.0285,-0.0006,-14.81,-36.62,-5.25,248.81,-83.31,-168.09
52.395172,-1.432295,140.98,0,6,28.32,17 / 18,2996710,2019-09-06 20:10:02:453,0.122,0.2257,9.763,-0.0035,-0.0025,9.8066,0.035,-0.0123,-0.0145,-15.37,-36.5,-4.81,249.3,-83.33,-167.97
52.395172,-1.432295,140.98,0,6,28.32,17 / 18,2996810,2019-09-06 20:10:02:553,0.572,0.4916,9.8101,0.0051,0.002,9.8066,-0.0064,-0.0093,-0.0128,-14.62,-36.25,-5.12,249.12,-83.29,-168.09
52.395172,-1.432295,140.98,0,6,28.32,17 / 18,2996909,2019-09-06 20:10:02:652,-0.1776,-0.0866,9.8572,0.0042,0.0017,9.8066,-0.0229,0.008,0.0014,-15,-36.56,-5,248.74,-83.28,-168.09
52.395172,-1.432295,140.98,0,6,28.32,17 / 18,2997009,2019-09-06 20:10:02:752,0.2491,0.2695,9.876,-0.0019,-0.0025,9.8066,0.0163,-0.0138,0.0117,-14.56,-36.31,-4.69,249.17,-83.27,-168
52.395172,-1.432295,140.98,0,6,28.32,17 / 18,2997109,2019-09-06 20:10:02:852,0.1533,0.0809,9.9381,-0.0041,0.0011,9.8065,0.0021,-0.0059,-0.0232,-14.25,-36.44,-5.62,244.22,-83.27,-168.22
52.395172,-1.432295,140.98,0,6,28.32,17 / 18,2997209,2019-09-06 20:10:02:952,0.3201,0.2843,9.7608,0.0006,-0.0017,9.8066,0.0243,-0.0155,0.0143,-14.81,-36.44,-5.5,248.83,-83.26,-168.36
52.395172,-1.432295,140.98,0,6,28.32,17 / 18,2997310,2019-09-06 20:10:03:053,0.5004,0.2773,9.8431,-0.0049,-0.003,9.8066,0.0361,0.0021,0.0077,-15.5,-36.31,-5.37,248.95,-83.26,-168.22
52.395172,-1.432295,140.98,0,6,28.32,18 / 19,2997410,2019-09-06 20:10:03:153,0.2448,0.1076,9.9196,0.0048,0.0018,9.8066,-0.0304,-0.017,-0.0048,-15.06,-37.12,-4.75,248.49,-83.23,-168.25
52.395172,-1.432295,140.98,0,6,28.32,18 / 19,2997509,2019-09-06 20:10:03:252,0.2652,0.2471,9.8218,0.0043,0.004,9.8066,-0.0284,-0.0094,-0.0064,-15.12,-36.44,-4.94,248.78,-83.24,-168.36
52.395172,-1.432295,140.98,0,6,28.32,18 / 19,2997610,2019-09-06 20:10:03:353,0.1091,0.1033,9.9308,-0.002,-0.0019,9.8066,0.0148,0.0014,0.015,-15.44,-37.31,-5.19,248.49,-83.23,-168.25
52.395172,-1.432295,140.98,0,6,28.32,18 / 19,2997709,2019-09-06 20:10:03:452,-0.016,-0.0761,10.0063,-0.0048,-0.002,9.8066,0.0068,-0.003,0.0028,-15.12,-36.81,-5,248.47,-83.23,-168.28
52.395172,-1.432295,140.98,0,6,28.32,18 / 19,2997809,2019-09-06 20:10:03:552,0.0606,0.1175,9.8087,0.0006,-0.0006,9.8066,0.0247,-0.0222,-0.006,-15.19,-36.37,-5.12,248.68,-83.22,-168.43
52.395172,-1.432295,140.98,0,6,28.32,18 / 19,2997910,2019-09-06 20:10:03:653,-0.0988,-0.0866,9.8457,-0.0029,-0.0008,9.8066,0.0108,-0.0151,-0.0036,-14.69,-36.31,-5,248.7,-83.23,-168.43
52.395172,-1.432295,140.98,0,6,28.32,18 / 19,2998009,2019-09-06 20:10:03:752,0.1207,0.0404,9.9385,0.0008,-0.002,9.8066,-0.0014,0.0039,0.012,-14.87,-36.87,-5.31,248.48,-83.22,-168.24
52.395172,-1.432295,140.98,0,6,28.32,18 / 19,2998110,2019-09-06 20:10:03:853,0.5669,0.4486,9.7451,-0.0047,-0.0019,9.8066,-0.0046,-0.0114,0.0039,-14.94,-36.5,-5.44,248.87,-83.24,-168.26
52.395172,-1.432295,140.98,0,6,28.32,18 / 19,2998209,2019-09-06 20:10:03:952,0.1846,0.066,9.8298,0.0074,0.0031,9.8066,-0.0165,-0.009,-0.0074,-14.87,-36.25,-5.25,248.89,-83.21,-168.17
52.395172,-1.432295,140.98,0,6,28.32,18 / 19,2998309,2019-09-06 20:10:04:052,0.2197,0.172,9.5989,0.0054,0.0048,9.8066,-0.0316,-0.0144,-0.0002,-15.06,-36.56,-5.25,248.49,-83.21,-168.21
52.395172,-1.432295,140.98,0,6,28.32,17 / 18,2998409,2019-09-06 20:10:04:152,-0.0838,-0.0628,9.9051,-0.0065,-0.006,9.8066,0.0556,0.0118,0.0074,-14.94,-36.37,-5.31,248.75,-83.21,-168.32
52.395172,-1.432295,140.98,0,6,28.32,17 / 18,2998510,2019-09-06 20:10:04:253,-0.0993,-0.097,9.9667,-0.0082,-0.0049,9.8066,0.0292,-0.0132,-0.0003,-13.87,-36.5,-5,246.92,-83.24,-168.27
52.395172,-1.432295,140.98,0,6,28.32,17 / 18,2998609,2019-09-06 20:10:04:352,0.4214,0.3487,9.8131,0.002,0.0007,9.8066,-0.0143,0.002,-0.0108,-14.69,-36.12,-5.19,248.73,-83.21,-168.34
52.395172,-1.432295,140.98,0,6,28.32,17 / 18,2998710,2019-09-06 20:10:04:453,-0.102,-0.0485,9.8205,0.0024,0.0026,9.8066,-0.017,0.0002,0.0094,-14.87,-36.37,-4.87,248.68,-83.2,-168.38
52.395172,-1.432295,140.98,0,6,28.32,17 / 18,2998809,2019-09-06 20:10:04:552,0.1682,0.0954,9.8027,0.0015,0.0015,9.8066,0.0208,0.0006,0.0022,-14.44,-36.06,-4.75,246.69,-83.16,-168.35
52.395172,-1.432295,140.98,0,6,28.32,17 / 18,2998910,2019-09-06 20:10:04:653,0.1735,0.2103,9.8203,0.002,0.0026,9.8066,0.0059,-0.0132,-0.0064,-15.12,-36.19,-4.62,248.45,-83.14,-168.5
52.395172,-1.432295,140.98,0,6,28.32,17 / 18,2999010,2019-09-06 20:10:04:753,0.1087,-0.0257,9.8672,0.0009,-0.0006,9.8066,-0.0081,-0.0045,-0.0075,-15.19,-36.31,-5,248.54,-83.14,-168.4
52.395172,-1.432295,140.98,0,6,28.32,17 / 18,2999110,2019-09-06 20:10:04:853,0.0505,-0.0186,9.9005,0.0015,0.0014,9.8066,-0.0046,0.0028,0.01,-14.44,-36.94,-4.56,246.16,-83.12,-168.41
52.395172,-1.432295,140.98,0,6,28.32,17 / 18,2999210,2019-09-06 20:10:04:953,0.2849,0.3053,9.7668,-0.0009,-0.0014,9.8066,-0.0006,-0.0048,-0.0005,-14.12,-36.87,-5.31,246.2,-83.13,-168.4
52.395172,-1.432295,140.98,0,6,28.32,17 / 18,2999309,2019-09-06 20:10:05:052,0.2446,0.2031,9.8024,0.0008,-0.0023,9.8066,0.0147,-0.0184,-0.0076,-14.87,-36.12,-4.75,248.77,-83.15,-168.18
52.395172,-1.432295,140.98,0,6,28.32,18 / 19,2999409,2019-09-06 20:10:05:152,0.2497,0.079,9.9146,-0.0014,-0.0021,9.8066,0.014,0.009,0.0064,-13.87,-36.19,-4.56,246.69,-83.11,-168.24
52.395172,-1.432295,140.98,0,6,28.32,18 / 19,2999510,2019-09-06 20:10:05:253,0.6615,0.3829,9.9366,-0.0027,-0.0029,9.8066,0.0242,0.0001,0.0164,-14.31,-36.5,-4.69,246.73,-83.11,-168.2
52.395172,-1.432295,140.98,0,6,28.32,18 / 19,2999609,2019-09-06 20:10:05:352,0.192,0.164,9.9581,0.0027,0.0046,9.8066,0.0088,-0.0098,-0.0147,-14.37,-36.87,-5,246,-83.07,-168.47
52.395172,-1.432295,140.98,0,6,28.32,18 / 19,2999710,2019-09-06 20:10:05:453,0.5843,0.4037,9.8334,0.0019,0.0028,9.8066,-0.0063,-0.0063,-0.0073,-14.25,-36.75,-4.19,248.71,-83.06,-168.76
52.395172,-1.432295,140.98,0,6,28.32,18 / 19,2999809,2019-09-06 20:10:05:552,0.7866,0.5407,9.9189,0.0009,0.0018,9.8066,0.0201,-0.0091,0.0055,-14.12,-37,-4.25,248.46,-83.04,-168.99
52.395172,-1.432295,140.98,0,6,28.32,18 / 19,2999910,2019-09-06 20:10:05:653,0.6053,0.6175,9.8805,0.0021,0.0028,9.8066,0.0154,0.0108,-0.0018,-14.37,-37.5,-4.81,245.29,-82.99,-169.11
52.395172,-1.432295,140.98,0,6,28.32,18 / 19,3000010,2019-09-06 20:10:05:753,0.6275,0.2918,9.7872,0.0016,0.0026,9.8066,0.0306,-0.0102,-0.0035,-14.37,-37.19,-4.81,245.13,-82.94,-169.16
52.395172,-1.432295,140.98,0,6,28.32,18 / 19,3000109,2019-09-06 20:10:05:852,0.791,0.5333,9.8831,0.0035,0.0024,9.8066,0.0054,-0.0082,0.0083,-14.62,-37.62,-4.81,246.33,-82.86,-169.41
52.395172,-1.432295,140.98,0,6,28.32,18 / 19,3000210,2019-09-06 20:10:05:953,1.579,1.0637,9.8911,-0.0037,0.0001,9.8066,0.0361,0.0075,-0.021,-14.12,-37.12,-4.56,244.45,-82.83,-169.68
52.395172,-1.432295,140.98,0,6,28.32,18 / 19,3000310,2019-09-06 20:10:06:053,1.021,0.8522,9.8109,0.0092,0.0081,9.8066,0.0452,-0.0071,0.0083,-14.19,-36.94,-5.56,241.55,-82.8,-169.82
52.395172,-1.432295,140.98,0,6,28.32,18 / 19,3000409,2019-09-06 20:10:06:152,1.5036,1.2515,9.8613,-0.0044,-0.0034,9.8066,-0.0274,0.0026,-0.0006,-14.19,-36.81,-4.81,243.96,-82.75,-170.05
52.395172,-1.432295,140.98,0,6,28.32,18 / 19,3000510,2019-09-06 20:10:06:253,1.0489,0.8744,9.9908,0.0117,0.0045,9.8066,-0.047,-0.0023,0.0006,-14.75,-36.75,-4.75,245.83,-82.66,-169.98
52.395172,-1.432295,140.98,0,6,28.32,18 / 19,3000609,2019-09-06 20:10:06:352,1.2503,0.8394,9.8142,0.0061,0.0053,9.8066,0.0413,0.0102,0.004,-14.56,-37.25,-4.87,245.85,-82.66,-169.95
52.395172,-1.432295,140.98,0,6,28.32,18 / 19,3000710,2019-09-06 20:10:06:453,1.5754,1.0279,9.8684,-0.0075,-0.0068,9.8065,0.0003,0.0012,0.0136,-14.31,-36.44,-4.31,247.39,-82.66,-169.76
52.395172,-1.432295,140.98,0,6,28.32,18 / 19,3000810,2019-09-06 20:10:06:553,1.4805,0.8232,9.8696,-0.001,-0.002,9.8066,0.0016,-0.0088,-0.0195,-14.5,-36.25,-4.37,247.44,-82.66,-169.69
52.395172,-1.432295,140.98,0,6,28.32,18 / 19,3000910,2019-09-06 20:10:06:653,1.2741,0.7779,9.7744,0.0067,0.0115,9.8066,0.0129,-0.0047,-0.0064,-14,-37,-4.06,246.89,-82.63,-169.78
52.395172,-1.432295,140.98,0,6,28.32,18 / 19,3001009,2019-09-06 20:10:06:752,1.3223,0.8666,9.7066,-0.0055,-0.0029,9.8066,-0.0543,-0.0192,0.0398,-14.19,-37.37,-4.62,243.62,-82.65,-170.23
52.395172,-1.432295,140.98,0,6,28.32,18 / 19,3001110,2019-09-06 20:10:06:853,1.0878,1.8344,9.9126,0.0064,0,9.8066,0.0098,0.0226,-0.0377,-13.81,-37.06,-4.69,243.53,-82.61,-170.23
52.395172,-1.432295,140.98,0,6,28.32,18 / 19,3001209,2019-09-06 20:10:06:952,1.7312,0.8994,9.9343,0.0064,0.0112,9.8066,0.0398,0.0095,-0.0111,-13.94,-36.69,-4.75,243.3,-82.56,-170.38
52.395172,-1.432295,140.98,0,6,28.32,18 / 19,3001310,2019-09-06 20:10:07:053,1.557,0.9609,9.8487,-0.0053,-0.0025,9.8066,-0.0125,-0.0054,0.0115,-14.69,-36.25,-4.25,248.48,-82.54,-170.37
52.395172,-1.432295,140.98,0,6,28.32,18 / 19,3001409,2019-09-06 20:10:07:152,0.9977,0.8761,10.0809,-0.0054,-0.0071,9.8065,0.0372,-0.0131,0.01,-13.87,-35.69,-4.12,246.86,-82.57,-170.14
52.395172,-1.432295,140.98,0,6,28.32,18 / 19,3001510,2019-09-06 20:10:07:253,1.1997,1.0064,9.8416,0.0044,0.0007,9.8066,0.0267,0.0116,-0.0057,-14.06,-36.19,-3.87,246.83,-82.58,-170.2
52.395172,-1.432295,140.98,0,6,28.32,18 / 19,3001610,2019-09-06 20:10:07:353,1.1373,0.8458,9.8264,0.0085,0.0041,9.8066,0.0016,0.0048,-0.0092,-13.87,-36.87,-4.5,246.39,-82.52,-170.05
52.395172,-1.432295,140.98,0,6,28.32,18 / 19,3001709,2019-09-06 20:10:07:452,1.4434,0.8755,9.9153,-0.0025,0.0018,9.8066,0.0026,0.0019,0.0068,-13.69,-36.62,-4.69,243.26,-82.5,-170.31
52.395172,-1.432295,140.98,0,6,28.32,18 / 19,3001810,2019-09-06 20:10:07:553,0.5666,0.7596,9.9373,-0.0054,-0.0029,9.8066,0.0001,0.0017,0.0029,-14.44,-36.69,-4.69,243.3,-82.55,-170.38
52.395172,-1.432295,140.98,0,6,28.32,18 / 19,3001910,2019-09-06 20:10:07:653,0.7187,0.7735,9.8531,-0.0071,-0.0026,9.8066,0.0072,0.0093,-0.0077,-14.44,-36.69,-4.31,246.04,-82.63,-170.73
52.395172,-1.432295,140.98,0,6,28.32,18 / 19,3002010,2019-09-06 20:10:07:753,1.5474,1.1032,9.9636,-0.0007,-0.0021,9.8066,-0.0057,0.0219,-0.013,-13.75,-36.37,-4.31,246.46,-82.63,-170.75
52.395172,-1.432295,140.98,0,6,28.32,18 / 19,3002110,2019-09-06 20:10:07:853,1.0035,0.8342,9.8682,0.0011,0.0007,9.8066,0.0622,-0.0026,0.0279,-14.19,-36.5,-4.19,246.13,-82.58,-170.99
52.395172,-1.432295,140.98,0,6,28.32,18 / 19,3002210,2019-09-06 20:10:07:953,1.2134,0.3042,9.6928,-0.0015,-0.0051,9.8066,-0.0136,0.0251,-0.0021,-14.5,-37,-5.12,242.92,-82.51,-170.72
52.395172,-1.432295,140.98,0,6,28.32,18 / 19,3002310,2019-09-06 20:10:08:053,0.7476,0.6959,10.0076,0.0073,0.0088,9.8066,-0.0411,0.0109,0.0029,-14.56,-36.44,-5.06,244.77,-82.45,-171.17
52.39524,-1.432239,141.12,4.17,4,27.66,18 / 20,3002409,2019-09-06 20:10:08:152,0.6317,0.645,9.9505,-0.0002,0.0064,9.8065,0.0058,-0.003,0.0005,-14.44,-36.31,-5.06,242.98,-82.51,-171.12
52.39524,-1.432239,141.12,4.17,4,27.66,18 / 20,3002510,2019-09-06 20:10:08:253,0.7375,1.3987,9.6395,-0.0026,0.0066,9.8066,0.0253,0.0135,-0.0047,-13.56,-37.12,-4.5,244.65,-82.51,-172.05
52.39524,-1.432239,141.12,4.17,4,27.66,18 / 20,3002609,2019-09-06 20:10:08:352,0.6671,0.5756,9.8895,0.0105,0.0191,9.8065,-0.035,0.0133,-0.0309,-14.25,-37.44,-5.06,241.96,-82.5,-171.81
52.39524,-1.432239,141.12,4.17,4,27.66,18 / 20,3002710,2019-09-06 20:10:08:453,1.2697,1.1581,10.0135,0.0095,0.0068,9.8066,0.0172,0.07,-0.0158,-13.81,-37.31,-4.62,240.85,-82.36,-172.81
52.39524,-1.432239,141.12,4.17,4,27.66,18 / 20,3002810,2019-09-06 20:10:08:553,1.7217,1.0804,10.1138,0.0022,0.0041,9.8066,0.0258,0.0243,0.0156,-13.81,-36.37,-4.31,243.69,-82.35,-173.29
52.39524,-1.432239,141.12,4.17,4,27.66,18 / 20,3002910,2019-09-06 20:10:08:653,0.8571,1.3997,9.9926,0.0021,0.0066,9.8066,-0.0387,0.0253,-0.001,-13.12,-37.25,-4.81,238.22,-82.34,-173.34
52.39524,-1.432239,141.12,4.17,4,27.66,18 / 20,3003010,2019-09-06 20:10:08:753,1.2597,0.9171,9.7476,0.015,0.0105,9.8066,-0.05,0.0977,-0.0131,-13.62,-36.69,-5,239.76,-82.21,-173.75
52.39524,-1.432239,141.12,4.17,4,27.66,18 / 20,3003110,2019-09-06 20:10:08:853,0.4501,0.9771,9.9424,0.0196,0.0155,9.8066,0.0868,0.0432,-0.0114,-13.75,-37.12,-4,242.13,-82.13,-174.09
52.39524,-1.432239,141.12,4.17,4,27.66,18 / 20,3003210,2019-09-06 20:10:08:953,-0.0455,0.9485,9.8226,-0.023,-0.0167,9.8065,0.0283,0.0626,-0.0547,-13,-36.94,-4.69,237.17,-82.07,-173.99
52.39524,-1.432239,141.12,4.17,4,27.66,18 / 20,3003310,2019-09-06 20:10:09:053,-0.0302,1.0006,9.65,-0.0079,-0.005,9.8066,0.0675,0.0557,0.0337,-13.94,-37.5,-4.56,239.17,-82.13,-174.28
52.39524,-1.432239,141.12,4.17,4,27.66,19 / 20,3003409,2019-09-06 20:10:09:152,0.7994,0.9009,10.0079,0.008,0.0055,9.8066,0.0741,0.0685,0.0185,-12.94,-37,-4.62,236.85,-81.99,-174.19
52.39524,-1.432239,141.12,4.17,4,27.66,19 / 20,3003510,2019-09-06 20:10:09:253,1.7885,1.6433,10.142,0.0188,0.0148,9.8066,-0.1969,0.0739,-0.015,-12.56,-37.25,-4.25,239.76,-82,-174.14
52.39524,-1.432239,141.12,4.17,4,27.66,19 / 20,3003609,2019-09-06 20:10:09:352,1.1098,1.1127,9.6556,0.0397,0.0402,9.8064,-0.2228,0.0698,0.0148,-13.37,-37.31,-5.06,235.94,-81.74,-174.74
52.39524,-1.432239,141.12,4.17,4,27.66,19 / 20,3003709,2019-09-06 20:10:09:452,0.2285,0.5321,9.3888,0.0523,0.0337,9.8063,0.0784,0.1011,-0.0651,-12.62,-36.81,-4.56,236.01,-81.72,-174.6
52.39524,-1.432239,141.12,4.17,4,27.66,19 / 20,3003809,2019-09-06 20:10:09:552,0.5894,0.623,9.6405,-0.0113,-0.0028,9.8066,-0.1035,0.0645,0.006,-12.81,-37.56,-5.19,236.14,-81.85,-174.22
52.39524,-1.432239,141.12,4.17,4,27.66,19 / 20,3003909,2019-09-06 20:10:09:652,0.9508,1.2593,9.6895,0.0136,0.0121,9.8065,0.0392,0.0933,-0.0265,-12.62,-36.62,-5.31,236.2,-81.86,-174.68
52.39524,-1.432239,141.12,4.17,4,27.66,19 / 20,3004010,2019-09-06 20:10:09:753,0.1564,1.4288,9.7205,0.006,0.0104,9.8066,-0.1083,0.1031,0.0306,-12.44,-36.62,-5.19,233.82,-81.85,-174.69
52.39524,-1.432239,141.12,4.17,4,27.66,19 / 20,3004110,2019-09-06 20:10:09:853,0.2232,0.9072,9.5321,-0.0186,-0.0312,9.8066,0.0244,0.0419,-0.0283,-12.12,-37.12,-5.37,233.48,-81.76,-174.92
52.39524,-1.432239,141.12,4.17,4,27.66,19 / 20,3004209,2019-09-06 20:10:09:952,1.3705,0.5055,9.5158,-0.0167,-0.0042,9.8066,-0.1007,0.1515,-0.0711,-12.37,-37.37,-5.62,231.31,-81.84,-174.5
52.39524,-1.432239,141.12,4.17,4,27.66,19 / 20,3004309,2019-09-06 20:10:10:052,0.6985,0.7578,9.297,-0.0004,0.0047,9.8066,0.1211,0.0619,-0.0031,-11.37,-36.75,-4.94,230.75,-81.83,-175.27
52.39524,-1.432239,141.12,4.17,4,27.66,18 / 19,3004410,2019-09-06 20:10:10:153,-0.4024,1.7068,10.1183,-0.0303,-0.031,9.8065,0.1143,0.1056,-0.0462,-12.37,-37.44,-5.94,230.83,-81.71,-174.84
52.39524,-1.432239,141.12,4.17,4,27.66,18 / 19,3004509,2019-09-06 20:10:10:252,1.3509,1.3334,9.8814,-0.0199,0.0089,9.8066,-0.0352,0.1292,-0.0424,-11.19,-36.81,-5.19,231.54,-81.91,-174.44
52.39524,-1.432239,141.12,4.17,4,27.66,18 / 19,3004610,2019-09-06 20:10:10:353,-0.1533,0.9485,10.0037,-0.0056,-0.0027,9.8066,0.0677,0.0485,0.0176,-11.44,-37.5,-5.87,228.86,-81.93,-174.51
52.39524,-1.432239,141.12,4.17,4,27.66,18 / 19,3004710,2019-09-06 20:10:10:453,-0.1907,0.7813,9.5983,0.0092,0.0014,9.8065,-0.0902,0.1233,-0.0043,-11.94,-37.12,-5.56,231.55,-81.86,-174.23
52.39524,-1.432239,141.12,4.17,4,27.66,18 / 19,3004810,2019-09-06 20:10:10:553,0.543,1.0141,9.858,0.0104,0.0057,9.8066,-0.0046,0.07,0.0359,-11.19,-37.44,-5.5,231.86,-81.79,-173.72
52.39524,-1.432239,141.12,4.17,4,27.66,18 / 19,3004909,2019-09-06 20:10:10:652,-0.6957,0.8415,9.5917,0.0173,0.0132,9.8066,0.0361,0.0567,0.0093,-11.25,-37.25,-5.87,229.32,-81.73,-173.46
52.39524,-1.432239,141.12,4.17,4,27.66,18 / 19,3005010,2019-09-06 20:10:10:753,-0.1973,1.1168,9.6549,-0.0118,-0.0189,9.8066,0.0568,0.1108,0.0482,-10.56,-37,-5.56,229.48,-81.66,-173.09
52.39524,-1.432239,141.12,4.17,4,27.66,18 / 19,3005109,2019-09-06 20:10:10:852,0.3554,1.0917,9.8898,-0.0046,-0.017,9.8066,-0.0846,0.1093,-0.0395,-11.56,-36.87,-6.5,233.01,-81.77,-172.22
52.39524,-1.432239,141.12,4.17,4,27.66,18 / 19,3005209,2019-09-06 20:10:10:952,-0.123,0.6703,9.6316,-0.0003,0,9.8066,-0.0476,0.0944,0.0192,-10.75,-36.69,-5.87,230.75,-81.85,-171.89
52.39524,-1.432239,141.12,4.17,4,27.66,18 / 19,3005310,2019-09-06 20:10:11:053,-1.0496,-0.4492,10.1403,0.0046,0.012,9.8066,0.0059,0.0954,-0.0538,-10.44,-36.44,-6.56,226.08,-81.96,-171.84
52.39524,-1.432239,141.12,4.17,4,27.66,19 / 20,3005409,2019-09-06 20:10:11:152,-0.605,0.0313,10.238,-0.0108,-0.0107,9.8065,-0.0034,0.1125,-0.0111,-10,-36.25,-6.56,225.82,-82.05,-172.37
52.39524,-1.432239,141.12,4.17,4,27.66,19 / 20,3005510,2019-09-06 20:10:11:253,-0.061,1.0202,10.2799,0.0082,0.0218,9.8066,-0.0132,0.127,-0.0358,-10.25,-37,-6.5,227.46,-82.05,-172.88
52.39524,-1.432239,141.12,4.17,4,27.66,19 / 20,3005609,2019-09-06 20:10:11:352,-0.2917,1.083,9.8623,0.0355,0.0401,9.8064,-0.0583,0.0768,-0.0485,-10.44,-36.56,-7.44,224.61,-82.03,-173.43
52.39524,-1.432239,141.12,4.17,4,27.66,19 / 20,3005710,2019-09-06 20:10:11:453,-0.9101,0.7397,10.4333,0.0068,0.0146,9.8066,-0.0024,0.0849,0.0154,-10.12,-37.75,-6.56,223.61,-81.72,-173.6
52.39524,-1.432239,141.12,4.17,4,27.66,19 / 20,3005809,2019-09-06 20:10:11:552,-0.4254,0.898,10.5478,0.0126,0.0271,9.8066,-0.055,0.1071,0.0027,-10.19,-37,-7.06,222.83,-81.6,-174.88
52.39524,-1.432239,141.12,4.17,4,27.66,19 / 20,3005909,2019-09-06 20:10:11:652,-0.4866,-0.1069,10.3064,0.0126,0.012,9.8066,0.0168,0.053,-0.0274,-9.81,-37,-7,223.02,-81.63,-174.69
52.39524,-1.432239,141.12,4.17,4,27.66,19 / 20,3006009,2019-09-06 20:10:11:752,-0.0189,0.7033,9.4422,0.0014,0.0238,9.8065,-0.0849,0.0645,0.0528,-10.25,-37.62,-7.19,222.5,-81.66,-174.97
52.39524,-1.432239,141.12,4.17,4,27.66,19 / 20,3006109,2019-09-06 20:10:11:852,-0.812,-0.8139,9.6611,0.0129,0.0102,9.8066,0.1107,0.1878,-0.1097,-9.37,-37.37,-6.56,219.43,-81.57,-175.34
52.39524,-1.432239,141.12,4.17,4,27.66,19 / 20,3006210,2019-09-06 20:10:11:953,0.4086,2.0399,9.7897,-0.0048,-0.0024,9.8066,0.0759,0.0961,-0.014,-9.69,-37.5,-6.81,222.25,-81.6,-175.65
52.39524,-1.432239,141.12,4.17,4,27.66,19 / 20,3006310,2019-09-06 20:10:12:053,-0.271,0.547,9.5749,-0.0067,-0.0046,9.8066,0.0724,0.0911,-0.0102,-8.75,-37.69,-7.12,218.99,-81.65,-175.63
52.39524,-1.432239,141.12,4.17,4,27.66,19 / 20,3006409,2019-09-06 20:10:12:152,-0.5909,1.2568,9.775,-0.0059,-0.0105,9.8066,-0.1283,0.1794,-0.0364,-8.94,-37.56,-7.19,219.09,-81.65,-175.49
52.39524,-1.432239,141.12,4.17,4,27.66,19 / 20,3006510,2019-09-06 20:10:12:253,-0.3051,0.484,9.838,-0.0003,-0.0084,9.8065,0.0276,0.0566,0.0052,-8.31,-36.87,-7.25,216.38,-81.76,-175.45
52.39524,-1.432239,141.12,4.17,4,27.66,19 / 20,3006609,2019-09-06 20:10:12:352,-1.6255,1.0005,9.6061,-0.0082,-0.0125,9.8066,0.0419,0.1513,-0.084,-8.56,-36.94,-7.31,219.72,-81.77,-175.36
52.39524,-1.432239,141.12,4.17,4,27.66,19 / 20,3006710,2019-09-06 20:10:12:453,-1.1266,1.1593,9.3289,0.0104,0.0089,9.8066,-0.0476,0.048,0.0639,-8.25,-37.25,-7.44,216.38,-81.78,-175.48
52.39524,-1.432239,141.12,4.17,4,27.66,19 / 20,3006810,2019-09-06 20:10:12:553,-1.054,-0.0743,10.2162,-0.0021,-0.0159,9.8065,-0.0243,0.1116,-0.0297,-8.25,-37.69,-7.69,214.6,-81.75,-174.73
52.39524,-1.432239,141.12,4.17,4,27.66,19 / 20,3006909,2019-09-06 20:10:12:652,-1.3285,0.038,10.2654,-0.0105,-0.0108,9.8065,0.0736,0.0679,0.0012,-7.5,-37.5,-7.31,213.16,-81.76,-175.03
52.39524,-1.432239,141.12,4.17,4,27.66,19 / 20,3007010,2019-09-06 20:10:12:753,-0.6285,0.5006,10.1863,-0.002,0.0101,9.8066,0.0556,0.0797,-0.0212,-8.19,-37.44,-7.25,216.37,-81.66,-175.25
52.39524,-1.432239,141.12,4.17,4,27.66,19 / 20,3007110,2019-09-06 20:10:12:853,-0.5856,1.5093,9.816,0.0008,0.0013,9.8066,-0.0167,0.0961,0.0564,-6.94,-37.62,-6.87,212.08,-81.53,-175.68
52.39524,-1.432239,141.12,4.17,4,27.66,19 / 20,3007210,2019-09-06 20:10:12:953,-1.1601,-0.0282,10.0874,0.0261,0.0399,9.8064,-0.1584,0.1217,-0.0079,-7.94,-37.69,-7.25,215.37,-81.43,-175.71
52.39524,-1.432239,141.12,4.17,4,27.66,19 / 20,3007310,2019-09-06 20:10:13:053,-1.4322,0.8076,9.6085,0.0242,0.026,9.8065,0.0558,0.0119,-0.002,-7.56,-37.25,-7.69,214.23,-81.51,-175.25
52.39524,-1.432239,141.12,4.17,4,27.66,19 / 20,3007410,2019-09-06 20:10:13:153,-1.1631,0.6017,9.4348,-0.0126,-0.0224,9.8066,0.0173,0.1022,0.0014,-6.75,-37.37,-7.19,213.11,-81.71,-174.99
52.39524,-1.432239,141.12,4.17,4,27.66,19 / 20,3007509,2019-09-06 20:10:13:252,-1.6254,-1.3303,9.7487,0.0076,-0.0031,9.8066,0.0745,0.0576,0.0465,-6.25,-37.12,-7.75,207.87,-81.63,-174.63
52.39524,-1.432239,141.12,4.17,4,27.66,19 / 20,3007610,2019-09-06 20:10:13:353,0.0465,0.1314,10.3732,-0.0029,-0.0196,9.8066,0.0449,0.0675,-0.0214,-7.06,-37.37,-7.62,211.97,-81.61,-173.84
52.39524,-1.432239,141.12,4.17,4,27.66,19 / 20,3007709,2019-09-06 20:10:13:452,-1.0485,-0.2428,9.814,-0.0053,-0.0127,9.8066,-0.038,0.0405,0.0072,-6.62,-36.75,-7.69,212.26,-81.69,-173.57
52.39524,-1.432239,141.12,4.17,4,27.66,19 / 20,3007810,2019-09-06 20:10:13:553,-0.5331,-0.3225,9.7235,0.0018,0.0121,9.8066,0.0038,0.051,0.0344,-6.56,-36.81,-7.5,213.76,-81.57,-173.72
52.39524,-1.432239,141.12,4.17,4,27.66,19 / 20,3007910,2019-09-06 20:10:13:653,-0.4587,0.2677,9.5295,0.001,-0.0089,9.8066,-0.0143,0.0767,0.0006,-6.31,-36.5,-7.37,210.54,-81.45,-173.15
52.39524,-1.432239,141.12,4.17,4,27.66,19 / 20,3008009,2019-09-06 20:10:13:752,0.0227,-0.0473,9.5455,-0.0131,-0.0248,9.8066,0.0006,0.0004,0.0277,-6.69,-37.06,-7.56,212.41,-81.44,-172.89
52.39524,-1.432239,141.12,4.17,4,27.66,19 / 20,3008109,2019-09-06 20:10:13:852,-0.5942,0.7219,10.1531,-0.0034,-0.0198,9.8066,-0.0409,0.0303,-0.0017,-6.12,-36.5,-7.87,209.82,-81.67,-172.24
52.39524,-1.432239,141.12,4.17,4,27.66,19 / 20,3008209,2019-09-06 20:10:13:952,-0.659,0.5568,10.1225,0.0066,0.0161,9.8066,-0.0063,0.0672,0.0121,-6.37,-36.5,-8.25,209.83,-81.67,-172.22
52.39524,-1.432239,141.12,4.17,4,27.66,19 / 20,3008310,2019-09-06 20:10:14:053,-0.5407,-0.1813,9.769,0.0108,0.025,9.8065,0.0751,0.0159,0.0234,-6.19,-37,-8.06,209.52,-81.58,-172.09
52.39524,-1.432239,141.12,4.17,4,27.66,19 / 20,3008410,2019-09-06 20:10:14:153,-0.6964,-0.0616,10.1584,-0.0056,-0.0179,9.8066,0.0952,0.0114,-0.0197,-6.5,-37.31,-7.44,211.16,-81.48,-171.74
52.39524,-1.432239,141.12,4.17,4,27.66,19 / 20,3008510,2019-09-06 20:10:14:253,-0.944,-0.2311,10.0743,-0.0076,-0.0126,9.8066,0.0377,0.0243,0.04,-5.75,-37.56,-7.75,209.17,-81.34,-171.75
52.39524,-1.432239,141.12,4.17,4,27.66,19 / 20,3008610,2019-09-06 20:10:14:353,-0.1592,-0.4114,9.4952,0.0105,0.0133,9.8066,0.0041,0.0008,0.0243,-6,-37.06,-6.75,210.78,-81.14,-171.63
52.39524,-1.432239,141.12,4.17,4,27.66,19 / 20,3008709,2019-09-06 20:10:14:452,-0.341,-0.2606,9.4396,0.0189,0.0471,9.8065,0.0701,0.0181,-0.0107,-5.87,-36.62,-6.87,210.35,-80.73,-171.44
52.39524,-1.432239,141.12,4.17,4,27.66,19 / 20,3008810,2019-09-06 20:10:14:553,-0.7037,0.4956,9.3547,-0.0086,-0.022,9.8066,0.0017,0.0516,-0.007,-5.56,-37.19,-6.75,209.88,-80.86,-172.46
52.39524,-1.432239,141.12,4.17,4,27.66,19 / 20,3008910,2019-09-06 20:10:14:653,0.0766,-0.3547,10.4161,-0.0035,-0.0239,9.8066,0.1632,0.0122,0.0299,-4.94,-36.94,-7,206.23,-80.93,-172.1
52.39524,-1.432239,141.12,4.17,4,27.66,19 / 20,3009010,2019-09-06 20:10:14:753,-0.8668,-0.1065,10.6905,-0.0121,-0.0322,9.8065,0.214,0.0449,-0.0114,-5.56,-37.06,-7.44,210.77,-81.18,-171.72
52.39524,-1.432239,141.12,4.17,4,27.66,19 / 20,3009110,2019-09-06 20:10:14:853,-0.5147,0.9358,10.5435,0.0004,-0.0165,9.8066,0.0271,0.0203,0.0053,-5.31,-36.87,-7.87,205.39,-80.97,-171.55
52.39524,-1.432239,141.12,4.17,4,27.66,19 / 20,3009209,2019-09-06 20:10:14:952,-0.5155,0.1797,10.7221,0.0089,0.0405,9.8065,0.1042,0.0425,-0.0087,-5.87,-36.87,-7.12,209.65,-80.62,-172.33
52.39524,-1.432239,141.12,4.17,4,27.66,19 / 20,3009309,2019-09-06 20:10:15:052,0.575,0.2509,10.1402,0.0113,0.0137,9.8066,-0.0302,0.0883,-0.0434,-5.5,-36.81,-7.5,204.69,-80.1,-173.13
52.39524,-1.432239,141.12,4.17,4,27.66,19 / 20,3009410,2019-09-06 20:10:15:153,0.0407,-0.6712,10.478,0.0225,0.0445,9.8065,-0.0569,0.1016,-0.0908,-5.87,-37.12,-6.56,208.26,-79.82,-173.02
52.39524,-1.432239,141.12,4.17,4,27.66,19 / 20,3009509,2019-09-06 20:10:15:252,-0.2664,0.1917,9.3295,-0.0101,0.0362,9.8065,-0.1137,0.0219,-0.0108,-6.25,-37.25,-6.75,207.48,-79.94,-174.54
52.39524,-1.432239,141.12,4.17,4,27.66,19 / 20,3009610,2019-09-06 20:10:15:353,-0.4926,-0.1153,9.7405,0.0035,-0.0125,9.8066,-0.1074,0.0221,0.0517,-5.69,-37,-7,207.82,-80.15,-174.37
52.39524,-1.432239,141.12,4.17,4,27.66,19 / 20,3009710,2019-09-06 20:10:15:453,0.4537,-1.2633,9.4222,-0.0075,-0.049,9.8065,0.1521,0.0403,0.0017,-5.37,-37.56,-7.31,204.35,-80.24,-173.48
52.39524,-1.432239,141.12,4.17,4,27.66,19 / 20,3009809,2019-09-06 20:10:15:552,-0.3464,-0.5879,9.5319,-0.0274,-0.0464,9.8065,0.1592,-0.0119,-0.0469,-5.75,-37.87,-7.25,208.55,-80.41,-173.18
52.39524,-1.432239,141.12,4.17,4,27.66,19 / 20,3009909,2019-09-06 20:10:15:652,-0.0496,0.6782,9.156,-0.0283,-0.0544,9.8064,-0.2133,-0.0614,-0.0096,-5.25,-37.75,-7.62,203.55,-80.86,-173.88
52.39524,-1.432239,141.12,4.17,4,27.66,19 / 20,3010010,2019-09-06 20:10:15:753,1.7926,-0.409,9.6141,-0.0205,0.0068,9.8065,-0.0841,-0.0263,-0.0405,-5.25,-37.31,-7.31,204.33,-81.02,-175.39
52.39524,-1.432239,141.12,4.17,4,27.66,19 / 20,3010110,2019-09-06 20:10:15:853,1.0073,0.1648,9.6995,-0.0491,0.0169,9.8065,-0.0501,0.024,-0.1888,-5.25,-37.62,-7.75,200.88,-81.26,-178.73
52.39524,-1.432239,141.12,4.17,4,27.66,19 / 20,3010210,2019-09-06 20:10:15:953,-0.035,-0.1485,10.2619,-0.0475,0.0029,9.8065,0.0661,-0.0387,-0.0914,-4.37,-37.5,-8.19,193.57,-81.62,174.99
52.39524,-1.432239,141.12,4.17,4,27.66,19 / 20,3010310,2019-09-06 20:10:16:053,0.1556,0.2481,9.2123,-0.0473,0.0065,9.8065,-0.0653,-0.0227,-0.1183,-4,-37.62,-7.94,190.99,-81.59,171.12
52.39524,-1.432239,141.12,4.17,4,27.66,19 / 20,3010409,2019-09-06 20:10:16:152,-0.3819,1.0964,8.678,-0.0225,0.0027,9.8065,-0.0692,0.0161,0.0111,-3.37,-38,-7.56,185.38,-81.46,168.32
52.39524,-1.432239,141.12,4.17,4,27.66,19 / 20,3010510,2019-09-06 20:10:16:253,-0.0272,-0.1753,10.3123,-0.0068,0.0056,9.8066,0.0575,-0.0293,-0.0167,-3.75,-37.87,-7.94,188.14,-81.43,166.63
52.39524,-1.432239,141.12,4.17,4,27.66,19 / 20,3010610,2019-09-06 20:10:16:353,0.4241,-0.176,10.6156,-0.0122,-0.0446,9.8065,0.1397,-0.071,-0.0172,-3.44,-37.87,-8,184.37,-81.85,166.52
52.39524,-1.432239,141.12,4.17,4,27.66,19 / 20,3010709,2019-09-06 20:10:16:452,0.64,0.0289,10.264,-0.0072,-0.0347,9.8066,-0.0546,-0.0505,0.0291,-4.62,-37.44,-7.87,192.15,-81.81,166.79
52.39524,-1.432239,141.12,4.17,4,27.66,19 / 20,3010810,2019-09-06 20:10:16:553,1.4526,0.0806,9.5187,0.0147,0.0282,9.8066,0.0615,-0.1093,0.0407,-4.06,-37.5,-7.75,188.81,-81.36,167.61
52.39524,-1.432239,141.12,4.17,4,27.66,19 / 20,3010910,2019-09-06 20:10:16:653,0.7336,-0.4845,9.9645,-0.0119,-0.0062,9.8066,-0.0515,-0.1259,0.0233,-4.25,-37.94,-7.56,189.08,-81.19,168.31
52.39524,-1.432239,141.12,4.17,4,27.66,19 / 20,3011010,2019-09-06 20:10:16:753,1.0295,0.2324,10.0703,-0.004,0.031,9.8065,-0.1847,-0.0413,-0.0569,-4.5,-37.12,-7.87,188.75,-81.34,167.52
52.39524,-1.432239,141.12,4.17,4,27.66,19 / 20,3011109,2019-09-06 20:10:16:852,1.9446,-1.2108,9.9793,-0.0038,-0.0268,9.8066,0.1325,-0.0911,0.0119,-4.25,-37.62,-7.31,189.55,-81.19,166.57
52.39524,-1.432239,141.12,4.17,4,27.66,19 / 20,3011209,2019-09-06 20:10:16:952,1.0303,-0.0198,9.9276,-0.0101,-0.0187,9.8066,0.0926,-0.0766,0.0084,-5.69,-37.81,-7.87,194.91,-81.26,166.43
52.39524,-1.432239,141.12,4.17,4,27.66,19 / 20,3011310,2019-09-06 20:10:17:053,1.6227,-0.6051,9.5786,0.0117,0.0144,9.8066,0.0648,-0.1298,-0.0145,-5.06,-38.06,-7.81,191.52,-81.12,166.52
52.395912,-1.432087,142.42,10.27,2,2.42,19 / 20,3011410,2019-09-06 20:10:17:153,1.2399,-1.6179,9.6601,-0.0129,0.0075,9.8066,-0.0164,-0.15,0.0534,-5.62,-37.31,-7.75,194.7,-80.93,166.17
52.395912,-1.432087,142.42,10.27,2,2.42,19 / 20,3011509,2019-09-06 20:10:17:252,2.3107,-1.4495,9.8411,0.0066,-0.0133,9.8066,-0.0176,-0.1612,0.0132,-5.5,-36.69,-7.5,193,-81.14,165.9
52.395912,-1.432087,142.42,10.27,2,2.42,19 / 20,3011610,2019-09-06 20:10:17:353,2.0191,-0.6855,9.9281,0.0074,0.0175,9.8066,-0.0594,-0.137,-0.0359,-6.06,-37.12,-7.44,196.44,-81.23,165.63
52.395912,-1.432087,142.42,10.27,2,2.42,19 / 20,3011709,2019-09-06 20:10:17:452,2.0513,-1.0239,9.8599,0.0108,0.025,9.8066,0.0014,-0.2148,0.0879,-6.75,-37.44,-7.75,197.45,-81.11,165.36
52.395912,-1.432087,142.42,10.27,2,2.42,19 / 20,3011810,2019-09-06 20:10:17:553,1.4138,-0.8592,9.8528,0.0205,0.0102,9.8066,0.0553,-0.2495,0.0905,-6.62,-37.25,-7.19,199.96,-81.1,166.14
52.395912,-1.432087,142.42,10.27,2,2.42,19 / 20,3011909,2019-09-06 20:10:17:652,1.4871,-1.1796,9.0529,0.001,-0.0157,9.8065,-0.0165,-0.1633,0.0423,-7.62,-37.62,-7.25,203.73,-81.17,167.45
52.395912,-1.432087,142.42,10.27,2,2.42,19 / 20,3012009,2019-09-06 20:10:17:752,1.9715,-2.4977,9.6073,0.0288,0.0209,9.8065,0.1254,-0.174,0.038,-7.69,-37.81,-7.31,204.75,-81.2,168.94
52.395912,-1.432087,142.42,10.27,2,2.42,19 / 20,3012110,2019-09-06 20:10:17:853,2.2182,-1.9891,10.0356,-0.0172,-0.0276,9.8065,0.0732,-0.2771,0.1297,-8.69,-37.44,-6.81,208.63,-81.48,169.6
52.395912,-1.432087,142.42,10.27,2,2.42,19 / 20,3012210,2019-09-06 20:10:17:953,3.3917,-2.0762,9.6029,0.003,-0.0371,9.8065,-0.1316,-0.2241,0.0857,-8.87,-37.5,-6.81,209.82,-81.6,171.1
52.395912,-1.432087,142.42,10.27,2,2.42,19 / 20,3012310,2019-09-06 20:10:18:053,1.2948,-1.5072,9.6881,0.0367,0.0376,9.8065,-0.1777,-0.2258,-0.0271,-9.37,-37.25,-6.87,209.55,-81.31,171.18
52.395912,-1.432087,142.42,10.27,2,2.42,18 / 19,3012409,2019-09-06 20:10:18:152,1.9429,-1.0957,10.0197,0.0073,0.0225,9.8066,0.0271,-0.2976,0.059,-10.19,-37.87,-6.31,214.04,-81.38,170.63
52.395912,-1.432087,142.42,10.27,2,2.42,18 / 19,3012510,2019-09-06 20:10:18:253,1.7019,-2.5921,11.0022,-0.0096,-0.0129,9.8066,0.1049,-0.2032,-0.0023,-10,-37,-6.69,211.49,-81.53,169.73
52.395912,-1.432087,142.42,10.27,2,2.42,18 / 19,3012609,2019-09-06 20:10:18:352,1.5847,-1.3622,10.0473,-0.0247,-0.0126,9.8065,-0.0618,-0.1858,-0.036,-11,-37.87,-6.56,213.31,-81.45,169.3
52.395912,-1.432087,142.42,10.27,2,2.42,18 / 19,3012710,2019-09-06 20:10:18:453,2.3011,-1.9492,10.1124,0.0288,0.0335,9.8065,-0.0315,-0.2584,0.0873,-11.19,-37.75,-5.75,215.5,-80.92,169.98
52.395912,-1.432087,142.42,10.27,2,2.42,18 / 19,3012810,2019-09-06 20:10:18:553,2.1517,-1.7521,9.9808,0.0097,0,9.8066,-0.0359,-0.2781,0.067,-11.06,-36.87,-5.87,216.04,-80.9,170.33
52.395912,-1.432087,142.42,10.27,2,2.42,18 / 19,3012910,2019-09-06 20:10:18:653,1.4734,-1.8766,10.2682,0.0017,-0.0179,9.8066,0.0099,-0.2092,0.0431,-11.62,-36.94,-5.37,221.67,-80.78,171.67
52.395912,-1.432087,142.42,10.27,2,2.42,18 / 19,3013010,2019-09-06 20:10:18:753,2.311,-2.003,9.9688,-0.0002,-0.007,9.8066,0.0671,-0.2132,-0.0227,-12.5,-37.37,-5,222.41,-80.8,172.64
52.395912,-1.432087,142.42,10.27,2,2.42,18 / 19,3013110,2019-09-06 20:10:18:853,2.6491,-2.1157,10.0018,0.0082,0.0128,9.8066,0.0194,-0.2587,0.0817,-12.87,-37.19,-5,224.97,-80.62,173.56
52.395912,-1.432087,142.42,10.27,2,2.42,18 / 19,3013210,2019-09-06 20:10:18:953,2.5826,-1.9222,9.7247,0.0066,-0.0069,9.8066,-0.0606,-0.1003,-0.0598,-13.06,-37.12,-4.44,227.97,-80.68,173.94
52.395912,-1.432087,142.42,10.27,2,2.42,18 / 19,3013310,2019-09-06 20:10:19:053,2.4855,-2.4725,10.0343,0.0008,0.0184,9.8066,0.0333,-0.2809,0.1579,-13.5,-37.44,-4.12,227.38,-80.73,173.06
52.395912,-1.432087,142.42,10.27,2,2.42,19 / 20,3013410,2019-09-06 20:10:19:153,0.3005,-1.4186,9.5532,0.0113,0.0183,9.8066,0.175,-0.1866,-0.0114,-13.56,-37.31,-4.06,229.54,-80.59,173.68
52.395912,-1.432087,142.42,10.27,2,2.42,19 / 20,3013510,2019-09-06 20:10:19:253,2.4354,-2.054,9.8272,-0.0211,-0.0156,9.8065,0.1455,-0.2118,0.0593,-13.94,-37,-3.87,228.71,-80.69,172.4
52.395912,-1.432087,142.42,10.27,2,2.42,19 / 20,3013609,2019-09-06 20:10:19:352,1.292,-0.3158,9.7115,-0.0292,-0.0117,9.8065,-0.0186,-0.232,0.0786,-14,-37.56,-3.62,228.18,-80.66,172.29
52.395912,-1.432087,142.42,10.27,2,2.42,19 / 20,3013710,2019-09-06 20:10:19:453,1.5795,-0.5827,9.4659,-0.0037,-0.0001,9.8066,-0.0867,-0.1759,-0.0097,-14.06,-38.06,-3.19,230.44,-80.59,171.87
52.395912,-1.432087,142.42,10.27,2,2.42,19 / 20,3013809,2019-09-06 20:10:19:552,1.458,-0.4568,9.9402,-0.0141,0.0015,9.8066,0.0931,-0.2019,0.1205,-14,-37.19,-3.19,230.6,-80.72,171.27
52.395912,-1.432087,142.42,10.27,2,2.42,19 / 20,3013909,2019-09-06 20:10:19:652,0.6544,-0.7271,9.6286,-0.0124,-0.017,9.8066,0.0287,-0.1281,-0.0154,-14.87,-37.19,-3.5,232.65,-80.62,172.01
52.395912,-1.432087,142.42,10.27,2,2.42,19 / 20,3014010,2019-09-06 20:10:19:753,1.0302,-1.0631,9.8517,0.0049,0.0023,9.8066,-0.0079,-0.2343,0.0846,-14.87,-37.06,-3,233.38,-80.79,172.59
52.395912,-1.432087,142.42,10.27,2,2.42,19 / 20,3014109,2019-09-06 20:10:19:852,0.4705,-0.6273,10.3022,0.0038,-0.001,9.8066,-0.0054,-0.0623,-0.0534,-15.25,-37.37,-2.56,233.55,-80.61,173.16
52.395912,-1.432087,142.42,10.27,2,2.42,19 / 20,3014210,2019-09-06 20:10:19:953,0.8383,0.9233,9.3872,0.0026,0.0147,9.8066,0.0032,-0.1667,0.0878,-15.25,-36.31,-2.56,233.27,-80.44,172.62
52.395912,-1.432087,142.42,10.27,2,2.42,19 / 20,3014309,2019-09-06 20:10:20:052,2.4462,-0.2708,9.6282,0.0261,-0.0166,9.8065,-0.0542,-0.0822,-0.0106,-15.5,-36.75,-2,236.13,-80.39,173.36
52.395912,-1.432087,142.42,10.27,2,2.42,19 / 20,3014410,2019-09-06 20:10:20:153,1.5655,-0.9617,9.1701,-0.0463,-0.0483,9.8064,-0.0334,-0.0937,0.132,-15.56,-36.56,-1.94,239.29,-80.55,175.16
52.395912,-1.432087,142.42,10.27,2,2.42,19 / 20,3014509,2019-09-06 20:10:20:252,-0.1444,-1.2188,9.1084,0.0024,-0.0502,9.8065,-0.1113,-0.0503,0.0682,-16.75,-36.56,-2.56,240.41,-80.94,177.34
52.395912,-1.432087,142.42,10.27,2,2.42,19 / 20,3014610,2019-09-06 20:10:20:353,0.3163,-0.6802,9.9596,0.0094,-0.0196,9.8066,0.1485,-0.0804,0.0782,-17.06,-36.69,-2.56,244.11,-81.18,-178.77
52.395912,-1.432087,142.42,10.27,2,2.42,19 / 20,3014710,2019-09-06 20:10:20:453,0.3598,-0.3693,9.7807,-0.013,-0.0206,9.8065,0.1015,-0.0904,-0.016,-16.69,-36.12,-2.12,248.86,-81.29,-177.19
52.395912,-1.432087,142.42,10.27,2,2.42,19 / 20,3014810,2019-09-06 20:10:20:553,0.6533,0.1406,10.9397,-0.0171,0.0064,9.8066,0.0228,-0.0922,0.0889,-16.69,-36.37,-1.44,251.3,-81.14,-177.39
52.395912,-1.432087,142.42,10.27,2,2.42,19 / 20,3014910,2019-09-06 20:10:20:653,0.6422,0.8475,10.3631,0.0384,0.0053,9.8065,-0.0896,-0.0048,-0.105,-16.62,-35.87,-1.56,247.01,-80.72,-178.14
52.395912,-1.432087,142.42,10.27,2,2.42,19 / 20,3015010,2019-09-06 20:10:20:753,-0.3823,0.3033,10.0658,0.0154,0.0265,9.8066,0.0387,-0.0059,0.1028,-16.62,-36.19,-1.81,246.32,-80.68,-178.86
52.395912,-1.432087,142.42,10.27,2,2.42,19 / 20,3015110,2019-09-06 20:10:20:853,1.3492,-0.1926,9.1731,-0.0072,-0.0272,9.8066,0.0129,0.0046,-0.0125,-16.75,-36.25,-2.37,246.2,-80.76,-179.17
52.395912,-1.432087,142.42,10.27,2,2.42,19 / 20,3015209,2019-09-06 20:10:20:952,0.8175,0.6489,9.0896,-0.0123,-0.0049,9.8066,-0.0938,-0.0447,0.0445,-17.25,-36.69,-2.25,247.28,-80.91,-177.7
52.395912,-1.432087,142.42,10.27,2,2.42,19 / 20,3015309,2019-09-06 20:10:21:052,0.1717,-0.6454,9.2491,-0.0071,-0.0245,9.8065,-0.0813,0.1147,-0.0515,-17.06,-36.56,-2.25,248.21,-81.15,-177.14
52.395912,-1.432087,142.42,10.27,2,2.42,19 / 20,3015410,2019-09-06 20:10:21:153,-0.1375,-0.5967,9.9324,-0.005,0.0117,9.8066,0.0697,-0.0278,0.0141,-17.37,-36.37,-2.5,248.31,-81.22,-177.67
52.395912,-1.432087,142.42,10.27,2,2.42,19 / 20,3015509,2019-09-06 20:10:21:252,0.3149,1.3612,9.8322,0.0021,-0.0006,9.8066,0.0077,0.0848,-0.0921,-17.12,-36.44,-2.25,248.21,-81.18,-177.7
52.395912,-1.432087,142.42,10.27,2,2.42,19 / 20,3015609,2019-09-06 20:10:21:352,-0.1669,-0.0244,10.1002,0.0253,0.019,9.8065,0.1282,-0.0069,-0.0296,-17.06,-36.25,-1.81,247.09,-80.92,-178.45
52.395912,-1.432087,142.42,10.27,2,2.42,19 / 20,3015710,2019-09-06 20:10:21:453,0.148,0.5097,10.2682,0.0007,-0.0201,9.8066,0.0056,0.0275,-0.0206,-16.94,-36.25,-1.75,247,-80.74,-178.2
52.395912,-1.432087,142.42,10.27,2,2.42,19 / 20,3015809,2019-09-06 20:10:21:552,0.5786,1.2307,9.6917,-0.0186,-0.0119,9.8066,0.0308,0.0003,0.0444,-16.87,-36.12,-1.75,248.07,-80.81,-177.12
52.395912,-1.432087,142.42,10.27,2,2.42,19 / 20,3015909,2019-09-06 20:10:21:652,0.6002,-0.1994,9.5929,-0.0153,-0.017,9.8066,-0.0023,0.0409,0.0067,-16.75,-36.62,-2.31,249.3,-81.11,-175.81
52.395912,-1.432087,142.42,10.27,2,2.42,19 / 20,3016010,2019-09-06 20:10:21:753,0.4418,-1.8469,10.1563,-0.0015,-0.0157,9.8066,0.0112,-0.0042,0.0273,-16.56,-36.56,-2.37,249.89,-81.14,-175.21
52.395912,-1.432087,142.42,10.27,2,2.42,19 / 20,3016110,2019-09-06 20:10:21:853,0.1249,1.3612,9.8674,0.0428,0.0046,9.8065,-0.0558,0.0015,-0.0826,-16.5,-35.87,-1.69,248.8,-80.86,-174.8
52.395912,-1.432087,142.42,10.27,2,2.42,19 / 20,3016210,2019-09-06 20:10:21:953,0.1691,-1.2088,10.1301,0.0082,0.0049,9.8066,-0.0067,0.1391,-0.0922,-16.75,-35.69,-1.87,250.33,-80.81,-174.54
52.395912,-1.432087,142.42,10.27,2,2.42,19 / 20,3016310,2019-09-06 20:10:22:053,0.0907,0.1571,9.7031,-0.0039,0.0054,9.8066,-0.0451,0.0243,0.0301,-16.06,-35.94,-2.31,249.36,-80.9,-174.24
52.395912,-1.432087,142.42,10.27,2,2.42,19 / 20,3016409,2019-09-06 20:10:22:152,0.77,1.6435,9.718,0.0086,0.0036,9.8066,-0.0405,0.0696,0.0125,-16.06,-36.31,-2.5,249.33,-80.96,-174.39
52.395912,-1.432087,142.42,10.27,2,2.42,19 / 20,3016510,2019-09-06 20:10:22:253,0.3669,1.4017,8.8856,0.0161,0.0084,9.8065,-0.1404,0.0756,0.0134,-16.25,-36.06,-2.69,246.11,-81.01,-174.91
52.395912,-1.432087,142.42,10.27,2,2.42,19 / 20,3016609,2019-09-06 20:10:22:352,-0.0203,0.5653,9.3167,0.0369,0.0145,9.8065,0.0931,0.041,-0.0202,-15.56,-35.5,-2.5,249.66,-80.98,-174.63
52.395912,-1.432087,142.42,10.27,2,2.42,19 / 20,3016709,2019-09-06 20:10:22:452,0.8225,0.9764,9.7761,-0.0413,-0.0127,9.8065,0.1457,0.0282,0.0493,-15.94,-35.44,-2.5,250.13,-81.3,-174.77
52.395912,-1.432087,142.42,10.27,2,2.42,19 / 20,3016810,2019-09-06 20:10:22:553,-0.656,1.1706,10.0544,-0.0043,-0.0214,9.8065,0.0539,0.063,-0.0426,-16.25,-35,-3.06,247.58,-81.15,-174.05
52.395912,-1.432087,142.42,10.27,2,2.42,19 / 20,3016910,2019-09-06 20:10:22:653,0.4252,1.3314,10.4423,0.0226,0.0049,9.8066,0.0188,0.0747,-0.0504,-16.5,-34.44,-2.25,250.63,-81.1,-174.33
52.395912,-1.432087,142.42,10.27,2,2.42,19 / 20,3017010,2019-09-06 20:10:22:753,-0.0854,1.8307,9.9915,-0.0028,0.0063,9.8066,0.066,0.0908,0.0356,-16.06,-34.06,-4.12,244.65,-80.96,-174.38
52.395912,-1.432087,142.42,10.27,2,2.42,19 / 20,3017110,2019-09-06 20:10:22:853,-1.0383,1.0464,9.6268,0.0109,0.0046,9.8065,-0.1274,0.0795,-0.0554,-16.06,-35,-4.56,241.53,-80.93,-174.44
52.395912,-1.432087,142.42,10.27,2,2.42,19 / 20,3017209,2019-09-06 20:10:22:952,0.9751,-0.1787,9.5694,-0.009,-0.0039,9.8066,-0.0994,0.0027,0.0493,-15.62,-35.37,-4.06,244.14,-80.99,-174.53
52.395912,-1.432087,142.42,10.27,2,2.42,19 / 20,3017309,2019-09-06 20:10:23:052,-0.2865,1.5796,10.1637,-0.0049,0.0038,9.8066,0.052,0.1333,0.0198,-15.12,-35.94,-4.62,239.81,-81.11,-174.17
52.395912,-1.432087,142.42,10.27,2,2.42,19 / 20,3017409,2019-09-06 20:10:23:152,0.0978,0.9144,9.7491,0.0136,-0.015,9.8065,-0.0682,0.2332,-0.174,-15.62,-36.19,-3.94,244.82,-81.09,-173.42
52.395912,-1.432087,142.42,10.27,2,2.42,19 / 20,3017510,2019-09-06 20:10:23:253,-0.8557,1.3124,9.5832,0.0124,0.009,9.8066,0.0003,0.0959,0.0767,-15.31,-36.75,-4.81,240.31,-81.04,-172.93
52.395912,-1.432087,142.42,10.27,2,2.42,19 / 20,3017609,2019-09-06 20:10:23:352,0.2137,1.2028,9.1565,-0.0053,-0.013,9.8065,-0.021,0.1282,-0.0419,-14.87,-36.69,-4.31,243.72,-80.94,-171.77
52.395912,-1.432087,142.42,10.27,2,2.42,19 / 20,3017709,2019-09-06 20:10:23:452,-0.591,1.2231,9.3597,0.0095,-0.0067,9.8066,-0.1934,0.0896,-0.0164,-15.06,-36.56,-4.44,244.3,-81,-171.2
52.395912,-1.432087,142.42,10.27,2,2.42,19 / 20,3017809,2019-09-06 20:10:23:552,-0.969,2.0475,9.6814,0.0092,0.0069,9.8066,0.092,-0.0057,0.03,-14.87,-36.69,-4.56,242.02,-81.12,-171.05
52.395912,-1.432087,142.42,10.27,2,2.42,19 / 20,3017910,2019-09-06 20:10:23:653,-0.931,0.5836,10.451,-0.0195,-0.0355,9.8065,0.1458,0.0273,-0.0208,-14.81,-36.31,-4.69,243.82,-81.28,-169.78
52.395912,-1.432087,142.42,10.27,2,2.42,19 / 20,3018010,2019-09-06 20:10:23:753,0.2731,2.736,8.6039,-0.064,-0.0521,9.8062,-0.0516,0.1292,0.0799,-14.87,-36.56,-5.12,244.08,-81.37,-169.16
52.395912,-1.432087,142.42,10.27,2,2.42,19 / 20,3018110,2019-09-06 20:10:23:853,-0.5389,2.81,10.1117,0.0014,-0.021,9.8066,0.0484,0.2238,-0.0478,-15,-36.56,-5.25,244.63,-81.08,-167.87
52.395912,-1.432087,142.42,10.27,2,2.42,19 / 20,3018209,2019-09-06 20:10:23:952,-0.4513,1.4713,10.0109,-0.008,-0.0044,9.8066,-0.176,0.063,-0.0708,-14.69,-36.37,-5.75,243.64,-81.21,-166.88
52.395912,-1.432087,142.42,10.27,2,2.42,19 / 20,3018309,2019-09-06 20:10:24:052,0.926,0.7412,9.5237,0.0266,0.0313,9.8066,-0.2028,0.1228,-0.0404,-15.06,-36.62,-5.37,245.1,-81,-167.13
52.395912,-1.432087,142.42,10.27,2,2.42,19 / 20,3018410,2019-09-06 20:10:24:153,-1.7288,2.4389,10.8184,-0.0145,-0.0074,9.8066,0.1329,0.123,-0.0858,-14.75,-36.37,-5.12,244.76,-81.04,-168.17
52.395912,-1.432087,142.42,10.27,2,2.42,19 / 20,3018509,2019-09-06 20:10:24:252,0.4175,1.8626,9.9172,-0.0086,0.0026,9.8066,0.1167,0.0343,0.0384,-14.25,-36.25,-5.81,239.92,-80.98,-168.3
52.395912,-1.432087,142.42,10.27,2,2.42,19 / 20,3018610,2019-09-06 20:10:24:353,0.7608,1.4086,9.1687,-0.0078,-0.0086,9.8066,-0.0293,0.1111,-0.0387,-14.25,-36.56,-5.62,239.63,-81.07,-168.32
52.395912,-1.432087,142.42,10.27,2,2.42,19 / 20,3018709,2019-09-06 20:10:24:452,-0.4317,2.2567,9.6703,-0.0263,-0.0376,9.8065,0.0656,0.0945,0.0208,-14.19,-36,-5.5,245.03,-81.26,-165.89
52.395912,-1.432087,142.42,10.27,2,2.42,19 / 20,3018809,2019-09-06 20:10:24:552,-0.449,1.6214,9.8839,-0.0092,-0.0245,9.8065,-0.0463,0.0254,-0.034,-14,-36.81,-5.87,242.8,-81.27,-164.94
52.395912,-1.432087,142.42,10.27,2,2.42,19 / 20,3018909,2019-09-06 20:10:24:652,0.112,1.046,9.98,0.0137,0.0167,9.8065,-0.0291,0.0912,0.0222,-14.31,-36.56,-6.06,242.71,-80.95,-164.34
52.395912,-1.432087,142.42,10.27,2,2.42,19 / 20,3019010,2019-09-06 20:10:24:753,-1.7637,1.6936,11.0766,0.0335,0.0217,9.8065,0.1333,0.0209,0.0096,-14.06,-36.56,-5.5,244.9,-80.76,-164.28
52.395912,-1.432087,142.42,10.27,2,2.42,19 / 20,3019110,2019-09-06 20:10:24:853,-1.7028,0.9412,10.9935,-0.0368,-0.0378,9.8065,0.085,0.0189,-0.0722,-13.37,-35.87,-5.69,240.44,-80.6,-163.97
52.395912,-1.432087,142.42,10.27,2,2.42,19 / 20,3019210,2019-09-06 20:10:24:953,0.373,1.9065,9.8523,-0.0571,-0.0522,9.8063,0.0451,0.1405,0.0951,-13.44,-36.44,-5.62,241.17,-80.84,-163.63
52.395912,-1.432087,142.42,10.27,2,2.42,19 / 20,3019310,2019-09-06 20:10:25:053,0.0026,1.1261,9.5774,0.029,0.0129,9.8065,0.0233,0.0261,-0.0827,-13.25,-36.37,-6.12,242.2,-80.81,-162.3
52.395912,-1.432087,142.42,10.27,2,2.42,19 / 20,3019410,2019-09-06 20:10:25:153,-2.5172,0.851,9.6447,0.0308,0.045,9.8065,0.0556,0.0608,0.0615,-12.81,-36.31,-6.25,242.09,-80.74,-162.29
52.395912,-1.432087,142.42,10.27,2,2.42,19 / 20,3019509,2019-09-06 20:10:25:252,-1.6406,1.1286,10.5055,-0.0061,-0.0171,9.8066,0.0807,0.1183,0.0525,-13.37,-36.31,-6.5,241.21,-80.67,-163.19
52.395912,-1.432087,142.42,10.27,2,2.42,19 / 20,3019609,2019-09-06 20:10:25:352,0.6862,2.0946,10.1933,0.0293,-0.0005,9.8066,-0.023,0.0031,-0.0377,-13.44,-36.12,-5.62,241.42,-80.38,-162.23
52.395912,-1.432087,142.42,10.27,2,2.42,19 / 20,3019710,2019-09-06 20:10:25:453,-0.0854,2.0276,10.4299,0.0021,-0.0088,9.8066,-0.0197,0.079,0.0065,-13.31,-36.44,-6.37,241.97,-80.42,-161.67
52.395912,-1.432087,142.42,10.27,2,2.42,19 / 20,3019810,2019-09-06 20:10:25:553,-2.0134,1.6791,9.7517,-0.0036,-0.0125,9.8066,0.0604,0.0758,0.108,-13.12,-36.31,-6.37,242.52,-80.5,-161.19
52.395912,-1.432087,142.42,10.27,2,2.42,19 / 20,3019909,2019-09-06 20:10:25:652,-1.9721,-0.6459,9.1101,0.0449,0.007,9.8065,-0.2022,0.0591,-0.109,-13,-36.31,-5.81,242.56,-80.57,-161.28
52.395912,-1.432087,142.42,10.27,2,2.42,19 / 20,3020009,2019-09-06 20:10:25:752,-0.0434,1.7284,10.4447,0.0362,0.0468,9.8064,0.2065,0.1755,0.0943,-13.25,-36.56,-6.5,241.48,-80.24,-161.18
52.395912,-1.432087,142.42,10.27,2,2.42,19 / 20,3020110,2019-09-06 20:10:25:853,-1.7724,1.5234,9.8984,0.0054,0.0203,9.8066,0.0037,0.1833,0.1014,-12.62,-36.62,-5.75,240.13,-80.5,-163.49
52.395912,-1.432087,142.42,10.27,2,2.42,19 / 20,3020209,2019-09-06 20:10:25:952,0.9651,2.4332,9.8438,0.0323,0.01,9.8065,-0.0607,0.0839,-0.082,-12.81,-36.69,-6.81,237.89,-80.34,-163.09
52.395912,-1.432087,142.42,10.27,2,2.42,19 / 20,3020309,2019-09-06 20:10:26:052,-0.2757,0.9298,10.1719,0.0059,-0.0089,9.8066,-0.0113,0.01,-0.0398,-12.75,-36.69,-7,238.1,-80.41,-162.98
52.39688,-1.431219,142.67,18.66,3,19.78,18 / 20,3020410,2019-09-06 20:10:26:153,0.0411,0.677,9.3704,-0.0064,0.0072,9.8066,-0.1777,0.0983,-0.0818,-12.44,-36.69,-6.62,235.79,-80.41,-162.59
52.39688,-1.431219,142.67,18.66,3,19.78,18 / 20,3020510,2019-09-06 20:10:26:253,-0.107,0.6069,9.541,-0.01,-0.0122,9.8066,0.1265,0.0795,-0.0192,-13.12,-36.5,-6.06,240.74,-80.55,-163.48
52.39688,-1.431219,142.67,18.66,3,19.78,18 / 20,3020609,2019-09-06 20:10:26:352,1.1819,0.5397,9.5407,0.0203,0.0312,9.8065,-0.0222,-0.0163,0.1756,-12.25,-36.69,-6.19,236.43,-80.4,-164.62
52.39688,-1.431219,142.67,18.66,3,19.78,18 / 20,3020710,2019-09-06 20:10:26:453,-4.055,4.2703,9.3956,0.0699,0.0477,9.8062,0.1474,-0.222,0.0848,-11.56,-36.69,-5.5,239.26,-80.17,-163.53
52.39688,-1.431219,142.67,18.66,3,19.78,18 / 20,3020810,2019-09-06 20:10:26:553,-2.3596,1.7787,10.4358,0.0158,0.003,9.8066,-0.1329,0.0751,-0.0369,-11.37,-36.75,-6.06,233.66,-80.09,-163.71
52.39688,-1.431219,142.67,18.66,3,19.78,18 / 20,3020910,2019-09-06 20:10:26:653,-1.4026,0.4639,9.2534,0.028,0.0188,9.8065,0.1631,0.0428,0.0286,-11.19,-36.19,-6.19,234.24,-80.03,-163.5
52.39688,-1.431219,142.67,18.66,3,19.78,18 / 20,3021010,2019-09-06 20:10:26:753,-0.5153,0.7482,9.6951,-0.0381,-0.0558,9.8064,0.2013,0.0317,-0.0109,-10.81,-36.44,-6.87,233.04,-80.02,-162.21
52.39688,-1.431219,142.67,18.66,3,19.78,18 / 20,3021109,2019-09-06 20:10:26:852,-1.6503,-1.0607,11.4428,-0.0057,-0.0038,9.8065,0.2431,-0.045,0.0453,-10.94,-36.06,-6.25,235.96,-80.28,-161.87
52.39688,-1.431219,142.67,18.66,3,19.78,18 / 20,3021210,2019-09-06 20:10:26:953,-0.6832,0.05,11.2243,-0.0273,-0.0476,9.8064,0.4801,0.0989,-0.0226,-11.06,-36.12,-6.44,235.52,-80.24,-162.33
52.39688,-1.431219,142.67,18.66,3,19.78,18 / 20,3021310,2019-09-06 20:10:27:053,0.3322,0.3043,10.1067,-0.0447,-0.0831,9.8061,-0.0664,0.2352,-0.0061,-11,-36.31,-6.31,234.89,-80.03,-162.64
52.39688,-1.431219,142.67,18.66,3,19.78,19 / 20,3021410,2019-09-06 20:10:27:153,1.7887,-1.5865,9.0086,0.0015,-0.0408,9.8065,-0.2028,0.0787,0.0431,-11.75,-36.56,-6.94,235.31,-79.68,-161.51
52.39688,-1.431219,142.67,18.66,3,19.78,19 / 20,3021510,2019-09-06 20:10:27:253,-0.3178,2.0983,8.518,0.0294,0.0267,9.8065,-0.1573,0.0963,0.0443,-12.19,-36.5,-7.5,236.02,-79.71,-161.31
52.39688,-1.431219,142.67,18.66,3,19.78,19 / 20,3021609,2019-09-06 20:10:27:352,-0.8976,1.0644,9.1343,0.0383,0.0197,9.8065,0.0906,0.0309,-0.0589,-12.56,-36.37,-7.44,239.99,-79.84,-159.97
52.39688,-1.431219,142.67,18.66,3,19.78,19 / 20,3021710,2019-09-06 20:10:27:453,-0.5381,2.7629,8.3913,-0.0219,-0.013,9.8066,0.1248,0.1439,-0.0874,-11.87,-36.5,-7.25,237.44,-80.12,-160.45
52.39688,-1.431219,142.67,18.66,3,19.78,19 / 20,3021810,2019-09-06 20:10:27:553,0.4358,2.3886,9.4814,-0.0114,-0.0023,9.8066,-0.1066,0.0091,0.0842,-12.06,-36.75,-5.94,238.42,-80.09,-161.28
52.39688,-1.431219,142.67,18.66,3,19.78,19 / 20,3021909,2019-09-06 20:10:27:652,-0.1869,1.5333,9.1326,-0.001,-0.0022,9.8066,-0.122,0.0202,0.0188,-11.44,-37,-6.06,234.77,-79.93,-161.81
52.39688,-1.431219,142.67,18.66,3,19.78,19 / 20,3022009,2019-09-06 20:10:27:752,-0.3791,0.8349,10.4433,-0.0148,-0.0169,9.8065,0.1177,-0.0048,-0.0396,-11.31,-36.25,-6.69,233.39,-79.99,-161.66
52.39688,-1.431219,142.67,18.66,3,19.78,19 / 20,3022109,2019-09-06 20:10:27:852,0.2646,1.2787,10.1568,0.0015,0.0071,9.8066,0.075,0.0168,-0.032,-11.06,-36.31,-6.62,233.11,-79.97,-161.99
52.39688,-1.431219,142.67,18.66,3,19.78,19 / 20,3022210,2019-09-06 20:10:27:953,-0.4399,1.646,10.0678,-0.0014,0.0074,9.8066,-0.0129,0.0427,0.0413,-10.87,-36.19,-6.5,235.03,-79.99,-162.35
52.39688,-1.431219,142.67,18.66,3,19.78,19 / 20,3022311,2019-09-06 20:10:28:054,-0.5896,1.3771,9.73,0.0184,0.0193,9.8065,-0.0183,0.0399,0.0121,-11.5,-36.62,-7.19,232.04,-79.84,-162.45
52.39688,-1.431219,142.67,18.66,3,19.78,18 / 19,3022409,2019-09-06 20:10:28:152,-1.7358,0.7718,9.8092,0.009,0.0186,9.8065,0.0892,-0.0309,-0.0398,-11.44,-36.87,-6.87,231.95,-79.82,-162.52
52.39688,-1.431219,142.67,18.66,3,19.78,18 / 19,3022510,2019-09-06 20:10:28:253,-0.9267,0.774,9.1228,-0.0072,0.0045,9.8066,-0.0443,0.0569,-0.0727,-10.62,-36.94,-7.06,231.91,-79.84,-162.62
52.39688,-1.431219,142.67,18.66,3,19.78,18 / 19,3022609,2019-09-06 20:10:28:352,-0.2741,1.103,9.0712,0.0079,0.0211,9.8065,0.1137,0.0406,0.0361,-11.19,-37,-7.25,231.35,-79.87,-163.44
52.39688,-1.431219,142.67,18.66,3,19.78,18 / 19,3022710,2019-09-06 20:10:28:453,-0.1286,-0.4767,10.2504,-0.0318,-0.0494,9.8065,0.0833,-0.0278,0.0741,-11.06,-36.69,-7.5,232.55,-80.13,-162.46
52.39688,-1.431219,142.67,18.66,3,19.78,18 / 19,3022809,2019-09-06 20:10:28:552,-0.5232,0.2213,10.4642,-0.0217,-0.0305,9.8065,-0.0089,0.0318,-0.0086,-11.44,-37,-7.25,232.12,-80.03,-162.79
52.39688,-1.431219,142.67,18.66,3,19.78,18 / 19,3022910,2019-09-06 20:10:28:653,-0.8206,0.9821,9.6965,0.0118,0.0257,9.8065,-0.0051,0.0152,-0.0537,-11.56,-37.06,-6.62,233.9,-79.91,-163.88
52.39688,-1.431219,142.67,18.66,3,19.78,18 / 19,3023010,2019-09-06 20:10:28:753,-1.6302,-0.6763,9.7717,0.0001,0.0061,9.8066,-0.05,0.035,-0.0151,-10.87,-36.5,-7.56,229.86,-80.07,-163.93
52.39688,-1.431219,142.67,18.66,3,19.78,18 / 19,3023110,2019-09-06 20:10:28:853,-1.2718,-0.0123,9.9842,-0.0043,0.0066,9.8066,-0.0199,0.0349,-0.0087,-10.87,-36.69,-7.62,229.43,-80.17,-164.12
52.39688,-1.431219,142.67,18.66,3,19.78,18 / 19,3023209,2019-09-06 20:10:28:952,-1.047,0.485,9.5117,0.0072,0.0143,9.8066,0.0019,0.0508,0.0131,-10.94,-37.06,-7.75,228.88,-80.12,-164.76
52.39688,-1.431219,142.67,18.66,3,19.78,18 / 19,3023309,2019-09-06 20:10:29:052,-1.0123,-0.1748,9.3882,0.01,0.0031,9.8066,-0.1299,-0.0086,0.0335,-10.94,-37.12,-7.5,230.8,-80.06,-164.62
52.39688,-1.431219,142.67,18.66,3,19.78,18 / 19,3023410,2019-09-06 20:10:29:153,-0.8382,-0.2263,9.8219,0.0017,0.0056,9.8066,0.1448,0.0269,-0.0285,-10.87,-36.81,-7.25,230.75,-80,-164.57
52.39688,-1.431219,142.67,18.66,3,19.78,18 / 19,3023509,2019-09-06 20:10:29:252,-0.2417,0.4521,10.1751,-0.0125,-0.0047,9.8066,0.2093,-0.0475,-0.0071,-10.75,-36.81,-7.19,230.72,-80.1,-164.84
52.39688,-1.431219,142.67,18.66,3,19.78,18 / 19,3023610,2019-09-06 20:10:29:353,-1.0727,0.6383,10.3903,-0.0083,-0.0093,9.8066,-0.1302,0.026,0.0536,-11.06,-36.87,-7.56,228.76,-80.08,-164.82
52.39688,-1.431219,142.67,18.66,3,19.78,18 / 19,3023710,2019-09-06 20:10:29:453,-1.5111,-0.2682,9.1945,0.0147,0.0134,9.8066,-0.1706,0.067,-0.0146,-11.06,-36.62,-7,230.47,-80.15,-165.29
52.39688,-1.431219,142.67,18.66,3,19.78,18 / 19,3023809,2019-09-06 20:10:29:552,-0.5983,0.3385,9.1846,0.0109,0.0153,9.8066,0.0531,0.0225,0.0082,-10.69,-36.44,-6.94,230.84,-80.11,-165.33
52.39688,-1.431219,142.67,18.66,3,19.78,18 / 19,3023909,2019-09-06 20:10:29:652,-1.4667,0.4047,8.5542,-0.0119,-0.014,9.8066,-0.026,0.0619,-0.0069,-10.62,-36.5,-7.75,228.91,-80.39,-165.85
52.39688,-1.431219,142.67,18.66,3,19.78,18 / 19,3024010,2019-09-06 20:10:29:753,-1.2441,-0.3166,10.2064,-0.0061,-0.0026,9.8066,0.0812,-0.0125,-0.0667,-10.81,-37.06,-8.19,228.73,-80.5,-165.75
52.39688,-1.431219,142.67,18.66,3,19.78,18 / 19,3024110,2019-09-06 20:10:29:853,-0.9157,-0.4339,10.9111,-0.0057,-0.0049,9.8065,0.0742,-0.0046,-0.0563,-10.37,-36.94,-7.62,226.16,-80.52,-165.34
52.39688,-1.431219,142.67,18.66,3,19.78,18 / 19,3024210,2019-09-06 20:10:29:953,-0.6597,-0.1531,10.8402,-0.0206,-0.0176,9.8065,-0.035,0.0716,0.0689,-10.5,-37.12,-7.5,227.51,-80.46,-165.99
52.39688,-1.431219,142.67,18.66,3,19.78,18 / 19,3024310,2019-09-06 20:10:30:053,0.0263,0.9194,9.863,0.0386,0.0505,9.8064,-0.0339,0.0106,-0.0168,-10.44,-37.06,-7.81,225.24,-80.35,-166.25
52.39688,-1.431219,142.67,18.66,3,19.78,18 / 19,3024410,2019-09-06 20:10:30:153,-1.8503,-1.0325,9.5564,-0.0379,-0.0374,9.8065,-0.0021,0.0169,0.0215,-10.87,-37.25,-7.44,229.06,-79.92,-166.67
52.39688,-1.431219,142.67,18.66,3,19.78,18 / 19,3024509,2019-09-06 20:10:30:252,-2.1274,-1.0466,9.5193,-0.0219,-0.0303,9.8065,0.0348,0.0086,0.0135,-10.5,-36.75,-7.75,225.01,-80.38,-166.61
52.39688,-1.431219,142.67,18.66,3,19.78,18 / 19,3024610,2019-09-06 20:10:30:353,-1.945,-2.0537,9.9723,-0.0039,-0.004,9.8065,0.0988,0.0449,-0.1323,-10.31,-36.69,-7.69,224.96,-80.31,-166.55
52.39688,-1.431219,142.67,18.66,3,19.78,18 / 19,3024709,2019-09-06 20:10:30:452,-0.0954,-0.2974,10.5837,-0.0096,0.0036,9.8066,0.1256,-0.0268,0.0835,-10.06,-37,-7.87,224.34,-80.25,-167.27
52.39688,-1.431219,142.67,18.66,3,19.78,18 / 19,3024810,2019-09-06 20:10:30:553,-1.2392,0.4717,11.1913,0.0093,-0.0151,9.8066,-0.3287,0.045,0.0271,-10.37,-37.37,-7.12,226.25,-80.06,-166.8
52.39688,-1.431219,142.67,18.66,3,19.78,18 / 19,3024910,2019-09-06 20:10:30:653,-0.9628,0.0854,9.4188,0.0653,0.1016,9.8058,-0.2313,0.0792,0.1167,-10.31,-36.81,-6.81,227.32,-80.39,-166.07
52.39688,-1.431219,142.67,18.66,3,19.78,18 / 19,3025010,2019-09-06 20:10:30:753,0.5159,-2.5145,9.5386,0.0511,0.0625,9.8062,-0.155,0.1659,-0.1617,-10.56,-36.62,-8.31,227.86,-80.07,-166.02
52.39688,-1.431219,142.67,18.66,3,19.78,18 / 19,3025110,2019-09-06 20:10:30:853,-2.4861,0.4647,9.0443,-0.0119,0.0031,9.8066,-0.1526,-0.0427,0.0617,-10.62,-36.44,-7.69,228.63,-80.32,-166.07
52.39688,-1.431219,142.67,18.66,3,19.78,18 / 19,3025210,2019-09-06 20:10:30:953,-0.9425,-0.8191,10.4015,0.019,0.034,9.8065,0.3126,0.0218,-0.0035,-10.75,-37.25,-7.31,229.55,-80.06,-166.3
52.39688,-1.431219,142.67,18.66,3,19.78,18 / 19,3025310,2019-09-06 20:10:31:053,-1.0455,-0.5692,9.8193,-0.0334,-0.0462,9.8064,0.2313,0.0002,-0.0385,-10.31,-36.81,-7.19,226.58,-80.19,-166.64
52.39688,-1.431219,142.67,18.66,3,19.78,18 / 19,3025412,2019-09-06 20:10:31:155,-1.0493,0.113,10.3814,-0.0304,-0.0628,9.8063,-0.1709,-0.0477,0.0766,-10.19,-36.44,-7.44,227.27,-80.18,-166.3
52.39688,-1.431219,142.67,18.66,3,19.78,18 / 19,3025509,2019-09-06 20:10:31:252,0.2066,1.1105,9.7233,0.043,0.0499,9.8064,0.0433,0.0384,-0.0035,-10.75,-37.31,-6.75,229.98,-80.25,-166.16
52.39688,-1.431219,142.67,18.66,3,19.78,18 / 19,3025610,2019-09-06 20:10:31:353,-1.4475,-0.8536,9.4019,0.0271,0.0429,9.8065,-0.0563,0.0054,0.0161,-9.69,-36.94,-7.62,224.31,-79.86,-166.52
52.39688,-1.431219,142.67,18.66,3,19.78,18 / 19,3025710,2019-09-06 20:10:31:453,0.1372,1.2773,9.6484,0.0033,0.005,9.8066,-0.1044,-0.0087,0.0234,-10.5,-37,-7.44,226.17,-79.94,-166.63
52.39688,-1.431219,142.67,18.66,3,19.78,18 / 19,3025810,2019-09-06 20:10:31:553,0.0957,-1.0328,9.156,0.0334,0.042,9.8065,0.1254,-0.0189,0.0302,-10.94,-37,-8.06,227.11,-79.84,-166.56
52.39688,-1.431219,142.67,18.66,3,19.78,18 / 19,3025910,2019-09-06 20:10:31:653,-1.6546,0.445,10.0619,-0.0054,-0.0291,9.8066,0.0589,0.105,-0.029,-10.69,-36.94,-7.44,229.56,-80.12,-166.45
52.39688,-1.431219,142.67,18.66,3,19.78,18 / 19,3026010,2019-09-06 20:10:31:753,0.1181,-0.1087,10.2002,0.0292,0.0362,9.8065,-0.0823,0.0492,-0.0227,-10,-36.62,-7,226.66,-80.15,-166.43
52.39688,-1.431219,142.67,18.66,3,19.78,18 / 19,3026110,2019-09-06 20:10:31:853,0.3229,0.2623,10.2067,-0.0082,0.0089,9.8066,0.1657,-0.0053,0.0668,-10.87,-36.69,-7.87,227.42,-79.99,-166.44
52.39688,-1.431219,142.67,18.66,3,19.78,18 / 19,3026210,2019-09-06 20:10:31:953,-0.4154,1.1993,9.9596,0.0019,0.0096,9.8065,-0.1314,-0.0185,0.0193,-10.5,-37.12,-7.37,225.99,-79.93,-166.87
52.39688,-1.431219,142.67,18.66,3,19.78,18 / 19,3026310,2019-09-06 20:10:32:053,-0.2461,0.8519,9.3632,-0.012,-0.0139,9.8066,-0.0279,0.0122,0.046,-10.37,-36.87,-8.19,224.09,-79.96,-167.02
52.39688,-1.431219,142.67,18.66,3,19.78,18 / 19,3026409,2019-09-06 20:10:32:152,0.4437,0.5695,9.4263,0.0054,-0.0025,9.8066,0.1035,0.0099,-0.0282,-10.44,-36.62,-7.87,224.34,-79.95,-166.66
52.39688,-1.431219,142.67,18.66,3,19.78,18 / 19,3026510,2019-09-06 20:10:32:253,0.0059,-0.0955,9.6902,-0.0145,-0.0134,9.8066,0.0801,0.031,0.0467,-10.19,-36.12,-7.06,226.89,-80.09,-166.63
52.39688,-1.431219,142.67,18.66,3,19.78,18 / 19,3026610,2019-09-06 20:10:32:353,0.1612,0.096,9.8404,-0.013,-0.0202,9.8066,-0.0813,0.0928,-0.0473,-9.87,-36.87,-7.44,226.42,-80.17,-166.81
52.39688,-1.431219,142.67,18.66,3,19.78,18 / 19,3026710,2019-09-06 20:10:32:453,-0.7756,-0.3143,9.7106,0.0186,0.0352,9.8065,-0.1041,0.0363,-0.0643,-9.87,-37,-7.56,224.64,-80.26,-166.89
52.39688,-1.431219,142.67,18.66,3,19.78,18 / 19,3026810,2019-09-06 20:10:32:553,-1.5978,0.0488,10.1468,-0.0001,0.0243,9.8065,0.0455,-0.0178,0.0555,-10.19,-37.19,-7.44,225.7,-80.17,-167.82
52.39688,-1.431219,142.67,18.66,3,19.78,18 / 19,3026910,2019-09-06 20:10:32:653,-0.9564,-0.5995,9.3853,-0.0085,-0.0163,9.8066,-0.0764,-0.0032,0.0183,-10.31,-36.44,-7.87,224.32,-80.18,-167.72
52.39688,-1.431219,142.67,18.66,3,19.78,18 / 19,3027010,2019-09-06 20:10:32:753,1.0601,0.024,9.8062,-0.017,-0.0249,9.8065,-0.085,0.0717,0.0304,-10.37,-36.25,-7.19,226.26,-80.15,-167.62
52.39688,-1.431219,142.67,18.66,3,19.78,18 / 19,3027110,2019-09-06 20:10:32:853,-0.3897,0.5195,10.8628,0.0001,0.0025,9.8065,0.0313,0.024,0.0274,-9.75,-36.87,-7.44,225.34,-80.1,-168.16
52.39688,-1.431219,142.67,18.66,3,19.78,18 / 19,3027209,2019-09-06 20:10:32:952,-1.7347,0.3407,9.5976,-0.0188,-0.0171,9.8065,-0.0328,-0.0134,0.0444,-9.87,-36.62,-7.19,225.49,-80.18,-168.13
52.39688,-1.431219,142.67,18.66,3,19.78,18 / 20,3027311,2019-09-06 20:10:33:054,-0.5041,-0.9157,9.6381,0.0175,0.0074,9.8066,-0.1795,0.0247,-0.001,-9.81,-36.87,-7.56,223.67,-80.29,-168.29
52.39688,-1.431219,142.67,18.66,3,19.78,18 / 20,3027410,2019-09-06 20:10:33:153,-0.9075,-0.9248,9.3782,0.0083,0.0278,9.8065,0.1054,0.003,0.0038,-9.5,-36.5,-7.31,222.98,-80.24,-168
52.39688,-1.431219,142.67,18.66,3,19.78,18 / 20,3027509,2019-09-06 20:10:33:252,-0.6363,-0.6385,10.1616,-0.0066,0.0002,9.8066,-0.0079,-0.0064,-0.0094,-9.69,-36.5,-7.75,223.74,-80.29,-168.73
52.39688,-1.431219,142.67,18.66,3,19.78,18 / 20,3027610,2019-09-06 20:10:33:353,0.6369,0.9084,10.2132,0.0087,0.0118,9.8066,0.0127,0.0898,-0.0485,-9.37,-36.12,-7.62,220.41,-80.18,-168.95
52.39688,-1.431219,142.67,18.66,3,19.78,18 / 20,3027709,2019-09-06 20:10:33:452,-1.0224,-0.0638,9.9175,0.0056,0.0154,9.8066,-0.0065,0.0633,0.0735,-9.19,-36.31,-7.56,220.29,-80.15,-169.06
52.39688,-1.431219,142.67,18.66,3,19.78,18 / 20,3027809,2019-09-06 20:10:33:552,-0.0511,0.0412,9.6042,0.0055,-0.0046,9.8066,-0.0167,0.0178,0.0177,-9.12,-36.75,-7.44,222.03,-80.18,-168.62
52.39688,-1.431219,142.67,18.66,3,19.78,18 / 20,3027909,2019-09-06 20:10:33:652,-1.2633,0.0888,9.5618,-0.0042,-0.012,9.8066,-0.0297,0.0702,-0.0965,-9.75,-36.69,-7.5,225.88,-80.22,-167.7
52.39688,-1.431219,142.67,18.66,3,19.78,18 / 20,3028009,2019-09-06 20:10:33:752,-0.2533,1.109,10.0675,-0.0211,-0.0167,9.8065,-0.0518,0.0314,0.0444,-9.44,-36.37,-8,221.27,-80.39,-168.16
52.39688,-1.431219,142.67,18.66,3,19.78,18 / 20,3028109,2019-09-06 20:10:33:852,0.4093,1.4086,10.2633,0.0262,0.0396,9.8065,-0.0667,0.0064,-0.0046,-8.75,-37.12,-8.25,219.92,-80.14,-169.01
52.39688,-1.431219,142.67,18.66,3,19.78,18 / 20,3028209,2019-09-06 20:10:33:952,-1.0882,0.0516,9.7165,0.0138,0.0295,9.8065,0.105,0.0079,0.05,-9.06,-36.94,-7.19,221.63,-80.16,-169.14
52.39688,-1.431219,142.67,18.66,3,19.78,18 / 20,3028309,2019-09-06 20:10:34:052,-0.5957,0.6987,9.182,-0.0098,-0.0391,9.8065,0.0239,0.0615,-0.0284,-9.06,-36.19,-6.5,225.11,-80.37,-168.19
52.39688,-1.431219,142.67,18.66,3,19.78,18 / 19,3028409,2019-09-06 20:10:34:152,-0.8916,1.1939,8.784,-0.012,-0.0322,9.8066,-0.039,0.015,0.0723,-8.62,-36,-7.37,223.57,-80.49,-167.72
52.39688,-1.431219,142.67,18.66,3,19.78,18 / 19,3028510,2019-09-06 20:10:34:253,-0.0983,0.3357,9.1636,0.0067,-0.0212,9.8065,0.015,0.0505,0.0114,-8.69,-36.37,-8.37,223.28,-80.8,-166.19
52.39688,-1.431219,142.67,18.66,3,19.78,18 / 19,3028609,2019-09-06 20:10:34:352,-0.2292,-0.3831,9.9686,0.0122,0.012,9.8066,0.0553,0.0412,-0.0153,-8.37,-36.94,-8.56,219.38,-80.93,-164.63
52.39688,-1.431219,142.67,18.66,3,19.78,18 / 19,3028710,2019-09-06 20:10:34:453,-1.2669,-0.8475,12.0807,0.0104,0.059,9.8064,0.0321,0.0701,-0.1059,-8.19,-36.81,-7.62,219.23,-80.65,-166.41
52.39688,-1.431219,142.67,18.66,3,19.78,18 / 19,3028810,2019-09-06 20:10:34:553,-0.4859,-0.074,13.3457,0.0042,0.107,9.806,0.2039,0.0875,-0.089,-8,-36.5,-7.31,217.92,-80,-169.99
52.39688,-1.431219,142.67,18.66,3,19.78,18 / 19,3028910,2019-09-06 20:10:34:653,0.5334,0.2594,10.9582,-0.0347,-0.0332,9.8065,0.0767,-0.0829,0.1064,-8,-37.19,-7.37,215.45,-79.58,-172.27
52.39688,-1.431219,142.67,18.66,3,19.78,18 / 19,3029009,2019-09-06 20:10:34:752,0.1303,1.2083,8.4265,-0.0201,-0.065,9.8063,-0.2319,0.0153,-0.0623,-7.94,-37.12,-7.06,216.16,-79.75,-171.53
52.39688,-1.431219,142.67,18.66,3,19.78,18 / 19,3029110,2019-09-06 20:10:34:853,-0.5841,0.3764,7.1959,-0.0234,-0.0255,9.8066,-0.1709,0.0001,0.0709,-8.06,-37,-8.25,215.43,-80.36,-171.36
52.39688,-1.431219,142.67,18.66,3,19.78,18 / 19,3029210,2019-09-06 20:10:34:953,0.1401,-0.2262,7.8633,-0.0009,-0.0017,9.8066,0.0893,0.0358,0.027,-7.5,-36.87,-8.62,211.42,-80.88,-171.18
52.39688,-1.431219,142.67,18.66,3,19.78,18 / 19,3029310,2019-09-06 20:10:35:053,-2.3046,-0.1787,9.7484,0.0023,-0.0064,9.8066,0.1327,0.0735,-0.0398,-7.87,-36.69,-8.37,216.11,-80.9,-171.4
52.39856,-1.43067,142.56,23.03,2,3.61,18 / 19,3029409,2019-09-06 20:10:35:152,-1.0085,1.6336,10.9472,-0.0093,-0.0124,9.8066,0.0498,0.0452,0.0439,-8.25,-36.69,-8.5,215.54,-80.59,-171.63
52.39856,-1.43067,142.56,23.03,2,3.61,18 / 19,3029510,2019-09-06 20:10:35:253,-0.4839,-0.2882,11.6263,0.013,-0.0054,9.8065,0.069,0.0445,0.0199,-8,-37.37,-7.62,215.64,-80.2,-170.74
52.39856,-1.43067,142.56,23.03,2,3.61,18 / 19,3029609,2019-09-06 20:10:35:352,-1.611,-0.8021,11.2817,-0.0012,-0.0457,9.8065,0.0451,0.0589,0.0394,-7.5,-37.25,-7.81,212.96,-80.3,-169.92
52.39856,-1.43067,142.56,23.03,2,3.61,18 / 19,3029710,2019-09-06 20:10:35:453,-1.5097,-0.7216,9.8869,0.0077,0.0188,9.8066,-0.061,0.0978,-0.0277,-7.94,-36.87,-8.5,215.89,-80.36,-170.68
52.39856,-1.43067,142.56,23.03,2,3.61,18 / 19,3029810,2019-09-06 20:10:35:553,0.0648,1.4429,8.022,-0.0087,0.0025,9.8066,-0.1894,0.0812,-0.0208,-7.56,-37.5,-8.69,214.69,-80.49,-170.45
52.39856,-1.43067,142.56,23.03,2,3.61,18 / 19,3029910,2019-09-06 20:10:35:653,-0.5728,-1.6367,9.2339,-0.0167,-0.0165,9.8066,0.0544,0.0439,0.0656,-7.37,-37.06,-8.56,211.48,-80.46,-170.37
52.39856,-1.43067,142.56,23.03,2,3.61,18 / 19,3030009,2019-09-06 20:10:35:752,-0.9052,0.3594,10.3692,0.0051,-0.0096,9.8066,0.0703,0.0131,-0.0444,-7.31,-37,-8.19,212.61,-80.47,-170.77
52.39856,-1.43067,142.56,23.03,2,3.61,18 / 19,3030109,2019-09-06 20:10:35:852,-1.9585,1.5828,10.5458,0.0291,0.0211,9.8065,0.0644,0.1016,-0.1101,-7.69,-36.69,-7.81,215.84,-80.14,-170.32
52.39856,-1.43067,142.56,23.03,2,3.61,18 / 19,3030210,2019-09-06 20:10:35:953,1.3018,3.2577,10.4615,0,0.0116,9.8066,-0.2993,0.0659,0.0806,-7.31,-37.31,-8.37,212.75,-80.21,-170.06
52.39856,-1.43067,142.56,23.03,2,3.61,18 / 19,3030310,2019-09-06 20:10:36:053,-0.7083,-0.6474,9.49,0.0287,0.0461,9.8065,-0.3837,0.0197,0.0047,-7.69,-36.87,-8.5,216.7,-80.21,-169.2
52.39856,-1.43067,142.56,23.03,2,3.61,18 / 19,3030409,2019-09-06 20:10:36:152,-1.1437,-0.7006,9.5056,0.019,0.0559,9.8064,0.1462,0.0287,-0.0293,-7.31,-37.12,-8.5,213.44,-80.33,-169.25
52.39856,-1.43067,142.56,23.03,2,3.61,18 / 19,3030509,2019-09-06 20:10:36:252,-2.4252,-0.9386,9.453,-0.0186,-0.0343,9.8065,0.0836,0.0393,-0.0412,-7.12,-37.19,-8.5,213.2,-80.31,-169.58
52.39856,-1.43067,142.56,23.03,2,3.61,18 / 19,3030610,2019-09-06 20:10:36:353,-1.2875,-0.7945,10.217,-0.0166,-0.0071,9.8066,0.1485,-0.0537,-0.0088,-7.19,-37.5,-8.12,212.91,-80.35,-170.08
52.39856,-1.43067,142.56,23.03,2,3.61,18 / 19,3030709,2019-09-06 20:10:36:452,-0.4732,0.2856,10.1785,-0.0275,-0.0404,9.8065,0.0936,0.0326,-0.008,-7.37,-37.19,-8.12,212.98,-80.47,-170.21
52.39856,-1.43067,142.56,23.03,2,3.61,18 / 19,3030809,2019-09-06 20:10:36:552,-0.197,0.7384,9.3526,-0.0205,-0.0549,9.8064,-0.177,-0.0046,-0.0238,-7.37,-37.37,-8.12,213.12,-80.59,-170.24
52.39856,-1.43067,142.56,23.03,2,3.61,18 / 19,3030909,2019-09-06 20:10:36:652,-1.4858,-2.393,11.1219,0.0088,0.0043,9.8066,-0.1094,0.029,-0.0405,-6.75,-37.19,-8.56,211.81,-80.38,-169.75
52.39856,-1.43067,142.56,23.03,2,3.61,18 / 19,3031009,2019-09-06 20:10:36:752,-0.6255,1.1605,10.8285,-0.0267,-0.0334,9.8065,0.009,0.0718,0.0572,-7,-37.19,-8.19,213.27,-80.65,-170.11
52.39856,-1.43067,142.56,23.03,2,3.61,18 / 19,3031110,2019-09-06 20:10:36:853,0.2199,0.8033,11.2254,0.0059,0.0135,9.8066,0.039,0.0071,-0.096,-6.87,-37.25,-8.31,213.4,-80.61,-169.84
52.39856,-1.43067,142.56,23.03,2,3.61,18 / 19,3031210,2019-09-06 20:10:36:953,-0.8472,-0.1469,10.2036,-0.014,-0.0216,9.8066,-0.1347,0.0675,-0.0486,-6.94,-37.12,-7.94,213.14,-80.62,-170.26
52.39856,-1.43067,142.56,23.03,2,3.61,18 / 19,3031310,2019-09-06 20:10:37:053,0.9036,0.8752,9.9573,-0.0037,0.0146,9.8066,-0.0113,0.0227,0.0609,-6.5,-37.44,-8.12,209,-80.52,-170.97
52.39856,-1.43067,142.56,23.03,2,3.61,19 / 20,3031409,2019-09-06 20:10:37:152,-0.8215,1.1072,9.5241,0.0099,0.007,9.8066,-0.0032,0.0289,-0.0558,-6.75,-37.37,-8.31,212.53,-80.59,-171.12
52.39856,-1.43067,142.56,23.03,2,3.61,19 / 20,3031510,2019-09-06 20:10:37:253,-0.1142,-0.21,9.3587,-0.0193,-0.0202,9.8066,0.0368,0.0014,0.0514,-6.56,-37.37,-8.87,211.1,-80.74,-171.4
52.39856,-1.43067,142.56,23.03,2,3.61,19 / 20,3031609,2019-09-06 20:10:37:352,-0.3533,-0.254,9.7224,-0.002,0.0129,9.8066,0.1107,0.058,-0.0191,-6.25,-37.25,-8.62,207.65,-80.73,-171.49
52.39856,-1.43067,142.56,23.03,2,3.61,19 / 20,3031710,2019-09-06 20:10:37:453,-0.9182,-1.2799,10.4007,-0.0213,-0.0346,9.8065,0.2726,-0.0094,0.0562,-6.75,-37.5,-8.56,210.95,-80.65,-171.48
52.39856,-1.43067,142.56,23.03,2,3.61,19 / 20,3031809,2019-09-06 20:10:37:552,0.5931,0.6751,10.2988,-0.0229,-0.0864,9.8062,-0.2328,-0.0228,-0.0497,-6.44,-36.94,-8.31,209.63,-81,-170.86
52.39856,-1.43067,142.56,23.03,2,3.61,19 / 20,3031909,2019-09-06 20:10:37:652,0.6913,0.9768,10.9265,0.0182,0.0228,9.8066,0.1967,0.1629,0.0594,-6.62,-37.56,-8.12,212.83,-80.63,-170.23
52.39856,-1.43067,142.56,23.03,2,3.61,19 / 20,3032010,2019-09-06 20:10:37:753,0.966,0.5257,11.5962,-0.0012,-0.0445,9.8065,-0.3398,0.1385,-0.0602,-6.87,-37,-8.56,212.28,-80.87,-169.89
52.39856,-1.43067,142.56,23.03,2,3.61,19 / 20,3032110,2019-09-06 20:10:37:853,-0.7827,-0.989,8.5723,0.0224,0.1122,9.8059,-0.3003,-0.0258,0.0647,-6.44,-37.19,-8.69,208.05,-80.28,-170.17
52.39856,-1.43067,142.56,23.03,2,3.61,19 / 20,3032210,2019-09-06 20:10:37:953,-1.1145,-1.3464,9.0605,0.0402,0.0916,9.8061,0.1067,-0.0168,-0.029,-6.87,-37.25,-8.25,212.98,-80.32,-169.92
52.39856,-1.43067,142.56,23.03,2,3.61,19 / 20,3032310,2019-09-06 20:10:38:053,-0.6993,-1.8826,9.4454,-0.0192,-0.0434,9.8065,-0.0172,0.1177,-0.0749,-6.62,-37.31,-8.25,213.27,-80.6,-170.01
52.39856,-1.43067,142.56,23.03,2,3.61,18 / 20,3032410,2019-09-06 20:10:38:153,-1.6643,0.3083,9.1999,-0.0119,-0.0149,9.8065,0.1005,0.0549,0.014,-6.62,-36.75,-8.12,213.06,-80.88,-170.87
52.39856,-1.43067,142.56,23.03,2,3.61,18 / 20,3032509,2019-09-06 20:10:38:252,-0.1263,0.2769,9.663,-0.0129,-0.0219,9.8065,0.1487,0.0114,0.0362,-6.06,-37.5,-8.25,209.58,-81.06,-171.04
52.39856,-1.43067,142.56,23.03,2,3.61,18 / 20,3032609,2019-09-06 20:10:38:352,-0.8742,0.3188,9.8201,0.0064,-0.0244,9.8066,0.0009,0.0216,-0.0426,-6,-37.5,-8.75,208.57,-80.97,-170.5
52.39856,-1.43067,142.56,23.03,2,3.61,18 / 20,3032710,2019-09-06 20:10:38:453,-1.374,-1.0779,10.033,0.0135,0.0245,9.8066,-0.0634,0.0788,-0.042,-6,-37.25,-7.94,209.37,-80.74,-170.8
52.39856,-1.43067,142.56,23.03,2,3.61,18 / 20,3032810,2019-09-06 20:10:38:553,-0.1866,0.4441,10.1754,0.0209,0.0187,9.8066,-0.0508,0.0771,-0.0174,-6.12,-37.81,-8.62,207.84,-80.89,-171.05
52.39856,-1.43067,142.56,23.03,2,3.61,18 / 20,3032910,2019-09-06 20:10:38:653,0.4073,0.0729,9.9061,-0.0011,0.0034,9.8066,0.1234,0.0575,0.0602,-6.25,-37.06,-8,209.94,-80.87,-170.15
52.39856,-1.43067,142.56,23.03,2,3.61,18 / 20,3033009,2019-09-06 20:10:38:752,-0.8834,-1.7518,9.5921,0.0009,0.0016,9.8066,0.0127,-0.0751,0.0029,-6.44,-37.5,-9.31,208.6,-80.91,-170.36
52.39856,-1.43067,142.56,23.03,2,3.61,18 / 20,3033110,2019-09-06 20:10:38:853,-2.0157,0.5249,9.5975,-0.0124,-0.0321,9.8066,0.0239,0.0339,-0.1773,-6.06,-37.37,-7.87,210.08,-81.11,-170.39
52.39856,-1.43067,142.56,23.03,2,3.61,18 / 20,3033210,2019-09-06 20:10:38:953,-0.9622,-0.63,10.2531,-0.0301,-0.0139,9.8065,0.0524,0.0704,0.0937,-5.62,-37.12,-8.75,208,-81.15,-171.63
52.39856,-1.43067,142.56,23.03,2,3.61,18 / 20,3033310,2019-09-06 20:10:39:053,-1.1704,-0.2961,9.9725,0.0124,0.0198,9.8065,-0.0668,-0.0329,-0.0251,-5.75,-37.56,-8.19,208.64,-81.1,-172.12
52.39856,-1.43067,142.56,23.03,2,3.61,18 / 19,3033409,2019-09-06 20:10:39:152,-1.9778,-1.1845,10.1761,-0.0075,-0.0113,9.8065,0.0445,0.0033,-0.03,-5.31,-37.31,-8.19,205.25,-81.16,-172.1
52.39856,-1.43067,142.56,23.03,2,3.61,18 / 19,3033510,2019-09-06 20:10:39:253,-0.5448,-0.5429,9.8766,-0.0015,0.008,9.8066,-0.0026,0.0717,-0.0027,-5.56,-36.69,-8.37,208.99,-81.13,-172.07
52.39856,-1.43067,142.56,23.03,2,3.61,18 / 19,3033609,2019-09-06 20:10:39:352,0.7061,1.0453,9.9054,-0.0052,-0.0082,9.8066,0.0558,0.0427,-0.065,-5.25,-36.87,-8.31,204.83,-81.2,-172.81
52.39856,-1.43067,142.56,23.03,2,3.61,18 / 19,3033709,2019-09-06 20:10:39:452,-1.9022,-1.1081,9.8614,-0.0058,-0.0069,9.8066,0.0661,0.0797,-0.0403,-5.5,-37.25,-9,203.85,-81.17,-172.55
52.39856,-1.43067,142.56,23.03,2,3.61,18 / 19,3033809,2019-09-06 20:10:39:552,-0.4563,0.4298,9.7257,-0.0016,0.0025,9.8065,-0.054,0.0107,-0.0462,-5.31,-37.25,-8.25,204.47,-81.18,-173.33
52.39856,-1.43067,142.56,23.03,2,3.61,18 / 19,3033910,2019-09-06 20:10:39:653,-0.3963,-0.6581,9.2449,-0.0086,-0.0045,9.8066,-0.0416,-0.0406,0.0352,-5.37,-37.37,-8.94,203.26,-81.11,-173.36
52.39856,-1.43067,142.56,23.03,2,3.61,18 / 19,3034010,2019-09-06 20:10:39:753,-0.8007,0.4746,10.2901,-0.0041,-0.0146,9.8066,0.1907,0.0396,-0.0283,-4.87,-37.06,-8.44,204.36,-81.23,-173.59
52.39856,-1.43067,142.56,23.03,2,3.61,18 / 19,3034110,2019-09-06 20:10:39:853,0.0385,1.2845,10.4206,-0.0054,-0.0019,9.8066,0.0554,0.0383,-0.0522,-6.19,-37.75,-8.69,206.97,-81.33,-173.04
52.39856,-1.43067,142.56,23.03,2,3.61,18 / 19,3034209,2019-09-06 20:10:39:952,-0.875,-0.3103,9.252,-0.0126,0.0022,9.8066,-0.0581,0.0834,-0.0117,-4.87,-37.06,-8.87,203.08,-81.4,-174.03
52.39856,-1.43067,142.56,23.03,2,3.61,18 / 19,3034309,2019-09-06 20:10:40:052,-1.515,-0.9626,9.6454,0.003,-0.0106,9.8066,0.0486,0.0991,-0.0196,-4.44,-37.37,-9.12,199.21,-81.44,-174.32
52.39856,-1.43067,142.56,23.03,2,3.61,18 / 19,3034410,2019-09-06 20:10:40:153,-1.0164,1.2106,9.9706,0.0052,0.0144,9.8066,-0.1317,0.0044,0.0568,-5.37,-37.06,-8.87,203.11,-81.44,-174.03
52.39856,-1.43067,142.56,23.03,2,3.61,18 / 19,3034510,2019-09-06 20:10:40:253,-1.7482,-1.1709,9.3304,0.0045,-0.002,9.8066,-0.1292,0.0158,0.0654,-5.25,-37,-9,202.91,-81.3,-174.14
52.39856,-1.43067,142.56,23.03,2,3.61,18 / 19,3034609,2019-09-06 20:10:40:352,-0.2553,-0.3155,10.0211,0.015,0.0023,9.8066,0.1736,0.0344,-0.0455,-5.44,-37.06,-7.94,204.75,-81.19,-172.93
52.39856,-1.43067,142.56,23.03,2,3.61,18 / 19,3034709,2019-09-06 20:10:40:452,0.0378,-1.0016,9.9889,-0.0229,-0.0222,9.8065,0.0588,0.045,0.0497,-5.25,-37.06,-9,203.54,-81.38,-173.31
52.39856,-1.43067,142.56,23.03,2,3.61,18 / 19,3034810,2019-09-06 20:10:40:553,-0.6479,-1.1064,10.4643,-0.015,-0.0256,9.8065,0.074,0.0173,-0.0552,-5.06,-36.75,-8.81,203.03,-81.45,-174.17
52.39856,-1.43067,142.56,23.03,2,3.61,18 / 19,3034909,2019-09-06 20:10:40:652,-1.7569,-0.0516,10.2162,0.0138,0.0249,9.8065,0.1493,0.1175,-0.1124,-4.69,-37.12,-8.62,202.68,-81.34,-174.56
52.39856,-1.43067,142.56,23.03,2,3.61,18 / 19,3035010,2019-09-06 20:10:40:753,-0.7708,-0.5233,10.2021,-0.0244,-0.0142,9.8066,-0.0634,0.0368,0.0071,-4.25,-37.12,-8.75,198.42,-81.49,-175.6
52.39856,-1.43067,142.56,23.03,2,3.61,18 / 19,3035110,2019-09-06 20:10:40:853,0.4786,0.465,9.7648,-0.0037,-0.0045,9.8066,-0.0467,0.0124,-0.016,-4.81,-37.44,-8.69,202.55,-81.42,-174.85
52.39856,-1.43067,142.56,23.03,2,3.61,18 / 19,3035209,2019-09-06 20:10:40:952,-0.3202,2.0494,10.3013,-0.0012,-0.0302,9.8065,-0.0919,0.0501,0.0138,-4.12,-37.44,-9.31,198.99,-81.61,-174.87
52.39856,-1.43067,142.56,23.03,2,3.61,18 / 19,3035309,2019-09-06 20:10:41:052,-0.7003,-0.5179,10.1073,0.0018,0.0512,9.8064,-0.1479,-0.0231,0.0257,-3.94,-37.12,-8.62,198.28,-81.36,-175.68
52.39856,-1.43067,142.56,23.03,2,3.61,19 / 20,3035410,2019-09-06 20:10:41:153,-1.2247,-0.5742,9.9452,-0.0009,-0.0022,9.8066,0.1157,-0.0128,0.021,-4.19,-37.25,-8.69,198.31,-81.53,-175.81
52.39856,-1.43067,142.56,23.03,2,3.61,19 / 20,3035509,2019-09-06 20:10:41:252,-0.0401,-0.9121,9.4177,-0.0058,-0.0042,9.8066,-0.0175,0.1329,-0.0805,-4.75,-37.12,-8.62,201.95,-81.59,-175.96
52.39856,-1.43067,142.56,23.03,2,3.61,19 / 20,3035610,2019-09-06 20:10:41:353,-2.2002,-0.2353,9.7484,-0.0191,-0.026,9.8066,0.0805,0.0402,-0.1368,-3.87,-37.06,-9.19,198.06,-81.8,-176.51
52.39856,-1.43067,142.56,23.03,2,3.61,19 / 20,3035710,2019-09-06 20:10:41:453,-0.0188,-0.9853,9.8347,-0.0111,-0.0295,9.8065,0.0523,0.0747,-0.0199,-3.87,-36.94,-8.81,197.21,-81.96,-177.97
52.39856,-1.43067,142.56,23.03,2,3.61,19 / 20,3035810,2019-09-06 20:10:41:553,-0.7766,0.0301,10.2866,-0.0004,0.017,9.8066,-0.1521,0.0334,0.0422,-3.56,-37.06,-8.94,197.04,-81.74,-177.99
52.39856,-1.43067,142.56,23.03,2,3.61,19 / 20,3035910,2019-09-06 20:10:41:653,-0.5338,-0.0288,10.005,0.006,0.0277,9.8065,-0.1256,0.0059,0.0348,-4.19,-37.19,-9.56,196.04,-81.64,-177.99
52.39856,-1.43067,142.56,23.03,2,3.61,19 / 20,3036009,2019-09-06 20:10:41:752,-0.9134,0.4353,9.6771,0.0037,-0.015,9.8066,-0.0504,-0.013,-0.0184,-4.87,-37.06,-9.19,201.41,-81.66,-176.87
52.39856,-1.43067,142.56,23.03,2,3.61,19 / 20,3036110,2019-09-06 20:10:41:853,0.984,-0.5327,9.8891,-0.0038,0.0058,9.8066,0.0448,0.1773,-0.088,-3.75,-37.19,-9.37,197.69,-81.73,-177
52.39856,-1.43067,142.56,23.03,2,3.61,19 / 20,3036210,2019-09-06 20:10:41:953,-1.5388,-0.4919,11.3561,-0.008,-0.0067,9.8066,0.1054,0.0907,-0.0331,-3.69,-37.37,-9.19,197.54,-81.79,-177.27
52.39856,-1.43067,142.56,23.03,2,3.61,19 / 20,3036309,2019-09-06 20:10:42:052,-0.8321,1.1735,10.0875,-0.0196,-0.0586,9.8064,0.3051,-0.022,0.0051,-4.06,-37.62,-8.94,196.81,-81.92,-178.28
52.39856,-1.43067,142.56,23.03,2,3.61,18 / 20,3036410,2019-09-06 20:10:42:153,-0.4426,0.6352,9.4818,-0.0011,0.0198,9.8066,-0.1794,0.0001,-0.0415,-3.94,-37,-8.69,196.57,-81.73,-178.67
52.39856,-1.43067,142.56,23.03,2,3.61,18 / 20,3036509,2019-09-06 20:10:42:252,-0.5002,-1.044,10.2199,-0.0071,-0.0348,9.8066,0.1381,0.0181,-0.0213,-3.94,-37.31,-9.44,197.01,-82.02,-178.32
52.39856,-1.43067,142.56,23.03,2,3.61,18 / 20,3036609,2019-09-06 20:10:42:352,-1.0879,1.796,10.7339,0.0098,0.0204,9.8065,-0.2088,0.001,0.0657,-3.62,-37,-8.87,197.41,-82.12,-177.83
52.39856,-1.43067,142.56,23.03,2,3.61,18 / 20,3036710,2019-09-06 20:10:42:453,0.2756,0.7823,10.9009,-0.0085,-0.0018,9.8066,-0.0293,0.0812,-0.087,-3.62,-37.37,-9.25,197.13,-82.05,-178.17
52.39856,-1.43067,142.56,23.03,2,3.61,18 / 20,3036810,2019-09-06 20:10:42:553,-1.1766,1.0257,9.7218,0.015,0.0225,9.8065,-0.1049,0.1277,0.0359,-3.56,-37.56,-8.56,197.48,-81.85,-177.18
52.39856,-1.43067,142.56,23.03,2,3.61,18 / 20,3036910,2019-09-06 20:10:42:653,-0.9491,0.0949,9.7734,0.019,0.0249,9.8066,-0.129,0.0523,0.0376,-3.44,-37.56,-8.56,194.22,-81.75,-176.24
52.39856,-1.43067,142.56,23.03,2,3.61,18 / 20,3037010,2019-09-06 20:10:42:753,-0.4173,-1.6703,10.2091,-0.0038,-0.022,9.8065,0.0744,0.0198,-0.0729,-3.44,-37.69,-8.5,195.18,-81.96,-176.14
52.39856,-1.43067,142.56,23.03,2,3.61,18 / 20,3037109,2019-09-06 20:10:42:852,-2.0041,0.3069,9.8962,-0.0129,-0.0196,9.8065,-0.0126,0.0957,-0.1207,-2.94,-37.94,-8.62,193.81,-81.95,-177.05
52.39856,-1.43067,142.56,23.03,2,3.61,18 / 20,3037209,2019-09-06 20:10:42:952,-2.1132,-1.5325,9.9573,0.0104,0.042,9.8065,-0.0486,0.014,0.1068,-3.31,-37.19,-8.69,193.67,-82.07,-177.58
52.39856,-1.43067,142.56,23.03,2,3.61,18 / 20,3037309,2019-09-06 20:10:43:052,-1.3683,0.0722,10.0078,-0.0106,0.0007,9.8066,-0.103,0.1145,-0.0827,-3.31,-37.69,-8.69,193.29,-82.03,-177.93
52.39856,-1.43067,142.56,23.03,2,3.61,19 / 20,3037410,2019-09-06 20:10:43:153,-0.1599,-2.3617,9.4777,-0.0109,0.0296,9.8066,-0.3303,-0.154,0.1239,-3.25,-37.44,-8.94,192.87,-81.79,-178.57
52.39856,-1.43067,142.56,23.03,2,3.61,19 / 20,3037510,2019-09-06 20:10:43:253,-0.7837,0.485,9.2721,-0.0071,0.0433,9.8065,-0.1449,0.0211,-0.032,-3,-37.69,-8.69,192.76,-81.89,-178.63
52.39856,-1.43067,142.56,23.03,2,3.61,19 / 20,3037609,2019-09-06 20:10:43:352,-0.5889,0.325,10.0002,0.0021,0.0006,9.8066,0.0178,0.0727,-0.0149,-3,-37.25,-8.75,192.8,-82.02,-178.87
52.39856,-1.43067,142.56,23.03,2,3.61,19 / 20,3037710,2019-09-06 20:10:43:453,-0.0208,-0.157,9.6219,0.0081,0.0263,9.8065,-0.0536,0.0025,0.0429,-2.75,-37.62,-8.44,193.49,-81.97,-178.85
52.39856,-1.43067,142.56,23.03,2,3.61,19 / 20,3037810,2019-09-06 20:10:43:553,-1.1373,0.6763,10.2006,-0.0056,-0.0285,9.8065,0.1328,-0.0327,-0.0191,-3,-37.69,-8.94,192.27,-82.07,-179.54
52.39856,-1.43067,142.56,23.03,2,3.61,19 / 20,3037909,2019-09-06 20:10:43:652,-0.2056,0.7049,9.8794,-0.0051,-0.0205,9.8065,-0.0428,0.0774,-0.0274,-2.62,-37.56,-8.12,192.93,-81.96,-179.74
52.39856,-1.43067,142.56,23.03,2,3.61,19 / 20,3038010,2019-09-06 20:10:43:753,-1.1914,0.1301,10.1657,-0.0059,-0.0058,9.8065,0.1419,0.059,-0.0075,-3.19,-37.25,-8.37,193.16,-81.87,-179.5
52.39856,-1.43067,142.56,23.03,2,3.61,19 / 20,3038109,2019-09-06 20:10:43:852,-0.7537,0.6836,9.8247,-0.0111,-0.0191,9.8065,0.0979,0.045,-0.0767,-2.25,-37.56,-8.5,188.33,-81.95,179.57
52.39856,-1.43067,142.56,23.03,2,3.61,19 / 20,3038210,2019-09-06 20:10:43:953,-0.3314,0.314,9.5973,-0.0096,0.0264,9.8065,0.0326,0.0028,-0.0493,-2.12,-37.75,-8.62,187.48,-82.03,179.15
52.39856,-1.43067,142.56,23.03,2,3.61,19 / 20,3038310,2019-09-06 20:10:44:053,-0.1994,-0.1697,9.7447,-0.0079,0.0179,9.8066,0.0403,0.011,-0.0593,-2.5,-37.75,-8.56,186.61,-81.94,177.83
52.40053,-1.430965,141.07,25.64,3,345.78,18 / 19,3038410,2019-09-06 20:10:44:153,-0.096,-0.0232,10.2402,-0.0143,-0.0013,9.8066,0.0495,0.0344,0.0374,-2.19,-36.87,-8.5,187.09,-81.95,177.44
52.40053,-1.430965,141.07,25.64,3,345.78,18 / 19,3038510,2019-09-06 20:10:44:253,-0.3703,0.196,9.9126,0.0045,-0.0051,9.8066,0.1132,-0.0035,0.039,-2.25,-36.87,-8.75,185.81,-81.78,176.55
52.40053,-1.430965,141.07,25.64,3,345.78,18 / 19,3038609,2019-09-06 20:10:44:352,-0.4055,0.8972,10.4883,-0.0032,-0.0351,9.8065,0.1441,0.0421,-0.0392,-1.56,-37.37,-8.37,186.92,-81.77,177.24
52.40053,-1.430965,141.07,25.64,3,345.78,18 / 19,3038710,2019-09-06 20:10:44:453,0.2926,0.3681,9.4726,-0.0011,0.0198,9.8066,-0.1055,0.057,-0.033,-1.94,-37.44,-8.62,185.68,-81.75,176.35
52.40053,-1.430965,141.07,25.64,3,345.78,18 / 19,3038809,2019-09-06 20:10:44:552,0.3291,-0.3907,9.601,-0.0142,-0.0265,9.8065,0.0475,0.0225,0.0494,-2.12,-37.06,-8.69,185.25,-81.6,175.74
52.40053,-1.430965,141.07,25.64,3,345.78,18 / 19,3038910,2019-09-06 20:10:44:653,0.1903,0.4099,8.95,-0.0102,-0.0184,9.8066,-0.0826,0.0121,-0.0604,-1.56,-37.37,-8.81,184.5,-81.72,174.53
52.40053,-1.430965,141.07,25.64,3,345.78,18 / 19,3039010,2019-09-06 20:10:44:753,-0.78,-0.4665,9.7882,-0.0073,-0.0079,9.8066,-0.001,0.0184,-0.0632,-1.75,-37.31,-8.19,184.27,-81.81,172.91
52.40053,-1.430965,141.07,25.64,3,345.78,18 / 19,3039110,2019-09-06 20:10:44:853,-1.2964,-0.4139,10.3031,0.0128,-0.013,9.8065,-0.1057,-0.0275,0.0765,-1.62,-37.12,-8.62,183.82,-81.78,173.44
52.40053,-1.430965,141.07,25.64,3,345.78,18 / 19,3039210,2019-09-06 20:10:44:953,1.7637,-0.3536,10.2713,0.012,0.045,9.8065,-0.1454,-0.0804,0.1043,-1.81,-37.25,-8.62,184.01,-81.6,173.79
52.40053,-1.430965,141.07,25.64,3,345.78,18 / 19,3039309,2019-09-06 20:10:45:052,0.8614,-0.2154,10.5888,-0.0032,-0.0058,9.8066,0.0406,0.0531,-0.0318,-1.81,-37.25,-8.5,184.98,-81.73,174.1
52.40053,-1.430965,141.07,25.64,3,345.78,18 / 19,3039410,2019-09-06 20:10:45:153,0.3724,-0.104,10.1414,0.0009,0.011,9.8066,0.0498,-0.0425,-0.0109,-1.69,-37.31,-8.56,184.13,-81.89,173.9
52.40053,-1.430965,141.07,25.64,3,345.78,18 / 19,3039510,2019-09-06 20:10:45:253,-0.4783,-0.119,9.9114,-0.0025,-0.0136,9.8066,0.0528,0.0438,0.0208,-2.31,-37.31,-7.75,184.86,-81.87,173.85
52.40053,-1.430965,141.07,25.64,3,345.78,18 / 19,3039609,2019-09-06 20:10:45:352,0.3473,-0.0034,10.3288,0.006,0.0288,9.8065,-0.0194,-0.0177,-0.0098,-1.81,-37.62,-8.06,184.58,-81.73,173.54
52.40053,-1.430965,141.07,25.64,3,345.78,18 / 19,3039710,2019-09-06 20:10:45:453,-0.877,-1.6521,10.9745,-0.0202,-0.0527,9.8064,0.3486,-0.0578,0.057,-1.87,-37.5,-8.19,184.58,-81.58,173.5
52.40053,-1.430965,141.07,25.64,3,345.78,18 / 19,3039809,2019-09-06 20:10:45:552,-0.5309,0.0375,9.3806,0.0068,-0.0268,9.8065,-0.013,0.0018,-0.0811,-1.75,-37.5,-8.06,184.62,-81.63,173.56
52.40053,-1.430965,141.07,25.64,3,345.78,18 / 19,3039909,2019-09-06 20:10:45:652,-0.0712,1.3772,10.4975,-0.0165,-0.0208,9.8065,0.1968,-0.0379,0.1005,-1.94,-37.44,-8.62,183.52,-81.62,173.01
52.40053,-1.430965,141.07,25.64,3,345.78,18 / 19,3040009,2019-09-06 20:10:45:752,-0.5412,0.465,10.3315,0.0074,0.0227,9.8065,-0.0007,0.1187,-0.0912,-1.44,-37.19,-7.87,180.04,-81.73,172.94
52.40053,-1.430965,141.07,25.64,3,345.78,18 / 19,3040109,2019-09-06 20:10:45:852,-0.4317,0.911,9.5216,-0.0074,0.0209,9.8065,0.0823,-0.0668,0.0805,-1.37,-37.56,-8.62,179.16,-81.57,172.31
52.40053,-1.430965,141.07,25.64,3,345.78,18 / 19,3040209,2019-09-06 20:10:45:952,-1.153,-0.2608,10.0939,0.011,0.0098,9.8066,-0.0511,0.083,-0.0919,-1.56,-37.37,-8.62,183.57,-81.49,173.11
52.40053,-1.430965,141.07,25.64,3,345.78,18 / 19,3040309,2019-09-06 20:10:46:052,-0.6116,-0.4161,10.0036,0,0.0272,9.8065,0.0785,-0.029,0.0323,-1.81,-37.5,-8,184.14,-81.42,172.82
52.40053,-1.430965,141.07,25.64,3,345.78,18 / 19,3040409,2019-09-06 20:10:46:152,0.8347,-0.9147,9.9139,0.0013,-0.0294,9.8065,-0.0588,0.0472,-0.0707,-1.56,-37.37,-7.37,185.5,-81.54,173.6
52.40053,-1.430965,141.07,25.64,3,345.78,18 / 19,3040510,2019-09-06 20:10:46:253,0.3283,-0.3182,9.7118,0.0111,0.0045,9.8066,0.0237,-0.0116,0.0789,-2,-37.31,-8.12,184.48,-81.57,173.34
52.40053,-1.430965,141.07,25.64,3,345.78,18 / 19,3040610,2019-09-06 20:10:46:353,0.341,0.5493,9.7687,0.0094,-0.0076,9.8065,0.0163,-0.0039,-0.0673,-1.69,-37.56,-8,185.03,-81.63,174.31
52.40053,-1.430965,141.07,25.64,3,345.78,18 / 19,3040710,2019-09-06 20:10:46:453,0.565,-0.3267,9.7723,-0.0171,-0.0226,9.8066,0.0061,-0.0052,-0.07,-1.81,-37.69,-7.94,184.76,-81.74,173.82
52.40053,-1.430965,141.07,25.64,3,345.78,18 / 19,3040809,2019-09-06 20:10:46:552,1.0775,-1.4613,10.7441,-0.0092,0.0097,9.8066,0.0324,0.0545,0.0304,-1.75,-37.19,-8.31,183.86,-81.49,172.34
52.40053,-1.430965,141.07,25.64,3,345.78,18 / 19,3040910,2019-09-06 20:10:46:653,-2.4191,1.3087,9.9979,0.0099,-0.0487,9.8065,-0.2368,-0.155,0.062,-1.19,-38.12,-7.69,179.59,-81.54,172.18
52.40053,-1.430965,141.07,25.64,3,345.78,18 / 19,3041010,2019-09-06 20:10:46:753,-1.2056,0.6255,9.6684,0.0096,0.0404,9.8065,-0.1077,0.123,-0.1519,-1.44,-38,-7.81,180.66,-81.29,173.99
52.40053,-1.430965,141.07,25.64,3,345.78,18 / 19,3041110,2019-09-06 20:10:46:853,0.6419,1.2288,10.261,-0.0221,0.0246,9.8065,-0.1341,-0.1227,0.2243,-1.56,-38,-8.12,183.76,-81.44,172.26
52.40053,-1.430965,141.07,25.64,3,345.78,18 / 19,3041210,2019-09-06 20:10:46:953,-0.3688,-0.0759,10.2056,0.0251,0.0095,9.8066,-0.119,0.0244,-0.1548,-2,-38.19,-7.94,184.56,-81.48,173.59
52.40053,-1.430965,141.07,25.64,3,345.78,18 / 19,3041310,2019-09-06 20:10:47:053,0.1459,-0.2713,10.1277,-0.0032,-0.0121,9.8066,-0.033,0.0186,0.0618,-1.31,-36.94,-7.81,181.05,-81.55,174.61
52.40053,-1.430965,141.07,25.64,3,345.78,18 / 19,3041409,2019-09-06 20:10:47:152,-0.0546,-0.4793,10.4158,-0.0019,0.023,9.8065,-0.1385,-0.0559,0.0321,-1.56,-38.06,-8.25,184.74,-81.42,173.91
52.40053,-1.430965,141.07,25.64,3,345.78,18 / 19,3041509,2019-09-06 20:10:47:252,0.6752,-0.555,9.5583,-0.0004,0.0216,9.8065,0.0291,0.0139,-0.006,-1.31,-37.31,-8.31,180.61,-81.35,173.9
52.40053,-1.430965,141.07,25.64,3,345.78,18 / 19,3041610,2019-09-06 20:10:47:353,0.3482,-1.5425,10.4153,0.0008,-0.0358,9.8065,0.0331,-0.0747,0.0815,-2,-37.87,-7.69,184.73,-81.43,173.88
52.40053,-1.430965,141.07,25.64,3,345.78,18 / 19,3041710,2019-09-06 20:10:47:453,-0.569,-0.9003,10.5925,0.0104,0.0557,9.8064,-0.0768,0.0236,0.1195,-1.87,-38.31,-7.56,185.55,-81.41,175.26
52.40053,-1.430965,141.07,25.64,3,345.78,18 / 19,3041809,2019-09-06 20:10:47:552,0.5168,0.5816,9.7234,0.0155,0.0114,9.8066,0.0801,0.0125,-0.0301,-2.06,-38.19,-7.69,185.63,-81.43,175.39
52.40053,-1.430965,141.07,25.64,3,345.78,18 / 19,3041910,2019-09-06 20:10:47:653,-1.1294,0.9548,10.3558,-0.0239,0.0363,9.8065,-0.1709,-0.067,0.032,-1.62,-38.06,-7.69,185.83,-81.39,175.76
52.40053,-1.430965,141.07,25.64,3,345.78,18 / 19,3042010,2019-09-06 20:10:47:753,-0.8907,-0.4004,10.6345,-0.0111,0.0401,9.8065,-0.0381,-0.0538,0.034,-1.06,-38.5,-7.56,180.45,-81.23,173.65
52.40053,-1.430965,141.07,25.64,3,345.78,18 / 19,3042110,2019-09-06 20:10:47:853,0.0408,0.3197,9.3644,-0.0099,0.0199,9.8065,-0.0974,0.0131,-0.0619,-1.81,-37.62,-7.94,184.39,-81.19,173.39
52.40053,-1.430965,141.07,25.64,3,345.78,18 / 19,3042209,2019-09-06 20:10:47:952,0.2785,-1.2322,10.2244,-0.0143,-0.026,9.8065,-0.0254,0.0383,0.1047,-0.87,-37.12,-7.69,179.37,-81.34,171.82
52.40053,-1.430965,141.07,25.64,3,345.78,18 / 19,3042310,2019-09-06 20:10:48:053,-0.6285,0.9343,9.3945,0.0066,0.0584,9.8064,-0.0883,0.0141,-0.0679,-0.94,-38.19,-8,179.43,-81.45,171.92
52.40053,-1.430965,141.07,25.64,3,345.78,18 / 19,3042409,2019-09-06 20:10:48:152,-1.2011,-1.733,11.6305,-0.0009,0.0154,9.8066,-0.0202,0.0999,0.0155,-1.25,-37.5,-8.37,179.33,-81.24,171.75
52.40053,-1.430965,141.07,25.64,3,345.78,18 / 19,3042510,2019-09-06 20:10:48:253,-0.918,1.7988,9.241,-0.009,-0.0382,9.8065,-0.2779,-0.0534,-0.0558,-0.87,-38.56,-7.87,178.69,-81.41,170.64
52.40053,-1.430965,141.07,25.64,3,345.78,18 / 19,3042610,2019-09-06 20:10:48:353,-0.7859,-0.3834,8.8886,0.0045,0.0311,9.8066,-0.2608,0.0492,-0.0903,-0.5,-38.31,-7.69,175.12,-81.06,171.57
52.40053,-1.430965,141.07,25.64,3,345.78,18 / 19,3042710,2019-09-06 20:10:48:453,-1.488,-0.9902,11.2285,-0.0186,-0.0286,9.8066,0.0766,-0.0343,0.1189,-0.81,-38.44,-7.69,178.7,-81.32,170.66
52.40053,-1.430965,141.07,25.64,3,345.78,18 / 19,3042810,2019-09-06 20:10:48:553,-1.318,-0.2622,12.0608,0.0033,-0.0215,9.8066,0.0846,0.0643,-0.1638,-0.44,-38.19,-7.69,175.14,-81.28,171.7
52.40053,-1.430965,141.07,25.64,3,345.78,18 / 19,3042909,2019-09-06 20:10:48:652,-1.1507,1.0424,10.4104,-0.0252,-0.0676,9.8063,-0.0328,0.0687,0.1676,-0.5,-37.44,-7.56,174.38,-81.26,170.5
52.40053,-1.430965,141.07,25.64,3,345.78,18 / 19,3043010,2019-09-06 20:10:48:753,-0.8102,-0.742,8.745,0.0221,0.0399,9.8065,-0.1333,0.0085,-0.0652,-0.12,-38.12,-7.31,174.91,-81.21,170.76
52.40053,-1.430965,141.07,25.64,3,345.78,18 / 19,3043109,2019-09-06 20:10:48:852,-1.6302,-1.3714,8.9219,0.002,0.0638,9.8064,0.0629,-0.0379,-0.0095,-0.5,-37.75,-7.44,175.65,-80.85,171.96
52.40053,-1.430965,141.07,25.64,3,345.78,18 / 19,3043210,2019-09-06 20:10:48:953,-1.2276,-2.1578,9.7108,-0.017,-0.0625,9.8064,0.2037,-0.0052,0.0938,0,-38.06,-7.19,174.16,-81.21,169.39
52.40053,-1.430965,141.07,25.64,3,345.78,18 / 19,3043310,2019-09-06 20:10:49:053,0.3521,-0.5277,10.0633,0,-0.0023,9.8066,-0.0107,0.0881,-0.1466,-0.12,-37.37,-8.06,174.1,-80.97,169.89
52.40053,-1.430965,141.07,25.64,3,345.78,19 / 20,3043409,2019-09-06 20:10:49:152,-0.4113,1.2834,9.7955,-0.0196,-0.0818,9.8063,0.2937,0.0712,0.0786,-0.56,-37.75,-7.5,178.68,-80.72,169.42
52.40053,-1.430965,141.07,25.64,3,345.78,19 / 20,3043510,2019-09-06 20:10:49:253,-0.0037,-0.0157,10.4286,-0.0021,-0.0322,9.8065,0.1489,0.0952,-0.0335,-0.31,-37.25,-7.31,173.77,-80.98,168.68
52.40053,-1.430965,141.07,25.64,3,345.78,19 / 20,3043609,2019-09-06 20:10:49:352,-0.2471,1.9825,10.6509,0.0068,-0.0011,9.8065,0.1356,0.0276,-0.0204,0.69,-37.44,-7.37,169.89,-80.78,169.67
52.40053,-1.430965,141.07,25.64,3,345.78,19 / 20,3043709,2019-09-06 20:10:49:452,-0.5418,-0.5986,9.7573,0.0128,0.0237,9.8065,-0.1034,-0.0145,0.146,0.13,-37.37,-6.94,174.7,-80.82,170.29
52.40053,-1.430965,141.07,25.64,3,345.78,19 / 20,3043810,2019-09-06 20:10:49:553,-1.1867,-0.0118,8.7552,0.02,0.0412,9.8065,-0.3406,0.0567,-0.004,-0.12,-37.81,-7.44,175.57,-80.74,171.75
52.40053,-1.430965,141.07,25.64,3,345.78,19 / 20,3043909,2019-09-06 20:10:49:652,-1.7752,-1.3596,9.7848,0.009,0.115,9.806,0.2771,-0.041,-0.0104,-0.06,-37.31,-7.62,175.6,-80.65,172.36
52.40053,-1.430965,141.07,25.64,3,345.78,19 / 20,3044010,2019-09-06 20:10:49:753,0.0383,-0.1204,9.0168,-0.0135,-0.0517,9.8064,0.0518,-0.0015,0.0633,-0.06,-37.5,-7.69,175.03,-80.71,171.38
52.40053,-1.430965,141.07,25.64,3,345.78,19 / 20,3044110,2019-09-06 20:10:49:853,0.0367,-0.6456,10.3221,0.0063,0.0016,9.8066,0.2061,0.0432,-0.0241,-0.56,-38,-7.94,179.01,-80.76,171.15
52.40053,-1.430965,141.07,25.64,3,345.78,19 / 20,3044210,2019-09-06 20:10:49:953,-0.243,0.5542,10.6839,0,-0.0165,9.8065,0.2996,0.0582,0.0091,-0.37,-37.94,-7.25,175.48,-80.83,171.63
52.40053,-1.430965,141.07,25.64,3,345.78,19 / 20,3044310,2019-09-06 20:10:50:053,-0.3302,0.3362,10.1841,0.0002,0.0758,9.8063,-0.327,0.0635,-0.0265,0.19,-37.87,-6.75,175.67,-80.86,171.99
52.40053,-1.430965,141.07,25.64,3,345.78,18 / 19,3044409,2019-09-06 20:10:50:152,-0.9914,-1.3686,10.4102,-0.0088,0.048,9.8065,-0.1499,0.1125,0.092,0.44,-37.62,-7.44,175.61,-80.45,171.71
52.40053,-1.430965,141.07,25.64,3,345.78,18 / 19,3044510,2019-09-06 20:10:50:253,-0.0161,0.3641,10.0837,0.0174,0.0014,9.8065,0.0211,-0.0414,-0.0505,0.81,-37.94,-7.25,171.26,-80.63,171.87
52.40053,-1.430965,141.07,25.64,3,345.78,18 / 19,3044609,2019-09-06 20:10:50:352,1.3913,-0.7775,9.7832,-0.0053,0.0054,9.8065,-0.0785,-0.0399,-0.1157,0.19,-37.5,-7.19,176.1,-80.63,172.79
52.40053,-1.430965,141.07,25.64,3,345.78,18 / 19,3044709,2019-09-06 20:10:50:452,-2.0677,0.1309,10.2798,-0.0137,-0.0224,9.8066,0.0151,0.0931,0.0343,0.63,-37.5,-6.62,170.92,-80.63,171.43
52.40053,-1.430965,141.07,25.64,3,345.78,18 / 19,3044810,2019-09-06 20:10:50:553,-1.4721,0.3344,10.7788,0.0093,0.0095,9.8066,0.1645,0.0172,-0.0433,0.06,-37.75,-7.37,175.81,-80.52,172.13
52.40053,-1.430965,141.07,25.64,3,345.78,18 / 19,3044910,2019-09-06 20:10:50:653,-1.3426,0.8121,10.4312,0.0023,-0.0302,9.8065,-0.2701,-0.0332,0.0815,0.56,-38,-7.06,171.75,-80.56,172.73
52.40053,-1.430965,141.07,25.64,3,345.78,18 / 19,3045010,2019-09-06 20:10:50:753,-0.4523,-1.2473,10.3987,0.0026,0.0359,9.8065,-0.1241,0.0873,0.0594,0.31,-37.12,-6.87,176.13,-80.39,172.77
52.40053,-1.430965,141.07,25.64,3,345.78,18 / 19,3045110,2019-09-06 20:10:50:853,0.0209,-0.4957,10.442,0.0054,0.0062,9.8066,-0.0245,0.0388,-0.0211,0.69,-37.81,-7,171.94,-80.5,173.03
52.40053,-1.430965,141.07,25.64,3,345.78,18 / 19,3045210,2019-09-06 20:10:50:953,-0.3335,-0.7283,10.3158,-0.0017,0.0089,9.8066,0.0008,0.0261,-0.0706,0.25,-37.37,-7.06,176.39,-80.49,173.28
52.40053,-1.430965,141.07,25.64,3,345.78,18 / 19,3045310,2019-09-06 20:10:51:053,0.328,0.2848,10.5,-0.0085,0.0077,9.8066,0.1896,0.0699,0.0085,0.56,-37.62,-6.31,171.79,-80.35,172.77
52.40053,-1.430965,141.07,25.64,3,345.78,18 / 19,3045410,2019-09-06 20:10:51:153,-0.8387,-0.5802,9.6582,0.0009,-0.0385,9.8065,0.1944,0.0572,-0.0295,0.06,-37.44,-7.19,175.82,-80.53,172.24
52.40053,-1.430965,141.07,25.64,3,345.78,18 / 19,3045510,2019-09-06 20:10:51:253,-1.1363,-1.3034,10.5692,-0.006,-0.0373,9.8065,-0.1007,0.0099,0.0555,0,-37.75,-7.19,175.67,-80.55,171.88
52.40053,-1.430965,141.07,25.64,3,345.78,18 / 19,3045609,2019-09-06 20:10:51:352,-0.8715,-1.8242,9.7779,0.0058,0.0423,9.8065,-0.0338,0.0832,-0.0071,0.94,-37.37,-6.69,170.78,-80.55,171.12
52.40053,-1.430965,141.07,25.64,3,345.78,18 / 19,3045710,2019-09-06 20:10:51:453,-1.0085,-0.5191,9.6742,0.0015,0.0541,9.8065,0.1606,-0.0316,0.055,1.06,-37.44,-7.06,171.41,-80.19,172
52.40053,-1.430965,141.07,25.64,3,345.78,18 / 19,3045809,2019-09-06 20:10:51:552,-0.0663,-1.545,9.1154,0.0093,-0.0355,9.8065,0.0305,0.0433,0.0377,0.31,-37.56,-6.81,176.42,-80.38,173.22
52.40053,-1.430965,141.07,25.64,3,345.78,18 / 19,3045910,2019-09-06 20:10:51:653,0.4079,-0.8966,9.4576,0.0003,-0.0316,9.8066,-0.078,-0.0224,0.0515,0.81,-37.56,-7.31,172.22,-80.42,173.5
52.40053,-1.430965,141.07,25.64,3,345.78,18 / 19,3046009,2019-09-06 20:10:51:752,-0.5449,-0.2571,10.5397,-0.0218,0.007,9.8065,0.044,-0.0103,-0.0832,1,-38.19,-7.37,171.95,-80.4,172.98
52.40053,-1.430965,141.07,25.64,3,345.78,18 / 19,3046110,2019-09-06 20:10:51:853,-0.8214,-0.6113,10.0999,-0.0149,-0.0013,9.8066,-0.1057,-0.041,-0.0166,0.81,-37.44,-7,171.29,-80.33,171.88
52.40053,-1.430965,141.07,25.64,3,345.78,18 / 19,3046209,2019-09-06 20:10:51:952,0.0964,-0.8078,10.3369,0.0063,-0.014,9.8066,-0.0021,-0.0177,0.0575,1.06,-37.56,-6.25,171.48,-80.14,171.94
52.40053,-1.430965,141.07,25.64,3,345.78,18 / 19,3046309,2019-09-06 20:10:52:052,-0.068,-1.3945,9.3895,0.0077,-0.0266,9.8066,0.0088,0.0585,0.0277,0.75,-37.25,-6.5,171.7,-80.28,172.75
52.40053,-1.430965,141.07,25.64,3,345.78,19 / 20,3046410,2019-09-06 20:10:52:153,0.1033,-0.2156,9.6548,-0.0034,-0.0471,9.8065,0.0912,-0.0086,-0.0027,0.25,-37,-6.25,176.55,-80.48,173.08
52.40053,-1.430965,141.07,25.64,3,345.78,19 / 20,3046509,2019-09-06 20:10:52:252,-0.4918,-0.7902,11.0279,0.0012,-0.0288,9.8066,0.0866,-0.0182,-0.1097,0.88,-37.37,-6.69,171.76,-80.42,172.84
52.40053,-1.430965,141.07,25.64,3,345.78,19 / 20,3046610,2019-09-06 20:10:52:353,-0.5638,-0.7387,10.2636,-0.0089,-0.0215,9.8065,0.1102,0.0597,-0.0394,1.56,-37.06,-6.37,166.81,-80.28,172.4
52.40053,-1.430965,141.07,25.64,3,345.78,19 / 20,3046709,2019-09-06 20:10:52:452,-0.7081,0.5943,10.7046,-0.0104,-0.0274,9.8065,0.1279,0.0804,0.1103,1.13,-37.87,-6.37,171.22,-80.28,171.54
52.40053,-1.430965,141.07,25.64,3,345.78,19 / 20,3046809,2019-09-06 20:10:52:552,-0.7498,-0.5911,9.5995,0.0019,0.0411,9.8065,-0.0478,0.103,-0.1038,1.69,-36.69,-6.44,166.39,-80.31,171.61
52.40053,-1.430965,141.07,25.64,3,345.78,19 / 20,3046909,2019-09-06 20:10:52:652,0.1232,-0.0321,9.7395,-0.0153,0.0276,9.8066,-0.0271,0.063,0.0764,1.13,-37.44,-6.75,171.21,-80.04,171.52
52.40053,-1.430965,141.07,25.64,3,345.78,19 / 20,3047010,2019-09-06 20:10:52:753,-0.4966,-0.6228,9.0712,0.0157,0.0021,9.8066,-0.0458,0.1262,0.0459,1.06,-36.75,-6.62,171.33,-80.01,171.72
52.40053,-1.430965,141.07,25.64,3,345.78,19 / 20,3047110,2019-09-06 20:10:52:853,0.5572,-1.1576,9.6367,0.017,0.0052,9.8066,0.0686,0.033,-0.048,1.56,-37.44,-6.69,167.39,-80.08,172.5
52.40053,-1.430965,141.07,25.64,3,345.78,19 / 20,3047210,2019-09-06 20:10:52:953,0.3996,0.03,10.1592,-0.0049,0.0201,9.8066,-0.0507,0.0243,-0.0036,1.38,-37.31,-7,171.78,-80.13,172.66
52.40053,-1.430965,141.07,25.64,3,345.78,19 / 20,3047310,2019-09-06 20:10:53:053,1.7779,-2.3482,12.1018,0.0051,-0.0528,9.8065,0.1524,-0.0594,0.1319,1.19,-37,-6.81,171.25,-80.61,172.03
52.402645,-1.432166,138.59,28.85,3,334.23,18 / 19,3047410,2019-09-06 20:10:53:153,1.9661,0.7702,12.9814,0.0058,0.0385,9.8065,0.2315,0.0924,-0.1046,1.25,-36.94,-5.56,172.14,-80.09,173.49
52.402645,-1.432166,138.59,28.85,3,334.23,18 / 19,3047509,2019-09-06 20:10:53:252,-1.6208,0.9859,10.0145,-0.0187,0.0187,9.8065,-0.5992,0.001,0.0338,0.88,-37.69,-6.31,171.74,-80.05,172.4
52.402645,-1.432166,138.59,28.85,3,334.23,18 / 19,3047610,2019-09-06 20:10:53:353,-1.2817,-1.2854,8.2739,-0.0108,0.126,9.8058,-0.6015,-0.0736,0.035,1.06,-38.06,-6,171.79,-79.35,171.89
52.402645,-1.432166,138.59,28.85,3,334.23,18 / 19,3047709,2019-09-06 20:10:53:452,0.127,-1.6238,7.9709,-0.0002,0.1215,9.8058,0.0905,-0.0359,-0.143,1.25,-37.81,-6.31,171.85,-79.62,172.25
52.402645,-1.432166,138.59,28.85,3,334.23,18 / 19,3047810,2019-09-06 20:10:53:553,-1.4944,-0.001,9.5973,-0.0032,-0.0572,9.8064,-0.0431,0.0828,-0.0066,1.19,-37.75,-5.56,171.37,-80.1,171.68
52.402645,-1.432166,138.59,28.85,3,334.23,18 / 19,3047910,2019-09-06 20:10:53:653,-0.7469,-1.747,10.5214,0.0001,0.0039,9.8066,0.133,-0.0145,0.1061,1.13,-37.69,-5.94,171.33,-79.99,171.49
52.402645,-1.432166,138.59,28.85,3,334.23,18 / 19,3048009,2019-09-06 20:10:53:752,0.3908,-0.0467,10.858,0.0085,-0.0085,9.8066,0.2154,-0.0098,-0.0963,1.5,-37.94,-5.56,167.17,-79.87,172.21
52.402645,-1.432166,138.59,28.85,3,334.23,18 / 19,3048110,2019-09-06 20:10:53:853,0.1017,0.4872,10.6867,0.003,-0.013,9.8066,0.0155,0.0137,0.0622,2.19,-37.62,-5.87,167.4,-79.83,172.63
52.402645,-1.432166,138.59,28.85,3,334.23,18 / 19,3048209,2019-09-06 20:10:53:952,0.0956,-0.3713,9.8079,-0.0016,0.061,9.8064,-0.0135,0.0193,0.0655,1.13,-37.44,-5.75,171.93,-79.56,172.62
52.402645,-1.432166,138.59,28.85,3,334.23,18 / 19,3048310,2019-09-06 20:10:54:053,-0.3568,-1.0834,10.3336,0.0046,0.0415,9.8065,-0.1555,0.0179,-0.1019,1.63,-37.37,-5.87,167.53,-79.68,173.09
52.402645,-1.432166,138.59,28.85,3,334.23,19 / 20,3048409,2019-09-06 20:10:54:152,-0.3693,-1.2644,10.0501,-0.0086,0.0236,9.8066,-0.1196,0.0594,0.0277,1.69,-37.81,-6.12,167.46,-79.67,172.55
52.402645,-1.432166,138.59,28.85,3,334.23,19 / 20,3048510,2019-09-06 20:10:54:253,0.2425,0.8049,9.8681,-0.0004,0.0331,9.8065,0.033,0.0268,-0.02,1.94,-38,-5.81,167.41,-79.67,172.44
52.402645,-1.432166,138.59,28.85,3,334.23,19 / 20,3048609,2019-09-06 20:10:54:352,-0.6161,0.1564,8.0673,-0.0036,0.0143,9.8065,-0.1902,-0.0835,-0.0072,1.81,-37.44,-6.12,167.45,-79.65,172.86
52.402645,-1.432166,138.59,28.85,3,334.23,19 / 20,3048710,2019-09-06 20:10:54:453,0.6774,-1.1268,9.3823,-0.0032,0.0188,9.8066,0.1108,0.0204,-0.0559,1.63,-37.44,-5.44,166.92,-79.74,172.83
52.402645,-1.432166,138.59,28.85,3,334.23,19 / 20,3048809,2019-09-06 20:10:54:552,-0.3306,-1.8665,9.9271,-0.0079,-0.0046,9.8066,-0.0045,0.0255,-0.0203,1.88,-38,-5.81,167.06,-79.85,171.95
52.402645,-1.432166,138.59,28.85,3,334.23,19 / 20,3048909,2019-09-06 20:10:54:652,-0.2353,0.1378,9.2452,-0.0148,-0.0124,9.8066,0.1139,0.0473,0.0078,2,-37.62,-5.62,166.83,-79.76,171.36
52.402645,-1.432166,138.59,28.85,3,334.23,19 / 20,3049009,2019-09-06 20:10:54:752,-0.028,-1.458,9.6407,0.0013,0.0128,9.8066,-0.0109,-0.0382,-0.0485,2.31,-37.94,-5.87,166.92,-79.64,171.39
52.402645,-1.432166,138.59,28.85,3,334.23,19 / 20,3049110,2019-09-06 20:10:54:853,-0.1067,-1.7147,10.5082,-0.0062,0.002,9.8066,0.0538,-0.0278,0.0309,2.19,-37.94,-5.5,166.48,-79.62,171.19
52.402645,-1.432166,138.59,28.85,3,334.23,19 / 20,3049210,2019-09-06 20:10:54:953,0.2924,-1.4986,11.446,-0.0118,0.0063,9.8066,0.1423,-0.03,0.0866,2.25,-37.87,-5.37,166.27,-79.52,170.55
52.402645,-1.432166,138.59,28.85,3,334.23,19 / 20,3049310,2019-09-06 20:10:55:053,-0.1532,-1.2878,10.2069,-0.0042,0.0252,9.8065,0.1044,-0.0638,0.0295,2.5,-37.69,-5.81,162.36,-79.27,170.54
52.402645,-1.432166,138.59,28.85,3,334.23,18 / 19,3049409,2019-09-06 20:10:55:152,-0.4412,1.2763,10.1239,0.0053,-0.0247,9.8065,0.1628,0.0221,-0.0755,2.31,-38.25,-5.12,166.16,-79.53,170.3
52.402645,-1.432166,138.59,28.85,3,334.23,18 / 19,3049510,2019-09-06 20:10:55:253,0.2861,-0.3015,9.9012,-0.0045,0.0033,9.8066,-0.0406,0.0196,0.0203,1.63,-37.5,-5.37,165.83,-79.53,170.05
52.402645,-1.432166,138.59,28.85,3,334.23,18 / 19,3049610,2019-09-06 20:10:55:353,0.465,0.1854,9.4469,0.0023,0.0216,9.8066,-0.0123,-0.0317,0.0257,1.69,-37.87,-5.69,166.4,-79.46,170.06
52.402645,-1.432166,138.59,28.85,3,334.23,18 / 19,3049709,2019-09-06 20:10:55:452,-0.8332,0.4171,9.31,0.0033,0.0337,9.8065,0.0299,-0.0118,-0.1641,2.63,-37.44,-5.31,161.25,-79.42,170.49
52.402645,-1.432166,138.59,28.85,3,334.23,18 / 19,3049809,2019-09-06 20:10:55:552,0.5075,-1.6809,10.7023,-0.0046,0.0258,9.8066,-0.1864,0.0023,0.0399,1.81,-37.31,-5.5,166.2,-79.24,170.41
52.402645,-1.432166,138.59,28.85,3,334.23,18 / 19,3049909,2019-09-06 20:10:55:652,0.0668,-1.1074,10.4619,-0.002,0.0412,9.8065,0.1429,0.0233,0.0905,1.88,-37.81,-5.56,166.68,-79.2,170.3
52.402645,-1.432166,138.59,28.85,3,334.23,18 / 19,3050010,2019-09-06 20:10:55:753,-0.0496,-1.4559,9.8167,0.0059,-0.0246,9.8065,0.0797,-0.0456,-0.1227,1.81,-37.44,-5.31,166.14,-79.28,170.32
52.402645,-1.432166,138.59,28.85,3,334.23,18 / 19,3050110,2019-09-06 20:10:55:853,0.1314,-0.3948,9.8803,-0.0005,-0.0525,9.8065,-0.0925,0.0305,-0.0727,2.31,-37.87,-5.62,166.23,-79.56,169.85
52.402645,-1.432166,138.59,28.85,3,334.23,18 / 19,3050209,2019-09-06 20:10:55:952,-0.0838,0.3014,9.9512,-0.0214,0.0218,9.8065,-0.0614,0.011,0.0615,2,-37.87,-5.56,165.69,-79.35,168.41
52.402645,-1.432166,138.59,28.85,3,334.23,18 / 19,3050310,2019-09-06 20:10:56:053,-0.9417,-0.3594,9.4365,-0.008,0.0229,9.8066,-0.0683,0.0601,-0.0395,2.69,-37.69,-6.12,161.07,-79.35,168.05
52.402645,-1.432166,138.59,28.85,3,334.23,19 / 20,3050409,2019-09-06 20:10:56:152,0.7478,-0.2217,10.9387,-0.0012,-0.0292,9.8065,-0.0251,-0.0471,-0.0174,2.5,-37.5,-5.5,159.94,-79.47,167.72
52.402645,-1.432166,138.59,28.85,3,334.23,19 / 20,3050510,2019-09-06 20:10:56:253,1.0655,-1.8905,10.6132,-0.0001,-0.0273,9.8066,0.2271,0.053,0.0096,2.88,-38.25,-5.44,160.02,-79.53,167.38
52.402645,-1.432166,138.59,28.85,3,334.23,19 / 20,3050609,2019-09-06 20:10:56:352,1.1835,-1.0017,10.2894,0.0142,-0.0168,9.8066,0.183,0.0644,-0.1035,2.69,-37.56,-5.37,160.61,-79.3,168.15
52.402645,-1.432166,138.59,28.85,3,334.23,19 / 20,3050710,2019-09-06 20:10:56:453,-0.0457,-0.4517,9.88,-0.0061,-0.0475,9.8065,-0.1515,-0.0046,0.1579,2.69,-37.62,-5.37,160.14,-79.47,167.51
52.402645,-1.432166,138.59,28.85,3,334.23,19 / 20,3050810,2019-09-06 20:10:56:553,-0.5204,0.9165,9.1913,0.0025,0.0616,9.8064,-0.0319,0.0257,-0.0639,2.69,-38,-5.62,161.27,-79.18,168.14
52.402645,-1.432166,138.59,28.85,3,334.23,19 / 20,3050909,2019-09-06 20:10:56:652,0.3922,-1.6103,9.3153,-0.0203,0.0759,9.8063,0.1473,0.0148,-0.1008,2.44,-37.75,-6.12,165.75,-79.09,168.15
52.402645,-1.432166,138.59,28.85,3,334.23,19 / 20,3051010,2019-09-06 20:10:56:753,-0.0897,0.6621,10.1525,-0.0118,-0.0538,9.8064,0.2056,0.0958,0.1078,3.44,-38.12,-5.31,159.87,-79.33,166.56
52.402645,-1.432166,138.59,28.85,3,334.23,19 / 20,3051110,2019-09-06 20:10:56:853,1.2478,-0.6054,10.277,0.0089,-0.0278,9.8065,-0.0311,0.001,-0.0809,3.06,-38.06,-5.5,159.81,-79.28,166.33
52.402645,-1.432166,138.59,28.85,3,334.23,19 / 20,3051209,2019-09-06 20:10:56:952,0.9757,2.2936,9.3381,-0.01,0.0435,9.8065,-0.1846,-0.0225,-0.0856,2.81,-37.81,-5.5,159.92,-79.33,166.68
52.402645,-1.432166,138.59,28.85,3,334.23,19 / 20,3051310,2019-09-06 20:10:57:053,0.2054,0.0513,9.6448,-0.0083,0.0343,9.8065,0.0648,0.078,0.0916,2.69,-37.69,-5.5,159.85,-79.21,166.22
52.402645,-1.432166,138.59,28.85,3,334.23,18 / 19,3051409,2019-09-06 20:10:57:152,-0.6211,0.4032,10.0518,0.0071,0.0033,9.8066,-0.0202,0.0608,-0.0286,2.75,-37.62,-5.5,159.78,-79.26,166.19
52.402645,-1.432166,138.59,28.85,3,334.23,18 / 19,3051509,2019-09-06 20:10:57:252,-0.2781,-1.1654,10.1158,-0.0084,0.025,9.8065,0.0511,-0.011,0.0285,2.75,-37.25,-5.44,159.7,-79.08,166.3
52.402645,-1.432166,138.59,28.85,3,334.23,18 / 19,3051610,2019-09-06 20:10:57:353,0.4224,0.6432,10.9083,-0.0001,-0.0633,9.8064,0.1911,0.0849,0.0615,2.88,-38.25,-5.25,159.12,-79.3,164.79
52.402645,-1.432166,138.59,28.85,3,334.23,18 / 19,3051710,2019-09-06 20:10:57:453,0.6476,-0.2323,10.1733,0.0171,-0.0863,9.8062,-0.1182,-0.0192,-0.087,3.81,-37.94,-5,154.16,-79.41,164.72
52.402645,-1.432166,138.59,28.85,3,334.23,18 / 19,3051810,2019-09-06 20:10:57:553,1.1562,0.6483,10.1606,-0.015,0.0408,9.8064,0.0504,-0.0304,0.0193,3,-37.81,-5.06,159.22,-79.36,165.18
52.402645,-1.432166,138.59,28.85,3,334.23,18 / 19,3051910,2019-09-06 20:10:57:653,0.2422,-2.347,9.7944,0.0118,0.0297,9.8065,-0.2525,0.055,0.0335,2.44,-37.62,-5.5,163.98,-79.29,164.8
52.402645,-1.432166,138.59,28.85,3,334.23,18 / 19,3052009,2019-09-06 20:10:57:752,0.5489,-2.3139,9.7649,-0.0041,0.0293,9.8066,-0.2494,-0.0134,0.0255,2.25,-37.44,-5.5,164.33,-79.02,165.69
52.402645,-1.432166,138.59,28.85,3,334.23,18 / 19,3052110,2019-09-06 20:10:57:853,0.3814,-1.6455,8.9582,-0.0201,0.0501,9.8064,0.3813,-0.0687,-0.0023,2.94,-38.31,-5.37,159.87,-78.85,165.42
52.402645,-1.432166,138.59,28.85,3,334.23,18 / 19,3052209,2019-09-06 20:10:57:952,-0.042,-0.654,9.9947,0.0112,-0.0815,9.8062,0.2299,-0.0225,-0.1348,3.13,-37.62,-5.5,159.3,-79.16,164.89
52.402645,-1.432166,138.59,28.85,3,334.23,18 / 19,3052309,2019-09-06 20:10:58:052,-0.1831,-0.1147,10.4337,-0.0035,-0.0582,9.8064,0.0291,0.0071,-0.0313,3.25,-37.69,-4.87,159.29,-79.03,164.52
52.402645,-1.432166,138.59,28.85,3,334.23,19 / 20,3052410,2019-09-06 20:10:58:153,-0.6077,-0.1213,9.0406,-0.0133,0.0174,9.8065,0.0811,0.0163,0.0131,2.94,-37.87,-4.75,159.28,-78.76,163.84
52.402645,-1.432166,138.59,28.85,3,334.23,19 / 20,3052509,2019-09-06 20:10:58:252,1.945,-1.9593,10.4074,-0.0072,0.0111,9.8066,-0.0129,-0.0686,0.0006,2.44,-38,-4.81,163.77,-78.9,163.52
52.402645,-1.432166,138.59,28.85,3,334.23,19 / 20,3052610,2019-09-06 20:10:58:353,0.9509,-1.6398,9.9089,-0.0036,0.0348,9.8065,-0.2171,0.0071,-0.0379,2.81,-37.94,-5.25,159.26,-78.74,163.73
52.402645,-1.432166,138.59,28.85,3,334.23,19 / 20,3052710,2019-09-06 20:10:58:453,0.2612,-1.5654,9.784,-0.018,0.0394,9.8065,0.2709,-0.0616,0.0669,3.31,-38.19,-5,159.03,-78.67,163.02
52.402645,-1.432166,138.59,28.85,3,334.23,19 / 20,3052809,2019-09-06 20:10:58:552,0.8652,0.0685,9.3216,0.0075,-0.0457,9.8065,0.0944,-0.0641,-0.1137,3.25,-37.62,-5.5,158.8,-78.76,162.7
52.402645,-1.432166,138.59,28.85,3,334.23,19 / 20,3052909,2019-09-06 20:10:58:652,0.4021,0.1244,9.9818,-0.0097,-0.0377,9.8065,-0.0625,0.0309,0.0746,3.56,-37.12,-5.19,153.05,-79.03,162.11
52.402645,-1.432166,138.59,28.85,3,334.23,19 / 20,3053009,2019-09-06 20:10:58:752,0.0856,-1.0837,9.6534,-0.0111,0.0238,9.8066,-0.0665,0.0363,0.0715,3.5,-37.94,-4.81,153.3,-78.77,160.99
52.402645,-1.432166,138.59,28.85,3,334.23,19 / 20,3053109,2019-09-06 20:10:58:852,0.5509,0.5683,10.6856,0.0034,-0.0046,9.8066,0.0002,-0.0533,-0.1117,3.94,-37.87,-5.37,153.31,-78.77,161.01
52.402645,-1.432166,138.59,28.85,3,334.23,19 / 20,3053210,2019-09-06 20:10:58:953,0.6705,0.729,9.8733,-0.008,0.0011,9.8066,0.0286,-0.0066,-0.0148,3.63,-37.5,-5.37,153.04,-78.61,160.86
52.402645,-1.432166,138.59,28.85,3,334.23,19 / 20,3053309,2019-09-06 20:10:59:052,0.4638,-0.2085,8.8517,0.0139,-0.0205,9.8066,-0.0802,-0.108,-0.0016,4.19,-38,-5.31,153.17,-78.76,160.69
52.402645,-1.432166,138.59,28.85,3,334.23,18 / 19,3053409,2019-09-06 20:10:59:152,0.2002,-0.0832,9.6137,0.0039,-0.024,9.8065,-0.0629,-0.0032,-0.0783,3.75,-38.06,-5.19,153.37,-78.84,161.35
52.402645,-1.432166,138.59,28.85,3,334.23,18 / 19,3053510,2019-09-06 20:10:59:253,0.1505,-1.8148,10.5539,-0.0113,0.0168,9.8065,0.1771,-0.0197,0.0696,3.88,-37.69,-5.12,152.57,-79,160.08
52.402645,-1.432166,138.59,28.85,3,334.23,18 / 19,3053610,2019-09-06 20:10:59:353,0.8536,-1.1871,11.2841,-0.0106,0.0151,9.8066,0.1534,0.0007,-0.1023,4.06,-37.37,-4.62,152.3,-78.8,159.82
52.402645,-1.432166,138.59,28.85,3,334.23,18 / 19,3053710,2019-09-06 20:10:59:453,0.8529,0.0085,10.309,-0.017,0.0066,9.8066,-0.0642,-0.0187,-0.0128,4.31,-37.44,-4.56,152.37,-78.6,159.36
52.402645,-1.432166,138.59,28.85,3,334.23,18 / 19,3053810,2019-09-06 20:10:59:553,0.4445,0.5092,9.8807,0.0052,-0.0182,9.8066,0.0306,0.0909,0.0644,3.75,-37.31,-5.56,152.42,-78.66,158.61
52.402645,-1.432166,138.59,28.85,3,334.23,18 / 19,3053910,2019-09-06 20:10:59:653,0.6905,-0.2941,9.7799,0.0155,-0.0263,9.8066,-0.1073,-0.0114,-0.0443,3.5,-37.75,-4.81,152.16,-78.86,158.73
52.402645,-1.432166,138.59,28.85,3,334.23,18 / 19,3054010,2019-09-06 20:10:59:753,0.0759,-0.8641,9.3709,-0.0124,0.0308,9.8065,-0.0003,0.0127,-0.0391,3.63,-38.25,-5.75,152.48,-79.01,158.82
52.402645,-1.432166,138.59,28.85,3,334.23,18 / 19,3054109,2019-09-06 20:10:59:852,0.0286,-1.4658,10.829,-0.0144,0.0443,9.8065,-0.0585,0.0555,-0.0127,4.06,-37.87,-4.94,152.16,-78.75,158.4
52.402645,-1.432166,138.59,28.85,3,334.23,18 / 19,3054210,2019-09-06 20:10:59:953,-1.002,0.7382,10.601,-0.0133,0.0885,9.8062,-0.2454,-0.0254,-0.0289,4.06,-37.69,-5.06,153.01,-78.33,158.98
52.402645,-1.432166,138.59,28.85,3,334.23,18 / 19,3054310,2019-09-06 20:11:00:053,0.6141,-1.5355,10.6354,0.0011,0.039,9.8065,-0.1439,-0.0608,-0.0111,4.19,-37.44,-4.75,152.18,-78.63,159.03
52.402645,-1.432166,138.59,28.85,3,334.23,18 / 19,3054409,2019-09-06 20:11:00:152,1.5402,1.3104,9.6976,-0.0168,0.0142,9.8066,0.3242,-0.0752,0.0387,4.06,-38.06,-4.75,151.86,-79.01,158.55
52.402645,-1.432166,138.59,28.85,3,334.23,18 / 19,3054510,2019-09-06 20:11:00:253,-0.3232,0.0685,10.3891,-0.02,0.0342,9.8065,-0.2727,0.0411,0.0765,4.13,-37.44,-5.25,151.68,-78.7,158.15
52.402645,-1.432166,138.59,28.85,3,334.23,18 / 19,3054610,2019-09-06 20:11:00:353,-0.7937,0.1774,9.2634,0.0018,0.086,9.8062,-0.3168,-0.0064,0.1468,3.94,-38,-4.81,152.84,-78.43,158.91
52.402645,-1.432166,138.59,28.85,3,334.23,18 / 19,3054710,2019-09-06 20:11:00:453,0.8259,-1.4556,9.107,0.0093,0.0867,9.8062,0.0933,0.0049,-0.0981,4,-38.12,-5,153.24,-78.64,160.44
52.402645,-1.432166,138.59,28.85,3,334.23,18 / 19,3054810,2019-09-06 20:11:00:553,-0.0447,-0.1423,8.8302,-0.024,-0.0438,9.8065,-0.0528,-0.0287,0.0424,3.88,-37.94,-5.12,151.78,-78.9,158.03
52.402645,-1.432166,138.59,28.85,3,334.23,18 / 19,3054910,2019-09-06 20:11:00:653,-0.4619,-0.6364,9.5214,-0.0138,-0.0016,9.8066,0.1268,-0.0971,-0.0109,4.06,-38.12,-4.56,151.82,-78.74,157.59
52.402645,-1.432166,138.59,28.85,3,334.23,18 / 19,3055010,2019-09-06 20:11:00:753,0.9779,-1.0268,9.9672,0.0063,-0.0527,9.8064,0.0644,-0.0863,-0.0693,4.19,-37.62,-4.37,151.89,-78.49,157.98
52.402645,-1.432166,138.59,28.85,3,334.23,18 / 19,3055109,2019-09-06 20:11:00:852,-0.8274,0.3748,9.1763,-0.0096,0.0104,9.8066,-0.0415,-0.0986,0.1342,3.94,-38,-5.25,151.79,-78.67,157.3
52.402645,-1.432166,138.59,28.85,3,334.23,18 / 19,3055209,2019-09-06 20:11:00:952,0.5693,-1.0255,10.2839,0.0213,-0.0225,9.8065,0.0478,0.0398,-0.097,3.63,-37.87,-5,151.65,-78.79,157.38
52.402645,-1.432166,138.59,28.85,3,334.23,18 / 19,3055310,2019-09-06 20:11:01:053,-0.8824,-0.7908,10.2473,-0.0131,0.0155,9.8066,0.0278,0.0154,-0.0208,4.25,-37.5,-5.12,151.38,-78.61,157.24
52.402645,-1.432166,138.59,28.85,3,334.23,18 / 19,3055409,2019-09-06 20:11:01:152,0.2794,-1.0678,11.9423,0.0207,-0.0879,9.8061,0.5217,-0.0255,-0.02,4.25,-37.44,-4.69,150.62,-78.9,156.5
52.402645,-1.432166,138.59,28.85,3,334.23,18 / 19,3055509,2019-09-06 20:11:01:252,2.3382,-2.0447,11.6604,0.0249,-0.1478,9.8055,-0.2393,0.1573,0.0199,4.19,-37.37,-4.19,150.38,-78.88,157.08
52.402645,-1.432166,138.59,28.85,3,334.23,18 / 19,3055610,2019-09-06 20:11:01:353,1.1283,-0.1075,10.1341,-0.0119,0.083,9.8062,0.0512,-0.0497,0.0177,4.19,-37.5,-4.94,150.77,-78.83,156.58
52.402645,-1.432166,138.59,28.85,3,334.23,18 / 19,3055709,2019-09-06 20:11:01:452,0.5934,-0.373,10.6952,-0.0062,-0.0022,9.8066,-0.1989,0.0123,-0.0146,3.94,-37.19,-4.5,150.83,-78.57,156.92
52.402645,-1.432166,138.59,28.85,3,334.23,18 / 19,3055810,2019-09-06 20:11:01:553,0.0396,0.6061,9.739,-0.0051,0.0581,9.8064,-0.292,-0.025,-0.0009,4.38,-37.5,-4.44,150.86,-78.48,156.63
52.402645,-1.432166,138.59,28.85,3,334.23,18 / 19,3055910,2019-09-06 20:11:01:653,0.7612,0.3513,10.2893,-0.0097,-0.0389,9.8065,0.2247,0.0329,0.058,4.25,-37.56,-4.5,151.41,-78.47,156.7
52.402645,-1.432166,138.59,28.85,3,334.23,18 / 19,3056009,2019-09-06 20:11:01:752,-1.2003,1.1329,9.6036,-0.0011,0.0041,9.8066,0.1096,0.0298,-0.0991,3.94,-37.81,-4.56,151.53,-78.46,156.03
52.402645,-1.432166,138.59,28.85,3,334.23,18 / 19,3056109,2019-09-06 20:11:01:852,-0.5931,-1.3253,10.1054,-0.0146,0.0475,9.8064,-0.0137,0.0383,-0.0418,4.75,-37.44,-5.06,146.42,-78.33,155.87
52.402645,-1.432166,138.59,28.85,3,334.23,18 / 19,3056209,2019-09-06 20:11:01:952,0.93,-1.1283,9.1693,0.0107,-0.0081,9.8066,-0.1862,-0.0206,0.2251,4.44,-36.94,-5.12,150.77,-78.46,155.37
52.402645,-1.432166,138.59,28.85,3,334.23,18 / 19,3056309,2019-09-06 20:11:02:052,1.1932,-1.6279,9.3439,0.0334,0.0393,9.8065,-0.189,0.0028,0.0978,3.63,-37,-4.62,151.38,-78.62,157.23
52.404694,-1.433949,137.29,28.45,2,331.44,18 / 19,3056409,2019-09-06 20:11:02:152,1.4884,-0.1591,9.9238,-0.004,-0.0024,9.8066,-0.1111,0.1092,0.0288,3.56,-37.06,-4.31,150.95,-78.86,158.37
52.404694,-1.433949,137.29,28.45,2,331.44,18 / 19,3056510,2019-09-06 20:11:02:253,0.0502,-0.6845,9.1556,-0.0032,-0.0416,9.8065,-0.1392,0.054,-0.0201,3.75,-37.12,-4.75,150.92,-79.05,157.61
52.404694,-1.433949,137.29,28.45,2,331.44,18 / 19,3056610,2019-09-06 20:11:02:353,0.3604,0.701,9.8599,-0.0186,-0.0141,9.8065,0.0601,-0.0211,-0.0673,4.31,-36.62,-5,151.13,-78.78,157.2
52.404694,-1.433949,137.29,28.45,2,331.44,18 / 19,3056710,2019-09-06 20:11:02:453,0.1396,-0.0888,9.6159,0.0182,-0.0104,9.8065,-0.0576,-0.0083,0.0485,4.56,-37.5,-5.06,145.91,-78.77,156.36
52.404694,-1.433949,137.29,28.45,2,331.44,18 / 19,3056810,2019-09-06 20:11:02:553,1.7891,-0.3857,11.0533,0.0098,-0.0081,9.8066,0.09,0.0198,0.0596,4.69,-37.25,-4.69,146.02,-78.98,157.29
52.404694,-1.433949,137.29,28.45,2,331.44,18 / 19,3056909,2019-09-06 20:11:02:652,-1.4075,-0.2466,8.6274,-0.0159,0.0282,9.8066,-0.2533,-0.0415,-0.0604,4.25,-37.12,-5.06,150.45,-78.97,156.36
52.404694,-1.433949,137.29,28.45,2,331.44,18 / 19,3057010,2019-09-06 20:11:02:753,0.1933,-1.2712,9.1821,0.0018,0.0525,9.8065,0.0431,0.0252,0.0765,4.5,-36.69,-4.62,145.61,-79.01,156.58
52.404694,-1.433949,137.29,28.45,2,331.44,18 / 19,3057109,2019-09-06 20:11:02:852,1.5338,0.4519,9.3838,0.0165,0.0009,9.8066,0.0823,0.008,0.0301,4.38,-37.19,-5.56,151.53,-79.27,158.45
52.404694,-1.433949,137.29,28.45,2,331.44,18 / 19,3057209,2019-09-06 20:11:02:952,1.0153,2.5621,10.9192,0.0036,0.0101,9.8066,0.2652,-0.1404,-0.1099,4.25,-37.37,-4.87,151.2,-79.22,158.78
52.404694,-1.433949,137.29,28.45,2,331.44,18 / 19,3057310,2019-09-06 20:11:03:053,0.3151,0.1043,10.27,-0.0002,-0.0388,9.8065,-0.0089,-0.0134,0.0504,4.31,-37.31,-5.5,151.03,-79.27,158.58
52.404694,-1.433949,137.29,28.45,2,331.44,18 / 19,3057409,2019-09-06 20:11:03:152,-0.2266,-1.1399,11.2845,-0.0055,-0.0628,9.8064,0.2489,-0.0125,0.0188,4.75,-36.87,-5.87,145.97,-79.56,157.33
52.404694,-1.433949,137.29,28.45,2,331.44,18 / 19,3057509,2019-09-06 20:11:03:252,0.6747,0.8542,9.4826,-0.0048,0.0475,9.8065,-0.0672,-0.07,0.08,4.44,-36.94,-6.81,151.47,-79.22,157.34
52.404694,-1.433949,137.29,28.45,2,331.44,18 / 19,3057609,2019-09-06 20:11:03:352,1.9508,1.3721,8.4321,-0.0026,0.0045,9.8066,0.0315,-0.0134,0.1084,5.38,-36.81,-6.94,147.43,-79.27,157.73
52.404694,-1.433949,137.29,28.45,2,331.44,18 / 19,3057710,2019-09-06 20:11:03:453,0.981,1.0752,8.8132,-0.008,-0.0157,9.8065,0.0319,-0.0793,-0.2078,6,-37.19,-8.5,143.44,-79.44,156.81
52.404694,-1.433949,137.29,28.45,2,331.44,18 / 19,3057810,2019-09-06 20:11:03:553,-0.0664,-1.9213,10.0154,-0.0095,0.0318,9.8066,0.0236,0.0439,-0.0412,7.31,-37.87,-9.62,141.61,-79.43,156.16
52.404694,-1.433949,137.29,28.45,2,331.44,18 / 19,3057909,2019-09-06 20:11:03:652,0.0525,-0.2065,11.1782,0.0113,-0.0737,9.8063,0.1882,-0.0319,-0.0101,9,-40.94,-13.12,139.83,-79.25,156.7
52.404694,-1.433949,137.29,28.45,2,331.44,18 / 19,3058010,2019-09-06 20:11:03:753,-3.2291,1.2339,10.3843,-0.0392,0.1074,9.806,0.2649,0.0594,-0.0698,13.44,-57.56,-16.94,136.28,-79.7,154.42
52.404694,-1.433949,137.29,28.45,2,331.44,18 / 19,3058110,2019-09-06 20:11:03:853,0.8981,1.0483,10.4234,0.0034,0.0308,9.8065,-0.0667,0.0232,0.2251,9.75,-63.31,4.75,112.29,-79.63,156.99
52.404694,-1.433949,137.29,28.45,2,331.44,18 / 19,3058209,2019-09-06 20:11:03:952,-0.3033,0.9595,11.8307,0.0298,-0.0512,9.8064,0.0248,-0.0223,-0.1491,6.56,-55.5,2.94,128.9,-79.88,156.93
52.404694,-1.433949,137.29,28.45,2,331.44,18 / 19,3058310,2019-09-06 20:11:04:053,-0.0253,1.7408,10.5088,-0.0013,0.1119,9.806,-0.3496,0.0785,0.0442,4.38,-53.12,1.94,154.06,-79.95,156.08
52.404694,-1.433949,137.29,28.45,2,331.44,18 / 19,3058410,2019-09-06 20:11:04:153,1.3135,-1.1985,8.3366,-0.01,-0.0936,9.8062,-0.317,-0.0093,0.0883,2.81,-48.12,-0.44,160.07,-79.47,157.8
52.404694,-1.433949,137.29,28.45,2,331.44,18 / 19,3058509,2019-09-06 20:11:04:252,-0.5921,-0.2592,7.8511,-0.0084,-0.0809,9.8062,0.1307,-0.1233,-0.0969,3.56,-47.87,-8.12,153.35,-80.04,155.59
52.404694,-1.433949,137.29,28.45,2,331.44,18 / 19,3058610,2019-09-06 20:11:04:353,1.426,0.1695,10.2644,-0.0036,-0.0044,9.8066,0.2969,-0.0598,0.0503,5.06,-58,-11.31,153,-79.91,155.27
52.404694,-1.433949,137.29,28.45,2,331.44,18 / 19,3058709,2019-09-06 20:11:04:452,-0.4728,-2.8109,9.4484,-0.0288,0.1039,9.806,-0.5163,-0.1367,0.2381,6.25,-56.5,5.5,130.48,-79.32,155.91
52.404694,-1.433949,137.29,28.45,2,331.44,18 / 19,3058810,2019-09-06 20:11:04:553,1.6941,1.7237,10.8694,-0.0717,0.0497,9.8062,-0.2749,-0.2193,0.2728,5.56,-39,1.25,127.15,-79.48,156.5
52.404694,-1.433949,137.29,28.45,2,331.44,18 / 19,3058910,2019-09-06 20:11:04:653,0.8132,0.4877,9.2242,-0.0187,0.0946,9.8062,-0.2051,0.0672,-0.1292,3.94,-36.81,-3.37,146.88,-79.98,155.43
52.404694,-1.433949,137.29,28.45,2,331.44,18 / 19,3059010,2019-09-06 20:11:04:753,-0.2026,-0.0207,7.7045,0.0021,0.0985,9.806,-0.2178,-0.0269,-0.0133,3.31,-35.94,-4.81,154.14,-79.7,156.6
52.404694,-1.433949,137.29,28.45,2,331.44,18 / 19,3059110,2019-09-06 20:11:04:853,-0.5846,-0.4523,9.2606,0.0068,-0.0142,9.8066,-0.003,0.0405,0.1387,3.56,-36.31,-5,147.45,-80.25,155.54
52.404694,-1.433949,137.29,28.45,2,331.44,18 / 19,3059210,2019-09-06 20:11:04:953,-0.4209,-0.3411,10.6727,0.0054,0.0037,9.8066,0.2496,0.0431,0.086,4.5,-36.87,-5.56,144.48,-80.19,156.55
52.404694,-1.433949,137.29,28.45,2,331.44,18 / 19,3059310,2019-09-06 20:11:05:053,1.7248,-0.6932,10.3338,-0.018,0.0283,9.8065,0.0156,-0.0378,-0.1093,4.38,-36.62,-6,149.55,-79.87,156.3
52.404694,-1.433949,137.29,28.45,2,331.44,18 / 19,3059410,2019-09-06 20:11:05:153,1.3886,-1.1356,9.0629,0.0008,-0.0108,9.8066,-0.1338,0.066,-0.0114,4.56,-37.06,-6.5,144.4,-80.03,155.94
52.404694,-1.433949,137.29,28.45,2,331.44,18 / 19,3059509,2019-09-06 20:11:05:252,0.3675,-0.6118,9.6895,-0.0123,0.0199,9.8066,0.2325,-0.0597,-0.0119,3.81,-37.62,-6.25,149.35,-80.19,156.05
52.404694,-1.433949,137.29,28.45,2,331.44,18 / 19,3059610,2019-09-06 20:11:05:353,0.864,-1.8716,9.2951,-0.0086,-0.0334,9.8065,-0.1465,-0.1113,-0.1048,3.81,-37.44,-5.69,148.32,-80.18,154.89
52.404694,-1.433949,137.29,28.45,2,331.44,18 / 19,3059710,2019-09-06 20:11:05:453,0.8223,-1.764,9.9169,0.0162,-0.0357,9.8065,0.2595,0.0166,0.1122,3.75,-37.94,-5.75,148.61,-80.32,155.08
52.404694,-1.433949,137.29,28.45,2,331.44,18 / 19,3059810,2019-09-06 20:11:05:553,0.4923,-2.3409,9.2152,0.003,-0.0381,9.8065,0.0849,0.0387,-0.0408,3.69,-37.31,-5.31,147.98,-80.28,155.74
52.404694,-1.433949,137.29,28.45,2,331.44,18 / 19,3059910,2019-09-06 20:11:05:653,-0.0165,1.5912,8.3015,0.0004,-0.0164,9.8066,-0.175,-0.0151,-0.0143,4.25,-37,-6.19,147.79,-80.38,154.54
52.404694,-1.433949,137.29,28.45,2,331.44,18 / 19,3060009,2019-09-06 20:11:05:752,-0.1737,-0.3563,9.6771,0.0063,-0.0039,9.8065,-0.0022,0.0355,0.0884,3.81,-37.37,-5.94,147.41,-80.54,154.33
52.404694,-1.433949,137.29,28.45,2,331.44,18 / 19,3060110,2019-09-06 20:11:05:853,1.8153,-0.4514,11.2705,0.0047,0.0488,9.8065,0.0757,-0.0037,-0.1233,4.25,-37.19,-6.25,148.15,-80.45,155.4
52.404694,-1.433949,137.29,28.45,2,331.44,18 / 19,3060209,2019-09-06 20:11:05:952,-0.4161,-1.4372,10.5139,0.0068,0.0607,9.8064,-0.1541,0.0938,0.0254,3.75,-37.87,-5.87,150.84,-79.91,158.08
52.404694,-1.433949,137.29,28.45,2,331.44,18 / 19,3060309,2019-09-06 20:11:06:052,-0.9496,0.1961,8.2234,0.0108,-0.1294,9.8057,0.0968,-0.0427,0.0331,3.69,-37.25,-5.94,149.24,-80.59,157.76
52.404694,-1.433949,137.29,28.45,2,331.44,18 / 19,3060410,2019-09-06 20:11:06:153,0.0818,-0.3168,7.9922,-0.0039,-0.0097,9.8066,-0.0413,0.0322,-0.1285,3.88,-37.69,-5.81,148.95,-80.72,156.89
52.404694,-1.433949,137.29,28.45,2,331.44,18 / 19,3060509,2019-09-06 20:11:06:252,0.6113,-1.1142,9.3269,-0.0021,0.0142,9.8065,-0.0293,0.08,0,4.19,-37.25,-6.19,148.44,-80.81,156.97
52.404694,-1.433949,137.29,28.45,2,331.44,18 / 19,3060610,2019-09-06 20:11:06:353,1.1869,-0.7101,10.7381,-0.0061,-0.0041,9.8066,-0.0211,-0.0772,-0.0673,3.81,-37.94,-6.19,148.86,-80.72,156.71
52.404694,-1.433949,137.29,28.45,2,331.44,18 / 19,3060709,2019-09-06 20:11:06:452,0.1601,0.8625,10.393,-0.0032,0.0454,9.8065,-0.2322,0.0507,0.068,3.88,-38,-6.37,148.23,-80.82,155.88
52.404694,-1.433949,137.29,28.45,2,331.44,18 / 19,3060810,2019-09-06 20:11:06:553,1.4646,-0.126,10.1303,-0.0103,-0.0222,9.8066,-0.1172,-0.0721,0.0387,3.5,-38.44,-6.06,148.9,-80.6,156.43
52.404694,-1.433949,137.29,28.45,2,331.44,18 / 19,3060909,2019-09-06 20:11:06:652,0.2759,-0.387,9.7564,-0.0056,0.0143,9.8065,-0.1108,-0.033,-0.0553,3.56,-38.62,-5.62,148.68,-80.52,155.03
52.404694,-1.433949,137.29,28.45,2,331.44,18 / 19,3061009,2019-09-06 20:11:06:752,0.6031,-1.8819,8.8149,0.0009,0.0466,9.8064,0.0725,-0.0647,-0.0633,3.88,-38.44,-5.19,147.91,-80.53,155.54
52.404694,-1.433949,137.29,28.45,2,331.44,18 / 19,3061110,2019-09-06 20:11:06:853,0.7043,-0.3639,8.8112,0.0119,-0.0365,9.8065,0.0716,0.0042,-0.0033,3.63,-37.75,-5.62,147.86,-80.95,155.61
52.404694,-1.433949,137.29,28.45,2,331.44,18 / 19,3061209,2019-09-06 20:11:06:952,0.1958,0.1859,10.7117,0.0113,-0.0398,9.8065,0.0187,0.0451,-0.0844,4.06,-37.25,-5.5,146.26,-81.12,155.43
52.404694,-1.433949,137.29,28.45,2,331.44,18 / 19,3061310,2019-09-06 20:11:07:053,0.4238,0.9747,10.6068,-0.0067,0.0066,9.8066,0.0234,-0.0535,0.0143,3.75,-37.5,-6,146.86,-81.14,155.18
52.404694,-1.433949,137.29,28.45,2,331.44,18 / 19,3061410,2019-09-06 20:11:07:153,0.9438,0.7959,10.3909,0.01,-0.0556,9.8064,-0.2402,0.0453,0.0149,4.31,-37.75,-6.31,146.56,-81.35,154.57
52.404694,-1.433949,137.29,28.45,2,331.44,18 / 19,3061509,2019-09-06 20:11:07:252,1.177,-1.8817,11.2759,-0.0253,0.063,9.8064,-0.1361,0.0091,-0.0267,4.38,-37.94,-6.19,147.32,-80.94,154.62
52.404694,-1.433949,137.29,28.45,2,331.44,18 / 19,3061609,2019-09-06 20:11:07:352,1.4383,-0.1507,11.075,-0.0209,0.0113,9.8066,-0.0861,0.0814,-0.1344,5,-37.75,-6.19,141.99,-80.86,153.57
52.404694,-1.433949,137.29,28.45,2,331.44,18 / 19,3061710,2019-09-06 20:11:07:453,-0.1233,0.5798,10.8606,-0.003,0.0008,9.8066,-0.0297,-0.0148,0.0472,4.81,-36.31,-5.62,140.67,-80.74,152.66
52.404694,-1.433949,137.29,28.45,2,331.44,18 / 19,3061810,2019-09-06 20:11:07:553,1.2978,0.7369,9.3933,0.0294,-0.0344,9.8065,-0.2456,0.0774,-0.0137,4.38,-35.81,-6.19,145.53,-81.01,153.26
52.404694,-1.433949,137.29,28.45,2,331.44,18 / 19,3061909,2019-09-06 20:11:07:652,1.1374,-0.549,9.6998,-0.0061,0.0258,9.8066,-0.1781,0.0296,0.0437,4.63,-36.69,-6.94,142.06,-81.08,153.61
52.404694,-1.433949,137.29,28.45,2,331.44,18 / 19,3062009,2019-09-06 20:11:07:752,0.5382,-0.6337,8.7119,0.0009,-0.0239,9.8065,0.0408,-0.0062,-0.0807,4.5,-35.69,-6.75,141.17,-81.09,152.93
52.404694,-1.433949,137.29,28.45,2,331.44,18 / 19,3062109,2019-09-06 20:11:07:852,-0.1094,-0.1147,10.4928,0.016,-0.0211,9.8065,0.1568,0.0142,-0.0111,3.69,-35.87,-6.75,146.43,-81.17,154.12
52.404694,-1.433949,137.29,28.45,2,331.44,18 / 19,3062209,2019-09-06 20:11:07:952,0.0569,-0.0868,10.4344,0.0072,-0.0497,9.8065,-0.1523,-0.0485,0.0379,3,-36.44,-6.69,151.12,-81.27,154.27
52.404694,-1.433949,137.29,28.45,2,331.44,18 / 19,3062309,2019-09-06 20:11:08:052,-0.1847,0.3145,10.4473,0.0066,0.0507,9.8064,-0.1085,-0.0181,-0.1464,3.63,-35.81,-6.94,148.36,-80.85,156.49
52.404694,-1.433949,137.29,28.45,2,331.44,18 / 19,3062409,2019-09-06 20:11:08:152,1.242,-1.3418,9.8353,-0.0101,0.0151,9.8066,0.0177,-0.0604,0.1795,3.06,-35.25,-6.81,152.38,-80.89,156.1
52.404694,-1.433949,137.29,28.45,2,331.44,18 / 19,3062509,2019-09-06 20:11:08:252,0.6407,0.0928,9.26,0.026,-0.0266,9.8065,-0.0507,-0.0636,-0.0136,3.5,-36,-7.19,147.99,-81.02,156.29
52.404694,-1.433949,137.29,28.45,2,331.44,18 / 19,3062610,2019-09-06 20:11:08:353,-0.4955,-0.996,10.0709,0.007,-0.0104,9.8066,0.0323,-0.0658,0.1082,2.69,-35.94,-6.87,152.75,-81.34,157.15
52.404694,-1.433949,137.29,28.45,2,331.44,18 / 19,3062709,2019-09-06 20:11:08:452,0.5688,0.9958,8.732,0.0135,-0.0095,9.8066,0.175,0.0152,-0.0012,2.44,-35.25,-7.19,157.12,-81.54,157.31
52.404694,-1.433949,137.29,28.45,2,331.44,18 / 19,3062809,2019-09-06 20:11:08:552,0.5551,-0.5569,7.982,-0.0119,0.0282,9.8066,0.038,-0.0665,-0.0731,2.94,-35.44,-6.69,152.42,-81.45,157.41
52.404694,-1.433949,137.29,28.45,2,331.44,18 / 19,3062909,2019-09-06 20:11:08:652,1.1771,-1.0935,7.842,-0.0163,-0.0862,9.8062,0.0374,-0.0508,0.0515,2.88,-35.19,-7.06,149.78,-81.78,153.88
52.404694,-1.433949,137.29,28.45,2,331.44,18 / 19,3063010,2019-09-06 20:11:08:753,-0.4846,0.835,11.4669,-0.0043,-0.0604,9.8064,0.074,-0.0552,-0.0977,2.81,-35.75,-7.25,149.03,-81.85,152.26
52.404694,-1.433949,137.29,28.45,2,331.44,18 / 19,3063110,2019-09-06 20:11:08:853,-0.3854,0.1016,11.97,-0.008,0.1034,9.806,0.0133,-0.0595,-0.0198,3.06,-35.25,-6.69,148.63,-81.77,152
52.404694,-1.433949,137.29,28.45,2,331.44,18 / 19,3063209,2019-09-06 20:11:08:952,0.0447,0.872,12.2418,0.0123,0.0911,9.8062,-0.0227,-0.0136,0.1173,3.38,-35.87,-7,152.16,-81.1,155.61
52.404694,-1.433949,137.29,28.45,2,331.44,18 / 19,3063310,2019-09-06 20:11:09:053,1.2522,1.2087,9.5555,0.0036,-0.0107,9.8066,-0.2038,-0.0375,0.0176,2.81,-35.81,-5.62,152.09,-81.1,156.01
52.404694,-1.433949,137.29,28.45,2,331.44,18 / 19,3063409,2019-09-06 20:11:09:152,0.7671,-3.1865,8.6676,-0.0186,0.023,9.8066,0.2064,0.0463,-0.1013,3.25,-35.81,-6.31,151.46,-81.1,154.87
52.404694,-1.433949,137.29,28.45,2,331.44,18 / 19,3063510,2019-09-06 20:11:09:253,0.0227,-3.1395,7.671,0.0132,-0.0958,9.8062,-0.0839,-0.0627,-0.0421,3.31,-35.75,-6.25,148.74,-81.74,151.91
52.404694,-1.433949,137.29,28.45,2,331.44,18 / 19,3063609,2019-09-06 20:11:09:352,0.4648,0.5893,8.7288,0.009,-0.0492,9.8065,0.1657,0.0226,-0.0269,4,-36.06,-6.69,144.21,-81.72,152.07
52.404694,-1.433949,137.29,28.45,2,331.44,18 / 19,3063710,2019-09-06 20:11:09:453,-0.2929,0.8434,9.6306,-0.0046,-0.0249,9.8066,0.2084,0.0296,0.0495,3.63,-36.87,-7.19,144.74,-81.6,151.92
52.404694,-1.433949,137.29,28.45,2,331.44,18 / 19,3063810,2019-09-06 20:11:09:553,-0.1876,1.0665,9.7026,0.0191,-0.0297,9.8066,-0.1518,-0.0233,-0.0104,3.75,-36.81,-6.69,144.36,-81.76,151.76
52.404694,-1.433949,137.29,28.45,2,331.44,18 / 19,3063910,2019-09-06 20:11:09:653,0.9048,-2.497,11.0066,0.007,0.0415,9.8065,-0.1373,0.0173,0.0822,3.75,-37.06,-6.31,145.77,-81.66,154.89
52.404694,-1.433949,137.29,28.45,2,331.44,18 / 19,3064009,2019-09-06 20:11:09:752,1.3432,-0.8082,11.1771,0.004,-0.0011,9.8066,0.0157,0.0219,-0.0397,3.69,-37.06,-6.56,146.26,-81.78,154.83
52.404694,-1.433949,137.29,28.45,2,331.44,18 / 19,3064110,2019-09-06 20:11:09:853,0.2811,0.2902,10.8923,-0.0017,0.0108,9.8066,-0.0893,-0.0201,-0.0935,3.56,-36.69,-6.06,146.33,-81.61,155.69
52.404694,-1.433949,137.29,28.45,2,331.44,18 / 19,3064209,2019-09-06 20:11:09:952,0.3781,2.0481,10.5798,0.006,-0.0388,9.8065,0.0184,0.0078,0.1379,3.44,-37.5,-6.56,151.79,-81.61,155.61
52.404694,-1.433949,137.29,28.45,2,331.44,18 / 19,3064310,2019-09-06 20:11:10:053,0.4798,-1.202,8.1941,0.0143,-0.0607,9.8064,-0.0002,-0.006,0.045,3.25,-37.25,-6.69,152.4,-81.51,156.41
52.404694,-1.433949,137.29,28.45,2,331.44,18 / 19,3064410,2019-09-06 20:11:10:153,0.9443,-2.5459,7.4397,0.0006,-0.0632,9.8064,0.1009,0.0244,-0.0449,3,-37.44,-6.44,150.52,-82.08,155.29
52.404694,-1.433949,137.29,28.45,2,331.44,18 / 19,3064509,2019-09-06 20:11:10:252,0.1482,0.8605,9.9892,0.002,-0.0455,9.8065,0.3448,-0.0545,-0.0176,3.25,-36.75,-6.81,149.61,-82.31,153.79
52.404694,-1.433949,137.29,28.45,2,331.44,18 / 19,3064610,2019-09-06 20:11:10:353,0.0644,3.2111,10.4127,0.0315,-0.1099,9.8059,-0.6635,0.0434,0.0262,2.88,-36.81,-6.5,148.58,-82.66,153.75
52.404694,-1.433949,137.29,28.45,2,331.44,18 / 19,3064709,2019-09-06 20:11:10:452,-0.469,2.4427,12.2664,-0.0386,0.1966,9.8046,-0.1257,0.0243,0.0606,4,-36.75,-7,148.36,-81.64,157.82
52.404694,-1.433949,137.29,28.45,2,331.44,18 / 19,3064809,2019-09-06 20:11:10:552,1.7132,-0.9062,10.8757,-0.0108,0.1057,9.806,-0.336,-0.0762,0.0012,3,-36.69,-7.12,152.55,-81.89,157.53
52.404694,-1.433949,137.29,28.45,2,331.44,18 / 19,3064910,2019-09-06 20:11:10:653,1.6696,0.4527,9.3355,-0.0173,0.0304,9.8066,-0.3445,-0.0906,0.1524,3.88,-37.25,-7.31,147.61,-81.97,157.46
52.404694,-1.433949,137.29,28.45,2,331.44,18 / 19,3065009,2019-09-06 20:11:10:752,0.4216,-0.905,8.7585,-0.0204,0.058,9.8064,0.2243,-0.0932,-0.0125,3.69,-38.19,-8.31,148.55,-81.91,157.14
52.404694,-1.433949,137.29,28.45,2,331.44,18 / 19,3065109,2019-09-06 20:11:10:852,0.563,-0.6664,8.8085,0.0129,-0.0866,9.8062,0.0161,-0.0141,-0.1541,4.25,-39.94,-8.44,146.84,-82.55,155.08
52.404694,-1.433949,137.29,28.45,2,331.44,18 / 19,3065209,2019-09-06 20:11:10:952,0.3144,-1.9588,10.5568,-0.0217,-0.0499,9.8064,0.1328,-0.0352,0.0218,4.5,-39.44,-6.94,139.89,-82.36,152.73
52.404694,-1.433949,137.29,28.45,2,331.44,18 / 19,3065309,2019-09-06 20:11:11:052,-0.8257,-0.3117,10.6828,-0.0067,0.0227,9.8066,0.096,-0.0391,-0.0886,5.25,-38.94,-6.75,139.07,-82.22,151.06
52.406704,-1.435729,137.75,27.92,2,332.43,18 / 19,3065409,2019-09-06 20:11:11:152,0.9537,0.2091,10.5698,0.0231,0.0458,9.8065,0.0536,0.1279,0.1037,4.56,-39.19,-7.69,139.94,-82.12,150.73
52.406704,-1.435729,137.75,27.92,2,332.43,18 / 19,3065510,2019-09-06 20:11:11:253,0.8757,1.1016,8.933,0.0236,-0.01,9.8065,0.1007,0.0193,0.0098,6.25,-40.31,-7.56,138.09,-82.16,153.74
52.406704,-1.435729,137.75,27.92,2,332.43,18 / 19,3065609,2019-09-06 20:11:11:352,1.7674,-0.33,9.9966,-0.019,0.0372,9.8065,-0.0705,0.0084,-0.0577,6.75,-41.5,-6.37,130.5,-82.18,152.6
52.406704,-1.435729,137.75,27.92,2,332.43,18 / 19,3065710,2019-09-06 20:11:11:453,-1.6102,-1.3816,10.8671,-0.0284,0.0276,9.8065,0.1238,-0.034,0.1271,6.38,-39.37,-4.37,130.13,-82.12,151.96
52.406704,-1.435729,137.75,27.92,2,332.43,18 / 19,3065810,2019-09-06 20:11:11:553,1.4431,1.2666,10.2693,0.0128,-0.005,9.8066,-0.0117,-0.0139,-0.0579,4.88,-37.69,-5.37,137.36,-82.06,152.3
52.406704,-1.435729,137.75,27.92,2,332.43,18 / 19,3065909,2019-09-06 20:11:11:652,2.4544,0.313,9.2785,0.0324,0.004,9.8066,-0.0442,0.0463,0.1418,4.56,-37.25,-5.56,140.24,-82.1,155.62
52.406704,-1.435729,137.75,27.92,2,332.43,18 / 19,3066009,2019-09-06 20:11:11:752,2.7323,0.1028,9.2229,-0.0237,-0.0493,9.8064,0.0797,-0.1134,-0.1975,4.31,-36.75,-6.5,145.44,-82.22,156.11
52.406704,-1.435729,137.75,27.92,2,332.43,18 / 19,3066110,2019-09-06 20:11:11:853,0.1458,-1.8146,9.3627,0.0013,-0.0526,9.8064,-0.0921,-0.0657,-0.1206,4.13,-37,-7.25,143.05,-82.43,151.66
52.406704,-1.435729,137.75,27.92,2,332.43,18 / 19,3066210,2019-09-06 20:11:11:953,0.7941,-0.9916,9.8413,0.0116,0.0176,9.8066,0.0583,0.0163,0.0824,4.13,-36.87,-7.25,144.22,-82.53,153.72
52.406704,-1.435729,137.75,27.92,2,332.43,18 / 19,3066309,2019-09-06 20:11:12:052,-0.0824,-0.1964,9.4947,-0.0017,-0.0208,9.8065,-0.055,-0.0751,0.0393,3.88,-37.06,-7.06,143.19,-82.68,152.59
52.406704,-1.435729,137.75,27.92,2,332.43,18 / 19,3066409,2019-09-06 20:11:12:152,0.291,-0.4808,9.7124,0.0018,-0.0246,9.8066,0.2567,-0.0344,0.0083,4.06,-36.56,-6.44,142.41,-82.62,152.56
52.406704,-1.435729,137.75,27.92,2,332.43,18 / 19,3066509,2019-09-06 20:11:12:252,-0.7253,-0.7659,10.1082,0.0068,-0.0684,9.8063,0.1436,0.0182,-0.1824,3.69,-36.94,-6.5,142.26,-82.54,152.04
52.406704,-1.435729,137.75,27.92,2,332.43,18 / 19,3066610,2019-09-06 20:11:12:353,-1.6529,-0.847,10.3328,0.018,-0.0018,9.8066,0.1324,-0.1039,0.1878,4,-36.06,-6.56,143.37,-82.41,152.69
52.406704,-1.435729,137.75,27.92,2,332.43,18 / 19,3066709,2019-09-06 20:11:12:452,1.0684,-1.2227,10.0909,-0.0028,-0.032,9.8066,-0.0439,-0.0355,-0.0086,3.13,-36.5,-7.25,148.93,-82.49,153.72
52.406704,-1.435729,137.75,27.92,2,332.43,18 / 19,3066810,2019-09-06 20:11:12:553,-0.1151,0.2363,10.4522,0.0046,-0.0371,9.8065,0.0214,-0.0152,-0.0105,3.81,-37.25,-7,143.18,-82.6,152.35
52.406704,-1.435729,137.75,27.92,2,332.43,18 / 19,3066910,2019-09-06 20:11:12:653,-0.2637,1.0918,10.743,-0.0198,0.0457,9.8065,0.0548,0.0001,-0.0037,3.5,-37.12,-7.12,142.61,-82.69,151.76
52.406704,-1.435729,137.75,27.92,2,332.43,18 / 19,3067009,2019-09-06 20:11:12:752,0.9983,0.4341,9.6849,-0.0133,0.0398,9.8065,-0.0667,-0.094,0.0028,4,-37.19,-7.56,143.38,-82.55,151.44
52.406704,-1.435729,137.75,27.92,2,332.43,18 / 19,3067110,2019-09-06 20:11:12:853,1.3271,0.2117,9.235,0.0062,-0.0029,9.8066,-0.0475,-0.1095,0.1078,4.19,-36.87,-7.25,142.62,-82.6,151.49
52.406704,-1.435729,137.75,27.92,2,332.43,18 / 19,3067209,2019-09-06 20:11:12:952,1.4564,-0.8623,9.3372,0.0002,-0.0008,9.8066,0.0154,0.0313,-0.1218,3.81,-36.44,-7.69,142.87,-82.63,151.44
52.406704,-1.435729,137.75,27.92,2,332.43,18 / 19,3067310,2019-09-06 20:11:13:053,0.3376,-0.596,9.1005,0.032,-0.0402,9.8065,-0.1157,0.009,0.0644,3.5,-37,-7.87,142.68,-82.94,151.44
52.406704,-1.435729,137.75,27.92,2,332.43,18 / 19,3067409,2019-09-06 20:11:13:152,1.5342,-1.0145,8.9055,-0.0288,0.021,9.8065,-0.0774,-0.0242,-0.0604,3.88,-36.56,-7.87,141.82,-82.86,150.03
52.406704,-1.435729,137.75,27.92,2,332.43,18 / 19,3067509,2019-09-06 20:11:13:252,1.2918,-1.486,9.154,-0.0237,0.0464,9.8065,-0.1255,-0.0051,0.001,3.81,-36.25,-8.19,140.95,-82.73,148.96
52.406704,-1.435729,137.75,27.92,2,332.43,18 / 19,3067610,2019-09-06 20:11:13:353,1.0417,-0.4094,9.429,-0.0001,-0.088,9.8062,0.2239,-0.0115,-0.0699,3.75,-36.69,-7.56,142.55,-82.54,150.23
52.406704,-1.435729,137.75,27.92,2,332.43,18 / 19,3067710,2019-09-06 20:11:13:453,0.8474,-0.3381,10.8188,0.0146,-0.0694,9.8063,0.1279,0.0031,0.0831,3.38,-36.37,-7,144.91,-82.89,148.61
52.406704,-1.435729,137.75,27.92,2,332.43,18 / 19,3067809,2019-09-06 20:11:13:552,0.204,-1.3436,10.4793,-0.0043,-0.005,9.8065,0.0766,-0.04,0.0202,3.25,-36.31,-7.25,146.12,-82.75,150.05
52.406704,-1.435729,137.75,27.92,2,332.43,18 / 19,3067909,2019-09-06 20:11:13:652,1.1187,0.3626,9.641,0.0084,-0.0308,9.8065,-0.1102,-0.0865,-0.0408,3.94,-36.56,-7.25,140.82,-82.85,149.57
52.406704,-1.435729,137.75,27.92,2,332.43,18 / 19,3068010,2019-09-06 20:11:13:753,1.2886,-0.3373,9.3575,0.0025,0.0189,9.8065,-0.0602,0.0246,-0.0154,3.25,-36.31,-7.81,146.74,-82.87,150.79
52.406704,-1.435729,137.75,27.92,2,332.43,18 / 19,3068109,2019-09-06 20:11:13:852,0.4769,-0.3351,8.5489,-0.0091,0.0138,9.8066,-0.0826,0.0901,-0.039,3.31,-36.94,-8.25,146.11,-82.93,149.53
52.406704,-1.435729,137.75,27.92,2,332.43,18 / 19,3068209,2019-09-06 20:11:13:952,2.862,-0.3231,9.0496,-0.0096,-0.0058,9.8066,0.0997,-0.0245,-0.1183,3,-36.75,-8.25,145.67,-83,149.07
52.406704,-1.435729,137.75,27.92,2,332.43,18 / 19,3068310,2019-09-06 20:11:14:053,0.0899,-1.2516,10.2477,-0.007,0.0049,9.8065,-0.1673,-0.0244,-0.0603,2.94,-36.62,-7.87,144.46,-82.93,147.13
52.406704,-1.435729,137.75,27.92,2,332.43,18 / 19,3068410,2019-09-06 20:11:14:153,1.1545,-3.4425,10.0445,-0.0014,-0.0282,9.8066,0.2551,-0.0221,0.0304,3.38,-37.31,-8,144.93,-82.97,147.91
52.406704,-1.435729,137.75,27.92,2,332.43,18 / 19,3068509,2019-09-06 20:11:14:252,-0.5648,-0.2867,9.4591,-0.0022,-0.0429,9.8065,0.0163,-0.001,-0.1314,3.19,-37.12,-8.19,144.27,-82.99,147
52.406704,-1.435729,137.75,27.92,2,332.43,18 / 19,3068610,2019-09-06 20:11:14:353,2.1391,-1.7009,9.904,-0.0074,0.0057,9.8066,0.1602,-0.1406,0.1109,3.75,-37.69,-9.12,140.54,-82.87,146.93
52.406704,-1.435729,137.75,27.92,2,332.43,18 / 19,3068710,2019-09-06 20:11:14:453,-0.4281,-1.5324,9.5985,-0.0265,0.0036,9.8065,-0.0317,0.0328,-0.0963,3.81,-37.81,-8.62,139.92,-82.79,145.88
52.406704,-1.435729,137.75,27.92,2,332.43,18 / 19,3068809,2019-09-06 20:11:14:552,1.2233,-1.6593,9.8615,0.005,-0.0042,9.8066,0.3097,-0.081,0.0653,3.13,-37.94,-8.06,143.79,-82.87,145.48
52.406704,-1.435729,137.75,27.92,2,332.43,18 / 19,3068909,2019-09-06 20:11:14:652,0.4683,0.8502,6.9399,-0.0016,-0.0085,9.8066,0.2525,-0.0048,-0.1186,3.25,-37.44,-7.62,143.74,-82.89,145.96
52.406704,-1.435729,137.75,27.92,2,332.43,18 / 19,3069010,2019-09-06 20:11:14:753,0.0597,-1.5744,8.5358,0.0223,-0.0402,9.8065,0.1286,-0.0534,0.0872,3,-37.31,-8.25,142.47,-83.34,145.34
52.406704,-1.435729,137.75,27.92,2,332.43,18 / 19,3069110,2019-09-06 20:11:14:853,1.3104,-1.8037,10.1518,0.0014,-0.0173,9.8066,0.2594,0.1931,-0.0565,3,-37.12,-8.62,143.05,-83.24,145.62
52.406704,-1.435729,137.75,27.92,2,332.43,18 / 19,3069209,2019-09-06 20:11:14:952,0.4158,-2.0771,10.4561,-0.0185,0.0536,9.8065,-0.1099,-0.082,-0.0504,2.06,-37.5,-9.56,148.51,-82.99,146.62
52.406704,-1.435729,137.75,27.92,2,332.43,18 / 19,3069310,2019-09-06 20:11:15:053,0.1916,1.5783,9.373,-0.0056,0.0145,9.8065,0.1043,-0.0103,-0.0752,2.13,-38.75,-9.06,148.13,-83.06,145.16
52.406704,-1.435729,137.75,27.92,2,332.43,18 / 19,3069409,2019-09-06 20:11:15:152,0.3404,0.9929,9.0538,0.0143,0.0509,9.8065,-0.0782,-0.0831,0.0858,0.75,-40.12,-8.25,153.52,-83.27,145.77
52.406704,-1.435729,137.75,27.92,2,332.43,18 / 19,3069509,2019-09-06 20:11:15:252,0.8182,-2.5346,10.5375,-0.0191,0.0371,9.8065,-0.2526,-0.0454,0.0127,0.81,-39.44,-6.87,154.45,-83.11,146.12
52.406704,-1.435729,137.75,27.92,2,332.43,18 / 19,3069610,2019-09-06 20:11:15:353,-0.8774,-0.81,9.1241,-0.0018,-0.0242,9.8065,0.0582,-0.1949,0.0866,1.25,-38,-5.69,154.68,-83.17,145.74
52.406704,-1.435729,137.75,27.92,2,332.43,18 / 19,3069709,2019-09-06 20:11:15:452,1.0848,-2.8749,9.2086,-0.0165,0.0128,9.8066,0.1124,-0.0242,-0.089,2,-37.12,-5.75,148.22,-83.08,144.99
52.406704,-1.435729,137.75,27.92,2,332.43,18 / 19,3069810,2019-09-06 20:11:15:553,-0.7297,-0.5273,9.045,0.0085,-0.0104,9.8066,-0.2301,-0.205,0.1065,2.56,-36.06,-7.12,142.12,-83.14,145.19
52.406704,-1.435729,137.75,27.92,2,332.43,18 / 19,3069910,2019-09-06 20:11:15:653,0.8219,-0.9918,8.9877,-0.0038,0.022,9.8066,-0.2293,-0.0448,0.0565,2.69,-36.62,-7.06,142.65,-83.15,145.43
52.406704,-1.435729,137.75,27.92,2,332.43,18 / 19,3070010,2019-09-06 20:11:15:753,0.7665,1.1148,9.1614,-0.0105,-0.01,9.8066,0.0475,0.007,-0.0656,2.13,-36.56,-7.06,148.66,-83.21,146.54
52.406704,-1.435729,137.75,27.92,2,332.43,18 / 19,3070110,2019-09-06 20:11:15:853,1.6996,-0.2107,9.7491,0.0099,-0.0228,9.8066,0.0547,-0.142,0.1051,2.31,-35.94,-8.06,147.04,-83.41,145.41
52.406704,-1.435729,137.75,27.92,2,332.43,18 / 19,3070210,2019-09-06 20:11:15:953,1.52,-0.5272,9.4702,-0.0011,-0.0021,9.8066,-0.1278,-0.0013,-0.0276,2.19,-36.5,-7.75,147.26,-83.47,145.85
52.406704,-1.435729,137.75,27.92,2,332.43,18 / 19,3070309,2019-09-06 20:11:16:052,0.1611,-0.1562,9.2118,0.0037,-0.0125,9.8066,-0.1574,-0.0108,-0.0062,2.31,-36.87,-8.12,146.98,-83.6,145.34
52.406704,-1.435729,137.75,27.92,2,332.43,17 / 19,3070410,2019-09-06 20:11:16:153,1.5009,-3.3872,11.4409,0.0048,-0.0057,9.8066,0.0778,0.0394,0.0191,1.69,-36.75,-8.62,147.01,-83.62,145.61
52.406704,-1.435729,137.75,27.92,2,332.43,17 / 19,3070509,2019-09-06 20:11:16:252,-0.1314,0.51,10.0564,0.0011,0.0078,9.8066,0.1676,0.0619,-0.0372,2.5,-36.56,-8.62,143.75,-83.47,147.12
52.406704,-1.435729,137.75,27.92,2,332.43,17 / 19,3070610,2019-09-06 20:11:16:353,2.0736,-1.1997,11.2811,-0.0156,0.0435,9.8064,-0.0529,0.0517,-0.0579,2.19,-36.75,-8.69,149.08,-83.11,147.44
52.406704,-1.435729,137.75,27.92,2,332.43,17 / 19,3070710,2019-09-06 20:11:16:453,0.3507,-1.3207,11.5988,0.007,-0.0047,9.8066,0.1934,-0.0241,0.0374,2.25,-36.37,-8.19,149.17,-83.13,147.84
52.406704,-1.435729,137.75,27.92,2,332.43,17 / 19,3070810,2019-09-06 20:11:16:553,1.1202,-1.3836,8.1967,0.0153,0.0735,9.8063,-0.1571,0.0161,0.0215,2,-36.37,-8.19,149.11,-83.19,147.87
52.406704,-1.435729,137.75,27.92,2,332.43,17 / 19,3070909,2019-09-06 20:11:16:652,2.7339,-0.2356,8.7773,0.0168,0.0067,9.8066,-0.1018,-0.0926,0.1328,1.81,-36.25,-8.25,148.18,-83.66,147.61
52.406704,-1.435729,137.75,27.92,2,332.43,17 / 19,3071009,2019-09-06 20:11:16:752,0.4471,1.7997,9.4918,-0.0151,0.0508,9.8064,0.1831,0.0014,-0.1042,1.88,-36.44,-8.81,146.74,-83.97,146.38
52.406704,-1.435729,137.75,27.92,2,332.43,17 / 19,3071109,2019-09-06 20:11:16:852,2.1713,-0.6183,10.131,0.0133,-0.0117,9.8066,-0.1487,-0.1047,0.0667,1.81,-36.25,-8.56,147.35,-83.75,146.74
52.406704,-1.435729,137.75,27.92,2,332.43,17 / 19,3071209,2019-09-06 20:11:16:952,0.8837,0.0333,10.3948,0.0004,0.0083,9.8066,0.0415,-0.1005,-0.0039,1.94,-36.19,-8.87,148.35,-83.61,147.84
52.406704,-1.435729,137.75,27.92,2,332.43,17 / 19,3071310,2019-09-06 20:11:17:053,1.8862,-2.1132,9.8665,-0.0113,0.0342,9.8065,-0.0825,-0.0671,-0.0097,1.13,-36.31,-8.56,153.35,-83.37,147.96
52.406704,-1.435729,137.75,27.92,2,332.43,18 / 19,3071409,2019-09-06 20:11:17:152,0.8312,0.6858,10.3949,-0.0048,-0.0802,9.8062,0.104,0.0306,-0.0479,1.13,-36.44,-8.19,152.57,-83.74,146.86
52.406704,-1.435729,137.75,27.92,2,332.43,18 / 19,3071509,2019-09-06 20:11:17:252,0.7554,-2.1659,9.6271,0.0007,-0.0813,9.8062,0.1786,-0.0184,-0.005,0.75,-36.31,-9,151.98,-83.74,146.69
52.406704,-1.435729,137.75,27.92,2,332.43,18 / 19,3071610,2019-09-06 20:11:17:353,2.1287,-0.6806,8.6973,0.0096,-0.0062,9.8065,0.0494,-0.023,0.0243,0.81,-36.5,-8.87,151.98,-83.86,146.93
52.406704,-1.435729,137.75,27.92,2,332.43,18 / 19,3071709,2019-09-06 20:11:17:452,1.0856,0.4828,8.3696,-0.0057,-0.0544,9.8064,-0.0646,-0.0237,0.0348,1.19,-36.19,-9,150.4,-84.16,145.33
52.406704,-1.435729,137.75,27.92,2,332.43,18 / 19,3071810,2019-09-06 20:11:17:553,1.7103,-1.5045,9.8386,-0.0187,0.0864,9.8062,-0.0558,-0.0884,-0.0531,1.06,-36.5,-9.25,152.21,-83.89,147.29
52.406704,-1.435729,137.75,27.92,2,332.43,18 / 19,3071910,2019-09-06 20:11:17:653,1.8408,0.8062,11.2758,0.0081,0.0238,9.8065,0.026,-0.0277,-0.0645,1.25,-35.81,-8.19,151.04,-83.84,144.87
52.406704,-1.435729,137.75,27.92,2,332.43,18 / 19,3072009,2019-09-06 20:11:17:752,0.2299,-0.7699,10.2212,0.0172,0.0366,9.8065,-0.0515,-0.1581,0.1747,1.63,-36.25,-8.75,148.12,-83.7,147.7
52.406704,-1.435729,137.75,27.92,2,332.43,18 / 19,3072109,2019-09-06 20:11:17:852,2.115,-1.0551,10.8608,-0.0103,-0.0176,9.8065,-0.0193,-0.1216,-0.0082,1.25,-35.75,-8.12,152.16,-83.94,146.69
52.406704,-1.435729,137.75,27.92,2,332.43,18 / 19,3072209,2019-09-06 20:11:17:952,1.7063,-2.3622,10.6204,0.0187,-0.0712,9.8063,0.2202,-0.0082,0.035,1.75,-35.56,-8.56,147.05,-83.91,146.68
52.406704,-1.435729,137.75,27.92,2,332.43,18 / 19,3072310,2019-09-06 20:11:18:053,-0.235,-0.5041,10.377,0.0139,-0.1056,9.806,0.3542,-0.0609,0.0368,1.56,-35.56,-8.06,145.39,-84.39,145.5
52.406704,-1.435729,137.75,27.92,2,332.43,17 / 19,3072409,2019-09-06 20:11:18:152,1.2337,-0.9931,10.4235,0.0017,0.0621,9.8064,-0.3207,-0.0582,-0.0106,1.69,-35.12,-8,147.88,-84.1,148.61
52.406704,-1.435729,137.75,27.92,2,332.43,17 / 19,3072510,2019-09-06 20:11:18:253,-0.757,-0.3463,9.3111,0.009,0.0167,9.8066,-0.2326,0.1448,-0.0498,1.63,-34.75,-8.5,147.65,-84.27,148.68
52.406704,-1.435729,137.75,27.92,2,332.43,17 / 19,3072610,2019-09-06 20:11:18:353,1.6777,-1.8246,9.6661,-0.0132,-0.0062,9.8066,0.1511,-0.1337,-0.0043,2,-35.62,-7.94,148.73,-84.31,149.9
52.406704,-1.435729,137.75,27.92,2,332.43,17 / 19,3072710,2019-09-06 20:11:18:453,-0.522,-2.3529,9.8063,-0.0213,0.014,9.8065,-0.164,-0.0099,-0.0934,2.44,-35.31,-9,147.7,-84.16,148.44
52.406704,-1.435729,137.75,27.92,2,332.43,17 / 19,3072809,2019-09-06 20:11:18:552,0.126,-1.3712,10.4058,0.0022,-0.0069,9.8066,-0.0381,-0.0796,0.0498,2.13,-35.62,-9.31,147.57,-84.32,148.25
52.406704,-1.435729,137.75,27.92,2,332.43,17 / 19,3072909,2019-09-06 20:11:18:652,1.5753,-1.5758,10.8293,-0.001,-0.004,9.8066,0.0357,-0.1225,0.019,2.25,-36.31,-9.44,147.07,-84.39,147.73
52.406704,-1.435729,137.75,27.92,2,332.43,17 / 19,3073010,2019-09-06 20:11:18:753,1.1005,-2.2627,9.4099,-0.0036,-0.0034,9.8066,-0.0353,-0.0388,-0.0688,1.38,-36,-10,150.59,-84.59,146.86
52.406704,-1.435729,137.75,27.92,2,332.43,17 / 19,3073110,2019-09-06 20:11:18:853,0.1593,-0.1002,8.1558,-0.0001,-0.0309,9.8065,-0.1515,0.0306,-0.0254,1.5,-36.44,-9.94,145.58,-84.56,146.08
52.406704,-1.435729,137.75,27.92,2,332.43,17 / 19,3073210,2019-09-06 20:11:18:953,0.9225,-3.0587,8.7672,-0.0057,-0.0435,9.8065,0.1673,-0.0811,-0.0468,1.56,-36.12,-9.94,144.62,-84.63,145.01
52.406704,-1.435729,137.75,27.92,2,332.43,17 / 19,3073310,2019-09-06 20:11:19:053,2.1284,-2.2566,9.6211,0.0071,0.0093,9.8066,0.0809,-0.1141,-0.0159,0.69,-36.37,-10.12,149.78,-84.58,145.78
52.406704,-1.435729,137.75,27.92,2,332.43,17 / 19,3073409,2019-09-06 20:11:19:152,0.6145,-1.2404,10.8981,0.0098,-0.0131,9.8066,0.08,-0.1566,0.032,1.31,-36.31,-9.94,149.91,-84.54,145.88
52.406704,-1.435729,137.75,27.92,2,332.43,17 / 19,3073510,2019-09-06 20:11:19:253,-1.2233,-1.1581,9.991,-0.0133,-0.0235,9.8065,0.024,0.0447,-0.0566,0.81,-36.94,-9.62,149.4,-84.57,144.99
52.406704,-1.435729,137.75,27.92,2,332.43,17 / 19,3073609,2019-09-06 20:11:19:352,1.2609,-3.1623,9.4652,0.0125,-0.003,9.8066,0.0743,-0.0953,0.0949,0.19,-36.81,-9.94,156.24,-84.6,148.27
52.406704,-1.435729,137.75,27.92,2,332.43,17 / 19,3073710,2019-09-06 20:11:19:453,-1.6275,-2.3832,9.7461,0.0079,-0.0374,9.8065,-0.1112,0.1016,-0.0812,0.25,-37,-10,155.88,-84.59,147.78
52.406704,-1.435729,137.75,27.92,2,332.43,17 / 19,3073810,2019-09-06 20:11:19:553,-0.2127,-1.3146,8.6242,-0.006,-0.0077,9.8066,-0.0402,-0.1533,0.0258,0.38,-36.94,-10.44,156.63,-84.69,148.91
52.406704,-1.435729,137.75,27.92,2,332.43,17 / 19,3073910,2019-09-06 20:11:19:653,1.3999,-1.8794,9.7717,-0.0131,0.0472,9.8065,-0.0268,0.0387,-0.1005,0.19,-37.06,-9.81,155.86,-84.58,147.73
52.406704,-1.435729,137.75,27.92,2,332.43,17 / 19,3074009,2019-09-06 20:11:19:752,0.5664,-1.6635,10.5213,0.0062,-0.0171,9.8066,0.0901,0.0989,-0.008,0,-37,-9.25,157.73,-84.58,149.36
52.406704,-1.435729,137.75,27.92,2,332.43,17 / 19,3074109,2019-09-06 20:11:19:852,-0.7594,-1.1051,9.9414,0.0054,-0.0524,9.8065,-0.0335,0.0638,-0.0816,-0.06,-36.69,-9.5,157.27,-84.83,149.11
52.406704,-1.435729,137.75,27.92,2,332.43,17 / 19,3074210,2019-09-06 20:11:19:953,0.6575,-2.0986,9.9387,0.0064,0.0143,9.8066,-0.0932,0.0074,0.0106,-0.19,-37.69,-9.56,157.41,-84.75,149.82
52.406704,-1.435729,137.75,27.92,2,332.43,17 / 19,3074310,2019-09-06 20:11:20:053,-0.5166,-1.376,10.2481,0.006,0.0183,9.8066,-0.2082,-0.2114,0.0786,0.06,-37.25,-9.75,157.12,-84.83,149.75
52.408672,-1.437034,136.82,22.85,3,346.81,18 / 19,3074409,2019-09-06 20:11:20:152,1.4653,-0.5335,9.6244,0.0192,0.0017,9.8066,-0.1298,0.0784,-0.0082,-0.25,-37.19,-9.81,156.93,-84.97,149.69
52.408672,-1.437034,136.82,22.85,3,346.81,18 / 19,3074509,2019-09-06 20:11:20:252,0.477,-2.5753,10.4681,-0.0069,-0.0268,9.8066,0.0096,-0.1177,0.0375,-0.25,-37.44,-8.94,159.57,-85.04,152.51
52.408672,-1.437034,136.82,22.85,3,346.81,18 / 19,3074610,2019-09-06 20:11:20:353,0.0823,-0.9946,10.5956,-0.0009,0.0276,9.8066,-0.0441,-0.0793,0.0413,-0.12,-37.56,-9.31,160.25,-84.81,152.91
52.408672,-1.437034,136.82,22.85,3,346.81,18 / 19,3074710,2019-09-06 20:11:20:453,1.4868,-0.4387,9.1761,0.0248,-0.0373,9.8065,-0.1451,0.029,0.0158,-0.69,-37.12,-9.44,164.64,-85.13,153.08
52.408672,-1.437034,136.82,22.85,3,346.81,18 / 19,3074810,2019-09-06 20:11:20:553,-1.3456,-2.4376,10.2709,0.0133,-0.0426,9.8065,0.0861,-0.0142,0.0505,-0.56,-37.19,-9.62,163.16,-85.17,152.36
52.408672,-1.437034,136.82,22.85,3,346.81,18 / 19,3074910,2019-09-06 20:11:20:653,0.7637,-1.4127,10.1062,-0.0132,-0.0211,9.8066,0.0482,-0.0442,0.0869,-0.62,-37.12,-9.62,164.08,-85.42,153.79
52.408672,-1.437034,136.82,22.85,3,346.81,18 / 19,3075010,2019-09-06 20:11:20:753,0.0398,-0.1008,9.7193,0.0165,-0.0158,9.8066,0.0405,0.097,-0.0176,-0.69,-37.06,-9.62,164.99,-85.43,154.96
52.408672,-1.437034,136.82,22.85,3,346.81,18 / 19,3075110,2019-09-06 20:11:20:853,0.6124,-0.8752,9.7798,0.0099,-0.0258,9.8066,-0.0064,0.0177,-0.017,-0.56,-37.12,-9.94,165.11,-85.49,155.17
52.408672,-1.437034,136.82,22.85,3,346.81,18 / 19,3075210,2019-09-06 20:11:20:953,1.4943,0.4952,10.7055,-0.0149,-0.0194,9.8065,0.196,-0.0722,-0.0077,-0.87,-37,-9.5,165.43,-85.52,154.53
52.408672,-1.437034,136.82,22.85,3,346.81,18 / 19,3075310,2019-09-06 20:11:21:053,-0.3448,-0.2086,10.7882,-0.0137,-0.0136,9.8066,0.0893,-0.1136,0.0999,-0.37,-37.56,-9.56,160.62,-85.37,154.83
52.408672,-1.437034,136.82,22.85,3,346.81,18 / 19,3075410,2019-09-06 20:11:21:153,0.776,-1.7976,9.6455,0.0142,-0.0199,9.8066,-0.072,0.1021,-0.0312,-0.37,-37.06,-9.44,161.28,-85.25,155.06
52.408672,-1.437034,136.82,22.85,3,346.81,18 / 19,3075509,2019-09-06 20:11:21:252,1.0476,-0.7451,9.4546,-0.001,-0.0126,9.8066,0.0041,-0.0562,0.0728,-0.81,-36.69,-9.87,165.15,-85.51,155.25
52.408672,-1.437034,136.82,22.85,3,346.81,18 / 19,3075609,2019-09-06 20:11:21:352,-1.9569,-0.9034,9.9494,0.0251,-0.004,9.8065,-0.0089,0.0642,-0.13,-0.94,-37.19,-9.56,166.87,-85.76,157.65
52.408672,-1.437034,136.82,22.85,3,346.81,18 / 19,3075710,2019-09-06 20:11:21:453,1.0293,-0.7812,10.5185,0.003,-0.0173,9.8065,0.0206,0.0077,-0.0875,-1.31,-37.44,-10.5,166.98,-85.96,157.95
52.408672,-1.437034,136.82,22.85,3,346.81,18 / 19,3075810,2019-09-06 20:11:21:553,-0.2898,-2.379,9.9689,0.0046,0.063,9.8064,-0.1408,-0.0046,-0.0134,-1.37,-37,-9.19,170.49,-85.62,161.23
52.408672,-1.437034,136.82,22.85,3,346.81,18 / 19,3075910,2019-09-06 20:11:21:653,-2.912,-1.3714,9.5862,0.007,0.0113,9.8066,0.0175,-0.2223,0.2142,-1.31,-37.12,-9.44,169.61,-85.78,160.19
52.408672,-1.437034,136.82,22.85,3,346.81,18 / 19,3076010,2019-09-06 20:11:21:753,-0.884,-2.5928,9.1861,0.0077,-0.0152,9.8066,-0.1546,-0.0636,-0.1951,-1.44,-37.44,-10.12,172.37,-85.7,164.58
52.408672,-1.437034,136.82,22.85,3,346.81,18 / 19,3076109,2019-09-06 20:11:21:852,-0.7374,-4.0778,10.9824,0.0032,0.0516,9.8065,0.3342,0.1443,-0.0316,-1,-37.19,-9.69,173.59,-85.5,166.05
52.408672,-1.437034,136.82,22.85,3,346.81,18 / 19,3076209,2019-09-06 20:11:21:952,1.4629,-1.5015,10.1388,-0.0147,-0.0545,9.8064,0.0475,-0.0719,0.2512,-1.56,-37,-9.06,177.85,-85.68,164.67
52.408672,-1.437034,136.82,22.85,3,346.81,18 / 19,3076309,2019-09-06 20:11:22:052,1.3085,-1.035,10.1802,0.0256,-0.0515,9.8064,0.0362,-0.0859,-0.1289,-1.62,-37.62,-9.5,180.68,-85.86,168.35
52.408672,-1.437034,136.82,22.85,3,346.81,18 / 19,3076410,2019-09-06 20:11:22:153,-0.1546,-3.9287,9.511,0.0143,0.005,9.8066,-0.057,-0.0057,-0.0448,-1.75,-36.69,-9.56,183.35,-86.12,172.86
52.408672,-1.437034,136.82,22.85,3,346.81,18 / 19,3076509,2019-09-06 20:11:22:252,-2.3858,-2.1385,10.3914,-0.0135,-0.0044,9.8065,0.0934,-0.1014,0.2557,-1.69,-37.06,-9.44,183.65,-86.37,172.04
52.408672,-1.437034,136.82,22.85,3,346.81,18 / 19,3076609,2019-09-06 20:11:22:352,-0.5274,-1.5284,10.7485,0.0311,0.0396,9.8064,-0.0371,-0.1003,-0.199,-1.94,-37.94,-9.69,185.19,-86.45,175.07
52.408672,-1.437034,136.82,22.85,3,346.81,18 / 19,3076710,2019-09-06 20:11:22:453,0.969,-1.7242,9.5215,-0.014,-0.0043,9.8065,-0.032,-0.0595,0.3154,-2.62,-37.12,-9.75,191.26,-86.18,177.17
52.408672,-1.437034,136.82,22.85,3,346.81,18 / 19,3076809,2019-09-06 20:11:22:552,-0.5243,-3.4389,9.9746,0.049,0.0176,9.8065,-0.0441,-0.021,-0.0419,-2.44,-37.06,-9.62,188.85,-86.1,179.69
52.408672,-1.437034,136.82,22.85,3,346.81,18 / 19,3076910,2019-09-06 20:11:22:653,-2.7374,-2.7215,10.0205,-0.0172,0.0018,9.8066,-0.014,-0.0436,0.1179,-2.31,-37.12,-9.25,190.87,-86.15,-178.77
52.408672,-1.437034,136.82,22.85,3,346.81,18 / 19,3077009,2019-09-06 20:11:22:752,-2.073,-3.2727,10.4989,0.0042,-0.0193,9.8065,0.1388,-0.1425,0.0839,-2.5,-37.31,-9.56,189.18,-86.32,179.97
52.408672,-1.437034,136.82,22.85,3,346.81,18 / 19,3077109,2019-09-06 20:11:22:852,1.6589,-1.0043,8.4943,0.0194,0.0016,9.8066,-0.1915,0.0361,0.0107,-2.56,-37.12,-10.06,197,-86.11,-175.71
52.408672,-1.437034,136.82,22.85,3,346.81,18 / 19,3077209,2019-09-06 20:11:22:952,-1.3821,-1.6393,8.6138,0.0075,-0.0295,9.8066,0.2353,-0.014,0.0609,-2.56,-37.37,-10.12,194.97,-86.32,-178.39
52.408672,-1.437034,136.82,22.85,3,346.81,18 / 19,3077310,2019-09-06 20:11:23:053,-2.5117,-1.0715,10.377,0.0029,0.0032,9.8066,-0.167,-0.1739,0.1799,-2.62,-37,-9.94,198.82,-86.35,-173.74
52.408672,-1.437034,136.82,22.85,3,346.81,18 / 19,3077409,2019-09-06 20:11:23:152,-1.5766,-2.414,12.3045,0.0403,0.0069,9.8065,0.0835,0.057,-0.1151,-2.25,-36.87,-9.75,195.66,-86.39,-172.14
52.408672,-1.437034,136.82,22.85,3,346.81,18 / 19,3077510,2019-09-06 20:11:23:253,-1.8252,-0.8827,10.1583,0.0083,0.0082,9.8066,0.2177,-0.105,0.1464,-2.75,-36.75,-9.31,199.84,-86.1,-173.48
52.408672,-1.437034,136.82,22.85,3,346.81,18 / 19,3077609,2019-09-06 20:11:23:352,-2.517,-2.1925,11.6515,0.0357,0.0025,9.8065,0.0529,0.1493,-0.2114,-2.94,-37.56,-9.25,203.88,-85.88,-167.91
52.408672,-1.437034,136.82,22.85,3,346.81,18 / 19,3077710,2019-09-06 20:11:23:453,2.037,0.0412,10.1931,-0.022,-0.0404,9.8065,0.0184,-0.0285,-0.035,-3.44,-37.19,-9.62,201.67,-85.91,-169.73
52.408672,-1.437034,136.82,22.85,3,346.81,18 / 19,3077810,2019-09-06 20:11:23:553,-0.1875,-2.8438,10.4942,-0.0241,-0.009,9.8065,-0.1258,-0.1105,0.1109,-3.37,-37.31,-9.56,204.77,-85.93,-165.93
52.408672,-1.437034,136.82,22.85,3,346.81,18 / 19,3077910,2019-09-06 20:11:23:653,0.8917,-1.9375,8.9976,0.0192,-0.022,9.8065,-0.0609,0.1253,-0.0737,-2.62,-37,-9.81,205.78,-86.24,-165.17
52.408672,-1.437034,136.82,22.85,3,346.81,18 / 19,3078010,2019-09-06 20:11:23:753,-3.3236,-0.7047,9.7898,-0.0033,-0.0229,9.8065,0.1481,0.0144,-0.0153,-3,-37.12,-9.31,205.89,-86.35,-166.36
52.408672,-1.437034,136.82,22.85,3,346.81,18 / 19,3078109,2019-09-06 20:11:23:852,-3.0084,-0.6682,8.8484,-0.0131,0.0183,9.8065,-0.0276,-0.1769,0.1994,-3.12,-37,-9.56,204.67,-86.21,-166.46
52.408672,-1.437034,136.82,22.85,3,346.81,18 / 19,3078209,2019-09-06 20:11:23:952,-0.3765,-1.6396,10.4607,0.0138,0.0246,9.8066,-0.1734,0.0494,0.0066,-2.87,-37.44,-9.5,206.92,-86.01,-164.52
52.408672,-1.437034,136.82,22.85,3,346.81,18 / 19,3078310,2019-09-06 20:11:24:053,1.9923,-2.1525,9.8671,0.0195,0.0158,9.8066,0.1007,0.2088,-0.1498,-3.5,-37.19,-9.5,207.48,-85.94,-163.69
52.408672,-1.437034,136.82,22.85,3,346.81,18 / 19,3078409,2019-09-06 20:11:24:152,1.2907,-1.436,10.5984,0,-0.0524,9.8065,0.2844,-0.0852,0.0349,-3.62,-37.5,-9.31,212.32,-85.87,-163.39
52.408672,-1.437034,136.82,22.85,3,346.81,18 / 19,3078510,2019-09-06 20:11:24:253,-2.128,0.6045,11.1408,-0.0247,-0.0642,9.8064,-0.0585,-0.1015,0.122,-3.31,-37.12,-9.19,210.98,-86.05,-159.56
52.408672,-1.437034,136.82,22.85,3,346.81,18 / 19,3078610,2019-09-06 20:11:24:353,0.436,-1.1311,9.8754,0.0163,0.0588,9.8064,-0.1487,0.0865,0.014,-3.31,-37.44,-9.31,210.16,-85.67,-159.83
52.408672,-1.437034,136.82,22.85,3,346.81,18 / 19,3078710,2019-09-06 20:11:24:453,0.5695,-2.0803,9.1386,0.036,0.0241,9.8065,-0.0609,0.0538,-0.0177,-2.94,-37.31,-9.31,212.42,-85.68,-157.03
52.408672,-1.437034,136.82,22.85,3,346.81,18 / 19,3078810,2019-09-06 20:11:24:553,-1.4138,0.4592,9.2467,0.0038,-0.0298,9.8065,-0.046,0.0288,0.0162,-4.19,-37.06,-8.75,219.85,-85.7,-153.79
52.408672,-1.437034,136.82,22.85,3,346.81,18 / 19,3078910,2019-09-06 20:11:24:653,-0.0196,-2.7238,10.5326,0.0097,0.0144,9.8066,0.1674,0.0367,-0.0377,-3.56,-37.94,-9.06,220.16,-85.58,-152.81
52.408672,-1.437034,136.82,22.85,3,346.81,18 / 19,3079010,2019-09-06 20:11:24:753,-0.7242,-1.7894,10.2194,0.0005,0.0167,9.8065,0.0967,-0.0012,0.0186,-4.5,-37,-8.87,221.37,-85.63,-151.77
52.408672,-1.437034,136.82,22.85,3,346.81,18 / 19,3079110,2019-09-06 20:11:24:853,-0.9279,1.5556,10.0114,-0.0029,-0.0223,9.8066,-0.1264,-0.0428,0.0173,-3.44,-37.75,-8.5,217.31,-85.64,-151.49
52.408672,-1.437034,136.82,22.85,3,346.81,18 / 19,3079210,2019-09-06 20:11:24:953,0.2974,-1.1331,9.4924,-0.0154,0.0036,9.8066,-0.0252,0.0377,-0.0153,-3.19,-37.25,-9.19,215.37,-85.72,-153.43
52.408672,-1.437034,136.82,22.85,3,346.81,18 / 19,3079310,2019-09-06 20:11:25:053,-2.1644,1.6631,10.3185,0.002,-0.009,9.8066,0.0747,0.1518,-0.0911,-4,-37.75,-9.25,220.26,-85.89,-153.47
52.408672,-1.437034,136.82,22.85,3,346.81,19 / 20,3079411,2019-09-06 20:11:25:154,-1.5205,-0.6891,10.4588,0.0092,0.0983,9.8061,-0.0589,0.0434,-0.0872,-3.5,-37.62,-9.25,215.77,-86.16,-153.71
52.408672,-1.437034,136.82,22.85,3,346.81,19 / 20,3079510,2019-09-06 20:11:25:253,-0.5196,-1.7049,8.9888,0.0094,0.0719,9.8063,-0.0352,0.036,-0.0558,-3.5,-37.62,-8.81,210.61,-85.5,-158.7
52.408672,-1.437034,136.82,22.85,3,346.81,19 / 20,3079610,2019-09-06 20:11:25:353,-1.8467,0.7914,9.5669,-0.014,-0.0019,9.8066,-0.1486,-0.1232,0.0847,-3.25,-37.87,-8.75,210.13,-85.49,-159.28
52.408672,-1.437034,136.82,22.85,3,346.81,19 / 20,3079709,2019-09-06 20:11:25:452,-1.5949,-1.4707,9.3189,-0.0025,0.0322,9.8066,0.0708,0.0187,-0.1012,-3.12,-37.81,-9.44,211.13,-85.55,-158.12
52.408672,-1.437034,136.82,22.85,3,346.81,19 / 20,3079810,2019-09-06 20:11:25:553,-0.975,-0.3422,9.4321,-0.0222,-0.0421,9.8065,0.0559,0.0061,-0.0307,-3.31,-38,-9,211.98,-86.15,-158.33
52.408672,-1.437034,136.82,22.85,3,346.81,19 / 20,3079910,2019-09-06 20:11:25:653,-2.7977,-1.2929,9.9705,0.0039,-0.0087,9.8066,0.0823,-0.0822,0.0859,-3.19,-38.44,-9.31,212.57,-86.24,-157.78
52.408672,-1.437034,136.82,22.85,3,346.81,19 / 20,3080010,2019-09-06 20:11:25:753,-2.3333,-1.4226,9.9665,0.0011,0.0311,9.8066,-0.0603,0.1179,0.0174,-3.44,-38.87,-9.5,211.63,-86.25,-158.75
52.408672,-1.437034,136.82,22.85,3,346.81,19 / 20,3080109,2019-09-06 20:11:25:852,-1.5709,-0.4731,9.3057,0.0299,0.0258,9.8065,-0.0087,0.0109,0.1055,-3.31,-39.12,-8.69,210.55,-85.99,-159.53
52.408672,-1.437034,136.82,22.85,3,346.81,19 / 20,3080210,2019-09-06 20:11:25:953,-1.0312,-0.8138,8.8346,0.016,-0.0229,9.8066,-0.1001,0.1168,-0.0228,-3.69,-39,-6.69,221.75,-85.99,-155.03
52.408672,-1.437034,136.82,22.85,3,346.81,19 / 20,3080309,2019-09-06 20:11:26:052,-0.9283,-1.0143,9.5354,0.0173,-0.0064,9.8065,-0.1195,0.027,-0.051,-3.31,-38,-6.87,218.48,-86.05,-152.4
52.408672,-1.437034,136.82,22.85,3,346.81,18 / 19,3080409,2019-09-06 20:11:26:152,-0.3509,-0.5817,9.7337,0.0003,-0.0149,9.8066,0.0257,0.0801,0.0017,-3.31,-37.44,-7.06,221.41,-86.36,-150.07
52.408672,-1.437034,136.82,22.85,3,346.81,18 / 19,3080510,2019-09-06 20:11:26:253,-2.5204,-1.0543,10.1559,0.0042,0.0085,9.8066,-0.0776,0.0826,0.0553,-3.25,-36.31,-6.94,222.51,-86.44,-149.3
52.408672,-1.437034,136.82,22.85,3,346.81,18 / 19,3080610,2019-09-06 20:11:26:353,-0.2955,-1.3412,9.1637,0.0235,0.0262,9.8065,-0.1926,0.0444,0.07,-3,-35.81,-7.19,223.18,-86.46,-148.53
52.408672,-1.437034,136.82,22.85,3,346.81,18 / 19,3080710,2019-09-06 20:11:26:453,-1.7922,-1.5912,9.1372,0.0268,0.1017,9.806,0.0748,-0.0392,-0.0278,-2.94,-35.75,-7.69,221.35,-86,-148.07
52.408672,-1.437034,136.82,22.85,3,346.81,18 / 19,3080809,2019-09-06 20:11:26:552,0.7931,-1.696,9.2498,0.0072,-0.0322,9.8065,-0.099,0.0538,0.0668,-2.87,-35.81,-7.94,224.97,-86.07,-143.86
52.408672,-1.437034,136.82,22.85,3,346.81,18 / 19,3080909,2019-09-06 20:11:26:652,-1.4289,-0.301,9.7556,0.0068,-0.0197,9.8066,0.0748,0.0378,0.0655,-3.12,-36.5,-7.94,224.53,-86,-144.18
52.408672,-1.437034,136.82,22.85,3,346.81,18 / 19,3081009,2019-09-06 20:11:26:752,-0.5761,-0.3934,9.9123,0.0113,0.0005,9.8066,-0.044,-0.0393,-0.0977,-2.5,-36,-8.56,220.64,-85.85,-141.35
52.408672,-1.437034,136.82,22.85,3,346.81,18 / 19,3081110,2019-09-06 20:11:26:853,-1.6063,-2.0659,10.2999,0.0018,-0.021,9.8065,-0.0068,0.0153,0.0793,-2.75,-36.75,-8.56,227.85,-86.02,-139.06
52.408672,-1.437034,136.82,22.85,3,346.81,18 / 19,3081210,2019-09-06 20:11:26:953,0.297,0.1318,9.6884,0.0005,0.0015,9.8066,0.0274,0.0252,0.057,-2.75,-37,-8.75,229.07,-86.3,-138.45
52.408672,-1.437034,136.82,22.85,3,346.81,18 / 19,3081310,2019-09-06 20:11:27:053,-1.3245,-1.757,9.6335,-0.0004,0.029,9.8066,-0.0307,0.0334,-0.0603,-2.44,-37.19,-8.62,223.19,-86.27,-139.09
52.408672,-1.437034,136.82,22.85,3,346.81,18 / 19,3081410,2019-09-06 20:11:27:153,-1.1234,-0.2654,9.4962,-0.0053,0.0057,9.8066,0.0683,0.0032,0.0642,-2.5,-37.06,-8.62,220.7,-86.39,-142.38
52.408672,-1.437034,136.82,22.85,3,346.81,18 / 19,3081509,2019-09-06 20:11:27:252,-0.8855,-2.7997,10.1372,0.0064,0.0198,9.8066,-0.0352,0.1039,-0.046,-1.69,-37.19,-8.31,220.64,-86.28,-142.5
52.408672,-1.437034,136.82,22.85,3,346.81,18 / 19,3081610,2019-09-06 20:11:27:353,-1.0983,1.0621,9.6101,-0.0128,0.0012,9.8066,-0.0002,0.0407,0.0637,-2.5,-36.94,-8.06,221.54,-86.52,-142.15
52.408672,-1.437034,136.82,22.85,3,346.81,18 / 19,3081711,2019-09-06 20:11:27:454,-0.5015,1.6886,10.5834,-0.0034,0.0161,9.8066,-0.0754,0.0119,-0.072,-2.12,-37.12,-8.56,222.26,-86.56,-141.01
52.408672,-1.437034,136.82,22.85,3,346.81,18 / 19,3081810,2019-09-06 20:11:27:553,-0.6813,-0.5442,9.5147,0.0061,0.0581,9.8064,-0.1365,0.0235,-0.0266,-1.56,-37.5,-8.25,223.02,-86.71,-140.93
52.408672,-1.437034,136.82,22.85,3,346.81,18 / 19,3081910,2019-09-06 20:11:27:653,-1.2187,-0.5108,10.2262,0.0015,-0.0075,9.8066,0.1522,0.0934,0.0269,-1.31,-37.44,-8.37,213.99,-86.43,-143.99
52.408672,-1.437034,136.82,22.85,3,346.81,18 / 19,3082009,2019-09-06 20:11:27:752,-1.6788,0.7126,10.111,0.0093,-0.0006,9.8066,0.1763,0.0695,-0.0351,-1.75,-37.69,-8,220.91,-86.4,-142.23
52.408672,-1.437034,136.82,22.85,3,346.81,18 / 19,3082109,2019-09-06 20:11:27:852,0.0068,-0.9655,10.2319,-0.0088,-0.012,9.8066,-0.1362,0.1279,-0.0676,-1.37,-37.12,-8.12,216.09,-86.5,-141.59
52.408672,-1.437034,136.82,22.85,3,346.81,18 / 19,3082210,2019-09-06 20:11:27:953,-1.8824,-1.8986,9.083,-0.0038,0.022,9.8066,-0.1263,0.1423,-0.025,-1.19,-37.12,-8.62,214.63,-86.45,-143.48
52.408672,-1.437034,136.82,22.85,3,346.81,18 / 19,3082309,2019-09-06 20:11:28:052,-0.9575,-1.9715,8.9131,0.0044,0.0346,9.8066,-0.0917,0.1259,0.0511,-1.25,-37.44,-8.12,213.62,-86.4,-144.38
52.408672,-1.437034,136.82,22.85,3,346.81,18 / 19,3082410,2019-09-06 20:11:28:153,-1.9044,-0.005,9.7146,0.0189,-0.0386,9.8065,0.0418,0.0498,-0.0108,-1.37,-37.37,-8.37,214.28,-86.41,-143.59
52.408672,-1.437034,136.82,22.85,3,346.81,18 / 19,3082509,2019-09-06 20:11:28:252,-0.8996,-0.1555,9.8965,-0.0027,-0.0633,9.8064,-0.1343,0.0908,0.0596,-1.06,-37.37,-8.44,220.02,-86.65,-137.23
52.408672,-1.437034,136.82,22.85,3,346.81,18 / 19,3082610,2019-09-06 20:11:28:353,-0.7913,-0.9175,10.4297,0.0013,0.0549,9.8065,-0.1133,0.1598,0.0114,-0.81,-37.31,-8.44,217.75,-86.51,-139.58
52.408672,-1.437034,136.82,22.85,3,346.81,18 / 19,3082709,2019-09-06 20:11:28:452,-0.8426,-0.7164,9.9725,0.0003,0.0153,9.8066,0.1615,0.1232,-0.0424,-1,-38.75,-7.81,217.94,-86.59,-139.05
52.408672,-1.437034,136.82,22.85,3,346.81,18 / 19,3082809,2019-09-06 20:11:28:552,0.4624,0.1816,9.2907,-0.0111,0.009,9.8066,0.1448,-0.0334,0.0103,-0.69,-38.25,-8.37,215.51,-86.61,-142.35
52.408672,-1.437034,136.82,22.85,3,346.81,18 / 19,3082910,2019-09-06 20:11:28:653,-1.5399,-0.5488,9.3625,-0.0119,-0.0288,9.8066,-0.1842,-0.0347,-0.0111,-0.12,-37.69,-7.37,208.28,-86.61,-143
52.408672,-1.437034,136.82,22.85,3,346.81,18 / 19,3083009,2019-09-06 20:11:28:752,-0.1712,-1.667,9.8708,-0.002,-0.0035,9.8066,-0.2545,0.1543,-0.0681,-0.69,-37.69,-8,216.03,-86.86,-142.41
52.408672,-1.437034,136.82,22.85,3,346.81,18 / 19,3083109,2019-09-06 20:11:28:852,-0.8523,0.5292,10.3625,-0.0131,-0.001,9.8066,0.17,0.1267,0.0019,-0.25,-37.69,-7.75,209.53,-87.09,-143.68
52.408672,-1.437034,136.82,22.85,3,346.81,18 / 19,3083209,2019-09-06 20:11:28:952,-0.0948,0.0945,10.0174,-0.0158,-0.0125,9.8066,0.1758,0.0006,0.0541,-0.31,-38,-7.44,207.89,-87.18,-144.97
52.408672,-1.437034,136.82,22.85,3,346.81,18 / 19,3083309,2019-09-06 20:11:29:052,-1.6584,1.4967,9.6483,0.0051,-0.0027,9.8066,-0.1186,0.0068,-0.0332,-0.12,-37.12,-7.31,206.7,-87.07,-146.37
52.409935,-1.437475,134.61,10.66,3,338.25,19 / 20,3083411,2019-09-06 20:11:29:154,-0.97,0.7907,9.9937,-0.01,0.0201,9.8066,0.0201,0.0525,0.0072,-0.75,-37.75,-7.5,211.96,-87.1,-147.92
52.409935,-1.437475,134.61,10.66,3,338.25,19 / 20,3083510,2019-09-06 20:11:29:253,-1.1071,0.475,9.6387,-0.0145,0.0025,9.8066,0.0838,0.1509,0.0066,-0.44,-37.87,-7.69,202.48,-87.18,-152.42
52.409935,-1.437475,134.61,10.66,3,338.25,19 / 20,3083610,2019-09-06 20:11:29:353,-0.9807,-0.6242,9.7139,-0.0029,-0.0123,9.8066,0.0386,0.1091,-0.0118,0.94,-37.62,-7.44,195.47,-87.42,-152.71
52.409935,-1.437475,134.61,10.66,3,338.25,19 / 20,3083709,2019-09-06 20:11:29:452,-1.4124,-0.2293,9.9811,0.0004,-0.0037,9.8066,-0.1071,0.0876,-0.0308,0.13,-38,-7.06,201.57,-87.46,-153.37
52.409935,-1.437475,134.61,10.66,3,338.25,19 / 20,3083809,2019-09-06 20:11:29:552,-1.3258,-0.3166,10.0193,-0.0017,0.0073,9.8066,-0.0086,0.0793,0.0252,0.63,-37.44,-7.56,194.4,-87.52,-155.66
52.409935,-1.437475,134.61,10.66,3,338.25,19 / 20,3083910,2019-09-06 20:11:29:653,-2.6129,1.2431,10.4207,-0.0012,0.0005,9.8066,0.0353,0.0708,-0.0595,0.75,-38.12,-7.31,193.78,-87.56,-154.98
52.409935,-1.437475,134.61,10.66,3,338.25,19 / 20,3084010,2019-09-06 20:11:29:753,-1.3508,0.9346,9.9411,-0.0154,-0.0034,9.8065,0.1471,0.0596,-0.0287,0.19,-37.75,-7.56,198.58,-87.6,-157.81
52.409935,-1.437475,134.61,10.66,3,338.25,19 / 20,3084110,2019-09-06 20:11:29:853,-2.3622,0.6314,9.8504,-0.018,0.0006,9.8066,-0.0516,0.1262,-0.0027,1.56,-37.37,-7,180.51,-87.6,-163.43
52.409935,-1.437475,134.61,10.66,3,338.25,19 / 20,3084209,2019-09-06 20:11:29:952,-1.0441,-0.717,9.59,-0.0135,0.0013,9.8066,-0.0258,0.0996,-0.0166,1.06,-37.81,-6.44,180.48,-87.58,-169.93
52.409935,-1.437475,134.61,10.66,3,338.25,19 / 20,3084309,2019-09-06 20:11:30:052,-1.6909,0.1133,10.321,-0.013,0.0022,9.8066,0.0037,0.0712,0.0001,1.44,-38,-6.19,178.27,-87.59,-172.72
52.409935,-1.437475,134.61,10.66,3,338.25,19 / 20,3084410,2019-09-06 20:11:30:153,-0.4669,1.8099,9.8452,-0.0281,0.0257,9.8065,-0.0487,0.0617,-0.0288,1.38,-38.44,-6.06,174.51,-87.43,-177.57
52.409935,-1.437475,134.61,10.66,3,338.25,19 / 20,3084509,2019-09-06 20:11:30:252,-3.0965,0.0094,7.8662,-0.0681,-0.0034,9.8063,0.0592,0.1626,-0.052,3.06,-37.75,-6.06,149.6,-87.44,168.84
52.409935,-1.437475,134.61,10.66,3,338.25,19 / 20,3084609,2019-09-06 20:11:30:352,-2.3721,0.1111,8.9994,0.0056,-0.0587,9.8064,-0.1093,0.1275,-0.0266,2.56,-37.87,-7.19,140.9,-87.53,156.32
52.409935,-1.437475,134.61,10.66,3,338.25,19 / 20,3084709,2019-09-06 20:11:30:452,-1.1425,-0.967,10.0069,0.0123,-0.0467,9.8065,-0.0432,0.153,-0.0786,3.81,-37.37,-7.25,122.28,-88.13,144.77
52.409935,-1.437475,134.61,10.66,3,338.25,19 / 20,3084809,2019-09-06 20:11:30:552,-1.7631,-0.384,10.1126,-0.0384,-0.0038,9.8065,0.0412,0.1494,-0.0346,3.69,-37.37,-7.44,106.78,-87.94,127.45
52.409935,-1.437475,134.61,10.66,3,338.25,19 / 20,3084910,2019-09-06 20:11:30:653,-2.1102,0.0074,9.9771,-0.0086,0.0077,9.8066,0.0046,0.1181,0.0374,4.38,-37.19,-6.69,105.6,-87.77,125.46
52.409935,-1.437475,134.61,10.66,3,338.25,19 / 20,3085010,2019-09-06 20:11:30:753,-1.0526,0.255,10.0992,-0.0079,0.0209,9.8066,0.017,0.1424,-0.0004,4.5,-37.87,-5.87,103.89,-87.61,132.34
52.409935,-1.437475,134.61,10.66,3,338.25,19 / 20,3085110,2019-09-06 20:11:30:853,-0.7214,0.4817,9.7618,-0.0047,-0.008,9.8066,-0.0699,0.1646,-0.0545,4.56,-37.81,-6.37,104.69,-87.51,132.72
52.409935,-1.437475,134.61,10.66,3,338.25,19 / 20,3085210,2019-09-06 20:11:30:953,-0.4405,0.1254,9.2503,-0.0056,-0.0192,9.8066,-0.1246,0.06,-0.0056,4.44,-38.25,-5.56,109.33,-87.45,130.22
52.409935,-1.437475,134.61,10.66,3,338.25,19 / 20,3085309,2019-09-06 20:11:31:052,-0.6495,-0.4199,9.4081,-0.0119,-0.0076,9.8066,0.0821,0.07,-0.0357,5.38,-37.44,-6.19,96.26,-87.41,123.76
52.409935,-1.437475,134.61,10.66,3,338.25,18 / 19,3085409,2019-09-06 20:11:31:152,-0.7235,-0.2192,9.5506,0.0014,-0.0452,9.8065,0.0901,0.0753,-0.0136,5.25,-37.87,-5.87,87.85,-87.34,114.59
52.409935,-1.437475,134.61,10.66,3,338.25,18 / 19,3085509,2019-09-06 20:11:31:252,-0.9577,0.0347,10.2468,0.0107,-0.0269,9.8066,-0.0181,0.0643,-0.0176,5.5,-37.19,-6.31,80.5,-87.24,113.54
52.409935,-1.437475,134.61,10.66,3,338.25,18 / 19,3085610,2019-09-06 20:11:31:353,-0.7512,0.2426,10.0977,-0.011,0.0159,9.8065,0.0341,0.072,-0.0343,5.81,-37.19,-5.75,84.02,-87.06,116.16
52.409935,-1.437475,134.61,10.66,3,338.25,18 / 19,3085709,2019-09-06 20:11:31:452,-0.8499,0.0918,10.184,0.0051,-0.0033,9.8066,-0.0622,0.0549,0.0562,5.19,-37.37,-5.44,86.32,-87.06,115.77
52.409935,-1.437475,134.61,10.66,3,338.25,18 / 19,3085810,2019-09-06 20:11:31:553,-0.1456,0.1775,9.4374,-0.0057,0.0169,9.8066,-0.0927,0.0716,0.05,5.81,-37.56,-5.5,79.85,-87.07,115.86
52.409935,-1.437475,134.61,10.66,3,338.25,18 / 19,3085909,2019-09-06 20:11:31:652,0.3235,0.1926,9.6343,-0.0108,0.0286,9.8066,0.023,0.0321,0.0035,5.06,-38,-6.12,93.2,-87.12,118.85
52.409935,-1.437475,134.61,10.66,3,338.25,18 / 19,3086009,2019-09-06 20:11:31:752,0.3919,-0.3408,9.7495,0.0178,-0.0108,9.8066,-0.04,0.0082,0.0436,5.81,-37.5,-5.06,79.41,-87.3,116.9
52.409935,-1.437475,134.61,10.66,3,338.25,18 / 19,3086109,2019-09-06 20:11:31:852,0.5552,0.6415,9.883,0.0133,-0.0053,9.8066,0.0612,0.0264,-0.034,5.19,-38.06,-6.12,90.67,-87.42,117.81
52.409935,-1.437475,134.61,10.66,3,338.25,18 / 19,3086210,2019-09-06 20:11:31:953,0.5085,0.3935,10.1669,-0.0076,0.0015,9.8066,0.0105,0.0056,0.0226,5.56,-37.56,-6.12,84.65,-87.33,117.63
52.409935,-1.437475,134.61,10.66,3,338.25,18 / 19,3086309,2019-09-06 20:11:32:052,0.9211,0.5397,9.7977,0.0004,-0.0053,9.8066,0.0184,-0.0043,0.0207,5.06,-37.56,-5.94,89.04,-87.33,115.72
52.409935,-1.437475,134.61,10.66,3,338.25,19 / 20,3086410,2019-09-06 20:11:32:153,0.4092,1.2398,10.0969,0.0015,0.0042,9.8066,0.0152,-0.0627,0.0448,5.5,-37.62,-5.62,82.98,-87.39,116.3
52.409935,-1.437475,134.61,10.66,3,338.25,19 / 20,3086509,2019-09-06 20:11:32:252,1.1067,1.1178,9.8639,-0.0018,0.0161,9.8066,-0.0521,-0.1284,0.0361,4.69,-37.69,-5.69,90.95,-87.47,118.36
52.409935,-1.437475,134.61,10.66,3,338.25,19 / 20,3086610,2019-09-06 20:11:32:353,2.1092,0.5513,9.5848,0.0031,0.0143,9.8066,-0.058,-0.1427,0.0483,4.38,-37.87,-5.94,100.46,-87.53,121.26
52.409935,-1.437475,134.61,10.66,3,338.25,19 / 20,3086710,2019-09-06 20:11:32:453,2.0842,0.5661,9.6655,-0.0033,0.0159,9.8065,0.081,-0.1753,0.0415,4,-38,-6,102.14,-87.57,123.19
52.409935,-1.437475,134.61,10.66,3,338.25,19 / 20,3086810,2019-09-06 20:11:32:553,2.4253,2.3496,9.9322,0.0217,-0.0238,9.8065,0.1127,-0.239,0.0945,4.06,-38,-5.19,97.34,-87.79,122.89
52.409935,-1.437475,134.61,10.66,3,338.25,19 / 20,3086909,2019-09-06 20:11:32:652,2.2162,1.5189,9.7077,0.0217,-0.0215,9.8066,-0.0501,-0.2506,0.0221,3.31,-38.31,-6.37,108.29,-87.96,123.83
52.409935,-1.437475,134.61,10.66,3,338.25,19 / 20,3087009,2019-09-06 20:11:32:752,2.9054,0.8862,9.8204,0.0126,-0.0052,9.8066,0.0115,-0.2523,0.0423,2.75,-37.62,-6.87,112.38,-88.01,126.37
52.409935,-1.437475,134.61,10.66,3,338.25,19 / 20,3087110,2019-09-06 20:11:32:853,2.622,1.8212,10.2453,0.0127,-0.0136,9.8065,0.0223,-0.3212,0.0456,2.94,-37.25,-6.5,110.23,-88.19,127.41
52.409935,-1.437475,134.61,10.66,3,338.25,19 / 20,3087210,2019-09-06 20:11:32:953,2.7865,1.0323,9.6234,0.0092,0.0214,9.8066,-0.0214,-0.2357,0.0095,2.31,-37.19,-6.87,124.23,-88.24,132.77
52.409935,-1.437475,134.61,10.66,3,338.25,19 / 20,3087310,2019-09-06 20:11:33:053,2.9791,0.4742,9.9788,0.0096,0.0103,9.8066,-0.0276,-0.2819,0.0379,1.38,-37.5,-6.94,131.52,-88.36,133.22
52.409935,-1.437475,134.61,10.66,3,338.25,19 / 20,3087410,2019-09-06 20:11:33:153,2.95,1.1872,10.1359,0.0066,0.0005,9.8066,0.0055,-0.3058,0.0435,1.81,-38.12,-7.44,123.89,-88.56,133.6
52.409935,-1.437475,134.61,10.66,3,338.25,19 / 20,3087510,2019-09-06 20:11:33:253,2.9116,0.1104,10.2675,0.0046,0.0087,9.8066,0.0413,-0.3448,0.0138,0.94,-38.19,-7.31,132.15,-88.64,134.86
52.409935,-1.437475,134.61,10.66,3,338.25,19 / 20,3087609,2019-09-06 20:11:33:352,3.393,0.4431,10.0733,0.0093,0.0107,9.8066,0.0178,-0.2983,0.0069,0.94,-38.62,-7.44,139.16,-88.58,142.18
52.409935,-1.437475,134.61,10.66,3,338.25,19 / 20,3087710,2019-09-06 20:11:33:453,2.6474,0.4135,9.7854,0.0062,0.0129,9.8065,-0.0187,-0.2948,0.0532,0.13,-37.75,-7.06,151.51,-88.51,147.65
52.409935,-1.437475,134.61,10.66,3,338.25,19 / 20,3087809,2019-09-06 20:11:33:552,2.5907,-0.6776,9.5601,0.0186,0.0153,9.8066,-0.0526,-0.2761,0.0371,-0.62,-37.62,-7.5,167.41,-88.48,157.51
52.409935,-1.437475,134.61,10.66,3,338.25,19 / 20,3087910,2019-09-06 20:11:33:653,3.0163,-0.1778,9.8556,0.0188,0.0109,9.8065,0.0482,-0.3061,0.0457,-0.19,-37.25,-8,165.57,-88.59,163.95
52.409935,-1.437475,134.61,10.66,3,338.25,19 / 20,3088010,2019-09-06 20:11:33:753,2.6546,-0.8587,10.1655,0.0139,-0.0447,9.8065,0.0727,-0.3581,0.0518,-1.5,-37.44,-8,181.69,-88.95,174.7
52.409935,-1.437475,134.61,10.66,3,338.25,19 / 20,3088110,2019-09-06 20:11:33:853,2.8276,0.0273,9.4382,0.0095,0.023,9.8066,-0.0014,-0.3694,0.0775,-1.62,-37.31,-8,196.25,-88.87,-176.36
52.409935,-1.437475,134.61,10.66,3,338.25,19 / 20,3088209,2019-09-06 20:11:33:952,3.3056,-0.974,10.1259,0.0267,0.0183,9.8066,-0.0308,-0.3181,0.0624,-2.75,-38.06,-7.94,207.8,-88.77,-170.21
52.409935,-1.437475,134.61,10.66,3,338.25,19 / 20,3088309,2019-09-06 20:11:34:052,3.9774,-0.1887,10.2907,0.0235,-0.0058,9.8066,-0.0478,-0.3658,0.0096,-3.5,-38.12,-7.94,218.88,-88.53,-157.58
52.409935,-1.437475,134.61,10.66,3,338.25,18 / 19,3088409,2019-09-06 20:11:34:152,3.9397,-0.4254,10.2161,0.0324,0.03,9.8065,-0.042,-0.3345,0.0553,-4.31,-38.5,-7.69,228.51,-88.13,-152.11
52.409935,-1.437475,134.61,10.66,3,338.25,18 / 19,3088510,2019-09-06 20:11:34:253,2.9278,-1.3715,9.4496,0.0005,-0.0432,9.8065,0.0131,-0.3839,0.0507,-4.81,-38.06,-7.69,236.9,-87.9,-148.03
52.409935,-1.437475,134.61,10.66,3,338.25,18 / 19,3088609,2019-09-06 20:11:34:352,2.2125,-2.0598,9.3993,0.0056,-0.0169,9.8065,-0.0564,-0.3645,-0.0048,-5.5,-37.69,-7.81,243.51,-87.83,-140.65
52.409935,-1.437475,134.61,10.66,3,338.25,18 / 19,3088709,2019-09-06 20:11:34:452,1.9646,-1.6431,8.7169,0.0043,0.0056,9.8066,0.0862,-0.4575,0.0896,-6.31,-37.37,-8.19,248.07,-87.73,-141
52.409935,-1.437475,134.61,10.66,3,338.25,18 / 19,3088810,2019-09-06 20:11:34:553,2.9853,-0.8917,10.126,0.001,-0.024,9.8066,-0.0283,-0.3779,0.0588,-6.94,-37.44,-8.19,254.92,-87.58,-138.1
52.409935,-1.437475,134.61,10.66,3,338.25,18 / 19,3088910,2019-09-06 20:11:34:653,3.2895,-0.6188,9.6944,0.0086,-0.0055,9.8066,0.0459,-0.4394,0.0145,-7.44,-36.62,-8.37,258.47,-87.49,-134.12
52.409935,-1.437475,134.61,10.66,3,338.25,18 / 19,3089009,2019-09-06 20:11:34:752,3.2865,-1.0427,9.522,0.0013,-0.0063,9.8066,0.0414,-0.4051,-0.0218,-7.62,-38.19,-7.31,264.58,-87.29,-134.53
52.409935,-1.437475,134.61,10.66,3,338.25,18 / 19,3089110,2019-09-06 20:11:34:853,2.125,-1.8403,10.5103,0.0198,-0.0003,9.8065,0.0182,-0.3943,0.1129,-8.69,-38,-7.69,264.04,-87.16,-135.37
52.409935,-1.437475,134.61,10.66,3,338.25,18 / 19,3089210,2019-09-06 20:11:34:953,2.6621,-1.9791,10.6275,0.0163,-0.0082,9.8066,0.0801,-0.4383,0.0586,-9.37,-37.87,-7.12,268.42,-86.82,-133.05
52.409935,-1.437475,134.61,10.66,3,338.25,18 / 19,3089309,2019-09-06 20:11:35:052,2.3475,-1.434,10.0648,-0.001,-0.0155,9.8065,0.0262,-0.3949,0.0599,-9.87,-38.12,-7.5,272.49,-86.65,-132.02
52.409935,-1.437475,134.61,10.66,3,338.25,18 / 19,3089410,2019-09-06 20:11:35:153,2.5053,-0.9756,10.4368,0.0366,0.0123,9.8065,0.0523,-0.3559,0.0139,-10.56,-36.81,-6.69,273.5,-86.29,-133.44
52.409935,-1.437475,134.61,10.66,3,338.25,18 / 19,3089510,2019-09-06 20:11:35:253,2.2971,-2.0503,9.7029,0.0303,0.0085,9.8065,-0.0579,-0.3836,0.0362,-11,-37.37,-7.19,274,-86.05,-132.26
52.409935,-1.437475,134.61,10.66,3,338.25,18 / 19,3089610,2019-09-06 20:11:35:353,2.3281,-1.8677,9.8826,0.0107,-0.0138,9.8065,0.0227,-0.3829,0.0492,-11.06,-36.87,-6.69,274.54,-85.96,-131.45
52.409935,-1.437475,134.61,10.66,3,338.25,18 / 19,3089709,2019-09-06 20:11:35:452,2.0965,-1.8581,10.1635,0.0095,0.0024,9.8066,-0.0123,-0.4018,0.0386,-12.19,-37.44,-6.62,277.99,-85.69,-130.28
52.409935,-1.437475,134.61,10.66,3,338.25,18 / 19,3089809,2019-09-06 20:11:35:552,1.8637,-2.1346,10.1768,0.0124,-0.0029,9.8066,0.0182,-0.3818,-0.0018,-12.62,-37.87,-6.06,282.88,-85.5,-130.57
52.409935,-1.437475,134.61,10.66,3,338.25,18 / 19,3089910,2019-09-06 20:11:35:653,2.2744,-2.1792,10.1277,0.0264,0.0004,9.8065,0.0103,-0.4062,0.0531,-13.81,-37.37,-5.75,283.95,-85.27,-131.55
52.409935,-1.437475,134.61,10.66,3,338.25,18 / 19,3090010,2019-09-06 20:11:35:753,1.7116,-1.9704,9.6776,0.0197,-0.0006,9.8066,0.0901,-0.3761,0.0606,-13.87,-37.75,-4.94,284.4,-84.87,-133.06
52.409935,-1.437475,134.61,10.66,3,338.25,18 / 19,3090110,2019-09-06 20:11:35:853,1.6456,-2.613,10.303,0.017,-0.0017,9.8066,0.0311,-0.3888,0.0383,-15.06,-37.5,-4.31,288.58,-84.6,-134.09
52.409935,-1.437475,134.61,10.66,3,338.25,18 / 19,3090209,2019-09-06 20:11:35:952,1.0682,-1.7303,10.23,-0.0066,-0.011,9.8066,0.0903,-0.4169,0.0549,-14.69,-36.75,-4.25,286.4,-84.36,-135.56
52.409935,-1.437475,134.61,10.66,3,338.25,18 / 19,3090310,2019-09-06 20:11:36:053,1.1623,-2.5373,10.5964,-0.0087,-0.0165,9.8064,0.1061,-0.3914,0.0163,-16,-36.94,-3.44,291.79,-84.2,-135.13
52.409935,-1.437475,134.61,10.66,3,338.25,18 / 19,3090410,2019-09-06 20:11:36:153,1.0104,-1.8715,10.0738,0.0295,0.0128,9.8066,0.1025,-0.4133,0.0334,-15.62,-36.62,-3,288.62,-83.79,-137.12
52.409935,-1.437475,134.61,10.66,3,338.25,18 / 19,3090509,2019-09-06 20:11:36:252,2.3441,-1.9548,9.7919,0.0306,-0.0057,9.8065,0.0562,-0.3539,0.1389,-16.81,-36.69,-1.87,292.45,-83.52,-137.6
52.409935,-1.437475,134.61,10.66,3,338.25,18 / 19,3090609,2019-09-06 20:11:36:352,1.3408,-2.9088,10.0565,0.0213,0.0006,9.8066,-0.0448,-0.386,-0.0034,-16.62,-36.69,-1.69,290.83,-83.18,-138.36
52.409935,-1.437475,134.61,10.66,3,338.25,18 / 19,3090709,2019-09-06 20:11:36:452,0.8764,-2.6595,10.0999,0.029,0.0084,9.8066,-0.0194,-0.3903,0.0366,-17.31,-37,-1.37,293.46,-83.03,-138.94
52.409935,-1.437475,134.61,10.66,3,338.25,18 / 19,3090810,2019-09-06 20:11:36:553,1.4168,-3.2677,9.7923,0.0083,-0.0009,9.8066,-0.0447,-0.3655,0.0861,-17.94,-36.37,-0.75,294.65,-82.91,-138.97
52.409935,-1.437475,134.61,10.66,3,338.25,18 / 19,3090909,2019-09-06 20:11:36:652,0.7594,-2.6423,10.2609,0.0247,0.003,9.8065,-0.0491,-0.3691,0.0443,-18.37,-36.5,-0.06,296.61,-82.57,-139.74
52.409935,-1.437475,134.61,10.66,3,338.25,18 / 19,3091010,2019-09-06 20:11:36:753,0.2917,-2.2811,9.9449,0.0274,-0.0041,9.8066,0.044,-0.4321,0.0492,-18.81,-36.19,0.31,295.94,-82.41,-140.76
52.409935,-1.437475,134.61,10.66,3,338.25,18 / 19,3091110,2019-09-06 20:11:36:853,0.9871,-2.2437,10.0354,0.0211,0.0004,9.8065,0.0217,-0.3835,0.0416,-19,-36.37,0.56,298.65,-82.24,-141.09
52.409935,-1.437475,134.61,10.66,3,338.25,18 / 19,3091210,2019-09-06 20:11:36:953,-0.2022,-2.6307,9.9793,0.0422,0,9.8065,-0.0814,-0.4135,0.0948,-19.06,-35.44,1.5,300.8,-81.8,-141.89
52.409935,-1.437475,134.61,10.66,3,338.25,18 / 19,3091310,2019-09-06 20:11:37:053,-0.2386,-3.2993,10.098,0.0551,0.0049,9.8065,-0.1456,-0.4257,0.0402,-19.81,-36.06,2.38,299.37,-81.56,-142.72
52.409935,-1.437475,134.61,10.66,3,338.25,18 / 20,3091409,2019-09-06 20:11:37:152,-0.66,-2.7572,9.7427,-0.0071,-0.0013,9.8066,0.1348,-0.4544,0.0571,-20.75,-36.44,3.06,301.95,-81.39,-143.34
52.409935,-1.437475,134.61,10.66,3,338.25,18 / 20,3091510,2019-09-06 20:11:37:253,0.3652,-2.9358,9.7447,0.0249,-0.0003,9.8066,-0.0077,-0.3917,0.0465,-20.19,-36.5,3.75,304.07,-81.22,-143.93
52.409935,-1.437475,134.61,10.66,3,338.25,18 / 20,3091609,2019-09-06 20:11:37:352,-0.4706,-3.0385,10.0014,0.01,0.0067,9.8066,-0.0137,-0.3786,0.0271,-21,-36.19,4.19,302.52,-81.05,-145.06
52.409935,-1.437475,134.61,10.66,3,338.25,18 / 20,3091709,2019-09-06 20:11:37:452,-0.7509,-2.8586,10.5532,0.013,0.0025,9.8066,0.0217,-0.4355,0.0725,-21.06,-36.37,4.81,305,-81.01,-145.63
52.409935,-1.437475,134.61,10.66,3,338.25,18 / 20,3091810,2019-09-06 20:11:37:553,-0.7387,-2.3328,10.0402,0.0136,0.0103,9.8066,0.0346,-0.4447,0.0265,-21.12,-35.81,5,303.37,-80.87,-146.8
52.409935,-1.437475,134.61,10.66,3,338.25,18 / 20,3091910,2019-09-06 20:11:37:653,-0.8154,-2.7752,10.1595,0.0249,-0.0049,9.8065,0.0564,-0.3635,0.0176,-20.94,-35.37,6.13,304.59,-80.56,-148.37
52.409935,-1.437475,134.61,10.66,3,338.25,18 / 20,3092010,2019-09-06 20:11:37:753,-0.5777,-2.3003,9.9333,0.027,0.0037,9.8066,-0.0373,-0.3549,0.0195,-21.31,-35.25,6.56,304.71,-80.13,-150.32
52.409935,-1.437475,134.61,10.66,3,338.25,18 / 20,3092110,2019-09-06 20:11:37:853,-0.8901,-2.6474,10.5415,0.0227,-0.0044,9.8066,0.054,-0.4492,0.0765,-21.37,-35.25,8.81,309.67,-79.98,-151.14
52.409935,-1.437475,134.61,10.66,3,338.25,18 / 20,3092210,2019-09-06 20:11:37:953,-1.3598,-1.9184,10.1484,0.0316,0.0063,9.8066,-0.024,-0.4274,0.042,-21.19,-35.87,8.69,306.89,-79.71,-152.72
52.409935,-1.437475,134.61,10.66,3,338.25,18 / 20,3092310,2019-09-06 20:11:38:053,-2.1115,-2.9078,9.9753,0.0357,-0.0022,9.8065,-0.0087,-0.35,0.0475,-21.31,-35.5,9.63,308.88,-79.51,-153.68
52.41055,-1.437562,133.23,8.25,3,80.11,18 / 19,3092410,2019-09-06 20:11:38:153,-0.9326,-2.4494,10.1955,0.013,0.0094,9.8066,0.0499,-0.3754,0.0179,-21.94,-35.75,10.69,308.79,-79.27,-154.89
52.41055,-1.437562,133.23,8.25,3,80.11,18 / 19,3092509,2019-09-06 20:11:38:252,-0.8946,-1.86,10.051,0.0147,0.0051,9.8066,0.0443,-0.3293,0.0346,-21.56,-34.5,10.94,308.14,-79.12,-155.94
52.41055,-1.437562,133.23,8.25,3,80.11,18 / 19,3092610,2019-09-06 20:11:38:353,-0.5585,-2.0732,9.7827,0.0136,-0.001,9.8066,0.0002,-0.4302,0.0986,-21.62,-34.81,12,308.74,-78.83,-157.01
52.41055,-1.437562,133.23,8.25,3,80.11,18 / 19,3092710,2019-09-06 20:11:38:453,-1.1921,-2.6047,10.246,0.0113,0.0047,9.8066,-0.0092,-0.4361,0.0315,-21.5,-34.81,12.25,308.54,-78.76,-157.76
52.41055,-1.437562,133.23,8.25,3,80.11,18 / 19,3092810,2019-09-06 20:11:38:553,-1.013,-1.379,10.0241,0.0011,0.0051,9.8066,0.071,-0.4114,0.0742,-21.69,-34.81,13.38,309.33,-78.63,-158.49
52.41055,-1.437562,133.23,8.25,3,80.11,18 / 19,3092909,2019-09-06 20:11:38:652,-2.0522,-2.1031,9.8346,-0.0001,0.0003,9.8066,0.1386,-0.3779,0.1157,-21.44,-34.75,14.13,312.17,-78.49,-158.97
52.41055,-1.437562,133.23,8.25,3,80.11,18 / 19,3093009,2019-09-06 20:11:38:752,-1.2682,-2.2787,9.8944,0.0249,-0.0031,9.8066,-0.076,-0.3881,0.0439,-21.69,-35.12,16.06,314.37,-78.15,-160.04
52.41055,-1.437562,133.23,8.25,3,80.11,18 / 19,3093110,2019-09-06 20:11:38:853,-2.1766,-2.0003,9.4235,0.0206,-0.0068,9.8065,-0.0848,-0.4123,0.0763,-21.06,-34.87,15.56,314.89,-78,-160.4
52.41055,-1.437562,133.23,8.25,3,80.11,18 / 19,3093210,2019-09-06 20:11:38:953,-3.1528,-2.1728,9.9928,-0.0116,0.0102,9.8066,0.0556,-0.3718,0.0694,-20.87,-34.69,16.25,314.59,-78,-160.63
52.41055,-1.437562,133.23,8.25,3,80.11,18 / 19,3093309,2019-09-06 20:11:39:052,-2.166,-2.1568,10.5691,-0.0064,0.018,9.8065,0.0316,-0.427,0.0751,-21.12,-33.81,17.06,316.45,-77.97,-161.39
52.41055,-1.437562,133.23,8.25,3,80.11,19 / 20,3093410,2019-09-06 20:11:39:153,-2.4069,-2.3026,10.2444,0.0388,-0.0123,9.8065,-0.0144,-0.3738,0.0347,-20.81,-33.87,17.81,317.99,-77.82,-161.87
52.41055,-1.437562,133.23,8.25,3,80.11,19 / 20,3093509,2019-09-06 20:11:39:252,-1.8409,-1.5351,9.1725,0.0372,-0.0058,9.8065,-0.0119,-0.3517,0.0421,-20.69,-33.56,18.06,315.47,-77.39,-163.46
52.41055,-1.437562,133.23,8.25,3,80.11,19 / 20,3093610,2019-09-06 20:11:39:353,-2.6045,-2.6627,10.335,0.0044,0.0015,9.8066,-0.0493,-0.3967,0.089,-21.06,-33.5,18.5,317.36,-77.25,-163.92
52.41055,-1.437562,133.23,8.25,3,80.11,19 / 20,3093709,2019-09-06 20:11:39:452,-2.3881,-1.1768,10.4821,-0.0028,0.0191,9.8066,-0.0312,-0.3288,-0.0026,-20.56,-33.81,19.69,318.69,-77.34,-164.34
52.41055,-1.437562,133.23,8.25,3,80.11,19 / 20,3093810,2019-09-06 20:11:39:553,-2.48,-1.8572,10.1753,0.013,0.0133,9.8065,0.0546,-0.3457,0.0545,-20.06,-34.12,19.94,318.39,-77.39,-165.78
52.41055,-1.437562,133.23,8.25,3,80.11,19 / 20,3093910,2019-09-06 20:11:39:653,-1.835,-1.7028,9.5408,0.0398,-0.0037,9.8065,0.0701,-0.3769,0.022,-19.25,-34.5,21.06,320.17,-77.19,-167.07
52.41055,-1.437562,133.23,8.25,3,80.11,19 / 20,3094010,2019-09-06 20:11:39:753,-2.2318,-1.1413,9.9621,0.0322,-0.0201,9.8066,0.0166,-0.4533,0.0965,-18.81,-33.69,22.25,320.42,-76.99,-168.28
52.41055,-1.437562,133.23,8.25,3,80.11,19 / 20,3094109,2019-09-06 20:11:39:852,-2.7781,-2.3041,10.178,0.0102,0.0147,9.8065,0.0366,-0.3587,0.0486,-19.44,-33.44,22.19,319.01,-76.68,-169.4
52.41055,-1.437562,133.23,8.25,3,80.11,19 / 20,3094210,2019-09-06 20:11:39:953,-3.193,-0.7498,9.5089,0.0197,0.0238,9.8066,-0.0638,-0.3232,-0.0185,-18.19,-33.5,22.88,320.6,-76.72,-171.01
52.41055,-1.437562,133.23,8.25,3,80.11,19 / 20,3094310,2019-09-06 20:11:40:053,-2.6135,-1.4561,10.4858,0.0245,-0.0123,9.8066,0.0126,-0.4122,0.1391,-18.62,-33.19,23.38,318.01,-76.67,-171.7
52.41055,-1.437562,133.23,8.25,3,80.11,19 / 20,3094409,2019-09-06 20:11:40:152,-1.9204,-1.5598,10.4202,0.0281,-0.0194,9.8066,0.0411,-0.3293,0.0494,-17.31,-33.44,24.06,322.37,-76.49,-172.24
52.41055,-1.437562,133.23,8.25,3,80.11,19 / 20,3094510,2019-09-06 20:11:40:253,-3.0716,-1.8237,9.589,0.0224,0.003,9.8066,0.0099,-0.3561,0.0519,-17.44,-33.37,24.88,323.04,-76.34,-172.95
52.41055,-1.437562,133.23,8.25,3,80.11,19 / 20,3094609,2019-09-06 20:11:40:352,-2.4658,-0.9305,9.5044,0.0089,0.0124,9.8065,-0.06,-0.3344,0.0379,-16.62,-33.69,25.81,322.81,-76.15,-173.99
52.41055,-1.437562,133.23,8.25,3,80.11,19 / 20,3094710,2019-09-06 20:11:40:453,-2.9528,-1.4112,9.917,-0.0035,0.0143,9.8065,-0.0452,-0.3897,0.0728,-16.87,-33.31,25,320.54,-76.25,-174.82
52.41055,-1.437562,133.23,8.25,3,80.11,19 / 20,3094809,2019-09-06 20:11:40:552,-3.6656,-1.5368,9.7353,0.0064,0.0214,9.8066,-0.0253,-0.3357,0.0187,-15.87,-33,26.56,324.68,-76.45,-175.65
52.41055,-1.437562,133.23,8.25,3,80.11,19 / 20,3094909,2019-09-06 20:11:40:652,-3.1772,-1.1471,9.5401,0.0089,0.021,9.8065,-0.0775,-0.3685,0.0236,-15.69,-33.25,26.69,323.33,-76.53,-176.77
52.41055,-1.437562,133.23,8.25,3,80.11,19 / 20,3095010,2019-09-06 20:11:40:753,-3.539,-1.1781,9.5039,0.0392,-0.016,9.8065,-0.0605,-0.3754,0.0705,-14.75,-32.69,27.25,323.03,-76.36,-178.33
52.41055,-1.437562,133.23,8.25,3,80.11,19 / 20,3095110,2019-09-06 20:11:40:853,-3.9638,-0.3244,9.3169,0.0067,0.0182,9.8066,0.0713,-0.4134,0.0211,-14.25,-33.06,26.94,323.77,-76.28,-179.2
52.41055,-1.437562,133.23,8.25,3,80.11,19 / 20,3095209,2019-09-06 20:11:40:952,-3.013,-1.0261,10.1464,0.0077,0.0236,9.8065,0.0419,-0.3749,0.0398,-14.12,-32.62,27.06,322.54,-76.18,179.93
52.41055,-1.437562,133.23,8.25,3,80.11,19 / 20,3095310,2019-09-06 20:11:41:053,-3.7468,-0.9578,9.9913,0.0049,0.0223,9.8066,-0.0471,-0.3266,0.0228,-12.87,-33.44,28.31,324.28,-76.22,178.61
52.41055,-1.437562,133.23,8.25,3,80.11,19 / 20,3095409,2019-09-06 20:11:41:152,-2.9964,-0.5977,10.3737,0.0242,-0.0116,9.8065,0.0479,-0.3986,0.0892,-12.75,-32.62,28.69,323.78,-76.08,177.32
52.41055,-1.437562,133.23,8.25,3,80.11,19 / 20,3095510,2019-09-06 20:11:41:253,-3.3523,-0.3787,9.3851,0.0303,-0.0173,9.8065,-0.028,-0.3717,0.0465,-12.19,-33.5,29.69,326.22,-75.96,176.81
52.41055,-1.437562,133.23,8.25,3,80.11,19 / 20,3095610,2019-09-06 20:11:41:353,-3.8907,-0.7586,9.2606,0.0092,0.0072,9.8066,-0.0451,-0.3856,0.0616,-11.31,-33,28.94,325.6,-76,175.61
52.41055,-1.437562,133.23,8.25,3,80.11,19 / 20,3095709,2019-09-06 20:11:41:452,-3.2856,-0.7435,9.9768,0.018,0.0022,9.8066,0.0534,-0.3697,0.0762,-11.19,-33,28.94,324.55,-75.97,174.83
52.41055,-1.437562,133.23,8.25,3,80.11,19 / 20,3095809,2019-09-06 20:11:41:552,-2.9462,-0.9107,9.6214,0.0116,0.0047,9.8066,0.003,-0.3349,0.0193,-10.56,-32.12,29.06,323.59,-75.98,173.81
52.41055,-1.437562,133.23,8.25,3,80.11,19 / 20,3095909,2019-09-06 20:11:41:652,-4.0383,-0.9396,9.2078,0.0178,-0.0021,9.8065,-0.0306,-0.3491,0.0135,-9.75,-33,29.38,324.01,-75.91,172.8
52.41055,-1.437562,133.23,8.25,3,80.11,19 / 20,3096010,2019-09-06 20:11:41:753,-3.6312,0.0105,8.9524,0.0148,0.0252,9.8065,-0.0133,-0.3037,0.0154,-8.87,-32.75,29.75,325.26,-75.95,171.24
52.41055,-1.437562,133.23,8.25,3,80.11,19 / 20,3096110,2019-09-06 20:11:41:853,-3.8111,-0.5451,9.9675,0.0009,0.0228,9.8066,-0.0514,-0.3997,0.0525,-8.62,-32.87,30.88,325.19,-75.98,170.4
52.41055,-1.437562,133.23,8.25,3,80.11,19 / 20,3096210,2019-09-06 20:11:41:953,-3.9835,0.1108,9.5004,0.0134,0.0104,9.8066,-0.066,-0.3383,0.0299,-7.69,-33.37,30.69,326.34,-76.04,169.59
52.41055,-1.437562,133.23,8.25,3,80.11,19 / 20,3096310,2019-09-06 20:11:42:053,-4.0669,-0.0253,9.0953,0.0174,0.0057,9.8066,0.0474,-0.3638,0.053,-8,-32.44,30.56,325.42,-76.07,168.61
52.41055,-1.437562,133.23,8.25,3,80.11,19 / 20,3096410,2019-09-06 20:11:42:153,-3.6245,0.0726,9.7632,0.0057,0.019,9.8065,0.0609,-0.3587,0.0283,-6.87,-33.12,31,326.57,-75.99,168.12
52.41055,-1.437562,133.23,8.25,3,80.11,19 / 20,3096509,2019-09-06 20:11:42:252,-3.9985,-0.5881,9.7385,-0.0005,0.0336,9.8065,-0.1105,-0.3711,0.0634,-6.19,-32.25,30.44,327.17,-76.16,167.11
52.41055,-1.437562,133.23,8.25,3,80.11,19 / 20,3096610,2019-09-06 20:11:42:353,-4.4445,0.0216,9.7256,0.0177,-0.0069,9.8066,-0.0952,-0.3843,0.067,-5.81,-32.19,30.69,326.78,-76.15,166.21
52.41055,-1.437562,133.23,8.25,3,80.11,19 / 20,3096709,2019-09-06 20:11:42:452,-3.9873,0.0316,9.3646,0.0112,-0.0082,9.8066,0.0172,-0.3734,0.0508,-5.25,-32,30.19,327.66,-76.2,165.65
52.41055,-1.437562,133.23,8.25,3,80.11,19 / 20,3096810,2019-09-06 20:11:42:553,-4.1934,-0.4258,9.3018,0.0051,0.0245,9.8066,0.0391,-0.3842,0.0774,-4.12,-32.44,30.19,328.91,-76.37,164.67
52.41055,-1.437562,133.23,8.25,3,80.11,19 / 20,3096909,2019-09-06 20:11:42:652,-4.1614,0.482,9.3008,0.0085,0.0098,9.8066,0.0216,-0.394,0.0479,-3.37,-33.37,30.63,330.87,-76.35,164.13
52.41055,-1.437562,133.23,8.25,3,80.11,19 / 20,3097009,2019-09-06 20:11:42:752,-4.3722,-0.3459,9.5172,0.009,0.0041,9.8066,0.0098,-0.4102,0.0427,-2.75,-32.94,30.94,330.23,-76.36,163.63
52.41055,-1.437562,133.23,8.25,3,80.11,19 / 20,3097109,2019-09-06 20:11:42:852,-4.0483,0.4319,9.5771,0.017,0.0095,9.8066,0.0055,-0.3544,0.0464,-1.5,-33.25,30.94,333.59,-76.45,162.48
52.41055,-1.437562,133.23,8.25,3,80.11,19 / 20,3097210,2019-09-06 20:11:42:953,-3.6175,0.4355,9.7237,0.0038,0.0161,9.8065,-0.0034,-0.3755,0.0363,-2.44,-33.25,30.63,330.05,-76.53,161.57
52.41055,-1.437562,133.23,8.25,3,80.11,19 / 20,3097309,2019-09-06 20:11:43:052,-4.1465,0.695,9.5295,0.0073,-0.0018,9.8065,-0.0149,-0.3643,0.0865,-1.19,-33,30.94,332.03,-76.51,161.26
52.41055,-1.437562,133.23,8.25,3,80.11,18 / 20,3097409,2019-09-06 20:11:43:152,-3.5378,-0.3464,9.5317,0.0022,0.0146,9.8066,0.0588,-0.3444,0.0161,-0.75,-32.56,30.25,331.09,-76.54,160.82
52.41055,-1.437562,133.23,8.25,3,80.11,18 / 20,3097509,2019-09-06 20:11:43:252,-4.0423,0.3899,9.5161,0.0062,0.0186,9.8066,0.0032,-0.3864,0.0925,0.44,-32.87,30.44,332.93,-76.55,160.3
52.41055,-1.437562,133.23,8.25,3,80.11,18 / 20,3097610,2019-09-06 20:11:43:353,-3.8652,-0.1029,9.4629,0.0126,0.0143,9.8065,0.0201,-0.3448,0.0464,0.13,-33,29.25,331.97,-76.69,159.72
52.41055,-1.437562,133.23,8.25,3,80.11,18 / 20,3097710,2019-09-06 20:11:43:453,-4.3652,1.2045,9.5761,0.0085,-0.0042,9.8066,0.0305,-0.3562,0.0497,1.5,-33.25,29.44,335.97,-76.84,158.65
52.41055,-1.437562,133.23,8.25,3,80.11,18 / 20,3097810,2019-09-06 20:11:43:553,-4.1379,0.9881,9.5826,-0.0008,0.0195,9.8066,0.0395,-0.3279,0.0158,1.38,-33.75,29.13,332.44,-76.99,158.12
52.41055,-1.437562,133.23,8.25,3,80.11,18 / 20,3097909,2019-09-06 20:11:43:652,-4.7097,0.2069,9.3156,0.0144,0.0115,9.8066,-0.0101,-0.3555,0.1209,2.44,-33.19,29.38,334.51,-76.91,157.53
52.41055,-1.437562,133.23,8.25,3,80.11,18 / 20,3098009,2019-09-06 20:11:43:752,-3.9903,0.8603,9.5328,-0.0057,0.0068,9.8066,-0.0431,-0.3389,0.0121,2.63,-33.5,28.94,337,-76.89,157.42
52.41055,-1.437562,133.23,8.25,3,80.11,18 / 20,3098109,2019-09-06 20:11:43:852,-3.985,1.3491,9.6546,0.0113,0.0119,9.8066,-0.0129,-0.373,0.0485,3.31,-32.5,29,336.42,-77.06,156.71
52.41055,-1.437562,133.23,8.25,3,80.11,18 / 20,3098210,2019-09-06 20:11:43:953,-4.3347,1.1004,9.4911,0.0097,0.014,9.8066,0.0197,-0.3588,0.0623,3.94,-33.19,28.19,337.71,-77.22,155.72
52.41055,-1.437562,133.23,8.25,3,80.11,18 / 20,3098309,2019-09-06 20:11:44:052,-4.0311,0.6967,9.6724,0.0062,0.0155,9.8066,0.0512,-0.3635,0.0392,4.56,-32.62,28.38,339.11,-77.41,154.63
52.41055,-1.437562,133.23,8.25,3,80.11,19 / 20,3098410,2019-09-06 20:11:44:153,-4.1373,0.6041,9.4073,0.0103,-0.0165,9.8065,-0.0724,-0.3556,0.0049,5,-33.56,27.88,338.21,-77.36,154.16
52.41055,-1.437562,133.23,8.25,3,80.11,19 / 20,3098509,2019-09-06 20:11:44:252,-3.9648,1.1174,9.3251,0.0174,-0.0116,9.8066,0.0685,-0.4045,0.0719,5.5,-33.81,27.5,339.7,-77.33,153.26
52.41055,-1.437562,133.23,8.25,3,80.11,19 / 20,3098610,2019-09-06 20:11:44:353,-4.5037,1.2225,9.6708,0.0054,0.0206,9.8066,0.0252,-0.3983,0.023,6.13,-34.44,27.44,338.78,-77.49,152.25
52.41055,-1.437562,133.23,8.25,3,80.11,19 / 20,3098709,2019-09-06 20:11:44:452,-4.1747,1.824,9.821,0.0213,0.0223,9.8066,-0.0577,-0.4137,0.0422,6.25,-34,26.44,337.63,-77.62,151.09
52.41055,-1.437562,133.23,8.25,3,80.11,19 / 20,3098810,2019-09-06 20:11:44:553,-4.341,2.2429,9.4396,0.0068,0.0058,9.8066,-0.0218,-0.3818,0.0661,6.94,-34.37,26.38,339.41,-77.72,150.21
52.41055,-1.437562,133.23,8.25,3,80.11,19 / 20,3098909,2019-09-06 20:11:44:652,-3.9443,1.9135,8.7637,0.0069,-0.0043,9.8066,0.0531,-0.4289,0.0642,7.25,-33.5,25.38,339.21,-77.81,149.48
52.41055,-1.437562,133.23,8.25,3,80.11,19 / 20,3099009,2019-09-06 20:11:44:752,-4.982,1.5623,9.0211,0.0052,0.0163,9.8066,-0.0546,-0.4079,0.031,7.88,-33.62,24.88,341.27,-77.92,148.92
52.41055,-1.437562,133.23,8.25,3,80.11,19 / 20,3099110,2019-09-06 20:11:44:853,-4.3323,2.604,9.3402,0.0129,0.048,9.8064,0.1236,-0.3353,0.0247,8,-33.62,24.38,341.13,-77.99,148.28
52.41055,-1.437562,133.23,8.25,3,80.11,19 / 20,3099210,2019-09-06 20:11:44:953,-4.6621,1.7452,9.6901,0.0176,0.057,9.8064,0.1495,-0.4351,0.1263,8.44,-34.25,24.56,338.24,-78.4,146.45
52.41055,-1.437562,133.23,8.25,3,80.11,19 / 20,3099309,2019-09-06 20:11:45:052,-3.5837,2.0263,9.3103,0.0111,0.0446,9.8065,-0.0678,-0.4198,0.0524,8.94,-34.56,23.25,342.3,-78.55,146.17
52.41055,-1.437562,133.23,8.25,3,80.11,19 / 20,3099410,2019-09-06 20:11:45:153,-4.8778,2.7535,9.0551,-0.0074,-0.0126,9.8066,-0.0246,-0.4671,0.0756,9.75,-34.44,22.75,344.92,-78.68,145.68
52.41055,-1.437562,133.23,8.25,3,80.11,19 / 20,3099509,2019-09-06 20:11:45:252,-3.8572,3.2577,8.9175,-0.0002,-0.0107,9.8066,0.0312,-0.3701,0.0417,9.75,-35.06,21.5,345.64,-78.77,145.47
52.41055,-1.437562,133.23,8.25,3,80.11,19 / 20,3099610,2019-09-06 20:11:45:353,-2.4466,3.3242,9.1786,0.0337,0.051,9.8064,0.1226,-0.3721,0.0764,10.38,-34.44,20.63,343.58,-79.18,142.85
52.41055,-1.437562,133.23,8.25,3,80.11,19 / 20,3099709,2019-09-06 20:11:45:452,-4.4452,2.5093,9.7265,0.0089,0.0445,9.8065,-0.1026,-0.3368,0.016,9.94,-35.56,19.81,344.2,-79.36,142.54
52.41055,-1.437562,133.23,8.25,3,80.11,19 / 20,3099809,2019-09-06 20:11:45:552,-3.6116,3.7001,9.6058,-0.0014,0.0066,9.8066,0.0029,-0.4195,0.0641,11.06,-34.81,18.94,348.46,-79.49,141.92
52.41055,-1.437562,133.23,8.25,3,80.11,19 / 20,3099910,2019-09-06 20:11:45:653,-3.3929,2.6145,10.1671,0.0057,-0.0016,9.8066,0.0275,-0.4205,0.087,10.63,-35.06,18.63,348.21,-79.53,141.72
52.41055,-1.437562,133.23,8.25,3,80.11,19 / 20,3100009,2019-09-06 20:11:45:752,-3.5612,1.9459,9.2463,-0.0036,-0.0034,9.8066,0.0271,-0.3781,0.0324,11,-34.94,18.44,350.33,-79.5,141.97
52.41055,-1.437562,133.23,8.25,3,80.11,19 / 20,3100111,2019-09-06 20:11:45:854,-3.9878,2.2515,8.8295,-0.0009,0.0208,9.8066,-0.0446,-0.3934,0.0561,11.56,-36.12,17.75,353.61,-79.61,141.94
52.41055,-1.437562,133.23,8.25,3,80.11,19 / 20,3100210,2019-09-06 20:11:45:953,-3.7985,2.7738,9.6983,0.0105,0.0219,9.8066,-0.0396,-0.4357,0.0992,12.44,-35.69,17.13,354.84,-79.98,141.25
52.41055,-1.437562,133.23,8.25,3,80.11,19 / 20,3100310,2019-09-06 20:11:46:053,-3.1067,3.0186,9.8483,0.0066,0.0224,9.8066,-0.063,-0.3723,-0.0028,11.19,-35.94,16.06,352.54,-80.29,140.47
52.41055,-1.437562,133.23,8.25,3,80.11,18 / 20,3100409,2019-09-06 20:11:46:152,-2.9853,3.6086,9.7051,-0.0041,-0.0037,9.8066,0.0247,-0.3847,0.0642,11.75,-34.94,14.88,356.7,-80.48,139.08
52.41055,-1.437562,133.23,8.25,3,80.11,18 / 20,3100510,2019-09-06 20:11:46:253,-3.1782,3.3474,9.2974,-0.0142,-0.0219,9.8066,0.1277,-0.3682,0.0206,12.06,-35.94,13.88,0.45,-80.39,139.69
52.41055,-1.437562,133.23,8.25,3,80.11,18 / 20,3100610,2019-09-06 20:11:46:353,-2.7514,2.1754,8.617,0.011,0.0193,9.8066,0.0811,-0.3889,0.0482,12.13,-35.31,13.81,359.58,-80.38,139.12
52.41055,-1.437562,133.23,8.25,3,80.11,18 / 20,3100709,2019-09-06 20:11:46:452,-3.3648,2.6565,9.0817,0.0149,0.0276,9.8066,-0.1286,-0.3959,0.0633,12.69,-35.44,12.94,6.15,-80.53,139.15
52.41055,-1.437562,133.23,8.25,3,80.11,18 / 20,3100810,2019-09-06 20:11:46:553,-2.3117,3.2136,9.3511,0.02,0.0226,9.8065,-0.1132,-0.359,0.0428,11.88,-36,12,3.11,-81,137.04
52.41055,-1.437562,133.23,8.25,3,80.11,18 / 20,3100910,2019-09-06 20:11:46:653,-2.2721,4.2066,9.4213,0.02,0.0333,9.8065,0.0046,-0.3814,0.0224,12.44,-36.37,11.19,4.69,-81.37,135.59
52.41055,-1.437562,133.23,8.25,3,80.11,18 / 20,3101010,2019-09-06 20:11:46:753,-1.6777,3.2654,9.0405,0.0158,0.0153,9.8066,0.0134,-0.3759,0.0302,11.81,-36.37,10,7.83,-81.59,134.92
52.41055,-1.437562,133.23,8.25,3,80.11,18 / 20,3101109,2019-09-06 20:11:46:852,-2.1844,2.9471,9.3789,-0.0073,0.0099,9.8065,0.0111,-0.3612,0.0815,12.44,-36.94,9.63,7.98,-81.73,134.99
52.41055,-1.437562,133.23,8.25,3,80.11,18 / 20,3101210,2019-09-06 20:11:46:953,-2.2138,3.9768,9.342,0.0301,0.0217,9.8065,0.0489,-0.4079,0.0468,11.56,-36.5,8.44,17.13,-81.94,134.74
52.41055,-1.437562,133.23,8.25,3,80.11,18 / 20,3101310,2019-09-06 20:11:47:053,-2.14,3.8027,9.8087,0.0174,0.0241,9.8065,-0.0176,-0.3575,0.033,11.81,-36.31,8.31,17,-82.08,134.76
52.410145,-1.4375,131.85,8.04,4,276.22,19 / 20,3101410,2019-09-06 20:11:47:153,-1.5716,3.4714,9.8398,0.0148,0.0107,9.8066,-0.0092,-0.4065,0.0403,12,-37.19,7.31,22.61,-82.18,134.66
52.410145,-1.4375,131.85,8.04,4,276.22,19 / 20,3101509,2019-09-06 20:11:47:252,-1.5133,3.5729,8.7292,0.0008,0.0017,9.8066,-0.0258,-0.325,0.0395,12.19,-35.5,6.88,21.07,-82.22,134.09
52.410145,-1.4375,131.85,8.04,4,276.22,19 / 20,3101610,2019-09-06 20:11:47:353,-1.0239,4.4424,8.8979,0.0191,0.0173,9.8065,0.0385,-0.3723,-0.007,11.44,-37.37,5.94,25.18,-82.34,133.93
52.410145,-1.4375,131.85,8.04,4,276.22,19 / 20,3101709,2019-09-06 20:11:47:452,-1.6664,3.9905,9.5517,0.0416,0.0104,9.8065,0.0275,-0.3978,0.0378,11.75,-37.31,5.69,26.43,-82.5,133.57
52.410145,-1.4375,131.85,8.04,4,276.22,19 / 20,3101810,2019-09-06 20:11:47:553,-1.2359,3.0843,9.6636,0.0352,0.0094,9.8065,-0.0998,-0.4081,0.0694,11.44,-36.94,4.69,25.57,-82.86,130.37
52.410145,-1.4375,131.85,8.04,4,276.22,19 / 20,3101910,2019-09-06 20:11:47:653,-0.5352,4.0935,9.8962,-0.0055,0.0037,9.8066,-0.0335,-0.409,0.0181,11.25,-36.87,3.38,39.49,-83.06,130.05
52.410145,-1.4375,131.85,8.04,4,276.22,19 / 20,3102009,2019-09-06 20:11:47:752,-0.5254,3.3927,9.1481,-0.0068,-0.0002,9.8066,0.0309,-0.3549,0.0743,11,-36.37,3.25,38.45,-83.13,129.88
52.410145,-1.4375,131.85,8.04,4,276.22,19 / 20,3102110,2019-09-06 20:11:47:853,-0.289,3.6454,9.6886,-0.0067,0.0093,9.8065,-0.0542,-0.3696,0.0557,10.94,-36.19,2,44.96,-83.25,129.49
52.410145,-1.4375,131.85,8.04,4,276.22,19 / 20,3102209,2019-09-06 20:11:47:952,0.457,4.1611,9.7215,-0.0026,0.0063,9.8066,0.0368,-0.3484,0.0072,10.25,-37,1.63,46.3,-83.37,129.72
52.410145,-1.4375,131.85,8.04,4,276.22,19 / 20,3102309,2019-09-06 20:11:48:052,-0.091,3.7219,9.7619,0.0131,0.0051,9.8066,0.0727,-0.3446,0.0358,9.75,-37.06,1.13,52.69,-83.54,128.92
52.410145,-1.4375,131.85,8.04,4,276.22,19 / 20,3102409,2019-09-06 20:11:48:152,-0.0074,4.0058,9.6963,0.0128,0.0032,9.8066,-0.0664,-0.3794,0.0219,10.25,-37.37,0.69,51.18,-83.73,128.39
52.410145,-1.4375,131.85,8.04,4,276.22,19 / 20,3102510,2019-09-06 20:11:48:253,1.0762,3.7755,9.0571,0.005,0.002,9.8066,-0.092,-0.3393,-0.006,9.5,-37.5,-0.19,59.08,-83.81,128.82
52.410145,-1.4375,131.85,8.04,4,276.22,19 / 20,3102609,2019-09-06 20:11:48:352,1.3152,3.8014,9.3796,0.0065,0.0125,9.8066,0.0676,-0.3639,0.0704,9.31,-37.19,-0.06,61.83,-83.91,128.96
52.410145,-1.4375,131.85,8.04,4,276.22,19 / 20,3102710,2019-09-06 20:11:48:453,1.9591,4.1014,10.0823,0.0252,0.0003,9.8066,0.056,-0.385,0.0553,8.69,-37.56,-1,69.27,-84.2,129.35
52.410145,-1.4375,131.85,8.04,4,276.22,19 / 20,3102810,2019-09-06 20:11:48:553,1.4503,3.042,9.8785,0.0279,-0.0074,9.8065,-0.0394,-0.3557,0.0502,8.88,-37.56,-1.5,67.97,-84.35,128.91
52.410145,-1.4375,131.85,8.04,4,276.22,19 / 20,3102909,2019-09-06 20:11:48:652,2.1393,2.9101,10.0241,-0.0024,0.0193,9.8066,-0.0179,-0.3768,0.0609,8.13,-37.37,-1.87,78.15,-84.45,128.82
52.410145,-1.4375,131.85,8.04,4,276.22,19 / 20,3103010,2019-09-06 20:11:48:753,2.4797,2.9055,9.4818,-0.0029,0.0164,9.8066,0.0109,-0.3735,0.0238,7.63,-37.19,-2.56,85.66,-84.59,130.94
52.410145,-1.4375,131.85,8.04,4,276.22,19 / 20,3103109,2019-09-06 20:11:48:852,2.9842,2.3174,9.5746,0.0076,0.0036,9.8066,-0.0104,-0.342,0.0181,6.88,-37.44,-3.25,91.7,-84.68,131.62
52.410145,-1.4375,131.85,8.04,4,276.22,19 / 20,3103209,2019-09-06 20:11:48:952,2.765,2.1014,9.7564,0.0081,0.0008,9.8066,0.0093,-0.3677,0.0427,7,-37.44,-3.75,96.67,-84.74,132.15
52.410145,-1.4375,131.85,8.04,4,276.22,19 / 20,3103310,2019-09-06 20:11:49:053,3.023,1.9939,9.9803,0.0043,0.0139,9.8066,0.0155,-0.357,0.0112,6.19,-37.69,-4.19,104.61,-84.86,133.71
52.410145,-1.4375,131.85,8.04,4,276.22,19 / 20,3103410,2019-09-06 20:11:49:153,3.1695,2.0195,10.0853,0.0023,0.0137,9.8066,-0.0344,-0.3857,0.0739,5.81,-37.62,-4.31,104.4,-84.97,134.09
52.410145,-1.4375,131.85,8.04,4,276.22,19 / 20,3103509,2019-09-06 20:11:49:252,3.6142,2.2195,9.2564,-0.0003,0.0124,9.8066,0.0115,-0.4074,0.0565,5.63,-37.81,-5.12,107.54,-85.13,134.51
52.410145,-1.4375,131.85,8.04,4,276.22,19 / 20,3103610,2019-09-06 20:11:49:353,3.1957,1.6205,9.0397,0.0042,0.028,9.8065,0.0106,-0.4166,0.0404,4.94,-37.12,-5.69,118.36,-85.14,137.5
52.410145,-1.4375,131.85,8.04,4,276.22,19 / 20,3103710,2019-09-06 20:11:49:453,4.2963,1.6481,9.5786,0.0039,-0.0011,9.8066,-0.0204,-0.373,0.1025,3.69,-38,-6.19,125.27,-85.25,138.12
52.410145,-1.4375,131.85,8.04,4,276.22,19 / 20,3103810,2019-09-06 20:11:49:553,4.3549,1.4317,9.2334,0.0178,0.0104,9.8066,-0.0026,-0.3607,0.0072,3.69,-37.62,-6,125.72,-85.36,139.23
52.410145,-1.4375,131.85,8.04,4,276.22,19 / 20,3103909,2019-09-06 20:11:49:652,4.1137,0.5734,10.159,0.0157,-0.0003,9.8066,0.0163,-0.4188,0.0204,3.19,-38,-6.81,132.73,-85.51,139.32
52.410145,-1.4375,131.85,8.04,4,276.22,19 / 20,3104010,2019-09-06 20:11:49:753,3.0485,0.6861,9.9615,0.0044,-0.0037,9.8066,-0.0238,-0.4495,0.0993,2.38,-37.81,-6.87,139.87,-85.65,141.09
52.410145,-1.4375,131.85,8.04,4,276.22,19 / 20,3104110,2019-09-06 20:11:49:853,3.4192,-0.0297,9.5386,0.0069,0.0234,9.8066,-0.0318,-0.3542,0.0157,1.63,-38.25,-7,141.2,-85.62,142.72
52.410145,-1.4375,131.85,8.04,4,276.22,19 / 20,3104209,2019-09-06 20:11:49:952,3.4368,-0.0774,9.3754,0.0058,0.012,9.8066,0.0177,-0.4047,0.055,1.13,-38.19,-7.12,147.89,-85.57,143.34
52.410145,-1.4375,131.85,8.04,4,276.22,19 / 20,3104309,2019-09-06 20:11:50:052,4.1086,0.1119,9.6192,0.0098,0.001,9.8066,-0.0206,-0.4022,0.0133,0.81,-37.94,-7.62,150.56,-85.63,147.58
52.410145,-1.4375,131.85,8.04,4,276.22,19 / 20,3104409,2019-09-06 20:11:50:152,3.3675,-0.4887,9.4997,-0.0065,0.0008,9.8066,0.0286,-0.4233,0.0967,-0.19,-37.19,-7.62,155.65,-85.61,147.32
52.410145,-1.4375,131.85,8.04,4,276.22,19 / 20,3104509,2019-09-06 20:11:50:252,3.1508,-0.3178,9.7885,0.0212,-0.0043,9.8066,-0.0291,-0.3696,-0.0024,-1,-37.94,-7.37,163.43,-85.7,148.74
52.410145,-1.4375,131.85,8.04,4,276.22,19 / 20,3104610,2019-09-06 20:11:50:353,4.0944,-0.373,9.7763,0.0042,-0.0054,9.8066,-0.1029,-0.3662,0.057,-1.25,-37.31,-8.12,163.59,-85.84,151.11
52.410145,-1.4375,131.85,8.04,4,276.22,19 / 20,3104709,2019-09-06 20:11:50:452,3.5705,-1.0719,9.8493,0.0088,0.0057,9.8066,-0.0195,-0.3981,0.0438,-1.5,-38.06,-8.19,165.54,-85.87,153.6
52.410145,-1.4375,131.85,8.04,4,276.22,19 / 20,3104810,2019-09-06 20:11:50:553,3.1559,-0.8359,9.6597,-0.0033,0.0028,9.8066,0.0594,-0.3995,0.0202,-2.44,-38.5,-8.44,171.12,-85.84,154.15
52.410145,-1.4375,131.85,8.04,4,276.22,19 / 20,3104910,2019-09-06 20:11:50:653,3.3278,-1.5183,10.1009,0.0211,0.0055,9.8066,-0.0065,-0.397,0.0609,-3.5,-38.56,-7.56,178.69,-85.74,157.69
52.410145,-1.4375,131.85,8.04,4,276.22,19 / 20,3105009,2019-09-06 20:11:50:752,4.1597,-2.2473,10.0487,0.0045,0.0001,9.8066,0.0192,-0.345,0.0102,-3.87,-37.94,-8.25,184.22,-85.8,158.96
52.410145,-1.4375,131.85,8.04,4,276.22,19 / 20,3105109,2019-09-06 20:11:50:852,3.3159,-2.6219,9.7355,0.0028,-0.0018,9.8066,0.0289,-0.4192,0.0403,-4.62,-37.75,-8.5,190.1,-85.73,161.08
52.410145,-1.4375,131.85,8.04,4,276.22,19 / 20,3105209,2019-09-06 20:11:50:952,2.811,-0.8107,9.7252,0.0061,0.0071,9.8066,0.076,-0.4452,0.1041,-5.31,-37.19,-8.75,189.59,-85.6,163.14
52.410145,-1.4375,131.85,8.04,4,276.22,19 / 20,3105310,2019-09-06 20:11:51:053,3.6831,-2.9416,10.0309,0.0157,0.0005,9.8065,0.0507,-0.3513,-0.026,-5.87,-37.19,-7.5,200.25,-85.57,165.76
52.410145,-1.4375,131.85,8.04,4,276.22,19 / 20,3105410,2019-09-06 20:11:51:153,2.9397,-1.936,10.0084,-0.0165,-0.0255,9.8066,-0.046,-0.3551,0.0551,-6.19,-37.75,-8.69,194.73,-85.65,164.88
52.410145,-1.4375,131.85,8.04,4,276.22,19 / 20,3105510,2019-09-06 20:11:51:253,3.5235,-2.4779,9.935,0.0193,0.0027,9.8066,0.008,-0.4282,0.0588,-7.5,-37.37,-7.81,202.45,-85.59,167.08
52.410145,-1.4375,131.85,8.04,4,276.22,19 / 20,3105609,2019-09-06 20:11:51:352,3.3085,-2.1825,9.8404,0.0042,0.0014,9.8066,-0.0297,-0.3809,-0.0044,-7.87,-38.37,-7.69,206.66,-85.59,168.25
52.410145,-1.4375,131.85,8.04,4,276.22,19 / 20,3105709,2019-09-06 20:11:51:452,2.3875,-2.7227,9.5016,-0.0017,-0.0037,9.8066,0.017,-0.3473,0.0202,-8.19,-37.62,-7.37,209.21,-85.54,168.13
52.410145,-1.4375,131.85,8.04,4,276.22,19 / 20,3105809,2019-09-06 20:11:51:552,2.4195,-2.8124,10.2822,0.0041,-0.011,9.8066,-0.0046,-0.4032,0.0601,-9.25,-37.87,-7.75,210.21,-85.49,168.94
52.410145,-1.4375,131.85,8.04,4,276.22,19 / 20,3105909,2019-09-06 20:11:51:652,3.4263,-1.9479,10.135,0.0153,0.0158,9.8066,0.0342,-0.3808,0.0553,-9.5,-37.94,-7.62,211.98,-85.31,171.39
52.410145,-1.4375,131.85,8.04,4,276.22,19 / 20,3106009,2019-09-06 20:11:51:752,2.2994,-3.0404,9.6248,0.0134,0.0122,9.8066,-0.036,-0.3619,-0.0056,-10.06,-37.25,-7.06,217.74,-85.24,171.5
52.410145,-1.4375,131.85,8.04,4,276.22,19 / 20,3106110,2019-09-06 20:11:51:853,2.1163,-2.9595,10.0005,0.0059,0.002,9.8066,-0.0099,-0.4062,0.0938,-10.62,-37.37,-6.81,221.28,-85.08,172.9
52.410145,-1.4375,131.85,8.04,4,276.22,19 / 20,3106210,2019-09-06 20:11:51:953,2.2402,-2.4773,10.1805,0.009,-0.0051,9.8066,0.0677,-0.3851,0.0379,-12,-37.06,-6.87,224.84,-85.04,174.36
52.410145,-1.4375,131.85,8.04,4,276.22,19 / 20,3106310,2019-09-06 20:11:52:053,1.7024,-2.9252,9.7499,0.0035,-0.0028,9.8066,0.0449,-0.3927,0.0101,-11.44,-37.56,-6.5,225.8,-84.98,175.29
52.410145,-1.4375,131.85,8.04,4,276.22,18 / 20,3106409,2019-09-06 20:11:52:152,1.1376,-3.2636,10.0782,0.0026,0.0001,9.8066,-0.0145,-0.3658,0.063,-12.94,-37.81,-6.25,230.83,-84.93,176.01
52.410145,-1.4375,131.85,8.04,4,276.22,18 / 20,3106510,2019-09-06 20:11:52:253,1.6828,-2.5426,10.2761,0.0103,0.0043,9.8066,-0.0098,-0.3724,0.0425,-13.37,-37.06,-5.69,230.85,-84.8,176
52.410145,-1.4375,131.85,8.04,4,276.22,18 / 20,3106609,2019-09-06 20:11:52:352,1.2487,-2.8041,10.1811,0.0148,0.0123,9.8066,0.0042,-0.3222,-0.0029,-13.25,-37.62,-5.19,233.41,-84.63,176.18
52.410145,-1.4375,131.85,8.04,4,276.22,18 / 20,3106710,2019-09-06 20:11:52:453,1.2592,-1.4969,9.5924,0.0035,0.0097,9.8066,0.0072,-0.284,0.0294,-13.75,-37.56,-4.69,234.79,-84.46,175.98
52.410145,-1.4375,131.85,8.04,4,276.22,18 / 20,3106810,2019-09-06 20:11:52:553,2.1939,-2.5074,9.3352,0.0143,0.0085,9.8066,-0.0165,-0.3229,0.0023,-14.81,-36.94,-4.56,235.79,-84.22,175.37
52.410145,-1.4375,131.85,8.04,4,276.22,18 / 20,3106910,2019-09-06 20:11:52:653,1.4458,-2.7483,9.6821,0.0045,0.0056,9.8065,-0.0953,-0.2525,0.0098,-15,-37,-4,238.27,-84,175.34
52.410145,-1.4375,131.85,8.04,4,276.22,18 / 20,3107010,2019-09-06 20:11:52:753,2.2878,-2.322,10.3892,0.0199,-0.0045,9.8066,0.0746,-0.361,0.0233,-14.62,-37,-4.25,238.63,-83.89,175.98
52.410145,-1.4375,131.85,8.04,4,276.22,18 / 20,3107110,2019-09-06 20:11:52:853,1.769,-2.3918,9.8779,-0.0092,0.0004,9.8066,0.1492,-0.3541,0.0314,-16.06,-37.12,-3.06,243.16,-83.75,176.46
52.410145,-1.4375,131.85,8.04,4,276.22,18 / 20,3107210,2019-09-06 20:11:52:953,0.3516,-2.4057,9.7421,-0.0033,-0.0009,9.8066,0.0024,-0.3349,0.1368,-16.19,-36.75,-2.69,243.09,-83.53,176.84
52.410145,-1.4375,131.85,8.04,4,276.22,18 / 20,3107310,2019-09-06 20:11:53:053,1.1634,-3.5742,9.973,0.0344,0.0063,9.8065,-0.0447,-0.3586,0.0715,-16.69,-37.06,-2.19,247.54,-83.41,177.44
52.410145,-1.4375,131.85,8.04,4,276.22,19 / 20,3107410,2019-09-06 20:11:53:153,0.8356,-2.6584,10.0625,0.0274,0.0071,9.8065,0.0233,-0.3507,0.0451,-16.81,-36.62,-1.12,250.94,-83.22,178.3
52.410145,-1.4375,131.85,8.04,4,276.22,19 / 20,3107509,2019-09-06 20:11:53:252,0.8233,-2.1738,9.5819,-0.0086,-0.0049,9.8066,0.0665,-0.3708,0.0703,-18.06,-36.44,-1.75,249.99,-83.32,178.83
52.410145,-1.4375,131.85,8.04,4,276.22,19 / 20,3107611,2019-09-06 20:11:53:354,1.0581,-3.1682,10.3293,0.0204,-0.0002,9.8066,-0.0373,-0.378,0.0739,-17.69,-36.56,-0.37,256.05,-83.22,179.66
52.410145,-1.4375,131.85,8.04,4,276.22,19 / 20,3107710,2019-09-06 20:11:53:453,1.0794,-3.5044,9.6946,0.0327,0.0005,9.8065,-0.0581,-0.3647,0.0207,-19.06,-36.37,-0.25,257.56,-83.04,-179.48
52.410145,-1.4375,131.85,8.04,4,276.22,19 / 20,3107810,2019-09-06 20:11:53:553,1.5166,-3.4568,10.0937,0.0266,0.0083,9.8066,0.0044,-0.3591,0.0426,-18.75,-36.06,0.69,260.34,-83.08,-179.65
52.410145,-1.4375,131.85,8.04,4,276.22,19 / 20,3107910,2019-09-06 20:11:53:653,0.856,-3.9565,9.8632,0.0143,0.0061,9.8066,-0.0346,-0.4462,0.067,-19.44,-36.19,0.44,258.3,-83,-178.63
52.410145,-1.4375,131.85,8.04,4,276.22,19 / 20,3108009,2019-09-06 20:11:53:752,0.0016,-3.6303,10.2045,0.0223,0.0025,9.8065,0.0511,-0.372,0.0632,-19.31,-36.69,2.31,263.31,-82.8,-178.69
52.410145,-1.4375,131.85,8.04,4,276.22,19 / 20,3108110,2019-09-06 20:11:53:853,-0.1319,-2.9246,9.5536,0.0037,0.0031,9.8066,-0.0005,-0.3789,0.0347,-19.75,-37,1.81,263.24,-82.69,-178.96
52.410145,-1.4375,131.85,8.04,4,276.22,19 / 20,3108209,2019-09-06 20:11:53:952,0.3128,-3.4626,9.087,0.0004,0.0038,9.8066,-0.1771,-0.3507,0.0141,-20.06,-36.19,3.38,266.12,-82.61,-179.13
52.410145,-1.4375,131.85,8.04,4,276.22,19 / 20,3108309,2019-09-06 20:11:54:052,0.1361,-3.8235,9.7489,0.0156,0.0059,9.8066,-0.1226,-0.415,0.0665,-20.56,-35.81,3.63,268.65,-82.56,-179.44
52.410145,-1.4375,131.85,8.04,4,276.22,19 / 20,3108410,2019-09-06 20:11:54:153,-1.4383,-3.451,9.9831,-0.0279,0.0006,9.8066,0.0763,-0.421,0.038,-20.87,-35.37,4.44,268.89,-82.6,-179.62
52.410145,-1.4375,131.85,8.04,4,276.22,19 / 20,3108509,2019-09-06 20:11:54:252,-0.8744,-3.2611,10.1073,-0.0102,0.0032,9.8066,0.0061,-0.3806,0.0272,-20.56,-35.81,5.13,271,-82.59,-179.86
52.410145,-1.4375,131.85,8.04,4,276.22,19 / 20,3108610,2019-09-06 20:11:54:353,-0.5896,-3.1853,10.1659,-0.0039,0.0011,9.8066,0.0785,-0.4199,0.0467,-20.75,-35.75,5.69,273.12,-82.51,179.7
52.410145,-1.4375,131.85,8.04,4,276.22,19 / 20,3108710,2019-09-06 20:11:54:453,-0.4172,-4.3077,10.4943,0.0213,0.0013,9.8066,0.0759,-0.4478,0.0829,-21.19,-36.37,6.69,275.12,-82.14,179.65
52.410145,-1.4375,131.85,8.04,4,276.22,19 / 20,3108810,2019-09-06 20:11:54:553,-1.8095,-3.966,9.8431,0.0161,0.0003,9.8066,-0.0301,-0.425,0.0563,-21.06,-35.25,7.63,277.82,-82.07,179.44
52.410145,-1.4375,131.85,8.04,4,276.22,19 / 20,3108910,2019-09-06 20:11:54:653,-1.2443,-2.9839,9.8022,0.0064,-0.0006,9.8066,-0.0428,-0.4034,0.0479,-20.75,-35.62,8.13,277.22,-81.94,179.45
52.410145,-1.4375,131.85,8.04,4,276.22,19 / 20,3109010,2019-09-06 20:11:54:753,-1.6744,-3.7382,9.7027,0.0164,0.0004,9.8066,0.1433,-0.4553,0.0699,-21.37,-35.81,9.13,279.47,-81.81,179.29
52.410145,-1.4375,131.85,8.04,4,276.22,19 / 20,3109109,2019-09-06 20:11:54:852,-2.0497,-2.819,9.9851,-0.0157,0.0054,9.8066,0.0502,-0.406,0.0041,-22,-35.5,9.63,281.84,-81.73,179.41
52.410145,-1.4375,131.85,8.04,4,276.22,19 / 20,3109209,2019-09-06 20:11:54:952,-1.0771,-3.1519,9.8184,-0.0209,0.0059,9.8066,0.029,-0.426,0.0821,-21.37,-34.56,10.38,282,-81.76,178.95
52.410145,-1.4375,131.85,8.04,4,276.22,19 / 20,3109310,2019-09-06 20:11:55:053,-1.8067,-3.7384,9.7898,0.0158,-0.0086,9.8065,0.021,-0.3957,0.038,-21.62,-35.31,11.44,283.76,-81.53,179.21
52.410145,-1.4375,131.85,8.04,4,276.22,19 / 20,3109409,2019-09-06 20:11:55:152,-1.2151,-3.3525,10.309,-0.0106,0.0075,9.8066,-0.1213,-0.3895,0.053,-21.81,-34.31,11.69,286.21,-81.57,178.9
52.410145,-1.4375,131.85,8.04,4,276.22,19 / 20,3109510,2019-09-06 20:11:55:253,-2.3342,-2.7713,9.7003,0.0253,-0.0009,9.8066,-0.1366,-0.3734,0.0554,-22,-35.37,12.88,287.58,-81.45,178.49
52.410145,-1.4375,131.85,8.04,4,276.22,19 / 20,3109609,2019-09-06 20:11:55:352,-1.9401,-2.8442,9.4011,0.0358,-0.0104,9.8065,0.1025,-0.3976,0.0686,-21.56,-35.12,13.31,287.14,-81.4,178.16
52.410145,-1.4375,131.85,8.04,4,276.22,19 / 20,3109709,2019-09-06 20:11:55:452,-1.8955,-2.4669,9.4273,-0.0027,0.0016,9.8066,0.0294,-0.3966,0.0493,-21.19,-35.25,14.75,292.36,-81.32,178.07
52.410145,-1.4375,131.85,8.04,4,276.22,19 / 20,3109809,2019-09-06 20:11:55:552,-1.4884,-3.0423,9.6855,-0.0134,0.0064,9.8065,-0.0363,-0.4338,0.068,-21.94,-35.37,15.06,291.39,-81.31,178.1
52.410145,-1.4375,131.85,8.04,4,276.22,19 / 20,3109910,2019-09-06 20:11:55:653,-2.0564,-2.7122,10.1825,0.0036,0.0036,9.8066,-0.0431,-0.3987,0.0034,-21.37,-34.31,15.88,294.56,-81.31,177.8
52.410145,-1.4375,131.85,8.04,4,276.22,19 / 20,3110010,2019-09-06 20:11:55:753,-1.6965,-2.5236,10.2783,0.0045,0.0069,9.8066,-0.0334,-0.3472,0.0793,-21.25,-34.44,16.13,293.89,-81.36,177.12
52.410145,-1.4375,131.85,8.04,4,276.22,19 / 20,3110109,2019-09-06 20:11:55:852,-1.9556,-2.7712,9.6391,0.009,-0.0229,9.8066,0.0176,-0.354,0.0713,-20.69,-34.25,17.38,296.02,-81.3,177.23
52.410145,-1.4375,131.85,8.04,4,276.22,19 / 20,3110210,2019-09-06 20:11:55:953,-2.3039,-3.1115,9.1814,0.0176,-0.0117,9.8066,0.0266,-0.3893,0.0395,-21.12,-34.19,18.19,298.91,-81.02,178.37
52.410145,-1.4375,131.85,8.04,4,276.22,19 / 20,3110310,2019-09-06 20:11:56:053,-2.7616,-2.1804,9.438,-0.0161,0.0195,9.8066,0.0072,-0.3641,0.0058,-20.25,-34.81,18.94,300.94,-81.08,177.52
52.410538,-1.43736,131.3,8.4,4,109.26,19 / 20,3110409,2019-09-06 20:11:56:152,-2.3823,-2.5044,10.0971,-0.0208,0.0185,9.8066,-0.038,-0.3538,0.0436,-20.44,-34.56,19.25,300.46,-80.94,177.25
52.410538,-1.43736,131.3,8.4,4,109.26,19 / 20,3110510,2019-09-06 20:11:56:253,-1.9517,-2.7464,10.2797,0.0068,0.0084,9.8065,0.0777,-0.3763,0.0985,-20.12,-34.06,19.88,302.02,-81.09,176.49
52.410538,-1.43736,131.3,8.4,4,109.26,19 / 20,3110609,2019-09-06 20:11:56:352,-2.6414,-2.1569,9.3008,0.0156,-0.0021,9.8065,0.0838,-0.3627,-0.0246,-20.12,-34.31,20.81,302.99,-80.86,176
52.410538,-1.43736,131.3,8.4,4,109.26,19 / 20,3110709,2019-09-06 20:11:56:452,-2.5226,-2.3829,9.5258,0.0032,0.0127,9.8066,0.0144,-0.3962,0.0692,-19.62,-33.44,21.63,303.99,-80.64,175.31
52.410538,-1.43736,131.3,8.4,4,109.26,19 / 20,3110809,2019-09-06 20:11:56:552,-2.1577,-2.3081,9.4297,0.0021,0.0041,9.8066,-0.016,-0.3282,0.0536,-19.06,-33.69,21.88,304.49,-80.46,174.95
52.410538,-1.43736,131.3,8.4,4,109.26,19 / 20,3110910,2019-09-06 20:11:56:653,-2.8704,-2.6093,9.8872,0.0018,-0.0027,9.8066,-0.0867,-0.31,-0.0022,-18.69,-33.75,22.63,305.69,-80.53,174.47
52.410538,-1.43736,131.3,8.4,4,109.26,19 / 20,3111009,2019-09-06 20:11:56:752,-1.8834,-2.5269,10.1057,-0.0049,0.0051,9.8066,0.0073,-0.3652,0.0427,-18.31,-34.31,22.88,307.61,-80.59,174.77
52.410538,-1.43736,131.3,8.4,4,109.26,19 / 20,3111109,2019-09-06 20:11:56:852,-2.5172,-1.8049,9.5394,0.008,-0.0104,9.8066,0.0671,-0.3612,0.0943,-18,-33.87,23.88,309.19,-80.5,174.85
52.410538,-1.43736,131.3,8.4,4,109.26,19 / 20,3111210,2019-09-06 20:11:56:953,-3.7891,-1.9547,9.9441,-0.0177,0.0074,9.8065,0.0187,-0.3212,0.0466,-17.5,-33.69,24.38,312.06,-80.48,176
52.410538,-1.43736,131.3,8.4,4,109.26,19 / 20,3111310,2019-09-06 20:11:57:053,-2.5161,-1.9053,10.034,-0.0058,0.0037,9.8066,-0.0341,-0.3656,0.0148,-17.44,-32.94,25.31,313.77,-80.36,176.03
52.410538,-1.43736,131.3,8.4,4,109.26,19 / 20,3111410,2019-09-06 20:11:57:153,-3.1231,-2.8662,9.8057,0.0062,0.002,9.8066,0.0446,-0.3765,0.1235,-16.81,-33.37,25.44,313.27,-80.23,175.71
52.410538,-1.43736,131.3,8.4,4,109.26,19 / 20,3111510,2019-09-06 20:11:57:253,-3.0162,-1.4659,9.8028,-0.0045,-0.0019,9.8066,-0.0507,-0.3581,0.0393,-16.37,-32.5,26.13,316.59,-80.21,175.7
52.410538,-1.43736,131.3,8.4,4,109.26,19 / 20,3111610,2019-09-06 20:11:57:353,-2.1458,-2.7963,9.957,0.0082,0.0093,9.8066,0.0247,-0.3675,0.0643,-15.87,-33.19,26.13,315.85,-80.33,175.18
52.410538,-1.43736,131.3,8.4,4,109.26,19 / 20,3111710,2019-09-06 20:11:57:453,-1.463,-2.9871,9.3895,0.0143,0.0017,9.8066,-0.0784,-0.3993,0.0448,-15.62,-32.56,26.31,315.42,-80.33,174.81
52.410538,-1.43736,131.3,8.4,4,109.26,19 / 20,3111810,2019-09-06 20:11:57:553,-2.3418,-3.1536,9.5441,0.0073,-0.0018,9.8066,-0.0979,-0.3667,0.0688,-15,-32.87,27.56,318.55,-80.18,173.92
52.410538,-1.43736,131.3,8.4,4,109.26,19 / 20,3111910,2019-09-06 20:11:57:653,-2.6689,-2.7503,9.7069,0.0064,-0.004,9.8066,0.0756,-0.3719,0.06,-15.06,-33.12,27.75,318.25,-80.17,173.68
52.410538,-1.43736,131.3,8.4,4,109.26,19 / 20,3112010,2019-09-06 20:11:57:753,-2.3454,-2.8524,10.2485,-0.0005,0.0023,9.8066,0.062,-0.3632,0.0582,-14.12,-33.62,27.94,318.74,-80.09,172.86
52.410538,-1.43736,131.3,8.4,4,109.26,19 / 20,3112110,2019-09-06 20:11:57:853,-1.4129,-2.1969,10.2775,0.0089,0.0059,9.8066,-0.0139,-0.3318,0.0881,-13.69,-32.94,28.5,320.07,-80.12,172.79
52.410538,-1.43736,131.3,8.4,4,109.26,19 / 20,3112209,2019-09-06 20:11:57:952,-2.7628,-0.964,9.7817,0.0065,-0.0212,9.8066,0.0173,-0.2896,0.0487,-13.31,-33.31,28.81,321.52,-80.03,172.55
52.410538,-1.43736,131.3,8.4,4,109.26,19 / 20,3112309,2019-09-06 20:11:58:052,-3.7569,-1.9632,9.4902,-0.0023,0.0001,9.8066,-0.0028,-0.3338,-0.0082,-12.62,-32.37,28.88,321.91,-80,172.71
52.410538,-1.43736,131.3,8.4,4,109.26,19 / 20,3112410,2019-09-06 20:11:58:153,-2.3808,-1.7593,9.9528,0.0143,-0.0171,9.8065,-0.0479,-0.2488,0.0241,-11.87,-32.81,29.38,322.61,-79.93,171.96
52.410538,-1.43736,131.3,8.4,4,109.26,19 / 20,3112509,2019-09-06 20:11:58:252,-3.0102,-0.0705,9.5418,0.0202,-0.0201,9.8066,0.0212,-0.2772,-0.0046,-11.5,-32.56,29.81,324.9,-79.84,171.51
52.410538,-1.43736,131.3,8.4,4,109.26,19 / 20,3112609,2019-09-06 20:11:58:352,-2.0615,-0.967,9.2777,0.0002,0.0201,9.8066,-0.0075,-0.2727,0.0036,-11,-32.62,30.38,324.78,-79.75,171.47
52.410538,-1.43736,131.3,8.4,4,109.26,19 / 20,3112710,2019-09-06 20:11:58:453,-3.2835,-2.6295,9.4135,0.0023,0.017,9.8066,0.048,-0.3065,0.0289,-10.31,-32.69,30.69,326.38,-79.82,170.39
52.410538,-1.43736,131.3,8.4,4,109.26,19 / 20,3112810,2019-09-06 20:11:58:553,-3.5654,-1.6543,10.0146,0.0145,0.0103,9.8066,0.0659,-0.3628,0.0263,-9.87,-33.19,30.56,325.52,-79.77,169.7
52.410538,-1.43736,131.3,8.4,4,109.26,19 / 20,3112910,2019-09-06 20:11:58:653,-2.1201,-1.8134,9.963,0.0041,0.0094,9.8066,-0.0669,-0.3255,0.0567,-9.19,-32.56,30.19,326.03,-79.8,169.16
52.410538,-1.43736,131.3,8.4,4,109.26,19 / 20,3113010,2019-09-06 20:11:58:753,-3.7169,-0.7,9.4231,0.0118,-0.0121,9.8066,-0.1096,-0.348,0.0475,-8.81,-32.69,31,326.69,-79.7,169.1
52.410538,-1.43736,131.3,8.4,4,109.26,19 / 20,3113110,2019-09-06 20:11:58:853,-3.1549,-1.517,9.5936,0.0032,-0.0051,9.8066,0.0719,-0.3333,0.0825,-8.12,-32.25,29.94,327.93,-79.77,168.88
52.410538,-1.43736,131.3,8.4,4,109.26,19 / 20,3113209,2019-09-06 20:11:58:952,-2.5343,-1.4433,9.9582,-0.0068,0.03,9.8065,0.0296,-0.2441,0.0342,-8.12,-32.44,30.56,328.35,-79.8,168.58
52.410538,-1.43736,131.3,8.4,4,109.26,19 / 20,3113310,2019-09-06 20:11:59:053,-2.9636,-0.6314,9.7294,-0.0089,0.0294,9.8065,-0.0794,-0.2643,0.0172,-7.87,-32.25,30.63,327.69,-80.08,167.85
52.410538,-1.43736,131.3,8.4,4,109.26,19 / 20,3113409,2019-09-06 20:11:59:152,-3.3101,-1.121,9.5446,0.0043,-0.0148,9.8066,-0.0433,-0.2919,0.0077,-6.56,-32.06,30.25,328.59,-79.99,167.54
52.410538,-1.43736,131.3,8.4,4,109.26,19 / 20,3113509,2019-09-06 20:11:59:252,-2.068,-1.7506,10.0937,0.0159,-0.0147,9.8066,0.0276,-0.2795,0.0307,-6.75,-32.25,31.25,328.82,-79.96,167.17
52.410538,-1.43736,131.3,8.4,4,109.26,19 / 20,3113610,2019-09-06 20:11:59:353,-3.0731,-0.346,9.2729,0.0108,0.0069,9.8065,0.0347,-0.247,0.0227,-5.19,-32.12,30.63,331.77,-79.94,166.15
52.410538,-1.43736,131.3,8.4,4,109.26,19 / 20,3113709,2019-09-06 20:11:59:452,-2.4988,-1.0674,10.0318,0.0078,0.0005,9.8066,-0.0088,-0.2495,0.0021,-5.06,-32,31.13,331.12,-79.83,165.67
52.410538,-1.43736,131.3,8.4,4,109.26,19 / 20,3113810,2019-09-06 20:11:59:553,-1.916,-0.1151,9.9492,0.0034,0.0095,9.8066,0.0044,-0.1941,-0.0431,-4.62,-31.87,30.81,330.45,-79.73,165.16
52.410538,-1.43736,131.3,8.4,4,109.26,19 / 20,3113910,2019-09-06 20:11:59:653,-2.3868,-1.6658,9.8765,0.0098,-0.0176,9.8066,0.0037,-0.1495,0.0029,-4.25,-32.19,30.31,330.34,-79.71,163.72
52.410538,-1.43736,131.3,8.4,4,109.26,19 / 20,3114009,2019-09-06 20:11:59:752,-3.1305,-0.5031,10.0536,0.0147,-0.0208,9.8066,-0.0165,-0.2504,0.0925,-4.06,-32.62,30.19,329.79,-79.48,163.58
52.410538,-1.43736,131.3,8.4,4,109.26,19 / 20,3114110,2019-09-06 20:11:59:853,-1.403,0.3804,9.3707,0.0082,-0.0116,9.8065,-0.0096,-0.1948,0.0684,-3.81,-32.31,30.38,329.8,-79.42,163.44
52.410538,-1.43736,131.3,8.4,4,109.26,19 / 20,3114209,2019-09-06 20:11:59:952,-1.9086,-0.5276,9.986,-0.0114,-0.0005,9.8066,-0.0355,-0.1025,-0.0008,-3.69,-32.75,30.81,330.25,-79.4,163.58
52.410538,-1.43736,131.3,8.4,4,109.26,19 / 20,3114309,2019-09-06 20:12:00:052,-1.5503,-0.3702,9.4269,0.0024,-0.0128,9.8066,0.0632,-0.1377,-0.0006,-2.94,-32.5,31,332.84,-79.33,163.77
52.410538,-1.43736,131.3,8.4,4,109.26,19 / 20,3114409,2019-09-06 20:12:00:152,-2.5828,-0.7763,10.2261,-0.0042,0.0074,9.8066,0.0717,-0.187,0.0911,-3.25,-32.5,30.88,333.34,-79.32,164.18
52.410538,-1.43736,131.3,8.4,4,109.26,19 / 20,3114510,2019-09-06 20:12:00:253,-1.4268,-0.4136,10.0625,-0.0202,0.0192,9.8065,-0.0231,-0.1031,0.0201,-3.06,-32.56,30.75,334.15,-79.38,164.96
52.410538,-1.43736,131.3,8.4,4,109.26,19 / 20,3114610,2019-09-06 20:12:00:353,-0.9613,-0.576,9.65,0.0003,-0.0164,9.8066,-0.0091,-0.095,-0.0088,-2.87,-32.56,30.69,334.38,-79.22,165.23
52.410538,-1.43736,131.3,8.4,4,109.26,19 / 20,3114710,2019-09-06 20:12:00:453,-0.5605,-0.7113,9.715,-0.0001,-0.0069,9.8066,0.0021,-0.0942,0.028,-2.37,-32.56,31,336.87,-79.24,165.4
52.410538,-1.43736,131.3,8.4,4,109.26,19 / 20,3114810,2019-09-06 20:12:00:553,-1.1678,-0.5947,9.6581,-0.0056,-0.0021,9.8065,-0.0017,-0.0286,0.0299,-2.56,-32.25,30.75,335.15,-79.24,165.7
52.410538,-1.43736,131.3,8.4,4,109.26,19 / 20,3114910,2019-09-06 20:12:00:653,-0.8393,-0.0305,10.1706,-0.0086,-0.0102,9.8066,0.0427,0.0098,-0.0287,-3,-32.62,30.5,335.6,-79.26,166.2
52.410538,-1.43736,131.3,8.4,4,109.26,19 / 20,3115010,2019-09-06 20:12:00:753,-1.0467,-0.5673,10.0472,-0.0026,0.0057,9.8066,0.054,-0.0925,0.0751,-2.56,-32.25,30.81,336.21,-79.17,166.6
52.410538,-1.43736,131.3,8.4,4,109.26,19 / 20,3115109,2019-09-06 20:12:00:852,0.5296,-1.0026,9.6704,-0.0127,-0.011,9.8066,0.0305,0.0147,0.0209,-2.69,-32.12,30.94,337.48,-79.13,167.64
52.410538,-1.43736,131.3,8.4,4,109.26,19 / 20,3115209,2019-09-06 20:12:00:952,-1.1939,-0.7089,9.6842,-0.0267,0.0067,9.8065,0.02,-0.0365,0.0156,-3.5,-32.69,30.69,339.57,-79.17,169.43
52.410538,-1.43736,131.3,8.4,4,109.26,19 / 20,3115309,2019-09-06 20:12:01:052,-0.1698,-0.6321,10.2189,-0.0103,0.0266,9.8065,-0.0442,-0.0623,0.0921,-2.69,-32.87,30.75,340.51,-79.3,170.12
52.410538,-1.43736,131.3,8.4,4,109.26,18 / 20,3115409,2019-09-06 20:12:01:152,-0.0166,0.0286,10.0503,-0.0099,-0.0105,9.8066,-0.0077,0.0409,-0.0538,-2.75,-33.25,30.5,341.46,-79.41,170.84
52.410538,-1.43736,131.3,8.4,4,109.26,18 / 20,3115510,2019-09-06 20:12:01:253,0.9485,-0.2828,9.6564,0.0003,-0.0334,9.8066,0.0947,-0.0077,-0.0008,-3.19,-32.5,30.63,342.66,-79.21,171.76
52.410538,-1.43736,131.3,8.4,4,109.26,18 / 20,3115610,2019-09-06 20:12:01:353,-1.1563,-0.6718,10.8697,-0.0064,0.0326,9.8065,0.1633,0.0127,0.069,-2.75,-32.94,30.69,344.33,-79.26,173.18
52.410538,-1.43736,131.3,8.4,4,109.26,18 / 20,3115710,2019-09-06 20:12:01:453,-1.9829,-3.0727,10.0017,-0.0364,0.1064,9.8059,-0.6055,0.1419,-0.2245,-3.31,-32.69,30.56,344.95,-79.46,173.61
52.410538,-1.43736,131.3,8.4,4,109.26,18 / 20,3115810,2019-09-06 20:12:01:553,-1.326,1.7968,9.4897,0.0282,-0.0991,9.8061,-0.1892,-0.0422,0.2229,-3.31,-32.81,30.75,345.31,-78.87,174.08
52.410538,-1.43736,131.3,8.4,4,109.26,18 / 20,3115910,2019-09-06 20:12:01:653,-3.9085,-0.7971,9.6646,-0.0235,-0.0298,9.8065,-0.1711,0.2061,-0.3809,-3.19,-32.94,30.44,346.74,-79.14,175.39
52.410538,-1.43736,131.3,8.4,4,109.26,18 / 20,3116010,2019-09-06 20:12:01:753,-1.1957,-0.5582,9.2256,0.0567,-0.0248,9.8064,-0.1658,-0.1386,0.1435,-3.37,-32.87,30.81,347.19,-79.27,175.44
52.410538,-1.43736,131.3,8.4,4,109.26,18 / 20,3116110,2019-09-06 20:12:01:853,-0.56,-0.6494,9.8921,0.0069,0.0405,9.8065,0.2054,0.0019,-0.045,-3,-32.87,30.38,343.29,-78.98,172.75
52.410538,-1.43736,131.3,8.4,4,109.26,18 / 20,3116209,2019-09-06 20:12:01:952,-1.0319,0.6381,10.5183,0.0083,0.024,9.8066,0.153,-0.0091,-0.0761,-2.37,-32.69,30.63,344.31,-79.13,171.38
52.410538,-1.43736,131.3,8.4,4,109.26,18 / 20,3116309,2019-09-06 20:12:02:052,0.7508,-0.6242,10.7996,0.0183,-0.0263,9.8065,0.0992,0.1148,-0.0178,-2.81,-33.12,31,340.89,-78.72,170.66
52.410538,-1.43736,131.3,8.4,4,109.26,19 / 20,3116410,2019-09-06 20:12:02:153,-0.3729,-0.4699,9.448,-0.0103,-0.0261,9.8065,-0.058,-0.0171,0.055,-3.37,-32.37,31.25,340.8,-78.25,170.65
52.410538,-1.43736,131.3,8.4,4,109.26,19 / 20,3116509,2019-09-06 20:12:02:252,-0.1459,-0.317,9.3972,-0.0172,0.0219,9.8065,-0.0386,-0.0351,-0.0116,-2.81,-32.87,30.75,341.98,-78.25,171.7
52.410538,-1.43736,131.3,8.4,4,109.26,19 / 20,3116610,2019-09-06 20:12:02:353,-0.3856,1.387,9.0815,-0.0074,0.0246,9.8066,-0.0431,0.0361,0.0161,-3.25,-32.69,30.5,342.66,-78.42,172.17
52.410538,-1.43736,131.3,8.4,4,109.26,19 / 20,3116710,2019-09-06 20:12:02:453,0.1189,0.5849,9.4966,-0.0097,0.0112,9.8066,0.1093,0,0.0174,-3.44,-33.12,30.38,342.55,-78.57,172.33
52.410538,-1.43736,131.3,8.4,4,109.26,19 / 20,3116809,2019-09-06 20:12:02:552,0.3324,-1.8404,10.1776,-0.0088,0.026,9.8065,0.1978,-0.0207,-0.0196,-3.25,-32.75,30.56,343.59,-78.6,172.82
52.410538,-1.43736,131.3,8.4,4,109.26,19 / 20,3116910,2019-09-06 20:12:02:653,0.49,-0.8392,9.8814,-0.0056,0.0142,9.8066,-0.0125,0.0237,0.0433,-2.56,-33,30.06,343.67,-78.47,173.23
52.410538,-1.43736,131.3,8.4,4,109.26,19 / 20,3117010,2019-09-06 20:12:02:753,0.0365,-1.1034,9.5718,-0.008,-0.0166,9.8065,-0.0897,0.0075,0.0021,-2.94,-32.56,31.06,344.66,-78.32,173.75
52.410538,-1.43736,131.3,8.4,4,109.26,19 / 20,3117109,2019-09-06 20:12:02:852,-0.436,-0.7397,9.5319,-0.0102,-0.0141,9.8065,-0.0548,0.0745,0.0297,-3.06,-32.87,30.69,345.62,-78.42,174.46
52.410538,-1.43736,131.3,8.4,4,109.26,19 / 20,3117210,2019-09-06 20:12:02:953,0.6384,0.2496,9.9856,-0.0162,0.0176,9.8066,0.0052,0.0023,0.063,-2.94,-32.81,30.13,345.74,-78.51,174.81
52.410538,-1.43736,131.3,8.4,4,109.26,19 / 20,3117310,2019-09-06 20:12:03:053,0.2411,-0.5354,8.9338,-0.011,0.0229,9.8066,-0.1062,0.0591,-0.0363,-3.06,-33.44,30.69,347.39,-78.66,175.77
52.410538,-1.43736,131.3,8.4,4,109.26,18 / 20,3117410,2019-09-06 20:12:03:153,-0.6137,0.0214,10.0327,-0.0047,0.0297,9.8065,-0.0081,-0.0219,0.0668,-3.12,-33.44,30.44,348.14,-78.76,176.59
52.410538,-1.43736,131.3,8.4,4,109.26,18 / 20,3117509,2019-09-06 20:12:03:252,0.1211,0.8047,10.0944,-0.0092,0.0057,9.8065,0.092,-0.0423,0.0448,-3.25,-32.87,30.44,348.86,-78.71,177.16
52.410538,-1.43736,131.3,8.4,4,109.26,18 / 20,3117610,2019-09-06 20:12:03:353,-0.0407,-0.6286,10.75,-0.0052,-0.017,9.8066,0.0868,-0.0223,0.0386,-3.37,-32.81,31.06,349.92,-78.47,177.78
52.410538,-1.43736,131.3,8.4,4,109.26,18 / 20,3117711,2019-09-06 20:12:03:454,-0.6664,0.0727,11.2625,-0.0065,-0.0243,9.8066,0.019,0.0368,-0.0535,-4.19,-33.19,31.5,349.47,-78.16,179.02
52.410538,-1.43736,131.3,8.4,4,109.26,18 / 20,3117810,2019-09-06 20:12:03:553,0.5827,0.1953,10.5688,0.0004,-0.0151,9.8066,0.017,0.0781,0.0018,-3.37,-32.94,31.38,351.84,-77.85,179.36
52.410538,-1.43736,131.3,8.4,4,109.26,18 / 20,3117909,2019-09-06 20:12:03:652,0.8309,-0.472,10.6944,-0.0051,-0.0165,9.8065,0.0257,-0.0081,0.0502,-3.31,-32.31,31.69,352.61,-77.65,179.7
52.410538,-1.43736,131.3,8.4,4,109.26,18 / 20,3118009,2019-09-06 20:12:03:752,-0.1965,0.3364,9.6783,-0.0001,-0.0216,9.8066,-0.0802,-0.0761,-0.0883,-3.06,-32.56,32.31,353.49,-77.56,-179.57
52.410538,-1.43736,131.3,8.4,4,109.26,18 / 20,3118110,2019-09-06 20:12:03:853,0.7304,-0.2856,10.4603,0.0046,0.0035,9.8066,0.0467,-0.0238,0.005,-3.31,-31.94,31.5,353.47,-77.39,-179.6
52.410538,-1.43736,131.3,8.4,4,109.26,18 / 20,3118210,2019-09-06 20:12:03:953,2.0922,0.3128,9.7248,0.0098,-0.0029,9.8066,0.1867,0.1607,-0.0429,-3.37,-32.5,31.19,352.63,-77.38,179.98
52.410538,-1.43736,131.3,8.4,4,109.26,18 / 20,3118310,2019-09-06 20:12:04:053,-1.2204,-0.3485,9.8737,-0.0061,0.016,9.8066,-0.158,0.1309,-0.0591,-3.44,-32.12,31.88,352.51,-77.27,179.69
52.410538,-1.43736,131.3,8.4,4,109.26,18 / 19,3118409,2019-09-06 20:12:04:152,2.1339,-0.9966,10.1091,0.0053,-0.0221,9.8065,-0.1174,-0.0489,0.0075,-3.56,-32,31.63,350.28,-77.27,179.76
52.410538,-1.43736,131.3,8.4,4,109.26,18 / 19,3118510,2019-09-06 20:12:04:253,1.2249,0.9722,9.3315,0.0003,-0.0157,9.8066,0.0374,0.0001,0.0472,-3.62,-31.75,31.31,350.49,-77.41,-179.82
52.410538,-1.43736,131.3,8.4,4,109.26,18 / 19,3118609,2019-09-06 20:12:04:352,0.4383,-0.4352,9.4229,-0.0194,0.0266,9.8066,0.054,0.0349,0.058,-4.19,-32.12,31.5,351.75,-77.46,-179.16
52.410538,-1.43736,131.3,8.4,4,109.26,18 / 19,3118710,2019-09-06 20:12:04:453,-0.2441,0.0029,9.9118,-0.0214,-0.0161,9.8065,-0.0005,0.0475,-0.0358,-3.94,-31.87,31.31,353.32,-77.52,-177.69
52.410538,-1.43736,131.3,8.4,4,109.26,18 / 19,3118810,2019-09-06 20:12:04:553,0.0711,-0.5446,10.4244,-0.0056,-0.0089,9.8066,0.0002,-0.0299,0.021,-4.37,-31.69,31.63,355.14,-77.39,-176.57
52.410538,-1.43736,131.3,8.4,4,109.26,18 / 19,3118910,2019-09-06 20:12:04:653,1.6704,0.5089,10.0093,-0.009,-0.0013,9.8066,0.0049,-0.073,0.0578,-4.31,-31.06,31.25,355.44,-77.33,-176.11
52.410538,-1.43736,131.3,8.4,4,109.26,18 / 19,3119010,2019-09-06 20:12:04:753,0.9246,-0.7448,10.8466,0.0046,-0.0126,9.8066,0.0513,0.0691,-0.0826,-4.12,-31.5,30.88,355.27,-77.26,-176.23
52.410538,-1.43736,131.3,8.4,4,109.26,18 / 19,3119110,2019-09-06 20:12:04:853,1.4227,0.3245,10.3158,0.0119,0.004,9.8066,-0.0272,0.0701,-0.0626,-4.56,-31.56,31,352.12,-77.22,-176.75
52.410538,-1.43736,131.3,8.4,4,109.26,18 / 19,3119210,2019-09-06 20:12:04:953,0.0544,-0.2416,9.8354,-0.0076,-0.016,9.8065,0.0655,-0.0256,0.0418,-5,-31.81,31.5,352.69,-77.06,-176.63
52.410538,-1.43736,131.3,8.4,4,109.26,18 / 19,3119310,2019-09-06 20:12:05:053,1.4552,0.5566,10.0123,-0.0243,0.0052,9.8066,-0.1485,0.0811,0.0295,-5.12,-31.81,30.06,353.41,-76.94,-175.39
52.409714,-1.437116,131.44,15.15,3,178.67,18 / 19,3119409,2019-09-06 20:12:05:152,-0.7161,0.2119,10.756,-0.0148,-0.0248,9.8066,0.0313,0.1665,-0.0761,-5.56,-31.12,30,351.97,-77.23,-174.73
52.409714,-1.437116,131.44,15.15,3,178.67,18 / 19,3119510,2019-09-06 20:12:05:253,1.143,0.6842,9.8812,0.0042,0.0051,9.8066,0.0842,-0.0204,0.0319,-5.56,-32.81,29.56,352.63,-77.06,-174.1
52.409714,-1.437116,131.44,15.15,3,178.67,18 / 19,3119609,2019-09-06 20:12:05:352,1.1693,-0.2245,10.0561,-0.004,0.0046,9.8066,0.0061,0.0968,-0.0404,-4.62,-32.87,30.44,355.07,-76.97,-174.13
52.409714,-1.437116,131.44,15.15,3,178.67,18 / 19,3119709,2019-09-06 20:12:05:452,1.1992,0.4127,10.0679,-0.0012,0.0206,9.8065,-0.0127,0.0004,0.0319,-4.69,-33.06,31.31,355.4,-77.01,-174.23
52.409714,-1.437116,131.44,15.15,3,178.67,18 / 19,3119809,2019-09-06 20:12:05:552,1.4122,0.4061,9.7528,-0.0036,-0.0008,9.8065,-0.0481,0.1201,-0.0495,-4.94,-33.75,31.81,356.17,-77.04,-173.95
52.409714,-1.437116,131.44,15.15,3,178.67,18 / 19,3119910,2019-09-06 20:12:05:653,0.3533,-0.4848,9.5962,-0.0075,0.0093,9.8066,-0.1752,0.1141,-0.0411,-4.56,-32.81,31.94,356.62,-77.2,-173.65
52.409714,-1.437116,131.44,15.15,3,178.67,18 / 19,3120010,2019-09-06 20:12:05:753,0.2525,1.1869,9.6905,-0.0038,-0.0221,9.8066,-0.0909,0.0035,0.1326,-4.62,-32.06,31.5,357.85,-77.05,-172.74
52.409714,-1.437116,131.44,15.15,3,178.67,18 / 19,3120109,2019-09-06 20:12:05:852,-0.2251,-0.8913,9.7851,-0.0182,-0.0503,9.8065,-0.0121,0.1179,-0.0766,-4.62,-31.44,31.5,359.03,-76.85,-171.85
52.409714,-1.437116,131.44,15.15,3,178.67,18 / 19,3120209,2019-09-06 20:12:05:952,0.1648,0.2294,10.4354,-0.0061,0.0077,9.8066,0.0706,0.0116,0.0999,-5.06,-31.25,31.56,359.8,-76.78,-171.27
52.409714,-1.437116,131.44,15.15,3,178.67,18 / 19,3120310,2019-09-06 20:12:06:053,0.3908,-0.526,9.888,0.0013,-0.0032,9.8066,0.0338,0.0906,-0.0822,-5.75,-31.56,31.25,357.65,-76.77,-170.79
52.409714,-1.437116,131.44,15.15,3,178.67,18 / 19,3120410,2019-09-06 20:12:06:153,0.6687,-0.4222,9.6161,0.0058,0.0209,9.8065,0.1129,0.0231,0.0614,-5.19,-31.94,31.25,359.79,-76.8,-170.99
52.409714,-1.437116,131.44,15.15,3,178.67,18 / 19,3120509,2019-09-06 20:12:06:252,0.2206,0.108,9.1906,-0.0128,0.0039,9.8066,-0.0721,0.1105,-0.0151,-5.69,-31.37,31.75,358.16,-76.94,-170.78
52.409714,-1.437116,131.44,15.15,3,178.67,18 / 19,3120610,2019-09-06 20:12:06:353,1.6735,0.4236,9.4293,-0.0099,-0.0037,9.8066,-0.09,-0.0147,0.0276,-5.94,-32,31.81,358.76,-76.97,-170.31
52.409714,-1.437116,131.44,15.15,3,178.67,18 / 19,3120709,2019-09-06 20:12:06:452,0.2426,-0.0553,9.9463,0.0014,-0.0135,9.8065,0.0684,0.0369,0.0292,-6.62,-32.06,30.94,356.53,-76.98,-169.87
52.409714,-1.437116,131.44,15.15,3,178.67,18 / 19,3120809,2019-09-06 20:12:06:552,0.6572,-0.0261,9.5449,-0.0055,0.0057,9.8066,0.0347,0.0337,0.0313,-5.81,-31.75,31.31,358.93,-76.99,-169.84
52.409714,-1.437116,131.44,15.15,3,178.67,18 / 19,3120909,2019-09-06 20:12:06:652,1.0464,0.6876,10.4828,-0.0092,-0.0204,9.8066,0.0099,0.059,0.0078,-6.31,-31.69,31.31,359.57,-76.86,-169.37
52.409714,-1.437116,131.44,15.15,3,178.67,18 / 19,3121012,2019-09-06 20:12:06:755,-0.119,-0.4015,9.695,-0.0104,-0.0012,9.8066,0.106,-0.0294,0.0638,-6.44,-32.25,31.38,359.89,-76.88,-169.13
52.409714,-1.437116,131.44,15.15,3,178.67,18 / 19,3121109,2019-09-06 20:12:06:852,0.3859,-0.5768,9.9938,-0.0158,0.001,9.8066,-0.1305,0.0049,-0.0048,-6.31,-31.62,30.88,1.34,-76.83,-168.05
52.409714,-1.437116,131.44,15.15,3,178.67,18 / 19,3121210,2019-09-06 20:12:06:953,1.0158,-0.2257,9.3545,0.0071,0.0035,9.8066,0.0442,0.0302,0.0412,-6.19,-31.69,31.25,1.16,-76.93,-168.18
52.409714,-1.437116,131.44,15.15,3,178.67,18 / 19,3121310,2019-09-06 20:12:07:053,0.6825,-0.2414,9.5669,-0.0027,-0.0245,9.8066,0.0369,0.0218,-0.0301,-6.5,-31.56,31.56,1.97,-76.92,-167.9
52.409714,-1.437116,131.44,15.15,3,178.67,19 / 20,3121410,2019-09-06 20:12:07:153,0.0405,0.8869,10.4099,0.0018,0.0389,9.8065,0.1736,0.025,0.0467,-6.25,-32,30.63,1.46,-76.8,-167.96
52.409714,-1.437116,131.44,15.15,3,178.67,19 / 20,3121509,2019-09-06 20:12:07:252,0.9624,-0.7844,10.7344,-0.0031,0.0003,9.8066,-0.0053,0.0013,-0.0727,-6.81,-31.75,31.75,359.13,-76.68,-168.31
52.409714,-1.437116,131.44,15.15,3,178.67,19 / 20,3121610,2019-09-06 20:12:07:353,-0.3887,-0.027,10.1333,0.0127,-0.0061,9.8066,-0.0018,0.0264,0.0115,-6.87,-31.62,32.06,358.32,-76.38,-168.91
52.409714,-1.437116,131.44,15.15,3,178.67,19 / 20,3121709,2019-09-06 20:12:07:452,0.2036,0.144,9.6211,0.0013,0.0038,9.8066,-0.032,-0.015,-0.058,-6.62,-32.5,31.94,357.92,-76.51,-169.21
52.409714,-1.437116,131.44,15.15,3,178.67,19 / 20,3121809,2019-09-06 20:12:07:552,0.7325,0.5282,9.1712,0.0049,0.0008,9.8066,-0.0666,0.0116,-0.0213,-6.94,-31.94,31.63,357.91,-76.65,-169.22
52.409714,-1.437116,131.44,15.15,3,178.67,19 / 20,3121910,2019-09-06 20:12:07:653,0.8255,0.6825,9.2028,0.0015,-0.0103,9.8066,0.058,0.0379,0.0816,-6.31,-31.94,31.69,0.21,-76.71,-169.22
52.409714,-1.437116,131.44,15.15,3,178.67,19 / 20,3122010,2019-09-06 20:12:07:753,1.0026,0.8498,9.2737,-0.0172,0.0009,9.8066,-0.0918,-0.0305,-0.0514,-6.62,-32.19,31.81,358.48,-76.81,-168.8
52.409714,-1.437116,131.44,15.15,3,178.67,19 / 20,3122110,2019-09-06 20:12:07:853,0.0235,-0.8107,9.7715,-0.0013,0.0074,9.8066,0.0454,0.0537,0.0672,-7,-31.37,32,359.66,-76.84,-167.92
52.409714,-1.437116,131.44,15.15,3,178.67,19 / 20,3122209,2019-09-06 20:12:07:952,0.6333,-0.3804,9.8045,-0.0074,-0.0003,9.8066,0.0951,0.0241,0.0879,-7.12,-31.19,32.25,359.74,-76.87,-167.85
52.409714,-1.437116,131.44,15.15,3,178.67,19 / 20,3122310,2019-09-06 20:12:08:053,0.7237,-0.3875,10.0039,-0.0072,-0.0052,9.8065,-0.1055,-0.0003,-0.0873,-6.62,-31.56,32.06,0.44,-76.81,-167.33
52.409714,-1.437116,131.44,15.15,3,178.67,19 / 20,3122410,2019-09-06 20:12:08:153,0.0753,1.2271,10.9419,0.0134,-0.0391,9.8065,-0.1854,0.0082,0.0143,-6.37,-31.81,32.25,2.17,-76.58,-167.77
52.409714,-1.437116,131.44,15.15,3,178.67,19 / 20,3122509,2019-09-06 20:12:08:252,0.8734,0.4821,10.1667,0.0125,-0.0159,9.8065,0.0712,0.0108,0.0443,-5.75,-31.31,32.44,1.65,-76.65,-168.14
52.409714,-1.437116,131.44,15.15,3,178.67,19 / 20,3122609,2019-09-06 20:12:08:352,0.9719,-0.0229,9.4422,-0.0056,-0.0048,9.8065,-0.0871,-0.0064,-0.0561,-6.19,-31.87,31.56,1.62,-76.6,-168.17
52.409714,-1.437116,131.44,15.15,3,178.67,19 / 20,3122710,2019-09-06 20:12:08:453,0.5232,0.0427,9.0504,0.0005,0.0065,9.8066,-0.039,0.0045,0.0435,-5.94,-31.5,30.75,1.64,-76.69,-167.82
52.409714,-1.437116,131.44,15.15,3,178.67,19 / 20,3122810,2019-09-06 20:12:08:553,-0.0247,0.3282,9.4318,-0.0044,0.0104,9.8066,-0.0311,0.0596,0.0699,-6.44,-32.12,31.44,1.82,-76.88,-167.69
52.409714,-1.437116,131.44,15.15,3,178.67,19 / 20,3122909,2019-09-06 20:12:08:652,0.2519,0.2356,10.0814,-0.0032,-0.0075,9.8066,0.1079,-0.0036,-0.0845,-6.44,-31.81,30.88,1.9,-76.85,-167.63
52.409714,-1.437116,131.44,15.15,3,178.67,19 / 20,3123009,2019-09-06 20:12:08:752,1.482,-1.0045,10.3903,0.0089,-0.0241,9.8066,0.1421,0.0299,-0.0273,-6.69,-31.44,30.88,358.93,-76.49,-168.08
52.409714,-1.437116,131.44,15.15,3,178.67,19 / 20,3123109,2019-09-06 20:12:08:852,0.9306,0.4966,10.2039,0.0039,-0.0177,9.8065,-0.0665,0.0357,0.1026,-7.94,-31.62,30.94,356.54,-76.41,-168.08
52.409714,-1.437116,131.44,15.15,3,178.67,19 / 20,3123209,2019-09-06 20:12:08:952,0.1491,0.6148,9.5452,-0.0042,0.0056,9.8066,-0.0775,0.0087,0.0263,-8,-32,31,356.95,-76.44,-167.78
52.409714,-1.437116,131.44,15.15,3,178.67,19 / 20,3123309,2019-09-06 20:12:09:052,0.7159,-0.136,10.327,0.0095,-0.0106,9.8066,0.0662,0.0176,-0.1216,-7.69,-32,31.38,356.7,-76.44,-167.96
52.409714,-1.437116,131.44,15.15,3,178.67,18 / 20,3123410,2019-09-06 20:12:09:153,0.7411,-0.1779,9.8601,0.0221,-0.018,9.8065,0.0174,-0.0085,-0.0083,-7.81,-32.12,32.25,355.57,-76.29,-169.25
52.409714,-1.437116,131.44,15.15,3,178.67,18 / 20,3123510,2019-09-06 20:12:09:253,0.3596,-0.0951,9.5505,0.0114,-0.026,9.8066,-0.0272,0.05,-0.0118,-7.69,-31.94,32.06,355.11,-76.19,-169.58
52.409714,-1.437116,131.44,15.15,3,178.67,18 / 20,3123609,2019-09-06 20:12:09:352,0.3771,0.9641,9.4126,-0.0081,0.0335,9.8066,-0.1175,0.0371,0.0713,-7.62,-31.62,31.63,355.5,-76.45,-169.31
52.409714,-1.437116,131.44,15.15,3,178.67,18 / 20,3123710,2019-09-06 20:12:09:453,-0.0541,0.8723,9.8249,-0.0081,0.0083,9.8065,0.0877,-0.0184,-0.0478,-7.69,-32,31.69,355.63,-76.61,-169.23
52.409714,-1.437116,131.44,15.15,3,178.67,18 / 20,3123810,2019-09-06 20:12:09:553,0.8113,-0.1684,10.396,0.0125,-0.0292,9.8065,-0.0175,0.0692,-0.104,-7.37,-31.94,32.13,357.79,-76.66,-169.32
52.409714,-1.437116,131.44,15.15,3,178.67,18 / 20,3123910,2019-09-06 20:12:09:653,1.2516,0.8068,9.8539,-0.0126,0.0044,9.8066,0.0336,-0.0143,0.0974,-7.31,-31.56,31.81,356.79,-76.39,-170.04
52.409714,-1.437116,131.44,15.15,3,178.67,18 / 20,3124009,2019-09-06 20:12:09:752,0.3048,-0.1171,10.3446,-0.0154,0.0066,9.8066,-0.0372,-0.0036,0.0237,-7.62,-31.94,31.56,355.87,-76.33,-169.03
52.409714,-1.437116,131.44,15.15,3,178.67,18 / 20,3124109,2019-09-06 20:12:09:852,0.9935,0.9342,10.4655,-0.0041,0.0071,9.8066,0.1348,0.0117,0.0949,-7.37,-31.87,31.44,357.95,-76.32,-168.78
52.409714,-1.437116,131.44,15.15,3,178.67,18 / 20,3124210,2019-09-06 20:12:09:953,0.5184,-0.165,9.2628,-0.0067,0.0113,9.8065,0.0553,-0.0243,-0.0129,-7.56,-31.69,31.5,356.31,-76.34,-168.71
52.409714,-1.437116,131.44,15.15,3,178.67,18 / 20,3124310,2019-09-06 20:12:10:053,0.5937,0.003,9.4331,-0.0103,0.0001,9.8066,0.0214,-0.0341,-0.0282,-8.19,-31.87,31.75,356.69,-76.22,-168.42
52.409714,-1.437116,131.44,15.15,3,178.67,18 / 19,3124410,2019-09-06 20:12:10:153,0.3442,0.2781,9.7868,-0.0063,0.0221,9.8066,0.1164,0.0148,0.0267,-7.94,-31.62,31.88,356.49,-76.25,-168.56
52.409714,-1.437116,131.44,15.15,3,178.67,18 / 19,3124509,2019-09-06 20:12:10:252,0.7314,-0.3844,10.2604,-0.0047,0.0162,9.8066,-0.0227,0.0138,-0.0486,-8.19,-31.94,31.44,356.08,-76.4,-168.42
52.409714,-1.437116,131.44,15.15,3,178.67,18 / 19,3124609,2019-09-06 20:12:10:352,0.6248,0.5121,10.0677,0.0089,-0.0019,9.8066,0.0457,0.0541,-0.0038,-7.44,-32.12,31.81,358.09,-76.3,-169.08
52.409714,-1.437116,131.44,15.15,3,178.67,18 / 19,3124710,2019-09-06 20:12:10:453,0.2889,-0.1156,10.2059,0.0049,-0.008,9.8066,0.024,0.0005,0.0162,-8,-31.81,31.38,354.82,-76.29,-169.34
52.409714,-1.437116,131.44,15.15,3,178.67,18 / 19,3124810,2019-09-06 20:12:10:553,0.4057,1.0802,9.9963,0.0015,-0.0041,9.8066,-0.0392,0.0056,-0.0077,-8.31,-32,31.88,355.6,-76.21,-169.22
52.409714,-1.437116,131.44,15.15,3,178.67,18 / 19,3124910,2019-09-06 20:12:10:653,1.0566,0.3589,10.3809,-0.0016,-0.0125,9.8066,-0.0156,0.0182,0.0657,-8.25,-32.12,31.63,355.88,-76.2,-169.01
52.409714,-1.437116,131.44,15.15,3,178.67,18 / 19,3125009,2019-09-06 20:12:10:752,0.5922,0.8049,10.17,-0.0062,-0.0166,9.8066,-0.0356,-0.002,0.0199,-7.94,-31.81,31.94,355.87,-76.19,-169.02
52.409714,-1.437116,131.44,15.15,3,178.67,18 / 19,3125109,2019-09-06 20:12:10:852,-0.0893,0.1562,9.9,-0.0124,-0.0051,9.8066,-0.032,0.0028,-0.0213,-8.44,-31.69,31.63,356.88,-76.06,-168.26
52.409714,-1.437116,131.44,15.15,3,178.67,18 / 19,3125210,2019-09-06 20:12:10:953,0.5982,-0.0584,9.2423,0.0027,-0.0104,9.8066,-0.1188,0.0761,0.0147,-8.12,-31.56,31.75,357.06,-76.04,-168.13
52.409714,-1.437116,131.44,15.15,3,178.67,18 / 19,3125310,2019-09-06 20:12:11:053,0.0158,-0.0323,9.1295,0.0118,-0.0304,9.8065,0.0605,-0.0004,-0.0269,-8.62,-32,32.31,354.61,-76.1,-168.28
52.409714,-1.437116,131.44,15.15,3,178.67,18 / 20,3125409,2019-09-06 20:12:11:152,0.4542,1.1766,10.6166,-0.0105,0.0288,9.8065,-0.0513,0.0064,-0.0555,-8.75,-31.62,32,354.78,-76.08,-168.15
52.409714,-1.437116,131.44,15.15,3,178.67,18 / 20,3125510,2019-09-06 20:12:11:253,0.3577,0.6431,10.302,0.0025,-0.0253,9.8065,0.0693,0.0405,0.0307,-8.69,-31.62,32,354.69,-76.19,-168.23
52.409714,-1.437116,131.44,15.15,3,178.67,18 / 20,3125609,2019-09-06 20:12:11:352,0.3178,0.896,10.4361,-0.0025,0.0082,9.8066,0.1315,-0.0222,0.0063,-8.87,-31.75,32,354.87,-76.12,-168.09
52.409714,-1.437116,131.44,15.15,3,178.67,18 / 20,3125710,2019-09-06 20:12:11:453,0.6474,-0.1074,9.8922,0.0123,-0.0131,9.8065,-0.1179,-0.0125,-0.0667,-8.25,-32,31.63,357.23,-76.19,-168.01
52.409714,-1.437116,131.44,15.15,3,178.67,18 / 20,3125809,2019-09-06 20:12:11:552,0.4812,0.3352,10.0232,0.0187,-0.0144,9.8065,-0.0505,0.04,0.0022,-8.62,-32.12,31.81,353.9,-76.2,-168.82
52.409714,-1.437116,131.44,15.15,3,178.67,18 / 20,3125909,2019-09-06 20:12:11:652,0.95,-0.5784,9.7196,0.004,0.002,9.8066,0.0099,0.0372,-0.005,-8.44,-31.81,31.56,355.89,-76.36,-169.02
52.409714,-1.437116,131.44,15.15,3,178.67,18 / 20,3126010,2019-09-06 20:12:11:753,0.5377,-0.0915,9.0734,0.0105,-0.0138,9.8065,-0.0668,-0.0088,-0.0375,-8.25,-31.87,31.69,355.54,-76.38,-169.28
52.409714,-1.437116,131.44,15.15,3,178.67,18 / 20,3126109,2019-09-06 20:12:11:852,1.4237,1.0326,9.7364,0.0214,-0.0384,9.8065,0.1105,-0.0597,0.008,-8.69,-31.69,31.56,352.51,-76.27,-169.86
52.409714,-1.437116,131.44,15.15,3,178.67,18 / 20,3126209,2019-09-06 20:12:11:952,0.911,0.5133,9.2157,-0.0039,0.0252,9.8065,0.024,0.0356,-0.0016,-8.62,-31.37,31.94,352.37,-76.4,-170.04
52.409714,-1.437116,131.44,15.15,3,178.67,18 / 20,3126310,2019-09-06 20:12:12:053,0.5119,0.9989,9.9149,-0.0154,0.0252,9.8065,0.1351,0.0523,-0.0069,-8.69,-31.56,31.63,352.05,-76.2,-170.19
52.409714,-1.437116,131.44,15.15,3,178.67,18 / 20,3126409,2019-09-06 20:12:12:152,0.5115,-0.0461,10.0772,-0.012,0.0329,9.8065,0.1434,-0.0203,-0.0039,-8.5,-32.12,32.44,354.75,-76.36,-169.87
52.409714,-1.437116,131.44,15.15,3,178.67,18 / 20,3126510,2019-09-06 20:12:12:253,0.8469,-0.3056,9.9753,0.0105,-0.0351,9.8065,-0.0752,0.0098,-0.0478,-8.69,-31.62,31.94,352.84,-76.42,-169.64
52.409714,-1.437116,131.44,15.15,3,178.67,18 / 20,3126610,2019-09-06 20:12:12:353,0.1478,0.8441,9.7594,0.0081,-0.0185,9.8066,0.0014,0.0294,-0.0158,-8.81,-31.69,31.88,352.7,-76.38,-169.74
52.409714,-1.437116,131.44,15.15,3,178.67,18 / 20,3126709,2019-09-06 20:12:12:452,1.0335,0.5817,10.1711,0.0099,0.0029,9.8066,-0.0796,0.0295,0.049,-8.87,-31.81,31.56,352.14,-76.36,-170.15
52.409714,-1.437116,131.44,15.15,3,178.67,18 / 20,3126810,2019-09-06 20:12:12:553,1.1001,0.1528,9.6884,0.0151,-0.0522,9.8065,-0.2592,0.0721,-0.0457,-8.75,-32,31.63,351.78,-76.17,-170.39
52.409714,-1.437116,131.44,15.15,3,178.67,18 / 20,3126910,2019-09-06 20:12:12:653,-0.0185,1.6707,9.2332,0.0138,-0.0615,9.8064,0.1139,0.0352,-0.0434,-9.19,-31.69,31.5,352.08,-76.17,-170.16
52.409714,-1.437116,131.44,15.15,3,178.67,18 / 20,3127009,2019-09-06 20:12:12:752,0.3833,0.5403,9.7424,-0.0083,0.0333,9.8066,0.0317,-0.0046,-0.0293,-9.06,-32,31.31,352.04,-76.44,-169.71
52.409714,-1.437116,131.44,15.15,3,178.67,18 / 20,3127110,2019-09-06 20:12:12:853,0.9008,0.341,9.6853,0.0131,-0.0154,9.8066,0.0608,0.0216,0.0266,-9.25,-31.94,31.25,351.34,-76.42,-170.23
52.409714,-1.437116,131.44,15.15,3,178.67,18 / 20,3127209,2019-09-06 20:12:12:952,1.4169,-0.0558,10.7281,-0.0018,0.0051,9.8065,0.1226,0.0941,-0.0254,-9.12,-31.69,32.19,351.63,-76.32,-170.53
52.409714,-1.437116,131.44,15.15,3,178.67,18 / 20,3127309,2019-09-06 20:12:13:052,0.74,0.7241,10.224,-0.007,0.0249,9.8066,0.1644,-0.0065,0.0449,-9.44,-31.56,31.63,351.61,-76.46,-170.56
52.409714,-1.437116,131.44,15.15,3,178.67,18 / 19,3127410,2019-09-06 20:12:13:153,0.1477,1.1883,9.3476,0.0083,-0.0282,9.8065,-0.1097,0.0159,-0.0194,-9.37,-32,31.06,351.12,-76.35,-170.37
52.409714,-1.437116,131.44,15.15,3,178.67,18 / 19,3127510,2019-09-06 20:12:13:253,0.5697,0.6702,9.3119,-0.0129,0.0388,9.8065,-0.0093,0.0043,-0.0077,-9.5,-31.56,31.25,351.22,-76.4,-170.31
52.409714,-1.437116,131.44,15.15,3,178.67,18 / 19,3127609,2019-09-06 20:12:13:352,0.2493,0.8604,9.7344,-0.0082,0.0135,9.8066,-0.0571,0.0426,0.0169,-9.69,-31.75,31.44,349.12,-76.51,-170.23
52.409714,-1.437116,131.44,15.15,3,178.67,18 / 19,3127710,2019-09-06 20:12:13:453,0.1079,0.2703,9.5703,-0.0092,0.0184,9.8066,0.1031,0.0182,0.0027,-9.62,-31.75,31.81,350.21,-76.61,-170.02
52.409714,-1.437116,131.44,15.15,3,178.67,18 / 19,3127810,2019-09-06 20:12:13:553,1.3104,0.3233,10.0522,-0.0022,0.0044,9.8066,0.1385,0.0654,-0.0229,-9.87,-32.25,31.75,350.45,-76.53,-169.82
52.409714,-1.437116,131.44,15.15,3,178.67,18 / 19,3127910,2019-09-06 20:12:13:653,-0.1684,0.2559,10.3242,-0.0011,0.0005,9.8066,-0.1679,0.0953,-0.048,-9.62,-31.75,31.75,350.25,-76.49,-169.97
52.409714,-1.437116,131.44,15.15,3,178.67,18 / 19,3128010,2019-09-06 20:12:13:753,1.0283,0.6818,9.9198,0.0164,-0.0192,9.8066,-0.1009,0.0566,-0.0648,-9.31,-31.69,31.88,351.21,-76.35,-170.84
52.409714,-1.437116,131.44,15.15,3,178.67,18 / 19,3128109,2019-09-06 20:12:13:852,1.6447,1.1556,9.4722,0.0438,-0.0486,9.8064,0.1755,-0.0751,0.0115,-9.31,-32,31.19,349.25,-76.3,-171.75
52.409714,-1.437116,131.44,15.15,3,178.67,18 / 19,3128209,2019-09-06 20:12:13:952,0.9299,1.006,9.7935,-0.0096,0.0249,9.8065,-0.0061,0.0597,-0.1116,-9.44,-32.19,31.63,349.67,-76.5,-172.03
52.409714,-1.437116,131.44,15.15,3,178.67,18 / 19,3128309,2019-09-06 20:12:14:052,-0.4505,0.9317,10.1713,-0.0134,0.0336,9.8065,0.035,0.1305,0.0306,-9.62,-31.44,31.19,346.66,-76.7,-172.21
52.408222,-1.436623,132.73,21.87,3,161.95,18 / 19,3128410,2019-09-06 20:12:14:153,1.099,0.5127,9.9148,-0.0138,0.0262,9.8065,-0.0536,-0.0216,0.0928,-10,-31.5,31.19,346.68,-76.5,-172.14
52.408222,-1.436623,132.73,21.87,3,161.95,18 / 19,3128509,2019-09-06 20:12:14:252,-0.3142,-0.8731,10.0403,-0.0152,0.0354,9.8065,-0.1602,-0.0373,0.0591,-10.12,-32.19,31.38,348.1,-76.74,-171.05
52.408222,-1.436623,132.73,21.87,3,161.95,18 / 19,3128610,2019-09-06 20:12:14:353,-0.0423,1.9398,10.2708,0.0187,-0.0386,9.8065,-0.1596,0.0539,0.0152,-10.12,-31.25,31.75,348.03,-76.51,-171.73
52.408222,-1.436623,132.73,21.87,3,161.95,18 / 19,3128709,2019-09-06 20:12:14:452,0.1082,0.9792,9.6234,0.0154,-0.0137,9.8066,0.1789,0.0384,-0.0319,-9.5,-31.44,31.31,348.99,-76.52,-172.07
52.408222,-1.436623,132.73,21.87,3,161.95,18 / 19,3128810,2019-09-06 20:12:14:553,0.352,-1.1524,10.3621,-0.0163,0.0496,9.8064,0.1566,-0.0495,0.0414,-9.75,-32.12,32.06,348.1,-76.88,-171.68
52.408222,-1.436623,132.73,21.87,3,161.95,18 / 19,3128910,2019-09-06 20:12:14:653,0.1367,0.1706,9.985,0.0174,-0.0372,9.8065,-0.1034,0.0504,-0.0372,-9.81,-31.75,31.25,347.52,-77.12,-171.58
52.408222,-1.436623,132.73,21.87,3,161.95,18 / 19,3129009,2019-09-06 20:12:14:752,0.3435,-0.151,9.8448,0.0117,-0.0234,9.8065,-0.0056,-0.0679,0.0454,-9.75,-31.94,31.38,347.38,-77.16,-171.7
52.408222,-1.436623,132.73,21.87,3,161.95,18 / 19,3129110,2019-09-06 20:12:14:853,-2.0357,0.5506,10.0342,-0.0144,0.012,9.8065,0.1033,0.1627,-0.0529,-9.94,-32.06,30.94,347.42,-76.86,-171.59
52.408222,-1.436623,132.73,21.87,3,161.95,18 / 19,3129209,2019-09-06 20:12:14:952,-0.3998,-0.3611,10.8977,-0.0214,0.0343,9.8065,0.1463,-0.0827,0.1382,-10.5,-31.81,30.88,347.62,-76.92,-171.45
52.408222,-1.436623,132.73,21.87,3,161.95,18 / 19,3129309,2019-09-06 20:12:15:052,1.0656,0.9332,10.6928,-0.0219,0.0418,9.8065,0.1443,0.0275,-0.0469,-10,-31.56,31.25,348.34,-76.86,-170.89
52.408222,-1.436623,132.73,21.87,3,161.95,17 / 20,3129409,2019-09-06 20:12:15:152,1.3566,-0.1163,9.8482,0.0197,-0.0474,9.8065,-0.1027,0.0463,-0.0288,-10.12,-31.5,30.69,347.76,-76.55,-171.34
52.408222,-1.436623,132.73,21.87,3,161.95,17 / 20,3129510,2019-09-06 20:12:15:253,-0.1109,1.6255,8.919,0.0192,-0.0377,9.8065,0.0216,0.016,-0.0333,-10.44,-31.69,31.06,347.65,-76.66,-171.36
52.408222,-1.436623,132.73,21.87,3,161.95,17 / 20,3129609,2019-09-06 20:12:15:352,-1.1223,0.7037,9.3906,-0.0117,0.0344,9.8065,0.0329,-0.0099,0.0021,-10.5,-31.81,30.38,347.26,-76.8,-171.05
52.408222,-1.436623,132.73,21.87,3,161.95,17 / 20,3129710,2019-09-06 20:12:15:453,-0.3224,-1.8995,9.3139,-0.0011,-0.0277,9.8065,-0.1572,-0.0665,0.0851,-10.25,-32,31.13,348.05,-76.97,-171.14
52.408222,-1.436623,132.73,21.87,3,161.95,17 / 20,3129810,2019-09-06 20:12:15:553,1.5972,2.2763,8.4278,-0.0103,-0.0362,9.8065,-0.1184,0.0713,0.0324,-10.75,-31.56,30.75,347.01,-76.77,-170.25
52.408222,-1.436623,132.73,21.87,3,161.95,17 / 20,3129910,2019-09-06 20:12:15:653,-0.0808,0.0008,9.335,-0.03,0.0299,9.8065,0.1761,0.0516,0.0009,-10.87,-32,31.13,348.04,-76.76,-169.47
52.408222,-1.436623,132.73,21.87,3,161.95,17 / 20,3130009,2019-09-06 20:12:15:752,0.9655,0.4235,11.0901,-0.0134,0.0349,9.8065,0.1417,0.0584,-0.0753,-10.31,-31.12,31.38,351.29,-76.89,-168.74
52.408222,-1.436623,132.73,21.87,3,161.95,17 / 20,3130110,2019-09-06 20:12:15:853,1.4828,-0.0695,10.3662,-0.0015,0.0368,9.8066,-0.1368,0.0191,0.0499,-10.75,-31,30.63,348.4,-76.86,-169.3
52.408222,-1.436623,132.73,21.87,3,161.95,17 / 20,3130209,2019-09-06 20:12:15:952,1.5394,0.3,9.9301,0.0283,-0.0359,9.8064,-0.1827,0.0215,0.0076,-10.75,-31.25,31.19,347.58,-76.85,-169.92
52.408222,-1.436623,132.73,21.87,3,161.95,17 / 20,3130310,2019-09-06 20:12:16:053,0.6465,-0.0727,9.5803,0.0215,-0.0294,9.8066,0.1653,0.0686,-0.0112,-10.56,-31.25,30.13,345.65,-76.66,-170.65
52.408222,-1.436623,132.73,21.87,3,161.95,18 / 20,3130410,2019-09-06 20:12:16:153,0.2668,-0.0051,9.1169,-0.0198,0.0416,9.8065,0.1177,0.0439,0.0204,-10.69,-31.19,29.44,344.92,-77.07,-170.6
52.408222,-1.436623,132.73,21.87,3,161.95,18 / 20,3130509,2019-09-06 20:12:16:252,0.7656,0.4168,9.9684,-0.0145,0.026,9.8065,-0.1005,0.1136,-0.038,-10,-32.5,28.5,347.2,-77.13,-170.51
52.408222,-1.436623,132.73,21.87,3,161.95,18 / 20,3130610,2019-09-06 20:12:16:353,-0.2269,1.2965,10.0643,0.0271,-0.0442,9.8064,-0.0725,-0.0338,0.0845,-9.87,-33.06,29.88,347.53,-77.19,-170.87
52.408222,-1.436623,132.73,21.87,3,161.95,18 / 20,3130709,2019-09-06 20:12:16:452,0.7331,0.1695,10.9192,0.0063,-0.054,9.8065,0.2032,0.05,-0.0072,-10.44,-32.81,30.31,347.48,-76.62,-170.75
52.408222,-1.436623,132.73,21.87,3,161.95,18 / 20,3130810,2019-09-06 20:12:16:553,0.5849,0.4484,9.8176,-0.0211,0.0205,9.8065,0.026,0.0304,-0.0056,-10.94,-32.62,30.69,347.5,-76.75,-169.79
52.408222,-1.436623,132.73,21.87,3,161.95,18 / 20,3130909,2019-09-06 20:12:16:652,0.3783,0.7582,8.71,-0.0033,0.0182,9.8066,-0.0139,0.0348,0.0039,-11.25,-32.44,30.44,346.97,-76.93,-169.64
52.408222,-1.436623,132.73,21.87,3,161.95,18 / 20,3131009,2019-09-06 20:12:16:752,0.0992,1.0492,9.1938,-0.0043,0.038,9.8065,-0.0139,-0.0136,-0.0296,-11.56,-32.37,30.5,345.48,-77.37,-169.99
52.408222,-1.436623,132.73,21.87,3,161.95,18 / 20,3131110,2019-09-06 20:12:16:853,0.5116,0.822,9.9565,-0.0018,0.0266,9.8065,-0.0161,0.0461,-0.0606,-11.56,-32.31,30.94,344.73,-77.36,-170.57
52.408222,-1.436623,132.73,21.87,3,161.95,18 / 20,3131209,2019-09-06 20:12:16:952,1.3651,0.4609,10.0557,0.0258,-0.0406,9.8065,-0.0521,0.0681,0.0075,-11.25,-32.12,30.56,345.49,-77.23,-171.54
52.408222,-1.436623,132.73,21.87,3,161.95,18 / 20,3131309,2019-09-06 20:12:17:052,-0.1535,1.419,10.0276,0.0151,-0.047,9.8065,-0.1477,0.0094,0.0596,-11.31,-31.37,30.63,345.06,-76.81,-171.84
52.408222,-1.436623,132.73,21.87,3,161.95,17 / 19,3131410,2019-09-06 20:12:17:153,0.4589,0.4254,10.2058,-0.0281,0.0465,9.8064,0.1897,0.0331,-0.0052,-11.37,-31.81,30.56,346.32,-77.17,-170.88
52.408222,-1.436623,132.73,21.87,3,161.95,17 / 19,3131509,2019-09-06 20:12:17:252,1.0957,1.4192,9.5765,-0.022,0.0432,9.8065,-0.1906,-0.0008,-0.0222,-11.56,-31.37,30.5,344.58,-77.24,-170.75
52.408222,-1.436623,132.73,21.87,3,161.95,17 / 19,3131610,2019-09-06 20:12:17:353,0.4025,0.5097,8.7975,0.0006,-0.0092,9.8066,-0.0708,0.0313,0.0133,-11.5,-31.81,30.06,345.75,-77.15,-170.62
52.408222,-1.436623,132.73,21.87,3,161.95,17 / 19,3131710,2019-09-06 20:12:17:453,0.5797,0.9523,9.6034,-0.0111,0.0112,9.8066,0.0715,0.0082,0.0917,-12.31,-32,30.38,343.96,-77.02,-170.32
52.408222,-1.436623,132.73,21.87,3,161.95,17 / 19,3131809,2019-09-06 20:12:17:552,0.5152,0.9318,9.5207,-0.0014,-0.0061,9.8066,-0.0218,0.0687,-0.072,-11.44,-32.56,30.25,346.61,-77.04,-169.85
52.408222,-1.436623,132.73,21.87,3,161.95,17 / 19,3131909,2019-09-06 20:12:17:652,-0.3049,2.1106,9.6354,0.0205,-0.016,9.8066,0.1458,0.0224,-0.0098,-11.62,-32.87,30.56,344.95,-77.01,-170.19
52.408222,-1.436623,132.73,21.87,3,161.95,17 / 19,3132010,2019-09-06 20:12:17:753,0.3743,0.2504,9.7848,-0.0143,0.0418,9.8065,0.1864,0.0882,-0.0056,-11.5,-32.12,31.44,346.67,-77.26,-170.64
52.408222,-1.436623,132.73,21.87,3,161.95,17 / 19,3132109,2019-09-06 20:12:17:852,1.39,0.3111,9.5237,-0.0161,0.0368,9.8065,-0.1473,0.0079,-0.0666,-11.81,-32.06,30.88,344.46,-77.35,-170.78
52.408222,-1.436623,132.73,21.87,3,161.95,17 / 19,3132210,2019-09-06 20:12:17:953,-0.0933,1.3874,9.6877,0.0144,0.0152,9.8066,-0.0532,0.047,-0.0392,-11.25,-31.81,30.63,345.98,-77.41,-171.21
52.408222,-1.436623,132.73,21.87,3,161.95,17 / 19,3132310,2019-09-06 20:12:18:053,0.471,0.4281,10.3658,0.0052,0.0123,9.8066,0.0023,-0.0005,0.0046,-11.44,-31.25,30.38,343.55,-77.52,-172.53
52.408222,-1.436623,132.73,21.87,3,161.95,18 / 19,3132409,2019-09-06 20:12:18:152,0.6657,0.5295,9.4295,0.0182,-0.0316,9.8065,-0.1087,0.0453,0.004,-11.87,-31.44,30.19,341.22,-77.47,-172.71
52.408222,-1.436623,132.73,21.87,3,161.95,18 / 19,3132509,2019-09-06 20:12:18:252,-0.2026,1.5809,8.4563,0.0168,-0.0309,9.8065,0.0208,0.0032,0.0144,-11.69,-31.75,29.81,341.02,-77.41,-172.72
52.408222,-1.436623,132.73,21.87,3,161.95,18 / 19,3132610,2019-09-06 20:12:18:353,-0.0216,1.7209,9.2183,-0.0217,0.0407,9.8065,0.0633,0.0229,-0.0139,-11.75,-32.06,30,342.24,-77.94,-171.97
52.408222,-1.436623,132.73,21.87,3,161.95,18 / 19,3132710,2019-09-06 20:12:18:453,-0.1838,2.2129,10.1827,-0.0064,0.0123,9.8066,0.0122,0.0238,0.0155,-11.87,-31.62,29.06,341.3,-77.97,-171.92
52.408222,-1.436623,132.73,21.87,3,161.95,18 / 19,3132809,2019-09-06 20:12:18:552,-0.6521,1.154,9.3353,-0.0191,0.0087,9.8065,0.0819,0.0173,0.066,-11.87,-31.19,29.81,343.11,-77.9,-171.38
52.408222,-1.436623,132.73,21.87,3,161.95,18 / 19,3132909,2019-09-06 20:12:18:652,-0.9562,0.2832,9.3229,-0.0301,0.0298,9.8065,-0.1379,0.0614,-0.072,-12.37,-32.06,29.19,343.08,-78,-170.55
52.408222,-1.436623,132.73,21.87,3,161.95,18 / 19,3133010,2019-09-06 20:12:18:753,-1.1231,2.2724,9.6456,0.0389,-0.0152,9.8065,-0.1162,0.009,-0.0126,-12.44,-31.56,29.06,343.16,-78.22,-170.57
52.408222,-1.436623,132.73,21.87,3,161.95,18 / 19,3133110,2019-09-06 20:12:18:853,-0.3453,1.3616,10.7651,0.0111,0.0145,9.8066,0.1257,0.0449,-0.062,-11.94,-32.37,28.44,339.01,-78.12,-172.93
52.408222,-1.436623,132.73,21.87,3,161.95,18 / 19,3133209,2019-09-06 20:12:18:952,-0.0186,1.6357,11.0796,0.0098,-0.0058,9.8066,0.1597,0.0306,-0.045,-11.62,-32.56,29.13,338.28,-77.92,-174.11
52.408222,-1.436623,132.73,21.87,3,161.95,18 / 19,3133309,2019-09-06 20:12:19:052,-0.8974,0.7529,10.0274,-0.0097,0.0077,9.8066,0.0365,0.0287,0.024,-11.75,-32.81,29.44,338.31,-77.8,-174.04
52.408222,-1.436623,132.73,21.87,3,161.95,17 / 19,3133410,2019-09-06 20:12:19:153,-0.5281,0.449,10,-0.0282,0.0461,9.8064,0.1498,-0.0116,0.0628,-11.62,-32.56,29.63,340.46,-78.2,-173.35
52.408222,-1.436623,132.73,21.87,3,161.95,17 / 19,3133509,2019-09-06 20:12:19:252,-0.7928,0.0547,9.8003,-0.0264,0.0426,9.8064,-0.0685,-0.0347,-0.0516,-12.5,-32.69,29.19,339.86,-78.28,-173.05
52.408222,-1.436623,132.73,21.87,3,161.95,17 / 19,3133610,2019-09-06 20:12:19:353,-0.9009,2.24,10.1368,0.0069,0.0006,9.8066,0.0504,-0.0281,0.0053,-12.44,-32.87,29.19,340.59,-78.16,-172.42
52.408222,-1.436623,132.73,21.87,3,161.95,17 / 19,3133709,2019-09-06 20:12:19:452,-0.4249,0.8199,11.3769,0.0048,-0.0072,9.8066,0.0997,0.0511,-0.0235,-12.25,-32.62,29.25,339.96,-77.97,-172.84
52.408222,-1.436623,132.73,21.87,3,161.95,17 / 19,3133809,2019-09-06 20:12:19:552,0.0806,-0.6535,10.9127,0.0183,-0.0253,9.8065,0.0344,0.0755,-0.0274,-12.31,-32.94,29.69,340.35,-77.55,-173.16
52.408222,-1.436623,132.73,21.87,3,161.95,17 / 19,3133909,2019-09-06 20:12:19:652,-0.6924,1.1682,9.2452,0.0113,-0.0143,9.8066,0.0134,-0.0108,-0.0224,-12.06,-32.94,29.69,339.92,-77.54,-173.49
52.408222,-1.436623,132.73,21.87,3,161.95,17 / 19,3134009,2019-09-06 20:12:19:752,-0.7881,0.9869,8.5383,-0.0216,0.0586,9.8064,-0.0019,-0.0039,-0.0372,-12.5,-32.37,29.38,339.23,-78.13,-173.61
52.408222,-1.436623,132.73,21.87,3,161.95,17 / 19,3134110,2019-09-06 20:12:19:853,-0.097,0.5221,8.5299,-0.0049,0.0482,9.8064,-0.0578,-0.0406,-0.0346,-12.31,-32.37,28.88,338.31,-78.4,-174.45
52.408222,-1.436623,132.73,21.87,3,161.95,17 / 19,3134209,2019-09-06 20:12:19:952,-0.4056,1.8926,8.6887,0.028,-0.0009,9.8065,-0.0855,-0.0494,-0.0627,-11.94,-33.44,28.88,337.09,-78.55,-175.34
52.408222,-1.436623,132.73,21.87,3,161.95,17 / 19,3134309,2019-09-06 20:12:20:052,0.2948,1.4827,9.9243,0.029,-0.0446,9.8064,-0.2139,0.0341,-0.0413,-11.62,-32.44,29.06,335.29,-78.25,-176.78
52.408222,-1.436623,132.73,21.87,3,161.95,18 / 20,3134410,2019-09-06 20:12:20:153,0.4549,1.0392,9.6792,-0.0243,-0.0251,9.8066,0.0294,0.0452,0.1726,-12.19,-32.44,29.19,336.67,-77.99,-175.55
52.408222,-1.436623,132.73,21.87,3,161.95,18 / 20,3134510,2019-09-06 20:12:20:253,-2.1764,2.4772,10.808,-0.0137,-0.0301,9.8065,0.1744,-0.0568,0.0405,-11.94,-32.94,29.63,339.71,-77.8,-173.77
52.408222,-1.436623,132.73,21.87,3,161.95,18 / 20,3134609,2019-09-06 20:12:20:352,-0.5522,0.262,10.9323,-0.0166,0.0137,9.8066,0.1642,-0.0256,-0.081,-12.19,-31.75,29.69,341.24,-77.78,-172.69
52.408222,-1.436623,132.73,21.87,3,161.95,18 / 20,3134710,2019-09-06 20:12:20:453,0.0334,-0.3056,9.5233,-0.0192,0.0261,9.8066,-0.2186,-0.0206,0.0559,-12.31,-32.12,30,341.19,-77.75,-172.72
52.408222,-1.436623,132.73,21.87,3,161.95,18 / 20,3134809,2019-09-06 20:12:20:552,-0.8403,1.4166,8.1889,-0.0017,-0.0293,9.8065,-0.2265,0.006,-0.0016,-12.44,-31.44,29.38,341.05,-77.89,-172.21
52.408222,-1.436623,132.73,21.87,3,161.95,18 / 20,3134909,2019-09-06 20:12:20:652,-1.2628,-0.2372,8.5331,0.0092,-0.0123,9.8066,0.0168,0.0209,-0.0744,-12.25,-31.69,29.06,341.8,-78.01,-171.55
52.408222,-1.436623,132.73,21.87,3,161.95,18 / 20,3135010,2019-09-06 20:12:20:753,-1.1774,0.4288,9.2778,0.0339,0.0225,9.8065,-0.0345,0.0072,-0.0908,-12.69,-31.25,27.94,336.57,-78.33,-173.45
52.408222,-1.436623,132.73,21.87,3,161.95,18 / 20,3135109,2019-09-06 20:12:20:852,-0.2605,1.4979,10.3509,0.0607,-0.0092,9.8064,0.1406,0.0042,-0.0679,-12.19,-32.25,27.06,333.68,-78.21,-176.22
52.408222,-1.436623,132.73,21.87,3,161.95,18 / 20,3135210,2019-09-06 20:12:20:953,0.0777,1.0802,10.5649,-0.0041,0.0274,9.8066,0.0979,-0.0522,-0.0323,-11.37,-33.94,27.56,333.56,-78.24,-178.6
52.408222,-1.436623,132.73,21.87,3,161.95,18 / 20,3135310,2019-09-06 20:12:21:053,-0.6742,1.2883,11.0797,-0.0297,0.026,9.8065,-0.1162,0.0757,0.0702,-10.87,-33.87,28.75,335.22,-78.18,-178.12
52.408222,-1.436623,132.73,21.87,3,161.95,17 / 19,3135410,2019-09-06 20:12:21:153,-0.7954,-0.1168,9.606,0.0097,-0.0534,9.8065,-0.0921,-0.0452,0.1217,-11.62,-33.31,29.75,335.6,-78.28,-177.21
52.408222,-1.436623,132.73,21.87,3,161.95,17 / 19,3135509,2019-09-06 20:12:21:252,-1.7495,1.8723,9.7018,0.0017,-0.0446,9.8064,0.0477,-0.0061,0.0187,-11.94,-32.44,30.38,337.63,-77.95,-175.6
52.408222,-1.436623,132.73,21.87,3,161.95,17 / 19,3135610,2019-09-06 20:12:21:353,-0.4034,0.1883,9.7092,-0.0128,-0.0205,9.8066,-0.0635,0.0116,0.0072,-12,-32.5,30.13,339.31,-78.01,-174.3
52.408222,-1.436623,132.73,21.87,3,161.95,17 / 19,3135709,2019-09-06 20:12:21:452,-0.8295,0.8169,8.8991,0.0035,-0.0111,9.8066,-0.0212,-0.0478,-0.0007,-12.44,-32.37,30.25,340.02,-78.13,-173.79
52.408222,-1.436623,132.73,21.87,3,161.95,17 / 19,3135810,2019-09-06 20:12:21:553,-0.9429,0.8374,8.8626,-0.0042,0.0503,9.8065,-0.0067,0.0005,-0.0271,-12.12,-32,29.56,339.35,-78.52,-174.47
52.408222,-1.436623,132.73,21.87,3,161.95,17 / 19,3135909,2019-09-06 20:12:21:652,-0.1313,0.2026,9.6248,-0.0137,0.0564,9.8064,-0.2145,0.0662,-0.0099,-12.06,-32.25,29.56,338.44,-78.82,-175.33
52.408222,-1.436623,132.73,21.87,3,161.95,17 / 19,3136010,2019-09-06 20:12:21:753,-0.4313,0.9254,9.5705,0.0319,-0.0487,9.8065,-0.0249,0.023,0.0154,-11.81,-32.12,29.75,337.76,-79.05,-175.98
52.408222,-1.436623,132.73,21.87,3,161.95,17 / 19,3136110,2019-09-06 20:12:21:853,-0.4229,1.9757,10.3705,0.0277,-0.0533,9.8064,0.1314,-0.0418,0.02,-12.37,-32.62,29.44,336.06,-78.63,-176.2
52.408222,-1.436623,132.73,21.87,3,161.95,17 / 19,3136209,2019-09-06 20:12:21:952,-0.8333,0.918,10.7775,-0.0118,0.0014,9.8066,0.0843,0.0091,-0.0119,-12.87,-31.81,29.44,334.91,-78.53,-175.62
52.408222,-1.436623,132.73,21.87,3,161.95,17 / 19,3136309,2019-09-06 20:12:22:052,-0.1877,1.3326,10.3164,-0.0006,0.0128,9.8066,-0.0657,-0.0281,-0.0056,-12.06,-31.94,29.13,336.59,-78.41,-175.82
52.408222,-1.436623,132.73,21.87,3,161.95,17 / 19,3136410,2019-09-06 20:12:22:153,-0.4045,1.2558,9.316,-0.0099,0.0288,9.8066,0.0739,-0.0225,0.0085,-12.81,-32.19,30.06,335.08,-78.41,-176.27
52.408222,-1.436623,132.73,21.87,3,161.95,17 / 19,3136509,2019-09-06 20:12:22:252,0.0276,0.8335,9.803,-0.0138,0.0217,9.8065,0.0724,-0.0016,-0.08,-12.12,-32.06,29,336.17,-78.75,-176.32
52.408222,-1.436623,132.73,21.87,3,161.95,17 / 19,3136609,2019-09-06 20:12:22:352,0.3035,-0.3284,9.8053,-0.0066,0.0455,9.8064,-0.2174,-0.0325,0.0599,-12.25,-31.87,29.25,335.6,-78.94,-176.87
52.408222,-1.436623,132.73,21.87,3,161.95,17 / 19,3136709,2019-09-06 20:12:22:452,0.0266,0.9489,9.7121,0.0133,-0.0214,9.8065,-0.1192,0.0092,-0.0313,-12.56,-32.25,29.81,334.18,-78.84,-177.22
52.408222,-1.436623,132.73,21.87,3,161.95,17 / 19,3136810,2019-09-06 20:12:22:553,-0.4373,-0.555,10.215,-0.0135,0.0223,9.8066,-0.0201,0.022,-0.0079,-12.25,-32.19,29.38,335.21,-78.97,-177.2
52.408222,-1.436623,132.73,21.87,3,161.95,17 / 19,3136910,2019-09-06 20:12:22:653,-1.0435,0.2853,10.5388,0.0022,-0.017,9.8066,0.1024,0.0369,0.0451,-12.25,-32.12,29.25,336.19,-78.94,-176.4
52.408222,-1.436623,132.73,21.87,3,161.95,17 / 19,3137010,2019-09-06 20:12:22:753,-1.7557,1.0775,9.9452,0.0075,-0.03,9.8065,-0.0535,0.0688,-0.0172,-12.56,-32.44,28.94,334.77,-78.77,-175.85
52.408222,-1.436623,132.73,21.87,3,161.95,17 / 19,3137109,2019-09-06 20:12:22:852,-1.399,0.798,9.8795,-0.0096,0.0363,9.8066,0.0289,-0.1078,-0.0066,-11.87,-32.81,29.31,336.23,-78.96,-176.23
52.408222,-1.436623,132.73,21.87,3,161.95,17 / 19,3137210,2019-09-06 20:12:22:953,0.1173,0.9269,9.6135,-0.0066,0.0444,9.8065,-0.0605,0.0015,-0.0051,-12.06,-32.62,28.94,335.41,-78.99,-176.91
52.408222,-1.436623,132.73,21.87,3,161.95,17 / 19,3137309,2019-09-06 20:12:23:052,-0.0535,0.3513,9.453,0.0122,-0.0027,9.8065,-0.0884,0.0315,-0.0063,-11.62,-32.37,28.5,333.51,-78.98,-178.58
52.406467,-1.435314,135.4,24.11,3,151.84,17 / 19,3137409,2019-09-06 20:12:23:152,0.0417,0.5613,9.1129,0.01,0.0006,9.8066,-0.1251,-0.0286,-0.0468,-11.81,-32.44,29,333.38,-79.1,-178.75
52.406467,-1.435314,135.4,24.11,3,151.84,17 / 19,3137509,2019-09-06 20:12:23:252,-0.033,0.7862,8.9267,-0.0002,0.0161,9.8066,-0.1087,0.0132,-0.0266,-11.81,-32.56,28.69,332.03,-79.27,-179.78
52.406467,-1.435314,135.4,24.11,3,151.84,17 / 19,3137610,2019-09-06 20:12:23:353,0.314,0.3064,9.5687,-0.0094,0.0213,9.8065,-0.1867,0.0461,-0.0423,-11.5,-32.69,29.06,333.9,-79.35,-179.96
52.406467,-1.435314,135.4,24.11,3,151.84,17 / 19,3137710,2019-09-06 20:12:23:453,-1.2822,1.5407,9.4042,-0.0051,0.012,9.8066,0.1613,-0.0003,0.0089,-11.81,-32.5,28.5,332.27,-79.44,-179.84
52.406467,-1.435314,135.4,24.11,3,151.84,17 / 19,3137810,2019-09-06 20:12:23:553,0.5399,0.1026,10.4649,-0.0093,0.0241,9.8066,0.1762,0.0081,-0.0073,-11.94,-32.75,28.88,331.71,-79.59,179.77
52.406467,-1.435314,135.4,24.11,3,151.84,17 / 19,3137910,2019-09-06 20:12:23:653,-0.0213,-0.6308,10.2393,0.0135,-0.0475,9.8065,-0.1741,0.0138,0.0022,-12.12,-32.06,29.06,332.83,-79.21,-179.26
52.406467,-1.435314,135.4,24.11,3,151.84,17 / 19,3138009,2019-09-06 20:12:23:752,-0.9217,0.5492,9.4135,0.0113,-0.0445,9.8065,-0.1202,-0.049,0.0518,-11.81,-31.94,28.69,333.63,-79.22,-178.61
52.406467,-1.435314,135.4,24.11,3,151.84,17 / 19,3138110,2019-09-06 20:12:23:853,-0.7352,-0.702,9.3757,-0.0234,0.0484,9.8065,0.0065,0.0385,-0.0482,-12.12,-32.44,28.13,332.88,-79.76,-178.65
52.406467,-1.435314,135.4,24.11,3,151.84,17 / 19,3138210,2019-09-06 20:12:23:953,0.379,1.2836,9.329,-0.0075,0.029,9.8065,-0.0826,0.0799,-0.0247,-11.81,-32.87,28.38,332.23,-79.8,-179.05
52.406467,-1.435314,135.4,24.11,3,151.84,17 / 19,3138310,2019-09-06 20:12:24:053,-0.1229,-0.2471,9.94,0.0044,-0.0085,9.8066,0.0651,-0.0407,0.0175,-12,-33,28.5,333.1,-79.75,-179.18
52.406467,-1.435314,135.4,24.11,3,151.84,17 / 19,3138409,2019-09-06 20:12:24:152,0.709,-0.2991,10.4983,0.0094,-0.0219,9.8065,0.1061,0.0004,-0.0063,-11.69,-33.87,29.38,332.71,-79.54,-179.22
52.406467,-1.435314,135.4,24.11,3,151.84,17 / 19,3138510,2019-09-06 20:12:24:253,0.0642,-0.413,9.848,0.004,-0.0155,9.8066,-0.18,-0.0046,0.009,-12.37,-33,29.13,333.72,-79.35,-178.45
52.406467,-1.435314,135.4,24.11,3,151.84,17 / 19,3138610,2019-09-06 20:12:24:353,-0.1571,0.9094,9.2482,0.0054,-0.02,9.8066,-0.1598,-0.05,-0.0089,-12,-32.56,28.94,334.26,-79.49,-178.09
52.406467,-1.435314,135.4,24.11,3,151.84,17 / 19,3138709,2019-09-06 20:12:24:452,-0.2031,-0.0646,8.6787,-0.0306,0.0306,9.8065,-0.0239,-0.0634,0.0848,-12.44,-32.19,29.25,335.62,-79.99,-177.36
52.406467,-1.435314,135.4,24.11,3,151.84,17 / 19,3138809,2019-09-06 20:12:24:552,0.4377,0.903,9.4461,-0.0032,0.0229,9.8066,-0.1147,0.0706,-0.0973,-11.87,-32.37,29,335.74,-80.09,-177.31
52.406467,-1.435314,135.4,24.11,3,151.84,17 / 19,3138909,2019-09-06 20:12:24:652,0.1695,-0.1172,9.0606,0.0021,-0.0151,9.8066,0.1489,-0.0092,0.064,-12.19,-32.19,28.25,335.13,-80.13,-177
52.406467,-1.435314,135.4,24.11,3,151.84,17 / 19,3139009,2019-09-06 20:12:24:752,-0.7122,-0.5021,9.9393,0.0048,0.0004,9.8066,0.1654,-0.0601,0.0091,-11.69,-32.12,28.69,335.92,-80.06,-177.15
52.406467,-1.435314,135.4,24.11,3,151.84,17 / 19,3139109,2019-09-06 20:12:24:852,-1.1194,0.5616,10.2624,0.0187,-0.0236,9.8066,-0.1004,0.055,-0.0489,-11.94,-32.81,28.38,333.58,-79.9,-178
52.406467,-1.435314,135.4,24.11,3,151.84,17 / 19,3139210,2019-09-06 20:12:24:953,0.3117,0.9963,9.9009,-0.0054,0.0364,9.8065,-0.0775,-0.0267,0.0291,-12.56,-32.75,27.69,331.31,-79.89,-178.22
52.406467,-1.435314,135.4,24.11,3,151.84,17 / 19,3139309,2019-09-06 20:12:25:052,-0.1098,-0.1701,10.1306,-0.0071,0.0215,9.8065,0.0032,0.0018,0.0148,-12.12,-33.31,27.88,332.28,-80.05,-179.16
52.406467,-1.435314,135.4,24.11,3,151.84,17 / 19,3139410,2019-09-06 20:12:25:153,0.0388,1.1345,9.931,-0.0013,0.0112,9.8065,-0.0646,0.0602,-0.0708,-12.19,-33,28.25,331.68,-80.07,-179.66
52.406467,-1.435314,135.4,24.11,3,151.84,17 / 19,3139510,2019-09-06 20:12:25:253,-0.0982,1.1195,9.1241,-0.0086,0.0057,9.8066,0.0559,-0.0408,0.0471,-11.94,-33.31,28.38,331.87,-80.02,-179.47
52.406467,-1.435314,135.4,24.11,3,151.84,17 / 19,3139610,2019-09-06 20:12:25:353,-0.5329,-0.6582,9.5436,-0.01,0.0254,9.8066,0.1133,-0.0359,0.018,-12.31,-32.81,28.06,332.13,-80.28,-179.41
52.406467,-1.435314,135.4,24.11,3,151.84,17 / 19,3139709,2019-09-06 20:12:25:452,-0.1176,-0.0618,9.127,0.0115,-0.0146,9.8065,-0.1851,0.0186,-0.0404,-12.87,-33.44,28.44,329.95,-80.39,-179.65
52.406467,-1.435314,135.4,24.11,3,151.84,17 / 19,3139810,2019-09-06 20:12:25:553,-1.0121,1.7434,9.6698,0.0118,-0.0257,9.8066,-0.0931,-0.0158,0.0007,-12.81,-33.06,27.44,329.04,-80.51,-179.52
52.406467,-1.435314,135.4,24.11,3,151.84,17 / 19,3139910,2019-09-06 20:12:25:653,0.4307,0.1023,10.5714,-0.0111,0.0173,9.8065,0.1346,-0.0211,0.0471,-12.94,-32.75,28.13,329.66,-80.59,179.99
52.406467,-1.435314,135.4,24.11,3,151.84,17 / 19,3140009,2019-09-06 20:12:25:752,0.1963,0.3474,10.8891,0.004,-0.0103,9.8066,-0.0639,0.0587,-0.0347,-12.69,-32.69,28.56,330.42,-80.42,179.82
52.406467,-1.435314,135.4,24.11,3,151.84,17 / 19,3140110,2019-09-06 20:12:25:853,-1.003,0.7815,9.6798,-0.0163,0.0361,9.8066,0.0905,-0.0083,-0.0307,-12.56,-32.56,28.38,329.44,-80.23,-179.98
52.406467,-1.435314,135.4,24.11,3,151.84,17 / 19,3140210,2019-09-06 20:12:25:953,-1.0662,-0.0479,9.9336,-0.0197,0.0427,9.8065,0.1576,0.0218,0.0369,-12.44,-32.44,28.75,332.27,-80.59,179.52
52.406467,-1.435314,135.4,24.11,3,151.84,17 / 19,3140310,2019-09-06 20:12:26:053,-0.5393,0.4298,9.8844,0.0291,-0.0248,9.8065,-0.1119,0.0318,-0.0924,-12.69,-32,28.5,329.34,-80.44,178.75
52.406467,-1.435314,135.4,24.11,3,151.84,17 / 20,3140410,2019-09-06 20:12:26:153,-1.0391,0.0564,9.9471,-0.0077,0.0105,9.8066,-0.0172,-0.0721,0.0484,-12.12,-32.37,28.94,331.2,-80.41,178.73
52.406467,-1.435314,135.4,24.11,3,151.84,17 / 20,3140509,2019-09-06 20:12:26:252,0.2249,0.6635,9.3003,-0.0131,0.0118,9.8065,0.003,0.0121,0.0715,-12.25,-32,28.69,331.32,-80.48,178.8
52.406467,-1.435314,135.4,24.11,3,151.84,17 / 20,3140610,2019-09-06 20:12:26:353,-0.5522,0.3322,8.9969,-0.0164,0.0207,9.8065,-0.1151,-0.0073,-0.0173,-12.5,-32.62,29,331.91,-80.59,179.37
52.406467,-1.435314,135.4,24.11,3,151.84,17 / 20,3140710,2019-09-06 20:12:26:453,-0.4932,0.5639,9.6743,-0.0286,0.0279,9.8065,0.0825,-0.0463,0.0053,-11.94,-32.87,28.88,332.55,-80.8,179.79
52.406467,-1.435314,135.4,24.11,3,151.84,17 / 20,3140810,2019-09-06 20:12:26:553,-0.0526,-1.1717,10.2382,-0.021,0.0529,9.8064,0.0546,0.0517,-0.0365,-11.94,-32.5,28,332.1,-81.21,179.9
52.406467,-1.435314,135.4,24.11,3,151.84,17 / 20,3140910,2019-09-06 20:12:26:653,-0.6832,1.5909,10.1681,0.0318,-0.0635,9.8063,0.0598,-0.0058,0.0465,-11.25,-32.81,28.19,333.53,-80.74,179.8
52.406467,-1.435314,135.4,24.11,3,151.84,17 / 20,3141010,2019-09-06 20:12:26:753,-0.43,0.6468,10.3321,-0.0029,0.019,9.8066,0.0492,-0.0513,-0.012,-11.87,-32.56,28.06,331.55,-80.74,179.84
52.406467,-1.435314,135.4,24.11,3,151.84,17 / 20,3141110,2019-09-06 20:12:26:853,-0.1308,0.9478,10.1376,-0.0119,0.0123,9.8066,-0.0542,0.0289,0.0269,-11.62,-33.19,28.5,332.26,-80.97,179.45
52.406467,-1.435314,135.4,24.11,3,151.84,17 / 20,3141209,2019-09-06 20:12:26:952,-0.4997,0.801,8.9713,-0.0095,0.0197,9.8066,-0.1866,0.009,0.0343,-12,-33.56,28,331.21,-81.05,179.52
52.406467,-1.435314,135.4,24.11,3,151.84,17 / 20,3141309,2019-09-06 20:12:27:052,-1.0042,0.8155,9.9029,-0.0156,0.0268,9.8065,0.089,-0.0002,-0.0311,-11.69,-33.44,28,331.67,-81.27,179.64
52.406467,-1.435314,135.4,24.11,3,151.84,17 / 19,3141410,2019-09-06 20:12:27:153,0.1288,-0.411,9.8082,0.0066,0.0152,9.8066,-0.0809,0.0412,-0.0847,-11.44,-33.5,28.19,332.76,-81.4,178.79
52.406467,-1.435314,135.4,24.11,3,151.84,17 / 19,3141510,2019-09-06 20:12:27:253,0.2195,0.4758,9.1785,-0.0154,0.0178,9.8066,0.0759,-0.0599,0.054,-11.87,-33.56,27.94,330.84,-81.6,178.87
52.406467,-1.435314,135.4,24.11,3,151.84,17 / 19,3141609,2019-09-06 20:12:27:352,-1.1974,0.4833,8.9498,-0.0203,0.0292,9.8065,0.0841,-0.0209,-0.0109,-12,-33.25,28.25,331.47,-81.79,179.16
52.406467,-1.435314,135.4,24.11,3,151.84,17 / 19,3141709,2019-09-06 20:12:27:452,-0.5576,0.4027,9.9637,0.0147,-0.0067,9.8066,-0.0157,0.0085,-0.0349,-11.81,-33.19,27.81,330.81,-81.8,178.59
52.406467,-1.435314,135.4,24.11,3,151.84,17 / 19,3141810,2019-09-06 20:12:27:553,-0.3277,0.3711,11.462,0.0204,-0.0323,9.8065,0.1317,-0.0241,0.0103,-11.81,-32.81,28.5,331.13,-81.62,178.12
52.406467,-1.435314,135.4,24.11,3,151.84,17 / 19,3141910,2019-09-06 20:12:27:653,0.5673,-0.7052,10.6977,0.0009,-0.0182,9.8066,-0.0863,-0.0056,0.0424,-11.69,-32.69,28.69,330.77,-81.32,177.99
52.406467,-1.435314,135.4,24.11,3,151.84,17 / 19,3142010,2019-09-06 20:12:27:753,0.3832,0.2596,9.3374,-0.0008,-0.0216,9.8066,-0.2331,-0.0274,-0.0078,-12.69,-33.25,28.06,329.07,-81.14,179.15
52.406467,-1.435314,135.4,24.11,3,151.84,17 / 19,3142110,2019-09-06 20:12:27:853,-0.985,0.3782,9.0881,-0.0371,0.0248,9.8065,0.089,-0.0475,0.0925,-12,-33.31,28.25,333.27,-81.7,-179.25
52.406467,-1.435314,135.4,24.11,3,151.84,17 / 19,3142210,2019-09-06 20:12:27:953,-0.6651,0.9932,9.2899,-0.0051,-0.0031,9.8066,-0.103,0.021,0.0103,-11.94,-32.69,27.56,334.02,-81.81,-178.67
52.406467,-1.435314,135.4,24.11,3,151.84,17 / 19,3142310,2019-09-06 20:12:28:053,-0.8767,0.9745,9.365,-0.0057,-0.0042,9.8066,0.1462,-0.036,0.0116,-12.37,-33,27.63,334.85,-81.75,-177.93
52.406467,-1.435314,135.4,24.11,3,151.84,17 / 19,3142409,2019-09-06 20:12:28:152,-0.4431,-1.384,9.5922,-0.0245,0.0244,9.8065,0.0762,0.0193,0.0121,-12.37,-33,28,335.64,-81.8,-177.28
52.406467,-1.435314,135.4,24.11,3,151.84,17 / 19,3142510,2019-09-06 20:12:28:253,0.5374,-0.2369,9.7416,0.0089,-0.0074,9.8066,-0.0896,0.0046,-0.038,-12.19,-32.31,28.44,336.72,-81.83,-176.48
52.406467,-1.435314,135.4,24.11,3,151.84,17 / 19,3142609,2019-09-06 20:12:28:352,-0.5589,0.2082,10.2205,0.019,-0.0258,9.8065,0.0619,-0.038,-0.0118,-11.87,-32.94,27.75,335.62,-81.78,-177.29
52.406467,-1.435314,135.4,24.11,3,151.84,17 / 19,3142710,2019-09-06 20:12:28:453,-0.4567,-0.0058,10.691,0.0086,-0.0083,9.8066,-0.146,0.0589,-0.0231,-12.25,-32.56,28.19,334.67,-81.75,-178.08
52.406467,-1.435314,135.4,24.11,3,151.84,17 / 19,3142809,2019-09-06 20:12:28:552,-0.1975,0.3126,9.8886,0.0176,-0.0239,9.8066,-0.0706,-0.0073,-0.0245,-12.12,-32.12,27.88,334.26,-81.6,-178.47
52.406467,-1.435314,135.4,24.11,3,151.84,17 / 19,3142909,2019-09-06 20:12:28:652,0.0229,0.429,9.9764,-0.0067,0.0024,9.8066,0.0281,-0.0291,0.0412,-11.62,-31.5,27.63,333.83,-81.77,-179.05
52.406467,-1.435314,135.4,24.11,3,151.84,17 / 19,3143010,2019-09-06 20:12:28:753,0.0216,-0.0556,9.3777,-0.0171,0.0219,9.8066,-0.1112,-0.0139,-0.0511,-11.5,-31.62,26.75,335.44,-81.84,-178.46
52.406467,-1.435314,135.4,24.11,3,151.84,17 / 19,3143109,2019-09-06 20:12:28:852,-0.8034,0.1175,9.352,-0.0097,0.0075,9.8066,0.1411,-0.012,0.0181,-12.56,-32.94,26.56,332.08,-81.89,-177.79
52.406467,-1.435314,135.4,24.11,3,151.84,17 / 19,3143210,2019-09-06 20:12:28:953,-0.195,-0.8886,9.6752,-0.0154,0.0417,9.8065,0.1824,-0.0184,0.0056,-12.19,-32.5,27.38,334.17,-82.19,-177.98
52.406467,-1.435314,135.4,24.11,3,151.84,17 / 19,3143310,2019-09-06 20:12:29:053,0.4799,-1.4326,8.6453,0.0135,-0.0047,9.8066,0.0494,0.0246,-0.0574,-11.44,-31.69,28.38,335.68,-82.1,-179.21
52.406467,-1.435314,135.4,24.11,3,151.84,18 / 19,3143410,2019-09-06 20:12:29:153,-1.7674,0.1514,11.563,-0.0126,0.0078,9.8066,0.1091,-0.1504,0.0535,-12.37,-31.62,27,332.36,-82.25,-179.57
52.406467,-1.435314,135.4,24.11,3,151.84,18 / 19,3143509,2019-09-06 20:12:29:252,-1.2692,-1.8143,11.962,0.0322,-0.0448,9.8064,-0.1615,0.226,-0.0312,-11.31,-41.56,23.63,328.68,-81.75,-179.6
52.406467,-1.435314,135.4,24.11,3,151.84,18 / 19,3143609,2019-09-06 20:12:29:352,0.3373,0.9641,10.5007,0.0129,-0.072,9.8063,-0.2645,-0.0568,0.2043,-6.94,-46.19,25.19,340.71,-81.49,-178.47
52.406467,-1.435314,135.4,24.11,3,151.84,18 / 19,3143710,2019-09-06 20:12:29:453,-0.9963,-0.5368,8.2524,-0.0074,0.0206,9.8066,-0.0563,0.0324,-0.0768,-6.75,-47.31,22.38,337.31,-81.93,-178.51
52.406467,-1.435314,135.4,24.11,3,151.84,18 / 19,3143810,2019-09-06 20:12:29:553,0.0633,0.0903,8.4606,-0.0075,0.0032,9.8066,-0.0468,-0.0169,0.0203,-7.12,-52.87,20.06,334.17,-82.26,-177.88
52.406467,-1.435314,135.4,24.11,3,151.84,18 / 19,3143910,2019-09-06 20:12:29:653,-0.344,0.6257,9.4585,-0.0173,0.0336,9.8065,0.1825,-0.0585,0.0143,-7,-57.44,20.25,332.75,-82.6,-178.62
52.406467,-1.435314,135.4,24.11,3,151.84,18 / 19,3144010,2019-09-06 20:12:29:753,-0.0275,0.4169,10.4814,-0.0028,0.03,9.8065,0.0338,0.0107,-0.0666,-6.75,-62,19.19,327.57,-82.47,-179.51
52.406467,-1.435314,135.4,24.11,3,151.84,18 / 19,3144110,2019-09-06 20:12:29:853,-0.3265,0.9037,10.451,0.0171,-0.0175,9.8066,0.0913,0.015,0.0383,-7.12,-82,24.31,330.85,-82.12,-179.98
52.406467,-1.435314,135.4,24.11,3,151.84,18 / 19,3144210,2019-09-06 20:12:29:953,-0.4945,0.3242,9.6903,-0.0171,0.0193,9.8066,0.0651,-0.0079,0.057,-13.87,-62.37,51.25,342.3,-82.33,-179.47
52.406467,-1.435314,135.4,24.11,3,151.84,18 / 19,3144309,2019-09-06 20:12:30:052,0.2466,0.0687,9.6956,-0.0246,0.0123,9.8066,0.019,-0.0101,-0.0303,-12.94,-37.56,41.81,342.86,-82.46,-177.88
52.406467,-1.435314,135.4,24.11,3,151.84,18 / 19,3144410,2019-09-06 20:12:30:153,-0.8098,0.2276,9.2106,-0.007,0.0192,9.8065,0.0629,0.006,0.0774,-13.31,-33.56,32.94,338.2,-82.52,-177.47
52.406467,-1.435314,135.4,24.11,3,151.84,18 / 19,3144509,2019-09-06 20:12:30:252,0.0079,-0.6956,9.3405,-0.007,-0.0108,9.8065,-0.0538,0.0022,-0.0408,-13.19,-33.62,29.69,336.64,-82.56,-176.69
52.406467,-1.435314,135.4,24.11,3,151.84,18 / 19,3144609,2019-09-06 20:12:30:352,-0.3853,0.1361,10.3084,0.0002,0.0163,9.8066,0.0765,-0.0161,0.0364,-13.19,-33.5,28.44,334.4,-82.54,-177.07
52.406467,-1.435314,135.4,24.11,3,151.84,18 / 19,3144709,2019-09-06 20:12:30:452,0.2888,-1.2222,10.184,-0.0073,0.0064,9.8066,-0.132,0.0766,-0.0188,-12.69,-33.5,28.63,335.38,-82.44,-177.02
52.406467,-1.435314,135.4,24.11,3,151.84,18 / 19,3144809,2019-09-06 20:12:30:552,-0.5449,0.5299,9.7455,0.0035,-0.0298,9.8065,-0.095,-0.0322,0.0727,-12.81,-33.75,28.69,335.78,-82.33,-176.52
52.406467,-1.435314,135.4,24.11,3,151.84,18 / 19,3144910,2019-09-06 20:12:30:653,0.0674,-1.6651,9.2396,-0.0059,-0.027,9.8066,0.0688,0.0158,-0.0032,-12.19,-33.5,28,338.5,-82.37,-175.1
52.406467,-1.435314,135.4,24.11,3,151.84,18 / 19,3145009,2019-09-06 20:12:30:752,-0.7461,0.462,9.516,-0.014,0.0111,9.8066,0.0195,0.0009,0.0121,-12,-33.5,26.75,338.16,-82.54,-174.61
52.406467,-1.435314,135.4,24.11,3,151.84,18 / 19,3145109,2019-09-06 20:12:30:852,-0.7559,0.4611,10.2369,0.0088,0.0074,9.8066,0.1469,-0.0075,-0.0356,-12.06,-33.5,28.19,339.02,-82.6,-174.76
52.406467,-1.435314,135.4,24.11,3,151.84,18 / 19,3145210,2019-09-06 20:12:30:953,0.6585,-0.2975,9.5695,0.0199,-0.011,9.8065,0.0433,0.0188,-0.1164,-12,-33.5,27.94,336.29,-82.42,-177.03
52.406467,-1.435314,135.4,24.11,3,151.84,18 / 19,3145309,2019-09-06 20:12:31:052,-0.2914,0.9546,9.7562,0.0186,-0.0019,9.8066,-0.0767,-0.0158,0.0431,-11.75,-33.12,27.38,333.78,-82.44,-178.33
52.406467,-1.435314,135.4,24.11,3,151.84,18 / 19,3145409,2019-09-06 20:12:31:152,0.7122,-0.0195,8.8908,-0.0027,-0.0149,9.8066,-0.2171,0.0138,0.0012,-11.56,-34.12,27.5,335.34,-82.56,-177.81
52.406467,-1.435314,135.4,24.11,3,151.84,18 / 19,3145510,2019-09-06 20:12:31:253,-0.8794,0.8321,9.288,-0.0455,0.0437,9.8064,0.2499,-0.094,0.1311,-11.87,-33.87,26.75,337.69,-83.1,-175.19
52.406467,-1.435314,135.4,24.11,3,151.84,18 / 19,3145609,2019-09-06 20:12:31:352,-0.0554,0.3442,9.8795,-0.0159,0.02,9.8066,0.138,-0.0108,0.0093,-12,-34.12,26.06,338.05,-83.02,-173.93
52.406467,-1.435314,135.4,24.11,3,151.84,18 / 19,3145709,2019-09-06 20:12:31:452,0.419,-0.7152,9.6368,-0.0072,0.0184,9.8065,0.0791,-0.0352,-0.0056,-12.31,-33.62,26.69,339.58,-82.74,-173.39
52.406467,-1.435314,135.4,24.11,3,151.84,18 / 19,3145810,2019-09-06 20:12:31:553,-0.0626,-1.0318,12.2051,-0.0055,0.0277,9.8065,0.0717,-0.0786,-0.0216,-12.37,-33.62,27,338.52,-82.76,-174.32
52.406467,-1.435314,135.4,24.11,3,151.84,18 / 19,3145910,2019-09-06 20:12:31:653,1.788,-2.8723,11.4632,-0.0066,0.0376,9.8065,-0.3175,0.0051,0.0135,-12.5,-33.81,27.19,336.93,-82.88,-175.74
52.406467,-1.435314,135.4,24.11,3,151.84,18 / 19,3146010,2019-09-06 20:12:31:753,2.6635,-1.5699,11.3168,-0.0824,0.1147,9.8056,0.3704,0.081,-0.0018,-12.06,-33.81,27.25,338.48,-83.3,-174.6
52.406467,-1.435314,135.4,24.11,3,151.84,18 / 19,3146110,2019-09-06 20:12:31:853,0.1497,0.8407,8.7602,0.0868,-0.1383,9.8052,-0.6649,-0.0559,-0.0345,-11.87,-33.94,26.56,336.59,-82.49,-175.84
52.406467,-1.435314,135.4,24.11,3,151.84,18 / 19,3146210,2019-09-06 20:12:31:953,1.1926,0.0234,7.943,0.0449,-0.0843,9.8061,-0.4409,0.2151,-0.0081,-12.19,-33.94,26.94,337.09,-82.92,-175.63
52.406467,-1.435314,135.4,24.11,3,151.84,18 / 19,3146309,2019-09-06 20:12:32:052,-1.2332,-0.8997,9.6002,0.0202,0.0418,9.8065,0.12,-0.0336,-0.1582,-12.25,-34.19,27.13,338.1,-83.09,-174.83
52.40468,-1.43373,137.2,26.5,3,151.11,18 / 19,3146410,2019-09-06 20:12:32:153,0.3202,0.6762,9.7676,0.0271,0.0103,9.8066,-0.046,-0.0021,0.0925,-12.06,-34.37,26.94,333.36,-83.23,-179.02
52.40468,-1.43373,137.2,26.5,3,151.11,18 / 19,3146509,2019-09-06 20:12:32:252,1.9105,-0.521,11.299,-0.0048,0.0355,9.8065,-0.0281,0.014,0.1375,-11.56,-33.81,27.31,329.71,-83.04,177.9
52.40468,-1.43373,137.2,26.5,3,151.11,18 / 19,3146610,2019-09-06 20:12:32:353,0.9695,-0.2316,9.7299,0.012,-0.04,9.8065,-0.1367,0.1151,0.0604,-12,-33.56,27.56,332.26,-82.61,179.49
52.40468,-1.43373,137.2,26.5,3,151.11,18 / 19,3146710,2019-09-06 20:12:32:453,1.3364,-0.8138,9.2747,-0.0166,0.0108,9.8066,-0.0738,-0.0384,-0.0423,-11.5,-33.75,27.31,335.45,-82.96,-178.81
52.40468,-1.43373,137.2,26.5,3,151.11,18 / 19,3146809,2019-09-06 20:12:32:552,0.6066,0.0428,8.4888,0.0273,-0.0295,9.8066,0.0077,-0.002,0.0301,-12,-33.56,27.13,334.83,-83.06,-177.65
52.40468,-1.43373,137.2,26.5,3,151.11,18 / 19,3146910,2019-09-06 20:12:32:653,-0.3285,-1.0568,10.0771,0.0182,-0.0408,9.8064,-0.1727,0.0425,-0.1038,-11.87,-34.12,26.25,334.09,-83.22,-177.46
52.40468,-1.43373,137.2,26.5,3,151.11,18 / 19,3147010,2019-09-06 20:12:32:753,-0.3485,-0.9786,12.2301,0.067,-0.0621,9.8062,0.0604,0.1078,-0.0567,-11.44,-33.69,27.44,335.82,-83.14,-178.59
52.40468,-1.43373,137.2,26.5,3,151.11,18 / 19,3147110,2019-09-06 20:12:32:853,-0.3861,0.9649,10.9211,-0.01,0.0011,9.8066,-0.2256,-0.0259,-0.0704,-11.75,-33.75,26.94,329.44,-82.37,178.09
52.40468,-1.43373,137.2,26.5,3,151.11,18 / 19,3147209,2019-09-06 20:12:32:952,-0.8551,-0.0931,8.5225,-0.0042,0.0086,9.8066,-0.3001,0.0003,0.1035,-11.62,-34.06,27.44,330.27,-82.47,178.74
52.40468,-1.43373,137.2,26.5,3,151.11,18 / 19,3147310,2019-09-06 20:12:33:053,0.7663,0.2557,7.374,-0.0057,-0.0028,9.8066,-0.1168,-0.1059,0.0192,-12.12,-34.81,26.88,331.27,-82.93,179.44
52.40468,-1.43373,137.2,26.5,3,151.11,18 / 19,3147410,2019-09-06 20:12:33:153,-0.1504,-0.1994,8.9375,-0.0026,0.0211,9.8065,-0.1765,0.0146,-0.0369,-11.81,-34.12,26.75,331.77,-83.38,179.5
52.40468,-1.43373,137.2,26.5,3,151.11,18 / 19,3147509,2019-09-06 20:12:33:252,0.1193,0.6141,10.0493,0.0298,-0.0457,9.8064,0.2185,0.0281,-0.0216,-12.06,-34.06,26.81,330.83,-83.14,178.82
52.40468,-1.43373,137.2,26.5,3,151.11,18 / 19,3147610,2019-09-06 20:12:33:353,0.6876,-0.0923,10.9631,-0.0091,0.0134,9.8066,0.1964,0.049,-0.0194,-11.94,-33.69,27.25,330.84,-82.83,179.02
52.40468,-1.43373,137.2,26.5,3,151.11,18 / 19,3147710,2019-09-06 20:12:33:453,1.269,-1.3498,10.5579,-0.022,0.0338,9.8065,-0.3208,-0.0439,-0.0063,-12,-33.37,26.88,330.97,-82.75,179.06
52.40468,-1.43373,137.2,26.5,3,151.11,18 / 19,3147809,2019-09-06 20:12:33:552,0.9181,-0.8015,9.5998,0.0073,-0.029,9.8065,-0.3842,0.0186,0.074,-11.94,-34.25,27,331.14,-82.52,179.46
52.40468,-1.43373,137.2,26.5,3,151.11,18 / 19,3147910,2019-09-06 20:12:33:653,-0.5427,1.3847,9.9165,0.0239,-0.0729,9.8063,0.2918,-0.1163,-0.0029,-11.94,-34.44,27.25,332.82,-82.55,-179.1
52.40468,-1.43373,137.2,26.5,3,151.11,18 / 19,3148009,2019-09-06 20:12:33:752,0.0392,0.1908,8.8978,-0.0525,0.0929,9.806,0.143,0.0037,-0.0283,-11.94,-34.12,27.31,335.1,-83.12,-177.44
52.40468,-1.43373,137.2,26.5,3,151.11,18 / 19,3148110,2019-09-06 20:12:33:853,0.3677,-1.2775,7.6723,-0.0322,-0.0216,9.8065,0.0629,-0.0628,0.0302,-12,-33.62,27.31,334.84,-83.06,-177.64
52.40468,-1.43373,137.2,26.5,3,151.11,18 / 19,3148209,2019-09-06 20:12:33:952,-0.1009,0.7676,10.494,0.0024,-0.0015,9.8066,0.0035,-0.0011,-0.1156,-11.62,-34.19,26.69,335.16,-82.93,-177.29
52.40468,-1.43373,137.2,26.5,3,151.11,18 / 19,3148310,2019-09-06 20:12:34:053,0.3497,1.274,10.6652,0.0062,0.0277,9.8066,0.0811,-0.0514,0.0814,-12,-34.37,26.88,332.94,-82.98,-179.24
52.40468,-1.43373,137.2,26.5,3,151.11,18 / 19,3148409,2019-09-06 20:12:34:152,-0.6468,0.7731,11.2873,0.0038,-0.0095,9.8066,0.0539,-0.0498,-0.0966,-11.87,-34,27.31,332.12,-82.86,-179.89
52.40468,-1.43373,137.2,26.5,3,151.11,18 / 19,3148510,2019-09-06 20:12:34:253,0.0021,-0.4188,10.4239,0.0062,0.025,9.8065,-0.0467,-0.0052,-0.0625,-11.75,-34.12,27.44,330.85,-82.79,179.05
52.40468,-1.43373,137.2,26.5,3,151.11,18 / 19,3148610,2019-09-06 20:12:34:353,0.566,-0.7803,10.1711,0.011,0.0002,9.8065,-0.0332,0.0427,-0.0009,-11.12,-34.25,27.13,330.28,-82.76,176.83
52.40468,-1.43373,137.2,26.5,3,151.11,18 / 19,3148710,2019-09-06 20:12:34:453,0.5982,0.0349,9.6729,-0.0106,0.0362,9.8065,-0.2048,-0.0067,0.0068,-11.25,-33.94,27.06,329.74,-82.65,176.44
52.40468,-1.43373,137.2,26.5,3,151.11,18 / 19,3148809,2019-09-06 20:12:34:552,0.0555,-0.4644,8.2346,-0.0149,0.022,9.8066,0.0164,0.0364,-0.0267,-11.31,-33.87,26.75,329.27,-82.72,175.98
52.40468,-1.43373,137.2,26.5,3,151.11,18 / 19,3148909,2019-09-06 20:12:34:652,-0.8987,0.3628,9.0758,-0.0014,-0.0062,9.8066,0.0321,-0.023,0.0926,-11.19,-34.12,27.06,329.9,-82.74,176.52
52.40468,-1.43373,137.2,26.5,3,151.11,18 / 19,3149009,2019-09-06 20:12:34:752,-0.8341,0.2386,10.5265,0.002,0.0247,9.8065,-0.0019,-0.0237,-0.0833,-11,-34.12,27.13,328.09,-82.77,174.92
52.40468,-1.43373,137.2,26.5,3,151.11,18 / 19,3149110,2019-09-06 20:12:34:853,-0.1066,0.1714,11.8667,0.0149,-0.04,9.8065,-0.0006,0.0233,0.0524,-10.94,-34.06,27.44,327.97,-82.73,174.84
52.40468,-1.43373,137.2,26.5,3,151.11,18 / 19,3149209,2019-09-06 20:12:34:952,0.3345,-1.1933,9.8476,0.0177,-0.0257,9.8065,-0.1743,0.0765,0.0313,-11.19,-34,27.13,328.14,-82.41,175.21
52.40468,-1.43373,137.2,26.5,3,151.11,18 / 19,3149310,2019-09-06 20:12:35:053,0.0744,3.4996,8.4873,0.0261,-0.0475,9.8064,-0.4946,0.0391,-0.1307,-10.75,-34.44,27.25,327.82,-82.39,174.95
52.40468,-1.43373,137.2,26.5,3,151.11,18 / 19,3149409,2019-09-06 20:12:35:152,-0.9508,3.6518,8.6879,-0.0629,0.1134,9.8058,0.5009,0.0172,0.1046,-10.62,-33.94,27.31,327.69,-82.39,174.83
52.40468,-1.43373,137.2,26.5,3,151.11,18 / 19,3149510,2019-09-06 20:12:35:253,-0.0847,0.3716,11.6474,-0.0287,0.0629,9.8064,0.2256,0.0183,-0.0382,-11,-33.94,27.19,327.35,-82.88,174.2
52.40468,-1.43373,137.2,26.5,3,151.11,18 / 19,3149610,2019-09-06 20:12:35:353,1.8441,-0.9906,11.4732,-0.0149,0.0125,9.8066,-0.0662,-0.0733,0.0896,-10.75,-33.44,27.75,328.88,-82.67,174.69
52.40468,-1.43373,137.2,26.5,3,151.11,18 / 19,3149710,2019-09-06 20:12:35:453,0.4536,0.0866,10.9135,-0.0066,0.0188,9.8066,-0.0718,0.0023,-0.0699,-11.62,-34.25,27.5,326.86,-82.5,174.86
52.40468,-1.43373,137.2,26.5,3,151.11,18 / 19,3149810,2019-09-06 20:12:35:553,-1.2007,0.7817,10.0324,-0.0167,0.0082,9.8066,0.0642,-0.035,0.0759,-11.81,-33.69,27.69,328.77,-82.58,176.48
52.40468,-1.43373,137.2,26.5,3,151.11,18 / 19,3149910,2019-09-06 20:12:35:653,-0.7493,0.5225,10.0606,-0.0033,0.0432,9.8065,-0.0068,-0.021,-0.0742,-11.5,-34.12,27.75,329.88,-82.75,175.64
52.40468,-1.43373,137.2,26.5,3,151.11,18 / 19,3150009,2019-09-06 20:12:35:752,1.3661,-0.2422,10.1219,0.0078,0.0052,9.8065,-0.0394,-0.0276,0.0605,-11.31,-34.06,27.25,327.34,-82.8,174.25
52.40468,-1.43373,137.2,26.5,3,151.11,18 / 19,3150110,2019-09-06 20:12:35:853,-0.7823,0.0022,9.625,0.0138,-0.0071,9.8065,0.0832,-0.0452,0.0624,-11,-33.87,27,326.13,-82.72,173.24
52.40468,-1.43373,137.2,26.5,3,151.11,18 / 19,3150209,2019-09-06 20:12:35:952,-0.639,-0.1276,9.8094,0.0136,-0.0126,9.8066,-0.1077,0.0355,-0.0267,-10.94,-33.75,27.69,325.83,-82.58,172.21
52.40468,-1.43373,137.2,26.5,3,151.11,18 / 19,3150309,2019-09-06 20:12:36:052,-0.5675,0.7256,10.1797,0.0225,-0.0438,9.8064,-0.0382,0.0209,-0.0145,-11,-34.69,26.81,325.32,-82.43,172.9
52.40468,-1.43373,137.2,26.5,3,151.11,18 / 19,3150410,2019-09-06 20:12:36:153,-1.7648,1.2951,11.8377,-0.0133,0.0293,9.8066,0.2431,-0.1238,-0.0561,-11,-33.87,27.13,325.25,-82.44,172.68
52.40468,-1.43373,137.2,26.5,3,151.11,18 / 19,3150509,2019-09-06 20:12:36:252,-0.7948,0.7716,10.8025,-0.0007,0.0276,9.8065,0.1509,-0.0018,-0.1191,-10.87,-33.75,27.94,325.45,-82.41,172
52.40468,-1.43373,137.2,26.5,3,151.11,18 / 19,3150609,2019-09-06 20:12:36:352,-0.1107,0.5007,9.7402,-0.0068,0.0182,9.8066,0.0502,-0.025,0.084,-10.69,-34.19,27.63,325.06,-82.4,171.67
52.40468,-1.43373,137.2,26.5,3,151.11,18 / 19,3150710,2019-09-06 20:12:36:453,0.0232,-0.8275,10.2633,0.0395,-0.0719,9.8062,0.1981,-0.0018,-0.0461,-10.25,-34.12,28,325.2,-82.77,169.79
52.40468,-1.43373,137.2,26.5,3,151.11,18 / 19,3150810,2019-09-06 20:12:36:553,-0.3341,0.1396,11.3008,0.0218,-0.0681,9.8063,-0.0202,0.0154,0.0173,-10.94,-34.19,27.69,323.79,-82.37,170.58
52.40468,-1.43373,137.2,26.5,3,151.11,18 / 19,3150909,2019-09-06 20:12:36:652,-0.6747,0.6817,10.9749,0.002,-0.0019,9.8066,0.1029,-0.0687,-0.0153,-10.81,-34,27.88,323.77,-82.44,170.51
52.40468,-1.43373,137.2,26.5,3,151.11,18 / 19,3151010,2019-09-06 20:12:36:753,-1.5841,-1.0592,9.3915,0.0212,-0.0293,9.8065,0.1399,0.0368,-0.023,-10.5,-34.12,27.44,324.48,-82.35,170.31
52.40468,-1.43373,137.2,26.5,3,151.11,18 / 19,3151110,2019-09-06 20:12:36:853,0.7158,-2.2275,9.4001,-0.0002,0.0103,9.8065,0.2145,0.0696,0.054,-10.56,-34.19,27.69,323.64,-82.36,170.46
52.40468,-1.43373,137.2,26.5,3,151.11,18 / 19,3151209,2019-09-06 20:12:36:952,-0.5412,1.2813,10.2435,0.0173,0.0038,9.8066,-0.0169,-0.0331,-0.118,-10.69,-34.25,27.38,321.19,-82.45,169.13
52.40468,-1.43373,137.2,26.5,3,151.11,18 / 19,3151310,2019-09-06 20:12:37:053,0.1942,0.7544,10.8481,-0.0282,0.0169,9.8066,0.0777,0.029,0.0801,-10.69,-33.81,27.25,321.11,-82.54,168.98
52.40468,-1.43373,137.2,26.5,3,151.11,18 / 19,3151410,2019-09-06 20:12:37:153,-0.0778,-0.6883,9.6586,0.0139,-0.0033,9.8066,-0.0927,-0.1096,-0.0624,-10.56,-34.25,27.44,321.23,-82.39,169.21
52.40468,-1.43373,137.2,26.5,3,151.11,18 / 19,3151509,2019-09-06 20:12:37:252,0.6594,-1.2297,10.2317,0.0093,0.0075,9.8065,-0.2013,0.0016,-0.0505,-10.37,-33.87,28,323.68,-82.44,168.71
52.40468,-1.43373,137.2,26.5,3,151.11,18 / 19,3151610,2019-09-06 20:12:37:353,-0.2872,0.8823,10.1231,0.0312,-0.0568,9.8063,-0.005,0.1458,0.1289,-10.5,-34.06,27.44,323.94,-82.02,170.08
52.40468,-1.43373,137.2,26.5,3,151.11,18 / 19,3151709,2019-09-06 20:12:37:452,0.2248,2.1588,10.3383,0.0248,-0.0073,9.8066,-0.2165,0.05,-0.1077,-10.81,-33.69,27.69,321.02,-82.04,168.41
52.40468,-1.43373,137.2,26.5,3,151.11,18 / 19,3151809,2019-09-06 20:12:37:552,-1.0604,0.9846,10.2937,-0.0101,-0.0152,9.8066,0.1395,0.0066,0.0398,-10.56,-34.25,27.31,319.93,-82.11,168.3
52.40468,-1.43373,137.2,26.5,3,151.11,18 / 19,3151910,2019-09-06 20:12:37:653,-1.3759,0.7093,9.4673,0.0139,-0.0012,9.8066,-0.2746,-0.0903,-0.1085,-10.37,-34,27.44,322.27,-82.07,168.6
52.40468,-1.43373,137.2,26.5,3,151.11,18 / 19,3152010,2019-09-06 20:12:37:753,-0.3833,-0.8747,9.2784,-0.0172,0.0213,9.8066,0.0136,0.0226,0.0604,-10.19,-33.75,27.94,321.88,-82.27,167.26
52.40468,-1.43373,137.2,26.5,3,151.11,18 / 19,3152110,2019-09-06 20:12:37:853,-2.4803,1.5861,9.5707,0.0372,-0.0648,9.8063,-0.1329,0.0649,0.0602,-9.87,-33.87,27.38,321.72,-81.78,168.36
52.40468,-1.43373,137.2,26.5,3,151.11,18 / 19,3152209,2019-09-06 20:12:37:952,-0.0593,0.0791,10.1717,-0.0327,0.0998,9.806,0.0895,-0.039,-0.1716,-9.62,-33.81,27.81,320.51,-82.24,166.08
52.40468,-1.43373,137.2,26.5,3,151.11,18 / 19,3152310,2019-09-06 20:12:38:053,-0.8434,0.0448,9.7493,-0.0014,-0.0089,9.8066,0.002,0.0073,0.0986,-10.31,-34,28,320.55,-82.06,166.26
52.40468,-1.43373,137.2,26.5,3,151.11,18 / 20,3152409,2019-09-06 20:12:38:152,-0.2876,-1.5759,9.6912,0.0003,0.0471,9.8065,-0.0293,-0.0915,-0.0767,-10.06,-33.56,28.5,321.97,-81.79,166.9
52.40468,-1.43373,137.2,26.5,3,151.11,18 / 20,3152510,2019-09-06 20:12:38:253,-0.1781,1.0023,10.0579,0.0192,-0.0459,9.8065,0.0402,-0.0054,-0.1166,-10.19,-34.69,28.06,318.69,-82.04,164.82
52.40468,-1.43373,137.2,26.5,3,151.11,18 / 20,3152609,2019-09-06 20:12:38:352,0.9658,0.4823,8.7339,0.0169,-0.0269,9.8066,-0.1948,-0.0815,0.0091,-9.75,-33.56,27.19,318.74,-81.81,165.75
52.40468,-1.43373,137.2,26.5,3,151.11,18 / 20,3152709,2019-09-06 20:12:38:452,-0.2111,-0.5067,8.6863,0.0343,-0.0536,9.8064,-0.2943,0.0317,-0.0353,-9.81,-34.37,28.38,318.56,-81.85,164.69
52.40468,-1.43373,137.2,26.5,3,151.11,18 / 20,3152810,2019-09-06 20:12:38:553,-0.4654,1.3972,9.7528,-0.0155,0.0221,9.8066,0.0914,0.02,0.0186,-9.75,-33.94,27.5,318.67,-82.01,164.65
52.40468,-1.43373,137.2,26.5,3,151.11,18 / 20,3152910,2019-09-06 20:12:38:653,-0.4937,0.8569,10.6723,0.023,-0.005,9.8066,-0.0107,0.0002,-0.1031,-9.06,-34.19,28.06,319.06,-81.88,163.33
52.40468,-1.43373,137.2,26.5,3,151.11,18 / 20,3153009,2019-09-06 20:12:38:752,-0.4837,-0.1261,10.6774,0.0167,-0.0226,9.8066,-0.1578,-0.0241,0.0474,-9.12,-34.06,28.13,317.8,-81.87,162.24
52.40468,-1.43373,137.2,26.5,3,151.11,18 / 20,3153109,2019-09-06 20:12:38:852,0.121,-0.0868,9.5182,0.0307,-0.0583,9.8063,-0.0019,0.0495,0.0148,-9.12,-34.25,27.63,317.51,-81.47,162.33
52.40468,-1.43373,137.2,26.5,3,151.11,18 / 20,3153210,2019-09-06 20:12:38:953,-1.1125,-0.0371,9.9616,-0.0333,0.0561,9.8063,0.275,-0.0452,-0.0494,-9.25,-33.37,28,317.72,-81.85,162
52.40468,-1.43373,137.2,26.5,3,151.11,18 / 20,3153310,2019-09-06 20:12:39:053,-1.9124,-0.4539,10.2265,-0.0432,0.0629,9.8063,0.3198,-0.0315,0.0391,-9.37,-34.37,27.94,318.27,-81.93,162.6
52.40468,-1.43373,137.2,26.5,3,151.11,18 / 19,3153409,2019-09-06 20:12:39:152,-0.0346,0.8345,9.8857,0.0255,-0.0555,9.8064,-0.2115,-0.0592,0.0245,-9.31,-34.06,28.13,320.3,-81.62,164.62
52.40468,-1.43373,137.2,26.5,3,151.11,18 / 19,3153510,2019-09-06 20:12:39:253,-0.3425,-0.2263,9.3419,-0.0025,-0.0154,9.8066,-0.0968,-0.0203,-0.0253,-9.62,-34.19,28.25,317.8,-81.73,164.12
52.40468,-1.43373,137.2,26.5,3,151.11,18 / 19,3153610,2019-09-06 20:12:39:353,-1.7046,0.8516,9.6642,0.0242,-0.0476,9.8065,0.1424,-0.103,-0.0224,-9.5,-34.12,28.06,320.25,-82,164.28
52.40468,-1.43373,137.2,26.5,3,151.11,18 / 19,3153709,2019-09-06 20:12:39:452,0.1459,-1.4851,10.1766,0.0265,-0.0351,9.8065,0.1768,-0.0518,-0.1091,-9,-34.12,28.19,320.06,-81.63,164.41
52.40468,-1.43373,137.2,26.5,3,151.11,18 / 19,3153810,2019-09-06 20:12:39:553,-0.6057,0.9958,10.996,-0.0014,0.0105,9.8066,0.1447,0.0094,0.0137,-9.44,-34.06,28,319.19,-81.6,163.68
52.40468,-1.43373,137.2,26.5,3,151.11,18 / 19,3153909,2019-09-06 20:12:39:652,-1.1307,2.0664,10.6506,-0.0162,0.0407,9.8065,0.1594,0.0015,-0.0494,-9,-33.81,28.31,318.54,-81.55,163.16
52.40468,-1.43373,137.2,26.5,3,151.11,18 / 19,3154009,2019-09-06 20:12:39:752,-0.4105,-1.8111,8.9095,0.013,-0.0192,9.8066,-0.2991,-0.0693,0.0964,-9.06,-34.25,28.13,318.81,-81.46,163.46
52.40468,-1.43373,137.2,26.5,3,151.11,18 / 19,3154110,2019-09-06 20:12:39:853,-0.58,2.3685,9.9736,0.0353,-0.0304,9.8064,-0.1265,-0.1211,-0.107,-8.87,-34.06,28.06,318.11,-81.56,162.78
52.40468,-1.43373,137.2,26.5,3,151.11,18 / 19,3154210,2019-09-06 20:12:39:953,-1.5128,0.9581,11.187,0.0041,-0.0472,9.8065,0.1089,-0.012,0.0437,-9.06,-33.94,28.19,317.28,-81.84,161.81
52.40468,-1.43373,137.2,26.5,3,151.11,18 / 19,3154310,2019-09-06 20:12:40:053,-0.0856,0.3711,8.9075,0.0168,-0.0529,9.8064,0.0025,0.0199,0.0314,-9.25,-34.19,28.19,319.62,-81.42,164.2
52.40468,-1.43373,137.2,26.5,3,151.11,18 / 19,3154409,2019-09-06 20:12:40:152,-0.3611,-0.2619,9.3111,0.0053,0.0337,9.8065,0.0744,-0.1103,-0.0691,-9.12,-34,28.06,317.96,-81.49,162.7
52.40468,-1.43373,137.2,26.5,3,151.11,18 / 19,3154510,2019-09-06 20:12:40:253,-0.0044,-1.2444,8.8276,-0.012,0.0366,9.8065,0.1498,0.0046,0.0378,-8.81,-33.62,27.75,317.52,-81.6,162.23
52.40468,-1.43373,137.2,26.5,3,151.11,18 / 19,3154610,2019-09-06 20:12:40:353,-1.2192,0.5046,10.3941,-0.0023,0.0165,9.8066,0.0138,0.0001,-0.0575,-9.37,-34.25,28.44,318.5,-81.5,163.17
52.40468,-1.43373,137.2,26.5,3,151.11,18 / 19,3154710,2019-09-06 20:12:40:453,-0.2074,-0.9688,9.3771,-0.0104,0.0337,9.8065,0.1252,0.0404,-0.0075,-9.12,-34.87,28.19,317.26,-81.74,162.07
52.40468,-1.43373,137.2,26.5,3,151.11,18 / 19,3154810,2019-09-06 20:12:40:553,-0.0855,0.3788,9.7592,0.0172,-0.0085,9.8066,0.0859,-0.0539,0.0031,-8.69,-33.94,28.63,318.86,-81.42,162.76
52.40468,-1.43373,137.2,26.5,3,151.11,18 / 19,3154910,2019-09-06 20:12:40:653,-0.5271,1.7233,10.1549,-0.0084,-0.0024,9.8065,-0.2536,0.0226,-0.0427,-9.19,-34,28.25,317.37,-81.5,162.19
52.40468,-1.43373,137.2,26.5,3,151.11,18 / 19,3155009,2019-09-06 20:12:40:752,-1.5188,2.5098,10.0445,-0.0107,0.0159,9.8066,0.2587,-0.0482,0.0919,-9.31,-34.31,28.25,318.26,-81.56,162.91
52.40468,-1.43373,137.2,26.5,3,151.11,18 / 19,3155109,2019-09-06 20:12:40:852,-1.4202,2.1531,9.9669,0.0218,0.0092,9.8065,0.0386,-0.0564,-0.0726,-8.62,-33.62,27.81,317.08,-81.51,161.93
52.40468,-1.43373,137.2,26.5,3,151.11,18 / 19,3155209,2019-09-06 20:12:40:952,0.2098,-0.8257,11.1744,-0.0319,0.0413,9.8065,0.3764,-0.0681,0.0246,-8.56,-34.12,28.38,316.45,-81.31,161.54
52.40468,-1.43373,137.2,26.5,3,151.11,18 / 19,3155310,2019-09-06 20:12:41:053,-1.1264,-0.2377,11.1158,-0.0375,0.075,9.8063,0.3148,-0.0518,0.0375,-8.87,-33.69,28.75,317.99,-81.49,161.94
52.4027,-1.432001,137.01,27.94,2,154.38,18 / 19,3155411,2019-09-06 20:12:41:154,-0.3132,-0.886,9.8707,0.0325,-0.0576,9.8064,-0.3315,0.0144,0.0183,-8.75,-33.94,28.56,318.26,-81.11,162.49
52.4027,-1.432001,137.01,27.94,2,154.38,18 / 19,3155509,2019-09-06 20:12:41:252,-1.5243,1.3718,9.8945,0.0247,-0.0427,9.8064,-0.1217,0.0184,0.0075,-8.94,-34.06,28.56,317.95,-81.21,162.15
52.4027,-1.432001,137.01,27.94,2,154.38,18 / 19,3155610,2019-09-06 20:12:41:353,-1.3206,1.1097,10.661,-0.0062,0.009,9.8065,0.0081,0.0626,0.0818,-8.69,-34.12,28.25,316.8,-81.4,161.77
52.4027,-1.432001,137.01,27.94,2,154.38,18 / 19,3155710,2019-09-06 20:12:41:453,-0.743,0.7445,10.0001,-0.0021,-0.024,9.8065,-0.0824,-0.0725,0.0244,-8.56,-34.12,28.25,317,-81.5,161.86
52.4027,-1.432001,137.01,27.94,2,154.38,18 / 19,3155810,2019-09-06 20:12:41:553,-1.0352,-0.5517,9.9831,-0.0044,-0.0186,9.8066,-0.0656,0.0379,-0.1368,-8.37,-33.94,28.5,321.89,-81.46,163.59
52.4027,-1.432001,137.01,27.94,2,154.38,18 / 19,3155909,2019-09-06 20:12:41:652,-3.184,-0.2427,9.7698,0.0145,0.0033,9.8066,-0.0419,-0.0496,0.2072,-9.31,-34.19,28.5,319.11,-81.42,162.98
52.4027,-1.432001,137.01,27.94,2,154.38,18 / 19,3156010,2019-09-06 20:12:41:753,-2.0454,-1.3402,10.198,0.0103,-0.0631,9.8063,-0.0764,0.0157,-0.1249,-8.69,-33.87,29,318.54,-81.66,162.28
52.4027,-1.432001,137.01,27.94,2,154.38,18 / 19,3156109,2019-09-06 20:12:41:852,0.0731,0.9841,11.2789,0.0165,-0.0252,9.8065,0.061,-0.0312,-0.1176,-8.44,-34,28.88,321.38,-81.41,163.19
52.4027,-1.432001,137.01,27.94,2,154.38,18 / 19,3156209,2019-09-06 20:12:41:952,0.6428,-0.72,11.2139,-0.0041,0.0203,9.8066,-0.163,0.0047,0.0823,-8.25,-33.75,28.75,320.35,-81.53,162.2
52.4027,-1.432001,137.01,27.94,2,154.38,18 / 19,3156309,2019-09-06 20:12:42:052,-0.1921,-0.8819,10.5546,0.0365,-0.1116,9.8059,-0.2549,-0.0671,-0.0375,-8.25,-34,28.38,320.63,-81.61,163.11
52.4027,-1.432001,137.01,27.94,2,154.38,18 / 19,3156410,2019-09-06 20:12:42:153,-0.9663,0.841,9.869,-0.0108,0.0382,9.8065,0.133,-0.0208,-0.0115,-8.37,-33.56,28.5,322.43,-81.12,164.32
52.4027,-1.432001,137.01,27.94,2,154.38,18 / 19,3156509,2019-09-06 20:12:42:252,-1.7157,-0.5279,10.5102,-0.0014,0.0088,9.8066,-0.0433,-0.0983,0.0137,-8.44,-33.81,29,321.33,-81.28,163.25
52.4027,-1.432001,137.01,27.94,2,154.38,18 / 19,3156610,2019-09-06 20:12:42:353,-1.6125,1.3981,11.1144,0.0032,0.022,9.8066,0.0738,0.0025,-0.0043,-8.62,-33.87,28.75,318.63,-81.35,162.62
52.4027,-1.432001,137.01,27.94,2,154.38,18 / 19,3156710,2019-09-06 20:12:42:453,0.361,0.3382,10.0325,0.0231,-0.0662,9.8064,-0.259,0.0152,-0.1294,-8.19,-34.19,28.81,320.15,-81.44,162.1
52.4027,-1.432001,137.01,27.94,2,154.38,18 / 19,3156809,2019-09-06 20:12:42:552,-1.1574,0.8843,9.1192,-0.0413,0.0852,9.8062,0.3266,-0.0611,0.1467,-7.87,-33.5,29,321.26,-80.88,163.31
52.4027,-1.432001,137.01,27.94,2,154.38,18 / 19,3156909,2019-09-06 20:12:42:652,-0.8546,1.9491,10.0956,-0.0384,0.0491,9.8064,0.0076,-0.0348,-0.0259,-7.94,-33.56,29,321.95,-81.36,163.72
52.4027,-1.432001,137.01,27.94,2,154.38,18 / 19,3157009,2019-09-06 20:12:42:752,-1.3588,1.4677,9.3974,-0.0128,0.0507,9.8064,0.2505,-0.0093,0.0922,-8.31,-33.56,28.25,321.3,-81.28,163.95
52.4027,-1.432001,137.01,27.94,2,154.38,18 / 19,3157110,2019-09-06 20:12:42:853,-0.7339,0.4529,10.0112,-0.0137,-0.0159,9.8066,-0.0177,-0.0433,-0.0967,-8.56,-34.25,29.13,321.58,-81.42,165.12
52.4027,-1.432001,137.01,27.94,2,154.38,18 / 19,3157210,2019-09-06 20:12:42:953,-1.447,1.95,10.9957,-0.0042,0.0222,9.8065,0.0383,0.0181,0.0964,-8.25,-33.81,29.56,324.7,-81.46,165.34
52.4027,-1.432001,137.01,27.94,2,154.38,18 / 19,3157310,2019-09-06 20:12:43:053,-0.479,1.7041,11.598,0.0044,-0.0262,9.8066,0.0982,-0.1138,-0.0329,-8.37,-34,29.25,323.35,-81.46,164.85
52.4027,-1.432001,137.01,27.94,2,154.38,19 / 20,3157409,2019-09-06 20:12:43:152,-1.4098,0.4991,9.7517,0.0126,-0.0168,9.8066,0.1156,0.0463,-0.0208,-7.81,-33.44,29.06,324.4,-81.11,165.83
52.4027,-1.432001,137.01,27.94,2,154.38,19 / 20,3157510,2019-09-06 20:12:43:253,-0.7172,1.0494,9.765,-0.0047,0.0103,9.8066,-0.0139,0.0207,0.029,-8.31,-33.75,29.19,323.46,-81.26,165.09
52.4027,-1.432001,137.01,27.94,2,154.38,19 / 20,3157609,2019-09-06 20:12:43:352,-0.8416,2.0203,10.4442,0.0063,-0.0185,9.8066,0.0453,-0.0499,0.0091,-8.25,-33.37,28.94,323.65,-81.24,165.1
52.4027,-1.432001,137.01,27.94,2,154.38,19 / 20,3157709,2019-09-06 20:12:43:452,-1.5407,1.3974,9.4118,0.0066,-0.0149,9.8065,-0.0828,-0.0686,-0.0052,-7.31,-34,28.56,325.44,-81.39,164.89
52.4027,-1.432001,137.01,27.94,2,154.38,19 / 20,3157809,2019-09-06 20:12:43:552,-0.9499,1.3832,9.4901,0.0191,-0.0236,9.8065,-0.1318,-0.0222,0.0499,-8.56,-34.12,28.81,321.25,-81.11,165.08
52.4027,-1.432001,137.01,27.94,2,154.38,19 / 20,3157909,2019-09-06 20:12:43:652,-1.2318,0.7033,9.1553,-0.037,0.045,9.8064,0.1323,0.056,-0.0873,-7.75,-33.62,28.69,323.84,-81.39,165.32
52.4027,-1.432001,137.01,27.94,2,154.38,19 / 20,3158009,2019-09-06 20:12:43:752,-0.8937,-0.3679,10.8191,-0.0189,0.0461,9.8064,0.1761,-0.0931,0.1044,-8.12,-33.81,29.25,323.72,-81.41,165.2
52.4027,-1.432001,137.01,27.94,2,154.38,19 / 20,3158110,2019-09-06 20:12:43:853,-0.8174,2.0303,10.857,-0.0018,-0.0062,9.8066,0.0403,-0.0365,-0.1214,-7.37,-33.94,29.56,326.55,-81.37,165.23
52.4027,-1.432001,137.01,27.94,2,154.38,19 / 20,3158209,2019-09-06 20:12:43:952,-0.1186,1.9385,9.7311,0.0066,0.0244,9.8066,0.0079,-0.0855,0.1054,-7.44,-33.69,29.06,325.05,-81.27,164.64
52.4027,-1.432001,137.01,27.94,2,154.38,19 / 20,3158310,2019-09-06 20:12:44:053,-0.8895,-0.4126,9.5599,-0.0219,0.0131,9.8066,0.0805,-0.0545,0.0638,-7.5,-33.44,28.88,325.65,-81.13,165.09
52.4027,-1.432001,137.01,27.94,2,154.38,18 / 19,3158410,2019-09-06 20:12:44:153,-0.1226,-0.4581,9.4104,-0.0125,-0.0033,9.8066,-0.0542,-0.0586,-0.0282,-8,-33.81,29.88,326.07,-81.24,166.68
52.4027,-1.432001,137.01,27.94,2,154.38,18 / 19,3158509,2019-09-06 20:12:44:252,-1.2031,-0.5783,10.3049,0.0099,-0.0142,9.8065,-0.1029,-0.0123,0.0193,-7.69,-34.06,29.13,326.21,-81.19,167.49
52.4027,-1.432001,137.01,27.94,2,154.38,18 / 19,3158610,2019-09-06 20:12:44:353,-0.3415,2.0779,8.7746,0.0198,-0.0372,9.8065,-0.1658,-0.0383,-0.1351,-7.81,-33.25,29.13,326.01,-81.12,167.21
52.4027,-1.432001,137.01,27.94,2,154.38,18 / 19,3158710,2019-09-06 20:12:44:453,-1.3245,1.317,9.299,0.0255,-0.0456,9.8064,-0.3073,0.0672,-0.0966,-7.87,-33.94,29.44,326.08,-81.02,167.5
52.4027,-1.432001,137.01,27.94,2,154.38,18 / 19,3158811,2019-09-06 20:12:44:554,-1.5331,0.5745,9.6473,0.0327,-0.0455,9.8064,0.1073,-0.0372,0.0276,-7.75,-33,29.25,324.2,-81.02,165.74
52.4027,-1.432001,137.01,27.94,2,154.38,18 / 19,3158910,2019-09-06 20:12:44:653,-0.1137,0.3332,9.4884,-0.003,-0.0026,9.8066,-0.0028,-0.0408,-0.0456,-7.56,-33.62,29.31,324.66,-81.11,166.23
52.4027,-1.432001,137.01,27.94,2,154.38,18 / 19,3159010,2019-09-06 20:12:44:753,0.0237,-0.6384,9.7128,0.0011,-0.0009,9.8066,-0.0031,-0.0425,0.0282,-7.69,-32.87,29.25,325.18,-81.23,166.42
52.4027,-1.432001,137.01,27.94,2,154.38,18 / 19,3159110,2019-09-06 20:12:44:853,-0.2943,-0.3801,9.7805,-0.0011,0.024,9.8066,0.0825,0.0719,-0.0175,-7.5,-33.37,29.44,327.48,-81.37,166.48
52.4027,-1.432001,137.01,27.94,2,154.38,18 / 19,3159209,2019-09-06 20:12:44:952,-0.4462,0.7045,10.4244,0.0009,-0.0055,9.8066,-0.0098,-0.0105,-0.0731,-7.62,-33.25,29.19,325.26,-81.33,166.42
52.4027,-1.432001,137.01,27.94,2,154.38,18 / 19,3159310,2019-09-06 20:12:45:053,-1.1104,-0.8119,10.6109,-0.0011,0.022,9.8065,0.2264,-0.0785,0.0354,-7.25,-32.94,29.06,327.37,-81.22,166.49
52.4027,-1.432001,137.01,27.94,2,154.38,18 / 19,3159409,2019-09-06 20:12:45:152,-0.1475,-0.6646,9.9993,-0.0229,0.0239,9.8066,-0.1777,0.0877,-0.0221,-7.56,-33.19,29.88,326.79,-81.12,167.21
52.4027,-1.432001,137.01,27.94,2,154.38,18 / 19,3159509,2019-09-06 20:12:45:252,-2.162,0.9518,9.7829,-0.0104,0.0048,9.8066,-0.0963,-0.0861,0.1412,-7.31,-33.19,29.56,329.24,-81.07,167.58
52.4027,-1.432001,137.01,27.94,2,154.38,18 / 19,3159610,2019-09-06 20:12:45:353,-0.8907,-0.5857,9.3551,-0.0142,-0.0082,9.8066,-0.0205,-0.0124,-0.0615,-7.69,-33.06,30,328.76,-81.23,168.82
52.4027,-1.432001,137.01,27.94,2,154.38,18 / 19,3159709,2019-09-06 20:12:45:452,-1.2242,1.4445,9.4994,-0.0094,0.0388,9.8065,0.1214,-0.1418,0.0837,-7.5,-33.19,29.25,328.98,-81.35,167.77
52.4027,-1.432001,137.01,27.94,2,154.38,18 / 19,3159809,2019-09-06 20:12:45:552,-0.4354,-1.2794,9.8601,-0.0076,0.0092,9.8066,-0.0081,0.0026,-0.0053,-7,-33.31,29.44,329.63,-81.11,168.48
52.4027,-1.432001,137.01,27.94,2,154.38,18 / 19,3159911,2019-09-06 20:12:45:654,-1.3415,-0.3201,10.0111,0.013,-0.0086,9.8066,0.0463,-0.1309,0.0511,-7.12,-33.19,29.69,328.91,-81.01,167.33
52.4027,-1.432001,137.01,27.94,2,154.38,18 / 19,3160009,2019-09-06 20:12:45:752,-0.4949,-0.0053,10.8937,-0.0033,-0.0024,9.8066,-0.0591,0.005,-0.0411,-6.87,-33.37,30.25,328.88,-80.92,167.36
52.4027,-1.432001,137.01,27.94,2,154.38,18 / 19,3160110,2019-09-06 20:12:45:853,-0.7683,1.3256,9.6603,0.0168,-0.0607,9.8064,-0.2088,-0.029,-0.0593,-6.94,-33.12,29.19,328.15,-80.77,167.45
52.4027,-1.432001,137.01,27.94,2,154.38,18 / 19,3160210,2019-09-06 20:12:45:953,1.0031,0.9492,9.5382,0.0181,-0.0341,9.8065,0.0918,-0.083,0.1665,-7.06,-33.06,29.75,328.78,-80.86,167.31
52.4027,-1.432001,137.01,27.94,2,154.38,18 / 19,3160310,2019-09-06 20:12:46:053,0.4995,-0.8606,9.1131,-0.0147,-0.0234,9.8065,-0.1482,0.0746,-0.0633,-7.19,-32.25,30.13,330.44,-80.89,168.55
52.4027,-1.432001,137.01,27.94,2,154.38,18 / 19,3160409,2019-09-06 20:12:46:152,-0.9544,1.1928,10.1794,0.0148,-0.0339,9.8065,0.1967,-0.0592,0.034,-6.62,-32.37,29.69,330.61,-80.92,168.68
52.4027,-1.432001,137.01,27.94,2,154.38,18 / 19,3160510,2019-09-06 20:12:46:253,-0.2981,2.9267,11.0191,-0.0141,-0.0112,9.8066,-0.2499,-0.0092,-0.1571,-6.69,-32.19,30.13,332,-81.02,169.8
52.4027,-1.432001,137.01,27.94,2,154.38,18 / 19,3160609,2019-09-06 20:12:46:352,-1.0249,1.5294,9.5802,0.0146,-0.0008,9.8066,0.3094,0.0178,0.1049,-7.31,-32.06,29.88,331.33,-80.91,169.29
52.4027,-1.432001,137.01,27.94,2,154.38,18 / 19,3160710,2019-09-06 20:12:46:453,0.3521,-2.1082,10.2023,-0.0426,0.0662,9.8063,0.3393,-0.0202,-0.0501,-7.19,-31.44,29.88,331.84,-81.32,169.36
52.4027,-1.432001,137.01,27.94,2,154.38,18 / 19,3160810,2019-09-06 20:12:46:553,-0.0196,-1.0207,10.4265,0.0292,-0.0735,9.8063,-0.1256,-0.1016,-0.0401,-7.37,-31.12,29.44,331.7,-81.27,169.85
52.4027,-1.432001,137.01,27.94,2,154.38,18 / 19,3160909,2019-09-06 20:12:46:652,-0.1961,-1.9137,10.6288,0.0245,-0.0358,9.8065,0.0549,0.0028,0.0788,-7.06,-31.94,30.31,331.74,-81.06,169.56
52.4027,-1.432001,137.01,27.94,2,154.38,18 / 19,3161009,2019-09-06 20:12:46:752,-0.0497,1.0011,9.0167,0.0051,-0.0272,9.8065,-0.0621,-0.0981,0.0452,-6.81,-32.37,29.75,331.29,-80.84,169.31
52.4027,-1.432001,137.01,27.94,2,154.38,18 / 19,3161110,2019-09-06 20:12:46:853,-0.7282,0.7136,9.2013,-0.0127,0.0284,9.8066,-0.0701,-0.1036,-0.0077,-6.94,-32.37,30.31,331.93,-81.04,169.73
52.4027,-1.432001,137.01,27.94,2,154.38,18 / 19,3161209,2019-09-06 20:12:46:952,-0.689,0.2144,8.9598,-0.0107,0.0454,9.8065,0.1271,-0.1009,0.0851,-7.19,-32.56,30.44,331.92,-81.15,169.8
52.4027,-1.432001,137.01,27.94,2,154.38,18 / 19,3161309,2019-09-06 20:12:47:052,-0.4624,-0.7422,10.056,-0.007,0.0099,9.8065,0.2736,-0.111,0.0458,-6.5,-32.37,30.44,335.31,-81.1,170.77
52.4027,-1.432001,137.01,27.94,2,154.38,18 / 20,3161410,2019-09-06 20:12:47:153,-0.5683,-3.8507,10.7333,-0.0221,0.0511,9.8065,-0.3198,0.023,-0.0289,-6.56,-32.75,30.25,333.62,-81.24,171.19
52.4027,-1.432001,137.01,27.94,2,154.38,18 / 20,3161509,2019-09-06 20:12:47:252,-1.1771,0.2221,9.3144,0.0247,-0.035,9.8065,-0.0885,-0.0012,0.1008,-6.94,-33.06,30.13,333.99,-81.09,171.58
52.4027,-1.432001,137.01,27.94,2,154.38,18 / 20,3161609,2019-09-06 20:12:47:352,-2.0839,-0.8245,9.697,0.0156,-0.0628,9.8063,0.0163,0.0394,-0.1021,-6.44,-32.62,30.25,336.1,-80.82,171.69
52.4027,-1.432001,137.01,27.94,2,154.38,18 / 20,3161710,2019-09-06 20:12:47:453,-0.2626,1.1897,10.2903,0.0058,0.0106,9.8066,0.0355,-0.0662,-0.02,-6.56,-33.31,30.06,332.94,-80.89,170.81
52.4027,-1.432001,137.01,27.94,2,154.38,18 / 20,3161810,2019-09-06 20:12:47:553,-0.1278,-1.3379,9.9173,-0.0051,0.0108,9.8066,-0.0664,0.0208,0.0176,-6.56,-33.19,30.38,333.03,-80.85,170.9
52.4027,-1.432001,137.01,27.94,2,154.38,18 / 20,3161910,2019-09-06 20:12:47:653,-0.3347,0.2118,10.0506,0.0074,0.0005,9.8066,-0.0294,-0.0398,0.0426,-6.31,-33.19,30.5,335.03,-80.86,170.29
52.4027,-1.432001,137.01,27.94,2,154.38,18 / 20,3162009,2019-09-06 20:12:47:752,-1.1823,1.0665,10.456,0.0041,-0.0302,9.8066,0.1134,0.1386,-0.0396,-6.06,-33.75,30.13,334.86,-80.75,170.82
52.4027,-1.432001,137.01,27.94,2,154.38,18 / 20,3162110,2019-09-06 20:12:47:853,-1.9949,-0.5985,9.9494,-0.023,0.0289,9.8065,0.3246,-0.0947,0.1235,-5.75,-33.87,30.25,333.32,-80.81,169.51
52.4027,-1.432001,137.01,27.94,2,154.38,18 / 20,3162210,2019-09-06 20:12:47:953,-2.3339,-0.4911,11.1447,-0.039,0.0337,9.8065,-0.048,-0.0317,-0.034,-5.56,-33.12,30.75,337.08,-80.88,172
52.4027,-1.432001,137.01,27.94,2,154.38,18 / 20,3162310,2019-09-06 20:12:48:053,-0.6547,-0.6962,11.5844,-0.0049,-0.0294,9.8066,0.1968,0.0158,-0.0307,-6,-33.12,30.38,337.92,-80.7,173.25
52.4027,-1.432001,137.01,27.94,2,154.38,18 / 19,3162409,2019-09-06 20:12:48:152,-0.7881,-0.319,8.8356,-0.0027,0.0202,9.8066,-0.2946,-0.0708,0.1411,-6.56,-32.44,30.19,335.83,-80.86,173.12
52.4027,-1.432001,137.01,27.94,2,154.38,18 / 19,3162510,2019-09-06 20:12:48:253,0.2352,-0.3739,9.9693,-0.0022,-0.0344,9.8066,-0.0797,0.042,-0.0708,-6.25,-33,30.38,337.74,-81.03,172.96
52.4027,-1.432001,137.01,27.94,2,154.38,18 / 19,3162610,2019-09-06 20:12:48:353,0.4115,-0.1788,9.6106,0.0118,-0.018,9.8066,-0.0164,-0.0577,0.0468,-5.75,-33.37,29.81,338.04,-80.87,173.28
52.4027,-1.432001,137.01,27.94,2,154.38,18 / 19,3162709,2019-09-06 20:12:48:452,-1.0956,-0.3189,10.1382,-0.0139,0.0334,9.8066,-0.0219,-0.1121,-0.0384,-5.94,-33.94,31.25,338.45,-81.02,173.18
52.4027,-1.432001,137.01,27.94,2,154.38,18 / 19,3162810,2019-09-06 20:12:48:553,-0.6031,1.2462,10.0768,-0.007,0.0321,9.8065,0.1296,-0.1228,0.0407,-5.5,-33.44,30.81,340.95,-80.92,173.44
52.4027,-1.432001,137.01,27.94,2,154.38,18 / 19,3162910,2019-09-06 20:12:48:653,-0.3787,1.1634,9.8357,-0.0121,0.0432,9.8065,0.0192,-0.1648,0.0059,-5.87,-32.81,31.06,338.32,-80.99,172.99
52.4027,-1.432001,137.01,27.94,2,154.38,18 / 19,3163009,2019-09-06 20:12:48:752,-0.1492,-0.152,9.7599,-0.0148,0.0588,9.8065,-0.0145,-0.0473,0.0648,-5.81,-32.87,30.81,338.46,-80.92,173.14
52.4027,-1.432001,137.01,27.94,2,154.38,18 / 19,3163110,2019-09-06 20:12:48:853,-0.5357,1.1868,10.1566,-0.0105,0.0069,9.8066,0.0845,-0.0083,0.0214,-5.62,-33.06,30.75,338.31,-80.79,173.07
52.4027,-1.432001,137.01,27.94,2,154.38,18 / 19,3163209,2019-09-06 20:12:48:952,-0.7159,-2.1442,10.3334,-0.0015,0.0555,9.8064,-0.203,-0.1192,0.0515,-5.25,-32.94,31.5,341.02,-80.95,173.11
52.4027,-1.432001,137.01,27.94,2,154.38,18 / 19,3163309,2019-09-06 20:12:49:052,-0.2358,-0.8134,9.6085,0.0119,-0.0486,9.8064,-0.1743,-0.0291,-0.1168,-5.31,-32.94,30.63,341.69,-80.86,174.08
52.4027,-1.432001,137.01,27.94,2,154.38,18 / 19,3163410,2019-09-06 20:12:49:153,-0.135,0.4723,10.012,0.0439,-0.03,9.8065,0.0833,0.0241,0.1215,-5.37,-33,31.06,339.33,-80.8,172.14
52.4027,-1.432001,137.01,27.94,2,154.38,18 / 19,3163510,2019-09-06 20:12:49:253,1.5235,0.7212,9.9264,-0.0099,0.0047,9.8066,0.0027,-0.0433,-0.0364,-6,-33.44,30.81,336.7,-80.83,171.71
52.4027,-1.432001,137.01,27.94,2,154.38,18 / 19,3163609,2019-09-06 20:12:49:352,-1.1813,-1.5544,9.5584,-0.0146,0.004,9.8066,-0.0354,-0.0322,0.0477,-5.5,-33.12,30.63,340.63,-80.76,173.24
52.4027,-1.432001,137.01,27.94,2,154.38,18 / 19,3163709,2019-09-06 20:12:49:452,-0.6285,0.3067,9.4598,0.0032,-0.0224,9.8066,-0.1901,-0.0471,0.0159,-5.56,-32.81,30.94,339.47,-80.97,173.96
52.4027,-1.432001,137.01,27.94,2,154.38,18 / 19,3163810,2019-09-06 20:12:49:553,0.0535,1.3601,9.7663,0.0215,-0.0383,9.8065,0.2317,-0.0561,0.0714,-5.5,-33,31,341.35,-80.84,173.81
52.4027,-1.432001,137.01,27.94,2,154.38,18 / 19,3163909,2019-09-06 20:12:49:652,-0.7175,0.4234,10.2106,0.006,-0.0132,9.8066,-0.0121,-0.0366,-0.0641,-4.94,-33.25,30.94,340.27,-80.64,172.99
52.4027,-1.432001,137.01,27.94,2,154.38,18 / 19,3164009,2019-09-06 20:12:49:752,-1.1589,0.6962,9.9292,0.0194,0.0054,9.8065,0.0191,0.0426,0.0449,-4.87,-32.81,31,339.29,-80.59,172.19
52.4027,-1.432001,137.01,27.94,2,154.38,18 / 19,3164110,2019-09-06 20:12:49:853,1.138,0.3652,10.4727,0.001,-0.0085,9.8066,0.0317,-0.0562,-0.0704,-4.31,-32.31,30.75,339.93,-80.56,170.84
52.4027,-1.432001,137.01,27.94,2,154.38,18 / 19,3164209,2019-09-06 20:12:49:952,-2.0024,-0.5438,10.01,0.0107,-0.0213,9.8065,0.019,-0.0409,-0.059,-4.19,-32.62,30.69,339.75,-80.56,170.8
52.4027,-1.432001,137.01,27.94,2,154.38,18 / 19,3164309,2019-09-06 20:12:50:052,-1.1275,-0.5087,9.9973,0.0031,0.0097,9.8066,0.0522,-0.0677,0.0402,-4,-32.69,30.56,338.19,-80.59,169.49
52.40068,-1.430801,136.46,26.9,2,167.49,18 / 19,3164409,2019-09-06 20:12:50:152,-0.3994,-0.0952,9.8584,0.0054,0.0014,9.8066,0.0303,-0.0345,-0.0009,-4.5,-32.94,31.31,337.54,-80.61,168.94
52.40068,-1.430801,136.46,26.9,2,167.49,18 / 19,3164510,2019-09-06 20:12:50:253,0.4902,-0.5079,10.1171,-0.0063,0.0065,9.8066,-0.0047,0.0012,0.0196,-4.12,-32.75,31,337.23,-80.6,168.69
52.40068,-1.430801,136.46,26.9,2,167.49,18 / 19,3164610,2019-09-06 20:12:50:353,-1.5447,0.4426,9.3172,-0.0068,0.013,9.8066,0.0369,0.0358,-0.1515,-4.25,-32.62,30.63,337.65,-80.64,169.02
52.40068,-1.430801,136.46,26.9,2,167.49,18 / 19,3164710,2019-09-06 20:12:50:453,0.8668,-1.3969,10.3622,0.009,0.0418,9.8065,0.2548,0.0228,0.019,-4.25,-32.87,30.44,336.46,-80.65,168.4
52.40068,-1.430801,136.46,26.9,2,167.49,18 / 19,3164809,2019-09-06 20:12:50:552,0.4901,-2.5834,10.5084,-0.0089,0.0255,9.8066,-0.2318,-0.0487,0.0073,-3.69,-32.81,31.56,336.61,-80.6,167.83
52.40068,-1.430801,136.46,26.9,2,167.49,18 / 19,3164909,2019-09-06 20:12:50:652,-0.1186,-0.9849,10.1425,0.0107,-0.0527,9.8065,-0.1157,-0.0042,-0.0456,-3.75,-32.37,31.06,336.07,-80.62,167.59
52.40068,-1.430801,136.46,26.9,2,167.49,18 / 19,3165010,2019-09-06 20:12:50:753,0.2666,-0.5776,9.5135,0.007,-0.0358,9.8065,0.1112,-0.0472,0.0368,-4.06,-32.94,31.38,336.18,-80.35,167.94
52.40068,-1.430801,136.46,26.9,2,167.49,18 / 19,3165110,2019-09-06 20:12:50:853,-0.6612,-0.0834,10.368,-0.0152,0.0047,9.8066,0.008,0.0033,0.0035,-4.19,-32.94,31,336.8,-80.65,168.31
52.40068,-1.430801,136.46,26.9,2,167.49,18 / 19,3165210,2019-09-06 20:12:50:953,-0.468,0.6755,9.9393,0.0054,-0.0128,9.8066,0.0974,-0.0519,0.0819,-3.94,-32.75,31.25,336.76,-80.59,168.31
52.40068,-1.430801,136.46,26.9,2,167.49,18 / 19,3165309,2019-09-06 20:12:51:052,-0.3235,-0.2753,8.8621,-0.0041,-0.0055,9.8066,-0.1121,-0.1083,-0.0304,-3.44,-32.5,31.5,339.37,-80.51,168.3
52.40068,-1.430801,136.46,26.9,2,167.49,17 / 19,3165410,2019-09-06 20:12:51:153,-1.653,-0.5608,10.7266,-0.0055,-0.001,9.8066,0.193,-0.0856,0.0334,-3.62,-32.69,31.19,336.93,-80.52,168.48
52.40068,-1.430801,136.46,26.9,2,167.49,17 / 19,3165509,2019-09-06 20:12:51:252,-1.4283,-0.2521,10.6437,-0.0056,0.0066,9.8066,0.0747,-0.0318,0.0265,-3.87,-32.87,31,336.77,-80.59,168.32
52.40068,-1.430801,136.46,26.9,2,167.49,17 / 19,3165610,2019-09-06 20:12:51:353,-0.9612,0.0512,9.9508,-0.0014,-0.0141,9.8066,-0.0875,0.0112,-0.0368,-3.94,-32.75,31.5,337.73,-80.6,168.76
52.40068,-1.430801,136.46,26.9,2,167.49,17 / 19,3165710,2019-09-06 20:12:51:453,-0.4966,0.0828,9.3086,0.0028,-0.0084,9.8066,-0.0482,-0.0169,0.0175,-4.06,-32.37,31.38,337.53,-80.56,168.84
52.40068,-1.430801,136.46,26.9,2,167.49,17 / 19,3165809,2019-09-06 20:12:51:552,-0.1194,0.3118,8.7242,0.0014,-0.0274,9.8066,0.0103,-0.053,0.0245,-3.37,-33,30.5,339.65,-80.63,168.87
52.40068,-1.430801,136.46,26.9,2,167.49,17 / 19,3165909,2019-09-06 20:12:51:652,-1.3802,1.0768,9.5665,-0.0098,0.0547,9.8065,0.0275,-0.0068,0.0166,-3.69,-33.25,31,336.69,-80.57,168.26
52.40068,-1.430801,136.46,26.9,2,167.49,17 / 19,3166009,2019-09-06 20:12:51:752,-0.9211,0.5983,9.5582,-0.0134,0.0273,9.8065,-0.0406,-0.041,-0.0017,-3.81,-32.62,30.94,336.37,-80.83,167.87
52.40068,-1.430801,136.46,26.9,2,167.49,17 / 19,3166109,2019-09-06 20:12:51:852,-1.24,0.1606,10.3136,-0.0031,0.0079,9.8066,0.0117,-0.0705,0.041,-3.25,-32.87,30.69,338.21,-80.86,167.58
52.40068,-1.430801,136.46,26.9,2,167.49,17 / 19,3166209,2019-09-06 20:12:51:952,0.1215,-0.0368,9.7631,-0.0103,-0.0005,9.8066,0.1623,-0.0926,0.0776,-3.31,-32.25,31.25,339.02,-80.89,168.13
52.40068,-1.430801,136.46,26.9,2,167.49,17 / 19,3166309,2019-09-06 20:12:52:052,-0.6856,-1.0008,10.7616,-0.0154,0.0229,9.8066,0.1481,-0.1009,-0.0207,-3.44,-32.69,31.06,340.51,-80.95,169.45
52.40068,-1.430801,136.46,26.9,2,167.49,18 / 19,3166410,2019-09-06 20:12:52:153,-0.5803,1.1768,10.7554,-0.0054,0.0405,9.8065,0.0109,-0.0331,0.0121,-3.56,-33,31.44,338.36,-80.9,169.5
52.40068,-1.430801,136.46,26.9,2,167.49,18 / 19,3166509,2019-09-06 20:12:52:252,-0.6343,0.6461,10.3344,0.0076,-0.012,9.8066,-0.0161,-0.051,0.0384,-3.12,-32.81,31.13,340.05,-80.95,169.08
52.40068,-1.430801,136.46,26.9,2,167.49,18 / 19,3166610,2019-09-06 20:12:52:353,-1.6875,-0.2264,9.1419,-0.008,-0.0134,9.8066,-0.0625,-0.0451,0.0002,-3.31,-32.81,31,340.5,-80.93,169.46
52.40068,-1.430801,136.46,26.9,2,167.49,18 / 19,3166709,2019-09-06 20:12:52:452,-2.512,0.7468,9.2959,-0.0149,0.0354,9.8065,-0.0074,-0.0769,0.0972,-3.12,-32.62,30.31,340.88,-81.29,169.91
52.40068,-1.430801,136.46,26.9,2,167.49,18 / 19,3166810,2019-09-06 20:12:52:553,-0.6057,0.5503,9.7494,0.0011,-0.0159,9.8066,0.1078,-0.0556,-0.023,-3.44,-32.5,30.06,341.65,-81.32,170.45
52.40068,-1.430801,136.46,26.9,2,167.49,18 / 19,3166909,2019-09-06 20:12:52:652,-0.2372,-0.8546,10.1832,0.0048,0.0099,9.8066,0.2105,-0.0374,0.0376,-3.19,-33,30.63,341.74,-81.23,170.38
52.40068,-1.430801,136.46,26.9,2,167.49,18 / 19,3167009,2019-09-06 20:12:52:752,-0.9183,0.0414,10.2142,-0.0058,0.0183,9.8066,-0.1435,0.0815,-0.0223,-2.69,-33.37,30.75,341.75,-81.1,170.43
52.40068,-1.430801,136.46,26.9,2,167.49,18 / 19,3167110,2019-09-06 20:12:52:853,-1.6108,0.4427,9.2082,0.0075,0.007,9.8066,-0.019,-0.0424,0.0676,-2.75,-32.75,30.69,341.86,-81.06,170.53
52.40068,-1.430801,136.46,26.9,2,167.49,18 / 19,3167209,2019-09-06 20:12:52:952,-0.9924,1.4258,9.9812,-0.0103,-0.0002,9.8066,-0.0601,-0.0483,-0.1506,-2.44,-32.75,30.5,343.66,-81.2,170.16
52.40068,-1.430801,136.46,26.9,2,167.49,18 / 19,3167311,2019-09-06 20:12:53:054,-1.2432,0.6416,10.0357,0.014,0.0252,9.8066,0.0938,-0.107,0.0491,-2.37,-33.06,30.94,342.01,-81.25,168.76
52.40068,-1.430801,136.46,26.9,2,167.49,18 / 19,3167409,2019-09-06 20:12:53:152,-0.7362,0.9707,10.6439,-0.0085,0,9.8066,-0.0842,-0.0083,0.1058,-2.5,-32.75,30.69,342.28,-81.18,169.01
52.40068,-1.430801,136.46,26.9,2,167.49,18 / 19,3167510,2019-09-06 20:12:53:253,-0.1385,-0.3233,10.6171,0.0051,-0.0118,9.8066,0.0254,0.0119,0.0322,-2.62,-32.44,30.63,339.87,-81.07,168.78
52.40068,-1.430801,136.46,26.9,2,167.49,18 / 19,3167609,2019-09-06 20:12:53:352,0.0061,1.8814,10.3607,0.0039,-0.005,9.8066,-0.0716,-0.0627,0.0091,-2.25,-32.69,30.94,341.92,-81.15,168.73
52.40068,-1.430801,136.46,26.9,2,167.49,18 / 19,3167710,2019-09-06 20:12:53:453,-0.9343,0.6872,10.3329,0.0092,-0.0229,9.8066,-0.0797,-0.1273,-0.0089,-2.06,-32.62,30.38,341.6,-81.17,168.67
52.40068,-1.430801,136.46,26.9,2,167.49,18 / 19,3167809,2019-09-06 20:12:53:552,0.0918,0.2986,9.3578,-0.0038,-0.0298,9.8066,0.0019,-0.0587,0.002,-2.44,-33,30.25,342.12,-81,169.16
52.40068,-1.430801,136.46,26.9,2,167.49,18 / 19,3167910,2019-09-06 20:12:53:653,-1.1883,-0.3835,9.7751,-0.0012,0.0654,9.8064,0.1358,-0.0601,0.1177,-2.69,-32.56,30.56,339.82,-81.35,168.71
52.40068,-1.430801,136.46,26.9,2,167.49,18 / 19,3168009,2019-09-06 20:12:53:752,-0.3329,-1.4211,9.6609,-0.0112,-0.0485,9.8065,-0.1594,-0.0275,-0.0779,-2.12,-33.25,30.75,342.44,-81.47,169.04
52.40068,-1.430801,136.46,26.9,2,167.49,18 / 19,3168109,2019-09-06 20:12:53:852,-0.0717,0.5108,9.631,0.0055,-0.0271,9.8065,-0.1301,-0.0457,0.0285,-2.75,-32.94,30.44,341.32,-81.25,170.3
52.40068,-1.430801,136.46,26.9,2,167.49,18 / 19,3168209,2019-09-06 20:12:53:952,0.7093,-0.8083,9.1582,0.0014,-0.0045,9.8066,-0.0743,-0.0046,0.028,-2.37,-32.81,30.88,344.21,-81.24,170.6
52.40068,-1.430801,136.46,26.9,2,167.49,18 / 19,3168311,2019-09-06 20:12:54:054,-0.3669,1.4752,9.4924,-0.0117,-0.0128,9.8066,-0.0958,-0.0903,-0.0191,-2.12,-33,31.13,345.42,-81.37,171.57
52.40068,-1.430801,136.46,26.9,2,167.49,18 / 20,3168410,2019-09-06 20:12:54:153,-0.5795,-0.0085,10.2248,0.0043,0.0342,9.8065,-0.0314,0.0046,0.0135,-2.94,-32.87,30.88,344.56,-81.24,172.72
52.40068,-1.430801,136.46,26.9,2,167.49,18 / 20,3168509,2019-09-06 20:12:54:252,-1.0418,-0.4838,10.3093,0.0084,0.0288,9.8065,0.1428,0.003,0.1159,-2.44,-32.81,30.56,344.85,-81.41,171.09
52.40068,-1.430801,136.46,26.9,2,167.49,18 / 20,3168610,2019-09-06 20:12:54:353,-1.6003,-0.0375,10.1688,0.0013,-0.0127,9.8066,-0.0475,-0.0413,-0.1458,-2.5,-32.62,30.25,344.95,-81.32,171.4
52.40068,-1.430801,136.46,26.9,2,167.49,18 / 20,3168710,2019-09-06 20:12:54:453,-0.7702,-0.6429,9.4901,0.0184,0.0036,9.8065,-0.0547,-0.1499,0.0584,-2,-32.94,30.81,344.7,-81.23,171.02
52.40068,-1.430801,136.46,26.9,2,167.49,18 / 20,3168810,2019-09-06 20:12:54:553,-0.5403,-0.8685,8.966,-0.0078,-0.0025,9.8066,-0.0856,-0.0228,-0.0391,-2.31,-32.87,30.63,344.98,-81.29,171.23
52.40068,-1.430801,136.46,26.9,2,167.49,18 / 20,3168910,2019-09-06 20:12:54:653,-1.4198,1.2257,9.6085,-0.0064,0.0149,9.8066,0.0635,-0.0075,0.0396,-2.37,-32.56,30.56,346.18,-81.41,172.2
52.40068,-1.430801,136.46,26.9,2,167.49,18 / 20,3169010,2019-09-06 20:12:54:753,-1.9896,-0.8349,10.323,-0.0044,0.0231,9.8066,-0.0825,0.0458,-0.1177,-2.44,-32.75,30.81,346.25,-81.52,172.22
52.40068,-1.430801,136.46,26.9,2,167.49,18 / 20,3169109,2019-09-06 20:12:54:852,-0.4203,2.4777,9.635,0.0123,-0.0832,9.8063,-0.1741,-0.0264,0.0199,-1.81,-32.75,30.06,346.57,-80.99,172.84
52.40068,-1.430801,136.46,26.9,2,167.49,18 / 20,3169209,2019-09-06 20:12:54:952,-0.3,0.8267,9.0641,-0.0039,-0.0502,9.8065,0.0343,-0.0883,0.046,-2.12,-33.12,30.94,346.99,-81.12,172.95
52.40068,-1.430801,136.46,26.9,2,167.49,18 / 20,3169310,2019-09-06 20:12:55:053,-1.3123,0.5815,8.8231,-0.0292,0.0452,9.8064,-0.0342,-0.0032,-0.0124,-2.19,-33.06,30.13,349.52,-81.47,175.15
52.40068,-1.430801,136.46,26.9,2,167.49,19 / 20,3169409,2019-09-06 20:12:55:152,-1.6507,0.6479,9.1844,-0.0047,0.067,9.8064,0.0538,-0.0502,-0.0377,-2.31,-33.37,31,349.87,-81.62,175.23
52.40068,-1.430801,136.46,26.9,2,167.49,19 / 20,3169510,2019-09-06 20:12:55:253,-0.3376,0.0923,10.4117,0.0056,-0.0336,9.8066,-0.0707,-0.0336,-0.0857,-2.37,-32.94,30.44,349.85,-81.47,175.42
52.40068,-1.430801,136.46,26.9,2,167.49,19 / 20,3169609,2019-09-06 20:12:55:352,-0.1791,0.7049,9.9592,0.0231,-0.0209,9.8065,0.0651,-0.0324,0.0721,-1.75,-33.31,30.81,348.3,-81.33,173.98
52.40068,-1.430801,136.46,26.9,2,167.49,19 / 20,3169710,2019-09-06 20:12:55:453,0.3998,-1.326,9.3012,-0.0057,-0.0266,9.8066,-0.2038,-0.0178,-0.0414,-1.75,-32.87,30.38,348.51,-81.19,174.38
52.40068,-1.430801,136.46,26.9,2,167.49,19 / 20,3169809,2019-09-06 20:12:55:552,-1.8858,1.3295,11.1466,0.0002,-0.0084,9.8066,0.0448,-0.0145,0.0039,-2.37,-32.31,30.31,348.66,-81.26,174.43
52.40068,-1.430801,136.46,26.9,2,167.49,19 / 20,3169909,2019-09-06 20:12:55:652,-0.1455,1.1757,10.1242,-0.0068,0.0225,9.8066,-0.0958,-0.0047,0.0274,-1.5,-32.81,30.06,350.85,-81.2,174.4
52.40068,-1.430801,136.46,26.9,2,167.49,19 / 20,3170009,2019-09-06 20:12:55:752,-0.9937,-1.0354,9.531,-0.014,-0.0161,9.8066,0.0922,-0.0215,0.0129,-2.12,-32.75,30.56,348.93,-81.33,174.51
52.40068,-1.430801,136.46,26.9,2,167.49,19 / 20,3170110,2019-09-06 20:12:55:853,0.0106,-0.373,8.9596,-0.0038,-0.0179,9.8065,-0.0209,-0.0102,-0.0726,-2.5,-32.62,30.25,350.1,-81.4,175.64
52.40068,-1.430801,136.46,26.9,2,167.49,19 / 20,3170209,2019-09-06 20:12:55:952,-0.068,0.8411,8.9925,0.0074,0.0502,9.8064,0.0327,-0.1295,0.0058,-1.87,-32.56,29.94,349.52,-81.49,175.14
52.40068,-1.430801,136.46,26.9,2,167.49,19 / 20,3170310,2019-09-06 20:12:56:053,-0.1407,1.1104,9.4698,-0.0006,0.024,9.8065,-0.2055,-0.0223,-0.0704,-2.31,-32.62,30,348.75,-81.75,174.44
52.40068,-1.430801,136.46,26.9,2,167.49,19 / 20,3170410,2019-09-06 20:12:56:153,-0.6026,1.5277,9.4693,-0.004,-0.0004,9.8066,0.2141,-0.1479,0.1136,-1.81,-32.75,29.88,348.13,-81.76,173.92
52.40068,-1.430801,136.46,26.9,2,167.49,19 / 20,3170510,2019-09-06 20:12:56:253,-0.7805,-0.077,10.5786,-0.0091,-0.0285,9.8066,0.071,-0.0425,-0.1186,-2.37,-32.37,30.19,349.71,-81.53,175.24
52.40068,-1.430801,136.46,26.9,2,167.49,19 / 20,3170609,2019-09-06 20:12:56:352,-0.0256,2.1582,11.0991,0.0238,-0.0142,9.8066,-0.0454,-0.0646,0.1353,-1.5,-32.12,30.19,350.59,-81.33,174.11
52.40068,-1.430801,136.46,26.9,2,167.49,19 / 20,3170709,2019-09-06 20:12:56:452,-0.1179,-1.0475,10.1333,-0.0049,-0.0041,9.8066,-0.0783,-0.0512,0.0254,-1.62,-32.81,29.75,347.53,-81.3,173.54
52.40068,-1.430801,136.46,26.9,2,167.49,19 / 20,3170809,2019-09-06 20:12:56:552,-2.3523,0.5236,9.5737,-0.012,0.0262,9.8065,0.0542,-0.0922,-0.0266,-1.62,-31.94,30.25,348.98,-81.53,174.63
52.40068,-1.430801,136.46,26.9,2,167.49,19 / 20,3170910,2019-09-06 20:12:56:653,-0.9806,1.4242,9.2772,-0.0047,0.0243,9.8066,-0.0302,-0.0617,-0.0305,-1.5,-32.19,30.31,351.5,-81.76,174.79
52.40068,-1.430801,136.46,26.9,2,167.49,19 / 20,3171010,2019-09-06 20:12:56:753,-0.0879,-0.1955,10.1077,-0.005,0.0211,9.8066,0.0892,-0.0539,0.1131,-1.69,-32.31,30.75,349.36,-81.77,174.72
52.40068,-1.430801,136.46,26.9,2,167.49,19 / 20,3171110,2019-09-06 20:12:56:853,-0.6096,0.5154,10.4792,-0.0158,-0.0225,9.8066,0.0007,-0.0507,-0.0049,-1.62,-31.94,30.69,350.81,-81.64,175.97
52.40068,-1.430801,136.46,26.9,2,167.49,19 / 20,3171209,2019-09-06 20:12:56:952,-0.5669,0.9548,10.6613,-0.005,0.0094,9.8066,0.0165,-0.075,0.0576,-1.62,-31.81,30.69,351.14,-81.58,176.26
52.40068,-1.430801,136.46,26.9,2,167.49,19 / 20,3171310,2019-09-06 20:12:57:053,-1.036,0.7613,10.9176,-0.0012,-0.012,9.8066,0.0127,-0.1767,-0.059,-1.62,-31.5,31,351.33,-81.62,176.37
52.40068,-1.430801,136.46,26.9,2,167.49,19 / 20,3171410,2019-09-06 20:12:57:153,-0.8069,1.8587,10.1471,0.0098,0.0317,9.8065,0.0709,0.009,0.0223,-1.5,-31.87,31.19,352.95,-81.67,175.93
52.40068,-1.430801,136.46,26.9,2,167.49,19 / 20,3171510,2019-09-06 20:12:57:253,-0.6412,0.5519,10.1583,-0.0017,0.0219,9.8066,0.1246,-0.0654,0.0108,-1.06,-32,30.75,351.76,-81.85,174.89
52.40068,-1.430801,136.46,26.9,2,167.49,19 / 20,3171610,2019-09-06 20:12:57:353,-1.0187,1.0975,9.8741,-0.001,0.0353,9.8065,-0.1172,-0.1081,0.0376,-0.87,-31.87,30.69,351.85,-81.86,174.97
52.40068,-1.430801,136.46,26.9,2,167.49,19 / 20,3171709,2019-09-06 20:12:57:452,-0.6101,0.6452,9.9213,0.0005,-0.0118,9.8066,-0.0518,-0.0688,-0.0333,-0.81,-31.69,30.38,352.23,-81.89,175.38
52.40068,-1.430801,136.46,26.9,2,167.49,19 / 20,3171809,2019-09-06 20:12:57:552,0.001,-0.1895,10.1184,0.006,0.0189,9.8066,-0.072,-0.0529,0.0168,-0.75,-31.81,29.94,351.69,-81.9,174.92
52.40068,-1.430801,136.46,26.9,2,167.49,19 / 20,3171910,2019-09-06 20:12:57:653,0.8065,0.663,9.0637,-0.0038,-0.0153,9.8066,-0.204,0.0088,-0.0486,-0.06,-32.06,30.44,354.24,-81.74,175.18
52.40068,-1.430801,136.46,26.9,2,167.49,19 / 20,3172010,2019-09-06 20:12:57:753,0.0102,0.2167,9.8658,0.0024,0.0143,9.8066,-0.1271,0.01,0.0586,0.19,-31.81,29.94,354.22,-81.91,175.15
52.40068,-1.430801,136.46,26.9,2,167.49,19 / 20,3172110,2019-09-06 20:12:57:853,0.6558,1.5748,10.1047,0.004,-0.0687,9.8064,-0.2792,0.027,-0.0134,0.25,-31.94,29.56,353.97,-81.67,174.96
52.40068,-1.430801,136.46,26.9,2,167.49,19 / 20,3172209,2019-09-06 20:12:57:952,-0.9076,0.5149,9.7474,-0.0018,-0.0238,9.8066,0.0591,0.01,-0.0771,0.25,-31.5,30.25,354.06,-81.86,174.99
52.40068,-1.430801,136.46,26.9,2,167.49,19 / 20,3172310,2019-09-06 20:12:58:053,0.6494,1.7776,9.9671,-0.0036,-0.0267,9.8065,-0.116,0.0334,-0.0451,0.69,-31.56,29.75,357.17,-81.94,175.72
52.40068,-1.430801,136.46,26.9,2,167.49,19 / 20,3172410,2019-09-06 20:12:58:153,-1.3479,-0.2549,9.9442,0.002,0.0078,9.8066,-0.0476,0.0054,-0.0583,0.19,-31.37,30.5,354.49,-81.93,175.32
52.40068,-1.430801,136.46,26.9,2,167.49,19 / 20,3172510,2019-09-06 20:12:58:253,-1.5892,0.1233,10.1621,0.0058,-0.0098,9.8066,0.0972,0.0489,-0.0136,0,-31.5,29.94,354.02,-81.76,174.97
52.40068,-1.430801,136.46,26.9,2,167.49,19 / 20,3172610,2019-09-06 20:12:58:353,-0.888,1.7863,9.6707,-0.0004,0.0184,9.8065,-0.1681,0.046,-0.0663,0.31,-31.81,30.38,352.97,-81.86,174.1
52.40068,-1.430801,136.46,26.9,2,167.49,19 / 20,3172710,2019-09-06 20:12:58:453,-1.195,0.7212,9.8413,-0.0106,-0.0033,9.8066,0.1101,-0.0284,0.0691,0,-31.81,29.56,354.65,-81.88,175.51
52.40068,-1.430801,136.46,26.9,2,167.49,19 / 20,3172809,2019-09-06 20:12:58:552,-1.5914,0.6097,9.4534,-0.0084,-0.0131,9.8066,-0.085,-0.0338,-0.1237,-0.06,-32.12,29.69,355.43,-81.9,176.16
52.40068,-1.430801,136.46,26.9,2,167.49,19 / 20,3172910,2019-09-06 20:12:58:653,-1.0053,2.5248,9.5102,0.0281,0.0234,9.8065,0.0808,-0.1262,0.0678,0.38,-32.87,29.81,354.57,-82.01,175.45
52.40068,-1.430801,136.46,26.9,2,167.49,19 / 20,3173010,2019-09-06 20:12:58:753,0.78,0.4656,10.4234,-0.0068,-0.0044,9.8066,0.0719,-0.0933,0.0271,0.31,-32.12,29.81,352.77,-81.89,173.93
52.40068,-1.430801,136.46,26.9,2,167.49,19 / 20,3173109,2019-09-06 20:12:58:852,-0.1557,-0.2729,10.7975,-0.0155,-0.0194,9.8066,0.0381,-0.0275,-0.0114,0,-32.37,29.63,354.54,-81.74,175.43
52.40068,-1.430801,136.46,26.9,2,167.49,19 / 20,3173209,2019-09-06 20:12:58:952,-0.443,0.6101,8.9978,0.0011,0.009,9.8065,-0.1571,-0.1125,0.0465,0.25,-32.44,30,355.06,-81.82,175.86
52.40068,-1.430801,136.46,26.9,2,167.49,19 / 20,3173310,2019-09-06 20:12:59:053,1.0417,1.0415,8.9686,-0.0077,-0.0097,9.8066,-0.1701,0.0592,-0.095,0.44,-33.19,29.25,355.56,-82.02,176.31
52.39852,-1.430474,137.22,25.77,2,183.62,19 / 20,3173409,2019-09-06 20:12:59:152,0.2216,2.375,10.0315,0.0145,0.0063,9.8066,0.0267,-0.0751,0.078,0,-32.81,29.06,355.13,-82.24,175.92
52.39852,-1.430474,137.22,25.77,2,183.62,19 / 20,3173510,2019-09-06 20:12:59:253,-0.9654,1.7168,9.7692,0.008,-0.0213,9.8066,-0.0148,-0.0352,-0.0065,0.94,-32.87,29.31,356.83,-82.17,175.37
52.39852,-1.430474,137.22,25.77,2,183.62,19 / 20,3173609,2019-09-06 20:12:59:352,-0.4452,1.0494,10.1329,0.0049,-0.0071,9.8066,-0.0407,-0.0583,-0.0058,0.81,-32.5,29.25,356.98,-81.96,175.5
52.39852,-1.430474,137.22,25.77,2,183.62,19 / 20,3173710,2019-09-06 20:12:59:453,-0.7864,1.7352,10.2792,0.0054,-0.0352,9.8065,0.1318,0.0505,0.0389,0.44,-33.06,29.94,354.17,-81.63,175.16
52.39852,-1.430474,137.22,25.77,2,183.62,19 / 20,3173810,2019-09-06 20:12:59:553,0.3456,3.2031,9.7149,-0.0147,0.0231,9.8065,0.0296,0.0231,-0.0499,1.13,-33,29.63,357.12,-81.99,175.68
52.39852,-1.430474,137.22,25.77,2,183.62,19 / 20,3173910,2019-09-06 20:12:59:653,-0.8638,1.3156,10.3802,0.0026,0.0381,9.8066,0.0782,-0.0559,0.0709,0.63,-32.94,30,357.22,-82.04,175.76
52.39852,-1.430474,137.22,25.77,2,183.62,19 / 20,3174009,2019-09-06 20:12:59:752,-1.0899,1.0194,10.1699,-0.0103,-0.0278,9.8066,-0.0532,-0.0025,0.0195,0.88,-33,29.56,358.04,-81.84,176.46
52.39852,-1.430474,137.22,25.77,2,183.62,19 / 20,3174109,2019-09-06 20:12:59:852,0.3571,2.0671,9.7991,-0.0114,-0.0535,9.8065,0.0646,-0.0208,-0.0219,0.63,-32.56,29.75,358.51,-81.57,176.85
52.39852,-1.430474,137.22,25.77,2,183.62,19 / 20,3174210,2019-09-06 20:12:59:953,-1.6778,0.22,8.9069,-0.007,0.0448,9.8065,0.1186,-0.108,0.1533,0.69,-33.19,30.06,359.08,-81.44,177.33
52.39852,-1.430474,137.22,25.77,2,183.62,19 / 20,3174310,2019-09-06 20:13:00:053,-0.5638,1.2607,8.4965,-0.0214,0.0061,9.8066,0.0338,-0.0055,0.0328,0.63,-33.25,30.06,1.73,-81.67,179.53
52.39852,-1.430474,137.22,25.77,2,183.62,18 / 19,3174409,2019-09-06 20:13:00:152,0.8461,3.0061,9.0796,-0.0065,0.0678,9.8063,0.095,-0.0357,-0.0411,1.25,-33.19,29.69,2.94,-82.3,-179.43
52.39852,-1.430474,137.22,25.77,2,183.62,18 / 19,3174510,2019-09-06 20:13:00:253,-1.6446,0.2629,10.1163,0.0085,-0.0378,9.8065,0.0362,0.0487,-0.1285,0.81,-32.81,29.75,2.12,-82.31,179.88
52.39852,-1.430474,137.22,25.77,2,183.62,18 / 19,3174610,2019-09-06 20:13:00:353,-1.6028,2.0833,11.0666,0.0059,-0.0036,9.8066,0.1112,-0.0361,-0.0216,0.75,-32.87,29.94,359.55,-82.18,177.71
52.39852,-1.430474,137.22,25.77,2,183.62,18 / 19,3174709,2019-09-06 20:13:00:452,0.8163,1.4973,9.6048,-0.002,0.1036,9.806,-0.0297,-0.0994,-0.0443,1.06,-33.56,30.13,358.35,-82.35,176.71
52.39852,-1.430474,137.22,25.77,2,183.62,18 / 19,3174809,2019-09-06 20:13:00:552,-1.4244,-1.7688,10.6766,0.0129,0.0028,9.8066,0.3682,-0.1122,0.0374,1.63,-32.62,29.81,359.48,-82.1,175.75
52.39852,-1.430474,137.22,25.77,2,183.62,18 / 19,3174909,2019-09-06 20:13:00:652,-0.3196,0.3217,10.3137,-0.0116,-0.0734,9.8063,-0.382,-0.0136,0.0235,1.94,-33.19,28.5,358.55,-82.49,174.83
52.39852,-1.430474,137.22,25.77,2,183.62,18 / 19,3175011,2019-09-06 20:13:00:754,-0.2269,0.4725,10.5497,-0.0064,-0.0617,9.8064,-0.1107,-0.0645,0.072,2.56,-33.06,29.25,2.25,-82.22,175.98
52.39852,-1.430474,137.22,25.77,2,183.62,18 / 19,3175110,2019-09-06 20:13:00:853,-1.3716,0.8882,9.4246,-0.0197,-0.0331,9.8065,-0.0223,-0.0706,0.0015,1.63,-33.12,29.13,1.39,-82.24,177.22
52.39852,-1.430474,137.22,25.77,2,183.62,18 / 19,3175210,2019-09-06 20:13:00:953,-0.8791,2.5385,9.9466,-0.0114,-0.0043,9.8066,0.0579,0.0125,0.0135,1.63,-33.31,29.25,2.59,-82.17,178.22
52.39852,-1.430474,137.22,25.77,2,183.62,18 / 19,3175309,2019-09-06 20:13:01:052,-0.5719,0.5632,10.1043,-0.0012,-0.0198,9.8066,0.1815,-0.1114,0.0414,1.81,-32.87,29.44,2.5,-82.06,178.14
52.39852,-1.430474,137.22,25.77,2,183.62,18 / 19,3175410,2019-09-06 20:13:01:153,0.2061,0.9385,9.9333,0.0043,0.0289,9.8066,0.1348,-0.0608,-0.0178,1.75,-33.19,29.69,2.53,-81.95,178.3
52.39852,-1.430474,137.22,25.77,2,183.62,18 / 19,3175510,2019-09-06 20:13:01:253,-1.0007,0.8996,9.082,0.0077,0.0211,9.8066,0.0636,-0.0227,0.014,2,-33,29.63,2.3,-82.12,178.12
52.39852,-1.430474,137.22,25.77,2,183.62,18 / 19,3175610,2019-09-06 20:13:01:353,-0.8928,0.7769,9.4416,-0.0001,0.0213,9.8065,-0.0136,-0.0633,0.0612,2.19,-33,29,2.47,-82.43,178.13
52.39852,-1.430474,137.22,25.77,2,183.62,18 / 19,3175710,2019-09-06 20:13:01:453,-0.1718,3.3498,8.6232,0.0066,0.0199,9.8066,0.2999,-0.0737,-0.0545,2,-33.56,28.88,2.22,-82.45,177.92
52.39852,-1.430474,137.22,25.77,2,183.62,18 / 19,3175810,2019-09-06 20:13:01:553,-0.892,0.7445,9.6917,0.0053,0.0615,9.8064,0.2912,-0.0619,0.0164,2.25,-32.81,29.13,2.6,-82.58,178.25
52.39852,-1.430474,137.22,25.77,2,183.62,18 / 19,3175910,2019-09-06 20:13:01:653,-0.5569,3.3958,9.2275,0.0019,0.0106,9.8066,0.061,0.0177,-0.0794,2,-33.37,28.81,2.47,-82.4,178.13
52.39852,-1.430474,137.22,25.77,2,183.62,18 / 19,3176010,2019-09-06 20:13:01:753,0.6437,0.8292,8.8084,0.0205,0.0012,9.8066,-0.0265,0.0451,0.0463,2.94,-33.12,29.56,3.83,-82.24,177.52
52.39852,-1.430474,137.22,25.77,2,183.62,18 / 19,3176109,2019-09-06 20:13:01:852,-0.8448,0.5556,9.8082,-0.0103,-0.0009,9.8066,0.0511,-0.0431,0.0558,2.63,-33.19,29.63,2.83,-82.24,176.68
52.39852,-1.430474,137.22,25.77,2,183.62,18 / 19,3176209,2019-09-06 20:13:01:952,-0.87,-0.2042,11.2108,-0.0107,-0.0236,9.8065,0.0389,-0.1332,-0.0253,2.56,-32.81,29.13,4.34,-82.1,177.72
52.39852,-1.430474,137.22,25.77,2,183.62,18 / 19,3176309,2019-09-06 20:13:02:052,-0.4096,1.4786,9.9058,0.0157,-0.0062,9.8066,-0.076,-0.0252,0.0171,2.81,-33.25,29.56,3.52,-82.1,177.25
52.39852,-1.430474,137.22,25.77,2,183.62,19 / 20,3176410,2019-09-06 20:13:02:153,0.9643,3.0609,9.9243,-0.0074,-0.0036,9.8066,-0.1604,0.047,-0.0959,2.69,-33.37,29.56,3.36,-82.1,177.11
52.39852,-1.430474,137.22,25.77,2,183.62,19 / 20,3176509,2019-09-06 20:13:02:252,1.8069,2.5662,9.7279,0.0129,-0.0068,9.8066,0.1793,-0.1161,0.0582,2.81,-33.56,29.25,2.43,-82.12,176.11
52.39852,-1.430474,137.22,25.77,2,183.62,19 / 20,3176610,2019-09-06 20:13:02:353,1.0436,2.7486,9.5625,0.0081,0.0484,9.8065,0.1681,-0.0624,-0.0339,2.56,-33.31,28.81,2.61,-82.02,176.27
52.39852,-1.430474,137.22,25.77,2,183.62,19 / 20,3176710,2019-09-06 20:13:02:453,-0.4144,2.8362,10.4012,0.0014,0.0663,9.8063,-0.0377,-0.0344,0.0641,2.63,-32.81,29.19,2.57,-82.39,176.25
52.39852,-1.430474,137.22,25.77,2,183.62,19 / 20,3176809,2019-09-06 20:13:02:552,0.3142,2.8419,10.6467,-0.0193,-0.07,9.8064,-0.1641,0.017,-0.0564,2.75,-33.25,29.44,3.84,-82.04,177.3
52.39852,-1.430474,137.22,25.77,2,183.62,19 / 20,3176909,2019-09-06 20:13:02:652,0.4523,1.1062,9.8459,0.0005,-0.0447,9.8065,0.0021,-0.0453,0.0722,2.94,-33.5,29.38,3.57,-82.08,177.07
52.39852,-1.430474,137.22,25.77,2,183.62,19 / 20,3177010,2019-09-06 20:13:02:753,1.1366,0.2376,8.5097,-0.0009,0.0129,9.8066,-0.057,0.0512,-0.0443,3.06,-33.62,29.56,2.95,-82.23,176.76
52.39852,-1.430474,137.22,25.77,2,183.62,19 / 20,3177110,2019-09-06 20:13:02:853,-0.0523,1.1379,8.7943,-0.0114,-0.0015,9.8066,0.0184,-0.0402,0.013,2.63,-33.56,28.69,3.88,-82.33,177.34
52.39852,-1.430474,137.22,25.77,2,183.62,19 / 20,3177210,2019-09-06 20:13:02:953,0.1265,1.6535,9.5323,-0.0121,0.0409,9.8065,0.0966,-0.0645,0.0839,2.19,-34.12,29,3.26,-82.44,178.79
52.39852,-1.430474,137.22,25.77,2,183.62,19 / 20,3177310,2019-09-06 20:13:03:053,-0.6615,1.8847,10.5674,-0.0112,0.0137,9.8066,0.0729,0.0122,-0.041,2.44,-33.31,29.06,5.36,-82.58,-179.41
52.39852,-1.430474,137.22,25.77,2,183.62,18 / 20,3177410,2019-09-06 20:13:03:153,0.0309,1.7846,10.2381,0.0017,-0.0081,9.8065,0.0687,-0.1053,0.0147,2.94,-33.25,29.44,6.9,-82.34,179.89
52.39852,-1.430474,137.22,25.77,2,183.62,18 / 20,3177510,2019-09-06 20:13:03:253,0.5358,0.0294,10.9705,0.008,0.0237,9.8065,0.1509,-0.1138,-0.0053,2.44,-33.5,28.94,4.83,-82.28,-179.89
52.39852,-1.430474,137.22,25.77,2,183.62,18 / 20,3177609,2019-09-06 20:13:03:352,-0.8389,-1.1266,10.2242,0.0126,0.0206,9.8066,0.0755,-0.0584,-0.0359,2.88,-33.44,29.25,6.63,-82.54,179.7
52.39852,-1.430474,137.22,25.77,2,183.62,18 / 20,3177709,2019-09-06 20:13:03:452,0.0652,3.241,10.0437,0.0121,0.0317,9.8065,0.194,0.0272,0.0321,3.19,-33.5,29.31,4.96,-82.52,178.28
52.39852,-1.430474,137.22,25.77,2,183.62,18 / 20,3177809,2019-09-06 20:13:03:552,-0.9622,2.7475,10.24,0.0169,0.0249,9.8066,0.0489,-0.15,0.1739,3.5,-33.31,28.75,6.68,-82.41,177.77
52.39852,-1.430474,137.22,25.77,2,183.62,18 / 20,3177909,2019-09-06 20:13:03:652,0.2681,3.3582,10.0235,-0.0323,-0.017,9.8065,0.2027,-0.0599,0.0177,3,-32.94,29.13,6.34,-82.45,179.44
52.39852,-1.430474,137.22,25.77,2,183.62,18 / 20,3178010,2019-09-06 20:13:03:753,-0.7562,1.2486,10.7694,0.0025,0.0364,9.8065,0.1484,-0.0519,0.0109,2.75,-33.12,29.5,8.11,-82.74,-178.78
52.39852,-1.430474,137.22,25.77,2,183.62,18 / 20,3178110,2019-09-06 20:13:03:853,-0.6146,0.0851,10.2513,0.0022,0.016,9.8066,-0.0232,-0.0434,0.0493,2.81,-33.31,29,8.18,-82.68,-178.97
52.39852,-1.430474,137.22,25.77,2,183.62,18 / 20,3178210,2019-09-06 20:13:03:953,0.9642,-0.1395,9.4811,-0.0067,0.0016,9.8066,0.0398,-0.0125,-0.0181,2.63,-33.44,29.31,7.41,-82.62,-179.63
52.39852,-1.430474,137.22,25.77,2,183.62,18 / 20,3178310,2019-09-06 20:13:04:053,0.0099,0.2292,9.7444,0,0.0143,9.8066,0.1604,-0.0585,-0.0375,2.94,-33.31,28.56,7.82,-82.75,-179.26
52.39852,-1.430474,137.22,25.77,2,183.62,19 / 20,3178409,2019-09-06 20:13:04:152,0.3124,1.203,10.698,-0.0031,0.0109,9.8066,-0.0301,-0.003,0.0014,2.94,-32.94,29.06,7.99,-82.83,-179.1
52.39852,-1.430474,137.22,25.77,2,183.62,19 / 20,3178510,2019-09-06 20:13:04:253,-0.3291,2.6934,11.4104,-0.0069,-0.0128,9.8066,0.1727,0.0513,0.0384,2.69,-33.19,28.88,7.47,-83.1,-179.5
52.39852,-1.430474,137.22,25.77,2,183.62,19 / 20,3178610,2019-09-06 20:13:04:353,1.361,1.6449,10.4327,-0.0097,-0.0257,9.8066,0.0867,-0.0336,-0.0273,3.31,-33.31,29.06,8.38,-82.93,-178.76
52.39852,-1.430474,137.22,25.77,2,183.62,19 / 20,3178710,2019-09-06 20:13:04:453,-0.175,0.9163,9.6966,-0.0149,-0.0145,9.8066,0.0186,0.0614,0.0395,3.25,-33.12,28.88,9.96,-82.79,-177.43
52.39852,-1.430474,137.22,25.77,2,183.62,19 / 20,3178810,2019-09-06 20:13:04:553,0.5036,-0.2759,9.0597,-0.0231,-0.0289,9.8065,-0.1249,0.0809,0.0432,2.75,-33.44,28.75,12.8,-82.74,-175.02
52.39852,-1.430474,137.22,25.77,2,183.62,19 / 20,3178909,2019-09-06 20:13:04:652,-0.8463,2.6343,9.3911,-0.014,-0.0201,9.8065,0.027,0.0302,-0.0748,2.63,-33.62,28.94,14.05,-82.93,-173.95
52.39852,-1.430474,137.22,25.77,2,183.62,19 / 20,3179010,2019-09-06 20:13:04:753,0.3342,0.8213,10.1635,-0.0064,0.015,9.8066,0.0449,-0.0438,-0.0404,2.25,-32.75,28.5,12.55,-83.09,-173.18
52.39852,-1.430474,137.22,25.77,2,183.62,19 / 20,3179109,2019-09-06 20:13:04:852,0.8667,0.7305,10.1087,-0.0025,-0.0072,9.8065,0.1089,-0.0449,0.0241,2.81,-33.56,29.06,15.61,-83.06,-172.58
52.39852,-1.430474,137.22,25.77,2,183.62,19 / 20,3179209,2019-09-06 20:13:04:952,0.2264,-0.4949,10.3091,0.006,-0.0147,9.8066,0.0464,-0.0701,0.0363,2.81,-32.87,28.81,14.65,-82.82,-173.42
52.39852,-1.430474,137.22,25.77,2,183.62,19 / 20,3179309,2019-09-06 20:13:05:052,0.4217,1.0039,9.9442,-0.0029,-0.0049,9.8066,0.04,-0.0733,-0.0195,2.5,-33.06,29.19,14.69,-82.78,-173.4
52.39852,-1.430474,137.22,25.77,2,183.62,18 / 19,3179409,2019-09-06 20:13:05:152,0.589,-0.089,9.1149,0.0056,0.0562,9.8064,0.0386,0.0076,-0.011,3.19,-33.06,28.81,14.43,-82.67,-173.66
52.39852,-1.430474,137.22,25.77,2,183.62,18 / 19,3179511,2019-09-06 20:13:05:254,0.6549,1.5362,9.2453,0.0041,0.021,9.8066,0.0153,-0.0567,0.0353,3.44,-33.31,28.88,14.75,-82.97,-173.29
52.39852,-1.430474,137.22,25.77,2,183.62,18 / 19,3179610,2019-09-06 20:13:05:353,0.4059,0.1052,9.6536,-0.0061,0.0093,9.8066,0.0552,-0.0089,-0.0388,2.69,-32.69,28.88,14.69,-83.22,-173.26
52.39852,-1.430474,137.22,25.77,2,183.62,18 / 19,3179709,2019-09-06 20:13:05:452,0.2043,0.3519,10.4406,0.0018,0.0226,9.8066,-0.0422,0.033,0.0387,2.69,-33,29,15,-83.33,-172.95
52.39852,-1.430474,137.22,25.77,2,183.62,18 / 19,3179810,2019-09-06 20:13:05:553,0.8413,0.1681,10.2246,-0.0203,-0.029,9.8066,-0.0195,-0.0038,0.1025,2.63,-33.12,28.81,17.18,-83.06,-171.16
52.39852,-1.430474,137.22,25.77,2,183.62,18 / 19,3179910,2019-09-06 20:13:05:653,0.5669,1.2771,9.5797,-0.025,-0.0183,9.8065,-0.0373,0.0356,-0.0181,2.31,-33.69,29.25,17.66,-82.93,-168.92
52.39852,-1.430474,137.22,25.77,2,183.62,18 / 19,3180010,2019-09-06 20:13:05:753,-0.376,0.8665,10.2296,-0.01,-0.0115,9.8066,-0.0646,-0.0703,0.1403,2.5,-33.44,28.75,21.67,-82.88,-167.36
52.39852,-1.430474,137.22,25.77,2,183.62,18 / 19,3180110,2019-09-06 20:13:05:853,-0.7062,1.4656,10.2704,-0.0161,-0.0076,9.8066,0.0628,0.0348,-0.0354,2.56,-33.62,29.13,23.97,-82.81,-165.51
52.39852,-1.430474,137.22,25.77,2,183.62,18 / 19,3180209,2019-09-06 20:13:05:952,0.246,1.4438,9.9558,0.0037,0.023,9.8066,0.0542,-0.0248,-0.0886,2.19,-33.19,28.75,21.71,-82.95,-165.35
52.39852,-1.430474,137.22,25.77,2,183.62,18 / 19,3180310,2019-09-06 20:13:06:053,1.3416,-0.6028,9.3778,0.0199,0.0167,9.8066,-0.112,-0.0657,0.0469,2.25,-32.87,29.13,20.18,-82.87,-166.7
52.39852,-1.430474,137.22,25.77,2,183.62,18 / 20,3180409,2019-09-06 20:13:06:152,0.2667,-0.5164,8.9468,-0.0038,-0.0089,9.8066,-0.1301,-0.0587,0.0589,2.56,-33.12,28.75,21.62,-82.86,-167.42
52.39852,-1.430474,137.22,25.77,2,183.62,18 / 20,3180510,2019-09-06 20:13:06:253,0.1789,-0.4626,9.8553,-0.0047,0.0394,9.8065,0.0724,-0.0331,0.0192,3.06,-32.87,29,23.32,-82.98,-165.88
52.39852,-1.430474,137.22,25.77,2,183.62,18 / 20,3180609,2019-09-06 20:13:06:352,0.3445,0.8534,9.8401,0.0003,0.0298,9.8065,-0.0166,-0.0023,0.0491,2.75,-33.56,29.5,24.81,-83.15,-164.3
52.39852,-1.430474,137.22,25.77,2,183.62,18 / 20,3180709,2019-09-06 20:13:06:452,-0.2329,0.3143,9.5573,-0.0004,0.0126,9.8066,0.0641,0.0042,-0.0594,2.88,-33.25,28.88,26.26,-83.39,-163.11
52.39852,-1.430474,137.22,25.77,2,183.62,18 / 20,3180810,2019-09-06 20:13:06:553,0.4809,1.2764,10.4111,0.0103,0.0029,9.8066,0.0569,-0.0113,0.0237,2.44,-33.19,29.19,23.44,-83.34,-163.66
52.39852,-1.430474,137.22,25.77,2,183.62,18 / 20,3180910,2019-09-06 20:13:06:653,0.3703,0.7043,10.3934,0.0013,0.0153,9.8066,-0.0335,-0.0254,-0.0084,2.5,-33.19,28.69,25.29,-83.28,-164.02
52.39852,-1.430474,137.22,25.77,2,183.62,18 / 20,3181010,2019-09-06 20:13:06:753,-0.499,1.5177,10.5937,0.0068,-0.0085,9.8066,0.0158,-0.0578,-0.0079,2.31,-32.94,29.19,21.89,-83.17,-165.08
52.39852,-1.430474,137.22,25.77,2,183.62,18 / 20,3181110,2019-09-06 20:13:06:853,1.5553,1.1036,9.7756,0.0072,0.001,9.8066,-0.0081,-0.1239,-0.0506,2.13,-33.06,29.06,20.88,-83.16,-165.97
52.39852,-1.430474,137.22,25.77,2,183.62,18 / 20,3181210,2019-09-06 20:13:06:953,-0.0204,1.0777,10.0352,0.01,0.0109,9.8065,0.0011,-0.063,-0.0664,2.69,-33.06,28.94,24.75,-83.16,-164.55
52.39852,-1.430474,137.22,25.77,2,183.62,18 / 20,3181310,2019-09-06 20:13:07:053,0.2974,1.2794,9.7684,0.0161,0.0192,9.8066,-0.1061,-0.0392,0.1013,2.88,-33,28.94,23.28,-83.31,-165.76
52.39852,-1.430474,137.22,25.77,2,183.62,18 / 20,3181409,2019-09-06 20:13:07:152,1.0474,0.1455,9.8431,-0.002,0.0016,9.8066,0.1057,0.0571,-0.095,3.19,-33.62,28.38,24.23,-83.44,-165.27
52.39852,-1.430474,137.22,25.77,2,183.62,18 / 20,3181509,2019-09-06 20:13:07:252,1.6441,1.6405,9.9136,0.0072,-0.0084,9.8066,0.0243,-0.1113,0.1099,2.94,-33.12,28.94,22.77,-83.37,-166.17
52.39852,-1.430474,137.22,25.77,2,183.62,18 / 20,3181609,2019-09-06 20:13:07:352,0.4244,1.0675,9.9393,-0.0215,0.0064,9.8066,0.0476,0.0408,-0.0824,3.06,-33,28.75,25.26,-83.23,-164.07
52.39852,-1.430474,137.22,25.77,2,183.62,18 / 20,3181710,2019-09-06 20:13:07:453,1.1975,2.1012,9.8813,0.0083,0.0166,9.8066,0.017,-0.173,0.1718,2.81,-33.31,28.94,25.57,-83.25,-163.79
52.39852,-1.430474,137.22,25.77,2,183.62,18 / 20,3181810,2019-09-06 20:13:07:553,2.0371,2.5201,10.0265,-0.0211,0.0132,9.8066,-0.0258,0.0878,-0.1659,2.94,-33.12,28.69,27.34,-83.3,-162.21
52.39852,-1.430474,137.22,25.77,2,183.62,18 / 20,3181910,2019-09-06 20:13:07:653,-0.5188,1.2372,10.3439,0.0241,0.0097,9.8066,0.0932,-0.167,0.109,2.56,-33.31,28.19,27.39,-83.37,-162.45
52.39852,-1.430474,137.22,25.77,2,183.62,18 / 20,3182010,2019-09-06 20:13:07:753,2.5466,2.1866,9.9678,-0.0093,-0.0073,9.8066,-0.0049,0.1061,-0.094,2.94,-33.25,29,29.39,-83.27,-160.42
52.39852,-1.430474,137.22,25.77,2,183.62,18 / 20,3182110,2019-09-06 20:13:07:853,-0.4289,1.4652,10.8113,-0.0183,-0.0009,9.8066,0.0364,0.0883,-0.0833,2.44,-33.31,28.81,26.25,-83.33,-161.19
52.39852,-1.430474,137.22,25.77,2,183.62,18 / 20,3182209,2019-09-06 20:13:07:952,-1.26,1.7112,10.4785,0.0091,-0.0203,9.8066,-0.0601,-0.0422,0.122,3.19,-33,28.63,29.36,-83.26,-160.46
52.39852,-1.430474,137.22,25.77,2,183.62,18 / 20,3182310,2019-09-06 20:13:08:053,-0.2552,2.0674,9.7473,-0.0224,0.0078,9.8065,-0.0359,0.1836,-0.1575,3,-33.25,28.31,31.2,-83.29,-159.17
52.396812,-1.43098,139.07,17.19,3,196.43,18 / 20,3182409,2019-09-06 20:13:08:152,-2.3893,1.8388,9.7422,0.0142,-0.0017,9.8066,-0.0351,-0.2292,0.1577,2,-33.44,28.56,28.59,-83.21,-159.21
52.396812,-1.43098,139.07,17.19,3,196.43,18 / 20,3182510,2019-09-06 20:13:08:253,1.2708,0.755,9.2291,-0.009,0.0211,9.8066,0.0154,-0.0854,0.1253,2.75,-33.87,28.25,31.34,-83.22,-159.21
52.396812,-1.43098,139.07,17.19,3,196.43,18 / 20,3182609,2019-09-06 20:13:08:352,1.7778,2.772,10.2027,0.013,-0.0022,9.8066,0.0805,0.1522,-0.1508,3.13,-34.06,28.5,32.07,-83.24,-158.2
52.396812,-1.43098,139.07,17.19,3,196.43,18 / 20,3182710,2019-09-06 20:13:08:453,2.3252,0.543,10.3648,-0.013,-0.008,9.8066,0.0781,-0.0575,-0.0427,3,-34,29.06,32.79,-83.21,-157.59
52.396812,-1.43098,139.07,17.19,3,196.43,18 / 20,3182809,2019-09-06 20:13:08:552,-1.0265,1.4744,11.148,0.0088,0.01,9.8066,-0.0471,-0.0626,0.0626,3.06,-33,28.69,31.19,-83.28,-158.84
52.396812,-1.43098,139.07,17.19,3,196.43,18 / 20,3182910,2019-09-06 20:13:08:653,1.3159,2.3761,9.4575,0.006,-0.004,9.8066,0.0149,0.0569,0.0031,2.81,-33.37,28.75,31.1,-83.05,-159.06
52.396812,-1.43098,139.07,17.19,3,196.43,18 / 20,3183010,2019-09-06 20:13:08:753,-0.084,1.718,9.2677,-0.0035,0.0116,9.8066,0.0255,0.0323,-0.0137,2.81,-33.62,28.56,32.65,-83,-157.85
52.396812,-1.43098,139.07,17.19,3,196.43,18 / 20,3183110,2019-09-06 20:13:08:853,2.3345,0.1695,9.6631,-0.0071,0.0164,9.8066,-0.0055,-0.1108,0.0366,2.13,-33.56,29.13,29.89,-83.2,-158.2
52.396812,-1.43098,139.07,17.19,3,196.43,18 / 20,3183210,2019-09-06 20:13:08:953,-1.5462,1.9026,9.73,0.0195,0.0131,9.8065,-0.0201,0.0145,-0.0135,3.06,-33.75,28.56,30.9,-83.42,-159.11
52.396812,-1.43098,139.07,17.19,3,196.43,18 / 20,3183310,2019-09-06 20:13:09:053,1.5324,0.3403,9.626,0.0126,-0.0078,9.8065,-0.0233,0.0931,-0.0257,3,-33.31,28.06,30.35,-83.43,-159.82
52.396812,-1.43098,139.07,17.19,3,196.43,19 / 20,3183410,2019-09-06 20:13:09:153,1.2747,0.8604,10.0818,0.0042,-0.0147,9.8066,0.0943,0.1174,-0.0504,2.56,-33.87,29.38,31.77,-83.44,-158.34
52.396812,-1.43098,139.07,17.19,3,196.43,19 / 20,3183510,2019-09-06 20:13:09:253,1.2189,0.6184,10.1288,-0.0066,0.0034,9.8066,-0.0242,0.0223,-0.0129,2.5,-33.25,28.69,32.02,-83.38,-158.04
52.396812,-1.43098,139.07,17.19,3,196.43,19 / 20,3183609,2019-09-06 20:13:09:352,0.675,1.5763,9.4191,-0.0061,0.0001,9.8065,-0.0319,-0.0548,0.0509,2.69,-34.31,28.81,32.91,-83.36,-157.38
52.396812,-1.43098,139.07,17.19,3,196.43,19 / 20,3183710,2019-09-06 20:13:09:453,1.7842,1.8093,9.8879,-0.011,0.012,9.8066,0.0491,-0.1011,0.0719,2,-33.5,28.81,32.13,-83.46,-155.94
52.396812,-1.43098,139.07,17.19,3,196.43,19 / 20,3183810,2019-09-06 20:13:09:553,0.9068,-0.3585,9.4275,0.0182,0.0612,9.8064,0.0056,0.0736,-0.0881,2.63,-33.5,28.63,35.3,-83.81,-154.82
52.396812,-1.43098,139.07,17.19,3,196.43,19 / 20,3183910,2019-09-06 20:13:09:653,2.4373,0.0252,9.4721,0.0171,-0.0125,9.8066,-0.0229,0.0143,-0.0371,2.63,-33.62,28.38,33.54,-83.84,-156.84
52.396812,-1.43098,139.07,17.19,3,196.43,19 / 20,3184009,2019-09-06 20:13:09:752,3.179,0.7341,9.5123,0.0129,-0.0352,9.8065,-0.0962,0.1688,-0.1086,1.63,-33.12,28.31,29.98,-83.87,-157.85
52.396812,-1.43098,139.07,17.19,3,196.43,19 / 20,3184109,2019-09-06 20:13:09:852,1.3116,1.2304,9.7098,0.0078,-0.0097,9.8066,0.0799,0.1976,-0.0202,1.75,-33.12,29.31,27.95,-83.91,-159.37
52.396812,-1.43098,139.07,17.19,3,196.43,19 / 20,3184210,2019-09-06 20:13:09:953,3.799,1.374,9.8341,-0.0091,-0.0021,9.8066,0.1042,0.0665,-0.0127,1.94,-33.06,29.69,27.54,-83.83,-159.55
52.396812,-1.43098,139.07,17.19,3,196.43,19 / 20,3184310,2019-09-06 20:13:10:053,2.9057,-0.5319,9.8961,-0.0013,0.0188,9.8066,-0.0114,0.0874,-0.012,2.06,-33.75,29.31,27,-84.05,-160.22
52.396812,-1.43098,139.07,17.19,3,196.43,20 / 21,3184409,2019-09-06 20:13:10:152,1.361,0.7201,9.8157,0.0007,-0.0143,9.8065,0.0218,0.0649,0.0246,1.56,-33.19,28.81,27.05,-84.3,-159.96
52.396812,-1.43098,139.07,17.19,3,196.43,20 / 21,3184510,2019-09-06 20:13:10:253,2.8922,-0.2513,10.2359,0.0028,-0.0155,9.8066,-0.0336,0.1095,-0.0069,1.31,-33.69,29.13,24.15,-84.38,-160.62
52.396812,-1.43098,139.07,17.19,3,196.43,20 / 21,3184610,2019-09-06 20:13:10:353,2.2863,1.7559,9.7002,0.0101,-0.0142,9.8065,-0.0212,0.1204,-0.0507,1.13,-33.69,28.75,22.97,-84.47,-161.63
52.396812,-1.43098,139.07,17.19,3,196.43,20 / 21,3184710,2019-09-06 20:13:10:453,2.9329,0.5676,10.0198,0.0012,0.013,9.8065,0.068,0.1403,-0.0101,0.69,-33.12,28.94,22.41,-84.46,-162.06
52.396812,-1.43098,139.07,17.19,3,196.43,20 / 21,3184810,2019-09-06 20:13:10:553,2.77,-0.583,10.3569,-0.0015,0.0179,9.8065,0.0487,0.1477,0.0131,1,-33.19,29.31,22.5,-84.53,-161.94
52.396812,-1.43098,139.07,17.19,3,196.43,20 / 21,3184910,2019-09-06 20:13:10:653,2.7398,0.859,10.0531,-0.0023,-0.0252,9.8066,0.1175,0.1408,0.006,0.63,-33.31,29.31,22.06,-84.41,-162.39
52.396812,-1.43098,139.07,17.19,3,196.43,20 / 21,3185010,2019-09-06 20:13:10:753,2.3276,-0.0663,9.9695,0.0097,0.0411,9.8065,0.2026,0.1249,0.0124,0.81,-33.25,29.56,22.21,-84.69,-161.99
52.396812,-1.43098,139.07,17.19,3,196.43,20 / 21,3185109,2019-09-06 20:13:10:852,2.3897,-0.5064,10.3795,0.0097,-0.0112,9.8065,-0.0852,0.2024,-0.0668,0.13,-33.06,29.25,19.64,-84.68,-162.47
52.396812,-1.43098,139.07,17.19,3,196.43,20 / 21,3185210,2019-09-06 20:13:10:953,2.7461,-0.051,9.706,0.0005,0.0225,9.8065,-0.0331,0.1934,-0.0274,-0.44,-33.81,29.19,19.94,-84.96,-162.14
52.396812,-1.43098,139.07,17.19,3,196.43,20 / 21,3185310,2019-09-06 20:13:11:053,2.9773,-0.6103,10.08,0.003,-0.0192,9.8066,-0.0088,0.187,0.0114,-0.25,-33.37,29.44,19.66,-85.16,-162.26
52.396812,-1.43098,139.07,17.19,3,196.43,18 / 20,3185410,2019-09-06 20:13:11:153,3.4043,0.6224,9.6838,0.0033,-0.0046,9.8066,0.0628,0.1519,0.0186,-1.37,-33.37,30.06,17.24,-85.24,-162.46
52.396812,-1.43098,139.07,17.19,3,196.43,18 / 20,3185509,2019-09-06 20:13:11:252,2.4665,-0.4459,9.6573,-0.003,0.0051,9.8066,-0.009,0.1566,-0.0414,-1.19,-33.19,29.94,17.54,-85.33,-162.15
52.396812,-1.43098,139.07,17.19,3,196.43,18 / 20,3185610,2019-09-06 20:13:11:353,3.3114,-0.6386,9.9067,-0.0034,-0.0024,9.8066,0.0133,0.2157,-0.0442,-1.75,-33.81,29.06,16.31,-85.45,-161.29
52.396812,-1.43098,139.07,17.19,3,196.43,18 / 20,3185710,2019-09-06 20:13:11:453,1.8466,-0.5845,9.8419,-0.0023,-0.0038,9.8066,-0.1308,0.2192,-0.0012,-2.87,-34.19,28.94,15.75,-85.53,-159.8
52.396812,-1.43098,139.07,17.19,3,196.43,18 / 20,3185810,2019-09-06 20:13:11:553,2.6339,1.1077,9.5182,0.0037,-0.0101,9.8066,-0.1421,0.1231,-0.0209,-2.62,-34.69,30.19,16.43,-85.69,-159.32
52.396812,-1.43098,139.07,17.19,3,196.43,18 / 20,3185910,2019-09-06 20:13:11:653,1.7075,1.4678,9.8947,-0.0001,0.0246,9.8066,0.1025,0.1469,0.0151,-3.12,-34.5,29.88,15.62,-85.77,-159.99
52.396812,-1.43098,139.07,17.19,3,196.43,18 / 20,3186010,2019-09-06 20:13:11:753,1.8377,1.0281,10.4133,-0.0023,0.0208,9.8066,0.1004,0.1812,0.0171,-3.62,-34,30.56,14.52,-85.88,-159.29
52.396812,-1.43098,139.07,17.19,3,196.43,18 / 20,3186110,2019-09-06 20:13:11:853,3.0374,0.0296,10.8869,0.0085,-0.0237,9.8066,-0.07,0.0838,0.0241,-3.62,-33.94,30.69,11.57,-85.76,-162.03
52.396812,-1.43098,139.07,17.19,3,196.43,18 / 20,3186210,2019-09-06 20:13:11:953,2.9393,1.8116,9.5867,0.0129,-0.0133,9.8065,-0.0402,0.2086,-0.0269,-3.19,-33.81,30.31,12.55,-85.7,-162.83
52.396812,-1.43098,139.07,17.19,3,196.43,18 / 20,3186309,2019-09-06 20:13:12:052,2.3381,1.062,9.1826,0.0001,-0.0078,9.8066,-0.0151,0.1005,-0.0556,-3.94,-33.69,30.19,10.1,-85.64,-163.19
52.396812,-1.43098,139.07,17.19,3,196.43,19 / 20,3186409,2019-09-06 20:13:12:152,1.4473,0.3146,9.7426,-0.0053,-0.0292,9.8066,-0.0096,-0.0031,0.0514,-4.19,-33.81,30.06,10.16,-85.64,-163.14
52.396812,-1.43098,139.07,17.19,3,196.43,19 / 20,3186510,2019-09-06 20:13:12:253,2.8575,0.6929,9.9875,-0.0202,0.0512,9.8064,0.0595,-0.0308,0.1066,-4.31,-33.44,30,10.29,-85.58,-163
52.396812,-1.43098,139.07,17.19,3,196.43,19 / 20,3186609,2019-09-06 20:13:12:352,0.1595,2.3821,10.2055,-0.0025,0.0433,9.8065,-0.032,0.0905,0.001,-4.81,-33.94,30.81,10.96,-85.71,-160.8
52.396812,-1.43098,139.07,17.19,3,196.43,19 / 20,3186710,2019-09-06 20:13:12:453,0.5896,-0.6784,10.1889,0.0076,-0.0153,9.8065,0.0736,0.0825,-0.0349,-5,-34.06,29.88,9.45,-85.51,-161.94
52.396812,-1.43098,139.07,17.19,3,196.43,19 / 20,3186810,2019-09-06 20:13:12:553,0.9845,1.3312,10.1198,0.0146,-0.0163,9.8066,-0.0133,0.0478,-0.0402,-5.06,-33.19,30.25,7.02,-85.51,-164.13
52.396812,-1.43098,139.07,17.19,3,196.43,19 / 20,3186909,2019-09-06 20:13:12:652,0.9253,0.2493,9.6035,-0.0013,-0.03,9.8066,0.0362,0.0673,0.0404,-5.12,-32.81,30.19,6.35,-85.28,-164.77
52.396812,-1.43098,139.07,17.19,3,196.43,19 / 20,3187010,2019-09-06 20:13:12:753,0.8475,0.3944,9.1972,-0.0042,-0.0211,9.8066,-0.0774,0.0842,0.0074,-5.37,-33.37,30.69,7.5,-85.22,-164.02
52.396812,-1.43098,139.07,17.19,3,196.43,19 / 20,3187110,2019-09-06 20:13:12:853,0.2885,1.1472,9.904,-0.0194,0.0381,9.8065,0.0296,-0.0086,0.0734,-5.75,-33.31,30.44,6.71,-85.31,-162.59
52.396812,-1.43098,139.07,17.19,3,196.43,19 / 20,3187210,2019-09-06 20:13:12:953,0.743,1.1855,10.0452,-0.0083,0.0208,9.8065,-0.0002,0.0309,0.0088,-5.62,-33.44,30,10.38,-85.59,-159.19
52.396812,-1.43098,139.07,17.19,3,196.43,19 / 20,3187310,2019-09-06 20:13:13:053,-1.0009,0.3245,10.3193,0.0018,-0.0112,9.8065,-0.011,0.06,-0.0579,-5.87,-33,30.38,11.67,-85.53,-158.03
52.396812,-1.43098,139.07,17.19,3,196.43,19 / 20,3187409,2019-09-06 20:13:13:152,0.5658,0.2643,9.6442,0.0314,-0.0032,9.8066,0.0013,0.0595,-0.0891,-5.75,-33.75,30.19,7.49,-85.63,-161.86
52.396812,-1.43098,139.07,17.19,3,196.43,19 / 20,3187510,2019-09-06 20:13:13:253,0.2938,0.6599,8.9275,0.0597,0.0431,9.8063,-0.002,-0.0039,-0.1808,-5.19,-33.44,30.56,358.33,-86,-172.38
52.396812,-1.43098,139.07,17.19,3,196.43,19 / 20,3187610,2019-09-06 20:13:13:353,-0.3984,1.1386,9.6289,0.0374,0.0157,9.8065,0.0174,0.0222,-0.0989,-4.87,-33.94,30.25,349.04,-86.26,179.32
52.396812,-1.43098,139.07,17.19,3,196.43,19 / 20,3187710,2019-09-06 20:13:13:453,1.8653,0.3651,9.5839,0.0434,0.0221,9.8065,-0.0851,-0.032,-0.0491,-4.94,-33.37,30.44,343.38,-86.29,174.02
52.396812,-1.43098,139.07,17.19,3,196.43,19 / 20,3187810,2019-09-06 20:13:13:553,0.7387,0.3223,9.8321,0.0295,-0.0068,9.8066,-0.0841,-0.0121,-0.05,-4.31,-33.37,29.19,333.38,-86.26,163.17
52.396812,-1.43098,139.07,17.19,3,196.43,19 / 20,3187910,2019-09-06 20:13:13:653,-1.0218,0.4406,9.3981,-0.0267,0.0106,9.8066,0.1251,0.0154,0.0916,-4.06,-34.12,30.25,336.7,-86.27,165.99
52.396812,-1.43098,139.07,17.19,3,196.43,19 / 20,3188010,2019-09-06 20:13:13:753,-0.5105,-0.8839,9.6421,-0.0144,-0.0064,9.8066,0.1041,-0.056,0.0605,-4.37,-33.56,30.13,341.21,-86.36,170.16
52.396812,-1.43098,139.07,17.19,3,196.43,19 / 20,3188110,2019-09-06 20:13:13:853,-1.4615,-0.2146,10.0309,-0.0129,0.0168,9.8066,-0.0985,-0.0465,-0.0128,-4.75,-33.62,29.94,343.23,-86.55,173.84
52.396812,-1.43098,139.07,17.19,3,196.43,19 / 20,3188210,2019-09-06 20:13:13:953,-0.5511,-0.4019,10.3915,-0.0106,0.0027,9.8066,0.0354,-0.0886,0.0365,-4,-33.69,29.69,347.07,-86.66,175.53
52.396812,-1.43098,139.07,17.19,3,196.43,19 / 20,3188310,2019-09-06 20:13:14:053,-1.1534,-0.457,10.1952,0.0114,-0.0211,9.8065,-0.0204,-0.0794,-0.0011,-4.31,-33.37,30.06,346.12,-86.61,174.63
52.396812,-1.43098,139.07,17.19,3,196.43,18 / 19,3188409,2019-09-06 20:13:14:152,-1.0911,-0.1887,10.0642,0.0039,-0.0304,9.8066,0.0021,-0.0842,-0.0013,-3.87,-33.69,29.94,345.24,-86.35,173.91
52.396812,-1.43098,139.07,17.19,3,196.43,18 / 19,3188510,2019-09-06 20:13:14:253,-1.2182,-0.3288,9.7411,-0.0077,0.0125,9.8066,0.0165,-0.095,0.0516,-4,-33.62,30,345.55,-86.38,174.19
52.396812,-1.43098,139.07,17.19,3,196.43,18 / 19,3188609,2019-09-06 20:13:14:352,-1.8022,-0.759,10.0891,-0.0125,0.0001,9.8066,-0.013,-0.139,0.0556,-4,-33.5,30.25,347.72,-86.37,176.18
52.396812,-1.43098,139.07,17.19,3,196.43,18 / 19,3188709,2019-09-06 20:13:14:452,-2.3288,-0.3413,9.54,0.0014,0.007,9.8066,0.0166,-0.1141,-0.0138,-3.56,-33.31,30.13,347.53,-86.46,175.98
52.396812,-1.43098,139.07,17.19,3,196.43,18 / 19,3188809,2019-09-06 20:13:14:552,-1.0784,-0.848,9.3131,0.0001,0.0018,9.8066,0.0576,-0.1471,0.0235,-3.44,-33.44,30.44,349.72,-86.47,176.14
52.396812,-1.43098,139.07,17.19,3,196.43,18 / 19,3188910,2019-09-06 20:13:14:653,-1.6656,-0.8476,9.6932,-0.0062,0.0084,9.8066,-0.0651,-0.1773,0.0185,-3.19,-33.81,29.5,349.87,-86.51,176.29
52.396812,-1.43098,139.07,17.19,3,196.43,18 / 19,3189010,2019-09-06 20:13:14:753,-1.6748,-0.0375,9.6284,0.0009,-0.0017,9.8066,-0.0029,-0.164,0.0291,-3,-33.37,29.69,350.3,-86.67,176.64
52.396812,-1.43098,139.07,17.19,3,196.43,18 / 19,3189109,2019-09-06 20:13:14:852,-2.4551,-0.9348,9.979,-0.0017,-0.0042,9.8066,-0.0838,-0.1363,-0.0002,-2.31,-33,29.75,353.47,-86.72,177.7
52.396812,-1.43098,139.07,17.19,3,196.43,18 / 19,3189209,2019-09-06 20:13:14:952,-2.7466,-0.2551,10.1544,-0.0062,-0.0326,9.8066,-0.0207,-0.2271,0.0481,-2.62,-34,29.5,352.08,-86.65,178.33
52.396812,-1.43098,139.07,17.19,3,196.43,18 / 19,3189310,2019-09-06 20:13:15:053,-1.6202,-0.5764,9.6568,-0.0067,-0.0059,9.8066,0.0174,-0.2339,0.0335,-1.81,-33.5,30.19,355.14,-86.64,179.27
52.396812,-1.43098,139.07,17.19,3,196.43,19 / 20,3189409,2019-09-06 20:13:15:152,-1.8822,0.151,9.8846,0.0098,-0.0081,9.8066,-0.0295,-0.1333,-0.0336,-1.12,-33.75,30,355.25,-86.64,177.48
52.396812,-1.43098,139.07,17.19,3,196.43,19 / 20,3189510,2019-09-06 20:13:15:253,-2.7329,0.5214,9.7973,-0.0027,0.0066,9.8066,-0.0762,-0.1559,0.0061,-1.25,-33.56,29.5,356.46,-86.82,178.6
52.396812,-1.43098,139.07,17.19,3,196.43,19 / 20,3189609,2019-09-06 20:13:15:352,-1.4626,0.016,9.4402,0.007,-0.0077,9.8066,0.0252,-0.1797,0.0076,-0.69,-33.06,30.25,355.48,-86.87,177.67
52.396812,-1.43098,139.07,17.19,3,196.43,19 / 20,3189710,2019-09-06 20:13:15:453,-1.5902,-0.0385,9.996,-0.0144,0.0054,9.8065,0.0038,-0.2143,0.0758,-0.69,-34,29.88,358.25,-86.88,-179.73
52.396812,-1.43098,139.07,17.19,3,196.43,19 / 20,3189809,2019-09-06 20:13:15:552,-2.0626,-1.2432,9.7205,-0.0175,0.0026,9.8066,-0.0148,-0.2242,0.0674,0,-33.19,29.56,4.65,-86.79,-175.64
52.396812,-1.43098,139.07,17.19,3,196.43,19 / 20,3189909,2019-09-06 20:13:15:652,-2.0174,-0.7401,9.6574,-0.0126,0.0009,9.8066,0.0283,-0.2711,0.0668,0.5,-34,28.88,9.01,-86.8,-173.57
52.396812,-1.43098,139.07,17.19,3,196.43,19 / 20,3190010,2019-09-06 20:13:15:753,-2.7356,-0.9532,9.7515,-0.0062,0.018,9.8066,0.0503,-0.2539,0.0581,0.38,-33.44,29.31,10.87,-86.95,-169.8
52.396812,-1.43098,139.07,17.19,3,196.43,19 / 20,3190110,2019-09-06 20:13:15:853,-3.019,-0.6702,10.4038,-0.009,0.0073,9.8066,0.0521,-0.2785,0.0432,0.56,-33.12,28.75,16.64,-86.85,-166.38
52.396812,-1.43098,139.07,17.19,3,196.43,19 / 20,3190210,2019-09-06 20:13:15:953,-2.3363,-0.5021,9.5717,-0.0037,0.0074,9.8066,-0.0042,-0.2628,0.0223,1.06,-33.5,28.94,18.03,-86.78,-165.11
52.396812,-1.43098,139.07,17.19,3,196.43,19 / 20,3190309,2019-09-06 20:13:16:052,-3.696,0.2361,10.031,-0.0165,0.0051,9.8066,-0.0546,-0.3256,0.0542,1.81,-33.37,29.5,22.9,-86.59,-162.41
52.396812,-1.43098,139.07,17.19,3,196.43,20 / 21,3190409,2019-09-06 20:13:16:152,-4.513,-0.3423,10.4673,-0.0052,-0.0059,9.8066,0.0822,-0.3961,0.113,1.88,-33.5,28.75,26.01,-86.53,-159.71
52.396812,-1.43098,139.07,17.19,3,196.43,20 / 21,3190510,2019-09-06 20:13:16:253,-1.6661,-0.8965,10.3966,-0.0096,-0.0167,9.8066,0.1023,-0.3546,0.153,2.13,-33.75,28.69,26.06,-86.57,-159.69
52.396812,-1.43098,139.07,17.19,3,196.43,20 / 21,3190610,2019-09-06 20:13:16:353,-2.0921,-0.9635,9.3284,-0.0043,0.0136,9.8065,0.0605,-0.2164,-0.0106,3.13,-33.44,28.56,32.15,-86.34,-156.01
52.396812,-1.43098,139.07,17.19,3,196.43,20 / 21,3190710,2019-09-06 20:13:16:453,-1.0967,-0.9104,9.1359,-0.0218,-0.0232,9.8065,-0.0681,-0.3606,0.1027,2.56,-33.87,28.31,34.81,-86.14,-154.03
52.396812,-1.43098,139.07,17.19,3,196.43,20 / 21,3190809,2019-09-06 20:13:16:552,-3.7858,-0.6157,9.1901,-0.0034,-0.0174,9.8066,-0.1344,-0.2669,0.0576,3.69,-33.44,28.38,37.73,-86.19,-153.19
52.396812,-1.43098,139.07,17.19,3,196.43,20 / 21,3190909,2019-09-06 20:13:16:652,-2.322,-0.0308,9.2429,0.0013,0.0463,9.8065,0.2465,-0.2782,0.0581,3.69,-33.94,27.13,43,-86.41,-148.53
52.396812,-1.43098,139.07,17.19,3,196.43,20 / 21,3191009,2019-09-06 20:13:16:752,-2.1312,-0.3523,10.5348,-0.0087,0.0593,9.8064,0.0754,-0.2035,0.0196,3.38,-33.94,27.38,43.89,-86.32,-145.7
52.396812,-1.43098,139.07,17.19,3,196.43,20 / 21,3191109,2019-09-06 20:13:16:852,-3.9149,0.0657,10.0689,0.0097,-0.0342,9.8065,-0.0508,-0.2065,-0.0356,4.81,-33.81,26.69,48.73,-86.25,-145.31
52.396812,-1.43098,139.07,17.19,3,196.43,20 / 21,3191210,2019-09-06 20:13:16:953,-2.949,-0.6621,10.5998,-0.0074,0.0193,9.8066,-0.0604,-0.3915,0.1184,4.88,-33.62,27.19,46.55,-86.02,-147.59
52.396812,-1.43098,139.07,17.19,3,196.43,20 / 21,3191309,2019-09-06 20:13:17:052,-1.9863,-1.9861,9.886,-0.0102,-0.0034,9.8065,0.042,-0.1491,-0.0598,5.13,-34.12,26.81,47.35,-85.91,-146.94
52.39579,-1.431176,139.67,11.47,2,209.46,19 / 20,3191410,2019-09-06 20:13:17:153,-3.9989,-0.7372,9.7772,-0.0257,-0.0139,9.8066,-0.0334,-0.3511,0.0932,5.81,-34.31,26.19,50.88,-85.75,-146.4
52.39579,-1.431176,139.67,11.47,2,209.46,19 / 20,3191509,2019-09-06 20:13:17:252,-2.3622,-2.2394,9.5159,-0.0136,0.0034,9.8066,0.0496,-0.2306,-0.0118,5.63,-34,25.75,54.48,-85.59,-143.17
52.39579,-1.431176,139.67,11.47,2,209.46,19 / 20,3191610,2019-09-06 20:13:17:353,-2.6224,0.1029,9.8439,-0.0104,-0.0153,9.8066,-0.0128,-0.3516,0.1133,6.25,-34.5,25.5,56.16,-85.53,-141.65
52.39579,-1.431176,139.67,11.47,2,209.46,19 / 20,3191709,2019-09-06 20:13:17:452,-1.6169,-0.589,10.3969,-0.0042,0.0164,9.8066,0.0776,-0.1423,-0.1369,6.94,-34.06,25.25,60.15,-85.51,-140.68
52.39579,-1.431176,139.67,11.47,2,209.46,19 / 20,3191809,2019-09-06 20:13:17:552,-1.5599,-1.7142,9.6295,0.0225,-0.0054,9.8065,0.0141,-0.293,0.0534,7.31,-34.12,25.06,56.22,-85.41,-144.52
52.39579,-1.431176,139.67,11.47,2,209.46,19 / 20,3191910,2019-09-06 20:13:17:653,-3.1796,-0.5767,10.0074,-0.0075,0.0008,9.8066,0.0718,-0.158,-0.0286,7.44,-34.06,24.81,54.63,-85.12,-146.34
52.39579,-1.431176,139.67,11.47,2,209.46,19 / 20,3192010,2019-09-06 20:13:17:753,-1.1347,-1.263,9.6752,-0.0119,-0.0085,9.8066,-0.0873,-0.2406,0.0089,7.81,-34.25,23.88,57.67,-85.13,-146.41
52.39579,-1.431176,139.67,11.47,2,209.46,19 / 20,3192110,2019-09-06 20:13:17:853,-1.6695,-1.3609,9.1616,0.0004,0.007,9.8066,-0.0213,-0.0993,-0.0236,7.44,-34.12,23.88,56.96,-85.03,-145.08
52.39579,-1.431176,139.67,11.47,2,209.46,19 / 20,3192210,2019-09-06 20:13:17:953,-2.5771,-0.5057,9.2235,-0.004,-0.0085,9.8066,0.0095,-0.2064,0.0287,8.44,-34.5,23.75,59.04,-85.07,-145.19
52.39579,-1.431176,139.67,11.47,2,209.46,19 / 20,3192310,2019-09-06 20:13:18:053,-0.8059,-2.4805,9.7365,0.0072,0.0218,9.8066,0.0079,-0.0738,-0.1091,9.13,-34.06,23.44,63.91,-85.08,-143.65
52.39579,-1.431176,139.67,11.47,2,209.46,19 / 20,3192410,2019-09-06 20:13:18:153,-0.758,-0.3484,10.7259,-0.0011,-0.0123,9.8066,-0.0097,-0.1287,0.0306,8.13,-34.31,23.38,59.29,-85.15,-145.81
52.39579,-1.431176,139.67,11.47,2,209.46,19 / 20,3192509,2019-09-06 20:13:18:252,-2.1702,-0.7873,10.6422,-0.0053,-0.0301,9.8066,0.0353,-0.0014,-0.1238,9.31,-34.56,22.94,60.31,-85.04,-147.28
52.39579,-1.431176,139.67,11.47,2,209.46,19 / 20,3192610,2019-09-06 20:13:18:353,-0.7903,-1.1789,10.696,-0.0019,-0.0366,9.8065,0.0452,-0.0667,0.0324,9.56,-33.56,23.56,55.28,-84.84,-153.02
52.39579,-1.431176,139.67,11.47,2,209.46,19 / 20,3192710,2019-09-06 20:13:18:453,0.1465,-1.9019,10.1531,-0.0156,-0.0205,9.8066,-0.0926,-0.0201,-0.0274,8.88,-34.25,23.25,52.63,-84.45,-154.96
52.39579,-1.431176,139.67,11.47,2,209.46,19 / 20,3192809,2019-09-06 20:13:18:552,-0.0264,-1.542,9.5361,-0.0008,-0.0052,9.8066,0.0285,-0.0608,0.0419,9.06,-34.06,23.25,53.07,-84.48,-154.52
52.39579,-1.431176,139.67,11.47,2,209.46,19 / 20,3192909,2019-09-06 20:13:18:652,-0.1717,-0.4872,9.223,-0.0088,-0.0174,9.8066,-0.1221,-0.0438,0.0215,9.19,-34.06,23.31,51.42,-84.44,-156.08
52.39579,-1.431176,139.67,11.47,2,209.46,19 / 20,3193009,2019-09-06 20:13:18:752,1.176,-0.3274,9.0437,-0.0273,-0.0634,9.8063,0.232,-0.1414,-0.0332,9.69,-34,22.5,53.04,-84.34,-156.75
52.39579,-1.431176,139.67,11.47,2,209.46,19 / 20,3193109,2019-09-06 20:13:18:852,0.6371,0.267,9.708,0.0627,0.0637,9.8062,0.184,0.0335,-0.0644,10.06,-34.5,22.94,49.83,-84.09,-159.97
52.39579,-1.431176,139.67,11.47,2,209.46,19 / 20,3193209,2019-09-06 20:13:18:952,-0.2932,-1.9652,10.9432,0.0206,0.0095,9.8066,0.1521,-0.0717,0.0364,9.56,-33.31,23.63,44.65,-84.29,-163.22
52.39579,-1.431176,139.67,11.47,2,209.46,19 / 20,3193309,2019-09-06 20:13:19:052,0.9458,-2.949,9.2294,-0.0101,0.0267,9.8066,-0.0011,0.0537,-0.072,10.06,-33.62,23.94,46.11,-83.95,-162.38
52.39579,-1.431176,139.67,11.47,2,209.46,19 / 20,3193410,2019-09-06 20:13:19:153,0.0313,-1.8795,8.8585,-0.0032,0.0275,9.8066,-0.0856,0.0276,0.1319,9.38,-33.56,23.81,46.33,-84.05,-160.1
52.39579,-1.431176,139.67,11.47,2,209.46,19 / 20,3193509,2019-09-06 20:13:19:252,-0.3914,-0.3236,8.1579,-0.0285,0.0455,9.8064,-0.0823,-0.067,0.1844,8.69,-34.25,22.63,55.57,-84.24,-152.5
52.39579,-1.431176,139.67,11.47,2,209.46,19 / 20,3193610,2019-09-06 20:13:19:353,-0.4076,-1.9011,7.6545,-0.0081,0.041,9.8065,-0.2072,-0.0017,0.0504,8.88,-34.75,23.31,63.85,-84.14,-145.13
52.39579,-1.431176,139.67,11.47,2,209.46,19 / 20,3193709,2019-09-06 20:13:19:452,-0.4281,-0.0157,9.7962,-0.0227,0.0191,9.8066,-0.0331,0.0194,0.1602,8.25,-34.81,22.44,67.61,-84.25,-140.47
52.39579,-1.431176,139.67,11.47,2,209.46,19 / 20,3193809,2019-09-06 20:13:19:552,0.585,-1.9363,10.5134,0.0028,0.015,9.8066,-0.0821,-0.0633,-0.0557,8.19,-34.25,22.5,70.14,-84.19,-136.8
52.39579,-1.431176,139.67,11.47,2,209.46,19 / 20,3193910,2019-09-06 20:13:19:653,-0.4628,-1.8016,11.1026,-0.0265,-0.0847,9.8062,-0.0162,0.0261,-0.0413,8.13,-34.62,22.63,66.27,-83.64,-141.47
52.39579,-1.431176,139.67,11.47,2,209.46,19 / 20,3194010,2019-09-06 20:13:19:753,-0.9871,-3.3534,10.5949,-0.0157,-0.0617,9.8063,-0.1427,0.0454,-0.045,8.38,-34.31,23.13,63.22,-83.59,-144.14
52.39579,-1.431176,139.67,11.47,2,209.46,19 / 20,3194109,2019-09-06 20:13:19:852,0.9302,-0.2423,9.3371,0.0137,0.015,9.8065,-0.2909,-0.0466,0.0185,8.38,-34.69,23.25,61.81,-83.59,-145.68
52.39579,-1.431176,139.67,11.47,2,209.46,19 / 20,3194209,2019-09-06 20:13:19:952,0.3014,-1.692,9.3376,-0.0252,-0.028,9.8065,0.223,0.0641,-0.0136,8.19,-34.75,22.94,62.55,-83.5,-145.13
52.39579,-1.431176,139.67,11.47,2,209.46,19 / 20,3194310,2019-09-06 20:13:20:053,1.3895,-0.1484,8.9007,0.0193,0.06,9.8064,0.1163,0.0292,0,8.25,-34.06,23.63,59.78,-83.58,-146.31
52.39579,-1.431176,139.67,11.47,2,209.46,19 / 20,3194409,2019-09-06 20:13:20:152,0.6177,-2.0258,9.4675,0.0109,0.0028,9.8066,0.0741,0.0551,0.0067,7.94,-34.75,23.56,61.32,-83.81,-144.81
52.39579,-1.431176,139.67,11.47,2,209.46,19 / 20,3194510,2019-09-06 20:13:20:253,0.5493,-2.9381,9.4885,-0.0086,-0.011,9.8065,0.0764,0.1034,-0.0492,8.5,-34.06,23.19,62.59,-83.69,-146.68
52.39579,-1.431176,139.67,11.47,2,209.46,19 / 20,3194610,2019-09-06 20:13:20:353,1.2403,-2.2874,9.5092,0.0095,0.0102,9.8066,-0.0325,0.0487,-0.0084,8,-34.87,23.44,61.09,-83.9,-145.94
52.39579,-1.431176,139.67,11.47,2,209.46,19 / 20,3194709,2019-09-06 20:13:20:452,0.9278,-2.5436,9.7605,0.0016,0.0002,9.8066,-0.0229,0.0629,-0.0382,7.75,-34.62,23.75,61.17,-84.02,-144.69
52.39579,-1.431176,139.67,11.47,2,209.46,19 / 20,3194809,2019-09-06 20:13:20:552,1.7957,-1.0989,9.7447,-0.0052,-0.0085,9.8065,-0.0092,0.1057,0.0586,8.31,-34.62,23.63,61.5,-84.07,-144.31
52.39579,-1.431176,139.67,11.47,2,209.46,19 / 20,3194909,2019-09-06 20:13:20:652,2.3179,-2.7479,9.9288,-0.0122,-0.0106,9.8066,-0.0052,0.1529,-0.047,7.44,-34.31,24.31,58.23,-83.95,-145.2
52.39579,-1.431176,139.67,11.47,2,209.46,19 / 20,3195010,2019-09-06 20:13:20:753,0.2601,-1.8408,9.6938,-0.0044,-0.0116,9.8066,0.0156,0.1165,-0.1073,8.19,-34.44,24,60.36,-83.88,-145.4
52.39579,-1.431176,139.67,11.47,2,209.46,19 / 20,3195110,2019-09-06 20:13:20:853,1.1823,-1.9042,9.7598,0.0136,0.0019,9.8066,-0.0678,0.0227,0.0223,7.56,-34.06,24,59.62,-84.01,-145.93
52.39579,-1.431176,139.67,11.47,2,209.46,19 / 20,3195210,2019-09-06 20:13:20:953,0.6244,-3.2875,9.7774,0.009,0.0193,9.8066,-0.0045,0.0476,-0.0963,7.88,-33.75,24.38,59.07,-84.09,-146.34
52.39579,-1.431176,139.67,11.47,2,209.46,19 / 20,3195310,2019-09-06 20:13:21:053,0.4455,-3.5891,9.1696,0.0152,0.001,9.8066,0.0206,0.1034,0.0178,7.81,-34,24.44,58.31,-84.08,-147.06
52.39579,-1.431176,139.67,11.47,2,209.46,19 / 20,3195410,2019-09-06 20:13:21:153,1.5504,-2.4495,9.2649,-0.0036,-0.0049,9.8066,-0.0361,0.0869,-0.0085,7.69,-33.94,24.06,57.19,-84.15,-148.02
52.39579,-1.431176,139.67,11.47,2,209.46,19 / 20,3195509,2019-09-06 20:13:21:252,2.0021,-1.4829,9.9133,-0.0037,0.0019,9.8066,-0.0156,0.0425,-0.0845,6.88,-34.06,24.56,54.06,-84.09,-148.02
52.39579,-1.431176,139.67,11.47,2,209.46,19 / 20,3195610,2019-09-06 20:13:21:353,1.6635,-3.1264,10.0349,0.0138,0.0111,9.8066,-0.0858,0.1772,-0.0132,7.56,-34,24.5,56,-84.12,-148.22
52.39579,-1.431176,139.67,11.47,2,209.46,19 / 20,3195710,2019-09-06 20:13:21:453,1.6617,-1.7086,9.4705,-0.0065,-0.0302,9.8065,-0.0651,0.0922,0.1202,7,-33.56,24.88,50.41,-83.91,-151.56
52.39579,-1.431176,139.67,11.47,2,209.46,19 / 20,3195810,2019-09-06 20:13:21:553,0.0751,-1.6843,9.7083,-0.0393,-0.0353,9.8064,-0.0261,0.1199,-0.2385,6.63,-34.12,25.06,50.8,-83.75,-151.37
52.39579,-1.431176,139.67,11.47,2,209.46,19 / 20,3195910,2019-09-06 20:13:21:653,1.2578,-1.522,9.0479,0.0286,0.0247,9.8065,0.0563,0.0313,0.0947,6.88,-34.06,24.75,50.4,-84.01,-151.46
52.39579,-1.431176,139.67,11.47,2,209.46,19 / 20,3196010,2019-09-06 20:13:21:753,1.5037,-1.821,9.8564,0.0132,0.0024,9.8066,0.0422,0.0844,-0.0059,6.63,-34.06,25.31,50.1,-84.29,-151.43
52.39579,-1.431176,139.67,11.47,2,209.46,19 / 20,3196110,2019-09-06 20:13:21:853,2.0858,-2.9055,10.163,-0.0008,-0.0198,9.8065,0.0978,0.0757,-0.0103,7.25,-33.81,25.38,47.81,-84.24,-153.58
52.39579,-1.431176,139.67,11.47,2,209.46,19 / 20,3196209,2019-09-06 20:13:21:952,1.2302,-2.5737,10.2342,0.0023,-0.015,9.8066,0.0826,0.0113,0.0251,7.06,-33.5,25.94,45.81,-84.08,-154.63
52.39579,-1.431176,139.67,11.47,2,209.46,19 / 20,3196310,2019-09-06 20:13:22:053,1.152,-2.772,9.4434,0.0043,0.0094,9.8066,-0.0226,0.0232,-0.1364,6.69,-33.69,25.63,46.19,-83.9,-154.61
52.39579,-1.431176,139.67,11.47,2,209.46,18 / 19,3196410,2019-09-06 20:13:22:153,2.0768,-2.3977,9.0753,0.0288,0.0185,9.8065,-0.0402,0.1173,-0.0421,6.88,-33.75,25.88,45,-84.11,-155.5
52.39579,-1.431176,139.67,11.47,2,209.46,18 / 19,3196509,2019-09-06 20:13:22:252,2.4366,-1.8757,8.8296,0.0181,0.0022,9.8066,-0.0186,0.0659,0.0876,6.88,-33.5,26.19,43.29,-84.4,-156.63
52.39579,-1.431176,139.67,11.47,2,209.46,18 / 19,3196609,2019-09-06 20:13:22:352,2.8102,-1.8446,8.9955,-0.0071,-0.0213,9.8066,-0.071,0.13,-0.0697,6.81,-34.12,25.63,42.95,-84.5,-156.99
52.39579,-1.431176,139.67,11.47,2,209.46,18 / 19,3196709,2019-09-06 20:13:22:452,1.9538,-1.5384,10.1925,-0.0017,0.0048,9.8065,0.0728,0.0771,0.0064,6.63,-33.87,26.06,43.31,-84.52,-156.65
52.39579,-1.431176,139.67,11.47,2,209.46,18 / 19,3196809,2019-09-06 20:13:22:552,1.1286,-2.977,10.5336,-0.0091,0.0062,9.8066,0.0362,0.0777,-0.0298,6.81,-33.37,26.25,42.95,-84.22,-157.1
52.39579,-1.431176,139.67,11.47,2,209.46,18 / 19,3196909,2019-09-06 20:13:22:652,0.4311,-1.568,10.4455,-0.0032,-0.0267,9.8065,0.0038,0.0231,0.019,6.25,-33.37,26.06,39.08,-83.9,-158.83
52.39579,-1.431176,139.67,11.47,2,209.46,18 / 19,3197010,2019-09-06 20:13:22:753,1.3774,-1.285,9.2843,0.0069,-0.0209,9.8065,0.017,0.0626,-0.0853,6.44,-33,26.44,38.07,-83.92,-159.73
52.39579,-1.431176,139.67,11.47,2,209.46,18 / 19,3197109,2019-09-06 20:13:22:852,1.756,-2.3905,8.7669,0.0221,0.0255,9.8065,-0.0309,0.0281,0.0021,6.25,-33.81,26.5,36.48,-84.17,-160.46
52.39579,-1.431176,139.67,11.47,2,209.46,18 / 19,3197209,2019-09-06 20:13:22:952,1.3078,-1.639,9.3846,0.0185,0.0117,9.8066,0.0302,0.0376,0.0418,6.25,-33.5,26.81,35.41,-84.52,-161.03
52.39579,-1.431176,139.67,11.47,2,209.46,18 / 19,3197309,2019-09-06 20:13:23:052,0.9361,-2.5592,9.8235,-0.0032,-0.029,9.8066,0.072,0.0611,-0.0151,6.5,-33.56,26.06,36.99,-84.41,-162.46
52.39579,-1.431176,139.67,11.47,2,209.46,18 / 19,3197410,2019-09-06 20:13:23:153,0.6754,-1.9027,10.4485,-0.0092,-0.0355,9.8065,0.0649,0.1045,-0.0033,6.56,-33.62,26.13,36.26,-84.21,-163.27
52.39579,-1.431176,139.67,11.47,2,209.46,18 / 19,3197509,2019-09-06 20:13:23:252,1.5923,-1.4252,9.7948,0.0202,0.0194,9.8066,-0.0227,-0.0607,0.1359,5.88,-33.25,26.81,32.73,-84.16,-163.7
52.39579,-1.431176,139.67,11.47,2,209.46,18 / 19,3197609,2019-09-06 20:13:23:352,2.7142,-1.1669,9.0197,-0.0128,-0.0113,9.8066,0.0914,0.0019,-0.0282,6.19,-33.62,26.88,33.56,-84.22,-163.04
52.39579,-1.431176,139.67,11.47,2,209.46,18 / 19,3197710,2019-09-06 20:13:23:453,-1.1891,-1.4024,8.3342,0.0172,0.0252,9.8065,0.0505,-0.0011,0.0814,6.63,-33.37,26.19,35.79,-84.47,-163.37
52.39579,-1.431176,139.67,11.47,2,209.46,18 / 19,3197810,2019-09-06 20:13:23:553,0.8045,-4.6047,9.1081,-0.0047,0.0036,9.8066,-0.0214,0.1299,-0.0298,6.75,-33.19,25.88,35.19,-84.45,-163.93
52.39579,-1.431176,139.67,11.47,2,209.46,18 / 19,3197910,2019-09-06 20:13:23:653,0.1456,-2.9955,10.3182,0.0076,-0.0173,9.8066,0.0974,-0.0279,-0.0562,7,-33.25,26.44,33.01,-84.29,-166
52.39579,-1.431176,139.67,11.47,2,209.46,18 / 19,3198010,2019-09-06 20:13:23:753,1.924,-1.0754,10.0069,0.021,0.0093,9.8065,-0.142,0.0136,0.1057,6.63,-32.94,26.31,30.72,-84.32,-168.03
52.39579,-1.431176,139.67,11.47,2,209.46,18 / 19,3198109,2019-09-06 20:13:23:852,1.128,-0.5062,9.7298,-0.0132,-0.0242,9.8066,-0.0647,0.0839,-0.0388,6.75,-33.44,26.63,30.19,-84.48,-167.74
52.39579,-1.431176,139.67,11.47,2,209.46,18 / 19,3198209,2019-09-06 20:13:23:952,-0.1203,0.1199,10.0357,-0.0116,-0.027,9.8066,0.0217,0.1994,-0.0645,6.44,-32.94,26.75,28.45,-84.43,-167.36
52.39579,-1.431176,139.67,11.47,2,209.46,18 / 19,3198309,2019-09-06 20:13:24:052,1.0476,-1.2103,10.3278,-0.008,-0.0087,9.8066,0.0129,-0.0605,0.0575,6.25,-33,26.5,27.94,-84.34,-167.87
52.39579,-1.431176,139.67,11.47,2,209.46,20 / 21,3198410,2019-09-06 20:13:24:153,0.0594,-1.4109,10.3219,0.0065,-0.0198,9.8066,-0.1024,-0.0271,-0.0175,5.88,-32.37,26.88,28.91,-84.05,-167.08
52.39579,-1.431176,139.67,11.47,2,209.46,20 / 21,3198509,2019-09-06 20:13:24:252,0.2995,-0.9499,10.4027,-0.0023,-0.0109,9.8066,-0.0796,0.0116,0.012,6.06,-33.06,26.38,28.64,-83.86,-168.13
52.39579,-1.431176,139.67,11.47,2,209.46,20 / 21,3198610,2019-09-06 20:13:24:353,0.9732,-2.1313,9.2051,0.0043,0.0054,9.8066,-0.0198,-0.0228,-0.0059,5.94,-33.19,27.19,27.76,-83.98,-168.25
52.39579,-1.431176,139.67,11.47,2,209.46,20 / 21,3198710,2019-09-06 20:13:24:453,0.4855,-1.9624,9.2895,0.0041,-0.0116,9.8066,-0.0598,-0.1193,0.0144,6.06,-33.56,26.88,28.32,-84,-167.84
52.39579,-1.431176,139.67,11.47,2,209.46,20 / 21,3198809,2019-09-06 20:13:24:552,1.2115,-2.2014,8.9733,0.0002,-0.026,9.8066,0.0136,-0.076,0.0815,6.13,-32.87,26.81,27.44,-83.93,-168.56
52.39579,-1.431176,139.67,11.47,2,209.46,20 / 21,3198910,2019-09-06 20:13:24:653,-0.9418,-1.1603,9.6487,0.0006,0.0241,9.8066,0.0998,-0.0113,0.0563,6.5,-32.75,26.81,29.6,-83.94,-168.61
52.39579,-1.431176,139.67,11.47,2,209.46,20 / 21,3199010,2019-09-06 20:13:24:753,0.5147,-1.0824,10.2458,-0.0056,0.0046,9.8066,0.1365,-0.1205,-0.0013,6,-33.62,26.88,27.47,-83.79,-168.72
52.39579,-1.431176,139.67,11.47,2,209.46,20 / 21,3199110,2019-09-06 20:13:24:853,1.5428,-1.8977,9.7161,0.0055,-0.0062,9.8066,0.1431,0.0622,-0.0679,5.94,-32.81,27.19,26.99,-83.62,-169.13
52.39579,-1.431176,139.67,11.47,2,209.46,20 / 21,3199210,2019-09-06 20:13:24:953,-0.6244,2.1024,9.5461,0.0027,0.0293,9.8066,0.0021,0.1188,-0.0379,5.63,-32.62,26.56,26.17,-83.6,-169.87
52.39579,-1.431176,139.67,11.47,2,209.46,20 / 21,3199310,2019-09-06 20:13:25:053,1.2236,-1.3349,9.333,0.0049,0.0089,9.8066,-0.0516,-0.0622,0.0559,6.5,-33.44,26.69,28.05,-83.64,-170.16
52.39579,-1.431176,139.67,11.47,2,209.46,19 / 20,3199410,2019-09-06 20:13:25:153,1.034,0.3238,9.6868,-0.007,-0.0093,9.8066,-0.0609,-0.1191,-0.0086,6,-33.12,26.81,26.68,-83.64,-169.4
52.39579,-1.431176,139.67,11.47,2,209.46,19 / 20,3199510,2019-09-06 20:13:25:253,0.091,0.5462,9.6972,0.0009,0.0156,9.8065,-0.0483,-0.0362,0.0045,6.19,-33.12,26.94,27.02,-83.56,-169.15
52.39579,-1.431176,139.67,11.47,2,209.46,19 / 20,3199609,2019-09-06 20:13:25:352,1.0572,-0.6188,9.4576,-0.006,0.0205,9.8066,0.1529,-0.1001,0.079,6.13,-33.37,26.75,27.59,-83.39,-168.75
52.39579,-1.431176,139.67,11.47,2,209.46,19 / 20,3199710,2019-09-06 20:13:25:453,-0.7468,-1.7051,9.6006,-0.0045,0.0074,9.8066,0.1898,-0.0346,0.0508,6.38,-33.44,27.19,29.14,-83.18,-167.53
52.39579,-1.431176,139.67,11.47,2,209.46,19 / 20,3199810,2019-09-06 20:13:25:553,-1.0855,-0.9948,10.2525,-0.0129,-0.0094,9.8066,-0.0331,0.004,0.0389,5.75,-33.06,26.81,30.14,-83.06,-166.73
52.39579,-1.431176,139.67,11.47,2,209.46,19 / 20,3199909,2019-09-06 20:13:25:652,-1.0216,-1.3414,9.5583,-0.0072,-0.0219,9.8066,-0.0595,0.039,0.0239,5.56,-32.87,27,30.05,-83.12,-166.77
52.39579,-1.431176,139.67,11.47,2,209.46,19 / 20,3200010,2019-09-06 20:13:25:753,-0.3966,-0.5807,9.6418,0.0148,0.0339,9.8065,0.1173,-0.0133,-0.0456,5.75,-33.19,26.44,29.6,-82.92,-167.91
52.39579,-1.431176,139.67,11.47,2,209.46,19 / 20,3200110,2019-09-06 20:13:25:853,-0.1665,-0.3853,10.2279,0.0169,0.0342,9.8066,0.1288,-0.0426,-0.0654,6.06,-32.56,26.69,28.03,-83.1,-168.54
52.39579,-1.431176,139.67,11.47,2,209.46,19 / 20,3200209,2019-09-06 20:13:25:952,-0.078,-0.6687,9.8635,0.0279,0.0386,9.8064,0.0308,-0.0258,0.0331,5.94,-32.94,26.56,26.34,-83.06,-170.03
52.39579,-1.431176,139.67,11.47,2,209.46,19 / 20,3200311,2019-09-06 20:13:26:054,0.0726,-0.822,10.1776,-0.0002,-0.0332,9.8065,0.0164,0.0313,0.0327,6.56,-33.44,26.5,26.54,-82.77,-171.99
52.394703,-1.432412,139.84,21.65,3,209.29,19 / 20,3200410,2019-09-06 20:13:26:153,-0.3691,-0.4723,10.0241,0.0034,-0.0009,9.8066,0.0876,0.0145,0.0026,6.81,-33.5,26.56,26.14,-82.78,-172.33
52.394703,-1.432412,139.84,21.65,3,209.29,19 / 20,3200509,2019-09-06 20:13:26:252,-1.3388,-0.9884,9.3096,-0.0149,-0.0146,9.8066,-0.0994,-0.016,0.0037,6.31,-32.94,26.75,24.08,-82.65,-172.2
52.394703,-1.432412,139.84,21.65,3,209.29,19 / 20,3200610,2019-09-06 20:13:26:353,0.5131,0.3048,9.2528,-0.0054,0.007,9.8066,-0.0812,-0.0795,0.0182,6.63,-33.06,26.5,26.23,-82.66,-172.33
52.394703,-1.432412,139.84,21.65,3,209.29,19 / 20,3200710,2019-09-06 20:13:26:453,0.3418,-1.4795,9.8847,-0.0048,-0.0125,9.8066,0.1467,-0.1035,0.0938,6.31,-33.56,26.5,24.62,-82.56,-171.9
52.394703,-1.432412,139.84,21.65,3,209.29,19 / 20,3200809,2019-09-06 20:13:26:552,-1.3225,-1.0584,9.7912,-0.0093,0.007,9.8066,0.1338,-0.0503,0.0147,6.13,-33.5,25.88,25.68,-82.6,-171.46
52.394703,-1.432412,139.84,21.65,3,209.29,19 / 20,3200909,2019-09-06 20:13:26:652,-0.9368,-0.2337,9.899,0.0119,0.023,9.8066,-0.1114,0.0251,-0.0091,5.81,-33.87,26.25,25.82,-82.67,-171.43
52.394703,-1.432412,139.84,21.65,3,209.29,19 / 20,3201009,2019-09-06 20:13:26:752,0.2388,0.8064,9.8918,-0.0021,-0.0142,9.8066,-0.0867,0.0238,-0.0119,6.56,-33.69,26.31,26.81,-82.72,-172.59
52.394703,-1.432412,139.84,21.65,3,209.29,19 / 20,3201110,2019-09-06 20:13:26:853,-1.1158,-0.3109,10.792,-0.0015,-0.0113,9.8066,0.2107,-0.0165,0.0151,5.94,-33.56,25.88,23.59,-82.51,-173.41
52.394703,-1.432412,139.84,21.65,3,209.29,19 / 20,3201210,2019-09-06 20:13:26:953,-0.6485,-0.7607,11.0812,0.0113,0.0411,9.8065,0.2017,-0.1274,0.0483,6.63,-33.56,25.63,25.8,-82.52,-173.57
52.394703,-1.432412,139.84,21.65,3,209.29,19 / 20,3201310,2019-09-06 20:13:27:053,0.4364,-0.0109,10.4439,0.0222,0.0539,9.8065,-0.0541,0.0384,0.0098,6.38,-33.37,26.56,22.99,-82.41,-173.25
52.394703,-1.432412,139.84,21.65,3,209.29,19 / 21,3201410,2019-09-06 20:13:27:153,-1.3344,-0.3456,9.4721,0.0023,0.0182,9.8066,0.1189,-0.1164,0.0327,6,-33.62,25.69,23.17,-82.49,-173.77
52.394703,-1.432412,139.84,21.65,3,209.29,19 / 21,3201509,2019-09-06 20:13:27:252,-0.8898,0.9152,9.3996,-0.0014,0.0121,9.8066,0.0568,-0.062,-0.102,6.5,-33.81,26.13,26.19,-82.38,-173.32
52.394703,-1.432412,139.84,21.65,3,209.29,19 / 21,3201610,2019-09-06 20:13:27:353,-0.7029,-0.9679,10.2234,0.0197,0.0113,9.8066,0.1044,-0.0208,0.0047,6.88,-33.87,26.38,24.39,-82.29,-174.89
52.394703,-1.432412,139.84,21.65,3,209.29,19 / 21,3201710,2019-09-06 20:13:27:453,-0.6085,-0.3189,9.8438,-0.0095,-0.0443,9.8065,-0.1534,-0.0433,0.1005,7.06,-33.56,26,21.97,-82.35,-176.88
52.394703,-1.432412,139.84,21.65,3,209.29,19 / 21,3201810,2019-09-06 20:13:27:553,0.5657,-1.5947,9.3455,-0.0329,-0.0581,9.8064,-0.242,-0.0202,-0.1365,6.94,-33.75,26.5,21.81,-81.95,-176.56
52.394703,-1.432412,139.84,21.65,3,209.29,19 / 21,3201910,2019-09-06 20:13:27:653,0.3463,0.2858,9.7707,-0.0019,-0.0222,9.8066,-0.0168,-0.0149,0.0579,6.56,-33.62,25.44,23.17,-82.21,-176.67
52.394703,-1.432412,139.84,21.65,3,209.29,19 / 21,3202010,2019-09-06 20:13:27:753,-1.2807,0.2675,10.8579,0.0029,0.0265,9.8066,0.2647,0.0232,0.1239,7.31,-34.06,25.56,21.72,-82.39,-177.07
52.394703,-1.432412,139.84,21.65,3,209.29,19 / 21,3202110,2019-09-06 20:13:27:853,-2.3286,-0.7146,9.6303,-0.0108,0.0063,9.8066,-0.0673,0.0507,-0.0493,7.88,-33.5,25.69,24.89,-82.15,-176.43
52.394703,-1.432412,139.84,21.65,3,209.29,19 / 21,3202210,2019-09-06 20:13:27:953,0.0835,-0.925,9.9787,-0.0061,-0.0206,9.8066,0.0326,-0.0157,0.0089,6.94,-33.25,25.88,21.95,-82.11,-176.92
52.394703,-1.432412,139.84,21.65,3,209.29,19 / 21,3202310,2019-09-06 20:13:28:053,-0.4264,-1.2138,9.8606,0.0027,-0.0146,9.8065,-0.023,0.0022,-0.007,7.19,-33.25,26.38,21.89,-81.93,-177.06
52.394703,-1.432412,139.84,21.65,3,209.29,19 / 20,3202410,2019-09-06 20:13:28:153,-0.9445,-0.9188,9.9242,0.0083,0.0003,9.8066,0.1234,-0.0436,0.0315,7,-33.75,26.19,20.74,-81.95,-178.11
52.394703,-1.432412,139.84,21.65,3,209.29,19 / 20,3202509,2019-09-06 20:13:28:252,0.3486,-1.2128,9.9007,-0.0019,-0.0101,9.8066,-0.077,-0.0962,0.0758,7.25,-33.87,26.13,20.75,-81.83,-178.16
52.394703,-1.432412,139.84,21.65,3,209.29,19 / 20,3202610,2019-09-06 20:13:28:353,0.7067,-0.7107,10.0223,-0.01,0.0157,9.8066,-0.0897,0.0552,-0.153,7.25,-33.69,26.63,20.94,-81.94,-177.29
52.394703,-1.432412,139.84,21.65,3,209.29,19 / 20,3202710,2019-09-06 20:13:28:453,0.7339,-1.7531,9.595,0.0297,0.0422,9.8065,-0.1304,-0.0044,0.0781,7.25,-33.56,25.63,20.99,-82.05,-177.86
52.394703,-1.432412,139.84,21.65,3,209.29,19 / 20,3202810,2019-09-06 20:13:28:553,0.4638,0.8366,10.3888,-0.0164,-0.0336,9.8065,-0.1318,0.0417,-0.0243,7.31,-33.94,25.94,20.5,-82.17,-178.2
52.394703,-1.432412,139.84,21.65,3,209.29,19 / 20,3202909,2019-09-06 20:13:28:652,-0.3903,0.4647,10.4756,-0.0118,-0.0085,9.8066,-0.0478,0.0145,-0.0269,7.44,-33.5,25.13,21.7,-82.06,-177.86
52.394703,-1.432412,139.84,21.65,3,209.29,19 / 20,3203010,2019-09-06 20:13:28:753,-1.0968,0.91,9.1931,-0.0017,-0.0143,9.8066,0.0739,-0.0801,0.037,7.38,-34.12,25.31,21.16,-81.98,-178.45
52.394703,-1.432412,139.84,21.65,3,209.29,19 / 20,3203110,2019-09-06 20:13:28:853,1.5342,1.0533,8.6169,-0.0218,-0.0417,9.8065,-0.0374,-0.133,0.0647,7.31,-33.94,25.31,22.15,-81.78,-177.75
52.394703,-1.432412,139.84,21.65,3,209.29,19 / 20,3203210,2019-09-06 20:13:28:953,-0.0519,1.492,9.7745,0.021,0.0455,9.8065,0.0152,-0.0026,0.0491,7.63,-33.5,25,23.54,-82.09,-178.37
52.394703,-1.432412,139.84,21.65,3,209.29,19 / 20,3203310,2019-09-06 20:13:29:053,-0.2734,1.0999,10.65,0.0023,0.006,9.8066,-0.0229,0.0775,-0.0701,7.31,-34.12,25.75,20.3,-81.96,-178.47
52.394703,-1.432412,139.84,21.65,3,209.29,18 / 20,3203409,2019-09-06 20:13:29:152,0.4173,0.4311,9.7046,0.0113,-0.0144,9.8066,0.0701,-0.057,0.0534,7.81,-33.31,25,22.3,-81.95,-179.48
52.394703,-1.432412,139.84,21.65,3,209.29,18 / 20,3203509,2019-09-06 20:13:29:252,-0.4276,-0.2377,9.6188,-0.0008,-0.0046,9.8066,-0.0183,-0.0882,-0.0223,7.5,-33.81,25.81,20.66,-81.82,179.76
52.394703,-1.432412,139.84,21.65,3,209.29,18 / 20,3203610,2019-09-06 20:13:29:353,-0.0584,-1.2777,10.045,-0.0035,-0.0004,9.8066,0.086,0.0288,0.0004,7.25,-34.06,25.69,17.99,-81.8,179.56
52.394703,-1.432412,139.84,21.65,3,209.29,18 / 20,3203710,2019-09-06 20:13:29:453,-0.3062,1.3137,9.9304,-0.0058,-0.0284,9.8065,0.0211,0.0447,-0.0189,7.81,-33.87,25.31,21.61,-81.64,179.67
52.394703,-1.432412,139.84,21.65,3,209.29,18 / 20,3203810,2019-09-06 20:13:29:553,-2.761,-0.3639,10.4098,0.0112,0.0114,9.8065,0.0895,-0.1592,0.09,7.13,-34.06,25.5,17.55,-81.65,179.13
52.394703,-1.432412,139.84,21.65,3,209.29,18 / 20,3203911,2019-09-06 20:13:29:654,1.0697,0.4087,9.9237,0.014,-0.014,9.8065,0.0627,-0.0534,0.1237,7.75,-33.37,25.38,21.24,-81.54,179.44
52.394703,-1.432412,139.84,21.65,3,209.29,18 / 20,3204010,2019-09-06 20:13:29:753,1.0602,0.3808,9.49,-0.0109,-0.01,9.8066,-0.072,-0.0094,-0.0502,7.81,-33.5,25.19,20.13,-81.56,178.54
52.394703,-1.432412,139.84,21.65,3,209.29,18 / 20,3204109,2019-09-06 20:13:29:852,0.4621,-2.0099,9.3666,0.001,-0.0167,9.8066,-0.1822,-0.0821,0.0467,7.94,-33.56,25.13,20.06,-81.63,178.41
52.394703,-1.432412,139.84,21.65,3,209.29,18 / 20,3204209,2019-09-06 20:13:29:952,1.011,-0.2245,9.4068,-0.0145,-0.0177,9.8066,-0.029,0.0079,-0.1049,8,-33.75,25.25,20.34,-81.63,178.64
52.394703,-1.432412,139.84,21.65,3,209.29,18 / 20,3204309,2019-09-06 20:13:30:052,0.8094,-0.7964,9.9127,0.0001,-0.0041,9.8066,0.0182,0.0354,-0.0261,7.5,-33.56,25.25,20.03,-81.65,178.39
52.394703,-1.432412,139.84,21.65,3,209.29,18 / 21,3204410,2019-09-06 20:13:30:153,-0.4844,1.2767,9.3711,-0.0032,-0.0233,9.8066,-0.1279,-0.1057,0.0185,8.06,-33.69,25.56,18.34,-81.59,177.75
52.394703,-1.432412,139.84,21.65,3,209.29,18 / 21,3204509,2019-09-06 20:13:30:252,0.5095,-0.0805,9.6909,-0.0111,-0.0448,9.8065,0.1039,-0.0986,0.0202,7.94,-33.75,25,19.32,-81.41,177.7
52.394703,-1.432412,139.84,21.65,3,209.29,18 / 21,3204610,2019-09-06 20:13:30:353,0.452,-0.0017,10.6906,0.009,0.0207,9.8066,0.2744,0.0864,0.057,8.13,-33.31,25.31,18.34,-81.32,176.97
52.394703,-1.432412,139.84,21.65,3,209.29,18 / 21,3204709,2019-09-06 20:13:30:452,1.3382,1.101,9.7455,-0.0037,-0.0159,9.8066,-0.0479,0.0243,-0.021,8.38,-33.75,25.06,18.84,-81.22,177.23
52.394703,-1.432412,139.84,21.65,3,209.29,18 / 21,3204810,2019-09-06 20:13:30:553,0.3336,1.27,9.3595,0.0017,0.0229,9.8065,-0.035,-0.0828,-0.0126,8.25,-33.62,25.5,19.56,-81.34,178.63
52.394703,-1.432412,139.84,21.65,3,209.29,18 / 21,3204910,2019-09-06 20:13:30:653,-0.5976,-0.0601,10.0442,0.0005,0.0005,9.8066,-0.0863,-0.0085,-0.0021,7.63,-33.62,24.75,20.99,-81.33,179.01
52.394703,-1.432412,139.84,21.65,3,209.29,18 / 21,3205009,2019-09-06 20:13:30:752,1.0161,1.598,10.059,-0.0054,-0.0338,9.8066,-0.0886,0.0561,0.0971,7.75,-33.87,24.81,20.44,-81.28,178.54
52.394703,-1.432412,139.84,21.65,3,209.29,18 / 21,3205110,2019-09-06 20:13:30:853,-1.2794,0.9507,10.4111,-0.0177,-0.0122,9.8066,0.0671,0.0488,-0.1379,7.44,-33.62,25.06,17.81,-81.37,178.53
52.394703,-1.432412,139.84,21.65,3,209.29,18 / 21,3205210,2019-09-06 20:13:30:953,0.1096,0.1164,10.3966,-0.0038,-0.0152,9.8066,0.0026,-0.1239,-0.0298,7.69,-33.25,25.31,20.72,-81.36,178.92
52.394703,-1.432412,139.84,21.65,3,209.29,18 / 21,3205310,2019-09-06 20:13:31:053,1.5999,-0.0425,9.8128,0.0059,-0.0007,9.8066,-0.0161,-0.041,0.1191,8.13,-34.12,25.44,20.61,-81.31,178.7
52.394703,-1.432412,139.84,21.65,3,209.29,19 / 20,3205409,2019-09-06 20:13:31:152,0.4957,-0.3427,9.0555,-0.0011,0.0137,9.8065,-0.0301,0.0198,0.0482,7.81,-33.5,25.56,18.85,-81.38,178.18
52.394703,-1.432412,139.84,21.65,3,209.29,19 / 20,3205510,2019-09-06 20:13:31:253,-0.1277,0.8993,9.9238,0.0135,0.0263,9.8065,0.1949,-0.0281,-0.0416,7.75,-34.06,25.13,20.76,-81.3,178.81
52.394703,-1.432412,139.84,21.65,3,209.29,19 / 20,3205609,2019-09-06 20:13:31:352,1.0325,-0.2978,9.9813,0.0069,0.0065,9.8066,0.0203,-0.0164,-0.0747,7.5,-33.69,24.88,20.25,-81.44,178.47
52.394703,-1.432412,139.84,21.65,3,209.29,19 / 20,3205709,2019-09-06 20:13:31:452,2.2603,2.7776,10.1726,0.005,-0.0157,9.8066,0.0442,0.0551,0.1372,8,-33.75,24.88,19.8,-81.36,178.07
52.394703,-1.432412,139.84,21.65,3,209.29,19 / 20,3205810,2019-09-06 20:13:31:553,-0.851,1.245,10.1883,-0.0036,0.0164,9.8066,0.1287,-0.0014,0.074,8,-33.94,24.81,18.35,-81.38,176.9
52.394703,-1.432412,139.84,21.65,3,209.29,19 / 20,3205910,2019-09-06 20:13:31:653,0.3455,1.533,10.0034,-0.0061,0.0026,9.8066,0.1366,-0.1065,-0.128,8.31,-33.44,24.75,19.73,-81.32,178.1
52.394703,-1.432412,139.84,21.65,3,209.29,19 / 20,3206010,2019-09-06 20:13:31:753,-0.9618,-0.0875,9.4862,0.0196,0.0158,9.8065,0.0909,0.0083,0.0352,7.75,-33.06,24.69,19.3,-81.25,177.72
52.394703,-1.432412,139.84,21.65,3,209.29,19 / 20,3206109,2019-09-06 20:13:31:852,0.1393,0.8552,10.5381,0.0006,0.0073,9.8066,0.1276,0.1658,-0.0367,8.31,-33.69,24.88,18.7,-81.28,177.15
52.394703,-1.432412,139.84,21.65,3,209.29,19 / 20,3206210,2019-09-06 20:13:31:953,0.8362,1.416,9.9584,0.0166,0.0156,9.8066,0.0501,-0.1057,0.0129,8.38,-33.5,25.19,18.21,-81.37,176.89
52.394703,-1.432412,139.84,21.65,3,209.29,19 / 20,3206309,2019-09-06 20:13:32:052,1.4397,0.6451,8.9889,0.0079,0.0054,9.8066,0.0689,0.0065,0.0059,8.19,-33.94,25.31,18.66,-81.29,177.11
52.394703,-1.432412,139.84,21.65,3,209.29,19 / 21,3206409,2019-09-06 20:13:32:152,-0.2131,0.9433,10.5561,0.012,0.048,9.8065,0.0658,0.0029,0.0877,8.25,-33.87,25.5,17.35,-81.15,176.77
52.394703,-1.432412,139.84,21.65,3,209.29,19 / 21,3206510,2019-09-06 20:13:32:253,0.2771,0.9833,10.1159,0.0088,0.0473,9.8064,0.0565,-0.0144,0.0218,7.88,-33.87,24.94,19.14,-81.47,177.58
52.394703,-1.432412,139.84,21.65,3,209.29,19 / 21,3206609,2019-09-06 20:13:32:352,-0.4051,1.1147,10.5977,-0.0124,-0.0229,9.8066,-0.0162,-0.0552,-0.0669,7.75,-34.12,24.56,20.84,-81.31,178.87
52.394703,-1.432412,139.84,21.65,3,209.29,19 / 21,3206710,2019-09-06 20:13:32:453,-0.8705,0.2556,9.7282,-0.0073,-0.0153,9.8066,0.0143,0.0048,0.0824,7.88,-34.31,24.88,20.78,-81.31,178.83
52.394703,-1.432412,139.84,21.65,3,209.29,19 / 21,3206810,2019-09-06 20:13:32:553,0.1608,-1.3766,9.5793,-0.0012,0.0058,9.8066,0.2558,0.0444,0.0755,8.25,-34,24.94,19.23,-81.34,177.6
52.394703,-1.432412,139.84,21.65,3,209.29,19 / 21,3206910,2019-09-06 20:13:32:653,-0.5411,0.2074,9.3749,-0.004,0.0012,9.8066,-0.0786,-0.1159,-0.1446,7.75,-34.19,25.38,20.2,-81.27,178.34
52.394703,-1.432412,139.84,21.65,3,209.29,19 / 21,3207009,2019-09-06 20:13:32:752,0.5564,1.2738,9.5656,0.0337,0.0119,9.8065,-0.0494,-0.0537,0.1254,7.63,-34.19,25.06,20.78,-81.25,178.8
52.394703,-1.432412,139.84,21.65,3,209.29,19 / 21,3207110,2019-09-06 20:13:32:853,0.6754,1.8666,9.6289,-0.0116,-0.0241,9.8066,0.1149,0.008,-0.0127,8.44,-33.69,24.94,19.13,-81.38,177.53
52.394703,-1.432412,139.84,21.65,3,209.29,19 / 21,3207210,2019-09-06 20:13:32:953,0.9665,0.9206,10.2239,-0.0003,0.003,9.8066,0.0197,-0.051,-0.0972,8.13,-34.12,24.56,20.3,-81.5,178.54
52.394703,-1.432412,139.84,21.65,3,209.29,19 / 21,3207309,2019-09-06 20:13:33:052,-0.0268,0.1665,9.9743,-0.0092,-0.0277,9.8066,-0.0996,0.0312,-0.0086,8.44,-34.31,24.63,20.63,-81.31,178.71
52.394703,-1.432412,139.84,21.65,3,209.29,19 / 20,3207410,2019-09-06 20:13:33:153,0.1754,0.8053,9.1164,0.0098,0.0407,9.8065,0.0486,-0.002,0.08,8.31,-34.25,24.94,20.07,-81.52,178.36
52.394703,-1.432412,139.84,21.65,3,209.29,19 / 20,3207510,2019-09-06 20:13:33:253,0.5683,-0.758,8.8484,0.0062,0.0274,9.8066,-0.2372,0.0099,-0.0474,8.19,-33.94,25,20.58,-81.54,178.78
52.394703,-1.432412,139.84,21.65,3,209.29,19 / 20,3207610,2019-09-06 20:13:33:353,-0.3118,-0.4961,9.0899,-0.0022,-0.0125,9.8065,0.0079,-0.0078,-0.0258,8.19,-34.31,25.13,20.34,-81.35,178.5
52.394703,-1.432412,139.84,21.65,3,209.29,19 / 20,3207710,2019-09-06 20:13:33:453,0.8365,-0.2433,9.3862,0.0081,0.0061,9.8065,0.0149,-0.0212,0.0557,7.75,-33.69,25,19.82,-81.2,178
52.394703,-1.432412,139.84,21.65,3,209.29,19 / 20,3207810,2019-09-06 20:13:33:553,-0.1648,-0.6054,9.417,0.0008,0.0103,9.8066,-0.0062,0.1202,-0.0123,8.44,-34.31,25.44,19.92,-81.19,178.07
52.394703,-1.432412,139.84,21.65,3,209.29,19 / 20,3207909,2019-09-06 20:13:33:652,-1.1894,-0.0126,9.5283,0.0056,0.0082,9.8065,0.0569,-0.1297,0.1554,7.56,-34,25.13,19.5,-81.33,177.81
52.394703,-1.432412,139.84,21.65,3,209.29,19 / 20,3208010,2019-09-06 20:13:33:753,0.1157,0.5977,10.1838,0.0004,0.0034,9.8066,-0.061,-0.0166,-0.0626,7.88,-34.12,24.94,21.76,-81.43,179.68
52.394703,-1.432412,139.84,21.65,3,209.29,19 / 20,3208110,2019-09-06 20:13:33:853,-0.6026,0.9464,10.097,0.0099,-0.0155,9.8066,0.0606,0.0081,0.0557,8.06,-34.25,25.13,20.76,-81.36,178.84
52.394703,-1.432412,139.84,21.65,3,209.29,19 / 20,3208210,2019-09-06 20:13:33:953,0.3739,-0.8713,10.1357,0.0033,0.0065,9.8066,0.0541,0.0371,-0.0875,8.38,-34.06,25,20.58,-81.21,178.62
52.394703,-1.432412,139.84,21.65,3,209.29,19 / 20,3208310,2019-09-06 20:13:34:053,0.1834,-0.6093,9.6703,0.0209,0.0212,9.8065,-0.1106,-0.044,-0.1162,8.31,-33.75,24.69,19.33,-81.3,177.65
52.394703,-1.432412,139.84,21.65,3,209.29,19 / 20,3208410,2019-09-06 20:13:34:153,-0.2884,0.4649,8.9789,0.0262,-0.0107,9.8066,-0.1746,-0.057,0.084,8.06,-34.62,24.75,18.34,-81.19,176.7
52.394703,-1.432412,139.84,21.65,3,209.29,19 / 20,3208509,2019-09-06 20:13:34:252,-0.0228,0.7315,10.4589,-0.0051,-0.0074,9.8065,0.0863,-0.0069,-0.0041,8.44,-33.62,25.5,16.63,-81.23,176.22
52.394703,-1.432412,139.84,21.65,3,209.29,19 / 20,3208610,2019-09-06 20:13:34:353,0.7589,0.2305,10.3131,-0.012,-0.0084,9.8066,-0.0126,-0.046,-0.0894,8.25,-34.12,24.94,18.92,-81.19,177.27
52.394703,-1.432412,139.84,21.65,3,209.29,19 / 20,3208709,2019-09-06 20:13:34:452,0.5315,-0.7331,9.575,0.0064,0.0008,9.8066,0.0188,-0.0447,0.1488,7.81,-34.25,25.38,18.61,-81.28,177.07
52.394703,-1.432412,139.84,21.65,3,209.29,19 / 20,3208810,2019-09-06 20:13:34:553,0.4264,-0.5108,9.9845,-0.0146,0.0254,9.8065,0.0643,0.0512,-0.0803,8.25,-34.69,24.5,19.13,-81.25,177.36
52.394703,-1.432412,139.84,21.65,3,209.29,19 / 20,3208910,2019-09-06 20:13:34:653,0.4138,-1.172,10.08,-0.0104,-0.0153,9.8066,-0.0881,-0.0303,0.0486,7.94,-34.81,25.19,20.34,-81.32,178.37
52.394703,-1.432412,139.84,21.65,3,209.29,19 / 20,3209009,2019-09-06 20:13:34:752,0.1565,-0.3943,9.6991,-0.0038,0.007,9.8066,-0.0731,0.0442,-0.0002,7.81,-34,25.13,21.24,-81.26,179.17
52.394703,-1.432412,139.84,21.65,3,209.29,19 / 20,3209110,2019-09-06 20:13:34:853,0.9259,1.0525,10.303,-0.0022,-0.0011,9.8066,0.187,-0.0079,-0.0352,8.13,-33.69,24.56,21.39,-81.29,179.32
52.394703,-1.432412,139.84,21.65,3,209.29,19 / 20,3209210,2019-09-06 20:13:34:953,-0.5804,-0.181,10.216,0.0056,0.0063,9.8066,-0.0528,-0.067,-0.0823,8.06,-33.69,24.56,22.17,-81.26,179.92
52.394703,-1.432412,139.84,21.65,3,209.29,19 / 20,3209309,2019-09-06 20:13:35:052,0.5712,-0.2558,9.8865,0.0038,-0.0164,9.8066,0.1289,0.0327,0.1033,8.13,-34.25,24.81,21.16,-81.19,179.07
52.393127,-1.434181,139.54,24.2,3,216.62,19 / 20,3209409,2019-09-06 20:13:35:152,0.5894,0.3772,9.5991,-0.0002,-0.0041,9.8065,-0.0521,0.0657,0.0989,8.31,-34.37,25.19,20.44,-81.29,178.55
52.393127,-1.434181,139.54,24.2,3,216.62,19 / 20,3209510,2019-09-06 20:13:35:253,-0.8693,-0.6925,10.3865,0.0059,-0.0273,9.8065,0.0767,-0.0239,0.1291,8.38,-33.69,24.69,20.26,-81.42,178.47
52.393127,-1.434181,139.54,24.2,3,216.62,19 / 20,3209610,2019-09-06 20:13:35:353,-0.2326,-0.81,9.9247,-0.0119,-0.0152,9.8066,-0.037,-0.0153,-0.0398,8.5,-33.87,24.63,22.26,-81.38,178.07
52.393127,-1.434181,139.54,24.2,3,216.62,19 / 20,3209709,2019-09-06 20:13:35:452,0.3994,0.1594,10.405,0.0085,0.0103,9.8066,0.0654,-0.0638,-0.0338,7.94,-34.19,25.06,19.9,-81.32,178.13
52.393127,-1.434181,139.54,24.2,3,216.62,19 / 20,3209809,2019-09-06 20:13:35:552,-0.514,-0.0843,9.4531,0.0066,0.0165,9.8066,0.015,-0.0818,0.1353,8.06,-33.87,24.94,19.82,-81.25,178.03
52.393127,-1.434181,139.54,24.2,3,216.62,19 / 20,3209910,2019-09-06 20:13:35:653,2.0714,-0.1806,10.1301,-0.0225,0.0023,9.8066,-0.0153,0.0379,-0.1457,8.25,-33.94,24.38,21.51,-81.31,178.57
52.393127,-1.434181,139.54,24.2,3,216.62,19 / 20,3210010,2019-09-06 20:13:35:753,-0.1727,0.0907,9.6604,0.0247,0.0389,9.8064,0.1072,0.0741,0.0668,8.19,-34.31,24.81,20.4,-81.47,178.61
52.393127,-1.434181,139.54,24.2,3,216.62,19 / 20,3210110,2019-09-06 20:13:35:853,0.2313,-0.3208,10.5389,0.0012,0.0219,9.8066,0.2408,0.0484,0.0438,8.38,-34.44,24.44,20.68,-81.48,178
52.393127,-1.434181,139.54,24.2,3,216.62,19 / 20,3210210,2019-09-06 20:13:35:953,0.6723,-1.6768,9.5109,0.0034,0.0572,9.8065,-0.2262,-0.1187,-0.0462,8.38,-34.06,24.81,20.83,-81.66,179.04
52.393127,-1.434181,139.54,24.2,3,216.62,19 / 20,3210310,2019-09-06 20:13:36:053,-0.9389,-1.337,10.2109,-0.0118,-0.0449,9.8065,-0.1101,-0.0242,0.0328,8.13,-34.12,24.56,20.83,-81.26,178.85
52.393127,-1.434181,139.54,24.2,3,216.62,20 / 21,3210410,2019-09-06 20:13:36:153,-0.2749,-0.4431,9.2245,0.0134,0.0341,9.8066,-0.045,-0.1149,-0.0419,8.69,-34.12,24.5,22.54,-81.21,178.2
52.393127,-1.434181,139.54,24.2,3,216.62,20 / 21,3210509,2019-09-06 20:13:36:252,0.0994,0.9366,10.3012,0.0049,0.0228,9.8066,0.1444,0.0327,0.0147,8.06,-34.44,25.06,19.83,-81.45,178.13
52.393127,-1.434181,139.54,24.2,3,216.62,20 / 21,3210609,2019-09-06 20:13:36:352,-0.2055,-1.3017,10.3525,0.0068,0.037,9.8065,0.1625,-0.0655,0.1108,8.75,-33.75,24.5,23.29,-81.49,178.97
52.393127,-1.434181,139.54,24.2,3,216.62,20 / 21,3210710,2019-09-06 20:13:36:453,-0.6071,-0.9252,9.1976,-0.0031,-0.0147,9.8065,-0.0497,0.0419,-0.0218,8.44,-34.12,24.44,21,-81.56,178.3
52.393127,-1.434181,139.54,24.2,3,216.62,20 / 21,3210810,2019-09-06 20:13:36:553,-0.3944,0.1658,9.9319,0.0065,0.0137,9.8066,0.0389,-0.0189,0.0798,8.63,-33.87,24.31,24.66,-81.4,179.1
52.393127,-1.434181,139.54,24.2,3,216.62,20 / 21,3210910,2019-09-06 20:13:36:653,-0.5922,-0.319,10.327,0.0068,-0.0013,9.8066,-0.1147,0.0609,-0.0601,8.31,-34,25.25,20.43,-81.34,178.56
52.393127,-1.434181,139.54,24.2,3,216.62,20 / 21,3211010,2019-09-06 20:13:36:753,0.2273,-0.7045,9.1871,-0.0115,-0.0082,9.8066,-0.0678,-0.0303,0.0014,8.31,-34.06,24.75,20.57,-81.26,178.64
52.393127,-1.434181,139.54,24.2,3,216.62,20 / 21,3211110,2019-09-06 20:13:36:853,-0.1913,-1.0229,9.5473,-0.0125,-0.0319,9.8066,0.0158,-0.0242,-0.0097,7.88,-34.06,24.88,20.65,-81.27,178.7
52.393127,-1.434181,139.54,24.2,3,216.62,20 / 21,3211209,2019-09-06 20:13:36:952,-0.0566,-0.4695,9.4389,-0.0116,-0.0262,9.8066,-0.1474,0.0451,-0.0267,8.5,-34.12,24.94,22.92,-81.39,178.6
52.393127,-1.434181,139.54,24.2,3,216.62,20 / 21,3211309,2019-09-06 20:13:37:052,0.1101,0.1733,9.3804,0.0194,0.0313,9.8065,0.1996,-0.0978,0.0683,8.69,-33.81,24.63,22.85,-81.44,178.57
52.393127,-1.434181,139.54,24.2,3,216.62,19 / 21,3211409,2019-09-06 20:13:37:152,-0.3037,-0.8503,10.3506,0.0213,0.0243,9.8066,0.1598,-0.0427,-0.0278,8.13,-34.19,24.94,19.53,-81.6,177.96
52.393127,-1.434181,139.54,24.2,3,216.62,19 / 21,3211510,2019-09-06 20:13:37:253,-0.1279,-0.3105,10.3844,-0.0117,-0.0038,9.8065,-0.057,0.0204,0.0861,7.88,-34.19,25,19.94,-81.42,178.2
52.393127,-1.434181,139.54,24.2,3,216.62,19 / 21,3211609,2019-09-06 20:13:37:352,-0.2419,-0.6252,9.0138,0.0095,0.0026,9.8066,0.0894,-0.0631,-0.0337,8.38,-34.62,24.5,19.46,-81.44,177.72
52.393127,-1.434181,139.54,24.2,3,216.62,19 / 21,3211710,2019-09-06 20:13:37:453,-1.1774,-0.8463,10.4266,0.0048,-0.0095,9.8066,-0.1448,0.0785,-0.0358,8.5,-34.12,24.69,19.35,-81.57,175.78
52.393127,-1.434181,139.54,24.2,3,216.62,19 / 21,3211810,2019-09-06 20:13:37:553,1.3185,-0.3241,10.2121,-0.0179,-0.0226,9.8066,-0.2547,-0.0334,0.0602,8.13,-34.5,24.38,19.19,-81.46,176.79
52.393127,-1.434181,139.54,24.2,3,216.62,19 / 21,3211910,2019-09-06 20:13:37:653,-0.3694,0.4691,9.8139,-0.0147,0.0066,9.8066,0.1457,-0.1064,0.1886,8.63,-34.31,24.94,19.98,-81.72,176.38
52.393127,-1.434181,139.54,24.2,3,216.62,19 / 21,3212010,2019-09-06 20:13:37:753,1.8894,0.023,10.1776,0.0194,-0.0054,9.8066,0.0001,0.0792,-0.116,8.25,-34.19,24.19,19.07,-81.74,176.83
52.393127,-1.434181,139.54,24.2,3,216.62,19 / 21,3212109,2019-09-06 20:13:37:852,-1.3738,0.3305,10.7336,-0.0042,0.0013,9.8066,0.0455,-0.0589,-0.1028,8.94,-34,24.56,20.91,-81.53,177.04
52.393127,-1.434181,139.54,24.2,3,216.62,19 / 21,3212209,2019-09-06 20:13:37:952,-0.0914,-0.5516,10.6924,-0.0146,0.0077,9.8066,-0.0757,-0.0634,0.0796,8.06,-33.81,25.13,18.65,-81.37,177.14
52.393127,-1.434181,139.54,24.2,3,216.62,19 / 21,3212309,2019-09-06 20:13:38:052,-1.6015,0.2798,9.8731,0.0094,0.0301,9.8065,-0.0462,0.0689,-0.0229,7.94,-34.06,24.19,22.34,-81.55,179.38
52.393127,-1.434181,139.54,24.2,3,216.62,18 / 21,3212410,2019-09-06 20:13:38:153,-0.4688,0.5006,9.4269,-0.0039,-0.0279,9.8066,0.0966,-0.0141,-0.0323,8.5,-34.37,24.31,24.6,-81.72,179.25
52.393127,-1.434181,139.54,24.2,3,216.62,18 / 21,3212509,2019-09-06 20:13:38:252,0.5853,1.1054,8.8261,-0.0052,-0.0418,9.8065,-0.0071,0.0409,-0.0367,8.5,-34.06,24.75,22.62,-81.84,178.6
52.393127,-1.434181,139.54,24.2,3,216.62,18 / 21,3212610,2019-09-06 20:13:38:353,-0.799,0.2066,9.3161,-0.0037,-0.0163,9.8066,0.0321,0.002,0.0385,8.88,-34.19,24.81,21.38,-81.72,177.52
52.393127,-1.434181,139.54,24.2,3,216.62,18 / 21,3212710,2019-09-06 20:13:38:453,-0.3501,0.1589,10.7096,-0.0012,-0.0194,9.8066,0.0919,0.0548,-0.0541,8.75,-33.56,24.94,20.45,-81.5,176.65
52.393127,-1.434181,139.54,24.2,3,216.62,18 / 21,3212810,2019-09-06 20:13:38:553,0.48,-1.9563,10.159,0.0021,0.0053,9.8066,0.1131,0.023,-0.0322,8.44,-33.94,24.63,17.32,-81.46,176.1
52.393127,-1.434181,139.54,24.2,3,216.62,18 / 21,3212910,2019-09-06 20:13:38:653,0.2206,0.006,9.9344,-0.0227,-0.0406,9.8065,-0.0815,-0.0039,0.0619,8.5,-34.44,24.81,20.5,-81.32,176.61
52.393127,-1.434181,139.54,24.2,3,216.62,18 / 21,3213009,2019-09-06 20:13:38:752,0.0728,0.1441,9.1668,-0.0053,-0.0203,9.8066,-0.1102,-0.0198,-0.0815,8.56,-34.37,24.06,21.54,-81.53,176.65
52.393127,-1.434181,139.54,24.2,3,216.62,18 / 21,3213109,2019-09-06 20:13:38:852,0.8931,2.3827,9.3558,-0.0108,-0.0143,9.8065,0.0864,-0.0846,0.0633,8.75,-34.19,24.31,20.66,-81.73,176.05
52.393127,-1.434181,139.54,24.2,3,216.62,18 / 21,3213209,2019-09-06 20:13:38:952,0.8623,1.2238,9.7432,-0.0077,-0.0438,9.8064,0.0693,-0.0147,0.027,8.75,-33.94,24.75,19.71,-81.51,176.05
52.393127,-1.434181,139.54,24.2,3,216.62,18 / 21,3213309,2019-09-06 20:13:39:052,-0.3099,0.0991,9.6037,0.0034,0.018,9.8066,0.0106,-0.0153,-0.0097,8.56,-34.37,24.38,20.53,-81.52,175.83
52.393127,-1.434181,139.54,24.2,3,216.62,18 / 20,3213409,2019-09-06 20:13:39:152,-0.6116,0.2639,10.9231,-0.0049,0.0095,9.8065,-0.0003,0.0193,-0.0098,8.25,-34.06,24.69,17.39,-81.43,176.16
52.393127,-1.434181,139.54,24.2,3,216.62,18 / 20,3213510,2019-09-06 20:13:39:253,-0.8494,-0.1976,10.5619,-0.0177,-0.0345,9.8065,-0.0022,-0.0472,0.0069,8.63,-34.12,23.81,20.8,-81.76,176.17
52.393127,-1.434181,139.54,24.2,3,216.62,18 / 20,3213610,2019-09-06 20:13:39:353,-0.3688,1.3283,11.0286,-0.0114,-0.0291,9.8065,-0.0621,0.0842,-0.0207,8.69,-34.06,24.75,19.79,-81.65,176.18
52.393127,-1.434181,139.54,24.2,3,216.62,18 / 20,3213710,2019-09-06 20:13:39:453,0.0725,-0.9903,9.7225,-0.0058,-0.0042,9.8066,0.0564,0.0805,0.086,8.88,-34.44,24.25,21.62,-81.63,176.77
52.393127,-1.434181,139.54,24.2,3,216.62,18 / 20,3213810,2019-09-06 20:13:39:553,0.4568,0.4294,10.0098,0.003,-0.0203,9.8065,0.0507,-0.0439,-0.0351,8.63,-34.31,24.56,20.15,-81.51,176.41
52.393127,-1.434181,139.54,24.2,3,216.62,18 / 20,3213910,2019-09-06 20:13:39:653,-0.5458,-0.2245,9.7252,0.008,-0.0008,9.8066,-0.0675,-0.0194,-0.0236,8.88,-34.69,24.44,20.89,-81.58,176.03
52.393127,-1.434181,139.54,24.2,3,216.62,18 / 20,3214010,2019-09-06 20:13:39:753,1.3227,1.3987,10.0063,-0.0041,0.0009,9.8066,0.0839,-0.0434,0.0564,8.13,-34.31,24.25,18.99,-81.64,176.72
52.393127,-1.434181,139.54,24.2,3,216.62,18 / 20,3214110,2019-09-06 20:13:39:853,0.7479,0.4508,10.187,-0.0009,0.0044,9.8066,-0.0153,0.0134,-0.0142,8.63,-34.31,24.44,21.81,-81.75,176.99
52.393127,-1.434181,139.54,24.2,3,216.62,18 / 20,3214210,2019-09-06 20:13:39:953,1.974,0.2101,9.0206,0.0079,-0.0103,9.8066,0.2638,-0.1056,0.0697,8.81,-34.37,24.38,21.08,-81.68,176.35
52.393127,-1.434181,139.54,24.2,3,216.62,18 / 20,3214309,2019-09-06 20:13:40:052,-1.6008,1.4932,10.6713,0.0143,-0.0056,9.8066,0.0763,-0.1839,-0.0216,8.94,-34.31,24,20.06,-81.66,175.52
52.393127,-1.434181,139.54,24.2,3,216.62,18 / 21,3214410,2019-09-06 20:13:40:153,-0.0067,-0.7094,10.362,-0.0045,0.0412,9.8066,0.0444,-0.0181,0.111,8.44,-33.75,24.56,16.68,-81.84,175.75
52.393127,-1.434181,139.54,24.2,3,216.62,18 / 21,3214509,2019-09-06 20:13:40:252,0.2338,-0.7284,10.7419,0.0227,0.0472,9.8064,0.2011,0.0806,0.0617,8.5,-34,24.56,19.63,-81.85,176.15
52.393127,-1.434181,139.54,24.2,3,216.62,18 / 21,3214610,2019-09-06 20:13:40:353,0.805,0.5677,9.3243,-0.0305,-0.0654,9.8063,-0.2159,0.036,-0.0211,8.69,-33.94,24.38,19.93,-81.94,175.55
52.393127,-1.434181,139.54,24.2,3,216.62,18 / 21,3214709,2019-09-06 20:13:40:452,0.2053,0.8234,9.4449,-0.0248,-0.0411,9.8065,-0.0624,0.0028,0.015,8.81,-34.12,24.31,20.64,-81.6,175.96
52.393127,-1.434181,139.54,24.2,3,216.62,18 / 21,3214810,2019-09-06 20:13:40:553,0.6055,0.047,9.3972,-0.0135,-0.0087,9.8066,-0.1161,-0.0434,0.0365,8.88,-34.12,23.75,21.45,-81.61,176.62
52.393127,-1.434181,139.54,24.2,3,216.62,18 / 21,3214910,2019-09-06 20:13:40:653,-0.6074,0.9655,8.7432,-0.0221,-0.0401,9.8065,-0.009,-0.088,-0.0077,9,-34.5,24,22.13,-81.59,177.16
52.393127,-1.434181,139.54,24.2,3,216.62,18 / 21,3215010,2019-09-06 20:13:40:753,-1.1601,-0.4447,9.4884,-0.0119,-0.0029,9.8066,-0.1494,0.0222,-0.0506,8.69,-34.25,23.88,22.28,-81.73,177.36
52.393127,-1.434181,139.54,24.2,3,216.62,18 / 21,3215111,2019-09-06 20:13:40:854,-0.2285,0.7942,10.4266,-0.0196,-0.0363,9.8065,-0.0142,-0.0009,-0.0298,8.5,-33.87,24.06,22.36,-81.68,177.4
52.393127,-1.434181,139.54,24.2,3,216.62,18 / 21,3215210,2019-09-06 20:13:40:953,-0.3273,-0.1255,9.4021,0.006,-0.0049,9.8066,-0.1545,0.0365,-0.0546,9.06,-34.62,24.06,22.09,-81.69,177.06
52.393127,-1.434181,139.54,24.2,3,216.62,18 / 21,3215310,2019-09-06 20:13:41:053,-1.733,0.4399,9.8967,-0.0126,-0.0173,9.8065,0.0222,-0.0745,0.1991,8.94,-34.5,24.44,21.76,-81.63,176.88
52.393127,-1.434181,139.54,24.2,3,216.62,19 / 21,3215409,2019-09-06 20:13:41:152,-0.0579,1.0724,9.9528,0.0141,-0.0095,9.8066,-0.0428,-0.1083,-0.1568,9.25,-33.75,24.69,19,-81.57,175.5
52.393127,-1.434181,139.54,24.2,3,216.62,19 / 21,3215509,2019-09-06 20:13:41:252,1.8163,-1.0999,8.6767,-0.0045,-0.005,9.8066,0.0256,0.0963,-0.0158,8.44,-34.5,24.38,17.31,-81.58,175.34
52.393127,-1.434181,139.54,24.2,3,216.62,19 / 21,3215610,2019-09-06 20:13:41:353,0.2022,0.8953,8.3303,0.007,-0.0149,9.8066,-0.1068,-0.0801,-0.0597,8.38,-33.69,24.56,17.91,-81.64,176.66
52.393127,-1.434181,139.54,24.2,3,216.62,19 / 21,3215710,2019-09-06 20:13:41:453,-2.3847,-0.0245,9.2546,-0.0063,-0.0151,9.8065,-0.0027,0.016,0.0204,9.19,-34.06,24.19,19.6,-81.63,175.13
52.393127,-1.434181,139.54,24.2,3,216.62,19 / 21,3215809,2019-09-06 20:13:41:552,1.6782,-0.0978,9.7349,0.0025,0.007,9.8066,0.1805,0.0735,-0.0218,9,-34.37,23.75,21.18,-81.61,176.4
52.393127,-1.434181,139.54,24.2,3,216.62,19 / 21,3215910,2019-09-06 20:13:41:653,0.1483,0.5911,10.8067,0.0131,0.0288,9.8066,-0.0432,-0.0221,-0.1099,9,-34.37,24.19,20.06,-81.68,175.53
52.393127,-1.434181,139.54,24.2,3,216.62,19 / 21,3216010,2019-09-06 20:13:41:753,-1.0061,0.4686,10.9219,-0.0274,-0.0399,9.8064,-0.0886,0.0417,0.0027,9.13,-34.25,23.31,22.72,-81.54,176.64
52.393127,-1.434181,139.54,24.2,3,216.62,19 / 21,3216109,2019-09-06 20:13:41:852,0.0994,0.4208,9.5545,-0.0119,-0.0389,9.8065,-0.1856,-0.0328,-0.0282,9.31,-33.75,23.56,20.74,-81.48,175.98
52.393127,-1.434181,139.54,24.2,3,216.62,19 / 21,3216210,2019-09-06 20:13:41:953,-0.165,1.3171,9.7216,-0.0034,-0.0135,9.8066,0.0915,0.0458,-0.0456,8.81,-34.06,24.13,19.46,-81.57,174.99
52.393127,-1.434181,139.54,24.2,3,216.62,19 / 21,3216310,2019-09-06 20:13:42:053,0.5044,-0.6896,8.619,-0.0049,0.0102,9.8066,-0.0642,-0.013,0.0802,9.38,-34.69,23.56,20.13,-81.61,175.44
52.393127,-1.434181,139.54,24.2,3,216.62,19 / 21,3216410,2019-09-06 20:13:42:153,0.8081,1.0209,10.1825,0.0151,0.0238,9.8066,0.0068,0.014,-0.0423,9,-34,23.81,19.97,-81.7,175.47
52.393127,-1.434181,139.54,24.2,3,216.62,19 / 21,3216509,2019-09-06 20:13:42:252,2.1824,0.7984,10.6855,0.0097,-0.0095,9.8066,-0.0238,0.0701,-0.1472,9.13,-34.06,24,18.96,-81.75,174.67
52.393127,-1.434181,139.54,24.2,3,216.62,19 / 21,3216609,2019-09-06 20:13:42:352,0.0733,-0.4947,10.7456,-0.0106,-0.0246,9.8065,-0.1126,0,0.1421,9.38,-34.12,24.06,19.56,-81.55,175.07
52.393127,-1.434181,139.54,24.2,3,216.62,19 / 21,3216710,2019-09-06 20:13:42:453,0.0365,-1.1546,9.3301,0.0039,0.0113,9.8066,-0.0861,-0.002,-0.0831,8.94,-34.19,24.38,19.27,-81.46,174.79
52.393127,-1.434181,139.54,24.2,3,216.62,19 / 21,3216809,2019-09-06 20:13:42:552,1.4696,-0.0022,10.7884,-0.0369,-0.0232,9.8065,0.0328,-0.0288,0.2022,9.19,-33.81,24.5,18.53,-81.7,175.18
52.393127,-1.434181,139.54,24.2,3,216.62,19 / 21,3216910,2019-09-06 20:13:42:653,1.359,1.3675,11.233,0.0044,-0.0189,9.8065,0.0729,-0.1073,-0.0148,8.88,-34.44,23.94,21.54,-81.47,176.62
52.393127,-1.434181,139.54,24.2,3,216.62,19 / 21,3217009,2019-09-06 20:13:42:752,-1.6092,-1.2707,9.8734,-0.0066,0.0365,9.8065,0.0345,0.0115,0.0361,9.13,-34.25,24.81,20.51,-81.78,176.84
52.393127,-1.434181,139.54,24.2,3,216.62,19 / 21,3217110,2019-09-06 20:13:42:853,-0.0609,-0.2524,10.3352,0.0025,0.0267,9.8066,0.0847,0.019,0.0638,8.94,-34.5,24.19,23.12,-81.6,177.97
52.393127,-1.434181,139.54,24.2,3,216.62,19 / 21,3217209,2019-09-06 20:13:42:952,0.6235,-1.1818,10.5908,0.0076,-0.0105,9.8065,-0.2182,-0.0819,-0.0439,8.94,-33.75,23.63,21.78,-81.5,176.83
52.393127,-1.434181,139.54,24.2,3,216.62,19 / 21,3217310,2019-09-06 20:13:43:053,0.751,-1.5975,11.1889,0.0071,0.0124,9.8065,-0.0509,-0.0949,-0.0171,8.63,-34.62,23.88,22.06,-81.66,177.02
52.393127,-1.434181,139.54,24.2,3,216.62,19 / 20,3217410,2019-09-06 20:13:43:153,0.7505,-0.6254,7.8497,-0.0343,-0.0835,9.8062,-0.2719,-0.0019,0.0966,9,-34.12,24,21.54,-81.98,176.89
52.393127,-1.434181,139.54,24.2,3,216.62,19 / 20,3217509,2019-09-06 20:13:43:252,-0.7998,0.5349,8.8057,-0.055,-0.1259,9.8056,-0.1401,-0.075,0.148,8.44,-34.12,23.38,20.93,-81.31,177.2
52.393127,-1.434181,139.54,24.2,3,216.62,19 / 20,3217610,2019-09-06 20:13:43:353,-0.1331,2.204,9.7174,0.0337,0.0549,9.8064,0.2353,0.0482,-0.2532,8.75,-34.62,24.25,21.56,-81.66,176.62
52.393127,-1.434181,139.54,24.2,3,216.62,19 / 20,3217709,2019-09-06 20:13:43:452,-0.8911,-0.3298,10.5608,-0.0008,0.0492,9.8065,0.2621,-0.0878,0.1748,9.13,-34.12,24,22.29,-81.53,177.26
52.393127,-1.434181,139.54,24.2,3,216.62,19 / 20,3217810,2019-09-06 20:13:43:553,-1.7116,-1.3461,9.9317,0.0343,0.0462,9.8064,-0.0991,-0.0645,-0.0989,8.94,-34.12,24.38,22.3,-81.58,177.3
52.393127,-1.434181,139.54,24.2,3,216.62,19 / 20,3217910,2019-09-06 20:13:43:653,-0.5847,-0.3127,9.2223,0.0219,0.0296,9.8066,-0.1137,0.0043,-0.0131,8.75,-34.19,23.56,21.9,-81.56,176.95
52.393127,-1.434181,139.54,24.2,3,216.62,19 / 20,3218009,2019-09-06 20:13:43:752,2.0768,0.4426,9.0783,0.0033,-0.0054,9.8066,0.0382,-0.0507,-0.0055,8.94,-34.25,24.06,22.45,-81.45,177.35
52.393127,-1.434181,139.54,24.2,3,216.62,19 / 20,3218109,2019-09-06 20:13:43:852,1.3146,0.5142,8.8469,-0.0141,-0.0337,9.8065,-0.2042,0.0155,-0.0803,9.19,-34.5,23.88,21.63,-81.4,176.65
52.393127,-1.434181,139.54,24.2,3,216.62,19 / 20,3218209,2019-09-06 20:13:43:952,-0.2427,-0.246,9.2903,0.0269,0.0581,9.8064,0.2006,-0.02,0.0021,9.38,-34.25,23.69,22.47,-81.66,177.47
52.393127,-1.434181,139.54,24.2,3,216.62,19 / 20,3218310,2019-09-06 20:13:44:053,0.5926,1.3641,9.2454,0.0017,0.0178,9.8065,-0.0009,-0.024,-0.0251,9.06,-34.5,23.94,22.81,-81.48,177.65
52.39146,-1.436359,139.01,27.52,3,220.72,19 / 20,3218410,2019-09-06 20:13:44:153,-0.1929,0.0795,8.5706,-0.0027,0.0213,9.8066,-0.0522,-0.0406,-0.0424,9,-34.37,23.88,22.98,-81.37,177.73
52.39146,-1.436359,139.01,27.52,3,220.72,19 / 20,3218509,2019-09-06 20:13:44:252,-0.0743,0.4294,9.2967,0.0178,0.0477,9.8065,-0.1632,-0.0078,-0.0634,8.75,-34.19,23.38,24.09,-81.57,177.75
52.39146,-1.436359,139.01,27.52,3,220.72,19 / 20,3218610,2019-09-06 20:13:44:353,1.2384,0.5845,9.9295,-0.0031,-0.0263,9.8066,-0.1058,0.0379,-0.0433,9.13,-34.06,23.44,23.33,-81.61,177.17
52.39146,-1.436359,139.01,27.52,3,220.72,19 / 20,3218710,2019-09-06 20:13:44:453,1.4687,0.5636,10.4544,0.0026,-0.0325,9.8065,0.2065,-0.0376,0.1432,9.19,-34.19,24.13,20.93,-81.33,176.05
52.39146,-1.436359,139.01,27.52,3,220.72,19 / 20,3218809,2019-09-06 20:13:44:552,-0.766,-0.2192,10.7362,-0.0246,-0.0083,9.8066,0.0316,-0.0895,-0.0982,9.25,-33.94,23.56,22.08,-81.2,176.91
52.39146,-1.436359,139.01,27.52,3,220.72,19 / 20,3218909,2019-09-06 20:13:44:652,1.326,0.6937,9.9885,0.008,-0.0009,9.8066,0.0494,0.0041,0.1182,9.06,-34.37,24.31,22.32,-81.25,177.13
52.39146,-1.436359,139.01,27.52,3,220.72,19 / 20,3219009,2019-09-06 20:13:44:752,1.4124,0.2266,9.6625,0.0005,0.0205,9.8066,0.0353,0.0391,0.0349,8.75,-34.44,24.25,20.99,-81.57,176.23
52.39146,-1.436359,139.01,27.52,3,220.72,19 / 20,3219110,2019-09-06 20:13:44:853,-0.6033,0.241,9.4138,0.0002,0.0201,9.8066,-0.0379,0.0137,-0.0024,9.63,-34.62,23.81,24.6,-81.59,177.03
52.39146,-1.436359,139.01,27.52,3,220.72,19 / 20,3219210,2019-09-06 20:13:44:953,1.0037,0.3814,9.4336,-0.0019,-0.0032,9.8066,0.0187,0.0256,0.0227,9,-34.06,23.38,21.92,-81.55,176
52.39146,-1.436359,139.01,27.52,3,220.72,19 / 20,3219310,2019-09-06 20:13:45:053,-0.7706,-1.1121,9.5468,0.0017,0.0024,9.8066,-0.0861,0.0625,-0.0579,9.5,-33.94,24.19,23.53,-81.49,176.24
52.39146,-1.436359,139.01,27.52,3,220.72,19 / 20,3219409,2019-09-06 20:13:45:152,1.2639,0.0371,9.9371,-0.0013,0.0244,9.8066,0.0013,0.0811,0.0496,9.56,-34.25,24.19,23.82,-81.43,176.44
52.39146,-1.436359,139.01,27.52,3,220.72,19 / 20,3219510,2019-09-06 20:13:45:253,0.1288,1.5067,10.5084,-0.0072,0.0223,9.8065,0.1149,0.0083,-0.1559,9.31,-34.31,23.44,23.25,-81.5,177.03
52.39146,-1.436359,139.01,27.52,3,220.72,19 / 20,3219609,2019-09-06 20:13:45:352,-0.659,-0.0985,11.0779,0.0201,0.0154,9.8065,0.1136,0.0462,-0.0996,9.88,-34.06,24.44,25.19,-81.45,177.57
52.39146,-1.436359,139.01,27.52,3,220.72,19 / 20,3219710,2019-09-06 20:13:45:453,1.5087,-1.5009,9.3743,-0.0131,-0.0073,9.8066,-0.1222,0.0151,0.0566,9.56,-34.12,23.44,25.65,-81.45,176.89
52.39146,-1.436359,139.01,27.52,3,220.72,19 / 20,3219809,2019-09-06 20:13:45:552,0.6654,-0.349,9.0685,-0.0068,-0.0111,9.8065,-0.0803,0.0543,-0.029,9.25,-34.19,23.56,23.09,-81.48,177.88
52.39146,-1.436359,139.01,27.52,3,220.72,19 / 20,3219910,2019-09-06 20:13:45:653,2.2136,0.7299,9.2966,-0.0141,-0.0261,9.8066,0.2847,-0.1645,0.1243,9.19,-34.12,24.13,23.21,-81.42,177.94
52.39146,-1.436359,139.01,27.52,3,220.72,19 / 20,3220010,2019-09-06 20:13:45:753,-0.049,0.0794,10.4559,0.0025,0.0592,9.8064,0.2802,-0.0325,-0.0511,9.56,-33.62,23.81,28,-81.64,180
52.39146,-1.436359,139.01,27.52,3,220.72,19 / 20,3220109,2019-09-06 20:13:45:852,-0.6405,-0.4298,9.0068,0.0111,0.0273,9.8065,0.0164,0.0442,0.0546,8.75,-34.37,23.81,26.66,-81.51,-179.2
52.39146,-1.436359,139.01,27.52,3,220.72,19 / 20,3220209,2019-09-06 20:13:45:952,0.864,0.7342,8.6717,0.0344,0.0353,9.8064,0.0248,-0.0104,0.0307,9,-34.06,23.56,24.47,-81.65,179.1
52.39146,-1.436359,139.01,27.52,3,220.72,19 / 20,3220310,2019-09-06 20:13:46:053,-0.0411,0.429,10.7493,0.0216,0.0255,9.8065,0.2778,-0.0242,-0.177,9.38,-34.06,23.63,23.46,-81.59,178.25
52.39146,-1.436359,139.01,27.52,3,220.72,19 / 20,3220410,2019-09-06 20:13:46:153,-0.6741,-1.2966,9.3507,0.0426,0.0576,9.8063,0.1191,0.1432,0.0184,9,-33.69,23.25,23.56,-81.45,177.25
52.39146,-1.436359,139.01,27.52,3,220.72,19 / 20,3220511,2019-09-06 20:13:46:254,-0.2421,0.0783,9.2554,0.0141,0.0575,9.8065,0.2608,-0.0367,0.0637,9.19,-33.62,23.88,20.06,-81.93,175.66
52.39146,-1.436359,139.01,27.52,3,220.72,19 / 20,3220610,2019-09-06 20:13:46:353,1.6197,0.1405,11.7395,0.0094,0.0186,9.8066,0.1743,0.0614,-0.1873,9.19,-33.62,23.94,20.68,-81.59,175.99
52.39146,-1.436359,139.01,27.52,3,220.72,19 / 20,3220710,2019-09-06 20:13:46:453,0.9672,-0.2985,10.8053,0.0281,0.0403,9.8065,-0.0391,-0.0565,0.1102,9.19,-33.37,23.31,20.76,-81.54,175.18
52.39146,-1.436359,139.01,27.52,3,220.72,19 / 20,3220810,2019-09-06 20:13:46:553,-0.4825,-1.1628,10.1023,-0.0088,-0.0143,9.8066,-0.0843,-0.0309,-0.0819,9,-33.94,23.38,22.33,-81.49,176.29
52.39146,-1.436359,139.01,27.52,3,220.72,19 / 20,3220910,2019-09-06 20:13:46:653,0.3063,1.0739,9.3248,0.0098,-0.0145,9.8066,0.0216,0.0437,0.0153,8.88,-34.19,23.69,20.05,-81.59,175.47
52.39146,-1.436359,139.01,27.52,3,220.72,19 / 20,3221010,2019-09-06 20:13:46:753,0.2808,2.0258,8.815,-0.0093,0.0054,9.8065,-0.2119,-0.025,0.0526,8.94,-34.19,23.56,19.11,-81.65,174.75
52.39146,-1.436359,139.01,27.52,3,220.72,19 / 20,3221110,2019-09-06 20:13:46:853,1.1649,2.019,9.3559,-0.0244,-0.0103,9.8066,0.364,-0.0536,-0.0509,8.94,-33.75,23.81,20.85,-81.56,176.11
52.39146,-1.436359,139.01,27.52,3,220.72,19 / 20,3221210,2019-09-06 20:13:46:953,-0.707,-1.3725,10.5534,0.0267,0.0584,9.8064,0.2746,-0.0687,-0.0152,8.94,-33.62,23.44,22.29,-81.7,176.38
52.39146,-1.436359,139.01,27.52,3,220.72,19 / 20,3221310,2019-09-06 20:13:47:053,-0.0217,-0.6681,9.9773,0.0341,0.0881,9.8062,-0.2509,0.0344,0.0727,8.94,-33.69,23.63,21.18,-81.79,176.49
52.39146,-1.436359,139.01,27.52,3,220.72,19 / 20,3221409,2019-09-06 20:13:47:152,-0.7745,0.6321,9.6016,-0.0275,-0.0541,9.8064,-0.1781,-0.0649,0.0728,9.44,-34.06,23.44,22.55,-81.85,176.68
52.39146,-1.436359,139.01,27.52,3,220.72,19 / 20,3221510,2019-09-06 20:13:47:253,-0.1733,1.5683,9.3358,0.0404,0.0939,9.8061,0.2265,0.0095,-0.1595,8.5,-34.25,23.63,22.23,-81.46,177.17
52.39146,-1.436359,139.01,27.52,3,220.72,19 / 20,3221609,2019-09-06 20:13:47:352,0.9577,-0.4366,9.6513,0.0455,0.0614,9.8063,0.1399,0.0527,0.0566,9.38,-34.25,23.25,21.65,-81.9,175.97
52.39146,-1.436359,139.01,27.52,3,220.72,19 / 20,3221710,2019-09-06 20:13:47:453,0.2563,-1.8595,8.8301,-0.0088,0.027,9.8066,-0.0478,-0.1387,-0.0104,9.06,-34.31,24.13,20.58,-81.68,175.95
52.39146,-1.436359,139.01,27.52,3,220.72,19 / 20,3221810,2019-09-06 20:13:47:553,-1.2345,-0.251,8.7122,0.0028,0.0096,9.8066,-0.0425,-0.0443,-0.0278,10.19,-33.5,23.31,25.7,-81.51,177.11
52.39146,-1.436359,139.01,27.52,3,220.72,19 / 20,3221909,2019-09-06 20:13:47:652,-0.6471,-1.1929,9.6492,0.0161,0.036,9.8065,-0.0125,-0.0356,0.0416,9.25,-33.69,23.5,21.28,-81.72,176.54
52.39146,-1.436359,139.01,27.52,3,220.72,19 / 20,3222010,2019-09-06 20:13:47:753,-0.5272,0.4926,10.2247,0.0048,0.0075,9.8066,0.0622,-0.0785,-0.0573,9.5,-34.06,23.81,24.28,-81.65,176.95
52.39146,-1.436359,139.01,27.52,3,220.72,19 / 20,3222110,2019-09-06 20:13:47:853,0.2945,-1.3219,9.6493,0.029,0.0336,9.8065,-0.1136,-0.0822,0.0174,9.25,-33.81,23.25,22.01,-81.85,176.24
52.39146,-1.436359,139.01,27.52,3,220.72,19 / 20,3222210,2019-09-06 20:13:47:953,-0.0151,-0.3362,10.3497,-0.0146,-0.0414,9.8065,-0.0166,0.0178,0.0157,9.38,-33.44,23.63,20.18,-81.61,175.71
52.39146,-1.436359,139.01,27.52,3,220.72,19 / 20,3222310,2019-09-06 20:13:48:053,-0.2262,-0.2726,10.4031,-0.0124,-0.0291,9.8066,-0.0294,0.0033,0.0649,8.81,-34.31,24,20.27,-81.59,175.66
52.39146,-1.436359,139.01,27.52,3,220.72,20 / 21,3222410,2019-09-06 20:13:48:153,0.1069,-1.2751,9.7769,-0.0031,-0.015,9.8066,-0.0422,-0.0999,0.0347,8.69,-33.69,24.13,20.95,-81.7,176.27
52.39146,-1.436359,139.01,27.52,3,220.72,20 / 21,3222509,2019-09-06 20:13:48:252,-0.4263,0.3859,10.221,0.0231,0.0146,9.8065,-0.0072,0.0184,0.0409,9.44,-33.75,23.69,20.99,-81.65,176.27
52.39146,-1.436359,139.01,27.52,3,220.72,20 / 21,3222610,2019-09-06 20:13:48:353,0.3846,-0.3201,9.0228,0.035,0.0289,9.8065,-0.1073,0.0013,0.0079,9.75,-34.06,23.31,23.47,-81.82,175.34
52.39146,-1.436359,139.01,27.52,3,220.72,20 / 21,3222710,2019-09-06 20:13:48:453,-0.2603,0.5431,9.3441,0.0104,0.0068,9.8066,-0.0881,0.0286,-0.1478,9.63,-33.69,23.5,22.82,-81.66,175.76
52.39146,-1.436359,139.01,27.52,3,220.72,20 / 21,3222810,2019-09-06 20:13:48:553,1.1986,1.4868,9.8822,0.0229,-0.0043,9.8065,0.0729,-0.0215,0.048,9.88,-33.31,24,20.19,-81.67,173.73
52.39146,-1.436359,139.01,27.52,3,220.72,20 / 21,3222910,2019-09-06 20:13:48:653,-0.1299,-0.2533,10.2138,-0.0105,-0.0098,9.8066,0.0784,-0.0488,-0.0643,11.25,-33.31,24.19,22.66,-81.61,173.78
52.39146,-1.436359,139.01,27.52,3,220.72,20 / 21,3223010,2019-09-06 20:13:48:753,0.6887,0.7571,9.8144,-0.016,-0.021,9.8066,-0.1173,-0.0274,0.0389,11.31,-33.75,23.5,23.52,-81.57,174.34
52.39146,-1.436359,139.01,27.52,3,220.72,20 / 21,3223109,2019-09-06 20:13:48:852,0.3324,0.1359,9.4214,0.0107,0.0151,9.8066,-0.0205,0.0144,0.152,10.31,-33.87,23.38,21.84,-81.81,174.02
52.39146,-1.436359,139.01,27.52,3,220.72,20 / 21,3223210,2019-09-06 20:13:48:953,-0.4141,2.7636,9.3786,-0.0296,-0.0175,9.8066,0.2046,-0.0969,-0.1694,10.06,-33.62,23.06,23.07,-81.7,174.95
52.39146,-1.436359,139.01,27.52,3,220.72,20 / 21,3223310,2019-09-06 20:13:49:053,-2.0545,-1.462,7.8682,0.0191,0.0294,9.8065,-0.2991,0.0324,-0.1596,9.56,-33.94,23.44,24.43,-81.45,175.9
52.39146,-1.436359,139.01,27.52,3,220.72,20 / 21,3223409,2019-09-06 20:13:49:152,-0.0349,0.3097,10.4867,0.01,-0.0106,9.8066,0.6223,0.0611,0.0629,9.13,-33.87,23.63,17.85,-81.59,173.7
52.39146,-1.436359,139.01,27.52,3,220.72,20 / 21,3223510,2019-09-06 20:13:49:253,1.4106,1.9108,10.6747,0.0476,0.1336,9.8055,0.3715,-0.0072,-0.0425,10,-33.75,23.31,22.56,-81.37,174.35
52.39146,-1.436359,139.01,27.52,3,220.72,20 / 21,3223609,2019-09-06 20:13:49:352,-0.844,-0.2137,10.2053,0.052,0.1032,9.8059,-0.0935,0.127,-0.0371,9.5,-33.37,24.25,21.6,-82.08,175.1
52.39146,-1.436359,139.01,27.52,3,220.72,20 / 21,3223709,2019-09-06 20:13:49:452,-1.3031,0.6444,10.2596,-0.0146,-0.0443,9.8065,0.055,-0.1057,0.0932,9.31,-33.75,23.75,18.58,-81.59,174.29
52.39146,-1.436359,139.01,27.52,3,220.72,20 / 21,3223809,2019-09-06 20:13:49:552,-2.104,0.2579,10.9803,-0.0083,0.0214,9.8066,-0.1898,0.0451,-0.0692,9.06,-33.69,23.75,19.69,-81.83,175.31
52.39146,-1.436359,139.01,27.52,3,220.72,20 / 21,3223910,2019-09-06 20:13:49:653,-2.4362,-2.0607,10.4816,-0.0215,-0.0831,9.8063,0.0594,0.0114,0.0626,9.31,-34.06,23.44,19.62,-81.72,174.24
52.39146,-1.436359,139.01,27.52,3,220.72,20 / 21,3224010,2019-09-06 20:13:49:753,-1.09,-0.3404,11.1749,-0.011,-0.0427,9.8065,0.3829,-0.0978,-0.0373,10.19,-33.69,23.44,20.48,-81.97,173
52.39146,-1.436359,139.01,27.52,3,220.72,20 / 21,3224110,2019-09-06 20:13:49:853,1.0636,2.5151,10.1509,-0.0232,-0.0691,9.8064,-0.3167,-0.089,-0.0184,9.81,-33.94,23.69,19.13,-81.94,172.89
52.39146,-1.436359,139.01,27.52,3,220.72,20 / 21,3224210,2019-09-06 20:13:49:953,1.6121,1.2587,11.6249,-0.0216,-0.0398,9.8065,0.3614,-0.022,0.0384,10.38,-33.94,24.31,19.61,-81.52,173.07
52.39146,-1.436359,139.01,27.52,3,220.72,20 / 21,3224310,2019-09-06 20:13:50:053,-0.5328,-1.4928,11.3136,0.0123,0.018,9.8065,0.1729,-0.1123,-0.0333,10.44,-33.31,23.75,19.8,-81.71,173.43
52.39146,-1.436359,139.01,27.52,3,220.72,19 / 20,3224409,2019-09-06 20:13:50:152,-0.6185,-0.4381,9.1976,0.0297,0.067,9.8064,-0.2867,-0.0383,0.072,10.69,-33.87,23.13,23.93,-82,173.84
52.39146,-1.436359,139.01,27.52,3,220.72,19 / 20,3224510,2019-09-06 20:13:50:253,-0.8223,-1.6508,8.6401,-0.0226,-0.0292,9.8065,0.0501,0.043,0.0742,9.69,-33.69,22.44,23.91,-81.89,174.63
52.39146,-1.436359,139.01,27.52,3,220.72,19 / 20,3224609,2019-09-06 20:13:50:352,0.8038,0.6984,8.6562,-0.0354,-0.0534,9.8064,0.0687,-0.1261,-0.054,9.81,-33.87,23.25,23.53,-81.82,175.39
52.39146,-1.436359,139.01,27.52,3,220.72,19 / 20,3224710,2019-09-06 20:13:50:453,0.1525,-0.2649,10.1755,0.0265,0.048,9.8064,0.0232,-0.0581,-0.0143,9.94,-33.37,23.5,22.88,-81.83,176.02
52.39146,-1.436359,139.01,27.52,3,220.72,19 / 20,3224810,2019-09-06 20:13:50:553,0.5172,1.2813,9.7804,0.0115,0.0248,9.8065,0.2069,0.0199,0.0195,9.56,-33.75,23.06,23.76,-82.07,175.73
52.39146,-1.436359,139.01,27.52,3,220.72,19 / 20,3224910,2019-09-06 20:13:50:653,1.8269,-0.324,10.2276,0.017,0.0138,9.8066,0.1176,-0.0923,0.0234,9.94,-34.37,23.63,23.03,-81.94,176.09
52.39146,-1.436359,139.01,27.52,3,220.72,19 / 20,3225010,2019-09-06 20:13:50:753,-0.5999,-0.4378,10.9302,0.0235,0.0106,9.8066,0.006,0.1149,-0.0332,9.81,-33.87,23.81,22.73,-81.8,175.76
52.39146,-1.436359,139.01,27.52,3,220.72,19 / 20,3225110,2019-09-06 20:13:50:853,0.0518,-0.6542,9.8318,-0.0233,-0.0736,9.8063,-0.0755,0.0228,0.0643,9.63,-33.37,23.56,20.88,-81.84,174.38
52.39146,-1.436359,139.01,27.52,3,220.72,19 / 20,3225210,2019-09-06 20:13:50:953,0.4518,0.2115,8.9597,-0.0283,-0.0524,9.8064,0.0613,-0.0101,-0.0957,9.81,-33.5,23.44,22.45,-81.47,174.45
52.39146,-1.436359,139.01,27.52,3,220.72,19 / 20,3225309,2019-09-06 20:13:51:052,-0.2681,0.7857,8.1459,0.0314,0.0407,9.8065,0.0458,-0.0945,0.0715,9.5,-33.94,23.19,21.84,-81.94,174.09
52.39146,-1.436359,139.01,27.52,3,220.72,19 / 20,3225410,2019-09-06 20:13:51:153,0.4065,0.9079,10.7514,0.0297,0.0509,9.8064,0.0128,0.0407,0.0248,9.94,-33.56,23.44,21.07,-82.1,173.54
52.39146,-1.436359,139.01,27.52,3,220.72,19 / 20,3225510,2019-09-06 20:13:51:253,0.3215,1.8429,11.278,-0.023,-0.0403,9.8065,0.1005,-0.0254,-0.0651,9.69,-33.81,23.94,20.23,-82.16,173.9
52.39146,-1.436359,139.01,27.52,3,220.72,19 / 20,3225610,2019-09-06 20:13:51:353,-0.1515,0.751,9.7663,-0.016,-0.0101,9.8066,-0.2334,-0.0798,0.093,9.81,-33.94,23.38,22.82,-81.83,174.82
52.39146,-1.436359,139.01,27.52,3,220.72,19 / 20,3225709,2019-09-06 20:13:51:452,-0.6952,0.4614,10.6885,-0.0054,0.0002,9.8066,0.0514,-0.0347,0.1307,9.44,-33.81,23.63,20.31,-81.69,175.74
52.39146,-1.436359,139.01,27.52,3,220.72,19 / 20,3225809,2019-09-06 20:13:51:552,-1.1447,-2.2857,10.4666,-0.0111,-0.007,9.8066,0.239,-0.0442,-0.0686,9.56,-33.62,23.63,23.91,-81.61,176.61
52.39146,-1.436359,139.01,27.52,3,220.72,19 / 20,3225910,2019-09-06 20:13:51:653,1.8289,-0.4363,9.228,-0.003,-0.0203,9.8065,-0.1752,0.0544,-0.0669,9.44,-33.62,23.69,21.05,-81.43,176.21
52.39146,-1.436359,139.01,27.52,3,220.72,19 / 20,3226010,2019-09-06 20:13:51:753,1.4427,0.7324,8.7728,-0.0058,-0.0236,9.8066,0.1714,-0.0513,0.1264,9.56,-34.25,23.31,23.84,-81.46,175.43
52.39146,-1.436359,139.01,27.52,3,220.72,19 / 20,3226110,2019-09-06 20:13:51:853,1.046,1.0134,8.815,0.0249,0.0611,9.8064,0.1215,-0.0608,-0.0809,10,-33.94,23.56,23.01,-81.56,175.86
52.39146,-1.436359,139.01,27.52,3,220.72,19 / 20,3226209,2019-09-06 20:13:51:952,-1.2661,-0.5989,9.8004,0.0249,0.0237,9.8066,0.1107,0.0079,0.0203,10.25,-33,23.56,22.37,-81.85,175.62
52.39146,-1.436359,139.01,27.52,3,220.72,19 / 20,3226310,2019-09-06 20:13:52:053,-0.8607,-1.4896,9.4477,0.0051,-0.0223,9.8066,0.2346,0.0599,0.0775,9.63,-33.62,24,20.41,-81.67,173.8
52.39146,-1.436359,139.01,27.52,3,220.72,19 / 20,3226410,2019-09-06 20:13:52:153,-0.5967,-1.0409,10.4686,-0.0186,-0.0334,9.8066,-0.2294,-0.0489,-0.0757,9.81,-33.37,23.88,20.13,-81.62,173.66
52.39146,-1.436359,139.01,27.52,3,220.72,19 / 20,3226510,2019-09-06 20:13:52:253,-0.9858,0.6312,10.5593,-0.0085,-0.0224,9.8066,-0.1922,-0.0736,-0.0049,10.13,-32.94,23.25,21.77,-81.41,173.86
52.39146,-1.436359,139.01,27.52,3,220.72,19 / 20,3226609,2019-09-06 20:13:52:352,-0.7644,3.7529,10.3232,0.0028,-0.0652,9.8063,0.5281,0.1878,-0.0631,9.69,-33.31,22.75,20.29,-81.25,172.59
52.39146,-1.436359,139.01,27.52,3,220.72,19 / 20,3226710,2019-09-06 20:13:52:453,0.4108,3.1954,9.4382,0.0623,0.193,9.8045,0.532,0.1852,-0.1996,9.5,-33.69,22.38,21.67,-81.18,172.41
52.39146,-1.436359,139.01,27.52,3,220.72,19 / 20,3226810,2019-09-06 20:13:52:553,0.5533,-1.8459,10.6446,0.0582,0.1721,9.8049,-0.0095,-0.0569,0.0786,9.75,-33.5,23,20.55,-82.25,173.3
52.39146,-1.436359,139.01,27.52,3,220.72,19 / 20,3226910,2019-09-06 20:13:52:653,0.1095,-0.5803,11.0558,-0.0208,-0.0492,9.8064,0.245,-0.0167,0.0699,9.63,-33.94,23.44,21.91,-81.58,173.94
52.39146,-1.436359,139.01,27.52,3,220.72,19 / 20,3227009,2019-09-06 20:13:52:752,-0.1725,-2.8773,10.6752,-0.0158,-0.0046,9.8065,-0.0553,-0.0152,-0.004,9.81,-33.75,23.13,23.24,-81.46,174.95
52.39146,-1.436359,139.01,27.52,3,220.72,19 / 20,3227109,2019-09-06 20:13:52:852,-0.2828,-0.122,9.8289,-0.0066,-0.0032,9.8066,-0.1552,-0.0341,0.0213,9.38,-33.56,24,21.06,-81.24,176.11
52.39146,-1.436359,139.01,27.52,3,220.72,19 / 20,3227209,2019-09-06 20:13:52:952,-0.1264,0.9065,9.0018,0.012,0.0186,9.8066,0.0937,-0.0012,0.0044,9.81,-33.87,23.06,24.47,-81.54,175.99
52.39146,-1.436359,139.01,27.52,3,220.72,19 / 20,3227309,2019-09-06 20:13:53:052,-0.3284,-0.1046,9.0528,0.0101,0.0137,9.8066,0.0401,-0.0064,-0.0769,9.69,-34.37,23.38,23.57,-81.9,175.48
52.38975,-1.438891,138.87,29.24,3,223.6,19 / 20,3227409,2019-09-06 20:13:53:152,1.1733,1.2712,9.8763,0.0131,-0.0074,9.8066,0.0563,-0.0025,0.0189,10,-33.81,22.81,22.45,-82.04,174.64
52.38975,-1.438891,138.87,29.24,3,223.6,19 / 20,3227510,2019-09-06 20:13:53:253,-0.278,0.873,10.6221,0.003,-0.0406,9.8065,0.0438,-0.053,0.0826,10.06,-33.5,22.94,20.49,-81.75,173
52.38975,-1.438891,138.87,29.24,3,223.6,19 / 20,3227609,2019-09-06 20:13:53:352,-0.7672,0.5952,12.1409,-0.0038,-0.0197,9.8066,-0.0618,0.0392,-0.0985,10.56,-33.94,24.13,21.38,-81.53,172.57
52.38975,-1.438891,138.87,29.24,3,223.6,19 / 20,3227710,2019-09-06 20:13:53:453,0.3399,0.2349,9.9853,-0.0393,-0.0654,9.8063,-0.1806,-0.0769,-0.0622,9.94,-33,23.38,21.74,-81.05,173.65
52.38975,-1.438891,138.87,29.24,3,223.6,19 / 20,3227810,2019-09-06 20:13:53:553,0.967,-1.411,8.5831,-0.006,-0.0309,9.8066,-0.1817,-0.0399,0.1307,10.25,-33.19,22.81,21.09,-81.32,173.27
52.38975,-1.438891,138.87,29.24,3,223.6,19 / 20,3227910,2019-09-06 20:13:53:653,0.7221,0.5389,7.688,0.0123,0.0282,9.8065,-0.1817,-0.0224,0.0547,10.13,-33.25,22.5,19.85,-81.6,172.4
52.38975,-1.438891,138.87,29.24,3,223.6,19 / 20,3228010,2019-09-06 20:13:53:753,1.1163,0.6362,10.4017,-0.0117,-0.008,9.8065,0.3573,-0.0204,-0.0455,10.25,-33.81,22.81,20.32,-81.69,172.72
52.38975,-1.438891,138.87,29.24,3,223.6,19 / 20,3228110,2019-09-06 20:13:53:853,0.0407,-0.4805,9.7676,0.03,0.0765,9.8062,0.2263,-0.0238,0.0452,10.31,-33.69,23,21,-81.82,173.34
52.38975,-1.438891,138.87,29.24,3,223.6,19 / 20,3228210,2019-09-06 20:13:53:953,0.0666,1.2514,9.8249,0.0275,0.0665,9.8064,0.0698,0.0072,0.0382,9.88,-33.81,22.75,21.88,-81.75,174.02
52.38975,-1.438891,138.87,29.24,3,223.6,19 / 20,3228310,2019-09-06 20:13:54:053,-0.2275,0.8575,10.7475,-0.0063,-0.0025,9.8066,0.1109,-0.011,-0.0918,10.19,-33.5,23,22.98,-81.58,174.94
52.38975,-1.438891,138.87,29.24,3,223.6,20 / 21,3228409,2019-09-06 20:13:54:152,0.7857,-0.8671,9.4866,0.0061,0.0022,9.8066,-0.167,-0.0305,-0.0032,9.75,-33.19,23.06,22.55,-81.57,174.58
52.38975,-1.438891,138.87,29.24,3,223.6,20 / 21,3228510,2019-09-06 20:13:54:253,0.7167,1.7006,8.618,-0.0027,-0.0184,9.8066,-0.2078,-0.0502,0.0705,10.13,-33.94,23.31,21.93,-81.62,173.99
52.38975,-1.438891,138.87,29.24,3,223.6,20 / 21,3228609,2019-09-06 20:13:54:352,-0.4006,0.5538,8.4991,-0.0073,-0.0127,9.8065,0.1772,-0.0117,-0.0829,10.13,-33.37,23.19,21.76,-81.66,173.99
52.38975,-1.438891,138.87,29.24,3,223.6,20 / 21,3228709,2019-09-06 20:13:54:452,0.118,-1.4174,9.7244,0.0278,0.0403,9.8064,0.1823,-0.0066,-0.0286,9.94,-33.5,22.88,21.5,-81.91,173.91
52.38975,-1.438891,138.87,29.24,3,223.6,20 / 21,3228809,2019-09-06 20:13:54:552,0.363,-1.2058,10.6014,0.015,0.0304,9.8066,-0.1398,-0.0438,0.1088,10,-33.75,23,21.55,-81.81,173.78
52.38975,-1.438891,138.87,29.24,3,223.6,20 / 21,3228909,2019-09-06 20:13:54:652,0.0334,-0.8693,10.6427,-0.0254,-0.0453,9.8065,-0.0301,0.0041,-0.0126,10.63,-33.75,23.56,23.26,-81.52,174.1
52.38975,-1.438891,138.87,29.24,3,223.6,20 / 21,3229009,2019-09-06 20:13:54:752,0.0684,-0.318,10.4333,-0.0182,-0.0426,9.8065,-0.0823,-0.0459,-0.0771,10.44,-34.06,23.25,22.01,-81.48,173.97
52.38975,-1.438891,138.87,29.24,3,223.6,20 / 21,3229109,2019-09-06 20:13:54:852,-0.6502,-0.1622,9.7657,0.025,0.025,9.8065,0.1614,-0.0506,0.0355,10.38,-33.06,23.88,19.47,-81.45,173.04
52.38975,-1.438891,138.87,29.24,3,223.6,20 / 21,3229210,2019-09-06 20:13:54:953,-0.8514,0.1392,9.4141,0.0152,0.0276,9.8066,-0.0761,-0.0057,0.0105,11,-34,23.13,22,-81.77,172.13
52.38975,-1.438891,138.87,29.24,3,223.6,20 / 21,3229310,2019-09-06 20:13:55:053,0.0736,1.1191,9.8625,-0.0176,-0.0129,9.8065,-0.0162,0.0231,-0.0868,11,-33.69,23.06,22.94,-81.79,172.91
52.38975,-1.438891,138.87,29.24,3,223.6,20 / 21,3229409,2019-09-06 20:13:55:152,0.1462,-0.5489,10.1675,-0.005,-0.018,9.8066,0.0334,-0.0051,0.0349,10.38,-33.56,23.56,19.05,-81.73,172.72
52.38975,-1.438891,138.87,29.24,3,223.6,20 / 21,3229509,2019-09-06 20:13:55:252,0.9823,-0.1075,9.6181,-0.0072,0.006,9.8065,0.0652,0.0046,0.0885,10.31,-33.75,23,20.25,-81.63,172.63
52.38975,-1.438891,138.87,29.24,3,223.6,20 / 21,3229610,2019-09-06 20:13:55:353,-0.0847,-0.7194,9.3077,-0.0273,-0.0182,9.8065,-0.21,-0.0951,-0.0153,10.25,-33.37,23.31,22.03,-81.78,174.28
52.38975,-1.438891,138.87,29.24,3,223.6,20 / 21,3229710,2019-09-06 20:13:55:453,0.5989,-0.1204,9.7116,-0.0024,-0.0138,9.8066,-0.0086,0.0481,-0.0953,9.56,-33.62,23,23.46,-81.86,175.36
52.38975,-1.438891,138.87,29.24,3,223.6,20 / 21,3229810,2019-09-06 20:13:55:553,0.4501,0.4453,9.4501,0.0212,-0.0179,9.8066,0.0549,-0.0166,0.0658,9.94,-34.06,23.06,21.2,-81.8,173.49
52.38975,-1.438891,138.87,29.24,3,223.6,20 / 21,3229910,2019-09-06 20:13:55:653,0.0434,-0.7046,9.9311,0.0009,0.0237,9.8066,0.0824,-0.0342,-0.0213,10.5,-33.56,23.31,23.76,-81.73,173.54
52.38975,-1.438891,138.87,29.24,3,223.6,20 / 21,3230010,2019-09-06 20:13:55:753,0.7239,0.421,9.7258,-0.0311,-0.016,9.8066,-0.197,-0.0086,0.032,9.94,-33.56,23.31,21.35,-81.73,173.57
52.38975,-1.438891,138.87,29.24,3,223.6,20 / 21,3230110,2019-09-06 20:13:55:853,0.323,-0.6821,9.6296,-0.0347,-0.0385,9.8065,-0.1104,0.0944,0.106,10.13,-34.12,23,23.99,-81.5,175.58
52.38975,-1.438891,138.87,29.24,3,223.6,20 / 21,3230210,2019-09-06 20:13:55:953,0.1551,0.0108,8.5464,0.0192,0.0115,9.8066,-0.1759,0.04,-0.0776,10.19,-33.81,23.56,21.87,-81.77,175.04
52.38975,-1.438891,138.87,29.24,3,223.6,20 / 21,3230310,2019-09-06 20:13:56:053,0.9877,-0.5495,8.551,-0.0106,-0.0222,9.8066,-0.3312,0.058,-0.0312,10.5,-33.87,23.38,25.25,-81.75,174.77
52.38975,-1.438891,138.87,29.24,3,223.6,19 / 20,3230410,2019-09-06 20:13:56:153,0.6511,0.9864,8.7667,0.007,0.0204,9.8066,0.3193,-0.0014,0.0726,9.19,-33.75,23.38,21.02,-81.94,175.49
52.38975,-1.438891,138.87,29.24,3,223.6,19 / 20,3230509,2019-09-06 20:13:56:252,-0.1,0.3554,10.2235,0.0117,0.0032,9.8066,0.1044,-0.0679,-0.054,9.31,-34.44,22.75,20.73,-81.88,175.22
52.38975,-1.438891,138.87,29.24,3,223.6,19 / 20,3230610,2019-09-06 20:13:56:353,0.2402,-0.8606,10.1012,-0.0062,-0.0142,9.8066,-0.1177,0.0057,-0.0103,10.13,-34.56,23.13,22.96,-81.81,174.8
52.38975,-1.438891,138.87,29.24,3,223.6,19 / 20,3230709,2019-09-06 20:13:56:452,0.6703,-0.0142,9.7689,-0.0224,-0.0241,9.8066,-0.0678,0.0794,0.0978,9.81,-33.75,23.19,23.65,-81.57,175.35
52.38975,-1.438891,138.87,29.24,3,223.6,19 / 20,3230810,2019-09-06 20:13:56:553,0.6764,0.0489,9.6897,0.0073,0.0189,9.8065,0.0839,-0.0802,0.0207,9.94,-34,23.13,23.94,-81.71,175.66
52.38975,-1.438891,138.87,29.24,3,223.6,19 / 20,3230910,2019-09-06 20:13:56:653,-0.0612,0.6994,10.2338,0.0131,0.0011,9.8065,0.0504,-0.0348,-0.0552,9.56,-33.75,23,23.05,-81.75,174.96
52.38975,-1.438891,138.87,29.24,3,223.6,19 / 20,3231009,2019-09-06 20:13:56:752,1.6839,2.2574,9.7764,0.0012,0.0082,9.8066,0.1649,0.0187,0.1028,10.19,-33.56,23.06,23.1,-81.71,174.98
52.38975,-1.438891,138.87,29.24,3,223.6,19 / 20,3231110,2019-09-06 20:13:56:853,-1.2438,-0.392,9.5526,0.0113,0.0302,9.8065,0.2833,-0.0896,0.0618,10.19,-33.87,23.31,23.4,-81.71,175.23
52.38975,-1.438891,138.87,29.24,3,223.6,19 / 20,3231209,2019-09-06 20:13:56:952,-1.4036,-0.3086,10.7113,-0.0367,-0.0451,9.8065,-0.2355,0.0678,-0.1192,9.81,-33.87,23.44,23.06,-81.93,175.08
52.38975,-1.438891,138.87,29.24,3,223.6,19 / 20,3231309,2019-09-06 20:13:57:052,-1.2013,-0.5349,10.9269,-0.0086,-0.0038,9.8066,-0.0652,0.0653,0.0777,10.56,-33.69,22.5,26.67,-81.79,175.96
52.38975,-1.438891,138.87,29.24,3,223.6,19 / 20,3231409,2019-09-06 20:13:57:152,2.1843,1.103,9.1843,-0.0046,-0.0388,9.8065,0.0145,0.0058,-0.0384,10,-34,23.38,22.86,-81.59,174.72
52.38975,-1.438891,138.87,29.24,3,223.6,19 / 20,3231510,2019-09-06 20:13:57:253,0.9512,0.8618,9.7095,0.019,0.0404,9.8065,-0.1392,-0.0554,-0.0998,9.94,-33.75,23.31,21.88,-81.55,173.9
52.38975,-1.438891,138.87,29.24,3,223.6,19 / 20,3231609,2019-09-06 20:13:57:352,-0.0576,0.8366,10.4657,-0.006,0.0162,9.8066,0.0494,0.0516,0.0686,10.5,-34,23.38,25.1,-81.74,174.64
52.38975,-1.438891,138.87,29.24,3,223.6,19 / 20,3231709,2019-09-06 20:13:57:452,0.0908,0.5604,9.3316,0.0014,-0.021,9.8065,-0.1188,-0.044,-0.0085,9.88,-34.37,23.5,20.8,-81.6,174.08
52.38975,-1.438891,138.87,29.24,3,223.6,19 / 20,3231810,2019-09-06 20:13:57:553,-1.3151,-1.9291,9.5592,0.0175,0.0608,9.8064,-0.0223,0.0217,-0.0636,9.81,-34.25,22.81,21.72,-81.58,173.79
52.38975,-1.438891,138.87,29.24,3,223.6,19 / 20,3231910,2019-09-06 20:13:57:653,0.7622,0.5244,10.5027,-0.0084,0.0366,9.8065,0.1156,0.012,0.0572,10.31,-33.56,23.19,23.66,-81.89,175.55
52.38975,-1.438891,138.87,29.24,3,223.6,19 / 20,3232010,2019-09-06 20:13:57:753,1.9483,1.1222,9.6555,-0.0195,-0.0463,9.8064,-0.1144,-0.1525,-0.028,10.38,-33.75,22.88,24.05,-81.57,175.67
52.38975,-1.438891,138.87,29.24,3,223.6,19 / 20,3232110,2019-09-06 20:13:57:853,-0.2613,0.0364,10.2801,-0.035,-0.0598,9.8063,-0.134,-0.0215,-0.043,10.31,-33.69,23.44,24.13,-81.49,175.69
52.38975,-1.438891,138.87,29.24,3,223.6,19 / 20,3232210,2019-09-06 20:13:57:953,1.2127,0.5878,9.4563,0.0163,0.0435,9.8065,0.2612,-0.089,0.15,10,-33.62,23.44,25.16,-81.64,176.61
52.38975,-1.438891,138.87,29.24,3,223.6,19 / 20,3232310,2019-09-06 20:13:58:053,0.0013,1.0962,8.7131,0.0132,0.0089,9.8066,0.0371,-0.0823,-0.0404,10.25,-34.06,23.06,23.77,-81.63,175.48
52.38975,-1.438891,138.87,29.24,3,223.6,20 / 21,3232409,2019-09-06 20:13:58:152,-0.404,1.2114,8.5909,0.0183,0.0331,9.8065,0.0376,0.0627,-0.0354,10.19,-33.62,23,22.86,-81.7,174.78
52.38975,-1.438891,138.87,29.24,3,223.6,20 / 21,3232510,2019-09-06 20:13:58:253,0.4232,0.2595,8.932,-0.0173,-0.0218,9.8065,0.0736,0.0416,0.1922,9.75,-33.81,23.19,23.2,-81.93,175.19
52.38975,-1.438891,138.87,29.24,3,223.6,20 / 21,3232609,2019-09-06 20:13:58:352,1.0623,0.6859,10.2133,0.0136,-0.0075,9.8065,0.0797,-0.0129,-0.1189,9.94,-33.87,23.56,21.11,-81.73,174.4
52.38975,-1.438891,138.87,29.24,3,223.6,20 / 21,3232709,2019-09-06 20:13:58:452,1.0739,0.2013,9.5767,0.0037,-0.0087,9.8066,-0.1079,-0.008,-0.0708,10.56,-34.31,22.69,23.94,-81.64,173.63
52.38975,-1.438891,138.87,29.24,3,223.6,20 / 21,3232809,2019-09-06 20:13:58:552,0.959,1.0882,9.3854,0.0095,0.0233,9.8066,0.1115,-0.0171,0.1249,9.94,-34.19,23.56,20.97,-81.71,174.27
52.38975,-1.438891,138.87,29.24,3,223.6,20 / 21,3232909,2019-09-06 20:13:58:652,-0.0399,0.6153,10.6572,0.0113,-0.0067,9.8065,0.104,-0.0167,-0.0861,9.94,-33.62,23.81,20.58,-81.6,173.9
52.38975,-1.438891,138.87,29.24,3,223.6,20 / 21,3233010,2019-09-06 20:13:58:753,0.8326,-0.9582,9.7734,-0.0014,-0.0366,9.8065,-0.155,0.0117,-0.0532,10,-33.69,23.31,20.25,-81.55,172.59
52.38975,-1.438891,138.87,29.24,3,223.6,20 / 21,3233110,2019-09-06 20:13:58:853,1.8858,0.1854,9.2177,-0.0274,-0.0578,9.8064,-0.1679,-0.0866,0.1447,10.19,-33.25,22.44,20.62,-81.25,171.75
52.38975,-1.438891,138.87,29.24,3,223.6,20 / 21,3233210,2019-09-06 20:13:58:953,0.5087,0.2524,9.6244,0.0271,0.0574,9.8064,0.1887,-0.0295,-0.0625,10.88,-34.37,23.19,21.91,-81.61,171.97
52.38975,-1.438891,138.87,29.24,3,223.6,20 / 21,3233310,2019-09-06 20:13:59:053,-0.575,-1.0899,9.8155,0.0042,0.0408,9.8065,0.2022,0.062,0.0167,10.25,-33.69,23.38,20.43,-81.65,172.79
52.38975,-1.438891,138.87,29.24,3,223.6,19 / 20,3233409,2019-09-06 20:13:59:152,-0.3633,0.3983,9.023,0.0093,0.0111,9.8066,0.0605,-0.0522,0.0256,10,-34.12,23.19,21.49,-81.8,173.72
52.38975,-1.438891,138.87,29.24,3,223.6,19 / 20,3233509,2019-09-06 20:13:59:252,0.7307,-1.249,9.2182,0.0387,0.0371,9.8064,0.0726,-0.0095,-0.1376,10.38,-33.69,23.88,18.12,-81.91,172.05
52.38975,-1.438891,138.87,29.24,3,223.6,19 / 20,3233609,2019-09-06 20:13:59:352,1.1683,0.5761,9.4291,-0.0402,-0.0551,9.8064,-0.0497,0.0293,0.1323,10.94,-33.94,22.94,21.61,-81.99,171.93
52.38975,-1.438891,138.87,29.24,3,223.6,19 / 20,3233709,2019-09-06 20:13:59:452,0.7789,0.544,9.7404,-0.0253,-0.0528,9.8064,-0.0136,0.0219,0.0903,10.38,-34.12,23.5,20.12,-81.56,173.51
52.38975,-1.438891,138.87,29.24,3,223.6,19 / 20,3233810,2019-09-06 20:13:59:553,1.0159,1.685,11.3083,0.0278,0.0226,9.8065,0.2049,0.143,-0.1872,10.25,-34.19,22.81,19.38,-81.66,171.95
52.38975,-1.438891,138.87,29.24,3,223.6,19 / 20,3233910,2019-09-06 20:13:59:653,0.6706,-1.5291,11.28,0.0255,0.0793,9.8062,0.2044,0.0818,0.0082,9.94,-34.06,23.5,17.48,-81.77,171.47
52.38975,-1.438891,138.87,29.24,3,223.6,19 / 20,3234009,2019-09-06 20:13:59:752,-0.1775,0.2378,10.9343,-0.0387,-0.0626,9.8063,-0.1954,0.0396,0.0953,10.13,-34.12,23.63,19.97,-81.38,173.3
52.38975,-1.438891,138.87,29.24,3,223.6,19 / 20,3234109,2019-09-06 20:13:59:852,0.7485,1.372,9.4965,-0.0115,-0.0309,9.8065,-0.1898,-0.0171,-0.0695,9.94,-34.06,23.5,19.78,-81.53,173.22
52.38975,-1.438891,138.87,29.24,3,223.6,19 / 20,3234210,2019-09-06 20:13:59:953,0.4425,-0.8755,9.6217,-0.007,0.0201,9.8066,0.2021,0.0147,0.0614,10.19,-33.87,23.44,21.19,-81.52,173.33
52.38975,-1.438891,138.87,29.24,3,223.6,19 / 20,3234310,2019-09-06 20:14:00:053,0.4647,1.0346,9.446,-0.0033,0.0044,9.8066,0.1707,0.0132,0.0682,10.31,-34.12,23.5,21.16,-81.5,174.32
52.38975,-1.438891,138.87,29.24,3,223.6,20 / 21,3234409,2019-09-06 20:14:00:152,-0.1871,-1.1956,9.4916,0.027,0.0255,9.8066,-0.0891,-0.0491,-0.0627,10.06,-33.81,23.25,20.63,-81.78,173.02
52.38975,-1.438891,138.87,29.24,3,223.6,20 / 21,3234509,2019-09-06 20:14:00:252,-0.0002,1.3272,10.1117,0.016,0.0094,9.8066,0.0024,-0.036,0.0061,9.81,-33.94,22.88,19.73,-81.71,172.26
52.38975,-1.438891,138.87,29.24,3,223.6,20 / 21,3234610,2019-09-06 20:14:00:353,0.0441,-0.6604,9.7262,-0.0236,-0.0223,9.8065,-0.0783,-0.0286,0.0453,9.75,-34.06,23.31,21.51,-81.55,173.6
52.38975,-1.438891,138.87,29.24,3,223.6,20 / 21,3234710,2019-09-06 20:14:00:453,0.6766,1.1333,10.4231,-0.0074,-0.0147,9.8066,-0.1962,-0.0195,-0.0021,10.38,-34.06,22.81,21.58,-81.68,173.73
52.38975,-1.438891,138.87,29.24,3,223.6,20 / 21,3234810,2019-09-06 20:14:00:553,-0.6367,1.7889,10.7801,0.0087,-0.009,9.8066,0.1436,0.126,0.0643,10.25,-34,23.38,22.2,-81.77,174.29
52.38975,-1.438891,138.87,29.24,3,223.6,20 / 21,3234910,2019-09-06 20:14:00:653,0.3327,0.5361,10.3208,0.0223,-0.0135,9.8066,-0.1136,-0.0598,-0.07,10.06,-33.06,23.63,19.15,-81.72,172.9
52.38975,-1.438891,138.87,29.24,3,223.6,20 / 21,3235010,2019-09-06 20:14:00:753,-1.627,0.3604,10.2949,0.014,0.0207,9.8066,-0.0061,-0.0533,-0.0173,10.44,-33.62,23.56,17.27,-81.92,171.36
52.38975,-1.438891,138.87,29.24,3,223.6,20 / 21,3235110,2019-09-06 20:14:00:853,-0.0112,-0.2305,10.3864,0.0003,0.0097,9.8066,0.0665,0.0353,0.0904,10.44,-33.62,23.31,19.76,-81.9,172.37
52.38975,-1.438891,138.87,29.24,3,223.6,20 / 21,3235210,2019-09-06 20:14:00:953,0.2476,0.4773,10.4133,0.0047,-0.0255,9.8066,-0.1265,0.0246,-0.0724,10.56,-33.62,23.19,20.14,-81.69,170.58
52.38975,-1.438891,138.87,29.24,3,223.6,20 / 21,3235310,2019-09-06 20:14:01:053,1.4335,-0.4797,10.3736,-0.0005,0,9.8066,-0.0941,0.0644,-0.0733,10.31,-33.69,22.94,17.11,-81.78,170.17
52.38975,-1.438891,138.87,29.24,3,223.6,19 / 20,3235409,2019-09-06 20:14:01:152,0.5068,0.4221,10.3666,-0.0205,-0.0246,9.8066,0.0282,0.0355,0.071,10.38,-34,23.25,18,-81.83,170.91
52.38975,-1.438891,138.87,29.24,3,223.6,19 / 20,3235510,2019-09-06 20:14:01:253,1.3554,1.1365,9.3866,-0.0005,-0.0118,9.8066,-0.1449,-0.0663,-0.0622,10.5,-34.19,22.88,20.93,-81.72,171.23
52.38975,-1.438891,138.87,29.24,3,223.6,19 / 20,3235610,2019-09-06 20:14:01:353,-0.0785,-0.1057,10.4895,0.0008,0.0321,9.8066,0.2283,0.0556,0.043,10.31,-34,23.06,18.9,-81.97,171.71
52.38975,-1.438891,138.87,29.24,3,223.6,19 / 20,3235710,2019-09-06 20:14:01:453,0.4324,-1.1476,10.5699,-0.0125,-0.0314,9.8065,0.2242,0.0528,0.0353,10.06,-33.94,22.63,20.14,-81.81,172.64
52.38975,-1.438891,138.87,29.24,3,223.6,19 / 20,3235809,2019-09-06 20:14:01:552,0.4177,-0.0523,9.8965,-0.0112,-0.0031,9.8065,-0.2063,-0.0295,-0.019,10.19,-34,23.31,20.9,-81.72,173.2
52.38975,-1.438891,138.87,29.24,3,223.6,19 / 20,3235909,2019-09-06 20:14:01:652,-0.5203,0.6767,9.4293,-0.0041,0.0162,9.8066,-0.0519,-0.0798,0.0946,10.19,-34.44,24.19,20.63,-81.88,174.08
52.38975,-1.438891,138.87,29.24,3,223.6,19 / 20,3236010,2019-09-06 20:14:01:753,-0.1896,-0.2437,9.3935,-0.009,-0.0226,9.8066,-0.0479,0.0116,-0.0316,9.81,-34,23.69,20.72,-81.9,174.17
52.38975,-1.438891,138.87,29.24,3,223.6,19 / 20,3236110,2019-09-06 20:14:01:853,0.3588,2.086,8.8775,-0.0281,-0.041,9.8064,0.0117,0.012,0.0417,10.31,-34.37,23.81,21.32,-81.67,174.54
52.38975,-1.438891,138.87,29.24,3,223.6,19 / 20,3236209,2019-09-06 20:14:01:952,0.2421,-0.4638,10.217,0.0306,0.0413,9.8064,-0.0177,-0.1141,-0.0248,10.25,-33.94,24.19,20.91,-81.9,174.32
52.38975,-1.438891,138.87,29.24,3,223.6,19 / 20,3236310,2019-09-06 20:14:02:053,0.5511,0.871,10.4293,0.0064,-0.0092,9.8066,0.0688,-0.0503,-0.15,9.88,-33.69,23.06,20.81,-81.82,173.18
52.38809,-1.441601,139.03,28.63,3,225.44,19 / 20,3236410,2019-09-06 20:14:02:153,0.4611,-0.3922,8.917,-0.0103,-0.0352,9.8066,-0.1221,0.0353,0.0421,10.38,-33.56,23.88,18.92,-81.89,172.69
52.38809,-1.441601,139.03,28.63,3,225.44,19 / 20,3236509,2019-09-06 20:14:02:252,0.7314,1.065,10.6721,0.0067,-0.0052,9.8066,-0.074,0.0794,0.0087,10.75,-33,23.31,22.34,-81.59,172.43
52.38809,-1.441601,139.03,28.63,3,225.44,19 / 20,3236609,2019-09-06 20:14:02:352,-0.7841,0.6831,9.773,0.0116,0.0163,9.8066,0.1874,0.0102,0.1699,10.38,-33.56,23.81,16.83,-81.77,170.94
52.38809,-1.441601,139.03,28.63,3,225.44,19 / 20,3236709,2019-09-06 20:14:02:452,-0.1739,0.0494,9.8292,-0.0068,0.0145,9.8065,0.197,-0.0165,-0.1272,10.44,-33.62,23.75,18.35,-81.83,172.19
52.38809,-1.441601,139.03,28.63,3,225.44,19 / 20,3236810,2019-09-06 20:14:02:553,-0.4994,-1.5961,9.8719,0.0136,-0.0147,9.8066,-0.1305,-0.0349,-0.0156,10.44,-33.37,23.31,19.92,-81.75,172.54
52.38809,-1.441601,139.03,28.63,3,225.44,19 / 20,3236910,2019-09-06 20:14:02:653,1.4228,0.1828,9.0522,0.0132,-0.0025,9.8066,-0.1227,-0.0007,0.1582,10,-33.56,23.19,18.06,-81.78,170.94
52.38809,-1.441601,139.03,28.63,3,225.44,19 / 20,3237010,2019-09-06 20:14:02:753,2.4115,-0.0425,9.2707,-0.0231,-0.0023,9.8066,-0.1133,0.0832,-0.2005,10.13,-33.94,23,19.62,-81.71,172.16
52.38809,-1.441601,139.03,28.63,3,225.44,19 / 20,3237109,2019-09-06 20:14:02:852,2.0389,-0.5835,10.0478,-0.0091,-0.0348,9.8065,-0.0061,-0.0504,0.1798,10.31,-33.5,23.25,19.22,-81.6,171.9
52.38809,-1.441601,139.03,28.63,3,225.44,19 / 20,3237210,2019-09-06 20:14:02:953,-0.7184,-0.6891,9.6435,0.0062,0.0344,9.8065,0.0414,0.0172,0.092,10.56,-33.37,23.63,19.31,-81.82,171.13
52.38809,-1.441601,139.03,28.63,3,225.44,19 / 20,3237309,2019-09-06 20:14:03:052,-0.0618,-0.5382,9.6879,-0.0082,0.0251,9.8065,-0.009,-0.0334,-0.0295,10,-34.31,24.06,18.71,-81.75,172.45
52.38809,-1.441601,139.03,28.63,3,225.44,19 / 20,3237409,2019-09-06 20:14:03:152,-0.0995,0.2909,9.2558,0.0151,0.0181,9.8066,0.177,0.0437,0.126,10.19,-33.56,24,18.85,-81.68,172.54
52.38809,-1.441601,139.03,28.63,3,225.44,19 / 20,3237510,2019-09-06 20:14:03:253,0.31,2.5426,10.1078,-0.0108,-0.0072,9.8066,-0.0819,-0.028,-0.1083,10.25,-33.37,23.38,20.18,-81.83,172.8
52.38809,-1.441601,139.03,28.63,3,225.44,19 / 20,3237610,2019-09-06 20:14:03:353,0.501,1.827,10.1956,0.0101,-0.021,9.8066,-0.1655,-0.0091,-0.0712,10.13,-33.5,23.56,18.26,-81.69,172.17
52.38809,-1.441601,139.03,28.63,3,225.44,19 / 20,3237709,2019-09-06 20:14:03:452,-0.1017,1.278,9.5761,0.0108,-0.0026,9.8066,0.2327,0.0231,0.0671,10.81,-33.62,23.81,18.88,-81.72,170.63
52.38809,-1.441601,139.03,28.63,3,225.44,19 / 20,3237809,2019-09-06 20:14:03:552,0.2142,-0.6857,11.0809,-0.0062,0.0379,9.8065,0.2466,0.0223,-0.0932,10.88,-32.44,23.5,20.48,-81.87,172.23
52.38809,-1.441601,139.03,28.63,3,225.44,19 / 20,3237910,2019-09-06 20:14:03:653,0.6876,-0.1358,10.9523,0.0344,0.0611,9.8063,-0.2312,0.0088,0.0724,10.13,-32.56,23.5,18.09,-81.96,172.14
52.38809,-1.441601,139.03,28.63,3,225.44,19 / 20,3238010,2019-09-06 20:14:03:753,0.4674,-2.1117,10.9359,-0.053,-0.1106,9.8058,-0.197,-0.0087,0,10.81,-32.87,23.94,19.79,-82.02,171.62
52.38809,-1.441601,139.03,28.63,3,225.44,19 / 20,3238110,2019-09-06 20:14:03:853,0.0412,0.6745,9.4722,-0.0187,-0.0636,9.8064,0.0003,0.0139,-0.1001,10.13,-33.37,24,18.26,-81.38,172.03
52.38809,-1.441601,139.03,28.63,3,225.44,19 / 20,3238210,2019-09-06 20:14:03:953,0.5112,0.9293,8.4514,0.0127,0.0318,9.8065,-0.1246,0.0467,0.0047,10.25,-33.25,23.38,19.71,-81.72,172.35
52.38809,-1.441601,139.03,28.63,3,225.44,19 / 20,3238309,2019-09-06 20:14:04:052,0.3305,1.6477,8.6866,-0.0059,-0.0239,9.8065,0.1272,-0.0598,-0.0124,9.81,-33.5,22.63,19.2,-81.7,171.93
52.38809,-1.441601,139.03,28.63,3,225.44,19 / 20,3238410,2019-09-06 20:14:04:153,0.6809,0.7603,9.5629,0.0226,0.0262,9.8065,-0.0099,0.0017,-0.0232,10.31,-33.06,23.44,17.98,-81.83,171
52.38809,-1.441601,139.03,28.63,3,225.44,19 / 20,3238510,2019-09-06 20:14:04:253,0.7404,-0.2746,10.4725,0.0015,0.0123,9.8066,0.0805,-0.1067,0.104,10.5,-33.62,23.81,19.35,-81.77,171.03
52.38809,-1.441601,139.03,28.63,3,225.44,19 / 20,3238609,2019-09-06 20:14:04:352,2.0032,2.157,10.4872,-0.0291,-0.0171,9.8066,-0.2044,-0.1206,-0.1079,9.63,-33.69,23.69,19.55,-81.59,173.06
52.38809,-1.441601,139.03,28.63,3,225.44,19 / 20,3238709,2019-09-06 20:14:04:452,0.5961,0.4211,9.7691,0.0137,-0.0231,9.8066,0.0727,-0.0069,0.1164,10.31,-34.06,23.38,20.33,-81.61,172.68
52.38809,-1.441601,139.03,28.63,3,225.44,19 / 20,3238809,2019-09-06 20:14:04:552,-0.9693,0.0627,10.183,0.0108,0.0275,9.8066,0.0616,-0.0671,0.0646,10.06,-33.56,23.75,17.94,-81.79,171.85
52.38809,-1.441601,139.03,28.63,3,225.44,19 / 20,3238909,2019-09-06 20:14:04:652,-0.3683,-0.4755,9.6898,-0.0114,-0.0315,9.8065,-0.1516,-0.0114,-0.0886,10,-33.31,23.63,18.65,-81.74,172.5
52.38809,-1.441601,139.03,28.63,3,225.44,19 / 20,3239009,2019-09-06 20:14:04:752,-0.4259,0.1805,10.1895,0.0149,-0.0161,9.8065,0.1243,0.0698,0.0937,9.69,-33.25,23.81,17.94,-81.71,171.91
52.38809,-1.441601,139.03,28.63,3,225.44,19 / 20,3239110,2019-09-06 20:14:04:853,1.603,0.4574,9.7098,-0.0093,-0.0113,9.8066,-0.2299,-0.0869,-0.0625,9.94,-33.94,23.63,16.88,-81.64,170.92
52.38809,-1.441601,139.03,28.63,3,225.44,19 / 20,3239210,2019-09-06 20:14:04:953,0.8174,0.8944,9.2685,0.0025,-0.0115,9.8066,-0.1612,0.0252,-0.0346,10.19,-33.69,23.56,17.79,-81.56,171.62
52.38809,-1.441601,139.03,28.63,3,225.44,19 / 20,3239309,2019-09-06 20:14:05:052,0.2661,0.3007,8.6809,-0.0117,-0.0159,9.8065,0.1264,-0.0295,0.0939,10.56,-33.5,24.06,20.06,-81.55,171.62
52.38809,-1.441601,139.03,28.63,3,225.44,19 / 20,3239410,2019-09-06 20:14:05:153,0.2058,0.0829,10.1653,0.0054,0.0251,9.8066,-0.0524,0.0205,-0.0539,10,-34.19,23.38,19.96,-81.78,172.47
52.38809,-1.441601,139.03,28.63,3,225.44,19 / 20,3239509,2019-09-06 20:14:05:252,1.478,1.3796,10.2459,0.0133,0.0021,9.8066,-0.1312,0.0384,0.025,10.06,-33.37,23.25,19.12,-81.78,171.9
52.38809,-1.441601,139.03,28.63,3,225.44,19 / 20,3239610,2019-09-06 20:14:05:353,0.8509,1.1313,10.5156,0.0087,0.0307,9.8065,0.2183,-0.0285,-0.0729,10.38,-32.94,24.19,17.59,-81.75,171.64
52.38809,-1.441601,139.03,28.63,3,225.44,19 / 20,3239709,2019-09-06 20:14:05:452,-0.7719,-2.5408,9.2308,0.0139,0.0321,9.8066,-0.1956,0.0337,0.0322,9.63,-33.12,23.94,18.01,-81.8,172.01
52.38809,-1.441601,139.03,28.63,3,225.44,19 / 20,3239810,2019-09-06 20:14:05:553,-0.1594,0.3307,9.2574,-0.0067,-0.0044,9.8066,0.0058,0.0651,0.166,9.81,-33.56,23.81,17.82,-81.79,171.75
52.38809,-1.441601,139.03,28.63,3,225.44,19 / 20,3239909,2019-09-06 20:14:05:652,0.0592,0.8138,9.4022,-0.0202,0.0077,9.8066,-0.0708,0.0029,-0.181,9.56,-33.81,23.5,19.23,-81.86,172.93
52.38809,-1.441601,139.03,28.63,3,225.44,19 / 20,3240010,2019-09-06 20:14:05:753,1.6574,-0.0497,9.7594,-0.0002,-0.0239,9.8066,-0.0558,-0.0199,-0.0877,10.31,-33.62,23.75,19.4,-81.83,173.05
52.38809,-1.441601,139.03,28.63,3,225.44,19 / 20,3240109,2019-09-06 20:14:05:852,0.2595,1.2948,10.0158,-0.0003,-0.0088,9.8066,0.0339,0.0609,-0.0003,9.81,-33.31,23.81,18.33,-81.82,172.27
52.38809,-1.441601,139.03,28.63,3,225.44,19 / 20,3240210,2019-09-06 20:14:05:953,-0.4114,1.3771,10.5501,-0.013,-0.0019,9.8066,0.0952,0.0227,-0.04,9.81,-33.5,23.06,19.57,-81.96,172.35
52.38809,-1.441601,139.03,28.63,3,225.44,19 / 20,3240310,2019-09-06 20:14:06:053,-0.6135,1.5522,10.0857,0.0128,0.0143,9.8066,-0.048,0.0391,-0.0764,9.69,-33.87,24,18.3,-82.02,172.24
52.38809,-1.441601,139.03,28.63,3,225.44,19 / 20,3240410,2019-09-06 20:14:06:153,0.1475,0.5002,9.5442,0.0076,-0.0151,9.8065,-0.022,0.0657,-0.0717,9.5,-33.75,23.69,17,-82.01,171.18
52.38809,-1.441601,139.03,28.63,3,225.44,19 / 20,3240509,2019-09-06 20:14:06:252,0.0203,0.5347,10.6562,0.0046,0.0081,9.8066,0.1824,0.0253,0.0998,10.19,-33.5,24.13,16.43,-81.91,170.76
52.38809,-1.441601,139.03,28.63,3,225.44,19 / 20,3240610,2019-09-06 20:14:06:353,1.069,0.3269,10.0982,0.0173,0.0246,9.8065,0.0936,-0.0336,-0.0413,10.5,-33.69,23.88,18.62,-81.9,170.5
52.38809,-1.441601,139.03,28.63,3,225.44,19 / 20,3240710,2019-09-06 20:14:06:453,0.81,0.7345,10.0033,0.0048,0.026,9.8066,-0.1444,0.0039,0.0141,10.19,-33.31,23.31,17.03,-82.06,170.32
52.38809,-1.441601,139.03,28.63,3,225.44,19 / 20,3240809,2019-09-06 20:14:06:552,0.4664,1.2458,9.2953,-0.0063,0.0095,9.8066,-0.0081,-0.0306,0.0526,10.63,-33.94,23.69,19.38,-82.08,171.21
52.38809,-1.441601,139.03,28.63,3,225.44,19 / 20,3240910,2019-09-06 20:14:06:653,0.0096,1.1937,10.2989,0.0003,-0.0093,9.8066,0.0042,0.019,-0.0907,10.31,-33.75,24,15.82,-82.07,170.24
52.38809,-1.441601,139.03,28.63,3,225.44,19 / 20,3241009,2019-09-06 20:14:06:752,0.3222,-0.0388,11.1456,-0.0245,-0.0273,9.8066,-0.0212,-0.055,0.0889,9.5,-33.69,23.69,17.07,-81.91,171.19
52.38809,-1.441601,139.03,28.63,3,225.44,19 / 20,3241110,2019-09-06 20:14:06:853,0.3478,-0.4714,10.8944,0.0166,0.0168,9.8066,0.1329,0.0007,-0.0424,10.19,-34,24,17.77,-81.51,171.59
52.38809,-1.441601,139.03,28.63,3,225.44,19 / 20,3241210,2019-09-06 20:14:06:953,0.6069,-0.1464,9.7762,0.0194,0.04,9.8065,0.0478,0.0409,-0.0484,10.63,-33.5,23.94,19,-81.65,170.8
52.38809,-1.441601,139.03,28.63,3,225.44,19 / 20,3241310,2019-09-06 20:14:07:053,-1.2138,0.5035,8.9267,0.0049,-0.0027,9.8065,-0.1956,-0.0051,-0.0538,10.69,-33.56,24.25,19.04,-81.83,170.81
52.38809,-1.441601,139.03,28.63,3,225.44,20 / 21,3241409,2019-09-06 20:14:07:152,1.8403,2.6728,9.145,0.014,0.0081,9.8066,-0.2087,-0.0015,-0.0739,10.25,-33.5,24.19,14.54,-82.14,169.29
52.38809,-1.441601,139.03,28.63,3,225.44,20 / 21,3241510,2019-09-06 20:14:07:253,1.3572,1.8131,9.4972,-0.0026,-0.0148,9.8066,0.0622,-0.0393,0.0142,10.88,-33.44,23.19,18.2,-82.13,169.31
52.38809,-1.441601,139.03,28.63,3,225.44,20 / 21,3241610,2019-09-06 20:14:07:353,0.0534,-0.4117,10.0188,0.0003,-0.0142,9.8065,-0.0476,-0.0436,-0.0412,10.31,-33.75,24.13,14.16,-82.08,168.88
52.38809,-1.441601,139.03,28.63,3,225.44,20 / 21,3241709,2019-09-06 20:14:07:452,0.6981,1.1886,10.7027,-0.0114,-0.0064,9.8066,0.1673,-0.002,0.0094,10.06,-33.37,23.69,14.58,-81.94,169.25
52.38809,-1.441601,139.03,28.63,3,225.44,20 / 21,3241810,2019-09-06 20:14:07:553,1.2233,0.5348,10.3674,0.0153,0.0132,9.8065,-0.0679,0.0176,-0.11,10,-33.87,23.63,14.19,-81.87,168.84
52.38809,-1.441601,139.03,28.63,3,225.44,20 / 21,3241910,2019-09-06 20:14:07:653,0.8779,0.6487,9.668,-0.0007,0.0153,9.8066,-0.0711,-0.0686,0.0597,10.06,-33.69,23.31,15.77,-81.91,169.15
52.38809,-1.441601,139.03,28.63,3,225.44,20 / 21,3242010,2019-09-06 20:14:07:753,0.8772,-0.3328,9.5834,-0.0035,-0.0203,9.8065,-0.0479,0.0652,-0.1005,10.56,-33.62,23.5,17.26,-81.84,169.36
52.38809,-1.441601,139.03,28.63,3,225.44,20 / 21,3242110,2019-09-06 20:14:07:853,1.15,2.1089,10.4066,-0.0154,-0.0467,9.8064,0.1626,0.1036,0.0316,10.31,-33.87,23.94,14.28,-81.74,168.86
52.38809,-1.441601,139.03,28.63,3,225.44,20 / 21,3242210,2019-09-06 20:14:07:953,0.7455,1.9133,11.2502,-0.0049,-0.0416,9.8065,-0.0684,-0.0068,-0.083,10.06,-33.69,23.44,14.44,-81.58,167.95
52.38809,-1.441601,139.03,28.63,3,225.44,20 / 21,3242310,2019-09-06 20:14:08:053,1.0155,-0.621,8.7594,-0.0529,-0.0385,9.8064,0.1232,0.1787,0.1933,10.38,-33.56,23.75,11.35,-81.67,166.47
52.38809,-1.441601,139.03,28.63,3,225.44,19 / 20,3242410,2019-09-06 20:14:08:153,0.621,0.2702,9.763,0.0344,0.0322,9.8065,-0.0325,0.0052,0.0958,10.44,-33.56,24,15.08,-81.36,169.37
52.38809,-1.441601,139.03,28.63,3,225.44,19 / 20,3242509,2019-09-06 20:14:08:252,1.9274,1.5468,10.0641,0.0214,0.0271,9.8066,0.1126,0.0016,0.0986,10.75,-33.5,23.94,14.07,-81.78,166.81
52.38809,-1.441601,139.03,28.63,3,225.44,19 / 20,3242610,2019-09-06 20:14:08:353,0.1434,-0.8721,9.9185,0.008,0.0236,9.8065,-0.1026,-0.0176,-0.0518,10.31,-33.37,24.44,12.14,-81.76,167.2
52.38809,-1.441601,139.03,28.63,3,225.44,19 / 20,3242709,2019-09-06 20:14:08:452,-0.1419,-0.8867,9.3352,-0.01,-0.0114,9.8066,0.0495,0.0361,0.0638,10.63,-33.81,24.06,15.39,-81.62,167.75
52.38809,-1.441601,139.03,28.63,3,225.44,19 / 20,3242810,2019-09-06 20:14:08:553,0.0833,-0.953,9.2459,-0.0158,0.0054,9.8066,-0.0383,0.0087,0.0138,9.88,-33.69,24.19,14.58,-81.61,169.05
52.38809,-1.441601,139.03,28.63,3,225.44,19 / 20,3242910,2019-09-06 20:14:08:653,-1.0222,0.1621,9.4192,0.0121,0.0145,9.8065,0.0462,-0.0671,0.0486,10.63,-33.44,23.69,16.73,-81.81,169
52.38809,-1.441601,139.03,28.63,3,225.44,19 / 20,3243009,2019-09-06 20:14:08:752,0.9482,-0.973,9.5321,0.0112,0.0103,9.8066,-0.2117,-0.0385,0.0371,10,-33.5,23.25,15.3,-81.91,168.85
52.38809,-1.441601,139.03,28.63,3,225.44,19 / 20,3243109,2019-09-06 20:14:08:852,1.3294,-0.4744,10.1717,-0.036,-0.0257,9.8065,-0.1069,0.0142,-0.098,9.75,-33.5,23.69,15.41,-81.69,169.84
52.38809,-1.441601,139.03,28.63,3,225.44,19 / 20,3243210,2019-09-06 20:14:08:953,-0.6915,0.001,9.7405,0.0094,0.0121,9.8066,-0.0328,0.0113,0.0871,9.69,-34,23.69,16.43,-81.67,170.58
52.38809,-1.441601,139.03,28.63,3,225.44,19 / 20,3243310,2019-09-06 20:14:09:053,-0.7458,-0.9493,10.6274,0.0018,-0.0099,9.8066,0.0304,-0.0072,0.1207,10.19,-33.19,23.75,15.4,-81.76,169.86
52.38809,-1.441601,139.03,28.63,3,225.44,20 / 21,3243409,2019-09-06 20:14:09:152,-0.5308,-0.7195,10.1659,-0.0141,-0.0079,9.8066,-0.1106,-0.0975,-0.1353,9.56,-33.56,24.13,16.1,-81.69,170.31
52.38809,-1.441601,139.03,28.63,3,225.44,20 / 21,3243510,2019-09-06 20:14:09:253,0.7201,-0.5575,9.3739,0.0141,-0.0078,9.8066,-0.0453,0.0423,-0.0184,10,-33.75,23.81,15.29,-81.67,169.65
52.38809,-1.441601,139.03,28.63,3,225.44,20 / 21,3243609,2019-09-06 20:14:09:352,0.6796,-1.0353,9.6893,0.006,-0.015,9.8066,0.0223,-0.031,0.0469,10,-33.69,23.88,13.82,-81.7,168.48
52.38809,-1.441601,139.03,28.63,3,225.44,20 / 21,3243709,2019-09-06 20:14:09:452,-0.5228,-0.0633,8.9867,-0.0241,-0.0118,9.8065,-0.2862,0.0434,-0.1625,10.06,-33.87,23.69,15.23,-81.65,169.59
52.38809,-1.441601,139.03,28.63,3,225.44,20 / 21,3243809,2019-09-06 20:14:09:552,-0.076,0.2673,9.6865,-0.0127,-0.026,9.8065,0.1979,-0.0311,0.1313,10,-33.19,24.06,14.74,-81.61,169.27
52.38809,-1.441601,139.03,28.63,3,225.44,20 / 21,3243910,2019-09-06 20:14:09:653,0.5905,-0.4266,9.6747,0.0095,0.0494,9.8065,0.0878,0.0197,-0.0275,9.94,-33.69,24.06,15.1,-81.52,169.44
52.38809,-1.441601,139.03,28.63,3,225.44,20 / 21,3244009,2019-09-06 20:14:09:752,0.0713,-0.0323,9.5815,-0.0049,-0.008,9.8066,0.0036,-0.047,0.0005,9.81,-33.19,23.88,15.78,-81.69,170.14
52.38809,-1.441601,139.03,28.63,3,225.44,20 / 21,3244110,2019-09-06 20:14:09:853,-0.0837,-0.2829,9.2418,-0.0014,0.001,9.8066,-0.0416,-0.0008,0.0023,9.94,-33.37,23.81,15.99,-81.79,170.35
52.38809,-1.441601,139.03,28.63,3,225.44,20 / 21,3244210,2019-09-06 20:14:09:953,0.2522,0.0017,8.1934,0.0054,0.0097,9.8066,-0.1236,0.0011,0.021,9.69,-33.31,23.88,15.1,-82.05,169.72
52.38809,-1.441601,139.03,28.63,3,225.44,20 / 21,3244309,2019-09-06 20:14:10:052,0.0445,-0.2295,7.8725,0.002,0.0061,9.8066,-0.2546,-0.042,-0.0206,10.13,-34,23.81,15.17,-82.24,169.77
52.38809,-1.441601,139.03,28.63,3,225.44,19 / 20,3244410,2019-09-06 20:14:10:153,-0.1303,0.1263,10.1949,0.0028,-0.0203,9.8065,0.3143,-0.0437,0.031,10.13,-34.06,23.81,14.38,-82.23,169.12
52.38809,-1.441601,139.03,28.63,3,225.44,19 / 20,3244509,2019-09-06 20:14:10:252,0.1415,-1.587,11.7283,-0.0111,0.0005,9.8066,0.4173,0.0156,-0.0117,9.88,-33.44,24.44,13.62,-82.06,168.51
52.38809,-1.441601,139.03,28.63,3,225.44,19 / 20,3244610,2019-09-06 20:14:10:353,-0.6872,-0.3483,12.6427,-0.0239,-0.01,9.8065,-0.4063,-0.046,-0.0294,10.06,-33.44,23.69,16.7,-81.67,170.88
52.38809,-1.441601,139.03,28.63,3,225.44,19 / 20,3244709,2019-09-06 20:14:10:452,-0.2908,-1.0398,9.3551,-0.0219,-0.0558,9.8064,-0.2751,0.0109,0.0572,9.81,-33.69,23.81,18.94,-81.3,172.43
52.38809,-1.441601,139.03,28.63,3,225.44,19 / 20,3244810,2019-09-06 20:14:10:553,-0.5484,-0.2404,7.3746,-0.0102,-0.0335,9.8065,-0.1241,0.024,-0.0304,9.81,-33.81,24,17.86,-81.62,171.71
52.38809,-1.441601,139.03,28.63,3,225.44,19 / 20,3244910,2019-09-06 20:14:10:653,0.0148,-0.1622,7.1916,0.0234,0.0431,9.8065,-0.1196,-0.0563,0.0402,9.94,-33.94,23.56,16.84,-82.32,171.18
52.38809,-1.441601,139.03,28.63,3,225.44,19 / 20,3245010,2019-09-06 20:14:10:753,0.0047,0.9668,9.0904,-0.0038,-0.0049,9.8065,0.111,-0.026,-0.0675,9.94,-33.69,23.69,16.92,-82.41,171.28
52.38809,-1.441601,139.03,28.63,3,225.44,19 / 20,3245110,2019-09-06 20:14:10:853,0.6236,0.6898,10.4615,0.014,-0.0028,9.8066,0.1503,-0.0105,-0.0313,10.38,-33.44,23.19,17.02,-82.26,170.4
52.38809,-1.441601,139.03,28.63,3,225.44,19 / 20,3245210,2019-09-06 20:14:10:953,0.1928,1.024,11.7498,-0.0012,-0.0146,9.8066,0.1445,0.0245,0.0123,10.56,-33.31,23.63,17.27,-81.92,169.49
52.38809,-1.441601,139.03,28.63,3,225.44,19 / 20,3245310,2019-09-06 20:14:11:053,-0.9579,0.4007,11.0594,-0.0059,0.026,9.8066,0.094,0.0629,-0.0084,9.81,-33.56,23.75,16.44,-81.8,170.63
52.386517,-1.44423,140.11,27.41,3,226.01,19 / 20,3245409,2019-09-06 20:14:11:152,0.7626,1.3025,8.7724,0.0141,0.0443,9.8065,-0.1964,0.0205,-0.0131,10.69,-33.75,23.25,19.96,-82.14,170.65
52.386517,-1.44423,140.11,27.41,3,226.01,19 / 20,3245510,2019-09-06 20:14:11:253,0.93,2.1655,8.448,0.0074,0.0055,9.8066,-0.1812,-0.0135,-0.0024,10.13,-34.25,22.88,15.52,-82.57,169.21
52.386517,-1.44423,140.11,27.41,3,226.01,19 / 20,3245609,2019-09-06 20:14:11:352,0.6544,2.9746,9.2388,-0.0099,-0.03,9.8065,0.1666,0.037,-0.0426,10.44,-33.87,23.13,15.34,-82.53,169.04
52.386517,-1.44423,140.11,27.41,3,226.01,19 / 20,3245710,2019-09-06 20:14:11:453,1.1959,0.316,10.4911,-0.007,-0.0121,9.8066,-0.0316,0.0642,0.0033,10.38,-33.69,23.69,14.76,-82.32,169.46
52.386517,-1.44423,140.11,27.41,3,226.01,19 / 20,3245810,2019-09-06 20:14:11:553,0.4339,0.1166,10.2405,-0.0119,-0.0232,9.8066,0.1657,0.0066,0.0148,10.25,-33.56,23.38,16.12,-82.02,169.48
52.386517,-1.44423,140.11,27.41,3,226.01,19 / 20,3245909,2019-09-06 20:14:11:652,1.2328,0.6737,9.3316,0.003,0.0343,9.8065,0.0375,-0.0001,-0.04,10.25,-33.31,23.31,15.64,-81.91,169.13
52.386517,-1.44423,140.11,27.41,3,226.01,19 / 20,3246010,2019-09-06 20:14:11:753,-0.3478,0.2711,9.3781,0.0058,0.0237,9.8066,0.0201,-0.0741,-0.0008,8.94,-32.87,22.75,13.9,-82.31,169.95
52.386517,-1.44423,140.11,27.41,3,226.01,19 / 20,3246110,2019-09-06 20:14:11:853,0.614,1.0827,10.095,0.0022,0.0117,9.8066,-0.0392,0.0321,-0.0189,8.81,-32.87,22.88,13.96,-82.63,170.11
52.386517,-1.44423,140.11,27.41,3,226.01,19 / 20,3246209,2019-09-06 20:14:11:952,0.8055,0.6934,10.6833,-0.0142,-0.0059,9.8066,0.0991,0.0229,0.0628,8.56,-33,22.31,15.7,-82.54,170.52
52.386517,-1.44423,140.11,27.41,3,226.01,19 / 20,3246310,2019-09-06 20:14:12:053,0.4944,0.525,10.229,-0.0106,-0.0281,9.8066,0.1391,0.0313,0.0477,7.81,-32.87,23.63,12.29,-82.11,171.56
52.386517,-1.44423,140.11,27.41,3,226.01,19 / 20,3246410,2019-09-06 20:14:12:153,-0.1629,0.5287,9.7366,-0.0172,-0.0042,9.8066,-0.1475,0.0195,-0.096,7.69,-33.37,23.5,13.17,-82.07,172.26
52.386517,-1.44423,140.11,27.41,3,226.01,19 / 20,3246510,2019-09-06 20:14:12:253,-0.5422,0.1383,8.3606,0.0218,0.0205,9.8066,-0.0478,-0.0163,0.055,7.69,-33.06,21.31,17.06,-82.27,172.74
52.386517,-1.44423,140.11,27.41,3,226.01,19 / 20,3246609,2019-09-06 20:14:12:352,-0.4001,1.1943,11.1658,-0.0149,-0.0213,9.8066,-0.1959,0.146,-0.1027,7.94,-47.5,12.5,37.86,-82.56,171.81
52.386517,-1.44423,140.11,27.41,3,226.01,19 / 20,3246710,2019-09-06 20:14:12:453,2.3335,0.3465,8.5099,-0.0556,-0.1205,9.8057,-0.4594,0.0365,0.0213,7.19,-61.5,18.31,18.58,-82.21,169.32
52.386517,-1.44423,140.11,27.41,3,226.01,19 / 20,3246809,2019-09-06 20:14:12:552,0.4212,2.1128,10.1488,-0.0549,-0.1379,9.8055,0.0543,0.0152,-0.0342,6,-66.5,24.56,5.32,-82.1,169.9
52.386517,-1.44423,140.11,27.41,3,226.01,19 / 20,3246910,2019-09-06 20:14:12:653,-0.3723,1.9238,10.4772,-0.0008,0.0128,9.8066,-0.0872,0.0082,-0.0102,6.44,-63.56,23.75,6.84,-82.41,170.41
52.386517,-1.44423,140.11,27.41,3,226.01,19 / 20,3247009,2019-09-06 20:14:12:752,1.322,0.9271,9.6,-0.0009,-0.0211,9.8066,0.041,-0.0533,0.009,7.31,-66.5,23.13,11.2,-82.31,170.08
52.386517,-1.44423,140.11,27.41,3,226.01,19 / 20,3247110,2019-09-06 20:14:12:853,-0.2107,0.229,9.4845,0.0123,0.0337,9.8065,0.0648,-0.0147,0.0478,6.94,-63.06,25.06,7.96,-82.4,169.7
52.386517,-1.44423,140.11,27.41,3,226.01,19 / 20,3247210,2019-09-06 20:14:12:953,-0.0386,1.2451,8.8732,0.0003,0.0197,9.8066,-0.0193,-0.0025,-0.0138,6.44,-65.5,20.25,10.89,-82.67,169.8
52.386517,-1.44423,140.11,27.41,3,226.01,19 / 20,3247310,2019-09-06 20:14:13:053,1.4933,1.6436,10.1459,0.0107,0.0047,9.8066,0.0345,-0.0934,0.0336,5.69,-66.75,24.63,6.1,-82.75,170.56
52.386517,-1.44423,140.11,27.41,3,226.01,21 / 22,3247410,2019-09-06 20:14:13:153,0.5856,1.5953,9.4224,-0.0033,-0.0011,9.8066,-0.076,0.0942,-0.0153,3.06,-63.44,23.5,356.42,-82.82,170.48
52.386517,-1.44423,140.11,27.41,3,226.01,21 / 22,3247509,2019-09-06 20:14:13:252,0.559,1.6453,10.6179,-0.0042,0.0446,9.8065,0.2473,-0.0594,0.0278,2.31,-65.19,20.06,353.36,-82.88,170.36
52.386517,-1.44423,140.11,27.41,3,226.01,21 / 22,3247609,2019-09-06 20:14:13:352,-0.3996,0.4781,11.9306,0.0163,0.0461,9.8064,-0.4001,0.0537,-0.0474,6.5,-69.19,27.13,7.92,-83.05,170.97
52.386517,-1.44423,140.11,27.41,3,226.01,21 / 22,3247710,2019-09-06 20:14:13:453,2.1621,0.1561,7.7419,-0.006,-0.0481,9.8065,-0.1893,0.1278,0.148,10.81,-51.56,38.44,5.15,-82.86,168.12
52.386517,-1.44423,140.11,27.41,3,226.01,21 / 22,3247809,2019-09-06 20:14:13:552,-0.6903,4.6865,8.9388,-0.0455,-0.0672,9.8062,-0.021,0.0021,-0.2824,11.13,-36.12,31.75,9.34,-82.95,169.09
52.386517,-1.44423,140.11,27.41,3,226.01,21 / 22,3247909,2019-09-06 20:14:13:652,0.1467,1.2156,8.186,0.0374,0.0127,9.8065,-0.1476,-0.0684,0.0617,10.94,-34.31,26.94,12.75,-83.27,168.77
52.386517,-1.44423,140.11,27.41,3,226.01,21 / 22,3248010,2019-09-06 20:14:13:753,0.6782,1.7592,10.6414,-0.0072,0.0267,9.8066,0.1987,-0.0457,0.0272,11.06,-34,26,14.21,-83.22,169.19
52.386517,-1.44423,140.11,27.41,3,226.01,21 / 22,3248109,2019-09-06 20:14:13:852,-0.405,2.7578,10.2271,0.0139,0.045,9.8065,0.1698,-0.1715,0.064,10.94,-33.31,25.31,17.17,-83.01,170.81
52.386517,-1.44423,140.11,27.41,3,226.01,21 / 22,3248209,2019-09-06 20:14:13:952,1.0947,1.423,9.998,0.0021,0.0139,9.8066,0.018,-0.042,0.0056,10.31,-34,25.19,16.2,-83.11,171.86
52.386517,-1.44423,140.11,27.41,3,226.01,21 / 22,3248310,2019-09-06 20:14:14:053,1.1086,2.5796,10.0947,0.0109,0.0226,9.8066,0.1274,0.0367,-0.0365,10.56,-33.56,24.5,17.13,-83.2,170.78
52.386517,-1.44423,140.11,27.41,3,226.01,19 / 21,3248409,2019-09-06 20:14:14:152,1.2197,3.3005,9.7358,0.0252,0.038,9.8065,-0.099,0.056,-0.0155,11.06,-33.75,24.31,17.54,-83.31,170.21
52.386517,-1.44423,140.11,27.41,3,226.01,19 / 21,3248509,2019-09-06 20:14:14:252,0.9123,1.3977,9.5608,-0.0034,-0.0018,9.8066,-0.0227,0.0378,-0.0026,10.88,-34.25,24.06,17.95,-83.26,170.54
52.386517,-1.44423,140.11,27.41,3,226.01,19 / 21,3248610,2019-09-06 20:14:14:353,1.5679,1.7259,9.5451,0.0004,-0.001,9.8066,-0.036,-0.0512,0.0681,10.06,-34.06,23.63,15.26,-83.3,170.24
52.386517,-1.44423,140.11,27.41,3,226.01,19 / 21,3248709,2019-09-06 20:14:14:452,0.9346,2.9929,9.4063,-0.0214,-0.019,9.8065,-0.0845,0.0048,-0.0693,9.44,-34.12,23.06,13.92,-83.41,170.28
52.386517,-1.44423,140.11,27.41,3,226.01,19 / 21,3248810,2019-09-06 20:14:14:553,1.8238,3.2297,9.2136,0.0091,-0.0106,9.8066,-0.0272,-0.0332,0.0501,9.75,-34.19,23.25,16.75,-83.41,170.57
52.386517,-1.44423,140.11,27.41,3,226.01,19 / 21,3248910,2019-09-06 20:14:14:653,0.778,1.8392,9.8242,0.0132,0.0189,9.8065,0.0179,0.0287,-0.0555,10.25,-33.87,23.69,15.08,-83.46,170.14
52.386517,-1.44423,140.11,27.41,3,226.01,19 / 21,3249009,2019-09-06 20:14:14:752,-0.1776,0.2137,10.1404,0.0095,0.0133,9.8066,0.0407,-0.0666,0.0006,10.19,-33.69,23.5,14.29,-83.37,169.44
52.386517,-1.44423,140.11,27.41,3,226.01,19 / 21,3249109,2019-09-06 20:14:14:852,0.3053,0.5815,9.8569,-0.0066,-0.0243,9.8066,-0.0113,-0.0288,-0.0172,10.5,-33.94,23.44,16.83,-83.2,168.54
52.386517,-1.44423,140.11,27.41,3,226.01,19 / 21,3249210,2019-09-06 20:14:14:953,-0.1743,1.0277,9.9652,0.0038,0.0023,9.8066,-0.13,0.0364,0.0202,9.88,-34,22.69,13.95,-83.32,168.19
52.386517,-1.44423,140.11,27.41,3,226.01,19 / 21,3249309,2019-09-06 20:14:15:052,0.0185,3.0167,9.6032,-0.013,0.0099,9.8066,-0.0723,0.0974,-0.0585,9.69,-34.19,23.06,13.42,-83.42,167.77
52.386517,-1.44423,140.11,27.41,3,226.01,19 / 21,3249410,2019-09-06 20:14:15:153,1.5813,1.5809,9.8238,0.0076,0.0326,9.8065,-0.011,0.0246,0.0126,9.88,-34.37,23.69,13.38,-83.56,168.73
52.386517,-1.44423,140.11,27.41,3,226.01,19 / 21,3249509,2019-09-06 20:14:15:252,-0.2769,1.4314,9.8752,0.0012,0.0239,9.8065,0.0766,-0.0224,-0.0055,9.44,-34.37,22.56,12.37,-83.68,169.07
52.386517,-1.44423,140.11,27.41,3,226.01,19 / 21,3249610,2019-09-06 20:14:15:353,-0.7319,1.2974,9.8301,-0.0019,-0.0083,9.8066,-0.0202,-0.0489,-0.0411,10.06,-34.31,23.31,16.19,-83.77,170.25
52.386517,-1.44423,140.11,27.41,3,226.01,19 / 21,3249709,2019-09-06 20:14:15:452,1.2238,0.2458,9.6629,-0.0035,-0.0231,9.8066,-0.0345,0.0319,-0.1112,10.63,-34.19,23.13,17.37,-83.77,169.23
52.386517,-1.44423,140.11,27.41,3,226.01,19 / 21,3249810,2019-09-06 20:14:15:553,0.4186,0.9196,10.134,0.012,0.0075,9.8066,0.0403,-0.0269,0.0142,10.31,-33.56,23.31,13.31,-83.84,167.82
52.386517,-1.44423,140.11,27.41,3,226.01,19 / 21,3249910,2019-09-06 20:14:15:653,0.7754,-0.0369,10.3941,-0.013,-0.0163,9.8066,-0.1278,0.0085,0.0269,10.06,-34.06,22.38,14.76,-83.96,168.07
52.386517,-1.44423,140.11,27.41,3,226.01,19 / 21,3250010,2019-09-06 20:14:15:753,0.0378,1.1836,10.0522,-0.0118,-0.0039,9.8066,-0.0134,-0.0115,0.0362,9.56,-34.44,22.38,15.84,-84.01,169.02
52.386517,-1.44423,140.11,27.41,3,226.01,19 / 21,3250109,2019-09-06 20:14:15:852,0.1812,1.0641,10.3871,-0.0024,-0.0089,9.8066,0.0963,0.0107,-0.0063,9.25,-34.06,22.81,12.81,-83.99,169.54
52.386517,-1.44423,140.11,27.41,3,226.01,19 / 21,3250210,2019-09-06 20:14:15:953,0.7359,1.0786,10.139,0.0038,-0.0004,9.8066,0.0886,0.0253,-0.0506,9.69,-34.25,22.56,15.42,-83.92,169.65
52.386517,-1.44423,140.11,27.41,3,226.01,19 / 21,3250310,2019-09-06 20:14:16:053,-0.3392,0.1182,10.015,0,-0.0099,9.8066,-0.0183,-0.0178,-0.0359,9.81,-33.62,23.19,14.97,-83.84,169.23
52.386517,-1.44423,140.11,27.41,3,226.01,20 / 21,3250410,2019-09-06 20:14:16:153,-0.2888,1.0575,9.3236,0.0155,-0.0275,9.8066,0.0021,-0.0831,0.0131,10.44,-34.06,23.13,11.84,-83.91,166.58
52.386517,-1.44423,140.11,27.41,3,226.01,20 / 21,3250509,2019-09-06 20:14:16:252,-0.0525,-0.8333,10.853,0.004,-0.0042,9.8066,-0.0804,0.0026,-0.0181,10.06,-33.94,23.06,9.88,-84.19,164.98
52.386517,-1.44423,140.11,27.41,3,226.01,20 / 21,3250610,2019-09-06 20:14:16:353,-0.1382,-0.3988,10.8218,-0.0277,-0.0492,9.8065,0.0608,0.0545,0.0323,9.88,-34.25,23.06,7.93,-84.25,163.32
52.386517,-1.44423,140.11,27.41,3,226.01,20 / 21,3250709,2019-09-06 20:14:16:452,0.5916,-0.7288,10.2147,-0.0092,-0.0011,9.8066,-0.0267,0.0027,-0.016,10.81,-34.31,22.63,12.26,-83.97,164.93
52.386517,-1.44423,140.11,27.41,3,226.01,20 / 21,3250809,2019-09-06 20:14:16:552,-1.0526,-0.6004,9.4889,-0.0091,-0.0114,9.8066,-0.0663,-0.0451,0.0125,10.19,-34,23.38,12.47,-83.89,167.12
52.386517,-1.44423,140.11,27.41,3,226.01,20 / 21,3250910,2019-09-06 20:14:16:653,0.003,-0.6047,9.2985,-0.008,0.0023,9.8066,-0.0818,0.0248,-0.0056,9.63,-33.75,23.13,12.63,-84.09,167.32
52.386517,-1.44423,140.11,27.41,3,226.01,20 / 21,3251010,2019-09-06 20:14:16:753,0.0305,0.653,9.8048,0.0098,0.0265,9.8065,-0.0192,-0.0036,-0.0073,10.13,-34.25,23.06,11.17,-84.22,166.1
52.386517,-1.44423,140.11,27.41,3,226.01,20 / 21,3251109,2019-09-06 20:14:16:852,0.5244,-0.1774,10.0232,0.0237,0.0275,9.8065,-0.0128,-0.0221,0.0364,10.69,-34.12,22.75,12.8,-84.4,165.53
52.386517,-1.44423,140.11,27.41,3,226.01,20 / 21,3251210,2019-09-06 20:14:16:953,0.0626,0.0787,10.5227,0.0005,-0.006,9.8066,0.0701,0.0084,-0.0086,10.19,-33.94,22.31,11.82,-84.27,165.67
52.386517,-1.44423,140.11,27.41,3,226.01,20 / 21,3251310,2019-09-06 20:14:17:053,0.61,0.5781,9.687,0.0027,0.0002,9.8066,-0.0172,-0.0005,-0.0047,10.38,-33.81,23.38,10.61,-84.22,165.62
52.386517,-1.44423,140.11,27.41,3,226.01,19 / 20,3251410,2019-09-06 20:14:17:153,0.0901,-0.5096,9.7088,0.0026,0.0168,9.8066,-0.015,-0.0141,0.0049,10.06,-34,23.06,11.44,-84.37,166.37
52.386517,-1.44423,140.11,27.41,3,226.01,19 / 20,3251509,2019-09-06 20:14:17:252,0.1959,0.1303,9.9171,0.0047,-0.0027,9.8066,-0.0031,-0.0102,-0.0041,10.13,-34.25,23.06,12.34,-84.4,167.17
52.386517,-1.44423,140.11,27.41,3,226.01,19 / 20,3251609,2019-09-06 20:14:17:352,0.809,-0.7529,10.8156,-0.0139,-0.0433,9.8064,-0.0293,0.0048,0.0105,9.75,-33.75,23.19,11.44,-84.48,166.4
52.386517,-1.44423,140.11,27.41,3,226.01,19 / 20,3251709,2019-09-06 20:14:17:452,0.4233,0.1893,9.7197,-0.0057,-0.0703,9.8064,0.1584,-0.0086,-0.0024,10.5,-33.87,23,13.57,-84.07,166.08
52.386517,-1.44423,140.11,27.41,3,226.01,19 / 20,3251810,2019-09-06 20:14:17:553,1.7303,-1.3892,9.3717,0.029,0.0111,9.8066,0.0185,0.008,-0.0687,10.5,-34,23.06,8.54,-84.15,161.78
52.386517,-1.44423,140.11,27.41,3,226.01,19 / 20,3251910,2019-09-06 20:14:17:653,-0.0259,-0.2777,9.5101,0.0152,0,9.8065,-0.0091,-0.1017,0.0488,10.25,-34.25,23.13,4.82,-84.21,160.64
52.386517,-1.44423,140.11,27.41,3,226.01,19 / 20,3252010,2019-09-06 20:14:17:753,0.2364,-1.0102,10.4906,0.0027,0.0124,9.8066,0.0289,0.0448,-0.0653,10.69,-34.12,22.81,7.67,-84.38,161.08
52.386517,-1.44423,140.11,27.41,3,226.01,19 / 20,3252110,2019-09-06 20:14:17:853,1.0837,-0.377,9.6337,0.0071,-0.0179,9.8065,-0.0317,-0.0707,0.1074,10.56,-34.19,22.56,7.05,-84.32,160.53
52.386517,-1.44423,140.11,27.41,3,226.01,19 / 20,3252210,2019-09-06 20:14:17:953,0.2843,0.1458,9.6867,0.0042,0.006,9.8066,-0.0084,0.0692,-0.1423,10.31,-33.62,22.88,5.41,-84.39,161.17
52.386517,-1.44423,140.11,27.41,3,226.01,19 / 20,3252311,2019-09-06 20:14:18:054,-1.793,-0.3117,10.3468,0.0158,0.0482,9.8065,-0.1483,-0.0353,0.0823,10.81,-34.12,22.5,5.95,-84.72,159.63
52.386517,-1.44423,140.11,27.41,3,226.01,20 / 21,3252410,2019-09-06 20:14:18:153,0.3956,-1.584,11.1119,-0.0401,-0.0224,9.8065,0.0923,-0.0095,-0.0168,10.56,-34.19,22.5,6.53,-84.57,160.12
52.386517,-1.44423,140.11,27.41,3,226.01,20 / 21,3252509,2019-09-06 20:14:18:252,-0.032,-0.025,11.2698,0.0006,-0.0087,9.8066,-0.0086,-0.0008,0.0545,9.81,-34.06,22.69,5.66,-84.57,161.41
52.386517,-1.44423,140.11,27.41,3,226.01,20 / 21,3252610,2019-09-06 20:14:18:353,-0.0448,-0.4086,9.553,-0.0363,-0.0529,9.8063,-0.1609,0.0662,0.0064,10.44,-34.19,22.94,6.16,-84.66,161.86
52.386517,-1.44423,140.11,27.41,3,226.01,20 / 21,3252709,2019-09-06 20:14:18:452,-0.3553,-1.0048,8.7904,-0.0196,-0.0509,9.8064,0.0166,0.0194,-0.0051,10.5,-33.87,22.63,11.14,-84.4,164.09
52.386517,-1.44423,140.11,27.41,3,226.01,20 / 21,3252809,2019-09-06 20:14:18:552,0.2521,-0.5782,8.9304,0.0181,0.0388,9.8065,-0.0561,-0.0591,-0.001,10.31,-34.06,22.56,6.86,-84.87,162.5
52.386517,-1.44423,140.11,27.41,3,226.01,20 / 21,3252910,2019-09-06 20:14:18:653,-1.5238,-0.6068,10.9067,0.0134,0.0118,9.8066,0.2359,-0.067,0.0373,10.06,-34.19,22.63,6.38,-84.9,162.09
52.386517,-1.44423,140.11,27.41,3,226.01,20 / 21,3253009,2019-09-06 20:14:18:752,0.7866,1.0393,9.9891,-0.0095,0.0052,9.8066,0.0817,-0.0314,-0.0707,10.31,-33.94,22.38,8.33,-84.81,162.79
52.386517,-1.44423,140.11,27.41,3,226.01,20 / 21,3253110,2019-09-06 20:14:18:853,-1.0127,0.0646,10.4839,0.0316,0.0114,9.8065,-0.0483,-0.04,0.0113,10.63,-33.87,22.88,8.16,-84.8,161.58
52.386517,-1.44423,140.11,27.41,3,226.01,20 / 21,3253210,2019-09-06 20:14:18:953,0.607,-0.8244,9.9845,-0.0059,-0.0216,9.8065,-0.033,0.018,0.0006,10.63,-33.94,22.88,9.49,-84.84,162.76
52.386517,-1.44423,140.11,27.41,3,226.01,20 / 21,3253309,2019-09-06 20:14:19:052,-0.9934,-2.8968,10.0652,-0.0279,-0.0164,9.8065,-0.1513,0.1125,-0.0456,10.25,-34,22.88,7.75,-84.67,163.24
52.386517,-1.44423,140.11,27.41,3,226.01,20 / 21,3253410,2019-09-06 20:14:19:153,0.9736,-0.7195,9.7504,-0.0146,0.0018,9.8066,-0.0454,0.0417,-0.0893,10.44,-33.5,23.06,8.33,-84.74,163.8
52.386517,-1.44423,140.11,27.41,3,226.01,20 / 21,3253509,2019-09-06 20:14:19:252,0.1988,-0.4013,10.3171,0.0003,-0.0299,9.8066,0.1303,-0.021,0.0967,10.69,-34.87,22.81,9.9,-84.73,163.05
52.386517,-1.44423,140.11,27.41,3,226.01,20 / 21,3253610,2019-09-06 20:14:19:353,-1.27,-0.1522,10.7635,0.0032,0.0343,9.8066,0.142,-0.0302,-0.0128,10,-34,23.06,7.73,-84.93,163.28
52.386517,-1.44423,140.11,27.41,3,226.01,20 / 21,3253709,2019-09-06 20:14:19:452,-0.4582,-1.1292,10.1429,0.0387,0.0531,9.8064,-0.0828,-0.0955,0.0332,10.63,-33.5,23.19,9.59,-84.9,162.89
52.386517,-1.44423,140.11,27.41,3,226.01,20 / 21,3253809,2019-09-06 20:14:19:552,-0.6487,0.4931,10.695,-0.0139,-0.036,9.8065,-0.0768,-0.0101,-0.0946,10.44,-33.69,22.63,6.62,-84.87,162.29
52.386517,-1.44423,140.11,27.41,3,226.01,20 / 21,3253909,2019-09-06 20:14:19:652,1.157,-0.507,9.8342,0.0109,-0.0163,9.8066,0.0319,-0.0331,-0.0227,10.63,-33.62,22.75,7.36,-84.68,160.86
52.386517,-1.44423,140.11,27.41,3,226.01,20 / 21,3254010,2019-09-06 20:14:19:753,-0.7525,-1.0877,9.6781,0.0153,0.029,9.8066,0.0315,0.017,-0.071,11,-33.87,22.44,7.4,-84.95,159.91
52.386517,-1.44423,140.11,27.41,3,226.01,20 / 21,3254110,2019-09-06 20:14:19:853,-1.6101,0.6427,10.1548,0.0192,0.0106,9.8066,0.0364,0.0352,-0.0635,10.75,-33.94,22.44,5.54,-84.88,158.27
52.386517,-1.44423,140.11,27.41,3,226.01,20 / 21,3254209,2019-09-06 20:14:19:952,-0.4405,-0.257,10.2157,0.0115,-0.0034,9.8066,0.1116,-0.049,-0.0379,10.69,-33.94,22.44,4.25,-84.87,157.14
52.386517,-1.44423,140.11,27.41,3,226.01,20 / 21,3254309,2019-09-06 20:14:20:052,-0.3808,-0.5756,10.6107,0.0125,0.0094,9.8066,-0.0349,-0.019,0.0329,10.63,-33.87,23.06,1.6,-84.79,155.84
52.385216,-1.446482,141.82,21.74,3,227.4,20 / 21,3254409,2019-09-06 20:14:20:152,-1.6229,-1.0739,10.3745,-0.0098,-0.0194,9.8065,0.1166,-0.0696,0.0434,11.13,-33.81,22.5,1.75,-84.75,155.97
52.385216,-1.446482,141.82,21.74,3,227.4,20 / 21,3254510,2019-09-06 20:14:20:253,-1.3336,0.4656,10.3133,0.0147,0.0499,9.8064,0.0796,0.0646,-0.063,11.19,-34.06,22.56,3.51,-84.52,157.48
52.385216,-1.446482,141.82,21.74,3,227.4,20 / 21,3254610,2019-09-06 20:14:20:353,0.1243,0.9098,10.2271,0.0092,0.0282,9.8066,-0.0935,0.0178,0.0163,11,-34.12,21.81,3.36,-84.82,156.37
52.385216,-1.446482,141.82,21.74,3,227.4,20 / 21,3254710,2019-09-06 20:14:20:453,-0.7937,0.398,10.5319,0.0188,0.0346,9.8066,0.2095,0.0049,-0.0405,11.38,-33.56,22.75,0.98,-84.91,155.3
52.385216,-1.446482,141.82,21.74,3,227.4,20 / 21,3254810,2019-09-06 20:14:20:553,-1.1051,0.4399,9.4555,0.0178,0.0082,9.8066,0.2392,-0.058,0.0276,11.63,-33.87,22.69,4.13,-84.88,156.08
52.385216,-1.446482,141.82,21.74,3,227.4,20 / 21,3254911,2019-09-06 20:14:20:654,-2.1266,-0.6413,10.4287,0.0057,-0.0151,9.8066,0.0602,-0.0222,-0.0087,11.13,-33.87,22.75,0.38,-84.89,154.77
52.385216,-1.446482,141.82,21.74,3,227.4,20 / 21,3255009,2019-09-06 20:14:20:752,0.1886,0.9242,10.8254,-0.0056,-0.0065,9.8066,0.029,-0.0191,-0.0309,11.75,-33.62,22.81,1.28,-84.78,153.57
52.385216,-1.446482,141.82,21.74,3,227.4,20 / 21,3255110,2019-09-06 20:14:20:853,0.3698,-0.4266,10.0965,-0.0012,-0.0031,9.8066,0.1044,0.0168,0.0254,11.19,-34.19,22.38,0.1,-84.7,153.52
52.385216,-1.446482,141.82,21.74,3,227.4,20 / 21,3255209,2019-09-06 20:14:20:952,1.0675,-0.1801,9.2034,-0.0256,-0.0119,9.8065,-0.1529,0.08,-0.0409,10.75,-33.56,21.81,3.25,-84.66,156.25
52.385216,-1.446482,141.82,21.74,3,227.4,20 / 21,3255309,2019-09-06 20:14:21:052,-0.151,-0.5567,8.9346,-0.0116,-0.0212,9.8066,-0.0305,0.0523,-0.0146,10.56,-34.12,22.19,3.41,-84.78,156.4
52.385216,-1.446482,141.82,21.74,3,227.4,20 / 21,3255410,2019-09-06 20:14:21:153,-1.3212,-0.4801,9.5888,0.0111,-0.0046,9.8066,-0.0073,-0.0763,0.0411,10.69,-34.19,22,3.75,-85.05,156.72
52.385216,-1.446482,141.82,21.74,3,227.4,20 / 21,3255510,2019-09-06 20:14:21:253,-0.2146,0.7988,10.5411,0.0067,-0.0148,9.8066,0.1006,-0.0523,0.0659,11,-33.94,22.06,2.68,-84.95,155.78
52.385216,-1.446482,141.82,21.74,3,227.4,20 / 21,3255609,2019-09-06 20:14:21:352,0.6853,-1.7537,10.535,-0.028,-0.008,9.8065,0.0008,0.0973,-0.1352,11.63,-33.69,22.19,6.99,-84.73,157.48
52.385216,-1.446482,141.82,21.74,3,227.4,20 / 21,3255710,2019-09-06 20:14:21:453,-1.9077,-0.2413,9.5127,0.02,0.011,9.8066,-0.0867,-0.027,0.0089,10.94,-34,22.38,3.26,-84.76,156.27
52.385216,-1.446482,141.82,21.74,3,227.4,20 / 21,3255810,2019-09-06 20:14:21:553,1.0163,-0.6637,9.5553,-0.0018,-0.0178,9.8066,-0.1146,0.0757,-0.0272,11.5,-34.31,22.06,6.65,-84.8,157.19
52.385216,-1.446482,141.82,21.74,3,227.4,20 / 21,3255910,2019-09-06 20:14:21:653,-0.5453,0.0991,9.1795,-0.0124,-0.0292,9.8066,0.0548,0.0236,-0.1693,11.44,-34.25,22.19,2.09,-84.87,155.25
52.385216,-1.446482,141.82,21.74,3,227.4,20 / 21,3256010,2019-09-06 20:14:21:753,-1.3983,1.9729,10.5255,0.0381,0.0204,9.8065,0.2303,-0.068,0.166,11,-34.06,22.31,3.46,-84.84,156.45
52.385216,-1.446482,141.82,21.74,3,227.4,20 / 21,3256110,2019-09-06 20:14:21:853,-1.462,-0.1534,9.3816,-0.0112,0.0355,9.8065,-0.215,0.0534,-0.1661,11.44,-34.44,22.38,2.52,-84.95,155.64
52.385216,-1.446482,141.82,21.74,3,227.4,20 / 21,3256210,2019-09-06 20:14:21:953,-2.6423,-1.866,9.8716,-0.0079,-0.0408,9.8066,0.0196,0.0264,0.1658,10.81,-34,22.13,4.3,-84.77,157.17
52.385216,-1.446482,141.82,21.74,3,227.4,20 / 21,3256310,2019-09-06 20:14:22:053,-1.6833,0.6563,10.3889,-0.0256,-0.0186,9.8065,-0.0911,-0.042,-0.1444,10.44,-33.25,22.56,1.67,-84.85,157.97
52.385216,-1.446482,141.82,21.74,3,227.4,21 / 22,3256409,2019-09-06 20:14:22:152,-0.7906,-2.4036,9.4817,0.0127,-0.0005,9.8066,0.0458,-0.0123,-0.0067,11.69,-34.12,22.06,8.48,-84.89,158.81
52.385216,-1.446482,141.82,21.74,3,227.4,21 / 22,3256510,2019-09-06 20:14:22:253,-1.0585,-1.4961,8.9805,-0.0009,0.0046,9.8066,-0.0829,-0.021,-0.0489,10.94,-34.25,22.06,5.21,-84.95,157.99
52.385216,-1.446482,141.82,21.74,3,227.4,21 / 22,3256610,2019-09-06 20:14:22:353,-2.1367,0.1428,9.9213,0.0136,0.0148,9.8066,0.1875,-0.023,0.0635,11.5,-34.5,22.06,8.47,-84.97,158.82
52.385216,-1.446482,141.82,21.74,3,227.4,21 / 22,3256710,2019-09-06 20:14:22:453,-1.8295,0.5752,9.227,-0.0364,-0.0363,9.8065,-0.0519,0.1461,-0.1095,11.25,-34.12,21.75,7.06,-84.89,159.6
52.385216,-1.446482,141.82,21.74,3,227.4,21 / 22,3256809,2019-09-06 20:14:22:552,-0.9254,-1.3042,9.0882,-0.0008,-0.0087,9.8066,-0.0764,-0.025,0.0682,11.25,-33.94,21.94,4.52,-84.85,157.38
52.385216,-1.446482,141.82,21.74,3,227.4,21 / 22,3256911,2019-09-06 20:14:22:654,-0.9437,0.1396,10.7107,-0.0024,-0.0168,9.8066,-0.0288,0.0455,-0.0772,10.75,-34.12,21.94,4.04,-84.91,156.96
52.385216,-1.446482,141.82,21.74,3,227.4,21 / 22,3257010,2019-09-06 20:14:22:753,-1.9225,-0.5579,9.4879,-0.0016,-0.0318,9.8066,0.1239,-0.076,0.0401,11.75,-33.69,21.5,4.35,-84.76,155.18
52.385216,-1.446482,141.82,21.74,3,227.4,21 / 22,3257110,2019-09-06 20:14:22:853,0.6787,-0.8704,10.2758,-0.0226,-0.0359,9.8065,0.0636,-0.0976,0.1943,11.5,-33.94,21.75,4.88,-84.68,155.64
52.385216,-1.446482,141.82,21.74,3,227.4,21 / 22,3257210,2019-09-06 20:14:22:953,1.7728,-2.5114,8.4928,-0.0442,0.0149,9.8065,-0.2346,0.1066,-0.2922,11.75,-33.94,21.88,3.49,-84.79,154.43
52.385216,-1.446482,141.82,21.74,3,227.4,21 / 22,3257310,2019-09-06 20:14:23:053,-0.0921,0.7258,9.8403,0.0345,-0.034,9.8065,0.0496,-0.149,0.2452,11.63,-33.94,21.81,3.99,-84.86,154.88
52.385216,-1.446482,141.82,21.74,3,227.4,21 / 22,3257410,2019-09-06 20:14:23:153,0.2122,-0.778,10.446,-0.0282,-0.0326,9.8065,-0.0794,0.0313,-0.1258,11.44,-34,21.69,2.79,-84.69,155.85
52.385216,-1.446482,141.82,21.74,3,227.4,21 / 22,3257509,2019-09-06 20:14:23:252,0.0574,-0.5452,10.2993,0.0036,0.0268,9.8065,0.0572,-0.0377,0.0619,11.44,-34.06,21.75,2.29,-84.59,155.41
52.385216,-1.446482,141.82,21.74,3,227.4,21 / 22,3257610,2019-09-06 20:14:23:353,-0.8476,-0.6868,10.1368,-0.0041,0.0111,9.8066,-0.0064,-0.0596,0.0172,11.44,-34.06,21.81,3.65,-84.68,156.6
52.385216,-1.446482,141.82,21.74,3,227.4,21 / 22,3257709,2019-09-06 20:14:23:452,-0.0625,-0.061,10.1963,0.0081,0.0031,9.8066,0.0644,-0.0691,-0.0285,11.5,-34.19,21.31,7.29,-84.82,156.59
52.385216,-1.446482,141.82,21.74,3,227.4,21 / 22,3257809,2019-09-06 20:14:23:552,-0.5062,-0.006,9.0947,-0.0055,-0.007,9.8066,-0.043,-0.0847,0.0475,11.38,-34.06,21.63,3.85,-84.75,156.78
52.385216,-1.446482,141.82,21.74,3,227.4,21 / 22,3257909,2019-09-06 20:14:23:652,-0.679,-2.7986,9.6701,-0.0226,-0.0257,9.8066,-0.1518,0.0567,0.045,12,-33.75,21.69,8.01,-84.71,158.37
52.385216,-1.446482,141.82,21.74,3,227.4,21 / 22,3258010,2019-09-06 20:14:23:753,-1.1266,0.7862,8.8954,0.0207,0.0096,9.8065,-0.0539,-0.0497,0.0634,12.13,-34.12,21.44,6.06,-84.74,155.51
52.385216,-1.446482,141.82,21.74,3,227.4,21 / 22,3258110,2019-09-06 20:14:23:853,-0.0533,1.1217,10.1096,0.0144,0.0102,9.8066,0.1145,0.0891,0.002,11.5,-34.19,21.06,7,-84.74,156.32
52.385216,-1.446482,141.82,21.74,3,227.4,21 / 22,3258210,2019-09-06 20:14:23:953,0.6937,0.3622,9.7106,-0.0018,0.0092,9.8066,-0.0374,-0.0336,0.1014,11.69,-34.62,21.75,4.76,-84.7,155.51
52.385216,-1.446482,141.82,21.74,3,227.4,21 / 22,3258310,2019-09-06 20:14:24:053,-0.3667,-0.7457,10.1072,-0.0279,0.0006,9.8066,0.0399,-0.0648,-0.0177,11,-34.5,21.56,6.04,-84.73,158.69
52.385216,-1.446482,141.82,21.74,3,227.4,20 / 21,3258410,2019-09-06 20:14:24:153,-0.7075,-1.1835,9.7241,0.009,0.0214,9.8065,0.1694,-0.0514,-0.0057,11.75,-33.75,21.63,9.61,-84.83,159.79
52.385216,-1.446482,141.82,21.74,3,227.4,20 / 21,3258510,2019-09-06 20:14:24:253,-0.2074,-0.0071,9.6757,0.002,-0.0157,9.8066,-0.044,-0.0348,0.0699,12.06,-34.06,21.38,10.69,-84.73,159.53
52.385216,-1.446482,141.82,21.74,3,227.4,20 / 21,3258609,2019-09-06 20:14:24:352,0.1978,-0.0118,9.9475,0.0019,0.0106,9.8066,0.0197,-0.0055,-0.0249,11.25,-33.69,20.75,8.21,-84.66,159.43
52.385216,-1.446482,141.82,21.74,3,227.4,20 / 21,3258710,2019-09-06 20:14:24:453,-0.0859,0.9096,10.0415,-0.0056,-0.0046,9.8066,0.1145,-0.0144,0.0102,11.88,-33.69,21.06,11.34,-84.69,160.08
52.385216,-1.446482,141.82,21.74,3,227.4,20 / 21,3258809,2019-09-06 20:14:24:552,2.4052,-0.5716,9.275,0.0173,0.0188,9.8065,0.0603,0.0077,-0.0064,11.13,-33.44,20.81,9.42,-84.61,160.51
52.385216,-1.446482,141.82,21.74,3,227.4,20 / 21,3258910,2019-09-06 20:14:24:653,0.7286,-0.5815,9.7259,0.035,0.0061,9.8065,0.0265,-0.1611,0.094,11.44,-33.94,21.25,7.71,-84.7,159.01
52.385216,-1.446482,141.82,21.74,3,227.4,20 / 21,3259010,2019-09-06 20:14:24:753,0.5228,0.4285,9.862,-0.0009,-0.0015,9.8066,-0.0544,0.0502,-0.1125,12,-33.81,21.19,10.44,-84.59,159.27
52.385216,-1.446482,141.82,21.74,3,227.4,20 / 21,3259109,2019-09-06 20:14:24:852,-0.5273,0.0978,9.4467,-0.0037,-0.0031,9.8066,0.1723,0.085,-0.0911,11.38,-34,21.13,7.45,-84.41,158.73
52.385216,-1.446482,141.82,21.74,3,227.4,20 / 21,3259210,2019-09-06 20:14:24:953,-1.9332,0.5025,10.7516,0.0181,0.0214,9.8066,0.1386,-0.1268,0.057,12.25,-33.81,21.44,10.31,-84.42,159.11
52.385216,-1.446482,141.82,21.74,3,227.4,20 / 21,3259309,2019-09-06 20:14:25:052,0.1597,-0.7588,10.47,0.0297,0.0474,9.8065,-0.0393,-0.1009,0.0879,11.69,-33.25,21.75,9.38,-84.5,159.55
52.385216,-1.446482,141.82,21.74,3,227.4,20 / 21,3259409,2019-09-06 20:14:25:152,0.5027,-1.2441,9.1345,-0.0222,-0.0136,9.8065,-0.1037,0.0873,-0.1409,12.19,-33.94,21,10.21,-84.55,159.07
52.385216,-1.446482,141.82,21.74,3,227.4,20 / 21,3259510,2019-09-06 20:14:25:253,-1.1965,1.0515,9.5667,0.0037,-0.0279,9.8065,0.0699,-0.0572,-0.0336,11.25,-34.06,20.94,6.62,-84.47,158.03
52.385216,-1.446482,141.82,21.74,3,227.4,20 / 21,3259609,2019-09-06 20:14:25:352,-0.0427,-0.439,10.5084,0.03,0.0169,9.8065,0.0728,-0.0672,0.0638,11.81,-33.94,21.06,8.43,-84.59,157.53
52.385216,-1.446482,141.82,21.74,3,227.4,20 / 21,3259709,2019-09-06 20:14:25:452,-1.1992,0.0732,10.4782,0.0111,0.0476,9.8064,0.1443,0.0437,0.0518,12.13,-33.81,20.94,8.5,-84.6,157.6
52.385216,-1.446482,141.82,21.74,3,227.4,20 / 21,3259810,2019-09-06 20:14:25:553,-0.8786,-1.6774,9.6638,-0.0167,-0.0087,9.8066,-0.106,0.037,-0.0704,11.75,-34.12,21.44,11.51,-84.51,160.17
52.385216,-1.446482,141.82,21.74,3,227.4,20 / 21,3259909,2019-09-06 20:14:25:652,-1.7632,-0.5643,9.8657,0.0049,0.0094,9.8066,-0.0047,0.0164,0.065,12.06,-33.94,21.25,10.66,-84.65,159.48
52.385216,-1.446482,141.82,21.74,3,227.4,20 / 21,3260010,2019-09-06 20:14:25:753,-1.3659,-0.1475,10.4269,-0.0127,-0.013,9.8066,-0.0018,-0.2359,0.0181,11.94,-34,21.25,10.46,-84.67,159.32
52.385216,-1.446482,141.82,21.74,3,227.4,20 / 21,3260110,2019-09-06 20:14:25:853,2.3793,0.1508,9.9336,0.0257,0.0025,9.8066,0.0335,-0.0362,0.1393,11.63,-34.31,21.19,12.24,-84.61,160.84
52.385216,-1.446482,141.82,21.74,3,227.4,20 / 21,3260210,2019-09-06 20:14:25:953,-0.3433,0.1105,9.4932,-0.0207,0.0152,9.8066,0.0772,0.0789,-0.0501,12.25,-34.5,21.5,9.92,-84.67,160.02
52.385216,-1.446482,141.82,21.74,3,227.4,20 / 21,3260310,2019-09-06 20:14:26:053,-1.0525,-0.3302,9.8381,-0.0023,0,9.8066,-0.0418,-0.0609,-0.0676,12.25,-33.44,20.88,12.62,-84.64,161.22
52.385216,-1.446482,141.82,21.74,3,227.4,20 / 21,3260409,2019-09-06 20:14:26:152,0.2767,-0.6747,9.9628,-0.0197,-0.0156,9.8066,-0.0452,-0.0252,0.072,11.44,-34.19,21.19,9.5,-84.68,160.56
52.385216,-1.446482,141.82,21.74,3,227.4,20 / 21,3260510,2019-09-06 20:14:26:253,0.95,0.2764,9.7442,-0.0213,-0.0519,9.8065,0.2961,-0.0854,0.1035,12.06,-34.06,20.63,14.31,-84.47,162.58
52.385216,-1.446482,141.82,21.74,3,227.4,20 / 21,3260609,2019-09-06 20:14:26:352,-0.5733,-1.3778,9.5768,0.0317,0.0528,9.8064,0.1702,-0.0841,-0.0549,12.44,-34.19,21.5,11.52,-84.85,161.47
52.385216,-1.446482,141.82,21.74,3,227.4,20 / 21,3260710,2019-09-06 20:14:26:453,0.1135,0.1223,10.5481,0.0174,-0.0084,9.8065,0.081,-0.0928,0.0729,12.06,-34,20.75,12.71,-84.6,161.24
52.385216,-1.446482,141.82,21.74,3,227.4,20 / 21,3260810,2019-09-06 20:14:26:553,-1.3067,-1.8134,10.4205,-0.0142,-0.0228,9.8065,0.0761,-0.0659,0.0672,11.81,-33.75,20.56,13.69,-84.4,162.02
52.385216,-1.446482,141.82,21.74,3,227.4,20 / 21,3260909,2019-09-06 20:14:26:652,-1.1844,0.4091,9.7475,-0.0206,-0.009,9.8066,-0.0639,0.0461,0.0275,11.5,-34.06,21.25,13.87,-84.43,162.19
52.385216,-1.446482,141.82,21.74,3,227.4,20 / 21,3261010,2019-09-06 20:14:26:753,2.1435,-1.827,9.9211,-0.0029,0.0127,9.8066,-0.049,-0.1617,-0.0469,11.81,-33.69,20.69,13.67,-84.55,162.06
52.385216,-1.446482,141.82,21.74,3,227.4,20 / 21,3261109,2019-09-06 20:14:26:852,0.3052,1.4767,9.5893,0.0033,-0.0263,9.8065,0.1405,-0.1995,0.2221,12.06,-33.87,20.5,15.1,-84.59,163.31
52.385216,-1.446482,141.82,21.74,3,227.4,20 / 21,3261210,2019-09-06 20:14:26:953,1.868,-0.1329,9.3578,-0.0133,0.022,9.8065,-0.0302,0.1625,-0.1115,11.94,-34.12,20.88,14.49,-84.64,162.8
52.385216,-1.446482,141.82,21.74,3,227.4,20 / 21,3261310,2019-09-06 20:14:27:053,-1.7737,0.4844,10.03,0.0005,-0.0234,9.8066,0.1867,-0.0761,-0.0364,12.31,-34.19,20.44,15.05,-84.44,161.92
52.385216,-1.446482,141.82,21.74,3,227.4,20 / 21,3261410,2019-09-06 20:14:27:153,-0.2598,1.0758,9.6749,0.0291,0.0374,9.8065,0.1785,-0.024,-0.0076,12.06,-34.19,20.31,13.67,-84.59,160.78
52.385216,-1.446482,141.82,21.74,3,227.4,20 / 21,3261509,2019-09-06 20:14:27:252,-1.401,0.5994,10.3346,-0.0109,-0.033,9.8065,-0.0735,0.0661,-0.0082,11.69,-34.37,20.38,15.16,-84.43,162.01
52.385216,-1.446482,141.82,21.74,3,227.4,20 / 21,3261610,2019-09-06 20:14:27:353,0.3703,-0.2768,9.8904,-0.0081,-0.0042,9.8066,-0.0102,-0.0695,0.0087,12,-34.12,20.31,15.41,-84.51,162.25
52.385216,-1.446482,141.82,21.74,3,227.4,20 / 21,3261710,2019-09-06 20:14:27:453,-1.2731,-0.5265,9.9888,-0.0167,-0.0222,9.8066,-0.1621,0.036,-0.0339,12.19,-34.44,20.31,13.92,-84.54,160.98
52.385216,-1.446482,141.82,21.74,3,227.4,20 / 21,3261810,2019-09-06 20:14:27:553,0.2426,-0.5854,9.7522,-0.0158,-0.0077,9.8066,-0.0699,0.0661,0.0098,12.31,-33.87,20,15.49,-84.44,162.29
52.385216,-1.446482,141.82,21.74,3,227.4,20 / 21,3261909,2019-09-06 20:14:27:652,-0.509,1.3887,10.0363,-0.0236,-0.0153,9.8065,-0.0012,-0.046,0.0841,12.06,-34.06,20.13,16.69,-84.38,163.3
52.385216,-1.446482,141.82,21.74,3,227.4,20 / 21,3262009,2019-09-06 20:14:27:752,-0.8554,-1.1041,9.1124,-0.0121,-0.0216,9.8065,0.0032,-0.0403,-0.0616,12.44,-33.81,20.63,14.79,-84.35,162.95
52.385216,-1.446482,141.82,21.74,3,227.4,20 / 21,3262110,2019-09-06 20:14:27:853,1.9049,-1.481,9.9596,-0.0079,0.0025,9.8065,-0.149,-0.2517,0.1666,12.19,-34.12,20.06,15.71,-84.51,162.51
52.385216,-1.446482,141.82,21.74,3,227.4,20 / 21,3262210,2019-09-06 20:14:27:953,-2.5152,-1.4276,10.3773,0.0089,-0.0328,9.8065,-0.2381,0.2186,-0.0764,11.88,-33.81,19.88,15.41,-84.42,162.22
52.385216,-1.446482,141.82,21.74,3,227.4,20 / 21,3262309,2019-09-06 20:14:28:052,-2.245,-1.5827,9.825,-0.0165,-0.0916,9.8062,0.3173,0.0474,0.0254,12.38,-33.81,20.31,17.18,-84.67,163.85
52.385216,-1.446482,141.82,21.74,3,227.4,20 / 21,3262410,2019-09-06 20:14:28:153,-0.8378,2.5019,9.3048,-0.0566,-0.0466,9.8063,-0.156,-0.178,0.0158,12.5,-34.37,20.63,17.58,-84.3,163.37
52.385216,-1.446482,141.82,21.74,3,227.4,20 / 21,3262509,2019-09-06 20:14:28:252,1.0753,0.8015,9.4105,-0.0225,-0.0063,9.8066,0.0308,-0.0749,0.0149,12.31,-33.94,20.25,15.34,-84.31,162.11
52.385216,-1.446482,141.82,21.74,3,227.4,20 / 21,3262609,2019-09-06 20:14:28:352,-0.6542,-1.0787,8.977,-0.0075,-0.0135,9.8066,-0.163,0.0781,0.0666,12.81,-34.06,20.75,16.68,-84.35,162.61
52.385216,-1.446482,141.82,21.74,3,227.4,20 / 21,3262710,2019-09-06 20:14:28:453,0.647,-1.0405,8.2763,0.0111,0.0199,9.8065,-0.0232,-0.0292,-0.0889,12,-34,19.88,15.91,-84.49,162.68
52.385216,-1.446482,141.82,21.74,3,227.4,20 / 21,3262809,2019-09-06 20:14:28:552,-1.5024,-0.1286,9.6189,-0.0401,-0.0165,9.8065,0.1636,-0.0881,0.0204,12.44,-33.81,19.88,18,-84.41,164.45
52.385216,-1.446482,141.82,21.74,3,227.4,20 / 21,3262909,2019-09-06 20:14:28:652,0.0192,-0.9514,9.6449,0.0015,-0.0055,9.8066,0.0175,-0.0105,-0.0126,12.63,-34.44,19.69,20.7,-84.65,164.9
52.385216,-1.446482,141.82,21.74,3,227.4,20 / 21,3263009,2019-09-06 20:14:28:752,0.4164,2.4399,11.3255,-0.0009,-0.0037,9.8066,0.0008,-0.0154,0.0376,12.13,-34.31,20,18.91,-84.59,165.32
52.385216,-1.446482,141.82,21.74,3,227.4,20 / 21,3263109,2019-09-06 20:14:28:852,-0.8867,-0.8346,10.1973,0.024,0.0223,9.8065,-0.0904,-0.0837,-0.0434,12.25,-34.19,19.69,18.16,-84.51,164.63
52.385216,-1.446482,141.82,21.74,3,227.4,20 / 21,3263210,2019-09-06 20:14:28:953,-1.1954,1.0677,9.9011,-0.0158,-0.0125,9.8066,-0.0101,-0.065,-0.0285,12.25,-34.44,20.19,16.87,-84.39,163.46
52.385216,-1.446482,141.82,21.74,3,227.4,20 / 21,3263309,2019-09-06 20:14:29:052,-0.4935,0.8334,9.915,-0.0029,0.0126,9.8066,0.0375,0.0192,-0.0279,12.31,-34,20.19,17.32,-84.41,163.86
52.384064,-1.448871,142.48,23.72,3,236.02,20 / 21,3263409,2019-09-06 20:14:29:152,0.1109,0.1448,8.8863,0.0163,0.0284,9.8065,-0.0212,-0.0601,-0.0298,12.31,-33.94,19.88,17.09,-84.38,163.65
52.384064,-1.448871,142.48,23.72,3,236.02,20 / 21,3263510,2019-09-06 20:14:29:253,-0.8957,0.3579,9.9691,0.0096,0.0092,9.8066,-0.0526,-0.08,-0.0401,13,-34.31,19.75,18.41,-84.56,162.86
52.384064,-1.448871,142.48,23.72,3,236.02,20 / 21,3263610,2019-09-06 20:14:29:353,0.2005,0.3775,10.0675,-0.0076,-0.0298,9.8066,0.012,-0.0481,-0.1042,12.56,-34.25,19.75,18.43,-84.28,162.75
52.384064,-1.448871,142.48,23.72,3,236.02,20 / 21,3263709,2019-09-06 20:14:29:452,0.124,-0.2071,10.2335,0.0012,-0.0248,9.8066,0.0686,-0.0133,0.0975,13.25,-33.87,19.63,16.92,-84.13,161.38
52.384064,-1.448871,142.48,23.72,3,236.02,20 / 21,3263810,2019-09-06 20:14:29:553,-0.0579,-1.6148,10.3724,-0.0195,0.0056,9.8065,0.0906,-0.0151,0.0007,12.44,-34.12,19.38,16.41,-84.18,161.57
52.384064,-1.448871,142.48,23.72,3,236.02,20 / 21,3263910,2019-09-06 20:14:29:653,0.9057,-0.0859,9.7688,0.0063,0.0225,9.8066,-0.1266,-0.0855,0.0586,12.63,-33.69,19.25,21.76,-84.35,164.19
52.384064,-1.448871,142.48,23.72,3,236.02,20 / 21,3264010,2019-09-06 20:14:29:753,-0.311,0.7057,10.9366,-0.0115,-0.009,9.8066,-0.0379,-0.024,-0.0623,12.44,-34.44,19.31,21.66,-84.39,166.16
52.384064,-1.448871,142.48,23.72,3,236.02,20 / 21,3264110,2019-09-06 20:14:29:853,-0.2539,1.7131,10.5867,0.0328,0.0552,9.8064,0.1229,-0.021,0.0443,11.94,-34.31,19.63,18.81,-84.6,165.23
52.384064,-1.448871,142.48,23.72,3,236.02,20 / 21,3264209,2019-09-06 20:14:29:952,0.4534,1.1412,10.3942,-0.0165,-0.0124,9.8066,0.4068,-0.1516,-0.0064,12.06,-34.5,19.94,21.82,-84.39,167.72
52.384064,-1.448871,142.48,23.72,3,236.02,20 / 21,3264309,2019-09-06 20:14:30:052,0.4412,-1.2599,11.2975,0.0394,0.0617,9.8063,0.4453,0.1082,-0.059,12.63,-34.37,19.56,24.46,-84.51,168.1
52.384064,-1.448871,142.48,23.72,3,236.02,20 / 21,3264410,2019-09-06 20:14:30:153,-0.4885,0.5657,10.3088,-0.0333,-0.0351,9.8064,-0.082,0.0893,-0.0886,12.38,-34.12,19.13,23.28,-84.3,167.49
52.384064,-1.448871,142.48,23.72,3,236.02,20 / 21,3264509,2019-09-06 20:14:30:252,-0.6065,-0.4506,9.1497,0.0114,-0.0048,9.8065,-0.1112,-0.0649,0.0589,12.31,-34.25,19.44,22.71,-84.1,166.88
52.384064,-1.448871,142.48,23.72,3,236.02,20 / 21,3264609,2019-09-06 20:14:30:352,1.4453,1.5714,9.1278,-0.0156,-0.0194,9.8066,-0.2593,-0.0362,-0.0628,12.31,-34.69,19.38,22.83,-84.05,166.85
52.384064,-1.448871,142.48,23.72,3,236.02,20 / 21,3264709,2019-09-06 20:14:30:452,0.5691,-0.5355,8.9794,-0.0176,-0.0323,9.8065,0.2162,-0.001,0.0837,13,-34,19.44,24.52,-84.06,166.38
52.384064,-1.448871,142.48,23.72,3,236.02,20 / 21,3264809,2019-09-06 20:14:30:552,-1.4022,0.3815,10.0493,0.0061,0.0389,9.8065,0.0891,-0.082,-0.0148,12.56,-34.25,19.19,24.66,-84.29,166.65
52.384064,-1.448871,142.48,23.72,3,236.02,20 / 21,3264909,2019-09-06 20:14:30:652,-0.0135,-0.2637,9.965,0.0212,0.0272,9.8065,-0.0191,-0.0655,0.002,12.63,-34.44,19.06,25.72,-84.31,167.58
52.384064,-1.448871,142.48,23.72,3,236.02,20 / 21,3265010,2019-09-06 20:14:30:753,0.4624,2.2371,10.2207,0.0043,0.0083,9.8066,0.0996,0.0126,0.0265,13.06,-34.25,18.88,25.47,-84.25,167.32
52.384064,-1.448871,142.48,23.72,3,236.02,20 / 21,3265110,2019-09-06 20:14:30:853,-0.0512,-1.1771,9.8697,-0.0144,-0.0273,9.8065,-0.0955,-0.0109,0.0122,13,-33.87,18.69,25.45,-84.3,167.34
52.384064,-1.448871,142.48,23.72,3,236.02,20 / 21,3265209,2019-09-06 20:14:30:952,1.0852,-0.7768,8.9087,-0.0398,-0.0548,9.8063,-0.2309,0.0796,-0.1157,12.13,-34,19.5,22.56,-83.99,168.13
52.384064,-1.448871,142.48,23.72,3,236.02,20 / 21,3265309,2019-09-06 20:14:31:052,-0.6172,0.7395,9.8856,-0.0411,-0.0692,9.8063,0.229,0.0259,-0.031,13.19,-34.87,19.5,23.9,-83.94,167.16
52.384064,-1.448871,142.48,23.72,3,236.02,20 / 21,3265409,2019-09-06 20:14:31:152,-1.3763,1.3762,10.5347,0.0421,0.0507,9.8064,0.2445,-0.0869,0.0709,12.81,-34.56,18.69,23.61,-84.31,165.66
52.384064,-1.448871,142.48,23.72,3,236.02,20 / 21,3265510,2019-09-06 20:14:31:253,-0.4262,-0.6797,10.1242,-0.0283,-0.0525,9.8064,-0.0167,-0.1178,0.018,13.06,-34.12,19.06,23.62,-84.29,165.76
52.384064,-1.448871,142.48,23.72,3,236.02,20 / 21,3265609,2019-09-06 20:14:31:352,-1.1809,-0.1681,9.9095,-0.0144,-0.0206,9.8066,0.0292,-0.0172,-0.0577,13,-34.5,19.06,23.14,-84.2,165.29
52.384064,-1.448871,142.48,23.72,3,236.02,20 / 21,3265710,2019-09-06 20:14:31:453,-0.1322,0.143,10.7688,0.0154,0.0062,9.8066,-0.0457,0.0624,-0.1095,13.13,-34.25,19.44,22.03,-84.11,164.28
52.384064,-1.448871,142.48,23.72,3,236.02,20 / 21,3265810,2019-09-06 20:14:31:553,-1.3212,0.3563,10.3241,-0.0004,-0.0244,9.8066,0.0304,-0.0143,0.1087,12.75,-34.37,19.25,21.66,-83.96,163.88
52.384064,-1.448871,142.48,23.72,3,236.02,20 / 21,3265909,2019-09-06 20:14:31:652,-1.8212,-0.3541,9.9287,-0.0157,-0.0029,9.8066,-0.1515,0.0116,-0.1302,12.88,-34,18.81,21.97,-84,164.17
52.384064,-1.448871,142.48,23.72,3,236.02,20 / 21,3266009,2019-09-06 20:14:31:752,0.6878,-1.1035,9.7226,0.007,-0.0097,9.8066,-0.0485,-0.0016,-0.0161,13.63,-34.56,19.06,24.55,-83.89,164.28
52.384064,-1.448871,142.48,23.72,3,236.02,20 / 21,3266109,2019-09-06 20:14:31:852,0.0145,0.1403,9.3887,-0.0164,-0.0132,9.8065,0.0269,0.0367,-0.0457,13.56,-34.12,18.56,24.03,-83.74,163.84
52.384064,-1.448871,142.48,23.72,3,236.02,20 / 21,3266209,2019-09-06 20:14:31:952,-0.1915,-1.1316,9.0079,0.0074,0.0099,9.8066,-0.209,-0.0515,0.0202,12.88,-34.37,18.5,22.61,-83.77,164.57
52.384064,-1.448871,142.48,23.72,3,236.02,20 / 21,3266310,2019-09-06 20:14:32:053,0.304,-0.7113,9.4352,-0.018,-0.0059,9.8066,0.1113,-0.0351,-0.0201,13,-34.37,19,23.21,-83.83,165.12
52.384064,-1.448871,142.48,23.72,3,236.02,19 / 20,3266410,2019-09-06 20:14:32:153,-0.6691,-1.1084,9.3557,0.0119,0.0364,9.8065,0.1801,0.0113,-0.0554,12.94,-33.94,18.75,24.51,-84.09,166.4
52.384064,-1.448871,142.48,23.72,3,236.02,19 / 20,3266509,2019-09-06 20:14:32:252,0.0668,-1.0513,9.8373,-0.0142,-0.0198,9.8066,0.005,-0.0552,0.1178,13.19,-34.56,18.25,27.26,-83.91,166.89
52.384064,-1.448871,142.48,23.72,3,236.02,19 / 20,3266609,2019-09-06 20:14:32:352,-0.42,-0.0207,10.1079,0.0262,0.0458,9.8065,0.0238,-0.0339,-0.0348,13.06,-35.19,18.5,25.36,-84.2,167.09
52.384064,-1.448871,142.48,23.72,3,236.02,19 / 20,3266710,2019-09-06 20:14:32:453,0.6288,0.0891,10.6038,0.0388,0.0309,9.8065,0.1097,-0.0495,-0.0147,12.81,-34.31,18.31,27.57,-84.09,167.42
52.384064,-1.448871,142.48,23.72,3,236.02,19 / 20,3266809,2019-09-06 20:14:32:552,-0.6822,0.2102,9.4736,0.0029,-0.0154,9.8066,0.0214,-0.0248,0.0269,13.44,-34.69,18.19,27.82,-83.94,167.39
52.384064,-1.448871,142.48,23.72,3,236.02,19 / 20,3266909,2019-09-06 20:14:32:652,-0.7692,1.7553,10.0682,-0.0185,0.0008,9.8066,0.0103,0.0152,0.0256,13,-34.62,18.31,27.72,-83.89,167.27
52.384064,-1.448871,142.48,23.72,3,236.02,19 / 20,3267009,2019-09-06 20:14:32:752,-0.2102,0.6881,9.8391,0.0019,0.0125,9.8066,0.0106,-0.1029,0.028,12.69,-34.56,19,25.95,-83.99,167.45
52.384064,-1.448871,142.48,23.72,3,236.02,19 / 20,3267109,2019-09-06 20:14:32:852,1.1781,0.2225,10.1594,0.0071,0.0009,9.8066,0.0065,-0.1198,0.0472,13.06,-34.31,18.38,28.27,-83.97,167.93
52.384064,-1.448871,142.48,23.72,3,236.02,19 / 20,3267210,2019-09-06 20:14:32:953,-0.4112,0.5636,10.1011,0.0068,0.0029,9.8066,0.0273,-0.0037,-0.0016,13.5,-34.44,18.25,28.67,-83.95,166.33
52.384064,-1.448871,142.48,23.72,3,236.02,19 / 20,3267310,2019-09-06 20:14:33:053,-0.1102,0.1604,9.1337,0.0018,-0.0076,9.8066,0.0804,-0.0353,0.0195,13.5,-34.75,18.5,26.98,-83.84,166.31
52.384064,-1.448871,142.48,23.72,3,236.02,19 / 20,3267409,2019-09-06 20:14:33:152,-0.5523,-0.4931,10.5219,0.0064,0.0159,9.8066,0.1494,0.0247,-0.0275,12.81,-34.25,19,24.21,-83.71,165.89
52.384064,-1.448871,142.48,23.72,3,236.02,19 / 20,3267510,2019-09-06 20:14:33:253,1.8949,1.022,8.7253,0.0215,0.0408,9.8064,0.0434,-0.0709,0.0427,13.25,-34.69,18.25,27.11,-83.59,166.51
52.384064,-1.448871,142.48,23.72,3,236.02,19 / 20,3267609,2019-09-06 20:14:33:352,0.4223,1.7062,8.3747,0.0152,0.0435,9.8065,-0.1345,-0.029,0.0538,13.88,-34.37,18.69,29.02,-83.9,168.23
52.384064,-1.448871,142.48,23.72,3,236.02,19 / 20,3267710,2019-09-06 20:14:33:453,1.131,1.6207,8.0963,-0.0273,-0.0117,9.8065,0.062,0.1118,-0.1344,12.44,-34.44,18,27.67,-83.92,169.41
52.384064,-1.448871,142.48,23.72,3,236.02,19 / 20,3267810,2019-09-06 20:14:33:553,-1.2366,0.1983,10.808,0.03,-0.0019,9.8066,0.2006,-0.0358,0.2045,12.88,-34.5,18.25,27.94,-83.89,167.58
52.384064,-1.448871,142.48,23.72,3,236.02,19 / 20,3267910,2019-09-06 20:14:33:653,-2.7096,-0.223,10.4297,-0.0478,-0.0463,9.8063,-0.1697,0.0677,-0.1268,12.75,-34.37,17.94,30.09,-83.89,169.42
52.384064,-1.448871,142.48,23.72,3,236.02,19 / 20,3268009,2019-09-06 20:14:33:752,-1.071,-1.1896,10.5183,-0.0252,-0.0525,9.8065,-0.0147,-0.1415,0.096,13.25,-34.44,18.25,29.73,-83.83,169.06
52.384064,-1.448871,142.48,23.72,3,236.02,19 / 20,3268110,2019-09-06 20:14:33:853,-0.2607,-0.2217,10.1396,0.0415,0.0378,9.8064,0.0947,-0.0459,0.0277,13.19,-34.62,18.19,30.27,-83.47,169.07
52.384064,-1.448871,142.48,23.72,3,236.02,19 / 20,3268209,2019-09-06 20:14:33:952,0.8342,0.5781,9.9377,0.0185,0.0396,9.8065,0.0328,0.0369,-0.0024,12.88,-35.06,18.31,29.76,-83.79,168.92
52.384064,-1.448871,142.48,23.72,3,236.02,19 / 20,3268309,2019-09-06 20:14:34:052,-1.1758,-0.2267,9.1452,0.0488,0.0594,9.8063,-0.1692,-0.0223,0.0349,13.25,-34.75,18.19,29.38,-83.99,168.75
52.384064,-1.448871,142.48,23.72,3,236.02,19 / 20,3268410,2019-09-06 20:14:34:153,-1.2319,-0.3988,9.9289,-0.0115,-0.0207,9.8066,-0.0219,-0.0137,-0.0379,12.88,-34.81,17.69,31.13,-83.69,170
52.384064,-1.448871,142.48,23.72,3,236.02,19 / 20,3268510,2019-09-06 20:14:34:253,0.4773,1.7498,10.4316,-0.0222,-0.0207,9.8066,0.1936,0.0303,-0.0354,13.38,-34.87,18.25,30.91,-83.66,169.78
52.384064,-1.448871,142.48,23.72,3,236.02,19 / 20,3268609,2019-09-06 20:14:34:352,-0.5578,-0.1855,9.9169,-0.0106,-0.0109,9.8066,0.0018,0.0082,0.0373,13.13,-34.62,17.94,29.99,-83.59,168.94
52.384064,-1.448871,142.48,23.72,3,236.02,19 / 20,3268710,2019-09-06 20:14:34:453,-0.0325,0.5132,9.372,-0.0295,-0.0242,9.8066,-0.0159,-0.0191,0.0607,13.38,-34.81,18.31,30.98,-83.44,169.65
52.384064,-1.448871,142.48,23.72,3,236.02,19 / 20,3268810,2019-09-06 20:14:34:553,0.7642,1.0209,9.249,0.029,0.0314,9.8065,-0.07,-0.052,-0.0289,13.31,-34.31,18.06,31.23,-83.78,170.29
52.384064,-1.448871,142.48,23.72,3,236.02,19 / 20,3268909,2019-09-06 20:14:34:652,-1.0738,1.442,9.9356,0.0122,0.0193,9.8066,0.0829,0.1636,-0.0708,12.94,-35.25,17.75,31.25,-83.74,170.14
52.384064,-1.448871,142.48,23.72,3,236.02,19 / 20,3269009,2019-09-06 20:14:34:752,0.3761,-0.093,9.9904,-0.012,-0.017,9.8066,0.0506,-0.03,0.1079,13.5,-34.75,17.63,32.82,-83.74,169.58
52.384064,-1.448871,142.48,23.72,3,236.02,19 / 20,3269110,2019-09-06 20:14:34:853,-1.175,1.4139,9.8154,-0.0305,-0.0122,9.8065,0.195,-0.2232,0.1614,13.06,-34.87,17.94,32.83,-83.48,171.24
52.384064,-1.448871,142.48,23.72,3,236.02,19 / 20,3269210,2019-09-06 20:14:34:953,1.9677,-0.8697,9.5264,0.0254,0.0649,9.8064,0.1284,0.0799,-0.1435,13.31,-34.31,17.31,35.97,-83.78,172.59
52.384064,-1.448871,142.48,23.72,3,236.02,19 / 20,3269309,2019-09-06 20:14:35:052,-1.9898,0.4499,9.7761,0.0614,0.0171,9.8064,0.0597,-0.0335,0.1032,13.06,-34.69,17.13,34.48,-83.75,171.12
52.384064,-1.448871,142.48,23.72,3,236.02,19 / 20,3269410,2019-09-06 20:14:35:153,0.0496,-0.7618,10.0708,-0.0038,0.0006,9.8066,0.0866,-0.008,-0.0719,13.31,-35.06,17.44,36.25,-83.55,172.41
52.384064,-1.448871,142.48,23.72,3,236.02,19 / 20,3269509,2019-09-06 20:14:35:252,-1.2798,0.2732,10.6084,0.0036,0.0116,9.8066,-0.0994,0.0267,0.0047,13.06,-34.81,17.69,34.11,-83.54,172.39
52.384064,-1.448871,142.48,23.72,3,236.02,19 / 20,3269610,2019-09-06 20:14:35:353,-2.3029,-1.416,10.5614,-0.067,-0.0718,9.8061,-0.1288,-0.0237,0.0524,13.44,-34,17.88,33.84,-83.7,172.46
52.384064,-1.448871,142.48,23.72,3,236.02,19 / 20,3269709,2019-09-06 20:14:35:452,-0.2855,-0.1668,10.4499,0.0007,0.0129,9.8066,-0.2985,0.0138,-0.0963,13.19,-34.62,17.88,34.59,-83.67,172.91
52.384064,-1.448871,142.48,23.72,3,236.02,19 / 20,3269810,2019-09-06 20:14:35:553,1.3021,1.3002,10.347,-0.0479,-0.0568,9.8064,-0.364,0.0285,-0.0788,13.19,-35.31,17.38,37.05,-83.51,173.06
52.384064,-1.448871,142.48,23.72,3,236.02,19 / 20,3269910,2019-09-06 20:14:35:653,-0.5364,2.0929,9.2271,-0.0101,-0.0348,9.8065,0.1362,-0.0269,-0.0003,12.81,-34.69,17.31,34.35,-83.68,170.94
52.384064,-1.448871,142.48,23.72,3,236.02,19 / 20,3270010,2019-09-06 20:14:35:753,0.2138,0.5042,10.7962,0.0384,0.0345,9.8065,0.1589,-0.0495,-0.0558,13.81,-34.81,17.63,35.18,-83.7,171.56
52.384064,-1.448871,142.48,23.72,3,236.02,19 / 20,3270109,2019-09-06 20:14:35:852,-0.5436,-0.7657,10.2013,0.0336,0.0216,9.8065,-0.0303,-0.1013,-0.0131,13.44,-34.94,17.63,32.64,-83.48,171.08
52.384064,-1.448871,142.48,23.72,3,236.02,19 / 20,3270210,2019-09-06 20:14:35:953,-0.2351,-0.6372,10.0107,0.0035,-0.0151,9.8066,0.0513,0.0128,-0.0317,13.5,-34.31,17.5,34.35,-83.49,170.82
52.384064,-1.448871,142.48,23.72,3,236.02,19 / 20,3270310,2019-09-06 20:14:36:053,-1.2602,-0.2753,10.7658,0.001,-0.0211,9.8066,0.0532,-0.0024,0.0514,13.38,-34.69,16.81,32.32,-83.55,169.1
52.384064,-1.448871,142.48,23.72,3,236.02,20 / 21,3270410,2019-09-06 20:14:36:153,1.4645,1.5421,10.5602,-0.0122,-0.0061,9.8066,-0.0952,0.028,-0.0267,13.81,-34.56,16.94,34.15,-83.52,168.72
52.384064,-1.448871,142.48,23.72,3,236.02,20 / 21,3270509,2019-09-06 20:14:36:252,0.4274,-0.0152,10.5078,-0.0111,-0.0028,9.8066,0.0314,-0.0852,0.0294,13.56,-34.62,17.31,35.35,-83.38,169.6
52.384064,-1.448871,142.48,23.72,3,236.02,20 / 21,3270610,2019-09-06 20:14:36:353,-1.8118,0.6572,10.1725,0.0111,0.0271,9.8065,0.217,0.0352,0.0242,13,-34.37,17.38,35.42,-83.16,171.51
52.384064,-1.448871,142.48,23.72,3,236.02,20 / 21,3270710,2019-09-06 20:14:36:453,-0.8698,0.6287,10.2062,0.0367,0.0575,9.8064,-0.167,0.0532,-0.0328,13.63,-35.12,17.13,38.35,-83.54,172.32
52.384064,-1.448871,142.48,23.72,3,236.02,20 / 21,3270810,2019-09-06 20:14:36:553,0.3431,-0.1501,8.7404,-0.0171,-0.0186,9.8065,-0.0226,-0.0026,0.0151,13.06,-34.31,16.81,37.12,-83.5,173.29
52.384064,-1.448871,142.48,23.72,3,236.02,20 / 21,3270910,2019-09-06 20:14:36:653,-0.9161,-0.1195,9.3727,-0.0152,-0.0151,9.8066,-0.0383,-0.0838,-0.0017,13.06,-34.75,17.06,37.33,-83.64,173.43
52.384064,-1.448871,142.48,23.72,3,236.02,20 / 21,3271010,2019-09-06 20:14:36:753,0.4451,1.9153,10.4005,0.0401,0.0447,9.8064,0.2385,0.0259,-0.0825,13.5,-35.12,17.13,39.69,-83.9,173.85
52.384064,-1.448871,142.48,23.72,3,236.02,20 / 21,3271110,2019-09-06 20:14:36:853,-1.3331,0.5444,10.3004,0.0117,0.0072,9.8065,-0.0237,0.1687,-0.0093,13.81,-34.94,16.88,39.59,-83.66,173.5
52.384064,-1.448871,142.48,23.72,3,236.02,20 / 21,3271210,2019-09-06 20:14:36:953,1.7172,0.1754,11.1146,-0.0149,-0.0296,9.8065,0.0392,-0.0954,0.1093,13.44,-34.12,17.19,34.66,-83.57,171.26
52.384064,-1.448871,142.48,23.72,3,236.02,20 / 21,3271309,2019-09-06 20:14:37:052,0.8139,-1.5601,10.4531,-0.0222,-0.0001,9.8066,-0.0909,-0.0092,-0.0521,13.94,-34.44,17,38.42,-83.26,172.27
52.384064,-1.448871,142.48,23.72,3,236.02,20 / 21,3271410,2019-09-06 20:14:37:153,-1.7348,0.452,9.0949,-0.005,0.0016,9.8066,-0.0084,-0.08,0.1055,13,-34.81,17.06,36.38,-83.36,172.34
52.384064,-1.448871,142.48,23.72,3,236.02,20 / 21,3271510,2019-09-06 20:14:37:253,-0.0061,-0.6269,8.907,0.0297,0.0236,9.8065,-0.0031,-0.0476,0.0373,13.13,-34.69,17,37.21,-83.37,173.05
52.384064,-1.448871,142.48,23.72,3,236.02,20 / 21,3271609,2019-09-06 20:14:37:352,0.3672,-0.1986,9.5071,0.0297,0.0374,9.8065,0.1576,-0.099,0.0444,13.75,-34.62,16.88,38.85,-83.39,172.58
52.384064,-1.448871,142.48,23.72,3,236.02,20 / 21,3271710,2019-09-06 20:14:37:453,-0.6976,0.5698,9.3045,0.0311,0.0382,9.8065,-0.2598,0.0381,-0.0077,13.25,-35.06,17.31,37.61,-83.62,173.65
52.384064,-1.448871,142.48,23.72,3,236.02,20 / 21,3271810,2019-09-06 20:14:37:553,0.4996,-0.4234,10.0082,-0.0229,-0.0134,9.8066,-0.1028,-0.0351,0.0294,13.63,-34.56,17.13,40.43,-83.41,173.96
52.384064,-1.448871,142.48,23.72,3,236.02,20 / 21,3271910,2019-09-06 20:14:37:653,0.599,-0.6086,9.1542,-0.0066,-0.0107,9.8066,-0.0293,-0.149,0.0435,13.69,-34.94,17.5,38.87,-83.47,174.51
52.384064,-1.448871,142.48,23.72,3,236.02,20 / 21,3272010,2019-09-06 20:14:37:753,1.7007,0.5568,10.4037,0.0279,0.0172,9.8065,-0.085,0.008,-0.0581,13.69,-35.06,16.69,40.4,-83.44,173.97
52.384064,-1.448871,142.48,23.72,3,236.02,20 / 21,3272110,2019-09-06 20:14:37:853,-1.3556,0.8135,10.896,0.0039,-0.0054,9.8066,0.1188,0.128,-0.1524,13.75,-35.06,17,38.38,-83.54,172.35
52.384064,-1.448871,142.48,23.72,3,236.02,20 / 21,3272209,2019-09-06 20:14:37:952,0.5813,1.4641,10.5395,0.0353,0.0162,9.8065,0.3093,-0.1018,0.1835,13.38,-34.75,17.13,35.33,-83.53,171.62
52.384064,-1.448871,142.48,23.72,3,236.02,20 / 21,3272310,2019-09-06 20:14:38:053,-0.5953,-0.6822,10.0794,0.0375,0.0712,9.8062,-0.2432,0.0046,-0.0474,13.88,-34.81,16.63,40,-83.59,173.79
52.383133,-1.451674,142.67,24.25,3,246.01,19 / 20,3272410,2019-09-06 20:14:38:153,-0.791,-0.4923,9.7497,0.0253,0.0145,9.8065,0.1018,-0.032,0.087,13.31,-35.19,16.44,40.96,-83.39,174.3
52.383133,-1.451674,142.67,24.25,3,246.01,19 / 20,3272509,2019-09-06 20:14:38:252,-0.4929,0.7801,10.2006,-0.0256,-0.0318,9.8065,0.1384,-0.0029,0.0219,13.56,-35.25,16.44,43.53,-83.37,174.6
52.383133,-1.451674,142.67,24.25,3,246.01,19 / 20,3272610,2019-09-06 20:14:38:353,-1.3936,-0.4319,9.9118,-0.0119,-0.0138,9.8065,0.0809,-0.0257,0.128,13.25,-34.5,16.38,42.45,-83.32,175.7
52.383133,-1.451674,142.67,24.25,3,246.01,19 / 20,3272710,2019-09-06 20:14:38:453,-0.8473,1.0253,9.9552,-0.0291,-0.0051,9.8065,-0.0548,0.0507,-0.1266,13.5,-34.62,16.63,43.6,-83.37,176.64
52.383133,-1.451674,142.67,24.25,3,246.01,19 / 20,3272810,2019-09-06 20:14:38:553,0.3141,-0.1526,10.9532,0.0002,-0.0183,9.8066,0.0599,-0.1325,-0.0097,14.13,-34.56,16.69,43.38,-83.54,176.65
52.383133,-1.451674,142.67,24.25,3,246.01,19 / 20,3272910,2019-09-06 20:14:38:653,-0.1809,0.5307,10.0399,0.0166,0.0028,9.8066,-0.0761,-0.0075,0.0809,13.5,-34.87,16.63,41.86,-83.54,175.34
52.383133,-1.451674,142.67,24.25,3,246.01,19 / 20,3273010,2019-09-06 20:14:38:753,0.9175,0.7903,9.9227,-0.0242,-0.0253,9.8065,-0.1648,-0.0151,0.0485,13.69,-34.5,16.75,41.02,-83.36,174.61
52.383133,-1.451674,142.67,24.25,3,246.01,19 / 20,3273110,2019-09-06 20:14:38:853,1.4238,0.5092,9.8752,-0.0267,-0.026,9.8066,0.1358,-0.0627,-0.03,13.88,-34.69,16.63,41.6,-83.36,174.91
52.383133,-1.451674,142.67,24.25,3,246.01,19 / 20,3273210,2019-09-06 20:14:38:953,1.1401,-0.1981,9.8181,0.0096,-0.0049,9.8066,-0.0041,0.008,0.0594,13.94,-35,16.69,40.71,-83.28,174.06
52.383133,-1.451674,142.67,24.25,3,246.01,19 / 20,3273309,2019-09-06 20:14:39:052,-1.0543,-0.2626,8.838,-0.0193,-0.0017,9.8065,-0.151,0.0245,-0.0733,13.63,-35.31,16.56,41.08,-83.29,174.38
52.383133,-1.451674,142.67,24.25,3,246.01,19 / 20,3273410,2019-09-06 20:14:39:153,1.4009,0.5241,9.1914,0.0116,-0.0004,9.8065,-0.1715,-0.0391,0.0497,13.81,-35.25,16.38,42.62,-83.57,174.06
52.383133,-1.451674,142.67,24.25,3,246.01,19 / 20,3273510,2019-09-06 20:14:39:253,0.2947,0.9134,9.2026,-0.013,-0.0007,9.8066,0.0784,-0.0118,-0.0218,13.88,-35.19,16.13,43.36,-83.65,174.79
52.383133,-1.451674,142.67,24.25,3,246.01,19 / 20,3273609,2019-09-06 20:14:39:352,-0.8861,1.5688,8.6709,0.0125,0.0037,9.8066,-0.0265,-0.163,0.1844,14.25,-35,15.56,43.46,-83.72,174.97
52.383133,-1.451674,142.67,24.25,3,246.01,19 / 20,3273710,2019-09-06 20:14:39:453,0.1545,-0.9971,10.1234,-0.0036,0.0017,9.8066,0.1543,0.0147,-0.0616,13.19,-35.62,16.06,43.94,-83.54,176.81
52.383133,-1.451674,142.67,24.25,3,246.01,19 / 20,3273810,2019-09-06 20:14:39:553,-2.8641,-0.6486,9.6046,0.0366,0.0106,9.8066,0.346,-0.128,0.1573,13.75,-34.87,16.25,45.65,-83.27,176.31
52.383133,-1.451674,142.67,24.25,3,246.01,19 / 20,3273910,2019-09-06 20:14:39:653,-1.6496,1.2471,9.5326,0.0082,0.0141,9.8066,-0.2424,0.0582,-0.0992,13.94,-34.62,16.5,43.54,-83.28,176.49
52.383133,-1.451674,142.67,24.25,3,246.01,19 / 20,3274010,2019-09-06 20:14:39:753,-1.1574,-0.4535,8.8642,-0.0476,-0.0598,9.8063,-0.586,-0.1549,0.1261,13.75,-35,15.94,45.13,-83.16,175.73
52.383133,-1.451674,142.67,24.25,3,246.01,19 / 20,3274110,2019-09-06 20:14:39:853,1.7139,2.5065,9.3083,-0.0739,-0.06,9.8062,0.3571,-0.0013,-0.0894,14.06,-35.19,15.63,45.41,-83.21,176.02
52.383133,-1.451674,142.67,24.25,3,246.01,19 / 20,3274210,2019-09-06 20:14:39:953,-0.0912,0.5905,8.9757,0.0682,0.0423,9.8062,0.1053,-0.0141,0.0363,13.75,-34.75,15.69,43.78,-83.64,175.15
52.383133,-1.451674,142.67,24.25,3,246.01,19 / 20,3274310,2019-09-06 20:14:40:053,0.1084,0.1314,9.3809,0.0164,0.0138,9.8065,-0.0682,-0.0208,0.0159,14.13,-35.19,16.5,41.11,-83.47,174.61
52.383133,-1.451674,142.67,24.25,3,246.01,21 / 22,3274410,2019-09-06 20:14:40:153,-0.1148,-1.8095,9.8444,0.0267,0.0194,9.8065,0.1965,0.0498,-0.0524,14,-34.75,16.56,41.27,-83.35,174.61
52.383133,-1.451674,142.67,24.25,3,246.01,21 / 22,3274509,2019-09-06 20:14:40:252,-0.2627,0.4419,10.5555,0.0287,0.0221,9.8065,-0.1534,0.0363,-0.0332,13.13,-34.62,16,39.73,-83.59,173.48
52.383133,-1.451674,142.67,24.25,3,246.01,21 / 22,3274609,2019-09-06 20:14:40:352,-0.0036,0.0487,9.5552,-0.0119,-0.0224,9.8065,-0.1501,-0.0987,0.0163,14.31,-35.25,15.88,43.07,-83.48,174.34
52.383133,-1.451674,142.67,24.25,3,246.01,21 / 22,3274710,2019-09-06 20:14:40:453,-1.2166,-0.1485,10.3113,0.0059,0.0108,9.8066,-0.0036,-0.0216,-0.0235,13.56,-34.56,15.25,45.55,-83.58,174.5
52.383133,-1.451674,142.67,24.25,3,246.01,21 / 22,3274810,2019-09-06 20:14:40:553,-1.2675,-0.0933,10.0356,-0.0025,-0.0143,9.8065,0.0301,-0.0083,0.0805,13.81,-35.25,15.56,42.82,-83.44,174.08
52.383133,-1.451674,142.67,24.25,3,246.01,21 / 22,3274910,2019-09-06 20:14:40:653,-0.1034,1.0358,11.2887,-0.0191,-0.0054,9.8066,-0.0034,0.0527,-0.067,13.81,-35,15.5,43.18,-83.44,174.39
52.383133,-1.451674,142.67,24.25,3,246.01,21 / 22,3275010,2019-09-06 20:14:40:753,-3.2384,-1.306,9.4675,0.0174,-0.0019,9.8065,0.1614,-0.1181,0.0528,14,-34.37,15.25,45.27,-83.55,174.44
52.383133,-1.451674,142.67,24.25,3,246.01,21 / 22,3275110,2019-09-06 20:14:40:853,1.8331,-0.0614,9.3824,-0.0001,-0.0029,9.8066,-0.0145,-0.0979,0.1431,13.88,-35.19,15.56,43.13,-83.43,174.34
52.383133,-1.451674,142.67,24.25,3,246.01,21 / 22,3275210,2019-09-06 20:14:40:953,-0.4275,-1.7719,8.1625,-0.0128,0.0109,9.8066,-0.299,0.0148,-0.0725,13.44,-35.06,15.25,43.85,-83.5,174.78
52.383133,-1.451674,142.67,24.25,3,246.01,21 / 22,3275310,2019-09-06 20:14:41:053,0.2519,0.7708,9.8705,-0.032,-0.028,9.8065,0.2141,0.016,-0.0413,14.13,-34.5,15,46.01,-83.51,175.03
52.383133,-1.451674,142.67,24.25,3,246.01,21 / 22,3275409,2019-09-06 20:14:41:152,-1.7586,-0.2134,10.2239,-0.0146,-0.0123,9.8066,0.29,-0.1015,0.0773,13.94,-34.5,15.81,43.37,-83.61,174.96
52.383133,-1.451674,142.67,24.25,3,246.01,21 / 22,3275510,2019-09-06 20:14:41:253,-0.0604,0.5152,10.5017,-0.006,0.0101,9.8066,0.117,-0.0278,0.0022,13.56,-34.81,15.69,44.23,-83.41,175.25
52.383133,-1.451674,142.67,24.25,3,246.01,21 / 22,3275609,2019-09-06 20:14:41:352,-0.6432,-0.2936,9.9534,0.045,0.0493,9.8064,0.2502,0.0674,-0.048,14.38,-35.31,15.25,47.27,-83.55,175.94
52.383133,-1.451674,142.67,24.25,3,246.01,21 / 22,3275709,2019-09-06 20:14:41:452,1.5984,-1.5625,9.9584,-0.04,-0.03,9.8065,-0.2218,-0.1107,0.008,13.38,-34.62,15.63,43.27,-83.59,176.51
52.383133,-1.451674,142.67,24.25,3,246.01,21 / 22,3275809,2019-09-06 20:14:41:552,1.1989,0.15,9.3938,-0.0059,-0.0323,9.8065,-0.1526,0.0881,-0.1368,13.56,-34.37,15.25,45.57,-83.38,174.49
52.383133,-1.451674,142.67,24.25,3,246.01,21 / 22,3275909,2019-09-06 20:14:41:652,-0.6148,0.424,9.8613,0.0103,-0.0005,9.8066,-0.0607,0.0062,-0.0104,14.06,-35,15.13,46.03,-83.43,174.71
52.383133,-1.451674,142.67,24.25,3,246.01,21 / 22,3276010,2019-09-06 20:14:41:753,0.9821,1.0173,9.7765,-0.0076,-0.0119,9.8066,-0.1362,-0.0088,0.04,14.19,-35.06,15.06,45.47,-83.38,174.16
52.383133,-1.451674,142.67,24.25,3,246.01,21 / 22,3276110,2019-09-06 20:14:41:853,1.0676,0.8644,10.2585,0.0215,0.0185,9.8065,0.2893,-0.0637,0.0161,14.06,-34.75,14.69,45.55,-83.52,174.42
52.383133,-1.451674,142.67,24.25,3,246.01,21 / 22,3276210,2019-09-06 20:14:41:953,0.1504,-0.0028,9.9963,0.035,0.0226,9.8065,0.1756,0.0057,-0.0989,13.69,-34.87,14.81,45.4,-83.5,174.26
52.383133,-1.451674,142.67,24.25,3,246.01,21 / 22,3276310,2019-09-06 20:14:42:053,1.7582,-1.1526,10.0973,-0.0225,-0.0013,9.8066,-0.0098,-0.1089,0.055,13.63,-35.25,15.19,46.51,-83.45,175.15
52.383133,-1.451674,142.67,24.25,3,246.01,20 / 21,3276409,2019-09-06 20:14:42:152,0.2505,0.4359,9.9663,-0.003,-0.0103,9.8066,-0.0459,0.0296,-0.0324,13.63,-35,15.44,47.08,-83.32,175.48
52.383133,-1.451674,142.67,24.25,3,246.01,20 / 21,3276509,2019-09-06 20:14:42:252,-0.7938,-0.0686,9.5052,0.021,0.0072,9.8065,-0.0144,-0.0337,-0.0312,13.81,-34.81,14.75,49.01,-83.31,177.13
52.383133,-1.451674,142.67,24.25,3,246.01,20 / 21,3276610,2019-09-06 20:14:42:353,1.9682,0.3445,9.3534,0.0086,0.013,9.8066,-0.1281,0.0927,-0.0674,13.69,-35.44,15.25,48.78,-83.37,177.01
52.383133,-1.451674,142.67,24.25,3,246.01,20 / 21,3276709,2019-09-06 20:14:42:452,1.2267,0.109,9.1994,0.0231,0.0155,9.8065,0.1935,-0.0343,0.0176,14,-35,15,49.06,-83.55,177.49
52.383133,-1.451674,142.67,24.25,3,246.01,20 / 21,3276810,2019-09-06 20:14:42:553,0.4427,1.0277,9.7136,0.0165,0.0014,9.8066,0.1671,0.0016,-0.0674,14.31,-35.12,14.38,50.29,-83.57,176.33
52.383133,-1.451674,142.67,24.25,3,246.01,20 / 21,3276910,2019-09-06 20:14:42:653,1.4147,-0.3178,9.833,-0.0133,-0.0124,9.8066,-0.0006,-0.0689,0.0566,14.5,-34.75,15.06,49.98,-83.56,176.63
52.383133,-1.451674,142.67,24.25,3,246.01,20 / 21,3277009,2019-09-06 20:14:42:752,0.1368,-0.5688,10.1487,-0.0147,-0.0137,9.8066,-0.0722,-0.0465,-0.0009,13.88,-35.19,15.13,48.14,-83.41,176.52
52.383133,-1.451674,142.67,24.25,3,246.01,20 / 21,3277110,2019-09-06 20:14:42:853,0.1153,0.178,10.2038,0.0156,0.0185,9.8066,0.1113,-0.0127,0.0066,13.81,-35.12,15.06,49.65,-83.42,177.84
52.383133,-1.451674,142.67,24.25,3,246.01,20 / 21,3277209,2019-09-06 20:14:42:952,0.3592,-0.1979,9.3863,0.0092,0.0059,9.8066,-0.0459,-0.0074,0.031,14.06,-34.87,15.31,49.91,-83.33,177.93
52.383133,-1.451674,142.67,24.25,3,246.01,20 / 21,3277311,2019-09-06 20:14:43:054,-0.4001,-0.9999,9.5282,0.0077,0.0137,9.8066,-0.1416,0.0064,0.0574,13.38,-34.87,14.88,48.39,-83.31,178.41
52.383133,-1.451674,142.67,24.25,3,246.01,20 / 22,3277410,2019-09-06 20:14:43:153,0.6297,0.2534,10.1768,0.0141,0.01,9.8066,0.0347,0.006,0.0678,13.69,-34.87,15.69,48.53,-83.36,178.93
52.383133,-1.451674,142.67,24.25,3,246.01,20 / 22,3277509,2019-09-06 20:14:43:252,-0.1228,-0.5002,10.5179,0.0134,0.0287,9.8066,-0.2005,-0.0392,-0.0767,13.63,-35.06,14.88,51.92,-83.4,179.8
52.383133,-1.451674,142.67,24.25,3,246.01,20 / 22,3277609,2019-09-06 20:14:43:352,-1.9715,-1.1282,9.8846,-0.0574,-0.0508,9.8063,-0.2118,-0.0034,-0.0418,13.56,-34.94,15,53.81,-83.43,-178.49
52.383133,-1.451674,142.67,24.25,3,246.01,20 / 22,3277709,2019-09-06 20:14:43:452,1.7368,-0.2307,8.5241,-0.046,-0.0227,9.8064,-0.1295,-0.0642,0.1262,13.44,-35.06,14.75,52.23,-83.27,-178.32
52.383133,-1.451674,142.67,24.25,3,246.01,20 / 22,3277809,2019-09-06 20:14:43:552,0.6372,0.7218,9.1129,-0.0333,-0.0083,9.8065,-0.2295,-0.0032,-0.0087,13.25,-35.37,14.44,57.56,-83.46,-175.68
52.383133,-1.451674,142.67,24.25,3,246.01,20 / 22,3277909,2019-09-06 20:14:43:652,0.7167,1.6632,9.6725,-0.0376,-0.0411,9.8064,0.1888,0.0062,-0.0853,13.19,-36.06,13.88,57.42,-83.54,-175.96
52.383133,-1.451674,142.67,24.25,3,246.01,20 / 22,3278010,2019-09-06 20:14:43:753,1.2276,-0.0894,10.8467,0.0343,0.0114,9.8066,0.1662,0.0131,0.0154,13.56,-34.87,14.81,55.47,-83.57,-176.81
52.383133,-1.451674,142.67,24.25,3,246.01,20 / 22,3278109,2019-09-06 20:14:43:852,-2.1266,-0.9811,9.8343,0.0326,0.0383,9.8065,-0.1938,0.019,-0.078,13.19,-35.31,14.75,52.96,-83.53,-177.3
52.383133,-1.451674,142.67,24.25,3,246.01,20 / 22,3278209,2019-09-06 20:14:43:952,-0.0988,0.1304,9.0296,-0.0053,-0.0107,9.8066,-0.1199,0.0038,0.0265,13.75,-35.19,15.38,55.97,-83.37,-176.68
52.383133,-1.451674,142.67,24.25,3,246.01,20 / 22,3278309,2019-09-06 20:14:44:052,2.0501,-0.5099,10.0807,0.0105,0.0157,9.8065,0.0958,-0.0398,-0.0754,13.88,-35.19,14.44,58.02,-83.55,-176.9
52.383133,-1.451674,142.67,24.25,3,246.01,18 / 19,3278410,2019-09-06 20:14:44:153,1.1729,-0.2486,9.6474,-0.0001,0.0008,9.8066,-0.1111,-0.0082,-0.0331,14.06,-35.5,15.31,57.18,-83.53,-175.35
52.383133,-1.451674,142.67,24.25,3,246.01,18 / 19,3278509,2019-09-06 20:14:44:252,1.7048,0.4386,9.3022,-0.0118,-0.0151,9.8065,0.1387,-0.0389,0.0282,13.19,-35.37,14.63,54.47,-83.52,-175.98
52.383133,-1.451674,142.67,24.25,3,246.01,18 / 19,3278610,2019-09-06 20:14:44:353,-0.8606,0.2283,9.4999,0.0148,0.0229,9.8065,0.0564,0.0407,-0.0103,13,-35.44,14.75,56.41,-83.45,-174.37
52.383133,-1.451674,142.67,24.25,3,246.01,18 / 19,3278710,2019-09-06 20:14:44:453,0.4239,-0.0785,9.6125,0.0041,0.0271,9.8066,-0.0806,0.0214,-0.0127,13.06,-35.19,14.81,57.29,-83.44,-173.6
52.383133,-1.451674,142.67,24.25,3,246.01,18 / 19,3278810,2019-09-06 20:14:44:553,0.8727,0.6521,9.898,0.0107,0.0138,9.8066,-0.004,0.0112,-0.0079,12.81,-35.62,14.94,59.04,-83.25,-172.63
52.383133,-1.451674,142.67,24.25,3,246.01,18 / 19,3278910,2019-09-06 20:14:44:653,-0.3129,0.7977,9.7309,0.0217,0.0187,9.8065,-0.0264,0.0252,-0.0695,13.06,-34.94,15.06,58.61,-83.42,-172.45
52.383133,-1.451674,142.67,24.25,3,246.01,18 / 19,3279010,2019-09-06 20:14:44:753,0.0611,0.2649,9.5336,-0.0137,-0.0238,9.8066,-0.0448,-0.0789,0.0629,13,-34.94,14.44,61.57,-83.36,-172.26
52.383133,-1.451674,142.67,24.25,3,246.01,18 / 19,3279110,2019-09-06 20:14:44:853,1.4699,0.8217,10.5363,-0.0201,0.0032,9.8065,0.132,-0.0312,0.0016,12.25,-35.06,14.31,60.14,-83.46,-171.48
52.383133,-1.451674,142.67,24.25,3,246.01,18 / 19,3279210,2019-09-06 20:14:44:953,1.6882,-0.0407,9.9968,-0.0147,0.0062,9.8066,0.1562,-0.0832,-0.0677,12.88,-35.75,14.44,62.88,-83.32,-171.46
52.383133,-1.451674,142.67,24.25,3,246.01,18 / 19,3279310,2019-09-06 20:14:45:053,0.2497,-2.2585,10.5179,-0.0022,0.0137,9.8066,-0.1539,0.0156,0.0687,12.81,-36.12,15.06,61.52,-83.27,-170.39
52.383133,-1.451674,142.67,24.25,3,246.01,18 / 19,3279409,2019-09-06 20:14:45:152,1.5671,-0.2823,9.9096,-0.0086,-0.0053,9.8066,-0.0582,0.023,0.0768,13,-35.56,14.88,61.06,-83.39,-170.6
52.383133,-1.451674,142.67,24.25,3,246.01,18 / 19,3279510,2019-09-06 20:14:45:253,-0.097,-1.1764,10.0181,-0.0083,-0.0017,9.8066,0.0225,-0.0558,0.0803,12.69,-35.25,14.31,64.22,-83.35,-169.89
52.383133,-1.451674,142.67,24.25,3,246.01,18 / 19,3279609,2019-09-06 20:14:45:352,0.8127,-1.9129,9.943,-0.0314,-0.005,9.8065,-0.0744,0.0672,-0.1326,12.69,-35.69,15.19,63.62,-83.17,-168.66
52.383133,-1.451674,142.67,24.25,3,246.01,18 / 19,3279710,2019-09-06 20:14:45:453,0.0111,0.0657,9.9618,0.0331,0.0298,9.8065,0.086,-0.0326,0.1132,12.13,-35.5,14.69,60.39,-83.06,-169.55
52.383133,-1.451674,142.67,24.25,3,246.01,18 / 19,3279809,2019-09-06 20:14:45:552,0.2604,-1.8856,8.9773,0.0127,0.029,9.8065,0.0309,0.1127,-0.0566,12.5,-35.44,14.56,64.58,-83.3,-167.26
52.383133,-1.451674,142.67,24.25,3,246.01,18 / 19,3279909,2019-09-06 20:14:45:652,0.4765,0.2219,8.2206,0.0063,0.0159,9.8066,-0.123,0.0474,0.0152,12.44,-35.37,14.88,62.68,-83.41,-166.89
52.383133,-1.451674,142.67,24.25,3,246.01,18 / 19,3280009,2019-09-06 20:14:45:752,1.7478,-1.0569,9.2859,0.0099,-0.004,9.8066,-0.0677,-0.1442,0.1036,12.69,-35.44,14.19,68.38,-83.4,-165.99
52.383133,-1.451674,142.67,24.25,3,246.01,18 / 19,3280109,2019-09-06 20:14:45:852,-0.2373,-0.6422,9.2226,-0.0411,-0.0315,9.8065,0.0627,-0.0366,0.034,12.19,-35.75,14.63,64.51,-83.24,-165.86
52.383133,-1.451674,142.67,24.25,3,246.01,18 / 19,3280210,2019-09-06 20:14:45:953,1.1558,0.3843,9.8264,0.0047,0.0038,9.8066,-0.0264,0.0092,0.0807,12.44,-35.56,14.81,64.72,-83.32,-165.52
52.383133,-1.451674,142.67,24.25,3,246.01,18 / 19,3280309,2019-09-06 20:14:46:052,-0.7403,0.1927,10.3813,-0.0118,0.0173,9.8066,-0.0747,0.1117,-0.15,11.88,-35.75,14.06,69.05,-83.21,-164.21
52.383133,-1.451674,142.67,24.25,3,246.01,20 / 21,3280410,2019-09-06 20:14:46:153,-1.2496,-0.7168,9.3387,0.0216,0.0088,9.8066,0.1817,0.0229,0.1617,12.81,-36,14.63,69.09,-83.29,-163.45
52.383133,-1.451674,142.67,24.25,3,246.01,20 / 21,3280509,2019-09-06 20:14:46:252,0.3045,0.8463,8.9211,-0.015,0.0126,9.8065,-0.0516,0.0084,-0.0573,12.56,-36.19,14.44,72.83,-83.25,-162.47
52.383133,-1.451674,142.67,24.25,3,246.01,20 / 21,3280610,2019-09-06 20:14:46:353,-0.4551,4.5592,8.8151,-0.0191,-0.0383,9.8065,-0.4134,-0.0617,0.2486,11.94,-35.56,15.06,69.39,-83.32,-161.25
52.383133,-1.451674,142.67,24.25,3,246.01,20 / 21,3280710,2019-09-06 20:14:46:453,-0.4549,1.2006,7.5534,-0.1112,-0.0415,9.8058,0.1736,0.0462,-0.2,12.19,-35.69,14.19,72.97,-82.97,-161.06
52.383133,-1.451674,142.67,24.25,3,246.01,20 / 21,3280810,2019-09-06 20:14:46:553,1.381,0.8024,7.9658,0.0386,0.0437,9.8064,0.0316,0.0246,0.0978,11.63,-35.37,14.31,75.36,-83.4,-157.59
52.383133,-1.451674,142.67,24.25,3,246.01,20 / 21,3280910,2019-09-06 20:14:46:653,0.6101,1.0317,9.0886,-0.0557,-0.006,9.8065,0.1642,0.0335,-0.0734,11.88,-35.94,14.63,75.38,-83.31,-155.65
52.383133,-1.451674,142.67,24.25,3,246.01,20 / 21,3281009,2019-09-06 20:14:46:752,-1.6205,-0.5287,11.0912,0.0251,0.0104,9.8066,0.3804,-0.0825,0.1414,11.5,-36,14.56,77.08,-83.13,-154.37
52.383133,-1.451674,142.67,24.25,3,246.01,20 / 21,3281110,2019-09-06 20:14:46:853,-2.1899,-0.5693,9.8143,0.0315,0.0384,9.8065,-0.2612,0.1026,-0.0891,11.06,-35.94,14.81,75.51,-83.05,-154.05
52.383133,-1.451674,142.67,24.25,3,246.01,20 / 21,3281210,2019-09-06 20:14:46:953,0.6387,0.8228,10.1851,0.0178,0.002,9.8066,0.1386,-0.0637,0.1175,11.44,-36.12,14.63,74.92,-82.85,-155
52.383133,-1.451674,142.67,24.25,3,246.01,20 / 21,3281310,2019-09-06 20:14:47:053,-0.2819,-0.8158,10.3064,0.0112,0.0446,9.8065,-0.1669,0.0337,-0.0839,11.31,-36,15.38,76.13,-82.91,-153.73
52.382477,-1.454721,142.39,24.58,3,252.6,18 / 19,3281410,2019-09-06 20:14:47:153,-0.3262,-0.3545,10.1902,-0.0305,-0.0267,9.8065,-0.0626,0.064,-0.0207,10.88,-35.56,15.19,76.17,-82.95,-153.62
52.382477,-1.454721,142.39,24.58,3,252.6,18 / 19,3281510,2019-09-06 20:14:47:253,0.6056,0.6798,9.7907,-0.0067,-0.0119,9.8066,0.0893,0.0399,-0.0157,11.63,-36.25,14.63,77.33,-82.79,-154.8
52.382477,-1.454721,142.39,24.58,3,252.6,18 / 19,3281610,2019-09-06 20:14:47:353,1.5272,-0.066,9.4758,0.0012,0.0081,9.8066,0.0806,0.1361,0.0665,11.69,-36.06,14.56,77.11,-82.75,-155.09
52.382477,-1.454721,142.39,24.58,3,252.6,18 / 19,3281710,2019-09-06 20:14:47:453,-1.5164,-0.6795,9.8212,-0.0181,-0.0044,9.8065,-0.0699,-0.0169,-0.1275,11.13,-36.12,15.06,75.33,-82.76,-154.79
52.382477,-1.454721,142.39,24.58,3,252.6,18 / 19,3281810,2019-09-06 20:14:47:553,1.1882,1.8798,10.5784,0.0225,0.0139,9.8065,0.0445,-0.1293,-0.0275,11.44,-36,14.88,76.38,-82.8,-153.72
52.382477,-1.454721,142.39,24.58,3,252.6,18 / 19,3281910,2019-09-06 20:14:47:653,0.8568,0.5058,9.8638,0.0461,0.0274,9.8064,-0.1497,-0.013,0.0892,11.38,-36.06,15.25,75.81,-83.04,-153.78
52.382477,-1.454721,142.39,24.58,3,252.6,18 / 19,3282010,2019-09-06 20:14:47:753,1.4742,-0.7403,9.5002,-0.0112,-0.0012,9.8066,-0.0748,0.1218,0.035,11.25,-36.06,14.69,75.7,-82.87,-154.23
52.382477,-1.454721,142.39,24.58,3,252.6,18 / 19,3282110,2019-09-06 20:14:47:853,0.5721,0.8664,9.8059,-0.0212,0.0034,9.8066,0.0321,-0.0104,-0.0663,10.81,-36.12,14.31,78.79,-82.91,-153.74
52.382477,-1.454721,142.39,24.58,3,252.6,18 / 19,3282209,2019-09-06 20:14:47:952,0.852,-1.2526,9.5264,-0.0388,-0.0262,9.8065,-0.0796,0.0311,-0.0589,11.31,-36,14.13,80.03,-82.6,-153.19
52.382477,-1.454721,142.39,24.58,3,252.6,18 / 19,3282310,2019-09-06 20:14:48:053,0.3514,0.0112,9.6742,-0.0483,-0.0351,9.8064,0.0074,0.0467,-0.013,10.94,-35.87,14.69,76.97,-82.55,-153.66
52.382477,-1.454721,142.39,24.58,3,252.6,18 / 19,3282409,2019-09-06 20:14:48:152,-0.676,0.2077,9.9986,0.0087,0.0098,9.8065,0.087,-0.001,0.1324,10.88,-36,15.19,77.82,-82.64,-152.67
52.382477,-1.454721,142.39,24.58,3,252.6,18 / 19,3282510,2019-09-06 20:14:48:253,0.1608,-0.1794,8.8319,-0.042,-0.0003,9.8065,-0.1019,0.0416,-0.0765,10.94,-35.94,14.81,79.22,-82.49,-151.65
52.382477,-1.454721,142.39,24.58,3,252.6,18 / 19,3282609,2019-09-06 20:14:48:352,0.78,0.6234,9.7162,0.0147,0.0075,9.8066,0.0317,-0.0444,0.0753,10.88,-35.94,14.69,79.04,-82.75,-151.29
52.382477,-1.454721,142.39,24.58,3,252.6,18 / 19,3282709,2019-09-06 20:14:48:452,0.0417,-0.7903,11.271,0.0044,0.0079,9.8066,-0.0992,0.0916,-0.025,11.19,-35.87,14.63,79.27,-82.69,-151.18
52.382477,-1.454721,142.39,24.58,3,252.6,18 / 19,3282810,2019-09-06 20:14:48:553,2.2093,-0.3546,9.3998,-0.0308,-0.022,9.8065,-0.0309,0.0398,-0.0209,11.31,-36.12,14.44,81.85,-82.75,-151.13
52.382477,-1.454721,142.39,24.58,3,252.6,18 / 19,3282910,2019-09-06 20:14:48:653,0.7629,0.5763,9.2468,-0.0224,0.0005,9.8065,0.1565,0.1361,-0.1046,10.88,-36.44,14.88,79.66,-82.48,-151.24
52.382477,-1.454721,142.39,24.58,3,252.6,18 / 19,3283010,2019-09-06 20:14:48:753,0.0135,-0.9873,9.0944,0.0355,0.0083,9.8065,0.1987,-0.0334,0.1928,10.69,-36.19,15.13,78.72,-82.66,-151.77
52.382477,-1.454721,142.39,24.58,3,252.6,18 / 19,3283110,2019-09-06 20:14:48:853,0.1101,-1.1172,9.7829,-0.0472,-0.0451,9.8064,-0.2159,0.0327,-0.0064,10.56,-36.12,15.06,81.36,-82.78,-148.99
52.382477,-1.454721,142.39,24.58,3,252.6,18 / 19,3283210,2019-09-06 20:14:48:953,1.9718,-0.6351,10.1257,-0.0426,-0.038,9.8065,-0.1012,0.0017,-0.0341,10.5,-36.31,14.75,80.7,-82.54,-150.1
52.382477,-1.454721,142.39,24.58,3,252.6,18 / 19,3283310,2019-09-06 20:14:49:053,0.3406,-0.2955,9.6119,0.0086,0.0009,9.8066,-0.0268,0.0161,0.0287,10.88,-36.31,14.75,80.39,-82.6,-150.29
52.382477,-1.454721,142.39,24.58,3,252.6,18 / 19,3283410,2019-09-06 20:14:49:153,1.9825,0.0244,9.7876,-0.0161,-0.0261,9.8065,-0.2315,0.071,0.0499,10.44,-36.56,15.31,78.61,-82.66,-150.18
52.382477,-1.454721,142.39,24.58,3,252.6,18 / 19,3283509,2019-09-06 20:14:49:252,1.8879,0.9017,9.681,-0.0349,-0.0223,9.8065,0.1268,-0.0449,-0.0298,11.25,-36.12,15.44,79.95,-82.55,-150.81
52.382477,-1.454721,142.39,24.58,3,252.6,18 / 19,3283610,2019-09-06 20:14:49:353,0.2391,0.245,10.3253,-0.0034,0.0101,9.8066,0.0991,-0.0154,0.0019,10.75,-36,14.94,81.86,-82.62,-148.83
52.382477,-1.454721,142.39,24.58,3,252.6,18 / 19,3283710,2019-09-06 20:14:49:453,0.2704,-0.8855,8.9279,-0.0089,0.0112,9.8065,-0.19,0.0227,0.0681,10.44,-36.75,15.13,81.29,-82.61,-147.72
52.382477,-1.454721,142.39,24.58,3,252.6,18 / 19,3283810,2019-09-06 20:14:49:553,1.6535,0.6146,9.9612,-0.0198,-0.0009,9.8065,-0.1132,0.0347,-0.0165,10.44,-36.56,15.88,80.1,-82.52,-146.69
52.382477,-1.454721,142.39,24.58,3,252.6,18 / 19,3283910,2019-09-06 20:14:49:653,-0.9428,0.3303,10.3703,0.0072,-0.0228,9.8065,-0.0417,0.1065,-0.0846,10.63,-36.06,15.5,81.28,-82.54,-147.18
52.382477,-1.454721,142.39,24.58,3,252.6,18 / 19,3284010,2019-09-06 20:14:49:753,0.6932,-0.4835,10.2495,-0.0159,-0.0164,9.8066,0.0094,0.0107,-0.0093,10.5,-35.75,15.31,83.68,-82.37,-147.56
52.382477,-1.454721,142.39,24.58,3,252.6,18 / 19,3284110,2019-09-06 20:14:49:853,0.7521,-0.7673,9.6486,0.0051,0.0055,9.8066,-0.0327,-0.0029,0.115,10,-36.12,14.94,81.18,-82.38,-147.89
52.382477,-1.454721,142.39,24.58,3,252.6,18 / 19,3284210,2019-09-06 20:14:49:953,0.4791,0.521,9.7864,-0.0085,0.0236,9.8065,0.0023,0.0822,-0.0211,9.81,-36.31,15,83.42,-82.38,-145.72
52.382477,-1.454721,142.39,24.58,3,252.6,18 / 19,3284310,2019-09-06 20:14:50:053,0.4743,-0.5721,9.7129,-0.0029,-0.0111,9.8066,0.0431,-0.0262,-0.0013,9.94,-36.37,14.75,83.03,-82.34,-146.18
52.382477,-1.454721,142.39,24.58,3,252.6,18 / 20,3284409,2019-09-06 20:14:50:152,0.9679,0.0718,9.8645,0.0147,0.0019,9.8066,0.0611,0.016,-0.0239,10.19,-36.69,15.31,82.75,-82.38,-146.81
52.382477,-1.454721,142.39,24.58,3,252.6,18 / 20,3284510,2019-09-06 20:14:50:253,-0.0673,0.5863,9.7973,0.0273,0.0205,9.8066,-0.161,0.0457,-0.0729,10.44,-35.94,15.56,79.33,-82.41,-147.24
52.382477,-1.454721,142.39,24.58,3,252.6,18 / 20,3284609,2019-09-06 20:14:50:352,1.0517,-0.1586,9.3704,-0.012,-0.0287,9.8066,-0.144,-0.0212,0.081,10.38,-36.75,15.88,79.82,-82.41,-147.18
52.382477,-1.454721,142.39,24.58,3,252.6,18 / 20,3284710,2019-09-06 20:14:50:453,-0.1984,-0.2829,9.1639,-0.0307,-0.0166,9.8065,-0.0859,0.067,-0.0746,10.44,-36.37,15.88,79.32,-82.43,-147.2
52.382477,-1.454721,142.39,24.58,3,252.6,18 / 20,3284810,2019-09-06 20:14:50:553,1.5431,-0.1357,10.5754,0.0399,0.0285,9.8064,0.2552,-0.0402,0.0451,10.31,-36.12,15.5,79.21,-82.81,-146.56
52.382477,-1.454721,142.39,24.58,3,252.6,18 / 20,3284910,2019-09-06 20:14:50:653,0.8839,0.2505,10.1898,-0.0022,0.0036,9.8066,0.0176,-0.0031,0.0011,10,-36.69,15.69,79.44,-82.59,-147.17
52.382477,-1.454721,142.39,24.58,3,252.6,18 / 20,3285010,2019-09-06 20:14:50:753,0.3831,0.892,10.162,0.016,0.0223,9.8066,0.0557,-0.0494,0.1123,9.63,-36.31,15.56,78.89,-82.65,-147.19
52.382477,-1.454721,142.39,24.58,3,252.6,18 / 20,3285109,2019-09-06 20:14:50:852,-0.6004,-0.4289,10.3706,0.0124,0.0349,9.8065,-0.0928,0.1081,-0.0641,10.38,-36.87,16.13,80.64,-82.6,-145.99
52.382477,-1.454721,142.39,24.58,3,252.6,18 / 20,3285210,2019-09-06 20:14:50:953,0.3352,1.192,10.1218,-0.0379,-0.0434,9.8065,-0.0111,-0.0488,0.0279,10,-36.12,16.06,80.51,-82.67,-145.58
52.382477,-1.454721,142.39,24.58,3,252.6,18 / 20,3285309,2019-09-06 20:14:51:052,-1.3635,-2.1893,10.0812,-0.0251,-0.0385,9.8064,-0.1111,0.1659,-0.0991,10.19,-35.87,15.69,79.07,-82.39,-147.52
52.382477,-1.454721,142.39,24.58,3,252.6,19 / 21,3285410,2019-09-06 20:14:51:153,-0.6799,0.7949,10.3635,-0.0072,0.0114,9.8066,0.0268,-0.0658,-0.0042,10.69,-35.87,15.94,81.01,-82.51,-147.5
52.382477,-1.454721,142.39,24.58,3,252.6,19 / 21,3285509,2019-09-06 20:14:51:252,1.0714,-2.9127,8.9425,0.0288,0.0133,9.8066,-0.2819,-0.2151,0.1706,9.69,-36.25,15.69,79.18,-82.58,-147.04
52.382477,-1.454721,142.39,24.58,3,252.6,19 / 21,3285610,2019-09-06 20:14:51:353,2.6342,-2.1396,9.1492,-0.0277,-0.0155,9.8065,-0.1987,0.0343,-0.0604,10.56,-36.69,15.88,80.27,-82.61,-148.41
52.382477,-1.454721,142.39,24.58,3,252.6,19 / 21,3285709,2019-09-06 20:14:51:452,-0.4439,-2.2031,9.5187,-0.0078,-0.0282,9.8065,0.0713,0.0096,0.0384,10.38,-36.37,16.56,75.5,-82.39,-148.74
52.382477,-1.454721,142.39,24.58,3,252.6,19 / 21,3285810,2019-09-06 20:14:51:553,0.0521,-1.9367,9.8724,0.0072,0.0118,9.8065,0.0997,0.0443,-0.0482,10.13,-36.12,16.31,78.52,-82.48,-147.88
52.382477,-1.454721,142.39,24.58,3,252.6,19 / 21,3285909,2019-09-06 20:14:51:652,1.3946,-0.9086,9.4666,0.0134,0.0036,9.8065,-0.0095,-0.0518,0.0919,9.88,-36.25,16.19,78.19,-82.48,-148.17
52.382477,-1.454721,142.39,24.58,3,252.6,19 / 21,3286009,2019-09-06 20:14:51:752,0.7382,-0.2947,10.6092,-0.0003,0.005,9.8066,0.0031,0.0717,-0.0686,10.06,-36.5,16.38,78.04,-82.59,-148.1
52.382477,-1.454721,142.39,24.58,3,252.6,19 / 21,3286110,2019-09-06 20:14:51:853,0.3476,-1.294,10.3628,-0.0271,-0.0371,9.8065,-0.0897,0.0304,0.0547,10.5,-36,16.88,76.93,-82.74,-148.83
52.382477,-1.454721,142.39,24.58,3,252.6,19 / 21,3286210,2019-09-06 20:14:51:953,0.6105,-1.3172,9.8946,-0.021,-0.0207,9.8066,-0.093,0.0605,-0.0397,9.75,-36.37,16.06,76.43,-82.59,-149.63
52.382477,-1.454721,142.39,24.58,3,252.6,19 / 20,3286311,2019-09-06 20:14:52:054,0.1892,-0.9962,9.5341,0.0033,-0.0208,9.8065,0.0559,0.0405,-0.0026,10.69,-36,16.69,75.07,-82.48,-151.06
52.382477,-1.454721,142.39,24.58,3,252.6,17 / 20,3286409,2019-09-06 20:14:52:152,-0.0479,1.3375,10.786,-0.0009,-0.0015,9.8066,0.0754,-0.1037,0.0609,10.44,-35.87,16.38,74.96,-82.64,-150.93
52.382477,-1.454721,142.39,24.58,3,252.6,17 / 20,3286510,2019-09-06 20:14:52:253,0.7992,-0.2978,8.3893,0.0175,0.0229,9.8065,-0.0302,-0.0349,-0.075,9.88,-35.87,16,75.4,-82.61,-150.58
52.382477,-1.454721,142.39,24.58,3,252.6,17 / 20,3286609,2019-09-06 20:14:52:352,2.8752,0.8125,8.2438,0.037,0.0367,9.8064,-0.1378,0.0724,0.0122,10.19,-36.25,16.38,76.15,-83.01,-149.08
52.382477,-1.454721,142.39,24.58,3,252.6,17 / 20,3286710,2019-09-06 20:14:52:453,-0.0612,0.1482,9.1993,-0.0039,0.0002,9.8066,0.0445,0.0807,-0.0956,10.63,-36.81,16.38,78.43,-83.14,-149.15
52.382477,-1.454721,142.39,24.58,3,252.6,17 / 20,3286809,2019-09-06 20:14:52:552,0.958,-1.0127,10.3091,-0.0032,-0.0006,9.8066,0.0864,-0.1048,0.1014,10.31,-36.5,16.31,75.61,-83.12,-149.37
52.382477,-1.454721,142.39,24.58,3,252.6,17 / 20,3286910,2019-09-06 20:14:52:653,-1.3026,-1.3572,12.2382,0.0162,0.0244,9.8065,0.1223,0.0329,0.0361,10.25,-36.06,17.06,74.18,-82.89,-149.05
52.382477,-1.454721,142.39,24.58,3,252.6,17 / 20,3287009,2019-09-06 20:14:52:752,0.4633,0.248,11.0856,0.0191,0.0139,9.8066,0.2071,-0.0205,-0.015,10.25,-36.12,16.94,74.23,-82.56,-149.6
52.382477,-1.454721,142.39,24.58,3,252.6,17 / 20,3287110,2019-09-06 20:14:52:853,0.979,-0.713,9.5153,0.0508,0.0507,9.8064,-0.251,-0.0135,0.0244,10.13,-36.25,16.69,74.2,-82.74,-149.32
52.382477,-1.454721,142.39,24.58,3,252.6,17 / 20,3287209,2019-09-06 20:14:52:952,1.4901,-0.2686,9.4476,-0.0124,-0.0012,9.8066,-0.116,0.0669,-0.0299,10.19,-35.81,16.31,76.96,-82.81,-148.69
52.382477,-1.454721,142.39,24.58,3,252.6,17 / 20,3287309,2019-09-06 20:14:53:052,0.548,-0.0763,10.2649,0.0043,0.0063,9.8066,0.0684,0.0164,-0.0283,10.06,-35.75,16.06,77.16,-82.94,-148.25
52.382477,-1.454721,142.39,24.58,3,252.6,20 / 21,3287409,2019-09-06 20:14:53:152,-0.2092,-1.3098,9.2302,-0.0456,-0.0407,9.8064,-0.1327,0.0719,-0.0734,10.06,-36.44,16.75,74.61,-82.87,-148.68
52.382477,-1.454721,142.39,24.58,3,252.6,20 / 21,3287509,2019-09-06 20:14:53:252,2.8511,-0.1937,10.3178,-0.0184,-0.0417,9.8065,0.1615,-0.1146,0.0413,9.5,-35.75,17.31,72.59,-82.57,-151.13
52.382477,-1.454721,142.39,24.58,3,252.6,20 / 21,3287610,2019-09-06 20:14:53:353,1.3695,-1.0361,10.9786,0.0381,0.0311,9.8065,0.1462,0.0374,-0.1115,9.63,-35.56,16.88,72.83,-82.64,-150.77
52.382477,-1.454721,142.39,24.58,3,252.6,20 / 21,3287709,2019-09-06 20:14:53:452,0.8136,-0.0007,10.1369,0.0552,0.0587,9.8062,-0.0963,0.0575,0.0891,10.38,-36.12,17.06,72.48,-82.72,-150.97
52.382477,-1.454721,142.39,24.58,3,252.6,20 / 21,3287809,2019-09-06 20:14:53:552,0.9869,-0.1765,9.1842,-0.0277,-0.0219,9.8065,-0.1025,0.0558,-0.0019,9.63,-35.94,16.88,72.97,-82.56,-150.79
52.382477,-1.454721,142.39,24.58,3,252.6,20 / 21,3287910,2019-09-06 20:14:53:653,1.1205,0.2384,9.6957,-0.0212,-0.0289,9.8066,-0.0671,0.047,-0.0377,9.69,-36.37,16,75.45,-82.66,-150.43
52.382477,-1.454721,142.39,24.58,3,252.6,20 / 21,3288010,2019-09-06 20:14:53:753,0.4872,0.2426,10.3151,-0.0111,-0.0198,9.8065,0.0148,-0.0046,0.0267,9.5,-35.62,17.31,72.92,-82.76,-150.47
52.382477,-1.454721,142.39,24.58,3,252.6,20 / 21,3288110,2019-09-06 20:14:53:853,1.5984,-0.7166,8.5047,-0.0049,-0.0141,9.8065,-0.3887,-0.032,0.0766,9.81,-35.31,16.81,71.53,-82.73,-151.47
52.382477,-1.454721,142.39,24.58,3,252.6,20 / 21,3288209,2019-09-06 20:14:53:952,2.8722,-0.4556,9.5466,-0.0604,-0.0691,9.8062,-0.3565,0.1072,-0.038,10,-35.69,17.19,70.66,-82.48,-153.09
52.382477,-1.454721,142.39,24.58,3,252.6,20 / 21,3288309,2019-09-06 20:14:54:052,0.2222,0.0425,9.7296,-0.0458,-0.0436,9.8064,0.0694,0.1201,-0.0469,9.94,-36.31,17.44,71.44,-82.62,-152.1
52.382477,-1.454721,142.39,24.58,3,252.6,19 / 20,3288410,2019-09-06 20:14:54:153,0.0262,0.4054,9.4745,0.0206,0.019,9.8065,0.0159,-0.026,0.0628,10.31,-36.06,17.25,72.53,-82.89,-150.59
52.382477,-1.454721,142.39,24.58,3,252.6,19 / 20,3288509,2019-09-06 20:14:54:252,1.4062,-1.4308,8.9371,0.0019,0.001,9.8066,-0.0484,-0.0103,-0.0058,10.06,-36.37,17.31,72.69,-82.88,-150.46
52.382477,-1.454721,142.39,24.58,3,252.6,19 / 20,3288610,2019-09-06 20:14:54:353,0.8778,0.8557,9.8503,0.0414,0.0211,9.8065,0.1296,-0.0385,0.08,10.19,-35.94,17.25,71.57,-82.89,-151.49
52.382477,-1.454721,142.39,24.58,3,252.6,19 / 20,3288709,2019-09-06 20:14:54:452,-0.6503,-0.0969,9.7625,-0.0064,0.0085,9.8066,0.0652,0.1205,-0.0893,9.94,-35.62,16.88,71.23,-82.96,-151.69
52.382477,-1.454721,142.39,24.58,3,252.6,19 / 20,3288809,2019-09-06 20:14:54:552,1.9058,-0.2899,9.8298,-0.004,-0.0028,9.8066,-0.1376,0.1017,0.0604,9.81,-36.06,17.31,71.02,-82.94,-151.92
52.382477,-1.454721,142.39,24.58,3,252.6,19 / 20,3288910,2019-09-06 20:14:54:653,0.1412,0.3215,9.1505,-0.0058,0.0035,9.8066,0.0745,0.0427,-0.061,9.75,-35.94,17.44,71.53,-82.89,-151.54
52.382477,-1.454721,142.39,24.58,3,252.6,19 / 20,3289010,2019-09-06 20:14:54:753,0.227,-1.033,10.0213,0.0342,0.0249,9.8065,0.0729,0.004,0.0477,9.88,-36.25,17.56,70.11,-82.98,-150.75
52.382477,-1.454721,142.39,24.58,3,252.6,19 / 20,3289109,2019-09-06 20:14:54:852,0.3508,-1.3834,9.762,0.0124,0.0271,9.8065,0.0919,0.0702,0.0142,9.69,-36.06,17.75,70.4,-83,-150.45
52.382477,-1.454721,142.39,24.58,3,252.6,19 / 20,3289209,2019-09-06 20:14:54:952,-0.5249,-1.6948,9.836,-0.0239,-0.0065,9.8066,-0.1564,0.0702,-0.1,9.38,-36,17.13,70.1,-82.99,-150.42
52.382477,-1.454721,142.39,24.58,3,252.6,19 / 20,3289309,2019-09-06 20:14:55:052,1.4997,0.8969,10.4764,0.0066,-0.0117,9.8066,0.1922,0.0312,-0.0006,9.88,-36.56,17.69,70.15,-82.9,-151.2
52.382477,-1.454721,142.39,24.58,3,252.6,19 / 20,3289410,2019-09-06 20:14:55:153,1.4006,0.8704,9.4843,0.0133,0.0266,9.8065,0.0673,0.0082,-0.0659,9.44,-36.44,17.56,67.85,-82.96,-150.67
52.382477,-1.454721,142.39,24.58,3,252.6,19 / 20,3289510,2019-09-06 20:14:55:253,1.2386,-0.4031,9.4507,0.0079,-0.007,9.8066,-0.1058,-0.0424,0.0398,9.31,-35.81,17.63,67.32,-83.07,-150.96
52.382477,-1.454721,142.39,24.58,3,252.6,19 / 20,3289610,2019-09-06 20:14:55:353,1.348,-0.3961,10.0075,0.0013,0.0002,9.8066,-0.0824,0.0873,-0.0612,9.13,-36.37,17.88,66.53,-83.19,-151.48
52.382477,-1.454721,142.39,24.58,3,252.6,19 / 20,3289709,2019-09-06 20:14:55:452,1.3071,-0.3591,10.1463,0.0149,-0.0032,9.8066,0.0728,-0.0353,0.0122,9.38,-35.87,17.88,65.31,-83.21,-152.55
52.382477,-1.454721,142.39,24.58,3,252.6,19 / 20,3289810,2019-09-06 20:14:55:553,0.5168,-1.7324,9.3188,0.0022,0.0007,9.8066,0.0361,0.055,-0.0858,9.69,-36.06,17.88,67.96,-83.03,-152.65
52.382477,-1.454721,142.39,24.58,3,252.6,19 / 20,3289910,2019-09-06 20:14:55:653,0.872,0.4916,9.7556,-0.0059,-0.029,9.8066,0.098,-0.044,0.0638,9.38,-35.94,17.81,64.2,-83.01,-153.9
52.382477,-1.454721,142.39,24.58,3,252.6,19 / 20,3290009,2019-09-06 20:14:55:752,0.4944,0.4662,10.2782,0.0184,0.0144,9.8065,-0.025,-0.0016,-0.0622,9.81,-35.69,17.75,67.29,-83.24,-152.91
52.382477,-1.454721,142.39,24.58,3,252.6,19 / 20,3290110,2019-09-06 20:14:55:853,0.7217,-0.6876,9.4846,0.0021,-0.0107,9.8066,-0.0924,0.0606,0.0926,9.94,-35.87,17.81,66.4,-83.47,-153.35
52.382477,-1.454721,142.39,24.58,3,252.6,19 / 20,3290210,2019-09-06 20:14:55:953,1.6019,-1.1114,8.8836,-0.0075,-0.0115,9.8066,-0.173,0.0286,0.0141,9.25,-36.31,17.94,63,-83.42,-154.3
52.382477,-1.454721,142.39,24.58,3,252.6,19 / 20,3290310,2019-09-06 20:14:56:053,1.4961,0.6681,10.0815,-0.0187,-0.0294,9.8065,0.1296,-0.0627,-0.0101,9.94,-35.87,17.88,65.32,-83.31,-154.61
52.381763,-1.45768,141.62,23.63,4,242.4,21 / 22,3290409,2019-09-06 20:14:56:152,0.4259,-1.2429,9.8676,0.0122,0.013,9.8065,0.0426,0.0264,-0.0347,9.88,-36.37,18.31,65.04,-83.36,-154.79
52.381763,-1.45768,141.62,23.63,4,242.4,21 / 22,3290510,2019-09-06 20:14:56:253,1.2756,0.2721,9.5426,0.0247,0.0231,9.8065,-0.0073,0.0426,-0.0212,9.88,-35.81,18,64.4,-83.53,-155.09
52.381763,-1.45768,141.62,23.63,4,242.4,21 / 22,3290609,2019-09-06 20:14:56:352,-0.6164,0.2116,9.3361,0.028,0.0077,9.8066,-0.0195,0.0493,-0.0053,9.31,-35.75,17.63,61.51,-83.7,-155.17
52.381763,-1.45768,141.62,23.63,4,242.4,21 / 22,3290709,2019-09-06 20:14:56:452,-0.2322,-0.8287,9.6022,0.0049,0.0268,9.8066,-0.0277,0.2278,-0.171,9.44,-35.69,18.69,59.41,-83.82,-155.25
52.381763,-1.45768,141.62,23.63,4,242.4,21 / 22,3290810,2019-09-06 20:14:56:553,-1.3518,0.3491,10.2057,-0.0117,-0.0267,9.8066,0.0527,-0.0867,0.1755,9.38,-35.94,18.06,60.05,-83.67,-156.55
52.381763,-1.45768,141.62,23.63,4,242.4,21 / 22,3290909,2019-09-06 20:14:56:652,3.2347,-1.529,10.6577,-0.0501,-0.0336,9.8064,0.1723,-0.0904,0.0737,9.81,-35.37,17.94,63.19,-83.39,-156.13
52.381763,-1.45768,141.62,23.63,4,242.4,21 / 22,3291010,2019-09-06 20:14:56:753,0.4623,-0.8161,8.9759,0.0092,0.0304,9.8066,-0.0486,0.0226,-0.0732,9.63,-35.75,18.19,62.64,-83.43,-156.85
52.381763,-1.45768,141.62,23.63,4,242.4,21 / 22,3291110,2019-09-06 20:14:56:853,0.7512,-1.8119,9.1372,0.0185,0.0275,9.8065,-0.0282,-0.0457,0.0275,9.38,-35.37,18.63,60.02,-83.46,-154.98
52.381763,-1.45768,141.62,23.63,4,242.4,21 / 22,3291210,2019-09-06 20:14:56:953,1.0904,0.9147,9.7134,0.0268,0.019,9.8065,0.0417,-0.0967,0.0531,9.06,-35.87,18.63,60.6,-83.63,-154.47
52.381763,-1.45768,141.62,23.63,4,242.4,21 / 22,3291310,2019-09-06 20:14:57:053,1.8731,-0.3285,8.3539,0.0119,0.0093,9.8066,-0.1397,0.1396,-0.0798,9.63,-36.06,18.44,64.68,-83.65,-154.62
52.381763,-1.45768,141.62,23.63,4,242.4,20 / 21,3291410,2019-09-06 20:14:57:153,-0.4748,1.002,11.2926,0.0204,0.0256,9.8065,0.0711,-0.0702,-0.0038,9.75,-35.25,18,62.82,-83.96,-155.56
52.381763,-1.45768,141.62,23.63,4,242.4,20 / 21,3291509,2019-09-06 20:14:57:252,-1.0256,-0.8557,9.1886,0.0474,0.0586,9.8063,-0.218,0.0462,-0.0312,9.44,-35.5,18.06,60.71,-84.09,-155
52.381763,-1.45768,141.62,23.63,4,242.4,20 / 21,3291609,2019-09-06 20:14:57:352,1.2704,-0.1234,10.4585,-0.008,-0.011,9.8066,0.0582,-0.0811,0.1429,9.5,-35.5,18.63,58.94,-83.9,-157.53
52.381763,-1.45768,141.62,23.63,4,242.4,20 / 21,3291710,2019-09-06 20:14:57:453,-0.6626,-0.543,10.2328,-0.0147,-0.0025,9.8066,0.0649,-0.0327,-0.0511,9,-35.81,18.69,57.65,-83.65,-157.11
52.381763,-1.45768,141.62,23.63,4,242.4,20 / 21,3291810,2019-09-06 20:14:57:553,0.4489,0.3631,9.7841,-0.0189,-0.0125,9.8066,-0.0389,-0.07,0.0256,9.5,-35.81,18.5,60.56,-83.58,-156.79
52.381763,-1.45768,141.62,23.63,4,242.4,20 / 21,3291910,2019-09-06 20:14:57:653,0.3044,-1.3711,9.1545,-0.0119,-0.0068,9.8066,-0.0319,-0.0148,0.0554,9.06,-35.44,17.94,60.94,-83.56,-155.64
52.381763,-1.45768,141.62,23.63,4,242.4,20 / 21,3292009,2019-09-06 20:14:57:752,-0.1823,-0.9199,10.1616,0.0145,0.0184,9.8066,0.034,0.0266,0.0139,9.5,-35.87,18.63,62.64,-83.8,-154.55
52.381763,-1.45768,141.62,23.63,4,242.4,20 / 21,3292109,2019-09-06 20:14:57:852,-0.5228,0.4608,10.2061,0.0358,0.0308,9.8064,-0.1071,0.0926,-0.1466,9.31,-35.12,19.06,59.03,-83.96,-155.14
52.381763,-1.45768,141.62,23.63,4,242.4,20 / 21,3292210,2019-09-06 20:14:57:953,-1.0099,-1.3307,10.3775,-0.01,-0.0607,9.8064,-0.0292,0.0186,0.0922,9.13,-35.06,18.25,59.43,-84.09,-156.18
52.381763,-1.45768,141.62,23.63,4,242.4,20 / 21,3292310,2019-09-06 20:14:58:053,1.948,0.1957,10.0437,-0.0191,-0.0318,9.8065,0.0212,0.0272,-0.007,9.44,-35.5,18.38,56.09,-83.86,-159.55
52.381763,-1.45768,141.62,23.63,4,242.4,20 / 22,3292409,2019-09-06 20:14:58:152,0.4237,-0.8655,9.3287,0.0378,0.0192,9.8065,0.0907,-0.0149,0.0303,9.38,-35.25,18.94,53.68,-83.9,-160.04
52.381763,-1.45768,141.62,23.63,4,242.4,20 / 22,3292510,2019-09-06 20:14:58:253,1.3787,-0.6004,9.895,0.0045,0.0079,9.8066,-0.0417,-0.0573,0.1828,9.69,-35.75,18.88,56.11,-83.8,-160.49
52.381763,-1.45768,141.62,23.63,4,242.4,20 / 22,3292609,2019-09-06 20:14:58:352,1.4024,0.8783,9.9627,-0.0085,0.0214,9.8066,-0.1346,0.0232,-0.1197,9.19,-35.75,18.88,55.88,-83.84,-158.41
52.381763,-1.45768,141.62,23.63,4,242.4,20 / 22,3292710,2019-09-06 20:14:58:453,1.1209,0.7092,9.9625,0.0312,0.0159,9.8065,0.0886,0.0232,0.0079,9.25,-35.94,19.06,55.41,-84.04,-158.53
52.381763,-1.45768,141.62,23.63,4,242.4,20 / 22,3292809,2019-09-06 20:14:58:552,-0.9139,-1.1622,9.9992,0.0139,0.0151,9.8066,0.1091,0.0645,0.0662,9.56,-35.31,18.63,57.16,-83.89,-159.17
52.381763,-1.45768,141.62,23.63,4,242.4,20 / 22,3292909,2019-09-06 20:14:58:652,0.7055,-0.7394,10.3697,0.025,0.0376,9.8065,0.1894,-0.0497,0.0476,9.31,-34.94,18.75,54.82,-84.05,-158.81
52.381763,-1.45768,141.62,23.63,4,242.4,20 / 22,3293009,2019-09-06 20:14:58:752,-1.2204,-0.467,10.0449,-0.0093,-0.0286,9.8065,-0.1091,-0.015,0.0434,9.38,-35.25,19.38,53.91,-83.78,-160
52.381763,-1.45768,141.62,23.63,4,242.4,20 / 22,3293110,2019-09-06 20:14:58:853,0.7396,0.0576,9.7456,-0.003,0.0149,9.8066,-0.046,0.0489,0.0172,9.06,-35.06,19.13,54.55,-84.03,-159.08
52.381763,-1.45768,141.62,23.63,4,242.4,20 / 22,3293210,2019-09-06 20:14:58:953,1.3745,0.0271,10.5922,-0.0104,-0.0233,9.8066,0.0894,0.0856,-0.0361,9.19,-35,18.88,54.74,-83.96,-159.01
52.381763,-1.45768,141.62,23.63,4,242.4,20 / 22,3293310,2019-09-06 20:14:59:053,-0.0099,-1.7679,10.6271,0.0029,-0.0139,9.8065,-0.1077,-0.0444,0.023,8.94,-35.62,19.19,53.9,-84.09,-159.8
52.381763,-1.45768,141.62,23.63,4,242.4,20 / 21,3293410,2019-09-06 20:14:59:153,0.0282,-1.804,10.3015,-0.0161,-0.006,9.8066,-0.0962,-0.0589,-0.0659,9.25,-35.62,19.81,52.8,-83.92,-159.56
52.381763,-1.45768,141.62,23.63,4,242.4,20 / 21,3293509,2019-09-06 20:14:59:252,-1.3538,-2.4701,9.6323,0.0296,0.0241,9.8065,-0.0789,-0.0586,0.1623,8.69,-35.81,19.25,54.79,-83.91,-159.28
52.381763,-1.45768,141.62,23.63,4,242.4,20 / 21,3293610,2019-09-06 20:14:59:353,0.7057,0.2222,9.2117,-0.0115,-0.0036,9.8066,-0.0241,0.0982,-0.1176,8.5,-35.06,19.06,55.64,-83.98,-158.17
52.381763,-1.45768,141.62,23.63,4,242.4,20 / 21,3293710,2019-09-06 20:14:59:453,1.6017,0.0389,9.7325,-0.0079,-0.0493,9.8065,0.129,0.0584,0.0086,8.44,-35.44,19.13,50.76,-84.05,-160.08
52.381763,-1.45768,141.62,23.63,4,242.4,20 / 21,3293810,2019-09-06 20:14:59:553,-0.3178,-0.3552,10.4459,0.0023,0.002,9.8066,0.0467,-0.0104,0.0667,9.13,-35.06,19.75,49.05,-84.16,-162.4
52.381763,-1.45768,141.62,23.63,4,242.4,20 / 21,3293910,2019-09-06 20:14:59:653,-0.1646,0.1167,10.0882,-0.0024,-0.0013,9.8066,0.0644,0.0091,-0.0692,9.31,-35.12,19.31,51.06,-84.05,-162.17
52.381763,-1.45768,141.62,23.63,4,242.4,20 / 21,3294010,2019-09-06 20:14:59:753,-0.4791,-0.1104,10.5411,0.0303,0.0133,9.8065,0.1708,0.0099,0.0227,9.13,-34.87,19.38,51.17,-83.89,-162.3
52.381763,-1.45768,141.62,23.63,4,242.4,20 / 21,3294110,2019-09-06 20:14:59:853,0.8143,-0.5584,10.2536,-0.005,-0.0046,9.8066,0.1119,0.1161,-0.0539,9.19,-34.75,19.94,47.78,-83.97,-163.75
52.381763,-1.45768,141.62,23.63,4,242.4,20 / 21,3294210,2019-09-06 20:14:59:953,-0.7103,-0.2275,10.1677,0.0005,-0.0032,9.8066,0.0945,-0.0565,0.1498,9.5,-34.69,19.63,50.73,-83.9,-163.42
52.381763,-1.45768,141.62,23.63,4,242.4,20 / 21,3294310,2019-09-06 20:15:00:053,-0.5047,0.8448,9.1347,-0.0315,-0.0148,9.8065,0.2951,0.2075,-0.1324,8.5,-35.31,19.25,51.92,-83.67,-161.93
52.381763,-1.45768,141.62,23.63,4,242.4,19 / 20,3294409,2019-09-06 20:15:00:152,-1.5233,0.9785,10.4283,0.055,0.0455,9.8063,0.0796,-0.2246,0.2419,9,-34.62,18.88,52.89,-84.21,-160.32
52.381763,-1.45768,141.62,23.63,4,242.4,19 / 20,3294510,2019-09-06 20:15:00:253,0.0413,0.8304,9.8067,-0.007,0.04,9.8065,0.1304,0.0426,-0.1234,7.75,-34.81,18.44,54.48,-84,-158.36
52.381763,-1.45768,141.62,23.63,4,242.4,19 / 20,3294609,2019-09-06 20:15:00:352,1.1545,0.1208,10.3301,0.0243,0.0342,9.8065,0.2324,-0.0478,-0.0057,7.56,-35.37,17.44,55.8,-83.95,-158.93
52.381763,-1.45768,141.62,23.63,4,242.4,19 / 20,3294709,2019-09-06 20:15:00:452,1.3249,0.8411,11.1828,0.0316,0.0233,9.8065,0.0267,0.0394,0.0414,6.38,-36.75,14,56.18,-84.07,-159.24
52.381763,-1.45768,141.62,23.63,4,242.4,19 / 20,3294810,2019-09-06 20:15:00:553,1.3514,-0.0407,11.0495,0.0436,0.0228,9.8065,0.219,-0.0112,-0.0333,2.88,-46.87,11.69,49.47,-84.09,-162.09
52.381763,-1.45768,141.62,23.63,4,242.4,19 / 20,3294909,2019-09-06 20:15:00:652,2.2424,0.7383,10.4283,0.0239,0.0577,9.8064,-0.0386,0.0537,0.0339,0.25,-58,16.31,26.83,-83.86,-163.39
52.381763,-1.45768,141.62,23.63,4,242.4,19 / 20,3295010,2019-09-06 20:15:00:753,-0.7247,-0.5958,8.9283,-0.012,-0.029,9.8065,0.1389,-0.0601,0.1004,3.81,-54.87,32.06,27.48,-83.7,-164.75
52.381763,-1.45768,141.62,23.63,4,242.4,19 / 20,3295110,2019-09-06 20:15:00:853,0.4712,0.7007,9.7219,-0.0305,-0.0148,9.8065,0.003,0.0501,0.035,7.13,-37.62,29.19,37.04,-83.7,-161.54
52.381763,-1.45768,141.62,23.63,4,242.4,19 / 20,3295210,2019-09-06 20:15:00:953,0.5482,0.0192,9.5954,-0.0139,0.0114,9.8066,0.0983,-0.0077,0.0677,7.81,-35.37,23.13,45.06,-83.88,-160.53
52.381763,-1.45768,141.62,23.63,4,242.4,19 / 20,3295310,2019-09-06 20:15:01:053,0.8225,-0.6045,9.4848,-0.0072,-0.0445,9.8065,-0.2602,0.02,-0.0252,8.19,-35.56,21.69,48.39,-83.98,-158.7
52.381763,-1.45768,141.62,23.63,4,242.4,20 / 21,3295409,2019-09-06 20:15:01:152,1.068,-0.1859,10.3242,-0.0134,-0.046,9.8065,-0.1174,0.008,-0.0127,7.81,-35.12,21.63,45.45,-83.73,-161.41
52.381763,-1.45768,141.62,23.63,4,242.4,20 / 21,3295510,2019-09-06 20:15:01:253,1.6678,0.3636,10.1102,0.0075,-0.0066,9.8066,-0.0455,-0.0134,0.0282,8.25,-35.25,21.13,46.6,-83.64,-161.65
52.381763,-1.45768,141.62,23.63,4,242.4,20 / 21,3295610,2019-09-06 20:15:01:353,1.4668,-0.1854,11.1226,-0.0181,-0.0256,9.8066,-0.0645,0.0939,-0.0064,8.31,-35.44,20.63,46.41,-83.53,-161.96
52.381763,-1.45768,141.62,23.63,4,242.4,20 / 21,3295710,2019-09-06 20:15:01:453,-0.2053,-0.1323,9.7445,0.0017,0.0042,9.8066,-0.0961,0.0687,-0.0463,8.25,-35.31,20.88,46.11,-83.69,-162.03
52.381763,-1.45768,141.62,23.63,4,242.4,20 / 21,3295810,2019-09-06 20:15:01:553,1.3406,0.6355,9.585,0.0057,0.0196,9.8066,-0.0864,-0.0097,-0.0263,7.94,-35.5,20.44,48.03,-83.65,-161.66
52.381763,-1.45768,141.62,23.63,4,242.4,20 / 21,3295910,2019-09-06 20:15:01:653,-0.1486,-1.4323,8.8679,0.0043,0.0209,9.8066,-0.0519,0.0658,-0.0046,7.94,-35.5,20.38,49.35,-83.74,-160.37
52.381763,-1.45768,141.62,23.63,4,242.4,20 / 21,3296009,2019-09-06 20:15:01:752,0.6734,1.2656,10.2678,-0.0066,-0.0382,9.8065,-0.0493,0.0463,0.0342,7.88,-34.75,21.13,46.23,-83.72,-161.89
52.381763,-1.45768,141.62,23.63,4,242.4,20 / 21,3296110,2019-09-06 20:15:01:853,-0.0633,-2.342,10.3772,0.0049,-0.0044,9.8066,0.0946,0.0495,-0.0113,7.88,-35.56,20.44,46.91,-83.83,-162.62
52.381763,-1.45768,141.62,23.63,4,242.4,20 / 21,3296210,2019-09-06 20:15:01:953,0.9501,0.1968,9.9644,-0.0295,-0.0266,9.8065,-0.0637,0.0565,-0.0465,7.63,-35.19,20.56,46.16,-83.66,-162.02
52.381763,-1.45768,141.62,23.63,4,242.4,20 / 21,3296310,2019-09-06 20:15:02:053,0.0536,-1.1196,10.8344,0.0037,-0.0098,9.8065,-0.0194,0.0377,0.0339,8.06,-35.5,20.94,45.9,-83.73,-162.16
52.381763,-1.45768,141.62,23.63,4,242.4,20 / 21,3296409,2019-09-06 20:15:02:152,0.2368,-1.6892,10.1433,-0.0013,-0.0142,9.8066,0.1035,0.0457,-0.0211,8.13,-35.19,21.19,44.51,-83.64,-163.49
52.381763,-1.45768,141.62,23.63,4,242.4,20 / 21,3296510,2019-09-06 20:15:02:253,1.0832,-0.7972,9.5917,0.0024,0.001,9.8066,-0.1609,-0.0453,-0.0269,8.31,-35.44,20.75,43.75,-83.6,-164.2
52.381763,-1.45768,141.62,23.63,4,242.4,20 / 21,3296610,2019-09-06 20:15:02:353,0.0217,-0.0262,9.164,0.0021,-0.0283,9.8066,-0.1611,0.0759,0.0633,8.38,-35.81,21.25,43.27,-83.53,-164.9
52.381763,-1.45768,141.62,23.63,4,242.4,20 / 21,3296710,2019-09-06 20:15:02:453,0.4013,0.3382,10.0373,0.0006,0.0392,9.8065,0.0168,0.0405,-0.025,8,-35.81,20.88,44.31,-83.37,-164.18
52.381763,-1.45768,141.62,23.63,4,242.4,20 / 21,3296809,2019-09-06 20:15:02:552,0.5512,0.3633,9.5859,-0.0044,0.0181,9.8066,-0.1946,0.0154,-0.0854,8.5,-36.06,21.38,48.91,-83.42,-162.33
52.381763,-1.45768,141.62,23.63,4,242.4,20 / 21,3296910,2019-09-06 20:15:02:653,0.6254,-0.6699,8.7183,0.029,0.018,9.8065,0.049,0.0029,0.0483,8.5,-35.94,21.44,48.27,-83.65,-162.6
52.381763,-1.45768,141.62,23.63,4,242.4,20 / 21,3297010,2019-09-06 20:15:02:753,0.2188,-0.447,9.4758,0.0106,0.0188,9.8066,0.1127,-0.0142,0.0297,8.13,-35.56,21.13,44.44,-83.85,-163.5
52.381763,-1.45768,141.62,23.63,4,242.4,20 / 21,3297109,2019-09-06 20:15:02:852,0.6239,0.1345,10.426,0.0014,-0.0071,9.8066,0.0427,-0.0009,-0.0165,8.44,-35.69,21.06,44.53,-83.93,-163.33
52.381763,-1.45768,141.62,23.63,4,242.4,20 / 21,3297209,2019-09-06 20:15:02:952,0.0609,0.1364,11.2509,0,-0.0062,9.8066,0.1137,0.0348,0.0279,7.94,-35.31,21.19,43.26,-83.74,-164.47
52.381763,-1.45768,141.62,23.63,4,242.4,20 / 21,3297310,2019-09-06 20:15:03:053,0.6534,0.2398,11.0157,0.0079,0.0044,9.8066,0.0142,0.0304,0.0318,8.06,-35.87,21.31,42.41,-83.55,-165.62
52.381763,-1.45768,141.62,23.63,4,242.4,20 / 21,3297409,2019-09-06 20:15:03:152,0.2461,-1.8345,10.0512,-0.0204,-0.029,9.8066,-0.1454,-0.1327,0.1176,8.06,-35.12,21.63,41.09,-83.57,-165.4
52.381763,-1.45768,141.62,23.63,4,242.4,20 / 21,3297510,2019-09-06 20:15:03:253,2.6455,-0.1465,9.4037,0.0128,-0.0235,9.8065,-0.2564,0.1555,-0.139,7.88,-35.69,21.25,41.14,-83.63,-166.62
52.381763,-1.45768,141.62,23.63,4,242.4,20 / 21,3297609,2019-09-06 20:15:03:352,1.8419,0.4544,8.5519,0.0364,0.0614,9.8064,0.1731,-0.0287,0.0775,7.94,-35.37,21.06,42.3,-83.95,-165.07
52.381763,-1.45768,141.62,23.63,4,242.4,20 / 21,3297710,2019-09-06 20:15:03:453,1.7071,0.027,8.7881,0.0086,-0.0054,9.8066,0.0184,0.054,-0.1016,8.38,-35.31,20.94,40.72,-83.76,-166.67
52.381763,-1.45768,141.62,23.63,4,242.4,20 / 21,3297809,2019-09-06 20:15:03:552,1.8009,0.4245,10.4386,-0.0162,-0.0059,9.8066,0.1177,0.041,0.0478,7.69,-35.81,21.44,41.43,-83.54,-166.47
52.381763,-1.45768,141.62,23.63,4,242.4,20 / 21,3297910,2019-09-06 20:15:03:653,0.8822,-0.0509,10.4307,0.0006,-0.0124,9.8066,0.0932,0.0691,-0.0291,8.06,-35.44,21.44,40.84,-83.59,-166.74
52.381763,-1.45768,141.62,23.63,4,242.4,20 / 21,3298010,2019-09-06 20:15:03:753,0.3625,-0.2947,10.3878,0.0088,0.0047,9.8066,0.0667,-0.0206,0.0099,8.5,-35.19,21.69,41.45,-83.62,-167.2
52.381763,-1.45768,141.62,23.63,4,242.4,20 / 21,3298110,2019-09-06 20:15:03:853,1.2617,-0.2886,9.9569,-0.0159,-0.0016,9.8066,-0.0386,0.0538,-0.0034,7.56,-35.87,21.38,39.18,-83.73,-168.2
52.381763,-1.45768,141.62,23.63,4,242.4,20 / 21,3298210,2019-09-06 20:15:03:953,0.8811,0.4159,9.9085,-0.0031,0.0061,9.8066,0.1252,0.056,0.0015,8.25,-35.19,21.19,40.85,-83.7,-166.61
52.381763,-1.45768,141.62,23.63,4,242.4,20 / 21,3298309,2019-09-06 20:15:04:052,0.3598,-1.5728,9.2278,0.0133,0.0324,9.8065,0.1232,-0.0236,0.0178,7.81,-35.25,21.75,39.48,-83.86,-166.51
52.381763,-1.45768,141.62,23.63,4,242.4,20 / 21,3298409,2019-09-06 20:15:04:152,-0.1395,0.6006,8.9536,-0.019,-0.053,9.8064,-0.1654,0.0609,-0.0154,8.13,-35.44,22.31,38.18,-83.62,-167.88
52.381763,-1.45768,141.62,23.63,4,242.4,20 / 21,3298510,2019-09-06 20:15:04:253,0.8836,1.203,9.6839,0.04,0.0692,9.8063,-0.1683,-0.0227,0.0074,7.44,-35.5,21.69,36.11,-83.62,-167.43
52.381763,-1.45768,141.62,23.63,4,242.4,20 / 21,3298609,2019-09-06 20:15:04:352,1.6122,0.8819,9.9151,0.0206,0.037,9.8065,0.3586,-0.0123,-0.0032,7.75,-35.56,22.38,37.68,-83.75,-168.36
52.381763,-1.45768,141.62,23.63,4,242.4,20 / 21,3298710,2019-09-06 20:15:04:453,1.187,-1.1977,11.002,-0.0477,-0.0926,9.806,0.346,0.1593,-0.0243,7.69,-35.06,21.56,36.74,-84.04,-168.73
52.381763,-1.45768,141.62,23.63,4,242.4,20 / 21,3298810,2019-09-06 20:15:04:553,-0.5531,-2.8666,9.1866,0.0145,0.0197,9.8065,-0.2076,-0.0549,-0.0382,7.5,-35.44,22.13,36.8,-83.7,-169
52.381763,-1.45768,141.62,23.63,4,242.4,20 / 21,3298910,2019-09-06 20:15:04:653,0.4018,-0.3448,9.8678,0.0072,0.0149,9.8066,-0.0901,-0.0207,-0.0763,7.31,-35.56,21.44,35.27,-83.73,-169.22
52.381763,-1.45768,141.62,23.63,4,242.4,20 / 21,3299010,2019-09-06 20:15:04:753,0.271,0.4006,10.028,-0.0029,-0.0232,9.8066,-0.0411,0.076,0.0093,8.06,-35,21.81,35.87,-83.78,-169.73
52.381763,-1.45768,141.62,23.63,4,242.4,20 / 21,3299109,2019-09-06 20:15:04:852,1.0311,-0.232,9.0118,0.0065,-0.0085,9.8066,0.0168,0.0212,0.0331,7.5,-34.87,22.25,34.64,-83.96,-170.63
52.381763,-1.45768,141.62,23.63,4,242.4,20 / 21,3299210,2019-09-06 20:15:04:953,1.2464,-0.2577,9.7915,-0.0068,0.0146,9.8066,0.0792,0.0686,0.0096,7.88,-35.12,21.63,34.34,-83.88,-170.97
52.381763,-1.45768,141.62,23.63,4,242.4,20 / 21,3299309,2019-09-06 20:15:05:052,-0.8174,0.8049,11.0257,-0.0163,-0.0042,9.8066,0.061,-0.0065,0.0636,7.38,-35,22.19,34.19,-83.72,-168.98
52.380684,-1.460257,140.56,23.55,3,228.85,19 / 21,3299409,2019-09-06 20:15:05:152,0.8597,1.0208,10.3274,0.0066,0.0189,9.8066,0.0721,0.086,-0.0056,7.25,-35.25,22.19,33.13,-83.56,-170.02
52.380684,-1.460257,140.56,23.55,3,228.85,19 / 21,3299509,2019-09-06 20:15:05:252,-0.1087,-0.5281,9.3203,0.0109,0.0083,9.8066,-0.0139,-0.0157,-0.0022,6.94,-34.94,22.19,33.28,-83.61,-169.86
52.380684,-1.460257,140.56,23.55,3,228.85,19 / 21,3299610,2019-09-06 20:15:05:353,0.2446,0.1255,10.0915,0.0229,0.0285,9.8066,-0.0789,-0.0055,-0.012,7.06,-35.19,22.69,33.27,-83.57,-168.97
52.380684,-1.460257,140.56,23.55,3,228.85,19 / 21,3299709,2019-09-06 20:15:05:452,1.1939,1.8023,9.609,0.0125,0.0038,9.8066,0.1424,0.0072,0.0139,7.56,-34.69,22.38,35.03,-83.81,-170.44
52.380684,-1.460257,140.56,23.55,3,228.85,19 / 21,3299810,2019-09-06 20:15:05:553,0.2929,-0.5402,9.0924,-0.0103,-0.0163,9.8066,-0.0845,0.0762,-0.1022,7.06,-35.37,22.63,31.19,-83.7,-170.65
52.380684,-1.460257,140.56,23.55,3,228.85,19 / 21,3299910,2019-09-06 20:15:05:653,1.4484,0.4366,9.8411,0.0038,-0.015,9.8065,0.0881,0.098,0.0575,8,-35.37,21.94,33.84,-83.84,-171.43
52.380684,-1.460257,140.56,23.55,3,228.85,19 / 21,3300010,2019-09-06 20:15:05:753,0.3996,-0.335,10.407,-0.0151,-0.0024,9.8066,0.0377,0.0007,0.047,7,-35,22.13,33.4,-83.81,-169.58
52.380684,-1.460257,140.56,23.55,3,228.85,19 / 21,3300109,2019-09-06 20:15:05:852,1.3694,0.4613,10.5331,-0.0238,-0.009,9.8066,-0.031,0.0841,-0.0034,7.38,-35.62,22.69,34.5,-83.7,-167.94
52.380684,-1.460257,140.56,23.55,3,228.85,19 / 21,3300209,2019-09-06 20:15:05:952,-0.4975,-0.8876,10.1057,-0.0079,-0.0365,9.8066,-0.0265,-0.0055,0.0983,7.06,-34.69,22.5,33.38,-83.8,-168.67
52.380684,-1.460257,140.56,23.55,3,228.85,19 / 21,3300310,2019-09-06 20:15:06:053,-0.7652,0.5483,9.5827,-0.0211,-0.0261,9.8065,0.0436,0.1418,-0.1114,6.56,-35.44,22.88,33.45,-83.51,-168.86
52.380684,-1.460257,140.56,23.55,3,228.85,21 / 23,3300409,2019-09-06 20:15:06:152,0.0687,-1.0547,10.0432,0.0272,0.0422,9.8064,0.2176,0.0409,0.1551,6.75,-34.69,23.25,31.81,-83.82,-170.02
52.380684,-1.460257,140.56,23.55,3,228.85,21 / 23,3300510,2019-09-06 20:15:06:253,1.0394,-0.8711,9.0946,-0.0002,0.0386,9.8065,-0.3572,0.0763,-0.103,6.94,-34.94,22.63,32.65,-83.86,-169.25
52.380684,-1.460257,140.56,23.55,3,228.85,21 / 23,3300609,2019-09-06 20:15:06:352,0.1487,-0.1727,9.9064,-0.0219,-0.0692,9.8063,-0.2419,-0.0094,-0.0072,7.13,-34.5,22.88,31.85,-83.48,-170.12
52.380684,-1.460257,140.56,23.55,3,228.85,21 / 23,3300710,2019-09-06 20:15:06:453,0.7879,-0.2794,9.2989,-0.0171,-0.0407,9.8065,-0.0052,0.0478,-0.0151,6.81,-35.62,22.75,31.97,-83.51,-170.27
52.380684,-1.460257,140.56,23.55,3,228.85,21 / 23,3300810,2019-09-06 20:15:06:553,0.4668,0.3882,9.8226,0.0151,0.0087,9.8066,-0.0252,0.0352,0.0168,7,-35.44,21.81,32.27,-83.66,-170.67
52.380684,-1.460257,140.56,23.55,3,228.85,21 / 23,3300909,2019-09-06 20:15:06:652,0.5578,-0.3382,9.7623,0.0096,0.0113,9.8066,-0.0379,-0.0067,-0.0041,7.13,-35,22.88,30.04,-83.8,-171.55
52.380684,-1.460257,140.56,23.55,3,228.85,21 / 23,3301010,2019-09-06 20:15:06:753,0.7311,0.7091,10.2616,0.0014,0.0066,9.8066,0.0302,0.0248,-0.1057,7.44,-34.81,23,28.6,-83.79,-172.8
52.380684,-1.460257,140.56,23.55,3,228.85,21 / 23,3301110,2019-09-06 20:15:06:853,0.4868,0.0654,10.6946,0.0032,-0.0393,9.8066,-0.0335,-0.0443,0.0623,7.56,-35.12,23.25,29.01,-83.74,-174.68
52.380684,-1.460257,140.56,23.55,3,228.85,21 / 23,3301209,2019-09-06 20:15:06:952,0.7776,-0.6823,10.3581,-0.022,-0.0637,9.8064,-0.1621,0.07,-0.0637,7.44,-35.44,22.5,25.03,-83.34,-176.14
52.380684,-1.460257,140.56,23.55,3,228.85,21 / 23,3301310,2019-09-06 20:15:07:053,0.4249,-0.1047,9.614,-0.0128,-0.0525,9.8065,0.0845,0.0313,-0.0072,6.94,-35.06,23.25,24.19,-83.41,-176.81
52.380684,-1.460257,140.56,23.55,3,228.85,21 / 22,3301410,2019-09-06 20:15:07:153,-0.1204,0.1213,9.768,0.0206,0.039,9.8065,0.0678,0.0361,-0.0197,7.31,-35.31,22.63,23.6,-83.55,-177.21
52.380684,-1.460257,140.56,23.55,3,228.85,21 / 22,3301509,2019-09-06 20:15:07:252,1.0228,0.2131,9.6745,0.017,0.0125,9.8066,0.0446,0.0283,-0.0092,6.63,-35.06,22.38,23.23,-83.82,-178.24
52.380684,-1.460257,140.56,23.55,3,228.85,21 / 22,3301609,2019-09-06 20:15:07:352,-0.0327,-0.9865,8.8703,-0.0083,-0.0286,9.8066,-0.1321,0.0256,0.052,7.19,-35.25,23.63,20.44,-83.63,-179.05
52.380684,-1.460257,140.56,23.55,3,228.85,21 / 22,3301709,2019-09-06 20:15:07:452,-0.2656,0.3679,10.9861,-0.0131,-0.0224,9.8065,0.2715,0.0234,-0.0448,7.13,-34.56,22.81,21.83,-83.73,-178.6
52.380684,-1.460257,140.56,23.55,3,228.85,21 / 22,3301810,2019-09-06 20:15:07:553,-0.0247,1.0776,11.5683,0.0117,0.009,9.8066,0.2155,-0.0785,-0.0497,7.69,-34.75,23.06,22.95,-83.79,-179.83
52.380684,-1.460257,140.56,23.55,3,228.85,21 / 22,3301909,2019-09-06 20:15:07:652,0.5589,-0.5634,10.5619,0.0148,0.0092,9.8065,0.0273,-0.0006,0.0464,7.63,-34.94,23.75,21.1,-83.51,179.31
52.380684,-1.460257,140.56,23.55,3,228.85,21 / 22,3302009,2019-09-06 20:15:07:752,-0.2416,0.2142,9.2421,0.0059,0.014,9.8066,-0.0006,-0.0341,0.0334,7.56,-34.69,23.38,21.55,-83.41,178.77
52.380684,-1.460257,140.56,23.55,3,228.85,21 / 22,3302110,2019-09-06 20:15:07:853,-1.1556,-0.3493,9.8368,0.0164,0.039,9.8065,-0.083,0.0874,-0.0398,7.5,-34.87,23.13,21.29,-83.78,178.76
52.380684,-1.460257,140.56,23.55,3,228.85,21 / 22,3302210,2019-09-06 20:15:07:953,1.2801,0.0758,9.9416,-0.0115,-0.0327,9.8065,-0.0904,-0.0546,-0.0046,7.75,-34.87,22.81,20.08,-83.88,177.78
52.380684,-1.460257,140.56,23.55,3,228.85,21 / 22,3302310,2019-09-06 20:15:08:053,-0.9392,1.0947,9.4411,-0.0021,-0.0184,9.8066,-0.0111,-0.025,0.0848,7.56,-34.94,23.38,20.51,-83.88,178.15
52.380684,-1.460257,140.56,23.55,3,228.85,20 / 21,3302409,2019-09-06 20:15:08:152,3.3329,-0.3075,10.8021,-0.0229,0.0212,9.8065,-0.0376,0.3155,-0.2162,7.63,-35.31,23.88,20.43,-83.82,178.9
52.380684,-1.460257,140.56,23.55,3,228.85,20 / 21,3302510,2019-09-06 20:15:08:253,1.5025,-2.8846,10.4286,0.0287,0.0418,9.8064,-0.1277,-0.0813,-0.0388,7.38,-34.25,24,16.39,-83.74,177.64
52.380684,-1.460257,140.56,23.55,3,228.85,20 / 21,3302609,2019-09-06 20:15:08:352,-2.701,-0.7864,11.1706,0.0104,-0.0393,9.8065,-0.0093,-0.0765,-0.0058,7.06,-34.75,23.5,20.01,-83.54,-179.46
52.380684,-1.460257,140.56,23.55,3,228.85,20 / 21,3302710,2019-09-06 20:15:08:453,-0.2129,1.7523,9.4507,-0.0198,-0.0529,9.8065,0.0397,0.1109,-0.0176,7.25,-35.06,23.5,17.9,-83.36,178.67
52.380684,-1.460257,140.56,23.55,3,228.85,20 / 21,3302810,2019-09-06 20:15:08:553,-0.668,0.6845,8.6675,0.0151,0.0225,9.8066,-0.1463,-0.0417,0.0412,7.38,-35.06,22.63,17.78,-83.73,177.97
52.380684,-1.460257,140.56,23.55,3,228.85,20 / 21,3302909,2019-09-06 20:15:08:652,-0.2071,0.1834,8.861,-0.0039,0.0212,9.8066,-0.0952,0.1001,-0.1053,7.19,-35,23.19,18.07,-83.91,178.3
52.380684,-1.460257,140.56,23.55,3,228.85,20 / 21,3303009,2019-09-06 20:15:08:752,0.1576,-1.3144,9.6364,0.0006,-0.0215,9.8066,-0.0321,0.0553,0.0406,7.25,-35.19,23.31,15.96,-83.86,176.49
52.380684,-1.460257,140.56,23.55,3,228.85,20 / 21,3303110,2019-09-06 20:15:08:853,-0.9342,-0.4607,10.4311,-0.0127,-0.0197,9.8066,0.0701,0.0324,-0.0735,7.25,-34.94,23.5,14.93,-83.71,176.31
52.380684,-1.460257,140.56,23.55,3,228.85,20 / 21,3303209,2019-09-06 20:15:08:952,0.6702,-0.1476,10.923,0.0005,-0.0056,9.8066,0.1407,0.025,0.0316,7.44,-34.56,23.13,15.58,-83.65,176.08
52.380684,-1.460257,140.56,23.55,3,228.85,20 / 21,3303310,2019-09-06 20:15:09:053,-1.5247,-0.428,9.1996,0.0026,0.03,9.8065,-0.1003,-0.0561,-0.0201,7.44,-34.37,23.69,15.07,-83.49,176.42
52.380684,-1.460257,140.56,23.55,3,228.85,21 / 22,3303410,2019-09-06 20:15:09:153,0.6467,1.42,9.2998,0.0244,0.0247,9.8066,-0.2177,0.0193,-0.1078,7.19,-35.12,23.25,15.22,-83.76,175.82
52.380684,-1.460257,140.56,23.55,3,228.85,21 / 22,3303509,2019-09-06 20:15:09:252,0.8694,1.3414,8.9109,0.0238,-0.0101,9.8066,0.168,-0.0692,-0.0103,7.31,-35.19,23,11.37,-83.85,172.62
52.380684,-1.460257,140.56,23.55,3,228.85,21 / 22,3303610,2019-09-06 20:15:09:353,-0.169,0.7765,9.1872,-0.0128,-0.0012,9.8066,-0.031,0.0095,-0.0343,7.5,-35,23.06,14.22,-83.96,172.84
52.380684,-1.460257,140.56,23.55,3,228.85,21 / 22,3303709,2019-09-06 20:15:09:452,0.7383,1.1951,10.1084,-0.0041,-0.0228,9.8065,0.1602,-0.0807,0.1001,7.38,-34.81,22.88,12.11,-83.93,173.26
52.380684,-1.460257,140.56,23.55,3,228.85,21 / 22,3303809,2019-09-06 20:15:09:552,-0.1162,-0.0336,10.1926,0.0122,0.0323,9.8065,0.135,-0.037,-0.079,7.75,-35.5,23.25,16.72,-83.78,174.88
52.380684,-1.460257,140.56,23.55,3,228.85,21 / 22,3303910,2019-09-06 20:15:09:653,0.0983,0.5167,10.4573,0.0128,-0.002,9.8066,0.0321,0.0546,-0.016,7.44,-34.31,22.88,12.8,-83.8,173.86
52.380684,-1.460257,140.56,23.55,3,228.85,21 / 22,3304010,2019-09-06 20:15:09:753,-1.6437,1.3149,11.2364,-0.0033,-0.0349,9.8065,-0.1981,-0.0612,0.143,7.75,-35.37,22.69,13.57,-83.66,172.18
52.380684,-1.460257,140.56,23.55,3,228.85,21 / 22,3304110,2019-09-06 20:15:09:853,-0.5451,1.0621,10.1432,0.005,0.0054,9.8066,0.0272,-0.0438,0.046,7.44,-35.19,23,10.53,-83.86,171.91
52.380684,-1.460257,140.56,23.55,3,228.85,21 / 22,3304209,2019-09-06 20:15:09:952,-1.6656,1.9919,10.4057,0.0079,0.0021,9.8066,0.0898,0.0314,-0.0406,7.69,-34.69,22.63,13.73,-83.84,172.38
52.380684,-1.460257,140.56,23.55,3,228.85,21 / 22,3304309,2019-09-06 20:15:10:052,-0.9972,-0.2062,9.2901,0.0174,0.0164,9.8065,-0.1356,0.0736,-0.0406,7.81,-35.25,23.25,11.66,-83.87,170.64
52.380684,-1.460257,140.56,23.55,3,228.85,22 / 23,3304410,2019-09-06 20:15:10:153,-0.3531,1.2945,8.5508,0.0107,-0.024,9.8066,-0.2315,-0.0216,0.0244,8.25,-35,22.63,9.03,-83.85,168.41
52.380684,-1.460257,140.56,23.55,3,228.85,22 / 23,3304509,2019-09-06 20:15:10:252,1.1624,0.6282,7.9027,0.0066,-0.0032,9.8066,0.0875,-0.0601,0.0146,7.94,-35.06,22.88,7.14,-84.13,166.88
52.380684,-1.460257,140.56,23.55,3,228.85,22 / 23,3304609,2019-09-06 20:15:10:352,1.1047,0.1594,9.8444,0.0017,0.0413,9.8065,0.1069,0.0599,0.0303,7.75,-34.87,22.25,8.57,-84.51,167.32
52.380684,-1.460257,140.56,23.55,3,228.85,22 / 23,3304711,2019-09-06 20:15:10:454,-0.0312,0.6889,11.0702,-0.0388,-0.0227,9.8065,0.0218,0.0001,0.0384,7.69,-34.69,21.88,12.77,-84.39,170.88
52.380684,-1.460257,140.56,23.55,3,228.85,22 / 23,3304810,2019-09-06 20:15:10:553,-0.0086,-0.453,10.4305,-0.0298,-0.0335,9.8065,-0.1121,-0.1441,0.0837,7.56,-34.31,22,16.79,-84.15,174.28
52.380684,-1.460257,140.56,23.55,3,228.85,22 / 23,3304910,2019-09-06 20:15:10:653,-0.8772,0.0597,11.4216,0.0127,-0.0416,9.8065,0.0741,-0.0857,0.0212,7.56,-34.81,23.5,17.73,-83.89,176.62
52.380684,-1.460257,140.56,23.55,3,228.85,22 / 23,3305009,2019-09-06 20:15:10:752,-0.6358,-1.8727,9.5855,0.0267,-0.0081,9.8065,0.3651,-0.0002,-0.0694,7.56,-34.62,23.44,14.4,-83.74,172.9
52.380684,-1.460257,140.56,23.55,3,228.85,22 / 23,3305109,2019-09-06 20:15:10:852,0.5982,-1.0224,9.3356,0.016,0.0069,9.8066,-0.2957,-0.0359,0.0769,7.88,-34.69,23.13,12.53,-83.83,171.36
52.380684,-1.460257,140.56,23.55,3,228.85,22 / 23,3305210,2019-09-06 20:15:10:953,0.573,1.2375,8.6851,-0.0339,-0.0539,9.8063,-0.3473,0.0415,0.028,7.13,-35.44,22.56,11.08,-83.78,172.35
52.380684,-1.460257,140.56,23.55,3,228.85,22 / 23,3305310,2019-09-06 20:15:11:053,0.0358,2.3942,9.3436,-0.0371,-0.0828,9.8062,0.2383,0.0151,-0.03,7.13,-35.75,22.5,11.87,-83.89,173
52.380684,-1.460257,140.56,23.55,3,228.85,21 / 22,3305409,2019-09-06 20:15:11:152,0.4932,0.897,9.153,0.0147,0.0192,9.8066,-0.0678,-0.0439,-0.0334,7.5,-35.25,22.81,14.16,-84.06,172.82
52.380684,-1.460257,140.56,23.55,3,228.85,21 / 22,3305509,2019-09-06 20:15:11:252,-0.0556,-0.2008,10.0319,0.0076,-0.0179,9.8066,0.0534,-0.0751,-0.023,7.31,-34.87,22.38,10.74,-84.05,171.36
52.380684,-1.460257,140.56,23.55,3,228.85,21 / 22,3305610,2019-09-06 20:15:11:353,-0.501,-0.0035,10.4905,0.0134,0.0223,9.8066,0.1443,-0.0354,-0.0253,7.63,-34.62,22.69,10.69,-84.14,169.9
52.380684,-1.460257,140.56,23.55,3,228.85,21 / 22,3305709,2019-09-06 20:15:11:452,-0.7954,0.4825,10.5568,0.0241,0.0541,9.8064,-0.012,-0.026,-0.0153,7.81,-34.62,23.06,9.96,-84.16,169.28
52.380684,-1.460257,140.56,23.55,3,228.85,21 / 22,3305810,2019-09-06 20:15:11:553,0.1081,0.2688,10.0729,-0.0042,-0.0387,9.8065,-0.0604,0.0301,-0.0442,8.31,-34.87,23,10.02,-83.83,169.25
52.380684,-1.460257,140.56,23.55,3,228.85,21 / 22,3305910,2019-09-06 20:15:11:653,0.3331,0.921,9.3342,0.0079,0.0165,9.8066,-0.0118,-0.0711,0.0093,8.19,-34.81,22.75,8.01,-83.93,167.57
52.380684,-1.460257,140.56,23.55,3,228.85,21 / 22,3306010,2019-09-06 20:15:11:753,-0.1727,1.3282,9.0843,0.0105,0.0214,9.8066,-0.0206,-0.0144,-0.058,7.94,-34.69,22.63,7.57,-84.01,167.22
52.380684,-1.460257,140.56,23.55,3,228.85,21 / 22,3306110,2019-09-06 20:15:11:853,-0.4656,0.3686,10.4239,0.0207,0.0203,9.8066,0.1632,0.0002,-0.0097,7.81,-34.62,22.56,5.57,-84.11,165.54
52.380684,-1.460257,140.56,23.55,3,228.85,21 / 22,3306209,2019-09-06 20:15:11:952,-0.0708,0.8145,9.6732,0.0022,-0.0142,9.8066,0.0024,-0.0538,-0.0393,9,-34.87,22.69,7.6,-83.89,165.05
52.380684,-1.460257,140.56,23.55,3,228.85,21 / 22,3306310,2019-09-06 20:15:12:053,0.6596,0.8254,9.1465,-0.0078,-0.0558,9.8064,0.2771,-0.074,-0.0059,8.06,-35.06,22.88,4.82,-83.61,164.84
52.380684,-1.460257,140.56,23.55,3,228.85,21 / 22,3306410,2019-09-06 20:15:12:153,-0.3932,-0.1277,9.3669,0.0254,0.0555,9.8064,-0.1243,-0.011,-0.0096,8.25,-33.87,22.25,2.62,-83.88,162.22
52.380684,-1.460257,140.56,23.55,3,228.85,21 / 22,3306510,2019-09-06 20:15:12:253,-0.9132,1.3396,10.0888,0.0005,-0.0218,9.8066,0.1394,-0.0038,-0.02,8.94,-34.44,22.06,4.32,-83.95,161.4
52.380684,-1.460257,140.56,23.55,3,228.85,21 / 22,3306610,2019-09-06 20:15:12:353,0.3195,1.5293,9.5023,-0.0172,-0.0422,9.8065,-0.0929,0.0074,0.0085,8.63,-34.37,22.63,1.1,-84.22,159.57
52.380684,-1.460257,140.56,23.55,3,228.85,21 / 22,3306710,2019-09-06 20:15:12:453,-0.1549,0.0169,10.3224,0.0079,0.0196,9.8066,-0.0634,0.0247,-0.0156,8.5,-35.06,22.69,1.92,-83.99,160.25
52.380684,-1.460257,140.56,23.55,3,228.85,21 / 22,3306809,2019-09-06 20:15:12:552,-0.5622,0.0124,9.5716,0.018,0.0254,9.8066,0.0603,-0.02,0.0097,8.81,-34.69,22.38,2.03,-84.05,159.46
52.380684,-1.460257,140.56,23.55,3,228.85,21 / 22,3306910,2019-09-06 20:15:12:653,-0.942,0.9802,10.69,0.0057,0.0022,9.8066,-0.0746,-0.0539,-0.0292,8.56,-34.5,22.56,1.22,-83.86,159.67
52.380684,-1.460257,140.56,23.55,3,228.85,21 / 22,3307009,2019-09-06 20:15:12:752,-0.3546,-0.4713,9.6781,0.0048,0.0293,9.8065,-0.0329,-0.0833,0.1205,8.94,-34.37,22.44,2.46,-83.95,159.83
52.380684,-1.460257,140.56,23.55,3,228.85,21 / 22,3307110,2019-09-06 20:15:12:853,-1.0286,1.0146,9.5532,0.0189,0.0184,9.8066,-0.0501,0.0016,-0.0458,9.06,-34.94,22.25,1.86,-83.98,159.32
52.380684,-1.460257,140.56,23.55,3,228.85,21 / 22,3307210,2019-09-06 20:15:12:953,-1.0083,0.8148,10.0989,0.0152,0.0202,9.8065,0.1321,0.0018,-0.0106,9.06,-34.56,22,1.48,-84.01,159
52.380684,-1.460257,140.56,23.55,3,228.85,21 / 22,3307309,2019-09-06 20:15:13:052,-0.7363,0.0829,10.2881,0.0266,0.0278,9.8065,0.1236,-0.0534,-0.0451,9.31,-34.87,21.75,358.39,-84.14,156.4
52.380684,-1.460257,140.56,23.55,3,228.85,21 / 22,3307410,2019-09-06 20:15:13:153,-0.6598,-0.592,10.2404,-0.0124,-0.0294,9.8066,-0.1544,-0.0577,0.0649,8.88,-34.56,22.06,357.35,-83.96,155.52
52.380684,-1.460257,140.56,23.55,3,228.85,21 / 22,3307509,2019-09-06 20:15:13:252,-0.7879,0.0768,10.1089,-0.0119,-0.0518,9.8064,-0.1411,-0.0065,-0.0292,9.75,-34.5,22.13,359.93,-83.85,155.5
52.380684,-1.460257,140.56,23.55,3,228.85,21 / 22,3307610,2019-09-06 20:15:13:353,-0.2172,0.4861,9.569,0.0109,0.0208,9.8066,0.1365,-0.086,0.035,9.31,-34.62,21.31,356.74,-83.98,154.08
52.380684,-1.460257,140.56,23.55,3,228.85,21 / 22,3307709,2019-09-06 20:15:13:452,-1.114,0.2805,8.9906,0.0261,0.0193,9.8065,0.054,-0.0164,-0.0234,9.25,-34.5,21.38,355.38,-83.91,152.94
52.380684,-1.460257,140.56,23.55,3,228.85,21 / 22,3307810,2019-09-06 20:15:13:553,-1.0174,-0.1063,9.7834,0.018,0.013,9.8066,-0.1072,-0.0043,-0.0278,9.69,-34.81,21.88,356.16,-83.88,152.33
52.380684,-1.460257,140.56,23.55,3,228.85,21 / 22,3307910,2019-09-06 20:15:13:653,-0.8103,0.402,9.425,0.0117,0.0117,9.8066,-0.061,-0.0143,-0.0035,9.69,-34.5,20.94,355.28,-83.97,150.57
52.380684,-1.460257,140.56,23.55,3,228.85,21 / 22,3308010,2019-09-06 20:15:13:753,-0.4299,1.2053,10.2995,-0.0013,-0.0205,9.8066,0.11,-0.0112,-0.0232,9.63,-34.5,21,354.41,-83.79,149.86
52.380684,-1.460257,140.56,23.55,3,228.85,21 / 22,3308109,2019-09-06 20:15:13:852,-1.1777,0.6353,9.6513,0.0076,-0.0112,9.8066,0.1537,-0.0561,-0.021,10.06,-35,22.06,352.47,-83.68,149.27
52.380684,-1.460257,140.56,23.55,3,228.85,21 / 22,3308210,2019-09-06 20:15:13:953,-1.008,0.4901,10.1441,-0.0105,-0.0132,9.8065,-0.094,-0.0016,0.0036,10.31,-34.75,21.13,353.35,-83.61,149.04
52.380684,-1.460257,140.56,23.55,3,228.85,21 / 22,3308310,2019-09-06 20:15:14:053,-1.2759,-0.1814,10.2384,0.004,0.0052,9.8066,-0.0894,-0.0288,0.0022,10.38,-34.37,21.75,351.25,-83.73,148.2
52.37936,-1.462443,139.37,22.75,3,227.01,21 / 22,3308409,2019-09-06 20:15:14:152,-0.3028,0.7105,9.4546,0.0052,-0.0031,9.8066,0.0441,-0.0372,-0.0124,10.44,-34.81,22.13,350.34,-83.7,147.48
52.37936,-1.462443,139.37,22.75,3,227.01,21 / 22,3308510,2019-09-06 20:15:14:253,-1.4443,0.4432,9.6038,-0.0134,-0.0158,9.8066,0.0557,-0.0707,-0.0075,10.5,-34.25,21.94,353.74,-83.63,148.17
52.37936,-1.462443,139.37,22.75,3,227.01,21 / 22,3308610,2019-09-06 20:15:14:353,-1.661,-0.0947,10.0098,0.0121,0.0107,9.8066,-0.177,-0.0099,-0.0253,10.81,-34.31,21.63,351.23,-83.73,146.04
52.37936,-1.462443,139.37,22.75,3,227.01,21 / 22,3308709,2019-09-06 20:15:14:452,-2.0825,0.3782,10.4703,0.014,-0.0008,9.8066,-0.1574,-0.0267,-0.0187,10.94,-34.37,21.19,351.04,-83.69,144.86
52.37936,-1.462443,139.37,22.75,3,227.01,21 / 22,3308810,2019-09-06 20:15:14:553,-1.2204,1.2189,9.579,0.0008,-0.0223,9.8066,0.0659,-0.0654,-0.0071,10.63,-34.62,21.94,348.06,-83.6,143.45
52.37936,-1.462443,139.37,22.75,3,227.01,21 / 22,3308910,2019-09-06 20:15:14:653,-0.8339,1.3166,9.7486,-0.0116,-0.023,9.8065,0.0172,-0.1095,-0.015,10.75,-34.44,20.56,349.64,-83.61,143.7
52.37936,-1.462443,139.37,22.75,3,227.01,21 / 22,3309010,2019-09-06 20:15:14:753,-0.9958,0.4098,10.263,0.0077,0.0357,9.8065,0.0029,-0.056,0.0295,11.38,-34.19,20.94,349.52,-83.55,143.62
52.37936,-1.462443,139.37,22.75,3,227.01,21 / 22,3309110,2019-09-06 20:15:14:853,-1.772,-0.5764,9.1499,0.013,0.0346,9.8065,0.0588,-0.0405,0.0025,11.25,-34.06,20.56,349.27,-83.75,143.35
52.37936,-1.462443,139.37,22.75,3,227.01,21 / 22,3309210,2019-09-06 20:15:14:953,-1.3075,-0.081,9.422,-0.0152,-0.0293,9.8066,-0.1034,-0.1213,-0.0139,10.94,-34.06,20.88,349.64,-83.67,143.68
52.37936,-1.462443,139.37,22.75,3,227.01,21 / 22,3309310,2019-09-06 20:15:15:053,-1.2158,1.0571,9.1203,0.0015,-0.0277,9.8066,-0.0909,-0.0738,-0.0271,10.81,-34.5,20.81,348.13,-83.69,142.41
52.37936,-1.462443,139.37,22.75,3,227.01,20 / 21,3309409,2019-09-06 20:15:15:152,-1.7696,0.0089,9.762,0.0345,0.0491,9.8064,0.0713,-0.0815,-0.0151,11.81,-34.06,20.69,347.62,-83.85,139.79
52.37936,-1.462443,139.37,22.75,3,227.01,20 / 21,3309510,2019-09-06 20:15:15:253,-1.2877,1.3573,9.7896,-0.0004,-0.0232,9.8065,-0.0602,-0.0788,-0.0381,12.31,-34.44,20.63,347.56,-83.73,139.79
52.37936,-1.462443,139.37,22.75,3,227.01,20 / 21,3309610,2019-09-06 20:15:15:353,-0.8414,0.321,9.4098,0.0015,-0.0207,9.8065,-0.0895,-0.0698,-0.005,11.69,-34.37,19.81,347.84,-83.67,138.89
52.37936,-1.462443,139.37,22.75,3,227.01,20 / 21,3309709,2019-09-06 20:15:15:452,-1.2047,2.4056,10.4242,-0.0199,-0.0308,9.8066,-0.0916,-0.1172,0.0238,11.88,-34.12,19.75,348.29,-83.58,139.3
52.37936,-1.462443,139.37,22.75,3,227.01,20 / 21,3309809,2019-09-06 20:15:15:552,-1.6983,0.9843,10.6093,0.0244,0.0351,9.8065,0.1115,-0.0674,-0.0113,12.38,-34.25,20,346.35,-83.74,137.62
52.37936,-1.462443,139.37,22.75,3,227.01,20 / 21,3309909,2019-09-06 20:15:15:652,-2.2639,-0.8707,9.8585,0.0362,0.0426,9.8064,0.0652,-0.0809,-0.0113,12,-33.87,19.75,346.03,-83.64,137.39
52.37936,-1.462443,139.37,22.75,3,227.01,20 / 21,3310010,2019-09-06 20:15:15:753,-1.1542,0.9634,8.8086,-0.0041,-0.0287,9.8066,-0.1038,-0.0713,-0.0456,12.25,-34.31,19.69,344.19,-83.58,135.87
52.37936,-1.462443,139.37,22.75,3,227.01,20 / 21,3310109,2019-09-06 20:15:15:852,-0.6921,1.4507,10.0659,-0.0048,-0.025,9.8066,-0.0483,-0.0727,-0.0318,12.13,-34.12,19.63,342.79,-83.5,134.73
52.37936,-1.462443,139.37,22.75,3,227.01,20 / 21,3310210,2019-09-06 20:15:15:953,-0.9394,1.6427,10.1348,0.0164,0.0126,9.8065,0.1474,-0.0637,-0.0387,12.25,-34.37,19.19,342.23,-83.44,133.09
52.37936,-1.462443,139.37,22.75,3,227.01,20 / 21,3310310,2019-09-06 20:15:16:053,-1.3165,0.1194,9.6707,-0.0292,-0.046,9.8065,0.2038,-0.0799,0.0325,12.94,-33.94,19.56,343.49,-83.34,133.27
52.37936,-1.462443,139.37,22.75,3,227.01,20 / 22,3310409,2019-09-06 20:15:16:152,-0.5913,0.9368,8.7923,-0.0206,-0.0212,9.8065,-0.1614,-0.0758,0.0368,12.38,-33.75,18.94,344.09,-83.29,134.7
52.37936,-1.462443,139.37,22.75,3,227.01,20 / 22,3310510,2019-09-06 20:15:16:253,-0.2904,2.187,8.6189,-0.0151,-0.0076,9.8066,-0.2255,-0.0637,0.0444,12.69,-33.81,19.13,345.65,-83.55,133.72
52.37936,-1.462443,139.37,22.75,3,227.01,20 / 22,3310610,2019-09-06 20:15:16:353,-0.8363,1.4289,9.4451,0.0296,0.0465,9.8064,0.1471,-0.034,-0.0412,12.94,-34.37,19,345.73,-83.7,133.73
52.37936,-1.462443,139.37,22.75,3,227.01,20 / 22,3310710,2019-09-06 20:15:16:453,-1.4807,1.431,10.6531,0.0056,0.008,9.8066,0.0118,-0.0981,0.0575,12.88,-34.25,18.31,346.04,-83.81,132.57
52.37936,-1.462443,139.37,22.75,3,227.01,20 / 22,3310810,2019-09-06 20:15:16:553,-1.5733,2.2101,9.9529,0.0196,0.0143,9.8065,0.2261,0.1284,-0.1181,12.88,-34.75,18.31,345.53,-83.7,132.25
52.37936,-1.462443,139.37,22.75,3,227.01,20 / 22,3310910,2019-09-06 20:15:16:653,1.1088,2.4179,10.2372,-0.0013,0.0638,9.8064,0.2623,-0.0932,0.0298,12.88,-34.06,18.56,344.79,-83.83,132.88
52.37936,-1.462443,139.37,22.75,3,227.01,20 / 22,3311010,2019-09-06 20:15:16:753,-1.0746,0.221,9.5633,-0.015,0.0138,9.8065,-0.0572,-0.1369,0.0894,12.75,-34.87,18.75,346.13,-83.87,134.06
52.37936,-1.462443,139.37,22.75,3,227.01,20 / 22,3311109,2019-09-06 20:15:16:852,-1.6319,0.0988,9.4909,0.0153,-0.0001,9.8066,0.0883,-0.0718,-0.0305,12.69,-34,19.13,345.58,-83.83,133.54
52.37936,-1.462443,139.37,22.75,3,227.01,20 / 22,3311210,2019-09-06 20:15:16:953,-1.1206,0.4406,10.3213,-0.0034,-0.0155,9.8066,-0.182,-0.0049,-0.0027,13.25,-34,18.44,345.14,-83.81,131.81
52.37936,-1.462443,139.37,22.75,3,227.01,20 / 22,3311310,2019-09-06 20:15:17:053,-1.369,1.1816,9.5269,-0.0253,-0.0174,9.8066,-0.1244,-0.0656,0.0996,12.75,-34.12,18.63,344.43,-83.82,132.59
52.37936,-1.462443,139.37,22.75,3,227.01,20 / 21,3311409,2019-09-06 20:15:17:152,-0.2194,2.6167,10.3182,-0.0015,0.0048,9.8066,0.1548,-0.1078,-0.0005,13.06,-34.19,18.75,344.99,-83.96,132.99
52.37936,-1.462443,139.37,22.75,3,227.01,20 / 21,3311510,2019-09-06 20:15:17:253,-0.5669,1.8653,10.1329,-0.0022,-0.0156,9.8066,0.1792,-0.1146,-0.0182,13.75,-33.56,18.88,348.43,-83.84,133.88
52.37936,-1.462443,139.37,22.75,3,227.01,20 / 21,3311609,2019-09-06 20:15:17:352,-1.518,1.1765,9.6753,0.0019,0.0092,9.8066,-0.055,-0.0384,0.0029,14.63,-33.69,17.94,352.27,-83.76,133.72
52.37936,-1.462443,139.37,22.75,3,227.01,20 / 21,3311709,2019-09-06 20:15:17:452,-0.1957,0.3767,9.1639,0.0104,0.021,9.8066,-0.0898,-0.0013,-0.0011,14.69,-34.06,17.44,353.66,-83.87,133.28
52.37936,-1.462443,139.37,22.75,3,227.01,20 / 21,3311809,2019-09-06 20:15:17:552,-0.7544,1.1552,9.6022,-0.0134,0.0039,9.8066,0.0314,-0.1009,0.0433,14.25,-33.94,16.81,351.79,-84.09,133.66
52.37936,-1.462443,139.37,22.75,3,227.01,20 / 21,3311910,2019-09-06 20:15:17:653,-1.2205,2.0336,9.7375,0.0188,0.0226,9.8066,0.0086,-0.1196,0.0071,13.94,-34.5,16.63,353.77,-84.11,135.32
52.37936,-1.462443,139.37,22.75,3,227.01,20 / 21,3312009,2019-09-06 20:15:17:752,-1.5383,0.5667,9.3541,0.0336,0.0332,9.8065,0.0287,-0.075,-0.018,13.19,-35.31,16.19,350.17,-84.25,132.78
52.37936,-1.462443,139.37,22.75,3,227.01,20 / 21,3312110,2019-09-06 20:15:17:853,-1.5454,1.8998,10.4116,0.022,0.0333,9.8065,0.1163,-0.0657,-0.0013,12.75,-35.06,16.31,350.05,-84.3,132.67
52.37936,-1.462443,139.37,22.75,3,227.01,20 / 21,3312209,2019-09-06 20:15:17:952,0.1379,1.5599,10.1509,-0.0192,-0.0533,9.8065,-0.0761,-0.0993,-0.0379,13.38,-34.37,17.63,347.32,-83.97,133.58
52.37936,-1.462443,139.37,22.75,3,227.01,20 / 21,3312309,2019-09-06 20:15:18:052,-0.0728,2.3874,9.7435,-0.0336,-0.0547,9.8064,-0.0686,-0.0775,0.0393,12.94,-33.62,17.25,349.41,-83.85,133.86
52.37936,-1.462443,139.37,22.75,3,227.01,21 / 22,3312409,2019-09-06 20:15:18:152,-0.1643,0.5107,9.3163,0.0384,0.0586,9.8064,0.085,-0.0929,0.0324,13.06,-33.81,17.19,351.15,-83.82,135.3
52.37936,-1.462443,139.37,22.75,3,227.01,21 / 22,3312510,2019-09-06 20:15:18:253,-0.9768,0.3802,9.8986,0.0176,0.0445,9.8065,0.0627,-0.0462,-0.0224,13.63,-33.56,17.56,350.34,-84.23,133.95
52.37936,-1.462443,139.37,22.75,3,227.01,21 / 22,3312609,2019-09-06 20:15:18:352,-1.1506,0.2191,9.5327,-0.0372,-0.0304,9.8065,-0.09,-0.0552,0.0185,14.13,-34.19,17.19,354.64,-84.16,136.04
52.37936,-1.462443,139.37,22.75,3,227.01,21 / 22,3312710,2019-09-06 20:15:18:453,-0.9614,0.9362,10.0059,-0.0327,-0.0335,9.8065,-0.0654,-0.0722,0.0158,14.06,-33.87,17.13,355.04,-84.19,136.37
52.37936,-1.462443,139.37,22.75,3,227.01,21 / 22,3312810,2019-09-06 20:15:18:553,-1.2001,1.3598,9.9271,0.0122,0.0122,9.8066,0.1314,-0.0757,-0.0027,14.38,-33.75,16.38,356.77,-84.22,136.12
52.37936,-1.462443,139.37,22.75,3,227.01,21 / 22,3312910,2019-09-06 20:15:18:653,-1.4886,-0.169,9.0601,-0.0077,-0.0149,9.8066,0.0412,-0.0963,-0.0083,14.31,-34.31,16.13,355.35,-84.26,134.93
52.37936,-1.462443,139.37,22.75,3,227.01,21 / 22,3313010,2019-09-06 20:15:18:753,-0.8801,0.4174,9.1315,-0.0039,0.0091,9.8066,-0.0671,-0.0725,0.019,14.06,-34,15.94,354.48,-84.34,134.19
52.37936,-1.462443,139.37,22.75,3,227.01,21 / 22,3313110,2019-09-06 20:15:18:853,-0.6832,1.5317,10.0052,-0.021,-0.0025,9.8066,-0.0875,-0.0589,0.0458,13.94,-34.19,16.38,355.48,-84.56,135
52.37936,-1.462443,139.37,22.75,3,227.01,21 / 22,3313209,2019-09-06 20:15:18:952,-0.7699,1.1957,10.3893,0.0037,0.0071,9.8065,0.2092,-0.1017,0.0221,13.88,-33.62,16.13,356.34,-84.6,135.72
52.37936,-1.462443,139.37,22.75,3,227.01,21 / 22,3313309,2019-09-06 20:15:19:052,-0.3729,1.0825,10.5314,-0.0074,-0.0021,9.8066,0.2059,-0.0181,-0.0339,14.31,-34.12,16.25,359.89,-84.47,138.72
52.37936,-1.462443,139.37,22.75,3,227.01,20 / 21,3313410,2019-09-06 20:15:19:153,-0.838,-0.495,10.1754,0.0007,0.0042,9.8066,-0.1221,-0.0871,-0.0356,13.88,-34.06,15.88,1.27,-84.34,139.88
52.37936,-1.462443,139.37,22.75,3,227.01,20 / 21,3313510,2019-09-06 20:15:19:253,-1.645,0.5875,9.5452,0.0065,0.0048,9.8066,-0.1009,-0.0103,0.0065,14,-33.87,16.69,358.29,-84.31,139.08
52.37936,-1.462443,139.37,22.75,3,227.01,20 / 21,3313610,2019-09-06 20:15:19:353,-0.7682,1.4435,9.7321,0.0085,0.0097,9.8066,0.0197,-0.0447,0.0371,14,-33.69,15.69,1.01,-84.47,139.66
52.37936,-1.462443,139.37,22.75,3,227.01,20 / 21,3313710,2019-09-06 20:15:19:453,-0.726,0.7626,10.1678,-0.0015,-0.0048,9.8066,0.0112,-0.0423,-0.0512,14.94,-33.12,15.75,2.5,-84.53,138.98
52.37936,-1.462443,139.37,22.75,3,227.01,20 / 21,3313810,2019-09-06 20:15:19:553,-1.5222,0.6727,10.0053,-0.02,-0.0174,9.8066,-0.1024,-0.0577,-0.0006,14.56,-33.87,15.5,4.22,-84.43,140.41
52.37936,-1.462443,139.37,22.75,3,227.01,20 / 21,3313909,2019-09-06 20:15:19:652,-0.0002,0.6816,10.1043,-0.0269,-0.0137,9.8065,0.0167,-0.0917,0.0099,14.63,-33.25,15.88,5.61,-84.48,141.62
52.37936,-1.462443,139.37,22.75,3,227.01,20 / 21,3314010,2019-09-06 20:15:19:753,-0.8736,1.4009,9.9748,-0.0025,0.0045,9.8066,0.0785,-0.0896,0.0376,14.94,-33.12,15.81,5.3,-84.5,141.36
52.37936,-1.462443,139.37,22.75,3,227.01,20 / 21,3314110,2019-09-06 20:15:19:853,-0.5683,0.9517,9.9238,0.0031,-0.0011,9.8066,0.0743,-0.0283,-0.0081,15.31,-33,15.31,8.02,-84.49,141.79
52.37936,-1.462443,139.37,22.75,3,227.01,20 / 21,3314210,2019-09-06 20:15:19:953,-0.7655,0.9083,9.4407,0.0136,0.0149,9.8066,-0.0238,-0.016,0.0176,14.88,-33.69,15.06,8.18,-84.5,141.89
52.37936,-1.462443,139.37,22.75,3,227.01,20 / 21,3314310,2019-09-06 20:15:20:053,-0.4483,1.717,9.8415,0.0059,0.0127,9.8066,-0.0419,-0.089,-0.0056,15.5,-33.81,15.13,10.09,-84.63,141.74
52.37936,-1.462443,139.37,22.75,3,227.01,19 / 22,3314409,2019-09-06 20:15:20:152,-0.3328,1.6308,9.6289,-0.0011,0.0014,9.8066,0.0332,-0.0289,-0.0451,15.25,-33.37,14.25,10.88,-84.57,142.21
52.37936,-1.462443,139.37,22.75,3,227.01,19 / 22,3314509,2019-09-06 20:15:20:252,-1.7912,0.2986,9.4478,-0.0143,-0.0209,9.8065,0.0322,-0.1053,0.0479,15.19,-33,14.5,9.03,-84.45,142.63
52.37936,-1.462443,139.37,22.75,3,227.01,19 / 22,3314610,2019-09-06 20:15:20:353,0.099,0.6045,9.6282,0.01,0.0188,9.8065,-0.0708,-0.0989,0.0445,15.63,-33.31,14.81,9.38,-84.55,141.16
52.37936,-1.462443,139.37,22.75,3,227.01,19 / 22,3314710,2019-09-06 20:15:20:453,-1.1072,1.2588,10.3193,-0.0251,-0.0242,9.8066,0.0752,-0.0833,-0.0008,15.31,-32.87,14.19,10.09,-84.68,141.58
52.37936,-1.462443,139.37,22.75,3,227.01,19 / 22,3314809,2019-09-06 20:15:20:552,0.0993,0.7397,9.8921,-0.0204,-0.0149,9.8066,0.0912,-0.1157,0.017,15.31,-33.12,14.44,10.85,-84.58,142.19
52.37936,-1.462443,139.37,22.75,3,227.01,19 / 22,3314910,2019-09-06 20:15:20:653,-0.6535,0.7202,10.1808,-0.0238,-0.0197,9.8065,-0.0431,-0.0607,0.016,15.44,-33.75,14.5,11.07,-84.39,144.29
52.37936,-1.462443,139.37,22.75,3,227.01,19 / 22,3315010,2019-09-06 20:15:20:753,0.4622,1.6363,10.2295,-0.0083,0.014,9.8065,0.0007,-0.0542,-0.0079,15.06,-33.12,14.38,16.37,-84.53,146.84
52.37936,-1.462443,139.37,22.75,3,227.01,19 / 22,3315110,2019-09-06 20:15:20:853,-1.4753,0.3859,9.503,-0.0355,-0.015,9.8065,0.2329,-0.083,-0.0011,15.44,-33.5,14.13,16.8,-84.7,147.3
52.37936,-1.462443,139.37,22.75,3,227.01,19 / 22,3315210,2019-09-06 20:15:20:953,-0.6722,0.8756,9.478,-0.014,0.0022,9.8066,-0.0071,-0.0659,0.0357,15.63,-32.94,13.88,20.06,-84.74,148.37
52.37936,-1.462443,139.37,22.75,3,227.01,19 / 22,3315309,2019-09-06 20:15:21:052,-0.3986,1.1961,9.6551,0.0062,0.0044,9.8066,-0.0114,-0.043,-0.0254,15.38,-32.81,13.75,18.59,-84.82,148.89
52.37936,-1.462443,139.37,22.75,3,227.01,20 / 21,3315409,2019-09-06 20:15:21:152,-0.9419,0.9113,10.381,-0.0028,-0.0015,9.8066,0.0135,-0.0471,-0.0031,15.94,-33,13.44,23.8,-84.78,149.43
52.37936,-1.462443,139.37,22.75,3,227.01,20 / 21,3315510,2019-09-06 20:15:21:253,-0.7487,1.3968,10.8778,-0.0097,-0.0142,9.8065,0.0305,-0.0689,-0.0001,15.88,-33.12,13.06,24.29,-84.58,149.72
52.37936,-1.462443,139.37,22.75,3,227.01,20 / 21,3315609,2019-09-06 20:15:21:352,-0.9399,-0.1015,10.4013,-0.0259,-0.0218,9.8065,0.0375,-0.0713,-0.0227,14.88,-32.75,13.75,21.87,-84.26,151.35
52.37936,-1.462443,139.37,22.75,3,227.01,20 / 21,3315710,2019-09-06 20:15:21:453,-0.9818,0.2654,10.0337,-0.0228,-0.0119,9.8066,-0.0564,-0.0236,0.0287,15.63,-32.5,12.94,27.18,-84.17,152.02
52.37936,-1.462443,139.37,22.75,3,227.01,20 / 21,3315810,2019-09-06 20:15:21:553,-0.5394,0.8546,9.8241,0.0115,0.0121,9.8065,0.0497,-0.0804,-0.0051,14.63,-32.37,13,25.79,-84.15,152.49
52.37936,-1.462443,139.37,22.75,3,227.01,20 / 21,3315910,2019-09-06 20:15:21:653,-0.9941,0.4201,9.9224,0.0061,0.0036,9.8065,0.0064,0.0031,0.026,15.25,-32.62,13.31,25.76,-84.2,152.37
52.37936,-1.462443,139.37,22.75,3,227.01,20 / 21,3316010,2019-09-06 20:15:21:753,-0.6021,-0.1751,9.8768,-0.0191,-0.0073,9.8066,-0.0585,-0.0479,0.0518,15.69,-31.56,14,26.36,-84.1,153.48
52.37936,-1.462443,139.37,22.75,3,227.01,20 / 21,3316110,2019-09-06 20:15:21:853,0.2046,0.7795,10.2275,0.0016,0.0006,9.8066,-0.0355,-0.0415,-0.0195,15.56,-32.12,13.94,27.02,-84.02,153.98
52.37936,-1.462443,139.37,22.75,3,227.01,20 / 21,3316210,2019-09-06 20:15:21:953,-0.6031,1.0951,10.2234,0.004,0.0075,9.8066,0.0971,-0.025,0.0262,15.81,-32.25,13.5,27.33,-84.01,154.25
52.37936,-1.462443,139.37,22.75,3,227.01,20 / 21,3316310,2019-09-06 20:15:22:053,-1.5511,0.2399,10.3599,-0.017,-0.0158,9.8065,0.0395,-0.0771,-0.033,16,-32.56,14,28.37,-83.92,154.94
52.37936,-1.462443,139.37,22.75,3,227.01,19 / 21,3316409,2019-09-06 20:15:22:152,-0.1221,0.0704,10.3845,-0.0196,-0.0043,9.8066,-0.0628,-0.0696,0.1018,15.81,-32.06,13.63,28.11,-83.86,154.8
52.37936,-1.462443,139.37,22.75,3,227.01,19 / 21,3316510,2019-09-06 20:15:22:253,-0.4984,1.226,10.5612,0.0162,0.0061,9.8066,-0.0085,-0.0309,-0.037,16,-31.44,13.56,30.23,-83.76,156.68
52.37936,-1.462443,139.37,22.75,3,227.01,19 / 21,3316609,2019-09-06 20:15:22:352,-0.222,0.8624,10.319,-0.008,0.0038,9.8065,0.0486,-0.08,0.0266,16.13,-31.06,13.25,33.64,-83.73,157.34
52.37936,-1.462443,139.37,22.75,3,227.01,19 / 21,3316709,2019-09-06 20:15:22:452,-2.0299,0.1559,9.9624,-0.0014,-0.0055,9.8066,0.0325,-0.1164,0.0189,16.81,-31.31,13.13,35.85,-83.61,157.66
52.37936,-1.462443,139.37,22.75,3,227.01,19 / 21,3316809,2019-09-06 20:15:22:552,-0.2815,1.6563,10.1292,0.0025,0.008,9.8066,0.0419,-0.0345,0.0639,16.38,-30.62,12.69,35.26,-83.63,158.65
52.37936,-1.462443,139.37,22.75,3,227.01,19 / 21,3316910,2019-09-06 20:15:22:653,0.2004,1.1829,10.1978,-0.0061,-0.0034,9.8066,-0.0323,-0.0304,-0.0522,15.81,-29.69,12.25,39.86,-83.57,160.36
52.37936,-1.462443,139.37,22.75,3,227.01,19 / 21,3317009,2019-09-06 20:15:22:752,-1.0244,0.4134,10.3198,-0.0119,0.0026,9.8066,0.0019,-0.0545,0.0041,15.13,-28.69,11.19,41.62,-83.44,160.88
52.37936,-1.462443,139.37,22.75,3,227.01,19 / 21,3317110,2019-09-06 20:15:22:853,-0.2397,-0.2776,9.9382,-0.0293,-0.0229,9.8065,-0.028,-0.1944,0.0429,14.69,-26.06,10.5,42.52,-83.16,162.08
52.37936,-1.462443,139.37,22.75,3,227.01,19 / 21,3317210,2019-09-06 20:15:22:953,-1.8792,1.1487,9.7611,0.0033,-0.0062,9.8065,-0.0104,-0.0556,-0.0463,12.44,-24.44,10.19,39.67,-83.19,162.58
52.37936,-1.462443,139.37,22.75,3,227.01,19 / 21,3317309,2019-09-06 20:15:23:052,-0.17,0.49,10.0627,0.0117,-0.0039,9.8066,-0.0091,0.0446,-0.0437,12.25,-22.31,10.38,39.19,-83.13,162.66
52.378487,-1.465023,136.99,22.86,3,256.14,20 / 21,3317410,2019-09-06 20:15:23:153,-1.1127,1.0997,10.0748,-0.0051,0.0104,9.8066,0.0737,-0.0864,0.0837,11.94,-21.19,11.19,34.34,-83.05,161.59
52.378487,-1.465023,136.99,22.86,3,256.14,20 / 21,3317509,2019-09-06 20:15:23:252,-0.2563,1.2674,10.2959,-0.0239,-0.0074,9.8066,0.0274,-0.1351,0.0372,11.38,-20.37,10.81,32.96,-82.96,162.83
52.378487,-1.465023,136.99,22.86,3,256.14,20 / 21,3317610,2019-09-06 20:15:23:353,-0.397,0.8816,10.5399,-0.0351,-0.0047,9.8066,0.0151,-0.0288,0.0336,10.94,-19.19,9.5,39.19,-82.73,165.35
52.378487,-1.465023,136.99,22.86,3,256.14,20 / 21,3317710,2019-09-06 20:15:23:453,-1.1151,0.3538,10.1366,-0.011,0.0032,9.8066,0.0167,-0.0395,-0.0104,10.31,-17.87,9.38,41.25,-82.7,166.55
52.378487,-1.465023,136.99,22.86,3,256.14,20 / 21,3317809,2019-09-06 20:15:23:552,-1.238,0.9384,9.2607,0.0089,0.0032,9.8066,-0.0096,-0.1112,0.0184,9.13,-16.81,10.19,34.39,-82.71,166.98
52.378487,-1.465023,136.99,22.86,3,256.14,20 / 21,3317909,2019-09-06 20:15:23:652,-0.9235,1.1918,10.0424,0.008,0.0121,9.8066,-0.0368,-0.0815,0.0155,8.5,-17.31,11.25,30.43,-82.92,166.66
52.378487,-1.465023,136.99,22.86,3,256.14,20 / 21,3318010,2019-09-06 20:15:23:753,-0.5957,1.2767,10.3171,-0.023,-0.0238,9.8066,0.0088,-0.0683,0.0016,9.69,-18.12,13.31,28.61,-82.84,167.09
52.378487,-1.465023,136.99,22.86,3,256.14,20 / 21,3318110,2019-09-06 20:15:23:853,-0.1057,1.3519,10.2359,-0.0268,-0.0322,9.8065,0.0881,-0.0874,0.0168,10.69,-20,13.81,30.12,-82.65,167.62
52.378487,-1.465023,136.99,22.86,3,256.14,20 / 21,3318210,2019-09-06 20:15:23:953,-1.9908,0.6717,10.6948,0.0156,0.01,9.8065,0.1336,-0.1343,0.0214,12.88,-21.37,14.56,33.38,-82.47,167.85
52.378487,-1.465023,136.99,22.86,3,256.14,20 / 21,3318309,2019-09-06 20:15:24:052,-0.988,0.6873,10.6215,0.0071,0.0074,9.8066,0.037,-0.1125,0.0176,14.38,-23.25,14.19,39.03,-82.28,168.11
52.378487,-1.465023,136.99,22.86,3,256.14,20 / 22,3318409,2019-09-06 20:15:24:152,-0.1639,1.0964,10.3199,-0.0215,-0.0056,9.8066,-0.0342,-0.0202,0.0205,14.81,-25.81,14.06,42.97,-82.17,168.94
52.378487,-1.465023,136.99,22.86,3,256.14,20 / 22,3318510,2019-09-06 20:15:24:253,-0.2906,1.6174,10.0295,-0.0069,0.0012,9.8066,-0.003,-0.0589,0.0057,15.06,-28.19,13.13,47.31,-82.12,169.74
52.378487,-1.465023,136.99,22.86,3,256.14,20 / 22,3318609,2019-09-06 20:15:24:352,-0.4395,1.1226,10.0417,-0.0007,0.0018,9.8066,0.0542,-0.0888,0.0041,15.31,-30.44,12.81,48.58,-82.05,170.15
52.378487,-1.465023,136.99,22.86,3,256.14,20 / 22,3318710,2019-09-06 20:15:24:453,-0.0635,1.119,10.0081,-0.0141,-0.0125,9.8066,-0.0608,-0.0362,-0.0042,15.38,-30.81,13.06,49.22,-82.03,170.36
52.378487,-1.465023,136.99,22.86,3,256.14,20 / 22,3318810,2019-09-06 20:15:24:553,-0.0076,0.2825,9.8074,-0.021,-0.0236,9.8066,-0.0327,-0.0273,-0.0344,15.38,-31.69,12.44,52.44,-81.98,170.14
52.378487,-1.465023,136.99,22.86,3,256.14,20 / 22,3318910,2019-09-06 20:15:24:653,0.737,1.1335,10.2481,-0.0429,-0.0249,9.8064,0.0844,-0.0713,0.012,15.31,-32.25,11.94,52.37,-81.63,169.58
52.378487,-1.465023,136.99,22.86,3,256.14,20 / 22,3319009,2019-09-06 20:15:24:752,-0.4582,0.6743,10.4147,0.0028,0.0114,9.8066,0.0798,-0.076,0.0268,15.13,-32.5,12.19,52.76,-81.66,169.96
52.378487,-1.465023,136.99,22.86,3,256.14,20 / 22,3319109,2019-09-06 20:15:24:852,-0.5898,0.5694,10.0326,0.0084,0.0074,9.8066,-0.0447,-0.0311,0.0229,15.31,-32.87,12.13,53.5,-81.6,170.15
52.378487,-1.465023,136.99,22.86,3,256.14,20 / 22,3319210,2019-09-06 20:15:24:953,-0.1354,0.1905,10.2539,-0.0085,-0.0071,9.8066,-0.0357,-0.0079,-0.0476,15.56,-32.87,12.5,52.56,-81.47,170.41
52.378487,-1.465023,136.99,22.86,3,256.14,20 / 22,3319310,2019-09-06 20:15:25:053,0.7901,2.1714,9.8394,-0.0177,-0.0163,9.8065,0.0664,-0.0728,0.0423,15.88,-32.94,12.13,55.49,-81.42,170.27
52.378487,-1.465023,136.99,22.86,3,256.14,19 / 21,3319409,2019-09-06 20:15:25:152,-0.1861,1.8842,9.9743,0.0139,0.0138,9.8066,0.0684,-0.0453,-0.0539,16.13,-33,11.94,54.99,-81.28,169.63
52.378487,-1.465023,136.99,22.86,3,256.14,19 / 21,3319510,2019-09-06 20:15:25:253,1.0914,0.645,9.8667,0.0169,0.0058,9.8066,0.0445,-0.0476,0.0316,16.69,-33.19,11.88,56.6,-81.23,169.76
52.378487,-1.465023,136.99,22.86,3,256.14,19 / 21,3319610,2019-09-06 20:15:25:353,0.7643,0.7515,9.7289,0.0132,0.0052,9.8066,-0.0468,-0.0551,0.0093,16,-33.69,11.06,59.17,-81.22,169.98
52.378487,-1.465023,136.99,22.86,3,256.14,19 / 21,3319710,2019-09-06 20:15:25:453,-0.1792,0.5069,9.9525,-0.0157,0.0062,9.8066,0.1972,-0.053,0.012,16.25,-33.37,11.5,56.69,-81.08,170.78
52.378487,-1.465023,136.99,22.86,3,256.14,19 / 21,3319809,2019-09-06 20:15:25:552,0.2004,1.344,10.4293,-0.0343,0.0014,9.8065,0.1384,-0.1137,0.0993,16.13,-33.62,11.25,62.74,-80.84,172.46
52.378487,-1.465023,136.99,22.86,3,256.14,19 / 21,3319910,2019-09-06 20:15:25:653,-0.1862,0.8988,10.5147,-0.0269,-0.0055,9.8065,-0.0711,-0.0686,0.0192,16.25,-33.44,11.31,62.17,-80.83,172.37
52.378487,-1.465023,136.99,22.86,3,256.14,19 / 21,3320009,2019-09-06 20:15:25:752,1.1532,1.7609,10.5528,-0.0635,-0.0066,9.8064,0.1841,-0.077,0.0713,15.69,-34.06,10.38,66.02,-81.03,172.73
52.378487,-1.465023,136.99,22.86,3,256.14,19 / 21,3320110,2019-09-06 20:15:25:853,1.594,-2.7333,12.1727,-0.0387,-0.0621,9.8063,0.4049,0.1309,-0.1934,15.25,-33.87,10.13,65.55,-80.9,173.05
52.378487,-1.465023,136.99,22.86,3,256.14,19 / 21,3320210,2019-09-06 20:15:25:953,0.3079,2.7978,11.1155,-0.0675,-0.0569,9.8062,0.4118,-0.0002,-0.1034,15.94,-33.87,10.5,62.21,-80.29,171.06
52.378487,-1.465023,136.99,22.86,3,256.14,19 / 21,3320309,2019-09-06 20:15:26:052,-1.3542,1.7962,9.5046,-0.0222,0.0443,9.8064,-0.3812,-0.1413,0.2524,15.31,-34.19,10.19,65.92,-80.35,172.31
52.378487,-1.465023,136.99,22.86,3,256.14,21 / 22,3320409,2019-09-06 20:15:26:152,0.7762,1.6402,9.602,-0.0809,-0.0237,9.8063,0.0904,-0.053,-0.0845,14.5,-34.25,10.44,68.21,-79.94,173.53
52.378487,-1.465023,136.99,22.86,3,256.14,21 / 22,3320509,2019-09-06 20:15:26:252,0.792,0.9126,9.2223,-0.0795,-0.0256,9.8063,-0.0599,-0.0809,-0.0091,14.81,-34.56,9.81,69.21,-79.96,173.89
52.378487,-1.465023,136.99,22.86,3,256.14,21 / 22,3320609,2019-09-06 20:15:26:352,0.125,0.8646,10.162,0.0499,0.0186,9.8064,-0.2124,-0.101,0.0575,14.88,-34.62,9.94,69.64,-79.95,174.27
52.378487,-1.465023,136.99,22.86,3,256.14,21 / 22,3320710,2019-09-06 20:15:26:453,0.5578,0.5522,9.7678,-0.0077,-0.0109,9.8066,0.0052,0.0033,-0.0102,14.88,-34.44,10.63,65.26,-80.03,174.26
52.378487,-1.465023,136.99,22.86,3,256.14,21 / 22,3320809,2019-09-06 20:15:26:552,-0.4317,0.6521,9.2028,-0.004,0.0018,9.8066,0.0186,-0.0572,-0.0008,14.44,-34.37,10.19,67.95,-79.93,174.24
52.378487,-1.465023,136.99,22.86,3,256.14,21 / 22,3320910,2019-09-06 20:15:26:653,0.6912,2.0783,9.2603,-0.01,0.0034,9.8066,0.1215,-0.1117,0.0406,15,-34.87,10.5,66.27,-80.02,174.6
52.378487,-1.465023,136.99,22.86,3,256.14,21 / 22,3321009,2019-09-06 20:15:26:752,0.5341,1.8092,10.603,0.0026,-0.0074,9.8065,-0.0296,-0.0423,-0.0006,14.5,-34.44,10.63,65.03,-80.07,174.13
52.378487,-1.465023,136.99,22.86,3,256.14,21 / 22,3321109,2019-09-06 20:15:26:852,0.443,0.8808,11.4026,-0.0162,-0.015,9.8066,0.1085,-0.0545,0.0153,14.63,-34.56,10,69.47,-79.8,173.81
52.378487,-1.465023,136.99,22.86,3,256.14,21 / 22,3321210,2019-09-06 20:15:26:953,-0.276,0.1645,10.4475,-0.0174,-0.013,9.8066,0.0788,-0.0517,-0.0279,14.38,-33.94,10.75,63.78,-79.5,173.1
52.378487,-1.465023,136.99,22.86,3,256.14,21 / 22,3321310,2019-09-06 20:15:27:053,0.3606,0.8679,9.8205,-0.0061,0.0108,9.8066,0.0412,-0.1002,0.0411,14.5,-34.19,10.25,69.45,-79.36,173.49
52.378487,-1.465023,136.99,22.86,3,256.14,21 / 23,3321410,2019-09-06 20:15:27:153,0.276,1.1565,9.6848,-0.0036,0.013,9.8066,-0.0116,-0.0422,0.0503,14.56,-33.81,10.13,70.42,-79.51,174.63
52.378487,-1.465023,136.99,22.86,3,256.14,21 / 23,3321510,2019-09-06 20:15:27:253,1.0952,1.3326,9.3866,0.0005,-0.0059,9.8065,-0.041,-0.0686,-0.0313,14.94,-33.81,9,74.37,-79.59,175
52.378487,-1.465023,136.99,22.86,3,256.14,21 / 23,3321610,2019-09-06 20:15:27:353,0.285,0.8843,9.6602,0.0056,-0.0073,9.8066,-0.036,-0.0501,0.0169,15.06,-33.5,9.44,72.93,-79.54,174.2
52.378487,-1.465023,136.99,22.86,3,256.14,21 / 23,3321709,2019-09-06 20:15:27:452,1.2394,0.9841,10.4292,-0.0178,-0.0103,9.8066,0.013,-0.1019,0.019,15.06,-33.5,9.06,72.96,-79.35,173.85
52.378487,-1.465023,136.99,22.86,3,256.14,21 / 23,3321810,2019-09-06 20:15:27:553,-0.0101,0.7307,10.631,-0.0044,-0.0162,9.8066,-0.0188,-0.0039,-0.0396,15,-33.37,9.13,73.06,-79.1,173.43
52.378487,-1.465023,136.99,22.86,3,256.14,21 / 23,3321910,2019-09-06 20:15:27:653,0.1877,1.5896,10.6565,-0.0024,0.0072,9.8066,0.0663,-0.1051,0.085,14.06,-33,8.25,76.82,-78.9,173.33
52.378487,-1.465023,136.99,22.86,3,256.14,21 / 23,3322010,2019-09-06 20:15:27:753,1.1912,1.0698,10.1897,-0.0191,0.0042,9.8066,-0.0084,-0.0386,0.0084,14.63,-32.81,7.69,78.36,-78.8,174.11
52.378487,-1.465023,136.99,22.86,3,256.14,21 / 23,3322110,2019-09-06 20:15:27:853,1.2934,0.8164,10.1387,-0.0322,0.0019,9.8065,-0.1196,-0.0511,0.0267,13.75,-32.06,7.44,81.96,-78.7,174.52
52.378487,-1.465023,136.99,22.86,3,256.14,21 / 23,3322209,2019-09-06 20:15:27:952,0.2066,0.9501,9.4806,0.0206,-0.0121,9.8066,-0.0352,-0.0322,-0.0464,13.13,-31.31,7.31,80.35,-78.69,174.02
52.378487,-1.465023,136.99,22.86,3,256.14,21 / 23,3322310,2019-09-06 20:15:28:053,0.6595,0.7603,9.5291,0.0148,-0.0008,9.8066,0.0911,-0.0909,0.0158,13,-30.69,7.63,75.69,-78.62,173.72
52.378487,-1.465023,136.99,22.86,3,256.14,20 / 21,3322409,2019-09-06 20:15:28:152,1.6441,0.6536,9.4333,-0.037,-0.0025,9.8065,-0.0906,-0.0694,-0.0056,12.19,-29.81,7.75,73.98,-78.68,173.8
52.378487,-1.465023,136.99,22.86,3,256.14,20 / 21,3322510,2019-09-06 20:15:28:253,0.8407,1.0318,8.9972,-0.0226,0.0009,9.8065,-0.0323,-0.0613,0.0851,10.94,-30.94,8.75,69.28,-78.64,174.05
52.378487,-1.465023,136.99,22.86,3,256.14,20 / 21,3322609,2019-09-06 20:15:28:352,0.6655,0.6752,9.3631,0.0241,0.0098,9.8065,0.1442,-0.1007,0.0227,10.25,-31.75,10.06,63.55,-78.78,174.5
52.378487,-1.465023,136.99,22.86,3,256.14,20 / 21,3322709,2019-09-06 20:15:28:452,0.3653,0.2006,10.0619,0.0135,0.0021,9.8066,-0.1158,-0.0535,0.0511,9.94,-32.31,10.19,63.67,-78.68,174.37
52.378487,-1.465023,136.99,22.86,3,256.14,20 / 21,3322810,2019-09-06 20:15:28:553,-0.0817,1.228,9.8526,0.0129,0.0141,9.8066,-0.009,-0.0355,0.0124,8.81,-32.5,9.94,62.2,-78.73,175.08
52.378487,-1.465023,136.99,22.86,3,256.14,20 / 21,3322910,2019-09-06 20:15:28:653,-0.4929,1.4424,9.3833,-0.0238,-0.017,9.8066,0.1724,-0.1348,-0.0223,6.88,-33.44,9.81,56.36,-78.85,174.69
52.378487,-1.465023,136.99,22.86,3,256.14,20 / 21,3323009,2019-09-06 20:15:28:752,0.6797,1.0648,10.1925,-0.0224,-0.01,9.8065,0.0354,-0.0707,-0.0422,5.56,-33.56,8.31,70.72,-78.84,174.3
52.378487,-1.465023,136.99,22.86,3,256.14,20 / 21,3323109,2019-09-06 20:15:28:852,0.4024,1.44,9.9658,0.0028,0.0102,9.8066,-0.0196,-0.0848,0.0544,4.94,-32.75,8.44,65.98,-78.79,174.43
52.378487,-1.465023,136.99,22.86,3,256.14,20 / 21,3323210,2019-09-06 20:15:28:953,1.4042,1.3547,10.0428,0.0168,0.0177,9.8065,0.2461,-0.2014,0.0113,4.88,-30.94,9.25,53.02,-78.83,175.3
52.378487,-1.465023,136.99,22.86,3,256.14,20 / 21,3323310,2019-09-06 20:15:29:053,1.0211,0.8933,10.3219,0.0406,0.0177,9.8065,0.2012,-0.0822,0.1091,7.25,-29.62,10.75,47.77,-78.76,175.14
52.378487,-1.465023,136.99,22.86,3,256.14,20 / 22,3323410,2019-09-06 20:15:29:153,0.4734,1.0198,10.3202,-0.0428,-0.0238,9.8065,-0.0983,-0.021,0.0055,9.63,-29.56,12,54.77,-78.26,175.51
52.378487,-1.465023,136.99,22.86,3,256.14,20 / 22,3323509,2019-09-06 20:15:29:252,-0.3243,0.8006,9.8294,-0.0224,-0.0021,9.8066,-0.0642,-0.0658,0.0382,10.75,-29.62,11.81,57.48,-78.3,175.77
52.378487,-1.465023,136.99,22.86,3,256.14,20 / 22,3323610,2019-09-06 20:15:29:353,0.2261,1.0272,9.3242,0.0056,0.0089,9.8066,-0.0455,-0.047,-0.0005,12.69,-30.69,11.44,66.36,-78.41,176.23
52.378487,-1.465023,136.99,22.86,3,256.14,20 / 22,3323710,2019-09-06 20:15:29:453,-0.4938,1.2636,9.1684,0.0023,-0.0032,9.8065,-0.0823,-0.0499,-0.0135,14.06,-31.81,10.63,68.16,-78.66,176.44
52.378487,-1.465023,136.99,22.86,3,256.14,20 / 22,3323809,2019-09-06 20:15:29:552,0.1011,1.5271,9.5754,-0.0241,-0.015,9.8066,-0.1367,-0.0637,-0.0136,14.31,-32.87,9.56,71.94,-78.72,175.86
52.378487,-1.465023,136.99,22.86,3,256.14,20 / 22,3323909,2019-09-06 20:15:29:652,0.9372,1.1366,9.7087,-0.022,-0.0156,9.8066,0.0126,-0.0148,-0.0487,14.5,-33.44,8.75,75.81,-78.76,175.21
52.378487,-1.465023,136.99,22.86,3,256.14,20 / 22,3324010,2019-09-06 20:15:29:753,1.4117,0.407,10.2362,0.0003,-0.0051,9.8065,0.028,-0.0994,0.0241,14.56,-33.94,8.19,79.73,-78.65,174.35
52.378487,-1.465023,136.99,22.86,3,256.14,20 / 22,3324110,2019-09-06 20:15:29:853,0.7565,0.3814,10.8777,0.0044,0.0004,9.8066,0.0174,-0.0861,0.0298,14.31,-34.12,8.31,79.84,-78.51,174.44
52.378487,-1.465023,136.99,22.86,3,256.14,20 / 22,3324210,2019-09-06 20:15:29:953,0.5482,0.1562,9.6978,-0.0101,-0.0022,9.8066,0.064,-0.017,-0.0356,14.5,-33.69,7.88,80.56,-78.38,174.53
52.378487,-1.465023,136.99,22.86,3,256.14,20 / 22,3324310,2019-09-06 20:15:30:053,0.8258,0.838,9.5333,0.0094,0.0065,9.8066,0.0796,-0.0343,0.0236,14,-34.06,7.31,84.36,-78.38,174.43
52.378487,-1.465023,136.99,22.86,3,256.14,19 / 22,3324409,2019-09-06 20:15:30:152,1.8855,1.1854,9.3953,0.01,0.0027,9.8066,-0.0531,-0.0076,0.0112,14.44,-34.5,7.56,80,-78.54,174.67
52.378487,-1.465023,136.99,22.86,3,256.14,19 / 22,3324510,2019-09-06 20:15:30:253,0.5119,0.9031,9.6616,0.0022,0.004,9.8066,-0.0523,-0.0043,-0.0289,14.5,-34.56,7.63,81.07,-78.55,174.66
52.378487,-1.465023,136.99,22.86,3,256.14,19 / 22,3324609,2019-09-06 20:15:30:352,0.8271,-0.1776,9.7792,0.0041,0.0022,9.8065,0.0329,-0.0434,-0.0032,14.5,-34.37,7.56,80.39,-78.56,174.76
52.378487,-1.465023,136.99,22.86,3,256.14,19 / 22,3324710,2019-09-06 20:15:30:453,0.7485,0.551,9.9036,-0.0192,0.0036,9.8066,-0.0136,-0.1137,0.0574,14.63,-34.69,7.31,85.66,-78.56,175.33
52.378487,-1.465023,136.99,22.86,3,256.14,19 / 22,3324809,2019-09-06 20:15:30:552,1.1748,0.5895,10.2674,-0.0328,-0.0011,9.8065,-0.0292,-0.0235,-0.0344,14.88,-34.25,7.63,81.89,-78.38,175.78
52.378487,-1.465023,136.99,22.86,3,256.14,19 / 22,3324910,2019-09-06 20:15:30:653,1.655,0.9316,10.2554,-0.0262,-0.0133,9.8066,0.1669,-0.0242,-0.0283,14.88,-34.69,6.5,85.82,-78.39,175.08
52.378487,-1.465023,136.99,22.86,3,256.14,19 / 22,3325010,2019-09-06 20:15:30:753,1.7406,0.2403,9.8046,0.0226,-0.0025,9.8066,0.0495,-0.0639,-0.0155,14.38,-34.44,7.06,84.36,-78.46,174.64
52.378487,-1.465023,136.99,22.86,3,256.14,19 / 22,3325109,2019-09-06 20:15:30:852,0.609,-0.3363,8.8696,-0.0074,-0.0005,9.8066,0.0474,-0.0506,0.0362,14.81,-35.06,6.69,85.73,-78.29,174.74
52.378487,-1.465023,136.99,22.86,3,256.14,19 / 22,3325209,2019-09-06 20:15:30:952,0.3064,0.9243,9.3621,0.0182,0.0088,9.8066,-0.0121,-0.0552,0.068,14.44,-35.06,6.75,85.53,-78.42,174.84
52.378487,-1.465023,136.99,22.86,3,256.14,19 / 22,3325310,2019-09-06 20:15:31:053,0.4954,0.6702,10.3739,0.0058,0.0213,9.8065,-0.0604,-0.1232,0.0426,15,-34.62,6.31,90.02,-78.59,175.9
52.378487,-1.465023,136.99,22.86,3,256.14,19 / 22,3325409,2019-09-06 20:15:31:152,1.1461,0.8118,10.4338,-0.043,0.0123,9.8065,0.0373,-0.0546,0.0056,14.13,-34.56,6.44,91.64,-78.38,176.7
52.378487,-1.465023,136.99,22.86,3,256.14,19 / 22,3325510,2019-09-06 20:15:31:253,1.5652,0.7544,9.6978,0.0081,0.0118,9.8066,-0.0017,-0.0735,-0.0127,14.19,-34.94,5.63,92.07,-78.38,177.12
52.378487,-1.465023,136.99,22.86,3,256.14,19 / 22,3325609,2019-09-06 20:15:31:352,0.9468,-0.0945,9.7939,0.0134,0.0052,9.8066,-0.0045,0.0259,0.0734,13.5,-34.62,6.19,92.57,-78.38,177.66
52.378487,-1.465023,136.99,22.86,3,256.14,19 / 22,3325710,2019-09-06 20:15:31:453,0.316,0.6642,10.475,-0.0476,0.0085,9.8065,-0.0299,-0.0035,0.1015,13.69,-34.56,6.5,88.01,-78.61,177.77
52.378487,-1.465023,136.99,22.86,3,256.14,19 / 22,3325809,2019-09-06 20:15:31:552,0.161,0.5083,10.2214,-0.0156,0.0036,9.8066,0.0512,-0.0757,-0.0174,14.19,-34.44,6.81,88.26,-78.45,178.44
52.378487,-1.465023,136.99,22.86,3,256.14,19 / 22,3325909,2019-09-06 20:15:31:652,0.1184,0.0414,9.9809,0.0098,-0.0075,9.8066,-0.0562,-0.0626,0.042,14.5,-34.44,5.75,91.82,-78.48,178.26
52.378487,-1.465023,136.99,22.86,3,256.14,19 / 22,3326009,2019-09-06 20:15:31:752,0.8678,-0.572,9.4056,-0.0502,0.0084,9.8065,0.1857,-0.069,-0.0098,14.31,-35.12,5.63,93.54,-78.21,178.21
52.378487,-1.465023,136.99,22.86,3,256.14,19 / 22,3326110,2019-09-06 20:15:31:853,1.0189,0.6326,9.9252,-0.0453,0.0053,9.8064,-0.0193,-0.0016,-0.0578,13.81,-34.81,5.88,93.03,-78.38,178.12
52.378487,-1.465023,136.99,22.86,3,256.14,19 / 22,3326210,2019-09-06 20:15:31:953,0.5239,0.5045,9.3709,0.011,0.003,9.8066,-0.0147,-0.0608,0.0889,13.38,-34.69,6.25,93.53,-78.45,178.48
52.378487,-1.465023,136.99,22.86,3,256.14,19 / 22,3326310,2019-09-06 20:15:32:053,0.5214,-0.005,10.381,0.0073,0.0103,9.8065,0.0546,0.0236,0.0045,14.19,-35.5,6.31,93.63,-78.48,179.05
52.378525,-1.467936,134.47,21.43,8,285.72,17 / 22,3326410,2019-09-06 20:15:32:153,0.8175,-0.1515,9.8067,-0.0006,0.0052,9.8066,0.0463,-0.1005,0.0018,14.06,-35.19,5.81,94.38,-78.41,179.66
52.378525,-1.467936,134.47,21.43,8,285.72,17 / 22,3326510,2019-09-06 20:15:32:253,0.0381,0.4459,9.9729,-0.0036,0.0052,9.8066,-0.1149,-0.0375,-0.0183,13.94,-34.94,5.38,98.75,-78.42,-179.89
52.378525,-1.467936,134.47,21.43,8,285.72,17 / 22,3326610,2019-09-06 20:15:32:353,1.8159,-0.1027,9.5464,-0.0078,0.0074,9.8066,0.0404,-0.0007,0.0525,13.69,-35,4.88,99.12,-78.42,-179.47
52.378525,-1.467936,134.47,21.43,8,285.72,17 / 22,3326710,2019-09-06 20:15:32:453,1.1229,-0.2383,10.0355,0.0043,-0.0102,9.8065,0.0597,0.0121,-0.0302,13.13,-35,4.94,99.17,-78.56,-179.72
52.378525,-1.467936,134.47,21.43,8,285.72,17 / 22,3326810,2019-09-06 20:15:32:553,0.9988,0.1829,10.644,0.011,-0.0059,9.8066,-0.0544,-0.0176,-0.0104,13,-35.25,5.81,95.2,-78.56,-179.42
52.378525,-1.467936,134.47,21.43,8,285.72,17 / 22,3326910,2019-09-06 20:15:32:653,0.7709,0.0019,10.0865,-0.0102,0.006,9.8066,-0.0068,-0.0522,0.073,13.25,-34.87,5.94,95.25,-78.52,-179.5
52.378525,-1.467936,134.47,21.43,8,285.72,17 / 22,3327010,2019-09-06 20:15:32:753,0.5477,0.0852,10.2317,0.0286,0.0124,9.8066,-0.0998,-0.081,0.0164,13.31,-34.69,5.5,96.11,-78.53,-178.53
52.378525,-1.467936,134.47,21.43,8,285.72,17 / 22,3327110,2019-09-06 20:15:32:853,-0.4047,-0.3348,9.6915,-0.0094,0.013,9.8066,-0.0407,-0.0764,0.0112,14.13,-34.62,5.94,96.32,-78.56,-177.87
52.378525,-1.467936,134.47,21.43,8,285.72,17 / 22,3327209,2019-09-06 20:15:32:952,1.6288,-0.3232,9.2874,0.0014,0.004,9.8066,-0.0177,-0.0117,0.054,13.75,-34.75,5,101,-78.56,-176.98
52.378525,-1.467936,134.47,21.43,8,285.72,17 / 22,3327309,2019-09-06 20:15:33:052,1.284,0.0374,9.7658,-0.0095,0.007,9.8066,0.0156,-0.006,0.0701,13.19,-35,5,101.97,-78.56,-176.55
52.378525,-1.467936,134.47,21.43,8,285.72,19 / 22,3327410,2019-09-06 20:15:33:153,-0.0397,-0.5572,9.5512,0.0136,0.0062,9.8065,-0.0377,-0.0812,0.0107,12.88,-35.37,5.13,102.26,-78.64,-175.99
52.378525,-1.467936,134.47,21.43,8,285.72,19 / 22,3327510,2019-09-06 20:15:33:253,0.8521,0.2629,9.3807,0.0072,0.0088,9.8066,0.0389,-0.0505,-0.028,13,-35.5,5.81,98.34,-78.66,-175.72
52.378525,-1.467936,134.47,21.43,8,285.72,19 / 22,3327609,2019-09-06 20:15:33:352,1.001,1.0192,10.0669,0.008,0.0071,9.8065,-0.0245,0.0342,0.0524,13.25,-35.44,5.69,98.72,-78.7,-175.19
52.378525,-1.467936,134.47,21.43,8,285.72,19 / 22,3327709,2019-09-06 20:15:33:452,0.4516,-1.2664,9.9885,0.0176,0.0032,9.8065,0.0054,0.0525,-0.0321,13.44,-35.06,4.44,107.49,-78.72,-174.34
52.378525,-1.467936,134.47,21.43,8,285.72,19 / 22,3327810,2019-09-06 20:15:33:553,0.0365,0.0957,9.6795,-0.0156,0.0146,9.8066,0.0564,-0.0663,0.0392,13.25,-35.31,4.19,108.33,-78.57,-173.75
52.378525,-1.467936,134.47,21.43,8,285.72,19 / 22,3327910,2019-09-06 20:15:33:653,0.5473,0.4242,10.0343,0.0328,-0.0012,9.8066,-0.0875,-0.0244,0.0289,13.06,-35.94,4.31,109.5,-78.58,-173.22
52.378525,-1.467936,134.47,21.43,8,285.72,19 / 22,3328009,2019-09-06 20:15:33:752,-0.2679,-0.9038,9.7901,0.0115,-0.0014,9.8065,-0.031,-0.0599,-0.0113,13,-35.5,4.5,104.79,-78.73,-172.82
52.378525,-1.467936,134.47,21.43,8,285.72,19 / 22,3328109,2019-09-06 20:15:33:852,0.8158,0.0484,10.235,-0.0112,0.0073,9.8066,0.0502,-0.0625,0.0426,13.19,-35.37,4.63,105.14,-78.65,-172.62
52.378525,-1.467936,134.47,21.43,8,285.72,19 / 22,3328209,2019-09-06 20:15:33:952,0.9385,0.43,10.7724,0.0131,0.0136,9.8066,-0.0096,0.0041,0.0587,12.38,-35.87,5,107.86,-78.48,-171.59
52.378525,-1.467936,134.47,21.43,8,285.72,19 / 22,3328310,2019-09-06 20:15:34:053,-0.9839,-0.2799,9.3161,-0.0057,0.0145,9.8066,-0.0359,0.0444,0.0102,12.75,-36.19,4.88,108.72,-78.2,-170.54
52.378525,-1.467936,134.47,21.43,8,285.72,19 / 22,3328409,2019-09-06 20:15:34:152,-0.7468,0.9919,9.675,0.047,0.0029,9.8065,-0.0562,-0.0949,0.0123,12.69,-36.12,4.5,108.56,-78.49,-169.91
52.378525,-1.467936,134.47,21.43,8,285.72,19 / 22,3328510,2019-09-06 20:15:34:253,1.5684,-0.2046,9.3324,-0.1532,0.0231,9.8054,-0.0761,-0.0891,0.078,11.88,-36.25,4.06,112.21,-79.5,-168.16
52.378525,-1.467936,134.47,21.43,8,285.72,19 / 22,3328609,2019-09-06 20:15:34:352,0.5854,-0.5132,10.2781,-0.1158,0.0061,9.8059,0.0237,-0.0042,-0.0102,11.88,-36,4.19,112.18,-79.1,-169.43
52.378525,-1.467936,134.47,21.43,8,285.72,19 / 22,3328710,2019-09-06 20:15:34:453,1.2087,-0.7203,10.5169,-0.0372,0.0155,9.8065,-0.1968,-0.0435,0.0401,12.25,-36.12,5,108.58,-78.86,-169.52
52.378525,-1.467936,134.47,21.43,8,285.72,19 / 22,3328810,2019-09-06 20:15:34:553,-0.2558,0.2941,10.4191,-0.0556,0.0212,9.8064,0.138,-0.0103,-0.0049,12.56,-36.06,5,109.49,-78.37,-169.1
52.378525,-1.467936,134.47,21.43,8,285.72,19 / 22,3328910,2019-09-06 20:15:34:653,0.3164,0.1401,10.0034,0.0643,-0.001,9.8063,-0.0261,-0.0288,0.0079,12.56,-35.81,4.75,109.42,-78.77,-168.07
52.378525,-1.467936,134.47,21.43,8,285.72,19 / 22,3329009,2019-09-06 20:15:34:752,-0.2712,-0.2374,9.5998,0.063,-0.0098,9.8064,-0.1355,-0.0362,0.0331,12.25,-35.62,4.06,113.83,-79.04,-167.53
52.378525,-1.467936,134.47,21.43,8,285.72,19 / 22,3329110,2019-09-06 20:15:34:853,0.8238,-0.8142,9.2985,-0.036,0.0099,9.8065,0.0863,-0.0048,0.0138,12.38,-36.12,4.25,113.94,-79.16,-167.02
52.378525,-1.467936,134.47,21.43,8,285.72,19 / 22,3329210,2019-09-06 20:15:34:953,1.1885,-0.7334,9.9329,-0.0542,0.0076,9.8064,0.0814,-0.0417,0.0012,11.88,-36,4.06,114.39,-78.86,-167.35
52.378525,-1.467936,134.47,21.43,8,285.72,19 / 22,3329310,2019-09-06 20:15:35:053,0.3345,-0.7473,9.4738,-0.0015,0.0031,9.8066,-0.009,0.017,0.0403,11.88,-36.06,4,114.96,-78.66,-167.22
52.378525,-1.467936,134.47,21.43,8,285.72,18 / 23,3329410,2019-09-06 20:15:35:153,-0.5522,0.3229,10.1827,0.0175,0.0015,9.8065,0.0344,-0.0232,0.0598,11.56,-36.25,4.06,115.31,-78.64,-166.82
52.378525,-1.467936,134.47,21.43,8,285.72,18 / 23,3329509,2019-09-06 20:15:35:252,0.1505,-0.0835,10.2482,0.0263,-0.0019,9.8065,-0.054,-0.0352,-0.0326,11.69,-36.25,4.06,115.24,-78.92,-166.06
52.378525,-1.467936,134.47,21.43,8,285.72,18 / 23,3329609,2019-09-06 20:15:35:352,0.8435,-0.6082,9.9267,0.0439,-0.0121,9.8065,-0.0306,-0.0134,-0.032,11.88,-36.81,4,115.54,-79.14,-165.94
52.378525,-1.467936,134.47,21.43,8,285.72,18 / 23,3329710,2019-09-06 20:15:35:453,1.6535,-0.9704,9.6042,-0.038,0.0032,9.8065,0.1168,-0.0309,0.0041,11.94,-36.37,4.19,114.54,-79.16,-166.24
52.378525,-1.467936,134.47,21.43,8,285.72,18 / 23,3329809,2019-09-06 20:15:35:552,0.7592,-0.9256,9.7356,-0.036,0.0095,9.8065,-0.0079,0.0164,0.0018,11.88,-36.37,4.31,115.02,-78.85,-166.54
52.378525,-1.467936,134.47,21.43,8,285.72,18 / 23,3329910,2019-09-06 20:15:35:653,0.2898,-0.5494,10.2353,0.0172,0.0007,9.8065,-0.1087,-0.044,0.0197,11.94,-36.62,4.31,116.25,-78.85,-165.89
52.378525,-1.467936,134.47,21.43,8,285.72,18 / 23,3330009,2019-09-06 20:15:35:752,-0.98,-0.3822,10.0689,0.0165,0.0111,9.8065,0.0655,0.0004,0.0416,11.94,-36.12,3.88,116.1,-78.81,-165.28
52.378525,-1.467936,134.47,21.43,8,285.72,18 / 23,3330110,2019-09-06 20:15:35:853,-0.2389,0.0826,9.4661,0.0232,0.0133,9.8065,-0.0131,-0.0415,0.0445,11.88,-36.5,4.06,117.19,-78.92,-163.53
52.378525,-1.467936,134.47,21.43,8,285.72,18 / 23,3330210,2019-09-06 20:15:35:953,-0.3951,0.1546,10.2786,0.0363,-0.0008,9.8065,-0.0043,0.0049,-0.0292,11.75,-36.31,4.44,117.39,-79.13,-162.65
52.378525,-1.467936,134.47,21.43,8,285.72,18 / 23,3330310,2019-09-06 20:15:36:053,0.5815,-1.4679,10.0712,-0.0254,-0.0012,9.8065,0.0827,0.0484,0.001,11.25,-36.62,3.5,118.74,-79.25,-162.45
52.378525,-1.467936,134.47,21.43,8,285.72,20 / 22,3330410,2019-09-06 20:15:36:153,0.4458,-0.8358,9.008,-0.0135,-0.0021,9.8066,-0.231,0.0158,0.0465,11.31,-36.75,4,118.62,-79.13,-163
52.378525,-1.467936,134.47,21.43,8,285.72,20 / 22,3330509,2019-09-06 20:15:36:252,0.6442,-0.9126,9.458,0.0168,0.0053,9.8066,-0.1123,-0.0014,0.0293,11.75,-36.06,3.88,117.36,-79.15,-162.63
52.378525,-1.467936,134.47,21.43,8,285.72,20 / 22,3330610,2019-09-06 20:15:36:353,0.343,-1.5602,9.5064,-0.0009,0.0033,9.8066,0.0904,-0.028,0.0264,11.94,-36.56,3.69,118.41,-79.06,-162.39
52.378525,-1.467936,134.47,21.43,8,285.72,20 / 22,3330709,2019-09-06 20:15:36:452,0.9454,-0.5272,10.3031,0.0257,0.0073,9.8065,-0.0861,-0.0143,0.035,11.06,-36.69,3.63,119.53,-79.14,-161.74
52.378525,-1.467936,134.47,21.43,8,285.72,20 / 22,3330810,2019-09-06 20:15:36:553,0.7599,-0.5475,10.2761,0.037,0.0006,9.8065,0.0885,-0.0666,0.0495,11.63,-37.06,3.88,118.89,-79.2,-161.36
52.378525,-1.467936,134.47,21.43,8,285.72,20 / 22,3330910,2019-09-06 20:15:36:653,0.0711,-1.8825,10.0922,-0.0449,0.0123,9.8065,0.2147,0.042,0.0147,11.5,-36.75,4.19,118.83,-79.3,-161.15
52.378525,-1.467936,134.47,21.43,8,285.72,20 / 22,3331010,2019-09-06 20:15:36:753,-0.0659,-1.7677,10.2675,-0.0224,0.0187,9.8065,-0.1162,0.0629,0.0334,10.88,-36.87,4.5,116.59,-79,-160.56
52.378525,-1.467936,134.47,21.43,8,285.72,20 / 22,3331109,2019-09-06 20:15:36:852,-0.8411,-0.9229,9.2347,0.0387,0.0065,9.8065,-0.0793,0.0081,0.0313,10.81,-37.75,4.31,122.2,-78.86,-159.86
52.378525,-1.467936,134.47,21.43,8,285.72,20 / 22,3331210,2019-09-06 20:15:36:953,0.0138,-0.4372,8.9875,0.0451,0.002,9.8065,0.0164,-0.0527,0.0094,10.88,-37.44,4.06,122.03,-78.94,-158.91
52.378525,-1.467936,134.47,21.43,8,285.72,21 / 22,3331309,2019-09-06 20:15:37:052,0.5368,-0.9853,9.3575,0.0393,-0.0119,9.8065,-0.0791,-0.0596,0.0465,11.31,-36.62,3.69,122.06,-79.33,-157.64
52.378525,-1.467936,134.47,21.43,8,285.72,21 / 22,3331410,2019-09-06 20:15:37:153,0.2461,-1.4751,9.4425,-0.0123,-0.0009,9.8066,0.0631,0.0183,-0.033,11.06,-37.44,4.38,121.61,-79.43,-157.97
52.378525,-1.467936,134.47,21.43,8,285.72,21 / 22,3331510,2019-09-06 20:15:37:253,0.074,-1.2555,9.6735,-0.0123,-0.0004,9.8066,0.0711,0.0355,0.0028,11.31,-37.44,3.63,121.31,-79.44,-158.33
52.378525,-1.467936,134.47,21.43,8,285.72,21 / 22,3331610,2019-09-06 20:15:37:353,0.1331,-1.4554,9.5842,-0.0304,0.0106,9.8066,-0.1345,0.0463,0.057,11.25,-37,4.25,121.78,-79.23,-158.35
52.378525,-1.467936,134.47,21.43,8,285.72,21 / 22,3331710,2019-09-06 20:15:37:453,-0.0012,-1.0557,9.9277,0.036,0.0051,9.8065,-0.0185,-0.0134,-0.0091,11.25,-37.37,3.88,122.37,-79.23,-157.53
52.378525,-1.467936,134.47,21.43,8,285.72,21 / 22,3331810,2019-09-06 20:15:37:553,0.097,-1.2756,9.7301,0.0368,-0.0091,9.8065,0.1585,-0.0075,0.0032,11.13,-36.81,4.31,122.7,-79.29,-156.91
52.378525,-1.467936,134.47,21.43,8,285.72,21 / 22,3331909,2019-09-06 20:15:37:652,-0.9444,-1.0927,10.5619,0.0288,0.0067,9.8066,-0.2562,-0.0034,-0.065,11.06,-37.06,3.81,123,-79.48,-155.91
52.378525,-1.467936,134.47,21.43,8,285.72,21 / 22,3332010,2019-09-06 20:15:37:753,0.1777,-1.9061,9.4677,-0.0645,0.0056,9.8064,0.1082,0.0544,0.0019,11.25,-37.06,4.06,122.43,-79.29,-157.27
52.378525,-1.467936,134.47,21.43,8,285.72,21 / 22,3332110,2019-09-06 20:15:37:853,0.4535,-1.3078,9.0041,-0.0382,0.0057,9.8065,0.1766,0.0028,-0.0366,11.25,-36.87,4.25,122.14,-79.43,-157.24
52.378525,-1.467936,134.47,21.43,8,285.72,21 / 22,3332210,2019-09-06 20:15:37:953,0.4369,-1.7225,9.0947,0.0316,0.0097,9.8065,-0.1006,0.089,0.0314,10.81,-37.25,3.69,122.98,-79.61,-155.53
52.378525,-1.467936,134.47,21.43,8,285.72,21 / 22,3332310,2019-09-06 20:15:38:053,0.0073,-0.8713,9.9038,0.0215,0.0046,9.8065,0.119,0.0541,0.0505,11.06,-36.87,3.69,123.56,-79.63,-154.68
52.378525,-1.467936,134.47,21.43,8,285.72,22 / 23,3332409,2019-09-06 20:15:38:152,0.2699,-1.1277,9.4335,0.03,0.0058,9.8065,-0.0414,0.0061,-0.0243,10.94,-37.19,3.88,124.45,-79.7,-153.24
52.378525,-1.467936,134.47,21.43,8,285.72,22 / 23,3332510,2019-09-06 20:15:38:253,0.4827,-0.5882,9.9715,0.0365,-0.0179,9.8065,-0.0243,0.0266,-0.0617,10.5,-37.37,3.69,124.21,-79.84,-153.17
52.378525,-1.467936,134.47,21.43,8,285.72,22 / 23,3332610,2019-09-06 20:15:38:353,0.869,-1.7488,10.4234,-0.0308,-0.0059,9.8065,0.1104,0.0342,-0.015,10.69,-36.81,3.88,123.12,-79.74,-154.97
52.378525,-1.467936,134.47,21.43,8,285.72,22 / 23,3332710,2019-09-06 20:15:38:453,0.2546,-2.067,10.0754,-0.0249,0.0085,9.8066,-0.0373,0.0485,0.0894,11.13,-37.37,4.06,123.22,-79.58,-155.28
52.378525,-1.467936,134.47,21.43,8,285.72,22 / 23,3332809,2019-09-06 20:15:38:552,0.4112,-1.7014,9.5804,-0.0027,0.0279,9.8066,-0.0699,0.0667,0.042,10.75,-37.12,4.06,124.43,-79.42,-154.09
52.378525,-1.467936,134.47,21.43,8,285.72,22 / 23,3332909,2019-09-06 20:15:38:652,0.7249,-0.8314,9.3915,-0.0023,0.0145,9.8066,0.0805,0.0126,0.0294,10.75,-37.44,4.31,126.12,-79.31,-152.03
52.378525,-1.467936,134.47,21.43,8,285.72,22 / 23,3333009,2019-09-06 20:15:38:752,0.7036,-0.7994,9.0727,0.046,-0.0034,9.8065,-0.0428,0.0174,-0.0062,11.06,-37.12,4.25,126.56,-79.65,-150.46
52.378525,-1.467936,134.47,21.43,8,285.72,22 / 23,3333110,2019-09-06 20:15:38:853,0.8066,-1.2767,9.2141,-0.0359,0.0023,9.8065,-0.0188,-0.0022,0.0145,10.75,-37.25,3.63,126.63,-79.8,-149.93
52.378525,-1.467936,134.47,21.43,8,285.72,22 / 23,3333210,2019-09-06 20:15:38:953,0.4792,-1.2464,9.5869,-0.0331,0.0035,9.8065,0.1478,0.0588,-0.0153,10.19,-37.5,3.69,126.96,-79.66,-150.65
52.378525,-1.467936,134.47,21.43,8,285.72,22 / 23,3333309,2019-09-06 20:15:39:052,1.4403,-1.7381,9.1454,-0.0324,-0.0044,9.8066,-0.0245,0.0451,0.0694,10.44,-37,4.63,122.59,-79.71,-150.69
52.378525,-1.467936,134.47,21.43,8,285.72,22 / 23,3333410,2019-09-06 20:15:39:153,0.947,-2.3304,9.0765,0.0199,0.0031,9.8065,-0.1245,0.0375,-0.0303,10.44,-37.12,4.31,126.45,-79.82,-150.87
52.378525,-1.467936,134.47,21.43,8,285.72,22 / 23,3333509,2019-09-06 20:15:39:252,-0.3771,-0.7639,10.3215,0.0053,0.0107,9.8066,0.1538,-0.0017,0.0668,10.19,-37.69,4.44,127.97,-79.81,-149.59
52.378525,-1.467936,134.47,21.43,8,285.72,22 / 23,3333610,2019-09-06 20:15:39:353,-0.1669,-0.7926,10.2768,0.0091,0.0071,9.8066,-0.0083,0.035,-0.017,10.19,-37.12,4.44,128.04,-79.82,-148.58
52.378525,-1.467936,134.47,21.43,8,285.72,22 / 23,3333709,2019-09-06 20:15:39:452,-0.2676,-1.1378,10.15,0.005,0.0052,9.8065,-0.087,0.0463,-0.0122,10.25,-37.31,4.5,124.21,-79.71,-148.41
52.378525,-1.467936,134.47,21.43,8,285.72,22 / 23,3333810,2019-09-06 20:15:39:553,0.8629,-1.2814,10.1182,-0.0109,0.0064,9.8066,0.0592,0.034,0.0139,9.69,-37.31,5.06,124.83,-79.51,-148.17
52.378525,-1.467936,134.47,21.43,8,285.72,22 / 23,3333910,2019-09-06 20:15:39:653,0.1663,-2.0074,9.2282,0.0172,-0.0104,9.8066,-0.0185,0.1159,-0.0432,10.88,-37.12,4.38,128.72,-79.52,-147.78
52.378525,-1.467936,134.47,21.43,8,285.72,22 / 23,3334009,2019-09-06 20:15:39:752,-0.4835,-0.0485,8.0209,0.0128,0.0169,9.8066,-0.0352,-0.1263,0.0891,9.94,-37.87,5.06,125.62,-79.63,-147.55
52.378525,-1.467936,134.47,21.43,8,285.72,22 / 23,3334109,2019-09-06 20:15:39:852,2.0893,-2.3702,8.6382,-0.0335,0.0018,9.8065,-0.0179,0.1079,-0.0314,9.81,-37.12,4.31,129.42,-79.71,-146.9
52.378525,-1.467936,134.47,21.43,8,285.72,22 / 23,3334210,2019-09-06 20:15:39:953,0.1845,-0.2385,10.1413,0.0562,-0.0117,9.8064,-0.2382,0.0716,-0.114,10.13,-37.12,4.88,125.89,-80.03,-145.09
52.378525,-1.467936,134.47,21.43,8,285.72,22 / 23,3334310,2019-09-06 20:15:40:053,0.7451,-0.5214,10.5665,0.0255,0.0074,9.8066,0.1796,0.0082,-0.0035,9.94,-37.5,5,125.71,-79.96,-145.54
52.378525,-1.467936,134.47,21.43,8,285.72,22 / 23,3334409,2019-09-06 20:15:40:152,-0.8062,-1.2264,10.8142,-0.0494,0.0061,9.8064,0.103,-0.0195,-0.0078,10.13,-37.31,5,126,-79.75,-145.79
52.378525,-1.467936,134.47,21.43,8,285.72,22 / 23,3334510,2019-09-06 20:15:40:253,0.6898,-2.2681,9.6105,0.0087,0.0006,9.8066,-0.0972,0.0775,-0.0279,10.06,-37.81,4.94,126.7,-79.49,-146.45
52.378525,-1.467936,134.47,21.43,8,285.72,22 / 23,3334610,2019-09-06 20:15:40:353,1.1611,-1.8648,9.5625,-0.0224,0.0011,9.8066,0.1165,0.0412,-0.0204,10.06,-37.44,4.63,126.41,-79.46,-146.06
52.378525,-1.467936,134.47,21.43,8,285.72,22 / 23,3334709,2019-09-06 20:15:40:452,0.0688,-1.1229,9.0153,-0.0049,-0.0009,9.8066,-0.0006,0.0427,0.0087,9.81,-37.56,5.31,126.96,-79.66,-145.52
52.378525,-1.467936,134.47,21.43,8,285.72,22 / 23,3334809,2019-09-06 20:15:40:552,0.9488,-0.3241,10.094,0.0163,0.0006,9.8065,-0.033,0.0918,-0.0073,10,-37.06,5.06,126.85,-79.61,-144.99
52.378525,-1.467936,134.47,21.43,8,285.72,22 / 23,3334910,2019-09-06 20:15:40:653,-0.3008,-1.0343,9.8646,0.0299,-0.0054,9.8066,0.1366,0.0408,0.0105,9.75,-37.31,4.88,126.78,-79.64,-145
52.378525,-1.467936,134.47,21.43,8,285.72,22 / 23,3335010,2019-09-06 20:15:40:753,0.242,-1.2067,9.5681,-0.0038,-0.01,9.8065,-0.0195,-0.018,-0.0416,10.13,-37.37,4.94,126.25,-79.73,-145.5
52.378525,-1.467936,134.47,21.43,8,285.72,22 / 23,3335109,2019-09-06 20:15:40:852,0.6975,-1.8365,9.1516,0.0013,-0.0183,9.8066,-0.112,0.0393,-0.1,9.94,-37.37,5,125.13,-79.87,-146.64
52.378525,-1.467936,134.47,21.43,8,285.72,22 / 23,3335210,2019-09-06 20:15:40:953,-0.3308,-2.0325,8.79,-0.016,-0.003,9.8065,0.0053,-0.0253,0.0176,10.5,-37.5,4.88,124.28,-80.01,-147.19
52.378525,-1.467936,134.47,21.43,8,285.72,22 / 23,3335310,2019-09-06 20:15:41:053,0.0454,-1.9089,8.7822,-0.0318,0.0061,9.8065,-0.1319,0.0755,0.0151,10,-37.06,5.56,120.62,-80.01,-146.66
52.37909,-1.470585,134.34,21.08,4,284.82,21 / 22,3335409,2019-09-06 20:15:41:152,1.0036,-1.3912,9.6651,0.0229,-0.0036,9.8066,0.0696,0.0707,-0.0075,9.56,-37.12,5.56,121.1,-80.05,-145.88
52.37909,-1.470585,134.34,21.08,4,284.82,21 / 22,3335510,2019-09-06 20:15:41:253,1.557,-1.412,10.2722,-0.0282,-0.0087,9.8065,0.0781,-0.0026,-0.0366,10.06,-37.56,5.94,121.4,-80.22,-145.77
52.37909,-1.470585,134.34,21.08,4,284.82,21 / 22,3335609,2019-09-06 20:15:41:352,-0.1201,-0.5978,10.2339,-0.0152,-0.0132,9.8065,-0.0135,0.0464,0.0039,9.94,-37.94,5.81,120.43,-80.09,-147.49
52.37909,-1.470585,134.34,21.08,4,284.82,21 / 22,3335710,2019-09-06 20:15:41:453,-0.5154,-1.9136,9.0801,-0.0221,-0.0141,9.8066,0.1326,0.0826,-0.0807,10.75,-37.56,5.31,124.5,-80.09,-147.42
52.37909,-1.470585,134.34,21.08,4,284.82,21 / 22,3335810,2019-09-06 20:15:41:553,1.1796,-1.6132,8.9151,-0.0063,-0.0065,9.8066,-0.0172,0.0308,0.006,10.5,-37.25,5.5,119.4,-80.27,-147.7
52.37909,-1.470585,134.34,21.08,4,284.82,21 / 22,3335910,2019-09-06 20:15:41:653,0.5383,-2.0101,8.8488,0.0375,-0.0039,9.8065,-0.0317,0.0432,-0.0173,10.31,-37.44,4.88,122.96,-80.49,-147.71
52.37909,-1.470585,134.34,21.08,4,284.82,21 / 22,3336010,2019-09-06 20:15:41:753,0.9082,-1.4708,9.1601,0.0268,0.0009,9.8066,0.129,0.039,0.0623,10.69,-37.56,5.56,119.54,-80.71,-147.01
52.37909,-1.470585,134.34,21.08,4,284.82,21 / 22,3336110,2019-09-06 20:15:41:853,0.4394,-1.8958,9.5925,-0.0081,0.0044,9.8066,-0.042,0.0333,-0.0461,10.5,-36.81,5.94,119.59,-80.57,-146.61
52.37909,-1.470585,134.34,21.08,4,284.82,21 / 22,3336210,2019-09-06 20:15:41:953,-0.4546,-0.9312,10.3669,0.0133,0.0071,9.8066,0.0899,-0.014,0.004,10.5,-37.25,5.94,119.94,-80.51,-146.32
52.37909,-1.470585,134.34,21.08,4,284.82,21 / 22,3336310,2019-09-06 20:15:42:053,-0.2443,-1.2364,9.7132,0.0267,0.0007,9.8066,0.0991,0.0365,0.0456,10.19,-37.12,6,119.89,-80.47,-146.21
52.37909,-1.470585,134.34,21.08,4,284.82,21 / 22,3336409,2019-09-06 20:15:42:152,-0.3446,-1.6708,9.5664,-0.0194,-0.0066,9.8065,-0.1102,0.0328,0.0118,10.31,-37,6.63,115.71,-80.53,-146.01
52.37909,-1.470585,134.34,21.08,4,284.82,21 / 22,3336509,2019-09-06 20:15:42:252,0.8788,-1.3456,9.2914,-0.0192,-0.0124,9.8066,-0.0471,0.0249,-0.0257,10.5,-36.94,6.06,119.54,-80.59,-146.62
52.37909,-1.470585,134.34,21.08,4,284.82,21 / 22,3336610,2019-09-06 20:15:42:353,-0.2606,-2.0224,9.494,0.0219,-0.0119,9.8066,0.0193,0.0671,-0.0572,10.63,-37.06,5.88,118.71,-80.88,-146.86
52.37909,-1.470585,134.34,21.08,4,284.82,21 / 22,3336710,2019-09-06 20:15:42:453,0.7601,-1.3587,9.4046,-0.0056,-0.0104,9.8066,-0.0923,0.0803,-0.0131,11,-36.94,5.75,117.97,-80.91,-147.69
52.37909,-1.470585,134.34,21.08,4,284.82,21 / 22,3336809,2019-09-06 20:15:42:552,0.6798,-1.1501,9.5,0.0363,0.0012,9.8066,0.1066,0.0697,0.0367,10.44,-36.81,6.13,117.45,-81.1,-147.4
52.37909,-1.470585,134.34,21.08,4,284.82,21 / 22,3336910,2019-09-06 20:15:42:653,-0.3103,-0.9918,9.9397,0.0312,0.012,9.8066,0.012,0.0334,-0.0482,10.25,-37.25,6.56,113.65,-81.14,-146.69
52.37909,-1.470585,134.34,21.08,4,284.82,21 / 22,3337010,2019-09-06 20:15:42:753,-1.3028,-1.6342,10.0859,-0.0186,-0.0071,9.8065,0.004,0.048,-0.0359,10.38,-37.31,5.94,117.83,-81.21,-146.57
52.37909,-1.470585,134.34,21.08,4,284.82,21 / 22,3337110,2019-09-06 20:15:42:853,-0.4553,-1.3913,10.0423,-0.0098,-0.0088,9.8066,0.1187,0.0407,-0.0127,10.56,-37.06,6.06,117.41,-81.21,-147.56
52.37909,-1.470585,134.34,21.08,4,284.82,21 / 22,3337210,2019-09-06 20:15:42:953,-0.0771,-2.533,9.4649,-0.0115,-0.0157,9.8065,-0.0727,0.137,-0.0249,10.44,-37.12,6.31,116.01,-81.19,-148.91
52.37909,-1.470585,134.34,21.08,4,284.82,21 / 22,3337310,2019-09-06 20:15:43:053,0.3102,-1.4155,9.3707,-0.0257,-0.0061,9.8066,-0.0571,0.0393,-0.051,10.75,-36.94,6.69,111.68,-81.21,-149.64
52.37909,-1.470585,134.34,21.08,4,284.82,20 / 21,3337410,2019-09-06 20:15:43:153,0.8355,-2.0114,9.3429,0.053,0.0153,9.8065,0.0807,0.0221,-0.0025,10.81,-37.31,6.81,112.36,-81.41,-148.27
52.37909,-1.470585,134.34,21.08,4,284.82,20 / 21,3337509,2019-09-06 20:15:43:252,0.7454,-0.8391,9.2299,0.0362,0.0008,9.8066,-0.0313,0.0552,0.0304,10.63,-36.81,6.5,112.54,-81.39,-148.09
52.37909,-1.470585,134.34,21.08,4,284.82,20 / 21,3337609,2019-09-06 20:15:43:352,0.1413,-1.1231,9.7705,0.0162,-0.0081,9.8066,0.0857,0.0408,-0.0095,10.63,-37.37,6.81,111.97,-81.55,-148.32
52.37909,-1.470585,134.34,21.08,4,284.82,20 / 21,3337710,2019-09-06 20:15:43:453,0.358,-1.4912,9.7024,0.0215,-0.0087,9.8066,0.1343,0.0149,-0.0211,11.38,-36.75,6.56,111.16,-81.68,-148.9
52.37909,-1.470585,134.34,21.08,4,284.82,20 / 21,3337810,2019-09-06 20:15:43:553,0.7401,-1.1081,10.1358,-0.0034,0.0017,9.8066,-0.0555,0.0199,0.0144,10.69,-36.81,7,110.95,-81.66,-149.19
52.37909,-1.470585,134.34,21.08,4,284.82,20 / 21,3337909,2019-09-06 20:15:43:652,0.2141,-1.9324,8.8432,0.0052,0.0033,9.8066,0.115,0.0834,-0.0105,10.81,-36.87,6.94,111.16,-81.64,-149.01
52.37909,-1.470585,134.34,21.08,4,284.82,20 / 21,3338009,2019-09-06 20:15:43:752,0.618,-1.1918,9.2354,0.0225,-0.0057,9.8066,-0.0735,0.0431,0.012,10.19,-37.06,6.56,110.42,-81.79,-148.55
52.37909,-1.470585,134.34,21.08,4,284.82,20 / 21,3338109,2019-09-06 20:15:43:852,0.5417,-1.9899,9.3525,-0.0026,-0.0019,9.8066,-0.0632,0.046,-0.0072,10.44,-37.19,6.5,110.22,-81.82,-148.7
52.37909,-1.470585,134.34,21.08,4,284.82,20 / 21,3338209,2019-09-06 20:15:43:952,-0.2056,-1.022,9.3548,0.0222,0.0047,9.8065,0.0229,0.0378,0.0045,10.75,-37.12,7.06,110.79,-81.86,-148.83
52.37909,-1.470585,134.34,21.08,4,284.82,20 / 21,3338309,2019-09-06 20:15:44:052,-0.3888,-1.3082,10.2458,0.0256,0.0089,9.8066,-0.0341,0.042,0.0297,11.31,-37,7.31,111.2,-81.85,-148.37
52.37909,-1.470585,134.34,21.08,4,284.82,20 / 21,3338410,2019-09-06 20:15:44:153,-0.4765,-0.7913,9.9913,-0.0334,-0.0085,9.8066,0.0974,0.001,-0.0293,10.31,-37.44,6.81,110.85,-81.75,-148.17
52.37909,-1.470585,134.34,21.08,4,284.82,20 / 21,3338510,2019-09-06 20:15:44:253,-0.5876,-1.5589,9.7054,-0.0139,-0.0105,9.8065,-0.0326,0.0203,-0.0321,11.31,-37.12,7.44,111.21,-81.88,-148.27
52.37909,-1.470585,134.34,21.08,4,284.82,20 / 21,3338609,2019-09-06 20:15:44:352,0.3645,-1.8212,9.4385,-0.0136,-0.0081,9.8066,-0.1136,0.0549,0.0318,10.94,-37.44,7.25,110.19,-81.96,-149.24
52.37909,-1.470585,134.34,21.08,4,284.82,20 / 21,3338709,2019-09-06 20:15:44:452,-0.7381,-1.5634,9.3896,-0.0133,-0.0058,9.8066,0.0202,0.0211,0.0091,10.5,-37.12,7.13,109.78,-82.02,-149.54
52.37909,-1.470585,134.34,21.08,4,284.82,20 / 21,3338810,2019-09-06 20:15:44:553,0.0127,-0.8967,8.9061,0.022,-0.0002,9.8066,-0.0378,0.0314,0.0147,10.56,-37.06,7.31,109.74,-82.09,-149.38
52.37909,-1.470585,134.34,21.08,4,284.82,20 / 21,3338910,2019-09-06 20:15:44:653,-0.422,-0.6822,9.9271,-0.016,-0.0056,9.8066,0.0011,0.0572,-0.0138,10.5,-37.31,7.56,105.4,-82.27,-149.28
52.37909,-1.470585,134.34,21.08,4,284.82,20 / 21,3339010,2019-09-06 20:15:44:753,0.3095,-1.5,9.8537,0.0044,-0.001,9.8066,0.061,0.059,-0.0229,11.13,-37.25,7.5,104.95,-82.32,-149.65
52.37909,-1.470585,134.34,21.08,4,284.82,20 / 21,3339109,2019-09-06 20:15:44:852,-0.4705,-0.9805,9.5563,0.0151,-0.0058,9.8066,-0.1506,0.0569,0.0172,10.75,-36.81,7.5,104.58,-82.32,-150.04
52.37909,-1.470585,134.34,21.08,4,284.82,20 / 21,3339210,2019-09-06 20:15:44:953,0.9925,-1.1822,10.1118,-0.0046,0.0002,9.8066,-0.0748,0.0414,-0.004,10.75,-37,7.25,108.6,-82.3,-150.08
52.37909,-1.470585,134.34,21.08,4,284.82,20 / 21,3339310,2019-09-06 20:15:45:053,0.6989,-0.9188,9.5727,0.028,-0.002,9.8066,-0.0658,0.0703,-0.0514,11,-36.94,7.88,104.26,-82.45,-150.02
52.37909,-1.470585,134.34,21.08,4,284.82,21 / 22,3339410,2019-09-06 20:15:45:153,1.0199,-1.1337,9.8874,0.0106,-0.0052,9.8066,-0.1563,0.0471,-0.0061,11,-36.69,7.88,103.96,-82.54,-150.12
52.37909,-1.470585,134.34,21.08,4,284.82,21 / 22,3339510,2019-09-06 20:15:45:253,1.1286,-0.7873,10.3929,0.0079,-0.0097,9.8065,0.0523,-0.013,0.0331,10.81,-36.94,8.31,102.79,-82.65,-151.09
52.37909,-1.470585,134.34,21.08,4,284.82,21 / 22,3339609,2019-09-06 20:15:45:352,0.8795,-0.6851,11.0043,0.0208,0.0003,9.8066,0.025,-0.0045,-0.0043,11.19,-36.81,7.94,102.16,-82.7,-151.62
52.37909,-1.470585,134.34,21.08,4,284.82,21 / 22,3339710,2019-09-06 20:15:45:453,0.75,-0.4787,9.9997,-0.0126,-0.0023,9.8066,0.0122,0.0096,-0.0578,10.69,-37.25,8.38,101.87,-82.72,-151.88
52.37909,-1.470585,134.34,21.08,4,284.82,21 / 22,3339810,2019-09-06 20:15:45:553,-0.1145,-1.7755,9.6661,0.019,0.0096,9.8066,0.0405,-0.0185,0.0426,10.56,-36.62,8.19,102.03,-82.76,-151.6
52.37909,-1.470585,134.34,21.08,4,284.82,21 / 22,3339909,2019-09-06 20:15:45:652,0.6011,0.7851,10.0587,-0.0146,-0.0039,9.8066,-0.0966,0.0906,-0.0486,11.06,-37.25,8,101.87,-82.93,-151.29
52.37909,-1.470585,134.34,21.08,4,284.82,21 / 22,3340010,2019-09-06 20:15:45:753,0.9988,-0.9569,9.9269,-0.0215,-0.0217,9.8065,0.0532,0.0357,-0.0708,10.81,-36.94,8.06,101.11,-83.01,-151.89
52.37909,-1.470585,134.34,21.08,4,284.82,21 / 22,3340110,2019-09-06 20:15:45:853,0.4348,-0.9917,10.1275,0.0093,0.0102,9.8066,-0.0278,0.01,-0.0207,11,-37.06,8.38,99.73,-82.9,-153.66
52.37909,-1.470585,134.34,21.08,4,284.82,21 / 22,3340209,2019-09-06 20:15:45:952,0.823,-0.8553,9.3896,0.0232,0.0056,9.8065,-0.0367,0.0591,0.0333,11.06,-37.25,8.56,96.34,-82.94,-153.02
52.37909,-1.470585,134.34,21.08,4,284.82,21 / 22,3340309,2019-09-06 20:15:46:052,1.2404,0.1459,9.5436,0.0234,0.0067,9.8066,0.1489,0.0988,0.0033,11.06,-36.75,8.38,100.06,-83.07,-152.84
52.37909,-1.470585,134.34,21.08,4,284.82,19 / 22,3340409,2019-09-06 20:15:46:152,-0.0069,-1.0819,9.6577,0.02,-0.0067,9.8065,-0.0234,0.0388,-0.088,10.69,-36.87,8.88,95.36,-83.34,-152.94
52.37909,-1.470585,134.34,21.08,4,284.82,19 / 22,3340510,2019-09-06 20:15:46:253,-0.1412,-1.0143,10.0718,-0.026,-0.0137,9.8066,-0.0103,0.0283,-0.0507,10.88,-37.37,8.31,98.63,-83.4,-153.41
52.37909,-1.470585,134.34,21.08,4,284.82,19 / 22,3340609,2019-09-06 20:15:46:352,-0.9676,-1.2297,9.8667,-0.0398,-0.0181,9.8065,0.1574,0.0453,0.0017,11.88,-37.06,7.75,99.25,-83.37,-154.13
52.37909,-1.470585,134.34,21.08,4,284.82,19 / 22,3340709,2019-09-06 20:15:46:452,0.831,-1.8619,9.3303,-0.0314,-0.0102,9.8066,-0.0642,0.1015,-0.0362,11.06,-36.69,8.88,93.2,-83.11,-155.77
52.37909,-1.470585,134.34,21.08,4,284.82,19 / 22,3340809,2019-09-06 20:15:46:552,-1.6522,-1.5695,9.9316,0.023,0.003,9.8066,-0.148,0.0372,-0.0129,10.5,-36.62,9,93.57,-83.25,-155.03
52.37909,-1.470585,134.34,21.08,4,284.82,19 / 22,3340910,2019-09-06 20:15:46:653,-1.3527,-1.6827,9.6031,-0.0043,0.0014,9.8066,-0.1611,0.0449,-0.0267,10.63,-36.94,8.69,93.35,-83.24,-155.27
52.37909,-1.470585,134.34,21.08,4,284.82,19 / 22,3341010,2019-09-06 20:15:46:753,0.6748,-0.2977,10.3623,0.0231,0.0146,9.8066,-0.1414,0.0061,0.0226,11.06,-36.62,8.88,93.34,-83.34,-155
52.37909,-1.470585,134.34,21.08,4,284.82,19 / 22,3341110,2019-09-06 20:15:46:853,0.5619,-1.0974,9.7118,-0.0222,-0.0074,9.8066,0.0552,0.0493,-0.045,11.19,-36.94,9.13,92.9,-83.37,-155.38
52.37909,-1.470585,134.34,21.08,4,284.82,19 / 22,3341210,2019-09-06 20:15:46:953,-0.2889,-0.8807,9.8248,-0.0164,0,9.8066,0.0388,0.0468,0.0234,11.25,-37.37,9.38,93.52,-83.38,-154.71
52.37909,-1.470585,134.34,21.08,4,284.82,19 / 22,3341310,2019-09-06 20:15:47:053,0.2045,-0.8842,9.2276,-0.004,-0.0064,9.8066,-0.1498,0.0357,0.0032,10.81,-36.94,8.13,97.73,-83.43,-154.28
52.37909,-1.470585,134.34,21.08,4,284.82,20 / 21,3341409,2019-09-06 20:15:47:152,0.0386,-0.7616,9.5138,0.0209,-0.009,9.8066,0.0014,0.044,-0.0265,11.25,-36.94,8.81,91.93,-83.73,-155.39
52.37909,-1.470585,134.34,21.08,4,284.82,20 / 21,3341510,2019-09-06 20:15:47:253,0.6961,-0.8834,9.6141,0.0023,-0.0119,9.8066,0.0412,0.0324,-0.0193,11,-37.19,8.81,90.97,-83.69,-156.46
52.37909,-1.470585,134.34,21.08,4,284.82,20 / 21,3341609,2019-09-06 20:15:47:352,0.4291,-1.2799,9.7283,0.0135,-0.0009,9.8065,-0.0448,0.0357,0.0222,11.63,-36.75,8.88,91.25,-83.68,-157.72
52.37909,-1.470585,134.34,21.08,4,284.82,20 / 21,3341709,2019-09-06 20:15:47:452,-0.555,-1.0628,9.2337,0.0244,0.0068,9.8066,0.1049,0.0019,0.0503,10.94,-36.87,8.81,89.34,-83.75,-157.94
52.37909,-1.470585,134.34,21.08,4,284.82,20 / 21,3341809,2019-09-06 20:15:47:552,0.0727,-0.9936,9.392,-0.0003,-0.0012,9.8066,0.0169,0.0225,-0.0067,11.06,-37.06,8.63,89.14,-83.77,-158.07
52.37909,-1.470585,134.34,21.08,4,284.82,20 / 21,3341909,2019-09-06 20:15:47:652,-0.8112,-0.8164,9.7959,0.0109,0.0056,9.8066,0.0552,0.0192,0.0166,11.38,-36.94,9.38,89.35,-83.9,-157.51
52.37909,-1.470585,134.34,21.08,4,284.82,20 / 21,3342009,2019-09-06 20:15:47:752,0.2445,-0.9356,9.0583,-0.0166,-0.0097,9.8066,0.066,0.0375,0.0142,11.13,-37.12,8.75,89.19,-83.85,-157.83
52.37909,-1.470585,134.34,21.08,4,284.82,20 / 21,3342109,2019-09-06 20:15:47:852,0.4252,-0.9729,9.2378,-0.0216,-0.0138,9.8065,-0.0864,0.0577,-0.0173,10.94,-37.19,9.25,88.85,-83.87,-158.12
52.37909,-1.470585,134.34,21.08,4,284.82,20 / 21,3342210,2019-09-06 20:15:47:953,0.4749,-1.2416,9.5131,0.0418,0.0073,9.8066,-0.0147,0.0423,-0.0443,10.94,-37,8.94,88.01,-83.85,-158.98
52.37909,-1.470585,134.34,21.08,4,284.82,20 / 21,3342310,2019-09-06 20:15:48:053,0.662,-1.1061,10.5153,0.0234,0.0111,9.8066,0.0371,0.0198,0.047,11.38,-37.19,9.44,87.36,-83.99,-159.26
52.37909,-1.470585,134.34,21.08,4,284.82,19 / 20,3342410,2019-09-06 20:15:48:153,-0.0394,0.2667,10.1522,0.0102,-0.0014,9.8066,-0.0168,0.1083,-0.0485,10.5,-37.19,10.25,83.29,-83.88,-159.84
52.37909,-1.470585,134.34,21.08,4,284.82,19 / 20,3342510,2019-09-06 20:15:48:253,-0.3865,-1.484,9.7664,-0.0197,-0.0146,9.8066,0.1081,0.0419,-0.0427,11,-36.44,9.38,86.05,-83.89,-160.37
52.37909,-1.470585,134.34,21.08,4,284.82,19 / 20,3342610,2019-09-06 20:15:48:353,0.1836,-1.3967,8.8049,-0.0227,-0.0161,9.8066,-0.1289,0.104,-0.0486,11,-36.87,9.31,85.37,-83.84,-161.63
52.37909,-1.470585,134.34,21.08,4,284.82,19 / 20,3342710,2019-09-06 20:15:48:453,0.6475,-0.919,8.6625,-0.0192,-0.0103,9.8066,-0.1569,0.0537,-0.0035,10.94,-36.5,9.75,80.71,-84.03,-161.55
52.37909,-1.470585,134.34,21.08,4,284.82,19 / 20,3342809,2019-09-06 20:15:48:552,0.2646,-1.3196,9.0664,0.0203,0.0094,9.8065,0.0272,0.0387,0.0276,11.13,-37.06,9.44,84.83,-84.23,-161.09
52.37909,-1.470585,134.34,21.08,4,284.82,19 / 20,3342910,2019-09-06 20:15:48:653,0.1837,-0.8008,10.3022,-0.0043,0.0057,9.8066,-0.009,0.0399,-0.0157,10.94,-36.87,9.94,81.79,-84.25,-160.33
52.37909,-1.470585,134.34,21.08,4,284.82,19 / 20,3343010,2019-09-06 20:15:48:753,-0.197,-0.8957,10.2944,0,-0.0002,9.8066,0.069,0.0055,0.0142,10.63,-36.87,9.81,82.25,-84.11,-160.25
52.37909,-1.470585,134.34,21.08,4,284.82,19 / 20,3343110,2019-09-06 20:15:48:853,-1.0971,-1.3445,9.4258,0.0237,0.0074,9.8066,0.1009,0.0242,0.034,10.69,-37.12,10.38,82.24,-84.11,-160.27
52.37909,-1.470585,134.34,21.08,4,284.82,19 / 20,3343210,2019-09-06 20:15:48:953,0.6389,-0.5899,9.0105,0.0009,-0.0047,9.8065,-0.1027,0.0913,-0.0331,10.5,-37.12,9.69,81.91,-84.25,-160.23
52.37909,-1.470585,134.34,21.08,4,284.82,19 / 20,3343309,2019-09-06 20:15:49:052,0.2429,-0.8384,9.5205,-0.002,-0.0009,9.8066,-0.0494,0.0844,-0.0482,10.56,-36.62,9.94,81.52,-84.47,-160.04
52.37909,-1.470585,134.34,21.08,4,284.82,20 / 22,3343409,2019-09-06 20:15:49:152,0.5235,-0.9118,9.8053,0.0078,0.0027,9.8066,0.0528,0.0534,0.0258,10.88,-36.44,10,80.18,-84.51,-160.85
52.37909,-1.470585,134.34,21.08,4,284.82,20 / 22,3343509,2019-09-06 20:15:49:252,0.2392,-0.3532,10.4123,-0.0128,-0.003,9.8066,-0.0113,0.0701,-0.0319,11.25,-36.69,10.81,77.02,-84.31,-161.39
52.37909,-1.470585,134.34,21.08,4,284.82,20 / 22,3343610,2019-09-06 20:15:49:353,-0.775,-0.5856,9.9033,-0.0144,-0.0023,9.8065,-0.0098,0.0339,0.0357,10.69,-36.75,10.63,77.67,-84.07,-161.36
52.37909,-1.470585,134.34,21.08,4,284.82,20 / 22,3343709,2019-09-06 20:15:49:452,-0.3568,-0.7684,10.0241,-0.0035,0.0077,9.8066,-0.0244,0.0757,-0.0128,11,-36.25,10.5,78.24,-84.12,-160.3
52.37909,-1.470585,134.34,21.08,4,284.82,20 / 22,3343810,2019-09-06 20:15:49:553,0.1076,-0.8017,9.3263,-0.0043,-0.0114,9.8066,-0.0985,0.0533,0.0132,11.19,-36.56,10.69,77.72,-84.23,-160.91
52.37909,-1.470585,134.34,21.08,4,284.82,20 / 22,3343910,2019-09-06 20:15:49:653,0.9097,-0.4385,9.1411,-0.0203,-0.0202,9.8065,-0.0487,0.0216,-0.0211,11.06,-36.62,10.69,77.03,-84.29,-161.43
52.37909,-1.470585,134.34,21.08,4,284.82,20 / 22,3344010,2019-09-06 20:15:49:753,0.429,-0.4722,9.6073,0.0294,0.0011,9.8066,0.0638,0.0073,0.006,10.69,-37.19,10.44,80.44,-84.27,-161.59
52.37909,-1.470585,134.34,21.08,4,284.82,20 / 22,3344109,2019-09-06 20:15:49:852,-0.3404,-0.8877,9.6491,0.0245,0.0045,9.8065,-0.0025,0.0596,-0.0587,11.06,-36.06,10.75,74.56,-84.43,-163.07
52.37909,-1.470585,134.34,21.08,4,284.82,20 / 22,3344209,2019-09-06 20:15:49:952,-1.1321,-1.4594,9.3302,-0.0133,-0.007,9.8065,0.0421,0.0252,0.0105,10.94,-36.56,10.5,73.5,-84.35,-164.61
52.37909,-1.470585,134.34,21.08,4,284.82,20 / 22,3344309,2019-09-06 20:15:50:052,0.3115,-1.2821,9.6875,-0.0157,-0.0066,9.8066,0.0886,-0.0009,0.0559,11.25,-37,10.31,77.4,-84.38,-164.22
52.379208,-1.473348,134.9,21.59,4,263.18,19 / 22,3344409,2019-09-06 20:15:50:152,0.3703,-0.7925,9.0524,0.0037,-0.0017,9.8066,0.0164,0.045,-0.0368,11.44,-36.25,10.81,73.07,-84.52,-164.27
52.379208,-1.473348,134.9,21.59,4,263.18,19 / 22,3344510,2019-09-06 20:15:50:253,0.6651,-0.029,10.068,0.0055,0.0008,9.8066,0.014,0.0491,0.0275,11.31,-36.69,11.13,72.83,-84.63,-164.57
52.379208,-1.473348,134.9,21.59,4,263.18,19 / 22,3344609,2019-09-06 20:15:50:352,0.7153,-0.5421,10.014,0.0028,-0.0078,9.8066,0.0063,0.0357,0.0003,11.25,-36.81,11.06,72.13,-84.63,-165.22
52.379208,-1.473348,134.9,21.59,4,263.18,19 / 22,3344709,2019-09-06 20:15:50:452,0.156,-0.3266,10.2679,-0.0098,-0.0009,9.8066,-0.03,-0.0122,-0.0228,11.31,-36.87,10.75,71.41,-84.58,-166.02
52.379208,-1.473348,134.9,21.59,4,263.18,19 / 22,3344810,2019-09-06 20:15:50:553,0.1296,-1.2493,10.5358,0.0038,-0.0055,9.8066,0.0383,0.0239,0.0181,10.94,-37,11.56,67.73,-84.49,-166.56
52.379208,-1.473348,134.9,21.59,4,263.18,19 / 22,3344909,2019-09-06 20:15:50:652,-0.6836,-0.6445,10.0637,-0.032,-0.024,9.8065,0.111,0.0306,-0.0036,10.69,-36.62,11.38,71.96,-84.25,-166.29
52.379208,-1.473348,134.9,21.59,4,263.18,19 / 22,3345009,2019-09-06 20:15:50:752,0.3114,-0.4613,9.3007,-0.0326,-0.0432,9.8065,-0.2188,-0.0117,-0.1254,11.13,-36.44,11.56,66.73,-84.19,-167.8
52.379208,-1.473348,134.9,21.59,4,263.18,19 / 22,3345110,2019-09-06 20:15:50:853,0.8635,-1.7134,9.9864,0.0592,0.0648,9.8062,0.4661,0.0049,-0.0833,10.44,-35.06,12.13,59.91,-84.84,-170.07
52.379208,-1.473348,134.9,21.59,4,263.18,19 / 22,3345210,2019-09-06 20:15:50:953,-3.5512,1.4287,9.5024,0.0555,0.0774,9.8062,0.1599,-0.2631,0.3364,10,-35.12,10.81,64.97,-84.86,-168.45
52.379208,-1.473348,134.9,21.59,4,263.18,19 / 22,3345310,2019-09-06 20:15:51:053,-0.5418,0.1525,10.1545,0.0342,0.0119,9.8065,-0.297,-0.0591,0.1346,10.25,-35.06,11.56,66.43,-84.56,-164.75
52.379208,-1.473348,134.9,21.59,4,263.18,20 / 21,3345409,2019-09-06 20:15:51:152,-0.8335,-1.2717,9.359,0.0406,0.0265,9.8065,0.273,0.0363,0.0404,10.38,-34.5,10.75,67.88,-84.82,-165.54
52.379208,-1.473348,134.9,21.59,4,263.18,20 / 21,3345510,2019-09-06 20:15:51:253,0.0133,-0.7633,9.855,-0.0596,-0.0487,9.8063,-0.1402,0.0271,0.0278,10.88,-35,10.63,69.18,-84.36,-167.89
52.379208,-1.473348,134.9,21.59,4,263.18,20 / 21,3345610,2019-09-06 20:15:51:353,1.2177,-0.5799,9.9395,0.0499,0.0263,9.8064,-0.2442,0.0257,-0.0756,11.06,-35.62,10.75,70.03,-84.16,-167.91
52.379208,-1.473348,134.9,21.59,4,263.18,20 / 21,3345709,2019-09-06 20:15:51:452,-0.0024,0.3698,9.4161,0.0434,0.0211,9.8065,0.0943,0.0089,0.0171,11.63,-35.37,10.81,70.44,-84.46,-168.46
52.379208,-1.473348,134.9,21.59,4,263.18,20 / 21,3345809,2019-09-06 20:15:51:552,-0.8251,-0.8392,9.344,0.035,0.0259,9.8065,0.0114,-0.0285,-0.0207,11.69,-35.44,11.63,68.34,-84.53,-167.33
52.379208,-1.473348,134.9,21.59,4,263.18,20 / 21,3345910,2019-09-06 20:15:51:653,-0.5433,-0.6485,10.1802,0.0031,-0.0115,9.8066,-0.0583,0.0223,-0.0895,11.69,-35.25,11.44,70.87,-84.7,-167.55
52.379208,-1.473348,134.9,21.59,4,263.18,20 / 21,3346010,2019-09-06 20:15:51:753,1.6912,-1.4667,10.1513,0.0041,-0.0136,9.8065,0.0588,0.0242,0.0007,11.88,-35.12,11.38,67.23,-84.77,-170.79
52.379208,-1.473348,134.9,21.59,4,263.18,20 / 21,3346110,2019-09-06 20:15:51:853,0.3363,-1.2192,10.7365,-0.0052,-0.0089,9.8066,0.104,0.0112,-0.0073,11.81,-35.75,11.81,63.32,-84.5,-172.29
52.379208,-1.473348,134.9,21.59,4,263.18,20 / 21,3346212,2019-09-06 20:15:51:955,-0.2098,-0.6956,9.8792,0.0191,0.0113,9.8065,0.0329,0.0199,0.0698,11.88,-35.56,11.69,63.27,-84.45,-172.44
52.379208,-1.473348,134.9,21.59,4,263.18,20 / 21,3346309,2019-09-06 20:15:52:052,-0.1872,-0.6571,9.3743,-0.0077,0,9.8066,-0.1465,0.0607,-0.0057,12,-36.25,12.94,61.48,-84.56,-171.14
52.379208,-1.473348,134.9,21.59,4,263.18,20 / 21,3346410,2019-09-06 20:15:52:153,0.6477,-1.3278,8.9602,0.0214,-0.0045,9.8066,-0.0729,0.0375,-0.0569,11.81,-36.19,12.38,62.88,-84.89,-171.93
52.379208,-1.473348,134.9,21.59,4,263.18,20 / 21,3346509,2019-09-06 20:15:52:252,0.4239,-1.4662,9.0487,-0.007,-0.0135,9.8066,-0.0627,-0.0041,-0.0019,11.81,-35.94,11.25,64.35,-85.05,-173.16
52.379208,-1.473348,134.9,21.59,4,263.18,20 / 21,3346609,2019-09-06 20:15:52:352,0.1641,-0.7861,10.5564,-0.0195,-0.0101,9.8066,-0.0087,0.0067,0.0764,12.75,-36.5,11.56,63.15,-84.84,-173.66
52.379208,-1.473348,134.9,21.59,4,263.18,20 / 21,3346710,2019-09-06 20:15:52:453,0.6085,-0.5244,10.1301,-0.0319,-0.0016,9.8066,-0.0507,0.0818,-0.0414,12.38,-36.25,12.06,63.65,-84.42,-172.14
52.379208,-1.473348,134.9,21.59,4,263.18,20 / 21,3346809,2019-09-06 20:15:52:552,-0.0488,-0.2441,9.6326,-0.0067,-0.0112,9.8066,-0.0673,0.0255,0.0196,12.25,-37.06,11.81,63.38,-84.43,-172.68
52.379208,-1.473348,134.9,21.59,4,263.18,20 / 21,3346909,2019-09-06 20:15:52:652,-0.3752,-0.9205,9.8254,0.0381,0.0082,9.8065,0.0722,0.0146,0.0133,11.56,-36.75,12,60.63,-84.82,-174.38
52.379208,-1.473348,134.9,21.59,4,263.18,20 / 21,3347009,2019-09-06 20:15:52:752,0.0491,-1.4976,9.4385,0.0182,0.0136,9.8066,0.0243,0.0375,0.0164,12.19,-37.44,11.69,60.62,-84.86,-174.31
52.379208,-1.473348,134.9,21.59,4,263.18,20 / 21,3347109,2019-09-06 20:15:52:852,0.1353,-0.1924,9.9178,-0.0357,-0.0064,9.8065,-0.0328,0.0958,-0.0032,11.69,-37.37,11.94,61.97,-84.81,-173.18
52.379208,-1.473348,134.9,21.59,4,263.18,20 / 21,3347210,2019-09-06 20:15:52:953,0.1647,-0.4035,10.3596,-0.0134,0.0031,9.8066,0.0147,0.0852,0.0046,12.38,-39.12,13.25,61.58,-84.59,-171.81
52.379208,-1.473348,134.9,21.59,4,263.18,20 / 21,3347309,2019-09-06 20:15:53:052,-0.5481,-1.1794,10.1151,-0.0084,-0.0136,9.8066,-0.011,-0.0207,0.0452,11.44,-36.87,14.38,55.3,-84.43,-172.56
52.379208,-1.473348,134.9,21.59,4,263.18,19 / 22,3347410,2019-09-06 20:15:53:153,-0.2838,-1.6981,9.1794,0.0069,-0.0084,9.8066,0.0288,0.0459,0.0206,11,-37,12.88,57.99,-84.44,-172.69
52.379208,-1.473348,134.9,21.59,4,263.18,19 / 22,3347510,2019-09-06 20:15:53:253,1.3353,-1.444,9.9957,0.0122,-0.0001,9.8065,-0.0362,0.1084,-0.0115,12.13,-38.56,12.69,58.44,-84.69,-174.43
52.379208,-1.473348,134.9,21.59,4,263.18,19 / 22,3347609,2019-09-06 20:15:53:352,-0.4977,-1.3491,9.4817,-0.0157,-0.0003,9.8066,-0.0759,0.1274,-0.0497,13.31,-40.56,12.88,60.97,-84.58,-174.78
52.379208,-1.473348,134.9,21.59,4,263.18,19 / 22,3347710,2019-09-06 20:15:53:453,0.7317,-1.16,9.7427,-0.0073,0.0134,9.8065,0.0456,0.0066,0.1353,12.5,-39.25,13.88,60.07,-84.35,-173
52.379208,-1.473348,134.9,21.59,4,263.18,19 / 22,3347810,2019-09-06 20:15:53:553,-0.5444,-1.3587,9.9574,-0.0066,0.0174,9.8066,-0.0954,0.0441,0.0202,10.94,-38.44,13.75,59.57,-84.24,-169.4
52.379208,-1.473348,134.9,21.59,4,263.18,19 / 22,3347910,2019-09-06 20:15:53:653,-0.2506,-0.084,9.6411,0.0072,-0.0167,9.8066,0.0157,0.0131,-0.0214,10.88,-39.12,13.13,61.7,-84.26,-170.34
52.379208,-1.473348,134.9,21.59,4,263.18,19 / 22,3348010,2019-09-06 20:15:53:753,1.3362,-0.6034,9.9045,-0.0056,-0.0245,9.8065,-0.043,0.1044,-0.0763,11,-38.44,13,58.32,-84.24,-173.06
52.379208,-1.473348,134.9,21.59,4,263.18,19 / 22,3348110,2019-09-06 20:15:53:853,-1.6179,-2.0024,10.2886,-0.0076,-0.0141,9.8066,0.1743,0.0736,0.0871,11.13,-38.87,13.63,54.36,-83.99,-174.72
52.379208,-1.473348,134.9,21.59,4,263.18,19 / 22,3348209,2019-09-06 20:15:53:952,0.4224,-1.3933,9.5239,-0.0125,-0.0033,9.8066,0.0588,0.0226,-0.0858,11.06,-39,14.13,54.66,-83.93,-174.58
52.379208,-1.473348,134.9,21.59,4,263.18,19 / 22,3348310,2019-09-06 20:15:54:053,-1.0734,-1.1594,9.4057,0.0009,-0.0134,9.8066,-0.2107,0.0755,-0.1057,11.63,-38.94,14.31,57.63,-84.06,-173.81
52.379208,-1.473348,134.9,21.59,4,263.18,20 / 22,3348409,2019-09-06 20:15:54:152,-0.184,-1.5887,9.4595,0.0107,-0.0203,9.8065,0.0249,-0.0086,-0.007,11.06,-38,13.56,51.62,-84.19,-176.46
52.379208,-1.473348,134.9,21.59,4,263.18,20 / 22,3348509,2019-09-06 20:15:54:252,-0.4031,-1.3953,10.1278,-0.0131,-0.0166,9.8065,0.1447,-0.0027,-0.0227,11.25,-38.37,14.38,48.71,-84.08,-179.15
52.379208,-1.473348,134.9,21.59,4,263.18,20 / 22,3348609,2019-09-06 20:15:54:352,-0.6284,-1.8915,10.2534,-0.0271,-0.0117,9.8065,0.0833,0.0402,0.051,11.06,-38.06,13.94,49.44,-83.84,-178.93
52.379208,-1.473348,134.9,21.59,4,263.18,20 / 22,3348710,2019-09-06 20:15:54:453,0.6423,-0.506,9.8318,0.0206,0.0087,9.8066,-0.1184,0.0005,0.1059,11.44,-38.44,13.94,50.7,-83.83,-177.88
52.379208,-1.473348,134.9,21.59,4,263.18,20 / 22,3348810,2019-09-06 20:15:54:553,-0.2889,-0.5651,9.4577,0.0215,0.0051,9.8066,0.0063,0.1079,-0.0678,11.44,-39.44,13.94,49.66,-83.93,-178.86
52.379208,-1.473348,134.9,21.59,4,263.18,20 / 22,3348910,2019-09-06 20:15:54:653,0.5195,-0.8375,8.8929,0.0221,-0.0094,9.8066,0.028,0.055,-0.0631,11.75,-41.06,14.25,51.21,-83.96,179.92
52.379208,-1.473348,134.9,21.59,4,263.18,20 / 22,3349009,2019-09-06 20:15:54:752,0.2479,-0.2727,9.2271,-0.0084,-0.0187,9.8066,-0.1376,0.0803,-0.0414,11.06,-41.19,13.06,48.94,-83.86,177.32
52.379208,-1.473348,134.9,21.59,4,263.18,20 / 22,3349109,2019-09-06 20:15:54:852,0.0955,-0.0044,8.9312,-0.0198,-0.0121,9.8066,-0.1333,0.0565,0.0064,10.88,-41.25,15.75,41.77,-83.58,178.01
52.379208,-1.473348,134.9,21.59,4,263.18,20 / 22,3349209,2019-09-06 20:15:54:952,1.645,-1.0776,9.3555,0.0686,0.0273,9.8063,0.0198,-0.0304,0.0661,10.56,-38.94,15,44.22,-83.37,178.02
52.379208,-1.473348,134.9,21.59,4,263.18,20 / 22,3349310,2019-09-06 20:15:55:053,1.0741,-0.084,9.7637,0.0425,0.029,9.8064,-0.1783,-0.0157,-0.0597,11.13,-39.12,14.25,42.47,-83.78,174.9
52.379208,-1.473348,134.9,21.59,4,263.18,19 / 21,3349409,2019-09-06 20:15:55:152,0.4006,-0.6944,10.6091,0.0282,0.0179,9.8066,0.1104,0.0158,-0.0077,11.19,-39.31,14.44,41.72,-83.73,174.2
52.379208,-1.473348,134.9,21.59,4,263.18,19 / 21,3349510,2019-09-06 20:15:55:253,0.5478,-1.094,10.9748,-0.03,-0.0188,9.8065,0.0591,0.0909,0.0494,10.88,-39.87,15.25,40.09,-83.71,174.92
52.379208,-1.473348,134.9,21.59,4,263.18,19 / 21,3349609,2019-09-06 20:15:55:352,0.7301,-0.0476,9.6752,-0.0141,-0.027,9.8066,0.012,0.0778,0.0319,11.13,-39,15.13,41.24,-83.4,175.63
52.379208,-1.473348,134.9,21.59,4,263.18,19 / 21,3349710,2019-09-06 20:15:55:453,0.4729,-0.4967,9.8044,0.0004,0.0029,9.8066,0.0475,-0.012,0.0014,10.81,-39.06,15.63,38.49,-83.48,175.62
52.379208,-1.473348,134.9,21.59,4,263.18,19 / 21,3349810,2019-09-06 20:15:55:553,0.5119,-0.6747,10.1706,-0.0031,-0.0119,9.8066,0.0056,-0.0408,-0.0503,11.06,-39.25,14.94,39.9,-83.52,174.72
52.379208,-1.473348,134.9,21.59,4,263.18,19 / 21,3349910,2019-09-06 20:15:55:653,1.2544,0.0134,9.8202,0.0056,0.0025,9.8066,-0.0733,-0.0117,0.0652,10.75,-39.37,14.75,39.2,-83.53,174.16
52.379208,-1.473348,134.9,21.59,4,263.18,19 / 21,3350010,2019-09-06 20:15:55:753,0.9975,-0.5015,10.063,-0.0031,-0.0031,9.8066,-0.0021,0.0823,-0.0046,10.69,-40,15.56,37.17,-83.38,174.21
52.379208,-1.473348,134.9,21.59,4,263.18,19 / 21,3350110,2019-09-06 20:15:55:853,0.1235,0.1449,9.8056,-0.0031,0.0027,9.8066,0.0061,0.0153,-0.0006,11.19,-39.44,15.69,38.15,-83.32,175.13
52.379208,-1.473348,134.9,21.59,4,263.18,19 / 21,3350210,2019-09-06 20:15:55:953,0.3236,0.0083,8.9209,-0.002,-0.0004,9.8066,0.0383,0.0141,-0.0686,11.38,-38.81,15.06,40.38,-83.45,175.01
52.379208,-1.473348,134.9,21.59,4,263.18,19 / 21,3350310,2019-09-06 20:15:56:053,0.3664,-0.641,9.5975,-0.014,-0.0156,9.8066,0.0061,0.0488,0.0497,11.38,-39.25,15.56,37.53,-83.45,174.8
52.379208,-1.473348,134.9,21.59,4,263.18,19 / 20,3350410,2019-09-06 20:15:56:153,1.1098,0.201,10.1407,0.0002,-0.0207,9.8066,0.0979,-0.0098,0.0996,11.44,-39.81,15.25,40.82,-83.34,174.97
52.379208,-1.473348,134.9,21.59,4,263.18,19 / 20,3350509,2019-09-06 20:15:56:252,0.9961,0.8256,9.9796,0.0068,-0.0172,9.8066,-0.0214,-0.0331,-0.089,10.5,-39.69,15.75,36.21,-83.15,173.13
52.379208,-1.473348,134.9,21.59,4,263.18,19 / 20,3350609,2019-09-06 20:15:56:352,-1.2813,-1.1753,9.9335,-0.015,-0.0106,9.8066,-0.0124,-0.0288,0.0411,10.69,-39.69,15.81,34.75,-82.98,171.76
52.379208,-1.473348,134.9,21.59,4,263.18,19 / 20,3350710,2019-09-06 20:15:56:453,1.1704,0.7049,10.2715,0.0239,0.0162,9.8066,-0.0842,0.0445,-0.0225,10.75,-39.87,15.06,35.7,-83.16,170.64
52.379208,-1.473348,134.9,21.59,4,263.18,19 / 20,3350810,2019-09-06 20:15:56:553,0.1285,0.2955,9.5889,0.0105,0.0089,9.8066,0.0509,0.032,-0.011,10.63,-40.25,15.69,33.58,-83.15,171.06
52.379208,-1.473348,134.9,21.59,4,263.18,19 / 20,3350910,2019-09-06 20:15:56:653,0.7926,0.3293,10.4031,-0.0129,-0.007,9.8066,0.0392,-0.0471,0.0352,10.63,-40.56,15.44,36.97,-83.1,171.33
52.379208,-1.473348,134.9,21.59,4,263.18,19 / 20,3351010,2019-09-06 20:15:56:753,-0.6757,0.39,9.8518,0.0114,0.0116,9.8066,0.0756,-0.0253,0.033,10.81,-40.44,15.88,33.88,-83.11,171.24
52.379208,-1.473348,134.9,21.59,4,263.18,19 / 20,3351110,2019-09-06 20:15:56:853,0.2086,0.125,9.53,-0.0232,-0.0094,9.8066,0.0423,-0.0582,0.0219,10.25,-40.37,15.25,35.37,-83.06,172.53
52.379208,-1.473348,134.9,21.59,4,263.18,19 / 20,3351210,2019-09-06 20:15:56:953,0.1047,1.1351,10.0549,-0.0224,-0.0249,9.8066,-0.0225,-0.0323,0.0083,10.31,-41.25,16.13,33.54,-82.94,172.82
52.379208,-1.473348,134.9,21.59,4,263.18,19 / 20,3351310,2019-09-06 20:15:57:053,0.2836,0.6025,10.5145,0.0172,0.0044,9.8066,-0.0517,0.0802,-0.0107,10.13,-39.5,16.63,28.72,-82.92,171.33
52.379208,-1.473348,134.9,21.59,4,263.18,20 / 22,3351409,2019-09-06 20:15:57:152,-0.294,-0.0568,9.7092,-0.0004,0.0181,9.8066,0.0725,0.0327,0.0363,10.38,-40,15.56,32.95,-82.78,172.39
52.379208,-1.473348,134.9,21.59,4,263.18,20 / 22,3351510,2019-09-06 20:15:57:253,0.2569,1.0607,9.6706,-0.0001,-0.0073,9.8066,0.0601,0.013,-0.0101,10.75,-40.56,15.63,36.66,-82.76,172.77
52.379208,-1.473348,134.9,21.59,4,263.18,20 / 22,3351609,2019-09-06 20:15:57:352,-0.8182,0.7042,9.1417,0.0275,0.0058,9.8066,0.0643,-0.0128,-0.0157,11,-41.06,15.88,34.81,-82.95,171.57
52.379208,-1.473348,134.9,21.59,4,263.18,20 / 22,3351709,2019-09-06 20:15:57:452,1.5123,0.2549,9.8396,0.0022,-0.0121,9.8066,-0.0072,-0.0285,-0.0369,10.88,-40.75,16.31,32.87,-82.93,170.03
52.379208,-1.473348,134.9,21.59,4,263.18,20 / 22,3351809,2019-09-06 20:15:57:552,-0.3937,1.0094,9.0391,-0.0187,-0.0241,9.8066,-0.0129,-0.0424,0.0715,11.63,-36.94,16,33.57,-82.75,169.05
52.379208,-1.473348,134.9,21.59,4,263.18,20 / 22,3351910,2019-09-06 20:15:57:653,-0.8834,0.4908,9.7678,0.0368,0.0316,9.8064,-0.0334,0.0409,-0.0502,11.38,-38.75,15,34.1,-82.79,169.13
52.379208,-1.473348,134.9,21.59,4,263.18,20 / 22,3352009,2019-09-06 20:15:57:752,0.697,0.7462,9.9739,-0.0095,-0.0014,9.8066,-0.0194,0.0335,0.0102,11.75,-39.81,15.44,38.17,-82.6,169.7
52.379208,-1.473348,134.9,21.59,4,263.18,20 / 22,3352109,2019-09-06 20:15:57:852,0.747,1.4682,9.8076,0.0225,0.0135,9.8065,0.0972,-0.0082,0.0091,11.94,-40.69,15.5,35.46,-82.66,169.6
52.379208,-1.473348,134.9,21.59,4,263.18,20 / 22,3352210,2019-09-06 20:15:57:953,-0.9402,0.2018,9.8199,0.0207,0.0208,9.8065,0.1148,-0.0325,0.0501,12.38,-40.12,15.44,38.06,-82.71,169.77
52.379208,-1.473348,134.9,21.59,4,263.18,20 / 22,3352310,2019-09-06 20:15:58:053,1.0619,0.7466,10.3401,-0.0366,-0.0158,9.8065,-0.0334,-0.0392,0.0645,12.44,-40.62,15.56,36.66,-82.73,170.63
52.379208,-1.473348,134.9,21.59,4,263.18,20 / 22,3352409,2019-09-06 20:15:58:152,1.0012,2.1344,10.3685,-0.0306,-0.023,9.8066,-0.0884,-0.0321,0.0746,12,-40.56,16.06,39.15,-82.41,172.16
52.379208,-1.473348,134.9,21.59,4,263.18,20 / 22,3352510,2019-09-06 20:15:58:253,-0.4425,1.9457,8.8984,0.0443,0.046,9.8064,0.1081,0.1011,-0.0302,11.94,-42.06,16.25,40.35,-82.51,172.99
52.379208,-1.473348,134.9,21.59,4,263.18,20 / 22,3352609,2019-09-06 20:15:58:352,-1.0907,0.4156,9.0828,0.0396,0.052,9.8064,-0.0689,-0.0071,-0.0935,12.13,-40.69,17.19,37.1,-82.67,172.91
52.379208,-1.473348,134.9,21.59,4,263.18,20 / 22,3352710,2019-09-06 20:15:58:453,0.1791,1.4945,10.0068,0.0276,-0.0008,9.8066,0.0707,-0.0237,-0.0816,12.94,-40,15.25,40.81,-82.94,170.33
52.379208,-1.473348,134.9,21.59,4,263.18,20 / 22,3352810,2019-09-06 20:15:58:553,-0.2321,0.371,10.6089,0.0359,0.0021,9.8065,0.1854,-0.0214,0.0011,12.81,-41,15.56,36,-82.9,168.38
52.379208,-1.473348,134.9,21.59,4,263.18,20 / 22,3352910,2019-09-06 20:15:58:653,1.37,0.0382,11.1493,-0.0357,-0.0336,9.8065,-0.0467,-0.0136,-0.0352,13.31,-40,16.75,33.65,-82.56,168.29
52.379208,-1.473348,134.9,21.59,4,263.18,20 / 22,3353009,2019-09-06 20:15:58:752,-0.6584,0.0882,10.3898,-0.0161,-0.015,9.8066,0.0064,-0.0506,0.0879,11.19,-39.69,15.44,35.36,-82.13,169.01
52.379208,-1.473348,134.9,21.59,4,263.18,20 / 22,3353109,2019-09-06 20:15:58:852,-0.6947,1.1738,9.828,-0.0157,0.003,9.8066,-0.1154,0.0477,-0.0172,12.06,-39.81,15.94,37.73,-82.14,170.94
52.379208,-1.473348,134.9,21.59,4,263.18,20 / 22,3353210,2019-09-06 20:15:58:953,-0.201,0.6902,9.3922,-0.0204,-0.0048,9.8066,-0.2349,0.0305,-0.0078,13.13,-39.06,15.44,43.09,-82.24,171.42
52.379208,-1.473348,134.9,21.59,4,263.18,20 / 22,3353310,2019-09-06 20:15:59:053,-0.284,0.8639,9.6134,0.0432,0.0136,9.8065,0.1923,0.011,-0.0255,13.81,-40.06,15.5,40.58,-82.5,169.92
52.37867,-1.476344,134.05,24.71,4,248.78,20 / 22,3353410,2019-09-06 20:15:59:153,0.4556,0.8469,9.5424,0.0208,-0.0074,9.8066,0.0744,0.0007,-0.0175,13.5,-39.94,15.69,40.78,-82.29,169.81
52.37867,-1.476344,134.05,24.71,4,248.78,20 / 22,3353510,2019-09-06 20:15:59:253,0.0784,0.2826,10.2156,0.0028,0.0074,9.8066,-0.0551,-0.0371,-0.0122,14.13,-40,16.06,39.87,-82.21,168.97
52.37867,-1.476344,134.05,24.71,4,248.78,20 / 22,3353610,2019-09-06 20:15:59:353,-0.425,0.4713,9.5794,0.0144,0.0048,9.8066,-0.0216,-0.0186,0.0112,14.25,-40.31,15.44,42.76,-82.34,169.27
52.37867,-1.476344,134.05,24.71,4,248.78,20 / 22,3353709,2019-09-06 20:15:59:452,-0.4737,0.0648,9.334,0.0206,0.0048,9.8066,-0.1442,0.0026,0.0027,13.31,-39.87,16.25,36.17,-82.45,168.16
52.37867,-1.476344,134.05,24.71,4,248.78,20 / 22,3353809,2019-09-06 20:15:59:552,-0.058,0.6987,10.221,0.0045,-0.0033,9.8066,-0.041,0.0456,-0.0234,11.44,-38.81,16.06,29.91,-82.36,167.51
52.37867,-1.476344,134.05,24.71,4,248.78,20 / 22,3353909,2019-09-06 20:15:59:652,-0.0314,1.2991,10.1327,-0.0139,-0.011,9.8066,0.1336,-0.0909,0.0137,11,-38.56,16.25,30.98,-82.23,168.18
52.37867,-1.476344,134.05,24.71,4,248.78,20 / 22,3354010,2019-09-06 20:15:59:753,0.0729,0.0965,9.9294,-0.0193,-0.0008,9.8066,0.0627,-0.0476,0.0778,11.88,-38.12,16.56,30.87,-82.27,168.17
52.37867,-1.476344,134.05,24.71,4,248.78,20 / 22,3354110,2019-09-06 20:15:59:853,0.037,0.4491,10.0745,-0.0067,0,9.8066,0.0043,0.0108,0.0032,11.31,-38.06,15.38,34.95,-82.23,169.31
52.37867,-1.476344,134.05,24.71,4,248.78,20 / 22,3354210,2019-09-06 20:15:59:953,-0.1524,1.4801,9.8685,0.0095,0.0082,9.8066,-0.0599,-0.0111,-0.0288,11.25,-38.87,16.19,33.15,-82.25,169.86
52.37867,-1.476344,134.05,24.71,4,248.78,20 / 22,3354310,2019-09-06 20:16:00:053,-0.6775,0.18,9.8233,-0.0043,-0.0143,9.8066,0.0419,0.0279,-0.0518,12,-38.06,16.19,35.15,-82.23,169.5
52.37867,-1.476344,134.05,24.71,4,248.78,21 / 22,3354409,2019-09-06 20:16:00:152,-0.7183,0.3584,9.416,-0.0191,-0.0184,9.8066,0.048,0.0356,0.0263,13.13,-38.5,15.88,37.01,-82.13,168.89
52.37867,-1.476344,134.05,24.71,4,248.78,21 / 22,3354510,2019-09-06 20:16:00:253,0.3955,1.7423,9.9377,0.0112,0.0173,9.8066,0.0395,-0.0899,0.038,14.69,-39.19,15.25,43.62,-82.33,168.57
52.37867,-1.476344,134.05,24.71,4,248.78,21 / 22,3354610,2019-09-06 20:16:00:353,0.4611,0.9402,9.9648,-0.0015,0.0154,9.8066,0.1056,-0.0273,0.0846,15.5,-39,15.69,44.67,-82.26,169.97
52.37867,-1.476344,134.05,24.71,4,248.78,21 / 22,3354710,2019-09-06 20:16:00:453,0.0088,0.71,9.8285,0.0056,0.0059,9.8066,-0.0974,0.016,0.0513,15.94,-38.94,15.88,44.84,-82.3,170.16
52.37867,-1.476344,134.05,24.71,4,248.78,21 / 22,3354810,2019-09-06 20:16:00:553,-0.5448,1.048,9.3349,0.0168,0.0122,9.8066,-0.1329,0.0194,-0.0721,15.44,-38.25,16.44,42.55,-82.34,170.12
52.37867,-1.476344,134.05,24.71,4,248.78,21 / 22,3354910,2019-09-06 20:16:00:653,-0.5096,1.4035,9.7536,-0.0028,-0.0073,9.8066,0.0064,-0.0346,0.0422,15.38,-37.87,16.38,43.7,-82.33,171.05
52.37867,-1.476344,134.05,24.71,4,248.78,21 / 22,3355009,2019-09-06 20:16:00:752,-1.1374,0.6181,9.9889,-0.0162,-0.0093,9.8066,-0.0016,-0.0153,-0.0121,15.94,-36.87,15.31,47.64,-82.26,170.82
52.37867,-1.476344,134.05,24.71,4,248.78,21 / 22,3355110,2019-09-06 20:16:00:853,0.0727,1.363,9.6689,0.0063,0.0055,9.8066,0.0446,-0.046,-0.0194,15,-38,15.69,43.3,-82.33,170.73
52.37867,-1.476344,134.05,24.71,4,248.78,21 / 22,3355209,2019-09-06 20:16:00:952,-0.3338,0.6042,9.6354,0.0037,0.0017,9.8066,-0.0063,-0.0547,0.0301,13.13,-37.5,16.06,38.75,-82.35,170.77
52.37867,-1.476344,134.05,24.71,4,248.78,21 / 22,3355309,2019-09-06 20:16:01:052,-0.2051,1.0827,10.2579,0.0054,0.0068,9.8066,-0.0113,0.006,-0.006,13.94,-37.12,15.81,40.75,-82.49,170.74
52.37867,-1.476344,134.05,24.71,4,248.78,21 / 22,3355409,2019-09-06 20:16:01:152,0.3254,1.3037,10.5546,0.0148,0.0084,9.8066,0.0351,-0.0013,-0.0057,16.25,-36.44,15.44,46.82,-82.54,170.75
52.37867,-1.476344,134.05,24.71,4,248.78,21 / 22,3355510,2019-09-06 20:16:01:253,-1.0198,-0.1456,10.044,-0.0211,-0.0151,9.8066,0.1359,0.0154,0.0145,16.44,-36.37,15.44,47.23,-82.38,170.89
52.37867,-1.476344,134.05,24.71,4,248.78,21 / 22,3355609,2019-09-06 20:16:01:352,-0.771,0.6443,9.384,-0.0275,-0.0151,9.8065,0.0675,-0.0213,0.0237,15.5,-37,15.56,45.81,-82.19,171.34
52.37867,-1.476344,134.05,24.71,4,248.78,21 / 22,3355710,2019-09-06 20:16:01:453,0.8012,0.924,9.2012,0.008,0.0028,9.8066,-0.0384,0.0245,-0.0435,14.06,-37.37,15.44,43.77,-82.37,170.92
52.37867,-1.476344,134.05,24.71,4,248.78,21 / 22,3355810,2019-09-06 20:16:01:553,0.1488,-0.3252,9.5556,-0.0049,-0.0174,9.8066,0.0161,-0.05,0.0391,12.31,-37.81,16.31,36.3,-82.36,170.56
52.37867,-1.476344,134.05,24.71,4,248.78,21 / 22,3355910,2019-09-06 20:16:01:653,0.3717,0.6916,9.8275,0.0057,0.0112,9.8066,-0.105,-0.0126,0.0126,12.56,-37.12,15.88,37.59,-82.5,170.02
52.37867,-1.476344,134.05,24.71,4,248.78,21 / 22,3356010,2019-09-06 20:16:01:753,-1.0001,0.1779,9.3502,0.0137,0.0111,9.8065,-0.0315,0.0838,-0.0251,11.31,-36.5,16.56,29.63,-82.57,169.98
52.37867,-1.476344,134.05,24.71,4,248.78,21 / 22,3356110,2019-09-06 20:16:01:853,-0.075,0.2785,9.8399,0.0123,0.009,9.8066,-0.0442,0.0173,-0.0369,11.06,-36.87,16.13,32.51,-82.52,170.1
52.37867,-1.476344,134.05,24.71,4,248.78,21 / 22,3356210,2019-09-06 20:16:01:953,-1.3267,0.4405,10.453,0.0214,0.032,9.8065,0.0174,-0.0517,0.0043,11.13,-36.94,17.19,30.33,-82.54,170.32
52.37867,-1.476344,134.05,24.71,4,248.78,21 / 22,3356310,2019-09-06 20:16:02:053,-0.135,0.6305,9.8835,-0.0121,-0.0172,9.8066,0.0597,-0.0279,0.0163,10.75,-36.12,18.31,28.16,-82.35,170.35
52.37867,-1.476344,134.05,24.71,4,248.78,20 / 22,3356410,2019-09-06 20:16:02:153,-0.8383,-0.1705,9.8371,-0.0101,-0.0223,9.8065,-0.0757,-0.0203,-0.0528,9.94,-36.25,17.31,27.27,-82.29,170.14
52.37867,-1.476344,134.05,24.71,4,248.78,20 / 22,3356509,2019-09-06 20:16:02:252,0.3683,0.8154,9.9746,0.0089,0.0092,9.8066,0.0226,-0.0007,0.0304,9.44,-37.69,16.44,27.09,-82.29,170.24
52.37867,-1.476344,134.05,24.71,4,248.78,20 / 22,3356609,2019-09-06 20:16:02:352,0.1324,0.7762,9.7329,0.0185,0.0101,9.8065,-0.029,0.0648,-0.057,8.75,-38.62,15.5,25.86,-82.43,169.29
52.37867,-1.476344,134.05,24.71,4,248.78,20 / 22,3356710,2019-09-06 20:16:02:453,-0.168,0.8455,9.7092,0.0027,0.0011,9.8066,-0.0507,0.0195,0.0004,9,-38,15.31,28.75,-82.47,169.69
52.37867,-1.476344,134.05,24.71,4,248.78,20 / 22,3356810,2019-09-06 20:16:02:553,-1.0506,0.5048,9.6804,-0.0013,0.0019,9.8066,0.1352,-0.016,0.0572,9.69,-37,14.56,32.02,-82.45,169.86
52.37867,-1.476344,134.05,24.71,4,248.78,20 / 22,3356909,2019-09-06 20:16:02:652,-0.2261,0.8313,10.3001,-0.0069,-0.0028,9.8066,0.0457,-0.0003,-0.0099,10.56,-36.56,14.88,35.04,-82.48,169.93
52.37867,-1.476344,134.05,24.71,4,248.78,20 / 22,3357010,2019-09-06 20:16:02:753,-0.1752,0.0022,9.76,-0.0041,-0.0055,9.8066,-0.113,-0.0154,-0.0269,10.94,-35.62,15.25,35.26,-82.43,170.29
52.37867,-1.476344,134.05,24.71,4,248.78,20 / 22,3357110,2019-09-06 20:16:02:853,-0.2968,0.4456,9.8518,0.0149,0.0212,9.8066,-0.0905,-0.0044,0.0117,11.13,-35.56,15.19,35.74,-82.41,170.64
52.37867,-1.476344,134.05,24.71,4,248.78,20 / 22,3357210,2019-09-06 20:16:02:953,-0.9945,-0.0988,9.7278,-0.0198,-0.007,9.8065,-0.0326,0.045,-0.018,10.88,-35.94,15.56,32.83,-82.62,170.67
52.37867,-1.476344,134.05,24.71,4,248.78,20 / 22,3357309,2019-09-06 20:16:03:052,-0.0143,1.009,9.615,0.003,0.0038,9.8066,-0.0271,0.0231,-0.0257,11.06,-36.12,15.69,33.68,-82.64,171.36
52.37867,-1.476344,134.05,24.71,4,248.78,21 / 23,3357410,2019-09-06 20:16:03:153,-0.6757,0.9637,9.9029,-0.0051,-0.0027,9.8066,0.0457,-0.071,0.0073,12,-35,15.5,36.35,-82.62,171.58
52.37867,-1.476344,134.05,24.71,4,248.78,21 / 23,3357509,2019-09-06 20:16:03:252,-0.2052,0.2492,10.2342,-0.025,-0.0123,9.8065,0.0867,-0.0369,0.0571,12.88,-35.44,15.75,39.08,-82.59,171.79
52.37867,-1.476344,134.05,24.71,4,248.78,21 / 23,3357610,2019-09-06 20:16:03:353,0.4449,0.7425,10.2754,0.0078,0.0091,9.8066,-0.0488,0.0049,0.0128,12.75,-34.69,15.31,42.58,-82.58,172.52
52.37867,-1.476344,134.05,24.71,4,248.78,21 / 23,3357709,2019-09-06 20:16:03:452,-0.3352,0.8475,9.954,0.0067,0.0042,9.8066,-0.0242,0.0241,-0.0103,12.19,-35,15.13,40.34,-82.56,172.62
52.37867,-1.476344,134.05,24.71,4,248.78,21 / 23,3357809,2019-09-06 20:16:03:552,-0.8527,0.3793,9.3258,0.0075,0.0108,9.8066,-0.0478,-0.0201,0.0483,11.5,-35.31,15.19,40.35,-82.61,172.7
52.37867,-1.476344,134.05,24.71,4,248.78,21 / 23,3357909,2019-09-06 20:16:03:652,0.236,0.4583,9.0671,0.0044,-0.0054,9.8066,0.0625,-0.0125,-0.0553,11.44,-35.37,15.31,37.74,-82.68,172.8
52.37867,-1.476344,134.05,24.71,4,248.78,21 / 23,3358009,2019-09-06 20:16:03:752,-0.3893,0.5384,10.0638,-0.0025,-0.0136,9.8066,-0.0673,-0.021,-0.0152,11.38,-35.87,15.56,34.65,-82.76,172.27
52.37867,-1.476344,134.05,24.71,4,248.78,21 / 23,3358110,2019-09-06 20:16:03:853,0.0611,0.1291,10.1061,-0.0106,-0.0003,9.8066,-0.0219,-0.0349,-0.0062,11.5,-35.12,16,36.95,-82.77,172.23
52.37867,-1.476344,134.05,24.71,4,248.78,21 / 23,3358210,2019-09-06 20:16:03:953,0.451,0.1998,9.278,0.0021,0.0053,9.8066,-0.0669,0.0296,-0.0373,12.06,-35.44,15.19,39.85,-82.79,172.51
52.37867,-1.476344,134.05,24.71,4,248.78,21 / 23,3358310,2019-09-06 20:16:04:053,-1.0232,-0.1361,9.9734,0.0134,0.0207,9.8066,-0.0619,0.0134,0.0123,12.38,-35.31,15.06,40.49,-82.72,172.95
52.37867,-1.476344,134.05,24.71,4,248.78,21 / 22,3358410,2019-09-06 20:16:04:153,-0.1481,0.3914,10.0381,-0.0142,-0.0158,9.8065,0.0408,-0.0039,-0.0132,12.69,-34.75,15.19,42.71,-82.84,172.96
52.37867,-1.476344,134.05,24.71,4,248.78,21 / 22,3358510,2019-09-06 20:16:04:253,0.2896,0.4161,10.4272,-0.0118,-0.016,9.8065,0.0056,-0.0031,-0.0148,12.63,-34.62,15.44,42.59,-82.72,172.72
52.37867,-1.476344,134.05,24.71,4,248.78,21 / 22,3358609,2019-09-06 20:16:04:352,-1.0684,0.3427,9.7067,-0.0096,-0.0148,9.8066,-0.0678,-0.0074,-0.032,12.5,-35.19,15.44,42.48,-82.67,172.56
52.37867,-1.476344,134.05,24.71,4,248.78,21 / 22,3358710,2019-09-06 20:16:04:453,0.3528,0.1144,9.8431,-0.0061,-0.0051,9.8066,-0.0837,0.0084,0.0256,12.69,-34.31,15.88,38.46,-82.71,171.64
52.37867,-1.476344,134.05,24.71,4,248.78,21 / 22,3358810,2019-09-06 20:16:04:553,-0.3408,-0.6046,9.796,-0.0067,-0.0066,9.8066,-0.074,0.0346,-0.0045,12.94,-34.25,16.06,38.36,-82.73,171.58
52.37867,-1.476344,134.05,24.71,4,248.78,21 / 22,3358910,2019-09-06 20:16:04:653,-0.5371,0.32,9.8313,0.017,0.0178,9.8066,-0.0211,0.0274,-0.0286,12.69,-34.31,15.56,38.63,-82.76,171.83
52.37867,-1.476344,134.05,24.71,4,248.78,21 / 22,3359010,2019-09-06 20:16:04:753,-0.5644,0.8485,9.8132,0.0033,0.0093,9.8066,0.1214,-0.0177,-0.0035,12.13,-33.62,15.38,38.83,-82.9,172.05
52.37867,-1.476344,134.05,24.71,4,248.78,21 / 22,3359110,2019-09-06 20:16:04:853,0.1636,-0.3897,9.8892,-0.0104,-0.0135,9.8066,0.0426,-0.0446,-0.0066,12.25,-33.56,15.25,39.21,-82.72,172.14
52.37867,-1.476344,134.05,24.71,4,248.78,21 / 22,3359209,2019-09-06 20:16:04:952,0.2058,0.4432,10.0198,0.0033,0.0086,9.8066,-0.0074,-0.0412,0.0463,12.31,-34.5,15.75,36.96,-82.8,172.49
52.37867,-1.476344,134.05,24.71,4,248.78,21 / 22,3359309,2019-09-06 20:16:05:052,0.3468,0.6742,10.2117,-0.0338,-0.0194,9.8065,-0.1654,0.0213,-0.0472,11.5,-34,15.56,37.9,-82.88,173.36
52.37867,-1.476344,134.05,24.71,4,248.78,21 / 22,3359410,2019-09-06 20:16:05:153,-1.0783,-0.111,9.876,-0.0356,-0.0236,9.8065,-0.032,-0.0471,0.1283,11.13,-33.69,15.31,39.83,-82.68,174.75
52.37867,-1.476344,134.05,24.71,4,248.78,21 / 22,3359509,2019-09-06 20:16:05:252,-0.1441,0.5159,8.6481,0.0332,0.0343,9.8065,-0.0028,0.0123,-0.0458,11.88,-34.19,15.5,41.82,-82.96,176.72
52.37867,-1.476344,134.05,24.71,4,248.78,21 / 22,3359610,2019-09-06 20:16:05:353,-0.0573,-0.3884,8.1558,0.0228,0.0106,9.8065,-0.0663,0.0377,-0.043,11.88,-34,15.69,40.46,-82.94,175.55
52.37867,-1.476344,134.05,24.71,4,248.78,21 / 22,3359709,2019-09-06 20:16:05:452,1.1275,-0.4786,9.5848,0.0123,0.0128,9.8066,0.0313,-0.0737,0.0521,12.5,-33.87,15.88,41.63,-82.93,174.55
52.37867,-1.476344,134.05,24.71,4,248.78,21 / 22,3359809,2019-09-06 20:16:05:552,-0.3512,1.3789,10.2008,-0.0093,-0.0164,9.8066,-0.1697,0.0538,0.0247,12.63,-33.69,15.69,42.08,-82.86,174.83
52.37867,-1.476344,134.05,24.71,4,248.78,21 / 22,3359910,2019-09-06 20:16:05:653,0.3559,0.5338,10.2706,0.0089,0.0161,9.8065,0.0645,0.015,0.0323,12.44,-33.19,15.88,39.18,-82.9,174.66
52.37867,-1.476344,134.05,24.71,4,248.78,21 / 22,3360009,2019-09-06 20:16:05:752,0.4305,0.1103,10.213,0.0055,0.0033,9.8066,-0.0158,-0.0165,-0.0019,12.44,-33.44,15.63,39.34,-82.86,174.76
52.37867,-1.476344,134.05,24.71,4,248.78,21 / 22,3360109,2019-09-06 20:16:05:852,-0.5221,-0.2616,9.7667,0.0115,0.0029,9.8066,0.1089,0.0372,0.0073,12.06,-33,15.31,40.68,-82.97,173.91
52.37867,-1.476344,134.05,24.71,4,248.78,21 / 22,3360210,2019-09-06 20:16:05:953,-0.5633,0.251,9.7941,0.0101,0.0134,9.8066,0.0593,0.0206,-0.0282,12,-33.12,15.69,38.06,-83.01,173.86
52.37867,-1.476344,134.05,24.71,4,248.78,21 / 22,3360310,2019-09-06 20:16:06:053,0.2637,-0.2026,9.9714,-0.0183,-0.0173,9.8065,-0.0574,0.0275,0.0435,11.19,-32.25,15.19,37.7,-83.1,173.97
52.37867,-1.476344,134.05,24.71,4,248.78,21 / 22,3360409,2019-09-06 20:16:06:152,0.4341,1.5713,10.318,0.0002,-0.0006,9.8066,-0.0671,-0.0946,-0.0106,11.88,-33.19,15.94,38.8,-83.04,174.5
52.37867,-1.476344,134.05,24.71,4,248.78,21 / 22,3360510,2019-09-06 20:16:06:253,1.2732,-0.6877,9.6512,-0.0091,-0.0079,9.8066,0.0483,0.1093,-0.1206,11.81,-32.5,15.69,39.55,-82.94,175.25
52.37867,-1.476344,134.05,24.71,4,248.78,21 / 22,3360609,2019-09-06 20:16:06:352,0.0699,-0.4511,9.8345,-0.0068,-0.0142,9.8066,0.0593,0.0147,0.0003,11.81,-32.37,15.38,40.59,-82.96,174.06
52.37867,-1.476344,134.05,24.71,4,248.78,21 / 22,3360710,2019-09-06 20:16:06:453,1.0146,1.0972,9.4822,0.0117,0.0301,9.8065,0.0541,-0.0817,0.0016,11.13,-32.25,16.5,33.94,-82.93,174.58
52.37867,-1.476344,134.05,24.71,4,248.78,21 / 22,3360810,2019-09-06 20:16:06:553,-0.5034,0.5422,9.7063,0.0172,0.0188,9.8066,0.0465,-0.0118,0.0621,10.94,-31.62,15.5,36.95,-83.19,175.48
52.37867,-1.476344,134.05,24.71,4,248.78,21 / 22,3360910,2019-09-06 20:16:06:653,1.4418,-0.0833,9.7177,-0.0131,-0.0315,9.8065,-0.1889,0.0574,-0.0134,11.13,-32.75,15.06,37.71,-83.05,173.69
52.37867,-1.476344,134.05,24.71,4,248.78,21 / 22,3361009,2019-09-06 20:16:06:752,0.6194,0.8154,8.8935,-0.0041,-0.0037,9.8066,-0.1303,-0.0005,-0.0228,9.75,-34.12,15.56,32.31,-83.14,173.5
52.37867,-1.476344,134.05,24.71,4,248.78,21 / 22,3361109,2019-09-06 20:16:06:852,1.794,-0.1229,10.4796,-0.0113,-0.0023,9.8066,-0.0873,0.0673,-0.0448,7.63,-32.81,15.94,27.44,-83.07,174.81
52.37867,-1.476344,134.05,24.71,4,248.78,21 / 22,3361210,2019-09-06 20:16:06:953,-0.1223,-0.6388,9.6004,-0.0065,-0.0063,9.8066,-0.0231,0.0277,-0.0517,9.5,-32.75,16.31,33.6,-83.04,174.65
52.37867,-1.476344,134.05,24.71,4,248.78,21 / 22,3361310,2019-09-06 20:16:07:053,0.8657,1.7103,9.8751,0.0112,0.0243,9.8065,-0.0121,-0.1005,0.0043,10.19,-31.31,16.13,34.24,-83.21,175.75
52.37867,-1.476344,134.05,24.71,4,248.78,22 / 23,3361410,2019-09-06 20:16:07:153,0.1465,0.8843,9.9576,0.0184,0.0143,9.8065,-0.0459,-0.0244,0.0459,10.56,-31.94,15.56,37.26,-83.22,175.78
52.37867,-1.476344,134.05,24.71,4,248.78,22 / 23,3361509,2019-09-06 20:16:07:252,1.2483,0.2776,9.54,0.0029,-0.0063,9.8066,-0.1218,0.0485,-0.0204,10.19,-32.06,15.81,33.14,-83.2,174.63
52.37867,-1.476344,134.05,24.71,4,248.78,22 / 23,3361610,2019-09-06 20:16:07:353,-0.0795,1.3839,10.2892,0.0016,0,9.8066,0.1244,-0.0227,0.0279,10.63,-32.44,15.81,35.67,-83.2,174.42
52.37867,-1.476344,134.05,24.71,4,248.78,22 / 23,3361710,2019-09-06 20:16:07:453,0.0677,-1.0194,9.8432,-0.0006,-0.0077,9.8066,0.3601,-0.0693,0.0325,10.5,-31.94,16.5,34.65,-83.11,175.34
52.37867,-1.476344,134.05,24.71,4,248.78,22 / 23,3361810,2019-09-06 20:16:07:553,-0.2715,-0.5403,10.8926,-0.0271,-0.0058,9.8066,-0.0855,0.0317,-0.0235,10.88,-31.94,16.5,35.21,-82.92,175.64
52.37867,-1.476344,134.05,24.71,4,248.78,22 / 23,3361910,2019-09-06 20:16:07:653,0.4423,0.2526,10.2521,-0.0203,-0.0205,9.8066,-0.1214,0.0016,0.0248,10,-31.87,16.69,32.79,-82.81,175.78
52.37867,-1.476344,134.05,24.71,4,248.78,22 / 23,3362010,2019-09-06 20:16:07:753,0.9882,0.8241,9.1331,-0.0081,-0.0151,9.8066,0.0467,-0.0151,-0.002,10,-31.69,15.94,35.42,-82.87,176.18
52.37867,-1.476344,134.05,24.71,4,248.78,22 / 23,3362109,2019-09-06 20:16:07:852,0.6902,0.154,9.1336,0.0126,0.0215,9.8066,-0.0701,0.0472,0.0028,9.38,-31.75,15.63,32.7,-83.13,176.68
52.37867,-1.476344,134.05,24.71,4,248.78,22 / 23,3362210,2019-09-06 20:16:07:953,0.3177,0.4657,9.0828,0.0291,0.0232,9.8066,0.0635,-0.0457,0.0129,9.81,-32.44,16.38,34.51,-83.25,175.82
52.37867,-1.476344,134.05,24.71,4,248.78,22 / 23,3362310,2019-09-06 20:16:08:053,-0.6949,-0.2301,9.7374,-0.0168,-0.0219,9.8065,0.2113,-0.004,0.0049,9.88,-31.37,16.63,32.65,-83.02,176.06
52.37795,-1.479345,132.25,24.42,4,248.14,21 / 22,3362410,2019-09-06 20:16:08:153,-0.0881,-0.0482,9.9385,-0.0025,-0.0322,9.8066,-0.0444,-0.0076,0.0387,9.06,-31.69,16.69,29.34,-83.16,175.69
52.37795,-1.479345,132.25,24.42,4,248.14,21 / 22,3362509,2019-09-06 20:16:08:252,0.7017,1.3574,10.378,0.0035,-0.0032,9.8066,-0.1179,0.0147,-0.0519,9.19,-31.37,16.38,30.05,-82.88,174.47
52.37795,-1.479345,132.25,24.42,4,248.14,21 / 22,3362609,2019-09-06 20:16:08:352,-0.1501,-0.3438,9.4296,0.0103,0.012,9.8066,-0.0528,0.0288,0.0509,9.19,-31.44,15.94,30.01,-82.85,174.42
52.37795,-1.479345,132.25,24.42,4,248.14,21 / 22,3362709,2019-09-06 20:16:08:452,0.132,0.1919,9.7803,-0.0166,-0.0036,9.8066,0.0648,-0.0163,0.0005,9.13,-32.69,15.19,34.74,-82.83,175.84
52.37795,-1.479345,132.25,24.42,4,248.14,21 / 22,3362809,2019-09-06 20:16:08:552,-0.2576,0.8711,10.1509,-0.0031,0.0117,9.8066,0.1323,0.0211,-0.0757,8.63,-33.75,15.88,33.32,-82.93,176.55
52.37795,-1.479345,132.25,24.42,4,248.14,21 / 22,3362910,2019-09-06 20:16:08:653,-2.1009,-0.2084,10.1337,-0.0029,-0.0043,9.8066,0.0978,-0.0583,0.05,9.06,-33.87,15.06,36.65,-82.92,177.23
52.37795,-1.479345,132.25,24.42,4,248.14,21 / 22,3363010,2019-09-06 20:16:08:753,0.0552,0.1561,10.3313,-0.0126,-0.0083,9.8066,0.0449,-0.0127,-0.0489,8.75,-35.5,16.25,34.47,-82.86,177.18
52.37795,-1.479345,132.25,24.42,4,248.14,21 / 22,3363109,2019-09-06 20:16:08:852,-0.1423,1.4931,10.9309,-0.0025,-0.0101,9.8066,0.0321,-0.0066,0.0259,9.81,-33.44,16.56,34.72,-82.78,177.15
52.37795,-1.479345,132.25,24.42,4,248.14,21 / 22,3363210,2019-09-06 20:16:08:953,-1.1115,0.0995,9.7624,0.0274,0.0354,9.8065,-0.0868,0.0647,-0.0182,9.31,-32.87,16.38,33.44,-82.86,176.79
52.37795,-1.479345,132.25,24.42,4,248.14,21 / 22,3363310,2019-09-06 20:16:09:053,0.5808,0.198,9.2241,-0.0138,-0.0188,9.8066,0.0193,0.0038,-0.0039,9.56,-33.31,15.69,37.16,-82.79,177.29
52.37795,-1.479345,132.25,24.42,4,248.14,21 / 22,3363409,2019-09-06 20:16:09:152,0.0036,0.4268,8.9383,0.007,0.0018,9.8066,0.0412,-0.0143,-0.0152,9.06,-34.44,15.94,34.15,-82.77,177.04
52.37795,-1.479345,132.25,24.42,4,248.14,21 / 22,3363510,2019-09-06 20:16:09:253,-0.2757,0.5161,9.5442,0.016,0.0258,9.8065,-0.0919,0.0003,0.0258,8.63,-34.56,16.44,34.82,-83,177.62
52.37795,-1.479345,132.25,24.42,4,248.14,21 / 22,3363610,2019-09-06 20:16:09:353,-0.4615,0.2381,9.7828,-0.0002,0.002,9.8066,0.0554,-0.0764,0.0566,9.69,-33.56,16.13,37.62,-82.9,177.57
52.37795,-1.479345,132.25,24.42,4,248.14,21 / 22,3363710,2019-09-06 20:16:09:453,-0.4375,1.2012,11.207,-0.004,-0.0106,9.8066,0.0315,0.0558,-0.011,10.06,-33,17.44,35.11,-82.77,177.46
52.37795,-1.479345,132.25,24.42,4,248.14,21 / 22,3363810,2019-09-06 20:16:09:553,0.9558,1.0914,10.594,-0.0202,-0.0333,9.8065,-0.0006,0.091,-0.0295,10.13,-33.31,16.5,35.33,-82.34,177.19
52.37795,-1.479345,132.25,24.42,4,248.14,21 / 22,3363910,2019-09-06 20:16:09:653,1.1216,1.7474,8.8516,-0.0095,0.0084,9.8066,-0.0206,-0.0723,0.0271,9.75,-33.44,16.13,37.66,-82.49,177.37
52.37795,-1.479345,132.25,24.42,4,248.14,21 / 22,3364009,2019-09-06 20:16:09:752,0.5407,0.2669,9.2402,-0.0023,-0.0224,9.8066,0.1209,0.0094,-0.1462,10.19,-34.19,16.13,37.26,-82.67,177.01
52.37795,-1.479345,132.25,24.42,4,248.14,21 / 22,3364110,2019-09-06 20:16:09:853,-1.2332,0.5122,10.6597,0.0059,0.0226,9.8065,-0.108,-0.0138,0.1001,10.13,-34.12,16.69,35.14,-82.91,177.42
52.37795,-1.479345,132.25,24.42,4,248.14,21 / 22,3364209,2019-09-06 20:16:09:952,-0.5601,-0.0828,9.7981,0.0015,0.0093,9.8066,0.2066,0.0248,0.053,10.63,-33.81,16.94,38.07,-82.71,177.37
52.37795,-1.479345,132.25,24.42,4,248.14,21 / 22,3364310,2019-09-06 20:16:10:053,-1.493,0.0384,10.4689,-0.0187,-0.0232,9.8066,0.0559,-0.0349,-0.0628,10.44,-34.25,15.94,38.7,-82.6,178.09
52.37795,-1.479345,132.25,24.42,4,248.14,21 / 22,3364410,2019-09-06 20:16:10:153,-1.0822,-0.3195,10.0173,-0.0072,-0.0124,9.8066,-0.0444,0.0526,-0.0443,10.31,-34.75,16.13,37.35,-82.58,176.72
52.37795,-1.479345,132.25,24.42,4,248.14,21 / 22,3364509,2019-09-06 20:16:10:252,1.4843,0.9085,9.9862,-0.0238,-0.0151,9.8066,0.1026,-0.0226,-0.0418,9.88,-34.69,16.38,38.43,-82.51,177.51
52.37795,-1.479345,132.25,24.42,4,248.14,21 / 22,3364610,2019-09-06 20:16:10:353,-0.3406,0.3869,9.8085,-0.0115,-0.0068,9.8066,0.0527,-0.0614,-0.0367,9.75,-35.5,15.94,39.07,-82.61,178.16
52.37795,-1.479345,132.25,24.42,4,248.14,21 / 22,3364710,2019-09-06 20:16:10:453,0.0082,0.6233,10.0551,-0.0061,-0.0015,9.8066,0.0273,0.0007,0.1154,10,-35.56,16.81,37.76,-82.51,178.64
52.37795,-1.479345,132.25,24.42,4,248.14,21 / 22,3364809,2019-09-06 20:16:10:552,-0.5645,0.7418,9.6979,0.0041,0.0005,9.8066,0.0127,-0.0112,0.054,10.69,-35.31,16.75,40.21,-82.44,178.58
52.37795,-1.479345,132.25,24.42,4,248.14,21 / 22,3364910,2019-09-06 20:16:10:653,-0.4981,1.0316,10.218,0.0145,0.0021,9.8066,0.0359,0.0687,-0.0285,11.38,-35.94,16.63,39.06,-82.57,177.56
52.37795,-1.479345,132.25,24.42,4,248.14,21 / 22,3365009,2019-09-06 20:16:10:752,-0.4965,-0.3368,10.0817,0.0193,0.019,9.8066,0.0759,0.0504,0.0152,11.06,-35.37,16.5,38.26,-82.66,177.24
52.37795,-1.479345,132.25,24.42,4,248.14,21 / 22,3365110,2019-09-06 20:16:10:853,1.0062,1.0979,10.8904,-0.023,-0.0192,9.8066,0.2123,-0.0697,0.0585,11.31,-36.19,16.69,39.73,-82.41,177.91
52.37795,-1.479345,132.25,24.42,4,248.14,21 / 22,3365210,2019-09-06 20:16:10:953,-0.6774,0.0212,9.57,0.0079,0.0033,9.8066,0.1286,-0.0669,0.0425,11,-35.25,17.06,39.43,-82.41,177.9
52.37795,-1.479345,132.25,24.42,4,248.14,21 / 22,3365310,2019-09-06 20:16:11:053,-1.2904,-0.1578,9.6237,-0.003,-0.0008,9.8066,-0.0788,0.0037,-0.0779,11.63,-34.44,16.75,42.45,-82.33,178.48
52.37795,-1.479345,132.25,24.42,4,248.14,22 / 23,3365409,2019-09-06 20:16:11:152,-0.4361,0.7703,10.2675,-0.0043,0.0074,9.8066,0.0236,0.0472,0.0193,11.25,-34.94,16.38,42.73,-82.48,178.73
52.37795,-1.479345,132.25,24.42,4,248.14,22 / 23,3365510,2019-09-06 20:16:11:253,0.1139,0.6502,9.9982,0.0114,0.0088,9.8066,0.0086,0.0194,0.0132,11.75,-35.56,16.44,45.24,-82.59,178.6
52.37795,-1.479345,132.25,24.42,4,248.14,22 / 23,3365610,2019-09-06 20:16:11:353,-0.2711,0.2281,10.0908,0.0004,0.0038,9.8066,0.0068,0.0123,0.0145,11.81,-35.19,16.81,42.74,-82.49,178.66
52.37795,-1.479345,132.25,24.42,4,248.14,22 / 23,3365710,2019-09-06 20:16:11:453,-0.4003,0.7813,10.3029,0.004,0.0134,9.8066,0.188,-0.0597,0.0295,11.75,-34.75,16.69,43.05,-82.42,178.84
52.37795,-1.479345,132.25,24.42,4,248.14,22 / 23,3365809,2019-09-06 20:16:11:552,-0.5688,0.899,9.5445,0.028,0.0183,9.8065,-0.001,-0.1403,0.0361,12.06,-34.5,16.75,42.12,-82.44,178.34
52.37795,-1.479345,132.25,24.42,4,248.14,22 / 23,3365909,2019-09-06 20:16:11:652,-0.8943,0.4986,9.9682,-0.0066,0.0001,9.8066,-0.0994,0.0445,-0.0492,12.31,-35.06,16.38,45.21,-82.44,178.65
52.37795,-1.479345,132.25,24.42,4,248.14,22 / 23,3366010,2019-09-06 20:16:11:753,-1.085,0.9132,9.53,-0.0239,0.0092,9.8065,-0.0779,-0.0432,0.0441,12.56,-35.19,16.19,49.18,-82.45,-179.92
52.37795,-1.479345,132.25,24.42,4,248.14,22 / 23,3366109,2019-09-06 20:16:11:852,-0.958,1.5374,10.3728,-0.0058,-0.0129,9.8065,-0.0602,0.0839,-0.0903,12.69,-34.75,16.19,50.09,-82.4,-179.23
52.37795,-1.479345,132.25,24.42,4,248.14,22 / 23,3366210,2019-09-06 20:16:11:953,-0.331,0.6136,11.0015,-0.0353,-0.0352,9.8065,0.0524,-0.0431,-0.0492,12.81,-34.5,15.81,49.06,-82.19,179.9
52.37795,-1.479345,132.25,24.42,4,248.14,22 / 23,3366310,2019-09-06 20:16:12:053,-0.2674,0.91,11.0096,0.0008,-0.0326,9.8066,0.1236,-0.016,-0.0629,13.5,-35.12,16.06,49.86,-82.01,178.26
52.37795,-1.479345,132.25,24.42,4,248.14,21 / 22,3366409,2019-09-06 20:16:12:152,-1.2177,0.2072,11.2496,0.0688,0.052,9.8062,0.1992,0.0799,-0.1007,13.69,-34.69,16.56,46.18,-82.35,177.63
52.37795,-1.479345,132.25,24.42,4,248.14,21 / 22,3366510,2019-09-06 20:16:12:253,-1.0762,-0.1723,8.787,-0.0785,-0.1016,9.8057,-0.3436,0.0253,0.0328,13.75,-34.44,15.5,47.19,-81.96,176.23
52.37795,-1.479345,132.25,24.42,4,248.14,21 / 22,3366609,2019-09-06 20:16:12:352,-0.6775,1.096,9.1052,-0.0607,-0.0576,9.8062,0.0879,-0.0086,-0.1595,13.81,-34.5,15.63,46.23,-82.23,175.75
52.37795,-1.479345,132.25,24.42,4,248.14,21 / 22,3366710,2019-09-06 20:16:12:453,-0.1167,1.382,9.702,0.0055,-0.0088,9.8066,-0.015,0.0304,-0.0106,14.75,-34.56,15.56,47.42,-82.32,174.93
52.37795,-1.479345,132.25,24.42,4,248.14,21 / 22,3366810,2019-09-06 20:16:12:553,0.4648,1.0208,10.2511,0.024,0.0181,9.8065,-0.0873,-0.017,-0.0173,15.75,-34.31,14.31,54.88,-82.11,175.4
52.37795,-1.479345,132.25,24.42,4,248.14,21 / 22,3366910,2019-09-06 20:16:12:653,-0.9236,1.4835,10.7768,0.0278,0.0067,9.8066,0.1262,-0.0821,-0.0157,15.19,-34.19,14.19,53.67,-82,175.66
52.37795,-1.479345,132.25,24.42,4,248.14,21 / 22,3367010,2019-09-06 20:16:12:753,-0.4896,1.5774,9.7246,0.0375,0.0078,9.8065,0.0761,-0.0659,0.0028,16.81,-35.5,13.31,58.22,-82.1,174.29
52.37795,-1.479345,132.25,24.42,4,248.14,21 / 22,3367110,2019-09-06 20:16:12:853,0.6993,1.3901,9.9089,-0.0108,-0.0222,9.8066,-0.1925,-0.0663,0.0156,17.63,-37.56,12.5,59.18,-81.97,172.83
52.37795,-1.479345,132.25,24.42,4,248.14,21 / 22,3367210,2019-09-06 20:16:12:953,-1.1436,1.1173,9.4711,0.0049,0.0049,9.8066,-0.11,-0.006,-0.0448,18.13,-40.12,12.38,62.12,-82.08,172.46
52.37795,-1.479345,132.25,24.42,4,248.14,21 / 22,3367310,2019-09-06 20:16:13:053,-0.5103,1.7451,9.9654,-0.0042,-0.0076,9.8066,0.0082,-0.0063,-0.0225,15.69,-44.06,13.75,54.69,-82.07,172.06
52.37795,-1.479345,132.25,24.42,4,248.14,21 / 22,3367410,2019-09-06 20:16:13:153,-1.0206,1.0603,9.4972,-0.0305,-0.0331,9.8065,0.0116,-0.0179,-0.045,13.56,-45,15.19,47.59,-81.93,171.08
52.37795,-1.479345,132.25,24.42,4,248.14,21 / 22,3367509,2019-09-06 20:16:13:252,-0.0971,0.9321,10.1041,0.0121,0.001,9.8065,0.0495,-0.0511,-0.0442,13.25,-44.5,16.38,40.08,-81.96,169.58
52.37795,-1.479345,132.25,24.42,4,248.14,21 / 22,3367610,2019-09-06 20:16:13:353,-1.1792,-0.3728,9.2004,0.0089,0.0023,9.8066,0.0818,-0.0537,0.0546,11.81,-45.37,17.69,31.74,-81.99,169.01
52.37795,-1.479345,132.25,24.42,4,248.14,21 / 22,3367710,2019-09-06 20:16:13:453,-0.9184,0.9532,10.2737,0.0051,-0.0179,9.8066,-0.1657,-0.0531,-0.0103,10,-43.94,20.31,20.34,-81.92,168.06
52.37795,-1.479345,132.25,24.42,4,248.14,21 / 22,3367809,2019-09-06 20:16:13:552,-0.9419,1.8235,9.3318,0.0253,0.0058,9.8066,-0.0506,-0.0619,-0.0856,8.44,-39.62,20.81,9.78,-82.02,166.42
52.37795,-1.479345,132.25,24.42,4,248.14,21 / 22,3367909,2019-09-06 20:16:13:652,-1.2567,0.2316,10.2379,0.0007,-0.0186,9.8065,0.1262,-0.0188,0.0317,9.56,-36.5,20.56,14.39,-81.88,165.67
52.37795,-1.479345,132.25,24.42,4,248.14,21 / 22,3368010,2019-09-06 20:16:13:753,-1.5987,-0.7989,10.2271,-0.0108,-0.0297,9.8066,0.0999,-0.0437,-0.0408,11.06,-35,19.88,18.19,-81.78,165.28
52.37795,-1.479345,132.25,24.42,4,248.14,21 / 22,3368110,2019-09-06 20:16:13:853,-0.411,1.3085,9.8406,0.0042,-0.0137,9.8066,-0.0067,-0.0545,-0.0779,12.25,-33.94,19.75,19.37,-81.76,164.24
52.37795,-1.479345,132.25,24.42,4,248.14,21 / 22,3368210,2019-09-06 20:16:13:953,0.3208,-0.1144,9.3868,0.0216,-0.0068,9.8065,0.0708,-0.0452,-0.0021,13.5,-33.69,17.56,25.81,-81.74,162.34
52.37795,-1.479345,132.25,24.42,4,248.14,21 / 22,3368309,2019-09-06 20:16:14:052,-0.3118,0.7172,9.6011,0.0073,0.0099,9.8066,-0.1169,-0.0433,0.0078,14.31,-33.81,16.75,26.04,-81.85,160.81
52.37795,-1.479345,132.25,24.42,4,248.14,21 / 22,3368410,2019-09-06 20:16:14:153,0.4282,-0.0213,9.8489,0.0028,0.0064,9.8066,0.012,-0.0274,-0.0711,14.81,-33.62,16.63,28.92,-81.7,161.22
52.37795,-1.479345,132.25,24.42,4,248.14,21 / 22,3368509,2019-09-06 20:16:14:252,-0.2541,0.3664,9.2675,0.0158,-0.0033,9.8066,-0.0421,0.0088,0.0693,14.94,-34.5,16.75,29.29,-81.55,161.4
52.37795,-1.479345,132.25,24.42,4,248.14,21 / 22,3368610,2019-09-06 20:16:14:353,0.0895,1.5521,9.1616,0.0106,0.003,9.8066,0.0765,0.0304,-0.0479,15.5,-34.5,16.19,32.38,-81.66,160.38
52.37795,-1.479345,132.25,24.42,4,248.14,21 / 22,3368709,2019-09-06 20:16:14:452,-0.9082,-0.3127,10.2353,0.0202,-0.0002,9.8066,0.0562,-0.0332,-0.0331,15.25,-34,15.88,29.48,-81.7,159.73
52.37795,-1.479345,132.25,24.42,4,248.14,21 / 22,3368810,2019-09-06 20:16:14:553,0.9139,0.8405,10.6152,-0.0057,0.0065,9.8066,0.2064,-0.0939,0.1113,15.31,-34.25,16.06,29.25,-81.69,159.53
52.37795,-1.479345,132.25,24.42,4,248.14,21 / 22,3368910,2019-09-06 20:16:14:653,0.3377,-0.5412,9.4892,0.0023,0.0255,9.8066,-0.0117,0.0901,-0.0566,15.5,-34.5,15.69,31.52,-81.8,159.81
52.37795,-1.479345,132.25,24.42,4,248.14,21 / 22,3369009,2019-09-06 20:16:14:752,0.4838,0.0149,10.1447,0.0456,0.0238,9.8065,-0.0051,-0.0354,0.129,15.63,-34.25,15.31,33.87,-81.93,159.77
52.37795,-1.479345,132.25,24.42,4,248.14,21 / 22,3369110,2019-09-06 20:16:14:853,0.6299,0.183,9.7216,-0.0289,-0.0103,9.8065,0.0398,0.0191,-0.0642,15.56,-33.25,15.69,32.64,-81.72,160.85
52.37795,-1.479345,132.25,24.42,4,248.14,21 / 22,3369210,2019-09-06 20:16:14:953,0.1219,-0.6479,10.2132,-0.0138,-0.013,9.8066,-0.0087,-0.0347,0.1091,15.81,-33.37,15.88,33.33,-81.7,161.39
52.37795,-1.479345,132.25,24.42,4,248.14,21 / 22,3369310,2019-09-06 20:16:15:053,0.3566,0.6298,9.8413,-0.0095,-0.01,9.8066,-0.1043,-0.016,-0.1114,15.13,-33.81,15.38,33.84,-81.61,161.05
52.37795,-1.479345,132.25,24.42,4,248.14,20 / 22,3369409,2019-09-06 20:16:15:152,-0.9241,2.4631,8.9367,-0.0322,-0.0164,9.8066,0.0905,-0.1012,0.0629,15.38,-33.81,15.88,32.39,-81.65,162.02
52.37795,-1.479345,132.25,24.42,4,248.14,20 / 22,3369510,2019-09-06 20:16:15:253,-0.7746,0.7927,9.1676,0.0501,0.0458,9.8063,-0.2235,-0.0278,-0.0129,14.63,-35,15,32.95,-82.16,160.65
52.37795,-1.479345,132.25,24.42,4,248.14,20 / 22,3369609,2019-09-06 20:16:15:352,0.0174,0.6329,9.0261,0.0334,0.0244,9.8065,-0.0482,-0.0669,-0.017,14.44,-34.62,16.38,28.14,-82.16,160.64
52.37795,-1.479345,132.25,24.42,4,248.14,20 / 22,3369710,2019-09-06 20:16:15:453,0.1484,1.1178,10.652,0.0057,-0.0174,9.8066,0.0659,-0.0181,-0.0424,15.44,-33.94,16.13,28.9,-82.05,159.55
52.37795,-1.479345,132.25,24.42,4,248.14,20 / 22,3369810,2019-09-06 20:16:15:553,-0.8691,0.8317,10.9137,-0.031,-0.0188,9.8065,0.0812,0.0168,0.0172,16.44,-33.25,15.19,32.46,-81.86,158.76
52.37795,-1.479345,132.25,24.42,4,248.14,20 / 22,3369910,2019-09-06 20:16:15:653,-0.6629,0.4604,10.6153,-0.0331,-0.0116,9.8065,0.0692,-0.039,-0.0008,15.63,-33.19,15.31,34.53,-81.58,160.19
52.37795,-1.479345,132.25,24.42,4,248.14,20 / 22,3370010,2019-09-06 20:16:15:753,-1.6043,1.3101,9.6581,-0.0257,0.0002,9.8066,0.0349,-0.0852,0.0539,15.94,-33.81,15.63,33.18,-81.69,161.06
52.37795,-1.479345,132.25,24.42,4,248.14,20 / 22,3370110,2019-09-06 20:16:15:853,-0.3642,0.193,9.8456,0.0145,0.0136,9.8066,-0.0423,-0.0651,0.0394,15.69,-33,15.31,34.79,-81.98,160.78
52.37795,-1.479345,132.25,24.42,4,248.14,20 / 22,3370210,2019-09-06 20:16:15:953,-0.4407,-0.1249,9.3288,-0.0002,-0.0041,9.8066,-0.11,-0.0201,-0.042,15.81,-33.06,14.75,34.99,-81.91,160.87
52.37795,-1.479345,132.25,24.42,4,248.14,20 / 22,3370310,2019-09-06 20:16:16:053,-0.3004,0.8973,9.8579,0.0027,0.0146,9.8065,0.0001,-0.0657,0.0573,15.69,-33.19,15.38,36.1,-81.93,161.81
52.37795,-1.479345,132.25,24.42,4,248.14,20 / 22,3370409,2019-09-06 20:16:16:152,-0.265,1.2268,10.192,0.0254,0.0054,9.8065,0.0763,0.023,-0.0279,16.19,-32.94,14.88,35.54,-82.03,161.45
52.37795,-1.479345,132.25,24.42,4,248.14,20 / 22,3370510,2019-09-06 20:16:16:253,-1.1823,0.0274,9.7929,-0.0078,-0.0175,9.8066,0.0413,-0.0167,-0.0647,15.38,-33.25,15.19,32.99,-81.81,160.78
52.37795,-1.479345,132.25,24.42,4,248.14,20 / 22,3370610,2019-09-06 20:16:16:353,-0.8368,0.3948,9.7922,-0.018,0.002,9.8066,0.1046,-0.028,0.0574,15.5,-33.19,14.81,35.33,-81.89,161.13
52.37795,-1.479345,132.25,24.42,4,248.14,20 / 22,3370710,2019-09-06 20:16:16:453,-0.0023,2.5672,10.4242,-0.011,-0.0114,9.8066,0.0026,-0.0283,-0.0566,15.44,-32.81,15.13,34.51,-81.91,162.09
52.37795,-1.479345,132.25,24.42,4,248.14,20 / 22,3370810,2019-09-06 20:16:16:553,-0.6547,0.3187,9.8563,-0.0077,-0.0147,9.8066,-0.1706,-0.0411,-0.0898,15.56,-32.81,14.38,38.39,-81.86,161.42
52.37795,-1.479345,132.25,24.42,4,248.14,20 / 22,3370910,2019-09-06 20:16:16:653,-0.3746,1.7994,9.5328,-0.003,0.0136,9.8066,-0.0224,-0.0488,0.0412,15.63,-32.75,14.19,38.29,-81.91,161.39
52.37795,-1.479345,132.25,24.42,4,248.14,20 / 22,3371009,2019-09-06 20:16:16:752,-0.8239,0.7751,9.1265,0.0166,0.014,9.8065,0.0499,-0.036,0.0033,15.56,-32.94,14.06,38.73,-82.16,162.01
52.37795,-1.479345,132.25,24.42,4,248.14,20 / 22,3371110,2019-09-06 20:16:16:853,0.3097,0.8665,10.1027,-0.0222,0.0008,9.8066,0.196,-0.0555,0.1082,15.31,-33.12,14.31,37.96,-82.19,162.98
52.37795,-1.479345,132.25,24.42,4,248.14,20 / 22,3371210,2019-09-06 20:16:16:953,-1.7107,1.0269,9.4384,0.0002,-0.0086,9.8066,0.0949,-0.0687,0.02,15.13,-33,13.88,38.9,-82.17,163.72
52.37795,-1.479345,132.25,24.42,4,248.14,20 / 22,3371310,2019-09-06 20:16:17:053,0.9934,2.0968,10.6286,-0.0031,-0.0056,9.8065,0.0389,-0.0522,0.0568,15.06,-33,14.38,37.82,-82.09,162.75
52.37727,-1.482398,130.89,24.41,4,255.83,21 / 22,3371409,2019-09-06 20:16:17:152,0.0091,1.6506,10.6545,0.0136,0.0128,9.8066,-0.008,0.0248,0.0022,15.06,-32.87,14.63,35.87,-82.06,163.35
52.37727,-1.482398,130.89,24.41,4,255.83,21 / 22,3371509,2019-09-06 20:16:17:252,1.1704,0.9572,10.0751,0.0474,0.022,9.8064,0.0062,0.0389,-0.0352,15.5,-33.31,14.31,41.3,-81.78,163.73
52.37727,-1.482398,130.89,24.41,4,255.83,21 / 22,3371610,2019-09-06 20:16:17:353,-0.2742,0.7771,10.313,0.0556,0.0371,9.8063,0.1028,-0.1051,0.0114,15.25,-33.56,14.44,38.39,-82.04,162.92
52.37727,-1.482398,130.89,24.41,4,255.83,21 / 22,3371710,2019-09-06 20:16:17:453,0.2243,0.3862,8.9795,-0.0085,-0.0012,9.8066,0.0355,-0.0564,0.0059,15.38,-33.19,14.19,39.09,-81.94,163.63
52.37727,-1.482398,130.89,24.41,4,255.83,21 / 22,3371810,2019-09-06 20:16:17:553,0.3314,1.3325,9.6996,-0.0016,0.0059,9.8066,0.0038,-0.0657,0.041,15.06,-33.87,13.94,39.17,-82.09,163.61
52.37727,-1.482398,130.89,24.41,4,255.83,21 / 22,3371909,2019-09-06 20:16:17:652,0.4313,0.6405,9.8582,-0.0089,-0.0115,9.8065,-0.1016,-0.0655,-0.0628,15.06,-33.19,13.44,41.82,-82.1,163.66
52.37727,-1.482398,130.89,24.41,4,255.83,21 / 22,3372009,2019-09-06 20:16:17:752,-0.3592,0.2738,9.2801,-0.0137,-0.015,9.8066,0.0487,-0.0088,0.0755,15.13,-33.5,13.06,41.13,-82.1,163.09
52.37727,-1.482398,130.89,24.41,4,255.83,21 / 22,3372109,2019-09-06 20:16:17:852,-0.6658,0.9794,10.0202,0.0246,-0.0013,9.8065,0.0463,-0.0382,-0.0652,15.75,-33.94,14,41.47,-81.93,163.79
52.37727,-1.482398,130.89,24.41,4,255.83,21 / 22,3372209,2019-09-06 20:16:17:952,0.5966,0.4231,10.1654,0.0086,-0.0013,9.8066,0.1887,-0.0752,0.0308,15.63,-33.19,13.94,39.55,-81.92,162.44
52.37727,-1.482398,130.89,24.41,4,255.83,21 / 22,3372310,2019-09-06 20:16:18:053,0.2803,0.7739,9.5384,-0.0254,-0.0134,9.8066,-0.0772,-0.0479,-0.0432,15.56,-32.87,14.06,41.04,-81.66,163.39
52.37727,-1.482398,130.89,24.41,4,255.83,21 / 22,3372409,2019-09-06 20:16:18:152,-0.4063,0.7692,9.4975,0.0034,0.0166,9.8066,-0.0541,-0.0368,0.0299,15.13,-33.12,14.19,39.8,-81.75,164
52.37727,-1.482398,130.89,24.41,4,255.83,21 / 22,3372510,2019-09-06 20:16:18:253,-0.9778,0.2461,9.1857,0.0242,0.0057,9.8066,-0.0311,0.0294,-0.0265,15.56,-33.37,13.81,41.08,-81.96,163.75
52.37727,-1.482398,130.89,24.41,4,255.83,21 / 22,3372609,2019-09-06 20:16:18:352,-0.9311,0.7241,9.2985,0.0097,0.0041,9.8065,0.0294,-0.0486,-0.0424,15.75,-32.81,13.25,43.3,-82.03,163.32
52.37727,-1.482398,130.89,24.41,4,255.83,21 / 22,3372710,2019-09-06 20:16:18:453,0.2142,0.403,9.7435,0.0145,0.0099,9.8065,0.131,-0.0387,0.0509,15.5,-32.75,13.56,39.88,-82.17,162.98
52.37727,-1.482398,130.89,24.41,4,255.83,21 / 22,3372810,2019-09-06 20:16:18:553,-1.7565,0.2205,10.3856,0.0079,0.0236,9.8066,0.0092,-0.0094,-0.0315,15.94,-33.12,14,41.36,-82.16,164.21
52.37727,-1.482398,130.89,24.41,4,255.83,21 / 22,3372910,2019-09-06 20:16:18:653,-1.278,-0.0611,10.4624,-0.0311,-0.0202,9.8065,-0.0417,-0.0235,0.0335,15.5,-32.87,13.44,44.57,-82.07,164.43
52.37727,-1.482398,130.89,24.41,4,255.83,21 / 22,3373010,2019-09-06 20:16:18:753,0.714,0.7879,10.2366,-0.0239,-0.0169,9.8065,-0.1006,0.0277,-0.0413,15.19,-33.37,13.63,40.93,-81.78,164.97
52.37727,-1.482398,130.89,24.41,4,255.83,21 / 22,3373110,2019-09-06 20:16:18:853,-1.7505,0.4461,9.1997,0.0074,0.0117,9.8066,0.0647,-0.0448,0.0328,15.5,-33,13.69,42.33,-81.92,164.75
52.37727,-1.482398,130.89,24.41,4,255.83,21 / 22,3373210,2019-09-06 20:16:18:953,0.3045,-0.0713,10.0381,0.0005,0.0049,9.8066,0.0594,0.0001,-0.004,15.56,-32.87,13.25,45.64,-81.97,165.2
52.37727,-1.482398,130.89,24.41,4,255.83,21 / 22,3373309,2019-09-06 20:16:19:052,-0.2229,0.1032,9.2279,-0.0158,-0.011,9.8066,-0.085,-0.0631,0.067,14.75,-32.94,13.5,41.45,-82.11,165.77
52.37727,-1.482398,130.89,24.41,4,255.83,21 / 22,3373410,2019-09-06 20:16:19:153,-0.4636,1.2471,9.618,-0.019,0,9.8066,-0.0972,-0.0027,-0.0579,15.31,-33.19,13.06,45,-82.19,166.41
52.37727,-1.482398,130.89,24.41,4,255.83,21 / 22,3373510,2019-09-06 20:16:19:253,0.5668,0.5631,10.2844,-0.0173,-0.0106,9.8066,0.0141,-0.0086,0.0138,15.69,-32.81,12.94,45.44,-82.2,165.33
52.37727,-1.482398,130.89,24.41,4,255.83,21 / 22,3373609,2019-09-06 20:16:19:352,0.1077,0.456,10.2535,-0.0327,-0.0203,9.8065,0.074,-0.0257,0.0224,14.94,-33.25,14.13,42.34,-81.86,166.21
52.37727,-1.482398,130.89,24.41,4,255.83,21 / 22,3373710,2019-09-06 20:16:19:453,-0.8367,0.4685,10.4063,0.0232,0.0262,9.8066,0.1049,-0.0651,-0.052,15.81,-32.81,13,47.34,-82.01,166.69
52.37727,-1.482398,130.89,24.41,4,255.83,21 / 22,3373810,2019-09-06 20:16:19:553,1.1844,-0.1336,9.5942,0.0235,0.0145,9.8066,0.0516,-0.0825,0.0877,15.25,-33.19,13.06,45.96,-81.98,166.94
52.37727,-1.482398,130.89,24.41,4,255.83,21 / 22,3373910,2019-09-06 20:16:19:653,1.4898,0.1382,9.6274,0.0211,0.0339,9.8065,-0.0013,-0.0458,-0.0441,15.25,-32.81,12.69,46.9,-82.12,167.92
52.37727,-1.482398,130.89,24.41,4,255.83,21 / 22,3374010,2019-09-06 20:16:19:753,0.615,1.4502,10.2237,0.0177,0.0045,9.8066,-0.0014,-0.0523,0.0988,15.25,-32.5,13.19,47.65,-82.04,168.74
52.37727,-1.482398,130.89,24.41,4,255.83,21 / 22,3374109,2019-09-06 20:16:19:852,-0.1778,-0.5748,9.6973,0.0079,0.0127,9.8066,0.0201,-0.0101,-0.0565,15.75,-32.81,12.31,52.8,-82.03,168.84
52.37727,-1.482398,130.89,24.41,4,255.83,21 / 22,3374211,2019-09-06 20:16:19:954,-0.0085,0.2961,9.5723,-0.0064,-0.0043,9.8066,0.1192,-0.0321,0.053,14.75,-33.25,12.19,52.1,-82.03,169.59
52.37727,-1.482398,130.89,24.41,4,255.83,21 / 22,3374310,2019-09-06 20:16:20:053,0.3704,1.6814,9.3709,0.0355,0.0199,9.8065,0.0118,-0.0392,-0.0077,15,-33.87,12.63,48.46,-82.17,169
52.37727,-1.482398,130.89,24.41,4,255.83,20 / 22,3374410,2019-09-06 20:16:20:153,0.3415,-0.7939,10.6628,-0.0244,-0.0157,9.8066,-0.1379,-0.0816,-0.0442,15,-33.62,12.69,47.55,-82.2,168.27
52.37727,-1.482398,130.89,24.41,4,255.83,20 / 22,3374510,2019-09-06 20:16:20:253,-1.1063,-0.4076,9.5081,-0.0029,-0.0155,9.8065,-0.0034,-0.0272,0.0209,15.44,-33.69,12.63,47.94,-82.03,168.37
52.37727,-1.482398,130.89,24.41,4,255.83,20 / 22,3374609,2019-09-06 20:16:20:352,-1.2867,1.009,9.487,-0.0051,-0.0102,9.8066,-0.0092,0.0285,-0.0667,15,-33.87,12.81,46.63,-82.17,167.47
52.37727,-1.482398,130.89,24.41,4,255.83,20 / 22,3374710,2019-09-06 20:16:20:453,0.0201,-0.7651,10.0127,0.0025,-0.0142,9.8066,0.1024,-0.0619,0.0557,14.88,-32.94,12.31,49.11,-82.16,167.25
52.37727,-1.482398,130.89,24.41,4,255.83,20 / 22,3374810,2019-09-06 20:16:20:553,-1.0092,0.2332,10.014,-0.0347,-0.0065,9.8066,0.0632,-0.0023,-0.0264,14.75,-33.25,12.06,48.9,-82.03,166.88
52.37727,-1.482398,130.89,24.41,4,255.83,20 / 22,3374910,2019-09-06 20:16:20:653,-0.3396,1.2039,10.1473,0.0315,0.0256,9.8065,0.0438,-0.0575,0.0375,14.63,-33.5,12.56,46.6,-82.14,167.69
52.37727,-1.482398,130.89,24.41,4,255.83,20 / 22,3375010,2019-09-06 20:16:20:753,-0.8392,-0.0064,9.6087,0.0326,0.0257,9.8066,-0.0727,0.0334,0.0446,14.13,-32.81,11.75,48.12,-82.15,167.91
52.37727,-1.482398,130.89,24.41,4,255.83,20 / 22,3375109,2019-09-06 20:16:20:852,0.5195,0.2794,9.4138,-0.0269,-0.004,9.8066,-0.0932,0.0263,-0.0431,14.38,-33.25,11.75,49.17,-82.14,168.77
52.37727,-1.482398,130.89,24.41,4,255.83,20 / 22,3375209,2019-09-06 20:16:20:952,0.706,-0.1148,9.5924,-0.0261,-0.0078,9.8066,0.0298,-0.0372,0.0704,14.44,-33.12,11.88,50.3,-82.16,169.75
52.37727,-1.482398,130.89,24.41,4,255.83,20 / 22,3375309,2019-09-06 20:16:21:052,-0.4516,-0.3964,9.565,-0.0135,0.0069,9.8065,0.0323,0.047,-0.0828,14.5,-33.87,12.69,49.41,-82.12,169.73
52.37727,-1.482398,130.89,24.41,4,255.83,20 / 21,3375409,2019-09-06 20:16:21:152,0.29,0.7775,9.949,-0.0146,-0.0214,9.8066,0.0266,-0.0563,-0.0277,14.56,-33.25,12.69,49.75,-82.02,170.19
52.37727,-1.482398,130.89,24.41,4,255.83,20 / 21,3375510,2019-09-06 20:16:21:253,-0.4374,1.1713,10.1663,0.0389,0.0178,9.8065,-0.1075,-0.0569,0.0075,14.81,-33.12,12.25,50.79,-82.2,168.73
52.37727,-1.482398,130.89,24.41,4,255.83,20 / 21,3375609,2019-09-06 20:16:21:352,-0.8889,-0.6192,10.2174,0.0369,0.0236,9.8065,-0.1265,-0.0854,0.061,15.69,-32.62,12.5,49.86,-82.23,169.12
52.37727,-1.482398,130.89,24.41,4,255.83,20 / 21,3375710,2019-09-06 20:16:21:453,1.0697,0.1501,9.7877,-0.0399,-0.0021,9.8065,0.0184,0.0448,0.064,15.94,-32.44,12,54.55,-81.97,170.59
52.37727,-1.482398,130.89,24.41,4,255.83,20 / 21,3375810,2019-09-06 20:16:21:553,-0.2528,0.8579,8.9241,-0.0031,0.0046,9.8066,-0.0088,-0.0431,0.0521,15.63,-32.75,11.88,55.39,-82.12,171.2
52.37727,-1.482398,130.89,24.41,4,255.83,20 / 21,3375910,2019-09-06 20:16:21:653,-0.5487,1.8161,9.6733,0.0092,0.0137,9.8066,0.0198,-0.1256,0.0153,15.63,-32.69,11.81,56.75,-82.24,172.58
52.37727,-1.482398,130.89,24.41,4,255.83,20 / 21,3376010,2019-09-06 20:16:21:753,0.4754,1.1209,10.4814,-0.0123,-0.0087,9.8066,-0.0166,-0.0619,-0.0385,15.25,-32.81,11.56,54.87,-82.32,172.4
52.37727,-1.482398,130.89,24.41,4,255.83,20 / 21,3376110,2019-09-06 20:16:21:853,-0.3072,1.2748,10.9781,0.0259,0.0127,9.8065,-0.1285,0.004,0.0129,15.38,-33.31,11.5,54.39,-82.32,171.98
52.37727,-1.482398,130.89,24.41,4,255.83,20 / 21,3376210,2019-09-06 20:16:21:953,-0.7908,0.6792,10.4978,0.0433,0.0291,9.8064,-0.0509,-0.0274,0.0124,15.56,-33.06,12.25,56.87,-82.23,172.67
52.37727,-1.482398,130.89,24.41,4,255.83,20 / 21,3376309,2019-09-06 20:16:22:052,0.1612,0.5286,9.3218,-0.0289,-0.0146,9.8066,0.0831,-0.0292,0.0137,15.69,-33.06,11.19,60.68,-82.06,173.05
52.37727,-1.482398,130.89,24.41,4,255.83,20 / 21,3376410,2019-09-06 20:16:22:153,0.4418,0.5338,9.6035,0.0094,0.0063,9.8065,0.0549,-0.0197,-0.0548,15.69,-32.69,11.38,59.36,-82.25,172.19
52.37727,-1.482398,130.89,24.41,4,255.83,20 / 21,3376509,2019-09-06 20:16:22:252,-0.2123,0.6311,10.0198,0.0062,-0.0003,9.8066,0.0545,-0.0682,0.0117,15.44,-33.44,10.69,58.33,-82.26,172.53
52.37727,-1.482398,130.89,24.41,4,255.83,20 / 21,3376610,2019-09-06 20:16:22:353,0.182,0.5506,9.5131,-0.0133,-0.0074,9.8066,-0.0532,-0.0439,-0.0346,15.75,-33.12,11.13,58.96,-82.21,171.77
52.37727,-1.482398,130.89,24.41,4,255.83,20 / 21,3376709,2019-09-06 20:16:22:452,-1.0136,-0.085,9.9,0.0023,0.0073,9.8066,0.0122,-0.0444,0.0434,15.38,-33.31,11.69,54.89,-82.25,172.31
52.37727,-1.482398,130.89,24.41,4,255.83,20 / 21,3376809,2019-09-06 20:16:22:552,0.0708,-0.1522,10.1793,0.0137,0.0074,9.8066,0.1147,0.0302,-0.0785,15.25,-32.81,10.69,57.97,-82.21,172.13
52.37727,-1.482398,130.89,24.41,4,255.83,20 / 21,3376910,2019-09-06 20:16:22:653,-0.273,-0.2947,10.1444,0.0128,-0.0002,9.8065,-0.0983,-0.0072,0.0065,15.75,-33.94,11.31,58.98,-82.26,171.53
52.37727,-1.482398,130.89,24.41,4,255.83,20 / 21,3377010,2019-09-06 20:16:22:753,-0.4297,0.9973,9.693,0.0043,-0.0022,9.8066,0.1086,-0.009,0.1096,15.63,-33.94,11.31,59.12,-82.29,171.68
52.37727,-1.482398,130.89,24.41,4,255.83,20 / 21,3377110,2019-09-06 20:16:22:853,-2.1497,0.9407,9.8439,0.0155,-0.0155,9.8066,-0.1325,-0.034,-0.1345,15.75,-33.12,11,58.51,-82.26,171.45
52.37727,-1.482398,130.89,24.41,4,255.83,20 / 21,3377210,2019-09-06 20:16:22:953,0.4446,-0.554,10.0056,-0.0165,0.0021,9.8066,-0.0935,-0.1038,0.0639,15.88,-32.69,10.88,57.38,-82.17,170.32
52.37727,-1.482398,130.89,24.41,4,255.83,20 / 21,3377309,2019-09-06 20:16:23:052,0.8157,0.1927,10.1921,0.0132,0.0044,9.8065,-0.0183,-0.0136,0.0069,16.69,-33.31,11.06,58.12,-82.15,169.81
52.37727,-1.482398,130.89,24.41,4,255.83,20 / 21,3377410,2019-09-06 20:16:23:153,1.1534,0.2415,9.8213,0.0072,0.0079,9.8066,-0.0889,0.0054,-0.0292,16.06,-32.44,11.19,57.2,-82.07,170.37
52.37727,-1.482398,130.89,24.41,4,255.83,20 / 21,3377509,2019-09-06 20:16:23:252,0.488,0.1852,9.3429,0.0083,0.0067,9.8066,0.0275,-0.0476,0.0196,16.38,-32.87,11.5,54.62,-82.07,170.46
52.37727,-1.482398,130.89,24.41,4,255.83,20 / 21,3377610,2019-09-06 20:16:23:353,-0.9462,0.165,9.7941,-0.0189,0.0033,9.8065,0.1311,-0.0639,0.0518,15.94,-33.37,10.5,57.41,-82.13,170.29
52.37727,-1.482398,130.89,24.41,4,255.83,20 / 21,3377710,2019-09-06 20:16:23:453,-0.6856,0.8024,9.7229,-0.0007,0.0062,9.8066,-0.0985,-0.0601,0.0518,16.25,-32.81,10.5,58.53,-82.11,171.24
52.37727,-1.482398,130.89,24.41,4,255.83,20 / 21,3377810,2019-09-06 20:16:23:553,0.3019,-0.9331,9.8711,-0.0186,0.0001,9.8066,-0.0738,0.0096,-0.0321,15.69,-33.81,9.94,62.88,-82.07,171.78
52.37727,-1.482398,130.89,24.41,4,255.83,20 / 21,3377909,2019-09-06 20:16:23:652,-0.3759,0.9275,10.0901,0.012,0.0225,9.8065,0.0152,-0.038,0.0568,15.81,-33.87,10.69,59.63,-82.22,172.01
52.37727,-1.482398,130.89,24.41,4,255.83,20 / 21,3378010,2019-09-06 20:16:23:753,0.7618,-0.1882,10.3492,0.0402,0.0152,9.8065,0.0078,0.0398,-0.0506,15.81,-34.06,11.19,60.14,-82.27,172.56
52.37727,-1.482398,130.89,24.41,4,255.83,20 / 21,3378110,2019-09-06 20:16:23:853,0.2323,0.3534,9.9987,-0.0134,0.002,9.8066,0.0622,-0.0959,0.0834,16.06,-34.37,10.69,60.77,-82.29,173.14
52.37727,-1.482398,130.89,24.41,4,255.83,20 / 21,3378209,2019-09-06 20:16:23:952,-0.2379,-0.4349,10.0991,0.0067,0.0008,9.8065,0.0778,-0.092,0.0279,16.31,-33.94,10.94,61.2,-82.24,173.45
52.37727,-1.482398,130.89,24.41,4,255.83,20 / 21,3378310,2019-09-06 20:16:24:053,-0.3131,0.3903,9.7903,-0.0289,-0.0109,9.8066,-0.1552,-0.0116,-0.0266,16.44,-33.75,10.5,62.76,-82.06,174.54
52.37727,-1.482398,130.89,24.41,4,255.83,20 / 21,3378409,2019-09-06 20:16:24:152,0.8011,0.3363,9.6947,-0.0484,-0.0137,9.8064,-0.15,0.0106,0.0136,15.88,-33.81,10.5,63.12,-82,174.75
52.37727,-1.482398,130.89,24.41,4,255.83,20 / 21,3378510,2019-09-06 20:16:24:253,-0.0561,1.0398,10.4036,0.0301,0.0115,9.8065,0.1566,-0.0007,0.0044,16.19,-33.69,10.5,62.34,-82.23,174.43
52.37727,-1.482398,130.89,24.41,4,255.83,20 / 21,3378610,2019-09-06 20:16:24:353,0.9015,0.1383,10.9904,0.0251,0.0123,9.8065,0.0816,0.0234,-0.0388,15.56,-34.25,10.63,62.65,-82.16,174.6
52.37727,-1.482398,130.89,24.41,4,255.83,20 / 21,3378710,2019-09-06 20:16:24:453,0.77,-0.16,9.6738,-0.0158,0.0048,9.8066,-0.0275,-0.1068,0.0903,15.94,-33.56,10.25,66.31,-82.09,174.87
52.37727,-1.482398,130.89,24.41,4,255.83,20 / 21,3378810,2019-09-06 20:16:24:553,0.2657,0.0839,8.9362,-0.0011,-0.0022,9.8066,-0.1094,-0.1259,0.0474,16.25,-34,11.06,64.03,-82.09,175.71
52.37727,-1.482398,130.89,24.41,4,255.83,20 / 21,3378910,2019-09-06 20:16:24:653,-0.2611,0.5203,10.0264,-0.0008,-0.0001,9.8066,-0.0614,-0.006,-0.0155,16.19,-34.31,9.88,67.42,-82.24,176.15
52.37727,-1.482398,130.89,24.41,4,255.83,20 / 21,3379009,2019-09-06 20:16:24:752,-0.0932,-0.9998,9.6193,-0.0198,-0.014,9.8066,-0.0389,0.0551,-0.0291,15.88,-34.25,10.06,67.02,-82.16,175.65
52.37727,-1.482398,130.89,24.41,4,255.83,20 / 21,3379110,2019-09-06 20:16:24:853,0.2588,0.5426,9.9853,0.0249,0.0175,9.8066,0.0883,-0.0645,0.0414,16,-34.62,10.38,67.27,-82.27,175.69
52.37727,-1.482398,130.89,24.41,4,255.83,20 / 21,3379209,2019-09-06 20:16:24:952,0.5544,0.287,10.3633,0.011,0.0051,9.8066,-0.0033,-0.0882,0.0428,17,-34.75,10.56,65.81,-82.2,176.06
52.37727,-1.482398,130.89,24.41,4,255.83,20 / 21,3379309,2019-09-06 20:16:25:052,0.4444,0.3099,10.1989,-0.0033,-0.0029,9.8066,0.046,-0.0764,-0.0025,16.44,-34.19,10.06,67.8,-82.18,176.39
52.37727,-1.482398,130.89,24.41,4,255.83,22 / 23,3379409,2019-09-06 20:16:25:152,-1.0801,0.5833,9.5832,0.0047,-0.0096,9.8065,-0.08,0.021,0.0193,17,-34.37,9.88,68.35,-82.09,175.78
52.37727,-1.482398,130.89,24.41,4,255.83,22 / 23,3379510,2019-09-06 20:16:25:253,-0.1399,-0.0855,9.4523,-0.0095,0.0118,9.8065,-0.0093,-0.0355,0.1754,16.38,-34.19,9.94,67.01,-82.11,175.54
52.37727,-1.482398,130.89,24.41,4,255.83,22 / 23,3379609,2019-09-06 20:16:25:352,0.6834,-0.6284,9.4249,-0.0294,0.0073,9.8065,-0.0219,0.0304,-0.0632,16.06,-34.19,10.25,68.98,-82.04,177.21
52.37727,-1.482398,130.89,24.41,4,255.83,22 / 23,3379710,2019-09-06 20:16:25:453,-0.0162,0.4848,10.0205,0.0274,0.0116,9.8065,0.0745,-0.0636,0.0159,15.81,-34.81,10.13,68.95,-82.33,177.32
52.37727,-1.482398,130.89,24.41,4,255.83,22 / 23,3379810,2019-09-06 20:16:25:553,-0.2333,0.0606,9.6316,0.0194,0.009,9.8066,0.0997,-0.0678,0.0306,15.25,-34.62,9.75,68.08,-82.33,177.56
52.37727,-1.482398,130.89,24.41,4,255.83,22 / 23,3379909,2019-09-06 20:16:25:652,-0.5785,-0.1097,9.9265,-0.0229,-0.0048,9.8066,-0.0996,-0.0409,0.0258,15.75,-34.62,10.06,69.82,-82.18,177.83
52.37727,-1.482398,130.89,24.41,4,255.83,22 / 23,3380009,2019-09-06 20:16:25:752,0.1051,1.2417,9.9162,0.0183,0.0139,9.8066,-0.113,-0.0464,0.0151,15.81,-34.56,10,70.83,-82,178.42
52.37727,-1.482398,130.89,24.41,4,255.83,22 / 23,3380110,2019-09-06 20:16:25:853,-0.1118,0.5654,9.9642,-0.0128,-0.0062,9.8066,0.0518,-0.0317,-0.0361,15.94,-34.56,9.69,71.27,-82.1,179.02
52.37727,-1.482398,130.89,24.41,4,255.83,22 / 23,3380209,2019-09-06 20:16:25:952,-0.5986,-0.6638,9.7181,-0.0016,-0.0009,9.8066,0.033,-0.0161,0.024,15.38,-34.12,9.44,73.11,-82.1,178.98
52.37727,-1.482398,130.89,24.41,4,255.83,22 / 23,3380310,2019-09-06 20:16:26:053,0.7139,0.5225,9.6466,0.0028,0.0038,9.8066,0.0597,-0.024,0.0472,15.56,-34.56,9.75,71.54,-82.16,179.37
52.37704,-1.48559,130.29,24.38,4,270.64,21 / 22,3380411,2019-09-06 20:16:26:154,-0.187,0.2177,9.7496,0.002,0.0092,9.8066,0.0627,-0.0541,0.0327,15.94,-34.31,9.63,71.49,-82.14,179.71
52.37704,-1.48559,130.29,24.38,4,270.64,21 / 22,3380510,2019-09-06 20:16:26:253,0.3706,0.8709,9.1767,-0.0133,-0.0092,9.8066,-0.0456,-0.0514,0.0231,15.81,-34.44,9.13,75.54,-82.08,-179.67
52.37704,-1.48559,130.29,24.38,4,270.64,21 / 22,3380609,2019-09-06 20:16:26:352,-0.454,1.1262,10.3186,-0.0203,-0.0041,9.8066,-0.0604,-0.003,0.0043,15.94,-34.75,8.81,76.24,-82.09,-179.42
52.37704,-1.48559,130.29,24.38,4,270.64,21 / 22,3380709,2019-09-06 20:16:26:452,0.2965,0.5218,9.964,-0.0025,-0.0087,9.8066,0.0944,-0.0131,0.0151,16,-34.94,9.63,72.14,-82.12,179.86
52.37704,-1.48559,130.29,24.38,4,270.64,21 / 22,3380809,2019-09-06 20:16:26:552,0.9612,0.1683,9.6989,-0.0175,-0.0035,9.8066,0.0846,-0.0883,0.0014,15.94,-35.06,9,75.13,-82.02,179.38
52.37704,-1.48559,130.29,24.38,4,270.64,21 / 22,3380910,2019-09-06 20:16:26:653,-0.4286,0.1333,9.6937,0.0072,0.0041,9.8066,-0.0103,-0.0239,0.012,15.25,-35.62,9.31,74.96,-82.05,179.69
52.37704,-1.48559,130.29,24.38,4,270.64,21 / 22,3381010,2019-09-06 20:16:26:753,-0.0572,0.3846,8.9411,0.0237,0.0121,9.8066,-0.1598,0.0213,-0.0412,15.38,-35.81,9.88,71.3,-82.2,179.82
52.37704,-1.48559,130.29,24.38,4,270.64,21 / 22,3381110,2019-09-06 20:16:26:853,0.1083,1.1499,10.1146,0.0078,-0.0036,9.8066,-0.0183,-0.1035,0.0861,15.38,-35.06,9,75.17,-82.15,-179.45
52.37704,-1.48559,130.29,24.38,4,270.64,21 / 22,3381209,2019-09-06 20:16:26:952,0.1152,1.4222,10.6318,0.047,0.0148,9.8065,-0.2097,-0.001,-0.0161,15.5,-35.37,9.63,72.41,-82.37,-179.43
52.37704,-1.48559,130.29,24.38,4,270.64,21 / 22,3381309,2019-09-06 20:16:27:052,0.0015,0.1523,11.9819,-0.0647,-0.0171,9.8064,0.2494,-0.0206,-0.0152,15.81,-34.69,8.94,76.21,-82.01,-179.62
52.37704,-1.48559,130.29,24.38,4,270.64,21 / 22,3381410,2019-09-06 20:16:27:153,1.0503,-0.284,9.903,-0.0279,-0.0043,9.8066,0.1968,-0.0551,0.0286,15.31,-34.56,9.31,75.98,-81.85,-179.32
52.37704,-1.48559,130.29,24.38,4,270.64,21 / 22,3381510,2019-09-06 20:16:27:253,0.1902,0.895,8.9935,0.0378,0.0162,9.8065,-0.0928,-0.0452,0.0402,15,-34.94,8.5,76.4,-81.8,-179.03
52.37704,-1.48559,130.29,24.38,4,270.64,21 / 22,3381609,2019-09-06 20:16:27:352,0.4991,1.317,9.3371,0.0452,0.0148,9.8065,-0.0867,0.0107,-0.0486,14.94,-36.06,8.75,76.14,-82.32,-178.64
52.37704,-1.48559,130.29,24.38,4,270.64,21 / 22,3381709,2019-09-06 20:16:27:452,0.2578,0.6632,10.0303,0.0011,-0.0053,9.8066,0.0183,-0.0478,0.0011,15.31,-36.06,8.5,75.93,-82.36,-178.74
52.37704,-1.48559,130.29,24.38,4,270.64,21 / 22,3381810,2019-09-06 20:16:27:553,-0.3473,0.9176,10.3665,-0.0148,0.0007,9.8066,0.0843,-0.0032,-0.0356,15.13,-35.56,8.88,76.65,-82.19,-178.45
52.37704,-1.48559,130.29,24.38,4,270.64,21 / 22,3381909,2019-09-06 20:16:27:652,-1.0112,0.4815,9.8207,-0.028,-0.0046,9.8065,0.1122,-0.0456,0.0333,15.06,-36,8.5,77.48,-81.87,-178.34
52.37704,-1.48559,130.29,24.38,4,270.64,21 / 22,3382009,2019-09-06 20:16:27:752,1.2052,0.2983,9.7013,-0.0052,-0.0082,9.8066,0.0145,-0.0834,0.016,15.38,-36.31,8.94,76.8,-81.99,-178.72
52.37704,-1.48559,130.29,24.38,4,270.64,21 / 22,3382109,2019-09-06 20:16:27:852,-0.1947,-0.1774,9.7399,0.0239,-0.0044,9.8066,0.0152,-0.0157,0.0112,15.25,-35.81,8.13,80,-82.11,-178.82
52.37704,-1.48559,130.29,24.38,4,270.64,21 / 22,3382210,2019-09-06 20:16:27:953,0.403,0.3545,10.0746,0.0078,0.0067,9.8066,-0.0563,-0.0166,0.0013,15.75,-35.25,8.25,79.74,-82.26,-178.94
52.37704,-1.48559,130.29,24.38,4,270.64,21 / 22,3382310,2019-09-06 20:16:28:053,-0.0546,-0.1282,9.1547,-0.0052,0.0002,9.8066,-0.1164,-0.0294,-0.0103,15.13,-35.75,7.88,79.38,-82.25,-179.09
52.37704,-1.48559,130.29,24.38,4,270.64,21 / 22,3382409,2019-09-06 20:16:28:152,-0.4776,0.0714,9.3645,0.0085,0.0051,9.8066,0.069,-0.0321,0.0462,15.13,-36.25,8.88,76.21,-82.29,-178.63
52.37704,-1.48559,130.29,24.38,4,270.64,21 / 22,3382509,2019-09-06 20:16:28:252,0.174,0.266,9.3242,-0.0034,0.0072,9.8066,0.0905,-0.0464,0.0359,15,-35.75,8,80.01,-82.41,-178.13
52.37704,-1.48559,130.29,24.38,4,270.64,21 / 22,3382609,2019-09-06 20:16:28:352,1.1725,-0.7451,9.6845,-0.0106,-0.0137,9.8066,-0.0468,0.0104,-0.0566,15,-35.31,8.13,78.67,-82.49,-178.79
52.37704,-1.48559,130.29,24.38,4,270.64,21 / 22,3382710,2019-09-06 20:16:28:453,-0.5267,-0.227,9.5293,0.0215,-0.0017,9.8066,-0.0273,-0.0157,0.0085,15.06,-35.87,8.25,79.18,-82.5,-178.72
52.37704,-1.48559,130.29,24.38,4,270.64,21 / 22,3382810,2019-09-06 20:16:28:553,0.0656,-0.1971,9.8632,-0.0023,0.0083,9.8066,-0.1036,0.0002,0.0258,15.31,-35.81,7.69,79.36,-82.56,-178.42
52.37704,-1.48559,130.29,24.38,4,270.64,21 / 22,3382910,2019-09-06 20:16:28:653,0.6498,0.4121,10.3217,-0.0049,-0.0017,9.8066,-0.0469,-0.0103,-0.0129,15.13,-36.25,8,80.14,-82.47,-177.87
52.37704,-1.48559,130.29,24.38,4,270.64,21 / 22,3383010,2019-09-06 20:16:28:753,1.5198,0.0204,9.806,0.0014,-0.0108,9.8066,0.0746,-0.0256,-0.0516,15.56,-35.94,7.69,80.12,-82.41,-178.71
52.37704,-1.48559,130.29,24.38,4,270.64,21 / 22,3383110,2019-09-06 20:16:28:853,-1.0443,-0.0185,9.5492,0.0088,0.0175,9.8066,0.0489,-0.065,0.0712,15.38,-36.25,8.19,80.09,-82.4,-178.07
52.37704,-1.48559,130.29,24.38,4,270.64,21 / 22,3383210,2019-09-06 20:16:28:953,1.2666,-0.3506,8.5915,0.0299,0.0128,9.8066,-0.1166,0.0062,-0.004,14.44,-36.19,7.94,80.05,-82.52,-177.06
52.37704,-1.48559,130.29,24.38,4,270.64,21 / 22,3383309,2019-09-06 20:16:29:052,-0.0554,1.2032,9.9452,0.0237,0.0039,9.8066,-0.0971,0.0249,-0.0138,14.94,-36.44,8,81.11,-82.74,-176.34
52.37704,-1.48559,130.29,24.38,4,270.64,21 / 22,3383410,2019-09-06 20:16:29:153,1.3774,-0.1637,10.6792,0.0224,-0.0025,9.8065,0.1354,-0.0747,0.0457,15.06,-35.69,7.5,80.07,-82.91,-176.98
52.37704,-1.48559,130.29,24.38,4,270.64,21 / 22,3383510,2019-09-06 20:16:29:253,-0.1018,-0.6471,10.1091,-0.0519,-0.0116,9.8064,0.1818,-0.0453,-0.0184,14.88,-35.75,8.19,80.27,-82.44,-177.81
52.37704,-1.48559,130.29,24.38,4,270.64,21 / 22,3383610,2019-09-06 20:16:29:353,1.1413,-0.0578,10.8247,-0.0286,0.0015,9.8065,0.0306,-0.0259,0.0145,15.06,-36.25,7.81,80.9,-82.43,-177.23
52.37704,-1.48559,130.29,24.38,4,270.64,21 / 22,3383710,2019-09-06 20:16:29:453,-0.7163,-1.0124,10.5931,-0.0118,0.0107,9.8066,-0.0203,0.0177,0.0527,15.19,-36.81,7.44,86.71,-82.41,-175.61
52.37704,-1.48559,130.29,24.38,4,270.64,21 / 22,3383810,2019-09-06 20:16:29:553,0.2697,-0.0363,8.0068,0.0164,0.033,9.8065,-0.0855,0.0147,0.0835,15.31,-36.87,7.81,85.43,-82.65,-172.8
52.37704,-1.48559,130.29,24.38,4,270.64,21 / 22,3383909,2019-09-06 20:16:29:652,0.6371,0.3053,9.68,-0.0311,-0.0137,9.8065,0.1746,0.0211,-0.003,14.5,-36.31,7.63,85.82,-82.94,-171.31
52.37704,-1.48559,130.29,24.38,4,270.64,21 / 22,3384010,2019-09-06 20:16:29:753,1.2807,0.1779,9.557,-0.0249,-0.0202,9.8065,-0.0199,-0.0006,-0.0079,15.06,-36.75,7.56,84.86,-82.8,-173
52.37704,-1.48559,130.29,24.38,4,270.64,21 / 22,3384110,2019-09-06 20:16:29:853,0.7336,-0.7654,9.491,-0.0115,0.0028,9.8066,0.0171,-0.0088,-0.0116,15.06,-37.12,7.31,88.5,-82.74,-173.03
52.37704,-1.48559,130.29,24.38,4,270.64,21 / 22,3384210,2019-09-06 20:16:29:953,0.31,0.3585,10.1221,0.0039,0.0128,9.8066,0.0174,-0.0746,0.0285,14.88,-37,7.56,85.62,-82.81,-172.22
52.37704,-1.48559,130.29,24.38,4,270.64,21 / 22,3384309,2019-09-06 20:16:30:052,0.5588,-0.2501,10.0666,0.0188,0.0093,9.8066,-0.0008,0.048,0.0371,14.75,-36.56,7.56,86.46,-82.99,-170.98
52.37704,-1.48559,130.29,24.38,4,270.64,21 / 22,3384409,2019-09-06 20:16:30:152,-0.3981,-0.3343,9.1299,-0.0101,0.0016,9.8066,0.0043,-0.0435,0.0173,14.44,-36.87,7.56,86.77,-83.02,-169.8
52.37704,-1.48559,130.29,24.38,4,270.64,21 / 22,3384510,2019-09-06 20:16:30:253,0.656,-0.1641,9.2524,-0.0123,0.0026,9.8066,0.0873,-0.0073,0.0206,14.38,-37.31,7.25,90.74,-83.1,-169.31
52.37704,-1.48559,130.29,24.38,4,270.64,21 / 22,3384610,2019-09-06 20:16:30:353,1.3885,0.4331,9.3856,-0.0013,0.0092,9.8066,0.07,-0.05,0.0523,14.75,-36.81,7.44,92.05,-83.12,-168.55
52.37704,-1.48559,130.29,24.38,4,270.64,21 / 22,3384710,2019-09-06 20:16:30:453,0.2772,-0.0692,9.5062,-0.0026,0.0098,9.8066,-0.0795,0.0649,0.0037,14.06,-36.5,7.06,92.44,-83.09,-167.16
52.37704,-1.48559,130.29,24.38,4,270.64,21 / 22,3384810,2019-09-06 20:16:30:553,1.2071,-0.6024,9.4941,0.0222,0.0072,9.8066,-0.0879,0.0221,-0.0201,14,-36.56,6.75,94.31,-82.99,-165.94
52.37704,-1.48559,130.29,24.38,4,270.64,21 / 22,3384910,2019-09-06 20:16:30:653,0.1198,-0.9997,9.642,0.0012,0.0135,9.8066,0.0553,-0.0148,0.043,13.56,-36.94,6.94,95.38,-82.95,-164.93
52.37704,-1.48559,130.29,24.38,4,270.64,21 / 22,3385010,2019-09-06 20:16:30:753,0.1735,-0.0083,8.2812,0.0038,0.0123,9.8066,-0.0641,-0.0302,0.0122,13.38,-37.19,7.63,92.35,-82.93,-163.49
52.37704,-1.48559,130.29,24.38,4,270.64,21 / 22,3385110,2019-09-06 20:16:30:853,0.5281,-0.1962,8.9628,-0.0041,-0.0151,9.8066,-0.0861,-0.0246,-0.0718,13.5,-37.37,7.75,93.11,-83.19,-163.01
52.37704,-1.48559,130.29,24.38,4,270.64,21 / 22,3385210,2019-09-06 20:16:30:953,1.0871,-0.2079,10.1937,-0.0401,-0.0158,9.8065,-0.0888,-0.0111,0.098,13.31,-36.87,6.88,94.49,-83.27,-164.32
52.37704,-1.48559,130.29,24.38,4,270.64,21 / 22,3385310,2019-09-06 20:16:31:053,0.5694,-0.7259,11.2622,-0.0143,0.0148,9.8065,0.2137,-0.0208,0.0521,13.44,-37.44,7.38,96.56,-83.1,-162.61
52.37704,-1.48559,130.29,24.38,4,270.64,21 / 22,3385409,2019-09-06 20:16:31:152,0.412,-1.4734,9.8587,0.0072,-0.0009,9.8066,0.0864,0.0467,0.0435,13.69,-37.19,7.44,97.17,-82.91,-163.17
52.37704,-1.48559,130.29,24.38,4,270.64,21 / 22,3385509,2019-09-06 20:16:31:252,-0.0532,-0.9641,8.8313,-0.0129,0.0258,9.8065,-0.1235,-0.0149,0.1297,13.13,-37.56,7.81,94.87,-82.85,-161.61
52.37704,-1.48559,130.29,24.38,4,270.64,21 / 22,3385610,2019-09-06 20:16:31:353,-0.0055,0.0297,8.5098,0.0325,0.0154,9.8066,-0.1546,-0.0065,0.0068,13.38,-37.87,7.19,102.38,-82.95,-157.33
52.37704,-1.48559,130.29,24.38,4,270.64,21 / 22,3385709,2019-09-06 20:16:31:452,1.0076,0.2113,9.5432,0.0032,0.0033,9.8066,-0.0132,0.0152,0.0241,13.38,-37.25,6.88,103.14,-83.24,-155.27
52.37704,-1.48559,130.29,24.38,4,270.64,21 / 22,3385809,2019-09-06 20:16:31:552,0.0001,-1.4558,9.7669,-0.0204,-0.0039,9.8066,0.0196,0.0587,-0.0339,13.06,-38,6.69,103.74,-83.18,-155.26
52.37704,-1.48559,130.29,24.38,4,270.64,21 / 22,3385909,2019-09-06 20:16:31:652,-0.3584,-1.1066,10.5588,-0.0072,0.0118,9.8066,0.1115,0.0036,0.0093,12.69,-37.19,7,103.94,-82.98,-155.08
52.37704,-1.48559,130.29,24.38,4,270.64,21 / 22,3386010,2019-09-06 20:16:31:753,-0.4716,-0.1537,10.4994,0.0149,0.023,9.8065,0.1193,-0.048,0.0716,12.56,-36.87,7.44,105.28,-82.83,-154
52.37704,-1.48559,130.29,24.38,4,270.64,21 / 22,3386110,2019-09-06 20:16:31:853,0.2347,-0.0349,10.2786,-0.0194,-0.0033,9.8066,-0.0737,0.0517,0.0024,12.5,-37.5,7.63,103,-82.72,-152.84
52.37704,-1.48559,130.29,24.38,4,270.64,21 / 22,3386209,2019-09-06 20:16:31:952,-0.6181,0.1348,9.68,-0.0216,0.0031,9.8066,-0.1192,0.0502,-0.0167,11.75,-37.5,7.81,102.49,-82.63,-152.63
52.37704,-1.48559,130.29,24.38,4,270.64,21 / 22,3386310,2019-09-06 20:16:32:053,0.7539,-0.1527,10.2019,0.0156,0.0122,9.8065,0.1157,0.0224,0.0423,11.88,-37.31,7.63,103.4,-82.71,-151.41
52.37704,-1.48559,130.29,24.38,4,270.64,21 / 22,3386410,2019-09-06 20:16:32:153,-0.186,-0.8758,9.816,-0.0121,-0.0003,9.8066,0.0064,0.0091,-0.001,12.19,-37.25,8.13,103.92,-82.56,-151.23
52.37704,-1.48559,130.29,24.38,4,270.64,21 / 22,3386509,2019-09-06 20:16:32:252,0.2874,-0.2054,9.201,0.0042,0.0101,9.8066,-0.0761,0.0052,0.0622,11.5,-36.62,7.25,108.35,-82.52,-150.61
52.37704,-1.48559,130.29,24.38,4,270.64,21 / 22,3386609,2019-09-06 20:16:32:352,-0.5677,-0.2619,9.3622,-0.0076,0.0178,9.8066,-0.1798,-0.0028,-0.0003,11.94,-37.25,6.69,109.62,-82.51,-149.22
52.37704,-1.48559,130.29,24.38,4,270.64,21 / 22,3386709,2019-09-06 20:16:32:452,0.0755,-0.501,9.7702,-0.0059,0.0018,9.8066,-0.0251,-0.0069,0.0028,11.75,-37.37,7.81,107.32,-82.59,-147.41
52.37704,-1.48559,130.29,24.38,4,270.64,21 / 22,3386810,2019-09-06 20:16:32:553,0.5295,-0.3486,10.3294,0.0259,0.0005,9.8065,0.0949,0.0185,0.0019,11.38,-37.12,7.69,106.25,-82.53,-147.61
52.37704,-1.48559,130.29,24.38,4,270.64,21 / 22,3386909,2019-09-06 20:16:32:652,-0.2508,-0.1443,9.7326,0.0111,-0.0022,9.8066,0.0091,0.0023,0.0289,11.94,-37.12,7.63,106.53,-82.55,-148.38
52.37704,-1.48559,130.29,24.38,4,270.64,21 / 22,3387009,2019-09-06 20:16:32:752,-0.2369,0.5214,9.0534,0.01,0.0019,9.8066,-0.0245,-0.0039,-0.0523,11.13,-36.31,6.88,108.7,-82.6,-148.53
52.37704,-1.48559,130.29,24.38,4,270.64,21 / 22,3387109,2019-09-06 20:16:32:852,0.875,0.5894,10.248,0.0192,-0.0149,9.8066,0.0486,-0.0691,-0.0008,11.25,-36.12,7.38,108.15,-82.78,-148.65
52.37704,-1.48559,130.29,24.38,4,270.64,21 / 22,3387210,2019-09-06 20:16:32:953,1.1077,-1.0891,10.114,0.0185,-0.0041,9.8065,0.0663,-0.063,0.0192,11.81,-36.75,6.63,108.43,-82.78,-149.83
52.37704,-1.48559,130.29,24.38,4,270.64,21 / 22,3387310,2019-09-06 20:16:33:053,0.192,-1.1846,9.6197,-0.0043,0.0191,9.8065,0.0391,0.11,-0.0469,11,-35.19,7.5,102.43,-82.64,-150.37
52.37704,-1.48559,130.29,24.38,4,270.64,22 / 23,3387409,2019-09-06 20:16:33:152,0.8241,-0.4347,8.5528,-0.0253,-0.002,9.8066,0.105,0.0064,-0.0079,10.56,-36.31,7.13,108.44,-82.45,-149.25
52.37704,-1.48559,130.29,24.38,4,270.64,22 / 23,3387510,2019-09-06 20:16:33:253,1.4862,1.2002,8.9327,0.096,-0.0016,9.8061,-0.1353,-0.0846,0.0524,11.88,-36.87,7.25,109.97,-82.98,-147.57
52.37704,-1.48559,130.29,24.38,4,270.64,22 / 23,3387610,2019-09-06 20:16:33:353,0.2851,0.3237,9.0241,-0.0117,-0.0035,9.8066,-0.3289,0.1014,-0.0377,11.38,-36.44,7.31,107.8,-82.99,-148.44
52.37704,-1.48559,130.29,24.38,4,270.64,22 / 23,3387709,2019-09-06 20:16:33:452,0.1768,-0.4876,9.5684,-0.0003,0.0024,9.8066,-0.0004,0.0306,0.0846,11.31,-36.87,7.56,104.2,-83.04,-148.43
52.37704,-1.48559,130.29,24.38,4,270.64,22 / 23,3387810,2019-09-06 20:16:33:553,0.7666,-0.015,10.8376,-0.0014,0.0122,9.8066,-0.0011,-0.0058,-0.0002,11.19,-36.44,7.25,108.96,-82.98,-147.19
52.37704,-1.48559,130.29,24.38,4,270.64,22 / 23,3387909,2019-09-06 20:16:33:652,-3.171,-0.1338,10.2943,-0.0419,-0.0041,9.8065,0.0851,-0.0049,0.0328,10.94,-37.19,7.19,110.43,-82.72,-146.8
52.37704,-1.48559,130.29,24.38,4,270.64,22 / 23,3388010,2019-09-06 20:16:33:753,0.9841,-0.4995,9.5746,0.0212,-0.0109,9.8066,0.0088,-0.0104,0.0053,11.63,-36.81,6.56,110.42,-82.83,-147.46
52.37704,-1.48559,130.29,24.38,4,270.64,22 / 23,3388109,2019-09-06 20:16:33:852,0.0083,-0.3435,9.2884,0.0286,0.0051,9.8066,-0.0195,-0.0485,-0.0229,11.81,-36.81,6.81,109.56,-83.06,-147.84
52.37704,-1.48559,130.29,24.38,4,270.64,22 / 23,3388210,2019-09-06 20:16:33:953,0.8955,0.0893,10.3962,0.0097,0.009,9.8066,0.0326,0.0124,-0.0241,11.69,-36.87,7.13,110.09,-83.03,-147.32
52.37704,-1.48559,130.29,24.38,4,270.64,22 / 23,3388310,2019-09-06 20:16:34:053,0.962,-0.7328,9.7999,-0.0225,-0.0137,9.8065,0.0049,0.0568,-0.0292,11.69,-36.87,7.06,110.06,-83.12,-147.11
52.37704,-1.48559,130.29,24.38,4,270.64,21 / 22,3388410,2019-09-06 20:16:34:153,-0.5437,-0.7419,9.8172,0.0112,-0.0007,9.8066,0.0119,0.0083,0.0243,11.5,-36.69,7.31,108.23,-83,-149.46
52.37704,-1.48559,130.29,24.38,4,270.64,21 / 22,3388509,2019-09-06 20:16:34:252,-0.5636,-0.5995,9.5032,0.0205,0.0112,9.8065,0.0415,-0.0314,-0.0253,11.63,-36.87,6.69,108.45,-83.08,-149.02
52.37704,-1.48559,130.29,24.38,4,270.64,21 / 22,3388610,2019-09-06 20:16:34:353,0.4217,0.2189,9.5651,0.0218,0.0222,9.8066,-0.1472,-0.016,-0.0123,11.38,-36.56,7.31,108.98,-83.14,-147.23
52.37704,-1.48559,130.29,24.38,4,270.64,21 / 22,3388709,2019-09-06 20:16:34:452,0.5571,0.1206,9.9503,-0.0009,-0.001,9.8066,-0.1284,-0.0057,0.0113,11.5,-37.06,7.06,110.53,-83.13,-146.54
52.37704,-1.48559,130.29,24.38,4,270.64,21 / 22,3388810,2019-09-06 20:16:34:553,1.1271,-0.6888,10.3222,-0.011,-0.0196,9.8066,0.1364,0.0018,0.0282,11.63,-37.31,7.38,109.67,-83.11,-147.58
52.37704,-1.48559,130.29,24.38,4,270.64,21 / 22,3388910,2019-09-06 20:16:34:653,0.9187,-0.4068,10.2073,-0.0421,-0.0032,9.8065,0.1292,0.0824,-0.0301,11.75,-37.12,7.13,108.49,-82.91,-149.41
52.37704,-1.48559,130.29,24.38,4,270.64,21 / 22,3389010,2019-09-06 20:16:34:753,0.4312,-0.6284,9.477,-0.0058,0.0016,9.8066,0.0696,-0.0343,0.0657,11.25,-36.44,7.06,107.9,-82.96,-148.42
52.37704,-1.48559,130.29,24.38,4,270.64,21 / 22,3389109,2019-09-06 20:16:34:852,0.1805,0.3017,9.8939,0.0141,0.0085,9.8066,0.0853,-0.04,0.0019,11.56,-36.31,6.44,113.6,-83.12,-146.93
52.37704,-1.48559,130.29,24.38,4,270.64,21 / 22,3389210,2019-09-06 20:16:34:953,0.0399,-0.4058,9.4528,0.0153,-0.0027,9.8066,-0.0851,0.0261,0.0001,11.06,-36.87,7.06,109.39,-83.15,-146.76
52.37704,-1.48559,130.29,24.38,4,270.64,21 / 22,3389310,2019-09-06 20:16:35:053,1.1903,0.513,10.4928,0.0065,0.0027,9.8066,-0.1123,0.0022,-0.0064,11.63,-37,6.5,109.92,-83.23,-146.99
52.377186,-1.48878,129.94,24.37,4,275,21 / 22,3389409,2019-09-06 20:16:35:152,-0.4578,-0.2208,11.1336,0.0084,0.0037,9.8066,0.1221,0.0181,-0.0253,11.63,-37.37,7.19,110.04,-83.1,-147.19
52.377186,-1.48878,129.94,24.37,4,275,21 / 22,3389510,2019-09-06 20:16:35:253,0.025,-0.8576,10.0594,-0.0342,-0.0163,9.8065,0.1439,0.0017,-0.0179,11.44,-36.56,6.81,108.98,-82.97,-147.72
52.377186,-1.48878,129.94,24.37,4,275,21 / 22,3389610,2019-09-06 20:16:35:353,-0.6047,-0.1343,9.8297,0.0133,0.0102,9.8065,-0.0328,-0.0229,0.0122,11.44,-36.5,6.94,107.43,-82.84,-149.28
52.377186,-1.48878,129.94,24.37,4,275,21 / 22,3389709,2019-09-06 20:16:35:452,-1.0397,-0.2487,9.4803,0.028,0.0078,9.8065,-0.0655,-0.038,0.0005,11.13,-36.69,6.94,108.79,-83.06,-147.67
52.377186,-1.48878,129.94,24.37,4,275,21 / 22,3389810,2019-09-06 20:16:35:553,1.1031,-0.5992,9.1707,0.0311,0.0157,9.8065,0.0088,-0.05,0.039,11.81,-37,6.25,114.03,-83.24,-146.59
52.377186,-1.48878,129.94,24.37,4,275,21 / 22,3389910,2019-09-06 20:16:35:653,0.2765,0.26,10.3335,-0.0274,-0.01,9.8065,0.0835,0.0156,-0.0031,11.19,-36.94,6.88,108.51,-83.19,-147.61
52.377186,-1.48878,129.94,24.37,4,275,21 / 22,3390010,2019-09-06 20:16:35:753,-0.4505,-1.471,10.9221,-0.0422,-0.0211,9.8065,0.1,0.0439,-0.0239,11.44,-36.62,7.13,108.26,-83.11,-148.13
52.377186,-1.48878,129.94,24.37,4,275,21 / 22,3390109,2019-09-06 20:16:35:852,-0.6136,-0.3632,10.1887,-0.0697,-0.0042,9.8064,0.271,-0.0476,0.0524,11.5,-36.69,6.81,108.96,-83.1,-148.38
52.377186,-1.48878,129.94,24.37,4,275,21 / 22,3390209,2019-09-06 20:16:35:952,-0.2351,0.211,9.66,0.0018,0.0033,9.8066,-0.0686,-0.0271,0.0525,11.19,-37.25,7.13,108.77,-82.98,-147.94
52.377186,-1.48878,129.94,24.37,4,275,21 / 22,3390309,2019-09-06 20:16:36:052,-1.0622,-0.4665,9.3148,0.0308,-0.0034,9.8065,-0.1313,0.0049,-0.028,11.25,-36.81,6.5,109.21,-83.22,-146.75
52.377186,-1.48878,129.94,24.37,4,275,21 / 22,3390409,2019-09-06 20:16:36:152,0.5673,-0.6988,8.889,-0.0188,-0.0058,9.8066,-0.0741,0.0053,0.0323,10.69,-36.5,7,108.15,-83.12,-147.69
52.377186,-1.48878,129.94,24.37,4,275,21 / 22,3390510,2019-09-06 20:16:36:253,-0.444,0.4071,10.3443,0.0286,-0.0052,9.8066,-0.0799,0.0589,-0.0522,11.19,-36.94,6.88,106.95,-83.26,-149.16
52.377186,-1.48878,129.94,24.37,4,275,21 / 22,3390609,2019-09-06 20:16:36:352,-0.8021,-1.4812,9.9804,0.0166,0.0079,9.8066,0.0453,0.0284,-0.0141,10.94,-36.87,7,107.16,-83.1,-149.39
52.377186,-1.48878,129.94,24.37,4,275,21 / 22,3390710,2019-09-06 20:16:36:453,0.4723,-0.9909,9.1953,-0.0225,-0.004,9.8066,0.041,-0.0207,0.0184,11.31,-37.12,7,107.81,-83.08,-148.73
52.377186,-1.48878,129.94,24.37,4,275,21 / 22,3390810,2019-09-06 20:16:36:553,0.0955,-0.2183,10.0489,0.0011,-0.0082,9.8066,0.0478,0.0001,0.0024,11.88,-36.75,6.94,108.57,-83.03,-149
52.377186,-1.48878,129.94,24.37,4,275,21 / 22,3390909,2019-09-06 20:16:36:652,-0.8819,-0.7731,9.9126,-0.0033,-0.0129,9.8065,-0.1011,-0.0153,-0.0379,11.06,-36.81,6.88,106.18,-83.08,-150.53
52.377186,-1.48878,129.94,24.37,4,275,21 / 22,3391010,2019-09-06 20:16:36:753,0.1713,-1.1466,9.4951,-0.0161,-0.0071,9.8066,-0.0719,-0.0213,0.0318,11,-37,7.06,105.42,-83.13,-151.23
52.377186,-1.48878,129.94,24.37,4,275,21 / 22,3391110,2019-09-06 20:16:36:853,-0.1552,0.5598,9.3594,0.0304,0.0177,9.8065,-0.0118,-0.0182,0.0497,11.38,-36.37,6.63,106.2,-83.31,-149.34
52.377186,-1.48878,129.94,24.37,4,275,21 / 22,3391210,2019-09-06 20:16:36:953,0.3787,-0.9148,10.3599,0.0195,0.0046,9.8065,0.073,0.0477,-0.0981,10.69,-36.62,6.81,106.99,-83.28,-149.08
52.377186,-1.48878,129.94,24.37,4,275,21 / 22,3391310,2019-09-06 20:16:37:053,-0.6046,-1.7342,10.0457,-0.0392,-0.019,9.8065,0.1023,-0.0524,-0.002,11.38,-36.81,7,104.77,-83.19,-151.77
52.377186,-1.48878,129.94,24.37,4,275,22 / 23,3391409,2019-09-06 20:16:37:152,0.1828,-0.797,10.1634,0.0011,-0.0037,9.8066,0.1011,0.0054,0.0577,11.06,-36.44,7.19,104.06,-83.29,-151.73
52.377186,-1.48878,129.94,24.37,4,275,22 / 23,3391509,2019-09-06 20:16:37:252,0.6701,-0.727,9.5647,-0.0214,0.0018,9.8066,-0.1575,-0.0401,0.0258,11,-36.12,7.06,105.16,-83.12,-151
52.377186,-1.48878,129.94,24.37,4,275,22 / 23,3391610,2019-09-06 20:16:37:353,-0.9962,0.019,9.4304,-0.0233,-0.0074,9.8066,-0.0867,-0.0634,0.0448,11.25,-36.44,7.06,105.1,-83.2,-150.85
52.377186,-1.48878,129.94,24.37,4,275,22 / 23,3391709,2019-09-06 20:16:37:452,-0.4197,0.0935,9.6553,0.0398,0.0049,9.8065,0.0987,0.0846,0.0132,10.75,-36.69,7.31,105.37,-83.27,-150.88
52.377186,-1.48878,129.94,24.37,4,275,22 / 23,3391810,2019-09-06 20:16:37:553,1.275,-0.5494,9.6893,0.0305,0.0082,9.8066,-0.0191,0.0302,-0.0746,11.19,-36.5,7.5,100.89,-83.48,-150.3
52.377186,-1.48878,129.94,24.37,4,275,22 / 23,3391910,2019-09-06 20:16:37:653,0.9652,-0.8354,10.3448,-0.0137,0.0023,9.8066,0.1155,-0.043,0.0345,10.63,-36.81,7.94,100.56,-83.43,-151.28
52.377186,-1.48878,129.94,24.37,4,275,22 / 23,3392009,2019-09-06 20:16:37:752,0.1879,-0.7784,10.4236,0.0021,-0.0022,9.8066,0.0602,-0.0532,0.0152,10.69,-37.56,8.81,97.07,-83.32,-151.7
52.377186,-1.48878,129.94,24.37,4,275,22 / 23,3392109,2019-09-06 20:16:37:852,-0.141,-0.6994,9.2922,-0.004,-0.0151,9.8066,-0.127,-0.0376,-0.051,10.38,-38.5,8.81,95.21,-83.2,-152.35
52.377186,-1.48878,129.94,24.37,4,275,22 / 23,3392210,2019-09-06 20:16:37:953,-0.1411,-0.2981,8.7178,0.0028,-0.0028,9.8066,0.0109,-0.0073,0.0291,10.44,-39.75,8.25,100.14,-83.41,-151.93
52.377186,-1.48878,129.94,24.37,4,275,22 / 23,3392310,2019-09-06 20:16:38:053,0.4283,0.081,9.6369,0.0212,0.0124,9.8065,-0.019,0.0523,0.0008,10.19,-40.44,6.5,105.57,-83.64,-149.92
52.377186,-1.48878,129.94,24.37,4,275,21 / 22,3392410,2019-09-06 20:16:38:153,0.7627,-0.1713,10.1824,-0.0056,0.0017,9.8066,0.0045,0.0457,-0.0436,10,-40.06,5.75,110.1,-83.64,-149.84
52.377186,-1.48878,129.94,24.37,4,275,21 / 22,3392510,2019-09-06 20:16:38:253,0.7164,0.1027,10.6943,-0.0193,-0.0105,9.8066,0.0864,-0.0149,-0.0093,10.44,-37.81,5.69,107.77,-83.52,-151.79
52.377186,-1.48878,129.94,24.37,4,275,21 / 22,3392609,2019-09-06 20:16:38:352,-0.6777,-0.7667,10.6345,-0.0126,-0.0036,9.8066,-0.0041,-0.019,0.0392,10.94,-37.62,6.56,103.99,-83.36,-152.67
52.377186,-1.48878,129.94,24.37,4,275,21 / 22,3392709,2019-09-06 20:16:38:452,-0.005,-0.802,9.7971,-0.0087,0.0024,9.8066,-0.154,0.0019,-0.0038,10.88,-36.87,6.69,104.02,-83.28,-152.33
52.377186,-1.48878,129.94,24.37,4,275,21 / 22,3392810,2019-09-06 20:16:38:553,-0.1179,-0.2299,9.0552,0.005,0.0105,9.8066,-0.0417,-0.0262,0.0404,10.69,-36.44,6.75,104.27,-83.4,-151.19
52.377186,-1.48878,129.94,24.37,4,275,21 / 22,3392909,2019-09-06 20:16:38:652,-0.4694,-0.6587,9.5591,0.0106,0.0044,9.8066,-0.0381,0.0253,0.0197,11,-36.56,7.13,105.71,-83.52,-149.78
52.377186,-1.48878,129.94,24.37,4,275,21 / 22,3393010,2019-09-06 20:16:38:753,0.3962,-0.1281,9.4499,-0.0449,-0.0157,9.8065,-0.0339,0.0254,-0.0109,10.94,-37.75,6.75,105.88,-83.46,-150.29
52.377186,-1.48878,129.94,24.37,4,275,21 / 22,3393110,2019-09-06 20:16:38:853,-0.0322,-0.7052,10.4266,0.0274,0.0048,9.8066,0.1976,-0.066,0.044,11.38,-36.56,6.56,104.74,-83.62,-150.56
52.377186,-1.48878,129.94,24.37,4,275,21 / 22,3393210,2019-09-06 20:16:38:953,0.0292,-0.6558,9.8934,0.0198,0.0084,9.8066,0.1832,-0.0543,0.0331,11.13,-36.75,6.81,104.93,-83.41,-150.96
52.377186,-1.48878,129.94,24.37,4,275,21 / 22,3393310,2019-09-06 20:16:39:053,1.26,-0.2997,10.3781,0.0035,-0.0023,9.8065,-0.0708,0.014,-0.0207,10.88,-36.81,7.38,104.05,-83.33,-152.17
52.377186,-1.48878,129.94,24.37,4,275,20 / 21,3393410,2019-09-06 20:16:39:153,-0.1396,-0.411,9.7418,-0.017,0.0104,9.8065,-0.1034,-0.0156,-0.0104,11.25,-36.31,7.06,103.17,-83.51,-152.09
52.377186,-1.48878,129.94,24.37,4,275,20 / 21,3393510,2019-09-06 20:16:39:253,0.1266,-0.3795,9.0949,-0.0076,-0.0007,9.8066,-0.0835,0.0406,-0.0131,11.44,-36.87,7.44,104.87,-83.45,-150.91
52.377186,-1.48878,129.94,24.37,4,275,20 / 21,3393610,2019-09-06 20:16:39:353,0.1261,0.4814,10.0775,0.0122,0.0039,9.8066,-0.0234,0.0389,-0.0418,11.06,-36.75,7.06,104.44,-83.56,-151.07
52.377186,-1.48878,129.94,24.37,4,275,20 / 21,3393710,2019-09-06 20:16:39:453,-1.3066,-1.2092,10.2138,0.0155,-0.0011,9.8066,0.1875,0.0009,-0.0191,11.31,-37.06,7.13,104.11,-83.52,-151.53
52.377186,-1.48878,129.94,24.37,4,275,20 / 21,3393810,2019-09-06 20:16:39:553,0.9341,-0.6323,10.2041,-0.005,0.0029,9.8066,0.1992,-0.0012,0.0049,11.25,-36.37,7.31,103.01,-83.42,-152.51
52.377186,-1.48878,129.94,24.37,4,275,20 / 21,3393910,2019-09-06 20:16:39:653,0.7323,-0.7558,10.0582,-0.0101,0.0025,9.8066,-0.0718,-0.0211,-0.0233,11.5,-36.69,6.63,104.77,-83.29,-152.52
52.377186,-1.48878,129.94,24.37,4,275,20 / 21,3394010,2019-09-06 20:16:39:753,0.1933,-0.9967,9.5076,0.0061,-0.0008,9.8066,0.058,-0.0367,0.0636,11.19,-37.12,7.19,104.24,-83.33,-151.95
52.377186,-1.48878,129.94,24.37,4,275,20 / 21,3394110,2019-09-06 20:16:39:853,0.0283,-0.4423,9.2948,-0.007,-0.0027,9.8065,-0.1085,-0.0092,-0.0269,11.19,-36.94,6.38,108.95,-83.38,-151.21
52.377186,-1.48878,129.94,24.37,4,275,20 / 21,3394210,2019-09-06 20:16:39:953,0.7199,0.2913,9.7277,-0.0011,-0.0082,9.8066,-0.075,0.038,-0.0068,11,-36.75,7.38,104.58,-83.5,-151.08
52.377186,-1.48878,129.94,24.37,4,275,20 / 21,3394310,2019-09-06 20:16:40:053,-0.8042,-0.7888,9.9213,-0.0016,-0.004,9.8066,0.1831,0.0131,0.0176,11.38,-37.31,7,103.7,-83.46,-152.15
52.377186,-1.48878,129.94,24.37,4,275,21 / 22,3394410,2019-09-06 20:16:40:153,0.2807,-0.5163,10.2184,0.023,0.008,9.8066,0.2364,0.006,0.0013,11.5,-36.44,6.88,104.22,-83.23,-152.77
52.377186,-1.48878,129.94,24.37,4,275,21 / 22,3394510,2019-09-06 20:16:40:253,0.2796,0.7148,10.0892,0.0188,0.0028,9.8065,-0.029,0.0157,-0.0134,11.25,-36.81,7.25,103.69,-83.25,-152.79
52.377186,-1.48878,129.94,24.37,4,275,21 / 22,3394609,2019-09-06 20:16:40:352,0.8989,-1.0815,10.1948,0.038,0.0067,9.8065,-0.1003,-0.0894,0.0294,11.69,-36.75,6.88,104.7,-83.4,-152.28
52.377186,-1.48878,129.94,24.37,4,275,21 / 22,3394709,2019-09-06 20:16:40:452,0.6443,0.5571,8.7486,0.0049,0.0095,9.8066,-0.0526,-0.0044,0.0294,10.88,-36.87,6.88,104.2,-83.57,-151.28
52.377186,-1.48878,129.94,24.37,4,275,21 / 22,3394809,2019-09-06 20:16:40:552,0.9137,-0.5816,9.8688,0.0385,0.0032,9.8065,-0.0162,0.0254,0.007,11.25,-36.94,6.94,104.19,-83.86,-150.48
52.377186,-1.48878,129.94,24.37,4,275,21 / 22,3394910,2019-09-06 20:16:40:653,0.1847,-0.7501,10.7312,-0.0293,-0.0239,9.8065,0.145,0.0201,-0.0512,10.94,-36.56,6.69,102.59,-83.72,-152.61
52.377186,-1.48878,129.94,24.37,4,275,21 / 22,3395010,2019-09-06 20:16:40:753,1.1852,-0.8411,11.469,-0.0515,-0.0229,9.8064,0.1058,-0.0274,0.0104,11.56,-36.69,7.81,98.39,-83.51,-154.63
52.377186,-1.48878,129.94,24.37,4,275,21 / 22,3395110,2019-09-06 20:16:40:853,-0.482,-0.1552,10.2,-0.0011,0.0129,9.8066,0.0515,-0.0535,0.047,11.44,-36.69,7.81,96.87,-83.22,-155.77
52.377186,-1.48878,129.94,24.37,4,275,21 / 22,3395210,2019-09-06 20:16:40:953,1.163,0.2718,8.518,0.0072,0.0195,9.8066,-0.0409,-0.0462,0.0164,11.38,-37.44,7.06,103.15,-83.17,-153.59
52.377186,-1.48878,129.94,24.37,4,275,21 / 22,3395309,2019-09-06 20:16:41:052,1.8678,0.5288,8.3402,0.0537,0.0084,9.8065,-0.2377,-0.0032,-0.0189,11.38,-37.19,6.88,103.16,-83.7,-152.05
52.377186,-1.48878,129.94,24.37,4,275,21 / 22,3395409,2019-09-06 20:16:41:152,-0.2153,-1.3499,9.2309,0.0362,-0.0045,9.8065,0.0491,0.0331,-0.0117,11.13,-36.94,6.88,101.91,-83.91,-152.77
52.377186,-1.48878,129.94,24.37,4,275,21 / 22,3395510,2019-09-06 20:16:41:253,1.1318,-0.2495,9.2506,-0.0375,-0.006,9.8065,0.0891,-0.0443,0.0703,11,-36.81,6.75,102.02,-83.67,-153.36
52.377186,-1.48878,129.94,24.37,4,275,21 / 22,3395609,2019-09-06 20:16:41:352,1.1408,0.1038,10.2708,-0.0536,-0.0168,9.8065,0.1359,-0.0201,-0.0184,11.38,-37.06,6.56,101.63,-83.51,-154.26
52.377186,-1.48878,129.94,24.37,4,275,21 / 22,3395709,2019-09-06 20:16:41:452,-1.5314,-1.3533,9.6821,0.0047,0.0097,9.8066,0.0461,-0.0284,0.0466,11.44,-36.5,7.06,101.34,-83.37,-154.46
52.377186,-1.48878,129.94,24.37,4,275,21 / 22,3395809,2019-09-06 20:16:41:552,1.6074,0.3697,9.1856,-0.0117,0.006,9.8066,-0.0486,-0.0299,0.0493,11.13,-36.81,7.06,102.95,-83.32,-153.37
52.377186,-1.48878,129.94,24.37,4,275,21 / 22,3395910,2019-09-06 20:16:41:653,0.1418,0.0426,9.046,0.0429,0.006,9.8065,-0.1074,-0.0129,-0.0134,11.25,-37.06,6.63,103.77,-83.77,-151.17
52.377186,-1.48878,129.94,24.37,4,275,21 / 22,3396009,2019-09-06 20:16:41:752,1.2056,-1.0283,10.5371,0.0286,-0.0025,9.8065,-0.0651,0.02,-0.027,11.44,-36.94,6.94,103.25,-83.96,-151.19
52.377186,-1.48878,129.94,24.37,4,275,21 / 22,3396110,2019-09-06 20:16:41:853,1.9199,-0.3212,10.2264,-0.0319,-0.0051,9.8066,0.1031,0.0145,0.047,11.5,-36.94,6.81,104.27,-83.6,-152.21
52.377186,-1.48878,129.94,24.37,4,275,21 / 22,3396210,2019-09-06 20:16:41:953,0.2244,-0.2458,10.4175,-0.0484,-0.0153,9.8065,0.0971,-0.0521,-0.0092,10.88,-36.56,7.31,103.13,-83.3,-153.24
52.377186,-1.48878,129.94,24.37,4,275,21 / 22,3396310,2019-09-06 20:16:42:053,0.541,0.0982,9.6282,0.0203,0.0058,9.8066,-0.0268,0.0108,0.0273,11.31,-36.81,6.94,102.69,-83.22,-153.97
52.377186,-1.48878,129.94,24.37,4,275,20 / 21,3396409,2019-09-06 20:16:42:152,0.2423,0.2616,9.6777,0.0319,0.0121,9.8066,-0.0447,-0.0556,0.0656,11.25,-36.62,7.38,103.11,-83.47,-152.76
52.377186,-1.48878,129.94,24.37,4,275,20 / 21,3396510,2019-09-06 20:16:42:253,0.2845,0.0535,9.2682,0.0118,0.0106,9.8066,-0.0215,-0.0095,0.0183,11.31,-36.94,6.81,103.66,-83.69,-151.55
52.377186,-1.48878,129.94,24.37,4,275,20 / 21,3396610,2019-09-06 20:16:42:353,1.5277,0.5038,11.381,-0.0094,0.002,9.8066,0.1089,0.047,-0.0186,11.75,-36.81,7.06,105.34,-83.66,-150.88
52.377186,-1.48878,129.94,24.37,4,275,20 / 21,3396710,2019-09-06 20:16:42:453,-0.3822,-0.8116,11.2116,-0.0326,-0.0412,9.8064,0.083,-0.002,-0.0974,11.25,-36.5,7.75,97.84,-83.5,-153.46
52.377186,-1.48878,129.94,24.37,4,275,20 / 21,3396809,2019-09-06 20:16:42:552,0.2524,-0.8465,10.1852,-0.0127,-0.0107,9.8066,0.0369,0.0105,0.0085,11.13,-36.87,7.19,99.63,-83.22,-157.26
52.377186,-1.48878,129.94,24.37,4,275,20 / 21,3396910,2019-09-06 20:16:42:653,-0.5497,-0.632,9.7504,-0.0119,0.0089,9.8066,0.044,0.0217,0.0205,11.38,-37.44,7.19,101.87,-83.1,-155.21
52.377186,-1.48878,129.94,24.37,4,275,20 / 21,3397009,2019-09-06 20:16:42:752,-0.0362,-0.8844,9.299,-0.0225,0.0013,9.8065,-0.2688,0.0056,-0.0133,11.13,-36.62,7.38,103.12,-83.2,-153.57
52.377186,-1.48878,129.94,24.37,4,275,20 / 21,3397110,2019-09-06 20:16:42:853,0.1689,-0.2369,9.3509,0.0182,0.0017,9.8066,-0.0609,-0.0315,-0.0115,11.38,-36.56,7.31,103.71,-83.39,-152.35
52.377186,-1.48878,129.94,24.37,4,275,20 / 21,3397209,2019-09-06 20:16:42:952,-0.0614,-0.5091,9.3588,0.005,-0.0072,9.8066,0.0629,0.0467,-0.0597,11.44,-36.69,7.44,102.78,-83.42,-153.29
52.377186,-1.48878,129.94,24.37,4,275,20 / 21,3397310,2019-09-06 20:16:43:053,0.9792,-0.3046,10.3221,-0.0116,-0.0134,9.8066,0.0061,0.0178,-0.0118,11.13,-37,6.81,101.89,-83.35,-154.44
52.377186,-1.48878,129.94,24.37,4,275,21 / 22,3397409,2019-09-06 20:16:43:152,1.001,-0.0729,10.7058,0.0057,-0.0017,9.8065,0.0705,-0.0411,0.0041,10.94,-36.75,7.31,101.21,-83.26,-155.44
52.377186,-1.48878,129.94,24.37,4,275,21 / 22,3397510,2019-09-06 20:16:43:253,0.2367,-1.0822,10.3401,0.0109,0.0004,9.8066,0.0827,-0.0656,0.0136,11,-36.87,7.31,100.88,-83.11,-156.23
52.377186,-1.48878,129.94,24.37,4,275,21 / 22,3397609,2019-09-06 20:16:43:352,0.6948,-0.5483,9.5875,-0.0121,-0.0035,9.8066,-0.0468,-0.015,-0.0293,11.38,-37.12,7.25,100.9,-83.11,-156.23
52.377186,-1.48878,129.94,24.37,4,275,21 / 22,3397710,2019-09-06 20:16:43:453,-0.3268,0.309,9.3878,0.0154,0.0076,9.8066,-0.0633,0.0469,0.0192,10.81,-37,7.56,97.18,-83.26,-155.34
52.377186,-1.48878,129.94,24.37,4,275,21 / 22,3397810,2019-09-06 20:16:43:553,-0.3996,-0.4493,10.0205,0.0082,0.0011,9.8066,0.1121,0.0019,-0.0062,11.13,-36.94,7.31,101.84,-83.34,-154.51
52.377186,-1.48878,129.94,24.37,4,275,21 / 22,3397909,2019-09-06 20:16:43:652,1.6566,-0.2727,10.1967,-0.0163,-0.0116,9.8066,0.07,-0.0128,0.0106,11.25,-37.12,7.13,100.81,-83.21,-156.03
52.377186,-1.48878,129.94,24.37,4,275,21 / 22,3398009,2019-09-06 20:16:43:752,0.6661,-0.4744,10.2187,-0.0048,-0.0037,9.8066,-0.0776,0.0035,-0.0161,11.13,-36.94,7.81,95.36,-83.02,-157.95
52.377186,-1.48878,129.94,24.37,4,275,21 / 22,3398110,2019-09-06 20:16:43:853,-0.395,-0.7322,9.3135,0.008,0.0158,9.8066,-0.067,-0.0714,0.0731,11.69,-36.44,7.69,96.75,-82.9,-157.5
52.377186,-1.48878,129.94,24.37,4,275,21 / 22,3398210,2019-09-06 20:16:43:953,0.2599,0.2879,9.5407,0.0082,0.015,9.8065,-0.0025,-0.003,0.0451,11,-36.94,7.06,102.52,-82.95,-154.93
52.377186,-1.48878,129.94,24.37,4,275,21 / 22,3398309,2019-09-06 20:16:44:052,1.727,1.115,10.3013,0.0013,-0.0092,9.8066,0.0788,0.0414,-0.0761,11.31,-37.06,7.06,103.03,-83.11,-153.91
52.37733,-1.492026,128.25,24.07,4,274.07,20 / 21,3398410,2019-09-06 20:16:44:153,-0.4497,-0.3611,10.3363,0.0029,-0.0153,9.8066,0.0733,-0.0347,-0.0532,11.63,-37.25,7.5,97.54,-83.15,-156.52
52.37733,-1.492026,128.25,24.07,4,274.07,20 / 21,3398509,2019-09-06 20:16:44:252,-0.2428,-0.838,10.0401,0.0063,-0.0045,9.8066,-0.08,-0.0255,0.0183,11.69,-37,7.44,100.33,-83,-158.11
52.37733,-1.492026,128.25,24.07,4,274.07,20 / 21,3398610,2019-09-06 20:16:44:353,1.5075,0.0504,9.2732,0.0093,-0.0003,9.8066,-0.0905,-0.0111,-0.0009,11.31,-37.12,7.31,98.8,-83,-158.79
52.37733,-1.492026,128.25,24.07,4,274.07,20 / 21,3398710,2019-09-06 20:16:44:453,0.0261,-0.7766,10.7982,0.0234,0.0084,9.8065,0.0309,0.0093,-0.0419,11.25,-36.56,7.75,94.61,-83.17,-158.28
52.37733,-1.492026,128.25,24.07,4,274.07,20 / 21,3398810,2019-09-06 20:16:44:553,-0.8687,-0.9726,10.0328,-0.0216,-0.0046,9.8066,0.0812,-0.0186,0.0594,11.31,-36.87,7.38,99.66,-82.89,-158.23
52.37733,-1.492026,128.25,24.07,4,274.07,20 / 21,3398910,2019-09-06 20:16:44:653,0.666,0.4468,10.0227,-0.0289,-0.0088,9.8066,0.104,-0.0018,-0.0215,11.38,-36.56,7.63,95.41,-82.74,-158.71
52.37733,-1.492026,128.25,24.07,4,274.07,20 / 21,3399010,2019-09-06 20:16:44:753,0.4161,-0.1975,9.3565,0.014,0.0033,9.8066,0.0627,-0.0387,0.0481,11.69,-36.87,8,97.15,-82.82,-157.8
52.37733,-1.492026,128.25,24.07,4,274.07,20 / 21,3399109,2019-09-06 20:16:44:852,0.0375,-1.1632,8.7483,0.0207,0.0059,9.8066,-0.1205,-0.0205,-0.0096,11.5,-36.94,7.56,96.97,-83.03,-157.41
52.37733,-1.492026,128.25,24.07,4,274.07,20 / 21,3399209,2019-09-06 20:16:44:952,0.5589,0.5094,9.6899,0.0108,-0.0037,9.8066,-0.006,-0.0614,0.0072,11.81,-37,8,96.86,-83.1,-157.36
52.37733,-1.492026,128.25,24.07,4,274.07,20 / 21,3399310,2019-09-06 20:16:45:053,1.1982,-0.2194,10.3786,-0.0085,-0.0116,9.8066,0.0795,0.0321,-0.0282,10.75,-36.62,8.06,94.41,-83.12,-158.64
52.37733,-1.492026,128.25,24.07,4,274.07,21 / 22,3399411,2019-09-06 20:16:45:154,0.4361,-0.1112,10.0686,-0.0159,-0.0138,9.8066,0.0357,0.0394,-0.0482,11.19,-36.56,8,93.4,-82.91,-160.29
52.37733,-1.492026,128.25,24.07,4,274.07,21 / 22,3399509,2019-09-06 20:16:45:252,0.7571,0.4806,10.1643,-0.02,0,9.8066,0.0403,-0.0365,0.0678,11.13,-37,7.88,93.64,-82.74,-160.55
52.37733,-1.492026,128.25,24.07,4,274.07,21 / 22,3399609,2019-09-06 20:16:45:352,-0.467,0.4095,10.4565,0.009,0.0119,9.8066,-0.0056,-0.0226,0.0096,11.19,-36.94,7.81,94.4,-82.78,-159.62
52.37733,-1.492026,128.25,24.07,4,274.07,21 / 22,3399710,2019-09-06 20:16:45:453,0.6821,0.5969,9.9701,0.0105,0.0098,9.8065,-0.0249,0.0174,-0.0064,11.44,-37.06,8.19,95.04,-82.79,-158.95
52.37733,-1.492026,128.25,24.07,4,274.07,21 / 22,3399810,2019-09-06 20:16:45:553,0.3404,0.5114,9.4768,-0.0061,0.004,9.8066,-0.0044,-0.0142,0.0132,11.31,-36.5,7.69,94.99,-82.76,-158.52
52.37733,-1.492026,128.25,24.07,4,274.07,21 / 22,3399910,2019-09-06 20:16:45:653,0.3381,0.4635,10.0058,-0.0131,-0.0058,9.8065,-0.0337,-0.0109,-0.0445,11.25,-36.69,8.13,96.22,-82.66,-158.1
52.37733,-1.492026,128.25,24.07,4,274.07,21 / 22,3400009,2019-09-06 20:16:45:752,0.0546,0.3234,10.4012,-0.0077,-0.01,9.8066,0.0699,-0.0208,0.0098,11.13,-37.25,8.38,96.16,-82.6,-158.31
52.37733,-1.492026,128.25,24.07,4,274.07,21 / 22,3400110,2019-09-06 20:16:45:853,-0.4815,-0.2909,9.9755,-0.0229,-0.0143,9.8065,0.0285,-0.0071,-0.0695,11.38,-37.06,8.06,94.94,-82.71,-159.29
52.37733,-1.492026,128.25,24.07,4,274.07,21 / 22,3400209,2019-09-06 20:16:45:952,0.3032,0.8156,10.3016,0.0168,0.0089,9.8066,-0.0616,-0.015,0.0186,10.94,-37.06,8.06,94.86,-82.74,-159.26
52.37733,-1.492026,128.25,24.07,4,274.07,21 / 22,3400310,2019-09-06 20:16:46:053,0.393,0.611,11.4647,0.0104,-0.0016,9.8066,0.131,-0.0627,0.0509,10.88,-36.75,8.38,94.52,-82.67,-159.84
52.37733,-1.492026,128.25,24.07,4,274.07,21 / 22,3400410,2019-09-06 20:16:46:153,-0.5286,0.0527,9.0237,-0.0765,-0.025,9.8063,0.2459,-0.0701,0.0045,11,-36.75,8.13,93.7,-82.66,-160.71
52.37733,-1.492026,128.25,24.07,4,274.07,21 / 22,3400510,2019-09-06 20:16:46:253,1.4413,1.6119,9.127,0.0605,0.0242,9.8063,-0.1606,-0.0797,0.0949,11.5,-36.62,7.81,94.9,-82.27,-161.67
52.37733,-1.492026,128.25,24.07,4,274.07,21 / 22,3400609,2019-09-06 20:16:46:352,0.1526,0.7244,8.8585,0.0683,0.0038,9.8064,-0.2955,0.0588,-0.0783,11,-37,7.94,93.23,-82.89,-160.52
52.37733,-1.492026,128.25,24.07,4,274.07,21 / 22,3400710,2019-09-06 20:16:46:453,-0.3726,0.1234,10.2863,-0.0426,-0.0152,9.8065,0.1366,0.0089,0.0588,11.81,-36.69,7.25,98.8,-82.94,-159.9
52.37733,-1.492026,128.25,24.07,4,274.07,21 / 22,3400810,2019-09-06 20:16:46:553,0.8743,0.0776,10.6882,-0.0258,-0.0242,9.8065,0.1193,-0.0242,-0.049,10.94,-36.69,7.56,92.16,-82.66,-162.3
52.37733,-1.492026,128.25,24.07,4,274.07,21 / 22,3400910,2019-09-06 20:16:46:653,-0.0091,-0.2875,10.7717,-0.0031,-0.0023,9.8066,-0.0076,0.0121,-0.0194,11.69,-36.37,8,91.93,-82.43,-163.72
52.37733,-1.492026,128.25,24.07,4,274.07,21 / 22,3401010,2019-09-06 20:16:46:753,1.4018,-1.0322,10.0056,-0.0063,0.0161,9.8066,-0.013,-0.038,0.0294,11.44,-36.37,8.44,91.13,-82.2,-164.08
52.37733,-1.492026,128.25,24.07,4,274.07,21 / 22,3401110,2019-09-06 20:16:46:853,-0.4839,0.0555,9.2262,0.0023,0.0208,9.8066,-0.0362,-0.015,0.0235,11.06,-37,7.75,93.88,-82.19,-161.9
52.37733,-1.492026,128.25,24.07,4,274.07,21 / 22,3401210,2019-09-06 20:16:46:953,0.2463,0.8751,8.8515,0.033,0.0041,9.8066,0.0491,0.0461,-0.0505,11.44,-36.19,7.56,93.73,-82.56,-160.39
52.37733,-1.492026,128.25,24.07,4,274.07,21 / 22,3401311,2019-09-06 20:16:47:054,0.4967,0.4209,10.1398,0.0254,-0.0124,9.8065,0.044,0.008,-0.0881,11.31,-36,6.81,96.72,-82.73,-161.21
52.37733,-1.492026,128.25,24.07,4,274.07,20 / 21,3401409,2019-09-06 20:16:47:152,-0.3036,-0.8258,10.2513,-0.0562,-0.0143,9.8065,0.0823,-0.0325,0.0431,11.75,-36.25,8.19,91.91,-82.45,-163.68
52.37733,-1.492026,128.25,24.07,4,274.07,20 / 21,3401510,2019-09-06 20:16:47:253,0.7961,-0.0855,10.0576,-0.0504,-0.0136,9.8065,-0.0609,-0.0406,-0.0256,11.38,-35.44,7.94,90.76,-82.25,-163.71
52.37733,-1.492026,128.25,24.07,4,274.07,20 / 21,3401610,2019-09-06 20:16:47:353,-0.3675,0.6452,10.0637,0.0255,-0.0004,9.8066,-0.0631,0.0317,-0.0612,11.5,-35.75,7.94,91.89,-82.12,-164.61
52.37733,-1.492026,128.25,24.07,4,274.07,20 / 21,3401710,2019-09-06 20:16:47:453,0.3611,0.0101,9.5738,-0.0008,0.0041,9.8066,-0.0872,0.0244,-0.0213,11.75,-35.87,7.31,95.88,-82.32,-164.15
52.37733,-1.492026,128.25,24.07,4,274.07,20 / 21,3401810,2019-09-06 20:16:47:553,0.5246,0.0539,10.5687,-0.0289,-0.0222,9.8066,-0.0623,0.0313,-0.0346,12,-36,6.63,94.4,-82.47,-165.27
52.37733,-1.492026,128.25,24.07,4,274.07,20 / 21,3401910,2019-09-06 20:16:47:653,0.0719,-0.3369,10.9732,-0.0078,-0.0174,9.8066,0.1129,-0.0317,-0.0216,12.19,-35.19,7.25,92.27,-82.57,-166.63
52.37733,-1.492026,128.25,24.07,4,274.07,20 / 21,3402010,2019-09-06 20:16:47:753,-1.279,-0.2454,9.3977,-0.0107,-0.0061,9.8066,-0.1017,0.0478,-0.0086,13.19,-35.44,6.44,96.83,-82.23,-167.67
52.37733,-1.492026,128.25,24.07,4,274.07,20 / 21,3402109,2019-09-06 20:16:47:852,1.3492,-0.6969,8.9499,-0.036,0.0155,9.8065,-0.4118,0.0727,-0.0585,13.06,-34.19,5.38,101.46,-82.04,-166.93
52.37733,-1.492026,128.25,24.07,4,274.07,20 / 21,3402209,2019-09-06 20:16:47:952,-1.1508,0.8203,9.3673,0.1126,-0.0098,9.8059,0.2568,-0.0506,0.0425,14.13,-36,3.06,109.45,-82.18,-167.28
52.37733,-1.492026,128.25,24.07,4,274.07,20 / 21,3402310,2019-09-06 20:16:48:053,0.3247,-0.6011,9.4667,0.086,-0.0174,9.8062,0.0381,-0.0135,-0.0151,15.88,-40.56,5,103.99,-82.98,-165.52
52.37733,-1.492026,128.25,24.07,4,274.07,20 / 21,3402410,2019-09-06 20:16:48:153,-0.7223,-0.7087,10.2605,-0.0322,-0.0083,9.8066,-0.0367,0.0247,-0.001,14.88,-37.44,8.56,88.58,-82.77,-166.03
52.37733,-1.492026,128.25,24.07,4,274.07,20 / 21,3402509,2019-09-06 20:16:48:252,0.7533,-0.9118,10.6869,-0.0303,-0.0168,9.8066,0.0257,0.0892,-0.0123,12.13,-31.5,7.31,89.75,-82.62,-166.8
52.37733,-1.492026,128.25,24.07,4,274.07,20 / 21,3402610,2019-09-06 20:16:48:353,-0.5952,0.9851,10.389,0.0212,-0.007,9.8066,0.1985,-0.0727,0.0704,11.63,-34.06,0.75,116.73,-82.51,-167.62
52.37733,-1.492026,128.25,24.07,4,274.07,20 / 21,3402710,2019-09-06 20:16:48:453,0.5849,0.1326,9.8809,-0.0102,0.0044,9.8066,0.0723,0.0503,-0.0133,11.81,-43.44,-0.87,127.98,-82.67,-167.7
52.37733,-1.492026,128.25,24.07,4,274.07,20 / 21,3402810,2019-09-06 20:16:48:553,-0.0344,-1.7271,10.0455,-0.0118,0.0116,9.8066,-0.0578,-0.0679,0.0881,8.06,-45.44,5.75,100.52,-82.61,-167.54
52.37733,-1.492026,128.25,24.07,4,274.07,20 / 21,3402909,2019-09-06 20:16:48:652,-0.4558,0.7916,9.375,-0.0272,0.002,9.8065,-0.0318,0.0344,0.0164,5.06,-45.19,10.25,70.42,-82.56,-165.95
52.37733,-1.492026,128.25,24.07,4,274.07,20 / 21,3403010,2019-09-06 20:16:48:753,0.9697,-0.2292,9.5756,-0.0145,-0.0065,9.8066,-0.0696,-0.0731,-0.0393,8.38,-40.06,14.25,60.97,-82.63,-165.25
52.37733,-1.492026,128.25,24.07,4,274.07,20 / 21,3403109,2019-09-06 20:16:48:852,0.259,-1.4898,9.2769,0.0125,-0.0158,9.8065,-0.0202,-0.0386,0.0647,9.88,-37.31,13.5,63.78,-82.77,-166.08
52.37733,-1.492026,128.25,24.07,4,274.07,20 / 21,3403210,2019-09-06 20:16:48:953,2.7107,2.3759,10.0454,0.0195,0.0261,9.8065,0.0619,-0.0481,0.087,10.13,-36.87,12.38,68.6,-82.76,-167.62
52.37733,-1.492026,128.25,24.07,4,274.07,20 / 21,3403310,2019-09-06 20:16:49:053,0.5314,0.3547,9.8625,0.0211,0.0074,9.8066,-0.1542,0.1046,0.0246,11.06,-35.56,12.44,72.2,-82.56,-166.4
52.37733,-1.492026,128.25,24.07,4,274.07,21 / 22,3403409,2019-09-06 20:16:49:152,1.2788,1.1876,9.796,0.0539,0.042,9.8064,0.2073,-0.1081,0.1072,10.94,-35.19,11.56,71.28,-82.81,-166.24
52.37733,-1.492026,128.25,24.07,4,274.07,21 / 22,3403510,2019-09-06 20:16:49:253,-3.2822,0.0872,9.868,0.1088,0.0326,9.806,-0.3338,0.2366,-0.209,11.88,-34.87,10.06,79.34,-82.88,-166.9
52.37733,-1.492026,128.25,24.07,4,274.07,21 / 22,3403609,2019-09-06 20:16:49:352,0.7735,-0.2931,8.6883,0.0389,0.0085,9.8065,0.1415,-0.1563,0.1854,12.13,-35.06,9.81,73.27,-83.2,-171.87
52.37733,-1.492026,128.25,24.07,4,274.07,21 / 22,3403710,2019-09-06 20:16:49:453,1.365,-0.9164,10.4493,0.0077,0.0254,9.8066,-0.023,-0.0334,0.0986,11.81,-35.19,8.44,84.66,-83.07,-168.78
52.37733,-1.492026,128.25,24.07,4,274.07,21 / 22,3403810,2019-09-06 20:16:49:553,0.3375,-1.0178,10.0939,-0.0322,-0.0078,9.8065,0.0822,0.1078,-0.0268,11.94,-35.56,8.75,81.61,-83.01,-168.51
52.37733,-1.492026,128.25,24.07,4,274.07,21 / 22,3403910,2019-09-06 20:16:49:653,0.097,-0.9671,9.3808,-0.005,-0.0083,9.8066,-0.0094,0.0242,-0.0619,11.88,-36,8.81,81.38,-82.76,-169.35
52.37733,-1.492026,128.25,24.07,4,274.07,21 / 22,3404009,2019-09-06 20:16:49:752,0.8017,0.355,9.8527,0.0014,0.0004,9.8065,-0.0749,-0.1639,0.1475,11.63,-35.69,8.13,86.97,-82.73,-167.91
52.37733,-1.492026,128.25,24.07,4,274.07,21 / 22,3404110,2019-09-06 20:16:49:853,-0.5368,-0.3035,10.278,-0.0193,0.0205,9.8066,-0.0325,0.0489,0.0245,11.38,-35.75,8.69,83.61,-82.7,-165.97
52.37733,-1.492026,128.25,24.07,4,274.07,21 / 22,3404210,2019-09-06 20:16:49:953,0.5635,0.8046,9.5672,-0.0008,0.0007,9.8066,0.0361,0.0115,0.1824,11.31,-35.94,8.13,88.28,-82.68,-165.59
52.37733,-1.492026,128.25,24.07,4,274.07,21 / 22,3404310,2019-09-06 20:16:50:053,-0.9336,-0.0276,9.2617,-0.0062,0.0145,9.8065,-0.0789,-0.0283,-0.0539,11.56,-36.12,8.25,90.8,-82.68,-164.19
52.37733,-1.492026,128.25,24.07,4,274.07,21 / 23,3404409,2019-09-06 20:16:50:152,-0.0117,-0.0264,10.3099,0.0127,-0.0044,9.8066,0.0569,0.0121,-0.006,11.38,-36.37,9.13,86.16,-82.63,-163.65
52.37733,-1.492026,128.25,24.07,4,274.07,21 / 23,3404510,2019-09-06 20:16:50:253,0.3782,-0.3895,10.0147,0.0136,-0.0085,9.8065,0.0028,-0.0009,0.0265,11.63,-35.56,8.25,89.75,-82.71,-165.2
52.37733,-1.492026,128.25,24.07,4,274.07,21 / 23,3404610,2019-09-06 20:16:50:353,-0.3699,0.0545,9.7804,-0.0095,-0.0019,9.8066,-0.1014,0.018,0.0031,10.88,-36.44,7.88,88.51,-82.63,-165.5
52.37733,-1.492026,128.25,24.07,4,274.07,21 / 23,3404710,2019-09-06 20:16:50:453,0.2281,-0.9243,9.8151,0.0135,0.0059,9.8066,0.0483,-0.0172,0.014,11.63,-36.5,8.13,88.52,-82.69,-166.46
52.37733,-1.492026,128.25,24.07,4,274.07,21 / 23,3404809,2019-09-06 20:16:50:552,0.6444,-0.6597,10.5583,-0.0163,0.0027,9.8066,0.1093,0.0491,0.0315,11.75,-36.69,7.88,90.06,-82.62,-165.67
52.37733,-1.492026,128.25,24.07,4,274.07,21 / 23,3404910,2019-09-06 20:16:50:653,-0.7328,-0.8202,10.1677,0.0143,0.0154,9.8066,-0.0439,0.1121,0.0183,12.25,-36.25,8.06,90.14,-82.75,-164.69
52.37733,-1.492026,128.25,24.07,4,274.07,21 / 23,3405009,2019-09-06 20:16:50:752,0.3671,1.2245,9.505,-0.0515,-0.0061,9.8064,0.0766,0.1061,-0.0633,11.81,-36.44,8.13,90.07,-82.87,-164.43
52.37733,-1.492026,128.25,24.07,4,274.07,21 / 23,3405109,2019-09-06 20:16:50:852,1.6157,-0.2985,8.1824,-0.0743,-0.006,9.8063,0.1671,-0.196,0.1397,11.63,-36.44,7.69,92.67,-82.54,-162.67
52.37733,-1.492026,128.25,24.07,4,274.07,21 / 23,3405210,2019-09-06 20:16:50:953,1.0022,-1.6412,8.8628,0.0489,0.0246,9.8065,-0.1921,0.1012,-0.0751,11.5,-36.37,8.13,92.16,-82.95,-162.1
52.37733,-1.492026,128.25,24.07,4,274.07,21 / 23,3405310,2019-09-06 20:16:51:053,-1.1082,-0.7769,10.6097,-0.0171,-0.0159,9.8065,0.2242,-0.0607,0.1472,11.25,-36.25,7.81,90.33,-82.82,-163.13
52.37733,-1.492026,128.25,24.07,4,274.07,21 / 22,3405409,2019-09-06 20:16:51:152,-0.4568,-0.9077,10.7619,-0.0372,0.0211,9.8065,0.1237,-0.0109,-0.0213,11.44,-36.69,8.25,90.88,-82.73,-163.39
52.37733,-1.492026,128.25,24.07,4,274.07,21 / 22,3405510,2019-09-06 20:16:51:253,0.0827,-0.9282,10.8216,-0.0276,0.0029,9.8065,-0.0789,-0.0135,0.0755,11.25,-36.19,8.5,89.25,-82.28,-161.56
52.37733,-1.492026,128.25,24.07,4,274.07,21 / 22,3405610,2019-09-06 20:16:51:353,1.0038,-0.2585,8.7041,-0.0099,-0.006,9.8066,-0.0322,-0.0119,-0.0561,11.38,-36.75,7.94,93.12,-82.36,-162.2
52.37733,-1.492026,128.25,24.07,4,274.07,21 / 22,3405709,2019-09-06 20:16:51:452,1.2009,0.2494,9.5335,-0.0411,-0.008,9.8065,0.1013,-0.044,0.0165,11.5,-37.12,7.44,98.47,-82.37,-161.87
52.37733,-1.492026,128.25,24.07,4,274.07,21 / 22,3405810,2019-09-06 20:16:51:553,1.2668,-0.2436,9.9041,0.0351,0.018,9.8065,-0.1106,0.0225,0.0213,11.13,-36.5,8.06,92.93,-82.57,-161.19
52.37733,-1.492026,128.25,24.07,4,274.07,21 / 22,3405910,2019-09-06 20:16:51:653,-0.3334,-0.4363,10.5074,0.0359,0.0046,9.8065,0.1278,0.0351,0.02,11.38,-36.69,8.44,93.61,-82.4,-161.57
52.37733,-1.492026,128.25,24.07,4,274.07,21 / 22,3406010,2019-09-06 20:16:51:753,-0.4986,0.1848,9.9951,0.0027,-0.008,9.8066,0.0378,0.0344,-0.0806,11.31,-36.37,8.06,92.44,-82.24,-162.63
52.37733,-1.492026,128.25,24.07,4,274.07,21 / 22,3406110,2019-09-06 20:16:51:853,1.5035,-0.0005,10.4047,-0.0042,-0.0006,9.8066,0.0921,0.0073,0.0499,11.25,-36.06,8,92.13,-82.26,-162.88
52.37733,-1.492026,128.25,24.07,4,274.07,21 / 22,3406209,2019-09-06 20:16:51:952,0.9141,-0.3405,9.5922,-0.0003,-0.0096,9.8066,0.0337,-0.0151,-0.0776,11,-36.25,8.63,86.94,-82.29,-163.82
52.37733,-1.492026,128.25,24.07,4,274.07,21 / 22,3406310,2019-09-06 20:16:52:053,0.2548,0.5158,10.0781,0.0047,0.0088,9.8066,-0.0313,0.0346,-0.0495,11.44,-36.31,8.63,87.14,-82.32,-163.53
52.37733,-1.492026,128.25,24.07,4,274.07,21 / 22,3406409,2019-09-06 20:16:52:152,-0.5796,-0.5112,9.7174,0.0118,-0.0044,9.8066,-0.0385,0.0319,-0.0109,11.75,-36.37,8.88,88.12,-82.3,-163.96
52.37733,-1.492026,128.25,24.07,4,274.07,21 / 22,3406509,2019-09-06 20:16:52:252,-0.5014,0.29,10.1705,0.009,-0.0004,9.8066,0.0963,-0.0147,0.0295,11.63,-36.25,8.63,88.02,-82.28,-164.1
52.37733,-1.492026,128.25,24.07,4,274.07,21 / 22,3406609,2019-09-06 20:16:52:352,0.4483,0.0421,10.1943,0.0081,-0.0022,9.8066,-0.025,0.0373,-0.0269,11.19,-36.37,8.31,91.08,-82.19,-164.17
52.37733,-1.492026,128.25,24.07,4,274.07,21 / 22,3406710,2019-09-06 20:16:52:453,0.1894,-0.1538,10.4989,0.0088,0.0038,9.8066,0.0132,0.0093,0.0192,12,-36.19,9.31,87.97,-82.13,-164.53
52.37733,-1.492026,128.25,24.07,4,274.07,21 / 22,3406810,2019-09-06 20:16:52:553,0.0468,0.3007,9.956,0.0098,-0.0058,9.8066,-0.029,0.031,-0.0515,12.25,-36.37,8.94,87.22,-82.16,-165.22
52.37733,-1.492026,128.25,24.07,4,274.07,21 / 22,3406910,2019-09-06 20:16:52:653,-0.9473,0.2251,10.0334,0.0115,0.0169,9.8066,0.0834,-0.0266,0.0835,11.25,-36.69,8.75,86.99,-82.24,-164.49
52.37733,-1.492026,128.25,24.07,4,274.07,21 / 22,3407010,2019-09-06 20:16:52:753,0.5632,-0.2746,9.6204,-0.0225,-0.0056,9.8065,0.1001,-0.0005,-0.0272,11.56,-36.25,8.69,89.02,-82.23,-163.22
52.37733,-1.492026,128.25,24.07,4,274.07,21 / 22,3407110,2019-09-06 20:16:52:853,0.885,-0.0943,9.2923,0.0344,0.0036,9.8065,-0.073,-0.012,-0.0146,11.38,-36.19,8.19,91.57,-81.85,-164.66
52.37733,-1.492026,128.25,24.07,4,274.07,21 / 22,3407210,2019-09-06 20:16:52:953,0.5521,0.144,10.9201,-0.0002,0.003,9.8066,-0.0019,0.0445,-0.001,11.44,-36.44,9.13,87.13,-81.77,-165.09
52.37733,-1.492026,128.25,24.07,4,274.07,21 / 22,3407309,2019-09-06 20:16:53:052,-0.2086,-0.4469,10.3817,-0.0103,0.0267,9.8066,0.0726,-0.0106,0.1508,11.06,-36.75,9.38,89.42,-81.59,-163.94
52.37749,-1.495141,126.3,23.57,4,274.6,21 / 23,3407410,2019-09-06 20:16:53:153,-0.862,0.2797,9.9329,-0.0048,0.0014,9.8066,0.0151,-0.0035,0.0012,11.13,-36.69,9.56,88.07,-81.44,-161.67
52.37749,-1.495141,126.3,23.57,4,274.6,21 / 23,3407509,2019-09-06 20:16:53:252,0.5175,0.6918,9.2444,0.0276,-0.0027,9.8065,-0.0705,-0.006,-0.052,11.19,-37.12,8.88,92.53,-81.59,-160.77
52.37749,-1.495141,126.3,23.57,4,274.6,21 / 23,3407609,2019-09-06 20:16:53:352,-0.4095,-0.8157,8.8002,0.0133,-0.0032,9.8066,-0.101,-0.0212,-0.0096,11.13,-37.19,8.56,91.16,-81.83,-161.48
52.37749,-1.495141,126.3,23.57,4,274.6,21 / 23,3407709,2019-09-06 20:16:53:452,0.8252,0.1203,9.0546,-0.0169,-0.0104,9.8066,-0.1073,0.0243,-0.0478,10.5,-36.69,8.38,94.61,-81.83,-162.24
52.37749,-1.495141,126.3,23.57,4,274.6,21 / 23,3407810,2019-09-06 20:16:53:553,0.7238,-0.3124,10.8797,0.0495,-0.0123,9.8064,0.0015,0.0428,-0.0526,9.88,-36.12,9.13,85.37,-81.94,-164.87
52.37749,-1.495141,126.3,23.57,4,274.6,21 / 23,3407909,2019-09-06 20:16:53:652,-0.1345,-0.5983,10.7014,-0.0049,-0.0123,9.8066,-0.007,-0.0001,0.0224,9.81,-35.81,8.56,84.38,-81.53,-167.05
52.37749,-1.495141,126.3,23.57,4,274.6,21 / 23,3408009,2019-09-06 20:16:53:752,0.237,-1.0882,9.7975,-0.0107,0.0028,9.8066,-0.1342,-0.1148,0.0784,10.06,-36.5,8.25,89.18,-81.57,-166.79
52.37749,-1.495141,126.3,23.57,4,274.6,21 / 23,3408110,2019-09-06 20:16:53:853,1.4209,-0.5548,9.7465,0.0229,0.006,9.8065,-0.0379,0.0226,0.0223,10.75,-36.12,8.63,86.58,-81.68,-165.86
52.37749,-1.495141,126.3,23.57,4,274.6,21 / 23,3408211,2019-09-06 20:16:53:954,-0.1538,0.2859,9.3546,-0.0157,-0.0099,9.8066,0.0341,0.0904,0.0162,11,-36.37,8.19,90.69,-81.74,-165.88
52.37749,-1.495141,126.3,23.57,4,274.6,21 / 23,3408309,2019-09-06 20:16:54:052,0.9933,-1.0074,10.1627,-0.0205,-0.0015,9.8066,-0.0423,0.0681,-0.0643,10.88,-35.75,8,90.79,-81.67,-165.98
52.37749,-1.495141,126.3,23.57,4,274.6,20 / 21,3408409,2019-09-06 20:16:54:152,0.2505,-0.9327,10.9908,-0.012,0.0026,9.8066,0.1179,-0.0782,0.0819,10.94,-35.69,8.25,90.97,-81.58,-166.05
52.37749,-1.495141,126.3,23.57,4,274.6,20 / 21,3408510,2019-09-06 20:16:54:253,0.5393,0.066,10.4072,-0.0173,-0.0017,9.8065,0.0693,0.025,-0.0036,10.56,-36.25,8.75,87.32,-81.53,-165.54
52.37749,-1.495141,126.3,23.57,4,274.6,20 / 21,3408610,2019-09-06 20:16:54:353,1.4573,-0.0763,10.857,0.04,0.0093,9.8065,0.2345,0.045,0.0111,9.63,-36,8.31,90.89,-81.32,-165.86
52.37749,-1.495141,126.3,23.57,4,274.6,20 / 21,3408710,2019-09-06 20:16:54:453,-0.4841,0.162,10.3546,-0.0494,-0.0241,9.8064,0.116,0.0984,-0.0798,8.75,-36.94,5.81,100.88,-81.57,-165.18
52.37749,-1.495141,126.3,23.57,4,274.6,20 / 21,3408810,2019-09-06 20:16:54:553,1.201,-1.4956,10.0099,0.0192,0.0083,9.8066,0.0717,-0.1338,0.1259,5.56,-40.12,4.38,116.75,-81.63,-165.93
52.37749,-1.495141,126.3,23.57,4,274.6,20 / 21,3408909,2019-09-06 20:16:54:652,0.3899,-0.2334,10.0366,0.0456,-0.014,9.8065,0.1451,-0.0632,0.0219,0.75,-43.87,7.81,69.99,-81.72,-165.55
52.37749,-1.495141,126.3,23.57,4,274.6,20 / 21,3409010,2019-09-06 20:16:54:753,-0.3134,-0.4752,10.0775,0.0024,-0.0232,9.8066,-0.053,-0.0017,0.0278,-2,-41.37,11.06,9.81,-81.36,-165.38
52.37749,-1.495141,126.3,23.57,4,274.6,20 / 21,3409110,2019-09-06 20:16:54:853,1.3828,2.0209,10.1017,0.0085,0.0196,9.8066,0.0076,0.0216,-0.0233,-3.06,-40.25,12.13,0.21,-81,-165.86
52.37749,-1.495141,126.3,23.57,4,274.6,20 / 21,3409209,2019-09-06 20:16:54:952,1.3759,0.8631,9.8636,-0.005,0.0114,9.8066,0.0623,-0.0532,0.0611,-2.81,-37.62,12.88,1.17,-80.92,-166.38
52.37749,-1.495141,126.3,23.57,4,274.6,20 / 21,3409309,2019-09-06 20:16:55:052,-0.9645,-0.1034,9.6095,0.001,0.027,9.8065,-0.1136,-0.0079,0.0311,-2.94,-36,10.69,357.8,-81.05,-165.84
52.37749,-1.495141,126.3,23.57,4,274.6,20 / 21,3409410,2019-09-06 20:16:55:153,-0.657,0.6718,9.7283,-0.0154,0.042,9.8065,0.1338,-0.0082,0.0352,-2.81,-39.12,8.19,337.18,-81.37,-166.6
52.37749,-1.495141,126.3,23.57,4,274.6,20 / 21,3409509,2019-09-06 20:16:55:252,1.4261,0.1288,9.4954,0.0079,-0.0401,9.8065,0.046,0.0287,-0.0606,-1.25,-43.94,10.69,19.33,-81.38,-167.09
52.37749,-1.495141,126.3,23.57,4,274.6,20 / 21,3409610,2019-09-06 20:16:55:353,1.1387,-1.5071,10.6169,-0.0052,0.0097,9.8066,0.2727,0.0936,-0.0595,9.44,-40.5,14.25,64.98,-81.25,-167.57
52.37749,-1.495141,126.3,23.57,4,274.6,20 / 21,3409710,2019-09-06 20:16:55:453,-1.2656,0.2512,9.9359,0.0531,0.0268,9.8064,0.1572,-0.106,-0.0051,15.63,-37.5,12.69,79.49,-81.22,-167.35
52.37749,-1.495141,126.3,23.57,4,274.6,20 / 21,3409809,2019-09-06 20:16:55:552,1.0168,0.771,10.5592,-0.008,-0.0084,9.8066,-0.0121,0.0101,-0.0685,14.88,-36.25,13.25,78.72,-80.95,-166.97
52.37749,-1.495141,126.3,23.57,4,274.6,20 / 21,3409910,2019-09-06 20:16:55:653,2.764,0.8566,10.3231,-0.0273,-0.0193,9.8066,0.0888,0.0075,0.0538,13.06,-36.19,12.5,75.51,-80.81,-167.52
52.37749,-1.495141,126.3,23.57,4,274.6,20 / 21,3410010,2019-09-06 20:16:55:753,1.3592,0.8249,10.0957,0.0256,0.0218,9.8065,0.0516,0.0158,0.0199,12.19,-35.56,12.19,78.3,-80.65,-166.84
52.37749,-1.495141,126.3,23.57,4,274.6,20 / 21,3410109,2019-09-06 20:16:55:852,-0.9308,-0.0031,9.8441,0.0058,0.0108,9.8066,-0.1429,0.0447,-0.0243,11.5,-35.31,12.38,78.15,-80.49,-166.77
52.37749,-1.495141,126.3,23.57,4,274.6,20 / 21,3410210,2019-09-06 20:16:55:953,-0.6639,-0.0457,9.2627,0.0109,-0.0043,9.8066,0.0921,-0.0102,0.038,11.69,-35.62,12,78.34,-80.53,-167.08
52.37749,-1.495141,126.3,23.57,4,274.6,20 / 21,3410310,2019-09-06 20:16:56:053,1.0752,-0.3421,10.0809,-0.0144,-0.0168,9.8066,0.1899,-0.0069,-0.0542,11.75,-35.87,10.81,81.1,-80.56,-167.79
52.37749,-1.495141,126.3,23.57,4,274.6,20 / 21,3410410,2019-09-06 20:16:56:153,1.1216,-0.2043,9.9844,-0.0011,-0.0081,9.8066,0.0043,-0.0221,0.0301,11.19,-35.69,11.25,78.71,-80.47,-168.84
52.37749,-1.495141,126.3,23.57,4,274.6,20 / 21,3410510,2019-09-06 20:16:56:253,1.3226,0.6629,10.4178,-0.0205,-0.0065,9.8066,-0.0543,-0.0404,0.0344,11.19,-35.44,11.63,74.67,-80.22,-168.98
52.37749,-1.495141,126.3,23.57,4,274.6,20 / 21,3410609,2019-09-06 20:16:56:352,0.9306,-0.2021,10.5069,0.0084,-0.0009,9.8066,0.0335,0.033,-0.0256,10.69,-35.56,11.75,75.24,-80.17,-169.2
52.37749,-1.495141,126.3,23.57,4,274.6,20 / 21,3410709,2019-09-06 20:16:56:452,0.6455,-0.6875,9.7583,0.0122,0.0044,9.8066,0.034,0.0094,0.0111,11.69,-35.62,11.75,76.42,-80.3,-169.4
52.37749,-1.495141,126.3,23.57,4,274.6,20 / 21,3410810,2019-09-06 20:16:56:553,-0.9033,0.4221,9.7305,0.0149,0.0045,9.8066,-0.0077,-0.0582,0.0483,11.13,-35.56,10.88,77.91,-80.42,-169.7
52.37749,-1.495141,126.3,23.57,4,274.6,20 / 21,3410910,2019-09-06 20:16:56:653,0.0538,0.3213,10.3987,-0.0013,0.0062,9.8066,-0.0394,-0.0165,0.0323,11.25,-35.44,10.94,77.95,-80.35,-169.17
52.37749,-1.495141,126.3,23.57,4,274.6,20 / 21,3411010,2019-09-06 20:16:56:753,-0.5269,-0.0964,10.0118,-0.0133,-0.0045,9.8066,0.123,-0.0039,0.0022,11.06,-35.75,10.94,78.86,-80.22,-169.34
52.37749,-1.495141,126.3,23.57,4,274.6,20 / 21,3411109,2019-09-06 20:16:56:852,1.9933,1.1029,9.5969,-0.0221,-0.0128,9.8066,0.0842,0.0447,0.0515,11.94,-36.12,10.94,80.14,-80.17,-169.66
52.37749,-1.495141,126.3,23.57,4,274.6,20 / 21,3411210,2019-09-06 20:16:56:953,0.7176,0.1718,10.364,0.0202,0.0065,9.8066,-0.0504,-0.0292,-0.0928,11.63,-35.81,10.81,79.8,-80.18,-169.95
52.37749,-1.495141,126.3,23.57,4,274.6,20 / 21,3411310,2019-09-06 20:16:57:053,0.8173,-0.7379,9.2525,0.0291,-0.0101,9.8066,0.0013,-0.0434,0.0576,11.44,-35.69,10.63,77.3,-80.28,-170.61
52.37749,-1.495141,126.3,23.57,4,274.6,20 / 21,3411410,2019-09-06 20:16:57:153,0.073,-2.0178,9.5556,0.025,0.0208,9.8065,-0.0819,0.0154,-0.0151,11.56,-35.56,10.81,78.15,-80.46,-170.83
52.37749,-1.495141,126.3,23.57,4,274.6,20 / 21,3411509,2019-09-06 20:16:57:252,0.8124,-0.9923,9.5825,-0.0147,-0.0102,9.8066,-0.021,-0.0878,0.0689,11.13,-36.19,10.25,80.61,-80.54,-170.69
52.37749,-1.495141,126.3,23.57,4,274.6,20 / 21,3411610,2019-09-06 20:16:57:353,1.048,-1.1067,9.6233,-0.0058,-0.0048,9.8066,-0.0747,0.1049,-0.0574,11.5,-36.56,10.81,79.2,-80.29,-170.9
52.37749,-1.495141,126.3,23.57,4,274.6,20 / 21,3411710,2019-09-06 20:16:57:453,-0.0664,0.1524,10.5442,-0.0021,-0.0279,9.8065,0.1429,0.0343,0.0371,11.38,-36.19,10.56,76.02,-80.09,-172.26
52.37749,-1.495141,126.3,23.57,4,274.6,20 / 21,3411810,2019-09-06 20:16:57:553,-0.908,-0.681,10.2157,0.0144,0.0084,9.8066,0.0631,-0.042,-0.0587,11.25,-36.31,11.31,75.39,-80.21,-172.51
52.37749,-1.495141,126.3,23.57,4,274.6,20 / 21,3411910,2019-09-06 20:16:57:653,-0.0064,-0.4698,9.6835,0.0197,0.0096,9.8066,-0.1461,-0.0524,-0.0122,11.94,-36.75,10.75,77.58,-80.34,-172.26
52.37749,-1.495141,126.3,23.57,4,274.6,20 / 21,3412010,2019-09-06 20:16:57:753,1.4122,-0.055,9.533,-0.016,-0.0185,9.8066,-0.0316,0.0088,0.0045,11.5,-36,10.44,80.16,-80.37,-172.82
52.37749,-1.495141,126.3,23.57,4,274.6,20 / 21,3412109,2019-09-06 20:16:57:852,0.6269,0.7513,9.6045,-0.0188,-0.0096,9.8065,0.1263,0.0302,-0.0694,12,-35.87,10.44,79.7,-80.42,-173.12
52.37749,-1.495141,126.3,23.57,4,274.6,20 / 21,3412210,2019-09-06 20:16:57:953,-0.6307,0.3842,10.1318,0.0181,-0.0017,9.8066,0.0284,0.0202,-0.0197,11.94,-35.69,10.88,75.92,-80.34,-173.15
52.37749,-1.495141,126.3,23.57,4,274.6,20 / 21,3412310,2019-09-06 20:16:58:053,0.1315,0.2536,9.223,-0.0159,-0.005,9.8066,-0.0897,-0.0238,0.0364,12.19,-35.62,10.25,79.26,-80.33,-173.76
52.37749,-1.495141,126.3,23.57,4,274.6,20 / 21,3412410,2019-09-06 20:16:58:153,0.7025,-0.4085,9.6458,-0.0033,-0.0065,9.8066,-0.0977,0.0449,-0.0233,12.56,-35.75,10.81,75.76,-80.44,-174.36
52.37749,-1.495141,126.3,23.57,4,274.6,20 / 21,3412509,2019-09-06 20:16:58:252,0.6597,0.1544,9.6267,0.0006,-0.0247,9.8066,0.0881,-0.0261,-0.0228,12.56,-36.19,10.94,74.54,-80.48,-175.39
52.37749,-1.495141,126.3,23.57,4,274.6,20 / 21,3412610,2019-09-06 20:16:58:353,-1.1073,0.4729,10.1564,0.0217,0.0044,9.8066,-0.0568,0.0472,0.0182,12.25,-35.56,10.19,75.51,-80.66,-176.39
52.37749,-1.495141,126.3,23.57,4,274.6,20 / 21,3412709,2019-09-06 20:16:58:452,0.3812,-0.5752,10.3656,0.025,-0.0005,9.8065,-0.0027,0.0046,0.0798,12.81,-35.81,10.5,72.69,-80.56,-176.87
52.37749,-1.495141,126.3,23.57,4,274.6,20 / 21,3412810,2019-09-06 20:16:58:553,0.2657,-0.5771,9.864,-0.0054,-0.007,9.8066,-0.0175,-0.009,-0.0252,12.69,-36.31,10.56,71.55,-80.52,-177.98
52.37749,-1.495141,126.3,23.57,4,274.6,20 / 21,3412910,2019-09-06 20:16:58:653,0.0667,0.4271,9.4159,0.0319,0.0048,9.8066,0.0435,0.0098,0.0386,12.81,-35.62,10.31,75.12,-80.44,-178.44
52.37749,-1.495141,126.3,23.57,4,274.6,20 / 21,3413010,2019-09-06 20:16:58:753,-0.4925,0.3656,9.7351,0.041,0.0007,9.8065,-0.1808,0.028,-0.0827,12.81,-35.62,10.31,73.03,-80.71,-179.66
52.37749,-1.495141,126.3,23.57,4,274.6,20 / 21,3413109,2019-09-06 20:16:58:852,-0.9696,-0.2182,9.5612,-0.0085,-0.0222,9.8066,-0.025,0.0258,0.0445,12.69,-35.75,10.63,69.77,-80.58,-179.42
52.37749,-1.495141,126.3,23.57,4,274.6,20 / 21,3413210,2019-09-06 20:16:58:953,-0.253,-0.1308,9.4541,0.0246,0.0067,9.8066,0.0301,-0.0711,-0.0688,12.94,-35.62,10.56,68.94,-80.6,179.89
52.37749,-1.495141,126.3,23.57,4,274.6,20 / 21,3413309,2019-09-06 20:16:59:052,0.2609,-0.2639,9.256,0.0232,0,9.8065,-0.0862,-0.0396,-0.0414,12.69,-35.62,10.25,71.9,-80.77,179.45
52.37749,-1.495141,126.3,23.57,4,274.6,20 / 22,3413410,2019-09-06 20:16:59:153,-0.1775,0.868,9.763,0.0341,0.0041,9.8065,-0.0903,-0.0572,-0.0124,12.81,-35.5,10.31,71.11,-80.65,179.05
52.37749,-1.495141,126.3,23.57,4,274.6,20 / 22,3413510,2019-09-06 20:16:59:253,-0.4499,-1.0235,10.4053,-0.0377,-0.0151,9.8066,0.1656,-0.012,-0.0852,12.44,-35.5,9.94,67.16,-80.86,177.35
52.37749,-1.495141,126.3,23.57,4,274.6,20 / 22,3413610,2019-09-06 20:16:59:353,-0.7034,-0.4118,10.3319,-0.0227,-0.003,9.8066,0.0994,-0.0057,0.0115,13.38,-35.69,10.19,69.99,-80.78,177.79
52.37749,-1.495141,126.3,23.57,4,274.6,20 / 22,3413710,2019-09-06 20:16:59:453,1.1977,-0.1931,10.1332,0.0274,-0.0091,9.8066,-0.0454,-0.0494,-0.1021,12.94,-35.12,10.38,69.08,-80.8,177.61
52.37749,-1.495141,126.3,23.57,4,274.6,20 / 22,3413810,2019-09-06 20:16:59:553,-0.5742,0.903,9.4316,0.0288,0.0029,9.8065,-0.031,0.0695,0.0475,12.94,-35.5,10.31,67.21,-80.93,176.25
52.37749,-1.495141,126.3,23.57,4,274.6,20 / 22,3413910,2019-09-06 20:16:59:653,-1.8038,-0.1406,8.8741,0.0036,-0.0067,9.8066,0.0953,-0.0641,0.0333,12.88,-35.62,9.88,68.14,-80.81,176.25
52.37749,-1.495141,126.3,23.57,4,274.6,20 / 22,3414010,2019-09-06 20:16:59:753,-0.0753,0.5397,9.9392,-0.0421,-0.0269,9.8064,0.2899,0.0327,0.0102,13.19,-35.56,9.88,66.62,-80.95,175.25
52.37749,-1.495141,126.3,23.57,4,274.6,20 / 22,3414109,2019-09-06 20:16:59:852,0.0733,0.8449,7.9646,-0.1839,-0.0206,9.8048,-0.3013,0.068,0.116,13.25,-35.44,9.5,69.53,-80.25,176.76
52.37749,-1.495141,126.3,23.57,4,274.6,20 / 22,3414209,2019-09-06 20:16:59:952,-0.8145,-2.2234,8.1257,0.0334,0.036,9.8065,0.0313,-0.351,0.1588,12.94,-35.12,9.94,69.98,-80.68,178.12
52.37749,-1.495141,126.3,23.57,4,274.6,20 / 22,3414310,2019-09-06 20:17:00:053,0.3997,-1.1014,7.7898,0.0136,-0.0376,9.8065,-0.1812,0.1815,-0.3089,13.69,-35.62,10,70.65,-80.78,177.3
52.37749,-1.495141,126.3,23.57,4,274.6,20 / 21,3414409,2019-09-06 20:17:00:152,1.8794,-0.4428,8.6582,0.0087,0.0067,9.8066,0.0298,-0.1099,0.0493,13.5,-35.19,9.44,70.91,-81.1,175.32
52.37749,-1.495141,126.3,23.57,4,274.6,20 / 21,3414510,2019-09-06 20:17:00:253,0.6286,-0.4266,8.2962,-0.0527,-0.0595,9.8063,-0.1849,-0.0124,-0.0553,14,-35.31,10,64.25,-81.07,172.81
52.37749,-1.495141,126.3,23.57,4,274.6,20 / 21,3414609,2019-09-06 20:17:00:352,2.0941,-0.5709,9.4873,0.0238,-0.0073,9.8066,0.2596,-0.0014,-0.0446,13.88,-34.87,9.44,66.99,-80.99,171.63
52.37749,-1.495141,126.3,23.57,4,274.6,20 / 21,3414710,2019-09-06 20:17:00:453,-1.3672,-1.0532,9.9693,-0.0199,0.0069,9.8065,0.0353,-0.0575,0.0567,13.63,-35.19,9.63,62.43,-80.93,170.99
52.37749,-1.495141,126.3,23.57,4,274.6,20 / 21,3414809,2019-09-06 20:17:00:552,-0.2029,0.6648,9.8138,0.0049,0.0049,9.8066,-0.0082,0.0527,-0.0185,13.31,-34.87,8.94,65.96,-80.98,171.71
52.37749,-1.495141,126.3,23.57,4,274.6,20 / 21,3414909,2019-09-06 20:17:00:652,-0.0516,-0.977,9.4139,0.0085,0.0128,9.8065,0.0473,0.0062,-0.0808,13.38,-35,9.44,66.36,-81.11,172.34
52.37749,-1.495141,126.3,23.57,4,274.6,20 / 21,3415010,2019-09-06 20:17:00:753,-2.3469,0.6549,8.6682,0.0064,-0.0164,9.8066,-0.1649,0.0572,-0.0735,13,-34.62,9.56,60.29,-81.21,170.97
52.37749,-1.495141,126.3,23.57,4,274.6,20 / 21,3415110,2019-09-06 20:17:00:853,-1.2315,1.6392,9.3486,-0.0183,-0.001,9.8066,-0.0408,-0.0355,-0.0151,13.56,-35.25,9.19,66.26,-81.22,171.48
52.37749,-1.495141,126.3,23.57,4,274.6,20 / 21,3415210,2019-09-06 20:17:00:953,-1.311,-0.7162,10.5127,-0.0304,-0.0026,9.8066,-0.0486,-0.0166,0.0434,13.56,-34.69,8.75,64.65,-81.45,170.57
52.37749,-1.495141,126.3,23.57,4,274.6,20 / 21,3415310,2019-09-06 20:17:01:053,1.1659,-0.3297,10.4808,-0.0098,0.0103,9.8066,0.1355,-0.0485,0.0596,13.63,-34.5,8.75,64,-81.33,170.26
52.37749,-1.495141,126.3,23.57,4,274.6,20 / 21,3415409,2019-09-06 20:17:01:152,0.9968,1.1459,10.6459,-0.0118,0.0093,9.8066,0.0443,0.0377,-0.0366,13.38,-34.69,7.94,70.25,-81.18,172.09
52.37749,-1.495141,126.3,23.57,4,274.6,20 / 21,3415509,2019-09-06 20:17:01:252,-0.1549,1.1508,10.8399,-0.0037,0.0198,9.8066,0.0114,-0.0005,0.1024,13.06,-34.5,7.81,70.93,-81.23,173.4
52.37749,-1.495141,126.3,23.57,4,274.6,20 / 21,3415610,2019-09-06 20:17:01:353,-0.4843,-0.0533,9.7128,-0.0211,-0.0106,9.8066,-0.0255,0.0509,0.0119,12,-33.75,7,75.21,-81.17,173.76
52.37749,-1.495141,126.3,23.57,4,274.6,20 / 21,3415710,2019-09-06 20:17:01:453,-0.3362,-0.3086,8.7672,-0.0028,-0.0111,9.8065,-0.0172,0.0016,-0.0851,11.69,-34.5,6.19,79.04,-81.21,172.88
52.37749,-1.495141,126.3,23.57,4,274.6,20 / 21,3415810,2019-09-06 20:17:01:553,-0.1202,-0.7899,8.9792,0.0011,-0.0074,9.8066,-0.062,-0.0481,0.0194,11.94,-35.31,6.56,73.19,-81.38,171.85
52.37749,-1.495141,126.3,23.57,4,274.6,20 / 21,3415910,2019-09-06 20:17:01:653,1.3085,-0.8206,9.5436,-0.0212,-0.0019,9.8066,-0.198,-0.0017,0.0217,12.94,-35.81,4.44,88.35,-81.39,171.82
52.37749,-1.495141,126.3,23.57,4,274.6,20 / 21,3416010,2019-09-06 20:17:01:753,-0.0634,-0.9437,9.0052,0.0272,-0.0145,9.8065,-0.0421,-0.0089,-0.0187,14,-39.37,2,97.51,-81.44,171.44
52.37749,-1.495141,126.3,23.57,4,274.6,20 / 21,3416109,2019-09-06 20:17:01:852,-4.1465,-2.4038,8.9197,-0.0628,0.0192,9.8064,0.0373,0.0095,0.0347,13.44,-49.25,3.25,102.52,-81.07,171.39
52.37749,-1.495141,126.3,23.57,4,274.6,20 / 21,3416210,2019-09-06 20:17:01:953,3.9263,-4.4993,8.4792,0.1477,0.07,9.8053,0.0535,0.3138,-0.3165,12.19,-48.87,15.5,44.31,-81.66,172.68
52.37749,-1.495141,126.3,23.57,4,274.6,20 / 21,3416309,2019-09-06 20:17:02:052,-2.4776,4.1591,8.6818,0.005,0.0107,9.8066,-0.6034,0.1457,-0.2617,13.06,-44.44,15.44,47.59,-81.29,171.9
52.37763,-1.49817,126.62,22.82,6,274.87,20 / 22,3416410,2019-09-06 20:17:02:153,2.075,-0.1895,8.4248,0.1248,0.0142,9.8058,0.2931,-0.0467,-0.0409,13.88,-42.06,12.38,60.96,-81.37,173.74
52.37763,-1.49817,126.62,22.82,6,274.87,20 / 22,3416509,2019-09-06 20:17:02:252,-0.1198,1.433,8.7948,0.0366,-0.008,9.8065,-0.1211,0.121,-0.1281,14.06,-40.87,8.69,67.43,-81.91,171.11
52.37763,-1.49817,126.62,22.82,6,274.87,20 / 22,3416609,2019-09-06 20:17:02:352,-1.8319,-0.0767,10.3685,0.0265,0.013,9.8065,0.1162,-0.0069,0.146,13.88,-43.06,5.94,81.76,-81.99,171.73
52.37763,-1.49817,126.62,22.82,6,274.87,20 / 22,3416710,2019-09-06 20:17:02:453,0.8725,-0.0396,9.4516,-0.0533,0.0047,9.8064,0.1495,-0.0826,-0.0174,14.75,-44.94,4.5,87.09,-82.07,172.16
52.37763,-1.49817,126.62,22.82,6,274.87,20 / 22,3416809,2019-09-06 20:17:02:552,0.1543,-0.0482,9.5252,-0.0325,0.0097,9.8066,-0.1687,0.0001,-0.0146,14.63,-51.62,2.25,103.34,-81.83,172.42
52.37763,-1.49817,126.62,22.82,6,274.87,20 / 22,3416909,2019-09-06 20:17:02:652,0.2799,-1.6486,9.6537,0.0132,-0.0126,9.8066,-0.0298,-0.1021,-0.0467,14.13,-55.5,10.25,71.41,-81.97,171.48
52.37763,-1.49817,126.62,22.82,6,274.87,20 / 22,3417010,2019-09-06 20:17:02:753,1.8262,0.908,9.8747,-0.0014,-0.0098,9.8066,-0.1262,0.119,-0.0819,11.63,-44.5,17.19,36.91,-81.94,171.13
52.37763,-1.49817,126.62,22.82,6,274.87,20 / 22,3417109,2019-09-06 20:17:02:852,0.3932,1.5708,10.1206,0.0026,0.0233,9.8066,-0.0335,-0.0607,0.0259,10.38,-37,13.81,39.18,-82.08,172.54
52.37763,-1.49817,126.62,22.82,6,274.87,20 / 22,3417209,2019-09-06 20:17:02:952,0.2529,1.2061,10.3539,0.0087,0.0014,9.8066,-0.0312,-0.1144,-0.0746,9.81,-35.62,12.81,42.06,-82.01,172.38
52.37763,-1.49817,126.62,22.82,6,274.87,20 / 22,3417310,2019-09-06 20:17:03:053,0.9465,0.3532,10.3438,0.0014,0.0039,9.8066,0.0459,-0.0349,0.154,9.25,-35.12,11.63,41.8,-81.96,172.03
52.37763,-1.49817,126.62,22.82,6,274.87,20 / 21,3417410,2019-09-06 20:17:03:153,-1.7224,0.9562,9.664,-0.0035,0.0154,9.8066,0.0327,-0.0846,0.0362,9.19,-35.62,11.56,44.71,-81.9,173.72
52.37763,-1.49817,126.62,22.82,6,274.87,20 / 21,3417509,2019-09-06 20:17:03:252,-1.4258,1.423,8.7797,0.0115,0.0103,9.8066,-0.0085,-0.05,0.0804,9.06,-35.06,10.19,52.3,-82.07,173.44
52.37763,-1.49817,126.62,22.82,6,274.87,20 / 21,3417610,2019-09-06 20:17:03:353,-0.8483,0.5257,9.0204,-0.0167,0.0038,9.8065,0.1037,-0.0881,0.1345,9.94,-35.75,10.06,55.93,-82.21,173.97
52.37763,-1.49817,126.62,22.82,6,274.87,20 / 21,3417709,2019-09-06 20:17:03:452,-0.26,0.1828,9.5813,-0.0028,-0.0078,9.8066,0.0903,-0.1519,0.0226,10.56,-35.5,10.31,57.87,-82.28,174.27
52.37763,-1.49817,126.62,22.82,6,274.87,20 / 21,3417809,2019-09-06 20:17:03:552,-0.9464,0.4222,9.8633,0.0002,0.0092,9.8066,0.1285,-0.0649,0.051,11.63,-34.87,9.13,64.62,-82.32,174.81
52.37763,-1.49817,126.62,22.82,6,274.87,20 / 21,3417910,2019-09-06 20:17:03:653,0.5352,1.6693,10.2752,-0.0081,-0.0129,9.8066,-0.008,-0.0192,-0.075,12.38,-34.62,9.13,65.86,-82.08,175.33
52.37763,-1.49817,126.62,22.82,6,274.87,20 / 21,3418010,2019-09-06 20:17:03:753,-0.3986,-0.2753,10.2212,-0.0054,-0.0012,9.8066,0.0395,-0.1295,0.0538,12.31,-35.37,9.13,65.64,-81.97,174.87
52.37763,-1.49817,126.62,22.82,6,274.87,20 / 21,3418109,2019-09-06 20:17:03:852,0.2589,1.0493,9.6581,-0.0028,-0.0161,9.8066,0.0125,-0.0374,-0.0168,12.63,-35.5,8.38,70.48,-81.86,173.91
52.37763,-1.49817,126.62,22.82,6,274.87,20 / 21,3418210,2019-09-06 20:17:03:953,0.6489,-0.99,8.9274,-0.0075,-0.0058,9.8066,-0.0643,0.0595,-0.0361,13.06,-36,8.38,70.79,-81.94,173.87
52.37763,-1.49817,126.62,22.82,6,274.87,20 / 21,3418309,2019-09-06 20:17:04:052,0.1675,1.1535,9.6683,0.0165,0.0051,9.8066,-0.0164,0.0659,-0.0918,13.31,-35.69,8.44,70.24,-82.02,173.56
52.37763,-1.49817,126.62,22.82,6,274.87,19 / 20,3418409,2019-09-06 20:17:04:152,0.2994,-0.2892,9.657,-0.0049,-0.0049,9.8066,-0.0187,0.0094,-0.0254,13,-35.81,8.13,68.73,-82.09,172.39
52.37763,-1.49817,126.62,22.82,6,274.87,19 / 20,3418510,2019-09-06 20:17:04:253,0.9407,-0.8306,9.2289,0.0107,-0.0017,9.8066,0.0338,-0.1266,0.0274,13.25,-35.81,7.69,68.16,-82.14,172.02
52.37763,-1.49817,126.62,22.82,6,274.87,19 / 20,3418610,2019-09-06 20:17:04:353,0.1378,0.1745,9.5154,0.0343,0.0017,9.8065,-0.0347,-0.0243,0.037,13.81,-35.31,7.31,73.25,-82.05,172.27
52.37763,-1.49817,126.62,22.82,6,274.87,19 / 20,3418710,2019-09-06 20:17:04:453,-0.6361,-0.6614,8.7376,0.0229,0.0008,9.8066,-0.0717,0.0342,-0.039,13.19,-35.5,7.19,71.02,-82.26,171.45
52.37763,-1.49817,126.62,22.82,6,274.87,19 / 20,3418810,2019-09-06 20:17:04:553,0.5556,-0.3503,9.8163,-0.0364,-0.0017,9.8066,-0.1553,0.1009,0.0113,13.44,-35.12,6.94,72.22,-82.19,172.34
52.37763,-1.49817,126.62,22.82,6,274.87,19 / 20,3418910,2019-09-06 20:17:04:653,0.9694,-1.1755,10.7595,-0.0409,-0.0095,9.8065,0.2077,-0.045,0.1572,13.06,-35.5,7.44,72.51,-82.14,172.49
52.37763,-1.49817,126.62,22.82,6,274.87,19 / 20,3419010,2019-09-06 20:17:04:753,-0.359,0.2013,10.2641,-0.0303,0.0102,9.8065,0.0499,-0.017,0.0214,13.38,-35.44,8.13,68.11,-82.12,172.43
52.37763,-1.49817,126.62,22.82,6,274.87,19 / 20,3419110,2019-09-06 20:17:04:853,0.4927,-0.6542,10.086,0.0087,-0.0142,9.8066,0.2631,0.0141,0.0619,13.5,-35.5,7.63,68.99,-82.15,172.35
52.37763,-1.49817,126.62,22.82,6,274.87,19 / 20,3419210,2019-09-06 20:17:04:953,0.4146,-0.8066,9.6713,0.0002,0.0057,9.8066,0.0747,0.0164,-0.0132,13.19,-36.31,7.56,67.06,-82.24,171.29
52.37763,-1.49817,126.62,22.82,6,274.87,19 / 20,3419309,2019-09-06 20:17:05:052,-0.5744,-0.5174,10.2849,0.0236,0.0029,9.8065,0.0346,0.0627,0.0874,12.88,-35,7.75,66.58,-82.37,171.65
52.37763,-1.49817,126.62,22.82,6,274.87,19 / 20,3419410,2019-09-06 20:17:05:153,-0.9111,-0.0867,9.6313,-0.006,-0.0071,9.8066,0.0078,0.0228,-0.0833,14,-35.19,8.06,67.31,-82.31,171.21
52.37763,-1.49817,126.62,22.82,6,274.87,19 / 20,3419510,2019-09-06 20:17:05:253,0.88,-1.2288,9.1925,0.0396,-0.0129,9.8065,-0.2098,0.0076,-0.0591,13.81,-34.87,7.75,67.82,-82.17,171.34
52.37763,-1.49817,126.62,22.82,6,274.87,19 / 20,3419609,2019-09-06 20:17:05:352,0.6558,-0.5725,9.7588,0.0322,0.0127,9.8066,-0.1198,-0.0363,0.0696,13.69,-34.94,7.25,70.09,-82.35,170.11
52.37763,-1.49817,126.62,22.82,6,274.87,19 / 20,3419709,2019-09-06 20:17:05:452,-0.3698,0.1168,10.0118,0.031,0.0018,9.8065,-0.0649,0.0459,-0.0241,13.38,-34.81,8,63.91,-82.44,169.49
52.37763,-1.49817,126.62,22.82,6,274.87,19 / 20,3419809,2019-09-06 20:17:05:552,-0.6512,-0.157,9.8319,-0.0112,-0.0047,9.8066,0.0784,0.0528,0.0019,13.63,-35.12,7.38,69.69,-82.47,170.02
52.37763,-1.49817,126.62,22.82,6,274.87,19 / 20,3419910,2019-09-06 20:17:05:653,0.926,-1.4443,9.4642,0.0279,-0.0148,9.8065,-0.0779,-0.0319,-0.0535,14.13,-34.62,7.38,69.32,-82.37,169.45
52.37763,-1.49817,126.62,22.82,6,274.87,19 / 20,3420009,2019-09-06 20:17:05:752,0.2263,-0.8582,9.4531,0.0437,0.0079,9.8064,-0.1641,-0.0183,0.0487,14.44,-34.69,7.06,67.44,-82.49,168.06
52.37763,-1.49817,126.62,22.82,6,274.87,19 / 20,3420109,2019-09-06 20:17:05:852,-0.6916,-0.9652,10.0719,0.0287,0.0027,9.8065,0.0846,-0.0272,0.0249,14.19,-35.06,7.5,62.98,-82.47,167.75
52.37763,-1.49817,126.62,22.82,6,274.87,19 / 20,3420210,2019-09-06 20:17:05:953,0.3989,-0.7214,9.7297,-0.0322,-0.0057,9.8065,0.1232,0.0448,0.0074,14.25,-35.06,7.06,68.17,-82.39,168.49
52.37763,-1.49817,126.62,22.82,6,274.87,19 / 20,3420310,2019-09-06 20:17:06:053,-0.3514,-0.871,9.6962,0.0272,0.0109,9.8065,-0.1423,-0.022,0.0315,14.13,-35,6.88,69.26,-82.45,169.59
52.37763,-1.49817,126.62,22.82,6,274.87,20 / 21,3420409,2019-09-06 20:17:06:152,0.2439,-0.1863,10.0473,0.0138,0.0006,9.8066,-0.0496,0.1124,-0.0028,14.06,-35.25,7.25,69.24,-82.48,169.65
52.37763,-1.49817,126.62,22.82,6,274.87,20 / 21,3420510,2019-09-06 20:17:06:253,0.046,0.3088,9.8775,-0.0013,-0.0032,9.8066,0.0197,-0.0027,0.0321,14.38,-34.31,7.75,64.91,-82.5,169.92
52.37763,-1.49817,126.62,22.82,6,274.87,20 / 21,3420609,2019-09-06 20:17:06:352,-0.646,-0.4521,9.3567,0.0186,-0.0095,9.8065,-0.1313,0.0202,-0.0243,14.38,-35.06,7,67.95,-82.51,168.56
52.37763,-1.49817,126.62,22.82,6,274.87,20 / 21,3420710,2019-09-06 20:17:06:453,-0.165,-0.8724,9.516,0.0168,0.0014,9.8066,0.0096,0.0133,0.0239,14.25,-34.69,6.81,66.66,-82.62,167.65
52.37763,-1.49817,126.62,22.82,6,274.87,20 / 21,3420810,2019-09-06 20:17:06:553,-0.463,-0.5452,9.7982,-0.0126,-0.0058,9.8065,0.0338,0.0556,-0.0135,14.38,-34.69,7.06,66.11,-82.61,167.15
52.37763,-1.49817,126.62,22.82,6,274.87,20 / 21,3420909,2019-09-06 20:17:06:652,0.0366,-0.744,10.2501,-0.0376,-0.0014,9.8065,-0.1157,0.0452,0.0291,14.13,-34.62,7,67.52,-82.51,168.17
52.37763,-1.49817,126.62,22.82,6,274.87,20 / 21,3421010,2019-09-06 20:17:06:753,-0.2826,-0.9161,10.2513,0.0131,0.0184,9.8065,-0.0735,-0.0046,0.0002,14.19,-34.94,6.88,69.88,-82.4,170.04
52.37763,-1.49817,126.62,22.82,6,274.87,20 / 21,3421109,2019-09-06 20:17:06:852,-0.5588,-0.6535,9.9013,0.0142,0.0043,9.8066,0.0039,0.0316,-0.0103,14,-35,6.81,70.55,-82.47,170.8
52.37763,-1.49817,126.62,22.82,6,274.87,20 / 21,3421209,2019-09-06 20:17:06:952,-0.0134,-0.5667,9.1582,-0.0072,0.0011,9.8066,0.0531,-0.0056,0.0386,14.5,-34.69,6.94,71.5,-82.52,171.13
52.37763,-1.49817,126.62,22.82,6,274.87,20 / 21,3421309,2019-09-06 20:17:07:052,-1.1006,-0.5924,9.3641,0.0083,-0.0053,9.8066,-0.0291,-0.0056,-0.0245,15,-35.31,6.19,74.38,-82.7,170.56
52.37763,-1.49817,126.62,22.82,6,274.87,19 / 21,3421410,2019-09-06 20:17:07:153,-1.1347,0.1929,9.2029,-0.0079,-0.002,9.8066,-0.2091,0.0543,-0.0308,15.5,-34.75,5.19,77.44,-82.83,169.85
52.37763,-1.49817,126.62,22.82,6,274.87,19 / 21,3421510,2019-09-06 20:17:07:253,-0.5091,-0.6875,10.0319,-0.0373,0.0045,9.8066,-0.0826,-0.0099,-0.0234,15.94,-35.06,4.94,78.2,-82.69,170.27
52.37763,-1.49817,126.62,22.82,6,274.87,19 / 21,3421609,2019-09-06 20:17:07:352,0.1944,-0.1483,10.2236,0.0004,0.01,9.8066,0.0324,-0.0767,0.0131,16.06,-37.56,3.19,87.61,-82.72,170.89
52.37763,-1.49817,126.62,22.82,6,274.87,19 / 21,3421710,2019-09-06 20:17:07:453,-0.5848,-0.6736,9.9368,-0.0249,0.0212,9.8065,-0.1927,-0.023,0.0909,15.31,-45.94,5.56,82.51,-82.52,172.49
52.37763,-1.49817,126.62,22.82,6,274.87,19 / 21,3421809,2019-09-06 20:17:07:552,0.7644,1.0907,9.6682,0.0357,0.0319,9.8065,0.0892,-0.0125,0.0119,14.25,-43.75,11.69,59.82,-82.4,174.26
52.37763,-1.49817,126.62,22.82,6,274.87,19 / 21,3421910,2019-09-06 20:17:07:653,0.1259,1.2088,9.7144,0.0352,0.0185,9.8065,-0.0618,0.0791,-0.0671,15.44,-37.44,10.94,61.79,-82.75,174.99
52.37763,-1.49817,126.62,22.82,6,274.87,19 / 21,3422010,2019-09-06 20:17:07:753,-1.8915,-1.2968,8.7187,0.0437,0.0022,9.8065,-0.0408,-0.0385,0.0123,15.69,-36.81,8.81,66.52,-82.98,172.58
52.37763,-1.49817,126.62,22.82,6,274.87,19 / 21,3422109,2019-09-06 20:17:07:852,-0.4484,0.0918,9.6959,0.0304,0.0076,9.8065,0.092,-0.0591,-0.0147,15.31,-36.37,7.31,72.07,-83.05,172.36
52.37763,-1.49817,126.62,22.82,6,274.87,19 / 21,3422209,2019-09-06 20:17:07:952,0.3486,0.0765,9.8229,-0.0217,-0.0118,9.8066,-0.0066,-0.0415,-0.0044,15.06,-36.37,6.19,76.42,-82.83,172.32
52.37763,-1.49817,126.62,22.82,6,274.87,19 / 21,3422309,2019-09-06 20:17:08:052,0.2916,0.0397,10.0518,0.0178,0.0035,9.8066,-0.0592,0.0311,-0.004,14.94,-37.37,5.13,81.59,-82.65,172.59
52.37763,-1.49817,126.62,22.82,6,274.87,18 / 22,3422409,2019-09-06 20:17:08:152,-0.7374,0.4312,9.4685,0.0263,0.007,9.8066,-0.014,-0.0046,0.027,14.56,-38.62,5.06,82.88,-82.66,172.87
52.37763,-1.49817,126.62,22.82,6,274.87,18 / 22,3422510,2019-09-06 20:17:08:253,0.4308,0.3616,9.321,0.0228,0.0029,9.8066,-0.146,-0.0056,-0.052,15.44,-41.06,5.13,83.29,-83,173.24
52.37763,-1.49817,126.62,22.82,6,274.87,18 / 22,3422610,2019-09-06 20:17:08:353,0.2163,-0.1719,9.9443,0.0137,-0.0027,9.8065,0.0694,-0.0951,0.0295,15.63,-42.37,5.88,78.47,-83.2,172.27
52.37763,-1.49817,126.62,22.82,6,274.87,18 / 22,3422710,2019-09-06 20:17:08:453,-0.0554,-0.2465,10.0955,0.0149,0.0025,9.8065,0.1197,-0.0077,0.034,14.63,-42.94,7.69,71.26,-83.21,172.64
52.37763,-1.49817,126.62,22.82,6,274.87,18 / 22,3422810,2019-09-06 20:17:08:553,-0.1913,0.4124,10.0104,-0.0192,0.0044,9.8065,-0.0348,-0.0263,0.0714,12.19,-41.44,9.56,60.24,-83.04,173.73
52.37763,-1.49817,126.62,22.82,6,274.87,18 / 22,3422910,2019-09-06 20:17:08:653,0.9329,0.3264,9.2298,-0.0324,-0.0018,9.8066,-0.0592,0.0385,-0.0085,11.75,-39.75,9.88,61.51,-82.94,174.98
52.37763,-1.49817,126.62,22.82,6,274.87,18 / 22,3423010,2019-09-06 20:17:08:753,0.446,-1.0727,10.2158,0.0098,0.0113,9.8066,0.0385,-0.0682,0.0682,12.5,-38.75,9.69,62.25,-82.95,174.58
52.37763,-1.49817,126.62,22.82,6,274.87,18 / 22,3423109,2019-09-06 20:17:08:852,0.434,0.0938,9.6804,0.007,-0.004,9.8066,-0.0116,-0.0921,0.0312,13.38,-38.69,8.75,66.67,-82.99,175.05
52.37763,-1.49817,126.62,22.82,6,274.87,18 / 22,3423209,2019-09-06 20:17:08:952,0.6614,-0.002,9.0955,0.0089,-0.0022,9.8066,-0.0294,0.0744,-0.0316,12.88,-38.12,9.63,60.98,-83.03,174.06
52.37763,-1.49817,126.62,22.82,6,274.87,18 / 22,3423310,2019-09-06 20:17:09:053,-0.6986,-0.053,9.0482,0.0132,0.0063,9.8066,0.018,0.0149,-0.0751,12.81,-36.94,8.69,63.43,-83.1,173.3
52.37763,-1.49817,126.62,22.82,6,274.87,20 / 21,3423409,2019-09-06 20:17:09:152,0.51,-0.7031,9.5329,0.0331,-0.0031,9.8065,-0.0218,-0.0745,-0.0052,13.31,-36.62,7.94,65.73,-83.3,172.17
52.37763,-1.49817,126.62,22.82,6,274.87,20 / 21,3423510,2019-09-06 20:17:09:253,0.439,0.0128,10.2244,0.0061,-0.0063,9.8066,-0.0264,-0.0413,0.0307,13.75,-37.19,7,70.58,-83.23,171.69
52.37763,-1.49817,126.62,22.82,6,274.87,20 / 21,3423610,2019-09-06 20:17:09:353,0.1246,-0.6059,10.4087,-0.0251,0.0031,9.8066,-0.0412,0.0405,-0.0237,12.94,-38.19,6.19,74.5,-83.21,171.45
52.37763,-1.49817,126.62,22.82,6,274.87,20 / 21,3423709,2019-09-06 20:17:09:452,0.7654,0.1107,9.9026,-0.001,0.0038,9.8066,0.0024,0.0076,-0.0115,13.06,-37.25,7.31,70.31,-83.11,171.94
52.37763,-1.49817,126.62,22.82,6,274.87,20 / 21,3423810,2019-09-06 20:17:09:553,-0.7946,-0.1227,9.1299,-0.0117,0.0016,9.8066,-0.0104,0.0025,-0.0099,13.13,-37.31,6.75,70.89,-83.16,172.58
52.37763,-1.49817,126.62,22.82,6,274.87,20 / 21,3423910,2019-09-06 20:17:09:653,0.5173,0.0134,9.5727,-0.0212,-0.0033,9.8065,0.1285,-0.0339,0.0416,12.5,-38.06,6.75,71.32,-83.22,172.65
52.37763,-1.49817,126.62,22.82,6,274.87,20 / 21,3424010,2019-09-06 20:17:09:753,-0.0995,-0.2943,9.7276,-0.0057,-0.0036,9.8066,0.0285,0.0143,0.0739,12.75,-37.56,5.56,75.65,-83.25,172.62
52.37763,-1.49817,126.62,22.82,6,274.87,20 / 21,3424110,2019-09-06 20:17:09:853,0.7034,-0.3824,10.123,-0.0343,0.0033,9.8065,0.1519,-0.0228,-0.0233,12.75,-38.56,5.5,77.46,-83.11,173.4
52.37763,-1.49817,126.62,22.82,6,274.87,20 / 21,3424210,2019-09-06 20:17:09:953,0.0789,-0.2741,9.548,0.0416,0.0042,9.8065,0.0473,0.0353,-0.0006,13.13,-40.06,5.06,83.4,-83.04,174
52.37763,-1.49817,126.62,22.82,6,274.87,20 / 21,3424310,2019-09-06 20:17:10:053,0.6089,-0.6597,10.2597,0.0051,-0.0086,9.8065,0.0346,-0.0361,0.0577,13.69,-41.81,7.38,74.47,-83.23,173.07
52.37763,-1.49817,126.62,22.82,6,274.87,20 / 21,3424409,2019-09-06 20:17:10:152,0.9361,-0.0019,9.7904,0.0028,0.0001,9.8066,-0.0332,-0.0102,-0.0074,12.06,-39.94,9.44,62.02,-83.24,172.55
52.37763,-1.49817,126.62,22.82,6,274.87,20 / 21,3424510,2019-09-06 20:17:10:253,-1.0468,-0.6249,10.0346,-0.0144,-0.0084,9.8066,-0.0496,0.0168,0.0425,11.13,-38.06,9.63,54.8,-83.24,172.59
52.37763,-1.49817,126.62,22.82,6,274.87,20 / 21,3424610,2019-09-06 20:17:10:353,-0.0139,-0.2285,9.6692,-0.0251,-0.0032,9.8066,0.0561,-0.0142,-0.0308,11.81,-37.87,8.94,62.25,-83.17,173.39
52.37763,-1.49817,126.62,22.82,6,274.87,20 / 21,3424710,2019-09-06 20:17:10:453,-0.283,-0.7096,9.4782,-0.0255,0.0015,9.8065,-0.0034,-0.0822,-0.0744,12.19,-37,8.06,66.63,-83.23,173.96
52.37763,-1.49817,126.62,22.82,6,274.87,20 / 21,3424810,2019-09-06 20:17:10:553,-0.1697,-0.4393,9.7157,0.012,-0.0047,9.8065,-0.083,0.022,0.0875,12.75,-37,7.56,67.68,-83.26,173.8
52.37763,-1.49817,126.62,22.82,6,274.87,20 / 21,3424910,2019-09-06 20:17:10:653,-1.0258,0.0833,9.2696,0.0131,-0.0007,9.8066,-0.0756,0.0471,-0.0091,13.31,-38,6.5,71.31,-83.33,172.94
52.37763,-1.49817,126.62,22.82,6,274.87,20 / 21,3425010,2019-09-06 20:17:10:753,0.234,-0.3964,8.9099,0.0017,0.0019,9.8066,-0.0172,0.0191,-0.0336,13,-39.44,5.56,75.93,-83.4,172.83
52.37763,-1.49817,126.62,22.82,6,274.87,20 / 21,3425110,2019-09-06 20:17:10:853,-0.6067,-0.0281,9.5822,0.01,0.0076,9.8066,0.061,-0.0682,0.0075,13.56,-41.31,5.19,81.6,-83.56,173.27
52.37763,-1.49817,126.62,22.82,6,274.87,20 / 21,3425210,2019-09-06 20:17:10:953,1.3707,0.2241,9.3794,-0.0299,-0.0089,9.8065,-0.0241,-0.0787,0.1173,13.31,-40.37,10.88,56,-83.69,173.66
52.37763,-1.49817,126.62,22.82,6,274.87,20 / 21,3425310,2019-09-06 20:17:11:053,-0.6477,1.762,9.7,-0.0143,0.0098,9.8065,0.0372,0.0667,-0.161,11.94,-34.31,9.5,53.12,-83.85,171.98
52.377846,-1.501175,128.87,23.32,4,277.07,20 / 22,3425409,2019-09-06 20:17:11:152,0.5938,-0.2445,11.023,-0.0003,-0.0284,9.8065,0.0411,0.0033,0.0906,11.69,-33.56,8.75,58.76,-83.78,173.3
52.377846,-1.501175,128.87,23.32,4,277.07,20 / 22,3425509,2019-09-06 20:17:11:252,0.5553,-0.6126,10.6373,0.0048,-0.0076,9.8066,0.1323,-0.0811,0.0078,12.81,-34.25,7.75,63.9,-83.42,172.03
52.377846,-1.501175,128.87,23.32,4,277.07,20 / 22,3425610,2019-09-06 20:17:11:353,-0.218,0.422,9.8555,0.0003,0.0131,9.8066,-0.0919,-0.1111,0.081,13.13,-34.75,6.69,67.91,-83.37,171.3
52.377846,-1.501175,128.87,23.32,4,277.07,20 / 22,3425709,2019-09-06 20:17:11:452,0.3687,-0.7671,10.0159,-0.0006,0.0179,9.8066,0.0072,0.041,-0.0045,12.88,-34.94,7.44,69.21,-83.47,172.72
52.377846,-1.501175,128.87,23.32,4,277.07,20 / 22,3425809,2019-09-06 20:17:11:552,0.2369,-0.682,10.0902,-0.0115,0.0157,9.8066,0.018,-0.0036,0.0466,13.88,-35,6.88,72.73,-83.51,175.13
52.377846,-1.501175,128.87,23.32,4,277.07,20 / 22,3425910,2019-09-06 20:17:11:653,-0.0718,0.8154,10.1074,-0.0123,0.0013,9.8066,0.0464,0.0043,-0.0345,13.69,-34.87,7.19,75.04,-83.29,176.8
52.377846,-1.501175,128.87,23.32,4,277.07,20 / 22,3426009,2019-09-06 20:17:11:752,-0.4547,0.2325,9.9413,0.0097,-0.0133,9.8066,-0.0124,-0.0442,-0.0144,13.19,-34.81,7.13,73.15,-83.22,175.69
52.377846,-1.501175,128.87,23.32,4,277.07,20 / 22,3426110,2019-09-06 20:17:11:853,0.7541,-1.9481,9.7049,-0.0112,-0.0178,9.8066,-0.1109,0.0527,-0.021,13.88,-34.56,6.81,72.09,-83.14,173.72
52.377846,-1.501175,128.87,23.32,4,277.07,20 / 22,3426210,2019-09-06 20:17:11:953,0.2289,-0.1619,9.4296,0.0107,0.0057,9.8066,0.1368,0.0983,-0.0877,13.75,-35.12,6.88,71.43,-83.36,173.6
52.377846,-1.501175,128.87,23.32,4,277.07,20 / 22,3426309,2019-09-06 20:17:12:052,-0.2975,-0.8147,9.9406,0.0101,-0.0153,9.8066,0.0094,-0.0819,0.0871,13.38,-35.19,6,73.38,-83.57,172.75
52.377846,-1.501175,128.87,23.32,4,277.07,20 / 21,3426410,2019-09-06 20:17:12:153,-2.574,-0.6906,9.7402,0.0015,-0.0124,9.8066,0.0777,-0.0814,-0.0529,13.88,-35.44,6.63,69.39,-83.63,172.33
52.377846,-1.501175,128.87,23.32,4,277.07,20 / 21,3426509,2019-09-06 20:17:12:252,1.1084,-0.7297,10.4205,-0.0025,-0.0239,9.8065,-0.0628,0.0388,0.0299,14,-35.12,6.63,67.55,-83.52,170.42
52.377846,-1.501175,128.87,23.32,4,277.07,20 / 21,3426610,2019-09-06 20:17:12:353,-0.2444,0.1523,10.2144,-0.0023,0.0064,9.8066,-0.116,-0.0373,-0.1,13.31,-34.75,6.88,66.21,-83.52,170.12
52.377846,-1.501175,128.87,23.32,4,277.07,20 / 21,3426709,2019-09-06 20:17:12:452,-1.9267,0.187,10.4827,-0.0668,0.0043,9.8064,-0.1869,0.0732,-0.1696,13.88,-35.19,6.88,67.17,-83.52,170.08
52.377846,-1.501175,128.87,23.32,4,277.07,20 / 21,3426810,2019-09-06 20:17:12:553,0.8163,-0.5342,9.1385,0.0217,-0.0057,9.8066,0.0531,-0.0172,0.1079,13.38,-35.19,6.25,71.56,-83.37,170.6
52.377846,-1.501175,128.87,23.32,4,277.07,20 / 21,3426910,2019-09-06 20:17:12:653,0.3902,0.2107,8.9038,-0.0062,-0.0025,9.8066,-0.1882,-0.0356,0.0581,13.38,-35.25,6.25,70.66,-83.55,170.22
52.377846,-1.501175,128.87,23.32,4,277.07,20 / 21,3427010,2019-09-06 20:17:12:753,1.7331,0.163,9.8983,-0.045,-0.0088,9.8065,-0.0306,0.0091,0.0172,13.19,-35,6.44,71.42,-83.59,171
52.377846,-1.501175,128.87,23.32,4,277.07,20 / 21,3427109,2019-09-06 20:17:12:852,0.146,-0.3902,10.0485,0.002,0.0019,9.8066,0.0679,-0.005,-0.0362,13.19,-34.56,6.69,66.95,-83.61,171.01
52.377846,-1.501175,128.87,23.32,4,277.07,20 / 21,3427210,2019-09-06 20:17:12:953,-0.0269,-1.0148,9.931,-0.0242,-0.0092,9.8066,0.091,-0.0275,0.0125,13.69,-35.25,6.25,72.84,-83.33,171.06
52.377846,-1.501175,128.87,23.32,4,277.07,20 / 21,3427310,2019-09-06 20:17:13:053,-0.4261,-0.5527,9.937,0.0338,0.005,9.8065,0.0205,-0.0105,-0.0177,13.25,-34.69,6.06,72.13,-83.38,171.15
52.377846,-1.501175,128.87,23.32,4,277.07,21 / 22,3427409,2019-09-06 20:17:13:152,-0.5718,-0.553,9.7518,0.0208,-0.0032,9.8065,0.0145,0.0323,-0.0278,13.5,-34.87,6.5,68.32,-83.38,170.82
52.377846,-1.501175,128.87,23.32,4,277.07,21 / 22,3427510,2019-09-06 20:17:13:253,0.4271,-0.1011,9.2854,0.0117,0.0079,9.8066,-0.0629,0.014,0.0332,13.56,-34.37,6,72.27,-83.49,171.33
52.377846,-1.501175,128.87,23.32,4,277.07,21 / 22,3427609,2019-09-06 20:17:13:352,-0.2615,0.1315,9.6179,0.0033,0.014,9.8066,0.0714,-0.0121,0.0811,13.5,-34.87,5.56,73.62,-83.65,172.52
52.377846,-1.501175,128.87,23.32,4,277.07,21 / 22,3427710,2019-09-06 20:17:13:453,-0.3872,0.0424,9.9278,-0.0022,0.0059,9.8066,0.1207,-0.0135,-0.0207,13.19,-34.31,5.81,74.02,-83.68,174.07
52.377846,-1.501175,128.87,23.32,4,277.07,21 / 22,3427810,2019-09-06 20:17:13:553,0.5265,-0.0195,10.2228,-0.0129,-0.0065,9.8066,0.0018,0.0298,-0.0096,12.44,-34.81,4.56,78.09,-83.63,173.53
52.377846,-1.501175,128.87,23.32,4,277.07,21 / 22,3427909,2019-09-06 20:17:13:652,-0.4822,0.6924,10.3028,-0.0119,-0.0057,9.8066,-0.0486,0.0121,-0.0438,12.19,-37,5.44,78.93,-83.45,172.77
52.377846,-1.501175,128.87,23.32,4,277.07,21 / 22,3428010,2019-09-06 20:17:13:753,-0.2586,0.1392,9.3099,0.0011,-0.0039,9.8066,0.0213,-0.0126,-0.0419,12.13,-37.12,8.13,64.93,-83.41,172.93
52.377846,-1.501175,128.87,23.32,4,277.07,21 / 22,3428110,2019-09-06 20:17:13:853,-0.0576,0.8371,9.2965,0.0255,0.0054,9.8066,0.0628,-0.0527,0.0403,12.31,-33.56,8.06,62.87,-83.56,172.74
52.377846,-1.501175,128.87,23.32,4,277.07,21 / 22,3428209,2019-09-06 20:17:13:952,0.6496,0.1223,9.8054,0.002,0.0051,9.8066,0.0341,-0.0264,0.0421,12.56,-34.56,5.88,71.93,-83.83,172.06
52.377846,-1.501175,128.87,23.32,4,277.07,21 / 22,3428309,2019-09-06 20:17:14:052,1.2102,-0.4258,10.4618,-0.0049,0.0009,9.8066,-0.0021,0.0664,-0.065,13.06,-34.94,6.06,71.93,-83.82,172.03
52.377846,-1.501175,128.87,23.32,4,277.07,21 / 22,3428409,2019-09-06 20:17:14:152,0.0291,-0.2093,10.7333,-0.0162,-0.0161,9.8066,0.0834,-0.004,0.0076,12.63,-34.62,6.13,73,-83.53,172.31
52.377846,-1.501175,128.87,23.32,4,277.07,21 / 22,3428510,2019-09-06 20:17:14:253,-0.0587,-0.5428,9.4511,-0.018,-0.0083,9.8065,0.0956,0.0234,-0.0717,13.25,-34.56,6.25,72.69,-83.21,171.23
52.377846,-1.501175,128.87,23.32,4,277.07,21 / 22,3428609,2019-09-06 20:17:14:352,-0.6558,0.4693,8.6675,-0.0141,0.0145,9.8065,-0.023,-0.0277,0.0227,13.13,-34.75,5.63,72.59,-83.43,171.68
52.377846,-1.501175,128.87,23.32,4,277.07,21 / 22,3428710,2019-09-06 20:17:14:453,0.919,-0.1665,9.5616,0.0185,0.0103,9.8065,-0.0619,-0.0084,0.0047,13.19,-33.87,5.81,70.23,-83.75,170.75
52.377846,-1.501175,128.87,23.32,4,277.07,21 / 22,3428810,2019-09-06 20:17:14:553,0.7796,-0.4199,8.6766,0.0158,0.0061,9.8066,-0.2781,0.004,0.07,13.63,-33.87,5.13,75.38,-84.02,171.57
52.377846,-1.501175,128.87,23.32,4,277.07,21 / 22,3428910,2019-09-06 20:17:14:653,0.0768,-0.8371,9.1891,-0.0692,0.012,9.8063,0.0893,-0.0175,0.0387,13.69,-34,4.56,78.5,-83.7,173.76
52.377846,-1.501175,128.87,23.32,4,277.07,21 / 22,3429010,2019-09-06 20:17:14:753,0.9314,-0.447,9.5484,-0.0324,0.0023,9.8065,0.0775,-0.0657,0.0369,13.38,-33.19,4.75,78.47,-83.81,174.87
52.377846,-1.501175,128.87,23.32,4,277.07,21 / 22,3429110,2019-09-06 20:17:14:853,0.2039,-0.1258,10.4894,0.0208,0.0031,9.8065,-0.0938,-0.0518,0.0176,13.19,-32.69,3.69,83.79,-83.97,176.1
52.377846,-1.501175,128.87,23.32,4,277.07,21 / 22,3429209,2019-09-06 20:17:14:952,-0.1967,-0.5057,10.9816,0.0152,-0.0004,9.8066,0.1008,-0.0301,-0.0321,12.56,-32.87,3.38,88.23,-83.87,175.83
52.377846,-1.501175,128.87,23.32,4,277.07,21 / 22,3429309,2019-09-06 20:17:15:052,-1.1859,-0.3074,10.5001,-0.0286,-0.0057,9.8066,0.1055,-0.0148,0.0101,12.31,-32.62,2.31,92.09,-83.7,174.16
52.377846,-1.501175,128.87,23.32,4,277.07,19 / 21,3429409,2019-09-06 20:17:15:152,-0.4911,0.8949,9.7881,0.009,-0.0147,9.8065,-0.0541,0.0376,-0.0198,12.06,-34.62,-0.12,101.27,-83.6,172.63
52.377846,-1.501175,128.87,23.32,4,277.07,19 / 21,3429510,2019-09-06 20:17:15:253,0.1518,-0.4611,9.9265,-0.0042,0.0041,9.8066,0.0189,-0.0107,0.0015,11.94,-43,-3.06,116.86,-83.66,172.83
52.377846,-1.501175,128.87,23.32,4,277.07,19 / 21,3429609,2019-09-06 20:17:15:352,-0.7365,-0.1815,9.6881,0.0008,0.0032,9.8066,-0.0613,0.0036,-0.0001,12.25,-50.56,7.06,75.89,-83.69,172.88
52.377846,-1.501175,128.87,23.32,4,277.07,19 / 21,3429709,2019-09-06 20:17:15:452,-0.0663,0.7158,9.1329,0.0123,0.0074,9.8066,-0.0649,-0.0847,-0.0449,13,-42.44,14.31,46.47,-83.66,173.24
52.377846,-1.501175,128.87,23.32,4,277.07,19 / 21,3429810,2019-09-06 20:17:15:553,0.369,-1.2162,9.4563,0.0203,0.0101,9.8066,-0.0854,0.0618,-0.1048,13.63,-35.5,10.31,57.56,-83.86,172.32
52.377846,-1.501175,128.87,23.32,4,277.07,19 / 21,3429910,2019-09-06 20:17:15:653,0.9489,-0.509,9.1735,-0.0102,-0.0082,9.8065,0.0485,0.0038,-0.0122,12.88,-34.94,7.44,67.51,-83.89,172.14
52.377846,-1.501175,128.87,23.32,4,277.07,19 / 21,3430010,2019-09-06 20:17:15:753,-0.1597,0.1225,10.0927,-0.0098,-0.0053,9.8065,0.0753,-0.025,0.0136,13.69,-34.31,6.44,71.49,-83.93,171.58
52.377846,-1.501175,128.87,23.32,4,277.07,19 / 21,3430109,2019-09-06 20:17:15:852,-0.441,-0.1121,10.3805,-0.0025,-0.0022,9.8066,-0.0067,-0.0256,-0.012,14.5,-36.06,3.19,85.21,-83.85,171.85
52.377846,-1.501175,128.87,23.32,4,277.07,19 / 21,3430209,2019-09-06 20:17:15:952,0.5308,-1.363,9.834,0.0004,-0.0071,9.8066,-0.0923,0.0413,-0.0847,14.94,-38.69,1.56,90.29,-83.71,171.38
52.377846,-1.501175,128.87,23.32,4,277.07,19 / 21,3430310,2019-09-06 20:17:16:053,-0.178,-0.7059,9.0225,0.0481,-0.0088,9.8065,-0.08,-0.0152,0.0211,16.06,-43.69,3.69,82.57,-83.9,170.16
52.377846,-1.501175,128.87,23.32,4,277.07,20 / 22,3430409,2019-09-06 20:17:16:152,0.1994,0.6292,9.8335,0.0443,0.0106,9.8064,0.0317,-0.006,0.0308,13.94,-39.69,12.25,49.12,-84.01,169.68
52.377846,-1.501175,128.87,23.32,4,277.07,20 / 22,3430510,2019-09-06 20:17:16:253,-0.2901,0.2736,10.1236,0.0088,0.0011,9.8066,-0.0208,-0.0264,0.0289,12.13,-33.87,10.56,45.81,-84.07,169.25
52.377846,-1.501175,128.87,23.32,4,277.07,20 / 22,3430609,2019-09-06 20:17:16:352,0.4173,-1.264,10.0152,-0.0005,-0.0023,9.8066,0.0297,0.0513,-0.0418,12.63,-32.94,8.88,55.24,-83.96,169.35
52.377846,-1.501175,128.87,23.32,4,277.07,20 / 22,3430709,2019-09-06 20:17:16:452,0.1066,-0.1468,10.2925,-0.0298,-0.01,9.8066,0.0371,-0.0285,-0.0053,13.13,-32.37,8.5,53.85,-83.86,168.28
52.377846,-1.501175,128.87,23.32,4,277.07,20 / 22,3430810,2019-09-06 20:17:16:553,-0.214,-0.7122,9.5734,0.0224,0.0141,9.8066,-0.0705,0.0119,0.0007,13.19,-32.62,6.94,63.58,-83.65,168.89
52.377846,-1.501175,128.87,23.32,4,277.07,20 / 22,3430909,2019-09-06 20:17:16:652,0.2759,-0.9323,9.0477,0.0268,0.0151,9.8066,-0.0256,-0.041,0.0525,13.25,-33.06,6.5,64.71,-83.83,170.28
52.377846,-1.501175,128.87,23.32,4,277.07,20 / 22,3431010,2019-09-06 20:17:16:753,-0.3837,0.7025,9.1094,0.0213,0.0155,9.8066,-0.0927,0.0064,0.011,13.44,-32.69,6.56,66.67,-83.87,172.14
52.377846,-1.501175,128.87,23.32,4,277.07,20 / 22,3431110,2019-09-06 20:17:16:853,0.2121,-0.4511,9.7346,0.0105,0.0158,9.8066,0.0062,-0.0724,0.0628,13.69,-33.19,6.19,72.51,-84.13,173.36
52.377846,-1.501175,128.87,23.32,4,277.07,20 / 22,3431210,2019-09-06 20:17:16:953,-0.3714,-1.199,9.0535,0.0118,-0.0117,9.8066,0.0201,0.1038,-0.0562,14.13,-34,5.63,72.44,-84.1,172.85
52.377846,-1.501175,128.87,23.32,4,277.07,20 / 22,3431309,2019-09-06 20:17:17:052,0.5246,0.4729,9.6887,0.0267,-0.0033,9.8066,-0.0176,0.0911,-0.1149,13.63,-33.69,5.56,72.16,-83.98,172.32
52.377846,-1.501175,128.87,23.32,4,277.07,20 / 22,3431409,2019-09-06 20:17:17:152,-0.3048,0.2526,10.2586,0.0029,-0.0066,9.8066,0.076,-0.0539,0.0316,14.31,-33.56,5.81,70.25,-84.04,170.69
52.377846,-1.501175,128.87,23.32,4,277.07,20 / 22,3431510,2019-09-06 20:17:17:253,0.8893,-1.5468,10.0087,-0.0012,-0.0057,9.8066,0.1112,-0.0775,0.0766,14.25,-33.69,6.06,70.06,-83.95,170.31
52.377846,-1.501175,128.87,23.32,4,277.07,20 / 22,3431610,2019-09-06 20:17:17:353,-0.3304,1.0213,9.6477,0.0193,0.0034,9.8066,-0.0053,0.0683,-0.0303,13.63,-34.06,5.56,70.61,-83.98,170.9
52.377846,-1.501175,128.87,23.32,4,277.07,20 / 22,3431709,2019-09-06 20:17:17:452,-0.2047,0.2966,9.3691,0.0055,0.0109,9.8065,-0.0359,0.0397,-0.016,14.13,-34,5.31,75.09,-84.04,171.34
52.377846,-1.501175,128.87,23.32,4,277.07,20 / 22,3431809,2019-09-06 20:17:17:552,-0.3309,0.4734,9.1193,0.0017,-0.0053,9.8066,-0.028,-0.0775,-0.0138,13.94,-33.56,5,73.87,-84.12,170.37
52.377846,-1.501175,128.87,23.32,4,277.07,20 / 22,3431910,2019-09-06 20:17:17:653,1.1223,1.0509,10.0429,0.0324,-0.0144,9.8065,-0.0015,-0.0605,-0.0723,13.94,-34.62,5.38,73.95,-84.13,170.06
52.377846,-1.501175,128.87,23.32,4,277.07,20 / 22,3432009,2019-09-06 20:17:17:752,-1.4873,1.3598,8.6388,0.0404,-0.0096,9.8065,0.1728,-0.0556,0.0565,14,-34.25,5,69.68,-84.41,167.13
52.377846,-1.501175,128.87,23.32,4,277.07,20 / 22,3432110,2019-09-06 20:17:17:853,1.1175,-0.2489,10.1132,-0.0113,0.0069,9.8066,-0.0509,-0.0284,0.0884,14.19,-34.44,5.56,66.79,-84.11,167.67
52.377846,-1.501175,128.87,23.32,4,277.07,20 / 22,3432210,2019-09-06 20:17:17:953,0.766,0.743,9.7024,-0.0609,-0.0014,9.8064,-0.2183,0.0846,-0.051,14.13,-33.94,4.69,73.04,-83.87,169.02
52.377846,-1.501175,128.87,23.32,4,277.07,20 / 22,3432310,2019-09-06 20:17:18:053,-0.3651,-0.0459,9.7131,0.004,0.0084,9.8066,-0.0899,0.0231,-0.0184,14,-33.87,5,72.47,-83.97,168.73
52.377846,-1.501175,128.87,23.32,4,277.07,19 / 21,3432409,2019-09-06 20:17:18:152,-0.2959,1.2316,9.3525,0.0211,-0.0023,9.8066,-0.0457,-0.0977,-0.0207,14,-33.94,5.13,72.32,-84.1,168.89
52.377846,-1.501175,128.87,23.32,4,277.07,19 / 21,3432510,2019-09-06 20:17:18:253,-0.7253,0.4708,9.9249,-0.0166,0.0128,9.8066,0.0495,-0.0274,-0.0284,14.25,-33.87,5.25,71.95,-84.22,168.81
52.377846,-1.501175,128.87,23.32,4,277.07,19 / 21,3432609,2019-09-06 20:17:18:352,-0.4578,0.7343,9.536,0.0048,-0.0018,9.8066,0.0199,-0.0059,-0.0087,14.13,-33.31,5.13,71.73,-84.28,169.12
52.377846,-1.501175,128.87,23.32,4,277.07,19 / 21,3432709,2019-09-06 20:17:18:452,0.5614,-0.5827,9.7889,0.0015,0.0007,9.8066,-0.0011,-0.0127,-0.0077,14.38,-32.75,5.13,71.64,-84.31,169.09
52.377846,-1.501175,128.87,23.32,4,277.07,19 / 21,3432810,2019-09-06 20:17:18:553,0.2298,0.2425,9.9982,-0.0066,0.0004,9.8066,0.0166,0.0376,0.0444,13.81,-34,5.25,71.39,-84.37,168.64
52.377846,-1.501175,128.87,23.32,4,277.07,19 / 21,3432910,2019-09-06 20:17:18:653,0.7532,0.5878,9.8095,0.0055,-0.0058,9.8066,-0.0731,-0.0372,0.0838,14.19,-33.5,4.81,71.24,-84.34,168.79
52.377846,-1.501175,128.87,23.32,4,277.07,19 / 21,3433010,2019-09-06 20:17:18:753,-0.3306,-0.9862,9.9688,-0.0046,-0.0025,9.8066,0.0097,0.0173,-0.0142,13.69,-34.31,5,71.91,-84.17,168.65
52.377846,-1.501175,128.87,23.32,4,277.07,19 / 21,3433110,2019-09-06 20:17:18:853,-2.0989,0.2863,9.6507,-0.0177,0.001,9.8066,0.0893,-0.0611,0.029,13.38,-34.12,5,72.44,-84.09,169.45
52.377846,-1.501175,128.87,23.32,4,277.07,19 / 21,3433210,2019-09-06 20:17:18:953,0.6194,-0.3247,9.6807,0.0057,0.0113,9.8066,-0.0287,-0.0384,0.0632,14.38,-34.94,5.38,72.8,-84.21,169.19
52.377846,-1.501175,128.87,23.32,4,277.07,19 / 21,3433309,2019-09-06 20:17:19:052,-0.4916,-0.7139,9.4052,0.0239,0.0023,9.8066,-0.0384,0.0311,-0.054,14.19,-34.44,5.31,72.34,-84.27,169.3
52.377846,-1.501175,128.87,23.32,4,277.07,20 / 22,3433410,2019-09-06 20:17:19:153,0.1871,-0.2769,9.355,-0.0047,0.005,9.8066,0.0104,0.0125,0.0257,14.63,-34.31,5.19,73.33,-84.38,169.99
52.377846,-1.501175,128.87,23.32,4,277.07,20 / 22,3433510,2019-09-06 20:17:19:253,2.0684,1.1852,10.2753,-0.0094,0.0055,9.8066,-0.0076,0.0618,0.0422,14,-34.44,5.75,68.99,-84.52,170.58
52.377846,-1.501175,128.87,23.32,4,277.07,20 / 22,3433609,2019-09-06 20:17:19:352,-1.5124,0.8128,9.7589,-0.0202,-0.012,9.8065,-0.0513,-0.04,-0.1006,14.19,-33.87,4.63,73.21,-84.45,170.51
52.377846,-1.501175,128.87,23.32,4,277.07,20 / 22,3433709,2019-09-06 20:17:19:452,0.152,0.3642,10.058,0.0091,0.0127,9.8066,0.1723,-0.0339,0.0377,13.94,-34.12,4.81,71.95,-84.67,169.83
52.377846,-1.501175,128.87,23.32,4,277.07,20 / 22,3433810,2019-09-06 20:17:19:553,0.2083,0.6492,10.3478,-0.0236,-0.0052,9.8066,0.05,0.0224,-0.0088,14.06,-34.06,4.63,73.07,-84.49,170.46
52.377846,-1.501175,128.87,23.32,4,277.07,20 / 22,3433910,2019-09-06 20:17:19:653,-0.5189,-1.9063,10.19,-0.0084,0.0043,9.8066,0.0981,0.0973,-0.1103,13.94,-34.12,5.5,69.62,-84.46,171.02
52.377846,-1.501175,128.87,23.32,4,277.07,20 / 22,3434009,2019-09-06 20:17:19:752,-0.2333,-1.2475,8.6283,-0.0033,0.0046,9.8066,0.0517,-0.0115,0.0481,13.94,-34.44,4.94,72.77,-84.43,170.04
52.377846,-1.501175,128.87,23.32,4,277.07,20 / 22,3434110,2019-09-06 20:17:19:853,0.2994,1.6411,9.249,-0.0336,-0.01,9.8065,0.013,-0.0947,0.1029,13.88,-34.06,5.31,72.21,-84.45,169.58
52.377846,-1.501175,128.87,23.32,4,277.07,20 / 22,3434210,2019-09-06 20:17:19:953,1.2359,1.0037,10.3433,0.0009,0.0056,9.8066,0.0984,-0.0339,0.0357,14.06,-34.44,4.75,73.01,-84.61,170.68
52.377846,-1.501175,128.87,23.32,4,277.07,20 / 22,3434310,2019-09-06 20:17:20:053,0.5847,0.811,9.7248,0.012,-0.0085,9.8066,-0.0469,0.0253,-0.0455,14.44,-34.56,4.56,74.7,-84.53,171.72
52.37812,-1.504297,129.61,24.17,6,279.66,21 / 24,3434409,2019-09-06 20:17:20:152,-0.3274,0.608,10.1927,-0.0045,-0.0111,9.8066,-0.0154,0.0164,0.0123,14.06,-34.87,4.75,73.31,-84.54,170.44
52.37812,-1.504297,129.61,24.17,6,279.66,21 / 24,3434510,2019-09-06 20:17:20:253,0.699,-0.4498,9.9794,0.002,-0.0079,9.8066,0.0502,0.017,-0.0746,14.19,-34.87,5.5,69.75,-84.5,170.89
52.37812,-1.504297,129.61,24.17,6,279.66,21 / 24,3434609,2019-09-06 20:17:20:352,0.4808,0.062,9.5673,0.0157,-0.0004,9.8066,0.0709,-0.0422,-0.0357,13.75,-35.06,4.69,73.08,-84.52,170.19
52.37812,-1.504297,129.61,24.17,6,279.66,21 / 24,3434710,2019-09-06 20:17:20:453,0.0934,1.2421,9.575,-0.0136,0.0149,9.8066,0.0283,-0.1142,0.1111,14.06,-34.62,4.5,72.65,-84.58,169.92
52.37812,-1.504297,129.61,24.17,6,279.66,21 / 24,3434809,2019-09-06 20:17:20:552,-0.2334,-0.5234,9.8571,0.0061,0.0022,9.8066,0.0338,-0.0605,-0.0189,13.75,-34.75,5.06,73.51,-84.63,170.85
52.37812,-1.504297,129.61,24.17,6,279.66,21 / 24,3434909,2019-09-06 20:17:20:652,0.1555,-1.2715,9.7957,0.011,-0.0132,9.8066,0.0153,0.0365,0.0616,13.69,-34.87,4.94,71.81,-84.59,169.17
52.37812,-1.504297,129.61,24.17,6,279.66,21 / 24,3435010,2019-09-06 20:17:20:753,0.4826,0.1589,10.0245,0.0026,0.011,9.8066,-0.0085,-0.0488,0.0756,13.63,-34.25,4.81,72.15,-84.55,169.73
52.37812,-1.504297,129.61,24.17,6,279.66,21 / 24,3435110,2019-09-06 20:17:20:853,1.0821,-0.8204,9.5081,0.0013,-0.0101,9.8066,0.0553,-0.0156,0.0208,13.5,-34.5,4.5,72.03,-84.56,169.66
52.37812,-1.504297,129.61,24.17,6,279.66,21 / 24,3435210,2019-09-06 20:17:20:953,-1.1238,-0.798,9.7737,0.0111,-0.0022,9.8066,-0.0402,-0.0297,-0.0212,13.63,-34.37,4.88,71.67,-84.65,169.52
52.37812,-1.504297,129.61,24.17,6,279.66,21 / 24,3435310,2019-09-06 20:17:21:053,-0.093,0.0269,9.795,-0.0301,0.0006,9.8066,0.0272,-0.0272,0.0651,13.19,-34.25,4.63,70.62,-84.64,169.11
52.37812,-1.504297,129.61,24.17,6,279.66,20 / 21,3435409,2019-09-06 20:17:21:152,-0.2022,-0.0774,10.1239,-0.0327,0.0182,9.8065,-0.0017,0.0614,0.0473,13.5,-34.25,5.25,75.17,-84.4,172.25
52.37812,-1.504297,129.61,24.17,6,279.66,20 / 21,3435510,2019-09-06 20:17:21:253,-1.3532,-0.1898,9.6368,-0.0023,0.0025,9.8066,-0.0198,0.0378,-0.0369,13.88,-34.19,5.19,77,-84.32,173.79
52.37812,-1.504297,129.61,24.17,6,279.66,20 / 21,3435609,2019-09-06 20:17:21:352,-1.6147,1.3345,9.3238,0.0043,-0.0153,9.8066,-0.0446,0.0702,-0.0101,13.44,-34.5,4.94,76.63,-84.37,174.07
52.37812,-1.504297,129.61,24.17,6,279.66,20 / 21,3435710,2019-09-06 20:17:21:453,-1.3718,-0.3422,9.2301,-0.0079,-0.0062,9.8065,0.007,0.0782,-0.1862,14.06,-34.69,4.88,76.32,-84.43,173.03
52.37812,-1.504297,129.61,24.17,6,279.66,20 / 21,3435809,2019-09-06 20:17:21:552,-0.7594,0.48,10.7298,0.0145,-0.0255,9.8066,0.1073,-0.0282,0.0347,13.69,-34.62,5,73.12,-84.4,169.95
52.37812,-1.504297,129.61,24.17,6,279.66,20 / 21,3435909,2019-09-06 20:17:21:652,-0.7656,0.4978,10.4265,0.0287,0.0097,9.8066,0.076,-0.011,-0.1281,13.31,-34.37,4.56,72.72,-84.37,170.41
52.37812,-1.504297,129.61,24.17,6,279.66,20 / 21,3436010,2019-09-06 20:17:21:753,-1.0367,-0.0877,10.7551,-0.0322,-0.0034,9.8065,-0.0444,-0.0291,-0.0715,13.38,-34.69,5.06,75.68,-84.01,171.84
52.37812,-1.504297,129.61,24.17,6,279.66,20 / 21,3436110,2019-09-06 20:17:21:853,-1.4808,1.8463,10.9147,0.0069,0.0038,9.8066,-0.1416,0.085,-0.0029,13.63,-34.19,5.69,71.47,-84.06,171.87
52.37812,-1.504297,129.61,24.17,6,279.66,20 / 21,3436209,2019-09-06 20:17:21:952,-2.061,-0.028,11.2858,-0.0063,-0.0084,9.8066,0.1715,-0.0139,-0.0104,13.19,-34.56,5.38,75.14,-84.03,171.39
52.37812,-1.504297,129.61,24.17,6,279.66,20 / 21,3436310,2019-09-06 20:17:22:053,-1.2661,-0.1683,10.8332,0.022,-0.0045,9.8065,0.2865,-0.0608,0.0089,13.25,-34.19,5,73.44,-84,170.16
52.37812,-1.504297,129.61,24.17,6,279.66,21 / 22,3436409,2019-09-06 20:17:22:152,-0.2865,0.0024,9.3715,-0.0461,0.0048,9.8065,-0.0282,-0.0252,-0.0458,12.63,-34.56,5.38,74.96,-83.83,170.72
52.37812,-1.504297,129.61,24.17,6,279.66,21 / 22,3436510,2019-09-06 20:17:22:253,-0.4289,-1.2476,9.7389,-0.0309,-0.0103,9.8065,0.0029,-0.0346,0.0873,13.19,-35.19,5.94,70.7,-83.76,170.76
52.37812,-1.504297,129.61,24.17,6,279.66,21 / 22,3436610,2019-09-06 20:17:22:353,0.3488,0.2625,10.5175,-0.0034,0.0106,9.8066,-0.011,0.0527,-0.003,13.44,-35.19,5.06,75.05,-83.79,170.68
52.37812,-1.504297,129.61,24.17,6,279.66,21 / 22,3436710,2019-09-06 20:17:22:453,-0.6568,-0.5921,9.6645,-0.009,0.0125,9.8066,0.0097,-0.0122,-0.0017,13.69,-35.5,5.63,71.98,-83.8,171.35
52.37812,-1.504297,129.61,24.17,6,279.66,21 / 22,3436809,2019-09-06 20:17:22:552,-0.0956,-0.7157,9.6669,0.006,0.0082,9.8066,-0.0355,0.0232,-0.0726,13.19,-35,5.69,72.45,-83.81,172.5
52.37812,-1.504297,129.61,24.17,6,279.66,21 / 22,3436909,2019-09-06 20:17:22:652,-0.7368,-0.2669,9.5002,0.0201,-0.0048,9.8066,-0.1147,-0.0214,0.0596,13.25,-34.56,5.25,76.43,-83.8,172.02
52.37812,-1.504297,129.61,24.17,6,279.66,21 / 22,3437010,2019-09-06 20:17:22:753,0.4925,0.036,10.1936,-0.016,-0.0039,9.8066,0.0188,0.0101,0.0535,13.44,-34.37,5.44,75.93,-83.66,171.64
52.37812,-1.504297,129.61,24.17,6,279.66,21 / 22,3437110,2019-09-06 20:17:22:853,-0.246,0.7564,10.3516,-0.0332,0.0032,9.8065,-0.0222,0.0039,-0.0544,13.44,-34.56,5.5,72.03,-83.62,171.64
52.37812,-1.504297,129.61,24.17,6,279.66,21 / 22,3437210,2019-09-06 20:17:22:953,-0.0956,0.4245,10.4372,0.0019,-0.0097,9.8066,0.1425,-0.1061,0.0713,13.19,-34.5,5.06,76.37,-83.55,171.76
52.37812,-1.504297,129.61,24.17,6,279.66,21 / 22,3437310,2019-09-06 20:17:23:053,-0.589,0.3393,10.4543,-0.0193,0.0073,9.8066,0.1266,-0.0254,0.0377,13.5,-34.87,5.31,78.04,-83.39,172.14
52.37812,-1.504297,129.61,24.17,6,279.66,20 / 21,3437410,2019-09-06 20:17:23:153,-0.9146,0.3377,9.7335,0.011,-0.0039,9.8066,0.1049,-0.0194,0.0186,13.06,-34.94,5.13,77.39,-83.43,171.94
52.37812,-1.504297,129.61,24.17,6,279.66,20 / 21,3437509,2019-09-06 20:17:23:252,-1.2948,0.0863,9.3256,-0.0022,0,9.8066,0.1123,0.0623,-0.1015,13.69,-35.25,5.25,77.88,-83.38,171.97
52.37812,-1.504297,129.61,24.17,6,279.66,20 / 21,3437610,2019-09-06 20:17:23:353,-0.309,1.1475,10.6366,0.0207,-0.0075,9.8065,0.0328,-0.0926,0.1178,12.56,-35.37,5.94,72.37,-83.37,171.34
52.37812,-1.504297,129.61,24.17,6,279.66,20 / 21,3437709,2019-09-06 20:17:23:452,-0.753,-0.1716,9.782,0.0079,0.018,9.8066,-0.0454,-0.0231,-0.0149,12.94,-35.62,5.5,74.2,-83.44,172.72
52.37812,-1.504297,129.61,24.17,6,279.66,20 / 21,3437809,2019-09-06 20:17:23:552,0.1034,-0.2108,9.7431,-0.0025,0.005,9.8066,0.0097,0.0501,0.0331,12.69,-35.31,5.5,74.98,-83.32,173.62
52.37812,-1.504297,129.61,24.17,6,279.66,20 / 21,3437910,2019-09-06 20:17:23:653,-0.9861,0.2281,10.4648,0.0316,0.014,9.8066,-0.1603,0.0785,0.0183,13.31,-35.19,5.88,75.91,-83.35,174.56
52.37812,-1.504297,129.61,24.17,6,279.66,20 / 21,3438010,2019-09-06 20:17:23:753,1.6664,0.7021,9.8475,-0.0206,0.0028,9.8066,-0.2609,0.0129,-0.0313,13.63,-35.31,5.63,78.53,-83.05,175.71
52.37812,-1.504297,129.61,24.17,6,279.66,20 / 21,3438109,2019-09-06 20:17:23:852,-0.3215,0.8033,9.7358,0.0027,-0.0035,9.8066,0.205,0.0561,-0.0985,13.44,-35.56,5.63,77.55,-83.2,175.22
52.37812,-1.504297,129.61,24.17,6,279.66,20 / 21,3438209,2019-09-06 20:17:23:952,-0.7354,-0.3445,9.8346,0.0156,-0.0176,9.8066,0.0037,-0.0155,-0.0332,12.94,-34.75,5.44,78.81,-83.22,172.73
52.37812,-1.504297,129.61,24.17,6,279.66,20 / 21,3438310,2019-09-06 20:17:24:053,-1.28,-0.0717,9.9179,-0.0018,-0.0117,9.8066,0.0495,-0.0231,0.0022,13.13,-34.81,5.38,78.11,-83.02,171.55
52.37812,-1.504297,129.61,24.17,6,279.66,20 / 21,3438409,2019-09-06 20:17:24:152,-0.8489,0.1182,9.4531,-0.0087,0.0085,9.8066,0.0784,-0.0556,0.0346,13.06,-35,6.38,74.87,-82.88,172.41
52.37812,-1.504297,129.61,24.17,6,279.66,20 / 21,3438510,2019-09-06 20:17:24:253,0.7938,-0.0638,9.9834,-0.0116,-0.0007,9.8066,-0.0256,-0.0738,-0.0538,13.5,-34.62,5.56,75.12,-82.94,172.27
52.37812,-1.504297,129.61,24.17,6,279.66,20 / 21,3438609,2019-09-06 20:17:24:352,0.988,-0.8517,10.2108,-0.029,-0.0017,9.8066,0.1541,-0.0705,0.1132,13.5,-35.06,5.44,79.79,-82.7,172.11
52.37812,-1.504297,129.61,24.17,6,279.66,20 / 21,3438710,2019-09-06 20:17:24:453,-0.9992,-0.7746,9.8741,-0.0244,0.009,9.8066,0.0279,-0.0673,0.0524,13.56,-35.44,5.88,75.99,-82.68,172.44
52.37812,-1.504297,129.61,24.17,6,279.66,20 / 21,3438810,2019-09-06 20:17:24:553,-0.3803,0.1179,9.8557,-0.0082,0.0128,9.8066,0.1087,-0.0181,0.0489,14.19,-34.87,5.88,77.26,-82.67,173.61
52.37812,-1.504297,129.61,24.17,6,279.66,20 / 21,3438910,2019-09-06 20:17:24:653,-0.369,0.0432,9.7543,-0.0066,-0.001,9.8065,0.026,-0.0279,0.0297,13.88,-35.31,5.69,78.25,-82.66,174.51
52.37812,-1.504297,129.61,24.17,6,279.66,20 / 21,3439010,2019-09-06 20:17:24:753,-0.4888,0.0757,9.5395,0.0086,-0.0006,9.8066,-0.0509,-0.0006,-0.01,13.63,-35.69,5.56,78.13,-82.73,174.07
52.37812,-1.504297,129.61,24.17,6,279.66,20 / 21,3439110,2019-09-06 20:17:24:853,1.224,-1.0445,9.7939,-0.0274,0.0027,9.8066,0.1443,-0.0487,0.0951,14.06,-35.12,5.88,78.81,-82.54,174.76
52.37812,-1.504297,129.61,24.17,6,279.66,20 / 21,3439209,2019-09-06 20:17:24:952,-1.9998,0.1678,10.3229,0.0156,0.0016,9.8066,0.0313,0.04,-0.0582,13.94,-34.69,6.69,74.15,-82.59,174.35
52.37812,-1.504297,129.61,24.17,6,279.66,20 / 21,3439310,2019-09-06 20:17:25:053,0.3064,-0.6536,10.1677,0.0374,0.0059,9.8065,-0.3201,0.0547,-0.0097,12.69,-35.81,6.44,78.97,-82.69,175.19
52.37812,-1.504297,129.61,24.17,6,279.66,21 / 22,3439410,2019-09-06 20:17:25:153,0.934,0.3368,10.8552,-0.0475,-0.0113,9.8065,0.1966,0.0349,-0.0256,12.75,-35.69,5.69,79.84,-82.43,175.32
52.37812,-1.504297,129.61,24.17,6,279.66,21 / 22,3439510,2019-09-06 20:17:25:253,0.0142,0.3984,10.375,0.0516,0.0029,9.8064,-0.0392,0.0306,0.0008,13.69,-36.31,4.5,84.49,-82.42,175.38
52.37812,-1.504297,129.61,24.17,6,279.66,21 / 22,3439609,2019-09-06 20:17:25:352,-0.6198,-0.1639,10.1678,0.0332,0.0007,9.8065,-0.1309,-0.0095,-0.0175,13.88,-37.19,4.69,85.13,-82.42,175.47
52.37812,-1.504297,129.61,24.17,6,279.66,21 / 22,3439710,2019-09-06 20:17:25:453,-0.4341,-0.8474,10.0415,0.0203,0.005,9.8066,0.0441,0.0029,-0.0479,15.56,-37.12,6.13,81.64,-82.44,175.61
52.37812,-1.504297,129.61,24.17,6,279.66,21 / 22,3439810,2019-09-06 20:17:25:553,0.1493,-0.1035,10.8549,-0.017,0.0023,9.8066,0.0321,0.0151,0.0414,14.63,-36.37,6.5,77.64,-82.26,175.76
52.37812,-1.504297,129.61,24.17,6,279.66,21 / 22,3439909,2019-09-06 20:17:25:652,-0.0633,-0.3301,9.5318,-0.0131,-0.0065,9.8066,-0.095,0.0386,-0.0185,13.88,-36.5,6.94,77.38,-82.22,175.98
52.37812,-1.504297,129.61,24.17,6,279.66,21 / 22,3440009,2019-09-06 20:17:25:752,-0.4347,2.4628,9.6573,-0.0248,0.0019,9.8066,0.0562,0.0361,0.0338,13.13,-36.12,7.38,77.26,-82.16,176.35
52.37812,-1.504297,129.61,24.17,6,279.66,21 / 22,3440110,2019-09-06 20:17:25:853,-0.0087,1.2436,9.2288,-0.0376,-0.0034,9.8065,-0.2168,0.0109,0.0574,11.88,-36.31,5.56,81.22,-82.12,176.17
52.37812,-1.504297,129.61,24.17,6,279.66,21 / 22,3440210,2019-09-06 20:17:25:953,0.2453,-0.0188,9.4965,0.0493,-0.0147,9.8064,-0.15,0.0357,-0.0851,13.81,-36.19,5.13,85.55,-81.94,175.17
52.37812,-1.504297,129.61,24.17,6,279.66,21 / 22,3440309,2019-09-06 20:17:26:052,0.1272,0.7148,8.7764,0.0099,0.0119,9.8066,0.033,-0.0183,0.0104,14.25,-36.19,6.31,80.75,-82.17,175.17
52.37812,-1.504297,129.61,24.17,6,279.66,21 / 22,3440409,2019-09-06 20:17:26:152,1.0785,0.6776,9.4272,0.0516,0.0052,9.8064,-0.1752,-0.015,0.0544,12.69,-36.81,6.06,80.72,-82.37,175.44
52.37812,-1.504297,129.61,24.17,6,279.66,21 / 22,3440509,2019-09-06 20:17:26:252,0.5843,-0.684,10.2011,-0.0152,-0.0042,9.8066,0.0583,0.0199,0.0153,13.69,-36.87,4.75,85.1,-82.23,174.92
52.37812,-1.504297,129.61,24.17,6,279.66,21 / 22,3440610,2019-09-06 20:17:26:353,-0.1262,0.5669,10.6494,0.0002,-0.0007,9.8066,-0.1142,-0.0383,0.0165,13.94,-37.12,5,85.64,-82.04,174.95
52.37812,-1.504297,129.61,24.17,6,279.66,21 / 22,3440710,2019-09-06 20:17:26:453,-1.0147,0.6224,9.861,0.0141,0.0083,9.8066,-0.0496,0.0106,0.0902,14.88,-37,4.5,86.68,-81.96,175.8
52.37812,-1.504297,129.61,24.17,6,279.66,21 / 22,3440810,2019-09-06 20:17:26:553,0.0076,0.0952,9.1944,0.0108,-0.012,9.8066,0.0071,0.0087,-0.0193,15.5,-36.94,5.5,83.46,-82.01,176.38
52.37812,-1.504297,129.61,24.17,6,279.66,21 / 22,3440909,2019-09-06 20:17:26:652,-0.1318,0.2964,9.7106,0.0002,0.0018,9.8066,0.0152,-0.04,0.1103,13.5,-36.69,6.94,78.78,-82.02,176.28
52.37812,-1.504297,129.61,24.17,6,279.66,21 / 22,3441009,2019-09-06 20:17:26:752,0.1152,0.4294,10.0439,0.0091,-0.0035,9.8066,0.1686,-0.048,-0.0105,12.13,-36.19,6.88,77.88,-81.91,176.93
52.37812,-1.504297,129.61,24.17,6,279.66,21 / 22,3441110,2019-09-06 20:17:26:853,1.0143,-0.4969,10.5416,0.0392,-0.0037,9.8065,0.1786,0.0213,0.036,12.06,-36.5,6.56,77.15,-81.92,176.28
52.37812,-1.504297,129.61,24.17,6,279.66,21 / 22,3441210,2019-09-06 20:17:26:953,0.648,0.1877,9.8949,-0.0103,-0.0088,9.8066,0.0092,-0.0206,0.0108,12.5,-36.31,5.06,86.9,-81.8,176.08
52.37812,-1.504297,129.61,24.17,6,279.66,21 / 22,3441310,2019-09-06 20:17:27:053,0.5412,1.1793,9.7008,0.0219,-0.0127,9.8066,0.046,-0.0254,0.0569,13.44,-36.69,5.31,85.51,-81.97,174.57
52.37812,-1.504297,129.61,24.17,6,279.66,20 / 21,3441410,2019-09-06 20:17:27:153,0.4127,-0.5285,9.7547,-0.0067,0.002,9.8066,0.0776,-0.0371,0.0914,13.88,-36.25,6,80.55,-82.04,174.63
52.37812,-1.504297,129.61,24.17,6,279.66,20 / 21,3441509,2019-09-06 20:17:27:252,-0.924,-0.5414,10.6045,0.0519,-0.0125,9.8064,0.1937,0.0087,-0.015,12.75,-36.75,6.25,80.98,-82.18,175.17
52.37812,-1.504297,129.61,24.17,6,279.66,20 / 21,3441609,2019-09-06 20:17:27:352,0.2329,-0.3268,10.559,-0.0752,-0.0081,9.8063,-0.056,-0.0607,0.0164,11.88,-36.56,6.25,81.91,-81.79,175.2
52.37812,-1.504297,129.61,24.17,6,279.66,20 / 21,3441710,2019-09-06 20:17:27:453,0.2115,-0.2017,10.2436,0.0222,0.0006,9.8066,-0.0009,-0.0216,0.0363,11.13,-36.56,6,80.94,-81.79,174.59
52.37812,-1.504297,129.61,24.17,6,279.66,20 / 21,3441809,2019-09-06 20:17:27:552,0.9288,-0.221,9.8734,0.0105,0.0027,9.8066,0.1609,-0.0335,0.1069,12.13,-36.31,4.25,90.37,-81.82,174.66
52.37812,-1.504297,129.61,24.17,6,279.66,20 / 21,3441910,2019-09-06 20:17:27:653,0.6995,-0.2308,9.1385,0.0178,-0.0024,9.8066,-0.1359,-0.0175,-0.0611,14.75,-36.44,5,85.52,-81.86,174.96
52.37812,-1.504297,129.61,24.17,6,279.66,20 / 21,3442009,2019-09-06 20:17:27:752,-0.2277,0.6855,9.6804,0.0364,0.0089,9.8065,0.1811,-0.0731,0.0751,13.5,-35.75,6.25,80.1,-81.94,173.94
52.37812,-1.504297,129.61,24.17,6,279.66,20 / 21,3442110,2019-09-06 20:17:27:853,-0.293,-0.1346,9.8806,0.0436,0.0121,9.8064,-0.0861,0.0005,-0.0105,12.06,-35.12,6.81,73.72,-82.23,174.57
52.37812,-1.504297,129.61,24.17,6,279.66,20 / 21,3442210,2019-09-06 20:17:27:953,-0.0188,-0.5825,10.2345,-0.0551,0,9.8064,-0.1213,-0.0092,0.1,12.5,-35.62,5.69,80.53,-82.01,174.83
52.37812,-1.504297,129.61,24.17,6,279.66,20 / 21,3442309,2019-09-06 20:17:28:052,0.5012,0.0222,10.0017,-0.0562,-0.0077,9.8064,0.0661,0.0103,-0.0668,12.13,-35.69,5.56,80.81,-81.91,175.19
52.37812,-1.504297,129.61,24.17,6,279.66,19 / 22,3442410,2019-09-06 20:17:28:153,2.226,-0.1977,9.8265,-0.0118,-0.0031,9.8066,-0.0025,-0.0405,0.0991,12.75,-35.81,5.44,85.65,-81.73,174.64
52.37812,-1.504297,129.61,24.17,6,279.66,19 / 22,3442509,2019-09-06 20:17:28:252,-0.8099,0.5522,8.8115,-0.0162,0.014,9.8065,-0.1495,-0.011,-0.0258,13.56,-36,6.31,82.98,-81.63,175.91
52.37812,-1.504297,129.61,24.17,6,279.66,19 / 22,3442610,2019-09-06 20:17:28:353,0.7955,0.8461,8.3159,0.0195,0.001,9.8066,-0.0358,-0.0474,0.0013,12.63,-36.06,6.13,82.42,-81.82,176.12
52.37812,-1.504297,129.61,24.17,6,279.66,19 / 22,3442710,2019-09-06 20:17:28:453,0.4314,-0.1254,8.3346,0.0404,0.0001,9.8065,-0.1906,0.0179,0.0181,12,-35.87,6.38,81.08,-81.94,175.52
52.37812,-1.504297,129.61,24.17,6,279.66,19 / 22,3442809,2019-09-06 20:17:28:552,0.0742,-1.2757,9.2897,0.0181,0.0126,9.8066,0.0835,-0.0204,0.1334,11.25,-35.94,6.25,79.85,-82.21,175.62
52.37812,-1.504297,129.61,24.17,6,279.66,19 / 22,3442909,2019-09-06 20:17:28:652,1.421,-0.2567,10.1007,0.0001,0.021,9.8065,-0.1515,-0.009,-0.0186,11.56,-35.75,4.75,87.66,-82.07,177.58
52.37812,-1.504297,129.61,24.17,6,279.66,19 / 22,3443009,2019-09-06 20:17:28:752,1.2102,0.5753,9.8005,-0.0269,-0.0144,9.8065,0.0171,-0.0486,0.0286,10.63,-36.5,5.56,82.22,-81.9,176.86
52.37812,-1.504297,129.61,24.17,6,279.66,19 / 22,3443110,2019-09-06 20:17:28:853,1.0097,0.5833,9.8775,-0.041,-0.0005,9.8065,0.0031,0.0131,-0.0135,10.75,-36.62,5.06,88.72,-81.74,176.76
52.37812,-1.504297,129.61,24.17,6,279.66,19 / 22,3443209,2019-09-06 20:17:28:952,1.1614,0.1644,10.6237,0.0132,0.0107,9.8066,0.0323,0.0597,0.1067,11.81,-36.06,5.19,88.31,-81.69,177.06
52.37812,-1.504297,129.61,24.17,6,279.66,19 / 22,3443310,2019-09-06 20:17:29:053,0.183,0.0965,10.1135,0.0193,0.019,9.8066,-0.1192,0.0621,-0.1309,12.25,-35.94,4.5,89.58,-81.75,178.53
52.378506,-1.507709,129.04,27.09,6,282.72,19 / 22,3443410,2019-09-06 20:17:29:153,0.5502,0.0037,10.0648,-0.0116,-0.0068,9.8065,-0.0517,0.057,0.0232,13.44,-35.56,4.75,90.74,-81.67,179.55
52.378506,-1.507709,129.04,27.09,6,282.72,19 / 22,3443509,2019-09-06 20:17:29:252,-0.3342,0.4327,9.3263,-0.0061,0.0194,9.8066,-0.0736,0.098,-0.0172,13.81,-35.94,6,87.85,-81.7,-179.12
52.378506,-1.507709,129.04,27.09,6,282.72,19 / 22,3443610,2019-09-06 20:17:29:353,0.9771,-0.6973,9.6955,0.0174,0.0178,9.8065,-0.0088,0.0462,0.0442,12.56,-35.87,8,81.49,-81.78,-176.67
52.378506,-1.507709,129.04,27.09,6,282.72,19 / 22,3443709,2019-09-06 20:17:29:452,-0.5395,0.376,9.4305,0.0381,0.0227,9.8065,-0.108,0.0628,-0.0555,10.44,-35.37,7.06,82.98,-81.97,-175.76
52.378506,-1.507709,129.04,27.09,6,282.72,19 / 22,3443809,2019-09-06 20:17:29:552,-0.5109,0.315,9.2373,0.0126,0.0012,9.8066,0.0808,0.038,0.0293,9.94,-36.44,5.38,95.3,-81.91,-175.2
52.378506,-1.507709,129.04,27.09,6,282.72,19 / 22,3443910,2019-09-06 20:17:29:653,0.7193,0.1895,9.9778,0.0114,0.0063,9.8065,-0.062,0.0415,-0.0162,11.44,-36,4.44,99.94,-82.13,-174.73
52.378506,-1.507709,129.04,27.09,6,282.72,19 / 22,3444010,2019-09-06 20:17:29:753,-0.5187,0.0951,10.0235,-0.0031,0.0024,9.8066,0.1006,-0.0256,0.0819,11.25,-36.56,5.13,96.67,-82.06,-173.94
52.378506,-1.507709,129.04,27.09,6,282.72,19 / 22,3444109,2019-09-06 20:17:29:852,-0.1768,0.0552,9.9197,-0.0303,0.0185,9.8065,-0.0149,-0.0679,-0.0467,10.69,-36.94,6.25,93.2,-81.89,-173.02
52.378506,-1.507709,129.04,27.09,6,282.72,19 / 22,3444209,2019-09-06 20:17:29:952,0.848,-1.0581,9.5716,0.0239,-0.0013,9.8066,0.1187,-0.0198,0.1318,11.69,-36.06,5.06,98.24,-81.93,-171.93
52.378506,-1.507709,129.04,27.09,6,282.72,19 / 22,3444309,2019-09-06 20:17:30:052,0.3564,-0.467,10.2257,0.0014,0.0198,9.8066,-0.0189,-0.0018,-0.024,11.31,-36.44,5.5,94.27,-81.93,-171.06
52.378506,-1.507709,129.04,27.09,6,282.72,18 / 20,3444409,2019-09-06 20:17:30:152,-1.1401,0.7301,10.1862,-0.0056,0.0156,9.8066,0.2168,-0.0737,0.1225,10.5,-36.37,5.06,101.62,-81.78,-168.73
52.378506,-1.507709,129.04,27.09,6,282.72,18 / 20,3444510,2019-09-06 20:17:30:253,1.2763,-0.0714,10.4522,-0.019,0.0134,9.8065,-0.0769,-0.0329,-0.0076,10.31,-37,5.31,104.62,-81.68,-166.55
52.378506,-1.507709,129.04,27.09,6,282.72,18 / 20,3444610,2019-09-06 20:17:30:353,1.7745,1.3932,9.3691,0.0144,0.0022,9.8066,-0.0468,-0.079,0.1014,10.56,-37.5,5.31,105.58,-81.61,-165.59
52.378506,-1.507709,129.04,27.09,6,282.72,18 / 20,3444710,2019-09-06 20:17:30:453,0.6312,-0.0509,10.0343,0.0114,0.0129,9.8066,0.036,0.0217,0.0117,9.88,-36.87,5.63,101.34,-81.68,-164.63
52.378506,-1.507709,129.04,27.09,6,282.72,18 / 20,3444810,2019-09-06 20:17:30:553,-0.2946,0.548,9.7841,0.0278,0.012,9.8066,-0.022,-0.0143,0.0232,10.13,-37.06,5.75,102.88,-81.65,-163.02
52.378506,-1.507709,129.04,27.09,6,282.72,18 / 20,3444909,2019-09-06 20:17:30:652,-0.7094,0.5739,10.3048,0.0468,0.0168,9.8065,-0.2521,0.0539,-0.007,10.44,-37.31,6.25,103.9,-81.71,-161.64
52.378506,-1.507709,129.04,27.09,6,282.72,18 / 20,3445009,2019-09-06 20:17:30:752,0.1125,-0.7181,10.7635,-0.0338,-0.0184,9.8065,0.028,0.0219,-0.1222,11.25,-37.44,5.31,108.69,-81.69,-161.73
52.378506,-1.507709,129.04,27.09,6,282.72,18 / 20,3445110,2019-09-06 20:17:30:853,-0.0735,0.3082,9.6428,-0.0381,0.0116,9.8065,0.0235,0.0664,0.0062,10.88,-37.69,6.38,105.3,-81.43,-162.06
52.378506,-1.507709,129.04,27.09,6,282.72,18 / 20,3445210,2019-09-06 20:17:30:953,-0.3914,0.4794,9.3867,0.0228,0.0049,9.8065,-0.0871,0.0692,-0.0698,10.69,-38.12,5.94,105.52,-81.53,-161.5
52.378506,-1.507709,129.04,27.09,6,282.72,18 / 20,3445310,2019-09-06 20:17:31:053,0.3449,-0.5639,9.8677,0.029,0.0063,9.8065,0.0296,-0.0875,0.0422,10.44,-38,6.13,105.79,-81.56,-160.77
52.378506,-1.507709,129.04,27.09,6,282.72,19 / 21,3445409,2019-09-06 20:17:31:152,0.4185,0.5263,9.1036,-0.0237,0.0122,9.8066,0.0263,0.0597,0.0316,9.69,-38.25,6.38,106.01,-81.43,-161
52.378506,-1.507709,129.04,27.09,6,282.72,19 / 21,3445510,2019-09-06 20:17:31:253,1.8195,0.522,9.6354,0.0136,0.0008,9.8066,0.0568,-0.0929,0.1104,9.81,-37.87,5.75,106.43,-81.42,-160.54
52.378506,-1.507709,129.04,27.09,6,282.72,19 / 21,3445609,2019-09-06 20:17:31:352,0.312,-0.507,9.1598,-0.0013,0.007,9.8065,-0.0002,-0.0643,0.0128,10.81,-37.5,5.19,110.23,-81.47,-160.6
52.378506,-1.507709,129.04,27.09,6,282.72,19 / 21,3445709,2019-09-06 20:17:31:452,0.7707,0.5181,10.2554,0.0302,-0.0118,9.8065,0.042,-0.051,-0.0045,11.38,-38.31,5.25,110.58,-81.43,-161.05
52.378506,-1.507709,129.04,27.09,6,282.72,19 / 21,3445809,2019-09-06 20:17:31:552,1.2091,0.7535,10.1413,0.0405,0.0042,9.8065,-0.076,-0.0608,0.0425,10.38,-37.69,5.69,105.12,-81.66,-161.22
52.378506,-1.507709,129.04,27.09,6,282.72,19 / 21,3445910,2019-09-06 20:17:31:653,0.3323,0.4072,9.055,0.0392,0.0009,9.8065,0.0218,-0.0082,-0.065,10.25,-38,5.69,104.51,-81.68,-161.81
52.378506,-1.507709,129.04,27.09,6,282.72,19 / 21,3446009,2019-09-06 20:17:31:752,0.5752,0.2985,10.3764,0.0253,-0.0152,9.8065,-0.0362,-0.0283,-0.0233,10.38,-38.25,5.63,103.54,-81.81,-162.48
52.378506,-1.507709,129.04,27.09,6,282.72,19 / 21,3446110,2019-09-06 20:17:31:853,-0.968,-0.9152,10.1462,-0.0263,-0.0092,9.8066,-0.1232,0.146,-0.1006,10.5,-37.75,5.31,106.77,-81.83,-164.23
52.378506,-1.507709,129.04,27.09,6,282.72,19 / 21,3446209,2019-09-06 20:17:31:952,-1.1256,-0.0083,10.2195,-0.0249,-0.0068,9.8066,0.0232,0.0089,-0.0542,10.38,-37.37,4.94,106.18,-81.68,-164.75
52.378506,-1.507709,129.04,27.09,6,282.72,19 / 21,3446310,2019-09-06 20:17:32:053,-0.7247,0.8327,10.5027,-0.0287,0.0082,9.8066,-0.1597,0.0612,-0.0103,10.19,-37.12,5.63,101.75,-81.53,-164.7
52.378506,-1.507709,129.04,27.09,6,282.72,19 / 21,3446409,2019-09-06 20:17:32:152,0.5891,-0.3352,9.7715,0.0083,-0.0002,9.8066,0.0332,0.0557,-0.0322,11.19,-37,5.06,107.55,-81.56,-163.46
52.378506,-1.507709,129.04,27.09,6,282.72,19 / 21,3446510,2019-09-06 20:17:32:253,0.3364,1.1438,9.6803,0.0102,0.0087,9.8065,0.1041,-0.1315,0.0814,11.38,-37.31,5.31,107.96,-81.66,-162.66
52.378506,-1.507709,129.04,27.09,6,282.72,19 / 21,3446609,2019-09-06 20:17:32:352,0.0194,-0.4734,9.9816,-0.0099,0.0149,9.8066,0.0584,-0.0389,0.0886,10.44,-37.44,6.38,104.39,-81.6,-161.47
52.378506,-1.507709,129.04,27.09,6,282.72,19 / 21,3446710,2019-09-06 20:17:32:453,-1.0651,0.9356,9.4562,0.0016,-0.0044,9.8066,0.1589,-0.031,0.0283,10.5,-37.87,5.31,110.61,-81.55,-160.64
52.378506,-1.507709,129.04,27.09,6,282.72,19 / 21,3446810,2019-09-06 20:17:32:553,-0.1717,0.0741,10.0989,-0.0165,-0.0042,9.8066,0.0583,-0.0296,0.0216,10.06,-37.62,5.5,105.13,-81.73,-160.95
52.378506,-1.507709,129.04,27.09,6,282.72,19 / 21,3446910,2019-09-06 20:17:32:653,2.4008,-1.2436,10.6905,0.0057,-0.011,9.8066,-0.0001,0.0267,-0.0458,11,-37.44,6.06,104.38,-81.59,-161.85
52.378506,-1.507709,129.04,27.09,6,282.72,19 / 21,3447009,2019-09-06 20:17:32:752,-0.596,0.1013,10.1489,-0.0183,0.0054,9.8066,-0.0412,-0.0212,0,10.19,-36.75,5.81,104.35,-81.48,-161.92
52.378506,-1.507709,129.04,27.09,6,282.72,19 / 21,3447110,2019-09-06 20:17:32:853,1.6576,-1.0584,9.6796,0.0032,-0.0042,9.8065,-0.2254,0.0789,-0.0989,10.81,-37.5,4.94,108.7,-81.65,-161.84
52.378506,-1.507709,129.04,27.09,6,282.72,19 / 21,3447210,2019-09-06 20:17:32:953,1.4742,-0.1827,8.895,0.0312,-0.0101,9.8066,0.0051,0.0249,-0.0459,11.13,-38.12,4.88,108.08,-81.96,-162.27
52.378506,-1.507709,129.04,27.09,6,282.72,19 / 21,3447310,2019-09-06 20:17:33:053,0.2784,-0.9902,10.652,0.0285,-0.0166,9.8066,0.0862,-0.0083,0.0071,11.63,-38.06,5.31,106.78,-82.06,-163.4
52.378506,-1.507709,129.04,27.09,6,282.72,18 / 19,3447409,2019-09-06 20:17:33:152,0.8309,-0.6967,9.7528,0.0051,-0.0159,9.8066,-0.042,-0.0358,-0.0545,11.44,-38,5.25,106.63,-81.89,-164.19
52.378506,-1.507709,129.04,27.09,6,282.72,18 / 19,3447509,2019-09-06 20:17:33:252,0.6843,0.1115,10.0319,0.0005,-0.0068,9.8066,0.082,-0.0362,0.0191,11.88,-37.5,5.94,100.38,-81.94,-165.53
52.378506,-1.507709,129.04,27.09,6,282.72,18 / 19,3447610,2019-09-06 20:17:33:353,0.1589,-0.4404,9.7739,0.0087,0.0086,9.8066,-0.0739,-0.0189,0.0162,11.63,-38,5.81,101.39,-81.88,-165.25
52.378506,-1.507709,129.04,27.09,6,282.72,18 / 19,3447710,2019-09-06 20:17:33:453,0.2836,0.1255,10.1493,0.0125,0.0057,9.8066,-0.0573,-0.0073,0.0225,11.38,-37.56,5.75,101.93,-81.95,-164.15
52.378506,-1.507709,129.04,27.09,6,282.72,18 / 19,3447810,2019-09-06 20:17:33:553,0.708,0.1638,10.1747,0.0197,0.0059,9.8066,0.0138,0.0538,0.0063,10.75,-38.12,5.63,102.14,-82.09,-163.44
52.378506,-1.507709,129.04,27.09,6,282.72,18 / 19,3447910,2019-09-06 20:17:33:653,1.3064,-1.4232,10.1077,0.0037,-0.0053,9.8066,0.0339,0.0716,-0.0467,11.38,-37.62,4.63,106.44,-82.01,-163.99
52.378506,-1.507709,129.04,27.09,6,282.72,18 / 19,3448010,2019-09-06 20:17:33:753,1.6513,-0.1575,10.1515,-0.0126,-0.0068,9.8066,-0.0064,-0.0399,-0.0034,12.25,-38.87,5.31,106.86,-81.92,-164.41
52.378506,-1.507709,129.04,27.09,6,282.72,18 / 19,3448109,2019-09-06 20:17:33:852,0.8632,0.0573,9.8832,0.0067,-0.005,9.8066,0.0339,-0.0731,0.061,12.31,-38.87,5.94,102.13,-81.91,-165.01
52.378506,-1.507709,129.04,27.09,6,282.72,18 / 19,3448209,2019-09-06 20:17:33:952,0.626,-0.1495,9.8803,0.0271,-0.017,9.8066,0.1011,0.0211,-0.083,12.63,-38.06,6.13,101.22,-82.05,-165.22
52.378506,-1.507709,129.04,27.09,6,282.72,18 / 19,3448310,2019-09-06 20:17:34:053,1.8447,-1.0581,9.6076,0.0305,-0.0031,9.8065,0.0084,0.0089,0.0109,11.63,-37.94,5.81,99.98,-82.17,-165.92
52.378506,-1.507709,129.04,27.09,6,282.72,19 / 20,3448409,2019-09-06 20:17:34:152,1.0938,-0.5642,9.6065,-0.0281,0.0049,9.8065,-0.1098,0.0461,-0.0025,12.06,-37.69,5.94,100.57,-82.07,-165.59
52.378506,-1.507709,129.04,27.09,6,282.72,19 / 20,3448510,2019-09-06 20:17:34:253,1.5928,0.4313,9.8074,0.0322,-0.0052,9.8065,-0.1328,0.0709,-0.053,12.19,-38.06,5.13,105.41,-82.05,-164.99
52.378506,-1.507709,129.04,27.09,6,282.72,19 / 20,3448609,2019-09-06 20:17:34:352,0.9679,-0.4618,9.7976,0.0098,-0.0079,9.8066,0.0156,-0.045,-0.0013,12.5,-37.25,6.13,100.03,-82.11,-165.76
52.378506,-1.507709,129.04,27.09,6,282.72,19 / 20,3448710,2019-09-06 20:17:34:453,1.9972,-0.9595,9.5861,0.0281,-0.0173,9.8066,-0.0413,-0.0005,-0.0378,12.13,-37.31,6.38,98.42,-82.11,-167.15
52.378506,-1.507709,129.04,27.09,6,282.72,19 / 20,3448810,2019-09-06 20:17:34:553,-0.8707,-0.5134,9.6392,0.0337,-0.0112,9.8066,0.0355,0.0147,-0.0188,12.56,-36.69,5.81,96.87,-82.33,-168.49
52.378506,-1.507709,129.04,27.09,6,282.72,19 / 20,3448910,2019-09-06 20:17:34:653,1.5484,0.3125,9.7253,-0.0096,0.0049,9.8066,0.0084,-0.0181,0.0076,12.19,-36.56,5.13,100.36,-82.39,-168.9
52.378506,-1.507709,129.04,27.09,6,282.72,19 / 20,3449009,2019-09-06 20:17:34:752,0.8655,-0.9026,9.4191,-0.0063,0.0011,9.8066,-0.0296,0.0071,0.0057,12.13,-37.31,4.94,100.24,-82.49,-168.7
52.378506,-1.507709,129.04,27.09,6,282.72,19 / 20,3449110,2019-09-06 20:17:34:853,0.1332,-0.2914,9.8403,0.0042,0.0024,9.8065,-0.0883,0.0255,0.0072,11.88,-36.81,5,100.3,-82.59,-168.35
52.378506,-1.507709,129.04,27.09,6,282.72,19 / 20,3449210,2019-09-06 20:17:34:953,0.6828,0.7315,9.3776,-0.019,0.0021,9.8066,-0.1005,0.0756,-0.0497,12.56,-36.62,5.25,100.45,-82.66,-168.08
52.378506,-1.507709,129.04,27.09,6,282.72,19 / 20,3449310,2019-09-06 20:17:35:053,0.9955,-1.0638,10.1841,-0.0397,0.0017,9.8065,-0.0111,-0.0359,-0.0227,12.69,-37.12,4.88,100.39,-82.52,-168.54
52.378506,-1.507709,129.04,27.09,6,282.72,18 / 21,3449409,2019-09-06 20:17:35:152,0.3169,0.1503,9.9511,0.0333,-0.0064,9.8065,0.0926,-0.031,-0.0329,13.88,-36.87,6.31,96.28,-82.61,-168.72
52.378506,-1.507709,129.04,27.09,6,282.72,18 / 21,3449510,2019-09-06 20:17:35:253,1.0449,0.1043,10.147,-0.0204,-0.0058,9.8066,-0.0468,0.0125,0.0296,13.06,-36.62,6.31,95.29,-82.56,-169.52
52.378506,-1.507709,129.04,27.09,6,282.72,18 / 21,3449610,2019-09-06 20:17:35:353,-0.8223,-0.434,9.6598,-0.0067,0.0089,9.8066,-0.0447,0.0192,-0.003,12.5,-37,6.13,94.86,-82.58,-169.92
52.378506,-1.507709,129.04,27.09,6,282.72,18 / 21,3449710,2019-09-06 20:17:35:453,0.5136,0.1849,9.8994,-0.0024,0.007,9.8066,-0.0379,0.0184,-0.0076,12,-37,5.19,99.31,-82.61,-169.37
52.378506,-1.507709,129.04,27.09,6,282.72,18 / 21,3449810,2019-09-06 20:17:35:553,-0.5262,-0.1057,9.5598,-0.0121,-0.0005,9.8066,-0.032,0.033,-0.0192,11.63,-37.56,5.88,96.11,-82.57,-168.83
52.378506,-1.507709,129.04,27.09,6,282.72,18 / 21,3449909,2019-09-06 20:17:35:652,0.0075,-0.1461,9.1393,-0.0209,0.0013,9.8066,0.038,-0.0284,-0.0177,12.38,-37,5.63,95.16,-82.65,-168.98
52.378506,-1.507709,129.04,27.09,6,282.72,18 / 21,3450009,2019-09-06 20:17:35:752,-0.3921,0.8638,9.6046,0.0259,-0.0075,9.8065,0.0711,-0.0897,0.0271,12.75,-36.62,5.69,95.05,-82.82,-169.06
52.378506,-1.507709,129.04,27.09,6,282.72,18 / 21,3450110,2019-09-06 20:17:35:853,-0.0331,-0.1112,10.0539,-0.0009,-0.001,9.8066,0.0456,-0.0013,0.0483,12.13,-36.62,6.13,94.93,-82.74,-168.97
52.378506,-1.507709,129.04,27.09,6,282.72,18 / 21,3450210,2019-09-06 20:17:35:953,1.1376,-0.8132,9.8044,-0.0065,0.0019,9.8066,-0.0596,-0.0023,-0.0162,11.81,-36.87,6.31,94.43,-82.76,-169.42
52.378506,-1.507709,129.04,27.09,6,282.72,18 / 21,3450310,2019-09-06 20:17:36:053,1.5509,0.19,9.8757,0.0013,0.001,9.8066,-0.0213,-0.0089,0.0034,10.94,-35.81,6.5,89.25,-82.64,-169.19
52.378506,-1.507709,129.04,27.09,6,282.72,19 / 22,3450409,2019-09-06 20:17:36:152,-0.7538,0.1929,9.7615,0.0083,-0.0027,9.8066,0.0323,-0.035,0.0264,10.94,-35.81,5.63,93.76,-82.6,-169.45
52.378506,-1.507709,129.04,27.09,6,282.72,19 / 22,3450510,2019-09-06 20:17:36:253,-0.029,-0.4274,9.454,0.0217,-0.0054,9.8065,0.021,-0.0652,0.0256,11.81,-37.12,4.38,103.64,-82.64,-169.34
52.378506,-1.507709,129.04,27.09,6,282.72,19 / 22,3450610,2019-09-06 20:17:36:353,2.1145,-0.2339,9.7561,0.0335,0.0082,9.8065,0.0327,-0.0095,-0.028,12.19,-36.94,6.19,94.56,-82.89,-168.9
52.378506,-1.507709,129.04,27.09,6,282.72,19 / 22,3450709,2019-09-06 20:17:36:452,-1.2262,0.145,9.8079,0.0341,-0.0042,9.8066,-0.1053,0.0307,0.0092,12.06,-37,5.63,94.75,-82.84,-168.84
52.378506,-1.507709,129.04,27.09,6,282.72,19 / 22,3450809,2019-09-06 20:17:36:552,0.9778,-0.5874,9.3852,-0.0271,0.0055,9.8066,-0.1038,0.0315,-0.0241,11.5,-37.12,6.5,90.09,-82.92,-168.98
52.378506,-1.507709,129.04,27.09,6,282.72,19 / 22,3450909,2019-09-06 20:17:36:652,1.2585,0.4038,9.9005,-0.018,-0.0026,9.8066,0.0342,-0.0043,-0.0182,11.56,-36.5,6.75,90.45,-82.82,-168.35
52.378506,-1.507709,129.04,27.09,6,282.72,19 / 22,3451009,2019-09-06 20:17:36:752,0.1168,0.0115,9.8531,0.0105,-0.0097,9.8066,0.1049,-0.0699,0.0297,11.31,-36.19,6.06,93.68,-82.92,-168.54
52.378506,-1.507709,129.04,27.09,6,282.72,19 / 22,3451109,2019-09-06 20:17:36:852,1.7876,-0.2268,9.7602,-0.0107,-0.0069,9.8066,0.1107,-0.0086,0.0141,10.94,-36.56,5,97.98,-82.92,-169.65
52.378506,-1.507709,129.04,27.09,6,282.72,19 / 22,3451209,2019-09-06 20:17:36:952,1.0376,-0.5495,10.2175,0.0313,-0.0032,9.8065,-0.0281,0.0151,-0.0419,12,-37.25,5.44,97.37,-83.11,-169.9
52.378506,-1.507709,129.04,27.09,6,282.72,19 / 22,3451310,2019-09-06 20:17:37:053,0.4374,-0.3184,9.9555,0.0295,-0.011,9.8066,-0.0325,-0.0211,-0.0019,12.44,-36.87,5.69,92.46,-83.08,-170.49
52.378506,-1.507709,129.04,27.09,6,282.72,18 / 21,3451410,2019-09-06 20:17:37:153,1.0797,-0.3775,10.1231,-0.0187,0.006,9.8066,0.109,-0.048,0.0627,11.81,-37.56,6.31,93.51,-83.03,-170.14
52.378506,-1.507709,129.04,27.09,6,282.72,18 / 21,3451509,2019-09-06 20:17:37:252,0.4152,0.6092,9.8339,-0.002,0.0041,9.8066,-0.0416,-0.0156,-0.0464,11.31,-37.56,6.13,93.17,-83.04,-169.9
52.378506,-1.507709,129.04,27.09,6,282.72,18 / 21,3451610,2019-09-06 20:17:37:353,0.1988,0.6842,9.8514,0.0099,-0.0003,9.8066,0.0378,-0.0446,0.0427,11.44,-37.06,5.94,92.64,-83.11,-169.61
52.378506,-1.507709,129.04,27.09,6,282.72,18 / 21,3451710,2019-09-06 20:17:37:453,-0.159,1.5391,10.7884,0.0871,0.0131,9.8062,-0.1281,0.0239,-0.0056,11.63,-36.5,5.38,96.39,-83.37,-169.6
52.378506,-1.507709,129.04,27.09,6,282.72,18 / 21,3451810,2019-09-06 20:17:37:553,0.7226,-0.9012,10.5383,-0.0409,-0.0025,9.8065,0.0871,0.0815,-0.0498,11.63,-36.81,5.13,96.87,-83.13,-170.37
52.378506,-1.507709,129.04,27.09,6,282.72,18 / 21,3451910,2019-09-06 20:17:37:653,-0.7657,-0.0202,9.4536,0.0224,-0.0063,9.8066,-0.1296,0.031,0.0514,11.81,-36.81,5.19,96.41,-83.32,-170.28
52.378506,-1.507709,129.04,27.09,6,282.72,18 / 21,3452010,2019-09-06 20:17:37:753,-0.3075,0.3632,9.6279,-0.0218,0.0128,9.8066,-0.0336,-0.1223,0.0308,11.5,-36.69,5.69,92.37,-83.31,-169.92
52.378506,-1.507709,129.04,27.09,6,282.72,18 / 21,3452109,2019-09-06 20:17:37:852,0.4566,-0.6697,10.1635,-0.0036,0.0302,9.8066,0.0536,-0.0733,0.0986,11.06,-36.31,5.56,94.18,-83.16,-167.27
52.378506,-1.507709,129.04,27.09,6,282.72,18 / 21,3452209,2019-09-06 20:17:37:952,-0.474,1.0449,9.8662,-0.0432,-0.0005,9.8065,0.114,-0.0217,-0.0396,11.13,-37.69,5.44,99.97,-83.07,-167.64
52.378506,-1.507709,129.04,27.09,6,282.72,18 / 21,3452309,2019-09-06 20:17:38:052,-0.2921,1.5904,9.9116,0.0069,-0.0119,9.8066,-0.3619,0.0803,0.0351,11.56,-36.37,5.63,94.48,-83.19,-167.54
52.378986,-1.510962,128.38,23.8,4,284.16,18 / 21,3452409,2019-09-06 20:17:38:152,0.7186,0.5959,9.3494,-0.0865,-0.0178,9.8062,0.0549,0.034,-0.1556,11.75,-36.75,5.25,98.35,-83.04,-169.07
52.378986,-1.510962,128.38,23.8,4,284.16,18 / 21,3452510,2019-09-06 20:17:38:253,1.8773,0.0172,9.9733,0.0663,0.012,9.8063,0.0482,-0.0365,0.0172,11.56,-36.62,5.5,94.36,-83.01,-168.74
52.378986,-1.510962,128.38,23.8,4,284.16,18 / 21,3452609,2019-09-06 20:17:38:352,2.7574,0.3354,10.8476,0.0261,-0.0006,9.8066,-0.0624,-0.004,-0.0185,11.69,-37.19,4.5,98.29,-83.27,-168.43
52.378986,-1.510962,128.38,23.8,4,284.16,18 / 21,3452710,2019-09-06 20:17:38:453,0.3524,0.1271,9.3384,0.0323,0.0042,9.8065,0.1311,0.0718,-0.0623,11.81,-37.56,5,98.89,-83.3,-168.24
52.378986,-1.510962,128.38,23.8,4,284.16,18 / 21,3452810,2019-09-06 20:17:38:553,0.0258,0.5901,9.9834,0.0033,-0.0045,9.8066,-0.0387,0.0326,-0.0198,12.31,-37.69,5.19,99.72,-83.17,-167.76
52.378986,-1.510962,128.38,23.8,4,284.16,18 / 21,3452910,2019-09-06 20:17:38:653,-0.2593,0.8616,9.9513,-0.0286,-0.0063,9.8065,0.1163,-0.0591,0.0312,12.06,-37.06,5,98.6,-83.3,-168.02
52.378986,-1.510962,128.38,23.8,4,284.16,18 / 21,3453010,2019-09-06 20:17:38:753,0.7736,0.0523,9.883,-0.0439,-0.0056,9.8065,0.1674,-0.0485,-0.0005,11.94,-37.44,5.56,93.61,-83.19,-168.97
52.378986,-1.510962,128.38,23.8,4,284.16,18 / 21,3453109,2019-09-06 20:17:38:852,0.2727,-0.1057,9.9103,-0.0309,-0.0085,9.8066,-0.0675,-0.0094,-0.0288,11.25,-37.31,5.75,92.3,-83.27,-169.44
52.378986,-1.510962,128.38,23.8,4,284.16,18 / 21,3453209,2019-09-06 20:17:38:952,0.0181,0.5228,9.6405,0.0202,0.005,9.8065,-0.0657,0.0357,0.0413,11.44,-37,5.63,91.96,-83.37,-169.49
52.378986,-1.510962,128.38,23.8,4,284.16,18 / 21,3453309,2019-09-06 20:17:39:052,0.4802,0.4092,10.1972,0.0014,-0.0015,9.8066,-0.0381,-0.0048,-0.0022,11.81,-37.25,5.5,93.64,-83.28,-168.69
52.378986,-1.510962,128.38,23.8,4,284.16,18 / 20,3453410,2019-09-06 20:17:39:153,0.9334,0.2676,9.8244,0.0134,-0.006,9.8066,-0.0117,0.016,-0.0179,11.81,-36.81,5.88,93.13,-83.24,-169.34
52.378986,-1.510962,128.38,23.8,4,284.16,18 / 20,3453509,2019-09-06 20:17:39:252,0.0619,-0.0853,10.3633,0.0097,0.0063,9.8066,0.0275,-0.023,0.0257,11.13,-36.31,5.44,96.07,-83.28,-169.87
52.378986,-1.510962,128.38,23.8,4,284.16,18 / 20,3453609,2019-09-06 20:17:39:352,-0.1478,0.0682,9.9338,0.0154,0.008,9.8066,-0.0973,-0.0128,0.0295,11.25,-36.19,4.81,97.07,-83.3,-168.76
52.378986,-1.510962,128.38,23.8,4,284.16,18 / 20,3453709,2019-09-06 20:17:39:452,-0.6019,0.3609,9.4352,0.0155,-0.0033,9.8065,0.0839,-0.0349,0.0211,11.06,-36.62,4.31,102.33,-83.36,-168.67
52.378986,-1.510962,128.38,23.8,4,284.16,18 / 20,3453810,2019-09-06 20:17:39:553,1.089,0.2284,10.1321,0.0001,0.0008,9.8066,0.0513,-0.0003,0.0164,11.5,-36.19,5.19,97.21,-83.4,-168.65
52.378986,-1.510962,128.38,23.8,4,284.16,18 / 20,3453910,2019-09-06 20:17:39:653,0.6734,0.4643,9.5738,0.0178,0.0036,9.8065,-0.0321,-0.0191,0.0173,12,-36.62,5.13,98.41,-83.36,-168.03
52.378986,-1.510962,128.38,23.8,4,284.16,18 / 20,3454010,2019-09-06 20:17:39:753,0.4553,0.2913,10.3308,0.0039,0.0036,9.8066,-0.0052,-0.0074,0.0254,11.94,-35.81,4.56,97.98,-83.47,-167.64
52.378986,-1.510962,128.38,23.8,4,284.16,18 / 20,3454109,2019-09-06 20:17:39:852,-0.1577,0.2335,10.4038,0.0173,0.0027,9.8065,0.1501,-0.0536,0.0135,13.13,-37.87,4.5,99.65,-83.49,-167.11
52.378986,-1.510962,128.38,23.8,4,284.16,18 / 20,3454210,2019-09-06 20:17:39:953,2.5938,-2.4864,9.7613,-0.0462,-0.0021,9.8065,0.1028,-0.0517,0.0012,12.88,-38.12,5.25,100.16,-83.18,-167.47
52.378986,-1.510962,128.38,23.8,4,284.16,18 / 20,3454310,2019-09-06 20:17:40:053,-0.3778,-0.6414,8.4218,-0.0146,-0.0009,9.8066,0.1478,0.0836,-0.0014,11.44,-37.31,5.88,95.95,-83.35,-165.43
52.378986,-1.510962,128.38,23.8,4,284.16,18 / 22,3454409,2019-09-06 20:17:40:152,1.663,0.5672,10.6916,0.0177,0.0167,9.8066,-0.0858,0.0169,0.0084,11.44,-36.62,5.63,96.79,-83.38,-164.43
52.378986,-1.510962,128.38,23.8,4,284.16,18 / 22,3454509,2019-09-06 20:17:40:252,0.1842,1.1147,9.1321,0.0537,0.0074,9.8064,0.2789,-0.0187,-0.0564,11.25,-36.37,4.88,102.06,-83.65,-162.35
52.378986,-1.510962,128.38,23.8,4,284.16,18 / 22,3454609,2019-09-06 20:17:40:352,0.1944,0.8215,9.7368,-0.0655,-0.0033,9.8064,-0.128,0.044,-0.0168,11.81,-36.69,4.88,101.93,-83.43,-164.08
52.378986,-1.510962,128.38,23.8,4,284.16,18 / 22,3454710,2019-09-06 20:17:40:453,0.0036,-0.8262,10.3779,-0.0467,0.0048,9.8065,-0.0077,0.0446,-0.0659,11.63,-36.62,5.13,102.73,-83.41,-163.27
52.378986,-1.510962,128.38,23.8,4,284.16,18 / 22,3454810,2019-09-06 20:17:40:553,2.6877,0.5021,9.773,-0.0216,0.003,9.8066,0.1152,-0.0734,-0.0119,11.19,-36.44,5.31,102.04,-83.26,-163.58
52.378986,-1.510962,128.38,23.8,4,284.16,18 / 22,3454910,2019-09-06 20:17:40:653,3.0266,-0.0117,7.833,-0.0475,-0.007,9.8065,-0.5262,-0.0045,-0.0173,10.75,-36.44,4.56,102.26,-82.99,-164.19
52.378986,-1.510962,128.38,23.8,4,284.16,18 / 22,3455010,2019-09-06 20:17:40:753,4.1228,-0.098,8.2174,0.1927,0.0048,9.8047,0.5434,-0.0881,-0.0272,10.63,-37.06,4.63,102.88,-82.78,-164.77
52.378986,-1.510962,128.38,23.8,4,284.16,18 / 22,3455110,2019-09-06 20:17:40:853,-0.2211,0.305,10.1662,-0.0405,-0.0082,9.8065,0.0005,0.0151,0.0159,10.5,-37.25,4.94,101.91,-83.79,-162.61
52.378986,-1.510962,128.38,23.8,4,284.16,18 / 22,3455209,2019-09-06 20:17:40:952,0.3736,-0.4422,10.3075,0.0064,-0.0059,9.8066,0.0698,-0.0539,0.0127,10.44,-36.94,4.75,100.46,-83.68,-164.03
52.378986,-1.510962,128.38,23.8,4,284.16,18 / 22,3455310,2019-09-06 20:17:41:053,0.4549,0.0999,10.272,0.0115,-0.0099,9.8066,0.0708,-0.0155,0.0137,10.38,-36.75,4.75,99.69,-83.63,-165.05
52.378986,-1.510962,128.38,23.8,4,284.16,19 / 21,3455409,2019-09-06 20:17:41:152,0.4467,0.233,9.3305,-0.0315,0.0101,9.8065,-0.1525,0.0149,0.0578,10.25,-36.37,4.69,99.96,-83.48,-164.67
52.378986,-1.510962,128.38,23.8,4,284.16,19 / 21,3455510,2019-09-06 20:17:41:253,0.6783,0.0211,10.0663,-0.048,0.0125,9.8065,-0.0142,-0.0504,0.039,10,-36.81,4.25,107.03,-83.39,-163.41
52.378986,-1.510962,128.38,23.8,4,284.16,19 / 21,3455610,2019-09-06 20:17:41:353,0.4332,-0.4818,9.5281,0.0096,0.0074,9.8066,-0.0081,-0.0537,0.0184,9.5,-36.5,5.25,102.4,-83.43,-162.2
52.378986,-1.510962,128.38,23.8,4,284.16,19 / 21,3455710,2019-09-06 20:17:41:453,0.4298,0.1439,9.296,0.0039,0.0002,9.8066,-0.1072,-0.0133,0.0066,9.88,-37.19,4.44,108.54,-83.45,-161.48
52.378986,-1.510962,128.38,23.8,4,284.16,19 / 21,3455810,2019-09-06 20:17:41:553,0.8793,-0.3199,9.2058,0.0318,-0.0068,9.8065,0.0333,-0.0286,-0.0178,10.13,-36.94,4.38,107.91,-83.72,-161.25
52.378986,-1.510962,128.38,23.8,4,284.16,19 / 21,3455909,2019-09-06 20:17:41:652,0.5177,0.1333,10.1249,0.0178,0.0039,9.8066,0.0943,-0.0187,0.0251,9.94,-37.06,4.81,102.88,-83.78,-161.06
52.378986,-1.510962,128.38,23.8,4,284.16,19 / 21,3456009,2019-09-06 20:17:41:752,0.4168,-0.8934,10.0612,-0.0263,-0.0079,9.8065,-0.0057,0.0581,-0.0449,9.94,-36.94,5.44,102.86,-83.57,-161.82
52.378986,-1.510962,128.38,23.8,4,284.16,19 / 21,3456110,2019-09-06 20:17:41:853,0.4789,-0.3951,10.085,-0.0058,0.0067,9.8066,-0.013,0.0084,-0.0275,10.94,-36.44,5.81,97.56,-83.5,-162.72
52.378986,-1.510962,128.38,23.8,4,284.16,19 / 21,3456209,2019-09-06 20:17:41:952,0.2187,0.8471,9.5872,0.0343,0.0049,9.8065,0.1111,0.0505,0.0054,11.69,-36.19,5.13,103.56,-83.31,-162.14
52.378986,-1.510962,128.38,23.8,4,284.16,19 / 21,3456309,2019-09-06 20:17:42:052,0.1284,0.4962,10.0386,0.0246,0.0085,9.8065,-0.0568,0.0282,-0.0387,11.88,-37.19,4.75,104.44,-83.57,-160.96
52.378986,-1.510962,128.38,23.8,4,284.16,18 / 20,3456410,2019-09-06 20:17:42:153,0.6053,-0.7204,9.5078,-0.0181,0.0022,9.8066,0.0023,0.0276,-0.0039,11.13,-36.87,5.13,104.7,-83.67,-159.93
52.378986,-1.510962,128.38,23.8,4,284.16,18 / 20,3456510,2019-09-06 20:17:42:253,0.2809,0.3489,9.5471,-0.0193,-0.001,9.8066,0.0903,0.0395,-0.0537,10.5,-37.44,4.25,109.46,-83.6,-159.96
52.378986,-1.510962,128.38,23.8,4,284.16,18 / 20,3456609,2019-09-06 20:17:42:352,0.3443,0.0205,9.2156,0.005,-0.0006,9.8066,-0.0425,0.0098,0.0318,9.75,-37.31,4.75,104.61,-83.66,-159.59
52.378986,-1.510962,128.38,23.8,4,284.16,18 / 20,3456709,2019-09-06 20:17:42:452,0.282,0.0044,10.0006,0.004,0.0128,9.8066,-0.0674,0.033,-0.0252,8.81,-37.06,4.44,110.2,-83.67,-158.75
52.378986,-1.510962,128.38,23.8,4,284.16,18 / 20,3456809,2019-09-06 20:17:42:552,-0.1449,-0.088,10.3658,0.0051,-0.0088,9.8066,0.085,-0.0265,0.0015,7.88,-36.81,5.25,104.55,-83.67,-158.27
52.378986,-1.510962,128.38,23.8,4,284.16,18 / 20,3456909,2019-09-06 20:17:42:652,-0.7559,-0.0895,10.4079,0.0077,0.0012,9.8066,0.1118,-0.0163,0.0312,8.75,-36.69,5.75,100.04,-83.67,-158.17
52.378986,-1.510962,128.38,23.8,4,284.16,18 / 20,3457010,2019-09-06 20:17:42:753,0.6151,0.0865,9.1608,-0.0072,-0.0008,9.8066,-0.1049,0.031,0.0324,9.06,-36.25,5.31,104.54,-83.72,-158.18
52.378986,-1.510962,128.38,23.8,4,284.16,18 / 20,3457110,2019-09-06 20:17:42:853,1.3651,-0.7885,9.1246,0.0459,0.0036,9.8065,0.0519,-0.0476,-0.0017,9.88,-36.12,5.25,105.57,-83.65,-157.95
52.378986,-1.510962,128.38,23.8,4,284.16,18 / 20,3457209,2019-09-06 20:17:42:952,1.412,-0.3039,9.4167,0.0314,0.0163,9.8066,0.0188,-0.0161,-0.017,10.19,-35.31,5.31,106.2,-83.88,-155.95
52.378986,-1.510962,128.38,23.8,4,284.16,18 / 20,3457310,2019-09-06 20:17:43:053,-0.393,-0.2417,10.2174,0.0183,0.0066,9.8066,-0.015,-0.0139,-0.0009,10.88,-35.94,5.06,107.77,-83.81,-155.6
52.378986,-1.510962,128.38,23.8,4,284.16,19 / 21,3457410,2019-09-06 20:17:43:153,-0.6829,-0.4243,9.637,-0.0006,-0.0017,9.8066,0.1151,0.0104,-0.0222,10.44,-36.12,4.75,106.47,-83.75,-156.62
52.378986,-1.510962,128.38,23.8,4,284.16,19 / 21,3457510,2019-09-06 20:17:43:253,0.8835,-0.0397,10.1087,-0.0005,-0.0056,9.8066,0.0042,-0.0054,-0.0217,10.19,-36.12,5.31,106.07,-83.73,-157.12
52.378986,-1.510962,128.38,23.8,4,284.16,19 / 21,3457610,2019-09-06 20:17:43:353,0.7567,0.5288,10.0079,-0.003,-0.0066,9.8066,-0.0684,-0.0105,0.0345,10.25,-36.37,4.81,105.72,-83.72,-157.57
52.378986,-1.510962,128.38,23.8,4,284.16,19 / 21,3457709,2019-09-06 20:17:43:452,-0.289,0.0867,9.0597,-0.0321,-0.0041,9.8066,0.0821,0.0463,0.0218,10.25,-36.75,5.06,105.26,-83.68,-158.77
52.378986,-1.510962,128.38,23.8,4,284.16,19 / 21,3457809,2019-09-06 20:17:43:552,-0.4207,-0.1132,9.151,0.032,0.0132,9.8066,0.0625,-0.0176,-0.0312,10.38,-37.12,4.44,111.52,-83.98,-156.24
52.378986,-1.510962,128.38,23.8,4,284.16,19 / 21,3457909,2019-09-06 20:17:43:652,0.4942,-0.3577,10.1513,0.021,0.0124,9.8066,-0.0138,-0.0141,-0.0409,10.31,-37.25,4.44,112.98,-84.03,-154.39
52.378986,-1.510962,128.38,23.8,4,284.16,19 / 21,3458010,2019-09-06 20:17:43:753,1.1349,-0.4233,10.1779,-0.0437,-0.0074,9.8065,0.1147,0.009,0.0311,10.94,-37.5,4.63,107.85,-83.92,-155.69
52.378986,-1.510962,128.38,23.8,4,284.16,19 / 21,3458110,2019-09-06 20:17:43:853,0.263,-0.831,9.6752,-0.0398,-0.0094,9.8065,-0.0197,0.0235,0.0646,11.31,-37.56,4.5,107.66,-83.85,-156.63
52.378986,-1.510962,128.38,23.8,4,284.16,19 / 21,3458210,2019-09-06 20:17:43:953,0.5206,-0.0559,10.2571,-0.0162,0.0148,9.8066,0.0012,-0.0005,0.0016,11.19,-37.94,4.81,108.3,-83.8,-156.08
52.378986,-1.510962,128.38,23.8,4,284.16,19 / 21,3458310,2019-09-06 20:17:44:053,0.9438,0.5844,10.4283,0.0056,0.0092,9.8066,-0.0078,-0.0014,-0.046,10.81,-37.31,5.88,105.21,-83.7,-154.42
52.378986,-1.510962,128.38,23.8,4,284.16,18 / 20,3458409,2019-09-06 20:17:44:152,2.5499,0.0945,9.6458,-0.0181,-0.0148,9.8066,-0.1576,0.0013,-0.0218,10.94,-37.12,5,107.69,-83.68,-156.59
52.378986,-1.510962,128.38,23.8,4,284.16,18 / 20,3458510,2019-09-06 20:17:44:253,0.1354,-0.8156,8.6031,0.027,0.0069,9.8065,-0.1367,-0.0258,0.0663,11,-37.12,5.63,102.35,-83.86,-157.03
52.378986,-1.510962,128.38,23.8,4,284.16,18 / 20,3458609,2019-09-06 20:17:44:352,1.7577,-0.1032,9.348,-0.0101,0.0226,9.8066,-0.2744,-0.0079,0.0607,11,-38,4.44,114.22,-84.05,-153.64
52.378986,-1.510962,128.38,23.8,4,284.16,18 / 20,3458710,2019-09-06 20:17:44:453,1.7753,0.2097,9.8135,0.0541,0.0296,9.8064,0.2014,-0.029,-0.0184,10.25,-37.25,5,112.91,-84.23,-148.34
52.378986,-1.510962,128.38,23.8,4,284.16,18 / 20,3458810,2019-09-06 20:17:44:553,0.6277,0.1574,11.0816,0.028,-0.0019,9.8066,0.1452,-0.0272,0.0546,10.25,-37.37,5,112.65,-84.08,-149.11
52.378986,-1.510962,128.38,23.8,4,284.16,18 / 20,3458910,2019-09-06 20:17:44:653,0.427,-0.0256,11.1361,-0.0217,-0.0094,9.8066,0.1122,-0.001,-0.0229,10.31,-37.06,4.81,111.03,-83.72,-152.14
52.378986,-1.510962,128.38,23.8,4,284.16,18 / 20,3459010,2019-09-06 20:17:44:753,-0.2188,-0.8233,9.8007,0.0037,-0.0054,9.8066,0.1089,0.0271,0.002,10.44,-37.62,5.13,110.59,-83.67,-153.37
52.378986,-1.510962,128.38,23.8,4,284.16,18 / 20,3459110,2019-09-06 20:17:44:853,2.1699,0.5735,9.7015,0.0076,0.0106,9.8066,-0.1223,0.0225,0.0709,10,-37.87,5.31,110.61,-83.85,-152.73
52.378986,-1.510962,128.38,23.8,4,284.16,18 / 20,3459210,2019-09-06 20:17:44:953,2.6674,1.1259,10.4536,0.0173,0.009,9.8066,0.0027,-0.0181,-0.0754,10.06,-37.94,4.81,112.32,-84,-150.3
52.378986,-1.510962,128.38,23.8,4,284.16,18 / 20,3459309,2019-09-06 20:17:45:052,1.9175,-0.0623,10.1658,0.0048,-0.008,9.8066,0.0976,0.0237,-0.0922,9.88,-37.81,4.81,112.04,-84.01,-150.58
52.378986,-1.510962,128.38,23.8,4,284.16,18 / 20,3459410,2019-09-06 20:17:45:153,1.4134,0.5588,9.9961,0.0125,-0.0115,9.8066,0.0934,-0.0134,-0.013,10.06,-38.06,5.19,110.22,-83.97,-152.79
52.378986,-1.510962,128.38,23.8,4,284.16,18 / 20,3459509,2019-09-06 20:17:45:252,1.4279,0.439,9.1893,0.0038,0.0076,9.8066,0.0354,-0.0273,-0.0404,10.5,-37.12,4.81,110.88,-83.93,-152.27
52.378986,-1.510962,128.38,23.8,4,284.16,18 / 20,3459610,2019-09-06 20:17:45:353,1.067,-0.1832,8.6918,0.029,0.0013,9.8066,-0.1076,-0.033,0.0853,10,-37.56,5.19,111.02,-84.04,-151.64
52.378986,-1.510962,128.38,23.8,4,284.16,18 / 20,3459709,2019-09-06 20:17:45:452,1.6088,-0.1769,9.2462,0.0094,0.0069,9.8066,-0.0252,-0.0303,0.0235,10.06,-36.87,5,110.97,-84.17,-150.76
52.378986,-1.510962,128.38,23.8,4,284.16,18 / 20,3459810,2019-09-06 20:17:45:553,0.3581,0.1526,10.0009,-0.0147,-0.0004,9.8065,-0.0572,-0.0167,0.0299,9.75,-37.06,4.44,116.53,-84.13,-149.93
52.378986,-1.510962,128.38,23.8,4,284.16,18 / 20,3459910,2019-09-06 20:17:45:653,0.3364,-0.0867,9.7032,-0.0014,0.0066,9.8066,0.0507,-0.0281,0,9.69,-37.25,4.25,116.58,-83.99,-150.34
52.378986,-1.510962,128.38,23.8,4,284.16,18 / 20,3460010,2019-09-06 20:17:45:753,0.1515,-0.2348,9.4728,-0.0069,-0.0022,9.8066,0.003,-0.0212,0.0211,9.56,-37.12,4.44,116.57,-83.9,-150.64
52.378986,-1.510962,128.38,23.8,4,284.16,18 / 20,3460110,2019-09-06 20:17:45:853,-0.2117,0.597,10.1024,0.017,-0.0015,9.8066,0.0267,-0.0414,0.0104,10,-37,4.5,110.84,-83.98,-151.5
52.378986,-1.510962,128.38,23.8,4,284.16,18 / 20,3460210,2019-09-06 20:17:45:953,-0.0128,-0.4591,10.248,0.0058,0.0041,9.8066,-0.0255,-0.028,0.0605,9.88,-37.12,4.06,116.15,-83.96,-150.93
52.378986,-1.510962,128.38,23.8,4,284.16,18 / 20,3460309,2019-09-06 20:17:46:052,-0.0888,-0.7309,9.2223,0.0003,-0.0028,9.8066,0.0297,-0.0202,0.0166,10.31,-37.25,4.19,115.51,-83.96,-151.71
52.378986,-1.510962,128.38,23.8,4,284.16,18 / 19,3460410,2019-09-06 20:17:46:153,-0.1383,-0.1471,10.4102,-0.0023,0.0045,9.8066,0.0161,-0.0321,0.0613,9.88,-37.31,5.63,107.09,-83.87,-150.85
52.378986,-1.510962,128.38,23.8,4,284.16,18 / 19,3460510,2019-09-06 20:17:46:253,-0.5244,0.2505,8.7764,0.0041,-0.0139,9.8066,0.0254,-0.0406,0.0499,10.69,-37.06,4.44,116.29,-84.01,-150.88
52.378986,-1.510962,128.38,23.8,4,284.16,18 / 19,3460609,2019-09-06 20:17:46:352,1.1779,-0.0173,8.9163,-0.0102,0.0003,9.8066,0.0111,-0.0268,-0.011,10.38,-37.12,4.63,111.3,-84.13,-150.51
52.378986,-1.510962,128.38,23.8,4,284.16,18 / 19,3460709,2019-09-06 20:17:46:452,-0.1788,0.1053,10.1246,0.0273,0.0043,9.8066,0.0424,-0.0258,0.0259,9.63,-37.37,4.81,112.39,-84.36,-148.51
52.378986,-1.510962,128.38,23.8,4,284.16,18 / 19,3460809,2019-09-06 20:17:46:552,0.3591,-0.0893,9.9514,0.005,0.0087,9.8066,0.0185,-0.0018,-0.0261,10.31,-37.25,4.94,113.03,-84.28,-148.04
52.378986,-1.510962,128.38,23.8,4,284.16,18 / 19,3460910,2019-09-06 20:17:46:653,-0.0583,0.0341,10.036,-0.0117,-0.0067,9.8066,0.1261,-0.0332,-0.0004,9.75,-37.37,4.88,112.6,-84.19,-148.84
52.378986,-1.510962,128.38,23.8,4,284.16,18 / 19,3461010,2019-09-06 20:17:46:753,-0.0406,-0.0562,10.9215,-0.0145,-0.0009,9.8065,0.0282,-0.0193,-0.0595,9.81,-37.56,4.69,112.38,-84.08,-149.94
52.378986,-1.510962,128.38,23.8,4,284.16,18 / 19,3461109,2019-09-06 20:17:46:852,0.2107,0.1856,9.8175,0.0055,-0.0168,9.8065,0.0822,0.0119,-0.0255,9.88,-37.69,4.88,110.45,-84.07,-152.18
52.378986,-1.510962,128.38,23.8,4,284.16,18 / 19,3461209,2019-09-06 20:17:46:952,0.2921,-0.1103,9.7306,-0.0049,-0.0115,9.8066,-0.0409,0.0113,-0.0216,10.25,-37.12,4.44,113.8,-84.11,-153.2
52.378986,-1.510962,128.38,23.8,4,284.16,18 / 19,3461310,2019-09-06 20:17:47:053,0.5482,-0.8606,9.5595,0.0189,-0.0249,9.8065,-0.0727,-0.0026,-0.1281,11.19,-36.62,4.81,105.26,-84.38,-157.11
52.379433,-1.513687,128.34,18.01,6,285.12,18 / 19,3461410,2019-09-06 20:17:47:153,1.2374,-0.1667,9.6387,0.0192,-0.0142,9.8066,0.0531,-0.0343,0.011,11.19,-36.87,4.88,104.01,-84.37,-158.5
52.379433,-1.513687,128.34,18.01,6,285.12,18 / 19,3461509,2019-09-06 20:17:47:252,0.4036,0.5553,9.2462,0.0381,0.0001,9.8065,0.103,0.0173,-0.0644,10.81,-37,4.81,101.43,-84.71,-160.21
52.379433,-1.513687,128.34,18.01,6,285.12,18 / 19,3461610,2019-09-06 20:17:47:353,2.1413,-0.4389,8.7435,0.0085,0.0139,9.8066,-0.0306,-0.0856,0.1431,10.44,-37.44,4.75,101.13,-84.89,-159.13
52.379433,-1.513687,128.34,18.01,6,285.12,18 / 19,3461709,2019-09-06 20:17:47:452,3.1297,-0.4918,10.0771,-0.0054,0.0042,9.8066,-0.1352,0.0324,0.0233,11,-36.87,4.44,108.55,-84.91,-156.87
52.379433,-1.513687,128.34,18.01,6,285.12,18 / 19,3461810,2019-09-06 20:17:47:553,1.4187,-0.452,8.8641,-0.007,0.0172,9.8066,0.0542,-0.0464,0.0334,11,-37.12,4.38,110.44,-84.92,-154.76
52.379433,-1.513687,128.34,18.01,6,285.12,18 / 19,3461910,2019-09-06 20:17:47:653,1.6617,-0.8832,9.7391,0.0164,-0.0004,9.8066,-0.0571,-0.0809,0.065,10.56,-37.19,4.88,104.66,-84.74,-156.65
52.379433,-1.513687,128.34,18.01,6,285.12,18 / 19,3462010,2019-09-06 20:17:47:753,0.7172,1.21,10.2732,0.0053,0.0037,9.8066,0.1004,0.0953,-0.097,11.06,-37.25,4.56,105.19,-84.75,-156.05
52.379433,-1.513687,128.34,18.01,6,285.12,18 / 19,3462109,2019-09-06 20:17:47:852,1.5712,-0.5476,10.6898,0.0479,0.0034,9.8065,0.1397,-0.0166,-0.0157,10.88,-37.56,4.94,104.82,-84.93,-156.33
52.379433,-1.513687,128.34,18.01,6,285.12,18 / 19,3462210,2019-09-06 20:17:47:953,0.197,1.3318,10.5722,-0.0307,-0.0154,9.8065,-0.083,-0.0141,0.0048,10.38,-37.69,4.88,104.13,-84.78,-156.77
52.379433,-1.513687,128.34,18.01,6,285.12,18 / 19,3462310,2019-09-06 20:17:48:053,2.1441,1.3754,9.3381,0.0021,-0.0046,9.8066,-0.0103,0.1434,-0.0627,10.75,-37.25,4.75,105.97,-84.91,-154.73
52.379433,-1.513687,128.34,18.01,6,285.12,19 / 20,3462409,2019-09-06 20:17:48:152,0.5449,-1.5973,9.7912,-0.0099,0.0047,9.8066,-0.0819,-0.1179,0.0489,10.94,-37.37,3.88,109.4,-85.05,-155.52
52.379433,-1.513687,128.34,18.01,6,285.12,19 / 20,3462510,2019-09-06 20:17:48:253,2.2817,-0.8692,9.8124,0.025,-0.0192,9.8066,-0.0757,-0.1211,0.1109,10.69,-36.5,4.25,108.5,-84.92,-156.47
52.379433,-1.513687,128.34,18.01,6,285.12,19 / 20,3462609,2019-09-06 20:17:48:352,1.1414,-0.4108,9.6602,0.0303,0.0023,9.8065,0.0938,0.083,-0.078,11.06,-37,4.63,103.26,-85.1,-157.06
52.379433,-1.513687,128.34,18.01,6,285.12,19 / 20,3462709,2019-09-06 20:17:48:452,0.331,0.7028,8.8296,0.0525,0.0278,9.8064,-0.0439,0.1073,-0.0239,10.81,-37.81,3.88,109.85,-85.19,-155
52.379433,-1.513687,128.34,18.01,6,285.12,19 / 20,3462810,2019-09-06 20:17:48:553,1.7564,1.995,9.7516,-0.0065,0.0056,9.8066,-0.0311,-0.1264,0.0791,10.38,-37.44,3.88,112.72,-85.13,-151.06
52.379433,-1.513687,128.34,18.01,6,285.12,19 / 20,3462909,2019-09-06 20:17:48:652,1.7845,-1.309,10.5155,-0.0272,-0.0106,9.8065,0.0807,-0.1492,0.0635,10.56,-37.31,4.19,114.14,-85.14,-150
52.379433,-1.513687,128.34,18.01,6,285.12,19 / 20,3463010,2019-09-06 20:17:48:753,1.4095,1.0923,10.399,-0.025,-0.0102,9.8066,-0.028,0.108,-0.0513,10.88,-37.06,4.44,112.81,-85.12,-151.53
52.379433,-1.513687,128.34,18.01,6,285.12,19 / 20,3463109,2019-09-06 20:17:48:852,0.4885,0.2669,9.6596,-0.0197,-0.0058,9.8066,0.0372,0.0934,-0.0951,10.69,-36.56,5.44,105.62,-84.88,-155.2
52.379433,-1.513687,128.34,18.01,6,285.12,19 / 20,3463210,2019-09-06 20:17:48:953,1.1236,-1.0075,9.6203,0.0311,0.0176,9.8065,0.0149,0.0901,-0.0023,10.94,-37.06,4.75,107.44,-84.94,-153.05
52.379433,-1.513687,128.34,18.01,6,285.12,19 / 20,3463309,2019-09-06 20:17:49:052,0.7132,0.9899,10.1804,0.0419,-0.0004,9.8065,-0.0422,-0.033,-0.0512,10.31,-37.31,4.75,106.95,-85.09,-152.19
52.379433,-1.513687,128.34,18.01,6,285.12,19 / 21,3463410,2019-09-06 20:17:49:153,1.7839,0.0955,9.8503,-0.0015,-0.0043,9.8066,-0.0407,-0.0741,0.0574,10.31,-37.56,4.13,113.2,-85.15,-150.9
52.379433,-1.513687,128.34,18.01,6,285.12,19 / 21,3463509,2019-09-06 20:17:49:252,1.734,0.054,9.9291,-0.0183,0.0118,9.8065,-0.0206,-0.0144,0.049,9.63,-37.62,4.81,109.97,-85.11,-149.27
52.379433,-1.513687,128.34,18.01,6,285.12,19 / 21,3463610,2019-09-06 20:17:49:353,1.514,-0.0118,10.3385,-0.0019,0.0042,9.8066,0.0962,0.0077,-0.0112,9.94,-36.5,4.44,113.74,-85.1,-149.59
52.379433,-1.513687,128.34,18.01,6,285.12,19 / 21,3463710,2019-09-06 20:17:49:453,0.9875,-0.0142,10.1186,-0.0042,0.0054,9.8066,-0.0018,0.051,0.0236,9.63,-37.06,4.94,109.56,-84.91,-149.93
52.379433,-1.513687,128.34,18.01,6,285.12,19 / 21,3463810,2019-09-06 20:17:49:553,1.1237,-0.1515,9.69,-0.0122,0.0001,9.8066,0.0557,0.0092,-0.0072,9.94,-36.56,4.81,109.04,-84.8,-150.87
52.379433,-1.513687,128.34,18.01,6,285.12,19 / 21,3463910,2019-09-06 20:17:49:653,1.2848,0.357,9.6794,0.0109,-0.0004,9.8066,-0.0402,0.0741,0.0116,10.06,-37,4.63,109.4,-84.86,-150.27
52.379433,-1.513687,128.34,18.01,6,285.12,19 / 21,3464010,2019-09-06 20:17:49:753,1.1494,-0.1939,9.5516,0.0027,-0.0097,9.8066,-0.0017,0.0332,0.0342,10.25,-36.5,4.44,113.01,-85.01,-150.69
52.379433,-1.513687,128.34,18.01,6,285.12,19 / 21,3464110,2019-09-06 20:17:49:853,1.0978,0.0989,10.098,0.0022,-0.0037,9.8066,0.0202,0.0624,-0.0285,10.38,-36.44,4.94,107.58,-85.07,-151.14
52.379433,-1.513687,128.34,18.01,6,285.12,19 / 21,3464210,2019-09-06 20:17:49:953,1.0418,-0.9916,9.5682,0.0215,-0.0022,9.8066,0.1184,0.0352,-0.0378,11,-37,4.81,108.08,-84.95,-152.33
52.379433,-1.513687,128.34,18.01,6,285.12,19 / 21,3464309,2019-09-06 20:17:50:052,-0.0091,-0.1731,9.5467,0.015,-0.001,9.8066,-0.0437,0.0052,0.0014,10.5,-37.19,4.88,108.28,-85.02,-151.87
52.379433,-1.513687,128.34,18.01,6,285.12,21 / 23,3464410,2019-09-06 20:17:50:153,0.2559,0.4116,9.5092,0.0107,0.0059,9.8065,0.0093,0.0471,-0.0141,9.75,-36.56,4.81,108.41,-85.15,-150.42
52.379433,-1.513687,128.34,18.01,6,285.12,21 / 23,3464510,2019-09-06 20:17:50:253,1.5222,0.0876,10.1939,0.0045,0.006,9.8066,-0.1332,0.0374,0.0203,9.75,-36.25,5.38,109.36,-85.26,-148.61
52.379433,-1.513687,128.34,18.01,6,285.12,21 / 23,3464609,2019-09-06 20:17:50:352,0.2845,-0.0561,10.52,-0.0315,-0.0086,9.8066,0.0104,-0.0159,-0.0042,10.19,-36.75,4.75,110.18,-85.27,-148.08
52.379433,-1.513687,128.34,18.01,6,285.12,21 / 23,3464709,2019-09-06 20:17:50:452,1.8956,-0.4796,10.1059,-0.0165,-0.0024,9.8065,-0.0339,0.0395,-0.0497,9.88,-37.06,4.63,110.26,-85.3,-147.91
52.379433,-1.513687,128.34,18.01,6,285.12,21 / 23,3464810,2019-09-06 20:17:50:553,1.1494,-0.3331,11.0177,-0.0181,-0.0052,9.8066,0.0555,0.0695,0.05,9.69,-37.31,5.56,106.42,-85,-148
52.379433,-1.513687,128.34,18.01,6,285.12,21 / 23,3464910,2019-09-06 20:17:50:653,-0.0232,-0.6762,10.3926,-0.0057,-0.0032,9.8066,0.0952,0.0166,0.0807,9.5,-36.44,5.69,105.14,-84.84,-149.45
52.379433,-1.513687,128.34,18.01,6,285.12,21 / 23,3465010,2019-09-06 20:17:50:753,0.5723,0.0196,9.3267,-0.0127,0.012,9.8066,0.0308,0.0083,0.0253,10.38,-36.5,5.94,105.87,-84.73,-149
52.379433,-1.513687,128.34,18.01,6,285.12,21 / 23,3465110,2019-09-06 20:17:50:853,0.8414,0.4322,9.2103,0.0077,0.0068,9.8066,-0.1032,0.047,0.0854,10.63,-36.94,5.56,108.84,-84.82,-147.13
52.379433,-1.513687,128.34,18.01,6,285.12,21 / 23,3465210,2019-09-06 20:17:50:953,2.7485,-0.117,10.1609,0.0224,0.0093,9.8065,-0.156,0.0288,-0.065,9.94,-37.06,5.63,108.46,-85.25,-144.98
52.379433,-1.513687,128.34,18.01,6,285.12,21 / 23,3465309,2019-09-06 20:17:51:052,1.1397,0.0591,9.8349,0.0045,0.0076,9.8066,0.0664,0.045,0.02,9,-36.87,5.38,112.91,-85.28,-143.83
52.379433,-1.513687,128.34,18.01,6,285.12,19 / 22,3465410,2019-09-06 20:17:51:153,0.2426,0.1247,9.5975,-0.0142,-0.0104,9.8066,0.0418,0.0671,-0.07,8.69,-37,5.5,107.71,-85.24,-144.28
52.379433,-1.513687,128.34,18.01,6,285.12,19 / 22,3465509,2019-09-06 20:17:51:252,2.0353,0.099,9.334,0.0158,0.0119,9.8065,0.0249,0.0365,0.0687,8.75,-37.37,5.69,107.47,-85.02,-145.3
52.379433,-1.513687,128.34,18.01,6,285.12,19 / 22,3465610,2019-09-06 20:17:51:353,0.6652,1.0819,10.4839,0.0295,0.018,9.8065,-0.1288,0.0398,-0.027,8.63,-36.75,5.69,109.7,-85.12,-142.5
52.379433,-1.513687,128.34,18.01,6,285.12,19 / 22,3465709,2019-09-06 20:17:51:452,0.7237,0.7485,9.6738,0.0245,0.014,9.8066,-0.0287,-0.0201,0.0402,8.56,-36.81,5.56,111.11,-85.1,-140.99
52.379433,-1.513687,128.34,18.01,6,285.12,19 / 22,3465810,2019-09-06 20:17:51:553,1.6418,-0.6695,9.7045,-0.0076,-0.003,9.8066,0.0003,0.0381,-0.0235,9.25,-37,5.69,109.75,-85.18,-142.24
52.379433,-1.513687,128.34,18.01,6,285.12,19 / 22,3465909,2019-09-06 20:17:51:652,0.5782,0.8543,9.6105,0.0031,0.0114,9.8066,0.0508,-0.0295,0.0759,8.69,-36.81,4.88,116.14,-85.09,-140.81
52.379433,-1.513687,128.34,18.01,6,285.12,19 / 22,3466010,2019-09-06 20:17:51:753,1.5876,-0.0676,9.9502,0.0021,0.0022,9.8066,0.0017,0.0119,0.0064,9.81,-36.94,5.19,117.59,-85.27,-139.78
52.379433,-1.513687,128.34,18.01,6,285.12,19 / 22,3466110,2019-09-06 20:17:51:853,1.6208,-0.1977,10.2665,-0.0082,-0.0112,9.8066,-0.0233,0.0077,-0.0454,9.81,-36.69,5,117.53,-85.28,-139.84
52.379433,-1.513687,128.34,18.01,6,285.12,19 / 22,3466210,2019-09-06 20:17:51:953,0.6476,-1.2147,9.7744,0.0052,0.0087,9.8066,-0.0113,-0.0385,0.0637,10.19,-37.06,5.06,117.72,-85.31,-139.53
52.379433,-1.513687,128.34,18.01,6,285.12,19 / 22,3466310,2019-09-06 20:17:52:053,0.8534,-0.2409,9.5735,0.0198,0.0017,9.8065,-0.0151,0.0756,-0.034,9.38,-36.44,5.44,115.78,-85.25,-140.23
52.379433,-1.513687,128.34,18.01,6,285.12,18 / 21,3466409,2019-09-06 20:17:52:152,1.9111,1.0384,9.9495,-0.0085,-0.0033,9.8065,-0.119,-0.0825,0.055,9.81,-36.75,5.06,118.8,-85.16,-138.74
52.379433,-1.513687,128.34,18.01,6,285.12,18 / 21,3466510,2019-09-06 20:17:52:253,1.7832,1.4655,10.0109,-0.007,0.011,9.8066,-0.0502,0.0422,-0.0183,9.5,-36.94,4.94,120.56,-85.21,-136.58
52.379433,-1.513687,128.34,18.01,6,285.12,18 / 21,3466610,2019-09-06 20:17:52:353,2.0187,0.1101,10.0937,0.0208,0.0158,9.8066,0.0255,0.0082,0.0278,9,-36.69,5.25,121.59,-85.43,-133.41
52.379433,-1.513687,128.34,18.01,6,285.12,18 / 21,3466709,2019-09-06 20:17:52:452,1.1824,-0.003,10.091,0.0113,-0.0036,9.8065,0.1145,0.0253,0.0437,8.63,-37.5,5.75,116.06,-85.38,-134.54
52.379433,-1.513687,128.34,18.01,6,285.12,18 / 21,3466809,2019-09-06 20:17:52:552,1.3681,0.9509,10.3707,-0.0057,0.0009,9.8066,0.1104,-0.0556,0.0108,8.25,-36.94,6,113.34,-85.24,-136.15
52.379433,-1.513687,128.34,18.01,6,285.12,18 / 21,3466909,2019-09-06 20:17:52:652,1.4526,0.5282,10.3983,0.0011,-0.0021,9.8066,-0.0502,-0.0025,-0.0639,9.31,-37.56,5.69,114.54,-85.12,-137.51
52.379433,-1.513687,128.34,18.01,6,285.12,18 / 21,3467010,2019-09-06 20:17:52:753,2.0917,0.2493,9.4618,-0.0136,-0.0171,9.8066,0.0088,0.016,0.0346,9.19,-37,6.06,113.06,-85.18,-138.57
52.379433,-1.513687,128.34,18.01,6,285.12,18 / 21,3467110,2019-09-06 20:17:52:853,2.0267,0.2,10.0496,-0.01,-0.0032,9.8066,0.0421,-0.0552,0.0197,9.88,-37.25,5.63,113.58,-85.24,-139.39
52.379433,-1.513687,128.34,18.01,6,285.12,18 / 21,3467209,2019-09-06 20:17:52:952,1.2635,1.4674,9.8718,0.0152,-0.0075,9.8066,-0.081,0.0382,-0.0359,10.13,-36,5.75,113.6,-85.37,-138.61
52.379433,-1.513687,128.34,18.01,6,285.12,18 / 21,3467309,2019-09-06 20:17:53:052,1.454,-0.8641,9.7781,0.0014,-0.0075,9.8066,0.0806,0.0287,-0.0288,9.88,-37.25,5.88,112.49,-85.5,-139.81
52.379433,-1.513687,128.34,18.01,6,285.12,19 / 21,3467410,2019-09-06 20:17:53:153,2.0851,0.3714,10.3929,-0.0065,-0.0153,9.8066,0.0265,-0.0452,-0.0155,10.94,-36.69,6.13,113.83,-85.45,-139.91
52.379433,-1.513687,128.34,18.01,6,285.12,19 / 21,3467509,2019-09-06 20:17:53:252,1.7151,0.9056,10.1084,-0.0311,-0.0051,9.8066,0.1072,0.0369,0.0339,9.75,-36.81,5.5,110.42,-85.29,-142.73
52.379433,-1.513687,128.34,18.01,6,285.12,19 / 21,3467610,2019-09-06 20:17:53:353,0.9115,1.1299,9.2241,0.0243,0.013,9.8065,0.1613,-0.0732,0.0834,9.63,-36.87,5.56,113,-85.24,-140.04
52.379433,-1.513687,128.34,18.01,6,285.12,19 / 21,3467710,2019-09-06 20:17:53:453,0.5349,0.6682,10.0715,0.0251,0.0094,9.8066,-0.121,-0.0011,-0.0336,10.06,-37.56,6.63,109.27,-85.18,-140.01
52.379433,-1.513687,128.34,18.01,6,285.12,19 / 21,3467810,2019-09-06 20:17:53:553,1.6886,0.014,10.1831,-0.017,0.0003,9.8066,-0.098,0.0454,0.0468,9.69,-36.5,5.94,111.91,-85.36,-140.49
52.379433,-1.513687,128.34,18.01,6,285.12,19 / 21,3467910,2019-09-06 20:17:53:653,0.7863,0.6208,9.8092,0.0141,0.0249,9.8066,0.0217,0.0653,0.0236,9.94,-36.56,5.88,114.54,-85.48,-137.63
52.379433,-1.513687,128.34,18.01,6,285.12,19 / 21,3468009,2019-09-06 20:17:53:752,-0.198,1.1311,9.648,0.004,0.0144,9.8066,0.0533,-0.0136,0.046,9.63,-37,6.31,116.4,-85.41,-135.74
52.379433,-1.513687,128.34,18.01,6,285.12,19 / 21,3468110,2019-09-06 20:17:53:853,0.6097,0.1398,9.9937,-0.0044,-0.0057,9.8066,0.0424,-0.0432,0.0232,9.06,-37.5,6.56,112.32,-85.32,-133.97
52.379433,-1.513687,128.34,18.01,6,285.12,19 / 21,3468211,2019-09-06 20:17:53:954,0.8069,0.2735,10.3102,0.0133,0.0002,9.8065,0.0292,0.0053,-0.0216,9.44,-37.12,5.13,121.18,-85.39,-134.03
52.379433,-1.513687,128.34,18.01,6,285.12,19 / 21,3468310,2019-09-06 20:17:54:053,0.6658,-0.0372,10.3424,-0.0165,-0.0016,9.8065,-0.0296,-0.0121,0.0403,9.63,-37.19,5.19,122.45,-85.44,-133.77
52.379433,-1.513687,128.34,18.01,6,285.12,18 / 21,3468409,2019-09-06 20:17:54:152,0.4754,0.4933,9.7466,-0.0225,-0.0137,9.8066,-0.0293,-0.0252,-0.0126,9,-37.19,6,115.75,-85.32,-135.09
52.379433,-1.513687,128.34,18.01,6,285.12,18 / 21,3468510,2019-09-06 20:17:54:253,0.4519,-0.1944,9.495,-0.024,-0.0158,9.8066,0.0275,-0.0367,0.0167,9.5,-37.19,6.06,116.41,-85.33,-135.97
52.379433,-1.513687,128.34,18.01,6,285.12,18 / 21,3468609,2019-09-06 20:17:54:352,0.5321,0.2702,9.3583,0.0167,0.001,9.8066,-0.051,0.0081,-0.0162,9.69,-36.37,5.56,114.68,-85.45,-137.19
52.379433,-1.513687,128.34,18.01,6,285.12,18 / 21,3468710,2019-09-06 20:17:54:453,0.5579,0.3682,9.9326,0.0053,-0.0043,9.8066,0.0119,0.0286,-0.0153,9.5,-36.94,5.69,114.81,-85.61,-136.94
52.379433,-1.513687,128.34,18.01,6,285.12,18 / 21,3468809,2019-09-06 20:17:54:552,1.2097,0.1739,9.9435,0.0237,0.0075,9.8065,0.034,-0.0013,0.0241,9.81,-36.62,5.56,115.14,-85.89,-135.75
52.379433,-1.513687,128.34,18.01,6,285.12,18 / 21,3468909,2019-09-06 20:17:54:652,0.8322,0.292,9.8139,0.0243,0.0078,9.8066,-0.007,-0.0289,-0.0238,10,-36.44,5.81,115.49,-85.93,-134.91
52.379433,-1.513687,128.34,18.01,6,285.12,18 / 21,3469010,2019-09-06 20:17:54:753,1.1629,0.1101,10.1879,-0.0064,-0.0074,9.8066,-0.0043,0.0088,0.0009,9.5,-37.12,5.69,115.42,-85.89,-135.42
52.379433,-1.513687,128.34,18.01,6,285.12,18 / 21,3469109,2019-09-06 20:17:54:852,1.4914,0.2223,9.9018,-0.014,-0.0084,9.8066,0.131,0.0235,0.0011,9.56,-36.81,5.56,114.35,-85.89,-136.61
52.379433,-1.513687,128.34,18.01,6,285.12,18 / 21,3469210,2019-09-06 20:17:54:953,1.1709,-0.3093,9.759,0.02,0.0114,9.8066,0.0746,0.0032,-0.0521,10,-36.69,6.19,113.76,-85.83,-137.44
52.379433,-1.513687,128.34,18.01,6,285.12,18 / 21,3469310,2019-09-06 20:17:55:053,-0.1944,-0.1092,9.9304,0.0288,0.0061,9.8066,0.0175,0.0365,0.0268,9.81,-37.19,5.75,114.58,-85.89,-136.34
52.379433,-1.513687,128.34,18.01,6,285.12,19 / 21,3469409,2019-09-06 20:17:55:152,0.4144,-0.3191,9.9639,-0.0022,0.0053,9.8066,0.029,0.0431,0.0342,9.56,-37.37,6.25,115.14,-85.82,-135.94
52.379433,-1.513687,128.34,18.01,6,285.12,19 / 21,3469510,2019-09-06 20:17:55:253,-0.0511,0.048,10.5182,0.0067,0.0086,9.8066,-0.0243,0.026,-0.0184,9.81,-36.62,6.44,116.58,-85.83,-134.34
52.379433,-1.513687,128.34,18.01,6,285.12,19 / 21,3469610,2019-09-06 20:17:55:353,0.7515,0.5066,10.196,0.0004,-0.0075,9.8066,-0.014,0.0252,0.0058,9.38,-37,6.44,114.48,-85.91,-134.64
52.379433,-1.513687,128.34,18.01,6,285.12,19 / 21,3469710,2019-09-06 20:17:55:453,0.4221,0.1511,9.5573,-0.0001,-0.0069,9.8066,0.0201,0.0553,-0.0232,9.75,-37.19,6.44,115.73,-85.96,-134.89
52.379433,-1.513687,128.34,18.01,6,285.12,19 / 21,3469809,2019-09-06 20:17:55:552,0.6011,-0.0546,9.5951,0.0136,-0.005,9.8066,0.019,0.0432,-0.0098,9.31,-36.31,6.19,113.14,-86.02,-135.4
52.379433,-1.513687,128.34,18.01,6,285.12,19 / 21,3469910,2019-09-06 20:17:55:653,0.4961,-0.4568,10.0243,0.013,0.0018,9.8066,-0.0331,0.0364,-0.0371,9.69,-36.06,6.81,110.07,-86.21,-135.47
52.379433,-1.513687,128.34,18.01,6,285.12,19 / 21,3470010,2019-09-06 20:17:55:753,0.3455,0.289,11.0885,-0.0196,-0.0199,9.8065,-0.0523,0.0098,0.0066,9.75,-36.31,6.44,112.31,-86.22,-137.55
52.379433,-1.513687,128.34,18.01,6,285.12,19 / 21,3470109,2019-09-06 20:17:55:852,-0.0354,-0.2472,10.6628,-0.0138,-0.0145,9.8066,-0.0408,0.0867,-0.0342,10.13,-35.94,6.56,107.46,-86.29,-138.01
52.379433,-1.513687,128.34,18.01,6,285.12,19 / 21,3470212,2019-09-06 20:17:55:955,0.5001,0.0503,9.4679,-0.0026,-0.0085,9.8066,0.0195,0.0599,-0.0099,10.06,-35.69,7.13,104.73,-86.51,-140.28
52.379433,-1.513687,128.34,18.01,6,285.12,19 / 21,3470310,2019-09-06 20:17:56:053,0.9385,-0.21,9.4741,0.0133,-0.0116,9.8066,0.0098,0.1024,-0.0299,9.69,-36.06,7.19,103.2,-86.57,-141.68
52.379623,-1.515168,128.22,5.04,4,279.01,20 / 21,3470409,2019-09-06 20:17:56:152,0.5434,-0.2668,9.8058,0.002,-0.0042,9.8066,0.0045,0.1027,-0.0358,10,-36.5,7.19,101.81,-86.65,-142.92
52.379623,-1.515168,128.22,5.04,4,279.01,20 / 21,3470509,2019-09-06 20:17:56:252,0.6074,0.0027,10.3451,0.0013,-0.0055,9.8066,-0.0641,0.09,-0.0199,9.75,-35.81,7.31,99.74,-86.72,-144.84
52.379623,-1.515168,128.22,5.04,4,279.01,20 / 21,3470610,2019-09-06 20:17:56:353,0.8371,-0.1998,9.8729,-0.0076,-0.0099,9.8066,-0.0487,0.1114,-0.01,10.44,-36.12,7.38,97.77,-86.73,-146.84
52.379623,-1.515168,128.22,5.04,4,279.01,20 / 21,3470710,2019-09-06 20:17:56:453,1.152,-0.5003,9.0734,0.0025,-0.0068,9.8066,-0.0518,0.0705,-0.021,10.56,-36.44,7.44,99.67,-86.91,-146.29
52.379623,-1.515168,128.22,5.04,4,279.01,20 / 21,3470809,2019-09-06 20:17:56:552,0.4612,-0.3027,9.4952,0.0191,-0.0007,9.8066,-0.0458,0.1006,0.0351,10.81,-36.5,7.44,100.19,-86.92,-145.72
52.379623,-1.515168,128.22,5.04,4,279.01,20 / 21,3470910,2019-09-06 20:17:56:653,0.8959,0.1786,9.9407,0.0069,0.0029,9.8066,0.0532,0.114,-0.0211,10.63,-35.94,7.75,96.23,-87.05,-145.53
52.379623,-1.515168,128.22,5.04,4,279.01,20 / 21,3471010,2019-09-06 20:17:56:753,1.3358,0.3358,10.0566,0.012,0.0012,9.8066,0.0061,0.1084,-0.0416,11.06,-36.19,8.44,95.5,-87.09,-146.15
52.379623,-1.515168,128.22,5.04,4,279.01,20 / 21,3471109,2019-09-06 20:17:56:852,0.8063,0.0345,9.8431,0.0109,-0.0054,9.8066,0.0163,0.0774,0.0136,10.94,-36.25,8.44,93.52,-87.16,-147.99
52.379623,-1.515168,128.22,5.04,4,279.01,20 / 21,3471209,2019-09-06 20:17:56:952,0.7165,-0.2975,9.9052,0.0016,-0.0034,9.8066,-0.0021,0.1339,-0.0283,11.19,-36.87,7.88,92.19,-87.22,-149.37
52.379623,-1.515168,128.22,5.04,4,279.01,20 / 21,3471309,2019-09-06 20:17:57:052,1.4139,0.4716,10.2307,0.0038,-0.0047,9.8066,0.0629,0.1044,0.0006,11.13,-36.31,8.75,87.02,-87.29,-150.57
52.379623,-1.515168,128.22,5.04,4,279.01,20 / 21,3471409,2019-09-06 20:17:57:152,0.7136,0.1144,9.9516,0.0012,0.0006,9.8066,0.0355,0.0903,-0.0333,11.25,-36,9.31,86.48,-87.31,-151.05
52.379623,-1.515168,128.22,5.04,4,279.01,20 / 21,3471509,2019-09-06 20:17:57:252,0.6213,0.5068,9.5781,0.0061,0.0054,9.8066,-0.0036,0.0941,0.0206,11.06,-36.37,10.25,83.09,-87.33,-151.07
52.379623,-1.515168,128.22,5.04,4,279.01,20 / 21,3471610,2019-09-06 20:17:57:353,0.7834,0.4455,9.9473,0.0084,0.0054,9.8066,0.0124,0.116,0.0053,11.25,-37.25,10,84.37,-87.37,-149.89
52.379623,-1.515168,128.22,5.04,4,279.01,20 / 21,3471710,2019-09-06 20:17:57:453,0.686,0.5679,10.1557,0.0089,0.0024,9.8066,-0.0113,0.0938,-0.0176,11.38,-36.12,9.75,83.72,-87.44,-150.2
52.379623,-1.515168,128.22,5.04,4,279.01,20 / 21,3471810,2019-09-06 20:17:57:553,0.6458,0.2741,9.6859,0.0065,-0.0024,9.8066,0.0148,0.0991,-0.018,10.69,-36.25,9.75,83.18,-87.49,-150.6
52.379623,-1.515168,128.22,5.04,4,279.01,20 / 21,3471909,2019-09-06 20:17:57:652,0.2409,0.3085,9.6199,0.0039,0.0013,9.8066,-0.0207,0.1026,-0.0165,11.25,-36.25,9.38,86.14,-87.55,-150.78
52.379623,-1.515168,128.22,5.04,4,279.01,20 / 21,3472009,2019-09-06 20:17:57:752,0.8804,0.804,9.8206,0.0125,-0.0014,9.8066,0.0084,0.1,0.0138,10.88,-36.5,9.88,82.65,-87.58,-150.91
52.379623,-1.515168,128.22,5.04,4,279.01,20 / 21,3472109,2019-09-06 20:17:57:852,-0.0104,0.2367,10.1573,0.0056,0.0058,9.8066,0.0221,0.068,0.0039,11.31,-36.06,10.5,78.82,-87.72,-151.38
52.379623,-1.515168,128.22,5.04,4,279.01,20 / 21,3472209,2019-09-06 20:17:57:952,0.2744,0.1953,9.9502,-0.0046,-0.0031,9.8066,-0.0126,0.0894,-0.0158,11.44,-35.62,10.88,78.68,-87.68,-151.62
52.379623,-1.515168,128.22,5.04,4,279.01,20 / 21,3472310,2019-09-06 20:17:58:053,0.0897,0.3055,10.0741,0.0051,0.001,9.8066,0.0191,0.0955,-0.0071,11,-36.19,10.81,78.67,-87.74,-151.48
52.379623,-1.515168,128.22,5.04,4,279.01,19 / 21,3472409,2019-09-06 20:17:58:152,0.4823,0.2895,10.0062,-0.0006,-0.0029,9.8066,-0.0067,0.0846,-0.0121,11.31,-36.62,11,77.72,-87.81,-152.38
52.379623,-1.515168,128.22,5.04,4,279.01,19 / 21,3472509,2019-09-06 20:17:58:252,0.2888,-0.0051,9.6929,-0.0022,-0.0041,9.8066,0.0147,0.0557,0.0286,11.44,-36.69,11.06,77.32,-87.8,-152.8
52.379623,-1.515168,128.22,5.04,4,279.01,19 / 21,3472610,2019-09-06 20:17:58:353,0.1319,0.3068,9.9146,-0.0012,0.0011,9.8066,0.0141,0.0841,-0.0152,11.38,-36.12,10.5,77,-87.83,-152.9
52.379623,-1.515168,128.22,5.04,4,279.01,19 / 21,3472710,2019-09-06 20:17:58:453,0.0372,0.1254,10.0558,0.003,0,9.8066,-0.0169,0.0711,0.0141,10.44,-36,10.88,74.04,-87.85,-153.26
52.379623,-1.515168,128.22,5.04,4,279.01,19 / 21,3472809,2019-09-06 20:17:58:552,0.0898,0.5123,10.0246,-0.0008,-0.0023,9.8066,-0.004,0.0605,0.0075,11.56,-35.56,11.19,78.69,-87.88,-153.41
52.379623,-1.515168,128.22,5.04,4,279.01,19 / 21,3472910,2019-09-06 20:17:58:653,0.3707,0.7956,9.7637,-0.0041,-0.0056,9.8066,0.0095,0.0679,-0.0077,11,-35.56,10.88,75.82,-87.89,-153.94
52.379623,-1.515168,128.22,5.04,4,279.01,19 / 21,3473010,2019-09-06 20:17:58:753,0.2315,0.5068,9.8497,0.0124,0.0079,9.8066,0.0151,0.0641,0.0049,11.06,-35.56,11.75,72.66,-87.95,-154.2
52.379623,-1.515168,128.22,5.04,4,279.01,19 / 21,3473109,2019-09-06 20:17:58:852,0.2284,0.5727,9.8837,0.0088,0.0067,9.8066,0.0038,0.0426,0.0021,11.38,-36.06,12.25,72.99,-88.06,-153.63
52.379623,-1.515168,128.22,5.04,4,279.01,19 / 21,3473209,2019-09-06 20:17:58:952,0.0618,0.736,10.078,-0.0015,-0.0014,9.8066,0.0141,0.0435,-0.0046,11.31,-35.87,12.31,73.01,-88.08,-153.58
52.379623,-1.515168,128.22,5.04,4,279.01,19 / 21,3473309,2019-09-06 20:17:59:052,0.1128,0.5269,9.9802,0.0041,-0.0001,9.8066,0.0125,0.0496,-0.0134,11,-36,12,72.97,-88.13,-153.5
52.379623,-1.515168,128.22,5.04,4,279.01,20 / 21,3473410,2019-09-06 20:17:59:153,-0.0959,0.3663,9.9289,0.0007,-0.0021,9.8066,-0.0044,0.0269,-0.0051,11.63,-35.56,12.56,72.18,-88.17,-154.08
52.379623,-1.515168,128.22,5.04,4,279.01,20 / 21,3473509,2019-09-06 20:17:59:252,-0.3034,0.0379,9.8687,0.0008,-0.0045,9.8066,0.0146,0.033,-0.0003,11.25,-36.12,11.94,70.9,-88.19,-155.4
52.379623,-1.515168,128.22,5.04,4,279.01,20 / 21,3473609,2019-09-06 20:17:59:352,-0.4782,-0.0608,9.7939,0.006,0.0039,9.8066,0.0291,0.0262,0.001,10.81,-35.87,12.44,70.34,-88.24,-155.85
52.379623,-1.515168,128.22,5.04,4,279.01,20 / 21,3473710,2019-09-06 20:17:59:453,-0.6613,-0.1535,9.8688,0.0041,0.0031,9.8066,0.0185,0.0234,0.0116,10.81,-36.19,12.44,70,-88.25,-156.16
52.379623,-1.515168,128.22,5.04,4,279.01,20 / 21,3473810,2019-09-06 20:17:59:553,-0.8096,-0.2334,9.7351,-0.0002,0.0001,9.8066,0.0128,0.012,-0.0068,10.69,-36.19,12.25,69.87,-88.23,-156.32
52.379623,-1.515168,128.22,5.04,4,279.01,20 / 21,3473910,2019-09-06 20:17:59:653,-0.5609,0.0598,9.7994,-0.0002,-0.0031,9.8066,-0.0085,0.0349,-0.014,11,-36.44,12.63,66.88,-88.25,-156.78
52.379623,-1.515168,128.22,5.04,4,279.01,20 / 21,3474010,2019-09-06 20:17:59:753,-0.6487,-0.1128,9.7972,0.0069,0.0006,9.8066,0.0069,0.0217,0.0155,10.81,-36.12,12.38,68.46,-88.28,-157.61
52.379623,-1.515168,128.22,5.04,4,279.01,20 / 21,3474109,2019-09-06 20:17:59:852,-0.3177,0.0387,9.9314,0.0006,-0.002,9.8066,0.0126,0.0076,-0.0095,11.13,-36.81,12.31,67.01,-88.32,-159.03
52.379623,-1.515168,128.22,5.04,4,279.01,20 / 21,3474209,2019-09-06 20:17:59:952,-0.5839,-0.273,9.8825,0.004,0.0021,9.8066,0.0199,0.0101,-0.0175,10.63,-36.37,12.19,66.67,-88.36,-159.18
52.379623,-1.515168,128.22,5.04,4,279.01,20 / 21,3474309,2019-09-06 20:18:00:052,-0.4576,-0.0032,9.9045,0.006,0.0016,9.8066,-0.017,0.0128,0.0132,11.06,-36.37,12.06,65.83,-88.39,-159.94
52.379623,-1.515168,128.22,5.04,4,279.01,20 / 21,3474409,2019-09-06 20:18:00:152,-0.4781,-0.0349,10.0009,0.0001,-0.0015,9.8066,-0.0094,0.0157,-0.0016,10.63,-36.37,12.25,65.09,-88.43,-160.58
52.379623,-1.515168,128.22,5.04,4,279.01,20 / 21,3474510,2019-09-06 20:18:00:253,-0.8577,-0.4486,9.6904,0.0027,0.001,9.8066,0.0032,0.0244,-0.0057,11.06,-36.06,12.31,64.4,-88.43,-161.25
52.379623,-1.515168,128.22,5.04,4,279.01,20 / 21,3474609,2019-09-06 20:18:00:352,-0.7578,-0.1411,9.7438,0.0037,0.0019,9.8066,0.0116,0.0044,0.0077,10.88,-35.5,12.13,63.85,-88.47,-161.63
52.379623,-1.515168,128.22,5.04,4,279.01,20 / 21,3474709,2019-09-06 20:18:00:452,-0.9657,-0.5295,9.7537,0.0017,0.0015,9.8066,0.0005,0.0048,-0.0081,10.69,-36.12,12.19,63.84,-88.48,-161.7
52.379623,-1.515168,128.22,5.04,4,279.01,20 / 21,3474810,2019-09-06 20:18:00:553,-0.6825,-0.192,9.9172,0.0019,-0.0009,9.8066,0.008,0.0164,-0.0043,10.69,-36.06,12.31,63,-88.49,-162.49
52.379623,-1.515168,128.22,5.04,4,279.01,20 / 21,3474909,2019-09-06 20:18:00:652,-0.8475,-0.4836,9.806,0.0023,0.0005,9.8066,0.0002,0.0011,0.0111,10.81,-35.87,12.31,62.52,-88.47,-163
52.379623,-1.515168,128.22,5.04,4,279.01,20 / 21,3475009,2019-09-06 20:18:00:752,-0.5817,-0.1805,9.8054,-0.0003,0.0001,9.8066,-0.0012,0.0036,-0.0059,11,-35.75,12.94,59.93,-88.48,-163.1
52.379623,-1.515168,128.22,5.04,4,279.01,20 / 21,3475110,2019-09-06 20:18:00:853,-0.9447,-0.4872,9.7817,-0.0006,-0.0018,9.8066,0.002,0.013,0.0065,10.63,-35.25,12.5,59.84,-88.49,-163.1
52.379623,-1.515168,128.22,5.04,4,279.01,20 / 21,3475210,2019-09-06 20:18:00:953,-0.6788,-0.0929,9.8695,-0.0012,-0.0009,9.8066,-0.0013,-0.0032,-0.0017,10.75,-35.56,12.44,61.85,-88.5,-163.6
52.379623,-1.515168,128.22,5.04,4,279.01,20 / 21,3475309,2019-09-06 20:18:01:052,-0.8181,-0.4238,9.8606,0.0024,0.0013,9.8066,0.005,0.0129,-0.0096,10.44,-35.62,11.75,59.28,-88.46,-163.58
52.379623,-1.515168,128.22,5.04,4,279.01,20 / 21,3475410,2019-09-06 20:18:01:153,-0.6434,-0.1153,9.8194,0.0018,0.0002,9.8066,0.0074,0.0151,0.0088,10.81,-35.94,12.88,58.71,-88.48,-164.28
52.379623,-1.515168,128.22,5.04,4,279.01,20 / 21,3475510,2019-09-06 20:18:01:253,-0.6992,-0.4554,9.8673,-0.0002,-0.0001,9.8066,0.0112,-0.0065,0.0052,11.13,-35.62,12.63,58.77,-88.49,-164.22
52.379623,-1.515168,128.22,5.04,4,279.01,20 / 21,3475609,2019-09-06 20:18:01:352,-0.762,-0.3206,9.8456,0.0001,0.0019,9.8066,0.0046,0.0097,-0.0115,10.88,-35.87,12.44,61.67,-88.49,-163.79
52.379623,-1.515168,128.22,5.04,4,279.01,20 / 21,3475709,2019-09-06 20:18:01:452,-0.8262,-0.5972,9.7875,0.0022,-0.0016,9.8066,0.0088,0.0104,0.0046,10.44,-36.12,12.5,56.14,-88.5,-164.17
52.379623,-1.515168,128.22,5.04,4,279.01,20 / 21,3475810,2019-09-06 20:18:01:553,-1.0698,-0.6052,9.7971,0.0003,0.0003,9.8066,0.0255,0.0028,0.0118,10.5,-35.56,12.31,61.2,-88.46,-164.32
52.379623,-1.515168,128.22,5.04,4,279.01,20 / 21,3475910,2019-09-06 20:18:01:653,-0.978,-0.4665,9.7899,-0.0023,0.0005,9.8066,-0.0111,-0.0016,-0.0146,10.88,-35.69,12.75,59.34,-88.42,-163.79
52.379623,-1.515168,128.22,5.04,4,279.01,20 / 21,3476010,2019-09-06 20:18:01:753,-1.0301,-0.6954,9.8018,0.0019,-0.0021,9.8066,0.0108,0.0272,0.0019,10.63,-35.5,12.63,58.35,-88.39,-164.72
52.379623,-1.515168,128.22,5.04,4,279.01,20 / 21,3476109,2019-09-06 20:18:01:852,-1.0993,-0.8658,9.8828,0.0027,-0.0018,9.8066,-0.0033,0.0155,0.0064,10.69,-35.31,12.69,57.03,-88.38,-166.01
52.379623,-1.515168,128.22,5.04,4,279.01,20 / 21,3476210,2019-09-06 20:18:01:953,-0.8567,-0.6626,9.8715,-0.0027,-0.0031,9.8066,0.0105,0.0113,-0.0077,10.56,-35.75,13.06,56.43,-88.36,-166.71
52.379623,-1.515168,128.22,5.04,4,279.01,20 / 21,3476310,2019-09-06 20:18:02:053,-1.1577,-0.9151,9.7987,-0.0036,-0.0039,9.8066,0.0097,0.0024,-0.008,10.94,-35.5,13.31,56.17,-88.31,-166.97
52.379623,-1.515168,128.22,5.04,4,279.01,20 / 21,3476410,2019-09-06 20:18:02:153,-0.9683,-0.5295,9.7408,-0.0003,0.0019,9.8066,-0.0055,0.0156,0.0046,11.38,-35.31,12.5,56.63,-88.3,-166.55
52.379623,-1.515168,128.22,5.04,4,279.01,20 / 21,3476509,2019-09-06 20:18:02:252,-1.2246,-1.0152,9.7868,-0.0002,-0.0016,9.8066,0.0159,0.028,0.004,10.63,-35.12,12.81,56.4,-88.26,-166.82
52.379623,-1.515168,128.22,5.04,4,279.01,20 / 21,3476610,2019-09-06 20:18:02:353,-1.1951,-0.9754,9.7865,-0.0017,-0.0003,9.8066,0.0241,0.0184,0.0073,10.56,-35.19,12.88,56.36,-88.24,-166.9
52.379623,-1.515168,128.22,5.04,4,279.01,20 / 21,3476709,2019-09-06 20:18:02:452,-1.0278,-0.704,9.789,-0.0028,-0.0018,9.8066,-0.0071,0.0243,-0.0036,11.44,-35.81,13.38,56.81,-88.2,-166.63
52.379623,-1.515168,128.22,5.04,4,279.01,20 / 21,3476809,2019-09-06 20:18:02:552,-1.1459,-0.7089,9.6526,-0.0015,0.0002,9.8066,0.0088,0.0061,0.0049,10.63,-35.06,12.88,57.08,-88.15,-166.37
52.379623,-1.515168,128.22,5.04,4,279.01,20 / 21,3476910,2019-09-06 20:18:02:653,-1.2429,-0.9671,9.7583,-0.0019,-0.002,9.8066,0.0082,0.0262,-0.0035,11.25,-35.37,13.56,54.96,-88.11,-166.26
52.379623,-1.515168,128.22,5.04,4,279.01,20 / 21,3477009,2019-09-06 20:18:02:752,-1.1951,-0.8007,9.8975,-0.0001,-0.0024,9.8066,-0.0074,0.0224,0.0124,11.06,-35.75,13.38,56.91,-88.06,-166.78
52.379623,-1.515168,128.22,5.04,4,279.01,20 / 21,3477110,2019-09-06 20:18:02:853,-0.7941,-0.4568,9.9318,-0.0007,-0.0037,9.8066,0.0256,0.0323,0.0003,10.69,-35.25,14,54.01,-88.04,-167.28
52.379623,-1.515168,128.22,5.04,4,279.01,20 / 21,3477209,2019-09-06 20:18:02:952,-0.9198,-0.7367,9.7985,0.0011,-0.0021,9.8066,0.0168,-0.001,-0.0094,10.38,-35.69,13.38,53.62,-88,-167.51
52.379623,-1.515168,128.22,5.04,4,279.01,20 / 21,3477310,2019-09-06 20:18:03:053,-0.912,-0.6738,9.8894,0.0013,-0.0035,9.8066,-0.0134,0.0213,-0.0109,11.19,-35.44,14.44,52.74,-87.96,-168.63
52.379623,-1.515168,128.22,5.04,4,279.01,20 / 21,3477409,2019-09-06 20:18:03:152,-1.3016,-0.7357,9.8511,0.0004,-0.004,9.8066,0.0106,0.0326,0.0095,12,-35.44,13.38,55.97,-87.91,-170.18
52.379623,-1.515168,128.22,5.04,4,279.01,20 / 21,3477509,2019-09-06 20:18:03:252,-1.0218,-0.683,9.7592,-0.0023,-0.0054,9.8066,0.0001,0.0379,-0.0056,11.5,-35.56,13.56,53.04,-87.85,-170.93
52.379623,-1.515168,128.22,5.04,4,279.01,20 / 21,3477610,2019-09-06 20:18:03:353,-1.6909,-1.5693,9.7809,-0.0055,-0.0077,9.8066,-0.0039,0.0421,-0.0087,11.38,-36.19,13.88,49.45,-87.75,-172.19
52.379623,-1.515168,128.22,5.04,4,279.01,20 / 21,3477709,2019-09-06 20:18:03:452,-1.3025,-1.4967,9.698,-0.0078,-0.0145,9.8066,0.0632,0.0497,-0.0244,11.13,-35.44,13.88,48.05,-87.63,-173.6
52.379623,-1.515168,128.22,5.04,4,279.01,20 / 21,3477810,2019-09-06 20:18:03:553,-2.2627,-2.4219,9.7367,-0.0019,-0.0069,9.8066,0.0761,0.0421,-0.0003,11.31,-35.75,13.94,47.11,-87.42,-174.9
52.379623,-1.515168,128.22,5.04,4,279.01,20 / 21,3477910,2019-09-06 20:18:03:653,-2.3502,-2.3086,9.7054,-0.0127,-0.0171,9.8066,-0.0346,0.0469,-0.0159,10.88,-35.75,14.19,46.22,-87.26,-175.97
52.379623,-1.515168,128.22,5.04,4,279.01,20 / 21,3478010,2019-09-06 20:18:03:753,-2.064,-2.3925,9.4999,-0.0093,-0.0151,9.8066,-0.0385,0.0443,-0.0131,10.88,-35.31,14.5,43.03,-87.1,-176.99
52.379623,-1.515168,128.22,5.04,4,279.01,20 / 21,3478110,2019-09-06 20:18:03:853,-2.62,-3.0201,9.603,-0.0097,-0.0147,9.8065,0.0478,0.0531,-0.0028,10.94,-35.56,14.31,44.73,-87.07,-177.65
52.379623,-1.515168,128.22,5.04,4,279.01,20 / 21,3478210,2019-09-06 20:18:03:953,-2.0354,-2.488,9.8491,0.0031,-0.0012,9.8066,0.0555,0.0541,-0.0191,10.63,-35.25,14.75,41.1,-86.97,-178.94
52.379623,-1.515168,128.22,5.04,4,279.01,20 / 21,3478310,2019-09-06 20:18:04:053,-1.8433,-2.8131,9.7149,0.008,0.0014,9.8066,-0.0083,0.0713,-0.0208,11.44,-34.62,15.5,37.82,-86.86,179.8
52.379623,-1.515168,128.22,5.04,4,279.01,21 / 22,3478410,2019-09-06 20:18:04:153,-0.8379,-0.5999,9.8615,0.0076,0.0094,9.8066,-0.0435,0.0546,-0.02,11.5,-35.44,15.56,38.96,-86.77,178.49
52.379623,-1.515168,128.22,5.04,4,279.01,21 / 22,3478510,2019-09-06 20:18:04:253,-1.4326,-1.7527,9.9383,0.0161,0.0158,9.8066,-0.0092,0.1273,-0.0728,11.5,-35.25,16,37.95,-86.88,177.68
52.379623,-1.515168,128.22,5.04,4,279.01,21 / 22,3478609,2019-09-06 20:18:04:352,-1.7727,-1.8882,9.7565,-0.0038,-0.0162,9.8066,-0.0034,0.0906,0.0175,11.13,-35.25,15.5,33.09,-86.71,175.31
52.379623,-1.515168,128.22,5.04,4,279.01,21 / 22,3478710,2019-09-06 20:18:04:453,-1.4094,-1.8508,9.8067,0.0015,-0.0107,9.8066,0.025,0.0716,-0.0282,11.44,-35.44,15.19,33.64,-86.72,173.92
52.379623,-1.515168,128.22,5.04,4,279.01,21 / 22,3478810,2019-09-06 20:18:04:553,-1.7508,-2.1357,9.7917,0.0131,-0.0011,9.8066,0.0102,0.098,-0.0572,11.31,-34.94,15.31,31.04,-86.75,171.59
52.379623,-1.515168,128.22,5.04,4,279.01,21 / 22,3478910,2019-09-06 20:18:04:653,-1.5013,-1.9058,9.555,0.0072,-0.0057,9.8066,-0.0386,0.1145,-0.0005,11.38,-34.75,16,26.58,-86.67,169.34
52.379623,-1.515168,128.22,5.04,4,279.01,21 / 22,3479010,2019-09-06 20:18:04:753,-1.1581,-2.6214,9.6415,-0.0008,-0.0188,9.8066,-0.0503,0.1216,-0.0536,11.75,-34.94,16.63,26.16,-86.64,168.41
52.379623,-1.515168,128.22,5.04,4,279.01,21 / 22,3479109,2019-09-06 20:18:04:852,-0.9403,-1.7819,9.7181,-0.0009,-0.0152,9.8066,0.0718,0.0933,-0.0323,11.63,-35.19,16.5,23.48,-86.49,165.87
52.379623,-1.515168,128.22,5.04,4,279.01,21 / 22,3479210,2019-09-06 20:18:04:953,-0.527,-1.5474,9.9284,0.0146,-0.0041,9.8066,0.0226,0.1313,-0.0219,11.63,-34.81,16.81,21.73,-86.33,164.19
52.379623,-1.515168,128.22,5.04,4,279.01,21 / 22,3479310,2019-09-06 20:18:05:053,-0.8694,-1.9588,9.2838,-0.0002,-0.0111,9.8065,0.0116,0.1227,-0.0385,11.88,-34.87,16.63,20.21,-86.19,162.74
52.379612,-1.515389,128.19,4.63,6,251.12,21 / 22,3479409,2019-09-06 20:18:05:152,-0.5779,-1.7217,9.8863,0.0026,-0.0032,9.8066,0.0265,0.1149,-0.0262,12.06,-34.69,17.06,20.07,-86.14,162.59
52.379612,-1.515389,128.19,4.63,6,251.12,21 / 22,3479509,2019-09-06 20:18:05:252,-0.9677,-1.2796,9.9705,0.001,-0.0024,9.8066,-0.0361,0.1531,-0.0586,11.88,-35.69,17.19,18.84,-86.03,161.37
52.379612,-1.515389,128.19,4.63,6,251.12,21 / 22,3479609,2019-09-06 20:18:05:352,-0.6433,-2.2379,9.8008,0.0186,0.0014,9.8066,0.0336,0.1625,-0.007,11.31,-35.12,17.25,13.92,-85.99,159.31
52.379612,-1.515389,128.19,4.63,6,251.12,21 / 22,3479709,2019-09-06 20:18:05:452,-0.7405,-1.9712,9.8143,0.0036,0.0068,9.8066,0.0435,0.1278,-0.0352,11.44,-34.5,17.81,11.74,-85.89,158.93
52.379612,-1.515389,128.19,4.63,6,251.12,21 / 22,3479810,2019-09-06 20:18:05:553,-0.676,-1.772,9.7888,0.0025,-0.002,9.8066,0.03,0.1315,-0.0325,11.69,-34.69,18.19,15.14,-85.81,159.64
52.379612,-1.515389,128.19,4.63,6,251.12,21 / 22,3479909,2019-09-06 20:18:05:652,-0.803,-1.8212,9.221,-0.003,-0.0083,9.8066,-0.0796,0.146,0.0157,11.06,-34.81,18,12.1,-85.77,159.16
52.379612,-1.515389,128.19,4.63,6,251.12,21 / 22,3480009,2019-09-06 20:18:05:752,-0.7518,-2.0166,9.6177,-0.0007,-0.0086,9.8066,-0.0568,0.1428,-0.0226,11.13,-34.62,18.31,11.84,-85.7,158.92
52.379612,-1.515389,128.19,4.63,6,251.12,21 / 22,3480110,2019-09-06 20:18:05:853,-0.9082,-1.7097,9.558,0.0032,-0.0053,9.8066,0.0126,0.1591,-0.0652,11.88,-34.69,18.81,11.77,-85.74,158.11
52.379612,-1.515389,128.19,4.63,6,251.12,21 / 22,3480209,2019-09-06 20:18:05:952,-0.8617,-1.987,9.9888,0.0193,0.014,9.8066,0.0605,0.1247,0.0037,11.06,-34.44,18.56,5.57,-85.8,154.86
52.379612,-1.515389,128.19,4.63,6,251.12,21 / 22,3480310,2019-09-06 20:18:06:053,-0.5858,-1.4036,10.0817,0.0146,0.0125,9.8066,-0.0469,0.1409,-0.0528,11,-34.31,19,4.92,-85.76,154.27
52.379612,-1.515389,128.19,4.63,6,251.12,20 / 21,3480410,2019-09-06 20:18:06:153,-1.265,-2.2647,9.9497,-0.0027,-0.0297,9.8066,-0.0104,0.1442,-0.041,11.56,-34.25,19.31,6.06,-85.69,153.08
52.379612,-1.515389,128.19,4.63,6,251.12,20 / 21,3480509,2019-09-06 20:18:06:252,-0.1609,-1.9224,9.6199,-0.0034,-0.034,9.8065,0.0095,0.1656,-0.0091,11.81,-34.19,19.56,2.96,-85.35,151.64
52.379612,-1.515389,128.19,4.63,6,251.12,20 / 21,3480610,2019-09-06 20:18:06:353,0.1834,-1.3828,10.049,0.0024,-0.0136,9.8066,-0.0472,0.1432,-0.0889,11,-33.81,19.69,0.1,-85.16,151.28
52.379612,-1.515389,128.19,4.63,6,251.12,20 / 21,3480710,2019-09-06 20:18:06:453,0.0881,-1.5011,9.6428,0.0177,0.0004,9.8065,0.0535,0.0949,0.0083,11.38,-33.31,20,358.53,-85,149.91
52.379612,-1.515389,128.19,4.63,6,251.12,20 / 21,3480810,2019-09-06 20:18:06:553,-0.5171,-2.0439,9.5829,0.0034,-0.0122,9.8066,0.0091,0.1356,-0.0403,10.94,-33.31,19.81,357.76,-84.88,149.25
52.379612,-1.515389,128.19,4.63,6,251.12,20 / 21,3480910,2019-09-06 20:18:06:653,-0.1774,-1.566,9.9132,0.0037,-0.0045,9.8066,-0.0543,0.1393,0.0078,11.38,-33.5,20.19,356.18,-84.87,147.88
52.379612,-1.515389,128.19,4.63,6,251.12,20 / 21,3481009,2019-09-06 20:18:06:752,-0.2753,-1.4031,9.8089,-0.0127,-0.011,9.8066,-0.0496,0.108,0.0102,11.63,-33.56,20.13,357.44,-84.98,146.81
52.379612,-1.515389,128.19,4.63,6,251.12,20 / 21,3481110,2019-09-06 20:18:06:853,-0.1563,-0.6327,9.3889,-0.0042,0.014,9.8066,-0.0336,0.0762,0.0061,9.75,-34.06,20.06,354.02,-85.03,148.27
52.379612,-1.515389,128.19,4.63,6,251.12,20 / 21,3481209,2019-09-06 20:18:06:952,-1.0131,-1.2916,9.7193,-0.0025,0.0146,9.8065,-0.0153,0.0912,0.0239,10.38,-33.69,20.56,354.2,-85.2,149.46
52.379612,-1.515389,128.19,4.63,6,251.12,20 / 21,3481310,2019-09-06 20:18:07:053,-0.8644,-1.1135,10.0356,-0.002,0.0095,9.8065,0.0374,0.0455,0.0044,10.81,-33.87,20.5,358.03,-85.2,150.63
52.379612,-1.515389,128.19,4.63,6,251.12,21 / 22,3481409,2019-09-06 20:18:07:152,-0.4809,-0.118,10.0759,-0.0042,-0.0042,9.8066,0.0528,0.0831,-0.016,10.38,-34.12,21,357.13,-85.17,152.03
52.379612,-1.515389,128.19,4.63,6,251.12,21 / 22,3481510,2019-09-06 20:18:07:253,-0.9938,-1.3505,9.6214,-0.0066,-0.0079,9.8066,0.0814,0.0287,0.0216,10.06,-34.56,20.75,358.4,-85.01,153.15
52.379612,-1.515389,128.19,4.63,6,251.12,21 / 22,3481610,2019-09-06 20:18:07:353,-0.6949,-1.5487,9.8907,-0.0097,-0.0083,9.8066,-0.0435,0.0275,0.0225,9.75,-34.37,21,0.57,-84.86,155.03
52.379612,-1.515389,128.19,4.63,6,251.12,21 / 22,3481709,2019-09-06 20:18:07:452,-0.9161,-1.2205,10.0362,-0.0153,-0.02,9.8066,-0.1121,0.0406,-0.0165,10.13,-34.19,21,1.98,-84.69,156.24
52.379612,-1.515389,128.19,4.63,6,251.12,21 / 22,3481810,2019-09-06 20:18:07:553,-1.7518,-0.6826,9.7559,-0.02,-0.0209,9.8065,0.0763,0.0139,0.0304,9.94,-34.44,20.88,3.4,-84.66,157.46
52.379612,-1.515389,128.19,4.63,6,251.12,21 / 22,3481909,2019-09-06 20:18:07:652,-0.7357,-0.2982,9.9206,0.011,0.0199,9.8066,0.025,-0.004,-0.013,9.63,-34,20.38,4.77,-84.76,157.52
52.379612,-1.515389,128.19,4.63,6,251.12,21 / 22,3482010,2019-09-06 20:18:07:753,-0.5018,-0.1734,9.9848,-0.0068,-0.0124,9.8066,-0.0754,-0.0189,0.0317,10,-34.25,21.06,2.47,-84.92,156.68
52.379612,-1.515389,128.19,4.63,6,251.12,21 / 22,3482110,2019-09-06 20:18:07:853,-0.1728,-0.2136,9.8595,-0.0194,-0.0137,9.8066,-0.0662,0.0365,-0.041,8.94,-34.12,20.81,1.05,-84.93,157.71
52.379612,-1.515389,128.19,4.63,6,251.12,21 / 22,3482209,2019-09-06 20:18:07:952,-0.6585,0.2187,10.2744,-0.0043,-0.0126,9.8066,0.0386,-0.0472,0.036,10.13,-34.19,20.31,4.97,-84.96,157.72
52.379612,-1.515389,128.19,4.63,6,251.12,21 / 22,3482309,2019-09-06 20:18:08:052,-1.3752,0.1138,9.6688,-0.009,-0.0024,9.8066,-0.062,-0.0661,-0.0068,9.38,-34.5,20.88,3.22,-84.97,159.59
52.379612,-1.515389,128.19,4.63,6,251.12,20 / 21,3482410,2019-09-06 20:18:08:153,-0.582,0.1443,9.6469,0.0003,0.0139,9.8065,0.0366,-0.0646,-0.0154,9.94,-34.19,20.5,6.67,-84.93,160.32
52.379612,-1.515389,128.19,4.63,6,251.12,20 / 21,3482509,2019-09-06 20:18:08:252,-1.9786,0.1118,9.7555,0.004,0.0074,9.8066,0.017,-0.091,0.0512,9.5,-34.5,20,9.36,-84.89,161.49
52.379612,-1.515389,128.19,4.63,6,251.12,20 / 21,3482609,2019-09-06 20:18:08:352,-1.8913,0.441,9.8797,-0.0065,-0.0006,9.8066,0.046,-0.1011,-0.0199,9.31,-34.31,19.69,6.98,-84.89,161.77
52.379612,-1.515389,128.19,4.63,6,251.12,20 / 21,3482710,2019-09-06 20:18:08:453,-1.492,-0.2308,9.6701,-0.0101,-0.0012,9.8066,0.0471,-0.1128,0.0209,9.38,-34.75,19.75,9.41,-84.88,163.81
52.379612,-1.515389,128.19,4.63,6,251.12,20 / 21,3482809,2019-09-06 20:18:08:552,-2.1136,0.2941,9.6716,-0.0114,0.0043,9.8066,-0.022,-0.1958,0.0351,9.06,-34.69,19.06,12.41,-84.87,165.18
52.379612,-1.515389,128.19,4.63,6,251.12,20 / 21,3482910,2019-09-06 20:18:08:653,-2.5763,0.5568,9.657,-0.0097,0.0046,9.8066,-0.0278,-0.1841,0.0221,9.44,-34.62,18.94,14.97,-84.87,167.36
52.379612,-1.515389,128.19,4.63,6,251.12,20 / 21,3483010,2019-09-06 20:18:08:753,-2.1863,0.07,10.0773,-0.0069,0.0142,9.8065,-0.0268,-0.2402,0.0449,8.75,-34.06,18.5,16.32,-84.92,168.61
52.379612,-1.515389,128.19,4.63,6,251.12,20 / 21,3483109,2019-09-06 20:18:08:852,-2.0633,0.9962,9.8565,-0.0154,-0.0144,9.8066,-0.0533,-0.197,0.0211,9.06,-34.62,18.81,18.04,-84.92,170.01
52.379612,-1.515389,128.19,4.63,6,251.12,20 / 21,3483209,2019-09-06 20:18:08:952,-2.4445,1.5242,9.8092,-0.018,-0.0121,9.8066,0.0885,-0.1998,0.016,9.38,-34.44,18.5,20.29,-84.72,171.9
52.379612,-1.515389,128.19,4.63,6,251.12,20 / 21,3483310,2019-09-06 20:18:09:053,-2.4877,0.6374,9.6623,-0.0015,0.0187,9.8066,0.0455,-0.2372,0.0452,9.38,-34.12,18.19,24.06,-84.73,173.77
52.379612,-1.515389,128.19,4.63,6,251.12,20 / 21,3483410,2019-09-06 20:18:09:153,-2.1039,1.1071,9.9103,-0.0008,0.0239,9.8066,-0.0062,-0.2739,0.0801,9.88,-35.19,17.88,29.04,-84.79,175.58
52.379612,-1.515389,128.19,4.63,6,251.12,20 / 21,3483509,2019-09-06 20:18:09:252,-2.5664,1.1616,10.079,-0.0069,0.009,9.8066,-0.026,-0.2713,0.0324,9.5,-34.94,17.69,31.57,-84.92,177.89
52.379612,-1.515389,128.19,4.63,6,251.12,20 / 21,3483609,2019-09-06 20:18:09:352,-2.1926,1.7317,9.0932,-0.0064,-0.001,9.8066,-0.05,-0.2989,0.0795,10.44,-35.44,17.06,34.05,-85.05,178.56
52.379612,-1.515389,128.19,4.63,6,251.12,20 / 21,3483710,2019-09-06 20:18:09:453,-1.8802,1.4256,9.9111,-0.0111,0.0056,9.8066,-0.0361,-0.2666,0.0255,9.94,-36.06,15.88,36.35,-85.17,178.77
52.379612,-1.515389,128.19,4.63,6,251.12,20 / 21,3483810,2019-09-06 20:18:09:553,-2.8338,1.536,10.108,0.002,-0.0004,9.8066,-0.0073,-0.2571,-0.0041,10.13,-35.37,15.56,37.65,-85.14,-179.97
52.379612,-1.515389,128.19,4.63,6,251.12,20 / 21,3483910,2019-09-06 20:18:09:653,-1.3239,1.4381,9.9413,-0.0001,-0.0121,9.8066,-0.0014,-0.2354,0.0002,10.88,-36,15.13,42.13,-85.01,179.27
52.379612,-1.515389,128.19,4.63,6,251.12,20 / 21,3484009,2019-09-06 20:18:09:752,-2.0938,1.722,9.839,-0.0053,-0.0155,9.8066,0.0295,-0.2334,-0.0094,10.44,-35.5,15.06,38.09,-84.87,178.14
52.379612,-1.515389,128.19,4.63,6,251.12,20 / 21,3484109,2019-09-06 20:18:09:852,-1.6827,0.9511,9.8159,0.0015,-0.0081,9.8066,0.0192,-0.2742,0.0267,11.13,-35.87,14.31,41.91,-84.67,176.41
52.379612,-1.515389,128.19,4.63,6,251.12,20 / 21,3484210,2019-09-06 20:18:09:953,-2.252,0.5528,10.1738,0.0018,0.0071,9.8066,-0.0314,-0.294,0.0338,10.69,-35.5,14.31,42.21,-84.58,176.75
52.379612,-1.515389,128.19,4.63,6,251.12,20 / 21,3484310,2019-09-06 20:18:10:053,-2.0872,1.7652,10.0132,-0.0089,-0.0252,9.8066,-0.0146,-0.2703,0.0127,11.44,-35.62,13.25,45.29,-84.49,176.61
52.379612,-1.515389,128.19,4.63,6,251.12,20 / 21,3484409,2019-09-06 20:18:10:152,-2.5738,0.5508,9.5369,-0.0163,-0.0254,9.8065,0.0372,-0.2329,-0.0015,10.94,-35.44,13.31,43.29,-84.29,174.83
52.379612,-1.515389,128.19,4.63,6,251.12,20 / 21,3484510,2019-09-06 20:18:10:253,-2.1078,1.1048,9.8578,0.0091,0.0079,9.8066,-0.0198,-0.259,0.0191,11.69,-36.12,12.88,45.51,-84.3,174.34
52.379612,-1.515389,128.19,4.63,6,251.12,20 / 21,3484610,2019-09-06 20:18:10:353,-1.8195,1.9892,9.8236,0.0099,-0.0035,9.8066,0.0272,-0.2157,-0.0211,11.38,-35.75,12,45.37,-84.2,173.53
52.379612,-1.515389,128.19,4.63,6,251.12,20 / 21,3484710,2019-09-06 20:18:10:453,-2.2853,1.0248,9.9021,-0.0007,-0.007,9.8066,0.054,-0.2572,0.0287,11.75,-35.44,12.38,45.58,-84.11,171.71
52.379612,-1.515389,128.19,4.63,6,251.12,20 / 21,3484810,2019-09-06 20:18:10:553,-2.5334,1.7656,9.889,0.0085,-0.0002,9.8066,-0.0589,-0.2966,0.0186,11.69,-36.25,11,48.85,-84.08,171.29
52.379612,-1.515389,128.19,4.63,6,251.12,20 / 21,3484910,2019-09-06 20:18:10:653,-1.4281,2.0623,9.4859,-0.0129,-0.0176,9.8065,-0.0767,-0.217,0.0062,12.13,-35.87,10.81,48.28,-84.07,170.79
52.379612,-1.515389,128.19,4.63,6,251.12,20 / 21,3485010,2019-09-06 20:18:10:753,-1.8189,1.8149,9.8213,-0.0248,-0.0179,9.8065,0.1216,-0.2755,-0.0276,11.81,-36.31,10.25,51.19,-83.86,169.73
52.379612,-1.515389,128.19,4.63,6,251.12,20 / 21,3485109,2019-09-06 20:18:10:852,-2.8396,1.5474,9.834,0.0131,-0.0006,9.8066,0.1328,-0.3068,0.0549,11.88,-36.12,9.94,49.94,-83.91,168.77
52.379612,-1.515389,128.19,4.63,6,251.12,20 / 21,3485209,2019-09-06 20:18:10:952,-2.437,1.7818,9.433,0.0082,0.0091,9.8066,-0.0763,-0.2676,-0.0034,11.81,-35.94,9.94,50.59,-83.88,169.25
52.379612,-1.515389,128.19,4.63,6,251.12,20 / 21,3485309,2019-09-06 20:18:11:052,-1.1786,2.3497,9.2238,-0.0053,0.0016,9.8066,-0.0814,-0.3345,0.0677,12.25,-36,8.5,55.84,-83.84,170.2
52.379612,-1.515389,128.19,4.63,6,251.12,20 / 21,3485410,2019-09-06 20:18:11:153,-1.1194,2.86,9.7868,-0.0062,0.0094,9.8065,0.0101,-0.266,0.0484,11.94,-35.56,8.75,56.73,-83.95,171.19
52.379612,-1.515389,128.19,4.63,6,251.12,20 / 21,3485509,2019-09-06 20:18:11:252,-0.9269,1.558,9.919,0.0188,0.0265,9.8065,-0.0384,-0.2863,0.0253,12.19,-36.12,7.56,61.97,-84.11,172.4
52.379612,-1.515389,128.19,4.63,6,251.12,20 / 21,3485609,2019-09-06 20:18:11:352,-1.7172,2.2033,9.881,0.0209,0.0228,9.8065,-0.042,-0.3298,0.1175,11.19,-36.94,7.06,67.36,-84.43,174.95
52.379612,-1.515389,128.19,4.63,6,251.12,20 / 21,3485709,2019-09-06 20:18:11:452,-0.5615,2.1324,10.0034,-0.0176,0.0173,9.8066,0.0054,-0.2397,0.0439,10.81,-36.62,6.25,76.62,-84.39,178.8
52.379612,-1.515389,128.19,4.63,6,251.12,20 / 21,3485810,2019-09-06 20:18:11:553,-1.2141,3.3521,10.2971,-0.0227,0.0143,9.8066,0.0361,-0.3248,0.066,10.63,-36.81,6.06,79.37,-84.29,-178.95
52.379612,-1.515389,128.19,4.63,6,251.12,20 / 21,3485910,2019-09-06 20:18:11:653,-1.0577,3.4102,9.2371,0.0054,0.0186,9.8065,-0.0045,-0.2383,0.0353,10.56,-36.81,4.88,88.62,-84.15,-175.24
52.379612,-1.515389,128.19,4.63,6,251.12,20 / 21,3486010,2019-09-06 20:18:11:753,-1.3845,3.4815,10.1945,0.0107,0.0248,9.8066,0.0024,-0.2663,0.0767,9.63,-37.19,4.88,90.05,-84.09,-173.4
52.379612,-1.515389,128.19,4.63,6,251.12,20 / 21,3486109,2019-09-06 20:18:11:852,-1.1647,3.043,10.1712,-0.0102,0.0119,9.8066,-0.0003,-0.2887,0.0797,9.56,-37.25,4.25,97.54,-84.04,-171.46
52.379612,-1.515389,128.19,4.63,6,251.12,20 / 21,3486210,2019-09-06 20:18:11:953,-0.6538,2.9127,10.5973,0.0044,0.0164,9.8066,-0.118,-0.2902,0.007,9.38,-37.31,3.81,99.58,-84.03,-169.18
52.379612,-1.515389,128.19,4.63,6,251.12,20 / 21,3486310,2019-09-06 20:18:12:053,-0.1328,2.2217,9.4926,-0.0254,0.0033,9.8065,-0.0004,-0.2501,0.0374,9.38,-37.56,3.19,107.39,-83.82,-168.51
52.379612,-1.515389,128.19,4.63,6,251.12,20 / 21,3486409,2019-09-06 20:18:12:152,-0.3378,3.2263,9.6254,-0.04,0.017,9.8065,-0.0014,-0.293,0.065,8.75,-37.44,2.63,108.05,-83.59,-168.02
52.379612,-1.515389,128.19,4.63,6,251.12,20 / 21,3486510,2019-09-06 20:18:12:253,-1.365,2.9203,9.8658,-0.0122,0.0206,9.8065,-0.0522,-0.2298,-0.0124,8.38,-37.62,2.44,117.97,-83.33,-166.21
52.379612,-1.515389,128.19,4.63,6,251.12,20 / 21,3486610,2019-09-06 20:18:12:353,1.1488,2.9102,10.0538,-0.0043,-0.0005,9.8066,0.0307,-0.2883,0.0161,7.75,-37,1.06,123.19,-83.31,-166.21
52.379612,-1.515389,128.19,4.63,6,251.12,20 / 21,3486710,2019-09-06 20:18:12:453,-0.338,1.8232,9.5136,-0.0018,0.004,9.8066,-0.036,-0.2536,-0.0117,7.69,-38.12,1.38,123.93,-83.19,-166.51
52.379612,-1.515389,128.19,4.63,6,251.12,20 / 21,3486810,2019-09-06 20:18:12:553,0.5946,2.9474,9.7225,-0.0106,0.0087,9.8065,0.0304,-0.2744,0.0341,6.75,-38.25,0.94,126.81,-83.06,-166.38
52.379612,-1.515389,128.19,4.63,6,251.12,20 / 21,3486910,2019-09-06 20:18:12:653,0.3402,3.1657,10.0606,0.0008,0.0054,9.8066,-0.0257,-0.3059,0.0235,6.5,-38.5,0,133.53,-82.91,-165.47
52.379612,-1.515389,128.19,4.63,6,251.12,20 / 21,3487009,2019-09-06 20:18:12:752,1.3141,2.6268,9.7846,-0.01,0.0025,9.8066,-0.0416,-0.3815,0.0759,5.88,-38.56,0.94,131.69,-82.83,-165.5
52.379612,-1.515389,128.19,4.63,6,251.12,20 / 21,3487110,2019-09-06 20:18:12:853,-0.3741,2.3462,9.5543,0.0112,-0.0053,9.8066,0.0501,-0.3462,0.0981,6.75,-38.25,0.13,133.76,-82.85,-165.37
52.379612,-1.515389,128.19,4.63,6,251.12,20 / 21,3487210,2019-09-06 20:18:12:953,0.4348,2.1667,9.9983,0.012,0.0043,9.8066,-0.0565,-0.3014,0.0491,6.19,-38.25,0.44,137.79,-82.77,-164.47
52.379612,-1.515389,128.19,4.63,6,251.12,20 / 21,3487310,2019-09-06 20:18:13:053,0.9305,3.524,9.8637,-0.0095,-0.0034,9.8066,-0.0031,-0.2943,0.0585,6.19,-37.87,-0.5,138.34,-82.68,-163.98
52.379612,-1.515389,128.19,4.63,6,251.12,20 / 21,3487409,2019-09-06 20:18:13:152,1.0916,1.0046,9.3527,-0.0148,0.0097,9.8065,0.0138,-0.2888,0.05,6,-37.5,-0.56,142.78,-82.56,-164.97
52.379612,-1.515389,128.19,4.63,6,251.12,20 / 21,3487510,2019-09-06 20:18:13:253,1.0159,1.4942,9.6504,0.0085,0.0004,9.8066,-0.0537,-0.2365,-0.0055,6.25,-38.12,-1.06,143.49,-82.47,-164.99
52.379612,-1.515389,128.19,4.63,6,251.12,20 / 21,3487611,2019-09-06 20:18:13:354,0.7161,2.871,10.5162,-0.0066,-0.0009,9.8065,-0.0199,-0.2783,0.0113,5.25,-37.81,-1.44,147.56,-82.38,-165.64
52.379612,-1.515389,128.19,4.63,6,251.12,20 / 21,3487709,2019-09-06 20:18:13:452,0.8233,0.7974,9.6309,-0.0092,0.0194,9.8066,-0.0488,-0.2656,0.0963,6.19,-37.5,-2,147.27,-82.23,-166.31
52.379612,-1.515389,128.19,4.63,6,251.12,20 / 21,3487810,2019-09-06 20:18:13:553,0.8146,0.9628,9.2933,-0.0097,0.0149,9.8066,-0.0604,-0.1831,0.0104,5.44,-38.06,-2,152.39,-82.15,-165.77
52.379612,-1.515389,128.19,4.63,6,251.12,20 / 21,3487910,2019-09-06 20:18:13:653,1.1481,2.3853,9.6197,-0.0024,-0.0015,9.8066,0.0493,-0.1692,0.003,4.88,-37.81,-2.37,152.43,-82.13,-165.78
52.379612,-1.515389,128.19,4.63,6,251.12,20 / 21,3488010,2019-09-06 20:18:13:753,0.5404,0.8682,10.0613,0.0093,0.0133,9.8065,0.0337,-0.1754,0.0032,5.06,-38.19,-2.81,156.87,-82,-164.79
52.379612,-1.515389,128.19,4.63,6,251.12,20 / 21,3488110,2019-09-06 20:18:13:853,0.38,0.7412,9.742,-0.0005,-0.0042,9.8065,-0.0378,-0.1137,-0.0164,4.81,-38.5,-3.19,156.95,-81.99,-164.67
52.379612,-1.515389,128.19,4.63,6,251.12,20 / 21,3488209,2019-09-06 20:18:13:952,0.8827,1.6209,10.1728,-0.0114,0.0176,9.8066,0.0531,-0.2263,0.0578,4.56,-37.94,-2.81,156.63,-81.91,-165.5
52.379612,-1.515389,128.19,4.63,6,251.12,20 / 21,3488310,2019-09-06 20:18:14:053,-0.3193,0.9061,9.9353,0.0006,-0.0047,9.8066,0.0472,-0.0842,-0.0406,4.19,-38,-3.62,164.01,-81.74,-166.26
52.379574,-1.516323,129.21,10.04,6,319.69,20 / 22,3488409,2019-09-06 20:18:14:152,0.2107,1.7147,10.3572,-0.0159,0.001,9.8066,0.0155,-0.053,-0.0195,4.38,-38.56,-3.25,161.19,-81.56,-167.17
52.379574,-1.516323,129.21,10.04,6,319.69,20 / 22,3488510,2019-09-06 20:18:14:253,0.623,0.2567,9.7929,-0.0102,0.0071,9.8066,-0.0062,-0.0563,-0.0141,3.75,-37.94,-3.25,160.64,-81.56,-167.76
52.379574,-1.516323,129.21,10.04,6,319.69,20 / 22,3488610,2019-09-06 20:18:14:353,0.3347,0.5793,10.0288,-0.0087,0.0133,9.8066,0.0204,-0.0976,-0.0043,4.06,-38.56,-2.87,160.89,-81.49,-168.02
52.379574,-1.516323,129.21,10.04,6,319.69,20 / 22,3488710,2019-09-06 20:18:14:453,-0.0763,0.9992,9.96,-0.0107,0.0036,9.8065,-0.0645,-0.0732,0.0154,4.38,-38.19,-3.75,163.16,-81.45,-168.5
52.379574,-1.516323,129.21,10.04,6,319.69,20 / 22,3488810,2019-09-06 20:18:14:553,0.5391,-0.0993,9.6704,-0.0092,0.0036,9.8066,-0.0597,-0.0552,-0.0128,4,-37.87,-3.62,163.28,-81.4,-168.36
52.379574,-1.516323,129.21,10.04,6,319.69,20 / 22,3488909,2019-09-06 20:18:14:652,0.2083,-0.0875,9.7872,-0.0097,0.0091,9.8065,0.089,-0.0504,0.0252,4.44,-38.12,-3.25,160.29,-81.31,-169.19
52.379574,-1.516323,129.21,10.04,6,319.69,20 / 22,3489010,2019-09-06 20:18:14:753,0.2366,0.3446,10.0074,-0.0006,-0.0107,9.8066,0.0708,-0.0007,-0.0271,3.94,-38.62,-3.62,163.02,-81.34,-169.47
52.379574,-1.516323,129.21,10.04,6,319.69,20 / 22,3489110,2019-09-06 20:18:14:853,0.5528,-0.653,9.864,0.0064,-0.0073,9.8065,-0.0644,-0.0412,-0.0246,4.38,-37.69,-3.62,162.63,-81.36,-169.75
52.379574,-1.516323,129.21,10.04,6,319.69,20 / 22,3489210,2019-09-06 20:18:14:953,0.3031,-0.264,10.1333,0.0012,-0.0005,9.8066,0.0081,-0.0419,-0.017,3.75,-38.12,-4.25,162.81,-81.29,-169.53
52.379574,-1.516323,129.21,10.04,6,319.69,20 / 22,3489310,2019-09-06 20:18:15:053,0.6315,-0.1341,9.9515,0.0079,-0.0078,9.8066,-0.0363,-0.0092,-0.0031,4.44,-38.5,-3.69,162.88,-81.29,-169.37
52.379574,-1.516323,129.21,10.04,6,319.69,19 / 21,3489410,2019-09-06 20:18:15:153,0.0887,-0.4037,9.212,-0.013,0.0215,9.8066,-0.0699,-0.0104,0.0113,3.75,-38.12,-3.69,163.09,-81.21,-169.11
52.379574,-1.516323,129.21,10.04,6,319.69,19 / 21,3489509,2019-09-06 20:18:15:252,0.3996,-1.2461,9.4251,-0.0067,0.0213,9.8065,0.1067,-0.0317,0.0384,3.75,-38.62,-4.62,165.64,-81.12,-169.04
52.379574,-1.516323,129.21,10.04,6,319.69,19 / 21,3489611,2019-09-06 20:18:15:354,0.6503,-0.9792,9.9462,0.0234,-0.0357,9.8065,0.0729,-0.0162,-0.0241,4.31,-38.31,-3.69,163.63,-81.35,-167.75
52.379574,-1.516323,129.21,10.04,6,319.69,19 / 21,3489710,2019-09-06 20:18:15:453,-0.9379,0.0494,10.0914,-0.0231,0.0291,9.8065,0.0016,0.0091,-0.012,3.75,-38,-4.12,163.52,-81.31,-168.06
52.379574,-1.516323,129.21,10.04,6,319.69,19 / 21,3489809,2019-09-06 20:18:15:552,-0.2332,0.1697,9.8654,-0.0029,0.0309,9.8066,0.001,0.001,0.0468,4.06,-38.19,-3.62,163.74,-80.97,-168.25
52.379574,-1.516323,129.21,10.04,6,319.69,19 / 21,3489910,2019-09-06 20:18:15:653,0.6337,0.3612,9.9495,-0.0125,0.0195,9.8065,0.0002,0.0112,-0.0455,3.75,-38.44,-4.37,163.99,-80.78,-168.1
52.379574,-1.516323,129.21,10.04,6,319.69,19 / 21,3490010,2019-09-06 20:18:15:753,-1.0817,-1.2002,9.7996,0.0044,0.0089,9.8066,0.0493,0.0674,-0.077,3.75,-38.06,-3.69,163.69,-80.88,-168.55
52.379574,-1.516323,129.21,10.04,6,319.69,19 / 21,3490110,2019-09-06 20:18:15:853,-0.507,0.3187,9.4994,-0.0012,-0.0035,9.8066,-0.1128,0.0496,0.0481,4,-38.25,-3.94,163.8,-80.86,-168.35
52.379574,-1.516323,129.21,10.04,6,319.69,19 / 21,3490210,2019-09-06 20:18:15:953,-0.6509,-1.0617,9.3462,-0.0033,0.0031,9.8066,-0.0721,-0.0396,0.0781,4.13,-38,-4.06,163.69,-80.87,-168.56
52.379574,-1.516323,129.21,10.04,6,319.69,19 / 21,3490310,2019-09-06 20:18:16:053,-0.3563,-0.7683,10.1099,-0.0024,0.0155,9.8066,0.1715,0.0039,-0.0288,3.94,-37.69,-3.37,161.51,-80.73,-168.01
52.379574,-1.516323,129.21,10.04,6,319.69,20 / 21,3490409,2019-09-06 20:18:16:152,0.0482,-0.6136,10.3225,0.0033,0.0012,9.8066,0.1332,0.0535,0.0075,3.94,-38.44,-4.12,164.11,-80.85,-167.71
52.379574,-1.516323,129.21,10.04,6,319.69,20 / 21,3490509,2019-09-06 20:18:16:252,-0.5351,0.5774,10.0589,-0.0187,0.0265,9.8066,-0.1584,0.0327,-0.0205,4.75,-38.44,-3.44,157.28,-80.59,-167.76
52.379574,-1.516323,129.21,10.04,6,319.69,20 / 21,3490610,2019-09-06 20:18:16:353,-0.1556,-1.3425,9.4089,-0.0176,0.0207,9.8066,-0.1542,0.0369,-0.0184,3.94,-37.94,-4.19,164.18,-80.61,-168.02
52.379574,-1.516323,129.21,10.04,6,319.69,20 / 21,3490709,2019-09-06 20:18:16:452,-0.3102,-0.927,9.476,0.0044,-0.0036,9.8066,0.0149,0.0459,0.0001,4,-38.44,-4.06,164.26,-80.71,-167.67
52.379574,-1.516323,129.21,10.04,6,319.69,20 / 21,3490809,2019-09-06 20:18:16:552,-0.8274,-1.2798,9.2474,-0.0027,-0.0006,9.8066,-0.0128,0.0657,-0.022,4.19,-37.87,-4.19,164.23,-80.76,-167.63
52.379574,-1.516323,129.21,10.04,6,319.69,20 / 21,3490909,2019-09-06 20:18:16:652,-0.8626,-0.9815,9.9272,0.0091,-0.0112,9.8066,0.0751,0.0375,-0.0016,4.31,-37.87,-3.5,161.61,-80.86,-167.46
52.379574,-1.516323,129.21,10.04,6,319.69,20 / 21,3491010,2019-09-06 20:18:16:753,-0.2992,-0.8541,10.3973,0.0085,-0.0151,9.8065,0.0934,0.0532,-0.0359,5.06,-37.75,-3.44,156.99,-80.88,-167.57
52.379574,-1.516323,129.21,10.04,6,319.69,20 / 21,3491110,2019-09-06 20:18:16:853,-0.8156,-0.4781,10.0134,-0.0229,0.0123,9.8065,-0.0845,0.0935,-0.051,4.63,-38.12,-3.94,159.55,-80.72,-168.44
52.379574,-1.516323,129.21,10.04,6,319.69,20 / 21,3491210,2019-09-06 20:18:16:953,-0.3715,-1.8847,9.2645,-0.0152,0.0146,9.8066,-0.084,0.0792,-0.0045,5.13,-37.81,-4,159.24,-80.69,-169.09
52.379574,-1.516323,129.21,10.04,6,319.69,20 / 21,3491310,2019-09-06 20:18:17:053,-1.141,-1.3555,9.2674,0.0005,-0.0164,9.8066,-0.0069,0.1441,-0.0247,4.88,-38.19,-3.75,159.05,-80.73,-169.37
52.379574,-1.516323,129.21,10.04,6,319.69,21 / 22,3491409,2019-09-06 20:18:17:152,-0.7205,-2.0386,9.7109,0.0092,-0.0117,9.8065,-0.0162,0.1248,-0.0233,5.63,-38.06,-3.44,151.76,-80.97,-169.46
52.379574,-1.516323,129.21,10.04,6,319.69,21 / 22,3491510,2019-09-06 20:18:17:253,-1.5405,-1.7554,9.3911,0.0019,-0.0045,9.8066,-0.0588,0.1731,-0.017,5.31,-37.37,-3.44,155.37,-81.12,-169.49
52.379574,-1.516323,129.21,10.04,6,319.69,21 / 22,3491609,2019-09-06 20:18:17:352,-0.6936,-1.3128,9.6913,0.0079,0.0223,9.8066,-0.0097,0.1163,0.077,5.69,-38.19,-3.25,152.1,-81.08,-168.53
52.379574,-1.516323,129.21,10.04,6,319.69,21 / 22,3491710,2019-09-06 20:18:17:453,-0.9682,-1.5634,9.5559,0.01,0.0053,9.8066,0.0494,0.1219,-0.0453,5.38,-37.56,-2.81,156.91,-81.01,-167.39
52.379574,-1.516323,129.21,10.04,6,319.69,21 / 22,3491810,2019-09-06 20:18:17:553,-1.4051,-2.6539,10.119,-0.0051,-0.0003,9.8066,0.0427,0.2094,-0.086,5.56,-37.62,-2.06,149.66,-80.97,-167.02
52.379574,-1.516323,129.21,10.04,6,319.69,21 / 22,3491910,2019-09-06 20:18:17:653,-1.8207,-2.454,9.9257,0.0004,-0.0149,9.8066,-0.0041,0.2385,-0.0451,6.38,-37.12,-2.31,148.69,-81.05,-167.75
52.379574,-1.516323,129.21,10.04,6,319.69,21 / 22,3492010,2019-09-06 20:18:17:753,-1.3331,-2.2705,10.3859,0.0083,-0.0123,9.8066,0.0292,0.2716,-0.0689,6.81,-37,-2.25,144.73,-81.05,-168.15
52.379574,-1.516323,129.21,10.04,6,319.69,21 / 22,3492110,2019-09-06 20:18:17:853,-1.2625,-3.0299,9.5191,-0.0225,0.0164,9.8066,-0.0269,0.3052,-0.0401,8.13,-37,-1.31,137.77,-80.9,-168.39
52.379574,-1.516323,129.21,10.04,6,319.69,21 / 22,3492210,2019-09-06 20:18:17:953,-2.1728,-3.3773,9.6041,-0.0147,0.012,9.8065,-0.0768,0.3041,-0.0468,7.88,-36.81,-0.87,137.84,-80.88,-168.34
52.379574,-1.516323,129.21,10.04,6,319.69,21 / 22,3492313,2019-09-06 20:18:18:056,-0.9386,-3.2875,9.7111,0.0003,0.0178,9.8066,0.0401,0.2658,-0.006,8.81,-36.12,-0.44,130.57,-80.91,-167.99
52.379574,-1.516323,129.21,10.04,6,319.69,20 / 22,3492410,2019-09-06 20:18:18:153,-1.3976,-3.2979,9.1023,0.0086,0.0018,9.8066,-0.0607,0.3101,-0.0273,8.44,-36.06,-0.69,137.95,-80.86,-167.35
52.379574,-1.516323,129.21,10.04,6,319.69,20 / 22,3492509,2019-09-06 20:18:18:252,-0.5882,-3.315,9.4564,-0.0008,0.0144,9.8066,0.0898,0.2476,-0.0239,8.63,-36.19,-0.69,136.03,-80.87,-166.08
52.379574,-1.516323,129.21,10.04,6,319.69,20 / 22,3492610,2019-09-06 20:18:18:353,-0.4042,-2.4304,10.1372,0.0371,-0.0142,9.8065,0.1006,0.3256,-0.1035,9.19,-36.69,0,132.76,-81.12,-164.86
52.379574,-1.516323,129.21,10.04,6,319.69,20 / 22,3492710,2019-09-06 20:18:18:453,-1.0378,-3.2286,9.8641,0.0278,-0.0138,9.8065,0.1691,0.2346,-0.0617,10.13,-35.81,0.38,129.75,-81.19,-165.18
52.379574,-1.516323,129.21,10.04,6,319.69,20 / 22,3492809,2019-09-06 20:18:18:552,-0.871,-2.8336,9.2796,-0.021,0.0011,9.8065,-0.0781,0.2659,-0.0127,9.94,-34.94,1.5,120.27,-80.96,-166.16
52.379574,-1.516323,129.21,10.04,6,319.69,20 / 22,3492910,2019-09-06 20:18:18:653,-0.3352,-3.3819,9.8238,-0.0146,0.0028,9.8066,0.0682,0.2463,-0.0682,10,-34.69,2.25,120.38,-80.93,-166.08
52.379574,-1.516323,129.21,10.04,6,319.69,20 / 22,3493010,2019-09-06 20:18:18:753,0.0988,-2.7629,9.5264,0.02,-0.0211,9.8066,-0.011,0.2735,-0.0741,9.69,-34.69,3,115.42,-80.96,-166.33
52.379574,-1.516323,129.21,10.04,6,319.69,20 / 22,3493110,2019-09-06 20:18:18:853,-0.916,-2.3281,9.7121,-0.032,0.0055,9.8065,-0.0794,0.2315,0.0015,10.19,-33.56,2.94,113.43,-81.23,-167.01
52.379574,-1.516323,129.21,10.04,6,319.69,20 / 22,3493209,2019-09-06 20:18:18:952,-1.3306,-3.0207,9.4734,-0.0289,0.0102,9.8066,-0.0517,0.3215,-0.047,10.25,-34.31,2.88,113.86,-81.11,-166.9
52.379574,-1.516323,129.21,10.04,6,319.69,20 / 22,3493309,2019-09-06 20:18:19:052,-0.2823,-1.7168,9.6714,-0.0328,0.0165,9.8066,-0.0516,0.1978,0.0152,10,-34.56,3.44,114.86,-81.11,-166.53
52.379574,-1.516323,129.21,10.04,6,319.69,20 / 21,3493409,2019-09-06 20:18:19:152,-1.1936,-0.6182,10.077,0.0335,0.0004,9.8066,0.0672,0.0554,0.0217,9.94,-34.25,3.44,115.02,-81.28,-164.86
52.379574,-1.516323,129.21,10.04,6,319.69,20 / 21,3493510,2019-09-06 20:18:19:253,-0.684,-2.4795,9.8866,-0.0071,0.0032,9.8066,0.044,0.0889,0.0758,9.56,-34.44,3.44,115.93,-81.15,-164.15
52.379574,-1.516323,129.21,10.04,6,319.69,20 / 21,3493609,2019-09-06 20:18:19:352,-0.4166,-0.8478,10.1011,0.0043,0.0101,9.8066,0.0768,0.1918,-0.0378,9.56,-34.37,4.19,111.56,-81.11,-163.71
52.379574,-1.516323,129.21,10.04,6,319.69,20 / 21,3493710,2019-09-06 20:18:19:453,-1.9136,-0.7428,9.5253,-0.0238,0.0151,9.8066,-0.111,0.1326,-0.0321,9.38,-34.31,3.19,117.81,-81.15,-162.97
52.379574,-1.516323,129.21,10.04,6,319.69,20 / 21,3493809,2019-09-06 20:18:19:552,0.0731,-1.479,9.8953,-0.0157,0.0115,9.8066,-0.1201,0.0942,0.0198,9.63,-34.37,4,112.99,-81.01,-162.27
52.379574,-1.516323,129.21,10.04,6,319.69,20 / 21,3493909,2019-09-06 20:18:19:652,-0.3529,-0.9544,9.2437,0.0319,0.0051,9.8066,0.0474,0.0709,0.0187,9.88,-34.12,3.94,113.28,-81.15,-161.46
52.379574,-1.516323,129.21,10.04,6,319.69,20 / 21,3494009,2019-09-06 20:18:19:752,-1.2779,-0.2664,9.9443,0.0136,0.0124,9.8065,0.0379,-0.0132,0.0655,8.56,-33.25,3.88,114.15,-81.17,-159.93
52.379574,-1.516323,129.21,10.04,6,319.69,20 / 21,3494109,2019-09-06 20:18:19:852,-0.5795,-0.564,9.6381,-0.0018,0.0167,9.8065,0.0462,0.019,0.0334,8.88,-33.37,2.5,120.45,-81.02,-158.99
52.379574,-1.516323,129.21,10.04,6,319.69,20 / 21,3494210,2019-09-06 20:18:19:953,-1.3622,-1.0757,10.1828,0.0025,0.0129,9.8066,0.0168,0.0685,-0.0341,8.69,-34.5,3,121.15,-80.88,-159.48
52.379574,-1.516323,129.21,10.04,6,319.69,20 / 21,3494310,2019-09-06 20:18:20:053,-1.3864,-1.7021,9.8643,0.0044,-0.0123,9.8066,-0.0854,0.0132,0.0284,7.81,-34.06,5.19,111.07,-80.86,-159.35
52.379574,-1.516323,129.21,10.04,6,319.69,20 / 21,3494410,2019-09-06 20:18:20:153,-0.6597,-1.4882,9.8297,-0.0058,-0.0048,9.8066,-0.0918,0.0917,-0.05,7.38,-33,6,102.98,-80.97,-159.92
52.379574,-1.516323,129.21,10.04,6,319.69,20 / 21,3494509,2019-09-06 20:18:20:252,-1.0823,-0.281,9.8674,-0.013,-0.0184,9.8066,-0.0061,-0.0076,0.038,7.38,-32,6.94,95.28,-81.06,-160.07
52.379574,-1.516323,129.21,10.04,6,319.69,20 / 21,3494610,2019-09-06 20:18:20:353,-0.0524,-1.8546,9.2025,-0.0186,-0.0114,9.8066,0.0642,0.0235,0.0092,9.19,-32.81,7.63,92.57,-81.05,-161.29
52.379574,-1.516323,129.21,10.04,6,319.69,20 / 21,3494710,2019-09-06 20:18:20:453,-0.6377,-0.8514,10.2374,0.0297,0.0133,9.8065,0.0132,0.0557,-0.0433,9.38,-34.12,6.81,97.81,-81.16,-161.57
52.379574,-1.516323,129.21,10.04,6,319.69,20 / 21,3494809,2019-09-06 20:18:20:552,-1.1352,-2.2939,9.6683,0.0371,-0.0045,9.8065,0.0075,-0.0168,0.1102,10,-33.44,7.44,97.58,-81.16,-161.96
52.379574,-1.516323,129.21,10.04,6,319.69,20 / 21,3494910,2019-09-06 20:18:20:653,-0.548,-0.4244,9.2621,-0.006,0.0113,9.8066,-0.0291,0.0678,-0.0177,10.19,-33.25,6.25,103.48,-81.06,-161.03
52.379574,-1.516323,129.21,10.04,6,319.69,20 / 21,3495009,2019-09-06 20:18:20:752,-0.3505,0.0745,10.1144,0.0294,0.0177,9.8065,-0.1707,0.0911,-0.0138,10.31,-34.56,6.19,105.57,-81.2,-159.86
52.379574,-1.516323,129.21,10.04,6,319.69,20 / 21,3495109,2019-09-06 20:18:20:852,0.2521,-0.1183,9.2223,-0.0195,0.0038,9.8066,-0.1427,-0.0072,0.0937,10.69,-34.94,6.19,106.74,-81.18,-158.96
52.379574,-1.516323,129.21,10.04,6,319.69,20 / 21,3495210,2019-09-06 20:18:20:953,-0.2924,-0.6459,9.9412,-0.0452,0.01,9.8064,0.1228,0.0386,0.0002,10.13,-34.5,6.94,102.4,-80.94,-158.16
52.379574,-1.516323,129.21,10.04,6,319.69,20 / 21,3495310,2019-09-06 20:18:21:053,-1.093,0.5827,10.3452,0.0487,-0.0046,9.8065,0.2043,-0.0699,0.0444,10,-35.31,6.06,107.44,-81.17,-157.79
52.379574,-1.516323,129.21,10.04,6,319.69,19 / 20,3495409,2019-09-06 20:18:21:152,-0.8309,-0.6787,10.63,0.0559,0.0036,9.8065,-0.0883,0.0599,0.0261,10.88,-35.5,6.69,103.9,-81.02,-157.78
52.379574,-1.516323,129.21,10.04,6,319.69,19 / 20,3495510,2019-09-06 20:18:21:253,1.5184,-1.6709,9.5061,-0.0249,-0.0181,9.8066,-0.0492,0.0053,0.0169,10.44,-34.25,7.19,101.42,-80.9,-159.37
52.379574,-1.516323,129.21,10.04,6,319.69,19 / 20,3495610,2019-09-06 20:18:21:353,0.4577,-0.2676,10.0894,0.0052,-0.0161,9.8066,0.0823,-0.0516,0.0959,10,-34.37,7.56,96.65,-80.91,-159.56
52.379574,-1.516323,129.21,10.04,6,319.69,19 / 20,3495709,2019-09-06 20:18:21:452,-1.7102,-1.3942,10.0618,-0.0163,0.0023,9.8065,0.0237,0.0349,-0.0288,10.31,-33.19,6,104.48,-80.89,-160.41
52.379574,-1.516323,129.21,10.04,6,319.69,19 / 20,3495810,2019-09-06 20:18:21:553,0.1801,-0.3384,10.1364,-0.0286,-0.0061,9.8065,0.0149,-0.0164,0.0596,10.25,-34.25,6.13,105.66,-80.67,-160.63
52.379574,-1.516323,129.21,10.04,6,319.69,19 / 20,3495910,2019-09-06 20:18:21:653,-0.6954,-0.4089,10.0202,0.0087,0.0114,9.8065,-0.0012,-0.004,-0.0086,10.5,-35.06,6.25,106.89,-80.67,-160.31
52.379574,-1.516323,129.21,10.04,6,319.69,19 / 20,3496010,2019-09-06 20:18:21:753,0.2751,-0.3155,9.8481,-0.0007,0.0014,9.8066,0.0017,0.0228,0.0418,10.5,-36.19,6.75,103.68,-80.71,-159.69
52.379574,-1.516323,129.21,10.04,6,319.69,19 / 20,3496109,2019-09-06 20:18:21:852,0.0344,-0.4323,9.9918,0.0011,0.0075,9.8066,0.0346,-0.002,0.0245,10.69,-35.5,6.88,103.39,-80.71,-159.24
52.379574,-1.516323,129.21,10.04,6,319.69,19 / 20,3496209,2019-09-06 20:18:21:952,-0.3164,0.409,9.7457,0.0025,0.0082,9.8066,-0.0811,-0.0113,0.0287,9.69,-34.56,7.44,103.32,-80.69,-158.71
52.379574,-1.516323,129.21,10.04,6,319.69,19 / 20,3496309,2019-09-06 20:18:22:052,-0.294,0.4661,10.4327,0.0123,0.0023,9.8066,-0.0058,-0.096,0.0569,9.94,-33.37,6.75,102.01,-80.66,-158.62
52.379574,-1.516323,129.21,10.04,6,319.69,19 / 20,3496410,2019-09-06 20:18:22:153,-0.8895,-0.8675,10.0431,-0.0181,-0.0139,9.8066,-0.0336,-0.0327,0.0633,9.38,-34.25,5.25,112.49,-80.68,-158.18
52.379574,-1.516323,129.21,10.04,6,319.69,19 / 20,3496509,2019-09-06 20:18:22:252,0.268,1.7623,10.5369,-0.0064,-0.0024,9.8066,0.0464,-0.1238,0.0392,9.31,-36,5.56,108.14,-80.66,-159.24
52.379574,-1.516323,129.21,10.04,6,319.69,19 / 20,3496610,2019-09-06 20:18:22:353,-1.0551,0.1225,10.6123,-0.0052,-0.0063,9.8066,0.0965,0.0414,0.0007,9.69,-36.06,6.19,108.63,-80.5,-159.42
52.379574,-1.516323,129.21,10.04,6,319.69,19 / 20,3496710,2019-09-06 20:18:22:453,-1.0648,-0.8248,9.9118,-0.007,-0.0139,9.8066,0.0668,0.0263,0.0631,10.06,-36.19,6.38,107.11,-80.5,-161.25
52.379574,-1.516323,129.21,10.04,6,319.69,19 / 20,3496810,2019-09-06 20:18:22:553,-0.7679,0.4362,9.684,-0.0185,-0.0036,9.8065,-0.0308,0.0582,-0.1309,9.94,-36.31,6.56,101.65,-80.42,-162.35
52.379574,-1.516323,129.21,10.04,6,319.69,19 / 20,3496910,2019-09-06 20:18:22:653,0.2066,0.0869,9.6708,0.008,-0.0177,9.8065,0.0459,-0.0036,0.0288,9.88,-35.69,6.94,99.92,-80.6,-163.69
52.379574,-1.516323,129.21,10.04,6,319.69,19 / 20,3497010,2019-09-06 20:18:22:753,-0.9015,0.1871,9.6032,-0.0004,-0.0066,9.8066,-0.0139,0.0164,-0.0698,10,-36.19,6.94,99.37,-80.58,-164.35
52.379574,-1.516323,129.21,10.04,6,319.69,19 / 20,3497110,2019-09-06 20:18:22:853,-0.1209,-0.1397,9.8069,0.0034,-0.0119,9.8066,0.0289,-0.0348,0.017,9.94,-36.06,6.94,98.49,-80.5,-165.63
52.379574,-1.516323,129.21,10.04,6,319.69,19 / 20,3497210,2019-09-06 20:18:22:953,-0.5338,-0.0711,9.9986,-0.0088,-0.0075,9.8066,-0.0725,-0.0578,-0.0052,10.13,-36.5,6.81,98.24,-80.48,-165.94
52.379574,-1.516323,129.21,10.04,6,319.69,19 / 20,3497309,2019-09-06 20:18:23:052,0.0757,0.5736,10.3381,-0.0026,-0.0105,9.8066,0.0236,-0.0272,-0.0056,10.31,-36,6.44,102.46,-80.6,-166.34
52.379986,-1.51747,129.84,12.91,4,282.82,19 / 20,3497409,2019-09-06 20:18:23:152,-0.6233,-0.3895,9.8764,0.0176,-0.0007,9.8065,-0.073,-0.0638,-0.0217,10.06,-35.81,6.63,96.53,-80.69,-167.07
52.379986,-1.51747,129.84,12.91,4,282.82,19 / 20,3497510,2019-09-06 20:18:23:253,-1.0501,0.5156,10.3226,-0.0199,-0.0036,9.8066,-0.0338,-0.0308,-0.0535,10.44,-35.62,6.31,101.45,-80.52,-167.78
52.379986,-1.51747,129.84,12.91,4,282.82,19 / 20,3497610,2019-09-06 20:18:23:353,0.241,-0.4442,10.1236,0.0011,-0.0039,9.8066,-0.0323,-0.0288,0.0968,10.06,-36,6.56,95.96,-80.56,-168.15
52.379986,-1.51747,129.84,12.91,4,282.82,19 / 20,3497710,2019-09-06 20:18:23:453,-0.5879,0.5162,10.2657,-0.0237,0.0007,9.8066,-0.0931,-0.0916,0.0006,10,-36.62,6.5,97.01,-80.46,-168.28
52.379986,-1.51747,129.84,12.91,4,282.82,19 / 20,3497810,2019-09-06 20:18:23:553,-0.2023,-1.1351,10.0335,-0.0146,-0.0017,9.8066,0.0221,-0.0915,0.0365,10.44,-36.44,6.88,96.26,-80.45,-168.2
52.379986,-1.51747,129.84,12.91,4,282.82,19 / 20,3497909,2019-09-06 20:18:23:652,-1.3762,-0.2644,10.1559,0.0022,-0.0008,9.8066,0.0956,0.025,-0.015,10.38,-35.81,6.88,95.63,-80.52,-168.65
52.379986,-1.51747,129.84,12.91,4,282.82,19 / 20,3498010,2019-09-06 20:18:23:753,-0.6961,-0.7185,9.8189,0.0263,-0.007,9.8066,-0.0538,-0.0286,0.0124,10.69,-36.31,7.13,95.47,-80.55,-169.22
52.379986,-1.51747,129.84,12.91,4,282.82,19 / 20,3498109,2019-09-06 20:18:23:852,-1.3669,0.4335,10.3013,-0.0205,-0.018,9.8066,-0.07,-0.0639,0.0309,9.94,-35.87,6.63,95.03,-80.31,-170.02
52.379986,-1.51747,129.84,12.91,4,282.82,19 / 20,3498209,2019-09-06 20:18:23:952,-0.2583,-0.2255,9.4421,-0.0129,-0.009,9.8065,-0.048,-0.065,-0.0036,11,-36.69,6.81,95.53,-80.38,-170.52
52.379986,-1.51747,129.84,12.91,4,282.82,19 / 20,3498309,2019-09-06 20:18:24:052,-0.4177,0.2776,9.9079,-0.0007,-0.0073,9.8066,-0.009,0.0008,-0.0327,10.19,-37.5,6.56,93.96,-80.42,-171.68
52.379986,-1.51747,129.84,12.91,4,282.82,19 / 21,3498410,2019-09-06 20:18:24:153,-0.7999,-0.2243,10.4706,-0.0282,-0.0103,9.8065,0.0119,0.0114,-0.0201,10.19,-37.87,7.06,94.08,-80.34,-172.77
52.379986,-1.51747,129.84,12.91,4,282.82,19 / 21,3498509,2019-09-06 20:18:24:252,-1.7666,0.5872,10.584,-0.0157,-0.0107,9.8066,0.0828,-0.075,0.0495,10.75,-38.37,7.25,94.16,-80.23,-173.35
52.379986,-1.51747,129.84,12.91,4,282.82,19 / 21,3498610,2019-09-06 20:18:24:353,-1.3464,-0.843,9.7503,0.0063,0.0055,9.8066,-0.1338,-0.0861,0.0331,10.81,-37.5,7.19,93.44,-80.1,-173.66
52.379986,-1.51747,129.84,12.91,4,282.82,19 / 21,3498709,2019-09-06 20:18:24:452,-0.339,0.8866,9.5938,-0.0324,0.0004,9.8065,-0.1442,0.0964,-0.0281,10.25,-37.31,6.94,93.11,-79.92,-174.39
52.379986,-1.51747,129.84,12.91,4,282.82,19 / 21,3498810,2019-09-06 20:18:24:553,-0.827,-0.182,10.0678,-0.0318,-0.009,9.8065,-0.0298,0.0209,0.0068,10.5,-36.56,7.06,92.59,-79.99,-174.94
52.379986,-1.51747,129.84,12.91,4,282.82,19 / 21,3498909,2019-09-06 20:18:24:652,0.2343,1.0291,10.129,-0.041,-0.0038,9.8065,-0.1489,-0.0866,0.0354,10.75,-36.75,6.75,93.01,-79.89,-174.81
52.379986,-1.51747,129.84,12.91,4,282.82,19 / 21,3499010,2019-09-06 20:18:24:753,-0.0376,-0.758,9.2251,-0.023,0.0067,9.8065,-0.0217,0.0184,-0.0203,10.31,-36.5,6.69,92.19,-79.88,-174.53
52.379986,-1.51747,129.84,12.91,4,282.82,19 / 21,3499110,2019-09-06 20:18:24:853,-0.6629,0.9541,9.6826,0.0344,0.0066,9.8065,0.0488,-0.0398,-0.0089,10.75,-35.94,6.69,91.86,-79.97,-174.85
52.379986,-1.51747,129.84,12.91,4,282.82,19 / 21,3499210,2019-09-06 20:18:24:953,-0.4419,-0.125,10.2557,-0.0036,-0.0115,9.8066,-0.0151,-0.0061,-0.0526,10.44,-35.87,6.63,90.5,-80.19,-175.15
52.379986,-1.51747,129.84,12.91,4,282.82,19 / 21,3499309,2019-09-06 20:18:25:052,0.4333,-0.8811,10.1136,-0.0029,-0.0197,9.8065,0.1206,-0.0742,0.0743,10.5,-35.75,7,89.78,-80.09,-176.6
52.379986,-1.51747,129.84,12.91,4,282.82,19 / 20,3499410,2019-09-06 20:18:25:153,-0.2169,0.9222,9.6963,-0.0318,0.0065,9.8065,-0.0005,-0.0532,0.0735,10.31,-35.69,7.13,90.71,-79.84,-176.19
52.379986,-1.51747,129.84,12.91,4,282.82,19 / 20,3499510,2019-09-06 20:18:25:253,0.6546,-0.7619,9.7947,0.0178,0.0166,9.8066,-0.0725,0.0448,-0.1244,10.38,-36.19,6.56,91.06,-80.03,-175.17
52.379986,-1.51747,129.84,12.91,4,282.82,19 / 20,3499609,2019-09-06 20:18:25:352,-0.8177,-0.3607,8.4478,0.0248,-0.0224,9.8065,-0.1711,-0.1766,0.022,10.63,-36,6.19,95.01,-80.15,-176.1
52.379986,-1.51747,129.84,12.91,4,282.82,19 / 20,3499710,2019-09-06 20:18:25:453,0.9209,-1.0598,9.6406,0.0324,-0.0232,9.8065,-0.0836,0.0417,-0.0213,10.5,-35.56,6.38,94.96,-80.05,-176.47
52.379986,-1.51747,129.84,12.91,4,282.82,19 / 20,3499809,2019-09-06 20:18:25:552,0.2913,2.28,9.7072,-0.0101,-0.0156,9.8066,0.2121,0.1106,-0.1256,10.94,-35.94,6.19,92.62,-80.09,-178.82
52.379986,-1.51747,129.84,12.91,4,282.82,19 / 20,3499910,2019-09-06 20:18:25:653,0.1588,-0.4592,9.9603,0.046,-0.0114,9.8064,0.272,-0.0622,0.0206,11,-36.12,6,92.38,-80.03,-179.28
52.379986,-1.51747,129.84,12.91,4,282.82,19 / 20,3500010,2019-09-06 20:18:25:753,-0.4437,-0.0275,10.5244,0.0553,-0.0019,9.8064,-0.0815,-0.0448,0.011,11.38,-36.37,6.69,87.61,-79.94,-179.24
52.379986,-1.51747,129.84,12.91,4,282.82,19 / 20,3500110,2019-09-06 20:18:25:853,-0.1199,-0.2635,10.6503,-0.0449,-0.0051,9.8065,-0.036,0.0594,-0.0333,11.38,-35.44,7.06,87.49,-79.68,-179.33
52.379986,-1.51747,129.84,12.91,4,282.82,19 / 20,3500209,2019-09-06 20:18:25:952,-0.1408,0.8434,9.9436,-0.0125,-0.01,9.8066,-0.135,-0.0053,-0.0873,11.31,-36.06,6.38,92.55,-79.8,-179.88
52.379986,-1.51747,129.84,12.91,4,282.82,19 / 20,3500309,2019-09-06 20:18:26:052,0.9308,1.457,8.7934,-0.0344,-0.0216,9.8065,-0.1828,-0.1813,0.0788,11.38,-36.19,6.56,87.52,-79.84,-179.67
52.379986,-1.51747,129.84,12.91,4,282.82,19 / 20,3500409,2019-09-06 20:18:26:152,0.6746,1.3898,9.2453,-0.0607,-0.0013,9.8064,0.136,0.066,-0.0634,11.25,-35.56,6.38,92.9,-79.55,179.61
52.379986,-1.51747,129.84,12.91,4,282.82,19 / 20,3500510,2019-09-06 20:18:26:253,1.0598,-1.4094,9.9041,0.0511,-0.0082,9.8065,0.1708,0.0405,0.0499,11.38,-36.25,6.56,85.25,-79.82,178.04
52.379986,-1.51747,129.84,12.91,4,282.82,19 / 20,3500610,2019-09-06 20:18:26:353,-1.1418,-0.641,10.034,0.0394,-0.0077,9.8065,-0.0247,-0.062,0.0003,11.69,-36,6.75,85.9,-79.68,178.01
52.379986,-1.51747,129.84,12.91,4,282.82,19 / 20,3500710,2019-09-06 20:18:26:453,-0.416,-0.2523,9.9032,-0.0271,0.0007,9.8065,-0.0588,0.0175,-0.0709,11.38,-35.56,6.25,91.87,-79.44,178.17
52.379986,-1.51747,129.84,12.91,4,282.82,19 / 20,3500810,2019-09-06 20:18:26:553,-0.6126,0.5267,9.7263,0.0064,-0.0072,9.8066,-0.0324,-0.0103,-0.0034,11.5,-35.56,6.25,90.57,-79.6,177.65
52.379986,-1.51747,129.84,12.91,4,282.82,19 / 20,3500909,2019-09-06 20:18:26:652,0.4076,0.2186,9.954,-0.0057,-0.0096,9.8066,-0.0198,-0.02,-0.0208,11.69,-35.81,6.63,85.48,-79.62,177.43
52.379986,-1.51747,129.84,12.91,4,282.82,19 / 20,3501010,2019-09-06 20:18:26:753,0.1246,0.4882,9.7666,-0.018,-0.0076,9.8066,-0.0485,0.0277,-0.0659,11.38,-35.69,6.5,84.66,-79.55,176.56
52.379986,-1.51747,129.84,12.91,4,282.82,19 / 20,3501110,2019-09-06 20:18:26:853,-0.8482,0.5209,9.9815,-0.0053,-0.0159,9.8065,0.0412,-0.0284,0.0609,11.56,-36.37,7.13,83.56,-79.48,175.13
52.379986,-1.51747,129.84,12.91,4,282.82,19 / 20,3501210,2019-09-06 20:18:26:953,0.6545,-0.3181,10.1781,0.0068,-0.007,9.8066,0.0662,0.0022,-0.0412,11.5,-35.62,6.63,83.89,-79.38,175.16
52.379986,-1.51747,129.84,12.91,4,282.82,19 / 20,3501309,2019-09-06 20:18:27:052,-0.6932,-0.0079,9.7574,-0.0126,-0.0052,9.8066,-0.0235,-0.0288,-0.0526,11.25,-35.44,6.63,82.05,-79.39,174.52
52.379986,-1.51747,129.84,12.91,4,282.82,19 / 20,3501410,2019-09-06 20:18:27:153,0.2309,-0.9531,9.0666,-0.0126,-0.0182,9.8066,0.0463,-0.064,0.0547,12.06,-36,6.5,82.52,-79.35,173.76
52.379986,-1.51747,129.84,12.91,4,282.82,19 / 20,3501509,2019-09-06 20:18:27:252,0.1118,0.2784,9.6547,0.0316,-0.0004,9.8065,0.013,0.0192,-0.074,11.75,-35.75,7.06,82.26,-79.28,173.29
52.379986,-1.51747,129.84,12.91,4,282.82,19 / 20,3501610,2019-09-06 20:18:27:353,0.6039,0.2128,9.9879,-0.0229,-0.0098,9.8065,0.012,0.0054,-0.0176,11.63,-35.87,6.69,81.06,-79.35,172.39
52.379986,-1.51747,129.84,12.91,4,282.82,19 / 20,3501709,2019-09-06 20:18:27:452,-1.5903,0.273,10.2224,-0.0082,-0.0081,9.8066,0.0686,0.0407,0.0462,11.5,-35.75,6.5,80.76,-79.19,171.62
52.379986,-1.51747,129.84,12.91,4,282.82,19 / 20,3501810,2019-09-06 20:18:27:553,-0.0326,0.5099,10.2068,0.0143,0.0057,9.8065,-0.1156,0.0382,-0.0634,11.44,-35.62,6.19,85.6,-79.32,171.45
52.379986,-1.51747,129.84,12.91,4,282.82,19 / 20,3501909,2019-09-06 20:18:27:652,0.2819,0.4428,9.0594,0.0078,-0.02,9.8066,-0.0284,-0.0785,-0.0017,12.06,-35.62,6.81,78.89,-79.4,170.56
52.379986,-1.51747,129.84,12.91,4,282.82,19 / 20,3502010,2019-09-06 20:18:27:753,0.0474,0.445,9.4027,0.0055,0.0028,9.8066,-0.0081,0.0295,0.013,12.13,-35.31,6.69,77.56,-79.45,170.37
52.379986,-1.51747,129.84,12.91,4,282.82,19 / 20,3502109,2019-09-06 20:18:27:852,0.6526,-1.2561,10.174,0.0096,0.0041,9.8066,0.0506,-0.0366,-0.0066,12.94,-35.44,6.63,76.64,-79.5,169.43
52.379986,-1.51747,129.84,12.91,4,282.82,19 / 20,3502210,2019-09-06 20:18:27:953,-0.1093,0.6252,9.9809,0.012,-0.0073,9.8066,-0.0309,-0.0059,0.0877,11.94,-35.56,6.19,82.65,-79.51,169.57
52.379986,-1.51747,129.84,12.91,4,282.82,19 / 20,3502309,2019-09-06 20:18:28:052,0.2384,-0.4354,10.5019,-0.0402,0.0096,9.8065,-0.0688,0.0348,0.0325,11.81,-35.69,6,83.39,-79.29,169.58
52.379986,-1.51747,129.84,12.91,4,282.82,20 / 21,3502410,2019-09-06 20:18:28:153,0.0405,-0.6155,9.5101,0.0271,-0.0029,9.8065,0.1271,-0.0371,0.0543,12.31,-35.62,6.19,84.4,-79.17,170.14
52.379986,-1.51747,129.84,12.91,4,282.82,20 / 21,3502509,2019-09-06 20:18:28:252,0.3147,-0.0568,9.8233,0.0533,0.0095,9.8065,0.1609,0.0681,-0.0277,11.5,-35.62,6.63,78.92,-79.4,170.58
52.379986,-1.51747,129.84,12.91,4,282.82,20 / 21,3502610,2019-09-06 20:18:28:353,-1.3339,-0.3701,10.2075,0.0687,-0.0061,9.8063,-0.1441,-0.0612,-0.0192,11.81,-35.19,6.63,77.12,-79.51,170.15
52.379986,-1.51747,129.84,12.91,4,282.82,20 / 21,3502710,2019-09-06 20:18:28:453,-0.453,0.6357,9.4959,-0.0345,-0.0121,9.8065,-0.1218,-0.0203,-0.0748,12.5,-35.56,6.63,78.5,-79.54,170.45
52.379986,-1.51747,129.84,12.91,4,282.82,20 / 21,3502810,2019-09-06 20:18:28:553,-0.4944,-0.0328,9.4781,-0.0249,-0.0129,9.8066,-0.112,0.1311,-0.0744,12.31,-35.12,6.25,81.6,-79.42,169.23
52.379986,-1.51747,129.84,12.91,4,282.82,20 / 21,3502910,2019-09-06 20:18:28:653,1.2224,0.3653,9.7791,-0.0736,-0.0122,9.8063,-0.3067,-0.0391,0.0097,12.38,-35.06,6.19,81.43,-79.19,168.34
52.379986,-1.51747,129.84,12.91,4,282.82,20 / 21,3503010,2019-09-06 20:18:28:753,-0.1719,-2.4947,9.8557,-0.059,-0.0075,9.8064,0.0437,-0.0227,0.1083,12.25,-35.12,6.06,80.88,-79.21,167.91
52.379986,-1.51747,129.84,12.91,4,282.82,20 / 21,3503110,2019-09-06 20:18:28:853,0.2356,1.0138,9.2038,0.0464,0.0051,9.8064,0.0331,0.0316,0.0727,12.38,-34.94,6.13,79,-79.43,166.86
52.379986,-1.51747,129.84,12.91,4,282.82,20 / 21,3503209,2019-09-06 20:18:28:952,1.0397,1.6626,9.2737,0.0091,0.003,9.8066,0.0984,0.0371,-0.1468,11.88,-34.75,6.13,80.02,-79.33,167.47
52.379986,-1.51747,129.84,12.91,4,282.82,20 / 21,3503309,2019-09-06 20:18:29:052,0.8268,0.3946,10.0859,0.0466,-0.0262,9.8065,0.2729,-0.0359,0.071,12.44,-34.62,5.63,79.43,-79.34,166.98
52.379986,-1.51747,129.84,12.91,4,282.82,19 / 20,3503409,2019-09-06 20:18:29:152,0.1548,0.4342,10.1967,0.0334,-0.0066,9.8065,-0.1963,0.0118,-0.0597,12.94,-34.5,6.19,75.87,-79.52,165.24
52.379986,-1.51747,129.84,12.91,4,282.82,19 / 20,3503510,2019-09-06 20:18:29:253,0.7988,0.3415,10.1364,-0.0488,-0.0068,9.8064,-0.0821,-0.0357,0.0409,12.81,-35.12,5.88,77.7,-79.14,165.01
52.379986,-1.51747,129.84,12.91,4,282.82,19 / 20,3503609,2019-09-06 20:18:29:352,-0.6174,0.5924,9.509,-0.0383,0.0006,9.8065,0.0301,-0.005,-0.0989,12.44,-34.87,5.75,77.92,-79.11,164.89
52.379986,-1.51747,129.84,12.91,4,282.82,19 / 20,3503710,2019-09-06 20:18:29:453,0.8908,0.4234,9.6935,0.046,-0.0129,9.8064,0.1182,-0.1093,0.1179,12.88,-34.81,5.63,78.31,-78.98,165.12
52.379986,-1.51747,129.84,12.91,4,282.82,19 / 20,3503809,2019-09-06 20:18:29:552,1.1635,-0.6643,9.7391,0.0073,0.0137,9.8066,-0.0351,0.011,-0.0689,13.13,-34.81,6.25,77.64,-79.22,165.17
52.379986,-1.51747,129.84,12.91,4,282.82,19 / 20,3503910,2019-09-06 20:18:29:653,1.279,-0.0713,10.4006,-0.0329,0.0057,9.8065,-0.1037,-0.0064,-0.0046,12.63,-34.81,6.25,78.37,-79.1,165.5
52.379986,-1.51747,129.84,12.91,4,282.82,19 / 20,3504010,2019-09-06 20:18:29:753,0.7237,0.2395,10.3066,-0.0226,-0.0033,9.8065,-0.1021,-0.0494,0.1302,12.69,-34.94,5.63,78.01,-79.21,165.5
52.379986,-1.51747,129.84,12.91,4,282.82,19 / 20,3504109,2019-09-06 20:18:29:852,0.392,-0.0451,9.5848,-0.0307,0.0181,9.8066,-0.0612,-0.0071,-0.1228,12.13,-35.06,5.5,79.25,-79.21,166.4
52.379986,-1.51747,129.84,12.91,4,282.82,19 / 20,3504209,2019-09-06 20:18:29:952,0.5481,0.6974,9.514,-0.0084,-0.0061,9.8066,0.0259,0.006,-0.0153,12.25,-35.25,5.69,78.65,-79.31,166.16
52.379986,-1.51747,129.84,12.91,4,282.82,19 / 20,3504309,2019-09-06 20:18:30:052,0.5246,0.0699,9.7486,0.0164,-0.0051,9.8066,-0.0053,-0.022,0.032,12.5,-34.56,5,82.64,-79.37,165.65
52.379986,-1.51747,129.84,12.91,4,282.82,19 / 20,3504410,2019-09-06 20:18:30:153,0.2521,0.4971,10.4092,-0.0229,0.0009,9.8066,0.0516,0.0038,-0.0295,12.13,-34.81,6.19,77.56,-79.44,165.58
52.379986,-1.51747,129.84,12.91,4,282.82,19 / 20,3504510,2019-09-06 20:18:30:253,0.239,0.277,10.3373,-0.0172,0.0017,9.8065,0.0197,-0.0293,0.0342,12.5,-34.37,5.44,82.24,-79.25,165.81
52.379986,-1.51747,129.84,12.91,4,282.82,19 / 20,3504610,2019-09-06 20:18:30:353,0.4593,0.3608,10.3938,-0.0094,0.0072,9.8066,-0.0257,-0.0173,0.0456,12.06,-34.5,6.5,72.7,-79.22,166.3
52.379986,-1.51747,129.84,12.91,4,282.82,19 / 20,3504709,2019-09-06 20:18:30:452,0.1007,-0.4507,9.5454,-0.0413,0.0113,9.8065,-0.0755,0.0364,0.0036,12.13,-34.62,5.69,80.57,-79.14,167.38
52.379986,-1.51747,129.84,12.91,4,282.82,19 / 20,3504810,2019-09-06 20:18:30:553,1.215,0.4713,9.936,-0.0389,0.0063,9.8065,0.0355,-0.002,0.0134,11.63,-34.75,5.69,80.96,-79.16,167.81
52.379986,-1.51747,129.84,12.91,4,282.82,19 / 20,3504909,2019-09-06 20:18:30:652,0.8188,0.4522,9.8834,0.0171,0.0027,9.8066,0.0178,-0.0357,-0.0141,11.56,-34.81,5.69,80.95,-79.28,168.17
52.379986,-1.51747,129.84,12.91,4,282.82,19 / 20,3505010,2019-09-06 20:18:30:753,0.3396,0.8169,9.959,0.0152,0,9.8066,0.0032,-0.0063,0.0135,12.06,-35.12,5.63,80.66,-79.39,168.26
52.379986,-1.51747,129.84,12.91,4,282.82,19 / 20,3505110,2019-09-06 20:18:30:853,0.6524,-0.0871,10.0212,-0.0007,0.003,9.8066,-0.0184,0.007,-0.0156,12.38,-34.19,5.69,79.67,-79.36,168.15
52.379986,-1.51747,129.84,12.91,4,282.82,19 / 20,3505209,2019-09-06 20:18:30:952,0.0546,0.6038,9.6179,0.0063,-0.003,9.8066,0.0032,-0.0447,-0.0011,12.06,-34.87,6.06,80.48,-79.35,167.96
52.379986,-1.51747,129.84,12.91,4,282.82,19 / 20,3505310,2019-09-06 20:18:31:053,-0.8943,-0.1089,9.6582,0.0082,-0.0006,9.8066,0.0571,-0.0194,-0.017,11.81,-34.81,5.75,80.75,-79.38,168.31
52.379986,-1.51747,129.84,12.91,4,282.82,19 / 20,3505409,2019-09-06 20:18:31:152,0.2658,0.2438,9.5438,-0.0031,0.0022,9.8066,-0.0171,-0.0418,-0.0022,11.56,-34.75,5.19,86.1,-79.38,168.41
52.379986,-1.51747,129.84,12.91,4,282.82,19 / 20,3505510,2019-09-06 20:18:31:253,0.144,0.3229,9.8033,0.0088,0.0022,9.8066,-0.0467,-0.0223,-0.0049,11.94,-34.94,5.38,86.24,-79.39,168.59
52.379986,-1.51747,129.84,12.91,4,282.82,19 / 20,3505610,2019-09-06 20:18:31:353,0.0079,-0.1837,10.0213,0.0012,-0.0005,9.8066,0.0529,-0.0284,0.0238,11.88,-35,5.44,86.04,-79.47,168.66
52.379986,-1.51747,129.84,12.91,4,282.82,19 / 20,3505710,2019-09-06 20:18:31:453,-0.7662,0.871,10.6043,0.0154,0.0005,9.8066,0.1245,-0.0517,0.0192,12.19,-34.94,6,80.66,-79.53,168.69
52.379986,-1.51747,129.84,12.91,4,282.82,19 / 20,3505810,2019-09-06 20:18:31:553,-0.0929,0.1634,10.4459,0.0286,-0.0015,9.8066,-0.1194,0.0029,0.0258,11.63,-34.69,4.81,86,-79.53,168.79
52.379986,-1.51747,129.84,12.91,4,282.82,19 / 20,3505910,2019-09-06 20:18:31:653,0.6252,0.8324,9.7555,-0.031,0.0043,9.8066,-0.1007,-0.0421,-0.01,11.81,-34.69,4.75,86.6,-79.34,168.77
52.379986,-1.51747,129.84,12.91,4,282.82,19 / 20,3506010,2019-09-06 20:18:31:753,0.9375,0.0102,9.4849,-0.0276,-0.0044,9.8066,0.1325,-0.0308,0.0383,11.88,-34.25,4.94,85.72,-79.33,168.82
52.379986,-1.51747,129.84,12.91,4,282.82,19 / 20,3506110,2019-09-06 20:18:31:853,0.2004,-0.0494,9.6242,0.034,0.0017,9.8065,0.0605,-0.0178,-0.0398,12.13,-34.87,5.38,86.45,-79.32,168.57
52.379986,-1.51747,129.84,12.91,4,282.82,19 / 20,3506210,2019-09-06 20:18:31:953,-0.4081,0.5626,9.6995,0.0379,-0.0101,9.8065,-0.0903,-0.0127,0.0076,12.19,-34.81,5.06,85.55,-79.51,168.3
52.379986,-1.51747,129.84,12.91,4,282.82,19 / 20,3506309,2019-09-06 20:18:32:052,0.106,0.1448,9.7562,-0.0311,0.0044,9.8065,-0.0838,-0.034,0.0091,11.69,-34.5,5.38,85.36,-79.34,168.5
52.380295,-1.51943,131.13,15.95,6,287.06,19 / 21,3506410,2019-09-06 20:18:32:153,-0.0431,0.5433,10.0263,-0.0316,0,9.8066,-0.0593,-0.0157,-0.0299,11.56,-34.44,5.5,79.35,-79.54,168.39
52.380295,-1.51943,131.13,15.95,6,287.06,19 / 21,3506509,2019-09-06 20:18:32:252,1.2578,0.2668,9.821,-0.0128,0.0028,9.8066,0.0073,-0.0283,0.0076,11.44,-35.19,5.13,86.79,-79.42,168.48
52.380295,-1.51943,131.13,15.95,6,287.06,19 / 21,3506610,2019-09-06 20:18:32:353,-0.1985,-0.2981,10.0003,0,0.005,9.8066,-0.0148,0.0035,-0.0048,12.06,-35,5.25,86.48,-79.45,169.02
52.380295,-1.51943,131.13,15.95,6,287.06,19 / 21,3506709,2019-09-06 20:18:32:452,0.0785,0.2535,9.4714,0.0157,0.0052,9.8066,-0.0528,-0.0291,0.043,11.88,-34.75,5.25,86.49,-79.52,169.23
52.380295,-1.51943,131.13,15.95,6,287.06,19 / 21,3506809,2019-09-06 20:18:32:552,-0.1109,0.5229,9.9941,-0.0038,0.0086,9.8066,-0.0286,-0.0343,0.0318,11.38,-35.19,5.5,81.75,-79.6,169.73
52.380295,-1.51943,131.13,15.95,6,287.06,19 / 21,3506910,2019-09-06 20:18:32:653,1.4012,-0.115,9.7715,-0.0163,0.0052,9.8066,0.1158,-0.0168,-0.0164,11.5,-35,5.31,87.23,-79.62,170.28
52.380295,-1.51943,131.13,15.95,6,287.06,19 / 21,3507010,2019-09-06 20:18:32:753,0.7436,0.1976,10.272,0.024,0.0007,9.8065,0.0539,-0.0515,0.0309,11.56,-35,5.06,87.29,-79.69,170.58
52.380295,-1.51943,131.13,15.95,6,287.06,19 / 21,3507110,2019-09-06 20:18:32:853,1.463,0.4669,9.5551,-0.0025,0.012,9.8065,0.0898,0.0169,0.016,11.5,-34.69,5.38,88.12,-79.59,171.08
52.380295,-1.51943,131.13,15.95,6,287.06,19 / 21,3507210,2019-09-06 20:18:32:953,-0.2737,0.0638,9.1946,0.0123,-0.0003,9.8066,0.0768,-0.0055,0.0351,11.13,-35.12,4.69,89.25,-79.62,171.65
52.380295,-1.51943,131.13,15.95,6,287.06,19 / 21,3507309,2019-09-06 20:18:33:052,1.4258,0.513,9.9986,0.0059,0.0049,9.8066,-0.0434,0.0247,-0.0577,11.88,-34.62,4.44,93.15,-79.77,171.74
52.380295,-1.51943,131.13,15.95,6,287.06,20 / 22,3507409,2019-09-06 20:18:33:152,1.1646,0.2071,9.9551,-0.031,-0.0154,9.8065,-0.099,-0.0584,0.0469,11.19,-34.87,5.13,87.14,-80.05,171.05
52.380295,-1.51943,131.13,15.95,6,287.06,20 / 22,3507510,2019-09-06 20:18:33:253,0.7457,0.0481,9.2025,-0.0478,-0.0052,9.8064,0.0171,0.0008,-0.0205,10.94,-34.81,4.75,87.22,-79.78,170.18
52.380295,-1.51943,131.13,15.95,6,287.06,20 / 22,3507610,2019-09-06 20:18:33:353,0.7834,-0.1705,9.5527,0.0355,-0.0073,9.8065,0.1037,0.0934,0.0253,11.38,-34.62,4.56,86.54,-79.8,169.59
52.380295,-1.51943,131.13,15.95,6,287.06,20 / 22,3507709,2019-09-06 20:18:33:452,0.5627,1.1689,10.4773,0.0221,0.0036,9.8065,0.0001,0.0163,-0.0561,11.63,-34.94,4.44,91.59,-79.67,169.79
52.380295,-1.51943,131.13,15.95,6,287.06,20 / 22,3507809,2019-09-06 20:18:33:552,0.6282,0.0657,10.0862,-0.0132,0.0045,9.8066,0.0212,-0.0108,0.0569,11.63,-34.94,5.06,87.35,-79.6,170.37
52.380295,-1.51943,131.13,15.95,6,287.06,20 / 22,3507909,2019-09-06 20:18:33:652,-0.3714,0.7417,9.6048,0.0266,0.0078,9.8065,-0.0598,-0.0036,-0.033,11.44,-35.06,4.5,87.91,-79.74,170.71
52.380295,-1.51943,131.13,15.95,6,287.06,20 / 22,3508009,2019-09-06 20:18:33:752,0.325,0.2021,10.0022,-0.0227,-0.0013,9.8066,-0.0772,-0.0317,0.0566,11.44,-35.12,4.44,94.17,-79.68,171.34
52.380295,-1.51943,131.13,15.95,6,287.06,20 / 22,3508110,2019-09-06 20:18:33:853,0.4326,0.6434,9.9593,-0.0235,0.0089,9.8065,0.2181,-0.1076,0.0158,11.31,-35.06,4,94.26,-79.74,171.64
52.380295,-1.51943,131.13,15.95,6,287.06,20 / 22,3508210,2019-09-06 20:18:33:953,-0.0026,-0.3595,9.783,0.0324,-0.0129,9.8065,0.168,0.0491,-0.0736,11.19,-34.87,4.25,94.03,-79.78,171.54
52.380295,-1.51943,131.13,15.95,6,287.06,20 / 22,3508310,2019-09-06 20:18:34:053,0.088,0.6041,10.3522,0.0256,-0.0078,9.8066,-0.237,-0.0064,0.0396,11.56,-35.19,4.19,92.45,-79.82,171.15
52.380295,-1.51943,131.13,15.95,6,287.06,19 / 20,3508409,2019-09-06 20:18:34:152,1.8712,0.1345,9.3647,0.0156,-0.0113,9.8066,-0.1739,0.0188,-0.0093,11.25,-34.87,4.25,92.49,-79.95,170.55
52.380295,-1.51943,131.13,15.95,6,287.06,19 / 20,3508510,2019-09-06 20:18:34:253,1.9885,-0.0394,9.8324,-0.029,0.004,9.8066,-0.2691,-0.0396,0.0246,11.5,-34.56,3.63,92.18,-79.67,170.39
52.380295,-1.51943,131.13,15.95,6,287.06,19 / 20,3508609,2019-09-06 20:18:34:352,1.5279,-0.1358,10.055,-0.0172,0.0111,9.8066,0.1567,-0.0147,0.0382,11.25,-35.25,3.63,93.56,-79.66,170.62
52.380295,-1.51943,131.13,15.95,6,287.06,19 / 20,3508709,2019-09-06 20:18:34:452,0.2942,-0.1612,10.0757,0.0101,0.0111,9.8065,0.0788,-0.019,-0.0292,11.94,-35.31,4.19,92.15,-79.72,170.53
52.380295,-1.51943,131.13,15.95,6,287.06,19 / 20,3508810,2019-09-06 20:18:34:553,1.0402,0.1114,9.5779,0.0299,-0.0004,9.8066,-0.0997,-0.0044,0.0195,11.75,-35.62,4,93.23,-79.95,171.48
52.380295,-1.51943,131.13,15.95,6,287.06,19 / 20,3508909,2019-09-06 20:18:34:652,1.8845,0.2647,9.4836,-0.0219,0.0081,9.8065,-0.1581,-0.0704,0.0689,12.06,-35,3.63,92.43,-79.93,171.5
52.380295,-1.51943,131.13,15.95,6,287.06,19 / 20,3509010,2019-09-06 20:18:34:753,1.4567,0.3388,9.196,-0.0404,0.0135,9.8065,0.1136,-0.0002,-0.0562,11.56,-35.06,3.88,93,-79.89,171.95
52.380295,-1.51943,131.13,15.95,6,287.06,19 / 20,3509113,2019-09-06 20:18:34:856,0.6,0.6373,10.0268,0.0337,-0.0154,9.8065,0.0985,-0.02,0.1001,12.25,-35.19,4,91.75,-80.07,171.24
52.380295,-1.51943,131.13,15.95,6,287.06,19 / 20,3509210,2019-09-06 20:18:34:953,0.5879,1.2137,9.6677,0.0258,0.0062,9.8066,0.0345,0.0842,-0.0761,11.5,-34.87,4.31,92.27,-80.01,171.6
52.380295,-1.51943,131.13,15.95,6,287.06,19 / 20,3509310,2019-09-06 20:18:35:053,1.2441,-0.5877,9.8223,0.0207,0.0033,9.8065,0.1283,-0.0301,-0.0235,11.56,-35.12,3.75,92.72,-79.87,171.62
52.380295,-1.51943,131.13,15.95,6,287.06,19 / 21,3509410,2019-09-06 20:18:35:153,0.5639,0.324,10.2437,0.0328,-0.0013,9.8065,-0.0793,-0.0515,0.0825,11.94,-34.94,4.31,92.63,-80.05,172.09
52.380295,-1.51943,131.13,15.95,6,287.06,19 / 21,3509509,2019-09-06 20:18:35:252,0.2265,0.6331,9.6391,-0.0302,0.0124,9.8065,-0.0362,0.0076,0.0584,11.69,-34.94,4.06,93.26,-79.89,172.23
52.380295,-1.51943,131.13,15.95,6,287.06,19 / 21,3509610,2019-09-06 20:18:35:353,0.954,-0.1005,9.717,0.0335,-0.0078,9.8065,0.0416,-0.0721,0.0056,11.38,-35.81,4.44,95.49,-79.87,172.42
52.380295,-1.51943,131.13,15.95,6,287.06,19 / 21,3509709,2019-09-06 20:18:35:452,1.3913,-0.6219,9.9847,0.004,-0.0077,9.8066,-0.0087,0.0413,-0.0697,11.5,-35.5,3.75,93.02,-79.97,172.26
52.380295,-1.51943,131.13,15.95,6,287.06,19 / 21,3509809,2019-09-06 20:18:35:552,1.0204,-0.3512,9.8418,-0.0117,-0.0044,9.8066,-0.0198,-0.013,0.045,11.31,-35.31,4.31,93.58,-79.95,171.68
52.380295,-1.51943,131.13,15.95,6,287.06,19 / 21,3509910,2019-09-06 20:18:35:653,-0.2219,0.3367,9.5184,-0.024,0.0037,9.8066,-0.1286,0.0011,-0.0201,11.5,-35.12,4.44,92.12,-79.98,171.34
52.380295,-1.51943,131.13,15.95,6,287.06,19 / 21,3510009,2019-09-06 20:18:35:752,0.9325,0.6668,9.698,-0.0227,0.0066,9.8066,-0.1287,-0.015,-0.0449,11.25,-35.56,4.06,94.36,-79.91,171.32
52.380295,-1.51943,131.13,15.95,6,287.06,19 / 21,3510110,2019-09-06 20:18:35:853,0.3703,0.5615,9.5815,0.0525,-0.0155,9.8065,0.1388,-0.0513,0.0481,11.13,-35.06,4.25,91.67,-80.25,170.78
52.380295,-1.51943,131.13,15.95,6,287.06,19 / 21,3510210,2019-09-06 20:18:35:953,1.6479,-0.1816,10.2569,0.0351,-0.0022,9.8065,-0.0684,-0.0695,0.0103,11,-35.56,3.75,92.96,-80.23,171.05
52.380295,-1.51943,131.13,15.95,6,287.06,19 / 21,3510310,2019-09-06 20:18:36:053,1.1108,-0.1736,9.848,-0.0002,0.0012,9.8066,0.0435,-0.0087,-0.0353,11.19,-35.19,3.44,97.79,-80.12,171.2
52.380295,-1.51943,131.13,15.95,6,287.06,21 / 22,3510409,2019-09-06 20:18:36:152,-0.9762,0.0542,10.6847,-0.0154,0.0096,9.8066,0.033,-0.0216,0.0139,11.44,-35,3.63,93.32,-79.96,171.44
52.380295,-1.51943,131.13,15.95,6,287.06,21 / 22,3510509,2019-09-06 20:18:36:252,1.6694,0.5341,10.1107,0.0216,0.0012,9.8066,0.0084,0.0304,-0.0045,11.44,-35,3.69,92.72,-80.13,171.44
52.380295,-1.51943,131.13,15.95,6,287.06,21 / 22,3510609,2019-09-06 20:18:36:352,0.7831,-0.3954,9.8662,-0.0081,0.0041,9.8066,-0.0116,-0.0171,-0.0316,11.5,-35.25,3.56,92.09,-80.19,171.98
52.380295,-1.51943,131.13,15.95,6,287.06,21 / 22,3510710,2019-09-06 20:18:36:453,1.6127,1.2622,10.0035,-0.0172,0.0138,9.8065,0.0182,-0.0618,0.0932,11.38,-35.62,3.56,94.36,-80.22,172.5
52.380295,-1.51943,131.13,15.95,6,287.06,21 / 22,3510809,2019-09-06 20:18:36:552,0.8472,-0.4048,9.633,0.0033,-0.0049,9.8066,0.0516,-0.0582,-0.0049,11.81,-35.37,3.19,97.68,-80.24,172.98
52.380295,-1.51943,131.13,15.95,6,287.06,21 / 22,3510909,2019-09-06 20:18:36:652,0.1268,0.1903,10.3171,-0.0038,0.0037,9.8066,0.1494,-0.017,-0.017,11.5,-35.37,3.69,93.31,-80.15,173.13
52.380295,-1.51943,131.13,15.95,6,287.06,21 / 22,3511010,2019-09-06 20:18:36:753,0.0755,0.5705,10.5969,-0.0116,0.0041,9.8066,-0.0985,0.0443,-0.0119,11.44,-35.81,4.31,96.1,-79.99,173.51
52.380295,-1.51943,131.13,15.95,6,287.06,21 / 22,3511110,2019-09-06 20:18:36:853,0.1738,0.3079,10.658,0.0188,0.0055,9.8066,-0.04,-0.0343,0.0024,10.88,-34.94,3.94,94.82,-80.11,173.6
52.380295,-1.51943,131.13,15.95,6,287.06,21 / 22,3511209,2019-09-06 20:18:36:952,0.6339,0.1551,8.9724,-0.0306,0.0064,9.8066,-0.1715,-0.0218,0.0046,11.5,-35.12,3.44,98.49,-80.09,173.38
52.380295,-1.51943,131.13,15.95,6,287.06,21 / 22,3511310,2019-09-06 20:18:37:053,1.8109,-0.8775,8.9127,-0.0538,0.0128,9.8064,-0.1718,0.0199,-0.0134,11.38,-34.81,3.44,99.95,-80.09,173.47
52.380295,-1.51943,131.13,15.95,6,287.06,19 / 22,3511409,2019-09-06 20:18:37:152,0.3012,-0.3256,9.1782,0.035,-0.0129,9.8065,0.196,-0.0904,0.0158,11.56,-35.06,3.06,98.14,-80.21,173.4
52.380295,-1.51943,131.13,15.95,6,287.06,19 / 22,3511510,2019-09-06 20:18:37:253,-0.0791,-0.4654,10.506,-0.0214,0.0077,9.8066,0.1173,0.0078,-0.0484,11,-35,3.5,93.14,-80.41,172.86
52.380295,-1.51943,131.13,15.95,6,287.06,19 / 22,3511609,2019-09-06 20:18:37:352,0.6241,0.4844,10.2544,-0.0162,0.006,9.8066,-0.0216,0.0222,-0.0158,11,-35.75,3.5,95.1,-80.27,173.47
52.380295,-1.51943,131.13,15.95,6,287.06,19 / 22,3511710,2019-09-06 20:18:37:453,1.1222,0.4686,9.9408,-0.0118,0.008,9.8066,0.0333,-0.043,0.0286,11.13,-35.31,3.75,93.95,-80.35,173.5
52.380295,-1.51943,131.13,15.95,6,287.06,19 / 22,3511809,2019-09-06 20:18:37:552,0.7825,0.4432,9.431,-0.009,0.0016,9.8066,-0.0679,0.0165,-0.0167,11,-35.19,3.31,99.33,-80.33,173.68
52.380295,-1.51943,131.13,15.95,6,287.06,19 / 22,3511910,2019-09-06 20:18:37:653,0.8769,-0.0545,9.1025,-0.0175,0.0077,9.8066,-0.1004,-0.0446,0.0451,11.31,-35.44,3,99.58,-80.35,174
52.380295,-1.51943,131.13,15.95,6,287.06,19 / 22,3512010,2019-09-06 20:18:37:753,0.9252,-0.498,9.9054,0.0301,-0.0111,9.8065,0.0446,-0.0119,0.0183,11.31,-34.87,2.63,99.33,-80.33,173.67
52.380295,-1.51943,131.13,15.95,6,287.06,19 / 22,3512110,2019-09-06 20:18:37:853,0.23,0.8678,9.511,0.0039,0.0004,9.8066,0.0611,-0.0935,0.0282,11.19,-35.62,3.31,99.63,-80.48,173.55
52.380295,-1.51943,131.13,15.95,6,287.06,19 / 22,3512210,2019-09-06 20:18:37:953,0.6429,0.3934,9.4266,0.026,-0.0062,9.8065,0.1015,-0.0478,-0.0323,11.69,-34.94,3.06,96.47,-80.61,172.89
52.380295,-1.51943,131.13,15.95,6,287.06,19 / 22,3512310,2019-09-06 20:18:38:053,0.5922,-0.1475,10.1209,0.0339,-0.007,9.8065,0.0953,-0.0548,-0.0008,11.38,-34.69,3.5,92.64,-80.7,173.37
52.380295,-1.51943,131.13,15.95,6,287.06,19 / 20,3512410,2019-09-06 20:18:38:153,0.5928,0.5286,10.6456,-0.0657,0.0169,9.8064,-0.1475,-0.0398,0.0225,11.5,-34.62,3.38,96.55,-80.48,172.57
52.380295,-1.51943,131.13,15.95,6,287.06,19 / 20,3512509,2019-09-06 20:18:38:252,1.0445,0.6934,9.7403,-0.07,-0.0093,9.8063,-0.0561,-0.0815,-0.0449,11.38,-34.81,3.44,97.27,-80.39,171.6
52.380295,-1.51943,131.13,15.95,6,287.06,19 / 20,3512609,2019-09-06 20:18:38:352,0.1148,1.7877,10.2766,0.0819,-0.008,9.8063,0.1992,0.0774,0.0591,11.13,-34.94,3.06,97.65,-80.25,171.49
52.380295,-1.51943,131.13,15.95,6,287.06,19 / 20,3512709,2019-09-06 20:18:38:452,0.598,0.1257,10.7249,0.0645,-0.0207,9.8063,0.3518,0.0766,-0.1351,11.13,-34.75,3.63,90.85,-80.73,171.62
52.380295,-1.51943,131.13,15.95,6,287.06,19 / 20,3512810,2019-09-06 20:18:38:553,-2.8386,0.6402,10.64,-0.0383,0.0367,9.8065,-0.2428,-0.1168,0.2472,11.31,-34.69,3.69,91.77,-80.54,171.92
52.380295,-1.51943,131.13,15.95,6,287.06,19 / 20,3512910,2019-09-06 20:18:38:653,0.5263,-2.0558,10.0264,-0.012,-0.0161,9.8066,-0.2505,0.0762,-0.0898,10.75,-34.5,3.31,94.74,-80.87,171.52
52.380295,-1.51943,131.13,15.95,6,287.06,19 / 20,3513009,2019-09-06 20:18:38:752,0.9838,0.1962,10.2135,-0.0419,0.0191,9.8064,-0.0874,-0.0679,0.0201,11.25,-34.56,2.25,101.13,-80.8,171.75
52.380295,-1.51943,131.13,15.95,6,287.06,19 / 20,3513110,2019-09-06 20:18:38:853,0.152,1.206,9.3007,-0.0461,0.0105,9.8064,0.0265,-0.1047,0.0736,11.19,-35.69,3,97.06,-80.74,171.71
52.380295,-1.51943,131.13,15.95,6,287.06,19 / 20,3513209,2019-09-06 20:18:38:952,0.9388,-0.0327,9.9344,0.0302,0.0032,9.8066,0.1723,-0.0172,-0.0084,10.88,-34.69,3.19,96.85,-80.64,172.06
52.380295,-1.51943,131.13,15.95,6,287.06,19 / 20,3513309,2019-09-06 20:18:39:052,0.7573,0.8225,10.1544,0.0404,-0.0018,9.8065,0.1279,-0.0199,0.0438,10.88,-35.12,3.13,97.08,-80.77,172.76
52.380295,-1.51943,131.13,15.95,6,287.06,19 / 21,3513410,2019-09-06 20:18:39:153,-0.3062,0.2667,9.9405,0.0233,-0.0014,9.8066,0.0111,-0.0628,0.0529,11.13,-35.37,2.56,97.43,-80.83,173.34
52.380295,-1.51943,131.13,15.95,6,287.06,19 / 21,3513509,2019-09-06 20:18:39:252,0.599,-0.6686,9.7888,0.0316,-0.0049,9.8065,-0.0853,0.0235,-0.0408,10.81,-35.56,3.81,93.13,-80.87,173.57
52.380295,-1.51943,131.13,15.95,6,287.06,19 / 21,3513610,2019-09-06 20:18:39:353,0.8279,0.9253,10.5241,-0.0362,0.0088,9.8065,-0.01,-0.0313,-0.0416,10.38,-35.25,3,98.76,-80.99,173.9
52.380295,-1.51943,131.13,15.95,6,287.06,19 / 21,3513710,2019-09-06 20:18:39:453,0.0703,0.6741,10.4537,0.0286,-0.018,9.8066,0.1047,-0.0672,0.0088,10.69,-35.12,3,96.1,-81.08,172.81
52.380295,-1.51943,131.13,15.95,6,287.06,19 / 21,3513809,2019-09-06 20:18:39:552,1.2204,0.9973,9.5321,-0.0467,0.0047,9.8065,-0.2609,0.0561,-0.0456,10.75,-35.25,2.19,102.14,-80.77,172.79
52.380295,-1.51943,131.13,15.95,6,287.06,19 / 21,3513910,2019-09-06 20:18:39:653,0.5085,0.4205,9.9833,-0.0688,0.0052,9.8063,-0.1526,0.0088,-0.0606,11.63,-35.31,2.88,95.35,-80.74,172.12
52.380295,-1.51943,131.13,15.95,6,287.06,19 / 21,3514010,2019-09-06 20:18:39:753,-0.3531,-0.5212,9.6177,0.0096,0.0003,9.8066,0.0637,-0.016,-0.0067,11.06,-34.87,3.38,95.53,-80.88,171.48
52.380295,-1.51943,131.13,15.95,6,287.06,19 / 21,3514109,2019-09-06 20:18:39:852,-0.4404,-0.5812,9.992,-0.0082,0.0036,9.8066,0.0918,-0.0289,-0.0901,10.88,-35.44,2.44,100.84,-80.79,171.41
52.380295,-1.51943,131.13,15.95,6,287.06,19 / 21,3514210,2019-09-06 20:18:39:953,0.1092,-0.1104,9.6165,0.018,0,9.8066,-0.0656,-0.0439,0.0164,11.13,-34.87,3.06,95.12,-80.82,170.82
52.380295,-1.51943,131.13,15.95,6,287.06,19 / 21,3514310,2019-09-06 20:18:40:053,0.2528,0.1376,9.7487,0.0083,-0.0058,9.8065,-0.0078,-0.0058,0.0134,11.19,-35.12,2.75,94.82,-80.89,170.78
52.380295,-1.51943,131.13,15.95,6,287.06,19 / 21,3514410,2019-09-06 20:18:40:153,0.3755,-0.4155,9.9364,-0.0031,-0.0045,9.8066,0.0367,-0.021,0.035,11.38,-35.12,2.63,95.16,-80.78,170.74
52.380295,-1.51943,131.13,15.95,6,287.06,19 / 21,3514509,2019-09-06 20:18:40:252,0.1086,-0.2199,10.0889,-0.0011,0.0047,9.8066,0.0128,-0.0068,0.0091,11,-35.31,2.81,95.69,-80.73,171.12
52.380295,-1.51943,131.13,15.95,6,287.06,19 / 21,3514610,2019-09-06 20:18:40:353,0.4407,0.272,10.0011,-0.0004,0.0119,9.8066,0.0304,0.0119,-0.001,11.13,-35.44,2.5,96.41,-80.71,171.82
52.380295,-1.51943,131.13,15.95,6,287.06,19 / 21,3514710,2019-09-06 20:18:40:453,-0.1767,0.471,9.8735,0.0058,0.0062,9.8066,0.0306,-0.0464,0.0535,10.63,-35.56,2.38,102.68,-80.74,172.36
52.380295,-1.51943,131.13,15.95,6,287.06,19 / 21,3514809,2019-09-06 20:18:40:552,0.3256,-0.5018,9.6632,0.0122,0.0038,9.8066,0.0086,-0.068,0.0612,11.06,-34.75,2.38,102.03,-80.83,172.89
52.380295,-1.51943,131.13,15.95,6,287.06,19 / 21,3514910,2019-09-06 20:18:40:653,0.227,0.01,9.6559,0.0163,-0.009,9.8065,-0.0212,-0.0259,-0.0193,11.38,-35.19,2.88,96.76,-80.92,172.96
52.380295,-1.51943,131.13,15.95,6,287.06,19 / 21,3515010,2019-09-06 20:18:40:753,0.3298,-0.4379,9.5975,0.0044,0.0022,9.8066,-0.0321,-0.0474,0.0303,11.5,-35.12,2.75,95.43,-81.01,173.07
52.380295,-1.51943,131.13,15.95,6,287.06,19 / 21,3515110,2019-09-06 20:18:40:853,0.496,0.4559,9.8555,-0.0021,-0.0038,9.8066,-0.0095,0.0016,-0.0343,11.06,-34.94,2.5,96.31,-81.05,172.92
52.380295,-1.51943,131.13,15.95,6,287.06,19 / 21,3515210,2019-09-06 20:18:40:953,0.3372,-0.0359,9.8599,0.0038,-0.0117,9.8066,0.0106,-0.0159,-0.0165,11.5,-35.19,2.63,93.98,-81.13,171.92
52.380295,-1.51943,131.13,15.95,6,287.06,19 / 21,3515310,2019-09-06 20:18:41:053,-0.1203,-0.3992,9.7893,0.0048,-0.01,9.8066,0.0105,-0.008,-0.0134,11.44,-34.44,2,98.7,-81.15,171.22
52.380745,-1.521314,132.86,14.22,6,295.2,19 / 20,3515409,2019-09-06 20:18:41:152,0.7772,-0.2698,10.2866,0.0023,-0.0057,9.8066,0.0275,-0.0035,0.0173,11.13,-34.62,1.94,99.83,-81.07,171.28
52.380745,-1.521314,132.86,14.22,6,295.2,19 / 20,3515510,2019-09-06 20:18:41:253,-0.7821,-0.2408,9.4641,-0.0074,0.0087,9.8066,-0.0545,-0.0253,0.039,11,-35.06,2.38,99.7,-81.06,171.09
52.380745,-1.521314,132.86,14.22,6,295.2,19 / 20,3515609,2019-09-06 20:18:41:352,0.5061,0.2371,9.978,0.0053,0.0099,9.8065,-0.0383,-0.0177,0.0086,10.44,-35.19,2.63,96.58,-81.12,172.01
52.380745,-1.521314,132.86,14.22,6,295.2,19 / 20,3515709,2019-09-06 20:18:41:452,0.1692,0.2673,9.8863,0.0216,0.0006,9.8066,-0.0281,-0.0223,-0.0194,11.13,-34.81,2.44,100.12,-81.26,172.28
52.380745,-1.521314,132.86,14.22,6,295.2,19 / 20,3515809,2019-09-06 20:18:41:552,-0.0083,-0.2872,9.5487,-0.0058,0.0056,9.8066,0.0002,-0.0047,0.0161,10.88,-34.87,2.56,95.81,-81.25,173.09
52.380745,-1.521314,132.86,14.22,6,295.2,19 / 20,3515910,2019-09-06 20:18:41:653,0.9209,-0.1384,9.7011,-0.0187,0.0154,9.8065,0.0619,0.001,-0.0068,10.38,-35.06,2,103.44,-81.19,173.76
52.380745,-1.521314,132.86,14.22,6,295.2,19 / 20,3516010,2019-09-06 20:18:41:753,0.608,0.2113,10.2354,0.0093,0.0017,9.8066,0.0511,-0.0362,0.0223,10.38,-35.12,2.63,98.25,-81.21,174.2
52.380745,-1.521314,132.86,14.22,6,295.2,19 / 20,3516109,2019-09-06 20:18:41:852,0.6052,0.0821,9.7233,0.0091,-0.001,9.8066,-0.0778,-0.0264,0.0637,10.5,-34.81,1.75,101.93,-81.3,174.43
52.380745,-1.521314,132.86,14.22,6,295.2,19 / 20,3516209,2019-09-06 20:18:41:952,0.2089,-0.7841,9.62,0.0211,0.0026,9.8066,-0.024,0.0547,-0.013,10.81,-35.56,2,103.02,-81.38,175.1
52.380745,-1.521314,132.86,14.22,6,295.2,19 / 20,3516309,2019-09-06 20:18:42:052,0.1656,0.5127,9.7073,-0.0043,-0.0022,9.8066,0.1374,0.0116,-0.0081,10.25,-35.5,2.69,98.78,-81.3,175.14
52.380745,-1.521314,132.86,14.22,6,295.2,22 / 23,3516410,2019-09-06 20:18:42:153,0.6479,0.2573,9.4757,0.0246,-0.0068,9.8065,0.0967,-0.062,0.0252,10.63,-35.5,2.81,97.8,-81.39,175.72
52.380745,-1.521314,132.86,14.22,6,295.2,22 / 23,3516509,2019-09-06 20:18:42:252,0.892,-0.3785,10.2081,0.0144,0.0045,9.8066,0.0039,-0.0331,0.0096,10.13,-35.69,2.13,105.77,-81.37,176.23
52.380745,-1.521314,132.86,14.22,6,295.2,22 / 23,3516610,2019-09-06 20:18:42:353,-0.1923,0.5162,10.2937,-0.0219,0.0113,9.8066,-0.0692,0.0031,-0.0286,10.31,-35.75,2.5,99.85,-81.49,176.13
52.380745,-1.521314,132.86,14.22,6,295.2,22 / 23,3516709,2019-09-06 20:18:42:452,0.0035,-0.3482,10.0084,-0.0069,-0.0008,9.8066,0.0122,-0.0377,-0.0676,10.31,-35.25,2.06,104.8,-81.39,176.12
52.380745,-1.521314,132.86,14.22,6,295.2,22 / 23,3516810,2019-09-06 20:18:42:553,-0.1205,0.4429,9.829,0.011,-0.009,9.8066,0.0346,-0.0397,0.0286,10.13,-35.12,2.19,105.35,-81.32,176.51
52.380745,-1.521314,132.86,14.22,6,295.2,22 / 23,3516909,2019-09-06 20:18:42:652,0.1773,0.323,9.7504,0.0053,0.0051,9.8066,0.0343,0.0167,-0.0083,10.06,-35.62,2.94,101.41,-81.22,176.8
52.380745,-1.521314,132.86,14.22,6,295.2,22 / 23,3517010,2019-09-06 20:18:42:753,-1.6931,0.442,9.6955,0.0165,0.0031,9.8066,0.1179,-0.0196,-0.009,9.94,-35.56,2.69,102.11,-81.23,177.62
52.380745,-1.521314,132.86,14.22,6,295.2,22 / 23,3517110,2019-09-06 20:18:42:853,-0.3092,0.333,10.0681,0.0067,0.0005,9.8066,-0.0454,0.0091,0.0401,9.94,-35.94,2.69,102.49,-81.2,177.94
52.380745,-1.521314,132.86,14.22,6,295.2,22 / 23,3517210,2019-09-06 20:18:42:953,-0.0257,-0.8219,9.5697,-0.0042,0.007,9.8066,0.0029,0.0051,0.0093,10.69,-35.5,1.88,104.73,-81.29,177.59
52.380745,-1.521314,132.86,14.22,6,295.2,22 / 23,3517310,2019-09-06 20:18:43:053,-0.6472,0.3291,9.4446,0.0027,-0.0064,9.8066,0.0252,0.0428,0.0287,10.38,-35.69,1.94,107.56,-81.27,177.98
52.380745,-1.521314,132.86,14.22,6,295.2,20 / 21,3517409,2019-09-06 20:18:43:152,-0.2807,-0.9404,9.916,0.002,0.0132,9.8066,-0.1011,0.0771,-0.1093,10.38,-35.87,2.56,102.93,-81.31,178.9
52.380745,-1.521314,132.86,14.22,6,295.2,20 / 21,3517510,2019-09-06 20:18:43:253,0.5365,0.8752,10.1746,0.0064,0.0054,9.8066,0.068,-0.0506,0.0571,9.5,-35.31,2.13,106.66,-81.36,178.21
52.380745,-1.521314,132.86,14.22,6,295.2,20 / 21,3517610,2019-09-06 20:18:43:353,-1.1764,0.8618,9.8905,0.0116,-0.0091,9.8066,0.1913,-0.0901,-0.0032,10.19,-35.81,2.63,102.65,-81.37,178.82
52.380745,-1.521314,132.86,14.22,6,295.2,20 / 21,3517710,2019-09-06 20:18:43:453,-0.5942,1.0538,10.0512,0.0051,-0.0055,9.8066,-0.081,0.0761,0.0335,10.31,-35.56,1.88,108.35,-81.3,179.05
52.380745,-1.521314,132.86,14.22,6,295.2,20 / 21,3517809,2019-09-06 20:18:43:552,0.1547,-2.4288,9.0405,0.0111,0.0007,9.8066,-0.0423,-0.0424,-0.0148,10.44,-35.81,2.56,102.42,-81.34,178.42
52.380745,-1.521314,132.86,14.22,6,295.2,20 / 21,3517910,2019-09-06 20:18:43:653,1.1985,0.1408,9.9757,0.0101,-0.0182,9.8066,0.1535,-0.1059,0.0383,10.13,-35.06,2.38,106.49,-81.45,178.35
52.380745,-1.521314,132.86,14.22,6,295.2,20 / 21,3518010,2019-09-06 20:18:43:753,-1.7296,-0.565,9.8203,0.017,-0.0084,9.8066,0.0845,0.0526,-0.1248,10.31,-35.56,2.31,106.69,-81.47,177.72
52.380745,-1.521314,132.86,14.22,6,295.2,20 / 21,3518110,2019-09-06 20:18:43:853,-1.5985,1.3215,9.9836,0.053,-0.032,9.8064,-0.1885,-0.0119,-0.0543,10.56,-34.75,2.06,102.87,-81.59,176.5
52.380745,-1.521314,132.86,14.22,6,295.2,20 / 21,3518210,2019-09-06 20:18:43:953,0.2836,-0.4922,9.4323,-0.0363,-0.0006,9.8065,-0.0063,-0.0137,0.0356,10.19,-34.94,2.19,104.53,-81.27,175.36
52.380745,-1.521314,132.86,14.22,6,295.2,20 / 21,3518309,2019-09-06 20:18:44:052,0.6013,0.6683,9.8586,-0.0385,0.0157,9.8065,0.0317,-0.01,-0.0696,10.31,-34.37,1.88,103.81,-81.22,175.3
52.380745,-1.521314,132.86,14.22,6,295.2,20 / 21,3518409,2019-09-06 20:18:44:152,-0.0547,0.544,9.688,0.0179,-0.0082,9.8065,0.0271,-0.0324,0.0582,9.94,-35.31,1.69,104.83,-81.15,175.25
52.380745,-1.521314,132.86,14.22,6,295.2,20 / 21,3518510,2019-09-06 20:18:44:253,-1.2689,-0.2965,10.0201,0.0164,0.0003,9.8066,-0.0084,0.0012,-0.0288,10.75,-35.31,1.94,102.89,-81.26,175.38
52.380745,-1.521314,132.86,14.22,6,295.2,20 / 21,3518610,2019-09-06 20:18:44:353,0.1868,1.1651,10.1374,0.0036,-0.0073,9.8066,0.077,-0.0749,0.0688,10.25,-35.06,1.56,105.27,-81.24,176.09
52.380745,-1.521314,132.86,14.22,6,295.2,20 / 21,3518710,2019-09-06 20:18:44:453,-1.1238,-0.1106,10.1647,0.0096,0.0057,9.8066,0.0055,0.0584,-0.0303,10.19,-35.75,1.5,106.57,-81.22,176.62
52.380745,-1.521314,132.86,14.22,6,295.2,20 / 21,3518810,2019-09-06 20:18:44:553,-0.2186,0.691,9.7609,-0.0295,0.0141,9.8065,-0.0297,-0.0194,0.0454,10.25,-35.5,1.63,105.91,-81.08,176.24
52.380745,-1.521314,132.86,14.22,6,295.2,20 / 21,3518910,2019-09-06 20:18:44:653,-1.322,0.1486,9.4556,-0.0236,0.0082,9.8066,-0.1165,-0.038,0.031,9.94,-35.31,2.75,100.84,-81.09,176.6
52.380745,-1.521314,132.86,14.22,6,295.2,20 / 21,3519010,2019-09-06 20:18:44:753,-0.0844,0.29,9.6901,0.0184,0.002,9.8065,-0.1183,-0.0395,-0.0182,10.31,-35.62,2,106.93,-81.19,176.89
52.380745,-1.521314,132.86,14.22,6,295.2,20 / 21,3519110,2019-09-06 20:18:44:853,-0.839,-0.0029,10.4753,0.0129,0.0028,9.8066,0.1693,-0.1146,0.0989,9.94,-35.87,1.31,111.84,-81.34,177.42
52.380745,-1.521314,132.86,14.22,6,295.2,20 / 21,3519210,2019-09-06 20:18:44:953,-2.2219,-1.0898,10.2491,0.014,0.0094,9.8066,0.2234,-0.0419,-0.1245,10.38,-36.31,2,107.07,-81.36,177.76
52.380745,-1.521314,132.86,14.22,6,295.2,20 / 21,3519310,2019-09-06 20:18:45:053,-0.6265,0.3018,10.7893,0.0121,-0.0278,9.8066,-0.0488,-0.0172,0.125,10.38,-36.12,1.81,107.2,-81.26,177.51
52.380745,-1.521314,132.86,14.22,6,295.2,20 / 21,3519409,2019-09-06 20:18:45:152,-0.553,0.116,9.7986,-0.0159,0.0241,9.8065,0.0252,0.0604,-0.0269,10.31,-36,1.75,108.27,-81.1,178.16
52.380745,-1.521314,132.86,14.22,6,295.2,20 / 21,3519511,2019-09-06 20:18:45:254,0.9404,-0.7545,9.8509,-0.0066,-0.0009,9.8066,0.0151,-0.1019,0.0204,10.06,-35.94,2.06,108.34,-81.13,178.37
52.380745,-1.521314,132.86,14.22,6,295.2,20 / 21,3519610,2019-09-06 20:18:45:353,0.9702,-0.1415,9.4424,0.0081,-0.0021,9.8066,-0.1524,-0.0402,-0.0965,9.81,-35.75,1.94,108.42,-81.21,178.78
52.380745,-1.521314,132.86,14.22,6,295.2,20 / 21,3519710,2019-09-06 20:18:45:453,0.7857,-0.4704,10.5569,0.0114,-0.0162,9.8065,0.1172,-0.0334,0.043,9.81,-35.69,1.69,107.44,-81.31,177.99
52.380745,-1.521314,132.86,14.22,6,295.2,20 / 21,3519810,2019-09-06 20:18:45:553,0.4025,-0.5059,10.4492,-0.0064,0.0065,9.8066,0.0588,0.0089,-0.0449,9.56,-35.69,1.88,107.94,-81.21,178.21
52.380745,-1.521314,132.86,14.22,6,295.2,20 / 21,3519909,2019-09-06 20:18:45:652,0.6205,0.5215,10.1725,0.0109,-0.0102,9.8066,-0.0859,-0.0128,-0.0009,9.94,-35.69,1.38,112.48,-81.25,177.88
52.380745,-1.521314,132.86,14.22,6,295.2,20 / 21,3520010,2019-09-06 20:18:45:753,0.7997,0.0021,9.8824,-0.0314,0.0089,9.8065,-0.1444,-0.0437,-0.0326,9.44,-35.81,1.44,115.48,-81.1,177.99
52.380745,-1.521314,132.86,14.22,6,295.2,20 / 21,3520109,2019-09-06 20:18:45:852,0.5254,-0.0036,9.5204,-0.0167,-0.0018,9.8066,0.0108,-0.0317,0.0451,10.06,-35.56,1.31,112.41,-81.19,177.56
52.380745,-1.521314,132.86,14.22,6,295.2,20 / 21,3520210,2019-09-06 20:18:45:953,-0.2409,-0.1694,9.0262,0.0089,-0.0027,9.8066,-0.1459,-0.001,-0.033,9.69,-35.94,1.31,112.14,-81.19,177.22
52.380745,-1.521314,132.86,14.22,6,295.2,20 / 21,3520310,2019-09-06 20:18:46:053,0.3401,0.1152,9.5182,0.006,-0.0074,9.8066,-0.0175,0.0007,0.0027,9.88,-35.75,1.19,111.41,-81.34,176.88
52.380745,-1.521314,132.86,14.22,6,295.2,19 / 21,3520409,2019-09-06 20:18:46:152,0.724,0.0631,10.3411,0.0113,-0.0112,9.8066,0.0391,-0.0065,0.0048,10.19,-35.31,0.94,110.2,-81.38,176.47
52.380745,-1.521314,132.86,14.22,6,295.2,19 / 21,3520510,2019-09-06 20:18:46:253,-0.2116,0.6313,9.7515,0.0171,-0.0094,9.8066,-0.0504,0.0097,-0.0411,10.13,-35.37,0.94,109.92,-81.41,176.22
52.380745,-1.521314,132.86,14.22,6,295.2,19 / 21,3520609,2019-09-06 20:18:46:352,0.0217,-0.5411,9.5329,0.0024,-0.008,9.8065,0.074,0.0163,0.0136,10.06,-36.37,1,110.98,-81.28,176.13
52.380745,-1.521314,132.86,14.22,6,295.2,19 / 21,3520710,2019-09-06 20:18:46:453,1.16,-0.7424,9.9573,-0.0113,0.0073,9.8066,0.0269,-0.0204,0.0175,9.94,-35.69,1.06,110.95,-81.27,176.02
52.380745,-1.521314,132.86,14.22,6,295.2,19 / 21,3520809,2019-09-06 20:18:46:552,1.0971,0.4397,10.1806,0,0.0047,9.8066,-0.0417,-0.0708,0.0128,10.19,-35.81,1.5,106.44,-81.27,176.62
52.380745,-1.521314,132.86,14.22,6,295.2,19 / 21,3520910,2019-09-06 20:18:46:653,1.405,-0.218,9.8101,0.0088,-0.0115,9.8066,-0.0431,-0.0066,0.0248,10.13,-35.94,0.56,111.43,-81.34,176.88
52.380745,-1.521314,132.86,14.22,6,295.2,19 / 21,3521009,2019-09-06 20:18:46:752,1.2924,0.6995,9.8567,0.0004,0.0052,9.8066,0.0012,-0.0548,0.0603,10.06,-36.31,0.69,110.76,-81.45,176.47
52.380745,-1.521314,132.86,14.22,6,295.2,19 / 21,3521110,2019-09-06 20:18:46:853,0.5211,-0.3408,10.2156,-0.0075,-0.0032,9.8066,0.1568,-0.0098,0.0184,10.06,-35.87,1.19,111.39,-81.43,177.17
52.380745,-1.521314,132.86,14.22,6,295.2,19 / 21,3521209,2019-09-06 20:18:46:952,0.6943,-0.5286,9.9335,0.0087,0.0048,9.8066,0.1088,-0.067,0.0178,10.56,-36,1.5,104.86,-81.35,177.08
52.380745,-1.521314,132.86,14.22,6,295.2,19 / 21,3521310,2019-09-06 20:18:47:053,0.9996,0.4936,10.1283,-0.0042,-0.005,9.8066,-0.0263,0.0143,0.0006,10.13,-35.25,1,111.31,-81.36,177.76
52.380745,-1.521314,132.86,14.22,6,295.2,20 / 22,3521409,2019-09-06 20:18:47:152,0.2822,0.2948,9.7074,-0.0187,0.0042,9.8066,-0.0696,0.0087,0.0487,9.81,-35.75,0.81,111.79,-81.3,177.19
52.380745,-1.521314,132.86,14.22,6,295.2,20 / 22,3521510,2019-09-06 20:18:47:253,0.8702,0.195,9.9703,0.0136,-0.0027,9.8066,0.0133,-0.016,-0.0425,9.75,-35.62,0.75,112.16,-81.24,177.41
52.380745,-1.521314,132.86,14.22,6,295.2,20 / 22,3521609,2019-09-06 20:18:47:352,0.9039,-0.0735,10.0176,-0.0005,-0.0064,9.8066,0.009,-0.05,0.0351,9.38,-36.37,1.31,114.2,-81.32,177.24
52.380745,-1.521314,132.86,14.22,6,295.2,20 / 22,3521710,2019-09-06 20:18:47:453,0.4699,0.173,10.0725,-0.0029,0.0047,9.8066,0.0021,-0.0014,0.0046,9.25,-36.12,1.19,114.17,-81.36,177.37
52.380745,-1.521314,132.86,14.22,6,295.2,20 / 22,3521810,2019-09-06 20:18:47:553,0.412,-0.3065,10.0891,-0.0012,0.0023,9.8066,-0.0086,-0.026,-0.0301,10,-35.75,0.75,111.48,-81.37,177.07
52.380745,-1.521314,132.86,14.22,6,295.2,20 / 22,3521910,2019-09-06 20:18:47:653,0.2071,0.3639,9.963,-0.0016,-0.0082,9.8066,0.1218,-0.0174,0.0175,9.88,-36.31,1.06,111.67,-81.28,176.96
52.380745,-1.521314,132.86,14.22,6,295.2,20 / 22,3522009,2019-09-06 20:18:47:752,-0.5884,0.4348,10.2931,0.0002,0.0041,9.8066,0.0946,-0.0278,0.0137,9.94,-35.69,1.06,111.71,-81.23,176.81
52.380745,-1.521314,132.86,14.22,6,295.2,20 / 22,3522110,2019-09-06 20:18:47:853,0.3327,-0.6144,10.0155,0.0037,-0.0016,9.8066,-0.0134,-0.0234,0.0436,9,-36,1.13,114.56,-81.15,176.98
52.380745,-1.521314,132.86,14.22,6,295.2,20 / 22,3522210,2019-09-06 20:18:47:953,0.047,-0.072,9.5605,-0.0019,0.0042,9.8066,-0.0597,0.0173,-0.0014,9.25,-36.25,0.56,114.81,-81.11,177.14
52.380745,-1.521314,132.86,14.22,6,295.2,20 / 22,3522310,2019-09-06 20:18:48:053,1.3303,0.1433,10.2636,0.0268,-0.0106,9.8066,0.1594,0.0567,0.0043,9.13,-35.62,1,114.98,-81.07,177.19
52.380745,-1.521314,132.86,14.22,6,295.2,20 / 21,3522409,2019-09-06 20:18:48:152,0.4839,-0.4246,9.9883,0.0217,-0.0037,9.8066,0.1393,-0.0079,-0.0043,9.38,-35.94,1.25,114.84,-81.12,177.22
52.380745,-1.521314,132.86,14.22,6,295.2,20 / 21,3522510,2019-09-06 20:18:48:253,-0.0543,-0.3868,10.0764,-0.0318,0.0085,9.8065,-0.1188,-0.0569,0.0775,9.81,-36.25,0.63,112.02,-81.31,177.52
52.380745,-1.521314,132.86,14.22,6,295.2,20 / 21,3522609,2019-09-06 20:18:48:352,-0.4054,-0.3479,9.8575,-0.017,0.0142,9.8066,-0.0901,0.0233,-0.0555,9.31,-36.19,0.81,115.38,-81.1,177.85
52.380745,-1.521314,132.86,14.22,6,295.2,20 / 21,3522710,2019-09-06 20:18:48:453,0.3548,-0.2624,9.7443,-0.0395,0.0082,9.8065,0.148,-0.0241,0.0153,9.56,-36.37,0.25,117.11,-81.07,177.24
52.380745,-1.521314,132.86,14.22,6,295.2,20 / 21,3522809,2019-09-06 20:18:48:552,0.1852,0.0615,9.7007,0.0343,-0.017,9.8065,0.0843,0.0053,-0.0629,9.5,-36.44,0.38,116.69,-81.28,177.47
52.380745,-1.521314,132.86,14.22,6,295.2,20 / 21,3522910,2019-09-06 20:18:48:653,-2.6101,0.0162,10.4827,0.0454,-0.033,9.8065,-0.2447,-0.1269,0.1008,9.56,-35.69,0.75,111.46,-81.35,176.96
52.380745,-1.521314,132.86,14.22,6,295.2,20 / 21,3523010,2019-09-06 20:18:48:753,0.832,0.7684,10.7534,-0.0409,0.0222,9.8064,0.0125,0.0028,-0.034,9.5,-35.75,0.25,115.2,-81.5,176.37
52.380745,-1.521314,132.86,14.22,6,295.2,20 / 21,3523110,2019-09-06 20:18:48:853,2.3641,-1.4863,9.1805,-0.0205,0.0146,9.8066,0.0572,0.1028,-0.0787,9.38,-35.75,0.13,118.74,-81.25,176.45
52.380745,-1.521314,132.86,14.22,6,295.2,20 / 21,3523210,2019-09-06 20:18:48:953,0.268,-0.0975,9.2033,0.0275,-0.0246,9.8065,0.0491,-0.1083,0.0888,9.63,-36.25,0.13,115.1,-81.4,175.88
52.380745,-1.521314,132.86,14.22,6,295.2,20 / 21,3523309,2019-09-06 20:18:49:052,-0.8791,0.8973,10.2893,0.0153,0.0043,9.8066,0.0688,0.0406,-0.0184,9.75,-36.37,0.31,116.26,-81.29,176.97
52.380745,-1.521314,132.86,14.22,6,295.2,19 / 21,3523410,2019-09-06 20:18:49:153,-0.4587,0.3572,10.27,-0.0089,0.0021,9.8066,0.0012,-0.0319,0.0607,10.19,-35.94,0.81,111.62,-81.24,176.75
52.380745,-1.521314,132.86,14.22,6,295.2,19 / 21,3523510,2019-09-06 20:18:49:253,1.214,0.9166,9.8272,0.01,0.0002,9.8066,-0.0805,0.078,-0.1113,9.5,-35.37,0,115.79,-81.3,177.3
52.380745,-1.521314,132.86,14.22,6,295.2,19 / 21,3523610,2019-09-06 20:18:49:353,0.893,-0.4582,10.2961,0.0039,-0.0135,9.8066,0.1081,-0.0176,0.116,9.31,-35.37,-0.06,118.35,-81.26,176.96
52.380745,-1.521314,132.86,14.22,6,295.2,19 / 21,3523710,2019-09-06 20:18:49:453,-0.2878,-0.1092,8.905,0.0025,0.0082,9.8066,-0.1474,-0.0397,-0.0435,9.44,-35.5,0.63,113.56,-81.26,177.2
52.380745,-1.521314,132.86,14.22,6,295.2,19 / 21,3523810,2019-09-06 20:18:49:553,0.8967,-0.0565,9.7134,-0.0071,0.0031,9.8066,-0.1541,-0.0248,-0.0293,9.69,-36.19,0.56,111.69,-81.36,177.32
52.380745,-1.521314,132.86,14.22,6,295.2,19 / 21,3523910,2019-09-06 20:18:49:653,1.0991,-0.2536,9.8073,-0.0208,0.0024,9.8066,0.0727,0.0058,-0.0151,9.19,-35.25,0.19,117.73,-81.41,176.76
52.380745,-1.521314,132.86,14.22,6,295.2,19 / 21,3524009,2019-09-06 20:18:49:752,0.1129,0.2765,10.4476,0.0076,-0.0052,9.8066,0.0741,-0.0209,-0.0286,8.94,-35.25,0.5,112.18,-81.43,176.15
52.380745,-1.521314,132.86,14.22,6,295.2,19 / 21,3524110,2019-09-06 20:18:49:853,0.0815,-0.4376,10.3429,-0.0001,-0.0051,9.8066,0.0738,-0.0186,0.0731,9.69,-35.25,0.69,110.37,-81.23,176.11
52.380745,-1.521314,132.86,14.22,6,295.2,19 / 21,3524209,2019-09-06 20:18:49:952,-0.0962,0.4825,9.7805,-0.004,0.014,9.8066,0.0043,-0.0151,0.032,9.06,-35.31,0.13,118.17,-81.15,176.3
52.380745,-1.521314,132.86,14.22,6,295.2,19 / 21,3524310,2019-09-06 20:18:50:053,0.3489,0.2808,10.0626,-0.0001,0.0053,9.8066,0.076,-0.0226,-0.0015,9.06,-35.31,0.19,118.55,-81.2,177
52.381374,-1.523098,134.96,15.79,6,303.95,19 / 21,3524410,2019-09-06 20:18:50:153,0.3892,-0.2528,10.4952,-0.0069,0.0042,9.8066,0.0478,-0.0017,-0.0309,9.13,-35.62,0.63,114.09,-81.25,176.81
52.381374,-1.523098,134.96,15.79,6,303.95,19 / 21,3524509,2019-09-06 20:18:50:252,-0.7674,-0.9541,10.1498,-0.021,0.0093,9.8065,-0.1217,-0.0295,0.1547,9.06,-35.44,0.19,118.31,-81.2,176.67
52.381374,-1.523098,134.96,15.79,6,303.95,19 / 21,3524609,2019-09-06 20:18:50:352,2.0233,-0.3195,9.1509,0.0023,0.0235,9.8065,-0.2254,-0.0153,-0.1034,9.25,-35.87,0,119.42,-81.18,177.09
52.381374,-1.523098,134.96,15.79,6,303.95,19 / 21,3524710,2019-09-06 20:18:50:453,0.2719,-2.3989,9.8063,0.0249,-0.0325,9.8065,0.2874,-0.1166,0.1615,8.56,-35.37,0.06,119.72,-81.06,178.03
52.381374,-1.523098,134.96,15.79,6,303.95,19 / 21,3524809,2019-09-06 20:18:50:552,0.3844,0.0915,8.9752,0.0246,0.0015,9.8066,0.0256,0.0213,0.0008,9.38,-35.62,0.31,120.26,-81.19,178.31
52.381374,-1.523098,134.96,15.79,6,303.95,19 / 21,3524909,2019-09-06 20:18:50:652,-0.9356,0.5012,9.8704,0.0477,-0.0161,9.8065,-0.0104,-0.0574,-0.0167,9.75,-35.87,-0.12,117.48,-81.31,178.62
52.381374,-1.523098,134.96,15.79,6,303.95,19 / 21,3525010,2019-09-06 20:18:50:753,-0.8797,0.3464,9.4049,-0.009,-0.0013,9.8066,0.0708,-0.0057,-0.0473,8.88,-35.62,0.38,120.12,-81.35,178.76
52.381374,-1.523098,134.96,15.79,6,303.95,19 / 21,3525109,2019-09-06 20:18:50:852,0.4838,0.3526,10.2153,-0.0219,-0.005,9.8065,-0.0192,-0.0032,-0.0024,9.44,-35.81,0,119.31,-81.42,177.93
52.381374,-1.523098,134.96,15.79,6,303.95,19 / 21,3525209,2019-09-06 20:18:50:952,0.1022,-0.6495,10.646,0.0012,-0.0062,9.8066,0.0285,0.046,-0.0374,8.94,-35.62,-0.19,119.38,-81.36,177.76
52.381374,-1.523098,134.96,15.79,6,303.95,19 / 21,3525309,2019-09-06 20:18:51:052,0.5148,-0.3863,10.2455,0.0047,-0.0062,9.8066,-0.0422,-0.032,0.0678,8.75,-35.62,0.31,119.4,-81.22,177.24
52.381374,-1.523098,134.96,15.79,6,303.95,20 / 22,3525409,2019-09-06 20:18:51:152,-0.3417,-0.9114,9.6242,-0.0053,0.0151,9.8065,0.0001,-0.0405,0.0798,9.06,-35.94,-0.19,120.47,-81.14,178.36
52.381374,-1.523098,134.96,15.79,6,303.95,20 / 22,3525510,2019-09-06 20:18:51:253,0.8449,-0.1078,9.7624,0.0019,0.0015,9.8066,0.0479,-0.023,0.0161,9.75,-35.56,0,117.55,-81.26,178.51
52.381374,-1.523098,134.96,15.79,6,303.95,20 / 22,3525610,2019-09-06 20:18:51:353,0.9868,0.0027,10.1533,-0.0231,0.0122,9.8065,0.0048,-0.0021,-0.0817,8.81,-35.37,-0.31,119.36,-81.25,178.29
52.381374,-1.523098,134.96,15.79,6,303.95,20 / 22,3525709,2019-09-06 20:18:51:452,0.4475,-0.3264,9.5446,-0.0174,0.0068,9.8066,0.0329,-0.0414,-0.0365,9,-36.06,0,119.68,-81.28,177.84
52.381374,-1.523098,134.96,15.79,6,303.95,20 / 22,3525810,2019-09-06 20:18:51:553,-0.0363,0.2275,9.3908,0.0098,-0.009,9.8066,0.0278,-0.045,0.0127,9.81,-36,0.13,117.12,-81.23,177.85
52.381374,-1.523098,134.96,15.79,6,303.95,20 / 22,3525909,2019-09-06 20:18:51:652,-1.0185,1.13,11.2814,0.056,-0.0449,9.8063,0.2229,-0.0702,0.0308,9.69,-35.75,0.06,115.08,-81.68,176.9
52.381374,-1.523098,134.96,15.79,6,303.95,20 / 22,3526010,2019-09-06 20:18:51:753,3.9244,-0.1748,10.1886,-0.1128,0.0595,9.8058,-0.2286,0.0184,-0.0593,9.38,-35.56,0.19,119.7,-81.1,177.13
52.381374,-1.523098,134.96,15.79,6,303.95,20 / 22,3526110,2019-09-06 20:18:51:853,0.908,0.7874,10.2515,-0.1527,0.034,9.8053,-0.3683,0.0895,-0.1771,9.31,-36,0.38,119.59,-80.77,175.61
52.381374,-1.523098,134.96,15.79,6,303.95,20 / 22,3526210,2019-09-06 20:18:51:953,0.3972,-0.8274,9.5013,0.0258,-0.0078,9.8066,0.2679,-0.0416,0.0817,8.69,-35.75,0,119.44,-80.95,176.18
52.381374,-1.523098,134.96,15.79,6,303.95,20 / 22,3526310,2019-09-06 20:18:52:053,0.5841,0.0575,9.4929,0.0026,-0.0052,9.8066,-0.016,-0.0283,-0.0136,8.81,-35.5,1.13,113.68,-80.95,176.05
52.381374,-1.523098,134.96,15.79,6,303.95,20 / 21,3526409,2019-09-06 20:18:52:152,2.807,-0.8289,9.3289,0.08,-0.0321,9.8062,0.3774,0.0854,-0.0008,9.06,-34.81,0.56,112.61,-81.12,175.39
52.381374,-1.523098,134.96,15.79,6,303.95,20 / 21,3526509,2019-09-06 20:18:52:252,-1.7263,1.2533,10.7023,0.1625,-0.0652,9.805,0.4393,0.0283,-0.0632,8.44,-34.56,0,119.32,-81.88,176.68
52.381374,-1.523098,134.96,15.79,6,303.95,20 / 21,3526610,2019-09-06 20:18:52:353,-2.8672,-0.4431,10.8942,-0.1086,0.0772,9.8056,-0.4055,-0.1516,0.3217,8.44,-34.19,-0.31,122.09,-81.05,178.01
52.381374,-1.523098,134.96,15.79,6,303.95,20 / 21,3526710,2019-09-06 20:18:52:453,-0.0886,-0.1294,10.6015,-0.0775,0.0201,9.8063,-0.2895,0.017,-0.1032,8.31,-33.87,-0.5,122.17,-81,177.89
52.381374,-1.523098,134.96,15.79,6,303.95,20 / 21,3526810,2019-09-06 20:18:52:553,0.1886,0.5625,9.1192,-0.0214,0.0308,9.8065,0.0266,-0.0529,0.029,8.31,-34.44,-0.81,127.76,-80.7,178.09
52.381374,-1.523098,134.96,15.79,6,303.95,20 / 21,3526910,2019-09-06 20:18:52:653,0.2203,-0.2213,9.0185,0.0535,-0.0471,9.8063,-0.0879,0.0119,0.0468,8.19,-34.75,-0.87,128.15,-80.82,178.07
52.381374,-1.523098,134.96,15.79,6,303.95,20 / 21,3527010,2019-09-06 20:18:52:753,0.6292,-0.3162,8.798,0.0459,-0.0214,9.8065,0.0358,-0.0064,0.0061,8.63,-35.62,-1.06,124.37,-81.2,177.94
52.381374,-1.523098,134.96,15.79,6,303.95,20 / 21,3527109,2019-09-06 20:18:52:852,0.2226,0.4265,10.1161,0.0187,0.0018,9.8065,0.1301,-0.0518,0.0362,9,-35.69,-0.94,124.14,-81.59,179.07
52.381374,-1.523098,134.96,15.79,6,303.95,20 / 21,3527210,2019-09-06 20:18:52:953,0.7478,0.5792,10.5547,-0.0082,0.0026,9.8066,0.0758,0.0093,-0.0292,9.19,-35.75,-0.75,124.51,-81.43,178.99
52.381374,-1.523098,134.96,15.79,6,303.95,20 / 21,3527310,2019-09-06 20:18:53:053,0.137,-0.2866,10.2835,-0.0018,-0.001,9.8066,0.1486,0.0093,-0.0571,10.31,-35.81,-0.94,122.31,-81.16,178.92
52.381374,-1.523098,134.96,15.79,6,303.95,20 / 21,3527409,2019-09-06 20:18:53:152,0.2572,0.5361,9.9376,0.0046,-0.0005,9.8066,-0.1396,-0.0883,0.0685,10.19,-35.81,-0.06,118.16,-81.08,178.66
52.381374,-1.523098,134.96,15.79,6,303.95,20 / 21,3527510,2019-09-06 20:18:53:253,-0.3007,-1.2013,9.7799,0.0235,-0.0302,9.8065,-0.1282,0.03,-0.1112,9.63,-36.12,0.06,117,-81.37,178.21
52.381374,-1.523098,134.96,15.79,6,303.95,20 / 21,3527610,2019-09-06 20:18:53:353,0.3953,-0.7311,9.9588,-0.0104,0.0093,9.8066,0.0762,-0.0686,0.0778,9.13,-35.31,-0.12,118.09,-81.55,177.78
52.381374,-1.523098,134.96,15.79,6,303.95,20 / 21,3527709,2019-09-06 20:18:53:452,0.2629,-0.3236,9.0883,-0.0332,0.0028,9.8065,-0.0845,-0.0201,-0.0432,8.88,-36.12,-0.25,119.07,-81.33,177.25
52.381374,-1.523098,134.96,15.79,6,303.95,20 / 21,3527809,2019-09-06 20:18:53:552,-0.2281,-0.5839,9.4855,0.0119,0.0115,9.8065,0.1408,-0.0417,0.0511,8.88,-36.62,0.06,120.6,-81.23,177.94
52.381374,-1.523098,134.96,15.79,6,303.95,20 / 21,3527909,2019-09-06 20:18:53:652,-0.6036,-0.0027,9.9584,0.0243,-0.0043,9.8065,0.1581,-0.052,0.0014,8.88,-36.37,-0.25,120.43,-81.19,178.53
52.381374,-1.523098,134.96,15.79,6,303.95,20 / 21,3528009,2019-09-06 20:18:53:752,-0.281,0.623,9.4068,0.0081,-0.0022,9.8066,-0.1891,0.0189,0.0052,9.25,-36.12,-0.37,120.46,-81.24,178.79
52.381374,-1.523098,134.96,15.79,6,303.95,20 / 21,3528109,2019-09-06 20:18:53:852,-0.0357,0.3259,9.7333,-0.003,0.0052,9.8065,-0.0507,-0.0519,0.0435,9.44,-36.5,-0.25,120.24,-81.36,178.97
52.381374,-1.523098,134.96,15.79,6,303.95,20 / 21,3528210,2019-09-06 20:18:53:953,0.2303,-0.1078,9.3527,-0.0022,-0.0152,9.8065,0.0495,0.0878,-0.1077,9.19,-35.81,-0.81,124,-81.47,178.46
52.381374,-1.523098,134.96,15.79,6,303.95,20 / 21,3528310,2019-09-06 20:18:54:053,0.8508,-0.2083,9.7092,-0.0269,0.0192,9.8066,-0.0997,-0.0437,0.0679,8.88,-35.81,-0.5,119.88,-81.29,178.16
52.381374,-1.523098,134.96,15.79,6,303.95,20 / 22,3528410,2019-09-06 20:18:54:153,-0.3385,0.6577,10.278,0.0353,-0.0329,9.8065,0.0452,-0.0533,-0.006,8.13,-36.06,-0.94,126.5,-81.48,177.27
52.381374,-1.523098,134.96,15.79,6,303.95,20 / 22,3528509,2019-09-06 20:18:54:252,-0.6823,0.6395,10.2926,0.0341,-0.0275,9.8065,0.0816,0.0591,-0.1245,8.88,-36.19,-0.06,118.37,-81.45,176.77
52.381374,-1.523098,134.96,15.79,6,303.95,20 / 22,3528610,2019-09-06 20:18:54:353,0.714,-0.237,10.2003,-0.0155,0.0209,9.8065,-0.0594,-0.0537,0.0619,8.88,-36.37,-0.75,124.16,-81.24,177.78
52.381374,-1.523098,134.96,15.79,6,303.95,20 / 22,3528709,2019-09-06 20:18:54:452,0.0709,0.1427,9.9276,-0.0016,0.0004,9.8066,-0.0943,-0.005,-0.0339,9.06,-36.5,-0.62,124.08,-81.34,178.05
52.381374,-1.523098,134.96,15.79,6,303.95,20 / 22,3528810,2019-09-06 20:18:54:553,0.6453,0.2202,9.8589,-0.0005,0.0066,9.8066,0.0124,0.0161,-0.0087,8.56,-36.75,-0.69,124.88,-81.42,178.57
52.381374,-1.523098,134.96,15.79,6,303.95,20 / 22,3528909,2019-09-06 20:18:54:652,0.9717,0.2716,10.1088,0.003,0.0019,9.8066,-0.0304,-0.046,0.0582,8.56,-36.19,-0.5,120.09,-81.41,178.94
52.381374,-1.523098,134.96,15.79,6,303.95,20 / 22,3529009,2019-09-06 20:18:54:752,0.9555,-0.5852,10.3157,-0.0011,-0.0045,9.8066,0.117,-0.047,0.0022,9.13,-36.06,-0.87,124.24,-81.37,178.4
52.381374,-1.523098,134.96,15.79,6,303.95,20 / 22,3529110,2019-09-06 20:18:54:853,-0.3273,-0.3512,9.2354,0.0014,-0.0115,9.8066,-0.0165,0.0176,-0.0725,8.56,-35.94,-0.94,124.13,-81.34,178.12
52.381374,-1.523098,134.96,15.79,6,303.95,20 / 22,3529210,2019-09-06 20:18:54:953,-0.3174,-0.3332,9.6492,0.0195,-0.0093,9.8065,0.0612,-0.0392,0.0581,8.88,-36.62,-0.69,124.48,-81.45,178.14
52.381374,-1.523098,134.96,15.79,6,303.95,20 / 22,3529310,2019-09-06 20:18:55:053,-0.3594,0.2563,9.9828,-0.0232,0.0089,9.8066,0.0254,-0.0032,-0.0478,8.19,-36.06,-0.5,121.68,-81.56,177.46
52.381374,-1.523098,134.96,15.79,6,303.95,21 / 22,3529410,2019-09-06 20:18:55:153,-0.0691,0.1812,9.9708,-0.0095,0.0036,9.8066,-0.0779,0.005,-0.0397,8.5,-35.94,-1.06,122.97,-81.49,177.09
52.381374,-1.523098,134.96,15.79,6,303.95,21 / 22,3529509,2019-09-06 20:18:55:252,0.5946,0.0261,9.9525,0.0089,-0.0003,9.8066,-0.0344,-0.047,0.0605,8.06,-35.37,-1.25,125.72,-81.49,177.21
52.381374,-1.523098,134.96,15.79,6,303.95,21 / 22,3529614,2019-09-06 20:18:55:357,0.3884,0.0779,10.0898,0.0042,-0.004,9.8066,0.0348,-0.0139,-0.0054,7.75,-35.56,-1.69,130.58,-81.52,177.37
52.381374,-1.523098,134.96,15.79,6,303.95,21 / 22,3529709,2019-09-06 20:18:55:452,-0.1445,-0.2963,9.961,0.007,-0.0044,9.8066,-0.0069,-0.07,0.0145,7.63,-35.12,-1.69,130.21,-81.47,177.55
52.381374,-1.523098,134.96,15.79,6,303.95,21 / 22,3529810,2019-09-06 20:18:55:553,0.3207,0.3613,9.7974,0.0035,0.0064,9.8066,-0.0343,-0.053,0.0501,6.63,-35,-1.62,134.44,-81.46,177.98
52.381374,-1.523098,134.96,15.79,6,303.95,21 / 22,3529910,2019-09-06 20:18:55:653,0.2954,0.5285,7.7738,-0.0181,0.0158,9.8066,-0.3456,-0.1012,0.0876,6.5,-34.56,-0.87,130.87,-81.37,178.66
52.381374,-1.523098,134.96,15.79,6,303.95,21 / 22,3530010,2019-09-06 20:18:55:753,2.1624,-1.1379,9.7053,0.0228,-0.0073,9.8066,0.3706,0.0583,0.0472,7.56,-35.25,-0.44,121.93,-81.59,179.04
52.381374,-1.523098,134.96,15.79,6,303.95,21 / 22,3530110,2019-09-06 20:18:55:853,1.0573,1.1141,13.1516,-0.0524,0.0452,9.8063,0.3696,-0.0733,0.0274,7.88,-35.62,-0.62,126.69,-81.72,178.56
52.381374,-1.523098,134.96,15.79,6,303.95,21 / 22,3530210,2019-09-06 20:18:55:953,-1.1772,-0.7599,10.77,0.0092,0.0063,9.8066,0.2935,-0.137,-0.0219,7.69,-36.25,-0.75,128.03,-81.26,178.67
52.381374,-1.523098,134.96,15.79,6,303.95,21 / 22,3530310,2019-09-06 20:18:56:053,-1.3595,0.6492,9.7147,0.0873,-0.0537,9.8061,0.2016,-0.025,0.0426,8.13,-36.44,-0.62,128.48,-81.22,179.19
52.381374,-1.523098,134.96,15.79,6,303.95,19 / 22,3530409,2019-09-06 20:18:56:152,-0.3811,-1.0874,9.6787,-0.0341,0.0234,9.8065,-0.438,0.0085,-0.0419,8.06,-36.75,-0.81,129.92,-81.53,-178.36
52.381374,-1.523098,134.96,15.79,6,303.95,19 / 22,3530510,2019-09-06 20:18:56:253,0.4702,-0.3932,9.6062,-0.0122,-0.0066,9.8066,-0.2029,-0.0235,-0.1045,8.38,-36.56,-0.81,128.25,-81.74,-179.98
52.381374,-1.523098,134.96,15.79,6,303.95,19 / 22,3530609,2019-09-06 20:18:56:352,-0.1966,-0.1129,9.5133,-0.044,0.0264,9.8064,0.096,-0.0056,0.049,8.25,-36.19,-1.12,128.3,-81.46,179.89
52.381374,-1.523098,134.96,15.79,6,303.95,19 / 22,3530710,2019-09-06 20:18:56:453,-0.4303,0.4025,9.7642,-0.0517,0.0308,9.8064,-0.0197,-0.0208,0.0079,7.88,-36.81,-0.69,129.24,-81.22,179.31
52.381374,-1.523098,134.96,15.79,6,303.95,19 / 22,3530809,2019-09-06 20:18:56:552,0.5566,0.4342,10.1471,0.0096,-0.0037,9.8066,0.0567,0.0399,-0.0515,8,-36.37,-1.12,128.48,-81.19,179.04
52.381374,-1.523098,134.96,15.79,6,303.95,19 / 22,3530910,2019-09-06 20:18:56:653,-0.0362,-0.1975,9.6423,0.0017,-0.0001,9.8066,0.025,-0.0401,0.0485,8.44,-36.56,-1.12,128.91,-81.31,179.2
52.381374,-1.523098,134.96,15.79,6,303.95,19 / 22,3531010,2019-09-06 20:18:56:753,-0.0418,0.9588,9.7488,0.0064,-0.009,9.8066,-0.0882,0.048,-0.0229,8.31,-36.37,-1.31,127.88,-81.4,179.03
52.381374,-1.523098,134.96,15.79,6,303.95,19 / 22,3531110,2019-09-06 20:18:56:853,-0.3743,-0.5853,9.7663,-0.0001,0.0039,9.8066,0.0117,-0.0257,-0.0114,8.19,-36.25,-1,127.56,-81.5,178.97
52.381374,-1.523098,134.96,15.79,6,303.95,19 / 22,3531210,2019-09-06 20:18:56:953,-0.9743,-1.1149,9.7434,-0.0124,0.011,9.8066,0.0468,-0.0849,0.0979,8.31,-36.37,-1,127.37,-81.38,178.19
52.381374,-1.523098,134.96,15.79,6,303.95,19 / 22,3531310,2019-09-06 20:18:57:053,-0.42,0.3017,9.9612,-0.0093,-0.0077,9.8066,0.046,-0.0026,0.001,8.19,-36.69,-0.69,128.15,-81.33,178.12
52.381374,-1.523098,134.96,15.79,6,303.95,19 / 20,3531409,2019-09-06 20:18:57:152,-1.8989,-0.1263,9.6303,-0.0161,0.0158,9.8065,-0.1851,-0.1238,0.0463,8.38,-36.44,-1.25,127.28,-81.39,178.06
52.381374,-1.523098,134.96,15.79,6,303.95,19 / 20,3531510,2019-09-06 20:18:57:253,-0.0681,-0.6775,9.3847,-0.0397,0.0172,9.8065,-0.142,-0.017,-0.037,7.88,-36.06,-1,127.58,-81.23,177.85
52.381374,-1.523098,134.96,15.79,6,303.95,19 / 20,3531609,2019-09-06 20:18:57:352,-0.7442,-0.4744,9.7555,0.0354,-0.0199,9.8065,0.1078,-0.0021,0.0058,7.81,-36.5,-1.12,127.18,-81.48,178.32
52.381374,-1.523098,134.96,15.79,6,303.95,19 / 20,3531710,2019-09-06 20:18:57:453,-0.535,-0.5186,10.446,-0.0159,0.0129,9.8066,0.1088,0.021,-0.0485,8,-36.25,-2.25,130.97,-81.44,177.65
52.381374,-1.523098,134.96,15.79,6,303.95,19 / 20,3531809,2019-09-06 20:18:57:552,-0.4821,0.8622,10.0365,-0.0066,0.0128,9.8066,-0.0834,-0.0352,0.0207,7.75,-36.19,-1.62,131.75,-81.29,178.26
52.381374,-1.523098,134.96,15.79,6,303.95,19 / 20,3531910,2019-09-06 20:18:57:653,0.2661,0.0523,10.411,-0.0021,0.0001,9.8066,-0.0109,0.026,-0.0095,7.88,-36.31,-1.81,131.71,-81.3,178.24
52.381374,-1.523098,134.96,15.79,6,303.95,19 / 20,3532009,2019-09-06 20:18:57:752,-0.4905,-2.0718,9.7713,-0.0329,0.0403,9.8065,-0.0153,-0.1317,0.1357,7.69,-37.06,-1.94,132.45,-81.41,178.89
52.381374,-1.523098,134.96,15.79,6,303.95,19 / 20,3532109,2019-09-06 20:18:57:852,-0.2379,-0.9815,8.4622,-0.0408,0.0214,9.8065,-0.2701,0.1266,-0.1347,7.25,-36.12,-2.12,136.08,-81.18,178.55
52.381374,-1.523098,134.96,15.79,6,303.95,19 / 20,3532210,2019-09-06 20:18:57:953,-0.0499,-1.6518,10.2678,0.047,-0.0305,9.8064,0.3343,-0.108,0.0748,7.25,-36.44,-1.94,136.22,-81.44,179.8
52.381374,-1.523098,134.96,15.79,6,303.95,19 / 20,3532309,2019-09-06 20:18:58:052,0.9882,-0.749,11.0702,0.0096,-0.0356,9.8065,0.2119,0.0036,-0.1056,6.13,-35.81,-1.19,136.02,-81.38,178.62
52.381374,-1.523098,134.96,15.79,6,303.95,19 / 22,3532410,2019-09-06 20:18:58:153,-0.7693,0.8734,10.9158,0.019,-0.012,9.8066,-0.1452,-0.0495,0.1155,6.75,-36.37,0,127.63,-81.33,179.75
52.381374,-1.523098,134.96,15.79,6,303.95,19 / 22,3532510,2019-09-06 20:18:58:253,0.8636,-1.0069,9.5122,-0.0488,0.0212,9.8065,-0.1159,-0.0355,-0.1665,7.25,-36,-0.44,126.64,-81.47,178.9
52.381374,-1.523098,134.96,15.79,6,303.95,19 / 22,3532610,2019-09-06 20:18:58:353,0.5262,-1.4826,9.7437,-0.0613,0.0626,9.8062,-0.0901,-0.0429,0.0748,7.75,-35.81,-1,127.01,-81.64,178.71
52.381374,-1.523098,134.96,15.79,6,303.95,19 / 22,3532710,2019-09-06 20:18:58:453,0.6503,-0.6599,9.9112,-0.0608,0.0482,9.8063,-0.0727,-0.0085,0.031,7.31,-36.25,-1.31,132.37,-81.2,179.19
52.381374,-1.523098,134.96,15.79,6,303.95,19 / 22,3532809,2019-09-06 20:18:58:552,0.2215,0.1739,9.5217,0.0247,-0.0153,9.8065,0.1156,-0.0443,0.0184,7.25,-36.31,-0.81,131.93,-81.38,179.29
52.381374,-1.523098,134.96,15.79,6,303.95,19 / 22,3532909,2019-09-06 20:18:58:652,-1.1557,0.367,9.7111,0.019,-0.0168,9.8066,0.1023,0.0036,-0.0208,7.31,-36.19,-1.69,136.23,-81.34,179.43
52.381374,-1.523098,134.96,15.79,6,303.95,19 / 22,3533009,2019-09-06 20:18:58:752,0.676,-0.7141,10.0135,0.0037,-0.0161,9.8066,0.0151,-0.0106,-0.0467,7.25,-36.25,-1.69,135.51,-81.49,178.87
52.381374,-1.523098,134.96,15.79,6,303.95,19 / 22,3533110,2019-09-06 20:18:58:853,-0.7984,0.0929,9.8561,-0.0601,0.046,9.8063,0.1024,0.0221,-0.0484,6.94,-36.44,-1.69,134.61,-81.67,178.1
52.381374,-1.523098,134.96,15.79,6,303.95,19 / 22,3533209,2019-09-06 20:18:58:952,-1.0985,-0.8592,9.7594,-0.0717,0.0575,9.8062,-0.1078,-0.0461,0.0996,7.81,-36.94,-1.25,126.67,-81.68,177.4
52.381374,-1.523098,134.96,15.79,6,303.95,19 / 22,3533309,2019-09-06 20:18:59:052,-0.9306,0.1024,9.7868,-0.0503,0.0314,9.8064,-0.164,-0.1347,-0.0228,7.5,-36.62,-1.44,128.05,-81.16,177.23
52.382183,-1.524742,137.49,16.17,6,312.45,19 / 20,3533409,2019-09-06 20:18:59:152,-0.3399,0.0907,10.2608,-0.0323,0.0191,9.8065,0.0867,-0.1204,0.0532,7.81,-36.19,-1.06,126.87,-81.24,176.84
52.382183,-1.524742,137.49,16.17,6,312.45,19 / 20,3533510,2019-09-06 20:18:59:253,-0.9975,-0.7288,9.6127,0.0171,0.0094,9.8066,-0.0781,0.0972,-0.0522,7.75,-36.25,-1.94,131.36,-81.46,178.32
52.382183,-1.524742,137.49,16.17,6,312.45,19 / 20,3533609,2019-09-06 20:18:59:352,0.602,-0.3846,9.8313,-0.027,0.0159,9.8066,0.1298,0.0385,0.0811,7.38,-36.25,-1.25,131.13,-81.43,178.21
52.382183,-1.524742,137.49,16.17,6,312.45,19 / 20,3533710,2019-09-06 20:18:59:453,-0.6829,-0.3387,9.9294,0.0395,-0.0155,9.8065,0.1035,-0.0538,0.0049,7,-36,-1.12,131.65,-81.4,178.91
52.382183,-1.524742,137.49,16.17,6,312.45,19 / 20,3533810,2019-09-06 20:18:59:553,1.2166,-1.2667,9.7642,0.0199,-0.0134,9.8066,-0.0194,0.016,-0.0352,7.38,-36.19,-1.87,136.44,-81.52,-179.55
52.382183,-1.524742,137.49,16.17,6,312.45,19 / 20,3533910,2019-09-06 20:18:59:653,-0.2662,-0.0529,10.671,-0.0232,0.0322,9.8065,0.0456,0.1104,0.0102,7.06,-36.44,-1.87,136.85,-81.29,-179.73
52.382183,-1.524742,137.49,16.17,6,312.45,19 / 20,3534010,2019-09-06 20:18:59:753,0.4153,-1.1027,10.3213,-0.0255,0.0137,9.8066,-0.0402,-0.073,-0.0385,7,-36.62,-1.25,133.25,-81.24,179.74
52.382183,-1.524742,137.49,16.17,6,312.45,19 / 20,3534110,2019-09-06 20:18:59:853,0.4301,-0.0006,9.7097,0.0131,-0.0184,9.8066,0.0507,-0.0212,-0.0287,7.56,-35.87,-1.69,131.99,-81.43,179.16
52.382183,-1.524742,137.49,16.17,6,312.45,19 / 20,3534210,2019-09-06 20:18:59:953,0.0267,-1.5864,9.4836,0.0039,-0.0102,9.8066,0.1075,-0.0821,0.1168,7.63,-36.62,-2,132.17,-81.42,178.52
52.382183,-1.524742,137.49,16.17,6,312.45,19 / 20,3534309,2019-09-06 20:19:00:052,-0.3478,0.014,9.7666,0.0129,0.008,9.8066,0.0809,-0.0148,-0.046,7.56,-36.62,-1.94,131.85,-81.46,178.17
52.382183,-1.524742,137.49,16.17,6,312.45,19 / 20,3534410,2019-09-06 20:19:00:153,-0.0113,-0.0539,9.7727,-0.0031,-0.0063,9.8065,0.0071,-0.0351,0.1022,7.38,-36.44,-2.31,135.43,-81.52,178.84
52.382183,-1.524742,137.49,16.17,6,312.45,19 / 20,3534509,2019-09-06 20:19:00:252,0.0282,-0.1382,9.7072,-0.0178,0.0314,9.8065,-0.1056,-0.0302,0.0177,6.88,-36.37,-2.25,135.93,-81.4,179.16
52.382183,-1.524742,137.49,16.17,6,312.45,19 / 20,3534610,2019-09-06 20:19:00:353,-0.2793,-1.4538,9.713,-0.025,0.0258,9.8065,0.1634,-0.0486,0.0678,6.25,-36.06,-2.94,144.04,-81.42,179.6
52.382183,-1.524742,137.49,16.17,6,312.45,19 / 20,3534710,2019-09-06 20:19:00:453,-0.8825,-0.3551,9.5426,0.0209,-0.0172,9.8066,0.0085,0.0462,-0.0371,6.44,-36,-2.44,140.47,-81.44,179.55
52.382183,-1.524742,137.49,16.17,6,312.45,19 / 20,3534809,2019-09-06 20:19:00:552,-0.1301,0.8124,10.5888,0.0092,-0.0144,9.8066,-0.0009,0.0103,0.0039,5.38,-35.37,-1.87,144.93,-81.54,179.94
52.382183,-1.524742,137.49,16.17,6,312.45,19 / 20,3534910,2019-09-06 20:19:00:653,-0.0908,0.5627,10.7825,-0.0198,0.042,9.8065,0.1238,0.0581,-0.0903,6.25,-35.75,-1.12,136.92,-81.36,-179.82
52.382183,-1.524742,137.49,16.17,6,312.45,19 / 20,3535010,2019-09-06 20:19:00:753,-0.2781,-1.1017,8.8754,-0.0172,0.0122,9.8066,-0.1963,-0.1072,0.1031,6.88,-36.81,-1,132.97,-81.43,-179.85
52.382183,-1.524742,137.49,16.17,6,312.45,19 / 20,3535110,2019-09-06 20:19:00:853,2.3279,-1.0141,8.8539,-0.0021,0.0122,9.8066,-0.2631,-0.0511,0.0544,6.56,-36.81,-2.06,137.65,-81.43,-178.84
52.382183,-1.524742,137.49,16.17,6,312.45,19 / 20,3535209,2019-09-06 20:19:00:952,0.8674,0.0237,9.1783,-0.0159,0.0331,9.8065,0.1789,0.0038,-0.0503,6.63,-36.19,-1.94,137.47,-81.42,-178.25
52.382183,-1.524742,137.49,16.17,6,312.45,19 / 20,3535310,2019-09-06 20:19:01:053,0.5512,-0.7828,8.9219,0.0377,-0.0336,9.8065,0.1133,-0.0057,0.0124,6.81,-36.12,-2.5,137.98,-81.44,-177.33
52.382183,-1.524742,137.49,16.17,6,312.45,20 / 22,3535410,2019-09-06 20:19:01:153,-0.1705,0.1927,10.4511,0.0099,-0.0064,9.8066,0.0801,-0.0634,-0.0285,6.5,-36.19,-1.75,137.93,-81.67,-176.54
52.382183,-1.524742,137.49,16.17,6,312.45,20 / 22,3535510,2019-09-06 20:19:01:253,-0.9632,-0.0811,10.3236,0.007,-0.0162,9.8065,0.1199,-0.0937,0.0437,6.25,-36.62,-2.31,142.56,-81.68,-176.69
52.382183,-1.524742,137.49,16.17,6,312.45,20 / 22,3535610,2019-09-06 20:19:01:353,1.1863,1.4775,9.8987,-0.02,0.0242,9.8066,-0.115,0.0325,0.0626,6.38,-37.19,-2,143.11,-81.6,-176.03
52.382183,-1.524742,137.49,16.17,6,312.45,20 / 22,3535709,2019-09-06 20:19:01:452,-0.3214,0.7188,9.8308,0.0055,0.0286,9.8066,-0.1172,0.1105,-0.1736,6.13,-36.56,-2.56,147.17,-81.46,-175.55
52.382183,-1.524742,137.49,16.17,6,312.45,20 / 22,3535809,2019-09-06 20:19:01:552,1.2761,0.4684,9.7919,-0.0183,-0.0011,9.8066,-0.0791,-0.0664,0.1584,6.19,-37,-2.75,147.12,-81.48,-175.59
52.382183,-1.524742,137.49,16.17,6,312.45,20 / 22,3535909,2019-09-06 20:19:01:652,0.4838,-1.1179,9.8602,0.0015,0.0228,9.8065,0.1447,-0.0418,0.0322,6.88,-36.31,-2.19,139.44,-81.5,-174.71
52.382183,-1.524742,137.49,16.17,6,312.45,20 / 22,3536009,2019-09-06 20:19:01:752,-0.1543,0.4328,10.2671,0.0031,0.0099,9.8066,0.1081,-0.0307,-0.0247,5.75,-36.62,-2.25,144.67,-81.45,-173.79
52.382183,-1.524742,137.49,16.17,6,312.45,20 / 22,3536109,2019-09-06 20:19:01:852,-1.3114,0.0407,9.2455,0.004,-0.0035,9.8066,-0.1021,-0.0507,0.1181,6.19,-37,-2.75,148.46,-81.44,-173.34
52.382183,-1.524742,137.49,16.17,6,312.45,20 / 22,3536209,2019-09-06 20:19:01:952,0.0132,-1.2361,9.2468,0.0219,-0.0122,9.8066,-0.0616,-0.0352,0.0468,5.69,-36.5,-1.87,144.8,-81.41,-172.8
52.382183,-1.524742,137.49,16.17,6,312.45,20 / 22,3536309,2019-09-06 20:19:02:052,-1.3907,0.3781,9.657,0.0213,-0.0111,9.8065,-0.0377,-0.0503,0.0009,6.25,-36.5,-2.31,145.08,-81.65,-171.42
52.382183,-1.524742,137.49,16.17,6,312.45,21 / 22,3536409,2019-09-06 20:19:02:152,-0.3098,-0.8777,9.4843,-0.0158,0.0341,9.8065,-0.0919,0.0136,-0.0758,5.75,-37.31,-2.44,146.36,-81.49,-170.57
52.382183,-1.524742,137.49,16.17,6,312.45,21 / 22,3536510,2019-09-06 20:19:02:253,-1.7133,-2.1698,9.9011,0.0289,-0.0363,9.8065,0.1747,-0.0789,0.2485,6.19,-36.94,-2.31,146.65,-81.29,-170.73
52.382183,-1.524742,137.49,16.17,6,312.45,21 / 22,3536609,2019-09-06 20:19:02:352,0.4135,-1.531,9.6283,0.0573,-0.0025,9.8065,0.0537,-0.0389,-0.1536,5.38,-37.25,-2.31,152.42,-81.37,-167.71
52.382183,-1.524742,137.49,16.17,6,312.45,21 / 22,3536709,2019-09-06 20:19:02:452,-0.0792,-0.0853,10.4289,0.031,-0.0486,9.8064,0.0946,-0.0772,0.2016,5,-36.12,-2.37,152.05,-81.43,-167.41
52.382183,-1.524742,137.49,16.17,6,312.45,21 / 22,3536809,2019-09-06 20:19:02:552,-0.5078,-0.4987,10.6063,0.0119,0.0114,9.8065,0.1112,0.0394,-0.0275,4.69,-36.12,-2.75,155.78,-81.4,-167.25
52.382183,-1.524742,137.49,16.17,6,312.45,21 / 22,3536909,2019-09-06 20:19:02:652,-1.0744,-0.7296,10.2204,-0.0032,-0.0058,9.8066,0.0016,-0.0166,0.104,4.19,-36.06,-2.75,160.89,-81.34,-166.59
52.382183,-1.524742,137.49,16.17,6,312.45,21 / 22,3537010,2019-09-06 20:19:02:753,-0.6064,-0.402,9.3605,-0.0033,0.0262,9.8066,-0.0624,0.0121,0.0085,3.56,-36.19,-1.75,158.04,-81.11,-166.06
52.382183,-1.524742,137.49,16.17,6,312.45,21 / 22,3537110,2019-09-06 20:19:02:853,-0.6902,-0.736,9.4779,-0.0086,0.0337,9.8065,0.0942,-0.0437,0.0221,4,-36.5,-1.12,154.64,-80.98,-165.1
52.382183,-1.524742,137.49,16.17,6,312.45,21 / 22,3537210,2019-09-06 20:19:02:953,0.9911,0.0264,9.8349,0.0339,-0.0362,9.8065,0.1112,0.0014,0.0608,4.38,-36.44,-1.75,159.11,-81.29,-163.04
52.382183,-1.524742,137.49,16.17,6,312.45,21 / 22,3537310,2019-09-06 20:19:03:053,0.5003,-1.8445,9.9425,0.0266,-0.0054,9.8066,-0.0351,0.0145,-0.0353,5.31,-36.56,-2.19,155.17,-81.31,-162.28
52.382183,-1.524742,137.49,16.17,6,312.45,20 / 21,3537409,2019-09-06 20:19:03:152,0.6142,-0.3705,10.4016,-0.047,0.0388,9.8064,-0.0985,-0.0123,0.0724,4.69,-36.69,-2.25,155.12,-81.43,-161.99
52.382183,-1.524742,137.49,16.17,6,312.45,20 / 21,3537510,2019-09-06 20:19:03:253,-0.2652,0.112,10.0264,0.0068,0.0068,9.8066,0.0076,0.0145,-0.0587,5.19,-37,-1.94,155.1,-81.13,-162.99
52.382183,-1.524742,137.49,16.17,6,312.45,20 / 21,3537610,2019-09-06 20:19:03:353,0.2997,-1.1029,9.6271,0.0019,-0.0168,9.8066,0.0023,0.0598,-0.0457,5.44,-36.94,-2.12,155.17,-81.07,-163.05
52.382183,-1.524742,137.49,16.17,6,312.45,20 / 21,3537710,2019-09-06 20:19:03:453,0.0603,0.314,9.5092,0.0144,0.0067,9.8065,-0.0628,0.0823,0.0239,4.94,-36.81,-1.31,151,-81.04,-163.35
52.382183,-1.524742,137.49,16.17,6,312.45,20 / 21,3537809,2019-09-06 20:19:03:552,-0.4457,-0.458,9.6799,0.0122,-0.0072,9.8066,0.0137,0.0393,0.0139,5.06,-36.44,-1.75,154.98,-81.1,-162.57
52.382183,-1.524742,137.49,16.17,6,312.45,20 / 21,3537910,2019-09-06 20:19:03:653,-0.7673,-0.814,9.4122,0.0176,-0.0162,9.8065,0.0072,-0.018,0.0095,4.75,-36.75,-2.06,155.43,-81.11,-162.36
52.382183,-1.524742,137.49,16.17,6,312.45,20 / 21,3538009,2019-09-06 20:19:03:752,-1.1412,-0.6578,8.7708,-0.0283,0.023,9.8065,-0.1469,0.0557,-0.0738,4.5,-37.06,-1.56,155.47,-81.13,-162.22
52.382183,-1.524742,137.49,16.17,6,312.45,20 / 21,3538110,2019-09-06 20:19:03:853,-0.3425,-0.3266,9.3456,-0.0507,0.0428,9.8064,0.0561,0.0446,0.0416,4.88,-36.81,-1.75,155.14,-80.93,-163.52
52.382183,-1.524742,137.49,16.17,6,312.45,20 / 21,3538210,2019-09-06 20:19:03:953,-0.2193,-1.2138,9.7258,0.0231,-0.0101,9.8066,-0.0466,-0.0573,-0.0585,4.69,-37.12,-2.06,154.74,-81.17,-163.58
52.382183,-1.524742,137.49,16.17,6,312.45,20 / 21,3538309,2019-09-06 20:19:04:052,-1.0103,-1.3555,9.5889,0.0221,-0.0349,9.8065,-0.0235,-0.0603,0.0335,5.13,-36.81,-1.56,154.57,-81.21,-163.83
52.382183,-1.524742,137.49,16.17,6,312.45,19 / 20,3538410,2019-09-06 20:19:04:153,-1.515,-0.1285,9.851,0.0181,0.0025,9.8066,0.0822,0.1378,-0.0356,5.31,-37.06,-1.62,154.54,-81.19,-163.96
52.382183,-1.524742,137.49,16.17,6,312.45,19 / 20,3538510,2019-09-06 20:19:04:253,-1.4408,-0.6799,10.0624,-0.0053,0.0319,9.8066,0.0415,-0.1195,-0.0008,5.19,-36.94,-1.87,154.24,-81.19,-164.59
52.382183,-1.524742,137.49,16.17,6,312.45,19 / 20,3538609,2019-09-06 20:19:04:352,-0.063,1.1266,10.4177,-0.0194,0.0107,9.8066,-0.0148,-0.0044,-0.1198,5.19,-36.87,-1.75,155.15,-81.08,-163.07
52.382183,-1.524742,137.49,16.17,6,312.45,19 / 20,3538710,2019-09-06 20:19:04:453,-1.0121,-0.6884,9.5925,-0.0014,-0.0113,9.8066,-0.0306,0.0325,0.073,5.06,-36.5,-2.69,157.71,-81.09,-164.31
52.382183,-1.524742,137.49,16.17,6,312.45,19 / 20,3538810,2019-09-06 20:19:04:553,-0.6298,-0.9669,9.4539,0.0003,-0.0015,9.8066,-0.0781,0.0242,-0.0172,4.81,-36.87,-2.37,154.78,-81.03,-163.98
52.382183,-1.524742,137.49,16.17,6,312.45,19 / 20,3538909,2019-09-06 20:19:04:652,-0.3316,-0.3804,9.5249,-0.0061,0.0038,9.8066,0.0685,0.0609,-0.0235,4.5,-36.62,-2,154.82,-81.05,-163.85
52.382183,-1.524742,137.49,16.17,6,312.45,19 / 20,3539009,2019-09-06 20:19:04:752,-0.5425,0.2345,9.8721,0.0028,-0.0022,9.8066,0.0344,-0.0215,0.0306,3.06,-36.44,-2.75,167.55,-81.09,-163.75
52.382183,-1.524742,137.49,16.17,6,312.45,19 / 20,3539109,2019-09-06 20:19:04:852,-1.2775,0.9988,10.0557,0.0082,0.0031,9.8066,-0.1305,0.0541,-0.0233,2.5,-35.37,-1.44,160.28,-81.06,-163.47
52.382183,-1.524742,137.49,16.17,6,312.45,19 / 20,3539209,2019-09-06 20:19:04:952,-1.3284,-0.2892,9.556,-0.0072,0.0153,9.8065,-0.0713,0.0031,0.0433,2.94,-35.37,-1,160.22,-81.07,-163.6
52.382183,-1.524742,137.49,16.17,6,312.45,19 / 20,3539310,2019-09-06 20:19:05:053,0.0692,0.2434,9.8819,-0.0022,0.0114,9.8065,0.1058,-0.0282,0.0308,4.31,-35.69,-0.56,155.5,-80.93,-163.18
52.382183,-1.524742,137.49,16.17,6,312.45,19 / 20,3539410,2019-09-06 20:19:05:153,-0.0792,-1.0342,9.9969,0.0137,0.0012,9.8066,0.0356,0.0452,-0.05,4.5,-36.25,0.25,146.38,-80.94,-162.32
52.382183,-1.524742,137.49,16.17,6,312.45,19 / 20,3539509,2019-09-06 20:19:05:252,-0.5689,-0.3337,9.6477,0.0164,-0.0202,9.8065,-0.0675,-0.0116,0.0191,4.94,-36.81,-0.62,151.49,-81.04,-162.29
52.382183,-1.524742,137.49,16.17,6,312.45,19 / 20,3539610,2019-09-06 20:19:05:353,0.4958,-1.2574,9.9316,0.0022,-0.0079,9.8066,-0.0086,0.021,0.0123,5,-36.69,-1.12,151.5,-81.02,-162.33
52.382183,-1.524742,137.49,16.17,6,312.45,19 / 20,3539709,2019-09-06 20:19:05:452,-0.1965,-0.057,9.5502,0.0057,0.0003,9.8066,0.0061,0.0595,-0.0395,5.25,-36.81,-0.5,146.84,-81.02,-162.23
52.382183,-1.524742,137.49,16.17,6,312.45,19 / 20,3539810,2019-09-06 20:19:05:553,-0.2678,-0.8234,9.6529,0.0107,-0.0108,9.8066,0.0556,0.0108,0.0171,5.5,-36.94,-1.19,147.42,-80.98,-162.75
52.382183,-1.524742,137.49,16.17,6,312.45,19 / 20,3539910,2019-09-06 20:19:05:653,-0.032,0.5657,10.4307,0.0064,0.0039,9.8066,-0.0171,-0.022,-0.0294,5.69,-36.94,-1.94,151.63,-81.03,-162.28
52.382183,-1.524742,137.49,16.17,6,312.45,19 / 20,3540010,2019-09-06 20:19:05:753,0.0691,0.0155,10.1147,-0.0072,-0.0031,9.8066,0.0231,-0.0016,-0.0062,5.38,-37.12,-1.31,151.25,-81.01,-162.91
52.382183,-1.524742,137.49,16.17,6,312.45,19 / 20,3540110,2019-09-06 20:19:05:853,-0.2074,-0.0206,11.1792,0.0032,0.0036,9.8066,-0.0918,0.1006,0.0105,5.38,-36.94,-1.56,155.26,-80.98,-163.12
52.382183,-1.524742,137.49,16.17,6,312.45,19 / 20,3540210,2019-09-06 20:19:05:953,0.4234,0.4411,10.3355,-0.0359,0.0182,9.8065,0.0129,-0.0082,0.0505,5.56,-36.5,-1.62,150.74,-80.93,-163.48
52.382183,-1.524742,137.49,16.17,6,312.45,19 / 20,3540310,2019-09-06 20:19:06:053,1.729,-1.092,9.4707,-0.03,0.0135,9.8065,-0.085,0.0997,-0.0005,5.38,-37.19,-1.31,151.11,-80.92,-163.61
52.382183,-1.524742,137.49,16.17,6,312.45,20 / 21,3540409,2019-09-06 20:19:06:152,-2.0907,-0.9765,9.0225,0.0213,-0.0055,9.8066,-0.0681,-0.0029,0.1155,5.56,-36.69,-1.19,146.9,-81.03,-163.53
52.382183,-1.524742,137.49,16.17,6,312.45,20 / 21,3540509,2019-09-06 20:19:06:252,0.4032,1.3291,9.9196,-0.0111,0.0402,9.8065,0.1649,0.0474,-0.1073,5.69,-37.19,-1.25,148.17,-80.77,-162.05
52.382183,-1.524742,137.49,16.17,6,312.45,20 / 21,3540609,2019-09-06 20:19:06:352,-0.677,0.2451,10.426,0.04,-0.0326,9.8064,0.289,0.0758,0.0799,5.38,-36.56,-0.69,152.02,-81.03,-161.16
52.382183,-1.524742,137.49,16.17,6,312.45,20 / 21,3540710,2019-09-06 20:19:06:453,-0.5851,0.3266,10.3376,0.0537,-0.0345,9.8064,-0.1941,0.0486,-0.0491,5.31,-36.87,-1.37,152.25,-81,-160.77
52.382183,-1.524742,137.49,16.17,6,312.45,20 / 21,3540810,2019-09-06 20:19:06:553,0.6325,-0.6512,9.0691,-0.0513,0.0392,9.8064,-0.1559,0.0003,-0.0341,5.13,-37.25,-0.94,151.99,-81,-161.34
52.382183,-1.524742,137.49,16.17,6,312.45,20 / 21,3540909,2019-09-06 20:19:06:652,0.6301,-0.7888,9.997,-0.0581,0.0379,9.8064,0.0986,0.0549,-0.0508,5.19,-37.12,-1,151.72,-80.76,-162.89
52.382183,-1.524742,137.49,16.17,6,312.45,20 / 21,3541009,2019-09-06 20:19:06:752,0.599,-0.114,10.2098,-0.0073,-0.0183,9.8066,0.0536,-0.0247,0.0663,6.13,-37.06,-0.87,146.68,-80.93,-164.36
52.382183,-1.524742,137.49,16.17,6,312.45,20 / 21,3541109,2019-09-06 20:19:06:852,-0.8368,0.9024,9.4071,-0.0088,0.0124,9.8066,-0.0649,-0.0148,-0.0197,6.19,-36.87,-0.19,142.14,-80.85,-164.71
52.382183,-1.524742,137.49,16.17,6,312.45,20 / 21,3541209,2019-09-06 20:19:06:952,-0.1007,-0.3316,9.5394,0.0168,-0.0232,9.8066,-0.0153,-0.0674,0.016,6.19,-37.12,-1.25,146.31,-81.09,-164.45
52.382183,-1.524742,137.49,16.17,6,312.45,20 / 21,3541310,2019-09-06 20:19:07:053,0.3232,-1.0718,9.4754,0.0129,-0.0236,9.8065,-0.0062,0.006,-0.0337,6.13,-37.19,-1.06,146.08,-81.16,-164.65
52.382183,-1.524742,137.49,16.17,6,312.45,20 / 21,3541410,2019-09-06 20:19:07:153,-0.7451,-0.423,10.1922,0.0016,-0.0113,9.8066,0.0304,0.0382,-0.0404,6.44,-37.12,-0.81,145.65,-81.09,-165.73
52.382183,-1.524742,137.49,16.17,6,312.45,20 / 21,3541510,2019-09-06 20:19:07:253,-0.1648,-0.9294,10.0819,-0.004,-0.0072,9.8066,0.0958,0.021,0.0044,6,-36.81,-1.06,145.23,-81.06,-166.67
52.382183,-1.524742,137.49,16.17,6,312.45,20 / 21,3541610,2019-09-06 20:19:07:353,-1.296,-0.4665,10.4522,0.0116,-0.0083,9.8066,0.103,0.0847,-0.077,7.06,-36.81,-0.56,141.58,-81.02,-166.86
52.382183,-1.524742,137.49,16.17,6,312.45,20 / 21,3541709,2019-09-06 20:19:07:452,0.9978,-1.0071,9.0718,-0.0159,0.0017,9.8066,-0.1229,0.0758,0.0629,6.44,-36.75,-1,145.09,-80.91,-167.54
52.382183,-1.524742,137.49,16.17,6,312.45,20 / 21,3541810,2019-09-06 20:19:07:553,0.6837,-0.5311,9.8133,-0.0127,0.0219,9.8066,-0.1354,-0.0136,0.0168,6.63,-36.75,-0.25,136.74,-80.99,-167.69
52.382183,-1.524742,137.49,16.17,6,312.45,20 / 21,3541910,2019-09-06 20:19:07:653,-0.4521,-0.4407,9.8424,0.0034,-0.0034,9.8066,0.0819,0.0894,-0.0798,6.69,-36.75,-0.94,141.3,-81.03,-167.3
52.382183,-1.524742,137.49,16.17,6,312.45,20 / 21,3542009,2019-09-06 20:19:07:752,-0.4143,0.7824,8.6977,0.0224,-0.0267,9.8065,0.0756,-0.0717,0.17,6.81,-36.37,-1.56,144.4,-81.01,-168.06
52.382183,-1.524742,137.49,16.17,6,312.45,20 / 21,3542110,2019-09-06 20:19:07:853,2.0481,0.5562,10.1469,0.0418,-0.0007,9.8065,0.277,0.0708,-0.0787,7.31,-37.56,-1.44,142.61,-80.95,-166.23
52.382183,-1.524742,137.49,16.17,6,312.45,20 / 21,3542209,2019-09-06 20:19:07:952,-0.5682,-1.4656,11.8773,0.0294,-0.0447,9.8064,0.4612,0.0633,0.1019,7.13,-38.12,-0.44,138,-81.06,-166.23
52.382183,-1.524742,137.49,16.17,6,312.45,20 / 21,3542310,2019-09-06 20:19:08:053,-0.1294,-1.2866,8.434,0.0464,-0.0387,9.8064,-0.3696,0.0118,-0.1515,7.25,-38.25,0,138.26,-80.83,-166.75
52.383083,-1.526282,140.88,16.64,6,309.86,20 / 21,3542409,2019-09-06 20:19:08:152,-2.2127,0.3597,9.5355,-0.0566,0.0214,9.8064,-0.554,-0.0052,0.08,7.25,-38.37,0.5,134.25,-80.45,-167.23
52.383083,-1.526282,140.88,16.64,6,309.86,20 / 21,3542510,2019-09-06 20:19:08:253,1.1573,-0.8923,9.2589,0.0006,-0.019,9.8066,0.1723,0.0463,-0.0681,7.25,-37.81,-0.56,141.91,-80.9,-167.68
52.383083,-1.526282,140.88,16.64,6,309.86,20 / 21,3542609,2019-09-06 20:19:08:352,0.0509,-1.2232,9.504,0.0318,-0.0339,9.8065,0.0734,0.0512,-0.0431,6.94,-38,-0.31,136.01,-81.23,-168.97
52.383083,-1.526282,140.88,16.64,6,309.86,20 / 21,3542710,2019-09-06 20:19:08:453,-0.7397,-0.1927,10.2369,0.0121,-0.0055,9.8066,-0.0499,0.0276,-0.0342,7.38,-38,-0.81,140.12,-81.28,-169.36
52.383083,-1.526282,140.88,16.64,6,309.86,20 / 21,3542810,2019-09-06 20:19:08:553,-1.6654,0.8039,10.9624,-0.0304,0.0378,9.8065,0.0335,0.0225,0.0297,7.13,-38,-0.56,140.02,-81.28,-169.5
52.383083,-1.526282,140.88,16.64,6,309.86,20 / 21,3542910,2019-09-06 20:19:08:653,0.0969,0.0022,9.9727,-0.0088,0.0151,9.8065,-0.1278,0.0345,0.095,7,-37.81,-0.62,141.11,-80.96,-168.87
52.383083,-1.526282,140.88,16.64,6,309.86,20 / 21,3543009,2019-09-06 20:19:08:752,-0.6086,-0.9817,9.78,0.0069,0.0113,9.8066,-0.0888,0.0878,-0.037,7.25,-38.19,-0.69,142.28,-80.87,-167.12
52.383083,-1.526282,140.88,16.64,6,309.86,20 / 21,3543110,2019-09-06 20:19:08:853,-0.7068,-0.9649,10.199,-0.006,0.0126,9.8065,0.0198,-0.0331,0.0139,6.81,-38.25,-0.87,142.34,-80.96,-166.68
52.383083,-1.526282,140.88,16.64,6,309.86,20 / 21,3543209,2019-09-06 20:19:08:952,0.9586,-0.0459,9.6593,-0.0048,0.0158,9.8066,0.0406,-0.0126,0.0069,6.81,-38,-0.06,138.45,-80.91,-166.09
52.383083,-1.526282,140.88,16.64,6,309.86,20 / 21,3543310,2019-09-06 20:19:09:053,-0.1475,-1.5175,9.6561,-0.0134,0.0022,9.8066,0.1837,0.0199,0.046,7.38,-38.12,-0.25,138.42,-80.85,-166.4
52.383083,-1.526282,140.88,16.64,6,309.86,19 / 20,3543409,2019-09-06 20:19:09:152,-2.7418,-0.5902,10.3815,0.0095,-0.0043,9.8066,0.188,-0.0372,0.0396,6.5,-37.94,0.56,133.52,-80.82,-166.74
52.383083,-1.526282,140.88,16.64,6,309.86,19 / 20,3543510,2019-09-06 20:19:09:253,-0.6861,-0.9246,9.9758,0.0038,-0.0032,9.8066,-0.0427,-0.0159,0.0613,7.06,-37.31,-0.31,137.81,-80.79,-166.68
52.383083,-1.526282,140.88,16.64,6,309.86,19 / 20,3543609,2019-09-06 20:19:09:352,-1.0299,-0.9682,9.6592,0.0238,-0.0125,9.8065,0.006,-0.003,0.009,6.06,-37.75,-0.12,142.03,-80.88,-165.98
52.383083,-1.526282,140.88,16.64,6,309.86,19 / 20,3543710,2019-09-06 20:19:09:453,0.1509,0.1589,9.6008,0.0172,-0.0215,9.8066,0.1268,0.0387,-0.0136,6.13,-37.37,-0.56,146.34,-80.73,-165.81
52.383083,-1.526282,140.88,16.64,6,309.86,19 / 20,3543809,2019-09-06 20:19:09:552,-0.6659,0.4749,9.9279,0.0176,-0.0274,9.8065,0.0891,-0.0306,0.0031,6.25,-37.37,0.69,136.24,-80.88,-166.05
52.383083,-1.526282,140.88,16.64,6,309.86,19 / 20,3543910,2019-09-06 20:19:09:653,-0.5935,-0.4534,9.81,0.0126,-0.0148,9.8066,-0.1059,0.05,0.0031,6.5,-37.44,0.63,132.76,-80.88,-166.56
52.383083,-1.526282,140.88,16.64,6,309.86,19 / 20,3544009,2019-09-06 20:19:09:752,-0.5885,-0.5389,9.6792,-0.0202,0.0137,9.8066,-0.0983,0.027,-0.0522,7.19,-37.62,-0.12,137.88,-80.93,-167.02
52.383083,-1.526282,140.88,16.64,6,309.86,19 / 20,3544109,2019-09-06 20:19:09:852,0.019,-0.0885,9.4966,-0.0153,0.0033,9.8065,-0.0692,-0.0325,0.0428,7,-38,0.13,137.76,-80.87,-167.48
52.383083,-1.526282,140.88,16.64,6,309.86,19 / 20,3544210,2019-09-06 20:19:09:953,-0.4626,-0.0167,10.2024,-0.0225,0.0125,9.8065,-0.14,0.0573,-0.0187,7.5,-37.94,0,133.94,-80.96,-168.46
52.383083,-1.526282,140.88,16.64,6,309.86,19 / 20,3544310,2019-09-06 20:19:10:053,0.1554,-0.4212,9.8872,-0.033,0.0055,9.8065,0.1303,-0.0158,-0.0122,7.69,-38,0.19,133.31,-81,-169.32
52.383083,-1.526282,140.88,16.64,6,309.86,19 / 20,3544409,2019-09-06 20:19:10:152,-1.0006,0.5133,10.179,0.0172,-0.0122,9.8065,0.0915,0.0001,-0.0366,7.75,-37.94,0.31,133.16,-80.91,-169.91
52.383083,-1.526282,140.88,16.64,6,309.86,19 / 20,3544510,2019-09-06 20:19:10:253,-1.6056,0.7289,10.6914,-0.038,0.0292,9.8065,-0.0958,0.0353,-0.0041,7.56,-37.75,-0.31,132.85,-81,-170.06
52.383083,-1.526282,140.88,16.64,6,309.86,19 / 20,3544610,2019-09-06 20:19:10:353,-2.0992,0.1059,10.5436,-0.0256,0.0191,9.8066,0.0312,0.1153,0.0602,7.69,-38.25,0.44,133.51,-80.76,-169.96
52.383083,-1.526282,140.88,16.64,6,309.86,19 / 20,3544710,2019-09-06 20:19:10:453,-0.7411,0.9981,9.8242,0.0089,0.0216,9.8066,-0.0765,0.0032,-0.0416,6.88,-38.19,0.63,132.6,-80.74,-168.77
52.383083,-1.526282,140.88,16.64,6,309.86,19 / 20,3544809,2019-09-06 20:19:10:552,-0.8185,0.5875,9.8336,-0.0038,0.0013,9.8066,-0.0459,-0.0214,0.0067,7.5,-38.12,0.31,135.15,-80.7,-167.5
52.383083,-1.526282,140.88,16.64,6,309.86,19 / 20,3544909,2019-09-06 20:19:10:652,0.1033,-0.8699,9.9075,0.0062,-0.0134,9.8066,0.0418,0.0085,0.0503,7.63,-38.19,0.19,134.72,-80.83,-167.69
52.383083,-1.526282,140.88,16.64,6,309.86,19 / 20,3545010,2019-09-06 20:19:10:753,-0.6175,-0.5879,9.7776,-0.0137,0.0042,9.8066,-0.0349,0.0141,-0.0755,6.94,-37.94,0.5,132.74,-80.77,-168.34
52.383083,-1.526282,140.88,16.64,6,309.86,19 / 20,3545109,2019-09-06 20:19:10:852,0.111,0.3627,9.9439,-0.0109,-0.0055,9.8065,0.0736,0.0064,0.0553,7.5,-37.94,0.56,129.59,-80.69,-169.23
52.383083,-1.526282,140.88,16.64,6,309.86,19 / 20,3545210,2019-09-06 20:19:10:953,-0.6113,-0.9401,10.0868,0.0154,-0.0014,9.8065,0.0587,0.0467,-0.041,7.44,-38.25,0.44,137.06,-80.83,-168.95
52.383083,-1.526282,140.88,16.64,6,309.86,19 / 20,3545310,2019-09-06 20:19:11:053,-0.3266,0.4663,9.4597,-0.0137,0.0036,9.8065,-0.1072,0.0008,-0.0419,7.44,-37.81,0.31,136.68,-80.97,-169
52.383083,-1.526282,140.88,16.64,6,309.86,20 / 21,3545410,2019-09-06 20:19:11:153,0.4605,-0.2021,9.6194,-0.03,-0.0014,9.8065,-0.1445,0.0774,0.0156,7.69,-37.37,0.31,132.61,-80.85,-170.06
52.383083,-1.526282,140.88,16.64,6,309.86,20 / 21,3545509,2019-09-06 20:19:11:252,0.2931,-0.1073,10.1686,-0.0503,0.0271,9.8064,0.2604,0.1237,-0.1408,7.06,-37.87,0,136.23,-80.71,-170.98
52.383083,-1.526282,140.88,16.64,6,309.86,20 / 21,3545610,2019-09-06 20:19:11:353,-0.8255,-0.7409,9.7237,0.0093,-0.0271,9.8066,0.0934,0.0586,0.0688,7.44,-37.81,0.5,131.38,-80.64,-171.46
52.383083,-1.526282,140.88,16.64,6,309.86,20 / 21,3545709,2019-09-06 20:19:11:452,-0.2573,0.632,10.5182,0.0122,0.0095,9.8066,-0.11,0.1228,-0.1152,7.06,-37.69,0.13,135.75,-80.81,-171.39
52.383083,-1.526282,140.88,16.64,6,309.86,20 / 21,3545809,2019-09-06 20:19:11:552,0.7216,-1.7474,9.4986,-0.0167,0.0221,9.8065,-0.1155,0.087,0.0056,6.81,-37.31,0.63,131.03,-80.65,-170.69
52.383083,-1.526282,140.88,16.64,6,309.86,20 / 21,3545910,2019-09-06 20:19:11:653,0.0415,-0.4977,9.6472,-0.0071,0.0179,9.8066,0.0233,-0.0308,0.0266,6.75,-37.94,0.13,136.78,-80.69,-170.06
52.383083,-1.526282,140.88,16.64,6,309.86,20 / 21,3546009,2019-09-06 20:19:11:752,1.5537,-0.3787,9.6811,0.0009,0,9.8066,-0.0256,0.0402,-0.0712,7.38,-37.87,0.63,132.23,-80.67,-169.77
52.383083,-1.526282,140.88,16.64,6,309.86,20 / 21,3546109,2019-09-06 20:19:11:852,-1.1754,-0.3145,9.4116,-0.0039,-0.0077,9.8066,-0.0235,-0.0118,0.0391,6.88,-37.87,0.81,131.84,-80.64,-170.65
52.383083,-1.526282,140.88,16.64,6,309.86,20 / 21,3546209,2019-09-06 20:19:11:952,0.5984,-1.0567,9.7473,-0.0136,0.0077,9.8065,-0.1138,0.066,-0.0455,7.31,-37.94,0.56,131.95,-80.6,-170.65
52.383083,-1.526282,140.88,16.64,6,309.86,20 / 21,3546309,2019-09-06 20:19:12:052,0.627,-0.1501,10.1523,0.0004,0.0034,9.8066,0.0267,0.0698,-0.0046,7.94,-37.94,0.94,128.39,-80.77,-170.78
52.383083,-1.526282,140.88,16.64,6,309.86,19 / 20,3546409,2019-09-06 20:19:12:152,0.3509,0.5802,10.8115,-0.0395,0.0247,9.8065,-0.0652,0.0251,0.0315,7.63,-37.56,1.31,128.24,-80.83,-170.75
52.383083,-1.526282,140.88,16.64,6,309.86,19 / 20,3546509,2019-09-06 20:19:12:252,0.7216,-0.6342,9.9492,-0.0469,0.0208,9.8065,0.1297,0.0234,-0.0572,7.88,-38,0.88,128.9,-80.45,-171.42
52.383083,-1.526282,140.88,16.64,6,309.86,19 / 20,3546610,2019-09-06 20:19:12:353,-0.4035,0.011,9.8612,0.0154,-0.0137,9.8066,0.1061,0.0291,0.0254,7.56,-37.5,0.69,127.72,-80.52,-171.86
52.383083,-1.526282,140.88,16.64,6,309.86,19 / 20,3546709,2019-09-06 20:19:12:452,1.4396,-0.3807,10.5591,0.0104,-0.0149,9.8066,-0.121,-0.0143,-0.0241,7.88,-37.81,1.19,128.05,-80.64,-171.94
52.383083,-1.526282,140.88,16.64,6,309.86,19 / 20,3546810,2019-09-06 20:19:12:553,0.5279,-1.235,9.8273,-0.0218,0.0012,9.8065,0.0251,0.014,-0.0588,7.81,-37.81,1.13,127.35,-80.67,-172.95
52.383083,-1.526282,140.88,16.64,6,309.86,19 / 20,3546909,2019-09-06 20:19:12:652,0.6523,-1.7739,9.5264,-0.0298,0.0077,9.8065,0.141,-0.0378,0.025,8.06,-37.87,0.38,131.82,-80.51,-173.82
52.383083,-1.526282,140.88,16.64,6,309.86,19 / 20,3547010,2019-09-06 20:19:12:753,0.3288,0.1338,9.2261,0.0198,-0.0059,9.8066,-0.0332,0.035,-0.0379,7.75,-37.44,0.81,126.73,-80.39,-174.04
52.383083,-1.526282,140.88,16.64,6,309.86,19 / 20,3547109,2019-09-06 20:19:12:852,-0.1291,-0.0191,9.1145,0.0268,-0.0121,9.8066,-0.1201,0.0478,-0.0111,7.88,-37.62,1.19,126.91,-80.66,-173.68
52.383083,-1.526282,140.88,16.64,6,309.86,19 / 20,3547209,2019-09-06 20:19:12:952,0.8897,-0.7605,9.5915,0.009,-0.0116,9.8066,-0.0389,0.0317,0.0326,7.63,-37.81,1.06,126.05,-80.95,-173.67
52.383083,-1.526282,140.88,16.64,6,309.86,19 / 20,3547309,2019-09-06 20:19:13:052,0.0667,-0.2222,9.8319,0.0079,-0.001,9.8066,0.0137,0.0744,-0.0615,7.94,-38.06,0.81,125.96,-80.98,-173.68
52.383083,-1.526282,140.88,16.64,6,309.86,19 / 21,3547409,2019-09-06 20:19:13:152,-0.6275,-0.92,10.1053,-0.0275,0.0084,9.8065,0.0612,-0.0398,0.0204,8.19,-38.12,0.88,126.64,-80.7,-173.94
52.383083,-1.526282,140.88,16.64,6,309.86,19 / 21,3547510,2019-09-06 20:19:13:253,0.1006,-0.592,9.7285,0.0069,0.0061,9.8066,0.0367,-0.043,0.0188,7.75,-37.81,1.44,127.23,-80.5,-173.91
52.383083,-1.526282,140.88,16.64,6,309.86,19 / 21,3547610,2019-09-06 20:19:13:353,-0.7666,-0.2958,8.9841,0.0116,-0.012,9.8066,-0.0389,0.095,-0.0498,8.13,-37.62,0.69,126.94,-80.58,-174.04
52.383083,-1.526282,140.88,16.64,6,309.86,19 / 21,3547710,2019-09-06 20:19:13:453,1.0064,-0.0247,10.2668,-0.0202,0.0065,9.8066,-0.0213,-0.0183,-0.036,7.25,-37.56,1,129.14,-80.86,-174.23
52.383083,-1.526282,140.88,16.64,6,309.86,19 / 21,3547810,2019-09-06 20:19:13:553,0.2828,-1.2749,9.9821,-0.0185,-0.0149,9.8066,0.0394,0.0139,-0.0953,7.81,-37.12,0.75,123.89,-80.91,-176.02
52.383083,-1.526282,140.88,16.64,6,309.86,19 / 21,3547909,2019-09-06 20:19:13:652,-0.2016,-0.118,9.9598,0.0109,0.0013,9.8066,0.0598,0.0655,0.0578,7.69,-37.75,0.69,124.87,-80.78,-176.32
52.383083,-1.526282,140.88,16.64,6,309.86,19 / 21,3548009,2019-09-06 20:19:13:752,-1.5508,-0.0576,10.3606,0.0381,-0.0122,9.8065,0.0659,-0.0111,0.0659,7.94,-37.81,1.31,125.41,-80.78,-175.5
52.383083,-1.526282,140.88,16.64,6,309.86,19 / 21,3548109,2019-09-06 20:19:13:852,0.52,-0.2835,9.9491,-0.0013,0.0044,9.8066,0.0505,0.007,-0.0318,7.56,-37.81,1.38,125.79,-80.72,-175.2
52.383083,-1.526282,140.88,16.64,6,309.86,19 / 21,3548210,2019-09-06 20:19:13:953,-0.1895,-0.7381,9.9883,-0.0024,0.0082,9.8066,0.0295,0.0498,0.0054,7.88,-37.31,1.31,125.65,-80.61,-174.73
52.383083,-1.526282,140.88,16.64,6,309.86,19 / 21,3548310,2019-09-06 20:19:14:053,1.3031,-0.748,9.8521,0.0067,-0.0066,9.8066,-0.0032,0.0119,0.0188,7.88,-37.25,1.81,120.53,-80.59,-174.76
52.383083,-1.526282,140.88,16.64,6,309.86,20 / 21,3548409,2019-09-06 20:19:14:152,-0.3756,-0.1634,9.4824,0.0134,-0.0125,9.8066,-0.0032,-0.0016,-0.0291,8.25,-38.12,1.75,120.82,-80.69,-175.1
52.383083,-1.526282,140.88,16.64,6,309.86,20 / 21,3548510,2019-09-06 20:19:14:253,1.4964,-0.9646,10.1929,-0.0255,0.0059,9.8066,-0.016,0.0333,-0.0318,8.19,-37.94,1.31,125.54,-80.64,-175.95
52.383083,-1.526282,140.88,16.64,6,309.86,20 / 21,3548609,2019-09-06 20:19:14:352,0.8016,-1.3244,9.9281,-0.0394,0.0065,9.8066,-0.1011,0.0678,-0.0592,8.19,-37.5,1.69,119.22,-80.6,-176.65
52.383083,-1.526282,140.88,16.64,6,309.86,20 / 21,3548710,2019-09-06 20:19:14:453,0.4008,-0.7234,9.5385,0.0214,-0.0068,9.8065,0.1975,-0.0124,0.0592,8,-37.62,1.75,119.57,-80.68,-177.01
52.383083,-1.526282,140.88,16.64,6,309.86,20 / 21,3548810,2019-09-06 20:19:14:553,-0.4607,-0.1734,10.082,0.0233,-0.003,9.8066,0.1376,0.0079,0.0098,8.38,-37.37,1.5,119.26,-80.63,-176.46
52.383083,-1.526282,140.88,16.64,6,309.86,20 / 21,3548910,2019-09-06 20:19:14:653,0.306,-0.6073,10.0646,0.0059,0.0161,9.8065,-0.1542,0.0458,0.0748,8.38,-37.31,1.56,119.59,-80.74,-175.42
52.383083,-1.526282,140.88,16.64,6,309.86,20 / 21,3549010,2019-09-06 20:19:14:753,0.9843,-0.1517,10.2536,0.0328,-0.0076,9.8066,-0.0559,-0.0294,0.0097,8,-37.56,1.25,126.08,-80.95,-173.62
52.383083,-1.526282,140.88,16.64,6,309.86,20 / 21,3549110,2019-09-06 20:19:14:853,0.1681,-2.0737,9.612,-0.0313,0.0342,9.8065,-0.0873,-0.0725,0.1846,8.63,-37.44,1.88,118.7,-80.78,-173.19
52.383083,-1.526282,140.88,16.64,6,309.86,20 / 21,3549210,2019-09-06 20:19:14:953,0.8115,-2.9597,9.0431,0.0708,-0.0401,9.8063,-0.225,-0.0127,-0.0215,8.31,-37.69,1.56,123.1,-80.53,-172.38
52.383083,-1.526282,140.88,16.64,6,309.86,20 / 21,3549310,2019-09-06 20:19:15:053,-0.8101,-0.6182,10.3686,0.073,-0.0125,9.8063,0.2144,0.0137,0.1103,7.94,-37.75,2,122.23,-81.03,-171.24
52.383083,-1.526282,140.88,16.64,6,309.86,19 / 21,3549409,2019-09-06 20:19:15:152,-1.2696,0.8549,8.555,0.0996,-0.0527,9.8059,0.0712,-0.0796,0.0346,8.19,-37.75,1.5,122,-81.24,-170.53
52.383083,-1.526282,140.88,16.64,6,309.86,19 / 21,3549510,2019-09-06 20:19:15:253,0.6839,-0.9027,9.0243,-0.04,0.0322,9.8064,0.0986,0.005,-0.0081,8.38,-37.69,1.44,126.57,-81.12,-172.07
52.383083,-1.526282,140.88,16.64,6,309.86,19 / 21,3549610,2019-09-06 20:19:15:353,-0.0329,-1.2116,10.1331,-0.1081,0.0427,9.8059,0.0118,0.1299,-0.0487,8.25,-37.75,2.13,123.04,-80.56,-172.34
52.383083,-1.526282,140.88,16.64,6,309.86,19 / 21,3549710,2019-09-06 20:19:15:453,0.0308,-0.279,10.106,0.0563,-0.0381,9.8064,0.2781,0.0287,-0.0273,8.44,-37.44,2.13,120.41,-80.82,-173.81
52.383083,-1.526282,140.88,16.64,6,309.86,19 / 21,3549810,2019-09-06 20:19:15:553,0.3255,-0.5323,9.3861,0.0828,-0.0398,9.8062,0.2679,-0.0345,0.0573,7.88,-37.75,2.5,116.08,-80.67,-173.93
52.383083,-1.526282,140.88,16.64,6,309.86,19 / 21,3549910,2019-09-06 20:19:15:653,-0.3124,-0.5203,10.0193,-0.036,0.0178,9.8065,-0.2785,0.0024,0.0056,8.63,-37.31,2.38,119.1,-80.44,-174.1
52.383083,-1.526282,140.88,16.64,6,309.86,19 / 21,3550010,2019-09-06 20:19:15:753,0.6191,-0.2623,9.5329,0.0062,0.0131,9.8065,-0.0935,-0.0273,0.0814,7.75,-37.25,2.06,121.17,-80.75,-173.02
52.383083,-1.526282,140.88,16.64,6,309.86,19 / 21,3550110,2019-09-06 20:19:15:853,0.7733,-0.7099,9.5892,-0.0046,0.0167,9.8065,-0.0708,0.0165,0.0586,7.13,-37.5,1.81,124.07,-80.86,-172.08
52.383083,-1.526282,140.88,16.64,6,309.86,19 / 21,3550209,2019-09-06 20:19:15:952,0.723,-1.25,9.1813,-0.0407,0.02,9.8065,-0.1194,0.0663,-0.0011,7.69,-37.69,2.56,118.18,-80.66,-170.94
52.383083,-1.526282,140.88,16.64,6,309.86,19 / 21,3550311,2019-09-06 20:19:16:054,0.5929,0.5917,9.6281,0.0455,-0.0217,9.8065,-0.167,-0.0054,-0.0356,6.5,-37.62,3,119.68,-80.93,-170.45
52.383083,-1.526282,140.88,16.64,6,309.86,20 / 22,3550409,2019-09-06 20:19:16:152,0.6625,-0.1421,9.7874,0.03,-0.0209,9.8065,0.0808,-0.0469,-0.0341,6.63,-37.12,3.44,118.2,-80.96,-171.11
52.383083,-1.526282,140.88,16.64,6,309.86,20 / 22,3550509,2019-09-06 20:19:16:252,-0.4658,0.2328,10.2266,0.011,-0.0356,9.8066,-0.0974,0.0445,-0.0918,6.56,-36.31,4.75,100.51,-81.13,-173.77
52.383083,-1.526282,140.88,16.64,6,309.86,20 / 22,3550609,2019-09-06 20:19:16:352,-0.1376,-0.1791,9.4818,0.0121,-0.0295,9.8065,-0.0027,-0.0607,-0.0023,6.38,-35.62,5.25,98.95,-81.19,-176
52.383083,-1.526282,140.88,16.64,6,309.86,20 / 22,3550709,2019-09-06 20:19:16:452,0.0177,-1.1845,9.488,0.0045,-0.0152,9.8066,-0.0521,0.0615,-0.1505,6.56,-34.87,6.25,86.98,-81.28,-178
52.383083,-1.526282,140.88,16.64,6,309.86,20 / 22,3550810,2019-09-06 20:19:16:553,0.4554,-0.4197,8.896,0.0228,0.0059,9.8066,-0.028,0.0362,0.0088,5.94,-32.37,8.25,63.39,-81.55,-178.83
52.383083,-1.526282,140.88,16.64,6,309.86,20 / 22,3550910,2019-09-06 20:19:16:653,0.7496,1.2001,8.7407,-0.0051,-0.005,9.8066,-0.0906,0.0194,-0.0303,6.06,-27.31,12.31,37.94,-81.83,-179.08
52.383083,-1.526282,140.88,16.64,6,309.86,20 / 22,3551009,2019-09-06 20:19:16:752,0.4405,0.9275,9.2372,-0.0088,-0.03,9.8065,-0.176,0.014,-0.0862,5.81,-16.56,8.13,47.26,-82.07,-179.86
52.383083,-1.526282,140.88,16.64,6,309.86,20 / 22,3551109,2019-09-06 20:19:16:852,-1.3381,0.2159,9.1508,0.0243,-0.0446,9.8064,0.0563,-0.0227,-0.0548,7.25,-13.37,-13,152.98,-82.55,178.5
52.383083,-1.526282,140.88,16.64,6,309.86,20 / 22,3551210,2019-09-06 20:19:16:953,0.3347,0.6186,8.8376,0.0098,-0.0561,9.8064,0.1225,-0.0141,0.077,8.63,-26.06,-27.87,161.55,-82.71,177.47
52.383083,-1.526282,140.88,16.64,6,309.86,20 / 22,3551310,2019-09-06 20:19:17:053,0.2298,0.0345,9.6441,-0.0071,-0.0189,9.8066,-0.1737,0.0925,-0.089,9.5,-43.06,-32.06,162.75,-82.89,177.53
52.383873,-1.528069,144.71,15.47,6,300.33,20 / 21,3551409,2019-09-06 20:19:17:152,-0.4633,-0.9953,8.9653,0.0039,-0.0454,9.8064,-0.0977,0.0142,0.0358,10.25,-53.06,-28.5,161.61,-83.02,177.47
52.383873,-1.528069,144.71,15.47,6,300.33,20 / 21,3551509,2019-09-06 20:19:17:252,1.4391,-1.4912,9.8257,0.0307,-0.0102,9.8065,-0.1027,-0.0532,0.1226,9.94,-62.87,-5.37,139.84,-83.43,178.83
52.383873,-1.528069,144.71,15.47,6,300.33,20 / 21,3551610,2019-09-06 20:19:17:353,1.236,0.7334,8.8207,0.0406,-0.0024,9.8066,0.0692,0.1028,-0.0614,9.31,-55.31,7.13,85.86,-83.52,-179.41
52.383873,-1.528069,144.71,15.47,6,300.33,20 / 21,3551710,2019-09-06 20:19:17:453,-0.1781,-0.4334,9.1472,0.0289,0.0317,9.8065,0.0908,0.033,0.0934,8.56,-46.37,9.69,64.31,-83.54,-178.22
52.383873,-1.528069,144.71,15.47,6,300.33,20 / 21,3551810,2019-09-06 20:19:17:553,-1.2173,-0.5991,8.7232,0.0403,0.0429,9.8064,-0.2114,0.0254,-0.0402,7.75,-41.44,7.13,75.86,-84.12,-175.67
52.383873,-1.528069,144.71,15.47,6,300.33,20 / 21,3551910,2019-09-06 20:19:17:653,0.8172,0.4548,9.7714,-0.01,0.0083,9.8066,-0.1367,0.0119,0.0601,7.75,-39.19,5.44,89.53,-84.25,-173.05
52.383873,-1.528069,144.71,15.47,6,300.33,20 / 21,3552010,2019-09-06 20:19:17:753,0.2553,0.2393,10.5454,-0.042,0.0056,9.8065,0.1785,-0.0617,0.0588,7.69,-39.12,4.31,97.59,-84.18,-171.95
52.383873,-1.528069,144.71,15.47,6,300.33,20 / 21,3552110,2019-09-06 20:19:17:853,-0.8752,0.3126,10.052,0.0537,0.0099,9.8064,0.2667,-0.0219,0.0225,7.88,-38.12,3.88,98.66,-84.16,-170.16
52.383873,-1.528069,144.71,15.47,6,300.33,20 / 21,3552210,2019-09-06 20:19:17:953,-0.4797,1.0586,10.6337,0.0603,0.0005,9.8064,-0.0891,0.0561,-0.0407,8.19,-37.5,3.13,106.01,-83.96,-169.47
52.383873,-1.528069,144.71,15.47,6,300.33,20 / 21,3552310,2019-09-06 20:19:18:053,-0.7319,0.1786,10.0382,-0.0435,-0.0043,9.8065,-0.085,-0.0146,0.0582,7.38,-37.5,2.5,106.39,-83.87,-170.32
52.383873,-1.528069,144.71,15.47,6,300.33,20 / 22,3552410,2019-09-06 20:19:18:153,0.4332,0.2496,8.7427,0.0333,-0.0097,9.8065,-0.0797,0.0039,-0.0303,6.94,-36.75,3.25,105.93,-84.04,-169.96
52.383873,-1.528069,144.71,15.47,6,300.33,20 / 22,3552510,2019-09-06 20:19:18:253,0.0088,-0.2115,8.6044,-0.0002,-0.0036,9.8066,-0.082,0.02,0.0025,6.94,-34.37,4.13,94.75,-84.19,-170.8
52.383873,-1.528069,144.71,15.47,6,300.33,20 / 22,3552609,2019-09-06 20:19:18:352,-0.4069,0.0514,8.9629,-0.0292,0.0047,9.8065,0.1184,-0.0165,-0.0151,8.13,-33.37,2.19,108,-84.17,-170.72
52.383873,-1.528069,144.71,15.47,6,300.33,20 / 22,3552710,2019-09-06 20:19:18:453,0.6821,0.8227,10.7177,0.0527,-0.0158,9.8064,0.0963,-0.0746,0.0396,8.31,-34.19,-0.25,121.13,-84.18,-170.48
52.383873,-1.528069,144.71,15.47,6,300.33,20 / 22,3552810,2019-09-06 20:19:18:553,-0.155,0.0339,10.8298,0.0503,-0.0198,9.8065,0.0368,-0.0097,0.0217,8.56,-34.87,0.19,119.67,-84.48,-169.23
52.383873,-1.528069,144.71,15.47,6,300.33,20 / 22,3552910,2019-09-06 20:19:18:653,-1.3189,-0.1643,10.3274,-0.0403,0.0129,9.8065,0.0113,-0.0109,-0.0297,9.38,-34.81,-0.25,119.54,-84.12,-170.7
52.383873,-1.528069,144.71,15.47,6,300.33,20 / 22,3553010,2019-09-06 20:19:18:753,-0.0501,0.0954,9.6151,-0.0212,0.0062,9.8066,-0.0737,-0.034,0.019,9.19,-34.81,-0.12,119.65,-84.09,-170.66
52.383873,-1.528069,144.71,15.47,6,300.33,20 / 22,3553110,2019-09-06 20:19:18:853,1.054,-0.6256,9.8088,-0.0129,0.0085,9.8065,-0.135,0.0087,-0.0374,8.69,-34.87,-0.75,124.52,-84.05,-171.01
52.383873,-1.528069,144.71,15.47,6,300.33,20 / 22,3553209,2019-09-06 20:19:18:952,0.3258,0.0446,9.7647,-0.0075,-0.0005,9.8066,0.0181,0.0142,0.0069,8.06,-35.06,-1.12,126.67,-84.1,-171.34
52.383873,-1.528069,144.71,15.47,6,300.33,20 / 22,3553310,2019-09-06 20:19:19:053,-0.4603,0.255,10.1583,0.0259,-0.0104,9.8066,0.0539,0.0078,0.0461,8.31,-35.75,-0.81,127.24,-84.06,-171.41
52.383873,-1.528069,144.71,15.47,6,300.33,19 / 20,3553410,2019-09-06 20:19:19:153,-0.5235,0.8641,9.48,0.039,-0.015,9.8065,-0.1422,0.0333,-0.0061,8.25,-36.19,-0.19,122.33,-84.19,-170.28
52.383873,-1.528069,144.71,15.47,6,300.33,19 / 20,3553510,2019-09-06 20:19:19:253,0.9289,-0.0255,9.9106,-0.007,0.0043,9.8066,-0.0005,0.0387,0.0469,8.31,-36.12,-0.31,123.18,-83.98,-170.02
52.383873,-1.528069,144.71,15.47,6,300.33,19 / 20,3553609,2019-09-06 20:19:19:352,0.1871,-0.3118,10.1545,-0.0059,0.0176,9.8066,0.0074,0.0339,-0.0139,7.75,-37.19,-0.25,124.4,-83.9,-169.47
52.383873,-1.528069,144.71,15.47,6,300.33,19 / 20,3553710,2019-09-06 20:19:19:453,-0.0904,0.3087,9.7569,0.0014,-0.0026,9.8066,0.0497,-0.0116,0.0277,8.25,-37.19,-0.69,129.86,-83.86,-169.32
52.383873,-1.528069,144.71,15.47,6,300.33,19 / 20,3553811,2019-09-06 20:19:19:554,-0.0807,-0.1386,9.7772,0.0009,0.0077,9.8066,-0.0685,0.0319,0.0011,8.25,-37.62,-0.5,125.62,-83.84,-168.81
52.383873,-1.528069,144.71,15.47,6,300.33,19 / 20,3553910,2019-09-06 20:19:19:653,-0.1482,0.2435,9.4834,0.0241,-0.0134,9.8066,0.0703,-0.0164,0.0208,8,-37.62,-0.25,125.65,-83.85,-168.72
52.383873,-1.528069,144.71,15.47,6,300.33,19 / 20,3554009,2019-09-06 20:19:19:752,0.3199,-0.0914,9.6025,0.009,0.0008,9.8066,-0.0458,-0.0043,0.0145,7.63,-37.44,0.06,125.38,-83.97,-167.91
52.383873,-1.528069,144.71,15.47,6,300.33,19 / 20,3554110,2019-09-06 20:19:19:853,-0.1426,0.0094,9.8574,-0.0115,0.0088,9.8066,-0.0677,0.031,0.0138,7.38,-38.12,0.25,128.62,-83.99,-167.7
52.383873,-1.528069,144.71,15.47,6,300.33,19 / 20,3554209,2019-09-06 20:19:19:952,0.2757,0.252,9.5849,-0.0255,0.0084,9.8066,-0.0041,0.0493,-0.0586,8,-37.75,0.75,120.42,-83.99,-167.63
52.383873,-1.528069,144.71,15.47,6,300.33,19 / 20,3554309,2019-09-06 20:19:20:052,0.6379,-0.0338,9.8638,0.0106,-0.0175,9.8065,0.0458,-0.0573,0.0529,8.31,-37.5,0.31,124.27,-84.11,-168.77
52.383873,-1.528069,144.71,15.47,6,300.33,19 / 22,3554410,2019-09-06 20:19:20:153,0.1025,-0.7743,9.7128,0.0185,-0.0078,9.8065,-0.0071,-0.0402,0.0021,8.88,-37.12,0.94,117,-84.05,-168.82
52.383873,-1.528069,144.71,15.47,6,300.33,19 / 22,3554511,2019-09-06 20:19:20:254,0.3089,-0.7599,9.801,0.0068,-0.002,9.8066,0.006,0.0302,-0.0268,8.5,-37,0.63,116.31,-83.94,-170.06
52.383873,-1.528069,144.71,15.47,6,300.33,19 / 22,3554609,2019-09-06 20:19:20:352,-0.0965,0.0035,10.117,0.0187,-0.0027,9.8066,-0.0024,0.0128,0.0247,8.44,-37.44,0.56,118.2,-83.97,-169.81
52.383873,-1.528069,144.71,15.47,6,300.33,19 / 22,3554710,2019-09-06 20:19:20:453,-0.2898,0.0581,10.2661,-0.0134,0.0083,9.8066,0.0474,0.0006,0.0386,8.5,-36.94,0.75,117.39,-83.82,-169.22
52.383873,-1.528069,144.71,15.47,6,300.33,19 / 22,3554809,2019-09-06 20:19:20:552,1.6889,0.0445,10.3584,-0.0264,0.0093,9.8065,0.1459,-0.0954,0.0339,8.25,-36.75,0.5,119.72,-83.73,-168.93
52.383873,-1.528069,144.71,15.47,6,300.33,19 / 22,3554910,2019-09-06 20:19:20:653,0.5057,-0.1011,10.5362,0.0234,-0.0132,9.8065,0.1533,-0.0251,-0.0653,8.69,-36.87,0.31,122.53,-83.71,-169.73
52.383873,-1.528069,144.71,15.47,6,300.33,19 / 22,3555010,2019-09-06 20:19:20:753,0.0675,0.8509,10.7012,0.0268,-0.0276,9.8065,0.0156,0.0427,-0.1266,8.94,-37.06,0.38,121.63,-83.63,-171.19
52.383873,-1.528069,144.71,15.47,6,300.33,19 / 22,3555110,2019-09-06 20:19:20:853,-1.244,0.9334,10.2561,-0.0576,-0.0062,9.8065,-0.0708,-0.0516,0.0558,8.5,-37.31,0.38,120.87,-83.54,-172.47
52.383873,-1.528069,144.71,15.47,6,300.33,19 / 22,3555209,2019-09-06 20:19:20:952,1.119,0.1605,10.0441,-0.0257,0.0153,9.8065,0.0275,-0.0365,0.0445,8.69,-37.12,-0.12,119.57,-83.41,-174.62
52.383873,-1.528069,144.71,15.47,6,300.33,19 / 22,3555310,2019-09-06 20:19:21:053,1.0938,-0.0972,9.8022,0.0331,-0.0216,9.8065,0.0391,-0.0588,-0.0184,8.69,-36.62,0.38,118.53,-83.66,-174.93
52.383873,-1.528069,144.71,15.47,6,300.33,19 / 20,3555410,2019-09-06 20:19:21:153,1.2111,-1.6584,11.3197,0.0204,-0.022,9.8065,0.0056,-0.0569,0.0697,8.75,-36.81,0,117.97,-83.62,-175.79
52.383873,-1.528069,144.71,15.47,6,300.33,19 / 20,3555509,2019-09-06 20:19:21:252,-0.5174,0.069,9.5816,-0.053,0.0125,9.8065,0.1919,0.0334,-0.0567,9.38,-37.25,-0.19,116.61,-83.4,-178.37
52.383873,-1.528069,144.71,15.47,6,300.33,19 / 20,3555610,2019-09-06 20:19:21:353,-1.6553,-1.1978,9.7406,-0.0243,0.0027,9.8066,-0.3355,-0.177,0.0755,10.25,-37.81,0.19,113.89,-83.44,-179.48
52.383873,-1.528069,144.71,15.47,6,300.33,19 / 20,3555710,2019-09-06 20:19:21:453,-0.6108,-0.5476,9.9861,-0.0796,0.0116,9.8063,-0.3528,0.0528,-0.0344,9.81,-37.06,0.63,108.21,-83.58,-179.13
52.383873,-1.528069,144.71,15.47,6,300.33,19 / 20,3555809,2019-09-06 20:19:21:552,1.3153,-0.2445,9.4952,-0.0842,0.0144,9.8062,0.2348,-0.0179,-0.0129,9.13,-37.19,0.75,110.17,-83.14,179.19
52.383873,-1.528069,144.71,15.47,6,300.33,19 / 20,3555909,2019-09-06 20:19:21:652,1.285,0.3922,8.4688,0.1141,-0.0429,9.8058,0.0675,-0.03,0.0465,9.25,-37.31,1.13,108.99,-83.76,-179.53
52.383873,-1.528069,144.71,15.47,6,300.33,19 / 20,3556010,2019-09-06 20:19:21:753,0.437,0.5558,9.2937,0.0732,-0.0017,9.8063,0.1002,0.0566,-0.0674,9.94,-36.31,0.5,107.57,-83.78,-178.45
52.383873,-1.528069,144.71,15.47,6,300.33,19 / 20,3556110,2019-09-06 20:19:21:853,-0.2947,0.7398,10.7928,0.0041,-0.0084,9.8066,0.218,-0.0566,0.0582,9.88,-36,0.5,107.25,-83.9,-178.38
52.383873,-1.528069,144.71,15.47,6,300.33,19 / 20,3556209,2019-09-06 20:19:21:952,0.3097,-0.0422,10.4745,0.0292,-0.0048,9.8066,-0.0972,-0.0017,0.0008,10.19,-35.87,0.13,112.55,-83.92,-178.05
52.383873,-1.528069,144.71,15.47,6,300.33,19 / 20,3556309,2019-09-06 20:19:22:052,0.9239,-0.4469,10.5971,-0.0314,0.004,9.8065,0.0134,-0.0524,-0.0128,10.81,-35.19,0.38,110.46,-83.69,-178.65
52.383873,-1.528069,144.71,15.47,6,300.33,20 / 22,3556410,2019-09-06 20:19:22:153,-0.4564,-0.1242,9.9279,-0.0396,0.0038,9.8065,0.016,-0.0056,-0.0235,10.56,-35.37,0.56,106.15,-83.24,-179.67
52.383873,-1.528069,144.71,15.47,6,300.33,20 / 22,3556509,2019-09-06 20:19:22:252,-1.0896,0.4051,9.5079,0.0395,-0.0168,9.8065,0.1701,-0.0009,-0.0131,10.88,-35.81,0.06,110.15,-83.41,179.51
52.383873,-1.528069,144.71,15.47,6,300.33,20 / 22,3556609,2019-09-06 20:19:22:352,-1.4218,-0.4636,9.3158,0.0615,-0.0273,9.8063,-0.2324,-0.0202,0.1173,9.75,-35.44,-0.31,110.6,-83.6,179.19
52.383873,-1.528069,144.71,15.47,6,300.33,20 / 22,3556709,2019-09-06 20:19:22:452,0.1671,0.3403,10.6191,-0.0433,0.0264,9.8065,-0.1381,0.062,-0.0693,9.56,-35.75,0.81,108.08,-83.52,-178.85
52.383873,-1.528069,144.71,15.47,6,300.33,20 / 22,3556810,2019-09-06 20:19:22:553,0.7911,-0.4706,10.0496,-0.0656,0.006,9.8064,-0.0246,-0.0693,0.02,10.81,-36.37,0.38,110.54,-83.55,-179.6
52.383873,-1.528069,144.71,15.47,6,300.33,20 / 22,3556910,2019-09-06 20:19:22:653,-0.264,0.6909,10.1186,-0.0488,0.0071,9.8065,-0.0837,-0.0236,0.0195,10.88,-36.31,1.13,106,-83.4,-179.96
52.383873,-1.528069,144.71,15.47,6,300.33,20 / 22,3557010,2019-09-06 20:19:22:753,0.1666,-0.3283,9.6518,-0.0641,0.0117,9.8063,0.1347,-0.0543,-0.0088,11.31,-36.19,1.44,106.97,-82.83,179.2
52.383873,-1.528069,144.71,15.47,6,300.33,20 / 22,3557110,2019-09-06 20:19:22:853,0.3089,-0.343,10.1981,0.0479,-0.0148,9.8065,0.0456,0.0219,-0.006,10.94,-36.75,0.69,106.75,-83.08,179.17
52.383873,-1.528069,144.71,15.47,6,300.33,20 / 22,3557209,2019-09-06 20:19:22:952,0.9686,0.5728,10.0998,0.0475,-0.0173,9.8065,-0.0601,0.06,-0.0184,11,-36.31,1.06,104.98,-83.28,178.52
52.383873,-1.528069,144.71,15.47,6,300.33,20 / 22,3557309,2019-09-06 20:19:23:052,-0.8984,-0.1365,10.0926,-0.0196,0.0067,9.8066,-0.0141,-0.0243,0.0019,10.25,-36.37,1.06,106.55,-83.3,178.61
52.383873,-1.528069,144.71,15.47,6,300.33,19 / 20,3557410,2019-09-06 20:19:23:153,0.0013,0.0713,10.0962,-0.0238,0.005,9.8066,-0.0258,0.0089,0.0059,10,-36.81,0.75,107.4,-83.3,178.86
52.383873,-1.528069,144.71,15.47,6,300.33,19 / 20,3557510,2019-09-06 20:19:23:253,0.2314,0.3683,9.9855,0.006,-0.0021,9.8066,0.0626,0.0168,-0.0038,9.88,-36.19,0.94,107.17,-83.28,179.23
52.383873,-1.528069,144.71,15.47,6,300.33,19 / 20,3557609,2019-09-06 20:19:23:352,-0.0775,-0.0116,9.3661,-0.0066,-0.0052,9.8066,-0.0047,0.0054,0.0413,9.88,-36.87,1.13,107.97,-83.13,178.86
52.383873,-1.528069,144.71,15.47,6,300.33,19 / 20,3557709,2019-09-06 20:19:23:452,0.3202,0.0685,9.5227,0.0147,0.0014,9.8065,-0.0278,0.0061,0.0323,10.06,-37.06,1,108.63,-83.13,179.63
52.383873,-1.528069,144.71,15.47,6,300.33,19 / 20,3557810,2019-09-06 20:19:23:553,0.315,0.339,9.9837,0.0184,-0.0064,9.8066,-0.0305,-0.0113,-0.0643,10.19,-37.12,0.88,108.46,-83.2,179.72
52.383873,-1.528069,144.71,15.47,6,300.33,19 / 20,3557910,2019-09-06 20:19:23:653,0.3247,-0.2851,9.2709,-0.0163,0.0011,9.8066,-0.0072,-0.031,0.0006,9.69,-37.19,1.06,107.83,-83.15,178.78
52.383873,-1.528069,144.71,15.47,6,300.33,19 / 20,3558010,2019-09-06 20:19:23:753,-0.4575,0.2112,9.771,-0.0172,0.0137,9.8066,0.0428,-0.0354,0.0217,9.63,-37.37,1.06,108.6,-83.04,179.27
52.383873,-1.528069,144.71,15.47,6,300.33,19 / 20,3558110,2019-09-06 20:19:23:853,-0.5652,0.0258,9.7716,-0.003,0.0082,9.8065,-0.0019,0.0371,-0.0188,9.06,-37.31,1,110.59,-83,179.08
52.383873,-1.528069,144.71,15.47,6,300.33,19 / 20,3558210,2019-09-06 20:19:23:953,0.0851,-0.1332,9.8033,-0.0089,0.0068,9.8066,0.0221,0.0171,-0.0343,9.25,-37.25,1.75,105.52,-82.98,179.75
52.383873,-1.528069,144.71,15.47,6,300.33,19 / 20,3558310,2019-09-06 20:19:24:053,-0.3513,0.5572,10.4686,-0.0015,0.0017,9.8066,0.0595,-0.0074,0.0217,8.44,-38.06,0.31,119.84,-83.1,-179.83
52.383873,-1.528069,144.71,15.47,6,300.33,18 / 20,3558410,2019-09-06 20:19:24:153,-0.5162,0.3953,9.9646,0.0114,-0.0053,9.8066,0.0729,-0.0084,0.0536,9,-37.44,1.44,110.91,-83.17,-179.79
52.383873,-1.528069,144.71,15.47,6,300.33,18 / 20,3558510,2019-09-06 20:19:24:253,-0.0867,-0.5381,9.5347,-0.0007,0.0034,9.8066,-0.0261,0.0236,-0.059,9,-38.19,1.44,112.26,-83.15,-179.05
52.383873,-1.528069,144.71,15.47,6,300.33,18 / 20,3558610,2019-09-06 20:19:24:353,0.2421,-0.1324,10.1383,-0.0011,-0.0062,9.8066,0.0119,0.0039,0.0361,9.06,-38.5,1.13,112,-83.15,-179.35
52.383873,-1.528069,144.71,15.47,6,300.33,18 / 20,3558710,2019-09-06 20:19:24:453,-0.8846,0.1192,9.9761,-0.0184,0.0133,9.8066,-0.0666,-0.0354,-0.0221,8.25,-37.94,1.19,113.99,-83.17,-179.74
52.383873,-1.528069,144.71,15.47,6,300.33,18 / 20,3558810,2019-09-06 20:19:24:553,-0.124,0.1899,10.1186,-0.0067,0.0015,9.8066,0.1211,0.0216,0.0159,8.06,-38.25,1.44,114.63,-83.09,-179.31
52.383873,-1.528069,144.71,15.47,6,300.33,18 / 20,3558910,2019-09-06 20:19:24:653,-0.7976,0.1664,9.8091,-0.0033,0.0022,9.8066,0.0372,0.0099,0.0054,8.5,-38,1.06,111.83,-83.16,-179.52
52.383873,-1.528069,144.71,15.47,6,300.33,18 / 20,3559010,2019-09-06 20:19:24:753,0.6255,-0.1554,10.3015,-0.0326,0.0129,9.8065,0.0394,-0.0129,0.0173,7.63,-38.56,0.69,115.42,-83.06,-179.4
52.383873,-1.528069,144.71,15.47,6,300.33,18 / 20,3559110,2019-09-06 20:19:24:853,-0.4318,0.1071,9.5027,0.0228,-0.0126,9.8066,0.0523,0.0078,0.0078,8.19,-38.87,1.31,114.64,-83.26,-179.34
52.383873,-1.528069,144.71,15.47,6,300.33,18 / 20,3559209,2019-09-06 20:19:24:952,0.4536,-0.0493,10.1551,0.0069,-0.0021,9.8066,0.0316,0.0159,-0.0022,7.56,-38.75,1.56,108.46,-83.27,-179.31
52.383873,-1.528069,144.71,15.47,6,300.33,18 / 20,3559310,2019-09-06 20:19:25:053,0.9441,-0.1591,9.9971,0.0094,-0.0168,9.8066,-0.0388,-0.0623,0.0173,7.88,-38.75,1.38,114.91,-83.24,-179.09
52.383873,-1.528069,144.71,15.47,6,300.33,19 / 21,3559410,2019-09-06 20:19:25:153,0.3148,-0.2603,10.0582,-0.0056,-0.0029,9.8066,0.0455,-0.0508,-0.001,7.44,-38.44,0.94,116.52,-83.28,-179.67
52.383873,-1.528069,144.71,15.47,6,300.33,19 / 21,3559509,2019-09-06 20:19:25:252,-0.7771,-0.1196,9.8446,0.0056,-0.0047,9.8066,0.0475,0.0053,-0.0002,8.5,-38.81,2.25,105.89,-83.29,179.93
52.383873,-1.528069,144.71,15.47,6,300.33,19 / 21,3559609,2019-09-06 20:19:25:352,-0.2496,0.0895,9.7491,0.0115,0.0004,9.8066,-0.0808,0.011,-0.0097,7.94,-38.06,1.63,106.41,-83.38,179.69
52.383873,-1.528069,144.71,15.47,6,300.33,19 / 21,3559710,2019-09-06 20:19:25:453,-0.4386,-0.2959,9.7116,-0.0153,0.0094,9.8066,-0.1216,-0.0317,0.0114,8.31,-37.5,1.5,106.37,-83.34,-179.66
52.383873,-1.528069,144.71,15.47,6,300.33,19 / 21,3559809,2019-09-06 20:19:25:552,-0.9245,-0.0879,9.7687,-0.0175,0.0146,9.8066,0.0257,-0.0047,0.0583,8,-38.19,1.56,108.02,-83.31,-178.73
52.383873,-1.528069,144.71,15.47,6,300.33,19 / 21,3559910,2019-09-06 20:19:25:653,0.7579,0.2506,10.0932,-0.0204,0.016,9.8066,-0.0612,-0.0111,0.039,8.63,-37.94,1.81,106.57,-83.33,-178.29
52.383873,-1.528069,144.71,15.47,6,300.33,19 / 21,3560010,2019-09-06 20:19:25:753,0.1921,-0.2529,10.2579,-0.0028,0.011,9.8066,0.0219,-0.0331,0.0156,8.88,-37.31,1.19,113.21,-83.17,-177.02
52.383873,-1.528069,144.71,15.47,6,300.33,19 / 21,3560109,2019-09-06 20:19:25:852,-0.3963,0.192,10.0482,-0.0174,0.0081,9.8066,-0.0073,-0.0082,0.0135,8.19,-36.87,1.69,109.72,-83.11,-176.78
52.383873,-1.528069,144.71,15.47,6,300.33,19 / 21,3560209,2019-09-06 20:19:25:952,0.3695,-0.1993,10.2122,0.0023,0.007,9.8066,-0.0208,0.0019,-0.0053,8.5,-37.62,2.13,108.89,-83.2,-176.16
52.383873,-1.528069,144.71,15.47,6,300.33,19 / 21,3560313,2019-09-06 20:19:26:056,0.1865,0.8252,10.3574,-0.0274,0.0037,9.8065,-0.0808,-0.011,0.0052,8.5,-37.37,1.31,113.81,-83.15,-176.36
52.384453,-1.529678,147.83,13.44,4,300.37,19 / 20,3560409,2019-09-06 20:19:26:152,0.4331,-0.1865,9.2752,0.0246,-0.0163,9.8066,0.1613,-0.0058,-0.019,8,-37.5,1.75,109.01,-83.32,-176.61
52.384453,-1.529678,147.83,13.44,4,300.37,19 / 20,3560510,2019-09-06 20:19:26:253,0.6877,-0.2953,9.5786,0.0469,-0.0271,9.8064,0.129,0.0623,0.0056,8.38,-38.06,1.13,116.83,-83.02,-176.79
52.384453,-1.529678,147.83,13.44,4,300.37,19 / 20,3560610,2019-09-06 20:19:26:353,-0.0241,-0.0457,10.3052,0.017,-0.014,9.8066,0.0009,-0.0371,-0.069,8.38,-38.56,0.81,115.8,-83.29,-177.71
52.384453,-1.529678,147.83,13.44,4,300.37,19 / 20,3560710,2019-09-06 20:19:26:453,-0.9901,-0.1225,9.7065,-0.0049,-0.0072,9.8065,0.0527,0.0206,-0.079,8.44,-37.56,1.19,115.06,-83.15,-178.46
52.384453,-1.529678,147.83,13.44,4,300.37,19 / 20,3560809,2019-09-06 20:19:26:552,-0.7135,0.4397,9.7686,-0.0018,-0.0123,9.8066,-0.0273,0.0213,0.0293,8.38,-37.87,1.75,107.78,-83.19,-179.62
52.384453,-1.529678,147.83,13.44,4,300.37,19 / 20,3560910,2019-09-06 20:19:26:653,0.1593,0.4552,10.515,0.0013,-0.0044,9.8066,0.0124,-0.0015,0.0017,7.94,-37.5,1.88,106.75,-83.15,179.82
52.384453,-1.529678,147.83,13.44,4,300.37,19 / 20,3561010,2019-09-06 20:19:26:753,-0.1186,0.4822,10.3287,0.0047,-0.0151,9.8066,-0.0424,-0.0261,-0.0896,8.44,-37.69,1.56,106.87,-83.16,179.11
52.384453,-1.529678,147.83,13.44,4,300.37,19 / 20,3561109,2019-09-06 20:19:26:852,-0.2757,0.9996,10.3271,-0.0154,-0.0045,9.8066,0.0509,-0.0576,-0.0168,8.31,-37.44,1.56,106.35,-83.06,178.94
52.384453,-1.529678,147.83,13.44,4,300.37,19 / 20,3561210,2019-09-06 20:19:26:953,1.9783,-0.4544,9.8184,0.0132,-0.0206,9.8066,0.0341,0.0184,0.0582,8.19,-37,0.94,112.01,-82.96,177.6
52.384453,-1.529678,147.83,13.44,4,300.37,19 / 20,3561310,2019-09-06 20:19:27:053,0.3289,-0.2352,9.895,0.0213,0.001,9.8066,0.01,0.018,0.0217,8.06,-38,0.75,111.72,-83.09,176.98
52.384453,-1.529678,147.83,13.44,4,300.37,21 / 22,3561409,2019-09-06 20:19:27:152,1.4176,-0.6905,9.3388,0.0037,0.0085,9.8066,-0.0226,0.0242,-0.0221,8.25,-38.12,0.81,112.44,-83.06,177.74
52.384453,-1.529678,147.83,13.44,4,300.37,21 / 22,3561509,2019-09-06 20:19:27:252,0.0796,-0.0998,9.4295,0.0572,-0.0108,9.8064,0.1334,0.0042,0.0688,7.5,-38.62,1.69,106.77,-83.29,178.75
52.384453,-1.529678,147.83,13.44,4,300.37,21 / 22,3561609,2019-09-06 20:19:27:352,0.9536,0.5153,9.7566,0.0402,0.002,9.8065,-0.0808,0.0034,-0.0293,7.44,-38.44,2.25,110.22,-83.17,-179.56
52.384453,-1.529678,147.83,13.44,4,300.37,21 / 22,3561710,2019-09-06 20:19:27:453,0.3944,-0.1017,9.9066,-0.0028,0.0096,9.8066,-0.0281,0.0425,-0.0311,7.69,-38.31,1.81,108.54,-83.2,-178.65
52.384453,-1.529678,147.83,13.44,4,300.37,21 / 22,3561810,2019-09-06 20:19:27:553,0.0122,-0.0441,9.3176,0.0173,-0.0105,9.8066,-0.0164,0.061,0.0582,8,-37.62,1.81,108.4,-83.28,-178.42
52.384453,-1.529678,147.83,13.44,4,300.37,21 / 22,3561910,2019-09-06 20:19:27:653,-0.3846,-0.3362,9.5704,0.018,-0.001,9.8066,0.0002,0.0072,0.0256,8.13,-37.31,1.81,107.75,-83.31,-178.15
52.384453,-1.529678,147.83,13.44,4,300.37,21 / 22,3562010,2019-09-06 20:19:27:753,0.7965,0.055,9.6714,-0.0007,0.0087,9.8066,0.0528,-0.016,-0.0814,8,-37.5,1.5,108.55,-83.31,-177.18
52.384453,-1.529678,147.83,13.44,4,300.37,21 / 22,3562109,2019-09-06 20:19:27:852,-0.1136,-0.5787,9.3874,0.0204,-0.0102,9.8065,0.1048,0.0252,0.0132,8.44,-37.37,2.25,108,-83.38,-177.51
52.384453,-1.529678,147.83,13.44,4,300.37,21 / 22,3562210,2019-09-06 20:19:27:953,-0.2609,-0.2783,9.2763,0.004,0.0107,9.8066,0.0614,-0.0064,0.0548,9,-37.31,2.13,106.97,-83.29,-177.24
52.384453,-1.529678,147.83,13.44,4,300.37,19 / 21,3562309,2019-09-06 20:19:28:052,0.9038,0.9264,10.5848,-0.0074,0.0028,9.8066,-0.0908,0.0866,-0.0886,8.25,-37.19,1.75,110.57,-83.24,-175.09
52.384453,-1.529678,147.83,13.44,4,300.37,19 / 21,3562410,2019-09-06 20:19:28:153,1.049,-0.7875,10.1164,-0.0594,-0.0012,9.8064,0.0788,0.0241,-0.0525,9,-37.06,2.19,107.57,-83.16,-177.08
52.384453,-1.529678,147.83,13.44,4,300.37,19 / 21,3562509,2019-09-06 20:19:28:252,-0.2703,0.1862,9.264,0.0067,-0.0215,9.8065,-0.0265,0.0589,0.0238,10.06,-37.12,1.5,104.29,-83.16,-179.24
52.384453,-1.529678,147.83,13.44,4,300.37,19 / 21,3562610,2019-09-06 20:19:28:353,0.0441,0.2143,9.1007,-0.0245,-0.0144,9.8065,-0.0145,-0.0009,-0.0939,9.88,-36.81,1.5,103.52,-83.05,179.47
52.384453,-1.529678,147.83,13.44,4,300.37,19 / 21,3562710,2019-09-06 20:19:28:453,0.4199,0.4049,9.5041,0.0185,-0.0129,9.8066,-0.061,0.007,-0.0459,9.88,-37.12,1.13,106.61,-83.31,178
52.384453,-1.529678,147.83,13.44,4,300.37,19 / 21,3562809,2019-09-06 20:19:28:552,-0.2009,0.4954,10.2797,0.0141,-0.0073,9.8065,0.0546,-0.0047,0.0294,10.44,-37.19,1.13,105.44,-83.45,177.2
52.384453,-1.529678,147.83,13.44,4,300.37,19 / 21,3562910,2019-09-06 20:19:28:653,-0.2974,-0.833,9.3926,-0.0162,0.016,9.8066,-0.0113,0.0302,-0.0247,9.06,-37,0.19,112.46,-83.51,177
52.384453,-1.529678,147.83,13.44,4,300.37,19 / 21,3563009,2019-09-06 20:19:28:752,0.0416,0.3616,10.0171,-0.0187,0.0157,9.8066,-0.0567,0.0731,0.0435,8.75,-37.62,0.94,109.2,-83.42,178.47
52.384453,-1.529678,147.83,13.44,4,300.37,19 / 21,3563109,2019-09-06 20:19:28:852,0.4066,1.0885,9.6446,0.0073,0.0171,9.8066,0.0143,-0.0493,0.0806,8.75,-37.62,0.5,110.27,-83.65,-179.24
52.384453,-1.529678,147.83,13.44,4,300.37,19 / 21,3563210,2019-09-06 20:19:28:953,-0.7176,0.3159,9.7639,0.0083,0.0035,9.8066,-0.0246,0.0008,0,8.5,-37.06,0.63,110.81,-83.72,-177.57
52.384453,-1.529678,147.83,13.44,4,300.37,19 / 21,3563310,2019-09-06 20:19:29:053,0.5469,0.295,9.7718,0.0086,0.0051,9.8066,0.0587,-0.0005,0.0247,8.25,-37.62,0.94,114.56,-83.73,-176.27
52.384453,-1.529678,147.83,13.44,4,300.37,19 / 21,3563409,2019-09-06 20:19:29:152,1.2546,0.5518,10.1333,0.0227,-0.0084,9.8066,-0.0689,0.0379,-0.047,8.31,-38,1.25,114.52,-83.87,-175.61
52.384453,-1.529678,147.83,13.44,4,300.37,19 / 21,3563510,2019-09-06 20:19:29:253,0.4183,-0.4796,10.0894,-0.0095,-0.0004,9.8066,-0.0343,0.0016,0.0003,8.13,-37.5,0.81,113.7,-83.79,-176.22
52.384453,-1.529678,147.83,13.44,4,300.37,19 / 21,3563609,2019-09-06 20:19:29:352,0.6538,0.3331,10.3393,-0.0264,0.0021,9.8065,0.0191,-0.005,-0.0437,7.81,-37.62,0.19,120.01,-83.72,-176.69
52.384453,-1.529678,147.83,13.44,4,300.37,19 / 21,3563709,2019-09-06 20:19:29:452,0.5263,-0.6578,9.8253,-0.013,-0.0078,9.8066,-0.0354,0.0164,0.0246,7.94,-37.37,0.81,112.65,-83.66,-178.13
52.384453,-1.529678,147.83,13.44,4,300.37,19 / 21,3563809,2019-09-06 20:19:29:552,0.2345,-0.2765,9.6866,-0.0128,0.0099,9.8066,0.0202,-0.0308,-0.0302,7.94,-37.31,0.38,118.11,-83.69,-178.52
52.384453,-1.529678,147.83,13.44,4,300.37,19 / 21,3563910,2019-09-06 20:19:29:653,0.5969,0.3039,9.9139,0.0109,-0.0048,9.8066,-0.0134,0.0234,-0.0321,7.63,-38.25,0.13,118.99,-83.82,-177.57
52.384453,-1.529678,147.83,13.44,4,300.37,19 / 21,3564009,2019-09-06 20:19:29:752,0.014,-0.4673,10.0001,-0.0122,-0.002,9.8066,0.0406,-0.0018,0.045,8.75,-38.25,0.19,115.88,-83.8,-178.35
52.384453,-1.529678,147.83,13.44,4,300.37,19 / 21,3564109,2019-09-06 20:19:29:852,-0.1278,-0.1618,9.7037,0.0112,-0.0006,9.8066,0.0501,-0.0516,-0.0249,7.75,-38,0.25,118.62,-83.72,-178.52
52.384453,-1.529678,147.83,13.44,4,300.37,19 / 21,3564210,2019-09-06 20:19:29:953,0.3208,-0.5741,9.8783,0.0059,0.0003,9.8066,-0.0401,0.0443,0.0116,8.31,-37.81,0.63,113.69,-83.66,-177.7
52.384453,-1.529678,147.83,13.44,4,300.37,19 / 21,3564310,2019-09-06 20:19:30:053,-0.1174,-0.8465,9.6485,-0.0034,0.0018,9.8066,-0.0841,-0.0047,0.0674,7.31,-38,0.31,122.16,-83.67,-178.29
52.384453,-1.529678,147.83,13.44,4,300.37,19 / 20,3564410,2019-09-06 20:19:30:153,0.2943,-0.1747,9.6151,0.0081,0.0125,9.8066,0.0544,0.0171,-0.0568,7.69,-37.62,0.19,119.77,-83.74,-176.94
52.384453,-1.529678,147.83,13.44,4,300.37,19 / 20,3564509,2019-09-06 20:19:30:252,-0.4144,-0.0164,10.5271,0.0106,-0.0005,9.8066,0.0556,0.0371,-0.0023,6.94,-37.19,0.5,115.73,-83.74,-177.11
52.384453,-1.529678,147.83,13.44,4,300.37,19 / 20,3564610,2019-09-06 20:19:30:353,-0.6471,-0.575,10.4867,0.0217,-0.0067,9.8066,0.0001,-0.088,0.0832,6.38,-36.69,1.25,118.49,-83.87,-176.9
52.384453,-1.529678,147.83,13.44,4,300.37,19 / 20,3564709,2019-09-06 20:19:30:452,0.6769,0.0694,9.9553,-0.0133,0.0295,9.8066,-0.0287,0.0224,-0.1496,6.25,-35.81,1.5,111.41,-83.7,-175.85
52.384453,-1.529678,147.83,13.44,4,300.37,19 / 20,3564810,2019-09-06 20:19:30:553,-0.3528,0.174,9.4943,0.0145,-0.0233,9.8066,-0.0493,0.0079,0.0709,6.56,-36.37,2.38,107.99,-83.79,-176.72
52.384453,-1.529678,147.83,13.44,4,300.37,19 / 20,3564910,2019-09-06 20:19:30:653,0.5937,-0.627,9.2034,0.0055,0.0116,9.8066,-0.1503,-0.013,0.1018,7.06,-37,1.81,108.38,-83.87,-176.74
52.384453,-1.529678,147.83,13.44,4,300.37,19 / 20,3565010,2019-09-06 20:19:30:753,0.5956,1.0376,11.3089,-0.0282,0.0257,9.8066,0.013,0.0697,-0.0987,8.06,-37.37,2.13,109.31,-83.75,-174.17
52.384453,-1.529678,147.83,13.44,4,300.37,19 / 20,3565110,2019-09-06 20:19:30:853,0.4529,-0.0177,9.6269,-0.0061,-0.0086,9.8066,0.0113,-0.0109,0.0212,7.88,-37.5,1.75,107.62,-83.94,-175.23
52.384453,-1.529678,147.83,13.44,4,300.37,19 / 20,3565209,2019-09-06 20:19:30:952,0.7437,-0.578,9.6577,-0.024,0.0131,9.8066,0.0648,0.0313,0.0179,8.13,-37.19,1.69,108.91,-83.64,-175.16
52.384453,-1.529678,147.83,13.44,4,300.37,19 / 20,3565310,2019-09-06 20:19:31:053,-1.0897,-0.3539,9.8658,-0.0055,-0.0096,9.8066,0.0031,0.0157,0.0066,8.38,-37.31,1.44,114,-83.72,-176.17
52.384453,-1.529678,147.83,13.44,4,300.37,19 / 20,3565409,2019-09-06 20:19:31:152,0.0887,-0.9756,9.9897,-0.0039,-0.0022,9.8066,0.0037,-0.0601,0.0045,8.25,-37.19,1.06,113.3,-83.83,-176.53
52.384453,-1.529678,147.83,13.44,4,300.37,19 / 20,3565510,2019-09-06 20:19:31:253,0.2227,-0.8584,9.5284,-0.0038,0.0001,9.8066,-0.0516,0.0317,-0.091,8.19,-37.37,0.94,113.46,-83.88,-176.1
52.384453,-1.529678,147.83,13.44,4,300.37,19 / 20,3565610,2019-09-06 20:19:31:353,-1.5075,-1.2777,9.2553,-0.0029,-0.0078,9.8066,0.0384,-0.078,0.1324,8.5,-37.37,0.94,110.77,-83.85,-177.06
52.384453,-1.529678,147.83,13.44,4,300.37,19 / 20,3565709,2019-09-06 20:19:31:452,1.6483,-0.6235,10.311,0.0199,0.011,9.8065,-0.1388,-0.014,-0.0417,8.44,-37.94,1.19,115.03,-83.82,-175.25
52.384453,-1.529678,147.83,13.44,4,300.37,19 / 20,3565809,2019-09-06 20:19:31:552,0.526,-0.4095,10.4312,0.0199,0.0057,9.8066,0.2282,-0.0474,0.0577,7.81,-37.56,1.25,115.62,-83.81,-174.52
52.384453,-1.529678,147.83,13.44,4,300.37,19 / 20,3565910,2019-09-06 20:19:31:653,-0.3473,0.6891,9.4092,0.0002,-0.0011,9.8066,0.0765,0.0004,0.0756,7.94,-37.5,0.63,115.25,-83.79,-174.31
52.384453,-1.529678,147.83,13.44,4,300.37,19 / 20,3566010,2019-09-06 20:19:31:753,-0.4729,-0.3824,9.5241,0.0276,0.0001,9.8065,0.0431,-0.0331,-0.0586,7.69,-38,0.56,116.59,-83.72,-173.74
52.384453,-1.529678,147.83,13.44,4,300.37,19 / 20,3566110,2019-09-06 20:19:31:853,0.1943,0.4505,9.4437,0.02,-0.0226,9.8065,0.0562,-0.0039,0.0056,7.5,-36.62,0.31,122.03,-83.79,-173.02
52.384453,-1.529678,147.83,13.44,4,300.37,19 / 20,3566210,2019-09-06 20:19:31:953,-1.2248,0.6337,9.5709,0.0064,-0.0013,9.8065,-0.096,-0.006,-0.0214,7.63,-36.69,0.63,115.75,-83.85,-173.41
52.384453,-1.529678,147.83,13.44,4,300.37,19 / 20,3566310,2019-09-06 20:19:32:053,-0.4207,-0.7164,9.3788,-0.008,0.0052,9.8066,-0.1434,0.0556,-0.033,6.88,-35.81,0.25,124.7,-83.78,-172.55
52.384453,-1.529678,147.83,13.44,4,300.37,19 / 20,3566410,2019-09-06 20:19:32:153,0.2795,-0.7239,9.0913,-0.0348,0.0065,9.8065,0.1335,-0.037,0.0378,6.25,-36.12,1.38,121.21,-83.66,-173.31
52.384453,-1.529678,147.83,13.44,4,300.37,19 / 20,3566509,2019-09-06 20:19:32:252,-0.3752,-0.8,9.3548,0.0404,-0.0035,9.8065,0.1363,-0.0053,-0.0687,6.88,-35.31,1.44,118.31,-83.54,-172.94
52.384453,-1.529678,147.83,13.44,4,300.37,19 / 20,3566610,2019-09-06 20:19:32:353,0.4551,0.5089,10.3349,0.007,0.0137,9.8065,0.0742,-0.0188,0.0628,7.31,-36.25,1.88,113.79,-83.54,-170.91
52.384453,-1.529678,147.83,13.44,4,300.37,19 / 20,3566710,2019-09-06 20:19:32:453,-0.2434,-1.7073,9.1513,0.0196,-0.0026,9.8066,0.0122,0.0752,-0.0393,7.44,-36.62,2,114.6,-83.65,-170.22
52.384453,-1.529678,147.83,13.44,4,300.37,19 / 20,3566810,2019-09-06 20:19:32:553,-0.8754,-0.8486,8.65,0.0054,0.0193,9.8066,-0.1701,0.1173,0.0577,7.94,-37.37,1.94,114.34,-83.63,-168.6
52.384453,-1.529678,147.83,13.44,4,300.37,19 / 20,3566910,2019-09-06 20:19:32:653,1.1352,0.0079,9.686,0.0205,0.0196,9.8066,-0.2124,0.0575,-0.0002,7.69,-37.44,1.5,114.2,-83.79,-168.04
52.384453,-1.529678,147.83,13.44,4,300.37,19 / 20,3567010,2019-09-06 20:19:32:753,1.3228,-0.9194,8.8817,-0.0499,0.0095,9.8065,0.2061,-0.0341,-0.0395,7.81,-37.37,1.19,121.38,-83.57,-167.49
52.384453,-1.529678,147.83,13.44,4,300.37,19 / 20,3567109,2019-09-06 20:19:32:852,-0.7321,-0.8983,8.7602,0.0219,-0.0157,9.8066,-0.0191,0.0448,0.0325,7.81,-37.37,1.13,120.2,-83.29,-170.25
52.384453,-1.529678,147.83,13.44,4,300.37,19 / 20,3567209,2019-09-06 20:19:32:952,-1.1098,0.4439,9.4263,-0.0034,-0.0008,9.8066,0.0747,-0.0317,-0.0487,7.56,-37.37,1.44,119.86,-83.29,-170.72
52.384453,-1.529678,147.83,13.44,4,300.37,19 / 20,3567310,2019-09-06 20:19:33:053,-0.1886,0.0778,9.6529,0.0354,-0.0217,9.8065,0.072,-0.0219,-0.0226,7.63,-37.37,1.38,118.41,-83.76,-170.47
52.384453,-1.529678,147.83,13.44,4,300.37,19 / 21,3567410,2019-09-06 20:19:33:153,-1.236,0.0936,9.5667,0.0215,-0.0078,9.8066,-0.1071,0.0117,-0.0313,8.13,-37.87,1.06,118.46,-83.87,-170.66
52.384453,-1.529678,147.83,13.44,4,300.37,19 / 21,3567510,2019-09-06 20:19:33:253,-0.374,0.4401,9.682,-0.0207,-0.0006,9.8066,-0.0334,-0.028,0.088,8.25,-37.37,0.06,123.48,-83.69,-171.56
52.384453,-1.529678,147.83,13.44,4,300.37,19 / 21,3567609,2019-09-06 20:19:33:352,-0.3694,0.3246,10.5907,-0.0049,0.0116,9.8066,0.0694,-0.0468,-0.0414,8,-37.62,0.88,119.11,-83.57,-171.2
52.384453,-1.529678,147.83,13.44,4,300.37,19 / 21,3567710,2019-09-06 20:19:33:453,-1.0529,1.3539,10.3015,-0.0118,-0.0042,9.8066,0.073,0.0029,-0.0067,8.13,-38,0.94,120.2,-83.42,-170.49
52.384453,-1.529678,147.83,13.44,4,300.37,19 / 21,3567809,2019-09-06 20:19:33:552,0.4238,-0.0624,10.4439,-0.0114,0.0055,9.8066,-0.0387,-0.0586,-0.0022,7.19,-37.5,1,121.57,-83.36,-171.34
52.384453,-1.529678,147.83,13.44,4,300.37,19 / 21,3567910,2019-09-06 20:19:33:653,0.2323,-0.9385,10.1255,-0.0103,0.0169,9.8066,-0.0431,-0.0107,-0.1259,6.88,-37.31,1.06,122.32,-83.25,-170.84
52.384453,-1.529678,147.83,13.44,4,300.37,19 / 21,3568010,2019-09-06 20:19:33:753,0.1774,0.6758,9.2707,0.0001,-0.0156,9.8066,0.026,0.0252,0.0534,7.19,-37.69,0.94,122.37,-83.3,-171.45
52.384453,-1.529678,147.83,13.44,4,300.37,19 / 21,3568109,2019-09-06 20:19:33:852,-0.1751,0.445,9.6742,-0.0015,0.0031,9.8066,-0.1846,-0.0356,-0.001,7.81,-37.62,1.13,118.91,-83.52,-171.68
52.384453,-1.529678,147.83,13.44,4,300.37,19 / 21,3568209,2019-09-06 20:19:33:952,-0.2441,-0.3334,9.6275,0.026,-0.0067,9.8065,-0.2374,0.1016,0.0655,8,-37.06,0.38,123.37,-83.8,-171.25
52.384453,-1.529678,147.83,13.44,4,300.37,19 / 21,3568310,2019-09-06 20:19:34:053,-2.1664,0.8595,11.6956,-0.0986,0.0893,9.8057,-0.2852,-0.2301,0.0432,7.5,-36.81,0.94,117.26,-84.31,-169.46
52.384453,-1.529678,147.83,13.44,4,300.37,19 / 20,3568409,2019-09-06 20:19:34:152,2.9219,-1.9847,9.1871,0.0003,-0.0114,9.8065,-0.175,0.1869,0.2246,6.88,-36.31,0.38,129.43,-83.94,-165.31
52.384453,-1.529678,147.83,13.44,4,300.37,19 / 20,3568510,2019-09-06 20:19:34:253,3.9883,0.1595,11.1257,-0.0681,0.0426,9.8063,-0.0886,-0.1376,0.0633,7.25,-36.37,0.94,123.27,-83.68,-166.5
52.384453,-1.529678,147.83,13.44,4,300.37,19 / 20,3568610,2019-09-06 20:19:34:353,-2.7383,0.4444,12.8407,-0.0432,0.0292,9.8065,-0.2325,0.0739,-0.1653,7.13,-36.56,0.63,125.44,-83.64,-164.57
52.384453,-1.529678,147.83,13.44,4,300.37,19 / 20,3568710,2019-09-06 20:19:34:453,-0.6469,0.3344,10.1208,-0.1126,-0.0108,9.806,-0.151,0.0595,0.0167,8.19,-37.44,0.75,117.98,-83.28,-173.2
52.384453,-1.529678,147.83,13.44,4,300.37,19 / 20,3568810,2019-09-06 20:19:34:553,-1.0588,0.5003,8.3653,-0.0472,-0.0193,9.8065,-0.1617,0.0702,-0.1867,9.25,-37.25,1.56,107.84,-83.26,-176.33
52.384453,-1.529678,147.83,13.44,4,300.37,19 / 20,3568910,2019-09-06 20:19:34:653,-3.1104,4.5696,11.6584,-0.095,0.0241,9.8061,-0.0798,-0.0479,0.0047,10,-38.19,1.38,109.72,-83.77,-177.3
52.384453,-1.529678,147.83,13.44,4,300.37,19 / 20,3569009,2019-09-06 20:19:34:752,2.3928,-0.62,8.7299,-0.1071,0.0182,9.806,-0.3977,-0.001,0.0419,9.75,-37.81,0.5,107.53,-83.76,-179.88
52.384453,-1.529678,147.83,13.44,4,300.37,19 / 20,3569110,2019-09-06 20:19:34:853,2.5772,-2.47,7.7322,-0.0942,0.0312,9.8061,-0.6345,0.219,-0.033,9.69,-37.25,1.56,100.67,-83.65,178.69
52.384453,-1.529678,147.83,13.44,4,300.37,19 / 20,3569210,2019-09-06 20:19:34:953,0.8329,0.8293,8.7699,-0.1574,0.0452,9.8052,0.1934,0.1092,-0.1886,10.06,-36.81,1.38,107.51,-83.43,179.48
52.384453,-1.529678,147.83,13.44,4,300.37,19 / 20,3569310,2019-09-06 20:19:35:053,-1.3751,0.7351,10.4332,0.0852,-0.0309,9.8062,-0.0409,-0.0623,0.1163,10.31,-36.44,0.5,105.34,-84.01,179.89
52.38496,-1.531143,149.96,13.01,4,300.62,20 / 21,3569409,2019-09-06 20:19:35:152,0.3567,-1.3639,9.6144,0.0399,-0.0101,9.8065,-0.1463,-0.0197,-0.1005,10.81,-37,0,110.07,-83.75,179.94
52.38496,-1.531143,149.96,13.01,4,300.62,20 / 21,3569509,2019-09-06 20:19:35:252,-1.2852,0.8534,9.4146,0.0387,0.0132,9.8065,-0.0868,-0.0365,-0.1308,10.69,-36.75,1.19,104.8,-84.06,-179.6
52.38496,-1.531143,149.96,13.01,4,300.62,20 / 21,3569610,2019-09-06 20:19:35:353,-2.0162,-0.5061,10.0304,0.0399,-0.0171,9.8065,0.1781,-0.0008,-0.0202,9.25,-36.5,1.31,107.47,-84.17,-178.86
52.38496,-1.531143,149.96,13.01,4,300.62,20 / 21,3569709,2019-09-06 20:19:35:452,-1.8571,-0.5204,9.5818,0.0189,-0.0001,9.8066,-0.163,-0.0301,0.1002,9.25,-36.31,0.88,107.8,-84.07,-178.91
52.38496,-1.531143,149.96,13.01,4,300.62,20 / 21,3569809,2019-09-06 20:19:35:552,0.0124,1.2803,11.3164,-0.0291,0.0439,9.8065,-0.043,0.0482,-0.0768,8.81,-36.06,1,110.9,-83.87,-176.15
52.38496,-1.531143,149.96,13.01,4,300.62,20 / 21,3569910,2019-09-06 20:19:35:653,-0.315,1.7721,8.7914,-0.0045,0.0159,9.8065,-0.1626,0.0245,0.0255,8.19,-35.37,0.75,115.22,-83.54,-173.91
52.38496,-1.531143,149.96,13.01,4,300.62,20 / 21,3570009,2019-09-06 20:19:35:752,-0.0622,-1.8589,8.1764,-0.0358,0.0104,9.8066,-0.2749,0.1018,-0.005,8.88,-35.5,1,112.9,-83.38,-174.99
52.38496,-1.531143,149.96,13.01,4,300.62,20 / 21,3570109,2019-09-06 20:19:35:852,2.6848,3.9749,11.0289,0.0468,-0.0097,9.8064,-0.1597,0.0254,-0.2176,8.56,-35.87,0.38,117.83,-84.13,-173.36
52.38496,-1.531143,149.96,13.01,4,300.62,20 / 21,3570209,2019-09-06 20:19:35:952,-1.5367,-1.3807,10.5471,-0.1376,0.0171,9.8056,0.1498,0.0895,-0.1467,9.06,-35.44,-0.19,117.01,-83.9,-174.55
52.38496,-1.531143,149.96,13.01,4,300.62,20 / 21,3570310,2019-09-06 20:19:36:053,-0.5935,0.0561,12.2378,-0.0444,0.0086,9.8065,-0.3715,0.2924,0.0687,8.88,-35.87,0.19,113.62,-84.29,-177.76
52.38496,-1.531143,149.96,13.01,4,300.62,20 / 21,3570410,2019-09-06 20:19:36:153,-1.5201,-0.5303,11.122,-0.2,0.0834,9.8042,-0.3113,0.0152,0.0246,8.56,-35.56,-0.06,118.86,-83.19,-175.65
52.38496,-1.531143,149.96,13.01,4,300.62,20 / 21,3570509,2019-09-06 20:19:36:252,0.6055,0.6164,8.7016,-0.115,0.0493,9.8058,-0.0989,-0.1443,0.0469,8.81,-36.56,0.5,115.46,-83.24,-173.93
52.38496,-1.531143,149.96,13.01,4,300.62,20 / 21,3570610,2019-09-06 20:19:36:353,0.8304,-0.1605,9.0383,0.0358,-0.0025,9.8065,-0.2082,0.0466,0.0048,8.81,-37.75,0.81,116.14,-83.84,-171.36
52.38496,-1.531143,149.96,13.01,4,300.62,20 / 21,3570710,2019-09-06 20:19:36:453,1.7546,0.5009,9.4207,0.0228,0.0005,9.8066,0.0708,0.0518,-0.0604,9.31,-37,0.88,115.42,-84.02,-170.83
52.38496,-1.531143,149.96,13.01,4,300.62,20 / 21,3570810,2019-09-06 20:19:36:553,-0.3186,0.2624,10.0381,0.0242,-0.018,9.8066,0.1281,-0.0172,0.0102,8.5,-36.31,0.19,120.83,-84.01,-170.11
52.38496,-1.531143,149.96,13.01,4,300.62,20 / 21,3570910,2019-09-06 20:19:36:653,0.4511,-0.9561,10.847,0.011,-0.0098,9.8065,0.0631,-0.0575,0.031,9.06,-36.31,0.69,114.45,-84.04,-171.28
52.38496,-1.531143,149.96,13.01,4,300.62,20 / 21,3571009,2019-09-06 20:19:36:752,-2.0063,-1.1414,9.655,-0.0516,0.0057,9.8065,-0.0501,0.0508,-0.1208,8.88,-36.37,0.75,113.57,-83.69,-173.7
52.38496,-1.531143,149.96,13.01,4,300.62,20 / 21,3571110,2019-09-06 20:19:36:853,0.6666,0.2918,9.5552,-0.0403,-0.004,9.8065,-0.1014,-0.0354,0.0429,9,-36.37,0.19,117.81,-83.74,-174.84
52.38496,-1.531143,149.96,13.01,4,300.62,20 / 21,3571209,2019-09-06 20:19:36:952,0.1896,-0.1416,9.7833,0.0201,-0.0138,9.8066,-0.0641,-0.0663,0.0126,8.75,-36.81,0.56,112.07,-84.13,-174.37
52.38496,-1.531143,149.96,13.01,4,300.62,20 / 21,3571309,2019-09-06 20:19:37:052,-0.0173,-0.6663,10.3082,-0.0058,-0.0036,9.8066,0.0449,-0.008,0.0189,9.06,-37.12,0.38,117.59,-84.14,-174.22
52.38496,-1.531143,149.96,13.01,4,300.62,19 / 21,3571409,2019-09-06 20:19:37:152,-0.4004,0.0475,9.433,-0.0153,0.0125,9.8065,0.0296,0.04,-0.0135,9.5,-36.44,0.75,109.55,-84.19,-174.74
52.38496,-1.531143,149.96,13.01,4,300.62,19 / 21,3571510,2019-09-06 20:19:37:253,-0.5454,-0.1141,9.3813,0.002,-0.0018,9.8066,0.0216,-0.0126,0.0143,9.31,-36.56,0.63,112.02,-83.99,-175.02
52.38496,-1.531143,149.96,13.01,4,300.62,19 / 21,3571609,2019-09-06 20:19:37:352,-1.2845,-0.1666,8.8864,0.0282,-0.0102,9.8065,-0.0027,-0.033,-0.0033,8.69,-36.31,-0.25,116.66,-84.11,-174.86
52.38496,-1.531143,149.96,13.01,4,300.62,19 / 21,3571710,2019-09-06 20:19:37:453,0.5429,-0.0173,9.5591,0.0116,0.0001,9.8066,-0.0557,0.0136,0.0365,8.75,-36.75,0.13,117.6,-84.17,-174.07
52.38496,-1.531143,149.96,13.01,4,300.62,19 / 21,3571810,2019-09-06 20:19:37:553,0.7342,0.4422,10.0352,0.0153,0.0041,9.8066,-0.0241,-0.0442,0.0718,8.63,-36.06,-0.19,117.1,-84.4,-173.2
52.38496,-1.531143,149.96,13.01,4,300.62,19 / 21,3571909,2019-09-06 20:19:37:652,0.3318,-0.1841,9.731,0.0022,0.0044,9.8066,0.1613,0.0035,-0.0705,8.75,-36.75,0.06,118.75,-84.24,-172.42
52.38496,-1.531143,149.96,13.01,4,300.62,19 / 21,3572009,2019-09-06 20:19:37:752,-2.0757,0.7381,10.7813,0.0022,-0.012,9.8066,0.1675,-0.0317,0.0348,9.25,-36.87,0.69,113.77,-83.93,-173.17
52.38496,-1.531143,149.96,13.01,4,300.62,19 / 21,3572110,2019-09-06 20:19:37:853,-1.3927,0.4304,10.0792,0.0446,-0.0161,9.8065,-0.1105,0.0058,-0.0071,8.94,-37.69,0.44,118.65,-83.96,-174.26
52.38496,-1.531143,149.96,13.01,4,300.62,19 / 21,3572209,2019-09-06 20:19:37:952,-0.0391,-0.1134,10.0404,-0.0006,-0.0045,9.8066,0.0166,-0.0463,-0.0521,8.94,-36.37,0.06,117.12,-83.99,-174.72
52.38496,-1.531143,149.96,13.01,4,300.62,19 / 21,3572309,2019-09-06 20:19:38:052,-0.5383,-0.24,9.6851,0.009,-0.0109,9.8066,-0.0427,-0.0496,0.0491,8.56,-36.62,0.25,116.8,-84.15,-175.13
52.38496,-1.531143,149.96,13.01,4,300.62,19 / 21,3572410,2019-09-06 20:19:38:153,-0.4079,0.9956,9.7721,0.0213,-0.0131,9.8066,-0.1894,0.0505,-0.0253,9,-37.25,-0.06,116.97,-84.05,-175.34
52.38496,-1.531143,149.96,13.01,4,300.62,19 / 21,3572509,2019-09-06 20:19:38:252,0.2058,-0.1911,9.2755,0.0056,-0.0088,9.8066,0.1121,-0.0414,-0.0368,8.75,-37.37,-0.06,116.41,-84.08,-175.9
52.38496,-1.531143,149.96,13.01,4,300.62,19 / 21,3572610,2019-09-06 20:19:38:353,-0.0807,-0.8831,8.9924,-0.0054,-0.0004,9.8066,-0.0116,0.0479,-0.0483,8.81,-36.87,0.44,116.45,-83.97,-176.3
52.38496,-1.531143,149.96,13.01,4,300.62,19 / 21,3572710,2019-09-06 20:19:38:453,-0.2271,0.4382,9.292,0.0474,-0.0255,9.8065,0.037,0.0084,-0.0164,8.19,-36.81,0.25,119.02,-83.86,-176.58
52.38496,-1.531143,149.96,13.01,4,300.62,19 / 21,3572810,2019-09-06 20:19:38:553,0.6402,-0.3854,10.7647,0.0456,-0.0155,9.8064,0.0462,-0.0172,0.0026,8.38,-37,0.5,111.77,-84.31,-176.1
52.38496,-1.531143,149.96,13.01,4,300.62,19 / 21,3572910,2019-09-06 20:19:38:653,-1.6447,0.3104,10.5873,-0.0158,0.0201,9.8066,-0.1211,-0.0049,0.0576,7.88,-37,0.63,114.34,-84.04,-174.27
52.38496,-1.531143,149.96,13.01,4,300.62,19 / 21,3573009,2019-09-06 20:19:38:752,-2.0583,0.5396,9.8859,-0.0003,0.0127,9.8066,-0.0757,-0.0529,0.041,8.63,-37.81,0.88,114.65,-83.96,-172.65
52.38496,-1.531143,149.96,13.01,4,300.62,19 / 21,3573110,2019-09-06 20:19:38:853,-0.8755,1.4914,9.26,0.008,0.0145,9.8066,-0.0776,-0.0924,0.0867,8.19,-37.87,0.56,117.81,-83.93,-171.22
52.38496,-1.531143,149.96,13.01,4,300.62,19 / 21,3573210,2019-09-06 20:19:38:953,0.904,-0.8729,9.7989,-0.0252,0.0089,9.8066,-0.2203,-0.0038,-0.0323,9.31,-38,0.44,122.61,-83.86,-169.68
52.38496,-1.531143,149.96,13.01,4,300.62,19 / 21,3573310,2019-09-06 20:19:39:053,0.0354,-0.24,9.7991,0.0703,-0.0029,9.8063,-0.0735,0.0054,0.047,9.63,-38.62,0.63,116.61,-83.85,-169.47
52.38496,-1.531143,149.96,13.01,4,300.62,19 / 20,3573409,2019-09-06 20:19:39:152,-1.0107,-0.1274,9.8772,0.0572,-0.0141,9.8064,0.1743,0.0238,0.0132,10.88,-39.12,0.69,116.65,-84.08,-167.1
52.38496,-1.531143,149.96,13.01,4,300.62,19 / 20,3573510,2019-09-06 20:19:39:253,-0.9194,0.6965,9.659,-0.0845,0.0218,9.8062,-0.2678,0.0224,-0.0177,10.94,-39.75,0.06,121.91,-83.52,-168.4
52.38496,-1.531143,149.96,13.01,4,300.62,19 / 20,3573609,2019-09-06 20:19:39:352,-0.3426,0.4023,9.6654,-0.0718,0.0281,9.8063,-0.3207,0.0214,0.0204,10.69,-39,-0.94,125.97,-83.49,-168.04
52.38496,-1.531143,149.96,13.01,4,300.62,19 / 20,3573710,2019-09-06 20:19:39:453,-0.2134,-0.4026,9.6488,0.0223,-0.0239,9.8065,0.1894,-0.0629,-0.0174,9.69,-38.44,-0.75,125.88,-83.97,-168.52
52.38496,-1.531143,149.96,13.01,4,300.62,19 / 20,3573809,2019-09-06 20:19:39:552,0.0821,-0.9131,9.2466,-0.0215,0.0046,9.8066,0.0449,0.0142,-0.0069,8.5,-38.12,-0.81,127.9,-83.8,-169.31
52.38496,-1.531143,149.96,13.01,4,300.62,19 / 20,3573910,2019-09-06 20:19:39:653,0.3109,0.5609,10.4053,0.0324,-0.0117,9.8065,-0.0347,0.0599,-0.0457,8.5,-38.69,0.25,124.5,-83.72,-168.44
52.38496,-1.531143,149.96,13.01,4,300.62,19 / 20,3574010,2019-09-06 20:19:39:753,1.0072,-0.3194,10.1183,-0.017,0.0091,9.8066,0.0554,-0.0049,0.0121,7.69,-38,0.13,126.95,-83.79,-167.23
52.38496,-1.531143,149.96,13.01,4,300.62,19 / 20,3574110,2019-09-06 20:19:39:853,-0.3993,0.0365,10.618,-0.0028,0.004,9.8066,-0.1029,-0.0339,0.0139,7.56,-38.19,0.31,127.14,-83.69,-167.4
52.38496,-1.531143,149.96,13.01,4,300.62,19 / 20,3574209,2019-09-06 20:19:39:952,-0.7813,-0.0451,9.9602,-0.0035,-0.0003,9.8066,-0.1815,0.0334,-0.0156,7.63,-38.06,0.38,127.47,-83.71,-166.87
52.38496,-1.531143,149.96,13.01,4,300.62,19 / 20,3574310,2019-09-06 20:19:40:053,0.8578,-1.1015,9.2227,-0.0027,0.02,9.8066,-0.101,-0.035,0.0944,6.75,-37.69,0.44,131.7,-83.68,-164.74
52.38496,-1.531143,149.96,13.01,4,300.62,19 / 20,3574409,2019-09-06 20:19:40:152,0.0021,-1.6359,8.0625,-0.0496,0.0267,9.8065,-0.1577,0.0047,0.0663,6.81,-37.19,0.13,131.83,-83.56,-164.3
52.38496,-1.531143,149.96,13.01,4,300.62,19 / 20,3574510,2019-09-06 20:19:40:253,0.3608,-0.0599,10.0286,0.0412,-0.0094,9.8065,0.119,-0.0849,-0.028,6.44,-36.56,0.44,137.74,-83.24,-161.38
52.38496,-1.531143,149.96,13.01,4,300.62,19 / 20,3574610,2019-09-06 20:19:40:353,-0.7193,0.7959,10.8493,-0.0325,-0.0077,9.8066,0.2375,-0.0217,-0.0453,6.44,-36.06,1.13,129.9,-83.33,-162.41
52.38496,-1.531143,149.96,13.01,4,300.62,19 / 20,3574709,2019-09-06 20:19:40:452,-0.2489,0.7309,9.7285,0.038,-0.0337,9.8065,0.0426,-0.0232,0.0303,6.5,-36.56,0.88,128.13,-83.23,-162.69
52.38496,-1.531143,149.96,13.01,4,300.62,19 / 20,3574810,2019-09-06 20:19:40:553,-0.2401,-0.4221,9.4542,0.0201,-0.022,9.8065,-0.0453,-0.0011,-0.0386,6.19,-37.5,0.44,135.67,-83.41,-163.91
52.38496,-1.531143,149.96,13.01,4,300.62,19 / 20,3574910,2019-09-06 20:19:40:653,1.128,-0.5168,9.2463,0.0167,-0.0164,9.8066,-0.0223,0.0031,-0.0078,7.63,-36.81,0.19,127.78,-83.75,-165.6
52.38496,-1.531143,149.96,13.01,4,300.62,19 / 20,3575010,2019-09-06 20:19:40:753,0.4058,-0.7438,9.625,-0.0009,-0.0014,9.8066,-0.0061,0.0003,-0.0022,7.25,-37.44,0.13,129.93,-83.81,-165.9
52.38496,-1.531143,149.96,13.01,4,300.62,19 / 20,3575109,2019-09-06 20:19:40:852,0.2174,-1.0063,9.5965,0.0072,0.0037,9.8066,0.2064,-0.0384,0.0594,7.81,-36.75,0.5,121.21,-83.82,-166.63
52.38496,-1.531143,149.96,13.01,4,300.62,19 / 20,3575210,2019-09-06 20:19:40:953,0.9671,-0.072,10.8856,0.0056,-0.0096,9.8065,0.0848,-0.0169,-0.0301,7.13,-36.62,0.44,129.81,-83.69,-166.61
52.38496,-1.531143,149.96,13.01,4,300.62,19 / 20,3575309,2019-09-06 20:19:41:052,-0.7717,-0.412,10.8148,0.0052,-0.0123,9.8065,0.0137,0.0262,0.0046,6.75,-36.25,0.69,122.36,-83.56,-168.34
52.38496,-1.531143,149.96,13.01,4,300.62,19 / 20,3575410,2019-09-06 20:19:41:153,-0.4376,0.759,10.368,0.0424,-0.005,9.8065,0.0095,-0.0196,0.0078,7.25,-36.5,1.31,122.58,-83.58,-167.95
52.38496,-1.531143,149.96,13.01,4,300.62,19 / 20,3575509,2019-09-06 20:19:41:252,0.0816,0.2855,9.7448,-0.034,0.0146,9.8066,-0.1997,-0.0216,0.0251,7.5,-36.12,1.13,120.4,-83.51,-168.24
52.38496,-1.531143,149.96,13.01,4,300.62,19 / 20,3575610,2019-09-06 20:19:41:353,0.769,-0.4279,9.4565,0.0319,-0.006,9.8065,-0.1662,0.0349,0.0063,8.19,-37.25,1.25,120.99,-83.58,-167.96
52.38496,-1.531143,149.96,13.01,4,300.62,19 / 20,3575709,2019-09-06 20:19:41:452,0.4865,-0.8234,9.3947,0.0228,-0.0137,9.8066,0.0588,-0.0093,0.0034,8.81,-37.12,1.25,119.68,-83.52,-167.57
52.38496,-1.531143,149.96,13.01,4,300.62,19 / 20,3575810,2019-09-06 20:19:41:553,0.8081,-0.3966,9.9895,-0.0094,0.0124,9.8066,0.0079,0.0157,0.0083,9.56,-37.94,0.06,123.56,-83.54,-167.25
52.38496,-1.531143,149.96,13.01,4,300.62,19 / 20,3575910,2019-09-06 20:19:41:653,0.5123,0.4714,10.0106,0.0176,0.0007,9.8066,0.0423,0.0283,0.011,9.13,-38.25,-0.19,125.62,-83.62,-166.74
52.38496,-1.531143,149.96,13.01,4,300.62,19 / 20,3576010,2019-09-06 20:19:41:753,0.4444,-0.1796,10.216,0.013,0.0024,9.8066,0.0281,0.0371,-0.0058,8.69,-38.06,-0.25,126.46,-83.59,-165.74
52.38496,-1.531143,149.96,13.01,4,300.62,19 / 20,3576110,2019-09-06 20:19:41:853,0.7677,0.983,9.9003,-0.0046,-0.0024,9.8066,0.0305,0.007,0.0738,8.69,-37.75,-0.12,126.34,-83.56,-166.03
52.38496,-1.531143,149.96,13.01,4,300.62,19 / 20,3576209,2019-09-06 20:19:41:952,0.1192,-1.5848,9.3822,-0.0075,-0.0032,9.8066,-0.111,0.0336,-0.0652,8.13,-37.87,0,129.08,-83.37,-166.04
52.38496,-1.531143,149.96,13.01,4,300.62,19 / 20,3576309,2019-09-06 20:19:42:052,0.9501,-0.0106,9.474,0.0397,-0.0162,9.8065,0.117,0.0404,-0.0056,7.94,-37,0,127.53,-83.36,-167.51
52.38496,-1.531143,149.96,13.01,4,300.62,19 / 21,3576410,2019-09-06 20:19:42:153,-0.894,0.195,10.7111,0.0492,-0.0297,9.8064,0.1095,0.0149,-0.0011,8.5,-37.31,0.69,119.1,-83.76,-167.37
52.38496,-1.531143,149.96,13.01,4,300.62,19 / 21,3576509,2019-09-06 20:19:42:252,1.2853,-0.4338,10.2063,-0.0131,0.0063,9.8066,-0.0566,0.0328,-0.028,8.06,-36.44,-0.31,126.1,-83.7,-167.36
52.38496,-1.531143,149.96,13.01,4,300.62,19 / 21,3576610,2019-09-06 20:19:42:353,-0.1001,-0.8442,10.0592,-0.0127,0.0053,9.8066,0.0505,-0.0721,0.0252,8.06,-35.87,-0.12,125.58,-83.7,-168.05
52.38496,-1.531143,149.96,13.01,4,300.62,19 / 21,3576710,2019-09-06 20:19:42:453,0.7469,-0.3301,9.5663,-0.0161,0.0049,9.8066,0.0535,-0.0183,0.0007,8.25,-36.62,-0.12,125.77,-83.52,-169.22
52.38496,-1.531143,149.96,13.01,4,300.62,19 / 21,3576810,2019-09-06 20:19:42:553,0.7304,-0.1622,10.2761,-0.0244,0.0139,9.8066,0.0644,-0.0068,0.011,8.38,-37.06,-0.19,126.52,-83.38,-168.8
52.38496,-1.531143,149.96,13.01,4,300.62,19 / 21,3576910,2019-09-06 20:19:42:653,1.0641,-0.9024,10.0953,0.0188,-0.0037,9.8066,0.1221,0.0009,0.0689,7.81,-37.31,0.38,126.11,-83.48,-168.95
52.38496,-1.531143,149.96,13.01,4,300.62,19 / 21,3577010,2019-09-06 20:19:42:753,-0.3178,1.5777,9.3168,0.0312,-0.0033,9.8066,0.1656,-0.0671,0.0553,7,-37.56,0.19,130.73,-83.4,-167.4
52.38496,-1.531143,149.96,13.01,4,300.62,19 / 21,3577110,2019-09-06 20:19:42:853,0.0285,0.1016,10.1008,-0.0152,0.0187,9.8065,-0.0801,-0.0149,0.0198,7.31,-37.87,0.31,131.2,-83.35,-166.97
52.38496,-1.531143,149.96,13.01,4,300.62,19 / 21,3577209,2019-09-06 20:19:42:952,0.5361,-0.4206,10.0745,0.0071,-0.007,9.8066,-0.0242,0.0907,-0.0189,8,-37.94,0.56,122.83,-83.49,-166.7
52.38496,-1.531143,149.96,13.01,4,300.62,19 / 21,3577310,2019-09-06 20:19:43:053,-0.2522,-1.793,9.5566,-0.0058,0.0087,9.8066,0.1473,-0.0211,0.0201,7.88,-37.37,0.75,122.45,-83.33,-167.13
52.38496,-1.531143,149.96,13.01,4,300.62,19 / 20,3577410,2019-09-06 20:19:43:153,-0.7878,0.831,9.3818,0.0112,-0.0045,9.8066,0.108,-0.0574,0.0134,8.44,-37.44,0.56,122.38,-83.23,-167.64
52.38496,-1.531143,149.96,13.01,4,300.62,19 / 20,3577510,2019-09-06 20:19:43:253,1.0232,-0.719,10.2935,0.0015,0.008,9.8065,-0.0171,-0.0055,0.0334,7.75,-37.69,0.25,128.49,-83.24,-167.37
52.38496,-1.531143,149.96,13.01,4,300.62,19 / 20,3577609,2019-09-06 20:19:43:352,0.6156,-0.209,10.0404,0.0127,0.0082,9.8066,-0.0199,0.0315,0.0281,8.19,-37.44,0.19,128.88,-83.29,-165.9
52.38496,-1.531143,149.96,13.01,4,300.62,19 / 20,3577710,2019-09-06 20:19:43:453,-0.3451,0.1288,9.3392,0.0371,-0.0137,9.8066,0.0332,0.0107,-0.0196,7.81,-37.19,0.94,123.47,-83.47,-165.17
52.38496,-1.531143,149.96,13.01,4,300.62,19 / 20,3577809,2019-09-06 20:19:43:552,0.57,0.309,10.2139,0.0396,-0.0111,9.8065,0.1182,0.0008,0.0042,8.13,-37.25,0.31,128.98,-83.52,-164.87
52.38496,-1.531143,149.96,13.01,4,300.62,19 / 20,3577909,2019-09-06 20:19:43:652,-0.0263,0.241,9.2759,-0.0344,-0.0066,9.8065,-0.1982,0.0515,-0.0495,8,-37.87,0.69,123.74,-83.33,-166.18
52.38496,-1.531143,149.96,13.01,4,300.62,19 / 20,3578010,2019-09-06 20:19:43:753,-0.0303,-1.5476,9.7712,-0.0484,0.0151,9.8065,-0.1778,0.0629,-0.0243,7.75,-37.56,0.38,128.8,-83.23,-167
52.38496,-1.531143,149.96,13.01,4,300.62,19 / 20,3578109,2019-09-06 20:19:43:852,1.2478,-0.0419,9.8861,-0.0189,0.018,9.8066,-0.0115,-0.0391,0.0013,8.44,-37.56,0.63,123.78,-83.3,-166.23
52.38496,-1.531143,149.96,13.01,4,300.62,19 / 20,3578210,2019-09-06 20:19:43:953,1.4076,-0.5644,8.8764,-0.0211,-0.0037,9.8066,-0.1678,-0.0582,-0.0079,8.63,-37.19,0.25,126.37,-83.27,-166.37
52.38496,-1.531143,149.96,13.01,4,300.62,19 / 20,3578310,2019-09-06 20:19:44:053,2.2238,-0.6668,10.1967,0.0429,-0.004,9.8065,-0.1879,0.0127,-0.0248,8.44,-37.94,1.13,123.86,-83.51,-165.24
52.38552,-1.532739,151.35,13.42,4,299.57,19 / 20,3578409,2019-09-06 20:19:44:152,0.1921,0.4447,10.6914,-0.0117,-0.0042,9.8066,-0.1654,0.0641,-0.1089,9.44,-38.19,0.81,121.61,-83.56,-165.64
52.38552,-1.532739,151.35,13.42,4,299.57,19 / 20,3578510,2019-09-06 20:19:44:253,0.19,-0.8271,10.2805,-0.0842,0.0166,9.8062,-0.2194,0.0549,-0.0232,9.69,-38.06,0.81,120.07,-83.3,-166.6
52.38552,-1.532739,151.35,13.42,4,299.57,19 / 20,3578609,2019-09-06 20:19:44:352,0.1408,-0.166,9.2606,-0.0927,0.0167,9.8061,-0.111,-0.0012,0.0845,9.56,-38.44,-0.25,124.14,-83.23,-167.53
52.38552,-1.532739,151.35,13.42,4,299.57,19 / 20,3578710,2019-09-06 20:19:44:453,1.1451,-0.2603,9.5878,0.0368,0.0153,9.8065,-0.126,-0.0026,-0.002,9.56,-38.56,-0.75,130.85,-83.41,-164.42
52.38552,-1.532739,151.35,13.42,4,299.57,19 / 20,3578810,2019-09-06 20:19:44:553,1.7258,-0.9959,10.1836,0.0091,-0.007,9.8066,0.1786,-0.0367,0.0363,9.25,-37.5,-0.06,128,-83.53,-163.33
52.38552,-1.532739,151.35,13.42,4,299.57,19 / 20,3578910,2019-09-06 20:19:44:653,1.3168,-1.7156,9.4311,0.0385,-0.037,9.8065,0.1469,-0.0196,-0.0168,8.75,-37.06,-1.06,132.49,-83.39,-164.03
52.38552,-1.532739,151.35,13.42,4,299.57,19 / 20,3579010,2019-09-06 20:19:44:753,0.1373,0.1309,10.1385,0.0021,0.0059,9.8066,-0.0383,-0.0511,-0.0611,8.38,-37.75,0.63,124.79,-83.3,-164.88
52.38552,-1.532739,151.35,13.42,4,299.57,19 / 20,3579109,2019-09-06 20:19:44:852,1.362,0.5822,10.1434,0.0078,-0.0266,9.8065,0.0323,-0.0193,0.0229,9.06,-37.44,-0.06,126.26,-83.25,-166.58
52.38552,-1.532739,151.35,13.42,4,299.57,19 / 20,3579210,2019-09-06 20:19:44:953,0.0886,-0.8386,9.3238,0.0238,-0.0328,9.8065,-0.0058,-0.0344,-0.043,9.44,-36.62,0.63,119.17,-83.45,-168.46
52.38552,-1.532739,151.35,13.42,4,299.57,19 / 20,3579310,2019-09-06 20:19:45:053,0.1031,-0.2617,9.4758,-0.0128,-0.0099,9.8066,-0.1197,0.0128,-0.0902,9.5,-36.81,0.56,115.95,-83.52,-170.27
52.38552,-1.532739,151.35,13.42,4,299.57,18 / 20,3579410,2019-09-06 20:19:45:153,-1.3266,-0.4149,8.6816,-0.0135,-0.0107,9.8065,-0.0997,0.0839,-0.0212,8.69,-36.5,0.81,115.54,-83.63,-171.57
52.38552,-1.532739,151.35,13.42,4,299.57,18 / 20,3579509,2019-09-06 20:19:45:252,2.9748,-2.0211,9.6353,0.0444,-0.0001,9.8065,-0.0839,-0.1743,0.108,8.25,-36,0.25,121.48,-83.86,-172.7
52.38552,-1.532739,151.35,13.42,4,299.57,18 / 20,3579610,2019-09-06 20:19:45:353,3.968,-3.1989,10.6695,0.0545,-0.0475,9.8063,0.6736,0.1531,-0.0206,7.31,-35.75,-1.19,131.87,-83.96,-169.66
52.38552,-1.532739,151.35,13.42,4,299.57,18 / 20,3579710,2019-09-06 20:19:45:453,1.1682,2.9361,12.0619,0.0201,-0.0102,9.8065,0.4939,-0.2255,0.0441,8.25,-38,0,120.44,-84.06,-174.61
52.38552,-1.532739,151.35,13.42,4,299.57,18 / 20,3579810,2019-09-06 20:19:45:553,0.8631,1.2557,11.5244,0.1035,-0.0568,9.8059,0.2286,0.1168,-0.1369,9.38,-37.19,1,112.85,-83.75,-175
52.38552,-1.532739,151.35,13.42,4,299.57,18 / 20,3579910,2019-09-06 20:19:45:653,-1.0712,-0.6354,10.4061,-0.0057,-0.0147,9.8066,0.395,-0.0426,0.1249,9.5,-36.12,1.19,111.14,-83.4,-175.75
52.38552,-1.532739,151.35,13.42,4,299.57,18 / 20,3580009,2019-09-06 20:19:45:752,-0.2245,0.3179,9.4628,0.0441,0.0121,9.8065,-0.3156,0.0257,-0.0472,8.94,-36.31,0.75,113.27,-83.49,-174.86
52.38552,-1.532739,151.35,13.42,4,299.57,18 / 20,3580110,2019-09-06 20:19:45:853,0.7018,0.0835,9.9909,-0.0113,0.0029,9.8066,-0.0443,0.0412,0.0338,9.56,-36.44,0.06,117.18,-83.59,-173.72
52.38552,-1.532739,151.35,13.42,4,299.57,18 / 20,3580209,2019-09-06 20:19:45:952,1.1249,0.1865,9.7273,-0.0216,-0.0021,9.8066,0.0049,-0.0067,-0.0484,8.94,-36.31,0.56,112.88,-83.69,-174.54
52.38552,-1.532739,151.35,13.42,4,299.57,18 / 20,3580310,2019-09-06 20:19:46:053,0.4455,0.0511,10.1277,-0.015,-0.0086,9.8065,-0.0303,0.0249,-0.0476,9.06,-35.94,0.69,113.19,-83.55,-174.73
52.38552,-1.532739,151.35,13.42,4,299.57,18 / 20,3580409,2019-09-06 20:19:46:152,0.5802,0.6714,9.3879,-0.0086,0.0072,9.8066,0.0618,-0.0029,-0.0255,8.44,-35.94,1.13,115.64,-83.36,-175
52.38552,-1.532739,151.35,13.42,4,299.57,18 / 20,3580510,2019-09-06 20:19:46:253,0.7173,-1.0564,9.7338,0.007,-0.0032,9.8066,-0.0413,0.0322,0.0228,8.75,-35.87,0.25,118.49,-83.44,-175.16
52.38552,-1.532739,151.35,13.42,4,299.57,18 / 20,3580610,2019-09-06 20:19:46:353,0.054,0.1092,10.0853,0.0211,-0.0047,9.8066,0.0097,-0.0267,0.0159,8.5,-35.87,-0.12,119.49,-83.6,-173.31
52.38552,-1.532739,151.35,13.42,4,299.57,18 / 20,3580710,2019-09-06 20:19:46:453,0.8963,0.8146,10.424,0.0102,-0.0031,9.8066,-0.0293,0.0541,-0.0438,8.69,-36.75,0.44,119.87,-83.62,-173.45
52.38552,-1.532739,151.35,13.42,4,299.57,18 / 20,3580810,2019-09-06 20:19:46:553,0.102,-0.4079,9.4499,-0.0132,0.0032,9.8066,0.0546,-0.0665,0.0366,8.63,-35.94,0.81,114.88,-83.51,-172.83
52.38552,-1.532739,151.35,13.42,4,299.57,18 / 20,3580910,2019-09-06 20:19:46:653,0.4989,-0.0707,9.1903,0.0081,0.0091,9.8066,0.0215,-0.0103,0.0289,8.69,-36.56,0.56,116.45,-83.3,-172.47
52.38552,-1.532739,151.35,13.42,4,299.57,18 / 20,3581010,2019-09-06 20:19:46:753,1.2368,0.6271,9.7113,0.0291,-0.008,9.8065,0.0359,-0.041,-0.0071,8.38,-36.44,0.31,124.08,-83.4,-171.24
52.38552,-1.532739,151.35,13.42,4,299.57,18 / 20,3581110,2019-09-06 20:19:46:853,-0.1362,-0.3475,9.6991,0.0298,-0.0174,9.8065,0.0307,-0.0365,-0.0087,8.69,-35.69,0.13,121,-83.6,-171.41
52.38552,-1.532739,151.35,13.42,4,299.57,18 / 20,3581210,2019-09-06 20:19:46:953,0.2267,-0.0094,9.4247,-0.0166,0.0091,9.8066,-0.1008,0.0043,0.0215,7.69,-36.19,0.25,124.52,-83.57,-169.94
52.38552,-1.532739,151.35,13.42,4,299.57,18 / 20,3581310,2019-09-06 20:19:47:053,1.0946,0.5895,10.1778,0.0153,0.0036,9.8066,-0.0679,-0.0162,0.0236,8.06,-36.19,0.5,118.63,-83.71,-169.64
52.38552,-1.532739,151.35,13.42,4,299.57,18 / 20,3581409,2019-09-06 20:19:47:152,0.9098,-0.4798,10.1428,-0.0062,-0.0039,9.8066,0.0055,-0.029,-0.0264,7.63,-35.62,0.13,124.28,-83.8,-169.34
52.38552,-1.532739,151.35,13.42,4,299.57,18 / 20,3581510,2019-09-06 20:19:47:253,0.8894,0.4138,9.7386,-0.0014,0,9.8066,-0.0343,-0.0248,0.03,7.88,-36.25,0.13,124.34,-83.69,-169.71
52.38552,-1.532739,151.35,13.42,4,299.57,18 / 20,3581609,2019-09-06 20:19:47:352,0.4704,0.0836,9.1659,0.0078,-0.0023,9.8066,0.0208,-0.0125,-0.0288,7.31,-35.56,0.56,120.88,-83.63,-169.97
52.38552,-1.532739,151.35,13.42,4,299.57,18 / 20,3581710,2019-09-06 20:19:47:453,0.5773,-0.2073,9.8058,0.0083,0.0018,9.8066,0.0215,-0.0411,0.0424,6.81,-35,-0.19,126.83,-83.69,-169.19
52.38552,-1.532739,151.35,13.42,4,299.57,18 / 20,3581810,2019-09-06 20:19:47:553,0.6838,0.6098,10.1443,0.0069,-0.0138,9.8066,-0.1545,0.0224,-0.0634,6.75,-34.62,0,125.9,-83.95,-169.3
52.38552,-1.532739,151.35,13.42,4,299.57,18 / 20,3581910,2019-09-06 20:19:47:653,0.321,-0.408,10.1727,-0.0076,0.0053,9.8066,-0.0336,-0.0264,0.0639,7.06,-35.19,-0.31,125.55,-84.03,-169.43
52.38552,-1.532739,151.35,13.42,4,299.57,18 / 20,3582010,2019-09-06 20:19:47:753,1.1185,-1.4116,7.941,-0.0033,0.0045,9.8066,-0.0367,-0.0162,0.072,7.25,-35.06,-0.69,131.66,-83.96,-169.3
52.38552,-1.532739,151.35,13.42,4,299.57,18 / 20,3582110,2019-09-06 20:19:47:853,1.0776,-0.6692,10.015,-0.036,0.0523,9.8064,-0.0483,0.0227,0.0625,6.31,-37.06,-0.62,138.46,-83.74,-166.98
52.38552,-1.532739,151.35,13.42,4,299.57,18 / 20,3582209,2019-09-06 20:19:47:952,1.6889,-0.5378,10.0066,0.0446,-0.0226,9.8064,0.1256,-0.0708,0.0326,6.88,-37.06,-0.25,130.03,-84.08,-164.6
52.38552,-1.532739,151.35,13.42,4,299.57,18 / 20,3582309,2019-09-06 20:19:48:052,0.8193,-2.3415,9.6918,0.0562,-0.0461,9.8064,-0.1247,0.083,-0.1558,7,-36.81,0.75,121.7,-84.37,-166.05
52.38552,-1.532739,151.35,13.42,4,299.57,19 / 20,3582409,2019-09-06 20:19:48:152,2.0903,0.3315,9.4901,-0.0494,0.0167,9.8064,-0.0287,0.0281,-0.0155,8,-36.75,0.13,126.44,-83.91,-166.73
52.38552,-1.532739,151.35,13.42,4,299.57,19 / 20,3582509,2019-09-06 20:19:48:252,2.049,0.0207,9.5025,-0.033,-0.0053,9.8065,0.0674,-0.0887,0.0429,7.94,-36.31,0.13,124.47,-84.13,-167.79
52.38552,-1.532739,151.35,13.42,4,299.57,19 / 20,3582610,2019-09-06 20:19:48:353,0.9128,-0.2624,10.2664,0.024,-0.0183,9.8066,-0.0468,-0.0632,-0.0339,8.56,-36.31,-1.12,125.49,-84.23,-169.77
52.38552,-1.532739,151.35,13.42,4,299.57,19 / 20,3582710,2019-09-06 20:19:48:453,-0.8098,-0.7707,10.3628,-0.0362,0.0124,9.8065,0.1383,0.0134,-0.0123,8.5,-36.37,-1.12,125,-84.48,-169.53
52.38552,-1.532739,151.35,13.42,4,299.57,19 / 20,3582811,2019-09-06 20:19:48:554,0.4678,1.0118,9.8317,-0.0301,0.0233,9.8065,-0.0485,0.0119,-0.0246,8.19,-36.5,-1.06,128.85,-84.15,-168.94
52.38552,-1.532739,151.35,13.42,4,299.57,19 / 20,3582910,2019-09-06 20:19:48:653,1.5306,-0.4571,9.9001,-0.0293,0.023,9.8066,-0.1124,-0.0457,0.0467,8.69,-36.25,0.06,121.62,-84.12,-168.74
52.38552,-1.532739,151.35,13.42,4,299.57,19 / 20,3583010,2019-09-06 20:19:48:753,2.2786,0.586,9.8556,0.0409,-0.0189,9.8065,0.0778,0.0576,0.0061,8.88,-36.25,-0.37,122.23,-84.33,-167.26
52.38552,-1.532739,151.35,13.42,4,299.57,19 / 20,3583109,2019-09-06 20:19:48:852,-0.3411,-0.1543,9.7907,0.0178,-0.0001,9.8066,0.0005,0.0578,-0.045,8.13,-36.62,-0.56,131.17,-84.23,-166.22
52.38552,-1.532739,151.35,13.42,4,299.57,19 / 20,3583210,2019-09-06 20:19:48:953,0.5106,-1.4197,9.6776,-0.021,0.0083,9.8065,-0.0147,-0.037,0.0132,9.25,-35.69,-0.37,122.49,-84.11,-167.72
52.38552,-1.532739,151.35,13.42,4,299.57,19 / 20,3583309,2019-09-06 20:19:49:052,1.2091,1.0229,9.908,-0.0072,0.0053,9.8066,-0.0839,-0.1076,0.0588,8.56,-36.25,0,122.24,-84.2,-167.71
52.38552,-1.532739,151.35,13.42,4,299.57,19 / 20,3583409,2019-09-06 20:19:49:152,0.1937,-0.3482,9.7753,0.0137,-0.0105,9.8066,0.0209,-0.0362,-0.0106,8.81,-35.75,0.38,121.9,-84.32,-167.66
52.38552,-1.532739,151.35,13.42,4,299.57,19 / 20,3583510,2019-09-06 20:19:49:253,0.6837,-0.3457,10.469,0.0135,-0.0105,9.8065,0.028,0.004,-0.0188,8.44,-35.19,-1.06,128.09,-84.49,-168.1
52.38552,-1.532739,151.35,13.42,4,299.57,19 / 20,3583610,2019-09-06 20:19:49:353,0.5626,-0.1863,10.4161,-0.0199,0.0065,9.8065,0.0201,0.0034,0.0306,8.94,-35.12,-0.31,120.14,-84.35,-169.13
52.38552,-1.532739,151.35,13.42,4,299.57,19 / 20,3583710,2019-09-06 20:19:49:453,0.8339,-0.8243,9.465,-0.0069,-0.0086,9.8066,-0.0553,0.0181,-0.0254,8.69,-35.12,-1.06,124.52,-84.35,-170.01
52.38552,-1.532739,151.35,13.42,4,299.57,19 / 20,3583810,2019-09-06 20:19:49:553,0.4258,0.777,9.931,-0.001,0.0148,9.8066,-0.0216,-0.0309,-0.0167,8.88,-35.12,-0.94,124.99,-84.35,-169.46
52.38552,-1.532739,151.35,13.42,4,299.57,19 / 20,3583909,2019-09-06 20:19:49:652,-0.2426,0.142,9.5354,0.0022,-0.0081,9.8066,-0.0049,-0.0128,0.0384,9.06,-35.37,-1,125.01,-84.42,-169.17
52.38552,-1.532739,151.35,13.42,4,299.57,19 / 20,3584010,2019-09-06 20:19:49:753,0.0699,0.7247,10.1501,-0.013,0.0033,9.8066,-0.0412,0.0025,-0.0679,9.19,-35.06,-0.37,120.36,-84.48,-168.41
52.38552,-1.532739,151.35,13.42,4,299.57,19 / 20,3584110,2019-09-06 20:19:49:853,1.1947,-0.3811,9.3622,0.0441,-0.0144,9.8065,-0.0891,-0.0435,-0.0088,8.38,-34.56,-0.31,122.66,-84.34,-168.59
52.38552,-1.532739,151.35,13.42,4,299.57,19 / 20,3584210,2019-09-06 20:19:49:953,-0.1642,-0.7433,9.6275,0.0441,-0.0024,9.8065,0.2242,-0.033,0.0458,8.31,-35.31,-0.37,123.47,-84.5,-166.95
52.38552,-1.532739,151.35,13.42,4,299.57,19 / 20,3584310,2019-09-06 20:19:50:053,0.7513,0.8887,9.9747,0.0322,-0.0138,9.8066,0.1207,-0.0298,0.0052,8,-35.12,-0.31,123.43,-84.39,-167.42
52.38552,-1.532739,151.35,13.42,4,299.57,19 / 20,3584409,2019-09-06 20:19:50:152,-1.061,0.9859,9.9521,0.0116,-0.0137,9.8066,-0.0294,0.0144,-0.0803,8.06,-36,-0.44,124.31,-84.32,-167.23
52.38552,-1.532739,151.35,13.42,4,299.57,19 / 20,3584510,2019-09-06 20:19:50:253,-0.608,0.2986,10.2092,0.0263,-0.0008,9.8066,0.0096,-0.0193,0.0018,9.06,-35.81,-0.62,127.63,-84.33,-166.75
52.38552,-1.532739,151.35,13.42,4,299.57,19 / 20,3584609,2019-09-06 20:19:50:352,-0.788,0.2085,10.437,-0.0356,0.0169,9.8065,-0.195,-0.0173,0.0579,8.25,-35.69,-0.44,124.83,-84.46,-165.99
52.38552,-1.532739,151.35,13.42,4,299.57,19 / 20,3584710,2019-09-06 20:19:50:453,0.0316,0.1993,9.3512,-0.0311,0.0044,9.8065,-0.2045,-0.0118,-0.0415,8.06,-35.56,-0.87,130.32,-84.38,-166.19
52.38552,-1.532739,151.35,13.42,4,299.57,19 / 20,3584809,2019-09-06 20:19:50:552,0.0974,-0.4711,9.8552,0.0305,-0.0118,9.8066,0.1578,-0.017,0.0191,8.5,-35.87,-0.69,127.11,-84.74,-166.06
52.38552,-1.532739,151.35,13.42,4,299.57,19 / 20,3584910,2019-09-06 20:19:50:653,0.3186,0.87,10.5387,0.0259,-0.0141,9.8066,0.2264,-0.0354,0.0266,8.69,-36.31,-1.06,126.94,-84.74,-166.27
52.38552,-1.532739,151.35,13.42,4,299.57,19 / 20,3585010,2019-09-06 20:19:50:753,-0.6343,1.3006,10.0246,-0.0188,-0.0062,9.8065,-0.0555,0.0123,-0.0448,9.31,-35.37,-0.31,119.22,-84.58,-169.41
52.38552,-1.532739,151.35,13.42,4,299.57,19 / 20,3585109,2019-09-06 20:19:50:852,-1.4247,-0.3823,9.7204,0.0055,-0.0004,9.8066,-0.048,0.0725,-0.0001,8.63,-36.12,-0.19,120.38,-84.49,-168.95
52.38552,-1.532739,151.35,13.42,4,299.57,19 / 20,3585210,2019-09-06 20:19:50:953,-0.6374,0.7579,9.7001,-0.0119,0.0035,9.8066,-0.0261,-0.0824,-0.0376,9.06,-36.06,-0.44,120.51,-84.5,-168.71
52.38552,-1.532739,151.35,13.42,4,299.57,19 / 20,3585309,2019-09-06 20:19:51:052,0.0425,-0.623,9.3344,-0.0232,0.0014,9.8066,-0.0045,-0.0215,-0.0417,8.63,-35.81,-0.31,120.08,-84.52,-169.18
52.38552,-1.532739,151.35,13.42,4,299.57,19 / 20,3585410,2019-09-06 20:19:51:153,-0.6221,0.6316,9.626,-0.0153,0.009,9.8066,-0.0189,0.0202,0.0249,9.31,-36.69,-0.12,121.09,-84.58,-168.29
52.38552,-1.532739,151.35,13.42,4,299.57,19 / 20,3585509,2019-09-06 20:19:51:252,-0.6561,-0.5678,10.0886,0.0113,-0.0105,9.8066,0.0523,-0.0272,0.0198,9.06,-35.75,-0.12,121.35,-84.42,-167.99
52.38552,-1.532739,151.35,13.42,4,299.57,19 / 20,3585610,2019-09-06 20:19:51:353,-0.7509,0.1025,9.6084,0.0061,-0.008,9.8066,-0.0166,-0.0542,0.0207,8.94,-36.12,0.25,120.98,-84.4,-168.51
52.38552,-1.532739,151.35,13.42,4,299.57,19 / 20,3585709,2019-09-06 20:19:51:452,0.0733,0.2663,10.2515,0.0137,0.0097,9.8066,0.021,-0.002,-0.0039,8.88,-35.56,0.5,116.36,-84.34,-167.84
52.38552,-1.532739,151.35,13.42,4,299.57,19 / 20,3585809,2019-09-06 20:19:51:552,-0.6844,1.3332,9.6757,0.047,-0.0204,9.8064,-0.0605,0.0083,-0.0349,9.25,-35.06,-0.06,121,-84.5,-167.56
52.38552,-1.532739,151.35,13.42,4,299.57,19 / 20,3585910,2019-09-06 20:19:51:653,-0.6996,0.1711,9.812,-0.0199,0.0059,9.8066,0.0416,-0.0204,0.0298,10.31,-35.87,0,120.44,-84.38,-167.19
52.38552,-1.532739,151.35,13.42,4,299.57,19 / 20,3586010,2019-09-06 20:19:51:753,-0.384,0.7754,9.7273,-0.0146,0.0089,9.8066,-0.0359,0.0116,-0.0332,10.5,-36.12,0.19,119.39,-84.42,-166.65
52.38552,-1.532739,151.35,13.42,4,299.57,19 / 20,3586109,2019-09-06 20:19:51:852,-0.4897,0.2985,9.8523,0.0034,0.0027,9.8066,-0.0398,-0.0711,0.0454,10,-36.81,-0.25,121.99,-84.35,-165.95
52.38552,-1.532739,151.35,13.42,4,299.57,19 / 20,3586209,2019-09-06 20:19:51:952,-0.7156,1.1332,9.7007,-0.012,0.0096,9.8066,0.114,-0.0405,0.0106,10.19,-36.56,-0.87,127.22,-84.21,-165.61
52.38552,-1.532739,151.35,13.42,4,299.57,19 / 20,3586309,2019-09-06 20:19:52:052,-1.0961,-0.0504,10.1309,0.0107,0.0022,9.8066,0.0353,0.0149,-0.0104,9.69,-36.75,-1.69,132.01,-84.22,-164.94
52.38552,-1.532739,151.35,13.42,4,299.57,19 / 20,3586409,2019-09-06 20:19:52:152,-0.6361,0.4371,9.8713,0.0115,-0.0059,9.8066,-0.0678,-0.0237,-0.0082,9.44,-36.87,-1,129.77,-84.32,-164.59
52.38552,-1.532739,151.35,13.42,4,299.57,19 / 20,3586510,2019-09-06 20:19:52:253,-0.6955,0.9155,10.1331,-0.0239,0.0029,9.8065,-0.0043,-0.0402,0.0376,8.81,-35.87,-0.87,129.37,-84.44,-164.22
52.38552,-1.532739,151.35,13.42,4,299.57,19 / 20,3586610,2019-09-06 20:19:52:353,0.419,-0.1391,9.5132,-0.017,0.012,9.8065,-0.0023,0.0217,-0.0482,8.5,-35.75,-1.69,133.91,-84.35,-164.61
52.38552,-1.532739,151.35,13.42,4,299.57,19 / 20,3586710,2019-09-06 20:19:52:453,-0.3839,1.2667,10.1169,0.0057,-0.0056,9.8066,0.063,-0.0789,0.0586,8.25,-35.75,-0.75,130.94,-84.49,-164.99
52.38552,-1.532739,151.35,13.42,4,299.57,19 / 20,3586810,2019-09-06 20:19:52:553,-0.6486,-0.3762,9.3736,0.0182,-0.0102,9.8066,0.0034,-0.0034,-0.0095,8.19,-35.75,-2.25,136.12,-84.49,-164.71
52.38552,-1.532739,151.35,13.42,4,299.57,19 / 20,3586910,2019-09-06 20:19:52:653,-0.1768,1.3937,10.4577,-0.0016,0.0114,9.8066,0.039,-0.039,0.0317,7.88,-35.94,-1.81,136.15,-84.44,-164.84
52.38552,-1.532739,151.35,13.42,4,299.57,19 / 20,3587009,2019-09-06 20:19:52:752,0.0303,-1.1489,9.5631,-0.0006,-0.0093,9.8066,0.0173,-0.0367,0.0398,7.5,-35.94,-1.69,136.03,-84.5,-164.8
52.38552,-1.532739,151.35,13.42,4,299.57,19 / 20,3587110,2019-09-06 20:19:52:853,-0.6664,0.4883,9.7899,0.0138,-0.0051,9.8066,0.0022,-0.0394,0.0299,7.63,-36.12,-1.37,131.42,-84.41,-164.67
52.38552,-1.532739,151.35,13.42,4,299.57,19 / 20,3587209,2019-09-06 20:19:52:952,-0.508,0.4985,10.2975,0.0029,0.0117,9.8066,0.0554,0.0409,-0.0429,8.06,-35.81,-0.87,132.29,-84.39,-163.58
52.38552,-1.532739,151.35,13.42,4,299.57,19 / 20,3587309,2019-09-06 20:19:53:052,-1.6158,0.8524,9.3638,0.0228,-0.0095,9.8066,0.1315,-0.046,0.0806,7.44,-35.5,-0.81,135,-84.52,-162.58
52.38598,-1.534062,152.07,11.5,4,301.89,19 / 20,3587410,2019-09-06 20:19:53:153,0.4566,0.3741,10.1205,-0.0121,0.0235,9.8065,0.0244,0.0484,-0.0442,7.38,-36.12,-0.44,129.7,-84.47,-162.63
52.38598,-1.534062,152.07,11.5,4,301.89,19 / 20,3587510,2019-09-06 20:19:53:253,0.5444,0.2882,9.9123,-0.0291,0.0039,9.8065,0.1118,0.0089,-0.0393,7.94,-35.87,-0.25,128.3,-84.32,-162.09
52.38598,-1.534062,152.07,11.5,4,301.89,19 / 20,3587610,2019-09-06 20:19:53:353,-0.0521,-0.6002,9.7709,0.0214,-0.0174,9.8065,0.0341,0.0212,-0.0365,8.25,-35.62,-0.69,132.9,-84.54,-162.27
52.38598,-1.534062,152.07,11.5,4,301.89,19 / 20,3587709,2019-09-06 20:19:53:452,-0.8924,0.5788,10.2498,0.0039,-0.0046,9.8065,0.0079,-0.0343,0.0051,8.31,-35.44,-0.75,132.29,-84.48,-162.75
52.38598,-1.534062,152.07,11.5,4,301.89,19 / 20,3587810,2019-09-06 20:19:53:553,-0.5582,-0.0818,10.5374,-0.0192,-0.0047,9.8066,0.0603,0.0298,-0.0665,8.63,-35.19,-0.62,129.14,-84.48,-163.87
52.38598,-1.534062,152.07,11.5,4,301.89,19 / 20,3587909,2019-09-06 20:19:53:652,-0.4651,-0.6921,9.3869,-0.0273,-0.0018,9.8065,0.0481,-0.0705,0.0391,8.63,-35.75,-1.56,132.55,-84.31,-166.45
52.38598,-1.534062,152.07,11.5,4,301.89,19 / 20,3588010,2019-09-06 20:19:53:753,0.1153,0.1125,10.0775,0.032,-0.0122,9.8065,0.0357,-0.0201,0.002,8.19,-36.06,-1.37,130.72,-84.47,-165.36
52.38598,-1.534062,152.07,11.5,4,301.89,19 / 20,3588109,2019-09-06 20:19:53:852,-0.0279,0.0407,9.8162,0.0323,-0.0197,9.8065,-0.0075,0.0007,0.0055,8.75,-36.5,-1,128.16,-84.55,-165.38
52.38598,-1.534062,152.07,11.5,4,301.89,19 / 20,3588209,2019-09-06 20:19:53:952,-1.073,-0.1162,9.9286,-0.0053,-0.0015,9.8066,0.0238,-0.0163,0.0388,8,-37.19,-0.87,131.21,-84.43,-165.4
52.38598,-1.534062,152.07,11.5,4,301.89,19 / 20,3588310,2019-09-06 20:19:54:053,0.066,1.1372,9.8905,-0.0042,0.0207,9.8066,0.0128,0.0568,-0.0882,7.94,-37.12,-0.5,127.06,-84.3,-164.38
52.38598,-1.534062,152.07,11.5,4,301.89,19 / 21,3588409,2019-09-06 20:19:54:152,-0.2706,0.41,9.7465,0.0111,-0.0174,9.8066,0.0705,-0.0345,0.112,7.69,-37,-0.5,127.68,-84.2,-163.95
52.38598,-1.534062,152.07,11.5,4,301.89,19 / 21,3588509,2019-09-06 20:19:54:252,-0.1465,0.3231,9.5894,0.0163,0.0114,9.8066,-0.0797,0.0048,-0.0793,8.13,-37,-1,133.18,-84.35,-163.09
52.38598,-1.534062,152.07,11.5,4,301.89,19 / 21,3588610,2019-09-06 20:19:54:353,-0.1913,0.8663,10.3862,-0.0006,-0.0027,9.8066,0.078,-0.0119,0.0393,8.06,-37.62,-0.94,133.54,-84.48,-162.71
52.38598,-1.534062,152.07,11.5,4,301.89,19 / 21,3588709,2019-09-06 20:19:54:452,-1.5292,-0.2322,9.277,0.0109,-0.0107,9.8065,-0.0227,0.0135,0.0126,8.13,-37.56,-1.06,133.2,-84.49,-163.12
52.38598,-1.534062,152.07,11.5,4,301.89,19 / 21,3588810,2019-09-06 20:19:54:553,0.5069,0.0056,9.839,-0.0142,0.0149,9.8066,-0.0241,-0.0029,-0.0019,8.44,-37.31,-1.37,132.82,-84.25,-163.93
52.38598,-1.534062,152.07,11.5,4,301.89,19 / 21,3588910,2019-09-06 20:19:54:653,-0.2299,0.0246,9.9427,-0.0028,0.0037,9.8066,-0.0671,0.0544,-0.0103,7.38,-37.44,-1.44,135.77,-84.31,-163.47
52.38598,-1.534062,152.07,11.5,4,301.89,19 / 21,3589009,2019-09-06 20:19:54:752,0.607,-0.9485,10.7842,-0.0144,-0.0018,9.8066,0.0316,-0.0338,0.046,7,-37.37,-1.69,139.6,-84.49,-164.71
52.38598,-1.534062,152.07,11.5,4,301.89,19 / 21,3589109,2019-09-06 20:19:54:852,0.0815,0.1997,9.021,0.0094,0.0185,9.8065,-0.0727,-0.0049,-0.0149,6.38,-37.25,-1.12,138.6,-84.32,-164.24
52.38598,-1.534062,152.07,11.5,4,301.89,19 / 21,3589210,2019-09-06 20:19:54:953,-0.0579,0.0707,10.3237,-0.0195,0.0184,9.8065,-0.131,-0.0196,0.0141,6.69,-37.56,-0.87,136.05,-84.13,-164.4
52.38598,-1.534062,152.07,11.5,4,301.89,19 / 21,3589309,2019-09-06 20:19:55:052,-1.0744,-0.1368,9.5328,0.0173,-0.0111,9.8066,-0.1035,0.0072,0.0355,6.38,-37.75,-0.25,133.36,-84.34,-163.61
52.38598,-1.534062,152.07,11.5,4,301.89,20 / 21,3589411,2019-09-06 20:19:55:154,-0.5001,-0.2539,10.3083,-0.0253,0.0199,9.8066,-0.0945,0.0514,-0.0417,7.06,-37.81,-0.56,136.78,-84.19,-163.12
52.38598,-1.534062,152.07,11.5,4,301.89,20 / 21,3589510,2019-09-06 20:19:55:253,-0.0445,0.9443,10.3516,-0.0012,-0.0038,9.8066,0.0609,0.0559,-0.008,7,-37.81,0.25,130.78,-84.28,-163.32
52.38598,-1.534062,152.07,11.5,4,301.89,20 / 21,3589609,2019-09-06 20:19:55:352,-0.6123,0.2503,10.1204,-0.0193,0.0036,9.8066,0.0622,0.0131,-0.0387,7.5,-36.94,0,127.96,-84.3,-163.23
52.38598,-1.534062,152.07,11.5,4,301.89,20 / 21,3589710,2019-09-06 20:19:55:453,-0.481,0.9911,9.6966,-0.0048,0.0032,9.8066,-0.0027,0.0873,-0.0284,7.81,-37.12,-0.31,127.62,-84.24,-163.89
52.38598,-1.534062,152.07,11.5,4,301.89,20 / 21,3589810,2019-09-06 20:19:55:553,0.4828,0.666,9.7243,0.0304,-0.0125,9.8066,-0.0235,-0.0555,0.0658,7.75,-37.31,-0.75,131.38,-84.45,-165.11
52.38598,-1.534062,152.07,11.5,4,301.89,20 / 21,3589909,2019-09-06 20:19:55:652,-0.011,-0.7729,10.1459,0.0279,-0.0088,9.8066,0.0045,0.0928,-0.1509,7.63,-37.69,-0.81,131.89,-84.44,-165.05
52.38598,-1.534062,152.07,11.5,4,301.89,20 / 21,3590009,2019-09-06 20:19:55:752,-0.7495,0.1777,9.7375,-0.0177,-0.0063,9.8065,0.099,0.0811,0.0332,8.44,-37.19,-0.37,122.54,-84.56,-169.1
52.38598,-1.534062,152.07,11.5,4,301.89,20 / 21,3590110,2019-09-06 20:19:55:853,-1.0099,-0.0036,9.9352,0.0094,-0.0068,9.8066,-0.1527,-0.0378,-0.0527,8.88,-37.12,-0.37,119.47,-84.55,-170.38
52.38598,-1.534062,152.07,11.5,4,301.89,20 / 21,3590209,2019-09-06 20:19:55:952,-0.507,-0.9399,9.9702,-0.0063,-0.0126,9.8066,-0.0197,0.0277,-0.1042,8.38,-36.37,-0.31,120.31,-84.65,-170.88
52.38598,-1.534062,152.07,11.5,4,301.89,20 / 21,3590310,2019-09-06 20:19:56:053,-0.0352,-0.1163,9.9722,-0.0074,-0.0083,9.8066,-0.031,0.069,-0.0293,8.56,-35.94,-0.56,121.4,-84.64,-173.38
52.38598,-1.534062,152.07,11.5,4,301.89,18 / 20,3590409,2019-09-06 20:19:56:152,-0.584,0.2679,10.0413,-0.0246,0.002,9.8065,-0.0332,-0.0492,0.1062,8.5,-36.5,-0.94,121.13,-84.41,-174.5
52.38598,-1.534062,152.07,11.5,4,301.89,18 / 20,3590510,2019-09-06 20:19:56:253,-1.4113,-0.0264,9.87,-0.0316,0.0193,9.8065,0.0149,0.0801,-0.0754,8.81,-36.12,-0.5,116.47,-84.3,-174.34
52.38598,-1.534062,152.07,11.5,4,301.89,18 / 20,3590610,2019-09-06 20:19:56:353,0.0658,0.8431,10.2611,0.0024,-0.0059,9.8066,0.0393,-0.1044,0.0696,8.94,-36.19,-0.19,115.91,-84.35,-174.82
52.38598,-1.534062,152.07,11.5,4,301.89,18 / 20,3590709,2019-09-06 20:19:56:452,0.4268,0.1953,9.9691,0.0094,-0.0013,9.8066,-0.0658,0.1135,-0.0159,8.88,-36.69,0.13,116.9,-84.31,-174.39
52.38598,-1.534062,152.07,11.5,4,301.89,18 / 20,3590810,2019-09-06 20:19:56:553,0.9074,-0.0368,10.6648,-0.0082,0.0064,9.8066,-0.0442,0.037,0.089,8.69,-36.25,0.06,115.54,-84.3,-175.44
52.38598,-1.534062,152.07,11.5,4,301.89,18 / 20,3590909,2019-09-06 20:19:56:652,-0.4413,-0.2209,10.3417,-0.0026,0.017,9.8066,-0.1089,-0.0455,0.0625,8.94,-36.44,-0.06,117.66,-84.2,-173.28
52.38598,-1.534062,152.07,11.5,4,301.89,18 / 20,3591009,2019-09-06 20:19:56:752,0.0393,-1.1472,9.0681,-0.0273,0.0244,9.8065,-0.1273,0.0471,-0.0951,8.69,-37.06,0,120.13,-83.96,-171.81
52.38598,-1.534062,152.07,11.5,4,301.89,18 / 20,3591109,2019-09-06 20:19:56:852,1.3909,0.5074,9.3252,-0.0168,0.0112,9.8066,0.1307,-0.0221,0.1764,8.88,-36.19,-0.06,120.38,-83.92,-171.02
52.38598,-1.534062,152.07,11.5,4,301.89,18 / 20,3591210,2019-09-06 20:19:56:953,-0.3646,-0.0211,10.1342,0.0507,0.0037,9.8065,0.1044,0.0155,0.0127,9.19,-36,-0.19,120.54,-84.11,-170.1
52.38598,-1.534062,152.07,11.5,4,301.89,18 / 20,3591310,2019-09-06 20:19:57:053,0.527,-0.0648,10.3339,-0.0423,0.0234,9.8065,-0.0814,0.0163,-0.1006,8.38,-35.69,-1.06,129.37,-84.42,-167.31
52.38598,-1.534062,152.07,11.5,4,301.89,19 / 20,3591409,2019-09-06 20:19:57:152,-0.7262,0.6197,9.864,-0.0336,0.0118,9.8065,0.0507,0.0094,0.0634,8.63,-36.69,-0.62,126.81,-84.12,-169.05
52.38598,-1.534062,152.07,11.5,4,301.89,19 / 20,3591510,2019-09-06 20:19:57:253,1.2622,0.2992,10.3061,0.0099,0.0017,9.8066,0.0313,0.0738,-0.0082,8.69,-37.19,-0.56,126.99,-84.01,-169.18
52.38598,-1.534062,152.07,11.5,4,301.89,19 / 20,3591609,2019-09-06 20:19:57:352,-0.0793,-0.8817,10.104,0.0207,-0.0169,9.8066,0.0968,-0.0256,-0.037,7.94,-37.37,-0.69,129.25,-84.08,-169.3
52.38598,-1.534062,152.07,11.5,4,301.89,19 / 20,3591709,2019-09-06 20:19:57:452,-0.8754,0.1433,10.3779,0.0166,-0.0137,9.8065,0.0026,-0.0214,0.0186,8.5,-37.75,-0.31,121.92,-84.01,-169.97
52.38598,-1.534062,152.07,11.5,4,301.89,19 / 20,3591809,2019-09-06 20:19:57:552,0.6277,-1.0903,9.806,-0.013,0.0137,9.8066,-0.0415,0.0243,-0.0259,8.38,-38.12,-0.31,124.54,-83.99,-169.6
52.38598,-1.534062,152.07,11.5,4,301.89,19 / 20,3591910,2019-09-06 20:19:57:653,-0.3885,-1.0083,9.4788,-0.0072,0.0141,9.8065,0.0055,0.0177,0.0974,8.19,-38.19,0.19,125.68,-83.86,-168.64
52.38598,-1.534062,152.07,11.5,4,301.89,19 / 20,3592010,2019-09-06 20:19:57:753,0.446,-0.2759,9.6378,0.007,0.0118,9.8066,-0.0687,0.0298,0.0491,8.31,-38.75,-0.56,132.57,-83.86,-166.88
52.38598,-1.534062,152.07,11.5,4,301.89,19 / 20,3592109,2019-09-06 20:19:57:852,0.1248,0.4911,9.9806,-0.0048,0.0155,9.8066,0.0065,-0.0107,-0.018,8.13,-37.94,-0.31,127.86,-83.86,-165.73
52.38598,-1.534062,152.07,11.5,4,301.89,19 / 20,3592209,2019-09-06 20:19:57:952,-0.533,-0.9543,9.4418,0.0051,0.0055,9.8066,-0.0041,0.0541,0.0268,8.25,-37.81,-0.12,128.91,-83.79,-164.58
52.38598,-1.534062,152.07,11.5,4,301.89,19 / 20,3592310,2019-09-06 20:19:58:053,0.8475,0.7181,9.55,0.0007,0.026,9.8065,0.132,0.0371,0.0454,7.38,-37.5,-0.44,132.06,-83.62,-163.71
52.38598,-1.534062,152.07,11.5,4,301.89,18 / 21,3592411,2019-09-06 20:19:58:154,0.2008,1.0676,10.5657,-0.0023,-0.0046,9.8066,0.0747,-0.0872,-0.0395,7.88,-37.75,-0.37,131.89,-83.38,-162.08
52.38598,-1.534062,152.07,11.5,4,301.89,18 / 21,3592510,2019-09-06 20:19:58:253,-0.5881,-0.0454,9.9112,-0.0062,-0.0166,9.8066,-0.0546,-0.0196,0.0317,8.88,-37.44,0.19,128.28,-83.39,-163.43
52.38598,-1.534062,152.07,11.5,4,301.89,18 / 21,3592609,2019-09-06 20:19:58:352,0.0391,-0.211,9.2189,-0.0029,-0.0116,9.8066,-0.1358,-0.0176,-0.0476,8.56,-37.37,-0.44,127.48,-83.41,-164.41
52.38598,-1.534062,152.07,11.5,4,301.89,18 / 21,3592710,2019-09-06 20:19:58:453,0.4068,0.2543,9.7682,0.0271,-0.0357,9.8065,0.047,-0.0178,-0.0692,8.5,-37.81,-0.44,126.79,-83.56,-165.43
52.38598,-1.534062,152.07,11.5,4,301.89,18 / 21,3592809,2019-09-06 20:19:58:552,0.3625,-0.1287,10.3246,0.0042,-0.0267,9.8066,0.1018,0.0131,-0.0247,8.69,-37.44,-1.06,127.67,-83.93,-168.58
52.38598,-1.534062,152.07,11.5,4,301.89,18 / 21,3592910,2019-09-06 20:19:58:653,-0.7068,-0.1354,9.6561,0.0178,-0.0324,9.8065,-0.0264,0.0118,-0.0168,8.88,-36.69,-0.87,125.7,-84.02,-170.8
52.38598,-1.534062,152.07,11.5,4,301.89,18 / 21,3593009,2019-09-06 20:19:58:752,0.0773,-0.4422,9.7666,-0.0415,0,9.8065,-0.0309,-0.0119,-0.0801,8.63,-36.87,-0.37,119.83,-83.84,-172.63
52.38598,-1.534062,152.07,11.5,4,301.89,18 / 21,3593110,2019-09-06 20:19:58:853,-0.4077,1.7345,10.1533,0.0096,-0.0177,9.8066,-0.3763,0.0849,-0.1169,8.94,-36.75,-0.69,122.68,-83.89,-175.09
52.38598,-1.534062,152.07,11.5,4,301.89,18 / 21,3593210,2019-09-06 20:19:58:953,-0.6121,-0.7056,10.0526,-0.0607,0.0034,9.8064,-0.3062,-0.0479,0.0715,8.56,-35.81,-0.37,115.9,-83.75,-177.14
52.38598,-1.534062,152.07,11.5,4,301.89,18 / 21,3593310,2019-09-06 20:19:59:053,0.0965,-0.4557,8.717,-0.0567,0.0252,9.8064,-0.0106,0.0395,-0.0398,8.5,-36.69,-1.19,121.12,-83.91,-176.97
52.38598,-1.534062,152.07,11.5,4,301.89,19 / 20,3593410,2019-09-06 20:19:59:153,0.3549,-0.2418,9.7736,-0.0089,0.0028,9.8066,-0.0795,0.0039,0.0118,8.69,-36.56,-1.19,119.79,-84.14,-177.73
52.38598,-1.534062,152.07,11.5,4,301.89,19 / 20,3593510,2019-09-06 20:19:59:253,0.0641,0.0263,9.3277,0.0021,-0.0049,9.8066,0.0309,0.0301,0.0297,8.25,-35.87,-0.62,121.94,-84.2,-177.66
52.38598,-1.534062,152.07,11.5,4,301.89,19 / 20,3593610,2019-09-06 20:19:59:353,0.2325,-0.4471,9.4058,0.027,-0.0093,9.8065,0.0671,-0.0021,-0.0113,8.38,-36.19,-0.69,122.45,-84.18,-177.08
52.38598,-1.534062,152.07,11.5,4,301.89,19 / 20,3593710,2019-09-06 20:19:59:453,-0.5042,-0.3135,10.0421,0.0199,0.0016,9.8066,0.1072,-0.0387,0.0261,9.06,-36.06,0.13,114.17,-84.35,-176.86
52.38598,-1.534062,152.07,11.5,4,301.89,19 / 20,3593810,2019-09-06 20:19:59:553,-1.9586,0.1362,8.9883,0.0288,0.0012,9.8065,-0.1036,-0.008,0.0807,9.81,-35.81,0.44,113.41,-84.55,-174.87
52.38598,-1.534062,152.07,11.5,4,301.89,19 / 20,3593909,2019-09-06 20:19:59:652,-0.4999,-0.4129,8.9422,-0.0261,0.0281,9.8066,-0.1556,0.0372,0.0438,9.81,-36.37,0.06,115.58,-84.46,-172.67
52.38598,-1.534062,152.07,11.5,4,301.89,19 / 20,3594009,2019-09-06 20:19:59:752,-0.2554,-0.8594,9.6975,-0.0181,0.0334,9.8066,0.0597,0.006,0.0029,10,-35.62,-0.69,122.46,-84.56,-169.83
52.38598,-1.534062,152.07,11.5,4,301.89,19 / 20,3594110,2019-09-06 20:19:59:853,-0.1943,-0.2935,9.7173,0.0455,-0.0116,9.8064,-0.0717,0.0098,0.0858,11,-36.19,-1.25,122.2,-84.89,-167.14
52.38598,-1.534062,152.07,11.5,4,301.89,19 / 20,3594210,2019-09-06 20:19:59:953,-0.3023,0.1881,9.9709,0.0224,0.0085,9.8065,0.2021,-0.025,0.0334,10.31,-36.31,-1.81,130.26,-84.65,-165.5
52.38598,-1.534062,152.07,11.5,4,301.89,19 / 20,3594310,2019-09-06 20:20:00:053,-0.7654,0.2135,9.3139,0.0338,-0.0173,9.8065,0.1212,-0.0509,0.0528,9.5,-36.69,-1.75,132.8,-84.47,-163.29
52.38598,-1.534062,152.07,11.5,4,301.89,18 / 20,3594409,2019-09-06 20:20:00:152,-0.0722,-0.0394,10.538,0.0146,0.0068,9.8066,0.0301,0.015,0.0025,8.25,-36.62,-2.19,139,-84.6,-161.01
52.38598,-1.534062,152.07,11.5,4,301.89,18 / 20,3594509,2019-09-06 20:20:00:252,1.0278,-1.7787,10.4405,0.034,-0.0084,9.8065,0.439,-0.1321,0.1795,8.38,-38.19,-2,140.18,-84.66,-159.7
52.38598,-1.534062,152.07,11.5,4,301.89,18 / 20,3594609,2019-09-06 20:20:00:352,1.1155,0.3454,11.1789,0.1312,-0.0725,9.8055,0.7034,-0.1856,0.0927,7.88,-37,-1.44,137.11,-84.06,-158.75
52.38598,-1.534062,152.07,11.5,4,301.89,18 / 20,3594709,2019-09-06 20:20:00:452,-5.1522,6.2141,11.656,-0.1365,0.0578,9.8054,-0.1094,-0.0201,-0.0528,8.06,-37.37,-1.31,138.33,-84.79,-154.81
52.38598,-1.534062,152.07,11.5,4,301.89,18 / 20,3594810,2019-09-06 20:20:00:553,-1.3463,0.6996,11.3556,0.0032,0.0118,9.8066,0.3638,0.0616,-0.0519,8.06,-37.5,-1.06,137.16,-84.73,-156.55
52.38598,-1.534062,152.07,11.5,4,301.89,18 / 20,3594909,2019-09-06 20:20:00:652,-1.5691,0.7729,11.0321,0.101,-0.0628,9.8059,-0.4612,0.0813,-0.0695,7.56,-36.81,-1.12,136.44,-85.38,-155.36
52.38598,-1.534062,152.07,11.5,4,301.89,18 / 20,3595010,2019-09-06 20:20:00:753,-2.5932,-0.4469,10.4634,-0.1046,0.0255,9.8061,-0.2213,-0.0067,0.0515,7.69,-36.44,-1.87,138.14,-84.98,-160.56
52.38598,-1.534062,152.07,11.5,4,301.89,18 / 20,3595110,2019-09-06 20:20:00:853,-0.7762,-0.2695,10.1511,-0.0649,0.0324,9.8064,0.0531,0.04,0.0444,8.19,-36.31,-1.25,133.82,-84.99,-159.56
52.38598,-1.534062,152.07,11.5,4,301.89,18 / 20,3595209,2019-09-06 20:20:00:952,-0.1567,-0.1373,10.5215,-0.0087,0.0136,9.8065,0.029,-0.0036,0.0499,8.19,-36.69,-1.12,135.13,-84.91,-158.6
52.38598,-1.534062,152.07,11.5,4,301.89,18 / 20,3595310,2019-09-06 20:20:01:053,-0.7093,0.6315,10.0425,-0.0113,0.0202,9.8066,0.0305,-0.0392,0.0323,7.75,-37.12,-0.81,136.58,-84.65,-157.56
52.38598,-1.534062,152.07,11.5,4,301.89,19 / 20,3595409,2019-09-06 20:20:01:152,-2.43,0.5007,10.2223,0.0009,-0.0106,9.8066,0.039,0.0542,-0.0779,8,-36.25,-0.69,136.49,-84.73,-156.95
52.38598,-1.534062,152.07,11.5,4,301.89,19 / 20,3595509,2019-09-06 20:20:01:252,0.2954,0.2726,10.2677,-0.0368,-0.005,9.8065,0.0047,0.0193,0.0278,7.81,-36.62,-0.81,135.01,-84.77,-159.22
52.38598,-1.534062,152.07,11.5,4,301.89,19 / 20,3595610,2019-09-06 20:20:01:353,-0.5956,-0.0855,8.8428,0.0067,-0.0146,9.8066,-0.0455,0.0212,-0.0331,7.69,-36.62,-0.75,133.55,-84.98,-160.42
52.38598,-1.534062,152.07,11.5,4,301.89,19 / 20,3595709,2019-09-06 20:20:01:452,-0.8109,-0.3333,9.5926,-0.0332,0.0016,9.8065,0.0707,-0.024,-0.0323,8.38,-36.87,-1.37,132.41,-84.88,-162.25
52.38598,-1.534062,152.07,11.5,4,301.89,19 / 20,3595810,2019-09-06 20:20:01:553,0.7096,0.1006,9.6939,0.0358,-0.0191,9.8065,0.0758,0.0224,-0.0102,8.13,-36.5,-0.75,131.74,-84.8,-162.87
52.38598,-1.534062,152.07,11.5,4,301.89,19 / 20,3595909,2019-09-06 20:20:01:652,-0.8673,-0.0903,10.3096,0.0325,-0.0061,9.8065,-0.0497,0.0437,0.006,8.56,-36.37,-0.75,129.29,-84.92,-162.77
52.38598,-1.534062,152.07,11.5,4,301.89,19 / 20,3596010,2019-09-06 20:20:01:753,-0.4798,0.2991,9.848,-0.0085,0.0128,9.8066,0.0748,0.052,0.0316,8.5,-36.44,-1.12,129.85,-84.65,-162.95
52.38598,-1.534062,152.07,11.5,4,301.89,19 / 20,3596110,2019-09-06 20:20:01:853,-1.1698,0.6303,9.6915,0.0177,-0.0003,9.8066,-0.0659,-0.0172,-0.0407,8.31,-36.37,-0.69,132.41,-84.64,-162.59
52.38598,-1.534062,152.07,11.5,4,301.89,19 / 20,3596210,2019-09-06 20:20:01:953,-0.6701,-0.3598,9.502,-0.0023,-0.0027,9.8066,-0.0445,0.0012,-0.0296,8.5,-35.94,-0.81,130.6,-84.66,-161.97
52.38598,-1.534062,152.07,11.5,4,301.89,19 / 20,3596310,2019-09-06 20:20:02:053,-0.2017,-0.1836,9.3816,0.0182,-0.0071,9.8066,0.0809,0.0158,0.0316,8.63,-36.37,-1.31,130.4,-84.66,-162.22
52.386517,-1.535502,152.03,14.2,6,299.64,19 / 20,3596410,2019-09-06 20:20:02:153,0.5932,0.8555,9.7247,0.0158,0.0042,9.8066,-0.0612,-0.0442,0.0189,8.56,-36.37,-1.44,130.57,-84.59,-162.22
52.386517,-1.535502,152.03,14.2,6,299.64,19 / 20,3596509,2019-09-06 20:20:02:252,-0.5998,0.6864,10.0115,0.0347,-0.0216,9.8065,-0.0972,0.0385,-0.0082,8.44,-36.87,-1.37,133.05,-84.75,-161.86
52.386517,-1.535502,152.03,14.2,6,299.64,19 / 20,3596609,2019-09-06 20:20:02:352,-0.4639,0.7024,10.0153,-0.0276,0.0039,9.8066,0.023,-0.0291,0.0374,8.13,-37.31,-1.12,132.79,-84.52,-163.03
52.386517,-1.535502,152.03,14.2,6,299.64,19 / 20,3596710,2019-09-06 20:20:02:453,-0.3915,-0.5214,9.8221,0.0081,-0.0144,9.8066,0.0218,-0.0622,0.0232,7.81,-37.19,-0.62,132.67,-84.52,-163.16
52.386517,-1.535502,152.03,14.2,6,299.64,19 / 20,3596809,2019-09-06 20:20:02:552,-0.5979,0.7018,9.6552,-0.0062,0.0018,9.8066,-0.0961,0.0179,-0.0482,8.06,-38.06,-1.5,132.58,-84.56,-163.69
52.386517,-1.535502,152.03,14.2,6,299.64,19 / 20,3596909,2019-09-06 20:20:02:652,-0.5482,-0.6673,9.9656,-0.015,-0.0016,9.8065,0.0357,-0.008,0.0056,7.5,-37.44,-0.81,131.13,-84.52,-165.17
52.386517,-1.535502,152.03,14.2,6,299.64,19 / 20,3597010,2019-09-06 20:20:02:753,-1.1438,0.1023,10.0486,-0.0094,-0.0035,9.8066,-0.0072,-0.0011,-0.0155,8.13,-37.5,-0.12,124.88,-84.44,-166.62
52.386517,-1.535502,152.03,14.2,6,299.64,19 / 20,3597110,2019-09-06 20:20:02:853,-0.5091,-0.5556,9.6867,-0.0007,-0.0078,9.8066,0.047,-0.0214,0.0069,8.69,-36.94,0.13,122.15,-84.43,-167.56
52.386517,-1.535502,152.03,14.2,6,299.64,19 / 20,3597209,2019-09-06 20:20:02:952,-0.5876,-0.1052,9.3591,0.0127,-0.0139,9.8066,0.011,0.0222,-0.0033,9.25,-37.06,-0.31,121.29,-84.53,-168.25
52.386517,-1.535502,152.03,14.2,6,299.64,19 / 20,3597309,2019-09-06 20:20:03:052,-0.2173,-0.5749,9.7497,-0.0007,-0.0037,9.8066,0.0094,-0.0098,-0.0104,9.31,-36.75,-0.87,125.82,-84.6,-168.63
52.386517,-1.535502,152.03,14.2,6,299.64,18 / 20,3597414,2019-09-06 20:20:03:157,-0.714,0.2961,9.9576,-0.0137,0.004,9.8066,0.0146,0.0114,0.0028,9.25,-37.5,-0.37,120.04,-84.73,-169.01
52.386517,-1.535502,152.03,14.2,6,299.64,18 / 20,3597509,2019-09-06 20:20:03:252,-0.3832,0.1883,9.5725,-0.0323,0.0144,9.8065,0.091,-0.0327,0.0288,9.56,-36.81,-0.31,118.52,-84.54,-169.45
52.386517,-1.535502,152.03,14.2,6,299.64,18 / 20,3597610,2019-09-06 20:20:03:353,-0.411,-0.3566,10.3307,0.0136,0.0048,9.8066,0.0657,0.0239,-0.0296,9.56,-37.31,-0.37,118.99,-84.63,-168.58
52.386517,-1.535502,152.03,14.2,6,299.64,18 / 20,3597709,2019-09-06 20:20:03:452,-0.2676,0.8241,9.6707,0.0183,-0.016,9.8065,0.0203,0.0302,-0.0565,9.56,-36.87,-0.37,118.82,-84.62,-168.82
52.386517,-1.535502,152.03,14.2,6,299.64,18 / 20,3597809,2019-09-06 20:20:03:552,-0.2295,-0.704,9.7384,-0.0047,-0.0111,9.8066,-0.0052,-0.0349,0.0195,9.81,-36.94,-0.31,118.74,-84.42,-169.6
52.386517,-1.535502,152.03,14.2,6,299.64,18 / 20,3597909,2019-09-06 20:20:03:652,-0.3226,0.1237,9.2652,-0.0011,0.007,9.8066,-0.0582,0.0197,-0.0066,9.94,-37.19,-1.12,123.68,-84.39,-169.39
52.386517,-1.535502,152.03,14.2,6,299.64,18 / 20,3598009,2019-09-06 20:20:03:752,0.859,-0.2254,9.6537,0.0127,-0.0007,9.8065,-0.0529,-0.0099,0.0184,9.06,-37.62,-1.12,125.92,-84.44,-169.57
52.386517,-1.535502,152.03,14.2,6,299.64,18 / 20,3598109,2019-09-06 20:20:03:852,-0.4537,-0.1605,9.7658,0.0061,-0.0093,9.8066,0.0508,0.0037,0.0429,9.31,-37.31,-1.31,125.42,-84.58,-169.18
52.386517,-1.535502,152.03,14.2,6,299.64,18 / 20,3598209,2019-09-06 20:20:03:952,-0.6869,-0.5519,10.1157,0.0048,0.0052,9.8066,0.0642,0.0439,-0.0262,9.31,-37,-1,125.36,-84.6,-169.18
52.386517,-1.535502,152.03,14.2,6,299.64,18 / 20,3598310,2019-09-06 20:20:04:053,-0.9174,-0.2412,9.9748,-0.0293,0.0119,9.8065,-0.0782,-0.008,0.0833,9.13,-37.19,-0.62,125.87,-84.55,-168.73
52.386517,-1.535502,152.03,14.2,6,299.64,19 / 20,3598409,2019-09-06 20:20:04:152,-0.1614,-0.2764,9.6694,-0.0143,0.013,9.8066,-0.0523,-0.0114,-0.0062,8.88,-37.19,-0.31,121.26,-84.5,-168.39
52.386517,-1.535502,152.03,14.2,6,299.64,19 / 20,3598510,2019-09-06 20:20:04:253,-0.4491,-0.0112,9.8284,0.0146,-0.0148,9.8066,0.0021,0.0009,-0.0238,8.81,-37,-0.81,126.68,-84.37,-168.33
52.386517,-1.535502,152.03,14.2,6,299.64,19 / 20,3598609,2019-09-06 20:20:04:352,0.2129,0.6558,9.7583,0.0059,0.0021,9.8066,0.0125,-0.0468,0.014,8.94,-36.94,-0.94,125.95,-84.44,-169.02
52.386517,-1.535502,152.03,14.2,6,299.64,19 / 20,3598710,2019-09-06 20:20:04:453,-0.5085,-0.075,10.1341,-0.019,0.007,9.8065,-0.0004,-0.0085,0.0395,9.63,-36.5,-0.62,123.66,-84.46,-168.72
52.386517,-1.535502,152.03,14.2,6,299.64,19 / 20,3598810,2019-09-06 20:20:04:553,0.0064,-0.4525,9.8588,-0.0045,0.0073,9.8066,0.002,0.012,0.0073,9.19,-36.37,-1.31,126.13,-84.42,-168.33
52.386517,-1.535502,152.03,14.2,6,299.64,19 / 20,3598910,2019-09-06 20:20:04:653,0.2597,0.3011,9.732,0.0031,0.0064,9.8066,-0.0515,-0.014,0.0313,9.25,-36.94,-1.31,127.27,-84.42,-167.45
52.386517,-1.535502,152.03,14.2,6,299.64,19 / 20,3599009,2019-09-06 20:20:04:752,0.0193,-0.1254,9.5463,-0.0046,0.009,9.8066,-0.0569,0.0538,-0.0183,8.38,-37,-1.94,134.75,-84.38,-167.38
52.386517,-1.535502,152.03,14.2,6,299.64,19 / 20,3599109,2019-09-06 20:20:04:852,-0.2564,0.745,9.8066,0.003,0.0028,9.8066,-0.0999,0.0212,-0.06,7.63,-37.12,-1.56,134.84,-84.35,-167.36
52.386517,-1.535502,152.03,14.2,6,299.64,19 / 20,3599210,2019-09-06 20:20:04:953,0.8301,-0.1557,10.2705,-0.0219,0.0021,9.8065,-0.0793,-0.0376,0.0361,7.31,-38.5,-1.19,132.75,-84.29,-168.42
52.386517,-1.535502,152.03,14.2,6,299.64,19 / 20,3599309,2019-09-06 20:20:05:052,0.0015,-0.0841,10.2393,-0.0094,0.0052,9.8066,0.0354,-0.0106,0.0343,6.94,-37.94,-1.25,132.65,-84.27,-168.64
52.386517,-1.535502,152.03,14.2,6,299.64,19 / 20,3599410,2019-09-06 20:20:05:153,-0.5058,-0.1748,9.3407,-0.0071,0.0068,9.8066,0.0071,-0.0165,0.0125,7.38,-37.5,0.13,126.56,-84.16,-168.99
52.386517,-1.535502,152.03,14.2,6,299.64,19 / 20,3599509,2019-09-06 20:20:05:252,0.7018,0.1437,9.9402,-0.0122,0.0172,9.8065,0.1361,-0.0145,0.0459,7.38,-37.25,0.44,127.51,-84.03,-168.28
52.386517,-1.535502,152.03,14.2,6,299.64,19 / 20,3599610,2019-09-06 20:20:05:353,-0.0268,-0.14,10.2353,0.0203,0.0008,9.8066,0.0348,0.0045,-0.019,7.56,-37.31,0.31,125.36,-84.07,-167.53
52.386517,-1.535502,152.03,14.2,6,299.64,19 / 20,3599709,2019-09-06 20:20:05:452,-0.2788,1.2919,10.0665,0.0037,-0.0099,9.8065,-0.1533,-0.002,-0.0288,8.31,-37.19,-0.06,125.22,-84.16,-167.32
52.386517,-1.535502,152.03,14.2,6,299.64,19 / 20,3599810,2019-09-06 20:20:05:553,-0.4874,-0.13,9.5892,-0.0017,-0.0038,9.8066,-0.0106,0.0339,0.032,8.31,-36.81,-0.19,124.08,-84.26,-168.4
52.386517,-1.535502,152.03,14.2,6,299.64,19 / 20,3599909,2019-09-06 20:20:05:652,1.3971,0.2267,9.5748,0.006,-0.0094,9.8066,-0.0142,0.0815,-0.0783,9.19,-36.75,-0.75,126.27,-84.41,-168.71
52.386517,-1.535502,152.03,14.2,6,299.64,19 / 20,3600009,2019-09-06 20:20:05:752,1.0153,0.0054,10.8202,-0.0217,0.0086,9.8065,-0.0184,-0.0038,0.0409,8.88,-37.12,-1.06,126.56,-84.35,-168.56
52.386517,-1.535502,152.03,14.2,6,299.64,19 / 20,3600110,2019-09-06 20:20:05:853,-0.1026,-0.0864,10.2328,-0.0164,0.0076,9.8066,0.1027,-0.0852,0.0759,9.25,-36.44,0,121.14,-84.21,-169.01
52.386517,-1.535502,152.03,14.2,6,299.64,19 / 20,3600211,2019-09-06 20:20:05:954,-0.2339,0.0376,9.5045,0.0052,0.0108,9.8066,-0.0526,0.0167,-0.0426,8.56,-36.44,-0.69,127.53,-83.84,-168.48
52.386517,-1.535502,152.03,14.2,6,299.64,19 / 20,3600310,2019-09-06 20:20:06:053,0.6617,0.1702,9.3634,0.004,-0.0049,9.8066,-0.1294,-0.0031,-0.0524,8.5,-36.69,-0.87,127.9,-83.95,-168.22
52.386517,-1.535502,152.03,14.2,6,299.64,18 / 20,3600410,2019-09-06 20:20:06:153,0.6976,0.3309,9.5374,0.0185,-0.027,9.8065,0.0413,-0.0278,0.0324,8.75,-36.69,-1.12,126.04,-84.25,-169.54
52.386517,-1.535502,152.03,14.2,6,299.64,18 / 20,3600509,2019-09-06 20:20:06:252,0.302,1.3581,10.2071,-0.0077,-0.0008,9.8066,-0.0361,0.0917,-0.1056,8.63,-36.94,-0.56,125.84,-84.29,-169.65
52.386517,-1.535502,152.03,14.2,6,299.64,18 / 20,3600610,2019-09-06 20:20:06:353,-0.2967,0.4081,9.9865,0.0035,0.0091,9.8066,0.0488,-0.0458,0.1056,8.69,-37.44,-1.12,125.46,-84.27,-170.23
52.386517,-1.535502,152.03,14.2,6,299.64,18 / 20,3600709,2019-09-06 20:20:06:452,0.3773,0.7716,9.8066,-0.0244,0.0013,9.8066,-0.0039,0.0292,-0.071,8.31,-37,-1.31,128.47,-84.06,-170.42
52.386517,-1.535502,152.03,14.2,6,299.64,18 / 20,3600810,2019-09-06 20:20:06:553,-0.0282,-0.2855,9.5439,0.0152,0.0001,9.8066,0.0414,-0.003,0.0376,9.06,-37.06,-1.44,126.62,-83.96,-169.83
52.386517,-1.535502,152.03,14.2,6,299.64,18 / 20,3600909,2019-09-06 20:20:06:652,-0.1515,0.0005,10.1549,0.0176,-0.0132,9.8066,-0.0139,-0.0362,-0.0096,8.56,-37.25,-1.25,127.05,-84.02,-169.06
52.386517,-1.535502,152.03,14.2,6,299.64,18 / 20,3601010,2019-09-06 20:20:06:753,-0.4238,0.264,9.47,0.0062,-0.0208,9.8065,-0.0208,-0.0291,-0.0513,8.06,-37.94,-1.69,133.42,-84.15,-170.47
52.386517,-1.535502,152.03,14.2,6,299.64,18 / 20,3601109,2019-09-06 20:20:06:852,0.3542,-0.6499,10.1466,-0.0075,0.01,9.8066,-0.0169,-0.021,0.0735,8.06,-37.81,-1.62,132.86,-84.19,-171.09
52.386517,-1.535502,152.03,14.2,6,299.64,18 / 20,3601210,2019-09-06 20:20:06:953,0.4545,0.413,10.1761,-0.0028,0.0002,9.8066,-0.0219,-0.0345,-0.0224,7.5,-37.37,-0.94,128.32,-84.12,-170.37
52.386517,-1.535502,152.03,14.2,6,299.64,18 / 20,3601309,2019-09-06 20:20:07:052,-0.5247,-0.4964,9.583,0.0111,0.0126,9.8065,0.0388,-0.0837,0.1007,7.31,-37.5,-0.69,131.96,-84.04,-169.91
52.386517,-1.535502,152.03,14.2,6,299.64,17 / 20,3601409,2019-09-06 20:20:07:152,0.097,0.0308,10.1947,-0.0058,0.0051,9.8066,0.0823,0.0264,-0.0321,7.63,-37.87,0.31,125.18,-83.87,-169.25
52.386517,-1.535502,152.03,14.2,6,299.64,17 / 20,3601510,2019-09-06 20:20:07:253,0.1388,-0.1255,9.8491,-0.0123,0.0121,9.8066,-0.0557,-0.0558,0.0255,7.81,-36.75,-0.25,125.05,-83.79,-169.07
52.386517,-1.535502,152.03,14.2,6,299.64,17 / 20,3601609,2019-09-06 20:20:07:352,0.8732,-0.0761,9.7093,-0.0065,-0.0004,9.8066,-0.0388,-0.0355,-0.0468,8.25,-37.31,-0.75,129.98,-83.87,-169.12
52.386517,-1.535502,152.03,14.2,6,299.64,17 / 20,3601710,2019-09-06 20:20:07:453,1.0816,0.1387,10.1538,0.0081,-0.0067,9.8066,0.0374,0.0324,-0.0131,8.75,-36.5,-0.62,126.82,-83.95,-169.03
52.386517,-1.535502,152.03,14.2,6,299.64,17 / 20,3601810,2019-09-06 20:20:07:553,0.2611,0.8307,10.2533,0.0136,-0.0043,9.8066,0.0518,-0.0672,0.0582,7.75,-35.94,-1.31,129.05,-84,-169.24
52.386517,-1.535502,152.03,14.2,6,299.64,17 / 20,3601910,2019-09-06 20:20:07:653,0.6515,0.3305,9.6645,-0.0152,0.01,9.8066,0.0287,-0.0016,-0.0368,8.63,-36.69,-1.31,127.08,-83.82,-169.72
52.386517,-1.535502,152.03,14.2,6,299.64,17 / 20,3602010,2019-09-06 20:20:07:753,0.0006,0.3608,9.9917,0.0063,0.0029,9.8066,0.073,-0.0375,0.0041,8.63,-36.5,-1.19,126.77,-83.85,-169.43
52.386517,-1.535502,152.03,14.2,6,299.64,17 / 20,3602110,2019-09-06 20:20:07:853,-0.9812,-0.0625,9.2573,-0.0156,-0.0026,9.8066,-0.1289,-0.0072,-0.0265,8.63,-36.25,-1.25,125.65,-83.87,-170.8
52.386517,-1.535502,152.03,14.2,6,299.64,17 / 20,3602210,2019-09-06 20:20:07:953,0.5148,-0.5724,9.3766,-0.0312,0.0239,9.8065,-0.2152,0.0103,-0.0293,8.75,-36.31,-1.12,125.82,-83.79,-170.86
52.386517,-1.535502,152.03,14.2,6,299.64,17 / 20,3602310,2019-09-06 20:20:08:053,-0.4343,0.0491,9.4575,0.0442,-0.0207,9.8065,0.1388,-0.0305,0.0988,8.44,-36,-1.56,133.64,-83.84,-170.11
52.386517,-1.535502,152.03,14.2,6,299.64,18 / 20,3602410,2019-09-06 20:20:08:153,0.7398,0.1844,10.2034,0.0238,-0.0241,9.8065,0.1232,0.0501,-0.087,8.94,-35.69,-0.44,120.67,-84.16,-169.79
52.386517,-1.535502,152.03,14.2,6,299.64,18 / 20,3602510,2019-09-06 20:20:08:253,-0.3321,0.2578,10.0826,-0.0219,0.0133,9.8065,-0.0608,0.0062,0.0121,8.81,-35.19,-1,125.29,-83.92,-170.5
52.386517,-1.535502,152.03,14.2,6,299.64,18 / 20,3602609,2019-09-06 20:20:08:352,-0.1442,0.432,10.0735,-0.0068,0.0006,9.8066,0.023,-0.0105,0.0434,9.13,-35.25,-1.19,125.17,-83.89,-170.74
52.386517,-1.535502,152.03,14.2,6,299.64,18 / 20,3602710,2019-09-06 20:20:08:453,-0.0309,0.0837,9.7508,-0.0014,-0.0051,9.8066,-0.0181,0.0414,-0.051,9.25,-35.44,-1.12,125.07,-83.81,-171.13
52.386517,-1.535502,152.03,14.2,6,299.64,18 / 20,3602810,2019-09-06 20:20:08:553,-0.3443,0.0564,9.551,-0.0053,0.0145,9.8066,0.034,-0.0033,0.0242,8.5,-35.12,-1.87,130.34,-83.74,-170.47
52.386517,-1.535502,152.03,14.2,6,299.64,18 / 20,3602910,2019-09-06 20:20:08:653,-0.16,0.2153,9.2692,0.0051,-0.0092,9.8066,-0.0072,-0.0055,-0.0183,8.88,-35.81,-1.94,130.63,-83.74,-170.66
52.386517,-1.535502,152.03,14.2,6,299.64,18 / 20,3603010,2019-09-06 20:20:08:753,-0.6645,0.6812,9.5674,0.0233,-0.0066,9.8065,-0.1444,-0.0034,0.0488,8.69,-35.81,-1.62,131,-83.71,-170.26
52.386517,-1.535502,152.03,14.2,6,299.64,18 / 20,3603110,2019-09-06 20:20:08:853,-0.4515,0.2392,9.7781,0.0168,-0.013,9.8066,0.081,0.0385,-0.0568,9.19,-35.94,-2,131.09,-83.83,-169.79
52.386517,-1.535502,152.03,14.2,6,299.64,18 / 20,3603210,2019-09-06 20:20:08:953,-0.7484,1.1916,10.1193,-0.0238,0.0227,9.8065,0.1265,-0.0276,0.0599,8.69,-36.62,-1.19,127.32,-83.92,-169.09
52.386517,-1.535502,152.03,14.2,6,299.64,18 / 20,3603309,2019-09-06 20:20:09:052,0.0316,-0.1209,9.9392,-0.0264,0.0086,9.8066,-0.1013,0.0256,-0.0342,8.31,-36.62,-1.81,134.77,-83.81,-169.24
52.386517,-1.535502,152.03,14.2,6,299.64,17 / 20,3603410,2019-09-06 20:20:09:153,-0.2173,0.2199,9.3684,-0.0189,0.0122,9.8065,-0.019,-0.0078,0.0432,7.94,-36.69,-1.69,134.69,-83.85,-169.22
52.386517,-1.535502,152.03,14.2,6,299.64,17 / 20,3603509,2019-09-06 20:20:09:252,0.1324,0.6691,10.025,0.0176,-0.0153,9.8065,0.0131,0.0372,-0.0446,8.31,-37.62,-1.31,130.32,-83.93,-169.05
52.386517,-1.535502,152.03,14.2,6,299.64,17 / 20,3603610,2019-09-06 20:20:09:353,-0.2524,-0.7313,10.1384,-0.0221,0.0066,9.8066,0.071,-0.0182,0.022,8.13,-38.19,-1.31,130.05,-84.07,-168.88
52.386517,-1.535502,152.03,14.2,6,299.64,17 / 20,3603709,2019-09-06 20:20:09:452,-0.1818,-0.1816,9.2319,-0.0075,0.009,9.8066,0.0004,-0.0206,0.0287,8,-37.25,-0.87,129.49,-84.01,-169.26
52.386517,-1.535502,152.03,14.2,6,299.64,17 / 20,3603810,2019-09-06 20:20:09:553,-0.3576,-0.0334,9.2632,-0.0195,0.01,9.8066,-0.0143,0.0399,0.0225,8.38,-36.94,-1.19,129.92,-83.91,-169.06
52.386517,-1.535502,152.03,14.2,6,299.64,17 / 20,3603910,2019-09-06 20:20:09:653,-0.1997,-0.1092,10.0926,0.0063,-0.0129,9.8066,0.0318,-0.0082,-0.0538,9.06,-36.69,-1,126.48,-84,-169.88
52.386517,-1.535502,152.03,14.2,6,299.64,17 / 20,3604010,2019-09-06 20:20:09:753,0.6924,0.0487,9.6299,0.0036,-0.008,9.8066,0.032,-0.0176,-0.0005,8.75,-36.69,-1,125.9,-84.04,-170.49
52.386517,-1.535502,152.03,14.2,6,299.64,17 / 20,3604110,2019-09-06 20:20:09:853,1.0038,-1.1625,10.2762,0.0156,-0.0159,9.8066,0.0895,-0.0034,-0.0058,8.75,-37.12,-1.25,125.03,-84.03,-171.62
52.386517,-1.535502,152.03,14.2,6,299.64,17 / 20,3604209,2019-09-06 20:20:09:952,-0.2168,-1.1308,10.2877,0.0138,-0.0244,9.8065,0.0998,-0.0043,-0.0364,8.5,-36.81,-1,123.23,-84.18,-173.32
52.386517,-1.535502,152.03,14.2,6,299.64,17 / 20,3604310,2019-09-06 20:20:10:053,0.5337,-1.0651,9.4185,0.0117,0.0066,9.8065,-0.1054,0.0222,0.0087,8.63,-37,-1.37,123.66,-84.03,-173.32
52.386517,-1.535502,152.03,14.2,6,299.64,18 / 20,3604410,2019-09-06 20:20:10:153,-1.1888,1.2225,9.3413,-0.0485,0.0222,9.8065,0.3408,-0.0606,-0.0056,8.44,-37.5,-0.69,126.31,-83.99,-173.53
52.386517,-1.535502,152.03,14.2,6,299.64,18 / 20,3604509,2019-09-06 20:20:10:252,-1.283,0.4409,10.2546,-0.0221,0.0235,9.8065,-0.0928,0.1088,0.0304,8.31,-37.87,-1.62,131.6,-83.88,-173.9
52.386517,-1.535502,152.03,14.2,6,299.64,18 / 20,3604610,2019-09-06 20:20:10:353,0.2796,-1.7108,9.9119,0.0217,-0.0024,9.8066,0.0547,0.0604,0.076,8.13,-37.75,-1.06,127.06,-84.07,-172.87
52.386517,-1.535502,152.03,14.2,6,299.64,18 / 20,3604709,2019-09-06 20:20:10:452,0.1157,-1.1973,9.256,-0.0129,0.0183,9.8065,0.0289,0.0293,0.0058,7.94,-38,-1.62,131.13,-84.2,-173.37
52.386517,-1.535502,152.03,14.2,6,299.64,18 / 20,3604810,2019-09-06 20:20:10:553,1.0591,0.5166,9.5137,0.0027,0.0244,9.8066,-0.0464,-0.0112,0.1014,7.5,-38,-0.81,128.38,-84.12,-170.92
52.386517,-1.535502,152.03,14.2,6,299.64,18 / 20,3604909,2019-09-06 20:20:10:652,0.2029,-0.8855,9.8224,0.0125,-0.0047,9.8066,0.0023,-0.0355,-0.0072,7.31,-37.19,-0.75,131.98,-84.18,-169.33
52.386517,-1.535502,152.03,14.2,6,299.64,18 / 20,3605010,2019-09-06 20:20:10:753,0.3704,-0.3312,10.2021,0.0019,0.0059,9.8066,0.0428,0.0147,0.0072,8.38,-36.81,-1.19,129.69,-84.09,-168.68
52.386517,-1.535502,152.03,14.2,6,299.64,18 / 20,3605110,2019-09-06 20:20:10:853,0.4381,-0.6524,10.3638,-0.0063,0.0093,9.8066,0.0822,0.0104,0.0431,8.31,-37.69,-1.5,131.49,-83.89,-167.61
52.386517,-1.535502,152.03,14.2,6,299.64,18 / 20,3605210,2019-09-06 20:20:10:953,0.4772,0.0679,10.0349,0.0058,-0.0003,9.8066,0.0404,0.0463,-0.0028,8.13,-37.69,-1.5,131.92,-83.84,-167.24
52.386517,-1.535502,152.03,14.2,6,299.64,18 / 20,3605309,2019-09-06 20:20:11:052,-0.5841,-0.2397,9.9444,-0.0007,-0.004,9.8066,-0.0219,-0.0503,-0.0609,6.88,-38.37,-1.31,135.16,-83.84,-166.87
52.387142,-1.537278,150.99,16.43,6,299.39,18 / 19,3605410,2019-09-06 20:20:11:153,0.7906,-0.9377,9.7107,0.0154,-0.0161,9.8065,0.0676,0.0125,-0.012,7.94,-37.56,-1.12,131.61,-83.9,-167.44
52.387142,-1.537278,150.99,16.43,6,299.39,18 / 19,3605509,2019-09-06 20:20:11:252,0.2819,-0.8866,10.0089,-0.0244,0.0039,9.8066,0.1126,-0.0406,-0.0109,8.88,-37.62,-0.81,127.86,-83.89,-169.05
52.387142,-1.537278,150.99,16.43,6,299.39,18 / 19,3605610,2019-09-06 20:20:11:353,-0.1396,-0.3536,9.7383,0.0201,-0.0133,9.8065,0.054,0.0061,-0.0282,9.13,-37.44,-0.62,126.96,-83.9,-169.61
52.387142,-1.537278,150.99,16.43,6,299.39,18 / 19,3605710,2019-09-06 20:20:11:453,0.8541,-0.1288,9.9015,0.0009,0.0024,9.8066,0.0538,0.0343,0.0226,8.75,-37.5,-1.62,131.64,-83.75,-169.83
52.387142,-1.537278,150.99,16.43,6,299.39,18 / 19,3605810,2019-09-06 20:20:11:553,0.3808,-0.3306,9.7856,0.0026,0.0027,9.8066,0.0384,0.0307,0.0202,8.5,-37.94,-1,128.02,-83.82,-169.07
52.387142,-1.537278,150.99,16.43,6,299.39,18 / 19,3605910,2019-09-06 20:20:11:653,-0.7064,0.2507,10.1236,0.0038,0.0052,9.8066,-0.0836,-0.0284,0.0097,8.63,-37.94,-1,128.25,-83.9,-168.51
52.387142,-1.537278,150.99,16.43,6,299.39,18 / 19,3606010,2019-09-06 20:20:11:753,-0.7582,0.7097,10.2213,-0.0296,0.0151,9.8065,-0.0478,0.011,0.014,8.5,-38,-0.69,128.76,-83.99,-167.52
52.387142,-1.537278,150.99,16.43,6,299.39,18 / 19,3606109,2019-09-06 20:20:11:852,0.7498,-0.3219,9.8002,-0.034,0.0211,9.8065,0.0311,-0.006,0.0041,8.06,-38.44,-0.81,131.69,-83.82,-167.6
52.387142,-1.537278,150.99,16.43,6,299.39,18 / 19,3606210,2019-09-06 20:20:11:953,0.1544,-0.2621,9.8218,-0.0011,-0.0033,9.8066,-0.0652,-0.0163,-0.0149,9.06,-38.06,-0.81,129.31,-83.85,-167.32
52.387142,-1.537278,150.99,16.43,6,299.39,18 / 19,3606309,2019-09-06 20:20:12:052,0.4923,-0.5017,9.6972,-0.0075,-0.0016,9.8066,0.179,-0.0223,0.0426,7.75,-38,-1.25,131.59,-83.79,-167.86
52.387142,-1.537278,150.99,16.43,6,299.39,18 / 19,3606410,2019-09-06 20:20:12:153,-0.2238,-0.0991,9.7184,0.0261,-0.004,9.8066,0.0734,0.0219,-0.0169,6.13,-38.19,-1.31,138.35,-83.85,-167.45
52.387142,-1.537278,150.99,16.43,6,299.39,18 / 19,3606509,2019-09-06 20:20:12:252,0.1035,0.3973,10.0364,0.0267,-0.0141,9.8066,-0.0239,-0.0232,0.0045,6.25,-39.19,-0.31,133.09,-83.9,-167.14
52.387142,-1.537278,150.99,16.43,6,299.39,18 / 19,3606609,2019-09-06 20:20:12:352,1.2174,-1.1668,9.8612,0.02,-0.0075,9.8065,0.08,-0.0504,0.0248,7.13,-38.62,1.19,123.37,-83.97,-167.4
52.387142,-1.537278,150.99,16.43,6,299.39,18 / 19,3606710,2019-09-06 20:20:12:453,0.8755,0.5298,10.422,0.0401,-0.0133,9.8065,0.0526,-0.0133,0.0262,8,-38.37,0.25,126.57,-84.1,-166.47
52.387142,-1.537278,150.99,16.43,6,299.39,18 / 19,3606810,2019-09-06 20:20:12:553,-1.1779,-0.2371,10.0434,-0.0575,0.0329,9.8063,0.0204,0.0536,-0.0023,8.19,-38.5,0.44,127.14,-83.77,-167.06
52.387142,-1.537278,150.99,16.43,6,299.39,18 / 19,3606910,2019-09-06 20:20:12:653,0.206,0.2702,9.3953,0.0206,-0.0105,9.8065,-0.1865,0.0072,-0.0239,8.19,-37.56,0,127.54,-83.73,-166.7
52.387142,-1.537278,150.99,16.43,6,299.39,18 / 19,3607009,2019-09-06 20:20:12:752,0.3208,-0.1514,9.6011,-0.0086,-0.0033,9.8066,-0.1635,-0.0574,0.0805,8.69,-37.87,-0.37,124.7,-83.77,-167.38
52.387142,-1.537278,150.99,16.43,6,299.39,18 / 19,3607110,2019-09-06 20:20:12:853,0.4547,0.2616,10.0057,0.0358,-0.0204,9.8065,0.2267,0.0091,-0.0047,8.19,-37.37,-0.31,126.62,-83.73,-167.23
52.387142,-1.537278,150.99,16.43,6,299.39,18 / 19,3607210,2019-09-06 20:20:12:953,-0.2626,0.1123,9.9719,0.0398,-0.0175,9.8065,0.1961,-0.0216,-0.0058,9,-37.62,-0.44,124.49,-83.72,-167.81
52.387142,-1.537278,150.99,16.43,6,299.39,18 / 19,3607310,2019-09-06 20:20:13:053,0.3191,0.164,10.2055,0.0371,-0.0213,9.8065,-0.0749,-0.0201,-0.0301,8.56,-37.5,-0.69,128.3,-83.99,-167.57
52.387142,-1.537278,150.99,16.43,6,299.39,18 / 19,3607409,2019-09-06 20:20:13:152,-0.4439,-0.3179,9.207,-0.0276,0.0006,9.8066,-0.0009,0.0059,0.0013,8.19,-37.75,-0.25,125.41,-83.89,-168.87
52.387142,-1.537278,150.99,16.43,6,299.39,18 / 19,3607510,2019-09-06 20:20:13:253,-0.3348,0.2991,9.4892,0.0193,-0.0138,9.8066,0.021,0.0003,-0.034,8.75,-38.25,-1.31,127.71,-83.82,-169.49
52.387142,-1.537278,150.99,16.43,6,299.39,18 / 19,3607610,2019-09-06 20:20:13:353,0.6831,-0.2323,9.4877,0.0076,-0.0087,9.8065,-0.0438,0.0022,0.0078,8.38,-37.75,-0.94,129.89,-83.8,-170.15
52.387142,-1.537278,150.99,16.43,6,299.39,18 / 19,3607710,2019-09-06 20:20:13:453,-0.8319,0.2455,10.1291,0.0094,-0.0023,9.8066,-0.014,0.0088,-0.0082,8.5,-38,-0.62,126.83,-83.88,-170.41
52.387142,-1.537278,150.99,16.43,6,299.39,18 / 19,3607809,2019-09-06 20:20:13:552,-0.1175,0.3117,9.8081,-0.0061,0.0032,9.8066,0,0.0265,0.0333,8.81,-38.12,-0.87,126.97,-83.89,-170.2
52.387142,-1.537278,150.99,16.43,6,299.39,18 / 19,3607910,2019-09-06 20:20:13:653,0.0799,0.2596,9.7212,-0.012,0.0098,9.8066,0.0041,0.028,-0.0459,8.81,-37.44,-0.81,126.55,-83.95,-169.95
52.387142,-1.537278,150.99,16.43,6,299.39,18 / 19,3608010,2019-09-06 20:20:13:753,-0.3606,0.386,9.7097,0.0002,-0.0076,9.8066,-0.0056,-0.0245,0.0117,9.19,-37.5,-0.94,126.39,-84.05,-169.83
52.387142,-1.537278,150.99,16.43,6,299.39,18 / 19,3608109,2019-09-06 20:20:13:852,0.469,-0.0503,9.707,-0.0151,0.0011,9.8065,0.0486,-0.021,0.0423,8.63,-38.06,-1,125.98,-84.07,-170.82
52.387142,-1.537278,150.99,16.43,6,299.39,18 / 19,3608210,2019-09-06 20:20:13:953,0.4875,-0.1176,10.1378,0.0128,0.005,9.8066,0.0316,-0.0323,-0.0262,9.13,-38.37,-0.69,126.24,-84.09,-170.44
52.387142,-1.537278,150.99,16.43,6,299.39,18 / 19,3608310,2019-09-06 20:20:14:053,0.1298,-0.7823,10.583,0.0177,-0.0016,9.8066,0.0207,-0.0045,-0.0807,8.81,-38,-1.12,126.56,-84.08,-170.05
52.387142,-1.537278,150.99,16.43,6,299.39,18 / 19,3608409,2019-09-06 20:20:14:152,-0.5965,0.4044,9.986,-0.0373,0.004,9.8065,-0.0158,0.0121,0.0657,8.5,-37.5,-0.5,121.09,-84.03,-170.34
52.387142,-1.537278,150.99,16.43,6,299.39,18 / 19,3608510,2019-09-06 20:20:14:253,-0.1353,0.1549,9.3299,-0.0082,0.0187,9.8066,-0.0583,-0.0077,0.0305,8.56,-37,-1.44,126.37,-83.82,-170.63
52.387142,-1.537278,150.99,16.43,6,299.39,18 / 19,3608610,2019-09-06 20:20:14:353,0.5931,-0.6827,9.8235,-0.0088,0.014,9.8065,-0.1905,-0.0381,-0.0208,8.63,-37.56,-2,132.01,-83.84,-169.59
52.387142,-1.537278,150.99,16.43,6,299.39,18 / 19,3608710,2019-09-06 20:20:14:453,0.1407,-0.8561,10.1236,-0.018,0.0133,9.8065,0.0831,0.0119,0.0495,7.75,-37.94,-1.31,130.42,-83.86,-169.18
52.387142,-1.537278,150.99,16.43,6,299.39,18 / 19,3608810,2019-09-06 20:20:14:553,0.0893,-0.2538,9.5162,-0.0062,0.0109,9.8066,0.0025,0.0145,-0.0003,7.44,-37.94,-1.56,138.25,-83.89,-169.29
52.387142,-1.537278,150.99,16.43,6,299.39,18 / 19,3608910,2019-09-06 20:20:14:653,-0.7626,0.2672,9.1147,-0.0147,0.0031,9.8066,0.0651,0.0086,-0.0464,6.56,-37.75,-0.56,133.52,-83.73,-169.73
52.387142,-1.537278,150.99,16.43,6,299.39,18 / 19,3609010,2019-09-06 20:20:14:753,0.7749,0.1209,9.8764,0.0234,-0.0131,9.8065,0.1175,-0.0422,-0.0154,8.25,-37.81,0.19,123.5,-84.03,-170.8
52.387142,-1.537278,150.99,16.43,6,299.39,18 / 19,3609109,2019-09-06 20:20:14:852,0.1546,-0.2398,9.8945,-0.0487,0.0109,9.8064,-0.2453,-0.0384,0.0121,8.63,-37.69,0.81,114.7,-84.33,-171.08
52.387142,-1.537278,150.99,16.43,6,299.39,18 / 19,3609209,2019-09-06 20:20:14:952,0.7162,-0.8607,9.9715,-0.0598,0.0235,9.8064,-0.1914,0.0239,-0.0137,9.44,-37.44,-0.37,120.39,-84.02,-171.24
52.387142,-1.537278,150.99,16.43,6,299.39,18 / 19,3609310,2019-09-06 20:20:15:053,0.4867,-0.6779,9.907,-0.0544,0.0189,9.8064,0.1856,-0.0145,0.0746,8.75,-37.06,-0.37,120.59,-83.95,-171.25
52.387142,-1.537278,150.99,16.43,6,299.39,18 / 19,3609409,2019-09-06 20:20:15:152,0.5394,-0.2977,10.0417,0.0241,0.0037,9.8066,0.0823,-0.0404,0.0161,9.13,-36.87,-0.56,126.89,-83.98,-169.4
52.387142,-1.537278,150.99,16.43,6,299.39,18 / 19,3609510,2019-09-06 20:20:15:253,0.3096,0.1598,10.2697,0.0303,-0.0089,9.8065,0.0369,-0.0233,0.0231,9.19,-36.94,-0.62,127.7,-83.94,-168.5
52.387142,-1.537278,150.99,16.43,6,299.39,18 / 19,3609610,2019-09-06 20:20:15:353,0.367,-0.2346,9.8154,0.0015,0.0126,9.8066,-0.0348,-0.041,0.0301,9.63,-37.25,-0.31,121.42,-83.91,-168.09
52.387142,-1.537278,150.99,16.43,6,299.39,18 / 19,3609710,2019-09-06 20:20:15:453,0.037,-0.4979,9.7602,0.0068,-0.0075,9.8066,-0.0327,-0.0312,0.0496,9.38,-36.62,-0.94,129.62,-83.92,-166.1
52.387142,-1.537278,150.99,16.43,6,299.39,18 / 19,3609809,2019-09-06 20:20:15:552,0.8085,-0.8909,9.6211,-0.0052,0.0055,9.8066,-0.0373,0.058,-0.0367,9.38,-37.25,-0.62,129.69,-83.98,-165.81
52.387142,-1.537278,150.99,16.43,6,299.39,18 / 19,3609910,2019-09-06 20:20:15:653,-0.0239,-0.3244,9.8575,-0.0323,0.0048,9.8065,0.0291,-0.0263,-0.0103,9.06,-37,-0.75,129.01,-83.9,-166.94
52.387142,-1.537278,150.99,16.43,6,299.39,18 / 19,3610011,2019-09-06 20:20:15:754,-0.0791,0.6182,10.184,-0.011,-0.0012,9.8066,0.0015,0,-0.0023,9.44,-37.12,-1.37,128.49,-83.81,-167.92
52.387142,-1.537278,150.99,16.43,6,299.39,18 / 19,3610110,2019-09-06 20:20:15:853,-0.2262,-0.3245,9.718,0.0005,-0.0016,9.8066,-0.0365,-0.0114,-0.0128,9.81,-37,-0.37,121.33,-83.81,-168.54
52.387142,-1.537278,150.99,16.43,6,299.39,18 / 19,3610210,2019-09-06 20:20:15:953,-0.1367,0.1771,9.5502,0.0028,-0.003,9.8066,-0.0301,-0.0291,-0.0058,8.94,-37.31,0,123.09,-83.86,-168.48
52.387142,-1.537278,150.99,16.43,6,299.39,18 / 19,3610309,2019-09-06 20:20:16:052,0.638,-0.2719,9.9709,0.0071,-0.0026,9.8066,0.0046,0.0307,-0.0212,9,-36.69,-0.94,127.72,-84.01,-168.24
52.387142,-1.537278,150.99,16.43,6,299.39,18 / 19,3610410,2019-09-06 20:20:16:153,0.6858,-0.9418,9.5684,0.0111,-0.0053,9.8066,0.0546,-0.0317,0.038,8.5,-36.44,-0.75,126.84,-84.16,-168.31
52.387142,-1.537278,150.99,16.43,6,299.39,18 / 19,3610509,2019-09-06 20:20:16:252,-0.4526,0.0572,9.8203,0.0176,-0.0036,9.8066,-0.0179,-0.0077,-0.0032,8.19,-36.87,-0.19,125,-84.09,-167.92
52.387142,-1.537278,150.99,16.43,6,299.39,18 / 19,3610609,2019-09-06 20:20:16:352,0.0253,0.7526,9.6685,-0.0121,0.0025,9.8066,-0.0183,-0.0295,0.0284,8.44,-37,-0.06,125.25,-84,-167.96
52.387142,-1.537278,150.99,16.43,6,299.39,18 / 19,3610710,2019-09-06 20:20:16:453,0.3182,-0.565,9.9854,-0.0171,0.0021,9.8066,0.0096,0.0044,-0.0165,8.88,-37.06,-0.06,122.68,-84.03,-168.34
52.387142,-1.537278,150.99,16.43,6,299.39,18 / 19,3610810,2019-09-06 20:20:16:553,0.1851,0.0909,9.7076,-0.0155,-0.0002,9.8066,-0.0049,-0.0265,0.005,9,-37.12,-0.37,122.43,-84.03,-168.66
52.387142,-1.537278,150.99,16.43,6,299.39,18 / 19,3610909,2019-09-06 20:20:16:652,0.6671,-0.4789,9.7958,-0.0418,0.0148,9.8065,0.0825,0.006,-0.0105,9.75,-37.69,-0.31,121.14,-83.79,-169.41
52.387142,-1.537278,150.99,16.43,6,299.39,18 / 19,3611010,2019-09-06 20:20:16:753,0.6584,0.3695,10.6535,0.0007,-0.0008,9.8066,0.0919,-0.0327,0.0448,8.81,-38.12,-0.94,127.93,-83.79,-169.31
52.387142,-1.537278,150.99,16.43,6,299.39,18 / 19,3611109,2019-09-06 20:20:16:852,-0.1621,0.2527,9.8362,0.0175,-0.0072,9.8066,-0.0098,0.0524,-0.0602,9,-38.56,-1.06,128.37,-83.82,-169.19
52.387142,-1.537278,150.99,16.43,6,299.39,18 / 19,3611209,2019-09-06 20:20:16:952,-0.9497,0.6421,9.6289,-0.006,0.0098,9.8066,0.0161,-0.0135,-0.0181,8.81,-38.44,-1.12,126.93,-83.88,-170.29
52.387142,-1.537278,150.99,16.43,6,299.39,18 / 19,3611309,2019-09-06 20:20:17:052,-0.2871,-1.3939,9.6152,-0.0293,0.001,9.8065,0.0814,-0.0484,0.0638,8.94,-38.75,-0.5,122.08,-83.91,-170.8
52.387142,-1.537278,150.99,16.43,6,299.39,19 / 20,3611410,2019-09-06 20:20:17:153,-0.2582,0.6054,10.2149,0.0229,-0.0139,9.8066,0.0734,-0.0552,0.0314,8.44,-38.37,0,123.13,-83.93,-171.68
52.387142,-1.537278,150.99,16.43,6,299.39,19 / 20,3611509,2019-09-06 20:20:17:252,-0.0021,0.1399,10.0573,0.02,-0.0066,9.8066,0.0321,0.0115,-0.015,8.94,-38.06,-0.06,120.93,-83.93,-171.53
52.387142,-1.537278,150.99,16.43,6,299.39,19 / 20,3611610,2019-09-06 20:20:17:353,-1.0298,0.4487,9.4766,-0.027,0.011,9.8065,-0.0944,0.0268,0.0348,9.06,-37.19,-0.62,126.08,-83.69,-171.46
52.387142,-1.537278,150.99,16.43,6,299.39,19 / 20,3611710,2019-09-06 20:20:17:453,0.4435,-0.5411,9.6168,-0.0286,0.0228,9.8066,0.0202,-0.0139,0.0302,8.56,-37.75,-0.25,122.22,-83.73,-170.71
52.387142,-1.537278,150.99,16.43,6,299.39,19 / 20,3611810,2019-09-06 20:20:17:553,0.4086,-0.3179,9.8805,0.0108,0.0113,9.8066,-0.0326,0.0149,0.0396,8.38,-37.62,-0.69,131.17,-83.76,-168.53
52.387142,-1.537278,150.99,16.43,6,299.39,19 / 20,3611910,2019-09-06 20:20:17:653,0.9839,-0.0588,10.1398,0.0107,0.0142,9.8066,0.101,0.0249,0.02,8.5,-37.87,0.06,125.21,-83.65,-167.16
52.387142,-1.537278,150.99,16.43,6,299.39,19 / 20,3612009,2019-09-06 20:20:17:752,-0.1048,0.3128,10.1963,0.0068,0.0026,9.8066,0.0544,-0.023,0.0128,8.44,-37.87,0.38,128.64,-83.61,-165.69
52.387142,-1.537278,150.99,16.43,6,299.39,19 / 20,3612109,2019-09-06 20:20:17:852,-0.0169,0.4889,10.1279,0.021,-0.0035,9.8066,-0.0949,0.0155,-0.0355,8.25,-38.56,0.06,129.48,-83.72,-164.75
52.387142,-1.537278,150.99,16.43,6,299.39,19 / 20,3612210,2019-09-06 20:20:17:953,-0.1781,0.2897,10.1305,-0.0288,0.0034,9.8065,-0.0569,0.0339,0.0004,9.06,-37.75,0.19,125.99,-83.62,-166.24
52.387142,-1.537278,150.99,16.43,6,299.39,19 / 20,3612310,2019-09-06 20:20:18:053,0.71,-0.1199,10.0327,0.007,-0.0006,9.8066,0.0226,-0.0586,-0.0137,8.19,-37.94,0.38,127.91,-83.68,-166.4
52.387142,-1.537278,150.99,16.43,6,299.39,18 / 19,3612409,2019-09-06 20:20:18:152,0.6632,-0.1244,10.2006,0.0125,-0.0045,9.8066,0.0273,-0.0317,-0.032,8.94,-38.06,0,125.89,-83.74,-165.93
52.387142,-1.537278,150.99,16.43,6,299.39,18 / 19,3612510,2019-09-06 20:20:18:253,-0.201,-0.5615,10.0925,-0.0121,0.0024,9.8066,0.082,-0.0195,0.0465,8.75,-38.25,0.13,125.43,-83.76,-166.47
52.387142,-1.537278,150.99,16.43,6,299.39,18 / 19,3612609,2019-09-06 20:20:18:352,0.7764,-0.294,10.0249,-0.0069,0.0085,9.8065,0.014,0.0461,-0.0058,8.38,-38.62,-0.06,128.39,-83.68,-166.43
52.387142,-1.537278,150.99,16.43,6,299.39,18 / 19,3612710,2019-09-06 20:20:18:453,0.537,-0.1583,9.7414,-0.0073,-0.0017,9.8066,-0.0673,-0.0114,0.0308,8.63,-38.19,-0.12,125.76,-83.6,-166.63
52.387142,-1.537278,150.99,16.43,6,299.39,18 / 19,3612810,2019-09-06 20:20:18:553,-0.4396,-1.0787,9.5082,-0.0026,-0.0027,9.8066,-0.0495,0.0669,-0.0745,8.75,-37.69,0,125.54,-83.5,-167.27
52.387142,-1.537278,150.99,16.43,6,299.39,18 / 19,3612909,2019-09-06 20:20:18:652,1.217,-0.3164,10.0409,-0.025,-0.0003,9.8066,0.1065,-0.0117,0.0312,8.88,-37.44,0.25,124.55,-83.39,-168.33
52.387142,-1.537278,150.99,16.43,6,299.39,18 / 19,3613010,2019-09-06 20:20:18:753,-0.2277,-0.018,10.4839,-0.0102,-0.002,9.8066,0.0238,-0.0055,-0.0329,8.56,-37.69,0.63,119.47,-83.37,-169.11
52.387142,-1.537278,150.99,16.43,6,299.39,18 / 19,3613110,2019-09-06 20:20:18:853,-0.0813,0.6626,10.5076,0.0116,-0.011,9.8066,-0.0089,0.031,-0.02,8.75,-37.31,0.75,118.15,-83.37,-170.06
52.387142,-1.537278,150.99,16.43,6,299.39,18 / 19,3613209,2019-09-06 20:20:18:952,0.5383,0.325,10.5037,-0.0291,0.0046,9.8065,0.0147,0.0087,0.0111,9.13,-37.12,1.25,117.72,-83.33,-170.77
52.387142,-1.537278,150.99,16.43,6,299.39,18 / 19,3613311,2019-09-06 20:20:19:054,-0.0298,-0.2529,8.7663,0.0182,-0.0015,9.8065,-0.0927,-0.0123,-0.0135,9.25,-37,0.25,122.04,-83.26,-172.06
52.387142,-1.537278,150.99,16.43,6,299.39,17 / 19,3613409,2019-09-06 20:20:19:152,1.3916,-0.338,9.0734,0.0316,-0.0093,9.8066,-0.0913,-0.0069,0.0336,8.81,-36.81,0.31,122.14,-83.55,-170.82
52.387142,-1.537278,150.99,16.43,6,299.39,17 / 19,3613509,2019-09-06 20:20:19:252,0.9341,-0.2653,9.6861,0.0077,0.0025,9.8066,0.0281,-0.0209,-0.031,9.5,-37.5,0.06,120.47,-83.61,-170.28
52.387142,-1.537278,150.99,16.43,6,299.39,17 / 19,3613610,2019-09-06 20:20:19:353,-0.4098,-0.5864,9.8457,0.0025,-0.0029,9.8066,0.0085,0.0587,0.0087,9.31,-38,0.5,118.2,-83.58,-169.87
52.387142,-1.537278,150.99,16.43,6,299.39,17 / 19,3613710,2019-09-06 20:20:19:453,-0.5177,0.3571,9.4982,-0.0177,0.0132,9.8066,-0.0566,-0.0397,0.0061,10.38,-37.56,1.88,111.77,-83.49,-170.02
52.387142,-1.537278,150.99,16.43,6,299.39,17 / 19,3613809,2019-09-06 20:20:19:552,-0.2603,0.2987,9.6841,-0.0075,0.0049,9.8065,-0.1061,0.0606,-0.0513,11.19,-38.44,1.38,116.15,-83.47,-169.18
52.387142,-1.537278,150.99,16.43,6,299.39,17 / 19,3613909,2019-09-06 20:20:19:652,-0.9013,-0.1078,10.0179,0.0169,-0.0029,9.8065,-0.0845,0.0033,0.0485,12.31,-39.44,-0.06,119.3,-83.64,-168.93
52.387142,-1.537278,150.99,16.43,6,299.39,17 / 19,3614009,2019-09-06 20:20:19:752,0.425,-0.7366,10.1021,-0.0178,0.0154,9.8066,-0.0592,-0.004,-0.053,11.56,-39.44,-1.62,128.31,-83.53,-167.52
52.387142,-1.537278,150.99,16.43,6,299.39,17 / 19,3614109,2019-09-06 20:20:19:852,0.0494,0.2583,9.7571,0.0074,-0.0078,9.8066,-0.057,-0.0242,0.0384,10.44,-38.19,-1.44,127.76,-83.56,-167.45
52.387142,-1.537278,150.99,16.43,6,299.39,17 / 19,3614210,2019-09-06 20:20:19:953,-0.2118,0.1739,9.9895,0.0128,0.0031,9.8066,0.0518,0.0156,-0.0159,9.5,-38.06,-0.81,128.32,-83.54,-166.79
52.387142,-1.537278,150.99,16.43,6,299.39,17 / 19,3614309,2019-09-06 20:20:20:052,0.6386,-0.2676,9.7703,0.0195,-0.014,9.8066,-0.0465,0.0215,0.0233,9.31,-37.37,-0.37,125.25,-83.6,-166.66
52.38781,-1.539178,148.84,16.38,4,299.78,20 / 21,3614409,2019-09-06 20:20:20:152,0.6706,0.0687,9.8601,-0.0274,0.0158,9.8065,0.0276,-0.0328,0.0279,9.38,-37.56,-0.56,130.42,-83.51,-166.99
52.38781,-1.539178,148.84,16.38,4,299.78,20 / 21,3614510,2019-09-06 20:20:20:253,-0.2795,-0.2411,10.1861,0.0082,-0.008,9.8066,0.005,-0.0119,-0.0475,9.19,-37.25,-0.31,124.24,-83.6,-167.94
52.38781,-1.539178,148.84,16.38,4,299.78,20 / 21,3614609,2019-09-06 20:20:20:352,-0.3663,-0.2028,9.7718,0.0009,-0.0132,9.8066,0.0162,-0.0324,0.0182,8.88,-37.12,-0.25,123.48,-83.54,-169.15
52.38781,-1.539178,148.84,16.38,4,299.78,20 / 21,3614709,2019-09-06 20:20:20:452,1.0382,-0.1087,9.6954,0.0042,-0.0108,9.8066,-0.0331,-0.0688,-0.0457,8.94,-37.06,-0.75,127.39,-83.64,-169.95
52.38781,-1.539178,148.84,16.38,4,299.78,20 / 21,3614810,2019-09-06 20:20:20:553,-0.1471,-0.4087,10.0898,-0.0046,-0.0052,9.8065,-0.0453,-0.0094,-0.0585,9.06,-37.94,0,122.28,-83.71,-170.69
52.38781,-1.539178,148.84,16.38,4,299.78,20 / 21,3614910,2019-09-06 20:20:20:653,-0.8326,0.0473,10.7651,-0.021,0.0123,9.8065,0.1254,0.0414,0.0589,9.38,-37.62,0.31,122.24,-83.59,-171.2
52.38781,-1.539178,148.84,16.38,4,299.78,20 / 21,3615009,2019-09-06 20:20:20:752,0.7797,-0.527,9.0841,-0.0331,0.0216,9.8065,-0.0308,-0.0375,0.0427,9.25,-37.37,0.69,117.62,-83.42,-170.53
52.38781,-1.539178,148.84,16.38,4,299.78,20 / 21,3615109,2019-09-06 20:20:20:852,0.6285,-0.0091,9.8012,-0.0054,0.019,9.8066,-0.0715,0.0188,0.0347,9,-37.44,0.75,119.42,-83.32,-168.66
52.38781,-1.539178,148.84,16.38,4,299.78,20 / 21,3615209,2019-09-06 20:20:20:952,0.2048,0.0719,9.4801,0.011,-0.0001,9.8066,-0.0213,0.0532,-0.009,9.13,-36.75,0.75,119.86,-83.42,-167.74
52.38781,-1.539178,148.84,16.38,4,299.78,20 / 21,3615309,2019-09-06 20:20:21:052,0.6552,-0.4044,9.8885,0.0043,-0.0111,9.8066,-0.0381,0.0102,0.0269,9,-37.5,0.19,125.01,-83.36,-167.83
52.38781,-1.539178,148.84,16.38,4,299.78,19 / 20,3615409,2019-09-06 20:20:21:152,-0.7712,0.3944,9.8145,0.0158,-0.0109,9.8066,0.0761,0.0107,-0.0845,9.25,-36.81,1.19,118.94,-83.45,-168.78
52.38781,-1.539178,148.84,16.38,4,299.78,19 / 20,3615509,2019-09-06 20:20:21:252,-0.3235,-0.8688,10.2692,0.0571,-0.0339,9.8064,0.4485,0.0461,0.0142,9.44,-37.44,0.06,122.51,-83.61,-170.12
52.38781,-1.539178,148.84,16.38,4,299.78,19 / 20,3615609,2019-09-06 20:20:21:352,-0.0557,-0.6681,8.6615,0.0513,-0.0049,9.8065,-0.4467,0.0242,0.0075,8.88,-37.19,-0.37,123.71,-83.46,-169.15
52.38781,-1.539178,148.84,16.38,4,299.78,19 / 20,3615710,2019-09-06 20:20:21:453,0.0123,0.7714,9.4999,-0.0586,0.0176,9.8064,-0.1597,-0.0568,0.1014,9.25,-37.56,-0.44,124.77,-83.16,-169.58
52.38781,-1.539178,148.84,16.38,4,299.78,19 / 20,3615809,2019-09-06 20:20:21:552,-0.3428,-0.2887,9.0581,-0.0461,0.0195,9.8065,-0.011,0.0355,-0.0378,9,-38.31,-0.12,125.04,-83.29,-168.73
52.38781,-1.539178,148.84,16.38,4,299.78,19 / 20,3615910,2019-09-06 20:20:21:653,0.3204,0.0044,9.789,0.029,-0.0193,9.8065,-0.0858,0.0047,0.0188,8.94,-37.69,-0.75,129.03,-83.38,-169.3
52.38781,-1.539178,148.84,16.38,4,299.78,19 / 20,3616010,2019-09-06 20:20:21:753,-0.3454,0.3434,10.6193,0.0165,-0.0108,9.8066,0.0861,0.0325,-0.0197,8.44,-38.25,-0.5,125.9,-83.6,-169.44
52.38781,-1.539178,148.84,16.38,4,299.78,19 / 20,3616110,2019-09-06 20:20:21:853,-0.7289,0.6954,10.0791,-0.0178,0.0067,9.8066,0.0981,-0.0501,0.0662,8.06,-38.12,-0.44,126.04,-83.45,-169.89
52.38781,-1.539178,148.84,16.38,4,299.78,19 / 20,3616209,2019-09-06 20:20:21:952,-0.9074,-0.6431,9.9605,-0.0127,0.0092,9.8066,0.0734,0.032,-0.0668,7.44,-38.62,0.19,129.57,-83.45,-169.69
52.38781,-1.539178,148.84,16.38,4,299.78,19 / 20,3616309,2019-09-06 20:20:22:052,1.0088,-0.6107,8.8383,0.0147,-0.0152,9.8065,-0.0803,-0.0177,0.0458,8.25,-38.06,1.31,119.78,-83.59,-170.24
52.38781,-1.539178,148.84,16.38,4,299.78,18 / 20,3616410,2019-09-06 20:20:22:153,0.937,-0.0906,9.954,-0.0007,0.0028,9.8066,0.0723,-0.0398,-0.0197,8.69,-37.94,1.5,112.69,-83.61,-169.81
52.38781,-1.539178,148.84,16.38,4,299.78,18 / 20,3616509,2019-09-06 20:20:22:252,0.1927,-1.0388,9.5171,-0.0096,0.0022,9.8066,0.0252,0.0508,-0.0641,9.06,-37.81,1.25,118.27,-83.67,-169.4
52.38781,-1.539178,148.84,16.38,4,299.78,18 / 20,3616610,2019-09-06 20:20:22:353,-0.632,-0.2434,9.7841,-0.0195,0.0037,9.8066,-0.0052,-0.0142,0.0227,9,-37.69,0.69,118.03,-83.61,-169.96
52.38781,-1.539178,148.84,16.38,4,299.78,18 / 20,3616709,2019-09-06 20:20:22:452,0.7259,0.2052,9.9863,-0.0035,0.0095,9.8066,-0.0049,0.0172,-0.0035,9.56,-37.81,0.75,116.86,-83.56,-169.62
52.38781,-1.539178,148.84,16.38,4,299.78,18 / 20,3616809,2019-09-06 20:20:22:552,0.1441,0.2832,9.9894,0.0083,0.0002,9.8066,-0.054,0.0519,-0.0477,9.63,-37.87,0.25,121.67,-83.61,-169.35
52.38781,-1.539178,148.84,16.38,4,299.78,18 / 20,3616909,2019-09-06 20:20:22:652,1.0518,-0.0095,9.8667,-0.0115,0.0015,9.8065,-0.065,-0.0301,0.0061,9.13,-37.87,0.19,123.84,-83.58,-169.2
52.38781,-1.539178,148.84,16.38,4,299.78,18 / 20,3617010,2019-09-06 20:20:22:753,-0.3002,-0.0618,9.616,-0.0042,-0.0021,9.8066,-0.0256,-0.0523,0.0099,9.56,-37.87,0.44,121.58,-83.6,-169.49
52.38781,-1.539178,148.84,16.38,4,299.78,18 / 20,3617109,2019-09-06 20:20:22:852,0.5372,-0.186,9.9531,0.0034,0.0011,9.8066,-0.0194,-0.0007,-0.0013,9.25,-37.5,0.44,122.82,-83.6,-169.78
52.38781,-1.539178,148.84,16.38,4,299.78,18 / 20,3617209,2019-09-06 20:20:22:952,0.4394,0.1159,10.0096,0.0023,0.0027,9.8066,0.0739,0.0203,-0.0346,9.13,-37.62,0.63,118.13,-83.6,-169.88
52.38781,-1.539178,148.84,16.38,4,299.78,18 / 20,3617310,2019-09-06 20:20:23:053,0.6659,-0.5789,9.4153,0.001,-0.0044,9.8066,0.012,-0.0197,0.0361,8.81,-36.94,0.13,122.84,-83.57,-169.86
52.38781,-1.539178,148.84,16.38,4,299.78,20 / 21,3617410,2019-09-06 20:20:23:153,0.0127,0.2559,9.8327,0.0143,-0.0021,9.8066,-0.0808,0.0069,-0.0207,8.69,-37.94,-0.06,123.67,-83.58,-169.42
52.38781,-1.539178,148.84,16.38,4,299.78,20 / 21,3617509,2019-09-06 20:20:23:252,-0.5427,-0.4948,9.2143,-0.0189,-0.009,9.8066,-0.0781,0.0397,0.0039,8.69,-37.75,0.5,117.96,-83.4,-170.9
52.38781,-1.539178,148.84,16.38,4,299.78,20 / 21,3617609,2019-09-06 20:20:23:352,0.0926,0.2667,9.4248,-0.0101,0.0214,9.8066,-0.0606,0.0183,-0.0755,8.75,-37.94,0.75,118.38,-83.41,-170.33
52.38781,-1.539178,148.84,16.38,4,299.78,20 / 21,3617710,2019-09-06 20:20:23:453,-0.0103,0.6741,10.0761,-0.0038,-0.0097,9.8066,-0.0316,-0.0277,0.0594,8.44,-38,0.63,120.41,-83.5,-169.83
52.38781,-1.539178,148.84,16.38,4,299.78,20 / 21,3617810,2019-09-06 20:20:23:553,1.0013,0.1525,9.6883,0.0019,-0.0019,9.8066,-0.0008,0.011,-0.0209,7.81,-38.37,0,125.07,-83.64,-170.39
52.38781,-1.539178,148.84,16.38,4,299.78,20 / 21,3617909,2019-09-06 20:20:23:652,1.008,-0.257,9.4054,0.0251,-0.0105,9.8066,0.0402,-0.0102,-0.0209,8.88,-38.56,0.56,118.17,-83.72,-170
52.38781,-1.539178,148.84,16.38,4,299.78,20 / 21,3618010,2019-09-06 20:20:23:753,0.1533,0.2004,10.2623,-0.0354,0.0133,9.8066,-0.0621,0.0245,-0.0126,8.56,-37.44,0.25,121.78,-83.71,-170.69
52.38781,-1.539178,148.84,16.38,4,299.78,20 / 21,3618109,2019-09-06 20:20:23:852,0.119,-0.5078,9.7156,-0.0193,0.0028,9.8066,0.0132,-0.0146,0.0104,9.56,-37.56,0.38,120.21,-83.6,-171.22
52.38781,-1.539178,148.84,16.38,4,299.78,20 / 21,3618210,2019-09-06 20:20:23:953,0.2405,0.13,9.7019,-0.009,0.0035,9.8066,0.0422,-0.0139,-0.0181,9.69,-38.06,0.13,120.55,-83.45,-171.33
52.38781,-1.539178,148.84,16.38,4,299.78,20 / 21,3618310,2019-09-06 20:20:24:053,0.7257,-0.2394,9.9143,0.021,-0.0141,9.8065,0.0161,0.0371,-0.0218,10.25,-38.37,0.19,120.62,-83.55,-170.89
52.38781,-1.539178,148.84,16.38,4,299.78,20 / 21,3618409,2019-09-06 20:20:24:152,-0.0172,-0.337,9.9615,0.0088,-0.0064,9.8066,-0.0139,0.0038,-0.008,10.06,-38.56,0,120.88,-83.53,-171.23
52.38781,-1.539178,148.84,16.38,4,299.78,20 / 21,3618510,2019-09-06 20:20:24:253,0.4135,-0.3353,10.1201,-0.0081,0.0061,9.8066,-0.0722,0.0395,-0.047,10,-38.69,-0.06,121.28,-83.43,-171.09
52.38781,-1.539178,148.84,16.38,4,299.78,20 / 21,3618610,2019-09-06 20:20:24:353,-0.0373,0.4148,10.1712,0.0104,-0.0088,9.8066,-0.029,0.0209,0.0018,9.44,-37.69,0.56,116.92,-83.53,-171.67
52.38781,-1.539178,148.84,16.38,4,299.78,20 / 21,3618709,2019-09-06 20:20:24:452,0.5509,0.0024,10.0313,-0.0079,0.0059,9.8066,-0.0059,-0.0131,-0.0239,10.13,-38.31,1,115.37,-83.55,-171.49
52.38781,-1.539178,148.84,16.38,4,299.78,20 / 21,3618810,2019-09-06 20:20:24:553,0.1103,-0.2535,9.8213,0.0033,-0.0024,9.8066,-0.0267,-0.0166,-0.0016,9.38,-38.19,0.88,117.16,-83.53,-171.38
52.38781,-1.539178,148.84,16.38,4,299.78,20 / 21,3618910,2019-09-06 20:20:24:653,0.1591,0.4724,10.2288,-0.0029,-0.0014,9.8066,0.0554,-0.0325,0.0437,9.5,-37.81,0.75,116.02,-83.49,-170.92
52.38781,-1.539178,148.84,16.38,4,299.78,20 / 21,3619010,2019-09-06 20:20:24:753,-0.7586,0.1513,10.133,0.0153,-0.0059,9.8065,-0.1427,-0.0419,-0.0247,9,-36.87,0.06,122.42,-83.45,-170.84
52.38781,-1.539178,148.84,16.38,4,299.78,20 / 21,3619110,2019-09-06 20:20:24:853,0.5154,-0.6495,9.9301,0.0228,-0.005,9.8066,-0.0512,0.0349,-0.0488,9.19,-37.62,0.56,117.83,-83.56,-170.42
52.38781,-1.539178,148.84,16.38,4,299.78,20 / 21,3619210,2019-09-06 20:20:24:953,1.3451,-1.0185,10.1312,0.005,-0.0154,9.8066,0.1245,-0.0321,0.0515,9.44,-37.44,0.19,122.15,-83.46,-171.15
52.38781,-1.539178,148.84,16.38,4,299.78,20 / 21,3619309,2019-09-06 20:20:25:052,-0.9871,0.9917,9.1358,-0.0186,0.0133,9.8066,-0.1298,0.015,-0.0856,9.75,-37.56,0.69,116.66,-83.44,-170.33
52.38781,-1.539178,148.84,16.38,4,299.78,18 / 20,3619410,2019-09-06 20:20:25:153,0.5308,-0.1883,9.4229,0.0028,0.0047,9.8066,0.0812,-0.0032,0.0138,9.44,-38.06,-0.12,123.51,-83.45,-170.13
52.38781,-1.539178,148.84,16.38,4,299.78,18 / 20,3619509,2019-09-06 20:20:25:252,0.1622,0.4641,10.1524,0.0126,-0.0022,9.8066,0.073,-0.0213,0.0118,9.13,-38.44,-0.06,123.48,-83.58,-169.65
52.38781,-1.539178,148.84,16.38,4,299.78,18 / 20,3619609,2019-09-06 20:20:25:352,-0.3452,0.268,10.4282,0.0097,0.0056,9.8066,0.0024,0.0042,0.0353,8.88,-38,0.69,118.39,-83.56,-169.72
52.38781,-1.539178,148.84,16.38,4,299.78,18 / 20,3619710,2019-09-06 20:20:25:453,0.8155,-1.1571,10.2032,0.0044,0.0116,9.8066,0.0843,-0.0111,-0.0877,8.94,-38.44,0.31,123.97,-83.49,-169.37
52.38781,-1.539178,148.84,16.38,4,299.78,18 / 20,3619809,2019-09-06 20:20:25:552,-0.6615,0.1594,10.1093,0.0282,-0.0217,9.8065,0.1567,0.0189,-0.0196,9.13,-38.44,0.75,118.77,-83.45,-169.67
52.38781,-1.539178,148.84,16.38,4,299.78,18 / 20,3619909,2019-09-06 20:20:25:652,0.181,-0.3481,9.8577,-0.0063,0.0092,9.8065,-0.0469,0.0071,0.0275,8.94,-37.75,0.31,123.13,-83.44,-170.63
52.38781,-1.539178,148.84,16.38,4,299.78,18 / 20,3620010,2019-09-06 20:20:25:753,0.0335,-0.1703,10.0215,0.0192,0.0001,9.8066,-0.0597,0.0209,0.0034,8.31,-37.37,0.69,119.76,-83.52,-169.81
52.38781,-1.539178,148.84,16.38,4,299.78,18 / 20,3620109,2019-09-06 20:20:25:852,0.466,-0.5325,9.2586,-0.0148,-0.0006,9.8066,-0.0921,0.0092,-0.0117,8.69,-37.31,0.56,117.58,-83.49,-170.29
52.38781,-1.539178,148.84,16.38,4,299.78,18 / 20,3620210,2019-09-06 20:20:25:953,-0.8944,-0.0652,9.5132,-0.0246,0.0091,9.8065,-0.0428,-0.0115,0.0063,8.38,-38.25,0.06,125.73,-83.43,-170.38
52.38781,-1.539178,148.84,16.38,4,299.78,18 / 20,3620310,2019-09-06 20:20:26:053,0.7327,0.3641,9.8641,0.0034,-0.0036,9.8066,-0.0154,0.0321,-0.0017,8.56,-39,0.44,123.77,-83.5,-170.26
52.38781,-1.539178,148.84,16.38,4,299.78,18 / 20,3620410,2019-09-06 20:20:26:153,0.2012,0.1713,9.8761,-0.0103,0.0063,9.8066,0.0239,0.0561,-0.0037,9.69,-38.94,0.94,116.64,-83.49,-170.77
52.38781,-1.539178,148.84,16.38,4,299.78,18 / 20,3620509,2019-09-06 20:20:26:252,-0.2274,-0.3943,10.4433,0,0.0143,9.8065,0.0943,-0.0278,-0.068,9.06,-38,0.69,117.85,-83.49,-170.68
52.38781,-1.539178,148.84,16.38,4,299.78,18 / 20,3620610,2019-09-06 20:20:26:353,-0.0376,-0.824,9.9306,0.0277,-0.0176,9.8066,-0.0506,-0.0137,0.1245,9.06,-38.44,0.44,123.57,-83.42,-170.13
52.38781,-1.539178,148.84,16.38,4,299.78,18 / 20,3620710,2019-09-06 20:20:26:453,0.0512,0.6095,10.2699,-0.0085,0.0136,9.8066,-0.0678,-0.0354,-0.0251,8.69,-38.69,0.81,119.34,-83.36,-170.02
52.38781,-1.539178,148.84,16.38,4,299.78,18 / 20,3620810,2019-09-06 20:20:26:553,-0.1119,-0.2463,10.0086,-0.0017,-0.0097,9.8066,0.0084,0.0242,0.0614,8.88,-38.75,0.94,119.38,-83.42,-169.74
52.38781,-1.539178,148.84,16.38,4,299.78,18 / 20,3620910,2019-09-06 20:20:26:653,-0.4249,-0.7056,9.8394,-0.0049,0.0077,9.8066,-0.0283,0.0579,-0.0218,8.38,-38.81,0.5,120.81,-83.46,-170.29
52.38781,-1.539178,148.84,16.38,4,299.78,18 / 20,3621010,2019-09-06 20:20:26:753,-0.9077,-0.7899,9.5796,-0.0404,0.0079,9.8065,0.1177,-0.0295,-0.0209,9,-38.5,0.19,123.65,-83.32,-170.44
52.38781,-1.539178,148.84,16.38,4,299.78,18 / 20,3621109,2019-09-06 20:20:26:852,-1.0459,0.1417,10.1687,0.0126,-0.0091,9.8066,0.0974,0.0576,0.0086,9.19,-38.81,0.5,118.43,-83.41,-170.98
52.38781,-1.539178,148.84,16.38,4,299.78,18 / 20,3621210,2019-09-06 20:20:26:953,0.466,0.8124,10.2108,0.0141,-0.0058,9.8066,-0.0589,0.0279,-0.0925,9.19,-38.87,0.56,117.87,-83.47,-171.44
52.38781,-1.539178,148.84,16.38,4,299.78,18 / 20,3621310,2019-09-06 20:20:27:053,-0.3596,0.0556,9.755,0.0162,-0.0089,9.8066,0.0425,-0.0046,0.0182,9.06,-38.75,1.19,117.43,-83.57,-171.57
52.38781,-1.539178,148.84,16.38,4,299.78,19 / 20,3621410,2019-09-06 20:20:27:153,0.0194,-0.397,9.9088,0.0139,-0.0032,9.8066,-0.0042,-0.0652,0.0098,9.13,-38,1.5,111,-83.59,-171.96
52.38781,-1.539178,148.84,16.38,4,299.78,19 / 20,3621509,2019-09-06 20:20:27:252,-0.2025,0.2891,10.0688,-0.0125,0.0108,9.8065,-0.0207,-0.0247,-0.07,9.19,-37.62,0.88,117.19,-83.44,-171.68
52.38781,-1.539178,148.84,16.38,4,299.78,19 / 20,3621610,2019-09-06 20:20:27:353,-0.196,0.1323,9.6565,-0.009,0.0014,9.8066,-0.0416,-0.0481,0.0069,9.19,-37.87,1.31,116.77,-83.5,-171.96
52.38781,-1.539178,148.84,16.38,4,299.78,19 / 20,3621709,2019-09-06 20:20:27:452,-0.8229,0.263,9.8063,0.0151,-0.0057,9.8066,0.001,-0.0357,-0.0153,9.38,-38.31,0.81,116.63,-83.49,-172.22
52.38781,-1.539178,148.84,16.38,4,299.78,19 / 20,3621810,2019-09-06 20:20:27:553,0.1991,-0.8112,9.8442,0.0194,-0.0131,9.8066,0.049,-0.0416,-0.0042,8.75,-38.37,0.88,115.89,-83.66,-172.4
52.38781,-1.539178,148.84,16.38,4,299.78,19 / 20,3621910,2019-09-06 20:20:27:653,-0.2036,0.2399,10.3508,-0.015,-0.0019,9.8066,0.0088,0.0477,-0.0552,9.13,-37.75,1.25,115.65,-83.59,-172.99
52.38781,-1.539178,148.84,16.38,4,299.78,19 / 20,3622009,2019-09-06 20:20:27:752,-0.0306,-1.2929,10.0271,-0.0343,-0.0072,9.8065,0.1479,-0.044,0.0408,8.88,-37.94,0.56,114.75,-83.47,-174.62
52.38781,-1.539178,148.84,16.38,4,299.78,19 / 20,3622110,2019-09-06 20:20:27:853,-0.8643,-0.3307,9.7057,0.0005,0.0076,9.8066,-0.0006,0.0354,-0.0693,8.88,-38.5,1.13,114.65,-83.4,-175.04
52.38781,-1.539178,148.84,16.38,4,299.78,19 / 20,3622209,2019-09-06 20:20:27:952,-0.0109,-0.3143,9.9875,-0.0082,-0.0017,9.8066,-0.005,0.0195,0.0725,8.69,-37.62,0.56,114.32,-83.45,-175.19
52.38781,-1.539178,148.84,16.38,4,299.78,19 / 20,3622309,2019-09-06 20:20:28:052,1.073,-0.6017,10.2132,0.0219,0.0093,9.8066,0.0707,0.0099,-0.0566,8.19,-38.25,0.69,115.63,-83.57,-175.71
52.38781,-1.539178,148.84,16.38,4,299.78,18 / 20,3622410,2019-09-06 20:20:28:153,-0.0154,0.6992,9.8391,0.0007,0.0006,9.8066,-0.0341,-0.0706,0.0901,8.19,-38.69,1.38,117.21,-83.54,-174.63
52.38781,-1.539178,148.84,16.38,4,299.78,18 / 20,3622509,2019-09-06 20:20:28:252,-0.1966,-0.2408,10.1182,-0.0113,0.012,9.8066,0.0295,0.0091,-0.0326,8.06,-38.44,1,117.16,-83.44,-174.36
52.38781,-1.539178,148.84,16.38,4,299.78,18 / 20,3622610,2019-09-06 20:20:28:353,-0.3129,-1.185,9.8087,0.0099,-0.0048,9.8066,-0.0523,-0.1253,0.083,7.75,-38.69,0.69,117.75,-83.48,-174.2
52.38781,-1.539178,148.84,16.38,4,299.78,18 / 20,3622709,2019-09-06 20:20:28:452,1.1943,-0.7764,9.2538,-0.0063,0.0074,9.8066,-0.0831,0.015,-0.0067,7.31,-39.12,0.44,126.51,-83.45,-174.19
52.38781,-1.539178,148.84,16.38,4,299.78,18 / 20,3622810,2019-09-06 20:20:28:553,1.067,-0.6037,9.9184,-0.0437,0.0135,9.8065,0.1596,-0.0239,0.0015,7.56,-38.87,1.56,111.99,-83.4,-174.27
52.38781,-1.539178,148.84,16.38,4,299.78,18 / 20,3622910,2019-09-06 20:20:28:653,0.0268,-0.1058,10.031,0.0175,-0.0058,9.8066,0.0837,0.0472,-0.0288,8,-38.06,1.13,116.82,-83.48,-174.59
52.38781,-1.539178,148.84,16.38,4,299.78,18 / 20,3623009,2019-09-06 20:20:28:752,-0.3226,-0.1341,9.9502,0.0027,0.0049,9.8066,0.0559,-0.0333,0.0385,7.56,-37.25,0.75,116.33,-83.5,-174.32
52.38781,-1.539178,148.84,16.38,4,299.78,18 / 20,3623109,2019-09-06 20:20:28:852,-0.2164,-0.6251,10.1211,0.003,-0.0002,9.8066,0.0093,0.0405,-0.0396,7.31,-37.44,-0.12,124.88,-83.48,-174.56
52.38781,-1.539178,148.84,16.38,4,299.78,18 / 20,3623210,2019-09-06 20:20:28:953,0.1102,0.1985,9.9684,0.0146,-0.015,9.8065,-0.0519,0.0401,-0.0133,7.44,-38.81,0.63,119.56,-83.52,-175.09
52.38781,-1.539178,148.84,16.38,4,299.78,18 / 20,3623309,2019-09-06 20:20:29:052,0.3691,-0.877,9.6481,-0.0411,0.0229,9.8065,-0.1378,0.0428,-0.039,7.19,-38.56,0.5,120.41,-83.28,-175.27
52.388447,-1.54106,146.36,16.36,4,298.19,18 / 20,3623410,2019-09-06 20:20:29:153,0.634,0.0804,9.8555,-0.0286,0.0086,9.8065,0.0587,-0.0252,-0.0098,6.94,-38.62,1.69,113.16,-83.4,-175.48
52.388447,-1.54106,146.36,16.36,4,298.19,18 / 20,3623509,2019-09-06 20:20:29:252,0.0998,-0.3444,10.2067,0.0219,-0.0032,9.8066,0.0822,-0.029,-0.0295,7.13,-38.44,1.31,118.66,-83.55,-175.24
52.388447,-1.54106,146.36,16.36,4,298.19,18 / 20,3623609,2019-09-06 20:20:29:352,-0.3606,-0.0328,9.5927,0.0229,-0.0154,9.8065,-0.076,0.0145,0.0027,6.81,-37.81,1.38,118.45,-83.59,-175.27
52.388447,-1.54106,146.36,16.36,4,298.19,18 / 20,3623710,2019-09-06 20:20:29:453,0.4334,-0.1761,10.545,-0.011,0.0045,9.8066,-0.0658,-0.0147,0.0388,7.13,-37.94,0.88,118.96,-83.42,-175.54
52.388447,-1.54106,146.36,16.36,4,298.19,18 / 20,3623810,2019-09-06 20:20:29:553,-0.1219,0.0514,9.7355,0.0006,0.0008,9.8066,0.0447,0.0399,-0.0045,7,-38.5,1.31,119.19,-83.41,-175.28
52.388447,-1.54106,146.36,16.36,4,298.19,18 / 20,3623910,2019-09-06 20:20:29:653,-0.5888,-0.784,9.5305,0.0101,-0.013,9.8066,0.0299,0.0044,0.0638,6.94,-38.87,0.56,120.28,-83.29,-175.41
52.388447,-1.54106,146.36,16.36,4,298.19,18 / 20,3624010,2019-09-06 20:20:29:753,-0.3417,-0.2253,9.462,0.0057,-0.0023,9.8066,-0.0069,-0.004,0.0264,7.06,-38.94,1.75,113.69,-83.38,-174.9
52.388447,-1.54106,146.36,16.36,4,298.19,18 / 20,3624110,2019-09-06 20:20:29:853,0.1456,-0.7985,9.8679,-0.0029,0.0084,9.8066,-0.0424,-0.0387,-0.0574,8.38,-37.75,1.19,117.21,-83.44,-174.28
52.388447,-1.54106,146.36,16.36,4,298.19,18 / 20,3624210,2019-09-06 20:20:29:953,-0.3596,-0.0576,10.1,0.0086,-0.0018,9.8066,-0.1082,0.0408,0.054,7.25,-38.44,0.69,119.88,-83.51,-173.77
52.388447,-1.54106,146.36,16.36,4,298.19,18 / 20,3624310,2019-09-06 20:20:30:053,0.6188,0.2221,9.3789,-0.0303,0.0198,9.8066,-0.0878,0.0189,0.0005,6.94,-39.69,1,121.5,-83.35,-174.33
52.388447,-1.54106,146.36,16.36,4,298.19,18 / 19,3624409,2019-09-06 20:20:30:152,0.8609,-0.5137,9.7098,-0.056,0.0104,9.8065,0.0605,-0.0517,0.0373,6.88,-38.5,2.19,113.95,-83.25,-174.27
52.388447,-1.54106,146.36,16.36,4,298.19,18 / 19,3624509,2019-09-06 20:20:30:252,0.6006,-0.2955,9.7246,0.0158,-0.0011,9.8065,-0.0606,-0.0737,-0.0275,6.63,-39,2.44,113.82,-83.35,-174.89
52.388447,-1.54106,146.36,16.36,4,298.19,18 / 19,3624610,2019-09-06 20:20:30:353,-1.2631,0.5096,10.6556,0.0112,-0.0009,9.8066,0.1273,0.0533,0.0277,6.69,-39.12,3.06,106.91,-83.31,-174.84
52.388447,-1.54106,146.36,16.36,4,298.19,18 / 19,3624709,2019-09-06 20:20:30:452,-0.2802,0.1408,10.6502,0.0149,-0.0023,9.8065,0.1783,-0.0461,0.1039,7.5,-39.87,3.25,105.84,-83.3,-175.42
52.388447,-1.54106,146.36,16.36,4,298.19,18 / 19,3624809,2019-09-06 20:20:30:552,-0.2937,-0.1692,10.2283,0.0224,0.0021,9.8066,-0.0544,-0.0111,-0.0507,9.94,-41.44,3.44,105.41,-83.3,-174.18
52.388447,-1.54106,146.36,16.36,4,298.19,18 / 19,3624910,2019-09-06 20:20:30:653,-0.031,-0.7501,9.6384,-0.0175,-0.0061,9.8065,-0.1035,0.0459,0.0125,11.69,-41.69,2.44,108.86,-83.28,-174.19
52.388447,-1.54106,146.36,16.36,4,298.19,18 / 19,3625009,2019-09-06 20:20:30:752,-0.5682,-0.6655,9.1412,-0.0264,0.0114,9.8066,0.0304,-0.037,0.0275,8.81,-41.75,-0.69,127.66,-83.1,-174.78
52.388447,-1.54106,146.36,16.36,4,298.19,18 / 19,3625110,2019-09-06 20:20:30:853,-0.9211,1.0564,9.194,0.0199,-0.0034,9.8066,-0.0454,0.0491,-0.0444,8.63,-39.5,0,121.96,-83.26,-173.55
52.388447,-1.54106,146.36,16.36,4,298.19,18 / 19,3625209,2019-09-06 20:20:30:952,0.3298,-0.535,10.0508,0.0196,-0.006,9.8066,-0.0607,0.0167,0.01,8.81,-38,0.06,120.79,-83.44,-173.65
52.388447,-1.54106,146.36,16.36,4,298.19,18 / 19,3625309,2019-09-06 20:20:31:052,-0.4572,-0.3625,10.0784,-0.0403,0.0236,9.8065,-0.0533,-0.0104,-0.0556,9.44,-37.56,0.13,121.52,-83.3,-173.25
52.388447,-1.54106,146.36,16.36,4,298.19,18 / 20,3625410,2019-09-06 20:20:31:153,0.2,-0.9919,9.8556,-0.0305,0.0011,9.8065,-0.0087,-0.0319,0.1172,9.31,-37.62,0.88,116.24,-83.28,-173.54
52.388447,-1.54106,146.36,16.36,4,298.19,18 / 20,3625509,2019-09-06 20:20:31:252,0.9832,0.1378,9.9676,-0.0143,0.0173,9.8066,-0.0795,0.0298,-0.0162,9.5,-37.44,1.06,113.37,-83.3,-174.16
52.388447,-1.54106,146.36,16.36,4,298.19,18 / 20,3625609,2019-09-06 20:20:31:352,0.4571,-0.5824,9.9877,-0.0131,-0.0063,9.8065,0.0916,-0.0692,0.0087,9.25,-37.19,1.56,110.17,-83.23,-173.73
52.388447,-1.54106,146.36,16.36,4,298.19,18 / 20,3625709,2019-09-06 20:20:31:452,-0.0804,-0.2863,9.9576,0.0258,-0.0068,9.8066,0.185,0.0143,-0.0674,9.81,-37.62,1.5,109.35,-83.3,-173.58
52.388447,-1.54106,146.36,16.36,4,298.19,18 / 20,3625809,2019-09-06 20:20:31:552,-0.0344,0.1795,9.997,0.0174,-0.016,9.8066,0.029,-0.0099,0.043,9.19,-37.37,0.69,115.2,-83.26,-174.18
52.388447,-1.54106,146.36,16.36,4,298.19,18 / 20,3625910,2019-09-06 20:20:31:653,-0.446,-0.7251,9.4787,0.026,-0.0084,9.8066,0.0622,0.0227,0.0044,9.31,-37.56,1.56,109.95,-83.26,-174.63
52.388447,-1.54106,146.36,16.36,4,298.19,18 / 20,3626009,2019-09-06 20:20:31:752,-0.8419,-0.3708,9.9097,0.0131,-0.0037,9.8065,-0.0637,-0.0788,0.0044,9.19,-37.62,1.44,115.83,-83.24,-174.25
52.388447,-1.54106,146.36,16.36,4,298.19,18 / 20,3626109,2019-09-06 20:20:31:852,-0.0085,-0.7686,9.9504,0.0023,-0.0008,9.8066,-0.0251,-0.0059,-0.0507,9.19,-37.56,1.13,115.96,-83.27,-173.95
52.388447,-1.54106,146.36,16.36,4,298.19,18 / 20,3626209,2019-09-06 20:20:31:952,-0.529,0.4495,9.5529,-0.0032,0.002,9.8066,0.0014,0.1202,-0.0155,9.75,-37.56,1.38,114.14,-83.22,-174.2
52.388447,-1.54106,146.36,16.36,4,298.19,18 / 20,3626310,2019-09-06 20:20:32:053,0.3507,-1.0852,9.5277,0.0085,0.0025,9.8066,-0.0489,-0.0441,0.0459,9.25,-37.31,1.44,114.87,-83.25,-174.64
52.388447,-1.54106,146.36,16.36,4,298.19,18 / 21,3626410,2019-09-06 20:20:32:153,-0.3364,1.471,10.1256,0.0177,0.0058,9.8066,-0.0285,0.029,-0.0759,9.19,-37.94,1.19,116.33,-83.29,-173.41
52.388447,-1.54106,146.36,16.36,4,298.19,18 / 21,3626509,2019-09-06 20:20:32:252,0.9362,0.5459,10.1534,-0.0209,0.017,9.8066,-0.021,0.0265,0.0353,9.31,-37.81,1.06,116.45,-83.21,-173.59
52.388447,-1.54106,146.36,16.36,4,298.19,18 / 21,3626610,2019-09-06 20:20:32:353,-0.4778,-0.2901,9.7549,-0.0119,0.012,9.8066,0.0905,-0.0103,-0.0075,8.81,-38.19,1.5,111.12,-83.18,-173.55
52.388447,-1.54106,146.36,16.36,4,298.19,18 / 21,3626710,2019-09-06 20:20:32:453,-0.5884,0.3639,10.382,-0.0036,0.002,9.8065,0.0919,-0.0469,0.0906,9.25,-37.81,1.69,111.75,-83.16,-172.9
52.388447,-1.54106,146.36,16.36,4,298.19,18 / 21,3626809,2019-09-06 20:20:32:552,0.1904,0.6458,10.6389,0.0387,-0.0015,9.8065,-0.0369,0.0518,-0.097,9,-37.31,1.63,111.56,-83.25,-171.95
52.388447,-1.54106,146.36,16.36,4,298.19,18 / 21,3626910,2019-09-06 20:20:32:653,0.2432,0.4783,10.1651,-0.0126,-0.0097,9.8066,-0.0231,-0.0696,0.0574,8.75,-37.31,1,117.49,-83.09,-172
52.388447,-1.54106,146.36,16.36,4,298.19,18 / 21,3627009,2019-09-06 20:20:32:752,-0.3698,-0.5732,10.0457,-0.0352,0.0105,9.8065,-0.1232,0.0275,0.0062,9.19,-37.37,0.88,117.99,-82.9,-172.17
52.388447,-1.54106,146.36,16.36,4,298.19,18 / 21,3627110,2019-09-06 20:20:32:853,-0.1433,0.3517,10.094,0.0074,0.0022,9.8066,0.0697,-0.018,0.0035,8.81,-37.56,1.81,113.19,-83.01,-171.75
52.388447,-1.54106,146.36,16.36,4,298.19,18 / 21,3627210,2019-09-06 20:20:32:953,0.6685,-0.3193,8.9947,0.013,-0.0068,9.8066,-0.0043,0.0536,0.0285,8.75,-37.06,0.25,123.24,-83.03,-171.37
52.388447,-1.54106,146.36,16.36,4,298.19,18 / 21,3627310,2019-09-06 20:20:33:053,0.6742,-0.7597,9.3034,0.027,-0.0074,9.8065,-0.0391,0.0053,0.0586,8.63,-36.81,0.25,123.31,-83,-171.38
52.388447,-1.54106,146.36,16.36,4,298.19,20 / 21,3627409,2019-09-06 20:20:33:152,-0.0322,0.2831,10.4429,0.0078,0.012,9.8066,-0.0419,0.0107,-0.0511,7.81,-37.62,-0.25,127.04,-83.16,-169.75
52.388447,-1.54106,146.36,16.36,4,298.19,20 / 21,3627509,2019-09-06 20:20:33:252,-0.2502,0.0227,10.1649,-0.0252,0.0148,9.8066,-0.007,0.0084,-0.0254,7.75,-39.56,-1.62,136.8,-83.06,-170.76
52.388447,-1.54106,146.36,16.36,4,298.19,20 / 21,3627609,2019-09-06 20:20:33:352,-0.1225,-0.1335,10.0678,-0.0111,0.0073,9.8066,0.0076,0.0402,0.0108,7.38,-41.75,-1.12,136.6,-83.03,-171.09
52.388447,-1.54106,146.36,16.36,4,298.19,20 / 21,3627710,2019-09-06 20:20:33:453,-0.4777,0.226,9.6792,-0.0059,0.0068,9.8066,-0.0237,0.0086,-0.0169,8.44,-42.75,1.63,118.53,-83.01,-171.39
52.388447,-1.54106,146.36,16.36,4,298.19,20 / 21,3627809,2019-09-06 20:20:33:552,-0.4477,-0.0755,9.3451,0.0083,-0.008,9.8066,-0.0199,-0.0188,0.0364,9.75,-41.62,4.81,99.27,-83,-171.19
52.388447,-1.54106,146.36,16.36,4,298.19,20 / 21,3627910,2019-09-06 20:20:33:653,-0.255,0.0911,9.4712,0.0134,0.007,9.8066,-0.0347,0.0246,-0.0143,11.13,-39.25,5.94,92.9,-83.16,-170.37
52.388447,-1.54106,146.36,16.36,4,298.19,20 / 21,3628010,2019-09-06 20:20:33:753,0.9587,-0.1923,10.0299,0.0061,-0.0017,9.8066,0.0431,-0.0349,-0.0084,10.38,-36.81,4.63,95.65,-83.27,-170.61
52.388447,-1.54106,146.36,16.36,4,298.19,20 / 21,3628109,2019-09-06 20:20:33:852,0.2074,-0.5024,10.3985,-0.0041,-0.0067,9.8066,0.0635,0.0367,-0.0589,9.63,-36.19,3.13,105.43,-83.17,-171.2
52.388447,-1.54106,146.36,16.36,4,298.19,20 / 21,3628209,2019-09-06 20:20:33:952,-0.2924,-0.0304,10.6403,0.0053,-0.0117,9.8065,-0.0225,-0.0484,0.0278,10,-36.37,3.13,104.73,-83.03,-172.51
52.388447,-1.54106,146.36,16.36,4,298.19,20 / 21,3628309,2019-09-06 20:20:34:052,-0.5691,0.1394,9.8943,-0.0382,0.0039,9.8065,-0.1068,0.0264,-0.0463,9.56,-36.62,3.06,105.54,-82.9,-172.81
52.388447,-1.54106,146.36,16.36,4,298.19,18 / 21,3628409,2019-09-06 20:20:34:152,0.5262,-0.6662,9.3139,-0.025,0.0042,9.8066,0.0319,0.0101,0.0231,9.63,-36.44,2.13,110.37,-82.75,-173.02
52.388447,-1.54106,146.36,16.36,4,298.19,18 / 21,3628510,2019-09-06 20:20:34:253,0.2852,-0.1117,9.7465,0.0311,-0.0016,9.8065,0.0718,-0.0019,-0.0168,9.63,-37,1.81,110.77,-83.09,-172.02
52.388447,-1.54106,146.36,16.36,4,298.19,18 / 21,3628609,2019-09-06 20:20:34:352,-0.6399,0.3145,9.9247,0.0217,-0.0006,9.8065,-0.0827,-0.0023,-0.0051,9.13,-36.87,1.56,112.44,-83.06,-171.7
52.388447,-1.54106,146.36,16.36,4,298.19,18 / 21,3628709,2019-09-06 20:20:34:452,0.2933,0.3109,9.5233,-0.0356,0.0089,9.8065,-0.0855,-0.0149,-0.0125,10,-36.81,2.13,110.88,-83.04,-172.08
52.388447,-1.54106,146.36,16.36,4,298.19,18 / 21,3628809,2019-09-06 20:20:34:552,0.9344,-0.5161,9.7781,-0.0225,-0.001,9.8066,0.0876,-0.0278,0.0331,9.5,-37.37,1.94,111.13,-82.82,-172.63
52.388447,-1.54106,146.36,16.36,4,298.19,18 / 21,3628909,2019-09-06 20:20:34:652,0.3533,0.1257,9.9723,0.0195,-0.0028,9.8066,0.0504,0.0082,-0.0147,9.63,-37.06,2.44,111.08,-82.93,-172.26
52.388447,-1.54106,146.36,16.36,4,298.19,18 / 21,3629010,2019-09-06 20:20:34:753,0.5211,-0.46,10.1686,0.0198,-0.0129,9.8066,0.0399,-0.0129,-0.0101,9.25,-37.37,1.94,111.82,-82.99,-172.76
52.388447,-1.54106,146.36,16.36,4,298.19,18 / 21,3629110,2019-09-06 20:20:34:853,-0.6169,0.2028,10.1535,0.0045,-0.0037,9.8066,0.0551,-0.0178,-0.0035,9.44,-37.25,1.75,112.52,-82.88,-172.35
52.388447,-1.54106,146.36,16.36,4,298.19,18 / 21,3629210,2019-09-06 20:20:34:953,0.2954,-0.3961,10.0585,-0.0125,0.0009,9.8066,-0.0437,-0.0204,0.0009,9.56,-37.31,2.13,111.11,-82.83,-172.62
52.388447,-1.54106,146.36,16.36,4,298.19,18 / 21,3629310,2019-09-06 20:20:35:053,0.4389,0.503,9.442,0.0076,-0.003,9.8066,-0.0272,0.0078,-0.0147,9.13,-37.19,1.88,112.35,-82.86,-172.64
52.388447,-1.54106,146.36,16.36,4,298.19,19 / 21,3629409,2019-09-06 20:20:35:152,0.7262,-0.0979,9.8412,0.0054,0.0026,9.8066,0.0671,-0.0062,0.0078,9.13,-36.94,1.63,112.04,-82.93,-172.73
52.388447,-1.54106,146.36,16.36,4,298.19,19 / 21,3629509,2019-09-06 20:20:35:252,-0.134,-0.1673,9.9484,0.0299,-0.0102,9.8065,0.083,-0.0272,-0.0022,9.31,-37,1.56,111.01,-83.13,-173.14
52.388447,-1.54106,146.36,16.36,4,298.19,19 / 21,3629610,2019-09-06 20:20:35:353,-0.5055,0.0087,10.0744,0.0274,-0.0091,9.8065,-0.0732,0.0027,0.0158,9.81,-37.44,2.56,104.55,-83.1,-173.18
52.388447,-1.54106,146.36,16.36,4,298.19,19 / 21,3629709,2019-09-06 20:20:35:452,-0.6624,-0.0732,9.7032,-0.0398,0.0127,9.8065,0.0356,0.0105,0.0021,9.63,-37.31,1.38,114.98,-82.88,-173.72
52.388447,-1.54106,146.36,16.36,4,298.19,19 / 21,3629810,2019-09-06 20:20:35:553,0.771,0.5677,9.8669,-0.0192,0.0068,9.8065,0.0397,0.0251,-0.0679,9.38,-37.25,1.81,111.2,-82.95,-173.66
52.388447,-1.54106,146.36,16.36,4,298.19,19 / 21,3629910,2019-09-06 20:20:35:653,0.7574,-0.1288,9.3764,0.0174,-0.0142,9.8066,0.0093,-0.0248,0.1109,9.5,-37.62,2.13,110.12,-82.94,-174.09
52.388447,-1.54106,146.36,16.36,4,298.19,19 / 21,3630010,2019-09-06 20:20:35:753,0.1747,0.441,9.409,0.01,0.0072,9.8066,-0.0185,0.0468,0.0101,9.69,-37,1.44,114.41,-83.03,-173.89
52.388447,-1.54106,146.36,16.36,4,298.19,19 / 21,3630110,2019-09-06 20:20:35:853,-0.0016,0.0722,9.4394,0.021,-0.0021,9.8066,0.0376,-0.055,0.0569,9.31,-37.37,1.88,110.38,-83.19,-173.63
52.388447,-1.54106,146.36,16.36,4,298.19,19 / 21,3630209,2019-09-06 20:20:35:952,0.5021,-1.1341,9.8778,0.01,0.001,9.8066,0.1013,-0.0665,0.013,9.5,-37.56,1.88,110.63,-83.14,-172.69
52.388447,-1.54106,146.36,16.36,4,298.19,19 / 21,3630310,2019-09-06 20:20:36:053,-0.248,-0.3187,10.9814,-0.0193,0.0021,9.8066,0.189,0.024,-0.0265,9.81,-37.5,2,110.19,-82.93,-173.3
52.388447,-1.54106,146.36,16.36,4,298.19,18 / 21,3630409,2019-09-06 20:20:36:152,-1.5209,-1.655,9.246,0.026,-0.0027,9.8065,-0.2488,-0.0874,0.0833,9.38,-37.87,2.63,106.68,-82.91,-173.24
52.388447,-1.54106,146.36,16.36,4,298.19,18 / 21,3630510,2019-09-06 20:20:36:253,-1.8073,0.9643,9.4769,-0.0382,0.0129,9.8065,-0.2019,0.0118,0.066,9,-37.69,2.19,112.55,-82.9,-173.05
52.388447,-1.54106,146.36,16.36,4,298.19,18 / 21,3630609,2019-09-06 20:20:36:352,1.493,-1.504,8.7549,-0.0598,0.0067,9.8064,-0.0534,-0.0119,-0.0293,9.38,-37.12,0.94,117.1,-83.02,-172.8
52.388447,-1.54106,146.36,16.36,4,298.19,18 / 21,3630710,2019-09-06 20:20:36:453,0.9696,0.2798,9.0791,0.0399,-0.0078,9.8065,-0.0724,-0.0066,-0.0327,9.19,-37.94,1.81,111.75,-83.56,-171.16
52.388447,-1.54106,146.36,16.36,4,298.19,18 / 21,3630810,2019-09-06 20:20:36:553,0.1378,-0.0206,10.3016,-0.0079,0.0016,9.8065,0.1337,-0.0273,0.0194,9.19,-37.31,1.63,111.22,-83.38,-171.85
52.388447,-1.54106,146.36,16.36,4,298.19,18 / 21,3630910,2019-09-06 20:20:36:653,1.159,0.8234,10.3689,-0.0612,0.0075,9.8064,-0.0505,-0.0527,0.0106,9.44,-38.06,2.5,107.16,-82.85,-172.93
52.388447,-1.54106,146.36,16.36,4,298.19,18 / 21,3631009,2019-09-06 20:20:36:752,0.6151,0.5452,9.8849,-0.0546,-0.0019,9.8064,0.0717,0.1077,-0.0027,9.25,-37.44,2.13,112.08,-82.74,-173.46
52.388447,-1.54106,146.36,16.36,4,298.19,18 / 21,3631110,2019-09-06 20:20:36:853,1.0962,0.1382,9.4869,0.0489,-0.0087,9.8065,0.0015,0.106,0.0717,9.88,-37.19,2.25,110.42,-82.84,-173.36
52.388447,-1.54106,146.36,16.36,4,298.19,18 / 21,3631210,2019-09-06 20:20:36:953,1.0449,-1.0029,8.8517,0.0407,0.0052,9.8065,-0.1006,0.0003,-0.0138,9.5,-37.06,1.75,110.18,-83.22,-172.26
52.388447,-1.54106,146.36,16.36,4,298.19,18 / 21,3631310,2019-09-06 20:20:37:053,-1.2283,0.1135,9.3639,0.0037,-0.0114,9.8066,0.0954,0.0237,-0.0598,9.5,-37,1.88,110.39,-83.26,-171.85
52.388447,-1.54106,146.36,16.36,4,298.19,18 / 20,3631410,2019-09-06 20:20:37:153,-0.0216,0.3031,9.9906,-0.0072,-0.0042,9.8066,-0.1172,0.0003,0.0132,9.63,-37.44,1.94,109.27,-83.31,-172.97
52.388447,-1.54106,146.36,16.36,4,298.19,18 / 20,3631509,2019-09-06 20:20:37:252,-0.5209,-0.0846,9.9766,-0.0305,0.0099,9.8066,-0.1247,0.0769,-0.0638,9.88,-37.25,2.06,108.84,-83.26,-173.64
52.388447,-1.54106,146.36,16.36,4,298.19,18 / 20,3631609,2019-09-06 20:20:37:352,-0.9396,0.2317,9.7822,-0.0261,0.006,9.8066,0.0052,0.008,0.0315,9.81,-37.69,2.13,109.99,-83.01,-173.96
52.388447,-1.54106,146.36,16.36,4,298.19,18 / 20,3631710,2019-09-06 20:20:37:453,0.2921,0.0082,10.0959,-0.0104,0.0125,9.8066,-0.0777,-0.0179,-0.0424,9.13,-37.62,2.38,111.75,-83.06,-173.32
52.388447,-1.54106,146.36,16.36,4,298.19,18 / 20,3631809,2019-09-06 20:20:37:552,-0.2448,-0.3986,9.7292,0.0169,-0.0066,9.8066,0.054,-0.0202,0.0508,9.5,-36.75,1.88,109.29,-83.24,-173.22
52.388447,-1.54106,146.36,16.36,4,298.19,18 / 20,3631910,2019-09-06 20:20:37:653,0.4325,0.8436,9.6097,-0.0068,-0.0008,9.8066,0.0189,-0.0489,-0.0129,9.5,-37.75,1.88,109.6,-83.29,-173.33
52.388447,-1.54106,146.36,16.36,4,298.19,18 / 20,3632009,2019-09-06 20:20:37:752,-0.0103,0.2262,10.0237,-0.0074,-0.0091,9.8066,0,0.026,-0.0233,10,-36.81,2.06,108.68,-83.3,-173.69
52.388447,-1.54106,146.36,16.36,4,298.19,18 / 20,3632110,2019-09-06 20:20:37:853,-0.3444,-0.9151,9.6258,-0.0177,0.0007,9.8066,-0.0826,-0.0019,0.006,9.44,-36.94,2.19,109.25,-83.31,-174.45
52.388447,-1.54106,146.36,16.36,4,298.19,18 / 20,3632209,2019-09-06 20:20:37:952,-0.6156,0.5369,10.2437,-0.0167,0.0016,9.8066,0.0841,-0.0161,0.0034,9.44,-36.81,2.56,103.85,-83.16,-174.61
52.388447,-1.54106,146.36,16.36,4,298.19,18 / 20,3632309,2019-09-06 20:20:38:052,-0.0142,-0.1226,9.3396,0.0146,0.0044,9.8065,-0.0831,0.0183,-0.037,9.88,-37,1.75,108.16,-83.27,-174.39
52.389053,-1.543009,144.34,16.39,4,296.19,18 / 20,3632409,2019-09-06 20:20:38:152,0.2709,-1.0928,10.0826,-0.0324,0.0063,9.8065,0.2648,-0.0527,0.0048,9.5,-36.56,2.13,108.51,-83.03,-174.91
52.389053,-1.543009,144.34,16.39,4,296.19,18 / 20,3632510,2019-09-06 20:20:38:253,-0.7846,0.8023,10.5357,0.0116,-0.0028,9.8066,0.1904,-0.0533,-0.0209,9.81,-37.81,1.88,108.95,-83.26,-174.22
52.389053,-1.543009,144.34,16.39,4,296.19,18 / 20,3632609,2019-09-06 20:20:38:352,-1.0493,0.3035,9.5507,0.0406,-0.0025,9.8065,-0.2386,0.0783,0.0406,9.56,-36.81,1.56,108.28,-83.36,-173.93
52.389053,-1.543009,144.34,16.39,4,296.19,18 / 20,3632710,2019-09-06 20:20:38:453,0.9383,1.6586,9.7383,-0.0065,0.013,9.8066,-0.0483,-0.0717,0.1003,9.19,-37.31,1.38,116.06,-83.25,-173.14
52.389053,-1.543009,144.34,16.39,4,296.19,18 / 20,3632810,2019-09-06 20:20:38:553,-2.0241,0.714,9.8618,0.0209,-0.0057,9.8065,-0.2,-0.0069,-0.031,9.63,-37.56,1.75,110.38,-83.47,-171.74
52.389053,-1.543009,144.34,16.39,4,296.19,18 / 20,3632910,2019-09-06 20:20:38:653,0.4915,-0.454,9.8746,-0.0337,-0.0037,9.8065,-0.0775,0.0251,0.0375,9.44,-37.19,2.06,110.13,-83.55,-172.42
52.389053,-1.543009,144.34,16.39,4,296.19,18 / 20,3633009,2019-09-06 20:20:38:752,0.4115,0.2291,10.0637,-0.0385,0.0117,9.8065,0.1078,0.0149,-0.0297,9.31,-37.62,1.81,110.86,-83.26,-173.51
52.389053,-1.543009,144.34,16.39,4,296.19,18 / 20,3633110,2019-09-06 20:20:38:853,0.0086,0.4272,10.2693,0.0106,-0.0112,9.8066,0.0852,-0.0145,-0.0054,9.5,-37.56,1.56,108.83,-83.27,-174.3
52.389053,-1.543009,144.34,16.39,4,296.19,18 / 20,3633209,2019-09-06 20:20:38:952,0.7769,-0.7658,9.931,0.0078,-0.0026,9.8066,-0.0197,-0.0793,0.0442,9.31,-37.81,2.69,104.18,-83.19,-174.89
52.389053,-1.543009,144.34,16.39,4,296.19,18 / 20,3633309,2019-09-06 20:20:39:052,1.175,-0.1059,9.7328,-0.0327,0.01,9.8065,-0.0966,0.0083,-0.0049,9.31,-36.81,1.88,110.1,-83.03,-174.64
52.389053,-1.543009,144.34,16.39,4,296.19,18 / 21,3633410,2019-09-06 20:20:39:153,-0.088,-0.5733,9.4907,-0.042,0.0088,9.8065,0.0291,-0.0508,0.0423,9.5,-37.06,1.88,108.63,-83.07,-174.63
52.389053,-1.543009,144.34,16.39,4,296.19,18 / 21,3633510,2019-09-06 20:20:39:253,0.3428,0.9061,9.8147,0.004,0.0058,9.8066,-0.0211,-0.0234,-0.0468,9.44,-37.31,2.88,104.37,-83.12,-174.21
52.389053,-1.543009,144.34,16.39,4,296.19,18 / 21,3633610,2019-09-06 20:20:39:353,-0.3449,0.141,9.5479,0.0023,-0.0045,9.8066,-0.0038,0.0036,0.0368,9.44,-37.37,2,109.98,-83.09,-174.52
52.389053,-1.543009,144.34,16.39,4,296.19,18 / 21,3633710,2019-09-06 20:20:39:453,0.4283,0.0597,10.1803,0.0005,-0.0001,9.8066,0.0084,0.0073,0.056,9.81,-37.44,2.38,107.78,-83.14,-175.35
52.389053,-1.543009,144.34,16.39,4,296.19,18 / 21,3633810,2019-09-06 20:20:39:553,-0.4468,0.5214,10.0296,0.0211,-0.0067,9.8066,-0.0626,0.0185,-0.0158,9.75,-37,2.31,107.91,-83.2,-174.96
52.389053,-1.543009,144.34,16.39,4,296.19,18 / 21,3633909,2019-09-06 20:20:39:652,0.958,0.2103,9.9528,-0.0005,0.0015,9.8066,-0.0864,-0.0237,0.033,9.31,-36.56,1.81,109.23,-83.29,-174.58
52.389053,-1.543009,144.34,16.39,4,296.19,18 / 21,3634009,2019-09-06 20:20:39:752,-0.3661,0.1769,10.2531,0.0308,-0.0078,9.8065,0.0348,-0.0014,-0.0106,9.38,-37.06,1.88,108.79,-83.48,-174.29
52.389053,-1.543009,144.34,16.39,4,296.19,18 / 21,3634109,2019-09-06 20:20:39:852,0.9106,-0.5019,10.5407,-0.0223,0.0001,9.8066,0.0192,-0.015,-0.0806,9.38,-37.44,1.69,108.35,-83.46,-174.87
52.389053,-1.543009,144.34,16.39,4,296.19,18 / 21,3634210,2019-09-06 20:20:39:953,-0.7751,-0.0773,10.0741,0.0075,-0.002,9.8066,0.0216,-0.0364,0.101,9.5,-36.62,2.56,101.5,-83.37,-175.51
52.389053,-1.543009,144.34,16.39,4,296.19,18 / 21,3634309,2019-09-06 20:20:40:052,0.0252,-0.171,9.2193,-0.0047,0.017,9.8065,-0.1166,-0.0048,0.0097,9.56,-37.25,1.75,107.89,-83.24,-174.82
52.389053,-1.543009,144.34,16.39,4,296.19,17 / 21,3634409,2019-09-06 20:20:40:152,0.93,-0.3877,10.3706,-0.0508,0.0146,9.8065,-0.1992,-0.0027,-0.0003,9.31,-37.06,2,110.02,-83.21,-173.98
52.389053,-1.543009,144.34,16.39,4,296.19,17 / 21,3634509,2019-09-06 20:20:40:252,0.9357,0.1887,10.368,-0.0071,0.0031,9.8066,0.0094,-0.0324,-0.0186,9.19,-37.06,2.06,109.42,-83.36,-174.06
52.389053,-1.543009,144.34,16.39,4,296.19,17 / 21,3634610,2019-09-06 20:20:40:353,-1.1814,0.3355,9.763,-0.0015,-0.0032,9.8066,-0.1403,0.019,0.0137,9.63,-36.69,2.5,102.79,-83.27,-174.47
52.389053,-1.543009,144.34,16.39,4,296.19,17 / 21,3634709,2019-09-06 20:20:40:452,-0.4366,0.2767,9.7721,-0.0391,0.0159,9.8065,-0.1463,0.0319,0.0405,9.75,-37.44,2.44,108.01,-83.28,-174.53
52.389053,-1.543009,144.34,16.39,4,296.19,17 / 21,3634809,2019-09-06 20:20:40:552,0.1074,0.0467,9.8859,0.009,0.0077,9.8066,0.0281,-0.0475,-0.0065,9.63,-36.44,2,108.28,-83.31,-173.42
52.389053,-1.543009,144.34,16.39,4,296.19,17 / 21,3634909,2019-09-06 20:20:40:652,0.5437,-0.2141,9.7995,0.0162,-0.0148,9.8066,0.055,0.007,-0.0286,9.31,-37.06,1.56,109.63,-83.51,-173.16
52.389053,-1.543009,144.34,16.39,4,296.19,17 / 21,3635010,2019-09-06 20:20:40:753,-0.2179,0.2329,9.74,-0.0207,0.0029,9.8066,0.0946,-0.0182,0.0066,9.56,-36.62,2,107.89,-83.49,-173.9
52.389053,-1.543009,144.34,16.39,4,296.19,17 / 21,3635110,2019-09-06 20:20:40:853,-0.3419,-0.8082,10.1957,-0.0027,-0.0009,9.8066,0.038,0.045,-0.0425,9.69,-37.5,2.13,108.61,-83.29,-173.81
52.389053,-1.543009,144.34,16.39,4,296.19,17 / 21,3635210,2019-09-06 20:20:40:953,-0.051,0.4021,10.0008,-0.0074,0.0095,9.8066,-0.1648,0.0474,-0.0162,9.88,-36.94,2,107.92,-83.25,-174.73
52.389053,-1.543009,144.34,16.39,4,296.19,17 / 21,3635310,2019-09-06 20:20:41:053,-0.2621,0.6236,9.7128,-0.0581,0.0139,9.8064,-0.2097,-0.0612,0.0146,9.38,-37.12,1.81,109.42,-83.44,-173.74
52.389053,-1.543009,144.34,16.39,4,296.19,19 / 20,3635410,2019-09-06 20:20:41:153,0.3481,0.7579,9.837,-0.0354,0.0148,9.8065,0.0744,-0.0019,-0.0211,9.5,-37.44,2.38,109.09,-83.23,-173.46
52.389053,-1.543009,144.34,16.39,4,296.19,19 / 20,3635509,2019-09-06 20:20:41:252,0.0039,-0.053,9.8163,0.0172,-0.0057,9.8066,-0.0336,0.0474,0.0436,9.25,-37,1.88,109.6,-83.41,-173.65
52.389053,-1.543009,144.34,16.39,4,296.19,19 / 20,3635610,2019-09-06 20:20:41:353,-0.462,0.573,10.1994,0.0139,-0.0009,9.8066,-0.0042,0.0007,-0.021,8.88,-37.5,1.81,109.68,-83.38,-173.67
52.389053,-1.543009,144.34,16.39,4,296.19,19 / 20,3635710,2019-09-06 20:20:41:453,-0.5502,0.2478,10.4002,-0.0101,0.0007,9.8066,0.1039,-0.0353,0.016,9.25,-37.5,2.69,105.09,-83.19,-173.1
52.389053,-1.543009,144.34,16.39,4,296.19,19 / 20,3635809,2019-09-06 20:20:41:552,-0.9709,-0.1032,9.6484,0.0211,-0.0036,9.8066,-0.1037,-0.0031,0.0321,9.5,-37.12,1.88,109.6,-83.24,-172.85
52.389053,-1.543009,144.34,16.39,4,296.19,19 / 20,3635909,2019-09-06 20:20:41:652,-0.5922,-0.1781,9.583,-0.0103,0.0074,9.8066,-0.1403,-0.031,0.0145,9.5,-37.37,2.25,110.09,-83.21,-172.37
52.389053,-1.543009,144.34,16.39,4,296.19,19 / 20,3636011,2019-09-06 20:20:41:754,-0.4212,-0.2165,9.3086,0.0232,-0.0017,9.8066,0.073,0.039,0.0084,9.5,-37.19,1.88,110.92,-83.15,-171.62
52.389053,-1.543009,144.34,16.39,4,296.19,19 / 20,3636110,2019-09-06 20:20:41:853,0.9023,-0.2787,10.0968,0.0164,-0.0007,9.8066,-0.0083,0.0271,0.0496,9.06,-37.19,1.94,112.49,-83.2,-171.06
52.389053,-1.543009,144.34,16.39,4,296.19,19 / 20,3636210,2019-09-06 20:20:41:953,-1.2512,0.8614,9.831,0.0162,0.0038,9.8065,-0.0765,0.0183,-0.0592,9.44,-36.94,2.13,112.82,-83.15,-170.86
52.389053,-1.543009,144.34,16.39,4,296.19,19 / 20,3636310,2019-09-06 20:20:42:053,-0.4667,0.1805,9.546,-0.0234,0.004,9.8065,-0.0416,-0.0255,0.0246,9.13,-37.69,1.81,113.8,-83.15,-170.42
52.389053,-1.543009,144.34,16.39,4,296.19,18 / 22,3636409,2019-09-06 20:20:42:152,0.7708,0.056,10.0993,-0.0166,0.0077,9.8065,-0.1445,-0.0257,-0.0097,9.06,-36.81,1.69,113.8,-83.08,-169.95
52.389053,-1.543009,144.34,16.39,4,296.19,18 / 22,3636510,2019-09-06 20:20:42:253,0.4857,0.1238,10.0348,-0.0061,-0.0017,9.8066,0.0295,0.001,-0.0107,9.19,-37.5,2.25,113.64,-83.08,-170.14
52.389053,-1.543009,144.34,16.39,4,296.19,18 / 22,3636609,2019-09-06 20:20:42:352,-0.962,-0.067,10.1001,-0.0092,-0.0061,9.8066,0.0714,0.0136,0,8.81,-36.87,2.5,107.74,-83.01,-170.77
52.389053,-1.543009,144.34,16.39,4,296.19,18 / 22,3636710,2019-09-06 20:20:42:453,-0.1969,-0.083,9.5564,0.0166,-0.0123,9.8066,-0.0778,-0.0193,-0.0256,9.25,-37.37,2.19,112.57,-83.01,-171.76
52.389053,-1.543009,144.34,16.39,4,296.19,18 / 22,3636810,2019-09-06 20:20:42:553,-0.0273,-0.2013,9.56,0.0093,-0.0062,9.8066,-0.0513,-0.0065,-0.0203,9.19,-37.06,1.81,112.18,-83.07,-171.98
52.389053,-1.543009,144.34,16.39,4,296.19,18 / 22,3636910,2019-09-06 20:20:42:653,-0.5009,0.0218,9.4657,0.0077,-0.0031,9.8066,0.1498,-0.0397,0.0303,9.13,-37.19,1.94,111.89,-83.13,-172.07
52.389053,-1.543009,144.34,16.39,4,296.19,18 / 22,3637009,2019-09-06 20:20:42:752,-0.7291,0.1551,9.7812,0.008,-0.0041,9.8066,0.0541,-0.0078,-0.0496,8.94,-37.37,1.94,112.25,-83.03,-172.04
52.389053,-1.543009,144.34,16.39,4,296.19,18 / 22,3637109,2019-09-06 20:20:42:852,-0.2633,-1.0499,10.4206,-0.0019,-0.0065,9.8066,0.0629,-0.0445,0.067,9.31,-37.75,2.38,112.86,-82.85,-172.84
52.389053,-1.543009,144.34,16.39,4,296.19,18 / 22,3637209,2019-09-06 20:20:42:952,-0.661,0.5822,10.1421,-0.0097,0.0114,9.8066,-0.0183,-0.0271,-0.0254,9.75,-37.62,2.06,112.39,-82.68,-172.37
52.389053,-1.543009,144.34,16.39,4,296.19,18 / 22,3637310,2019-09-06 20:20:43:053,0.1997,0.5817,9.4902,-0.0129,0.0103,9.8066,-0.003,0.0151,0.0063,9.19,-37.37,2.25,114.09,-82.59,-171.6
52.389053,-1.543009,144.34,16.39,4,296.19,17 / 20,3637409,2019-09-06 20:20:43:152,-0.2953,0.9146,10.031,0.014,-0.0057,9.8066,0.0251,-0.0093,-0.0021,9.44,-37.06,2.38,113.3,-82.86,-171.46
52.389053,-1.543009,144.34,16.39,4,296.19,17 / 20,3637509,2019-09-06 20:20:43:252,-0.4309,-0.1359,10.1094,-0.0035,-0.0111,9.8066,-0.0145,0.0029,-0.0268,9,-37.06,2.44,112.48,-82.85,-172.51
52.389053,-1.543009,144.34,16.39,4,296.19,17 / 20,3637610,2019-09-06 20:20:43:353,0.1363,0.5103,10.1401,-0.0246,0.0018,9.8066,0.0077,-0.0288,-0.0248,9.44,-37.19,2.25,112.02,-82.63,-174.01
52.389053,-1.543009,144.34,16.39,4,296.19,17 / 20,3637709,2019-09-06 20:20:43:452,-0.3887,-0.2835,9.8976,-0.0124,-0.0096,9.8065,0.0023,-0.0302,0.0142,9.19,-36.75,2.75,105.97,-82.57,-174.72
52.389053,-1.543009,144.34,16.39,4,296.19,17 / 20,3637809,2019-09-06 20:20:43:552,-0.5958,-0.415,10.1905,0.014,-0.0079,9.8066,0.0523,0.0041,0.0239,10,-36.94,2.5,104.85,-82.5,-175.11
52.389053,-1.543009,144.34,16.39,4,296.19,17 / 20,3637910,2019-09-06 20:20:43:653,-1.1888,-0.0033,9.9519,-0.0226,0.0093,9.8066,-0.0723,-0.0078,0.0111,9.31,-37.25,2.56,105.54,-82.6,-175.11
52.389053,-1.543009,144.34,16.39,4,296.19,17 / 20,3638010,2019-09-06 20:20:43:753,-0.5143,0.629,9.8649,0.001,0.001,9.8066,0.002,-0.0295,0.0362,9.25,-37.19,2.13,111.74,-82.58,-174.55
52.389053,-1.543009,144.34,16.39,4,296.19,17 / 20,3638109,2019-09-06 20:20:43:852,0.5007,-0.0948,10.1501,-0.0037,0.007,9.8066,-0.0273,-0.0231,0.0025,8.94,-36.87,2.31,112.14,-82.59,-174.03
52.389053,-1.543009,144.34,16.39,4,296.19,17 / 20,3638209,2019-09-06 20:20:43:952,1.4731,-0.4893,10.0163,-0.0433,0.008,9.8064,-0.1621,-0.0221,-0.0162,9.38,-36.87,2.06,112.42,-82.46,-174.26
52.389053,-1.543009,144.34,16.39,4,296.19,17 / 20,3638310,2019-09-06 20:20:44:053,0.25,0.4431,10.2389,-0.0288,0.0038,9.8065,-0.1333,0.0353,-0.0195,9.56,-37.56,2.63,106.24,-82.49,-174.33
52.389053,-1.543009,144.34,16.39,4,296.19,17 / 20,3638409,2019-09-06 20:20:44:152,-0.1704,-0.4966,9.3459,0.0242,-0.0021,9.8066,-0.0034,-0.0335,-0.0045,9.31,-37.69,2.5,106.95,-82.46,-174.93
52.389053,-1.543009,144.34,16.39,4,296.19,17 / 20,3638510,2019-09-06 20:20:44:253,-1.8901,0.0626,10.0272,0.0264,-0.0013,9.8065,-0.0526,0.0122,-0.0522,9.19,-37.37,2.75,106.36,-82.55,-174.34
52.389053,-1.543009,144.34,16.39,4,296.19,17 / 20,3638610,2019-09-06 20:20:44:353,0.4617,0.5329,10.7107,-0.0105,-0.0009,9.8066,0.0934,0.0008,0.0515,9.94,-37.31,2.13,110.1,-82.52,-174.97
52.389053,-1.543009,144.34,16.39,4,296.19,17 / 20,3638709,2019-09-06 20:20:44:452,-0.7938,0.2442,10.3483,0.0075,-0.0088,9.8066,-0.0465,-0.0088,-0.0055,9.5,-37.69,2.56,105.18,-82.53,-175.42
52.389053,-1.543009,144.34,16.39,4,296.19,17 / 20,3638810,2019-09-06 20:20:44:553,0.4955,-0.8713,9.7108,-0.0045,-0.0048,9.8065,-0.0629,0.0054,-0.0333,9.69,-37,2.94,105.14,-82.33,-175.45
52.389053,-1.543009,144.34,16.39,4,296.19,17 / 20,3638909,2019-09-06 20:20:44:652,0.3162,-0.0867,10.3232,-0.0208,0.0078,9.8066,0.0352,0.0082,0.0344,9.06,-36.87,2.63,106.63,-82.19,-175.61
52.389053,-1.543009,144.34,16.39,4,296.19,17 / 20,3639009,2019-09-06 20:20:44:752,-0.2313,-0.5591,9.5815,0.0083,0.0076,9.8066,-0.0276,-0.0241,-0.054,9.94,-37.31,2.25,110.83,-82.19,-175.35
52.389053,-1.543009,144.34,16.39,4,296.19,17 / 20,3639111,2019-09-06 20:20:44:854,-0.0626,0.3195,9.921,-0.0021,0.0024,9.8066,0.0391,-0.0274,0.0859,9.44,-37.44,2.38,113.1,-82.2,-174.5
52.389053,-1.543009,144.34,16.39,4,296.19,17 / 20,3639209,2019-09-06 20:20:44:952,0.4153,-0.5725,9.9608,-0.01,0.0107,9.8066,0.049,0.0342,0.0119,9.88,-37.69,2.81,107.32,-82.18,-174.29
52.389053,-1.543009,144.34,16.39,4,296.19,17 / 20,3639309,2019-09-06 20:20:45:052,0.5902,0.4106,10.1221,0.0031,-0.0004,9.8066,0.1563,-0.0355,0.0091,9.63,-37.94,3.13,107.62,-82.15,-174.06
52.389053,-1.543009,144.34,16.39,4,296.19,17 / 20,3639410,2019-09-06 20:20:45:153,0.9171,-0.5604,9.7443,-0.0118,-0.0034,9.8066,-0.0381,-0.0148,0.016,9.94,-37.37,2.69,107.2,-82.05,-174.15
52.389053,-1.543009,144.34,16.39,4,296.19,17 / 20,3639509,2019-09-06 20:20:45:252,0.8071,0.1885,9.9363,-0.0026,0.0016,9.8066,0.0234,0.0145,-0.0132,9.25,-37.94,3.13,109.22,-82.06,-173.99
52.389053,-1.543009,144.34,16.39,4,296.19,17 / 20,3639610,2019-09-06 20:20:45:353,0.3795,0.075,10.1024,0.0069,-0.0024,9.8066,0.0425,0.0132,0.047,9.38,-37.69,2.69,109.27,-82.04,-173.98
52.389053,-1.543009,144.34,16.39,4,296.19,17 / 20,3639709,2019-09-06 20:20:45:452,-0.4749,-0.2369,9.7896,0.0186,-0.0005,9.8066,-0.0257,-0.0043,-0.0095,9.5,-37.56,3,108.05,-82.09,-173.79
52.389053,-1.543009,144.34,16.39,4,296.19,17 / 20,3639810,2019-09-06 20:20:45:553,0.3784,-0.1987,9.7481,-0.0109,0.0059,9.8066,-0.0112,0.0041,-0.0215,9.56,-37.12,3.31,108.2,-81.96,-173.3
52.389053,-1.543009,144.34,16.39,4,296.19,17 / 20,3639909,2019-09-06 20:20:45:652,-0.1509,0.0196,10.1677,-0.0015,-0.003,9.8066,0.0294,-0.0275,-0.0045,9.69,-36.75,3.25,107.89,-82.02,-173.44
52.389053,-1.543009,144.34,16.39,4,296.19,17 / 20,3640011,2019-09-06 20:20:45:754,-0.3489,0.1013,9.9835,-0.0008,-0.0014,9.8066,0.0056,-0.0309,0.0062,9.25,-36.87,3.88,103.27,-81.92,-173.87
52.389053,-1.543009,144.34,16.39,4,296.19,17 / 20,3640110,2019-09-06 20:20:45:853,0.8692,-0.1006,9.3638,-0.0075,0.0038,9.8066,0.0342,0.0017,0.0046,9.56,-37.69,3.44,108.86,-81.83,-173.85
52.389053,-1.543009,144.34,16.39,4,296.19,17 / 20,3640209,2019-09-06 20:20:45:952,0.7436,0.1465,10.0185,0.0139,-0.0094,9.8066,-0.0182,0.0338,-0.0039,9.56,-37.56,2.94,109.27,-81.78,-173.57
52.389053,-1.543009,144.34,16.39,4,296.19,17 / 20,3640310,2019-09-06 20:20:46:053,0.0301,0.0759,10.11,-0.0196,0.0094,9.8065,0.0173,0.0215,-0.0393,9.94,-36.87,2.94,107.95,-81.81,-174.18
52.389053,-1.543009,144.34,16.39,4,296.19,17 / 20,3640409,2019-09-06 20:20:46:152,-1.0962,0.2858,9.988,-0.0192,0.0008,9.8066,-0.0111,-0.0121,-0.0323,9.44,-37.37,3.06,109.78,-81.62,-174.27
52.389053,-1.543009,144.34,16.39,4,296.19,17 / 20,3640510,2019-09-06 20:20:46:253,-0.3291,0.2492,10.2435,-0.0122,0,9.8066,-0.0408,0.0047,0.0274,9.5,-37.06,2.88,108.18,-81.66,-174.47
52.389053,-1.543009,144.34,16.39,4,296.19,17 / 20,3640610,2019-09-06 20:20:46:353,-0.3308,0.7753,9.5391,-0.0013,-0.0046,9.8066,0.0539,-0.0429,0.0449,9.5,-36.87,2.81,107.33,-81.76,-175.11
52.389053,-1.543009,144.34,16.39,4,296.19,17 / 20,3640709,2019-09-06 20:20:46:452,0.4552,0.3692,9.3856,-0.0081,0.0052,9.8066,0.002,-0.0253,-0.0491,9.5,-37.62,3.44,108.68,-81.64,-174.85
52.389053,-1.543009,144.34,16.39,4,296.19,17 / 20,3640809,2019-09-06 20:20:46:552,0.4935,0.3292,9.8073,0.0318,-0.0135,9.8066,0.1025,-0.038,0.0576,9.69,-37.87,3.19,108.79,-81.59,-174.92
52.389053,-1.543009,144.34,16.39,4,296.19,17 / 20,3640910,2019-09-06 20:20:46:653,-0.0685,1.5326,9.957,-0.046,0.0151,9.8065,-0.0889,0.0474,0.0069,9.31,-37.69,3,109.61,-81.82,-174.59
52.389053,-1.543009,144.34,16.39,4,296.19,17 / 20,3641009,2019-09-06 20:20:46:752,-0.1128,-0.1641,10.0534,-0.0768,0.0239,9.8062,-0.1886,-0.0263,-0.0272,9.69,-37.69,2.94,109.65,-81.4,-174.64
52.389053,-1.543009,144.34,16.39,4,296.19,17 / 20,3641110,2019-09-06 20:20:46:853,0.9585,-0.7897,9.6009,0.0306,-0.0098,9.8065,0.0646,-0.0148,0.0358,9.13,-37.19,2.69,110.46,-81.39,-174.41
52.389053,-1.543009,144.34,16.39,4,296.19,17 / 20,3641209,2019-09-06 20:20:46:952,0.4359,0.8464,9.7273,0.0232,0.0002,9.8065,0.0093,-0.0257,0.0149,9.5,-37.5,2.81,108.5,-81.59,-174.36
52.389053,-1.543009,144.34,16.39,4,296.19,17 / 20,3641310,2019-09-06 20:20:47:053,-0.2214,0.7384,10.1502,0.0134,-0.0041,9.8066,0.0508,-0.0059,-0.0215,9.5,-37.12,3,108.95,-81.52,-174.09
52.389664,-1.544977,143.83,17.08,4,297.62,17 / 21,3641409,2019-09-06 20:20:47:152,0.4767,0.1415,9.701,-0.0085,-0.0008,9.8066,0.1492,0.0122,0.0301,9.56,-37,3.38,108.8,-81.44,-174.58
52.389664,-1.544977,143.83,17.08,4,297.62,17 / 21,3641509,2019-09-06 20:20:47:252,1.1535,-0.2086,9.3975,0.0031,0.0024,9.8066,-0.0488,-0.0784,0.0197,9.25,-37.5,3,110.54,-81.33,-174.6
52.389664,-1.544977,143.83,17.08,4,297.62,17 / 21,3641609,2019-09-06 20:20:47:352,0.8006,0.1401,9.4783,0.0147,-0.0011,9.8065,-0.0699,-0.0375,-0.0687,9.06,-37.06,2.94,110.87,-81.42,-173.77
52.389664,-1.544977,143.83,17.08,4,297.62,17 / 21,3641710,2019-09-06 20:20:47:453,0.2785,0.5116,10.2299,0.0121,-0.0012,9.8066,-0.043,0.0553,-0.0075,9.31,-37.81,3.31,111.39,-81.46,-173.95
52.389664,-1.544977,143.83,17.08,4,297.62,17 / 21,3641810,2019-09-06 20:20:47:553,-0.355,0.7578,10.0196,-0.0418,0.0113,9.8065,-0.1381,-0.0326,0.06,9.88,-37.25,3,109.56,-81.24,-174.46
52.389664,-1.544977,143.83,17.08,4,297.62,17 / 21,3641909,2019-09-06 20:20:47:652,-1.4377,1.4506,9.8571,-0.0191,0.0108,9.8065,-0.0353,0.0408,-0.0741,9.06,-37.06,3.25,111.35,-81.23,-174.02
52.389664,-1.544977,143.83,17.08,4,297.62,17 / 21,3642010,2019-09-06 20:20:47:753,-1.2212,0.1267,9.6299,0.0138,-0.011,9.8066,0.0338,-0.063,0.093,9.44,-37.44,2.88,111.47,-81.21,-173.95
52.389664,-1.544977,143.83,17.08,4,297.62,17 / 21,3642109,2019-09-06 20:20:47:852,-0.5172,-0.1524,9.985,0.0064,0.0033,9.8066,0.0415,-0.0729,0.0062,9.31,-37.44,3.06,111.5,-81.24,-173.76
52.389664,-1.544977,143.83,17.08,4,297.62,17 / 21,3642210,2019-09-06 20:20:47:953,-0.4031,0.7029,9.98,-0.0021,-0.0031,9.8066,0.0468,-0.0554,-0.0705,9.25,-37.25,2.88,111.82,-81.19,-173.58
52.389664,-1.544977,143.83,17.08,4,297.62,17 / 21,3642310,2019-09-06 20:20:48:053,-0.4555,0.1822,10.3261,-0.0068,-0.0026,9.8066,0.0867,-0.02,0.0734,9.31,-37.44,2.38,116.74,-81.23,-173.95
52.389664,-1.544977,143.83,17.08,4,297.62,18 / 20,3642409,2019-09-06 20:20:48:152,0.302,-0.2941,10.1244,-0.0085,0.007,9.8066,0.05,0.0256,-0.0503,8.94,-37.31,2.88,111.11,-81.22,-174.36
52.389664,-1.544977,143.83,17.08,4,297.62,18 / 20,3642510,2019-09-06 20:20:48:253,-0.8795,1.1831,9.9565,0.0003,-0.0018,9.8066,-0.1306,-0.0107,-0.0578,8.75,-37.19,2.5,111.14,-81.19,-174.47
52.389664,-1.544977,143.83,17.08,4,297.62,18 / 20,3642610,2019-09-06 20:20:48:353,-0.7501,0.4147,9.6177,-0.0294,0.0111,9.8065,-0.2317,0.0118,0.0044,8.25,-36.69,2.19,118.56,-81.25,-174.36
52.389664,-1.544977,143.83,17.08,4,297.62,18 / 20,3642711,2019-09-06 20:20:48:454,-0.3738,-0.2495,9.8583,-0.0214,-0.0079,9.8066,0.0972,-0.0473,-0.0064,9,-37.25,3.13,110.6,-81.21,-175.05
52.389664,-1.544977,143.83,17.08,4,297.62,18 / 20,3642810,2019-09-06 20:20:48:553,-0.8177,0.2552,10.0235,0.0295,-0.0163,9.8066,0.0999,-0.0302,-0.0816,9.06,-37.06,2.75,109.8,-81.39,-175.24
52.389664,-1.544977,143.83,17.08,4,297.62,18 / 20,3642910,2019-09-06 20:20:48:653,-0.7296,0.2925,10.3435,-0.0245,-0.002,9.8066,-0.0262,-0.0446,0.0712,9.13,-37.25,2.69,109.42,-81.36,-175.87
52.389664,-1.544977,143.83,17.08,4,297.62,18 / 20,3643010,2019-09-06 20:20:48:753,-0.9347,0.694,9.7893,0.0185,-0.0079,9.8066,0.0155,-0.024,-0.0038,9.19,-36.44,2.63,108.62,-81.37,-175.78
52.389664,-1.544977,143.83,17.08,4,297.62,18 / 20,3643110,2019-09-06 20:20:48:853,-0.1393,-0.1838,9.6484,-0.0035,0.005,9.8066,0.0913,-0.0227,0.0416,8.56,-37,2.5,109.94,-81.28,-175.59
52.389664,-1.544977,143.83,17.08,4,297.62,18 / 20,3643210,2019-09-06 20:20:48:953,0.6429,0.3445,9.6633,-0.0053,0.004,9.8066,0.06,-0.0907,0.056,9.63,-36.5,2.75,108.26,-81.2,-175.27
52.389664,-1.544977,143.83,17.08,4,297.62,18 / 20,3643310,2019-09-06 20:20:49:053,0.2344,0.138,9.9057,0.0223,-0.0103,9.8066,-0.0785,-0.1073,-0.0055,9.25,-37.12,2.44,115.28,-81.24,-175.83
52.389664,-1.544977,143.83,17.08,4,297.62,17 / 19,3643409,2019-09-06 20:20:49:152,-0.1996,0.2495,9.8388,0.023,-0.015,9.8066,-0.0907,-0.0097,-0.0082,9.06,-37.37,2.81,109.32,-81.31,-176.21
52.389664,-1.544977,143.83,17.08,4,297.62,17 / 19,3643509,2019-09-06 20:20:49:252,0.4858,-0.175,9.5468,-0.0079,0.0005,9.8066,0.0275,0.027,0.0153,8.81,-37.12,2.31,114.85,-81.26,-176.33
52.389664,-1.544977,143.83,17.08,4,297.62,17 / 19,3643610,2019-09-06 20:20:49:353,-0.0456,-0.1018,9.8943,0.0117,-0.0038,9.8065,0.055,-0.0043,-0.0302,9.13,-36.81,2.38,115.3,-81.21,-175.96
52.389664,-1.544977,143.83,17.08,4,297.62,17 / 19,3643709,2019-09-06 20:20:49:452,-1.2653,0.3255,10.1817,0.0108,0.0132,9.8066,-0.085,-0.0784,0.0624,9.06,-37,3.06,110.35,-81.3,-174.96
52.389664,-1.544977,143.83,17.08,4,297.62,17 / 19,3643810,2019-09-06 20:20:49:553,-1.9532,0.5894,10.3673,-0.0003,0.0045,9.8066,-0.0081,-0.0022,0.026,9,-36.5,2.19,115.99,-81.17,-174.18
52.389664,-1.544977,143.83,17.08,4,297.62,17 / 19,3643909,2019-09-06 20:20:49:652,-0.164,0.4183,9.9273,0.0001,0.0091,9.8065,-0.1021,0.0063,0.0048,9.31,-37.12,2.63,112.43,-81.09,-173.25
52.389664,-1.544977,143.83,17.08,4,297.62,17 / 19,3644010,2019-09-06 20:20:49:753,-1.0895,0.7496,10.7414,0.007,0.0081,9.8066,0.1265,0.004,0.0413,8.56,-36.62,2.56,112.94,-81.01,-172.92
52.389664,-1.544977,143.83,17.08,4,297.62,17 / 19,3644110,2019-09-06 20:20:49:853,-1.3678,-0.1195,10.4684,0.0026,-0.0048,9.8066,-0.057,-0.0133,0.0087,8.69,-37.06,2.69,113.32,-80.85,-173.1
52.389664,-1.544977,143.83,17.08,4,297.62,17 / 19,3644210,2019-09-06 20:20:49:953,-0.3571,-0.0267,9.939,0.0113,0.0012,9.8066,0.0496,0.0182,0.0188,8.94,-37.44,2.5,113.64,-80.82,-172.84
52.389664,-1.544977,143.83,17.08,4,297.62,17 / 19,3644310,2019-09-06 20:20:50:053,-0.1662,-0.6926,9.8885,0.0002,-0.0012,9.8066,-0.0101,-0.0702,0.0279,8.75,-37.44,2.5,114.18,-80.77,-172.33
52.389664,-1.544977,143.83,17.08,4,297.62,18 / 19,3644409,2019-09-06 20:20:50:152,-0.3208,-0.1816,9.0249,-0.0199,-0.0056,9.8066,-0.1835,0.0158,-0.0365,9.31,-37.31,2.31,119.18,-80.68,-172.92
52.389664,-1.544977,143.83,17.08,4,297.62,18 / 19,3644510,2019-09-06 20:20:50:253,-0.2288,-0.0871,9.4507,0.0332,-0.0082,9.8065,0.1281,0.0448,-0.0091,9.56,-37.25,2.63,111.99,-80.81,-173.09
52.389664,-1.544977,143.83,17.08,4,297.62,18 / 19,3644609,2019-09-06 20:20:50:352,0.6006,-0.1848,9.9238,0.0273,-0.0164,9.8065,0.0922,-0.0154,-0.0334,9.38,-36.37,2.5,112,-80.92,-173.46
52.389664,-1.544977,143.83,17.08,4,297.62,18 / 19,3644710,2019-09-06 20:20:50:453,-0.0662,-0.2814,9.9307,-0.0198,0.0019,9.8066,-0.1007,0.0078,-0.0185,9.44,-36.87,2.31,117.15,-81.08,-174.03
52.389664,-1.544977,143.83,17.08,4,297.62,18 / 19,3644809,2019-09-06 20:20:50:552,-0.1211,-0.4086,10.1838,-0.014,0.0146,9.8066,0.039,0.041,0.0031,9.56,-37.12,2.25,115.54,-80.97,-174.15
52.389664,-1.544977,143.83,17.08,4,297.62,18 / 19,3644909,2019-09-06 20:20:50:652,0.3261,-0.0671,10.1005,0.0167,-0.0065,9.8065,0.0683,0.0158,0.0797,9.13,-37.12,2.75,112.64,-80.95,-173.59
52.389664,-1.544977,143.83,17.08,4,297.62,18 / 19,3645010,2019-09-06 20:20:50:753,0.785,-0.4124,9.7003,0.0163,-0.0019,9.8065,0.0444,0.0678,0.012,9.06,-37,2.69,113.85,-80.7,-173.09
52.389664,-1.544977,143.83,17.08,4,297.62,18 / 19,3645110,2019-09-06 20:20:50:853,-0.972,-0.1866,10.0177,0.0047,0.0031,9.8066,0.0325,-0.0854,-0.0034,8.56,-37.19,2.5,114.28,-80.64,-172.76
52.389664,-1.544977,143.83,17.08,4,297.62,18 / 19,3645210,2019-09-06 20:20:50:953,-0.8396,0.662,9.594,-0.0049,0.0099,9.8066,0.0746,-0.0505,0.0098,8.75,-37.62,3.38,115.3,-80.59,-172.74
52.389664,-1.544977,143.83,17.08,4,297.62,18 / 19,3645309,2019-09-06 20:20:51:052,-0.0368,-0.5439,9.496,0.0131,0.0008,9.8066,0.106,-0.0516,0.0215,8.94,-38,2.75,115.87,-80.45,-172.6
52.389664,-1.544977,143.83,17.08,4,297.62,18 / 20,3645410,2019-09-06 20:20:51:153,-0.3066,0.4852,10.0073,0.0263,-0.012,9.8066,0.0624,-0.0111,-0.0157,9,-36.94,3.06,114.88,-80.5,-172.61
52.389664,-1.544977,143.83,17.08,4,297.62,18 / 20,3645509,2019-09-06 20:20:51:252,-0.2328,-0.5668,9.8556,0.0001,0.0055,9.8066,-0.067,-0.043,0.0461,9.13,-37.44,2.75,114.98,-80.5,-172.45
52.389664,-1.544977,143.83,17.08,4,297.62,18 / 20,3645610,2019-09-06 20:20:51:353,0.3399,0.0665,9.8582,-0.0094,-0.0164,9.8066,-0.0182,-0.0182,-0.0285,9.13,-37.37,3.25,114.3,-80.52,-173.29
52.389664,-1.544977,143.83,17.08,4,297.62,18 / 20,3645710,2019-09-06 20:20:51:453,-1.2625,0.004,8.8292,0.0134,-0.01,9.8065,-0.0894,0.028,0.0029,9.19,-37.19,2.94,113.82,-80.54,-173.82
52.389664,-1.544977,143.83,17.08,4,297.62,18 / 20,3645810,2019-09-06 20:20:51:553,-0.3439,0.1389,9.0587,-0.0141,0.0146,9.8065,-0.1065,-0.0142,0.0832,8.81,-37,2.75,114.34,-80.51,-173.28
52.389664,-1.544977,143.83,17.08,4,297.62,18 / 20,3645910,2019-09-06 20:20:51:653,0.3121,0.4376,9.2079,0.0393,0.0015,9.8065,-0.0146,-0.0637,-0.0251,8.75,-37.56,2.75,114.7,-80.73,-172.95
52.389664,-1.544977,143.83,17.08,4,297.62,18 / 20,3646010,2019-09-06 20:20:51:753,-0.9034,0.2677,10.1055,0.04,0.0075,9.8065,0.1498,-0.0511,0.0299,8.06,-37.06,2.38,121.4,-81.05,-171.19
52.389664,-1.544977,143.83,17.08,4,297.62,18 / 20,3646109,2019-09-06 20:20:51:852,-0.5992,-0.1337,10.0543,-0.0282,0.0238,9.8065,-0.1041,-0.0355,0.0318,8.44,-37.25,2.19,123.4,-80.78,-169.48
52.389664,-1.544977,143.83,17.08,4,297.62,18 / 20,3646209,2019-09-06 20:20:51:952,-1.7074,0.6145,10.1162,-0.0279,0.0055,9.8066,-0.0574,0.0042,-0.0213,8.13,-37.25,2.94,118,-80.75,-169.54
52.389664,-1.544977,143.83,17.08,4,297.62,18 / 20,3646310,2019-09-06 20:20:52:053,0.8015,-0.9471,9.6477,0.0059,0.0011,9.8066,0.0668,-0.005,-0.0107,9,-37.62,2.38,122.11,-80.74,-169.59
52.389664,-1.544977,143.83,17.08,4,297.62,19 / 21,3646409,2019-09-06 20:20:52:152,-0.157,0.8227,10.3396,0.0213,-0.0026,9.8066,0.0635,-0.1191,0.0442,8.56,-37.56,2.69,116.63,-80.91,-169.51
52.389664,-1.544977,143.83,17.08,4,297.62,19 / 21,3646510,2019-09-06 20:20:52:253,-0.7087,0.8575,10.0427,-0.0183,0.02,9.8066,-0.0038,-0.0428,0.0258,8.25,-37.31,2.56,117.75,-80.96,-168.82
52.389664,-1.544977,143.83,17.08,4,297.62,19 / 21,3646609,2019-09-06 20:20:52:352,0.3613,0.1873,8.9793,-0.0036,0.0025,9.8066,-0.0105,-0.0391,0.0277,8.56,-37.94,2.81,117.74,-80.85,-168.24
52.389664,-1.544977,143.83,17.08,4,297.62,19 / 21,3646710,2019-09-06 20:20:52:453,0.6916,1.3161,9.7788,-0.0023,-0.0015,9.8066,-0.08,-0.0275,-0.0255,8.13,-37.31,2.19,124.14,-80.88,-167.89
52.389664,-1.544977,143.83,17.08,4,297.62,19 / 21,3646810,2019-09-06 20:20:52:553,0.0339,0.1705,10.0609,-0.0138,-0.0023,9.8066,-0.0679,-0.0002,-0.025,8.63,-37.5,2.56,116.99,-80.9,-167.99
52.389664,-1.544977,143.83,17.08,4,297.62,19 / 21,3646910,2019-09-06 20:20:52:653,-0.1044,-0.3266,9.4915,0.0067,-0.0083,9.8066,0.0286,-0.0458,0.0215,8.25,-37.5,2.44,123.48,-81.04,-168.16
52.389664,-1.544977,143.83,17.08,4,297.62,19 / 21,3647009,2019-09-06 20:20:52:752,0.7605,0.098,9.724,0.0011,0.0046,9.8065,-0.0417,0.0025,0.0171,8.44,-37.25,1.56,123.33,-81.07,-168.23
52.389664,-1.544977,143.83,17.08,4,297.62,19 / 21,3647110,2019-09-06 20:20:52:853,1.0203,0.1678,9.9533,0.0138,-0.0056,9.8066,0.027,0.0405,-0.039,8.5,-37.37,2.19,121.61,-81.06,-167.97
52.389664,-1.544977,143.83,17.08,4,297.62,19 / 21,3647210,2019-09-06 20:20:52:953,0.2581,0.5295,10.1763,0.0004,0.0131,9.8066,0.0591,0.0084,0.042,8,-36.87,1.75,124.01,-81.02,-167.45
52.389664,-1.544977,143.83,17.08,4,297.62,19 / 21,3647310,2019-09-06 20:20:53:053,-0.908,0.1519,9.6296,-0.016,0.0032,9.8066,-0.1185,-0.0252,-0.0383,8,-37.12,2.13,124.21,-80.88,-167.8
52.389664,-1.544977,143.83,17.08,4,297.62,18 / 20,3647409,2019-09-06 20:20:53:152,0.4102,0.8707,9.6526,-0.0081,0.0053,9.8066,-0.0559,0.0294,-0.0639,7.88,-37.25,1.44,129.04,-80.93,-167.98
52.389664,-1.544977,143.83,17.08,4,297.62,18 / 20,3647510,2019-09-06 20:20:53:253,-0.1666,-0.2447,9.599,-0.0013,0.004,9.8066,-0.0143,-0.0387,0.0125,8,-37.25,1.38,128.99,-80.96,-167.93
52.389664,-1.544977,143.83,17.08,4,297.62,18 / 20,3647610,2019-09-06 20:20:53:353,0.4892,0.7567,9.994,0.0233,-0.0127,9.8066,-0.1456,-0.0176,0.0401,8.31,-36.94,1.44,128.78,-81.13,-167.53
52.389664,-1.544977,143.83,17.08,4,297.62,18 / 20,3647709,2019-09-06 20:20:53:452,0.7701,-0.9694,9.72,-0.0133,0.0179,9.8066,-0.1936,0.0807,-0.0902,8.38,-37.5,1.56,123.53,-81.17,-167.5
52.389664,-1.544977,143.83,17.08,4,297.62,18 / 20,3647810,2019-09-06 20:20:53:553,0.6004,-1.2358,9.3623,-0.0036,-0.0045,9.8066,0.0782,-0.0471,0.0416,7.94,-37.56,1.75,124.24,-81.13,-167.71
52.389664,-1.544977,143.83,17.08,4,297.62,18 / 20,3647909,2019-09-06 20:20:53:652,0.2699,-0.7193,9.699,-0.0239,0.0008,9.8066,-0.0806,0.031,0.0235,7.75,-37.37,1.63,123.8,-81.06,-167.58
52.389664,-1.544977,143.83,17.08,4,297.62,18 / 20,3648010,2019-09-06 20:20:53:753,0.2113,-0.7339,9.7943,-0.0212,0.0185,9.8066,0.0576,-0.0406,0.0668,8.06,-37.06,1.69,123.81,-81.06,-167.57
52.389664,-1.544977,143.83,17.08,4,297.62,18 / 20,3648110,2019-09-06 20:20:53:853,-0.5027,-0.251,9.3237,0.011,-0.0026,9.8065,0.0294,0.0115,-0.0092,8.56,-38.12,1.5,122.82,-81.09,-167.1
52.389664,-1.544977,143.83,17.08,4,297.62,18 / 20,3648210,2019-09-06 20:20:53:953,0.7169,-0.0253,10.3591,-0.0073,0.0043,9.8066,0.0974,0.0614,-0.0369,8,-37.69,1.94,125.1,-81.03,-166.89
52.389664,-1.544977,143.83,17.08,4,297.62,18 / 20,3648310,2019-09-06 20:20:54:053,-0.3307,0.5508,9.8225,-0.0016,-0.0102,9.8066,0.019,-0.0505,0.0603,7.69,-37.69,1.19,129.69,-81.03,-167.56
52.389664,-1.544977,143.83,17.08,4,297.62,18 / 19,3648409,2019-09-06 20:20:54:152,0.4181,-0.8533,9.2016,-0.0028,0.0064,9.8066,0.0153,-0.0493,-0.0074,7.75,-37.75,1.19,129.62,-81.07,-167.52
52.389664,-1.544977,143.83,17.08,4,297.62,18 / 19,3648510,2019-09-06 20:20:54:253,1.0027,-0.8496,9.3405,0.0169,-0.0127,9.8066,-0.0407,0.0183,-0.0035,8,-37.31,1.56,123.2,-81.32,-167.3
52.389664,-1.544977,143.83,17.08,4,297.62,18 / 19,3648609,2019-09-06 20:20:54:352,0.6678,-0.0896,9.2192,0.0119,0.0002,9.8066,0.0132,0.0041,-0.0054,8.44,-37.62,1.25,128.76,-81.44,-167.21
52.389664,-1.544977,143.83,17.08,4,297.62,18 / 19,3648710,2019-09-06 20:20:54:453,-0.5887,-0.1739,9.383,-0.0052,0.0037,9.8066,-0.1329,-0.0289,0.037,8.13,-37.75,1.25,128.79,-81.53,-166.79
52.389664,-1.544977,143.83,17.08,4,297.62,18 / 19,3648810,2019-09-06 20:20:54:553,1.3204,-0.9441,9.4169,-0.0041,0.0081,9.8066,0.0582,-0.0131,0.0488,7.94,-37.44,0.75,128.41,-81.6,-166.1
52.389664,-1.544977,143.83,17.08,4,297.62,18 / 19,3648910,2019-09-06 20:20:54:653,0.5871,-0.6311,10.071,0.0176,-0.0004,9.8066,0.0694,-0.044,-0.015,7.69,-37.12,1.06,129.1,-81.57,-165.17
52.389664,-1.544977,143.83,17.08,4,297.62,18 / 19,3649010,2019-09-06 20:20:54:753,0.0547,0.0038,10.4575,0.0123,0.0007,9.8066,-0.0199,0.0284,-0.0063,7.75,-37.06,1.5,124.54,-81.56,-164.27
52.389664,-1.544977,143.83,17.08,4,297.62,18 / 19,3649110,2019-09-06 20:20:54:853,0.2167,0.1744,9.2902,-0.0006,0.0006,9.8066,0.0076,0.0094,0.0197,8.06,-37.62,0.5,130.39,-81.57,-164.14
52.389664,-1.544977,143.83,17.08,4,297.62,18 / 19,3649209,2019-09-06 20:20:54:952,0.5672,0.0144,9.1374,-0.0025,-0.0051,9.8066,0.0399,-0.0437,0.0127,7.94,-36.87,0.94,129.85,-81.5,-164.32
52.389664,-1.544977,143.83,17.08,4,297.62,18 / 19,3649309,2019-09-06 20:20:55:052,-0.1563,0.5185,9.405,0.0389,-0.0206,9.8064,0.0758,-0.0099,0.0302,7.69,-36.87,0.81,129.81,-81.68,-163.65
52.389664,-1.544977,143.83,17.08,4,297.62,18 / 21,3649409,2019-09-06 20:20:55:152,0.4262,0.7544,9.7862,0.0222,-0.0073,9.8065,-0.0223,-0.0169,-0.0035,8.06,-37.06,1.13,129.89,-81.72,-163.36
52.389664,-1.544977,143.83,17.08,4,297.62,18 / 21,3649510,2019-09-06 20:20:55:253,0.6764,0.0233,9.5306,-0.0035,0.0035,9.8066,-0.007,-0.0138,-0.0677,7.56,-36.94,0.44,134.93,-81.73,-163.04
52.389664,-1.544977,143.83,17.08,4,297.62,18 / 21,3649610,2019-09-06 20:20:55:353,-0.696,0.2004,9.1408,0.0058,-0.019,9.8065,-0.0433,-0.0997,0.032,8.25,-36.5,1.13,128.79,-81.78,-163.83
52.389664,-1.544977,143.83,17.08,4,297.62,18 / 21,3649710,2019-09-06 20:20:55:453,0.9583,0.2666,9.6693,-0.002,-0.0031,9.8066,-0.0493,-0.0301,-0.0656,8.19,-37.31,0.13,134.03,-81.82,-164.06
52.389664,-1.544977,143.83,17.08,4,297.62,18 / 21,3649810,2019-09-06 20:20:55:553,-0.0375,0.5927,10.0271,0.0149,-0.0195,9.8065,-0.0638,-0.0838,0.0706,8.25,-37,0.44,133.25,-81.98,-164.67
52.389664,-1.544977,143.83,17.08,4,297.62,18 / 21,3649910,2019-09-06 20:20:55:653,-0.0873,0.1834,9.9519,-0.0415,0.0133,9.8065,-0.0552,-0.0132,-0.0037,7.94,-37.31,0.56,127.64,-81.99,-165.61
52.389664,-1.544977,143.83,17.08,4,297.62,18 / 21,3650010,2019-09-06 20:20:55:753,0.2231,-1.085,9.6678,0.0139,-0.0245,9.8066,0.1788,-0.0861,0.0303,8.44,-37.5,0.31,132.91,-81.55,-166.83
52.389664,-1.544977,143.83,17.08,4,297.62,18 / 21,3650110,2019-09-06 20:20:55:853,0.3706,1.1004,11.078,0.0422,-0.0263,9.8064,0.2259,-0.0936,0.0107,8.63,-36.75,0.63,125.24,-81.72,-167.09
52.389664,-1.544977,143.83,17.08,4,297.62,18 / 21,3650210,2019-09-06 20:20:55:953,-0.9162,0.5529,10.2355,0.0629,-0.0429,9.8063,-0.2893,0.0043,-0.0526,8.19,-37.31,0.13,132.01,-81.84,-167.08
52.389664,-1.544977,143.83,17.08,4,297.62,18 / 21,3650309,2019-09-06 20:20:56:052,-0.4545,-0.4922,9.6801,-0.075,0.0154,9.8063,-0.1742,-0.0217,0.0612,8.31,-37.06,0.19,131.62,-81.52,-168.94
52.390404,-1.547066,145.14,18.34,4,303.13,18 / 20,3650410,2019-09-06 20:20:56:153,-0.4075,-0.8792,8.8998,-0.0547,0.0121,9.8065,0.0277,-0.0183,0.0595,8.38,-36.87,-0.69,135.67,-81.57,-169.35
52.390404,-1.547066,145.14,18.34,4,303.13,18 / 20,3650509,2019-09-06 20:20:56:252,0.6181,-1.0298,9.4999,0.0281,0.0005,9.8066,0.0067,0.0074,-0.0396,8.31,-37.06,0.06,131.39,-81.75,-168.35
52.390404,-1.547066,145.14,18.34,4,303.13,18 / 20,3650609,2019-09-06 20:20:56:352,0.4913,-0.0395,10.1209,0.0306,-0.0133,9.8065,0.0247,0.01,0.0413,7.94,-37.19,0.13,131.77,-81.72,-167.9
52.390404,-1.547066,145.14,18.34,4,303.13,18 / 20,3650710,2019-09-06 20:20:56:453,0.4208,0.3092,10.0685,0.0275,-0.0116,9.8065,0.2043,-0.0119,0.0078,7.94,-37.19,0,132.02,-81.71,-167.55
52.390404,-1.547066,145.14,18.34,4,303.13,18 / 20,3650809,2019-09-06 20:20:56:552,-2.421,0.917,9.1184,0.0376,-0.0246,9.8065,-0.2537,-0.0827,-0.0548,7.88,-37.31,0.25,132.29,-81.68,-167.28
52.390404,-1.547066,145.14,18.34,4,303.13,18 / 20,3650910,2019-09-06 20:20:56:653,-0.3647,-0.2508,9.5433,-0.005,-0.0023,9.8066,-0.069,0.0104,-0.0276,7.75,-36.62,0,131.82,-81.57,-168.44
52.390404,-1.547066,145.14,18.34,4,303.13,18 / 20,3651009,2019-09-06 20:20:56:752,0.1478,0.08,10.9843,0.0103,-0.0159,9.8066,0.0977,-0.0368,0.0235,8.06,-36.25,0.38,130.46,-81.69,-169.1
52.390404,-1.547066,145.14,18.34,4,303.13,18 / 20,3651110,2019-09-06 20:20:56:853,-0.3472,-0.7683,9.9356,-0.0114,-0.0027,9.8066,0.0005,0.019,-0.0477,7.63,-36.06,-0.12,130.17,-81.6,-169.87
52.390404,-1.547066,145.14,18.34,4,303.13,18 / 20,3651209,2019-09-06 20:20:56:952,0.0377,0.0362,9.6193,-0.0131,0.001,9.8066,-0.0143,-0.0186,-0.0095,8.06,-37.06,0.06,130.45,-81.63,-170.28
52.390404,-1.547066,145.14,18.34,4,303.13,18 / 20,3651309,2019-09-06 20:20:57:052,0.1898,0.4779,9.48,0.0004,0.0047,9.8066,-0.1023,0.0119,-0.0769,7.81,-37.56,-0.06,130.87,-81.71,-170.25
52.390404,-1.547066,145.14,18.34,4,303.13,18 / 20,3651409,2019-09-06 20:20:57:152,0.7767,-0.106,10.0089,0.0115,0.0044,9.8066,-0.0901,-0.0395,-0.0071,7.13,-36.87,0.31,133.28,-81.84,-169.72
52.390404,-1.547066,145.14,18.34,4,303.13,18 / 20,3651510,2019-09-06 20:20:57:253,0.032,-0.1967,9.5897,-0.0031,0.0039,9.8066,0.0366,-0.0216,0.0077,7.69,-36.75,0.81,125.18,-81.92,-169.5
52.390404,-1.547066,145.14,18.34,4,303.13,18 / 20,3651610,2019-09-06 20:20:57:353,-0.6468,0.5855,10.1004,0.0049,0.0049,9.8066,0.0778,-0.0095,0.0221,8.19,-36.5,-0.31,129.72,-81.94,-169.23
52.390404,-1.547066,145.14,18.34,4,303.13,18 / 20,3651709,2019-09-06 20:20:57:452,0.5294,0.2875,9.987,0.0054,-0.001,9.8066,-0.1032,0.0159,0.0029,8.38,-36.25,0.63,124.82,-82.01,-168.63
52.390404,-1.547066,145.14,18.34,4,303.13,18 / 20,3651809,2019-09-06 20:20:57:552,-0.0477,-0.0915,9.5771,0.002,0.0022,9.8066,-0.0335,-0.0211,0.046,8.06,-36.75,0.19,130.68,-82.03,-168.31
52.390404,-1.547066,145.14,18.34,4,303.13,18 / 20,3651910,2019-09-06 20:20:57:653,-0.3497,0.2376,9.372,-0.0064,0.0058,9.8066,-0.0041,0.0453,0.0135,8.44,-36.81,0.5,125.98,-82.06,-167.73
52.390404,-1.547066,145.14,18.34,4,303.13,18 / 20,3652010,2019-09-06 20:20:57:753,0.4915,0.6987,10.015,0.0109,0.0039,9.8065,0.0514,-0.0954,0.0831,8.19,-37,0,131.38,-82.19,-166.67
52.390404,-1.547066,145.14,18.34,4,303.13,18 / 20,3652110,2019-09-06 20:20:57:853,0.0099,0.8715,10.1866,0.0092,0.0135,9.8066,-0.081,0.0284,-0.0328,7.94,-36.94,0.63,127.45,-82.17,-165.12
52.390404,-1.547066,145.14,18.34,4,303.13,18 / 20,3652210,2019-09-06 20:20:57:953,-0.1521,-0.0849,9.5302,0.0014,0.0118,9.8066,-0.0174,-0.0184,0.0541,8.25,-37.19,0.56,127.75,-82.11,-164.92
52.390404,-1.547066,145.14,18.34,4,303.13,18 / 20,3652310,2019-09-06 20:20:58:053,0.1885,-0.4427,9.9179,0.0258,-0.0087,9.8065,0.065,0.0013,0.0056,8.06,-37.06,0.94,128.52,-82.12,-163.77
52.390404,-1.547066,145.14,18.34,4,303.13,19 / 20,3652410,2019-09-06 20:20:58:153,-0.383,0.4451,10.0341,-0.0239,0.0095,9.8065,-0.0529,-0.0366,0.0577,7.81,-37.12,0.25,133.77,-81.94,-164.01
52.390404,-1.547066,145.14,18.34,4,303.13,19 / 20,3652509,2019-09-06 20:20:58:252,1.1203,-0.6568,9.5132,-0.0075,-0.002,9.8066,-0.0484,-0.0064,-0.0493,8.06,-37.31,0.06,133.39,-82.09,-164.05
52.390404,-1.547066,145.14,18.34,4,303.13,19 / 20,3652610,2019-09-06 20:20:58:353,1.0361,0.2284,10.5166,0.0079,-0.0132,9.8066,-0.0563,-0.0398,-0.0165,8,-37.62,0.56,128.47,-82.25,-164.2
52.390404,-1.547066,145.14,18.34,4,303.13,19 / 20,3652710,2019-09-06 20:20:58:453,0.6886,0.3682,10.3606,0.0595,-0.0322,9.8064,0.0899,-0.0397,0.0679,8.06,-37.12,0.13,132.12,-82.55,-164.2
52.390404,-1.547066,145.14,18.34,4,303.13,19 / 20,3652810,2019-09-06 20:20:58:553,-0.0936,1.4615,10.2593,-0.0483,0.0306,9.8064,-0.0055,-0.0562,0.057,8.13,-37.62,0.25,132.79,-82.58,-163.87
52.390404,-1.547066,145.14,18.34,4,303.13,19 / 20,3652910,2019-09-06 20:20:58:653,1.4612,-0.4395,8.6463,0.0446,-0.0241,9.8065,0.0342,-0.0475,-0.0765,7.31,-37.37,-0.06,135.68,-82.3,-163.85
52.390404,-1.547066,145.14,18.34,4,303.13,19 / 20,3653010,2019-09-06 20:20:58:753,0.4498,0.0919,8.759,0.0446,-0.0228,9.8065,-0.0896,0.0239,0.038,8.06,-37.69,-0.94,137.92,-82.46,-163.55
52.390404,-1.547066,145.14,18.34,4,303.13,19 / 20,3653110,2019-09-06 20:20:58:853,0.2343,-0.0573,9.7687,0.0297,-0.0102,9.8066,-0.0274,0.0393,0.0217,7.75,-37.19,-0.25,132.9,-82.51,-163.19
52.390404,-1.547066,145.14,18.34,4,303.13,19 / 20,3653209,2019-09-06 20:20:58:952,-1.1274,-0.0333,9.8339,-0.0361,0.0223,9.8065,-0.0314,-0.0297,-0.0617,8.13,-37.19,-0.37,133.68,-82.34,-162.67
52.390404,-1.547066,145.14,18.34,4,303.13,19 / 20,3653310,2019-09-06 20:20:59:053,0.3632,0.4414,9.4745,-0.0314,0.0115,9.8066,0.0391,-0.004,-0.0091,7.75,-37.31,-0.75,138.29,-82.37,-162.58
52.390404,-1.547066,145.14,18.34,4,303.13,19 / 20,3653409,2019-09-06 20:20:59:152,0.4448,-1.168,9.2252,0.0372,-0.0158,9.8065,-0.0175,-0.0531,-0.0144,7.44,-37.56,-0.94,141.46,-82.37,-162.9
52.390404,-1.547066,145.14,18.34,4,303.13,19 / 20,3653510,2019-09-06 20:20:59:253,-0.6456,-0.1899,8.9946,-0.0303,0.0038,9.8066,-0.0712,0.0205,0.0902,7.5,-37.12,-0.37,133.74,-82.57,-161.74
52.390404,-1.547066,145.14,18.34,4,303.13,19 / 20,3653610,2019-09-06 20:20:59:353,-0.0217,0.0147,9.8175,-0.0061,0.0208,9.8066,0.0446,-0.0016,-0.0108,7.88,-37.31,-0.44,134.04,-82.56,-161.32
52.390404,-1.547066,145.14,18.34,4,303.13,19 / 20,3653710,2019-09-06 20:20:59:453,0.2129,-0.2641,10.0379,0.0105,-0.0126,9.8066,-0.1661,-0.0905,0.0441,7.63,-37.5,-0.62,138.92,-82.5,-161.23
52.390404,-1.547066,145.14,18.34,4,303.13,19 / 20,3653809,2019-09-06 20:20:59:552,-0.3259,-0.0962,9.7221,0.0056,-0.0064,9.8066,-0.0382,0.0474,-0.0439,7.13,-36.81,-0.87,141.52,-82.57,-161.35
52.390404,-1.547066,145.14,18.34,4,303.13,19 / 20,3653910,2019-09-06 20:20:59:653,-1.3806,0.9284,9.4311,0.0081,-0.0123,9.8066,-0.0185,-0.0007,-0.0742,7.56,-36.44,-0.87,137.68,-82.62,-162.03
52.390404,-1.547066,145.14,18.34,4,303.13,19 / 20,3654010,2019-09-06 20:20:59:753,-0.5071,-0.1459,9.4081,0.0052,-0.0207,9.8066,-0.0531,-0.0312,-0.0077,7.69,-37,-1.06,138.17,-82.43,-162.57
52.390404,-1.547066,145.14,18.34,4,303.13,19 / 20,3654109,2019-09-06 20:20:59:852,0.5413,-0.0586,9.8221,-0.0036,0.0037,9.8065,0.0886,-0.0077,0.0104,7.75,-36.87,-1.06,137.44,-82.54,-163.31
52.390404,-1.547066,145.14,18.34,4,303.13,19 / 20,3654210,2019-09-06 20:20:59:953,0.516,0.1457,10.2717,0.0055,0.0108,9.8065,0.0221,0.0105,0.0008,7.75,-37.06,-1.12,137.7,-82.54,-162.92
52.390404,-1.547066,145.14,18.34,4,303.13,19 / 20,3654309,2019-09-06 20:21:00:052,-0.9264,0.4562,10.1543,-0.0025,0.0043,9.8066,0.0438,-0.014,-0.02,7.06,-37,-0.87,140.63,-82.56,-162.81
52.390404,-1.547066,145.14,18.34,4,303.13,19 / 20,3654410,2019-09-06 20:21:00:153,-0.2162,-0.4304,9.7312,-0.0064,0.0003,9.8066,-0.0026,0.0041,-0.0158,7.31,-37.19,-0.75,140.66,-82.51,-162.94
52.390404,-1.547066,145.14,18.34,4,303.13,19 / 20,3654510,2019-09-06 20:21:00:253,0.7512,0.8879,10.0881,0.0147,-0.0018,9.8066,0.0363,0.0156,-0.0372,7.13,-37.56,-1.37,141.1,-82.58,-162.73
52.390404,-1.547066,145.14,18.34,4,303.13,19 / 20,3654610,2019-09-06 20:21:00:353,-0.5238,0.3194,10.4711,0.0013,-0.0042,9.8066,0.1023,-0.0018,0.0039,7.56,-37.81,-0.62,138.24,-82.55,-162.76
52.390404,-1.547066,145.14,18.34,4,303.13,19 / 20,3654709,2019-09-06 20:21:00:452,-1.0356,2.1741,10.1042,-0.0125,0.0047,9.8066,0.063,0.0363,0.0262,7.88,-37.69,-0.37,133.66,-82.48,-162.95
52.390404,-1.547066,145.14,18.34,4,303.13,19 / 20,3654810,2019-09-06 20:21:00:553,-1.5943,-0.8833,9.5526,-0.0056,0.0212,9.8066,-0.0156,0.0219,-0.0461,7.63,-38,-0.75,138.62,-82.46,-162.49
52.390404,-1.547066,145.14,18.34,4,303.13,19 / 20,3654910,2019-09-06 20:21:00:653,-0.6199,2.1677,9.8831,0.0065,-0.026,9.8065,-0.0418,0.0341,-0.0369,7.69,-37.25,-1.12,137.84,-82.59,-162.54
52.390404,-1.547066,145.14,18.34,4,303.13,19 / 20,3655009,2019-09-06 20:21:00:752,-1.7832,1.6959,9.0524,0.0249,-0.0273,9.8065,0.1417,-0.1049,0.0589,7.56,-37.87,-0.81,138.66,-82.68,-161.7
52.390404,-1.547066,145.14,18.34,4,303.13,19 / 20,3655109,2019-09-06 20:21:00:852,0.1794,1.1857,9.8861,0.028,0.0023,9.8066,-0.0979,0.0263,-0.0551,7.06,-38.12,-0.94,142.32,-82.54,-160.91
52.390404,-1.547066,145.14,18.34,4,303.13,19 / 20,3655209,2019-09-06 20:21:00:952,0.957,-0.5794,10.2082,-0.006,-0.0046,9.8065,-0.0577,-0.0662,0.0295,7.06,-37.12,-1.87,146.12,-82.56,-161.18
52.390404,-1.547066,145.14,18.34,4,303.13,19 / 20,3655310,2019-09-06 20:21:01:053,0.1996,-0.5455,10.2126,0.0118,-0.0139,9.8066,-0.0195,0.0538,0.0111,7.38,-37.5,-1.62,145.66,-82.62,-161.73
52.390404,-1.547066,145.14,18.34,4,303.13,18 / 19,3655409,2019-09-06 20:21:01:152,-1.2582,-0.7902,9.5368,-0.0244,0.0082,9.8066,0.0391,-0.1264,0.063,7.63,-37.62,-1.25,139.17,-82.5,-161.51
52.390404,-1.547066,145.14,18.34,4,303.13,18 / 19,3655510,2019-09-06 20:21:01:253,0.5299,0.9734,10.0356,0.0384,-0.0213,9.8065,0.0268,0.0067,-0.032,7.13,-37.56,-1.44,142.67,-82.45,-160.67
52.390404,-1.547066,145.14,18.34,4,303.13,18 / 19,3655609,2019-09-06 20:21:01:352,-0.7506,0.6099,9.0665,0.0079,-0.0072,9.8066,-0.2376,0.0585,-0.0473,7.5,-37.75,-1,139.48,-82.68,-160.47
52.390404,-1.547066,145.14,18.34,4,303.13,18 / 19,3655710,2019-09-06 20:21:01:453,-0.1182,1.2579,9.5781,-0.0046,-0.0057,9.8066,-0.0583,-0.1032,0.1178,6.88,-37.31,-1.19,141.25,-82.65,-161.53
52.390404,-1.547066,145.14,18.34,4,303.13,18 / 19,3655809,2019-09-06 20:21:01:552,0.0509,-0.1817,9.9614,0.0213,0.0045,9.8066,0.0421,-0.0683,-0.0334,7.06,-37.06,-1.56,146.54,-82.72,-160.04
52.390404,-1.547066,145.14,18.34,4,303.13,18 / 19,3655909,2019-09-06 20:21:01:652,-0.4544,0.3817,9.2252,-0.0104,0.0029,9.8066,-0.0253,0.0158,-0.0034,7,-37,-1.44,141.63,-82.72,-160.67
52.390404,-1.547066,145.14,18.34,4,303.13,18 / 19,3656009,2019-09-06 20:21:01:752,-0.0604,-0.1966,9.5345,0.0172,-0.0183,9.8066,-0.006,0.0797,0.0242,7,-36.56,-1.44,141.44,-82.77,-160.77
52.390404,-1.547066,145.14,18.34,4,303.13,18 / 19,3656110,2019-09-06 20:21:01:853,-0.9231,0.9838,9.8149,-0.0152,0.0113,9.8066,-0.0314,-0.0286,-0.0278,7.25,-36.19,-1.19,141.15,-82.84,-160.31
52.390404,-1.547066,145.14,18.34,4,303.13,18 / 19,3656210,2019-09-06 20:21:01:953,0.9333,0.3695,10.1225,-0.0033,-0.0044,9.8066,-0.1064,0.0801,-0.031,7.25,-36.81,-1.37,141.4,-82.85,-160.57
52.390404,-1.547066,145.14,18.34,4,303.13,18 / 19,3656310,2019-09-06 20:21:02:053,0.179,0.0915,9.9003,-0.0175,0.001,9.8066,-0.0008,-0.0383,0.1589,6.69,-36.94,-1.25,140.81,-82.9,-161.29
52.390404,-1.547066,145.14,18.34,4,303.13,17 / 20,3656410,2019-09-06 20:21:02:153,0.5869,1.167,9.6612,-0.0002,0.0175,9.8066,-0.0501,-0.0008,-0.0673,6.88,-37.31,-1.56,146.13,-82.87,-160.24
52.390404,-1.547066,145.14,18.34,4,303.13,17 / 20,3656510,2019-09-06 20:21:02:253,-0.4866,-0.6856,8.7179,0.0081,0.011,9.8066,0.0173,0.0092,-0.0604,6.38,-37,-1.75,149.88,-82.89,-159.71
52.390404,-1.547066,145.14,18.34,4,303.13,17 / 20,3656610,2019-09-06 20:21:02:353,0.5744,0.0481,9.4462,-0.0209,0.0077,9.8066,0.1401,0.0087,0.0721,6.63,-37.44,-1.81,147.02,-82.79,-159.08
52.390404,-1.547066,145.14,18.34,4,303.13,17 / 20,3656709,2019-09-06 20:21:02:452,0.1624,0.7244,10.945,0.0175,-0.0097,9.8065,0.0516,-0.0214,-0.0312,6.56,-37.94,-1.94,147.28,-82.88,-158.97
52.390404,-1.547066,145.14,18.34,4,303.13,17 / 20,3656809,2019-09-06 20:21:02:552,1.0751,0.9201,10.7215,0.0104,-0.0252,9.8066,-0.0231,0.0613,-0.0644,6.69,-37.87,-1.87,146.61,-82.9,-159.97
52.390404,-1.547066,145.14,18.34,4,303.13,17 / 20,3656909,2019-09-06 20:21:02:652,0.6377,-0.4726,10.1898,-0.0134,-0.004,9.8066,0.0109,-0.0164,0.0035,6.81,-37.69,-1.94,145.52,-82.82,-161.94
52.390404,-1.547066,145.14,18.34,4,303.13,17 / 20,3657010,2019-09-06 20:21:02:753,0.6005,0.9595,9.8294,0.0068,-0.016,9.8066,0.0084,-0.0674,0.0496,6.44,-37.75,-2.12,148.65,-82.87,-162.48
52.390404,-1.547066,145.14,18.34,4,303.13,17 / 20,3657110,2019-09-06 20:21:02:853,-0.3326,-0.5022,9.5565,0.002,0.0058,9.8066,-0.0384,0.0296,-0.0383,7,-37.69,-1.94,145.07,-82.94,-162.29
52.390404,-1.547066,145.14,18.34,4,303.13,17 / 20,3657209,2019-09-06 20:21:02:952,0.8986,-0.4142,9.6138,-0.0009,-0.0041,9.8066,-0.0012,-0.0247,0.0586,7.13,-37.62,-1.81,145.31,-83.01,-161.69
52.390404,-1.547066,145.14,18.34,4,303.13,17 / 20,3657310,2019-09-06 20:21:03:053,0.7063,0.3591,9.8202,0.0116,-0.004,9.8066,0.0205,-0.0551,0.0456,6.5,-38.12,-2.06,145.91,-82.95,-160.95
52.390404,-1.547066,145.14,18.34,4,303.13,17 / 20,3657409,2019-09-06 20:21:03:152,0.9044,-0.5496,10.1607,0.0265,-0.0049,9.8066,0.0087,-0.0744,0.0028,6.81,-38,-2.25,146.55,-82.88,-160.14
52.390404,-1.547066,145.14,18.34,4,303.13,17 / 20,3657509,2019-09-06 20:21:03:252,0.633,0.6228,10.426,-0.0134,0.0045,9.8066,0.0346,-0.1019,0.0114,6.75,-37.75,-2.19,146.85,-82.74,-160.09
52.390404,-1.547066,145.14,18.34,4,303.13,17 / 20,3657610,2019-09-06 20:21:03:353,1.6764,-0.4536,9.8097,0.0441,-0.0397,9.8064,0.0673,-0.072,0.011,6.38,-37.56,-2.5,150.27,-82.59,-160.63
52.390404,-1.547066,145.14,18.34,4,303.13,17 / 20,3657709,2019-09-06 20:21:03:452,0.4625,-0.5497,9.6333,0.046,-0.0405,9.8064,0.0136,-0.0387,-0.0408,6.5,-37.56,-1.87,146.49,-82.48,-161.47
52.390404,-1.547066,145.14,18.34,4,303.13,17 / 20,3657809,2019-09-06 20:21:03:552,-0.163,0.1044,9.3889,0.0211,-0.0132,9.8065,-0.0297,0.0226,0.0377,7.31,-37.5,-2.19,145.81,-82.75,-161.11
52.390404,-1.547066,145.14,18.34,4,303.13,17 / 20,3657910,2019-09-06 20:21:03:653,0.2183,0.0953,9.2536,0.0176,-0.0081,9.8066,-0.025,0.024,0.0666,6.5,-37.75,-1.75,146.26,-82.78,-160.89
52.390404,-1.547066,145.14,18.34,4,303.13,17 / 20,3658009,2019-09-06 20:21:03:752,-0.0937,0.2948,10.1803,0.0144,-0.0079,9.8065,0.0236,0.0359,-0.1386,6.25,-37.5,-2.56,153.58,-82.78,-160.81
52.390404,-1.547066,145.14,18.34,4,303.13,17 / 20,3658110,2019-09-06 20:21:03:853,1.1269,0.2598,9.7854,-0.0224,-0.0045,9.8066,0.0064,-0.0753,0.0156,6.63,-37.44,-2.37,145.39,-82.65,-162.06
52.390404,-1.547066,145.14,18.34,4,303.13,17 / 20,3658209,2019-09-06 20:21:03:952,-0.1421,-0.9995,9.9724,-0.0215,0.0177,9.8065,0.0188,-0.0715,0.0167,7.5,-37.25,-1.81,142.21,-82.55,-162.54
52.390404,-1.547066,145.14,18.34,4,303.13,18 / 20,3658310,2019-09-06 20:21:04:053,1.4008,0.0671,10.0005,0.0067,0.0103,9.8066,0.0501,0.0249,-0.0503,6.63,-37.31,-2.12,144.93,-82.56,-163.07
52.390404,-1.547066,145.14,18.34,4,303.13,18 / 20,3658410,2019-09-06 20:21:04:153,0.0775,-0.225,9.8809,0.0135,-0.021,9.8065,-0.052,0.0147,0.0731,6.75,-37.81,-1.94,145.55,-82.64,-162.47
52.390404,-1.547066,145.14,18.34,4,303.13,18 / 20,3658509,2019-09-06 20:21:04:252,1.1478,-0.524,9.3177,-0.0089,0.0142,9.8066,-0.0858,-0.0309,0.0181,6.19,-37.81,-2.12,149.6,-82.62,-161.66
52.390404,-1.547066,145.14,18.34,4,303.13,18 / 20,3658609,2019-09-06 20:21:04:352,1.8986,-0.7882,9.9351,-0.0179,0.0258,9.8065,0.0601,-0.0183,-0.0814,6.38,-37.94,-2.06,150.1,-82.54,-161.05
52.390404,-1.547066,145.14,18.34,4,303.13,18 / 20,3658709,2019-09-06 20:21:04:452,-0.2259,1.2478,9.4213,0.0017,-0.0122,9.8066,0.1033,-0.0508,0.0876,6.13,-37.62,-2.19,149.69,-82.71,-161.22
52.390404,-1.547066,145.14,18.34,4,303.13,18 / 20,3658810,2019-09-06 20:21:04:553,0.2965,-0.3469,9.7707,0.0069,0.0028,9.8066,-0.0956,-0.0901,0.0043,6.69,-37.94,-2.31,146.7,-82.7,-160.44
52.390404,-1.547066,145.14,18.34,4,303.13,18 / 20,3658910,2019-09-06 20:21:04:653,1.5437,-0.0498,10.4092,0.0069,-0.0031,9.8066,-0.0085,-0.0201,-0.0478,6.13,-38.25,-2.37,150.61,-82.59,-160
52.390404,-1.547066,145.14,18.34,4,303.13,18 / 20,3659009,2019-09-06 20:21:04:752,-0.7207,0.5971,9.6206,-0.0157,0.0043,9.8066,-0.0065,-0.1276,0.1099,6,-37.94,-1.56,150.29,-82.5,-160.86
52.390404,-1.547066,145.14,18.34,4,303.13,18 / 20,3659110,2019-09-06 20:21:04:853,-0.3862,-0.0565,9.1458,-0.0011,0.0106,9.8066,-0.0864,0.0594,-0.0871,5.94,-38.06,-1.94,150.37,-82.41,-160.99
52.390404,-1.547066,145.14,18.34,4,303.13,18 / 20,3659209,2019-09-06 20:21:04:952,-0.1509,-0.3334,9.308,-0.0032,0.0052,9.8066,0.0361,-0.0578,0.0038,6.31,-37.87,-2.44,150.12,-82.5,-161.16
52.390404,-1.547066,145.14,18.34,4,303.13,18 / 20,3659310,2019-09-06 20:21:05:053,0.173,0.0929,9.3332,0.0022,-0.0016,9.8066,-0.0744,-0.0159,0.0096,6.38,-37.56,-2.5,150.11,-82.58,-160.93
52.391308,-1.549128,146.64,19.31,6,310.74,18 / 20,3659409,2019-09-06 20:21:05:152,1.0137,-1.2249,9.2131,0.0031,0.0039,9.8066,-0.0258,0.0303,-0.0189,5.88,-38.06,-2.75,154.26,-82.65,-160.5
52.391308,-1.549128,146.64,19.31,6,310.74,18 / 20,3659509,2019-09-06 20:21:05:252,1.621,1.0295,10.1276,-0.0025,0.0031,9.8066,-0.0148,-0.0912,0.1291,6.06,-38.37,-2.25,150.42,-82.63,-160.21
52.391308,-1.549128,146.64,19.31,6,310.74,18 / 20,3659609,2019-09-06 20:21:05:352,0.5297,-0.4459,9.5925,0.0244,-0.0018,9.8065,0.1643,-0.0324,-0.0855,6.19,-37.94,-2.69,155.04,-82.69,-159.07
52.391308,-1.549128,146.64,19.31,6,310.74,18 / 20,3659710,2019-09-06 20:21:05:453,0.8843,-0.7736,9.6549,0.0067,-0.0216,9.8065,0.1305,-0.0815,-0.022,5.88,-38.25,-2.62,154.85,-82.69,-159.4
52.391308,-1.549128,146.64,19.31,6,310.74,18 / 20,3659810,2019-09-06 20:21:05:553,-0.4156,-0.5037,9.9229,0.0083,-0.0112,9.8066,-0.0341,-0.0923,0.0308,6.25,-37.25,-2.94,154.24,-82.58,-160.19
52.391308,-1.549128,146.64,19.31,6,310.74,18 / 20,3659910,2019-09-06 20:21:05:653,0.5144,-0.6546,9.9308,0.0096,-0.0059,9.8066,0.057,-0.0814,-0.0363,5.75,-38.44,-2.56,154.5,-82.59,-160.24
52.391308,-1.549128,146.64,19.31,6,310.74,18 / 20,3660009,2019-09-06 20:21:05:752,-0.2535,-0.8153,9.7641,0.0016,0.018,9.8066,-0.0667,-0.1428,0.1364,5.31,-38.12,-3.06,158.81,-82.62,-159.64
52.391308,-1.549128,146.64,19.31,6,310.74,18 / 20,3660110,2019-09-06 20:21:05:853,0.8382,-1.6689,10.2787,-0.0254,0.0044,9.8065,-0.0706,0.0133,-0.0918,5.75,-38.37,-3.06,154.5,-82.62,-160.16
52.391308,-1.549128,146.64,19.31,6,310.74,18 / 20,3660210,2019-09-06 20:21:05:953,1.2156,-0.9625,10.5367,0.0261,-0.0187,9.8065,-0.034,-0.0034,0.0822,5.31,-38.56,-2.19,154.7,-82.53,-160.66
52.391308,-1.549128,146.64,19.31,6,310.74,18 / 20,3660310,2019-09-06 20:21:06:053,0.7476,-0.7836,9.5539,0.0086,-0.0062,9.8065,-0.0711,0.0228,-0.0292,5.94,-39.19,-2.37,150.95,-82.55,-160.19
52.391308,-1.549128,146.64,19.31,6,310.74,19 / 20,3660409,2019-09-06 20:21:06:152,-0.3439,0.6143,9.1808,-0.0048,0.0135,9.8066,0.0202,-0.0556,0.0045,4.88,-38.25,-2.81,158.97,-82.49,-159.65
52.391308,-1.549128,146.64,19.31,6,310.74,19 / 20,3660510,2019-09-06 20:21:06:253,0.4596,0.0182,9.7433,0.0026,0.0138,9.8066,0.0998,-0.0867,0.0795,5.75,-38.81,-2.44,151.83,-82.47,-158.87
52.391308,-1.549128,146.64,19.31,6,310.74,19 / 20,3660609,2019-09-06 20:21:06:352,1.814,-0.2892,10.3622,-0.014,0.025,9.8066,0.0468,-0.0787,-0.0008,5.25,-39,-3.44,160.15,-82.36,-158.25
52.391308,-1.549128,146.64,19.31,6,310.74,19 / 20,3660710,2019-09-06 20:21:06:453,1.6411,-0.7442,9.9404,0.0128,-0.0154,9.8065,-0.042,-0.0563,0.0347,5.38,-38.25,-2.62,160.38,-82.46,-157.12
52.391308,-1.549128,146.64,19.31,6,310.74,19 / 20,3660809,2019-09-06 20:21:06:552,1.8294,0.2083,10.4157,-0.0107,-0.0071,9.8066,-0.1139,0.0203,-0.1026,5.5,-38.25,-2.94,156.59,-82.5,-156.9
52.391308,-1.549128,146.64,19.31,6,310.74,19 / 20,3660909,2019-09-06 20:21:06:652,1.2416,-0.5524,9.9414,-0.0121,0.0279,9.8066,-0.0771,-0.0573,0.088,5.56,-38.06,-2.75,156.32,-82.48,-157.41
52.391308,-1.549128,146.64,19.31,6,310.74,19 / 20,3661010,2019-09-06 20:21:06:753,1.0794,0.4226,10.5399,-0.017,-0.0115,9.8066,0.0568,0.0065,-0.1459,5.31,-38.06,-3.19,159.63,-82.56,-158.28
52.391308,-1.549128,146.64,19.31,6,310.74,19 / 20,3661110,2019-09-06 20:21:06:853,0.2283,0.6787,10.0338,-0.0069,0.0176,9.8066,0.0035,-0.0492,0.0488,6.06,-38.19,-2.81,155.16,-82.58,-159.14
52.391308,-1.549128,146.64,19.31,6,310.74,19 / 20,3661210,2019-09-06 20:21:06:953,0.8628,-1.0361,10.1414,-0.0202,0.0032,9.8066,-0.0025,-0.0702,-0.0367,6.19,-37.56,-3.69,158.45,-82.42,-159.87
52.391308,-1.549128,146.64,19.31,6,310.74,19 / 20,3661310,2019-09-06 20:21:07:053,0.6397,-0.6303,9.8713,-0.0056,-0.0084,9.8066,-0.0677,-0.0164,-0.0392,5.88,-37.81,-3.12,154.37,-82.55,-160.57
52.391308,-1.549128,146.64,19.31,6,310.74,18 / 19,3661410,2019-09-06 20:21:07:153,0.6047,0.5995,9.3974,0.0077,-0.0107,9.8066,0.0366,0.0151,-0.0194,6.06,-37.56,-3.44,154.7,-82.52,-160.08
52.391308,-1.549128,146.64,19.31,6,310.74,18 / 19,3661509,2019-09-06 20:21:07:252,0.5316,-1.3165,10.2446,-0.001,0.005,9.8066,-0.0288,0.0427,-0.0446,5.88,-37.94,-3.69,158.13,-82.63,-160
52.391308,-1.549128,146.64,19.31,6,310.74,18 / 19,3661611,2019-09-06 20:21:07:354,-0.2192,-0.3832,10.0043,-0.0063,-0.0099,9.8065,0.0265,-0.0713,-0.011,5.88,-37.94,-3.25,154.62,-82.6,-160.01
52.391308,-1.549128,146.64,19.31,6,310.74,18 / 19,3661710,2019-09-06 20:21:07:453,0.5269,1.0682,9.8175,-0.0063,0.0029,9.8066,-0.0559,0.008,-0.0275,6.06,-37.5,-3.25,153.82,-82.52,-161.05
52.391308,-1.549128,146.64,19.31,6,310.74,18 / 19,3661810,2019-09-06 20:21:07:553,0.6199,-0.9606,9.4391,0.0005,0.0081,9.8066,-0.0193,-0.0511,0.0543,5.88,-37.44,-3.31,154.56,-82.48,-159.9
52.391308,-1.549128,146.64,19.31,6,310.74,18 / 19,3661910,2019-09-06 20:21:07:653,-0.0471,-0.6447,10.1253,-0.0065,-0.0067,9.8066,-0.0514,0.0482,-0.066,5.69,-37.31,-3,154.25,-82.61,-160.11
52.391308,-1.549128,146.64,19.31,6,310.74,18 / 19,3662010,2019-09-06 20:21:07:753,1.4453,0.9015,9.8054,-0.0129,0.0002,9.8066,0.0944,0.0386,-0.0759,5.81,-38.12,-3.56,158.57,-82.69,-159.16
52.391308,-1.549128,146.64,19.31,6,310.74,18 / 19,3662110,2019-09-06 20:21:07:853,0.1591,-0.0902,9.726,0.0086,0.0015,9.8066,0.0439,-0.0346,0.0719,5.56,-37.62,-4.19,157.95,-82.73,-160.09
52.391308,-1.549128,146.64,19.31,6,310.74,18 / 19,3662209,2019-09-06 20:21:07:952,0.6791,-0.2196,9.974,-0.0107,-0.0009,9.8066,-0.0022,-0.0673,0.0696,5.38,-37.44,-3.87,162.2,-82.65,-159.4
52.391308,-1.549128,146.64,19.31,6,310.74,18 / 19,3662309,2019-09-06 20:21:08:052,1.2154,0.3299,10.0367,0.0017,0.0021,9.8066,-0.0177,-0.0211,0.0022,5.5,-37.69,-3.62,158.23,-82.71,-159.68
52.391308,-1.549128,146.64,19.31,6,310.74,19 / 21,3662410,2019-09-06 20:21:08:153,-0.3152,-0.3189,10.0426,-0.0022,-0.01,9.8066,0.0138,0.0022,-0.0452,5.69,-37.87,-3.75,158.3,-82.78,-159.42
52.391308,-1.549128,146.64,19.31,6,310.74,19 / 21,3662509,2019-09-06 20:21:08:252,-0.3529,0.456,9.9562,0.0117,-0.0042,9.8065,0.0735,-0.0024,0.0284,5.63,-37.5,-3.25,154.47,-82.76,-159.37
52.391308,-1.549128,146.64,19.31,6,310.74,19 / 21,3662610,2019-09-06 20:21:08:353,0.3764,0.13,9.6393,-0.0356,0.0286,9.8065,-0.1162,-0.0419,-0.0303,5.44,-37.37,-3.12,158.52,-82.79,-159.25
52.391308,-1.549128,146.64,19.31,6,310.74,19 / 21,3662709,2019-09-06 20:21:08:452,0.0233,-0.3941,9.6937,-0.0175,0.0211,9.8066,-0.0208,-0.0154,0.0191,5.56,-36.81,-3.69,157.99,-82.69,-159.71
52.391308,-1.549128,146.64,19.31,6,310.74,19 / 21,3662810,2019-09-06 20:21:08:553,0.2388,0.1688,9.2635,0.0233,-0.0243,9.8065,-0.0618,-0.0285,-0.0334,5.69,-37.19,-3.69,158.64,-82.92,-158.22
52.391308,-1.549128,146.64,19.31,6,310.74,19 / 21,3662910,2019-09-06 20:21:08:653,0.2431,-0.7962,9.628,0.0123,0,9.8066,0.0008,-0.0536,0.041,5.31,-36.69,-3.75,162.86,-82.93,-157.79
52.391308,-1.549128,146.64,19.31,6,310.74,19 / 21,3663010,2019-09-06 20:21:08:753,0.1467,-0.283,9.8021,0.0073,-0.0051,9.8066,0.0415,0.0285,-0.0296,5.31,-36.87,-4,163.25,-82.9,-157.16
52.391308,-1.549128,146.64,19.31,6,310.74,19 / 21,3663110,2019-09-06 20:21:08:853,0.5773,0.2247,9.4677,0.0074,0.0207,9.8066,0.0497,-0.0647,0.0535,4.81,-37.56,-3.69,164.19,-82.82,-156.02
52.391308,-1.549128,146.64,19.31,6,310.74,19 / 21,3663210,2019-09-06 20:21:08:953,0.4167,-0.7128,9.845,0.0052,-0.0018,9.8066,0.0113,0.0029,0.0069,5,-37.5,-3.69,164.04,-82.82,-155.97
52.391308,-1.549128,146.64,19.31,6,310.74,19 / 21,3663310,2019-09-06 20:21:09:053,-0.8935,0.5007,9.5933,0.0182,-0.01,9.8066,0.0209,-0.0175,0.0029,4.63,-37.44,-3.62,164.36,-82.84,-155.4
52.391308,-1.549128,146.64,19.31,6,310.74,20 / 21,3663409,2019-09-06 20:21:09:152,0.5804,-0.9289,10.4701,-0.0231,0.0224,9.8066,-0.2313,0.0322,-0.1073,4.75,-37.69,-4.06,163.96,-82.9,-156.27
52.391308,-1.549128,146.64,19.31,6,310.74,20 / 21,3663510,2019-09-06 20:21:09:253,0.6001,-0.326,10.5258,0.0058,-0.0128,9.8066,-0.084,-0.1267,0.0448,4.56,-37.62,-3.19,159.95,-82.88,-156.97
52.391308,-1.549128,146.64,19.31,6,310.74,20 / 21,3663609,2019-09-06 20:21:09:352,-0.8542,0.0237,9.8565,0.012,0.0096,9.8066,-0.0446,-0.0076,0.1153,4.81,-38.06,-3.37,160.01,-82.87,-156.88
52.391308,-1.549128,146.64,19.31,6,310.74,20 / 21,3663710,2019-09-06 20:21:09:453,0.3863,-0.3837,9.52,0.0237,-0.0269,9.8066,-0.1678,-0.0141,-0.0153,4.25,-37.12,-3.75,167.94,-82.83,-156.8
52.391308,-1.549128,146.64,19.31,6,310.74,20 / 21,3663809,2019-09-06 20:21:09:552,-0.0041,-1.1298,10.0696,0.0314,-0.0021,9.8065,0.1336,-0.0125,0.0724,4.44,-36.81,-3.94,169.13,-82.99,-154.45
52.391308,-1.549128,146.64,19.31,6,310.74,20 / 21,3663910,2019-09-06 20:21:09:653,0.7026,-1.2977,10.534,0.007,-0.0136,9.8066,0.1692,-0.0184,-0.0449,4.25,-36.62,-3.44,165.39,-82.99,-154.56
52.391308,-1.549128,146.64,19.31,6,310.74,20 / 21,3664009,2019-09-06 20:21:09:752,-0.4373,-0.4154,10.2506,-0.0023,0.012,9.8066,-0.023,-0.0098,0.0032,4.31,-37.37,-3.56,168.9,-82.93,-154.94
52.391308,-1.549128,146.64,19.31,6,310.74,20 / 21,3664110,2019-09-06 20:21:09:853,0.2436,0.0259,10.5909,0.0046,-0.0119,9.8066,-0.0228,0.0048,0.0045,4.38,-37.25,-3.94,168.72,-82.82,-155.4
52.391308,-1.549128,146.64,19.31,6,310.74,20 / 21,3664210,2019-09-06 20:21:09:953,-0.0077,-0.3519,9.5575,-0.0104,-0.0071,9.8066,-0.025,-0.0275,-0.0311,4.5,-36.44,-3.25,159.64,-82.82,-156.76
52.391308,-1.549128,146.64,19.31,6,310.74,20 / 21,3664310,2019-09-06 20:21:10:053,0.1533,-0.502,9.9724,0.0021,-0.0099,9.8066,-0.0418,-0.0379,0.0216,4.69,-36.44,-3.5,159.4,-82.94,-156.91
52.391308,-1.549128,146.64,19.31,6,310.74,19 / 20,3664409,2019-09-06 20:21:10:152,0.5857,-0.0967,9.7667,0.0241,-0.0381,9.8065,-0.0223,0.0328,-0.0431,4.94,-36.5,-3.31,159.17,-83.21,-156.72
52.391308,-1.549128,146.64,19.31,6,310.74,19 / 20,3664510,2019-09-06 20:21:10:253,0.1615,-0.956,9.6952,0.0073,-0.0067,9.8066,-0.0375,-0.0721,0.0427,5,-36,-3.56,163.1,-83.16,-156.68
52.391308,-1.549128,146.64,19.31,6,310.74,19 / 20,3664609,2019-09-06 20:21:10:352,0.0031,0.0477,9.0999,0.0222,-0.0218,9.8065,0.0484,-0.0977,0.0662,5.31,-36.31,-3.25,158.6,-83.14,-157.85
52.391308,-1.549128,146.64,19.31,6,310.74,19 / 20,3664709,2019-09-06 20:21:10:452,-0.0671,-0.9327,9.5559,0.0161,-0.0072,9.8066,-0.0248,0.0253,0.0088,5.31,-36,-3.37,159.08,-83.28,-156.71
52.391308,-1.549128,146.64,19.31,6,310.74,19 / 20,3664809,2019-09-06 20:21:10:552,0.696,-1.0553,10.4257,0.0177,-0.009,9.8066,-0.0436,-0.04,0.0533,5.81,-36,-3.62,159.96,-83.36,-155.02
52.391308,-1.549128,146.64,19.31,6,310.74,19 / 20,3664910,2019-09-06 20:21:10:653,0.0628,-2.4707,10.5277,0.0165,-0.0026,9.8065,-0.1497,0.0394,-0.056,5.94,-36.37,-3.62,159.11,-83.32,-156.41
52.391308,-1.549128,146.64,19.31,6,310.74,19 / 20,3665009,2019-09-06 20:21:10:752,-1.3081,1.0977,10.1255,0.0083,-0.0042,9.8066,-0.2004,0.0552,0.0295,5.13,-36.69,-3.81,164.02,-83.14,-155.48
52.391308,-1.549128,146.64,19.31,6,310.74,19 / 20,3665110,2019-09-06 20:21:10:853,0.1652,-0.2276,9.8428,-0.01,0.0187,9.8066,-0.256,-0.0552,0.1152,4.81,-37.31,-3.69,164.11,-83.03,-155.52
52.391308,-1.549128,146.64,19.31,6,310.74,19 / 20,3665210,2019-09-06 20:21:10:953,0.27,-1.5991,9.1405,0.008,-0.0115,9.8066,0.1374,0.0462,-0.0973,4.94,-37.62,-3.87,164.67,-83.18,-154.63
52.391308,-1.549128,146.64,19.31,6,310.74,19 / 20,3665309,2019-09-06 20:21:11:052,0.6331,-0.3784,9.4688,0.0087,0.0165,9.8065,0.1083,-0.0502,0.0365,5.19,-37.56,-3.94,165.16,-83.2,-153.77
52.391308,-1.549128,146.64,19.31,6,310.74,20 / 21,3665410,2019-09-06 20:21:11:153,-0.4643,-1.6491,9.4004,0.026,-0.0307,9.8065,0.1374,-0.08,0.057,5.31,-37.56,-3.94,165.25,-83.37,-153.36
52.391308,-1.549128,146.64,19.31,6,310.74,20 / 21,3665509,2019-09-06 20:21:11:252,-0.2251,-0.4286,10.0576,0.0262,-0.0378,9.8065,0.0914,0.0143,-0.0765,4.94,-37.25,-3.81,164.94,-83.35,-153.64
52.391308,-1.549128,146.64,19.31,6,310.74,20 / 21,3665610,2019-09-06 20:21:11:353,-0.1347,0.0902,10.3895,-0.0207,0.0208,9.8065,-0.1557,0.0101,-0.0391,5.44,-37.44,-3.69,164.81,-83.28,-153.95
52.391308,-1.549128,146.64,19.31,6,310.74,20 / 21,3665710,2019-09-06 20:21:11:453,0.9997,-0.3949,9.8113,-0.0032,0.003,9.8065,-0.1293,-0.0225,0.0544,5.31,-37.56,-3.81,165,-83.5,-153.58
52.391308,-1.549128,146.64,19.31,6,310.74,20 / 21,3665809,2019-09-06 20:21:11:552,2.033,-0.6959,9.741,-0.0055,-0.0072,9.8066,0.0963,0.0273,-0.0268,5.06,-37.56,-4.44,164.94,-83.55,-153.6
52.391308,-1.549128,146.64,19.31,6,310.74,20 / 21,3665910,2019-09-06 20:21:11:653,0.5662,-1.126,9.9917,-0.0068,0.016,9.8066,0.0891,-0.0175,0.009,5.63,-38.06,-3.87,161.18,-83.44,-153.62
52.391308,-1.549128,146.64,19.31,6,310.74,20 / 21,3666009,2019-09-06 20:21:11:752,-0.5806,-1.2632,10.1086,0.0192,-0.0159,9.8066,-0.0112,-0.0752,0.0787,5.31,-37.75,-3.87,164.7,-83.52,-154.05
52.391308,-1.549128,146.64,19.31,6,310.74,20 / 21,3666109,2019-09-06 20:21:11:852,-1.082,-1.6717,10.0936,-0.003,-0.0228,9.8066,-0.1115,0.1185,-0.0766,4.94,-38.44,-3.87,164.08,-83.5,-155.1
52.391308,-1.549128,146.64,19.31,6,310.74,20 / 21,3666210,2019-09-06 20:21:11:953,1.1517,-1.4487,10.2705,-0.0081,-0.0005,9.8066,0.0997,0.0719,-0.0475,5.31,-38,-3.69,163.91,-83.44,-155.49
52.391308,-1.549128,146.64,19.31,6,310.74,20 / 21,3666309,2019-09-06 20:21:12:052,1.9174,-0.7008,10.1041,0.0143,0.0067,9.8066,0.0353,-0.1349,0.1071,5.06,-38.06,-3.62,164.22,-83.43,-154.99
52.391308,-1.549128,146.64,19.31,6,310.74,20 / 21,3666409,2019-09-06 20:21:12:152,2.8055,-0.6552,9.5654,-0.0044,0.0074,9.8065,-0.0199,-0.0567,0.0902,5.19,-37.87,-4,164.37,-83.5,-154.63
52.391308,-1.549128,146.64,19.31,6,310.74,20 / 21,3666509,2019-09-06 20:21:12:252,-0.3241,-2.6626,10.2807,-0.0117,-0.0042,9.8066,-0.1815,0.1256,-0.1512,5.75,-37.62,-3.81,160.68,-83.43,-154.41
52.391308,-1.549128,146.64,19.31,6,310.74,20 / 21,3666610,2019-09-06 20:21:12:353,3.9525,-0.4843,10.0473,0.0102,-0.0099,9.8066,0.0944,0.097,-0.0845,4.94,-38.06,-4.19,164.73,-83.64,-153.82
52.391308,-1.549128,146.64,19.31,6,310.74,20 / 21,3666710,2019-09-06 20:21:12:453,2.8796,-0.8076,9.371,0.0351,-0.047,9.8065,0.1329,-0.1699,0.1703,4.94,-38.31,-3.75,163.83,-84,-154.69
52.391308,-1.549128,146.64,19.31,6,310.74,20 / 21,3666809,2019-09-06 20:21:12:552,-1.261,-1.6364,9.3345,-0.0165,0.0378,9.8065,0.01,-0.1452,0.1203,5.63,-37.81,-3.87,158.96,-83.63,-156.74
52.391308,-1.549128,146.64,19.31,6,310.74,20 / 21,3666910,2019-09-06 20:21:12:653,2.0147,-2.2019,9.3638,-0.0354,0.0329,9.8065,-0.077,0.1731,-0.1242,4.81,-38,-3.56,163.64,-83.47,-155.88
52.391308,-1.549128,146.64,19.31,6,310.74,20 / 21,3667009,2019-09-06 20:21:12:752,1.4918,-1.8368,10.1952,0.0296,-0.026,9.8065,0.0845,0.1619,-0.1248,4.75,-38.5,-3.5,161.36,-83.34,-153.48
52.391308,-1.549128,146.64,19.31,6,310.74,20 / 21,3667110,2019-09-06 20:21:12:853,1.844,-0.8638,10.4467,0.0241,0.0026,9.8066,0.0886,-0.2149,0.064,4.63,-38.75,-3.5,162.28,-83.55,-151.81
52.391308,-1.549128,146.64,19.31,6,310.74,20 / 21,3667210,2019-09-06 20:21:12:953,0.9399,-2.921,9.8306,0.0083,0.0098,9.8066,0.0305,-0.1498,0.0781,5,-38.44,-3.69,165.34,-83.59,-152.9
52.391308,-1.549128,146.64,19.31,6,310.74,20 / 21,3667309,2019-09-06 20:21:13:052,1.0833,-1.7148,9.9543,-0.0129,-0.0053,9.8066,0.032,-0.0367,0.0116,4.88,-38.44,-4.12,164.75,-83.54,-153.93
52.391308,-1.549128,146.64,19.31,6,310.74,19 / 20,3667410,2019-09-06 20:21:13:153,1.1062,-1.432,9.9701,-0.0035,-0.0085,9.8066,0.0049,0.0161,0.0094,5.25,-38,-3.87,164.44,-83.55,-154.43
52.391308,-1.549128,146.64,19.31,6,310.74,19 / 20,3667509,2019-09-06 20:21:13:252,1.4257,-1.7751,10.0102,-0.001,-0.0002,9.8066,0.0027,0.0133,-0.0208,4.88,-38.19,-4,164.48,-83.53,-154.38
52.391308,-1.549128,146.64,19.31,6,310.74,19 / 20,3667610,2019-09-06 20:21:13:353,0.2875,-0.9877,10.2357,0.0049,0.0006,9.8066,0.0188,-0.1136,-0.03,5.06,-38.12,-3.62,165.03,-83.56,-153.44
52.391308,-1.549128,146.64,19.31,6,310.74,19 / 20,3667709,2019-09-06 20:21:13:452,0.9198,-1.8259,10.1975,0.0037,-0.0106,9.8066,0.0567,-0.0919,0.0256,5.06,-37.75,-4.12,165.28,-83.61,-152.95
52.391308,-1.549128,146.64,19.31,6,310.74,19 / 20,3667809,2019-09-06 20:21:13:552,0.5419,-1.2319,9.7236,0.0034,-0.0148,9.8066,0.0094,0.0471,0.0024,5.38,-37.87,-4.44,165.16,-83.69,-153.05
52.391308,-1.549128,146.64,19.31,6,310.74,19 / 20,3667909,2019-09-06 20:21:13:652,1.7192,-1.3231,10.2252,-0.001,-0.0013,9.8066,0.0287,0.0624,0.0496,4.94,-37.69,-3.69,165.03,-83.75,-153.16
52.391308,-1.549128,146.64,19.31,6,310.74,19 / 20,3668011,2019-09-06 20:21:13:754,1.4247,-0.7912,10.1742,0.003,-0.003,9.8065,0.1132,-0.0313,-0.0264,4.81,-37.69,-4.44,165.42,-83.84,-152.38
52.391308,-1.549128,146.64,19.31,6,310.74,19 / 20,3668110,2019-09-06 20:21:13:853,0.371,0.0393,9.8816,-0.0108,0.0122,9.8065,-0.0519,0.0446,-0.059,5.31,-37.37,-4.06,164.9,-83.74,-153.12
52.391308,-1.549128,146.64,19.31,6,310.74,19 / 20,3668210,2019-09-06 20:21:13:953,-0.422,-1.5781,10.1739,-0.0179,0.0003,9.8066,0.0092,0.0051,0.0806,5.06,-37.37,-3.31,160.42,-83.71,-153.92
52.391308,-1.549128,146.64,19.31,6,310.74,19 / 20,3668309,2019-09-06 20:21:14:052,1.6077,-2.5567,10.0446,-0.0109,0.0098,9.8066,0.0525,0.0219,-0.0668,4.81,-37.5,-3.44,160.09,-83.61,-154.68
52.392296,-1.550754,147.32,13.16,6,316.26,20 / 21,3668409,2019-09-06 20:21:14:152,0.458,-0.8068,10.2019,-0.0032,-0.0218,9.8066,0.0087,0.0362,0.0942,5.5,-37.87,-3.75,160.61,-83.59,-154.24
52.392296,-1.550754,147.32,13.16,6,316.26,20 / 21,3668510,2019-09-06 20:21:14:253,0.5093,-0.6677,10.085,0.0093,-0.0201,9.8065,-0.106,0.0156,0.0909,5,-38.25,-3.37,160.45,-83.7,-154.25
52.392296,-1.550754,147.32,13.16,6,316.26,20 / 21,3668610,2019-09-06 20:21:14:353,0.3819,-1.2374,9.4971,-0.0033,0.0136,9.8066,-0.135,0.0199,-0.0458,5,-38,-3.94,164.83,-83.68,-153.59
52.392296,-1.550754,147.32,13.16,6,316.26,20 / 21,3668710,2019-09-06 20:21:14:453,0.203,-1.221,10.0495,-0.0007,0.0032,9.8066,0.0192,-0.033,0.0441,5.38,-37.75,-4.06,165,-83.79,-153.16
52.392296,-1.550754,147.32,13.16,6,316.26,20 / 21,3668810,2019-09-06 20:21:14:553,0.3187,-0.492,9.8071,-0.009,0.0008,9.8066,0.0213,-0.0445,0.054,5.19,-37.94,-4.56,168.15,-83.92,-153.5
52.392296,-1.550754,147.32,13.16,6,316.26,20 / 21,3668910,2019-09-06 20:21:14:653,-0.7003,-0.51,9.7775,-0.0193,0.0286,9.8065,0.0701,-0.0475,-0.016,4.75,-37.37,-3.69,164.45,-83.8,-153.76
52.392296,-1.550754,147.32,13.16,6,316.26,20 / 21,3669009,2019-09-06 20:21:14:752,0.9106,-1.1774,9.7479,0.0197,-0.0094,9.8065,0.0622,-0.0733,0.0089,4.81,-37.31,-3.62,164.8,-83.97,-152.94
52.392296,-1.550754,147.32,13.16,6,316.26,20 / 21,3669110,2019-09-06 20:21:14:853,1.2834,-1.264,9.9032,0.004,-0.0034,9.8065,-0.0684,0.0712,0.013,4.5,-37.69,-3.31,161.18,-83.93,-152.54
52.392296,-1.550754,147.32,13.16,6,316.26,20 / 21,3669209,2019-09-06 20:21:14:952,0.1258,0.041,9.9751,0.0151,-0.0086,9.8066,0.0522,-0.0139,0.0914,5.44,-38.31,-3.75,165.4,-84.05,-152.11
52.392296,-1.550754,147.32,13.16,6,316.26,20 / 21,3669310,2019-09-06 20:21:15:053,0.0814,-0.3771,9.8915,0.0216,-0.0026,9.8065,0.0161,0.0382,-0.0151,5.06,-37.56,-3.25,162.24,-83.99,-150.64
52.392296,-1.550754,147.32,13.16,6,316.26,18 / 22,3669409,2019-09-06 20:21:15:152,-0.3522,-1.0761,9.8171,-0.005,0.0126,9.8066,-0.012,-0.0366,0.0227,5.06,-37.62,-3.87,166.32,-83.99,-150.71
52.392296,-1.550754,147.32,13.16,6,316.26,18 / 22,3669509,2019-09-06 20:21:15:252,1.3899,-1.7892,9.8598,-0.0123,0.0175,9.8065,0.1234,-0.042,0.0232,4.75,-38.19,-3.75,166.94,-83.85,-149.9
52.392296,-1.550754,147.32,13.16,6,316.26,18 / 22,3669610,2019-09-06 20:21:15:353,0.2997,-1.5968,10.402,0.0171,-0.0079,9.8066,0.0501,0.0557,-0.0743,5,-37.56,-4.25,167.48,-84,-148.85
52.392296,-1.550754,147.32,13.16,6,316.26,18 / 22,3669710,2019-09-06 20:21:15:453,0.3786,-0.7015,10.5837,-0.0216,0.0096,9.8066,-0.108,-0.008,0.0509,4.56,-37.44,-3.5,162.55,-84.11,-149.59
52.392296,-1.550754,147.32,13.16,6,316.26,18 / 22,3669809,2019-09-06 20:21:15:552,0.227,0.0372,10.1555,-0.0403,0.0376,9.8064,-0.1451,0.0052,0.019,4.63,-37.37,-3.75,166.23,-83.9,-150.76
52.392296,-1.550754,147.32,13.16,6,316.26,18 / 22,3669910,2019-09-06 20:21:15:653,0.7868,-1.1015,9.7294,0.0374,-0.025,9.8065,0.1003,0.0496,-0.0429,5.25,-37.56,-3.87,166.23,-83.91,-150.98
52.392296,-1.550754,147.32,13.16,6,316.26,18 / 22,3670009,2019-09-06 20:21:15:752,1.4265,-1.1448,9.9923,0.0273,-0.0343,9.8065,0.0696,-0.0295,0.0486,4.63,-37.06,-3.94,166.44,-83.89,-150.45
52.392296,-1.550754,147.32,13.16,6,316.26,18 / 22,3670109,2019-09-06 20:21:15:852,0.3731,-2.1008,10.2692,0.0251,-0.0164,9.8065,-0.0021,-0.0898,0.0564,5.13,-36.94,-4,167.05,-84.1,-149.2
52.392296,-1.550754,147.32,13.16,6,316.26,18 / 22,3670209,2019-09-06 20:21:15:952,-0.3533,-1.4224,9.4153,-0.0307,0.0289,9.8065,0.0017,0.0482,-0.1154,5.13,-37,-3.56,166.17,-83.92,-150.82
52.392296,-1.550754,147.32,13.16,6,316.26,18 / 22,3670310,2019-09-06 20:21:16:053,0.568,-0.4302,9.5526,-0.0158,0.0018,9.8066,-0.1135,0.0347,-0.0237,5.06,-37.12,-2.37,156.76,-84.03,-151.32
52.392296,-1.550754,147.32,13.16,6,316.26,19 / 21,3670410,2019-09-06 20:21:16:153,1.2019,-0.6675,9.4337,-0.0052,-0.0121,9.8066,-0.1822,-0.0376,0.0391,5.88,-37.31,-4.12,162.17,-84.15,-150.66
52.392296,-1.550754,147.32,13.16,6,316.26,19 / 21,3670509,2019-09-06 20:21:16:252,2.1186,-1.7083,10.0352,-0.0076,0.0116,9.8066,0.1996,0.0442,-0.0733,6.06,-37.56,-4.19,162.02,-84.27,-150.93
52.392296,-1.550754,147.32,13.16,6,316.26,19 / 21,3670610,2019-09-06 20:21:16:353,-0.2291,-0.9492,10.1143,0.0357,-0.0337,9.8064,0.197,0.0151,0.0117,7.06,-37.81,-4.37,158.39,-84.6,-150.68
52.392296,-1.550754,147.32,13.16,6,316.26,19 / 21,3670710,2019-09-06 20:21:16:453,0.6462,-1.1339,10.2967,-0.036,0.0236,9.8065,-0.1339,0.0354,-0.012,6.38,-38.06,-4,161.74,-84.65,-150.74
52.392296,-1.550754,147.32,13.16,6,316.26,19 / 21,3670809,2019-09-06 20:21:16:552,0.3144,-0.8101,9.5044,-0.0344,0.0205,9.8066,-0.0649,-0.0148,-0.0257,6.25,-37,-3.62,160.62,-84.51,-152.37
52.392296,-1.550754,147.32,13.16,6,316.26,19 / 21,3670910,2019-09-06 20:21:16:653,-0.8192,-1.2339,9.6411,-0.0325,0.021,9.8066,-0.0487,0.0288,-0.005,5.44,-37.75,-4.19,164.56,-84.58,-152.62
52.392296,-1.550754,147.32,13.16,6,316.26,19 / 21,3671010,2019-09-06 20:21:16:753,0.1719,-1.469,9.4827,0.0122,-0.0161,9.8066,-0.0506,0.1266,-0.025,5.75,-37.44,-3.19,155.27,-84.73,-153.45
52.392296,-1.550754,147.32,13.16,6,316.26,19 / 21,3671109,2019-09-06 20:21:16:852,0.0311,-1.7776,9.6009,-0.0013,-0.0139,9.8066,0.0681,0.1192,-0.0266,5.5,-37.06,-3.94,158.74,-84.96,-154.28
52.392296,-1.550754,147.32,13.16,6,316.26,19 / 21,3671210,2019-09-06 20:21:16:953,-1.2319,-1.586,9.8666,0.022,-0.0223,9.8066,0.0731,0.1011,-0.0636,5.63,-37,-3.44,153.82,-85.25,-154.29
52.392296,-1.550754,147.32,13.16,6,316.26,19 / 21,3671309,2019-09-06 20:21:17:052,-0.7466,-1.5118,9.7811,0.002,-0.023,9.8066,0.0251,0.1584,0.0012,6.31,-37.12,-3.62,157.28,-85.35,-155.59
52.392296,-1.550754,147.32,13.16,6,316.26,19 / 20,3671410,2019-09-06 20:21:17:153,-1.1943,-1.8296,9.8319,0.002,-0.0058,9.8066,0.0505,0.1456,-0.0449,6.38,-36.94,-3.37,152.32,-85.34,-156.19
52.392296,-1.550754,147.32,13.16,6,316.26,19 / 20,3671509,2019-09-06 20:21:17:252,-1.5108,-2.4365,9.8147,-0.0092,-0.0172,9.8066,0.0717,0.1526,-0.0222,7.06,-37.44,-2.12,141.98,-85.37,-158.54
52.392296,-1.550754,147.32,13.16,6,316.26,19 / 20,3671610,2019-09-06 20:21:17:353,-1.2736,-1.6216,9.65,-0.015,-0.0138,9.8066,0.0423,0.2052,-0.0329,6.94,-37.31,-2.62,144.64,-85.45,-161.38
52.392296,-1.550754,147.32,13.16,6,316.26,19 / 20,3671709,2019-09-06 20:21:17:452,-2.439,-3.6066,9.5406,-0.0115,0.0105,9.8066,-0.0564,0.347,-0.1367,7,-37.75,-2.69,144.05,-85.47,-162.44
52.392296,-1.550754,147.32,13.16,6,316.26,19 / 20,3671810,2019-09-06 20:21:17:553,-1.3532,-2.5865,9.9165,0.003,-0.0073,9.8066,0.0273,0.259,-0.0828,7.25,-37.19,-1.5,130.92,-85.55,-165.03
52.392296,-1.550754,147.32,13.16,6,316.26,19 / 20,3671909,2019-09-06 20:21:17:652,-1.748,-1.1165,9.7621,0.0068,-0.0177,9.8066,-0.0325,0.2128,-0.0343,8.31,-37.56,-1.19,126.78,-85.64,-166.99
52.392296,-1.550754,147.32,13.16,6,316.26,19 / 20,3672009,2019-09-06 20:21:17:752,-0.0545,-2.3101,9.8534,0.0091,-0.0118,9.8066,0.0101,0.27,-0.0859,7.81,-37.56,-1.37,125.66,-85.69,-168.15
52.392296,-1.550754,147.32,13.16,6,316.26,19 / 20,3672111,2019-09-06 20:21:17:854,-0.721,-2.2669,10.1268,0.0255,-0.0233,9.8065,-0.104,0.2629,-0.0648,8.88,-36.75,-1.62,125.64,-86.05,-169.82
52.392296,-1.550754,147.32,13.16,6,316.26,19 / 20,3672210,2019-09-06 20:21:17:953,-0.5058,-2.314,9.9206,-0.0112,-0.0092,9.8066,-0.0454,0.2372,-0.0256,8.88,-37.06,-1.19,118.53,-86.2,-171.55
52.392296,-1.550754,147.32,13.16,6,316.26,19 / 20,3672309,2019-09-06 20:21:18:052,-0.648,-1.7832,9.7483,-0.024,-0.0007,9.8066,0.0778,0.2325,-0.029,8.75,-36.81,-0.75,117.11,-86.19,-173.18
52.392296,-1.550754,147.32,13.16,6,316.26,20 / 21,3672410,2019-09-06 20:21:18:153,-0.5343,-1.9924,9.3682,0.0096,-0.0132,9.8066,-0.0122,0.2293,-0.0331,9.19,-37.25,0.38,111.34,-86.19,-173.41
52.392296,-1.550754,147.32,13.16,6,316.26,20 / 21,3672509,2019-09-06 20:21:18:252,-1.592,-2.1905,9.7484,-0.002,-0.0035,9.8066,0.0471,0.2358,-0.0598,9.63,-36.75,0,108.64,-86.12,-175.06
52.392296,-1.550754,147.32,13.16,6,316.26,20 / 21,3672609,2019-09-06 20:21:18:352,-0.4987,-2.2837,10.0344,0.0122,-0.0152,9.8066,0.0154,0.2346,-0.0293,9.44,-37,1.25,101.8,-86.21,-177.21
52.392296,-1.550754,147.32,13.16,6,316.26,20 / 21,3672710,2019-09-06 20:21:18:453,-0.0377,-2.9689,10.1485,-0.011,-0.0175,9.8066,-0.0147,0.2274,-0.0541,10.44,-36.56,0.94,97.01,-86.43,179.56
52.392296,-1.550754,147.32,13.16,6,316.26,20 / 21,3672810,2019-09-06 20:21:18:553,-0.5299,-3.1762,9.9193,-0.0136,-0.0122,9.8066,0.0356,0.3121,-0.0531,9.81,-37,1.56,87.23,-86.39,175.3
52.392296,-1.550754,147.32,13.16,6,316.26,20 / 21,3672909,2019-09-06 20:21:18:652,-0.8222,-2.5097,9.7699,-0.0182,-0.0068,9.8065,0.0458,0.2743,-0.0533,10.5,-36,1.31,90.1,-86.31,173.15
52.392296,-1.550754,147.32,13.16,6,316.26,20 / 21,3673009,2019-09-06 20:21:18:752,0.1198,-1.8555,9.7855,0.0079,-0.009,9.8066,0.0256,0.2911,-0.0507,10.88,-36.69,2.56,78.88,-86.21,171.92
52.392296,-1.550754,147.32,13.16,6,316.26,20 / 21,3673110,2019-09-06 20:21:18:853,0.3853,-2.9624,10.1693,0.0172,-0.0131,9.8066,-0.012,0.2885,-0.0375,10.44,-35.81,3.75,69.7,-86.17,169.35
52.392296,-1.550754,147.32,13.16,6,316.26,20 / 21,3673210,2019-09-06 20:21:18:953,0.2453,-2.5244,10.1152,-0.0036,-0.0166,9.8066,-0.0009,0.2878,-0.0702,11.19,-36.25,4,70.02,-86.08,168.54
52.392296,-1.550754,147.32,13.16,6,316.26,20 / 21,3673309,2019-09-06 20:21:19:052,-0.077,-2.0826,10.0122,0.0115,-0.0087,9.8066,-0.0587,0.2893,-0.0541,12.06,-36,4.38,67.01,-86,164.84
52.392296,-1.550754,147.32,13.16,6,316.26,20 / 21,3673410,2019-09-06 20:21:19:153,0.1597,-2.4657,9.8378,-0.021,-0.0132,9.8066,-0.0548,0.2818,-0.0191,11.88,-36.56,4.75,60.72,-85.79,162.75
52.392296,-1.550754,147.32,13.16,6,316.26,20 / 21,3673509,2019-09-06 20:21:19:252,0.0588,-1.9576,9.5793,-0.0073,-0.0103,9.8066,0.0179,0.2405,-0.0275,11.25,-35.81,5.25,57.78,-85.81,161.52
52.392296,-1.550754,147.32,13.16,6,316.26,20 / 21,3673610,2019-09-06 20:21:19:353,0.27,-0.9819,9.7844,0.0131,0.001,9.8066,-0.0324,0.1887,-0.0122,11.94,-36.56,5.94,53.86,-85.88,161.13
52.392296,-1.550754,147.32,13.16,6,316.26,20 / 21,3673709,2019-09-06 20:21:19:452,0.0828,-1.0501,9.6896,0.009,0.0107,9.8066,0.0611,0.1928,-0.0554,11.38,-35.75,5.94,51.15,-86.02,160.74
52.392296,-1.550754,147.32,13.16,6,316.26,20 / 21,3673809,2019-09-06 20:21:19:552,-0.3273,0.0571,10.0174,0.0255,-0.0086,9.8065,0.0578,0.1421,-0.0368,11.81,-36.62,6,50.24,-86.15,158.54
52.392296,-1.550754,147.32,13.16,6,316.26,20 / 21,3673910,2019-09-06 20:21:19:653,-0.3028,-0.2427,10.1709,0.0003,-0.0235,9.8066,-0.1896,0.1444,-0.0827,12.44,-36.12,6.44,43.03,-86.17,152.5
52.392296,-1.550754,147.32,13.16,6,316.26,20 / 21,3674009,2019-09-06 20:21:19:752,0.2663,0.1107,10.1231,-0.0064,-0.0325,9.8065,-0.0636,0.0797,-0.0341,12.81,-36.12,6.56,34.23,-86.01,146.98
52.392296,-1.550754,147.32,13.16,6,316.26,20 / 21,3674110,2019-09-06 20:21:19:853,0.052,0.2115,9.4039,-0.0269,-0.0317,9.8065,0.1015,0.0421,-0.0349,12,-35.87,6.69,30.63,-85.75,145.2
52.392296,-1.550754,147.32,13.16,6,316.26,20 / 21,3674210,2019-09-06 20:21:19:953,-0.5217,0.079,9.4293,0.0018,-0.0055,9.8066,0.0574,0.009,0.0054,12.81,-35.62,7.06,32.71,-85.52,145.01
52.392296,-1.550754,147.32,13.16,6,316.26,20 / 21,3674309,2019-09-06 20:21:20:052,-0.5362,-0.0844,9.5144,0.0099,-0.0017,9.8066,-0.0382,0.0034,-0.0125,12.31,-35.56,6.5,30.07,-85.43,144.31
52.392296,-1.550754,147.32,13.16,6,316.26,20 / 21,3674410,2019-09-06 20:21:20:153,-0.0609,0.6935,9.959,0.0243,0.0141,9.8065,-0.0337,-0.0285,0.024,12.5,-36.44,6.44,34.01,-85.62,142.53
52.392296,-1.550754,147.32,13.16,6,316.26,20 / 21,3674509,2019-09-06 20:21:20:252,-0.2389,1.5594,9.9956,-0.0024,0.0105,9.8066,0.009,-0.0774,0.0573,12.69,-35.44,6.19,34.64,-85.89,143.64
52.392296,-1.550754,147.32,13.16,6,316.26,20 / 21,3674610,2019-09-06 20:21:20:353,-0.3414,1.3652,9.9299,-0.0071,0.0052,9.8066,0.0112,-0.0954,0.029,12.5,-35.75,6.38,35.77,-85.97,144.55
52.392296,-1.550754,147.32,13.16,6,316.26,20 / 21,3674710,2019-09-06 20:21:20:453,-0.7571,1.9107,9.944,-0.0073,0.0078,9.8066,0.0339,-0.1647,0.0454,11.75,-35.87,5.81,37.83,-86,147.74
52.392296,-1.550754,147.32,13.16,6,316.26,20 / 21,3674809,2019-09-06 20:21:20:552,-1.1746,2.1645,9.7553,-0.0128,0.0075,9.8066,-0.0115,-0.1722,0.0596,11.81,-36.12,6.56,36.22,-85.94,150.18
52.392296,-1.550754,147.32,13.16,6,316.26,20 / 21,3674909,2019-09-06 20:21:20:652,-1.1018,3.0833,9.8571,0.0032,0.0018,9.8066,0.0278,-0.2242,0.0235,11.81,-35.5,5.56,43.51,-85.95,152.71
52.392296,-1.550754,147.32,13.16,6,316.26,20 / 21,3675010,2019-09-06 20:21:20:753,-0.649,2.9783,10.0234,0.0014,0.0055,9.8066,0.0565,-0.2747,0.0782,11.13,-36.12,4.94,48.17,-85.98,153.59
52.392296,-1.550754,147.32,13.16,6,316.26,20 / 21,3675110,2019-09-06 20:21:20:853,-0.7182,3.3695,9.8736,-0.0101,-0.0011,9.8066,-0.009,-0.2882,0.005,11.25,-36.37,4.56,49.92,-85.96,155.03
52.392296,-1.550754,147.32,13.16,6,316.26,20 / 21,3675210,2019-09-06 20:21:20:953,-1.1549,3.5894,10.0438,-0.0196,0.0038,9.8065,0.0322,-0.3448,0.0452,11.13,-36.31,4.56,51.71,-85.93,156.51
52.392296,-1.550754,147.32,13.16,6,316.26,20 / 21,3675310,2019-09-06 20:21:21:053,-1.2697,3.2253,9.8366,-0.0015,0.0053,9.8066,-0.0039,-0.3086,0.0406,11.31,-36.44,3.75,58,-85.89,157.11
52.392296,-1.550754,147.32,13.16,6,316.26,20 / 21,3675410,2019-09-06 20:21:21:153,-1.438,2.7785,10.0222,0.0085,-0.0019,9.8066,0.0074,-0.3225,0.0677,11,-36.75,3.88,57.74,-85.87,156.54
52.392296,-1.550754,147.32,13.16,6,316.26,20 / 21,3675509,2019-09-06 20:21:21:252,-0.6406,3.4596,9.5954,-0.0125,0.0029,9.8066,-0.0994,-0.2746,-0.0203,10.31,-36.62,2.38,70.2,-85.94,157.45
52.392296,-1.550754,147.32,13.16,6,316.26,20 / 21,3675610,2019-09-06 20:21:21:353,-0.8135,2.8654,9.2431,0.0339,0.0064,9.8066,-0.133,-0.3813,0.0722,10.06,-36.5,1.88,70.62,-85.96,158.28
52.392296,-1.550754,147.32,13.16,6,316.26,20 / 21,3675709,2019-09-06 20:21:21:452,-0.1983,3.0374,9.647,0.0415,0.0098,9.8065,0.1127,-0.358,0.0796,10.19,-36.62,1.94,69.42,-86.3,157.99
52.392296,-1.550754,147.32,13.16,6,316.26,20 / 21,3675809,2019-09-06 20:21:21:552,-0.2811,3.0922,10.5773,0.0423,0.0037,9.8065,0.0755,-0.3423,0.0098,9.69,-36.62,0.81,76.46,-86.45,159.31
52.392296,-1.550754,147.32,13.16,6,316.26,20 / 21,3675910,2019-09-06 20:21:21:653,0.433,3.0379,10.4366,-0.014,0.0083,9.8066,-0.0221,-0.3118,0.0608,9.75,-36.44,0.81,76.63,-86.49,159.99
52.392296,-1.550754,147.32,13.16,6,316.26,20 / 21,3676009,2019-09-06 20:21:21:752,-0.0511,3.1632,9.383,-0.0042,0.0102,9.8066,0.0411,-0.3235,0.0764,9.19,-36.75,0.19,87.63,-86.41,162.71
52.392296,-1.550754,147.32,13.16,6,316.26,20 / 21,3676110,2019-09-06 20:21:21:853,0.2926,3.4142,9.1382,-0.016,0.016,9.8066,-0.0614,-0.3504,0.0148,8.63,-37.12,-0.94,98.44,-86.25,166.76
52.392296,-1.550754,147.32,13.16,6,316.26,20 / 21,3676210,2019-09-06 20:21:21:953,0.1805,3.2853,9.6966,0.0003,0.008,9.8066,-0.0292,-0.3767,0.0689,8.63,-36.75,-0.81,98.47,-86.42,167.52
52.392296,-1.550754,147.32,13.16,6,316.26,20 / 21,3676310,2019-09-06 20:21:22:053,0.9022,3.0927,10.268,0.0161,0.0016,9.8066,-0.0112,-0.332,0.0329,8.13,-36.62,-2.37,107.91,-86.69,169.59
52.392296,-1.550754,147.32,13.16,6,316.26,19 / 20,3676410,2019-09-06 20:21:22:153,1.3434,2.5016,9.9293,-0.0143,0.0076,9.8066,0.044,-0.3497,0.0345,7.19,-36.5,-2,112.94,-86.69,171.78
52.392296,-1.550754,147.32,13.16,6,316.26,19 / 20,3676509,2019-09-06 20:21:22:252,0.3145,3.4541,9.9363,-0.0126,0.0197,9.8065,0.0003,-0.3442,0.0413,7.25,-36.94,-2.37,114.86,-86.5,172.55
52.392296,-1.550754,147.32,13.16,6,316.26,19 / 20,3676609,2019-09-06 20:21:22:352,1.2021,3.622,9.5387,-0.0147,0.0145,9.8065,-0.0331,-0.376,0.0337,7.06,-37.31,-2.62,123.75,-86.23,175.17
52.392296,-1.550754,147.32,13.16,6,316.26,19 / 20,3676710,2019-09-06 20:21:22:453,0.2978,1.976,9.9434,0.0192,-0.0008,9.8066,0.0662,-0.3914,0.0983,6.56,-37.56,-4,129.41,-86.27,176.02
52.392296,-1.550754,147.32,13.16,6,316.26,19 / 20,3676810,2019-09-06 20:21:22:553,2.1687,3.3482,10.0644,0.005,0.0135,9.8066,0.0192,-0.358,0.0537,5.81,-37.62,-3.25,130.53,-86.36,178.15
52.392296,-1.550754,147.32,13.16,6,316.26,19 / 20,3676909,2019-09-06 20:21:22:652,0.8606,1.9357,9.6582,-0.0016,0.012,9.8066,0.0149,-0.3701,0.0418,5.38,-37.81,-4,141.52,-86.36,179.35
52.392296,-1.550754,147.32,13.16,6,316.26,19 / 20,3677010,2019-09-06 20:21:22:753,1.9191,4.4263,9.8115,0.0044,0.017,9.8066,0.0392,-0.3258,0.0839,4.38,-37.75,-4.06,149.59,-86.21,-178.35
52.392296,-1.550754,147.32,13.16,6,316.26,19 / 20,3677110,2019-09-06 20:21:22:853,1.3383,1.8971,9.9623,0.0007,0.0016,9.8066,0.0377,-0.237,0.0299,4.44,-37.37,-4.62,154.91,-86.03,-176.16
52.392296,-1.550754,147.32,13.16,6,316.26,19 / 20,3677209,2019-09-06 20:21:22:952,1.6101,1.9304,9.9055,0.0014,0.0129,9.8066,-0.0221,-0.2752,0.0165,4.25,-37.37,-4.37,152.77,-85.82,-174.78
52.392296,-1.550754,147.32,13.16,6,316.26,19 / 20,3677310,2019-09-06 20:21:23:053,2.5894,2.6283,9.5702,0.0011,0.011,9.8066,0.0684,-0.3197,0.0928,3.56,-37.12,-4.87,158.21,-85.58,-172.6
52.39274,-1.551809,147.49,9.42,6,327.03,20 / 21,3677409,2019-09-06 20:21:23:152,1.9777,3.3141,9.5858,0.0013,0.0071,9.8066,-0.047,-0.3152,0.0889,3.25,-38.06,-5.06,164.77,-85.46,-172.01
52.39274,-1.551809,147.49,9.42,6,327.03,20 / 21,3677510,2019-09-06 20:21:23:253,2.0562,1.533,9.9944,0.0071,-0.014,9.8066,-0.0149,-0.2836,0.0826,2.31,-37.62,-5.87,174.32,-85.37,-169.98
52.39274,-1.551809,147.49,9.42,6,327.03,20 / 21,3677609,2019-09-06 20:21:23:352,1.8697,1.9332,9.5288,0.0129,0.0236,9.8066,-0.0684,-0.3551,0.0782,1.38,-38.06,-5.94,182.66,-85.14,-166.48
52.39274,-1.551809,147.49,9.42,6,327.03,20 / 21,3677710,2019-09-06 20:21:23:453,2.8533,1.479,9.8418,0.029,-0.0201,9.8065,0.0924,-0.3911,0.116,1.25,-37.62,-5.69,184.4,-84.93,-163.72
52.39274,-1.551809,147.49,9.42,6,327.03,20 / 21,3677809,2019-09-06 20:21:23:552,1.9349,2.0504,9.9596,0.0233,-0.0212,9.8066,0.0395,-0.3494,0.0725,-0.12,-37.75,-6.62,194.24,-84.86,-158.95
52.39274,-1.551809,147.49,9.42,6,327.03,20 / 21,3677910,2019-09-06 20:21:23:653,2.5067,0.708,10.6198,0.0265,0.0417,9.8065,-0.0176,-0.3162,0.1115,-0.06,-38.25,-6.19,195.55,-84.65,-155.41
52.39274,-1.551809,147.49,9.42,6,327.03,20 / 21,3678009,2019-09-06 20:21:23:752,1.6334,0.3559,9.7972,0.014,-0.0065,9.8066,0.0703,-0.1939,0.0972,-0.94,-37.69,-5.94,202.73,-84.35,-153.08
52.39274,-1.551809,147.49,9.42,6,327.03,20 / 21,3678110,2019-09-06 20:21:23:853,2.8406,0.9295,10.179,0.0255,-0.0025,9.8066,0.0614,-0.161,-0.0153,-1.56,-38.31,-5.94,209.41,-83.92,-150.92
52.39274,-1.551809,147.49,9.42,6,327.03,20 / 21,3678209,2019-09-06 20:21:23:952,1.2,1.1213,9.6623,0.0081,-0.0004,9.8065,0.0487,-0.268,0.0521,-1.87,-37.62,-6.56,209.84,-83.71,-149.72
52.39274,-1.551809,147.49,9.42,6,327.03,20 / 21,3678309,2019-09-06 20:21:24:052,1.7012,1.1347,9.9648,0.0154,-0.0088,9.8065,-0.1981,-0.1652,0.0151,-2.37,-38.19,-6.19,210.5,-83.59,-148.16
52.39274,-1.551809,147.49,9.42,6,327.03,19 / 21,3678410,2019-09-06 20:21:24:153,0.1622,-0.0274,9.7736,-0.022,0.0329,9.8066,-0.2297,-0.111,0.0236,-1.87,-38.06,-6,209.98,-83.76,-149.51
52.39274,-1.551809,147.49,9.42,6,327.03,19 / 21,3678509,2019-09-06 20:21:24:252,0.8884,0.8265,9.731,0.0015,0.0332,9.8065,0.0834,-0.0495,-0.1056,-2.69,-37.31,-7.31,216.08,-83.94,-149.65
52.39274,-1.551809,147.49,9.42,6,327.03,19 / 21,3678610,2019-09-06 20:21:24:353,-0.3529,0.8493,9.0281,-0.0084,-0.0366,9.8066,0.0886,-0.0236,-0.0447,-2,-37.87,-6.69,210.22,-84.02,-149.96
52.39274,-1.551809,147.49,9.42,6,327.03,19 / 21,3678710,2019-09-06 20:21:24:453,-0.9669,1.9076,9.8819,-0.0141,-0.0309,9.8065,0.0006,-0.0326,0.0661,-2.44,-37.56,-7.19,209.96,-84.28,-151.04
52.39274,-1.551809,147.49,9.42,6,327.03,19 / 21,3678810,2019-09-06 20:21:24:553,0.2068,1.3254,10.1919,0.0025,-0.0035,9.8066,0.0098,-0.0386,-0.0094,-2.37,-37.87,-7.44,210.31,-84.28,-150.52
52.39274,-1.551809,147.49,9.42,6,327.03,19 / 21,3678909,2019-09-06 20:21:24:652,-0.5012,1.1555,10.633,-0.0069,0.0118,9.8066,0.0189,-0.0084,-0.0109,-2.75,-37.56,-7,215.89,-84.38,-150.76
52.39274,-1.551809,147.49,9.42,6,327.03,19 / 21,3679010,2019-09-06 20:21:24:753,-0.1384,1.0429,9.2238,-0.0065,0.0092,9.8066,0.041,-0.0264,0.0058,-2.25,-37.44,-7.19,209.31,-84.28,-152.37
52.39274,-1.551809,147.49,9.42,6,327.03,19 / 21,3679110,2019-09-06 20:21:24:853,-0.6925,1.4647,8.8581,-0.0044,0.0272,9.8066,-0.0581,0.0448,-0.0176,-2.31,-37.44,-7.19,208.34,-84.16,-153.51
52.39274,-1.551809,147.49,9.42,6,327.03,19 / 21,3679210,2019-09-06 20:21:24:953,-1.2892,-0.4106,9.4662,0.0052,-0.055,9.8065,-0.097,0.0158,0.0016,-2.25,-37.62,-7.56,207.97,-84.25,-153.66
52.39274,-1.551809,147.49,9.42,6,327.03,19 / 21,3679309,2019-09-06 20:21:25:052,-1.2094,1.1561,9.8215,-0.003,-0.0418,9.8065,-0.0103,-0.0151,0.018,-1.81,-37.87,-7.25,210.73,-84.63,-150.86
52.39274,-1.551809,147.49,9.42,6,327.03,19 / 20,3679410,2019-09-06 20:21:25:153,-1.3124,0.8086,10.3182,-0.0054,-0.0139,9.8066,0.0791,0.0574,0.0168,-2.31,-37.81,-7.06,210.48,-84.64,-151.23
52.39274,-1.551809,147.49,9.42,6,327.03,19 / 20,3679510,2019-09-06 20:21:25:253,-0.2299,1.806,10.499,-0.0104,0.031,9.8065,0.1357,0.0344,-0.0165,-2.37,-37.87,-7.44,208.54,-84.28,-153.12
52.39274,-1.551809,147.49,9.42,6,327.03,19 / 20,3679610,2019-09-06 20:21:25:353,-1.9964,1.1265,9.205,0.0141,0.0393,9.8065,-0.2775,-0.0279,0.0647,-1.75,-38,-7.25,207.93,-84.1,-153.57
52.39274,-1.551809,147.49,9.42,6,327.03,19 / 20,3679709,2019-09-06 20:21:25:452,-1.995,-0.8036,9.4205,0.0037,0.0145,9.8066,0.1735,0.018,0.0195,-2.06,-36.87,-7.06,208.42,-84.14,-153.33
52.39274,-1.551809,147.49,9.42,6,327.03,19 / 20,3679809,2019-09-06 20:21:25:552,-1.7053,0.797,8.1709,-0.0143,0.0136,9.8066,0.0364,0.2661,-0.0602,-1.19,-37.44,-6.81,202.79,-84.29,-153.8
52.39274,-1.551809,147.49,9.42,6,327.03,19 / 20,3679910,2019-09-06 20:21:25:653,-0.5294,1.5185,9.4903,-0.0227,-0.0282,9.8066,-0.2154,0.1767,-0.2096,-0.81,-37.56,-7.06,202.94,-84.81,-154.35
52.39274,-1.551809,147.49,9.42,6,327.03,19 / 20,3680009,2019-09-06 20:21:25:752,-2.5896,-0.4056,10.0796,-0.014,0.0221,9.8066,-0.0305,0.1266,0.0535,-0.37,-37.25,-7,195.52,-85.02,-157.48
52.39274,-1.551809,147.49,9.42,6,327.03,19 / 20,3680109,2019-09-06 20:21:25:852,-3.1575,1.4018,8.8486,-0.021,0.0229,9.8066,0.0366,0.2205,-0.0289,-0.19,-37.37,-7.25,192.81,-84.76,-161.11
52.39274,-1.551809,147.49,9.42,6,327.03,19 / 20,3680209,2019-09-06 20:21:25:952,-2.6856,1.4029,9.737,0.0074,0.0278,9.8065,0.0115,0.1543,0.0449,0.38,-37.62,-7.12,192.06,-84.55,-161.81
52.39274,-1.551809,147.49,9.42,6,327.03,19 / 20,3680310,2019-09-06 20:21:26:053,-2.5137,-0.1211,9.636,0.0075,-0.0237,9.8065,-0.109,0.21,-0.0914,0.25,-37.69,-7.37,193.94,-84.61,-159.07
52.39274,-1.551809,147.49,9.42,6,327.03,19 / 20,3680409,2019-09-06 20:21:26:152,-1.8528,0.2357,9.5582,0.0099,0.0037,9.8066,-0.0689,0.1435,0.0308,0.63,-37.56,-7.19,190.23,-84.87,-156.78
52.39274,-1.551809,147.49,9.42,6,327.03,19 / 20,3680510,2019-09-06 20:21:26:253,-2.4832,0.3357,9.7243,-0.0067,-0.01,9.8066,0.0199,0.1931,-0.0732,1.25,-37.31,-6.87,190.32,-85,-156.9
52.39274,-1.551809,147.49,9.42,6,327.03,19 / 20,3680609,2019-09-06 20:21:26:352,-2.7631,0.8116,9.476,0.0058,-0.0125,9.8065,0.035,0.1774,0.0508,1.13,-37.31,-6.56,190.11,-84.98,-157.19
52.39274,-1.551809,147.49,9.42,6,327.03,19 / 20,3680710,2019-09-06 20:21:26:453,-1.7118,-0.0705,10.1496,-0.0138,0.0076,9.8066,0.0402,0.2081,-0.096,1.69,-37.31,-6.25,182.22,-84.83,-158.18
52.39274,-1.551809,147.49,9.42,6,327.03,19 / 20,3680810,2019-09-06 20:21:26:553,-3.6497,0.9162,9.2848,0.0004,-0.0164,9.8066,0.0472,0.1227,-0.0155,1.69,-37.37,-6.81,183.79,-84.99,-158.6
52.39274,-1.551809,147.49,9.42,6,327.03,19 / 20,3680910,2019-09-06 20:21:26:653,-2.8191,-0.7416,10.2419,0.0015,-0.0082,9.8066,0.1354,0.1581,-0.0266,2,-36.87,-6.44,181.16,-84.86,-159.81
52.39274,-1.551809,147.49,9.42,6,327.03,19 / 20,3681010,2019-09-06 20:21:26:753,-2.6315,-0.8317,9.4265,-0.0088,-0.0071,9.8066,0.0453,0.1611,-0.0865,2.5,-37.31,-6.81,176.58,-84.85,-161.7
52.39274,-1.551809,147.49,9.42,6,327.03,19 / 20,3681109,2019-09-06 20:21:26:852,-2.0567,0.0759,9.4254,0.0036,0.0026,9.8066,0.0478,0.2038,0.0019,3.06,-37.75,-6.5,173.93,-84.64,-162.69
52.39274,-1.551809,147.49,9.42,6,327.03,19 / 20,3681210,2019-09-06 20:21:26:953,-1.0309,-0.2135,9.6694,0.0103,0.0029,9.8066,0.0064,0.0674,0.0226,3.63,-37.25,-5.94,169.35,-84.55,-162.08
52.39274,-1.551809,147.49,9.42,6,327.03,19 / 20,3681310,2019-09-06 20:21:27:053,-2.2223,0.0883,9.044,0.0065,0.0132,9.8066,0.0156,0.0959,-0.0037,2.88,-37.12,-5.56,174.48,-84.48,-161.85
52.39274,-1.551809,147.49,9.42,6,327.03,19 / 20,3681409,2019-09-06 20:21:27:152,-1.9374,-0.0063,10.0688,0.0144,-0.0191,9.8065,0.0321,0.1234,0.0375,2.94,-37.19,-5.56,175.35,-84.53,-160.5
52.39274,-1.551809,147.49,9.42,6,327.03,19 / 20,3681509,2019-09-06 20:21:27:252,-1.3716,0.7015,9.9895,0.0178,-0.0067,9.8065,0.0519,0.1003,0.0194,3.63,-38,-5.25,168.06,-84.4,-160.11
52.39274,-1.551809,147.49,9.42,6,327.03,19 / 20,3681610,2019-09-06 20:21:27:353,-2.4029,0.4458,8.9795,0.0093,0.0116,9.8066,-0.0325,0.0527,-0.0309,3.25,-37.62,-5.25,173.83,-84.27,-159.18
52.39274,-1.551809,147.49,9.42,6,327.03,19 / 20,3681710,2019-09-06 20:21:27:453,-1.3465,0.0246,9.8865,0.0066,0.0043,9.8066,0.0213,0.0337,-0.005,3.56,-37.75,-5.69,172.79,-84.15,-157.35
52.39274,-1.551809,147.49,9.42,6,327.03,19 / 20,3681810,2019-09-06 20:21:27:553,-0.7961,1.2511,10.4056,0.0087,-0.0255,9.8066,0.206,0.0044,0.0523,3.13,-37.87,-5.25,175.66,-84.3,-156.15
52.39274,-1.551809,147.49,9.42,6,327.03,19 / 20,3681910,2019-09-06 20:21:27:653,-1.931,0.6058,9.7348,0.0189,-0.0337,9.8065,0.0668,0.0581,-0.018,3.75,-37.31,-5.44,170.45,-84.2,-156.4
52.39274,-1.551809,147.49,9.42,6,327.03,19 / 20,3682009,2019-09-06 20:21:27:752,-0.9543,0.158,11.3904,-0.0149,0.0321,9.8065,0.01,0.0228,-0.0321,3.44,-37.37,-5.06,174.83,-83.87,-157.68
52.39274,-1.551809,147.49,9.42,6,327.03,19 / 20,3682109,2019-09-06 20:21:27:852,-1.7005,0.8756,10.2272,0.0145,-0.0314,9.8066,-0.1979,0.0267,-0.065,3.75,-37.44,-5.5,169.92,-84.03,-157.41
52.39274,-1.551809,147.49,9.42,6,327.03,19 / 20,3682210,2019-09-06 20:21:27:953,-1.5661,1.0145,10.1685,-0.022,0.0239,9.8066,-0.0675,0.0882,-0.0105,3.31,-37.31,-5.06,174.27,-84,-158.54
52.39274,-1.551809,147.49,9.42,6,327.03,19 / 20,3682310,2019-09-06 20:21:28:053,-1.3576,0.0374,9.9968,-0.0067,0.0136,9.8066,0.0073,0.1001,-0.0091,3.75,-37.12,-4.69,168.55,-83.9,-159.73
52.39274,-1.551809,147.49,9.42,6,327.03,19 / 20,3682410,2019-09-06 20:21:28:153,-2.3702,-0.2692,9.373,-0.0011,-0.0054,9.8066,0.0186,0.1381,-0.0387,3.94,-37.5,-5.19,168.45,-84.01,-159.76
52.39274,-1.551809,147.49,9.42,6,327.03,19 / 20,3682509,2019-09-06 20:21:28:252,-1.54,1.0699,9.9227,-0.0013,-0.0096,9.8066,-0.0064,0.0798,-0.0607,4.31,-37.56,-4.75,167.89,-84.03,-160.82
52.39274,-1.551809,147.49,9.42,6,327.03,19 / 20,3682610,2019-09-06 20:21:28:353,-1.8476,-0.3263,9.6904,-0.0129,-0.0068,9.8066,0.0014,0.0316,0.008,5,-37.37,-5,162.2,-83.98,-162.38
52.39274,-1.551809,147.49,9.42,6,327.03,19 / 20,3682709,2019-09-06 20:21:28:452,-1.9589,0.3658,9.8592,-0.0067,0.0139,9.8066,0.0025,0.0871,-0.058,4.88,-37.06,-4.44,158.69,-83.82,-162.94
52.39274,-1.551809,147.49,9.42,6,327.03,19 / 20,3682809,2019-09-06 20:21:28:552,-1.1435,-0.4005,10.1071,-0.0048,0.0094,9.8065,-0.0414,0.0154,0.0008,4.75,-37.44,-4.56,162.01,-83.76,-163.01
52.39274,-1.551809,147.49,9.42,6,327.03,19 / 20,3682910,2019-09-06 20:21:28:653,-2.0493,0.0123,9.9518,-0.0136,0.0163,9.8066,0.0034,0.0056,-0.0055,4.88,-37.25,-4.31,158.53,-83.77,-163.29
52.39274,-1.551809,147.49,9.42,6,327.03,19 / 20,3683010,2019-09-06 20:21:28:753,-2.2988,-0.1047,9.4195,0.0069,-0.0043,9.8066,0.0191,0.0794,-0.0645,5.31,-37.37,-4.31,158.68,-83.69,-163.23
52.39274,-1.551809,147.49,9.42,6,327.03,19 / 20,3683110,2019-09-06 20:21:28:853,-1.9563,0.1695,9.6515,0.0038,-0.0071,9.8066,-0.0773,0.0943,-0.0296,5.25,-37.31,-4.25,158.44,-83.73,-163.54
52.39274,-1.551809,147.49,9.42,6,327.03,19 / 20,3683210,2019-09-06 20:21:28:953,-1.4376,-0.7735,9.9733,-0.0035,0.0025,9.8066,-0.02,0.0728,-0.0116,5.38,-37.25,-4.37,158.33,-83.68,-163.8
52.39274,-1.551809,147.49,9.42,6,327.03,19 / 20,3683310,2019-09-06 20:21:29:053,-1.8194,-0.6715,10.2313,-0.0034,0.0079,9.8066,0.0591,0.0725,0.0152,5.81,-37.75,-3.69,154.37,-83.6,-163.92
52.39274,-1.551809,147.49,9.42,6,327.03,20 / 21,3683409,2019-09-06 20:21:29:152,-1.5492,-0.8896,10.049,-0.0092,0.0174,9.8066,0.0252,0.0604,-0.0109,6.5,-37.87,-4.31,150.66,-83.59,-163.91
52.39274,-1.551809,147.49,9.42,6,327.03,20 / 21,3683510,2019-09-06 20:21:29:253,0.4878,-1.3073,10.0578,0.0129,-0.0366,9.8065,-0.0268,0.0334,0.0221,6.56,-37.06,-4.12,150.6,-83.34,-164.14
52.39274,-1.551809,147.49,9.42,6,327.03,20 / 21,3683609,2019-09-06 20:21:29:352,-2.7299,-1.0766,9.6465,0.0174,0.0019,9.8066,-0.0701,0.1086,-0.089,6,-37.12,-3.44,150.12,-83.37,-164.8
52.39274,-1.551809,147.49,9.42,6,327.03,20 / 21,3683709,2019-09-06 20:21:29:452,-2.511,0.1533,8.8969,0.0005,-0.0273,9.8065,0.1311,-0.0408,0.0842,5.88,-37.06,-3.31,149.55,-83.32,-165.85
52.39274,-1.551809,147.49,9.42,6,327.03,20 / 21,3683810,2019-09-06 20:21:29:553,-2.3022,-0.9535,10.4423,0.0288,-0.0331,9.8065,0.0899,0.1509,-0.0255,6.13,-37.12,-3.69,153.34,-83.42,-165.52
52.39274,-1.551809,147.49,9.42,6,327.03,20 / 21,3683910,2019-09-06 20:21:29:653,-2.3736,1.4976,10.3641,0.0452,-0.0553,9.8063,-0.191,0.161,-0.101,6.13,-37.06,-3.12,148.78,-83.69,-165.99
52.39274,-1.551809,147.49,9.42,6,327.03,20 / 21,3684009,2019-09-06 20:21:29:752,-1.7351,-0.017,11.08,-0.0443,0.0345,9.8065,0.0416,0.0082,0.0125,5.81,-36.75,-3.94,152.84,-83.76,-165.48
52.39274,-1.551809,147.49,9.42,6,327.03,20 / 21,3684110,2019-09-06 20:21:29:853,-0.0194,-0.681,9.654,-0.0349,0.031,9.8065,-0.1405,0.0404,0.0335,6.38,-36.87,-3.87,152.34,-83.46,-166.95
52.39274,-1.551809,147.49,9.42,6,327.03,20 / 21,3684210,2019-09-06 20:21:29:953,-1.0453,-2.3948,9.987,-0.0023,0.0155,9.8066,-0.1661,0.0995,-0.0731,6.56,-37.12,-4.62,151.69,-83.44,-167.19
52.39274,-1.551809,147.49,9.42,6,327.03,20 / 21,3684310,2019-09-06 20:21:30:053,-0.5056,-1.7138,9.8291,-0.0074,0.0039,9.8066,0.1752,0.05,0.0604,6.56,-36.87,-4.12,148.29,-83.34,-167.57
52.39274,-1.551809,147.49,9.42,6,327.03,18 / 20,3684410,2019-09-06 20:21:30:153,-0.9418,-0.3686,10.0409,0.0155,-0.0133,9.8066,0.083,0.063,-0.0362,6.88,-37,-4.81,151.91,-83.48,-166.8
52.39274,-1.551809,147.49,9.42,6,327.03,18 / 20,3684509,2019-09-06 20:21:30:252,-1.7796,-0.8355,9.7633,0.0013,-0.0126,9.8066,-0.0246,0.0294,0.0488,6.69,-38.44,-6,154.8,-83.43,-167.26
52.39274,-1.551809,147.49,9.42,6,327.03,18 / 20,3684610,2019-09-06 20:21:30:353,-0.2628,-0.4415,9.9917,-0.0059,0.0232,9.8065,-0.0457,0.0834,-0.0495,7.81,-41.87,-5.44,149.91,-83.39,-166.86
52.39274,-1.551809,147.49,9.42,6,327.03,18 / 20,3684709,2019-09-06 20:21:30:452,0.7698,-1.6336,9.9208,-0.0002,-0.0063,9.8066,0.0057,0.0405,0.0426,8.44,-41.25,-0.75,134.88,-83.33,-166.91
52.39274,-1.551809,147.49,9.42,6,327.03,18 / 20,3684810,2019-09-06 20:21:30:553,-0.2938,-0.7815,10.0536,0.0175,0.0012,9.8066,-0.0609,-0.0133,0.016,8,-38.87,0.75,124.48,-83.3,-166.09
52.39274,-1.551809,147.49,9.42,6,327.03,18 / 20,3684909,2019-09-06 20:21:30:652,-0.1601,-1.0611,10.0147,0.0132,-0.01,9.8066,0.124,-0.0813,0.074,7.13,-35.94,0.06,131.11,-83.31,-165.62
52.39274,-1.551809,147.49,9.42,6,327.03,18 / 20,3685010,2019-09-06 20:21:30:753,-1.2274,-0.5838,9.8419,-0.0056,0.0105,9.8066,-0.002,0.0207,-0.0336,6.5,-35.62,-1.12,137.27,-83.13,-165.14
52.39274,-1.551809,147.49,9.42,6,327.03,18 / 20,3685110,2019-09-06 20:21:30:853,-1.2467,0.4452,9.6556,-0.0009,0.0071,9.8066,-0.0448,0.0394,0.0124,6.5,-35.81,-1.94,142.13,-83.1,-165.05
52.39274,-1.551809,147.49,9.42,6,327.03,18 / 20,3685210,2019-09-06 20:21:30:953,-0.7306,-1.0485,9.5931,-0.007,0.0056,9.8066,-0.0167,0.0461,0.0202,6.25,-36.75,-2.5,145.95,-83.09,-165.55
52.39274,-1.551809,147.49,9.42,6,327.03,18 / 20,3685310,2019-09-06 20:21:31:053,-0.4271,-0.0086,9.3659,-0.0092,0.0052,9.8066,0.0082,-0.0115,-0.0126,6.75,-36.19,-2.87,145.99,-83.05,-165.72
52.39274,-1.551809,147.49,9.42,6,327.03,18 / 19,3685409,2019-09-06 20:21:31:152,-1.4763,-0.6302,9.7427,-0.0045,-0.0017,9.8066,0.0307,0.079,0.0014,6.63,-37,-2.75,146.3,-83.02,-165.86
52.39274,-1.551809,147.49,9.42,6,327.03,18 / 19,3685510,2019-09-06 20:21:31:253,-0.6223,0.4185,9.5968,-0.0115,0.0138,9.8066,-0.1183,0.0354,-0.0456,7.19,-36.69,-2.75,145.85,-83.01,-166.57
52.39274,-1.551809,147.49,9.42,6,327.03,18 / 19,3685610,2019-09-06 20:21:31:353,-0.7328,0.3323,9.2004,0.0012,-0.0135,9.8066,-0.0346,-0.0519,0.088,6.56,-37.12,-2.56,145.54,-83,-167.09
52.39274,-1.551809,147.49,9.42,6,327.03,18 / 19,3685709,2019-09-06 20:21:31:452,-1.7815,0.1649,9.6457,0.011,-0.0134,9.8065,0.0108,-0.0029,-0.015,6.38,-37.25,-2.37,145.23,-82.97,-167.16
52.39274,-1.551809,147.49,9.42,6,327.03,18 / 19,3685810,2019-09-06 20:21:31:553,-0.3301,-0.212,10.6742,-0.0163,0.0124,9.8065,-0.0114,-0.0011,-0.0282,6.25,-37,-2.69,149.8,-82.98,-166.42
52.39274,-1.551809,147.49,9.42,6,327.03,18 / 19,3685910,2019-09-06 20:21:31:653,0.0859,0.3067,10.1608,-0.0067,-0.0044,9.8066,-0.0532,0.0321,0.0394,6.44,-36.87,-3,149.35,-82.89,-167.43
52.39274,-1.551809,147.49,9.42,6,327.03,18 / 19,3686009,2019-09-06 20:21:31:752,-0.8111,-0.1036,9.6961,-0.0046,0.0032,9.8066,-0.0647,0.0263,-0.0161,5.94,-37.12,-2.37,145.57,-82.7,-167.56
52.39274,-1.551809,147.49,9.42,6,327.03,18 / 19,3686110,2019-09-06 20:21:31:853,-0.6857,-0.4772,9.6018,-0.005,0.0047,9.8066,0.0411,-0.0554,0.0575,6.81,-36.81,-2.62,145.72,-82.68,-167.71
52.39274,-1.551809,147.49,9.42,6,327.03,18 / 19,3686210,2019-09-06 20:21:31:953,0.7729,-0.2772,9.9233,0.0184,-0.0072,9.8066,0.0258,0.0038,-0.0663,6.94,-37.25,-2.75,145.91,-82.71,-167.34
52.39274,-1.551809,147.49,9.42,6,327.03,18 / 19,3686310,2019-09-06 20:21:32:053,-0.3643,0.5468,10.0835,-0.0009,-0.0017,9.8066,0.0387,-0.0059,0.0447,6.5,-37.75,-2.94,146.06,-82.62,-167.94
52.393623,-1.552739,147.5,16.26,4,314.6,17 / 19,3686409,2019-09-06 20:21:32:152,-0.4682,0.2927,10.1449,-0.0122,0.0134,9.8065,0.0889,-0.0228,0.0029,6.75,-37.44,-2.31,141.07,-82.64,-168.86
52.393623,-1.552739,147.5,16.26,4,314.6,17 / 19,3686510,2019-09-06 20:21:32:253,-1.7014,0.8555,9.7297,-0.0042,-0.0047,9.8066,-0.0078,-0.0575,0.035,6.19,-37.56,-2.62,149.36,-82.48,-169.24
52.393623,-1.552739,147.5,16.26,4,314.6,17 / 19,3686610,2019-09-06 20:21:32:353,-0.4124,0.4047,9.4136,-0.0019,-0.0032,9.8066,0.0057,-0.0455,0.0025,6.19,-37.69,-2.56,148.97,-82.48,-169.91
52.393623,-1.552739,147.5,16.26,4,314.6,17 / 19,3686709,2019-09-06 20:21:32:452,0.4851,0.6139,10.0028,-0.0122,0.0072,9.8065,-0.0245,-0.0433,-0.0338,6.38,-36.81,-2.44,144.74,-82.38,-170.14
52.393623,-1.552739,147.5,16.26,4,314.6,17 / 19,3686810,2019-09-06 20:21:32:553,-0.4839,-0.0654,9.4008,0.0025,-0.013,9.8066,0.0848,-0.0485,0.0849,6.63,-37.25,-3,143.96,-82.37,-171.36
52.393623,-1.552739,147.5,16.26,4,314.6,17 / 19,3686910,2019-09-06 20:21:32:653,0.6886,0.0374,9.9808,0.0036,0.0006,9.8066,0.0174,-0.0083,-0.0517,6.25,-37.12,-3.19,148.23,-82.25,-171.2
52.393623,-1.552739,147.5,16.26,4,314.6,17 / 19,3687010,2019-09-06 20:21:32:753,0.2213,0.1602,9.7626,-0.0104,-0.0144,9.8066,-0.0515,-0.0129,0.0112,6.25,-37.12,-2.62,147.88,-82.24,-171.83
52.393623,-1.552739,147.5,16.26,4,314.6,17 / 19,3687110,2019-09-06 20:21:32:853,0.2724,0.7763,9.9148,0.006,-0.0202,9.8066,-0.0128,-0.0241,-0.0251,6.13,-37.44,-2.69,146.54,-82.42,-173.5
52.393623,-1.552739,147.5,16.26,4,314.6,17 / 19,3687210,2019-09-06 20:21:32:953,-0.0555,-1.2261,9.0037,-0.0287,0.0178,9.8065,-0.1216,0.0114,-0.0822,6.75,-37.87,-3.19,142.73,-82.29,-174.22
52.393623,-1.552739,147.5,16.26,4,314.6,17 / 19,3687310,2019-09-06 20:21:33:053,0.6321,0.1648,9.7928,-0.035,0.025,9.8065,0.0099,0.0007,0.0156,6.69,-37.37,-2.81,141.78,-82.31,-174.97
52.393623,-1.552739,147.5,16.26,4,314.6,17 / 19,3687410,2019-09-06 20:21:33:153,0.697,0.2748,9.9643,0.0073,-0.0124,9.8066,0.022,-0.0747,0.0317,6.31,-37.12,-2.87,145.95,-82.39,-174.6
52.393623,-1.552739,147.5,16.26,4,314.6,17 / 19,3687509,2019-09-06 20:21:33:252,0.3798,0.1887,9.8251,0.0034,0.0031,9.8066,0.0294,-0.0659,0.0268,6,-37.06,-3,146.26,-82.23,-174.61
52.393623,-1.552739,147.5,16.26,4,314.6,17 / 19,3687610,2019-09-06 20:21:33:353,-0.3622,0.4606,9.8259,0.0152,-0.0121,9.8066,0.1066,0.002,0.0049,6.06,-37.25,-2.81,146.5,-82.12,-174.56
52.393623,-1.552739,147.5,16.26,4,314.6,17 / 19,3687709,2019-09-06 20:21:33:452,1.264,0.1134,10.6255,0.0186,-0.0181,9.8066,-0.0401,-0.0433,-0.0082,5.56,-37.44,-3.12,146.58,-82.21,-174.15
52.393623,-1.552739,147.5,16.26,4,314.6,17 / 19,3687810,2019-09-06 20:21:33:553,-0.1409,0.1089,9.3242,-0.0215,0.0236,9.8066,-0.0168,-0.0326,-0.0349,6,-37.37,-3.37,146.92,-82.04,-174.12
52.393623,-1.552739,147.5,16.26,4,314.6,17 / 19,3687910,2019-09-06 20:21:33:653,-0.1023,0.2059,9.3197,0.0056,-0.0139,9.8066,-0.0472,0.0027,0.064,5.81,-37.69,-3.69,150.36,-81.95,-174.54
52.393623,-1.552739,147.5,16.26,4,314.6,17 / 19,3688010,2019-09-06 20:21:33:753,-0.0967,0.2324,9.3578,-0.0051,0.0043,9.8066,-0.0552,-0.0573,0.037,5.94,-37.56,-3.06,147.03,-81.98,-174.83
52.393623,-1.552739,147.5,16.26,4,314.6,17 / 19,3688110,2019-09-06 20:21:33:853,0.3746,0.9778,10.5849,-0.0071,0.002,9.8065,0.0934,-0.015,-0.0246,6.06,-37.19,-3.12,146.53,-81.98,-174.96
52.393623,-1.552739,147.5,16.26,4,314.6,17 / 19,3688209,2019-09-06 20:21:33:952,-0.2433,1.2894,9.9107,-0.0034,-0.02,9.8066,0.1283,-0.0891,0.0587,5.63,-37.37,-2.87,146.21,-81.91,-175.73
52.393623,-1.552739,147.5,16.26,4,314.6,17 / 19,3688309,2019-09-06 20:21:34:052,-0.3662,-0.1853,9.8413,-0.0039,0.0017,9.8066,0.0276,0.0149,-0.0451,5.94,-36.62,-2.44,142.24,-81.89,-176.41
52.393623,-1.552739,147.5,16.26,4,314.6,17 / 19,3688409,2019-09-06 20:21:34:152,0.2624,0.2917,10.0708,-0.0116,0.0088,9.8066,-0.0768,-0.0283,0.0165,6.19,-38.06,-2.87,145.97,-81.83,-177.2
52.393623,-1.552739,147.5,16.26,4,314.6,17 / 19,3688510,2019-09-06 20:21:34:253,0.3291,0.4058,9.5822,-0.0094,0.0121,9.8066,0.075,-0.0038,-0.0352,6.13,-37.19,-3.44,145.47,-81.81,-177.36
52.393623,-1.552739,147.5,16.26,4,314.6,17 / 19,3688609,2019-09-06 20:21:34:352,-0.5403,0.4241,9.6443,0.0053,-0.0138,9.8066,-0.0245,-0.0039,0.0291,5.94,-37.81,-2.5,142.01,-81.89,-177.71
52.393623,-1.552739,147.5,16.26,4,314.6,17 / 19,3688710,2019-09-06 20:21:34:453,0.3793,0.1035,9.7472,-0.0034,0.0164,9.8065,0.053,-0.0321,0.0164,5.63,-37.19,-3.56,148.4,-81.9,-177.37
52.393623,-1.552739,147.5,16.26,4,314.6,17 / 19,3688809,2019-09-06 20:21:34:552,0.7003,0.4031,10.5087,0.0133,-0.01,9.8065,0.1087,-0.0916,-0.0257,5.81,-37.56,-3.12,146.17,-81.87,-176.71
52.393623,-1.552739,147.5,16.26,4,314.6,17 / 19,3688910,2019-09-06 20:21:34:653,-0.6061,1.2918,9.872,0.0101,-0.0334,9.8066,-0.1766,-0.0005,0.0511,6.13,-37.25,-3.19,145.36,-81.98,-176.99
52.393623,-1.552739,147.5,16.26,4,314.6,17 / 19,3689010,2019-09-06 20:21:34:753,1.5364,-0.33,9.7616,-0.0236,0.028,9.8065,-0.2186,-0.1066,0.0175,5.44,-37.12,-3.56,153.11,-81.79,-177.26
52.393623,-1.552739,147.5,16.26,4,314.6,17 / 19,3689110,2019-09-06 20:21:34:853,0.0736,0.0196,10.4567,-0.0179,0.0216,9.8066,0.0698,-0.0188,-0.0211,5.19,-37.19,-3.44,150.28,-81.82,-177.09
52.393623,-1.552739,147.5,16.26,4,314.6,17 / 19,3689210,2019-09-06 20:21:34:953,0.4363,-0.3794,10.6121,-0.0016,0.0003,9.8065,0.1053,-0.0263,0.0175,6.06,-37.37,-2.75,145.45,-81.71,-177.74
52.393623,-1.552739,147.5,16.26,4,314.6,17 / 19,3689310,2019-09-06 20:21:35:053,-0.0728,0.5884,10.1492,0.0002,0.0015,9.8066,0.0093,-0.0284,0.0136,6,-37.75,-3.19,146.29,-81.52,-177.7
52.393623,-1.552739,147.5,16.26,4,314.6,17 / 18,3689409,2019-09-06 20:21:35:152,0.2785,0.0217,9.6462,0.0033,-0.0015,9.8066,-0.0219,-0.0069,0.0745,5.38,-37.06,-3.25,150.57,-81.55,-177.49
52.393623,-1.552739,147.5,16.26,4,314.6,17 / 18,3689510,2019-09-06 20:21:35:253,1.2113,-0.2045,9.8003,0.0114,-0.0168,9.8066,0.0909,-0.011,-0.0672,5.31,-37.19,-3.31,150.68,-81.65,-176.91
52.393623,-1.552739,147.5,16.26,4,314.6,17 / 18,3689609,2019-09-06 20:21:35:352,0.5258,0.2518,9.3613,0.0031,-0.0145,9.8066,0.0811,0.0098,-0.0211,5.44,-37.31,-3.31,150.33,-81.71,-177.36
52.393623,-1.552739,147.5,16.26,4,314.6,17 / 18,3689710,2019-09-06 20:21:35:453,-0.0864,0.2535,10.2178,-0.0208,0.0266,9.8065,-0.0314,-0.0171,0.0214,5.88,-37.69,-3.44,145.85,-81.72,-177.79
52.393623,-1.552739,147.5,16.26,4,314.6,17 / 18,3689809,2019-09-06 20:21:35:552,-0.0991,0.2726,10.0354,-0.019,0.0157,9.8066,-0.0633,-0.0483,-0.0441,5.38,-37.44,-2.87,150.35,-81.49,-178.09
52.393623,-1.552739,147.5,16.26,4,314.6,17 / 18,3689909,2019-09-06 20:21:35:652,0.1492,0.0244,9.6574,-0.0307,0.0148,9.8065,0.0586,-0.0522,-0.0033,6,-37.69,-3.37,145.63,-81.49,-179.01
52.393623,-1.552739,147.5,16.26,4,314.6,17 / 18,3690009,2019-09-06 20:21:35:752,0.767,-0.2959,10.0582,0.0131,-0.0328,9.8065,0.0391,-0.0283,0.0188,6.19,-37.56,-3.56,148.31,-81.45,-179.47
52.393623,-1.552739,147.5,16.26,4,314.6,17 / 18,3690110,2019-09-06 20:21:35:853,-0.7639,0.6824,9.9319,0.0172,-0.0316,9.8066,-0.1236,-0.0393,0.0309,5.69,-37.44,-3.37,144.12,-81.71,179.95
52.393623,-1.552739,147.5,16.26,4,314.6,17 / 18,3690210,2019-09-06 20:21:35:953,0.6339,-0.9355,9.93,-0.0134,0.0152,9.8065,-0.1124,-0.0211,-0.053,5.56,-37.31,-3.75,147.13,-81.65,179.79
52.393623,-1.552739,147.5,16.26,4,314.6,17 / 18,3690309,2019-09-06 20:21:36:052,0.3251,0.2868,9.7919,-0.0063,-0.0009,9.8066,0.042,0.009,-0.0279,6.13,-37,-3.81,146.85,-81.67,179.39
52.393623,-1.552739,147.5,16.26,4,314.6,17 / 18,3690409,2019-09-06 20:21:36:152,0.2237,0.591,9.3803,-0.0146,0.0024,9.8066,-0.005,-0.0004,0.0498,5.38,-37.87,-3.87,151.27,-81.63,178.25
52.393623,-1.552739,147.5,16.26,4,314.6,17 / 18,3690510,2019-09-06 20:21:36:253,0.2647,-0.4605,9.4895,-0.0136,0.0175,9.8065,0.0219,-0.0156,-0.0184,6,-37.75,-3.87,146.43,-81.65,177.92
52.393623,-1.552739,147.5,16.26,4,314.6,17 / 18,3690610,2019-09-06 20:21:36:353,0.3096,-0.4899,10.6201,0.0069,-0.0141,9.8066,0.042,-0.0029,-0.0139,5.88,-37.25,-4.19,145.59,-81.74,177.47
52.393623,-1.552739,147.5,16.26,4,314.6,17 / 18,3690710,2019-09-06 20:21:36:453,-0.6494,0.1061,10.2879,0.0034,-0.0038,9.8066,-0.032,-0.0409,0.0337,5.88,-37.06,-3.5,142.46,-81.75,177.21
52.393623,-1.552739,147.5,16.26,4,314.6,17 / 18,3690809,2019-09-06 20:21:36:552,-0.1945,-0.0238,9.7622,-0.0104,0.0394,9.8065,-0.1008,-0.0069,0.0177,5.75,-37.56,-3.81,147.1,-81.39,178.24
52.393623,-1.552739,147.5,16.26,4,314.6,17 / 18,3690909,2019-09-06 20:21:36:652,0.7051,-0.7499,9.3999,-0.0018,0.0127,9.8066,-0.0315,0.0057,0.0423,5.31,-37.75,-3.37,149.42,-81.44,179.07
52.393623,-1.552739,147.5,16.26,4,314.6,17 / 18,3691010,2019-09-06 20:21:36:753,0.2141,-0.4363,9.645,0.0088,-0.0122,9.8066,-0.0417,-0.0177,-0.0465,5.38,-37.62,-4,151.8,-81.67,179.35
52.393623,-1.552739,147.5,16.26,4,314.6,17 / 18,3691109,2019-09-06 20:21:36:852,-0.0477,0.5467,9.9522,0.0077,-0.0243,9.8065,-0.1242,-0.0223,0.0211,5.06,-37.44,-3.75,151.02,-81.82,179.09
52.393623,-1.552739,147.5,16.26,4,314.6,17 / 18,3691210,2019-09-06 20:21:36:953,0.5521,-0.2488,10.3001,-0.0124,0.0224,9.8065,-0.0485,0.0188,0.0312,5.81,-37.5,-3.62,146.28,-81.85,178.96
52.393623,-1.552739,147.5,16.26,4,314.6,17 / 18,3691310,2019-09-06 20:21:37:053,0.2255,0.093,10.0332,-0.0153,0.0228,9.8066,0.0844,-0.0046,0.0422,5.06,-36.87,-3.56,151.4,-81.58,179.05
52.393623,-1.552739,147.5,16.26,4,314.6,17 / 20,3691410,2019-09-06 20:21:37:153,-0.0513,1.2324,9.7332,0.0175,-0.0244,9.8066,0.1128,-0.0108,0.0046,5.13,-36.94,-4,151.71,-81.55,179.53
52.393623,-1.552739,147.5,16.26,4,314.6,17 / 20,3691509,2019-09-06 20:21:37:252,0.0006,0.5194,9.3785,0.0215,-0.0174,9.8065,-0.0755,-0.022,-0.0303,5.44,-37.44,-3.62,151.96,-81.53,179.92
52.393623,-1.552739,147.5,16.26,4,314.6,17 / 20,3691610,2019-09-06 20:21:37:353,0.8529,0.341,10.0157,-0.027,0.0279,9.8065,-0.1195,-0.0007,-0.0016,5.19,-37.12,-3.62,151.37,-81.79,179.6
52.393623,-1.552739,147.5,16.26,4,314.6,17 / 20,3691709,2019-09-06 20:21:37:452,1.102,-0.0614,10.2313,-0.0157,0.0227,9.8065,0.0074,0.0366,-0.0467,5.25,-36.87,-4.31,150.85,-81.75,178.55
52.393623,-1.552739,147.5,16.26,4,314.6,17 / 20,3691810,2019-09-06 20:21:37:553,0.0707,1.0782,11.2765,0.0057,-0.0234,9.8066,0.1859,-0.0649,0.0134,5.31,-37.19,-4.06,150.53,-81.77,178.04
52.393623,-1.552739,147.5,16.26,4,314.6,17 / 20,3691910,2019-09-06 20:21:37:653,0.4271,0.7845,10.334,0.0352,-0.0664,9.8063,-0.1047,-0.0022,-0.0289,5.31,-37.62,-4.12,150.92,-81.81,178.19
52.393623,-1.552739,147.5,16.26,4,314.6,17 / 20,3692009,2019-09-06 20:21:37:752,0.9207,-0.6762,9.6928,-0.0214,0.0249,9.8065,-0.1236,-0.0217,0.0153,5,-37.56,-4.12,151.11,-81.53,177.66
52.393623,-1.552739,147.5,16.26,4,314.6,17 / 20,3692110,2019-09-06 20:21:37:853,-0.0637,-0.4621,9.854,0.0193,-0.031,9.8065,0.038,0.0041,-0.035,5.5,-37.5,-3.69,145.83,-81.58,177.36
52.393623,-1.552739,147.5,16.26,4,314.6,17 / 20,3692210,2019-09-06 20:21:37:953,0.0277,0.2745,9.7194,0.0131,-0.0207,9.8066,0.0418,-0.0297,0.0348,5.56,-37.69,-4.12,146.01,-81.61,177.06
52.393623,-1.552739,147.5,16.26,4,314.6,17 / 20,3692310,2019-09-06 20:21:38:053,0.2837,0.3197,10.029,0.0018,0.009,9.8066,0.0906,0.0234,-0.0264,5.38,-37.5,-4,150.54,-81.58,177.5
52.393623,-1.552739,147.5,16.26,4,314.6,17 / 19,3692409,2019-09-06 20:21:38:152,-0.6274,0.4357,9.8637,0.0019,0.0021,9.8065,0.0544,-0.005,0.0199,5.31,-37.5,-3.87,150.72,-81.56,177.75
52.393623,-1.552739,147.5,16.26,4,314.6,17 / 19,3692510,2019-09-06 20:21:38:253,0.2608,-0.6496,9.6201,0.0036,0.0017,9.8066,-0.0174,-0.0062,-0.0035,5.31,-37.69,-3.94,151.22,-81.6,178.09
52.393623,-1.552739,147.5,16.26,4,314.6,17 / 19,3692610,2019-09-06 20:21:38:353,0.1762,0.1629,9.315,0.0149,-0.0277,9.8065,0.0438,0.0066,0.0554,4.94,-37.56,-3.87,151.21,-81.76,178.55
52.393623,-1.552739,147.5,16.26,4,314.6,17 / 19,3692710,2019-09-06 20:21:38:453,-0.0286,0.1554,9.5575,-0.0046,0.017,9.8066,-0.018,-0.0151,-0.0385,4.38,-37.44,-3.69,156.05,-81.77,178.89
52.393623,-1.552739,147.5,16.26,4,314.6,17 / 19,3692810,2019-09-06 20:21:38:553,-0.4396,-0.0734,9.7383,-0.011,0.0073,9.8066,-0.0027,0.0342,0.0025,4.88,-37.19,-4.44,151.09,-81.72,178.91
52.393623,-1.552739,147.5,16.26,4,314.6,17 / 19,3692909,2019-09-06 20:21:38:652,0.0937,-0.45,9.9701,-0.0104,0.0135,9.8065,0.0707,0.0081,0.0143,4.88,-37.25,-4.12,150.96,-81.62,178.37
52.393623,-1.552739,147.5,16.26,4,314.6,17 / 19,3693009,2019-09-06 20:21:38:752,-0.0704,-0.702,9.7082,0.0056,-0.0053,9.8066,0.0105,0.0056,-0.0325,5.44,-36.87,-4.31,151,-81.64,178.5
52.393623,-1.552739,147.5,16.26,4,314.6,17 / 19,3693110,2019-09-06 20:21:38:853,0.0205,-0.6116,9.7239,-0.0093,0.0103,9.8066,-0.0372,0.0261,0.0303,5.63,-37.56,-3.69,146.85,-81.61,178.49
52.393623,-1.552739,147.5,16.26,4,314.6,17 / 19,3693209,2019-09-06 20:21:38:952,1.2375,-0.9719,9.8131,-0.0092,0.0309,9.8065,-0.0395,-0.1189,0.0447,5.44,-37.69,-3.87,151.85,-81.51,178.96
52.393623,-1.552739,147.5,16.26,4,314.6,17 / 19,3693310,2019-09-06 20:21:39:053,-0.692,-0.1293,9.4756,0.0146,-0.0128,9.8066,-0.0126,-0.0045,-0.0094,5,-37.31,-4.06,151.2,-81.66,178.92
52.393623,-1.552739,147.5,16.26,4,314.6,18 / 19,3693409,2019-09-06 20:21:39:152,-0.1543,-1.2984,10.0371,0.0098,0.002,9.8066,0.0795,-0.0217,0.0525,5.44,-37.12,-3.87,151.68,-81.64,179.73
52.393623,-1.552739,147.5,16.26,4,314.6,18 / 19,3693510,2019-09-06 20:21:39:253,0.1734,-0.6315,9.8544,-0.0228,0.0283,9.8066,-0.0694,0.047,-0.0747,5.19,-37.06,-3.69,151.83,-81.51,179.63
52.393623,-1.552739,147.5,16.26,4,314.6,18 / 19,3693609,2019-09-06 20:21:39:352,-0.6443,0.635,10.3771,-0.0266,0.0525,9.8064,-0.0118,0.0384,-0.0227,5.06,-37.5,-3.56,152.12,-81.37,179.76
52.393623,-1.552739,147.5,16.26,4,314.6,18 / 19,3693710,2019-09-06 20:21:39:453,-0.4011,-0.0721,9.8578,0.0127,-0.0209,9.8065,0.0024,0.0102,0.0709,4.94,-37.19,-4,152.05,-81.46,179.88
52.393623,-1.552739,147.5,16.26,4,314.6,18 / 19,3693809,2019-09-06 20:21:39:552,-0.5711,0.5316,9.5896,0.0185,-0.0318,9.8066,-0.0862,-0.0473,0.0193,4.94,-37.31,-4.5,151.97,-81.56,-179.99
52.393623,-1.552739,147.5,16.26,4,314.6,18 / 19,3693910,2019-09-06 20:21:39:653,-0.4514,-0.5346,10.1673,-0.0169,0.0104,9.8066,-0.0834,-0.0134,0.0042,5.38,-37.5,-4,151.68,-81.66,179.79
52.393623,-1.552739,147.5,16.26,4,314.6,18 / 19,3694009,2019-09-06 20:21:39:752,-0.658,-0.4785,9.4403,-0.0194,0.0233,9.8066,-0.1526,-0.0401,-0.0073,5.81,-37.25,-3.87,147.04,-81.49,179.16
52.393623,-1.552739,147.5,16.26,4,314.6,18 / 19,3694111,2019-09-06 20:21:39:854,0.276,2.441,9.6566,0.0687,-0.0775,9.8061,0.0486,-0.1133,0.0958,6.31,-37.75,-3.81,147.32,-81.72,179.64
52.393623,-1.552739,147.5,16.26,4,314.6,18 / 19,3694210,2019-09-06 20:21:39:953,-0.281,-0.0575,10.2096,0.0193,-0.0485,9.8065,-0.1329,-0.0233,0.0922,5.5,-37.06,-4.19,147.76,-81.59,-179.32
52.393623,-1.552739,147.5,16.26,4,314.6,18 / 19,3694310,2019-09-06 20:21:40:053,2.5615,-1.0893,9.7682,0.0063,-0.0102,9.8066,-0.1401,0.1201,-0.1023,5.13,-37.5,-3.56,152.41,-81.73,-178.7
52.393623,-1.552739,147.5,16.26,4,314.6,18 / 20,3694410,2019-09-06 20:21:40:153,-0.9276,-0.3975,10.2144,0.0145,-0.004,9.8066,-0.3765,0.1429,-0.1216,5,-37.37,-3.81,153.21,-81.64,-177.51
52.393623,-1.552739,147.5,16.26,4,314.6,18 / 20,3694509,2019-09-06 20:21:40:252,0.2565,0.4366,9.8211,-0.0207,0.0471,9.8064,0.0329,0.2523,0.0332,5,-37.44,-3.75,153.75,-81.88,-175.88
52.393623,-1.552739,147.5,16.26,4,314.6,18 / 20,3694609,2019-09-06 20:21:40:352,0.1353,-1.4783,10.3395,-0.0034,0.0159,9.8065,0.1006,0.114,0.0011,4.69,-37.31,-4.37,154.03,-81.73,-175.79
52.393623,-1.552739,147.5,16.26,4,314.6,18 / 20,3694710,2019-09-06 20:21:40:453,1.1601,-0.5339,11.0213,-0.0057,0.0012,9.8066,0.0538,-0.0676,-0.0587,5.56,-37.81,-3.37,146.56,-81.59,-176.98
52.393623,-1.552739,147.5,16.26,4,314.6,18 / 20,3694810,2019-09-06 20:21:40:553,-1.2074,-0.521,9.7068,-0.0111,0.0055,9.8066,-0.0493,0.0469,-0.0983,5.38,-37.69,-3.56,153.34,-81.31,-178.85
52.393623,-1.552739,147.5,16.26,4,314.6,18 / 20,3694909,2019-09-06 20:21:40:652,0.847,-0.0583,9.1635,-0.0065,0.005,9.8066,-0.0192,0.0073,-0.0332,5.5,-37.75,-3.69,149.15,-81.17,-178.82
52.393623,-1.552739,147.5,16.26,4,314.6,18 / 20,3695010,2019-09-06 20:21:40:753,0.4525,-0.418,9.2228,0.0036,-0.009,9.8066,-0.0457,-0.0379,-0.0366,4.88,-37.31,-3.94,152.51,-81.41,-179.44
52.393623,-1.552739,147.5,16.26,4,314.6,18 / 20,3695110,2019-09-06 20:21:40:853,0.5289,-0.4716,10.0036,0.0068,-0.0116,9.8066,0.1041,-0.0412,0.0342,5.13,-37.44,-3.69,152.35,-81.52,-179.4
52.393623,-1.552739,147.5,16.26,4,314.6,18 / 20,3695210,2019-09-06 20:21:40:953,-0.517,0.478,9.8663,-0.0024,-0.0056,9.8065,0.0976,-0.0282,-0.0009,5.19,-37.81,-3.12,150.03,-81.44,-179.74
52.393623,-1.552739,147.5,16.26,4,314.6,18 / 20,3695309,2019-09-06 20:21:41:052,0.4242,0.3163,10.418,-0.0003,0.0215,9.8066,-0.1432,-0.026,0.0375,5.13,-37.44,-3.31,150.41,-81.23,-178.89
52.394676,-1.554266,147.47,18.21,6,320.32,17 / 19,3695410,2019-09-06 20:21:41:153,0.7928,-0.3741,10.2623,0.0268,-0.0261,9.8066,0.1801,-0.0486,0.0461,5.31,-37.94,-3.87,153.6,-81.42,-178.05
52.394676,-1.554266,147.47,18.21,6,320.32,17 / 19,3695509,2019-09-06 20:21:41:252,0.1533,0.1548,9.749,0.0102,-0.001,9.8066,0.0517,-0.0518,0.0354,5,-38.12,-3.37,151.89,-81.3,-176.57
52.394676,-1.554266,147.47,18.21,6,320.32,17 / 19,3695609,2019-09-06 20:21:41:352,1.6104,0.6737,9.8531,0.0012,0.0107,9.8066,0.0532,-0.0593,0.006,4.88,-37.19,-3.81,154.62,-81.23,-176.01
52.394676,-1.554266,147.47,18.21,6,320.32,17 / 19,3695709,2019-09-06 20:21:41:452,0.453,0.1687,9.9568,-0.0189,-0.0137,9.8065,-0.0069,-0.0458,-0.0577,5.06,-37.62,-3.87,154.3,-81.31,-177.04
52.394676,-1.554266,147.47,18.21,6,320.32,17 / 19,3695809,2019-09-06 20:21:41:552,0.7698,-0.5405,9.7415,-0.0104,-0.0133,9.8066,0.0413,-0.0269,-0.038,5.06,-37.5,-3.62,152.49,-81.39,-179.5
52.394676,-1.554266,147.47,18.21,6,320.32,17 / 19,3695910,2019-09-06 20:21:41:653,0.3222,-0.6319,9.8614,-0.0099,0.0076,9.8065,-0.0673,-0.045,0.0145,5,-37.12,-3.87,152.09,-81.37,179.68
52.394676,-1.554266,147.47,18.21,6,320.32,17 / 19,3696009,2019-09-06 20:21:41:752,1.0876,0.5678,10.6647,-0.0149,0.0272,9.8065,-0.0457,0.005,-0.0188,5.75,-37.44,-3.69,147.82,-81.21,179.67
52.394676,-1.554266,147.47,18.21,6,320.32,17 / 19,3696109,2019-09-06 20:21:41:852,2.2868,-0.1787,9.3613,-0.0176,0.0053,9.8066,-0.0556,-0.0249,0.0005,5.31,-37.75,-3.81,152.47,-81.16,179.07
52.394676,-1.554266,147.47,18.21,6,320.32,17 / 19,3696210,2019-09-06 20:21:41:953,0.6908,-1.5271,10.3738,-0.0084,0.0322,9.8065,-0.0906,0.0646,-0.0418,4.88,-37.37,-3.69,152.64,-81.08,179.87
52.394676,-1.554266,147.47,18.21,6,320.32,17 / 19,3696309,2019-09-06 20:21:42:052,-1.022,-0.5734,10.4115,-0.0197,-0.0112,9.8066,0.0398,-0.0654,0.0456,5,-37.75,-3.94,152.86,-81.14,179.77
52.394676,-1.554266,147.47,18.21,6,320.32,18 / 21,3696409,2019-09-06 20:21:42:152,0.1578,-1.5931,10.8776,0.0109,0.0096,9.8066,-0.09,0.0053,0.0466,4.94,-37.75,-4.31,153.13,-80.98,179.83
52.394676,-1.554266,147.47,18.21,6,320.32,18 / 21,3696510,2019-09-06 20:21:42:253,0.959,-0.6228,9.8626,-0.0037,0.0405,9.8065,0.0142,-0.0595,-0.0004,4.56,-37.81,-3.87,154.88,-80.55,-177.96
52.394676,-1.554266,147.47,18.21,6,320.32,18 / 21,3696610,2019-09-06 20:21:42:353,0.7373,0.6628,9.1624,-0.01,0.0324,9.8065,-0.1844,-0.016,-0.0432,4.38,-38.44,-3.75,159.85,-80.47,-177.47
52.394676,-1.554266,147.47,18.21,6,320.32,18 / 21,3696710,2019-09-06 20:21:42:453,-0.4312,-3.8323,13.7311,0.0195,-0.0578,9.8064,0.6301,0.6088,-0.2619,4.94,-37.5,-3.69,154.4,-81.05,-176.89
52.394676,-1.554266,147.47,18.21,6,320.32,18 / 21,3696810,2019-09-06 20:21:42:553,-2.43,-1.6761,13.1028,-0.1806,0.1971,9.803,1.1943,-0.1608,0.0063,4.75,-37.56,-3.87,153.77,-81.95,-176.27
52.394676,-1.554266,147.47,18.21,6,320.32,18 / 21,3696909,2019-09-06 20:21:42:652,2.712,2.7099,9.2241,-0.0384,0.1096,9.8059,-0.2718,0.4105,-0.1931,4.81,-37.69,-3.56,153.11,-81.47,-178.81
52.394676,-1.554266,147.47,18.21,6,320.32,18 / 21,3697010,2019-09-06 20:21:42:753,0.9742,0.0828,10.0301,0.046,0.0089,9.8065,0.0242,0.0036,0.0555,3.75,-38,-3.5,158.24,-80.73,-175.42
52.394676,-1.554266,147.47,18.21,6,320.32,18 / 21,3697110,2019-09-06 20:21:42:853,-0.3541,0.0979,9.1351,-0.0629,0.0864,9.8061,-0.2833,-0.0569,-0.0289,4.31,-37.37,-3.56,159.86,-80.25,-177.34
52.394676,-1.554266,147.47,18.21,6,320.32,18 / 21,3697209,2019-09-06 20:21:42:952,0.5362,-0.7258,9.5618,-0.0383,0.0701,9.8063,-0.3003,-0.0359,0.0323,4.38,-37.87,-4.12,160,-80.44,-177.2
52.394676,-1.554266,147.47,18.21,6,320.32,18 / 21,3697310,2019-09-06 20:21:43:053,1.4385,-1.7573,9.7444,0.022,-0.0436,9.8064,0.193,-0.0242,-0.0449,4.69,-38.06,-3.87,154.54,-81,-177.42
52.394676,-1.554266,147.47,18.21,6,320.32,17 / 19,3697410,2019-09-06 20:21:43:153,0.1872,0.1207,10.0909,0.0074,0.0017,9.8066,0.1013,-0.0157,0.0013,4.25,-37.5,-3.75,159.29,-80.7,-177.45
52.394676,-1.554266,147.47,18.21,6,320.32,17 / 19,3697510,2019-09-06 20:21:43:253,-0.0379,-1.3826,11.1878,-0.0077,0.0434,9.8065,0.1185,-0.1001,0.0857,4,-37.94,-3.56,160.09,-80.46,-176.97
52.394676,-1.554266,147.47,18.21,6,320.32,17 / 19,3697609,2019-09-06 20:21:43:352,0.2099,0.9521,9.8236,0.0249,-0.0361,9.8065,0.2647,-0.0909,0.0349,4.19,-37.87,-3.25,158.47,-80.32,-176.15
52.394676,-1.554266,147.47,18.21,6,320.32,17 / 19,3697710,2019-09-06 20:21:43:453,1.2854,0.0406,9.8509,-0.0134,0.0422,9.8065,-0.212,-0.0578,0.0129,4.44,-37.5,-3.44,158.34,-80.2,-176
52.394676,-1.554266,147.47,18.21,6,320.32,17 / 19,3697809,2019-09-06 20:21:43:552,0.5717,0.424,9.336,-0.0283,0.0278,9.8065,-0.0225,-0.0682,-0.0097,4.5,-38,-3.5,153.17,-80.41,-176.9
52.394676,-1.554266,147.47,18.21,6,320.32,17 / 19,3697909,2019-09-06 20:21:43:652,-0.036,-0.2467,9.7138,-0.0109,0.0589,9.8064,0.0045,-0.0639,0.0986,4.31,-37.37,-3.62,160.23,-80.1,-176.87
52.394676,-1.554266,147.47,18.21,6,320.32,17 / 19,3698010,2019-09-06 20:21:43:753,-0.7918,-0.0159,9.869,-0.0144,0.047,9.8065,-0.1099,0.0253,-0.0277,3.69,-38.31,-3.44,158.91,-79.87,-176.45
52.394676,-1.554266,147.47,18.21,6,320.32,17 / 19,3698110,2019-09-06 20:21:43:853,1.589,0.0015,10.0828,0.0321,-0.0318,9.8065,-0.0199,0.0302,-0.0054,3.94,-38,-4.12,161.26,-79.83,-175.89
52.394676,-1.554266,147.47,18.21,6,320.32,17 / 19,3698209,2019-09-06 20:21:43:952,0.5864,0.1696,9.4057,0.0224,-0.026,9.8065,0.1051,-0.0433,0.0534,4,-37.94,-3.81,161.5,-80.16,-174.64
52.394676,-1.554266,147.47,18.21,6,320.32,17 / 19,3698310,2019-09-06 20:21:44:053,0.773,0.3554,9.9736,-0.0107,0.0216,9.8065,0.0703,-0.015,-0.0374,3.44,-37.5,-3.87,166.19,-80.1,-174.44
52.394676,-1.554266,147.47,18.21,6,320.32,18 / 19,3698410,2019-09-06 20:21:44:153,-0.0501,-0.4812,10.0888,-0.0172,0.0312,9.8065,-0.059,0.0302,-0.0416,3.81,-37.87,-3.37,159.57,-79.98,-174.56
52.394676,-1.554266,147.47,18.21,6,320.32,18 / 19,3698509,2019-09-06 20:21:44:252,-0.1813,0.6292,9.9451,-0.0074,0.0012,9.8065,0.0006,0.0155,-0.0104,3.75,-38,-3.69,161.66,-79.84,-174.99
52.394676,-1.554266,147.47,18.21,6,320.32,18 / 19,3698610,2019-09-06 20:21:44:353,0.6577,-0.4727,9.9577,-0.004,0.0237,9.8066,0.0216,-0.0143,0.0254,3.25,-38,-3.31,164.66,-79.7,-175.2
52.394676,-1.554266,147.47,18.21,6,320.32,18 / 19,3698709,2019-09-06 20:21:44:452,-0.2085,0.2851,9.5416,0.006,0.0003,9.8066,-0.1144,-0.0842,0.0398,3.31,-37.94,-3.75,166.53,-79.8,-174.68
52.394676,-1.554266,147.47,18.21,6,320.32,18 / 19,3698810,2019-09-06 20:21:44:553,0.3012,-0.5016,9.1672,-0.0096,0.0163,9.8066,-0.2084,0.0552,-0.04,3.94,-38.19,-3.94,161.91,-79.88,-174.36
52.394676,-1.554266,147.47,18.21,6,320.32,18 / 19,3698910,2019-09-06 20:21:44:653,1.0625,-0.548,10.1164,-0.0005,-0.0132,9.8066,0.042,0.0503,-0.0105,3.63,-38.06,-3.81,161.74,-79.99,-174.49
52.394676,-1.554266,147.47,18.21,6,320.32,18 / 19,3699009,2019-09-06 20:21:44:752,-0.1943,1.0293,10.3129,0.0068,0.0153,9.8065,0.0016,-0.0047,-0.0119,3.75,-38,-4,161.97,-79.85,-174.3
52.394676,-1.554266,147.47,18.21,6,320.32,18 / 19,3699109,2019-09-06 20:21:44:852,0.2201,-0.9137,10.0658,0.0072,0.0037,9.8066,0.0598,-0.0636,0.0827,3.31,-38.06,-3.69,167.02,-79.76,-173.59
52.394676,-1.554266,147.47,18.21,6,320.32,18 / 19,3699210,2019-09-06 20:21:44:953,0.8822,-0.4346,10.4893,-0.0006,-0.015,9.8066,0.0886,0.0001,-0.05,3,-37.94,-4,166.98,-79.73,-173.73
52.394676,-1.554266,147.47,18.21,6,320.32,18 / 19,3699310,2019-09-06 20:21:45:053,0.3452,0.0289,9.6589,-0.0137,0.0233,9.8066,0.0127,-0.0029,0.003,3.06,-38.37,-3.19,164.82,-79.8,-174.54
52.394676,-1.554266,147.47,18.21,6,320.32,17 / 19,3699409,2019-09-06 20:21:45:152,-0.2023,0.1977,10.3058,-0.0023,0.0192,9.8066,0.0038,-0.0031,0.0037,3.38,-37.56,-3.5,165.02,-79.55,-174.59
52.394676,-1.554266,147.47,18.21,6,320.32,17 / 19,3699510,2019-09-06 20:21:45:253,0.0423,0.6693,9.7626,-0.0006,0.0049,9.8066,-0.0478,-0.0186,0.0262,3.19,-38.44,-3.44,164.99,-79.55,-174.68
52.394676,-1.554266,147.47,18.21,6,320.32,17 / 19,3699610,2019-09-06 20:21:45:353,0.9133,-0.2438,9.2945,0.0023,0.0143,9.8066,-0.0602,-0.0698,0.006,3.75,-37.75,-3.5,160.19,-79.52,-174.37
52.394676,-1.554266,147.47,18.21,6,320.32,17 / 19,3699710,2019-09-06 20:21:45:453,0.9908,-0.4486,10.1898,-0.0007,-0.0015,9.8065,0.1091,-0.0428,0.0158,3.25,-37.56,-3.5,164.91,-79.62,-174.72
52.394676,-1.554266,147.47,18.21,6,320.32,17 / 19,3699809,2019-09-06 20:21:45:552,-0.1452,-0.3617,9.4884,-0.014,0.0044,9.8065,-0.0017,0.0327,0.0197,3,-38,-3.94,166.52,-79.51,-175.25
52.394676,-1.554266,147.47,18.21,6,320.32,17 / 19,3699910,2019-09-06 20:21:45:653,-0.2956,0.0622,10.2388,-0.0032,0.0044,9.8065,-0.0383,-0.0164,0.0121,3.63,-37.56,-3.69,161.9,-79.41,-175.41
52.394676,-1.554266,147.47,18.21,6,320.32,17 / 19,3700010,2019-09-06 20:21:45:753,0.2023,0.5693,10.3689,0.0061,0.0064,9.8066,0.0463,-0.0517,0.0134,3.19,-37.94,-3.69,166.71,-79.38,-175
52.394676,-1.554266,147.47,18.21,6,320.32,17 / 19,3700110,2019-09-06 20:21:45:853,0.3053,-0.8909,10.2057,-0.002,0.0071,9.8066,0.055,-0.046,0.0262,3.31,-38.56,-3.37,165.51,-79.19,-174.82
52.394676,-1.554266,147.47,18.21,6,320.32,17 / 19,3700210,2019-09-06 20:21:45:953,-0.3909,0.7815,9.6717,0.0009,0.0039,9.8066,0.0302,0.012,0.0467,3.13,-38.94,-3.06,165.67,-79.11,-174.58
52.394676,-1.554266,147.47,18.21,6,320.32,17 / 19,3700310,2019-09-06 20:21:46:053,-0.0754,-0.3214,9.9096,-0.0089,-0.0038,9.8066,-0.0258,0.0205,-0.0509,2.75,-38.06,-3.12,165.42,-79,-174.83
52.394676,-1.554266,147.47,18.21,6,320.32,18 / 20,3700410,2019-09-06 20:21:46:153,0.7747,-0.4645,9.7733,-0.0033,0.0171,9.8066,-0.056,-0.0564,0.0617,3,-37.94,-2.25,163.54,-78.96,-174.79
52.394676,-1.554266,147.47,18.21,6,320.32,18 / 20,3700509,2019-09-06 20:21:46:252,0.3914,-0.9986,10.1203,0.0074,-0.0159,9.8066,0.1212,-0.0512,0.0215,2.63,-38.69,-2.87,165.86,-78.89,-174.55
52.394676,-1.554266,147.47,18.21,6,320.32,18 / 20,3700609,2019-09-06 20:21:46:352,0.3978,-0.0653,10.1422,0.006,-0.0074,9.8066,0.0523,-0.0253,0.0214,2.81,-37.56,-2.5,163.84,-78.83,-174.24
52.394676,-1.554266,147.47,18.21,6,320.32,18 / 20,3700710,2019-09-06 20:21:46:453,0.7138,-0.9182,10.0098,-0.0077,0.014,9.8066,0.0216,-0.0426,-0.0559,3,-37.94,-3.06,165.9,-78.64,-174.31
52.394676,-1.554266,147.47,18.21,6,320.32,18 / 20,3700810,2019-09-06 20:21:46:553,0.2797,0.1696,9.8393,0.0074,0.0118,9.8066,0.0047,-0.0381,0.041,2.81,-37.87,-3.19,166.06,-78.69,-173.75
52.394676,-1.554266,147.47,18.21,6,320.32,18 / 20,3700910,2019-09-06 20:21:46:653,0.1182,-1.0891,8.9579,0.0143,-0.0233,9.8065,-0.0348,-0.0689,0.0896,3,-38,-3.19,166.16,-78.93,-172.91
52.394676,-1.554266,147.47,18.21,6,320.32,18 / 20,3701009,2019-09-06 20:21:46:752,-0.1868,-0.1862,9.64,0.0033,-0.0098,9.8066,-0.0102,0.015,0.0342,2.5,-37.44,-3.5,165.96,-78.96,-172.71
52.394676,-1.554266,147.47,18.21,6,320.32,18 / 20,3701109,2019-09-06 20:21:46:852,0.3442,-0.4968,9.9556,0.0101,0.0086,9.8066,0.0032,-0.0324,0.0295,2.13,-38.06,-3.81,172.67,-79.09,-172.47
52.394676,-1.554266,147.47,18.21,6,320.32,18 / 20,3701209,2019-09-06 20:21:46:952,0.5588,-0.6582,9.7946,0.0124,-0.0311,9.8065,-0.0243,-0.0296,-0.0317,2.31,-38.12,-3.25,171.49,-79.24,-171.6
52.394676,-1.554266,147.47,18.21,6,320.32,18 / 20,3701309,2019-09-06 20:21:47:052,0.7114,-1.3712,10.0149,-0.0016,0.0142,9.8065,0.1505,0.027,0.0184,2.25,-38.12,-3.62,173.35,-79.06,-170.73
52.394676,-1.554266,147.47,18.21,6,320.32,19 / 20,3701410,2019-09-06 20:21:47:153,-0.4906,0.4319,10.3099,-0.0094,0.0038,9.8066,0.1687,0.001,-0.0117,2.25,-37.69,-2.75,171.79,-78.92,-171.2
52.394676,-1.554266,147.47,18.21,6,320.32,19 / 20,3701509,2019-09-06 20:21:47:252,-0.2893,-0.8017,10.2801,0.0068,-0.0295,9.8065,0.1522,-0.078,0.0265,2.44,-38.37,-3,171.64,-78.94,-171.63
52.394676,-1.554266,147.47,18.21,6,320.32,19 / 20,3701609,2019-09-06 20:21:47:352,-0.1194,-0.9049,10.3328,0.0064,-0.0503,9.8065,0.0041,0.0214,-0.0577,2.44,-38.12,-3.31,171.54,-78.93,-171.94
52.394676,-1.554266,147.47,18.21,6,320.32,19 / 20,3701710,2019-09-06 20:21:47:453,0.1601,-0.4637,9.9639,-0.0048,-0.0036,9.8066,0.0873,-0.0325,0.053,2.56,-38.06,-2.87,166.69,-78.79,-171.73
52.394676,-1.554266,147.47,18.21,6,320.32,19 / 20,3701810,2019-09-06 20:21:47:553,-0.1328,0.2423,9.9875,-0.0087,-0.003,9.8066,0.0135,-0.0326,-0.03,2.63,-38.37,-2.75,166.6,-78.67,-172.22
52.394676,-1.554266,147.47,18.21,6,320.32,19 / 20,3701910,2019-09-06 20:21:47:653,1.0366,0.8253,10.048,-0.0103,0.0135,9.8066,0.0379,-0.0771,0.0275,2.75,-38.62,-3.25,166.66,-78.61,-172.88
52.394676,-1.554266,147.47,18.21,6,320.32,19 / 20,3702010,2019-09-06 20:21:47:753,0.5854,-0.6913,9.5394,-0.0107,-0.0151,9.8066,0.1532,-0.0798,-0.0237,2.69,-38.37,-2.94,166.08,-78.75,-173.54
52.394676,-1.554266,147.47,18.21,6,320.32,19 / 20,3702109,2019-09-06 20:21:47:852,-0.4058,1.3792,10.0819,0.0063,-0.0351,9.8065,-0.2522,-0.0298,-0.043,3.25,-38.62,-3.37,165.79,-78.98,-174.52
52.394676,-1.554266,147.47,18.21,6,320.32,19 / 20,3702210,2019-09-06 20:21:47:953,1.1825,-0.6729,9.8845,0.0097,0.0047,9.8065,0.0031,-0.0504,0.0872,3.13,-38.62,-1.75,164.02,-78.94,-174.29
52.394676,-1.554266,147.47,18.21,6,320.32,19 / 20,3702324,2019-09-06 20:21:48:067,0.8923,-0.1019,9.8115,0,0.0299,9.8065,-0.0443,-0.0194,0.0095,3.31,-36.37,-1.87,163.51,-78.7,-173.69
52.394676,-1.554266,147.47,18.21,6,320.32,19 / 20,3702409,2019-09-06 20:21:48:152,0.5694,-0.5886,9.9226,-0.004,0.0069,9.8066,-0.0749,-0.0252,0.0194,3.06,-36.25,-3.12,165.54,-78.8,-173.53
52.394676,-1.554266,147.47,18.21,6,320.32,19 / 20,3702510,2019-09-06 20:21:48:253,2.9275,-2.9143,10.2357,0.0059,-0.0285,9.8065,0.2088,0.0672,-0.111,2.81,-36.94,-3.06,165.74,-78.88,-173.49
52.394676,-1.554266,147.47,18.21,6,320.32,19 / 20,3702610,2019-09-06 20:21:48:353,1.1206,-0.7755,8.6933,0.0156,-0.043,9.8065,0.2034,-0.0334,0.016,2.81,-36.94,-3.81,167.36,-78.76,-173.94
52.394676,-1.554266,147.47,18.21,6,320.32,19 / 20,3702710,2019-09-06 20:21:48:453,-0.7539,-0.7456,9.052,-0.0034,0.0319,9.8065,-0.1202,-0.0159,0.0908,2.5,-37.37,-3.5,165.97,-78.49,-173.75
52.394676,-1.554266,147.47,18.21,6,320.32,19 / 20,3702809,2019-09-06 20:21:48:552,0.7264,1.2948,9.8124,-0.0159,0.0211,9.8066,-0.03,0.0162,0.0453,2.69,-37.87,-3.37,166.01,-78.62,-174.03
52.394676,-1.554266,147.47,18.21,6,320.32,19 / 20,3702911,2019-09-06 20:21:48:654,0.8141,-1.9976,9.6357,-0.0195,0.0193,9.8065,0.0265,0.0222,-0.1045,2.5,-37.44,-4.12,167.15,-78.78,-174.44
52.394676,-1.554266,147.47,18.21,6,320.32,19 / 20,3703010,2019-09-06 20:21:48:753,0.5471,0.3727,10.4764,-0.0033,0.0244,9.8066,0.1075,0.0199,0.0104,3.38,-37.81,-3.31,165.64,-78.63,-175.07
52.394676,-1.554266,147.47,18.21,6,320.32,19 / 20,3703110,2019-09-06 20:21:48:853,1.4095,1.0992,9.8789,-0.0219,0.0374,9.8065,-0.0149,-0.0734,-0.0065,2.63,-38.12,-3.19,165.68,-78.42,-175.5
52.394676,-1.554266,147.47,18.21,6,320.32,19 / 20,3703210,2019-09-06 20:21:48:953,-0.3505,-0.3108,8.9423,-0.0247,0.009,9.8066,-0.024,-0.057,-0.0787,2.63,-38.12,-3.06,165.13,-78.53,-176.83
52.394676,-1.554266,147.47,18.21,6,320.32,19 / 20,3703310,2019-09-06 20:21:49:053,-0.3562,-0.2303,9.8578,-0.0033,0.0006,9.8066,-0.0972,-0.0198,0.0169,2.75,-38.06,-3.06,164.84,-78.79,-177
52.394676,-1.554266,147.47,18.21,6,320.32,18 / 20,3703409,2019-09-06 20:21:49:152,0.6604,-1.0819,10.1685,0.0072,0.0211,9.8065,-0.0798,0.0076,0.0329,2.75,-37.87,-3.12,165.01,-78.84,-176.41
52.394676,-1.554266,147.47,18.21,6,320.32,18 / 20,3703510,2019-09-06 20:21:49:253,-0.6104,-0.1453,9.8509,0.0137,0.0108,9.8065,0.0454,-0.0333,0.0453,2.63,-37.87,-3.94,166.97,-78.75,-175.46
52.394676,-1.554266,147.47,18.21,6,320.32,18 / 20,3703609,2019-09-06 20:21:49:352,0.2645,-0.3552,9.8126,0.0086,0.0133,9.8066,-0.0016,-0.0089,-0.0197,2.31,-38.06,-3.06,170.93,-78.55,-174.48
52.394676,-1.554266,147.47,18.21,6,320.32,18 / 20,3703710,2019-09-06 20:21:49:453,0.0509,-1.0572,9.528,0.0089,-0.0072,9.8066,0.093,-0.0196,0.0751,2.19,-37.69,-3.19,171.12,-78.59,-173.81
52.394676,-1.554266,147.47,18.21,6,320.32,18 / 20,3703810,2019-09-06 20:21:49:553,1.1532,-0.4981,9.7557,0.0022,-0.0055,9.8066,-0.0012,0.034,-0.0445,2.75,-38.44,-3.56,167.8,-78.59,-173.64
52.394676,-1.554266,147.47,18.21,6,320.32,18 / 20,3703910,2019-09-06 20:21:49:653,-0.1095,-0.3365,9.7036,-0.0048,0.0005,9.8066,-0.0455,-0.0049,0.0123,2.56,-38.94,-3.25,166.27,-78.61,-174.03
52.394676,-1.554266,147.47,18.21,6,320.32,18 / 20,3704010,2019-09-06 20:21:49:753,0.1013,-0.6773,9.6826,-0.0142,0.0171,9.8066,-0.0164,-0.0565,-0.0181,2.88,-38.37,-3.69,167.45,-78.55,-174.58
52.394676,-1.554266,147.47,18.21,6,320.32,18 / 20,3704109,2019-09-06 20:21:49:852,0.9244,-0.4922,9.1665,0.0033,-0.0103,9.8066,-0.0543,-0.0241,0.0182,2.69,-38.69,-3.94,167.3,-78.69,-175.26
52.394676,-1.554266,147.47,18.21,6,320.32,18 / 20,3704210,2019-09-06 20:21:49:953,0.3315,-1.3475,9.6051,0.0049,0.008,9.8066,-0.1279,-0.0075,0.0523,2.63,-37.69,-4.31,167.25,-78.78,-174.7
52.394676,-1.554266,147.47,18.21,6,320.32,18 / 20,3704309,2019-09-06 20:21:50:052,-0.0964,-0.7389,9.7115,0.0166,-0.039,9.8065,-0.0595,-0.0021,0.0298,2.5,-37.5,-3.37,165.42,-79.03,-174.04
52.39591,-1.555627,148.06,18.32,4,330.41,18 / 21,3704410,2019-09-06 20:21:50:153,0.0714,-1.1182,9.8577,0.0079,0.0109,9.8066,-0.0014,-0.0254,0.0146,2.25,-38.31,-3.44,170.96,-78.93,-173.73
52.39591,-1.555627,148.06,18.32,4,330.41,18 / 21,3704509,2019-09-06 20:21:50:252,0.9184,-0.8494,9.6698,-0.0094,-0.0089,9.8066,-0.0351,-0.0167,0.0691,2.88,-38.31,-3.5,166.12,-78.84,-173.23
52.39591,-1.555627,148.06,18.32,4,330.41,18 / 21,3704609,2019-09-06 20:21:50:352,-0.8673,0.7686,9.7637,-0.0123,0.0314,9.8066,-0.0981,0.0412,-0.0222,2.88,-37.87,-3.25,165.98,-78.81,-173.69
52.39591,-1.555627,148.06,18.32,4,330.41,18 / 21,3704709,2019-09-06 20:21:50:452,0.7072,-1.8035,10.0113,-0.0146,0.0313,9.8065,0.1193,0.0164,-0.052,2.5,-38.31,-3.69,167.57,-78.84,-173.8
52.39591,-1.555627,148.06,18.32,4,330.41,18 / 21,3704810,2019-09-06 20:21:50:553,0.6527,-0.3909,10.2441,0.0166,-0.043,9.8065,0.1275,-0.0613,0.053,2.75,-37.62,-3.37,165.68,-79.09,-173.91
52.39591,-1.555627,148.06,18.32,4,330.41,18 / 21,3704909,2019-09-06 20:21:50:652,0.2832,-0.1583,11.1267,0.0248,-0.0348,9.8065,0.0101,-0.0211,0.0136,2.56,-37.56,-3.5,165.94,-79.03,-173.3
52.39591,-1.555627,148.06,18.32,4,330.41,18 / 21,3705009,2019-09-06 20:21:50:752,0.1608,0.4623,10.3902,-0.0081,0.0335,9.8065,0.0173,-0.0582,-0.0032,2.75,-37.5,-2.87,165.92,-78.95,-172.83
52.39591,-1.555627,148.06,18.32,4,330.41,18 / 21,3705109,2019-09-06 20:21:50:852,0.501,-1.1798,8.8852,-0.0101,0.0319,9.8065,0.0634,-0.0509,0.0602,2.25,-37.81,-3.87,172.72,-78.74,-172.72
52.39591,-1.555627,148.06,18.32,4,330.41,18 / 21,3705210,2019-09-06 20:21:50:953,-0.2726,-1.1595,9.5333,0.0114,-0.0261,9.8065,0.0083,0.0099,-0.0237,2.31,-38.06,-3.56,172.61,-79.02,-172.71
52.39591,-1.555627,148.06,18.32,4,330.41,18 / 21,3705310,2019-09-06 20:21:51:053,-0.5131,-1.6965,9.3236,-0.0039,0.0233,9.8066,0.1175,-0.0728,0.0583,2.5,-37.69,-3.75,168.06,-78.83,-172.61
52.39591,-1.555627,148.06,18.32,4,330.41,18 / 20,3705410,2019-09-06 20:21:51:153,0.4971,-1.7901,9.4796,0.0118,-0.0097,9.8066,-0.0209,0.0107,-0.026,1.88,-38.19,-3.56,172.77,-78.91,-172.41
52.39591,-1.555627,148.06,18.32,4,330.41,18 / 20,3705509,2019-09-06 20:21:51:252,-0.0443,-0.7446,9.9273,0.0023,-0.002,9.8066,-0.0078,-0.0218,0.0154,2,-38.37,-3.37,171.41,-78.87,-172.43
52.39591,-1.555627,148.06,18.32,4,330.41,18 / 20,3705610,2019-09-06 20:21:51:353,0.5436,-0.4917,10.2941,-0.0021,0.0298,9.8066,-0.0373,-0.0459,-0.0108,1.56,-37.75,-3.5,171.34,-79.06,-172.34
52.39591,-1.555627,148.06,18.32,4,330.41,18 / 20,3705709,2019-09-06 20:21:51:452,0.628,-2.6135,9.4391,-0.0054,0.0191,9.8065,0.0492,-0.0462,0.0249,1.88,-37.87,-3.75,172.86,-78.93,-172.14
52.39591,-1.555627,148.06,18.32,4,330.41,18 / 20,3705810,2019-09-06 20:21:51:553,0.0379,0.6461,9.6501,0.01,-0.0185,9.8065,0.0792,-0.0193,-0.0098,1.88,-38.06,-3.69,172.91,-79.09,-171.86
52.39591,-1.555627,148.06,18.32,4,330.41,18 / 20,3705910,2019-09-06 20:21:51:653,-0.4925,-0.6194,9.341,0.0006,-0.0009,9.8066,-0.031,-0.0766,0.0408,1.63,-38,-3.62,172.89,-79.07,-171.91
52.39591,-1.555627,148.06,18.32,4,330.41,18 / 20,3706009,2019-09-06 20:21:51:752,0.8385,-1.3445,9.4326,0.0029,-0.0011,9.8066,-0.0483,0.0306,-0.0328,2,-37.81,-3.94,172.96,-79.09,-171.72
52.39591,-1.555627,148.06,18.32,4,330.41,18 / 20,3706109,2019-09-06 20:21:51:852,0.3271,-1.1657,9.6788,-0.0016,0.0119,9.8066,-0.0169,0.0254,-0.0114,1.75,-37.75,-3.94,172.97,-79.1,-171.69
52.39591,-1.555627,148.06,18.32,4,330.41,18 / 20,3706209,2019-09-06 20:21:51:952,0.118,-0.086,9.9593,0.0117,0.0096,9.8066,0.0021,-0.0377,0.0437,1.25,-37.37,-3.87,178.16,-79.05,-170.91
52.39591,-1.555627,148.06,18.32,4,330.41,18 / 20,3706310,2019-09-06 20:21:52:053,1.0343,-0.8485,9.9355,0.0164,-0.007,9.8066,-0.0202,0.0268,0.0069,1.94,-38.06,-3.37,172.1,-79.08,-170
52.39591,-1.555627,148.06,18.32,4,330.41,17 / 20,3706409,2019-09-06 20:21:52:152,-0.3333,-0.6483,9.735,0.0047,-0.0059,9.8066,0.0635,-0.0014,0.0441,1.44,-38.25,-3.56,178.76,-79.18,-169.33
52.39591,-1.555627,148.06,18.32,4,330.41,17 / 20,3706513,2019-09-06 20:21:52:256,0.5547,-0.9381,9.983,0,0.0147,9.8066,-0.0332,-0.0041,0.003,1.06,-37.56,-4,178.92,-79.25,-168.89
52.39591,-1.555627,148.06,18.32,4,330.41,17 / 20,3706609,2019-09-06 20:21:52:352,0.2227,-0.503,10.0564,-0.0015,0.0225,9.8065,0.0413,-0.0196,0.0316,1.13,-37.94,-3.81,178.95,-79.2,-168.82
52.39591,-1.555627,148.06,18.32,4,330.41,17 / 20,3706709,2019-09-06 20:21:52:452,0.1032,-0.6744,9.9735,-0.0033,0.016,9.8066,0.0334,-0.0273,0.0049,1.31,-37.87,-3.81,178.97,-78.96,-168.79
52.39591,-1.555627,148.06,18.32,4,330.41,17 / 20,3706810,2019-09-06 20:21:52:553,-0.134,-0.3611,10.0511,-0.001,-0.0116,9.8065,0.0208,-0.0171,-0.0049,1.13,-37.62,-4,179.02,-78.93,-168.65
52.39591,-1.555627,148.06,18.32,4,330.41,17 / 20,3706910,2019-09-06 20:21:52:653,-0.1532,-0.5821,9.3538,0.007,-0.0069,9.8066,-0.0076,-0.0017,0.0194,1.31,-38.25,-3.81,179.08,-78.92,-168.51
52.39591,-1.555627,148.06,18.32,4,330.41,17 / 20,3707010,2019-09-06 20:21:52:753,0.5478,-1.015,10.1555,-0.0026,-0.0071,9.8066,0.0539,0.0181,-0.0223,0.75,-37.69,-3.56,179.1,-78.98,-168.44
52.39591,-1.555627,148.06,18.32,4,330.41,17 / 20,3707110,2019-09-06 20:21:52:853,-0.243,-0.1104,9.362,-0.0049,0.0002,9.8066,-0.0692,-0.0491,-0.0145,1.13,-37.56,-3.44,177.82,-78.95,-168.72
52.39591,-1.555627,148.06,18.32,4,330.41,17 / 20,3707210,2019-09-06 20:21:52:953,0.7098,0.9832,10.1561,0.0038,-0.0167,9.8065,0.1254,0.0201,0.0263,1.19,-37.75,-4,178.74,-78.91,-169.43
52.39591,-1.555627,148.06,18.32,4,330.41,17 / 20,3707309,2019-09-06 20:21:53:052,0.9374,-0.9018,9.9241,-0.0116,0.0018,9.8066,0.1166,-0.0875,-0.024,1.19,-38.12,-3.19,177.52,-78.89,-169.74
52.39591,-1.555627,148.06,18.32,4,330.41,18 / 21,3707410,2019-09-06 20:21:53:153,0.0951,0.2236,10.8753,-0.0005,-0.0319,9.8066,-0.1122,0.0945,-0.0739,1.38,-38.06,-3.19,176.94,-79.08,-171.54
52.39591,-1.555627,148.06,18.32,4,330.41,18 / 21,3707509,2019-09-06 20:21:53:252,1.4715,-0.8937,10.6124,0.023,-0.0516,9.8064,0.0718,-0.0293,0.1096,1.5,-38,-3.69,173.07,-79.19,-171.34
52.39591,-1.555627,148.06,18.32,4,330.41,18 / 21,3707609,2019-09-06 20:21:53:352,-0.0087,1.582,8.4095,-0.0259,0.009,9.8066,-0.2597,-0.0374,-0.0902,1.38,-38.37,-3.87,177.69,-79.14,-172.23
52.39591,-1.555627,148.06,18.32,4,330.41,18 / 21,3707710,2019-09-06 20:21:53:453,1.3512,-1.0299,8.7489,0.0125,0.0431,9.8065,-0.19,0.0642,0.0827,1.63,-37.94,-4.44,172.91,-79.08,-171.85
52.39591,-1.555627,148.06,18.32,4,330.41,18 / 21,3707810,2019-09-06 20:21:53:553,0.0919,-0.8415,10.0578,0.0078,-0.0227,9.8066,0.0346,-0.0619,0.0309,1.06,-37.75,-4.06,178.44,-79.47,-170.12
52.39591,-1.555627,148.06,18.32,4,330.41,18 / 21,3707910,2019-09-06 20:21:53:653,0.5993,-0.8527,9.7733,0.0029,0.0027,9.8066,-0.0028,-0.0455,-0.0044,1.19,-38,-3.87,178.54,-79.4,-169.88
52.39591,-1.555627,148.06,18.32,4,330.41,18 / 21,3708009,2019-09-06 20:21:53:752,-0.0207,0.0092,10.2223,0.0053,0.006,9.8065,0.105,-0.0336,-0.0004,1.13,-37.87,-3.81,178.85,-79.03,-169.12
52.39591,-1.555627,148.06,18.32,4,330.41,18 / 21,3708110,2019-09-06 20:21:53:853,0.2931,0.1658,9.9263,0.0003,-0.0206,9.8065,0.1382,-0.0407,0.0634,0.81,-38,-3.62,178.76,-79,-169.35
52.39591,-1.555627,148.06,18.32,4,330.41,18 / 21,3708210,2019-09-06 20:21:53:953,0.3093,0.1067,9.71,-0.0096,-0.0188,9.8066,0.0364,0.0055,-0.0764,1.13,-38.44,-4.31,178.62,-79.04,-169.74
52.39591,-1.555627,148.06,18.32,4,330.41,18 / 21,3708310,2019-09-06 20:21:54:053,0.5214,-0.6007,10.0062,0.0043,0.0123,9.8066,-0.0687,-0.0534,0.062,1.25,-38.31,-3.94,178.57,-79.21,-169.84
52.39591,-1.555627,148.06,18.32,4,330.41,18 / 19,3708410,2019-09-06 20:21:54:153,-0.4991,-0.794,9.1065,0.0002,0.0124,9.8066,0.1701,-0.1059,0.0512,1.25,-38.31,-3.69,178.56,-79.17,-169.87
52.39591,-1.555627,148.06,18.32,4,330.41,18 / 19,3708509,2019-09-06 20:21:54:252,-0.0244,-1.1564,10.1829,-0.0082,0.0112,9.8066,-0.0027,0.0103,-0.0732,1.31,-38.19,-4.37,178.41,-79.11,-170.29
52.39591,-1.555627,148.06,18.32,4,330.41,18 / 19,3708609,2019-09-06 20:21:54:352,0.1874,-0.2296,9.8809,0.0111,-0.02,9.8065,0.0284,0.0054,0.1018,1.13,-38.62,-3.5,177.58,-79.21,-169.53
52.39591,-1.555627,148.06,18.32,4,330.41,18 / 19,3708710,2019-09-06 20:21:54:453,-0.085,0.5745,10.5295,0.0135,-0.0397,9.8065,-0.0091,-0.0179,0.0018,1.13,-38.25,-3.31,177.6,-79.28,-169.28
52.39591,-1.555627,148.06,18.32,4,330.41,18 / 19,3708810,2019-09-06 20:21:54:553,1.0052,-0.7126,11.2287,0.001,0.0347,9.8065,0.0016,0.0263,-0.0105,0.19,-37.56,-3.56,184.18,-79.38,-168.56
52.39591,-1.555627,148.06,18.32,4,330.41,18 / 19,3708909,2019-09-06 20:21:54:652,-1.0319,0.3962,9.9002,-0.0064,-0.0165,9.8066,0.1226,-0.0138,-0.0017,1.25,-37.25,-3.56,178.93,-79.34,-168.78
52.39591,-1.555627,148.06,18.32,4,330.41,18 / 19,3709009,2019-09-06 20:21:54:752,0.1725,0.0776,9.4323,-0.0129,0.011,9.8066,-0.0529,-0.087,0.0178,1.19,-37.81,-3.56,178.5,-79.23,-170.03
52.39591,-1.555627,148.06,18.32,4,330.41,18 / 19,3709110,2019-09-06 20:21:54:853,0.1459,-0.9614,9.5781,-0.0068,0.0165,9.8066,-0.0559,0.0232,-0.0159,1.13,-37.87,-4.12,178.51,-79.3,-169.97
52.39591,-1.555627,148.06,18.32,4,330.41,18 / 19,3709210,2019-09-06 20:21:54:953,0.3082,-0.4649,9.8189,-0.0001,-0.0101,9.8066,0.1105,-0.0275,-0.0234,1.81,-38,-3.81,173.47,-79.42,-170.07
52.39591,-1.555627,148.06,18.32,4,330.41,18 / 19,3709310,2019-09-06 20:21:55:053,-0.4912,-0.1017,9.9433,0.0034,0.0055,9.8066,0.0501,0.031,-0.0142,1.5,-37.94,-3.94,173.49,-79.29,-170.16
52.39591,-1.555627,148.06,18.32,4,330.41,17 / 19,3709409,2019-09-06 20:21:55:152,0.0758,0.2048,10.3804,-0.0074,0.007,9.8066,-0.0453,-0.035,-0.0117,1.5,-37.94,-3.31,172.14,-79.23,-169.66
52.39591,-1.555627,148.06,18.32,4,330.41,17 / 19,3709510,2019-09-06 20:21:55:253,-0.0111,0.8806,9.837,-0.0094,-0.0176,9.8065,-0.0926,-0.0151,-0.0496,1.13,-37.87,-3.62,178.21,-79.33,-170.77
52.39591,-1.555627,148.06,18.32,4,330.41,17 / 19,3709610,2019-09-06 20:21:55:353,-0.0531,-0.1919,9.7691,0.0038,0.0029,9.8066,0.0351,-0.0961,0.0528,1.19,-38,-3.75,178.19,-79.21,-170.86
52.39591,-1.555627,148.06,18.32,4,330.41,17 / 19,3709710,2019-09-06 20:21:55:453,0.1464,0.0172,9.7988,-0.0079,0.0074,9.8065,0.0253,-0.0561,-0.0269,1.06,-38.12,-3.62,178.17,-79.17,-170.94
52.39591,-1.555627,148.06,18.32,4,330.41,17 / 19,3709809,2019-09-06 20:21:55:552,-0.1947,-0.1484,9.8145,0.0099,-0.0159,9.8066,0.0128,-0.0292,0.0494,1.31,-38.56,-3.5,177.13,-79.3,-170.98
52.39591,-1.555627,148.06,18.32,4,330.41,17 / 19,3709910,2019-09-06 20:21:55:653,0.089,-0.5299,9.8383,-0.0057,-0.025,9.8066,0.0153,-0.006,-0.043,0.88,-37.81,-3.56,178,-79.37,-171.32
52.39591,-1.555627,148.06,18.32,4,330.41,17 / 19,3710011,2019-09-06 20:21:55:754,-0.3562,0.1147,9.762,0.0003,0.0161,9.8065,-0.1151,-0.0366,0.0214,1.06,-38.31,-4,177.85,-79.4,-171.73
52.39591,-1.555627,148.06,18.32,4,330.41,17 / 19,3710110,2019-09-06 20:21:55:853,-0.0242,-0.2132,9.5104,0.0059,-0.0237,9.8066,-0.0872,-0.0287,0.0265,0.31,-37.69,-3.37,182.48,-79.29,-171.73
52.39591,-1.555627,148.06,18.32,4,330.41,17 / 19,3710210,2019-09-06 20:21:55:953,0.5277,-0.0055,9.7998,0.0127,-0.0258,9.8065,0.0932,-0.0213,0.001,1.13,-38.25,-3.62,178.08,-79.46,-171.08
52.39591,-1.555627,148.06,18.32,4,330.41,17 / 19,3710310,2019-09-06 20:21:56:053,0.7777,-0.2755,9.6076,0.0104,-0.0054,9.8066,0.0524,-0.0131,0.0516,0.69,-38.19,-4.25,178.31,-79.43,-170.48
52.39591,-1.555627,148.06,18.32,4,330.41,18 / 20,3710409,2019-09-06 20:21:56:152,0.0632,-0.1746,9.9417,0.0007,-0.0006,9.8066,-0.0131,-0.0996,0.0076,0.5,-38.31,-3.69,178.34,-79.5,-170.38
52.39591,-1.555627,148.06,18.32,4,330.41,18 / 20,3710510,2019-09-06 20:21:56:253,-0.1082,-0.4932,10.1251,-0.0025,-0.0037,9.8066,-0.0485,-0.0215,-0.0525,0.81,-38.12,-3.81,178.28,-79.51,-170.55
52.39591,-1.555627,148.06,18.32,4,330.41,18 / 20,3710610,2019-09-06 20:21:56:353,0.4733,-0.8182,10.2262,-0.0092,0.0166,9.8066,0.07,-0.0194,-0.0167,1.06,-38.06,-3.75,178.2,-79.52,-170.75
52.39591,-1.555627,148.06,18.32,4,330.41,18 / 20,3710709,2019-09-06 20:21:56:452,0.3145,-0.8794,9.6907,-0.0081,-0.0085,9.8066,0.0467,-0.0487,-0.0244,0.88,-37.75,-3.94,177.84,-79.51,-171.71
52.39591,-1.555627,148.06,18.32,4,330.41,18 / 20,3710809,2019-09-06 20:21:56:552,0.481,-1.0878,10.1473,-0.0142,-0.0076,9.8066,0.0263,-0.1092,-0.024,1.56,-38.37,-4,172.31,-79.62,-172.83
52.39591,-1.555627,148.06,18.32,4,330.41,18 / 20,3710909,2019-09-06 20:21:56:652,0.8104,2.5307,10.3677,0,-0.0603,9.8064,0.3641,-0.0431,0.0639,1.94,-37.94,-4.44,171.69,-80.03,-173.89
52.39591,-1.555627,148.06,18.32,4,330.41,18 / 20,3711010,2019-09-06 20:21:56:753,-1.3583,-0.7843,11.0169,-0.0149,0.0459,9.8064,0.1797,0.0162,-0.0312,1.5,-37.69,-4.56,172.93,-79.68,-174.11
52.39591,-1.555627,148.06,18.32,4,330.41,18 / 20,3711109,2019-09-06 20:21:56:852,-0.3421,-2.5943,8.685,-0.0027,0.0991,9.8061,-0.2723,0.0942,0.0427,0.94,-37.81,-4.19,177.21,-79.3,-173.5
52.39591,-1.555627,148.06,18.32,4,330.41,18 / 20,3711209,2019-09-06 20:21:56:952,0.3435,-0.1955,8.484,0.007,-0.0314,9.8065,0.1276,0.0042,0.0279,1.06,-38.19,-3.62,177.84,-79.28,-171.79
52.39591,-1.555627,148.06,18.32,4,330.41,18 / 20,3711310,2019-09-06 20:21:57:053,1.0143,0.1159,9.1528,-0.0043,-0.0247,9.8065,-0.0086,-0.0259,-0.1189,0.69,-38.06,-3.94,177.53,-79.66,-172.49
52.39591,-1.555627,148.06,18.32,4,330.41,19 / 21,3711409,2019-09-06 20:21:57:152,0.6791,-0.8801,10.2857,-0.0023,-0.0105,9.8066,0.0374,-0.0081,0.026,1.25,-37.87,-4.62,178.29,-79.81,-172.63
52.39591,-1.555627,148.06,18.32,4,330.41,19 / 21,3711510,2019-09-06 20:21:57:253,-0.3499,0.8196,10.2844,-0.0029,-0.01,9.8066,0.0371,-0.051,0.0011,1.31,-37.75,-4.5,177.32,-79.74,-172.99
52.39591,-1.555627,148.06,18.32,4,330.41,19 / 21,3711609,2019-09-06 20:21:57:352,-0.1878,-0.7802,10.0891,0.0004,0.024,9.8065,0.0023,-0.0977,0.0417,0.69,-38.44,-4.25,177.39,-79.4,-172.95
52.39591,-1.555627,148.06,18.32,4,330.41,19 / 21,3711710,2019-09-06 20:21:57:453,-0.6478,0.3331,10.251,-0.0069,-0.0059,9.8066,0.0067,0.0418,-0.0065,1.13,-38.12,-4.31,177.29,-79.46,-173.2
52.39591,-1.555627,148.06,18.32,4,330.41,19 / 21,3711810,2019-09-06 20:21:57:553,0.3828,0.3539,9.7092,0.0063,-0.021,9.8066,0.0364,0.0073,-0.0018,1.06,-38.31,-3.94,177.51,-79.38,-172.65
52.39591,-1.555627,148.06,18.32,4,330.41,19 / 21,3711910,2019-09-06 20:21:57:653,0.4906,0.5881,9.4488,0.0051,-0.0063,9.8066,-0.0276,0.0312,0.0007,1,-38,-4.12,177.58,-79.55,-172.4
52.39591,-1.555627,148.06,18.32,4,330.41,19 / 21,3712010,2019-09-06 20:21:57:753,0.5632,-0.5175,9.4559,-0.003,-0.0127,9.8066,-0.0454,-0.0141,0.0078,0.94,-38,-4.25,177.6,-79.7,-172.27
52.39591,-1.555627,148.06,18.32,4,330.41,19 / 21,3712109,2019-09-06 20:21:57:852,0.1242,-0.0808,10.1747,-0.0067,0.0063,9.8066,0.0684,-0.078,0.0321,1,-37.62,-4.19,177.44,-79.65,-172.73
52.39591,-1.555627,148.06,18.32,4,330.41,19 / 21,3712210,2019-09-06 20:21:57:953,0.1492,0.376,10.4659,-0.0023,0.013,9.8066,0.0991,-0.0128,-0.0091,0.69,-38.06,-4.12,177.33,-79.47,-173.09
52.39591,-1.555627,148.06,18.32,4,330.41,19 / 21,3712309,2019-09-06 20:21:58:052,0.3358,0.6519,10.2994,0.0032,0.0066,9.8066,0.0323,-0.0607,0.0049,0.38,-38,-4.19,182.52,-79.36,-173.1
52.39591,-1.555627,148.06,18.32,4,330.41,18 / 21,3712409,2019-09-06 20:21:58:152,0.6198,0.2255,9.4423,0.0096,-0.0075,9.8065,-0.0789,-0.0212,-0.0216,0.69,-37.94,-4.19,177.55,-79.42,-172.52
52.39591,-1.555627,148.06,18.32,4,330.41,18 / 21,3712510,2019-09-06 20:21:58:253,0.1604,-0.2102,9.5225,0.0037,-0.0011,9.8066,-0.0616,-0.0604,0.0119,0.25,-38.12,-4.25,182.92,-79.49,-172.05
52.39591,-1.555627,148.06,18.32,4,330.41,18 / 21,3712610,2019-09-06 20:21:58:353,-0.2791,0.193,9.6107,0.0017,-0.0177,9.8066,-0.0392,-0.0678,0.0389,0,-38,-4.06,183.07,-79.64,-171.72
52.39591,-1.555627,148.06,18.32,4,330.41,18 / 21,3712709,2019-09-06 20:21:58:452,-0.1221,0.1954,8.9846,-0.0038,-0.0148,9.8066,0.0041,-0.0464,-0.0165,0.38,-38.5,-4.62,183.45,-79.78,-171.96
52.39591,-1.555627,148.06,18.32,4,330.41,18 / 21,3712810,2019-09-06 20:21:58:553,0.1474,-0.5796,9.1798,-0.0029,-0.004,9.8066,-0.0342,-0.056,-0.0101,0,-38.19,-4.5,182.97,-79.93,-172.15
52.39591,-1.555627,148.06,18.32,4,330.41,18 / 21,3712910,2019-09-06 20:21:58:653,0.0786,-0.6633,9.6133,-0.0027,-0.0053,9.8066,-0.0202,-0.0265,-0.0219,0.25,-38.19,-4.81,183.27,-80.07,-172.5
52.39591,-1.555627,148.06,18.32,4,330.41,18 / 21,3713010,2019-09-06 20:21:58:753,-0.2737,-0.476,10.0701,-0.0079,0.0155,9.8066,0.0257,-0.0375,-0.0037,0.19,-38.19,-4.56,183.08,-80.04,-172.92
52.39591,-1.555627,148.06,18.32,4,330.41,18 / 21,3713110,2019-09-06 20:21:58:853,0.2265,0.164,10.5631,-0.0091,0.0051,9.8066,0.0474,0.0029,-0.0227,0.25,-38.19,-4.62,182.75,-80.02,-173.66
52.39591,-1.555627,148.06,18.32,4,330.41,18 / 21,3713209,2019-09-06 20:21:58:952,0.5402,-0.1732,9.93,-0.0121,0.0109,9.8066,-0.0514,0.0232,-0.0129,0.81,-38.75,-4.56,177.37,-79.88,-174.82
52.39591,-1.555627,148.06,18.32,4,330.41,18 / 21,3713310,2019-09-06 20:21:59:053,0.0331,0.6233,9.8246,0.0013,-0.0148,9.8066,0.0336,0.0006,0.0369,0.19,-38,-4.62,182.08,-79.95,-175.19
52.397133,-1.556601,150,16.17,6,339.2,19 / 20,3713410,2019-09-06 20:21:59:153,0.1235,-0.9885,9.7355,0.0119,-0.0145,9.8066,0.0254,-0.006,-0.0437,0.19,-38.25,-4.37,181.78,-79.87,-175.27
52.397133,-1.556601,150,16.17,6,339.2,19 / 20,3713509,2019-09-06 20:21:59:252,0.1643,1.516,9.4814,-0.0153,-0.0202,9.8066,0.2357,-0.011,0.1014,0.56,-38.31,-4.06,176.44,-79.95,-175.21
52.397133,-1.556601,150,16.17,6,339.2,19 / 20,3713610,2019-09-06 20:21:59:353,1.6288,-0.1032,9.2225,0.0122,0.0128,9.8066,-0.3234,0.1517,-0.1084,-0.12,-38.19,-4.25,181.9,-79.99,-174.98
52.397133,-1.556601,150,16.17,6,339.2,19 / 20,3713710,2019-09-06 20:21:59:453,-0.908,0.5588,10.3475,-0.0222,0.0459,9.8064,-0.1648,-0.0564,0.1662,0.06,-38.25,-4.5,182.06,-80.25,-174.66
52.397133,-1.556601,150,16.17,6,339.2,19 / 20,3713809,2019-09-06 20:21:59:552,1.2371,-0.6875,9.6892,0.0092,0.0529,9.8064,0.1399,0.0144,-0.0648,0,-38.37,-4.75,182.23,-79.91,-174.83
52.397133,-1.556601,150,16.17,6,339.2,19 / 20,3713909,2019-09-06 20:21:59:652,-0.1182,-0.0572,9.768,0.0105,-0.03,9.8066,-0.0019,-0.0142,0.017,0.44,-38.31,-4.87,182.58,-80,-174.05
52.397133,-1.556601,150,16.17,6,339.2,19 / 20,3714009,2019-09-06 20:21:59:752,-0.4478,-0.8951,9.5118,0.0136,-0.0259,9.8066,-0.081,-0.102,0.0351,0,-38.87,-4.69,182.81,-80.05,-173.44
52.397133,-1.556601,150,16.17,6,339.2,19 / 20,3714110,2019-09-06 20:21:59:853,0.2305,-1.0992,9.5056,0.0009,0.0268,9.8065,-0.0926,0.0286,-0.0413,-0.31,-38.87,-5.12,182.91,-80.03,-173.21
52.397133,-1.556601,150,16.17,6,339.2,19 / 20,3714210,2019-09-06 20:21:59:953,-0.2346,-0.1885,9.9677,-0.017,0.0272,9.8065,0.0771,-0.0211,0.0116,0.25,-38.81,-4.5,182.26,-80.1,-173.99
52.397133,-1.556601,150,16.17,6,339.2,19 / 20,3714310,2019-09-06 20:22:00:053,-0.1078,-0.8586,10.2091,-0.0066,-0.0121,9.8066,0.0996,0.0014,-0.0424,0.69,-38.81,-4.56,177.53,-80.16,-174.36
52.397133,-1.556601,150,16.17,6,339.2,20 / 21,3714409,2019-09-06 20:22:00:152,-0.2727,-0.2581,9.8234,-0.0115,0.0002,9.8065,0.039,-0.0184,0.0353,-0.25,-38.56,-4.12,181.76,-80.13,-175.32
52.397133,-1.556601,150,16.17,6,339.2,20 / 21,3714510,2019-09-06 20:22:00:253,-0.3314,-0.4831,10.1694,0.0148,0.0025,9.8066,-0.0245,0.0161,-0.0154,0.44,-38.56,-4,181.97,-79.99,-174.71
52.397133,-1.556601,150,16.17,6,339.2,20 / 21,3714610,2019-09-06 20:22:00:353,0.0472,-0.4671,9.7821,0.0034,-0.0062,9.8065,0.0659,0.0216,0.0629,0.06,-38.56,-4.37,182.17,-80.04,-174.2
52.397133,-1.556601,150,16.17,6,339.2,20 / 21,3714710,2019-09-06 20:22:00:453,-0.3938,1.3571,10.3112,0.0072,-0.0052,9.8065,0.0534,-0.0498,0.0483,-0.12,-38.81,-4.62,182.55,-80.04,-174.05
52.397133,-1.556601,150,16.17,6,339.2,20 / 21,3714809,2019-09-06 20:22:00:552,0.3213,0.4929,9.9523,0.0048,0.0286,9.8066,-0.0169,-0.0132,-0.0352,-0.06,-37.81,-5,182.83,-79.89,-173.44
52.397133,-1.556601,150,16.17,6,339.2,20 / 21,3714909,2019-09-06 20:22:00:652,0.3422,0.6993,9.437,-0.0054,0.0158,9.8066,-0.0425,0.0159,0.0686,0.25,-38.19,-4.19,182.2,-79.78,-174.12
52.397133,-1.556601,150,16.17,6,339.2,20 / 21,3715010,2019-09-06 20:22:00:753,0.7891,0.122,9.3057,-0.0001,0.0083,9.8066,-0.0672,-0.0026,-0.0775,0,-38.5,-4.75,182.5,-79.94,-174.22
52.397133,-1.556601,150,16.17,6,339.2,20 / 21,3715110,2019-09-06 20:22:00:853,-0.1084,-1.0403,9.9272,-0.0148,-0.0212,9.8066,-0.0244,-0.018,-0.044,0,-38.19,-4.81,182.37,-80.41,-174.66
52.397133,-1.556601,150,16.17,6,339.2,20 / 21,3715210,2019-09-06 20:22:00:953,0.1547,-0.8207,10.2489,-0.011,-0.0047,9.8066,0.0853,0.0338,-0.018,0.44,-38.06,-4.94,181.98,-80.55,-175.57
52.397133,-1.556601,150,16.17,6,339.2,20 / 21,3715310,2019-09-06 20:22:01:053,-0.7206,-0.1977,10.2072,-0.0009,0.0086,9.8066,0.1448,-0.0335,0.0132,-0.06,-38.12,-5.19,181.76,-80.35,-176.03
52.397133,-1.556601,150,16.17,6,339.2,19 / 21,3715410,2019-09-06 20:22:01:153,0.1251,0.0522,10.021,0.0013,0.0135,9.8066,-0.0233,-0.0172,-0.0071,0.25,-37.87,-4.94,181.8,-80.1,-175.88
52.397133,-1.556601,150,16.17,6,339.2,19 / 21,3715509,2019-09-06 20:22:01:252,-0.2736,-0.5886,9.6175,-0.0025,-0.0105,9.8065,-0.071,0.0147,-0.0172,0.63,-37.62,-4.69,176.78,-80.19,-175.96
52.397133,-1.556601,150,16.17,6,339.2,19 / 21,3715610,2019-09-06 20:22:01:353,-0.6294,-0.9945,9.5382,-0.002,-0.0106,9.8065,-0.0087,-0.0243,0.0315,0.06,-37.81,-5.06,181.68,-80.3,-176.18
52.397133,-1.556601,150,16.17,6,339.2,19 / 21,3715709,2019-09-06 20:22:01:452,-0.8019,-0.6906,9.8119,0.0028,0.0208,9.8066,-0.072,0.0545,-0.0575,0.19,-38.06,-4.75,181.72,-80.3,-176.11
52.397133,-1.556601,150,16.17,6,339.2,19 / 21,3715809,2019-09-06 20:22:01:552,-0.8676,-0.8342,9.6533,-0.0075,0.0174,9.8066,0.0586,-0.0457,0.0749,0.5,-37.44,-5.12,176.58,-80.34,-176.24
52.397133,-1.556601,150,16.17,6,339.2,19 / 21,3715909,2019-09-06 20:22:01:652,0.3379,0.3076,9.5373,0.0115,-0.0013,9.8066,-0.0491,0.0298,-0.0604,0.13,-38.25,-4.87,181.84,-80.35,-175.84
52.397133,-1.556601,150,16.17,6,339.2,19 / 21,3716009,2019-09-06 20:22:01:752,0.4888,0.0057,10.0349,0.0014,-0.007,9.8066,-0.0065,0.0032,-0.0155,0.69,-37.87,-5.37,176.97,-80.49,-175.42
52.397133,-1.556601,150,16.17,6,339.2,19 / 21,3716110,2019-09-06 20:22:01:853,-0.0541,-0.5116,10.1746,-0.0068,-0.0023,9.8066,-0.0021,0.0144,-0.0061,0.56,-38.06,-5.44,176.62,-80.65,-176.11
52.397133,-1.556601,150,16.17,6,339.2,19 / 21,3716210,2019-09-06 20:22:01:953,-0.2717,-0.8186,9.6464,-0.0113,-0.0004,9.8066,0.0068,-0.0642,0.0297,0.75,-38,-5.12,176.25,-80.65,-176.94
52.397133,-1.556601,150,16.17,6,339.2,19 / 21,3716309,2019-09-06 20:22:02:052,-0.9284,-0.9654,9.8931,-0.0018,0.004,9.8066,-0.0375,0.053,-0.0632,0.5,-38.06,-5.12,176.3,-80.54,-176.87
52.397133,-1.556601,150,16.17,6,339.2,19 / 20,3716410,2019-09-06 20:22:02:153,-1.3309,0.0223,9.6538,-0.0049,0.0013,9.8066,0.0238,-0.0478,0.061,0.69,-37.69,-5.44,176.13,-80.58,-177.24
52.397133,-1.556601,150,16.17,6,339.2,19 / 20,3716510,2019-09-06 20:22:02:253,-0.3963,-0.476,9.5492,0.0113,-0.0054,9.8066,-0.042,0.0396,-0.0418,0.38,-37.75,-6,181.58,-80.65,-176.82
52.397133,-1.556601,150,16.17,6,339.2,19 / 20,3716610,2019-09-06 20:22:02:353,-0.8371,-0.3682,9.5157,0.0015,0.0079,9.8065,0.0572,-0.0287,0.0616,1.13,-37.81,-5.62,177.26,-80.71,-176.01
52.397133,-1.556601,150,16.17,6,339.2,19 / 20,3716709,2019-09-06 20:22:02:452,0.07,-0.884,10.0161,0.0102,-0.0166,9.8066,0.0711,-0.0154,0.0091,0.06,-38,-6,182.35,-80.81,-175.31
52.397133,-1.556601,150,16.17,6,339.2,19 / 20,3716809,2019-09-06 20:22:02:552,0.0017,1.0032,10.2769,0.0031,-0.0177,9.8065,0.1326,-0.0205,0.0318,0.31,-37.81,-5.5,182.19,-80.78,-175.18
52.397133,-1.556601,150,16.17,6,339.2,19 / 20,3716910,2019-09-06 20:22:02:653,-0.1121,1.4949,10.4853,0.0041,0.0172,9.8066,0.0966,-0.0079,-0.0255,0.5,-37.81,-5.81,177.96,-80.62,-174.63
52.397133,-1.556601,150,16.17,6,339.2,19 / 20,3717010,2019-09-06 20:22:02:753,-1.0761,-0.3891,9.431,-0.0111,-0.0076,9.8066,-0.0904,-0.0657,0.0843,0,-38,-5,182.32,-80.64,-174.84
52.397133,-1.556601,150,16.17,6,339.2,19 / 20,3717109,2019-09-06 20:22:02:852,-0.6183,0.2965,8.9584,0.0118,-0.0011,9.8066,-0.1936,0.1321,-0.1412,0,-38.12,-5.81,182.91,-80.65,-174.13
52.397133,-1.556601,150,16.17,6,339.2,19 / 20,3717210,2019-09-06 20:22:02:953,-1.5406,-0.5786,9.0176,-0.0119,0.0274,9.8065,0.132,0.0005,0.1434,0.06,-37.87,-5.94,182.95,-80.72,-174.07
52.397133,-1.556601,150,16.17,6,339.2,19 / 20,3717309,2019-09-06 20:22:03:052,-0.1352,-0.1518,10.2408,0.0224,-0.0417,9.8065,0.096,0.0036,-0.0296,0,-37.75,-6.25,184.18,-81.05,-171.76
52.397133,-1.556601,150,16.17,6,339.2,19 / 20,3717410,2019-09-06 20:22:03:153,-0.759,0.4891,10.2864,0.0059,-0.0323,9.8065,-0.0746,-0.0499,0.0254,-0.25,-38.37,-6,184.34,-81.05,-171.44
52.397133,-1.556601,150,16.17,6,339.2,19 / 20,3717509,2019-09-06 20:22:03:252,0.0049,0.8333,10.0434,0.0055,0.0157,9.8066,-0.0399,-0.0132,0.035,0.44,-38.25,-6.37,184.62,-80.75,-170.73
52.397133,-1.556601,150,16.17,6,339.2,19 / 20,3717610,2019-09-06 20:22:03:353,-0.6668,-1.0284,8.7776,0.0075,0.0096,9.8066,-0.0219,-0.0595,-0.0201,1,-38.81,-6.62,180.89,-80.74,-170.2
52.397133,-1.556601,150,16.17,6,339.2,19 / 20,3717710,2019-09-06 20:22:03:453,-0.8311,0.7032,9.4048,0.0172,-0.0453,9.8065,0.0315,0.0605,-0.0752,0.25,-38.62,-7.56,186.28,-80.94,-168.97
52.397133,-1.556601,150,16.17,6,339.2,19 / 20,3717810,2019-09-06 20:22:03:553,-0.0888,0.3417,9.2393,-0.0064,-0.0514,9.8064,-0.0303,-0.0451,0.0593,0.63,-38.37,-8.25,182.65,-81.42,-168.39
52.397133,-1.556601,150,16.17,6,339.2,19 / 20,3717909,2019-09-06 20:22:03:652,-0.8494,-1.2079,9.5719,-0.0019,0.0106,9.8066,-0.0628,0.0585,-0.0834,1.06,-38.69,-9.44,183.42,-81.41,-168.08
52.397133,-1.556601,150,16.17,6,339.2,19 / 20,3718010,2019-09-06 20:22:03:753,-0.4923,-0.1856,9.656,-0.0093,0.0103,9.8066,0.0581,0.0081,0.0146,0.69,-40.75,-10.87,183.99,-81.4,-168.65
52.397133,-1.556601,150,16.17,6,339.2,19 / 20,3718110,2019-09-06 20:22:03:853,-0.1439,-0.0902,9.7662,-0.0028,-0.0201,9.8066,0.0358,-0.0093,-0.0015,0.56,-43.31,-12.25,184.18,-81.33,-168.86
52.397133,-1.556601,150,16.17,6,339.2,19 / 20,3718209,2019-09-06 20:22:03:952,-0.1506,0.1997,9.3318,-0.0016,-0.021,9.8065,-0.1016,0.0327,-0.0268,0,-50.12,-10.75,186.55,-81.58,-169.16
52.397133,-1.556601,150,16.17,6,339.2,19 / 20,3718310,2019-09-06 20:22:04:053,-0.4264,0.5976,9.1723,0.0007,-0.0199,9.8066,-0.0339,0.0155,-0.02,-0.12,-51.06,-4.69,184.41,-81.89,-169.27
52.397133,-1.556601,150,16.17,6,339.2,19 / 20,3718410,2019-09-06 20:22:04:153,-0.5199,0.3022,9.2678,-0.0049,-0.0099,9.8066,0.0546,-0.007,-0.0078,-0.19,-48.56,-1.87,182.39,-82.06,-169.52
52.397133,-1.556601,150,16.17,6,339.2,19 / 20,3718509,2019-09-06 20:22:04:252,-0.4315,-0.1444,9.5343,0.0059,-0.0165,9.8065,0.0188,-0.0092,0.0419,-0.56,-45.81,-0.75,189.55,-82.27,-168.99
52.397133,-1.556601,150,16.17,6,339.2,19 / 20,3718610,2019-09-06 20:22:04:353,-0.3106,0.2967,9.7225,0.0121,-0.0136,9.8066,-0.0111,-0.0145,0.0315,-0.87,-44.37,-0.19,189.78,-82.32,-167.93
52.397133,-1.556601,150,16.17,6,339.2,19 / 20,3718709,2019-09-06 20:22:04:452,-0.4478,0.5696,9.8765,0.012,-0.0033,9.8065,0.0044,0.002,-0.0061,-0.81,-42.25,-0.12,190.29,-82.35,-166.87
52.397133,-1.556601,150,16.17,6,339.2,19 / 20,3718810,2019-09-06 20:22:04:553,-0.387,-0.4106,9.5018,0.0032,-0.0025,9.8066,0.0089,0.0304,-0.0039,-0.31,-39.44,0.38,180,-82.38,-165.75
52.397133,-1.556601,150,16.17,6,339.2,19 / 20,3718910,2019-09-06 20:22:04:653,-0.0069,0.4825,9.7738,-0.006,0.001,9.8066,-0.0182,-0.007,0.0489,0,-38.12,-0.5,180,-82.44,-165.66
52.397133,-1.556601,150,16.17,6,339.2,19 / 20,3719010,2019-09-06 20:22:04:753,-0.3176,0.1275,9.1781,0.0079,0.0127,9.8066,-0.0359,0.036,-0.0456,-0.19,-36.25,-0.87,182.61,-82.51,-165.09
52.397133,-1.556601,150,16.17,6,339.2,19 / 20,3719110,2019-09-06 20:22:04:853,-0.3799,0.2066,8.9085,0.0068,-0.0162,9.8065,-0.1004,0.0037,0.0194,-0.12,-33.44,0.38,180,-82.72,-164.28
52.397133,-1.556601,150,16.17,6,339.2,19 / 20,3719210,2019-09-06 20:22:04:953,0.2457,-0.7231,9.0809,-0.0049,-0.0401,9.8065,0.0139,0.012,-0.0241,-0.69,-30.37,-0.62,195.92,-82.95,-163.59
52.397133,-1.556601,150,16.17,6,339.2,19 / 20,3719309,2019-09-06 20:22:05:052,-0.4913,-0.388,9.5572,-0.0059,-0.0154,9.8066,-0.0256,0.0188,-0.0266,-0.44,-27.94,-1,183.8,-83.28,-163.69
52.397133,-1.556601,150,16.17,6,339.2,20 / 21,3719410,2019-09-06 20:22:05:153,-0.3325,-0.0858,10.3381,-0.0092,-0.005,9.8066,0.0427,0.0467,-0.0025,-0.5,-24.62,-5.31,189.99,-83.52,-164.46
52.397133,-1.556601,150,16.17,6,339.2,20 / 21,3719510,2019-09-06 20:22:05:253,-1.0724,-0.6317,9.3192,-0.0047,-0.0126,9.8066,0.0184,-0.0017,-0.0106,0,-26.25,-9.81,191.35,-83.56,-165.44
52.397133,-1.556601,150,16.17,6,339.2,20 / 21,3719609,2019-09-06 20:22:05:352,-0.4363,-0.0074,8.9991,0.0053,-0.0251,9.8065,-0.1166,0.0708,0.0431,0.19,-30.19,-12.44,191.92,-83.59,-164.85
52.397133,-1.556601,150,16.17,6,339.2,20 / 21,3719710,2019-09-06 20:22:05:453,-0.082,0.6589,10.0104,0.0128,-0.0269,9.8066,-0.1411,-0.0098,0.0104,-0.44,-34.31,-11.56,194.27,-83.94,-161.58
52.397133,-1.556601,150,16.17,6,339.2,20 / 21,3719809,2019-09-06 20:22:05:552,-0.5702,-0.843,10.0479,0.0003,-0.0458,9.8065,0.0217,-0.0315,-0.0174,-0.94,-35.81,-11.12,198.71,-84.17,-160.47
52.397133,-1.556601,150,16.17,6,339.2,20 / 21,3719910,2019-09-06 20:22:05:653,0.0232,-0.5594,11.1296,-0.0075,0.0377,9.8065,0.0986,0.0007,-0.0619,-0.25,-36.31,-9.94,194.37,-84.2,-160.51
52.397133,-1.556601,150,16.17,6,339.2,20 / 21,3720010,2019-09-06 20:22:05:753,-0.8661,0.5047,9.9904,-0.0098,0.072,9.8063,-0.1913,0.0716,-0.0299,-0.31,-37.06,-9.31,192.17,-84.07,-162.76
52.397133,-1.556601,150,16.17,6,339.2,20 / 21,3720110,2019-09-06 20:22:05:853,-0.1825,-0.7788,9.6353,0.0021,0.0511,9.8064,-0.2363,0.0314,0.0071,-0.12,-37.12,-8.87,191.08,-83.61,-163.94
52.397133,-1.556601,150,16.17,6,339.2,20 / 21,3720210,2019-09-06 20:22:05:953,-0.3304,-0.3956,9.4874,0.0013,0.0344,9.8065,0.0184,-0.0043,0.0614,-0.44,-36.87,-9,191.88,-83.8,-162.95
52.397133,-1.556601,150,16.17,6,339.2,20 / 21,3720309,2019-09-06 20:22:06:052,-0.3817,-0.9581,9.0372,0.0223,-0.0338,9.8065,-0.0647,-0.0264,0.0256,-0.44,-37.5,-8.75,193.7,-83.96,-160.49
52.397133,-1.556601,150,16.17,6,339.2,19 / 20,3720409,2019-09-06 20:22:06:152,0.3078,0.0682,10.1414,-0.0074,0.0141,9.8066,0.2278,-0.0157,-0.0158,-0.87,-37.37,-7.94,199.21,-83.97,-158.88
52.397133,-1.556601,150,16.17,6,339.2,19 / 20,3720510,2019-09-06 20:22:06:253,-0.6999,0.1515,9.759,-0.015,-0.0081,9.8066,0.0987,-0.045,-0.0728,-0.37,-36.56,-7.87,192.08,-84.15,-162.32
52.397133,-1.556601,150,16.17,6,339.2,19 / 20,3720609,2019-09-06 20:22:06:352,-1.2799,0.0813,9.6828,0.0106,-0.0247,9.8066,-0.1584,0.009,0.0629,0.38,-36.56,-7.75,192.25,-84.18,-162.1
52.397133,-1.556601,150,16.17,6,339.2,19 / 20,3720709,2019-09-06 20:22:06:452,0.0181,-0.605,9.6587,0.0212,0.005,9.8066,-0.0952,0.0004,0.0607,-0.19,-37.31,-8.62,194.04,-84.22,-160.27
52.397133,-1.556601,150,16.17,6,339.2,19 / 20,3720809,2019-09-06 20:22:06:552,-0.2027,-0.5588,9.1107,0.0118,0.0154,9.8066,0.033,-0.0113,0.0002,0.19,-36.94,-8.31,194.77,-84.15,-158.41
52.397133,-1.556601,150,16.17,6,339.2,19 / 20,3720910,2019-09-06 20:22:06:653,-0.2957,-0.5821,9.6495,0.005,-0.0308,9.8066,0.1111,-0.0487,0.0859,0.19,-37.37,-8.56,195.53,-84.22,-158.18
52.397133,-1.556601,150,16.17,6,339.2,19 / 20,3721009,2019-09-06 20:22:06:752,-0.5275,-0.6983,10.0738,0.0073,-0.0198,9.8066,-0.0145,0.0446,-0.0317,-0.31,-37,-8,196.23,-84.34,-156.52
52.397133,-1.556601,150,16.17,6,339.2,19 / 20,3721110,2019-09-06 20:22:06:853,0.8831,-0.8238,9.975,0.0098,-0.0082,9.8066,0.112,-0.0683,0.0359,-0.25,-37.06,-8.19,196.61,-84.26,-155.87
52.397133,-1.556601,150,16.17,6,339.2,19 / 20,3721209,2019-09-06 20:22:06:952,-0.5708,0.2318,10.1752,0.0002,-0.0312,9.8066,-0.0393,-0.0245,0.006,-0.37,-37.19,-8.5,197.04,-84.37,-155.39
52.397133,-1.556601,150,16.17,6,339.2,19 / 20,3721310,2019-09-06 20:22:07:053,-0.6763,-1.0911,9.2854,-0.0169,0.0426,9.8065,-0.1252,-0.0004,-0.0322,0,-37.12,-8.69,196.36,-84.33,-157.15
52.397133,-1.556601,150,16.17,6,339.2,20 / 21,3721410,2019-09-06 20:22:07:153,-0.2903,-0.5358,8.8098,-0.0156,0.0428,9.8065,-0.0103,-0.0168,-0.0332,-0.12,-37.37,-8.25,195.09,-84.42,-158.26
52.397133,-1.556601,150,16.17,6,339.2,20 / 21,3721510,2019-09-06 20:22:07:253,-0.7607,-0.6007,8.7797,-0.0018,-0.0482,9.8064,-0.0796,0.0737,0.0049,-0.06,-37.44,-8.81,195.41,-84.55,-158.71
52.397133,-1.556601,150,16.17,6,339.2,20 / 21,3721609,2019-09-06 20:22:07:352,0.9851,-1.3949,9.7621,0.0177,-0.0202,9.8065,0.0944,0.0178,-0.0076,-0.56,-36.87,-8.37,201.19,-84.84,-157.43
52.397133,-1.556601,150,16.17,6,339.2,20 / 21,3721709,2019-09-06 20:22:07:452,-0.5149,0.1282,10.6478,-0.0009,-0.0082,9.8066,0.1279,-0.0078,-0.033,0,-37.37,-8,197.07,-84.88,-156.04
52.397133,-1.556601,150,16.17,6,339.2,20 / 21,3721809,2019-09-06 20:22:07:552,0.432,-0.4351,10.5053,0.0027,-0.0061,9.8066,-0.0801,0.0043,0.0148,0.13,-37.44,-8.06,196.84,-84.9,-156.38
52.397133,-1.556601,150,16.17,6,339.2,20 / 21,3721909,2019-09-06 20:22:07:652,0.0474,0.291,10.04,-0.0074,0.0381,9.8065,-0.0661,-0.0201,0.0517,0,-37.62,-8.75,196.84,-84.58,-156.6
52.397133,-1.556601,150,16.17,6,339.2,20 / 21,3722010,2019-09-06 20:22:07:753,-0.1604,-0.6208,10.0305,0.0049,0.0281,9.8065,0.1658,0.0094,0.0173,-0.62,-37.19,-8.06,201.78,-84.54,-156.09
52.397133,-1.556601,150,16.17,6,339.2,20 / 21,3722110,2019-09-06 20:22:07:853,0.1365,0.1017,9.6975,0.0132,-0.0317,9.8065,0.0756,-0.0748,0.014,0,-36.87,-8.81,197.59,-84.54,-155.7
52.397133,-1.556601,150,16.17,6,339.2,20 / 21,3722209,2019-09-06 20:22:07:952,-0.7546,0.2516,9.6911,-0.0041,-0.0129,9.8065,0.0161,0.0218,-0.0498,-0.06,-37.25,-8.81,198.86,-84.67,-154.12
52.397133,-1.556601,150,16.17,6,339.2,20 / 21,3722309,2019-09-06 20:22:08:052,-0.3397,0.6683,9.3436,0.0026,0.0017,9.8066,-0.0354,0.0443,-0.0151,0.13,-37.62,-8.94,198.73,-84.82,-154.31
52.398335,-1.55733,153.65,15.82,4,338.96,20 / 21,3722409,2019-09-06 20:22:08:152,-0.3807,-0.1186,9.8421,-0.0036,0.0136,9.8066,-0.0218,-0.0262,0.0291,-0.06,-37.5,-8.69,198.74,-84.9,-154.59
52.398335,-1.55733,153.65,15.82,4,338.96,20 / 21,3722510,2019-09-06 20:22:08:253,0.5899,0.367,10.0691,0.0036,0.0186,9.8065,0.0848,-0.057,0.0334,-0.69,-37,-8.5,203.42,-84.96,-154.56
52.398335,-1.55733,153.65,15.82,4,338.96,20 / 21,3722609,2019-09-06 20:22:08:352,-0.017,0.2374,10.4442,-0.0034,0.0205,9.8066,0.0141,-0.0204,0.0023,0.06,-36.81,-8.12,197.69,-84.88,-155.17
52.398335,-1.55733,153.65,15.82,4,338.96,20 / 21,3722710,2019-09-06 20:22:08:453,-0.1499,0.7007,10.283,-0.0119,0.0055,9.8066,0.0641,-0.0014,-0.0202,-0.12,-37.06,-7.94,196.15,-84.72,-157.11
52.398335,-1.55733,153.65,15.82,4,338.96,20 / 21,3722809,2019-09-06 20:22:08:552,0.1526,0.133,9.6309,-0.0063,0.0015,9.8066,0.003,-0.0241,-0.0096,0.31,-37.12,-8.75,195.64,-84.69,-158.54
52.398335,-1.55733,153.65,15.82,4,338.96,20 / 21,3722910,2019-09-06 20:22:08:653,-0.2772,-0.2227,9.3401,-0.003,-0.0181,9.8065,0.0087,-0.0373,-0.0012,0,-37.12,-8.5,194.99,-84.78,-158.82
52.398335,-1.55733,153.65,15.82,4,338.96,20 / 21,3723009,2019-09-06 20:22:08:752,0.1275,-0.0642,9.8734,-0.0016,0.0089,9.8066,0.0295,0.016,-0.0186,-0.06,-37.12,-8.5,195.13,-84.88,-158.74
52.398335,-1.55733,153.65,15.82,4,338.96,20 / 21,3723110,2019-09-06 20:22:08:853,0.0302,0.1794,9.8971,-0.0052,0.0118,9.8066,-0.0001,-0.0411,0.0068,-0.44,-37.25,-8.5,194.88,-84.92,-159.14
52.398335,-1.55733,153.65,15.82,4,338.96,20 / 21,3723210,2019-09-06 20:22:08:953,0.2225,1.0622,9.8906,0.0009,0.0112,9.8066,0.0433,0.0002,-0.0414,0.13,-36.87,-7.87,194.11,-84.87,-160.15
52.398335,-1.55733,153.65,15.82,4,338.96,20 / 21,3723309,2019-09-06 20:22:09:052,0.6595,0.1997,10.831,0.011,0.0155,9.8066,0.1162,-0.067,0.062,-0.12,-37.06,-8.37,194.22,-84.69,-159.8
52.398335,-1.55733,153.65,15.82,4,338.96,20 / 21,3723410,2019-09-06 20:22:09:153,0.2729,1.098,9.9386,0.0009,0.0065,9.8066,-0.0786,-0.0286,0.0046,-0.31,-37.19,-8.44,194.34,-84.55,-159.48
52.398335,-1.55733,153.65,15.82,4,338.96,20 / 21,3723509,2019-09-06 20:22:09:252,0.1781,0.0788,10.018,-0.0016,0.0005,9.8066,-0.0213,-0.0387,0.0308,-0.56,-37.56,-8.44,198.98,-84.49,-159.76
52.398335,-1.55733,153.65,15.82,4,338.96,20 / 21,3723610,2019-09-06 20:22:09:353,-0.1393,0.3483,9.5726,-0.0025,-0.004,9.8066,0.0072,-0.067,0.0195,-0.5,-37.06,-8.06,194.11,-84.45,-159.69
52.398335,-1.55733,153.65,15.82,4,338.96,20 / 21,3723709,2019-09-06 20:22:09:452,0.3568,0.1587,9.7402,-0.0042,0.01,9.8066,-0.0937,-0.0455,-0.0311,-0.25,-37,-7.87,193.68,-84.4,-160.26
52.398335,-1.55733,153.65,15.82,4,338.96,20 / 21,3723810,2019-09-06 20:22:09:553,-0.7622,-0.0321,9.8805,-0.0052,0.0006,9.8066,0.0932,-0.0875,0.0306,-0.19,-37.31,-8.56,193.97,-84.42,-160.55
52.398335,-1.55733,153.65,15.82,4,338.96,20 / 21,3723909,2019-09-06 20:22:09:652,0.6198,-0.3533,10.1886,-0.0094,-0.0078,9.8066,0.1464,0.0277,-0.1009,-0.25,-37.69,-8.12,192.42,-84.47,-161.98
52.398335,-1.55733,153.65,15.82,4,338.96,20 / 21,3724010,2019-09-06 20:22:09:753,-0.6637,-0.3959,10.5311,-0.0059,0.0168,9.8066,-0.0959,-0.012,0.0029,-0.19,-37.37,-7.81,191.56,-84.41,-163.31
52.398335,-1.55733,153.65,15.82,4,338.96,20 / 21,3724110,2019-09-06 20:22:09:853,1.455,-1.0214,10.0397,0.0242,0.0221,9.8066,-0.0321,-0.0131,0.0871,-1,-37.31,-8.19,197.96,-84.39,-161.29
52.398335,-1.55733,153.65,15.82,4,338.96,20 / 21,3724210,2019-09-06 20:22:09:953,0.939,2.1183,10.9579,0.0043,0.0227,9.8065,-0.0989,-0.006,-0.0621,-1.19,-37.81,-8.37,198.25,-84.24,-160.44
52.398335,-1.55733,153.65,15.82,4,338.96,20 / 21,3724310,2019-09-06 20:22:10:053,0.6155,-0.0609,10.2873,0.0083,0.0123,9.8066,-0.0903,-0.0783,0.0177,-1.06,-38.56,-7.56,198.45,-84.17,-159.82
52.398335,-1.55733,153.65,15.82,4,338.96,21 / 22,3724409,2019-09-06 20:22:10:152,-0.4488,0.4536,9.7934,-0.0126,0.0292,9.8066,0.0576,-0.1001,-0.009,-1.31,-38,-7.69,198.41,-84.06,-159.93
52.398335,-1.55733,153.65,15.82,4,338.96,21 / 22,3724510,2019-09-06 20:22:10:253,0.3834,-0.4644,9.7131,-0.0077,0.0197,9.8066,0.0327,-0.0127,-0.053,-1.5,-37.87,-7.81,197.12,-83.98,-161.73
52.398335,-1.55733,153.65,15.82,4,338.96,21 / 22,3724609,2019-09-06 20:22:10:352,-0.3122,-0.3428,9.8649,-0.0077,-0.019,9.8066,0.045,-0.0136,0.0032,-0.94,-37.81,-8,196.97,-84.14,-162.16
52.398335,-1.55733,153.65,15.82,4,338.96,21 / 22,3724709,2019-09-06 20:22:10:452,0.4228,0.1946,10.1488,-0.0048,-0.0106,9.8066,0.0262,-0.0015,0.0066,-0.62,-37.44,-7.56,196.71,-84.21,-162.84
52.398335,-1.55733,153.65,15.82,4,338.96,21 / 22,3724810,2019-09-06 20:22:10:553,-0.1284,0.7594,10.5654,-0.006,0.004,9.8066,0.038,-0.0177,0.0013,-1.12,-37.69,-7.37,195.96,-84.12,-163.55
52.398335,-1.55733,153.65,15.82,4,338.96,21 / 22,3724910,2019-09-06 20:22:10:653,-0.3877,0.0136,10.0882,-0.0055,0.0076,9.8066,-0.0119,-0.0263,-0.0153,-0.94,-37.69,-8.19,195.16,-83.97,-164.61
52.398335,-1.55733,153.65,15.82,4,338.96,21 / 22,3725009,2019-09-06 20:22:10:752,0.1992,1.0921,9.7535,0.003,0.011,9.8066,-0.0365,-0.0061,-0.0002,-0.62,-37.69,-7.31,194.83,-83.77,-164.8
52.398335,-1.55733,153.65,15.82,4,338.96,21 / 22,3725110,2019-09-06 20:22:10:853,0.1216,0.8406,9.5284,0.0028,-0.0001,9.8066,-0.0848,-0.0212,-0.0053,-0.62,-38.31,-7.81,194.98,-83.73,-164.58
52.398335,-1.55733,153.65,15.82,4,338.96,21 / 22,3725210,2019-09-06 20:22:10:953,-0.0017,-0.2527,9.1562,-0.0074,-0.0216,9.8066,-0.0261,0.0165,-0.0355,-0.37,-38.5,-8.06,190.16,-84.04,-164.9
52.398335,-1.55733,153.65,15.82,4,338.96,21 / 22,3725310,2019-09-06 20:22:11:053,0.6317,-0.5985,9.989,-0.0009,0.0004,9.8066,0.0621,-0.0463,0.0199,-0.81,-38.25,-7.75,194.78,-84.09,-165.32
52.398335,-1.55733,153.65,15.82,4,338.96,20 / 21,3725410,2019-09-06 20:22:11:153,-0.1378,0.97,10.3887,-0.0024,0.0042,9.8066,-0.0466,-0.0176,-0.0276,-0.69,-38.69,-7.31,194.11,-84.03,-166.05
52.398335,-1.55733,153.65,15.82,4,338.96,20 / 21,3725509,2019-09-06 20:22:11:252,-0.2546,0.8145,10.8739,-0.0007,0.0133,9.8065,-0.0017,-0.0567,0.0006,-0.69,-37.5,-7,193.85,-83.84,-166.63
52.398335,-1.55733,153.65,15.82,4,338.96,20 / 21,3725610,2019-09-06 20:22:11:353,-0.2092,-1.0925,10.1536,0.0063,0.032,9.8065,0.0938,0.0063,0.031,-1.12,-37.75,-7.19,193.42,-83.72,-166.95
52.398335,-1.55733,153.65,15.82,4,338.96,20 / 21,3725709,2019-09-06 20:22:11:452,-0.3052,0.5029,9.8229,-0.0003,0.0094,9.8066,0.0752,-0.0502,0.0325,-0.69,-37.81,-7.19,193.21,-83.52,-167.04
52.398335,-1.55733,153.65,15.82,4,338.96,20 / 21,3725810,2019-09-06 20:22:11:553,-0.7523,0.4616,9.6602,0.0035,-0.0186,9.8066,-0.0359,-0.0324,0.0385,-1.31,-37.62,-7.37,193.74,-83.7,-166.42
52.398335,-1.55733,153.65,15.82,4,338.96,20 / 21,3725909,2019-09-06 20:22:11:652,-0.0775,0.1712,10.1441,-0.0054,-0.0161,9.8065,0.0491,0.0201,-0.0046,-0.69,-38.37,-7.31,193.93,-83.74,-166.17
52.398335,-1.55733,153.65,15.82,4,338.96,20 / 21,3726009,2019-09-06 20:22:11:752,-0.3752,-0.5179,10.0441,-0.0156,0.0199,9.8065,0.0635,0.026,-0.046,-0.37,-38.19,-7.37,187.22,-83.62,-168.48
52.398335,-1.55733,153.65,15.82,4,338.96,20 / 21,3726110,2019-09-06 20:22:11:853,-1.014,0.5927,9.6321,-0.0158,0.0212,9.8066,-0.0448,-0.0223,-0.008,-0.5,-38,-7.06,186.11,-83.49,-170.17
52.398335,-1.55733,153.65,15.82,4,338.96,20 / 21,3726210,2019-09-06 20:22:11:953,-0.1518,-0.176,9.9006,-0.0061,-0.0334,9.8065,0.1082,0.0184,-0.0125,-0.44,-37.62,-7.31,185.48,-83.41,-171.15
52.398335,-1.55733,153.65,15.82,4,338.96,20 / 21,3726310,2019-09-06 20:22:12:053,-0.6742,0.1555,9.8276,-0.004,-0.0198,9.8066,0.0462,0.0236,0.0001,-0.25,-37.31,-7.25,185.14,-83.63,-171.88
52.398335,-1.55733,153.65,15.82,4,338.96,19 / 20,3726410,2019-09-06 20:22:12:153,-0.6335,0.189,9.526,-0.008,0.0098,9.8066,0.0016,0.0203,-0.0111,-0.5,-37.19,-7.81,184.24,-83.66,-173.62
52.398335,-1.55733,153.65,15.82,4,338.96,19 / 20,3726509,2019-09-06 20:22:12:252,-0.2726,0.1804,9.656,0.0012,0.0197,9.8066,-0.039,0.0128,-0.0388,-0.37,-37.31,-7.62,183.99,-83.57,-173.97
52.398335,-1.55733,153.65,15.82,4,338.96,19 / 20,3726610,2019-09-06 20:22:12:353,-0.8172,0.4222,9.7175,-0.0028,0.0127,9.8066,0.0249,-0.0018,0.0008,-0.25,-37.19,-7.56,183.09,-83.55,-175.33
52.398335,-1.55733,153.65,15.82,4,338.96,19 / 20,3726709,2019-09-06 20:22:12:452,0.0386,-0.8446,10.0361,0.0031,0.0082,9.8066,0.0526,0.018,0.018,-0.19,-38,-7.37,182.9,-83.62,-175.38
52.398335,-1.55733,153.65,15.82,4,338.96,19 / 20,3726809,2019-09-06 20:22:12:552,-0.3703,0.3764,9.7019,0.0062,-0.001,9.8066,-0.0526,0.0124,0.0474,-0.5,-37.62,-7.69,183.29,-83.63,-174.99
52.398335,-1.55733,153.65,15.82,4,338.96,19 / 20,3726909,2019-09-06 20:22:12:652,-0.0482,0.629,10.1424,0.0089,0.0067,9.8066,0.0087,0.0285,0.0188,-0.94,-37.81,-7.19,188.97,-83.61,-173.86
52.398335,-1.55733,153.65,15.82,4,338.96,19 / 20,3727010,2019-09-06 20:22:12:753,0.1748,0.1821,10.583,-0.0008,0.0181,9.8066,-0.0239,-0.0109,-0.0332,0.13,-37.69,-7.37,184.02,-83.57,-173.57
52.398335,-1.55733,153.65,15.82,4,338.96,19 / 20,3727110,2019-09-06 20:22:12:853,-0.0979,-0.6289,10.034,-0.0023,-0.011,9.8066,-0.0801,-0.0132,-0.043,-0.56,-37.62,-7.69,188.53,-83.47,-174.08
52.398335,-1.55733,153.65,15.82,4,338.96,19 / 20,3727209,2019-09-06 20:22:12:952,-0.5701,1.4229,10.9627,-0.0132,0.0033,9.8066,-0.0318,-0.0154,-0.0183,-0.44,-37.62,-7.94,182.99,-83.38,-175.4
52.398335,-1.55733,153.65,15.82,4,338.96,19 / 20,3727310,2019-09-06 20:22:13:053,0.1072,0.1876,9.7591,-0.0113,0.005,9.8066,-0.0979,-0.0132,0.0364,0.44,-37.62,-7.25,182.14,-83.3,-176.53
52.398335,-1.55733,153.65,15.82,4,338.96,19 / 21,3727410,2019-09-06 20:22:13:153,-1.2947,0.0543,9.412,0.0028,-0.0384,9.8066,0.0474,0.0811,-0.0049,0.63,-37.75,-8.19,177.16,-83.21,-177.28
52.398335,-1.55733,153.65,15.82,4,338.96,19 / 21,3727509,2019-09-06 20:22:13:252,0.0447,0.6877,9.8267,0.01,-0.0391,9.8065,0.0535,-0.0182,0.0643,0.19,-38,-8.06,181.83,-83.57,-177.21
52.398335,-1.55733,153.65,15.82,4,338.96,19 / 21,3727610,2019-09-06 20:22:13:353,-0.1031,-0.3441,9.7878,-0.0058,0.0301,9.8065,-0.0341,0.0246,-0.0433,0.5,-37.81,-7.81,177.28,-83.47,-177.03
52.398335,-1.55733,153.65,15.82,4,338.96,19 / 21,3727710,2019-09-06 20:22:13:453,-0.25,-0.2286,10.4681,0.0041,0.0042,9.8066,0.0784,0.0156,0.043,0.69,-37.62,-7.12,177.25,-83.41,-176.29
52.398335,-1.55733,153.65,15.82,4,338.96,19 / 21,3727810,2019-09-06 20:22:13:553,-0.2466,0.0654,10.0215,-0.0114,-0.0001,9.8066,0.048,0.0179,0.0004,0.5,-37.44,-6.62,176.89,-83.22,-176.89
52.398335,-1.55733,153.65,15.82,4,338.96,19 / 21,3727909,2019-09-06 20:22:13:652,-0.353,0.0002,9.8108,-0.0016,-0.0155,9.8066,0.0227,-0.0338,0.0036,0.13,-37.81,-6.69,181.81,-83.17,-177.03
52.398335,-1.55733,153.65,15.82,4,338.96,19 / 21,3728010,2019-09-06 20:22:13:753,0.0972,-0.0725,9.8625,-0.019,-0.0018,9.8065,-0.0285,0.0116,-0.0898,0.19,-37.94,-6.69,181.21,-83.21,-178.02
52.398335,-1.55733,153.65,15.82,4,338.96,19 / 21,3728110,2019-09-06 20:22:13:853,-0.3835,-0.5318,9.6364,-0.0189,0.0102,9.8066,-0.0663,-0.0111,-0.0489,0.63,-37.5,-7.37,174.5,-83.26,179.29
52.398335,-1.55733,153.65,15.82,4,338.96,19 / 21,3728210,2019-09-06 20:22:13:953,-0.0261,-0.8107,9.9775,-0.0212,-0.008,9.8066,0.01,0.0168,-0.061,0.88,-37.37,-7.06,172.54,-83.24,176.14
52.398335,-1.55733,153.65,15.82,4,338.96,19 / 21,3728309,2019-09-06 20:22:14:052,-0.7929,0.0395,10.4445,-0.0168,0.0186,9.8066,0.0109,0.0092,-0.0709,1.44,-36.94,-7.81,171.95,-83.04,174.66
52.398335,-1.55733,153.65,15.82,4,338.96,19 / 20,3728409,2019-09-06 20:22:14:152,-0.1612,0.5458,9.8427,0.0003,-0.0003,9.8066,-0.0279,0.0023,0.0244,1,-37.56,-6.94,170.96,-82.89,173.15
52.398335,-1.55733,153.65,15.82,4,338.96,19 / 20,3728510,2019-09-06 20:22:14:253,-0.8238,1.1421,9.6275,-0.0016,0.0053,9.8066,-0.1441,0.0368,-0.0315,0.88,-37.31,-6.56,170.87,-82.87,173.15
52.398335,-1.55733,153.65,15.82,4,338.96,19 / 20,3728610,2019-09-06 20:22:14:353,-0.382,-1.3458,9.5647,0.0056,0.0002,9.8066,0.0705,-0.0342,-0.0151,1.56,-37.87,-6.56,165.35,-83.02,172.15
52.398335,-1.55733,153.65,15.82,4,338.96,19 / 20,3728710,2019-09-06 20:22:14:453,-0.0243,0.4997,10.0891,0.0076,-0.0054,9.8065,0.088,0.0083,0.0193,0.94,-36.87,-6.94,170.33,-83.17,172.52
52.398335,-1.55733,153.65,15.82,4,338.96,19 / 20,3728810,2019-09-06 20:22:14:553,0.7777,-0.4627,10.5185,0.0064,0.0265,9.8066,-0.0476,0.0312,-0.0167,1,-36.69,-7.5,171.44,-83.03,174.22
52.398335,-1.55733,153.65,15.82,4,338.96,19 / 20,3728910,2019-09-06 20:22:14:653,0.0833,-0.3789,10.2989,0.0064,0.027,9.8065,-0.0367,-0.0007,0.0168,0.56,-37.69,-6.62,171.9,-82.87,174.7
52.398335,-1.55733,153.65,15.82,4,338.96,19 / 20,3729009,2019-09-06 20:22:14:752,-0.5467,-0.0307,9.3242,0.0003,0.0204,9.8065,-0.0001,0.0439,0.0251,0.5,-37.44,-6.94,172.36,-82.61,175.42
52.398335,-1.55733,153.65,15.82,4,338.96,19 / 20,3729109,2019-09-06 20:22:14:852,-0.0037,-0.5554,10.4094,0.0007,0.0265,9.8065,-0.0109,-0.0209,0.0008,0.31,-37.56,-7.06,177.42,-82.59,175.63
52.398335,-1.55733,153.65,15.82,4,338.96,19 / 20,3729210,2019-09-06 20:22:14:953,0.3201,-0.6956,10.2385,0.0067,0.0135,9.8066,0.0516,-0.0097,-0.0096,0.44,-37.69,-6.69,177.28,-82.78,175.45
52.398335,-1.55733,153.65,15.82,4,338.96,19 / 20,3729309,2019-09-06 20:22:15:052,-0.4983,0.7262,9.9613,-0.004,-0.021,9.8066,0.1592,-0.0114,0.0381,0.5,-37.12,-6.56,172.39,-82.76,175.57
52.398335,-1.55733,153.65,15.82,4,338.96,20 / 21,3729409,2019-09-06 20:22:15:152,0.4305,-0.3376,9.7223,-0.0089,0.0396,9.8065,-0.1412,-0.0151,-0.0546,1,-37.44,-7.44,172.38,-82.53,175.39
52.398335,-1.55733,153.65,15.82,4,338.96,20 / 21,3729510,2019-09-06 20:22:15:253,-0.7994,0.0003,9.8609,-0.0013,-0.005,9.8066,0.0736,0.0289,-0.0354,0.5,-37.56,-7.44,172.06,-82.59,174.76
52.398335,-1.55733,153.65,15.82,4,338.96,20 / 21,3729609,2019-09-06 20:22:15:352,-0.1101,-0.3946,9.4305,-0.0047,-0.0051,9.8066,-0.0394,-0.0199,-0.0098,0.5,-37.62,-7.56,172.28,-82.58,174.77
52.398335,-1.55733,153.65,15.82,4,338.96,20 / 21,3729710,2019-09-06 20:22:15:453,-0.5799,-0.5613,10.0026,0.0007,0.0043,9.8066,0.0509,0.0412,-0.0571,1.19,-38.06,-7.62,172.14,-82.66,174.61
52.398335,-1.55733,153.65,15.82,4,338.96,20 / 21,3729809,2019-09-06 20:22:15:552,-0.0034,-0.5164,9.4141,-0.0026,-0.0014,9.8066,0.0226,0.0334,0.0306,1.5,-37.31,-7.31,167.15,-82.79,175.04
52.398335,-1.55733,153.65,15.82,4,338.96,20 / 21,3729910,2019-09-06 20:22:15:653,-0.01,-0.0781,9.5857,0.004,0.0057,9.8066,0.0719,-0.0041,0.0327,2.44,-38.25,-7,167.36,-82.82,175.2
52.398335,-1.55733,153.65,15.82,4,338.96,20 / 21,3730009,2019-09-06 20:22:15:752,-0.045,0.0334,10.2713,-0.0008,-0.0225,9.8066,-0.024,-0.0118,-0.0391,2.31,-37.31,-6.5,166.3,-83.08,175.22
52.398335,-1.55733,153.65,15.82,4,338.96,20 / 21,3730110,2019-09-06 20:22:15:853,-0.731,0.3532,10.4023,-0.0002,-0.0145,9.8066,-0.0075,-0.0301,-0.0093,2.06,-37.62,-6.31,166.2,-82.99,174.67
52.398335,-1.55733,153.65,15.82,4,338.96,20 / 21,3730210,2019-09-06 20:22:15:953,-0.5741,-0.4846,10.0644,-0.0106,0.0185,9.8066,0.0675,-0.0212,0.017,1.56,-37.25,-5.94,165.68,-82.74,173.69
52.398335,-1.55733,153.65,15.82,4,338.96,20 / 21,3730310,2019-09-06 20:22:16:053,-0.1082,-1.1164,10.2616,-0.0051,0.0194,9.8065,-0.0278,0.0108,-0.0357,1.19,-37.44,-6.31,170.85,-82.63,173.26
52.398335,-1.55733,153.65,15.82,4,338.96,20 / 21,3730409,2019-09-06 20:22:16:152,-0.0305,-0.3136,9.6662,0.0028,0.0139,9.8066,-0.0246,0.0028,0.035,0.69,-37.62,-6.5,170.66,-82.54,172.64
52.398335,-1.55733,153.65,15.82,4,338.96,20 / 21,3730510,2019-09-06 20:22:16:253,-0.1444,0.0613,9.2576,0.0015,-0.0301,9.8065,-0.0427,0.0202,-0.0175,0.94,-37.62,-6.31,170.93,-82.44,173.02
52.398335,-1.55733,153.65,15.82,4,338.96,20 / 21,3730609,2019-09-06 20:22:16:352,0.2829,-0.4795,9.4379,0.0065,-0.0189,9.8065,0.0118,-0.0198,0.0189,0.81,-37.44,-6.87,170.88,-82.78,173.09
52.398335,-1.55733,153.65,15.82,4,338.96,20 / 21,3730710,2019-09-06 20:22:16:453,0.1193,-0.9638,9.7699,-0.0059,-0.0231,9.8066,0.0001,0.0015,-0.0085,1,-37.25,-6.62,170.48,-82.9,172.54
52.398335,-1.55733,153.65,15.82,4,338.96,20 / 21,3730810,2019-09-06 20:22:16:553,-0.7818,-0.7098,9.8942,0.0014,0.0082,9.8066,-0.0051,0.032,-0.0342,0.13,-37,-7.62,175.26,-82.88,172.59
52.398335,-1.55733,153.65,15.82,4,338.96,20 / 21,3730910,2019-09-06 20:22:16:653,0.8182,-0.6004,10.4756,0.0076,-0.0088,9.8066,0.106,-0.0672,0.0772,0.56,-37.25,-6.81,171.1,-82.86,173.52
52.398335,-1.55733,153.65,15.82,4,338.96,20 / 21,3731009,2019-09-06 20:22:16:752,-0.2716,-0.277,10.6505,0.0112,0.0144,9.8065,0.0164,-0.0375,0.0744,1.06,-37.69,-6.5,171.65,-82.71,174.56
52.398335,-1.55733,153.65,15.82,4,338.96,20 / 21,3731109,2019-09-06 20:22:16:852,-0.2083,0.4413,11.1274,0.0058,0.0005,9.8066,0.0173,-0.0075,0.0047,0.94,-37.94,-7.37,172.92,-82.51,176.16
52.398335,-1.55733,153.65,15.82,4,338.96,20 / 21,3731210,2019-09-06 20:22:16:953,-0.2602,-0.8341,8.8907,0.0136,0.0619,9.8064,-0.0977,0.0023,0.0149,-0.31,-37.75,-6.56,178.71,-82.28,177.79
52.398335,-1.55733,153.65,15.82,4,338.96,20 / 21,3731310,2019-09-06 20:22:17:053,0.3143,-1.5858,8.5499,0.0063,0.0365,9.8065,-0.1295,-0.0162,0.0168,0.25,-37.31,-7.5,179,-82.43,178.31
52.39963,-1.558025,155.99,16.69,6,342.41,21 / 22,3731409,2019-09-06 20:22:17:152,0.5943,-0.6449,9.4633,0.0005,-0.0452,9.8065,-0.2225,0.0178,-0.0204,0,-37.12,-6.81,179.06,-82.53,178.42
52.39963,-1.558025,155.99,16.69,6,342.41,21 / 22,3731510,2019-09-06 20:22:17:253,0.2396,0.0861,10.4339,-0.0147,0.0434,9.8065,0.012,0.0002,-0.0038,0.13,-37.25,-7.06,178.69,-82.99,177.86
52.39963,-1.558025,155.99,16.69,6,342.41,21 / 22,3731609,2019-09-06 20:22:17:352,-0.3024,0.8199,9.9072,-0.0039,0.0338,9.8065,0.024,0.0055,0.0127,0,-37.44,-6.69,177.98,-82.56,176.62
52.39963,-1.558025,155.99,16.69,6,342.41,21 / 22,3731710,2019-09-06 20:22:17:453,0.0161,-0.5616,9.7887,0.0009,0.0345,9.8066,0.0181,-0.0358,0.0212,0.19,-38.25,-7.44,178.06,-82.47,176.69
52.39963,-1.558025,155.99,16.69,6,342.41,21 / 22,3731809,2019-09-06 20:22:17:552,0.3868,0.0274,9.7936,0.0029,-0.0156,9.8065,0.0853,-0.0452,-0.0049,0.69,-38.44,-7.94,173.53,-82.66,176.82
52.39963,-1.558025,155.99,16.69,6,342.41,21 / 22,3731910,2019-09-06 20:22:17:653,0.771,-0.6964,9.6708,-0.0072,-0.0163,9.8066,-0.1252,0.0495,-0.049,0.75,-38.31,-7.5,173.05,-82.74,176.52
52.39963,-1.558025,155.99,16.69,6,342.41,21 / 22,3732010,2019-09-06 20:22:17:753,-0.5026,-1.1869,9.7281,-0.0077,0.0024,9.8066,-0.0276,-0.035,0.033,1.25,-37.81,-7.44,172.43,-82.77,175.51
52.39963,-1.558025,155.99,16.69,6,342.41,21 / 22,3732110,2019-09-06 20:22:17:853,-0.2502,-1.1749,9.9059,-0.0042,0.0018,9.8066,0.1092,-0.0171,-0.0245,1.19,-38.25,-7.5,172.18,-82.71,175.05
52.39963,-1.558025,155.99,16.69,6,342.41,21 / 22,3732210,2019-09-06 20:22:17:953,-0.1564,-0.2017,10.3855,-0.0038,0.0016,9.8066,0.0842,-0.0041,0.0061,1.38,-37.75,-6.5,171.55,-82.57,174.27
52.39963,-1.558025,155.99,16.69,6,342.41,21 / 22,3732310,2019-09-06 20:22:18:053,-0.2923,0.0611,10.0548,0.0012,-0.0208,9.8065,0.1242,-0.0012,0.0056,0.75,-37.69,-6.12,171.51,-82.61,174.23
52.39963,-1.558025,155.99,16.69,6,342.41,20 / 21,3732409,2019-09-06 20:22:18:152,0.1182,-0.434,9.372,-0.0055,0.0018,9.8065,-0.1084,-0.0274,0.0263,1,-37.12,-6.06,171.57,-82.64,174.54
52.39963,-1.558025,155.99,16.69,6,342.41,20 / 21,3732510,2019-09-06 20:22:18:253,0.4807,-0.9217,9.5145,-0.0008,-0.0117,9.8066,0.0716,0.0395,-0.0598,0.5,-37.37,-6.94,171.69,-82.68,174.36
52.39963,-1.558025,155.99,16.69,6,342.41,20 / 21,3732609,2019-09-06 20:22:18:352,-0.1321,-1.1987,9.5918,0.0029,-0.0083,9.8066,0.0008,-0.0151,0.0433,0.13,-37.37,-6.5,176.69,-82.69,174.12
52.39963,-1.558025,155.99,16.69,6,342.41,20 / 21,3732710,2019-09-06 20:22:18:453,0.4399,-0.5385,9.7005,0.0005,-0.006,9.8065,-0.1044,-0.0162,0.0028,0.13,-37.37,-6.44,176.85,-82.67,174.41
52.39963,-1.558025,155.99,16.69,6,342.41,20 / 21,3732809,2019-09-06 20:22:18:552,0.1123,-0.3987,10.0966,-0.0016,-0.0006,9.8066,-0.0182,-0.0316,-0.0356,0.31,-37.25,-6.87,176.68,-82.71,174.48
52.39963,-1.558025,155.99,16.69,6,342.41,20 / 21,3732910,2019-09-06 20:22:18:653,-0.688,-0.0601,9.9658,-0.0122,0.017,9.8066,-0.0432,-0.0216,0.0191,0.25,-37.5,-7.19,176.08,-82.85,173.53
52.39963,-1.558025,155.99,16.69,6,342.41,20 / 21,3733010,2019-09-06 20:22:18:753,-0.0999,-0.7287,10.0077,-0.013,0.0193,9.8066,-0.0338,-0.0126,0.0142,0.25,-37.56,-6.62,175.5,-82.83,172.48
52.39963,-1.558025,155.99,16.69,6,342.41,20 / 21,3733110,2019-09-06 20:22:18:853,-0.0613,-0.8208,10.1172,-0.0018,0.0153,9.8066,0.082,0.0172,-0.016,0.56,-37.12,-6.87,170.16,-82.63,171.78
52.39963,-1.558025,155.99,16.69,6,342.41,20 / 21,3733210,2019-09-06 20:22:18:953,0.3372,0.1552,10.3913,-0.0015,0.013,9.8066,0.0586,-0.0348,0.0358,1.06,-37.5,-6.56,170.21,-82.57,171.82
52.39963,-1.558025,155.99,16.69,6,342.41,20 / 21,3733310,2019-09-06 20:22:19:053,0.2007,-0.3936,9.1051,0.0017,0.0201,9.8066,-0.0274,-0.0261,0.0043,0.88,-37.75,-7.19,170.35,-82.62,171.91
52.39963,-1.558025,155.99,16.69,6,342.41,20 / 21,3733410,2019-09-06 20:22:19:153,-0.0122,-1.158,9.2862,0.0043,-0.0627,9.8064,0.0024,-0.0479,0.0173,1.13,-37.31,-7.12,170.12,-82.68,171.76
52.39963,-1.558025,155.99,16.69,6,342.41,20 / 21,3733510,2019-09-06 20:22:19:253,0.8836,-0.2906,9.9098,0.0073,-0.0198,9.8066,0.107,-0.0055,0.0134,0.31,-37.31,-7.31,175.12,-83,172.02
52.39963,-1.558025,155.99,16.69,6,342.41,20 / 21,3733609,2019-09-06 20:22:19:352,0.7904,1.3637,10.227,0.0071,-0.0017,9.8066,0.0919,-0.094,0.0819,0.19,-37.5,-6.44,176,-82.98,173.02
52.39963,-1.558025,155.99,16.69,6,342.41,20 / 21,3733710,2019-09-06 20:22:19:453,-0.1697,-0.0295,10.0723,0.0095,-0.0116,9.8065,-0.0791,-0.0442,0.0669,0.56,-37.75,-7.06,171.51,-83.08,174.22
52.39963,-1.558025,155.99,16.69,6,342.41,20 / 21,3733810,2019-09-06 20:22:19:553,0.219,0.3887,9.7709,0.0059,0.0089,9.8066,0.0097,-0.0327,0.0338,0.25,-37.31,-7.25,177.16,-83.03,175.36
52.39963,-1.558025,155.99,16.69,6,342.41,20 / 21,3733909,2019-09-06 20:22:19:652,0.5537,-0.1313,9.7204,0.0062,0.0177,9.8066,0.0364,-0.0195,-0.0285,-0.06,-38.06,-7.5,177.67,-82.95,176.13
52.39963,-1.558025,155.99,16.69,6,342.41,20 / 21,3734009,2019-09-06 20:22:19:752,0.6009,-0.5001,9.5972,-0.0013,-0.0109,9.8066,-0.0255,-0.0152,0.0267,0.31,-37.69,-7.44,177.51,-82.9,175.86
52.39963,-1.558025,155.99,16.69,6,342.41,20 / 21,3734109,2019-09-06 20:22:19:852,0.0324,-0.3882,10.4431,-0.0017,-0.0051,9.8066,0.0614,-0.0291,-0.0153,0.06,-37.69,-7.75,177.11,-82.96,175.45
52.39963,-1.558025,155.99,16.69,6,342.41,20 / 21,3734209,2019-09-06 20:22:19:952,0.2754,0.1048,10.2903,-0.0072,0.0073,9.8065,0.0975,-0.0126,0.014,0.69,-38.44,-7.06,171.9,-82.86,174.69
52.39963,-1.558025,155.99,16.69,6,342.41,20 / 21,3734310,2019-09-06 20:22:20:053,0.043,0.7826,9.8411,0.0005,-0.0028,9.8066,-0.167,-0.0013,0.0182,1.19,-38.31,-7.31,171.82,-82.89,174.58
52.39963,-1.558025,155.99,16.69,6,342.41,20 / 22,3734410,2019-09-06 20:22:20:153,0.7556,-0.6309,9.3244,-0.0007,0.0123,9.8066,-0.1006,-0.0439,0.0228,1.06,-37.87,-7.37,171.89,-82.87,174.68
52.39963,-1.558025,155.99,16.69,6,342.41,20 / 22,3734509,2019-09-06 20:22:20:252,0.0841,0.5066,9.5447,-0.0093,0.0203,9.8066,0.1301,-0.0277,-0.0631,0.94,-37.5,-6.62,171.7,-82.78,174.45
52.39963,-1.558025,155.99,16.69,6,342.41,20 / 22,3734610,2019-09-06 20:22:20:353,0.5917,0.2134,9.6325,-0.0086,-0.0396,9.8065,0.1526,-0.0124,-0.0157,0.5,-38.69,-6.62,170.91,-82.97,172.99
52.39963,-1.558025,155.99,16.69,6,342.41,20 / 22,3734710,2019-09-06 20:22:20:453,0.021,0.3903,9.7105,-0.0048,-0.0296,9.8066,-0.1515,0.0109,-0.0098,0.5,-37.62,-6.31,170.11,-82.97,172.09
52.39963,-1.558025,155.99,16.69,6,342.41,20 / 22,3734810,2019-09-06 20:22:20:553,-0.2835,0.462,9.6521,0.0019,0.0391,9.8065,-0.0876,-0.0241,-0.019,0.56,-38.31,-6.87,169.81,-83,171.36
52.39963,-1.558025,155.99,16.69,6,342.41,20 / 22,3734910,2019-09-06 20:22:20:653,-0.8645,-0.4095,9.7101,0.0024,0.0405,9.8065,0.057,-0.0496,0.0596,0.19,-38.12,-7,175.22,-82.78,171.99
52.39963,-1.558025,155.99,16.69,6,342.41,20 / 22,3735010,2019-09-06 20:22:20:753,0.4013,0.1653,10.2863,0.0147,-0.0144,9.8066,0.0272,-0.0479,0.0242,0,-38.06,-6.44,176.36,-82.98,173.56
52.39963,-1.558025,155.99,16.69,6,342.41,20 / 22,3735109,2019-09-06 20:22:20:852,0.1073,0.2049,10.0553,0.0075,-0.003,9.8066,0.0752,0.0468,0.0457,-0.12,-37.56,-5.94,177.12,-82.84,174.88
52.39963,-1.558025,155.99,16.69,6,342.41,20 / 22,3735209,2019-09-06 20:22:20:952,-0.4795,-0.4224,10.0614,0.0102,-0.0285,9.8066,0.1896,0.0025,0.0665,-0.06,-37.69,-6.19,177.74,-82.84,175.98
52.39963,-1.558025,155.99,16.69,6,342.41,20 / 22,3735310,2019-09-06 20:22:21:053,0.3164,-0.0092,9.7794,0.0052,-0.0335,9.8065,-0.0821,-0.025,-0.0238,-0.5,-38,-6.37,178.27,-82.8,176.91
52.39963,-1.558025,155.99,16.69,6,342.41,21 / 22,3735409,2019-09-06 20:22:21:152,-0.543,-1.0765,9.472,-0.0032,-0.0048,9.8066,-0.0955,0.0218,-0.0062,-1.06,-38,-6.44,183.65,-82.79,177.03
52.39963,-1.558025,155.99,16.69,6,342.41,21 / 22,3735510,2019-09-06 20:22:21:253,-0.2807,-0.5929,10.0415,-0.0027,0.0054,9.8066,0.1105,-0.0143,0.0213,-0.5,-37.81,-6.56,177.78,-82.87,176.3
52.39963,-1.558025,155.99,16.69,6,342.41,21 / 22,3735610,2019-09-06 20:22:21:353,-0.0179,-0.0206,10.0526,-0.0055,-0.0213,9.8066,0.1214,-0.0327,-0.0463,-0.31,-37.62,-6.75,177.62,-82.95,176.05
52.39963,-1.558025,155.99,16.69,6,342.41,21 / 22,3735709,2019-09-06 20:22:21:452,-0.2267,-0.1601,10.3161,-0.0165,-0.0006,9.8066,0.0292,-0.0572,0.0088,-0.69,-38,-6.06,182.55,-82.8,175.06
52.39963,-1.558025,155.99,16.69,6,342.41,21 / 22,3735809,2019-09-06 20:22:21:552,-0.3127,1.5095,9.821,-0.0023,0.0084,9.8066,0.1027,0.0002,-0.0164,-0.75,-37.56,-6.81,181.35,-82.82,174.11
52.39963,-1.558025,155.99,16.69,6,342.41,21 / 22,3735910,2019-09-06 20:22:21:653,0.2261,0.37,9.4983,0.0006,-0.019,9.8065,-0.0606,-0.0492,0.0373,-0.37,-37.69,-6.37,176.89,-82.93,174.5
52.39963,-1.558025,155.99,16.69,6,342.41,21 / 22,3736009,2019-09-06 20:22:21:752,-0.5399,-1.3713,8.5008,-0.0064,-0.0045,9.8066,-0.4148,-0.0544,-0.0012,-0.44,-37.44,-6.44,177.15,-82.96,175.02
52.39963,-1.558025,155.99,16.69,6,342.41,21 / 22,3736110,2019-09-06 20:22:21:853,0.3293,-0.7827,9.6402,0.0197,0.1165,9.8059,0.485,0.0167,-0.0305,-0.44,-37.44,-7.5,177.33,-82.58,175.54
52.39963,-1.558025,155.99,16.69,6,342.41,21 / 22,3736210,2019-09-06 20:22:21:953,0.9393,-0.3175,9.4464,-0.0038,-0.1608,9.8053,0.4476,0.0219,0.0289,-0.44,-37.75,-6.87,176.78,-83.46,174.81
52.39963,-1.558025,155.99,16.69,6,342.41,21 / 22,3736310,2019-09-06 20:22:22:053,-0.2994,0.5877,11.6937,0.0096,0.1149,9.8059,0.0738,-0.0408,-0.0697,-0.37,-38.44,-7,176.61,-83.24,174.47
52.39963,-1.558025,155.99,16.69,6,342.41,20 / 21,3736410,2019-09-06 20:22:22:153,-0.874,0.646,11.3326,-0.0134,0.0241,9.8066,0.2356,0.059,-0.0531,-0.37,-38.37,-6.06,177.02,-82.65,174.63
52.39963,-1.558025,155.99,16.69,6,342.41,20 / 21,3736510,2019-09-06 20:22:22:253,1.0812,1.0211,10.8293,-0.0048,-0.0477,9.8065,-0.2168,-0.0441,0.043,-0.25,-38.75,-6.31,176.58,-82.8,173.83
52.39963,-1.558025,155.99,16.69,6,342.41,20 / 21,3736609,2019-09-06 20:22:22:352,-1.4833,0.1648,9.3648,-0.0011,0.0478,9.8065,-0.1181,0.04,-0.105,-0.56,-38.06,-6.62,181.91,-82.86,175.03
52.39963,-1.558025,155.99,16.69,6,342.41,20 / 21,3736709,2019-09-06 20:22:22:452,0.4614,-0.5905,9.4136,0.0027,0.0104,9.8065,-0.0299,0.0062,0.0195,-0.62,-38.25,-7.5,181.43,-82.82,174.25
52.39963,-1.558025,155.99,16.69,6,342.41,20 / 21,3736809,2019-09-06 20:22:22:552,0.3602,-1.2467,9.6689,-0.0005,-0.0029,9.8066,-0.1067,-0.0265,0.0511,-0.75,-38.5,-7,181.93,-82.91,175.07
52.39963,-1.558025,155.99,16.69,6,342.41,20 / 21,3736909,2019-09-06 20:22:22:652,-0.0062,-0.6095,9.5745,0.0054,0.0387,9.8066,0.1538,-0.0069,-0.013,-0.25,-38.06,-7.62,177.12,-82.76,175.43
52.39963,-1.558025,155.99,16.69,6,342.41,20 / 21,3737010,2019-09-06 20:22:22:753,-0.3837,0.357,9.974,0.0081,-0.0221,9.8066,-0.0666,0.0115,0.035,-0.25,-38.62,-7.25,177.61,-82.8,175.97
52.39963,-1.558025,155.99,16.69,6,342.41,20 / 21,3737110,2019-09-06 20:22:22:853,0.653,0.3065,10.3495,0.006,-0.0252,9.8066,-0.0042,-0.0038,-0.0826,0.25,-39.19,-6.5,177.85,-82.87,176.14
52.39963,-1.558025,155.99,16.69,6,342.41,20 / 21,3737209,2019-09-06 20:22:22:952,1.1457,1.262,10.4062,-0.0136,0.0121,9.8066,0.0481,0.0149,0.051,0.06,-38.37,-6.62,178.38,-82.89,177.3
52.39963,-1.558025,155.99,16.69,6,342.41,20 / 21,3737309,2019-09-06 20:22:23:052,-0.002,0.1395,9.6801,0.0151,0.0225,9.8065,0.0459,0.007,-0.0528,-0.19,-38.37,-5.87,178.25,-82.7,176.86
52.39963,-1.558025,155.99,16.69,6,342.41,20 / 21,3737411,2019-09-06 20:22:23:154,0.8505,1.3123,9.4255,-0.0078,-0.0103,9.8066,0.0542,-0.0367,0.0198,-0.31,-37.62,-6.25,178.61,-82.63,177.49
52.39963,-1.558025,155.99,16.69,6,342.41,20 / 21,3737510,2019-09-06 20:22:23:253,0.4157,-0.0409,9.1659,-0.0017,-0.0008,9.8066,0.0369,-0.0045,-0.0496,-0.56,-37.87,-6.75,183.17,-82.75,177.17
52.39963,-1.558025,155.99,16.69,6,342.41,20 / 21,3737610,2019-09-06 20:22:23:353,0.2931,0.4533,9.6185,-0.0098,-0.0465,9.8065,0.0665,-0.0606,0.0479,-0.94,-37.5,-6.87,182.78,-83.12,176.37
52.39963,-1.558025,155.99,16.69,6,342.41,20 / 21,3737710,2019-09-06 20:22:23:453,0.5665,-0.6986,9.7794,0.0059,-0.0129,9.8066,-0.0041,0.0059,-0.0473,-0.94,-37.25,-6.81,183.13,-83.12,176.94
52.39963,-1.558025,155.99,16.69,6,342.41,20 / 21,3737809,2019-09-06 20:22:23:552,0.2328,-0.0709,10.1456,-0.0002,0.0042,9.8066,0.0552,-0.0506,0.0358,-0.94,-37.25,-6.5,183.58,-83.04,176.73
52.39963,-1.558025,155.99,16.69,6,342.41,20 / 21,3737910,2019-09-06 20:22:23:653,0.3825,0.2843,10.0304,-0.0014,0.0057,9.8066,-0.0145,-0.0356,0.0333,-0.87,-37.75,-6.94,182.92,-82.92,176.7
52.39963,-1.558025,155.99,16.69,6,342.41,20 / 21,3738010,2019-09-06 20:22:23:753,0.1592,0.0002,9.9367,0.0034,0.005,9.8066,-0.0106,-0.0388,-0.0317,-1.06,-37.19,-7.06,183.18,-82.9,177.08
52.39963,-1.558025,155.99,16.69,6,342.41,20 / 21,3738110,2019-09-06 20:22:23:853,-0.402,-0.1523,10.1432,-0.0092,0.0054,9.8066,0.0434,-0.0353,0.0645,-0.87,-37.44,-7,182.83,-82.9,176.5
52.39963,-1.558025,155.99,16.69,6,342.41,20 / 21,3738209,2019-09-06 20:22:23:952,0.9739,0.5363,9.5485,0.0147,0.0145,9.8066,-0.0443,0.0042,-0.0925,-1.25,-37.25,-7.12,182.99,-82.86,176.77
52.39963,-1.558025,155.99,16.69,6,342.41,20 / 21,3738310,2019-09-06 20:22:24:053,-0.8237,0.22,9.6729,-0.0039,0.0031,9.8066,-0.0038,-0.1018,0.0913,-1.19,-37.62,-6.75,182.83,-82.87,176.56
52.39963,-1.558025,155.99,16.69,6,342.41,20 / 21,3738409,2019-09-06 20:22:24:152,-0.1564,-0.845,9.8634,0.0078,-0.0073,9.8066,-0.0557,-0.0048,-0.0599,-0.94,-37.62,-7.06,182.69,-83,176.3
52.39963,-1.558025,155.99,16.69,6,342.41,20 / 21,3738509,2019-09-06 20:22:24:252,-0.4003,-0.8035,10.1276,-0.0111,-0.0158,9.8065,0.0231,-0.0139,0.0646,-1.25,-37.75,-6.44,183.22,-83.04,176.17
52.39963,-1.558025,155.99,16.69,6,342.41,20 / 21,3738610,2019-09-06 20:22:24:353,0.4082,0.1314,10.3947,0.0048,0.0263,9.8065,0.0622,-0.0301,0.029,-1.25,-38.31,-6.69,182.68,-82.83,176.32
52.39963,-1.558025,155.99,16.69,6,342.41,20 / 21,3738710,2019-09-06 20:22:24:453,0.4699,0.5716,9.9058,0.0086,0.0097,9.8066,-0.0803,0.0009,-0.0555,-1.5,-37.69,-6.12,183.54,-82.82,176.82
52.39963,-1.558025,155.99,16.69,6,342.41,20 / 21,3738809,2019-09-06 20:22:24:552,-0.1482,0.5411,9.6056,-0.0073,0.0081,9.8066,-0.0515,-0.0689,0.0601,-1.5,-37.75,-7,182.36,-82.82,175.8
52.39963,-1.558025,155.99,16.69,6,342.41,20 / 21,3738909,2019-09-06 20:22:24:652,0.4426,-1.0691,9.5273,0.0079,0.0142,9.8066,0.0787,-0.0269,-0.0847,-0.87,-37.5,-6.94,182.65,-82.91,176.22
52.39963,-1.558025,155.99,16.69,6,342.41,20 / 21,3739010,2019-09-06 20:22:24:753,1.0105,0.2015,9.6481,-0.0074,-0.0425,9.8065,0.0798,-0.0246,0.0384,-1.25,-37.69,-6.87,182.52,-82.92,176.03
52.39963,-1.558025,155.99,16.69,6,342.41,20 / 21,3739109,2019-09-06 20:22:24:852,0.0846,0.8542,10.1953,-0.001,-0.0003,9.8066,0.0027,-0.0247,0.0042,-1.69,-37.31,-7.25,187.12,-83.09,175.47
52.39963,-1.558025,155.99,16.69,6,342.41,20 / 21,3739210,2019-09-06 20:22:24:953,-0.0056,0.2259,10.2486,0.0037,0.03,9.8066,0.0273,-0.0165,-0.0141,-1.56,-37.25,-6.87,187.03,-82.84,175.48
52.39963,-1.558025,155.99,16.69,6,342.41,20 / 21,3739310,2019-09-06 20:22:25:053,0.3976,0.3837,9.3062,0.0025,0.008,9.8066,-0.1089,-0.0558,0.0026,-1.12,-37.06,-7.06,182.11,-82.85,175.34
52.39963,-1.558025,155.99,16.69,6,342.41,19 / 20,3739410,2019-09-06 20:22:25:153,0.2947,-0.3199,9.8346,0.0115,0.0404,9.8065,0.0061,0.0103,-0.0108,-1.25,-36.87,-7.25,182.51,-82.82,175.99
52.39963,-1.558025,155.99,16.69,6,342.41,19 / 20,3739509,2019-09-06 20:22:25:252,0.1495,-0.0264,10.3999,0.0099,-0.0084,9.8066,0.0409,-0.177,0.0583,-1,-36.62,-7.12,182.98,-82.96,176.74
52.39963,-1.558025,155.99,16.69,6,342.41,19 / 20,3739609,2019-09-06 20:22:25:352,0.9654,0.0175,10.1623,-0.0059,-0.0184,9.8066,0.0364,-0.1031,-0.0146,-1.62,-36.69,-6.87,188.02,-82.94,177.01
52.39963,-1.558025,155.99,16.69,6,342.41,19 / 20,3739710,2019-09-06 20:22:25:453,0.99,0.5075,9.4118,-0.0086,0.0227,9.8065,-0.0999,-0.0086,-0.0913,-1.81,-37.06,-6.62,187.92,-82.62,177.07
52.39963,-1.558025,155.99,16.69,6,342.41,19 / 20,3739809,2019-09-06 20:22:25:552,2.1113,0.0339,9.0436,0.0168,0.0112,9.8066,-0.0734,0.013,0.0103,-1.87,-37.31,-6.94,188.02,-82.69,177.18
52.39963,-1.558025,155.99,16.69,6,342.41,19 / 20,3739909,2019-09-06 20:22:25:652,-0.3186,-0.1127,9.634,-0.0269,-0.0331,9.8065,-0.013,-0.0724,-0.082,-2.12,-37.69,-7.44,187.43,-83.01,176.15
52.39963,-1.558025,155.99,16.69,6,342.41,19 / 20,3740010,2019-09-06 20:22:25:753,1.2372,-0.3227,10.2578,-0.0054,-0.0189,9.8066,0.0689,-0.0631,0.011,-1.69,-37.69,-7.5,187.03,-83.19,175.39
52.39963,-1.558025,155.99,16.69,6,342.41,19 / 20,3740109,2019-09-06 20:22:25:852,0.8885,1.1686,10.0646,-0.0057,0.028,9.8066,-0.1763,-0.0447,0.0109,-1.87,-38,-7.62,186.56,-83.2,176.05
52.39963,-1.558025,155.99,16.69,6,342.41,19 / 20,3740210,2019-09-06 20:22:25:953,0.1144,-0.357,10.2868,0.0017,0.0441,9.8065,-0.0781,0.0036,-0.0343,-1.56,-37.75,-7.31,186.64,-82.89,174.93
52.39963,-1.558025,155.99,16.69,6,342.41,19 / 20,3740309,2019-09-06 20:22:26:052,-0.5125,0.9217,10.3031,0.0085,0.006,9.8066,0.0136,-0.0765,0.0915,-1.69,-38.19,-7.37,187,-82.74,175.62
52.400864,-1.55856,157.69,16.04,6,351.12,18 / 19,3740410,2019-09-06 20:22:26:153,-0.2983,0.5793,9.7313,-0.0054,-0.017,9.8066,-0.0403,-0.0795,0.081,-1.75,-37.87,-7.56,186.02,-82.72,175.45
52.400864,-1.55856,157.69,16.04,6,351.12,18 / 19,3740509,2019-09-06 20:22:26:252,1.0627,0.3249,9.1246,-0.0036,-0.0426,9.8065,-0.1144,-0.0334,0.0241,-2.37,-37.69,-7.06,187.51,-83.03,176.27
52.400864,-1.55856,157.69,16.04,6,351.12,18 / 19,3740610,2019-09-06 20:22:26:353,1.047,-0.4716,9.1782,0.0086,-0.0057,9.8066,-0.1405,-0.1103,0.0037,-2.19,-37.5,-7.31,188.21,-83.12,177.2
52.400864,-1.55856,157.69,16.04,6,351.12,18 / 19,3740709,2019-09-06 20:22:26:452,0.1838,1.0623,10.1126,-0.0043,-0.0062,9.8066,0.0263,-0.0569,0.0383,-2.75,-37.75,-7.44,192.94,-83.23,177.23
52.400864,-1.55856,157.69,16.04,6,351.12,18 / 19,3740810,2019-09-06 20:22:26:553,0.7093,1.3331,9.9307,0.006,0.0218,9.8065,-0.0377,-0.0531,0.0297,-2.56,-37.25,-7.25,192.53,-83.22,176.39
52.400864,-1.55856,157.69,16.04,6,351.12,18 / 19,3740909,2019-09-06 20:22:26:652,1.2317,1.2738,9.4534,0.0041,0.0135,9.8066,-0.0295,0.0524,-0.0129,-2.56,-38.19,-7.37,192.22,-83.01,176.32
52.400864,-1.55856,157.69,16.04,6,351.12,18 / 19,3741010,2019-09-06 20:22:26:753,0.6487,0.4193,10.5844,-0.0018,-0.0049,9.8066,0.0729,-0.0807,0.0624,-3.06,-37.37,-7.69,191.2,-83.2,176.29
52.400864,-1.55856,157.69,16.04,6,351.12,18 / 19,3741110,2019-09-06 20:22:26:853,0.0564,0.4,10.2739,-0.0035,-0.0237,9.8066,-0.0894,-0.0037,0.0121,-2.56,-37.25,-7.06,192.9,-83.27,176.92
52.400864,-1.55856,157.69,16.04,6,351.12,18 / 19,3741210,2019-09-06 20:22:26:953,0.4919,-0.324,9.8748,0.0164,0.029,9.8065,-0.0789,-0.0343,0.0017,-2.87,-36.75,-7.31,192.72,-83.13,176.79
52.400864,-1.55856,157.69,16.04,6,351.12,18 / 19,3741309,2019-09-06 20:22:27:052,-0.7844,0.1617,9.5946,-0.0057,0.0111,9.8066,-0.0743,0.0559,-0.0095,-2.81,-37.19,-7.31,192.7,-83.08,176.8
52.400864,-1.55856,157.69,16.04,6,351.12,21 / 22,3741410,2019-09-06 20:22:27:153,-0.7861,0.8901,9.384,0.0074,-0.0219,9.8065,-0.0466,-0.0091,-0.0519,-2.75,-37,-7.44,192.61,-83.14,176.61
52.400864,-1.55856,157.69,16.04,6,351.12,21 / 22,3741509,2019-09-06 20:22:27:252,-0.1858,-0.6071,9.4755,-0.0121,-0.0106,9.8065,0.074,-0.0276,0.1231,-2.75,-37.62,-7.62,191.25,-83.16,176.54
52.400864,-1.55856,157.69,16.04,6,351.12,21 / 22,3741610,2019-09-06 20:22:27:353,-0.4372,-1.1614,10.1432,0.008,-0.0272,9.8066,-0.0267,-0.0332,-0.033,-2.56,-37,-7.44,193.19,-83.48,177.15
52.400864,-1.55856,157.69,16.04,6,351.12,21 / 22,3741709,2019-09-06 20:22:27:452,-0.5961,-0.6201,10.6262,-0.0114,-0.0155,9.8066,0.0788,0.0426,-0.0194,-2.56,-36.37,-7.75,191.89,-83.51,176.9
52.400864,-1.55856,157.69,16.04,6,351.12,21 / 22,3741809,2019-09-06 20:22:27:552,0.5425,0.1656,10.1476,0.0016,0.0482,9.8065,0.0204,-0.032,0.0383,-2.87,-36.44,-8.12,191,-83.59,175.52
52.400864,-1.55856,157.69,16.04,6,351.12,21 / 22,3741910,2019-09-06 20:22:27:653,-0.0356,0.1863,10.1503,0.0052,0.0228,9.8066,-0.0559,-0.0085,0.0069,-3,-36.94,-7.37,191.81,-83.32,175.17
52.400864,-1.55856,157.69,16.04,6,351.12,21 / 22,3742010,2019-09-06 20:22:27:753,-0.752,0.5614,8.8343,0.0037,-0.0025,9.8066,-0.1421,0.0504,-0.0264,-3.37,-36.69,-7.56,190.02,-83.31,174.43
52.400864,-1.55856,157.69,16.04,6,351.12,21 / 22,3742110,2019-09-06 20:22:27:853,-0.2837,0.8165,9.5144,-0.0026,-0.012,9.8066,0.0079,-0.0224,0.0376,-2.62,-36.56,-8.12,190.05,-83.46,174.37
52.400864,-1.55856,157.69,16.04,6,351.12,21 / 22,3742209,2019-09-06 20:22:27:952,-0.8279,-1.0535,9.5518,0.0023,-0.0281,9.8066,0.0079,0.0761,-0.0268,-2.87,-36.44,-8.37,191.4,-83.71,176.01
52.400864,-1.55856,157.69,16.04,6,351.12,21 / 22,3742310,2019-09-06 20:22:28:053,0.0141,-0.4402,10.0314,-0.0033,-0.0267,9.8066,-0.033,0.0086,0.0151,-2.56,-36.19,-7.87,191.37,-83.79,175.91
52.400864,-1.55856,157.69,16.04,6,351.12,20 / 21,3742409,2019-09-06 20:22:28:152,-0.7414,-0.5315,10.4797,0.0095,0.0214,9.8065,-0.086,0.0045,-0.0068,-3.06,-36,-7.87,192.18,-83.75,177.1
52.400864,-1.55856,157.69,16.04,6,351.12,20 / 21,3742509,2019-09-06 20:22:28:252,-0.7109,-0.3951,9.4974,0.0096,0.0197,9.8066,-0.0184,-0.0022,0.0342,-3.12,-35.87,-8.19,192.43,-83.61,177.6
52.400864,-1.55856,157.69,16.04,6,351.12,20 / 21,3742610,2019-09-06 20:22:28:353,-0.6424,-0.8284,9.765,0.003,-0.0168,9.8066,0.0199,-0.0033,0.0345,-3.19,-35.75,-7.81,192.58,-83.74,177.69
52.400864,-1.55856,157.69,16.04,6,351.12,20 / 21,3742710,2019-09-06 20:22:28:453,-1.341,-1.4344,9.9587,0.0002,-0.0006,9.8066,0.0787,-0.0198,-0.0352,-3,-35.5,-7.81,193.05,-83.75,178.2
52.400864,-1.55856,157.69,16.04,6,351.12,20 / 21,3742810,2019-09-06 20:22:28:553,-0.0905,-1.1546,10.1984,-0.0072,0.0028,9.8066,-0.0284,-0.026,0.0047,-2.56,-35.56,-8,192.49,-83.81,177.5
52.400864,-1.55856,157.69,16.04,6,351.12,20 / 21,3742910,2019-09-06 20:22:28:653,-0.4695,-0.8836,9.5643,0.0027,-0.0082,9.8066,-0.088,0.0125,0.0021,-2.94,-36,-7.94,192.48,-83.88,177.43
52.400864,-1.55856,157.69,16.04,6,351.12,20 / 21,3743009,2019-09-06 20:22:28:752,-0.7782,-2.1545,9.9374,0.0118,0.0022,9.8066,0.0339,0.0652,-0.0379,-2.31,-35.87,-7.94,188.02,-83.87,177.67
52.400864,-1.55856,157.69,16.04,6,351.12,20 / 21,3743110,2019-09-06 20:22:28:853,-0.034,-0.0573,10.442,-0.0126,-0.0569,9.8064,-0.0922,0.0447,0.0034,-2.87,-36.19,-8.06,193.29,-84.12,178.36
52.400864,-1.55856,157.69,16.04,6,351.12,20 / 21,3743210,2019-09-06 20:22:28:953,-0.0885,-2.4502,9.5807,0.0079,0.0423,9.8065,-0.1861,0.0631,-0.009,-2.44,-35.75,-8.12,189.19,-83.85,179.38
52.400864,-1.55856,157.69,16.04,6,351.12,20 / 21,3743310,2019-09-06 20:22:29:053,-0.9249,-0.6816,9.0062,0.0094,0.0576,9.8064,0.0398,0.0559,-0.0483,-2,-36.31,-8.44,188.96,-83.88,179.04
52.400864,-1.55856,157.69,16.04,6,351.12,20 / 21,3743409,2019-09-06 20:22:29:152,-0.4436,-1.6873,9.0039,-0.0094,-0.0393,9.8065,-0.0292,0.0371,-0.013,-2.44,-35.75,-7.94,187.89,-84.15,177.32
52.400864,-1.55856,157.69,16.04,6,351.12,20 / 21,3743510,2019-09-06 20:22:29:253,-0.0313,-0.8022,10.6586,-0.0028,0.0048,9.8066,0.0955,0.1001,-0.0601,-1.87,-35.69,-7.5,188.15,-84.15,176.25
52.400864,-1.55856,157.69,16.04,6,351.12,20 / 21,3743610,2019-09-06 20:22:29:353,-0.6383,-1.9605,10.16,-0.0111,-0.003,9.8066,0.1613,-0.057,0.0609,-2.19,-36.31,-7.75,186.67,-84.14,175.57
52.400864,-1.55856,157.69,16.04,6,351.12,20 / 21,3743709,2019-09-06 20:22:29:452,-0.8209,-0.6123,9.1321,0.0019,0.0041,9.8066,-0.1228,-0.119,0.1151,-2.19,-36,-8,186.42,-84.1,175.22
52.400864,-1.55856,157.69,16.04,6,351.12,20 / 21,3743809,2019-09-06 20:22:29:552,-0.1533,-1.116,10.238,0.0111,0.0045,9.8066,-0.0829,0.09,0.0081,-2.31,-36,-8,187.27,-84.04,176.48
52.400864,-1.55856,157.69,16.04,6,351.12,20 / 21,3743910,2019-09-06 20:22:29:653,-0.7332,-1.4116,9.4447,0.0137,0.0002,9.8066,0.0489,0.0853,0.0013,-2.44,-36.62,-7.31,188.52,-84.04,177.02
52.400864,-1.55856,157.69,16.04,6,351.12,20 / 21,3744009,2019-09-06 20:22:29:752,-0.7623,-0.9426,9.6233,0.0124,-0.0039,9.8066,0.0366,0.0915,0.0049,-2.69,-37,-7.69,192.86,-84.06,177.97
52.400864,-1.55856,157.69,16.04,6,351.12,20 / 21,3744110,2019-09-06 20:22:29:853,-0.1645,-1.235,10.0324,-0.0019,0.0014,9.8066,-0.0005,0.0948,-0.0217,-3.19,-36.75,-7.44,194.31,-84.09,178.14
52.400864,-1.55856,157.69,16.04,6,351.12,20 / 21,3744210,2019-09-06 20:22:29:953,-1.6441,-1.2752,9.7707,-0.0115,-0.0066,9.8066,0.1065,-0.0842,0.0794,-2.94,-37.56,-7.81,192.96,-84.11,178.22
52.400864,-1.55856,157.69,16.04,6,351.12,20 / 21,3744310,2019-09-06 20:22:30:053,-0.9456,-0.9761,9.7808,0.0023,-0.0014,9.8066,-0.0054,-0.0495,-0.0222,-2.94,-36.87,-8.12,193.36,-84.11,178.63
52.400864,-1.55856,157.69,16.04,6,351.12,21 / 22,3744409,2019-09-06 20:22:30:152,-0.4246,-2.2984,9.8192,0.0068,0.0036,9.8066,-0.0372,-0.0501,-0.0232,-3.62,-37.44,-8.62,197.14,-84.07,179.66
52.400864,-1.55856,157.69,16.04,6,351.12,21 / 22,3744510,2019-09-06 20:22:30:253,-0.2966,-0.7897,10.1807,-0.0086,-0.0062,9.8065,0.0125,-0.0651,-0.0098,-3.37,-37.62,-8.06,194,-84.13,179.7
52.400864,-1.55856,157.69,16.04,6,351.12,21 / 22,3744610,2019-09-06 20:22:30:353,-0.019,-1.2377,9.4409,-0.0063,0.0016,9.8066,-0.0106,-0.0469,0.0188,-2.94,-37,-8,193.98,-84.2,179.42
52.400864,-1.55856,157.69,16.04,6,351.12,21 / 22,3744710,2019-09-06 20:22:30:453,-1.2623,-1.6349,9.9373,0,0.0139,9.8066,0.0594,-0.0226,0.0438,-3.25,-36.62,-8.5,193.55,-84.17,178.84
52.400864,-1.55856,157.69,16.04,6,351.12,21 / 22,3744810,2019-09-06 20:22:30:553,0.1615,-1.3358,9.9604,0.0008,-0.0059,9.8066,0.0364,-0.0353,0.0362,-3.12,-37.37,-8.56,192.58,-84.25,178.96
52.400864,-1.55856,157.69,16.04,6,351.12,21 / 22,3744910,2019-09-06 20:22:30:653,-0.3823,-1.8284,10.099,0.0082,-0.0032,9.8066,0.0135,-0.0514,-0.0438,-2.56,-37.5,-7.87,194.17,-84.24,179.65
52.400864,-1.55856,157.69,16.04,6,351.12,21 / 22,3745010,2019-09-06 20:22:30:753,0.0197,-0.7334,10.2261,-0.0006,-0.0018,9.8065,0.0123,0.0083,0.0009,-3.69,-36.87,-7.56,198.6,-84.22,179.58
52.400864,-1.55856,157.69,16.04,6,351.12,21 / 22,3745110,2019-09-06 20:22:30:853,-0.8666,-1.2739,10.3821,-0.002,0.0101,9.8066,-0.0126,-0.0232,0.1086,-2.94,-36.62,-8.37,193.72,-84.18,179.08
52.400864,-1.55856,157.69,16.04,6,351.12,21 / 22,3745210,2019-09-06 20:22:30:953,0.0258,-0.0057,9.03,0.0141,0.0122,9.8065,-0.0436,-0.0477,-0.037,-2.81,-37.44,-8.44,194.03,-84.22,179.48
52.400864,-1.55856,157.69,16.04,6,351.12,21 / 22,3745310,2019-09-06 20:22:31:053,0.0161,-1.1516,9.2278,-0.0001,0.0081,9.8066,0.0068,-0.0421,-0.0713,-2.94,-37.06,-8.44,194.64,-84.21,-179.64
52.400864,-1.55856,157.69,16.04,6,351.12,21 / 22,3745410,2019-09-06 20:22:31:153,-0.4473,-1.3388,9.9545,-0.0159,-0.0207,9.8066,-0.0498,-0.0182,0.0512,-2.31,-37.19,-8.31,188.74,-84.37,178.5
52.400864,-1.55856,157.69,16.04,6,351.12,21 / 22,3745509,2019-09-06 20:22:31:252,-0.3803,-2.1719,8.7517,-0.0029,0.0476,9.8065,0.2403,0.0181,-0.0636,-2,-36.87,-8.06,187.77,-84.12,177.25
52.400864,-1.55856,157.69,16.04,6,351.12,21 / 22,3745609,2019-09-06 20:22:31:352,0.244,-0.395,10.1226,-0.0183,-0.053,9.8065,0.1305,-0.045,0.0383,-2.69,-37,-7.5,193.83,-84.2,177.31
52.400864,-1.55856,157.69,16.04,6,351.12,21 / 22,3745710,2019-09-06 20:22:31:453,0.54,-1.1199,10.2697,-0.0114,-0.0409,9.8065,-0.1134,0.0037,-0.0313,-2.25,-36.62,-8.06,187.61,-84.25,176.94
52.400864,-1.55856,157.69,16.04,6,351.12,21 / 22,3745810,2019-09-06 20:22:31:553,0.1355,-1.1659,9.7287,-0.0095,0.0126,9.8065,-0.1204,0.014,-0.0432,-2.37,-36.94,-8.31,187.24,-84.41,176.33
52.400864,-1.55856,157.69,16.04,6,351.12,21 / 22,3745910,2019-09-06 20:22:31:653,-0.2511,-0.4089,10.2346,-0.0101,0.0066,9.8066,-0.0362,-0.0535,-0.0033,-2.87,-36.87,-8.25,190.4,-84.5,174.1
52.400864,-1.55856,157.69,16.04,6,351.12,21 / 22,3746010,2019-09-06 20:22:31:753,-0.3655,-1.7537,10.367,0.0012,0.0237,9.8066,-0.0863,-0.0256,-0.0407,-2.69,-36.44,-7.94,189.89,-84.39,173.35
52.400864,-1.55856,157.69,16.04,6,351.12,21 / 22,3746110,2019-09-06 20:22:31:853,-0.414,-1.3287,9.6501,-0.0057,0.0196,9.8065,0.1357,-0.0487,0.0268,-2.75,-36.94,-7.81,189.01,-84.34,172.26
52.400864,-1.55856,157.69,16.04,6,351.12,21 / 22,3746210,2019-09-06 20:22:31:953,-0.2823,-0.4358,10.5323,0.0041,-0.0049,9.8066,0.0956,-0.0549,0.0126,-3.25,-36.94,-8.19,189.59,-84.25,173.13
52.400864,-1.55856,157.69,16.04,6,351.12,21 / 22,3746310,2019-09-06 20:22:32:053,0.0389,-1.6119,9.8501,0.0046,-0.0326,9.8065,-0.1091,-0.0211,-0.004,-2.56,-37.12,-8.5,190.41,-84.32,174.24
52.400864,-1.55856,157.69,16.04,6,351.12,19 / 21,3746410,2019-09-06 20:22:32:153,-0.0018,-1.1019,9.028,0.0021,0.0073,9.8066,-0.1463,-0.0273,0.0167,-2.56,-36.81,-8.31,190.92,-84.4,174.91
52.400864,-1.55856,157.69,16.04,6,351.12,19 / 21,3746509,2019-09-06 20:22:32:252,-0.2159,-1.1503,10.2577,-0.0016,-0.0171,9.8066,0.0191,-0.0391,0.0162,-3,-36.87,-8.37,191.01,-84.63,174.85
52.400864,-1.55856,157.69,16.04,6,351.12,19 / 21,3746610,2019-09-06 20:22:32:353,-0.4205,-0.9642,10.3471,-0.0003,-0.008,9.8066,0.0812,-0.012,-0.0003,-2.56,-37,-8,190.89,-84.7,174.62
52.400864,-1.55856,157.69,16.04,6,351.12,19 / 21,3746709,2019-09-06 20:22:32:452,-0.0898,-0.8413,9.9907,-0.0019,-0.0018,9.8066,-0.0529,-0.0095,-0.0047,-2.12,-36.87,-8.12,186.17,-84.68,174.67
52.400864,-1.55856,157.69,16.04,6,351.12,19 / 21,3746810,2019-09-06 20:22:32:553,-0.6823,-1.3003,9.5329,0.0054,0.0056,9.8066,-0.0117,-0.0108,0.0207,-3.5,-37.5,-7.12,192.2,-84.58,174.51
52.400864,-1.55856,157.69,16.04,6,351.12,19 / 21,3746910,2019-09-06 20:22:32:653,-0.3961,-1.5726,10.3128,0.0045,0.0029,9.8066,0.054,-0.0349,-0.0142,-3.19,-37.31,-8.12,190.98,-84.54,174.87
52.400864,-1.55856,157.69,16.04,6,351.12,19 / 21,3747009,2019-09-06 20:22:32:752,-0.6287,-2.4107,9.9941,-0.0051,-0.0097,9.8066,0.0774,-0.0572,-0.0244,-3.44,-36.87,-7.94,191.26,-84.63,175.19
52.400864,-1.55856,157.69,16.04,6,351.12,19 / 21,3747110,2019-09-06 20:22:32:853,0.3318,-1.0269,9.8872,-0.0032,-0.0161,9.8065,-0.0513,-0.0294,0.0129,-2.31,-37.12,-8.44,186.23,-84.64,174.77
52.400864,-1.55856,157.69,16.04,6,351.12,19 / 21,3747210,2019-09-06 20:22:32:953,-0.2645,-0.1903,9.6732,0.005,0.017,9.8066,0.0056,0.0108,0.0131,-3.31,-37.44,-8,190.99,-84.49,174.93
52.400864,-1.55856,157.69,16.04,6,351.12,19 / 21,3747309,2019-09-06 20:22:33:052,-0.2966,-1.2173,9.4782,0.0075,0.0145,9.8066,0.0105,-0.0183,0.0202,-3.56,-36.69,-8.25,195.62,-84.48,175.13
52.400864,-1.55856,157.69,16.04,6,351.12,19 / 20,3747410,2019-09-06 20:22:33:153,-0.4049,-1.0106,9.7904,-0.0089,-0.0233,9.8065,-0.0646,-0.0208,-0.0229,-2.62,-37.31,-8.5,191.59,-84.68,175.62
52.400864,-1.55856,157.69,16.04,6,351.12,19 / 20,3747509,2019-09-06 20:22:33:252,-0.4701,-2.0064,9.7383,-0.0055,-0.0129,9.8066,0.0549,0.0031,-0.0164,-3.06,-37.19,-7.5,192.8,-84.77,175.18
52.400864,-1.55856,157.69,16.04,6,351.12,19 / 20,3747609,2019-09-06 20:22:33:352,-0.6038,-1.6069,10.3786,-0.0094,-0.0146,9.8066,0.1205,0.0163,0.0239,-2.69,-37.44,-8.5,190.67,-84.83,174.21
52.400864,-1.55856,157.69,16.04,6,351.12,19 / 20,3747710,2019-09-06 20:22:33:453,-0.319,-0.2938,9.8248,-0.0106,-0.0267,9.8066,0.1394,-0.0257,0.0141,-3.44,-36.94,-8.12,190.09,-84.97,173.31
52.400864,-1.55856,157.69,16.04,6,351.12,19 / 20,3747810,2019-09-06 20:22:33:553,-0.4755,-0.3864,9.6424,-0.0035,0.0242,9.8066,-0.0266,-0.0332,0.0019,-2.62,-37.19,-8.62,188.13,-84.83,172.51
52.400864,-1.55856,157.69,16.04,6,351.12,19 / 20,3747910,2019-09-06 20:22:33:653,-0.5269,-0.9783,10.2175,0.0053,0.0278,9.8066,0.0109,-0.0232,-0.0257,-3.06,-37,-8.12,189.33,-84.84,172.36
52.400864,-1.55856,157.69,16.04,6,351.12,19 / 20,3748010,2019-09-06 20:22:33:753,-0.5098,-1.1874,9.8512,-0.008,-0.0163,9.8065,0.0184,-0.0195,0.0387,-2.62,-37.06,-8.81,187.31,-84.96,171.35
52.400864,-1.55856,157.69,16.04,6,351.12,19 / 20,3748110,2019-09-06 20:22:33:853,-0.2403,-1.5364,9.8861,0.0049,0.0016,9.8066,0.048,-0.0356,-0.0471,-2.75,-37.5,-7.87,188.69,-84.89,171.44
52.400864,-1.55856,157.69,16.04,6,351.12,19 / 20,3748210,2019-09-06 20:22:33:953,0.3162,-0.9049,9.4163,-0.0073,-0.0063,9.8066,-0.0466,-0.0127,-0.0235,-2.87,-37,-8,189.11,-84.87,172.04
52.400864,-1.55856,157.69,16.04,6,351.12,19 / 20,3748310,2019-09-06 20:22:34:053,-0.8993,-1.1081,10.2517,-0.0032,-0.005,9.8066,-0.0371,0.0082,-0.0184,-2.62,-37.25,-8.62,186.43,-85.06,170.13
52.400864,-1.55856,157.69,16.04,6,351.12,18 / 19,3748410,2019-09-06 20:22:34:153,-0.1482,-0.6416,9.6522,-0.0065,0.0019,9.8066,-0.0035,0.0012,-0.0421,-2.56,-37.31,-8.25,187.3,-85.17,169.37
52.400864,-1.55856,157.69,16.04,6,351.12,18 / 19,3748510,2019-09-06 20:22:34:253,-0.9903,-0.6359,10.2171,-0.0157,0.011,9.8065,-0.1019,-0.0074,-0.0679,-2.75,-37.37,-7.75,185.08,-85.23,166.34
52.400864,-1.55856,157.69,16.04,6,351.12,18 / 19,3748610,2019-09-06 20:22:34:353,-0.6633,-1.0993,9.6544,0.018,0.0076,9.8066,-0.1253,0.0225,0.0291,-2.94,-37.31,-8.06,184.83,-85.08,166.05
52.400864,-1.55856,157.69,16.04,6,351.12,18 / 19,3748710,2019-09-06 20:22:34:453,-0.2974,-0.3326,9.459,0.0185,0.007,9.8066,-0.0315,0.0171,-0.032,-3.06,-36.94,-7.94,186.26,-85.08,168
52.400864,-1.55856,157.69,16.04,6,351.12,18 / 19,3748810,2019-09-06 20:22:34:553,-0.2476,-0.4341,9.1224,-0.0089,0.0221,9.8066,-0.0971,-0.021,0.0407,-3.12,-36.94,-8.69,185.06,-84.95,168.34
52.400864,-1.55856,157.69,16.04,6,351.12,18 / 19,3748909,2019-09-06 20:22:34:652,-1.2084,-0.3826,9.9141,0.0214,0.0106,9.8065,0.0465,-0.0121,-0.0018,-3,-37.5,-7.94,186.71,-84.9,168.7
52.400864,-1.55856,157.69,16.04,6,351.12,18 / 19,3749009,2019-09-06 20:22:34:752,0.5271,-0.2896,10.0034,-0.004,-0.0305,9.8065,0.067,-0.0387,0.0488,-2.87,-36.81,-8.06,186.5,-85.2,168.27
52.400864,-1.55856,157.69,16.04,6,351.12,18 / 19,3749110,2019-09-06 20:22:34:853,-1.0779,-0.699,9.8401,-0.0038,0.003,9.8065,-0.0065,-0.0559,0.0202,-2.94,-37.12,-8.06,187.26,-85.26,169.28
52.400864,-1.55856,157.69,16.04,6,351.12,18 / 19,3749209,2019-09-06 20:22:34:952,-0.4004,-0.3816,9.8481,-0.0014,0.0012,9.8066,-0.0256,0.0132,-0.0385,-3.12,-36.94,-7.94,187.12,-85.25,169.08
52.400864,-1.55856,157.69,16.04,6,351.12,18 / 19,3749310,2019-09-06 20:22:35:053,-0.6066,-1.3774,9.9852,-0.0033,-0.0062,9.8066,0.0453,0.0293,-0.0139,-2.69,-36.75,-8.12,186.82,-85.28,168.67
52.401924,-1.558776,159.18,8.29,6,355.18,20 / 21,3749410,2019-09-06 20:22:35:153,-0.1949,-0.2535,9.6628,-0.0005,0.0007,9.8066,-0.0489,-0.0265,-0.0123,-3,-37.37,-8.31,186.88,-85.28,168.74
52.401924,-1.558776,159.18,8.29,6,355.18,20 / 21,3749509,2019-09-06 20:22:35:252,-0.9201,-0.6445,10.0736,0.0013,-0.0185,9.8066,-0.0575,-0.0122,-0.017,-3.12,-36.37,-8.56,185.08,-85.41,168.17
52.401924,-1.558776,159.18,8.29,6,355.18,20 / 21,3749609,2019-09-06 20:22:35:352,-0.3747,-0.4601,9.799,-0.0015,0.0156,9.8065,-0.062,-0.0023,-0.0118,-2.62,-37.37,-8.12,185.51,-85.35,166.87
52.401924,-1.558776,159.18,8.29,6,355.18,20 / 21,3749709,2019-09-06 20:22:35:452,-0.7358,-1.2671,9.55,0.0001,0.0272,9.8065,0.0707,-0.0171,-0.0227,-2.06,-36.75,-8.12,180.27,-85.31,166.33
52.401924,-1.558776,159.18,8.29,6,355.18,20 / 21,3749810,2019-09-06 20:22:35:553,-0.5131,-1.5511,9.8245,-0.0096,-0.0206,9.8065,0.0838,-0.0519,-0.0215,-3.06,-37.12,-8.25,185.58,-85.3,166.99
52.401924,-1.558776,159.18,8.29,6,355.18,20 / 21,3749910,2019-09-06 20:22:35:653,-0.4241,-0.391,9.8999,-0.0097,-0.0256,9.8066,-0.0711,-0.0143,-0.0107,-2.87,-37.5,-8.31,184.83,-85.43,165.92
52.401924,-1.558776,159.18,8.29,6,355.18,20 / 21,3750010,2019-09-06 20:22:35:753,-0.9093,-1.4633,10.312,0.0043,0.0177,9.8065,-0.0478,0.0308,0.0184,-2.62,-36.94,-8.37,184.82,-85.28,165.96
52.401924,-1.558776,159.18,8.29,6,355.18,20 / 21,3750109,2019-09-06 20:22:35:852,-0.7154,0.1855,10.4912,0.0151,-0.0063,9.8066,-0.0452,0.0007,-0.0017,-3.31,-37.5,-8.19,185.44,-85.35,166.77
52.401924,-1.558776,159.18,8.29,6,355.18,20 / 21,3750210,2019-09-06 20:22:35:953,-0.3096,-0.7816,9.8613,0.0195,0.0242,9.8066,-0.0385,-0.009,0.0096,-3,-36.56,-7.81,186.12,-85.19,167.76
52.401924,-1.558776,159.18,8.29,6,355.18,20 / 21,3750310,2019-09-06 20:22:36:053,-0.4121,-1.2205,9.4394,0.0115,0.0237,9.8066,-0.0627,-0.0155,-0.0074,-3.56,-36.94,-7.87,191.38,-85.12,168.76
52.401924,-1.558776,159.18,8.29,6,355.18,20 / 21,3750410,2019-09-06 20:22:36:153,-0.3178,-0.6538,9.8558,0.0072,-0.0075,9.8066,0.0051,-0.1119,0.0382,-3.25,-37.19,-8.25,186.94,-85.24,168.85
52.401924,-1.558776,159.18,8.29,6,355.18,20 / 21,3750510,2019-09-06 20:22:36:253,-0.2421,-1.3113,9.7906,-0.0058,-0.0033,9.8066,-0.0077,-0.0124,-0.0179,-3.44,-37.06,-7.69,187.76,-85.4,169.87
52.401924,-1.558776,159.18,8.29,6,355.18,20 / 21,3750609,2019-09-06 20:22:36:352,-0.6358,-0.6255,9.9053,-0.0184,-0.0255,9.8065,0.0021,-0.0211,-0.009,-4,-37.81,-8,190.21,-85.68,166.87
52.401924,-1.558776,159.18,8.29,6,355.18,20 / 21,3750710,2019-09-06 20:22:36:453,-0.4517,-1.3646,9.8693,-0.01,-0.0102,9.8066,0.0146,0.0123,-0.0163,-2.81,-37.06,-8.31,184.92,-85.69,165.95
52.401924,-1.558776,159.18,8.29,6,355.18,20 / 21,3750809,2019-09-06 20:22:36:552,-1.0578,-0.7255,9.7377,0.0047,0.0121,9.8066,0.0218,0.0208,0.0105,-3.62,-37.12,-8.06,189.34,-85.58,165.71
52.401924,-1.558776,159.18,8.29,6,355.18,20 / 21,3750909,2019-09-06 20:22:36:652,0.102,-1.0425,9.8636,0.0055,0.005,9.8066,0.0379,0.0304,-0.0264,-3.19,-37.75,-8.25,184.77,-85.52,165.86
52.401924,-1.558776,159.18,8.29,6,355.18,20 / 21,3751010,2019-09-06 20:22:36:753,-0.6613,-0.8363,9.7081,-0.0063,-0.0076,9.8066,0.0888,-0.0129,0.0173,-2.81,-36.81,-8.37,185.07,-85.41,166.25
52.401924,-1.558776,159.18,8.29,6,355.18,20 / 21,3751110,2019-09-06 20:22:36:853,-0.282,-1.2619,10.0539,-0.0012,-0.0102,9.8066,-0.0332,-0.0157,0.0342,-3.19,-37.37,-8.06,184.96,-85.47,166.09
52.401924,-1.558776,159.18,8.29,6,355.18,20 / 21,3751210,2019-09-06 20:22:36:953,-0.7577,-0.8926,9.9977,0.001,0.0055,9.8066,-0.0405,0.0077,-0.0154,-3.44,-37.37,-8.37,184.39,-85.5,165.32
52.401924,-1.558776,159.18,8.29,6,355.18,20 / 21,3751310,2019-09-06 20:22:37:053,-0.5436,-0.8805,9.6836,-0.0005,-0.006,9.8066,-0.006,-0.0059,-0.0032,-2.81,-37.19,-7.44,186.08,-85.57,165.14
52.401924,-1.558776,159.18,8.29,6,355.18,20 / 21,3751409,2019-09-06 20:22:37:152,-0.4624,-1.1526,9.663,-0.0018,-0.0008,9.8066,-0.0077,-0.0079,-0.0077,-3.12,-37.37,-7.31,185.67,-85.68,164.53
52.401924,-1.558776,159.18,8.29,6,355.18,20 / 21,3751510,2019-09-06 20:22:37:253,0.1159,-0.9558,9.7141,-0.0063,-0.0023,9.8066,0.003,0.036,-0.0422,-2.75,-37.12,-8.12,183.2,-85.71,163.67
52.401924,-1.558776,159.18,8.29,6,355.18,20 / 21,3751609,2019-09-06 20:22:37:352,-0.6504,-0.9328,9.4722,-0.0136,-0.0175,9.8066,0.0113,-0.0205,0.0457,-2.75,-37.87,-7.81,182.57,-85.73,162.85
52.401924,-1.558776,159.18,8.29,6,355.18,20 / 21,3751709,2019-09-06 20:22:37:452,-0.1762,-0.4604,10.0125,-0.0021,-0.0228,9.8066,-0.0201,0.0024,-0.018,-3.06,-37.19,-7.37,183.98,-85.9,162.15
52.401924,-1.558776,159.18,8.29,6,355.18,20 / 21,3751809,2019-09-06 20:22:37:552,-0.3467,-0.5421,9.8631,-0.0067,0.0044,9.8066,-0.0081,-0.0127,0.0161,-2.75,-37.44,-7.94,181.19,-85.89,161
52.401924,-1.558776,159.18,8.29,6,355.18,20 / 21,3751909,2019-09-06 20:22:37:652,-0.4377,-0.8821,9.6799,0.0042,0.0117,9.8066,-0.0245,-0.0101,0.0012,-2.56,-37.69,-7.56,181.32,-85.89,161.18
52.401924,-1.558776,159.18,8.29,6,355.18,20 / 21,3752010,2019-09-06 20:22:37:753,-0.4564,-0.58,9.9797,-0.0066,-0.0101,9.8066,0.0267,-0.0043,-0.0056,-3.06,-37.31,-7.69,180.75,-85.97,160.42
52.401924,-1.558776,159.18,8.29,6,355.18,20 / 21,3752109,2019-09-06 20:22:37:852,-0.5673,-1.0415,10.2503,-0.0021,-0.0049,9.8066,-0.0099,0.0045,0.0107,-3.12,-37.69,-7.06,182.55,-85.94,160.24
52.401924,-1.558776,159.18,8.29,6,355.18,20 / 21,3752210,2019-09-06 20:22:37:953,-0.3075,-0.8558,9.9572,0.0077,0.0049,9.8065,-0.027,-0.0038,-0.012,-3.37,-37.94,-7.44,182.71,-85.95,160.46
52.401924,-1.558776,159.18,8.29,6,355.18,20 / 21,3752310,2019-09-06 20:22:38:053,-0.247,-0.5948,9.5089,0.0016,-0.0024,9.8066,0.0458,0.014,0.0304,-3.44,-37.69,-7.94,181.39,-85.92,161.26
52.401924,-1.558776,159.18,8.29,6,355.18,20 / 21,3752409,2019-09-06 20:22:38:152,-0.2658,-1.0493,10.0872,0.0039,-0.0094,9.8066,0.0389,-0.0193,0.0026,-3.19,-36.75,-7.31,183.97,-86.01,162.11
52.401924,-1.558776,159.18,8.29,6,355.18,20 / 21,3752510,2019-09-06 20:22:38:253,-0.8185,-0.7894,9.8806,-0.0034,-0.0117,9.8065,0.0592,-0.0541,0.0022,-3.44,-37.87,-7.37,183.09,-86.02,160.95
52.401924,-1.558776,159.18,8.29,6,355.18,20 / 21,3752609,2019-09-06 20:22:38:352,-0.4035,-0.2726,9.8099,-0.0052,-0.014,9.8066,0.0316,-0.0096,-0.004,-2.94,-37.25,-7.69,181.18,-86.08,160.97
52.401924,-1.558776,159.18,8.29,6,355.18,20 / 21,3752710,2019-09-06 20:22:38:453,-0.5501,-0.4828,9.7404,-0.0011,-0.0033,9.8066,-0.0272,-0.0107,0.0262,-3.19,-37.37,-7.81,180.58,-86.16,160.19
52.401924,-1.558776,159.18,8.29,6,355.18,20 / 21,3752810,2019-09-06 20:22:38:553,-0.4813,-0.7602,9.7776,0.0025,-0.0024,9.8066,-0.0097,-0.0004,0.0062,-3.44,-37,-7.81,180.91,-86.19,160.62
52.401924,-1.558776,159.18,8.29,6,355.18,20 / 21,3752910,2019-09-06 20:22:38:653,-0.3876,-0.9043,10.1045,-0.0058,-0.006,9.8066,0.0193,0.0216,-0.0076,-3.37,-37.37,-7.87,180.45,-86.29,160.02
52.401924,-1.558776,159.18,8.29,6,355.18,20 / 21,3753009,2019-09-06 20:22:38:752,-0.1944,-0.7998,10.0747,0.0024,-0.0101,9.8066,0.0089,-0.0122,0.0255,-3.56,-37.5,-7.81,185.71,-86.32,160.65
52.401924,-1.558776,159.18,8.29,6,355.18,20 / 21,3753110,2019-09-06 20:22:38:853,-0.5776,-0.5339,9.595,-0.0074,-0.0039,9.8066,-0.0082,-0.0139,-0.022,-3.37,-37.19,-8.19,180.81,-86.33,160.48
52.401924,-1.558776,159.18,8.29,6,355.18,20 / 21,3753210,2019-09-06 20:22:38:953,-0.317,-1.0128,9.9284,0.0022,-0.0008,9.8066,-0.0447,-0.0024,0.0237,-3.19,-37.31,-8,180.4,-86.38,159.95
52.401924,-1.558776,159.18,8.29,6,355.18,20 / 21,3753310,2019-09-06 20:22:39:053,-0.6259,-0.9274,9.9845,-0.006,-0.0041,9.8066,0.0407,0.0113,0.0064,-3,-36.25,-7.87,179.94,-86.46,159.37
52.401924,-1.558776,159.18,8.29,6,355.18,20 / 21,3753410,2019-09-06 20:22:39:153,-0.4984,-0.8731,10.2052,0.0081,-0.0026,9.8066,0.0061,-0.0075,-0.0006,-3.31,-36.94,-7.94,180.01,-86.47,159.46
52.401924,-1.558776,159.18,8.29,6,355.18,20 / 21,3753509,2019-09-06 20:22:39:252,-0.1798,-0.6532,9.8278,-0.0016,-0.0035,9.8066,-0.0117,-0.0016,0.0123,-3.25,-37,-7.75,180.96,-86.48,160.66
52.401924,-1.558776,159.18,8.29,6,355.18,20 / 21,3753610,2019-09-06 20:22:39:353,-0.3874,-0.5885,9.9051,0.0051,0.0052,9.8066,0.004,-0.0117,0.0071,-3.44,-37.62,-7.75,180.87,-86.47,160.55
52.401924,-1.558776,159.18,8.29,6,355.18,20 / 21,3753709,2019-09-06 20:22:39:452,-0.5397,-0.8773,10.0084,0.002,0.0034,9.8066,-0.0094,0.0209,0.0006,-3.06,-37.62,-7.87,181.22,-86.46,160.99
52.401924,-1.558776,159.18,8.29,6,355.18,20 / 21,3753809,2019-09-06 20:22:39:552,-0.2603,-0.7754,9.9099,0.0001,-0.0033,9.8066,0.013,-0.0117,0.0472,-2.81,-36.31,-7.25,183.16,-86.48,160.88
52.401924,-1.558776,159.18,8.29,6,355.18,20 / 21,3753909,2019-09-06 20:22:39:652,-0.028,-0.7211,9.7909,0.0056,-0.0057,9.8066,-0.009,0.0185,-0.0346,-2.56,-36.87,-7.31,183.91,-86.52,161.86
52.401924,-1.558776,159.18,8.29,6,355.18,20 / 21,3754009,2019-09-06 20:22:39:752,-0.2875,-0.443,9.7019,-0.0007,-0.0002,9.8066,-0.0037,-0.001,0.0235,-3.56,-37.06,-7.25,189.05,-86.54,161.78
52.401924,-1.558776,159.18,8.29,6,355.18,20 / 21,3754110,2019-09-06 20:22:39:853,-0.4987,-0.8487,10.0038,0.0031,0.0019,9.8066,0.0204,-0.0111,-0.0306,-3.56,-37.44,-7,189.29,-86.56,162.08
52.401924,-1.558776,159.18,8.29,6,355.18,20 / 21,3754210,2019-09-06 20:22:39:953,-0.4729,-0.3609,10.0618,-0.0048,-0.0033,9.8066,-0.0092,0.0103,-0.0128,-3.19,-38.25,-7.25,183.38,-86.58,161.18
52.401924,-1.558776,159.18,8.29,6,355.18,20 / 21,3754310,2019-09-06 20:22:40:053,-0.3705,-0.3687,9.8632,-0.0021,-0.0023,9.8066,0.0215,0.0026,0.0206,-3.25,-38.25,-7.37,183.01,-86.59,160.7
52.401924,-1.558776,159.18,8.29,6,355.18,20 / 21,3754409,2019-09-06 20:22:40:152,-0.3364,-0.3128,9.7498,0.0015,0.0003,9.8066,-0.0101,0.0122,-0.0038,-3.12,-37.5,-7.62,181.08,-86.63,160.8
52.401924,-1.558776,159.18,8.29,6,355.18,20 / 21,3754510,2019-09-06 20:22:40:253,-0.2228,-0.0274,9.8994,-0.0008,0.0001,9.8066,0.0152,-0.0056,0.0118,-2.87,-37.06,-7.37,183.07,-86.65,160.74
52.401924,-1.558776,159.18,8.29,6,355.18,20 / 21,3754610,2019-09-06 20:22:40:353,-0.166,-0.2515,9.8968,-0.0022,-0.0041,9.8066,0.0002,0.0008,-0.015,-3.12,-36.87,-7.44,182.81,-86.72,160.38
52.401924,-1.558776,159.18,8.29,6,355.18,20 / 21,3754710,2019-09-06 20:22:40:453,-0.3234,-0.1035,9.8768,-0.003,-0.0028,9.8066,-0.0062,-0.0065,0.0079,-3.25,-37,-8.06,180.14,-86.75,159.62
52.401924,-1.558776,159.18,8.29,6,355.18,20 / 21,3754809,2019-09-06 20:22:40:552,-0.4251,0.0661,9.6879,-0.0004,0.0002,9.8066,-0.0076,0.001,-0.0155,-3.69,-36.87,-7.31,187.06,-86.8,159.11
52.401924,-1.558776,159.18,8.29,6,355.18,20 / 21,3754909,2019-09-06 20:22:40:652,-0.0585,-0.0544,9.8079,-0.0005,0.0005,9.8066,0.0128,0.0062,-0.0053,-3.44,-37.19,-7,181.64,-86.81,158.88
52.401924,-1.558776,159.18,8.29,6,355.18,20 / 21,3755010,2019-09-06 20:22:40:753,-0.2443,-0.1123,9.9966,-0.0065,-0.009,9.8066,0.0128,-0.0094,0.0131,-3.75,-37.81,-7.69,184.68,-86.82,159.21
52.401924,-1.558776,159.18,8.29,6,355.18,20 / 21,3755110,2019-09-06 20:22:40:853,-0.1408,-0.3087,9.9408,-0.0021,-0.0101,9.8066,-0.0055,0.0022,0.0015,-3.81,-37.25,-7.5,186.67,-86.91,158.56
52.401924,-1.558776,159.18,8.29,6,355.18,20 / 21,3755210,2019-09-06 20:22:40:953,-0.2632,-0.0372,9.8727,-0.0005,-0.0002,9.8066,0.02,0.0126,-0.0072,-3.37,-37.56,-7.75,179.27,-86.96,158.54
52.401924,-1.558776,159.18,8.29,6,355.18,20 / 21,3755310,2019-09-06 20:22:41:053,-0.0864,0.0297,9.9478,-0.0005,0.0016,9.8066,0.0227,-0.0191,0.0139,-3.19,-37.31,-7.44,181.2,-86.94,158.31
52.401924,-1.558776,159.18,8.29,6,355.18,20 / 21,3755410,2019-09-06 20:22:41:153,-0.1856,0.1758,9.7862,0.0026,0.002,9.8066,0.0028,-0.0025,0.0183,-3.12,-37.62,-7.56,179.49,-86.95,158.81
52.401924,-1.558776,159.18,8.29,6,355.18,20 / 21,3755510,2019-09-06 20:22:41:253,-0.2185,-0.006,9.7955,-0.002,-0.0002,9.8066,0.0126,-0.0017,0.0017,-3.19,-37.25,-7.69,179.07,-86.96,158.31
52.401924,-1.558776,159.18,8.29,6,355.18,20 / 21,3755610,2019-09-06 20:22:41:353,-0.177,0.1697,9.9037,-0.0001,0.0012,9.8066,-0.0104,-0.0142,-0.0046,-3.44,-37.06,-8.31,178.68,-86.98,157.83
52.401924,-1.558776,159.18,8.29,6,355.18,20 / 21,3755709,2019-09-06 20:22:41:452,-0.22,-0.0324,10.0073,0,-0.0004,9.8066,-0.0098,0.0013,-0.0034,-2.69,-37.62,-7.81,178.36,-87,157.42
52.401924,-1.558776,159.18,8.29,6,355.18,20 / 21,3755810,2019-09-06 20:22:41:553,-0.2716,-0.2167,9.825,-0.002,-0.0056,9.8066,0.0219,-0.0019,0.0059,-3.19,-36.87,-8.19,178.48,-87.06,157.59
52.401924,-1.558776,159.18,8.29,6,355.18,20 / 21,3755910,2019-09-06 20:22:41:653,-0.1742,-0.0943,9.7378,0.0013,0,9.8066,0.0232,-0.008,-0.0002,-3.37,-37.12,-8.06,178.04,-87.09,157.05
52.401924,-1.558776,159.18,8.29,6,355.18,20 / 21,3756009,2019-09-06 20:22:41:752,-0.086,-0.003,9.9812,0,-0.0004,9.8066,-0.0134,0.0006,0.0083,-3.12,-36.44,-7.62,177.97,-87.13,156.99
52.401924,-1.558776,159.18,8.29,6,355.18,20 / 21,3756109,2019-09-06 20:22:41:852,-0.2202,-0.2127,9.9957,-0.0006,0.0016,9.8066,-0.0059,-0.007,-0.0042,-3.25,-37.12,-7.44,179.99,-87.14,156.79
52.401924,-1.558776,159.18,8.29,6,355.18,20 / 21,3756210,2019-09-06 20:22:41:953,-0.1907,-0.1407,9.9065,-0.0017,-0.0021,9.8066,-0.029,-0.0096,-0.0013,-3.31,-37.19,-7.06,179.78,-87.15,156.53
52.401924,-1.558776,159.18,8.29,6,355.18,20 / 21,3756309,2019-09-06 20:22:42:052,-0.1839,-0.0223,9.9095,0.0001,0.0033,9.8066,0.0001,-0.0016,0.0012,-3.75,-37.44,-6.94,184.94,-87.17,156.31
52.401924,-1.558776,159.18,8.29,6,355.18,20 / 21,3756410,2019-09-06 20:22:42:153,-0.1617,-0.0884,9.9579,-0.0004,0.0009,9.8066,0.0161,0.0029,0.0118,-3.5,-36.56,-7.12,179.26,-87.17,155.89
52.401924,-1.558776,159.18,8.29,6,355.18,20 / 21,3756509,2019-09-06 20:22:42:252,-0.2648,-0.1469,10.0194,-0.0022,0.0005,9.8066,0.0026,-0.0192,-0.0077,-3.94,-37.06,-7.56,181.73,-87.18,155.52
52.401924,-1.558776,159.18,8.29,6,355.18,20 / 21,3756610,2019-09-06 20:22:42:353,0.0782,0.355,9.7379,-0.001,-0.0035,9.8066,-0.0203,0.0047,-0.0082,-3.06,-37.31,-7.31,178.51,-87.19,154.96
52.401924,-1.558776,159.18,8.29,6,355.18,20 / 21,3756709,2019-09-06 20:22:42:452,-0.0012,0.321,9.758,0.0011,0.0004,9.8066,0.0054,-0.0086,0.0176,-3.37,-37.12,-7.31,178.52,-87.22,154.98
52.401924,-1.558776,159.18,8.29,6,355.18,20 / 21,3756810,2019-09-06 20:22:42:553,0.173,0.5662,9.7807,-0.0012,-0.0015,9.8066,-0.0125,-0.0012,-0.0093,-3.87,-37.06,-7.37,183.58,-87.22,154.63
52.401924,-1.558776,159.18,8.29,6,355.18,20 / 21,3756910,2019-09-06 20:22:42:653,-0.0855,0.0586,9.953,0.0018,-0.0002,9.8066,-0.0131,-0.0014,0.0008,-3.5,-37.69,-7.12,178.23,-87.24,154.61
52.401924,-1.558776,159.18,8.29,6,355.18,20 / 21,3757009,2019-09-06 20:22:42:752,-0.0854,0.5237,9.7695,-0.0037,-0.0042,9.8066,0.0137,-0.0078,0.0102,-3.44,-37.5,-7.37,177.84,-87.29,154.15
52.401924,-1.558776,159.18,8.29,6,355.18,20 / 21,3757110,2019-09-06 20:22:42:853,-0.1406,0.0992,9.782,-0.0022,-0.0019,9.8066,0.009,-0.0123,-0.0064,-3.81,-37.44,-7.06,182.84,-87.3,153.71
52.401924,-1.558776,159.18,8.29,6,355.18,20 / 21,3757210,2019-09-06 20:22:42:953,0.0728,0.4759,9.858,-0.0022,-0.0054,9.8066,0.0111,0.0009,0.0098,-3,-37.5,-7.31,177.34,-87.29,153.53
52.401924,-1.558776,159.18,8.29,6,355.18,20 / 21,3757309,2019-09-06 20:22:43:052,-0.0406,0.1327,9.9477,-0.0023,-0.0077,9.8066,0.0173,-0.0139,0.0018,-3.12,-37.75,-7.5,177.1,-87.35,153.23
52.401924,-1.558776,159.18,8.29,6,355.18,20 / 21,3757409,2019-09-06 20:22:43:152,-0.0072,0.1839,9.7196,0.002,0.0031,9.8066,-0.0072,0.0013,-0.0043,-3.56,-37.56,-7.31,182.16,-87.34,152.89
52.401924,-1.558776,159.18,8.29,6,355.18,20 / 21,3757510,2019-09-06 20:22:43:253,0.0224,0.3793,9.8367,-0.0018,-0.0024,9.8066,0.0127,0.0129,0.0176,-3.94,-37.37,-7,182.24,-87.35,152.97
52.401924,-1.558776,159.18,8.29,6,355.18,20 / 21,3757609,2019-09-06 20:22:43:352,0.0507,0.2807,9.7682,-0.0032,-0.0022,9.8066,0.0008,-0.0189,-0.0076,-3.44,-37.19,-7.44,176.55,-87.35,152.58
52.401924,-1.558776,159.18,8.29,6,355.18,20 / 21,3757709,2019-09-06 20:22:43:452,0.0098,0.6015,9.9284,-0.0006,0.002,9.8066,0.0028,0.0006,-0.0165,-3.69,-37.5,-7.5,181.34,-87.35,151.88
52.401924,-1.558776,159.18,8.29,6,355.18,20 / 21,3757810,2019-09-06 20:22:43:553,0.1946,0.7674,9.8673,-0.0006,-0.0004,9.8066,0.0092,0.001,0.0209,-3.94,-36.87,-7.5,181.27,-87.34,151.8
52.401924,-1.558776,159.18,8.29,6,355.18,20 / 21,3757909,2019-09-06 20:22:43:652,0.1465,0.9963,9.8794,-0.001,0.0036,9.8066,0.0024,-0.0173,-0.0076,-3.37,-37.69,-7.62,173.65,-87.32,151.78
52.401924,-1.558776,159.18,8.29,6,355.18,20 / 21,3758010,2019-09-06 20:22:43:753,0.3783,0.804,9.635,0.0024,0.0015,9.8066,0.0053,0.0019,0.0069,-3.25,-37.19,-6.87,176.17,-87.27,152.09
52.401924,-1.558776,159.18,8.29,6,355.18,20 / 21,3758110,2019-09-06 20:22:43:853,0.2012,0.6775,9.881,-0.0005,-0.0006,9.8066,-0.0019,-0.0042,0.0224,-2.69,-37.62,-7.25,176.38,-87.27,152.33
52.401924,-1.558776,159.18,8.29,6,355.18,20 / 21,3758210,2019-09-06 20:22:43:953,0.0365,0.7121,9.8571,-0.0049,-0.0034,9.8066,-0.0058,-0.0089,-0.0092,-3.37,-37.25,-7.56,173.53,-87.27,151.65
52.401924,-1.558776,159.18,8.29,6,355.18,20 / 21,3758310,2019-09-06 20:22:44:053,0.0797,0.6517,9.9141,-0.0015,0.0001,9.8066,0.0199,-0.0031,0.0071,-3.25,-37.37,-6.94,175.48,-87.28,151.25
52.40219,-1.55881,159.59,0,6,355.84,19 / 21,3758410,2019-09-06 20:22:44:153,0.2747,0.8642,9.7056,-0.0002,0.0002,9.8066,-0.0196,-0.0053,-0.0023,-3.37,-37.44,-6.37,178.01,-87.28,150.93
52.40219,-1.55881,159.59,0,6,355.84,19 / 21,3758509,2019-09-06 20:22:44:252,0.284,0.7841,9.8202,-0.0008,0.0002,9.8066,-0.0105,0.0008,0.0024,-4,-37.12,-6.87,180.59,-87.28,150.97
52.40219,-1.55881,159.59,0,6,355.84,19 / 21,3758610,2019-09-06 20:22:44:353,0.2059,0.6084,9.8771,0.0005,0.0015,9.8066,0.0079,-0.0131,0.0003,-4.31,-36.94,-6.87,180.32,-87.29,150.65
52.40219,-1.55881,159.59,0,6,355.84,19 / 21,3758710,2019-09-06 20:22:44:453,0.2255,0.8108,9.7762,-0.0013,-0.0005,9.8066,-0.0067,-0.0046,-0.0019,-4.06,-37,-6.75,179.87,-87.3,150.1
52.40219,-1.55881,159.59,0,6,355.84,19 / 21,3758810,2019-09-06 20:22:44:553,0.1953,0.7867,9.8132,-0.0034,-0.002,9.8066,0.0015,0.0151,0.0154,-4.19,-36.62,-7.31,179.38,-87.32,149.5
52.40219,-1.55881,159.59,0,6,355.84,19 / 21,3758909,2019-09-06 20:22:44:652,0.3232,0.5662,9.8139,0,-0.004,9.8066,-0.0019,-0.0002,-0.0058,-4.69,-36.69,-7.19,184.25,-87.31,149.57
52.40219,-1.55881,159.59,0,6,355.84,19 / 21,3759009,2019-09-06 20:22:44:752,0.306,0.7856,9.8651,-0.0021,-0.0018,9.8066,0.007,-0.0135,0.0008,-4.87,-37,-7.19,184.28,-87.33,149.6
52.40219,-1.55881,159.59,0,6,355.84,19 / 21,3759110,2019-09-06 20:22:44:853,0.162,0.6508,9.8482,0.0021,0.0014,9.8066,-0.0015,-0.0121,-0.003,-4.12,-36.94,-7.62,176.69,-87.32,149.49
52.40219,-1.55881,159.59,0,6,355.84,19 / 21,3759210,2019-09-06 20:22:44:953,0.2623,0.7247,9.7976,-0.0016,0.0004,9.8066,0.0127,0.0132,0.004,-4.44,-37.25,-8.06,176.46,-87.32,149.21
52.40219,-1.55881,159.59,0,6,355.84,19 / 21,3759309,2019-09-06 20:22:45:052,0.2373,0.6493,9.9444,0.0012,0.0012,9.8066,0.003,0.0018,0.0059,-4.44,-37.12,-7.56,176.29,-87.3,149.01
52.40219,-1.55881,159.59,0,6,355.84,19 / 21,3759409,2019-09-06 20:22:45:152,0.2353,0.6606,9.7944,0.0006,0.0006,9.8066,0.0012,-0.0072,0.0013,-4.25,-37.31,-7.69,176.46,-87.29,149.21
52.40219,-1.55881,159.59,0,6,355.84,19 / 21,3759510,2019-09-06 20:22:45:253,0.2951,0.7554,9.7889,-0.0014,0.0005,9.8066,-0.0005,-0.0199,0.0014,-3.81,-37.12,-8.06,176.23,-87.28,148.93
52.40219,-1.55881,159.59,0,6,355.84,19 / 21,3759609,2019-09-06 20:22:45:352,0.2909,0.7205,9.8529,0.0009,-0.0013,9.8066,-0.0062,0.0026,-0.0024,-3.87,-37.5,-8.37,176.4,-87.29,149.14
52.40219,-1.55881,159.59,0,6,355.84,19 / 21,3759710,2019-09-06 20:22:45:453,0.1764,0.6769,9.7695,-0.0001,0.0011,9.8066,0.0008,0.005,0.0205,-3.62,-36.87,-8.06,176.17,-87.27,148.86
52.40219,-1.55881,159.59,0,6,355.84,19 / 21,3759810,2019-09-06 20:22:45:553,0.3884,0.859,9.7889,0.0004,0.0002,9.8066,-0.0069,0.0049,0,-3.75,-37.56,-8.12,176.46,-87.26,149.18
52.40219,-1.55881,159.59,0,6,355.84,19 / 21,3759909,2019-09-06 20:22:45:652,0.2339,0.6496,9.8505,0.0013,0.0037,9.8066,-0.0055,-0.0057,0.0036,-3.69,-37.12,-8.31,176.25,-87.26,148.94
52.40219,-1.55881,159.59,0,6,355.84,19 / 21,3760010,2019-09-06 20:22:45:753,0.1215,0.6167,9.7909,-0.0015,-0.002,9.8066,0.0076,-0.0171,-0.009,-3.5,-37.31,-7.69,171.7,-87.22,149.41
52.40219,-1.55881,159.59,0,6,355.84,19 / 21,3760110,2019-09-06 20:22:45:853,0.3436,0.9366,9.7904,-0.0028,-0.0014,9.8066,0.0249,-0.0208,0.0016,-3.81,-37.31,-8,176.24,-87.22,148.93
52.40219,-1.55881,159.59,0,6,355.84,19 / 21,3760210,2019-09-06 20:22:45:953,0.2443,0.691,9.8757,-0.0006,-0.0006,9.8066,-0.0028,0.0125,-0.007,-3.5,-37.25,-8.06,171.54,-87.19,149.21
52.40219,-1.55881,159.59,0,6,355.84,19 / 21,3760309,2019-09-06 20:22:46:052,0.1499,0.626,9.7667,-0.0008,0.0023,9.8066,0.0014,0.0092,0.0135,-3.44,-37.56,-7.94,171.39,-87.16,148.95
52.40219,-1.55881,159.59,0,6,355.84,20 / 21,3760410,2019-09-06 20:22:46:153,0.2018,0.6658,9.7232,0.0015,0.0011,9.8066,0.001,0.0246,0.0019,-4.31,-37.62,-7.62,176.42,-87.14,149.1
52.40219,-1.55881,159.59,0,6,355.84,20 / 21,3760509,2019-09-06 20:22:46:252,0.3553,0.6596,9.8963,0.0018,0.0037,9.8066,0.0022,0.0029,0.0175,-3.62,-37.56,-7.25,178.97,-87.13,148.99
52.40219,-1.55881,159.59,0,6,355.84,20 / 21,3760610,2019-09-06 20:22:46:353,0.1993,0.6071,9.8197,0.0024,0.0026,9.8066,-0.0051,-0.0085,0.002,-3.81,-36.81,-7.56,176.87,-87.09,149.65
52.40219,-1.55881,159.59,0,6,355.84,20 / 21,3760710,2019-09-06 20:22:46:453,0.2101,0.7051,9.7278,0.0002,0.0012,9.8066,-0.0053,-0.0176,-0.0028,-3.5,-37.44,-8.06,172.03,-87.05,149.71
52.40219,-1.55881,159.59,0,6,355.84,20 / 21,3760810,2019-09-06 20:22:46:553,0.1637,0.6853,9.8609,0.0002,0.0014,9.8066,0.0122,-0.0185,-0.0002,-3.81,-37.56,-7.81,177.11,-87.03,149.91
52.40219,-1.55881,159.59,0,6,355.84,20 / 21,3760909,2019-09-06 20:22:46:652,0.2177,0.6373,9.7863,0.0015,0.0024,9.8066,0.0024,-0.0056,0.0022,-3.94,-37.37,-7.87,177.16,-87,149.98
52.40219,-1.55881,159.59,0,6,355.84,20 / 21,3761010,2019-09-06 20:22:46:753,0.0491,0.7107,9.9028,-0.0003,0.0028,9.8066,0.0143,0.01,0.0091,-3.37,-37.19,-7.75,172.52,-86.96,150.26
52.40219,-1.55881,159.59,0,6,355.84,20 / 21,3761109,2019-09-06 20:22:46:852,0.3374,0.6885,9.8836,0.0012,0.0037,9.8066,-0.0015,0.0075,0.0142,-3.81,-37.31,-7.75,177.3,-86.93,150.14
52.40219,-1.55881,159.59,0,6,355.84,20 / 21,3761209,2019-09-06 20:22:46:952,0.0741,0.5671,9.7714,0.0006,0.0044,9.8066,0.0029,0.0022,0.0116,-3.44,-37.06,-7.81,172.76,-86.89,150.52
52.40219,-1.55881,159.59,0,6,355.84,20 / 21,3761310,2019-09-06 20:22:47:053,0.1535,0.8162,9.8452,0.0001,0,9.8066,-0.0093,-0.0051,0.0012,-3.94,-37.5,-7.81,177.65,-86.86,150.55
52.40219,-1.55881,159.59,0,6,355.84,20 / 21,3761410,2019-09-06 20:22:47:153,0.1966,0.633,9.9001,-0.0003,0.0007,9.8066,0.0052,-0.0207,0.0005,-3.5,-37.81,-7.69,173.02,-86.83,150.76
52.40219,-1.55881,159.59,0,6,355.84,20 / 21,3761509,2019-09-06 20:22:47:252,0.0768,0.5403,9.8032,0.0017,0.0035,9.8066,-0.0025,-0.0156,-0.008,-3.44,-37,-7.37,175.54,-86.79,151.13
52.40219,-1.55881,159.59,0,6,355.84,20 / 21,3761609,2019-09-06 20:22:47:352,0.1482,0.7595,9.895,0.0008,0.0034,9.8066,0.0168,0.0075,0.0092,-4,-37.75,-8,178.37,-86.75,151.42
52.40219,-1.55881,159.59,0,6,355.84,20 / 21,3761710,2019-09-06 20:22:47:453,0.2309,0.6334,9.869,0.0006,0.0033,9.8066,0,0.0064,0.0019,-3.56,-37.62,-7.87,178.54,-86.72,151.63
52.40219,-1.55881,159.59,0,6,355.84,20 / 21,3761810,2019-09-06 20:22:47:553,0.1379,0.5414,9.7742,0.0003,0.0033,9.8066,0.0058,0.0028,0.015,-3.81,-37.69,-7.62,178.74,-86.66,151.86
52.40219,-1.55881,159.59,0,6,355.84,20 / 21,3761910,2019-09-06 20:22:47:653,0.1323,0.7861,9.872,0.0008,0.0017,9.8066,-0.0049,-0.0028,-0.0028,-4.06,-37.44,-7.94,178.93,-86.62,152.11
52.40219,-1.55881,159.59,0,6,355.84,20 / 21,3762010,2019-09-06 20:22:47:753,0.208,0.6419,9.9035,0.0003,0.0018,9.8066,0.0098,-0.0223,0.0039,-3.94,-37.31,-7.56,179.1,-86.59,152.32
52.40219,-1.55881,159.59,0,6,355.84,20 / 21,3762110,2019-09-06 20:22:47:853,0.0941,0.5182,9.8046,0.0023,0.0034,9.8066,-0.0013,-0.0172,-0.0127,-3.62,-37.75,-8,179.3,-86.54,152.55
52.40219,-1.55881,159.59,0,6,355.84,20 / 21,3762210,2019-09-06 20:22:47:953,0.1586,0.7688,9.824,0.0003,0.0026,9.8066,0.0143,-0.0095,0.0054,-3.62,-37.56,-8.25,179.41,-86.51,152.7
52.40219,-1.55881,159.59,0,6,355.84,20 / 21,3762310,2019-09-06 20:22:48:053,0.1368,0.5906,9.7916,0.0007,0.0055,9.8066,-0.0026,0.0041,-0.002,-3.31,-37.5,-7.87,174.68,-86.47,152.72
52.40219,-1.55881,159.59,0,6,355.84,20 / 21,3762409,2019-09-06 20:22:48:152,0.1222,0.5307,9.7593,0,0.0019,9.8066,-0.0017,0.0173,0.0125,-3.5,-37.81,-7.56,174.91,-86.41,152.95
52.40219,-1.55881,159.59,0,6,355.84,20 / 21,3762510,2019-09-06 20:22:48:253,0.0853,0.6318,9.9085,0.0015,0.0027,9.8066,-0.0088,0.0117,0.0035,-3.75,-37.25,-8.19,179.85,-86.35,153.24
52.40219,-1.55881,159.59,0,6,355.84,20 / 21,3762610,2019-09-06 20:22:48:353,0.1615,0.5829,9.807,-0.0002,0.0015,9.8066,-0.003,0.001,0.008,-3.5,-37.62,-7.81,175.3,-86.33,153.41
52.40219,-1.55881,159.59,0,6,355.84,20 / 21,3762710,2019-09-06 20:22:48:453,0.1329,0.4241,9.7677,0.0033,0.0032,9.8066,-0.0141,-0.0114,-0.0082,-3.62,-36.81,-7.37,182.83,-86.27,153.92
52.40219,-1.55881,159.59,0,6,355.84,20 / 21,3762810,2019-09-06 20:22:48:553,0.0948,0.7098,9.8371,0,0.0039,9.8065,0.0022,-0.0222,-0.0015,-3.69,-37.5,-7.56,180.35,-86.25,153.87
52.40219,-1.55881,159.59,0,6,355.84,20 / 21,3762910,2019-09-06 20:22:48:653,0.1467,0.5396,9.8611,0.0012,-0.0005,9.8066,0.0063,-0.0216,-0.0089,-3.31,-36.87,-8,175.64,-86.22,153.85
52.40219,-1.55881,159.59,0,6,355.84,20 / 21,3763009,2019-09-06 20:22:48:752,0.1394,0.425,9.8087,-0.0016,0.0015,9.8066,0.0039,-0.0073,0.0029,-3.75,-38.31,-7.94,180.32,-86.19,153.85
52.40219,-1.55881,159.59,0,6,355.84,20 / 21,3763110,2019-09-06 20:22:48:853,0.0653,0.7583,9.7407,0.0005,0.002,9.8066,0.0066,0.0082,-0.0018,-3.5,-37.37,-7.87,175.75,-86.14,153.97
52.40219,-1.55881,159.59,0,6,355.84,20 / 21,3763209,2019-09-06 20:22:48:952,0.1858,0.5663,9.9104,-0.0007,0.002,9.8066,-0.0035,0.0112,0.0128,-4,-37.12,-7.94,180.43,-86.11,153.98
52.40219,-1.55881,159.59,0,6,355.84,20 / 21,3763310,2019-09-06 20:22:49:053,0.0646,0.4596,9.8804,0.001,0.0027,9.8065,0.0117,0.0064,0,-3.37,-37.37,-7.94,175.97,-86.07,154.22
52.40219,-1.55881,159.59,0,6,355.84,20 / 22,3763409,2019-09-06 20:22:49:152,0.1513,0.588,9.7103,0.0005,0.0038,9.8066,-0.0141,-0.0016,0.0057,-4.06,-37.44,-7.87,180.61,-86.03,154.22
52.40219,-1.55881,159.59,0,6,355.84,20 / 22,3763509,2019-09-06 20:22:49:252,0.1317,0.6543,9.8827,0.001,0.0022,9.8065,-0.0072,-0.008,-0.0056,-3.5,-37.37,-8.69,174.4,-85.99,154.45
52.40219,-1.55881,159.59,0,6,355.84,20 / 22,3763610,2019-09-06 20:22:49:353,0.1087,0.5307,9.8699,-0.0002,0.0032,9.8066,-0.0104,-0.0136,-0.0087,-3.81,-37.62,-7.87,180.78,-85.95,154.45
52.40219,-1.55881,159.59,0,6,355.84,20 / 22,3763710,2019-09-06 20:22:49:453,0.2305,0.561,9.7123,0.0011,0.0024,9.8066,0.0084,-0.0117,-0.0052,-3.69,-37.56,-7.5,183.31,-85.91,154.66
52.40219,-1.55881,159.59,0,6,355.84,20 / 22,3763810,2019-09-06 20:22:49:553,0.2372,0.6378,9.854,0.0014,0.0038,9.8066,-0.0009,-0.0009,-0.0062,-3.81,-37.25,-7.69,180.95,-85.87,154.67
52.40219,-1.55881,159.59,0,6,355.84,20 / 22,3763909,2019-09-06 20:22:49:652,0.1133,0.5484,9.8923,-0.0018,0.0008,9.8066,0.0123,0.0124,0.0074,-3.87,-37.12,-7.75,180.97,-85.83,154.7
52.40219,-1.55881,159.59,0,6,355.84,20 / 22,3764010,2019-09-06 20:22:49:753,0.1386,0.4865,9.7387,0.0003,0.0032,9.8066,-0.0067,-0.0035,0.0029,-3.19,-37.25,-8.25,176.43,-85.78,154.75
52.40219,-1.55881,159.59,0,6,355.84,20 / 22,3764110,2019-09-06 20:22:49:853,0.2468,0.575,9.9004,0.0005,0.0019,9.8066,0.001,-0.0027,-0.0005,-3.81,-37.31,-7.56,181.14,-85.75,154.92
52.40219,-1.55881,159.59,0,6,355.84,20 / 22,3764210,2019-09-06 20:22:49:953,0.0795,0.4967,9.8735,0.0005,0.002,9.8066,-0.007,-0.0126,-0.0095,-3.25,-37.31,-7.56,176.59,-85.7,154.93
52.40219,-1.55881,159.59,0,6,355.84,20 / 22,3764310,2019-09-06 20:22:50:053,0.2587,0.5356,9.7135,-0.0007,0.0033,9.8066,0.0114,-0.0098,0.0007,-4.19,-37.87,-8.44,181.21,-85.64,155.03
52.40219,-1.55881,159.59,0,6,355.84,19 / 20,3764410,2019-09-06 20:22:50:153,0.1435,0.5756,9.8848,0.0016,0.0056,9.8066,0.002,-0.001,0.006,-3.37,-37.5,-7.75,176.67,-85.6,155.02
52.40219,-1.55881,159.59,0,6,355.84,19 / 20,3764510,2019-09-06 20:22:50:253,0.0641,0.4408,9.8687,-0.0012,0.0032,9.8066,0.0028,0.0111,0.0004,-3.62,-37.31,-8.19,181.27,-85.56,155.11
52.40219,-1.55881,159.59,0,6,355.84,19 / 20,3764609,2019-09-06 20:22:50:352,0.1779,0.4338,9.7038,0.0014,0.0039,9.8066,-0.0056,0.006,0.0027,-4.19,-37,-7.62,181.3,-85.51,155.15
52.40219,-1.55881,159.59,0,6,355.84,19 / 20,3764710,2019-09-06 20:22:50:453,0.2116,0.5363,9.8496,-0.0013,0.0008,9.8066,0.0029,0.0033,0.0047,-3.56,-37.69,-7.87,181.46,-85.47,155.38
52.40219,-1.55881,159.59,0,6,355.84,19 / 20,3764810,2019-09-06 20:22:50:553,0.0848,0.4762,9.9406,0.0003,0,9.8066,-0.0114,-0.0138,-0.0178,-3.94,-37.5,-7.69,181.41,-85.43,155.3
52.40219,-1.55881,159.59,0,6,355.84,19 / 20,3764909,2019-09-06 20:22:50:652,0.1909,0.3745,9.7669,0.0001,0.0036,9.8066,0.0034,-0.0239,-0.003,-3.31,-37.06,-7.81,177.15,-85.38,155.61
52.40219,-1.55881,159.59,0,6,355.84,19 / 20,3765009,2019-09-06 20:22:50:752,0.1905,0.5709,9.7947,0.0019,0.0043,9.8065,-0.0012,-0.0089,-0.0148,-3.56,-37.56,-8.12,181.68,-85.35,155.69
52.40219,-1.55881,159.59,0,6,355.84,19 / 20,3765110,2019-09-06 20:22:50:853,0.1351,0.5894,9.834,-0.0002,0.0025,9.8066,0.0103,-0.0018,0.0037,-3.56,-37.37,-7.81,181.73,-85.31,155.74
52.40219,-1.55881,159.59,0,6,355.84,19 / 20,3765209,2019-09-06 20:22:50:952,0.1866,0.2973,9.824,0.0002,0.0036,9.8066,0.0018,0.0165,-0.0036,-3.06,-37.56,-8.25,177.33,-85.26,155.81
52.40219,-1.55881,159.59,0,6,355.84,19 / 20,3765309,2019-09-06 20:22:51:052,0.0897,0.3391,9.7518,-0.0027,0,9.8066,0.009,0.0128,0.0182,-3.25,-37.31,-8.37,177.43,-85.23,155.95
52.40219,-1.55881,159.59,0,6,355.84,20 / 21,3765409,2019-09-06 20:22:51:152,0.0763,0.4367,9.9208,-0.0009,0.0003,9.8066,-0.0085,0.0069,0.0087,-3.75,-37.44,-8.19,181.78,-85.2,155.83
52.40219,-1.55881,159.59,0,6,355.84,20 / 21,3765509,2019-09-06 20:22:51:252,0.1627,0.3118,9.9091,0.0008,0.0052,9.8065,-0.0018,-0.0067,0.0095,-3.12,-37.69,-7.87,177.43,-85.15,155.92
52.40219,-1.55881,159.59,0,6,355.84,20 / 21,3765610,2019-09-06 20:22:51:353,0.1329,0.3122,9.7941,0.001,0.0001,9.8066,-0.0023,-0.0137,-0.0097,-3.69,-37.37,-8.06,181.94,-85.11,156.06
52.40219,-1.55881,159.59,0,6,355.84,20 / 21,3765709,2019-09-06 20:22:51:452,0.1345,0.3557,9.7521,-0.0002,0.0017,9.8066,0.0019,-0.0191,0.0022,-3.5,-37,-8.06,177.59,-85.08,156.15
52.40219,-1.55881,159.59,0,6,355.84,20 / 21,3765810,2019-09-06 20:22:51:553,0.1711,0.3313,9.8918,0.0021,0.0002,9.8066,0.0025,-0.0005,-0.008,-3.37,-37.56,-7.69,177.75,-85.06,156.34
52.40219,-1.55881,159.59,0,6,355.84,20 / 21,3765910,2019-09-06 20:22:51:653,0.0564,0.3086,9.7644,-0.0001,0.0019,9.8065,0.0027,-0.0003,0.0068,-3.5,-36.69,-7.94,177.7,-85.04,156.29
52.40219,-1.55881,159.59,0,6,355.84,20 / 21,3766010,2019-09-06 20:22:51:753,0.1938,0.3742,9.7859,0.0009,0.0011,9.8065,0.003,0.019,0.0042,-3.69,-37.62,-7.81,182.17,-85,156.4
52.40219,-1.55881,159.59,0,6,355.84,20 / 21,3766110,2019-09-06 20:22:51:853,0.1706,0.3345,9.9013,0.0021,0.0024,9.8066,0.0019,-0.0059,0.0155,-3.44,-37.19,-8.12,177.91,-84.96,156.56
52.40219,-1.55881,159.59,0,6,355.84,20 / 21,3766210,2019-09-06 20:22:51:953,0.1075,0.3341,9.7865,0.0018,0.0032,9.8066,0,-0.0117,-0.0091,-3.56,-37.25,-7.25,184.68,-84.94,156.82
52.40219,-1.55881,159.59,0,6,355.84,20 / 21,3766310,2019-09-06 20:22:52:053,0.2025,0.4185,9.8025,-0.0006,0.0021,9.8066,0.0084,-0.0207,0.0047,-3.75,-37.5,-8.06,182.42,-84.91,156.73
52.40219,-1.55881,159.59,0,6,355.84,21 / 22,3766410,2019-09-06 20:22:52:153,0.1904,0.2655,9.8852,0.0008,0.0005,9.8066,0.0005,0.0086,-0.0009,-3.69,-37.81,-7.31,184.67,-84.89,156.87
52.40219,-1.55881,159.59,0,6,355.84,21 / 22,3766509,2019-09-06 20:22:52:252,0.0851,0.3426,9.8145,-0.0002,0.0044,9.8066,0.003,0.0027,0.0151,-3.25,-37.5,-7.5,180.02,-84.86,156.83
52.40219,-1.55881,159.59,0,6,355.84,21 / 22,3766610,2019-09-06 20:22:52:353,0.2038,0.4647,9.7785,0.0017,0.0038,9.8066,-0.0076,0.009,0.0065,-3.37,-37.69,-7.62,178.24,-84.81,156.98
52.40219,-1.55881,159.59,0,6,355.84,21 / 22,3766710,2019-09-06 20:22:52:453,0.1163,0.2411,9.8598,0.0008,0.0016,9.8066,0.0011,-0.0081,0.0094,-3.37,-37.5,-8.56,176.61,-84.77,156.99
52.40219,-1.55881,159.59,0,6,355.84,21 / 22,3766809,2019-09-06 20:22:52:552,0.0611,0.2894,9.7759,0.0022,0.0035,9.8066,0.0062,-0.0153,-0.0095,-3.5,-37.31,-7.75,178.39,-84.74,157.2
52.40219,-1.55881,159.59,0,6,355.84,21 / 22,3766910,2019-09-06 20:22:52:653,0.1959,0.4455,9.7956,-0.001,0.0008,9.8066,0.0152,-0.0174,-0.0034,-3.87,-37.19,-7.94,182.65,-84.73,157.09
52.40219,-1.55881,159.59,0,6,355.84,21 / 22,3767010,2019-09-06 20:22:52:753,0.1463,0.2843,9.9104,0.001,0.0012,9.8066,-0.0033,-0.0009,-0.0038,-3.37,-37.5,-7.75,178.38,-84.7,157.18
52.40219,-1.55881,159.59,0,6,355.84,21 / 22,3767110,2019-09-06 20:22:52:853,0.09,0.2548,9.7751,0.0014,0.0042,9.8066,0.0008,0.0109,0.0128,-3.69,-37.56,-7.87,182.62,-84.68,157.08
52.40219,-1.55881,159.59,0,6,355.84,21 / 22,3767210,2019-09-06 20:22:52:953,0.0921,0.2317,9.7547,0.0015,0.0046,9.8066,0.0046,0.0266,0.0027,-3.25,-37,-7.81,178.46,-84.63,157.28
52.40219,-1.55881,159.59,0,6,355.84,21 / 22,3767309,2019-09-06 20:22:53:052,0.1722,0.2943,9.8749,-0.0003,0.0008,9.8066,-0.001,0.0032,0.0172,-4.06,-37.5,-8,182.79,-84.61,157.3
52.40219,-1.55881,159.59,0,6,355.84,19 / 22,3767411,2019-09-06 20:22:53:154,-0.0295,0.1341,9.8012,0.0009,0.0021,9.8066,-0.0122,0.0059,-0.0048,-3.5,-37.25,-7.75,178.56,-84.59,157.42
52.40219,-1.55881,159.59,0,6,355.84,19 / 22,3767509,2019-09-06 20:22:53:252,0.1779,0.2743,9.7403,-0.0005,0.0012,9.8066,0.0093,-0.0189,0.0017,-3.5,-37.62,-8,178.54,-84.55,157.37
52.40219,-1.55881,159.59,0,6,355.84,19 / 22,3767610,2019-09-06 20:22:53:353,0.1179,0.3972,9.895,-0.0005,0.0021,9.8066,0.0037,-0.0202,-0.0065,-3.56,-37.56,-7.87,182.95,-84.53,157.57
52.40219,-1.55881,159.59,0,6,355.84,19 / 22,3767709,2019-09-06 20:22:53:452,0.0764,0.2474,9.8759,0.001,0.0034,9.8066,-0.0063,-0.0146,-0.0054,-3.69,-37.62,-8.12,182.84,-84.52,157.42
52.40219,-1.55881,159.59,0,6,355.84,19 / 22,3767810,2019-09-06 20:22:53:553,0.1243,0.0809,9.8266,0.0007,0.0017,9.8066,0.0117,0.0021,0.0014,-3.19,-37.37,-7.75,178.59,-84.49,157.46
52.40219,-1.55881,159.59,0,6,355.84,19 / 22,3767909,2019-09-06 20:22:53:652,0.0755,0.3549,9.8603,0.0009,0.0022,9.8066,0.004,0.002,0.0051,-2.81,-37.37,-7.37,180.45,-84.46,157.46
52.40219,-1.55881,159.59,0,6,355.84,19 / 22,3768010,2019-09-06 20:22:53:753,0.0667,0.2831,9.8805,-0.0002,0.0005,9.8065,-0.001,0.0246,0.007,-4,-37.44,-7.5,185.04,-84.45,157.5
52.40219,-1.55881,159.59,0,6,355.84,19 / 22,3768109,2019-09-06 20:22:53:852,0.1168,0.0415,9.8406,0.0008,0.0016,9.8066,-0.0064,-0.0009,-0.0009,-3.62,-37.56,-7.62,182.92,-84.42,157.54
52.40219,-1.55881,159.59,0,6,355.84,19 / 22,3768210,2019-09-06 20:22:53:953,0.0854,0.3881,9.8003,-0.0007,-0.0002,9.8066,-0.0006,-0.0069,0.0024,-3.25,-37.62,-7.81,178.65,-84.41,157.52
52.40219,-1.55881,159.59,0,6,355.84,19 / 22,3768310,2019-09-06 20:22:54:053,0.0153,0.3426,9.9204,0.0004,0.0026,9.8066,-0.0008,-0.0253,-0.0058,-3.56,-36.94,-7.56,182.93,-84.4,157.53
52.40219,-1.55881,159.59,0,6,355.84,20 / 21,3768411,2019-09-06 20:22:54:154,0.1762,0.1099,9.8751,0.0005,0.0019,9.8066,0.0102,-0.0225,0.0052,-3.44,-37.87,-7.44,180.55,-84.38,157.62
52.40219,-1.55881,159.59,0,6,355.84,20 / 21,3768509,2019-09-06 20:22:54:252,-0.0039,0.3242,9.7742,0.0007,0.0004,9.8066,0.0018,-0.0028,-0.008,-3.5,-37.5,-7.69,178.66,-84.35,157.54
52.40219,-1.55881,159.59,0,6,355.84,20 / 21,3768610,2019-09-06 20:22:54:353,0.0336,0.3276,9.894,-0.0015,0.0005,9.8066,-0.0005,0.007,0.0138,-3.06,-37.62,-8.25,178.63,-84.34,157.49
52.40219,-1.55881,159.59,0,6,355.84,20 / 21,3768709,2019-09-06 20:22:54:452,0.1067,0.1044,9.8731,0.0012,0.0001,9.8066,-0.0003,0.0042,0.0021,-3.31,-37.25,-7.5,180.43,-84.31,157.44
52.40219,-1.55881,159.59,0,6,355.84,20 / 21,3768810,2019-09-06 20:22:54:553,0.0422,0.3449,9.7734,-0.0012,-0.0016,9.8066,0.0012,-0.014,0.0087,-3.56,-37.62,-7.69,182.86,-84.31,157.49
52.40219,-1.55881,159.59,0,6,355.84,20 / 21,3768910,2019-09-06 20:22:54:653,0.0512,0.3286,9.9594,0.0017,0.0022,9.8066,0.0028,-0.0207,-0.0109,-3.44,-37.56,-7.5,180.46,-84.28,157.49
52.40219,-1.55881,159.59,0,6,355.84,20 / 21,3769010,2019-09-06 20:22:54:753,0.1313,0.1159,9.7727,-0.0012,0.0015,9.8066,0.0073,-0.0172,-0.0072,-3.56,-37.44,-7.81,182.93,-84.25,157.56
52.40219,-1.55881,159.59,0,6,355.84,20 / 21,3769110,2019-09-06 20:22:54:853,0.0198,0.2775,9.7534,0.0002,-0.0011,9.8066,0.0049,-0.0113,-0.0102,-3.81,-37.37,-7.94,182.89,-84.24,157.52
52.40219,-1.55881,159.59,0,6,355.84,20 / 21,3769210,2019-09-06 20:22:54:953,0.1096,0.404,9.8879,-0.0007,0,9.8066,0.0045,0.0051,0.0091,-3.94,-36.44,-7.87,182.91,-84.24,157.51
52.40219,-1.55881,159.59,0,6,355.84,20 / 21,3769310,2019-09-06 20:22:55:053,0.069,0.1384,9.9517,0.0005,0.0003,9.8066,-0.0004,0.0273,0.0031,-4,-37.31,-7.81,182.9,-84.21,157.52
52.40219,-1.55881,159.59,0,6,355.84,20 / 21,3769410,2019-09-06 20:22:55:153,0.1,0.1888,9.7624,-0.0002,0.0001,9.8066,-0.0025,0.011,0.0141,-3.62,-37.19,-7.87,182.98,-84.2,157.65
52.40219,-1.55881,159.59,0,6,355.84,20 / 21,3769509,2019-09-06 20:22:55:252,0.1097,0.5185,9.8525,-0.0012,-0.0013,9.8066,-0.0082,0.0052,0.0014,-3.31,-37.31,-7.5,180.53,-84.19,157.58
52.40219,-1.55881,159.59,0,6,355.84,20 / 21,3769610,2019-09-06 20:22:55:353,0.0639,0.2408,9.9186,-0.0003,0.0009,9.8066,-0.0051,-0.0125,0.0041,-3.56,-37,-7.5,185.02,-84.16,157.59
52.40219,-1.55881,159.59,0,6,355.84,20 / 21,3769710,2019-09-06 20:22:55:453,0.0879,0.1253,9.8102,-0.0001,0.0026,9.8066,-0.0025,-0.0173,-0.0071,-3.62,-37.62,-7.75,182.89,-84.14,157.57
52.40219,-1.55881,159.59,0,6,355.84,20 / 21,3769809,2019-09-06 20:22:55:552,0.1549,0.3674,9.8051,-0.0005,-0.0001,9.8067,-0.0052,-0.0113,-0.0029,-3.62,-37.62,-7.75,183.06,-84.12,157.8
52.40219,-1.55881,159.59,0,6,355.84,20 / 21,3769909,2019-09-06 20:22:55:652,-0.0214,0.3092,9.8997,0.0001,0.0017,9.8066,0.0012,0.0065,-0.0052,-3.44,-37.12,-7.69,178.82,-84.12,157.74
52.40219,-1.55881,159.59,0,6,355.84,20 / 21,3770009,2019-09-06 20:22:55:752,0.1295,0.1777,9.8184,-0.0002,-0.0013,9.8066,-0.0043,0.0069,0.0074,-3.62,-37.69,-7.37,185.11,-84.12,157.81
52.40219,-1.55881,159.59,0,6,355.84,20 / 21,3770110,2019-09-06 20:22:55:853,0.1897,0.3199,9.8033,-0.0012,-0.0002,9.8066,-0.0027,0.0139,-0.0017,-3.56,-37.5,-7.19,185.12,-84.11,157.75
52.40219,-1.55881,159.59,0,6,355.84,20 / 21,3770210,2019-09-06 20:22:55:953,-0.0237,0.2549,9.9178,0.0005,0.0025,9.8066,-0.0061,-0.0125,0.0016,-3.19,-37.37,-7.56,178.89,-84.09,157.85
52.40219,-1.55881,159.59,0,6,355.84,20 / 21,3770309,2019-09-06 20:22:56:052,0.1018,0.1199,9.857,-0.0011,0.0019,9.8066,0.0016,-0.0138,-0.0098,-3.31,-36.87,-7.25,180.56,-84.08,157.64
52.40219,-1.55881,159.59,0,6,355.84,19 / 20,3770410,2019-09-06 20:22:56:153,0.0256,0.2777,9.9013,0.0002,0.0012,9.8066,0.0021,-0.025,-0.0035,-3.31,-36.87,-7.5,180.62,-84.07,157.72
52.40219,-1.55881,159.59,0,6,355.84,19 / 20,3770509,2019-09-06 20:22:56:252,0.141,0.0901,9.7396,-0.0007,0.0018,9.8066,-0.0003,0.0013,-0.0042,-3.69,-37.19,-7.87,182.99,-84.04,157.69
52.40219,-1.55881,159.59,0,6,355.84,19 / 20,3770610,2019-09-06 20:22:56:353,0.0802,0.2718,9.8018,-0.0002,-0.0009,9.8066,-0.0031,0.0069,0.0058,-3.56,-37,-7.87,183.06,-84.03,157.8
52.40219,-1.55881,159.59,0,6,355.84,19 / 20,3770709,2019-09-06 20:22:56:452,0.0731,0.2711,9.9291,0.0006,0.0027,9.8065,-0.0051,0.0086,-0.0013,-3.25,-37.56,-7.19,180.56,-84.03,157.65
52.40219,-1.55881,159.59,0,6,355.84,19 / 20,3770809,2019-09-06 20:22:56:552,0.1101,0.0518,9.7708,0.0002,0.0014,9.8066,-0.004,-0.0092,0.0114,-3.5,-37.44,-7.69,178.82,-84,157.73
52.40219,-1.55881,159.59,0,6,355.84,19 / 20,3770910,2019-09-06 20:22:56:653,0.0094,0.2474,9.8152,-0.0018,0.0012,9.8066,0.0039,-0.0121,-0.0127,-3.62,-37,-8.06,182.9,-83.98,157.58
52.40219,-1.55881,159.59,0,6,355.84,19 / 20,3771010,2019-09-06 20:22:56:753,0.1119,0.2338,9.9165,-0.0001,0.0024,9.8066,0.0227,-0.019,0.0041,-3.37,-37.62,-7.37,180.6,-83.97,157.71
52.40219,-1.55881,159.59,0,6,355.84,19 / 20,3771110,2019-09-06 20:22:56:853,0.161,0.0917,9.7605,0.0007,0.0034,9.8066,-0.0004,0.005,-0.0058,-3.69,-37.12,-7.56,182.91,-83.94,157.6
52.40219,-1.55881,159.59,0,6,355.84,19 / 20,3771210,2019-09-06 20:22:56:953,0.0148,0.1448,9.7701,-0.0008,-0.0005,9.8066,0.009,0.012,0.0027,-3.25,-37.19,-7.87,178.78,-83.94,157.68
52.40219,-1.55881,159.59,0,6,355.84,19 / 20,3771310,2019-09-06 20:22:57:053,0.138,0.3038,9.8888,-0.0013,0.0003,9.8066,0.0042,0.0148,0.0095,-3.75,-37.25,-7.81,182.85,-83.93,157.52
52.40219,-1.55881,159.59,0,6,355.84,20 / 21,3771410,2019-09-06 20:22:57:153,0.1317,0.0708,9.83,-0.0004,-0.0002,9.8066,-0.0121,0.0016,0.0054,-3.25,-37.12,-7.75,178.72,-83.91,157.58
52.40219,-1.55881,159.59,0,6,355.84,20 / 21,3771509,2019-09-06 20:22:57:252,0.173,0.1477,9.7964,0,0,9.8066,0.0113,-0.0147,0.0046,-3.69,-37.37,-8.12,182.88,-83.91,157.56
52.40219,-1.55881,159.59,0,6,355.84,20 / 21,3771609,2019-09-06 20:22:57:352,0.1512,0.3925,9.8414,0.0005,0.0008,9.8066,0.0053,-0.0217,-0.0004,-3.94,-37.75,-7.5,184.9,-83.9,157.58
52.40219,-1.55881,159.59,0,6,355.84,20 / 21,3771710,2019-09-06 20:22:57:453,0.1556,0.0324,9.9118,0.0007,0.002,9.8066,-0.0013,-0.0115,-0.0102,-3.44,-37.25,-8,178.74,-83.89,157.61
52.40219,-1.55881,159.59,0,6,355.84,20 / 21,3771810,2019-09-06 20:22:57:553,0.0549,0.0306,9.8311,-0.0005,0.0002,9.8066,0.008,-0.0072,-0.0082,-3.5,-37.44,-8.19,178.79,-83.88,157.68
52.40219,-1.55881,159.59,0,6,355.84,20 / 21,3771910,2019-09-06 20:22:57:653,0.1305,0.2228,9.7572,0.0007,0.0009,9.8066,0.0139,0.0021,0.0049,-3.62,-37.12,-7.69,182.96,-83.87,157.69
52.40219,-1.55881,159.59,0,6,355.84,20 / 21,3772009,2019-09-06 20:22:57:752,0.1307,0.1046,9.9152,-0.0006,0.0002,9.8066,-0.0038,0.016,-0.0001,-3.56,-37.12,-7.94,182.97,-83.86,157.71
52.40219,-1.55881,159.59,0,6,355.84,20 / 21,3772109,2019-09-06 20:22:57:852,0.1312,0.112,9.9174,0.002,0.0025,9.8066,0.0032,0.0097,0.0125,-3.62,-37.19,-7.81,183.03,-83.84,157.79
52.40219,-1.55881,159.59,0,6,355.84,20 / 21,3772210,2019-09-06 20:22:57:953,0.1709,0.2552,9.7364,-0.0018,-0.0011,9.8066,-0.014,0.0022,-0.0019,-3.37,-37.31,-7.69,178.86,-83.83,157.78
52.40219,-1.55881,159.59,0,6,355.84,20 / 21,3772310,2019-09-06 20:22:58:053,0.0754,0.1165,9.8991,-0.0001,0.0014,9.8066,0.0058,-0.0141,0.0021,-3.62,-37.12,-7.94,183,-83.81,157.76
52.40219,-1.55881,159.59,0,6,355.84,19 / 20,3772410,2019-09-06 20:22:58:153,0.0871,0.1048,9.8865,-0.0008,0.0005,9.8066,0.0021,-0.0199,-0.0098,-3.56,-37.25,-7.62,182.93,-83.79,157.66
52.40219,-1.55881,159.59,0,6,355.84,19 / 20,3772509,2019-09-06 20:22:58:252,0.1432,0.0868,9.7139,0.0008,0.0012,9.8065,0.012,-0.0056,0.0051,-3.25,-37.06,-7.62,178.79,-83.79,157.68
52.40219,-1.55881,159.59,0,6,355.84,19 / 20,3772609,2019-09-06 20:22:58:352,0.1546,0.1761,10.0032,-0.0005,0.0024,9.8066,-0.0034,0.0082,-0.0042,-3.44,-37.44,-8.25,178.82,-83.78,157.71
52.40219,-1.55881,159.59,0,6,355.84,19 / 20,3772710,2019-09-06 20:22:58:453,0.1466,0.2354,9.8591,0.0006,0.0004,9.8066,0.0037,0.0083,0.0122,-4.12,-37,-7.94,182.99,-83.77,157.74
52.40219,-1.55881,159.59,0,6,355.84,19 / 20,3772810,2019-09-06 20:22:58:553,0.2113,0.0999,9.7907,-0.0001,0.0017,9.8066,-0.0051,0.0169,-0.0006,-3.94,-37.31,-7.75,182.98,-83.77,157.73
52.40219,-1.55881,159.59,0,6,355.84,19 / 20,3772910,2019-09-06 20:22:58:653,0.1581,-0.0334,9.9463,0.0002,0.0002,9.8066,-0.0103,-0.0097,0.0152,-3.87,-36.69,-7.19,185.06,-83.75,157.81
52.40219,-1.55881,159.59,0,6,355.84,19 / 20,3773009,2019-09-06 20:22:58:752,0.1046,0.0858,9.7545,-0.0016,0.0021,9.8066,-0.0031,-0.0181,-0.0148,-4.12,-37.31,-7.31,184.96,-83.74,157.66
52.40219,-1.55881,159.59,0,6,355.84,19 / 20,3773110,2019-09-06 20:22:58:853,0.1663,0.1054,9.7637,0.0019,0.0025,9.8066,0.0068,-0.0287,0.005,-3.44,-37.31,-7.56,178.83,-83.72,157.73
52.40219,-1.55881,159.59,0,6,355.84,19 / 20,3773209,2019-09-06 20:22:58:952,0.1332,0.1175,9.9282,0.0001,0.0016,9.8066,0.0079,-0.0154,-0.0099,-3.5,-37.5,-7.62,178.8,-83.7,157.68
52.40219,-1.55881,159.59,0,6,355.84,19 / 20,3773309,2019-09-06 20:22:59:052,0.0254,0.0855,9.8089,0.0015,0.0002,9.8066,0.0019,-0.0108,0.0024,-3.12,-37.31,-7.5,180.65,-83.7,157.8
52.40219,-1.55881,159.59,0,6,355.84,20 / 21,3773410,2019-09-06 20:22:59:153,0.0095,0.1737,9.8881,0.0002,-0.0002,9.8066,-0.0002,0.0088,-0.0058,-3.44,-36.81,-7.94,178.82,-83.69,157.7
52.40219,-1.55881,159.59,0,6,355.84,20 / 21,3773510,2019-09-06 20:22:59:253,0.1738,-0.0279,9.8889,0.0008,-0.0014,9.8066,0.0004,0.0003,0.0144,-3.44,-37.62,-8,178.94,-83.69,157.87
52.40219,-1.55881,159.59,0,6,355.84,20 / 21,3773609,2019-09-06 20:22:59:352,0.0891,0.0982,9.7596,0.001,0.0011,9.8066,-0.0081,-0.0027,0.0069,-3.69,-37.56,-7.81,183.02,-83.67,157.85
52.40219,-1.55881,159.59,0,6,355.84,20 / 21,3773709,2019-09-06 20:22:59:452,-0.0612,0.1538,9.9025,0.0004,0.0017,9.8066,-0.0027,-0.0123,0.0036,-3.56,-37,-7.69,183.12,-83.67,157.96
52.40219,-1.55881,159.59,0,6,355.84,20 / 21,3773810,2019-09-06 20:22:59:553,0.1291,0.0475,9.8907,0.0015,0.0016,9.8066,0.0062,-0.0138,0.0005,-3.44,-37.44,-6.94,180.76,-83.65,157.97
52.40219,-1.55881,159.59,0,6,355.84,20 / 21,3773910,2019-09-06 20:22:59:653,0.0363,0.0602,9.776,-0.0006,-0.0014,9.8066,-0.0027,-0.0096,-0.0012,-3.5,-37.31,-7.44,180.85,-83.64,158.11
52.40219,-1.55881,159.59,0,6,355.84,20 / 21,3774010,2019-09-06 20:22:59:753,0.0162,0.1824,9.8952,0.0006,-0.0004,9.8066,0.013,0.0214,0.0136,-4,-37.44,-7.62,183.23,-83.64,158.12
52.40219,-1.55881,159.59,0,6,355.84,20 / 21,3774110,2019-09-06 20:22:59:853,0.163,0.0088,9.8771,-0.0003,-0.0006,9.8066,0.006,0.0033,0.0076,-3.62,-37.5,-7.5,185.36,-83.64,158.31
52.40219,-1.55881,159.59,0,6,355.84,20 / 21,3774209,2019-09-06 20:22:59:952,0.009,0.0493,9.7977,0.0011,0.003,9.8066,0.0037,-0.0007,0.0059,-3.19,-37.25,-7.69,179.23,-83.61,158.3
52.40219,-1.55881,159.59,0,6,355.84,20 / 21,3774310,2019-09-06 20:23:00:053,0.0053,0.146,9.9355,-0.0001,0,9.8066,0,-0.0183,0.0059,-3.87,-37.69,-7.37,185.33,-83.6,158.35
52.40219,-1.55881,159.59,0,6,355.84,19 / 20,3774409,2019-09-06 20:23:00:152,0.2089,0.018,9.8664,0.0012,0.0014,9.8066,0.0014,-0.0106,-0.0035,-3.81,-37.25,-7.56,183.35,-83.59,158.31
52.40219,-1.55881,159.59,0,6,355.84,19 / 20,3774510,2019-09-06 20:23:00:253,0.018,0.1024,9.7965,-0.0015,-0.0005,9.8066,0.0014,-0.0095,-0.0008,-3.44,-37,-7.62,179.35,-83.57,158.49
52.40219,-1.55881,159.59,0,6,355.84,19 / 20,3774609,2019-09-06 20:23:00:352,-0.0886,0.0362,9.9476,0.0005,-0.0023,9.8066,0.0046,0.0135,0.013,-3.87,-37.56,-8,183.46,-83.57,158.51
52.40219,-1.55881,159.59,0,6,355.84,19 / 20,3774711,2019-09-06 20:23:00:454,0.1275,0.0222,9.8438,-0.0005,-0.002,9.8066,0.0037,0.0051,0.008,-4,-37.19,-8.12,183.59,-83.57,158.66
52.40219,-1.55881,159.59,0,6,355.84,19 / 20,3774810,2019-09-06 20:23:00:553,0.0538,0.0369,9.8186,0.002,0.0029,9.8066,0.002,-0.0058,-0.0002,-3.81,-37.69,-8.19,183.56,-83.55,158.68
52.40219,-1.55881,159.59,0,6,355.84,19 / 20,3774909,2019-09-06 20:23:00:652,-0.0045,-0.0103,9.9545,0.0001,0.0009,9.8066,0.0064,-0.0179,0.0037,-4,-37.19,-7.5,185.61,-83.54,158.72
52.40219,-1.55881,159.59,0,6,355.84,19 / 20,3775010,2019-09-06 20:23:00:753,0.069,-0.0225,9.8738,0.0006,0.0017,9.8066,0.0101,-0.0119,-0.0032,-3.06,-37.56,-8.12,179.52,-83.54,158.73
52.40219,-1.55881,159.59,0,6,355.84,19 / 20,3775109,2019-09-06 20:23:00:852,0.0591,0.0516,9.8333,0.0005,0.0001,9.8065,0.002,-0.0057,-0.0036,-3.87,-37.62,-7.81,183.68,-83.53,158.86
52.40219,-1.55881,159.59,0,6,355.84,19 / 20,3775210,2019-09-06 20:23:00:953,-0.0207,0.0843,9.9542,0.001,0.0012,9.8066,0.0148,0.0179,0.0114,-2.94,-37.25,-8.12,179.61,-83.52,158.87
52.40219,-1.55881,159.59,0,6,355.84,19 / 20,3775309,2019-09-06 20:23:01:052,0.1882,0.0261,9.806,0.001,0.0008,9.8066,0.0042,-0.0007,0.0139,-3.81,-37.5,-7.31,185.8,-83.5,159.03
52.40219,-1.55881,159.59,0,6,355.84,19 / 20,3775410,2019-09-06 20:23:01:153,0.0407,0.0935,9.7714,0.0011,0.0002,9.8066,0.0063,-0.0128,0.0047,-3.87,-37.06,-8,183.76,-83.49,158.93
52.40219,-1.55881,159.59,0,6,355.84,19 / 20,3775510,2019-09-06 20:23:01:253,-0.0212,0.1177,9.9431,-0.0003,0.0001,9.8066,-0.0006,-0.0232,0.0029,-3.56,-37.06,-7.5,185.84,-83.48,159.1
52.40219,-1.55881,159.59,0,6,355.84,19 / 20,3775609,2019-09-06 20:23:01:352,0.1179,0.0039,9.8865,0.0005,0.0003,9.8066,0.0029,-0.0095,-0.0052,-3.81,-37.62,-7.81,183.81,-83.48,159.05
52.40219,-1.55881,159.59,0,6,355.84,19 / 20,3775710,2019-09-06 20:23:01:453,0.0472,0.0369,9.788,0.0008,0.0006,9.8066,-0.005,-0.0105,0.0003,-3.5,-37.69,-7.56,179.84,-83.47,159.2
52.40219,-1.55881,159.59,0,6,355.84,19 / 20,3775810,2019-09-06 20:23:01:553,-0.0495,0.0465,9.9508,0.0009,0.0017,9.8066,0.0101,0.0134,0.0096,-3.94,-37.5,-7.5,185.95,-83.47,159.27
52.40219,-1.55881,159.59,0,6,355.84,19 / 20,3775910,2019-09-06 20:23:01:653,0.0824,-0.0037,9.9023,-0.0002,0,9.8066,-0.0069,0.0145,0.0034,-3.87,-37.06,-7.5,186,-83.47,159.34
52.40219,-1.55881,159.59,0,6,355.84,19 / 20,3776009,2019-09-06 20:23:01:752,-0.0133,-0.0037,9.8021,0.0025,0.0028,9.8066,0.0012,0.0019,0.0126,-3.81,-37.37,-7.62,184.02,-83.45,159.32
52.40219,-1.55881,159.59,0,6,355.84,19 / 20,3776110,2019-09-06 20:23:01:853,-0.0033,0.1857,9.9231,0.0007,0.0017,9.8066,-0.0024,-0.0113,0.0017,-3.5,-37.12,-8.19,179.97,-83.44,159.4
52.40219,-1.55881,159.59,0,6,355.84,19 / 20,3776209,2019-09-06 20:23:01:952,0.1511,-0.0725,9.9175,0.0005,-0.0019,9.8066,0.0077,-0.0143,-0.0063,-3.87,-37.5,-7.94,184.03,-83.43,159.34
52.40219,-1.55881,159.59,0,6,355.84,19 / 20,3776310,2019-09-06 20:23:02:053,0.0158,-0.0176,9.7867,-0.0001,0.0009,9.8066,0.0049,-0.0171,-0.0021,-3.44,-37.5,-7.19,181.69,-83.42,159.42
52.40219,-1.55881,159.59,0,6,355.84,21 / 22,3776410,2019-09-06 20:23:02:153,0.0119,0.0463,9.913,0.0009,-0.0004,9.8066,0.0075,-0.0129,-0.0032,-3.56,-37.06,-7.31,186.02,-83.42,159.39
52.40219,-1.55881,159.59,0,6,355.84,21 / 22,3776510,2019-09-06 20:23:02:253,0.0348,0.1287,9.8209,-0.0002,0.001,9.8066,-0.0011,-0.01,-0.0004,-3.56,-37.56,-7.5,186.06,-83.42,159.55
52.40219,-1.55881,159.59,0,6,355.84,21 / 22,3776609,2019-09-06 20:23:02:352,0.1216,0.2319,9.8708,0.0016,0.0033,9.8065,0.0001,-0.0164,0.0002,-3.25,-37.5,-7.87,180.07,-83.4,159.55
52.40219,-1.55881,159.59,0,6,355.84,21 / 22,3776709,2019-09-06 20:23:02:452,0.0475,-0.0704,9.8205,0.0018,0.0035,9.8066,0.0188,0.0188,0.0099,-3.44,-37.06,-7.44,181.85,-83.39,159.67
52.40219,-1.55881,159.59,0,6,355.84,21 / 22,3776810,2019-09-06 20:23:02:553,0.0061,0.33,9.8169,-0.0014,-0.0014,9.8066,0.0118,0.0004,0.0178,-3.62,-37.81,-7.81,184.13,-83.4,159.56
52.40219,-1.55881,159.59,0,6,355.84,21 / 22,3776910,2019-09-06 20:23:02:653,0.4052,0.589,9.8613,0.0021,-0.0008,9.8066,-0.0223,-0.0086,0.0037,-3.56,-37.56,-7.06,186.26,-83.39,159.86
52.40219,-1.55881,159.59,0,6,355.84,21 / 22,3777009,2019-09-06 20:23:02:752,-0.0694,-0.1316,10.0351,0.0019,0.0006,9.8066,-0.0241,-0.0011,0.0051,-3.56,-37.5,-7.25,186.22,-83.36,159.73
52.40219,-1.55881,159.59,0,6,355.84,21 / 22,3777109,2019-09-06 20:23:02:852,0.12,0.3081,9.9515,-0.0027,-0.0041,9.8066,0.0115,-0.0145,0.0177,-3.12,-37.31,-7.25,181.92,-83.36,159.79
52.40219,-1.55881,159.59,0,6,355.84,21 / 22,3777209,2019-09-06 20:23:02:952,0.1151,0.4395,9.8247,0.004,0.0046,9.8066,-0.0005,0.0005,-0.0127,-3.31,-37.19,-7.81,180.42,-83.35,160.08
52.40219,-1.55881,159.59,0,6,355.84,21 / 22,3777309,2019-09-06 20:23:03:052,0.1883,0.5262,9.8334,0.0013,0.0037,9.8066,0.0012,-0.0026,-0.0077,-3.19,-37.5,-7.5,182.13,-83.33,160.11
52.40219,-1.55881,159.59,0,6,355.84,20 / 22,3777409,2019-09-06 20:23:03:152,0.1189,0.2182,9.8507,-0.0012,0.0007,9.8066,0.0084,0.0014,0.0169,-3.06,-37.31,-8,180.36,-83.31,159.98
52.40219,-1.55881,159.59,0,6,355.84,20 / 22,3777510,2019-09-06 20:23:03:253,0.0835,0.4576,9.8654,0.0024,0.0043,9.8066,0.0086,-0.006,-0.0049,-2.62,-37.56,-7.56,180.43,-83.28,160.1
52.40219,-1.55881,159.59,0,6,355.84,20 / 22,3777610,2019-09-06 20:23:03:353,0.2203,0.5241,9.9249,0.0003,-0.0005,9.8065,0.0097,-0.0115,0.0018,-3.06,-36.87,-8.5,180.49,-83.26,160.18
52.40219,-1.55881,159.59,0,6,355.84,20 / 22,3777710,2019-09-06 20:23:03:453,0.1015,0.1911,9.9104,0.0015,0.0013,9.8066,0.0071,0.0022,0.0019,-3.25,-37.56,-7.5,182.23,-83.25,160.33
52.40219,-1.55881,159.59,0,6,355.84,20 / 22,3777809,2019-09-06 20:23:03:552,0.2663,0.6531,9.8106,0.0003,0.0007,9.8065,0.0145,0.0008,0.0056,-3.31,-36.87,-7.69,180.64,-83.24,160.4
52.40219,-1.55881,159.59,0,6,355.84,20 / 22,3777910,2019-09-06 20:23:03:653,0.1074,0.3713,9.9058,0.0004,0.0021,9.8066,0.0086,-0.0106,-0.0034,-3.37,-37.44,-7.75,180.71,-83.22,160.51
52.40219,-1.55881,159.59,0,6,355.84,20 / 22,3778010,2019-09-06 20:23:03:753,0.1807,0.266,9.8443,0.0003,0.0033,9.8066,-0.0027,0.0025,-0.0012,-3.12,-36.87,-8,180.76,-83.19,160.59
52.40219,-1.55881,159.59,0,6,355.84,20 / 22,3778110,2019-09-06 20:23:03:853,0.1053,0.5223,9.7993,0.0004,0.0044,9.8066,0.01,-0.0098,0.0048,-3.37,-36.37,-7.69,180.74,-83.17,160.54
52.40219,-1.55881,159.59,0,6,355.84,20 / 22,3778210,2019-09-06 20:23:03:953,0.2652,0.663,9.7992,-0.0002,0.0002,9.8066,0.0167,0.0013,0.0014,-3.37,-36.94,-7.75,180.77,-83.15,160.61
52.40219,-1.55881,159.59,0,6,355.84,20 / 22,3778310,2019-09-06 20:23:04:053,0.0775,0.5042,9.9005,0.0018,0.0006,9.8066,-0.0061,-0.0056,-0.0018,-2.87,-37.06,-7.81,180.83,-83.13,160.7
52.40219,-1.55881,159.59,0,6,355.84,20 / 22,3778409,2019-09-06 20:23:04:152,0.1387,0.4093,9.755,0.0014,0.009,9.8065,-0.0058,-0.0064,-0.0026,-3.37,-36.94,-7.75,180.8,-83.08,160.65
52.40219,-1.55881,159.59,0,6,355.84,20 / 22,3778511,2019-09-06 20:23:04:254,0.12,0.6553,9.7566,0.0038,0.0077,9.8066,-0.0057,-0.0132,0.0008,-3,-37.37,-7.75,180.85,-83.06,160.73
52.40219,-1.55881,159.59,0,6,355.84,20 / 22,3778610,2019-09-06 20:23:04:353,0.2533,0.7599,9.7372,-0.001,0.0021,9.8066,-0.0337,0.0084,-0.0029,-2.94,-36.81,-8.75,179.36,-83.05,160.63
52.40219,-1.55881,159.59,0,6,355.84,20 / 22,3778709,2019-09-06 20:23:04:452,0.151,0.4396,9.797,0.0028,0.0066,9.8066,0.0393,-0.005,0.0108,-3.06,-37.37,-7.69,180.77,-83.03,160.61
52.40219,-1.55881,159.59,0,6,355.84,20 / 22,3778810,2019-09-06 20:23:04:553,0.1496,0.5294,9.7781,0.0006,-0.0051,9.8066,0.0104,-0.002,-0.0023,-3.44,-37.25,-7.87,180.84,-83.02,160.72
52.40219,-1.55881,159.59,0,6,355.84,20 / 22,3778910,2019-09-06 20:23:04:653,0.1736,0.6456,9.7583,-0.0005,-0.0039,9.8066,0.0015,-0.0146,-0.0045,-3.06,-37,-8.25,180.93,-83.03,160.85
52.40219,-1.55881,159.59,0,6,355.84,20 / 22,3779010,2019-09-06 20:23:04:753,0.2164,0.452,9.7924,0.0034,0.0039,9.8066,0.0042,-0.0039,0.0037,-3.5,-37.12,-7.81,181.13,-82.98,161.16
52.40219,-1.55881,159.59,0,6,355.84,20 / 22,3779110,2019-09-06 20:23:04:853,0.2372,0.6596,9.7992,0.0018,0.0017,9.8065,-0.0026,-0.0021,-0.0014,-2.87,-37.44,-7.37,182.85,-82.96,161.32
52.40219,-1.55881,159.59,0,6,355.84,20 / 22,3779210,2019-09-06 20:23:04:953,0.1657,0.5501,9.7705,-0.0005,-0.0008,9.8066,-0.0132,-0.0127,0.0044,-2.87,-37.56,-8.06,181.23,-82.95,161.33
52.40219,-1.55881,159.59,0,6,355.84,20 / 22,3779309,2019-09-06 20:23:05:052,0.2517,0.6187,9.808,0.0018,0.0047,9.8066,0.0207,0.005,-0.0001,-2.25,-36.94,-7.56,177.03,-82.93,161.38
52.40219,-1.55881,159.59,0,6,355.84,20 / 21,3779409,2019-09-06 20:23:05:152,0.2519,1.1314,9.9185,-0.0024,-0.0073,9.8065,0.0101,-0.0032,0.0061,-3.06,-36.75,-7.81,181.26,-82.92,161.36
52.40219,-1.55881,159.59,0,6,355.84,20 / 21,3779510,2019-09-06 20:23:05:253,0.5064,1.3688,9.876,0.0026,0.0002,9.8066,0.0021,0.0061,-0.0063,-3.31,-36.5,-7.37,182.94,-82.93,161.43
52.40219,-1.55881,159.59,0,6,355.84,20 / 21,3779609,2019-09-06 20:23:05:352,0.2649,0.5522,9.7952,0.001,0.0049,9.8065,-0.0055,-0.0172,0.0075,-3,-37.19,-7.06,183.05,-82.86,161.67
52.40219,-1.55881,159.59,0,6,355.84,20 / 21,3779710,2019-09-06 20:23:05:453,0.5701,2.0794,9.8908,0.0078,0.0171,9.8066,-0.0138,0.0038,0.0073,-3.12,-36.81,-7.37,183.3,-82.77,162.1
52.40219,-1.55881,159.59,0,6,355.84,20 / 21,3779809,2019-09-06 20:23:05:552,0.6565,0.952,9.758,0.0055,0.0104,9.8066,-0.0193,-0.0086,0.0173,-3,-36.69,-7.12,183.47,-82.69,162.38
52.40219,-1.55881,159.59,0,6,355.84,20 / 21,3779909,2019-09-06 20:23:05:652,0.6679,1.088,9.7324,0.0036,0.0051,9.8066,0.0181,-0.0028,-0.0108,-3.56,-37.06,-6.81,187.85,-82.66,162.64
52.40219,-1.55881,159.59,0,6,355.84,20 / 21,3780010,2019-09-06 20:23:05:753,0.4772,1.1163,9.9799,0.005,0.0098,9.8066,0.0309,0.0043,-0.0049,-3.56,-37.81,-7.19,187.78,-82.64,162.66
52.40219,-1.55881,159.59,0,6,355.84,20 / 21,3780110,2019-09-06 20:23:05:853,0.7544,1.942,9.7659,-0.0004,0.0025,9.8066,-0.0225,-0.0012,0.0058,-3.5,-37.06,-7.31,183.77,-82.55,162.92
52.40219,-1.55881,159.59,0,6,355.84,20 / 21,3780210,2019-09-06 20:23:05:953,0.5602,1.7797,9.9408,-0.0049,-0.0074,9.8066,0.0212,0.0049,0.0198,-3,-37.12,-7.44,183.51,-82.59,162.48
52.40219,-1.55881,159.59,0,6,355.84,20 / 21,3780310,2019-09-06 20:23:06:053,0.7237,2.2616,9.8497,0.001,-0.0059,9.8065,-0.0481,0.0092,-0.0033,-3.06,-37.12,-7.44,183.63,-82.56,162.68
52.40219,-1.55881,159.59,0,6,355.84,19 / 21,3780410,2019-09-06 20:23:06:153,1.2341,1.7694,9.7915,-0.0043,-0.0095,9.8066,0.0185,-0.0376,0.0125,-3.19,-37.12,-7.44,183.74,-82.45,162.89
52.40219,-1.55881,159.59,0,6,355.84,19 / 21,3780509,2019-09-06 20:23:06:252,0.0401,1.907,9.8199,0.002,0.0107,9.8066,0.017,-0.0377,0.0145,-3.25,-36.87,-7.19,183.74,-82.46,162.9
52.40219,-1.55881,159.59,0,6,355.84,19 / 21,3780610,2019-09-06 20:23:06:353,0.8278,0.6911,10.3214,0.0088,0.0231,9.8066,0.003,-0.0018,0.005,-2.62,-36.62,-7.37,183.87,-82.35,163.14
52.40219,-1.55881,159.59,0,6,355.84,19 / 21,3780709,2019-09-06 20:23:06:452,0.5368,2.5984,9.9181,0.0046,0.0171,9.8066,0.0021,-0.0464,0.0267,-3.19,-36.75,-7.25,183.85,-82.27,163.13
52.40219,-1.55881,159.59,0,6,355.84,19 / 21,3780809,2019-09-06 20:23:06:552,1.0931,2.0001,9.8651,-0.0005,-0.006,9.8066,0.0049,-0.021,0.0193,-2.5,-37.75,-7.81,178.39,-82.23,163.37
52.40219,-1.55881,159.59,0,6,355.84,19 / 21,3780909,2019-09-06 20:23:06:652,0.103,1.7683,9.6247,0.0014,-0.0052,9.8066,0.0333,-0.0001,0.0017,-2.56,-36.94,-7.94,182.51,-82.27,163.39
52.40219,-1.55881,159.59,0,6,355.84,19 / 21,3781010,2019-09-06 20:23:06:753,0.4613,1.9679,9.774,0.0025,-0.0028,9.8065,-0.0079,0.0046,-0.0147,-2.75,-36.62,-7.75,182.5,-82.24,163.38
52.40219,-1.55881,159.59,0,6,355.84,19 / 21,3781110,2019-09-06 20:23:06:853,0.185,1.4192,9.9081,0,0.008,9.8065,0.0256,-0.0204,0.0294,-2.69,-36.31,-7.25,184.09,-82.21,163.48
52.40219,-1.55881,159.59,0,6,355.84,19 / 21,3781210,2019-09-06 20:23:06:953,0.6372,0.9048,10.0275,0.0049,0.0048,9.8065,-0.0103,-0.0184,-0.0163,-2.75,-36.31,-7.56,182.83,-82.15,163.88
52.40219,-1.55881,159.59,0,6,355.84,19 / 21,3781310,2019-09-06 20:23:07:053,0.3167,1.6007,10.2524,-0.0019,0.0061,9.8066,-0.0267,-0.0026,0.0009,-2.44,-36.69,-7.87,178.58,-82.14,163.69
52.40219,-1.55881,159.59,0,6,355.84,21 / 22,3781410,2019-09-06 20:23:07:153,0.461,1.7843,9.9563,-0.0031,-0.0154,9.8066,0.0492,-0.0183,0.0196,-1.75,-36.37,-7.37,179.76,-82.16,163.65
52.40219,-1.55881,159.59,0,6,355.84,21 / 22,3781510,2019-09-06 20:23:07:253,0.7256,1.1537,10.0006,-0.0016,-0.0135,9.8066,-0.0269,-0.0039,-0.0398,-2.25,-34.5,-6.94,179.87,-82.23,163.85
52.40219,-1.55881,159.59,0,6,355.84,21 / 22,3781609,2019-09-06 20:23:07:352,0.1873,1.248,9.8217,0.0027,0.013,9.8066,-0.0428,-0.0312,0.0091,-2.37,-35.81,-6.19,181.12,-82.14,163.55
52.40219,-1.55881,159.59,0,6,355.84,21 / 22,3781710,2019-09-06 20:23:07:453,-0.163,0.006,10.1268,0.0023,0.0181,9.8066,0.0675,-0.0501,0.0321,-2.75,-35.69,-6.94,184.15,-82.11,163.61
52.40219,-1.55881,159.59,0,6,355.84,21 / 22,3781809,2019-09-06 20:23:07:552,0.2453,1.2639,9.9516,-0.0005,-0.0139,9.8066,0.0037,0.0093,-0.0351,-2.94,-35.44,-6.37,186.06,-82.19,163.74
52.40219,-1.55881,159.59,0,6,355.84,21 / 22,3781909,2019-09-06 20:23:07:652,0.4114,1.025,9.7716,-0.0042,-0.0008,9.8066,0.0558,-0.025,0.0228,-3.37,-34.94,-6.19,185.95,-82.15,163.57
52.40219,-1.55881,159.59,0,6,355.84,21 / 22,3782010,2019-09-06 20:23:07:753,0.6321,1.7305,9.813,0.0039,0.0106,9.8066,0.0484,-0.0123,0.0074,-3.81,-35.69,-5.62,190.49,-82.1,163.89
52.40219,-1.55881,159.59,0,6,355.84,21 / 22,3782109,2019-09-06 20:23:07:852,0.8982,0.2712,9.8096,0.0017,0.0002,9.8066,-0.1204,0.009,-0.012,-4.19,-35.69,-6.87,188.53,-82.03,163.97
52.40219,-1.55881,159.59,0,6,355.84,21 / 22,3782210,2019-09-06 20:23:07:953,0.1232,1.0206,9.8492,-0.002,0.0047,9.8066,-0.0906,-0.037,0.0248,-4.25,-35.69,-7.12,188.33,-82.1,163.61
52.40219,-1.55881,159.59,0,6,355.84,21 / 22,3782310,2019-09-06 20:23:08:053,-0.031,0.2191,10.0879,0.0085,0.0107,9.8066,-0.0572,-0.0282,0.0031,-4.31,-35.75,-6.31,190.51,-82.12,163.9
52.40227,-1.558818,160.26,5.06,3,356.67,20 / 21,3782410,2019-09-06 20:23:08:153,0.9966,0.8844,9.8825,0.0134,0.0032,9.8065,-0.0093,-0.0447,-0.015,-4.44,-36.5,-6.37,190.63,-82.06,164.15
52.40227,-1.558818,160.26,5.06,3,356.67,20 / 21,3782509,2019-09-06 20:23:08:252,0.6784,0.5217,10.1642,0.0022,0.0061,9.8066,0.0283,-0.0243,0.0588,-3.56,-36.31,-7.25,188.98,-82.02,164.7
52.40227,-1.558818,160.26,5.06,3,356.67,20 / 21,3782610,2019-09-06 20:23:08:353,0.7852,-0.1054,10.0821,0.0039,-0.0067,9.8066,-0.1067,-0.0183,-0.0151,-3.81,-36.19,-6.87,189.24,-82.08,165.08
52.40227,-1.558818,160.26,5.06,3,356.67,20 / 21,3782710,2019-09-06 20:23:08:453,0.3334,-0.4336,9.6702,-0.0063,0.0004,9.8066,-0.0305,-0.0475,0.0025,-4.19,-36.62,-6.87,189.28,-82.13,165.26
52.40227,-1.558818,160.26,5.06,3,356.67,20 / 21,3782810,2019-09-06 20:23:08:553,0.1678,0.3977,9.9793,0.0034,0.008,9.8066,-0.0283,-0.0446,0.0304,-3.94,-37,-7.25,189.13,-82.12,165.03
52.40227,-1.558818,160.26,5.06,3,356.67,20 / 21,3782909,2019-09-06 20:23:08:652,0.1463,-0.924,9.7904,0.0043,-0.0034,9.8066,-0.029,-0.0567,0.0029,-4.06,-36.37,-7.19,189.36,-82.22,165.17
52.40227,-1.558818,160.26,5.06,3,356.67,20 / 21,3783009,2019-09-06 20:23:08:752,0.2434,0.2713,9.8019,-0.0096,-0.0119,9.8065,-0.0093,-0.0386,0.0506,-3.94,-37.06,-7.31,189.1,-82.27,164.89
52.40227,-1.558818,160.26,5.06,3,356.67,20 / 21,3783109,2019-09-06 20:23:08:852,0.557,0.1454,10.2639,0.0035,0.0033,9.8066,0.0454,-0.0457,-0.014,-3.87,-37.12,-7.31,189.26,-82.23,165.17
52.40227,-1.558818,160.26,5.06,3,356.67,20 / 21,3783209,2019-09-06 20:23:08:952,-0.0354,0.5308,10.0035,-0.0089,-0.009,9.8065,-0.0825,-0.0407,0.0312,-4,-36.62,-7.75,187.28,-82.24,164.7
52.40227,-1.558818,160.26,5.06,3,356.67,20 / 21,3783310,2019-09-06 20:23:09:053,0.144,-0.2992,9.8663,0.0074,0.0042,9.8066,-0.0378,-0.0267,-0.0037,-3.87,-36.5,-7.44,189.33,-82.19,165.15
52.40227,-1.558818,160.26,5.06,3,356.67,20 / 21,3783411,2019-09-06 20:23:09:154,0.0435,0.7636,9.8278,-0.0016,0.0024,9.8066,0.0322,-0.004,0.0123,-4.31,-37,-7,189.21,-82.13,165.16
52.40227,-1.558818,160.26,5.06,3,356.67,20 / 21,3783510,2019-09-06 20:23:09:253,0.4043,0.7741,9.9883,0.0068,0.0178,9.8066,-0.0077,-0.0368,-0.0227,-4.25,-37.31,-7,189.19,-81.93,165.25
52.40227,-1.558818,160.26,5.06,3,356.67,20 / 21,3783609,2019-09-06 20:23:09:352,0.4535,0.7348,9.8027,-0.001,0.0196,9.8066,0.0067,-0.0545,0.0227,-3.69,-36.87,-7.5,188.95,-81.83,164.94
52.40227,-1.558818,160.26,5.06,3,356.67,20 / 21,3783710,2019-09-06 20:23:09:453,0.8054,1.1519,9.7598,-0.0017,-0.0049,9.8066,-0.0101,-0.0138,-0.0079,-4.37,-36.81,-6.44,190.61,-81.81,164.56
52.40227,-1.558818,160.26,5.06,3,356.67,20 / 21,3783810,2019-09-06 20:23:09:553,0.2762,0.7347,9.8758,-0.0024,0.0092,9.8066,0.0654,-0.0247,-0.0173,-4.31,-36.75,-6.81,188.52,-81.73,164.3
52.40227,-1.558818,160.26,5.06,3,356.67,20 / 21,3783910,2019-09-06 20:23:09:653,0.4232,0.9297,10.1168,-0.0027,-0.0107,9.8066,0.0239,-0.071,0.0108,-4,-36.94,-7.44,188.44,-81.67,164.21
52.40227,-1.558818,160.26,5.06,3,356.67,20 / 21,3784010,2019-09-06 20:23:09:753,0.4887,0.97,9.8164,-0.0071,-0.0098,9.8066,-0.0584,-0.0315,-0.0174,-4.19,-36.06,-7,188.46,-81.73,164.05
52.40227,-1.558818,160.26,5.06,3,356.67,20 / 21,3784110,2019-09-06 20:23:09:853,0.9061,0.484,9.7664,0.0074,0.0175,9.8066,-0.0599,-0.0995,0.0013,-4.69,-37.37,-7.37,192.04,-81.62,163.9
52.40227,-1.558818,160.26,5.06,3,356.67,20 / 21,3784209,2019-09-06 20:23:09:952,-0.1135,1.5313,9.7264,0.0087,0.0087,9.8066,0.0518,-0.0133,0.0026,-4.37,-37,-6.87,188.27,-81.62,163.96
52.40227,-1.558818,160.26,5.06,3,356.67,20 / 21,3784310,2019-09-06 20:23:10:053,1.0052,0.9777,9.4073,-0.0018,-0.0026,9.8065,-0.0267,-0.0288,0.0682,-4.37,-37.37,-6.81,188.12,-81.5,163.8
52.40227,-1.558818,160.26,5.06,3,356.67,20 / 21,3784410,2019-09-06 20:23:10:153,0.3421,0.6248,9.75,0.0026,0.0114,9.8065,0.0516,-0.0537,-0.0063,-4.81,-37.87,-7.19,191.69,-81.43,163.69
52.40227,-1.558818,160.26,5.06,3,356.67,20 / 21,3784510,2019-09-06 20:23:10:253,1.4496,1.0662,9.7285,-0.0049,-0.0178,9.8066,-0.0144,0.0192,0.0036,-4.56,-37.12,-7.31,191.67,-81.45,163.45
52.40227,-1.558818,160.26,5.06,3,356.67,20 / 21,3784609,2019-09-06 20:23:10:352,1.1252,0.7173,9.7418,-0.002,-0.0269,9.8066,-0.1021,-0.0468,0.0317,-5.19,-37.44,-7.37,191.77,-81.68,163.41
52.40227,-1.558818,160.26,5.06,3,356.67,20 / 21,3784710,2019-09-06 20:23:10:453,0.3531,1.2206,9.7256,0.0193,0.0094,9.8065,-0.0771,0.0213,0.0147,-5.06,-37.94,-7.44,192.8,-81.77,165.19
52.40227,-1.558818,160.26,5.06,3,356.67,20 / 21,3784809,2019-09-06 20:23:10:552,0.4985,-0.0885,9.5085,0.0226,0.0124,9.8066,-0.0012,0.0022,0.0218,-4.56,-36.75,-7.31,193.55,-81.81,166.14
52.40227,-1.558818,160.26,5.06,3,356.67,20 / 21,3784910,2019-09-06 20:23:10:653,0.4865,0.5066,10.3087,0.0131,-0.0001,9.8065,-0.0326,-0.0043,0.0216,-5.31,-37.69,-7.19,194.22,-81.87,167.38
52.40227,-1.558818,160.26,5.06,3,356.67,20 / 21,3785010,2019-09-06 20:23:10:753,-0.9152,-0.4987,10.0103,0.0024,-0.0168,9.8066,0.0009,-0.0774,0.0617,-5.62,-37.44,-7.37,198.45,-81.93,167.96
52.40227,-1.558818,160.26,5.06,3,356.67,20 / 21,3785109,2019-09-06 20:23:10:852,0.8389,-0.3017,10.1256,0.0164,-0.0085,9.8065,-0.0889,-0.015,0.0069,-5.25,-37.44,-7.5,195.88,-81.91,169.73
52.40227,-1.558818,160.26,5.06,3,356.67,20 / 21,3785210,2019-09-06 20:23:10:953,-0.3036,-0.8297,9.6684,0.0262,0.0244,9.8066,0.1589,-0.0599,0.0452,-6.06,-37.69,-7.25,200.4,-81.81,171.42
52.40227,-1.558818,160.26,5.06,3,356.67,20 / 21,3785310,2019-09-06 20:23:11:053,-0.0156,-0.0034,9.2255,0.0032,-0.005,9.8066,0.0193,-0.0311,-0.0295,-5.75,-37.25,-6.94,201.12,-81.67,172.43
52.40227,-1.558818,160.26,5.06,3,356.67,20 / 21,3785409,2019-09-06 20:23:11:152,0.0725,-0.4774,9.6301,-0.0136,-0.0129,9.8066,0.0121,-0.0454,0.0057,-6.5,-37.62,-6.81,200.7,-81.6,172.2
52.40227,-1.558818,160.26,5.06,3,356.67,20 / 21,3785510,2019-09-06 20:23:11:253,-0.0085,-0.3468,10.0564,-0.0177,-0.0094,9.8066,-0.041,-0.0456,-0.0306,-5.56,-37.94,-7.12,199.97,-81.74,170.87
52.40227,-1.558818,160.26,5.06,3,356.67,20 / 21,3785609,2019-09-06 20:23:11:352,0.4647,-0.2921,10.2777,-0.0226,-0.0297,9.8065,-0.0667,-0.0525,-0.0134,-5.5,-37.5,-7.69,194.21,-82.06,169.73
52.40227,-1.558818,160.26,5.06,3,356.67,20 / 21,3785709,2019-09-06 20:23:11:452,-0.3193,-0.9149,9.8425,-0.0029,0.0181,9.8066,-0.023,-0.0143,-0.0101,-5.94,-37.75,-7.44,198.81,-82.28,168.34
52.40227,-1.558818,160.26,5.06,3,356.67,20 / 21,3785810,2019-09-06 20:23:11:553,-0.1706,-0.5071,10.1486,0.001,0.0133,9.8066,-0.0358,-0.0363,-0.024,-5.25,-37.62,-7.62,192.59,-82.17,167.34
52.40227,-1.558818,160.26,5.06,3,356.67,20 / 21,3785909,2019-09-06 20:23:11:652,-0.2241,-0.6754,9.6964,0.0071,0.0185,9.8066,-0.0184,-0.0227,-0.001,-5.75,-37.94,-6.94,197.71,-81.97,167.03
52.40227,-1.558818,160.26,5.06,3,356.67,20 / 21,3786010,2019-09-06 20:23:11:753,-0.4525,-0.3379,9.7548,0.0049,0.0221,9.8065,-0.0343,-0.0183,0.0249,-5.69,-37.56,-7.25,197.47,-81.83,166.84
52.40227,-1.558818,160.26,5.06,3,356.67,20 / 21,3786110,2019-09-06 20:23:11:853,-0.4149,-0.5353,9.5841,-0.0082,-0.0076,9.8066,0.0511,-0.0311,0.0178,-5.44,-37.81,-7.31,193.7,-81.8,166.61
52.40227,-1.558818,160.26,5.06,3,356.67,20 / 21,3786210,2019-09-06 20:23:11:953,-0.0209,-0.2326,10.1136,-0.0049,-0.0072,9.8066,0.021,0.0084,-0.0254,-6,-37.75,-7.37,197.3,-81.73,166.7
52.40227,-1.558818,160.26,5.06,3,356.67,20 / 21,3786309,2019-09-06 20:23:12:052,-0.1674,-0.0905,9.9884,-0.0039,0.0079,9.8066,-0.0068,0.0006,0.0101,-5.31,-38.06,-7.81,191.71,-81.68,166.39
52.40227,-1.558818,160.26,5.06,3,356.67,20 / 21,3786409,2019-09-06 20:23:12:152,0.1504,0.1603,9.7873,0.0046,0.0028,9.8066,0.0342,0.0111,0.0131,-5.94,-37.62,-7.69,195.03,-81.62,166.26
52.40227,-1.558818,160.26,5.06,3,356.67,20 / 21,3786510,2019-09-06 20:23:12:253,0.1289,0.54,9.8198,0.0062,0.0142,9.8066,-0.0213,-0.0517,0.0046,-5.19,-37.69,-7.12,193.61,-81.43,166.84
52.40227,-1.558818,160.26,5.06,3,356.67,20 / 21,3786609,2019-09-06 20:23:12:352,0.1459,0.3178,9.818,0.0067,0.0154,9.8066,0.06,-0.0496,-0.001,-5.81,-37.94,-7.5,197.18,-81.33,166.99
52.40227,-1.558818,160.26,5.06,3,356.67,20 / 21,3786709,2019-09-06 20:23:12:452,-0.0543,-0.36,9.9003,-0.0081,-0.0131,9.8066,0.0126,-0.0116,-0.013,-5.62,-37.75,-7.19,197.13,-81.4,166.83
52.40227,-1.558818,160.26,5.06,3,356.67,20 / 21,3786810,2019-09-06 20:23:12:553,-0.0106,0.3077,10.2947,-0.0089,-0.0093,9.8065,-0.059,0.0097,-0.0061,-6,-37.62,-7,196.95,-81.41,166.51
52.40227,-1.558818,160.26,5.06,3,356.67,20 / 21,3786910,2019-09-06 20:23:12:653,0.1404,1.2126,9.7013,0.0128,0.0174,9.8066,-0.0316,0.0264,0.012,-5.37,-38,-7.12,193.14,-81.39,166.11
52.40227,-1.558818,160.26,5.06,3,356.67,20 / 21,3787010,2019-09-06 20:23:12:753,0.1223,-0.9319,9.6041,0.0111,0.0195,9.8065,0.0689,0.0061,-0.0301,-5.69,-37.75,-7.25,196.84,-81.23,166.56
52.40227,-1.558818,160.26,5.06,3,356.67,20 / 21,3787110,2019-09-06 20:23:12:853,0.4184,0.4618,9.9398,-0.0185,-0.0143,9.8066,0.0897,0.0083,0.006,-5.19,-37.87,-6.94,192.81,-81.21,165.74
52.40227,-1.558818,160.26,5.06,3,356.67,20 / 21,3787210,2019-09-06 20:23:12:953,-0.0505,-0.2155,9.8586,-0.0112,-0.031,9.8065,-0.0562,0.0025,-0.0287,-5,-37.44,-6.94,192.89,-81.19,165.67
52.40227,-1.558818,160.26,5.06,3,356.67,20 / 21,3787309,2019-09-06 20:23:13:052,0.5912,0.5532,10.1839,0.0037,0.0252,9.8065,-0.0007,-0.0167,0.0074,-5.25,-38.62,-6.81,192.5,-80.99,165.66
52.40227,-1.558818,160.26,5.06,3,356.67,20 / 21,3787410,2019-09-06 20:23:13:153,0.3155,1.1262,9.8762,0.0029,0.005,9.8066,-0.0109,0.001,-0.033,-5.37,-37.44,-7.44,192.65,-81,165.45
52.40227,-1.558818,160.26,5.06,3,356.67,20 / 21,3787509,2019-09-06 20:23:13:252,0.2689,0.3769,9.808,-0.0039,0.0013,9.8066,-0.0035,-0.0001,-0.0087,-5.44,-37.94,-7.19,192.59,-80.97,165.61
52.40227,-1.558818,160.26,5.06,3,356.67,20 / 21,3787610,2019-09-06 20:23:13:353,-0.4487,0.4127,9.4023,-0.0037,-0.0026,9.8066,0.0516,0.0041,0.0376,-5.19,-38.44,-7.44,192.15,-80.93,164.91
52.40227,-1.558818,160.26,5.06,3,356.67,20 / 21,3787710,2019-09-06 20:23:13:453,-0.1479,0.3605,9.8121,-0.0013,-0.0237,9.8065,0.0841,-0.0005,0.0166,-5.75,-37.75,-7.37,195.92,-81,165.33
52.40227,-1.558818,160.26,5.06,3,356.67,20 / 21,3787810,2019-09-06 20:23:13:553,-0.2492,0.3352,10.0789,-0.0005,-0.014,9.8066,-0.0604,0.0255,0.0081,-5.12,-38,-6.87,192.8,-80.95,165.97
52.40227,-1.558818,160.26,5.06,3,356.67,20 / 21,3787910,2019-09-06 20:23:13:653,0.1564,0.0763,9.5714,0.0173,0.0145,9.8065,-0.0539,-0.0178,0.0454,-4.87,-37.62,-7.31,193.13,-80.79,166.67
52.40227,-1.558818,160.26,5.06,3,356.67,20 / 21,3788010,2019-09-06 20:23:13:753,0.2169,0.6954,9.4432,0.0011,-0.0076,9.8066,0.0454,0.0005,-0.015,-5.69,-37.94,-7.06,196.94,-80.74,167.29
52.40227,-1.558818,160.26,5.06,3,356.67,20 / 21,3788110,2019-09-06 20:23:13:853,0.825,0.8396,9.8009,-0.0045,-0.0111,9.8066,0.0065,-0.03,0.0144,-5.37,-38.25,-7.06,193.59,-80.73,167.52
52.40227,-1.558818,160.26,5.06,3,356.67,20 / 21,3788210,2019-09-06 20:23:13:953,0.2909,0.8867,10.1795,-0.0089,-0.0218,9.8066,0.0029,0.0028,-0.0108,-5.75,-37.75,-7.31,197.14,-80.96,167.36
52.40227,-1.558818,160.26,5.06,3,356.67,20 / 21,3788310,2019-09-06 20:23:14:053,0.1974,0.7716,9.9185,-0.0068,0.0006,9.8065,-0.0205,-0.0075,-0.0162,-5.5,-37.69,-7.37,193.22,-81.01,166.61
52.40227,-1.558818,160.26,5.06,3,356.67,20 / 21,3788410,2019-09-06 20:23:14:153,-0.0211,0.2579,9.4717,-0.0088,-0.0133,9.8065,0.0346,-0.0146,-0.0087,-5.12,-37.44,-7.81,191.48,-81.09,166.28
52.40227,-1.558818,160.26,5.06,3,356.67,20 / 21,3788509,2019-09-06 20:23:14:252,-0.1252,0.5583,10.1033,-0.0019,0.0224,9.8066,-0.0257,0.0157,-0.0278,-4.94,-37.69,-7.12,192.89,-81.06,166.02
52.40227,-1.558818,160.26,5.06,3,356.67,20 / 21,3788610,2019-09-06 20:23:14:353,-0.027,0.3793,10.2634,0.0042,0.0159,9.8066,0.0326,-0.0287,-0.0135,-5.06,-37.56,-7.19,192.4,-80.89,165.36
52.40227,-1.558818,160.26,5.06,3,356.67,20 / 21,3788709,2019-09-06 20:23:14:452,0.3681,0.4939,10.1418,0.01,0.0251,9.8065,0.0017,0.0111,-0.0347,-5.25,-38.19,-7.19,192.38,-80.68,165.51
52.40227,-1.558818,160.26,5.06,3,356.67,20 / 21,3788810,2019-09-06 20:23:14:553,0.1726,0.7473,9.5555,0.0093,0.0275,9.8066,0.0097,0.0167,0.0394,-4.37,-37.75,-7,188.61,-80.54,165.41
52.40227,-1.558818,160.26,5.06,3,356.67,20 / 21,3788909,2019-09-06 20:23:14:652,-0.2505,0.2812,9.8887,0.0028,0.0047,9.8066,-0.0589,-0.0116,-0.0372,-5.19,-37.5,-6.87,192.59,-80.49,165.8
52.40227,-1.558818,160.26,5.06,3,356.67,20 / 21,3789010,2019-09-06 20:23:14:753,0.5038,0.5151,10.2949,-0.0029,-0.0041,9.8066,0.0085,0.0445,0.0115,-4.75,-37.25,-7.12,192.52,-80.57,165.6
52.40227,-1.558818,160.26,5.06,3,356.67,20 / 21,3789109,2019-09-06 20:23:14:852,0.2253,0.0265,9.8593,0.006,0.0165,9.8065,-0.0057,0.019,0.0242,-5.56,-37.87,-7.25,195.74,-80.66,165.4
52.40227,-1.558818,160.26,5.06,3,356.67,20 / 21,3789209,2019-09-06 20:23:14:952,1.3139,0.0007,9.3993,-0.0024,0.015,9.8066,-0.0194,0.055,-0.0878,-4.69,-37.06,-6.94,192.12,-80.55,164.95
52.40227,-1.558818,160.26,5.06,3,356.67,20 / 21,3789310,2019-09-06 20:23:15:053,-0.2164,-0.2314,9.6686,-0.0138,-0.0031,9.8066,-0.0107,-0.0103,-0.0312,-5.19,-37.75,-7,191.62,-80.6,164.29
52.40227,-1.558818,160.26,5.06,3,356.67,19 / 20,3789410,2019-09-06 20:23:15:153,0.2626,0.5494,10.2166,-0.0157,-0.0072,9.8066,-0.0127,0.0209,0.0118,-4.81,-36.5,-7.44,191.31,-80.67,163.28
52.40227,-1.558818,160.26,5.06,3,356.67,19 / 20,3789510,2019-09-06 20:23:15:253,-0.6632,0.2841,10.3147,-0.0021,0.0073,9.8066,0.0581,0.0543,-0.0287,-5.12,-37.69,-7.44,190.69,-80.71,162.63
52.40227,-1.558818,160.26,5.06,3,356.67,19 / 20,3789610,2019-09-06 20:23:15:353,-0.7245,0.0981,10.1666,-0.0043,0.0017,9.8066,0.0057,0.0199,-0.0508,-4.81,-37.62,-7.62,188.63,-80.55,162.2
52.40227,-1.558818,160.26,5.06,3,356.67,19 / 20,3789710,2019-09-06 20:23:15:453,-0.3883,-0.2262,10.4273,-0.0025,0.0066,9.8065,0.1159,-0.0305,0.0672,-5.12,-37.37,-7.06,190.85,-80.35,162.96
52.40227,-1.558818,160.26,5.06,3,356.67,19 / 20,3789810,2019-09-06 20:23:15:553,-0.6876,0.8429,9.8881,0.0053,-0.0157,9.8066,0.104,0.0073,-0.0214,-4.44,-37.75,-7.44,187.53,-80.28,163.67
52.40227,-1.558818,160.26,5.06,3,356.67,19 / 20,3789910,2019-09-06 20:23:15:653,0.6251,-0.0038,9.462,-0.0079,-0.0112,9.8066,-0.0379,-0.036,0.0822,-4.87,-37.5,-7.31,191.65,-80.34,164.33
52.40227,-1.558818,160.26,5.06,3,356.67,19 / 20,3790009,2019-09-06 20:23:15:752,0.6688,-0.2554,9.9406,-0.0163,-0.0156,9.8066,-0.0434,0.0992,-0.0539,-5,-36.69,-7.81,189.7,-80.65,163.73
52.40227,-1.558818,160.26,5.06,3,356.67,19 / 20,3790110,2019-09-06 20:23:15:853,0.1775,0.6402,10.4131,-0.004,0.0047,9.8066,-0.0192,-0.0021,0.0331,-5.31,-36.81,-7.56,189.41,-80.86,163.14
52.40227,-1.558818,160.26,5.06,3,356.67,19 / 20,3790210,2019-09-06 20:23:15:953,0.3607,-0.4599,9.7392,0.0138,0.0264,9.8065,-0.025,0.0352,-0.0337,-5.06,-36.25,-8.37,189.49,-80.85,163.11
52.40227,-1.558818,160.26,5.06,3,356.67,19 / 20,3790310,2019-09-06 20:23:16:053,-1.258,-0.2749,9.6545,0.0099,0.0278,9.8066,-0.0576,0.0587,-0.0446,-5.06,-37.37,-7.25,190.95,-80.56,162.97
52.40227,-1.558818,160.26,5.06,3,356.67,19 / 21,3790410,2019-09-06 20:23:16:153,-0.9072,-0.2841,9.8263,0.0015,0.0195,9.8066,0.0264,0.0781,0.0258,-4.5,-36.81,-7.19,187.12,-80.4,162.71
52.40227,-1.558818,160.26,5.06,3,356.67,19 / 21,3790509,2019-09-06 20:23:16:252,-1.468,-1.2256,10.188,-0.0068,-0.0384,9.8065,0.0737,0.0091,-0.0213,-5,-36.87,-7.56,189.11,-80.67,162.77
52.40227,-1.558818,160.26,5.06,3,356.67,19 / 21,3790610,2019-09-06 20:23:16:353,-0.1129,0.5572,9.8961,-0.0168,-0.0339,9.8065,-0.0278,0.0737,0.0061,-4.69,-36.44,-7.81,189.31,-80.77,162.87
52.40227,-1.558818,160.26,5.06,3,356.67,19 / 21,3790709,2019-09-06 20:23:16:452,-0.2288,0.3644,9.8543,0.0153,0.024,9.8066,0.0083,0.0724,0.0546,-4.75,-36.56,-7.69,189.2,-80.67,162.91
52.40227,-1.558818,160.26,5.06,3,356.67,19 / 21,3790810,2019-09-06 20:23:16:553,-0.7312,0.1978,9.8142,0.0327,0.016,9.8065,0.0058,0.0464,-0.0036,-4.94,-36,-7.5,191.75,-80.63,164.04
52.40227,-1.558818,160.26,5.06,3,356.67,19 / 21,3790910,2019-09-06 20:23:16:653,-0.7111,-0.7437,10.0529,-0.0011,0.0067,9.8066,0.0052,0.0724,0.0346,-4.94,-36.75,-7.5,192.19,-80.54,165.08
52.40227,-1.558818,160.26,5.06,3,356.67,19 / 21,3791010,2019-09-06 20:23:16:753,-1.0693,-1.0652,9.6253,0.007,0.0144,9.8066,0.0572,0.053,0.004,-4.94,-36.31,-7.5,192.25,-80.42,165.05
52.40227,-1.558818,160.26,5.06,3,356.67,19 / 21,3791109,2019-09-06 20:23:16:852,-0.592,-1.8457,10.0075,-0.0021,-0.0192,9.8066,0.0419,0.0396,-0.0196,-4.25,-36.94,-7.37,188.97,-80.56,165.85
52.40227,-1.558818,160.26,5.06,3,356.67,19 / 21,3791210,2019-09-06 20:23:16:953,-0.002,-0.9512,9.6282,-0.0004,-0.0005,9.8066,-0.0568,0.0508,-0.0047,-4.25,-36.81,-7.44,188.97,-80.63,165.81
52.40227,-1.558818,160.26,5.06,3,356.67,19 / 21,3791310,2019-09-06 20:23:17:053,-0.5852,-0.5316,9.739,-0.0051,0.0073,9.8066,-0.0171,0.0295,0.001,-4.12,-36.37,-7.25,188.82,-80.74,165.28
52.40288,-1.558786,162,9.27,3,359.23,20 / 21,3791409,2019-09-06 20:23:17:152,-0.5163,-1.1625,10.0221,-0.0009,-0.0044,9.8066,0.0178,0.0481,-0.0472,-3.69,-36.5,-7.62,186.99,-80.74,164.86
52.40288,-1.558786,162,9.27,3,359.23,20 / 21,3791510,2019-09-06 20:23:17:253,-1.7099,-0.2954,9.1791,-0.0099,-0.0262,9.8066,-0.0186,0.0333,-0.0605,-4.44,-36.94,-7.19,188.44,-80.67,164.86
52.40288,-1.558786,162,9.27,3,359.23,20 / 21,3791610,2019-09-06 20:23:17:353,0.3603,-0.8973,9.536,-0.0076,-0.0204,9.8066,0.0496,-0.0281,0.0989,-4.44,-36.69,-7.75,186.93,-80.73,164.89
52.40288,-1.558786,162,9.27,3,359.23,20 / 21,3791709,2019-09-06 20:23:17:452,-0.4786,-0.9804,9.6889,0.0144,-0.0008,9.8065,0.0524,0.0194,-0.012,-4,-37.12,-8.19,187.53,-80.59,165.95
52.40288,-1.558786,162,9.27,3,359.23,20 / 21,3791810,2019-09-06 20:23:17:553,0.6117,-0.6088,9.6634,0.0028,-0.0118,9.8066,0.0493,-0.0756,0.055,-3.87,-36.69,-7.5,189.41,-80.48,166.67
52.40288,-1.558786,162,9.27,3,359.23,20 / 21,3791909,2019-09-06 20:23:17:652,-0.3954,-0.6589,10.0417,0.0031,-0.0137,9.8066,0.0179,-0.0208,0.0055,-3.81,-37.19,-7.44,190.02,-80.59,167.65
52.40288,-1.558786,162,9.27,3,359.23,20 / 21,3792009,2019-09-06 20:23:17:752,-0.5276,-1.1416,10.2436,0.0032,-0.0123,9.8066,0.0881,0.0138,-0.0167,-3.75,-36.81,-7.56,188.67,-80.66,167.8
52.40288,-1.558786,162,9.27,3,359.23,20 / 21,3792109,2019-09-06 20:23:17:852,-0.9115,-0.2806,9.9694,-0.0092,-0.0011,9.8065,-0.0487,-0.0051,0.003,-3.94,-37.12,-7.62,188.62,-80.62,167.75
52.40288,-1.558786,162,9.27,3,359.23,20 / 21,3792210,2019-09-06 20:23:17:953,0.0932,-0.7605,9.4318,0.0023,0.0075,9.8066,-0.0199,-0.0037,0.0237,-3.87,-36.94,-7.69,188.46,-80.49,167.55
52.40288,-1.558786,162,9.27,3,359.23,20 / 21,3792309,2019-09-06 20:23:18:052,0.1471,-0.5471,9.7059,0.0044,0.0026,9.8066,-0.0205,-0.0145,-0.0178,-3.81,-37.25,-7.19,190,-80.46,167.71
52.40288,-1.558786,162,9.27,3,359.23,21 / 22,3792410,2019-09-06 20:23:18:153,0.1438,-0.6408,10.0185,-0.0089,-0.0139,9.8065,0.0227,-0.0328,0.0148,-3.37,-37.25,-7.19,185.89,-80.45,167.35
52.40288,-1.558786,162,9.27,3,359.23,21 / 22,3792510,2019-09-06 20:23:18:253,-0.0403,-0.856,9.8973,-0.0072,-0.0167,9.8066,-0.0489,0.0139,-0.0242,-3.94,-36.69,-7.31,189.74,-80.62,167.13
52.40288,-1.558786,162,9.27,3,359.23,21 / 22,3792610,2019-09-06 20:23:18:353,-0.5393,-0.6654,9.4921,-0.0061,0.0043,9.8066,-0.0554,-0.0225,0.0111,-3.37,-36.62,-7.69,183.91,-80.66,166.05
52.40288,-1.558786,162,9.27,3,359.23,21 / 22,3792709,2019-09-06 20:23:18:452,0.3927,-1.0705,10.2744,-0.003,-0.0059,9.8066,0.0759,0.0264,-0.0669,-4.06,-37.25,-7.19,189.07,-80.71,165.92
52.40288,-1.558786,162,9.27,3,359.23,21 / 22,3792810,2019-09-06 20:23:18:553,-0.1523,-0.4744,10.0171,-0.0128,-0.0063,9.8066,0.0878,-0.0094,0.0058,-3.44,-36.44,-8.06,183.25,-80.71,164.86
52.40288,-1.558786,162,9.27,3,359.23,21 / 22,3792910,2019-09-06 20:23:18:653,-0.2226,-0.3091,9.7215,-0.0028,0.0009,9.8066,-0.0316,-0.0361,0.0142,-4.06,-37.12,-7.69,186.8,-80.68,164.69
52.40288,-1.558786,162,9.27,3,359.23,21 / 22,3793010,2019-09-06 20:23:18:753,-0.5183,-0.6759,9.8796,-0.0046,-0.0071,9.8066,-0.0267,0.014,-0.0039,-3.75,-37,-8.12,186.91,-80.64,164.89
52.40288,-1.558786,162,9.27,3,359.23,21 / 22,3793110,2019-09-06 20:23:18:853,0.0512,-0.6678,9.9725,0.0013,-0.0072,9.8066,-0.0189,-0.0139,-0.0127,-3.81,-37,-7.94,186.78,-80.7,164.66
52.40288,-1.558786,162,9.27,3,359.23,21 / 22,3793210,2019-09-06 20:23:18:953,-0.1512,-0.6045,9.8319,-0.0036,0.0027,9.8066,-0.0111,0.0111,-0.0084,-2.87,-37.06,-8.06,183.01,-80.67,164.52
52.40288,-1.558786,162,9.27,3,359.23,21 / 22,3793310,2019-09-06 20:23:19:053,-0.5329,-0.9414,9.648,0.0032,0.0026,9.8066,-0.0214,-0.017,0.0113,-3.75,-37.31,-7.94,186.66,-80.68,164.47
52.40288,-1.558786,162,9.27,3,359.23,19 / 20,3793409,2019-09-06 20:23:19:152,-0.329,-1.2417,9.7543,-0.0018,-0.0005,9.8066,-0.0292,-0.0144,-0.0105,-3.19,-37,-7.94,183.11,-80.66,164.7
52.40288,-1.558786,162,9.27,3,359.23,19 / 20,3793510,2019-09-06 20:23:19:253,-0.0919,-0.8318,9.6982,0.0009,0.0057,9.8066,-0.0123,-0.0369,0.0191,-3.31,-36.69,-7.56,183.05,-80.67,164.59
52.40288,-1.558786,162,9.27,3,359.23,19 / 20,3793610,2019-09-06 20:23:19:353,-0.5129,-0.258,10.1501,0.001,0.0085,9.8066,0.0143,0.0322,-0.0314,-3.81,-37,-7.25,188.25,-80.69,164.51
52.40288,-1.558786,162,9.27,3,359.23,19 / 20,3793709,2019-09-06 20:23:19:452,0.232,-0.9317,9.882,-0.0043,-0.0003,9.8066,-0.0424,0.0053,-0.02,-3.25,-36.44,-7.87,182.71,-80.69,163.96
52.40288,-1.558786,162,9.27,3,359.23,19 / 20,3793810,2019-09-06 20:23:19:553,0.1961,-1.1971,10.0297,-0.0087,0.0022,9.8066,-0.0121,-0.0267,-0.025,-3.5,-37.25,-7.44,183.92,-80.68,163.76
52.40288,-1.558786,162,9.27,3,359.23,19 / 20,3793910,2019-09-06 20:23:19:653,-0.2018,-0.4212,9.5108,-0.0027,0.0083,9.8066,0.0319,-0.0019,0.0557,-3,-36.94,-8,182.25,-80.61,163.25
52.40288,-1.558786,162,9.27,3,359.23,19 / 20,3794010,2019-09-06 20:23:19:753,-0.0877,-0.5601,10.1699,0.008,0.0049,9.8066,0.0436,-0.0059,-0.001,-3.56,-36.81,-7.56,186.06,-80.62,163.49
52.40288,-1.558786,162,9.27,3,359.23,19 / 20,3794109,2019-09-06 20:23:19:852,0.2624,-0.1894,10.2256,-0.007,-0.0021,9.8066,-0.0855,0.0138,-0.0377,-3.25,-36.94,-8.12,182.21,-80.65,163.18
52.40288,-1.558786,162,9.27,3,359.23,19 / 20,3794210,2019-09-06 20:23:19:953,-0.1449,-0.7849,9.526,0.0022,0.0186,9.8065,-0.0755,-0.043,-0.002,-3.62,-37.25,-7.56,185.76,-80.66,162.99
52.40288,-1.558786,162,9.27,3,359.23,19 / 20,3794310,2019-09-06 20:23:20:053,-0.3063,-1.0345,9.682,0.0083,0.0267,9.8066,0.0808,-0.0141,-0.0032,-3.06,-37.62,-7.56,182.02,-80.49,162.91
52.40288,-1.558786,162,9.27,3,359.23,21 / 22,3794410,2019-09-06 20:23:20:153,-0.3342,-0.4102,9.9184,-0.0018,-0.006,9.8066,0.0304,-0.0269,0.0145,-3.69,-37.56,-7,186.98,-80.54,162.55
52.40288,-1.558786,162,9.27,3,359.23,21 / 22,3794509,2019-09-06 20:23:20:252,-0.2605,-0.1968,10.1548,-0.0024,0.0114,9.8066,0.0279,-0.0305,-0.0202,-4.12,-37.37,-6.69,186.81,-80.52,162.12
52.40288,-1.558786,162,9.27,3,359.23,21 / 22,3794609,2019-09-06 20:23:20:352,-0.1564,-1.3293,9.8078,-0.0011,0.0062,9.8065,-0.0188,-0.0253,-0.0016,-3.56,-37.31,-6.37,188.34,-80.49,161.6
52.40288,-1.558786,162,9.27,3,359.23,21 / 22,3794709,2019-09-06 20:23:20:452,-0.7798,-0.9005,10.203,-0.0023,0.0065,9.8066,0.0126,0.0054,-0.0126,-3.56,-36.94,-7.06,186.06,-80.5,160.83
52.40288,-1.558786,162,9.27,3,359.23,21 / 22,3794810,2019-09-06 20:23:20:553,-0.7424,-0.4665,9.4516,-0.0016,0.0083,9.8066,0.0348,-0.0288,0.0084,-3.56,-37.37,-7.31,186.03,-80.44,160.79
52.40288,-1.558786,162,9.27,3,359.23,21 / 22,3794909,2019-09-06 20:23:20:652,0.1667,-0.4417,9.6666,-0.0029,-0.0074,9.8066,0.0234,-0.0147,0.0089,-3.81,-37.37,-7.25,186.15,-80.4,161.03
52.40288,-1.558786,162,9.27,3,359.23,21 / 22,3795009,2019-09-06 20:23:20:752,-0.4655,-0.5986,9.5668,-0.0077,-0.0021,9.8066,-0.0596,0.0017,-0.0121,-2.87,-37.31,-7.37,182.15,-80.33,160.67
52.40288,-1.558786,162,9.27,3,359.23,21 / 22,3795110,2019-09-06 20:23:20:853,-0.335,-0.4238,10.0301,-0.0071,-0.0195,9.8066,0.0582,-0.0179,0.0364,-3.37,-36.75,-6.81,182.08,-80.41,160.55
52.40288,-1.558786,162,9.27,3,359.23,21 / 22,3795209,2019-09-06 20:23:20:952,-0.306,-0.7195,9.7957,-0.0111,-0.0123,9.8065,-0.0436,-0.0301,0.0023,-3.44,-37.12,-7.44,181.91,-80.65,160.2
52.40288,-1.558786,162,9.27,3,359.23,21 / 22,3795309,2019-09-06 20:23:21:052,-0.3329,-0.9514,9.5138,-0.0031,-0.0062,9.8065,-0.0569,-0.005,-0.0154,-3.19,-36.87,-7.94,180.07,-80.78,159.56
52.40288,-1.558786,162,9.27,3,359.23,20 / 21,3795409,2019-09-06 20:23:21:152,-0.5704,-0.5595,9.8529,-0.0005,-0.0026,9.8066,0.0611,0.002,0.019,-3.31,-37.56,-7.31,181.5,-80.78,159.48
52.40288,-1.558786,162,9.27,3,359.23,20 / 21,3795510,2019-09-06 20:23:21:253,-0.5376,-0.5409,9.8028,0.0032,0.0046,9.8066,0.0483,0.0017,0.0007,-3,-37.12,-7.44,181.61,-80.71,159.66
52.40288,-1.558786,162,9.27,3,359.23,20 / 21,3795609,2019-09-06 20:23:21:352,0.0638,-0.1191,9.5982,0.0115,0.0009,9.8066,-0.0864,-0.0099,0.0042,-3.37,-36.87,-7.06,181.96,-80.71,160.27
52.40288,-1.558786,162,9.27,3,359.23,20 / 21,3795709,2019-09-06 20:23:21:452,-0.5464,-1.0287,9.581,-0.0002,0.0135,9.8066,-0.1471,0.0182,0.0012,-3.37,-37.87,-7.31,182.05,-80.75,160.47
52.40288,-1.558786,162,9.27,3,359.23,20 / 21,3795810,2019-09-06 20:23:21:553,-1.0909,-0.8572,10.1774,0.0066,0.0154,9.8065,0.1225,0.0027,0.0005,-3.69,-36.87,-6.94,185.81,-80.7,160.29
52.40288,-1.558786,162,9.27,3,359.23,20 / 21,3795910,2019-09-06 20:23:21:653,0.111,-0.6368,10.2326,-0.005,-0.0214,9.8065,0.1077,-0.0241,0.005,-3.44,-37.19,-7.37,181.94,-80.94,160.2
52.40288,-1.558786,162,9.27,3,359.23,20 / 21,3796009,2019-09-06 20:23:21:752,-0.3122,-0.1837,9.8879,-0.0085,-0.0355,9.8065,-0.0886,0.0144,0.0154,-3.69,-37.06,-7.75,184.19,-81.06,160.26
52.40288,-1.558786,162,9.27,3,359.23,20 / 21,3796110,2019-09-06 20:23:21:853,-0.0198,-1.1354,9.5561,0.0126,0.0289,9.8066,-0.0606,-0.0114,0.0307,-4,-37.69,-7.31,186.05,-80.9,160.74
52.40288,-1.558786,162,9.27,3,359.23,20 / 21,3796209,2019-09-06 20:23:21:952,-0.7038,-1.0465,9.7,0.0093,0.0263,9.8065,0.0345,-0.0033,0.0028,-3.37,-36.75,-7.37,182.21,-80.94,160.68
52.40288,-1.558786,162,9.27,3,359.23,20 / 21,3796309,2019-09-06 20:23:22:052,-0.6721,-1.8612,9.4481,-0.005,-0.0273,9.8065,0.0098,0.0048,0.017,-3.25,-37.12,-7.62,180.51,-80.97,160.3
52.40288,-1.558786,162,9.27,3,359.23,21 / 22,3796410,2019-09-06 20:23:22:153,-0.227,-0.3448,10.0731,0.011,0.0055,9.8066,0.0977,0.035,-0.0073,-4.06,-36.87,-7.56,184.43,-81.1,160.64
52.40288,-1.558786,162,9.27,3,359.23,21 / 22,3796509,2019-09-06 20:23:22:252,-0.007,-1.3122,9.9649,0.003,0.0048,9.8066,-0.0291,0.0387,-0.0229,-3.37,-37.31,-7.25,182.34,-81.05,160.88
52.40288,-1.558786,162,9.27,3,359.23,21 / 22,3796609,2019-09-06 20:23:22:352,-0.269,-0.4081,10.4536,0.0028,-0.0062,9.8066,0.0221,-0.0291,0.0257,-3.44,-37.19,-7.56,180.86,-81.07,160.88
52.40288,-1.558786,162,9.27,3,359.23,21 / 22,3796710,2019-09-06 20:23:22:453,-0.3396,-1.0729,9.7475,0.0074,0.0214,9.8066,-0.0359,0.027,-0.0201,-3.75,-37.69,-7.69,184.55,-80.99,160.96
52.40288,-1.558786,162,9.27,3,359.23,21 / 22,3796809,2019-09-06 20:23:22:552,-0.3785,-0.9273,9.5645,0.0001,0.0063,9.8066,-0.0067,0.0095,0.0259,-2.69,-36.94,-7.5,182.19,-81.06,160.62
52.40288,-1.558786,162,9.27,3,359.23,21 / 22,3796910,2019-09-06 20:23:22:653,-0.2318,-1.309,9.9636,0.0028,0.0156,9.8065,-0.0158,0.0566,-0.0151,-3.25,-36.75,-6.81,182.13,-81.15,160.5
52.40288,-1.558786,162,9.27,3,359.23,21 / 22,3797009,2019-09-06 20:23:22:752,-0.6787,-1.2332,10.1879,0.0115,0.0243,9.8065,-0.0023,0.0087,0.0284,-2.87,-37.56,-7.56,180.75,-81.05,160.7
52.40288,-1.558786,162,9.27,3,359.23,21 / 22,3797110,2019-09-06 20:23:22:853,-0.365,-1.4543,9.4528,-0.0164,-0.023,9.8065,0.0341,0.0158,-0.0375,-2.75,-37.19,-7.31,181.62,-81.17,159.62
52.40288,-1.558786,162,9.27,3,359.23,21 / 22,3797209,2019-09-06 20:23:22:952,-0.516,-0.4117,9.5635,0,-0.0093,9.8066,0.0294,0.0246,-0.0045,-3.25,-37.12,-6.69,181.68,-81.18,159.72
52.40288,-1.558786,162,9.27,3,359.23,21 / 22,3797309,2019-09-06 20:23:23:052,-0.347,-0.7155,10.0616,0.0053,0.0093,9.8066,-0.0406,0.0125,0.0276,-3.06,-37.44,-6.87,181.74,-81.18,159.82
52.40288,-1.558786,162,9.27,3,359.23,20 / 21,3797409,2019-09-06 20:23:23:152,-0.4047,-1.351,9.6179,0.0083,0.021,9.8066,-0.0814,0.0095,-0.0042,-3,-37.69,-7.87,180.33,-81.17,159.99
52.40288,-1.558786,162,9.27,3,359.23,20 / 21,3797510,2019-09-06 20:23:23:253,-0.3226,-1.2062,9.523,-0.0051,-0.0276,9.8066,0.057,0.025,-0.0034,-3,-37.12,-7.19,181.78,-81.23,159.88
52.40288,-1.558786,162,9.27,3,359.23,20 / 21,3797609,2019-09-06 20:23:23:352,-0.5159,-1.0132,9.8616,-0.0014,-0.0201,9.8066,0.0687,-0.0191,0.0401,-3.06,-37.44,-7.56,180.32,-81.43,159.96
52.40288,-1.558786,162,9.27,3,359.23,20 / 21,3797711,2019-09-06 20:23:23:454,-0.0346,-0.9749,9.8534,0.0006,-0.0018,9.8066,0.0223,-0.011,0.0046,-3,-37.06,-6.94,181.77,-81.45,159.83
52.40288,-1.558786,162,9.27,3,359.23,20 / 21,3797810,2019-09-06 20:23:23:553,-0.2634,-0.7864,9.7905,-0.0062,-0.0121,9.8066,0.0284,-0.0091,0.0066,-2.69,-37.31,-7.25,181.76,-81.5,159.81
52.40288,-1.558786,162,9.27,3,359.23,20 / 21,3797910,2019-09-06 20:23:23:653,-0.4582,-0.6051,10.1729,0.0036,0.0058,9.8066,-0.0514,0.0097,0.0112,-3.5,-37.31,-7.06,181.66,-81.51,159.64
52.40288,-1.558786,162,9.27,3,359.23,20 / 21,3798009,2019-09-06 20:23:23:752,-0.6895,-1.2411,9.4566,0.0046,0.0106,9.8066,-0.0743,0.0056,-0.0062,-3.06,-37.12,-7.19,181.72,-81.53,159.73
52.40288,-1.558786,162,9.27,3,359.23,20 / 21,3798110,2019-09-06 20:23:23:853,-0.5179,-0.9697,9.7474,0.0011,-0.0128,9.8066,0.0165,-0.0113,0.0236,-2.94,-36.94,-7.19,181.73,-81.6,159.75
52.40288,-1.558786,162,9.27,3,359.23,20 / 21,3798210,2019-09-06 20:23:23:953,-0.5926,-1.5967,10.1062,0,0.0017,9.8066,-0.0013,0.0133,-0.0361,-3.69,-37.56,-7.56,184.08,-81.67,159.98
52.40288,-1.558786,162,9.27,3,359.23,20 / 21,3798310,2019-09-06 20:23:24:053,-0.3201,-0.449,9.6741,0.0017,-0.0001,9.8066,-0.0285,-0.0103,0.037,-3.31,-37.62,-7.81,180.04,-81.72,159.51
52.40288,-1.558786,162,9.27,3,359.23,20 / 22,3798409,2019-09-06 20:23:24:152,-0.4602,-1.3908,9.5225,0.0066,0.0054,9.8066,-0.0423,0.0035,0.0166,-3.12,-37,-7.56,180.26,-81.74,159.86
52.40288,-1.558786,162,9.27,3,359.23,20 / 22,3798510,2019-09-06 20:23:24:253,-0.6973,-1.0934,9.782,-0.0078,-0.0188,9.8066,0.0179,-0.0255,0.0183,-3.56,-37.31,-7.19,185.66,-81.9,159.52
52.40288,-1.558786,162,9.27,3,359.23,20 / 22,3798610,2019-09-06 20:23:24:353,-0.4898,-1.0206,10.1136,-0.0065,-0.0085,9.8066,-0.0167,0.0135,-0.017,-2.94,-37.44,-7.5,181.62,-81.91,159.51
52.40288,-1.558786,162,9.27,3,359.23,20 / 22,3798710,2019-09-06 20:23:24:453,-0.645,-1.3502,9.8592,-0.0033,-0.0045,9.8066,0.0339,0.0017,-0.0001,-3.56,-37.69,-8,183.78,-81.95,159.43
52.40288,-1.558786,162,9.27,3,359.23,20 / 22,3798810,2019-09-06 20:23:24:553,-0.2799,-1.2551,9.8791,-0.0007,-0.0052,9.8066,0.0023,-0.0064,0.0179,-3,-37.06,-7.56,179.8,-82.03,159.13
52.40288,-1.558786,162,9.27,3,359.23,20 / 22,3798910,2019-09-06 20:23:24:653,-0.8129,-1.7332,10.0631,-0.0075,-0.0054,9.8066,0.0421,0.0051,-0.0217,-3.31,-37.44,-7.25,181.18,-82.13,158.75
52.40288,-1.558786,162,9.27,3,359.23,20 / 22,3799010,2019-09-06 20:23:24:753,-0.2779,-1.0363,9.9733,-0.0057,-0.0082,9.8066,0.0511,-0.0077,0.0095,-2.94,-37.12,-7.56,179.27,-82.15,158.29
52.40288,-1.558786,162,9.27,3,359.23,20 / 22,3799109,2019-09-06 20:23:24:852,-0.368,-0.6727,9.7825,-0.0039,-0.0016,9.8066,-0.007,-0.0102,0.0107,-3.06,-37.12,-7,180.94,-82.14,158.36
52.40288,-1.558786,162,9.27,3,359.23,20 / 22,3799210,2019-09-06 20:23:24:953,-0.2973,-1.0077,9.9626,-0.0009,-0.0031,9.8066,0.0039,-0.022,-0.0075,-3.19,-36.75,-7.5,180.93,-82.15,158.34
52.40288,-1.558786,162,9.27,3,359.23,20 / 22,3799309,2019-09-06 20:23:25:052,-0.289,-0.9143,9.9095,-0.0012,0.0107,9.8066,0.0003,-0.0096,-0.0092,-3.44,-37.06,-7.12,180.82,-82.2,158.15
52.40288,-1.558786,162,9.27,3,359.23,21 / 22,3799409,2019-09-06 20:23:25:152,-0.5076,-1.1971,9.7453,-0.0011,0.009,9.8066,0.0155,0.0142,-0.0113,-3.19,-37.62,-7.25,180.56,-82.13,157.74
52.40288,-1.558786,162,9.27,3,359.23,21 / 22,3799510,2019-09-06 20:23:25:253,-0.2119,-0.6968,9.7152,-0.0047,-0.0104,9.8066,-0.0293,0.0315,-0.0128,-2.87,-37.19,-7.19,180.22,-82.22,157.17
52.40288,-1.558786,162,9.27,3,359.23,21 / 22,3799609,2019-09-06 20:23:25:352,0.0678,-0.8864,9.5871,-0.0037,-0.0153,9.8066,-0.0097,-0.0135,0.0373,-3.06,-36.37,-7.62,178.39,-82.32,156.94
52.40288,-1.558786,162,9.27,3,359.23,21 / 22,3799710,2019-09-06 20:23:25:453,-0.3294,-1.1465,9.9374,-0.0022,-0.0009,9.8066,0.0147,-0.0011,-0.011,-3.12,-36.81,-7.12,179.82,-82.42,156.51
52.40288,-1.558786,162,9.27,3,359.23,21 / 22,3799810,2019-09-06 20:23:25:553,-0.3906,-1.073,9.9037,0.0005,0.0014,9.8066,-0.0677,-0.0182,-0.0104,-3.31,-37.37,-7.31,179.59,-82.52,156.14
52.40288,-1.558786,162,9.27,3,359.23,21 / 22,3799910,2019-09-06 20:23:25:653,-0.0506,-0.6281,9.6419,-0.004,-0.0097,9.8066,-0.0403,0.001,0.02,-2.81,-37.19,-7.19,179.35,-82.69,155.75
52.40288,-1.558786,162,9.27,3,359.23,21 / 22,3800010,2019-09-06 20:23:25:753,-0.5609,-1.2462,9.7602,-0.0087,-0.005,9.8066,0.0142,0.0117,-0.0426,-3.06,-37.56,-7.87,177.25,-82.76,155.17
52.40288,-1.558786,162,9.27,3,359.23,21 / 22,3800110,2019-09-06 20:23:25:853,-0.7062,-1.2092,10.0094,-0.0052,-0.0123,9.8066,0.0166,-0.0182,0.0152,-2.87,-36.5,-7.37,178.51,-82.87,154.44
52.40288,-1.558786,162,9.27,3,359.23,21 / 22,3800210,2019-09-06 20:23:25:953,-0.4762,-1.4595,10.0738,-0.0078,-0.009,9.8066,-0.0267,0.0059,-0.0257,-3.31,-37.12,-6.81,178.26,-82.91,154.04
52.40288,-1.558786,162,9.27,3,359.23,21 / 22,3800310,2019-09-06 20:23:26:053,-0.4775,-1.4734,9.9017,0.0017,0.0021,9.8066,-0.012,0.0188,0.0124,-3.19,-37,-7.37,177.94,-82.94,153.53
52.403446,-1.558805,162.6,3.39,3,357.73,21 / 22,3800409,2019-09-06 20:23:26:152,-0.3778,-1.4257,9.8561,0.0002,0.0039,9.8066,0.0037,-0.0025,-0.0031,-3.12,-36.81,-7.94,176.19,-82.92,153.63
52.403446,-1.558805,162.6,3.39,3,357.73,21 / 22,3800510,2019-09-06 20:23:26:253,-0.6808,-0.9421,9.7777,0.0023,-0.0042,9.8066,-0.0042,-0.0008,-0.0087,-3,-37.69,-7.37,178.18,-82.93,153.88
52.403446,-1.558805,162.6,3.39,3,357.73,21 / 22,3800610,2019-09-06 20:23:26:353,-0.3509,-1.0978,9.8254,-0.001,-0.0006,9.8066,0.0297,-0.0082,0.0182,-3.5,-36.62,-8,176.16,-82.96,153.6
52.403446,-1.558805,162.6,3.39,3,357.73,21 / 22,3800710,2019-09-06 20:23:26:453,-0.2509,-1.1786,9.7579,0.0033,-0.0026,9.8065,-0.0103,-0.0227,-0.028,-2.94,-36.56,-7.62,176.17,-82.98,153.62
52.403446,-1.558805,162.6,3.39,3,357.73,21 / 22,3800810,2019-09-06 20:23:26:553,-0.4057,-1.0833,9.7313,-0.004,-0.0014,9.8066,-0.0029,-0.0074,-0.0155,-3.25,-36.69,-7.62,176.29,-82.99,153.81
52.403446,-1.558805,162.6,3.39,3,357.73,21 / 22,3800910,2019-09-06 20:23:26:653,-0.4916,-1.0243,9.926,-0.0051,-0.0022,9.8066,0.0179,-0.0129,0.0223,-3.56,-37.25,-7.44,181.81,-83.03,153.06
52.403446,-1.558805,162.6,3.39,3,357.73,21 / 22,3801010,2019-09-06 20:23:26:753,-0.5396,-1.258,10.0051,0.0014,-0.0047,9.8066,0.0067,-0.0114,-0.0199,-3.44,-36.69,-7.5,177.64,-83.08,153.07
52.403446,-1.558805,162.6,3.39,3,357.73,21 / 22,3801110,2019-09-06 20:23:26:853,-0.5311,-0.9933,10.0423,-0.0053,-0.0037,9.8066,0.0076,0.0144,0.0092,-3.19,-37.31,-7.37,177.47,-83.1,152.82
52.403446,-1.558805,162.6,3.39,3,357.73,21 / 22,3801209,2019-09-06 20:23:26:952,-0.4709,-0.9437,9.7436,0.0013,0.001,9.8065,-0.0049,-0.0049,-0.0002,-3.12,-37.19,-7.56,175.32,-83.13,152.37
52.403446,-1.558805,162.6,3.39,3,357.73,21 / 22,3801310,2019-09-06 20:23:27:053,-0.4248,-0.8575,9.8523,-0.0001,-0.0016,9.8065,0.0134,-0.0148,0.0091,-2.81,-36.87,-8.25,175.26,-83.17,152.3
52.403446,-1.558805,162.6,3.39,3,357.73,21 / 22,3801409,2019-09-06 20:23:27:152,-0.4241,-0.7447,9.9248,-0.0011,-0.0074,9.8066,0.0111,0.0029,-0.0079,-3.19,-36.87,-7.56,175.19,-83.23,152.21
52.403446,-1.558805,162.6,3.39,3,357.73,21 / 22,3801509,2019-09-06 20:23:27:252,-0.1932,-1.0979,9.8785,-0.0041,-0.0061,9.8066,-0.0209,0.0227,-0.01,-3.06,-36.81,-7.62,174.88,-83.33,151.78
52.403446,-1.558805,162.6,3.39,3,357.73,21 / 22,3801610,2019-09-06 20:23:27:353,-0.5425,-0.6884,9.9687,-0.0019,-0.002,9.8066,-0.0011,-0.0258,0.0172,-2.56,-36.62,-7.75,174.47,-83.41,151.21
52.403446,-1.558805,162.6,3.39,3,357.73,21 / 22,3801709,2019-09-06 20:23:27:452,-0.3267,-0.8374,9.8234,-0.0027,-0.0045,9.8065,0.0047,-0.0186,0.0018,-3.19,-36.75,-6.94,176.29,-83.47,151.07
52.403446,-1.558805,162.6,3.39,3,357.73,21 / 22,3801809,2019-09-06 20:23:27:552,-0.6048,-0.9626,9.8684,-0.0039,-0.0065,9.8066,-0.0086,0.0034,-0.0054,-3.62,-37.12,-7,180.23,-83.55,150.6
52.403446,-1.558805,162.6,3.39,3,357.73,21 / 22,3801909,2019-09-06 20:23:27:652,-0.3596,-0.7592,10.0657,-0.004,-0.007,9.8066,0.0007,0.0086,0.0139,-3.25,-36.94,-7,175.68,-83.62,150.17
52.403446,-1.558805,162.6,3.39,3,357.73,21 / 22,3802010,2019-09-06 20:23:27:753,-0.2193,-0.7288,9.7403,-0.0008,-0.0053,9.8066,0.0137,0.0036,0.0106,-3.25,-37.31,-7.75,173.6,-83.67,150.03
52.403446,-1.558805,162.6,3.39,3,357.73,21 / 22,3802110,2019-09-06 20:23:27:853,-0.2239,-0.6322,9.7971,-0.001,-0.0057,9.8065,-0.0016,0.0027,-0.0044,-3.69,-36.44,-8.19,177.5,-83.75,149.85
52.403446,-1.558805,162.6,3.39,3,357.73,21 / 22,3802210,2019-09-06 20:23:27:953,-0.1874,-0.4653,9.9369,-0.0017,-0.0037,9.8066,0.0134,-0.016,-0.0144,-3.37,-37.12,-7.31,175.2,-83.81,149.52
52.403446,-1.558805,162.6,3.39,3,357.73,21 / 22,3802310,2019-09-06 20:23:28:053,-0.0699,-0.2285,9.8423,-0.0013,-0.0028,9.8066,-0.0019,0.0007,-0.0007,-3.31,-37.06,-7.81,173.02,-83.85,149.27
52.403446,-1.558805,162.6,3.39,3,357.73,21 / 22,3802409,2019-09-06 20:23:28:152,-0.1406,-0.1443,9.812,-0.0022,-0.0034,9.8066,0.0038,0.0192,0.0117,-3,-37.37,-7.25,174.78,-83.9,148.92
52.403446,-1.558805,162.6,3.39,3,357.73,21 / 22,3802510,2019-09-06 20:23:28:253,0.2048,0.1872,9.8109,0.0021,-0.0058,9.8065,0.0106,-0.0012,-0.0036,-3.19,-37.25,-7.56,172.63,-83.96,148.77
52.403446,-1.558805,162.6,3.39,3,357.73,21 / 22,3802610,2019-09-06 20:23:28:353,-0.0671,-0.3664,9.9014,0.0003,-0.004,9.8065,-0.0166,-0.0155,-0.014,-3.06,-37.06,-7.5,174.71,-84.01,148.86
52.403446,-1.558805,162.6,3.39,3,357.73,21 / 22,3802710,2019-09-06 20:23:28:453,-0.0265,0.0023,9.9247,-0.0031,-0.0059,9.8066,0.0069,-0.0078,0.0118,-3.06,-36.87,-7.62,172.4,-84.09,148.5
52.403446,-1.558805,162.6,3.39,3,357.73,21 / 22,3802810,2019-09-06 20:23:28:553,-0.178,-0.3536,9.8642,-0.0037,-0.0074,9.8066,0.0258,0.0048,0.0107,-3,-36.94,-8.31,171.84,-84.19,147.75
52.403446,-1.558805,162.6,3.39,3,357.73,21 / 22,3802910,2019-09-06 20:23:28:653,-0.0605,-0.0048,9.949,0.0019,-0.0027,9.8065,-0.008,-0.0099,-0.0262,-3.12,-36.75,-7.75,171.93,-84.21,147.9
52.403446,-1.558805,162.6,3.39,3,357.73,21 / 22,3803010,2019-09-06 20:23:28:753,0.0613,-0.0757,9.891,-0.0045,-0.0054,9.8066,0.0016,0.0025,0.004,-3.31,-36.56,-8.12,171.53,-84.29,147.37
52.403446,-1.558805,162.6,3.39,3,357.73,21 / 22,3803110,2019-09-06 20:23:28:853,0.0672,-0.1414,9.769,-0.0037,-0.0079,9.8066,-0.0095,0,0.0108,-3.12,-36.94,-7.44,173.22,-84.35,146.81
52.403446,-1.558805,162.6,3.39,3,357.73,21 / 22,3803209,2019-09-06 20:23:28:952,-0.0036,-0.0493,9.8851,-0.0015,-0.0043,9.8066,-0.0114,-0.0058,-0.0192,-3.37,-36.62,-8.25,171.03,-84.41,146.75
52.403446,-1.558805,162.6,3.39,3,357.73,21 / 22,3803310,2019-09-06 20:23:29:053,0.0016,-0.1273,9.8451,-0.0049,-0.0057,9.8066,0.0031,0.0123,0.003,-3.06,-36.37,-7.69,170.44,-84.48,146.07
52.403446,-1.558805,162.6,3.39,3,357.73,21 / 22,3803410,2019-09-06 20:23:29:153,-0.0357,-0.105,9.8236,-0.0027,-0.0035,9.8066,-0.0018,-0.0008,0.0129,-3.44,-36.37,-7.81,169.96,-84.54,145.44
52.403446,-1.558805,162.6,3.39,3,357.73,21 / 22,3803509,2019-09-06 20:23:29:252,-0.013,-0.2256,9.8234,0.001,-0.0039,9.8066,-0.0051,-0.0165,-0.0173,-3,-36.19,-7.75,169.85,-84.59,145.32
52.403446,-1.558805,162.6,3.39,3,357.73,21 / 22,3803609,2019-09-06 20:23:29:352,-0.0632,0.096,9.903,-0.0042,-0.004,9.8066,0.0094,0.004,-0.0011,-3.25,-36,-7.87,169.57,-84.64,144.97
52.403446,-1.558805,162.6,3.39,3,357.73,21 / 22,3803710,2019-09-06 20:23:29:453,0.0247,-0.0805,9.8736,-0.0011,-0.0039,9.8065,-0.002,0.0023,0.0056,-3.56,-36.06,-7.75,173.31,-84.71,144.3
52.403446,-1.558805,162.6,3.39,3,357.73,21 / 22,3803809,2019-09-06 20:23:29:552,0.0835,0.3098,9.7818,-0.0023,-0.0035,9.8066,-0.005,-0.013,-0.0023,-3.69,-36.25,-7.5,175.58,-84.77,144.05
52.403446,-1.558805,162.6,3.39,3,357.73,21 / 22,3803910,2019-09-06 20:23:29:653,0.1305,0.0701,9.808,-0.0007,-0.0028,9.8066,0.0075,0.0105,0.0049,-3.56,-36.56,-7.94,172.98,-84.82,143.82
52.403446,-1.558805,162.6,3.39,3,357.73,21 / 22,3804010,2019-09-06 20:23:29:753,0.1273,0.2066,9.8272,-0.0018,-0.0034,9.8066,0.0004,-0.0136,0.0033,-3.19,-35.87,-8.31,168.27,-84.87,143.37
52.403446,-1.558805,162.6,3.39,3,357.73,21 / 22,3804109,2019-09-06 20:23:29:852,0.0146,0.3087,9.8529,0.0004,-0.0008,9.8066,0.0114,-0.0007,0.0023,-3.37,-36.12,-8.5,168.3,-84.88,143.42
52.403446,-1.558805,162.6,3.39,3,357.73,21 / 22,3804210,2019-09-06 20:23:29:953,0.0946,0.3005,9.8292,-0.0023,-0.0045,9.8066,0.0177,0.0112,0.0072,-3.19,-36.44,-7.69,168.02,-84.92,143.06
52.403446,-1.558805,162.6,3.39,3,357.73,21 / 22,3804309,2019-09-06 20:23:30:052,0.2597,0.5952,9.8026,-0.0014,-0.0036,9.8066,-0.0086,-0.0122,-0.0035,-3.06,-36.5,-8,167.74,-84.96,142.73
52.403446,-1.558805,162.6,3.39,3,357.73,21 / 22,3804410,2019-09-06 20:23:30:153,0.1731,0.4451,9.894,-0.0014,-0.0048,9.8066,0.0101,-0.0053,-0.0087,-3.44,-37.06,-7.81,167.61,-85.03,142.48
52.403446,-1.558805,162.6,3.39,3,357.73,21 / 22,3804509,2019-09-06 20:23:30:252,0.089,0.3112,9.9471,-0.0057,-0.0047,9.8066,-0.014,-0.0003,0.0143,-3.62,-36.5,-7.62,171.55,-85.05,142.09
52.403446,-1.558805,162.6,3.39,3,357.73,21 / 22,3804610,2019-09-06 20:23:30:353,0.1913,0.2689,9.7578,0.0002,0.0003,9.8066,-0.0024,0.0009,0.0054,-3.94,-36.37,-7.87,171.35,-85.07,141.84
52.403446,-1.558805,162.6,3.39,3,357.73,21 / 22,3804710,2019-09-06 20:23:30:453,0.185,0.4859,9.7609,0.0023,0.0024,9.8066,0.0085,-0.0118,-0.005,-3.87,-36.75,-7.75,171.42,-85.09,141.86
52.403446,-1.558805,162.6,3.39,3,357.73,21 / 22,3804809,2019-09-06 20:23:30:552,0.1362,0.3149,9.8195,-0.0036,-0.0063,9.8066,0.0036,0.0009,-0.007,-4.12,-36.81,-7.44,173.72,-85.13,141.56
52.403446,-1.558805,162.6,3.39,3,357.73,21 / 22,3804910,2019-09-06 20:23:30:653,0.0994,0.2866,9.8173,-0.0028,-0.0031,9.8066,-0.0048,0.007,0.0155,-3.5,-36.37,-8.12,166.41,-85.17,141.12
52.403446,-1.558805,162.6,3.39,3,357.73,21 / 22,3805010,2019-09-06 20:23:30:753,0.1852,0.3088,9.7957,-0.0016,-0.0025,9.8066,0.0099,0.002,0.0078,-3.56,-36.87,-7.5,172.99,-85.21,140.59
52.403446,-1.558805,162.6,3.39,3,357.73,21 / 22,3805110,2019-09-06 20:23:30:853,0.2123,0.4249,9.7663,-0.0007,-0.0016,9.8066,0.0137,-0.0018,-0.007,-4.06,-37.06,-7.5,172.87,-85.23,140.43
52.403446,-1.558805,162.6,3.39,3,357.73,21 / 22,3805210,2019-09-06 20:23:30:953,0.0587,0.1758,9.8277,0,-0.0001,9.8066,-0.006,-0.0073,-0.0042,-3.69,-36.44,-8.19,170.05,-85.25,140.22
52.403446,-1.558805,162.6,3.39,3,357.73,21 / 22,3805310,2019-09-06 20:23:31:053,0.1089,0.3206,9.776,-0.0008,-0.0007,9.8066,0.0005,-0.0003,0.0058,-3.5,-36.56,-8.06,165.66,-85.26,140.06
52.403446,-1.558805,162.6,3.39,3,357.73,20 / 21,3805409,2019-09-06 20:23:31:152,0.1421,0.4172,9.774,-0.0022,-0.0039,9.8066,0.009,-0.0033,0.0048,-3.62,-36.87,-8.19,169.9,-85.28,139.95
52.403446,-1.558805,162.6,3.39,3,357.73,20 / 21,3805510,2019-09-06 20:23:31:253,0.0744,0.001,9.8729,-0.0013,-0.0016,9.8066,-0.0033,-0.0084,-0.0017,-3.56,-36.75,-7.69,169.75,-85.3,139.76
52.403446,-1.558805,162.6,3.39,3,357.73,20 / 21,3805609,2019-09-06 20:23:31:352,0.0281,0.2742,9.9027,0.0001,-0.0012,9.8066,-0.0081,0.0019,-0.0053,-3.69,-36.81,-7.81,169.63,-85.32,139.62
52.403446,-1.558805,162.6,3.39,3,357.73,20 / 21,3805709,2019-09-06 20:23:31:452,-0.0454,-0.0321,9.8698,-0.0012,-0.0015,9.8066,0.0021,-0.0076,0.009,-3.5,-36.69,-7.81,165.13,-85.33,139.44
52.403446,-1.558805,162.6,3.39,3,357.73,20 / 21,3805809,2019-09-06 20:23:31:552,0.0303,0.0939,9.927,-0.0003,-0.0033,9.8066,0.0205,-0.0058,0.0112,-3.81,-36.75,-8,169.28,-85.37,139.19
52.403446,-1.558805,162.6,3.39,3,357.73,20 / 21,3805910,2019-09-06 20:23:31:653,0.1678,0.1672,9.7808,-0.0007,-0.0019,9.8066,-0.013,-0.0007,-0.0124,-3.25,-37.19,-7.75,164.97,-85.39,139.28
52.403446,-1.558805,162.6,3.39,3,357.73,20 / 21,3806010,2019-09-06 20:23:31:753,0.208,0.4192,9.8479,-0.0018,-0.0017,9.8066,0.0077,-0.0117,0.0054,-3.12,-36.31,-8.06,164.75,-85.4,139.13
52.403446,-1.558805,162.6,3.39,3,357.73,20 / 21,3806109,2019-09-06 20:23:31:852,0.247,0.6489,9.8292,-0.0002,-0.0019,9.8066,-0.004,-0.0029,0.01,-3.44,-36.87,-8.37,164.65,-85.42,138.88
52.403446,-1.558805,162.6,3.39,3,357.73,20 / 21,3806211,2019-09-06 20:23:31:954,0.2149,0.5188,9.8839,0.0023,0.0014,9.8066,-0.0095,-0.0087,-0.0118,-3.87,-36.25,-8.25,169.39,-85.39,139.44
52.403446,-1.558805,162.6,3.39,3,357.73,20 / 21,3806310,2019-09-06 20:23:32:053,0.2412,0.5814,9.8652,-0.0007,-0.0005,9.8066,-0.0023,-0.0077,0.0072,-3.69,-37.12,-7.62,169.36,-85.4,139.32
52.403446,-1.558805,162.6,3.39,3,357.73,20 / 21,3806409,2019-09-06 20:23:32:152,0.181,0.49,9.8619,0.0006,-0.0006,9.8066,0.0005,0.0017,0.0082,-4,-37.06,-8.06,169.12,-85.43,139.02
52.403446,-1.558805,162.6,3.39,3,357.73,20 / 21,3806510,2019-09-06 20:23:32:253,0.2759,0.3969,9.8283,0.0005,-0.0008,9.8066,-0.0043,-0.0117,-0.0127,-3.62,-36.62,-7.69,169.11,-85.44,139.02
52.403446,-1.558805,162.6,3.39,3,357.73,20 / 21,3806609,2019-09-06 20:23:32:352,0.3016,0.7256,9.8249,-0.002,0,9.8066,-0.0004,0.0079,0.0065,-3.44,-36.37,-7.81,164.52,-85.44,138.88
52.403446,-1.558805,162.6,3.39,3,357.73,20 / 21,3806709,2019-09-06 20:23:32:452,0.2265,0.4496,9.8002,0.0011,0.0005,9.8066,0.0102,-0.0099,0.0067,-3.12,-37.19,-8.31,164.52,-85.44,138.73
52.403446,-1.558805,162.6,3.39,3,357.73,20 / 21,3806810,2019-09-06 20:23:32:553,0.2224,0.6019,9.8676,0.0001,-0.0007,9.8066,0.0029,0,-0.0105,-3.19,-36.81,-8.25,164.52,-85.46,138.76
52.403446,-1.558805,162.6,3.39,3,357.73,20 / 21,3806910,2019-09-06 20:23:32:653,0.2102,0.4859,9.7909,-0.0002,0.0019,9.8066,-0.0016,-0.0001,0.0058,-3.62,-37.31,-8.06,168.88,-85.46,138.73
52.403446,-1.558805,162.6,3.39,3,357.73,20 / 21,3807009,2019-09-06 20:23:32:752,0.1735,0.3237,9.8146,-0.0018,-0.002,9.8066,0.014,-0.0086,0.0112,-3.44,-36.37,-7.62,164.1,-85.47,138.37
52.403446,-1.558805,162.6,3.39,3,357.73,20 / 21,3807110,2019-09-06 20:23:32:853,0.2662,0.6398,9.88,0.0016,-0.0008,9.8066,0.0002,-0.0077,-0.013,-3.81,-36.87,-7.94,168.73,-85.48,138.54
52.403446,-1.558805,162.6,3.39,3,357.73,20 / 21,3807210,2019-09-06 20:23:32:953,0.1916,0.3768,9.8937,-0.0008,0.0008,9.8066,-0.0035,-0.0143,-0.0037,-3.56,-36.62,-8.12,168.85,-85.48,138.7
52.403446,-1.558805,162.6,3.39,3,357.73,20 / 21,3807310,2019-09-06 20:23:33:053,0.2669,0.4201,9.9435,-0.0006,-0.0006,9.8066,0.0076,0.0095,0.0167,-3.69,-36.44,-8.37,168.62,-85.48,138.5
52.403446,-1.558805,162.6,3.39,3,357.73,20 / 21,3807409,2019-09-06 20:23:33:152,0.1725,0.5713,9.8897,0.0004,-0.0014,9.8065,-0.0032,0.0009,0.0156,-3.75,-36.81,-7.75,168.74,-85.48,138.56
52.403446,-1.558805,162.6,3.39,3,357.73,20 / 21,3807510,2019-09-06 20:23:33:253,0.2929,0.3781,9.8026,0.0003,0.0004,9.8066,0.0002,-0.0002,0.0144,-3.56,-36.19,-8.25,168.83,-85.48,138.77
52.403446,-1.558805,162.6,3.39,3,357.73,20 / 21,3807610,2019-09-06 20:23:33:353,0.2992,0.4956,9.8307,-0.0012,-0.002,9.8066,-0.001,-0.0117,-0.012,-3.44,-37.25,-7.94,164.41,-85.47,138.63
52.403446,-1.558805,162.6,3.39,3,357.73,20 / 21,3807710,2019-09-06 20:23:33:453,0.3103,0.6743,9.745,0.0024,-0.0008,9.8066,-0.0026,0.0053,0.0002,-3.37,-36.62,-8.37,164.56,-85.48,138.84
52.403446,-1.558805,162.6,3.39,3,357.73,20 / 21,3807809,2019-09-06 20:23:33:552,0.2771,0.4159,9.9297,0.001,-0.0007,9.8066,-0.0042,-0.0075,0.0176,-3.19,-36.94,-8,164.69,-85.47,138.99
52.403446,-1.558805,162.6,3.39,3,357.73,20 / 21,3807910,2019-09-06 20:23:33:653,0.2338,0.5933,9.8568,-0.002,-0.0009,9.8066,-0.0003,-0.0005,-0.0119,-3.19,-36.75,-8.12,164.71,-85.46,139.02
52.403446,-1.558805,162.6,3.39,3,357.73,20 / 21,3808010,2019-09-06 20:23:33:753,0.1944,0.467,9.7814,0.0025,0.0021,9.8066,0.0018,0.0016,0.0028,-3.62,-36.87,-8.44,169.27,-85.46,139.25
52.403446,-1.558805,162.6,3.39,3,357.73,20 / 21,3808110,2019-09-06 20:23:33:853,0.1782,0.379,9.892,0.0018,0.0008,9.8066,0.0097,-0.0148,0.0091,-2.81,-36.62,-7.62,165.06,-85.45,139.46
52.403446,-1.558805,162.6,3.39,3,357.73,20 / 21,3808210,2019-09-06 20:23:33:953,0.2019,0.519,9.7692,-0.0001,0.0007,9.8066,0.0016,0.0029,-0.0137,-3.44,-37.19,-8.06,165.18,-85.42,139.59
52.403446,-1.558805,162.6,3.39,3,357.73,20 / 21,3808310,2019-09-06 20:23:34:053,0.3221,0.4421,9.8751,0.0013,-0.0005,9.8066,0.0059,-0.0002,0.0124,-3.81,-37.31,-7.44,172.24,-85.43,139.69
52.403446,-1.558805,162.6,3.39,3,357.73,19 / 20,3808409,2019-09-06 20:23:34:152,0.1957,0.4923,9.8812,-0.0001,0.0037,9.8066,0.0066,-0.0104,-0.0055,-3.25,-37.12,-7.62,165.53,-85.42,140.06
52.403446,-1.558805,162.6,3.39,3,357.73,19 / 20,3808510,2019-09-06 20:23:34:253,0.2536,0.4754,9.7569,0.0004,0.0023,9.8066,-0.0008,-0.0002,-0.0073,-3.69,-36.56,-7.69,169.97,-85.38,140.11
52.403446,-1.558805,162.6,3.39,3,357.73,19 / 20,3808609,2019-09-06 20:23:34:352,0.2135,0.5569,9.8771,0.0022,0.0029,9.8066,-0.0025,-0.0037,0.0126,-3.31,-36.75,-8.19,165.87,-85.35,140.44
52.403446,-1.558805,162.6,3.39,3,357.73,19 / 20,3808710,2019-09-06 20:23:34:453,0.1872,0.3656,9.7968,0.0009,0.0027,9.8066,0.0063,-0.0169,0.0009,-3.81,-36.31,-8.12,170.29,-85.33,140.58
52.403446,-1.558805,162.6,3.39,3,357.73,19 / 20,3808810,2019-09-06 20:23:34:553,0.1779,0.5214,9.9052,0.0012,0.0019,9.8066,-0.0084,0.0146,-0.002,-3.25,-37.25,-8.31,166.09,-85.32,140.71
52.403446,-1.558805,162.6,3.39,3,357.73,19 / 20,3808909,2019-09-06 20:23:34:652,0.2417,0.3979,9.7749,0.0025,0.0035,9.8066,-0.0059,0.0001,0.0121,-3.69,-36.81,-7.75,170.7,-85.31,141.03
52.403446,-1.558805,162.6,3.39,3,357.73,19 / 20,3809010,2019-09-06 20:23:34:753,0.2017,0.5229,9.8486,-0.0009,0.0007,9.8066,0.0042,-0.0144,-0.009,-3.5,-36.75,-8.62,164.41,-85.29,141.08
52.403446,-1.558805,162.6,3.39,3,357.73,19 / 20,3809109,2019-09-06 20:23:34:852,0.2723,0.4256,9.7618,0,0.0005,9.8066,0.0017,0.0056,0.0042,-3.5,-36.25,-7.69,166.48,-85.26,141.3
52.403446,-1.558805,162.6,3.39,3,357.73,19 / 20,3809210,2019-09-06 20:23:34:953,0.1213,0.5314,9.8642,0.0006,0.0023,9.8066,-0.0008,-0.0043,0.0018,-3.06,-37.19,-8.44,166.9,-85.23,141.71
52.403446,-1.558805,162.6,3.39,3,357.73,19 / 20,3809310,2019-09-06 20:23:35:053,0.1517,0.4188,9.837,0.0016,0.0046,9.8066,0.0056,-0.0137,-0.0092,-3.06,-36.87,-7.75,167.08,-85.21,141.94
52.403446,-1.558805,162.6,3.39,3,357.73,19 / 20,3809409,2019-09-06 20:23:35:152,0.086,0.4474,9.9082,0.0024,0.0043,9.8066,0.0057,-0.0082,0.0116,-3.31,-36.37,-7.87,167.2,-85.18,142.18
52.403446,-1.558805,162.6,3.39,3,357.73,19 / 20,3809510,2019-09-06 20:23:35:253,0.1592,0.4953,9.7711,0.0009,0.003,9.8066,-0.0048,0.0095,-0.0003,-3.37,-36.62,-7.75,167.61,-85.15,142.59
52.403446,-1.558805,162.6,3.39,3,357.73,19 / 20,3809610,2019-09-06 20:23:35:353,0.2155,0.4653,9.8977,0.0023,0.0024,9.8066,0.0045,-0.0071,0.0029,-3.69,-36.5,-8.12,172.15,-85.12,142.94
52.403446,-1.558805,162.6,3.39,3,357.73,19 / 20,3809710,2019-09-06 20:23:35:453,0.13,0.2773,9.8279,0.0008,0.0024,9.8066,0.0052,-0.0194,-0.004,-3.25,-36.75,-7.62,168.01,-85.09,143.09
52.403446,-1.558805,162.6,3.39,3,357.73,19 / 20,3809810,2019-09-06 20:23:35:553,0.0955,0.4388,9.9402,0.0018,0.0007,9.8066,0.0008,0.0016,-0.0039,-3.31,-36.44,-8.62,166.24,-85.06,143.39
52.403446,-1.558805,162.6,3.39,3,357.73,19 / 20,3809910,2019-09-06 20:23:35:653,0.2228,0.3487,9.7847,0.0025,0.0018,9.8066,-0.0018,0.001,0.0096,-3.87,-37.06,-7.94,172.88,-85.04,143.81
52.403446,-1.558805,162.6,3.39,3,357.73,19 / 20,3810010,2019-09-06 20:23:35:753,0.2112,0.4806,9.8561,0.0011,0.0013,9.8066,0.0054,-0.0141,-0.0123,-3.56,-36.56,-7.81,172.99,-85.01,143.93
52.403446,-1.558805,162.6,3.39,3,357.73,19 / 20,3810110,2019-09-06 20:23:35:853,0.2801,0.4486,9.7233,0.0015,0.0015,9.8066,-0.0038,0.0098,0.0102,-3.81,-36.44,-8.37,173.2,-84.97,144.27
52.403446,-1.558805,162.6,3.39,3,357.73,19 / 20,3810210,2019-09-06 20:23:35:953,0.1279,0.3964,9.9318,-0.0003,0.0015,9.8066,0.0023,-0.0067,0.0002,-3.62,-36.62,-8.06,173.5,-84.94,144.59
52.403446,-1.558805,162.6,3.39,3,357.73,19 / 20,3810310,2019-09-06 20:23:36:053,0.1808,0.4352,9.8871,-0.0003,0.0021,9.8066,0.0036,-0.0183,-0.0064,-3.75,-36.94,-8,173.56,-84.92,144.66
52.403446,-1.558805,162.6,3.39,3,357.73,20 / 21,3810409,2019-09-06 20:23:36:152,0.0604,0.2075,9.8608,0.0022,0.0036,9.8066,0.0055,0.0095,0.011,-3.44,-36.25,-7.5,171.62,-84.9,144.94
52.403446,-1.558805,162.6,3.39,3,357.73,20 / 21,3810510,2019-09-06 20:23:36:253,0.1025,0.4223,9.8936,0.0001,0.0018,9.8066,0.0035,-0.0079,0.0023,-3.81,-36.87,-8.31,173.98,-84.86,145.21
52.403446,-1.558805,162.6,3.39,3,357.73,20 / 21,3810610,2019-09-06 20:23:36:353,0.2157,0.2995,9.7669,0.0024,0.0025,9.8065,0.0014,0.0013,-0.0016,-3.69,-36.5,-8,174.16,-84.82,145.5
52.403446,-1.558805,162.6,3.39,3,357.73,20 / 21,3810712,2019-09-06 20:23:36:455,0.1841,0.4838,9.8352,0.0026,0.0018,9.8066,0.0122,0.0086,0.0154,-3.31,-36.37,-8.44,170.14,-84.81,145.88
52.403446,-1.558805,162.6,3.39,3,357.73,20 / 21,3810809,2019-09-06 20:23:36:552,0.201,0.3699,9.7157,0.0016,0.0025,9.8066,-0.0046,-0.0191,-0.0054,-3.87,-36.81,-7.94,174.65,-84.77,146.1
52.403446,-1.558805,162.6,3.39,3,357.73,20 / 21,3810910,2019-09-06 20:23:36:653,0.009,0.4241,9.8945,0.0025,0.0031,9.8066,-0.0021,-0.0038,-0.009,-3.19,-37.31,-8.06,170.56,-84.75,146.32
52.403446,-1.558805,162.6,3.39,3,357.73,20 / 21,3811010,2019-09-06 20:23:36:753,0.0397,0.2761,9.8214,0.0015,0.0012,9.8066,0.0004,0.0058,0.0135,-3.25,-37.06,-8.44,170.79,-84.74,146.63
52.403446,-1.558805,162.6,3.39,3,357.73,20 / 21,3811110,2019-09-06 20:23:36:853,0.0532,0.3906,9.8829,0.0005,0.0009,9.8066,-0.0108,-0.002,-0.0073,-3.62,-36.69,-7.5,177.54,-84.72,146.77
52.403446,-1.558805,162.6,3.39,3,357.73,20 / 21,3811210,2019-09-06 20:23:36:953,0.2141,0.3195,9.8076,0.0021,0.0016,9.8066,0.0016,-0.002,0.0057,-3.69,-36.69,-7.87,175.4,-84.67,147.09
52.403446,-1.558805,162.6,3.39,3,357.73,20 / 21,3811310,2019-09-06 20:23:37:053,0.1731,0.4016,9.8492,0.0017,0.0031,9.8066,-0.0061,0.0013,0.0131,-3.62,-36.69,-7.56,175.65,-84.64,147.43
52.403446,-1.558805,162.6,3.39,3,357.73,20 / 21,3811410,2019-09-06 20:23:37:153,0.065,0.2538,9.8058,0.0009,0.0008,9.8066,0.0011,-0.0001,-0.0073,-3.62,-36.87,-8.19,175.78,-84.62,147.6
52.403446,-1.558805,162.6,3.39,3,357.73,20 / 21,3811509,2019-09-06 20:23:37:252,0.2203,0.3827,9.812,0.0001,0.0011,9.8066,0.0142,-0.02,0.0127,-3.87,-36.44,-8,175.97,-84.58,147.89
52.403446,-1.558805,162.6,3.39,3,357.73,20 / 21,3811610,2019-09-06 20:23:37:353,0.1924,0.2882,9.8141,0.0027,0.0039,9.8066,-0.0045,0.0055,-0.0039,-3.81,-37.06,-8.12,176.17,-84.55,148.12
52.403446,-1.558805,162.6,3.39,3,357.73,20 / 21,3811710,2019-09-06 20:23:37:453,0.1361,0.5124,9.8365,0.0015,0.0024,9.8065,-0.0032,-0.006,0.0031,-3.62,-37.12,-8.06,176.42,-84.51,148.45
52.403446,-1.558805,162.6,3.39,3,357.73,20 / 21,3811810,2019-09-06 20:23:37:553,0.0684,0.1534,9.885,0.0026,0.0024,9.8065,0.0031,-0.0161,0.0012,-3.44,-36.87,-7.62,172.3,-84.49,148.58
52.403446,-1.558805,162.6,3.39,3,357.73,20 / 21,3811909,2019-09-06 20:23:37:652,0.0739,0.4008,9.8576,0.0006,-0.0014,9.8066,0.0001,0.0044,-0.0026,-3.25,-37.25,-7.44,174.61,-84.45,148.91
52.403446,-1.558805,162.6,3.39,3,357.73,20 / 21,3812010,2019-09-06 20:23:37:753,0.014,0.2742,9.8735,-0.0002,0.0005,9.8065,0.0024,-0.0055,0.0131,-4,-36.19,-7.56,176.81,-84.44,149.02
52.403446,-1.558805,162.6,3.39,3,357.73,20 / 21,3812112,2019-09-06 20:23:37:855,0.1116,0.3452,9.7937,0.0031,0.0019,9.8066,0.0005,-0.0151,-0.0099,-3.5,-36.5,-7.94,172.83,-84.39,149.36
52.403446,-1.558805,162.6,3.39,3,357.73,20 / 21,3812210,2019-09-06 20:23:37:953,0.0596,0.2577,9.8802,0.0016,0.0022,9.8065,-0.0046,0.0056,0.0118,-3.56,-36.62,-7.94,177.29,-84.37,149.64
52.403446,-1.558805,162.6,3.39,3,357.73,20 / 21,3812310,2019-09-06 20:23:38:053,0.0683,0.3679,9.8379,0.0016,0.0038,9.8066,-0.0009,0.0048,0.0157,-4.06,-37.12,-7.94,177.39,-84.32,149.77
52.403446,-1.558805,162.6,3.39,3,357.73,20 / 21,3812410,2019-09-06 20:23:38:153,0.05,0.2766,9.8858,0.0028,0.0033,9.8066,0.0006,-0.0103,-0.0107,-3.12,-36.81,-8.19,173.44,-84.3,150.09
52.403446,-1.558805,162.6,3.39,3,357.73,20 / 21,3812510,2019-09-06 20:23:38:253,0.1922,0.3047,9.7484,-0.0003,0.0013,9.8066,0.005,-0.0098,0.0102,-3.62,-36.44,-7.62,177.71,-84.27,150.23
52.403446,-1.558805,162.6,3.39,3,357.73,20 / 21,3812609,2019-09-06 20:23:38:352,0.1132,0.2652,9.8959,0.0017,0.0027,9.8066,0.0018,0.0063,-0.0024,-3.62,-37,-7.75,177.8,-84.25,150.34
52.403446,-1.558805,162.6,3.39,3,357.73,20 / 21,3812710,2019-09-06 20:23:38:453,-0.0045,0.2194,9.8245,0.0006,0.0018,9.8066,0.0034,-0.0015,-0.0025,-3.37,-36.37,-7.81,173.8,-84.21,150.64
52.403446,-1.558805,162.6,3.39,3,357.73,20 / 21,3812809,2019-09-06 20:23:38:552,0.0211,0.2669,9.9072,0.0011,0.0024,9.8066,0.005,-0.0112,0.0011,-3.56,-37.12,-8,178.1,-84.19,150.74
52.403446,-1.558805,162.6,3.39,3,357.73,20 / 21,3812910,2019-09-06 20:23:38:653,0.0596,0.2462,9.7986,0.0007,0.002,9.8066,0.0009,0.0069,-0.0035,-3.81,-36.94,-7.69,178.21,-84.17,150.89
52.403446,-1.558805,162.6,3.39,3,357.73,20 / 21,3813010,2019-09-06 20:23:38:753,0.1102,0.3006,9.8862,-0.0001,0.0012,9.8066,-0.004,-0.0004,0.0073,-3.69,-36.81,-8.12,178.33,-84.13,151.06
52.403446,-1.558805,162.6,3.39,3,357.73,20 / 21,3813110,2019-09-06 20:23:38:853,0.0538,0.1701,9.8132,0.002,0.0013,9.8066,0.0046,-0.0199,0.001,-3.44,-36.69,-8,174.33,-84.1,151.28
52.403446,-1.558805,162.6,3.39,3,357.73,20 / 21,3813210,2019-09-06 20:23:38:953,-0.0397,0.222,9.9269,0.0011,0.0015,9.8066,-0.007,0.0075,0.0036,-4,-36.37,-7.69,178.62,-84.08,151.49
52.403446,-1.558805,162.6,3.39,3,357.73,20 / 21,3813310,2019-09-06 20:23:39:053,0.092,0.1287,9.8011,0.0009,0.0035,9.8066,-0.0067,-0.001,0.0143,-3.44,-36.75,-8.06,174.5,-84.06,151.51
52.403446,-1.558805,162.6,3.39,3,357.73,19 / 20,3813409,2019-09-06 20:23:39:152,0.1063,0.3076,9.8527,0.0031,0.0028,9.8066,0.001,-0.0123,-0.0088,-3.81,-37.06,-8.25,178.87,-84.03,151.82
52.403446,-1.558805,162.6,3.39,3,357.73,19 / 20,3813510,2019-09-06 20:23:39:253,0.0886,0.2208,9.7368,-0.0003,0.0024,9.8066,0.0053,0.001,0.0057,-3.06,-36.12,-8.37,174.79,-83.99,151.96
52.403446,-1.558805,162.6,3.39,3,357.73,19 / 20,3813609,2019-09-06 20:23:39:352,0.0039,0.3157,9.9119,0.0015,0.0031,9.8066,-0.0002,-0.0053,-0.0019,-3.31,-36.87,-7.75,174.9,-83.97,152.05
52.403446,-1.558805,162.6,3.39,3,357.73,19 / 20,3813710,2019-09-06 20:23:39:453,0.0393,0.2083,9.7959,0.0022,0.0039,9.8066,-0.003,-0.0129,-0.0093,-3.69,-36.19,-8.06,179.21,-83.93,152.31
52.403446,-1.558805,162.6,3.39,3,357.73,19 / 20,3813810,2019-09-06 20:23:39:553,-0.0094,0.244,9.8655,0.0011,0.0026,9.8066,0.0112,0.0082,0.0081,-3.75,-36.37,-7.94,179.22,-83.91,152.33
52.403446,-1.558805,162.6,3.39,3,357.73,19 / 20,3813909,2019-09-06 20:23:39:652,0.1762,0.1356,9.775,-0.0005,-0.0002,9.8066,0.0087,-0.015,0.0077,-3.75,-36.25,-7.81,179.23,-83.87,152.35
52.403446,-1.558805,162.6,3.39,3,357.73,19 / 20,3814010,2019-09-06 20:23:39:753,0.04,0.2622,9.9123,0.0014,0.0011,9.8066,-0.0002,-0.0065,-0.0062,-3.44,-36.56,-7.56,175.27,-83.86,152.55
52.403446,-1.558805,162.6,3.39,3,357.73,19 / 20,3814110,2019-09-06 20:23:39:853,-0.0127,0.1917,9.7563,-0.0008,0.0001,9.8066,0.006,0.0105,0.016,-4.06,-36.69,-7.81,179.31,-83.83,152.45
52.403446,-1.558805,162.6,3.39,3,357.73,19 / 20,3814209,2019-09-06 20:23:39:952,0.0899,0.3095,9.8511,0.0022,0.0023,9.8066,-0.0146,-0.004,0.0001,-3.56,-36.12,-8.5,179.45,-83.81,152.64
52.403446,-1.558805,162.6,3.39,3,357.73,19 / 20,3814310,2019-09-06 20:23:40:053,0.0547,0.1616,9.7726,-0.0001,0.0014,9.8066,0.0067,-0.0098,-0.0018,-3.25,-36.37,-7.69,175.42,-83.79,152.81
52.403446,-1.558805,162.6,3.39,3,357.73,19 / 20,3814410,2019-09-06 20:23:40:153,0.0903,0.2614,9.8743,0.0013,0.0027,9.8066,-0.0041,-0.0008,0.0038,-3.44,-36.25,-7.75,175.45,-83.77,152.85
52.403446,-1.558805,162.6,3.39,3,357.73,19 / 20,3814509,2019-09-06 20:23:40:252,-0.0183,0.125,9.8603,0.0007,0.004,9.8066,-0.0103,0.0151,-0.0013,-3.37,-36.62,-7.87,175.58,-83.75,152.96
52.403446,-1.558805,162.6,3.39,3,357.73,19 / 20,3814610,2019-09-06 20:23:40:353,-0.013,0.2846,9.8479,0.001,0.0023,9.8066,0.0108,-0.0126,0.0079,-3.56,-36.94,-7.69,179.74,-83.71,153.06
52.403446,-1.558805,162.6,3.39,3,357.73,19 / 20,3814710,2019-09-06 20:23:40:453,-0.0516,0.1418,9.8486,0.002,0.0019,9.8066,0.0101,-0.0176,-0.0078,-3.87,-36.62,-7.62,179.92,-83.67,153.31
52.403446,-1.558805,162.6,3.39,3,357.73,19 / 20,3814809,2019-09-06 20:23:40:552,0.0604,0.2156,9.8072,0.0003,0.0036,9.8066,0.0015,0.0056,0.0142,-3.5,-36.62,-8.19,175.89,-83.64,153.39
52.403446,-1.558805,162.6,3.39,3,357.73,19 / 20,3814909,2019-09-06 20:23:40:652,0.0017,0.1053,9.8597,0.0017,0.0012,9.8066,-0.0006,-0.007,-0.0027,-3.81,-36.81,-8.12,179.98,-83.62,153.41
52.403446,-1.558805,162.6,3.39,3,357.73,19 / 20,3815010,2019-09-06 20:23:40:753,-0.0611,0.09,9.8276,0.0023,0.0024,9.8066,0.0066,-0.0099,-0.0012,-3.62,-36.87,-7.69,180.07,-83.6,153.54
52.403446,-1.558805,162.6,3.39,3,357.73,19 / 20,3815109,2019-09-06 20:23:40:852,0.0456,0.2215,9.8707,-0.0008,-0.0003,9.8066,0.0113,0.0042,0.0068,-3.31,-36.75,-7.94,176,-83.59,153.54
52.403446,-1.558805,162.6,3.39,3,357.73,19 / 20,3815209,2019-09-06 20:23:40:952,0.0441,0.2935,9.7659,0.0014,0.0002,9.8066,-0.0039,-0.0215,-0.0036,-3.37,-36.31,-7.37,177.92,-83.57,153.64
52.403446,-1.558805,162.6,3.39,3,357.73,19 / 20,3815310,2019-09-06 20:23:41:053,0.0537,0.0598,9.8464,0.001,0.0003,9.8066,-0.0019,0.0005,-0.0063,-3,-36.75,-7.81,176.21,-83.56,153.83
52.403446,-1.558805,162.6,3.39,3,357.73,19 / 20,3815409,2019-09-06 20:23:41:152,-0.0626,0.213,9.8152,-0.0015,0.0004,9.8066,0.0023,-0.0018,0.0109,-3.5,-36.37,-7.94,176.1,-83.54,153.72
52.403446,-1.558805,162.6,3.39,3,357.73,19 / 20,3815510,2019-09-06 20:23:41:253,-0.086,0.1406,9.9019,0.0009,0.002,9.8066,-0.0099,0.0037,-0.0115,-3.31,-36.5,-7.94,176.24,-83.52,153.92
52.403446,-1.558805,162.6,3.39,3,357.73,19 / 20,3815609,2019-09-06 20:23:41:352,0.0009,0.2395,9.8038,0.0002,-0.0008,9.8066,0.0038,-0.013,0.0072,-3.75,-36.87,-7.62,180.37,-83.51,153.98
52.403446,-1.558805,162.6,3.39,3,357.73,19 / 20,3815710,2019-09-06 20:23:41:453,0.0843,0.144,9.9173,0.0021,0.0022,9.8066,-0.0017,-0.0044,0.0014,-3.62,-36.81,-7.94,180.38,-83.5,153.99
52.403446,-1.558805,162.6,3.39,3,357.73,19 / 20,3815810,2019-09-06 20:23:41:553,0.0407,0.0813,9.8006,0.0002,0.0016,9.8066,0.0023,0.0068,0.0042,-3.12,-36.75,-7.94,176.42,-83.48,154.13
52.403446,-1.558805,162.6,3.39,3,357.73,19 / 20,3815910,2019-09-06 20:23:41:653,-0.0916,0.1612,9.9293,0.0007,0.0004,9.8066,0.007,-0.0115,0.0064,-3.62,-37.25,-8.06,180.45,-83.46,154.09
52.403446,-1.558805,162.6,3.39,3,357.73,19 / 20,3816010,2019-09-06 20:23:41:753,0.082,0.0764,9.8057,0.0023,0.0018,9.8066,0.002,-0.0024,-0.0053,-3.87,-37,-7.94,180.57,-83.45,154.27
52.403446,-1.558805,162.6,3.39,3,357.73,19 / 20,3816109,2019-09-06 20:23:41:852,0.0551,0.2201,9.838,-0.0004,-0.0001,9.8066,0.013,0.0056,0.0106,-3.56,-36.44,-7.62,180.57,-83.44,154.26
52.403446,-1.558805,162.6,3.39,3,357.73,19 / 20,3816209,2019-09-06 20:23:41:952,0.0755,0.0852,9.7966,0.001,0.0009,9.8066,0.0027,-0.001,0.0035,-3.87,-36.5,-7.81,180.67,-83.42,154.41
52.403446,-1.558805,162.6,3.39,3,357.73,19 / 20,3816310,2019-09-06 20:23:42:053,-0.066,0.201,9.8553,0.0003,0,9.8066,0.0008,-0.0053,-0.0018,-3.5,-36.75,-8.56,175.13,-83.41,154.55
52.403446,-1.558805,162.6,3.39,3,357.73,19 / 21,3816411,2019-09-06 20:23:42:154,-0.0059,0.1851,9.8779,0,0.0001,9.8066,0.0053,-0.0035,0.0104,-3.25,-36.75,-7.87,176.73,-83.4,154.57
52.403446,-1.558805,162.6,3.39,3,357.73,19 / 21,3816510,2019-09-06 20:23:42:253,-0.0629,0.0531,9.8278,0.0031,0.0028,9.8066,-0.0104,0.0061,-0.0081,-3.31,-36.62,-8.06,176.93,-83.37,154.85
52.403446,-1.558805,162.6,3.39,3,357.73,19 / 21,3816609,2019-09-06 20:23:42:352,-0.1329,0.1842,9.843,0,0.0018,9.8066,0.0145,-0.0264,0.0131,-3.62,-36.56,-7.94,180.95,-83.35,154.84
52.403446,-1.558805,162.6,3.39,3,357.73,19 / 21,3816710,2019-09-06 20:23:42:453,-0.0646,0.0792,9.8278,0.0015,0.0024,9.8066,-0.0015,-0.0057,-0.0058,-3.62,-36.56,-7.81,180.98,-83.34,154.88
52.403446,-1.558805,162.6,3.39,3,357.73,19 / 21,3816810,2019-09-06 20:23:42:553,0.0179,0.1693,9.8226,0.0006,0.0012,9.8065,0.0047,0.0133,0.0084,-3.69,-37,-8.19,181.11,-83.32,155.08
52.403446,-1.558805,162.6,3.39,3,357.73,19 / 21,3816909,2019-09-06 20:23:42:652,0.0366,0.0142,9.8637,0.0007,0.0005,9.8066,0.007,-0.0139,0.01,-3.37,-36.94,-8.19,177.11,-83.3,155.11
52.403446,-1.558805,162.6,3.39,3,357.73,19 / 21,3817010,2019-09-06 20:23:42:753,0.0056,0.1926,9.8465,0.0012,0.001,9.8066,0.0061,0,-0.0068,-4.06,-36.75,-7.81,181.24,-83.29,155.27
52.403446,-1.558805,162.6,3.39,3,357.73,19 / 21,3817109,2019-09-06 20:23:42:852,-0.002,0.0498,9.8812,-0.002,-0.0006,9.8066,0.0074,0.0042,0.0175,-3.69,-36.87,-8.31,181.21,-83.29,155.22
52.403446,-1.558805,162.6,3.39,3,357.73,19 / 21,3817210,2019-09-06 20:23:42:953,0.0445,0.1903,9.7782,0.0005,0.0012,9.8066,-0.0031,-0.0103,-0.0088,-3.62,-36.75,-8,181.26,-83.27,155.3
52.403446,-1.558805,162.6,3.39,3,357.73,19 / 21,3817310,2019-09-06 20:23:43:053,0.0206,0.0024,9.8178,-0.0001,0.0005,9.8066,0.0016,-0.0061,-0.0045,-3.44,-36.5,-7.87,177.27,-83.27,155.39
52.403446,-1.558805,162.6,3.39,3,357.73,19 / 20,3817410,2019-09-06 20:23:43:153,-0.0861,0.1107,9.8576,-0.0018,0.0003,9.8066,-0.0012,0.0078,0.0077,-3.69,-36.81,-7.75,181.23,-83.26,155.25
52.403446,-1.558805,162.6,3.39,3,357.73,19 / 20,3817510,2019-09-06 20:23:43:253,-0.0764,-0.014,9.8664,0,-0.0004,9.8066,-0.0001,-0.016,-0.0058,-3.69,-36.75,-8.06,181.32,-83.24,155.39
52.403446,-1.558805,162.6,3.39,3,357.73,19 / 20,3817609,2019-09-06 20:23:43:352,-0.0602,0.2226,9.9121,0.0003,0.0021,9.8066,0.001,0.0071,0.0074,-3.56,-36.62,-7.81,181.38,-83.24,155.48
52.403446,-1.558805,162.6,3.39,3,357.73,19 / 20,3817709,2019-09-06 20:23:43:452,0.0705,-0.0263,9.8279,0.0012,0.0038,9.8066,-0.008,0.0007,0.0129,-3.81,-36.81,-7.75,181.37,-83.21,155.47
52.403446,-1.558805,162.6,3.39,3,357.73,19 / 20,3817810,2019-09-06 20:23:43:553,0.0396,0.2292,9.8287,0.002,0.0007,9.8066,-0.0107,-0.0131,-0.0171,-3.5,-36.69,-8.06,177.45,-83.21,155.61
52.403446,-1.558805,162.6,3.39,3,357.73,19 / 20,3817910,2019-09-06 20:23:43:653,-0.028,0.0896,9.7641,-0.002,-0.0005,9.8066,0.0157,-0.0055,0.0134,-3.37,-36.94,-7.69,177.4,-83.2,155.53
52.403446,-1.558805,162.6,3.39,3,357.73,19 / 20,3818010,2019-09-06 20:23:43:753,-0.0306,0.1672,9.8969,0.0009,0.003,9.8066,-0.0037,-0.0061,-0.0004,-4,-36.94,-7.44,183.39,-83.18,155.47
52.403446,-1.558805,162.6,3.39,3,357.73,19 / 20,3818109,2019-09-06 20:23:43:852,-0.0849,0.0309,9.818,0,0.0012,9.8066,-0.0078,-0.0108,-0.0117,-3.62,-36.44,-7.81,181.45,-83.17,155.56
52.403446,-1.558805,162.6,3.39,3,357.73,19 / 20,3818210,2019-09-06 20:23:43:953,-0.0549,0.0971,9.896,-0.0013,0.0026,9.8066,0.0127,0.0013,0.0138,-3.75,-36.31,-7.69,181.36,-83.17,155.43
52.403446,-1.558805,162.6,3.39,3,357.73,19 / 20,3818310,2019-09-06 20:23:44:053,-0.0121,0.0203,9.8152,0.0015,-0.0006,9.8066,0.0023,0.0081,-0.004,-3.44,-36.94,-7.75,177.38,-83.17,155.49
52.403446,-1.558805,162.6,3.39,3,357.73,20 / 21,3818409,2019-09-06 20:23:44:152,-0.0756,0.0888,9.9331,-0.001,0,9.8066,0.0076,-0.0073,0.0008,-3.69,-36.75,-8.12,181.41,-83.16,155.53
52.403446,-1.558805,162.6,3.39,3,357.73,20 / 21,3818510,2019-09-06 20:23:44:253,-0.0199,-0.0548,9.8375,-0.001,-0.0002,9.8066,0.0099,0.001,0.0062,-3.75,-36.37,-8,181.42,-83.16,155.53
52.403446,-1.558805,162.6,3.39,3,357.73,20 / 21,3818609,2019-09-06 20:23:44:352,-0.0267,0.2362,9.8179,-0.0002,-0.0004,9.8066,-0.0123,-0.0031,-0.0035,-3.5,-36.31,-7.75,177.35,-83.15,155.47
52.403446,-1.558805,162.6,3.39,3,357.73,20 / 21,3818710,2019-09-06 20:23:44:453,0.0277,0.0334,9.7704,-0.0003,0.0007,9.8066,0.0053,-0.0086,0.0006,-3.75,-36.25,-7.56,181.44,-83.14,155.55
52.403446,-1.558805,162.6,3.39,3,357.73,20 / 21,3818809,2019-09-06 20:23:44:552,0.0415,0.1751,9.8836,0.0004,0.0023,9.8066,-0.0035,-0.0027,0.0021,-3.69,-37.12,-7.81,181.39,-83.13,155.5
52.403446,-1.558805,162.6,3.39,3,357.73,20 / 21,3818909,2019-09-06 20:23:44:652,-0.0965,-0.0363,9.8305,-0.0001,0.0014,9.8066,-0.0095,0.0004,-0.0077,-3.31,-37.37,-7.87,177.44,-83.11,155.57
52.403446,-1.558805,162.6,3.39,3,357.73,20 / 21,3819010,2019-09-06 20:23:44:753,-0.0641,0.0828,9.951,-0.0013,-0.0006,9.8066,0.002,0.0016,0.0114,-3.56,-36.81,-7.87,181.41,-83.11,155.53
52.403446,-1.558805,162.6,3.39,3,357.73,20 / 21,3819109,2019-09-06 20:23:44:852,-0.0523,0.1855,9.8203,0.0016,0.0035,9.8066,-0.0076,-0.0008,0.006,-3.62,-36.62,-7.87,181.38,-83.12,155.48
52.403446,-1.558805,162.6,3.39,3,357.73,20 / 21,3819209,2019-09-06 20:23:44:952,0.0675,0.1029,9.8459,0.0025,0.0022,9.8066,0.0007,-0.0091,0,-3.94,-36.87,-8,181.52,-83.09,155.7
52.403446,-1.558805,162.6,3.39,3,357.73,20 / 21,3819309,2019-09-06 20:23:45:052,0.0655,0.1532,9.7112,-0.0013,0.0002,9.8066,0.0104,-0.0093,0.0049,-3.62,-36.56,-8.19,181.39,-83.09,155.5
52.403446,-1.558805,162.6,3.39,3,357.73,19 / 21,3819410,2019-09-06 20:23:45:153,-0.027,0.0384,9.8992,0.0006,0.0012,9.8066,0.0016,-0.0001,-0.0042,-3.81,-36.5,-8.06,181.4,-83.08,155.5
52.403446,-1.558805,162.6,3.39,3,357.73,19 / 21,3819510,2019-09-06 20:23:45:253,-0.0793,0.0753,9.794,-0.0008,-0.0001,9.8066,0.0039,0.0088,-0.0031,-3.56,-36.69,-8.12,181.37,-83.06,155.49
52.403446,-1.558805,162.6,3.39,3,357.73,19 / 21,3819610,2019-09-06 20:23:45:353,-0.0529,0.1766,9.8944,-0.0006,0.0008,9.8066,0.0004,-0.0156,0.0042,-3.69,-36.81,-8.37,181.34,-83.05,155.43
52.403446,-1.558805,162.6,3.39,3,357.73,19 / 21,3819710,2019-09-06 20:23:45:453,-0.0554,0.0032,9.7836,-0.0003,-0.0002,9.8066,0.0025,0.0009,-0.0065,-3.56,-36.56,-8,181.34,-83.05,155.44
52.403446,-1.558805,162.6,3.39,3,357.73,19 / 21,3819810,2019-09-06 20:23:45:553,-0.035,0.0544,9.8174,-0.0017,0.0004,9.8066,-0.0018,0.0043,0.0141,-3.56,-36.62,-8,181.32,-83.04,155.4
52.403446,-1.558805,162.6,3.39,3,357.73,19 / 21,3819910,2019-09-06 20:23:45:653,-0.0374,0.071,9.86,0.0003,-0.0003,9.8066,0.0035,-0.0124,-0.0023,-3.5,-36.75,-7.87,177.32,-83.03,155.37
52.403446,-1.558805,162.6,3.39,3,357.73,19 / 21,3820010,2019-09-06 20:23:45:753,-0.0842,0.1786,9.8263,-0.0009,-0.0008,9.8066,0.0036,-0.0086,-0.0011,-3.81,-36.12,-7.69,181.33,-83.02,155.4
52.403446,-1.558805,162.6,3.39,3,357.73,19 / 21,3820110,2019-09-06 20:23:45:853,0.0661,0.0986,9.8741,0.0011,0.0026,9.8066,-0.0057,-0.0011,0.0101,-3.25,-36.81,-7.94,177.28,-83.02,155.31
52.403446,-1.558805,162.6,3.39,3,357.73,19 / 21,3820210,2019-09-06 20:23:45:953,-0.0163,0.0475,9.7729,0.0008,0.0035,9.8066,0.0075,-0.0013,0.0037,-3.31,-36.75,-7.75,177.36,-83,155.43
52.403446,-1.558805,162.6,3.39,3,357.73,19 / 21,3820310,2019-09-06 20:23:46:053,-0.022,0.0825,9.8909,-0.0002,-0.0013,9.8066,0.0038,-0.0166,0.0109,-3.5,-36.87,-7.69,177.33,-83,155.39
52.403446,-1.558805,162.6,3.39,3,357.73,19 / 22,3820410,2019-09-06 20:23:46:153,0.0392,-0.0161,9.8155,0.0012,0.0001,9.8066,0.0058,-0.0055,-0.0078,-3.56,-36.69,-7.81,181.37,-83,155.48
52.403446,-1.558805,162.6,3.39,3,357.73,19 / 22,3820509,2019-09-06 20:23:46:252,0.0821,0.2073,9.8791,-0.0012,0.0005,9.8065,0.0126,0.0055,0.0165,-3.62,-36.44,-8.56,179.55,-82.98,155.38
52.403446,-1.558805,162.6,3.39,3,357.73,19 / 22,3820609,2019-09-06 20:23:46:352,0.0559,0.0487,9.7894,0.0003,-0.0008,9.8066,-0.012,-0.0112,-0.0047,-3.37,-36.56,-7.56,177.36,-82.98,155.42
52.403446,-1.558805,162.6,3.39,3,357.73,19 / 22,3820709,2019-09-06 20:23:46:452,-0.0521,0.1211,9.8414,-0.0004,-0.0013,9.8066,0.0005,-0.0075,-0.005,-3.81,-37.06,-8,181.36,-82.98,155.47
52.403446,-1.558805,162.6,3.39,3,357.73,19 / 22,3820810,2019-09-06 20:23:46:553,-0.0824,0.1042,9.8359,-0.0021,-0.0003,9.8066,-0.0016,0.0017,0.011,-3.56,-36.69,-7.75,181.28,-83,155.35
52.403446,-1.558805,162.6,3.39,3,357.73,19 / 22,3820909,2019-09-06 20:23:46:652,-0.0323,0.177,9.8146,0.0009,0.0013,9.8066,-0.0067,0.0045,-0.004,-3.56,-36.94,-7.44,183.3,-82.98,155.38
52.403446,-1.558805,162.6,3.39,3,357.73,19 / 22,3821009,2019-09-06 20:23:46:752,-0.035,-0.0144,9.9141,-0.0011,-0.0005,9.8066,0.0066,-0.0111,0.0053,-3.37,-37.12,-7.81,177.3,-82.98,155.33
52.403446,-1.558805,162.6,3.39,3,357.73,19 / 22,3821110,2019-09-06 20:23:46:853,-0.0938,0.0479,9.8124,0.0006,0.002,9.8066,-0.0049,-0.0087,0.0001,-3.62,-36.44,-7.5,183.31,-82.96,155.36
52.403446,-1.558805,162.6,3.39,3,357.73,19 / 22,3821210,2019-09-06 20:23:46:953,-0.0524,0.0546,9.877,-0.0014,-0.001,9.8066,0.008,0.0192,0.0057,-3.44,-36.5,-7.87,177.28,-82.95,155.35
52.403446,-1.558805,162.6,3.39,3,357.73,19 / 22,3821309,2019-09-06 20:23:47:052,0.0695,0.0073,9.7316,-0.0001,0.0002,9.8066,0.0059,-0.0116,0.0107,-3.56,-36.62,-8.12,181.23,-82.95,155.27
52.403446,-1.558805,162.6,3.39,3,357.73,19 / 20,3821410,2019-09-06 20:23:47:153,0.0893,0.1032,9.8953,0.0012,0.0002,9.8066,0.0013,-0.0075,-0.0152,-3.5,-36.31,-7.87,177.27,-82.95,155.33
52.403446,-1.558805,162.6,3.39,3,357.73,19 / 20,3821510,2019-09-06 20:23:47:253,-0.0187,-0.0471,9.8258,-0.0021,-0.0012,9.8066,0.0143,-0.008,0.0154,-3.5,-36.94,-7.5,178.98,-82.96,155.17
52.403446,-1.558805,162.6,3.39,3,357.73,19 / 20,3821611,2019-09-06 20:23:47:354,-0.0098,0.0935,9.7783,-0.0001,0.0006,9.8066,-0.0054,0.0049,-0.002,-3.44,-36.62,-8.19,177.27,-82.94,155.28
52.403446,-1.558805,162.6,3.39,3,357.73,19 / 20,3821709,2019-09-06 20:23:47:452,-0.0438,-0.0193,9.7997,0.0001,-0.0008,9.8066,-0.0013,-0.0042,0.0036,-3.75,-36.87,-8.31,181.21,-82.93,155.25
52.403446,-1.558805,162.6,3.39,3,357.73,19 / 20,3821810,2019-09-06 20:23:47:553,-0.0181,0.0939,9.8874,-0.0008,-0.0022,9.8066,-0.0026,-0.0142,-0.0068,-3.69,-35.75,-7.94,181.2,-82.94,155.22
52.403446,-1.558805,162.6,3.39,3,357.73,19 / 20,3821910,2019-09-06 20:23:47:653,0.0855,0.0628,9.7657,-0.0008,0.0021,9.8066,-0.0014,0.0014,0.0055,-3.44,-36.75,-8.06,177.27,-82.94,155.28
52.403446,-1.558805,162.6,3.39,3,357.73,19 / 20,3822010,2019-09-06 20:23:47:753,-0.0434,0.0489,9.9149,0.0001,0.0018,9.8066,-0.0012,-0.0042,0.0069,-3.37,-36.69,-8.06,177.21,-82.92,155.19
52.403446,-1.558805,162.6,3.39,3,357.73,19 / 20,3822109,2019-09-06 20:23:47:852,-0.0449,0.0521,9.789,0.0002,-0.0002,9.8066,0.0009,-0.0173,-0.0089,-4.06,-36.44,-7.87,181.27,-82.92,155.33
52.403446,-1.558805,162.6,3.39,3,357.73,19 / 20,3822209,2019-09-06 20:23:47:952,-0.1216,0.1267,9.8851,0,0.0014,9.8066,0.0146,-0.0036,0.0093,-3.37,-36.62,-8.37,177.27,-82.92,155.27
52.403446,-1.558805,162.6,3.39,3,357.73,19 / 20,3822310,2019-09-06 20:23:48:053,-0.0156,-0.1485,9.8641,0.001,-0.0005,9.8066,0.0016,0.0039,-0.0056,-3.06,-36.87,-8.06,177.26,-82.92,155.26
52.403446,-1.558805,162.6,3.39,3,357.73,19 / 20,3822410,2019-09-06 20:23:48:153,0.0149,0.3478,9.8803,-0.0013,-0.0007,9.8066,-0.0062,-0.014,0.0043,-3.5,-36.25,-8.06,177.24,-82.91,155.26
52.403446,-1.558805,162.6,3.39,3,357.73,19 / 20,3822510,2019-09-06 20:23:48:253,-0.0364,-0.1968,9.899,0.0005,0.0017,9.8066,0.0066,-0.0024,0.0016,-2.81,-36.62,-8.12,177.27,-82.9,155.27
52.403446,-1.558805,162.6,3.39,3,357.73,19 / 20,3822610,2019-09-06 20:23:48:353,0.1355,0.3826,9.8054,0.0002,0.0016,9.8066,-0.0052,0.0034,-0.004,-3.62,-36.75,-8.25,181.25,-82.88,155.32
52.403446,-1.558805,162.6,3.39,3,357.73,19 / 20,3822710,2019-09-06 20:23:48:453,0.0721,0.0187,9.845,-0.0014,0.0014,9.8066,-0.0091,0.003,0.0076,-3.69,-36.81,-7.81,181.18,-82.86,155.21
52.403446,-1.558805,162.6,3.39,3,357.73,19 / 20,3822810,2019-09-06 20:23:48:553,0.141,0.3916,9.8324,0.0001,-0.0002,9.8066,0.0001,-0.0017,-0.0027,-3.56,-36.44,-7.81,181.15,-82.87,155.15
52.403446,-1.558805,162.6,3.39,3,357.73,19 / 20,3822910,2019-09-06 20:23:48:653,-0.0009,0.2062,9.8909,0.0013,0.0043,9.8066,-0.0174,-0.0142,-0.0015,-3.44,-36.31,-7.62,177.29,-82.84,155.32
52.403446,-1.558805,162.6,3.39,3,357.73,19 / 20,3823009,2019-09-06 20:23:48:752,-0.0144,0.016,9.8126,0.0009,0.0036,9.8066,0.0095,-0.0023,0.0095,-3.31,-36.44,-7.75,177.27,-82.83,155.29
52.403446,-1.558805,162.6,3.39,3,357.73,19 / 20,3823110,2019-09-06 20:23:48:853,0.1098,0.4196,9.8195,0.0007,-0.0001,9.8066,0.0067,0.0005,0.0112,-3.25,-36.44,-8.44,177.25,-82.82,155.27
52.403446,-1.558805,162.6,3.39,3,357.73,19 / 20,3823210,2019-09-06 20:23:48:953,0.3264,0.58,9.8976,0.0002,-0.0019,9.8066,0.0009,0.0066,-0.0056,-3.19,-36.56,-8.12,177.39,-82.82,155.44
52.403446,-1.558805,162.6,3.39,3,357.73,19 / 20,3823309,2019-09-06 20:23:49:052,0.1154,0.8323,9.9254,0.0012,0.0035,9.8066,0.0158,-0.0037,-0.0038,-3.12,-36.37,-8,177.47,-82.76,155.59
52.403446,-1.558805,162.6,3.39,3,357.73,20 / 22,3823410,2019-09-06 20:23:49:153,0.2146,0.6379,9.9121,0.0005,0.0027,9.8066,0.0117,-0.0148,0.0124,-3.44,-36.44,-7.12,179.32,-82.71,155.72
52.403446,-1.558805,162.6,3.39,3,357.73,20 / 22,3823510,2019-09-06 20:23:49:253,0.5579,1.4023,9.8449,0.0033,0.0053,9.8066,0.0088,-0.0011,-0.0036,-3.31,-36.31,-7.75,177.75,-82.63,155.99
52.403446,-1.558805,162.6,3.39,3,357.73,20 / 22,3823609,2019-09-06 20:23:49:352,0.2782,1.2487,9.8632,0.0023,0.0053,9.8066,0.0132,-0.0247,0.0035,-3.31,-36.69,-7.81,177.84,-82.59,156.1
52.403446,-1.558805,162.6,3.39,3,357.73,20 / 22,3823710,2019-09-06 20:23:49:453,0.3727,0.4091,9.7962,0.0016,0.0025,9.8066,0.0205,0.0161,-0.0051,-3.25,-36.31,-7.87,177.94,-82.57,156.28
52.403446,-1.558805,162.6,3.39,3,357.73,20 / 22,3823810,2019-09-06 20:23:49:553,0.2828,0.7059,9.7263,-0.004,-0.0067,9.8066,-0.0118,-0.0027,0.0101,-3.69,-36.44,-8,181.82,-82.54,156.19
52.403446,-1.558805,162.6,3.39,3,357.73,20 / 22,3823910,2019-09-06 20:23:49:653,0.4728,1.6526,9.9454,0.0023,0.0023,9.8066,0.0076,-0.0012,-0.0108,-3.06,-36.25,-7.62,178.04,-82.49,156.42
52.403446,-1.558805,162.6,3.39,3,357.73,20 / 22,3824009,2019-09-06 20:23:49:752,0.5214,1.9096,9.9153,0.0004,0.0083,9.8066,-0.0005,-0.0009,0.0029,-2.87,-36.25,-7.31,179.79,-82.44,156.46
52.403446,-1.558805,162.6,3.39,3,357.73,20 / 22,3824109,2019-09-06 20:23:49:852,0.6168,1.5587,9.9151,0.0011,0.0043,9.8066,-0.0118,0.0021,0.0099,-2.56,-36.56,-8,177.97,-82.4,156.26
52.403446,-1.558805,162.6,3.39,3,357.73,20 / 22,3824209,2019-09-06 20:23:49:952,0.4998,1.5208,9.8,-0.0024,-0.0008,9.8066,0.0024,-0.0071,-0.0088,-3.12,-36.87,-8.12,177.85,-82.41,156.08
52.403446,-1.558805,162.6,3.39,3,357.73,20 / 22,3824310,2019-09-06 20:23:50:053,0.39,1.0846,9.7706,0.0043,0.008,9.8066,-0.0107,0.0049,-0.0069,-3.31,-35.94,-7.75,177.91,-82.38,156.2
52.403446,-1.558805,162.6,3.39,3,357.73,19 / 21,3824410,2019-09-06 20:23:50:153,0.483,1.9224,9.7181,-0.0024,-0.0047,9.8066,0.0077,0.0032,0.0137,-2.94,-36.19,-7.37,179.79,-82.29,156.46
52.403446,-1.558805,162.6,3.39,3,357.73,19 / 21,3824509,2019-09-06 20:23:50:252,0.5095,1.2608,9.7421,-0.0018,-0.0073,9.8066,0.0041,-0.0041,0.0121,-2.87,-36.12,-7.69,178.07,-82.32,156.45
52.403446,-1.558805,162.6,3.39,3,357.73,19 / 21,3824609,2019-09-06 20:23:50:352,0.7861,2.2867,9.9641,-0.0037,-0.0082,9.8066,-0.0183,-0.0148,0.0047,-3.25,-35.75,-7,179.76,-82.33,156.41
52.403446,-1.558805,162.6,3.39,3,357.73,19 / 21,3824710,2019-09-06 20:23:50:453,1.1431,2.453,9.809,0.0038,0.0119,9.8066,-0.0001,-0.0094,-0.0093,-3.56,-36.37,-7,183.91,-82.29,156.47
52.403446,-1.558805,162.6,3.39,3,357.73,19 / 21,3824810,2019-09-06 20:23:50:553,0.3999,0.8565,10.04,-0.0009,0.0094,9.8066,0.0034,0.0051,-0.025,-3.37,-36.44,-6.87,179.61,-82.29,156.17
52.403446,-1.558805,162.6,3.39,3,357.73,19 / 21,3824909,2019-09-06 20:23:50:652,1.0434,2.361,10.2446,-0.0062,-0.0076,9.8066,0.0036,0.0092,-0.0057,-3.12,-36,-7.37,179.47,-82.24,155.94
52.403446,-1.558805,162.6,3.39,3,357.73,19 / 21,3825010,2019-09-06 20:23:50:753,0.3273,1.1247,10.0373,-0.0077,-0.0151,9.8066,0.0793,0.032,-0.0162,-3.12,-37.06,-7.25,179.08,-82.28,155.3
52.403446,-1.558805,162.6,3.39,3,357.73,19 / 21,3825109,2019-09-06 20:23:50:852,0.8756,2.2888,9.4353,-0.0037,-0.0112,9.8066,0.0293,-0.0513,0.0011,-3.06,-36.31,-7.81,177.37,-82.31,155.35
52.403446,-1.558805,162.6,3.39,3,357.73,19 / 21,3825209,2019-09-06 20:23:50:952,-0.0586,1.6384,9.4992,0.0077,0.0119,9.8066,-0.0227,0.0288,-0.0148,-3.12,-36.06,-7.25,179.44,-82.26,155.89
52.403446,-1.558805,162.6,3.39,3,357.73,19 / 21,3825310,2019-09-06 20:23:51:053,0.7532,1.7114,9.9682,0.0107,0.0206,9.8066,-0.0363,-0.0154,0.0227,-3.37,-36.31,-7,179.62,-82.18,156.18
52.403526,-1.558805,162.63,3.14,2,358.2,19 / 21,3825410,2019-09-06 20:23:51:153,-0.088,1.4588,9.6979,0.0067,0.0015,9.8066,0.0646,-0.0474,0.0381,-3.81,-36.5,-7.19,183.71,-82.2,156.18
52.403526,-1.558805,162.63,3.14,2,358.2,19 / 21,3825509,2019-09-06 20:23:51:252,1.1367,2.126,9.6135,-0.0023,0.0009,9.8066,-0.0242,-0.0206,0.0135,-3.5,-36.69,-6.87,179.69,-82.12,156.29
52.403526,-1.558805,162.63,3.14,2,358.2,19 / 21,3825610,2019-09-06 20:23:51:353,0.8145,1.4284,9.6696,-0.0013,0.0012,9.8066,-0.0341,-0.0584,-0.0249,-3,-36.56,-6.81,179.82,-82.08,156.49
52.403526,-1.558805,162.63,3.14,2,358.2,19 / 21,3825710,2019-09-06 20:23:51:453,0.3607,1.3116,9.8948,-0.0084,-0.0036,9.8066,0.0035,-0.0653,0.0462,-3.5,-35.94,-7,179.51,-82.07,156
52.403526,-1.558805,162.63,3.14,2,358.2,19 / 21,3825810,2019-09-06 20:23:51:553,0.9461,0.5508,9.7095,0.0017,-0.0041,9.8066,0.0055,-0.0453,-0.0046,-3.5,-36.75,-6.31,181.41,-82.09,155.91
52.403526,-1.558805,162.63,3.14,2,358.2,19 / 21,3825910,2019-09-06 20:23:51:653,1.0892,1.2184,9.9306,0.001,-0.0008,9.8066,-0.0213,-0.0759,0.0216,-3.87,-36.56,-6.56,183.48,-82.14,155.89
52.403526,-1.558805,162.63,3.14,2,358.2,19 / 21,3826009,2019-09-06 20:23:51:752,1.629,0.505,9.8349,0.0085,0.0032,9.8066,0.017,-0.1249,0.0535,-4.06,-36.31,-6.69,184.06,-82.14,156.76
52.403526,-1.558805,162.63,3.14,2,358.2,19 / 21,3826110,2019-09-06 20:23:51:853,1.3872,0.3296,9.7826,0.0112,-0.0021,9.8065,0.0058,-0.1325,0.069,-3.75,-35.56,-7,184.57,-82.18,157.55
52.403526,-1.558805,162.63,3.14,2,358.2,19 / 21,3826210,2019-09-06 20:23:51:953,1.1197,-0.1233,9.9517,0.0069,-0.0097,9.8066,0.0006,-0.1724,0.0307,-5.06,-36.44,-5.87,191.24,-82.33,158.23
52.403526,-1.558805,162.63,3.14,2,358.2,19 / 21,3826310,2019-09-06 20:23:52:053,1.9699,0.3001,9.988,-0.0034,-0.0049,9.8065,0.0197,-0.1955,0.0634,-5.37,-36.44,-6.31,191.4,-82.39,158.42
52.403526,-1.558805,162.63,3.14,2,358.2,18 / 20,3826410,2019-09-06 20:23:52:153,1.245,-0.16,9.9251,0.0082,0.006,9.8066,-0.0091,-0.2103,0.0259,-5.44,-36.56,-6.81,188.65,-82.45,157.91
52.403526,-1.558805,162.63,3.14,2,358.2,18 / 20,3826510,2019-09-06 20:23:52:253,1.8361,0.3788,9.8831,0.0056,0.0064,9.8066,0.0098,-0.2678,0.0475,-5.75,-36.25,-7.06,192.73,-82.42,158.54
52.403526,-1.558805,162.63,3.14,2,358.2,18 / 20,3826610,2019-09-06 20:23:52:353,2.1278,-0.0657,9.675,0.0029,-0.0071,9.8066,0.0062,-0.287,0.0855,-6.62,-36.44,-6.62,196.47,-82.51,159.06
52.403526,-1.558805,162.63,3.14,2,358.2,18 / 20,3826710,2019-09-06 20:23:52:453,2.3462,-0.2582,9.9238,0.0055,-0.0054,9.8066,0.0446,-0.3086,0.0543,-7,-36.44,-6.25,199.77,-82.54,160.1
52.403526,-1.558805,162.63,3.14,2,358.2,18 / 20,3826809,2019-09-06 20:23:52:552,2.085,-0.6499,9.8012,0.0001,-0.0051,9.8066,0.0692,-0.3319,0.0536,-7.25,-37.19,-6.25,200.15,-82.58,160.9
52.403526,-1.558805,162.63,3.14,2,358.2,18 / 20,3826909,2019-09-06 20:23:52:652,2.2853,-1.0271,9.6088,0.0018,-0.0063,9.8066,-0.0731,-0.3737,0.0395,-8.06,-37.06,-5.94,203.65,-82.57,161.42
52.403526,-1.558805,162.63,3.14,2,358.2,18 / 20,3827010,2019-09-06 20:23:52:753,2.2379,-1.2079,9.6712,-0.0008,0.0007,9.8066,-0.0096,-0.4123,0.0322,-8.75,-36.62,-6.06,206.45,-82.61,161.27
52.403526,-1.558805,162.63,3.14,2,358.2,18 / 20,3827110,2019-09-06 20:23:52:853,1.9419,-0.5446,10.0089,-0.0006,0.0158,9.8066,0.0811,-0.407,0.0575,-9.31,-37.31,-6.12,205.93,-82.54,160.65
52.403526,-1.558805,162.63,3.14,2,358.2,18 / 20,3827209,2019-09-06 20:23:52:952,2.5915,-0.7341,9.8049,-0.0124,-0.0302,9.8066,0.1239,-0.4371,0.1137,-9.37,-36.87,-5.56,206.43,-82.69,161.12
52.403526,-1.558805,162.63,3.14,2,358.2,18 / 20,3827310,2019-09-06 20:23:53:053,2.464,-1.1825,9.519,-0.0171,-0.0314,9.8066,-0.0539,-0.4131,0.0444,-10.44,-37.06,-5.56,209.95,-82.73,162.29
52.403526,-1.558805,162.63,3.14,2,358.2,19 / 22,3827409,2019-09-06 20:23:53:152,1.707,-1.0121,10.155,0.0067,-0.0094,9.8066,0.0322,-0.4083,0.1273,-10.81,-36.87,-5.19,215.98,-82.85,163.19
52.403526,-1.558805,162.63,3.14,2,358.2,19 / 22,3827511,2019-09-06 20:23:53:254,1.6351,-1.1735,9.6529,0.0268,-0.0176,9.8066,-0.0676,-0.3883,0.1079,-11.69,-37,-5.5,220.68,-83,166.2
52.403526,-1.558805,162.63,3.14,2,358.2,19 / 22,3827610,2019-09-06 20:23:53:353,1.5595,-2.475,9.6455,0.0138,-0.0252,9.8065,-0.0475,-0.4424,0.15,-13,-37.12,-4.87,226.28,-83.25,170.21
52.403526,-1.558805,162.63,3.14,2,358.2,19 / 22,3827709,2019-09-06 20:23:53:452,2.0814,-3.0446,10.1827,0.0057,-0.0256,9.8066,-0.03,-0.3757,0.0251,-14.31,-37.19,-4.31,233.39,-83.37,172.83
52.403526,-1.558805,162.63,3.14,2,358.2,19 / 22,3827810,2019-09-06 20:23:53:553,1.8575,-2.1281,9.5891,0.0318,0.0133,9.8065,0.0276,-0.4425,0.1044,-13.69,-37.12,-3.5,237.52,-83.17,174.53
52.403526,-1.558805,162.63,3.14,2,358.2,19 / 22,3827909,2019-09-06 20:23:53:652,1.6936,-2.1992,9.7329,0.0393,0.003,9.8065,0.0197,-0.449,0.1047,-15.06,-37,-3.37,240.34,-83.01,176.37
52.403526,-1.558805,162.63,3.14,2,358.2,19 / 22,3828009,2019-09-06 20:23:53:752,1.4125,-2.1935,9.4375,0.0151,0.0032,9.8066,-0.0838,-0.3632,-0.0158,-15.87,-36.75,-2.81,242.51,-82.91,177.45
52.403526,-1.558805,162.63,3.14,2,358.2,19 / 22,3828109,2019-09-06 20:23:53:852,1.1845,-1.3759,9.8875,0.0023,0.0247,9.8066,0.0702,-0.3892,0.0385,-15.5,-37.37,-1.56,242.72,-82.76,176.12
52.403526,-1.558805,162.63,3.14,2,358.2,19 / 22,3828209,2019-09-06 20:23:53:952,1.4148,-1.7236,9.8913,-0.0319,0.0033,9.8066,-0.0039,-0.383,-0.0338,-15.87,-36.75,-2.06,242.52,-82.96,174
52.403526,-1.558805,162.63,3.14,2,358.2,19 / 22,3828310,2019-09-06 20:23:54:053,0.7241,-1.5089,9.6029,-0.019,0.0154,9.8066,-0.0458,-0.3475,-0.0357,-16.25,-36.25,-0.69,244.11,-83.01,171.84
52.403526,-1.558805,162.63,3.14,2,358.2,20 / 22,3828410,2019-09-06 20:23:54:153,0.5843,-0.6825,9.4316,-0.0104,0.0115,9.8066,-0.0255,-0.3301,0.0316,-15.81,-37.25,-0.69,241.31,-83.12,168.83
52.403526,-1.558805,162.63,3.14,2,358.2,20 / 22,3828510,2019-09-06 20:23:54:253,1.3603,-0.6859,10.4404,-0.0053,-0.0098,9.8065,0.0645,-0.3069,0.1132,-16.87,-36.87,-0.37,245.25,-83.15,168.81
52.403526,-1.558805,162.63,3.14,2,358.2,20 / 22,3828609,2019-09-06 20:23:54:352,0.9009,-1.81,10.8365,0.0126,-0.0292,9.8066,0.0862,-0.2692,0.0659,-16.94,-36.37,1.25,250.27,-83.23,170.44
52.403526,-1.558805,162.63,3.14,2,358.2,20 / 22,3828709,2019-09-06 20:23:54:452,1.6064,-2.435,10.484,0.0019,-0.0108,9.8066,-0.0666,-0.3403,0.0813,-17.87,-37.12,0.5,253.3,-83.18,173.6
52.403526,-1.558805,162.63,3.14,2,358.2,20 / 22,3828810,2019-09-06 20:23:54:553,-0.2368,-1.6105,9.584,0.0594,0.0026,9.8064,-0.0738,-0.2724,-0.0057,-18.87,-36.44,2.31,257.94,-82.6,175.67
52.403526,-1.558805,162.63,3.14,2,358.2,20 / 22,3828909,2019-09-06 20:23:54:652,1.2525,-2.2994,9.0409,0.0575,-0.0014,9.8064,0.0435,-0.3226,0.0573,-19.5,-36.37,3.06,260.69,-82.37,175.95
52.403526,-1.558805,162.63,3.14,2,358.2,20 / 22,3829010,2019-09-06 20:23:54:753,0.5494,-2.6478,9.2782,-0.0342,-0.0089,9.8065,-0.0073,-0.3139,0.0676,-20.5,-35.56,3.56,264.91,-82.37,177.18
52.403526,-1.558805,162.63,3.14,2,358.2,20 / 22,3829110,2019-09-06 20:23:54:853,1.0099,-3.1338,10.077,0.0088,0.0022,9.8066,-0.0282,-0.2707,-0.0443,-20.87,-35.31,4,265.4,-82.38,177.18
52.403526,-1.558805,162.63,3.14,2,358.2,20 / 22,3829210,2019-09-06 20:23:54:953,0.8622,-2.9701,10.2588,-0.0253,0.01,9.8065,0.0848,-0.391,0.0428,-21.12,-35.94,3.31,261.66,-82.5,176.22
52.403526,-1.558805,162.63,3.14,2,358.2,20 / 22,3829313,2019-09-06 20:23:55:056,0.7592,-1.7193,9.9297,0.0045,0.0238,9.8066,-0.0779,-0.3138,0.0457,-21.56,-35.75,3.38,260.83,-82.84,174.59
52.403526,-1.558805,162.63,3.14,2,358.2,19 / 21,3829409,2019-09-06 20:23:55:152,0.9887,-1.5705,9.9115,0.0038,0.0166,9.8066,-0.043,-0.3084,-0.0083,-21.5,-35.56,3.25,258.12,-82.85,171.93
52.403526,-1.558805,162.63,3.14,2,358.2,19 / 21,3829509,2019-09-06 20:23:55:252,0.5106,-2.2113,10.4518,0.015,0.0116,9.8066,0.1519,-0.3658,0.0424,-21.44,-35.94,3.13,257.19,-82.78,171.06
52.403526,-1.558805,162.63,3.14,2,358.2,19 / 21,3829609,2019-09-06 20:23:55:352,0.6988,-1.8552,9.9452,-0.0073,0.0057,9.8066,0.1023,-0.2883,-0.0038,-21.37,-35.94,4.13,258.8,-82.65,170.23
52.403526,-1.558805,162.63,3.14,2,358.2,19 / 21,3829710,2019-09-06 20:23:55:453,0.7316,-3.0378,9.8346,-0.0077,0.0088,9.8066,-0.0328,-0.2339,-0.0042,-21.06,-36.06,5.19,260.59,-82.52,169.6
52.403526,-1.558805,162.63,3.14,2,358.2,19 / 21,3829810,2019-09-06 20:23:55:553,0.6616,-1.7757,9.5139,0.0119,0.0011,9.8066,-0.0276,-0.2754,0.0632,-21.31,-35.5,5.13,260.69,-82.44,169.47
52.403526,-1.558805,162.63,3.14,2,358.2,19 / 21,3829909,2019-09-06 20:23:55:652,0.1921,-2.5806,9.8612,-0.0061,-0.0039,9.8066,-0.0389,-0.2697,0.018,-21.06,-35.75,5.25,260.71,-82.53,169.7
52.403526,-1.558805,162.63,3.14,2,358.2,19 / 21,3830010,2019-09-06 20:23:55:753,-0.0838,-2.0692,10.0226,-0.0279,0.0042,9.8065,0.0052,-0.2282,0.0086,-20.87,-35.37,5.38,260.97,-82.82,169.14
52.403526,-1.558805,162.63,3.14,2,358.2,19 / 21,3830110,2019-09-06 20:23:55:853,0.0861,-1.939,10.647,-0.0046,0.0034,9.8066,0.1032,-0.2371,-0.0002,-21.25,-35.62,6.31,262.78,-82.76,168.76
52.403526,-1.558805,162.63,3.14,2,358.2,19 / 21,3830210,2019-09-06 20:23:55:953,0.7986,-1.7716,10.0279,0.0211,0.0116,9.8065,0.1373,-0.2517,0.0208,-20.62,-35.5,7,264.51,-82.34,168.24
52.403526,-1.558805,162.63,3.14,2,358.2,19 / 21,3830310,2019-09-06 20:23:56:053,0.4234,-1.7022,9.5977,0.0179,0.0004,9.8065,-0.0137,-0.2254,0.046,-20.37,-35.62,7.94,266.52,-82.02,168.2
52.403526,-1.558805,162.63,3.14,2,358.2,20 / 22,3830410,2019-09-06 20:23:56:153,-0.0947,-1.5495,9.8956,-0.0027,0.0012,9.8065,-0.0279,-0.2395,0.0225,-20.31,-35.75,8.31,266.25,-81.82,168.28
52.403526,-1.558805,162.63,3.14,2,358.2,20 / 22,3830509,2019-09-06 20:23:56:252,-0.1176,-2.0498,10.1249,-0.0087,0.0089,9.8066,0.0109,-0.2422,0.0242,-20.44,-35.19,8.63,268.88,-81.89,167.79
52.403526,-1.558805,162.63,3.14,2,358.2,20 / 22,3830609,2019-09-06 20:23:56:352,-0.6445,-1.4511,9.4738,-0.0097,0.0092,9.8066,0.0137,-0.1752,0.0151,-20.19,-35.25,8.88,268.04,-82.01,166.74
52.403526,-1.558805,162.63,3.14,2,358.2,20 / 22,3830710,2019-09-06 20:23:56:453,0.5471,-1.594,9.5685,-0.0047,-0.0025,9.8066,0.0187,-0.1822,0.0329,-20.31,-35.19,9.69,270.44,-82.05,166.51
52.403526,-1.558805,162.63,3.14,2,358.2,20 / 22,3830810,2019-09-06 20:23:56:553,-0.4631,-1.7654,9.7678,0.0023,-0.0061,9.8066,-0.0043,-0.1988,0.0169,-19.94,-35.56,9.44,267.74,-82.02,166.78
52.403526,-1.558805,162.63,3.14,2,358.2,20 / 22,3830910,2019-09-06 20:23:56:653,0.024,-1.3265,9.7863,-0.0046,0.0013,9.8066,-0.0213,-0.1749,0.0755,-20,-34.87,10.31,270.8,-82.07,166.84
52.403526,-1.558805,162.63,3.14,2,358.2,20 / 22,3831009,2019-09-06 20:23:56:752,0.1802,-1.5029,9.6132,-0.0002,-0.0041,9.8066,-0.0155,-0.2118,0.0812,-20.94,-35.12,10.38,270.28,-82,167.03
52.403526,-1.558805,162.63,3.14,2,358.2,20 / 22,3831110,2019-09-06 20:23:56:853,0.5709,-0.9805,9.0337,0.024,-0.0084,9.8066,0.1081,-0.1625,0.0605,-19.87,-34.69,10.81,273.95,-81.9,167.76
52.403526,-1.558805,162.63,3.14,2,358.2,20 / 22,3831209,2019-09-06 20:23:56:952,-1.6026,-3.8986,9.6467,0.0678,-0.0232,9.8064,-0.2442,-0.2185,0.0605,-20.5,-34.75,11.5,277.58,-81.8,169.07
52.403526,-1.558805,162.63,3.14,2,358.2,20 / 22,3831309,2019-09-06 20:23:57:052,-1.2132,0.1449,10.7621,0.1352,-0.0538,9.8056,-0.2738,0.0083,-0.1838,-19.81,-34.69,11.75,277.09,-81.74,168.68
52.403526,-1.558805,162.63,3.14,2,358.2,20 / 21,3831410,2019-09-06 20:23:57:153,-0.658,-1.835,7.1166,-0.0286,0.0101,9.8065,-0.2065,-0.1236,-0.025,-20.5,-35.31,12.06,274.05,-82.24,164.89
52.403526,-1.558805,162.63,3.14,2,358.2,20 / 21,3831509,2019-09-06 20:23:57:252,-3.0278,0.3381,8.0131,-0.133,0.0536,9.8055,0.2508,0.0372,-0.0306,-19.56,-34.87,12.44,272.58,-81.6,164.43
52.403526,-1.558805,162.63,3.14,2,358.2,20 / 21,3831610,2019-09-06 20:23:57:353,-0.6194,-0.1771,9.0363,-0.095,0.0188,9.8062,-0.0057,-0.0738,0.0784,-20.12,-34.94,12.31,271.8,-81.57,163.69
52.403526,-1.558805,162.63,3.14,2,358.2,20 / 21,3831709,2019-09-06 20:23:57:452,1.6294,-2.5285,10.1966,0.0035,-0.0086,9.8066,0.2916,0.243,-0.0895,-19.5,-34.62,12.13,273.37,-81.79,164.09
52.403526,-1.558805,162.63,3.14,2,358.2,20 / 21,3831809,2019-09-06 20:23:57:552,0.9815,2.2747,10.0362,-0.0373,0.0089,9.8065,0.1086,-0.0124,0.0804,-19.81,-34.81,13,273.66,-81.7,163
52.403526,-1.558805,162.63,3.14,2,358.2,20 / 21,3831909,2019-09-06 20:23:57:652,0.8309,0.0578,9.6299,-0.0082,0.0044,9.8066,-0.0388,-0.092,0.0293,-19.31,-34.69,13.13,275.91,-81.61,164.49
52.403526,-1.558805,162.63,3.14,2,358.2,20 / 21,3832010,2019-09-06 20:23:57:753,0.459,-0.5483,9.8643,-0.0176,-0.0038,9.8066,-0.0337,-0.0054,0.0337,-19.56,-34.12,13,275.58,-81.75,164.48
52.403526,-1.558805,162.63,3.14,2,358.2,20 / 21,3832110,2019-09-06 20:23:57:853,-0.0835,-2.0274,9.8657,0.0109,-0.0028,9.8066,0.1358,0.052,-0.0892,-19.69,-34,13.19,275.58,-81.72,164.52
52.403526,-1.558805,162.63,3.14,2,358.2,20 / 21,3832210,2019-09-06 20:23:57:953,-0.0018,0.242,9.9824,-0.0086,0.0221,9.8066,0.1486,-0.0145,-0.003,-20.19,-34.44,13.13,274.81,-81.6,163.94
52.403526,-1.558805,162.63,3.14,2,358.2,20 / 21,3832311,2019-09-06 20:23:58:054,0.942,-0.0386,10.6734,-0.0084,0.0062,9.8066,-0.0355,-0.0299,0.0386,-19.56,-34.5,13.94,275.94,-81.54,162.91
52.403526,-1.558805,162.63,3.14,2,358.2,19 / 21,3832410,2019-09-06 20:23:58:153,1.5807,-0.7,9.5579,0.0425,-0.0151,9.8065,-0.0286,-0.0052,-0.0216,-19.87,-34.19,13.75,275.86,-81.29,163.18
52.403526,-1.558805,162.63,3.14,2,358.2,19 / 21,3832509,2019-09-06 20:23:58:252,-0.3112,-0.6516,9.6533,0.0081,0.0033,9.8066,-0.0539,0.0272,0.0261,-20.12,-34.44,14,275.66,-81.41,162.82
52.403526,-1.558805,162.63,3.14,2,358.2,19 / 21,3832610,2019-09-06 20:23:58:353,0.3836,1.2889,9.8839,-0.0251,-0.0021,9.8066,-0.0119,-0.1192,0.0125,-19.87,-34.56,13.13,273.26,-81.58,162.79
52.403526,-1.558805,162.63,3.14,2,358.2,19 / 21,3832710,2019-09-06 20:23:58:453,1.0382,-0.5858,9.8752,0.0097,0.0076,9.8066,0.0683,0.0511,-0.004,-20.25,-34.25,13.38,274.27,-81.57,163.45
52.403526,-1.558805,162.63,3.14,2,358.2,19 / 21,3832809,2019-09-06 20:23:58:552,0.3314,-1.0363,10.1664,0.0303,-0.02,9.8065,0.0357,-0.041,0.0874,-19.81,-34.44,13.38,273.55,-81.59,162.71
52.403526,-1.558805,162.63,3.14,2,358.2,19 / 21,3832910,2019-09-06 20:23:58:653,-0.2041,-0.0872,10.6365,0.018,-0.0138,9.8066,-0.0604,-0.0856,-0.0102,-20.37,-34.62,13.69,276.5,-81.32,164.14
52.403526,-1.558805,162.63,3.14,2,358.2,19 / 21,3833009,2019-09-06 20:23:58:752,0.4487,0.1622,9.7003,0.0154,-0.0036,9.8066,-0.0679,-0.0022,-0.018,-20,-34.62,13.81,276.62,-81.26,164.34
52.403526,-1.558805,162.63,3.14,2,358.2,19 / 21,3833110,2019-09-06 20:23:58:853,0.9605,-0.2081,9.3548,-0.0096,0.0043,9.8066,-0.0069,0.0315,0.0364,-19.81,-34.56,13.5,276.61,-81.29,164.29
52.403526,-1.558805,162.63,3.14,2,358.2,19 / 21,3833209,2019-09-06 20:23:58:952,-0.3037,1.0644,9.527,-0.0357,0.0047,9.8065,0.0782,-0.004,0.041,-19.62,-34.69,13.5,276.92,-81.49,164.3
52.403526,-1.558805,162.63,3.14,2,358.2,19 / 21,3833310,2019-09-06 20:23:59:053,0.5331,0.2431,10.4976,-0.0072,0.0069,9.8066,0.0582,-0.1067,0.0024,-20.19,-34.62,13.13,274.97,-81.44,164.72
52.403526,-1.558805,162.63,3.14,2,358.2,20 / 22,3833410,2019-09-06 20:23:59:153,-0.1248,0.0945,9.6374,-0.0081,0.0039,9.8066,0.0011,0.0299,-0.0559,-20.37,-34.81,14.13,277.66,-81.4,165.16
52.403526,-1.558805,162.63,3.14,2,358.2,20 / 22,3833509,2019-09-06 20:23:59:252,-0.0314,0.0019,9.8944,-0.0093,-0.0008,9.8065,0.0111,0.0188,0.0271,-19.94,-34.25,13.56,277.85,-81.47,164.89
52.403526,-1.558805,162.63,3.14,2,358.2,20 / 22,3833610,2019-09-06 20:23:59:353,1.0741,-0.0771,9.4566,0.0028,0.0089,9.8066,0.0109,0.0168,-0.0205,-20.25,-34.37,13.25,275.18,-81.41,164.6
52.403526,-1.558805,162.63,3.14,2,358.2,20 / 22,3833709,2019-09-06 20:23:59:452,0.4482,1.0286,9.2489,0.0226,-0.0082,9.8066,0.0184,-0.1067,-0.0151,-19.94,-34.12,13,275.22,-81.34,164.74
52.403526,-1.558805,162.63,3.14,2,358.2,20 / 22,3833810,2019-09-06 20:23:59:553,-1.2293,-1.1517,9.927,-0.0326,0.0295,9.8065,0.1278,0.0008,-0.0138,-19.81,-34.87,13.75,276.98,-81.42,164.46
52.403526,-1.558805,162.63,3.14,2,358.2,20 / 22,3833910,2019-09-06 20:23:59:653,0.5616,-0.2073,9.6534,-0.0229,0.0054,9.8066,-0.078,0.055,-0.0366,-20.62,-34.94,12.88,273.17,-81.36,163.87
52.403526,-1.558805,162.63,3.14,2,358.2,20 / 22,3834010,2019-09-06 20:23:59:753,0.1561,0.3137,9.4841,0.0072,0.0015,9.8066,0.0047,-0.058,0.0052,-20.25,-34.19,13.38,274.63,-81.27,164.26
52.403526,-1.558805,162.63,3.14,2,358.2,20 / 22,3834110,2019-09-06 20:23:59:853,-0.6879,1.4504,9.715,0.0188,0.0009,9.8066,0.0531,-0.0314,0.0182,-20.44,-34.56,13,274.25,-81.13,164.48
52.403526,-1.558805,162.63,3.14,2,358.2,20 / 22,3834209,2019-09-06 20:23:59:952,1.2585,0.5486,9.6564,-0.0227,0.0084,9.8065,-0.007,0.0561,0.015,-20.25,-35,12.94,274.09,-81.27,164.09
52.403526,-1.558805,162.63,3.14,2,358.2,20 / 22,3834309,2019-09-06 20:24:00:052,0.591,-0.0088,9.4975,-0.0223,-0.0028,9.8065,-0.0102,0.0163,-0.0069,-20.25,-34.62,12.94,274.39,-81.27,164.4
52.403713,-1.557991,162.52,11.43,4,91.92,18 / 22,3834410,2019-09-06 20:24:00:153,-0.4717,-0.2268,10.1532,-0.0182,0.0067,9.8066,0.1063,0.1283,-0.0228,-20.56,-35.25,12.81,273.78,-81.35,164.48
52.403713,-1.557991,162.52,11.43,4,91.92,18 / 22,3834510,2019-09-06 20:24:00:253,0.1605,0.4418,9.8951,-0.0054,0.0057,9.8066,0.0028,0.0829,-0.01,-20.37,-34.31,12.63,274.82,-81.47,164.16
52.403713,-1.557991,162.52,11.43,4,91.92,18 / 22,3834609,2019-09-06 20:24:00:352,0.0493,0.8723,9.3802,0.0126,-0.0071,9.8066,-0.0341,0.0607,-0.0298,-20.62,-34.44,11.88,271.91,-81.33,164.55
52.403713,-1.557991,162.52,11.43,4,91.92,18 / 22,3834709,2019-09-06 20:24:00:452,0.0441,0.0876,9.3924,0.0299,-0.0088,9.8065,0.0247,0.0976,-0.0428,-21.06,-34.94,11.88,271.69,-81.21,164.89
52.403713,-1.557991,162.52,11.43,4,91.92,18 / 22,3834810,2019-09-06 20:24:00:553,0.402,0.2408,9.8117,-0.0323,-0.0008,9.8065,0.0146,0.0314,0.0385,-20.06,-35.69,11.5,272.16,-81.12,165.16
52.403713,-1.557991,162.52,11.43,4,91.92,18 / 22,3834910,2019-09-06 20:24:00:653,-0.0712,-0.0939,10.3318,-0.01,-0.0015,9.8066,0.0634,0.0925,0.0059,-20.12,-35.12,11.81,273.5,-81.21,165.97
52.403713,-1.557991,162.52,11.43,4,91.92,18 / 22,3835009,2019-09-06 20:24:00:752,-1.1733,1.1857,10.362,-0.012,0.0056,9.8066,0.198,0.0314,0.0223,-20.5,-35.5,11.56,273.61,-81.17,166.14
52.403713,-1.557991,162.52,11.43,4,91.92,18 / 22,3835109,2019-09-06 20:24:00:852,-0.1138,2.1388,9.548,-0.0211,0.004,9.8065,-0.1832,-0.016,-0.003,-19.75,-34.69,12.25,273.89,-81.12,166.5
52.403713,-1.557991,162.52,11.43,4,91.92,18 / 22,3835209,2019-09-06 20:24:00:952,-0.8003,0.872,9.6989,0.011,0.0088,9.8066,-0.0265,0.0411,0.0073,-19.75,-34.81,11.31,271.66,-81.05,166.84
52.403713,-1.557991,162.52,11.43,4,91.92,18 / 22,3835310,2019-09-06 20:24:01:053,0.4839,-0.4129,9.7261,0.0071,0.0026,9.8066,-0.1188,0.137,-0.0266,-20.12,-34.87,11.69,273.84,-81.08,166.52
52.403713,-1.557991,162.52,11.43,4,91.92,19 / 21,3835410,2019-09-06 20:24:01:153,-1.206,1.3011,9.3226,-0.013,-0.0086,9.8066,-0.1172,0.0968,-0.05,-20.12,-35.06,11.44,271.6,-81.13,166.65
52.403713,-1.557991,162.52,11.43,4,91.92,19 / 21,3835510,2019-09-06 20:24:01:253,-0.2138,1.3699,9.9752,-0.0005,0.0052,9.8066,0.1325,0.0232,0.0716,-20.31,-34.75,11.56,274.68,-81.18,167.19
52.403713,-1.557991,162.52,11.43,4,91.92,19 / 21,3835610,2019-09-06 20:24:01:353,-0.233,1.6136,10.3022,-0.0146,-0.0063,9.8066,0.1645,0.05,-0.0601,-20,-35.31,10.88,272.46,-81.29,167.25
52.403713,-1.557991,162.52,11.43,4,91.92,19 / 21,3835710,2019-09-06 20:24:01:453,0.9336,0.2286,9.3255,-0.0074,0.0037,9.8066,-0.2525,0.0733,0.0482,-20.31,-34.94,11.44,272.79,-81.23,167.69
52.403713,-1.557991,162.52,11.43,4,91.92,19 / 21,3835809,2019-09-06 20:24:01:552,-0.877,1.5352,9.4879,0.0196,-0.0164,9.8066,-0.17,0.1353,-0.0357,-21.06,-34.87,10.88,272.34,-81.12,168.05
52.403713,-1.557991,162.52,11.43,4,91.92,19 / 21,3835910,2019-09-06 20:24:01:653,0.2117,0.9366,10.0019,-0.0257,0.0088,9.8065,-0.0139,0.0949,-0.0434,-19.87,-34.25,10.81,273.17,-81.28,167.59
52.403713,-1.557991,162.52,11.43,4,91.92,19 / 21,3836009,2019-09-06 20:24:01:752,-0.2051,0.9928,9.7205,0.0263,-0.007,9.8065,-0.0721,0.0689,0.0085,-20.37,-34.94,10.31,269.99,-81.34,167.22
52.403713,-1.557991,162.52,11.43,4,91.92,19 / 21,3836110,2019-09-06 20:24:01:853,-1.9057,3.4909,8.5958,0.0509,-0.0118,9.8064,0.2975,-0.0198,-0.0171,-19.62,-34.81,10.5,272.34,-81.13,167.4
52.403713,-1.557991,162.52,11.43,4,91.92,19 / 21,3836210,2019-09-06 20:24:01:953,-1.2151,1.4389,9.2034,-0.1028,0.0294,9.806,0.2519,0.0251,0.0315,-19.12,-34.94,10.5,272.34,-81.52,166.02
52.403713,-1.557991,162.52,11.43,4,91.92,19 / 21,3836310,2019-09-06 20:24:02:053,-0.738,-0.7552,9.4314,-0.0794,-0.0012,9.8063,0.1824,-0.109,0.0495,-20,-34.87,10.38,270.01,-81.48,167
52.403713,-1.557991,162.52,11.43,4,91.92,20 / 22,3836409,2019-09-06 20:24:02:152,-1.3221,0.1987,8.8937,0.0292,0.0082,9.8065,-0.0606,-0.0334,0.0531,-19.81,-35.19,10.94,272.82,-81.16,167.81
52.403713,-1.557991,162.52,11.43,4,91.92,20 / 22,3836510,2019-09-06 20:24:02:253,-1.0258,1.7895,10.0496,0.0375,-0.0267,9.8065,0.0552,0.0205,-0.0003,-20.31,-35.25,10.69,273.63,-81.07,168.77
52.403713,-1.557991,162.52,11.43,4,91.92,20 / 22,3836609,2019-09-06 20:24:02:352,-0.8681,0.5632,9.0846,-0.0179,0.0059,9.8066,0.0379,0.0288,0.0187,-20.25,-35.75,11,273.62,-81.13,169.08
52.403713,-1.557991,162.52,11.43,4,91.92,20 / 22,3836710,2019-09-06 20:24:02:453,-0.2267,0.8959,9.7852,-0.0008,-0.0057,9.8066,0.0169,0.0395,-0.03,-19.87,-35.31,10.31,271.88,-81.21,169.34
52.403713,-1.557991,162.52,11.43,4,91.92,20 / 22,3836809,2019-09-06 20:24:02:552,-1.2116,1.6671,10.4406,-0.0155,0.0035,9.8065,0.055,0.0622,-0.028,-19.94,-35.06,9.75,272.18,-81.37,169.38
52.403713,-1.557991,162.52,11.43,4,91.92,20 / 22,3836909,2019-09-06 20:24:02:652,-0.8586,1.9029,9.698,-0.0093,0.007,9.8066,-0.0594,0.054,0.0078,-20.25,-35.19,9.63,272.02,-81.33,169.29
52.403713,-1.557991,162.52,11.43,4,91.92,20 / 22,3837009,2019-09-06 20:24:02:752,-0.3296,1.7079,9.3509,0.0035,-0.0109,9.8066,-0.0514,0.1335,-0.0352,-19.87,-35.44,10.19,273.06,-81.23,170.48
52.403713,-1.557991,162.52,11.43,4,91.92,20 / 22,3837110,2019-09-06 20:24:02:853,-1.9951,-1.0682,10.2591,0.0048,-0.0174,9.8066,-0.0085,0.0521,-0.0609,-20.06,-35.31,9.94,273.33,-81.29,170.66
52.403713,-1.557991,162.52,11.43,4,91.92,20 / 22,3837210,2019-09-06 20:24:02:953,-0.7146,0.6778,9.4619,-0.0043,0.0109,9.8066,0.0368,-0.0173,0.03,-19.62,-34.87,9.5,274.28,-81.4,171.41
52.403713,-1.557991,162.52,11.43,4,91.92,20 / 22,3837309,2019-09-06 20:24:03:052,-0.2286,0.751,9.519,-0.0113,0.004,9.8066,0.1134,0.1195,-0.0621,-19.37,-35.06,9.06,271.84,-81.45,171
52.403713,-1.557991,162.52,11.43,4,91.92,19 / 21,3837410,2019-09-06 20:24:03:153,-1.2814,1.255,9.9827,-0.0425,-0.0115,9.8065,0.0397,0.0815,0.0006,-19.94,-35.5,9.19,272.01,-81.56,171.49
52.403713,-1.557991,162.52,11.43,4,91.92,19 / 21,3837509,2019-09-06 20:24:03:252,-0.7184,0.5056,9.1683,-0.0424,0.0069,9.8065,0.0065,-0.0241,0.0235,-19.37,-35.12,9.13,273.16,-81.55,172.14
52.403713,-1.557991,162.52,11.43,4,91.92,19 / 21,3837610,2019-09-06 20:24:03:353,-2.0576,-0.3269,9.4772,-0.022,-0.0138,9.8065,0.0506,0.0603,-0.0304,-19.75,-35.81,8.56,274.3,-81.71,173.91
52.403713,-1.557991,162.52,11.43,4,91.92,19 / 21,3837710,2019-09-06 20:24:03:453,-0.7736,1.2609,9.7999,-0.0278,0.0075,9.8065,-0.1123,0.0164,-0.0397,-19.75,-35.5,8.56,274.79,-81.94,173.63
52.403713,-1.557991,162.52,11.43,4,91.92,19 / 21,3837810,2019-09-06 20:24:03:553,-1.9964,-0.1853,8.8172,0.0457,0.005,9.8065,-0.3305,-0.0034,0.0155,-20.25,-35.94,9.44,275.22,-82.12,174.11
52.403713,-1.557991,162.52,11.43,4,91.92,19 / 21,3837910,2019-09-06 20:24:03:653,-2.7274,0.4259,9.2858,0.0838,-0.0195,9.8062,0.3095,0.026,-0.1222,-20.12,-35.75,9.25,273.89,-81.88,173.22
52.403713,-1.557991,162.52,11.43,4,91.92,19 / 21,3838010,2019-09-06 20:24:03:753,-1.5796,-0.3179,10.3512,-0.0586,0.0156,9.8064,0.1748,-0.0418,0.0388,-19.87,-35.37,9.13,272.54,-82.08,171.15
52.403713,-1.557991,162.52,11.43,4,91.92,19 / 21,3838109,2019-09-06 20:24:03:852,0.4508,0.0678,10.2274,-0.0412,0.0087,9.8065,-0.0764,-0.0246,0.0139,-19.75,-35.94,9.88,274.28,-81.84,171.07
52.403713,-1.557991,162.52,11.43,4,91.92,19 / 21,3838209,2019-09-06 20:24:03:952,0.5075,0.2785,9.9554,0.0618,-0.0221,9.8064,-0.1698,0.028,-0.0005,-19.87,-36.12,10.06,273.29,-81.34,170.93
52.403713,-1.557991,162.52,11.43,4,91.92,19 / 21,3838309,2019-09-06 20:24:04:052,-1.6177,0.6429,9.0589,0.0343,-0.0111,9.8065,-0.0219,0.0123,0.0137,-19.69,-35.56,9.56,273.86,-81.56,171.13
52.403713,-1.557991,162.52,11.43,4,91.92,20 / 22,3838410,2019-09-06 20:24:04:153,-1.757,-0.5559,9.6124,-0.0353,0.001,9.8065,-0.0003,-0.086,0.0652,-20.19,-35.25,9.19,272.37,-81.81,171.44
52.403713,-1.557991,162.52,11.43,4,91.92,20 / 22,3838510,2019-09-06 20:24:04:253,-0.8318,0.6946,9.3794,0.0091,-0.002,9.8066,-0.0197,-0.0955,0.0172,-20.12,-35.44,9.38,273.62,-82.16,172.09
52.403713,-1.557991,162.52,11.43,4,91.92,20 / 22,3838610,2019-09-06 20:24:04:353,-1.1539,0.3878,10.3075,0.0037,-0.0079,9.8066,0.0219,-0.0192,-0.0121,-20.25,-35.94,9.5,276.42,-82.1,172.74
52.403713,-1.557991,162.52,11.43,4,91.92,20 / 22,3838710,2019-09-06 20:24:04:453,-1.5757,-0.753,10.5247,0.0168,-0.0064,9.8066,0.0114,0.0335,-0.0267,-20.12,-35.81,9.5,276.3,-82.04,172.73
52.403713,-1.557991,162.52,11.43,4,91.92,20 / 22,3838810,2019-09-06 20:24:04:553,-0.6504,0.5141,10.0649,0.0241,-0.0036,9.8066,-0.0543,-0.0681,0.0279,-20.31,-34.94,9.38,273.66,-81.8,172.74
52.403713,-1.557991,162.52,11.43,4,91.92,20 / 22,3838910,2019-09-06 20:24:04:653,-1.9894,0.2728,9.1559,-0.0213,0.0024,9.8066,-0.0019,-0.1137,0.0445,-19.62,-35.81,9.25,273.7,-81.72,173.31
52.403713,-1.557991,162.52,11.43,4,91.92,20 / 22,3839010,2019-09-06 20:24:04:753,-1.9497,-0.3512,9.6128,-0.0319,-0.0067,9.8065,-0.0682,-0.0406,0.0082,-20.06,-36.12,9.19,274.04,-81.7,173.68
52.403713,-1.557991,162.52,11.43,4,91.92,20 / 22,3839110,2019-09-06 20:24:04:853,-3.4743,0.1937,9.8035,0.0007,0.0046,9.8066,0.1413,-0.0716,0.0263,-20,-36.12,9.25,275.23,-81.9,174.52
52.403713,-1.557991,162.52,11.43,4,91.92,20 / 22,3839210,2019-09-06 20:24:04:953,-0.4211,0.0065,10.0974,-0.0232,-0.0094,9.8066,0.188,-0.012,0.004,-18.87,-37.06,9.38,275.85,-82.06,174.68
52.403713,-1.557991,162.52,11.43,4,91.92,20 / 22,3839309,2019-09-06 20:24:05:052,-1.4726,-1.5052,10.4532,-0.0235,0.004,9.8065,-0.0878,-0.0188,-0.043,-19.56,-37.44,9.75,278.32,-82.06,175.03
52.403713,-1.557991,162.52,11.43,4,91.92,20 / 22,3839410,2019-09-06 20:24:05:153,-1.6758,0.335,10.0001,0.0228,0.0056,9.8066,0.0556,-0.2026,0.0241,-19.56,-37.12,10.81,279.58,-81.99,173.86
52.403713,-1.557991,162.52,11.43,4,91.92,20 / 22,3839510,2019-09-06 20:24:05:253,-1.1489,-0.1777,9.8448,0.0149,0.0086,9.8066,-0.1034,-0.1358,0.0463,-20.62,-36.87,11.06,278.68,-81.98,173.67
52.403713,-1.557991,162.52,11.43,4,91.92,20 / 22,3839610,2019-09-06 20:24:05:353,-1.2643,-0.6094,9.9541,-0.0009,0.0052,9.8065,0.0707,-0.0297,0.0076,-20.25,-36.19,11.88,281.43,-82.12,172.66
52.403713,-1.557991,162.52,11.43,4,91.92,20 / 22,3839709,2019-09-06 20:24:05:452,-0.6389,0.0879,9.9603,0.0017,-0.0054,9.8066,-0.0837,-0.053,0.0038,-20.5,-36,11.25,278.38,-82.05,172.23
52.403713,-1.557991,162.52,11.43,4,91.92,20 / 22,3839810,2019-09-06 20:24:05:553,-1.3821,0.8279,9.5462,0.0037,-0.0087,9.8066,0.0023,-0.0093,0.0384,-20,-35.25,11.63,281.53,-81.97,172.64
52.403713,-1.557991,162.52,11.43,4,91.92,20 / 22,3839910,2019-09-06 20:24:05:653,-0.8846,-0.784,9.6119,0.001,-0.0146,9.8066,-0.1589,-0.0919,0.0032,-20.19,-35.31,12.25,282.74,-82.01,173.74
52.403713,-1.557991,162.52,11.43,4,91.92,20 / 22,3840009,2019-09-06 20:24:05:752,-1.4474,-1.709,9.6608,0.0243,-0.007,9.8066,-0.1833,-0.1002,0.0209,-20.87,-34.94,11.56,281.96,-82.03,173.76
52.403713,-1.557991,162.52,11.43,4,91.92,20 / 22,3840109,2019-09-06 20:24:05:852,-1.7866,-1.2167,9.3966,0.0159,-0.0029,9.8066,0.0194,-0.1155,-0.0152,-20,-34.87,11.69,282.3,-82.2,173.04
52.403713,-1.557991,162.52,11.43,4,91.92,20 / 22,3840210,2019-09-06 20:24:05:953,-1.7164,-0.8816,9.5254,-0.0082,0.0121,9.8066,-0.0505,-0.1151,0.0182,-19.62,-35,11.88,282.33,-82.37,172.79
52.403713,-1.557991,162.52,11.43,4,91.92,20 / 22,3840309,2019-09-06 20:24:06:052,-1.1766,-0.4655,9.7288,-0.0059,0.0009,9.8066,0.0314,-0.0948,-0.0063,-20.06,-35.25,11.94,281.63,-82.54,171.86
52.403713,-1.557991,162.52,11.43,4,91.92,20 / 22,3840410,2019-09-06 20:24:06:153,-2.5639,-0.4723,10.238,-0.0007,0.0044,9.8066,-0.0377,-0.137,0.0521,-20.19,-35,11.88,281.46,-82.59,171.62
52.403713,-1.557991,162.52,11.43,4,91.92,20 / 22,3840509,2019-09-06 20:24:06:252,-1.9685,-0.2094,10.0477,0.0068,-0.0071,9.8066,0.002,-0.1362,0.0532,-20.44,-35.12,12.19,281.48,-82.6,171.63
52.403713,-1.557991,162.52,11.43,4,91.92,20 / 22,3840609,2019-09-06 20:24:06:352,-2.5741,-0.6337,9.661,0.0032,-0.0034,9.8066,0.0308,-0.1677,0.0609,-20.37,-35.44,12.56,283.83,-82.57,171.61
52.403713,-1.557991,162.52,11.43,4,91.92,20 / 22,3840710,2019-09-06 20:24:06:453,-2.2143,-0.7215,10.0482,0.0026,-0.0048,9.8066,0.0333,-0.1668,0.0208,-20.5,-35.12,13.44,284.27,-82.55,172.07
52.403713,-1.557991,162.52,11.43,4,91.92,20 / 22,3840810,2019-09-06 20:24:06:553,-1.9518,-0.6755,10.0515,-0.0024,-0.0037,9.8066,0.0487,-0.1716,0.0136,-19.87,-35.5,13.44,284.54,-82.62,172.22
52.403713,-1.557991,162.52,11.43,4,91.92,20 / 22,3840910,2019-09-06 20:24:06:653,-2.2603,-1.2917,9.8359,-0.0055,0.0047,9.8066,0.0004,-0.1611,0.0199,-20.81,-35,14.06,285.63,-82.7,171.9
52.403713,-1.557991,162.52,11.43,4,91.92,20 / 22,3841010,2019-09-06 20:24:06:753,-2.0385,-0.2062,9.7997,-0.0172,0.0016,9.8066,-0.0022,-0.1627,0.0457,-19.94,-34.87,13.5,286.8,-82.84,171.85
52.403713,-1.557991,162.52,11.43,4,91.92,20 / 22,3841110,2019-09-06 20:24:06:853,-1.7703,-0.6503,9.775,-0.0144,0.0007,9.8066,0.0382,-0.2079,0.012,-20.69,-34.87,13.81,286.22,-82.86,172.24
52.403713,-1.557991,162.52,11.43,4,91.92,20 / 22,3841210,2019-09-06 20:24:06:953,-1.6306,-1.0065,9.9138,0.0031,-0.0039,9.8066,0.0016,-0.153,-0.012,-19.81,-34.81,14.88,289.54,-82.86,172.31
52.403713,-1.557991,162.52,11.43,4,91.92,20 / 22,3841309,2019-09-06 20:24:07:052,-1.9434,-0.3815,9.7785,-0.0017,0.004,9.8066,-0.0116,-0.1348,0.0302,-20.06,-35.12,14.75,289.21,-82.88,171.98
52.403713,-1.557991,162.52,11.43,4,91.92,20 / 21,3841410,2019-09-06 20:24:07:153,-2.1822,-0.7238,10.0337,0.0048,-0.0026,9.8066,-0.0216,-0.2038,0.0358,-20.87,-35.06,15.25,288.2,-82.89,172.03
52.403713,-1.557991,162.52,11.43,4,91.92,20 / 21,3841509,2019-09-06 20:24:07:252,-1.6281,-0.4592,10.0992,-0.0034,-0.005,9.8066,-0.0142,-0.2036,0.0322,-20,-34.62,15.25,289.93,-82.96,172.55
52.403713,-1.557991,162.52,11.43,4,91.92,20 / 21,3841610,2019-09-06 20:24:07:353,-2.5225,-0.2887,9.5591,-0.0012,0.0033,9.8066,-0.0837,-0.2091,0.015,-20.44,-35.06,15.81,291.7,-83.02,172.12
52.403713,-1.557991,162.52,11.43,4,91.92,20 / 21,3841710,2019-09-06 20:24:07:453,-1.9857,-0.3665,10.1144,-0.0085,0.0016,9.8066,0.0962,-0.214,0.0433,-19.81,-34.69,15.81,292,-83.08,172.32
52.403713,-1.557991,162.52,11.43,4,91.92,20 / 21,3841809,2019-09-06 20:24:07:552,-1.6853,-1.3585,10.2323,0.0013,-0.0014,9.8066,0.0601,-0.1866,0.0144,-20.25,-35.06,16.5,294.59,-83.18,172.71
52.403713,-1.557991,162.52,11.43,4,91.92,20 / 21,3841909,2019-09-06 20:24:07:652,-2.1505,-0.252,9.9282,-0.0026,0.0011,9.8066,-0.0236,-0.1586,0.0152,-20.31,-34.62,16.38,292.48,-83.27,172.53
52.403713,-1.557991,162.52,11.43,4,91.92,20 / 21,3842009,2019-09-06 20:24:07:752,-1.7659,0.1007,10.0836,0.0054,-0.0114,9.8066,-0.0072,-0.2099,0.0073,-19.81,-34.25,17.13,295.19,-83.32,172.86
52.403713,-1.557991,162.52,11.43,4,91.92,20 / 21,3842109,2019-09-06 20:24:07:852,-1.599,0.0775,9.7331,0.0121,-0.0059,9.8065,0.0032,-0.221,0.0949,-19.69,-34.75,17.31,295.52,-83.36,173.35
52.403713,-1.557991,162.52,11.43,4,91.92,20 / 21,3842209,2019-09-06 20:24:07:952,-1.9209,-0.0224,9.3564,-0.0121,-0.0094,9.8066,-0.0592,-0.1818,0.0193,-19.87,-34.5,17.69,299.42,-83.5,174.79
52.403713,-1.557991,162.52,11.43,4,91.92,20 / 21,3842310,2019-09-06 20:24:08:053,-2.1929,-0.5191,9.3898,0.0073,-0.013,9.8066,0.0017,-0.161,0.0589,-20,-34.06,18.13,300.18,-83.5,175.49
52.403713,-1.557991,162.52,11.43,4,91.92,20 / 21,3842410,2019-09-06 20:24:08:153,-2.3073,1.3195,9.4461,-0.0339,0.0188,9.8065,0.0245,-0.1754,0.0197,-20,-34.81,19,302.59,-83.59,176.1
52.403713,-1.557991,162.52,11.43,4,91.92,20 / 21,3842509,2019-09-06 20:24:08:252,-1.999,0.4084,9.6102,-0.0202,0.0205,9.8066,0.0087,-0.1921,0.0072,-19.75,-34.25,18.69,303.44,-83.9,176.35
52.403713,-1.557991,162.52,11.43,4,91.92,20 / 21,3842609,2019-09-06 20:24:08:352,-2.696,0.1136,10.0752,-0.0083,0.0073,9.8066,0.0043,-0.22,0.0276,-19.25,-34.12,19.06,305.13,-83.97,176.54
52.403713,-1.557991,162.52,11.43,4,91.92,20 / 21,3842709,2019-09-06 20:24:08:452,-1.6025,0.5154,9.8924,-0.0024,0.0083,9.8066,0.0005,-0.2081,0.0277,-18.94,-34.62,18.81,304.35,-83.95,176.04
52.403713,-1.557991,162.52,11.43,4,91.92,20 / 21,3842810,2019-09-06 20:24:08:553,-1.9146,0.701,9.3099,0.0089,-0.0103,9.8065,-0.0241,-0.163,0.0135,-19.44,-33.81,19.31,304.72,-83.93,176.21
52.403713,-1.557991,162.52,11.43,4,91.92,20 / 21,3842909,2019-09-06 20:24:08:652,-2.2663,0.6244,9.7891,0.0112,-0.0106,9.8066,0.0606,-0.2038,0.0263,-19.06,-34.12,20.06,306.43,-83.87,176.22
52.403713,-1.557991,162.52,11.43,4,91.92,20 / 21,3843009,2019-09-06 20:24:08:752,-2.05,0.4707,9.4848,-0.0123,0.0084,9.8066,0.0188,-0.1759,-0.0329,-18.37,-34.69,20.31,308.33,-83.81,176.82
52.403713,-1.557991,162.52,11.43,4,91.92,20 / 21,3843110,2019-09-06 20:24:08:853,-1.7131,0.1196,10.2764,-0.0136,0.0167,9.8065,0.0119,-0.1792,0.0374,-18.44,-34.25,20.44,308.12,-83.94,176.31
52.403713,-1.557991,162.52,11.43,4,91.92,20 / 21,3843210,2019-09-06 20:24:08:953,-1.435,0.9474,10.1275,0.0003,-0.0077,9.8066,0.0248,-0.1611,-0.0099,-17.94,-33.94,20.94,310.04,-83.93,176.54
52.403713,-1.557991,162.52,11.43,4,91.92,20 / 21,3843310,2019-09-06 20:24:09:053,-1.8291,0.8412,10.3643,-0.0014,-0.0002,9.8066,-0.0183,-0.1724,0.0333,-17.87,-33.19,21,310.62,-83.97,176.86
52.40373,-1.556717,162.68,5.05,3,120.56,20 / 21,3843410,2019-09-06 20:24:09:153,-1.5185,0.8377,10.0392,0.0044,-0.005,9.8066,-0.0085,-0.1427,0.0397,-18.19,-34.5,21.63,312.25,-83.97,177.06
52.40373,-1.556717,162.68,5.05,3,120.56,20 / 21,3843509,2019-09-06 20:24:09:252,-1.9409,0.8759,9.4518,-0.003,0.0031,9.8066,0.0164,-0.1514,0.0166,-18.37,-34.19,21.75,312.77,-83.92,177.57
52.40373,-1.556717,162.68,5.05,3,120.56,20 / 21,3843609,2019-09-06 20:24:09:352,-1.7387,0.9035,9.7996,-0.0057,-0.0013,9.8066,0.0354,-0.1436,0.0056,-17.56,-33.44,21.5,313.16,-83.92,177.77
52.40373,-1.556717,162.68,5.05,3,120.56,20 / 21,3843710,2019-09-06 20:24:09:453,-1.6814,1.0884,10.0176,-0.0005,0.0091,9.8066,0.0242,-0.1431,-0.0021,-17.44,-33.69,22.38,314.7,-83.88,177.89
52.40373,-1.556717,162.68,5.05,3,120.56,20 / 21,3843810,2019-09-06 20:24:09:553,-1.4372,1.0178,10.0029,-0.0079,0.0045,9.8066,-0.0135,-0.1434,0.0365,-17.62,-34.19,21.94,313.18,-83.92,177.95
52.40373,-1.556717,162.68,5.05,3,120.56,20 / 21,3843909,2019-09-06 20:24:09:652,-1.6977,0.9609,9.9937,0.0012,-0.0038,9.8066,-0.0267,-0.1186,0.0023,-17.12,-34,22.13,315.39,-83.93,178.48
52.40373,-1.556717,162.68,5.05,3,120.56,20 / 21,3844009,2019-09-06 20:24:09:752,-1.1493,1.2484,9.7557,-0.0014,0.0064,9.8066,-0.0078,-0.1285,-0.001,-17.87,-33.62,22.56,315.09,-84.02,178.22
52.40373,-1.556717,162.68,5.05,3,120.56,20 / 21,3844110,2019-09-06 20:24:09:853,-1.4637,1.1459,10.159,-0.0069,0.003,9.8066,-0.0253,-0.118,-0.0118,-16.5,-33.69,22.31,317.54,-84.16,178.66
52.40373,-1.556717,162.68,5.05,3,120.56,20 / 21,3844210,2019-09-06 20:24:09:953,-1.1517,1.4388,9.9267,0.0003,0.0103,9.8066,0.0025,-0.1022,0.0312,-16.25,-33.81,23.31,318.55,-84.25,178.14
52.40373,-1.556717,162.68,5.05,3,120.56,20 / 21,3844309,2019-09-06 20:24:10:052,-1.234,1.1749,9.8921,-0.0056,-0.0025,9.8066,-0.0213,-0.1054,-0.0069,-17.37,-34.25,23,317.29,-84.35,178.46
52.40373,-1.556717,162.68,5.05,3,120.56,20 / 21,3844410,2019-09-06 20:24:10:153,-1.5014,1.4747,10.129,-0.0002,-0.0003,9.8066,0.0075,-0.1,0.007,-16.19,-34.19,23.25,319.41,-84.4,178.79
52.40373,-1.556717,162.68,5.05,3,120.56,20 / 21,3844510,2019-09-06 20:24:10:253,-1.0667,1.5689,9.5866,-0.0008,0.0006,9.8066,-0.0003,-0.0784,0.0047,-15.69,-34,23.25,318.66,-84.44,178.08
52.40373,-1.556717,162.68,5.05,3,120.56,20 / 21,3844609,2019-09-06 20:24:10:352,-1.282,1.2557,9.7663,-0.0035,-0.0077,9.8066,-0.0142,-0.0797,-0.0029,-15.69,-33.87,23.06,319.52,-84.45,178.86
52.40373,-1.556717,162.68,5.05,3,120.56,20 / 21,3844709,2019-09-06 20:24:10:452,-0.9887,1.149,9.9947,-0.0007,0.0022,9.8066,0.0062,-0.0584,0.0196,-16.19,-33.25,23.69,321.12,-84.52,178.87
52.40373,-1.556717,162.68,5.05,3,120.56,20 / 21,3844810,2019-09-06 20:24:10:553,-0.9824,0.8573,9.8113,-0.0052,0.0009,9.8066,0.0083,-0.071,-0.0033,-16.06,-33.69,24.19,321.29,-84.53,179.14
52.40373,-1.556717,162.68,5.05,3,120.56,20 / 21,3844909,2019-09-06 20:24:10:652,-0.8222,1.468,9.9209,-0.0028,0.002,9.8066,0.0075,-0.0792,0.0054,-15.44,-34.31,23.69,323.44,-84.52,179.5
52.40373,-1.556717,162.68,5.05,3,120.56,20 / 21,3845009,2019-09-06 20:24:10:752,-0.8513,1.2343,10.0123,-0.0067,0.0011,9.8066,0.0049,-0.0609,0.0002,-15.44,-34.06,23.69,323.86,-84.54,179.86
52.40373,-1.556717,162.68,5.05,3,120.56,20 / 21,3845110,2019-09-06 20:24:10:853,-0.7044,0.9196,9.9464,-0.0037,-0.0027,9.8066,-0.0024,-0.0666,0.0061,-15.44,-34.19,23.69,324.64,-84.52,-179.42
52.40373,-1.556717,162.68,5.05,3,120.56,20 / 21,3845210,2019-09-06 20:24:10:953,-0.7178,0.9079,9.6113,-0.002,-0.0042,9.8066,0.0169,-0.0596,0.0059,-15.19,-33.37,24.06,325.49,-84.49,-178.74
52.40373,-1.556717,162.68,5.05,3,120.56,20 / 21,3845309,2019-09-06 20:24:11:052,-0.7169,1.1787,9.7378,-0.0018,0.0013,9.8066,0.0439,-0.0582,0.0071,-15.5,-34,24.13,325.57,-84.45,-178.52
52.40373,-1.556717,162.68,5.05,3,120.56,20 / 21,3845410,2019-09-06 20:24:11:153,-0.5949,1.0675,9.916,-0.004,0.0011,9.8066,-0.0223,-0.0579,-0.0136,-14.94,-33.87,23.94,325.82,-84.44,-178.3
52.40373,-1.556717,162.68,5.05,3,120.56,20 / 21,3845510,2019-09-06 20:24:11:253,-0.2136,0.6934,9.8977,0.0018,-0.0025,9.8066,-0.0062,-0.0497,0.0076,-14.62,-33.12,23.81,326.22,-84.43,-178.04
52.40373,-1.556717,162.68,5.05,3,120.56,20 / 21,3845609,2019-09-06 20:24:11:352,0.0829,-0.0312,9.7505,0.0029,-0.0109,9.8065,-0.0065,-0.0414,0.0032,-15.25,-33.37,24.06,326.63,-84.44,-177.68
52.40373,-1.556717,162.68,5.05,3,120.56,20 / 21,3845709,2019-09-06 20:24:11:452,0.6636,-0.6004,9.8351,0.0007,-0.0083,9.8066,-0.0101,-0.0571,0.0208,-15.12,-33.19,24.5,328.27,-84.36,-177.28
52.40373,-1.556717,162.68,5.05,3,120.56,20 / 21,3845809,2019-09-06 20:24:11:552,0.2275,0.0483,9.5392,0.0018,-0.0123,9.8066,0.083,-0.0309,0.0007,-15.12,-33,24.69,328.95,-84.2,-176.57
52.40373,-1.556717,162.68,5.05,3,120.56,20 / 21,3845910,2019-09-06 20:24:11:653,0.2831,-0.2065,9.8309,-0.011,0.0051,9.8065,0.0858,-0.0475,0.0262,-14.81,-33.37,24.56,329.67,-84.21,-175.93
52.40373,-1.556717,162.68,5.05,3,120.56,20 / 21,3846010,2019-09-06 20:24:11:753,0.3188,-0.3461,10.0572,-0.0104,0.0069,9.8066,-0.0296,-0.0469,-0.0023,-14.94,-33.25,24.69,330.39,-84.21,-175.29
52.40373,-1.556717,162.68,5.05,3,120.56,20 / 21,3846110,2019-09-06 20:24:11:853,0.1209,0.0823,9.9641,-0.0072,0.0033,9.8066,-0.0069,-0.0666,0.0175,-14.94,-33.44,24.75,331.28,-84.23,-174.49
52.40373,-1.556717,162.68,5.05,3,120.56,20 / 21,3846210,2019-09-06 20:24:11:953,0.4323,-0.4308,9.7363,-0.0066,-0.0006,9.8066,-0.0189,-0.0217,0.007,-15.19,-33.25,24.13,330.81,-84.23,-173.78
52.40373,-1.556717,162.68,5.05,3,120.56,20 / 21,3846309,2019-09-06 20:24:12:052,1.0712,-0.4835,9.9036,-0.0031,-0.0075,9.8066,0.0193,-0.0637,0.0244,-14.44,-33.25,24.25,333.14,-84.23,-173.39
52.40373,-1.556717,162.68,5.05,3,120.56,20 / 21,3846410,2019-09-06 20:24:12:153,0.5498,-0.4245,9.8575,-0.0023,-0.0041,9.8066,0.0652,-0.0877,0.0224,-14.5,-32.5,24.5,335.66,-84.1,-172.27
52.40373,-1.556717,162.68,5.05,3,120.56,20 / 21,3846509,2019-09-06 20:24:12:252,1.3428,-1.7329,9.9756,-0.0019,-0.0074,9.8066,0.0265,-0.0669,0.0072,-14.37,-33.12,25.06,336.25,-83.96,-171.59
52.40373,-1.556717,162.68,5.05,3,120.56,20 / 21,3846610,2019-09-06 20:24:12:353,1.0422,-1.3892,9.7361,-0.001,-0.0063,9.8066,0.0005,-0.0826,0.0163,-14.19,-32.94,25.13,336.43,-83.85,-171.37
52.40373,-1.556717,162.68,5.05,3,120.56,20 / 21,3846709,2019-09-06 20:24:12:452,0.6889,-1.1386,9.7051,0.004,-0.0111,9.8066,0.0273,-0.0802,0.0029,-14.06,-32.81,25.63,338.03,-83.84,-170.98
52.40373,-1.556717,162.68,5.05,3,120.56,20 / 21,3846809,2019-09-06 20:24:12:552,1.2523,-1.8541,9.7188,-0.0082,0.0092,9.8066,-0.0124,-0.0827,0.0022,-14.25,-33.12,26.38,338.47,-83.84,-170.59
52.40373,-1.556717,162.68,5.05,3,120.56,20 / 21,3846909,2019-09-06 20:24:12:652,0.811,-0.7291,9.4744,-0.0008,-0.0021,9.8066,-0.0625,-0.0911,-0.0065,-14.81,-33.19,25.88,337.2,-83.79,-170.06
52.40373,-1.556717,162.68,5.05,3,120.56,20 / 21,3847010,2019-09-06 20:24:12:753,1.313,-1.6881,9.9656,-0.0063,-0.0007,9.8066,-0.0449,-0.0912,0.024,-14.12,-33.25,25.38,338.71,-83.89,-169.38
52.40373,-1.556717,162.68,5.05,3,120.56,20 / 21,3847110,2019-09-06 20:24:12:853,1.3048,-1.8606,10.0188,-0.0046,0.0035,9.8066,0.0282,-0.099,0.0334,-14.31,-32.87,25.63,340.85,-83.95,-168.53
52.40373,-1.556717,162.68,5.05,3,120.56,20 / 21,3847210,2019-09-06 20:24:12:953,0.7274,-1.2232,9.6125,-0.0062,-0.0096,9.8066,-0.0024,-0.0925,0.0185,-13.44,-32.56,25.5,343.56,-83.9,-167.83
52.40373,-1.556717,162.68,5.05,3,120.56,20 / 21,3847310,2019-09-06 20:24:13:053,0.858,-1.5706,9.6545,-0.0064,-0.0037,9.8066,0.0308,-0.1021,0.0155,-14.12,-32.56,25.94,342.86,-83.76,-166.7
52.40373,-1.556717,162.68,5.05,3,120.56,20 / 21,3847409,2019-09-06 20:24:13:152,0.9824,-2.1527,9.5088,-0.004,0.0006,9.8066,-0.0032,-0.1218,0.0186,-13.69,-32.12,25.75,343.6,-83.66,-166.07
52.40373,-1.556717,162.68,5.05,3,120.56,20 / 21,3847509,2019-09-06 20:24:13:252,0.7656,-1.6617,9.5555,-0.0014,0.0131,9.8066,-0.0073,-0.1415,-0.0025,-13,-33.12,26.44,346.05,-83.71,-165.59
52.40373,-1.556717,162.68,5.05,3,120.56,20 / 21,3847609,2019-09-06 20:24:13:352,0.6121,-1.0967,9.9549,-0.0041,0.0072,9.8066,0.0143,-0.13,0.009,-13.75,-32.87,26.5,345.11,-83.74,-165.65
52.40373,-1.556717,162.68,5.05,3,120.56,20 / 21,3847709,2019-09-06 20:24:13:452,1.2055,-1.604,9.7979,0.0032,-0.0034,9.8066,0.0212,-0.1101,0.0065,-13.12,-32.5,26.44,345.99,-83.75,-165.7
52.40373,-1.556717,162.68,5.05,3,120.56,20 / 21,3847810,2019-09-06 20:24:13:553,0.6596,-1.5408,9.7531,-0.0043,0.0012,9.8066,0.014,-0.1434,0.0273,-12.5,-32.12,26.63,349.13,-83.71,-165.56
52.40373,-1.556717,162.68,5.05,3,120.56,20 / 21,3847910,2019-09-06 20:24:13:653,0.2353,-0.9424,9.8594,0.0069,-0.0097,9.8066,-0.0693,-0.1071,0.0043,-13.19,-32.87,27.06,347.68,-83.62,-165.04
52.40373,-1.556717,162.68,5.05,3,120.56,20 / 21,3848010,2019-09-06 20:24:13:753,0.6135,-1.4579,10.0654,0.005,-0.0267,9.8066,0.0251,-0.1113,0.0281,-12.31,-32.31,26.63,349.81,-83.61,-164.94
52.40373,-1.556717,162.68,5.05,3,120.56,20 / 21,3848110,2019-09-06 20:24:13:853,0.3134,-2.5039,9.4951,-0.0107,0.0161,9.8066,0.117,-0.1625,0.0707,-12.44,-32.62,27.13,351.74,-83.59,-163.22
52.40373,-1.556717,162.68,5.05,3,120.56,20 / 21,3848209,2019-09-06 20:24:13:952,0.1948,-2.3904,9.3274,-0.015,0.0168,9.8066,-0.0704,-0.1142,-0.0265,-12.19,-32.19,27.19,352.21,-83.52,-162.83
52.40373,-1.556717,162.68,5.05,3,120.56,20 / 21,3848310,2019-09-06 20:24:14:053,0.3435,-0.8726,10.442,0.0055,-0.0095,9.8066,-0.0676,-0.1326,0.0074,-12.37,-32.94,27.13,351.93,-83.55,-163.05
52.40373,-1.556717,162.68,5.05,3,120.56,20 / 21,3848410,2019-09-06 20:24:14:153,0.8732,-1.78,10.6954,0.0009,0.0062,9.8066,0.0214,-0.1464,0.05,-11.56,-33,27,350.92,-83.47,-163.91
52.40373,-1.556717,162.68,5.05,3,120.56,20 / 21,3848509,2019-09-06 20:24:14:252,0.8014,-1.4691,9.7936,-0.0028,-0.021,9.8065,-0.0364,-0.14,-0.0008,-11.12,-31.94,27.06,353.49,-83.38,-163.47
52.40373,-1.556717,162.68,5.05,3,120.56,20 / 21,3848610,2019-09-06 20:24:14:353,0.1559,-1.3609,9.6077,-0.0036,-0.017,9.8065,0.0924,-0.1789,0.0527,-11.69,-32.81,28.25,353.54,-83.36,-162.41
52.40373,-1.556717,162.68,5.05,3,120.56,20 / 21,3848710,2019-09-06 20:24:14:453,-0.029,-1.7048,9.4781,-0.0011,-0.0109,9.8066,0.1231,-0.1595,0.016,-11.12,-32.5,27.88,355.64,-83.19,-162.33
52.40373,-1.556717,162.68,5.05,3,120.56,20 / 21,3848810,2019-09-06 20:24:14:553,-0.1083,-2.0355,10.0549,-0.0004,-0.0026,9.8065,-0.0107,-0.184,0.0117,-10.75,-32.12,28,355.17,-82.87,-162.71
52.40373,-1.556717,162.68,5.05,3,120.56,20 / 21,3848910,2019-09-06 20:24:14:653,0.1272,-1.5351,10.4932,0.0052,-0.0075,9.8066,-0.0401,-0.1848,-0.0021,-10.87,-32.25,28.25,354.07,-82.72,-163.63
52.40373,-1.556717,162.68,5.05,3,120.56,20 / 21,3849010,2019-09-06 20:24:14:753,0.0761,-0.5448,10.049,-0.0005,0.0125,9.8065,0.0116,-0.208,0.049,-10.56,-32.06,28.25,353.98,-82.85,-163.73
52.40373,-1.556717,162.68,5.05,3,120.56,20 / 21,3849109,2019-09-06 20:24:14:852,-0.3168,-1.6313,9.9855,0.0011,-0.021,9.8066,0.0156,-0.1798,-0.0175,-9.37,-32.19,28.63,359.14,-82.78,-163.5
52.40373,-1.556717,162.68,5.05,3,120.56,20 / 21,3849210,2019-09-06 20:24:14:953,0.5543,-1.2321,9.7522,0.0141,-0.0131,9.8065,0.1323,-0.1731,0.0494,-9.56,-32.37,28.94,356.26,-82.72,-164.19
52.40373,-1.556717,162.68,5.05,3,120.56,20 / 21,3849310,2019-09-06 20:24:15:053,-0.2373,-1.6259,9.7973,0.0023,-0.022,9.8066,-0.0321,-0.1587,-0.0091,-9.25,-31.94,29,357.73,-82.5,-164.7
52.40373,-1.556717,162.68,5.05,3,120.56,20 / 21,3849410,2019-09-06 20:24:15:153,0.1913,-1.1044,9.549,0.0064,-0.0095,9.8066,-0.0136,-0.1616,-0.0088,-8.37,-32.12,29.44,359.35,-82.28,-165.13
52.40373,-1.556717,162.68,5.05,3,120.56,20 / 21,3849509,2019-09-06 20:24:15:252,-0.5031,-1.9415,9.9869,0.0034,0.0045,9.8066,0.0162,-0.2412,0.0439,-8.69,-32.25,29.25,357.06,-82.27,-165.25
52.40373,-1.556717,162.68,5.05,3,120.56,20 / 21,3849610,2019-09-06 20:24:15:353,-0.5645,-0.934,9.874,0.004,-0.0064,9.8066,-0.0042,-0.1808,0.0287,-8.44,-32.19,29.13,358.94,-82.23,-165.47
52.40373,-1.556717,162.68,5.05,3,120.56,20 / 21,3849710,2019-09-06 20:24:15:453,-1.1096,-0.7906,9.9126,0.0007,-0.0077,9.8066,0.026,-0.2019,0.0454,-7.44,-31.81,29.81,1.82,-82.22,-165.32
52.40373,-1.556717,162.68,5.05,3,120.56,20 / 21,3849810,2019-09-06 20:24:15:553,-1.2082,-0.9468,10.2208,0.0046,0.0022,9.8066,0.0273,-0.1878,0.0143,-7.69,-31.94,29.69,359.29,-82.23,-165.68
52.40373,-1.556717,162.68,5.05,3,120.56,20 / 21,3849909,2019-09-06 20:24:15:652,-0.4787,-0.5403,9.8931,-0.007,-0.0036,9.8066,0.0407,-0.2144,0.0027,-7.12,-31.5,29.81,1.16,-82.15,-165.88
52.40373,-1.556717,162.68,5.05,3,120.56,20 / 21,3850010,2019-09-06 20:24:15:753,-0.2315,-1.3435,10.2833,0.0099,-0.0104,9.8066,0.0694,-0.2447,0.063,-6.69,-31.37,29.38,0.81,-82.05,-165.75
52.40373,-1.556717,162.68,5.05,3,120.56,20 / 21,3850110,2019-09-06 20:24:15:853,-0.3251,-1.0813,10.198,0.0008,-0.0164,9.8066,-0.0053,-0.1955,-0.0023,-6.44,-32.12,29.44,2.65,-81.88,-166.09
52.40373,-1.556717,162.68,5.05,3,120.56,20 / 21,3850210,2019-09-06 20:24:15:953,-1.4267,-0.7642,10.2226,0.0093,-0.0099,9.8066,0.0935,-0.2178,0.0272,-5.62,-32.5,29.38,2.26,-81.8,-166.42
52.40373,-1.556717,162.68,5.05,3,120.56,20 / 21,3850310,2019-09-06 20:24:16:053,-0.5992,-0.5321,10.1436,0.0105,0.0055,9.8066,0.0379,-0.2039,-0.0464,-5.69,-31.94,30.5,2.21,-81.74,-167.18
52.40373,-1.556717,162.68,5.05,3,120.56,20 / 21,3850410,2019-09-06 20:24:16:153,-0.0978,-1.2051,9.7916,0.0115,0.0101,9.8066,-0.0117,-0.2216,0.0857,-4.94,-31.81,30.5,2.79,-81.66,-168.49
52.40373,-1.556717,162.68,5.05,3,120.56,20 / 21,3850510,2019-09-06 20:24:16:253,-0.6095,-0.6118,10.0068,0.0019,-0.031,9.8065,-0.0471,-0.1977,-0.0268,-5.31,-31.69,30.44,2.33,-81.59,-168.59
52.40373,-1.556717,162.68,5.05,3,120.56,20 / 21,3850610,2019-09-06 20:24:16:353,-1.3439,0.8109,10.0859,0.0092,-0.0299,9.8066,0.073,-0.1032,-0.0119,-4.5,-31.69,29.94,3.89,-81.3,-169.18
52.40373,-1.556717,162.68,5.05,3,120.56,20 / 21,3850709,2019-09-06 20:24:16:452,-0.8506,-1.1228,10.2319,0.0077,0.0244,9.8066,0.1254,-0.1898,0.0613,-4.62,-32.06,30.31,0.21,-81.47,-170.37
52.40373,-1.556717,162.68,5.05,3,120.56,20 / 21,3850809,2019-09-06 20:24:16:552,-0.1819,-1.5157,10.0163,-0.0078,0.0224,9.8066,-0.1006,-0.174,-0.0474,-4.25,-32.31,30.5,2.86,-81.44,-170.26
52.40373,-1.556717,162.68,5.05,3,120.56,20 / 21,3850910,2019-09-06 20:24:16:653,-0.8691,-0.8766,9.72,0.0075,-0.0191,9.8066,0.0114,-0.1356,0.0842,-4.19,-32.94,30.38,2,-81.23,-170.76
52.40373,-1.556717,162.68,5.05,3,120.56,20 / 21,3851010,2019-09-06 20:24:16:753,-0.0883,-0.4963,9.8034,0.0029,-0.0231,9.8065,0.0494,-0.1439,0.013,-3.94,-32.56,30.69,2.09,-81.21,-170.92
52.40373,-1.556717,162.68,5.05,3,120.56,20 / 21,3851109,2019-09-06 20:24:16:852,-0.3041,-0.529,10.4652,-0.005,0.02,9.8065,0.0575,-0.116,-0.0251,-3.31,-32.44,30.13,4,-81.22,-170.99
52.40373,-1.556717,162.68,5.05,3,120.56,20 / 21,3851210,2019-09-06 20:24:16:953,-0.0549,-0.7984,10.0748,0.0011,0.0481,9.8065,-0.0499,-0.0753,0.0249,-3.69,-32.5,30.81,1.8,-81.47,-171.14
52.40373,-1.556717,162.68,5.05,3,120.56,20 / 21,3851309,2019-09-06 20:24:17:052,-0.2016,-0.6641,9.2908,0,-0.0359,9.8066,-0.0418,-0.0973,-0.0101,-3.06,-32.56,30.38,3.8,-81.31,-171.16
52.40373,-1.556717,162.68,5.05,3,120.56,19 / 20,3851409,2019-09-06 20:24:17:152,-0.2945,-0.2789,9.7517,0.0064,-0.0345,9.8065,-0.0564,-0.0784,0.0272,-3.62,-33.25,30.38,1.38,-81.33,-171.27
52.40373,-1.556717,162.68,5.05,3,120.56,19 / 20,3851510,2019-09-06 20:24:17:253,0.2078,-0.1065,9.7368,0.0041,0.0024,9.8066,0.0279,-0.0863,-0.0138,-3.12,-32.44,30.56,3.49,-81.38,-171.56
52.40373,-1.556717,162.68,5.05,3,120.56,19 / 20,3851610,2019-09-06 20:24:17:353,-0.511,0.3521,9.4417,0.0035,-0.0088,9.8066,0.0161,-0.0001,-0.0211,-2.69,-32.44,29.81,2.91,-81.32,-171.88
52.40373,-1.556717,162.68,5.05,3,120.56,19 / 20,3851710,2019-09-06 20:24:17:453,0.354,-1.1934,10.3666,0.0009,-0.0129,9.8066,-0.0684,-0.1093,0.0316,-2.81,-32.31,30.19,2.36,-81.29,-172.34
52.40373,-1.556717,162.68,5.05,3,120.56,19 / 20,3851810,2019-09-06 20:24:17:553,0.0329,-0.4649,9.6397,0.0097,-0.0088,9.8066,-0.0285,-0.0569,-0.037,-2.81,-32.5,29.69,1.93,-81.26,-172.69
52.40373,-1.556717,162.68,5.05,3,120.56,19 / 20,3851910,2019-09-06 20:24:17:653,0.5999,-0.0752,9.4101,-0.0021,0.0026,9.8066,-0.0012,-0.0933,0.0336,-2.44,-32.12,30.25,4.11,-81.27,-172.79
52.40373,-1.556717,162.68,5.05,3,120.56,19 / 20,3852010,2019-09-06 20:24:17:753,0.0078,-0.3061,10.1723,0,0.0045,9.8066,0.0386,-0.0545,0.0017,-2.75,-32.56,30.56,2.36,-81.28,-172.52
52.40373,-1.556717,162.68,5.05,3,120.56,19 / 20,3852110,2019-09-06 20:24:17:853,0.48,0.1297,9.9245,0.0034,-0.0189,9.8066,-0.0838,-0.0387,0.0194,-2.44,-32.62,30.25,3.71,-81.19,-173.15
52.40373,-1.556717,162.68,5.05,3,120.56,19 / 20,3852210,2019-09-06 20:24:17:953,-0.1285,0.0915,9.9278,0.0015,-0.0238,9.8066,-0.0137,-0.0625,0.0029,-2.69,-32.62,30.13,1.53,-81.15,-173.03
52.40373,-1.556717,162.68,5.05,3,120.56,19 / 20,3852310,2019-09-06 20:24:18:053,0.5776,-0.7153,9.7384,0.0063,-0.0015,9.8066,-0.0278,-0.045,-0.0054,-2.12,-32.31,30.44,3.01,-81.11,-173.71
52.403393,-1.556475,163,9.15,3,178.39,19 / 20,3852409,2019-09-06 20:24:18:152,0.7062,-0.0142,9.4269,0.0028,-0.0077,9.8066,0.0154,-0.0644,-0.0159,-2.31,-32.75,29.94,2.66,-81.06,-174.01
52.403393,-1.556475,163,9.15,3,178.39,19 / 20,3852510,2019-09-06 20:24:18:253,0.9241,0.114,9.8913,-0.0036,-0.0357,9.8066,0.015,-0.0287,0.0258,-2.06,-32.56,30.06,2.45,-80.91,-174.19
52.403393,-1.556475,163,9.15,3,178.39,19 / 20,3852609,2019-09-06 20:24:18:352,0.6297,-0.6034,10.0422,0.0007,0.0151,9.8066,0.043,0.0161,-0.0049,-1.87,-32.37,30.31,1.92,-81.11,-174.6
52.403393,-1.556475,163,9.15,3,178.39,19 / 20,3852710,2019-09-06 20:24:18:453,-0.6977,-1.442,9.6436,0.0036,0.0184,9.8066,-0.1622,0.0543,-0.0687,-2.44,-32.94,29.88,1.45,-81.16,-175
52.403393,-1.556475,163,9.15,3,178.39,19 / 20,3852810,2019-09-06 20:24:18:553,0.288,1.7015,9.7779,-0.0044,-0.0098,9.8066,-0.0992,-0.0007,0.0262,-2.12,-32.31,29.75,1.13,-81.1,-175.26
52.403393,-1.556475,163,9.15,3,178.39,19 / 20,3852910,2019-09-06 20:24:18:653,0.0556,-0.1284,9.687,-0.0018,0.0062,9.8066,-0.083,-0.0158,-0.0156,-2.19,-32.69,30.25,1.48,-80.99,-174.98
52.403393,-1.556475,163,9.15,3,178.39,19 / 20,3853010,2019-09-06 20:24:18:753,0.9687,0.7398,9.4909,0.0124,-0.0135,9.8066,-0.0888,0.0363,-0.0291,-2.06,-32.31,29.75,0.31,-80.89,-175.94
52.403393,-1.556475,163,9.15,3,178.39,19 / 20,3853110,2019-09-06 20:24:18:853,-0.1923,0.4002,10.1408,-0.0003,0.0111,9.8066,0.0514,-0.0375,-0.006,-1.94,-32.56,30.81,0.19,-80.91,-176.16
52.403393,-1.556475,163,9.15,3,178.39,19 / 20,3853210,2019-09-06 20:24:18:953,1.0598,0.2891,9.5118,-0.0006,0.0302,9.8065,0.0512,0.0101,-0.0834,-2.37,-32.5,30,359.67,-80.86,-176.46
52.403393,-1.556475,163,9.15,3,178.39,19 / 20,3853310,2019-09-06 20:24:19:053,-0.5952,1.2228,10.0093,0.0073,0.0316,9.8065,0.0493,-0.0701,0.0449,-2.37,-32.62,29.81,359.21,-81.05,-176.83
52.403393,-1.556475,163,9.15,3,178.39,19 / 20,3853410,2019-09-06 20:24:19:153,0.3483,0.1368,10.018,0.0048,-0.0128,9.8066,0.1143,-0.0252,-0.0157,-1.69,-32.12,30.06,358.2,-80.96,-177.66
52.403393,-1.556475,163,9.15,3,178.39,19 / 20,3853509,2019-09-06 20:24:19:252,0.4863,1.7047,9.3804,0.0023,-0.0224,9.8065,-0.0531,0.0143,0.0017,-1.62,-32.75,29.56,358.25,-80.85,-177.6
52.403393,-1.556475,163,9.15,3,178.39,19 / 20,3853610,2019-09-06 20:24:19:353,0.0237,0.0492,9.6288,0.0034,0.0114,9.8066,-0.0553,-0.0163,0.069,-1.69,-32.87,29.81,357.18,-80.89,-178.48
52.403393,-1.556475,163,9.15,3,178.39,19 / 20,3853710,2019-09-06 20:24:19:453,0.1747,1.5805,9.7612,0.0078,0.0267,9.8066,0.1371,-0.0077,-0.0625,-2.25,-32.81,29.94,357.57,-80.79,-178.16
52.403393,-1.556475,163,9.15,3,178.39,19 / 20,3853810,2019-09-06 20:24:19:553,0.6192,0.5411,9.6061,0.0047,0.0192,9.8066,0.1012,-0.0223,0.0289,-1.44,-32.75,29.88,358.86,-80.84,-179.02
52.403393,-1.556475,163,9.15,3,178.39,19 / 20,3853909,2019-09-06 20:24:19:652,0.2221,1.5586,10.2903,-0.0019,-0.0032,9.8066,0.0655,-0.0345,0.0018,-1.94,-32.87,29.63,356.5,-80.86,-179.03
52.403393,-1.556475,163,9.15,3,178.39,19 / 20,3854010,2019-09-06 20:24:19:753,0.3715,1.0851,9.9048,0.0051,-0.0164,9.8066,0.0504,0.0081,-0.0505,-1.69,-32.81,29.69,355.77,-80.86,-179.63
52.403393,-1.556475,163,9.15,3,178.39,19 / 20,3854109,2019-09-06 20:24:19:852,0.8265,0.958,9.9305,0.0105,-0.0264,9.8066,0.1038,-0.028,0.0163,-1.94,-33.25,28.88,355.06,-80.77,179.97
52.403393,-1.556475,163,9.15,3,178.39,19 / 20,3854210,2019-09-06 20:24:19:953,-0.0349,0.194,9.9604,-0.0039,0.029,9.8065,0.1434,-0.0418,0.017,-1.56,-32.81,29.44,354.87,-80.91,179.8
52.403393,-1.556475,163,9.15,3,178.39,19 / 20,3854309,2019-09-06 20:24:20:052,-0.2112,0.2089,9.4346,-0.0005,0.0145,9.8066,-0.0782,-0.0018,-0.0479,-1.37,-32.75,29.75,357.56,-80.85,179.93
52.403393,-1.556475,163,9.15,3,178.39,19 / 20,3854410,2019-09-06 20:24:20:153,0.6798,0.1625,9.8455,0.0039,-0.0003,9.8066,-0.0998,-0.0527,0.0365,-1.87,-33.06,30.13,355.37,-80.84,-179.95
52.403393,-1.556475,163,9.15,3,178.39,19 / 20,3854510,2019-09-06 20:24:20:253,-0.1444,1.5182,10.1431,0.0018,0.0052,9.8066,0.1183,0.0228,-0.0133,-2.06,-32.19,30.31,354.89,-80.85,179.63
52.403393,-1.556475,163,9.15,3,178.39,19 / 20,3854609,2019-09-06 20:24:20:352,-0.0918,1.2392,10.133,-0.0065,0.0094,9.8066,0.1431,-0.0327,0.0385,-1.94,-32.44,30.44,354.89,-80.88,179.63
52.403393,-1.556475,163,9.15,3,178.39,19 / 20,3854710,2019-09-06 20:24:20:453,0.1606,-0.0545,10.0599,-0.0052,0.0284,9.8065,-0.0217,0.012,-0.0591,-2.31,-31.31,29.44,355.16,-80.87,179.98
52.403393,-1.556475,163,9.15,3,178.39,19 / 20,3854809,2019-09-06 20:24:20:552,-0.1201,0.8636,10.2233,-0.0098,-0.0264,9.8066,0.1259,-0.0104,0.042,-2.12,-32.62,28.13,355.51,-80.72,-179.49
52.403393,-1.556475,163,9.15,3,178.39,19 / 20,3854909,2019-09-06 20:24:20:652,-0.0045,2.0408,9.9759,0.0056,0.0032,9.8066,-0.1041,-0.0023,0.0112,-1.75,-34.06,28.56,355.46,-80.79,-179.69
52.403393,-1.556475,163,9.15,3,178.39,19 / 20,3855009,2019-09-06 20:24:20:752,0.1276,1.9277,9.4893,-0.0089,0.0011,9.8066,-0.0498,0.0351,-0.0288,-1.81,-34.37,29.5,355.14,-80.77,179.9
52.403393,-1.556475,163,9.15,3,178.39,19 / 20,3855109,2019-09-06 20:24:20:852,0.6276,-0.248,10.1325,-0.0085,-0.0021,9.8066,0.0106,-0.0973,0.0168,-1.44,-33.31,29.94,358.54,-80.71,-179.27
52.403393,-1.556475,163,9.15,3,178.39,19 / 20,3855210,2019-09-06 20:24:20:953,-1.3337,3.4679,9.7618,0.0074,-0.0408,9.8065,-0.2102,-0.0617,0.0162,-1.69,-33.25,29.94,356.08,-80.59,-179.35
52.403393,-1.556475,163,9.15,3,178.39,19 / 20,3855310,2019-09-06 20:24:21:053,0.5664,2.544,9.6653,-0.0036,-0.0186,9.8066,0.2039,-0.0369,-0.0034,-2,-32.87,30.19,356.2,-80.71,-179.26
52.403393,-1.556475,163,9.15,3,178.39,19 / 20,3855409,2019-09-06 20:24:21:152,-0.3283,-0.1628,10.2002,-0.0033,0.0008,9.8066,0.0878,-0.0587,0.0286,-1.44,-33,30.25,358.69,-80.73,-179.15
52.403393,-1.556475,163,9.15,3,178.39,19 / 20,3855510,2019-09-06 20:24:21:253,-0.1896,1.4618,10.2464,0.0023,0.0066,9.8066,-0.006,0.063,0.0223,-2.12,-32.5,29.63,356.32,-80.75,-179.19
52.403393,-1.556475,163,9.15,3,178.39,19 / 20,3855609,2019-09-06 20:24:21:352,0.554,2.3016,9.6998,-0.0049,0.0092,9.8066,0.0724,0.0054,0.0508,-1.94,-32.87,29.69,356.47,-80.74,-179.05
52.403393,-1.556475,163,9.15,3,178.39,19 / 20,3855710,2019-09-06 20:24:21:453,-0.5659,2.1965,9.7267,-0.0117,0.045,9.8065,-0.1214,0.0684,0.0031,-1.87,-33.31,29.94,357.41,-80.84,-178.29
52.403393,-1.556475,163,9.15,3,178.39,19 / 20,3855810,2019-09-06 20:24:21:553,0.3508,1.225,9.8679,-0.0052,-0.0292,9.8065,-0.0813,0.0066,0.0404,-1.62,-33.12,29.81,357.14,-80.61,-178.5
52.403393,-1.556475,163,9.15,3,178.39,19 / 20,3855910,2019-09-06 20:24:21:653,0.8173,-0.0982,9.5661,0.0016,-0.0066,9.8066,-0.0061,0.0063,0.0262,-1.94,-32.56,29.63,357.56,-80.73,-178.16
52.403393,-1.556475,163,9.15,3,178.39,19 / 20,3856010,2019-09-06 20:24:21:753,-0.0389,0.852,9.9972,-0.0038,0.0048,9.8066,-0.0172,-0.0312,0.0186,-2.06,-33.12,29.94,357.7,-80.7,-178.05
52.403393,-1.556475,163,9.15,3,178.39,19 / 20,3856110,2019-09-06 20:24:21:853,0.5243,1.3533,9.5728,-0.0009,0.0044,9.8066,0.0372,-0.0735,-0.0046,-1.87,-32.94,29.13,357.86,-80.71,-177.77
52.403393,-1.556475,163,9.15,3,178.39,19 / 20,3856210,2019-09-06 20:24:21:953,0.0777,0.8571,9.6534,-0.0021,0.0104,9.8066,-0.0466,0.0024,-0.0107,-1.81,-32.62,29.5,358.11,-80.71,-177.71
52.403393,-1.556475,163,9.15,3,178.39,19 / 20,3856310,2019-09-06 20:24:22:053,-0.0165,1.8227,9.6945,-0.0008,-0.0043,9.8066,-0.0536,0.0025,-0.0016,-2.31,-33.5,29.63,358.17,-80.77,-177.67
52.403393,-1.556475,163,9.15,3,178.39,19 / 20,3856410,2019-09-06 20:24:22:153,0.8755,0.7052,9.6814,0.0088,0.024,9.8066,0.1353,-0.0443,0.0347,-1.87,-32.31,30.25,357.16,-80.89,-178.51
52.403393,-1.556475,163,9.15,3,178.39,19 / 20,3856509,2019-09-06 20:24:22:252,-0.2807,0.5104,9.5301,-0.002,0.0218,9.8066,-0.1281,-0.0073,-0.0198,-1.94,-32.87,30.13,357.6,-80.81,-178.13
52.403393,-1.556475,163,9.15,3,178.39,19 / 20,3856610,2019-09-06 20:24:22:353,0.275,1.4962,9.6907,-0.0029,0.0108,9.8066,-0.048,0.031,-0.0178,-1.81,-32.31,29.38,357.78,-80.77,-177.86
52.403393,-1.556475,163,9.15,3,178.39,19 / 20,3856710,2019-09-06 20:24:22:453,0.6879,-0.0523,10.564,0.0023,0.0169,9.8066,0.105,-0.0793,0.049,-2,-32.5,29.94,357.68,-80.82,-178.08
52.403393,-1.556475,163,9.15,3,178.39,19 / 20,3856810,2019-09-06 20:24:22:553,-0.4632,0.9989,10.146,0.0086,-0.0081,9.8066,0.0458,-0.0596,-0.0323,-2.25,-32.69,29.5,357.96,-80.82,-177.84
52.403393,-1.556475,163,9.15,3,178.39,19 / 20,3856910,2019-09-06 20:24:22:653,0.0568,1.0383,9.5725,0.0039,-0.0048,9.8066,0.0667,-0.0211,0.0006,-1.94,-32.5,30,357.12,-80.78,-178.54
52.403393,-1.556475,163,9.15,3,178.39,19 / 20,3857010,2019-09-06 20:24:22:753,0.652,1.2483,9.3463,-0.0014,0.0383,9.8065,0.0953,-0.0075,0.0255,-1.69,-32.94,29.63,357.06,-80.93,-178.58
52.403393,-1.556475,163,9.15,3,178.39,19 / 20,3857110,2019-09-06 20:24:22:853,0.0315,0.7896,10.0011,0.0006,0.0312,9.8066,-0.0586,0.0058,-0.0069,-1.62,-33,29.94,357.04,-80.94,-178.6
52.403393,-1.556475,163,9.15,3,178.39,19 / 20,3857209,2019-09-06 20:24:22:952,0.0138,1.2972,9.8797,0.0056,0.001,9.8066,-0.0441,-0.0035,0.0011,-1.62,-33.12,29.19,356.58,-80.93,-178.82
52.403393,-1.556475,163,9.15,3,178.39,19 / 20,3857310,2019-09-06 20:24:23:053,1.1984,1.5541,9.1164,0.0123,-0.0075,9.8066,0.0502,-0.1089,0.0613,-1.81,-32.62,30.13,355.92,-80.92,-179.51
52.403393,-1.556475,163,9.15,3,178.39,19 / 20,3857409,2019-09-06 20:24:23:152,0.4266,1.5976,9.4427,-0.0066,0.0117,9.8066,0.0559,-0.0144,0.0073,-1.12,-33.37,30.5,358.51,-80.97,-179.38
52.403393,-1.556475,163,9.15,3,178.39,19 / 20,3857510,2019-09-06 20:24:23:253,0.2861,0.9826,9.6767,-0.0018,0.0142,9.8066,0.0004,-0.0295,-0.0086,-1.75,-32.75,29.56,356.21,-81.08,-179.28
52.403393,-1.556475,163,9.15,3,178.39,19 / 20,3857610,2019-09-06 20:24:23:353,-0.0801,0.7932,9.8227,-0.0024,-0.0036,9.8066,-0.1049,0.0251,-0.0083,-1.19,-32.81,29.5,358.62,-81.12,-179.22
52.403393,-1.556475,163,9.15,3,178.39,19 / 20,3857709,2019-09-06 20:24:23:452,-0.2956,1.1925,9.7965,-0.0004,-0.0149,9.8065,-0.0393,-0.0091,0.0012,-1.69,-32.62,29.5,356.3,-81.16,-179.22
52.403393,-1.556475,163,9.15,3,178.39,19 / 20,3857809,2019-09-06 20:24:23:552,1.1138,0.8025,9.167,-0.0019,0.0093,9.8066,0.0289,-0.1227,0.0628,-1.62,-33.06,29.5,356.09,-81.26,-179.4
52.403393,-1.556475,163,9.15,3,178.39,19 / 20,3857909,2019-09-06 20:24:23:652,-0.9288,0.8661,9.1506,0.0001,0.0098,9.8066,0.0168,-0.0114,0.001,-1.56,-32.44,30.06,356.13,-81.28,-179.38
52.403393,-1.556475,163,9.15,3,178.39,19 / 20,3858010,2019-09-06 20:24:23:753,-0.4923,1.1288,10.3223,0.0025,0.017,9.8065,0.0364,-0.0294,-0.0254,-1.87,-33.12,29.31,356.95,-81.22,-178.54
52.403393,-1.556475,163,9.15,3,178.39,19 / 20,3858109,2019-09-06 20:24:23:852,-0.5501,1.0619,10.2723,-0.0065,0.0199,9.8065,0.053,-0.0975,0.036,-1.5,-33.25,30.31,359.42,-81.34,-178.57
52.403393,-1.556475,163,9.15,3,178.39,19 / 20,3858209,2019-09-06 20:24:23:952,-0.4679,1.1496,9.9084,-0.0006,-0.0288,9.8065,-0.0699,-0.0658,-0.0045,-1.31,-32.94,29.88,359.85,-81.23,-178.21
52.403393,-1.556475,163,9.15,3,178.39,19 / 20,3858310,2019-09-06 20:24:24:053,-0.3003,1.5171,9.4855,0.0024,-0.0358,9.8065,-0.0698,-0.0688,0.0235,-1,-32.69,29.94,359.61,-81.22,-178.41
52.403393,-1.556475,163,9.15,3,178.39,19 / 20,3858409,2019-09-06 20:24:24:152,-0.1076,1.7187,9.8247,-0.0023,0.0143,9.8066,0.0458,-0.0771,0.0198,-1.06,-32.5,30.06,0.28,-81.35,-177.86
52.403393,-1.556475,163,9.15,3,178.39,19 / 20,3858510,2019-09-06 20:24:24:253,-0.3803,1.0765,10.0058,-0.0003,0.0003,9.8066,-0.0026,-0.118,0.0181,-0.81,-33.44,29.38,359.8,-81.37,-178.19
52.403393,-1.556475,163,9.15,3,178.39,19 / 20,3858609,2019-09-06 20:24:24:352,-0.4854,0.9593,9.707,0.0026,-0.0057,9.8066,0.0051,-0.0874,-0.0201,-0.94,-32.62,30,359.78,-81.42,-178.27
52.403393,-1.556475,163,9.15,3,178.39,19 / 20,3858710,2019-09-06 20:24:24:453,-1.1413,1.6803,9.5607,-0.0051,-0.0162,9.8065,0.0306,-0.1171,0.0532,-0.56,-32.87,29.81,359.83,-81.39,-178.23
52.403393,-1.556475,163,9.15,3,178.39,19 / 20,3858809,2019-09-06 20:24:24:552,-0.0823,1.2477,9.6706,-0.0024,0.0184,9.8066,0.0394,-0.1168,0.0206,-0.25,-33.44,29.81,2.22,-81.54,-178.16
52.403393,-1.556475,163,9.15,3,178.39,19 / 20,3858910,2019-09-06 20:24:24:653,-0.9474,2.1623,10.0889,0.0009,0.0044,9.8066,0.0136,-0.1227,0.0137,-0.37,-32.31,29.38,1.99,-81.54,-178.36
52.403393,-1.556475,163,9.15,3,178.39,19 / 20,3859010,2019-09-06 20:24:24:753,-0.03,1.8093,9.9838,-0.002,-0.0013,9.8066,0.0034,-0.1577,0.026,-0.37,-32.56,29.25,2.09,-81.56,-178.28
52.403393,-1.556475,163,9.15,3,178.39,19 / 20,3859109,2019-09-06 20:24:24:852,-0.7143,2.0521,10.1506,0.0012,0.005,9.8066,-0.0085,-0.1444,0.0052,0.13,-33.12,29.63,1.84,-81.59,-178.47
52.403393,-1.556475,163,9.15,3,178.39,19 / 20,3859210,2019-09-06 20:24:24:953,-0.5214,0.5688,9.9584,0.0091,-0.02,9.8065,-0.071,-0.112,0.0028,0.06,-33.31,29.31,1.74,-81.65,-178.57
52.403393,-1.556475,163,9.15,3,178.39,19 / 20,3859310,2019-09-06 20:24:25:053,-0.3474,1.3941,9.9673,-0.0024,-0.026,9.8065,-0.1071,-0.1574,0.0696,0.25,-32.37,29.38,1.18,-81.53,-179.03
52.403393,-1.556475,163,9.15,3,178.39,19 / 20,3859410,2019-09-06 20:24:25:153,-0.305,1.6556,9.5861,0.0085,0.0307,9.8065,0.1177,-0.1428,0.0041,0.06,-33.06,29.69,0.26,-81.74,-179.78
52.403393,-1.556475,163,9.15,3,178.39,19 / 20,3859509,2019-09-06 20:24:25:252,-0.946,1.8922,9.9849,-0.0024,0.0123,9.8065,0.0565,-0.115,-0.0099,0.69,-33.25,29.13,2.89,-81.69,-179.59
52.403393,-1.556475,163,9.15,3,178.39,19 / 20,3859610,2019-09-06 20:24:25:353,-0.1061,1.6524,9.6719,0.0048,-0.0095,9.8066,-0.025,-0.1378,0.0204,0.5,-32.62,29.5,2.28,-81.73,179.99
52.403393,-1.556475,163,9.15,3,178.39,19 / 20,3859709,2019-09-06 20:24:25:452,-0.8439,2.1519,9.4781,-0.0027,-0.0139,9.8066,-0.0797,-0.1571,0.019,1.31,-33.06,29.13,2.26,-81.69,179.89
52.403393,-1.556475,163,9.15,3,178.39,19 / 20,3859810,2019-09-06 20:24:25:553,-0.0322,2.0056,9.6808,0.007,0.0112,9.8065,0.0408,-0.1263,0.021,1.63,-33.31,28.94,3.27,-81.86,178.77
52.403393,-1.556475,163,9.15,3,178.39,19 / 20,3859910,2019-09-06 20:24:25:653,-0.1847,1.7875,10.1704,0.0037,-0.0001,9.8066,0.0334,-0.1107,0.0171,1.38,-33.06,28.63,0.6,-81.88,178.52
52.403393,-1.556475,163,9.15,3,178.39,19 / 20,3860009,2019-09-06 20:24:25:752,-0.5739,1.5317,10.0577,0.0058,-0.0031,9.8066,-0.0273,-0.1034,-0.0228,2.44,-32.5,29.19,2.15,-81.91,177.85
52.403393,-1.556475,163,9.15,3,178.39,19 / 20,3860110,2019-09-06 20:24:25:853,-0.6248,1.9683,9.9943,-0.0039,0.0056,9.8066,-0.0161,-0.1366,0.0648,2.25,-32.75,29.06,2.27,-81.97,177.94
52.403393,-1.556475,163,9.15,3,178.39,19 / 20,3860209,2019-09-06 20:24:25:952,-0.2919,1.6701,9.8945,0.0018,0.0019,9.8066,-0.0182,-0.1362,0.0092,2.75,-32.94,29.25,5.01,-82.01,178.27
52.403393,-1.556475,163,9.15,3,178.39,19 / 20,3860310,2019-09-06 20:24:26:053,0.016,1.7573,9.4283,0.0052,-0.0046,9.8066,0.0222,-0.1634,-0.0181,2.31,-32.69,28.75,2.16,-82.05,177.85
52.403393,-1.556475,163,9.15,3,178.39,19 / 20,3860410,2019-09-06 20:24:26:153,-0.0349,1.6857,9.6132,-0.0057,-0.0054,9.8066,-0.0113,-0.1459,0.0295,2.19,-33,29.69,1.91,-82.03,177.78
52.403393,-1.556475,163,9.15,3,178.39,19 / 20,3860509,2019-09-06 20:24:26:252,-0.0928,2.2881,10.1416,0.0059,-0.0011,9.8066,-0.0301,-0.1294,0.0164,2.75,-32.69,29.13,4.21,-82.11,177.61
52.403393,-1.556475,163,9.15,3,178.39,19 / 20,3860610,2019-09-06 20:24:26:353,0.0461,1.9448,9.7321,0.0017,0.0127,9.8066,-0.0012,-0.1444,0.0039,2.81,-33.25,28.75,3.58,-82.28,177.1
52.403393,-1.556475,163,9.15,3,178.39,19 / 20,3860710,2019-09-06 20:24:26:453,0.0888,2.051,9.5765,0.0031,0.0112,9.8066,0.0119,-0.1374,0.002,3.56,-32.94,28.44,6.01,-82.33,176.89
52.403393,-1.556475,163,9.15,3,178.39,19 / 20,3860809,2019-09-06 20:24:26:552,0.3163,2.0237,10.0586,-0.0004,0.0015,9.8066,0.0302,-0.1393,0.0366,3.94,-32.75,28.5,5.9,-82.4,177.12
52.403393,-1.556475,163,9.15,3,178.39,19 / 20,3860910,2019-09-06 20:24:26:653,0.4644,1.991,10.058,0.0071,0.0115,9.8066,0.0224,-0.1278,-0.0212,3.5,-32.69,28.44,5.89,-82.49,176.81
52.403393,-1.556475,163,9.15,3,178.39,19 / 20,3861009,2019-09-06 20:24:26:752,0.2192,2.5185,9.6075,0.0006,-0.0008,9.8066,-0.0189,-0.1158,-0.0065,4.13,-32.56,28.31,5.61,-82.55,176.58
52.403393,-1.556475,163,9.15,3,178.39,19 / 20,3861110,2019-09-06 20:24:26:853,0.4825,2.2488,9.6963,0.0057,0.0034,9.8066,0.0192,-0.103,0.0291,4.06,-32.62,28.13,5.05,-82.6,176.12
52.403393,-1.556475,163,9.15,3,178.39,19 / 20,3861209,2019-09-06 20:24:26:952,0.1965,2.1727,9.9559,0.0055,0.0053,9.8066,-0.003,-0.0963,-0.0183,3.5,-32.87,28,4.8,-82.66,175.92
52.403393,-1.556475,163,9.15,3,178.39,19 / 20,3861310,2019-09-06 20:24:27:053,0.3346,2.0316,9.6584,0.0024,0.0042,9.8066,0.0318,-0.0829,0.0159,4.06,-32.94,28.25,4.34,-82.69,175.53
52.402798,-1.556511,163.12,2.5,2,201.98,19 / 20,3861409,2019-09-06 20:24:27:152,0.6048,2.3568,9.6199,0.0002,0.006,9.8066,-0.0076,-0.1148,0.0024,4.06,-32.56,28,4.44,-82.71,175.61
52.402798,-1.556511,163.12,2.5,2,201.98,19 / 20,3861510,2019-09-06 20:24:27:253,0.5225,2.186,9.7375,0.0001,0.0021,9.8066,-0.0088,-0.0927,0.0117,4.44,-32.31,27.5,4.33,-82.75,175.55
52.402798,-1.556511,163.12,2.5,2,201.98,19 / 20,3861609,2019-09-06 20:24:27:352,0.2989,2.1953,9.7511,-0.0006,0.0012,9.8066,0.0046,-0.0712,0.0025,4.25,-31.75,28.25,4.51,-82.81,175.7
52.402798,-1.556511,163.12,2.5,2,201.98,19 / 20,3861709,2019-09-06 20:24:27:452,0.5006,2.2728,10.0053,-0.0007,-0.0043,9.8066,0.0088,-0.0829,0.0128,4.5,-32.44,27.94,7.12,-82.82,175.94
52.402798,-1.556511,163.12,2.5,2,201.98,19 / 20,3861809,2019-09-06 20:24:27:552,0.6293,1.6884,9.7861,-0.001,0.0072,9.8066,0.0154,-0.0543,-0.0072,4.5,-32.44,28.06,7.27,-82.87,176.07
52.402798,-1.556511,163.12,2.5,2,201.98,19 / 20,3861910,2019-09-06 20:24:27:653,0.4081,2.0195,10.0178,-0.0011,-0.0057,9.8066,-0.0168,-0.0503,0.0124,4.38,-32.69,27.88,4.79,-82.93,175.93
52.402798,-1.556511,163.12,2.5,2,201.98,19 / 20,3862010,2019-09-06 20:24:27:753,0.5747,1.7495,9.5274,-0.0005,0.0099,9.8066,-0.0228,-0.0515,0.0003,4.13,-33,28,4.8,-82.96,175.95
52.402798,-1.556511,163.12,2.5,2,201.98,19 / 20,3862109,2019-09-06 20:24:27:852,0.6644,1.6544,9.6441,0.0013,0.0109,9.8066,0.0037,-0.0385,0.0128,4.69,-32.69,27.88,7.2,-83.09,176.02
52.402798,-1.556511,163.12,2.5,2,201.98,19 / 20,3862209,2019-09-06 20:24:27:952,0.4904,1.8869,9.8678,-0.0008,0.0029,9.8066,0.0228,-0.0193,-0.0041,4.69,-32.87,27.56,7.36,-83.11,176.16
52.402798,-1.556511,163.12,2.5,2,201.98,19 / 20,3862309,2019-09-06 20:24:28:052,0.4785,1.3065,9.9311,0.0007,0.0076,9.8066,0.0661,-0.0236,0.0186,4.44,-32.69,28.13,5.08,-83.22,176.22
52.402798,-1.556511,163.12,2.5,2,201.98,19 / 20,3862409,2019-09-06 20:24:28:152,0.3628,0.939,9.8318,-0.0006,0.013,9.8066,-0.0522,-0.0178,-0.0202,4.5,-32.5,27.44,8.05,-83.28,176.41
52.402798,-1.556511,163.12,2.5,2,201.98,19 / 20,3862510,2019-09-06 20:24:28:253,0.4939,0.978,9.7923,0.0002,-0.0005,9.8066,-0.0356,-0.0194,0.0176,4.69,-32.81,27.81,7.82,-83.33,176.59
52.402798,-1.556511,163.12,2.5,2,201.98,19 / 20,3862610,2019-09-06 20:24:28:353,0.4485,0.906,9.8569,-0.0014,-0.0009,9.8066,0,-0.0129,0.012,5,-32.19,27.44,8.45,-83.41,176.78
52.402798,-1.556511,163.12,2.5,2,201.98,19 / 20,3862710,2019-09-06 20:24:28:453,0.3786,0.5252,9.7973,-0.0006,0.0087,9.8066,0.0104,-0.0213,-0.007,5.38,-32.37,27.38,8.73,-83.51,177.04
52.402798,-1.556511,163.12,2.5,2,201.98,19 / 20,3862810,2019-09-06 20:24:28:553,0.3411,0.5886,9.773,-0.002,0.0046,9.8066,0.0041,-0.0074,0.0076,4.75,-32.56,27.38,9.05,-83.54,177.28
52.402798,-1.556511,163.12,2.5,2,201.98,19 / 20,3862909,2019-09-06 20:24:28:652,0.353,0.2344,9.8954,-0.0008,0.0051,9.8066,0.0154,-0.0024,0.0226,4.44,-32.5,27.63,6.37,-83.61,177.4
52.402798,-1.556511,163.12,2.5,2,201.98,19 / 20,3863010,2019-09-06 20:24:28:753,0.3942,0.2857,9.895,-0.0029,0.0027,9.8066,0.0096,-0.0218,-0.0139,5.06,-32.56,27.31,9.49,-83.64,177.68
52.402798,-1.556511,163.12,2.5,2,201.98,19 / 20,3863110,2019-09-06 20:24:28:853,0.2407,0.0797,9.7414,0.0014,0.0028,9.8066,0.0013,-0.0002,0.0012,4.94,-32.94,27.19,9.65,-83.69,177.83
52.402798,-1.556511,163.12,2.5,2,201.98,19 / 20,3863209,2019-09-06 20:24:28:952,0.2131,0.1859,9.8789,0.0013,0.004,9.8066,-0.0036,-0.0023,-0.0003,4.75,-32.69,28,8.9,-83.78,177.61
52.402798,-1.556511,163.12,2.5,2,201.98,19 / 20,3863310,2019-09-06 20:24:29:053,0.3272,0.1832,9.7934,-0.0006,0.0067,9.8066,-0.0084,-0.0094,-0.0027,4.63,-32.5,27.75,9.27,-83.88,177.99
52.402798,-1.556511,163.12,2.5,2,201.98,19 / 20,3863410,2019-09-06 20:24:29:153,0.4424,0.1481,9.8595,0.0031,0.0049,9.8066,0.0178,-0.0092,0.0091,5,-32.62,27.69,9.22,-83.96,177.93
52.402798,-1.556511,163.12,2.5,2,201.98,19 / 20,3863509,2019-09-06 20:24:29:252,0.3169,0.1961,9.8355,-0.0004,0.0083,9.8066,-0.0009,0.0008,-0.0027,5.19,-32.87,27.56,9.63,-84.08,178.31
52.402798,-1.556511,163.12,2.5,2,201.98,19 / 20,3863610,2019-09-06 20:24:29:353,0.24,-0.1394,9.8739,0.0006,0.0081,9.8066,0.0047,-0.0012,0.014,4.81,-32.75,27.5,9.82,-84.17,178.49
52.402798,-1.556511,163.12,2.5,2,201.98,19 / 20,3863709,2019-09-06 20:24:29:452,0.356,-0.0262,9.8275,-0.0004,0.0077,9.8066,0.0072,-0.0072,0,4.88,-32.81,27.81,9.98,-84.24,178.65
52.402798,-1.556511,163.12,2.5,2,201.98,19 / 20,3863809,2019-09-06 20:24:29:552,0.2891,-0.1251,9.8686,-0.0021,0.0081,9.8066,-0.0138,0.0065,-0.0077,4.88,-32.69,27.5,10.49,-84.35,179.12
52.402798,-1.556511,163.12,2.5,2,201.98,19 / 20,3863909,2019-09-06 20:24:29:652,0.2688,-0.0846,9.8383,0.0007,0.0088,9.8066,0.0089,-0.0035,0.0162,4.44,-32.75,27.88,8.33,-84.47,179.23
52.402798,-1.556511,163.12,2.5,2,201.98,19 / 20,3864009,2019-09-06 20:24:29:752,0.2079,-0.0173,9.8977,-0.001,0.0083,9.8066,-0.0062,0.0011,-0.003,4.5,-32.31,27.63,10.81,-84.56,179.49
52.402798,-1.556511,163.12,2.5,2,201.98,19 / 20,3864110,2019-09-06 20:24:29:853,0.3021,-0.3187,9.8121,-0.001,0.0053,9.8066,-0.0172,-0.0029,-0.007,4.75,-32.69,27.81,11.29,-84.65,179.9
52.402798,-1.556511,163.12,2.5,2,201.98,19 / 20,3864210,2019-09-06 20:24:29:953,0.2901,0.0005,9.82,0.0017,0.0076,9.8066,0.0099,-0.0024,0.0131,5.19,-33,27.44,11.79,-84.74,179.96
52.402798,-1.556511,163.12,2.5,2,201.98,19 / 20,3864310,2019-09-06 20:24:30:053,0.2854,-0.2802,9.8959,-0.0002,0.0044,9.8066,0.0011,0.0021,0.0072,4.69,-32.69,28,11.34,-84.83,179.99
52.402798,-1.556511,163.12,2.5,2,201.98,19 / 20,3864410,2019-09-06 20:24:30:153,0.3941,-0.0327,9.8557,-0.0015,0.0043,9.8066,-0.0095,-0.0061,-0.0031,5.31,-32.5,28.13,11.78,-84.92,-179.55
52.402798,-1.556511,163.12,2.5,2,201.98,19 / 20,3864510,2019-09-06 20:24:30:253,0.282,-0.2751,9.8086,0.0005,0.0064,9.8066,0.008,-0.0039,0.018,4.56,-32.56,27.69,12.01,-85.04,-179.36
52.402798,-1.556511,163.12,2.5,2,201.98,19 / 20,3864610,2019-09-06 20:24:30:353,0.2314,-0.1968,9.7783,-0.0013,0.0045,9.8066,-0.0029,-0.0038,-0.0094,4.75,-32.06,27.63,12.27,-85.12,-179.06
52.402798,-1.556511,163.12,2.5,2,201.98,19 / 20,3864710,2019-09-06 20:24:30:453,0.21,-0.3752,9.7979,0.0019,0.0051,9.8066,-0.0059,-0.0051,0.0048,4.69,-32.75,27.44,12.97,-85.21,-178.86
52.402798,-1.556511,163.12,2.5,2,201.98,19 / 20,3864810,2019-09-06 20:24:30:553,0.326,0.001,9.9149,0.0001,0.0062,9.8066,0.0091,-0.005,-0.0012,4.94,-32.75,27.38,13.11,-85.3,-178.7
52.402798,-1.556511,163.12,2.5,2,201.98,19 / 20,3864910,2019-09-06 20:24:30:653,0.3949,-0.3134,9.8647,-0.0006,0.0078,9.8066,0.0021,-0.0051,-0.0077,5,-32.31,27.06,13.35,-85.34,-178.44
52.402798,-1.556511,163.12,2.5,2,201.98,19 / 20,3865009,2019-09-06 20:24:30:752,0.3423,-0.1448,9.8457,0.0016,0.007,9.8066,0.0039,0.0043,0.0135,5,-32.37,27.75,13.15,-85.44,-178.18
52.402798,-1.556511,163.12,2.5,2,201.98,19 / 20,3865109,2019-09-06 20:24:30:852,0.2218,-0.3641,9.806,-0.0009,0.0072,9.8066,0.0112,-0.0204,-0.0031,4.75,-32.87,27.75,13.44,-85.54,-177.93
52.402798,-1.556511,163.12,2.5,2,201.98,19 / 20,3865209,2019-09-06 20:24:30:952,0.2627,-0.253,9.8922,0.0005,0.0074,9.8066,-0.0103,0.0018,-0.0004,4.44,-32.69,27.63,11.55,-85.59,-177.64
52.402798,-1.556511,163.12,2.5,2,201.98,19 / 20,3865310,2019-09-06 20:24:31:053,0.3728,-0.3233,9.8136,0.0007,0.0019,9.8066,-0.0035,0.0039,0.0114,4.19,-32.75,27.38,11.78,-85.65,-177.75
52.402798,-1.556511,163.12,2.5,2,201.98,19 / 20,3865409,2019-09-06 20:24:31:152,0.267,-0.3403,9.872,0,0.0022,9.8066,-0.0023,-0.0024,-0.0034,4.5,-32.75,27.38,14.26,-85.7,-177.55
52.402798,-1.556511,163.12,2.5,2,201.98,19 / 20,3865510,2019-09-06 20:24:31:253,0.1876,-0.3175,9.688,0.0044,0.0007,9.8066,0.0087,-0.0125,0.0087,4.88,-32.62,27.13,14.07,-85.76,-177.7
52.402798,-1.556511,163.12,2.5,2,201.98,19 / 20,3865610,2019-09-06 20:24:31:353,0.3616,-0.3403,9.8904,-0.0014,0.0032,9.8066,-0.0122,0.008,-0.0021,4.81,-32.31,27.56,13.79,-85.8,-177.49
52.402798,-1.556511,163.12,2.5,2,201.98,19 / 20,3865710,2019-09-06 20:24:31:453,0.2821,-0.2728,9.8791,0.0022,0.002,9.8066,0.0072,0.0103,0.0075,5,-32.75,27.81,13.7,-85.84,-177.6
52.402798,-1.556511,163.12,2.5,2,201.98,19 / 20,3865810,2019-09-06 20:24:31:553,0.2985,-0.4572,9.7952,-0.0005,0.0041,9.8066,-0.0144,-0.006,-0.0028,4.25,-33.06,28.06,11.57,-85.9,-177.55
52.402798,-1.556511,163.12,2.5,2,201.98,19 / 20,3865909,2019-09-06 20:24:31:652,0.2374,-0.3936,9.8491,0.0008,0.0032,9.8066,-0.0051,-0.0082,-0.0058,4.94,-32.25,27.44,14.43,-85.93,-177.27
52.402798,-1.556511,163.12,2.5,2,201.98,19 / 20,3866010,2019-09-06 20:24:31:753,0.3291,-0.2055,9.7906,-0.0003,0.0032,9.8066,0.0093,-0.0066,0.001,5.19,-32.81,27.31,14.37,-85.99,-177.35
52.402798,-1.556511,163.12,2.5,2,201.98,19 / 20,3866109,2019-09-06 20:24:31:852,0.3736,-0.4302,9.8495,0.0012,0.0059,9.8066,-0.0017,0.011,-0.0022,4.81,-33.06,27.56,14.13,-86.04,-177.15
52.402798,-1.556511,163.12,2.5,2,201.98,19 / 20,3866209,2019-09-06 20:24:31:952,0.2692,-0.3479,9.8234,0.0009,0.0051,9.8066,-0.0032,0.0071,0.0131,4.94,-32.69,27.63,14.02,-86.07,-177.24
52.402798,-1.556511,163.12,2.5,2,201.98,19 / 20,3866310,2019-09-06 20:24:32:053,0.3002,-0.327,9.7746,0.0007,0.0009,9.8066,-0.0026,-0.0146,-0.0078,5.06,-32.44,27.88,14.13,-86.12,-177.09
52.402798,-1.556511,163.12,2.5,2,201.98,19 / 20,3866410,2019-09-06 20:24:32:153,0.3481,-0.4247,9.8907,0.0008,0.0011,9.8066,0.0023,-0.0064,0.0033,5.19,-32.56,27.69,14.16,-86.16,-177.09
52.402798,-1.556511,163.12,2.5,2,201.98,19 / 20,3866509,2019-09-06 20:24:32:252,0.2985,-0.3623,9.7654,0.0004,0.0038,9.8066,0.0016,0.0077,-0.0013,4.88,-32.25,27.94,14.01,-86.18,-177.18
52.402798,-1.556511,163.12,2.5,2,201.98,19 / 20,3866609,2019-09-06 20:24:32:352,0.2798,-0.3791,9.8052,0.0006,0.0031,9.8066,0.001,0.0063,0.0093,5,-32.37,28.19,14.02,-86.23,-177.16
52.402798,-1.556511,163.12,2.5,2,201.98,19 / 20,3866710,2019-09-06 20:24:32:453,0.3544,-0.403,9.9515,0.0015,-0.0005,9.8066,-0.0034,-0.0003,-0.0013,4.75,-32.5,27.25,14.14,-86.24,-177.45
52.402798,-1.556511,163.12,2.5,2,201.98,19 / 20,3866810,2019-09-06 20:24:32:553,0.2803,-0.3921,9.786,0.0021,0.0021,9.8066,0.0006,-0.018,0.0074,4.75,-33,27.94,13.5,-86.26,-177.66
52.402798,-1.556511,163.12,2.5,2,201.98,19 / 20,3866909,2019-09-06 20:24:32:652,0.3085,-0.4288,9.8156,0.0006,0.0005,9.8066,-0.0068,-0.0172,-0.0098,4.56,-32.69,28.06,13.34,-86.29,-177.8
52.402798,-1.556511,163.12,2.5,2,201.98,19 / 20,3867010,2019-09-06 20:24:32:753,0.3137,-0.374,9.9415,0.0014,0.0019,9.8066,0.0146,0.0028,0.0104,4.88,-32.37,27.69,13.24,-86.33,-177.86
52.402798,-1.556511,163.12,2.5,2,201.98,19 / 20,3867109,2019-09-06 20:24:32:852,0.3388,-0.3888,9.8157,-0.0009,0.0037,9.8066,0.0065,-0.0003,-0.0017,4.75,-32.31,27.81,12.95,-86.36,-178.11
52.402798,-1.556511,163.12,2.5,2,201.98,19 / 20,3867209,2019-09-06 20:24:32:952,0.2696,-0.5197,9.8595,0.0021,0.0029,9.8066,0.0045,-0.0008,0.0096,4.5,-32.31,27.75,12.96,-86.39,-178.1
52.402798,-1.556511,163.12,2.5,2,201.98,19 / 20,3867310,2019-09-06 20:24:33:053,0.2458,-0.358,9.873,0.0003,0.001,9.8066,0.0039,-0.0161,0.0001,5.06,-32.06,27.38,13.09,-86.42,-178.37
52.402798,-1.556511,163.12,2.5,2,201.98,19 / 20,3867409,2019-09-06 20:24:33:152,0.3449,-0.4835,9.8298,0.0006,0.0027,9.8066,0.0006,-0.0009,-0.0036,4.88,-32.19,28,12.63,-86.44,-178.39
52.402798,-1.556511,163.12,2.5,2,201.98,19 / 20,3867510,2019-09-06 20:24:33:253,0.2111,-0.4893,9.8687,0.0008,0.001,9.8066,0,-0.0015,0.0067,4.94,-32.06,27.38,12.57,-86.49,-178.84
52.402798,-1.556511,163.12,2.5,2,201.98,19 / 20,3867609,2019-09-06 20:24:33:352,0.2269,-0.4081,9.7685,0.0007,0.0002,9.8066,-0.0009,0.0069,0.0058,5,-32.37,27.56,12.01,-86.5,-178.96
52.402798,-1.556511,163.12,2.5,2,201.98,19 / 20,3867710,2019-09-06 20:24:33:453,0.2767,-0.4819,9.8791,0.0022,0.001,9.8066,0.0036,-0.014,0.0066,4.75,-32.94,27.81,11.74,-86.54,-179.23
52.402798,-1.556511,163.12,2.5,2,201.98,19 / 20,3867810,2019-09-06 20:24:33:553,0.3051,-0.2917,9.8127,0,0.0009,9.8066,-0.0056,-0.0171,-0.0118,4.63,-32.25,27.19,11.86,-86.56,-179.47
52.402798,-1.556511,163.12,2.5,2,201.98,19 / 20,3867909,2019-09-06 20:24:33:652,0.2536,-0.5463,9.8495,0.0035,0.0024,9.8065,0.0143,-0.0083,0.0079,5,-32.12,27.19,11.09,-86.6,179.82
52.402798,-1.556511,163.12,2.5,2,201.98,19 / 20,3868009,2019-09-06 20:24:33:752,0.119,-0.3661,9.7983,0.0011,0.0007,9.8066,0.0048,-0.0006,-0.0054,4.81,-32.44,27.31,10.82,-86.6,179.57
52.402798,-1.556511,163.12,2.5,2,201.98,19 / 20,3868110,2019-09-06 20:24:33:853,0.2191,-0.5407,9.8159,0.0027,0.0018,9.8066,0.0045,0.0056,0.0151,5.25,-32.62,27.44,10.11,-86.63,178.89
52.402798,-1.556511,163.12,2.5,2,201.98,19 / 20,3868210,2019-09-06 20:24:33:953,0.2203,-0.5948,9.8595,-0.0001,-0.0006,9.8066,-0.0109,-0.005,-0.0045,4.56,-32.31,27.31,9.87,-86.63,178.69
52.402798,-1.556511,163.12,2.5,2,201.98,19 / 20,3868310,2019-09-06 20:24:34:053,0.1764,-0.3365,9.8087,0.0011,0.0006,9.8066,-0.0002,-0.0162,-0.0038,4.69,-32.37,27.19,9.44,-86.65,178.29
52.402798,-1.556511,163.12,2.5,2,201.98,19 / 20,3868409,2019-09-06 20:24:34:152,0.1876,-0.3884,9.7596,0.0021,-0.001,9.8066,0.0177,-0.009,-0.0103,4.63,-32.81,27.81,8.46,-86.67,177.75
52.402798,-1.556511,163.12,2.5,2,201.98,19 / 20,3868510,2019-09-06 20:24:34:253,0.2517,-0.5659,9.8792,0.0033,0.0011,9.8066,0.015,-0.0052,0.0051,4.63,-32.19,27.56,7.83,-86.68,177.18
52.402798,-1.556511,163.12,2.5,2,201.98,19 / 20,3868609,2019-09-06 20:24:34:352,0.1682,-0.3469,9.8144,0.0008,0.0003,9.8066,-0.0117,0.0121,0.0024,4.38,-32.31,27.69,5.4,-86.68,176.91
52.402798,-1.556511,163.12,2.5,2,201.98,19 / 20,3868710,2019-09-06 20:24:34:453,0.224,-0.48,9.7859,0.0023,-0.0008,9.8066,-0.0013,0.0108,0.0093,4.81,-32.31,27.75,6.93,-86.69,176.34
52.402798,-1.556511,163.12,2.5,2,201.98,19 / 20,3868809,2019-09-06 20:24:34:552,0.2066,-0.635,9.8458,0.0007,0.0007,9.8066,-0.0153,0.0029,-0.0026,4.69,-32.37,27.31,6.76,-86.69,175.8
52.402798,-1.556511,163.12,2.5,2,201.98,19 / 20,3868910,2019-09-06 20:24:34:653,0.1229,-0.288,9.8668,0.0012,-0.0007,9.8066,-0.0012,-0.0123,0.0032,4.94,-32.12,27.25,6.31,-86.69,175.39
52.402798,-1.556511,163.12,2.5,2,201.98,19 / 20,3869010,2019-09-06 20:24:34:753,0.1716,-0.4831,9.7538,-0.0006,-0.0033,9.8066,-0.004,-0.0108,-0.0124,4.69,-31.94,27.56,5.72,-86.67,175.21
52.402798,-1.556511,163.12,2.5,2,201.98,19 / 20,3869109,2019-09-06 20:24:34:852,0.1235,-0.6735,9.7978,0.0043,0.0022,9.8065,0.0198,-0.0249,0.0048,4.88,-33.25,27.25,5.42,-86.67,174.54
52.402798,-1.556511,163.12,2.5,2,201.98,19 / 20,3869210,2019-09-06 20:24:34:953,0.1625,-0.3524,9.9104,-0.0002,-0.0002,9.8066,0.0064,0.0051,-0.0063,5.13,-32.5,27.94,5.04,-86.65,174.58
52.402798,-1.556511,163.12,2.5,2,201.98,19 / 20,3869311,2019-09-06 20:24:35:054,0.1667,-0.6354,9.8274,0.0022,-0.0006,9.8066,0.011,0.0023,0.0117,5.19,-32.12,27.44,4.63,-86.65,173.82
52.402798,-1.556511,163.12,2.5,2,201.98,19 / 20,3869410,2019-09-06 20:24:35:153,0.2261,-0.3286,9.9299,0.0007,-0.0029,9.8066,-0.0033,0.0127,0.006,4.56,-32.25,27.88,4,-86.61,173.61
52.402798,-1.556511,163.12,2.5,2,201.98,19 / 20,3869510,2019-09-06 20:24:35:253,0.1369,-0.3704,9.7382,0.0014,-0.0024,9.8066,0.0013,-0.003,0.0125,4.25,-32.75,27.5,1.23,-86.6,173.02
52.402798,-1.556511,163.12,2.5,2,201.98,19 / 20,3869610,2019-09-06 20:24:35:353,0.166,-0.5251,9.8135,-0.0001,-0.0026,9.8066,-0.0029,-0.0089,-0.0084,4.38,-32.94,27.88,1.18,-86.57,172.96
52.402798,-1.556511,163.12,2.5,2,201.98,19 / 20,3869710,2019-09-06 20:24:35:453,0.2008,-0.3269,9.9282,0.0035,-0.0016,9.8066,0.0079,-0.0198,0.0037,5.25,-32.44,27.13,3.4,-86.57,172.66
52.402798,-1.556511,163.12,2.5,2,201.98,19 / 20,3869810,2019-09-06 20:24:35:553,0.0316,-0.3995,9.7234,0.0002,-0.0019,9.8066,-0.0054,0.0041,-0.0035,4.75,-32.62,27.13,2.92,-86.54,172.21
52.402798,-1.556511,163.12,2.5,2,201.98,19 / 20,3869909,2019-09-06 20:24:35:652,0.1665,-0.518,9.8327,0.0021,-0.0006,9.8066,0.009,0.0016,0.0112,5,-32.81,27.25,2.19,-86.52,171.54
52.402798,-1.556511,163.12,2.5,2,201.98,19 / 20,3870010,2019-09-06 20:24:35:753,0.1763,-0.2904,9.8791,0.0012,-0.0032,9.8066,-0.0023,0.0046,0.0001,4.44,-32.44,27.06,359.79,-86.47,171.38
52.402798,-1.556511,163.12,2.5,2,201.98,19 / 20,3870110,2019-09-06 20:24:35:853,0.0729,-0.3905,9.7531,0.0026,-0.0009,9.8066,0.0105,-0.0165,0.0087,4.88,-32.75,27.38,1.43,-86.44,170.83
52.402798,-1.556511,163.12,2.5,2,201.98,19 / 20,3870210,2019-09-06 20:24:35:953,0.1515,-0.5458,9.8739,0.0002,-0.0023,9.8066,-0.0004,-0.0102,-0.0047,4.31,-32.37,27.69,358.78,-86.4,170.74
52.402798,-1.556511,163.12,2.5,2,201.98,19 / 20,3870309,2019-09-06 20:24:36:052,0.1971,-0.2282,9.9166,0.002,-0.0005,9.8066,0.0243,-0.0061,0.0055,4.5,-32.5,27.38,1.01,-86.38,170.44
52.402798,-1.556511,163.12,2.5,2,201.98,19 / 20,3870410,2019-09-06 20:24:36:153,0.0733,-0.4762,9.6982,-0.0004,-0.0047,9.8066,-0.0121,0.0072,-0.0018,4.69,-32.37,27.56,0.41,-86.34,170.25
52.402798,-1.556511,163.12,2.5,2,201.98,19 / 20,3870509,2019-09-06 20:24:36:252,0.0834,-0.4805,9.8656,0.0012,-0.0046,9.8066,-0.0026,0.0071,0.0167,4.88,-32.5,27.38,0.17,-86.29,169.67
52.402798,-1.556511,163.12,2.5,2,201.98,19 / 20,3870609,2019-09-06 20:24:36:352,0.0957,-0.2498,9.8156,-0.0003,-0.0046,9.8066,-0.0033,-0.0035,-0.0063,4.94,-32.62,27.56,359.61,-86.25,169.51
52.402798,-1.556511,163.12,2.5,2,201.98,19 / 20,3870709,2019-09-06 20:24:36:452,0.162,-0.3863,9.7567,0.004,-0.0017,9.8066,0.0009,-0.0163,0.0041,4.81,-32.56,27.38,359.67,-86.21,169.2
52.402798,-1.556511,163.12,2.5,2,201.98,19 / 20,3870810,2019-09-06 20:24:36:553,0.0847,-0.3958,9.915,-0.0002,-0.0028,9.8066,-0.0004,-0.0073,-0.0099,5.13,-32.19,27.5,359.14,-86.18,169.08
52.402798,-1.556511,163.12,2.5,2,201.98,19 / 20,3870910,2019-09-06 20:24:36:653,0.1158,-0.2099,9.8178,0.0023,-0.0006,9.8066,0.0253,-0.0036,0.0056,4.38,-32.31,27.25,357.09,-86.15,168.9
52.402798,-1.556511,163.12,2.5,2,201.98,19 / 20,3871009,2019-09-06 20:24:36:752,0.1503,-0.4538,9.7176,0.0005,-0.0003,9.8066,-0.0135,0.0133,0.0032,4.63,-32.75,27,358.99,-86.1,168.58
52.402798,-1.556511,163.12,2.5,2,201.98,19 / 20,3871109,2019-09-06 20:24:36:852,0.105,-0.431,9.9063,0.0016,-0.0021,9.8065,0.0025,0.0141,0.0116,4.69,-32.44,27.44,358.64,-86.05,168.26
52.402798,-1.556511,163.12,2.5,2,201.98,19 / 20,3871209,2019-09-06 20:24:36:952,0.0563,-0.2069,9.8185,0.0002,-0.0031,9.8066,-0.0045,0,-0.0047,4.5,-33,27.44,358.52,-86.03,168.15
52.402798,-1.556511,163.12,2.5,2,201.98,19 / 20,3871309,2019-09-06 20:24:37:052,0.0792,-0.2731,9.9138,0.001,-0.0026,9.8066,-0.0019,-0.0235,0.0034,4.94,-32.31,27,358.37,-85.99,168.01
52.402798,-1.556511,163.12,2.5,2,201.98,19 / 20,3871409,2019-09-06 20:24:37:152,0.0796,-0.2852,9.8966,-0.0001,-0.005,9.8066,0.015,-0.0146,-0.0102,5.25,-32.62,27.38,358.27,-85.96,167.93
52.402798,-1.556511,163.12,2.5,2,201.98,19 / 20,3871510,2019-09-06 20:24:37:253,0.0715,-0.3417,9.7669,0.0026,-0.0016,9.8066,0.0137,-0.0045,0.0031,4.5,-32.19,27.13,358.12,-85.94,167.79
52.402798,-1.556511,163.12,2.5,2,201.98,19 / 20,3871609,2019-09-06 20:24:37:352,0.1126,-0.2921,9.9582,0.001,-0.0015,9.8066,0.0045,0.0011,-0.0019,4.94,-32.25,27.25,357.79,-85.89,167.49
52.402798,-1.556511,163.12,2.5,2,201.98,19 / 20,3871709,2019-09-06 20:24:37:452,0.0708,-0.3099,9.9104,0.0009,-0.0016,9.8066,0.0053,0.0135,0.0162,5.38,-32.56,28,356.96,-85.85,167.1
52.402798,-1.556511,163.12,2.5,2,201.98,19 / 20,3871809,2019-09-06 20:24:37:552,0.0237,-0.3617,9.7439,0.0003,-0.0018,9.8066,-0.0188,0.0129,0.0021,4.94,-32.12,27.88,356.96,-85.82,167.1
52.402798,-1.556511,163.12,2.5,2,201.98,19 / 20,3871910,2019-09-06 20:24:37:653,0.098,-0.3303,9.9167,0.0011,-0.0044,9.8066,-0.0088,-0.005,0.0094,4.88,-32.31,27,357.25,-85.8,167
52.402798,-1.556511,163.12,2.5,2,201.98,19 / 20,3872009,2019-09-06 20:24:37:752,0.0931,-0.2243,9.8823,-0.0012,-0.0045,9.8066,0.0083,-0.0124,-0.0067,4.5,-32.37,27.13,357.27,-85.75,167.02
52.402798,-1.556511,163.12,2.5,2,201.98,19 / 20,3872109,2019-09-06 20:24:37:852,0.0519,-0.2926,9.7622,0.0018,0,9.8066,0.0168,-0.0108,0.0023,4.63,-32.87,27.19,356.96,-85.73,166.75
52.402798,-1.556511,163.12,2.5,2,201.98,19 / 20,3872210,2019-09-06 20:24:37:953,0.1162,-0.226,9.904,0.0009,-0.001,9.8065,0,-0.0034,-0.0026,4.94,-32.12,27.31,356.88,-85.69,166.67
52.402798,-1.556511,163.12,2.5,2,201.98,19 / 20,3872310,2019-09-06 20:24:38:053,0.083,-0.2387,9.9118,0.0014,-0.0023,9.8066,0.0016,0.0119,0.0141,5.13,-32.69,27.25,356.64,-85.66,166.46
52.402798,-1.556511,163.12,2.5,2,201.98,19 / 20,3872410,2019-09-06 20:24:38:153,0.0401,-0.3571,9.774,0.0002,-0.0017,9.8066,-0.0171,-0.0034,-0.002,4.31,-32.75,27.5,353.89,-85.63,166.32
52.402798,-1.556511,163.12,2.5,2,201.98,19 / 20,3872509,2019-09-06 20:24:38:252,0.0338,-0.2634,9.8822,0.0007,-0.0045,9.8066,-0.0086,-0.0091,0.0032,4.81,-32.75,27.63,355.96,-85.58,166.21
52.402798,-1.556511,163.12,2.5,2,201.98,19 / 20,3872610,2019-09-06 20:24:38:353,0.0937,-0.1275,9.8192,0.0009,0.0009,9.8066,0.014,-0.0073,-0.0108,5.13,-32.12,27.13,356.24,-85.56,166.1
52.402798,-1.556511,163.12,2.5,2,201.98,19 / 20,3872709,2019-09-06 20:24:38:452,0.0654,-0.3533,9.8117,0.0034,0.0005,9.8066,0.0136,0.0071,0.0131,4.88,-32.25,27.31,355.88,-85.53,165.78
52.402798,-1.556511,163.12,2.5,2,201.98,19 / 20,3872809,2019-09-06 20:24:38:552,0.0231,-0.206,9.8577,0.0005,-0.0009,9.8066,-0.0009,0.0088,0.0094,4.56,-32.81,27.19,355.8,-85.5,165.71
52.402798,-1.556511,163.12,2.5,2,201.98,19 / 20,3872910,2019-09-06 20:24:38:653,0.0646,-0.158,9.8167,0.0012,-0.0005,9.8066,0.0031,-0.0047,0.0086,4.88,-32.12,27.38,355.84,-85.47,165.74
52.402798,-1.556511,163.12,2.5,2,201.98,19 / 20,3873010,2019-09-06 20:24:38:753,0.1134,-0.4082,9.8205,0.0001,-0.003,9.8066,-0.0045,-0.0224,-0.01,4.31,-32.5,27.13,353.36,-85.44,165.57
52.402798,-1.556511,163.12,2.5,2,201.98,19 / 20,3873109,2019-09-06 20:24:38:852,0.0155,-0.171,9.8832,0.0011,-0.0006,9.8066,0.0097,-0.0169,-0.0009,4.63,-32.62,27.63,355.1,-85.41,165.44
52.402798,-1.556511,163.12,2.5,2,201.98,19 / 20,3873209,2019-09-06 20:24:38:952,0.0932,-0.1514,9.8154,0.0004,-0.004,9.8066,-0.0023,-0.0019,-0.0005,4.81,-32.69,26.88,355.32,-85.38,165.29
52.402798,-1.556511,163.12,2.5,2,201.98,19 / 20,3873310,2019-09-06 20:24:39:053,0.055,-0.3726,9.839,0.0015,-0.0026,9.8066,0.0047,0.0149,0.0123,4.63,-32.75,27.5,354.72,-85.35,165.11
52.402798,-1.556511,163.12,2.5,2,201.98,19 / 20,3873410,2019-09-06 20:24:39:153,0.0189,-0.2443,9.7039,0.0007,-0.0027,9.8066,-0.0138,0.0068,0.0008,4.81,-32.31,27.13,354.98,-85.33,164.98
52.402798,-1.556511,163.12,2.5,2,201.98,19 / 20,3873509,2019-09-06 20:24:39:252,0.0336,-0.3403,9.8646,0.0018,-0.0004,9.8066,-0.0059,-0.0003,0.0062,4.75,-32.31,27.19,355,-85.3,165.01
52.402798,-1.556511,163.12,2.5,2,201.98,19 / 20,3873609,2019-09-06 20:24:39:352,0.0599,-0.188,9.9091,-0.0001,-0.0015,9.8066,-0.0083,-0.0155,-0.0113,5.19,-32.56,27.13,354.91,-85.28,164.94
52.402798,-1.556511,163.12,2.5,2,201.98,19 / 20,3873710,2019-09-06 20:24:39:453,0.0523,-0.2168,9.7385,0.0023,-0.0016,9.8066,0.0065,-0.0049,-0.0023,5.25,-32.25,27.5,354.43,-85.26,164.84
52.402798,-1.556511,163.12,2.5,2,201.98,19 / 20,3873809,2019-09-06 20:24:39:552,0.0894,-0.235,9.9195,0.0004,-0.0018,9.8066,0.0017,-0.0076,-0.0004,5,-32.5,28,354.28,-85.25,164.7
52.402798,-1.556511,163.12,2.5,2,201.98,19 / 20,3873910,2019-09-06 20:24:39:653,0.1213,-0.2144,9.8978,0.0008,-0.0017,9.8066,0.005,0.0119,0.003,4.75,-32.37,27.63,354.17,-85.23,164.61
52.402798,-1.556511,163.12,2.5,2,201.98,19 / 20,3874010,2019-09-06 20:24:39:753,0.082,-0.2165,9.7347,0.0002,-0.0032,9.8066,-0.0161,0.0026,0.0033,5,-32,27.13,354.37,-85.2,164.45
52.402798,-1.556511,163.12,2.5,2,201.98,19 / 20,3874110,2019-09-06 20:24:39:853,0.0119,-0.309,9.9133,0,-0.001,9.8066,-0.0054,-0.0069,0.0069,4.13,-32.31,27,352.09,-85.18,164.47
52.402798,-1.556511,163.12,2.5,2,201.98,19 / 20,3874210,2019-09-06 20:24:39:953,0.1049,-0.1451,9.8961,0.0003,-0.0014,9.8066,0.0001,-0.0181,-0.0062,4.44,-32.56,27.69,351.7,-85.16,164.41
52.402798,-1.556511,163.12,2.5,2,201.98,19 / 20,3874311,2019-09-06 20:24:40:054,0.066,-0.1765,9.7517,0.0011,0.0012,9.8066,0.0088,-0.0056,-0.0056,4.38,-32.56,27,351.86,-85.16,164.29
52.402798,-1.556511,163.12,2.5,2,201.98,19 / 20,3874409,2019-09-06 20:24:40:152,0.0369,-0.2631,9.9142,-0.0001,-0.0012,9.8066,0.0057,0.0004,0.0018,4.94,-32.19,27,354.12,-85.14,164.23
52.402798,-1.556511,163.12,2.5,2,201.98,19 / 20,3874510,2019-09-06 20:24:40:253,0.0447,-0.3987,9.7611,0.0013,-0.0017,9.8066,0.0059,0.0143,0.0091,4.88,-32.56,27.81,353.7,-85.11,164.22
52.402798,-1.556511,163.12,2.5,2,201.98,19 / 20,3874610,2019-09-06 20:24:40:353,0.1467,-0.1813,9.8867,-0.0003,-0.0027,9.8066,-0.0117,-0.0092,0,4.44,-32.62,27.06,351.6,-85.1,164.07
52.402798,-1.556511,163.12,2.5,2,201.98,19 / 20,3874710,2019-09-06 20:24:40:453,0.0528,-0.1218,9.8207,0.0008,0.0001,9.8065,-0.0005,-0.0138,-0.0043,4.88,-32.19,27.06,354.03,-85.07,164.16
52.402798,-1.556511,163.12,2.5,2,201.98,19 / 20,3874810,2019-09-06 20:24:40:553,0.0464,-0.2882,9.7514,0.001,-0.002,9.8066,-0.0066,-0.0205,-0.0083,4.56,-33,26.94,353.89,-85.06,164.05
52.402798,-1.556511,163.12,2.5,2,201.98,19 / 20,3874910,2019-09-06 20:24:40:653,0.0138,-0.0216,9.782,0.0005,0.0014,9.8066,0.0036,-0.003,-0.0072,4.63,-32,27.44,353.86,-85.05,164.01
52.402798,-1.556511,163.12,2.5,2,201.98,19 / 20,3875010,2019-09-06 20:24:40:753,0.1051,-0.1798,9.7886,0.0003,0.0007,9.8066,0.0003,0.011,0.0025,4.81,-32.81,27.5,353.31,-85.03,163.88
52.402798,-1.556511,163.12,2.5,2,201.98,19 / 20,3875110,2019-09-06 20:24:40:853,0.0358,-0.4221,9.8475,0.0003,-0.0016,9.8066,0.0056,0.0185,0.0103,4.75,-32.44,27.13,353.71,-85.01,163.87
52.402798,-1.556511,163.12,2.5,2,201.98,19 / 20,3875209,2019-09-06 20:24:40:952,0.0022,-0.1276,9.8643,-0.0005,-0.003,9.8066,-0.0188,0.0062,0.0019,5.13,-33,27.38,353.59,-84.99,163.8
52.402798,-1.556511,163.12,2.5,2,201.98,19 / 20,3875310,2019-09-06 20:24:41:053,0.0915,-0.0972,9.8016,0.0013,0.0019,9.8066,0.0044,-0.0035,0.0061,4.38,-32.12,27.19,351.19,-84.98,163.7
52.402798,-1.556511,163.12,2.5,2,201.98,19 / 20,3875410,2019-09-06 20:24:41:153,0.1292,-0.3387,9.7637,-0.0004,-0.0015,9.8066,-0.0042,-0.0239,-0.0093,4.88,-32.75,27.19,353.52,-84.96,163.73
52.402798,-1.556511,163.12,2.5,2,201.98,19 / 20,3875510,2019-09-06 20:24:41:253,-0.0211,-0.0179,9.9316,0.0004,0.001,9.8066,0.0127,-0.0134,-0.0108,5.13,-32.37,27.31,353.44,-84.96,163.65
52.402798,-1.556511,163.12,2.5,2,201.98,19 / 20,3875609,2019-09-06 20:24:41:352,0.046,-0.0514,9.7451,0,-0.0011,9.8065,0.0013,-0.0166,-0.0048,4.94,-32.44,26.69,353.33,-84.94,163.55
52.402798,-1.556511,163.12,2.5,2,201.98,19 / 20,3875710,2019-09-06 20:24:41:453,0.0189,-0.2444,9.7384,0.0018,-0.0014,9.8066,0.0187,-0.0037,0.0003,4.63,-32.69,27.63,352.81,-84.95,163.44
52.402798,-1.556511,163.12,2.5,2,201.98,19 / 20,3875810,2019-09-06 20:24:41:553,0.098,-0.0505,9.9595,0.0001,-0.0033,9.8066,-0.0049,0.0031,-0.0028,4.81,-32.56,27.38,353.08,-84.92,163.35
52.402798,-1.556511,163.12,2.5,2,201.98,19 / 20,3875909,2019-09-06 20:24:41:652,0.0538,-0.1219,9.9598,0.0015,-0.0031,9.8066,-0.0066,0.0132,0.0164,5.13,-32.69,26.75,352.79,-84.9,163.1
52.402798,-1.556511,163.12,2.5,2,201.98,19 / 20,3876010,2019-09-06 20:24:41:753,-0.0658,-0.0111,9.7956,0.0013,-0.0026,9.8066,-0.0055,0.0274,0.0084,4.81,-32.56,27.75,352.42,-84.89,163.11
52.402798,-1.556511,163.12,2.5,2,201.98,19 / 20,3876109,2019-09-06 20:24:41:852,0.0627,-0.3459,9.8352,0.0007,-0.0032,9.8066,-0.0164,0.0034,0.0173,5,-32.31,27.31,352.66,-84.86,162.96
52.402798,-1.556511,163.12,2.5,2,201.98,19 / 20,3876210,2019-09-06 20:24:41:953,0.0326,-0.1977,9.9177,-0.0011,-0.0029,9.8066,0.0101,-0.006,-0.001,4.94,-32.44,27.06,352.77,-84.85,163.06
52.402798,-1.556511,163.12,2.5,2,201.98,19 / 20,3876309,2019-09-06 20:24:42:052,-0.012,0.0547,9.8966,-0.0015,0.0015,9.8066,0.0006,-0.0215,-0.0024,4.88,-32.25,27.5,352.25,-84.84,162.94
52.402798,-1.556511,163.12,2.5,2,201.98,19 / 20,3876409,2019-09-06 20:24:42:152,0.1045,-0.2091,9.7718,0.0003,0.0032,9.8066,0.0143,-0.0198,-0.0031,5.06,-32.25,27.13,352.73,-84.84,163.03
52.402798,-1.556511,163.12,2.5,2,201.98,19 / 20,3876510,2019-09-06 20:24:42:253,-0.0105,-0.3684,9.9125,-0.0002,-0.0024,9.8066,0.0053,-0.0138,-0.0002,5.25,-32.56,27.5,352.29,-84.82,163
52.402798,-1.556511,163.12,2.5,2,201.98,19 / 20,3876610,2019-09-06 20:24:42:353,0.0866,0.0066,9.9597,-0.0001,-0.0025,9.8066,0.022,0.0021,0.0066,4.63,-32.69,27.19,352.75,-84.81,163.07
52.402798,-1.556511,163.12,2.5,2,201.98,19 / 20,3876709,2019-09-06 20:24:42:452,0.0899,-0.3268,9.8104,-0.0013,-0.0032,9.8066,0.0087,0.0077,-0.0031,4.81,-32.62,27.31,352.67,-84.79,163.01
52.402798,-1.556511,163.12,2.5,2,201.98,19 / 20,3876809,2019-09-06 20:24:42:552,0.0406,-0.6542,9.8793,0.002,-0.0003,9.8066,0.0087,0.0001,0.0129,4.63,-32.31,27.13,352.68,-84.75,163
52.402798,-1.556511,163.12,2.5,2,201.98,19 / 20,3876910,2019-09-06 20:24:42:653,-0.0239,-0.3477,9.8662,0.0007,-0.0017,9.8066,0.016,-0.016,0.0041,5.31,-32,27,352.62,-84.73,162.94
52.402798,-1.556511,163.12,2.5,2,201.98,19 / 20,3877010,2019-09-06 20:24:42:753,0.0416,-0.7932,9.8673,-0.0002,0.0016,9.8066,0.0033,-0.0012,0.0049,4.94,-32.19,27.13,352.7,-84.71,163.02
52.402798,-1.556511,163.12,2.5,2,201.98,19 / 20,3877109,2019-09-06 20:24:42:852,-0.1517,-0.3696,9.7818,-0.0016,-0.0059,9.8065,0.0062,-0.0149,0.0007,4.56,-32.19,27.38,352.77,-84.65,163.09
52.402798,-1.556511,163.12,2.5,2,201.98,19 / 20,3877209,2019-09-06 20:24:42:952,-0.0834,-0.8223,9.7379,-0.0006,-0.0046,9.8066,-0.0114,-0.0067,0.0044,5.13,-32.25,27.38,353,-84.62,163.3
52.402798,-1.556511,163.12,2.5,2,201.98,19 / 20,3877309,2019-09-06 20:24:43:052,-0.1408,-0.9352,9.7479,0.0009,-0.0049,9.8066,0.0171,0.0025,0.0233,4.81,-31.87,27.19,352.94,-84.55,163.26
52.402798,-1.556511,163.12,2.5,2,201.98,19 / 20,3877409,2019-09-06 20:24:43:152,-0.1518,-1.7524,9.8919,-0.0019,-0.0057,9.8065,0.023,-0.0095,0.002,5.31,-32.12,27.13,353.18,-84.49,163.48
52.402798,-1.556511,163.12,2.5,2,201.98,19 / 20,3877510,2019-09-06 20:24:43:253,-0.2744,-2.1069,9.8321,-0.0023,-0.0098,9.8066,0.0135,-0.0198,0.0064,4.94,-32.69,27.81,353.06,-84.42,163.75
52.402798,-1.556511,163.12,2.5,2,201.98,19 / 20,3877609,2019-09-06 20:24:43:352,-0.3682,-1.92,9.7713,-0.0015,-0.005,9.8066,0.0419,-0.0136,-0.0005,5.31,-32.06,27.75,353.57,-84.29,164.19
52.402798,-1.556511,163.12,2.5,2,201.98,19 / 20,3877710,2019-09-06 20:24:43:453,-0.436,-2.7574,9.8718,-0.002,0.0001,9.8066,0.0085,-0.035,0.0088,5.63,-31.75,27.69,356.32,-84.18,164.66
52.402798,-1.556511,163.12,2.5,2,201.98,19 / 20,3877810,2019-09-06 20:24:43:553,-0.3518,-2.7897,9.8722,-0.0001,0.0036,9.8066,0.0155,-0.0395,0.013,5,-32.56,27.56,354.19,-84.16,164.78
52.402798,-1.556511,163.12,2.5,2,201.98,19 / 20,3877909,2019-09-06 20:24:43:652,-0.6569,-2.5072,9.9692,0.0006,-0.0026,9.8066,0.0116,-0.0566,0.0054,5.5,-32.06,28,356.78,-84.09,165.07
52.402798,-1.556511,163.12,2.5,2,201.98,19 / 20,3878009,2019-09-06 20:24:43:752,-0.3575,-1.8767,9.9243,0.0018,0.0025,9.8066,-0.0317,-0.0505,0.0061,5.31,-31.44,28.06,354.28,-84.12,164.82
52.402798,-1.556511,163.12,2.5,2,201.98,19 / 20,3878111,2019-09-06 20:24:43:854,-0.5525,-2.8514,9.8593,-0.0015,-0.0107,9.8066,-0.0037,-0.0669,0.0206,5.13,-31.56,27.38,354.73,-84.05,164.91
52.402798,-1.556511,163.12,2.5,2,201.98,19 / 20,3878210,2019-09-06 20:24:43:953,-0.433,-2.0901,9.4511,-0.0042,-0.0106,9.8066,0.0406,-0.0668,0.012,5.88,-31.5,27.5,357.1,-83.95,165.35
52.402798,-1.556511,163.12,2.5,2,201.98,19 / 20,3878309,2019-09-06 20:24:44:052,-0.5641,-1.9325,9.6227,0.0016,0.0174,9.8066,0.0323,-0.072,0.0073,5.81,-31.87,27.81,357.09,-84.04,165.35
52.402798,-1.556511,163.12,2.5,2,201.98,19 / 20,3878409,2019-09-06 20:24:44:152,-0.5627,-2.4138,9.8455,0.0006,0.0056,9.8066,-0.0208,-0.0797,0.0345,5.88,-32.12,28.25,357.26,-84.01,165.5
52.402798,-1.556511,163.12,2.5,2,201.98,19 / 20,3878509,2019-09-06 20:24:44:252,-0.6055,-2.5441,9.6438,-0.0042,-0.0163,9.8065,-0.017,-0.0645,0.0202,5.88,-32.12,27.69,357.73,-83.93,165.92
52.402798,-1.556511,163.12,2.5,2,201.98,19 / 20,3878610,2019-09-06 20:24:44:353,-0.8346,-1.9262,9.8606,-0.0086,-0.0108,9.8066,-0.0332,-0.0768,0.001,5.88,-31.81,28,358.14,-83.95,166.27
52.402798,-1.556511,163.12,2.5,2,201.98,19 / 20,3878709,2019-09-06 20:24:44:452,-0.4701,-2.0171,10.3843,0.0031,-0.0053,9.8066,0.019,-0.0727,0.0279,6.5,-32.06,26.94,1.26,-83.93,166.56
52.402798,-1.556511,163.12,2.5,2,201.98,19 / 20,3878810,2019-09-06 20:24:44:553,0.0091,-1.5733,9.4779,0.0004,0.012,9.8066,0.0326,-0.0664,0.0176,7.19,-32.06,27.25,1.21,-83.93,166.53
52.402798,-1.556511,163.12,2.5,2,201.98,19 / 20,3878910,2019-09-06 20:24:44:653,-0.4353,-1.6064,9.7006,0.0024,0.004,9.8066,0.002,-0.0852,-0.0046,6.19,-32.44,27.31,359.99,-83.97,167.46
52.402798,-1.556511,163.12,2.5,2,201.98,19 / 20,3879010,2019-09-06 20:24:44:753,-0.7374,-1.763,9.9666,-0.0034,-0.0149,9.8065,0.0374,-0.0844,0.0299,6.38,-31.94,27.44,359.9,-83.91,167.39
52.402798,-1.556511,163.12,2.5,2,201.98,19 / 20,3879110,2019-09-06 20:24:44:853,-0.7529,-1.3876,9.8493,-0.0005,0.0068,9.8066,-0.0091,-0.1216,0.0329,6.75,-31.94,26.56,2.7,-83.89,167.82
52.402798,-1.556511,163.12,2.5,2,201.98,19 / 20,3879210,2019-09-06 20:24:44:953,-0.7717,-1.419,9.8481,-0.0051,0,9.8066,0.0195,-0.0874,0.0247,6.5,-32.06,26.94,3.7,-83.82,168.68
52.402798,-1.556511,163.12,2.5,2,201.98,19 / 20,3879309,2019-09-06 20:24:45:052,-0.6761,-1.1088,10.0361,-0.0067,-0.009,9.8066,-0.0045,-0.0871,0.0404,7.19,-32.06,26.56,3.51,-83.85,168.53
52.402798,-1.556511,163.12,2.5,2,201.98,19 / 20,3879410,2019-09-06 20:24:45:153,-1.7061,-1.1714,9.8545,-0.0047,0.0103,9.8066,0.0225,-0.1118,-0.0452,7.69,-31.56,26.31,7.52,-83.87,169.43
52.402798,-1.556511,163.12,2.5,2,201.98,19 / 20,3879509,2019-09-06 20:24:45:252,-0.4143,-1.9842,9.794,0.0005,-0.0013,9.8066,0.0778,-0.1056,0.035,7.19,-32.56,26.25,4.85,-83.9,169.12
52.402798,-1.556511,163.12,2.5,2,201.98,19 / 20,3879609,2019-09-06 20:24:45:352,-0.8368,-0.5439,9.5919,-0.0011,0.0136,9.8066,-0.0229,-0.1038,0.0016,7.63,-33.06,26.06,7.87,-83.86,169.7
52.402798,-1.556511,163.12,2.5,2,201.98,19 / 20,3879710,2019-09-06 20:24:45:453,-0.3914,-0.7034,9.8243,-0.0002,0.0017,9.8066,-0.0582,-0.1311,0.0408,8.06,-32.56,25.69,7.51,-83.89,169.4
52.402798,-1.556511,163.12,2.5,2,201.98,19 / 20,3879809,2019-09-06 20:24:45:552,-0.6362,-0.8474,9.8118,-0.003,0.0093,9.8066,0.0211,-0.1509,0.0174,8,-32.56,25.38,8.86,-84.03,169.91
52.402798,-1.556511,163.12,2.5,2,201.98,19 / 20,3879909,2019-09-06 20:24:45:652,-0.6626,-1.0674,10.201,0.0034,0.0046,9.8066,0.0466,-0.0798,0.0038,7.81,-32.19,25.25,9.41,-84.01,170.42
52.402798,-1.556511,163.12,2.5,2,201.98,19 / 20,3880011,2019-09-06 20:24:45:754,-1.8172,-0.5363,9.7166,-0.0018,0.0069,9.8066,0.0188,-0.0945,-0.0132,8,-32.87,25.63,8.65,-83.94,170.39
52.402798,-1.556511,163.12,2.5,2,201.98,19 / 20,3880110,2019-09-06 20:24:45:853,-0.9579,-1.9708,9.8926,0.005,-0.0133,9.8066,0.0401,-0.1142,0.0158,8.81,-32.25,24.38,12.9,-83.68,170.51
52.402798,-1.556511,163.12,2.5,2,201.98,19 / 20,3880210,2019-09-06 20:24:45:953,-0.4435,-1.7033,10.0613,-0.0001,-0.0013,9.8066,0.0393,-0.1852,0.0189,8.81,-32.56,24.75,12.38,-83.58,170.8
52.402798,-1.556511,163.12,2.5,2,201.98,19 / 20,3880310,2019-09-06 20:24:46:053,-1.4026,-1.124,9.986,-0.0075,-0.0529,9.8064,0.0971,-0.198,0.0345,8.5,-32.37,24.63,12.33,-83.21,170.71
52.40272,-1.556596,163.1,4.99,2,220.6,19 / 20,3880410,2019-09-06 20:24:46:153,-3.2421,-2.7488,9.8406,-0.0214,-0.0374,9.8065,-0.2903,0.0359,-0.0253,8.69,-33.12,24.5,11.87,-83.51,170.34
52.40272,-1.556596,163.1,4.99,2,220.6,19 / 20,3880509,2019-09-06 20:24:46:252,-1.5968,-3.5468,10.198,-0.0202,-0.0159,9.8066,-0.3672,0.0264,0.0174,9.13,-32.94,24.31,13.36,-83.26,170.71
52.40272,-1.556596,163.1,4.99,2,220.6,19 / 20,3880610,2019-09-06 20:24:46:353,-1.1456,-2.5427,10.0529,-0.0166,-0.0531,9.8064,0.29,-0.202,0.0295,9.19,-33.06,24.44,14.27,-83.12,171.44
52.40272,-1.556596,163.1,4.99,2,220.6,19 / 20,3880709,2019-09-06 20:24:46:452,-2.0464,-1.1687,10.0622,0.0489,0.094,9.806,0.3137,-0.1979,0.0767,9.56,-32.44,24,15.01,-83.58,170.25
52.40272,-1.556596,163.1,4.99,2,220.6,19 / 20,3880810,2019-09-06 20:24:46:553,-1.8967,-1.5945,10.0297,0.0365,0.1128,9.8059,-0.0541,-0.0801,0.0036,9.69,-33.06,24.19,15.77,-83.58,170.85
52.40272,-1.556596,163.1,4.99,2,220.6,19 / 20,3880910,2019-09-06 20:24:46:653,-1.1638,-2.0824,9.9571,-0.0246,-0.0704,9.8063,-0.0387,-0.1344,0.0696,9.19,-33,23.63,14.57,-83.02,171.65
52.40272,-1.556596,163.1,4.99,2,220.6,19 / 20,3881010,2019-09-06 20:24:46:753,-1.2216,-0.8657,9.4917,-0.0346,-0.0525,9.8064,-0.0022,-0.1282,-0.001,9.56,-33,24.06,17.61,-83.03,172.19
52.40272,-1.556596,163.1,4.99,2,220.6,19 / 20,3881110,2019-09-06 20:24:46:853,-0.8133,0.6035,8.9017,0.0096,0.0229,9.8066,-0.0592,-0.1779,0.001,9.81,-33.06,23.44,18.93,-83.01,172.32
52.40272,-1.556596,163.1,4.99,2,220.6,19 / 20,3881210,2019-09-06 20:24:46:953,-1.4301,-0.6177,10.9606,0.0027,0.0145,9.8066,0.3952,-0.1231,-0.0638,9.94,-33.31,23.44,18.94,-83.04,172.35
52.40272,-1.556596,163.1,4.99,2,220.6,19 / 20,3881310,2019-09-06 20:24:47:053,-0.774,-0.2716,10.8927,0.0396,0.0719,9.8062,0.3039,-0.127,0.0416,10.19,-33.44,23.06,17.61,-83.32,171.34
52.40272,-1.556596,163.1,4.99,2,220.6,19 / 20,3881410,2019-09-06 20:24:47:153,-1.164,-0.7398,10.4823,0.0429,0.1057,9.8059,0.3843,-0.1441,-0.0264,10.31,-32.75,22.56,18.31,-83.31,171.93
52.40272,-1.556596,163.1,4.99,2,220.6,19 / 20,3881509,2019-09-06 20:24:47:252,-1.5434,-0.2074,11.082,-0.0091,-0.0325,9.8065,-0.1251,-0.1382,0.0384,10.38,-33.37,22.56,18.99,-82.98,172.36
52.40272,-1.556596,163.1,4.99,2,220.6,19 / 20,3881610,2019-09-06 20:24:47:353,-1.4915,-1.6619,9.8735,0.0178,0.0379,9.8065,0.07,-0.1165,0.0155,10.63,-33.44,22.88,21.32,-83.11,172.38
52.40272,-1.556596,163.1,4.99,2,220.6,19 / 20,3881709,2019-09-06 20:24:47:452,-1.2002,-2.0301,10.3824,-0.0219,-0.0647,9.8063,-0.1841,-0.2415,0.0606,10.06,-33.31,22.13,20.94,-83.2,173.04
52.40272,-1.556596,163.1,4.99,2,220.6,19 / 20,3881809,2019-09-06 20:24:47:552,-1.6428,-1.6441,10.5519,0.0006,-0.0113,9.8066,0.0368,-0.0974,-0.0805,11.5,-33.25,22.06,25.18,-82.92,172.44
52.40272,-1.556596,163.1,4.99,2,220.6,19 / 20,3881910,2019-09-06 20:24:47:653,-2.1201,-1.2792,8.7835,-0.0317,-0.0343,9.8065,-0.2795,-0.196,0.1683,10.63,-33.31,21.31,26.57,-82.77,174.25
52.40272,-1.556596,163.1,4.99,2,220.6,19 / 20,3882010,2019-09-06 20:24:47:753,-1.1566,-2.259,9.4976,0.025,-0.0105,9.8066,-0.1056,-0.1583,-0.087,10.56,-33.37,21.69,22.9,-83.05,172.55
52.40272,-1.556596,163.1,4.99,2,220.6,19 / 20,3882109,2019-09-06 20:24:47:852,-1.4651,-0.7984,10.8756,-0.0345,-0.0404,9.8065,-0.1545,-0.1911,0.0469,11,-33.44,20.81,24.84,-83.03,172.96
52.40272,-1.556596,163.1,4.99,2,220.6,19 / 20,3882210,2019-09-06 20:24:47:953,-2.3581,0.9874,9.6964,-0.0198,-0.0339,9.8065,-0.1336,-0.1554,0.0196,10.81,-33.62,20.19,26.83,-83.19,173.28
52.40272,-1.556596,163.1,4.99,2,220.6,19 / 20,3882309,2019-09-06 20:24:48:052,-0.5598,0.102,9.7494,-0.0371,-0.0364,9.8065,0.0846,-0.1441,0.0972,11.38,-33.69,20.44,26.2,-83.13,172.71
52.40272,-1.556596,163.1,4.99,2,220.6,19 / 20,3882409,2019-09-06 20:24:48:152,-1.4495,-0.1794,10.1002,-0.0148,-0.0363,9.8065,-0.0372,-0.202,0.0018,11.38,-33.69,20.69,25.54,-82.68,173.19
52.40272,-1.556596,163.1,4.99,2,220.6,19 / 20,3882509,2019-09-06 20:24:48:252,-1.8014,0.6614,9.6627,-0.0049,0.0055,9.8066,-0.0314,-0.1817,0.0037,11.94,-34.12,20.44,30.23,-82.74,173.73
52.40272,-1.556596,163.1,4.99,2,220.6,19 / 20,3882609,2019-09-06 20:24:48:352,-0.6861,-0.3406,9.605,-0.0033,-0.0138,9.8066,-0.1224,-0.1017,0.0022,11.38,-33.69,20.19,27.48,-82.8,173.53
52.40272,-1.556596,163.1,4.99,2,220.6,19 / 20,3882709,2019-09-06 20:24:48:452,-1.6202,0.1047,9.3485,0.0107,0.0106,9.8065,0.0761,-0.1376,-0.0294,11.38,-34.19,19.88,27.44,-82.93,173.59
52.40272,-1.556596,163.1,4.99,2,220.6,19 / 20,3882810,2019-09-06 20:24:48:553,-2.5882,-0.9842,9.8282,-0.0021,0.0033,9.8066,0.0855,-0.198,-0.0289,11.94,-33.62,19.63,30.13,-82.86,173.75
52.40272,-1.556596,163.1,4.99,2,220.6,19 / 20,3882910,2019-09-06 20:24:48:653,-1.5623,-0.1991,9.6678,-0.0126,-0.0119,9.8066,-0.047,-0.1678,0.0402,11.88,-34,19,31.56,-82.81,173.38
52.40272,-1.556596,163.1,4.99,2,220.6,19 / 20,3883009,2019-09-06 20:24:48:752,-0.9904,-0.1424,9.5539,-0.0079,-0.0196,9.8066,-0.0815,-0.1442,0.0379,12.19,-33.56,18.69,31.76,-82.67,173.43
52.40272,-1.556596,163.1,4.99,2,220.6,19 / 20,3883109,2019-09-06 20:24:48:852,-1.7552,0.2213,9.5914,0.0113,0.0206,9.8065,-0.0633,-0.1361,0.0742,12.13,-34.44,18.75,32.04,-82.74,173.73
52.40272,-1.556596,163.1,4.99,2,220.6,19 / 20,3883210,2019-09-06 20:24:48:953,-2.0801,-0.3808,9.4409,0.006,0.0099,9.8066,0.0903,-0.1219,-0.0149,11.94,-34.31,18.38,34.15,-82.65,173.74
52.40272,-1.556596,163.1,4.99,2,220.6,19 / 20,3883310,2019-09-06 20:24:49:053,-1.6328,1.3674,9.8632,0.0047,0.0034,9.8066,0.0689,-0.1369,-0.031,11.94,-34.19,17.94,35.17,-82.56,174.49
52.40272,-1.556596,163.1,4.99,2,220.6,19 / 20,3883409,2019-09-06 20:24:49:152,-2.5872,-0.8337,9.8759,0.0222,0.005,9.8066,0.0796,-0.0982,-0.0486,12.63,-34.06,18.25,35.87,-82.5,173.06
52.40272,-1.556596,163.1,4.99,2,220.6,19 / 20,3883510,2019-09-06 20:24:49:253,-2.2753,-0.5137,10.3931,0.0065,0.0024,9.8066,0.1279,-0.141,0.039,12.56,-34.62,17.5,36.35,-82.45,173.19
52.40272,-1.556596,163.1,4.99,2,220.6,19 / 20,3883610,2019-09-06 20:24:49:353,-2.8153,0.9982,10.8994,-0.0354,-0.0395,9.8065,-0.2581,-0.017,-0.0678,12.75,-34.5,17.25,37.96,-82.61,173.08
52.40272,-1.556596,163.1,4.99,2,220.6,19 / 20,3883709,2019-09-06 20:24:49:452,-0.1863,0.4346,9.2203,-0.0306,-0.0569,9.8064,-0.0686,-0.0704,-0.0069,12.88,-33.69,16.31,39.08,-82.35,171.75
52.40272,-1.556596,163.1,4.99,2,220.6,19 / 20,3883810,2019-09-06 20:24:49:553,-0.5357,-2.0915,9.179,-0.036,-0.045,9.8065,0.0767,-0.0612,0.0399,13.38,-34.37,18.13,33.96,-82.21,171.19
52.40272,-1.556596,163.1,4.99,2,220.6,19 / 20,3883910,2019-09-06 20:24:49:653,-1.1791,-0.8901,9.0666,-0.0023,0.0155,9.8066,-0.1501,-0.1654,-0.0002,12.63,-34.31,16.56,37.11,-82.25,172.01
52.40272,-1.556596,163.1,4.99,2,220.6,19 / 20,3884009,2019-09-06 20:24:49:752,-2.0644,0.1278,10.113,-0.0217,-0.0053,9.8066,0.0974,-0.0474,-0.0072,12.75,-34.75,16.63,38.9,-82.27,173.26
52.40272,-1.556596,163.1,4.99,2,220.6,19 / 20,3884110,2019-09-06 20:24:49:853,-0.547,1.0199,10.1439,0.0277,0.0465,9.8065,0.1245,-0.1234,0.0789,12.88,-34.62,16.31,41.66,-82.46,173.77
52.40272,-1.556596,163.1,4.99,2,220.6,19 / 20,3884209,2019-09-06 20:24:49:952,-1.3346,-0.6541,10.0153,0.0241,0.0611,9.8063,-0.0261,-0.1169,0.096,12.5,-34.44,15.81,43.63,-82.87,176.16
52.40272,-1.556596,163.1,4.99,2,220.6,19 / 20,3884310,2019-09-06 20:24:50:053,-1.5902,-0.0835,10.562,-0.0562,-0.0142,9.8064,0.0433,-0.0693,0.0541,12.69,-34.62,15.75,48.83,-82.46,179.79
52.40272,-1.556596,163.1,4.99,2,220.6,19 / 20,3884409,2019-09-06 20:24:50:152,0.2619,-0.0375,9.5746,-0.0361,-0.0155,9.8066,0.0579,-0.1376,0.0619,11.69,-34.5,15.75,48.33,-82.35,-178.57
52.40272,-1.556596,163.1,4.99,2,220.6,19 / 20,3884510,2019-09-06 20:24:50:253,-1.6279,0.1665,10.1764,0.0048,0.0394,9.8065,0.0466,-0.062,0.0709,11.56,-35.06,15.56,52.56,-82.4,-175.21
52.40272,-1.556596,163.1,4.99,2,220.6,19 / 20,3884610,2019-09-06 20:24:50:353,-2.0459,0.5934,9.7621,0.0038,0.052,9.8064,-0.0946,-0.0109,-0.0694,11.75,-34.5,15.81,54.81,-82.35,-173.01
52.40272,-1.556596,163.1,4.99,2,220.6,19 / 20,3884709,2019-09-06 20:24:50:452,-2.14,0.7396,10.0322,-0.0022,0.0042,9.8066,0.0738,-0.1652,0.1484,11.38,-35.19,14.75,58.45,-82.15,-170.78
52.40272,-1.556596,163.1,4.99,2,220.6,19 / 20,3884809,2019-09-06 20:24:50:552,-1.6339,-1.4052,9.4359,0.0044,0.0365,9.8066,-0.1739,-0.1057,0.0518,11.31,-35.56,15,60.81,-82.22,-169
52.40272,-1.556596,163.1,4.99,2,220.6,19 / 20,3884910,2019-09-06 20:24:50:653,-1.7144,-0.4326,10.2645,-0.0354,-0.0201,9.8065,-0.0804,-0.085,0.0801,10.94,-35.56,15.13,62.85,-81.91,-167.77
52.40272,-1.556596,163.1,4.99,2,220.6,19 / 20,3885009,2019-09-06 20:24:50:752,-1.1309,-0.9291,10.0585,-0.0176,-0.0179,9.8065,0.0717,0.0348,0.0112,11.19,-36.06,14.88,63.13,-81.9,-167.56
52.40272,-1.556596,163.1,4.99,2,220.6,19 / 20,3885109,2019-09-06 20:24:50:852,-0.1773,-1.3317,9.7676,0.0224,0.017,9.8066,0.1547,-0.0151,-0.0579,11,-35.69,14.75,63.98,-82.07,-166.48
52.40272,-1.556596,163.1,4.99,2,220.6,19 / 20,3885209,2019-09-06 20:24:50:952,-1.805,-1.0927,9.9899,0.0086,0.0029,9.8066,-0.0379,-0.0367,0.0613,11.38,-34.69,14.44,66.15,-81.95,-166.93
52.40272,-1.556596,163.1,4.99,2,220.6,19 / 20,3885310,2019-09-06 20:24:51:053,-0.4815,-0.112,9.4509,0.0016,0.0043,9.8066,-0.0357,-0.0312,-0.0164,11.5,-36.06,14.75,66.52,-81.84,-166.61
52.40272,-1.556596,163.1,4.99,2,220.6,19 / 20,3885410,2019-09-06 20:24:51:153,-1.2762,0.3637,9.4996,-0.0067,0.001,9.8066,-0.029,0.0048,-0.0601,10.94,-35.5,15.19,63.96,-81.84,-166.53
52.40272,-1.556596,163.1,4.99,2,220.6,19 / 20,3885510,2019-09-06 20:24:51:253,-0.2612,0.9012,9.2827,0.0323,0.0123,9.8065,0.1661,-0.0012,0.1247,10.69,-35.44,15.38,62.82,-82,-167.24
52.40272,-1.556596,163.1,4.99,2,220.6,19 / 20,3885610,2019-09-06 20:24:51:353,-0.4074,0.5444,10.2353,-0.0036,0.0181,9.8066,-0.2243,-0.0127,-0.1735,11.13,-35.94,14.44,66.82,-81.91,-166.83
52.40272,-1.556596,163.1,4.99,2,220.6,19 / 20,3885710,2019-09-06 20:24:51:453,0.633,-0.9927,9.3499,-0.0072,-0.0219,9.8066,-0.0961,0.0702,0.0423,11.19,-35.56,14.56,63.6,-81.92,-167.1
52.40272,-1.556596,163.1,4.99,2,220.6,19 / 20,3885810,2019-09-06 20:24:51:553,-0.8299,0.5174,9.5245,-0.0308,-0.0182,9.8065,0.055,-0.0126,-0.1003,11.13,-35.5,14.5,62.12,-81.79,-168.23
52.40272,-1.556596,163.1,4.99,2,220.6,19 / 20,3885911,2019-09-06 20:24:51:654,0.126,-0.0976,9.8523,0.0099,-0.0009,9.8066,0.0372,0.0149,-0.0808,11.44,-35.62,14.25,64.37,-81.83,-169.17
52.40272,-1.556596,163.1,4.99,2,220.6,19 / 20,3886010,2019-09-06 20:24:51:753,0.3536,0.5163,10.7224,0.0251,0.006,9.8065,-0.0409,-0.0103,-0.0078,11.38,-34.87,14.69,59.92,-81.91,-169.94
52.40272,-1.556596,163.1,4.99,2,220.6,19 / 20,3886110,2019-09-06 20:24:51:853,0.8513,0.3038,10.2959,-0.0114,-0.0071,9.8065,-0.0842,-0.0583,-0.1187,11.19,-35.19,14.94,60.19,-81.65,-170.16
52.40272,-1.556596,163.1,4.99,2,220.6,19 / 20,3886210,2019-09-06 20:24:51:953,0.1059,0.2041,10.3882,0.0165,-0.0026,9.8066,-0.0414,0.022,0.0853,10.81,-35.69,14.5,59.8,-81.68,-170.84
52.40272,-1.556596,163.1,4.99,2,220.6,19 / 20,3886310,2019-09-06 20:24:52:053,-0.3455,0.7178,10.073,-0.0257,-0.0151,9.8065,-0.0338,0.0044,0.0064,11.31,-35.44,14.75,59.03,-81.72,-171.03
52.40272,-1.556596,163.1,4.99,2,220.6,19 / 20,3886409,2019-09-06 20:24:52:152,-1.2367,0.0215,10.3099,-0.0141,-0.0074,9.8065,0.0373,0.0209,0.0269,11.69,-35.75,15,62.24,-81.57,-170.87
52.40272,-1.556596,163.1,4.99,2,220.6,19 / 20,3886510,2019-09-06 20:24:52:253,-0.8584,1.0019,10.0303,-0.019,-0.0178,9.8065,-0.04,-0.1031,0.0707,11.13,-35.94,14.5,59.86,-81.37,-171.35
52.40272,-1.556596,163.1,4.99,2,220.6,19 / 20,3886609,2019-09-06 20:24:52:352,0.2948,-1.1009,9.5785,-0.029,0.0037,9.8066,0.0515,0.0081,-0.0575,11.44,-35,14.38,63.58,-81.29,-170.45
52.40272,-1.556596,163.1,4.99,2,220.6,19 / 20,3886709,2019-09-06 20:24:52:452,-0.0322,0.4351,10.1739,0.0094,-0.0016,9.8066,-0.0253,0.0152,0.1395,11.44,-35.44,14.75,60.65,-81.26,-170.45
52.40272,-1.556596,163.1,4.99,2,220.6,19 / 20,3886809,2019-09-06 20:24:52:552,0.3348,0.4564,10.2201,-0.0164,-0.0063,9.8066,0.151,-0.0292,-0.0568,11,-35,14.5,60.66,-81.17,-170.61
52.40272,-1.556596,163.1,4.99,2,220.6,19 / 20,3886909,2019-09-06 20:24:52:652,0.1103,0.5795,10.3609,0.0057,0.0035,9.8066,0.0879,-0.0302,-0.0826,11.19,-35.75,14.13,66.03,-81.04,-169.28
52.40272,-1.556596,163.1,4.99,2,220.6,19 / 20,3887010,2019-09-06 20:24:52:753,0.9068,-0.4921,9.3766,0.0187,-0.0072,9.8066,-0.1515,-0.0609,0.0465,11.81,-35.56,14.69,64.16,-81.08,-170.08
52.40272,-1.556596,163.1,4.99,2,220.6,19 / 20,3887110,2019-09-06 20:24:52:853,0.1315,0.0974,10.156,-0.0258,-0.0077,9.8066,-0.1254,-0.0115,-0.0409,11.5,-35.56,14.94,65.57,-80.81,-169.37
52.40272,-1.556596,163.1,4.99,2,220.6,19 / 20,3887210,2019-09-06 20:24:52:953,-0.1786,1.1946,9.9201,0.0112,-0.0041,9.8065,-0.0291,0.068,0.0184,11.13,-36.06,14.88,62.95,-80.87,-169.64
52.40272,-1.556596,163.1,4.99,2,220.6,19 / 20,3887309,2019-09-06 20:24:53:052,0.5952,0.659,10.131,-0.0184,-0.0064,9.8066,-0.0468,-0.0141,0.0056,10.94,-35.56,14.75,63.14,-80.78,-169.65
52.40272,-1.556596,163.1,4.99,2,220.6,19 / 20,3887409,2019-09-06 20:24:53:152,0.428,1.0801,10.6733,-0.0026,0.0046,9.8066,-0.0588,-0.0789,-0.0092,11.44,-35.69,14.44,66.81,-80.73,-169.25
52.40272,-1.556596,163.1,4.99,2,220.6,19 / 20,3887510,2019-09-06 20:24:53:253,0.1943,1.068,9.3211,-0.0036,-0.0132,9.8066,0.0519,-0.0504,0.0018,11.19,-35.87,14.88,63.55,-80.73,-169.38
52.40272,-1.556596,163.1,4.99,2,220.6,19 / 20,3887609,2019-09-06 20:24:53:352,-0.0808,0.5281,9.6959,-0.0068,-0.0088,9.8066,-0.0272,-0.0261,-0.0025,10.94,-35.31,14.81,62.52,-80.67,-169.93
52.40272,-1.556596,163.1,4.99,2,220.6,19 / 20,3887712,2019-09-06 20:24:53:455,0.8339,1.4243,9.6527,0.0225,0.0077,9.8065,0.1691,-0.0006,0.0701,10.94,-35.19,14.5,61.55,-80.7,-170.69
52.40272,-1.556596,163.1,4.99,2,220.6,19 / 20,3887809,2019-09-06 20:24:53:552,-1.3717,-0.0604,10.9582,0.018,0.0227,9.8066,0.0219,0.005,-0.062,11.81,-35.37,14.69,63.97,-80.66,-170.57
52.40272,-1.556596,163.1,4.99,2,220.6,19 / 20,3887910,2019-09-06 20:24:53:653,0.0344,-0.0877,9.957,0.0077,0.0009,9.8066,0.1342,-0.0715,-0.0284,11.25,-35.94,14.31,65.43,-80.56,-170.79
52.40272,-1.556596,163.1,4.99,2,220.6,19 / 20,3888010,2019-09-06 20:24:53:753,-0.2035,0.1889,10.7405,0.0111,0.0112,9.8066,-0.124,-0.0578,0.0655,11.69,-36.19,14.69,64.5,-80.69,-170.51
52.40272,-1.556596,163.1,4.99,2,220.6,19 / 20,3888110,2019-09-06 20:24:53:853,1.5127,0.5803,10.5184,-0.0297,-0.0217,9.8066,-0.1122,-0.0109,-0.0061,11.38,-35.75,14,65.58,-80.51,-170.76
52.40272,-1.556596,163.1,4.99,2,220.6,19 / 20,3888210,2019-09-06 20:24:53:953,-0.5814,0.3584,10.242,-0.0035,0.0027,9.8066,0.071,-0.0301,0.0032,11.69,-35.62,14.44,67.54,-80.45,-170.98
52.40272,-1.556596,163.1,4.99,2,220.6,19 / 20,3888310,2019-09-06 20:24:54:053,-0.3699,0.3894,10.5163,-0.0169,-0.0198,9.8066,-0.0136,-0.0131,0.0291,11.75,-35.31,13.69,66.22,-80.29,-171.95
52.40272,-1.556596,163.1,4.99,2,220.6,19 / 20,3888409,2019-09-06 20:24:54:152,1.0469,0.2549,8.7747,-0.0093,-0.0071,9.8065,-0.1136,-0.153,0.0031,12,-35.75,14.13,66.54,-80.38,-172
52.40272,-1.556596,163.1,4.99,2,220.6,19 / 20,3888510,2019-09-06 20:24:54:253,0.9346,-0.1173,8.5765,0.027,0.0214,9.8065,0.0287,0.0626,-0.0249,11.94,-35.5,13.63,65.77,-80.33,-172.24
52.40272,-1.556596,163.1,4.99,2,220.6,19 / 20,3888610,2019-09-06 20:24:54:353,0.0115,1.2425,8.7502,0.0348,0.0097,9.8066,0.1619,0.0174,-0.0127,11.06,-35.44,14.31,63.15,-80.51,-172.33
52.40272,-1.556596,163.1,4.99,2,220.6,19 / 20,3888710,2019-09-06 20:24:54:453,2.4813,-3.3561,11.259,0.0778,0.0799,9.8059,0.2952,0.3431,-0.2022,12,-35.56,13.63,65.24,-80.7,-172.49
52.40272,-1.556596,163.1,4.99,2,220.6,19 / 20,3888809,2019-09-06 20:24:54:552,-1.325,2.4712,11.0728,0.1215,0.0628,9.8057,0.1338,0.1336,-0.039,11.63,-35,14.06,62.8,-80.75,-174.02
52.40272,-1.556596,163.1,4.99,2,220.6,19 / 20,3888910,2019-09-06 20:24:54:653,-0.1936,-0.6337,9.9876,-0.016,0.0184,9.8066,0.4041,0.0832,-0.245,11.69,-34.87,13.88,65.24,-80.21,-172.94
52.40272,-1.556596,163.1,4.99,2,220.6,19 / 20,3889010,2019-09-06 20:24:54:753,0.3322,0.5064,10.6834,0.0479,0.0275,9.8064,-0.1466,-0.023,0.024,11.88,-35.56,13.88,65.75,-80.21,-173.02
52.40272,-1.556596,163.1,4.99,2,220.6,19 / 20,3889110,2019-09-06 20:24:54:853,0.1144,0.4219,10.6802,-0.0439,-0.0218,9.8065,-0.0428,0.0054,-0.0243,11.5,-34.87,14,65.36,-80.28,-172.69
52.40272,-1.556596,163.1,4.99,2,220.6,19 / 20,3889210,2019-09-06 20:24:54:953,0.8504,0.56,10.0641,-0.0093,-0.0169,9.8065,-0.0617,0.0068,-0.0006,11.56,-35.25,13.75,65.11,-80.12,-173.23
52.40272,-1.556596,163.1,4.99,2,220.6,19 / 20,3889310,2019-09-06 20:24:55:053,1.59,0.4571,9.8109,0.009,0.0088,9.8065,-0.0161,0.0296,-0.0507,11.75,-35.5,13.44,68.02,-80.2,-173.41
52.402428,-1.557899,163.29,12.3,3,259.19,19 / 20,3889410,2019-09-06 20:24:55:153,1.7182,0.5103,8.9041,0.0348,0.0094,9.8066,-0.0193,0.0155,-0.016,12,-35.81,14,65.14,-80.05,-173.84
52.402428,-1.557899,163.29,12.3,3,259.19,19 / 20,3889509,2019-09-06 20:24:55:252,1.2747,-0.0711,10.2864,0.029,0.0121,9.8066,-0.1692,0.0429,0.0513,11.81,-35.62,13.81,64.03,-80.19,-174.53
52.402428,-1.557899,163.29,12.3,3,259.19,19 / 20,3889609,2019-09-06 20:24:55:352,3.3888,-2.1418,8.3534,-0.0713,-0.0322,9.8063,-0.4022,0.2038,-0.0583,11.56,-36.12,13.63,65.12,-79.81,-174.35
52.402428,-1.557899,163.29,12.3,3,259.19,19 / 20,3889710,2019-09-06 20:24:55:453,4.0994,0.3742,7.6788,-0.1229,-0.051,9.8057,-0.2656,-0.0217,-0.1414,12.31,-35.69,14.06,66.2,-79.54,-173.95
52.402428,-1.557899,163.29,12.3,3,259.19,19 / 20,3889809,2019-09-06 20:24:55:552,1.2771,4.2827,7.834,-0.0326,-0.0631,9.8064,-0.8809,-0.1605,0.1472,11.5,-35.06,14,65.16,-79.93,-173.55
52.402428,-1.557899,163.29,12.3,3,259.19,19 / 20,3889910,2019-09-06 20:24:55:653,4.8762,-2.9404,8.0012,-0.2031,-0.1217,9.8037,0.3773,-0.1129,0.1241,11.88,-35.06,14.13,64.91,-79.17,-175.22
52.402428,-1.557899,163.29,12.3,3,259.19,19 / 20,3890009,2019-09-06 20:24:55:752,0.3203,2.3477,8.1348,0.1245,0.0492,9.8057,0.0254,-0.2235,0.1624,11.75,-34.81,14.31,62.74,-80.1,-175.28
52.402428,-1.557899,163.29,12.3,3,259.19,19 / 20,3890110,2019-09-06 20:24:55:853,2.8818,0.2994,9.5172,0.0223,0.0242,9.8065,0.0558,0.019,-0.14,12.38,-35.37,14.44,64.03,-79.89,-174.58
52.402428,-1.557899,163.29,12.3,3,259.19,19 / 20,3890210,2019-09-06 20:24:55:953,2.2015,-0.5704,9.4403,0.0118,0.0041,9.8066,0.0515,0.1548,-0.0286,11.81,-35.94,14.38,63.94,-79.98,-174.99
52.402428,-1.557899,163.29,12.3,3,259.19,19 / 20,3890309,2019-09-06 20:24:56:052,1.5948,-0.18,9.9278,0.0043,-0.0083,9.8066,0.035,0.1799,-0.0538,11.75,-35,14.38,62.43,-80.03,-175.68
52.402428,-1.557899,163.29,12.3,3,259.19,19 / 20,3890409,2019-09-06 20:24:56:152,0.8167,-1.3831,10.5839,-0.0276,-0.0113,9.8066,0.009,0.0874,-0.0043,11.5,-35.37,15.13,59.63,-80.01,-175.43
52.402428,-1.557899,163.29,12.3,3,259.19,19 / 20,3890510,2019-09-06 20:24:56:253,1.814,0.1832,9.5096,-0.0263,-0.0225,9.8066,0.014,0.1895,-0.0306,12.25,-34.81,15.44,60.34,-79.74,-175.3
52.402428,-1.557899,163.29,12.3,3,259.19,19 / 20,3890610,2019-09-06 20:24:56:353,2.3765,-0.8876,10.093,0.0109,0.0137,9.8065,0.0525,0.1332,-0.0617,11.69,-35.19,15.31,59.7,-79.89,-175.58
52.402428,-1.557899,163.29,12.3,3,259.19,19 / 20,3890709,2019-09-06 20:24:56:452,2.4151,0.3145,11.225,0.0564,0.0294,9.8063,-0.0167,0.1731,-0.0141,12.13,-34.69,16.06,55.92,-80.07,-175.98
52.402428,-1.557899,163.29,12.3,3,259.19,19 / 20,3890810,2019-09-06 20:24:56:553,1.2333,-0.1949,10.9606,-0.0196,-0.0136,9.8065,0.233,0.0923,-0.0394,12.06,-34.75,15.94,55.52,-80.04,-176.36
52.402428,-1.557899,163.29,12.3,3,259.19,19 / 20,3890910,2019-09-06 20:24:56:653,3.9097,-0.8244,10.0525,0.0578,0.0274,9.8064,-0.0701,0.1084,0.018,11.56,-35,16.88,52.1,-80.13,-176.81
52.402428,-1.557899,163.29,12.3,3,259.19,19 / 20,3891010,2019-09-06 20:24:56:753,1.4044,-3.4143,10.0342,-0.044,-0.0396,9.8065,-0.1078,0.0885,0.0174,11.94,-34.94,17.31,52.54,-79.97,-176.69
52.402428,-1.557899,163.29,12.3,3,259.19,19 / 20,3891112,2019-09-06 20:24:56:855,2.6642,-1.3218,8.7249,-0.0492,-0.0602,9.8063,-0.023,0.2143,-0.0956,12.06,-34.31,16.88,52.65,-79.52,-176.84
52.402428,-1.557899,163.29,12.3,3,259.19,19 / 20,3891210,2019-09-06 20:24:56:953,3.0119,-0.7131,9.2919,0.0389,0.0336,9.8064,-0.1428,0.2142,-0.0581,11.81,-34.37,16.56,52.01,-80,-176.67
52.402428,-1.557899,163.29,12.3,3,259.19,19 / 20,3891310,2019-09-06 20:24:57:053,2.6053,-0.6302,9.3306,-0.0049,0.0059,9.8066,0.1734,0.2538,-0.0273,12,-34.19,17.44,51.42,-80.15,-176.94
52.402428,-1.557899,163.29,12.3,3,259.19,19 / 20,3891410,2019-09-06 20:24:57:153,2.4086,-1.9051,10.1902,0.0541,0.0463,9.8063,0.1141,0.2114,-0.123,11.06,-34.75,18.19,47.03,-80.37,-176.62
52.402428,-1.557899,163.29,12.3,3,259.19,19 / 20,3891510,2019-09-06 20:24:57:253,3.3458,-1.5556,9.736,-0.022,-0.0111,9.8066,-0.0992,0.2289,0.0401,11.81,-34.87,19,47.08,-80.16,-176.95
52.402428,-1.557899,163.29,12.3,3,259.19,19 / 20,3891610,2019-09-06 20:24:57:353,2.3727,-2.1095,10.3741,-0.0002,0.0155,9.8066,-0.0884,0.2438,-0.008,11.13,-33.62,18.5,45.21,-80.31,-176
52.402428,-1.557899,163.29,12.3,3,259.19,19 / 20,3891710,2019-09-06 20:24:57:453,2.9998,-0.6764,9.461,-0.0231,-0.0058,9.8066,-0.0123,0.2939,0.0135,11,-34.12,18.69,46.15,-80.34,-175.21
52.402428,-1.557899,163.29,12.3,3,259.19,19 / 20,3891810,2019-09-06 20:24:57:553,3.7295,-2.0233,9.4534,-0.0138,-0.0158,9.8065,0.0223,0.329,-0.0704,11,-34.12,19.13,46.3,-80.34,-175.09
52.402428,-1.557899,163.29,12.3,3,259.19,19 / 20,3891910,2019-09-06 20:24:57:653,1.9253,-1.2706,9.4024,-0.0011,0.0134,9.8066,-0.0342,0.2307,-0.0512,10.5,-34.25,20.56,42.71,-80.44,-174.69
52.402428,-1.557899,163.29,12.3,3,259.19,19 / 20,3892009,2019-09-06 20:24:57:752,3.1296,-0.5789,10.0929,0.0308,0.0219,9.8066,0.0149,0.2512,-0.003,10.31,-34.12,20.81,40.44,-80.77,-174.19
52.402428,-1.557899,163.29,12.3,3,259.19,19 / 20,3892111,2019-09-06 20:24:57:854,4.5206,0.5885,9.7527,0.0107,0.0303,9.8066,0.2917,0.2306,0.0472,10.13,-34.31,21,40.1,-80.92,-174.31
52.402428,-1.557899,163.29,12.3,3,259.19,19 / 20,3892210,2019-09-06 20:24:57:953,-0.3609,-0.7615,10.2702,-0.071,-0.0624,9.8061,-0.3738,0.4235,-0.0958,9.88,-33.56,21.13,42.09,-81.02,-172.57
52.402428,-1.557899,163.29,12.3,3,259.19,19 / 20,3892310,2019-09-06 20:24:58:053,2.6256,-0.1576,9.2414,-0.0709,-0.1071,9.8057,-0.2376,0.3443,-0.0898,9.5,-33.44,22,40.46,-80.45,-172.88
52.402428,-1.557899,163.29,12.3,3,259.19,19 / 20,3892410,2019-09-06 20:24:58:153,0.0874,4.9664,10.8422,0.0028,0.0574,9.8064,0.114,-0.0953,-0.0261,9.44,-33.81,22.38,38.82,-80.74,-172.14
52.402428,-1.557899,163.29,12.3,3,259.19,19 / 20,3892509,2019-09-06 20:24:58:252,5.2428,-4.4507,10.6174,-0.0003,-0.0936,9.8062,-0.0828,0.0139,0.1796,9,-33.37,22.63,37.91,-80.78,-171.41
52.402428,-1.557899,163.29,12.3,3,259.19,19 / 20,3892609,2019-09-06 20:24:58:352,0.6884,-1.4751,10.7326,-0.0329,-0.0484,9.8064,-0.0112,0.4958,-0.1701,9,-33.62,23.38,36.98,-80.45,-172.71
52.402428,-1.557899,163.29,12.3,3,259.19,19 / 20,3892709,2019-09-06 20:24:58:452,3.5691,-1.3025,9.331,0.0106,0.0014,9.8066,-0.1099,0.3216,-0.0837,9.06,-33.5,23.69,33.91,-80.71,-173.68
52.402428,-1.557899,163.29,12.3,3,259.19,19 / 20,3892810,2019-09-06 20:24:58:553,1.9482,-0.7705,9.2965,-0.0066,-0.0266,9.8065,-0.1773,0.168,-0.0066,8.5,-33.87,24.38,35.78,-80.69,-172.38
52.402428,-1.557899,163.29,12.3,3,259.19,19 / 20,3892910,2019-09-06 20:24:58:653,4.6291,-0.9697,8.8492,-0.0198,-0.0128,9.8066,0.1257,0.1992,0.0613,8.31,-32.87,23.81,33.62,-80.62,-171.96
52.402428,-1.557899,163.29,12.3,3,259.19,19 / 20,3893009,2019-09-06 20:24:58:752,2.2562,-0.7294,9.9969,-0.0099,0.0229,9.8066,0.0605,0.3079,-0.063,8,-33.69,25.06,33.99,-80.71,-170.84
52.402428,-1.557899,163.29,12.3,3,259.19,19 / 20,3893109,2019-09-06 20:24:58:852,2.7693,-1.8016,9.201,-0.0073,-0.0008,9.8066,-0.0032,0.2771,-0.0111,7.63,-33,25.88,33.32,-80.6,-170.42
52.402428,-1.557899,163.29,12.3,3,259.19,19 / 20,3893210,2019-09-06 20:24:58:953,3.0445,-0.3807,9.7692,-0.0085,0.012,9.8066,-0.0027,0.2364,-0.0404,6.88,-33.81,25.19,33.95,-80.6,-168.93
52.402428,-1.557899,163.29,12.3,3,259.19,19 / 20,3893310,2019-09-06 20:24:59:053,3.0696,-0.4685,9.8264,0.0058,0.0238,9.8065,-0.0182,0.2604,-0.027,6.44,-33.56,26.25,30.98,-80.61,-168.52
52.402428,-1.557899,163.29,12.3,3,259.19,19 / 20,3893410,2019-09-06 20:24:59:153,2.6298,-1.1997,9.8165,-0.0007,0.0089,9.8066,0.097,0.2841,-0.0113,6.06,-32.94,26.44,30.79,-80.56,-168.53
52.402428,-1.557899,163.29,12.3,3,259.19,19 / 20,3893509,2019-09-06 20:24:59:252,2.9362,-0.9296,9.5625,0.0025,0.0313,9.8066,-0.1834,0.2706,0.0054,5.69,-33.56,27.19,31.14,-80.73,-167.62
52.402428,-1.557899,163.29,12.3,3,259.19,19 / 20,3893610,2019-09-06 20:24:59:353,2.9091,0.3648,9.7276,-0.0131,-0.021,9.8066,-0.1702,0.2634,-0.0161,5.25,-32.75,27.25,29.19,-80.71,-167.07
52.402428,-1.557899,163.29,12.3,3,259.19,19 / 20,3893710,2019-09-06 20:24:59:453,3.2952,-0.6902,9.9808,0.0018,0.0342,9.8065,0.1643,0.3242,-0.0184,4.56,-33.12,27.31,29.67,-80.73,-166.66
52.402428,-1.557899,163.29,12.3,3,259.19,19 / 20,3893809,2019-09-06 20:24:59:552,3.0896,-0.3992,10.0511,-0.008,0.0179,9.8066,0.1143,0.2017,0.0067,4,-32.62,27.69,27.89,-80.84,-165.54
52.402428,-1.557899,163.29,12.3,3,259.19,19 / 20,3893910,2019-09-06 20:24:59:653,4.2113,-1.4613,9.6723,-0.006,0.0224,9.8066,-0.074,0.1733,0.0545,3.94,-31.94,27.81,28.85,-80.79,-164.62
52.402428,-1.557899,163.29,12.3,3,259.19,19 / 20,3894009,2019-09-06 20:24:59:752,2.4127,-2.2119,8.8123,-0.0116,0.0021,9.8066,-0.0639,0.2853,-0.1642,2.94,-33,27.81,26.75,-80.83,-164.49
52.402428,-1.557899,163.29,12.3,3,259.19,19 / 20,3894110,2019-09-06 20:24:59:853,2.4975,0.013,9.9657,0.0311,-0.0125,9.8066,0.1367,0.2937,-0.091,3.06,-33.12,28.63,24.94,-80.99,-165.53
52.402428,-1.557899,163.29,12.3,3,259.19,19 / 20,3894210,2019-09-06 20:24:59:953,1.8129,-0.3352,10.5391,0.0546,0.0541,9.8063,0.2069,0.3301,-0.0488,3.19,-32.56,28.31,21.56,-81.53,-168.41
52.402428,-1.557899,163.29,12.3,3,259.19,19 / 20,3894309,2019-09-06 20:25:00:052,4.3956,-0.6268,10.6284,0.0111,0.0128,9.8066,0.2284,0.2528,-0.1739,3.13,-32.25,28.31,19.05,-81.48,-170.42
52.402428,-1.557899,163.29,12.3,3,259.19,19 / 20,3894409,2019-09-06 20:25:00:152,2.5752,-0.6429,9.1555,0.0351,-0.0385,9.8064,-0.1761,0.0722,0.0511,2.56,-32.37,28.88,13.43,-81.24,-174.85
52.402428,-1.557899,163.29,12.3,3,259.19,19 / 20,3894510,2019-09-06 20:25:00:253,4.3765,0.4468,9.4741,0.0034,-0.0214,9.8066,0.0132,0.2278,-0.011,2.38,-32.37,28.69,11.02,-81.27,-174.88
52.402428,-1.557899,163.29,12.3,3,259.19,19 / 20,3894610,2019-09-06 20:25:00:353,2.6114,-0.6608,10.1436,-0.0141,0.0209,9.8065,0.0654,0.2518,-0.0704,2.06,-31.56,29.25,8.95,-81.49,-176.54
52.402428,-1.557899,163.29,12.3,3,259.19,19 / 20,3894709,2019-09-06 20:25:00:452,3.9543,-0.9181,10.0332,0.0144,0.0181,9.8066,-0.0135,0.1597,0.1018,1.13,-32,28.81,7.58,-81.6,-175.69
52.402428,-1.557899,163.29,12.3,3,259.19,19 / 20,3894809,2019-09-06 20:25:00:552,2.5696,-0.1914,10.1617,-0.0219,-0.0343,9.8065,-0.0378,0.3151,-0.0987,0.63,-31.75,30.06,8.69,-81.36,-174.7
52.402428,-1.557899,163.29,12.3,3,259.19,19 / 20,3894910,2019-09-06 20:25:00:653,3.4468,0.4062,10.4855,0.0076,-0.0253,9.8066,0.1046,0.1668,-0.0404,0.25,-31.56,29.5,6.03,-81.24,-175.02
52.402428,-1.557899,163.29,12.3,3,259.19,19 / 20,3895010,2019-09-06 20:25:00:753,2.4721,-0.762,9.7724,0.0074,-0.0004,9.8066,0.0972,0.3173,-0.0653,0.25,-31.37,29.81,6.24,-81.02,-174.84
52.402428,-1.557899,163.29,12.3,3,259.19,19 / 20,3895109,2019-09-06 20:25:00:852,0.7845,-1.7886,9.4742,0.007,0.0036,9.8066,-0.0614,0.2795,-0.1388,-0.44,-31.44,30.44,4.84,-80.96,-176
52.402428,-1.557899,163.29,12.3,3,259.19,19 / 20,3895209,2019-09-06 20:25:00:952,3.1132,-0.5127,9.7402,0.0101,0.0298,9.8065,-0.0245,0.2186,-0.0466,-1.19,-31.87,30.56,3.33,-80.95,-175.4
52.402428,-1.557899,163.29,12.3,3,259.19,19 / 20,3895310,2019-09-06 20:25:01:053,2.0979,-0.2041,9.5028,0.0109,0.0225,9.8066,-0.0334,0.2282,-0.0963,0,-32,30.31,4.09,-81.37,-176.61
52.402428,-1.557899,163.29,12.3,3,259.19,19 / 20,3895409,2019-09-06 20:25:01:152,1.6692,-1.0839,9.374,0.0085,-0.0006,9.8066,0.0047,0.2019,0.0057,-0.12,-32.56,30.06,2.92,-81.4,-177.59
52.402428,-1.557899,163.29,12.3,3,259.19,19 / 20,3895510,2019-09-06 20:25:01:253,1.709,-0.4494,9.8353,-0.0137,-0.0001,9.8066,0.0279,0.2327,-0.0781,-1.25,-32.37,30.06,0.92,-81.33,-177.33
52.402428,-1.557899,163.29,12.3,3,259.19,19 / 20,3895609,2019-09-06 20:25:01:352,2.4318,-0.1211,9.7059,0.0039,-0.0068,9.8066,0.0131,0.194,0.0463,-2.12,-32.37,30.63,359.87,-81.26,-176.42
52.402428,-1.557899,163.29,12.3,3,259.19,19 / 20,3895709,2019-09-06 20:25:01:452,1.9878,-0.6475,9.5971,-0.007,-0.0189,9.8066,0.0286,0.1324,-0.0795,-2.37,-32.31,31.25,0.01,-81.27,-176.3
52.402428,-1.557899,163.29,12.3,3,259.19,19 / 20,3895810,2019-09-06 20:25:01:553,1.2529,-0.2398,9.41,0.0001,0.0212,9.8066,0.0187,0.2073,-0.0137,-2.62,-32.75,30.19,358.54,-81.23,-175.49
52.402428,-1.557899,163.29,12.3,3,259.19,19 / 20,3895910,2019-09-06 20:25:01:653,2.9856,-0.2327,10.0658,0.0076,0.0009,9.8066,0.0152,0.1257,-0.0358,-2.87,-32.56,30.5,357.95,-81.3,-176.17
52.402428,-1.557899,163.29,12.3,3,259.19,19 / 20,3896010,2019-09-06 20:25:01:753,2.9356,1.1033,8.8816,-0.0014,0.0146,9.8065,-0.1757,0.1632,-0.0863,-2.37,-32.37,30.19,0.11,-81.37,-176.09
52.402428,-1.557899,163.29,12.3,3,259.19,19 / 20,3896109,2019-09-06 20:25:01:852,0.2639,0.6458,9.7798,0.0004,0.0091,9.8066,0.0487,0.0562,0.0181,-3.37,-32.75,30.31,357.76,-81.41,-176.14
52.402428,-1.557899,163.29,12.3,3,259.19,19 / 20,3896209,2019-09-06 20:25:01:952,2.5241,0.289,10.0804,-0.0011,-0.0198,9.8066,0.007,0.2059,-0.0713,-3.69,-32.62,30.56,356.45,-81.24,-175.58
52.402428,-1.557899,163.29,12.3,3,259.19,19 / 20,3896310,2019-09-06 20:25:02:053,0.9141,-0.6071,9.8859,0.003,-0.0374,9.8065,0.026,0.0608,0.0342,-3.94,-33.12,30.69,356.17,-81.1,-175.81
52.402428,-1.557899,163.29,12.3,3,259.19,18 / 19,3896409,2019-09-06 20:25:02:152,0.6772,-0.8579,9.7434,-0.0165,0.0123,9.8066,0.0305,0.1249,-0.1048,-4.37,-31.81,30.94,357.71,-81.05,-174.54
52.402428,-1.557899,163.29,12.3,3,259.19,18 / 19,3896510,2019-09-06 20:25:02:253,0.8785,-0.9521,9.7218,0.0048,0.0316,9.8065,-0.095,0.0637,0.0833,-4,-32.75,30.13,357.98,-81.31,-174.07
52.402428,-1.557899,163.29,12.3,3,259.19,18 / 19,3896609,2019-09-06 20:25:02:352,0.921,-0.2382,10.1797,-0.0014,-0.0122,9.8066,-0.0703,0.0236,-0.0048,-4.56,-33.12,30.69,355.76,-81.36,-174.36
52.402428,-1.557899,163.29,12.3,3,259.19,18 / 19,3896709,2019-09-06 20:25:02:452,1.2503,0.3035,10.147,0.0036,-0.0212,9.8065,0.0516,-0.0023,0.0346,-4.56,-32.37,31.06,355.98,-81.33,-174.19
52.402428,-1.557899,163.29,12.3,3,259.19,18 / 19,3896809,2019-09-06 20:25:02:552,0.3297,-0.0084,9.8207,0.0099,-0.0303,9.8065,-0.0694,0.0279,0.0214,-4.25,-32.25,31,356.99,-80.93,-175.14
52.402428,-1.557899,163.29,12.3,3,259.19,18 / 19,3896910,2019-09-06 20:25:02:653,0.3429,-0.0762,10.0115,0.0033,-0.0248,9.8066,-0.027,-0.0005,-0.0243,-4.69,-32.31,31,354.81,-80.83,-175.12
52.402428,-1.557899,163.29,12.3,3,259.19,18 / 19,3897010,2019-09-06 20:25:02:753,0.6901,-1.4169,9.7618,0.0049,-0.0084,9.8066,-0.0804,0.0049,0.0225,-4.12,-32.12,31,356.54,-81.01,-175.51
52.402428,-1.557899,163.29,12.3,3,259.19,18 / 19,3897109,2019-09-06 20:25:02:852,0.5813,-0.0059,9.2876,0.0081,-0.0062,9.8066,0.01,-0.0104,0.0626,-4.31,-32.37,30.94,356.15,-81.09,-175.84
52.402428,-1.557899,163.29,12.3,3,259.19,18 / 19,3897210,2019-09-06 20:25:02:953,0.1521,0.3711,9.9748,-0.0041,0.0222,9.8066,0.0662,0.0335,-0.0566,-4.56,-31.69,30.44,353.59,-81.27,-175.86
52.402428,-1.557899,163.29,12.3,3,259.19,18 / 19,3897310,2019-09-06 20:25:03:053,1.2713,-0.1708,10.104,0.0072,0.0118,9.8066,-0.0335,0.0524,0.0054,-4.06,-32,31.13,355.02,-81.12,-176.78
52.402428,-1.557899,163.29,12.3,3,259.19,18 / 19,3897410,2019-09-06 20:25:03:153,0.3982,-0.5112,9.9719,0.0109,-0.04,9.8066,-0.0689,0.0733,0.0071,-4,-32.44,31.25,353.32,-80.76,-178.14
52.402428,-1.557899,163.29,12.3,3,259.19,18 / 19,3897509,2019-09-06 20:25:03:252,0.424,-0.548,9.3807,0.0148,0,9.8065,-0.0623,0.0557,-0.0114,-4,-31.62,30.94,352.47,-80.84,-178.86
52.402428,-1.557899,163.29,12.3,3,259.19,18 / 19,3897610,2019-09-06 20:25:03:353,0.8943,-0.3319,9.6387,0.0015,0.0255,9.8065,-0.0122,-0.0095,-0.0026,-4.44,-32.06,31.25,352.17,-80.92,-179.12
52.402428,-1.557899,163.29,12.3,3,259.19,18 / 19,3897709,2019-09-06 20:25:03:452,0.7126,0.2519,10.3614,-0.0046,0.0023,9.8066,0.0528,0.0974,-0.0733,-4.37,-31.94,30.19,351.87,-80.97,-179.09
52.402428,-1.557899,163.29,12.3,3,259.19,18 / 19,3897810,2019-09-06 20:25:03:553,0.9708,-1.0036,9.8113,-0.0031,-0.0344,9.8065,-0.0361,0.0838,0.0731,-4.56,-32.5,30.63,349.34,-80.63,-179.6
52.402428,-1.557899,163.29,12.3,3,259.19,18 / 19,3897910,2019-09-06 20:25:03:653,0.5883,-0.6291,9.5207,-0.0086,-0.0097,9.8066,0.0538,0.041,0.0005,-4.75,-32.25,31.06,350.32,-80.47,-178.76
52.402428,-1.557899,163.29,12.3,3,259.19,18 / 19,3898010,2019-09-06 20:25:03:753,-0.0398,-0.5546,10.2698,0,0.0549,9.8064,0.0823,-0.0226,0.0368,-5,-31.69,31.13,350.59,-80.73,-178.58
52.402428,-1.557899,163.29,12.3,3,259.19,18 / 19,3898109,2019-09-06 20:25:03:852,0.5706,-1.0417,10.5425,-0.0087,0.0205,9.8066,0.0077,-0.0062,-0.0012,-5.62,-32.5,31.44,348.4,-80.61,-178.58
52.402428,-1.557899,163.29,12.3,3,259.19,18 / 19,3898209,2019-09-06 20:25:03:952,-0.3654,-0.3275,10.7171,0.0008,-0.0401,9.8065,0.0621,0.1253,-0.1103,-4.56,-32.19,30.88,350.24,-80.62,-178.85
52.402428,-1.557899,163.29,12.3,3,259.19,18 / 19,3898310,2019-09-06 20:25:04:053,1.2628,-1.1255,9.4115,0.0165,0.0269,9.8065,-0.1786,0.0661,-0.013,-5.5,-32,30.75,348.77,-80.55,179.95
52.40172,-1.558621,163.68,14.72,3,175.69,18 / 19,3898409,2019-09-06 20:25:04:152,-0.3484,-0.0604,9.5902,0.0143,-0.0285,9.8066,-0.1628,0.0391,0.0414,-4.69,-31.87,30.63,348.85,-80.24,-179.91
52.40172,-1.558621,163.68,14.72,3,175.69,18 / 19,3898510,2019-09-06 20:25:04:253,0.0345,-1.2829,9.1273,0.0069,-0.0205,9.8065,0.0647,0.1265,-0.0435,-5,-32.5,30.63,348.49,-80.36,179.76
52.40172,-1.558621,163.68,14.72,3,175.69,18 / 19,3898610,2019-09-06 20:25:04:353,0.1809,-0.4376,9.4654,-0.0032,0.0156,9.8066,-0.0274,-0.0027,-0.0107,-5.31,-32.5,30.38,348.13,-80.38,179.83
52.40172,-1.558621,163.68,14.72,3,175.69,18 / 19,3898710,2019-09-06 20:25:04:453,1.3785,-0.964,9.8562,-0.0015,0.003,9.8066,-0.0467,-0.0162,0.0812,-4.94,-33.25,30.31,348.29,-80.34,-179.97
52.40172,-1.558621,163.68,14.72,3,175.69,18 / 19,3898810,2019-09-06 20:25:04:553,0.1605,0.0387,9.7327,-0.009,-0.0046,9.8066,-0.026,0.05,0.0441,-5.06,-33.37,30.44,347.64,-80.33,179.51
52.40172,-1.558621,163.68,14.72,3,175.69,18 / 19,3898910,2019-09-06 20:25:04:653,-0.102,0.3404,10.124,-0.0018,-0.0098,9.8066,0.0015,0.0571,-0.0383,-5.37,-33.31,30.69,348.94,-80.28,-179.79
52.40172,-1.558621,163.68,14.72,3,175.69,18 / 19,3899010,2019-09-06 20:25:04:753,0.1153,-1.388,10.1454,0.0046,0.0147,9.8066,0.1268,0.0393,0.0846,-5.31,-33.12,30.75,348.63,-80.17,179.98
52.40172,-1.558621,163.68,14.72,3,175.69,18 / 19,3899110,2019-09-06 20:25:04:853,0.0649,-0.3683,9.8156,0.0081,-0.0273,9.8066,-0.0813,0.1364,-0.0777,-5.69,-32.87,31.38,347.08,-79.98,-179.44
52.40172,-1.558621,163.68,14.72,3,175.69,18 / 19,3899210,2019-09-06 20:25:04:953,-1.1777,-0.2874,9.9601,0.0164,-0.0324,9.8065,-0.0097,-0.0594,0.0674,-5.87,-33,30.88,346.37,-79.71,-179.94
52.40172,-1.558621,163.68,14.72,3,175.69,18 / 19,3899310,2019-09-06 20:25:05:053,-0.0163,-1.2547,9.5198,0.0107,-0.034,9.8065,-0.034,0.0222,0.019,-5.94,-32.81,31.63,346.86,-79.67,-179.94
52.40172,-1.558621,163.68,14.72,3,175.69,17 / 19,3899409,2019-09-06 20:25:05:152,0.6499,0.7622,8.7295,-0.0199,0.0549,9.8064,0.02,-0.0125,0.0831,-5.69,-33.06,30.94,345.93,-79.66,179.72
52.40172,-1.558621,163.68,14.72,3,175.69,17 / 19,3899510,2019-09-06 20:25:05:253,-0.4071,0.1254,10.3454,0.0272,-0.0251,9.8065,0.0788,-0.0084,-0.0486,-6.06,-33.06,31.31,346.45,-80.09,-179.99
52.40172,-1.558621,163.68,14.72,3,175.69,17 / 19,3899610,2019-09-06 20:25:05:353,1.7394,-1.3601,10.3347,0.0159,-0.0254,9.8066,0.0758,0.1164,-0.1028,-6,-32.44,31,344.46,-79.88,178.38
52.40172,-1.558621,163.68,14.72,3,175.69,17 / 19,3899709,2019-09-06 20:25:05:452,0.2639,-2.1604,9.9129,0.0134,-0.0018,9.8065,-0.2275,-0.0395,0.0518,-5.87,-32.62,30.88,343.17,-79.89,177.42
52.40172,-1.558621,163.68,14.72,3,175.69,17 / 19,3899809,2019-09-06 20:25:05:552,0.0337,1.0637,10.0003,0.0037,-0.0042,9.8066,-0.1828,0.0238,-0.0384,-6.31,-32.75,30.63,343.6,-79.97,177.74
52.40172,-1.558621,163.68,14.72,3,175.69,17 / 19,3899910,2019-09-06 20:25:05:653,-0.1805,0.0083,10.3195,0.0167,-0.0062,9.8065,0.155,0.0123,-0.031,-5.94,-33,31.06,342.67,-79.97,176.98
52.40172,-1.558621,163.68,14.72,3,175.69,17 / 19,3900010,2019-09-06 20:25:05:753,-0.1673,-1.4935,10.4858,0.0111,-0.0217,9.8066,-0.0146,0.0311,-0.1232,-5.81,-32.37,30.88,342.14,-79.85,176.5
52.40172,-1.558621,163.68,14.72,3,175.69,17 / 19,3900110,2019-09-06 20:25:05:853,0.5018,0.0553,9.8198,0.0181,-0.0091,9.8065,0.0153,0.0266,-0.0144,-5.69,-32.31,31,340.52,-79.65,175.25
52.40172,-1.558621,163.68,14.72,3,175.69,17 / 19,3900209,2019-09-06 20:25:05:952,-0.2998,-1.1564,9.8783,0.0109,0.0094,9.8065,0.0382,0.0322,0.0193,-5.12,-32.69,30.75,341.6,-79.74,174.43
52.40172,-1.558621,163.68,14.72,3,175.69,17 / 19,3900310,2019-09-06 20:25:06:053,-0.013,-0.5285,9.1196,0.005,0.0043,9.8066,0.0329,0.0472,-0.079,-5.5,-33,30.25,340.28,-79.85,173.73
52.40172,-1.558621,163.68,14.72,3,175.69,19 / 20,3900410,2019-09-06 20:25:06:153,0.0761,0.3217,10.1484,-0.0003,0.0293,9.8065,0.088,0.0366,0.0501,-5.37,-32.31,30.88,341.24,-79.78,174.02
52.40172,-1.558621,163.68,14.72,3,175.69,19 / 20,3900509,2019-09-06 20:25:06:252,-0.5678,0.0653,10.8903,-0.0052,0.0133,9.8066,-0.0368,0.0154,-0.0313,-5.87,-32.31,30.88,338.63,-79.86,173.62
52.40172,-1.558621,163.68,14.72,3,175.69,19 / 20,3900609,2019-09-06 20:25:06:352,0.1691,-1.3359,9.9931,0.029,-0.0291,9.8065,-0.1107,0.0313,-0.0395,-5.75,-31.75,30.56,337.85,-79.41,173.18
52.40172,-1.558621,163.68,14.72,3,175.69,19 / 20,3900709,2019-09-06 20:25:06:452,-0.4977,1.9452,9.8786,0.0257,-0.0441,9.8064,0.0474,0.0475,-0.0859,-5.94,-32.5,31,336.69,-79.29,172.29
52.40172,-1.558621,163.68,14.72,3,175.69,19 / 20,3900810,2019-09-06 20:25:06:553,0.4154,0.2091,9.5502,0.0055,0.0705,9.8063,0.0992,0.0236,-0.0146,-5.37,-32.62,29.94,336.03,-79.76,170.34
52.40172,-1.558621,163.68,14.72,3,175.69,19 / 20,3900910,2019-09-06 20:25:06:653,-0.0886,0.9554,9.07,-0.0062,0.0499,9.8065,-0.0399,0.013,-0.0259,-5.31,-32.44,31.06,335.86,-79.8,169.61
52.40172,-1.558621,163.68,14.72,3,175.69,19 / 20,3901010,2019-09-06 20:25:06:753,-0.0589,-0.8152,9.9545,0.0125,-0.0364,9.8065,-0.0562,0.0464,-0.0279,-5.31,-32.19,30.56,335.78,-79.81,169.54
52.40172,-1.558621,163.68,14.72,3,175.69,19 / 20,3901110,2019-09-06 20:25:06:853,0.6085,2.0166,9.0258,0.0129,-0.0289,9.8066,-0.0053,-0.031,0.0421,-5.5,-32.5,30.38,334.73,-79.63,169.21
52.40172,-1.558621,163.68,14.72,3,175.69,19 / 20,3901209,2019-09-06 20:25:06:952,-0.3732,1.15,9.3226,-0.0085,0.012,9.8066,-0.1443,-0.0024,-0.0601,-5.19,-32.62,29.69,335.26,-79.82,169.68
52.40172,-1.558621,163.68,14.72,3,175.69,19 / 20,3901310,2019-09-06 20:25:07:053,-0.9394,1.3461,9.8336,-0.0012,0.0261,9.8066,0.0637,0.0174,0.009,-5.87,-32.37,30.69,333.05,-80.06,168.91
52.40172,-1.558621,163.68,14.72,3,175.69,18 / 19,3901410,2019-09-06 20:25:07:153,-0.7337,1.661,10.5305,0.0105,-0.0185,9.8066,0.0521,0.0061,-0.0547,-5.31,-32.56,30.38,333.92,-79.91,168.54
52.40172,-1.558621,163.68,14.72,3,175.69,18 / 19,3901510,2019-09-06 20:25:07:253,-0.0792,1.4871,9.9478,0.0126,0.0006,9.8066,0.0728,0.0319,0.0266,-5.31,-32.44,30.63,333.98,-79.81,168.05
52.40172,-1.558621,163.68,14.72,3,175.69,18 / 19,3901609,2019-09-06 20:25:07:352,-0.9197,0.6446,9.5357,0.0014,0.0082,9.8066,-0.0058,0.0095,-0.0235,-5.69,-32.44,29.75,331.4,-79.69,168.26
52.40172,-1.558621,163.68,14.72,3,175.69,18 / 19,3901710,2019-09-06 20:25:07:453,-0.6207,0.9448,9.2262,0.0016,0.0233,9.8065,-0.0134,0.0545,-0.057,-5.25,-32.69,30.31,332.42,-79.87,167.34
52.40172,-1.558621,163.68,14.72,3,175.69,18 / 19,3901810,2019-09-06 20:25:07:553,0.0083,1.3197,8.7965,-0.0007,0.0305,9.8066,-0.0487,0.0397,0.0486,-5.5,-32.94,29.69,331.45,-80.12,166.39
52.40172,-1.558621,163.68,14.72,3,175.69,18 / 19,3901910,2019-09-06 20:25:07:653,-0.0268,0.4912,9.9091,-0.0092,-0.003,9.8066,-0.014,0.0442,-0.0371,-5.87,-32.44,29.81,329.88,-80.15,166.73
52.40172,-1.558621,163.68,14.72,3,175.69,18 / 19,3902010,2019-09-06 20:25:07:753,-0.2703,0.0804,9.8729,-0.0009,0.0047,9.8066,0.0186,0.0131,0.0358,-5.75,-32.44,29.81,329.77,-80.18,166.62
52.40172,-1.558621,163.68,14.72,3,175.69,18 / 19,3902110,2019-09-06 20:25:07:853,-0.0475,1.1639,9.9132,0.005,-0.0113,9.8066,0.1573,-0.0054,0.0161,-6.31,-32.94,29.06,329.1,-80.1,166.83
52.40172,-1.558621,163.68,14.72,3,175.69,18 / 19,3902209,2019-09-06 20:25:07:952,-0.5794,1.1432,9.9126,-0.0135,0.0188,9.8066,0.0805,0.0607,-0.0232,-6.25,-32.75,30.06,330.38,-80.07,167.36
52.40172,-1.558621,163.68,14.72,3,175.69,18 / 19,3902310,2019-09-06 20:25:08:053,-0.7836,0.7375,10.8203,0.0042,-0.0053,9.8066,-0.0474,0.0511,0.012,-6.19,-32.56,30.19,330.99,-80.13,167.82
52.40172,-1.558621,163.68,14.72,3,175.69,18 / 19,3902409,2019-09-06 20:25:08:152,-0.3394,0.02,9.4666,0.0031,-0.0242,9.8066,-0.0163,-0.03,0.0282,-6,-33.12,30.13,331.25,-79.95,168.15
52.40172,-1.558621,163.68,14.72,3,175.69,18 / 19,3902510,2019-09-06 20:25:08:253,-0.848,0.9388,10.1825,-0.0056,-0.0083,9.8066,-0.0464,0.0569,-0.0044,-6.75,-32.56,29.56,329.82,-79.98,168.73
52.40172,-1.558621,163.68,14.72,3,175.69,18 / 19,3902609,2019-09-06 20:25:08:352,-0.1991,1.439,10.0362,0.0033,-0.0083,9.8066,0.0328,0.0005,0.0511,-7,-33.31,29.75,330.08,-80.03,168.92
52.40172,-1.558621,163.68,14.72,3,175.69,18 / 19,3902709,2019-09-06 20:25:08:452,-0.4931,0.8027,9.211,0.0034,0.0047,9.8066,0.0012,0.0295,-0.0376,-6.87,-32.75,29.94,330.06,-80,168.92
52.40172,-1.558621,163.68,14.72,3,175.69,18 / 19,3902810,2019-09-06 20:25:08:553,0.0639,0.9485,9.1393,-0.0161,0.0247,9.8065,-0.0241,0.0429,0.0131,-7.06,-33.25,29.94,330.27,-79.97,169.11
52.40172,-1.558621,163.68,14.72,3,175.69,18 / 19,3902910,2019-09-06 20:25:08:653,-0.5312,0.593,9.5008,-0.0076,0.0338,9.8065,-0.1047,0.041,0.0113,-6.44,-33.19,30,332.62,-80.33,169.05
52.40172,-1.558621,163.68,14.72,3,175.69,18 / 19,3903010,2019-09-06 20:25:08:753,-0.0422,0.6627,9.1601,0.0017,-0.0034,9.8066,-0.104,-0.0016,0.0078,-7.06,-32.75,29.44,329.82,-80.49,169.02
52.40172,-1.558621,163.68,14.72,3,175.69,18 / 19,3903110,2019-09-06 20:25:08:853,-0.7355,1.5436,9.6392,-0.0052,-0.0125,9.8066,0.049,0.0117,0.0143,-7.31,-33.62,29.75,330.95,-80.57,169.47
52.40172,-1.558621,163.68,14.72,3,175.69,18 / 19,3903210,2019-09-06 20:25:08:953,-0.4448,0.6956,10.3525,0.0002,-0.0031,9.8066,0.0449,-0.0198,-0.0007,-6.62,-33.06,29.75,331.31,-80.61,169.6
52.40172,-1.558621,163.68,14.72,3,175.69,18 / 19,3903310,2019-09-06 20:25:09:053,-0.0264,0.2582,10.7038,0.0076,-0.0106,9.8066,0.1665,-0.0295,0.0123,-6.81,-33.12,29.25,330.46,-80.37,169.63
52.40172,-1.558621,163.68,14.72,3,175.69,18 / 19,3903409,2019-09-06 20:25:09:152,0.2956,0.2041,10.1174,-0.0023,-0.0081,9.8066,0.06,0.0357,-0.0343,-7.44,-32.87,30.06,330.75,-80.13,169.41
52.40172,-1.558621,163.68,14.72,3,175.69,18 / 19,3903509,2019-09-06 20:25:09:252,-0.754,0.0108,11.1094,-0.0244,0.0394,9.8065,-0.2032,0.0213,-0.0117,-6.31,-33.12,29.44,332.86,-80.41,169.75
52.40172,-1.558621,163.68,14.72,3,175.69,18 / 19,3903609,2019-09-06 20:25:09:352,-0.7157,0.6242,8.8015,0.0251,-0.0102,9.8065,0.0354,0.0003,0.0586,-6.44,-33.25,29.88,332.45,-80.35,168.91
52.40172,-1.558621,163.68,14.72,3,175.69,18 / 19,3903709,2019-09-06 20:25:09:452,-0.6442,0.4703,7.7405,0.005,-0.0387,9.8065,-0.0823,0.0227,-0.0324,-6.5,-33,29.81,332.41,-80.25,168.93
52.40172,-1.558621,163.68,14.72,3,175.69,18 / 19,3903809,2019-09-06 20:25:09:552,-0.7059,1.3267,9.0961,-0.0094,0.0369,9.8065,-0.0756,0.0003,0.0415,-6.62,-33.06,29.94,330.93,-80.36,169.42
52.40172,-1.558621,163.68,14.72,3,175.69,18 / 19,3903910,2019-09-06 20:25:09:653,-1.0614,0.5496,10.7549,0.0103,-0.0037,9.8066,0.1708,0.0178,-0.0449,-6.69,-33,29.81,330.11,-80.54,168.63
52.40172,-1.558621,163.68,14.72,3,175.69,18 / 19,3904010,2019-09-06 20:25:09:753,-0.0252,0.7634,10.5811,0.0043,0.0339,9.8066,0.1973,-0.0097,0.0037,-6.31,-32,30.06,331.28,-80.56,167.66
52.40172,-1.558621,163.68,14.72,3,175.69,18 / 19,3904109,2019-09-06 20:25:09:852,0.3271,0.2797,11.1445,-0.0186,0.0223,9.8065,-0.1239,-0.0151,0.0022,-6.75,-32.87,29.56,329.47,-80.39,168.19
52.40172,-1.558621,163.68,14.72,3,175.69,18 / 19,3904209,2019-09-06 20:25:09:952,-0.2731,0.9027,8.9946,0.0131,-0.0465,9.8065,-0.1378,0.011,0.0049,-6.87,-32.62,29.44,328.81,-80.07,168.45
52.40172,-1.558621,163.68,14.72,3,175.69,18 / 19,3904310,2019-09-06 20:25:10:053,-0.538,1.2448,9.4179,0.0041,-0.0351,9.8065,0.0456,-0.0058,0.0119,-6.69,-32.87,29.75,330.08,-80.2,168.82
52.40172,-1.558621,163.68,14.72,3,175.69,18 / 19,3904409,2019-09-06 20:25:10:152,0.4387,-0.1016,9.681,-0.008,0.0147,9.8066,-0.0645,-0.0537,0.0395,-6.5,-33.06,29.38,331.42,-80.49,168.51
52.40172,-1.558621,163.68,14.72,3,175.69,18 / 19,3904510,2019-09-06 20:25:10:253,-0.2285,-0.4854,9.6437,0.0077,0.0056,9.8066,-0.0427,0.005,-0.038,-6.94,-32.56,29.69,329.64,-80.44,168.3
52.40172,-1.558621,163.68,14.72,3,175.69,18 / 19,3904610,2019-09-06 20:25:10:353,-0.9122,0.6736,10.068,0.0063,-0.024,9.8066,-0.0749,0.0153,-0.0119,-7.19,-32.62,29.31,328.69,-80.37,168.16
52.40172,-1.558621,163.68,14.72,3,175.69,18 / 19,3904710,2019-09-06 20:25:10:453,-0.87,0.5751,9.6977,0.0124,-0.0065,9.8066,-0.0194,-0.0025,0.0345,-6.81,-33.19,29.38,328.05,-80.44,167.58
52.40172,-1.558621,163.68,14.72,3,175.69,18 / 19,3904810,2019-09-06 20:25:10:553,-0.0709,1.6318,9.2535,-0.0092,0.0281,9.8065,0.2145,-0.0137,-0.0028,-6.62,-33.25,29.38,327.81,-80.33,167.45
52.40172,-1.558621,163.68,14.72,3,175.69,18 / 19,3904910,2019-09-06 20:25:10:653,-0.805,-0.0392,10.4392,-0.0124,0.0359,9.8066,0.1598,-0.0505,-0.0026,-7.06,-33.31,29.44,328.07,-80.44,167.6
52.40172,-1.558621,163.68,14.72,3,175.69,18 / 19,3905010,2019-09-06 20:25:10:753,0.4352,-0.3488,9.8279,0.0089,-0.0385,9.8065,-0.1446,-0.0106,0.033,-7,-32.75,29.13,327.82,-80.06,167.64
52.40172,-1.558621,163.68,14.72,3,175.69,18 / 19,3905110,2019-09-06 20:25:10:853,0.2259,0.7756,9.1765,0.0092,-0.0328,9.8065,-0.113,-0.0251,-0.0129,-6.75,-33.5,29.44,328.29,-80.07,168.02
52.40172,-1.558621,163.68,14.72,3,175.69,18 / 19,3905210,2019-09-06 20:25:10:953,-0.4107,-0.1549,9.5962,-0.0149,0.059,9.8064,-0.0559,0.0231,-0.0119,-6.94,-32.81,29.75,327.91,-80.37,166.89
52.40172,-1.558621,163.68,14.72,3,175.69,18 / 19,3905310,2019-09-06 20:25:11:053,-0.3005,1.0543,9.9018,-0.0039,0.0379,9.8065,-0.0279,-0.0275,-0.0295,-6.81,-32.94,29.5,326.98,-80.43,166.07
52.40172,-1.558621,163.68,14.72,3,175.69,19 / 20,3905409,2019-09-06 20:25:11:152,-1.0024,0.1822,9.4674,0.002,-0.0164,9.8066,-0.0058,0.0581,-0.0125,-6.5,-32.69,29.25,326.93,-80.61,164.69
52.40172,-1.558621,163.68,14.72,3,175.69,19 / 20,3905509,2019-09-06 20:25:11:252,-0.0219,1.0772,10.1231,0.0062,-0.028,9.8066,-0.1259,0.0127,-0.0057,-6.31,-33.31,29.69,328.09,-80.45,165.2
52.40172,-1.558621,163.68,14.72,3,175.69,19 / 20,3905610,2019-09-06 20:25:11:353,-0.9115,0.1312,10.7426,0.0007,-0.0234,9.8065,0.0052,0.0404,-0.0189,-6.5,-32.87,30.25,328.52,-80.32,165.66
52.40172,-1.558621,163.68,14.72,3,175.69,19 / 20,3905710,2019-09-06 20:25:11:453,-0.7006,-0.1756,10.6182,-0.0135,-0.0022,9.8066,0.0892,-0.0225,0.0614,-6.75,-33.12,29.88,327.36,-80.29,166.49
52.40172,-1.558621,163.68,14.72,3,175.69,19 / 20,3905810,2019-09-06 20:25:11:553,0.1114,0.1779,9.0215,-0.008,0.0177,9.8066,0.0237,-0.0025,-0.0035,-6.75,-32.94,29.69,327.82,-80.25,166.89
52.40172,-1.558621,163.68,14.72,3,175.69,19 / 20,3905909,2019-09-06 20:25:11:652,-1.0472,1.9331,8.8761,0.0016,-0.0055,9.8066,-0.2236,0.0239,0.018,-6.37,-33.37,29.44,329.59,-80.23,167.16
52.40172,-1.558621,163.68,14.72,3,175.69,19 / 20,3906010,2019-09-06 20:25:11:753,-0.7127,0.9639,10.1044,-0.0083,0.0593,9.8064,0.1653,-0.0034,-0.0338,-7.06,-32.75,28.63,326.34,-80.32,166.23
52.40172,-1.558621,163.68,14.72,3,175.69,19 / 20,3906110,2019-09-06 20:25:11:853,0.4208,-0.8876,10.2419,-0.0195,0.0584,9.8064,0.3091,-0.0518,0.0545,-6.56,-32.75,29.63,325.82,-80.69,164.92
52.40172,-1.558621,163.68,14.72,3,175.69,19 / 20,3906209,2019-09-06 20:25:11:952,-0.2669,1.0057,9.8828,0.0169,-0.0436,9.8065,0.1437,0.0442,-0.0668,-6.69,-33.37,28.94,325.43,-80.15,165.59
52.40172,-1.558621,163.68,14.72,3,175.69,19 / 20,3906309,2019-09-06 20:25:12:052,0.3838,0.0385,9.421,0.0074,-0.0349,9.8065,0.0019,0.0318,0.0576,-6.62,-33.06,29.44,325.97,-80.09,166.08
52.40172,-1.558621,163.68,14.72,3,175.69,19 / 20,3906410,2019-09-06 20:25:12:153,0.1008,0.9366,8.604,-0.0124,0.0336,9.8065,-0.0408,0.033,-0.0173,-7,-33.75,28.94,325.64,-80.44,165.75
52.40172,-1.558621,163.68,14.72,3,175.69,19 / 20,3906510,2019-09-06 20:25:12:253,-0.4748,0.8185,9.6573,-0.0078,-0.0025,9.8066,-0.0484,0.0557,-0.0133,-6.56,-33.12,28.63,326.2,-80.54,165.96
52.40172,-1.558621,163.68,14.72,3,175.69,19 / 20,3906610,2019-09-06 20:25:12:353,-0.0253,0.862,9.5551,0.0069,0.0021,9.8066,-0.0317,0.107,-0.0396,-5.87,-33.87,29.31,327.88,-80.61,165.66
52.40172,-1.558621,163.68,14.72,3,175.69,19 / 20,3906710,2019-09-06 20:25:12:453,-0.6102,-0.1601,10.891,-0.0065,0.004,9.8066,0.0653,0.0154,0.039,-6.62,-33.62,29.06,325.12,-80.59,165.19
52.40172,-1.558621,163.68,14.72,3,175.69,19 / 20,3906810,2019-09-06 20:25:12:553,-0.1111,0.1715,10.0466,0.017,-0.0255,9.8065,-0.1479,0.0311,-0.0452,-6.62,-33.12,29.44,325.21,-80.4,165.23
52.40172,-1.558621,163.68,14.72,3,175.69,19 / 20,3906910,2019-09-06 20:25:12:653,0.0035,0.9984,8.7701,0.007,-0.0375,9.8066,-0.254,0.0229,0.0435,-6.87,-33.5,29.38,325.39,-80.42,165.37
52.40172,-1.558621,163.68,14.72,3,175.69,19 / 20,3907010,2019-09-06 20:25:12:753,-0.6874,1.0632,10.4329,-0.0234,0.0273,9.8065,0.0828,0.0376,0.0337,-6.62,-33.44,29,327.01,-80.95,166.37
52.40172,-1.558621,163.68,14.72,3,175.69,19 / 20,3907110,2019-09-06 20:25:12:853,-0.3933,1.5702,10.3886,-0.0203,0.0307,9.8065,0.1362,0.0042,0.0134,-6.69,-33.31,29.56,328.46,-81.06,166.92
52.40172,-1.558621,163.68,14.72,3,175.69,19 / 20,3907210,2019-09-06 20:25:12:953,-0.1636,0.6738,10.7765,-0.008,-0.0098,9.8066,0.1787,-0.0536,0.0602,-7.12,-33.25,29.19,328.28,-80.65,167.63
52.40172,-1.558621,163.68,14.72,3,175.69,19 / 20,3907310,2019-09-06 20:25:13:053,-0.1789,-0.9822,9.9993,-0.0065,-0.0096,9.8065,0.0234,-0.0125,0.04,-7.06,-33.12,29.56,330.93,-80.33,169.44
52.400414,-1.558256,163.54,16.83,3,165.77,19 / 20,3907409,2019-09-06 20:25:13:152,0.3546,1.4305,9.131,-0.0114,0.0266,9.8065,-0.0544,-0.0108,0.0514,-7.87,-32.94,29.56,329.37,-80.39,169.86
52.400414,-1.558256,163.54,16.83,3,165.77,19 / 20,3907510,2019-09-06 20:25:13:253,0.0183,1.1218,9.4204,-0.0161,0.0362,9.8065,-0.0255,0.069,-0.0748,-7.94,-33.44,28.63,328.79,-80.94,169.68
52.400414,-1.558256,163.54,16.83,3,165.77,19 / 20,3907609,2019-09-06 20:25:13:352,0.2778,0.5929,8.9899,0.0017,0.0177,9.8066,-0.0616,0.0346,0.031,-7.87,-33.75,29.19,327.81,-80.97,168.99
52.400414,-1.558256,163.54,16.83,3,165.77,19 / 20,3907709,2019-09-06 20:25:13:452,0.1576,0.3624,9.6822,0.0121,-0.0527,9.8065,-0.0865,0.0697,0.0124,-7.75,-32.87,28.88,328.3,-80.7,169.42
52.400414,-1.558256,163.54,16.83,3,165.77,19 / 20,3907809,2019-09-06 20:25:13:552,-0.8551,1.0617,10.0003,0.0061,-0.0533,9.8064,0.1499,0.0325,-0.0506,-7.44,-32.87,29.69,331.98,-80.62,170.15
52.400414,-1.558256,163.54,16.83,3,165.77,19 / 20,3907909,2019-09-06 20:25:13:652,-0.3203,-0.1823,9.8149,-0.0077,0.0207,9.8065,0.0572,0.005,0.0165,-7.31,-33.19,29,331.2,-80.49,170.17
52.400414,-1.558256,163.54,16.83,3,165.77,19 / 20,3908010,2019-09-06 20:25:13:753,-0.361,1.1113,10.4436,-0.0068,0.027,9.8066,0.008,0.0189,-0.0047,-8.44,-32.12,29.63,329.53,-80.74,169.63
52.400414,-1.558256,163.54,16.83,3,165.77,19 / 20,3908110,2019-09-06 20:25:13:853,-0.1278,0.5205,10.1257,0.0047,-0.0081,9.8066,0.018,0.0095,0.0054,-7.81,-32.5,29.25,328.9,-80.8,169.71
52.400414,-1.558256,163.54,16.83,3,165.77,19 / 20,3908210,2019-09-06 20:25:13:953,0.204,-0.2289,9.095,0.0026,-0.0234,9.8066,0.0405,0.0345,0.0378,-8,-33.44,28.88,329.2,-80.81,170.12
52.400414,-1.558256,163.54,16.83,3,165.77,19 / 20,3908311,2019-09-06 20:25:14:054,0.1635,0.8997,9.202,-0.0311,0.0319,9.8065,0.0362,-0.0102,0.0827,-7.81,-33.5,29.38,331.67,-81.09,172.02
52.400414,-1.558256,163.54,16.83,3,165.77,19 / 20,3908410,2019-09-06 20:25:14:153,-0.4893,0.0185,10.3806,-0.0208,0.0084,9.8066,0.0445,0.0078,-0.0165,-8,-33.56,29.25,333.13,-81.09,173.38
52.400414,-1.558256,163.54,16.83,3,165.77,19 / 20,3908509,2019-09-06 20:25:14:252,-0.3141,0.804,10.2046,0.0044,-0.0033,9.8066,0.0878,0.025,0.0367,-8.19,-33.31,29,333.84,-80.9,173.95
52.400414,-1.558256,163.54,16.83,3,165.77,19 / 20,3908610,2019-09-06 20:25:14:353,-0.7166,-0.2429,10.4294,-0.0068,-0.0074,9.8066,-0.111,0.0078,-0.0166,-8.19,-33.19,29.19,334.39,-80.77,174.48
52.400414,-1.558256,163.54,16.83,3,165.77,19 / 20,3908710,2019-09-06 20:25:14:453,0.1947,0.5542,9.9692,0.014,-0.0085,9.8066,-0.1221,0.0556,-0.0466,-8.12,-33.19,29.38,333.98,-80.63,174.21
52.400414,-1.558256,163.54,16.83,3,165.77,19 / 20,3908809,2019-09-06 20:25:14:552,-0.3876,0.0864,9.6846,0.0138,-0.0071,9.8066,-0.0121,-0.0133,-0.0467,-8.25,-33.37,29.44,332.92,-80.59,173.35
52.400414,-1.558256,163.54,16.83,3,165.77,19 / 20,3908910,2019-09-06 20:25:14:653,0.5703,0.3807,8.8574,0.0111,-0.0026,9.8065,-0.1134,0.0477,-0.0709,-7.75,-33,29.25,331.83,-80.7,172.38
52.400414,-1.558256,163.54,16.83,3,165.77,19 / 20,3909010,2019-09-06 20:25:14:753,-0.2636,0.7431,9.2257,0.0132,0.0029,9.8066,-0.016,0.0217,-0.0204,-7.87,-33.31,29.63,330.72,-80.84,170.72
52.400414,-1.558256,163.54,16.83,3,165.77,19 / 20,3909110,2019-09-06 20:25:14:853,-0.8358,0.42,9.5601,0.003,0.0034,9.8065,-0.0499,0.0045,-0.0557,-8,-33.56,29.25,329.12,-81.1,170.02
52.400414,-1.558256,163.54,16.83,3,165.77,19 / 20,3909210,2019-09-06 20:25:14:953,-0.4759,-0.0724,10.1197,-0.0016,0.0161,9.8066,-0.0093,0.0289,0.006,-7.75,-33.62,28.88,328.19,-81.19,169.17
52.400414,-1.558256,163.54,16.83,3,165.77,19 / 20,3909311,2019-09-06 20:25:15:054,-0.4151,0.3071,10.4366,-0.0089,-0.0035,9.8066,0.0631,-0.0338,0.0426,-7.75,-33,28.81,328.88,-81.19,169.6
52.400414,-1.558256,163.54,16.83,3,165.77,19 / 20,3909410,2019-09-06 20:25:15:153,-0.5054,-0.6897,10.616,-0.0213,0.0275,9.8065,-0.1541,0.0366,-0.0254,-7.94,-33.87,29.31,329.78,-81.34,170.42
52.400414,-1.558256,163.54,16.83,3,165.77,19 / 20,3909510,2019-09-06 20:25:15:253,-0.4322,0.5704,9.9093,0.0006,-0.0059,9.8066,-0.0229,0.052,0.0608,-8.12,-33.69,28.88,329.96,-81.35,170.56
52.400414,-1.558256,163.54,16.83,3,165.77,19 / 20,3909609,2019-09-06 20:25:15:352,-0.354,0.0742,10.503,-0.0045,-0.008,9.8066,0.058,-0.0061,-0.0697,-8.12,-33.81,29.13,330.69,-81.29,171.21
52.400414,-1.558256,163.54,16.83,3,165.77,19 / 20,3909710,2019-09-06 20:25:15:453,-0.4518,0.4771,10.1328,-0.0004,0.0143,9.8066,0.1042,-0.0009,0.0221,-8.25,-33.12,29,331.02,-81.22,171.39
52.400414,-1.558256,163.54,16.83,3,165.77,19 / 20,3909809,2019-09-06 20:25:15:552,-0.3509,-0.1267,9.4397,-0.0124,0.0212,9.8066,0.0324,0.0249,-0.0078,-8.81,-33.37,28.94,329.17,-81.21,171.6
52.400414,-1.558256,163.54,16.83,3,165.77,19 / 20,3909909,2019-09-06 20:25:15:652,-0.2481,1.103,9.0994,0.0006,0.0042,9.8066,-0.0818,0.0183,0.0304,-8.44,-33.19,29.38,331.84,-81.19,172.1
52.400414,-1.558256,163.54,16.83,3,165.77,19 / 20,3910010,2019-09-06 20:25:15:753,-1.0981,0.7713,9.7063,-0.0035,0.0077,9.8066,0.1233,-0.0252,-0.0303,-9,-33.12,28.75,330.1,-81.22,172.39
52.400414,-1.558256,163.54,16.83,3,165.77,19 / 20,3910110,2019-09-06 20:25:15:853,-0.2547,0.8236,9.9233,0.0066,0.0311,9.8065,0.283,0.0359,0.0033,-8.31,-33.75,27.88,330.23,-81.28,171.51
52.400414,-1.558256,163.54,16.83,3,165.77,19 / 20,3910210,2019-09-06 20:25:15:953,0.5233,0.7198,8.9721,0.0298,-0.0237,9.8065,-0.1632,-0.0307,-0.017,-7.94,-36.37,29.13,329.92,-80.86,171.14
52.400414,-1.558256,163.54,16.83,3,165.77,19 / 20,3910310,2019-09-06 20:25:16:053,-0.0757,2.154,9.4892,-0.0182,0.0726,9.8063,-0.2428,0.0758,-0.0913,-8.19,-35.31,30.81,330.69,-80.86,170.37
52.400414,-1.558256,163.54,16.83,3,165.77,18 / 19,3910410,2019-09-06 20:25:16:153,-2.1297,0.8361,10.0767,-0.0036,0.0355,9.8065,0.0746,0.0521,-0.065,-7.87,-34.37,30.13,329.74,-81.14,169.86
52.400414,-1.558256,163.54,16.83,3,165.77,18 / 19,3910510,2019-09-06 20:25:16:253,0.5724,0.8543,9.385,0.0001,0.0215,9.8066,-0.025,0.021,-0.0342,-8.19,-33.56,29.38,326.96,-81.27,168.08
52.400414,-1.558256,163.54,16.83,3,165.77,18 / 19,3910609,2019-09-06 20:25:16:352,-0.9583,1.1391,10.0615,-0.0003,0.0079,9.8066,0.0646,0.079,-0.0455,-8.25,-33.44,29.63,327.82,-81.21,168.03
52.400414,-1.558256,163.54,16.83,3,165.77,18 / 19,3910709,2019-09-06 20:25:16:452,-0.8497,-0.3937,10.765,-0.0145,0.0285,9.8066,0.0489,-0.0248,0.0132,-8.19,-33.12,30.06,327.43,-81.3,167.65
52.400414,-1.558256,163.54,16.83,3,165.77,18 / 19,3910810,2019-09-06 20:25:16:553,0.1547,-0.2233,9.75,0.0139,-0.0351,9.8066,0.1151,0.0366,-0.0203,-8.19,-33.69,29.31,326.23,-81.08,167.58
52.400414,-1.558256,163.54,16.83,3,165.77,18 / 19,3910910,2019-09-06 20:25:16:653,-1.2253,-0.1286,9.7388,-0.0155,0.0126,9.8066,-0.0234,-0.0554,0.0717,-8.25,-33.19,29.63,327.75,-81.15,168.01
52.400414,-1.558256,163.54,16.83,3,165.77,18 / 19,3911009,2019-09-06 20:25:16:752,-0.117,0,10.4743,0.0084,-0.0029,9.8066,-0.1142,-0.0005,-0.0585,-8.06,-33.5,29.19,326.89,-81.3,167.84
52.400414,-1.558256,163.54,16.83,3,165.77,18 / 19,3911109,2019-09-06 20:25:16:852,-1.0338,0.3917,9.4658,0.0073,-0.0006,9.8066,-0.1193,-0.0319,0.0424,-7.56,-33.75,29.13,325.86,-81.31,167.1
52.400414,-1.558256,163.54,16.83,3,165.77,18 / 19,3911210,2019-09-06 20:25:16:953,-0.9259,1.8187,8.9543,-0.0206,0.0458,9.8065,0.1488,0.0101,0.0151,-7.69,-33.94,28.69,325.52,-81.55,166.65
52.400414,-1.558256,163.54,16.83,3,165.77,18 / 19,3911311,2019-09-06 20:25:17:054,-0.8418,1.1373,9.3583,-0.0039,0.0299,9.8065,0.1013,-0.0144,-0.0327,-7.37,-33.87,29.25,326.93,-81.58,166.03
52.400414,-1.558256,163.54,16.83,3,165.77,18 / 19,3911410,2019-09-06 20:25:17:153,-0.1595,0.2416,10.8303,-0.0036,0.0156,9.8065,0.0421,-0.0891,0.08,-7.5,-33.5,29.13,327.25,-81.59,166.14
52.400414,-1.558256,163.54,16.83,3,165.77,18 / 19,3911509,2019-09-06 20:25:17:252,-0.5219,0.1961,10.4504,-0.0017,0.012,9.8066,-0.0271,0.0128,0.0125,-7.44,-33.94,29.38,327.46,-81.43,166.59
52.400414,-1.558256,163.54,16.83,3,165.77,18 / 19,3911609,2019-09-06 20:25:17:352,-0.9518,0.7636,10.2574,0.0038,-0.0311,9.8066,0.0196,-0.0426,0.0125,-7.87,-33.62,29.38,326.21,-81.27,167.43
52.400414,-1.558256,163.54,16.83,3,165.77,18 / 19,3911709,2019-09-06 20:25:17:452,-1.0324,-0.147,8.9451,0.0056,-0.0252,9.8066,-0.0233,-0.0725,0.0338,-8,-33.56,29.56,327.74,-81.14,168.16
52.400414,-1.558256,163.54,16.83,3,165.77,18 / 19,3911809,2019-09-06 20:25:17:552,-0.2001,0.4467,10.0351,-0.0217,0.0307,9.8065,0.012,0.0363,-0.0148,-8.25,-33.25,29.5,328.73,-81.6,168.57
52.400414,-1.558256,163.54,16.83,3,165.77,18 / 19,3911910,2019-09-06 20:25:17:653,-0.0597,0.1042,10.2573,-0.0017,0.0206,9.8065,0.0384,0.0182,-0.0402,-7.94,-33.81,29.69,328.59,-81.67,168.55
52.400414,-1.558256,163.54,16.83,3,165.77,18 / 19,3912010,2019-09-06 20:25:17:753,0.6387,0.7779,8.7174,0.0144,-0.0267,9.8066,0.0064,-0.057,0.0423,-8.06,-33.44,29.63,327.48,-81.27,167.71
52.400414,-1.558256,163.54,16.83,3,165.77,18 / 19,3912110,2019-09-06 20:25:17:853,-0.1926,0.7306,8.8684,0.0082,-0.0384,9.8066,-0.0889,0.0548,-0.019,-8,-33.44,29.19,327.19,-81.2,168.15
52.400414,-1.558256,163.54,16.83,3,165.77,18 / 19,3912210,2019-09-06 20:25:17:953,-1.4808,0.1694,10.3967,-0.017,0.0313,9.8065,-0.0463,0.0406,-0.0293,-8.12,-33.5,29.25,327.87,-81.43,168.58
52.400414,-1.558256,163.54,16.83,3,165.77,18 / 19,3912310,2019-09-06 20:25:18:053,-0.4781,0.8124,10.2577,0.0024,-0.0038,9.8066,0.0007,0.0189,-0.0393,-8.12,-33.31,29.69,328.29,-81.63,168.18
52.400414,-1.558256,163.54,16.83,3,165.77,19 / 20,3912409,2019-09-06 20:25:18:152,-0.0705,-0.48,10.1111,-0.003,-0.006,9.8066,-0.0449,0.0242,0.0324,-7.81,-33.19,29.56,328.57,-81.59,168.44
52.400414,-1.558256,163.54,16.83,3,165.77,19 / 20,3912510,2019-09-06 20:25:18:253,-0.3616,0.4272,10.3254,0.003,-0.012,9.8066,0.0437,-0.0205,0.014,-8.25,-32.62,29.44,328.12,-81.59,168.7
52.400414,-1.558256,163.54,16.83,3,165.77,19 / 20,3912609,2019-09-06 20:25:18:352,-1.0258,0.9578,10.4909,0.0017,-0.019,9.8065,0.0878,-0.0244,0.0159,-8.31,-32.87,29.63,329.18,-81.47,169.04
52.400414,-1.558256,163.54,16.83,3,165.77,19 / 20,3912709,2019-09-06 20:25:18:452,-1.0264,0.5053,10.3928,0.0045,-0.0011,9.8066,0.0975,-0.05,0.0006,-8,-33.37,29.5,329.14,-81.45,169.02
52.400414,-1.558256,163.54,16.83,3,165.77,19 / 20,3912810,2019-09-06 20:25:18:553,-0.1531,0.1175,9.8044,-0.001,-0.001,9.8066,-0.0972,-0.0397,0.0061,-8.5,-32.75,29.63,328.82,-81.39,168.78
52.400414,-1.558256,163.54,16.83,3,165.77,19 / 20,3912910,2019-09-06 20:25:18:653,-0.3136,0.7011,9.3008,0.0024,0.0197,9.8066,-0.0692,0.0187,-0.0055,-8.31,-33,28.69,327.55,-81.52,168.25
52.400414,-1.558256,163.54,16.83,3,165.77,19 / 20,3913009,2019-09-06 20:25:18:752,-0.2602,0.7677,9.6978,-0.0035,0.0147,9.8066,0.0576,-0.0076,0.0101,-8.75,-33.31,29.63,325.9,-81.72,167.77
52.400414,-1.558256,163.54,16.83,3,165.77,19 / 20,3913109,2019-09-06 20:25:18:852,-0.1336,0.8967,9.6477,0.0001,0.0045,9.8066,0.0112,0.0123,-0.0044,-8.19,-33.37,29,327.08,-81.65,167.76
52.400414,-1.558256,163.54,16.83,3,165.77,19 / 20,3913210,2019-09-06 20:25:18:953,0.4446,-0.3269,10.2073,-0.009,0.0108,9.8066,0.0528,0.0438,-0.0068,-8,-33.06,29,327.63,-81.6,168.27
52.400414,-1.558256,163.54,16.83,3,165.77,19 / 20,3913309,2019-09-06 20:25:19:052,-0.3096,-0.4868,9.7648,-0.0245,0.0264,9.8066,0.0367,-0.0079,0.0364,-7.5,-32.94,28.94,330.66,-81.63,169.03
52.400414,-1.558256,163.54,16.83,3,165.77,19 / 20,3913410,2019-09-06 20:25:19:153,-0.2739,0.7474,9.2299,0.0064,-0.0074,9.8066,-0.0247,0.0067,-0.0285,-8.12,-33.25,28.81,328.09,-81.6,168.66
52.400414,-1.558256,163.54,16.83,3,165.77,19 / 20,3913510,2019-09-06 20:25:19:253,-0.7649,-0.0261,9.4729,-0.0079,0.0164,9.8066,-0.0237,0.0286,0.0082,-7.81,-33.37,29.25,327.86,-81.64,168.44
52.400414,-1.558256,163.54,16.83,3,165.77,19 / 20,3913609,2019-09-06 20:25:19:352,-0.0034,1.1816,9.9,0.0023,0.0069,9.8066,0.0191,0.0016,-0.0263,-8.06,-33.31,29.75,328.23,-81.83,168
52.400414,-1.558256,163.54,16.83,3,165.77,19 / 20,3913710,2019-09-06 20:25:19:453,-0.4695,-0.0189,10.1302,0.0031,0.0069,9.8066,0.043,0.0062,-0.045,-7.75,-32.87,29.06,326.45,-81.86,167.08
52.400414,-1.558256,163.54,16.83,3,165.77,19 / 20,3913810,2019-09-06 20:25:19:553,-0.6223,-0.3404,10.2329,0.0141,-0.0192,9.8066,-0.001,0.0516,-0.0528,-7.94,-33.44,29.5,326.69,-81.76,166.7
52.400414,-1.558256,163.54,16.83,3,165.77,19 / 20,3913910,2019-09-06 20:25:19:653,-0.7236,-0.4636,10.0471,-0.0117,0.0146,9.8066,-0.0123,-0.0468,0.0503,-7.56,-33.12,29.13,325.71,-81.72,166.53
52.400414,-1.558256,163.54,16.83,3,165.77,19 / 20,3914010,2019-09-06 20:25:19:753,-0.7368,-0.1674,9.7052,-0.0032,-0.0011,9.8066,-0.1214,0.0346,0.0169,-8.37,-33.12,29.56,326.85,-81.66,166.91
52.400414,-1.558256,163.54,16.83,3,165.77,19 / 20,3914109,2019-09-06 20:25:19:852,-0.7439,0.6378,10.3665,0.0035,-0.0293,9.8066,-0.0974,0.0106,0.026,-7.94,-32.81,29.31,327.25,-81.68,167.89
52.400414,-1.558256,163.54,16.83,3,165.77,19 / 20,3914209,2019-09-06 20:25:19:952,-0.7458,-0.2951,10.2247,-0.0051,0.0173,9.8066,0.176,0.0128,-0.0548,-7.94,-33,29.13,326.99,-81.72,167.64
52.400414,-1.558256,163.54,16.83,3,165.77,19 / 20,3914310,2019-09-06 20:25:20:053,-0.0513,-0.3809,9.5926,0.006,0.009,9.8066,-0.0002,-0.0369,0.0105,-8,-33.06,29.25,326.45,-81.46,167.35
52.400414,-1.558256,163.54,16.83,3,165.77,19 / 20,3914410,2019-09-06 20:25:20:153,-1.1931,0.8206,10.5151,0.0102,-0.0061,9.8066,-0.1593,0.0199,-0.0149,-7.56,-34.06,29,325.58,-81.65,166.63
52.400414,-1.558256,163.54,16.83,3,165.77,19 / 20,3914509,2019-09-06 20:25:20:252,-0.475,2.1245,9.0893,0.0001,0.001,9.8066,-0.1466,0.0431,-0.0082,-7.56,-33.37,29.31,325.04,-81.75,165.94
52.400414,-1.558256,163.54,16.83,3,165.77,19 / 20,3914610,2019-09-06 20:25:20:353,-0.9183,0.5128,9.958,-0.0163,0.0189,9.8065,0.1425,0.0125,0.0434,-8.06,-33.44,28.69,325.76,-81.9,166.46
52.400414,-1.558256,163.54,16.83,3,165.77,19 / 20,3914710,2019-09-06 20:25:20:453,-0.0336,-0.5096,9.8317,-0.0176,0.0216,9.8065,0.0964,0.0159,0.0445,-8.69,-32.69,28.81,325.15,-81.9,167.69
52.400414,-1.558256,163.54,16.83,3,165.77,19 / 20,3914809,2019-09-06 20:25:20:552,1.5575,-0.6538,9.0364,-0.0059,0.0178,9.8066,0.1446,-0.0333,0.0128,-8.44,-33.19,29.06,327.67,-81.71,168.23
52.400414,-1.558256,163.54,16.83,3,165.77,19 / 20,3914909,2019-09-06 20:25:20:652,-0.313,-0.1404,10.4953,0.0001,-0.0267,9.8066,-0.1837,0.0365,-0.0131,-8.25,-33.06,28.88,328.72,-81.51,169.26
52.400414,-1.558256,163.54,16.83,3,165.77,19 / 20,3915009,2019-09-06 20:25:20:752,-1.9765,0.155,11.3856,0.0086,-0.0297,9.8066,0.0833,0.1104,-0.0748,-8.69,-32.75,29.25,327.25,-81.83,169.56
52.400414,-1.558256,163.54,16.83,3,165.77,19 / 20,3915109,2019-09-06 20:25:20:852,0.2282,-0.3859,10.5355,0.018,-0.0286,9.8065,0.01,-0.0213,0.035,-8.12,-32.5,29.5,329.68,-81.37,169.38
52.400414,-1.558256,163.54,16.83,3,165.77,19 / 20,3915210,2019-09-06 20:25:20:953,-0.251,0.1869,10.468,-0.0104,0.0173,9.8066,0.1775,0.033,-0.0327,-8.56,-33,29.63,327.25,-81.21,169.27
52.400414,-1.558256,163.54,16.83,3,165.77,19 / 20,3915310,2019-09-06 20:25:21:053,-0.4485,-0.5703,10.9175,-0.0245,0.0441,9.8065,0.2443,-0.0062,0.0096,-8,-33.31,29.5,329.47,-81.24,169.42
52.400414,-1.558256,163.54,16.83,3,165.77,19 / 20,3915409,2019-09-06 20:25:21:152,0.0651,-0.3274,9.8581,0.0271,-0.0414,9.8065,-0.135,-0.0044,-0.0285,-8.37,-32.56,29.5,328.39,-81,168.65
52.400414,-1.558256,163.54,16.83,3,165.77,19 / 20,3915510,2019-09-06 20:25:21:253,-2.0686,0.744,9.5319,0.0154,-0.0409,9.8065,-0.2553,0.0697,0.0564,-8.12,-32.37,29.38,327.86,-80.92,168.75
52.400414,-1.558256,163.54,16.83,3,165.77,19 / 20,3915609,2019-09-06 20:25:21:352,0.7639,1.2051,10.4103,-0.0005,0.0447,9.8065,0.0909,0.0508,-0.0447,-8.31,-32.5,29.88,328.6,-80.84,168.78
52.400414,-1.558256,163.54,16.83,3,165.77,19 / 20,3915710,2019-09-06 20:25:21:453,0.1792,-0.2734,10.2811,-0.0046,0.0238,9.8065,0.0548,0.0137,-0.0153,-8.31,-32.69,29.94,327.41,-80.92,167.87
52.400414,-1.558256,163.54,16.83,3,165.77,19 / 20,3915810,2019-09-06 20:25:21:553,-0.2594,-0.2552,10.0818,-0.0001,-0.0071,9.8066,-0.0785,0.0183,0.0235,-8,-32.69,30.5,328.48,-80.79,168.25
52.400414,-1.558256,163.54,16.83,3,165.77,19 / 20,3915909,2019-09-06 20:25:21:652,-0.1617,0.0237,9.9725,-0.0097,0.0103,9.8066,-0.007,-0.0007,0.0471,-8.5,-32.87,29.44,327.59,-80.92,168.68
52.400414,-1.558256,163.54,16.83,3,165.77,19 / 20,3916009,2019-09-06 20:25:21:752,-1.0382,1.206,10.1217,0.0045,-0.0002,9.8066,0.0578,-0.0031,-0.0433,-8.31,-32.5,29.38,327.89,-81.08,168.67
52.400414,-1.558256,163.54,16.83,3,165.77,19 / 20,3916109,2019-09-06 20:25:21:852,-0.2827,0.7247,10.2105,0.0044,-0.0125,9.8066,0.1402,0.001,-0.027,-9.31,-32.44,29.81,326.79,-80.95,168.88
52.400414,-1.558256,163.54,16.83,3,165.77,19 / 20,3916210,2019-09-06 20:25:21:953,-0.3236,0.7773,10.0077,-0.0068,0.0101,9.8066,0.04,-0.0023,0.0447,-8.5,-32.62,30.19,328.84,-80.72,169.22
52.400414,-1.558256,163.54,16.83,3,165.77,19 / 20,3916310,2019-09-06 20:25:22:053,0.4955,-1.0593,9.8001,-0.0087,0.0237,9.8066,-0.003,0.0106,-0.0115,-8.44,-31.94,30,329.34,-80.75,169.46
52.39909,-1.557577,162.32,17.46,3,160.6,18 / 20,3916410,2019-09-06 20:25:22:153,0.1215,0.3125,9.7413,-0.0001,0.0018,9.8066,-0.0235,0.0268,-0.0264,-8.19,-32.06,30.25,329.58,-80.87,169.6
52.39909,-1.557577,162.32,17.46,3,160.6,18 / 20,3916509,2019-09-06 20:25:22:252,0.1721,-0.2385,9.4134,0.0038,0.0124,9.8066,-0.0391,0.0168,-0.0155,-8.5,-32.5,30,328.92,-81.02,168.95
52.39909,-1.557577,162.32,17.46,3,160.6,18 / 20,3916610,2019-09-06 20:25:22:353,-0.8447,0.7066,10.3307,-0.0104,0.0152,9.8066,-0.037,-0.0104,-0.0136,-8.62,-32.56,29.63,326.62,-81.12,168.79
52.39909,-1.557577,162.32,17.46,3,160.6,18 / 20,3916710,2019-09-06 20:25:22:453,0.1592,1.2519,9.9409,-0.001,0.0157,9.8066,0.1027,-0.0243,0.0314,-8.44,-32.12,29.5,328.59,-81.06,168.64
52.39909,-1.557577,162.32,17.46,3,160.6,18 / 20,3916809,2019-09-06 20:25:22:552,0.3847,-0.7567,9.8869,0.0001,-0.0135,9.8065,0.0033,0.0127,0.0204,-8.5,-32.12,30.06,328.56,-80.96,168.67
52.39909,-1.557577,162.32,17.46,3,160.6,18 / 20,3916910,2019-09-06 20:25:22:653,0.1132,1.082,9.3149,-0.0107,0.0092,9.8066,-0.0673,-0.0023,0.0479,-9.06,-32.5,30.06,327.23,-81.05,169.2
52.39909,-1.557577,162.32,17.46,3,160.6,18 / 20,3917010,2019-09-06 20:25:22:753,-0.0505,-0.3332,10.1964,-0.0073,-0.0184,9.8065,-0.0687,0.0001,-0.0137,-8.56,-32.94,29.75,328.71,-81.11,170.58
52.39909,-1.557577,162.32,17.46,3,160.6,18 / 20,3917110,2019-09-06 20:25:22:853,-0.2744,0.6176,9.8597,0.0023,-0.0413,9.8065,0.1454,0.0453,0.0365,-9.19,-32.37,29.63,330.13,-81.03,171.69
52.39909,-1.557577,162.32,17.46,3,160.6,18 / 20,3917209,2019-09-06 20:25:22:952,-0.3063,0.2914,9.797,-0.017,0.01,9.8066,0.072,0.0047,0.0365,-9.25,-32.31,30.38,330.88,-81.04,172.33
52.39909,-1.557577,162.32,17.46,3,160.6,18 / 20,3917310,2019-09-06 20:25:23:053,-0.5049,0.489,10.0755,-0.0154,-0.0025,9.8066,-0.0258,0.0611,-0.0299,-9.12,-32.31,29.94,331.69,-81,173.04
52.39909,-1.557577,162.32,17.46,3,160.6,18 / 19,3917410,2019-09-06 20:25:23:153,-0.2591,0.2191,10.1033,-0.0068,-0.012,9.8065,-0.0494,0.0229,-0.009,-9.25,-32.44,30.25,332.63,-81.09,173.8
52.39909,-1.557577,162.32,17.46,3,160.6,18 / 19,3917510,2019-09-06 20:25:23:253,-0.5859,-0.4576,10.32,-0.0132,0.0101,9.8066,-0.0573,-0.0058,0.0376,-9.62,-32.06,30.06,331.82,-81.14,174.77
52.39909,-1.557577,162.32,17.46,3,160.6,18 / 19,3917609,2019-09-06 20:25:23:352,0.191,0.6407,9.7542,0.0027,-0.0341,9.8065,-0.0953,0.0622,-0.0268,-9.81,-32.44,30.19,333.13,-81.03,175.95
52.39909,-1.557577,162.32,17.46,3,160.6,18 / 19,3917710,2019-09-06 20:25:23:453,-0.9582,1.0326,10.1479,-0.0097,0.0061,9.8066,0.0283,-0.0241,0.0079,-9.5,-33.06,30.25,335.27,-81.12,176.15
52.39909,-1.557577,162.32,17.46,3,160.6,18 / 19,3917810,2019-09-06 20:25:23:553,-0.9183,0.043,10.0422,-0.0007,0.0109,9.8066,-0.0007,0.0153,-0.0199,-9.31,-32.19,29.56,335.62,-81.13,176.31
52.39909,-1.557577,162.32,17.46,3,160.6,18 / 19,3917910,2019-09-06 20:25:23:653,-0.7027,-0.68,9.76,-0.0048,0.003,9.8066,-0.0057,-0.0118,-0.0041,-9.25,-32.44,30.13,335.34,-81.02,176.13
52.39909,-1.557577,162.32,17.46,3,160.6,18 / 19,3918009,2019-09-06 20:25:23:752,-0.2643,-0.8497,9.8805,-0.0011,-0.0022,9.8066,0.0102,-0.0148,0.0086,-9,-32.5,30.44,335.63,-81.1,176.34
52.39909,-1.557577,162.32,17.46,3,160.6,18 / 19,3918109,2019-09-06 20:25:23:852,-1.2441,0.3797,11.1178,-0.007,0.0157,9.8065,-0.0485,0.0251,-0.0375,-9.31,-32.25,29.94,335.76,-81.28,176.36
52.39909,-1.557577,162.32,17.46,3,160.6,18 / 19,3918209,2019-09-06 20:25:23:952,0.1835,0.3031,9.7557,0.0147,-0.0491,9.8065,-0.0526,0.043,-0.0243,-8.87,-32.12,30.56,336.17,-80.94,176.25
52.39909,-1.557577,162.32,17.46,3,160.6,18 / 19,3918310,2019-09-06 20:25:24:053,-0.6647,0.218,9.4057,0.0097,-0.0213,9.8065,-0.0022,-0.0194,0.04,-9.06,-32.5,31.06,336.18,-80.91,176.27
52.39909,-1.557577,162.32,17.46,3,160.6,19 / 20,3918409,2019-09-06 20:25:24:152,-0.1098,0.3741,9.8846,-0.0107,0.0166,9.8065,-0.0065,-0.0463,-0.0078,-9,-32.5,30.38,335.8,-81.09,176.49
52.39909,-1.557577,162.32,17.46,3,160.6,19 / 20,3918510,2019-09-06 20:25:24:253,-0.3674,-0.2745,10.5086,-0.0127,0.0282,9.8065,0.0607,-0.066,0.0416,-9.25,-32.44,30.38,336.17,-81.13,176.78
52.39909,-1.557577,162.32,17.46,3,160.6,19 / 20,3918610,2019-09-06 20:25:24:353,-0.4274,0.6118,9.5425,0.0008,-0.0048,9.8066,0.0247,-0.0467,0.0151,-9.44,-32,30.25,335.62,-80.96,176.4
52.39909,-1.557577,162.32,17.46,3,160.6,19 / 20,3918711,2019-09-06 20:25:24:454,-0.1356,-0.3033,9.6094,-0.0095,0.0077,9.8066,0.0646,0.0252,0.0085,-9.06,-32,30.69,337.09,-80.87,177.05
52.39909,-1.557577,162.32,17.46,3,160.6,19 / 20,3918810,2019-09-06 20:25:24:553,-0.2767,0.8279,10.5899,0.0047,-0.0145,9.8066,-0.0058,0.0124,0.0245,-9.12,-32.12,31.25,337.49,-80.86,177.4
52.39909,-1.557577,162.32,17.46,3,160.6,19 / 20,3918909,2019-09-06 20:25:24:652,-0.8702,0.2905,10.1505,-0.0008,-0.006,9.8066,0.0894,0.046,-0.017,-10.06,-31.94,30.69,335.66,-80.85,177.52
52.39909,-1.557577,162.32,17.46,3,160.6,19 / 20,3919010,2019-09-06 20:25:24:753,-0.9416,0.1453,10.1746,-0.0051,-0.0005,9.8065,0.0216,-0.0425,0.0571,-9.25,-31.44,30.69,337.9,-80.69,177.71
52.39909,-1.557577,162.32,17.46,3,160.6,19 / 20,3919110,2019-09-06 20:25:24:853,-0.419,0.1948,9.539,-0.0056,-0.0039,9.8066,0.2098,-0.0768,0.0459,-9.62,-31.75,30.75,336.13,-80.56,178.04
52.39909,-1.557577,162.32,17.46,3,160.6,19 / 20,3919210,2019-09-06 20:25:24:953,0.3123,-1.2701,8.4521,-0.0176,0.0265,9.8066,0.1019,0.0278,0.0472,-9.44,-32.12,30.88,338.02,-80.54,177.98
52.39909,-1.557577,162.32,17.46,3,160.6,19 / 20,3919310,2019-09-06 20:25:25:053,-1.0186,0.0602,10.4364,-0.0023,-0.0287,9.8065,-0.1101,-0.0143,-0.0108,-9.37,-31.94,30.19,338.79,-80.82,179.12
52.39909,-1.557577,162.32,17.46,3,160.6,19 / 20,3919410,2019-09-06 20:25:25:153,-0.2414,0.8932,9.755,-0.0018,0.0236,9.8065,0.0613,-0.0537,-0.0138,-9.44,-32.37,30.75,339.25,-81.07,178.8
52.39909,-1.557577,162.32,17.46,3,160.6,19 / 20,3919510,2019-09-06 20:25:25:253,-0.9708,0.1646,9.7705,-0.0017,0.0011,9.8066,-0.1306,0.015,-0.0009,-9.44,-31.87,30.81,339.17,-80.83,178.83
52.39909,-1.557577,162.32,17.46,3,160.6,19 / 20,3919609,2019-09-06 20:25:25:352,-0.642,0.4964,10.4801,0.0228,-0.0411,9.8065,-0.1007,-0.009,0.0189,-9.44,-31.56,31.06,338.25,-80.53,178.18
52.39909,-1.557577,162.32,17.46,3,160.6,19 / 20,3919709,2019-09-06 20:25:25:452,-0.3404,1.53,9.4491,0.0071,-0.0247,9.8066,0.0462,-0.0655,0.0144,-9.56,-31.62,30.81,336.29,-80.5,178.2
52.39909,-1.557577,162.32,17.46,3,160.6,19 / 20,3919809,2019-09-06 20:25:25:552,-1.3525,0.4406,9.6004,-0.0166,0.0173,9.8066,-0.0187,0.0483,0.0079,-9.94,-31.56,31,336.4,-80.55,178.28
52.39909,-1.557577,162.32,17.46,3,160.6,19 / 20,3919910,2019-09-06 20:25:25:653,0.4274,0.8503,9.2935,-0.0096,-0.0151,9.8065,-0.0091,-0.0219,0.0402,-9.25,-31.56,30.38,338.69,-80.7,179.09
52.39909,-1.557577,162.32,17.46,3,160.6,19 / 20,3920011,2019-09-06 20:25:25:754,-1.4172,0.4025,9.8966,-0.0163,-0.0092,9.8065,0.0417,-0.0105,0.0421,-9.06,-31.81,30.75,341.57,-80.79,-179.14
52.39909,-1.557577,162.32,17.46,3,160.6,19 / 20,3920110,2019-09-06 20:25:25:853,-0.9983,-0.7269,9.9984,-0.016,0.0137,9.8066,-0.1295,0.0784,-0.0531,-8.94,-31.81,31.63,343.19,-80.82,-178.35
52.39909,-1.557577,162.32,17.46,3,160.6,19 / 20,3920209,2019-09-06 20:25:25:952,0.2862,0.2629,9.9683,0.0163,-0.0392,9.8065,-0.0615,0.0099,0.0518,-9.37,-32.19,31.25,341.83,-80.59,-178.85
52.39909,-1.557577,162.32,17.46,3,160.6,19 / 20,3920309,2019-09-06 20:25:26:052,-2.6294,-0.3687,9.9827,-0.0174,-0.0243,9.8066,0.2099,-0.0299,-0.039,-9.31,-31.69,31.13,343.65,-80.78,-177.4
52.39909,-1.557577,162.32,17.46,3,160.6,18 / 20,3920410,2019-09-06 20:25:26:153,-0.7749,0.8623,9.7125,-0.0093,0.0024,9.8065,-0.1068,-0.0353,0.0941,-9.31,-32.25,31.44,343.76,-80.7,-177.28
52.39909,-1.557577,162.32,17.46,3,160.6,18 / 20,3920510,2019-09-06 20:25:26:253,-1.1096,-0.172,10.7594,-0.0084,-0.0334,9.8065,0.2264,-0.0168,0.0495,-8.81,-31.5,31.88,345.62,-80.57,-176.31
52.39909,-1.557577,162.32,17.46,3,160.6,18 / 20,3920610,2019-09-06 20:25:26:353,1.0884,0.0359,9.3116,-0.0119,0.0041,9.8066,0.1448,0.0404,-0.0877,-9.94,-31.94,31.75,345.12,-80.3,-174.95
52.39909,-1.557577,162.32,17.46,3,160.6,18 / 20,3920709,2019-09-06 20:25:26:452,0.2954,-0.1667,9.8601,-0.0149,0.0187,9.8066,-0.1178,-0.0211,0.0945,-9.75,-31.37,31.25,344.97,-80.34,-174.57
52.39909,-1.557577,162.32,17.46,3,160.6,18 / 20,3920809,2019-09-06 20:25:26:552,-1.2594,0.8733,10.0347,-0.0009,-0.0051,9.8066,-0.0652,-0.0178,-0.0172,-10.06,-31.94,31.31,345.33,-80.52,-174.25
52.39909,-1.557577,162.32,17.46,3,160.6,18 / 20,3920910,2019-09-06 20:25:26:653,0.323,1.012,9.7454,0.0127,-0.0028,9.8065,0.096,-0.0356,0.0465,-9.5,-31.69,31.69,347.43,-80.49,-174.71
52.39909,-1.557577,162.32,17.46,3,160.6,18 / 20,3921010,2019-09-06 20:25:26:753,0.7884,0.0731,9.2871,0.0035,-0.0042,9.8066,-0.0645,-0.0025,-0.0213,-9.94,-31.12,31.31,344.28,-80.37,-175.16
52.39909,-1.557577,162.32,17.46,3,160.6,18 / 20,3921110,2019-09-06 20:25:26:853,-0.9673,1.157,10.002,-0.0051,-0.0055,9.8066,0.0921,-0.0367,0.0495,-10.44,-31.87,31,344.64,-80.38,-174.78
52.39909,-1.557577,162.32,17.46,3,160.6,18 / 20,3921210,2019-09-06 20:25:26:953,0.4387,0.8867,10.0534,-0.031,0.0443,9.8064,0.1363,0.0197,-0.0189,-10.44,-31.56,30.56,345.45,-80.76,-174.22
52.39909,-1.557577,162.32,17.46,3,160.6,18 / 20,3921310,2019-09-06 20:25:27:053,-0.8168,-0.2538,10.4616,-0.0206,0.0291,9.8066,0.128,-0.0277,0.0308,-10.94,-31.19,30.69,344.44,-80.68,-173.48
52.39909,-1.557577,162.32,17.46,3,160.6,18 / 19,3921410,2019-09-06 20:25:27:153,-0.3078,0.6613,9.1164,0.016,-0.0502,9.8065,-0.1366,-0.0113,-0.0416,-11.19,-31.69,31.13,344.22,-80.52,-173.54
52.39909,-1.557577,162.32,17.46,3,160.6,18 / 19,3921509,2019-09-06 20:25:27:252,-0.6646,0.2576,9.8201,0.0065,-0.0164,9.8066,0.0083,0.0611,0.0146,-10.5,-31.19,31.31,346.83,-80.62,-173.1
52.39909,-1.557577,162.32,17.46,3,160.6,18 / 19,3921609,2019-09-06 20:25:27:352,-0.0676,1.0796,10.1207,-0.0173,-0.0148,9.8066,0.0025,-0.0018,0.0771,-10.19,-31.06,31.31,347.13,-80.78,-172.88
52.39909,-1.557577,162.32,17.46,3,160.6,18 / 19,3921710,2019-09-06 20:25:27:453,-0.2772,-1.0169,10.1939,-0.0105,-0.0004,9.8066,0.0228,0.0245,-0.0302,-11,-31.37,31.56,348.08,-80.67,-171.04
52.39909,-1.557577,162.32,17.46,3,160.6,18 / 19,3921810,2019-09-06 20:25:27:553,-0.2552,0.2292,9.7229,0.0053,-0.0227,9.8066,-0.0034,0.0238,-0.0094,-11.75,-31.12,31.38,345.89,-80.44,-170.59
52.39909,-1.557577,162.32,17.46,3,160.6,18 / 19,3921909,2019-09-06 20:25:27:652,0.5168,-0.3292,9.2841,0.0272,-0.018,9.8065,0.0606,0.0045,0.0308,-11.56,-31.25,31.56,345.77,-80.4,-171.35
52.39909,-1.557577,162.32,17.46,3,160.6,18 / 19,3922009,2019-09-06 20:25:27:752,-0.4672,-0.322,9.885,-0.0161,0.0235,9.8065,0.0596,-0.0078,-0.0414,-11.12,-31.75,31.88,347.88,-80.67,-171.15
52.39909,-1.557577,162.32,17.46,3,160.6,18 / 19,3922109,2019-09-06 20:25:27:852,0.2,-0.3038,9.4596,-0.0063,0.0391,9.8065,0.0187,-0.0448,0.0092,-10.62,-30.81,32.56,348.42,-80.78,-171.36
52.39909,-1.557577,162.32,17.46,3,160.6,18 / 19,3922209,2019-09-06 20:25:27:952,-0.2083,-0.2138,9.2557,0.0041,0.0133,9.8066,-0.0227,0.0052,0.0094,-9.44,-30.81,31.75,351.5,-80.82,-171.43
52.39909,-1.557577,162.32,17.46,3,160.6,18 / 19,3922310,2019-09-06 20:25:28:053,-1.2967,0.989,9.4776,0.0013,0,9.8066,0.0542,-0.0105,-0.0896,-9.37,-30.75,30.31,349.89,-80.99,-171.73
52.39909,-1.557577,162.32,17.46,3,160.6,17 / 19,3922409,2019-09-06 20:25:28:152,-0.3732,0.0253,10.8268,0.0075,0.017,9.8066,0.1194,-0.0035,-0.0149,-9.75,-31.37,29.75,346.52,-81.02,-172.84
52.39909,-1.557577,162.32,17.46,3,160.6,17 / 19,3922510,2019-09-06 20:25:28:253,0.1153,-0.1507,9.3761,0.0086,-0.0165,9.8066,-0.082,-0.0287,0.0421,-10,-31.62,31.19,346.14,-80.94,-173.69
52.39909,-1.557577,162.32,17.46,3,160.6,17 / 19,3922609,2019-09-06 20:25:28:352,-1.4846,0.9544,9.7721,-0.0098,-0.0033,9.8066,-0.0775,-0.0306,-0.0137,-10.69,-31.37,31.31,344.3,-80.88,-173.66
52.39909,-1.557577,162.32,17.46,3,160.6,17 / 19,3922709,2019-09-06 20:25:28:452,-0.3276,-0.0404,9.8283,-0.0099,0.0221,9.8066,-0.0171,-0.0172,-0.0423,-10.69,-31.44,30.56,345.17,-81.11,-172.99
52.39909,-1.557577,162.32,17.46,3,160.6,17 / 19,3922810,2019-09-06 20:25:28:553,-0.9234,0.3122,9.5498,0.0175,-0.0081,9.8066,0.0078,-0.0247,0.0406,-10.44,-31.25,31.75,346.48,-81.15,-174.1
52.39909,-1.557577,162.32,17.46,3,160.6,17 / 19,3922910,2019-09-06 20:25:28:653,-0.7945,0.6103,9.9382,0.0075,-0.0062,9.8066,0.174,0.0128,-0.0669,-10.62,-31.44,31.81,344.26,-81.24,-174.43
52.39909,-1.557577,162.32,17.46,3,160.6,17 / 19,3923010,2019-09-06 20:25:28:753,0.1435,-1.2602,10.0756,0.0338,0.0038,9.8065,0.1572,-0.0446,0.0369,-11.5,-31.31,31.44,341.63,-81.18,-176.02
52.39909,-1.557577,162.32,17.46,3,160.6,17 / 19,3923109,2019-09-06 20:25:28:852,0.3301,-1.787,9.5768,0.0148,-0.006,9.8066,-0.1769,0.0911,-0.0393,-10.44,-30.75,32.31,343.14,-81.12,-176.94
52.39909,-1.557577,162.32,17.46,3,160.6,17 / 19,3923210,2019-09-06 20:25:28:953,-0.4205,1.1869,8.4627,0.0011,0.0037,9.8066,-0.2519,-0.0135,0.0573,-10.06,-31.06,32,342.5,-81.22,-177.52
52.39909,-1.557577,162.32,17.46,3,160.6,17 / 19,3923310,2019-09-06 20:25:29:053,-1.1924,0.9871,8.4718,-0.0319,0.0732,9.8062,0.1036,0.0031,-0.0007,-10.56,-30.81,32.13,340.94,-81.41,-177.32
52.39909,-1.557577,162.32,17.46,3,160.6,19 / 20,3923410,2019-09-06 20:25:29:153,-0.1924,0.6271,9.414,-0.0279,0.0538,9.8064,0.0451,-0.0103,0.0248,-10.69,-30,32.88,342.42,-81.95,-176.89
52.39909,-1.557577,162.32,17.46,3,160.6,19 / 20,3923509,2019-09-06 20:25:29:252,0.0815,0.8303,9.742,-0.016,0.0151,9.8065,0.0746,0.0032,0.0172,-10,-28.56,33,345.08,-81.85,-176.16
52.39909,-1.557577,162.32,17.46,3,160.6,19 / 20,3923610,2019-09-06 20:25:29:353,-0.7022,-0.4992,10.3882,-0.0059,-0.0081,9.8066,0.1784,-0.0069,0.0472,-9.94,-25.69,33.75,345.74,-81.74,-176.24
52.39909,-1.557577,162.32,17.46,3,160.6,19 / 20,3923710,2019-09-06 20:25:29:453,-1.0221,0.0326,10.6498,0.0037,-0.0058,9.8066,-0.1341,0.0622,-0.0742,-9.06,-22.31,31.44,346.44,-81.61,-175.89
52.39909,-1.557577,162.32,17.46,3,160.6,19 / 20,3923810,2019-09-06 20:25:29:553,1.3859,0.6255,10.5106,0.0306,-0.0401,9.8065,-0.0706,0.0193,-0.0378,-9.31,-21.69,27.94,343.3,-81.68,-176.93
52.39909,-1.557577,162.32,17.46,3,160.6,19 / 20,3923910,2019-09-06 20:25:29:653,-1.1562,-0.5383,7.5918,-0.0245,0.0258,9.8066,-0.0366,0.153,-0.0982,-9.69,-24.81,24.81,337.21,-81.66,-177.77
52.39909,-1.557577,162.32,17.46,3,160.6,19 / 20,3924009,2019-09-06 20:25:29:752,-0.0266,2.5583,7.3255,0.0028,-0.0275,9.8065,-0.5121,0.1084,0.0493,-10.31,-27.37,23,335.21,-81.95,-177.45
52.39909,-1.557577,162.32,17.46,3,160.6,19 / 20,3924109,2019-09-06 20:25:29:852,-0.2184,0.8307,8.4139,0.015,-0.0541,9.8064,0.2422,-0.0572,-0.0326,-10,-30.87,21.06,333.33,-82.69,-176.65
52.39909,-1.557577,162.32,17.46,3,160.6,19 / 20,3924210,2019-09-06 20:25:29:953,-1.1627,3.2741,8.307,-0.0533,0.1109,9.8059,0.1282,-0.0464,-0.0333,-9.69,-33.31,22.75,336.15,-83.52,-176.77
52.39909,-1.557577,162.32,17.46,3,160.6,19 / 20,3924310,2019-09-06 20:25:30:053,-0.1357,0.5603,10.3126,-0.0209,0.043,9.8065,0.1831,0.0194,0.0239,-10.19,-34.37,23.31,335.37,-83.27,-177.18
52.39909,-1.557577,162.32,17.46,3,160.6,19 / 20,3924409,2019-09-06 20:25:30:152,0.3913,-0.313,10.6619,-0.0029,-0.0001,9.8065,0.1273,0.0322,-0.0186,-9.94,-36.31,23.19,334.66,-83.03,-177.4
52.39909,-1.557577,162.32,17.46,3,160.6,19 / 20,3924510,2019-09-06 20:25:30:253,0.6044,-0.4847,10.3649,0.009,-0.0045,9.8066,-0.1323,0.0209,-0.005,-11,-38.56,23.19,332.61,-83.11,-176.81
52.39909,-1.557577,162.32,17.46,3,160.6,19 / 20,3924609,2019-09-06 20:25:30:352,-0.473,0.6325,9.3075,0.0001,-0.0013,9.8066,-0.1043,0.0234,0.0689,-11.12,-40.5,23.31,332.42,-83.25,-176.96
52.39909,-1.557577,162.32,17.46,3,160.6,19 / 20,3924709,2019-09-06 20:25:30:452,-1.0881,0.6757,9.6674,0.0072,-0.0158,9.8066,0.0057,0.0491,-0.0716,-11.12,-41.94,24.63,335.25,-83.36,-176.58
52.39909,-1.557577,162.32,17.46,3,160.6,19 / 20,3924810,2019-09-06 20:25:30:553,0.3988,-0.255,9.3169,0.0028,0.0213,9.8066,0.0671,0.0024,-0.0139,-9.37,-44.75,25.69,339.53,-83.71,-177.67
52.39909,-1.557577,162.32,17.46,3,160.6,19 / 20,3924910,2019-09-06 20:25:30:653,0.0118,-0.1416,9.3115,-0.0114,0.0353,9.8065,-0.078,-0.0331,0.0012,-7.94,-48.87,28.31,343.12,-83.94,-177.89
52.39909,-1.557577,162.32,17.46,3,160.6,19 / 20,3925010,2019-09-06 20:25:30:753,0.4572,0.2262,9.2296,-0.001,0.0292,9.8066,0.0231,-0.004,-0.0252,-7.25,-47.37,34.31,349.01,-84.15,-177.8
52.39909,-1.557577,162.32,17.46,3,160.6,19 / 20,3925110,2019-09-06 20:25:30:853,0.2663,-0.2269,9.2992,-0.0047,0.0342,9.8065,-0.1281,0.0347,0.0235,-9.37,-38.94,37.44,346.81,-84.56,-178.19
52.39909,-1.557577,162.32,17.46,3,160.6,19 / 20,3925210,2019-09-06 20:25:30:953,-0.414,1.2881,9.7067,-0.0105,-0.003,9.8066,-0.098,-0.0039,0.0501,-10.75,-35.69,34.5,343.51,-84.71,-177.5
52.39909,-1.557577,162.32,17.46,3,160.6,19 / 20,3925309,2019-09-06 20:25:31:052,0.1738,1.0225,10.3422,-0.0007,-0.0354,9.8066,0.0936,0.0014,0.0395,-11.19,-34.06,32.75,344.54,-84.53,-175.54
52.3978,-1.556829,162.86,16.17,2,159.43,19 / 20,3925409,2019-09-06 20:25:31:152,0.5528,0.2474,10.943,-0.0012,-0.0188,9.8066,0.0646,-0.0417,0.0448,-10,-33.75,31.69,346.19,-84.39,-175.04
52.3978,-1.556829,162.86,16.17,2,159.43,19 / 20,3925510,2019-09-06 20:25:31:253,-0.8834,-0.4477,10.502,-0.0135,-0.0203,9.8066,0.0236,0.0077,-0.0011,-10.62,-33.62,31.31,346.03,-84.07,-172.88
52.3978,-1.556829,162.86,16.17,2,159.43,19 / 20,3925610,2019-09-06 20:25:31:353,-0.3561,-0.04,10.3937,-0.0058,0.0347,9.8065,0.1781,-0.0717,0.021,-9.94,-33.69,29.94,347.18,-84.37,-172.98
52.3978,-1.556829,162.86,16.17,2,159.43,19 / 20,3925710,2019-09-06 20:25:31:453,0.1525,0.1204,9.1916,0.001,0.0371,9.8065,-0.0365,-0.0111,-0.0344,-9.62,-33.75,30.19,346.87,-84.44,-173.28
52.3978,-1.556829,162.86,16.17,2,159.43,19 / 20,3925810,2019-09-06 20:25:31:553,0.8373,-0.299,9.1109,0.001,0.0227,9.8066,-0.0021,0.04,-0.0395,-10.06,-34.12,29,344,-84.62,-175.27
52.3978,-1.556829,162.86,16.17,2,159.43,19 / 20,3925910,2019-09-06 20:25:31:653,-0.173,-0.0786,8.9844,0.0048,0.0202,9.8066,-0.1517,0.0618,-0.0469,-10.5,-33.81,29.06,342.68,-84.81,-176.52
52.3978,-1.556829,162.86,16.17,2,159.43,19 / 20,3926010,2019-09-06 20:25:31:753,-0.3223,1.0779,9.4243,0.0051,-0.0037,9.8066,-0.1681,0.0607,-0.0531,-10.31,-34.06,28,340.22,-85.04,-178.14
52.3978,-1.556829,162.86,16.17,2,159.43,19 / 20,3926110,2019-09-06 20:25:31:853,0.2452,0.5236,10.1149,0.0108,-0.0135,9.8066,0.1193,-0.0544,0.026,-10.19,-33.81,28.5,339.6,-85.03,-179.38
52.3978,-1.556829,162.86,16.17,2,159.43,19 / 20,3926210,2019-09-06 20:25:31:953,0.9217,-0.1949,9.7628,-0.0051,0.0176,9.8066,0.1299,0.0684,-0.0444,-10.69,-33.69,28.63,337.93,-85,-179.16
52.3978,-1.556829,162.86,16.17,2,159.43,19 / 20,3926310,2019-09-06 20:25:32:053,-0.1329,-1.0216,9.8544,-0.0063,0.0109,9.8066,-0.0827,-0.0142,0.0005,-10.25,-34,28,338.59,-84.92,-179.56
52.3978,-1.556829,162.86,16.17,2,159.43,19 / 20,3926409,2019-09-06 20:25:32:152,-0.4508,-0.0319,10.0519,0.0073,0.0022,9.8066,-0.0428,-0.0583,0.0144,-10.37,-33.87,27.81,339.47,-85.06,-178.82
52.3978,-1.556829,162.86,16.17,2,159.43,19 / 20,3926510,2019-09-06 20:25:32:253,0.1165,-0.8485,9.0487,0.0002,0.028,9.8066,-0.0568,0.0312,0.0069,-10.62,-33.81,28,337.11,-85.35,-179.34
52.3978,-1.556829,162.86,16.17,2,159.43,19 / 20,3926610,2019-09-06 20:25:32:353,-0.3324,0.2185,9.7339,-0.024,0.0161,9.8066,0.04,0.0772,-0.0231,-10.56,-34.31,27.88,338.64,-85.39,-177.96
52.3978,-1.556829,162.86,16.17,2,159.43,19 / 20,3926709,2019-09-06 20:25:32:452,1.1812,-0.2725,9.7064,-0.0153,0.0183,9.8066,-0.0404,0.0104,-0.0087,-10.5,-33.44,28.13,342.96,-85.53,-175.88
52.3978,-1.556829,162.86,16.17,2,159.43,19 / 20,3926810,2019-09-06 20:25:32:553,0.0046,0.6811,9.0684,0.005,-0.003,9.8066,-0.209,0.0479,-0.0049,-10.19,-34.19,27.5,343.42,-85.39,-175.38
52.3978,-1.556829,162.86,16.17,2,159.43,19 / 20,3926910,2019-09-06 20:25:32:653,-0.4551,0.3437,9.4,-0.0194,0.0342,9.8065,0.1205,-0.0072,0.0399,-10.31,-34,27.25,342.61,-85.49,-175.43
52.3978,-1.556829,162.86,16.17,2,159.43,19 / 20,3927010,2019-09-06 20:25:32:753,0.9661,-0.0344,10.3362,-0.015,0.0155,9.8066,0.045,0.04,-0.0962,-10.31,-34.12,27.38,345.17,-85.7,-173.17
52.3978,-1.556829,162.86,16.17,2,159.43,19 / 20,3927109,2019-09-06 20:25:32:852,0.0069,0.2283,9.544,-0.0025,0.0323,9.8065,0.0285,0.018,0.012,-10.5,-34.12,26.56,343.97,-85.8,-174.29
52.3978,-1.556829,162.86,16.17,2,159.43,19 / 20,3927210,2019-09-06 20:25:32:953,-0.3514,1.0063,10.0271,-0.0032,0.0237,9.8065,0.1266,0.0153,-0.0636,-10.44,-34.19,26.75,343.94,-85.78,-174.31
52.3978,-1.556829,162.86,16.17,2,159.43,19 / 20,3927310,2019-09-06 20:25:33:053,-0.6367,0.3257,9.982,-0.0043,-0.0352,9.8065,-0.1962,0.0316,0.0266,-10.75,-34.19,26.75,339.52,-86.09,-176.68
52.3978,-1.556829,162.86,16.17,2,159.43,19 / 20,3927409,2019-09-06 20:25:33:152,0.4671,1.5297,10.1645,0.0306,-0.0641,9.8063,-0.1905,0.0597,-0.047,-10.19,-34.62,27.06,338.65,-85.8,-179.11
52.3978,-1.556829,162.86,16.17,2,159.43,19 / 20,3927510,2019-09-06 20:25:33:253,-0.6287,1.0603,10.04,0.0232,-0.0421,9.8065,0.1299,-0.0008,0.0068,-9.87,-33.94,26.81,337.93,-85.79,-179.82
52.3978,-1.556829,162.86,16.17,2,159.43,19 / 20,3927610,2019-09-06 20:25:33:353,0.9621,-0.3555,10.3448,-0.0014,0.0037,9.8066,0.0786,0.0353,-0.003,-10.12,-34.12,27.81,339.5,-85.83,-179.13
52.3978,-1.556829,162.86,16.17,2,159.43,19 / 20,3927710,2019-09-06 20:25:33:453,0.4339,-0.5231,9.5467,-0.0024,-0.0075,9.8066,0.0004,0.0227,-0.0297,-10.56,-34.31,27.31,336.92,-85.72,-178.9
52.3978,-1.556829,162.86,16.17,2,159.43,19 / 20,3927809,2019-09-06 20:25:33:552,-0.1174,-0.1964,8.9382,-0.0131,0.0071,9.8065,-0.0891,-0.0093,0.0352,-10.75,-34.12,27.19,337.42,-85.61,-178.39
52.3978,-1.556829,162.86,16.17,2,159.43,19 / 20,3927909,2019-09-06 20:25:33:652,-0.0205,0.3732,9.9524,-0.0082,0.006,9.8066,0.0899,0.0311,-0.0124,-10.81,-34.44,26.94,339.53,-85.84,-176.56
52.3978,-1.556829,162.86,16.17,2,159.43,19 / 20,3928010,2019-09-06 20:25:33:753,-0.226,-0.6036,9.9447,-0.0064,0.0149,9.8065,0.091,-0.0008,0.0246,-10.19,-33.81,27.06,342.28,-86.09,-175.96
52.3978,-1.556829,162.86,16.17,2,159.43,19 / 20,3928110,2019-09-06 20:25:33:853,0.5563,-0.1122,9.5165,0.0034,0.0148,9.8065,-0.0587,0.0212,-0.0329,-10.56,-34.37,26.31,338.93,-86.04,-176.38
52.3978,-1.556829,162.86,16.17,2,159.43,19 / 20,3928210,2019-09-06 20:25:33:953,-0.1476,-0.9259,10.3578,-0.0128,0.014,9.8066,0.0826,-0.0149,0.0471,-10.44,-34,27.19,341.2,-86.15,-176.98
52.3978,-1.556829,162.86,16.17,2,159.43,19 / 20,3928310,2019-09-06 20:25:34:053,-0.4442,0.3031,10.7106,-0.0052,0.0239,9.8066,0.0754,0.0245,-0.0121,-10.44,-33.81,27.19,341.3,-86.14,-176.88
52.3978,-1.556829,162.86,16.17,2,159.43,18 / 19,3928410,2019-09-06 20:25:34:153,0.5663,-0.4138,9.7669,0.0023,-0.0024,9.8066,0.1015,0.0312,0.0079,-10.94,-33.75,26.44,338.16,-85.99,-177.06
52.3978,-1.556829,162.86,16.17,2,159.43,18 / 19,3928509,2019-09-06 20:25:34:252,0.5643,0.4826,9.1374,-0.0092,-0.018,9.8066,-0.0243,-0.0517,0.037,-10.37,-33.94,26.69,342.74,-85.92,-175.47
52.3978,-1.556829,162.86,16.17,2,159.43,18 / 19,3928609,2019-09-06 20:25:34:352,0.5623,0.1662,9.1833,-0.0061,0.0117,9.8066,-0.0909,0.0457,-0.0421,-10.69,-34.19,27.31,342.17,-86.09,-174.23
52.3978,-1.556829,162.86,16.17,2,159.43,18 / 19,3928710,2019-09-06 20:25:34:453,-0.2998,-0.5069,9.988,0.0017,0.013,9.8066,-0.091,0.0414,-0.0096,-10.69,-34.19,27.06,341.43,-86.28,-174.98
52.3978,-1.556829,162.86,16.17,2,159.43,18 / 19,3928810,2019-09-06 20:25:34:553,0.0769,0.155,10.1637,0.0047,-0.0096,9.8066,0.01,0.0461,-0.0375,-11,-33.87,26.44,340.57,-86.29,-174.97
52.3978,-1.556829,162.86,16.17,2,159.43,18 / 19,3928910,2019-09-06 20:25:34:653,0.0532,0.7238,10.1332,0.0152,-0.0019,9.8066,0.0829,-0.0043,-0.0174,-10.44,-33.5,26.63,340.52,-86.19,-177.67
52.3978,-1.556829,162.86,16.17,2,159.43,18 / 19,3929010,2019-09-06 20:25:34:753,0.6867,-0.848,10.1415,0.0112,-0.0151,9.8066,0.0645,-0.0268,0.0397,-11.12,-34.19,27.06,337.78,-86.09,-178.28
52.3978,-1.556829,162.86,16.17,2,159.43,18 / 19,3929110,2019-09-06 20:25:34:853,-0.6741,0.4377,10.2132,-0.0043,-0.0181,9.8066,-0.1183,0.0205,-0.001,-11.06,-34.06,27.25,338.88,-86.01,-177.23
52.3978,-1.556829,162.86,16.17,2,159.43,18 / 19,3929210,2019-09-06 20:25:34:953,-0.2711,0.8755,9.3648,-0.0146,0.0096,9.8065,-0.0951,-0.0112,0.0199,-11.06,-33.75,26.75,340.94,-86.03,-175.34
52.3978,-1.556829,162.86,16.17,2,159.43,18 / 19,3929309,2019-09-06 20:25:35:052,0.1009,0.2386,9.6676,-0.0144,0.0142,9.8066,0.1136,-0.0172,-0.0054,-11.37,-33.81,27.31,342.55,-86.09,-173.88
52.3978,-1.556829,162.86,16.17,2,159.43,19 / 20,3929410,2019-09-06 20:25:35:153,0.3429,-0.1755,9.5623,-0.0068,0.0142,9.8066,0.0705,0.0286,-0.0182,-11.5,-34,26.81,343.79,-86.18,-172.76
52.3978,-1.556829,162.86,16.17,2,159.43,19 / 20,3929510,2019-09-06 20:25:35:253,0.8682,-0.3122,8.9327,-0.0037,0.0184,9.8066,-0.2142,0.0106,0.0033,-11.31,-34,27.06,343.23,-86.23,-173.31
52.3978,-1.556829,162.86,16.17,2,159.43,19 / 20,3929609,2019-09-06 20:25:35:352,0.2178,0.671,9.9314,0.029,-0.0526,9.8064,-0.1956,0.0487,-0.0227,-11.06,-34.44,27.25,343.64,-86.34,-172.96
52.3978,-1.556829,162.86,16.17,2,159.43,19 / 20,3929710,2019-09-06 20:25:35:453,-0.2062,-0.1913,10.1076,-0.0127,0.0205,9.8065,0.061,0.0559,-0.0267,-11,-34.5,26.69,341.96,-86.08,-174.42
52.3978,-1.556829,162.86,16.17,2,159.43,19 / 20,3929809,2019-09-06 20:25:35:552,-0.4026,0.1852,9.8881,-0.0195,0.0141,9.8065,-0.0083,-0.0053,0.0281,-10.62,-34.25,26.25,342.23,-86.15,-173.39
52.3978,-1.556829,162.86,16.17,2,159.43,19 / 20,3929909,2019-09-06 20:25:35:652,-0.1688,0.2008,10.1181,-0.0156,0.0159,9.8065,0.078,0.0136,0.0503,-11.37,-34.12,27,344.55,-86.14,-172.06
52.3978,-1.556829,162.86,16.17,2,159.43,19 / 20,3930009,2019-09-06 20:25:35:752,0.3327,0.056,9.6748,-0.0069,0.0057,9.8066,0.0993,-0.0155,0.0194,-10.81,-34.12,26.94,345.16,-86.17,-171.49
52.3978,-1.556829,162.86,16.17,2,159.43,19 / 20,3930110,2019-09-06 20:25:35:853,-0.3052,0.0268,9.7636,0.0052,-0.0091,9.8066,-0.0393,-0.0193,-0.0031,-11.44,-33.87,27.06,346.22,-86.17,-170.52
52.3978,-1.556829,162.86,16.17,2,159.43,19 / 20,3930212,2019-09-06 20:25:35:955,-0.5062,0.5186,9.6931,0.0152,-0.0176,9.8066,-0.0975,0.0199,0.0515,-11.19,-33.94,26.63,343.44,-86.12,-173.06
52.3978,-1.556829,162.86,16.17,2,159.43,19 / 20,3930310,2019-09-06 20:25:36:053,-1.0437,1.2851,9.8743,0.0047,-0.029,9.8066,0.1608,0.0262,-0.0351,-11.44,-34,26.25,343.36,-86.06,-172.32
52.3978,-1.556829,162.86,16.17,2,159.43,18 / 19,3930410,2019-09-06 20:25:36:153,0.1406,-0.3439,9.4617,0.0027,0.0181,9.8066,0.0681,0.0007,-0.0058,-11,-34,26.69,344.08,-86.17,-172.5
52.3978,-1.556829,162.86,16.17,2,159.43,18 / 19,3930510,2019-09-06 20:25:36:253,0.3858,0.6634,9.7118,-0.0001,0.0147,9.8066,-0.0177,-0.0321,0.0184,-11.06,-34,26.56,343.48,-86.17,-173.05
52.3978,-1.556829,162.86,16.17,2,159.43,18 / 19,3930610,2019-09-06 20:25:36:353,-1.3033,-0.404,10.292,0.0079,-0.0118,9.8065,-0.0213,-0.0425,0.0322,-11.19,-34,27.25,344.02,-86.32,-172.61
52.3978,-1.556829,162.86,16.17,2,159.43,18 / 19,3930709,2019-09-06 20:25:36:452,0.0609,1.5161,9.8894,0.0059,-0.0062,9.8065,0.1182,0.1235,-0.0667,-11.56,-34,26.38,340.05,-86.31,-173.64
52.3978,-1.556829,162.86,16.17,2,159.43,18 / 19,3930810,2019-09-06 20:25:36:553,-1.0578,-0.6566,9.6928,-0.0084,0.0307,9.8065,0.1222,-0.0814,0.0747,-11.19,-33.75,26.69,342.87,-86.34,-173.67
52.3978,-1.556829,162.86,16.17,2,159.43,18 / 19,3930910,2019-09-06 20:25:36:653,0.532,-0.3996,9.5383,-0.0078,0.0158,9.8066,-0.1094,-0.0449,0.0564,-11.37,-33.62,27.06,344.79,-86.34,-171.9
52.3978,-1.556829,162.86,16.17,2,159.43,18 / 19,3931010,2019-09-06 20:25:36:753,-0.788,-1.553,10.4695,-0.0048,-0.0245,9.8066,-0.0062,0.0272,0.0019,-10.75,-34.06,26.81,346.8,-86.3,-170.02
52.3978,-1.556829,162.86,16.17,2,159.43,18 / 19,3931110,2019-09-06 20:25:36:853,-2.8835,0.869,9.3158,0.032,-0.0772,9.8063,-0.0199,-0.0086,-0.055,-11.25,-34,26.38,345.55,-86.14,-170.33
52.3978,-1.556829,162.86,16.17,2,159.43,18 / 19,3931210,2019-09-06 20:25:36:953,-2.495,1.9497,9.746,0.0051,0.033,9.8066,-0.1422,-0.0855,0.0773,-11,-34.56,27.06,342.06,-86.08,-174.28
52.3978,-1.556829,162.86,16.17,2,159.43,18 / 19,3931310,2019-09-06 20:25:37:053,-0.2004,2.6042,9.4616,0.0013,-0.0145,9.8066,-0.4108,0.0633,-0.0845,-11.37,-33.94,27.13,339.65,-85.82,-176.44
52.3978,-1.556829,162.86,16.17,2,159.43,18 / 19,3931410,2019-09-06 20:25:37:153,1.4002,-1.3782,9.3938,-0.034,0.0436,9.8065,0.3017,0.0403,-0.0471,-10.69,-33.81,26.75,339.27,-86.12,-176.92
52.3978,-1.556829,162.86,16.17,2,159.43,18 / 19,3931510,2019-09-06 20:25:37:253,-1.3488,0.7794,10.2149,-0.0051,-0.0053,9.8066,0.0416,0.1048,-0.049,-10.62,-34.44,26.25,339.95,-86.33,-175.57
52.3978,-1.556829,162.86,16.17,2,159.43,18 / 19,3931609,2019-09-06 20:25:37:352,0.1918,1.3088,10.5747,-0.0083,0.0212,9.8066,0.185,-0.0466,0.0649,-10.56,-33.94,26.81,341.07,-86.38,-175.36
52.3978,-1.556829,162.86,16.17,2,159.43,18 / 19,3931709,2019-09-06 20:25:37:452,0.2623,-1.56,10.2666,0.0314,-0.0772,9.8062,-0.1949,0.0002,-0.0027,-10.31,-33.44,26.75,343.94,-86.3,-174.53
52.3978,-1.556829,162.86,16.17,2,159.43,18 / 19,3931809,2019-09-06 20:25:37:552,-0.2781,-0.6317,9.5974,0.0406,-0.0879,9.8061,-0.1624,-0.0061,0.0189,-11.19,-33.37,26.81,342.03,-86.23,-174.45
52.3978,-1.556829,162.86,16.17,2,159.43,18 / 19,3931909,2019-09-06 20:25:37:652,0.6721,0.4144,9.7417,0.0366,-0.0689,9.8063,0.0142,0.0223,0.0223,-11.25,-34,27.13,340.47,-85.74,-175.65
52.3978,-1.556829,162.86,16.17,2,159.43,18 / 19,3932009,2019-09-06 20:25:37:752,-0.8674,0.8704,9.5154,-0.022,0.0233,9.8065,-0.1642,0.0057,0.0393,-10.69,-33.37,26.25,341.23,-86.1,-174.33
52.3978,-1.556829,162.86,16.17,2,159.43,18 / 19,3932109,2019-09-06 20:25:37:852,-0.2308,-0.2368,8.9821,-0.0101,0.0093,9.8066,0.0463,0.0295,-0.019,-11.12,-33.75,26.25,341.8,-86.14,-173.78
52.3978,-1.556829,162.86,16.17,2,159.43,18 / 19,3932210,2019-09-06 20:25:37:953,-0.3629,0.28,9.7075,-0.0076,0.0183,9.8066,0.0235,0.0123,0.017,-11.44,-33.69,26.13,342.47,-86.32,-173.23
52.3978,-1.556829,162.86,16.17,2,159.43,18 / 19,3932310,2019-09-06 20:25:38:053,0.3522,-0.7911,10.693,-0.0123,0.0218,9.8066,0.0207,0.0539,-0.0474,-10.94,-33.87,26.56,343.29,-86.37,-173.29
52.3978,-1.556829,162.86,16.17,2,159.43,18 / 19,3932409,2019-09-06 20:25:38:152,0.9088,-0.5575,10.2491,0.0274,-0.0423,9.8064,0.0971,0.0077,0.0207,-11.25,-33.69,25.94,339.22,-85.99,-176.09
52.3978,-1.556829,162.86,16.17,2,159.43,18 / 19,3932510,2019-09-06 20:25:38:253,0.4869,-1.08,10.0772,0.007,-0.026,9.8066,-0.1598,-0.0089,0.0053,-11.37,-33.19,26.5,341.29,-85.96,-175.03
52.3978,-1.556829,162.86,16.17,2,159.43,18 / 19,3932610,2019-09-06 20:25:38:353,-0.5064,0.4067,9.091,0.0043,-0.0125,9.8066,-0.2023,0.0157,0.0206,-11.06,-33.31,26.06,341.57,-86.05,-174
52.3978,-1.556829,162.86,16.17,2,159.43,18 / 19,3932709,2019-09-06 20:25:38:452,-0.8604,0.9455,8.9851,0.0182,-0.0398,9.8065,0.1695,0.0294,0.0047,-11.06,-33.75,26.44,341.47,-86.15,-174.08
52.3978,-1.556829,162.86,16.17,2,159.43,18 / 19,3932809,2019-09-06 20:25:38:552,0.3771,0.9492,8.821,-0.0312,0.0605,9.8063,0.165,0.0226,-0.0039,-11.37,-33.62,26.44,341.73,-86.16,-173.85
52.3978,-1.556829,162.86,16.17,2,159.43,18 / 19,3932910,2019-09-06 20:25:38:653,-0.5151,0.1821,10.4435,-0.0237,0.0328,9.8065,0.0549,-0.0082,0.0344,-11.31,-33.19,26.63,344.75,-86.43,-171.99
52.3978,-1.556829,162.86,16.17,2,159.43,18 / 19,3933010,2019-09-06 20:25:38:753,0.5395,-0.5117,10.3327,0.0062,-0.0178,9.8066,0.0843,0.0445,-0.0289,-11.5,-33.5,26.63,344.41,-86.2,-172.23
52.3978,-1.556829,162.86,16.17,2,159.43,18 / 19,3933109,2019-09-06 20:25:38:852,-0.1708,-0.5256,10.497,0.0174,-0.0203,9.8065,-0.1182,0.0095,0.0003,-11.62,-33.62,26.5,341.22,-86.09,-173.33
52.3978,-1.556829,162.86,16.17,2,159.43,18 / 19,3933210,2019-09-06 20:25:38:953,-0.0415,1.5142,10.3071,0.0211,-0.0447,9.8065,-0.1642,0.0249,0.004,-11.31,-33.31,26.38,340.99,-85.93,-174.48
52.3978,-1.556829,162.86,16.17,2,159.43,18 / 19,3933310,2019-09-06 20:25:39:053,0.2632,-0.5998,9.31,0.0067,-0.029,9.8066,-0.1063,0.0402,-0.0254,-11.56,-33.31,26.69,340.73,-85.96,-173.78
52.3978,-1.556829,162.86,16.17,2,159.43,18 / 19,3933409,2019-09-06 20:25:39:152,-0.3042,0.1375,10.1459,-0.0157,-0.0012,9.8066,-0.0734,-0.0498,0.0361,-11,-33.25,26.56,341.87,-86.02,-174.52
52.3978,-1.556829,162.86,16.17,2,159.43,18 / 19,3933510,2019-09-06 20:25:39:253,0.7336,-2.0673,9.8389,0.0087,-0.0153,9.8066,0.0846,-0.0431,0.0559,-11.31,-32.81,26.31,344.33,-86.07,-171.47
52.3978,-1.556829,162.86,16.17,2,159.43,18 / 19,3933609,2019-09-06 20:25:39:352,-1.0298,0.0622,10.6395,0.025,-0.0594,9.8064,-0.1545,0.0403,-0.026,-11.25,-33,25.94,343.71,-85.67,-171.9
52.3978,-1.556829,162.86,16.17,2,159.43,18 / 19,3933710,2019-09-06 20:25:39:453,-0.2634,-0.0574,9.2741,0.0409,-0.0356,9.8065,0.2969,-0.048,-0.0646,-11.31,-32.62,26.44,340.11,-85.65,-175.18
52.3978,-1.556829,162.86,16.17,2,159.43,18 / 19,3933810,2019-09-06 20:25:39:553,0.9485,0.1365,9.2267,-0.0305,0.1016,9.8061,0.1255,0.0341,-0.0822,-10.94,-33.5,27.06,339.26,-86.17,-177
52.3978,-1.556829,162.86,16.17,2,159.43,18 / 19,3933909,2019-09-06 20:25:39:652,0.2471,0.7721,9.4211,-0.0149,0.0477,9.8065,-0.103,0.0347,-0.0368,-11.37,-33.87,27,336.2,-86.2,-179.81
52.3978,-1.556829,162.86,16.17,2,159.43,18 / 19,3934009,2019-09-06 20:25:39:752,-0.0374,-0.8402,9.75,-0.0067,0.0214,9.8065,0.1645,0.0678,-0.0489,-11.56,-33.06,26.19,332.07,-86.27,178.91
52.3978,-1.556829,162.86,16.17,2,159.43,18 / 19,3934110,2019-09-06 20:25:39:853,0.9939,1.0109,10.4473,-0.0174,0.0277,9.8066,-0.1945,-0.0454,0.0792,-10.94,-33.37,25.63,333,-86.59,177.78
52.3978,-1.556829,162.86,16.17,2,159.43,18 / 19,3934210,2019-09-06 20:25:39:953,0.4638,0.2733,10.5254,0.0274,-0.068,9.8064,-0.1382,0.0046,-0.0612,-11.62,-33.69,25.75,334.21,-86.19,-179
52.3978,-1.556829,162.86,16.17,2,159.43,18 / 19,3934310,2019-09-06 20:25:40:053,0.1934,-0.1804,9.4783,0.0218,-0.0544,9.8065,0.087,0.02,0.04,-11.75,-33,25.81,334.61,-86.11,-178.64
52.3966,-1.555959,162.54,16.36,2,153.31,18 / 19,3934409,2019-09-06 20:25:40:152,-1.5143,-0.1002,10.6966,-0.02,0.0093,9.8065,-0.0673,-0.0619,-0.0035,-11.69,-33.94,26.44,335.48,-86.02,-177.73
52.3966,-1.555959,162.54,16.36,2,153.31,18 / 19,3934510,2019-09-06 20:25:40:253,0.8611,-0.1728,9.6533,0.0066,0.0128,9.8065,0.0998,-0.0037,0.0435,-11.5,-33.56,26.88,339,-86.13,-177.18
52.3966,-1.555959,162.54,16.36,2,153.31,18 / 19,3934609,2019-09-06 20:25:40:352,0.7308,-0.0432,9.2968,-0.0107,0.019,9.8065,0.1231,0.0406,0.0235,-11.25,-33.5,26.44,337.16,-86.19,-178.14
52.3966,-1.555959,162.54,16.36,2,153.31,18 / 19,3934710,2019-09-06 20:25:40:453,-0.4919,0.455,9.4499,-0.0087,0.0206,9.8065,-0.0195,-0.0375,0.018,-11.81,-33.5,26.06,335.9,-86.28,-177.53
52.3966,-1.555959,162.54,16.36,2,153.31,18 / 19,3934810,2019-09-06 20:25:40:553,0.2284,-0.5176,10.0108,0.0107,-0.0027,9.8066,-0.0133,0.0135,-0.0738,-11.5,-33.19,26.44,337.06,-86.26,-178.26
52.3966,-1.555959,162.54,16.36,2,153.31,18 / 19,3934910,2019-09-06 20:25:40:653,0.7138,0.64,9.5686,0.0133,-0.0085,9.8066,0.056,-0.082,0.097,-11.62,-33.19,26.5,333.95,-86.22,179.81
52.3966,-1.555959,162.54,16.36,2,153.31,18 / 19,3935009,2019-09-06 20:25:40:752,-0.3142,0.6025,10.0778,-0.009,0.0288,9.8065,0.0251,0.0344,-0.0613,-11.5,-33.62,26.5,335.19,-86.12,179.3
52.3966,-1.555959,162.54,16.36,2,153.31,18 / 19,3935110,2019-09-06 20:25:40:853,0.4542,-0.2095,9.8453,0.0105,0.0098,9.8065,-0.0441,0.0326,0.014,-11.81,-33.37,26.13,330.51,-86.24,177.47
52.3966,-1.555959,162.54,16.36,2,153.31,18 / 19,3935210,2019-09-06 20:25:40:953,-0.8171,-0.0062,9.7704,-0.004,-0.0077,9.8066,-0.0829,-0.0004,0.0099,-11.12,-34.19,26.13,331.46,-86.19,176.64
52.3966,-1.555959,162.54,16.36,2,153.31,18 / 19,3935310,2019-09-06 20:25:41:053,0.321,-0.3957,10.5605,-0.0128,0.0065,9.8066,0.081,0.0187,-0.0388,-11.5,-33.56,26.19,332.29,-86.26,177.37
52.3966,-1.555959,162.54,16.36,2,153.31,19 / 20,3935410,2019-09-06 20:25:41:153,-0.0876,-0.6208,10.3941,0.0014,-0.0016,9.8066,0.1506,-0.0276,0.0242,-11.5,-33.31,26.31,332.89,-86.25,177.87
52.3966,-1.555959,162.54,16.36,2,153.31,19 / 20,3935510,2019-09-06 20:25:41:253,0.3159,-1.4214,10.1643,-0.0015,0.0122,9.8066,-0.175,0.0055,0.0246,-11.25,-33,26.13,332.99,-86.29,177.94
52.3966,-1.555959,162.54,16.36,2,153.31,19 / 20,3935610,2019-09-06 20:25:41:353,0.1919,-0.5877,10.4676,0.0044,-0.0127,9.8065,0.0049,-0.0149,-0.0296,-11.44,-33.19,26.63,333.81,-86.24,177.9
52.3966,-1.555959,162.54,16.36,2,153.31,19 / 20,3935709,2019-09-06 20:25:41:452,0.4893,0.4837,9.9322,-0.0047,0.0105,9.8065,0.0076,-0.0111,0.0793,-11.37,-33.06,26.25,333.87,-86.17,178.83
52.3966,-1.555959,162.54,16.36,2,153.31,19 / 20,3935810,2019-09-06 20:25:41:553,0.6256,0.0902,9.4413,-0.0012,-0.0159,9.8066,-0.1786,-0.0217,0.0045,-11.94,-32.87,26.38,335.01,-85.98,-178.21
52.3966,-1.555959,162.54,16.36,2,153.31,19 / 20,3935909,2019-09-06 20:25:41:652,-0.977,0.1606,9.6382,0.021,-0.038,9.8065,0.1882,0.0097,0.0217,-12.44,-33.37,26.31,335.74,-85.94,-177.51
52.3966,-1.555959,162.54,16.36,2,153.31,19 / 20,3936009,2019-09-06 20:25:41:752,-0.1032,-0.0031,10.0267,-0.0375,0.0657,9.8063,0.23,-0.0161,0.0075,-12.31,-33.19,26.75,338.38,-86.42,-176.15
52.3966,-1.555959,162.54,16.36,2,153.31,19 / 20,3936110,2019-09-06 20:25:41:853,0.3596,-0.365,9.7988,-0.0203,0.0426,9.8064,-0.0929,0.0263,-0.0364,-12,-33.19,26.56,338.31,-86.35,-176.19
52.3966,-1.555959,162.54,16.36,2,153.31,19 / 20,3936209,2019-09-06 20:25:41:952,0.3162,0.0354,9.2859,0.0132,-0.0174,9.8065,0.0066,0.0311,0.0399,-11.69,-33.62,26.19,336.54,-86.27,-176.88
52.3966,-1.555959,162.54,16.36,2,153.31,19 / 20,3936309,2019-09-06 20:25:42:052,-0.7417,-0.1635,10.4303,0.0011,-0.0205,9.8066,-0.0932,-0.0126,-0.069,-12.19,-33.25,26.31,336.84,-86.16,-176.6
52.3966,-1.555959,162.54,16.36,2,153.31,19 / 20,3936410,2019-09-06 20:25:42:153,0.9136,-0.7823,9.3775,0.0204,-0.0031,9.8065,-0.071,-0.0127,-0.0299,-12.31,-33.19,26.19,333.9,-86.1,-179.29
52.3966,-1.555959,162.54,16.36,2,153.31,19 / 20,3936509,2019-09-06 20:25:42:252,0.2682,0.0845,9.5867,0.0082,0.0068,9.8066,0.0464,0.0011,0.0409,-12.19,-33.31,26.38,332.1,-86.19,178.98
52.3966,-1.555959,162.54,16.36,2,153.31,19 / 20,3936610,2019-09-06 20:25:42:353,-0.3767,0.6571,10.1142,-0.0208,0.0163,9.8065,0.0551,0.0097,-0.0189,-12,-33.25,26.31,332.87,-86.43,179.57
52.3966,-1.555959,162.54,16.36,2,153.31,19 / 20,3936710,2019-09-06 20:25:42:453,0.0792,0.3348,9.824,-0.0126,0.0192,9.8065,0.1024,0,0.014,-12.06,-33,26.5,334.35,-86.38,-179.89
52.3966,-1.555959,162.54,16.36,2,153.31,19 / 20,3936809,2019-09-06 20:25:42:552,0.0176,-0.662,9.2867,0.0031,0.0065,9.8066,0.0952,-0.0334,0.0197,-12.25,-33.69,26,334.31,-86.27,-178.95
52.3966,-1.555959,162.54,16.36,2,153.31,19 / 20,3936909,2019-09-06 20:25:42:652,0.4842,-0.267,9.8246,-0.0084,0.0194,9.8066,-0.1302,0.0202,-0.0216,-12.37,-33.06,25.94,334.01,-86.37,-179.34
52.3966,-1.555959,162.54,16.36,2,153.31,19 / 20,3937010,2019-09-06 20:25:42:753,0.4483,0.9648,9.765,0.0116,-0.0038,9.8066,-0.0684,0.0383,-0.0164,-11.87,-33.81,25.94,332.06,-86.37,178.9
52.3966,-1.555959,162.54,16.36,2,153.31,19 / 20,3937110,2019-09-06 20:25:42:853,0.2525,0.5792,10.0132,0.0209,-0.0166,9.8066,0.0876,0.0099,0.0042,-12.06,-33.87,26.31,330.71,-86.26,177.71
52.3966,-1.555959,162.54,16.36,2,153.31,19 / 20,3937209,2019-09-06 20:25:42:952,0.603,0.3022,9.9808,-0.0009,0.006,9.8066,0.014,0.0456,-0.0559,-12.37,-33.25,26.44,330.54,-86.09,177.59
52.3966,-1.555959,162.54,16.36,2,153.31,19 / 20,3937309,2019-09-06 20:25:43:052,0.1091,-0.2725,9.4536,0.0008,0.0101,9.8066,0.0474,-0.01,-0.0011,-12.12,-33.19,26.38,329.27,-85.96,176.49
52.3966,-1.555959,162.54,16.36,2,153.31,18 / 19,3937409,2019-09-06 20:25:43:152,0.6755,-0.139,9.148,-0.004,0.0036,9.8066,0.0031,-0.0053,0.0426,-12,-33.56,26.25,329.45,-86.01,176.69
52.3966,-1.555959,162.54,16.36,2,153.31,18 / 19,3937510,2019-09-06 20:25:43:253,-0.423,0.4719,9.7171,-0.0203,0.0328,9.8065,-0.1103,0.0313,0.0129,-12.12,-33.56,25.69,330.61,-86.37,177.55
52.3966,-1.555959,162.54,16.36,2,153.31,18 / 19,3937610,2019-09-06 20:25:43:353,-0.177,0.219,9.8257,0.0037,-0.0173,9.8066,-0.0745,0.0011,0.0137,-12.06,-32.81,26.19,331.2,-86.34,178.06
52.3966,-1.555959,162.54,16.36,2,153.31,18 / 19,3937710,2019-09-06 20:25:43:453,-0.2992,1.5654,10.0507,0.0197,-0.034,9.8065,0.1286,-0.0308,0.0355,-12.5,-33.37,25.69,331.46,-86.21,178.37
52.3966,-1.555959,162.54,16.36,2,153.31,18 / 19,3937809,2019-09-06 20:25:43:552,-0.0249,0.3395,10.1992,-0.0009,0.0134,9.8066,0.1381,0.0144,-0.0256,-12,-32.69,26.38,329.97,-86.15,177.02
52.3966,-1.555959,162.54,16.36,2,153.31,18 / 19,3937909,2019-09-06 20:25:43:652,-0.21,0.7958,9.9976,-0.0019,0.0054,9.8066,0.003,0.0096,0.0131,-12.19,-33.5,26.5,330.47,-86.02,176.68
52.3966,-1.555959,162.54,16.36,2,153.31,18 / 19,3938009,2019-09-06 20:25:43:752,0.2133,-0.0022,9.1651,-0.012,0.0247,9.8065,-0.0169,-0.0041,0.0094,-12.44,-33.75,25.5,329.12,-86.03,176.38
52.3966,-1.555959,162.54,16.36,2,153.31,18 / 19,3938110,2019-09-06 20:25:43:853,-0.2605,1.4652,9.6435,-0.0055,0.0228,9.8066,0.0597,-0.0106,0.0425,-12.37,-33.81,25.44,327.81,-86.3,175.92
52.3966,-1.555959,162.54,16.36,2,153.31,18 / 19,3938209,2019-09-06 20:25:43:952,1.1961,0.6608,9.6566,0.0011,-0.0037,9.8066,0.0088,0.1284,-0.0599,-12.06,-33.75,25.63,327.52,-86.41,174.63
52.3966,-1.555959,162.54,16.36,2,153.31,18 / 19,3938310,2019-09-06 20:25:44:053,-0.1321,-0.3408,10.0744,-0.0005,-0.0265,9.8066,-0.0694,0.0903,0.0077,-12.06,-33.19,26,326.9,-86.44,173.96
52.3966,-1.555959,162.54,16.36,2,153.31,18 / 19,3938409,2019-09-06 20:25:44:152,-0.5563,-0.3969,10.481,0.0069,-0.0318,9.8065,0.0171,0.0018,0.0585,-12.37,-33.62,25.94,329.88,-86.16,177
52.3966,-1.555959,162.54,16.36,2,153.31,18 / 19,3938510,2019-09-06 20:25:44:253,0.824,-1.3656,9.541,0.0025,-0.0428,9.8065,-0.0539,-0.0027,-0.022,-12.62,-33.31,25.81,330.32,-86.08,179.15
52.3966,-1.555959,162.54,16.36,2,153.31,18 / 19,3938609,2019-09-06 20:25:44:352,-0.6105,-0.3958,9.7949,-0.0112,0.0346,9.8065,-0.0209,-0.0408,0.0487,-12.37,-33.62,26,332.69,-86.15,179.62
52.3966,-1.555959,162.54,16.36,2,153.31,18 / 19,3938710,2019-09-06 20:25:44:453,0.3058,0.1214,9.618,-0.0087,0.0248,9.8066,-0.0027,-0.0021,-0.007,-12.5,-34.06,26,331.99,-86.5,178.77
52.3966,-1.555959,162.54,16.36,2,153.31,18 / 19,3938809,2019-09-06 20:25:44:552,-0.2972,0.8808,9.8273,-0.0006,0.0016,9.8066,0.0198,-0.0164,-0.0469,-12,-33.44,26.13,329.98,-86.49,176.83
52.3966,-1.555959,162.54,16.36,2,153.31,18 / 19,3938910,2019-09-06 20:25:44:653,0.6712,-0.0975,9.9222,0.0012,0.0098,9.8066,0.0331,-0.0243,0.0563,-12.25,-33.62,26.25,328.94,-86.45,175.94
52.3966,-1.555959,162.54,16.36,2,153.31,18 / 19,3939009,2019-09-06 20:25:44:752,-0.2689,0.0724,10.422,0.003,-0.0057,9.8066,0.0032,-0.0141,-0.0217,-12.56,-33.25,26,327.88,-86.33,176.72
52.3966,-1.555959,162.54,16.36,2,153.31,18 / 19,3939109,2019-09-06 20:25:44:852,0.4006,0.3084,9.6475,0.0076,0.0017,9.8066,0.1256,-0.0038,-0.0026,-12.56,-33.69,26.56,327.59,-86.21,175.66
52.3966,-1.555959,162.54,16.36,2,153.31,18 / 19,3939210,2019-09-06 20:25:44:953,1.2034,-0.9853,9.2043,-0.0085,0.0225,9.8065,0.008,0.0365,-0.0112,-12.44,-34.25,26.63,328.76,-86.08,175.12
52.3966,-1.555959,162.54,16.36,2,153.31,18 / 19,3939310,2019-09-06 20:25:45:053,0.0817,-0.7029,10.2537,-0.018,0.0213,9.8065,-0.0939,0.0326,-0.016,-12.44,-33.19,26.13,327.46,-86.32,174.57
52.3966,-1.555959,162.54,16.36,2,153.31,17 / 19,3939410,2019-09-06 20:25:45:153,0.6888,-0.5747,10.3115,0.021,-0.0262,9.8066,-0.0015,0.0267,-0.0267,-12.62,-33.5,26.56,326.23,-86.22,174.31
52.3966,-1.555959,162.54,16.36,2,153.31,17 / 19,3939510,2019-09-06 20:25:45:253,0.6807,0.0006,9.1351,0.0201,-0.0107,9.8065,-0.1184,-0.0052,0.0355,-12.19,-33.75,25.75,325.14,-86.13,172.6
52.3966,-1.555959,162.54,16.36,2,153.31,17 / 19,3939609,2019-09-06 20:25:45:352,0.66,0.4703,9.207,0.0089,-0.0444,9.8065,-0.3192,0.0475,-0.0315,-13,-33.69,26.63,326.9,-85.89,175.22
52.3966,-1.555959,162.54,16.36,2,153.31,17 / 19,3939710,2019-09-06 20:25:45:453,0.286,-0.1014,8.9907,0.0152,-0.0264,9.8065,0.2611,0.0073,0.0587,-12.75,-34.19,26.75,327.3,-86.04,175.5
52.3966,-1.555959,162.54,16.36,2,153.31,17 / 19,3939809,2019-09-06 20:25:45:552,-0.6452,-1.6463,9.9955,-0.0313,0.0156,9.8065,0.0776,0.0563,-0.078,-12.31,-33.62,26.19,330.19,-86.23,177.25
52.3966,-1.555959,162.54,16.36,2,153.31,17 / 19,3939909,2019-09-06 20:25:45:652,0.8405,-0.5944,10.5217,-0.0123,0.0298,9.8065,-0.153,-0.0019,0.0956,-12.75,-33.37,26.31,329.5,-86.52,178.11
52.3966,-1.555959,162.54,16.36,2,153.31,17 / 19,3940010,2019-09-06 20:25:45:753,0.3498,-0.5351,10.0922,0.0115,-0.0539,9.8065,-0.1303,0.007,-0.0304,-13.19,-33.31,25.88,332.16,-86.07,-179.14
52.3966,-1.555959,162.54,16.36,2,153.31,17 / 19,3940110,2019-09-06 20:25:45:853,0.0023,-0.6651,10.7174,0.028,-0.022,9.8065,0.2198,-0.0023,0.0247,-13.44,-33.44,26.31,331.01,-85.91,179.89
52.3966,-1.555959,162.54,16.36,2,153.31,17 / 19,3940209,2019-09-06 20:25:45:952,1.4397,-1.6466,10.4058,-0.0034,0.0045,9.8066,0.1472,0.0478,-0.1039,-13.37,-33.94,25.69,329.39,-85.76,178.55
52.3966,-1.555959,162.54,16.36,2,153.31,17 / 19,3940309,2019-09-06 20:25:46:052,1.0098,0.7187,9.859,0.0077,0.0077,9.8066,-0.0218,-0.0169,0.0693,-13.06,-34.37,25.38,326.02,-85.68,176.49
52.3966,-1.555959,162.54,16.36,2,153.31,17 / 20,3940411,2019-09-06 20:25:46:154,1.2283,-0.2194,9.3666,0.0003,0.0314,9.8066,-0.1085,-0.0282,0.0471,-12.31,-34,26.44,326.98,-85.89,174.48
52.3966,-1.555959,162.54,16.36,2,153.31,17 / 20,3940510,2019-09-06 20:25:46:253,-0.5208,-0.1581,8.7891,-0.0155,0.0046,9.8065,-0.0819,-0.0159,0.0934,-13,-33.81,25.69,325.45,-86.2,174.6
52.3966,-1.555959,162.54,16.36,2,153.31,17 / 20,3940610,2019-09-06 20:25:46:353,0.2157,0.7004,8.5381,-0.0413,0.0068,9.8065,0.036,-0.041,0.0594,-13.5,-33.69,25.56,330.12,-86.5,178.78
52.3966,-1.555959,162.54,16.36,2,153.31,17 / 20,3940709,2019-09-06 20:25:46:452,-0.1558,0.5672,10.3399,-0.0213,-0.001,9.8065,0.0216,0.0075,0.0502,-13.94,-33.37,24.56,333.3,-86.74,-175.73
52.3966,-1.555959,162.54,16.36,2,153.31,17 / 20,3940810,2019-09-06 20:25:46:553,-0.8614,-0.2507,12.4592,-0.0035,-0.0145,9.8066,0.1117,0.0653,-0.012,-14.37,-33.56,24.81,338.07,-86.71,-171.19
52.3966,-1.555959,162.54,16.36,2,153.31,17 / 20,3940910,2019-09-06 20:25:46:653,0.7577,0.5602,12.1823,0.0545,-0.0533,9.8063,0.0984,0.0224,-0.0747,-14.19,-34,25.25,334.67,-85.74,-173.85
52.3966,-1.555959,162.54,16.36,2,153.31,17 / 20,3941010,2019-09-06 20:25:46:753,-0.4156,-0.6765,9.506,0.0434,-0.0245,9.8065,-0.0226,0.1247,-0.1118,-13.75,-33.62,26.19,331.58,-85.14,-177.37
52.3966,-1.555959,162.54,16.36,2,153.31,17 / 20,3941110,2019-09-06 20:25:46:853,0.0671,0.4615,7.6592,-0.0122,0.0777,9.8063,-0.2238,0.0245,0.0276,-13.06,-34.25,26.25,327.63,-85.67,176.98
52.3966,-1.555959,162.54,16.36,2,153.31,17 / 20,3941210,2019-09-06 20:25:46:953,-0.0369,1.8735,8.3339,-0.0328,0.0495,9.8064,0.1748,-0.0104,-0.0306,-13,-34.56,26.13,327.6,-86.21,176.67
52.3966,-1.555959,162.54,16.36,2,153.31,17 / 20,3941309,2019-09-06 20:25:47:052,0.0009,0.893,10.1361,-0.0046,0.022,9.8065,0.0002,0.015,-0.0086,-13.12,-33.87,25.81,326.67,-86.53,175.51
52.3966,-1.555959,162.54,16.36,2,153.31,19 / 20,3941409,2019-09-06 20:25:47:152,0.7371,-0.6003,9.6337,0.0196,-0.0321,9.8065,0.1344,0.0356,-0.0142,-12.94,-34.19,26.31,326.12,-86.08,175.3
52.3966,-1.555959,162.54,16.36,2,153.31,19 / 20,3941510,2019-09-06 20:25:47:253,1.2288,-1.2351,10.3254,0.0007,-0.029,9.8065,0.0918,0.0195,0.0373,-13,-33.75,26.88,328.6,-85.73,176.91
52.3966,-1.555959,162.54,16.36,2,153.31,19 / 20,3941610,2019-09-06 20:25:47:353,-1.4663,0.7189,10.4518,-0.0133,0.009,9.8066,-0.0935,-0.0489,0.0878,-13.19,-33.81,26.19,330.86,-85.72,179.93
52.3966,-1.555959,162.54,16.36,2,153.31,19 / 20,3941710,2019-09-06 20:25:47:453,0.6026,0.7241,9.1728,0.0003,0.0021,9.8066,-0.196,0.088,-0.0528,-13.37,-34.19,26.5,330.34,-85.83,178.46
52.3966,-1.555959,162.54,16.36,2,153.31,19 / 20,3941810,2019-09-06 20:25:47:553,0.9042,-0.2711,9.6684,0.0097,-0.0263,9.8065,-0.0601,0.0034,-0.0113,-13.56,-33.62,26.31,327.35,-85.9,178.27
52.3966,-1.555959,162.54,16.36,2,153.31,19 / 20,3941910,2019-09-06 20:25:47:653,0.3482,-0.6555,9.3949,-0.0081,0.0088,9.8066,-0.0575,0.0166,-0.0078,-13.37,-34.06,26.44,327.55,-86.07,176.64
52.3966,-1.555959,162.54,16.36,2,153.31,19 / 20,3942009,2019-09-06 20:25:47:752,0.0755,-0.1299,10.1135,0.0116,-0.0049,9.8066,0.1892,0.0214,0.017,-13.25,-34.12,26.06,326.75,-86,175.94
52.3966,-1.555959,162.54,16.36,2,153.31,19 / 20,3942110,2019-09-06 20:25:47:853,0.8433,-0.1415,10.2373,-0.0126,-0.0028,9.8066,0.1403,0.0377,-0.0278,-13.12,-33.81,26.06,325.95,-85.96,175.23
52.3966,-1.555959,162.54,16.36,2,153.31,19 / 20,3942210,2019-09-06 20:25:47:953,0.8714,-0.8804,10.6342,-0.0127,-0.0072,9.8066,-0.0198,-0.0251,0.0627,-13.56,-33.5,26.38,327.56,-85.88,178.4
52.3966,-1.555959,162.54,16.36,2,153.31,19 / 20,3942311,2019-09-06 20:25:48:054,-0.779,0.212,10.76,0,-0.0171,9.8066,0.0631,0.0036,0.0527,-13.37,-33.06,25.63,332.98,-85.69,-178.17
52.3966,-1.555959,162.54,16.36,2,153.31,18 / 19,3942409,2019-09-06 20:25:48:152,0.5985,-0.3788,9.5271,-0.0129,0.0384,9.8065,-0.1497,-0.0229,0.0178,-13.5,-33.19,26.19,333.26,-85.92,-178.04
52.3966,-1.555959,162.54,16.36,2,153.31,18 / 19,3942509,2019-09-06 20:25:48:252,-0.9416,0.9042,10.0654,0.0151,0.0056,9.8066,-0.1286,0.0944,-0.0835,-13.62,-33.44,25.13,330.96,-85.86,-177.41
52.3966,-1.555959,162.54,16.36,2,153.31,18 / 19,3942610,2019-09-06 20:25:48:353,-0.0522,1.5295,9.1774,0.0473,-0.0662,9.8062,0.1304,0.0408,-0.0461,-12.87,-33.62,25.56,329.39,-85.51,178.71
52.3966,-1.555959,162.54,16.36,2,153.31,18 / 19,3942710,2019-09-06 20:25:48:453,0.7739,-0.5527,9.8516,-0.0137,0.0334,9.8065,0.1339,0.0093,0.0188,-13.44,-33.94,25.81,328.51,-85.66,177.8
52.3966,-1.555959,162.54,16.36,2,153.31,18 / 19,3942809,2019-09-06 20:25:48:552,-0.2592,-0.542,10.2125,0.0027,0.0027,9.8066,-0.0106,0.0034,-0.0251,-13.69,-33.19,26,326.74,-85.54,177.85
52.3966,-1.555959,162.54,16.36,2,153.31,18 / 19,3942910,2019-09-06 20:25:48:653,-0.1126,-0.0374,9.1716,0.0048,0.0028,9.8066,-0.0198,0.0041,-0.0033,-13.19,-34.25,25.56,328.68,-85.52,178.05
52.3966,-1.555959,162.54,16.36,2,153.31,18 / 19,3943010,2019-09-06 20:25:48:753,-0.5311,1.1639,9.7687,0.0092,-0.0069,9.8066,0.0025,-0.0246,0.0222,-13.25,-34.25,26,327.16,-85.56,176.61
52.3966,-1.555959,162.54,16.36,2,153.31,18 / 19,3943110,2019-09-06 20:25:48:853,-0.4906,-0.4327,10.7263,0.0196,-0.013,9.8065,0.0085,0.0282,-0.0772,-12.69,-33.87,25.31,325.89,-85.69,176.36
52.3966,-1.555959,162.54,16.36,2,153.31,18 / 19,3943210,2019-09-06 20:25:48:953,0.0969,0.448,10.4742,0.0268,-0.0171,9.8066,0.1762,0.0533,-0.0627,-12.44,-34.31,26.31,325.27,-85.44,173.22
52.3966,-1.555959,162.54,16.36,2,153.31,18 / 19,3943309,2019-09-06 20:25:49:052,-0.3584,-0.1093,10.3956,-0.0028,0.0202,9.8066,0.1777,-0.0223,0.0351,-12.37,-34.06,26.38,322.61,-85.43,170.77
52.39542,-1.554842,160.1,17.73,3,145.97,18 / 19,3943409,2019-09-06 20:25:49:152,1.1426,-0.0079,9.7311,-0.0144,0.0307,9.8065,-0.1337,0.0725,-0.0236,-12.37,-34.06,26.38,323.34,-85.19,171.63
52.39542,-1.554842,160.1,17.73,3,145.97,18 / 19,3943510,2019-09-06 20:25:49:253,-0.283,-0.2979,9.3789,0.0271,-0.0533,9.8064,-0.1484,-0.025,0.0496,-12.87,-34.37,25.75,320.34,-85.12,170.66
52.39542,-1.554842,160.1,17.73,3,145.97,18 / 19,3943610,2019-09-06 20:25:49:353,-0.149,0.9626,9.2337,0.0138,-0.0484,9.8065,0.1119,0.0433,0.0307,-12.62,-33.5,25.81,322.08,-85.19,172.1
52.39542,-1.554842,160.1,17.73,3,145.97,18 / 19,3943710,2019-09-06 20:25:49:453,0.0496,-1.1137,9.7279,-0.0367,0.0331,9.8065,0.0657,0.0015,0.0759,-13.75,-33.37,25.69,322.96,-85.3,174.52
52.39542,-1.554842,160.1,17.73,3,145.97,18 / 19,3943809,2019-09-06 20:25:49:552,-1.396,0.4953,10.6308,-0.0218,0.0078,9.8066,0.0765,0.0373,-0.0262,-13.62,-33.94,26.13,326,-85.53,177.26
52.39542,-1.554842,160.1,17.73,3,145.97,18 / 19,3943910,2019-09-06 20:25:49:653,-0.1926,-0.5963,10.6554,0.0126,-0.0191,9.8065,0.0926,-0.007,0.0332,-12.94,-34.12,26.56,329.92,-85.3,178.39
52.39542,-1.554842,160.1,17.73,3,145.97,18 / 19,3944010,2019-09-06 20:25:49:753,-0.0065,-0.6834,10.5804,0.0048,-0.0118,9.8065,-0.0366,-0.0259,0.0049,-13.12,-33.62,26.31,328.9,-85.16,178.48
52.39542,-1.554842,160.1,17.73,3,145.97,18 / 19,3944110,2019-09-06 20:25:49:853,0.2998,0.2868,9.9473,0.018,-0.0322,9.8065,-0.0993,-0.0084,-0.0252,-13.5,-33.69,26.38,328.45,-84.9,178.24
52.39542,-1.554842,160.1,17.73,3,145.97,18 / 19,3944210,2019-09-06 20:25:49:953,-0.1505,0.4579,10.4036,0.0103,-0.0357,9.8065,0.026,0.0284,0.0428,-12.94,-33.62,26.5,330.29,-84.85,179
52.39542,-1.554842,160.1,17.73,3,145.97,18 / 19,3944310,2019-09-06 20:25:50:053,-0.1158,-0.5376,9.594,-0.0165,-0.0024,9.8066,0.0731,0.0097,0.0198,-13.31,-33.31,26.38,328.13,-84.88,177.86
52.39542,-1.554842,160.1,17.73,3,145.97,18 / 19,3944410,2019-09-06 20:25:50:153,-0.0858,0.1798,9.3169,0.0115,-0.0151,9.8066,-0.0878,-0.0366,-0.0045,-13.06,-33.75,26.38,330.59,-85.12,-179.95
52.39542,-1.554842,160.1,17.73,3,145.97,18 / 19,3944509,2019-09-06 20:25:50:252,-0.327,-0.8944,9.8112,0.0047,0.0002,9.8066,0.0131,-0.034,0.0175,-13.56,-33.81,26.06,328.14,-85.17,179.47
52.39542,-1.554842,160.1,17.73,3,145.97,18 / 19,3944609,2019-09-06 20:25:50:352,0.0973,0.7426,10.2765,0.0085,-0.0043,9.8066,-0.0102,-0.0257,0.0358,-13.69,-33.81,26.38,327.33,-85.25,178.67
52.39542,-1.554842,160.1,17.73,3,145.97,18 / 19,3944709,2019-09-06 20:25:50:452,-0.4199,-0.1155,11.0214,0.0022,-0.0133,9.8066,0.0816,-0.0264,-0.0269,-13.12,-33.75,26.31,329.39,-85.18,178.92
52.39542,-1.554842,160.1,17.73,3,145.97,18 / 19,3944810,2019-09-06 20:25:50:553,0.6176,0.0004,9.4756,0.016,-0.0305,9.8065,-0.0488,-0.0026,0.0497,-13.94,-33.87,26.5,328.67,-85.03,179.06
52.39542,-1.554842,160.1,17.73,3,145.97,18 / 19,3944910,2019-09-06 20:25:50:653,-1.1986,0.9038,10.7938,-0.0118,-0.0152,9.8066,-0.0781,-0.0107,0.0111,-13.69,-33.62,25.69,329.54,-84.96,-179.12
52.39542,-1.554842,160.1,17.73,3,145.97,18 / 19,3945010,2019-09-06 20:25:50:753,-0.549,0.6049,10.419,0.0049,0.004,9.8066,0.0682,0.04,-0.0602,-13.56,-33.25,26.88,330.7,-84.98,-179.13
52.39542,-1.554842,160.1,17.73,3,145.97,18 / 19,3945110,2019-09-06 20:25:50:853,-0.3841,0.9182,10.6599,0.0096,-0.0055,9.8066,0.1277,-0.0099,-0.0234,-13.62,-34.06,26.63,327.59,-84.71,178.28
52.39542,-1.554842,160.1,17.73,3,145.97,18 / 19,3945210,2019-09-06 20:25:50:953,0.5311,-0.839,10.3679,0.0318,-0.045,9.8065,0.0003,-0.0345,0.0065,-13.69,-32.75,26.44,325.08,-84.55,176.99
52.39542,-1.554842,160.1,17.73,3,145.97,18 / 19,3945309,2019-09-06 20:25:51:052,-0.5469,-0.2009,10.0392,0.0198,-0.0178,9.8066,-0.0164,0.0004,-0.0377,-13.62,-33.44,27.25,325.36,-84.26,176.44
52.39542,-1.554842,160.1,17.73,3,145.97,18 / 19,3945410,2019-09-06 20:25:51:153,0.387,0.4358,9.7881,0.008,-0.0031,9.8066,-0.0684,-0.0589,0.0033,-12.87,-33.44,27.13,325.93,-84.38,175.24
52.39542,-1.554842,160.1,17.73,3,145.97,18 / 19,3945510,2019-09-06 20:25:51:253,0.2294,-0.0447,8.9797,0.0196,0.0043,9.8066,-0.1289,-0.0174,0.0049,-13.25,-33.62,27.13,324.38,-84.41,173.91
52.39542,-1.554842,160.1,17.73,3,145.97,18 / 19,3945610,2019-09-06 20:25:51:353,-0.5755,1.9997,9.3793,0.0183,-0.0386,9.8065,0.4375,0.0333,-0.0563,-12.94,-33.81,26.81,324.06,-84.23,173.75
52.39542,-1.554842,160.1,17.73,3,145.97,18 / 19,3945710,2019-09-06 20:25:51:453,-1.0098,-0.4956,10.1445,-0.0276,0.0507,9.8065,0.2149,-0.106,0.0312,-12.94,-33.75,26.63,323.39,-84.16,173.2
52.39542,-1.554842,160.1,17.73,3,145.97,18 / 19,3945810,2019-09-06 20:25:51:553,0.3337,0.08,10.4575,-0.0206,0.0295,9.8065,-0.1536,-0.0411,0.0439,-12.62,-33.56,27.56,324.73,-84.53,173.24
52.39542,-1.554842,160.1,17.73,3,145.97,18 / 19,3945910,2019-09-06 20:25:51:653,-0.7826,0.9488,9.3946,0.0119,-0.0246,9.8066,-0.1759,0.0276,0.0222,-13.37,-33.5,26.69,323.81,-84.33,173.34
52.39542,-1.554842,160.1,17.73,3,145.97,18 / 19,3946010,2019-09-06 20:25:51:753,-0.0796,0.7152,9.4734,0.0158,-0.0151,9.8066,-0.0193,-0.0293,0.0095,-13.75,-33.81,26.44,320.59,-84.39,173.13
52.39542,-1.554842,160.1,17.73,3,145.97,18 / 19,3946110,2019-09-06 20:25:51:853,0.0621,0.9038,9.2277,-0.0071,0.022,9.8065,-0.0841,0.0157,-0.0441,-13.12,-33.62,26.69,323.05,-84.51,172.64
52.39542,-1.554842,160.1,17.73,3,145.97,18 / 19,3946210,2019-09-06 20:25:51:953,0.0935,0.4106,9.8939,0.0056,0.0018,9.8066,-0.0782,0.0433,0.0221,-13,-34.19,27.44,322.48,-84.35,172.23
52.39542,-1.554842,160.1,17.73,3,145.97,18 / 19,3946310,2019-09-06 20:25:52:053,0.3757,0.397,10.1188,0.0159,-0.0353,9.8065,0.0083,0.0134,-0.0016,-13.62,-33.69,26.56,320.06,-84.27,171.73
52.39542,-1.554842,160.1,17.73,3,145.97,18 / 19,3946410,2019-09-06 20:25:52:153,-0.0103,0.1762,10.1513,-0.002,-0.0062,9.8066,-0.0397,-0.0383,-0.0123,-13.69,-33.31,26.81,321.72,-84.02,173.3
52.39542,-1.554842,160.1,17.73,3,145.97,18 / 19,3946509,2019-09-06 20:25:52:252,0.142,0.9693,9.3783,0,0.0048,9.8066,-0.0353,0.0481,0.0048,-13.69,-33.62,26.38,320.48,-84.01,173.33
52.39542,-1.554842,160.1,17.73,3,145.97,18 / 19,3946610,2019-09-06 20:25:52:353,-0.7119,1.4487,9.4256,0.0062,-0.0116,9.8066,0.1052,-0.0194,0.006,-13.56,-33.81,26.25,320.18,-83.94,173.12
52.39542,-1.554842,160.1,17.73,3,145.97,18 / 19,3946709,2019-09-06 20:25:52:452,-0.7629,-0.566,9.5497,-0.0037,0.0119,9.8066,-0.0602,0.0238,-0.0674,-12.94,-33.87,26.44,321.93,-84.11,172.9
52.39542,-1.554842,160.1,17.73,3,145.97,18 / 19,3946809,2019-09-06 20:25:52:552,0.0687,0.2915,10.1375,-0.0149,0.0116,9.8066,0.0006,0.0437,-0.0056,-13.44,-34.31,26.63,322.35,-84.18,172.24
52.39542,-1.554842,160.1,17.73,3,145.97,18 / 19,3946910,2019-09-06 20:25:52:653,0.3805,0.0418,10.7833,0.0204,-0.0369,9.8065,0.0823,0.0468,0,-13.19,-34.06,27,322.06,-84.23,171.94
52.39542,-1.554842,160.1,17.73,3,145.97,18 / 19,3947010,2019-09-06 20:25:52:753,-0.1905,-1.1053,10.5315,0.0039,-0.0162,9.8066,-0.0979,0.0431,-0.0255,-13.69,-33.62,26.88,320.95,-84.01,172.73
52.39542,-1.554842,160.1,17.73,3,145.97,18 / 19,3947109,2019-09-06 20:25:52:852,-0.4572,0.9252,9.5705,0.0094,-0.02,9.8066,-0.1442,-0.0248,-0.0336,-13.56,-33.25,26.88,321.91,-83.89,173.57
52.39542,-1.554842,160.1,17.73,3,145.97,18 / 19,3947210,2019-09-06 20:25:52:953,-0.283,0.1882,9.7353,0.005,-0.0105,9.8066,0.083,0.0314,0.0416,-13.5,-33.56,26.88,323.61,-83.88,173.6
52.39542,-1.554842,160.1,17.73,3,145.97,18 / 19,3947310,2019-09-06 20:25:53:053,0.0852,0.0882,10.0602,-0.024,0.0104,9.8066,0.1461,0.051,0.012,-13.94,-33.75,27.38,323.53,-83.96,175.11
52.39542,-1.554842,160.1,17.73,3,145.97,18 / 19,3947409,2019-09-06 20:25:53:152,-0.0412,0.3227,9.8593,-0.0217,0.0328,9.8065,-0.1131,-0.0396,0.0355,-13.87,-33.44,27.19,324.14,-84,175.51
52.39542,-1.554842,160.1,17.73,3,145.97,18 / 19,3947510,2019-09-06 20:25:53:253,-0.6593,0.3821,11.0353,0.0044,-0.0185,9.8065,0.0335,0.0147,-0.0357,-13.94,-33.31,26.5,325.63,-83.93,176.91
52.39542,-1.554842,160.1,17.73,3,145.97,18 / 19,3947610,2019-09-06 20:25:53:353,0.0944,0.479,10.7471,0.0147,-0.0145,9.8066,0.0512,0.0463,0.0081,-13.31,-33.37,27,326.48,-83.7,176.19
52.39542,-1.554842,160.1,17.73,3,145.97,18 / 19,3947710,2019-09-06 20:25:53:453,-0.0624,-0.7503,9.0983,0.0065,-0.0061,9.8065,-0.0595,-0.0148,0.0099,-13.5,-33.25,26.75,325.45,-83.37,175.48
52.39542,-1.554842,160.1,17.73,3,145.97,18 / 19,3947810,2019-09-06 20:25:53:553,-0.2665,0.374,9.4486,-0.0068,0.0108,9.8065,0.0429,-0.02,-0.0246,-13.44,-33.5,27.44,325.42,-83.5,175.37
52.39542,-1.554842,160.1,17.73,3,145.97,18 / 19,3947910,2019-09-06 20:25:53:653,-0.2292,0.7538,9.8123,-0.0078,0.0355,9.8065,0.0379,0.0248,0.0423,-13.75,-33.12,26.69,323.15,-83.87,174.71
52.39542,-1.554842,160.1,17.73,3,145.97,18 / 19,3948010,2019-09-06 20:25:53:753,-0.3821,1.0062,10.2542,0.0194,-0.0369,9.8065,0.0842,0.0131,0.0197,-14,-33.12,26.94,323.27,-83.65,174.97
52.39542,-1.554842,160.1,17.73,3,145.97,18 / 19,3948110,2019-09-06 20:25:53:853,0.3076,0.065,9.0187,0.0224,-0.0446,9.8065,-0.0844,0.055,-0.0287,-13.81,-32.69,27.44,324.35,-83.45,176.08
52.39542,-1.554842,160.1,17.73,3,145.97,18 / 19,3948209,2019-09-06 20:25:53:952,0.5782,-0.3067,9.7701,0.0351,-0.0525,9.8064,0.1222,-0.1246,0.0535,-13.75,-33.12,27.5,325.03,-83.04,176
52.39542,-1.554842,160.1,17.73,3,145.97,18 / 19,3948310,2019-09-06 20:25:54:053,-1.5815,1.2743,8.8443,-0.0577,0.0959,9.806,0.2377,0.0753,-0.0642,-14.31,-33.44,26.69,324.01,-83.88,175.48
52.39542,-1.554842,160.1,17.73,3,145.97,18 / 19,3948410,2019-09-06 20:25:54:153,-0.4265,0.0012,9.8488,-0.0604,0.0749,9.8062,0.1276,0.0134,-0.0309,-13.94,-33.19,26.38,322.57,-83.99,175.11
52.39542,-1.554842,160.1,17.73,3,145.97,18 / 19,3948509,2019-09-06 20:25:54:252,-0.2252,-0.0122,9.385,0.0218,-0.0542,9.8064,-0.1225,0.0097,0.0625,-13.69,-33.12,26.69,325.46,-83.6,176.98
52.39542,-1.554842,160.1,17.73,3,145.97,18 / 19,3948610,2019-09-06 20:25:54:353,-0.3491,-0.9321,9.6023,0.0135,-0.0625,9.8063,-0.1994,0.0186,0.0563,-14.31,-33.5,27.25,327.68,-83.49,179.03
52.39542,-1.554842,160.1,17.73,3,145.97,18 / 19,3948709,2019-09-06 20:25:54:452,-1.0118,-0.2117,10.0392,-0.0057,-0.0032,9.8066,0.0945,-0.0217,-0.0321,-14.19,-33.44,27.31,329.32,-83.49,-179.51
52.39542,-1.554842,160.1,17.73,3,145.97,18 / 19,3948810,2019-09-06 20:25:54:553,-0.4269,0.3963,10.0737,-0.0048,-0.0185,9.8066,-0.0028,-0.0077,0.0112,-14.06,-32.37,27.5,331.58,-83.48,-178.53
52.39542,-1.554842,160.1,17.73,3,145.97,18 / 19,3948910,2019-09-06 20:25:54:653,-0.1489,0.076,9.7149,-0.0242,-0.0097,9.8066,0.1814,-0.0765,0.1388,-14.37,-33.31,27.63,334.92,-83.42,-175.43
52.39542,-1.554842,160.1,17.73,3,145.97,18 / 19,3949009,2019-09-06 20:25:54:752,-1.4584,0.7255,9.8056,-0.0173,0.0136,9.8066,0.1935,-0.0183,-0.0585,-14.62,-33.5,27.63,335,-83.45,-173.8
52.39542,-1.554842,160.1,17.73,3,145.97,18 / 19,3949110,2019-09-06 20:25:54:853,-0.1178,-0.9322,10.5305,-0.0113,0.0041,9.8066,-0.0149,-0.0174,-0.0031,-14.37,-33.19,27.88,337.04,-83.57,-173.62
52.39542,-1.554842,160.1,17.73,3,145.97,18 / 19,3949209,2019-09-06 20:25:54:952,0.3154,0.0523,10.7987,0.0082,0.0153,9.8065,0.0143,0.0134,-0.0292,-14.37,-33.12,27.63,335.51,-83.48,-174.94
52.39542,-1.554842,160.1,17.73,3,145.97,18 / 19,3949309,2019-09-06 20:25:55:052,-0.9985,-1.9035,10.1503,0.0252,-0.0257,9.8066,-0.0472,0.0325,-0.0666,-14.25,-33.31,27.94,334.91,-83.2,-175.33
52.39542,-1.554842,160.1,17.73,3,145.97,19 / 20,3949410,2019-09-06 20:25:55:153,-0.6977,0.7871,9.9114,0.0032,-0.0102,9.8066,-0.1122,-0.0117,-0.0381,-13.94,-32.87,28,333.63,-83.05,-176.38
52.39542,-1.554842,160.1,17.73,3,145.97,19 / 20,3949510,2019-09-06 20:25:55:253,0.0639,0.0814,9.5802,-0.0048,0.015,9.8066,-0.0597,-0.0668,0.0476,-14.12,-33.19,27.75,334.27,-83.24,-175.92
52.39542,-1.554842,160.1,17.73,3,145.97,19 / 20,3949610,2019-09-06 20:25:55:353,-0.4469,-0.4313,9.2271,-0.0103,0.0331,9.8065,-0.1642,0.0534,-0.0551,-14.44,-32.87,27.69,333.24,-83.2,-176.8
52.39542,-1.554842,160.1,17.73,3,145.97,19 / 20,3949710,2019-09-06 20:25:55:453,0.3308,0.8148,9.6999,0.0104,-0.0033,9.8066,0.0451,0.0198,-0.0356,-13.81,-33.56,27.88,332.52,-83.16,-177.32
52.39542,-1.554842,160.1,17.73,3,145.97,19 / 20,3949810,2019-09-06 20:25:55:553,0.3781,-0.2687,9.9375,0.0002,-0.0101,9.8066,0.0706,0.0268,-0.0328,-13.81,-33.56,28.19,331.93,-83.16,-177.85
52.39542,-1.554842,160.1,17.73,3,145.97,19 / 20,3949909,2019-09-06 20:25:55:652,-0.1227,-0.5058,9.5864,-0.0079,-0.0093,9.8066,-0.0805,-0.0449,0.0667,-13.56,-34,28.63,333.96,-83.17,-176.94
52.39542,-1.554842,160.1,17.73,3,145.97,19 / 20,3950009,2019-09-06 20:25:55:752,-0.2759,0.1289,9.9463,0.0029,0.0046,9.8066,-0.0148,0.0073,-0.1043,-13.19,-34.75,28.56,336.2,-83.27,-176.52
52.39542,-1.554842,160.1,17.73,3,145.97,19 / 20,3950109,2019-09-06 20:25:55:852,-0.1526,0.2604,10.294,0.0114,-0.017,9.8066,0.0172,0.0534,0.0228,-12.56,-34.56,28.13,334.24,-83.26,-177.38
52.39542,-1.554842,160.1,17.73,3,145.97,19 / 20,3950209,2019-09-06 20:25:55:952,-0.0954,-1.3009,9.9347,0.0111,-0.0154,9.8066,-0.0435,0.0483,-0.037,-12.75,-34.37,28.38,333.71,-83.17,-177.9
52.39542,-1.554842,160.1,17.73,3,145.97,19 / 20,3950309,2019-09-06 20:25:56:052,0.3625,-1.7169,9.7384,0.0137,0.033,9.8065,-0.053,-0.0052,-0.068,-12.87,-34,27.25,329.34,-83.21,179.15
52.39542,-1.554842,160.1,17.73,3,145.97,18 / 19,3950410,2019-09-06 20:25:56:153,0.9335,-1.5741,10.8507,0.023,0.0191,9.8065,0.1257,0.0028,-0.1369,-12.56,-34.19,27.75,327.16,-83.2,176.31
52.39542,-1.554842,160.1,17.73,3,145.97,18 / 19,3950509,2019-09-06 20:25:56:252,0.4002,0.6121,9.6185,0.037,-0.0164,9.8065,-0.1842,0.1187,-0.0033,-12.62,-34.06,27.13,322.18,-83.37,172.7
52.39542,-1.554842,160.1,17.73,3,145.97,18 / 19,3950610,2019-09-06 20:25:56:353,-1.0283,-0.53,10.0087,0.0226,-0.0158,9.8066,-0.0632,-0.0501,0.127,-12.81,-33.62,27.81,320.8,-83.21,170.64
52.39542,-1.554842,160.1,17.73,3,145.97,18 / 19,3950710,2019-09-06 20:25:56:453,0.2151,-0.6001,9.3345,-0.006,0.0193,9.8065,-0.0066,-0.001,-0.0515,-13.12,-33.75,28,319.48,-83.36,169.34
52.39542,-1.554842,160.1,17.73,3,145.97,18 / 19,3950809,2019-09-06 20:25:56:552,0.2091,0.8742,9.9005,-0.0106,-0.0097,9.8065,0.1266,0.0363,0.031,-13.19,-33.75,27.69,320.81,-83.35,170.54
52.39542,-1.554842,160.1,17.73,3,145.97,18 / 19,3950910,2019-09-06 20:25:56:653,0.1427,0.3505,9.2617,0.0034,-0.0048,9.8065,-0.1729,0.0167,-0.0128,-13,-34.06,27.5,322.62,-83.48,172.07
52.39542,-1.554842,160.1,17.73,3,145.97,18 / 19,3951010,2019-09-06 20:25:56:753,0.5174,0.6806,9.8693,0.0167,-0.0201,9.8065,-0.0786,0.0202,0.0002,-12.81,-33.12,27.5,322.27,-83.45,171.65
52.39542,-1.554842,160.1,17.73,3,145.97,18 / 19,3951109,2019-09-06 20:25:56:852,-0.2684,0.1819,9.3193,0.0204,-0.0172,9.8065,0.2305,-0.0241,-0.0456,-12.81,-33.44,27.06,321.58,-83.4,172
52.39542,-1.554842,160.1,17.73,3,145.97,18 / 19,3951210,2019-09-06 20:25:56:953,0.7409,-0.4341,9.3583,0.0052,-0.0198,9.8065,0.0704,0.0106,-0.0404,-13.12,-33.5,27.44,320.84,-83.12,171.54
52.39542,-1.554842,160.1,17.73,3,145.97,18 / 19,3951310,2019-09-06 20:25:57:053,0.7707,1.4614,9.7017,-0.0278,0.0489,9.8065,0.0687,-0.1105,0.114,-12.87,-34,26.69,321.61,-83.47,172.11
52.39542,-1.554842,160.1,17.73,3,145.97,18 / 19,3951410,2019-09-06 20:25:57:153,-0.9266,-0.3372,10.7805,0.0077,0.0011,9.8065,0.1432,0.0648,-0.1185,-13.37,-33.94,27.69,322.95,-83.4,172.42
52.39542,-1.554842,160.1,17.73,3,145.97,18 / 19,3951510,2019-09-06 20:25:57:253,1.3012,-1.0819,9.0355,0.0049,-0.0196,9.8065,-0.2061,0.0207,0.0935,-13.19,-33.62,28.19,322.83,-83.26,172.42
52.39542,-1.554842,160.1,17.73,3,145.97,18 / 19,3951610,2019-09-06 20:25:57:353,-0.2182,0.0828,8.8989,-0.0014,-0.0036,9.8065,-0.2223,-0.0061,0.0129,-13.12,-34.06,27.38,322.4,-83.37,172.9
52.39542,-1.554842,160.1,17.73,3,145.97,18 / 19,3951710,2019-09-06 20:25:57:453,-0.9877,0.2358,9.7707,0.0083,0.0012,9.8066,0.0076,0.0233,-0.1154,-13,-33.37,27.13,320.9,-83.68,171.18
52.39542,-1.554842,160.1,17.73,3,145.97,18 / 19,3951810,2019-09-06 20:25:57:553,0.3078,0.3129,9.7372,0.0132,-0.0162,9.8066,0.0364,0.0054,-0.0046,-13.44,-33.31,27.31,319.39,-83.71,169.79
52.39542,-1.554842,160.1,17.73,3,145.97,18 / 19,3951910,2019-09-06 20:25:57:653,-0.06,0.1539,10.7496,-0.0109,0.0222,9.8065,0.1543,-0.0113,-0.0397,-13.25,-33.25,27.38,318.01,-83.66,168.57
52.39542,-1.554842,160.1,17.73,3,145.97,18 / 19,3952010,2019-09-06 20:25:57:753,0.1928,-0.8945,10.9158,-0.0208,0.0479,9.8065,0.1059,0.0279,-0.023,-13,-32.81,27.25,317.14,-83.58,167.85
52.39542,-1.554842,160.1,17.73,3,145.97,18 / 19,3952110,2019-09-06 20:25:57:853,-1.2548,0.8958,10.1436,0.0119,-0.052,9.8065,0.0179,0.0926,0.0492,-13.37,-32.87,27.25,318.79,-83.26,169.6
52.39542,-1.554842,160.1,17.73,3,145.97,18 / 19,3952210,2019-09-06 20:25:57:953,1.0774,-0.2007,9.5631,-0.0114,-0.0037,9.8066,0.051,-0.0078,0.0325,-13.06,-33,27.5,321.26,-83.53,170.68
52.39542,-1.554842,160.1,17.73,3,145.97,18 / 19,3952310,2019-09-06 20:25:58:053,0.1381,0.6488,9.9595,-0.014,0.0042,9.8066,-0.0997,0.0354,0.0007,-13.12,-33.31,26.94,320.48,-83.64,170.82
52.394264,-1.553532,157.22,17.33,3,144.06,19 / 20,3952410,2019-09-06 20:25:58:153,0.6128,-0.0713,9.8326,-0.0042,0.0079,9.8066,0.0782,0.0455,-0.0151,-13.44,-33.19,27.44,321.65,-83.73,171.82
52.394264,-1.553532,157.22,17.33,3,144.06,19 / 20,3952509,2019-09-06 20:25:58:252,-0.2913,0.5239,9.7448,0.0091,-0.0126,9.8066,-0.0457,0.0376,-0.0053,-13.37,-33.12,26.63,321.56,-83.72,171.74
52.394264,-1.553532,157.22,17.33,3,144.06,19 / 20,3952609,2019-09-06 20:25:58:352,0.152,1.0689,9.9727,-0.0042,-0.0125,9.8066,-0.0657,0.0223,0.0349,-13.44,-33.37,27.06,323.41,-83.61,173.49
52.394264,-1.553532,157.22,17.33,3,144.06,19 / 20,3952710,2019-09-06 20:25:58:453,0.6662,-0.1364,10.2702,-0.0081,-0.0074,9.8066,0.13,0.0309,0.0103,-14,-32.87,27.56,324.1,-83.5,174.86
52.394264,-1.553532,157.22,17.33,3,144.06,19 / 20,3952810,2019-09-06 20:25:58:553,0.6648,0.0088,9.8985,-0.0099,0.0123,9.8066,0.1101,0.0324,0.0331,-14.12,-33.12,27.25,324.01,-83.43,175.79
52.394264,-1.553532,157.22,17.33,3,144.06,19 / 20,3952910,2019-09-06 20:25:58:653,0.7287,0.2745,9.63,-0.0108,0.016,9.8066,-0.0829,0.0497,-0.0027,-14.5,-33.37,27.19,324.73,-83.57,176.34
52.394264,-1.553532,157.22,17.33,3,144.06,19 / 20,3953010,2019-09-06 20:25:58:753,0.1174,0.7435,9.3105,0.0053,-0.0065,9.8066,-0.0916,0.0335,0.0048,-14.06,-33.19,26.88,324.72,-83.64,176.28
52.394264,-1.553532,157.22,17.33,3,144.06,19 / 20,3953110,2019-09-06 20:25:58:853,0.5005,1.2143,9.2755,-0.0172,0.03,9.8065,0.0132,0.0234,0.0198,-13.81,-33.06,26.88,324.99,-83.71,176.48
52.394264,-1.553532,157.22,17.33,3,144.06,19 / 20,3953209,2019-09-06 20:25:58:952,0.5651,0.8576,9.752,-0.0114,0.0152,9.8066,-0.016,0.0434,-0.0274,-14.25,-33.31,26.81,325.33,-83.9,176.66
52.394264,-1.553532,157.22,17.33,3,144.06,19 / 20,3953310,2019-09-06 20:25:59:053,0.2726,0.3756,9.6913,0.0062,0.0011,9.8066,0.0305,0.0559,0.0067,-14.75,-33.5,26.69,323.16,-83.86,176.31
52.394264,-1.553532,157.22,17.33,3,144.06,18 / 19,3953409,2019-09-06 20:25:59:152,0.3612,0.7502,10.3443,-0.0215,0.0322,9.8066,0.087,0.0616,-0.0126,-14.81,-33.44,27.06,322.8,-84.07,175.84
52.394264,-1.553532,157.22,17.33,3,144.06,18 / 19,3953511,2019-09-06 20:25:59:254,-0.5148,0.7384,10.3805,-0.0232,0.0305,9.8065,-0.0631,0.09,-0.073,-14.75,-33,26.81,322.73,-84.07,175.78
52.394264,-1.553532,157.22,17.33,3,144.06,18 / 19,3953609,2019-09-06 20:25:59:352,0.0675,0.6024,10.7068,0.0316,-0.0229,9.8065,-0.0509,0.034,0,-14.19,-33.87,26.19,321.64,-83.84,174.51
52.394264,-1.553532,157.22,17.33,3,144.06,18 / 19,3953710,2019-09-06 20:25:59:453,0.383,0.3226,9.5491,0.0071,-0.0067,9.8066,-0.1002,0.0629,-0.0721,-14.44,-33.44,26.75,322.13,-83.95,173.73
52.394264,-1.553532,157.22,17.33,3,144.06,18 / 19,3953809,2019-09-06 20:25:59:552,0.148,0.3173,9.9766,-0.0003,0.0071,9.8066,-0.0388,0.0367,-0.0008,-14.56,-33.19,26.25,317.87,-84.04,172.41
52.394264,-1.553532,157.22,17.33,3,144.06,18 / 19,3953910,2019-09-06 20:25:59:653,-0.0992,1.0094,10.0073,0.0067,0.0136,9.8066,0.0264,0.0001,0.0393,-14.44,-33.06,26.5,319.35,-84.13,171.06
52.394264,-1.553532,157.22,17.33,3,144.06,18 / 19,3954010,2019-09-06 20:25:59:753,1.4663,0.5474,10.1588,0.0027,-0.0155,9.8065,0.0666,0.0707,-0.0843,-14.06,-33.31,26.63,320.05,-84,171.8
52.394264,-1.553532,157.22,17.33,3,144.06,18 / 19,3954110,2019-09-06 20:25:59:853,-0.1924,0.9051,9.641,0,0.0038,9.8066,-0.0023,0.0589,0.0432,-14.69,-33.5,27.06,318.31,-83.92,171.85
52.394264,-1.553532,157.22,17.33,3,144.06,18 / 19,3954210,2019-09-06 20:25:59:953,0.6165,0.3315,9.5373,-0.023,0.0216,9.8065,0.0167,0.003,0.0264,-14.56,-33.56,26.06,317.8,-84.11,172.42
52.394264,-1.553532,157.22,17.33,3,144.06,18 / 19,3954310,2019-09-06 20:26:00:053,0.7074,1.2864,9.2207,-0.0113,0.0455,9.8065,-0.0159,0.0513,-0.0513,-14.94,-32.94,26.44,317.41,-84.22,171.84
52.394264,-1.553532,157.22,17.33,3,144.06,18 / 19,3954410,2019-09-06 20:26:00:153,0.6975,-0.1938,9.6533,-0.0162,0.0178,9.8066,0.0343,0.0808,0.0143,-14.81,-33.56,26.13,317.82,-84.3,172.28
52.394264,-1.553532,157.22,17.33,3,144.06,18 / 19,3954509,2019-09-06 20:26:00:252,0.1138,0.6121,9.1872,0.0165,-0.0149,9.8065,-0.1457,-0.0131,-0.0192,-14.81,-33.69,25.38,316.34,-84.38,171.97
52.394264,-1.553532,157.22,17.33,3,144.06,18 / 19,3954610,2019-09-06 20:26:00:353,-0.7023,1.4755,9.6737,0.0391,-0.0482,9.8064,-0.1543,0.0275,0.0312,-14.62,-33.75,26,317.41,-84.23,171.97
52.394264,-1.553532,157.22,17.33,3,144.06,18 / 19,3954709,2019-09-06 20:26:00:452,-1.1031,1.1312,9.9648,-0.0254,0.0341,9.8065,0.198,0.0957,-0.0471,-14.87,-33.69,26.06,317.3,-84.49,171.66
52.394264,-1.553532,157.22,17.33,3,144.06,18 / 19,3954809,2019-09-06 20:26:00:552,0.6122,0.4473,10.0013,-0.0284,0.0252,9.8066,0.1292,0.001,0.0106,-15.06,-33.62,26.31,317.33,-84.33,171.81
52.394264,-1.553532,157.22,17.33,3,144.06,18 / 19,3954910,2019-09-06 20:26:00:653,-0.2024,-0.2941,10.0901,0.0085,-0.023,9.8066,-0.1125,0.0858,-0.0213,-15.06,-33.5,26,319.1,-84.1,173.49
52.394264,-1.553532,157.22,17.33,3,144.06,18 / 19,3955010,2019-09-06 20:26:00:753,1.0063,-0.8068,9.662,-0.0068,-0.007,9.8066,-0.1103,0.0395,0.0438,-15.19,-33.69,25.81,319.93,-84.22,174.28
52.394264,-1.553532,157.22,17.33,3,144.06,18 / 19,3955110,2019-09-06 20:26:00:853,-0.5592,0.0267,9.7916,-0.0057,0.0086,9.8066,-0.0142,-0.0009,0.01,-15,-33.31,25.63,320.33,-84.34,174.42
52.394264,-1.553532,157.22,17.33,3,144.06,18 / 19,3955209,2019-09-06 20:26:00:952,-0.1632,0.7289,9.7465,0.0059,0.0089,9.8066,0.0857,0.0443,-0.012,-15.56,-33.81,25.44,316.79,-84.45,173.91
52.394264,-1.553532,157.22,17.33,3,144.06,18 / 19,3955309,2019-09-06 20:26:01:052,0.3642,0.7916,10.0075,0.0018,0.0048,9.8066,0.0636,0.0247,-0.0012,-15.81,-33.56,25.88,317.46,-84.32,173.49
52.394264,-1.553532,157.22,17.33,3,144.06,18 / 19,3955410,2019-09-06 20:26:01:153,0.4399,1.0361,10.581,0.0067,-0.0087,9.8066,0.1263,-0.0048,-0.0226,-15.56,-33.31,26.19,318.06,-84.12,174.07
52.394264,-1.553532,157.22,17.33,3,144.06,18 / 19,3955510,2019-09-06 20:26:01:253,-0.3336,0.4107,10.5761,0.0019,0.0003,9.8066,0.0471,-0.0091,-0.0204,-15.5,-33.62,26.63,321,-84.05,174.33
52.394264,-1.553532,157.22,17.33,3,144.06,18 / 19,3955609,2019-09-06 20:26:01:352,0.3244,-0.6281,9.5819,-0.0009,0.03,9.8066,-0.1217,0.0769,0.0252,-15.5,-33.31,25.56,318.87,-84.17,173.22
52.394264,-1.553532,157.22,17.33,3,144.06,18 / 19,3955709,2019-09-06 20:26:01:452,-0.3295,2.1234,9.7903,0.0035,-0.0164,9.8066,-0.1676,0.0983,-0.0166,-15.44,-33.81,25.88,319.3,-84.28,173.66
52.394264,-1.553532,157.22,17.33,3,144.06,18 / 19,3955810,2019-09-06 20:26:01:553,-0.3299,0.6344,9.5354,-0.0021,-0.0083,9.8066,0.0981,0.024,0.002,-15.81,-33.87,25.75,318.15,-84.32,174.12
52.394264,-1.553532,157.22,17.33,3,144.06,18 / 19,3955910,2019-09-06 20:26:01:653,-0.1265,0.2141,10.057,-0.0091,0.0002,9.8066,0.0451,0.0332,-0.0356,-15.94,-33.44,25.13,318.45,-84.31,175.41
52.394264,-1.553532,157.22,17.33,3,144.06,18 / 19,3956010,2019-09-06 20:26:01:753,0.3333,0.0355,10.4963,-0.0022,0.0047,9.8066,-0.0453,-0.0342,0.0056,-16.25,-33.5,26,319.43,-84.3,175.19
52.394264,-1.553532,157.22,17.33,3,144.06,18 / 19,3956110,2019-09-06 20:26:01:853,-0.8269,1.3422,10.3024,0.0098,0.0023,9.8066,-0.0071,-0.0212,-0.0538,-15.87,-32.75,25.31,317.24,-84.19,174.4
52.394264,-1.553532,157.22,17.33,3,144.06,18 / 19,3956210,2019-09-06 20:26:01:953,-0.914,0.7302,10.7389,0.0274,-0.0133,9.8065,0.0149,0.0089,0.0405,-15.87,-33.87,26.31,316.89,-84.08,173.17
52.394264,-1.553532,157.22,17.33,3,144.06,18 / 19,3956310,2019-09-06 20:26:02:053,-0.0103,0.8369,10.3154,0.0134,-0.0204,9.8066,-0.0148,0.0443,-0.0979,-15.87,-33.12,25.56,315.74,-84.01,172.03
52.394264,-1.553532,157.22,17.33,3,144.06,18 / 19,3956410,2019-09-06 20:26:02:153,0.2705,0.4671,9.5308,0.0079,0.0261,9.8065,-0.1027,0.0167,0.013,-16.06,-33.19,25.88,314.17,-83.86,170.71
52.394264,-1.553532,157.22,17.33,3,144.06,18 / 19,3956510,2019-09-06 20:26:02:253,-0.0319,0.723,9.3308,0.0195,-0.0039,9.8065,-0.1262,0.0159,-0.0077,-15.25,-33.75,26,313.84,-83.84,169.03
52.394264,-1.553532,157.22,17.33,3,144.06,18 / 19,3956609,2019-09-06 20:26:02:352,-1.9535,0.4226,9.5048,0.0135,-0.0119,9.8066,-0.0109,0.0293,-0.0772,-15.87,-33.31,26.06,311.64,-83.97,168.29
52.394264,-1.553532,157.22,17.33,3,144.06,18 / 19,3956710,2019-09-06 20:26:02:453,-0.538,0.2589,9.4736,0.0007,0.0188,9.8065,-0.0338,-0.0054,-0.0001,-15.25,-33.19,24.88,310.04,-84.04,166.33
52.394264,-1.553532,157.22,17.33,3,144.06,18 / 19,3956810,2019-09-06 20:26:02:553,-1.5521,1.44,9.7128,-0.0002,-0.0051,9.8066,0.1253,0.0025,-0.05,-15.81,-33.44,25.38,307.13,-84.11,165.13
52.394264,-1.553532,157.22,17.33,3,144.06,18 / 19,3956910,2019-09-06 20:26:02:653,-0.8978,-0.1352,9.534,-0.002,0.0084,9.8066,0.0428,-0.0541,0.022,-15.5,-33.69,25.38,307.84,-84.17,164.33
52.394264,-1.553532,157.22,17.33,3,144.06,18 / 19,3957010,2019-09-06 20:26:02:753,0.8155,0.392,9.5929,-0.0099,0.0113,9.8066,-0.209,-0.1047,0.1467,-15.5,-33.56,25.5,309.27,-84.27,164.44
52.394264,-1.553532,157.22,17.33,3,144.06,18 / 19,3957110,2019-09-06 20:26:02:853,-0.2239,0.169,9.0365,-0.0093,-0.0151,9.8066,-0.1373,0.1168,-0.0615,-15.37,-34.06,25.31,308.92,-84.4,165.11
52.394264,-1.553532,157.22,17.33,3,144.06,18 / 19,3957210,2019-09-06 20:26:02:953,-0.9341,1.03,10.1589,0,-0.0169,9.8065,0.1246,0.0739,-0.037,-16.56,-33.81,25.56,308.8,-84.41,166.89
52.394264,-1.553532,157.22,17.33,3,144.06,18 / 19,3957310,2019-09-06 20:26:03:053,-1.1047,0.1055,9.9991,-0.0055,-0.0108,9.8066,0.0579,-0.0661,0.0453,-15.69,-33.87,25.25,311.68,-84.45,169.19
52.394264,-1.553532,157.22,17.33,3,144.06,18 / 19,3957409,2019-09-06 20:26:03:152,-0.0314,0.7677,9.687,-0.013,-0.0134,9.8065,0.0039,-0.0623,0.0942,-15.87,-33.69,25.75,315.14,-84.43,171.27
52.394264,-1.553532,157.22,17.33,3,144.06,18 / 19,3957510,2019-09-06 20:26:03:253,-1.5413,0.3112,9.2942,-0.016,-0.0153,9.8066,-0.0998,0.0299,0.0277,-16.25,-33.62,25.44,317.5,-84.53,174.49
52.394264,-1.553532,157.22,17.33,3,144.06,18 / 19,3957609,2019-09-06 20:26:03:352,-0.0961,0.3834,10.1128,0.0062,-0.0142,9.8066,0.1416,-0.0244,0.0263,-16.12,-33.37,25.38,318.39,-84.57,175.15
52.394264,-1.553532,157.22,17.33,3,144.06,18 / 19,3957710,2019-09-06 20:26:03:453,-0.4195,1.251,10.5431,-0.0111,0.0323,9.8065,-0.0306,0.0442,-0.0567,-16.37,-33.31,25.63,320.11,-84.36,175.77
52.394264,-1.553532,157.22,17.33,3,144.06,18 / 19,3957810,2019-09-06 20:26:03:553,-0.5688,-1.2152,9.9653,-0.0075,0.0212,9.8066,0.1306,0.0353,-0.0258,-16.87,-33,26,316.45,-84.32,173.94
52.394264,-1.553532,157.22,17.33,3,144.06,18 / 19,3957909,2019-09-06 20:26:03:652,-0.8157,-0.0291,10.7463,-0.0096,0.0047,9.8066,0.304,-0.0075,0.0005,-16.25,-33.5,26.06,318.3,-84.25,174.19
52.394264,-1.553532,157.22,17.33,3,144.06,18 / 19,3958009,2019-09-06 20:26:03:752,0.3789,0.138,10.1175,-0.0423,0.0531,9.8064,-0.3219,-0.042,0.0466,-16.06,-32.87,26.19,318.25,-84.53,173.93
52.394264,-1.553532,157.22,17.33,3,144.06,18 / 19,3958110,2019-09-06 20:26:03:853,-0.8302,-0.5308,9.5775,0.0445,-0.0668,9.8063,-0.1904,-0.0621,0.0614,-15.94,-33.75,25.63,319.13,-84.22,175.1
52.394264,-1.553532,157.22,17.33,3,144.06,18 / 19,3958210,2019-09-06 20:26:03:953,-0.3138,0.6664,9.8126,0.0419,-0.0641,9.8063,-0.1823,0.0179,-0.0187,-15.94,-33.25,25.38,319.07,-84.31,175.98
52.394264,-1.553532,157.22,17.33,3,144.06,18 / 19,3958309,2019-09-06 20:26:04:052,-0.2432,0.965,9.5116,-0.0249,0.02,9.8066,-0.0235,0.0132,-0.0327,-16.25,-33.06,25.31,318.96,-84.44,175.78
52.394264,-1.553532,157.22,17.33,3,144.06,18 / 19,3958410,2019-09-06 20:26:04:153,-0.2823,0.0423,9.9985,-0.0096,0.0024,9.8066,0.0523,-0.0066,-0.0263,-15.5,-32.75,25.75,322.58,-84.52,176.35
52.394264,-1.553532,157.22,17.33,3,144.06,18 / 19,3958509,2019-09-06 20:26:04:252,-0.5959,-0.068,10.5819,-0.0032,0.0013,9.8066,0.0679,0.0105,0.0171,-16.12,-32.75,25.56,321.19,-84.47,176.68
52.394264,-1.553532,157.22,17.33,3,144.06,18 / 19,3958610,2019-09-06 20:26:04:353,-0.8439,-0.4202,10.281,-0.0103,0.019,9.8065,-0.1212,0.0485,-0.0101,-15.87,-32.81,25.38,319.66,-84.54,176.34
52.394264,-1.553532,157.22,17.33,3,144.06,18 / 19,3958710,2019-09-06 20:26:04:453,0.0863,-0.0751,9.9298,0.0169,-0.0165,9.8066,-0.0977,0.0024,0.0384,-15.81,-32.25,25.13,320.02,-84.54,176.55
52.394264,-1.553532,157.22,17.33,3,144.06,18 / 19,3958810,2019-09-06 20:26:04:553,-0.3005,0.5025,9.6794,-0.0249,0.0266,9.8065,0.0944,0.0035,0.0267,-15.87,-31.81,23.5,319.22,-84.36,177.14
52.394264,-1.553532,157.22,17.33,3,144.06,18 / 19,3958910,2019-09-06 20:26:04:653,-1.1343,-0.5047,9.8466,-0.0196,0.0167,9.8066,0.082,-0.0645,0.0288,-15.69,-32.56,22.25,317.46,-84.58,178.07
52.394264,-1.553532,157.22,17.33,3,144.06,18 / 19,3959009,2019-09-06 20:26:04:752,-0.0483,-0.1661,9.5221,-0.0125,0.008,9.8066,-0.0568,-0.0453,0.0096,-14.44,-35.5,20.25,318.28,-84.6,178.56
52.394264,-1.553532,157.22,17.33,3,144.06,18 / 19,3959110,2019-09-06 20:26:04:853,-1.17,-0.4449,10.1647,-0.0057,0.0093,9.8066,0.0194,-0.0613,0.0239,-12.87,-40.87,21.44,320.49,-84.61,178.08
52.394264,-1.553532,157.22,17.33,3,144.06,18 / 19,3959210,2019-09-06 20:26:04:953,0.0435,0.1358,10.051,-0.0045,0.0098,9.8066,0.0609,-0.0763,0.0187,-13,-42.81,25.38,326.19,-84.63,178.35
52.394264,-1.553532,157.22,17.33,3,144.06,18 / 19,3959310,2019-09-06 20:26:05:053,-0.9909,-0.1658,10.3339,0.0096,-0.0022,9.8066,0.0237,-0.0172,-0.0178,-13.87,-39.69,29.94,329.89,-84.66,178.25
52.394264,-1.553532,157.22,17.33,3,144.06,18 / 19,3959410,2019-09-06 20:26:05:153,-1.0314,0.423,9.984,-0.0026,-0.0052,9.8066,-0.028,-0.0132,0.0095,-15,-34.37,30,327.92,-84.64,177.49
52.394264,-1.553532,157.22,17.33,3,144.06,18 / 19,3959509,2019-09-06 20:26:05:252,-0.8585,0.1649,9.7354,0.0025,-0.0098,9.8066,0.0039,-0.064,0.008,-15.31,-32.94,28.44,326.17,-84.53,177.63
52.394264,-1.553532,157.22,17.33,3,144.06,18 / 19,3959609,2019-09-06 20:26:05:352,-0.342,0.6481,9.8481,0.0024,-0.0033,9.8066,0.0786,-0.0511,0.0073,-15.87,-32.94,28,324.85,-84.44,178
52.394264,-1.553532,157.22,17.33,3,144.06,18 / 19,3959709,2019-09-06 20:26:05:452,-0.3929,0.1283,9.2445,0.0018,0.0037,9.8065,-0.0034,-0.0046,0.0066,-15.62,-33.06,27.13,323.62,-84.42,177.88
52.394264,-1.553532,157.22,17.33,3,144.06,18 / 19,3959810,2019-09-06 20:26:05:553,-0.6815,0.3076,10.3323,0.01,-0.0367,9.8065,0.0684,-0.0549,0.0686,-16,-32.75,26.69,324.07,-84.34,178.35
52.394264,-1.553532,157.22,17.33,3,144.06,18 / 19,3959911,2019-09-06 20:26:05:654,-0.999,-0.2418,9.0619,-0.0257,0.0233,9.8065,0.0608,-0.0211,-0.0077,-15.5,-33.06,26.44,326.25,-84.44,179.75
52.394264,-1.553532,157.22,17.33,3,144.06,18 / 19,3960010,2019-09-06 20:26:05:753,-0.5407,-0.3463,10.0665,-0.0307,0.0158,9.8065,0.0156,-0.0932,-0.0156,-16.12,-32.62,26.38,326.47,-84.64,-178.6
52.394264,-1.553532,157.22,17.33,3,144.06,18 / 19,3960110,2019-09-06 20:26:05:853,-1.8908,0.3556,10.3552,-0.0063,0.0114,9.8065,0.0212,-0.0318,0.0083,-16.12,-32.81,26.5,328.61,-84.79,-177.78
52.394264,-1.553532,157.22,17.33,3,144.06,18 / 19,3960209,2019-09-06 20:26:05:952,-0.7392,0.1082,10.7519,0.0075,0.0012,9.8066,-0.042,-0.0291,0.0028,-15.94,-33.37,26.25,326.38,-84.84,-178.81
52.394264,-1.553532,157.22,17.33,3,144.06,18 / 19,3960309,2019-09-06 20:26:06:052,-1.5399,1.5053,9.4011,0.0232,-0.0311,9.8065,-0.0935,-0.0252,-0.0197,-15.5,-33.31,26.38,326.59,-84.55,179.99
52.394264,-1.553532,157.22,17.33,3,144.06,19 / 20,3960410,2019-09-06 20:26:06:153,-0.5161,0.2448,9.7368,0.0119,-0.0157,9.8065,0.0546,-0.0518,0.0177,-15.25,-33.19,26.19,326.23,-84.48,179.71
52.394264,-1.553532,157.22,17.33,3,144.06,19 / 20,3960509,2019-09-06 20:26:06:252,-2.0171,0.3133,9.8174,-0.0034,0.0199,9.8066,-0.002,-0.0775,0.0194,-15.37,-33.69,26.06,326.06,-84.61,179.57
52.394264,-1.553532,157.22,17.33,3,144.06,19 / 20,3960610,2019-09-06 20:26:06:353,-0.4756,0.729,10.3081,-0.0057,0.013,9.8066,-0.028,-0.0718,0.0246,-15.06,-33.5,26,325.12,-84.87,178.44
52.394264,-1.553532,157.22,17.33,3,144.06,19 / 20,3960710,2019-09-06 20:26:06:453,-0.9614,0.3868,9.0593,0.0133,-0.0344,9.8065,-0.0849,-0.0319,0.0211,-14.62,-33.56,26.25,325.26,-84.79,178.72
52.394264,-1.553532,157.22,17.33,3,144.06,19 / 20,3960809,2019-09-06 20:26:06:552,-1.2975,1.3613,9.6113,0.0256,-0.0419,9.8065,0.0836,0.0164,0.0327,-14.75,-33.75,26.19,326.41,-84.75,179.8
52.394264,-1.553532,157.22,17.33,3,144.06,19 / 20,3960910,2019-09-06 20:26:06:653,-0.3897,1.0952,10.241,-0.0172,0.0213,9.8065,0.0569,-0.0472,-0.0131,-15.44,-33.19,26.31,326.6,-84.94,179.74
52.394264,-1.553532,157.22,17.33,3,144.06,19 / 20,3961009,2019-09-06 20:26:06:752,-1.694,1.7479,10.3805,0.0085,0.0035,9.8066,0.0552,0.009,-0.0256,-15.5,-32.94,26.31,326.09,-84.81,179.36
52.394264,-1.553532,157.22,17.33,3,144.06,19 / 20,3961110,2019-09-06 20:26:06:853,0.5167,-0.0936,10.2429,-0.0031,0.0161,9.8066,0.1672,0.0019,0.0323,-15.44,-32.87,26.56,326,-84.6,178.4
52.394264,-1.553532,157.22,17.33,3,144.06,19 / 20,3961209,2019-09-06 20:26:06:952,-1.1394,0.1766,10.3137,-0.0205,0.0129,9.8065,-0.1898,0.0212,-0.0469,-15.87,-33,26.56,324.93,-84.6,178.96
52.394264,-1.553532,157.22,17.33,3,144.06,19 / 20,3961309,2019-09-06 20:26:07:052,-1.1086,1.1337,9.5817,0.0169,-0.0153,9.8066,-0.1688,-0.0053,0.0435,-15.44,-33.56,25.56,325.3,-84.58,178.91
52.393333,-1.552162,154.92,12.38,3,138.25,19 / 20,3961410,2019-09-06 20:26:07:153,-1.8032,-0.1586,9.8641,-0.0065,-0.0033,9.8066,-0.0133,-0.0027,-0.0338,-16.12,-33.5,25.69,323.46,-84.79,178.53
52.393333,-1.552162,154.92,12.38,3,138.25,19 / 20,3961509,2019-09-06 20:26:07:252,-1.1901,0.7831,9.6716,0.0223,0.0096,9.8066,-0.0871,0.0425,-0.1033,-15.75,-33.5,26.25,321.11,-84.98,176.23
52.393333,-1.552162,154.92,12.38,3,138.25,19 / 20,3961610,2019-09-06 20:26:07:353,-2.0001,0.8822,9.8225,0.0046,-0.0106,9.8066,-0.0986,-0.0169,0.0427,-15.31,-32.81,26.63,323.08,-85.05,175.42
52.393333,-1.552162,154.92,12.38,3,138.25,19 / 20,3961710,2019-09-06 20:26:07:453,-0.8267,1.4381,9.5357,0.0032,0.0291,9.8065,0.0938,0.0039,-0.0778,-15.37,-33.37,25.75,321.45,-84.97,174.99
52.393333,-1.552162,154.92,12.38,3,138.25,19 / 20,3961810,2019-09-06 20:26:07:553,-1.7851,0.2221,10.5636,-0.0199,0.0201,9.8066,0.0605,-0.0938,0.0235,-15.25,-33.5,25.5,319.82,-85.07,173.41
52.393333,-1.552162,154.92,12.38,3,138.25,19 / 20,3961910,2019-09-06 20:26:07:653,-1.1735,0.6569,9.5307,0.0191,-0.0199,9.8066,0.0076,0.0332,-0.0025,-14.87,-33.12,26.69,319.12,-84.83,171.91
52.393333,-1.552162,154.92,12.38,3,138.25,19 / 20,3962010,2019-09-06 20:26:07:753,-1.1956,2.5479,9.723,0.0118,-0.0273,9.8065,0.1067,0.0179,0.003,-15.37,-32.87,26,319.12,-84.8,172.96
52.393333,-1.552162,154.92,12.38,3,138.25,19 / 20,3962110,2019-09-06 20:26:07:853,-0.2794,-0.0482,9.5592,-0.0274,0.0218,9.8065,-0.0863,-0.0538,0.0329,-15.44,-33.62,26.06,318.16,-85.01,172.02
52.393333,-1.552162,154.92,12.38,3,138.25,19 / 20,3962210,2019-09-06 20:26:07:953,0.2364,0.4713,9.9364,-0.0134,0.0147,9.8066,-0.009,0.0494,-0.0278,-15.19,-33.19,26.25,319.13,-85.05,172.78
52.393333,-1.552162,154.92,12.38,3,138.25,19 / 20,3962309,2019-09-06 20:26:08:052,-1.9693,0.5847,10.0952,0.0015,0.0022,9.8066,-0.1179,-0.0971,0.0487,-15.81,-33.44,26.13,318.17,-85.19,173.35
52.393333,-1.552162,154.92,12.38,3,138.25,19 / 20,3962410,2019-09-06 20:26:08:153,-0.9064,1.2838,9.9313,0.0139,-0.0157,9.8066,0.0196,0.0109,0.0545,-15.37,-33.81,26.38,318.53,-85.14,172.26
52.393333,-1.552162,154.92,12.38,3,138.25,19 / 20,3962510,2019-09-06 20:26:08:253,-1.0592,1.1398,9.6546,-0.0106,0.03,9.8066,0.0188,0.0596,-0.0126,-15.69,-33.31,26,317.46,-85.29,172.61
52.393333,-1.552162,154.92,12.38,3,138.25,19 / 20,3962609,2019-09-06 20:26:08:352,-0.5487,1.549,10.3383,-0.0176,0.0095,9.8066,0.0668,0.0176,0.028,-15.31,-32.75,26.25,319.97,-85.24,173.41
52.393333,-1.552162,154.92,12.38,3,138.25,19 / 20,3962709,2019-09-06 20:26:08:452,0.1756,1.5023,9.9823,0.018,-0.0209,9.8066,-0.0698,-0.0014,-0.0123,-15.56,-33.06,26.19,318.31,-85.26,173.43
52.393333,-1.552162,154.92,12.38,3,138.25,19 / 20,3962809,2019-09-06 20:26:08:552,-0.9233,1.3664,9.6354,0.0195,-0.017,9.8065,-0.0187,0.0021,-0.0019,-16.12,-33.56,25.69,316.67,-85.06,172.16
52.393333,-1.552162,154.92,12.38,3,138.25,19 / 20,3962909,2019-09-06 20:26:08:652,0.0586,1.6861,9.642,0.0127,-0.0038,9.8066,0.0181,0.0314,-0.0279,-15.81,-33.31,25.75,316.25,-85.04,171.68
52.393333,-1.552162,154.92,12.38,3,138.25,19 / 20,3963010,2019-09-06 20:26:08:753,-1.0516,1.7678,10.2412,0.0124,-0.0138,9.8066,-0.0212,0.0649,0.0092,-15.81,-33.5,25.75,316.21,-85.05,171.63
52.393333,-1.552162,154.92,12.38,3,138.25,19 / 20,3963110,2019-09-06 20:26:08:853,-0.6859,2.2354,9.4597,-0.0042,0.0382,9.8065,0.0452,0.0743,-0.0848,-15.19,-33.44,25.5,314.74,-85.28,168.5
52.393333,-1.552162,154.92,12.38,3,138.25,19 / 20,3963210,2019-09-06 20:26:08:953,-0.481,1.7445,10.568,-0.0067,0.0122,9.8065,0.0525,0.1092,-0.0496,-15.5,-33.19,25.75,313.84,-85.3,167.65
52.393333,-1.552162,154.92,12.38,3,138.25,19 / 20,3963310,2019-09-06 20:26:09:053,-1.1471,1.603,10.1872,0.0031,0.0069,9.8066,0.0093,0.0629,0.01,-15.31,-33.75,25.44,311.84,-85.38,166.91
52.393333,-1.552162,154.92,12.38,3,138.25,18 / 19,3963410,2019-09-06 20:26:09:153,-0.2124,2.9789,9.7644,0.0128,0.0091,9.8066,-0.0281,0.1496,-0.1494,-15.56,-33.69,25.44,307.73,-85.33,164.68
52.393333,-1.552162,154.92,12.38,3,138.25,18 / 19,3963509,2019-09-06 20:26:09:252,-0.2154,2.0618,10.2956,0.0093,-0.015,9.8066,-0.0015,0.0556,0.0183,-15.5,-33.5,25.38,309.57,-85.22,164.81
52.393333,-1.552162,154.92,12.38,3,138.25,18 / 19,3963609,2019-09-06 20:26:09:352,-2.2772,1.0898,10.2041,0.0174,0.0026,9.8065,-0.0819,0.1578,-0.0715,-15.69,-34.19,24.5,305.84,-85.2,163.02
52.393333,-1.552162,154.92,12.38,3,138.25,18 / 19,3963710,2019-09-06 20:26:09:453,-0.0995,2.1014,9.6472,0.0093,0.0215,9.8065,-0.0471,0.1668,-0.0544,-15.12,-33.44,25.69,308.31,-85.2,162.54
52.393333,-1.552162,154.92,12.38,3,138.25,18 / 19,3963810,2019-09-06 20:26:09:553,-1.3442,2.1899,9.565,-0.0008,-0.0087,9.8066,-0.0911,0.0552,0.0368,-15.69,-33.87,25.13,303.63,-85.19,160.94
52.393333,-1.552162,154.92,12.38,3,138.25,18 / 19,3963910,2019-09-06 20:26:09:653,-0.7869,2.3619,10.183,-0.0047,0.0106,9.8066,0.1264,0.1116,-0.0308,-16.62,-34,24.94,301.31,-85.24,160.2
52.393333,-1.552162,154.92,12.38,3,138.25,18 / 19,3964010,2019-09-06 20:26:09:753,-0.075,2.0903,10.1282,-0.0096,0.0158,9.8066,0.1049,0.1752,-0.0044,-15.94,-33.81,24.88,302.82,-85.2,160.16
52.393333,-1.552162,154.92,12.38,3,138.25,18 / 19,3964109,2019-09-06 20:26:09:852,-0.602,0.9497,10.2695,0.001,0.0073,9.8066,-0.0668,0.143,-0.0821,-16.87,-34.06,24.56,301.97,-85.24,160.83
52.393333,-1.552162,154.92,12.38,3,138.25,18 / 19,3964210,2019-09-06 20:26:09:953,-1.0888,0.7687,10.3678,-0.0153,0.0153,9.8066,-0.0696,0.1123,-0.0012,-17.06,-33.87,24.38,299.5,-85.27,159.67
52.393333,-1.552162,154.92,12.38,3,138.25,18 / 19,3964310,2019-09-06 20:26:10:053,-1.6802,2.4477,9.825,0.0113,-0.0123,9.8066,0.0016,0.0976,-0.0102,-16.25,-33.06,24.31,301.7,-85.24,160.12
52.393333,-1.552162,154.92,12.38,3,138.25,19 / 20,3964409,2019-09-06 20:26:10:152,-1.0997,2.1743,9.8867,0.0106,0.0026,9.8066,-0.029,0.1267,-0.0711,-17.12,-33.75,23.69,298.82,-85.34,158.95
52.393333,-1.552162,154.92,12.38,3,138.25,19 / 20,3964509,2019-09-06 20:26:10:252,-0.1029,1.7997,9.4466,-0.0102,0.0134,9.8066,0.0145,0.1359,0.0302,-17.44,-33.56,23.44,296.69,-85.48,158.05
52.393333,-1.552162,154.92,12.38,3,138.25,19 / 20,3964610,2019-09-06 20:26:10:353,-1.2055,1.874,10.332,-0.0074,0.0079,9.8065,0.0208,0.1187,-0.0272,-17.12,-33.81,23.88,298.26,-85.53,158.21
52.393333,-1.552162,154.92,12.38,3,138.25,19 / 20,3964710,2019-09-06 20:26:10:453,-0.6916,2.1428,10.4412,-0.0017,0.0139,9.8066,0.0256,0.1285,-0.0366,-17.62,-34.5,23,293.57,-85.53,156.45
52.393333,-1.552162,154.92,12.38,3,138.25,19 / 20,3964809,2019-09-06 20:26:10:552,-1.0493,2.1317,10.0465,-0.0095,0.0169,9.8066,0.035,0.1358,0.0164,-17.62,-33.75,22.75,291.61,-85.57,154.53
52.393333,-1.552162,154.92,12.38,3,138.25,19 / 20,3964910,2019-09-06 20:26:10:653,-1.0474,1.8521,9.6235,0.0166,-0.0137,9.8066,-0.0076,0.1645,-0.0523,-17.25,-33.69,22.81,293.06,-85.51,154.52
52.393333,-1.552162,154.92,12.38,3,138.25,19 / 20,3965010,2019-09-06 20:26:10:753,-1.5897,1.7541,9.7499,0.0177,-0.0225,9.8065,-0.0339,0.1337,0.007,-18.25,-33.87,22.94,291.99,-85.45,155.02
52.393333,-1.552162,154.92,12.38,3,138.25,19 / 20,3965110,2019-09-06 20:26:10:853,-1.5061,1.6431,9.9894,-0.0102,0.0053,9.8065,0.0966,0.1378,0.0262,-18.37,-34.12,22.56,292.64,-85.48,155.62
52.393333,-1.552162,154.92,12.38,3,138.25,19 / 20,3965210,2019-09-06 20:26:10:953,-1.1773,1.1884,10.0915,-0.0051,0.0063,9.8066,0.0659,0.1242,-0.0065,-18.25,-33.5,22.25,291.71,-85.4,156.04
52.393333,-1.552162,154.92,12.38,3,138.25,19 / 20,3965309,2019-09-06 20:26:11:052,-1.2384,1.2303,9.7743,0.0085,-0.0032,9.8065,-0.0353,0.1347,-0.0288,-18.62,-33.62,22.13,290.29,-85.31,156.33
52.393333,-1.552162,154.92,12.38,3,138.25,19 / 20,3965409,2019-09-06 20:26:11:152,-1.4032,1.3817,9.8282,0.0001,-0.0026,9.8066,-0.0162,0.0962,0.0423,-18.56,-34.12,22.56,291.48,-85.27,156.14
52.393333,-1.552162,154.92,12.38,3,138.25,19 / 20,3965509,2019-09-06 20:26:11:252,-1.6966,1.2813,9.9398,0.0012,0.004,9.8066,0.0122,0.1388,-0.033,-19.37,-34.81,21.88,290.69,-85.26,156.92
52.393333,-1.552162,154.92,12.38,3,138.25,19 / 20,3965610,2019-09-06 20:26:11:353,-1.7611,1.0807,9.888,-0.0034,0.0043,9.8066,0.0034,0.093,0.0285,-19.44,-34.75,22.19,290.99,-85.28,157.2
52.393333,-1.552162,154.92,12.38,3,138.25,19 / 20,3965710,2019-09-06 20:26:11:453,-1.5892,1.5144,9.807,-0.0061,0.0081,9.8066,0.012,0.0946,-0.0094,-18.69,-33.44,21.88,290.36,-85.33,156.23
52.393333,-1.552162,154.92,12.38,3,138.25,19 / 20,3965810,2019-09-06 20:26:11:553,-1.701,1.3747,9.8147,-0.0038,0.0048,9.8065,0.0075,0.1189,-0.0177,-18.56,-33.62,20.5,288.51,-85.37,155.99
52.393333,-1.552162,154.92,12.38,3,138.25,19 / 20,3965910,2019-09-06 20:26:11:653,-1.6936,1.2061,10.1103,-0.0021,-0.0022,9.8066,0.0041,0.0888,0.0134,-19.81,-33.69,21.19,286.65,-85.44,155.43
52.393333,-1.552162,154.92,12.38,3,138.25,19 / 20,3966010,2019-09-06 20:26:11:753,-1.4221,0.7331,9.7792,-0.0089,0.0017,9.8066,-0.0065,0.0871,-0.0152,-20.37,-34.44,21.38,287.23,-85.53,155.9
52.393333,-1.552162,154.92,12.38,3,138.25,19 / 20,3966110,2019-09-06 20:26:11:853,-1.575,0.9575,10.1067,0.0013,0.0045,9.8066,0.0305,0.0887,0.0177,-20,-34.25,20.81,286.61,-85.56,155.26
52.393333,-1.552162,154.92,12.38,3,138.25,19 / 20,3966209,2019-09-06 20:26:11:952,-1.3053,0.8031,9.7819,-0.0072,-0.0037,9.8066,0.0256,0.0678,0.0045,-19.94,-34,20.75,287.38,-85.59,155.98
52.393333,-1.552162,154.92,12.38,3,138.25,19 / 20,3966310,2019-09-06 20:26:12:053,-1.4049,0.4717,9.8057,-0.0015,-0.0004,9.8066,-0.0068,0.077,-0.0059,-19.87,-34.12,20.5,287.65,-85.64,156.19
52.393333,-1.552162,154.92,12.38,3,138.25,19 / 20,3966409,2019-09-06 20:26:12:152,-1.4107,0.5284,10.2556,-0.0011,0.0036,9.8066,0.0078,0.0587,-0.0026,-19.62,-33.87,20.31,285.59,-85.66,155.67
52.393333,-1.552162,154.92,12.38,3,138.25,19 / 20,3966510,2019-09-06 20:26:12:253,-0.9486,0.1846,9.7549,0.0027,0.002,9.8066,0.0106,0.06,-0.0201,-19.62,-33.87,20.19,284.78,-85.67,154.87
52.393333,-1.552162,154.92,12.38,3,138.25,19 / 20,3966609,2019-09-06 20:26:12:352,-0.9647,0.329,9.6195,-0.0001,0.003,9.8066,0.0123,0.0416,0.0052,-19.62,-33.87,19.94,284.34,-85.67,154.44
52.393333,-1.552162,154.92,12.38,3,138.25,19 / 20,3966709,2019-09-06 20:26:12:452,-1.0373,0.1029,9.8983,0.002,0.0018,9.8066,-0.004,0.0378,-0.0052,-20.25,-34,20.19,283.45,-85.7,153.53
52.393333,-1.552162,154.92,12.38,3,138.25,19 / 20,3966810,2019-09-06 20:26:12:553,-1.0718,0.2415,10.0041,0.0015,-0.0013,9.8066,-0.0044,0.0412,-0.002,-19.69,-34.19,20.25,283.28,-85.73,153.33
52.393333,-1.552162,154.92,12.38,3,138.25,19 / 20,3966910,2019-09-06 20:26:12:653,-0.7449,-0.0165,9.7647,-0.0047,0.0034,9.8066,0.0276,0.044,-0.0024,-20.12,-34,19.63,283.01,-85.78,153
52.393333,-1.552162,154.92,12.38,3,138.25,19 / 20,3967010,2019-09-06 20:26:12:753,-0.6024,-0.1057,9.8668,-0.0016,0.006,9.8066,-0.0012,0.0288,-0.0129,-20.56,-34.25,19.88,280.95,-85.82,152.21
52.393333,-1.552162,154.92,12.38,3,138.25,19 / 20,3967110,2019-09-06 20:26:12:853,-0.3911,-0.2861,9.8285,-0.0033,0.0004,9.8066,-0.0024,0.0233,0.0023,-20.69,-34.12,20.25,280.65,-85.86,151.85
52.393333,-1.552162,154.92,12.38,3,138.25,19 / 20,3967210,2019-09-06 20:26:12:953,-0.312,-0.3123,9.767,-0.0014,0.0031,9.8066,0.0153,0.0374,0.0102,-20.37,-34.06,20.19,281.77,-85.87,151.68
52.393333,-1.552162,154.92,12.38,3,138.25,19 / 20,3967310,2019-09-06 20:26:13:053,0.0211,-0.572,9.9719,0.0012,0.0022,9.8066,0.016,0.0172,-0.0122,-20.69,-34.19,20.19,279.95,-85.86,151.16
52.393333,-1.552162,154.92,12.38,3,138.25,18 / 20,3967410,2019-09-06 20:26:13:153,-0.1369,-0.4967,9.8082,0.0013,0.0016,9.8066,0.0071,0.0117,-0.0174,-20.37,-34.31,19.63,280.95,-85.85,150.88
52.393333,-1.552162,154.92,12.38,3,138.25,18 / 20,3967509,2019-09-06 20:26:13:252,0.2388,-0.7413,9.821,-0.0016,0.0012,9.8066,0.0112,0.0336,0.0058,-20.69,-33.81,19.63,279.47,-85.87,150.68
52.393333,-1.552162,154.92,12.38,3,138.25,18 / 20,3967609,2019-09-06 20:26:13:352,0.494,-0.8974,9.8084,-0.0045,0.0059,9.8066,0.0113,0.0249,0.0088,-20.62,-34.75,19.5,278.82,-85.9,150.15
52.393333,-1.552162,154.92,12.38,3,138.25,18 / 20,3967709,2019-09-06 20:26:13:452,0.0497,-0.7432,9.75,-0.002,0.0055,9.8066,-0.0135,0.0281,-0.0181,-20.69,-34.25,20,277.89,-85.94,149.03
52.393333,-1.552162,154.92,12.38,3,138.25,18 / 20,3967810,2019-09-06 20:26:13:553,0.1947,-0.7864,9.6963,-0.0028,0.0043,9.8066,0.0086,0.0399,0.0018,-20,-34.06,20.06,278.43,-85.98,148.24
52.393333,-1.552162,154.92,12.38,3,138.25,18 / 20,3967910,2019-09-06 20:26:13:653,0.0143,-0.5317,9.8278,0.0007,0.0044,9.8066,0.0019,0.0117,-0.0045,-20.19,-34.06,19.75,277.39,-85.99,147.2
52.393333,-1.552162,154.92,12.38,3,138.25,18 / 20,3968010,2019-09-06 20:26:13:753,-0.1622,-0.3875,9.9088,-0.0021,0.0049,9.8066,-0.0253,0.0224,-0.0106,-20.06,-34.25,19.56,276.52,-86.02,146.3
52.393333,-1.552162,154.92,12.38,3,138.25,18 / 20,3968110,2019-09-06 20:26:13:853,-0.2994,-0.4058,9.8746,-0.0074,0.0072,9.8065,-0.0107,0.0251,0.0127,-20.25,-34,19.25,274.21,-86.08,145.53
52.393333,-1.552162,154.92,12.38,3,138.25,18 / 20,3968209,2019-09-06 20:26:13:952,-0.4412,-0.3312,9.76,-0.0049,0.0064,9.8066,0.005,0.0286,0.0107,-20.06,-33.81,19.56,274.44,-86.17,144.05
52.393333,-1.552162,154.92,12.38,3,138.25,18 / 20,3968309,2019-09-06 20:26:14:052,-0.3649,-0.3647,9.7549,-0.004,0.0085,9.8066,-0.0182,0.0159,-0.0235,-20,-34.06,19.38,271.09,-86.25,142.19
52.393333,-1.552162,154.92,12.38,3,138.25,18 / 19,3968409,2019-09-06 20:26:14:152,-0.4332,-0.367,9.8822,-0.0046,0.0045,9.8066,-0.0138,0.0041,-0.0002,-20.31,-34.19,19.44,270.09,-86.3,141.12
52.393333,-1.552162,154.92,12.38,3,138.25,18 / 19,3968510,2019-09-06 20:26:14:253,-0.5828,-0.2883,9.8964,-0.0038,0.0054,9.8066,0.0136,0.0237,0.015,-20.25,-33.69,19.56,270.73,-86.36,140.11
52.393333,-1.552162,154.92,12.38,3,138.25,18 / 19,3968610,2019-09-06 20:26:14:353,-0.3097,-0.5142,9.9996,-0.0032,0.0039,9.8066,0.0004,0.0032,0.0021,-20.81,-34.06,19.75,268.88,-86.39,139.51
52.393333,-1.552162,154.92,12.38,3,138.25,18 / 19,3968709,2019-09-06 20:26:14:452,-0.4039,-0.5295,9.7631,-0.0017,0.005,9.8066,-0.0036,0.0076,-0.0032,-20.06,-33.12,19.69,269.25,-86.42,138.44
52.393333,-1.552162,154.92,12.38,3,138.25,18 / 19,3968810,2019-09-06 20:26:14:553,-0.1423,-0.5866,9.8006,-0.0025,0.0014,9.8066,0.0133,0.0177,0.0169,-20.31,-34.19,19.31,266.82,-86.45,137.66
52.393333,-1.552162,154.92,12.38,3,138.25,18 / 19,3968910,2019-09-06 20:26:14:653,-0.1604,-0.6831,9.8149,-0.0012,-0.0018,9.8066,-0.0075,-0.0036,-0.0157,-20,-33.94,19.44,266.31,-86.48,137.11
52.393333,-1.552162,154.92,12.38,3,138.25,18 / 19,3969009,2019-09-06 20:26:14:752,0.075,-0.6419,9.8853,-0.0024,0.0031,9.8066,0.0036,0.0059,-0.0017,-20.06,-34.12,19.19,265.51,-86.5,136.28
52.393333,-1.552162,154.92,12.38,3,138.25,18 / 19,3969109,2019-09-06 20:26:14:852,0.0125,-0.6878,9.8008,-0.0009,0.0011,9.8066,0.0014,0.0063,0.012,-19.87,-33.69,19.19,265.16,-86.54,135.88
52.393333,-1.552162,154.92,12.38,3,138.25,18 / 19,3969209,2019-09-06 20:26:14:952,0.1518,-0.7931,9.8897,0.0001,0.0026,9.8065,-0.0109,-0.0122,-0.018,-20.19,-33.81,19.75,265.95,-86.55,135.08
52.393333,-1.552162,154.92,12.38,3,138.25,18 / 19,3969310,2019-09-06 20:26:15:053,0.0665,-0.9916,9.761,-0.0028,0.0021,9.8066,0.0143,0.0154,0.0126,-19.87,-33.56,19.69,265.26,-86.56,134.38
52.393333,-1.552162,154.92,12.38,3,138.25,19 / 20,3969410,2019-09-06 20:26:15:153,0.3098,-0.9803,9.8191,-0.0021,0.0016,9.8066,0.0187,0.0093,0.0165,-20.06,-33.69,19.63,264.98,-86.59,134.07
52.393333,-1.552162,154.92,12.38,3,138.25,19 / 20,3969509,2019-09-06 20:26:15:252,0.0879,-0.7894,9.8067,-0.002,0.0061,9.8066,-0.0343,-0.0008,-0.0247,-19.87,-33.75,19.81,263.36,-86.6,132.41
52.393333,-1.552162,154.92,12.38,3,138.25,19 / 20,3969610,2019-09-06 20:26:15:353,0.2249,-0.7623,9.8024,-0.0024,0.0018,9.8066,-0.0076,0.0115,0.0112,-19.81,-33.56,19.19,261.08,-86.63,131.64
52.393333,-1.552162,154.92,12.38,3,138.25,19 / 20,3969710,2019-09-06 20:26:15:453,0.0761,-0.779,9.732,-0.0027,0.0056,9.8065,-0.0037,-0.0068,0.0031,-20.12,-33.62,19.5,261.7,-86.66,130.66
52.393333,-1.552162,154.92,12.38,3,138.25,19 / 20,3969810,2019-09-06 20:26:15:553,0.0992,-0.8976,9.81,-0.003,0.0051,9.8066,-0.011,-0.006,-0.0151,-20.19,-33.69,19.63,260.82,-86.68,129.75
52.393333,-1.552162,154.92,12.38,3,138.25,19 / 20,3969910,2019-09-06 20:26:15:653,0.1326,-0.7569,9.8094,-0.0015,0.0005,9.8066,0.0226,0.0117,0.0163,-20.12,-34.19,19.69,260.48,-86.7,129.39
52.393333,-1.552162,154.92,12.38,3,138.25,19 / 20,3970010,2019-09-06 20:26:15:753,0.0518,-0.7905,9.8064,-0.0017,0.0039,9.8066,-0.0057,-0.0096,-0.0089,-20.12,-33.69,19.94,259.63,-86.71,128.51
52.393333,-1.552162,154.92,12.38,3,138.25,19 / 20,3970110,2019-09-06 20:26:15:853,0.3939,-0.8375,9.8594,-0.004,0.0021,9.8066,0.0058,0.0098,0.0034,-20.37,-33.69,19.69,258.42,-86.74,127.24
52.393333,-1.552162,154.92,12.38,3,138.25,19 / 20,3970209,2019-09-06 20:26:15:952,0.0916,-0.9076,9.8504,-0.0033,0.0019,9.8066,0.0355,0.0053,0.0137,-20.56,-34,19.25,255.52,-86.76,127.12
52.393333,-1.552162,154.92,12.38,3,138.25,19 / 20,3970310,2019-09-06 20:26:16:053,0.4812,-1.1067,9.8302,-0.0011,0.0018,9.8065,0.0151,-0.0108,-0.0041,-20.75,-33.31,20,256.49,-86.77,126.44
52.39309,-1.551699,154.02,0,3,109.94,18 / 19,3970409,2019-09-06 20:26:16:152,0.4036,-0.9828,9.8302,-0.0018,0.0028,9.8066,0.0115,-0.0015,0.014,-20.44,-33.62,19.81,257.13,-86.78,125.89
52.39309,-1.551699,154.02,0,3,109.94,18 / 19,3970510,2019-09-06 20:26:16:253,0.1034,-0.7947,9.7542,-0.0047,0.0042,9.8066,0.0057,0.0186,0.0132,-19.87,-33.56,19.69,256.41,-86.8,125.13
52.39309,-1.551699,154.02,0,3,109.94,18 / 19,3970609,2019-09-06 20:26:16:352,0.3465,-0.9701,9.7583,-0.0022,0.0029,9.8066,0.0163,0.0041,0.0068,-20.31,-33.69,19.56,255.37,-86.84,124.03
52.39309,-1.551699,154.02,0,3,109.94,18 / 19,3970711,2019-09-06 20:26:16:454,0.2055,-0.8579,9.7498,-0.002,0.0011,9.8066,-0.0038,0.0079,-0.0087,-20.62,-34.12,19.94,253.93,-86.86,123.85
52.39309,-1.551699,154.02,0,3,109.94,18 / 19,3970810,2019-09-06 20:26:16:553,-0.1062,-0.7578,9.8921,-0.0026,0.0019,9.8066,0.0019,0.0052,0.0038,-20.44,-33.5,19.5,254.8,-86.88,123.3
52.39309,-1.551699,154.02,0,3,109.94,18 / 19,3970910,2019-09-06 20:26:16:653,0.2567,-0.9219,9.8406,-0.0016,0.001,9.8066,0.001,0.0003,0.0044,-20.69,-33.69,19.94,252.91,-86.9,122.77
52.39309,-1.551699,154.02,0,3,109.94,18 / 19,3971009,2019-09-06 20:26:16:752,0.1176,-0.818,9.8459,-0.0029,0.0026,9.8066,0.0123,0.0164,-0.0005,-20.5,-34.25,19.75,253.64,-86.93,122.17
52.39309,-1.551699,154.02,0,3,109.94,18 / 19,3971110,2019-09-06 20:26:16:853,0.2027,-0.8099,9.8761,0.0009,-0.0047,9.8066,0.0087,-0.0064,-0.0101,-20.62,-33.81,20.38,252.86,-86.93,122.67
52.39309,-1.551699,154.02,0,3,109.94,18 / 19,3971209,2019-09-06 20:26:16:952,0.3518,-1.1248,9.8768,-0.0009,0.0012,9.8066,-0.0046,-0.0079,0.0064,-20.56,-33.81,20.69,254.19,-86.94,122.55
52.39309,-1.551699,154.02,0,3,109.94,18 / 19,3971309,2019-09-06 20:26:17:052,0.4439,-1.0921,9.9302,-0.0013,0.0017,9.8066,0.0018,0.0088,0.0114,-21.19,-33.81,19.69,252.57,-86.95,122.36
52.39309,-1.551699,154.02,0,3,109.94,18 / 20,3971410,2019-09-06 20:26:17:153,0.3448,-1.0011,9.7103,-0.0025,-0.0005,9.8066,0.0166,-0.0004,-0.0025,-20.56,-33.75,19.88,252.29,-86.97,122.05
52.39309,-1.551699,154.02,0,3,109.94,18 / 20,3971509,2019-09-06 20:26:17:252,0.7024,-1.1583,9.6889,-0.0002,-0.0006,9.8066,0.0118,-0.01,-0.0053,-20.94,-33.81,20.19,252.62,-87,122.35
52.39309,-1.551699,154.02,0,3,109.94,18 / 20,3971610,2019-09-06 20:26:17:353,0.5252,-1.1036,9.7921,-0.0024,0.0014,9.8066,0.008,-0.0077,-0.0058,-20.5,-33.25,19.94,254.03,-87.02,122.36
52.39309,-1.551699,154.02,0,3,109.94,18 / 20,3971710,2019-09-06 20:26:17:453,0.4023,-0.9091,9.8042,-0.0006,0.0008,9.8066,-0.0023,0.0176,0.005,-20.81,-33.31,19.44,251.39,-87.02,122.53
52.39309,-1.551699,154.02,0,3,109.94,18 / 20,3971810,2019-09-06 20:26:17:553,0.4729,-1.1147,9.7383,-0.0019,0.0007,9.8066,0.0087,-0.0047,0.0075,-20.56,-33.37,19.81,252.81,-87.04,122.41
52.39309,-1.551699,154.02,0,3,109.94,18 / 20,3971910,2019-09-06 20:26:17:653,0.67,-1.1972,9.7695,-0.0026,0.0016,9.8066,0.0209,0.0047,0.0044,-20.62,-33.87,19.38,251.66,-87.05,122.87
52.39309,-1.551699,154.02,0,3,109.94,18 / 20,3972009,2019-09-06 20:26:17:752,0.7878,-1.258,9.7588,-0.0019,-0.0009,9.8066,0.0212,-0.0059,-0.0082,-20.75,-33,18.56,251.83,-87.06,122.93
52.39309,-1.551699,154.02,0,3,109.94,18 / 20,3972110,2019-09-06 20:26:17:853,0.5962,-1.0026,9.8103,-0.0015,0.0006,9.8066,-0.0062,-0.0053,-0.003,-20.62,-33.37,19.13,252.18,-87.08,123.27
52.39309,-1.551699,154.02,0,3,109.94,18 / 20,3972209,2019-09-06 20:26:17:952,0.3986,-1.0275,9.7399,0.0009,-0.0022,9.8066,-0.0084,0.0079,0.007,-20.44,-33.81,19.25,253.92,-87.09,123.81
52.39309,-1.551699,154.02,0,3,109.94,18 / 20,3972309,2019-09-06 20:26:18:052,0.8214,-1.3171,9.7001,-0.0001,-0.0041,9.8066,0.0047,0.0071,0.0037,-20.31,-33.37,18.56,254.62,-87.11,124.4
52.39309,-1.551699,154.02,0,3,109.94,19 / 20,3972410,2019-09-06 20:26:18:153,0.794,-1.3128,9.689,-0.0008,-0.0022,9.8066,0.0026,0.0069,0.0045,-20.37,-33.19,18.88,255.21,-87.12,124.99
52.39309,-1.551699,154.02,0,3,109.94,19 / 20,3972510,2019-09-06 20:26:18:253,0.946,-1.2586,9.7215,0.0027,-0.0045,9.8066,0.0052,0.0121,0.0001,-20.12,-33.5,18.94,256.02,-87.12,125.83
52.39309,-1.551699,154.02,0,3,109.94,19 / 20,3972610,2019-09-06 20:26:18:353,1.2614,-1.4538,9.7496,0.0021,-0.0051,9.8066,0.0054,0.0159,-0.0045,-19.69,-33.69,18.19,255.78,-87.1,127.33
52.39309,-1.551699,154.02,0,3,109.94,19 / 20,3972710,2019-09-06 20:26:18:453,1.2838,-1.3896,9.6739,0.0057,-0.0067,9.8065,-0.0167,0.01,0.0082,-19.69,-33.37,18.25,256.99,-87.08,128.49
52.39309,-1.551699,154.02,0,3,109.94,19 / 20,3972810,2019-09-06 20:26:18:553,0.9733,-1.4816,9.7278,0.0097,-0.0118,9.8066,-0.029,0.0202,-0.0071,-19.56,-33.37,18.56,259.49,-87.09,129.37
52.39309,-1.551699,154.02,0,3,109.94,19 / 20,3972910,2019-09-06 20:26:18:653,0.9176,-1.1479,9.5113,0.0129,-0.0097,9.8066,0.0313,0.0238,-0.001,-20.19,-34,17.69,260.1,-87.01,131.83
52.39309,-1.551699,154.02,0,3,109.94,19 / 20,3973010,2019-09-06 20:26:18:753,1.4209,-1.6045,9.5675,-0.0059,0.0044,9.8066,0.0058,0.0288,-0.0048,-19.44,-33.5,17.88,261.82,-87,132.11
52.39309,-1.551699,154.02,0,3,109.94,19 / 20,3973109,2019-09-06 20:26:18:852,1.9353,-1.6854,9.5988,0.0034,-0.0042,9.8066,0.0186,0.0195,-0.004,-19.69,-33.94,17.88,261.76,-86.93,133.6
52.39309,-1.551699,154.02,0,3,109.94,19 / 20,3973210,2019-09-06 20:26:18:953,1.3243,-1.429,9.8008,0.0018,-0.0022,9.8066,0.0388,0.0369,0.0082,-19.94,-33.69,17.25,260.77,-86.9,134.36
52.39309,-1.551699,154.02,0,3,109.94,19 / 20,3973310,2019-09-06 20:26:19:053,1.4571,-1.6163,9.8495,-0.0058,-0.0007,9.8066,0.0188,0.0448,-0.015,-20.37,-33.12,17,261.76,-86.9,135.25
52.39309,-1.551699,154.02,0,3,109.94,18 / 19,3973410,2019-09-06 20:26:19:153,1.7778,-1.8077,9.7537,0.0047,-0.0046,9.8066,-0.0044,0.0446,-0.014,-20.31,-33.37,17,263.17,-86.86,136.73
52.39309,-1.551699,154.02,0,3,109.94,18 / 19,3973509,2019-09-06 20:26:19:252,1.1578,-1.2825,9.6959,0.0057,-0.0028,9.8066,-0.0007,0.0632,0.0007,-19.87,-33.75,17.19,263.92,-86.79,137.68
52.39309,-1.551699,154.02,0,3,109.94,18 / 19,3973610,2019-09-06 20:26:19:353,2.1277,-1.6205,9.7861,0.007,-0.0034,9.8066,0.0242,0.0464,-0.0024,-20.69,-33.06,17.13,264.13,-86.67,139.17
52.39309,-1.551699,154.02,0,3,109.94,18 / 19,3973709,2019-09-06 20:26:19:452,2.2813,-1.8751,9.674,0.0041,-0.0034,9.8066,-0.0249,0.044,-0.0104,-20.44,-32.62,17.31,266.35,-86.63,140.22
52.39309,-1.551699,154.02,0,3,109.94,18 / 19,3973809,2019-09-06 20:26:19:552,2.743,-2.2754,9.7652,0.0147,-0.0095,9.8066,-0.0343,0.0413,0.0011,-20.5,-33.37,18,269.86,-86.47,142.21
52.39309,-1.551699,154.02,0,3,109.94,18 / 19,3973910,2019-09-06 20:26:19:653,2.7177,-2.2294,9.6674,0.0148,-0.0109,9.8065,0.0709,0.0451,-0.0204,-20.56,-33.06,17.63,269.51,-86.39,143.23
52.39309,-1.551699,154.02,0,3,109.94,18 / 19,3974010,2019-09-06 20:26:19:753,2.1232,-1.8102,9.5507,-0.004,0.0033,9.8066,0.0395,0.0572,0,-20.56,-33.44,17.5,270.36,-86.28,144.21
52.39309,-1.551699,154.02,0,3,109.94,18 / 19,3974110,2019-09-06 20:26:19:853,2.2756,-1.6674,9.4697,0.0086,-0.0045,9.8066,-0.0563,0.0439,0.0142,-21.31,-33.37,16.88,269.45,-86.17,145.14
52.39309,-1.551699,154.02,0,3,109.94,18 / 19,3974210,2019-09-06 20:26:19:953,1.446,-0.9512,9.2331,-0.001,0.0014,9.8066,-0.0562,0.1089,-0.0466,-21.25,-32.94,17,269.84,-86.19,145.5
52.39309,-1.551699,154.02,0,3,109.94,18 / 19,3974310,2019-09-06 20:26:20:053,1.6747,-2.1947,10.0183,0.0024,0.0102,9.8066,-0.0191,0.0877,-0.0302,-20.87,-33.5,16.63,268.04,-86.15,143.75
52.39309,-1.551699,154.02,0,3,109.94,19 / 20,3974409,2019-09-06 20:26:20:152,2.1811,-1.8489,10.0961,-0.0033,0.0141,9.8065,0.0206,0.0314,-0.0382,-21.19,-33.5,17.56,268.24,-86.16,142.23
52.39309,-1.551699,154.02,0,3,109.94,19 / 20,3974510,2019-09-06 20:26:20:253,2.3889,-2.0118,9.6156,0.0021,-0.0001,9.8066,-0.0382,0.096,-0.0606,-21.62,-33.44,17.13,264.16,-86.07,141.11
52.39309,-1.551699,154.02,0,3,109.94,19 / 20,3974610,2019-09-06 20:26:20:353,2.2817,-1.2314,9.6911,0.0046,0.0034,9.8066,-0.0199,0.0212,0.0288,-21.5,-34.31,16.5,264.52,-86.07,140.45
52.39309,-1.551699,154.02,0,3,109.94,19 / 20,3974709,2019-09-06 20:26:20:452,1.9153,-0.8306,9.7252,0.0029,0.0025,9.8066,-0.0191,0.0467,-0.0113,-21.87,-33.69,15.63,260.76,-86.09,139.55
52.39309,-1.551699,154.02,0,3,109.94,19 / 20,3974810,2019-09-06 20:26:20:553,1.7464,-1.4124,9.5323,-0.0168,0.0109,9.8066,0.005,0.074,-0.014,-20.94,-33.87,16.06,260.36,-86.18,137.89
52.39309,-1.551699,154.02,0,3,109.94,19 / 20,3974910,2019-09-06 20:26:20:653,1.3612,-1.8913,9.5495,-0.0105,0.0142,9.8065,-0.0705,0.0986,-0.0746,-21.25,-33.44,16.38,258.98,-86.19,136.33
52.39309,-1.551699,154.02,0,3,109.94,19 / 20,3975010,2019-09-06 20:26:20:753,1.3392,-0.7996,9.5022,-0.0063,0.0187,9.8065,-0.0571,0.0305,-0.0061,-21.62,-34.44,16.56,255.86,-86.15,132.71
52.39309,-1.551699,154.02,0,3,109.94,19 / 20,3975110,2019-09-06 20:26:20:853,0.3198,-0.2076,9.6492,-0.0036,0.0219,9.8065,-0.0337,0.0378,-0.0042,-21.94,-34.31,15.81,250.95,-86.13,129.46
52.39309,-1.551699,154.02,0,3,109.94,19 / 20,3975210,2019-09-06 20:26:20:953,1.317,-0.369,10.2056,0.0057,-0.0004,9.8066,0.0039,0.0793,-0.067,-21.12,-34.56,15.19,248.01,-86.05,127.41
52.39309,-1.551699,154.02,0,3,109.94,19 / 20,3975310,2019-09-06 20:26:21:053,1.3756,-1.1086,9.7498,0.0112,0.0087,9.8066,0.0368,0.0507,0.0099,-21.06,-34,15.5,249.89,-85.85,127.57
52.39309,-1.551699,154.02,0,3,109.94,19 / 20,3975409,2019-09-06 20:26:21:152,1.1423,-1.0081,9.6057,0.0125,0.0002,9.8066,0.0056,0.0439,-0.0446,-20.87,-34.19,15.63,250.18,-85.69,128.07
52.39309,-1.551699,154.02,0,3,109.94,19 / 20,3975510,2019-09-06 20:26:21:253,2.4096,-1.662,9.7626,0.0003,0.0091,9.8066,-0.0977,0.0196,0.0108,-21.37,-34.12,15.69,249.75,-85.57,127.76
52.39309,-1.551699,154.02,0,3,109.94,19 / 20,3975610,2019-09-06 20:26:21:353,2.5542,-2.1609,9.4936,0.0338,-0.0186,9.8066,-0.1271,0.0685,-0.024,-20.25,-34.31,15.13,250.61,-85.3,129.74
52.39309,-1.551699,154.02,0,3,109.94,19 / 20,3975710,2019-09-06 20:26:21:453,1.3581,-0.794,9.4179,0.0529,-0.0256,9.8065,0.1235,0.0265,-0.0522,-20.37,-33.81,16,252.77,-85.15,130.22
52.39309,-1.551699,154.02,0,3,109.94,19 / 20,3975810,2019-09-06 20:26:21:553,0.8145,-1.1623,9.8548,-0.0328,0.026,9.8065,0.0867,-0.0024,-0.0133,-21.12,-35.12,15.31,249.62,-85.1,130.26
52.39309,-1.551699,154.02,0,3,109.94,19 / 20,3975912,2019-09-06 20:26:21:655,1.5062,-1.5583,10.0312,-0.0389,0.0285,9.8064,0.0744,0.0131,-0.0117,-20.37,-34.56,15.13,247.87,-85.16,127.23
52.39309,-1.551699,154.02,0,3,109.94,19 / 20,3976010,2019-09-06 20:26:21:753,2.2993,-2.0361,9.4966,0.0433,-0.0152,9.8065,0.0009,-0.0227,-0.0103,-20.37,-34.12,15.19,249.63,-84.89,129.23
52.39309,-1.551699,154.02,0,3,109.94,19 / 20,3976110,2019-09-06 20:26:21:853,1.8881,-1.0991,9.5,0.0551,-0.0211,9.8064,-0.0262,-0.0305,-0.043,-20.69,-34.44,16.06,250.33,-84.76,129.34
52.39309,-1.551699,154.02,0,3,109.94,19 / 20,3976210,2019-09-06 20:26:21:953,1.2519,-0.9537,9.2676,-0.0272,0.0208,9.8065,-0.1532,0.0225,-0.0601,-20.19,-34.5,15.63,249.3,-84.8,127.05
52.39309,-1.551699,154.02,0,3,109.94,19 / 20,3976310,2019-09-06 20:26:22:053,2.0773,-2.024,9.7655,0.002,0.0045,9.8066,0.2759,0.0092,0.0517,-20.75,-33.69,15.31,246.5,-84.65,127.36
52.39309,-1.551699,154.02,0,3,109.94,18 / 19,3976410,2019-09-06 20:26:22:153,1.1773,-1.0383,10.1887,-0.0544,0.0264,9.8064,0.2823,0.0064,0.007,-20.31,-34.62,15.75,249.77,-84.55,128.05
52.39309,-1.551699,154.02,0,3,109.94,18 / 19,3976510,2019-09-06 20:26:22:253,1.5555,-1.0332,10.2313,0.0686,-0.0507,9.8062,-0.1012,-0.0515,-0.0049,-20.31,-34.87,15.63,248.08,-84.86,125.89
52.39309,-1.551699,154.02,0,3,109.94,18 / 19,3976610,2019-09-06 20:26:22:353,1.0227,-1.4389,10.3595,0.0434,-0.0249,9.8064,0.0503,-0.0349,0.048,-20.5,-34.25,15.88,252.29,-84.63,130.39
52.39309,-1.551699,154.02,0,3,109.94,18 / 19,3976710,2019-09-06 20:26:22:453,0.3303,-1.5707,9.4008,0.0265,-0.023,9.8065,-0.092,-0.0288,0.005,-20.44,-34.19,16.06,252.87,-84.67,130.94
52.39309,-1.551699,154.02,0,3,109.94,18 / 19,3976809,2019-09-06 20:26:22:552,0.716,-0.9988,9.7643,0.0018,-0.0053,9.8066,-0.107,-0.0511,0.028,-21.31,-34.44,15.94,252.62,-84.7,131.79
52.39309,-1.551699,154.02,0,3,109.94,18 / 19,3976910,2019-09-06 20:26:22:653,0.1525,-1.5019,9.6854,0.0009,-0.0153,9.8066,0.0819,-0.0925,0.0467,-20.56,-34.25,16.44,254.16,-84.78,133.29
52.39309,-1.551699,154.02,0,3,109.94,18 / 19,3977009,2019-09-06 20:26:22:752,0.1466,-2.074,10.093,-0.0222,-0.0001,9.8066,0.106,-0.1126,0.0462,-20.75,-34.75,16.75,257.61,-84.89,135.06
52.39309,-1.551699,154.02,0,3,109.94,18 / 19,3977110,2019-09-06 20:26:22:853,-0.4362,-2.0513,9.8809,-0.0165,-0.0027,9.8066,0.0038,-0.1045,0.0148,-20.56,-34.31,17,259.16,-85.09,136.22
52.39309,-1.551699,154.02,0,3,109.94,18 / 19,3977210,2019-09-06 20:26:22:953,-0.3186,-1.6507,9.6268,-0.0038,0.0005,9.8066,0.0249,-0.1211,0.0195,-20.37,-33.81,17.38,261.17,-85.11,137.06
52.39309,-1.551699,154.02,0,3,109.94,18 / 19,3977310,2019-09-06 20:26:23:053,-0.2331,-1.69,9.9807,-0.0021,-0.0012,9.8066,0.0379,-0.184,0.0001,-21,-34.44,17.13,260.41,-85.11,137.48
52.39309,-1.551699,154.02,0,3,109.94,19 / 20,3977410,2019-09-06 20:26:23:153,-0.5272,-1.8118,9.8537,-0.0081,0.0051,9.8066,0.0046,-0.1675,0.005,-19.56,-33.81,17.25,261.86,-85.15,137.72
52.39309,-1.551699,154.02,0,3,109.94,19 / 20,3977509,2019-09-06 20:26:23:252,-0.1769,-2.5344,9.6697,-0.0086,0.003,9.8066,0.0045,-0.1808,0.0134,-20.19,-33.69,17.81,263.31,-85.19,137.36
52.39309,-1.551699,154.02,0,3,109.94,19 / 20,3977610,2019-09-06 20:26:23:353,-1.0077,-1.7744,9.8169,-0.0125,-0.0026,9.8066,-0.0021,-0.2283,0.0172,-20.12,-34.37,18.75,265.36,-85.19,137.74
52.39309,-1.551699,154.02,0,3,109.94,19 / 20,3977710,2019-09-06 20:26:23:453,-0.5047,-2.6767,9.7817,-0.0192,-0.0028,9.8065,0.04,-0.2442,0.0481,-20,-33.5,19,267.42,-85.34,139.47
52.39309,-1.551699,154.02,0,3,109.94,19 / 20,3977809,2019-09-06 20:26:23:552,-1.0008,-2.4351,9.991,-0.0062,-0.0141,9.8066,0.0556,-0.2507,0.047,-19.62,-34.19,19.75,271.84,-85.37,142.42
52.39309,-1.551699,154.02,0,3,109.94,19 / 20,3977910,2019-09-06 20:26:23:653,-0.6814,-2.5745,9.847,0.0067,-0.0062,9.8066,-0.0574,-0.2657,0.0097,-19.69,-34,19.44,271.48,-85.43,143.6
52.39309,-1.551699,154.02,0,3,109.94,19 / 20,3978009,2019-09-06 20:26:23:752,-1.1376,-2.235,9.782,0.0077,-0.009,9.8066,-0.0045,-0.3018,0.0307,-19,-33.19,20.5,276.54,-85.41,144.03
52.39309,-1.551699,154.02,0,3,109.94,19 / 20,3978110,2019-09-06 20:26:23:853,-1.0893,-2.7989,9.715,-0.0008,-0.0115,9.8066,-0.0208,-0.3372,0.0682,-19.62,-33.62,21.06,276.02,-85.47,144.95
52.39309,-1.551699,154.02,0,3,109.94,19 / 20,3978209,2019-09-06 20:26:23:952,-1.2615,-2.9803,9.6774,-0.0083,-0.0247,9.8065,-0.083,-0.362,0.0756,-18.5,-33.94,21.25,281.12,-85.56,147.12
52.39309,-1.551699,154.02,0,3,109.94,19 / 20,3978309,2019-09-06 20:26:24:052,-2.2457,-2.4382,10.007,0.0116,-0.0269,9.8066,0.1283,-0.386,0.0283,-18.19,-33.56,22.44,287.12,-85.63,151.46
52.39309,-1.551699,154.02,0,3,109.94,18 / 19,3978410,2019-09-06 20:26:24:153,-1.743,-2.308,9.7,-0.0242,0.0142,9.8066,0.0831,-0.3716,0.0458,-17.94,-33.56,22.81,288.5,-85.82,151.22
52.39309,-1.551699,154.02,0,3,109.94,18 / 19,3978510,2019-09-06 20:26:24:253,-1.4296,-2.1718,9.7432,-0.014,-0.0059,9.8066,0.069,-0.4193,0.0897,-17.12,-33.62,23.13,292.46,-85.79,153.61
52.39309,-1.551699,154.02,0,3,109.94,18 / 19,3978610,2019-09-06 20:26:24:353,-2.3773,-2.2576,9.7633,-0.0092,-0.0071,9.8066,0.119,-0.3945,0.0574,-17.37,-33.56,23.81,296.73,-85.73,156.52
52.39309,-1.551699,154.02,0,3,109.94,18 / 19,3978709,2019-09-06 20:26:24:452,-1.1436,-2.8508,9.5958,-0.0152,-0.0024,9.8065,-0.0938,-0.4089,0.0501,-16.69,-33.31,24.38,299.68,-85.72,159.24
52.39309,-1.551699,154.02,0,3,109.94,18 / 19,3978809,2019-09-06 20:26:24:552,-2.8714,-1.8119,9.8813,0.002,-0.0276,9.8066,-0.0971,-0.4144,0.0714,-15.94,-33.5,25.25,307.1,-85.61,163.7
52.39309,-1.551699,154.02,0,3,109.94,18 / 19,3978910,2019-09-06 20:26:24:653,-2.5629,-1.968,9.8022,0.008,-0.0264,9.8065,0.0953,-0.3982,0.0469,-16.19,-33.06,25.44,308.71,-85.62,165.22
52.39309,-1.551699,154.02,0,3,109.94,18 / 19,3979010,2019-09-06 20:26:24:753,-2.3658,-2.1115,10.0113,-0.0273,0.0051,9.8066,0.0833,-0.4279,0.0687,-15,-32.81,26.19,315.05,-85.73,168.43
52.39309,-1.551699,154.02,0,3,109.94,18 / 19,3979109,2019-09-06 20:26:24:852,-2.011,-2.8798,10.0518,-0.0189,0.0053,9.8065,-0.0345,-0.4285,0.0317,-14.75,-32.81,26.38,317.42,-85.64,170.73
52.39309,-1.551699,154.02,0,3,109.94,18 / 19,3979210,2019-09-06 20:26:24:953,-2.2263,-1.9002,9.6362,0.0086,-0.0204,9.8066,0.0003,-0.4067,0.0462,-14.19,-32.81,26.81,321.32,-85.51,171.85
52.39309,-1.551699,154.02,0,3,109.94,18 / 19,3979311,2019-09-06 20:26:25:054,-2.3682,-1.8351,9.9494,0.0041,-0.0252,9.8066,0.0284,-0.3988,0.041,-13.44,-32.69,27.44,324.78,-85.29,173.58
52.392998,-1.551248,152.7,7.14,3,141.82,19 / 20,3979410,2019-09-06 20:26:25:153,-2.365,-1.3464,9.65,-0.0023,-0.0093,9.8066,0.0106,-0.3974,0.0502,-13,-33,27.63,326.94,-85.27,174.69
52.392998,-1.551248,152.7,7.14,3,141.82,19 / 20,3979510,2019-09-06 20:26:25:253,-2.0159,-1.5547,10.165,0.004,-0.0093,9.8065,-0.0215,-0.3913,0.0116,-11.37,-33.25,28.13,332.31,-85.23,176.27
52.392998,-1.551248,152.7,7.14,3,141.82,19 / 20,3979609,2019-09-06 20:26:25:352,-2.1317,-1.4052,9.6436,0.0075,-0.0133,9.8066,0.0155,-0.3705,0.0442,-11.81,-33.69,28.31,330.1,-85.13,176.09
52.392998,-1.551248,152.7,7.14,3,141.82,19 / 20,3979710,2019-09-06 20:26:25:453,-1.6394,-1.177,9.4712,0.0011,-0.0169,9.8066,0.0134,-0.4053,0.082,-10.87,-33.44,28.63,333.45,-85.04,176.67
52.392998,-1.551248,152.7,7.14,3,141.82,19 / 20,3979809,2019-09-06 20:26:25:552,-2.3147,-1.9891,10.0255,-0.0127,-0.011,9.8065,0.0267,-0.405,0.0671,-10.31,-33.69,29.69,339.39,-84.92,179.82
52.392998,-1.551248,152.7,7.14,3,141.82,19 / 20,3979910,2019-09-06 20:26:25:653,-2.3367,-1.5086,10.2596,-0.0034,-0.0061,9.8066,0.0152,-0.3612,0.0568,-9.69,-33.37,29.44,340,-84.82,-179
52.392998,-1.551248,152.7,7.14,3,141.82,19 / 20,3980010,2019-09-06 20:26:25:753,-2.4401,-1.1467,10.0031,-0.0064,-0.0073,9.8065,0.0236,-0.3379,0.0213,-8.87,-32.62,30.25,342.93,-84.79,-178.69
52.392998,-1.551248,152.7,7.14,3,141.82,19 / 20,3980109,2019-09-06 20:26:25:852,-1.7628,-2.325,9.8417,-0.001,-0.0068,9.8066,-0.0273,-0.4069,0.0623,-8.56,-33.19,30.06,343.73,-84.61,-177.92
52.392998,-1.551248,152.7,7.14,3,141.82,19 / 20,3980210,2019-09-06 20:26:25:953,-2.5078,-1.6994,9.76,-0.0039,-0.0254,9.8066,-0.0572,-0.4028,0.067,-8.19,-31.87,30.56,348,-84.33,-176.3
52.392998,-1.551248,152.7,7.14,3,141.82,19 / 20,3980310,2019-09-06 20:26:26:053,-2.5045,-0.7708,9.8799,-0.0008,-0.0259,9.8065,0.089,-0.3935,0.042,-7.56,-32.62,30.75,349,-84.21,-175.33
52.392998,-1.551248,152.7,7.14,3,141.82,18 / 19,3980410,2019-09-06 20:26:26:153,-1.7704,-1.7176,9.8773,0.0011,0.0237,9.8066,0.0748,-0.3439,-0.0001,-6.37,-31.81,30.44,351.96,-84.28,-175.85
52.392998,-1.551248,152.7,7.14,3,141.82,18 / 19,3980509,2019-09-06 20:26:26:252,-1.5351,-1.9472,10.0536,-0.0034,0.0209,9.8065,-0.0704,-0.3398,0.0514,-5.81,-32.19,31.25,351.44,-84.3,-176.71
52.392998,-1.551248,152.7,7.14,3,141.82,18 / 19,3980610,2019-09-06 20:26:26:353,-1.6722,-0.8977,10.2646,0.0002,-0.0343,9.8065,-0.0413,-0.3148,0.0276,-5.62,-32.19,30.88,351.82,-84.22,-176.35
52.392998,-1.551248,152.7,7.14,3,141.82,18 / 19,3980710,2019-09-06 20:26:26:453,-1.887,-0.8211,9.9813,0.0045,-0.0256,9.8066,0.0043,-0.3164,0.0147,-4.5,-32.06,31.38,356.45,-83.93,-175.79
52.392998,-1.551248,152.7,7.14,3,141.82,18 / 19,3980809,2019-09-06 20:26:26:552,-2.1658,-1.3678,9.6719,0.013,-0.0203,9.8066,0.0234,-0.3339,0.016,-4.62,-32.25,30.81,353.23,-83.66,-176.8
52.392998,-1.551248,152.7,7.14,3,141.82,18 / 19,3980910,2019-09-06 20:26:26:653,-2.087,-1.787,9.3258,0.0068,-0.0098,9.8066,-0.0087,-0.3276,0.0146,-3.5,-32,31.13,356.67,-83.55,-177.4
52.392998,-1.551248,152.7,7.14,3,141.82,18 / 19,3981010,2019-09-06 20:26:26:753,-1.4425,-0.4983,9.9893,0.0051,0.0076,9.8066,-0.0583,-0.2999,-0.0028,-3,-32.94,30.94,356.81,-83.54,-177.27
52.392998,-1.551248,152.7,7.14,3,141.82,18 / 19,3981110,2019-09-06 20:26:26:853,-1.8474,-0.2862,10.4796,0.0055,0.0121,9.8066,-0.006,-0.231,0.0114,-2.19,-32.19,30.25,357.62,-83.7,-178.28
52.392998,-1.551248,152.7,7.14,3,141.82,18 / 19,3981210,2019-09-06 20:26:26:953,-0.8916,-0.9627,10.169,0.0086,-0.0125,9.8066,0.0336,-0.1859,-0.0274,-2,-32.94,31.06,356.71,-83.75,-179.2
52.392998,-1.551248,152.7,7.14,3,141.82,18 / 19,3981310,2019-09-06 20:26:27:053,-0.8443,-0.4616,9.6622,0.0078,-0.0198,9.8066,0.072,-0.1894,0.04,-2.12,-32.44,30.56,355.27,-83.52,179.54
52.392998,-1.551248,152.7,7.14,3,141.82,19 / 20,3981410,2019-09-06 20:26:27:153,-1.4954,-1.128,10.1396,-0.0046,-0.0096,9.8066,0.0722,-0.2047,0.0544,-1.62,-32.44,31.19,355.85,-83.25,-179.93
52.392998,-1.551248,152.7,7.14,3,141.82,19 / 20,3981509,2019-09-06 20:26:27:252,-1.2424,-0.5683,10.1913,-0.0043,0.0032,9.8066,-0.0608,-0.1601,0.0442,-1.12,-32.25,31.44,358.51,-83.15,-179.45
52.392998,-1.551248,152.7,7.14,3,141.82,19 / 20,3981610,2019-09-06 20:26:27:353,-1.3546,-0.1501,9.7327,-0.0068,-0.0018,9.8066,-0.0253,-0.1582,0.0481,-0.87,-31.75,30.81,358.97,-83.13,-179.05
52.392998,-1.551248,152.7,7.14,3,141.82,19 / 20,3981710,2019-09-06 20:26:27:453,-1.8495,-0.1839,9.8127,0.0002,-0.0091,9.8066,0.0563,-0.1757,-0.0067,-0.94,-32.75,30.13,359.31,-83.1,-178.68
52.392998,-1.551248,152.7,7.14,3,141.82,19 / 20,3981809,2019-09-06 20:26:27:552,-1.9821,-0.3321,10.0769,-0.0066,0.0125,9.8066,0.0778,-0.2167,0.0381,-0.44,-32.69,30.75,2.29,-83.1,-178.02
52.392998,-1.551248,152.7,7.14,3,141.82,19 / 20,3981910,2019-09-06 20:26:27:653,-1.7713,-0.4674,10.0221,-0.0017,0.0158,9.8066,-0.1116,-0.2141,0.0318,-0.44,-32.94,30.63,2.46,-83.05,-177.88
52.392998,-1.551248,152.7,7.14,3,141.82,19 / 20,3982010,2019-09-06 20:26:27:753,-1.8249,0.3024,9.4946,-0.0001,-0.0159,9.8066,-0.0745,-0.2152,0.0561,0.94,-32.81,30.5,4.27,-82.86,-178.17
52.392998,-1.551248,152.7,7.14,3,141.82,19 / 20,3982110,2019-09-06 20:26:27:853,-1.7263,0.2514,10.0073,-0.0053,-0.0133,9.8065,0.03,-0.2633,0.0487,0.25,-32.5,30.56,2.74,-82.78,-177.64
52.392998,-1.551248,152.7,7.14,3,141.82,19 / 20,3982210,2019-09-06 20:26:27:953,-1.921,0.1252,9.5634,0.0033,-0.0167,9.8066,-0.0586,-0.234,0.0115,1.13,-32.87,30.25,5.11,-82.79,-177.54
52.392998,-1.551248,152.7,7.14,3,141.82,19 / 20,3982310,2019-09-06 20:26:28:053,-2.1738,1.2066,9.81,0.0022,0.0332,9.8066,0.0927,-0.2593,0.0101,1.63,-33.12,30.19,7.13,-82.63,-177.74
52.392998,-1.551248,152.7,7.14,3,141.82,19 / 20,3982410,2019-09-06 20:26:28:153,-3.2811,0.1135,9.6587,0.0012,0.0498,9.8065,0.1322,-0.3705,0.0665,2.56,-32.75,29.75,9.37,-82.87,-177.68
52.392998,-1.551248,152.7,7.14,3,141.82,19 / 20,3982510,2019-09-06 20:26:28:253,-2.254,0.2687,10.0686,0.0056,0.044,9.8065,-0.0898,-0.3292,0.1062,2.38,-32.94,30.13,7.8,-82.8,-177.15
52.392998,-1.551248,152.7,7.14,3,141.82,19 / 20,3982610,2019-09-06 20:26:28:353,-2.7119,0.5694,9.0367,-0.01,-0.0152,9.8066,-0.1207,-0.2604,0.0285,3,-33.19,29.94,9.88,-82.69,-177.28
52.392998,-1.551248,152.7,7.14,3,141.82,19 / 20,3982709,2019-09-06 20:26:28:452,-1.8018,1.2221,10.3058,-0.0061,-0.0122,9.8066,0.097,-0.36,0.0175,3.31,-33.44,29.31,10.61,-82.64,-176.91
52.392998,-1.551248,152.7,7.14,3,141.82,19 / 20,3982809,2019-09-06 20:26:28:552,-3.1544,0.6331,9.913,0.0147,0.0135,9.8066,0.0442,-0.3836,0.0515,4,-33.44,29.19,13.69,-82.71,-176.21
52.392998,-1.551248,152.7,7.14,3,141.82,19 / 20,3982910,2019-09-06 20:26:28:653,-2.9146,0.9783,10.4155,-0.0175,-0.0033,9.8066,-0.077,-0.3497,0.057,4.13,-33.44,27.88,14.84,-82.69,-175.59
52.392998,-1.551248,152.7,7.14,3,141.82,19 / 20,3983010,2019-09-06 20:26:28:753,-2.4055,1.1277,9.3044,-0.008,-0.0229,9.8066,-0.1028,-0.3434,0.0471,4.69,-33.56,28.44,17.57,-82.42,-175.43
52.392998,-1.551248,152.7,7.14,3,141.82,19 / 20,3983110,2019-09-06 20:26:28:853,-3.4053,1.3156,9.7694,-0.0105,0,9.8065,0.0642,-0.3747,0.0306,5.56,-33.62,27.75,20.59,-82.21,-174.93
52.392998,-1.551248,152.7,7.14,3,141.82,19 / 20,3983209,2019-09-06 20:26:28:952,-2.9255,1.3036,9.1264,0.0162,0.0242,9.8066,0.0513,-0.3693,0.0501,6.38,-34,26.94,21.54,-82.06,-174.75
52.392998,-1.551248,152.7,7.14,3,141.82,19 / 20,3983309,2019-09-06 20:26:29:052,-3.1067,1.5473,10.3495,-0.0109,0.0401,9.8065,-0.1264,-0.2797,0.0435,6.25,-34,26.69,21.99,-82.32,-174.25
52.392998,-1.551248,152.7,7.14,3,141.82,19 / 20,3983410,2019-09-06 20:26:29:153,-2.9944,1.5509,10.2153,-0.0116,-0.0156,9.8066,-0.1007,-0.3953,0.039,7,-34.44,26.06,27.34,-82.21,-172.46
52.392998,-1.551248,152.7,7.14,3,141.82,19 / 20,3983510,2019-09-06 20:26:29:253,-1.1711,1.834,9.9287,-0.0057,-0.0396,9.8065,0.1117,-0.39,0.0799,7.75,-33.94,25.5,28.9,-82.14,-173.18
52.392998,-1.551248,152.7,7.14,3,141.82,19 / 20,3983610,2019-09-06 20:26:29:353,-2.5213,1.1731,9.462,-0.0067,-0.0194,9.8066,0.0242,-0.3617,0.0438,7.69,-33.87,25,28.48,-81.9,-174.5
52.392998,-1.551248,152.7,7.14,3,141.82,19 / 20,3983710,2019-09-06 20:26:29:453,-2.2381,0.8993,9.4165,-0.0049,-0.0215,9.8066,0.0522,-0.408,0.0145,8.19,-33.94,24.69,28.02,-81.78,-174.98
52.392998,-1.551248,152.7,7.14,3,141.82,19 / 20,3983810,2019-09-06 20:26:29:553,-2.4985,1.1367,9.6037,0.0161,0.0098,9.8065,-0.0292,-0.3512,-0.0036,8.69,-34.37,23.81,31.2,-81.71,-175.32
52.392998,-1.551248,152.7,7.14,3,141.82,19 / 20,3983910,2019-09-06 20:26:29:653,-1.7404,0.7083,9.4163,0.0189,0.0229,9.8065,-0.0019,-0.3252,0.0526,8.94,-33.5,23.56,29.94,-81.89,-176.07
52.392998,-1.551248,152.7,7.14,3,141.82,19 / 20,3984009,2019-09-06 20:26:29:752,-2.0074,0.1223,8.9917,0.0069,0.0285,9.8065,0.0258,-0.2673,0.0688,9.06,-33.87,22.56,31.61,-81.97,-175.82
52.392998,-1.551248,152.7,7.14,3,141.82,19 / 20,3984110,2019-09-06 20:26:29:853,-3.364,0.5558,9.4343,0.0013,0.0058,9.8066,-0.1148,-0.2662,0.0311,9.31,-34,21.94,34.85,-82.1,-174.12
52.392998,-1.551248,152.7,7.14,3,141.82,19 / 20,3984209,2019-09-06 20:26:29:952,-1.3677,2.0055,9.8262,-0.0196,-0.0043,9.8066,-0.1138,-0.3144,0.0554,9.38,-34.69,21.38,37.71,-82.29,-172.99
52.392998,-1.551248,152.7,7.14,3,141.82,19 / 20,3984309,2019-09-06 20:26:30:052,-2.1818,0.6493,10.4721,0.0176,0.0202,9.8065,0.1261,-0.3086,0.0057,10.31,-34.19,21.25,40.28,-82.55,-172.49
52.392998,-1.551248,152.7,7.14,3,141.82,19 / 20,3984410,2019-09-06 20:26:30:153,-1.8698,1.3779,10.7915,-0.0024,-0.0013,9.8066,0.2081,-0.3145,0.0463,10.25,-34.37,20.75,40.43,-82.24,-172.67
52.392998,-1.551248,152.7,7.14,3,141.82,19 / 20,3984509,2019-09-06 20:26:30:252,-2.6698,0.3755,9.8022,-0.0046,-0.0516,9.8065,-0.0653,-0.3019,-0.0147,10.75,-34.31,20.31,42.84,-81.56,-174.88
52.392998,-1.551248,152.7,7.14,3,141.82,19 / 20,3984609,2019-09-06 20:26:30:352,-0.6573,0.481,9.594,0.0169,-0.0376,9.8065,-0.0963,-0.1955,-0.0602,11.56,-34.5,20.19,42.27,-81.39,-177.5
52.392998,-1.551248,152.7,7.14,3,141.82,19 / 20,3984710,2019-09-06 20:26:30:453,-1.8867,0.8741,10.2643,0.0068,-0.0002,9.8066,-0.0765,-0.1941,-0.027,11.06,-34.56,19.75,38.51,-81.49,-178.77
52.392998,-1.551248,152.7,7.14,3,141.82,19 / 20,3984810,2019-09-06 20:26:30:553,-1.0803,0.5221,10.5735,0.0031,-0.0145,9.8066,-0.0119,-0.2324,0.0488,11.19,-34.37,19.38,38.57,-81.66,-179.88
52.392998,-1.551248,152.7,7.14,3,141.82,19 / 20,3984910,2019-09-06 20:26:30:653,-0.9183,0.4891,10.0138,0.0015,-0.0102,9.8065,0.0559,-0.1227,-0.0367,11.75,-34.19,19.81,38.31,-81.53,179.35
52.392998,-1.551248,152.7,7.14,3,141.82,19 / 20,3985010,2019-09-06 20:26:30:753,-1.0492,-0.8154,10.1345,-0.0153,-0.0257,9.8066,0.0951,-0.0932,-0.0006,12,-34.25,19.56,38.49,-81.09,179.08
52.392998,-1.551248,152.7,7.14,3,141.82,19 / 20,3985110,2019-09-06 20:26:30:853,0.0053,-0.6474,9.6829,-0.0101,-0.0261,9.8066,0.0044,-0.0313,-0.0052,12.06,-33.81,19.25,39.62,-80.53,177.77
52.392998,-1.551248,152.7,7.14,3,141.82,19 / 20,3985209,2019-09-06 20:26:30:952,-0.5766,0.0972,9.9234,-0.012,-0.0112,9.8066,-0.0074,-0.0723,0.0239,12.06,-34.12,19.44,39.66,-80.42,177.69
52.392998,-1.551248,152.7,7.14,3,141.82,19 / 20,3985310,2019-09-06 20:26:31:053,0.4236,0.0928,9.5412,0.0146,0.0106,9.8066,-0.0379,-0.0066,-0.0119,12.38,-33.94,19,39,-80.5,177.25
52.392998,-1.551248,152.7,7.14,3,141.82,19 / 20,3985410,2019-09-06 20:26:31:153,0.5994,-0.326,9.7288,0.0094,0.0143,9.8066,0.0275,0.0147,0.0392,12.06,-34.31,19.19,38.67,-80.69,177.18
52.392998,-1.551248,152.7,7.14,3,141.82,19 / 20,3985510,2019-09-06 20:26:31:253,0.571,-0.969,9.4874,-0.0235,0.006,9.8066,-0.017,0.0419,0.0474,11.88,-34.06,18.94,40.55,-80.67,178.67
52.392998,-1.551248,152.7,7.14,3,141.82,19 / 20,3985610,2019-09-06 20:26:31:353,0.9683,0.1409,9.8303,-0.0406,0.0026,9.8065,0.0091,0.006,0.0581,11.44,-34.5,18.69,40.66,-80.58,-179.35
52.392998,-1.551248,152.7,7.14,3,141.82,19 / 20,3985710,2019-09-06 20:26:31:453,0.9486,-0.8834,9.1398,-0.0154,0.0186,9.8065,-0.0175,0.1064,0.0451,11,-34.19,19.38,43.88,-80.52,-176.84
52.392998,-1.551248,152.7,7.14,3,141.82,19 / 20,3985810,2019-09-06 20:26:31:553,-0.624,-1.4804,9.7153,-0.021,0.0205,9.8065,0.0024,0.0335,0.1018,11.13,-34.62,19.25,46.79,-80.45,-174.87
52.392998,-1.551248,152.7,7.14,3,141.82,19 / 20,3985909,2019-09-06 20:26:31:652,1.3576,0.2052,10.109,-0.0055,0.0125,9.8066,-0.0637,0.1161,-0.0388,11.13,-34,19.19,47.89,-80.47,-173.63
52.392998,-1.551248,152.7,7.14,3,141.82,19 / 20,3986010,2019-09-06 20:26:31:753,2.0524,0.283,9.9376,-0.0054,-0.0104,9.8065,0.0188,0.1237,-0.0435,11.19,-34,19.25,48.56,-80.46,-173.09
52.392998,-1.551248,152.7,7.14,3,141.82,19 / 20,3986110,2019-09-06 20:26:31:853,1.2485,-2.0606,9.8805,0.0018,-0.0124,9.8066,0.0069,0.1269,-0.0334,11.06,-34.19,19.5,44.54,-80.34,-174.86
52.392998,-1.551248,152.7,7.14,3,141.82,19 / 20,3986210,2019-09-06 20:26:31:953,1.4635,-1.8504,9.6838,0.0032,-0.0095,9.8066,-0.0304,0.197,-0.0661,10.94,-34.25,19.88,44.27,-80.15,-175.29
52.392998,-1.551248,152.7,7.14,3,141.82,19 / 20,3986309,2019-09-06 20:26:32:052,1.8969,-1.8212,9.7798,0.0076,0.0076,9.8066,-0.0381,0.231,-0.051,10.94,-34,19.81,43.81,-80.22,-175.58
52.392998,-1.551248,152.7,7.14,3,141.82,18 / 20,3986410,2019-09-06 20:26:32:153,1.7494,-1.0133,9.4447,0.0163,0.0371,9.8065,0.0092,0.1738,0.0168,11.13,-34.31,20.31,44.07,-80.49,-175.07
52.392998,-1.551248,152.7,7.14,3,141.82,18 / 20,3986509,2019-09-06 20:26:32:252,1.7428,-1.0493,9.7488,-0.0254,-0.0247,9.8066,-0.1246,0.2362,-0.0306,10.38,-34.19,20.5,40.8,-80.73,-173.94
52.392998,-1.551248,152.7,7.14,3,141.82,18 / 20,3986610,2019-09-06 20:26:32:353,2.5369,0.7796,9.3464,-0.0554,-0.0327,9.8064,-0.146,0.1388,0.0731,10.63,-34,20.69,45.5,-80.5,-172.34
52.392998,-1.551248,152.7,7.14,3,141.82,18 / 20,3986709,2019-09-06 20:26:32:452,2.4882,-1.3862,9.5504,0.0194,0.0391,9.8065,0.2214,0.1178,-0.0218,10.44,-35.06,20.56,45.17,-80.51,-170.89
52.392998,-1.551248,152.7,7.14,3,141.82,18 / 20,3986810,2019-09-06 20:26:32:553,0.8407,-1.442,10.6421,-0.0017,0.0152,9.8066,0.2415,0.1853,-0.0402,9.63,-34.19,22.25,43.8,-80.19,-170.68
52.392998,-1.551248,152.7,7.14,3,141.82,18 / 20,3986910,2019-09-06 20:26:32:653,2.2699,-0.812,10.2574,-0.012,-0.0277,9.8065,-0.0274,0.2029,-0.0598,10,-34.44,21.69,44.05,-79.82,-170.88
52.392998,-1.551248,152.7,7.14,3,141.82,18 / 20,3987009,2019-09-06 20:26:32:752,2.1205,-0.623,9.9608,-0.0005,-0.0129,9.8066,0.0165,0.1515,-0.0454,9.31,-34.19,23.06,39.33,-79.83,-171.41
52.392998,-1.551248,152.7,7.14,3,141.82,18 / 20,3987109,2019-09-06 20:26:32:852,1.6836,-2.1616,9.7952,0.0118,0.0106,9.8066,-0.1121,0.1539,-0.0365,9.38,-33.37,23.06,38.5,-79.75,-171.89
52.392998,-1.551248,152.7,7.14,3,141.82,18 / 20,3987210,2019-09-06 20:26:32:953,2.2885,-2.0762,9.4989,0.0119,-0.0072,9.8066,-0.1215,0.213,-0.0827,9.31,-34.12,23.19,37.74,-79.87,-172.64
52.392998,-1.551248,152.7,7.14,3,141.82,18 / 20,3987310,2019-09-06 20:26:33:053,2.0362,-1.4262,10.0665,0.0018,0.0072,9.8066,0.0297,0.1463,0.0084,9.5,-33.5,23.69,37.84,-79.95,-173.06
52.392998,-1.551248,152.7,7.14,3,141.82,18 / 19,3987410,2019-09-06 20:26:33:153,1.4532,-1.4131,9.6801,-0.0016,-0.0024,9.8065,-0.0306,0.1159,-0.016,8.94,-33.94,23.56,36.14,-79.95,-172.73
52.392998,-1.551248,152.7,7.14,3,141.82,18 / 19,3987509,2019-09-06 20:26:33:252,1.4225,-1.7148,10.1958,-0.001,0.0082,9.8066,0.1326,0.1472,0.0107,8.81,-33.62,23.69,36.32,-79.89,-172.63
52.392998,-1.551248,152.7,7.14,3,141.82,18 / 19,3987609,2019-09-06 20:26:33:352,1.4675,-1.6347,9.7956,0.0083,0.0386,9.8065,0.0666,0.0978,-0.0101,8.69,-33.5,23.75,36.89,-79.93,-171.9
52.392998,-1.551248,152.7,7.14,3,141.82,18 / 19,3987710,2019-09-06 20:26:33:453,1.8034,-0.7534,9.4689,-0.0104,-0.0075,9.8066,-0.0963,0.1062,0.0028,8.81,-34.06,24,37.73,-80.04,-171.36
52.392998,-1.551248,152.7,7.14,3,141.82,18 / 19,3987810,2019-09-06 20:26:33:553,1.657,0.4193,9.3177,-0.0001,-0.0031,9.8066,0.0564,0.1676,-0.0216,8.38,-33.69,24.44,35.57,-80.21,-170.94
52.392998,-1.551248,152.7,7.14,3,141.82,18 / 19,3987910,2019-09-06 20:26:33:653,1.4202,-1.878,9.5634,0.0061,0.0179,9.8066,-0.1168,0.1096,-0.0556,7.81,-33.81,23.88,36.13,-80.49,-170.24
52.392998,-1.551248,152.7,7.14,3,141.82,18 / 19,3988010,2019-09-06 20:26:33:753,1.6211,-0.329,9.6602,-0.0132,-0.0071,9.8066,-0.0668,0.1188,0.0367,8,-33.5,24,36.17,-80.52,-169.96
52.392998,-1.551248,152.7,7.14,3,141.82,18 / 19,3988110,2019-09-06 20:26:33:853,0.9579,-0.4512,9.9549,-0.0134,0.0089,9.8066,0.1232,0.1689,0.0106,7.94,-33.12,24.69,37.73,-80.35,-167.86
52.392998,-1.551248,152.7,7.14,3,141.82,18 / 19,3988210,2019-09-06 20:26:33:953,0.8356,-0.1049,10.1938,-0.0239,-0.0031,9.8066,0.0851,0.0466,0.0418,7.56,-32.81,24.81,39.41,-80.07,-166.72
52.392998,-1.551248,152.7,7.14,3,141.82,18 / 19,3988310,2019-09-06 20:26:34:053,0.2146,-0.8351,10.5558,-0.0262,-0.0266,9.8065,-0.077,0.1175,0.0248,7.25,-32.37,25.13,37.21,-79.97,-166.35
52.39245,-1.551807,151.56,11.7,3,219.72,19 / 20,3988410,2019-09-06 20:26:34:153,-0.1225,-0.4233,10.4491,-0.0137,0.0005,9.8066,0.0707,0.0908,-0.0311,7.81,-32.56,24.81,41.27,-79.82,-165.41
52.39245,-1.551807,151.56,11.7,3,219.72,19 / 20,3988510,2019-09-06 20:26:34:253,0.7261,-0.8471,9.8727,-0.0064,-0.0112,9.8066,0.0339,0.0802,-0.0161,7.5,-32.81,25,42.15,-79.68,-164.82
52.39245,-1.551807,151.56,11.7,3,219.72,19 / 20,3988609,2019-09-06 20:26:34:352,1.4661,-0.756,9.9671,0.0036,0.0087,9.8066,0.0728,0.1073,-0.0522,6.69,-32.56,24.94,39.03,-79.84,-165.23
52.39245,-1.551807,151.56,11.7,3,219.72,19 / 20,3988710,2019-09-06 20:26:34:453,0.8156,-1.2655,10.1498,0.0187,0.0352,9.8065,-0.1426,0.1199,-0.0068,7.13,-32.75,24.88,38.88,-80.01,-165.2
52.39245,-1.551807,151.56,11.7,3,219.72,19 / 20,3988809,2019-09-06 20:26:34:552,1.8776,-0.7327,10.2779,-0.0319,-0.0647,9.8063,-0.186,0.0993,-0.0232,7.19,-33.75,25.25,38.97,-80.23,-165.16
52.39245,-1.551807,151.56,11.7,3,219.72,19 / 20,3988909,2019-09-06 20:26:34:652,1.8083,-1.1924,9.9798,-0.0237,-0.0306,9.8065,0.1559,0.0242,0.0691,6.88,-33.25,25.56,38.1,-79.81,-165.15
52.39245,-1.551807,151.56,11.7,3,219.72,19 / 20,3989009,2019-09-06 20:26:34:752,2.2467,-0.9533,9.3904,-0.031,-0.019,9.8065,-0.0654,0.0994,-0.0097,6.25,-33.31,25.94,37.68,-79.46,-163.78
52.39245,-1.551807,151.56,11.7,3,219.72,19 / 20,3989109,2019-09-06 20:26:34:852,0.955,0.6569,9.6242,-0.0273,0.005,9.8065,0.05,0.0229,0.0555,5.81,-34.12,25.69,40.08,-79.48,-162.07
52.39245,-1.551807,151.56,11.7,3,219.72,19 / 20,3989209,2019-09-06 20:26:34:952,1.0844,0.6897,9.5717,-0.0065,0.001,9.8066,-0.1309,0.0409,0.0305,6.25,-33.75,25.56,42.11,-79.61,-160.29
52.39245,-1.551807,151.56,11.7,3,219.72,19 / 20,3989310,2019-09-06 20:26:35:053,1.5628,0.9835,9.0262,-0.018,-0.052,9.8064,0.19,0.086,0.0291,5.94,-34.06,25.56,42.42,-79.54,-160.1
52.39245,-1.551807,151.56,11.7,3,219.72,18 / 20,3989409,2019-09-06 20:26:35:152,2.8343,-0.5678,9.413,0.0062,0.0412,9.8064,0.0975,-0.0195,-0.0356,5.63,-33.81,25.56,42.12,-79.29,-160.58
52.39245,-1.551807,151.56,11.7,3,219.72,18 / 20,3989510,2019-09-06 20:26:35:253,1.184,-1.6697,10.1456,0.0337,0.0207,9.8065,-0.0157,0.0195,0.1168,5.5,-33.94,26,42.18,-79.44,-160.39
52.39245,-1.551807,151.56,11.7,3,219.72,18 / 20,3989609,2019-09-06 20:26:35:352,0.9422,0.1706,9.9322,-0.0201,-0.008,9.8066,-0.0648,0.0244,-0.0046,5.88,-33.69,26.19,42.33,-79.43,-160.28
52.39245,-1.551807,151.56,11.7,3,219.72,18 / 20,3989711,2019-09-06 20:26:35:454,1.4606,-0.088,9.4545,0.0009,-0.0136,9.8066,0.1402,0.031,-0.011,5.56,-33.94,25.44,43.58,-79.58,-159.96
52.39245,-1.551807,151.56,11.7,3,219.72,18 / 20,3989810,2019-09-06 20:26:35:553,1.4546,0.3883,9.7995,0.01,0.024,9.8065,0.131,0.043,0.0716,5.75,-34.31,25.63,42.38,-79.7,-159.97
52.39245,-1.551807,151.56,11.7,3,219.72,18 / 20,3989910,2019-09-06 20:26:35:653,0.3102,-0.5846,10.325,-0.0109,0.0285,9.8066,-0.1496,0.012,-0.0474,6.69,-34.12,26.25,45.89,-79.59,-159.16
52.39245,-1.551807,151.56,11.7,3,219.72,18 / 20,3990010,2019-09-06 20:26:35:753,0.7668,0.5302,10.2401,-0.0095,-0.0313,9.8066,-0.0955,-0.0056,0.0071,6.63,-34.12,26.5,45.74,-79.36,-158.65
52.39245,-1.551807,151.56,11.7,3,219.72,18 / 20,3990110,2019-09-06 20:26:35:853,1.6135,0.1364,9.7881,-0.014,-0.017,9.8065,0.0726,0.0205,0.0141,6.06,-33.75,27,43.22,-79.04,-159.12
52.39245,-1.551807,151.56,11.7,3,219.72,18 / 20,3990210,2019-09-06 20:26:35:953,-0.2107,0.0512,9.7327,0.0039,0.0247,9.8066,0.0751,-0.0602,0.0869,5.63,-33.94,27.06,44.39,-78.96,-158.23
52.39245,-1.551807,151.56,11.7,3,219.72,18 / 20,3990311,2019-09-06 20:26:36:054,0.5989,-0.6373,9.5933,0.0007,0.0439,9.8065,-0.218,-0.0355,-0.0122,5.25,-33.31,26.69,42.94,-79,-157.15
52.39245,-1.551807,151.56,11.7,3,219.72,18 / 19,3990410,2019-09-06 20:26:36:153,2.4534,-0.1401,9.7121,-0.0073,-0.0177,9.8065,0.0818,0.0676,-0.0729,4.88,-33.69,26.94,43.52,-78.95,-156.99
52.39245,-1.551807,151.56,11.7,3,219.72,18 / 19,3990509,2019-09-06 20:26:36:252,-1.4196,-2.1991,9.5236,-0.0178,0.0051,9.8066,0.2331,0.0177,0.0761,4.56,-33.69,26.63,44.31,-78.97,-156.32
52.39245,-1.551807,151.56,11.7,3,219.72,18 / 19,3990610,2019-09-06 20:26:36:353,-1.2072,1.0324,10.1264,-0.0012,0.0079,9.8066,0.0965,0.0264,-0.0803,5.06,-33.69,27.06,44.08,-78.89,-156.59
52.39245,-1.551807,151.56,11.7,3,219.72,18 / 19,3990709,2019-09-06 20:26:36:452,0.566,-1.0079,9.4063,0.0057,0.0143,9.8066,0.1719,0.0338,-0.002,4.44,-33.69,26.69,41.43,-79.01,-156.64
52.39245,-1.551807,151.56,11.7,3,219.72,18 / 19,3990809,2019-09-06 20:26:36:552,0.5949,1.3128,9.3548,0.0083,0.0248,9.8065,0.0053,0.0325,-0.0271,4.94,-33.81,26.06,45.29,-78.95,-156.31
52.39245,-1.551807,151.56,11.7,3,219.72,18 / 19,3990910,2019-09-06 20:26:36:653,1.3356,0.0936,9.5228,0.0006,-0.0074,9.8065,0.0394,-0.0129,-0.0537,4.94,-33.44,27.56,42.31,-78.86,-157.11
52.39245,-1.551807,151.56,11.7,3,219.72,18 / 19,3991009,2019-09-06 20:26:36:752,0.8036,-0.7143,9.5329,-0.008,0.0107,9.8066,-0.0768,0.0302,0.021,4.63,-33.62,27.31,44.39,-78.75,-156.48
52.39245,-1.551807,151.56,11.7,3,219.72,18 / 19,3991109,2019-09-06 20:26:36:852,0.4663,0.3808,9.3055,-0.0087,-0.0086,9.8066,-0.0895,0.0132,0.0392,4.25,-34.31,26.63,42.32,-78.71,-156.2
52.39245,-1.551807,151.56,11.7,3,219.72,18 / 19,3991209,2019-09-06 20:26:36:952,1.0804,0.8054,9.7154,0.0093,0.0208,9.8066,-0.0389,-0.0081,-0.0112,5,-33.94,27.06,45.14,-78.88,-155.73
52.39245,-1.551807,151.56,11.7,3,219.72,18 / 19,3991310,2019-09-06 20:26:37:053,0.9353,0.0435,10.1711,-0.0022,0.0046,9.8066,-0.0086,0.0257,0.0199,4.69,-33.19,27.13,45.19,-78.98,-155.3
52.39245,-1.551807,151.56,11.7,3,219.72,18 / 19,3991410,2019-09-06 20:26:37:153,0.2355,-0.2928,9.6724,0.0064,-0.0101,9.8066,-0.0371,0.0172,-0.0419,4.81,-34.25,27,45.03,-78.85,-155.85
52.39245,-1.551807,151.56,11.7,3,219.72,18 / 19,3991509,2019-09-06 20:26:37:252,0.1761,-0.5462,9.8669,-0.0041,-0.012,9.8066,-0.0585,-0.0021,-0.0024,5,-34.12,26.88,44.67,-78.78,-156.22
52.39245,-1.551807,151.56,11.7,3,219.72,18 / 19,3991609,2019-09-06 20:26:37:352,0.5167,0.2512,10.4098,0.008,0.0153,9.8065,0.0794,0.0126,0.008,4,-33.44,27,41.93,-78.85,-156.1
52.39245,-1.551807,151.56,11.7,3,219.72,18 / 19,3991710,2019-09-06 20:26:37:453,0.196,-0.7242,9.8867,0.0099,0.0201,9.8066,0.0494,-0.0357,0.0057,4.44,-33.62,26.94,42.13,-78.92,-156.16
52.39245,-1.551807,151.56,11.7,3,219.72,18 / 19,3991810,2019-09-06 20:26:37:553,0.9556,0.241,9.9907,-0.0017,-0.0108,9.8066,0.0845,-0.0207,0.0064,4.38,-34.19,26.25,42.56,-78.89,-156.51
52.39245,-1.551807,151.56,11.7,3,219.72,18 / 19,3991910,2019-09-06 20:26:37:653,0.5817,0.0129,9.7355,0.0087,0.0189,9.8065,0.0383,-0.0031,0.0314,4.19,-33.75,26.88,41.47,-78.86,-156.75
52.39245,-1.551807,151.56,11.7,3,219.72,18 / 19,3992010,2019-09-06 20:26:37:753,0.3447,0.4841,10.0058,0.0051,0.0017,9.8066,0.0148,-0.0219,-0.0083,4.19,-34.31,27.5,40.64,-78.78,-156.87
52.39245,-1.551807,151.56,11.7,3,219.72,18 / 19,3992110,2019-09-06 20:26:37:853,-0.1116,-0.3978,10.2563,0.0068,0.0124,9.8066,0.0229,-0.011,-0.0131,3.94,-33.94,26.94,41.32,-78.85,-156.88
52.39245,-1.551807,151.56,11.7,3,219.72,18 / 19,3992210,2019-09-06 20:26:37:953,0.6312,0.2154,9.6264,0.0002,-0.0247,9.8066,-0.0706,0.0593,0.0074,4.13,-33.94,26.75,40.26,-78.75,-157.82
52.39245,-1.551807,151.56,11.7,3,219.72,18 / 19,3992310,2019-09-06 20:26:38:053,0.101,1.065,9.8464,-0.0088,-0.0097,9.8065,-0.0121,-0.0382,0.0347,4.31,-33.75,27.5,39.67,-78.79,-157.65
52.39245,-1.551807,151.56,11.7,3,219.72,18 / 19,3992412,2019-09-06 20:26:38:155,0.1426,0.4578,10.5202,-0.0061,-0.0076,9.8066,-0.0999,0.0075,-0.0167,4.13,-34.06,27.06,39.93,-78.88,-157.97
52.39245,-1.551807,151.56,11.7,3,219.72,18 / 19,3992510,2019-09-06 20:26:38:253,0.193,0.3586,9.3232,-0.004,0.0055,9.8066,-0.0593,-0.0324,0.0431,3.94,-33.69,27,40.37,-78.86,-157.63
52.39245,-1.551807,151.56,11.7,3,219.72,18 / 19,3992610,2019-09-06 20:26:38:353,0.5757,-0.3141,9.6344,-0.0098,-0.0088,9.8066,-0.0066,-0.1069,0.0519,4.94,-34.12,27.06,43.11,-78.79,-157.48
52.39245,-1.551807,151.56,11.7,3,219.72,18 / 19,3992710,2019-09-06 20:26:38:453,-0.3036,0.5988,10.009,0.0035,0.0018,9.8066,-0.0301,0.0018,-0.0456,4.56,-34,27.5,42.31,-78.97,-157.28
52.39245,-1.551807,151.56,11.7,3,219.72,18 / 19,3992809,2019-09-06 20:26:38:552,-0.2331,0.6311,9.8841,0.0106,0.0059,9.8066,0.1018,0.0355,0.0357,4.63,-33.69,26.69,42.64,-79.01,-157.66
52.39245,-1.551807,151.56,11.7,3,219.72,18 / 19,3992910,2019-09-06 20:26:38:653,0.2408,0.1034,9.5524,-0.0049,-0.0109,9.8066,0.0257,-0.0245,0.0331,4.44,-33.75,26.75,40.16,-78.84,-157.82
52.39245,-1.551807,151.56,11.7,3,219.72,18 / 19,3993009,2019-09-06 20:26:38:752,-0.1524,1.0761,9.2855,0.0062,0.0205,9.8066,-0.0777,-0.0922,-0.0196,4.31,-33.62,27,40.26,-78.74,-157.83
52.39245,-1.551807,151.56,11.7,3,219.72,18 / 19,3993110,2019-09-06 20:26:38:853,-0.8834,0.7643,10.434,-0.0058,0.0231,9.8065,0.0896,-0.1255,0.0532,4.5,-34.37,26.75,43.71,-78.88,-156.9
52.39245,-1.551807,151.56,11.7,3,219.72,18 / 19,3993210,2019-09-06 20:26:38:953,0.3327,0.2576,9.7167,0.0055,0.0048,9.8065,0.1023,-0.0916,0.0249,4.19,-34.62,26.88,41.53,-78.98,-156.86
52.39245,-1.551807,151.56,11.7,3,219.72,18 / 19,3993311,2019-09-06 20:26:39:054,-0.8801,0.6327,9.8629,0.0078,0.0142,9.8066,0.1169,-0.0738,-0.016,4.56,-33.69,26.63,43.48,-79.02,-156.96
52.39245,-1.551807,151.56,11.7,3,219.72,19 / 20,3993410,2019-09-06 20:26:39:153,-0.2085,-0.0139,10.0424,0.0143,0.0081,9.8066,-0.0182,-0.0007,-0.0054,5,-33.87,26.25,43.68,-79.03,-157.53
52.39245,-1.551807,151.56,11.7,3,219.72,19 / 20,3993509,2019-09-06 20:26:39:252,-0.2463,0.0583,9.5054,0.0008,0.0118,9.8066,-0.0038,-0.0163,-0.0097,4.63,-33.69,26.19,43.53,-79.02,-157.67
52.39245,-1.551807,151.56,11.7,3,219.72,19 / 20,3993609,2019-09-06 20:26:39:352,-0.118,1.2548,10.0227,0.0224,0.0048,9.8066,-0.044,-0.0471,-0.0129,5.25,-34.06,26.13,42.84,-79.03,-158.22
52.39245,-1.551807,151.56,11.7,3,219.72,19 / 20,3993710,2019-09-06 20:26:39:453,-0.5752,1.1353,10.1539,-0.0029,-0.0085,9.8066,-0.0095,-0.1016,0.016,4.88,-33.75,26.13,41.59,-79.17,-159.09
52.39245,-1.551807,151.56,11.7,3,219.72,19 / 20,3993810,2019-09-06 20:26:39:553,-0.2081,0.767,9.449,0.0028,-0.0029,9.8066,0.0628,-0.0955,0.0074,4.88,-33.81,25.81,41.05,-79.12,-159.58
52.39245,-1.551807,151.56,11.7,3,219.72,19 / 20,3993910,2019-09-06 20:26:39:653,-0.1299,1.6637,10.006,-0.0051,-0.0093,9.8066,0.097,-0.028,0.0365,5.31,-33.94,25.69,41,-79.01,-159.72
52.39245,-1.551807,151.56,11.7,3,219.72,19 / 20,3994009,2019-09-06 20:26:39:752,-0.4822,0.3238,10.3582,0.0067,-0.0104,9.8066,0.0073,-0.0377,0.0091,4.81,-33.87,25.69,40.58,-78.96,-160.12
52.39245,-1.551807,151.56,11.7,3,219.72,19 / 20,3994110,2019-09-06 20:26:39:853,-0.7397,0.6038,9.5046,0.0057,0.0129,9.8066,0.0161,-0.0616,0.0076,4.94,-34.37,25.88,40.32,-78.96,-160.32
52.39245,-1.551807,151.56,11.7,3,219.72,19 / 20,3994210,2019-09-06 20:26:39:953,-0.6031,0.4949,10.3279,0.0016,-0.0126,9.8066,-0.1709,-0.0562,0.0014,5.63,-33.81,26.06,42.84,-78.99,-160.3
52.39245,-1.551807,151.56,11.7,3,219.72,19 / 20,3994310,2019-09-06 20:26:40:053,-0.174,1.6417,9.3096,0.0032,-0.0121,9.8066,-0.0777,-0.0486,0.0168,5.38,-34.12,25.75,39.91,-79.06,-160.56
52.39245,-1.551807,151.56,11.7,3,219.72,18 / 19,3994410,2019-09-06 20:26:40:153,0.0186,1.4436,9.3101,0.0018,-0.0061,9.8066,0.0172,-0.0668,0.0109,5,-34.37,26.19,39.2,-79.18,-161.01
52.39245,-1.551807,151.56,11.7,3,219.72,18 / 19,3994509,2019-09-06 20:26:40:252,-0.6446,0.7422,10.0379,0.0035,0.0041,9.8066,0.0275,-0.0685,-0.0183,5.19,-34.31,25.88,39,-79.28,-161.08
52.39245,-1.551807,151.56,11.7,3,219.72,18 / 19,3994610,2019-09-06 20:26:40:353,-0.2276,1.0786,10.2727,0.0026,-0.0034,9.8066,-0.0099,-0.0459,0.0182,5.94,-34,25.25,42.16,-79.44,-161.26
52.39245,-1.551807,151.56,11.7,3,219.72,18 / 19,3994710,2019-09-06 20:26:40:453,-0.7318,0.0874,10.277,0.0014,-0.0022,9.8066,0.049,-0.0542,0.0096,6,-33.81,25.31,41.92,-79.43,-161.45
52.39245,-1.551807,151.56,11.7,3,219.72,18 / 19,3994810,2019-09-06 20:26:40:553,-0.3849,0.5431,9.9336,-0.0043,-0.0044,9.8066,0.0391,-0.0562,0.0327,5.75,-34.37,24.94,41.72,-79.33,-161.72
52.39245,-1.551807,151.56,11.7,3,219.72,18 / 19,3994910,2019-09-06 20:26:40:653,-0.8265,0.6433,9.9538,0.0052,0.012,9.8066,0.0558,-0.0767,0.047,5.75,-34.37,25.75,40.62,-79.28,-161.82
52.39245,-1.551807,151.56,11.7,3,219.72,18 / 19,3995010,2019-09-06 20:26:40:753,-1.029,-0.1434,10.1948,-0.0057,-0.0136,9.8066,-0.0574,-0.0232,0.0164,6.13,-34.06,25.19,41.69,-79.26,-161.82
52.39245,-1.551807,151.56,11.7,3,219.72,18 / 19,3995110,2019-09-06 20:26:40:853,0.867,1.1873,9.6022,0.0025,0.0015,9.8066,-0.0565,-0.0437,-0.0069,5.56,-34.31,24.5,41.78,-79.34,-161.67
52.39245,-1.551807,151.56,11.7,3,219.72,18 / 19,3995209,2019-09-06 20:26:40:952,-1.0277,0.6372,10.5298,-0.0044,0.0002,9.8066,-0.0587,-0.0602,-0.0122,5.63,-34.37,24.69,42.18,-79.28,-161.4
52.39245,-1.551807,151.56,11.7,3,219.72,18 / 19,3995313,2019-09-06 20:26:41:056,-0.827,1.6121,10.5386,-0.0036,-0.0041,9.8066,0.0019,-0.1087,0.0275,6.19,-34.56,24.69,42.5,-79.17,-161.55
52.39245,-1.551807,151.56,11.7,3,219.72,18 / 20,3995410,2019-09-06 20:26:41:153,-0.2229,0.4633,9.6782,0.0097,-0.0014,9.8066,-0.0224,-0.0541,0.0075,6.44,-34.62,25.5,40.36,-79.03,-162.53
52.39245,-1.551807,151.56,11.7,3,219.72,18 / 20,3995510,2019-09-06 20:26:41:253,-0.4664,0.6452,9.7862,0.0094,-0.0098,9.8066,-0.0473,-0.0551,-0.0218,6.13,-34.19,24.94,40.28,-79.15,-163.06
52.39245,-1.551807,151.56,11.7,3,219.72,18 / 20,3995610,2019-09-06 20:26:41:353,0.5856,2.0357,9.1361,-0.0066,-0.0197,9.8066,-0.0491,-0.0687,-0.0088,6.38,-34.12,23.94,40.7,-79.28,-163.5
52.39245,-1.551807,151.56,11.7,3,219.72,18 / 20,3995709,2019-09-06 20:26:41:452,0.2039,1.2746,9.622,-0.0112,-0.0188,9.8066,-0.0447,-0.0331,0.012,6.69,-34.19,24.75,42.14,-79.52,-163.26
52.39245,-1.551807,151.56,11.7,3,219.72,18 / 20,3995809,2019-09-06 20:26:41:552,0.5319,1.292,9.9925,0.0107,0.0156,9.8066,0.2461,-0.0192,0.0357,6.63,-34.06,23.94,43.64,-79.55,-162.98
52.39245,-1.551807,151.56,11.7,3,219.72,18 / 20,3995910,2019-09-06 20:26:41:653,-0.5566,0.4957,10.1743,0.0083,0.0074,9.8066,0.0842,-0.0539,0.008,6.19,-33.69,24.44,40.69,-79.45,-163.34
52.39245,-1.551807,151.56,11.7,3,219.72,18 / 20,3996010,2019-09-06 20:26:41:753,-0.6107,0.7426,10.1073,-0.001,-0.0115,9.8066,-0.0069,-0.0401,-0.0267,6.75,-34.06,24.31,42.27,-79.21,-164.44
52.39245,-1.551807,151.56,11.7,3,219.72,18 / 20,3996110,2019-09-06 20:26:41:853,-0.0219,0.894,9.9291,0.0078,0.0104,9.8066,-0.0234,-0.0649,0.0077,6.44,-34.56,24.44,39.81,-79.25,-164.52
52.39245,-1.551807,151.56,11.7,3,219.72,18 / 20,3996210,2019-09-06 20:26:41:953,0.6262,1.3417,9.5823,0.0074,0.0085,9.8065,-0.029,-0.0988,0.0244,6.69,-34.12,24.5,40.63,-79.51,-164.49
52.39245,-1.551807,151.56,11.7,3,219.72,18 / 20,3996310,2019-09-06 20:26:42:053,-0.4144,0.5843,9.7059,0.0117,0.0068,9.8065,0.0385,-0.0475,-0.0078,6.38,-34.75,23.88,39.06,-79.7,-164.66
52.39245,-1.551807,151.56,11.7,3,219.72,18 / 19,3996409,2019-09-06 20:26:42:152,0.0407,0.5488,9.6408,-0.0129,-0.0201,9.8065,0.0219,-0.0295,0.0238,6.69,-33.81,24.06,41.24,-79.7,-164.76
52.39245,-1.551807,151.56,11.7,3,219.72,18 / 19,3996509,2019-09-06 20:26:42:252,-0.1962,1.0446,9.8086,-0.0181,-0.0271,9.8066,0.0294,-0.0485,0.0436,6.5,-34.06,24.31,41.58,-79.42,-164.77
52.39245,-1.551807,151.56,11.7,3,219.72,18 / 19,3996610,2019-09-06 20:26:42:353,-0.2534,0.4724,9.9286,0.008,0.0162,9.8066,-0.0413,-0.0539,-0.0051,6.19,-34,24.31,39,-79.41,-164.73
52.39245,-1.551807,151.56,11.7,3,219.72,18 / 19,3996710,2019-09-06 20:26:42:453,-0.4041,0.8777,9.9074,-0.0034,0.0235,9.8066,-0.0198,-0.0154,0.0058,5.94,-34.69,24.44,40.24,-79.41,-164.02
52.39245,-1.551807,151.56,11.7,3,219.72,18 / 19,3996809,2019-09-06 20:26:42:552,0.1852,0.982,9.9634,-0.0043,-0.0034,9.8066,-0.0026,-0.054,0.0475,6.88,-33.94,24.31,43.08,-79.49,-163.5
52.39245,-1.551807,151.56,11.7,3,219.72,18 / 19,3996909,2019-09-06 20:26:42:652,0.1032,1.7601,10.308,-0.0064,-0.0112,9.8066,0.0199,-0.0497,-0.0146,7,-33.81,23.56,43.3,-79.49,-163.32
52.39245,-1.551807,151.56,11.7,3,219.72,18 / 19,3997010,2019-09-06 20:26:42:753,0.2589,1.1881,9.6758,0.0103,0.0118,9.8066,0.1308,-0.0677,0.0379,6.81,-34.37,23.81,43.28,-79.31,-163.52
52.39245,-1.551807,151.56,11.7,3,219.72,18 / 19,3997110,2019-09-06 20:26:42:853,-1.3387,0.4348,10.1327,0.0049,0.002,9.8066,0.0074,-0.0701,-0.0203,7.06,-34.37,24.56,41.44,-79.23,-164.1
52.39245,-1.551807,151.56,11.7,3,219.72,18 / 19,3997210,2019-09-06 20:26:42:953,-0.1526,1.8522,10.4359,0.0202,0.0024,9.8065,0.0756,-0.0589,-0.0596,7.13,-34.62,24.25,41.36,-79.39,-165.27
52.39245,-1.551807,151.56,11.7,3,219.72,18 / 19,3997310,2019-09-06 20:26:43:053,-0.3467,1.1128,9.456,0.0233,0.0129,9.8065,0.0006,-0.0519,-0.0216,7.44,-34.06,23.69,39.71,-79.52,-166.18
52.391605,-1.552847,151.02,13.2,4,226.51,18 / 19,3997410,2019-09-06 20:26:43:153,-0.6536,0.3403,10.2082,0.0147,-0.007,9.8066,0.0215,-0.0868,-0.0002,7,-34.25,23.81,39.1,-79.62,-166.57
52.391605,-1.552847,151.02,13.2,4,226.51,18 / 19,3997509,2019-09-06 20:26:43:252,-0.2563,0.4072,8.789,0.0074,-0.0028,9.8066,-0.082,-0.0918,0.0169,7.75,-34.06,22.94,40.75,-79.83,-168.2
52.391605,-1.552847,151.02,13.2,4,226.51,18 / 19,3997610,2019-09-06 20:26:43:353,-0.224,1.0106,9.2174,-0.0245,-0.0381,9.8065,0.165,-0.1559,0.0761,8.19,-34.31,23.5,39.84,-79.78,-167.9
52.391605,-1.552847,151.02,13.2,4,226.51,18 / 19,3997713,2019-09-06 20:26:43:456,-0.0039,0.8787,9.6191,0.0279,0.0486,9.8064,0.0521,-0.0604,-0.0065,7.94,-35,23.13,41.81,-80.09,-167.36
52.391605,-1.552847,151.02,13.2,4,226.51,18 / 19,3997809,2019-09-06 20:26:43:552,-0.1095,2.6074,9.7,0.0109,0.0339,9.8065,0.0408,-0.0713,-0.0105,7.94,-34.69,22.94,41.91,-80.56,-166.77
52.391605,-1.552847,151.02,13.2,4,226.51,18 / 19,3997909,2019-09-06 20:26:43:652,0.0191,0.719,9.7475,0.0077,0.0183,9.8066,0.1673,-0.057,0.0082,8.25,-34.06,22.56,41.54,-80.74,-166.63
52.391605,-1.552847,151.02,13.2,4,226.51,18 / 19,3998010,2019-09-06 20:26:43:753,0.1141,0.5236,9.5763,0.0169,0.0302,9.8065,-0.179,-0.0482,0.0331,8.19,-34.31,22,43.27,-80.74,-166.36
52.391605,-1.552847,151.02,13.2,4,226.51,18 / 19,3998110,2019-09-06 20:26:43:853,-0.5598,1.7259,10.6825,-0.0226,-0.0089,9.8065,-0.0165,-0.0812,0.0705,7.63,-35,21.75,45.01,-80.61,-165.36
52.391605,-1.552847,151.02,13.2,4,226.51,18 / 19,3998210,2019-09-06 20:26:43:953,-0.7147,0.5229,9.4381,-0.0056,0.0123,9.8066,-0.0753,-0.0799,-0.0093,8,-34.31,22.31,45.74,-80.64,-164.44
52.391605,-1.552847,151.02,13.2,4,226.51,18 / 19,3998309,2019-09-06 20:26:44:052,-0.2346,0.6579,9.8255,-0.026,-0.0103,9.8065,-0.096,-0.0892,0.0656,8.13,-34.19,22.56,45.66,-80.53,-163.43
52.391605,-1.552847,151.02,13.2,4,226.51,18 / 19,3998410,2019-09-06 20:26:44:153,-0.2989,0.7604,9.865,-0.0168,0.0088,9.8066,0.0661,-0.0903,0.0957,7.69,-35,22.06,49.73,-80.45,-161.65
52.391605,-1.552847,151.02,13.2,4,226.51,18 / 19,3998509,2019-09-06 20:26:44:252,-0.2836,1.7387,10.7673,-0.015,0.0103,9.8065,0.0404,-0.0676,0.0172,7.75,-35.37,21.69,51.42,-80.37,-160.33
52.391605,-1.552847,151.02,13.2,4,226.51,18 / 19,3998609,2019-09-06 20:26:44:352,0.0326,0.401,9.9961,-0.0035,-0.0114,9.8066,0.0616,-0.0479,-0.012,7.88,-34.56,22.06,51.29,-80.2,-160.66
52.391605,-1.552847,151.02,13.2,4,226.51,18 / 19,3998710,2019-09-06 20:26:44:453,-0.5383,0.3784,10.0295,0.0032,-0.003,9.8066,0.0443,-0.0511,0.037,7.75,-34.81,22.31,50.4,-79.93,-161.74
52.391605,-1.552847,151.02,13.2,4,226.51,18 / 19,3998810,2019-09-06 20:26:44:553,-0.5736,0.0716,10.0632,0.0126,0.0312,9.8065,-0.1073,-0.0347,0.0086,7.81,-34.12,21.88,50.05,-80.02,-161.6
52.391605,-1.552847,151.02,13.2,4,226.51,18 / 19,3998910,2019-09-06 20:26:44:653,-0.396,0.241,10.3741,-0.0183,-0.0175,9.8066,-0.0214,-0.0437,0.0281,7.5,-34.5,22.25,50.4,-80.01,-161.32
52.391605,-1.552847,151.02,13.2,4,226.51,18 / 19,3999010,2019-09-06 20:26:44:753,0.4627,0.6308,9.8348,-0.0208,-0.0155,9.8065,-0.0341,-0.0498,0.0159,8.06,-34.37,21.88,51.24,-80.04,-160.57
52.391605,-1.552847,151.02,13.2,4,226.51,18 / 19,3999110,2019-09-06 20:26:44:853,0.2802,1.3334,9.084,-0.0099,-0.013,9.8066,-0.069,-0.0757,0.0078,8.38,-34.37,21.5,51.44,-79.84,-160.66
52.391605,-1.552847,151.02,13.2,4,226.51,18 / 19,3999210,2019-09-06 20:26:44:953,-0.2575,1.2533,9.8629,-0.0195,-0.0119,9.8066,0.0898,-0.0547,-0.0136,8.56,-34.19,22,54.35,-79.7,-160.47
52.391605,-1.552847,151.02,13.2,4,226.51,18 / 19,3999310,2019-09-06 20:26:45:053,-0.1175,0.6282,10.1241,0.0118,0.0052,9.8066,0.0434,-0.0671,0.0298,8.38,-33.25,22.06,51.72,-79.7,-160.25
52.391605,-1.552847,151.02,13.2,4,226.51,19 / 20,3999410,2019-09-06 20:26:45:153,-0.611,0.3133,9.9014,-0.0008,-0.0035,9.8066,0.0103,-0.0076,-0.0066,8.88,-33.44,22.63,52.46,-79.73,-160.36
52.391605,-1.552847,151.02,13.2,4,226.51,19 / 20,3999509,2019-09-06 20:26:45:252,-0.3635,0.2819,9.7435,-0.0036,0.003,9.8066,-0.0094,-0.0349,0.0288,8.88,-32.5,21.94,53.89,-79.75,-160.08
52.391605,-1.552847,151.02,13.2,4,226.51,19 / 20,3999610,2019-09-06 20:26:45:353,0.2927,0.5084,10.1656,0.0036,0.0076,9.8066,0.0537,-0.0285,-0.015,9.31,-32.37,21.88,54.45,-79.73,-159.63
52.391605,-1.552847,151.02,13.2,4,226.51,19 / 20,3999709,2019-09-06 20:26:45:452,-0.3691,-0.2697,9.8098,0.0098,0.0053,9.8066,0.0795,-0.0278,0.0184,8.44,-33.12,20.75,54,-79.76,-159.62
52.391605,-1.552847,151.02,13.2,4,226.51,19 / 20,3999809,2019-09-06 20:26:45:552,0.1331,0.8731,9.2328,0.0055,-0.0115,9.8066,-0.0659,-0.032,-0.038,8.13,-34,21.38,53.66,-79.69,-160.37
52.391605,-1.552847,151.02,13.2,4,226.51,19 / 20,3999909,2019-09-06 20:26:45:652,-0.3014,0.4644,9.5087,0.009,-0.0016,9.8066,0.0383,-0.044,-0.0553,8.5,-34.5,21.31,55.18,-79.79,-161.1
52.391605,-1.552847,151.02,13.2,4,226.51,19 / 20,4000010,2019-09-06 20:26:45:753,0.1642,0.0618,9.3805,0.0156,0.0182,9.8066,-0.0653,-0.0495,0.051,8.56,-34.06,21.81,53.17,-80.13,-160.92
52.391605,-1.552847,151.02,13.2,4,226.51,19 / 20,4000111,2019-09-06 20:26:45:854,-0.3209,0.3359,10.161,-0.0011,0.0005,9.8066,-0.0626,-0.0233,-0.011,8.13,-34.25,21.69,50.95,-80.22,-160.59
52.391605,-1.552847,151.02,13.2,4,226.51,19 / 20,4000209,2019-09-06 20:26:45:952,0.1673,-0.1078,9.254,-0.0032,-0.0105,9.8065,0.1152,-0.0144,-0.0005,7.94,-33.94,21.38,51.73,-80.25,-161.24
52.391605,-1.552847,151.02,13.2,4,226.51,19 / 20,4000309,2019-09-06 20:26:46:052,-0.0753,1.2779,10.3709,-0.0118,-0.0182,9.8065,0.107,-0.0562,0.0097,9.06,-33.19,21.88,52.08,-80.04,-161.61
52.391605,-1.552847,151.02,13.2,4,226.51,19 / 20,4000410,2019-09-06 20:26:46:153,-0.8736,-1.1459,10.4176,-0.0151,-0.0292,9.8066,-0.0725,-0.0376,-0.0466,9.06,-33,21.19,52.49,-80.03,-162.69
52.391605,-1.552847,151.02,13.2,4,226.51,19 / 20,4000510,2019-09-06 20:26:46:253,0.2737,0.969,9.5605,0.0103,0.0223,9.8065,-0.0902,-0.0082,0.007,8.69,-33.25,21.69,50.43,-79.82,-163.27
52.391605,-1.552847,151.02,13.2,4,226.51,19 / 20,4000609,2019-09-06 20:26:46:352,0.4779,0.4016,9.9675,0.0167,0.0247,9.8065,0.0137,-0.0007,0.0138,8.63,-33.75,21.69,51.08,-79.98,-162.88
52.391605,-1.552847,151.02,13.2,4,226.51,19 / 20,4000710,2019-09-06 20:26:46:453,-0.4842,-0.4211,10.9126,0.0094,0.0223,9.8065,0.0497,-0.0471,-0.0153,8.63,-33.5,21.31,52.53,-79.98,-162.71
52.391605,-1.552847,151.02,13.2,4,226.51,19 / 20,4000809,2019-09-06 20:26:46:552,0.2689,0.389,9.779,-0.0023,-0.0081,9.8066,-0.006,0.0093,-0.0108,8.63,-34.81,21.44,53.36,-79.78,-163.01
52.391605,-1.552847,151.02,13.2,4,226.51,19 / 20,4000910,2019-09-06 20:26:46:653,0.1494,0.3569,9.4674,-0.0103,-0.0056,9.8065,-0.0535,0.0014,0.0237,8.69,-33.87,21.69,51.3,-79.64,-163.11
52.391605,-1.552847,151.02,13.2,4,226.51,19 / 20,4001010,2019-09-06 20:26:46:753,0.1873,0.1506,10.0356,0.0124,0.0164,9.8066,0.0484,-0.0086,-0.0185,9.25,-34.37,21.44,53.21,-79.62,-162.97
52.391605,-1.552847,151.02,13.2,4,226.51,19 / 20,4001110,2019-09-06 20:26:46:853,0.5764,-0.5224,9.448,0.0144,0.0129,9.8066,-0.0107,0.0223,-0.0273,9.44,-34.75,21.81,51.89,-79.81,-162.75
52.391605,-1.552847,151.02,13.2,4,226.51,19 / 20,4001210,2019-09-06 20:26:46:953,0.4976,-0.3907,10.1205,-0.0095,0.0031,9.8066,-0.0301,0.0321,-0.0063,8.94,-34.25,21.5,52.03,-79.76,-162.35
52.391605,-1.552847,151.02,13.2,4,226.51,19 / 20,4001310,2019-09-06 20:26:47:053,-0.1483,0.3298,9.849,0.0098,0.0042,9.8066,-0.0507,-0.0646,-0.0059,9.38,-33.94,21.81,51.5,-79.81,-162.72
52.391605,-1.552847,151.02,13.2,4,226.51,19 / 20,4001409,2019-09-06 20:26:47:152,1.2471,0.495,9.8898,0.0099,0.01,9.8066,0.0113,-0.0211,-0.0021,9.5,-32.87,21.56,53.01,-79.89,-163.01
52.391605,-1.552847,151.02,13.2,4,226.51,19 / 20,4001509,2019-09-06 20:26:47:252,0.6753,-0.2564,9.7593,0.0181,0.0376,9.8065,0.0531,0.0449,-0.0063,9.69,-32.5,20.81,54.86,-80.07,-162.31
52.391605,-1.552847,151.02,13.2,4,226.51,19 / 20,4001610,2019-09-06 20:26:47:353,-0.2136,-0.0531,10.0565,-0.0126,-0.0196,9.8065,-0.0423,0.0004,-0.0333,9.13,-33.25,20.75,53.64,-79.98,-161.76
52.391605,-1.552847,151.02,13.2,4,226.51,19 / 20,4001710,2019-09-06 20:26:47:453,0.548,-1.5041,9.5772,-0.0025,-0.0076,9.8066,0.0822,-0.0336,0.0002,8.56,-34.12,21.25,53.5,-79.93,-162.33
52.391605,-1.552847,151.02,13.2,4,226.51,19 / 20,4001810,2019-09-06 20:26:47:553,1.0001,0.3789,10.113,-0.0099,0.0074,9.8066,0.0956,-0.0231,0.0297,8.44,-33.94,21.38,52.26,-79.77,-161.43
52.391605,-1.552847,151.02,13.2,4,226.51,19 / 20,4001909,2019-09-06 20:26:47:652,0.273,0.3359,9.7826,0.0091,0.007,9.8066,0.0342,-0.0056,0.009,8.56,-34.69,21.56,53.22,-79.88,-161.54
52.391605,-1.552847,151.02,13.2,4,226.51,19 / 20,4002010,2019-09-06 20:26:47:753,0.9016,0.6862,9.6804,0.0069,0.0157,9.8066,-0.0076,-0.025,-0.0278,9.06,-34.94,21.38,54.54,-79.91,-161.84
52.391605,-1.552847,151.02,13.2,4,226.51,19 / 20,4002110,2019-09-06 20:26:47:853,0.2891,0.4826,9.9864,-0.0099,0.0065,9.8066,0.0131,0.0154,0.0189,8.25,-34.06,21.19,52.55,-79.86,-161.07
52.391605,-1.552847,151.02,13.2,4,226.51,19 / 20,4002210,2019-09-06 20:26:47:953,0.5034,0.6564,9.6495,0.0021,0.0104,9.8066,-0.0411,0.0274,0.0181,8.31,-34.31,21.19,53.01,-79.87,-160.67
52.391605,-1.552847,151.02,13.2,4,226.51,19 / 20,4002310,2019-09-06 20:26:48:053,-0.1533,0.5478,9.7556,-0.0083,-0.0006,9.8066,-0.1124,-0.0155,0.0346,7.75,-33.37,21.31,53.04,-79.97,-160.15
52.391605,-1.552847,151.02,13.2,4,226.51,19 / 20,4002410,2019-09-06 20:26:48:153,0.1895,0.0654,9.5445,-0.0031,-0.0069,9.8066,-0.009,0.0437,-0.0465,8.5,-33,22.31,54.25,-79.93,-159.89
52.391605,-1.552847,151.02,13.2,4,226.51,19 / 20,4002510,2019-09-06 20:26:48:253,0.789,0.4558,9.963,0.0001,0.0049,9.8066,-0.084,-0.0369,0.0082,8.69,-32.62,21.88,54.27,-80,-159.79
52.391605,-1.552847,151.02,13.2,4,226.51,19 / 20,4002610,2019-09-06 20:26:48:353,0.5782,0.7217,10.1868,0.0019,0.0034,9.8066,-0.0088,-0.0223,0.038,9.44,-33.37,21.44,56.57,-80,-159.24
52.391605,-1.552847,151.02,13.2,4,226.51,19 / 20,4002709,2019-09-06 20:26:48:452,0.4936,1.1398,9.7776,-0.0048,-0.0148,9.8066,-0.0578,-0.0289,0.0146,9.06,-34.12,20.81,56.5,-79.96,-159.74
52.391605,-1.552847,151.02,13.2,4,226.51,19 / 20,4002810,2019-09-06 20:26:48:553,0.1341,0.942,10.0387,0.0042,0.0055,9.8066,0.0863,0.0241,-0.0442,9.56,-34.06,21.06,58.46,-79.92,-160.14
52.391605,-1.552847,151.02,13.2,4,226.51,19 / 20,4002910,2019-09-06 20:26:48:653,0.681,0.1287,10.0392,0.0278,0.0313,9.8065,0.0091,-0.0253,-0.0075,9.06,-33.56,20.19,57.88,-80.11,-159.91
52.391605,-1.552847,151.02,13.2,4,226.51,19 / 20,4003010,2019-09-06 20:26:48:753,1.0769,0.3881,9.5818,-0.003,-0.0131,9.8065,-0.0563,0.0073,0.0057,8.75,-34.69,20.44,57.44,-80.23,-160.49
52.391605,-1.552847,151.02,13.2,4,226.51,19 / 20,4003110,2019-09-06 20:26:48:853,0.5132,0.9156,9.4539,0.0006,-0.0029,9.8066,-0.0477,0.0213,0.0371,8.5,-35.06,20.88,55.42,-80.36,-160.47
52.391605,-1.552847,151.02,13.2,4,226.51,19 / 20,4003210,2019-09-06 20:26:48:953,0.8967,0.5526,10.164,0.0108,-0.0013,9.8066,-0.0126,-0.0101,-0.0352,8.81,-35.37,21.44,54.96,-80.39,-160.82
52.391605,-1.552847,151.02,13.2,4,226.51,19 / 20,4003311,2019-09-06 20:26:49:054,1.6237,0.6365,9.7473,0.0084,-0.0025,9.8066,0.0133,0.04,-0.0143,8.25,-34.56,21,51.84,-80.41,-161.28
52.391605,-1.552847,151.02,13.2,4,226.51,19 / 20,4003409,2019-09-06 20:26:49:152,-0.0714,0.205,9.8062,-0.0049,-0.0122,9.8066,-0.0584,0.0397,-0.0274,9.13,-34.69,21.56,52.96,-80.3,-161.22
52.391605,-1.552847,151.02,13.2,4,226.51,19 / 20,4003511,2019-09-06 20:26:49:254,0.621,0.6499,10.0392,-0.009,-0.0063,9.8065,-0.0955,0.017,-0.0104,9.13,-34.94,21.19,54.63,-80.28,-161.25
52.391605,-1.552847,151.02,13.2,4,226.51,19 / 20,4003609,2019-09-06 20:26:49:352,1.2261,0.387,9.8387,0.0078,0.0161,9.8066,0.0545,-0.0465,0.0382,8.75,-34.62,21.38,54.97,-80.39,-160.81
52.391605,-1.552847,151.02,13.2,4,226.51,19 / 20,4003710,2019-09-06 20:26:49:453,0.2045,-0.0068,9.7307,0.0044,0.0072,9.8066,0.0301,0.0381,-0.0279,9.19,-34.44,21.19,54.69,-80.36,-160.75
52.391605,-1.552847,151.02,13.2,4,226.51,19 / 20,4003809,2019-09-06 20:26:49:552,0.7315,-0.1558,9.3763,-0.0176,-0.0157,9.8066,-0.0031,0.0077,0.0431,8.75,-35.12,20.44,57.2,-80.23,-160.7
52.391605,-1.552847,151.02,13.2,4,226.51,19 / 20,4003910,2019-09-06 20:26:49:653,0.9461,0.9273,9.8811,-0.0077,-0.0017,9.8065,-0.0699,0.0255,-0.0141,7.88,-34.37,20.88,53.03,-80.3,-160.08
52.391605,-1.552847,151.02,13.2,4,226.51,19 / 20,4004010,2019-09-06 20:26:49:753,1.2778,1.3567,10.0033,0.0047,0.0019,9.8066,0.0516,0.0421,-0.0235,7.81,-34.06,21,53.25,-80.42,-159.74
52.391605,-1.552847,151.02,13.2,4,226.51,19 / 20,4004110,2019-09-06 20:26:49:853,0.8256,0.5102,9.5354,-0.0093,-0.0032,9.8066,-0.0026,-0.0071,0.0142,8.81,-34.5,21.56,54.1,-80.4,-159.78
52.391605,-1.552847,151.02,13.2,4,226.51,19 / 20,4004209,2019-09-06 20:26:49:952,1.206,0.3896,9.7411,0.0061,0.011,9.8066,0.0439,0.0058,0.0038,9.19,-34.31,22.13,53.92,-80.34,-160.01
52.391605,-1.552847,151.02,13.2,4,226.51,19 / 20,4004310,2019-09-06 20:26:50:053,0.4324,0.1405,9.4591,0.0031,0.0072,9.8066,0.0373,0.0043,0.0277,8.69,-34.25,21.63,53.9,-80.34,-160.03
52.391605,-1.552847,151.02,13.2,4,226.51,19 / 20,4004410,2019-09-06 20:26:50:153,0.1611,0.6611,9.7538,0.0079,0.0096,9.8065,-0.124,0.057,-0.0347,9,-34.37,21.06,55.97,-80.43,-159.55
52.391605,-1.552847,151.02,13.2,4,226.51,19 / 20,4004510,2019-09-06 20:26:50:253,1.0171,1.0507,9.4348,-0.0026,0.0041,9.8066,-0.096,0.0158,0.0239,9,-34.81,21.25,56.82,-80.62,-158.92
52.391605,-1.552847,151.02,13.2,4,226.51,19 / 20,4004609,2019-09-06 20:26:50:352,1.0398,1.4317,9.998,0.0164,0.0214,9.8065,0.0788,0.0092,-0.0472,8.75,-35.06,21.25,56.81,-80.76,-158.72
52.391605,-1.552847,151.02,13.2,4,226.51,19 / 20,4004710,2019-09-06 20:26:50:453,0.5932,0.5189,9.8017,-0.0005,0.0135,9.8066,0.1124,-0.0197,0.0067,9.06,-34.75,21.13,57.3,-80.89,-158.11
52.391605,-1.552847,151.02,13.2,4,226.51,19 / 20,4004810,2019-09-06 20:26:50:553,1.0802,0.8507,9.8099,-0.0023,-0.0034,9.8066,-0.0205,0.0121,0.0008,8.38,-34.37,21.06,54.82,-80.72,-157.99
52.391605,-1.552847,151.02,13.2,4,226.51,19 / 20,4004910,2019-09-06 20:26:50:653,1.0567,1.0659,10.6394,-0.0034,-0.0045,9.8066,-0.0533,0.0352,0.0064,8.94,-35.19,21.5,56.06,-80.73,-158
52.391605,-1.552847,151.02,13.2,4,226.51,19 / 20,4005009,2019-09-06 20:26:50:752,0.3586,0.8558,9.832,0.003,0.0008,9.8066,-0.0248,0.0012,-0.0089,8.31,-34.94,22.19,54.05,-80.77,-157.58
52.391605,-1.552847,151.02,13.2,4,226.51,19 / 20,4005110,2019-09-06 20:26:50:853,0.9973,-0.4898,9.3157,0.0076,0.0054,9.8066,-0.0451,0.023,-0.0571,8.69,-34.94,20.75,57.99,-80.85,-157.57
52.391605,-1.552847,151.02,13.2,4,226.51,19 / 20,4005210,2019-09-06 20:26:50:953,1.0175,0.9876,10.8553,-0.0297,-0.0332,9.8065,-0.0426,-0.0321,-0.0007,8.88,-33.94,21.56,56.58,-80.99,-156.87
52.391605,-1.552847,151.02,13.2,4,226.51,19 / 20,4005310,2019-09-06 20:26:51:053,0.4527,0.9705,9.9204,0.0072,-0.0238,9.8065,-0.0154,0.0324,-0.0845,9.31,-32.44,21.88,54.52,-80.91,-158.13
52.391605,-1.552847,151.02,13.2,4,226.51,19 / 20,4005410,2019-09-06 20:26:51:153,1.2364,0.1573,9.2346,0.0014,0.0056,9.8066,0.0264,-0.0367,0.0201,10.44,-30.75,22,56.23,-80.85,-158.41
52.391605,-1.552847,151.02,13.2,4,226.51,19 / 20,4005510,2019-09-06 20:26:51:253,0.4014,-0.2423,10.0469,0.0118,0.0066,9.8066,0.0235,0.011,-0.0409,11.19,-29.12,21.75,57.19,-80.99,-158.7
52.391605,-1.552847,151.02,13.2,4,226.51,19 / 20,4005610,2019-09-06 20:26:51:353,0.4749,0.6811,9.6206,0.0121,0.0024,9.8066,-0.1492,-0.0198,-0.0042,11.56,-27.62,19.81,62.47,-81.14,-158.3
52.391605,-1.552847,151.02,13.2,4,226.51,19 / 20,4005710,2019-09-06 20:26:51:453,1.7447,0.6886,9.8284,-0.0062,-0.0169,9.8066,-0.1573,0.0311,-0.0496,10.38,-30.25,17.75,61.89,-81.39,-158.63
52.391605,-1.552847,151.02,13.2,4,226.51,19 / 20,4005810,2019-09-06 20:26:51:553,1.0725,0.8988,9.8153,0.0189,0.0134,9.8066,0.1068,-0.0087,-0.0337,8.5,-32.12,18.69,57.95,-81.52,-158.74
52.391605,-1.552847,151.02,13.2,4,226.51,19 / 20,4005910,2019-09-06 20:26:51:653,0.1597,0.8331,9.7042,0.0115,0.0195,9.8066,0.0989,-0.0093,0.0557,7.75,-33.19,19.63,53.64,-81.51,-159.04
52.391605,-1.552847,151.02,13.2,4,226.51,19 / 20,4006010,2019-09-06 20:26:51:753,1.419,1.8495,9.694,-0.0059,-0.0192,9.8066,-0.0732,0.0407,-0.0535,7.63,-33.87,20.06,54.12,-81.36,-159.16
52.391605,-1.552847,151.02,13.2,4,226.51,19 / 20,4006110,2019-09-06 20:26:51:853,0.489,1.1016,9.7622,-0.0052,-0.0095,9.8066,0.0031,-0.042,0.0169,8.38,-33.81,20.13,53.92,-81.51,-159.12
52.391605,-1.552847,151.02,13.2,4,226.51,19 / 20,4006209,2019-09-06 20:26:51:952,0.7118,0.9689,9.708,0.0156,0.0057,9.8066,-0.045,0.0047,-0.0594,9,-33.62,19.25,57.61,-81.55,-159.7
52.391605,-1.552847,151.02,13.2,4,226.51,19 / 20,4006310,2019-09-06 20:26:52:053,0.4611,1.094,8.837,0.0008,-0.003,9.8066,-0.0169,-0.0158,0.0041,10.13,-34.62,20.31,58.29,-81.69,-159.73
52.390972,-1.554202,150.72,11.45,3,234.16,19 / 20,4006410,2019-09-06 20:26:52:153,1.332,2.1948,9.8464,-0.0032,-0.0041,9.8066,-0.0074,-0.0376,0.042,9.38,-34.44,20.56,53.81,-81.85,-159.54
52.390972,-1.554202,150.72,11.45,3,234.16,19 / 20,4006510,2019-09-06 20:26:52:253,1.709,0.9079,9.7605,0.0109,-0.0122,9.8066,0.015,0.039,-0.0574,9.31,-34.75,20.38,55.08,-82.02,-159.94
52.390972,-1.554202,150.72,11.45,3,234.16,19 / 20,4006610,2019-09-06 20:26:52:353,1.3012,1.1155,9.5168,0.0145,0.0245,9.8066,0.0392,-0.0433,0.0423,9.13,-34.56,20.75,52.6,-81.95,-160.75
52.390972,-1.554202,150.72,11.45,3,234.16,19 / 20,4006710,2019-09-06 20:26:52:453,1.8742,0.8465,10.0049,0.0124,0.0264,9.8066,-0.0712,0.0637,0.0043,9.63,-34.37,20.13,56.76,-82.05,-160.25
52.390972,-1.554202,150.72,11.45,3,234.16,19 / 20,4006810,2019-09-06 20:26:52:553,0.2816,2.343,9.2344,0,-0.0145,9.8066,-0.0798,0.0905,-0.0486,9.38,-34.25,19.56,55.17,-81.91,-159.71
52.390972,-1.554202,150.72,11.45,3,234.16,19 / 20,4006910,2019-09-06 20:26:52:653,1.9766,1.696,9.6453,-0.025,-0.0416,9.8065,0.0612,-0.04,0.0253,9.44,-34.37,20.19,54.71,-81.95,-160.07
52.390972,-1.554202,150.72,11.45,3,234.16,19 / 20,4007009,2019-09-06 20:26:52:752,1.5184,1.899,10.1532,0.0213,0.0316,9.8065,-0.0879,0.0371,-0.0545,8.94,-34.44,19.75,54.26,-82.23,-160.08
52.390972,-1.554202,150.72,11.45,3,234.16,19 / 20,4007110,2019-09-06 20:26:52:853,1.2383,0.5388,10.3549,0.0378,0.0372,9.8064,0.0141,0.0393,-0.013,9,-34.81,20.25,53.98,-82.32,-160.5
52.390972,-1.554202,150.72,11.45,3,234.16,19 / 20,4007209,2019-09-06 20:26:52:952,0.5425,1.2315,10.2473,-0.0122,-0.0333,9.8065,-0.0982,0.0777,-0.0606,9.19,-34.44,19.94,54.06,-82.32,-160.12
52.390972,-1.554202,150.72,11.45,3,234.16,19 / 20,4007309,2019-09-06 20:26:53:052,0.655,1.0539,10.0565,-0.0118,-0.0095,9.8066,-0.094,-0.0461,0.07,9.38,-35.06,19.88,53.61,-82.28,-160.87
52.390972,-1.554202,150.72,11.45,3,234.16,19 / 20,4007410,2019-09-06 20:26:53:153,1.9599,-0.2006,9.3805,0.0051,0.0023,9.8066,0.0232,-0.0347,0.0493,9.94,-34.5,20.31,55.47,-82.42,-160.9
52.390972,-1.554202,150.72,11.45,3,234.16,19 / 20,4007509,2019-09-06 20:26:53:252,1.885,1.3702,10.0476,-0.0034,-0.0089,9.8066,-0.0201,0.0346,-0.0555,9.63,-34.87,20.38,56.17,-82.49,-160.47
52.390972,-1.554202,150.72,11.45,3,234.16,19 / 20,4007609,2019-09-06 20:26:53:352,0.9466,1.3992,9.5871,0.0257,0.026,9.8065,0.0766,0.1151,-0.0511,9.5,-34.37,20.25,55.66,-82.54,-160.58
52.390972,-1.554202,150.72,11.45,3,234.16,19 / 20,4007710,2019-09-06 20:26:53:453,2.3308,0.5732,9.4261,0.0059,0.0209,9.8066,0.0674,0.0538,0.0612,9.44,-35,20.5,52.18,-82.7,-160.13
52.390972,-1.554202,150.72,11.45,3,234.16,19 / 20,4007810,2019-09-06 20:26:53:553,1.964,1.1075,10.1336,0.0105,-0.0038,9.8066,0.002,0.0435,-0.0717,9,-34.81,20.88,50.99,-82.6,-161.31
52.390972,-1.554202,150.72,11.45,3,234.16,19 / 20,4007910,2019-09-06 20:26:53:653,1.1248,0.5733,9.8159,0.0086,0.0066,9.8066,0.0519,0.0256,-0.0107,8.94,-34.62,20.25,51.8,-82.62,-161.98
52.390972,-1.554202,150.72,11.45,3,234.16,19 / 20,4008009,2019-09-06 20:26:53:752,1.1033,0.9732,9.7458,-0.011,-0.007,9.8065,0.0297,0.0356,0.0253,8.88,-35.12,20.88,50.55,-82.46,-161.87
52.390972,-1.554202,150.72,11.45,3,234.16,19 / 20,4008109,2019-09-06 20:26:53:852,0.6461,0.3699,10.0479,0.0167,0.0228,9.8065,0.0576,0.0335,-0.0365,8.94,-35.56,20.81,50.81,-82.58,-161.75
52.390972,-1.554202,150.72,11.45,3,234.16,19 / 20,4008210,2019-09-06 20:26:53:953,2.4752,0.9397,9.7212,-0.0126,-0.0251,9.8066,-0.0544,0.0129,0.0227,8.63,-33.81,21,49.94,-82.7,-161.84
52.390972,-1.554202,150.72,11.45,3,234.16,19 / 20,4008310,2019-09-06 20:26:54:053,1.7003,0.4799,9.7899,-0.0035,-0.0158,9.8066,-0.0267,0.0747,-0.0426,9.19,-35.12,20.75,49.37,-82.73,-162.56
52.390972,-1.554202,150.72,11.45,3,234.16,19 / 20,4008410,2019-09-06 20:26:54:153,2.3158,0.5381,9.6039,-0.0079,-0.0088,9.8066,0.014,0.0916,-0.0158,8.5,-34.06,21.19,49.35,-82.75,-162.3
52.390972,-1.554202,150.72,11.45,3,234.16,19 / 20,4008509,2019-09-06 20:26:54:252,1.8473,0.9976,9.6484,-0.0014,-0.0004,9.8066,0.0036,0.0487,-0.0054,8.75,-35.31,21.88,47.9,-82.8,-162.48
52.390972,-1.554202,150.72,11.45,3,234.16,19 / 20,4008610,2019-09-06 20:26:54:353,1.0141,1.3742,9.8049,0.0159,0.0173,9.8066,0.0879,0.0967,-0.0522,8.69,-35.25,21.88,47.61,-82.93,-162.58
52.390972,-1.554202,150.72,11.45,3,234.16,19 / 20,4008709,2019-09-06 20:26:54:452,1.5679,0.186,9.7401,0.0146,0.0219,9.8066,0.0808,0.0841,-0.029,8.38,-35.19,21.81,44.62,-82.97,-162.99
52.390972,-1.554202,150.72,11.45,3,234.16,19 / 20,4008809,2019-09-06 20:26:54:552,1.0618,1.0755,9.8095,0.0019,-0.0158,9.8066,-0.0426,0.1081,-0.0286,8.06,-34.44,21.75,43.55,-83.02,-163.66
52.390972,-1.554202,150.72,11.45,3,234.16,19 / 20,4008909,2019-09-06 20:26:54:652,1.4629,0.9455,9.6574,-0.0042,-0.0143,9.8065,-0.0333,0.0635,0.0142,8.5,-35.69,22.19,45.85,-82.97,-164.29
52.390972,-1.554202,150.72,11.45,3,234.16,19 / 20,4009010,2019-09-06 20:26:54:753,2.3262,0.484,9.4639,0.0154,0.0229,9.8066,0.069,0.0424,-0.0029,8.13,-34.62,21.88,41.57,-83.09,-165.49
52.390972,-1.554202,150.72,11.45,3,234.16,19 / 20,4009110,2019-09-06 20:26:54:853,1.4512,0.4525,9.4574,0.0066,-0.0031,9.8066,0.0326,0.1065,-0.0466,8.25,-34.25,22.56,39.54,-82.97,-166.11
52.390972,-1.554202,150.72,11.45,3,234.16,19 / 20,4009210,2019-09-06 20:26:54:953,1.6119,0.1844,9.4955,0.0102,0.0197,9.8066,-0.0234,0.1382,-0.0153,8.25,-34.56,22.75,39.34,-83.11,-166.33
52.390972,-1.554202,150.72,11.45,3,234.16,19 / 20,4009310,2019-09-06 20:26:55:053,1.8024,0.5244,9.7366,0.0106,0.0252,9.8066,0.0012,0.0616,0.0419,7.81,-34.81,22.88,39.34,-83.28,-166.17
52.390972,-1.554202,150.72,11.45,3,234.16,19 / 20,4009410,2019-09-06 20:26:55:153,0.5679,1.781,9.7045,0.0085,-0.0092,9.8065,-0.0665,0.1033,-0.0415,7.38,-35.19,22.56,36.62,-83.5,-166.13
52.390972,-1.554202,150.72,11.45,3,234.16,19 / 20,4009510,2019-09-06 20:26:55:253,1.8779,1.2613,10.1424,0.0083,-0.0236,9.8066,-0.0076,0.1685,-0.0438,7.94,-34.31,23.19,37.17,-83.6,-167.59
52.390972,-1.554202,150.72,11.45,3,234.16,19 / 20,4009610,2019-09-06 20:26:55:353,1.2474,1.3034,10.3186,0.019,0.0097,9.8066,0.0903,0.1481,-0.0757,7.44,-34.87,23.63,31.62,-83.71,-169.42
52.390972,-1.554202,150.72,11.45,3,234.16,19 / 20,4009709,2019-09-06 20:26:55:452,1.7404,1.0706,9.1602,0.0163,0.0162,9.8066,0.0378,0.1,-0.0155,7.44,-33.94,24.56,28.43,-83.64,-171.33
52.390972,-1.554202,150.72,11.45,3,234.16,19 / 20,4009809,2019-09-06 20:26:55:552,2.4845,1.1588,9.7457,0.0044,-0.0225,9.8066,0.0148,0.1705,-0.0559,8,-34.44,24.63,28.71,-83.45,-173.27
52.390972,-1.554202,150.72,11.45,3,234.16,19 / 20,4009909,2019-09-06 20:26:55:652,2.1548,1.3534,10.1453,0.0058,0.0028,9.8066,-0.0461,0.1859,-0.0375,7.88,-34.25,24.06,29.01,-83.52,-173.81
52.390972,-1.554202,150.72,11.45,3,234.16,19 / 20,4010010,2019-09-06 20:26:55:753,2.488,1.35,10.134,0.0018,0.0145,9.8066,0.0338,0.1418,0.0216,8.06,-33.81,24.13,28.71,-83.66,-173.96
52.390972,-1.554202,150.72,11.45,3,234.16,19 / 20,4010110,2019-09-06 20:26:55:853,2.0542,0.8544,9.5546,0.005,0.0106,9.8066,0.0288,0.1989,-0.0198,7.56,-34.75,24.44,29.46,-83.81,-173.33
52.390972,-1.554202,150.72,11.45,3,234.16,19 / 20,4010210,2019-09-06 20:26:55:953,1.467,0.9998,9.7898,0.0103,-0.0085,9.8066,-0.0221,0.2087,-0.0694,6.94,-33.87,23.94,25.55,-83.81,-174.47
52.390972,-1.554202,150.72,11.45,3,234.16,19 / 20,4010310,2019-09-06 20:26:56:053,1.7482,1.0384,10.0737,-0.0032,0.0031,9.8066,-0.0164,0.1413,0.0515,6.69,-33.94,25.06,24.89,-83.82,-174.29
52.390972,-1.554202,150.72,11.45,3,234.16,19 / 20,4010410,2019-09-06 20:26:56:153,1.64,1.4459,9.8348,-0.0071,-0.0064,9.8066,-0.0097,0.171,-0.0145,6.13,-34.81,25.25,22.91,-83.67,-174.06
52.390972,-1.554202,150.72,11.45,3,234.16,19 / 20,4010509,2019-09-06 20:26:56:252,1.8603,1.2164,9.2769,0.0028,0.0023,9.8066,0.0072,0.1947,-0.0589,5.56,-34.69,24.5,23.23,-83.75,-173.74
52.390972,-1.554202,150.72,11.45,3,234.16,19 / 20,4010610,2019-09-06 20:26:56:353,2.0098,2.0666,9.9202,-0.0018,-0.0103,9.8066,-0.033,0.2451,0.0068,5.81,-35.25,24.94,21.67,-83.87,-175.02
52.390972,-1.554202,150.72,11.45,3,234.16,19 / 20,4010709,2019-09-06 20:26:56:452,2.2101,1.4808,10.2957,-0.0149,-0.0003,9.8066,0.0445,0.2133,0.0162,5.88,-36,25.88,22.07,-83.84,-174.16
52.390972,-1.554202,150.72,11.45,3,234.16,19 / 20,4010810,2019-09-06 20:26:56:553,1.423,1.3333,10.1342,-0.0148,-0.0047,9.8066,-0.0575,0.1999,0.0028,4.94,-36.56,25.94,21.57,-83.86,-172.58
52.390972,-1.554202,150.72,11.45,3,234.16,19 / 20,4010910,2019-09-06 20:26:56:653,0.953,1.3766,9.4793,-0.0049,0.0048,9.8066,-0.0022,0.2109,-0.0148,4.63,-36.31,26.13,22.47,-83.93,-171.68
52.390972,-1.554202,150.72,11.45,3,234.16,19 / 20,4011009,2019-09-06 20:26:56:752,1.3052,1.0172,9.8312,0.0118,-0.012,9.8066,0.0189,0.1895,-0.0367,5.44,-36.81,26.94,20.48,-83.89,-173
52.390972,-1.554202,150.72,11.45,3,234.16,19 / 20,4011109,2019-09-06 20:26:56:852,1.7001,0.8597,9.8,0.0095,-0.02,9.8066,-0.0264,0.2358,-0.0566,5.13,-37.25,27.88,18.26,-83.86,-174.46
52.390972,-1.554202,150.72,11.45,3,234.16,19 / 20,4011209,2019-09-06 20:26:56:952,1.0648,1.5015,9.7273,0.0033,0.0114,9.8066,0.0097,0.2216,-0.0017,4.25,-36.12,28.63,15.15,-83.88,-174.75
52.390972,-1.554202,150.72,11.45,3,234.16,19 / 20,4011310,2019-09-06 20:26:57:053,1.2829,1.1472,9.967,0.0022,0.0157,9.8066,0.007,0.2103,0.001,3.94,-35.56,28.94,15.33,-84.06,-174.53
52.390972,-1.554202,150.72,11.45,3,234.16,19 / 20,4011410,2019-09-06 20:26:57:153,0.9738,1.3465,10.0679,0.0022,0.003,9.8066,-0.0364,0.2018,-0.0221,4,-35,29.31,15.49,-84.19,-174.29
52.390972,-1.554202,150.72,11.45,3,234.16,19 / 20,4011510,2019-09-06 20:26:57:253,0.8236,1.6325,10.1022,0.0038,-0.0054,9.8066,0.0045,0.1829,-0.0144,3.38,-34.56,29.13,12.92,-84.25,-174.59
52.390972,-1.554202,150.72,11.45,3,234.16,19 / 20,4011610,2019-09-06 20:26:57:353,0.6904,2.2207,9.7829,0.0046,-0.0005,9.8066,-0.0165,0.211,-0.042,3.13,-35,28.75,11.93,-84.31,-175.44
52.390972,-1.554202,150.72,11.45,3,234.16,19 / 20,4011709,2019-09-06 20:26:57:452,0.408,2.2007,9.7646,0.001,-0.0019,9.8065,-0.0119,0.1662,0.0284,2.69,-34.44,29.13,11.7,-84.42,-175.58
52.390972,-1.554202,150.72,11.45,3,234.16,19 / 20,4011810,2019-09-06 20:26:57:553,0.5071,2.4409,9.6969,0.0089,0.0179,9.8066,0.0126,0.1888,-0.0519,2.06,-34.19,28.94,8.77,-84.55,-176.19
52.390972,-1.554202,150.72,11.45,3,234.16,19 / 20,4011910,2019-09-06 20:26:57:653,0.3019,1.8114,9.8109,0.001,0.0049,9.8066,0.002,0.137,0.0189,2.25,-33.94,28.88,8.07,-84.68,-176.78
52.390972,-1.554202,150.72,11.45,3,234.16,19 / 20,4012009,2019-09-06 20:26:57:752,-0.0266,1.8674,9.9458,0.0043,0.0011,9.8066,-0.0095,0.1312,-0.0303,1.38,-33.62,28.81,5.07,-84.71,-177.47
52.390972,-1.554202,150.72,11.45,3,234.16,19 / 20,4012110,2019-09-06 20:26:57:853,0.0968,2.0759,9.9549,0.009,0.0017,9.8066,-0.0195,0.1396,-0.0355,0.94,-34.19,28.94,3.98,-84.76,-178.44
52.390972,-1.554202,150.72,11.45,3,234.16,19 / 20,4012210,2019-09-06 20:26:57:953,-0.0276,1.5226,9.8945,0.005,0.0084,9.8066,0.0154,0.1479,0.0014,0.94,-34.31,29.38,2.9,-84.85,-179.39
52.390972,-1.554202,150.72,11.45,3,234.16,19 / 20,4012310,2019-09-06 20:26:58:053,0.0919,1.9069,9.8273,0.0056,0.0047,9.8066,0.0082,0.105,-0.0127,1.19,-34.31,29.25,2.13,-84.87,179.93
52.390972,-1.554202,150.72,11.45,3,234.16,19 / 20,4012410,2019-09-06 20:26:58:153,0.0832,1.8509,9.9317,0.0055,0.0043,9.8065,0.0052,0.0926,-0.0228,0.88,-33.81,29.69,1.1,-84.95,179.08
52.390972,-1.554202,150.72,11.45,3,234.16,19 / 20,4012509,2019-09-06 20:26:58:252,0.0044,1.5625,9.879,0.0052,0.0059,9.8066,0.0133,0.106,-0.0021,0.94,-33.62,29,359.92,-84.99,177.95
52.390972,-1.554202,150.72,11.45,3,234.16,19 / 20,4012609,2019-09-06 20:26:58:352,-0.143,1.1397,9.7622,0.0054,0.0019,9.8066,-0.0267,0.1004,-0.0124,0.5,-33.25,30.13,359.05,-85.02,177.24
52.390972,-1.554202,150.72,11.45,3,234.16,19 / 20,4012709,2019-09-06 20:26:58:452,-0.233,1.3626,9.8499,0.0035,0.0015,9.8066,-0.0048,0.1091,-0.0125,0.38,-33.12,29.69,356.4,-85.05,176.76
52.390972,-1.554202,150.72,11.45,3,234.16,19 / 20,4012810,2019-09-06 20:26:58:553,0.1226,0.9651,9.972,0.0099,0.0024,9.8066,0.0047,0.0723,-0.0163,-0.12,-33.81,29.81,354.69,-85.08,175.22
52.390972,-1.554202,150.72,11.45,3,234.16,19 / 20,4012910,2019-09-06 20:26:58:653,0.003,0.7101,9.8298,0.0091,0.0024,9.8066,-0.0208,0.0896,-0.0337,-0.31,-33.5,29.75,353.19,-85.1,173.85
52.390972,-1.554202,150.72,11.45,3,234.16,19 / 20,4013009,2019-09-06 20:26:58:752,-0.2337,0.8488,9.8787,0.0029,0.0043,9.8066,0.0343,0.0838,0.0073,-0.31,-33.5,29.31,352.85,-85.11,173.57
52.390972,-1.554202,150.72,11.45,3,234.16,19 / 20,4013109,2019-09-06 20:26:58:852,-0.2156,0.5975,9.7572,0.0064,0.0002,9.8066,0.0289,0.0777,-0.0123,-0.31,-33.62,29.81,351.62,-85.11,172.45
52.390972,-1.554202,150.72,11.45,3,234.16,19 / 20,4013210,2019-09-06 20:26:58:953,-0.3422,0.3434,9.8683,0.0022,0.0039,9.8066,0.003,0.0706,-0.0081,-0.62,-33.69,29.63,348.61,-85.14,171.64
52.390972,-1.554202,150.72,11.45,3,234.16,19 / 20,4013310,2019-09-06 20:26:59:053,-0.1213,0.2345,9.8196,0.0059,0.0047,9.8066,0.0112,0.0657,0.0003,-0.19,-33.19,29.5,349.92,-85.14,170.89
52.390972,-1.554202,150.72,11.45,3,234.16,18 / 20,4013410,2019-09-06 20:26:59:153,-0.0789,-0.1963,9.7277,0.0055,-0.0017,9.8066,0.0245,0.0657,0.0086,-0.5,-33.37,30.13,348.41,-85.11,169.53
52.390972,-1.554202,150.72,11.45,3,234.16,18 / 20,4013510,2019-09-06 20:26:59:253,-0.1922,-0.4336,9.7008,0.0048,-0.0005,9.8066,0.0079,0.0681,-0.0034,-0.5,-33.44,30.06,347.67,-85.07,168.87
52.390972,-1.554202,150.72,11.45,3,234.16,18 / 20,4013610,2019-09-06 20:26:59:353,-0.1953,-0.3163,9.5759,0.0075,0.0042,9.8066,-0.008,0.0398,-0.0258,-0.69,-32.31,29.81,344.91,-85,168.26
52.390972,-1.554202,150.72,11.45,3,234.16,18 / 20,4013710,2019-09-06 20:26:59:453,-0.134,-0.1633,9.9743,0.0041,-0.0044,9.8066,-0.0183,0.0683,-0.0108,-0.12,-33.12,30,345.58,-85,167
52.390972,-1.554202,150.72,11.45,3,234.16,18 / 20,4013810,2019-09-06 20:26:59:553,-0.0837,-0.4528,10.0065,0.0065,0.0076,9.8066,0.0394,0.0682,0.0004,-0.56,-33,29.81,342.32,-85.03,165.95
52.390972,-1.554202,150.72,11.45,3,234.16,18 / 20,4013909,2019-09-06 20:26:59:652,-0.0879,-0.9011,9.8956,0.0057,0.0063,9.8066,0.0204,0.0649,-0.0135,-0.37,-32.87,30.25,343.31,-85.03,164.94
52.390972,-1.554202,150.72,11.45,3,234.16,18 / 20,4014010,2019-09-06 20:26:59:753,-0.1263,-0.8658,9.9398,0.0068,0.0034,9.8066,0.0372,0.0884,-0.0256,-1.37,-33.31,30.06,339.65,-84.98,163.55
52.390972,-1.554202,150.72,11.45,3,234.16,18 / 20,4014109,2019-09-06 20:26:59:852,-0.0075,-1.2829,9.8556,0.0073,-0.0074,9.8066,0.0125,0.0706,-0.0108,-1.31,-33.19,30.25,339.03,-84.85,163.04
52.390972,-1.554202,150.72,11.45,3,234.16,18 / 20,4014209,2019-09-06 20:26:59:952,0.2547,-2.3765,9.8085,0.0074,-0.0005,9.8066,-0.0048,0.0829,-0.0147,-1.37,-33.25,30.56,338.5,-84.73,162.49
52.390972,-1.554202,150.72,11.45,3,234.16,18 / 20,4014310,2019-09-06 20:27:00:053,0.3411,-2.4843,9.939,0.0048,-0.0012,9.8066,0.0901,0.1012,-0.0221,-1.81,-32.94,30.56,335.54,-84.57,161.72
52.390972,-1.554202,150.72,11.45,3,234.16,18 / 20,4014410,2019-09-06 20:27:00:153,0.5657,-3.2059,9.7815,0.0026,-0.0087,9.8066,-0.0226,0.1094,-0.006,-1.81,-33.06,30.88,335.4,-84.38,161.68
52.390972,-1.554202,150.72,11.45,3,234.16,18 / 20,4014509,2019-09-06 20:27:00:252,0.0825,-2.415,9.6515,0.0072,-0.0036,9.8066,-0.0469,0.1247,-0.0051,-2.5,-32.81,30.44,334.58,-84.3,161.19
52.390972,-1.554202,150.72,11.45,3,234.16,18 / 20,4014609,2019-09-06 20:27:00:352,0.3999,-1.9524,9.51,0.0119,-0.0126,9.8066,-0.0069,0.1285,-0.0147,-2.06,-33.06,30.25,333.45,-84.2,160.23
52.390972,-1.554202,150.72,11.45,3,234.16,18 / 20,4014709,2019-09-06 20:27:00:452,0.7488,-1.9876,9.5361,0.015,-0.0314,9.8066,-0.043,0.1782,-0.0555,-1.69,-32.62,30.75,332.95,-84.06,159.64
52.390972,-1.554202,150.72,11.45,3,234.16,18 / 20,4014809,2019-09-06 20:27:00:552,0.2561,-3.1062,9.7226,0.0076,0.0178,9.8066,0.0445,0.1785,-0.051,-2.06,-32.75,30.88,332.42,-84.01,159.19
52.390972,-1.554202,150.72,11.45,3,234.16,18 / 20,4014909,2019-09-06 20:27:00:652,0.2649,-1.8385,9.7795,0.0076,0.0095,9.8066,0.0478,0.1409,-0.0475,-2.44,-32.5,31.44,330.52,-84.04,157.37
52.390972,-1.554202,150.72,11.45,3,234.16,18 / 20,4015009,2019-09-06 20:27:00:752,0.3402,-1.2375,9.8907,0.0101,-0.0031,9.8066,-0.0288,0.1503,-0.0231,-3.25,-32.69,30.81,326.69,-83.9,155.91
52.390972,-1.554202,150.72,11.45,3,234.16,18 / 20,4015110,2019-09-06 20:27:00:853,0.5999,-2.3131,9.9185,0.0183,-0.0033,9.8065,-0.0316,0.1658,-0.0386,-2.62,-33.12,30.5,325.13,-83.79,154.58
52.390972,-1.554202,150.72,11.45,3,234.16,18 / 20,4015210,2019-09-06 20:27:00:953,0.4439,-1.6845,9.8664,0.0089,0.0024,9.8066,0.0451,0.1401,-0.0439,-3.06,-33.12,30.75,323.31,-83.68,153.01
52.390972,-1.554202,150.72,11.45,3,234.16,18 / 20,4015310,2019-09-06 20:27:01:053,0.2524,-1.5001,9.7876,0.0072,0.0025,9.8066,-0.0019,0.1747,-0.0134,-2.94,-32.5,31.19,322.71,-83.61,152.39
52.390644,-1.554699,150.54,3.61,3,178.33,19 / 20,4015409,2019-09-06 20:27:01:152,0.7834,-1.9815,9.5715,0.0043,0.0051,9.8066,-0.0038,0.1471,-0.0243,-3,-32.25,31.06,322.55,-83.59,152.26
52.390644,-1.554699,150.54,3.61,3,178.33,19 / 20,4015510,2019-09-06 20:27:01:253,0.1625,-1.6678,9.7467,0.0004,0.0072,9.8066,-0.0042,0.154,-0.0259,-4.19,-33.12,31.13,319.11,-83.61,151.07
52.390644,-1.554699,150.54,3.61,3,178.33,19 / 20,4015609,2019-09-06 20:27:01:352,0.572,-1.9597,9.848,0.0093,0.0079,9.8066,-0.0371,0.1699,-0.0252,-4.19,-33.06,30.31,317.5,-83.56,150.03
52.390644,-1.554699,150.54,3.61,3,178.33,19 / 20,4015710,2019-09-06 20:27:01:453,0.3593,-0.7017,9.4072,0.0088,-0.0095,9.8066,-0.0461,0.1409,-0.0038,-3.69,-33.37,30.88,317.26,-83.53,149.44
52.390644,-1.554699,150.54,3.61,3,178.33,19 / 20,4015810,2019-09-06 20:27:01:553,0.2894,-1.2723,9.5791,0.0024,-0.0111,9.8065,0.0521,0.1554,-0.0112,-4.37,-32.12,30.69,317.26,-83.45,149.36
52.390644,-1.554699,150.54,3.61,3,178.33,19 / 20,4015909,2019-09-06 20:27:01:652,0.6189,-1.2954,9.6315,-0.0056,0.0109,9.8066,0.0073,0.1348,0.0165,-4.94,-32.87,30.13,313.92,-83.51,148.65
52.390644,-1.554699,150.54,3.61,3,178.33,19 / 20,4016009,2019-09-06 20:27:01:752,0.4027,-1.653,10.1669,-0.0004,-0.0109,9.8066,0.0036,0.1059,-0.0383,-5.37,-33.37,30.56,315.17,-83.52,149.33
52.390644,-1.554699,150.54,3.61,3,178.33,19 / 20,4016110,2019-09-06 20:27:01:853,-0.4018,-1.2069,9.7016,0.0133,0.0108,9.8065,-0.0136,0.1251,-0.0293,-5.31,-33.12,30.56,313.77,-83.5,148.06
52.390644,-1.554699,150.54,3.61,3,178.33,19 / 20,4016210,2019-09-06 20:27:01:953,-0.2079,-1.4871,9.7489,0.0171,-0.0049,9.8066,-0.0254,0.0794,-0.0086,-5.62,-32.81,30.25,309.97,-83.27,147.05
52.390644,-1.554699,150.54,3.61,3,178.33,19 / 20,4016310,2019-09-06 20:27:02:053,1.2098,-1.9741,10.126,0.0155,0.0085,9.8066,-0.0071,0.1357,-0.0598,-5.44,-32.69,31,312.07,-83.17,146.78
52.390644,-1.554699,150.54,3.61,3,178.33,19 / 20,4016410,2019-09-06 20:27:02:153,0.6518,-2.0328,9.832,0.0044,0.0094,9.8066,-0.072,0.1111,0.0064,-5.37,-32.81,30.31,309.43,-83.06,144.94
52.390644,-1.554699,150.54,3.61,3,178.33,19 / 20,4016510,2019-09-06 20:27:02:253,0.8559,-2.4531,9.4902,0.0059,-0.0442,9.8065,-0.0974,0.07,0.0447,-5.81,-33.12,30.25,309.47,-82.84,146.98
52.390644,-1.554699,150.54,3.61,3,178.33,19 / 20,4016609,2019-09-06 20:27:02:352,-0.2419,-0.3055,9.5315,0.0058,-0.0528,9.8064,0.2053,0.1074,-0.026,-6.06,-32.87,30.81,311.97,-82.77,148.79
52.390644,-1.554699,150.54,3.61,3,178.33,19 / 20,4016709,2019-09-06 20:27:02:452,-0.4169,-0.1484,10.1525,-0.0274,0.0772,9.8062,0.1617,0.0416,-0.0423,-6.12,-32.69,31.19,310.82,-83.05,147.5
52.390644,-1.554699,150.54,3.61,3,178.33,19 / 20,4016810,2019-09-06 20:27:02:553,0.5997,-0.8477,10.1905,0.0578,-0.0837,9.806,-0.0088,-0.0004,-0.1018,-6.44,-33.25,31.19,309.96,-83,146.75
52.390644,-1.554699,150.54,3.61,3,178.33,19 / 20,4016909,2019-09-06 20:27:02:652,0.526,-4.928,10.3515,0.0432,-0.0538,9.8063,0.1803,-0.0371,-0.0672,-5.87,-32.44,30.88,308.08,-82.78,145.04
52.390644,-1.554699,150.54,3.61,3,178.33,19 / 20,4017010,2019-09-06 20:27:02:753,0.259,-3.7211,10.3279,0.0246,-0.0039,9.8065,-0.3783,0.1347,-0.1239,-6.06,-33.19,30.69,305.96,-82.45,143.57
52.390644,-1.554699,150.54,3.61,3,178.33,19 / 20,4017109,2019-09-06 20:27:02:852,0.9439,-3.1462,10.1567,0.0399,-0.0786,9.8062,-0.4544,0.1465,-0.0337,-6.19,-33.62,29.94,304.46,-82.02,143.39
52.390644,-1.554699,150.54,3.61,3,178.33,19 / 20,4017210,2019-09-06 20:27:02:953,-0.2961,-0.2742,9.3607,0.046,-0.0956,9.806,0.2669,0.0344,0.0259,-5.44,-33.37,30.06,306.13,-81.86,143.04
52.390644,-1.554699,150.54,3.61,3,178.33,19 / 20,4017310,2019-09-06 20:27:03:053,-1.1281,-1.2359,10.032,-0.0185,0.1147,9.8059,0.1099,0.0046,0.0529,-5.62,-33,31.38,300.39,-82.27,138.59
52.390644,-1.554699,150.54,3.61,3,178.33,18 / 20,4017410,2019-09-06 20:27:03:153,-0.3996,-0.9152,10.4423,-0.0187,0.0868,9.8062,0.1015,-0.002,-0.039,-4.94,-33.25,30.25,300.83,-82.15,137.9
52.390644,-1.554699,150.54,3.61,3,178.33,18 / 20,4017509,2019-09-06 20:27:03:252,-0.895,-2.2795,9.5565,0.0205,-0.0368,9.8065,0.1718,-0.0985,-0.0383,-4.87,-32.62,30.94,301.13,-81.74,138.03
52.390644,-1.554699,150.54,3.61,3,178.33,18 / 20,4017610,2019-09-06 20:27:03:353,0.1248,-2.6737,9.8873,0.0089,-0.0063,9.8066,-0.2309,-0.1105,0.0306,-5.06,-33.44,31.31,300.34,-81.8,137.26
52.390644,-1.554699,150.54,3.61,3,178.33,18 / 20,4017710,2019-09-06 20:27:03:453,-0.4088,-1.5801,9.4482,0.0102,-0.0369,9.8065,-0.2689,-0.0413,-0.0074,-4.69,-32.75,30.06,299.45,-81.76,137.01
52.390644,-1.554699,150.54,3.61,3,178.33,18 / 20,4017810,2019-09-06 20:27:03:553,-0.6025,-0.7939,8.8877,0.0044,0.0016,9.8066,-0.1807,-0.2946,0.1739,-5,-32.69,30.19,297.88,-82.02,135.28
52.390644,-1.554699,150.54,3.61,3,178.33,18 / 20,4017909,2019-09-06 20:27:03:652,-1.6783,-0.5199,9.0141,-0.0213,-0.0374,9.8065,-0.3106,-0.0591,0.042,-4.87,-33.44,30.19,297.42,-82.35,134.51
52.390644,-1.554699,150.54,3.61,3,178.33,18 / 20,4018010,2019-09-06 20:27:03:753,-2.9084,0.1637,9.4524,0.0042,-0.0671,9.8064,0.2075,-0.1626,0.0616,-5.12,-33.06,30.38,300.56,-82.54,137.25
52.390644,-1.554699,150.54,3.61,3,178.33,18 / 20,4018110,2019-09-06 20:27:03:853,-3.5968,-0.9374,9.5204,-0.025,0.0391,9.8065,0.1285,-0.2879,0.0121,-5,-33.44,30,301.07,-82.96,137.29
52.390644,-1.554699,150.54,3.61,3,178.33,18 / 20,4018209,2019-09-06 20:27:03:952,-1.371,-0.1979,10.4416,-0.0199,0.0247,9.8065,0.1516,-0.1547,0.1363,-4.56,-32.69,30.31,302.63,-82.85,138.86
52.390644,-1.554699,150.54,3.61,3,178.33,18 / 20,4018309,2019-09-06 20:27:04:052,-1.7916,-0.0818,10.8691,0.0006,-0.0234,9.8066,0.152,-0.2279,0.0911,-4.5,-32.94,30.69,305.39,-82.64,139.33
52.390644,-1.554699,150.54,3.61,3,178.33,18 / 20,4018410,2019-09-06 20:27:04:153,-2.5083,-1.9015,8.8883,0.0026,-0.0041,9.8066,-0.1275,-0.2111,0.0408,-4.87,-33.31,30.69,304.12,-82.75,139.83
52.390644,-1.554699,150.54,3.61,3,178.33,18 / 20,4018510,2019-09-06 20:27:04:253,-1.9767,-0.4665,9.2844,0.0013,-0.027,9.8065,-0.1405,-0.2217,0.0365,-3.62,-32.5,30.06,304.18,-82.96,138.17
52.390644,-1.554699,150.54,3.61,3,178.33,18 / 20,4018609,2019-09-06 20:27:04:352,-1.9062,-1.0746,10.3378,-0.007,0.0025,9.8066,0.0357,-0.2164,0.0532,-3.5,-32.94,29.75,306.12,-83.16,138.1
52.390644,-1.554699,150.54,3.61,3,178.33,18 / 20,4018709,2019-09-06 20:27:04:452,-3.1793,-0.77,10.8511,-0.0201,-0.0181,9.8066,-0.0309,-0.2791,0.073,-3.12,-32.69,30.19,308.38,-83.45,139.91
52.390644,-1.554699,150.54,3.61,3,178.33,18 / 20,4018810,2019-09-06 20:27:04:553,-2.4712,-1.0374,9.9655,0.0005,-0.0322,9.8065,0.0668,-0.2197,0.019,-3.12,-32.81,30.5,310.97,-83.42,141.97
52.390644,-1.554699,150.54,3.61,3,178.33,18 / 20,4018910,2019-09-06 20:27:04:653,-1.7373,-0.9561,9.3116,-0.0082,-0.0323,9.8065,0.0424,-0.2516,0.0254,-2.25,-33.06,31.06,315.12,-83.15,144.16
52.390644,-1.554699,150.54,3.61,3,178.33,18 / 20,4019009,2019-09-06 20:27:04:752,-2.4702,-1.9335,9.2412,-0.0059,-0.0132,9.8066,0.0345,-0.3439,0.0737,-1.75,-33.06,31.31,318.64,-82.88,147.57
52.390644,-1.554699,150.54,3.61,3,178.33,18 / 20,4019110,2019-09-06 20:27:04:853,-1.5251,-0.7809,10.0481,-0.016,0.0215,9.8065,-0.0568,-0.1868,0.0067,-1.94,-32.44,31.38,320,-83.14,148.44
52.390644,-1.554699,150.54,3.61,3,178.33,18 / 20,4019209,2019-09-06 20:27:04:952,-3.042,-1.2927,9.6972,-0.0115,0.021,9.8066,-0.067,-0.2932,-0.0076,-0.62,-32.62,31,320.96,-83.38,147.44
52.390644,-1.554699,150.54,3.61,3,178.33,18 / 20,4019313,2019-09-06 20:27:05:056,-3.1996,-1.726,9.0922,0.0026,0.0078,9.8066,0.0264,-0.3035,0.0499,-0.56,-33.19,29.81,319.31,-83.65,145.95
52.390644,-1.554699,150.54,3.61,3,178.33,18 / 20,4019410,2019-09-06 20:27:05:153,-3.4379,-0.9731,9.5037,-0.0073,-0.0035,9.8066,-0.0373,-0.2718,0.0048,0.06,-32.5,30.88,322.33,-83.75,146.44
52.390644,-1.554699,150.54,3.61,3,178.33,18 / 20,4019509,2019-09-06 20:27:05:252,-3.5184,-0.9255,9.8884,-0.0128,0.0063,9.8065,-0.0375,-0.3168,0.0832,0.44,-32.94,30.31,322.24,-83.94,146.49
52.390644,-1.554699,150.54,3.61,3,178.33,18 / 20,4019609,2019-09-06 20:27:05:352,-3.73,-1.0944,9.5597,0.0069,0.0048,9.8066,-0.0224,-0.3005,-0.0099,1.5,-33.12,29.19,325.28,-84.1,145.3
52.390644,-1.554699,150.54,3.61,3,178.33,18 / 20,4019709,2019-09-06 20:27:05:452,-3.0017,-0.6581,9.0437,-0.0073,-0.0013,9.8066,0.0078,-0.3401,0.0822,1.31,-32.31,29.13,323.6,-84.21,145.56
52.390644,-1.554699,150.54,3.61,3,178.33,18 / 20,4019810,2019-09-06 20:27:05:553,-3.0463,-0.8854,9.8076,-0.0119,0.0241,9.8065,-0.0143,-0.2847,0.021,1.88,-32.69,28.81,326.99,-84.42,146.62
52.390644,-1.554699,150.54,3.61,3,178.33,18 / 20,4019910,2019-09-06 20:27:05:653,-3.2458,-0.0093,9.9745,-0.0002,-0.0028,9.8066,-0.0363,-0.3221,0.0444,3.19,-33.56,29,330.06,-84.53,147.45
52.390644,-1.554699,150.54,3.61,3,178.33,18 / 20,4020010,2019-09-06 20:27:05:753,-2.7695,-0.2255,9.5827,-0.0055,-0.0162,9.8066,0.0338,-0.2945,0.0596,2.94,-33.19,28.13,330.84,-84.5,147.98
52.390644,-1.554699,150.54,3.61,3,178.33,18 / 20,4020109,2019-09-06 20:27:05:852,-3.4318,-1.1822,9.6153,-0.0167,-0.0251,9.8066,-0.0211,-0.2943,0.0225,3.25,-33.37,28.5,333.01,-84.46,150.06
52.390644,-1.554699,150.54,3.61,3,178.33,18 / 20,4020209,2019-09-06 20:27:05:952,-2.9086,-0.5052,9.6648,-0.0056,0.0103,9.8066,-0.0105,-0.2981,0.0422,3.56,-33,28.5,337.13,-84.58,151.74
52.390644,-1.554699,150.54,3.61,3,178.33,18 / 20,4020310,2019-09-06 20:27:06:053,-2.617,-1.2258,9.9586,-0.0106,0.0225,9.8066,0.0574,-0.2993,0.0433,4.38,-33.37,28.06,338.48,-84.72,152.69
52.390644,-1.554699,150.54,3.61,3,178.33,18 / 20,4020410,2019-09-06 20:27:06:153,-3.6161,-1.2216,10.0453,-0.0106,-0.0319,9.8065,-0.0945,-0.3307,0.0407,4.5,-33.87,27.31,343,-84.74,154.48
52.390644,-1.554699,150.54,3.61,3,178.33,18 / 20,4020509,2019-09-06 20:27:06:252,-1.517,-1.3171,9.7513,-0.0068,-0.0389,9.8065,-0.1307,-0.2573,0.0563,5.19,-33.5,27.56,342.91,-84.73,154.65
52.390644,-1.554699,150.54,3.61,3,178.33,18 / 20,4020610,2019-09-06 20:27:06:353,-3.5786,-1.3018,9.7393,0.0027,0.0258,9.8066,0.0041,-0.3067,0.0297,5.88,-33.56,26.94,349.1,-84.81,157.82
52.390644,-1.554699,150.54,3.61,3,178.33,18 / 20,4020709,2019-09-06 20:27:06:452,-2.4816,-1.7422,9.7885,-0.0023,0.0039,9.8066,0.057,-0.3096,0.0247,5.81,-33.31,27.06,349.96,-84.85,158.54
52.390644,-1.554699,150.54,3.61,3,178.33,18 / 20,4020810,2019-09-06 20:27:06:553,-2.9927,-1.5973,10.1485,-0.0042,0.0019,9.8066,-0.0366,-0.3716,0.0829,6.5,-33.81,26.69,352.71,-84.72,159.02
52.390644,-1.554699,150.54,3.61,3,178.33,18 / 20,4020910,2019-09-06 20:27:06:653,-1.814,0.0442,9.3824,0.0253,-0.0138,9.8066,-0.079,-0.1998,-0.0329,6.75,-33.69,25.88,351.88,-84.59,157.81
52.390644,-1.554699,150.54,3.61,3,178.33,18 / 20,4021010,2019-09-06 20:27:06:753,-1.5288,-0.7629,9.7297,0.0059,-0.0026,9.8066,-0.0122,-0.1667,-0.0054,7.06,-33.5,25.81,350.81,-84.51,156.86
52.390644,-1.554699,150.54,3.61,3,178.33,18 / 20,4021110,2019-09-06 20:27:06:853,-1.8178,-0.0289,9.2148,0.009,0.0059,9.8066,-0.0245,-0.1821,-0.0075,8.06,-33.5,26.06,351.72,-84.42,155.63
52.390644,-1.554699,150.54,3.61,3,178.33,18 / 20,4021209,2019-09-06 20:27:06:952,-1.196,-0.5043,9.7969,0.0034,0.0059,9.8066,0.0788,-0.1397,0.014,8,-33.62,25.31,351.52,-84.38,154.88
52.390644,-1.554699,150.54,3.61,3,178.33,18 / 20,4021309,2019-09-06 20:27:07:052,-1.0658,0.4533,10.2224,0.012,-0.0021,9.8065,0.0975,-0.1089,-0.0287,7.88,-33.44,25.69,349.5,-84.3,153.71
52.390644,-1.554699,150.54,3.61,3,178.33,18 / 19,4021410,2019-09-06 20:27:07:153,-0.7576,-0.4452,9.6488,-0.0124,-0.0078,9.8066,0.0006,-0.0947,0.0212,8,-33,25.56,349.41,-84.24,153.64
52.390644,-1.554699,150.54,3.61,3,178.33,18 / 19,4021509,2019-09-06 20:27:07:252,-1.2284,-1.5261,10.2651,-0.0089,-0.0029,9.8066,0.0392,-0.0712,0.0212,8.13,-33.19,25.06,351.96,-84.16,155.28
52.390644,-1.554699,150.54,3.61,3,178.33,18 / 19,4021610,2019-09-06 20:27:07:353,-2.1869,-0.6035,10.296,-0.0301,-0.0403,9.8065,-0.0556,-0.0612,0.028,8.13,-33.69,24.69,356.01,-84.06,158.82
52.390644,-1.554699,150.54,3.61,3,178.33,18 / 19,4021710,2019-09-06 20:27:07:453,-1.4399,0.1074,9.5239,-0.0145,-0.021,9.8065,0.0111,-0.1352,0.1167,8.44,-33.81,25.5,355.92,-84.11,159.36
52.390644,-1.554699,150.54,3.61,3,178.33,18 / 19,4021810,2019-09-06 20:27:07:553,0.1254,-1.0433,9.6542,-0.0214,0.0288,9.8066,-0.0284,-0.1205,0.107,8.19,-34.25,25.13,0.72,-84.21,162.88
52.390644,-1.554699,150.54,3.61,3,178.33,18 / 19,4021910,2019-09-06 20:27:07:653,-2.1822,-1.0166,10.5907,-0.0263,0.0129,9.8065,-0.0919,-0.0742,0.0561,7.69,-33.56,25.25,5.33,-84.2,166.86
52.390644,-1.554699,150.54,3.61,3,178.33,18 / 19,4022009,2019-09-06 20:27:07:752,0.7028,0.1953,9.3526,-0.005,-0.0222,9.8065,-0.0342,-0.0369,-0.0473,8.25,-34.06,24.63,6.09,-84.32,167.54
52.390644,-1.554699,150.54,3.61,3,178.33,18 / 19,4022109,2019-09-06 20:27:07:852,-0.709,0.7719,9.4267,-0.004,-0.0052,9.8066,0.0453,-0.1246,0.1369,8.31,-33.31,24.69,5.33,-84.29,166.89
52.390644,-1.554699,150.54,3.61,3,178.33,18 / 19,4022210,2019-09-06 20:27:07:953,-0.7333,-0.3615,9.6507,-0.0163,0.0194,9.8065,-0.073,-0.0358,0.0418,7.25,-34.12,24.25,8.7,-84.41,171.25
52.390644,-1.554699,150.54,3.61,3,178.33,18 / 19,4022310,2019-09-06 20:27:08:053,-0.6828,-0.4491,9.6886,-0.0011,-0.0037,9.8066,-0.1357,0.0143,-0.1157,7.81,-34,24.69,10.85,-84.45,171.71
52.390644,-1.554699,150.54,3.61,3,178.33,19 / 20,4022410,2019-09-06 20:27:08:153,1.7756,-0.4052,9.4342,0.0089,-0.0115,9.8066,0.1521,-0.0524,0.0202,8.06,-33.44,24.25,8.29,-84.35,168.75
52.390644,-1.554699,150.54,3.61,3,178.33,19 / 20,4022510,2019-09-06 20:27:08:253,0.3687,0.5667,9.742,-0.0024,-0.0171,9.8066,0.0276,0.0432,0.0257,8.19,-33.75,24.75,6.27,-84.16,167.67
52.390644,-1.554699,150.54,3.61,3,178.33,19 / 20,4022610,2019-09-06 20:27:08:353,0.3499,-0.44,9.096,-0.0222,0.0169,9.8065,0.0607,-0.0082,0.003,7.88,-34.5,24.56,10.11,-84.07,170.97
52.390644,-1.554699,150.54,3.61,3,178.33,19 / 20,4022709,2019-09-06 20:27:08:452,-0.9628,-0.1213,9.8635,0.0084,0.0258,9.8066,-0.0221,-0.0657,0.0551,7.88,-34.31,24.56,11.77,-84.3,172.46
52.390644,-1.554699,150.54,3.61,3,178.33,19 / 20,4022809,2019-09-06 20:27:08:552,1.6728,-0.1693,9.4088,-0.0142,0.0065,9.8066,-0.0512,-0.053,0.1011,7.31,-34.06,24.19,13.5,-84.58,175.46
52.390644,-1.554699,150.54,3.61,3,178.33,19 / 20,4022910,2019-09-06 20:27:08:653,0.0544,1.159,9.8914,-0.014,-0.0187,9.8066,0.0479,-0.025,-0.0349,7.44,-33.75,24.19,15.98,-84.72,177.68
52.390644,-1.554699,150.54,3.61,3,178.33,19 / 20,4023009,2019-09-06 20:27:08:752,-0.2653,1.5076,10.2511,-0.0168,0.0215,9.8066,0.2647,-0.0306,0.0255,7.38,-33.81,24.06,18.91,-84.75,-179.73
52.390644,-1.554699,150.54,3.61,3,178.33,19 / 20,4023109,2019-09-06 20:27:08:852,-0.2085,-0.6378,9.8772,-0.0015,-0.0057,9.8066,0.1861,0.003,0.0284,6.63,-34.12,24.31,19.9,-84.5,-178.99
52.390644,-1.554699,150.54,3.61,3,178.33,19 / 20,4023210,2019-09-06 20:27:08:953,-0.9938,-0.8481,10.319,0.0056,0.0079,9.8066,-0.0359,0.0253,-0.0823,6.69,-33.81,24.44,19.85,-84.33,-179.12
52.390644,-1.554699,150.54,3.61,3,178.33,19 / 20,4023310,2019-09-06 20:27:09:053,-0.542,-0.8751,10.1917,0.0063,0.0279,9.8066,0.0687,-0.0251,0.0048,7.13,-33,24.38,18.68,-84.49,-179.99
52.390644,-1.554699,150.54,3.61,3,178.33,19 / 20,4023410,2019-09-06 20:27:09:153,0.7558,-1.0531,9.5904,-0.0103,-0.039,9.8065,-0.0891,-0.0334,0.0299,6.81,-33.19,24.06,17.86,-84.39,179.25
52.390644,-1.554699,150.54,3.61,3,178.33,19 / 20,4023509,2019-09-06 20:27:09:252,-0.2045,-1.0772,9.548,-0.0008,-0.0192,9.8066,-0.1014,0.0599,-0.0229,6.5,-33.56,24.56,16.85,-84.37,179
52.390644,-1.554699,150.54,3.61,3,178.33,19 / 20,4023610,2019-09-06 20:27:09:353,-0.4718,0.4564,9.8124,0.0083,0.0155,9.8066,0.0723,-0.0164,0.0169,6.56,-33.94,23.63,18.14,-84.4,179.43
52.390644,-1.554699,150.54,3.61,3,178.33,19 / 20,4023709,2019-09-06 20:27:09:452,0.3691,-0.0092,9.9176,0.002,0.0241,9.8066,0.0312,0.0656,-0.0336,7.38,-34,24.25,19.03,-84.59,-179.71
52.390644,-1.554699,150.54,3.61,3,178.33,19 / 20,4023809,2019-09-06 20:27:09:552,0.3224,-1.4637,10.0439,0.0028,-0.0013,9.8066,-0.0179,0.0441,0.0322,6.56,-33.75,24.31,18.28,-84.59,179.64
52.390644,-1.554699,150.54,3.61,3,178.33,19 / 20,4023910,2019-09-06 20:27:09:653,-0.1029,0.0414,9.7414,-0.0037,-0.0067,9.8066,-0.0461,0.0101,0.0159,6.5,-34.25,23.94,18.8,-84.5,-179.95
52.390644,-1.554699,150.54,3.61,3,178.33,19 / 20,4024010,2019-09-06 20:27:09:753,0.0615,-0.5313,9.6819,0.0033,-0.0099,9.8066,-0.1052,0.0082,-0.0092,6.31,-34,24.5,15.18,-84.49,179.71
52.390644,-1.554699,150.54,3.61,3,178.33,19 / 20,4024109,2019-09-06 20:27:09:852,-0.144,-0.5512,9.7942,-0.0131,-0.0163,9.8066,-0.0811,0.0452,0.0298,6.69,-34.62,24.19,19.71,-84.44,-179.26
52.390644,-1.554699,150.54,3.61,3,178.33,19 / 20,4024210,2019-09-06 20:27:09:953,0.4811,0.1484,10.0745,-0.002,0.0022,9.8065,0.0412,0.0703,-0.0236,6.94,-34.31,25,18.97,-84.41,-179.13
52.390644,-1.554699,150.54,3.61,3,178.33,19 / 20,4024309,2019-09-06 20:27:10:052,-0.4437,-0.0074,10.0121,-0.0021,0.0171,9.8066,0.0083,0.0019,-0.0115,6,-34.94,24.69,16.92,-84.44,-178.85
52.390102,-1.555034,150.46,9.89,4,219.45,19 / 20,4024410,2019-09-06 20:27:10:153,-0.4657,-0.6211,9.8979,-0.0126,-0.0242,9.8065,-0.0874,0.111,-0.0096,6.75,-35,25.13,19.26,-84.33,-178.99
52.390102,-1.555034,150.46,9.89,4,219.45,19 / 20,4024510,2019-09-06 20:27:10:253,0.5954,0.3078,9.2394,0.0021,-0.0026,9.8066,0.0859,0.0352,0.0343,6.38,-34.5,24.25,18.73,-84.18,-177.96
52.390102,-1.555034,150.46,9.89,4,219.45,19 / 20,4024610,2019-09-06 20:27:10:353,-0.1012,1.2387,9.8674,0.0089,0.0335,9.8066,0.0269,0.0149,0.0525,6.69,-35.06,24.75,20.99,-84.27,-177.51
52.390102,-1.555034,150.46,9.89,4,219.45,19 / 20,4024710,2019-09-06 20:27:10:453,0.2733,0.3799,9.9724,-0.0031,0.0198,9.8065,0.02,0.0316,-0.0128,6.25,-34.19,24.94,19.69,-84.3,-176.44
52.390102,-1.555034,150.46,9.89,4,219.45,19 / 20,4024810,2019-09-06 20:27:10:553,0.8978,0.4795,9.6962,-0.0099,-0.0092,9.8066,0.0504,0.0124,0.0407,6,-35.12,24.69,18.85,-84.33,-177.22
52.390102,-1.555034,150.46,9.89,4,219.45,19 / 20,4024909,2019-09-06 20:27:10:652,0.5385,0.5563,10.0647,-0.0044,0.0092,9.8065,-0.0653,0.0459,-0.031,6,-34.87,25.13,20.84,-84.31,-175.5
52.390102,-1.555034,150.46,9.89,4,219.45,19 / 20,4025009,2019-09-06 20:27:10:752,0.1193,0.7891,10.0643,0.0001,0.0034,9.8066,0.0563,-0.0008,0.0439,5.94,-34.94,24.69,20.99,-84.26,-175.4
52.390102,-1.555034,150.46,9.89,4,219.45,19 / 20,4025110,2019-09-06 20:27:10:853,-0.0413,1.4889,10.3079,-0.0083,0.0067,9.8066,0.0145,0.0069,0.0071,6.19,-34.69,24.56,22.2,-84.18,-174.39
52.390102,-1.555034,150.46,9.89,4,219.45,19 / 20,4025210,2019-09-06 20:27:10:953,0.0855,0.7006,9.2985,-0.016,-0.0287,9.8066,-0.0716,-0.0024,0.0117,5.5,-34.75,24.44,24.38,-83.94,-173.31
52.390102,-1.555034,150.46,9.89,4,219.45,19 / 20,4025311,2019-09-06 20:27:11:054,-0.5792,0.5432,9.839,-0.0159,-0.0429,9.8064,-0.0274,0.0182,-0.0086,5.5,-34.62,24.63,24.74,-83.86,-172.37
52.390102,-1.555034,150.46,9.89,4,219.45,19 / 20,4025409,2019-09-06 20:27:11:152,0.1397,0.3992,9.8565,-0.0088,-0.0018,9.8065,-0.088,0.0254,-0.0445,5.44,-34.37,25.25,22.9,-83.92,-171.68
52.390102,-1.555034,150.46,9.89,4,219.45,19 / 20,4025509,2019-09-06 20:27:11:252,0.1249,-0.5316,10.1619,-0.0006,-0.0062,9.8066,0.0905,-0.0284,0.0564,6.25,-34.62,24.81,25.87,-83.83,-171.42
52.390102,-1.555034,150.46,9.89,4,219.45,19 / 20,4025609,2019-09-06 20:27:11:352,0.0511,-0.037,9.8328,0.0023,0.0086,9.8066,0.0335,-0.0334,-0.0382,5.88,-34.5,24.63,26.27,-83.8,-170.99
52.390102,-1.555034,150.46,9.89,4,219.45,19 / 20,4025709,2019-09-06 20:27:11:452,-0.8927,0.2047,10.3131,-0.0078,0.0008,9.8066,-0.0424,-0.0465,0.0104,6.13,-34.25,25.13,26.22,-83.75,-171.06
52.390102,-1.555034,150.46,9.89,4,219.45,19 / 20,4025810,2019-09-06 20:27:11:553,-1.1388,-0.0978,10.0732,-0.0045,-0.0013,9.8065,0.1021,-0.0563,-0.0532,6.06,-34.75,24.19,28.04,-83.8,-170.26
52.390102,-1.555034,150.46,9.89,4,219.45,19 / 20,4025910,2019-09-06 20:27:11:653,-1.2375,-0.8558,9.9988,0.0152,0.0174,9.8066,-0.2142,-0.0905,-0.0203,5.94,-34.5,24.5,26.93,-83.84,-170.39
52.390102,-1.555034,150.46,9.89,4,219.45,19 / 20,4026010,2019-09-06 20:27:11:753,-3.8473,-3.9761,12.2732,-0.0146,-0.0804,9.8063,0.2755,-0.3171,0.256,6.31,-34.31,24,26.14,-83.48,-171.99
52.390102,-1.555034,150.46,9.89,4,219.45,19 / 20,4026109,2019-09-06 20:27:11:852,0.5572,5.656,7.6467,-0.0647,-0.1479,9.8052,-0.6496,-0.0587,0.0207,6.56,-34.06,24.81,30.29,-83.24,-169.99
52.390102,-1.555034,150.46,9.89,4,219.45,19 / 20,4026209,2019-09-06 20:27:11:952,1.8931,3.6786,7.658,-0.0277,-0.0811,9.8063,-0.8411,0.174,-0.1209,7.06,-34.19,23.69,29.48,-83.36,-171.39
52.390102,-1.555034,150.46,9.89,4,219.45,19 / 20,4026310,2019-09-06 20:27:12:053,4.5871,3.698,7.4129,-0.0934,-0.2382,9.8033,0.5026,0.0415,0.1031,6.94,-34.81,23.19,29.5,-82.69,-172.87
52.390102,-1.555034,150.46,9.89,4,219.45,18 / 19,4026410,2019-09-06 20:27:12:153,2.2922,2.1525,9.3283,0.02,0.1892,9.8047,-0.1059,-0.0129,0.0051,7,-34.12,23.5,25.56,-82.81,-175.1
52.390102,-1.555034,150.46,9.89,4,219.45,18 / 19,4026509,2019-09-06 20:27:12:252,0.0621,-1.2063,9.6563,0.0306,0.0715,9.8063,0.3567,-0.0397,-0.0215,7.63,-34,24.25,32.3,-83.45,-171.01
52.390102,-1.555034,150.46,9.89,4,219.45,18 / 19,4026610,2019-09-06 20:27:12:353,-1.1806,-4.1909,10.542,0.0119,-0.0181,9.8066,0.132,-0.0699,0.1069,7.63,-33.5,24.5,29.99,-83.54,-171.97
52.390102,-1.555034,150.46,9.89,4,219.45,18 / 19,4026709,2019-09-06 20:27:12:452,-2.0659,0.0603,10.5799,0.0026,-0.0228,9.8066,-0.2031,-0.003,-0.0229,7.69,-34.31,24.38,31.56,-83.64,-171.51
52.390102,-1.555034,150.46,9.89,4,219.45,18 / 19,4026810,2019-09-06 20:27:12:553,0.5761,3.7369,8.752,-0.0183,-0.0389,9.8065,-0.4177,-0.0155,-0.0252,7.81,-33.75,24.13,33.76,-83.44,-169.75
52.390102,-1.555034,150.46,9.89,4,219.45,18 / 19,4026910,2019-09-06 20:27:12:653,-0.1663,2.6664,8.5655,-0.0033,-0.1029,9.8061,0.2968,0.0542,0.0883,8.06,-34.75,24.31,31.75,-83.25,-171.78
52.390102,-1.555034,150.46,9.89,4,219.45,18 / 19,4027010,2019-09-06 20:27:12:753,-0.0775,0.4801,8.9538,0.0107,0.0791,9.8063,-0.0511,-0.0157,-0.1434,6.94,-34.87,24.5,30.79,-83.12,-169.79
52.390102,-1.555034,150.46,9.89,4,219.45,18 / 19,4027110,2019-09-06 20:27:12:853,0.4734,1.8313,10.6731,0.0086,0.0235,9.8065,0.2088,-0.0398,-0.0104,6.81,-35.06,24.81,31.82,-83.49,-168.62
52.390102,-1.555034,150.46,9.89,4,219.45,18 / 19,4027210,2019-09-06 20:27:12:953,0.176,1.1201,10.5522,0.014,0.0256,9.8065,0.1226,-0.0517,-0.0097,6.31,-34.44,24.13,30,-83.66,-168.55
52.390102,-1.555034,150.46,9.89,4,219.45,18 / 19,4027310,2019-09-06 20:27:13:053,-0.4215,0.8669,10.1614,0.0132,0.0391,9.8065,-0.1277,-0.0241,0.0025,6.56,-34.31,24.44,32.65,-83.74,-168.36
52.390102,-1.555034,150.46,9.89,4,219.45,18 / 19,4027410,2019-09-06 20:27:13:153,-0.9242,-1.3925,10.07,-0.0139,-0.0183,9.8066,-0.2024,-0.0519,-0.0189,6.69,-34.56,23.56,33.74,-83.77,-167.53
52.390102,-1.555034,150.46,9.89,4,219.45,18 / 19,4027510,2019-09-06 20:27:13:253,0.3052,1.5372,10.138,-0.0038,-0.0239,9.8065,0.0544,-0.0597,0.0072,6.88,-34,24.19,33.5,-83.69,-167.67
52.390102,-1.555034,150.46,9.89,4,219.45,18 / 19,4027610,2019-09-06 20:27:13:353,0.1522,1.6445,10.1426,-0.0034,-0.0054,9.8066,-0.0187,0.0565,-0.0175,7.06,-34.5,23.69,33.62,-83.71,-167.54
52.390102,-1.555034,150.46,9.89,4,219.45,18 / 19,4027710,2019-09-06 20:27:13:453,0.3374,2.3314,9.5311,-0.0129,0.0127,9.8066,-0.0165,0.1005,-0.0307,7.38,-34.37,23.94,34.13,-83.77,-167.05
52.390102,-1.555034,150.46,9.89,4,219.45,18 / 19,4027810,2019-09-06 20:27:13:553,-0.856,2.5419,9.8947,-0.0039,-0.0098,9.8065,-0.0196,-0.0994,0.0766,6.75,-35.62,24,34.95,-83.64,-166.73
52.390102,-1.555034,150.46,9.89,4,219.45,18 / 19,4027910,2019-09-06 20:27:13:653,0.5805,1.1742,9.9291,-0.0052,-0.003,9.8066,0.0361,-0.0494,-0.0217,6.63,-35.25,24,35.62,-83.65,-166
52.390102,-1.555034,150.46,9.89,4,219.45,18 / 19,4028010,2019-09-06 20:27:13:753,0.7299,2.4817,10.1777,0.0002,0.0052,9.8066,0.0824,-0.0299,0.019,6.31,-35.44,24.38,32.99,-83.6,-166.15
52.390102,-1.555034,150.46,9.89,4,219.45,18 / 19,4028110,2019-09-06 20:27:13:853,-0.3972,1.4831,9.7614,-0.0005,0.0062,9.8066,-0.0757,-0.0453,0.0165,6.81,-35.12,24,36.02,-83.58,-165.71
52.390102,-1.555034,150.46,9.89,4,219.45,18 / 19,4028210,2019-09-06 20:27:13:953,1.2847,1.9459,9.61,-0.0138,-0.005,9.8065,-0.0822,0.0134,-0.0672,6.88,-34.75,24.13,36.76,-83.5,-165.13
52.390102,-1.555034,150.46,9.89,4,219.45,18 / 19,4028310,2019-09-06 20:27:14:053,0.2451,3.4141,9.4233,0.0035,-0.0354,9.8065,0.073,0.0017,-0.0185,7,-35.5,23.63,35.62,-83.43,-166.18
52.390102,-1.555034,150.46,9.89,4,219.45,18 / 19,4028410,2019-09-06 20:27:14:153,0.9627,2.0304,9.6966,0.0065,0.042,9.8065,0.1044,0.004,0.0169,7.25,-34.56,23.31,37.6,-83.66,-165.14
52.390102,-1.555034,150.46,9.89,4,219.45,18 / 19,4028509,2019-09-06 20:27:14:252,1.3115,1.4127,9.4679,0.0093,0.0205,9.8066,0.0642,-0.032,0.0512,6.44,-35,23.75,34.57,-83.56,-164.81
52.390102,-1.555034,150.46,9.89,4,219.45,18 / 19,4028610,2019-09-06 20:27:14:353,0.8119,1.9601,10.4565,0.0013,0.0007,9.8066,0.0698,0.0762,-0.0975,6.94,-35.44,23.88,37.07,-83.58,-164.78
52.390102,-1.555034,150.46,9.89,4,219.45,18 / 19,4028710,2019-09-06 20:27:14:453,1.5923,1.8354,9.485,0.0162,-0.0052,9.8065,-0.0902,0.0109,-0.0215,6.88,-35.5,24,35.31,-83.69,-166.23
52.390102,-1.555034,150.46,9.89,4,219.45,18 / 19,4028810,2019-09-06 20:27:14:553,0.1319,3.0224,10.1503,0.0049,0.0125,9.8066,-0.0093,0.0055,0.0281,6.69,-35.94,24.19,36.08,-83.79,-165.61
52.390102,-1.555034,150.46,9.89,4,219.45,18 / 19,4028910,2019-09-06 20:27:14:653,0.8398,2.3021,10.0819,0.0136,0.0272,9.8066,-0.015,0.0634,-0.0173,6.25,-35.12,23.56,32.9,-83.88,-165.99
52.390102,-1.555034,150.46,9.89,4,219.45,18 / 19,4029010,2019-09-06 20:27:14:753,0.7342,1.5996,9.7864,-0.0131,-0.0087,9.8066,-0.0104,0.0289,-0.003,6.38,-34.19,24.19,33.03,-83.77,-165.83
52.390102,-1.555034,150.46,9.89,4,219.45,18 / 19,4029111,2019-09-06 20:27:14:854,0.9791,2.0024,9.8621,0.0014,0.0008,9.8066,0.0334,-0.0064,-0.0013,6.38,-35.19,23.56,33.79,-83.85,-165.25
52.390102,-1.555034,150.46,9.89,4,219.45,18 / 19,4029210,2019-09-06 20:27:14:953,0.8631,0.5625,10.1067,0.0062,0.0007,9.8066,0.0401,0.0116,-0.0027,6.25,-34.81,23.25,34.4,-83.86,-165.48
52.390102,-1.555034,150.46,9.89,4,219.45,18 / 19,4029309,2019-09-06 20:27:15:052,0.5934,0.6903,9.5415,0.0041,-0.0014,9.8066,0.0295,0.0429,-0.0413,6.81,-34.87,24.13,35.39,-83.87,-166
52.390102,-1.555034,150.46,9.89,4,219.45,19 / 20,4029410,2019-09-06 20:27:15:153,0.8474,-0.1025,10.0055,0.0131,0.0174,9.8066,0.035,0.0779,0.0017,6.56,-35.06,24.38,33.56,-83.97,-167.52
52.390102,-1.555034,150.46,9.89,4,219.45,19 / 20,4029509,2019-09-06 20:27:15:252,0.4037,0.0084,10.6382,0.0021,0.0164,9.8066,-0.0026,0.0918,-0.0324,7.13,-35.12,24.5,33,-83.94,-167.24
52.390102,-1.555034,150.46,9.89,4,219.45,19 / 20,4029612,2019-09-06 20:27:15:355,-0.2102,-0.8379,9.944,-0.0043,-0.0153,9.8066,0.0089,0.0806,0.004,6.56,-34.56,24.75,33.4,-83.88,-166.94
52.390102,-1.555034,150.46,9.89,4,219.45,19 / 20,4029709,2019-09-06 20:27:15:452,0.4181,0.5763,9.768,0.0013,-0.0009,9.8066,-0.0117,0.1209,0.0125,6.13,-34.31,24.06,31.4,-83.91,-167.14
52.390102,-1.555034,150.46,9.89,4,219.45,19 / 20,4029809,2019-09-06 20:27:15:552,1.0739,-0.691,9.665,0.0006,0.0046,9.8066,0.0104,0.1204,-0.0596,6.5,-34.69,24.69,33.68,-83.92,-166.65
52.390102,-1.555034,150.46,9.89,4,219.45,19 / 20,4029909,2019-09-06 20:27:15:652,0.3636,-0.3078,9.494,0.0119,0.0003,9.8065,0.0304,0.0921,-0.02,5.75,-34.62,24.56,30.54,-83.97,-167.28
52.390102,-1.555034,150.46,9.89,4,219.45,19 / 20,4030009,2019-09-06 20:27:15:752,0.7994,-0.3064,9.8415,0.0036,0.0039,9.8066,0.0155,0.1206,-0.0071,6.5,-34.19,24.56,31.81,-84,-168.11
52.390102,-1.555034,150.46,9.89,4,219.45,19 / 20,4030109,2019-09-06 20:27:15:852,0.1796,-0.6888,10.0038,0.0019,-0.0008,9.8066,0.031,0.1061,-0.0399,6.19,-34.69,25.5,28.73,-84.06,-168.14
52.390102,-1.555034,150.46,9.89,4,219.45,19 / 20,4030210,2019-09-06 20:27:15:953,-0.0301,-0.515,10.0675,-0.0123,-0.0051,9.8066,-0.0509,0.1335,0.0217,6,-34.81,24.88,29.21,-84.09,-168.34
52.390102,-1.555034,150.46,9.89,4,219.45,19 / 20,4030310,2019-09-06 20:27:16:053,0.4208,-1.0088,9.593,-0.0016,-0.007,9.8066,-0.0005,0.1206,-0.0225,5.94,-34.31,25.44,29.24,-84.1,-168.19
52.390102,-1.555034,150.46,9.89,4,219.45,19 / 20,4030410,2019-09-06 20:27:16:153,0.7464,-0.3778,9.6888,0.0145,0.016,9.8065,0.0588,0.122,-0.0096,6,-34.62,25.75,27.52,-84.05,-169.21
52.390102,-1.555034,150.46,9.89,4,219.45,19 / 20,4030512,2019-09-06 20:27:16:255,-0.1024,-0.7169,10.2563,0.0007,0.0039,9.8066,0.0425,0.1149,-0.0352,5.69,-34.31,26.06,26.17,-84.08,-170.28
52.390102,-1.555034,150.46,9.89,4,219.45,19 / 20,4030610,2019-09-06 20:27:16:353,1.2285,-0.5865,10.0831,0.0057,-0.0054,9.8066,0.058,0.126,-0.0225,5.44,-34.06,25.63,22.14,-84.01,-171.75
52.390102,-1.555034,150.46,9.89,4,219.45,19 / 20,4030709,2019-09-06 20:27:16:452,-0.5838,-1.1384,10.0481,-0.011,-0.0012,9.8066,0.0031,0.074,-0.043,5.25,-34.12,25.69,23.08,-83.88,-171
52.390102,-1.555034,150.46,9.89,4,219.45,19 / 20,4030809,2019-09-06 20:27:16:552,0.0234,-1.7283,9.4043,0.0195,-0.0012,9.8066,-0.1024,0.1429,-0.0456,5.25,-34.25,26.25,20.6,-83.85,-173.17
52.390102,-1.555034,150.46,9.89,4,219.45,19 / 20,4030910,2019-09-06 20:27:16:653,-0.1245,-0.7747,9.8682,0.0281,0.0219,9.8065,0.111,0.1198,-0.0727,4.94,-34.31,26.5,17.94,-83.83,-175
52.390102,-1.555034,150.46,9.89,4,219.45,19 / 20,4031009,2019-09-06 20:27:16:752,1.0409,-1.868,9.0265,0.0292,0.0284,9.8065,0.0857,0.1105,-0.0222,5.5,-34.19,27,16.94,-83.98,-177.83
52.390102,-1.555034,150.46,9.89,4,219.45,19 / 20,4031110,2019-09-06 20:27:16:853,-0.3314,-1.4052,9.7466,-0.0132,0.0284,9.8065,-0.1501,0.0668,0.01,5.5,-34.44,26.06,17.3,-84.32,-177.92
52.390102,-1.555034,150.46,9.89,4,219.45,19 / 20,4031210,2019-09-06 20:27:16:953,-0.5822,-1.0528,10.2432,0.0172,0.0128,9.8066,-0.1044,0.0759,-0.0356,4.88,-34.31,25.56,15.63,-84.71,-177.15
52.390102,-1.555034,150.46,9.89,4,219.45,19 / 20,4031310,2019-09-06 20:27:17:053,0.0258,-2.1915,9.6799,0.0138,0.0064,9.8066,-0.0996,0.0316,0.008,5.06,-33.69,25.94,12.98,-84.92,-179.42
52.390102,-1.555034,150.46,9.89,4,219.45,19 / 20,4031411,2019-09-06 20:27:17:154,-0.0279,-0.3054,9.4241,0.0186,-0.0047,9.8066,-0.144,0.0622,-0.0528,5.63,-34.44,26.38,13.76,-85.14,179.25
52.390102,-1.555034,150.46,9.89,4,219.45,19 / 20,4031510,2019-09-06 20:27:17:253,0.7581,-0.4006,9.6762,0.0222,-0.0337,9.8065,-0.0157,0.0417,-0.0308,5.06,-33.75,25.38,6.12,-85.15,174.1
52.390102,-1.555034,150.46,9.89,4,219.45,19 / 20,4031610,2019-09-06 20:27:17:353,0.2346,-0.7784,8.8874,0.0013,0.0064,9.8066,-0.0786,0.0094,-0.0346,5.94,-34.06,25.88,5.6,-85.17,171.99
52.390102,-1.555034,150.46,9.89,4,219.45,19 / 20,4031709,2019-09-06 20:27:17:452,0.1705,-0.5706,9.6608,-0.0106,-0.0224,9.8065,0.1034,-0.0466,0.0476,5.63,-34.62,26.81,5.75,-85.11,172.58
52.390102,-1.555034,150.46,9.89,4,219.45,19 / 20,4031810,2019-09-06 20:27:17:553,-1.1468,-0.1986,9.9475,0.0167,0.0427,9.8065,0.0507,-0.0508,-0.0459,5.06,-34.44,26,1.94,-85.43,170.85
52.390102,-1.555034,150.46,9.89,4,219.45,19 / 20,4031910,2019-09-06 20:27:17:653,-0.5014,-1.5911,9.9697,0.0275,0.0397,9.8065,0.0072,-0.0155,0.0656,6.06,-34.75,25.94,1.06,-85.46,167.95
52.390102,-1.555034,150.46,9.89,4,219.45,19 / 20,4032010,2019-09-06 20:27:17:753,0.3523,-0.3428,9.9127,0.0102,0.0094,9.8066,-0.0019,0.0292,-0.0207,5.56,-34.44,26.06,358.73,-85.58,165.86
52.390102,-1.555034,150.46,9.89,4,219.45,19 / 20,4032110,2019-09-06 20:27:17:853,-0.7724,0.4669,9.9139,0.0202,0.0078,9.8065,0.0289,-0.0337,-0.0137,6.13,-34.06,25.81,354.88,-85.73,162.39
52.390102,-1.555034,150.46,9.89,4,219.45,19 / 20,4032210,2019-09-06 20:27:17:953,-0.1585,0.042,9.7542,0.0033,0.0175,9.8065,0.0267,-0.0443,0.0313,5.75,-34.56,25.56,354.68,-85.85,162.21
52.390102,-1.555034,150.46,9.89,4,219.45,19 / 20,4032310,2019-09-06 20:27:18:053,-0.7261,-0.2777,10.5595,-0.0178,0.0028,9.8066,0.0367,-0.046,0.0403,5.75,-34.69,25.31,357.66,-85.9,164.4
52.390102,-1.555034,150.46,9.89,4,219.45,18 / 20,4032409,2019-09-06 20:27:18:152,-2.1103,-1.0807,10.4979,-0.0334,-0.0226,9.8065,0.0562,-0.1138,0.1013,5.31,-34.37,26,0.9,-85.89,169.93
52.390102,-1.555034,150.46,9.89,4,219.45,18 / 20,4032510,2019-09-06 20:27:18:253,-2.3748,0.9055,9.6618,-0.0335,-0.0235,9.8065,-0.0253,-0.1491,0.0547,5.31,-35.5,26,6.19,-85.89,174.7
52.390102,-1.555034,150.46,9.89,4,219.45,18 / 20,4032610,2019-09-06 20:27:18:353,-1.6317,0.5059,9.2051,-0.0043,0.0066,9.8066,-0.1053,-0.1324,0.011,5.88,-35,25.44,11.11,-85.95,176.52
52.390102,-1.555034,150.46,9.89,4,219.45,18 / 20,4032710,2019-09-06 20:27:18:453,-2.615,1.6436,9.1207,-0.0127,-0.0173,9.8065,0.133,-0.2544,-0.0439,5.56,-35.19,25.31,12.12,-85.96,177.44
52.390102,-1.555034,150.46,9.89,4,219.45,18 / 20,4032810,2019-09-06 20:27:18:553,-2.3263,-1.0174,10.1417,0.0353,0.0625,9.8063,0.1527,-0.2473,-0.0087,6.13,-35,24.94,10.03,-86.48,175.69
52.390102,-1.555034,150.46,9.89,4,219.45,18 / 20,4032909,2019-09-06 20:27:18:652,-2.5763,0.2476,9.8884,0.0161,0.0444,9.8065,-0.2001,-0.2671,0.0044,6.38,-34.25,25,7.55,-86.59,173.45
52.390102,-1.555034,150.46,9.89,4,219.45,18 / 20,4033010,2019-09-06 20:27:18:753,-2.1218,0.3083,9.882,-0.0056,-0.0069,9.8066,-0.0463,-0.285,0.0271,7.5,-34.44,23.81,12.04,-86.75,172.67
52.390102,-1.555034,150.46,9.89,4,219.45,18 / 20,4033110,2019-09-06 20:27:18:853,-2.2616,0.5397,9.6326,0.0071,0.0212,9.8066,0.0552,-0.3414,0.0677,7.25,-34.56,22.94,10.78,-86.88,172.99
52.390102,-1.555034,150.46,9.89,4,219.45,18 / 20,4033210,2019-09-06 20:27:18:953,-2.6847,0.5145,10.0648,-0.0252,-0.0206,9.8066,0.009,-0.2982,0.0078,7.19,-34.94,23.06,10.94,-86.99,173.16
52.390102,-1.555034,150.46,9.89,4,219.45,18 / 20,4033310,2019-09-06 20:27:19:053,-2.4594,0.203,10.1468,-0.0032,0.0118,9.8066,0.0413,-0.3445,0.0472,7.44,-35.81,22.44,16.08,-86.96,177.1
52.38962,-1.555664,150.25,7.5,3,224.14,18 / 20,4033410,2019-09-06 20:27:19:153,-2.9307,0.9085,10.7469,-0.0238,-0.0281,9.8065,-0.1138,-0.4299,0.0548,8.31,-35.06,22.25,19.57,-87.11,178.11
52.38962,-1.555664,150.25,7.5,3,224.14,18 / 20,4033510,2019-09-06 20:27:19:253,-2.3009,1.3018,9.771,-0.0126,-0.0138,9.8066,0.0383,-0.3994,-0.0039,8.88,-35.75,21.19,27.12,-87,-178.27
52.38962,-1.555664,150.25,7.5,3,224.14,18 / 20,4033609,2019-09-06 20:27:19:352,-3.1441,2.5905,9.6936,0.0031,-0.0129,9.8066,-0.0216,-0.4178,0.104,9.13,-34.87,20.25,27.59,-86.92,-178.95
52.38962,-1.555664,150.25,7.5,3,224.14,18 / 20,4033709,2019-09-06 20:27:19:452,-3.0736,2.1508,10.0829,-0.0127,-0.0258,9.8065,0.0228,-0.447,-0.0341,9.38,-34.31,20.06,27.53,-86.77,-179.05
52.38962,-1.555664,150.25,7.5,3,224.14,18 / 20,4033809,2019-09-06 20:27:19:552,-2.1687,0.8751,10.4287,-0.0024,-0.0376,9.8065,-0.0202,-0.4396,-0.0387,10.31,-34.62,19.44,27.52,-86.41,177.01
52.38962,-1.555664,150.25,7.5,3,224.14,18 / 20,4033909,2019-09-06 20:27:19:652,-2.9817,1.743,10.6503,-0.0153,-0.0318,9.8066,0.1038,-0.4538,0.123,10.81,-34.37,18.38,31.51,-86.25,176.87
52.38962,-1.555664,150.25,7.5,3,224.14,18 / 20,4034009,2019-09-06 20:27:19:752,-3.3089,2.5802,10.4156,-0.0229,-0.0041,9.8065,0.1509,-0.4915,0.0411,10.69,-34.87,18.25,34.31,-85.97,179.04
52.38962,-1.555664,150.25,7.5,3,224.14,18 / 20,4034109,2019-09-06 20:27:19:852,-4.1325,2.6808,9.7106,-0.0241,-0.008,9.8066,-0.0291,-0.477,0.0008,11.81,-35.19,17.94,38.94,-85.63,-179.29
52.38962,-1.555664,150.25,7.5,3,224.14,18 / 20,4034210,2019-09-06 20:27:19:953,-1.9461,3.5508,9.9319,-0.0075,0.0003,9.8066,-0.0482,-0.488,0.0797,11.25,-35.37,16.69,39.93,-85.33,-178.26
52.38962,-1.555664,150.25,7.5,3,224.14,18 / 20,4034309,2019-09-06 20:27:20:052,-2.1245,2.4243,9.9365,-0.0336,-0.029,9.8065,0.1627,-0.4968,0.0435,11.38,-35.31,16.06,42.78,-84.97,-178.01
52.38962,-1.555664,150.25,7.5,3,224.14,18 / 20,4034410,2019-09-06 20:27:20:153,-1.1107,2.1326,9.581,0.0124,0.0183,9.8066,0.1894,-0.5745,0.118,12.63,-35.31,15.38,51.81,-84.78,-176.48
52.38962,-1.555664,150.25,7.5,3,224.14,18 / 20,4034510,2019-09-06 20:27:20:253,-2.4108,2.7908,10.2693,-0.0058,0.0321,9.8066,-0.0237,-0.4995,0.1309,11.38,-35.19,14.06,53.58,-84.46,-173.51
52.38962,-1.555664,150.25,7.5,3,224.14,18 / 20,4034610,2019-09-06 20:27:20:353,-2.3249,3.1396,10.3393,-0.044,0.0005,9.8065,-0.0828,-0.5255,0.1415,12.13,-35.44,13.56,59.65,-84.06,-170.89
52.38962,-1.555664,150.25,7.5,3,224.14,18 / 20,4034710,2019-09-06 20:27:20:453,-1.0786,1.3043,8.3464,-0.0025,0.033,9.8065,0.1146,-0.5685,0.1567,11.44,-36,12.69,65.1,-83.62,-167.65
52.38962,-1.555664,150.25,7.5,3,224.14,18 / 20,4034810,2019-09-06 20:27:20:553,1.2556,4.3014,10.2097,0.0007,0.0363,9.8066,-0.1769,-0.5094,0.1447,12.25,-35.62,11.31,78.79,-83.3,-163.53
52.38962,-1.555664,150.25,7.5,3,224.14,18 / 20,4034910,2019-09-06 20:27:20:653,-0.2701,4.1688,11.4442,-0.0648,-0.0067,9.8063,0.4356,-0.4739,0.0353,12.25,-36.62,11.25,81.85,-82.69,-162.49
52.38962,-1.555664,150.25,7.5,3,224.14,18 / 20,4035009,2019-09-06 20:27:20:752,-1.6805,0.5443,9.8762,-0.0118,-0.019,9.8066,0.2146,-0.5277,0.0732,11.56,-36.12,10.88,78.38,-82.39,-166.03
52.38962,-1.555664,150.25,7.5,3,224.14,18 / 20,4035110,2019-09-06 20:27:20:853,0.572,1.4409,9.2253,-0.0089,0.0062,9.8066,0.0162,-0.3756,0.032,11.63,-36.5,10.31,83.26,-82.02,-165.72
52.38962,-1.555664,150.25,7.5,3,224.14,18 / 20,4035209,2019-09-06 20:27:20:952,0.1204,2.3353,9.686,-0.0203,-0.0116,9.8065,-0.0362,-0.3727,0.0101,11.69,-37,9.13,87.71,-81.6,-166.78
52.38962,-1.555664,150.25,7.5,3,224.14,18 / 20,4035310,2019-09-06 20:27:21:053,0.0156,1.402,10.8649,-0.0257,-0.0136,9.8065,0.1233,-0.4453,0.0418,11.75,-36,8.63,85.77,-81.45,-168.5
52.38962,-1.555664,150.25,7.5,3,224.14,18 / 19,4035410,2019-09-06 20:27:21:153,-0.6646,2.9753,10.2228,-0.0066,0.0027,9.8066,0.1526,-0.3644,-0.0297,11.38,-36.75,7.56,89.12,-81.47,-168.95
52.38962,-1.555664,150.25,7.5,3,224.14,18 / 19,4035509,2019-09-06 20:27:21:252,-1.9978,1.3249,8.8064,0.0036,-0.0281,9.8065,0.1495,-0.3545,0.1099,11.38,-36.37,6.63,93.08,-81.26,-169.48
52.38962,-1.555664,150.25,7.5,3,224.14,18 / 19,4035609,2019-09-06 20:27:21:352,-0.9491,1.4059,9.6376,-0.0412,0.0193,9.8065,-0.0033,-0.3583,0.0246,11.38,-36.81,6.75,94.68,-80.8,-170.06
52.38962,-1.555664,150.25,7.5,3,224.14,18 / 19,4035709,2019-09-06 20:27:21:452,-0.1744,2.9226,9.6942,0.0071,0.013,9.8065,-0.0359,-0.407,0.1319,10.56,-37.56,6.25,101.22,-80.71,-169.13
52.38962,-1.555664,150.25,7.5,3,224.14,18 / 19,4035809,2019-09-06 20:27:21:552,-1.5074,0.4127,8.6922,0.0037,0.0038,9.8066,-0.1439,-0.2505,0.1546,10.5,-36.75,5.19,105.78,-80.71,-168.36
52.38962,-1.555664,150.25,7.5,3,224.14,18 / 19,4035909,2019-09-06 20:27:21:652,0.7119,0.9385,9.8981,-0.0609,0.0325,9.8063,-0.4913,-0.263,-0.0037,9.75,-37.25,4.44,112.96,-80.58,-166.52
52.38962,-1.555664,150.25,7.5,3,224.14,18 / 19,4036009,2019-09-06 20:27:21:752,-0.2264,0.2531,10.7254,0.1099,-0.0281,9.8059,0.4673,-0.3489,0.0475,10.13,-37.31,4.25,112.79,-80.46,-167.22
52.38962,-1.555664,150.25,7.5,3,224.14,18 / 19,4036110,2019-09-06 20:27:21:853,-2.3909,-0.0654,8.7764,0.0846,-0.0291,9.8062,0.1731,-0.1468,-0.0253,9.81,-37.69,3.75,113.54,-80.34,-167.69
52.38962,-1.555664,150.25,7.5,3,224.14,18 / 19,4036210,2019-09-06 20:27:21:953,0.8071,2.8519,9.3659,-0.0253,0.0562,9.8064,0.0194,0.0218,-0.0298,9.13,-36.94,3.25,118.56,-80.66,-166.84
52.38962,-1.555664,150.25,7.5,3,224.14,18 / 19,4036312,2019-09-06 20:27:22:055,-0.695,0.2634,8.8704,0.0225,0.0151,9.8066,0.0019,-0.1148,0.1062,9.63,-37.44,3.38,119.91,-80.59,-163.55
52.38962,-1.555664,150.25,7.5,3,224.14,18 / 19,4036410,2019-09-06 20:27:22:153,-1.4002,0.2473,9.7146,0.0485,-0.0212,9.8064,-0.142,-0.0741,0.0396,8.44,-37.37,2,127.58,-81.07,-161.84
52.38962,-1.555664,150.25,7.5,3,224.14,18 / 19,4036510,2019-09-06 20:27:22:253,0.6899,-0.3994,9.7995,0.0266,0.0005,9.8066,-0.1033,-0.0506,0.012,9,-38.56,2.31,126.66,-81.59,-160.48
52.38962,-1.555664,150.25,7.5,3,224.14,18 / 19,4036610,2019-09-06 20:27:22:353,-0.6187,-0.9807,9.2262,0.011,0.0027,9.8066,-0.0028,-0.0194,0.0498,8.81,-37.81,0.69,130.88,-81.96,-158.99
52.38962,-1.555664,150.25,7.5,3,224.14,18 / 19,4036710,2019-09-06 20:27:22:453,-0.1033,-0.9059,9.5541,-0.0376,0.0137,9.8065,-0.0421,0.0395,-0.0186,8.81,-38.06,1.69,126.85,-81.73,-158.85
52.38962,-1.555664,150.25,7.5,3,224.14,18 / 19,4036810,2019-09-06 20:27:22:553,1.1301,-1.4276,10.4147,0.0199,-0.0204,9.8065,0.2775,0.0358,-0.048,8.69,-38,1.31,131.11,-81.51,-160.27
52.38962,-1.555664,150.25,7.5,3,224.14,18 / 19,4036910,2019-09-06 20:27:22:653,-0.8752,-1.3405,9.2738,0.0357,-0.016,9.8065,0.1953,-0.0716,0.0413,9.19,-37.56,2,125.79,-81.53,-161.11
52.38962,-1.555664,150.25,7.5,3,224.14,18 / 19,4037010,2019-09-06 20:27:22:753,-1.6276,-0.3934,9.1862,0.0165,-0.0032,9.8066,-0.2401,-0.0837,0.0866,9.31,-37.75,0.94,130.97,-81.39,-160.9
52.38962,-1.555664,150.25,7.5,3,224.14,18 / 19,4037110,2019-09-06 20:27:22:853,-1.8711,-1.1459,10.141,-0.0506,0.0149,9.8065,-0.217,0.1686,-0.0365,9.31,-36.69,1.5,124.46,-81.83,-161
52.38962,-1.555664,150.25,7.5,3,224.14,18 / 19,4037210,2019-09-06 20:27:22:953,-0.229,-0.0496,10.0005,-0.0113,-0.0006,9.8066,-0.0018,0.1249,-0.0528,9.75,-37.12,1.31,127.35,-81.82,-161.42
52.38962,-1.555664,150.25,7.5,3,224.14,18 / 19,4037310,2019-09-06 20:27:23:053,-0.4001,-1.1643,9.6201,0.0061,-0.0088,9.8066,0.0392,0.0739,-0.0666,9.63,-37.25,2.19,122.91,-81.86,-161.24
52.38962,-1.555664,150.25,7.5,3,224.14,18 / 19,4037409,2019-09-06 20:27:23:152,-0.6628,-0.4081,10.2645,-0.0078,-0.0078,9.8066,-0.0453,0.2228,-0.0872,9.56,-37.37,2.38,122.43,-81.72,-162.38
52.38962,-1.555664,150.25,7.5,3,224.14,18 / 19,4037510,2019-09-06 20:27:23:253,-0.6811,-1.7885,10.2423,-0.0202,-0.0037,9.8065,0.0072,0.0759,0.0708,9.88,-37.19,2.44,122.09,-81.51,-163.52
52.38962,-1.555664,150.25,7.5,3,224.14,18 / 19,4037610,2019-09-06 20:27:23:353,-0.8213,-1.1682,9.5409,-0.0348,0.0152,9.8065,0.0514,0.1287,-0.0628,9.88,-37.62,2.13,123.15,-81.37,-163.4
52.38962,-1.555664,150.25,7.5,3,224.14,18 / 19,4037710,2019-09-06 20:27:23:453,-0.6892,-1.9838,9.4873,0.0017,-0.0014,9.8066,-0.0972,0.1554,-0.0401,9.38,-36.5,2.06,123.15,-81.36,-163.71
52.38962,-1.555664,150.25,7.5,3,224.14,18 / 19,4037810,2019-09-06 20:27:23:553,0.1476,-1.3867,9.7047,-0.0143,0.0031,9.8066,0.0977,0.1627,-0.0279,9.69,-37.5,3,117.59,-81.36,-163.87
52.38962,-1.555664,150.25,7.5,3,224.14,18 / 19,4037909,2019-09-06 20:27:23:652,-1.0191,-2.3691,9.9447,0.0083,-0.0049,9.8065,0.0493,0.1977,-0.0474,9.94,-36.69,3.06,117.39,-81.43,-163.87
52.38962,-1.555664,150.25,7.5,3,224.14,18 / 19,4038009,2019-09-06 20:27:23:752,-0.5138,-0.954,9.4571,0.0029,0.0002,9.8066,-0.0198,0.1962,-0.0792,9.88,-36.81,3.31,117.14,-81.42,-164.24
52.38962,-1.555664,150.25,7.5,3,224.14,18 / 19,4038110,2019-09-06 20:27:23:853,-0.682,-2.0894,8.9203,0.0089,-0.0077,9.8065,-0.0381,0.1102,-0.0126,10.44,-36.81,3.94,112.64,-81.34,-164.14
52.38962,-1.555664,150.25,7.5,3,224.14,18 / 19,4038209,2019-09-06 20:27:23:952,-1.2608,-2.3148,9.275,0.0173,-0.0084,9.8065,-0.0451,0.2065,-0.0799,10.75,-37.25,4.38,111.57,-81.42,-164.53
52.38962,-1.555664,150.25,7.5,3,224.14,18 / 19,4038309,2019-09-06 20:27:24:052,0.3034,-1.2301,9.9528,0.0113,-0.0024,9.8066,-0.0511,0.1309,-0.0003,10.63,-36.87,4.13,111.19,-81.58,-164.44
52.38962,-1.555664,150.25,7.5,3,224.14,18 / 19,4038410,2019-09-06 20:27:24:153,-0.4965,-3.1647,10.1271,0.0372,-0.0153,9.8065,0.0215,0.2235,-0.1244,11.38,-37.44,4.38,110.83,-81.73,-164.38
52.38962,-1.555664,150.25,7.5,3,224.14,18 / 19,4038510,2019-09-06 20:27:24:253,-1.2545,-0.8082,10.0064,0.0564,0.0101,9.8064,0.077,0.0656,0.1041,11.38,-37,4.38,110.19,-82.07,-164.04
52.38962,-1.555664,150.25,7.5,3,224.14,18 / 19,4038610,2019-09-06 20:27:24:353,-0.0697,-2.0655,10.0455,-0.0495,-0.0023,9.8065,-0.2021,0.2176,-0.0833,11.69,-36.75,4.81,105.68,-81.8,-164.79
52.38962,-1.555664,150.25,7.5,3,224.14,18 / 19,4038709,2019-09-06 20:27:24:452,1.2213,-1.6449,9.5819,-0.043,0,9.8065,-0.1301,0.1607,0.0486,11.19,-36.5,4.81,105.26,-81.85,-164.44
52.38962,-1.555664,150.25,7.5,3,224.14,18 / 19,4038810,2019-09-06 20:27:24:553,0.2248,-1.3191,9.3474,0.0221,-0.0056,9.8066,0.0162,0.2403,-0.0494,11.19,-36.69,4.88,105.7,-82.02,-164.1
52.38962,-1.555664,150.25,7.5,3,224.14,18 / 19,4038910,2019-09-06 20:27:24:653,-0.062,-3.2966,9.1046,0.0044,-0.0005,9.8066,0.0194,0.223,-0.0427,11.31,-36.37,5.94,100.46,-82.03,-164.11
52.38962,-1.555664,150.25,7.5,3,224.14,18 / 19,4039010,2019-09-06 20:27:24:753,0.3085,-1.6251,10.0921,-0.0058,0.0123,9.8066,-0.0834,0.1966,0.0051,11.31,-36.69,5.63,100.72,-82.12,-164.24
52.38962,-1.555664,150.25,7.5,3,224.14,18 / 19,4039110,2019-09-06 20:27:24:853,0.4453,-2.2723,9.7671,-0.0126,-0.0082,9.8066,0.0049,0.2164,-0.0503,12.06,-36.44,6.5,96.8,-82.11,-163.76
52.38962,-1.555664,150.25,7.5,3,224.14,18 / 19,4039210,2019-09-06 20:27:24:953,1.3206,-3.0492,9.7714,0.0145,0.0114,9.8066,0.0254,0.1685,0.0415,11.63,-36.31,6.44,101.51,-82.14,-163.1
52.38962,-1.555664,150.25,7.5,3,224.14,18 / 19,4039310,2019-09-06 20:27:25:053,0.5806,-3.3962,9.3443,0.0077,0.0106,9.8066,-0.0308,0.2814,-0.0266,11.94,-36.69,7.31,99.07,-81.99,-162.3
52.38962,-1.555664,150.25,7.5,3,224.14,18 / 19,4039409,2019-09-06 20:27:25:152,0.5666,-2.3526,10.0681,-0.0016,0.0029,9.8066,0.0181,0.2844,-0.0451,12.06,-36.37,7.44,99.27,-82.02,-161.38
52.38962,-1.555664,150.25,7.5,3,224.14,18 / 19,4039510,2019-09-06 20:27:25:253,-0.684,-1.6915,9.9743,-0.0087,0.0048,9.8066,-0.0459,0.1545,0.0241,11.88,-36.5,7.31,100.17,-82.19,-159.97
52.38962,-1.555664,150.25,7.5,3,224.14,18 / 19,4039609,2019-09-06 20:27:25:352,0.8864,-1.8269,9.3279,-0.0118,-0.0039,9.8066,0.079,0.1577,0.0328,11.63,-36.06,7.69,96.05,-82.2,-160.07
52.38962,-1.555664,150.25,7.5,3,224.14,18 / 19,4039709,2019-09-06 20:27:25:452,0.715,-1.9356,9.4045,-0.0104,0.0055,9.8066,-0.0022,0.1246,0,11.88,-36.25,8,97.06,-82.17,-159.11
52.38962,-1.555664,150.25,7.5,3,224.14,18 / 19,4039809,2019-09-06 20:27:25:552,0.9017,-3.8372,9.407,0.0018,-0.0004,9.8066,0.0208,0.1646,0.0055,11.63,-36.94,8.44,97.48,-82.26,-158.98
52.38962,-1.555664,150.25,7.5,3,224.14,18 / 19,4039910,2019-09-06 20:27:25:653,-0.2096,-2.5189,9.9856,0.0158,0.0058,9.8066,-0.0215,0.2222,0.0534,11.88,-36.25,8.69,93.39,-82.19,-158.9
52.38962,-1.555664,150.25,7.5,3,224.14,18 / 19,4040009,2019-09-06 20:27:25:752,0.7038,-1.5876,9.1966,0.0218,-0.0017,9.8066,0.1167,0.2261,-0.084,11.81,-36.5,9.31,93.23,-82.14,-159.2
52.38962,-1.555664,150.25,7.5,3,224.14,18 / 19,4040110,2019-09-06 20:27:25:853,1.2093,-1.7147,9.6086,-0.0097,-0.0041,9.8066,0.1017,0.2065,-0.0726,11.94,-36.69,10.38,89.47,-82.12,-159.85
52.38962,-1.555664,150.25,7.5,3,224.14,18 / 19,4040210,2019-09-06 20:27:25:953,0.1536,-3.0378,10.7858,0.0238,0.0134,9.8065,0.0755,0.1722,-0.0403,11.63,-36.31,10.44,89.35,-82.13,-159.43
52.38962,-1.555664,150.25,7.5,3,224.14,18 / 19,4040309,2019-09-06 20:27:26:052,1.6207,-3.3017,9.1083,0.0571,0.0278,9.8064,0.1564,0.1388,-0.051,11.69,-36.31,10.69,85.67,-82.36,-159.06
52.38962,-1.555664,150.25,7.5,3,224.14,19 / 20,4040410,2019-09-06 20:27:26:153,1.0329,-5.1624,9.9849,-0.0331,-0.0099,9.8065,-0.2932,0.0104,0.1702,11.56,-36.37,11.5,82.96,-82.4,-158.41
52.38962,-1.555664,150.25,7.5,3,224.14,19 / 20,4040509,2019-09-06 20:27:26:252,2.5616,-1.6518,9.7177,-0.0174,-0.0398,9.8065,-0.327,0.2525,-0.1028,11.38,-35.94,11.44,84.84,-82.39,-158.13
52.38962,-1.555664,150.25,7.5,3,224.14,19 / 20,4040611,2019-09-06 20:27:26:354,3.6586,0.1407,9.5829,-0.0162,-0.0002,9.8066,0.1786,0.3734,0.0031,12.69,-35.94,12,84.96,-82.45,-157.96
52.38962,-1.555664,150.25,7.5,3,224.14,19 / 20,4040710,2019-09-06 20:27:26:453,0.8826,-2.3193,9.9717,-0.0189,-0.0196,9.8066,0.1101,0.3428,0.0606,11.5,-36.12,12.06,83.84,-82.29,-157.81
52.38962,-1.555664,150.25,7.5,3,224.14,19 / 20,4040810,2019-09-06 20:27:26:553,1.9709,-3.0805,8.6874,-0.0552,-0.0537,9.8063,-0.4025,0.3297,-0.1968,11.75,-36,12.94,79.52,-82.04,-159.53
52.38962,-1.555664,150.25,7.5,3,224.14,19 / 20,4040909,2019-09-06 20:27:26:652,0.5865,0.5909,10.0513,-0.0989,-0.0545,9.806,-0.3169,-0.0011,0.1656,12.13,-35.87,12.38,81.81,-82.03,-160.35
52.38962,-1.555664,150.25,7.5,3,224.14,19 / 20,4041010,2019-09-06 20:27:26:753,3.6148,-2.5162,8.7314,0.0519,0.0325,9.8064,0.3006,0.1354,-0.0394,12.06,-35.37,13.63,75.03,-82.21,-160.23
52.38962,-1.555664,150.25,7.5,3,224.14,19 / 20,4041110,2019-09-06 20:27:26:853,0.7319,-4.2053,9.1869,0.0239,-0.0029,9.8066,0.3353,0.3028,-0.1894,12.38,-35.12,13.75,75.58,-82.21,-159.7
52.38962,-1.555664,150.25,7.5,3,224.14,19 / 20,4041210,2019-09-06 20:27:26:953,0.8551,-4.2509,9.8537,0.0352,0.0546,9.8064,-0.0908,0.0675,0.0822,12.13,-35.5,13.69,77.11,-82.44,-157.81
52.38962,-1.555664,150.25,7.5,3,224.14,19 / 20,4041310,2019-09-06 20:27:27:053,-0.1816,-2.3219,10.1141,0.0564,0.0283,9.8064,-0.0579,0.1325,-0.0269,11.63,-35.5,14.31,76.84,-82.6,-157.75
52.38962,-1.555664,150.25,7.5,3,224.14,19 / 20,4041409,2019-09-06 20:27:27:152,1.713,-2.0456,9.7907,-0.0139,-0.0079,9.8066,0.0311,0.1336,0.0103,11.56,-35.62,14.38,77.33,-82.61,-157.68
52.38962,-1.555664,150.25,7.5,3,224.14,19 / 20,4041510,2019-09-06 20:27:27:253,-0.2397,-3.6999,9.384,-0.0131,-0.0117,9.8065,0.0102,0.2029,-0.0115,11.69,-34.87,15.44,74.38,-82.48,-157.8
52.38962,-1.555664,150.25,7.5,3,224.14,19 / 20,4041610,2019-09-06 20:27:27:353,0.7055,-1.5953,9.6645,-0.0088,-0.0005,9.8066,-0.1269,0.1578,-0.0489,11.56,-35.56,15.13,76.7,-82.46,-156.05
52.38962,-1.555664,150.25,7.5,3,224.14,19 / 20,4041710,2019-09-06 20:27:27:453,-0.0292,-2.4794,10.0385,-0.0099,-0.0026,9.8066,-0.0644,0.1058,-0.0075,11.81,-35.19,15.81,73.65,-82.68,-155.8
52.38962,-1.555664,150.25,7.5,3,224.14,19 / 20,4041810,2019-09-06 20:27:27:553,1.1562,-1.3481,10.2829,-0.0074,-0.0098,9.8065,0.1672,0.1989,-0.0537,11.81,-35.62,15.81,74.28,-82.62,-155.67
52.38962,-1.555664,150.25,7.5,3,224.14,19 / 20,4041910,2019-09-06 20:27:27:653,1.4298,-4.2234,9.4121,0.0049,0.0147,9.8065,0.2158,0.2263,-0.1211,11.25,-35.12,16.69,69.83,-82.68,-155.24
52.38962,-1.555664,150.25,7.5,3,224.14,19 / 20,4042010,2019-09-06 20:27:27:753,1.1075,-2.6164,9.5536,-0.0236,-0.0159,9.8066,-0.1081,0.0805,0.0515,11.13,-35.12,16.31,71.78,-82.73,-155.48
52.38962,-1.555664,150.25,7.5,3,224.14,19 / 20,4042110,2019-09-06 20:27:27:853,-0.1975,1.0291,10.244,-0.0188,-0.0129,9.8066,-0.0992,0.1525,0.0038,10.94,-35.81,16.63,70.35,-82.65,-155.16
52.38962,-1.555664,150.25,7.5,3,224.14,19 / 20,4042210,2019-09-06 20:27:27:953,1.4078,-3.3023,9.6046,0.0135,0.0204,9.8065,-0.052,0.0454,0.0619,11.31,-35.75,16.25,73.07,-82.75,-154.6
52.38962,-1.555664,150.25,7.5,3,224.14,19 / 20,4042310,2019-09-06 20:27:28:053,0.3042,-0.4578,9.7849,-0.0083,0.0184,9.8066,0.023,-0.0124,0.0876,11.13,-35,16.75,70.64,-82.62,-154.59
52.389656,-1.556759,149.71,10.74,3,247.83,19 / 20,4042409,2019-09-06 20:27:28:152,0.6625,1.4061,10.1507,-0.0003,0.0191,9.8066,0.042,0.1198,-0.0704,10.75,-34.81,17.75,69.14,-82.46,-154.28
52.389656,-1.556759,149.71,10.74,3,247.83,19 / 20,4042509,2019-09-06 20:27:28:252,0.8879,-1.577,11.5413,0.0436,0.065,9.8062,0.3373,0.0224,-0.0608,10.63,-35.19,17.5,71.16,-82.79,-151.85
52.389656,-1.556759,149.71,10.74,3,247.83,19 / 20,4042610,2019-09-06 20:27:28:353,0.6366,-1.5646,10.424,0.1119,0.066,9.8058,-0.1396,-0.0548,0.0916,11.31,-35.5,17.31,72.13,-82.81,-152.87
52.389656,-1.556759,149.71,10.74,3,247.83,19 / 20,4042709,2019-09-06 20:27:28:452,1.0773,-3.666,10.0025,-0.0227,-0.0816,9.8062,-0.288,0.2075,-0.0652,11,-35.31,17.38,70.93,-82.79,-154.03
52.389656,-1.556759,149.71,10.74,3,247.83,19 / 20,4042810,2019-09-06 20:27:28:553,2.08,-0.0941,8.2116,0.0332,0.0591,9.8063,0.1507,0.091,-0.1883,11.13,-35.37,17.19,64.82,-82.59,-159.99
52.389656,-1.556759,149.71,10.74,3,247.83,19 / 20,4042909,2019-09-06 20:27:28:652,1.0404,-0.4601,9.4869,0.1025,0.0611,9.8059,0.2519,-0.0491,0.0657,10.75,-35.19,17.56,64.1,-83.08,-157.92
52.389656,-1.556759,149.71,10.74,3,247.83,19 / 20,4043009,2019-09-06 20:27:28:752,1.9877,-1.5816,9.2499,0.0344,0.0411,9.8065,-0.1409,0.1523,-0.1482,11,-34.94,17.38,66.29,-83.08,-157.84
52.389656,-1.556759,149.71,10.74,3,247.83,19 / 20,4043110,2019-09-06 20:27:28:853,0.0094,-2.1129,9.6898,0.0278,-0.0035,9.8065,0.0611,0.0457,0.0615,11.56,-34.94,17.75,66.7,-83.18,-157.37
52.389656,-1.556759,149.71,10.74,3,247.83,19 / 20,4043210,2019-09-06 20:27:28:953,-1.6104,-3.3989,9.566,-0.0514,-0.0358,9.8064,-0.36,0.0593,-0.0106,10.38,-34.5,17.88,62.36,-82.88,-157.39
52.389656,-1.556759,149.71,10.74,3,247.83,19 / 20,4043310,2019-09-06 20:27:29:053,1.2658,-0.2989,9.1315,-0.0174,-0.0108,9.8065,-0.3589,0.0762,-0.003,10.81,-35.44,17.94,66.48,-82.7,-156.35
52.389656,-1.556759,149.71,10.74,3,247.83,19 / 20,4043410,2019-09-06 20:27:29:153,0.4078,-0.3674,9.4185,-0.0254,-0.0358,9.8065,0.0246,0.1946,-0.1196,10.63,-35.06,18.13,66.13,-82.52,-156.96
52.389656,-1.556759,149.71,10.74,3,247.83,19 / 20,4043509,2019-09-06 20:27:29:252,1.2059,-0.0814,9.481,0.0339,0.0125,9.8065,0.0635,0,0.0759,10.25,-35,18.63,61.39,-82.8,-156.95
52.389656,-1.556759,149.71,10.74,3,247.83,19 / 20,4043610,2019-09-06 20:27:29:353,0.4733,-0.5384,9.1085,0.003,0.0117,9.8066,-0.1273,-0.0041,0.0002,10.44,-34.81,18.5,61.27,-82.76,-157.12
52.389656,-1.556759,149.71,10.74,3,247.83,19 / 20,4043710,2019-09-06 20:27:29:453,1.3299,0.1476,9.0605,-0.0141,-0.0137,9.8066,0.0348,0.063,-0.0034,10.5,-35.06,18.56,63.3,-82.7,-157.45
52.389656,-1.556759,149.71,10.74,3,247.83,19 / 20,4043811,2019-09-06 20:27:29:554,1.7391,-1.1141,9.8016,-0.038,-0.0304,9.8064,0.132,-0.002,0.059,10.69,-34.25,18.56,63.32,-82.61,-157.27
52.389656,-1.556759,149.71,10.74,3,247.83,19 / 20,4043909,2019-09-06 20:27:29:652,0.8919,-1.2299,9.4131,-0.0114,-0.0025,9.8066,-0.092,0.0414,0.0534,11.19,-34.62,18.44,65.89,-82.65,-156.96
52.389656,-1.556759,149.71,10.74,3,247.83,19 / 20,4044009,2019-09-06 20:27:29:752,0.7307,-2.4095,9.4983,-0.0262,-0.012,9.8066,-0.1292,0.0559,-0.0073,10.25,-34.5,18.25,64.06,-82.52,-156.41
52.389656,-1.556759,149.71,10.74,3,247.83,19 / 20,4044110,2019-09-06 20:27:29:853,1.7153,-0.2246,10.3391,-0.0004,0.0096,9.8066,0.1142,-0.0324,0.0693,10.5,-34.87,18.5,64.77,-82.48,-156.45
52.389656,-1.556759,149.71,10.74,3,247.83,19 / 20,4044209,2019-09-06 20:27:29:952,-0.0651,-2.7949,8.857,0.0007,-0.0082,9.8065,0.0219,0.0594,-0.0626,10.5,-34.75,19,64.2,-82.3,-157.24
52.389656,-1.556759,149.71,10.74,3,247.83,19 / 20,4044310,2019-09-06 20:27:30:053,1.5442,3.6427,11.4968,0.0097,0.0331,9.8066,0.2943,0.1351,0.0076,10.19,-35,18.75,62.75,-82.49,-156.2
52.389656,-1.556759,149.71,10.74,3,247.83,19 / 20,4044410,2019-09-06 20:27:30:153,0.5969,-0.3968,10.6244,0.0565,0.0821,9.8061,0.317,-0.047,0.0889,9.94,-35.25,19.38,64.14,-82.69,-154.63
52.389656,-1.556759,149.71,10.74,3,247.83,19 / 20,4044510,2019-09-06 20:27:30:253,-3.7753,-3.3185,10.8836,-0.0652,-0.0906,9.806,-0.1467,-0.0042,0.0996,9.44,-35.06,19.06,61.32,-83.01,-154.5
52.389656,-1.556759,149.71,10.74,3,247.83,19 / 20,4044610,2019-09-06 20:27:30:353,1.2383,0.811,10.3329,-0.0246,-0.0599,9.8063,-0.0847,-0.0119,-0.0973,10.13,-35.75,19.19,63.16,-82.57,-156.02
52.389656,-1.556759,149.71,10.74,3,247.83,19 / 20,4044709,2019-09-06 20:27:30:452,2.5827,-1.2875,10.0727,-0.0199,-0.0246,9.8065,-0.0956,-0.1576,0.1589,10,-34.94,18.94,60.23,-82.59,-158.32
52.389656,-1.556759,149.71,10.74,3,247.83,19 / 20,4044810,2019-09-06 20:27:30:553,1.1601,0.001,9.0109,-0.0123,-0.0553,9.8064,-0.1898,0.0483,-0.0472,10.13,-35.06,18.75,59.42,-82.49,-159.2
52.389656,-1.556759,149.71,10.74,3,247.83,19 / 20,4044910,2019-09-06 20:27:30:653,1.5028,-1.1036,10.2113,0.0177,0.0286,9.8065,0.1548,-0.1203,0.0896,9.81,-35.31,18.63,59.75,-82.74,-158.52
52.389656,-1.556759,149.71,10.74,3,247.83,19 / 20,4045010,2019-09-06 20:27:30:753,1.1604,1.3933,10.2586,0.0146,-0.0084,9.8066,0.11,0.0822,-0.0955,10.13,-34.44,18.56,58.74,-82.63,-159.3
52.389656,-1.556759,149.71,10.74,3,247.83,19 / 20,4045110,2019-09-06 20:27:30:853,-0.9848,-0.8066,9.9271,-0.0094,0.0011,9.8066,-0.0361,0.0223,0.0872,10.75,-35.19,18.88,62.32,-82.68,-158.37
52.389656,-1.556759,149.71,10.74,3,247.83,19 / 20,4045210,2019-09-06 20:27:30:953,0.4379,-0.4024,9.9445,-0.0029,-0.0031,9.8066,-0.0786,0.0364,0.0349,9.69,-35.56,19.31,61.51,-82.55,-157.54
52.389656,-1.556759,149.71,10.74,3,247.83,19 / 20,4045310,2019-09-06 20:27:31:053,0.1504,-0.0296,9.4437,0.0103,-0.0014,9.8066,0.0611,0.0039,-0.0962,9.44,-35.19,18.81,57.92,-82.73,-157.98
52.389656,-1.556759,149.71,10.74,3,247.83,18 / 19,4045410,2019-09-06 20:27:31:153,1.18,0.0442,9.967,0.018,0.0034,9.8066,-0.0762,0.0075,-0.0169,9.94,-35.56,18.63,59.6,-82.85,-158.79
52.389656,-1.556759,149.71,10.74,3,247.83,18 / 19,4045511,2019-09-06 20:27:31:254,-0.0663,0.5903,10.0545,0.0046,0.0076,9.8066,0.0491,0.0304,-0.0664,10.06,-35.12,19.19,59.52,-82.93,-158.45
52.389656,-1.556759,149.71,10.74,3,247.83,18 / 19,4045610,2019-09-06 20:27:31:353,-0.5451,-0.5695,9.7491,0.0361,0.0272,9.8065,0.0263,0.0218,-0.027,9.69,-35.31,19.06,57.85,-83.15,-159.63
52.389656,-1.556759,149.71,10.74,3,247.83,18 / 19,4045710,2019-09-06 20:27:31:453,1.1153,0.1263,10.4127,-0.017,-0.0202,9.8065,-0.0028,0.0581,-0.0303,9.5,-34.94,18.69,58.5,-83.06,-159.17
52.389656,-1.556759,149.71,10.74,3,247.83,18 / 19,4045810,2019-09-06 20:27:31:553,0.1378,0.514,9.8838,-0.0058,0.0002,9.8066,0.0115,-0.0008,0.0363,10.06,-35.69,18.94,58.35,-83,-159.68
52.389656,-1.556759,149.71,10.74,3,247.83,18 / 19,4045910,2019-09-06 20:27:31:653,0.6758,-0.7864,9.2508,-0.0053,-0.0155,9.8066,0.042,-0.0403,0.0041,9.5,-35.44,19.38,56.95,-82.87,-160.83
52.389656,-1.556759,149.71,10.74,3,247.83,18 / 19,4046009,2019-09-06 20:27:31:752,-0.1442,0.3243,9.7567,0.0164,0.0213,9.8065,0.1358,-0.057,0.0824,9.63,-35.25,18.88,56.58,-82.96,-161.02
52.389656,-1.556759,149.71,10.74,3,247.83,18 / 19,4046109,2019-09-06 20:27:31:852,3.0549,-0.6004,7.9971,0.0063,-0.0092,9.8066,-0.0391,-0.1038,0.0517,9.31,-35.44,18.88,53.17,-82.88,-161.94
52.389656,-1.556759,149.71,10.74,3,247.83,18 / 19,4046209,2019-09-06 20:27:31:952,1.0568,3.6425,10.9358,-0.0214,-0.0333,9.8065,0.302,0.0077,-0.0157,9.63,-35.25,19.94,53.62,-82.84,-162.24
52.389656,-1.556759,149.71,10.74,3,247.83,18 / 19,4046310,2019-09-06 20:27:32:053,2.1094,-1.5238,8.866,0.0076,-0.0154,9.8066,-0.2306,-0.0045,0.0435,10,-35,20.19,53.36,-82.86,-162.44
52.389656,-1.556759,149.71,10.74,3,247.83,18 / 20,4046410,2019-09-06 20:27:32:153,1.862,-0.4181,11.1586,-0.0191,-0.0397,9.8064,-0.1271,0.2189,-0.107,9.81,-35.44,20,51.01,-82.66,-164.77
52.389656,-1.556759,149.71,10.74,3,247.83,18 / 20,4046510,2019-09-06 20:27:32:253,1.1672,0.1469,11.1427,0.005,0.0087,9.8066,-0.1644,0.1195,0.0278,9.38,-35.37,20.88,48.93,-82.68,-163
52.389656,-1.556759,149.71,10.74,3,247.83,18 / 20,4046610,2019-09-06 20:27:32:353,1.5408,-3.8877,8.9262,0.018,0.0141,9.8066,-0.1614,0.2624,-0.0429,9.94,-34.5,20.25,52.42,-82.7,-163.22
52.389656,-1.556759,149.71,10.74,3,247.83,18 / 20,4046710,2019-09-06 20:27:32:453,1.6597,-0.606,9.9012,-0.0032,-0.0066,9.8065,-0.0122,0.0186,0.0152,9.25,-35.87,20.31,51.5,-82.83,-162.22
52.389656,-1.556759,149.71,10.74,3,247.83,18 / 20,4046810,2019-09-06 20:27:32:553,0.4786,0.3146,10.5524,0.0189,0.0192,9.8066,-0.0147,0.0835,-0.0687,9.44,-34.75,20,51.7,-83.16,-161.34
52.389656,-1.556759,149.71,10.74,3,247.83,18 / 20,4046909,2019-09-06 20:27:32:652,2.9657,-1.4291,9.7556,-0.01,-0.0303,9.8065,0.0801,0.0624,-0.0039,9.56,-35.44,19.94,54.02,-83.2,-161.4
52.389656,-1.556759,149.71,10.74,3,247.83,18 / 20,4047010,2019-09-06 20:27:32:753,0.7757,-0.4238,9.5376,-0.0143,-0.0151,9.8066,0.11,0.0412,0.0376,9.19,-35.69,20.56,48.77,-82.93,-163.07
52.389656,-1.556759,149.71,10.74,3,247.83,18 / 20,4047110,2019-09-06 20:27:32:853,0.154,-0.8909,10.5844,0.0146,0.0092,9.8066,-0.0329,0.0458,-0.0657,9.13,-35.44,20.69,48.36,-82.86,-163.28
52.389656,-1.556759,149.71,10.74,3,247.83,18 / 20,4047209,2019-09-06 20:27:32:952,1.9779,-1.8047,10.0508,0.0236,0.0087,9.8065,0.0748,0.1678,-0.0563,9.38,-35.81,20.5,46.24,-83,-165.18
52.389656,-1.556759,149.71,10.74,3,247.83,18 / 20,4047310,2019-09-06 20:27:33:053,2.6736,1.9901,11.3517,0.0298,-0.0105,9.8065,0.2368,0.0524,-0.1656,8.5,-35.25,21.06,44.39,-83.15,-166.38
52.389656,-1.556759,149.71,10.74,3,247.83,18 / 19,4047410,2019-09-06 20:27:33:153,-1.5991,-1.2257,9.4995,0.0577,0.0673,9.8062,-0.0044,0.085,-0.0874,9,-34.37,21.63,40.03,-83.45,-168.45
52.389656,-1.556759,149.71,10.74,3,247.83,18 / 19,4047510,2019-09-06 20:27:33:253,1.4122,-2.6599,10.3133,-0.0079,-0.0296,9.8065,-0.1357,0.105,0.0952,8.69,-34.25,21.31,40.15,-83.06,-169.94
52.389656,-1.556759,149.71,10.74,3,247.83,18 / 19,4047610,2019-09-06 20:27:33:353,0.3175,2.2892,8.9058,-0.0185,-0.0405,9.8065,-0.3017,-0.0771,-0.0476,8.63,-34.94,21.06,40.67,-82.86,-169.9
52.389656,-1.556759,149.71,10.74,3,247.83,18 / 19,4047709,2019-09-06 20:27:33:452,3.7875,3.7068,9.2822,0.0077,0.0431,9.8065,0.3958,0.1519,0.029,8.31,-33.44,21.31,34.77,-83.03,-172.13
52.389656,-1.556759,149.71,10.74,3,247.83,18 / 19,4047810,2019-09-06 20:27:33:553,2.437,0.1823,8.3456,-0.0102,0.0114,9.8066,0.0755,0.0187,0.2464,8.13,-34.31,21.88,35.16,-82.75,-171.11
52.389656,-1.556759,149.71,10.74,3,247.83,18 / 19,4047910,2019-09-06 20:27:33:653,-0.8683,1.4403,11.759,-0.0409,0.0058,9.8065,-0.1548,0.0171,-0.0477,7.81,-34.75,21.06,36.15,-83.11,-171.24
52.389656,-1.556759,149.71,10.74,3,247.83,18 / 19,4048009,2019-09-06 20:27:33:752,-1.0953,-2.5563,11.8124,0.0634,0.1193,9.8057,0.8387,0.0881,-0.0008,7,-35.06,23.19,34.79,-83.63,-167.61
52.389656,-1.556759,149.71,10.74,3,247.83,18 / 19,4048109,2019-09-06 20:27:33:852,-2.1539,-1.6044,12.0781,-0.0516,-0.1196,9.8057,-0.5861,0.0927,-0.0339,7.56,-34.06,22.44,36.27,-83.25,-169.71
52.389656,-1.556759,149.71,10.74,3,247.83,18 / 19,4048210,2019-09-06 20:27:33:953,0.4841,-2.5554,12.0024,0.0265,0.052,9.8064,0.315,0.1984,0.055,7.94,-34.75,22.75,34.31,-83.78,-170.08
52.389656,-1.556759,149.71,10.74,3,247.83,18 / 19,4048310,2019-09-06 20:27:34:053,-1.1441,0.3214,9.0249,-0.0012,-0.0244,9.8065,-0.2073,0.2891,-0.1301,8.25,-34.5,23,36.09,-83.23,-168.86
52.389656,-1.556759,149.71,10.74,3,247.83,19 / 20,4048410,2019-09-06 20:27:34:153,-0.1428,-0.9209,10.2654,0.0226,0.0252,9.8065,0.1338,0.087,-0.0397,7.75,-34.62,23.06,33.08,-83.61,-171.28
52.389656,-1.556759,149.71,10.74,3,247.83,19 / 20,4048509,2019-09-06 20:27:34:252,0.7139,1.3772,10.4006,-0.0331,-0.0097,9.8066,-0.1011,0.1984,-0.0117,8.13,-34.56,22.88,35.84,-83.74,-168.78
52.389656,-1.556759,149.71,10.74,3,247.83,19 / 20,4048610,2019-09-06 20:27:34:353,0.8846,0.0513,10.8669,-0.0142,-0.024,9.8065,0.1023,0.0578,0.0071,7,-34.62,23.19,34.61,-83.61,-167.78
52.389656,-1.556759,149.71,10.74,3,247.83,19 / 20,4048710,2019-09-06 20:27:34:453,0.0166,-1.8212,10.338,-0.0368,-0.0477,9.8065,-0.0414,0.062,0.0586,7.56,-34,23.5,36.33,-83.06,-167.84
52.389656,-1.556759,149.71,10.74,3,247.83,19 / 20,4048810,2019-09-06 20:27:34:553,0.3689,-0.2355,9.6089,0.0046,0.0272,9.8065,-0.1633,0.0744,0.0428,7.25,-35.06,23.81,34.97,-82.81,-167.28
52.389656,-1.556759,149.71,10.74,3,247.83,19 / 20,4048910,2019-09-06 20:27:34:653,0.5403,0.0715,9.7697,0.0133,0.0114,9.8066,-0.0093,0.0312,-0.027,6.88,-34.31,24,34.73,-83.03,-167.13
52.389656,-1.556759,149.71,10.74,3,247.83,19 / 20,4049009,2019-09-06 20:27:34:752,0.4122,0.7399,9.0296,0.02,-0.007,9.8065,-0.0785,0.0496,-0.0193,7.25,-34.5,23.06,34.14,-83.19,-168.39
52.389656,-1.556759,149.71,10.74,3,247.83,19 / 20,4049110,2019-09-06 20:27:34:853,0.2376,-0.6251,9.7668,0.0214,0.0233,9.8065,-0.0524,0.04,-0.0161,7,-34.25,23.38,33.52,-83.32,-168.82
52.389656,-1.556759,149.71,10.74,3,247.83,19 / 20,4049209,2019-09-06 20:27:34:952,1.0217,-0.4901,10.3992,-0.0005,-0.0161,9.8066,-0.0333,0.068,-0.0172,7.56,-34.37,23.75,33.38,-83.53,-170.01
52.389656,-1.556759,149.71,10.74,3,247.83,19 / 20,4049310,2019-09-06 20:27:35:053,0.3798,0.7688,10.2369,-0.0027,-0.0157,9.8066,0.0376,0.0468,-0.0167,7.25,-33.87,23.31,31.23,-83.28,-170.8
52.389656,-1.556759,149.71,10.74,3,247.83,19 / 20,4049410,2019-09-06 20:27:35:153,0.7543,-0.3946,9.8389,0.0018,0.0042,9.8065,0.0685,0.0449,-0.0285,7.13,-34.56,23.44,31.04,-83.13,-171.23
52.389656,-1.556759,149.71,10.74,3,247.83,19 / 20,4049509,2019-09-06 20:27:35:252,-0.3556,0.7704,10.3471,0.0075,0.0224,9.8066,-0.0525,0.0805,-0.0084,7.81,-34.25,24.31,32.43,-83.17,-171.11
52.389656,-1.556759,149.71,10.74,3,247.83,19 / 20,4049610,2019-09-06 20:27:35:353,0.302,-0.896,10.0439,0.0087,0.0067,9.8065,0.0441,0.0559,0.0354,7.13,-34.37,23.44,30.01,-83.38,-171.77
52.389656,-1.556759,149.71,10.74,3,247.83,19 / 20,4049710,2019-09-06 20:27:35:453,0.0765,0.5354,9.7808,0.0024,-0.0044,9.8066,-0.0777,0.001,-0.0633,7.25,-34.25,23.56,28.95,-83.48,-171.76
52.389656,-1.556759,149.71,10.74,3,247.83,19 / 20,4049810,2019-09-06 20:27:35:553,0.3153,0.199,9.9092,0.0147,-0.0091,9.8066,0.0397,0.0376,0.0008,7.56,-34.5,23.94,28.72,-83.51,-174.06
52.389656,-1.556759,149.71,10.74,3,247.83,19 / 20,4049909,2019-09-06 20:27:35:652,-0.0191,0.5987,9.4264,0.0069,-0.0009,9.8066,0.0323,0.0159,-0.0418,7.81,-33.81,23.06,28.63,-83.45,-175.09
52.389656,-1.556759,149.71,10.74,3,247.83,19 / 20,4050009,2019-09-06 20:27:35:752,-0.6657,-1.3372,10.2079,0.0238,0.0167,9.8065,0.1241,-0.0306,-0.0005,7.44,-34.62,23.75,26.01,-83.26,-174.54
52.389656,-1.556759,149.71,10.74,3,247.83,19 / 20,4050110,2019-09-06 20:27:35:853,0.0138,-0.6189,10.2289,0.0177,0.0271,9.8065,-0.1034,-0.0078,0.0056,7.88,-34.62,24.31,26.42,-83.48,-176.18
52.389656,-1.556759,149.71,10.74,3,247.83,19 / 20,4050210,2019-09-06 20:27:35:953,-0.9961,-0.678,9.7634,-0.0056,-0.0336,9.8065,-0.0407,0.0124,0.0442,7.88,-33.62,23.81,25.32,-83.27,-177.14
52.389656,-1.556759,149.71,10.74,3,247.83,19 / 20,4050310,2019-09-06 20:27:36:053,0.0888,-0.7722,9.533,-0.0128,-0.0343,9.8066,0.0124,-0.036,-0.0069,7.44,-33.81,23.88,22.49,-83.26,-177.41
52.389656,-1.556759,149.71,10.74,3,247.83,19 / 20,4050409,2019-09-06 20:27:36:152,0.0791,-0.134,10.0038,0.0029,-0.0044,9.8066,0.0333,-0.013,-0.0155,7.25,-33.75,24,21.67,-83.36,-178.06
52.389656,-1.556759,149.71,10.74,3,247.83,19 / 20,4050510,2019-09-06 20:27:36:253,0.7277,-0.17,9.8493,0.0023,-0.0138,9.8066,0.0532,0.0159,-0.0598,7.69,-34.06,24.25,22.16,-83.44,-179.73
52.389656,-1.556759,149.71,10.74,3,247.83,19 / 20,4050610,2019-09-06 20:27:36:353,-0.0769,0.5888,10.2707,-0.0134,-0.0181,9.8065,-0.1112,-0.0648,0.0868,7.44,-34.37,24.31,19.68,-83.49,-179.68
52.389656,-1.556759,149.71,10.74,3,247.83,19 / 20,4050709,2019-09-06 20:27:36:452,-0.6278,-0.1845,10.6586,0.0182,0.0034,9.8066,-0.0506,0.026,-0.078,7.81,-34.06,23.31,22.55,-83.55,179.79
52.389656,-1.556759,149.71,10.74,3,247.83,19 / 20,4050810,2019-09-06 20:27:36:553,0.0488,-0.6729,10.1548,-0.0039,-0.0359,9.8065,0.1229,0.0034,0.0312,7.56,-34.44,24.19,19.85,-83.31,178.24
52.389656,-1.556759,149.71,10.74,3,247.83,19 / 20,4050909,2019-09-06 20:27:36:652,-0.3898,1.1189,9.4141,0.0222,-0.0013,9.8065,0.0089,-0.0021,-0.0586,7.63,-34.31,24.44,18.28,-83.31,176.91
52.389656,-1.556759,149.71,10.74,3,247.83,19 / 20,4051010,2019-09-06 20:27:36:753,-0.8228,0.5727,9.8081,0.02,0.0058,9.8066,-0.0033,0.0353,-0.0262,8.31,-34.31,23.38,16.05,-83.42,174.23
52.389656,-1.556759,149.71,10.74,3,247.83,19 / 20,4051110,2019-09-06 20:27:36:853,-0.4158,0.3739,9.3186,0.0008,-0.0111,9.8066,-0.0286,-0.0139,-0.0057,7.63,-34.06,23.88,14.76,-83.46,174
52.389656,-1.556759,149.71,10.74,3,247.83,19 / 20,4051210,2019-09-06 20:27:36:953,-0.8537,0.3613,9.6487,0.0204,0.0218,9.8066,0.0987,0.0047,-0.0441,7.94,-34.44,23.69,12.66,-83.43,172.21
52.389656,-1.556759,149.71,10.74,3,247.83,19 / 20,4051310,2019-09-06 20:27:37:053,-0.5032,0.415,9.5448,-0.0087,-0.0041,9.8066,-0.0027,-0.0368,0.0291,7.94,-34.81,23.63,12.91,-83.42,172.36
52.38908,-1.558029,149.3,12.47,4,221.46,19 / 20,4051410,2019-09-06 20:27:37:153,-1.1902,1.4615,9.7862,-0.0087,-0.0223,9.8065,-0.0663,0.0723,-0.0345,7.75,-34,24.13,13.28,-83.38,172.72
52.38908,-1.558029,149.3,12.47,4,221.46,19 / 20,4051510,2019-09-06 20:27:37:253,-0.7865,-0.7215,10.1199,0.0196,-0.0007,9.8065,-0.1475,0.057,0.0111,8.25,-33.94,23.44,12.97,-83.56,171.69
52.38908,-1.558029,149.3,12.47,4,221.46,19 / 20,4051610,2019-09-06 20:27:37:353,0.0949,-0.1819,10.4002,-0.0149,-0.0361,9.8066,-0.0227,-0.0113,-0.0318,8.19,-34,23.56,10.63,-83.6,170.54
52.38908,-1.558029,149.3,12.47,4,221.46,19 / 20,4051709,2019-09-06 20:27:37:452,-0.4756,0.8191,10.2375,0.0181,0.0018,9.8066,-0.1667,0.077,-0.1213,8.13,-34.44,24,9.67,-83.56,169.72
52.38908,-1.558029,149.3,12.47,4,221.46,19 / 20,4051810,2019-09-06 20:27:37:553,-0.5591,-0.6242,10.0423,0.0093,-0.023,9.8066,0.0252,-0.0182,0.0815,8.38,-33.81,23.94,6.2,-83.36,166.76
52.38908,-1.558029,149.3,12.47,4,221.46,19 / 20,4051909,2019-09-06 20:27:37:652,-0.8648,-0.2797,9.997,-0.0046,-0.0101,9.8066,-0.1181,0.0033,-0.0538,8.44,-33.62,23.69,6.45,-83.34,166.96
52.38908,-1.558029,149.3,12.47,4,221.46,19 / 20,4052010,2019-09-06 20:27:37:753,-0.5868,-0.9835,10.2361,-0.0036,-0.0192,9.8066,0.0383,-0.0305,-0.0139,8.69,-33.69,23.81,9,-83.23,166.98
52.38908,-1.558029,149.3,12.47,4,221.46,19 / 20,4052109,2019-09-06 20:27:37:852,-0.2052,-0.1286,10.0302,0.0008,-0.0172,9.8066,0.0776,-0.0347,0.0019,8.69,-33.62,23.88,8.04,-83.23,166.17
52.38908,-1.558029,149.3,12.47,4,221.46,19 / 20,4052210,2019-09-06 20:27:37:953,-0.5358,0.1901,9.4939,0.0077,0.0079,9.8066,0.0603,-0.0097,0.007,8.25,-33.87,23.38,6.29,-83.27,166.04
52.38908,-1.558029,149.3,12.47,4,221.46,19 / 20,4052310,2019-09-06 20:27:38:053,-0.4776,1.3866,9.9841,-0.0058,-0.0065,9.8066,0.1212,-0.0457,-0.0031,8.25,-34.12,23.88,5.41,-83.2,166.08
52.38908,-1.558029,149.3,12.47,4,221.46,18 / 19,4052410,2019-09-06 20:27:38:153,-0.3168,0.3195,9.621,-0.0033,0.0165,9.8066,0.1279,-0.0556,-0.0509,8.75,-33.31,24.44,8.6,-83.27,166.69
52.38908,-1.558029,149.3,12.47,4,221.46,18 / 19,4052510,2019-09-06 20:27:38:253,-0.7024,-0.9679,9.7114,0.0136,0.0209,9.8066,-0.107,-0.0011,0.0323,8.19,-33.06,24.06,5.6,-83.29,166.27
52.38908,-1.558029,149.3,12.47,4,221.46,18 / 19,4052610,2019-09-06 20:27:38:353,-0.3855,0.8783,10.1482,-0.0083,-0.0166,9.8065,-0.1049,-0.0435,0.0086,9.19,-33.31,23.69,7.02,-83.32,165.36
52.38908,-1.558029,149.3,12.47,4,221.46,18 / 19,4052710,2019-09-06 20:27:38:453,-0.421,1.0219,9.2504,0.0032,-0.0145,9.8065,0.0385,-0.015,-0.0266,9.44,-34,24.44,6.57,-83.25,164.95
52.38908,-1.558029,149.3,12.47,4,221.46,18 / 19,4052810,2019-09-06 20:27:38:553,-1.1607,-0.3876,9.9732,0.0219,0.0158,9.8065,0.0496,-0.075,0.0348,8.88,-33.87,23.88,3.99,-83.37,162.8
52.38908,-1.558029,149.3,12.47,4,221.46,18 / 19,4052909,2019-09-06 20:27:38:652,-0.8842,1.0183,10.1919,0.0118,0.0127,9.8065,-0.0087,-0.0374,-0.0291,9.31,-33.06,23.88,3.17,-83.38,162.12
52.38908,-1.558029,149.3,12.47,4,221.46,18 / 19,4053011,2019-09-06 20:27:38:754,-0.415,0.1464,10.0561,-0.002,-0.0237,9.8066,0.0151,-0.0392,-0.0393,9.38,-33.69,22.94,3.41,-83.24,161.47
52.38908,-1.558029,149.3,12.47,4,221.46,18 / 19,4053110,2019-09-06 20:27:38:853,-0.9273,0.1335,9.7631,-0.007,-0.0068,9.8066,0.001,-0.0541,0.0032,9.44,-33.62,22.69,1.84,-83.19,160.16
52.38908,-1.558029,149.3,12.47,4,221.46,18 / 19,4053209,2019-09-06 20:27:38:952,-1.1186,-0.7022,9.2679,0.0086,-0.0144,9.8066,-0.11,0.0448,-0.0252,9.56,-33.44,22.44,6.07,-83.1,160.59
52.38908,-1.558029,149.3,12.47,4,221.46,18 / 19,4053309,2019-09-06 20:27:39:052,-0.5354,0.9843,9.718,-0.0119,-0.0136,9.8066,-0.0887,-0.056,0.027,9.81,-33.62,22.75,3.1,-83.11,159.08
52.38908,-1.558029,149.3,12.47,4,221.46,19 / 20,4053409,2019-09-06 20:27:39:152,-1.0413,-0.6954,10.1258,0.0005,-0.0106,9.8066,0.1323,-0.0444,-0.0524,9.63,-33.69,23.06,2.45,-83.21,158.54
52.38908,-1.558029,149.3,12.47,4,221.46,19 / 20,4053510,2019-09-06 20:27:39:253,-0.4934,0.2888,10.8094,0.0094,-0.0057,9.8065,-0.0933,-0.0855,0.0197,9.38,-33.44,22.69,359.41,-83.23,158.13
52.38908,-1.558029,149.3,12.47,4,221.46,19 / 20,4053610,2019-09-06 20:27:39:353,-0.8808,0.4413,10.6571,-0.0104,-0.039,9.8065,0.0891,-0.0428,-0.0598,10.19,-34.12,22.94,1.49,-83.23,157.74
52.38908,-1.558029,149.3,12.47,4,221.46,19 / 20,4053710,2019-09-06 20:27:39:453,-1.8634,-0.2169,9.9648,-0.0007,-0.0041,9.8065,-0.0676,-0.0668,-0.0333,9.25,-33.75,23.44,359.03,-82.86,157.83
52.38908,-1.558029,149.3,12.47,4,221.46,19 / 20,4053810,2019-09-06 20:27:39:553,-0.4373,0.5314,10.0241,0.0131,0.0126,9.8066,0.0032,-0.0262,-0.0134,9.88,-33.81,22,1.24,-82.94,156.57
52.38908,-1.558029,149.3,12.47,4,221.46,19 / 20,4053910,2019-09-06 20:27:39:653,-1.3697,0.8495,10.0911,-0.0141,-0.023,9.8065,0.0097,-0.0196,0.0092,9.88,-33.87,22.19,359.92,-83.09,155.49
52.38908,-1.558029,149.3,12.47,4,221.46,19 / 20,4054009,2019-09-06 20:27:39:752,-0.7031,-0.5881,9.9487,-0.005,-0.0266,9.8066,0.0391,-0.0388,0.0196,9.81,-34.31,21.81,0.3,-82.92,155.81
52.38908,-1.558029,149.3,12.47,4,221.46,19 / 20,4054110,2019-09-06 20:27:39:853,-1.723,-0.5647,9.8432,-0.0158,-0.0214,9.8065,-0.0164,-0.0574,0.0004,9.69,-33.94,22.81,359.77,-82.85,156.31
52.38908,-1.558029,149.3,12.47,4,221.46,19 / 20,4054209,2019-09-06 20:27:39:952,-0.3081,0.8561,9.7344,-0.0019,0.0031,9.8066,-0.0757,-0.0749,-0.0194,9.69,-34.19,22,1.76,-82.85,156.99
52.38908,-1.558029,149.3,12.47,4,221.46,19 / 20,4054309,2019-09-06 20:27:40:052,-0.2771,1.5219,9.6485,0.0094,-0.0084,9.8066,0.0323,-0.068,0.0095,10,-34.12,22.31,1.43,-82.83,156.73
52.38908,-1.558029,149.3,12.47,4,221.46,18 / 19,4054410,2019-09-06 20:27:40:153,-1.008,0.0489,10.1673,0.011,0.018,9.8066,0.0565,-0.071,-0.0008,9.88,-33.62,22.75,359.06,-82.95,155.73
52.38908,-1.558029,149.3,12.47,4,221.46,18 / 19,4054509,2019-09-06 20:27:40:252,-1.3141,0.575,9.5379,0.0041,-0.0036,9.8066,0.089,-0.0494,0.0069,10.19,-33.81,21.81,0.71,-82.77,156.13
52.38908,-1.558029,149.3,12.47,4,221.46,18 / 19,4054610,2019-09-06 20:27:40:353,-0.3061,0.0336,9.468,0.0003,0.015,9.8066,0.0846,-0.0259,-0.0413,9.69,-33.62,21.81,0.38,-82.8,155.87
52.38908,-1.558029,149.3,12.47,4,221.46,18 / 19,4054710,2019-09-06 20:27:40:453,-1.8195,0.7327,9.9361,0.0029,0.0143,9.8066,-0.1258,0.0028,-0.033,10.25,-34.06,22.75,359.13,-82.83,155.78
52.38908,-1.558029,149.3,12.47,4,221.46,18 / 19,4054809,2019-09-06 20:27:40:552,-0.34,0.9532,10.2271,-0.0016,-0.0071,9.8066,-0.0504,-0.0403,0.0471,10,-34.12,21.94,0.4,-82.82,155.89
52.38908,-1.558029,149.3,12.47,4,221.46,18 / 19,4054909,2019-09-06 20:27:40:652,-0.7622,1.3965,9.7389,-0.0171,-0.0147,9.8065,0.1302,-0.1023,-0.0239,10.81,-34.25,21.63,4.42,-82.72,157.04
52.38908,-1.558029,149.3,12.47,4,221.46,18 / 19,4055010,2019-09-06 20:27:40:753,-0.8853,0.6304,10.3603,-0.0025,0.0167,9.8066,0.0113,-0.064,-0.0347,10.31,-34.44,21.69,3.29,-82.79,158.24
52.38908,-1.558029,149.3,12.47,4,221.46,18 / 19,4055109,2019-09-06 20:27:40:852,-1.6422,-0.0007,9.5922,0.0222,0.023,9.8066,0.0435,-0.0651,0.0154,10.88,-33.81,21.44,6.34,-82.8,157.51
52.38908,-1.558029,149.3,12.47,4,221.46,18 / 19,4055209,2019-09-06 20:27:40:952,-1.2895,0.7764,9.7545,0.0072,0.011,9.8066,0.0067,-0.1205,0.004,10.06,-34.06,22,2.69,-82.84,157.75
52.38908,-1.558029,149.3,12.47,4,221.46,18 / 19,4055309,2019-09-06 20:27:41:052,-1.3901,-2.1197,9.6702,0.0039,0.023,9.8066,-0.0236,-0.0372,0.0049,10.06,-33.94,21.69,2.61,-82.86,157.69
52.38908,-1.558029,149.3,12.47,4,221.46,19 / 20,4055410,2019-09-06 20:27:41:153,-0.5502,1.2641,9.6454,-0.0165,-0.0098,9.8065,-0.0227,-0.0631,0.0221,10.13,-34.19,21.81,2.55,-82.93,157.64
52.38908,-1.558029,149.3,12.47,4,221.46,19 / 20,4055510,2019-09-06 20:27:41:253,-1.0257,1.9583,9.886,-0.0054,-0.0002,9.8066,0.06,-0.0297,0.0113,10.56,-34.12,21.13,7.92,-82.96,158.82
52.38908,-1.558029,149.3,12.47,4,221.46,19 / 20,4055609,2019-09-06 20:27:41:352,-0.7667,0.9933,9.8692,0.0174,0.0301,9.8065,0.0984,-0.114,0.0621,10.5,-34.31,20.88,7.8,-83.05,158.75
52.38908,-1.558029,149.3,12.47,4,221.46,19 / 20,4055710,2019-09-06 20:27:41:453,-1.7734,1.0188,9.5648,0.0123,0.0269,9.8065,0.0297,-0.0528,-0.0134,10.5,-33.69,20.88,8.43,-83.07,159.27
52.38908,-1.558029,149.3,12.47,4,221.46,19 / 20,4055810,2019-09-06 20:27:41:553,0.6061,1.9594,11.66,0.0178,0.026,9.8065,-0.1627,-0.0315,0.0005,10.81,-33.87,21.25,8.79,-83.12,159.57
52.38908,-1.558029,149.3,12.47,4,221.46,19 / 20,4055910,2019-09-06 20:27:41:653,-1.7091,2.6732,11.0119,0.0217,0.0565,9.8064,0.5062,-0.0626,-0.0499,11.13,-33.87,20.5,8.37,-83.22,159.26
52.38908,-1.558029,149.3,12.47,4,221.46,19 / 20,4056010,2019-09-06 20:27:41:753,-0.186,-1.9015,9.7845,0.0407,0.0726,9.8062,0.4325,-0.2269,-0.0561,10.88,-34.31,20.88,9.13,-83.14,159.86
52.38908,-1.558029,149.3,12.47,4,221.46,19 / 20,4056109,2019-09-06 20:27:41:852,-1.7357,-0.2664,11.2032,0.099,0.1316,9.8052,0.0437,-0.0409,0.0573,11.19,-34.12,20.38,7.66,-83.65,157.54
52.38908,-1.558029,149.3,12.47,4,221.46,19 / 20,4056209,2019-09-06 20:27:41:952,-1.2622,-0.8026,10.9014,-0.0136,-0.0234,9.8066,0.1984,-0.0432,-0.0402,11.31,-33.44,20.31,7.96,-83.24,157.74
52.38908,-1.558029,149.3,12.47,4,221.46,19 / 20,4056310,2019-09-06 20:27:42:053,-1.816,-0.1859,10.2735,0.0199,0.0176,9.8066,-0.1656,-0.0503,-0.023,11.38,-34.31,19.88,6.92,-83.3,156.86
52.38908,-1.558029,149.3,12.47,4,221.46,19 / 20,4056410,2019-09-06 20:27:42:153,-0.7709,1.3445,10.5849,-0.0016,-0.0112,9.8066,-0.0032,-0.0933,0.0569,11.25,-34,20.44,6.72,-83.16,156.67
52.38908,-1.558029,149.3,12.47,4,221.46,19 / 20,4056510,2019-09-06 20:27:42:253,-1.4477,-0.7755,9.6631,0.0013,0.0253,9.8066,-0.016,-0.1135,0.0056,11.63,-33.81,20.44,9.96,-83.23,157.22
52.38908,-1.558029,149.3,12.47,4,221.46,19 / 20,4056610,2019-09-06 20:27:42:353,-1.5664,-0.1572,10.3341,-0.0094,-0.0006,9.8065,0.0389,-0.0167,0.0327,11.25,-33.62,20,9.74,-83.07,159.12
52.38908,-1.558029,149.3,12.47,4,221.46,19 / 20,4056709,2019-09-06 20:27:42:452,-0.864,1.5669,10.473,-0.0142,0.0099,9.8066,0.0656,-0.0587,0.0994,11.38,-34.25,19.81,11.53,-83.15,160.6
52.38908,-1.558029,149.3,12.47,4,221.46,19 / 20,4056810,2019-09-06 20:27:42:553,-1.5119,0.6604,9.5718,-0.028,0.0159,9.8065,0.1014,-0.0426,0.0537,11.38,-34.56,19.5,15.78,-83.32,164.08
52.38908,-1.558029,149.3,12.47,4,221.46,19 / 20,4056910,2019-09-06 20:27:42:653,1.5953,1.4401,9.0641,-0.0205,-0.0091,9.8066,0.0218,-0.0823,0.0518,11,-34.81,19.19,19.31,-83.44,165.67
52.38908,-1.558029,149.3,12.47,4,221.46,19 / 20,4057010,2019-09-06 20:27:42:753,-0.316,-0.9089,10.2119,0.0011,0.0388,9.8065,-0.0355,0.137,-0.1092,11.25,-35,19.31,18.65,-83.72,165.28
52.38908,-1.558029,149.3,12.47,4,221.46,19 / 20,4057109,2019-09-06 20:27:42:852,-0.6476,0.576,9.7213,0.0327,-0.0022,9.8065,0.0337,-0.0534,0.0331,10.5,-34.5,19.56,14.22,-83.71,163.03
52.38908,-1.558029,149.3,12.47,4,221.46,19 / 20,4057209,2019-09-06 20:27:42:952,-0.2356,1.0747,9.7512,0.0017,-0.0055,9.8066,-0.1,-0.1179,-0.1125,11.06,-34.37,19.19,15.59,-83.66,162.8
52.38908,-1.558029,149.3,12.47,4,221.46,19 / 20,4057310,2019-09-06 20:27:43:053,-0.2631,0.2093,9.5861,0.0191,0.0164,9.8066,0.0123,-0.0639,0.0655,11.38,-34.06,19.69,12.41,-83.72,161.52
52.38908,-1.558029,149.3,12.47,4,221.46,19 / 20,4057409,2019-09-06 20:27:43:152,-0.1104,0.6476,10.1574,-0.0306,-0.0273,9.8065,-0.036,-0.0307,0.0024,11.31,-34.19,19.69,13.31,-83.54,162.21
52.38908,-1.558029,149.3,12.47,4,221.46,19 / 20,4057510,2019-09-06 20:27:43:253,-1.0336,0.0217,9.71,-0.005,0.001,9.8066,0.012,0.0108,0.0359,11.13,-33.94,19.81,13.05,-83.68,162.04
52.38908,-1.558029,149.3,12.47,4,221.46,19 / 20,4057609,2019-09-06 20:27:43:352,-0.8069,0.1468,9.6954,-0.0142,0.0104,9.8066,0.0274,0.0216,0.0547,10.88,-34.44,19.19,16.15,-83.78,163.31
52.38908,-1.558029,149.3,12.47,4,221.46,19 / 20,4057709,2019-09-06 20:27:43:452,-0.1773,0.1935,9.8858,0.0096,0.0165,9.8066,0.0009,0.0275,-0.0742,11.13,-34.19,19,16.19,-83.89,163.39
52.38908,-1.558029,149.3,12.47,4,221.46,19 / 20,4057810,2019-09-06 20:27:43:553,-0.1348,0.1199,10.1291,-0.0011,-0.0164,9.8065,-0.0429,-0.0208,-0.0187,11.06,-34.37,19.38,17.42,-83.83,164.4
52.38908,-1.558029,149.3,12.47,4,221.46,19 / 20,4057910,2019-09-06 20:27:43:653,0.1094,2.065,9.6117,0.0035,0.0035,9.8065,0.0622,-0.0463,0.0297,11.56,-34.5,19,19.35,-83.74,163.83
52.38908,-1.558029,149.3,12.47,4,221.46,19 / 20,4058009,2019-09-06 20:27:43:752,0.045,2.1548,9.3989,-0.001,-0.0104,9.8066,-0.128,-0.1102,0.0273,11.56,-34.56,18.81,19.64,-83.76,163.99
52.38908,-1.558029,149.3,12.47,4,221.46,19 / 20,4058109,2019-09-06 20:27:43:852,-0.6545,0.0729,10.1948,-0.0123,-0.0261,9.8066,0.1065,-0.021,-0.0183,11.56,-34.69,18.94,19.33,-83.81,163.77
52.38908,-1.558029,149.3,12.47,4,221.46,19 / 20,4058209,2019-09-06 20:27:43:952,-1.0072,-0.3166,9.754,0.0024,0.0137,9.8066,0.1167,-0.03,0.0445,11.75,-34.87,19,19.22,-83.88,163.71
52.38908,-1.558029,149.3,12.47,4,221.46,19 / 20,4058310,2019-09-06 20:27:44:053,-0.3045,0.0588,10.3655,0.0068,0.0168,9.8066,-0.0083,-0.0086,-0.0588,12.56,-34.37,19,22,-83.88,164.12
52.38908,-1.558029,149.3,12.47,4,221.46,19 / 20,4058410,2019-09-06 20:27:44:153,-0.5476,0.1509,10.6696,0.005,0.0108,9.8066,0.0217,-0.011,-0.0494,11.75,-34.06,18.81,21.03,-83.73,165.23
52.38908,-1.558029,149.3,12.47,4,221.46,19 / 20,4058510,2019-09-06 20:27:44:253,0.2748,0.6528,10.2567,0.0171,0.0244,9.8065,-0.0245,-0.0213,-0.0645,11.25,-34.87,18.81,18.02,-83.88,164.84
52.38908,-1.558029,149.3,12.47,4,221.46,19 / 20,4058610,2019-09-06 20:27:44:353,-0.7674,0.5191,10.0391,-0.0046,0.0021,9.8066,-0.0387,0.0248,0.0418,11.81,-34.62,18.56,22,-83.83,166.01
52.38908,-1.558029,149.3,12.47,4,221.46,19 / 20,4058710,2019-09-06 20:27:44:453,0.0065,0.6723,9.4142,0.0031,0.0013,9.8066,-0.0027,-0.0023,-0.0158,11.94,-34.75,19.13,21.31,-83.83,165.43
52.38908,-1.558029,149.3,12.47,4,221.46,19 / 20,4058810,2019-09-06 20:27:44:553,0.124,0.8589,9.7569,-0.0124,-0.0111,9.8066,-0.0248,-0.0138,-0.0043,11.5,-34.87,19.06,20.84,-83.8,165.02
52.38908,-1.558029,149.3,12.47,4,221.46,19 / 20,4058909,2019-09-06 20:27:44:652,0.014,0.2797,9.6063,-0.0035,-0.0133,9.8066,0.0416,0.0274,0.0056,12.06,-35.12,18.81,20.25,-83.85,164.55
52.38908,-1.558029,149.3,12.47,4,221.46,19 / 20,4059009,2019-09-06 20:27:44:752,-0.3768,0.8168,10.2931,0.02,0.0113,9.8065,0.0029,-0.0163,-0.075,12.19,-34.37,18.69,20.16,-83.82,164.56
52.38908,-1.558029,149.3,12.47,4,221.46,19 / 20,4059109,2019-09-06 20:27:44:852,0.3122,0.1683,10.2694,-0.0013,0.0071,9.8066,0.0051,0.0346,0.0426,12,-34.37,19,19.75,-83.84,164.22
52.38908,-1.558029,149.3,12.47,4,221.46,19 / 20,4059209,2019-09-06 20:27:44:952,-1.2794,-0.8335,10.254,0.0071,-0.0061,9.8065,-0.0116,-0.0226,-0.0425,11.5,-33.81,19,20.31,-83.66,164.59
52.38908,-1.558029,149.3,12.47,4,221.46,19 / 20,4059310,2019-09-06 20:27:45:053,-0.6039,0.1106,10.2546,-0.0082,0.003,9.8066,0.0195,-0.0353,0.0096,12.06,-34.31,18.88,21.26,-83.58,165.34
52.38908,-1.558029,149.3,12.47,4,221.46,19 / 20,4059410,2019-09-06 20:27:45:153,0.2986,-0.38,9.5546,-0.0184,-0.0149,9.8066,-0.1399,-0.0477,0.0695,12.31,-33.75,18.94,23.56,-83.44,167.18
52.38908,-1.558029,149.3,12.47,4,221.46,19 / 20,4059510,2019-09-06 20:27:45:253,0.1036,0.8562,9.9044,-0.0196,-0.0294,9.8065,-0.1027,-0.0193,0.0046,11.69,-34.31,18.31,25.56,-83.44,167.27
52.38908,-1.558029,149.3,12.47,4,221.46,19 / 20,4059610,2019-09-06 20:27:45:353,0.0253,-0.2162,9.5463,-0.004,0.0026,9.8066,0.0016,-0.039,0.0344,11.88,-34.19,18.69,25.2,-83.5,168.6
52.38908,-1.558029,149.3,12.47,4,221.46,19 / 20,4059710,2019-09-06 20:27:45:453,-0.1511,0.598,9.1401,-0.012,-0.0086,9.8065,-0.0208,0.0042,0.035,12.06,-34.19,17.88,28.25,-83.51,169.58
52.38908,-1.558029,149.3,12.47,4,221.46,19 / 20,4059811,2019-09-06 20:27:45:554,-0.0405,0.7118,9.602,0.0092,0.0117,9.8066,0.0401,-0.0095,-0.0125,12.31,-34.44,18.38,28.4,-83.64,169.81
52.38908,-1.558029,149.3,12.47,4,221.46,19 / 20,4059910,2019-09-06 20:27:45:653,-0.017,-0.0026,9.9462,0.0049,0.0006,9.8066,0.0196,0.0292,-0.0187,12.5,-34.44,18.81,28.46,-83.63,169.45
52.38908,-1.558029,149.3,12.47,4,221.46,19 / 20,4060009,2019-09-06 20:27:45:752,0.565,0.0985,10.3553,0.0067,-0.0094,9.8066,0.0841,-0.0039,-0.0615,12.38,-34.44,19.06,26.45,-83.55,169.68
52.38908,-1.558029,149.3,12.47,4,221.46,19 / 20,4060109,2019-09-06 20:27:45:852,-0.9606,-1.4289,9.9672,-0.0196,-0.0222,9.8065,0.0648,-0.0068,-0.0178,12.56,-34.44,18.75,27.62,-83.46,168.6
52.38908,-1.558029,149.3,12.47,4,221.46,19 / 20,4060210,2019-09-06 20:27:45:953,-0.7064,-0.1124,10.3097,-0.0181,-0.0174,9.8065,0.0032,0.0007,0.0377,12,-33.94,18.75,26.39,-83.25,169.41
52.38908,-1.558029,149.3,12.47,4,221.46,19 / 20,4060309,2019-09-06 20:27:46:052,-0.302,-0.8384,9.8606,0.0025,0.0045,9.8066,-0.0055,0.014,-0.0275,12.81,-34.19,18.38,30.3,-83.37,169.17
52.388447,-1.559353,148.23,12.98,4,242.8,18 / 19,4060409,2019-09-06 20:27:46:152,-0.1861,0.0564,10.2325,-0.012,-0.01,9.8066,-0.0036,-0.0424,0.011,12.44,-34,18.75,26.29,-83.45,169.48
52.388447,-1.559353,148.23,12.98,4,242.8,18 / 19,4060509,2019-09-06 20:27:46:252,-0.5702,0.4983,10.3225,-0.0016,-0.0011,9.8066,0.0768,-0.0252,-0.0812,12.25,-33.31,18.63,26.76,-83.37,169.95
52.388447,-1.559353,148.23,12.98,4,242.8,18 / 19,4060610,2019-09-06 20:27:46:353,-0.6061,-0.7926,10.0765,0.0027,0.0139,9.8066,0.0483,0.0035,0.0133,12,-33.69,19.19,27.56,-83.3,170.43
52.388447,-1.559353,148.23,12.98,4,242.8,18 / 19,4060709,2019-09-06 20:27:46:452,-0.9184,1.3237,10.0076,-0.0138,-0.0067,9.8066,0.0016,0.0388,0.0134,12.81,-33.5,18.31,33.2,-83.19,171.63
52.388447,-1.559353,148.23,12.98,4,242.8,18 / 19,4060810,2019-09-06 20:27:46:553,1.2151,0.0826,9.1492,-0.0187,-0.0306,9.8065,-0.235,0.012,-0.1694,13,-33.87,18.5,31.88,-82.91,171.77
52.388447,-1.559353,148.23,12.98,4,242.8,18 / 19,4060909,2019-09-06 20:27:46:652,-1.677,-3.0723,10.763,0.0016,0.0279,9.8065,0.0454,-0.0216,0.0481,12.38,-34.06,18.94,30.11,-83.1,172.41
52.388447,-1.559353,148.23,12.98,4,242.8,18 / 19,4061010,2019-09-06 20:27:46:753,1.7953,1.3537,9.8213,0.0018,0.0128,9.8066,0.0963,-0.1239,-0.01,12.44,-33.56,18.31,32.78,-83,172.93
52.388447,-1.559353,148.23,12.98,4,242.8,18 / 19,4061110,2019-09-06 20:27:46:853,-1.1712,-0.852,10.0039,0.0092,0.0368,9.8066,0.0383,-0.046,0.0304,12.25,-34.06,18.69,31.33,-83.05,173.39
52.388447,-1.559353,148.23,12.98,4,242.8,18 / 19,4061209,2019-09-06 20:27:46:952,0.0749,0.6638,9.6542,0.0159,0.0301,9.8066,-0.041,-0.0291,0.0672,12.31,-34,17.63,33.94,-83.18,174.07
52.388447,-1.559353,148.23,12.98,4,242.8,18 / 19,4061309,2019-09-06 20:27:47:052,-1.1182,0.4919,10.1424,-0.0317,-0.0465,9.8064,-0.1917,0.0082,-0.0698,12.81,-34.19,18.44,36.98,-82.98,174.45
52.388447,-1.559353,148.23,12.98,4,242.8,18 / 20,4061410,2019-09-06 20:27:47:153,-0.5036,-0.3286,10.0394,-0.0316,-0.0322,9.8065,-0.2456,-0.0359,-0.015,12.81,-34.37,18.13,36.58,-83.09,174.22
52.388447,-1.559353,148.23,12.98,4,242.8,18 / 20,4061509,2019-09-06 20:27:47:252,-0.6662,-1.0867,8.4789,0.0036,0.0042,9.8066,0.0432,-0.0452,0.0311,12.81,-33.87,17.44,39.2,-83.24,174.79
52.388447,-1.559353,148.23,12.98,4,242.8,18 / 20,4061610,2019-09-06 20:27:47:353,-0.2866,0.0759,8.6436,0.0267,0.0334,9.8065,-0.0964,-0.0493,0.0061,12.19,-34.37,17.19,36.48,-83.23,174.48
52.388447,-1.559353,148.23,12.98,4,242.8,18 / 20,4061710,2019-09-06 20:27:47:453,0.2121,0.1395,9.9318,0.0067,0.0257,9.8066,0.0669,-0.0255,0.0207,11.94,-34.31,17.56,34.21,-83.5,174.6
52.388447,-1.559353,148.23,12.98,4,242.8,18 / 20,4061809,2019-09-06 20:27:47:552,0.6782,1.7598,11.02,-0.0077,0.0088,9.8066,0.2264,0.0007,0.0053,12.44,-34.06,17.56,36.4,-83.6,176.55
52.388447,-1.559353,148.23,12.98,4,242.8,18 / 20,4061909,2019-09-06 20:27:47:652,-0.2929,-1.0158,10.329,-0.0416,-0.0643,9.8063,-0.0281,-0.0652,-0.0244,12.69,-33.94,18.56,37.21,-82.73,176.1
52.388447,-1.559353,148.23,12.98,4,242.8,18 / 20,4062010,2019-09-06 20:27:47:753,-0.4676,0.0189,9.2904,-0.0256,-0.0326,9.8065,-0.1168,-0.027,0.0011,12.31,-34,18.31,36.94,-82.44,175.85
52.388447,-1.559353,148.23,12.98,4,242.8,18 / 20,4062110,2019-09-06 20:27:47:853,-0.4851,0.4169,9.232,0.0443,0.0463,9.8064,0.003,0.0134,0.0154,12.25,-34.19,17.63,36.97,-82.99,176.43
52.388447,-1.559353,148.23,12.98,4,242.8,18 / 20,4062210,2019-09-06 20:27:47:953,-0.3879,0.9244,9.6274,0.0308,0.0388,9.8065,-0.0089,-0.0397,-0.0012,12.13,-34.12,17.44,38.42,-83.34,176.23
52.388447,-1.559353,148.23,12.98,4,242.8,18 / 20,4062310,2019-09-06 20:27:48:053,0.7094,0.4599,9.2962,0.0018,0.0016,9.8066,0.1166,-0.0573,0.0111,12.19,-34.69,17.38,38.3,-83.4,176
52.388447,-1.559353,148.23,12.98,4,242.8,19 / 20,4062410,2019-09-06 20:27:48:153,-0.7934,-0.169,10.2045,-0.0121,-0.0092,9.8066,0.0462,-0.0496,0.0001,12.19,-34.31,17.81,36.41,-83.28,176.25
52.388447,-1.559353,148.23,12.98,4,242.8,19 / 20,4062509,2019-09-06 20:27:48:252,-0.2126,-0.4352,10.5538,-0.0031,0.0034,9.8065,0.011,-0.0398,0.0424,12.25,-34.25,17.56,37.23,-83.15,176.82
52.388447,-1.559353,148.23,12.98,4,242.8,19 / 20,4062609,2019-09-06 20:27:48:352,-0.352,-0.0202,10.441,0.0109,0.0059,9.8066,0.029,-0.0646,-0.0441,12.44,-34.25,17.25,39.08,-83.13,176.56
52.388447,-1.559353,148.23,12.98,4,242.8,19 / 20,4062710,2019-09-06 20:27:48:453,0.763,1.0286,10.4823,-0.0035,0.0028,9.8066,0.0483,0.0147,0.0327,12.56,-34.75,16.81,41.21,-83.21,176.26
52.388447,-1.559353,148.23,12.98,4,242.8,19 / 20,4062810,2019-09-06 20:27:48:553,-0.3369,0.0814,10.5552,-0.0034,0.0224,9.8066,0.1,-0.0094,0.0916,12.38,-34,17,40.18,-83.26,177.64
52.388447,-1.559353,148.23,12.98,4,242.8,19 / 20,4062910,2019-09-06 20:27:48:653,-1.1518,0.1001,9.7523,-0.0319,-0.0211,9.8066,-0.0432,-0.028,-0.0113,12.19,-33.75,17.69,39.49,-83.25,178.85
52.388447,-1.559353,148.23,12.98,4,242.8,19 / 20,4063010,2019-09-06 20:27:48:753,0.4022,0.4086,9.515,-0.0193,0.0034,9.8066,-0.0468,-0.05,0.0188,12.13,-34.69,17.25,43.9,-83.09,-179.62
52.388447,-1.559353,148.23,12.98,4,242.8,19 / 20,4063110,2019-09-06 20:27:48:853,-0.3691,0.6153,9.8412,0.003,0.0178,9.8066,-0.0078,-0.0058,0.0378,11.75,-35.12,17.38,45.95,-83.31,-177.59
52.388447,-1.559353,148.23,12.98,4,242.8,19 / 20,4063209,2019-09-06 20:27:48:952,0.2664,0.2133,10.2,-0.0006,0.0089,9.8066,-0.0235,-0.0003,-0.0223,11.38,-34.62,16.75,44.67,-83.34,-176.56
52.388447,-1.559353,148.23,12.98,4,242.8,19 / 20,4063309,2019-09-06 20:27:49:052,0.3291,0.2267,9.7857,-0.014,-0.0006,9.8066,0.0086,-0.0064,0.0042,11.31,-34.37,17.38,45.25,-83.2,-176.01
52.388447,-1.559353,148.23,12.98,4,242.8,19 / 20,4063410,2019-09-06 20:27:49:153,0.1913,-0.0175,9.9273,-0.0204,-0.0045,9.8066,-0.0324,0.0022,0.0422,12.38,-34.62,17.19,48.87,-83.09,-175.36
52.388447,-1.559353,148.23,12.98,4,242.8,19 / 20,4063510,2019-09-06 20:27:49:253,-0.304,0.7151,9.9335,0.0019,0.0094,9.8066,-0.0164,0.0084,0.0121,10.94,-34.75,16.75,47.93,-83.07,-174.13
52.388447,-1.559353,148.23,12.98,4,242.8,19 / 20,4063609,2019-09-06 20:27:49:352,0.008,0.6823,9.6599,0.0026,0.0089,9.8066,-0.0032,-0.0596,-0.0087,11.88,-35,17.19,50.91,-83.19,-173.45
52.388447,-1.559353,148.23,12.98,4,242.8,19 / 20,4063709,2019-09-06 20:27:49:452,0.3084,0.2741,9.2319,-0.0068,0.0007,9.8066,-0.0399,-0.057,0.0365,11.69,-34.56,16.5,51.52,-83.29,-172.78
52.388447,-1.559353,148.23,12.98,4,242.8,19 / 20,4063809,2019-09-06 20:27:49:552,0.3597,-0.169,9.2126,-0.022,-0.0193,9.8066,0.0039,-0.0169,0.0252,12.19,-34.69,16.75,51.95,-83.19,-172.54
52.388447,-1.559353,148.23,12.98,4,242.8,19 / 20,4063910,2019-09-06 20:27:49:653,0.1396,-0.1516,9.8371,-0.0075,0.0029,9.8066,-0.0349,-0.0329,0.027,11.19,-34.62,16.69,50.81,-83.17,-171.5
52.388447,-1.559353,148.23,12.98,4,242.8,19 / 20,4064009,2019-09-06 20:27:49:752,0.0401,0.9414,9.9109,-0.0082,0.0021,9.8066,-0.0525,-0.0197,0.0044,11.81,-34.69,16.44,56.21,-83.24,-170.75
52.388447,-1.559353,148.23,12.98,4,242.8,19 / 20,4064110,2019-09-06 20:27:49:853,0.8703,0.4091,9.3404,0.0034,0.0177,9.8066,0.1451,0.0004,0.0586,11.81,-34.87,16.56,54.39,-83.29,-170.26
52.388447,-1.559353,148.23,12.98,4,242.8,19 / 20,4064210,2019-09-06 20:27:49:953,-0.4698,0.2685,9.7117,0.0052,0.0169,9.8066,0.0745,-0.0476,-0.0167,11.75,-33.62,16.5,56.04,-83.33,-168.47
52.388447,-1.559353,148.23,12.98,4,242.8,19 / 20,4064310,2019-09-06 20:27:50:053,0.3371,0.404,10.319,-0.0003,0.0006,9.8066,0.0239,-0.0356,0.0018,11.75,-33.44,16.13,57.31,-83.34,-169.04
52.388447,-1.559353,148.23,12.98,4,242.8,18 / 19,4064410,2019-09-06 20:27:50:153,-0.1388,0.4467,9.769,0.0097,0.0147,9.8066,0.0809,-0.0116,0.0316,11.81,-33.44,16.19,57.94,-83.32,-168.51
52.388447,-1.559353,148.23,12.98,4,242.8,18 / 19,4064510,2019-09-06 20:27:50:253,-1.0974,-0.7075,9.4501,-0.0367,-0.0284,9.8065,-0.1201,-0.0856,-0.0191,11.25,-34.5,16.19,56.48,-83.03,-168.48
52.388447,-1.559353,148.23,12.98,4,242.8,18 / 19,4064610,2019-09-06 20:27:50:353,0.5202,0.1419,9.7087,-0.0194,-0.022,9.8065,-0.0546,-0.0101,-0.0141,11.13,-35.37,16.56,54.91,-83.22,-167.84
52.388447,-1.559353,148.23,12.98,4,242.8,18 / 19,4064710,2019-09-06 20:27:50:453,0.0489,0.6203,9.4004,0.0034,0.0021,9.8066,0.0222,-0.0036,0.0165,11.19,-35.25,16.13,57.91,-83.32,-167.05
52.388447,-1.559353,148.23,12.98,4,242.8,18 / 19,4064810,2019-09-06 20:27:50:553,0.9367,-0.3424,9.6063,-0.0092,-0.0014,9.8066,0.0581,-0.0832,0.0361,11.88,-35.12,15.63,60.96,-83.38,-166.29
52.388447,-1.559353,148.23,12.98,4,242.8,18 / 19,4064910,2019-09-06 20:27:50:653,0.6849,0.6049,9.7534,0.0031,0.0055,9.8066,0.0314,-0.0507,0.0205,11,-34.87,16.25,58.68,-83.4,-166.24
52.388447,-1.559353,148.23,12.98,4,242.8,18 / 19,4065010,2019-09-06 20:27:50:753,-0.947,-0.9096,10.1573,0.0058,0.0173,9.8066,0.1019,0.0056,0.0304,11.13,-35.06,16.13,59.57,-83.41,-165.43
52.388447,-1.559353,148.23,12.98,4,242.8,18 / 19,4065110,2019-09-06 20:27:50:853,0.8322,-0.38,9.3272,-0.0188,-0.0255,9.8066,-0.0033,-0.0964,0.0154,11.44,-35.44,15.88,59.9,-83.3,-165.32
52.388447,-1.559353,148.23,12.98,4,242.8,18 / 19,4065211,2019-09-06 20:27:50:954,1.0395,-0.3806,9.6765,0.001,0.0154,9.8066,-0.0295,0.0358,-0.0532,11.13,-35.56,16,60.73,-83.35,-164.79
52.388447,-1.559353,148.23,12.98,4,242.8,18 / 19,4065311,2019-09-06 20:27:51:054,0.2378,0.9879,9.5695,0.0032,0.0018,9.8066,0.031,0.0258,0.0109,11.06,-35.19,15.5,61.69,-83.36,-163.6
52.388447,-1.559353,148.23,12.98,4,242.8,18 / 19,4065409,2019-09-06 20:27:51:152,0.0137,-1.1245,9.5486,-0.002,0.0017,9.8066,-0.0179,-0.0146,-0.0138,10.88,-35.87,16.31,62.33,-83.34,-163.37
52.388447,-1.559353,148.23,12.98,4,242.8,18 / 19,4065509,2019-09-06 20:27:51:252,0.4476,-0.0805,9.9861,-0.0138,-0.0025,9.8065,0.0579,-0.0082,-0.026,11.13,-35.62,15.75,62.31,-83.33,-163.41
52.388447,-1.559353,148.23,12.98,4,242.8,18 / 19,4065609,2019-09-06 20:27:51:352,0.5824,-0.6702,9.634,0.0004,-0.0093,9.8065,0.0384,0.0374,-0.041,11.5,-35.44,16.13,63.6,-83.33,-163.97
52.388447,-1.559353,148.23,12.98,4,242.8,18 / 19,4065710,2019-09-06 20:27:51:453,-0.5496,-0.1299,10.1158,-0.0009,-0.0002,9.8066,-0.0477,0.0299,0.0035,10.88,-35.25,15.75,61.54,-83.24,-163.94
52.388447,-1.559353,148.23,12.98,4,242.8,18 / 19,4065810,2019-09-06 20:27:51:553,-0.1367,-0.0612,9.7918,-0.0064,-0.0031,9.8066,-0.0474,0.0013,0.0417,11.13,-35.25,16,61.4,-83.24,-164.07
52.388447,-1.559353,148.23,12.98,4,242.8,18 / 19,4065910,2019-09-06 20:27:51:653,1.3498,0.6561,9.894,0.018,0.0277,9.8066,0.1967,-0.0038,0.0185,11.25,-34.94,16.06,61.63,-83.21,-163.91
52.388447,-1.559353,148.23,12.98,4,242.8,18 / 19,4066010,2019-09-06 20:27:51:753,-0.4771,-0.1174,9.7878,-0.0322,-0.0099,9.8065,0.0768,0.007,0.037,11.69,-33.94,14.88,66.59,-83.36,-163.11
52.388447,-1.559353,148.23,12.98,4,242.8,18 / 19,4066110,2019-09-06 20:27:51:853,0.8384,-0.2218,10.2402,-0.0129,-0.013,9.8066,0.0402,-0.0022,0.0032,11.69,-34.69,16.69,62.89,-83.21,-162.75
52.388447,-1.559353,148.23,12.98,4,242.8,18 / 19,4066209,2019-09-06 20:27:51:952,-0.6646,-0.617,10.7221,0.0065,0.0224,9.8066,0.1011,0.0027,-0.0802,11.19,-35.44,16.5,61.51,-83.32,-161.8
52.388447,-1.559353,148.23,12.98,4,242.8,18 / 19,4066309,2019-09-06 20:27:52:052,0.5661,-2.5766,9.7277,-0.0517,-0.0465,9.8063,0.0646,0.1163,-0.0243,10.56,-35.12,16,62.17,-83.12,-163.58
52.388447,-1.559353,148.23,12.98,4,242.8,18 / 19,4066410,2019-09-06 20:27:52:153,1.2486,-1.4664,8.3102,-0.0113,-0.0274,9.8065,-0.0672,0.0837,-0.0039,10.31,-35.37,17.06,57.95,-83.2,-163.01
52.388447,-1.559353,148.23,12.98,4,242.8,18 / 19,4066510,2019-09-06 20:27:52:253,-0.3031,0.1652,10.0937,0.0027,-0.0131,9.8066,-0.0063,-0.0946,-0.135,10.94,-35.5,16.44,62.31,-83.57,-162.7
52.388447,-1.559353,148.23,12.98,4,242.8,18 / 19,4066610,2019-09-06 20:27:52:353,2.0835,1.0973,9.8794,0.0028,-0.0132,9.8066,0.308,-0.0746,0.0587,11.19,-35.81,16.44,60.94,-83.68,-164.05
52.388447,-1.559353,148.23,12.98,4,242.8,18 / 19,4066709,2019-09-06 20:27:52:452,-1.1189,-0.5639,10.4061,0.0006,0.0178,9.8065,0.0726,-0.0462,0.0746,10.88,-35.31,16.56,59.87,-83.51,-162.97
52.388447,-1.559353,148.23,12.98,4,242.8,18 / 19,4066810,2019-09-06 20:27:52:553,1.2928,0.5273,10.2703,0.0369,0.0255,9.8065,0.1825,0.105,-0.0426,11.31,-35.12,16.88,60.09,-83.53,-162.74
52.388447,-1.559353,148.23,12.98,4,242.8,18 / 19,4066910,2019-09-06 20:27:52:653,-0.1665,0.6278,10.1388,-0.0032,-0.0124,9.8066,-0.1531,0.0975,-0.091,11.5,-35.25,15.63,64.87,-83.38,-162.73
52.388447,-1.559353,148.23,12.98,4,242.8,18 / 19,4067010,2019-09-06 20:27:52:753,0.4742,0.4521,9.4973,-0.017,-0.0046,9.8066,-0.0239,0.0007,0.0498,12,-35,16.25,65.1,-83.36,-162.55
52.388447,-1.559353,148.23,12.98,4,242.8,18 / 19,4067110,2019-09-06 20:27:52:853,0.6592,0.2206,9.9633,0.0005,-0.0022,9.8066,0.0008,0.0459,-0.0115,11.63,-34.37,16.63,62.55,-83.4,-162.46
52.388447,-1.559353,148.23,12.98,4,242.8,18 / 19,4067210,2019-09-06 20:27:52:953,1.7605,0.9521,9.0746,-0.0012,0.0044,9.8065,0.0733,0.0521,-0.0338,10.75,-35.25,16.56,60.65,-83.43,-162.39
52.388447,-1.559353,148.23,12.98,4,242.8,18 / 19,4067310,2019-09-06 20:27:53:053,0.0598,1.0674,10.8337,-0.0001,-0.0166,9.8066,-0.053,0.129,-0.0733,10.75,-35.12,16.88,59.51,-83.34,-163.56
52.388447,-1.559353,148.23,12.98,4,242.8,19 / 20,4067410,2019-09-06 20:27:53:153,-0.1456,-0.3928,9.1477,-0.0247,-0.0074,9.8066,0.0841,0.0037,-0.0197,10.31,-35.37,16.56,57.24,-83.24,-163.57
52.388447,-1.559353,148.23,12.98,4,242.8,19 / 20,4067510,2019-09-06 20:27:53:253,0.8777,-1.0847,8.9736,-0.0117,-0.0007,9.8066,-0.0953,-0.0241,0.0321,11.38,-34.94,16.38,61.31,-83.33,-164.01
52.388447,-1.559353,148.23,12.98,4,242.8,19 / 20,4067609,2019-09-06 20:27:53:352,0.0908,0.2697,9.9066,-0.0171,-0.0061,9.8065,-0.1166,0.0958,-0.031,11.13,-35.06,16.25,62.61,-83.4,-162.71
52.388447,-1.559353,148.23,12.98,4,242.8,19 / 20,4067709,2019-09-06 20:27:53:452,-0.0085,0.1738,9.8122,0.0055,-0.0088,9.8066,0.1401,0.0691,0.0233,11,-35.62,16.63,59.85,-83.54,-163.23
52.388447,-1.559353,148.23,12.98,4,242.8,19 / 20,4067810,2019-09-06 20:27:53:553,1.2935,-0.6955,9.2146,-0.0364,-0.0304,9.8065,0.0909,0.0236,-0.0041,10.31,-35.62,16.63,57.9,-83.15,-163.43
52.388447,-1.559353,148.23,12.98,4,242.8,19 / 20,4067910,2019-09-06 20:27:53:653,-0.9614,-0.825,9.5624,-0.0039,0.0173,9.8066,-0.0013,0.0458,-0.0448,10.56,-34.94,17.19,60.62,-82.95,-163.18
52.388447,-1.559353,148.23,12.98,4,242.8,19 / 20,4068010,2019-09-06 20:27:53:753,-0.8413,-0.7933,9.712,0.0118,0.0276,9.8065,-0.0006,0.0055,0.0617,11.13,-35.5,16.75,61.61,-83.01,-162.21
52.388447,-1.559353,148.23,12.98,4,242.8,19 / 20,4068110,2019-09-06 20:27:53:853,0.1499,0.1306,10.0259,0.0123,0.0047,9.8065,-0.0985,0.0259,-0.008,11,-35.19,17.06,62.32,-83.21,-161.24
52.388447,-1.559353,148.23,12.98,4,242.8,19 / 20,4068209,2019-09-06 20:27:53:952,0.0058,-0.3804,9.9935,0.0084,0.0007,9.8066,-0.0745,0.0321,-0.0529,11.25,-35,16.69,61.82,-83.5,-161.23
52.388447,-1.559353,148.23,12.98,4,242.8,19 / 20,4068310,2019-09-06 20:27:54:053,0.3468,0.1856,9.736,-0.0162,-0.0196,9.8065,0.0178,0.0583,0.0061,10.94,-35.44,16.81,61.13,-83.33,-162.12
52.388447,-1.559353,148.23,12.98,4,242.8,18 / 19,4068410,2019-09-06 20:27:54:153,0.7085,-0.5983,9.4298,-0.0169,-0.0214,9.8066,-0.054,0.0436,0.0449,10.94,-34.75,16.69,60.91,-83.19,-162.55
52.388447,-1.559353,148.23,12.98,4,242.8,18 / 19,4068510,2019-09-06 20:27:54:253,1.4246,0.998,9.1003,-0.0025,0.0025,9.8066,0.2123,0.0225,-0.0386,10.94,-35.19,17,61.09,-83.12,-162.49
52.388447,-1.559353,148.23,12.98,4,242.8,18 / 19,4068612,2019-09-06 20:27:54:355,-0.0578,-0.2043,9.9879,0.0208,0.0262,9.8065,0.0496,-0.0377,0.0046,10.81,-35.37,17.25,61.36,-83.31,-161.94
52.388447,-1.559353,148.23,12.98,4,242.8,18 / 19,4068710,2019-09-06 20:27:54:453,1.1204,0.0583,10.0936,0.0186,0.0135,9.8066,0.1452,0.0332,0.0444,11.06,-34.62,16.94,60.52,-83.31,-162.7
52.388447,-1.559353,148.23,12.98,4,242.8,18 / 19,4068810,2019-09-06 20:27:54:553,-0.062,0.2308,9.1074,0.0263,0.0013,9.8066,0.0091,0.0749,-0.0324,10.56,-35.19,17.38,58.99,-83.46,-163.84
52.388447,-1.559353,148.23,12.98,4,242.8,18 / 19,4068910,2019-09-06 20:27:54:653,-1.0842,-0.3244,9.648,0.0337,0.017,9.8065,-0.0649,-0.0125,-0.0339,10.69,-35.44,17.19,57.01,-83.59,-165.42
52.388447,-1.559353,148.23,12.98,4,242.8,18 / 19,4069009,2019-09-06 20:27:54:752,0.2981,0.54,10.4777,0.0084,-0.0089,9.8066,-0.0565,0.0478,0.0084,10.81,-35.19,16.63,55.66,-83.45,-166.83
52.388447,-1.559353,148.23,12.98,4,242.8,18 / 19,4069109,2019-09-06 20:27:54:852,1.1842,0.7676,9.152,0.0146,0.0206,9.8065,0.1083,0.0725,-0.0533,11.13,-35.25,17.31,56.07,-83.36,-166.61
52.388447,-1.559353,148.23,12.98,4,242.8,18 / 19,4069209,2019-09-06 20:27:54:952,0.7283,-1.9907,9.9987,0.0025,0.0156,9.8066,0.1193,0.1175,-0.0405,10.19,-35.12,18.19,52.13,-83.19,-166.32
52.388447,-1.559353,148.23,12.98,4,242.8,18 / 19,4069310,2019-09-06 20:27:55:053,-0.0723,-0.7312,10.2502,-0.0059,-0.0066,9.8066,-0.1675,0.0575,-0.0021,10.5,-35.19,17.81,56.07,-83.21,-164.96
52.388023,-1.56097,146.86,13.34,4,244.81,19 / 20,4069410,2019-09-06 20:27:55:153,-0.453,-0.4965,9.7581,-0.0046,-0.0113,9.8066,-0.0011,0.0738,-0.0492,10.63,-35.37,17.81,55.63,-83.28,-165.25
52.388023,-1.56097,146.86,13.34,4,244.81,19 / 20,4069510,2019-09-06 20:27:55:253,-0.0743,-0.6402,10.4265,0.0162,0.0124,9.8066,0.0451,0.0109,0.0129,10.69,-35.5,17.94,54.82,-83.31,-165.92
52.388023,-1.56097,146.86,13.34,4,244.81,19 / 20,4069610,2019-09-06 20:27:55:353,1.293,0.0534,10.8779,0.0002,0.0097,9.8066,0.0439,-0.0262,0.0214,10.81,-35.06,18.63,53.1,-83.13,-165.98
52.388023,-1.56097,146.86,13.34,4,244.81,19 / 20,4069709,2019-09-06 20:27:55:452,-1.2246,-0.8364,10.052,-0.036,-0.0125,9.8065,-0.0761,0.0763,-0.0479,10.75,-35.19,18,56.4,-82.99,-165
52.388023,-1.56097,146.86,13.34,4,244.81,19 / 20,4069809,2019-09-06 20:27:55:552,-0.2219,-0.0295,9.5586,-0.0085,0.0047,9.8066,0.001,0.1214,0.04,10.56,-35.25,18.25,57.94,-82.81,-163.89
52.388023,-1.56097,146.86,13.34,4,244.81,19 / 20,4069910,2019-09-06 20:27:55:653,0.3232,0.1835,10.2396,0.0074,0.022,9.8066,0.025,-0.0188,0.0818,10.38,-35.5,17.81,57.26,-82.98,-162.11
52.388023,-1.56097,146.86,13.34,4,244.81,19 / 20,4070009,2019-09-06 20:27:55:752,0.4062,-0.8529,9.5641,-0.0102,0.0109,9.8065,0.0583,-0.0688,0.006,10.31,-35.12,18.06,58.83,-82.82,-160.95
52.388023,-1.56097,146.86,13.34,4,244.81,19 / 20,4070110,2019-09-06 20:27:55:853,0.5635,-1.4863,9.6645,-0.0006,0,9.8066,0.0065,0.0706,-0.0748,10.38,-34.94,18.13,58.93,-82.67,-161.1
52.388023,-1.56097,146.86,13.34,4,244.81,19 / 20,4070209,2019-09-06 20:27:55:952,-0.1635,-0.2224,10.3589,0.0194,0.0148,9.8066,0.0395,0.0401,0.0043,10.69,-34.44,18.19,60.1,-82.8,-161.68
52.388023,-1.56097,146.86,13.34,4,244.81,19 / 20,4070310,2019-09-06 20:27:56:053,0.7675,-0.8897,9.7492,0.0146,-0.0121,9.8066,0.0465,-0.0045,-0.0048,10.63,-34.75,18.56,57.07,-82.96,-162.69
52.388023,-1.56097,146.86,13.34,4,244.81,18 / 20,4070410,2019-09-06 20:27:56:153,0.7531,-0.5047,10.3953,0.0111,-0.009,9.8066,0.0473,0.0137,-0.0526,10.63,-34.75,17.88,57.24,-82.89,-164.39
52.388023,-1.56097,146.86,13.34,4,244.81,18 / 20,4070509,2019-09-06 20:27:56:252,-0.4796,-1.0177,11.3433,0.0033,-0.0094,9.8066,0.1137,-0.0049,-0.0154,9.94,-35,18.38,53.03,-82.8,-166.1
52.388023,-1.56097,146.86,13.34,4,244.81,18 / 20,4070610,2019-09-06 20:27:56:353,-0.958,-1.3878,9.6465,0.0614,0.0529,9.8063,-0.2276,0.0197,-0.0241,10.81,-35,18.81,52.21,-82.96,-166.99
52.388023,-1.56097,146.86,13.34,4,244.81,18 / 20,4070710,2019-09-06 20:27:56:453,0.1563,-0.2978,11.122,-0.0115,-0.0371,9.8065,-0.0928,-0.038,-0.0397,10.94,-34.81,18.63,51,-82.81,-168.26
52.388023,-1.56097,146.86,13.34,4,244.81,18 / 20,4070809,2019-09-06 20:27:56:552,-0.5302,-1.4187,9.4143,-0.0035,-0.0266,9.8065,0.2965,0.0106,0.0216,10.56,-35.25,17.94,51.95,-82.94,-168.97
52.388023,-1.56097,146.86,13.34,4,244.81,18 / 20,4070909,2019-09-06 20:27:56:652,-0.2885,0.6153,9.9593,0.0313,0.0414,9.8064,0.1218,-0.0428,0.047,10.5,-35.19,18.13,49.62,-82.97,-170.96
52.388023,-1.56097,146.86,13.34,4,244.81,18 / 20,4071009,2019-09-06 20:27:56:752,0.4245,-0.1503,10.0109,0.0152,0.0486,9.8065,0.1684,0.0354,-0.1069,11.31,-34.56,19,49.18,-83.21,-169.32
52.388023,-1.56097,146.86,13.34,4,244.81,18 / 20,4071109,2019-09-06 20:27:56:852,-0.5242,-0.8596,11.0195,0.01,0.0265,9.8066,0.3215,0.0149,0.0757,10.94,-34.37,19.13,48.24,-82.9,-170.29
52.388023,-1.56097,146.86,13.34,4,244.81,18 / 20,4071210,2019-09-06 20:27:56:953,-0.1643,-0.3568,10.0323,0.0162,0.0445,9.8064,-0.0743,0.0336,0.0228,10.69,-34.87,18.75,50.35,-82.7,-168.96
52.388023,-1.56097,146.86,13.34,4,244.81,18 / 20,4071310,2019-09-06 20:27:57:053,-0.3145,-0.6035,10.1472,-0.0227,-0.0169,9.8065,-0.0389,-0.0014,0.0185,10.5,-35,19.31,51.57,-82.49,-168.18
52.388023,-1.56097,146.86,13.34,4,244.81,18 / 19,4071410,2019-09-06 20:27:57:153,0.4791,-0.336,10.2519,-0.0155,-0.0117,9.8066,0.0674,-0.0501,0.0919,10.88,-34.81,18.88,52.25,-82.61,-167.43
52.388023,-1.56097,146.86,13.34,4,244.81,18 / 19,4071510,2019-09-06 20:27:57:253,0.6677,-1.2127,9.3864,-0.0085,-0.0001,9.8066,-0.0504,0.0165,-0.0456,10.06,-35.06,18.69,50.64,-82.6,-166.74
52.388023,-1.56097,146.86,13.34,4,244.81,18 / 19,4071610,2019-09-06 20:27:57:353,-0.1474,0.2967,9.5042,-0.0126,0.0003,9.8066,0.0587,0.0502,-0.0188,10.5,-34.94,19.13,54.04,-82.36,-166.21
52.388023,-1.56097,146.86,13.34,4,244.81,18 / 19,4071710,2019-09-06 20:27:57:453,1.0576,-0.7653,9.8774,0.017,0.0222,9.8066,0.0717,0.0013,0.0442,9.81,-35.12,19.19,52.28,-82.53,-165.42
52.388023,-1.56097,146.86,13.34,4,244.81,18 / 19,4071810,2019-09-06 20:27:57:553,0.5231,0.6956,11.0957,-0.0103,0.0095,9.8066,0.1403,-0.0024,0.0129,10.38,-35,19,53.48,-82.44,-164.51
52.388023,-1.56097,146.86,13.34,4,244.81,18 / 19,4071910,2019-09-06 20:27:57:653,1.2872,-0.8955,9.1886,0.0094,-0.0091,9.8066,0.0783,0.049,-0.0493,10.25,-35,19.38,53.1,-82.27,-165.07
52.388023,-1.56097,146.86,13.34,4,244.81,18 / 19,4072010,2019-09-06 20:27:57:753,-1.0769,-0.2988,10.1913,-0.0105,-0.0275,9.8066,0.0473,0.0729,-0.0447,10,-35.12,19.88,50.51,-82.09,-165.94
52.388023,-1.56097,146.86,13.34,4,244.81,18 / 19,4072110,2019-09-06 20:27:57:853,-0.1066,0.0236,10.5259,0.0325,0.0025,9.8065,0.0578,-0.0284,-0.0482,10.25,-34.81,19.06,50.71,-82.29,-167.1
52.388023,-1.56097,146.86,13.34,4,244.81,18 / 19,4072210,2019-09-06 20:27:57:953,0.1343,-1.8362,9.0323,0.0426,0.0236,9.8065,-0.1742,0.0503,0.0097,10.5,-34.25,19.56,47.61,-82.58,-169.64
52.388023,-1.56097,146.86,13.34,4,244.81,18 / 19,4072310,2019-09-06 20:27:58:053,0.8697,-0.5538,10.0573,-0.0356,-0.0373,9.8064,-0.2492,0.0782,-0.0787,10.5,-35,19.25,48.62,-82.39,-170.87
52.388023,-1.56097,146.86,13.34,4,244.81,18 / 19,4072411,2019-09-06 20:27:58:154,2.1046,-1.1868,9.8395,-0.0069,-0.0307,9.8065,0.1053,-0.0026,0.0126,10.81,-34.87,18.94,47.81,-82.48,-171.44
52.388023,-1.56097,146.86,13.34,4,244.81,18 / 19,4072509,2019-09-06 20:27:58:252,0.5371,-0.8438,9.6027,0.0075,0.0147,9.8066,0.0813,0.0748,0.0194,10.19,-34.87,19.63,44.7,-82.32,-170.62
52.388023,-1.56097,146.86,13.34,4,244.81,18 / 19,4072610,2019-09-06 20:27:58:353,0.0062,-0.2816,9.0875,-0.0217,-0.0113,9.8065,0.1442,0.0247,-0.0113,10.69,-34.81,20.31,47.77,-82.01,-170.45
52.388023,-1.56097,146.86,13.34,4,244.81,18 / 19,4072710,2019-09-06 20:27:58:453,-0.466,0.0881,10.0441,0.0488,0.0555,9.8064,0.0702,-0.0423,-0.0057,10.5,-34.69,19.56,48.26,-81.94,-170.12
52.388023,-1.56097,146.86,13.34,4,244.81,18 / 19,4072809,2019-09-06 20:27:58:552,-0.4019,-0.5619,10.1899,0.0444,0.0389,9.8065,-0.0437,0.0425,-0.0693,10.13,-35.12,19.38,46.74,-82.6,-170.09
52.388023,-1.56097,146.86,13.34,4,244.81,18 / 19,4072909,2019-09-06 20:27:58:652,1.6566,-0.4,9.5569,0.0067,-0.0211,9.8066,-0.0449,0.011,0.0225,10.31,-34.75,19.31,44.27,-82.46,-172.36
52.388023,-1.56097,146.86,13.34,4,244.81,18 / 19,4073009,2019-09-06 20:27:58:752,0.4778,0.5643,9.707,0.0004,-0.0038,9.8066,0.0577,-0.0055,0.0727,9.94,-35,20.13,42.2,-82.28,-172.78
52.388023,-1.56097,146.86,13.34,4,244.81,18 / 19,4073109,2019-09-06 20:27:58:852,0.7963,0.172,10.0324,-0.0129,0.005,9.8066,-0.051,0.008,0.0253,10.56,-34.87,19.31,47.98,-82.09,-171.8
52.388023,-1.56097,146.86,13.34,4,244.81,18 / 19,4073209,2019-09-06 20:27:58:952,0.2822,0.128,9.5328,0.0027,0.0208,9.8065,-0.0018,-0.0075,-0.0364,9.94,-35,19.94,44.55,-82.2,-170.9
52.388023,-1.56097,146.86,13.34,4,244.81,18 / 19,4073310,2019-09-06 20:27:59:053,-0.2515,-0.6941,10.1468,0.0082,0.0084,9.8066,0.0424,-0.0595,0.0112,9.81,-35.06,20.56,44.13,-82.15,-169.87
52.388023,-1.56097,146.86,13.34,4,244.81,18 / 19,4073410,2019-09-06 20:27:59:153,0.5548,0.3624,9.9317,0.0027,0.0029,9.8066,0.1166,0.0587,0.0034,9.75,-34.56,19.94,45.7,-82.19,-169.93
52.388023,-1.56097,146.86,13.34,4,244.81,18 / 19,4073510,2019-09-06 20:27:59:253,0.2682,0.6017,9.545,-0.0021,-0.0019,9.8066,0.0967,0.061,0.0363,9.81,-34.56,20.38,45.44,-82.08,-170.28
52.388023,-1.56097,146.86,13.34,4,244.81,18 / 19,4073609,2019-09-06 20:27:59:352,-0.1668,-2.2377,9.5969,0.0038,0.015,9.8066,-0.1319,0.0358,0.0094,9.94,-34.87,19.88,45.44,-82.01,-170.36
52.388023,-1.56097,146.86,13.34,4,244.81,18 / 19,4073710,2019-09-06 20:27:59:453,0.5405,-0.285,9.3133,-0.0138,-0.0366,9.8065,-0.1744,0.0392,0.0001,10,-35.06,20.31,45.12,-81.9,-170.77
52.388023,-1.56097,146.86,13.34,4,244.81,18 / 19,4073810,2019-09-06 20:27:59:553,0.1803,-0.774,9.4725,-0.0156,-0.0187,9.8066,-0.0506,-0.0538,-0.0098,10,-34.75,21,43.42,-82.09,-170.54
52.388023,-1.56097,146.86,13.34,4,244.81,18 / 19,4073909,2019-09-06 20:27:59:652,0.5846,-0.1119,9.8525,0.0169,0.0114,9.8065,-0.0124,-0.0005,-0.0085,9.75,-34.81,20.38,44.43,-82.19,-171.01
52.388023,-1.56097,146.86,13.34,4,244.81,18 / 19,4074009,2019-09-06 20:27:59:752,0.1083,0.0192,10.1288,-0.0031,-0.0091,9.8066,0.1914,0.0829,-0.0269,10.13,-34.56,20.81,41.94,-82.17,-171.69
52.388023,-1.56097,146.86,13.34,4,244.81,18 / 19,4074110,2019-09-06 20:27:59:853,2.0585,1.5704,9.9934,-0.0022,-0.0046,9.8066,0.1123,-0.0283,0.0423,9.88,-34.37,20.5,41.09,-81.98,-172.39
52.388023,-1.56097,146.86,13.34,4,244.81,18 / 19,4074210,2019-09-06 20:27:59:953,-3.1654,0.957,8.6874,0.0021,0.004,9.8066,-0.3177,-0.1056,0.1144,9.88,-34.37,20.88,41.7,-81.92,-171.94
52.388023,-1.56097,146.86,13.34,4,244.81,18 / 19,4074310,2019-09-06 20:28:00:053,2.1595,0.6023,8.3322,-0.0663,-0.015,9.8063,-0.4419,0.077,-0.1322,10.19,-34.69,20.5,44.05,-81.76,-170.38
52.388023,-1.56097,146.86,13.34,4,244.81,18 / 19,4074410,2019-09-06 20:28:00:153,-1.7538,1.9912,8.2211,-0.007,-0.0646,9.8064,0.3083,-0.0069,0.0054,9.81,-34.37,20.63,42.56,-81.76,-171.39
52.388023,-1.56097,146.86,13.34,4,244.81,18 / 19,4074511,2019-09-06 20:28:00:254,1.6709,0.3165,9.9754,0.0564,0.0896,9.806,-0.0211,0.0663,-0.1116,10.19,-34.44,20.5,44.06,-81.68,-170.21
52.388023,-1.56097,146.86,13.34,4,244.81,18 / 19,4074610,2019-09-06 20:28:00:353,-3.4192,2.5746,9.93,0.0438,0.052,9.8064,0.1618,0.2249,-0.1451,9.56,-35.06,20.63,43.05,-82.31,-170.6
52.388023,-1.56097,146.86,13.34,4,244.81,18 / 19,4074709,2019-09-06 20:28:00:452,2.9292,0.804,9.7612,0.0166,0.0395,9.8065,0.2307,-0.0949,0.0366,10.19,-34.06,20.38,42.16,-82.36,-172.48
52.388023,-1.56097,146.86,13.34,4,244.81,18 / 19,4074810,2019-09-06 20:28:00:553,0.9346,-4.2522,9.6356,0.0823,0.1049,9.8057,-0.1933,-0.1005,0.0543,10.69,-34,19.94,45.62,-82.58,-171.37
52.388023,-1.56097,146.86,13.34,4,244.81,18 / 19,4074910,2019-09-06 20:28:00:653,-1.8726,-2.9486,11.1844,-0.044,-0.0514,9.8064,0.3082,0.0507,-0.0058,10.25,-34.94,20.25,42.07,-82.1,-173.09
52.388023,-1.56097,146.86,13.34,4,244.81,18 / 19,4075010,2019-09-06 20:28:00:753,-1.2959,-2.1742,11.4902,0.0061,0.0056,9.8066,-0.4234,0.0536,0.0527,10.13,-35.06,20.31,42.08,-82.26,-172.9
52.388023,-1.56097,146.86,13.34,4,244.81,18 / 19,4075110,2019-09-06 20:28:00:853,1.0351,0.3576,9.1364,-0.0689,-0.1064,9.8058,-0.3912,0.0329,-0.0317,10.13,-34.87,21.31,40.37,-82.49,-172.68
52.388023,-1.56097,146.86,13.34,4,244.81,18 / 19,4075210,2019-09-06 20:28:00:953,0.2058,0.0932,9.2196,-0.0592,-0.09,9.806,0.0871,-0.0014,-0.0265,10.13,-34.81,21.13,40.53,-81.79,-173.29
52.388023,-1.56097,146.86,13.34,4,244.81,18 / 19,4075310,2019-09-06 20:28:01:053,0.6286,0.5117,9.2898,0.0161,0.0311,9.8065,-0.0271,-0.0317,0.034,10.63,-34.87,20.63,42.42,-82.12,-173.38
52.388023,-1.56097,146.86,13.34,4,244.81,19 / 20,4075410,2019-09-06 20:28:01:153,-0.1763,-0.5857,10.5518,0.024,0.0177,9.8066,0.1578,0.0213,0.0122,10.81,-35.44,19.94,43.77,-82.09,-173.74
52.388023,-1.56097,146.86,13.34,4,244.81,19 / 20,4075509,2019-09-06 20:28:01:252,-0.6797,-0.4876,10.0238,-0.0078,-0.0144,9.8066,0.1064,-0.0778,0.0141,10.25,-34.62,21.13,39.04,-81.95,-174.35
52.388023,-1.56097,146.86,13.34,4,244.81,19 / 20,4075610,2019-09-06 20:28:01:353,0.9835,-0.5281,10.0243,-0.0127,-0.0145,9.8066,-0.1519,-0.0401,0.0391,10,-34.5,20.81,39.41,-81.89,-173.9
52.388023,-1.56097,146.86,13.34,4,244.81,19 / 20,4075709,2019-09-06 20:28:01:452,0.8894,-0.6942,9.3173,-0.006,0.01,9.8066,-0.035,0.1149,-0.0142,10.38,-34.5,20.94,38.76,-81.97,-174.35
52.388023,-1.56097,146.86,13.34,4,244.81,19 / 20,4075809,2019-09-06 20:28:01:552,0.4376,-1.0566,9.8424,0.0064,0.0191,9.8066,-0.0687,-0.0145,0.0544,9.94,-35.12,21.31,39.56,-82.09,-173.77
52.388023,-1.56097,146.86,13.34,4,244.81,19 / 20,4075909,2019-09-06 20:28:01:652,0.0944,0.1811,9.7595,-0.0037,-0.0171,9.8066,-0.0407,0.063,-0.0337,10.69,-35.19,20.38,43.72,-82.09,-173.79
52.388023,-1.56097,146.86,13.34,4,244.81,19 / 20,4076009,2019-09-06 20:28:01:752,0.9615,0.8854,9.6607,-0.0025,0.0093,9.8066,-0.0338,0.0863,-0.057,9.94,-34.94,20.75,38.71,-82.17,-174.41
52.388023,-1.56097,146.86,13.34,4,244.81,19 / 20,4076109,2019-09-06 20:28:01:852,0.7197,0.7437,9.7308,0.0184,0.0042,9.8066,0.0442,-0.0576,-0.0292,10.06,-34.75,20.88,37.88,-82.22,-175.05
52.388023,-1.56097,146.86,13.34,4,244.81,19 / 20,4076210,2019-09-06 20:28:01:953,0.042,-0.9881,9.6197,0.0109,0.0125,9.8065,0.0312,-0.0005,-0.0495,10.69,-34.87,21.38,39.74,-82.17,-175.58
52.388023,-1.56097,146.86,13.34,4,244.81,19 / 20,4076310,2019-09-06 20:28:02:053,-0.4916,-0.6646,9.5041,0.0047,0.002,9.8066,0.1113,-0.0419,-0.045,10.38,-34.69,20.31,38.92,-82.11,-175.69
52.388023,-1.56097,146.86,13.34,4,244.81,18 / 19,4076410,2019-09-06 20:28:02:153,1.5108,0.027,9.8521,-0.0005,-0.0156,9.8065,-0.0337,0.0079,0.0489,10.75,-35.12,20.69,39.15,-82.12,-176.13
52.388023,-1.56097,146.86,13.34,4,244.81,18 / 19,4076510,2019-09-06 20:28:02:253,-0.1494,-0.6574,10.0244,-0.0059,-0.0159,9.8066,0.0048,0.0636,0.0331,9.81,-35.06,21.31,36.05,-82.06,-176.72
52.388023,-1.56097,146.86,13.34,4,244.81,18 / 19,4076610,2019-09-06 20:28:02:353,1.1024,-1.2774,9.1958,-0.0051,-0.0053,9.8066,-0.1224,0.0695,-0.0615,10.06,-34.87,21.25,36.06,-82.12,-176.66
52.388023,-1.56097,146.86,13.34,4,244.81,18 / 19,4076709,2019-09-06 20:28:02:452,0.0486,1.0472,9.813,0.0049,-0.0077,9.8066,-0.0726,-0.0497,0.027,10.31,-34.62,21.13,36.25,-82.2,-176.43
52.388023,-1.56097,146.86,13.34,4,244.81,18 / 19,4076810,2019-09-06 20:28:02:553,0.857,-0.9376,9.8084,-0.0084,-0.0145,9.8065,-0.0134,0.0214,-0.003,10.38,-34.62,21.63,34.25,-82.2,-176.81
52.388023,-1.56097,146.86,13.34,4,244.81,18 / 19,4076909,2019-09-06 20:28:02:652,0.4461,0.774,10.0073,0.0016,-0.0021,9.8065,-0.119,0.0372,0.0374,10.38,-34.19,20.94,34.68,-82.26,-177.48
52.388023,-1.56097,146.86,13.34,4,244.81,18 / 19,4077010,2019-09-06 20:28:02:753,-1.2446,-0.0354,8.9591,0.0039,0.0067,9.8066,0.0117,0.1278,-0.0474,9.94,-34.75,21.31,34.86,-82.25,-177.53
52.388023,-1.56097,146.86,13.34,4,244.81,18 / 19,4077110,2019-09-06 20:28:02:853,0.742,-0.9939,10.2207,0.0029,0.0044,9.8066,0.0878,0.083,0.0272,10.06,-35.19,21.25,34.23,-82.34,-177.96
52.388023,-1.56097,146.86,13.34,4,244.81,18 / 19,4077209,2019-09-06 20:28:02:952,1.918,-0.6744,10.6166,0.0283,0.03,9.8065,-0.0247,-0.0017,-0.0149,10.5,-34.81,21.44,35.98,-82.52,-178.4
52.388023,-1.56097,146.86,13.34,4,244.81,18 / 19,4077309,2019-09-06 20:28:03:052,-0.4741,-0.0269,10.4908,-0.0215,-0.0292,9.8065,0.0478,0.1276,0.034,10.44,-34.75,21.88,32.86,-82.45,-177.76
52.388023,-1.56097,146.86,13.34,4,244.81,18 / 19,4077411,2019-09-06 20:28:03:154,-0.3483,-0.5131,9.7403,-0.0125,0.0018,9.8066,-0.0836,0.0863,0.0173,10.5,-34.56,22.06,35.56,-82.2,-177.73
52.388023,-1.56097,146.86,13.34,4,244.81,18 / 19,4077510,2019-09-06 20:28:03:253,0.5698,0.8949,10.0586,-0.0104,-0.0093,9.8066,-0.1055,0.0301,0.008,9.94,-34.87,21.5,36.3,-82.14,-175.16
52.388023,-1.56097,146.86,13.34,4,244.81,18 / 19,4077609,2019-09-06 20:28:03:352,0.5681,1.0697,9.5079,-0.0124,0.0031,9.8066,-0.0596,-0.0026,0.0047,10.19,-34.44,21.5,36.85,-82.32,-174.33
52.388023,-1.56097,146.86,13.34,4,244.81,18 / 19,4077710,2019-09-06 20:28:03:453,0.3916,1.8169,9.8931,0.0013,0.0247,9.8066,-0.1004,-0.0302,0.0806,9.69,-34.87,21.44,39.42,-82.42,-173.55
52.388023,-1.56097,146.86,13.34,4,244.81,18 / 19,4077810,2019-09-06 20:28:03:553,1.2612,-0.0002,9.8078,0.0136,0.02,9.8066,0.1078,0.0569,-0.0424,9.63,-34.69,21.06,39.69,-82.45,-173.3
52.388023,-1.56097,146.86,13.34,4,244.81,18 / 19,4077909,2019-09-06 20:28:03:652,-1.3585,0.3234,10.1133,-0.0176,-0.0695,9.8063,-0.0612,-0.1464,0.1014,9.63,-34.75,21.69,37.5,-82.41,-173.9
52.388023,-1.56097,146.86,13.34,4,244.81,18 / 19,4078009,2019-09-06 20:28:03:752,1.6581,1.608,9.8054,-0.0221,-0.0447,9.8064,0.0304,-0.0524,0.1443,9.81,-34.56,21.75,36.93,-81.92,-174.84
52.388023,-1.56097,146.86,13.34,4,244.81,18 / 19,4078110,2019-09-06 20:28:03:853,0.4203,0.1156,9.2753,-0.0247,-0.0002,9.8066,-0.1655,-0.0335,-0.0996,9.44,-34.56,22.06,35.28,-82.02,-174.03
52.388023,-1.56097,146.86,13.34,4,244.81,18 / 19,4078209,2019-09-06 20:28:03:952,-1.3196,0.8014,10.2274,0.0111,0.0473,9.8065,0.0421,-0.0164,0.0209,9.88,-34.5,21.5,37.38,-82.37,-173.84
52.388023,-1.56097,146.86,13.34,4,244.81,18 / 19,4078309,2019-09-06 20:28:04:052,0.3987,0.2761,10.2448,0.0092,0.0119,9.8066,-0.0121,0.0246,0.0545,9.5,-34.62,21.13,40.07,-82.43,-173.01
52.387444,-1.562567,145.29,14.14,4,234.43,18 / 19,4078410,2019-09-06 20:28:04:153,0.683,0.7927,10.261,0.0201,-0.0339,9.8065,0.2098,-0.0278,-0.0367,9.31,-34.87,21.88,35.11,-82.4,-173.83
52.387444,-1.562567,145.29,14.14,4,234.43,18 / 19,4078510,2019-09-06 20:28:04:253,-0.5674,-0.5878,9.475,0.0182,0.0166,9.8066,-0.0305,0.0128,-0.0408,9.94,-34.81,22.19,35.16,-82.27,-175.99
52.387444,-1.562567,145.29,14.14,4,234.43,18 / 19,4078609,2019-09-06 20:28:04:352,-0.0049,0.6068,9.9598,0.0166,0.0119,9.8066,-0.0531,-0.0093,0.0113,9.69,-34.81,21.5,34.02,-82.35,-176.87
52.387444,-1.562567,145.29,14.14,4,234.43,18 / 19,4078710,2019-09-06 20:28:04:453,0.9162,1.0528,10.2284,0.0024,0.0023,9.8066,0.0689,0.0078,0.012,9.81,-34.87,21.63,33.8,-82.44,-176.98
52.387444,-1.562567,145.29,14.14,4,234.43,18 / 19,4078809,2019-09-06 20:28:04:552,0.1905,0.0333,10.2067,-0.0139,-0.0114,9.8066,0.1239,-0.0077,0.022,10.13,-34.94,21.63,34.48,-82.27,-176.56
52.387444,-1.562567,145.29,14.14,4,234.43,18 / 19,4078910,2019-09-06 20:28:04:653,0.2124,-0.2467,9.9901,-0.0273,-0.0096,9.8065,-0.0018,-0.0242,0.0712,10,-35.75,21.5,36.85,-81.87,-175.15
52.387444,-1.562567,145.29,14.14,4,234.43,18 / 19,4079010,2019-09-06 20:28:04:753,-0.5059,0.0273,10.1444,-0.0135,0.0046,9.8066,0.0142,0.0273,-0.0022,9.44,-35.12,21.81,35.64,-81.85,-173.9
52.387444,-1.562567,145.29,14.14,4,234.43,18 / 19,4079110,2019-09-06 20:28:04:853,-0.499,0.4688,9.621,0.0093,0.0199,9.8065,-0.0489,-0.0056,0.0518,9.31,-35.5,21.13,37.97,-82.09,-172.98
52.387444,-1.562567,145.29,14.14,4,234.43,18 / 19,4079210,2019-09-06 20:28:04:953,-0.0593,0.4424,9.5727,-0.0041,0.0177,9.8066,-0.0747,0.0148,0.0339,9.44,-35.25,21.38,39.34,-82.18,-171.74
52.387444,-1.562567,145.29,14.14,4,234.43,18 / 19,4079310,2019-09-06 20:28:05:053,0.2068,0.8865,9.6362,0.0095,0.0027,9.8066,0.0367,0.01,-0.0167,9.5,-35.37,21.75,40.85,-82.26,-171.21
52.387444,-1.562567,145.29,14.14,4,234.43,17 / 19,4079409,2019-09-06 20:28:05:152,0.4326,-0.4154,9.8233,0.0188,0.0082,9.8066,-0.0436,-0.0629,0.0085,9.31,-35.31,21.31,38.3,-82.41,-172.37
52.387444,-1.562567,145.29,14.14,4,234.43,17 / 19,4079510,2019-09-06 20:28:05:253,0.1065,0.9509,9.699,-0.0065,-0.0232,9.8066,-0.0849,0.0095,-0.0571,9.69,-34.69,21.63,37.55,-82.41,-173.86
52.387444,-1.562567,145.29,14.14,4,234.43,17 / 19,4079610,2019-09-06 20:28:05:353,1.654,2.1425,8.4325,0.0005,-0.0272,9.8065,0.3168,-0.003,-0.0612,9.94,-34.37,20.69,37.14,-82.43,-175.27
52.387444,-1.562567,145.29,14.14,4,234.43,17 / 19,4079710,2019-09-06 20:28:05:453,-1.1796,-0.2831,11.1731,-0.0075,-0.0196,9.8066,0.2419,-0.0857,0.0705,10.06,-35.62,20.13,38.3,-82.43,-176.09
52.387444,-1.562567,145.29,14.14,4,234.43,17 / 19,4079810,2019-09-06 20:28:05:553,0.8043,1.943,11.0076,-0.0169,-0.0054,9.8066,-0.2606,0.1122,-0.0113,9.38,-35.5,20.38,35.55,-82.63,-175.76
52.387444,-1.562567,145.29,14.14,4,234.43,17 / 19,4079910,2019-09-06 20:28:05:653,1.8761,-2.1766,9.5567,-0.0592,-0.1037,9.8059,-0.507,0.1749,-0.0819,9.06,-34.75,21.56,31.59,-82.69,-176.51
52.387444,-1.562567,145.29,14.14,4,234.43,17 / 19,4080009,2019-09-06 20:28:05:752,1.4162,1.7301,9.1256,-0.0556,-0.1155,9.8058,0.1658,-0.0114,0.0678,10.19,-34.5,20.56,35.84,-81.97,-176.78
52.387444,-1.562567,145.29,14.14,4,234.43,17 / 19,4080110,2019-09-06 20:28:05:853,0.751,0.421,8.9771,0.041,0.0696,9.8063,-0.0352,0.0266,-0.038,10.69,-35.25,20.75,40.11,-82.58,-174.86
52.387444,-1.562567,145.29,14.14,4,234.43,17 / 19,4080210,2019-09-06 20:28:05:953,0.4678,0.8864,9.3716,0.0095,0.0295,9.8066,0.1,0.0128,-0.0126,10,-35.25,21.25,38.14,-82.57,-174.48
52.387444,-1.562567,145.29,14.14,4,234.43,17 / 19,4080309,2019-09-06 20:28:06:052,0.0848,0.1946,10.4433,0.0036,0.0073,9.8066,0.1186,0.0293,0.0313,9.75,-34.94,21.88,36.6,-82.55,-174.52
52.387444,-1.562567,145.29,14.14,4,234.43,18 / 20,4080410,2019-09-06 20:28:06:153,0.2588,0.2135,9.7929,0.0076,0.0107,9.8065,-0.012,0.003,0.0083,10,-35.06,21.69,36.48,-82.5,-174.67
52.387444,-1.562567,145.29,14.14,4,234.43,18 / 20,4080510,2019-09-06 20:28:06:253,-0.245,-0.1622,9.643,-0.0095,-0.0084,9.8065,-0.0216,-0.0311,-0.0176,9.19,-35.37,21.25,36.35,-82.38,-174.04
52.387444,-1.562567,145.29,14.14,4,234.43,18 / 20,4080609,2019-09-06 20:28:06:352,0.5562,0.5054,9.6356,-0.0023,-0.0012,9.8066,0.0967,-0.055,-0.0091,8.81,-34.87,21.44,36.74,-82.36,-173.73
52.387444,-1.562567,145.29,14.14,4,234.43,18 / 20,4080710,2019-09-06 20:28:06:453,0.4953,0.7303,10.0496,0.0087,0.0068,9.8066,0.0277,0.0009,-0.033,9.44,-35.19,20.81,36.09,-82.47,-174.16
52.387444,-1.562567,145.29,14.14,4,234.43,18 / 20,4080809,2019-09-06 20:28:06:552,0.6303,0.6771,9.8221,0.0117,-0.0042,9.8066,-0.0199,0.0283,0.0114,9.81,-35.12,20.81,37.54,-82.44,-175.12
52.387444,-1.562567,145.29,14.14,4,234.43,18 / 20,4080909,2019-09-06 20:28:06:652,0.8165,1.0193,9.9686,0.002,-0.0009,9.8066,0.01,0.001,-0.0166,9.81,-35.19,21.38,36.61,-82.38,-175.96
52.387444,-1.562567,145.29,14.14,4,234.43,18 / 20,4081009,2019-09-06 20:28:06:752,0.4517,0.3723,10.2912,0.0055,0.0064,9.8066,0.0385,-0.0122,-0.0493,9.25,-34.37,21.19,33.53,-82.33,-176.22
52.387444,-1.562567,145.29,14.14,4,234.43,18 / 20,4081109,2019-09-06 20:28:06:852,0.2739,0.1501,9.6302,-0.0008,-0.0027,9.8066,0.0196,-0.0124,0.0233,9.81,-34.69,21.5,33.97,-82.26,-176.99
52.387444,-1.562567,145.29,14.14,4,234.43,18 / 20,4081209,2019-09-06 20:28:06:952,-0.133,-0.2774,9.8422,-0.0023,-0.0015,9.8066,0.0436,0.0051,-0.0062,9.31,-34.37,21.13,32.89,-82.27,-176.81
52.387444,-1.562567,145.29,14.14,4,234.43,18 / 20,4081310,2019-09-06 20:28:07:053,0.0342,0.7714,9.949,0.0018,-0.0047,9.8066,-0.0527,-0.0092,0.0146,9.31,-34.5,21.44,32.86,-82.41,-176.71
52.387444,-1.562567,145.29,14.14,4,234.43,17 / 19,4081410,2019-09-06 20:28:07:153,0.88,1.1289,10.1166,0.0043,-0.0018,9.8066,0.0543,0.0077,-0.0395,9.63,-34.06,21.25,34.89,-82.57,-177.03
52.387444,-1.562567,145.29,14.14,4,234.43,17 / 19,4081510,2019-09-06 20:28:07:253,0.3449,0.3048,9.3529,0.0121,0.0122,9.8066,0.0559,-0.0045,-0.008,9.81,-34.12,21.06,34.63,-82.7,-177.13
52.387444,-1.562567,145.29,14.14,4,234.43,17 / 19,4081610,2019-09-06 20:28:07:353,0.0181,-0.022,9.8298,0.0088,0.0122,9.8066,-0.09,-0.0245,0.0348,9.19,-34.5,21.25,32.02,-82.77,-177.09
52.387444,-1.562567,145.29,14.14,4,234.43,17 / 19,4081710,2019-09-06 20:28:07:453,0.2805,0.1652,9.5709,-0.0175,-0.0195,9.8066,-0.1122,-0.0046,-0.0185,9.88,-34.06,21,34.53,-82.9,-177.03
52.387444,-1.562567,145.29,14.14,4,234.43,17 / 19,4081809,2019-09-06 20:28:07:552,-0.2333,1.2619,8.7107,-0.0018,-0.006,9.8066,-0.088,-0.0238,-0.0187,10.31,-33.94,20.19,36.45,-82.87,-176.78
52.387444,-1.562567,145.29,14.14,4,234.43,17 / 19,4081909,2019-09-06 20:28:07:652,0.1934,0.0295,9.6693,0.0109,0.0215,9.8066,-0.0591,0.0531,-0.0584,9.94,-34.5,21.19,33.75,-83.13,-177.49
52.387444,-1.562567,145.29,14.14,4,234.43,17 / 19,4082010,2019-09-06 20:28:07:753,1.2056,1.9094,9.929,0.012,-0.0043,9.8066,0.0927,0.0464,-0.0505,9.5,-34.56,21,32.91,-83.2,-178.3
52.387444,-1.562567,145.29,14.14,4,234.43,17 / 19,4082109,2019-09-06 20:28:07:852,0.0791,-0.3207,9.807,0.0149,0.0218,9.8065,0.1768,0.0028,-0.0184,9.44,-34.37,21.06,29.2,-83.26,-179.06
52.387444,-1.562567,145.29,14.14,4,234.43,17 / 19,4082210,2019-09-06 20:28:07:953,0.6001,-0.3951,9.8105,0.0092,0.0096,9.8065,-0.0267,-0.0365,0.0734,9.88,-34.56,21.13,31.84,-83.09,-179.31
52.387444,-1.562567,145.29,14.14,4,234.43,17 / 19,4082311,2019-09-06 20:28:08:054,0.3384,0.2046,9.615,-0.0182,-0.0138,9.8065,-0.0511,0.0376,-0.0134,9.38,-34.81,21.38,29.82,-83.11,-178.82
52.387444,-1.562567,145.29,14.14,4,234.43,18 / 19,4082410,2019-09-06 20:28:08:153,0.5986,-0.0897,9.1596,-0.0054,0.0003,9.8066,0.0167,-0.0265,0.0123,9.75,-34.69,21.5,31.99,-83.18,-177.87
52.387444,-1.562567,145.29,14.14,4,234.43,18 / 19,4082512,2019-09-06 20:28:08:255,0.4145,0.8528,9.3744,0.0133,0.0385,9.8065,-0.0111,-0.0495,0.0292,9.5,-34.69,20.88,34.38,-83.47,-176.81
52.387444,-1.562567,145.29,14.14,4,234.43,18 / 19,4082609,2019-09-06 20:28:08:352,0.6933,0.5446,9.7693,0.0061,0.0169,9.8066,0.0722,-0.0034,0.0081,9.38,-35.31,21.44,32.34,-83.47,-176.38
52.387444,-1.562567,145.29,14.14,4,234.43,18 / 19,4082709,2019-09-06 20:28:08:452,0.2737,1.0033,10.3053,0.0057,0.0178,9.8065,0.0662,-0.0001,0.0166,9.19,-35.12,21.38,32.65,-83.41,-176.17
52.387444,-1.562567,145.29,14.14,4,234.43,18 / 19,4082810,2019-09-06 20:28:08:553,0.1699,0.6928,10.5332,0.0111,0.0284,9.8066,-0.0038,0.0133,0.0291,9.25,-34.75,20.81,33.22,-83.49,-175.62
52.387444,-1.562567,145.29,14.14,4,234.43,18 / 19,4082909,2019-09-06 20:28:08:652,-0.3866,-0.7582,9.799,-0.0145,-0.0183,9.8065,-0.0116,0.0254,0.0051,9.31,-35.06,20.94,33.91,-83.36,-175.16
52.387444,-1.562567,145.29,14.14,4,234.43,18 / 19,4083010,2019-09-06 20:28:08:753,-0.3748,-0.2788,9.6168,-0.0091,-0.0062,9.8066,-0.0174,0.0343,-0.0163,9.31,-34.87,20.81,34.55,-83.44,-174.53
52.387444,-1.562567,145.29,14.14,4,234.43,18 / 19,4083109,2019-09-06 20:28:08:852,0.129,-0.0017,9.4668,0.012,0.02,9.8066,0.0309,0.021,0.0109,9.44,-34.44,20.94,34.56,-83.57,-174.24
52.387444,-1.562567,145.29,14.14,4,234.43,18 / 19,4083210,2019-09-06 20:28:08:953,-0.0075,0.291,9.6615,0.0189,0.0223,9.8066,-0.0491,0.029,-0.0054,8.88,-34.56,20.75,34.25,-83.87,-174.4
52.387444,-1.562567,145.29,14.14,4,234.43,18 / 19,4083310,2019-09-06 20:28:09:053,0.0837,0.7926,10.3815,-0.0015,-0.0172,9.8066,-0.0051,0.0021,-0.0258,9.31,-35.12,20.94,33.01,-83.8,-175.53
52.387444,-1.562567,145.29,14.14,4,234.43,18 / 20,4083410,2019-09-06 20:28:09:153,0.0487,0.4035,10.0828,0.0104,0.0034,9.8066,0.013,0.0105,-0.022,9.63,-34.56,21.13,34.6,-83.86,-176.27
52.387444,-1.562567,145.29,14.14,4,234.43,18 / 20,4083509,2019-09-06 20:28:09:252,-0.8347,-1.9039,9.4846,-0.0089,-0.0255,9.8065,-0.0711,-0.0101,-0.0385,9.31,-34.44,20.81,30.4,-83.6,-177.78
52.387444,-1.562567,145.29,14.14,4,234.43,18 / 20,4083610,2019-09-06 20:28:09:353,0.5547,0.954,9.4648,-0.0179,-0.0208,9.8065,-0.0803,0.0458,0.0516,9.44,-35.06,20.63,30.62,-83.71,-177.64
52.387444,-1.562567,145.29,14.14,4,234.43,18 / 20,4083709,2019-09-06 20:28:09:452,0.7506,0.3868,9.7401,0.0069,0.0272,9.8066,-0.1117,0.0338,0.0081,9.44,-34.94,21.13,31.21,-83.97,-176.92
52.387444,-1.562567,145.29,14.14,4,234.43,18 / 20,4083810,2019-09-06 20:28:09:553,0.8666,0.6732,9.495,-0.0087,0.001,9.8066,-0.0057,0.0287,0.0196,9,-35.31,20.63,32.21,-84.22,-175.85
52.387444,-1.562567,145.29,14.14,4,234.43,18 / 20,4083909,2019-09-06 20:28:09:652,-0.5642,0.0441,9.5011,-0.0017,0.0072,9.8065,-0.0099,-0.062,0.0756,10.19,-34.56,20.81,37.23,-84.31,-173.56
52.387444,-1.562567,145.29,14.14,4,234.43,18 / 20,4084010,2019-09-06 20:28:09:753,0.2226,-0.518,9.747,-0.0062,0.0129,9.8066,-0.0893,-0.0295,-0.019,9.19,-34.94,21.44,36.25,-84.29,-172.26
52.387444,-1.562567,145.29,14.14,4,234.43,18 / 20,4084109,2019-09-06 20:28:09:852,0.0034,0.0506,10.0581,0.0004,-0.0111,9.8066,-0.0106,0.0331,0.0061,9.44,-34.94,20.81,35.8,-84.27,-172.68
52.387444,-1.562567,145.29,14.14,4,234.43,18 / 20,4084209,2019-09-06 20:28:09:952,-0.1239,-0.1399,10.3895,-0.0136,-0.0122,9.8066,0.0301,-0.0432,0.0018,9.63,-35.19,20,39.76,-84.25,-172.72
52.387444,-1.562567,145.29,14.14,4,234.43,18 / 20,4084311,2019-09-06 20:28:10:054,0.1473,-1.0281,10.0319,0.0126,0.019,9.8066,0.1315,0.1092,-0.0753,9.69,-35.19,20.75,38.48,-84.27,-172.49
52.387444,-1.562567,145.29,14.14,4,234.43,18 / 20,4084409,2019-09-06 20:28:10:152,-0.4364,0.3883,10.2322,-0.0038,-0.0168,9.8066,-0.0217,-0.0082,0.0445,9.63,-34.87,21.5,35.81,-84.29,-173.61
52.387444,-1.562567,145.29,14.14,4,234.43,18 / 20,4084510,2019-09-06 20:28:10:253,-0.5675,-0.7043,9.1696,0.0093,0.0197,9.8066,0.1127,0.0117,-0.0744,9.5,-34.31,21.38,37.65,-84.43,-172.93
52.387444,-1.562567,145.29,14.14,4,234.43,18 / 20,4084609,2019-09-06 20:28:10:352,0.4508,-2.6798,9.5507,0.0073,-0.003,9.8066,-0.1367,-0.0529,0.1398,8.94,-34.94,20.56,34.56,-84.39,-173.65
52.387444,-1.562567,145.29,14.14,4,234.43,18 / 20,4084709,2019-09-06 20:28:10:452,-0.1423,-0.47,9.6734,-0.0194,-0.0327,9.8065,-0.1407,0.0649,-0.0106,8.25,-34.81,21.06,31.37,-84.41,-174.14
52.387444,-1.562567,145.29,14.14,4,234.43,18 / 20,4084809,2019-09-06 20:28:10:552,-1.2055,0.6414,10.1581,-0.0361,-0.0279,9.8065,0.1512,-0.0096,-0.0073,8.69,-35,20.94,35.42,-84.17,-173.11
52.387444,-1.562567,145.29,14.14,4,234.43,18 / 20,4084910,2019-09-06 20:28:10:653,1.1338,3.2718,9.2412,0.0068,0.0124,9.8066,0.0128,-0.0019,0.1037,8.81,-34.94,20.88,34.47,-84.25,-173.85
52.387444,-1.562567,145.29,14.14,4,234.43,18 / 20,4085010,2019-09-06 20:28:10:753,-1.156,-1.5479,10.2214,-0.0026,0.02,9.8066,-0.0805,0.0221,-0.1252,8.25,-35,21.63,31.74,-84.39,-172.79
52.387444,-1.562567,145.29,14.14,4,234.43,18 / 20,4085110,2019-09-06 20:28:10:853,0.5497,0.1948,9.7599,0.0009,-0.0014,9.8066,-0.0297,-0.0048,-0.012,8.19,-35.19,20.81,33.84,-84.37,-172.03
52.387444,-1.562567,145.29,14.14,4,234.43,18 / 20,4085210,2019-09-06 20:28:10:953,-0.1693,-0.1679,9.5928,0.0006,0.003,9.8066,-0.0339,-0.0008,-0.008,8.75,-35,21.63,34.84,-84.42,-172.23
52.387444,-1.562567,145.29,14.14,4,234.43,18 / 20,4085310,2019-09-06 20:28:11:053,0.1054,0.8387,9.6991,-0.0009,-0.0117,9.8066,-0.0548,0.0708,0.0093,8.94,-35.12,21.06,35.97,-84.44,-172.37
52.387444,-1.562567,145.29,14.14,4,234.43,18 / 20,4085410,2019-09-06 20:28:11:153,-0.4258,-0.0298,9.6868,-0.0018,0.0059,9.8066,-0.0162,0.0225,0.0532,8.25,-35.19,20.88,32.89,-84.45,-172.79
52.387444,-1.562567,145.29,14.14,4,234.43,18 / 20,4085510,2019-09-06 20:28:11:253,-0.045,-1.3053,9.7472,0.0031,0.013,9.8065,0.0305,0.0115,-0.063,8.31,-34.44,20.88,33.15,-84.56,-172.34
52.387444,-1.562567,145.29,14.14,4,234.43,18 / 20,4085610,2019-09-06 20:28:11:353,-0.1916,-0.4963,10.1881,0.0106,0.011,9.8066,-0.0687,0.0229,0.0139,8.31,-35.12,20.88,32.65,-84.7,-172.77
52.387444,-1.562567,145.29,14.14,4,234.43,18 / 20,4085711,2019-09-06 20:28:11:454,-0.2288,-1.6414,9.7958,-0.0086,-0.0243,9.8065,-0.0539,0.0546,-0.0165,8.69,-35,20.88,34.28,-84.63,-173.68
52.387444,-1.562567,145.29,14.14,4,234.43,18 / 20,4085810,2019-09-06 20:28:11:553,0.7891,-0.9631,9.4481,-0.0106,-0.0147,9.8066,-0.1018,0.0035,-0.0232,8.31,-35.5,21,31.83,-84.66,-173.53
52.387444,-1.562567,145.29,14.14,4,234.43,18 / 20,4085910,2019-09-06 20:28:11:653,-0.7293,0.2691,9.342,-0.013,-0.0282,9.8065,-0.1625,-0.0374,0.0043,8.5,-35.37,21.19,35.47,-84.84,-172.42
52.387444,-1.562567,145.29,14.14,4,234.43,18 / 20,4086010,2019-09-06 20:28:11:753,1.1151,0.9161,9.9682,-0.0188,-0.0364,9.8066,0.0521,0.0013,0.0386,9.06,-35.31,21.06,35.33,-84.73,-172.66
52.387444,-1.562567,145.29,14.14,4,234.43,18 / 20,4086110,2019-09-06 20:28:11:853,-0.1331,-0.0058,9.6307,-0.0015,-0.0042,9.8066,-0.0106,0.0058,0.0135,8.19,-34.75,21.5,31.16,-84.95,-172.83
52.387444,-1.562567,145.29,14.14,4,234.43,18 / 20,4086210,2019-09-06 20:28:11:953,-0.2313,-0.6967,9.312,-0.0123,-0.0169,9.8066,-0.0071,-0.0062,-0.0074,8.81,-35.19,20.88,34.66,-84.89,-173.1
52.387444,-1.562567,145.29,14.14,4,234.43,18 / 20,4086312,2019-09-06 20:28:12:055,0.1834,0.9211,10.0591,-0.0037,0.0039,9.8066,-0.0133,0.0095,0.0091,8.56,-34.94,20.88,34.8,-84.94,-172.93
52.387444,-1.562567,145.29,14.14,4,234.43,19 / 20,4086409,2019-09-06 20:28:12:152,-1.0277,0.7885,7.9886,-0.0003,-0.0222,9.8066,-0.1514,-0.1265,0.0537,8.56,-34.81,21.13,34.23,-84.85,-173.52
52.387444,-1.562567,145.29,14.14,4,234.43,19 / 20,4086510,2019-09-06 20:28:12:253,-2.2706,3.1752,10.0808,-0.0641,0.0214,9.8064,-0.2269,0.2047,-0.0919,8.75,-34.69,21.19,34.67,-85.02,-172.97
52.387444,-1.562567,145.29,14.14,4,234.43,19 / 20,4086609,2019-09-06 20:28:12:352,1.7672,0.5786,9.9214,-0.0563,0.0109,9.8065,0.2366,0.1108,-0.0221,8.69,-34.69,21.19,40.76,-84.96,-167.59
52.387444,-1.562567,145.29,14.14,4,234.43,19 / 20,4086709,2019-09-06 20:28:12:452,5.5487,-2.3193,9.8967,-0.0701,0.0178,9.8064,0.015,0.4241,-0.4353,9.13,-34.62,21,43.7,-84.89,-165.04
52.387444,-1.562567,145.29,14.14,4,234.43,19 / 20,4086809,2019-09-06 20:28:12:552,-0.2913,0.1222,11.5468,0.0316,0.0326,9.8065,-0.2017,0.0698,0.0034,8.75,-34.56,20.81,42.54,-85.02,-165.93
52.387444,-1.562567,145.29,14.14,4,234.43,19 / 20,4086909,2019-09-06 20:28:12:652,0.3885,-2.1658,10.7765,-0.0317,-0.0828,9.8062,0.0117,0.041,0.188,9,-34.75,20.56,37.74,-84.77,-170.48
52.387444,-1.562567,145.29,14.14,4,234.43,19 / 20,4087010,2019-09-06 20:28:12:753,-0.7244,-0.8331,8.6479,0.0088,-0.0089,9.8066,-0.3732,-0.0423,-0.0959,8.19,-34.62,20.19,37.36,-84.91,-169.58
52.387444,-1.562567,145.29,14.14,4,234.43,19 / 20,4087110,2019-09-06 20:28:12:853,1.8056,4.0234,11.2413,-0.0225,-0.1024,9.8061,-0.5042,-0.1225,-0.0499,8.75,-34.81,20.38,38.45,-85.15,-170.7
52.387444,-1.562567,145.29,14.14,4,234.43,19 / 20,4087210,2019-09-06 20:28:12:953,-0.7712,0.8625,9.1378,0.0138,-0.0135,9.8066,0.1569,-0.0394,0.0514,8.75,-34.81,20.44,33.9,-84.79,-175.07
52.387444,-1.562567,145.29,14.14,4,234.43,19 / 20,4087310,2019-09-06 20:28:13:053,-1.3457,0.5884,8.5978,0.0311,0.0369,9.8064,-0.102,-0.257,-0.0075,8.56,-35.06,20.63,32.42,-85.12,-174.88
52.38681,-1.563991,144.74,13,3,231.94,19 / 20,4087410,2019-09-06 20:28:13:153,0.1649,-0.4053,10.3822,-0.0015,0.0035,9.8066,0.1106,-0.099,0.0361,8.31,-35.75,20.63,31.84,-85.09,-173.26
52.38681,-1.563991,144.74,13,3,231.94,19 / 20,4087509,2019-09-06 20:28:13:252,-0.3319,-1.7468,9.6815,0.0247,0.0514,9.8064,-0.0353,0.0973,-0.0495,8.63,-35.06,20.81,34.34,-85.35,-172.97
52.38681,-1.563991,144.74,13,3,231.94,19 / 20,4087610,2019-09-06 20:28:13:353,0.7086,0.5048,9.2209,-0.0134,-0.0237,9.8066,-0.0536,0.0797,-0.04,9.25,-34.81,20.88,34.04,-84.88,-173.66
52.38681,-1.563991,144.74,13,3,231.94,19 / 20,4087709,2019-09-06 20:28:13:452,0.9904,-0.3524,9.7083,-0.0208,-0.0202,9.8066,-0.1758,-0.0373,-0.0381,9.25,-35.19,20.63,34.12,-84.76,-173.7
52.38681,-1.563991,144.74,13,3,231.94,19 / 20,4087810,2019-09-06 20:28:13:553,0.244,0.6125,9.2677,0.0083,0.0143,9.8066,0.0611,-0.0791,0.0177,9.31,-35.06,20.13,34.77,-84.93,-174.17
52.38681,-1.563991,144.74,13,3,231.94,19 / 20,4087910,2019-09-06 20:28:13:653,-0.9885,1.3852,7.9067,0.0136,-0.0551,9.8064,-0.296,-0.1731,0.0381,9.31,-34.44,20.44,31.07,-84.79,-177.43
52.38681,-1.563991,144.74,13,3,231.94,19 / 20,4088010,2019-09-06 20:28:13:753,3.539,2.8177,7.1512,0.0056,0.0216,9.8066,0.2313,-0.1412,0.1294,9.88,-34,20.75,27.33,-84.97,178.39
52.38681,-1.563991,144.74,13,3,231.94,19 / 20,4088110,2019-09-06 20:28:13:853,-1.1532,-0.152,8.0863,0.0389,0.0999,9.806,-0.2548,0.0991,0.0155,9.5,-35.19,20.13,30.59,-84.85,179.82
52.38681,-1.563991,144.74,13,3,231.94,19 / 20,4088210,2019-09-06 20:28:13:953,0.382,0.5291,10.7515,0.0275,0.0497,9.8065,0.1558,0.0718,-0.0249,9.5,-34.62,20.44,32.41,-85.28,-178.2
52.38681,-1.563991,144.74,13,3,231.94,19 / 20,4088310,2019-09-06 20:28:14:053,0.7135,0.0717,10.3677,-0.0144,0.0352,9.8066,0.1245,-0.0106,0,9.69,-34.62,20.5,33.63,-85.22,-175.91
52.38681,-1.563991,144.74,13,3,231.94,18 / 20,4088410,2019-09-06 20:28:14:153,0.3303,-0.3442,9.7486,-0.0039,0.0075,9.8066,-0.0584,-0.0074,0.0761,9.69,-35.19,20.94,35.96,-85.18,-173.86
52.38681,-1.563991,144.74,13,3,231.94,18 / 20,4088510,2019-09-06 20:28:14:253,-0.3774,0.6217,10.3674,-0.004,0.0014,9.8066,0.0013,0.02,0.0154,9.38,-34.87,21,34.14,-85.13,-173.35
52.38681,-1.563991,144.74,13,3,231.94,18 / 20,4088610,2019-09-06 20:28:14:353,-0.5113,-0.6416,10.3751,-0.0038,-0.0091,9.8066,-0.0576,-0.0045,-0.0439,8.75,-34.75,20.56,34.52,-85.14,-173
52.38681,-1.563991,144.74,13,3,231.94,18 / 20,4088710,2019-09-06 20:28:14:453,-2.459,0.133,11.1293,-0.0171,-0.0183,9.8066,0.1304,-0.2565,0.1174,9,-34.5,20.75,34.71,-85.01,-172.82
52.38681,-1.563991,144.74,13,3,231.94,18 / 20,4088809,2019-09-06 20:28:14:552,0.2807,-1.3925,9.942,-0.0165,0.0137,9.8066,-0.1612,-0.067,0.0305,8.81,-35.31,20.5,38.46,-85.11,-169.51
52.38681,-1.563991,144.74,13,3,231.94,18 / 20,4088909,2019-09-06 20:28:14:652,-2.5442,1.4207,12.1111,0.0168,0.0318,9.8066,0.348,-0.2571,0.1007,8.81,-34.31,20.56,38.01,-85.32,-169.57
52.38681,-1.563991,144.74,13,3,231.94,18 / 20,4089010,2019-09-06 20:28:14:753,-1.571,-1.316,9.812,-0.031,-0.05,9.8064,-0.3427,-0.0127,0.0309,9,-35.19,21,39.08,-84.92,-169.14
52.38681,-1.563991,144.74,13,3,231.94,18 / 20,4089110,2019-09-06 20:28:14:853,-1.3951,-1.4922,10.5084,0.0113,-0.005,9.8066,-0.0639,0.0597,-0.0113,8.94,-35.94,20.56,39.05,-85.11,-169.1
52.38681,-1.563991,144.74,13,3,231.94,18 / 20,4089210,2019-09-06 20:28:14:953,-0.3555,0.9526,11.2098,-0.0056,-0.0419,9.8065,-0.1857,-0.1007,-0.0562,8.38,-35.19,20.94,35.47,-85.27,-169.75
52.38681,-1.563991,144.74,13,3,231.94,18 / 20,4089310,2019-09-06 20:28:15:053,1.3216,0.6515,10.0774,-0.0071,-0.0176,9.8066,-0.0355,-0.0092,-0.1018,9.56,-34.56,20.75,34.13,-85.2,-175.48
52.38681,-1.563991,144.74,13,3,231.94,18 / 20,4089410,2019-09-06 20:28:15:153,0.512,0.2721,9.7541,-0.0057,-0.0295,9.8065,0.0318,0.0029,0.008,9.81,-34.25,21.13,33.36,-84.94,-176.28
52.38681,-1.563991,144.74,13,3,231.94,18 / 20,4089510,2019-09-06 20:28:15:253,-0.4339,-0.7949,10.0863,-0.0076,-0.0284,9.8066,-0.0002,-0.0069,-0.0231,9,-35.06,22.19,29.07,-84.86,-176.96
52.38681,-1.563991,144.74,13,3,231.94,18 / 20,4089610,2019-09-06 20:28:15:353,0.7318,-1.0115,8.4655,-0.0005,0.0082,9.8066,0.0345,-0.1743,-0.0063,9.13,-35.31,21.38,31.13,-84.97,-176.16
52.38681,-1.563991,144.74,13,3,231.94,18 / 20,4089710,2019-09-06 20:28:15:453,-2.3791,-1.419,10.2673,-0.0286,-0.0336,9.8065,0.2086,-0.1228,0.1213,9.13,-35,21.44,32.61,-84.84,-174.96
52.38681,-1.563991,144.74,13,3,231.94,18 / 20,4089810,2019-09-06 20:28:15:553,1.4597,0.5162,9.1209,0.0323,0.0407,9.8065,0.1928,-0.1389,-0.0121,8.75,-34.87,21.44,32.22,-84.88,-175.26
52.38681,-1.563991,144.74,13,3,231.94,18 / 20,4089910,2019-09-06 20:28:15:653,-0.5627,1.6043,10.1784,0.0116,0.0097,9.8066,0.2026,-0.0065,-0.1131,9,-34.56,21.25,30.62,-84.91,-176.66
52.38681,-1.563991,144.74,13,3,231.94,18 / 20,4090009,2019-09-06 20:28:15:752,-0.826,-2.4935,10.3587,0.0163,0.0321,9.8065,-0.0023,0.0756,-0.0169,9.31,-34.37,21.25,31.04,-84.9,-176.17
52.38681,-1.563991,144.74,13,3,231.94,18 / 20,4090109,2019-09-06 20:28:15:852,1.3226,-0.0382,10.4947,0.0094,0.0004,9.8066,-0.1463,0.0407,-0.0397,9.31,-34.87,22.06,30.56,-84.78,-175.7
52.38681,-1.563991,144.74,13,3,231.94,18 / 20,4090210,2019-09-06 20:28:15:953,-0.1368,1.2097,10.1212,0.0089,0.0202,9.8066,0.1059,0.07,-0.0219,8.88,-35.06,21.63,31.15,-84.92,-175.08
52.38681,-1.563991,144.74,13,3,231.94,19 / 20,4090312,2019-09-06 20:28:16:055,-1.8829,-1.693,10.3037,-0.0065,-0.0136,9.8066,0.0665,-0.0845,-0.0351,9.19,-34.44,22.13,31.44,-85.09,-174.57
52.38681,-1.563991,144.74,13,3,231.94,19 / 20,4090410,2019-09-06 20:28:16:153,2.5441,6.7371,13.9435,0.0047,0.0288,9.8065,0.5852,0.0569,0.0116,9.94,-34.5,21.94,34.22,-85.33,-174.01
52.38681,-1.563991,144.74,13,3,231.94,19 / 20,4090511,2019-09-06 20:28:16:254,-2.0245,0.4438,13.0038,-0.1271,-0.2947,9.8013,1.2881,-0.026,0.0057,9.13,-34.06,22,28.75,-85.6,-176.59
52.38681,-1.563991,144.74,13,3,231.94,19 / 20,4090610,2019-09-06 20:28:16:353,-4.5316,-6.9383,12.3726,-0.0479,-0.1227,9.8057,0.788,0.0014,-0.136,8.69,-33.56,22.44,26.43,-83.97,-179.78
52.38681,-1.563991,144.74,13,3,231.94,19 / 20,4090710,2019-09-06 20:28:16:453,-0.5742,-1.5934,11.1936,0.0889,0.1999,9.8042,0.1386,0.0515,-0.0718,9.44,-34.44,21.56,26.7,-84.97,-178.87
52.38681,-1.563991,144.74,13,3,231.94,19 / 20,4090810,2019-09-06 20:28:16:553,-0.8371,-1.3219,10.9828,-0.0334,-0.0989,9.8061,-0.452,0.0153,-0.0034,8.88,-34.25,21,29.33,-85.43,-177.28
52.38681,-1.563991,144.74,13,3,231.94,19 / 20,4090910,2019-09-06 20:28:16:653,0.7339,0.8838,9.6487,-0.0011,-0.0395,9.8065,-0.2153,0.0184,-0.0425,9.38,-35.12,21.06,26.09,-85.29,179.64
52.38681,-1.563991,144.74,13,3,231.94,19 / 20,4091010,2019-09-06 20:28:16:753,0.3296,-0.534,9.7782,-0.0298,-0.071,9.8063,0.0966,-0.0114,0.0507,9,-34.37,21.19,24.81,-84.74,178.23
52.38681,-1.563991,144.74,13,3,231.94,19 / 20,4091110,2019-09-06 20:28:16:853,0.4717,0.3356,9.3786,-0.0143,-0.0508,9.8064,-0.0079,0.0921,-0.0539,9.13,-34.62,22.38,23.51,-84.53,177.95
52.38681,-1.563991,144.74,13,3,231.94,19 / 20,4091210,2019-09-06 20:28:16:953,-0.1928,-1.2387,9.0277,0.0067,0.0455,9.8065,-0.1454,0.0362,0.0605,8.5,-35.19,21.63,24.61,-84.75,179.05
52.38681,-1.563991,144.74,13,3,231.94,19 / 20,4091309,2019-09-06 20:28:17:052,-0.9638,2.9409,9.9027,-0.028,0.0353,9.8065,-0.357,-0.0662,0.1543,8.69,-35.5,22.19,30.23,-84.94,-175.87
52.38681,-1.563991,144.74,13,3,231.94,19 / 20,4091410,2019-09-06 20:28:17:153,-2.3989,2.2349,9.6071,0.072,0.1091,9.8057,0.1018,0.097,-0.2228,8.56,-34.31,22.56,31.46,-84.95,-173.64
52.38681,-1.563991,144.74,13,3,231.94,19 / 20,4091510,2019-09-06 20:28:17:253,-5.9174,1.0572,13.4401,0.0047,0.0512,9.8064,0.3808,-0.3382,0.1075,8.75,-34.37,21.13,31.73,-85.54,-175.04
52.38681,-1.563991,144.74,13,3,231.94,19 / 20,4091610,2019-09-06 20:28:17:353,0.666,-3.3194,11.223,-0.0287,-0.0113,9.8065,0.0294,0.0303,0.2133,8.75,-34.37,22.75,27.93,-84.72,-176.94
52.38681,-1.563991,144.74,13,3,231.94,19 / 20,4091710,2019-09-06 20:28:17:453,0.4111,-2.9052,10.625,0.0543,0.0573,9.8063,0.083,0.065,-0.0699,9.19,-34.37,22.31,26.72,-84.66,-179.06
52.38681,-1.563991,144.74,13,3,231.94,19 / 20,4091809,2019-09-06 20:28:17:552,-0.4588,4.3754,11.9868,-0.0739,-0.1152,9.8056,-0.3282,0.1355,-0.068,9.19,-34.5,21.5,29.04,-83.98,-177.53
52.38681,-1.563991,144.74,13,3,231.94,19 / 20,4091910,2019-09-06 20:28:17:653,0.889,-1.4443,10.9674,-0.0174,-0.0316,9.8065,-0.0961,0.0048,0.05,8.75,-34.31,22.38,29.05,-84.69,-176.99
52.38681,-1.563991,144.74,13,3,231.94,19 / 20,4092010,2019-09-06 20:28:17:753,-2.1996,-3.2353,10.151,-0.0364,-0.0649,9.8063,0.1119,0.0323,-0.0889,8.88,-35,22.38,27.84,-84.96,-177.97
52.38681,-1.563991,144.74,13,3,231.94,19 / 20,4092110,2019-09-06 20:28:17:853,1.1226,-1.381,9.0335,-0.0054,-0.0279,9.8066,-0.0048,0.0297,-0.1416,8.81,-34.5,22.13,26.91,-84.57,-178.96
52.38681,-1.563991,144.74,13,3,231.94,19 / 20,4092210,2019-09-06 20:28:17:953,-0.0843,0.6705,9.5954,-0.0025,0.0006,9.8066,-0.0306,0.1009,0.0154,8.81,-34.94,21.81,27.47,-84.5,-178.62
52.38681,-1.563991,144.74,13,3,231.94,19 / 20,4092309,2019-09-06 20:28:18:052,1.6975,1.4224,9.6787,-0.0228,-0.0242,9.8066,0.073,-0.0295,0.0266,8.94,-34.62,22.19,28.08,-84.45,-178.13
52.38681,-1.563991,144.74,13,3,231.94,19 / 20,4092410,2019-09-06 20:28:18:153,-0.2436,-1.3035,9.7063,-0.0043,0.0277,9.8065,-0.0512,0.0604,0.0275,8.56,-35,23,27.15,-84.67,-177.77
52.38681,-1.563991,144.74,13,3,231.94,19 / 20,4092510,2019-09-06 20:28:18:253,-0.2734,-0.1837,9.7728,-0.0074,0.0031,9.8066,0.0012,0.0097,0.0401,8.94,-34.37,22.56,28.02,-84.61,-176.94
52.38681,-1.563991,144.74,13,3,231.94,19 / 20,4092610,2019-09-06 20:28:18:353,-0.1613,0.2514,9.6833,0.0098,0.0216,9.8066,-0.0258,0.0105,-0.0288,8.63,-35,22.06,29.26,-84.63,-176.96
52.38681,-1.563991,144.74,13,3,231.94,19 / 20,4092710,2019-09-06 20:28:18:453,0.0909,0.2618,9.9558,0,0.0145,9.8066,0.0053,0.0327,0.014,8.75,-34.06,22.13,29.56,-84.75,-176.5
52.38681,-1.563991,144.74,13,3,231.94,19 / 20,4092809,2019-09-06 20:28:18:552,0.3418,0.0855,10.3962,-0.0081,-0.0138,9.8066,0.0755,-0.0145,0.0304,8.56,-34.62,22.31,29.8,-84.63,-176.49
52.38681,-1.563991,144.74,13,3,231.94,19 / 20,4092909,2019-09-06 20:28:18:652,-0.9629,-0.598,9.8524,0.0008,0.0015,9.8066,-0.0677,0.0029,-0.0162,8.56,-34.94,21.94,29.61,-84.6,-176.69
52.38681,-1.563991,144.74,13,3,231.94,19 / 20,4093009,2019-09-06 20:28:18:752,-0.3692,-0.4922,9.7465,0.0056,-0.0045,9.8066,0.0061,0.0795,-0.0299,8.56,-34.44,21.75,29.57,-84.54,-176.64
52.38681,-1.563991,144.74,13,3,231.94,19 / 20,4093110,2019-09-06 20:28:18:853,-0.1275,-0.4866,9.6875,-0.0015,0.0157,9.8066,0.0305,0.0496,0.0175,8.5,-34.44,23.13,28.95,-84.67,-176.08
52.38681,-1.563991,144.74,13,3,231.94,19 / 20,4093210,2019-09-06 20:28:18:953,-0.5669,0.579,9.8286,0.0175,0.0077,9.8066,-0.0501,0.0147,-0.0172,8.25,-34.31,22.69,25.91,-84.73,-176.58
52.38681,-1.563991,144.74,13,3,231.94,19 / 20,4093309,2019-09-06 20:28:19:052,0.3218,0.3446,9.782,0.0097,-0.0067,9.8066,-0.0298,-0.0035,-0.041,8.81,-34,22.31,26.23,-84.84,-179.38
52.38681,-1.563991,144.74,13,3,231.94,18 / 19,4093410,2019-09-06 20:28:19:153,1.6858,2.0882,10.8063,0.0022,0.013,9.8066,0.2963,0.0712,0.0505,8.69,-34.44,22.38,26.47,-84.95,-179.08
52.38681,-1.563991,144.74,13,3,231.94,18 / 19,4093510,2019-09-06 20:28:19:253,2.2662,-0.2032,7.68,-0.0223,0.0257,9.8065,-0.2724,0.0785,-0.1211,8.63,-34.31,22.19,30,-84.66,-176.18
52.38681,-1.563991,144.74,13,3,231.94,18 / 19,4093609,2019-09-06 20:28:19:352,2.8101,2.4623,10.3345,0.0384,0.0749,9.8063,0.41,-0.0325,-0.0179,8.81,-34.69,22,28.97,-84.89,-177.02
52.38681,-1.563991,144.74,13,3,231.94,18 / 19,4093710,2019-09-06 20:28:19:453,-1.7232,1.3854,9.6641,0.0221,0.1037,9.8061,0.3242,-0.176,0.1317,8.25,-35.19,21.56,28.21,-84.91,-175.46
52.38681,-1.563991,144.74,13,3,231.94,18 / 19,4093811,2019-09-06 20:28:19:554,0.0316,-0.4616,9.4833,0.033,0.0577,9.8064,0.0943,-0.0265,-0.0741,8,-34.19,22.44,27.41,-85.12,-175.92
52.38681,-1.563991,144.74,13,3,231.94,18 / 19,4093909,2019-09-06 20:28:19:652,0.038,-2.0205,9.1255,0.0253,0.0571,9.8064,0.2668,0.0157,-0.0096,9.06,-34.37,22.44,29.5,-85.16,-176.25
52.38681,-1.563991,144.74,13,3,231.94,18 / 19,4094009,2019-09-06 20:28:19:752,0.1153,0.9901,9.8264,-0.0555,-0.1388,9.8055,-0.263,0.0548,-0.0338,8.88,-33.87,22.13,28.1,-84.31,-178.1
52.38681,-1.563991,144.74,13,3,231.94,18 / 19,4094109,2019-09-06 20:28:19:852,1.3266,0.0016,9.0589,-0.0594,-0.1094,9.8058,-0.3192,0.1956,-0.0575,8.5,-34.37,21.69,28.99,-84.26,-177.36
52.38681,-1.563991,144.74,13,3,231.94,18 / 19,4094210,2019-09-06 20:28:19:953,0.5395,0.9897,9.4519,-0.0092,0.0119,9.8065,0.0412,-0.0747,0.0826,8.63,-34.69,22.69,29.38,-84.48,-175.94
52.38681,-1.563991,144.74,13,3,231.94,18 / 19,4094310,2019-09-06 20:28:20:053,0.774,0.985,9.6943,-0.0039,-0.0382,9.8065,-0.0434,-0.0276,-0.0585,8.75,-34.69,22.25,29.99,-84.49,-176.43
52.38681,-1.563991,144.74,13,3,231.94,19 / 20,4094411,2019-09-06 20:28:20:154,0.3208,-0.2179,9.3699,0.007,0.0425,9.8065,0.0409,-0.0127,0.0196,8.25,-34.37,22.88,27.9,-84.73,-174.82
52.38681,-1.563991,144.74,13,3,231.94,19 / 20,4094510,2019-09-06 20:28:20:253,-0.3728,-1.2786,10.655,0.0045,0.0301,9.8066,0.1351,0.0072,0.024,7.81,-34.44,23.06,28.91,-84.71,-173.95
52.38681,-1.563991,144.74,13,3,231.94,19 / 20,4094609,2019-09-06 20:28:20:352,-0.6363,-0.5689,10.6145,-0.0073,-0.0344,9.8066,-0.1379,0.002,-0.0164,8.38,-34.25,22.56,28.8,-84.69,-174.05
52.38681,-1.563991,144.74,13,3,231.94,19 / 20,4094710,2019-09-06 20:28:20:453,0.0678,-0.7323,10.2268,0.0157,0.0011,9.8066,0.02,0.0672,-0.0482,8.38,-34.5,22.38,28.08,-84.62,-175.68
52.38681,-1.563991,144.74,13,3,231.94,19 / 20,4094809,2019-09-06 20:28:20:552,0.3484,-1.141,9.9218,0.0105,-0.0076,9.8066,-0.0085,-0.0014,0.0257,8.63,-34.75,22.19,29.81,-84.62,-176.49
52.38681,-1.563991,144.74,13,3,231.94,19 / 20,4094910,2019-09-06 20:28:20:653,-0.5586,-0.1204,10.1643,-0.0066,-0.0283,9.8066,0.0389,-0.0504,-0.0188,8.81,-34.62,22.38,27.88,-84.67,-178.15
52.38681,-1.563991,144.74,13,3,231.94,19 / 20,4095009,2019-09-06 20:28:20:752,-0.5897,0.2721,10.1128,-0.0054,0.0136,9.8066,-0.0134,0.0021,-0.0242,8.19,-34.12,22.88,23.61,-84.55,-178.71
52.38681,-1.563991,144.74,13,3,231.94,19 / 20,4095110,2019-09-06 20:28:20:853,-0.407,-0.1938,9.9762,0.0115,0.0063,9.8066,0.0806,-0.0156,0.0827,8.75,-34.06,22.44,26.39,-84.42,-179.51
52.38681,-1.563991,144.74,13,3,231.94,19 / 20,4095210,2019-09-06 20:28:20:953,1.0193,1.1972,9.9977,-0.0115,-0.018,9.8066,0.0527,0.0318,0.0545,8.75,-34.81,23.19,25.13,-84.37,-179.73
52.38681,-1.563991,144.74,13,3,231.94,19 / 20,4095311,2019-09-06 20:28:21:054,-0.1761,-0.7578,9.7886,-0.01,-0.0082,9.8066,0.025,0.0767,-0.0057,8.38,-34.19,22.94,23.31,-84.31,-179.12
52.38681,-1.563991,144.74,13,3,231.94,19 / 20,4095410,2019-09-06 20:28:21:153,0.6925,-1.6582,9.6286,-0.0074,-0.0011,9.8066,0.0241,0.0819,0.0144,8.44,-33.87,22.63,24.82,-84.28,-177.82
52.38681,-1.563991,144.74,13,3,231.94,19 / 20,4095509,2019-09-06 20:28:21:252,0.0933,-0.0286,9.4545,-0.0149,0.0142,9.8066,0.0147,0.0096,0.0484,8,-34.44,22.69,26.43,-84.31,-176.4
52.38681,-1.563991,144.74,13,3,231.94,19 / 20,4095610,2019-09-06 20:28:21:353,-0.1156,-0.8507,10.153,0.001,0.0047,9.8065,-0.0393,0.0148,-0.0056,7.75,-34.87,22.94,28.02,-84.34,-175.1
52.38681,-1.563991,144.74,13,3,231.94,19 / 20,4095709,2019-09-06 20:28:21:452,-0.9185,-0.1058,9.9543,-0.006,0.019,9.8065,-0.0275,-0.0556,0.0493,8.38,-35,22.94,29.57,-84.43,-173.68
52.38681,-1.563991,144.74,13,3,231.94,19 / 20,4095810,2019-09-06 20:28:21:553,1.3211,0.2898,9.2997,0.0009,-0.0054,9.8066,0.0344,-0.053,0.039,8.19,-34.81,22.31,31.62,-84.37,-172.9
52.38681,-1.563991,144.74,13,3,231.94,19 / 20,4095910,2019-09-06 20:28:21:653,-0.5638,-0.1958,9.8221,0.0013,-0.0276,9.8066,0.0995,0.0281,0.0141,8.13,-34.19,22.81,29.28,-84.27,-173.94
52.38681,-1.563991,144.74,13,3,231.94,19 / 20,4096010,2019-09-06 20:28:21:753,0.2307,0.0965,9.3162,0.0175,-0.0145,9.8066,-0.0929,0.0001,-0.0591,8.44,-34.62,22.81,27.42,-84.25,-175.68
52.38681,-1.563991,144.74,13,3,231.94,19 / 20,4096110,2019-09-06 20:28:21:853,0.2881,0.5922,9.6763,0.0092,-0.0173,9.8066,-0.0803,-0.0355,-0.0536,8.56,-34.31,22.5,27.49,-84.33,-177.6
52.38681,-1.563991,144.74,13,3,231.94,19 / 20,4096210,2019-09-06 20:28:21:953,1.125,0.489,9.7935,0.0257,0.0372,9.8065,-0.0105,0.0252,0.0141,8.06,-34.81,22.44,25.14,-84.69,-178.32
52.38681,-1.563991,144.74,13,3,231.94,19 / 20,4096310,2019-09-06 20:28:22:053,0.0566,-0.2544,10.2097,0.0147,-0.0016,9.8066,-0.0425,0.0615,-0.0318,8.38,-35.12,23,22.78,-84.6,-179.5
52.386135,-1.565299,144.08,13.14,3,226.03,19 / 20,4096409,2019-09-06 20:28:22:152,0.2492,-0.6949,10.0025,-0.0052,-0.0216,9.8066,-0.0349,0.002,-0.0121,8.44,-34.62,23.06,20.5,-84.52,178.48
52.386135,-1.565299,144.08,13.14,3,226.03,19 / 20,4096510,2019-09-06 20:28:22:253,-0.3001,-0.2889,9.4694,0.0253,0.0235,9.8065,0.0681,0.0076,0.0591,8.75,-34.12,23.31,21.34,-84.4,177.07
52.386135,-1.565299,144.08,13.14,3,226.03,19 / 20,4096609,2019-09-06 20:28:22:352,-0.4266,-0.4395,10.0731,0.0075,0.0148,9.8065,0.0171,0,-0.0175,8.13,-35.19,23.19,18.85,-84.37,176.97
52.386135,-1.565299,144.08,13.14,3,226.03,19 / 20,4096709,2019-09-06 20:28:22:452,0.0278,-0.7268,10.0963,-0.0065,-0.0081,9.8066,0.0115,-0.0164,-0.0613,9,-34.31,22.63,19.94,-84.44,175.87
52.386135,-1.565299,144.08,13.14,3,226.03,19 / 20,4096809,2019-09-06 20:28:22:552,0.1456,-0.7592,10.0591,-0.0008,0.0019,9.8066,-0.1056,0.029,0.0093,9,-34.37,23.38,20,-84.48,175.95
52.386135,-1.565299,144.08,13.14,3,226.03,19 / 20,4096909,2019-09-06 20:28:22:652,0.8178,-0.0383,9.876,-0.0109,-0.0017,9.8066,0.0116,0.0717,0.0394,9,-34.06,22.5,18.76,-84.54,174.89
52.386135,-1.565299,144.08,13.14,3,226.03,19 / 20,4097009,2019-09-06 20:28:22:752,0.218,-0.617,9.0854,-0.0316,-0.0209,9.8066,-0.1297,0.0293,-0.017,8.13,-34.75,22.81,19.96,-84.34,177.92
52.386135,-1.565299,144.08,13.14,3,226.03,19 / 20,4097109,2019-09-06 20:28:22:852,0.3483,0.3199,9.313,-0.0068,-0.0042,9.8066,-0.1103,0.0781,0.084,7.75,-33.87,23.19,21,-84.4,178.93
52.386135,-1.565299,144.08,13.14,3,226.03,19 / 20,4097209,2019-09-06 20:28:22:952,-0.2207,0.1195,8.9841,0,0.0058,9.8066,0.2024,-0.0339,-0.0013,8.88,-34.31,22.69,23.93,-84.4,179.33
52.386135,-1.565299,144.08,13.14,3,226.03,19 / 20,4097309,2019-09-06 20:28:23:052,0.3428,-0.9318,9.9022,0.0113,0.0384,9.8065,0.0944,0.0115,-0.1176,8.31,-33.19,22.94,23.19,-84.43,-179.06
52.386135,-1.565299,144.08,13.14,3,226.03,19 / 20,4097409,2019-09-06 20:28:23:152,0.0515,-0.5535,10.3918,0.0133,0.0235,9.8066,-0.0464,0.0545,0.0361,7.94,-33.94,23.13,22.78,-84.36,-179.55
52.386135,-1.565299,144.08,13.14,3,226.03,19 / 20,4097512,2019-09-06 20:28:23:255,0.3756,0.7275,10.6817,-0.0031,-0.032,9.8065,-0.0422,0.1072,-0.0687,8.31,-34.06,23.31,21.93,-84.3,179.68
52.386135,-1.565299,144.08,13.14,3,226.03,19 / 20,4097610,2019-09-06 20:28:23:353,0.9381,-2.9487,8.7395,0.0067,-0.0038,9.8066,-0.1958,0.0163,-0.0121,8.44,-34.12,23,19.68,-84.14,177.66
52.386135,-1.565299,144.08,13.14,3,226.03,19 / 20,4097710,2019-09-06 20:28:23:453,-0.7377,-0.3874,8.9728,0.007,-0.0148,9.8065,-0.204,-0.0223,0.127,7.75,-34,22.94,21.04,-84.14,178.83
52.386135,-1.565299,144.08,13.14,3,226.03,19 / 20,4097810,2019-09-06 20:28:23:553,-0.7794,-1.3629,10.0987,-0.0201,-0.011,9.8066,-0.1611,0.0555,-0.0373,7.81,-34,22.56,22.66,-84.38,-179.64
52.386135,-1.565299,144.08,13.14,3,226.03,19 / 20,4097910,2019-09-06 20:28:23:653,1.5256,1.1647,8.3625,-0.0621,-0.0838,9.8061,-0.467,-0.0152,-0.0134,8.13,-34.19,22.38,24.43,-84.8,-178.77
52.386135,-1.565299,144.08,13.14,3,226.03,19 / 20,4098010,2019-09-06 20:28:23:753,3.0422,1.6606,7.4517,-0.0744,-0.1369,9.8053,0.1437,0.0034,0.0631,7.88,-34.44,22.75,27.83,-83.83,-175.51
52.386135,-1.565299,144.08,13.14,3,226.03,19 / 20,4098110,2019-09-06 20:28:23:853,1.9432,2.5687,8.8756,0.0242,0.0671,9.8063,-0.1711,0.093,0.146,7.38,-34.62,23.25,25.05,-84.19,-175.57
52.386135,-1.565299,144.08,13.14,3,226.03,19 / 20,4098210,2019-09-06 20:28:23:953,-4.3446,0.4355,8.5304,-0.0195,-0.0306,9.8066,0.229,-0.0986,-0.0444,7.13,-34.25,23.06,26.04,-83.73,-174.91
52.386135,-1.565299,144.08,13.14,3,226.03,19 / 20,4098310,2019-09-06 20:28:24:053,5.0168,-5.8038,11.0719,0.058,0.008,9.8064,0.1793,0.1875,-0.1332,8.06,-34.75,22.38,23.63,-84.14,-179.97
52.386135,-1.565299,144.08,13.14,3,226.03,17 / 19,4098409,2019-09-06 20:28:24:152,-3.8941,2.8197,8.1441,0.0342,-0.0607,9.8064,-0.3788,0.2938,-0.1737,8.19,-34.75,23.31,20.95,-84,178.58
52.386135,-1.565299,144.08,13.14,3,226.03,17 / 19,4098510,2019-09-06 20:28:24:253,-0.2295,0.2494,7.7396,0.0227,-0.0411,9.8065,-0.5369,-0.3801,0.3337,7.56,-34.5,23.19,23.64,-83.8,-179.13
52.386135,-1.565299,144.08,13.14,3,226.03,17 / 19,4098609,2019-09-06 20:28:24:352,-0.4957,1.5465,8.5255,-0.1092,-0.1852,9.8042,0.4275,-0.0152,-0.0436,7.69,-34.12,23.38,25.98,-83.07,-177.6
52.386135,-1.565299,144.08,13.14,3,226.03,17 / 19,4098710,2019-09-06 20:28:24:453,0.6015,2.8065,8.9033,0.0565,0.1622,9.8051,0.0979,-0.0496,0.0914,6.81,-34.69,23.06,23.35,-84.37,-176.92
52.386135,-1.565299,144.08,13.14,3,226.03,17 / 19,4098809,2019-09-06 20:28:24:552,0.9201,1.2154,9.1029,0.0505,0.1469,9.8054,0.5318,-0.0905,-0.0378,7.5,-34.25,23.19,26.89,-84.48,-175.89
52.386135,-1.565299,144.08,13.14,3,226.03,17 / 19,4098909,2019-09-06 20:28:24:652,-0.7927,-0.9979,11.4223,0.0395,0.057,9.8064,0.6964,-0.0435,0.0034,7.56,-33.56,22.88,24.56,-84.67,-177.8
52.386135,-1.565299,144.08,13.14,3,226.03,17 / 19,4099010,2019-09-06 20:28:24:753,-1.9532,-2.4878,11.9205,0.0582,0.1416,9.8054,-0.5246,0.1031,-0.0385,8.19,-34.12,22.75,24.61,-85.04,-177.53
52.386135,-1.565299,144.08,13.14,3,226.03,17 / 19,4099110,2019-09-06 20:28:24:853,-0.6129,-1.9819,11.3248,-0.0533,-0.1597,9.8052,-0.058,-0.1358,0.1479,7.63,-34.12,23.38,24.17,-84.8,-178.06
52.386135,-1.565299,144.08,13.14,3,226.03,17 / 19,4099209,2019-09-06 20:28:24:952,-1.2223,-0.0492,11.6628,-0.0235,-0.0768,9.8063,0.2018,-0.0611,0.0174,7.94,-34.25,22.81,24.6,-83.81,-178.3
52.386135,-1.565299,144.08,13.14,3,226.03,17 / 19,4099310,2019-09-06 20:28:25:053,-0.7474,0.5373,9.504,-0.0185,-0.0118,9.8065,-0.3027,-0.0077,0.0099,7.69,-35,23.44,25.93,-83.67,-177.36
52.386135,-1.565299,144.08,13.14,3,226.03,17 / 19,4099410,2019-09-06 20:28:25:153,0.4932,0.4819,8.7244,-0.008,-0.0048,9.8066,0.1212,-0.0123,-0.0426,6.94,-34.81,23.13,23.44,-83.83,-177.18
52.386135,-1.565299,144.08,13.14,3,226.03,17 / 19,4099510,2019-09-06 20:28:25:253,-0.1158,-0.8266,9.3811,0.023,0.0304,9.8065,0.1431,-0.0015,-0.0106,7.06,-34.69,23.69,19.66,-84.21,-179.42
52.386135,-1.565299,144.08,13.14,3,226.03,17 / 19,4099610,2019-09-06 20:28:25:353,0.9641,0.4867,10.2521,0.0079,0.0334,9.8065,-0.0871,-0.0337,0.0352,8.19,-34.31,23.19,23.03,-84.34,-179.34
52.386135,-1.565299,144.08,13.14,3,226.03,17 / 19,4099709,2019-09-06 20:28:25:452,0.564,-1.2442,9.3599,-0.0059,-0.0003,9.8066,-0.0131,0.0025,0.0039,7.81,-34.37,22.38,24.85,-84.26,-178.75
52.386135,-1.565299,144.08,13.14,3,226.03,17 / 19,4099810,2019-09-06 20:28:25:553,0.1869,0.4386,9.982,-0.032,-0.0372,9.8065,-0.0392,-0.0314,0.1033,7.13,-35.25,22.94,23.91,-84.02,-176.66
52.386135,-1.565299,144.08,13.14,3,226.03,17 / 19,4099909,2019-09-06 20:28:25:652,0.3386,0.5929,9.9955,-0.0205,0.0108,9.8066,-0.0486,0.0353,0.0339,7.56,-34.31,23.38,29.92,-84.1,-173.5
52.386135,-1.565299,144.08,13.14,3,226.03,17 / 19,4100010,2019-09-06 20:28:25:753,-0.5625,1.9126,9.2112,-0.0019,-0.0133,9.8066,0.2251,0.0335,-0.0495,6.88,-34.31,23.13,27.8,-83.93,-173.27
52.386135,-1.565299,144.08,13.14,3,226.03,17 / 19,4100109,2019-09-06 20:28:25:852,-0.3265,-0.4718,10.4662,0.0045,0.0286,9.8066,0.0768,-0.0305,-0.0026,6.94,-34.56,23.44,28.82,-84.08,-172.39
52.386135,-1.565299,144.08,13.14,3,226.03,17 / 19,4100210,2019-09-06 20:28:25:953,0.4236,-1.1502,10.0158,0.0157,0.0367,9.8065,-0.1129,-0.0302,-0.0029,6.75,-34.44,23.13,28.63,-84.14,-172.39
52.386135,-1.565299,144.08,13.14,3,226.03,17 / 19,4100310,2019-09-06 20:28:26:053,-0.5512,0.3221,9.5431,0.0013,-0.0123,9.8066,-0.0107,0.0038,0.0657,6.69,-34.44,23.31,27.21,-84.04,-173.7
52.386135,-1.565299,144.08,13.14,3,226.03,18 / 20,4100409,2019-09-06 20:28:26:152,0.1323,-0.2304,9.5814,-0.0089,-0.006,9.8066,0.0251,-0.0469,-0.038,7.06,-34.06,23.25,27.3,-83.93,-173.69
52.386135,-1.565299,144.08,13.14,3,226.03,18 / 20,4100510,2019-09-06 20:28:26:253,-1.0328,-0.3945,10.5403,0.0187,0.0291,9.8065,0.1208,-0.1055,-0.0245,7.38,-33.69,22.44,27.2,-84.1,-174.55
52.386135,-1.565299,144.08,13.14,3,226.03,18 / 20,4100609,2019-09-06 20:28:26:352,-0.1431,-0.3261,10.3857,0.0013,0.0091,9.8066,0.0509,-0.0684,0.0802,7.44,-34.75,22.81,26.13,-83.88,-174.85
52.386135,-1.565299,144.08,13.14,3,226.03,18 / 20,4100709,2019-09-06 20:28:26:452,-0.7169,-1.8727,9.9312,-0.0209,-0.0221,9.8065,0.0213,0.072,-0.0831,7.56,-34.37,23.56,24.69,-83.8,-177.35
52.386135,-1.565299,144.08,13.14,3,226.03,18 / 20,4100810,2019-09-06 20:28:26:553,1.2801,0.3408,9.519,0.0272,0.0235,9.8066,-0.0808,-0.0057,-0.05,7.19,-35.06,23.25,22.57,-83.9,-177.88
52.386135,-1.565299,144.08,13.14,3,226.03,18 / 20,4100910,2019-09-06 20:28:26:653,-0.0893,0.8019,9.5052,0.0019,-0.0102,9.8066,-0.0692,-0.0172,0.005,7.38,-34.56,22.63,22.88,-84.07,-177.51
52.386135,-1.565299,144.08,13.14,3,226.03,18 / 20,4101010,2019-09-06 20:28:26:753,-0.0782,-0.5225,9.6095,-0.0086,0.0157,9.8066,-0.0731,-0.0548,0.0832,7,-35.25,22.75,23.72,-84.34,-176.62
52.386135,-1.565299,144.08,13.14,3,226.03,18 / 20,4101109,2019-09-06 20:28:26:852,-0.4269,0.6678,9.954,-0.0187,-0.0051,9.8066,0.0085,-0.0157,0.0675,6.94,-35.56,23.38,27.56,-84.27,-173.46
52.386135,-1.565299,144.08,13.14,3,226.03,18 / 20,4101209,2019-09-06 20:28:26:952,-1.4036,0.7561,10.5841,-0.0255,-0.0344,9.8065,0.0436,-0.026,-0.0132,7,-35.19,22.75,28.83,-84.06,-172.39
52.386135,-1.565299,144.08,13.14,3,226.03,18 / 20,4101310,2019-09-06 20:28:27:053,-0.8808,0.4247,10.3759,0.0064,-0.0129,9.8066,0.0309,-0.0143,-0.0461,7,-35.25,23.69,28.45,-83.82,-172.07
52.386135,-1.565299,144.08,13.14,3,226.03,18 / 19,4101412,2019-09-06 20:28:27:155,-1.0245,1.3069,10.6313,-0.0026,-0.0272,9.8065,-0.0399,-0.0616,-0.0244,7.06,-35.12,23.5,26.05,-83.65,-174.26
52.386135,-1.565299,144.08,13.14,3,226.03,18 / 19,4101510,2019-09-06 20:28:27:253,0.2936,0.5213,9.532,0.0213,-0.0259,9.8065,-0.0091,-0.0661,-0.0429,7.25,-34.75,24.5,21.14,-83.59,-177.73
52.386135,-1.565299,144.08,13.14,3,226.03,18 / 19,4101610,2019-09-06 20:28:27:353,0.6748,-0.0096,9.7229,-0.0009,-0.0128,9.8066,-0.0022,-0.1307,0.0342,7.69,-34.44,23.5,23.22,-83.63,-178.72
52.386135,-1.565299,144.08,13.14,3,226.03,18 / 19,4101709,2019-09-06 20:28:27:452,-0.7913,0.2305,8.873,0.0103,0.0224,9.8065,-0.03,0.0206,-0.0335,8.19,-34.5,22.75,23.95,-83.7,-178.92
52.386135,-1.565299,144.08,13.14,3,226.03,18 / 19,4101810,2019-09-06 20:28:27:553,-0.2441,1.6393,10.0185,0.0092,0.0049,9.8066,0.0094,0.0289,-0.0346,7.44,-34.44,22.94,20.34,-83.95,-179.67
52.386135,-1.565299,144.08,13.14,3,226.03,18 / 19,4101910,2019-09-06 20:28:27:653,-0.6703,-0.3817,9.6491,0.0063,-0.0014,9.8065,-0.0488,-0.0187,0.0037,7.75,-34.5,22.94,22.94,-84.02,-179.6
52.386135,-1.565299,144.08,13.14,3,226.03,18 / 19,4102010,2019-09-06 20:28:27:753,-0.1066,0.9363,9.6651,-0.0211,-0.0261,9.8066,0.0962,0.0401,0.0315,7.69,-34.12,23.25,23.14,-84.01,-179.44
52.386135,-1.565299,144.08,13.14,3,226.03,18 / 19,4102110,2019-09-06 20:28:27:853,-0.3348,-1.9662,9.3969,0.0076,0.0176,9.8066,-0.031,0.05,-0.0279,7.94,-34.56,22.44,24.88,-84.16,-178.89
52.386135,-1.565299,144.08,13.14,3,226.03,18 / 19,4102209,2019-09-06 20:28:27:952,0.7198,0.5299,10.4415,-0.0139,-0.0364,9.8065,0.0035,-0.0102,0.0284,7.88,-35.94,22.06,25.3,-84.05,-178.71
52.386135,-1.565299,144.08,13.14,3,226.03,18 / 19,4102310,2019-09-06 20:28:28:053,0.0053,0.3893,9.491,-0.0024,-0.0364,9.8065,-0.2042,0.0588,0.0029,7.31,-35.87,23.25,22.38,-84.16,-177.98
52.386135,-1.565299,144.08,13.14,3,226.03,18 / 19,4102409,2019-09-06 20:28:28:152,-0.1122,0.4193,9.3859,-0.0166,-0.0614,9.8064,0.0616,-0.0202,-0.0209,7.5,-35.62,23.69,22.76,-83.79,-179.22
52.386135,-1.565299,144.08,13.14,3,226.03,18 / 19,4102510,2019-09-06 20:28:28:253,0.1687,1.7632,9.5044,0.0326,0.0369,9.8064,-0.1273,-0.0807,0.0342,8.06,-35.62,22.56,23.17,-83.99,-179.61
52.386135,-1.565299,144.08,13.14,3,226.03,18 / 19,4102610,2019-09-06 20:28:28:353,0.1641,-0.7007,9.274,0.0094,0.0168,9.8065,0.1475,-0.044,0.0611,7.5,-36,23.31,23.08,-83.88,-179.76
52.386135,-1.565299,144.08,13.14,3,226.03,18 / 19,4102710,2019-09-06 20:28:28:453,-0.3648,-0.9248,10.5046,0.0171,0.0447,9.8065,0.1698,0.032,0.0204,7.44,-36.44,23.5,20.54,-84.03,-178.84
52.386135,-1.565299,144.08,13.14,3,226.03,18 / 19,4102809,2019-09-06 20:28:28:552,-0.0746,0.1559,10.5691,0.0128,0.043,9.8065,-0.0268,-0.0767,0.0279,7,-37.06,23.31,21.02,-84.05,-179.3
52.386135,-1.565299,144.08,13.14,3,226.03,18 / 19,4102909,2019-09-06 20:28:28:652,-0.4801,-1.7464,10.7091,-0.0152,-0.0333,9.8065,-0.035,0.0515,-0.1303,7.13,-36.56,22.75,21.14,-84,-179.22
52.386135,-1.565299,144.08,13.14,3,226.03,18 / 19,4103010,2019-09-06 20:28:28:753,-0.0694,-0.0348,8.9693,0.0006,-0.0291,9.8066,-0.0808,0.0428,0.0471,6.75,-36.94,23.75,19.46,-83.79,-179.97
52.386135,-1.565299,144.08,13.14,3,226.03,18 / 19,4103110,2019-09-06 20:28:28:853,0.311,0.3759,9.9051,-0.0086,-0.0094,9.8066,-0.1893,0.0474,-0.0032,7.38,-36.25,24.25,20.24,-83.86,-179.19
52.386135,-1.565299,144.08,13.14,3,226.03,18 / 19,4103209,2019-09-06 20:28:28:952,-0.7355,0.1232,9.4704,-0.0051,0.0149,9.8066,-0.1157,0.0071,-0.0432,7.5,-35.06,23.31,24.04,-84.07,-178.73
52.386135,-1.565299,144.08,13.14,3,226.03,18 / 19,4103310,2019-09-06 20:28:29:053,-0.2393,1.1856,10.1017,0.0094,0.0139,9.8065,-0.0349,-0.0543,0.035,7.56,-35.12,23.5,25.46,-84.01,-176.65
52.386135,-1.565299,144.08,13.14,3,226.03,19 / 20,4103410,2019-09-06 20:28:29:153,-0.1756,-0.2296,9.932,0.0028,0.0111,9.8066,0.0945,-0.1103,0.0659,7.88,-34.5,23.38,26.38,-83.91,-176.71
52.386135,-1.565299,144.08,13.14,3,226.03,19 / 20,4103510,2019-09-06 20:28:29:253,-0.9226,0.914,9.9403,-0.0082,-0.0047,9.8066,-0.095,-0.0193,-0.01,7.81,-35,23.5,24.92,-83.91,-177.18
52.386135,-1.565299,144.08,13.14,3,226.03,19 / 20,4103610,2019-09-06 20:28:29:353,-0.7651,0.2073,9.1776,0.0001,0.0233,9.8066,0.0399,-0.0016,0.026,8.38,-34.5,22.06,27.44,-83.92,-176.75
52.386135,-1.565299,144.08,13.14,3,226.03,19 / 20,4103709,2019-09-06 20:28:29:452,-0.0117,1.9065,9.0987,-0.0052,0.029,9.8065,-0.0031,-0.025,0.0175,7.63,-34.5,23.13,27.86,-84.08,-175.31
52.386135,-1.565299,144.08,13.14,3,226.03,19 / 20,4103809,2019-09-06 20:28:29:552,-0.3222,0.8861,9.3472,-0.0141,0.0063,9.8065,0.1354,0.0599,-0.0627,7.75,-34.81,22.63,29.56,-83.98,-174.03
52.386135,-1.565299,144.08,13.14,3,226.03,19 / 20,4103909,2019-09-06 20:28:29:652,-0.4461,0.0371,10.0835,-0.0004,0.0193,9.8066,0.1012,-0.0015,0.0489,7.56,-34.87,23.5,28.5,-83.94,-174.07
52.386135,-1.565299,144.08,13.14,3,226.03,19 / 20,4104010,2019-09-06 20:28:29:753,-0.0182,-1.0762,10.4796,-0.0033,0.0082,9.8066,0.0211,0.0125,0.0745,8,-34.44,23.13,30.36,-83.94,-173.23
52.386135,-1.565299,144.08,13.14,3,226.03,19 / 20,4104110,2019-09-06 20:28:29:853,-0.2088,-1.0821,9.7708,-0.0194,-0.0274,9.8066,-0.0371,0.0378,-0.0034,7.56,-34.87,23.06,30.86,-83.7,-173.12
52.386135,-1.565299,144.08,13.14,3,226.03,19 / 20,4104210,2019-09-06 20:28:29:953,-0.1938,0.9069,9.7696,-0.0152,-0.0224,9.8066,0.013,-0.0424,0.0215,7.94,-34.75,22.94,31.51,-83.72,-172.55
52.386135,-1.565299,144.08,13.14,3,226.03,19 / 20,4104310,2019-09-06 20:28:30:053,0.3232,0.8512,10.2028,0.0064,0.0183,9.8066,0.0169,0.015,-0.0085,7.81,-34.81,23.25,31.86,-83.87,-172.11
52.386135,-1.565299,144.08,13.14,3,226.03,18 / 19,4104410,2019-09-06 20:28:30:153,0.4387,1.133,9.5843,0.0011,0.0158,9.8066,0.0804,-0.0275,0.0534,8.25,-34.69,23,32.16,-83.84,-171.88
52.386135,-1.565299,144.08,13.14,3,226.03,18 / 19,4104510,2019-09-06 20:28:30:253,-0.7221,-0.7113,9.3996,0.0026,0.0153,9.8066,0.033,-0.0234,0.0181,7.56,-34.75,22.31,34.13,-83.8,-171.22
52.386135,-1.565299,144.08,13.14,3,226.03,18 / 19,4104609,2019-09-06 20:28:30:352,0.5793,0.4174,10.2007,-0.0009,0.0031,9.8066,0.0619,-0.1235,0.0563,8.19,-34.75,22.19,35.13,-83.94,-170.22
52.386135,-1.565299,144.08,13.14,3,226.03,18 / 19,4104709,2019-09-06 20:28:30:452,-0.1866,0.2777,10.029,-0.0149,0.0003,9.8066,0.1032,-0.033,0.0069,7.69,-34.56,22.88,35.72,-83.95,-168.69
52.386135,-1.565299,144.08,13.14,3,226.03,18 / 19,4104810,2019-09-06 20:28:30:553,-0.3743,-0.2777,10.1735,-0.0153,-0.0001,9.8066,0.0191,-0.0255,0.0644,7.5,-34.75,22.44,38.37,-83.79,-167.56
52.386135,-1.565299,144.08,13.14,3,226.03,18 / 19,4104910,2019-09-06 20:28:30:653,-1.4942,2.2842,10.0749,0.0081,0.0517,9.8064,0.0632,0.1525,-0.1262,7.75,-35.75,22,43.35,-83.67,-163.52
52.386135,-1.565299,144.08,13.14,3,226.03,18 / 19,4105010,2019-09-06 20:28:30:753,5.2515,-2.5502,10.7123,0.067,0.089,9.8059,-0.428,-0.1712,0.302,7.56,-36.25,22.13,37.6,-83.85,-168.32
52.386135,-1.565299,144.08,13.14,3,226.03,18 / 19,4105110,2019-09-06 20:28:30:853,3.7369,-0.0485,9.9709,-0.1152,-0.0647,9.8057,-0.3112,0.472,-0.5381,8.13,-35.44,23,37.98,-83.57,-167.07
52.386135,-1.565299,144.08,13.14,3,226.03,18 / 19,4105210,2019-09-06 20:28:30:953,-6.9094,5.9543,8.8517,0.0492,-0.0316,9.8065,0.2354,0.4698,-0.4092,8.13,-35,22.38,36.75,-82.96,-169.75
52.386135,-1.565299,144.08,13.14,3,226.03,18 / 19,4105310,2019-09-06 20:28:31:053,1.0501,2.5297,8.3731,0.0818,0.1028,9.8057,0.0462,-0.1287,0.1565,8.06,-35,22,38.48,-83.51,-167.73
52.38536,-1.566583,142.92,13.54,3,229.1,18 / 19,4105411,2019-09-06 20:28:31:154,-0.2431,1.8576,8.7399,0.0281,0.0589,9.8064,-0.1366,0.0156,-0.088,8.31,-34.81,22,37.53,-83.19,-168.87
52.38536,-1.566583,142.92,13.54,3,229.1,18 / 19,4105509,2019-09-06 20:28:31:252,-0.7192,-0.5789,10.2137,0.0431,0.0448,9.8064,-0.0917,-0.0567,-0.0019,8.5,-34.31,21.56,37.5,-83.68,-170.44
52.38536,-1.566583,142.92,13.54,3,229.1,18 / 19,4105610,2019-09-06 20:28:31:353,0.7531,0.9239,9.5361,-0.0255,-0.0488,9.8064,-0.0569,-0.0003,-0.0213,8.75,-34,21.06,36.39,-83.27,-172.95
52.38536,-1.566583,142.92,13.54,3,229.1,18 / 19,4105709,2019-09-06 20:28:31:452,-1.0196,0.5429,9.7155,-0.0259,-0.0269,9.8065,-0.0879,-0.0228,0.0106,8,-34.75,21.44,34.64,-83.2,-172.43
52.38536,-1.566583,142.92,13.54,3,229.1,18 / 19,4105810,2019-09-06 20:28:31:553,0.8354,1.6906,8.8723,0.0125,0.0178,9.8066,-0.1064,-0.052,0.066,8.44,-34.56,21.63,33.94,-83.29,-171.83
52.38536,-1.566583,142.92,13.54,3,229.1,18 / 19,4105910,2019-09-06 20:28:31:653,-2.0365,1.758,9.9355,0.0107,0.0129,9.8066,0.0516,-0.1476,-0.0281,8.44,-35,21.13,35.46,-83.44,-171.51
52.38536,-1.566583,142.92,13.54,3,229.1,18 / 19,4106010,2019-09-06 20:28:31:753,-0.6724,0.6006,10.12,0.0358,0.0318,9.8064,0.2398,-0.115,-0.0659,8.5,-34.25,21.13,33.06,-83.81,-175.32
52.38536,-1.566583,142.92,13.54,3,229.1,18 / 19,4106109,2019-09-06 20:28:31:852,-0.8873,0.1436,9.6893,0.0259,0.0327,9.8065,0.0282,-0.0456,0.0196,8.75,-34.75,20.69,32.4,-83.76,-176.08
52.38536,-1.566583,142.92,13.54,3,229.1,18 / 19,4106209,2019-09-06 20:28:31:952,0.8044,0.3844,9.8874,-0.0126,-0.006,9.8066,0.0765,0.0299,-0.0135,8.56,-35.06,20.5,32.61,-83.65,-176
52.38536,-1.566583,142.92,13.54,3,229.1,18 / 19,4106309,2019-09-06 20:28:32:052,-0.5337,-0.6409,9.8384,-0.0049,0.017,9.8066,-0.21,-0.081,0.1029,8.56,-34.69,20.56,33.12,-83.69,-175.53
52.38536,-1.566583,142.92,13.54,3,229.1,19 / 20,4106409,2019-09-06 20:28:32:152,-0.9262,3.034,10.2241,-0.0449,-0.0336,9.8064,-0.1526,0.018,-0.0092,8.19,-34.62,20.63,33.01,-83.79,-173.28
52.38536,-1.566583,142.92,13.54,3,229.1,19 / 20,4106510,2019-09-06 20:28:32:253,-0.4357,0.7483,10.05,-0.0176,-0.0015,9.8065,0.088,-0.0017,-0.0664,7.75,-35.37,20.69,35.64,-83.54,-171.26
52.38536,-1.566583,142.92,13.54,3,229.1,19 / 20,4106609,2019-09-06 20:28:32:352,-2.3711,0.2344,10.2291,0.0093,0.0354,9.8065,0.0829,-0.16,0.0686,8.06,-35.25,21.13,37.58,-83.62,-169.52
52.38536,-1.566583,142.92,13.54,3,229.1,19 / 20,4106710,2019-09-06 20:28:32:453,-0.5808,0.9749,10.2448,0.0312,0.0281,9.8065,0.0042,-0.0824,-0.0114,8.38,-34.44,20.63,36.88,-83.77,-169.8
52.38536,-1.566583,142.92,13.54,3,229.1,19 / 20,4106809,2019-09-06 20:28:32:552,-0.84,1.0557,10.8175,-0.0074,-0.0231,9.8066,0.0887,-0.0847,-0.0816,8.69,-33.81,21.06,37.77,-83.59,-171.45
52.38536,-1.566583,142.92,13.54,3,229.1,19 / 20,4106909,2019-09-06 20:28:32:652,-0.254,0.4887,10.3028,0.0183,-0.0201,9.8066,-0.0881,0.0331,0.0065,8.44,-34.5,21.25,32.47,-83.53,-173.81
52.38536,-1.566583,142.92,13.54,3,229.1,19 / 20,4107010,2019-09-06 20:28:32:753,-1.1203,1.2411,10.7237,-0.0188,-0.0249,9.8065,-0.0531,0.0208,0.021,8.38,-34.25,20.5,31.08,-83.38,-175.12
52.38536,-1.566583,142.92,13.54,3,229.1,19 / 20,4107109,2019-09-06 20:28:32:852,-0.0993,0.6475,10.1419,-0.007,-0.0079,9.8065,-0.0201,-0.0273,-0.0082,8.75,-34.87,21.13,34.14,-83.29,-175.02
52.38536,-1.566583,142.92,13.54,3,229.1,19 / 20,4107210,2019-09-06 20:28:32:953,0.4722,-0.3746,9.3502,-0.0001,0.0135,9.8066,0.0198,0.0065,-0.0418,8.69,-34.75,20.63,34.7,-83.46,-174.38
52.38536,-1.566583,142.92,13.54,3,229.1,19 / 20,4107310,2019-09-06 20:28:33:053,0.3684,0.6954,9.794,-0.0068,-0.0083,9.8066,-0.0436,-0.0705,0.0438,8.69,-34.87,21,34.82,-83.44,-174.3
52.38536,-1.566583,142.92,13.54,3,229.1,19 / 20,4107410,2019-09-06 20:28:33:153,-0.5302,0.4427,10.5489,-0.012,-0.0068,9.8066,0.0522,0.0176,-0.0396,8.94,-34.81,20.38,36.68,-83.38,-174.06
52.38536,-1.566583,142.92,13.54,3,229.1,19 / 20,4107509,2019-09-06 20:28:33:252,-1.1058,1.9691,9.7036,-0.0196,-0.0324,9.8065,0.0388,-0.0062,-0.0343,9.06,-34.69,20.75,35.39,-83.18,-174.07
52.38536,-1.566583,142.92,13.54,3,229.1,19 / 20,4107609,2019-09-06 20:28:33:352,-0.2571,0.8465,9.9987,0.0117,0.0147,9.8066,0.076,0.0073,0.0311,8.69,-34.94,21.06,34.04,-83.15,-175.23
52.38536,-1.566583,142.92,13.54,3,229.1,19 / 20,4107709,2019-09-06 20:28:33:452,0.1901,0.8718,10.4654,0.0015,0.0073,9.8066,-0.1883,-0.0542,-0.0587,8.69,-34.37,20.69,33.43,-83.17,-175.56
52.38536,-1.566583,142.92,13.54,3,229.1,19 / 20,4107810,2019-09-06 20:28:33:553,1.0585,1.471,9.8783,-0.0028,-0.0399,9.8065,-0.1717,0.0042,0.0061,9.63,-34.75,20.63,33.15,-83.12,-178.16
52.38536,-1.566583,142.92,13.54,3,229.1,19 / 20,4107910,2019-09-06 20:28:33:653,0.352,0.8698,9.7651,-0.0025,-0.0134,9.8066,0.0906,-0.0667,-0.0695,9.19,-34.44,20.69,29.13,-83.25,-179.14
52.38536,-1.566583,142.92,13.54,3,229.1,19 / 20,4108010,2019-09-06 20:28:33:753,-0.346,-0.8355,9.5267,0.0127,0.0034,9.8065,0.0086,-0.0233,-0.03,8.56,-34.62,20.69,28.32,-83.3,-179.91
52.38536,-1.566583,142.92,13.54,3,229.1,19 / 20,4108110,2019-09-06 20:28:33:853,0.7776,0.8172,10.9329,0.0047,-0.0026,9.8066,0.0692,0.0114,0.0002,9.75,-34.81,20.56,30.34,-83.37,179.66
52.38536,-1.566583,142.92,13.54,3,229.1,19 / 20,4108210,2019-09-06 20:28:33:953,1.2009,1.0007,10.039,-0.0124,0.0102,9.8066,0.0647,-0.0356,-0.0307,9.31,-34.62,21,28.34,-83.2,-179.98
52.38536,-1.566583,142.92,13.54,3,229.1,19 / 20,4108309,2019-09-06 20:28:34:052,-0.4416,1.2656,10.1386,-0.0093,-0.015,9.8065,0.1486,-0.0691,0.0486,8.69,-34.5,20.56,30.02,-82.98,-178.59
52.38536,-1.566583,142.92,13.54,3,229.1,19 / 20,4108410,2019-09-06 20:28:34:153,-0.1664,2.4356,10.2075,-0.002,-0.0027,9.8066,-0.0806,0.0181,-0.0408,9.31,-34.87,20.06,32.4,-82.84,-178.17
52.38536,-1.566583,142.92,13.54,3,229.1,19 / 20,4108509,2019-09-06 20:28:34:252,0.7167,0.4773,9.4393,0.0078,-0.0042,9.8066,-0.0166,-0.0358,0.0469,8.81,-34.94,20.25,31,-82.81,-179.34
52.38536,-1.566583,142.92,13.54,3,229.1,19 / 20,4108610,2019-09-06 20:28:34:353,0.2619,2.3229,9.9524,-0.0213,-0.0037,9.8065,-0.1567,-0.0828,0.0239,9,-35.12,19.13,33.24,-82.84,-178.86
52.38536,-1.566583,142.92,13.54,3,229.1,19 / 20,4108710,2019-09-06 20:28:34:453,-0.2883,1.2032,10.2397,0.0117,0.0108,9.8066,0.036,0.0401,0.0154,8.75,-36.62,18.38,35.86,-83.09,-178.37
52.38536,-1.566583,142.92,13.54,3,229.1,19 / 20,4108809,2019-09-06 20:28:34:552,-0.1911,1.1418,10.3522,-0.0107,-0.0033,9.8066,0.0887,-0.0474,-0.0073,8.56,-37.62,20,31.71,-83.23,-178.87
52.38536,-1.566583,142.92,13.54,3,229.1,19 / 20,4108910,2019-09-06 20:28:34:653,0.2447,0.7893,9.9745,0.0044,-0.001,9.8066,-0.0679,0.0073,0.0274,10.5,-36.87,21.44,36.38,-83.16,-177.81
52.38536,-1.566583,142.92,13.54,3,229.1,19 / 20,4109010,2019-09-06 20:28:34:753,0.4723,1.6494,9.7721,-0.0301,-0.0144,9.8065,-0.1838,0.0568,-0.0133,11,-35.5,22.69,34.69,-82.85,-176.67
52.38536,-1.566583,142.92,13.54,3,229.1,19 / 20,4109109,2019-09-06 20:28:34:852,0.8806,0.502,10.4136,0.0067,0.0108,9.8066,0.0832,-0.0187,0.0564,10.69,-34.62,22.13,36.25,-82.89,-176.52
52.38536,-1.566583,142.92,13.54,3,229.1,19 / 20,4109209,2019-09-06 20:28:34:952,-1.0123,0.2443,9.8492,-0.0274,-0.0217,9.8066,-0.0317,-0.0225,0.0909,10.69,-33.69,21.5,37.95,-82.64,-175.11
52.38536,-1.566583,142.92,13.54,3,229.1,19 / 20,4109310,2019-09-06 20:28:35:053,1.495,0.8527,9.0658,-0.021,-0.0089,9.8066,-0.1007,-0.0089,0.0545,10.75,-33.69,20.94,41.03,-82.84,-173.6
52.38536,-1.566583,142.92,13.54,3,229.1,19 / 20,4109410,2019-09-06 20:28:35:153,0.8339,2.7314,9.3643,0.013,0.0279,9.8065,-0.0614,-0.016,0.089,9.94,-33.75,20.44,42.13,-82.83,-172
52.38536,-1.566583,142.92,13.54,3,229.1,19 / 20,4109509,2019-09-06 20:28:35:252,2.0777,0.4697,10.0999,-0.0056,-0.0048,9.8066,0.2286,-0.1395,0.1186,10.63,-33.87,20.94,44.24,-82.89,-170.76
52.38536,-1.566583,142.92,13.54,3,229.1,19 / 20,4109610,2019-09-06 20:28:35:353,1.3938,-3.3522,10.4522,0.0042,-0.0192,9.8066,0.1991,-0.1035,-0.0464,10.56,-34.5,20.75,44.06,-82.79,-171.03
52.38536,-1.566583,142.92,13.54,3,229.1,19 / 20,4109710,2019-09-06 20:28:35:453,3.5546,0.7189,9.5485,0.029,0.0108,9.8065,-0.2991,0.0858,-0.0624,10.63,-34.75,20.81,44.44,-82.9,-170.79
52.38536,-1.566583,142.92,13.54,3,229.1,19 / 20,4109810,2019-09-06 20:28:35:553,2.3503,4.7961,8.9607,0.0151,-0.03,9.8065,-0.3844,-0.0251,0.021,10.25,-34.44,20.19,42.04,-82.89,-172.01
52.38536,-1.566583,142.92,13.54,3,229.1,19 / 20,4109910,2019-09-06 20:28:35:653,1.3429,0.4403,9.4073,-0.0238,-0.0139,9.8066,0.0986,-0.0035,-0.0615,9.75,-34.25,19.88,41.98,-83.02,-171.92
52.38536,-1.566583,142.92,13.54,3,229.1,19 / 20,4110009,2019-09-06 20:28:35:752,0.7714,-2.2456,14.3061,0.0705,0.136,9.8054,0.3904,0.1089,-0.1011,10.31,-34.37,20.69,39.89,-83.09,-172.27
52.38536,-1.566583,142.92,13.54,3,229.1,19 / 20,4110110,2019-09-06 20:28:35:853,-0.4491,-0.8907,11.7129,0.1724,0.3044,9.8003,0.0427,-0.0209,0.0688,9.81,-34.25,21.44,40.24,-84.33,-170.73
52.38536,-1.566583,142.92,13.54,3,229.1,19 / 20,4110209,2019-09-06 20:28:35:952,1.0504,1.5011,12.4397,-0.0391,-0.0601,9.8064,0.6681,-0.0681,-0.0229,10.5,-33.94,20.88,43.21,-83.26,-171.27
52.38536,-1.566583,142.92,13.54,3,229.1,19 / 20,4110309,2019-09-06 20:28:36:052,1.6273,3.5064,8.6302,0.0265,0.0118,9.8065,-0.736,-0.0668,0.2432,9.88,-34.37,21.19,40.44,-83.17,-171.72
52.38536,-1.566583,142.92,13.54,3,229.1,18 / 19,4110410,2019-09-06 20:28:36:153,0.7153,1.8634,9.2965,-0.1133,-0.1664,9.8045,-0.6239,0.0742,0.0157,9.94,-34.69,20.25,42.55,-82.27,-172.49
52.38536,-1.566583,142.92,13.54,3,229.1,18 / 19,4110509,2019-09-06 20:28:36:252,0.5946,1.6937,9.5152,-0.077,-0.1245,9.8055,0.0736,0.0997,-0.129,9.31,-34.81,20.75,38.24,-82.49,-172.34
52.38536,-1.566583,142.92,13.54,3,229.1,18 / 19,4110610,2019-09-06 20:28:36:353,1.1863,1.6257,9.4284,0.0459,0.0408,9.8064,-0.034,0.021,0.0871,9.88,-34.94,20.75,40.89,-82.83,-171.89
52.38536,-1.566583,142.92,13.54,3,229.1,18 / 19,4110710,2019-09-06 20:28:36:453,0.3283,0.8886,9.1729,-0.006,0.0137,9.8066,-0.0012,0.062,-0.0537,9.75,-34.25,20.94,40.21,-83.17,-171.92
52.38536,-1.566583,142.92,13.54,3,229.1,18 / 19,4110810,2019-09-06 20:28:36:553,1.1011,1.2543,9.364,0.0088,0.0129,9.8065,0.0348,-0.0272,0.0414,10.06,-34.31,20.81,40.27,-83.31,-171.73
52.38536,-1.566583,142.92,13.54,3,229.1,18 / 19,4110910,2019-09-06 20:28:36:653,0.461,0.603,10.0448,0.0102,0.0226,9.8065,-0.1098,0.0386,-0.0038,9.31,-34.37,20.94,38.01,-83.41,-171.42
52.38536,-1.566583,142.92,13.54,3,229.1,18 / 19,4111010,2019-09-06 20:28:36:753,1.2119,0.5119,9.6198,-0.0166,-0.024,9.8066,0.0134,0.0318,-0.0018,9.88,-34.56,21,39.62,-83.33,-172.46
52.38536,-1.566583,142.92,13.54,3,229.1,18 / 19,4111110,2019-09-06 20:28:36:853,1.1377,1.765,10.4935,0.0012,-0.024,9.8065,0.0028,0.032,-0.008,9.06,-34.37,21.5,35.12,-83.33,-172.81
52.38536,-1.566583,142.92,13.54,3,229.1,18 / 19,4111209,2019-09-06 20:28:36:952,2.3292,0.9683,9.9228,0.0008,-0.0013,9.8066,0.0495,0.124,-0.0575,9.69,-34.56,21.5,36.9,-83.39,-173.49
52.38536,-1.566583,142.92,13.54,3,229.1,18 / 19,4111311,2019-09-06 20:28:37:054,1.4562,1.4904,9.6956,0.007,0.013,9.8066,0.067,0.1237,-0.0401,8.88,-34.69,21.75,33.94,-83.29,-174.02
52.38536,-1.566583,142.92,13.54,3,229.1,19 / 20,4111410,2019-09-06 20:28:37:153,0.4599,-0.0379,10.2931,0.0182,0.0194,9.8065,0.076,0.0704,0.0322,10.06,-33.69,21.94,35.52,-83.39,-174.52
52.38536,-1.566583,142.92,13.54,3,229.1,19 / 20,4111510,2019-09-06 20:28:37:253,1.7717,0.0733,9.3422,0.0187,0.0367,9.8065,0.0183,0.0708,-0.0189,9.06,-34.25,21.81,33.04,-83.46,-174.49
52.38536,-1.566583,142.92,13.54,3,229.1,19 / 20,4111610,2019-09-06 20:28:37:353,0.278,-0.2129,10.1769,0.0114,-0.002,9.8066,0.0256,0.1239,-0.0197,9.13,-34.31,22.88,31.82,-83.44,-174.48
52.38536,-1.566583,142.92,13.54,3,229.1,19 / 20,4111710,2019-09-06 20:28:37:453,2.0677,0.6262,9.8553,0.0016,-0.0104,9.8066,-0.0295,0.0981,0.016,9.19,-34,22.13,31.23,-83.63,-175.9
52.38536,-1.566583,142.92,13.54,3,229.1,19 / 20,4111810,2019-09-06 20:28:37:553,1.7428,-0.2829,9.2926,0.0103,0.0108,9.8066,-0.0872,0.1735,-0.0216,8.44,-33.62,22.44,28.86,-83.76,-175.65
52.38536,-1.566583,142.92,13.54,3,229.1,19 / 20,4111910,2019-09-06 20:28:37:653,2.3398,-1.078,9.8044,-0.0124,-0.0207,9.8066,0.0025,0.1502,-0.0127,8.94,-33.5,22.94,30.07,-83.69,-175.68
52.38536,-1.566583,142.92,13.54,3,229.1,19 / 20,4112009,2019-09-06 20:28:37:752,2.5631,-1.103,9.8969,0.0137,0.0337,9.8065,0.0354,0.2382,-0.0199,8.75,-33.44,23.44,29.26,-83.9,-176.24
52.38536,-1.566583,142.92,13.54,3,229.1,19 / 20,4112110,2019-09-06 20:28:37:853,1.2477,-0.5403,9.6914,-0.0009,0.0367,9.8066,-0.0569,0.2555,-0.0979,8.56,-33.75,23,30.95,-83.88,-174.89
52.38536,-1.566583,142.92,13.54,3,229.1,19 / 20,4112209,2019-09-06 20:28:37:952,1.9595,-0.9668,10.483,0.0018,-0.0196,9.8065,-0.0086,0.2168,-0.0242,8.94,-33.31,23.31,29.47,-83.95,-176.01
52.38536,-1.566583,142.92,13.54,3,229.1,19 / 20,4112310,2019-09-06 20:28:38:053,2.0058,0.0012,10.4235,-0.0018,-0.0122,9.8066,0.0023,0.2508,-0.0804,7.63,-33.75,24,25.07,-83.87,-176.98
52.38536,-1.566583,142.92,13.54,3,229.1,18 / 20,4112409,2019-09-06 20:28:38:152,2.0915,-0.3973,9.3832,0.0165,-0.0003,9.8066,0.0154,0.2424,-0.0115,8,-33.31,24.06,22,-83.81,-179.57
52.38536,-1.566583,142.92,13.54,3,229.1,18 / 20,4112510,2019-09-06 20:28:38:253,1.0938,0.0656,9.5432,-0.0023,-0.0093,9.8066,0.0214,0.2974,-0.0976,7.44,-33.62,24.94,18.56,-83.71,-179.81
52.38536,-1.566583,142.92,13.54,3,229.1,18 / 20,4112610,2019-09-06 20:28:38:353,1.777,-0.7714,9.288,0.042,0.0231,9.8065,0.0037,0.2425,-0.0886,7.44,-33.06,24.44,14.88,-84,176.52
52.38536,-1.566583,142.92,13.54,3,229.1,18 / 20,4112709,2019-09-06 20:28:38:452,1.7589,-0.6119,8.6647,0.0292,0.0391,9.8065,-0.203,0.1688,-0.0175,6.88,-33.06,25.06,10.85,-84.34,173.8
52.38536,-1.566583,142.92,13.54,3,229.1,18 / 20,4112810,2019-09-06 20:28:38:553,1.5791,1.7641,9.971,0.0053,-0.025,9.8065,-0.271,0.1385,0.0173,7,-33.56,24.94,8.9,-84.91,172.2
52.38536,-1.566583,142.92,13.54,3,229.1,18 / 20,4112909,2019-09-06 20:28:38:652,3.7562,-0.8576,10.0251,-0.039,-0.0472,9.8064,0.1949,0.0174,0.1727,6.56,-33.37,24.94,10.31,-84.88,173.46
52.38536,-1.566583,142.92,13.54,3,229.1,18 / 20,4113009,2019-09-06 20:28:38:752,-0.3415,0.1591,10.1175,-0.0015,0.0626,9.8064,0.063,0.1121,-0.0343,5.94,-33.25,25.5,12.96,-84.8,178.48
52.38536,-1.566583,142.92,13.54,3,229.1,18 / 20,4113110,2019-09-06 20:28:38:853,1.2105,-1.8995,9.4997,0.0053,-0.0768,9.8063,0.3687,0.0765,-0.0561,6,-32.69,26.19,13.73,-84,178.9
52.38536,-1.566583,142.92,13.54,3,229.1,18 / 20,4113210,2019-09-06 20:28:38:953,0.7778,-1.283,10.2319,-0.0179,-0.0155,9.8065,0.2318,0.0693,0.0126,5.75,-32.44,27.69,12.18,-83.11,178.38
52.38536,-1.566583,142.92,13.54,3,229.1,18 / 20,4113309,2019-09-06 20:28:39:052,-1.7401,-3.5509,10.5158,-0.0255,0.0922,9.8061,0.2539,-0.009,0.0517,5.56,-33.19,27.38,16.86,-83.39,-178.06
52.38536,-1.566583,142.92,13.54,3,229.1,18 / 19,4113410,2019-09-06 20:28:39:153,-1.7182,1.1206,9.6333,0.0059,-0.0614,9.8064,-0.2963,-0.0279,-0.0362,5.63,-32.37,26.38,18.1,-83.96,-177.24
52.38536,-1.566583,142.92,13.54,3,229.1,18 / 19,4113509,2019-09-06 20:28:39:252,-0.7813,2.0909,9.915,0.0304,-0.0447,9.8064,-0.1255,-0.0604,-0.1086,5.5,-33.44,26.19,12.68,-84.2,178.05
52.38536,-1.566583,142.92,13.54,3,229.1,18 / 19,4113610,2019-09-06 20:28:39:353,-0.3967,0.2531,9.1355,0.0589,0.0146,9.8064,-0.0494,-0.0834,-0.0968,6.25,-33,25.38,3.26,-84.5,169.35
52.38536,-1.566583,142.92,13.54,3,229.1,18 / 19,4113710,2019-09-06 20:28:39:453,-1.0036,-0.2057,9.4752,0.0307,-0.0126,9.8066,0.0751,-0.0599,-0.0788,6.44,-32.69,25.25,358.29,-84.32,165.02
52.38536,-1.566583,142.92,13.54,3,229.1,18 / 19,4113810,2019-09-06 20:28:39:553,-2.4925,-0.4353,9.7749,0.0223,0.0094,9.8066,0.0771,-0.1956,-0.0116,6.88,-33.56,25.88,357.34,-84.21,162.63
52.38536,-1.566583,142.92,13.54,3,229.1,18 / 19,4113910,2019-09-06 20:28:39:653,-1.8433,0.1837,9.4311,0.0269,0.0198,9.8065,-0.0355,-0.1724,-0.0284,7.06,-32.62,25.25,353.32,-84.31,158.55
52.38536,-1.566583,142.92,13.54,3,229.1,18 / 19,4114010,2019-09-06 20:28:39:753,-1.6704,0.8652,10.1238,0.014,0.0278,9.8065,0.0241,-0.1765,0.0219,7.5,-33.44,25.63,349.26,-84.54,153.44
52.38536,-1.566583,142.92,13.54,3,229.1,18 / 19,4114109,2019-09-06 20:28:39:852,-1.8176,0.9545,10.2519,-0.004,0.0029,9.8066,-0.0079,-0.3089,0.0202,8.69,-33.25,25.25,351.2,-84.68,152.45
52.38536,-1.566583,142.92,13.54,3,229.1,18 / 19,4114210,2019-09-06 20:28:39:953,-2.6648,1.0609,9.7663,-0.0082,0.0048,9.8066,0.0255,-0.3046,0.0602,8.19,-33.12,24.94,350.25,-84.78,153.65
52.38536,-1.566583,142.92,13.54,3,229.1,18 / 19,4114310,2019-09-06 20:28:40:053,-3.2267,0.3228,9.4813,-0.0209,-0.0137,9.8066,-0.0697,-0.3364,0.0894,8.06,-33.75,24.63,352.77,-84.76,155.9
52.38483,-1.567652,142.49,7.37,3,221.27,18 / 19,4114409,2019-09-06 20:28:40:152,-1.5644,-0.4008,9.6993,-0.0149,-0.0172,9.8065,0.0222,-0.2832,0.0422,9.69,-33.81,23.88,1.09,-84.72,158.33
52.38483,-1.567652,142.49,7.37,3,221.27,18 / 19,4114510,2019-09-06 20:28:40:253,-3.2148,0.2721,10.5287,-0.0332,-0.0262,9.8065,0.1332,-0.4004,0.0365,9.31,-33.31,23.5,4.29,-84.77,163.21
52.38483,-1.567652,142.49,7.37,3,221.27,18 / 19,4114609,2019-09-06 20:28:40:352,-1.0585,1.6408,9.4442,0.022,0.0161,9.8065,-0.1204,-0.2966,-0.0911,10.19,-33.94,22.81,8.15,-84.87,163.64
52.38483,-1.567652,142.49,7.37,3,221.27,18 / 19,4114710,2019-09-06 20:28:40:453,-1.7465,2.3667,9.125,0.009,0.0064,9.8066,0.2264,-0.3288,0.0216,11.19,-32.75,21.88,9.64,-84.52,161.81
52.38483,-1.567652,142.49,7.37,3,221.27,18 / 19,4114809,2019-09-06 20:28:40:552,-2.1954,-0.3636,9.8012,-0.0126,0.0355,9.8065,0.1969,-0.3684,-0.001,10.5,-33.06,21.63,9.96,-84.26,162.01
52.38483,-1.567652,142.49,7.37,3,221.27,18 / 19,4114910,2019-09-06 20:28:40:653,-4.6225,1.4351,10.9062,0.006,0.0427,9.8065,-0.0854,-0.1369,-0.0583,11.69,-33.56,21.94,16.18,-84.33,165.35
52.38483,-1.567652,142.49,7.37,3,221.27,18 / 19,4115010,2019-09-06 20:28:40:753,-2.3448,-0.6135,11.1934,-0.0226,-0.0425,9.8065,-0.0021,-0.2809,0.0962,11.25,-33.81,20.94,14.98,-84.14,165.09
52.38483,-1.567652,142.49,7.37,3,221.27,18 / 19,4115109,2019-09-06 20:28:40:852,-1.2517,-0.1139,9.9563,0.0067,0.0126,9.8066,-0.1134,-0.307,0.135,11.75,-33.75,19.81,17.99,-84.47,164.46
52.38483,-1.567652,142.49,7.37,3,221.27,18 / 19,4115210,2019-09-06 20:28:40:953,-1.5532,0.9047,10.4117,-0.0479,-0.0123,9.8064,-0.0489,-0.3141,0.0901,12,-33.75,19,23.17,-84.52,167.54
52.38483,-1.567652,142.49,7.37,3,221.27,18 / 19,4115309,2019-09-06 20:28:41:052,-2.2214,-0.89,9.5192,-0.0235,-0.0089,9.8066,-0.0356,-0.2679,0.1172,11.5,-33.81,19.19,26.42,-84.5,170.34
52.38483,-1.567652,142.49,7.37,3,221.27,18 / 19,4115410,2019-09-06 20:28:41:153,-1.177,-1.0244,9.3297,-0.0268,-0.0036,9.8066,-0.0861,-0.1822,0.0391,12.06,-33.56,19.31,28.33,-84.34,171.87
52.38483,-1.567652,142.49,7.37,3,221.27,18 / 19,4115510,2019-09-06 20:28:41:253,-1.3038,-0.3326,10.3158,-0.0092,0.0256,9.8066,0.0508,-0.235,0.0792,11.88,-34.19,18.63,31.53,-84.15,174.49
52.38483,-1.567652,142.49,7.37,3,221.27,18 / 19,4115609,2019-09-06 20:28:41:352,-1.0523,1.1398,9.1134,0.0023,0.0247,9.8066,-0.0623,-0.283,-0.0394,11.81,-34.37,18.31,37.14,-84.21,177.8
52.38483,-1.567652,142.49,7.37,3,221.27,18 / 19,4115710,2019-09-06 20:28:41:453,-0.5176,0.4602,8.8774,0.0291,0.0035,9.8065,0.1391,-0.1875,0.022,12.06,-34.19,18.19,36.73,-84.14,177.37
52.38483,-1.567652,142.49,7.37,3,221.27,18 / 19,4115809,2019-09-06 20:28:41:552,-0.9097,-0.7228,10.1895,0.0129,0.0126,9.8066,0.0837,-0.0821,0.0103,12.19,-34.56,16.75,36.49,-84.22,175.34
52.38483,-1.567652,142.49,7.37,3,221.27,18 / 19,4115909,2019-09-06 20:28:41:652,-1.2423,0.246,10.4139,0.035,0.027,9.8065,0.0756,-0.1363,-0.0008,13.38,-34.25,16.69,37.7,-84.24,174.55
52.38483,-1.567652,142.49,7.37,3,221.27,18 / 19,4116010,2019-09-06 20:28:41:753,-1.5681,-0.0198,9.931,0.0156,-0.005,9.8066,0.0586,-0.0567,-0.0848,12.63,-34.37,16.31,39.94,-84.22,174.57
52.38483,-1.567652,142.49,7.37,3,221.27,18 / 19,4116109,2019-09-06 20:28:41:852,-0.6329,-0.689,10.3566,0.0111,-0.0282,9.8066,0.0736,-0.1162,0.0126,13.44,-34.75,16.13,35.36,-84.19,170.41
52.38483,-1.567652,142.49,7.37,3,221.27,18 / 19,4116210,2019-09-06 20:28:41:953,-0.3449,-1.8517,9.3643,-0.0086,0.0104,9.8066,0.0552,-0.0027,0.0677,13.5,-34.5,16.69,36.85,-84.09,171.75
52.38483,-1.567652,142.49,7.37,3,221.27,18 / 19,4116310,2019-09-06 20:28:42:053,-2.3059,-0.2796,9.8248,-0.0515,0.04,9.8064,-0.1524,-0.0173,0.0117,12.38,-34.75,16.13,39.05,-84.09,175.5
52.38483,-1.567652,142.49,7.37,3,221.27,18 / 19,4116409,2019-09-06 20:28:42:152,-0.9131,0.8518,9.912,-0.0106,0.0158,9.8066,-0.054,-0.0936,0.0614,12.63,-35.56,16.56,47.94,-84.08,-177.04
52.38483,-1.567652,142.49,7.37,3,221.27,18 / 19,4116510,2019-09-06 20:28:42:253,-0.773,-1.9953,9.5165,0.0096,0.0146,9.8066,0.0774,-0.072,0.1121,12.5,-35.12,16.44,50.89,-84.11,-176.14
52.38483,-1.567652,142.49,7.37,3,221.27,18 / 19,4116609,2019-09-06 20:28:42:352,-0.1084,-2.1632,9.4522,-0.0136,0.0276,9.8066,0.1096,-0.0843,-0.0814,13,-35.25,16.56,51.37,-83.94,-173.97
52.38483,-1.567652,142.49,7.37,3,221.27,18 / 19,4116710,2019-09-06 20:28:42:453,-0.7924,-0.3688,10.7237,-0.0045,0.0021,9.8066,0.0315,-0.0591,0.0136,12.13,-35.44,16.75,52.99,-83.95,-170.55
52.38483,-1.567652,142.49,7.37,3,221.27,18 / 19,4116810,2019-09-06 20:28:42:553,-1.376,-2.2502,9.8547,-0.0032,-0.0013,9.8066,0.0119,0.0125,0.0539,12.06,-35.06,16.44,55.18,-84.07,-170.4
52.38483,-1.567652,142.49,7.37,3,221.27,18 / 19,4116909,2019-09-06 20:28:42:652,-1.2835,-0.5951,10.6047,-0.0161,0.0026,9.8066,0.006,-0.052,-0.0211,11.38,-35.25,16.81,52.33,-84.07,-168.88
52.38483,-1.567652,142.49,7.37,3,221.27,18 / 19,4117010,2019-09-06 20:28:42:753,-0.349,-0.2466,9.8784,-0.0027,-0.0078,9.8066,0.0493,-0.0486,0.0742,11.88,-34.56,16.5,56.14,-83.79,-167.96
52.38483,-1.567652,142.49,7.37,3,221.27,18 / 19,4117109,2019-09-06 20:28:42:852,-2.52,-2.3876,9.8183,-0.0103,0.0235,9.8065,-0.083,0.0636,0.0354,11.31,-35,16.44,57.32,-83.75,-166.89
52.38483,-1.567652,142.49,7.37,3,221.27,18 / 19,4117210,2019-09-06 20:28:42:953,-3.7797,1.2749,12.1797,-0.0244,-0.0004,9.8065,0.1025,-0.0917,0.103,11.31,-36,16.31,60.58,-83.61,-164.49
52.38483,-1.567652,142.49,7.37,3,221.27,18 / 19,4117309,2019-09-06 20:28:43:052,-2.4123,1.1693,9.1598,-0.0005,0.0131,9.8066,-0.3865,0.1325,-0.0599,11.81,-35.62,15.81,63.56,-83.67,-163.73
52.38483,-1.567652,142.49,7.37,3,221.27,18 / 19,4117410,2019-09-06 20:28:43:153,0.0861,-0.4545,8.6232,-0.0564,-0.024,9.8064,-0.2963,-0.0409,0.0962,11.25,-35.5,16.63,58.38,-83.72,-163.98
52.38483,-1.567652,142.49,7.37,3,221.27,18 / 19,4117509,2019-09-06 20:28:43:252,2.9531,-0.3398,8.6855,-0.0631,-0.0513,9.8063,0.2435,-0.1822,0.0383,10.88,-35.19,15.38,65.46,-83.66,-161.88
52.38483,-1.567652,142.49,7.37,3,221.27,18 / 19,4117610,2019-09-06 20:28:43:353,0.029,-4.0059,9.7067,0.0647,0.0494,9.8062,0.0959,0.1552,-0.1604,11.88,-35.06,16,61.95,-84.49,-163.59
52.38483,-1.567652,142.49,7.37,3,221.27,18 / 19,4117710,2019-09-06 20:28:43:453,-1.0291,-1.2017,10.0279,-0.0199,-0.0074,9.8066,0.0798,0.0445,-0.0795,11.25,-35,16.19,56.11,-84.35,-167.03
52.38483,-1.567652,142.49,7.37,3,221.27,18 / 19,4117809,2019-09-06 20:28:43:552,-1.29,-1.1204,10.112,-0.0003,-0.0219,9.8065,0.1145,-0.0507,0.081,11.13,-34.75,15.81,56.96,-84.19,-166.52
52.38483,-1.567652,142.49,7.37,3,221.27,18 / 19,4117909,2019-09-06 20:28:43:652,-1.2499,-0.9913,9.6269,-0.0309,-0.0281,9.8065,0.0113,-0.0664,0.092,11.63,-34.62,15.56,58.19,-83.82,-168.08
52.38483,-1.567652,142.49,7.37,3,221.27,18 / 19,4118009,2019-09-06 20:28:43:752,0.0555,-0.7492,9.4164,0.0093,0.0261,9.8066,0.0309,-0.0685,-0.0566,11.69,-35.75,16,60.41,-83.79,-166.4
52.38483,-1.567652,142.49,7.37,3,221.27,18 / 19,4118110,2019-09-06 20:28:43:853,-0.0058,-0.8728,10.0143,-0.0139,-0.0231,9.8065,0.0516,-0.0623,0.1118,11.69,-35.44,16.38,60.74,-83.71,-165.95
52.38483,-1.567652,142.49,7.37,3,221.27,18 / 19,4118210,2019-09-06 20:28:43:953,-0.7033,-0.1468,9.685,-0.0274,-0.0098,9.8066,0.0037,0.0184,0.0012,11.25,-35.56,16.44,59.83,-83.58,-165.2
52.38483,-1.567652,142.49,7.37,3,221.27,18 / 19,4118310,2019-09-06 20:28:44:053,0.0761,-0.2874,9.7323,-0.0306,-0.0159,9.8065,-0.0832,0.0733,0.0217,11.75,-35.37,16.75,60.51,-83.58,-164.34
52.38483,-1.567652,142.49,7.37,3,221.27,18 / 19,4118409,2019-09-06 20:28:44:152,-0.6526,-0.6771,9.7221,-0.0063,0.0018,9.8066,0.1703,-0.0719,0.0078,11.13,-35.19,16.06,61.18,-83.64,-163.61
52.38483,-1.567652,142.49,7.37,3,221.27,18 / 19,4118510,2019-09-06 20:28:44:253,-0.9433,0.0037,10.3985,-0.02,-0.0161,9.8065,0.0457,-0.0662,0.0148,12,-35.31,16.44,63.02,-83.64,-163.98
52.38483,-1.567652,142.49,7.37,3,221.27,18 / 19,4118609,2019-09-06 20:28:44:352,-0.6049,-1.3611,8.8555,-0.0022,-0.0055,9.8066,-0.2388,-0.1011,-0.0152,11.25,-35.06,16.75,58.29,-83.86,-163.85
52.38483,-1.567652,142.49,7.37,3,221.27,18 / 19,4118709,2019-09-06 20:28:44:452,0.13,-0.0996,9.3766,-0.0136,-0.0174,9.8066,-0.2609,-0.0876,0.0091,11.69,-34.69,15.56,62.5,-83.96,-163.95
52.38483,-1.567652,142.49,7.37,3,221.27,18 / 19,4118809,2019-09-06 20:28:44:552,-1.8715,-0.8547,9.6993,-0.0236,-0.0106,9.8066,0.2072,-0.0505,0.0319,11.31,-34.44,15.81,60.51,-83.73,-163.77
52.38483,-1.567652,142.49,7.37,3,221.27,18 / 19,4118910,2019-09-06 20:28:44:653,-0.4309,-2.2557,9.612,-0.0058,0.0102,9.8066,-0.0157,0.0828,-0.0829,10.94,-36.12,14.75,65.28,-83.59,-162.5
52.38483,-1.567652,142.49,7.37,3,221.27,18 / 19,4119009,2019-09-06 20:28:44:752,1.9579,-1.2981,10.5361,0.0071,0.0155,9.8066,0.0268,-0.3052,0.1737,11.5,-36.37,15.56,65.43,-83.64,-162.08
52.38483,-1.567652,142.49,7.37,3,221.27,18 / 19,4119110,2019-09-06 20:28:44:853,-4.9558,1.9251,11.0606,-0.0226,0.0184,9.8066,0.0306,0.2644,-0.1799,11.75,-36.31,15.69,68.55,-83.56,-159.33
52.38483,-1.567652,142.49,7.37,3,221.27,18 / 19,4119210,2019-09-06 20:28:44:953,-2.65,-4.5245,10.1144,0.0263,0.0205,9.8065,-0.2302,0.2273,-0.2578,11.31,-36.5,15.63,64.31,-83.84,-160.71
52.38483,-1.567652,142.49,7.37,3,221.27,18 / 19,4119310,2019-09-06 20:28:45:053,-3.1371,0.8441,9.4503,0.0539,-0.0158,9.8064,0.0983,-0.3149,0.3366,11.56,-35.62,16,66.01,-83.55,-161.7
52.38483,-1.567652,142.49,7.37,3,221.27,18 / 19,4119410,2019-09-06 20:28:45:153,1.2259,-1.041,9.9934,-0.0335,-0.008,9.8065,-0.0232,-0.103,-0.0209,11.19,-35.69,15.69,63.81,-83.57,-161.64
52.38483,-1.567652,142.49,7.37,3,221.27,18 / 19,4119509,2019-09-06 20:28:45:252,-1.0003,-0.724,9.3469,0.0034,0.0167,9.8066,-0.0033,-0.0024,-0.0409,11.88,-35.44,15.63,65.96,-83.9,-160.85
52.38483,-1.567652,142.49,7.37,3,221.27,18 / 19,4119609,2019-09-06 20:28:45:352,0.9663,-0.5486,9.8916,0.02,-0.0166,9.8066,0.0095,-0.0089,0.0058,11.31,-35.37,14.94,65.14,-83.98,-161.6
52.38483,-1.567652,142.49,7.37,3,221.27,18 / 19,4119709,2019-09-06 20:28:45:452,0.198,0.4978,9.8831,0.0016,-0.0078,9.8066,-0.0777,-0.0833,0.0616,11.56,-36,15.19,67.37,-84.07,-161.74
52.38483,-1.567652,142.49,7.37,3,221.27,18 / 19,4119810,2019-09-06 20:28:45:553,-1.4512,-0.8818,10.184,-0.0324,-0.0062,9.8065,0.1162,-0.0427,0.0296,11.75,-35.81,15.81,65.98,-83.84,-161.23
52.38483,-1.567652,142.49,7.37,3,221.27,18 / 19,4119910,2019-09-06 20:28:45:653,-0.1261,-1.6334,9.8903,0.0049,-0.0076,9.8066,0.1176,-0.0417,0.0307,11.44,-35.69,16,62.1,-83.69,-162.97
52.38483,-1.567652,142.49,7.37,3,221.27,18 / 19,4120010,2019-09-06 20:28:45:753,-1.3624,-0.7039,10.2911,-0.0292,-0.0177,9.8066,-0.1677,0.0559,-0.0141,11.38,-35.56,15.75,63.03,-83.52,-162.43
52.38483,-1.567652,142.49,7.37,3,221.27,18 / 19,4120110,2019-09-06 20:28:45:853,-0.8998,-1.213,8.8872,-0.0163,-0.0087,9.8066,-0.1066,0.0088,-0.012,11.25,-35.19,15.38,65.41,-83.38,-162.42
52.38483,-1.567652,142.49,7.37,3,221.27,18 / 19,4120210,2019-09-06 20:28:45:953,-0.3875,0.1275,10.0818,-0.0165,-0.0273,9.8066,0.1506,0.0761,0.013,11.44,-35.69,15.31,66.51,-83.27,-161.96
52.38483,-1.567652,142.49,7.37,3,221.27,18 / 19,4120310,2019-09-06 20:28:46:053,-0.1047,-1.77,9.8755,-0.0184,0.0117,9.8065,0.0656,0.0132,0.0082,11.56,-35.5,15.81,67.35,-83.23,-160.71
52.38483,-1.567652,142.49,7.37,3,221.27,18 / 19,4120409,2019-09-06 20:28:46:152,-0.8747,0.0121,9.57,-0.0499,-0.0407,9.8063,-0.0401,0.1097,0.0328,11.38,-35.5,16,65.77,-82.82,-160.84
52.38483,-1.567652,142.49,7.37,3,221.27,18 / 19,4120509,2019-09-06 20:28:46:252,0.9801,-0.4595,9.586,-0.0355,-0.0338,9.8064,0.0547,-0.0689,0.0367,11.19,-35.69,16,66.4,-82.76,-160.72
52.38483,-1.567652,142.49,7.37,3,221.27,18 / 19,4120609,2019-09-06 20:28:46:352,-2.3452,0.7158,10.3067,0.0255,0.0466,9.8065,-0.0374,0.0656,0.0665,11.25,-35.06,15.75,66.13,-83.23,-159.79
52.38483,-1.567652,142.49,7.37,3,221.27,18 / 19,4120709,2019-09-06 20:28:46:452,0.2007,-0.1259,10.2462,0.0347,0.0439,9.8064,0.0404,0.0634,0.0992,11,-35,15.56,68.67,-83.34,-157.26
52.38483,-1.567652,142.49,7.37,3,221.27,18 / 19,4120810,2019-09-06 20:28:46:553,-1.068,-0.3416,10.2269,0.0066,0,9.8066,-0.0012,0.0484,-0.1218,11.13,-34.94,14.63,69.62,-83.45,-158.43
52.38483,-1.567652,142.49,7.37,3,221.27,18 / 19,4120910,2019-09-06 20:28:46:653,-0.9926,-0.3324,9.6282,-0.0007,0.0134,9.8066,-0.0585,-0.0868,0.1027,10.69,-35.31,14.19,72.03,-83.35,-158.82
52.38483,-1.567652,142.49,7.37,3,221.27,18 / 19,4121010,2019-09-06 20:28:46:753,0.1424,0.1783,8.7033,-0.0042,-0.0117,9.8066,-0.03,0.0812,-0.0152,10.56,-36.19,14.69,70.04,-83.09,-159.06
52.38483,-1.567652,142.49,7.37,3,221.27,18 / 19,4121110,2019-09-06 20:28:46:853,0.6705,-0.4075,9.8126,-0.0354,-0.0136,9.8065,0.021,0.0253,-0.0127,11.25,-36.81,15.25,71.24,-83.12,-158.27
52.38483,-1.567652,142.49,7.37,3,221.27,18 / 19,4121210,2019-09-06 20:28:46:953,-0.5054,-1.6498,9.1628,0.0417,0.0175,9.8065,-0.0573,-0.0068,-0.0159,11.31,-36.37,16.31,66.87,-83.49,-158.98
52.38483,-1.567652,142.49,7.37,3,221.27,18 / 19,4121310,2019-09-06 20:28:47:053,0.2061,-0.7555,9.8655,0.0011,-0.0108,9.8066,-0.2316,0.0627,-0.0475,11.06,-35,15.75,65.18,-83.32,-160.51
52.38483,-1.567652,142.49,7.37,3,221.27,18 / 19,4121409,2019-09-06 20:28:47:152,0.8824,0.0912,10.0772,0.0111,0.0034,9.8066,0.1031,0.0168,-0.0161,11.94,-35.06,15.94,66.63,-83.24,-161.34
52.38483,-1.567652,142.49,7.37,3,221.27,18 / 19,4121510,2019-09-06 20:28:47:253,0.4081,-1.3048,9.8236,-0.0072,-0.0167,9.8065,0.0431,0.0389,-0.0697,12.31,-34.44,16.13,65.51,-83.27,-162.02
52.38483,-1.567652,142.49,7.37,3,221.27,18 / 19,4121610,2019-09-06 20:28:47:353,0.8417,-0.6974,9.8549,-0.0375,-0.0191,9.8065,-0.0704,0.0103,0.0199,11.81,-34.81,15.88,66.42,-82.9,-162.13
52.38483,-1.567652,142.49,7.37,3,221.27,18 / 19,4121710,2019-09-06 20:28:47:453,-0.0928,-0.8897,9.99,0.0021,0.007,9.8066,-0.0401,0.0456,-0.0059,11.69,-34.44,15.44,68.75,-82.86,-161.98
52.38483,-1.567652,142.49,7.37,3,221.27,18 / 19,4121809,2019-09-06 20:28:47:552,-1.087,-1.571,9.4705,-0.0197,-0.0099,9.8066,-0.0864,0.0105,-0.01,11.06,-35.56,15.25,68.06,-82.81,-161.42
52.38483,-1.567652,142.49,7.37,3,221.27,18 / 19,4121910,2019-09-06 20:28:47:653,0.347,-0.996,9.6421,0.0233,0.0149,9.8066,0.041,0.0434,-0.0047,10.81,-35.75,14.75,68.78,-82.84,-160.71
52.38483,-1.567652,142.49,7.37,3,221.27,18 / 19,4122009,2019-09-06 20:28:47:752,0.9704,-0.7528,10.0732,-0.0019,-0.0078,9.8066,-0.0086,-0.0104,-0.0284,11.38,-36.25,15.63,65.69,-83.03,-160.89
52.38483,-1.567652,142.49,7.37,3,221.27,18 / 19,4122110,2019-09-06 20:28:47:853,-1.6211,-0.9778,10.8378,-0.0418,-0.0291,9.8064,0.0455,0.0622,0.0018,11.19,-36.75,16.31,65.23,-83,-161.7
52.38483,-1.567652,142.49,7.37,3,221.27,18 / 19,4122209,2019-09-06 20:28:47:952,-0.6268,-1.4881,10.0989,-0.0452,-0.0446,9.8064,-0.0534,0.0193,-0.0064,11.13,-35.69,16.25,64.94,-82.48,-162.54
52.38483,-1.567652,142.49,7.37,3,221.27,18 / 19,4122310,2019-09-06 20:28:48:053,0.3595,-1.3416,9.7298,-0.0149,-0.015,9.8065,-0.1043,0.0379,-0.1054,11.31,-35.19,16.81,62.45,-82.5,-162.28
52.38483,-1.567652,142.49,7.37,3,221.27,18 / 19,4122410,2019-09-06 20:28:48:153,-1.0295,-2.3162,10.3005,0.0064,0.0185,9.8065,0.0307,0.098,0.085,11.25,-34.5,16.69,62.44,-82.59,-161.81
52.38483,-1.567652,142.49,7.37,3,221.27,18 / 19,4122509,2019-09-06 20:28:48:252,-0.1866,-0.3714,9.8285,0.0182,0.0055,9.8066,-0.0076,0.0378,0.0387,10.75,-34.75,16.19,65.29,-82.74,-161.42
52.38483,-1.567652,142.49,7.37,3,221.27,18 / 19,4122610,2019-09-06 20:28:48:353,0.3435,0.4106,9.8205,-0.001,-0.0016,9.8066,0.1179,0.0734,-0.095,10.94,-35.06,16,64.99,-82.7,-161.75
52.38483,-1.567652,142.49,7.37,3,221.27,18 / 19,4122709,2019-09-06 20:28:48:452,2.9292,1.5972,10.5063,-0.0111,0.0152,9.8065,0.4757,0.0298,0.0249,11.75,-34.5,16.13,67.55,-82.52,-161.38
52.38483,-1.567652,142.49,7.37,3,221.27,18 / 19,4122810,2019-09-06 20:28:48:553,0.1784,-1.2166,10.5464,0.0318,0.0175,9.8066,0.0322,-0.0686,-0.0096,11.13,-33.69,16.88,62.98,-82.62,-161.27
52.38483,-1.567652,142.49,7.37,3,221.27,18 / 19,4122910,2019-09-06 20:28:48:653,-1.5167,-3.1416,11.6156,0.1167,0.1038,9.8054,0.597,0.0944,-0.2052,11.31,-34.94,16.81,62.57,-82.96,-161.41
52.38483,-1.567652,142.49,7.37,3,221.27,18 / 19,4123010,2019-09-06 20:28:48:753,-3.9172,-0.4828,11.7864,-0.0744,-0.0759,9.8061,-0.7328,0.0303,-0.0985,11.19,-35.06,16.63,61.42,-83.06,-162.3
52.38483,-1.567652,142.49,7.37,3,221.27,18 / 19,4123109,2019-09-06 20:28:48:852,-1.744,-1.933,8.9062,0.0408,0.0392,9.8064,0.0643,-0.072,0.0233,11.31,-35.69,16.69,61.05,-82.97,-163.09
52.38483,-1.567652,142.49,7.37,3,221.27,18 / 19,4123209,2019-09-06 20:28:48:952,0.6428,-1.2149,10.2865,-0.1502,-0.1481,9.8044,-0.5275,-0.069,0.0646,11.19,-35.5,17.13,60.54,-82.14,-164.55
52.38483,-1.567652,142.49,7.37,3,221.27,18 / 19,4123310,2019-09-06 20:28:49:053,-1.75,-1.2287,10.1179,-0.0626,-0.0722,9.8061,-0.3972,0.1036,-0.0013,11.06,-35.12,16.69,61.18,-82.61,-163.23
52.384552,-1.568896,142.93,12.81,3,250.13,18 / 19,4123410,2019-09-06 20:28:49:153,-0.9714,-3.258,10.8639,-0.0256,-0.0588,9.8064,-0.1543,-0.0693,0.1481,11.19,-34.5,17.13,62.48,-82.63,-161.71
52.384552,-1.568896,142.93,12.81,3,250.13,18 / 19,4123510,2019-09-06 20:28:49:253,0.3797,0.2578,9.9201,-0.0401,-0.0301,9.8065,0.1916,-0.0557,0.0537,11,-34.81,17.19,62.97,-82.27,-162.19
52.384552,-1.568896,142.93,12.81,3,250.13,18 / 19,4123610,2019-09-06 20:28:49:353,-0.4817,-0.4897,10.3174,0.0049,0.0168,9.8066,0.0145,-0.1428,-0.0126,10.44,-34.56,16.63,61.9,-82.3,-160.98
52.384552,-1.568896,142.93,12.81,3,250.13,18 / 19,4123710,2019-09-06 20:28:49:453,0.8548,-1.1992,9.4543,-0.0154,0.0029,9.8065,0.0508,-0.0172,0.0584,11.19,-34.62,16.69,63.81,-82.39,-161.23
52.384552,-1.568896,142.93,12.81,3,250.13,18 / 19,4123810,2019-09-06 20:28:49:553,-1.6422,-0.303,10.6941,-0.0191,-0.0036,9.8065,0.044,0.0708,0.0138,10.44,-34.87,16.56,63.62,-82.15,-159.71
52.384552,-1.568896,142.93,12.81,3,250.13,18 / 19,4123910,2019-09-06 20:28:49:653,0.4394,-0.2694,9.4762,-0.017,-0.0191,9.8066,0.0139,-0.0468,0.0527,10.25,-35.19,16.38,65.58,-82,-160.34
52.384552,-1.568896,142.93,12.81,3,250.13,18 / 19,4124009,2019-09-06 20:28:49:752,1.3247,-1.9361,9.5329,-0.0193,-0.0159,9.8066,-0.2079,0.126,-0.1763,11.13,-35.56,16.69,66.18,-81.76,-160.53
52.384552,-1.568896,142.93,12.81,3,250.13,18 / 19,4124110,2019-09-06 20:28:49:853,-1.7389,0.3423,9.1713,0.0096,0.0057,9.8066,0.0265,0.1406,-0.0333,11.13,-35.56,16.94,67.17,-81.71,-159.73
52.384552,-1.568896,142.93,12.81,3,250.13,18 / 19,4124209,2019-09-06 20:28:49:952,-1.6329,-0.1445,9.8703,-0.0036,-0.0031,9.8066,0.0333,-0.063,0.0664,10.88,-36,16.31,68.43,-81.88,-160.49
52.384552,-1.568896,142.93,12.81,3,250.13,18 / 19,4124310,2019-09-06 20:28:50:053,0.2432,0.2057,9.7561,0.0325,0.0149,9.8065,0.2305,0.0224,-0.0461,11,-35.87,17.38,64.74,-82.1,-161.26
52.384552,-1.568896,142.93,12.81,3,250.13,18 / 19,4124409,2019-09-06 20:28:50:152,3.2568,0.2477,9.5121,-0.0043,-0.0181,9.8066,0.0455,-0.1013,-0.0686,11.13,-36.31,17.13,63.39,-81.79,-162.98
52.384552,-1.568896,142.93,12.81,3,250.13,18 / 19,4124510,2019-09-06 20:28:50:253,1.6329,-2.383,9.5035,0.0267,0.0382,9.8064,0.1389,-0.298,0.242,11,-35.62,17.31,62.48,-81.86,-163.67
52.384552,-1.568896,142.93,12.81,3,250.13,18 / 19,4124610,2019-09-06 20:28:50:353,1.0894,-0.9833,8.6104,0.0093,-0.0281,9.8065,-0.1612,0.0521,-0.1942,11,-35.44,17.13,60.67,-81.61,-165.3
52.384552,-1.568896,142.93,12.81,3,250.13,18 / 19,4124710,2019-09-06 20:28:50:453,1.7185,-0.3612,8.2902,0.1485,0.1178,9.8048,0.6242,-0.2119,0.0066,11.31,-35.25,16.31,61.76,-81.41,-166.86
52.384552,-1.568896,142.93,12.81,3,250.13,18 / 19,4124810,2019-09-06 20:28:50:553,2.0976,3.5283,8.3756,0.127,0.0783,9.8054,0.7224,0.0366,-0.0268,11.56,-34.12,17.56,56.6,-82.32,-167.49
52.384552,-1.568896,142.93,12.81,3,250.13,18 / 19,4124910,2019-09-06 20:28:50:653,0.0364,-2.9427,10.7645,0.0595,0.0394,9.8064,-0.0151,0.0147,-0.0054,11.69,-34.19,17.44,58.31,-82.04,-168.34
52.384552,-1.568896,142.93,12.81,3,250.13,18 / 19,4125009,2019-09-06 20:28:50:752,-1.3683,-0.9318,10.7656,0.0703,0.0619,9.8061,0.2306,-0.0933,-0.022,11.69,-34.69,16.75,57.11,-82.05,-169.71
52.384552,-1.568896,142.93,12.81,3,250.13,18 / 19,4125109,2019-09-06 20:28:50:852,-0.2215,-1.2001,10.3764,-0.0477,-0.0483,9.8064,-0.1745,-0.0319,-0.0082,11.63,-34.81,16.38,59.02,-81.54,-170.99
52.384552,-1.568896,142.93,12.81,3,250.13,18 / 19,4125209,2019-09-06 20:28:50:952,0.1631,0.2475,9.7243,-0.0218,-0.0275,9.8065,-0.1083,-0.0219,0.0042,12.44,-34.12,17.06,56.1,-81.56,-170.97
52.384552,-1.568896,142.93,12.81,3,250.13,18 / 19,4125310,2019-09-06 20:28:51:053,0.1356,-0.3261,9.8378,0.0155,0.0068,9.8066,0.1037,-0.0071,-0.012,12.19,-34.37,17.19,55.43,-81.62,-171.46
52.384552,-1.568896,142.93,12.81,3,250.13,18 / 19,4125409,2019-09-06 20:28:51:152,-0.166,-1.1614,10.4611,0.0035,0.0043,9.8066,0.1399,-0.0841,-0.0132,11.38,-35.25,16.81,53.68,-81.55,-171.42
52.384552,-1.568896,142.93,12.81,3,250.13,18 / 19,4125510,2019-09-06 20:28:51:253,-1.551,-1.3587,10.2356,-0.009,-0.0044,9.8065,-0.0523,-0.0129,0.0238,11.56,-35.69,16.75,55.64,-81.48,-172.18
52.384552,-1.568896,142.93,12.81,3,250.13,18 / 19,4125609,2019-09-06 20:28:51:352,0.71,-1.6261,9.9142,0.0004,-0.0097,9.8066,-0.126,0.0897,-0.1091,12.31,-35.87,17.69,53.12,-81.41,-172.43
52.384552,-1.568896,142.93,12.81,3,250.13,18 / 19,4125710,2019-09-06 20:28:51:453,-1.0319,-0.3675,10.4132,-0.0049,-0.0028,9.8066,0.1131,-0.0331,0.0005,11.88,-34.81,17.63,52.53,-81.37,-172.66
52.384552,-1.568896,142.93,12.81,3,250.13,18 / 19,4125810,2019-09-06 20:28:51:553,-0.1249,0.2552,9.6788,0.0055,-0.0165,9.8066,0.1056,-0.065,-0.0038,11.94,-34.62,17.5,51.52,-81.33,-173.58
52.384552,-1.568896,142.93,12.81,3,250.13,18 / 19,4125910,2019-09-06 20:28:51:653,-1.0034,-0.3006,10.0563,0.0563,0.0319,9.8064,0.0494,0.0182,-0.0694,12.31,-34.81,17,51.93,-81.53,-174.91
52.384552,-1.568896,142.93,12.81,3,250.13,18 / 19,4126009,2019-09-06 20:28:51:752,0.1874,-0.241,10.0865,0.0516,0.0327,9.8064,0.1364,-0.07,-0.0098,12.5,-34.56,17.81,50.21,-81.64,-176.14
52.384552,-1.568896,142.93,12.81,3,250.13,18 / 19,4126109,2019-09-06 20:28:51:852,0.4314,1.3585,9.473,-0.0187,-0.0402,9.8065,-0.1037,-0.0186,0.0147,12.19,-33.87,17,46.95,-81.48,-178.83
52.384552,-1.568896,142.93,12.81,3,250.13,18 / 19,4126210,2019-09-06 20:28:51:953,-0.9501,-1.4009,10.0229,-0.0166,-0.0371,9.8065,-0.0124,0.0254,-0.0216,13.19,-33.87,17.38,48.21,-81.43,-179.75
52.384552,-1.568896,142.93,12.81,3,250.13,18 / 19,4126310,2019-09-06 20:28:52:053,-0.5154,0.2441,11.0678,0.0271,0.01,9.8065,0.1512,0.0633,-0.0614,13,-33.94,17.56,44.35,-81.42,178.95
52.384552,-1.568896,142.93,12.81,3,250.13,18 / 19,4126409,2019-09-06 20:28:52:152,-3.2752,1.017,12.8841,0.0686,0.0898,9.806,0.4003,0.0502,-0.0869,11.75,-33.94,17.63,41.89,-81.72,179.17
52.384552,-1.568896,142.93,12.81,3,250.13,18 / 19,4126510,2019-09-06 20:28:52:253,1.3199,-6.7649,8.8507,-0.1502,-0.1723,9.8039,-0.9965,-0.2688,0.1777,12.81,-34.25,17.19,47.68,-80.69,178.86
52.384552,-1.568896,142.93,12.81,3,250.13,18 / 19,4126610,2019-09-06 20:28:52:353,0.8969,-3.9198,6.8288,-0.0976,-0.136,9.8051,-0.7389,0.189,-0.2487,12.56,-34.44,17.56,42.69,-80.99,177.08
52.384552,-1.568896,142.93,12.81,3,250.13,18 / 19,4126710,2019-09-06 20:28:52:453,-1.3982,0.3448,8.6622,-0.0567,-0.0711,9.8062,-0.0294,0.0555,0.0139,12.75,-34.31,17.25,44.34,-81.46,177.07
52.384552,-1.568896,142.93,12.81,3,250.13,18 / 19,4126810,2019-09-06 20:28:52:553,1.3335,0.1523,9.9972,-0.0859,-0.1246,9.8054,-0.2885,0.0014,-0.0272,12.81,-33.87,17.06,43.11,-80.85,175.34
52.384552,-1.568896,142.93,12.81,3,250.13,18 / 19,4126910,2019-09-06 20:28:52:653,-0.7813,-0.1664,9.3158,0.0726,0.0591,9.8061,0.1719,0.0038,-0.0552,13.25,-33.56,16.69,42.04,-81.45,175.16
52.384552,-1.568896,142.93,12.81,3,250.13,18 / 19,4127010,2019-09-06 20:28:52:753,0.2615,0.153,8.9634,0.0345,0.0238,9.8065,0.1054,-0.0232,-0.0003,13.44,-33.12,16.94,41.01,-81.42,174.57
52.384552,-1.568896,142.93,12.81,3,250.13,18 / 19,4127110,2019-09-06 20:28:52:853,-1.4002,-0.6905,10.2757,0.038,0.0106,9.8066,-0.0314,0.042,-0.0267,13.19,-34.37,17.13,39.2,-81.58,173
52.384552,-1.568896,142.93,12.81,3,250.13,18 / 19,4127209,2019-09-06 20:28:52:952,-0.3874,-0.4688,9.9486,0.0127,0.0072,9.8066,0.0571,-0.0574,-0.0194,13.06,-34.31,17.31,38.92,-81.54,172.73
52.384552,-1.568896,142.93,12.81,3,250.13,18 / 19,4127310,2019-09-06 20:28:53:053,0.949,-0.1597,10.1888,-0.0205,-0.0176,9.8065,-0.0584,-0.0127,0.0596,13.56,-33.69,17.31,39.63,-81.58,171.53
52.384552,-1.568896,142.93,12.81,3,250.13,18 / 19,4127410,2019-09-06 20:28:53:153,-0.4165,0.7658,9.9091,-0.0109,-0.0175,9.8066,-0.0812,-0.0165,-0.0209,13.25,-34.37,17.19,37.96,-81.38,171.78
52.384552,-1.568896,142.93,12.81,3,250.13,18 / 19,4127509,2019-09-06 20:28:53:252,0.1129,-0.0919,10.0794,0.0007,0.008,9.8066,0.0102,-0.0939,0.0626,13.25,-33.87,16.69,36.46,-81.55,170.75
52.384552,-1.568896,142.93,12.81,3,250.13,18 / 19,4127610,2019-09-06 20:28:53:353,-0.1184,0.1769,9.6305,0.0178,0.0008,9.8065,0.016,-0.0163,-0.0442,14.25,-33.5,16.88,37.96,-81.56,170.38
52.384552,-1.568896,142.93,12.81,3,250.13,18 / 19,4127709,2019-09-06 20:28:53:452,0.4889,0.7436,9.8714,0.0028,-0.011,9.8066,0.0237,-0.0277,-0.0352,13.81,-33.62,16.94,37.77,-81.44,169.86
52.384552,-1.568896,142.93,12.81,3,250.13,18 / 19,4127809,2019-09-06 20:28:53:552,-0.8683,0.6292,9.6874,0.0085,0.0073,9.8065,0.0337,-0.08,0.0177,13.44,-34.19,16.44,37.24,-81.51,169.34
52.384552,-1.568896,142.93,12.81,3,250.13,18 / 19,4127910,2019-09-06 20:28:53:653,-0.6566,-0.1914,9.627,-0.0001,-0.0233,9.8066,-0.115,-0.0794,-0.0519,13.63,-34.12,16.75,36.19,-81.54,168.68
52.384552,-1.568896,142.93,12.81,3,250.13,18 / 19,4128009,2019-09-06 20:28:53:752,0.0339,1.0246,9.5313,-0.019,-0.0203,9.8065,0.0109,-0.0828,0.0435,13.88,-34.25,16.88,35.02,-81.45,167.64
52.384552,-1.568896,142.93,12.81,3,250.13,18 / 19,4128110,2019-09-06 20:28:53:853,-1.9682,0.6871,9.6454,0.024,0.0121,9.8066,-0.0294,-0.0151,-0.0805,14.5,-34.12,16.31,38.39,-81.54,166.75
52.384552,-1.568896,142.93,12.81,3,250.13,18 / 19,4128210,2019-09-06 20:28:53:953,-0.6774,-0.0069,9.994,0.0094,0.008,9.8066,0.0693,-0.0643,0.0326,14.44,-34.06,16.25,35.99,-81.48,166.47
52.384552,-1.568896,142.93,12.81,3,250.13,18 / 19,4128309,2019-09-06 20:28:54:052,0.2385,1.0693,9.7527,-0.0126,-0.0173,9.8066,-0.0797,-0.0937,0.0088,15.19,-33.69,16.06,38.52,-81.29,166.6
52.384552,-1.568896,142.93,12.81,3,250.13,18 / 19,4128410,2019-09-06 20:28:54:153,0.0579,0.8742,9.4249,0.0094,0.0136,9.8066,-0.0936,-0.0077,0.0239,14.06,-34.12,15.75,36.04,-81.21,166.23
52.384552,-1.568896,142.93,12.81,3,250.13,18 / 19,4128509,2019-09-06 20:28:54:252,0.4443,0.4695,10.4395,0.0039,0.0067,9.8066,-0.0206,-0.0757,0.0992,14.06,-33.87,15.56,36.8,-81.16,166.78
52.384552,-1.568896,142.93,12.81,3,250.13,18 / 19,4128614,2019-09-06 20:28:54:357,0.0634,0.236,9.3338,-0.0275,-0.0258,9.8065,-0.1151,0.0011,-0.024,14.19,-34.12,15.81,37.74,-81.01,167.37
52.384552,-1.568896,142.93,12.81,3,250.13,18 / 19,4128710,2019-09-06 20:28:54:453,-0.3916,1.4101,9.8979,0.0191,0.0335,9.8065,0.1968,-0.0372,-0.0174,14.06,-34.19,15.69,37.88,-81.22,167.71
52.384552,-1.568896,142.93,12.81,3,250.13,18 / 19,4128810,2019-09-06 20:28:54:553,-0.743,0.5758,9.7065,0.0223,0.0302,9.8066,0.1337,-0.0696,0.0381,14.69,-33.94,15.94,40.43,-81.22,168.07
52.384552,-1.568896,142.93,12.81,3,250.13,18 / 19,4128910,2019-09-06 20:28:54:653,-0.8969,1.5572,9.7037,0.0042,0.0039,9.8066,0.0373,-0.1292,0.0637,13.88,-34.31,15.5,38.87,-81.23,168.52
52.384552,-1.568896,142.93,12.81,3,250.13,18 / 19,4129009,2019-09-06 20:28:54:752,-0.3315,0.55,9.996,0.0208,0.0026,9.8066,0.0287,-0.0663,-0.0505,14.31,-33.62,15.06,41.25,-81.27,168.3
52.384552,-1.568896,142.93,12.81,3,250.13,18 / 19,4129110,2019-09-06 20:28:54:853,-0.9322,-0.0221,10.0382,-0.0081,-0.0079,9.8066,-0.0904,-0.1055,0.0476,14.13,-33.87,14.56,40.65,-81.35,167.91
52.384552,-1.568896,142.93,12.81,3,250.13,18 / 19,4129210,2019-09-06 20:28:54:953,-0.3856,0.3382,9.6307,0.0155,-0.0083,9.8066,0.0253,-0.0456,-0.0139,14.25,-33.56,14.5,40,-81.32,167.35
52.384552,-1.568896,142.93,12.81,3,250.13,18 / 19,4129309,2019-09-06 20:28:55:052,-1.3879,0.5319,11.091,-0.006,0.0046,9.8066,-0.105,-0.0681,-0.0353,13.88,-34.12,14.56,39.37,-81.3,166.83
52.384552,-1.568896,142.93,12.81,3,250.13,18 / 19,4129409,2019-09-06 20:28:55:152,-2.1015,0.8794,10.5687,0.0123,0.0115,9.8066,0.0179,0.0609,-0.1184,14.94,-33.87,15.06,40.61,-81.31,166.16
52.384552,-1.568896,142.93,12.81,3,250.13,18 / 19,4129510,2019-09-06 20:28:55:253,0.4277,1.4234,9.3198,-0.0361,-0.0433,9.8064,-0.1995,-0.2868,0.1269,14.56,-34.06,13.94,44.39,-81.02,166.58
52.384552,-1.568896,142.93,12.81,3,250.13,18 / 19,4129609,2019-09-06 20:28:55:352,0.4589,2.6858,9.7142,-0.0505,-0.062,9.8063,-0.2786,-0.1086,-0.0678,14.56,-34.19,14.06,43.34,-81.1,165.82
52.384552,-1.568896,142.93,12.81,3,250.13,18 / 19,4129710,2019-09-06 20:28:55:453,0.5505,2.3768,9.3078,0.0221,0.0222,9.8066,0.2904,-0.0822,0.0332,14.69,-33.5,13.81,43.77,-81.05,166.42
52.384552,-1.568896,142.93,12.81,3,250.13,18 / 19,4129810,2019-09-06 20:28:55:553,1.3869,1.536,9.6924,0.0104,0.0174,9.8065,0.2131,-0.1468,0.0835,14.13,-33.5,14.31,42.68,-80.97,167.06
52.384552,-1.568896,142.93,12.81,3,250.13,18 / 19,4129910,2019-09-06 20:28:55:653,-1.9118,0.1584,10.3311,-0.0086,0.0051,9.8066,-0.1055,-0.1346,-0.0157,13.63,-33.87,13.63,45.38,-80.78,168.64
52.384552,-1.568896,142.93,12.81,3,250.13,18 / 19,4130010,2019-09-06 20:28:55:753,-0.7274,2.2715,9.7229,-0.0198,0.0039,9.8065,0.0276,-0.0876,0.0582,14.56,-33.69,12.94,51.05,-80.9,169.35
52.384552,-1.568896,142.93,12.81,3,250.13,18 / 19,4130110,2019-09-06 20:28:55:853,-2.0223,0.9595,9.991,-0.0154,-0.0115,9.8065,-0.1564,-0.0765,0.0304,13.75,-34,12.56,49.79,-80.95,169.88
52.384552,-1.568896,142.93,12.81,3,250.13,18 / 19,4130210,2019-09-06 20:28:55:953,-1.059,1.5621,9.408,-0.0122,-0.0031,9.8066,-0.0653,-0.1131,0.0483,13.63,-33.81,12.13,52.89,-81.14,169.97
52.384552,-1.568896,142.93,12.81,3,250.13,18 / 19,4130310,2019-09-06 20:28:56:053,-0.9899,1.5135,9.5856,-0.0112,0.0014,9.8066,-0.0097,-0.1468,0.0234,14.38,-34.37,12.75,49.13,-81.28,169.82
52.384552,-1.568896,142.93,12.81,3,250.13,18 / 19,4130410,2019-09-06 20:28:56:153,-1.8679,1.3051,9.8068,0.0091,0.0118,9.8066,-0.0272,-0.1694,0.0482,14.38,-34.56,12.63,50.21,-81.24,170.29
52.384552,-1.568896,142.93,12.81,3,250.13,18 / 19,4130510,2019-09-06 20:28:56:253,-1.628,1.6766,10.3193,0.0085,0.0121,9.8066,0.1184,-0.124,0.0493,14.25,-34.06,12,53.63,-81.28,170.8
52.384552,-1.568896,142.93,12.81,3,250.13,18 / 19,4130609,2019-09-06 20:28:56:352,-0.8846,1.0481,10.6125,0.0074,0.0078,9.8066,0.1252,-0.123,-0.0038,13.94,-34.5,11.44,57.9,-81.19,171.28
52.384552,-1.568896,142.93,12.81,3,250.13,18 / 19,4130709,2019-09-06 20:28:56:452,-1.1559,1.3777,10.1375,-0.0135,-0.0062,9.8066,0.0606,-0.144,0.012,14.38,-34.56,12.31,55.08,-80.99,171.12
52.384552,-1.568896,142.93,12.81,3,250.13,18 / 19,4130810,2019-09-06 20:28:56:553,-0.5735,2.2625,9.6748,-0.0038,-0.0047,9.8066,0.0186,-0.153,0.0191,13.75,-34.12,11.31,58.13,-80.93,171.01
52.384552,-1.568896,142.93,12.81,3,250.13,18 / 19,4130910,2019-09-06 20:28:56:653,-0.75,1.7122,9.9608,-0.0048,-0.0027,9.8066,0.0103,-0.1182,-0.0016,13.94,-34.87,11.25,58.28,-80.98,170.77
52.384552,-1.568896,142.93,12.81,3,250.13,18 / 19,4131010,2019-09-06 20:28:56:753,-1.0636,1.0956,9.9363,0.0145,-0.0042,9.8066,0.0525,-0.0855,-0.0259,13.94,-34.5,11.13,56.68,-81.04,170
52.384552,-1.568896,142.93,12.81,3,250.13,18 / 19,4131110,2019-09-06 20:28:56:853,-0.4962,1.2514,9.3424,-0.0173,-0.016,9.8065,-0.0559,-0.1572,0.0331,14.31,-34.56,10.31,59.58,-81,168.73
52.384552,-1.568896,142.93,12.81,3,250.13,18 / 19,4131209,2019-09-06 20:28:56:952,-0.1207,1.2494,9.5546,-0.003,-0.0237,9.8066,0.0176,-0.1443,-0.0669,14.06,-34.69,10.25,57.82,-81.09,167.45
52.384552,-1.568896,142.93,12.81,3,250.13,18 / 19,4131309,2019-09-06 20:28:57:052,-1.3293,0.7997,10.1311,-0.0064,-0.0048,9.8066,0.069,-0.1202,0.0661,14.88,-34.56,9.81,57.21,-81.16,165.93
52.384552,-1.568896,142.93,12.81,3,250.13,18 / 19,4131411,2019-09-06 20:28:57:154,0.6222,0.7181,10.1109,0.0232,-0.0131,9.8065,0.1303,-0.0438,-0.1079,14.38,-34.31,9.38,57.64,-81.17,164.57
52.384552,-1.568896,142.93,12.81,3,250.13,18 / 19,4131510,2019-09-06 20:28:57:253,-0.9333,0.991,10.1481,-0.0362,-0.0069,9.8065,-0.0222,-0.014,0.0446,14.88,-35.06,9.31,60.18,-80.76,164.48
52.384552,-1.568896,142.93,12.81,3,250.13,18 / 19,4131609,2019-09-06 20:28:57:352,-0.8491,0.9092,10.6284,-0.0388,-0.0109,9.8065,-0.0276,-0.1364,0.0994,14.56,-34.94,9.5,57.18,-80.57,164.86
52.384552,-1.568896,142.93,12.81,3,250.13,18 / 19,4131710,2019-09-06 20:28:57:453,0.5978,1.4619,10.1156,-0.0252,0.0093,9.8066,-0.1179,-0.125,0.0132,13.88,-34.75,9.94,57.58,-80.41,165.96
52.384552,-1.568896,142.93,12.81,3,250.13,18 / 19,4131810,2019-09-06 20:28:57:553,-0.3795,0.8056,9.3521,-0.0201,0.0159,9.8065,0.0335,-0.0593,0.0606,13.81,-34.87,9.81,59.58,-80.38,167.54
52.384552,-1.568896,142.93,12.81,3,250.13,18 / 19,4131910,2019-09-06 20:28:57:653,-0.3529,2.2563,9.9897,0.0148,0.0076,9.8066,0.033,-0.0387,-0.0459,13.88,-34.87,9.88,60.35,-80.53,168.46
52.384552,-1.568896,142.93,12.81,3,250.13,18 / 19,4132010,2019-09-06 20:28:57:753,-1.4044,0.8779,9.4588,-0.0652,-0.0186,9.8064,0.0621,-0.1678,0.0412,13.88,-34.81,9.19,63.81,-80.95,168.81
52.384552,-1.568896,142.93,12.81,3,250.13,18 / 19,4132110,2019-09-06 20:28:57:853,-0.1727,1.8665,9.7444,-0.0379,-0.0145,9.8065,-0.1193,-0.1371,0.0474,13.81,-34.69,9.81,60.62,-80.6,168.82
52.384552,-1.568896,142.93,12.81,3,250.13,18 / 19,4132210,2019-09-06 20:28:57:953,0.1248,0.3357,9.7694,-0.054,-0.0235,9.8064,-0.102,-0.0478,-0.0221,14.06,-34.87,9.56,61.15,-80.5,169.06
52.384552,-1.568896,142.93,12.81,3,250.13,18 / 19,4132311,2019-09-06 20:28:58:054,-0.4054,0.7256,10.0672,0.033,0.0114,9.8065,0.0555,-0.0694,0.0402,14.25,-34.44,8.75,63.98,-80.63,168.83
52.38426,-1.570846,143.65,16.48,3,274.33,18 / 19,4132409,2019-09-06 20:28:58:152,0.2669,0.2631,9.8291,0.011,0.0041,9.8066,0.0133,-0.1755,-0.0011,14,-35.19,8.63,64.86,-80.55,168.86
52.38426,-1.570846,143.65,16.48,3,274.33,18 / 19,4132510,2019-09-06 20:28:58:253,0.7791,0.483,9.4878,-0.0141,0.0077,9.8065,-0.0857,-0.0897,-0.0258,13.5,-35.25,8.06,68.9,-80.62,168.88
52.38426,-1.570846,143.65,16.48,3,274.33,18 / 19,4132609,2019-09-06 20:28:58:352,1.9706,0.4077,9.6914,-0.0156,-0.0048,9.8066,0.0378,-0.0156,0.0852,13.94,-34.75,8.06,69.02,-80.64,169.04
52.38426,-1.570846,143.65,16.48,3,274.33,18 / 19,4132710,2019-09-06 20:28:58:453,-1.2871,0.7637,10.0689,-0.0126,0.0161,9.8066,-0.052,-0.0639,-0.0039,14.06,-35,8.56,65.33,-80.61,169.4
52.38426,-1.570846,143.65,16.48,3,274.33,18 / 19,4132810,2019-09-06 20:28:58:553,0.9127,0.1994,9.781,-0.0048,-0.004,9.8066,0.0978,-0.0899,0.071,13.75,-35.44,8.56,65.93,-80.58,169.84
52.38426,-1.570846,143.65,16.48,3,274.33,18 / 19,4132909,2019-09-06 20:28:58:652,0.6709,0.3438,10.9421,0.0251,0.0113,9.8065,0.2331,-0.083,-0.0673,13.88,-35.25,8.31,70.07,-80.65,169.96
52.38426,-1.570846,143.65,16.48,3,274.33,18 / 19,4133009,2019-09-06 20:28:58:752,-0.2344,-0.5528,9.2156,0.0649,-0.0118,9.8064,-0.3165,0.0231,0.0343,13.88,-35.25,8.31,68.22,-80.9,168.92
52.38426,-1.570846,143.65,16.48,3,274.33,18 / 19,4133110,2019-09-06 20:28:58:853,1.618,-0.532,8.6173,-0.0751,-0.0216,9.8063,-0.4148,0.0154,0.0407,13.81,-35.37,7.38,73.53,-80.42,168.68
52.38426,-1.570846,143.65,16.48,3,274.33,18 / 19,4133210,2019-09-06 20:28:58:953,1.2284,-5.5043,10.4235,-0.0561,0.0016,9.8064,0.1004,-0.3365,0.1331,14.38,-35,7.5,68.94,-80.64,168.96
52.38426,-1.570846,143.65,16.48,3,274.33,18 / 19,4133310,2019-09-06 20:28:59:053,0.4679,3.5108,8.9129,-0.0634,0.011,9.8064,0.0028,-0.2283,0.117,14.06,-35.19,7.63,69.04,-80.52,168.78
52.38426,-1.570846,143.65,16.48,3,274.33,18 / 19,4133410,2019-09-06 20:28:59:153,1.7024,-2.1375,9.5236,-0.0938,-0.0016,9.8062,0.0481,-0.0345,0.0679,13.56,-34.94,7.81,70.93,-80.47,170.33
52.38426,-1.570846,143.65,16.48,3,274.33,18 / 19,4133510,2019-09-06 20:28:59:253,1.3144,-0.4473,9.7926,0.0303,0.0221,9.8066,-0.1485,0.0219,0.0661,13.44,-35.12,7.88,71.31,-80.45,171.29
52.38426,-1.570846,143.65,16.48,3,274.33,18 / 19,4133610,2019-09-06 20:28:59:353,-1.4414,0.3325,9.8634,0.0151,0.0122,9.8066,0.1525,-0.0217,-0.0256,13.69,-35.19,8.06,73.41,-80.54,172.69
52.38426,-1.570846,143.65,16.48,3,274.33,18 / 19,4133709,2019-09-06 20:28:59:452,-0.3284,-0.7799,8.1759,0.0051,0.0042,9.8065,0.0656,0.0052,-0.0041,13.25,-35.69,7.56,73.85,-80.53,173.08
52.38426,-1.570846,143.65,16.48,3,274.33,18 / 19,4133809,2019-09-06 20:28:59:552,-0.6071,-0.9904,9.5717,-0.0304,0.0118,9.8065,0.0129,0.0826,0.0064,13.38,-35.12,7.63,74.28,-80.55,174.15
52.38426,-1.570846,143.65,16.48,3,274.33,18 / 19,4133910,2019-09-06 20:28:59:653,-1.4059,-0.2652,9.9422,-0.0076,0.0069,9.8066,0.0718,-0.0039,0.0708,13.81,-35.69,7.56,75.19,-80.73,174.15
52.38426,-1.570846,143.65,16.48,3,274.33,18 / 19,4134010,2019-09-06 20:28:59:753,-0.4028,0.859,10.0847,0.0146,0.0174,9.8065,-0.1486,-0.014,-0.081,12.88,-35.37,7.94,74.35,-80.83,174.9
52.38426,-1.570846,143.65,16.48,3,274.33,18 / 19,4134110,2019-09-06 20:28:59:853,0.2604,0.0896,9.9603,-0.026,-0.0128,9.8065,-0.1156,-0.0002,0.0161,13.56,-35.56,7.94,75.85,-80.82,174.96
52.38426,-1.570846,143.65,16.48,3,274.33,18 / 19,4134210,2019-09-06 20:28:59:953,0.4044,-0.51,10.3092,-0.0066,-0.0012,9.8066,0.0548,0.0375,0.0124,13.19,-35.31,7.75,74.21,-80.72,174.5
52.38426,-1.570846,143.65,16.48,3,274.33,18 / 19,4134312,2019-09-06 20:29:00:055,0.4661,0.8475,9.8956,0.0146,0.005,9.8066,0.0316,-0.0703,0.082,13,-35.37,7.44,79.06,-80.76,174.98
52.38426,-1.570846,143.65,16.48,3,274.33,18 / 19,4134411,2019-09-06 20:29:00:154,-0.6636,-0.9249,9.3272,0.0151,0.0052,9.8065,0.097,-0.0124,-0.0083,13.38,-35.44,8,75.15,-80.76,175.47
52.38426,-1.570846,143.65,16.48,3,274.33,18 / 19,4134510,2019-09-06 20:29:00:253,0.9639,0.1607,9.6841,0.0337,0.0105,9.8065,0.077,0.0003,0.0277,13.81,-35.25,7.69,76.23,-80.91,176.12
52.38426,-1.570846,143.65,16.48,3,274.33,18 / 19,4134610,2019-09-06 20:29:00:353,-0.4452,-1.7627,10.2034,0.0491,0.0066,9.8065,-0.066,-0.0429,0.0952,13.69,-35.5,7.44,80.24,-80.98,176.22
52.38426,-1.570846,143.65,16.48,3,274.33,18 / 19,4134709,2019-09-06 20:29:00:452,0.0745,-0.9222,10.7435,-0.0244,0.0141,9.8066,-0.0777,0.0075,-0.0612,13.75,-36.19,7.88,78.45,-80.91,177.57
52.38426,-1.570846,143.65,16.48,3,274.33,18 / 19,4134809,2019-09-06 20:29:00:552,-2.0243,-0.0671,10.5003,0.0169,0.0022,9.8066,-0.0152,0.1312,0.0598,13.25,-35.62,8.31,79.21,-80.77,178.57
52.38426,-1.570846,143.65,16.48,3,274.33,18 / 19,4134910,2019-09-06 20:29:00:653,0.2838,1.1992,10.3328,-0.0213,0.0074,9.8066,-0.0958,-0.0581,0.0758,13.38,-35.81,7.69,80.44,-80.66,179.44
52.38426,-1.570846,143.65,16.48,3,274.33,18 / 19,4135014,2019-09-06 20:29:00:757,-0.3007,-0.4037,9.8908,-0.0007,0.0069,9.8066,-0.0993,0.0216,-0.0423,12.88,-36.12,8,81.35,-80.73,-179.52
52.38426,-1.570846,143.65,16.48,3,274.33,18 / 19,4135110,2019-09-06 20:29:00:853,0.9429,-1.3321,9.6882,-0.0258,0.0049,9.8065,-0.1134,0.028,0.0297,13.19,-35.37,7.75,82.14,-80.57,-178.51
52.38426,-1.570846,143.65,16.48,3,274.33,18 / 19,4135209,2019-09-06 20:29:00:952,-0.4937,-0.507,9.5286,-0.0219,0.0022,9.8066,0.0944,-0.0093,0.1518,13.06,-36.06,7.94,83.83,-80.51,-177.73
52.38426,-1.570846,143.65,16.48,3,274.33,18 / 19,4135309,2019-09-06 20:29:01:052,-0.2729,-1.5614,9.9291,0.0275,0.027,9.8065,0.1828,0.0512,-0.0882,13,-36.12,7.5,84.78,-80.7,-176.29
52.38426,-1.570846,143.65,16.48,3,274.33,18 / 19,4135411,2019-09-06 20:29:01:154,-1.9024,-1.0591,10.1006,0.0424,-0.0004,9.8065,-0.2306,0.019,0.052,12.38,-36.06,8.13,84.27,-80.75,-175.97
52.38426,-1.570846,143.65,16.48,3,274.33,18 / 19,4135510,2019-09-06 20:29:01:253,0.4412,-1.0487,10.0629,-0.0676,-0.0029,9.8063,-0.1616,0.1338,0.0374,12.44,-36.06,8.19,85.72,-80.36,-175.66
52.38426,-1.570846,143.65,16.48,3,274.33,18 / 19,4135610,2019-09-06 20:29:01:353,0.6768,-0.8372,10.1472,-0.0577,-0.0013,9.8064,0.1929,0.0503,0.0869,12.38,-35.5,8.25,86.31,-80.16,-174.89
52.38426,-1.570846,143.65,16.48,3,274.33,18 / 19,4135709,2019-09-06 20:29:01:452,4.0359,-0.7531,10.3697,0.0513,0.0265,9.8064,0.2186,-0.0161,-0.0275,12.44,-35.87,8.75,83.93,-80.12,-173.85
52.38426,-1.570846,143.65,16.48,3,274.33,18 / 19,4135809,2019-09-06 20:29:01:552,-0.0656,0.4312,9.4528,0.0555,0.0141,9.8065,0.0228,0.1767,0.0706,12.81,-36.25,8.19,89.63,-80.33,-172.46
52.38426,-1.570846,143.65,16.48,3,274.33,18 / 19,4135909,2019-09-06 20:29:01:652,-0.7775,-1.4575,9.7587,-0.0293,0.0115,9.8066,0.11,0.0117,0.0013,11.81,-35.56,8.31,89.7,-80.32,-171.82
52.38426,-1.570846,143.65,16.48,3,274.33,18 / 19,4136010,2019-09-06 20:29:01:753,2.0738,-1.0293,9.0437,-0.0053,0.0003,9.8066,-0.1198,-0.0086,0.022,12.38,-36.06,8,90.47,-80.38,-170.86
52.38426,-1.570846,143.65,16.48,3,274.33,18 / 19,4136110,2019-09-06 20:29:01:853,0.8776,0.4816,10.0698,-0.021,-0.005,9.8066,-0.069,-0.0284,0.0576,12.5,-36,7.75,90.02,-80.36,-172
52.38426,-1.570846,143.65,16.48,3,274.33,18 / 19,4136210,2019-09-06 20:29:01:953,-0.6283,-2.0966,10.5459,-0.0476,-0.006,9.8064,0.1088,-0.0703,0.0371,11.94,-35.69,7.81,90.05,-80.2,-171.8
52.38426,-1.570846,143.65,16.48,3,274.33,18 / 19,4136309,2019-09-06 20:29:02:052,0.719,2.6263,9.9678,0.0206,0.0261,9.8065,0.0228,-0.1459,0.1295,11.94,-36.19,7.88,90.68,-80.17,-171.25
52.38426,-1.570846,143.65,16.48,3,274.33,18 / 19,4136410,2019-09-06 20:29:02:153,1.2741,-1.6513,10.3158,0.0042,0.0145,9.8066,0.2787,-0.1584,0.0445,12.19,-36.19,8.5,87.88,-80.18,-169.82
52.38426,-1.570846,143.65,16.48,3,274.33,18 / 19,4136509,2019-09-06 20:29:02:252,-1.4077,-1.2904,10.1909,0.014,-0.0143,9.8066,0.2765,-0.0808,-0.0016,11.94,-36.12,8.31,91.85,-80.21,-169.93
52.38426,-1.570846,143.65,16.48,3,274.33,18 / 19,4136610,2019-09-06 20:29:02:353,-0.2716,-1.0504,10.2052,0.0168,0.0072,9.8066,0.0263,0.0331,0.0637,12,-36.37,8.75,88.19,-80.11,-169.7
52.38426,-1.570846,143.65,16.48,3,274.33,18 / 19,4136710,2019-09-06 20:29:02:453,0.2939,0.0356,10.0052,-0.0286,0.0038,9.8066,0.0515,-0.023,-0.0228,12.13,-36.44,8.19,93.13,-79.86,-169.6
52.38426,-1.570846,143.65,16.48,3,274.33,18 / 19,4136810,2019-09-06 20:29:02:553,1.4217,-0.7571,9.8081,-0.0237,-0.0078,9.8065,0.0441,0.0576,0.0049,12.38,-36.5,8.19,93.65,-79.73,-169.44
52.38426,-1.570846,143.65,16.48,3,274.33,18 / 19,4136909,2019-09-06 20:29:02:652,-0.3574,-0.1089,10.1042,0.0623,0.0253,9.8063,0.1279,0.061,0.0823,11.81,-36.37,8.19,93.75,-79.61,-169.67
52.38426,-1.570846,143.65,16.48,3,274.33,18 / 19,4137010,2019-09-06 20:29:02:753,1.2741,0.2608,9.372,0.0111,0.0107,9.8066,0.1346,-0.07,0.0768,11.88,-36.44,7.81,94.69,-79.73,-168.33
52.38426,-1.570846,143.65,16.48,3,274.33,18 / 19,4137110,2019-09-06 20:29:02:853,0.3875,-0.6433,9.8961,0.0295,0.0159,9.8065,0.0795,0.0104,-0.0546,11.94,-36,8,95.59,-79.94,-166.78
52.38426,-1.570846,143.65,16.48,3,274.33,18 / 19,4137209,2019-09-06 20:29:02:952,0.3103,-1.5077,9.5912,0.0222,0.0127,9.8066,-0.0424,-0.0427,0.0704,12.13,-36.62,8.75,92.57,-79.97,-166.35
52.38426,-1.570846,143.65,16.48,3,274.33,18 / 19,4137310,2019-09-06 20:29:03:053,0.9435,0.2049,9.7356,-0.0294,0.0083,9.8066,-0.0674,-0.0046,-0.0032,11.94,-35.75,8.25,97.29,-79.64,-165.81
52.38426,-1.570846,143.65,16.48,3,274.33,18 / 19,4137410,2019-09-06 20:29:03:153,-0.1351,-1.791,9.2841,-0.0328,-0.0074,9.8065,-0.063,-0.0064,0.1441,12.06,-36.12,8.44,97.93,-79.51,-165.47
52.38426,-1.570846,143.65,16.48,3,274.33,18 / 19,4137509,2019-09-06 20:29:03:252,1.5093,-0.6385,9.5756,-0.0058,0.018,9.8065,-0.0775,0.0283,-0.0199,11.81,-35.94,8.38,97.78,-79.63,-165.3
52.38426,-1.570846,143.65,16.48,3,274.33,18 / 19,4137611,2019-09-06 20:29:03:354,0.7533,-0.254,9.8673,0.0167,0.0008,9.8066,0.1149,-0.0312,-0.0581,11.38,-36.19,8.25,98.04,-79.61,-164.51
52.38426,-1.570846,143.65,16.48,3,274.33,18 / 19,4137710,2019-09-06 20:29:03:453,-0.5598,-0.5461,9.6815,0.02,0.0057,9.8066,0.0805,0.0933,0.0491,12.06,-36.12,8.19,98.53,-79.69,-164.31
52.38426,-1.570846,143.65,16.48,3,274.33,18 / 19,4137809,2019-09-06 20:29:03:552,-0.1655,-0.0767,9.9928,0.0151,0.0187,9.8066,0.1582,-0.016,0.01,11.88,-36.25,8.5,94.94,-79.75,-163.71
52.38426,-1.570846,143.65,16.48,3,274.33,18 / 19,4137910,2019-09-06 20:29:03:653,0.143,-1.017,9.9535,-0.0177,0.0001,9.8066,-0.0823,0.0545,-0.0053,11.94,-36.25,8.19,99.59,-79.62,-163.35
52.38426,-1.570846,143.65,16.48,3,274.33,18 / 19,4138010,2019-09-06 20:29:03:753,-0.2236,-0.1581,9.8697,0.0107,0.001,9.8066,-0.076,0.0826,0.0075,11.56,-36.75,7.81,100.09,-79.77,-163.17
52.38426,-1.570846,143.65,16.48,3,274.33,18 / 19,4138109,2019-09-06 20:29:03:852,-1.0932,-0.5066,9.5651,-0.0159,0.0027,9.8066,-0.1244,0.015,-0.0328,11.94,-36.31,7.63,99.8,-79.8,-162.61
52.38426,-1.570846,143.65,16.48,3,274.33,18 / 19,4138209,2019-09-06 20:29:03:952,0.684,-0.8926,9.5516,0.0008,0.0016,9.8066,0.0005,0.0162,-0.1012,11.31,-36.56,8.31,100.1,-79.88,-162.26
52.38426,-1.570846,143.65,16.48,3,274.33,18 / 19,4138310,2019-09-06 20:29:04:053,-0.3202,0.3156,10.7818,0.0195,-0.0136,9.8066,0.0254,-0.0196,0.0804,11.5,-36.69,8.69,95.22,-80.02,-163.43
52.38426,-1.570846,143.65,16.48,3,274.33,18 / 19,4138409,2019-09-06 20:29:04:152,-0.0862,0.0315,10.3703,0.0291,0.0077,9.8066,-0.0822,-0.0138,-0.0452,11.31,-36.56,8.63,94.03,-80.08,-163.62
52.38426,-1.570846,143.65,16.48,3,274.33,18 / 19,4138510,2019-09-06 20:29:04:253,-0.8563,-0.8346,10.1255,-0.0182,-0.0134,9.8066,0.0041,0.0543,-0.0044,11.56,-36.19,8.75,93.57,-80.01,-164.46
52.38426,-1.570846,143.65,16.48,3,274.33,18 / 19,4138609,2019-09-06 20:29:04:352,1.7965,0.3215,9.5707,-0.0188,-0.0177,9.8066,0.0604,0.0122,-0.0227,12,-35.75,8.44,96.79,-80.1,-165.04
52.38426,-1.570846,143.65,16.48,3,274.33,18 / 19,4138709,2019-09-06 20:29:04:452,1.316,-0.4733,9.8443,0.0345,-0.0023,9.8066,0.1013,0.0331,-0.0548,11.94,-36.12,8.13,96.3,-80.13,-165.5
52.38426,-1.570846,143.65,16.48,3,274.33,18 / 19,4138809,2019-09-06 20:29:04:552,-0.2484,-0.4329,10.1974,0.0313,0.0037,9.8066,0.0178,0.0131,0.045,12.63,-36.19,7.94,96.09,-80.28,-165.9
52.38426,-1.570846,143.65,16.48,3,274.33,18 / 19,4138909,2019-09-06 20:29:04:652,0.0883,-0.1602,10.1293,-0.0239,0.0004,9.8066,-0.0107,-0.0799,0.0299,12.5,-36,8.38,96.38,-80.1,-166.06
52.38426,-1.570846,143.65,16.48,3,274.33,18 / 19,4139009,2019-09-06 20:29:04:752,1.0752,-0.1307,10.5483,-0.0099,0.007,9.8066,0.0532,-0.0323,0.0468,12.06,-36.12,8.5,92.57,-80.08,-165.31
52.38426,-1.570846,143.65,16.48,3,274.33,18 / 19,4139110,2019-09-06 20:29:04:853,-0.6971,-0.8135,10.0791,0.0109,0.0052,9.8065,0.083,-0.0214,0.0412,12.13,-36,8.06,97.29,-80.1,-164.5
52.38426,-1.570846,143.65,16.48,3,274.33,18 / 19,4139213,2019-09-06 20:29:04:956,0.1516,-0.1079,10.34,-0.0017,0.0146,9.8066,0.0546,0.0093,0.0016,11.63,-36.75,8.06,99.09,-79.91,-163.87
52.38426,-1.570846,143.65,16.48,3,274.33,18 / 19,4139309,2019-09-06 20:29:05:052,0.1984,-0.1534,9.8612,0.0156,0.0034,9.8066,0.047,0.0518,-0.0064,11.81,-36.56,8.5,96.06,-79.76,-163.26
52.38426,-1.570846,143.65,16.48,3,274.33,18 / 19,4139409,2019-09-06 20:29:05:152,1.0876,-0.2488,9.5712,0.0077,0.001,9.8066,0.0361,-0.0126,0.0114,11.25,-36.37,8.5,94.36,-79.86,-163.12
52.38426,-1.570846,143.65,16.48,3,274.33,18 / 19,4139509,2019-09-06 20:29:05:252,0.6155,-0.1465,9.6481,0.0241,-0.0098,9.8065,0.0362,0.0307,-0.0199,11.5,-36.56,8.56,94.99,-80.11,-163.42
52.38426,-1.570846,143.65,16.48,3,274.33,18 / 19,4139609,2019-09-06 20:29:05:352,-0.2284,-0.4979,9.9802,0.0304,-0.0082,9.8065,-0.0738,-0.0061,-0.046,11.56,-36.31,8.31,97.24,-80.32,-163.94
52.38426,-1.570846,143.65,16.48,3,274.33,18 / 19,4139709,2019-09-06 20:29:05:452,0.5,-1.1053,10.2934,-0.0045,-0.0069,9.8066,-0.0401,-0.0203,-0.0188,11.81,-35.69,8.94,92.26,-80.31,-165.01
52.38426,-1.570846,143.65,16.48,3,274.33,18 / 19,4139809,2019-09-06 20:29:05:552,0.4104,-3.0136,9.8948,0.0622,-0.0152,9.8064,0.1181,-0.0706,0.0585,11.69,-36.44,8.94,90.84,-80.45,-166.09
52.38426,-1.570846,143.65,16.48,3,274.33,18 / 19,4139910,2019-09-06 20:29:05:653,2.2321,-1.9964,6.8123,0.0496,0.0086,9.8065,-0.2338,0.048,0.0257,12,-36.19,8.94,93.16,-79.85,-165.33
52.38426,-1.570846,143.65,16.48,3,274.33,18 / 19,4140010,2019-09-06 20:29:05:753,0.445,-0.3488,9.3692,0.0556,0.0259,9.8064,0.032,-0.0158,-0.0294,11.5,-36.62,8.5,94.82,-79.9,-164.21
52.38426,-1.570846,143.65,16.48,3,274.33,18 / 19,4140109,2019-09-06 20:29:05:852,1.6234,-2.416,9.5342,0.0126,0.0194,9.8066,0.0272,0.1757,-0.033,11.44,-36.12,8.69,94.17,-80.3,-162.07
52.38426,-1.570846,143.65,16.48,3,274.33,18 / 19,4140210,2019-09-06 20:29:05:953,-0.004,-0.0087,10.3264,-0.0165,0.0024,9.8066,0.097,-0.0887,0.0223,10.81,-36.5,8.5,95.46,-80.2,-160.99
52.38426,-1.570846,143.65,16.48,3,274.33,18 / 19,4140309,2019-09-06 20:29:06:052,-0.2913,-1.0075,8.5278,0.0049,-0.0116,9.8065,-0.1876,-0.0054,-0.1387,11.06,-36.56,8.81,96.18,-80.05,-161.43
52.38426,-1.570846,143.65,16.48,3,274.33,18 / 19,4140410,2019-09-06 20:29:06:153,-1.7727,0.2166,10.5359,0.0091,0.0056,9.8066,0.051,0.0798,0.0112,11.13,-36,9.19,95.19,-79.94,-162.03
52.38426,-1.570846,143.65,16.48,3,274.33,18 / 19,4140509,2019-09-06 20:29:06:252,-3.5527,-2.3506,9.1478,-0.0021,-0.0145,9.8066,0.1142,0.0034,-0.0012,11.31,-35.69,8.69,93.98,-80.03,-163.04
52.38426,-1.570846,143.65,16.48,3,274.33,18 / 19,4140610,2019-09-06 20:29:06:353,2.0407,0.9003,8.6833,-0.0296,0.005,9.8065,0.0039,-0.0204,-0.069,11.06,-36.06,9.25,92.65,-80.29,-163.67
52.38426,-1.570846,143.65,16.48,3,274.33,18 / 19,4140710,2019-09-06 20:29:06:453,2.7179,2.2723,9.8749,-0.028,0.0117,9.8065,0.043,0.1103,0.1414,11.19,-36.12,8.25,98.11,-80.13,-162.86
52.38426,-1.570846,143.65,16.48,3,274.33,18 / 19,4140810,2019-09-06 20:29:06:553,2.9376,1.6794,10.032,0.0074,-0.0172,9.8066,0.2607,-0.0863,-0.0082,11.38,-36.31,9.06,94.97,-80.05,-161.94
52.38426,-1.570846,143.65,16.48,3,274.33,18 / 19,4140910,2019-09-06 20:29:06:653,0.3132,1.5835,10.1997,0.0535,0.0036,9.8065,0.2903,0.0404,-0.0442,11.13,-35.75,9.25,94.18,-80.18,-162.4
52.38426,-1.570846,143.65,16.48,3,274.33,18 / 19,4141010,2019-09-06 20:29:06:753,-1.4229,-1.9329,10.1858,-0.0528,-0.0211,9.8065,-0.1382,-0.0891,0.0082,11.25,-35.87,9.06,94.43,-79.84,-163.12
52.38426,-1.570846,143.65,16.48,3,274.33,18 / 19,4141110,2019-09-06 20:29:06:853,1.2137,-0.1159,9.3514,0.0269,-0.0023,9.8066,-0.1288,-0.0193,-0.0426,10.88,-35.81,8.69,93.89,-79.94,-163.4
52.38426,-1.570846,143.65,16.48,3,274.33,18 / 19,4141209,2019-09-06 20:29:06:952,0.7317,0.1073,9.8532,0.0188,0.0092,9.8066,0.1199,0.0133,-0.0376,11.44,-36.12,9,93.36,-79.96,-163.89
52.38426,-1.570846,143.65,16.48,3,274.33,18 / 19,4141310,2019-09-06 20:29:07:053,0.3149,-0.5005,9.5494,0.0277,0.009,9.8065,0.126,-0.0666,0.0362,11.06,-36.25,9.19,93.07,-80.17,-163.6
52.38441,-1.573135,144.99,17.58,4,274.9,18 / 19,4141409,2019-09-06 20:29:07:152,1.8147,0.129,9.6493,0.0322,0.0072,9.8065,-0.0229,-0.0079,0.0188,11.19,-36.19,9.25,93.15,-80.15,-163.57
52.38441,-1.573135,144.99,17.58,4,274.9,18 / 19,4141510,2019-09-06 20:29:07:253,1.0808,0.4709,10.2564,0.0058,0.0114,9.8066,-0.0064,-0.0162,0.0665,11.56,-35.62,9.56,91,-79.99,-163.19
52.38441,-1.573135,144.99,17.58,4,274.9,18 / 19,4141609,2019-09-06 20:29:07:352,2.7602,0.7256,11.4717,0.0007,0.003,9.8066,0.1964,0.0086,-0.0091,11.38,-35.94,9.25,94.3,-79.99,-162.83
52.38441,-1.573135,144.99,17.58,4,274.9,18 / 19,4141709,2019-09-06 20:29:07:452,-2.3695,-0.9233,9.9987,-0.164,-0.1036,9.8047,0.505,-0.0575,-0.035,11.44,-36.12,9.63,89.33,-80.28,-162.92
52.38441,-1.573135,144.99,17.58,4,274.9,18 / 19,4141810,2019-09-06 20:29:07:553,0.3825,1.744,8.9982,-0.1477,-0.0489,9.8054,-0.5797,0.0954,-0.1545,11.56,-36.44,9.56,88.34,-79.58,-166.95
52.38441,-1.573135,144.99,17.58,4,274.9,18 / 19,4141910,2019-09-06 20:29:07:653,0.2813,0.1474,10.101,-0.0764,-0.0219,9.8062,-0.317,0.0214,0.1885,12.06,-36.19,9.19,91.35,-80.03,-166.7
52.38441,-1.573135,144.99,17.58,4,274.9,18 / 19,4142010,2019-09-06 20:29:07:753,0.6338,-1.53,10.3654,-0.0212,-0.0044,9.8066,0.2169,-0.0514,0.0604,12,-36.06,9.69,88.63,-79.85,-165.95
52.38441,-1.573135,144.99,17.58,4,274.9,18 / 19,4142109,2019-09-06 20:29:07:852,1.0425,0.9145,9.5277,-0.0333,0.002,9.8065,0.0387,-0.0842,0.034,12.19,-36,9.56,89.6,-79.58,-165.67
52.38441,-1.573135,144.99,17.58,4,274.9,18 / 19,4142210,2019-09-06 20:29:07:953,1.1837,-0.2486,9.1294,0.0412,0.0159,9.8065,-0.0052,-0.0103,0.0126,11.94,-35.5,8.56,94.18,-79.34,-164.84
52.38441,-1.573135,144.99,17.58,4,274.9,18 / 19,4142310,2019-09-06 20:29:08:053,-0.1995,0.133,10.0605,0.0148,0.0114,9.8066,0.0255,-0.0327,0.0629,10.94,-35.56,9,94.49,-79.66,-163.59
52.38441,-1.573135,144.99,17.58,4,274.9,18 / 19,4142409,2019-09-06 20:29:08:152,0.7744,0.739,10.5505,0.0027,-0.0033,9.8066,0.0734,-0.0236,-0.0757,11.44,-35.75,9.56,89.87,-79.78,-163.75
52.38441,-1.573135,144.99,17.58,4,274.9,18 / 19,4142510,2019-09-06 20:29:08:253,-1.0355,-0.8501,9.679,-0.0796,-0.0201,9.8063,0.137,0.127,-0.0444,10.63,-36.25,9.69,89.5,-79.93,-163.7
52.38441,-1.573135,144.99,17.58,4,274.9,18 / 19,4142609,2019-09-06 20:29:08:352,2.679,2.081,8.8959,-0.0471,-0.0139,9.8065,-0.0678,-0.0769,0.1265,11.13,-36.81,9.69,91.62,-79.44,-163.72
52.38441,-1.573135,144.99,17.58,4,274.9,18 / 19,4142710,2019-09-06 20:29:08:453,1.0441,-1.1087,9.119,-0.0671,-0.0398,9.8063,-0.077,0.1466,-0.1494,11.75,-36.62,9.25,95.79,-79.45,-164.42
52.38441,-1.573135,144.99,17.58,4,274.9,18 / 19,4142810,2019-09-06 20:29:08:553,0.1011,-0.8261,9.4675,0.0352,0.0117,9.8065,0.0063,-0.0225,0.0858,11.63,-36.56,9.31,95.37,-79.6,-164.46
52.38441,-1.573135,144.99,17.58,4,274.9,18 / 19,4142909,2019-09-06 20:29:08:652,-0.5882,0.5155,9.9549,0.0236,0.0058,9.8065,0.0331,-0.0407,-0.0105,11.31,-36.31,9.44,93.7,-79.85,-163.85
52.38441,-1.573135,144.99,17.58,4,274.9,18 / 19,4143010,2019-09-06 20:29:08:753,0.7759,-1.6341,10.5458,-0.0032,0.0033,9.8066,-0.0313,-0.0621,0.0256,11,-36.25,8.63,93.69,-79.83,-163.91
52.38441,-1.573135,144.99,17.58,4,274.9,18 / 19,4143109,2019-09-06 20:29:08:852,-0.0993,2.5143,10.94,-0.003,-0.0063,9.8066,-0.0134,0.0505,-0.0399,10.63,-37,9.06,94.69,-79.68,-164.13
52.38441,-1.573135,144.99,17.58,4,274.9,18 / 19,4143209,2019-09-06 20:29:08:952,-1.4503,-0.076,10.1991,0.0424,-0.0022,9.8065,-0.1656,0.0499,-0.1055,10.81,-36.75,9.88,90.01,-79.72,-164.55
52.38441,-1.573135,144.99,17.58,4,274.9,18 / 19,4143309,2019-09-06 20:29:09:052,-0.7411,-0.3153,9.4473,-0.0259,-0.0025,9.8066,-0.0514,0.0729,0.0195,11.38,-37.06,9.69,90.01,-79.74,-164.48
52.38441,-1.573135,144.99,17.58,4,274.9,18 / 19,4143410,2019-09-06 20:29:09:153,1.1773,-2.3794,9.5454,0.0033,-0.0355,9.8066,-0.0653,-0.0317,-0.07,10.81,-36.62,9.44,92.78,-79.77,-165.88
52.38441,-1.573135,144.99,17.58,4,274.9,18 / 19,4143509,2019-09-06 20:29:09:252,4.8326,-2.4645,12.2302,-0.0264,-0.0185,9.8065,-0.3148,0.1355,-0.0036,10.81,-36.75,9.31,92.42,-79.71,-166.43
52.38441,-1.573135,144.99,17.58,4,274.9,18 / 19,4143610,2019-09-06 20:29:09:353,0.9083,2.3365,12.5834,0.2312,0.024,9.8038,0.6426,0.1045,-0.077,11.5,-36.06,9.56,87.62,-80.46,-165.37
52.38441,-1.573135,144.99,17.58,4,274.9,18 / 19,4143709,2019-09-06 20:29:09:452,-0.5969,-0.2211,11.6195,0.2116,0.0412,9.8042,0.4678,0.0067,-0.1762,12,-36.5,10.13,86.71,-80.33,-166.61
52.38441,-1.573135,144.99,17.58,4,274.9,18 / 19,4143809,2019-09-06 20:29:09:552,-0.1319,-0.2408,9.8606,-0.1272,-0.0383,9.8057,-0.4014,0.0883,0.0905,11.56,-36.5,9.75,87.74,-79.98,-166.49
52.38441,-1.573135,144.99,17.58,4,274.9,18 / 19,4143910,2019-09-06 20:29:09:653,-0.1523,-0.5815,9.5802,-0.0243,-0.0102,9.8065,-0.3003,0.0376,0.0322,11.56,-36.31,9.06,92.45,-79.5,-167.01
52.38441,-1.573135,144.99,17.58,4,274.9,18 / 19,4144010,2019-09-06 20:29:09:753,1.3198,0.6368,9.0303,0.0049,-0.009,9.8066,0.0353,-0.0136,-0.056,12.06,-36.31,9.25,91.52,-79.77,-167.25
52.38441,-1.573135,144.99,17.58,4,274.9,18 / 19,4144109,2019-09-06 20:29:09:852,1.8744,-0.2668,9.3938,-0.014,-0.0092,9.8066,0.0301,0.0415,-0.0785,11.56,-36.75,10.13,87.68,-79.81,-167.72
52.38441,-1.573135,144.99,17.58,4,274.9,18 / 19,4144209,2019-09-06 20:29:09:952,-0.3477,-1.1033,9.6733,-0.0105,-0.009,9.8066,0.011,-0.0674,0.0064,11.88,-36.37,9.44,90.71,-79.74,-168.15
52.38441,-1.573135,144.99,17.58,4,274.9,18 / 19,4144310,2019-09-06 20:29:10:053,1.3725,0.9154,9.4946,-0.0197,-0.0105,9.8065,0.0124,-0.0046,-0.0415,12,-35.94,9.56,86.35,-79.67,-168.68
52.38441,-1.573135,144.99,17.58,4,274.9,17 / 19,4144409,2019-09-06 20:29:10:152,0.3476,-0.7541,9.3303,0,-0.001,9.8066,-0.1063,-0.0367,0.0288,11.5,-36.75,9.06,91.5,-79.59,-168.53
52.38441,-1.573135,144.99,17.58,4,274.9,17 / 19,4144509,2019-09-06 20:29:10:252,0.2069,0.2872,9.7755,-0.0207,-0.0129,9.8066,-0.0473,0.0065,-0.0418,11.63,-36.87,9.44,91.02,-79.62,-168.96
52.38441,-1.573135,144.99,17.58,4,274.9,17 / 19,4144610,2019-09-06 20:29:10:353,-0.6027,-0.2309,10.1814,0.0806,0.0119,9.8063,-0.1043,-0.0768,0.0299,11.88,-36.19,9.25,88.92,-80,-169.25
52.38441,-1.573135,144.99,17.58,4,274.9,17 / 19,4144710,2019-09-06 20:29:10:453,-2.2075,-1.3592,10.1791,0.1366,0.0074,9.8056,0.1446,0.0448,-0.0615,11.88,-36.31,9.63,82.68,-80.38,-170.41
52.38441,-1.573135,144.99,17.58,4,274.9,17 / 19,4144809,2019-09-06 20:29:10:552,-0.7515,1.7385,10.3083,-0.1049,-0.0469,9.8059,-0.3836,0.1829,-0.093,12.13,-36.25,8.81,88.2,-79.82,-170.47
52.38441,-1.573135,144.99,17.58,4,274.9,17 / 19,4144910,2019-09-06 20:29:10:653,0.4498,2.1172,9.6795,-0.1118,-0.0379,9.8058,-0.5231,-0.0231,0.0431,11.63,-36.37,8.75,86.64,-80.07,-171.35
52.38441,-1.573135,144.99,17.58,4,274.9,17 / 19,4145010,2019-09-06 20:29:10:753,-0.74,0.2545,10.077,0.0364,-0.0263,9.8065,0.1699,-0.001,-0.0891,12.31,-36.44,9,85.98,-80.03,-172.09
52.38441,-1.573135,144.99,17.58,4,274.9,17 / 19,4145109,2019-09-06 20:29:10:852,0.402,-0.0183,9.6125,-0.0378,0.01,9.8065,-0.0799,-0.0198,0.1249,12.5,-36.25,9.5,82.83,-79.92,-172.48
52.38441,-1.573135,144.99,17.58,4,274.9,17 / 19,4145209,2019-09-06 20:29:10:952,2.5024,0.1344,9.8964,0.0327,0.0512,9.8064,0.0277,-0.0355,0.0916,11.81,-36.69,9.75,85.31,-80.08,-169.33
52.38441,-1.573135,144.99,17.58,4,274.9,17 / 19,4145309,2019-09-06 20:29:11:052,-1.0188,1.5445,10.3663,0.0725,0.0263,9.8063,0.1859,-0.1901,0.0824,11.75,-36.56,9.06,90.58,-80.23,-167.67
52.38441,-1.573135,144.99,17.58,4,274.9,18 / 19,4145409,2019-09-06 20:29:11:152,1.2832,0.406,8.8972,0.009,0.0057,9.8066,0.042,0.0982,-0.0227,10.94,-36.44,9.38,89.73,-80.14,-167.1
52.38441,-1.573135,144.99,17.58,4,274.9,18 / 19,4145510,2019-09-06 20:29:11:253,1.1348,-1.7228,10.0661,-0.0185,0.0243,9.8065,0.0495,-0.0002,0.1874,11.19,-36,8.75,91.74,-79.86,-165.86
52.38441,-1.573135,144.99,17.58,4,274.9,18 / 19,4145610,2019-09-06 20:29:11:353,0.4325,0.9949,10.3365,-0.0171,-0.0056,9.8066,-0.018,-0.0038,-0.038,11.31,-36.87,9.13,91.66,-79.98,-166.4
52.38441,-1.573135,144.99,17.58,4,274.9,18 / 19,4145710,2019-09-06 20:29:11:453,-0.3864,0.3231,10.081,-0.0025,0.0138,9.8066,0.0074,-0.0169,0.0451,10.88,-36.44,9,91.78,-79.96,-165.55
52.38441,-1.573135,144.99,17.58,4,274.9,18 / 19,4145809,2019-09-06 20:29:11:552,0.0487,-0.3416,9.3547,-0.0292,-0.0156,9.8065,-0.1266,-0.1339,-0.0228,11.25,-36.94,9.44,93.23,-79.73,-165.54
52.38441,-1.573135,144.99,17.58,4,274.9,18 / 19,4145910,2019-09-06 20:29:11:653,-1.2455,-1.1899,9.3722,-0.0208,-0.0023,9.8066,0.0426,0.0502,-0.0158,11.44,-36.37,9,91.93,-79.9,-165.56
52.38441,-1.573135,144.99,17.58,4,274.9,18 / 19,4146010,2019-09-06 20:29:11:753,-0.6851,-0.8397,10.3339,-0.0375,-0.0307,9.8065,-0.0051,-0.0138,-0.0411,11.94,-36.5,9.25,92.27,-79.97,-165.93
52.38441,-1.573135,144.99,17.58,4,274.9,18 / 19,4146110,2019-09-06 20:29:11:853,1.2663,1.8948,11.5278,0.0348,-0.0078,9.8065,0.513,0.0035,-0.1467,11.31,-36.12,9.19,89.1,-80.34,-167.16
52.38441,-1.573135,144.99,17.58,4,274.9,18 / 19,4146210,2019-09-06 20:29:11:953,-2.3484,0.4729,9.8225,-0.0197,-0.0304,9.8065,-0.375,0.0289,0.0497,11.38,-36.75,10,84.75,-80.23,-168.32
52.38441,-1.573135,144.99,17.58,4,274.9,18 / 19,4146309,2019-09-06 20:29:12:052,-2.2726,-0.596,9.7016,0.0164,-0.0164,9.8066,-0.29,-0.2287,0.0111,11.44,-36.31,9.13,87.12,-80.14,-169.71
52.38441,-1.573135,144.99,17.58,4,274.9,18 / 19,4146410,2019-09-06 20:29:12:153,2.3235,-0.0419,8.3938,-0.038,-0.0072,9.8066,-0.0151,0.012,0.0326,11.06,-36,8.5,85.87,-80.13,-170.98
52.38441,-1.573135,144.99,17.58,4,274.9,18 / 19,4146509,2019-09-06 20:29:12:252,0.7159,1.1614,10.2295,-0.0493,0.0198,9.8064,-0.0437,0.1128,0.2331,12.13,-35.87,8.75,89.12,-80.27,-168.32
52.38441,-1.573135,144.99,17.58,4,274.9,18 / 19,4146610,2019-09-06 20:29:12:353,1.12,-0.3085,10.4202,-0.0527,-0.025,9.8064,0.0206,-0.1154,-0.1346,11.19,-36.31,8.69,88.46,-80.2,-168.22
52.38441,-1.573135,144.99,17.58,4,274.9,18 / 19,4146710,2019-09-06 20:29:12:453,-0.9612,0.9511,9.9274,0.0005,0.0055,9.8066,0.2359,-0.1497,0.0343,11.31,-36.75,8.69,89.17,-80.35,-167.83
52.38441,-1.573135,144.99,17.58,4,274.9,18 / 19,4146809,2019-09-06 20:29:12:552,5.5027,0.1521,9.5972,0.0344,0.0122,9.8066,0.1292,-0.0094,0.0988,11.25,-36.12,8.94,89.04,-80.07,-168.02
52.38441,-1.573135,144.99,17.58,4,274.9,18 / 19,4146910,2019-09-06 20:29:12:653,-0.2995,0.8025,9.7399,0.0311,-0.0123,9.8065,0.0816,-0.087,-0.0836,11.75,-36.12,9.56,85.58,-79.99,-168.61
52.38441,-1.573135,144.99,17.58,4,274.9,18 / 19,4147010,2019-09-06 20:29:12:753,-1.1913,-1.8081,9.5489,-0.0607,-0.0098,9.8064,-0.1457,-0.0642,0.0261,11.75,-36.37,9.19,86.98,-79.85,-171.59
52.38441,-1.573135,144.99,17.58,4,274.9,18 / 19,4147110,2019-09-06 20:29:12:853,-2.0541,-4.0246,9.4128,-0.035,-0.019,9.8065,-0.2786,-0.095,0.0556,11.56,-36.75,9.25,86.53,-80.17,-171.92
52.38441,-1.573135,144.99,17.58,4,274.9,18 / 19,4147209,2019-09-06 20:29:12:952,-1.7828,-0.9288,10.2274,0.0082,0.004,9.8066,0.1156,0.0367,0.0466,12.5,-36.19,9.38,85.24,-80.49,-172.48
52.38441,-1.573135,144.99,17.58,4,274.9,18 / 19,4147310,2019-09-06 20:29:13:053,0.1515,-1.9429,9.2106,-0.0023,-0.022,9.8065,-0.0051,0.153,-0.1285,11.81,-35.69,9.06,83.08,-80.41,-173.88
52.38441,-1.573135,144.99,17.58,4,274.9,17 / 19,4147409,2019-09-06 20:29:13:152,-0.0769,-1.4038,9.5327,0.0198,0.0079,9.8066,0.1289,-0.0598,0.0629,11.69,-36.25,9.19,83.13,-80.29,-174.16
52.38441,-1.573135,144.99,17.58,4,274.9,17 / 19,4147510,2019-09-06 20:29:13:253,0.0986,0.7763,11.1307,-0.0164,0.0072,9.8066,0.1487,-0.0779,0,12.38,-36.06,8.94,82.9,-80.6,-173.53
52.38441,-1.573135,144.99,17.58,4,274.9,17 / 19,4147610,2019-09-06 20:29:13:353,-0.1239,-0.8154,10.4165,0.0068,-0.0023,9.8066,-0.0875,0.019,0.0097,12,-36.44,9.31,82.29,-80.73,-173.77
52.38441,-1.573135,144.99,17.58,4,274.9,17 / 19,4147709,2019-09-06 20:29:13:452,-0.3943,-2.4475,9.6756,0.0265,0.0069,9.8066,-0.1314,0.0479,-0.0231,12.38,-36.12,9.38,82.1,-80.81,-173.74
52.38441,-1.573135,144.99,17.58,4,274.9,17 / 19,4147810,2019-09-06 20:29:13:553,-0.3145,0.6294,10.9948,-0.0053,0.0121,9.8066,0.333,0.0205,0.0518,12.56,-35.75,9.13,84,-80.72,-173.09
52.38441,-1.573135,144.99,17.58,4,274.9,17 / 19,4147910,2019-09-06 20:29:13:653,0.6166,-0.046,10.5279,0.0135,0.0001,9.8066,0.1699,-0.0238,-0.0385,12.06,-35.81,9.69,79.2,-80.66,-172.98
52.38441,-1.573135,144.99,17.58,4,274.9,17 / 19,4148009,2019-09-06 20:29:13:752,0.6039,-0.6625,9.8144,-0.0143,-0.0052,9.8066,-0.0796,-0.0369,0.0369,12.13,-35.87,8.94,83.59,-80.55,-173
52.38441,-1.573135,144.99,17.58,4,274.9,17 / 19,4148110,2019-09-06 20:29:13:853,-0.1551,-0.219,9.2488,0.0215,0.0026,9.8066,-0.0522,-0.0547,-0.0118,11.81,-35.69,9.31,83.09,-80.58,-173.41
52.38441,-1.573135,144.99,17.58,4,274.9,17 / 19,4148210,2019-09-06 20:29:13:953,0.2815,-1.1987,9.1768,-0.024,0.0229,9.8065,0.0177,-0.0061,0.1251,12.25,-37,8.88,85.25,-80.65,-171.8
52.38441,-1.573135,144.99,17.58,4,274.9,17 / 19,4148310,2019-09-06 20:29:14:053,2.1408,-0.1325,9.5311,-0.0356,-0.0309,9.8064,-0.1446,0.0643,-0.1773,11.94,-35.94,8.88,83.79,-80.8,-172.15
52.38441,-1.573135,144.99,17.58,4,274.9,18 / 20,4148409,2019-09-06 20:29:14:152,-1.0318,-0.7113,9.6478,0.0137,0.0003,9.8066,0.0038,0.0092,0.0457,12.06,-36.44,8.81,81.38,-81.07,-173.74
52.38441,-1.573135,144.99,17.58,4,274.9,18 / 20,4148510,2019-09-06 20:29:14:253,0.8649,-0.517,9.359,0.0108,-0.0098,9.8066,-0.0225,0.0755,-0.0516,12.19,-36.37,8.56,79.78,-81.15,-175.04
52.38441,-1.573135,144.99,17.58,4,274.9,18 / 20,4148610,2019-09-06 20:29:14:353,1.6095,-0.1151,10.2724,-0.0189,0.0244,9.8066,0.0491,-0.0072,0.0656,11.75,-36.62,8.81,83.46,-81.05,-172.45
52.38441,-1.573135,144.99,17.58,4,274.9,18 / 20,4148710,2019-09-06 20:29:14:453,1.7594,0.1124,10.5476,-0.0338,0.0103,9.8066,-0.1246,0.0598,0.0301,11.81,-36.25,9.63,80.78,-80.85,-171.02
52.38441,-1.573135,144.99,17.58,4,274.9,18 / 20,4148810,2019-09-06 20:29:14:553,0.326,-0.217,10.799,0.0504,0.0293,9.8064,0.0097,-0.0208,0.1341,11.31,-36.62,9.5,82.9,-80.82,-168.42
52.38441,-1.573135,144.99,17.58,4,274.9,18 / 20,4148910,2019-09-06 20:29:14:653,1.1975,0.5537,9.5293,0.0146,-0.018,9.8066,-0.2596,-0.0783,-0.167,11.25,-36.5,9.13,87.52,-80.51,-168.25
52.38441,-1.573135,144.99,17.58,4,274.9,18 / 20,4149010,2019-09-06 20:29:14:753,-3.4061,-1.0092,9.1888,0.0029,0.0036,9.8066,-0.3596,0.103,0.0475,11.31,-36.37,9.31,86.62,-80.64,-168.76
52.38441,-1.573135,144.99,17.58,4,274.9,18 / 20,4149110,2019-09-06 20:29:14:853,4.3869,0.2787,8.2462,0.0136,0.0116,9.8066,0.0614,0.019,0.2095,11.38,-36.94,9.75,83.75,-80.78,-167.73
52.38441,-1.573135,144.99,17.58,4,274.9,18 / 20,4149210,2019-09-06 20:29:14:953,1.331,-1.5984,8.8031,0.0041,-0.0242,9.8065,0.0331,-0.0052,-0.1429,11.38,-36.25,9.31,84.8,-80.75,-170.23
52.38441,-1.573135,144.99,17.58,4,274.9,18 / 20,4149310,2019-09-06 20:29:15:053,-0.6365,-1.2172,10.9053,0.0063,0.0182,9.8065,-0.0748,0.0084,-0.046,11.5,-36.12,9.38,86.78,-80.66,-169.6
52.38441,-1.573135,144.99,17.58,4,274.9,17 / 19,4149409,2019-09-06 20:29:15:152,-2.566,0.6607,10.8522,-0.047,-0.0178,9.8064,-0.3158,0.1462,0.0502,11.19,-36,9.88,82.62,-80.58,-168.67
52.38441,-1.573135,144.99,17.58,4,274.9,17 / 19,4149510,2019-09-06 20:29:15:253,-2.3076,-1.2973,8.7707,-0.0025,0.0077,9.8066,-0.5343,0.1798,-0.1992,11.31,-36.31,8.69,87.02,-80.81,-167.89
52.38441,-1.573135,144.99,17.58,4,274.9,17 / 19,4149610,2019-09-06 20:29:15:353,0.5273,1.923,10.4604,0.0496,0.022,9.8064,0.5222,-0.0441,0.1751,11.25,-37,8.75,89.56,-80.69,-166.4
52.38441,-1.573135,144.99,17.58,4,274.9,17 / 19,4149710,2019-09-06 20:29:15:453,1.9723,0.38,9.3577,0.0337,-0.0024,9.8065,0.1708,0.0432,-0.1094,11.31,-36.25,9,88.89,-80.88,-165.82
52.38441,-1.573135,144.99,17.58,4,274.9,17 / 19,4149809,2019-09-06 20:29:15:552,1.496,-1.1682,9.8326,0.0007,0.0018,9.8066,0.1444,-0.089,0.0553,10.94,-36.44,8.75,88.62,-80.73,-166.51
52.38441,-1.573135,144.99,17.58,4,274.9,17 / 19,4149910,2019-09-06 20:29:15:653,-0.5344,0.2518,10.0354,0.0185,-0.0094,9.8066,0.0878,-0.027,-0.0497,11.13,-36.75,8.63,89.14,-80.6,-167.1
52.38441,-1.573135,144.99,17.58,4,274.9,17 / 19,4150010,2019-09-06 20:29:15:753,-2.3844,0.6784,10.8043,-0.0019,0.0053,9.8066,-0.1736,0.1234,-0.0072,10.75,-36.81,8.56,88.75,-80.6,-167.5
52.38441,-1.573135,144.99,17.58,4,274.9,17 / 19,4150110,2019-09-06 20:29:15:853,-0.5486,-1.8387,9.9311,0.0133,0.0038,9.8066,-0.1645,0.0558,0.0096,10.94,-36.94,8.75,88.85,-80.67,-167.2
52.38441,-1.573135,144.99,17.58,4,274.9,17 / 19,4150210,2019-09-06 20:29:15:953,1.1395,1.5532,8.3491,0.0066,-0.0102,9.8066,0.0251,0.1389,-0.1413,11.38,-37,9.31,88.14,-80.8,-167.52
52.38441,-1.573135,144.99,17.58,4,274.9,17 / 19,4150309,2019-09-06 20:29:16:052,-0.7455,0.0027,8.9841,-0.0361,0.0006,9.8065,0.1189,0.0105,0.0868,11.56,-36.44,8.5,88.86,-80.71,-167.4
52.384567,-1.575376,148.52,17.23,4,276.24,17 / 20,4150410,2019-09-06 20:29:16:153,-0.7821,0.243,10.126,0.011,-0.0022,9.8066,0.0008,0.0511,0.0146,11.25,-36.81,8.81,88.18,-80.8,-167.48
52.384567,-1.575376,148.52,17.23,4,276.24,17 / 20,4150510,2019-09-06 20:29:16:253,-0.3525,-1.1329,10.3889,0.0077,-0.0105,9.8066,-0.0894,-0.0539,0.0777,11.31,-36.94,9.13,87.3,-80.91,-168.03
52.384567,-1.575376,148.52,17.23,4,276.24,17 / 20,4150609,2019-09-06 20:29:16:352,1.3314,0.4552,10.8329,-0.0513,-0.0047,9.8064,-0.1804,0.0006,-0.1153,11.25,-36.44,8.88,86.61,-80.65,-168.76
52.384567,-1.575376,148.52,17.23,4,276.24,17 / 20,4150710,2019-09-06 20:29:16:453,0.5102,-1.0053,9.9355,0.0155,-0.008,9.8066,0.0662,-0.0272,0.1045,11.75,-36.25,9.5,82.54,-80.82,-169.43
52.384567,-1.575376,148.52,17.23,4,276.24,17 / 20,4150809,2019-09-06 20:29:16:552,0.3349,-0.821,9.8031,0.0119,0.0104,9.8065,0.0603,-0.0225,0.0095,11.44,-36.37,8.94,84.81,-80.88,-169.86
52.384567,-1.575376,148.52,17.23,4,276.24,17 / 20,4150910,2019-09-06 20:29:16:653,-0.7852,1.1927,11.1041,-0.0231,-0.0176,9.8065,0.0369,0.0276,-0.0374,11.44,-36.56,9.06,85.89,-80.99,-169.18
52.384567,-1.575376,148.52,17.23,4,276.24,17 / 20,4151009,2019-09-06 20:29:16:752,-0.9622,-2.5504,9.8208,-0.0348,-0.0056,9.8065,0.0557,0.0208,-0.0446,11.63,-36.31,9.38,85.5,-80.87,-170.31
52.384567,-1.575376,148.52,17.23,4,276.24,17 / 20,4151110,2019-09-06 20:29:16:853,0.0354,-1.1824,9.8019,0.051,0.0093,9.8065,0.0958,-0.0107,0.1363,11.44,-36.37,9.06,84.96,-80.74,-170.12
52.384567,-1.575376,148.52,17.23,4,276.24,17 / 20,4151209,2019-09-06 20:29:16:952,0.6963,-0.2219,11.1365,0.0182,0.0269,9.8065,0.0263,0.0283,-0.1057,11.25,-36.44,9.25,85.66,-80.91,-168.95
52.384567,-1.575376,148.52,17.23,4,276.24,17 / 20,4151310,2019-09-06 20:29:17:053,0.0947,-0.3032,10.6314,0.0981,0.0213,9.806,-0.0991,-0.0423,0.0773,11.13,-36.31,9.38,85.38,-81.16,-168.51
52.384567,-1.575376,148.52,17.23,4,276.24,17 / 19,4151410,2019-09-06 20:29:17:153,-2.0498,-1.2001,9.8829,-0.039,-0.0107,9.8065,-0.2289,-0.0513,-0.0702,11.94,-36.75,9.31,87.36,-81.04,-168.67
52.384567,-1.575376,148.52,17.23,4,276.24,17 / 19,4151509,2019-09-06 20:29:17:252,3.7129,0.6149,11.9487,-0.0198,-0.0209,9.8066,0.5668,-0.0401,0.0445,11.44,-36.25,8.81,85.01,-80.87,-169.67
52.384567,-1.575376,148.52,17.23,4,276.24,17 / 19,4151610,2019-09-06 20:29:17:353,-0.3792,0.7775,9.4199,0.1917,0.0356,9.8047,0.4027,-0.1177,0.0727,11.56,-36.25,9.06,84.36,-81.64,-169.37
52.384567,-1.575376,148.52,17.23,4,276.24,17 / 19,4151710,2019-09-06 20:29:17:453,0.9252,0.1558,9.5656,0.1034,0.0328,9.806,-0.0747,-0.0493,-0.0044,11.44,-36.12,9.06,83.7,-81.5,-169.18
52.384567,-1.575376,148.52,17.23,4,276.24,17 / 19,4151809,2019-09-06 20:29:17:552,0.5514,-1.2995,9.9896,-0.0702,-0.0345,9.8063,-0.025,0.0315,-0.0604,11.88,-35.75,8.81,84.8,-80.91,-170.87
52.384567,-1.575376,148.52,17.23,4,276.24,17 / 19,4151909,2019-09-06 20:29:17:652,-0.5963,0.512,10.1056,-0.0548,-0.0198,9.8064,-0.1313,0.0241,-0.0139,12.25,-35.69,8.75,84.26,-80.77,-171.78
52.384567,-1.575376,148.52,17.23,4,276.24,17 / 19,4152009,2019-09-06 20:29:17:752,-1.1105,-0.9731,9.6587,-0.0085,-0.0078,9.8066,-0.1729,-0.0467,0.0327,11.94,-35.87,8.69,84.02,-80.78,-171.98
52.384567,-1.575376,148.52,17.23,4,276.24,17 / 19,4152109,2019-09-06 20:29:17:852,0.042,0.2379,9.3593,-0.0282,0.0036,9.8065,0.0711,-0.0831,0.0522,12.31,-35.75,9.13,84.54,-80.76,-171.54
52.384567,-1.575376,148.52,17.23,4,276.24,17 / 19,4152210,2019-09-06 20:29:17:953,-0.2887,0.2039,9.449,0.0284,0.0179,9.8065,0.0453,-0.0428,0.0172,11.44,-36.19,9.06,83.63,-81.06,-170.49
52.384567,-1.575376,148.52,17.23,4,276.24,17 / 19,4152310,2019-09-06 20:29:18:053,0.4895,-0.1939,9.589,0.0181,0.0123,9.8066,-0.0071,0.0036,0,11.44,-36.25,8.44,88.59,-81.09,-169.9
52.384567,-1.575376,148.52,17.23,4,276.24,17 / 18,4152409,2019-09-06 20:29:18:152,-0.7246,0.0085,8.343,-0.0184,0.0016,9.8065,-0.1743,-0.0158,0.0282,11.13,-36.12,8.69,84.67,-81.02,-169.6
52.384567,-1.575376,148.52,17.23,4,276.24,17 / 18,4152510,2019-09-06 20:29:18:253,1.825,-0.3931,9.922,-0.1572,-0.0356,9.8052,0.6238,-0.1139,0.0474,11.06,-36.12,8.19,90.67,-80.57,-169.36
52.384567,-1.575376,148.52,17.23,4,276.24,17 / 18,4152610,2019-09-06 20:29:18:353,-0.0511,-0.7329,10.322,0.1292,0.0302,9.8057,0.5256,0.035,0.0522,11.44,-36.87,9.44,85.3,-81.25,-169
52.384567,-1.575376,148.52,17.23,4,276.24,17 / 18,4152710,2019-09-06 20:29:18:453,-0.5932,-0.1376,10.2079,0.0778,0.0233,9.8062,-0.1277,0.0661,-0.0805,11.38,-37.06,8.94,86.22,-80.91,-169.08
52.384567,-1.575376,148.52,17.23,4,276.24,17 / 18,4152810,2019-09-06 20:29:18:553,3.9126,1.097,10.7117,0.0002,0.0084,9.8066,-0.0393,-0.1197,0.0439,11,-36.87,8.81,85.71,-80.96,-169.46
52.384567,-1.575376,148.52,17.23,4,276.24,17 / 18,4152910,2019-09-06 20:29:18:653,-0.1619,4.2474,9.7389,0.2136,0.036,9.8042,-0.5266,0.1583,-0.1917,10.88,-36.87,9.75,81.27,-81.77,-167.38
52.384567,-1.575376,148.52,17.23,4,276.24,17 / 18,4153010,2019-09-06 20:29:18:753,-1.6898,1.1179,11.4387,-0.1784,-0.0777,9.8046,-0.3091,-0.1026,-0.071,11.25,-36.37,9.31,86.71,-81.64,-165.86
52.384567,-1.575376,148.52,17.23,4,276.24,17 / 18,4153110,2019-09-06 20:29:18:853,1.9103,0.8301,10.0703,0.0232,0.0105,9.8065,0.0682,0.0964,0.1414,11.31,-36.87,8.69,86.49,-80.91,-168.83
52.384567,-1.575376,148.52,17.23,4,276.24,17 / 18,4153209,2019-09-06 20:29:18:952,0.3624,0.2664,9.7951,0.0023,0.0116,9.8066,-0.0225,0.0761,-0.0392,11,-36.06,8.75,86.8,-80.84,-168.02
52.384567,-1.575376,148.52,17.23,4,276.24,17 / 18,4153310,2019-09-06 20:29:19:053,0.1798,-0.2549,9.7725,0.0107,0.0034,9.8066,-0.0444,-0.026,-0.0198,11.06,-36.62,8.63,87.39,-80.91,-167.94
52.384567,-1.575376,148.52,17.23,4,276.24,17 / 18,4153409,2019-09-06 20:29:19:152,0.6384,0.737,9.9048,0.0337,0.0033,9.8066,0.0602,-0.053,0.0201,11.19,-36.56,8.5,86.7,-81.13,-167.98
52.384567,-1.575376,148.52,17.23,4,276.24,17 / 18,4153510,2019-09-06 20:29:19:253,1.1744,0.4171,9.3392,0.0363,0.01,9.8065,-0.0254,-0.0048,0.006,11.56,-36.62,8.94,87.67,-81.18,-167.97
52.384567,-1.575376,148.52,17.23,4,276.24,17 / 18,4153609,2019-09-06 20:29:19:352,0.3534,-0.3999,9.124,-0.0031,-0.0075,9.8066,-0.0003,-0.0187,0.0157,11.69,-36.44,9.06,87.46,-81.05,-167.88
52.384567,-1.575376,148.52,17.23,4,276.24,17 / 18,4153709,2019-09-06 20:29:19:452,1.5187,0.9112,9.5727,-0.0205,-0.0029,9.8066,0.1328,0.0454,-0.0485,10.94,-36.31,9.19,86.21,-80.96,-168.26
52.384567,-1.575376,148.52,17.23,4,276.24,17 / 18,4153810,2019-09-06 20:29:19:553,1.371,0.874,9.8734,0.0372,0.0062,9.8065,0.1192,-0.0023,0.0552,11.13,-36.81,9.31,86.26,-81.12,-168.43
52.384567,-1.575376,148.52,17.23,4,276.24,17 / 18,4153910,2019-09-06 20:29:19:653,0.8425,-0.0424,10.1798,-0.0087,-0.0025,9.8066,-0.0396,0.0411,-0.0739,10.81,-36.62,8.63,86.51,-81.04,-168.43
52.384567,-1.575376,148.52,17.23,4,276.24,17 / 18,4154010,2019-09-06 20:29:19:753,0.4657,0.7917,9.736,0.0078,-0.0048,9.8066,0.0206,-0.1224,0.0345,11.69,-36.25,9,86.53,-81.01,-168.91
52.384567,-1.575376,148.52,17.23,4,276.24,17 / 18,4154109,2019-09-06 20:29:19:852,2.8185,-0.0019,9.5977,-0.0206,-0.0071,9.8066,-0.0671,-0.0339,0.0456,11.06,-36.62,9.13,86.33,-80.91,-168.98
52.384567,-1.575376,148.52,17.23,4,276.24,17 / 18,4154209,2019-09-06 20:29:19:952,1.2172,0.1125,9.1449,0.0023,0.011,9.8066,0.057,0.069,-0.0215,11,-36.75,8.75,86.29,-80.97,-168.85
52.384567,-1.575376,148.52,17.23,4,276.24,17 / 18,4154310,2019-09-06 20:29:20:053,0.4952,-0.3468,9.5782,0.0059,-0.0034,9.8066,-0.0226,-0.0463,0.0084,10.88,-37.19,8.44,91.19,-80.98,-168.35
52.384567,-1.575376,148.52,17.23,4,276.24,17 / 18,4154409,2019-09-06 20:29:20:152,0.9762,1.7716,9.2831,-0.0011,-0.0004,9.8066,-0.1103,0.0377,0.0027,11.06,-36.87,8.75,87.59,-80.99,-167.49
52.384567,-1.575376,148.52,17.23,4,276.24,17 / 18,4154510,2019-09-06 20:29:20:253,0.7582,-0.8359,10.1555,0.0251,0.0044,9.8066,0.0166,0.0038,-0.0471,11.25,-36.62,9,86.75,-81.18,-167.78
52.384567,-1.575376,148.52,17.23,4,276.24,17 / 18,4154609,2019-09-06 20:29:20:352,1.2695,0.2212,10.2356,-0.022,-0.0146,9.8066,-0.0013,-0.0148,-0.0466,11.06,-36.31,8.81,86.19,-81.04,-168.04
52.384567,-1.575376,148.52,17.23,4,276.24,17 / 18,4154710,2019-09-06 20:29:20:453,0.9161,0.4474,9.7286,-0.0007,-0.0113,9.8065,0.0023,-0.0024,0.0242,11.44,-36.69,8.94,86.07,-81.08,-168.74
52.384567,-1.575376,148.52,17.23,4,276.24,17 / 18,4154810,2019-09-06 20:29:20:553,1.1293,0.0354,9.7715,-0.0077,0.0017,9.8066,-0.0118,0.0554,0.0197,11.38,-36.56,8.81,85.71,-81.1,-169.03
52.384567,-1.575376,148.52,17.23,4,276.24,17 / 18,4154910,2019-09-06 20:29:20:653,1.5822,0.1026,9.8768,-0.0043,0.0002,9.8066,0.039,-0.0486,-0.0725,11.25,-36.75,8.5,85.75,-81.09,-169.03
52.384567,-1.575376,148.52,17.23,4,276.24,17 / 18,4155009,2019-09-06 20:29:20:752,0.6216,0.9204,9.4751,0.0068,-0.0086,9.8066,-0.0948,-0.085,0.0122,11.38,-36.81,8.88,85.62,-81.19,-168.85
52.384567,-1.575376,148.52,17.23,4,276.24,17 / 18,4155109,2019-09-06 20:29:20:852,-1.1023,-0.651,9.4078,-0.0354,-0.0077,9.8065,0.2375,-0.036,0.04,10.94,-36.75,8.88,85.78,-81.06,-169.09
52.384567,-1.575376,148.52,17.23,4,276.24,17 / 18,4155209,2019-09-06 20:29:20:952,-0.4689,-1.3962,10.0771,0.0239,0.0161,9.8065,0.1839,0.0214,-0.0811,10.94,-36.19,8.88,84.69,-81.4,-168.49
52.384567,-1.575376,148.52,17.23,4,276.24,17 / 18,4155310,2019-09-06 20:29:21:053,0.6817,0.0674,10.5076,0.0389,0.0067,9.8065,-0.1105,-0.0139,0.0051,11.19,-36.69,8.63,85.19,-81.51,-168.35
52.384567,-1.575376,148.52,17.23,4,276.24,17 / 18,4155409,2019-09-06 20:29:21:152,0.43,-0.1139,9.4229,-0.0461,-0.0157,9.8065,-0.0592,-0.013,-0.0171,11.31,-36.5,9.13,84.09,-81.58,-168.59
52.384567,-1.575376,148.52,17.23,4,276.24,17 / 18,4155509,2019-09-06 20:29:21:252,-0.2045,0.36,9.9366,-0.037,-0.0149,9.8065,-0.001,-0.0185,-0.026,11.44,-36.44,8.94,84.27,-81.28,-169.24
52.384567,-1.575376,148.52,17.23,4,276.24,17 / 18,4155610,2019-09-06 20:29:21:353,1.3229,0.3327,9.9881,0.0026,-0.0014,9.8066,0.0017,-0.0778,-0.051,11.44,-36.37,8.69,83.5,-81.38,-169.7
52.384567,-1.575376,148.52,17.23,4,276.24,17 / 18,4155710,2019-09-06 20:29:21:453,1.2265,1.0686,10.4246,-0.0145,-0.0043,9.8066,0.1288,-0.0303,0.0398,11.56,-36.69,8.69,85.19,-81.32,-170.03
52.384567,-1.575376,148.52,17.23,4,276.24,17 / 18,4155810,2019-09-06 20:29:21:553,0.4286,0.0131,10.0736,0.0233,0.0045,9.8066,0.108,-0.032,0.0125,11.44,-36.44,8.38,87.03,-81.39,-170.58
52.384567,-1.575376,148.52,17.23,4,276.24,17 / 18,4155910,2019-09-06 20:29:21:653,-0.2568,-1.1554,10.5042,0.0168,0.0119,9.8066,-0.127,0.0229,0.0282,11.06,-36.37,8.56,83.11,-81.33,-170.23
52.384567,-1.575376,148.52,17.23,4,276.24,17 / 18,4156010,2019-09-06 20:29:21:753,2.0036,0.8298,9.5187,-0.0276,-0.0108,9.8065,-0.1631,-0.0064,0.0786,11.44,-36.31,8.94,82.22,-81.43,-170.79
52.384567,-1.575376,148.52,17.23,4,276.24,17 / 18,4156110,2019-09-06 20:29:21:853,0.394,1.5282,9.537,-0.0167,0.002,9.8066,-0.0212,0.0797,-0.1397,11.5,-36.62,8.38,88.8,-81.37,-170.44
52.384567,-1.575376,148.52,17.23,4,276.24,17 / 18,4156210,2019-09-06 20:29:21:953,-1.9906,0.0403,9.161,-0.0151,-0.0174,9.8066,-0.185,0.1329,0.0949,11.25,-36.44,8.44,87.11,-81.35,-170.6
52.384567,-1.575376,148.52,17.23,4,276.24,17 / 18,4156309,2019-09-06 20:29:22:052,-1.7842,3.3878,11.148,-0.0617,0.0037,9.8064,0.4693,0.0916,-0.2089,11.38,-36.25,8.31,87.43,-81.27,-170.51
52.384567,-1.575376,148.52,17.23,4,276.24,17 / 19,4156409,2019-09-06 20:29:22:152,-0.9574,4.3684,10.0755,0.1777,0.0149,9.805,0.8816,-0.1913,0.2256,11.38,-36.19,8.81,79.25,-82.16,-171.59
52.384567,-1.575376,148.52,17.23,4,276.24,17 / 19,4156510,2019-09-06 20:29:22:253,-1.7839,-2.7599,12.3414,-0.0946,-0.0615,9.806,-0.3933,0.115,-0.0512,12.06,-36.12,8.75,83.37,-81.99,-169.43
52.384567,-1.575376,148.52,17.23,4,276.24,17 / 19,4156609,2019-09-06 20:29:22:352,1.713,4.5046,9.0344,-0.1208,-0.0482,9.8058,-0.168,-0.2567,0.2504,11.25,-36.12,8.63,79.27,-82.24,-171.37
52.384567,-1.575376,148.52,17.23,4,276.24,17 / 19,4156709,2019-09-06 20:29:22:452,0.0104,-0.9542,9.6525,-0.0795,-0.0089,9.8063,0.042,-0.0483,0.0335,11.19,-36.44,8.25,87.47,-81.41,-170.09
52.384567,-1.575376,148.52,17.23,4,276.24,17 / 19,4156810,2019-09-06 20:29:22:553,-0.3061,-1.1729,10.4113,-0.0071,0.0093,9.8066,0.0251,0.0279,0.0471,11.5,-36.94,8.63,84.5,-81.48,-170.27
52.384567,-1.575376,148.52,17.23,4,276.24,17 / 19,4156909,2019-09-06 20:29:22:652,1.6868,0.6413,9.9848,0.0149,0.0031,9.8066,-0.0254,0.0882,0.0157,11.75,-36.5,8.88,84.41,-81.46,-169.8
52.384567,-1.575376,148.52,17.23,4,276.24,17 / 19,4157011,2019-09-06 20:29:22:754,2.657,-0.0256,10.4244,0.0234,0.0131,9.8065,-0.079,-0.1059,-0.0179,11,-36.5,8.94,83.01,-81.64,-169.46
52.384567,-1.575376,148.52,17.23,4,276.24,17 / 19,4157109,2019-09-06 20:29:22:852,2.282,-0.1984,9.7925,0.0661,-0.0093,9.8064,0.4163,-0.0543,0.1101,11.19,-36.31,8.56,82.53,-81.68,-169.82
52.384567,-1.575376,148.52,17.23,4,276.24,17 / 19,4157212,2019-09-06 20:29:22:955,-1.4712,-3.9812,9.3603,0.0747,0.0518,9.8062,0.6175,0.0929,-0.2917,11.06,-36.19,9.19,81.67,-81.45,-171.27
52.384567,-1.575376,148.52,17.23,4,276.24,17 / 19,4157310,2019-09-06 20:29:23:053,-1.0044,-0.6338,10.9346,0.1461,0.0303,9.8054,-0.4667,0.006,-0.0075,11.25,-36.25,8.31,86.53,-82,-169.27
52.384567,-1.575376,148.52,17.23,4,276.24,17 / 19,4157409,2019-09-06 20:29:23:152,0.1662,1.8211,10.4566,-0.0161,0.0017,9.8066,-0.2805,0.2324,-0.1623,11.25,-35.94,8.38,86.72,-81.81,-169.64
52.384567,-1.575376,148.52,17.23,4,276.24,17 / 19,4157510,2019-09-06 20:29:23:253,0.111,0.7874,9.4315,-0.034,-0.033,9.8065,-0.1029,0.0357,0.1515,10.88,-36.06,8.38,87.64,-81.84,-168.64
52.384567,-1.575376,148.52,17.23,4,276.24,17 / 19,4157610,2019-09-06 20:29:23:353,-3.662,-0.8602,9.985,-0.0584,-0.025,9.8064,-0.0487,-0.1443,-0.1012,11.38,-35.62,8.13,86.99,-81.47,-170.38
52.384567,-1.575376,148.52,17.23,4,276.24,17 / 19,4157710,2019-09-06 20:29:23:453,-0.1694,1.2764,9.1131,0.0079,-0.0179,9.8065,-0.1442,0.0001,-0.0725,11.5,-35.94,8.88,82.18,-81.44,-172.02
52.384567,-1.575376,148.52,17.23,4,276.24,17 / 19,4157809,2019-09-06 20:29:23:552,-0.1902,-1.6107,9.7364,-0.0063,-0.0172,9.8066,0.0028,0.0213,0.002,11.94,-35.62,8.69,80.02,-81.58,-173.69
52.384567,-1.575376,148.52,17.23,4,276.24,17 / 19,4157909,2019-09-06 20:29:23:652,0.8397,-0.249,9.7145,0.026,0.0151,9.8065,0.0755,0.0031,-0.0423,11.88,-36,8.75,79.73,-82.01,-172.86
52.384567,-1.575376,148.52,17.23,4,276.24,17 / 19,4158009,2019-09-06 20:29:23:752,-0.231,0.1789,9.5362,0.0295,0.0077,9.8065,0.0432,0.0114,0.0362,12.06,-36.37,8,83.6,-82.17,-172.72
52.384567,-1.575376,148.52,17.23,4,276.24,17 / 19,4158110,2019-09-06 20:29:23:853,0.2649,-1.3648,10.2142,-0.0048,0.0118,9.8066,-0.0948,0.0555,0.0234,11.44,-36.12,8.31,82.89,-82.19,-172.26
52.384567,-1.575376,148.52,17.23,4,276.24,17 / 19,4158209,2019-09-06 20:29:23:952,-2.0752,-1.3242,9.96,0.0176,0.0153,9.8065,-0.0674,0.0418,-0.1178,11.81,-36.06,8.31,84.41,-82.16,-171.95
52.384567,-1.575376,148.52,17.23,4,276.24,17 / 19,4158310,2019-09-06 20:29:24:053,-1.616,-2.4197,10.4605,0.0302,-0.0074,9.8065,0.2299,-0.1384,0.1571,11.31,-36.69,9.06,79.71,-82.05,-172.05
52.384567,-1.575376,148.52,17.23,4,276.24,17 / 19,4158409,2019-09-06 20:29:24:152,2.5668,-1.2643,9.8911,0.0007,-0.0116,9.8066,-0.0126,0.223,-0.0984,11.06,-36.31,8.75,79.46,-81.96,-171.93
52.384567,-1.575376,148.52,17.23,4,276.24,17 / 19,4158510,2019-09-06 20:29:24:253,1.7544,-0.7233,9.9016,-0.0172,0.0042,9.8065,-0.0656,-0.0307,0.1552,11.31,-36.5,8.69,81.83,-81.83,-170.06
52.384567,-1.575376,148.52,17.23,4,276.24,17 / 19,4158609,2019-09-06 20:29:24:352,0.2838,0.0958,9.5556,0.0016,-0.021,9.8066,-0.0733,-0.0462,-0.1027,11.56,-35.94,8.38,85.52,-82,-171.3
52.384567,-1.575376,148.52,17.23,4,276.24,17 / 19,4158710,2019-09-06 20:29:24:453,-0.8676,0.6993,10.3222,0.0036,-0.0011,9.8066,0.0882,-0.0189,-0.0247,11.69,-36.12,8.88,81.14,-81.86,-171.91
52.384567,-1.575376,148.52,17.23,4,276.24,17 / 19,4158809,2019-09-06 20:29:24:552,-0.9355,0.0434,9.6512,0.0026,0.0074,9.8065,0.0567,-0.0693,0.0707,11.94,-36.44,9.13,81.8,-81.76,-171.53
52.384567,-1.575376,148.52,17.23,4,276.24,17 / 19,4158909,2019-09-06 20:29:24:652,1.1335,-0.3282,9.7782,0.0153,0.0086,9.8066,0.0496,-0.0536,0.0279,11.63,-36.25,8.25,85.85,-81.78,-171.59
52.384567,-1.575376,148.52,17.23,4,276.24,17 / 19,4159009,2019-09-06 20:29:24:752,0.049,0.0509,9.3816,-0.0009,0.0043,9.8066,-0.0185,0.0429,0.0125,11.56,-36.75,9.19,82.96,-81.71,-171.13
52.384567,-1.575376,148.52,17.23,4,276.24,17 / 19,4159110,2019-09-06 20:29:24:853,-0.3965,0.0251,10.0496,0.0219,0.0062,9.8066,0.0563,-0.0125,-0.021,11.56,-36.56,8.88,83.19,-81.95,-170.28
52.384567,-1.575376,148.52,17.23,4,276.24,17 / 19,4159209,2019-09-06 20:29:24:952,-1.2442,-0.0039,10.0855,0.0447,0.016,9.8064,0.084,0.027,-0.0333,11.75,-36.69,8.69,82.69,-82.11,-170.33
52.384567,-1.575376,148.52,17.23,4,276.24,17 / 19,4159312,2019-09-06 20:29:25:055,1.0068,-0.1826,9.6354,-0.0344,-0.0211,9.8065,-0.0446,-0.0236,-0.0314,11.63,-36.19,8.5,82.1,-82.21,-170.08
52.38472,-1.577562,151.53,15.94,4,276.59,17 / 19,4159410,2019-09-06 20:29:25:153,0.5504,-0.5988,9.6128,-0.0117,-0.0102,9.8066,0.0359,-0.0318,0.0696,11.25,-36.37,8.81,79.7,-82.24,-170.95
52.38472,-1.577562,151.53,15.94,4,276.59,17 / 19,4159509,2019-09-06 20:29:25:252,-0.8118,0.2143,9.9614,-0.03,-0.0136,9.8065,0.0849,-0.0622,-0.0023,11.44,-36.25,8.25,84.31,-82.11,-171.13
52.38472,-1.577562,151.53,15.94,4,276.59,17 / 19,4159609,2019-09-06 20:29:25:352,-0.9037,-1.1607,10.0887,0.0288,0.0139,9.8065,0.0682,0.0435,-0.0739,11.63,-36.19,8.56,81.75,-82.29,-170.2
52.38472,-1.577562,151.53,15.94,4,276.59,17 / 19,4159709,2019-09-06 20:29:25:452,0.5659,0.0876,9.8982,0.0289,0.0089,9.8066,0.0222,-0.0744,0.015,11.38,-36.25,8.81,80.14,-82.27,-170.45
52.38472,-1.577562,151.53,15.94,4,276.59,17 / 19,4159810,2019-09-06 20:29:25:553,0.9321,0.3936,9.882,-0.0124,-0.0068,9.8065,-0.0202,0.0302,-0.0853,11.44,-36.44,8.19,85.1,-82.26,-169.93
52.38472,-1.577562,151.53,15.94,4,276.59,17 / 19,4159909,2019-09-06 20:29:25:652,-0.8538,-1.5954,9.3499,-0.002,-0.0091,9.8066,-0.0476,-0.0228,0.0561,11.75,-36.62,8.38,85.93,-82.22,-170.88
52.38472,-1.577562,151.53,15.94,4,276.59,17 / 19,4160009,2019-09-06 20:29:25:752,-0.7228,-0.3701,9.8143,-0.0264,-0.0115,9.8066,-0.1042,0.0713,0.0062,11.5,-36.62,9.19,82.07,-82.1,-170.94
52.38472,-1.577562,151.53,15.94,4,276.59,17 / 19,4160109,2019-09-06 20:29:25:852,0.8895,1.586,9.4969,-0.0313,-0.0101,9.8065,0.0659,0.0732,-0.0547,10.56,-36.56,9,80.53,-82.13,-171.04
52.38472,-1.577562,151.53,15.94,4,276.59,17 / 19,4160210,2019-09-06 20:29:25:953,0.112,-0.1487,9.7859,0.0157,0.0061,9.8065,-0.0077,-0.0189,-0.0548,11.25,-36.56,9,81.38,-82.32,-169.69
52.38472,-1.577562,151.53,15.94,4,276.59,17 / 19,4160309,2019-09-06 20:29:26:052,-0.8779,0.0277,8.9926,0.0222,0.0008,9.8065,-0.0403,-0.0588,0.0186,11.06,-36.62,8.63,80.83,-82.42,-169.96
52.38472,-1.577562,151.53,15.94,4,276.59,19 / 20,4160410,2019-09-06 20:29:26:153,0.412,-1.0697,10.7229,0.0308,0.0127,9.8065,0.2426,-0.0417,-0.0006,11.69,-36.25,8.19,85.34,-82.46,-170.23
52.38472,-1.577562,151.53,15.94,4,276.59,19 / 20,4160509,2019-09-06 20:29:26:252,0.3983,0.6698,10.2332,0.0238,0.009,9.8066,0.0789,0.1141,0.036,11.5,-36.56,8.13,85.78,-82.42,-170.46
52.38472,-1.577562,151.53,15.94,4,276.59,19 / 20,4160610,2019-09-06 20:29:26:353,-0.6142,-0.7809,9.9827,0.009,-0.0021,9.8066,-0.2061,-0.0603,0.0404,11.25,-36.62,8.44,85.84,-82.32,-169.62
52.38472,-1.577562,151.53,15.94,4,276.59,19 / 20,4160709,2019-09-06 20:29:26:452,2.843,1.6603,9.8337,-0.0003,-0.0022,9.8066,-0.2231,-0.0395,0.0274,11.5,-36.19,8.38,86.38,-82.43,-169.29
52.38472,-1.577562,151.53,15.94,4,276.59,19 / 20,4160810,2019-09-06 20:29:26:553,1.2987,-0.0194,9.0833,-0.0052,0.0133,9.8066,0.2301,-0.0666,0.0233,10.94,-36.62,7.5,87.12,-82.48,-167.9
52.38472,-1.577562,151.53,15.94,4,276.59,19 / 20,4160910,2019-09-06 20:29:26:653,3.4589,2.6692,10.3372,-0.0092,0.0035,9.8066,0.3493,0.0718,-0.0976,11.5,-36.44,8.19,88.39,-82.47,-167.18
52.38472,-1.577562,151.53,15.94,4,276.59,19 / 20,4161010,2019-09-06 20:29:26:753,0.3951,-1.2471,10.1698,-0.0742,-0.0155,9.8063,-0.0359,-0.0091,0.0437,10.94,-35.94,8,88.07,-82.3,-166.89
52.38472,-1.577562,151.53,15.94,4,276.59,19 / 20,4161110,2019-09-06 20:29:26:853,0.4716,-1.9461,10.5177,0.0172,-0.0247,9.8065,-0.0938,0.0087,-0.185,11.13,-36.81,7.81,86.78,-82.35,-168.62
52.38472,-1.577562,151.53,15.94,4,276.59,19 / 20,4161209,2019-09-06 20:29:26:952,0.3493,-0.258,9.4157,-0.0314,-0.0127,9.8065,-0.0781,-0.0812,0.0421,11.5,-36.5,8,86.19,-82.09,-170.41
52.38472,-1.577562,151.53,15.94,4,276.59,19 / 20,4161309,2019-09-06 20:29:27:052,1.5834,0.7895,9.8467,0.0716,0.0405,9.8063,-0.1117,0.0398,0.0508,11.31,-36.19,8.44,83.96,-82.03,-171.69
52.38472,-1.577562,151.53,15.94,4,276.59,19 / 20,4161410,2019-09-06 20:29:27:153,3.6517,0.7177,9.9953,0.0969,0.0206,9.8061,0.313,0.0267,-0.1047,11.44,-36,7.81,84.44,-81.92,-171.55
52.38472,-1.577562,151.53,15.94,4,276.59,19 / 20,4161509,2019-09-06 20:29:27:252,0.7833,1.6456,8.698,0.067,0.0444,9.8063,0.314,0.0523,0.0706,11.25,-36.5,8.75,80.24,-82.38,-170.07
52.38472,-1.577562,151.53,15.94,4,276.59,19 / 20,4161610,2019-09-06 20:29:27:353,-0.2289,-0.3596,8.517,-0.0165,-0.0085,9.8066,-0.3462,-0.0724,-0.0347,10.75,-36.75,8.75,81.93,-82.14,-169.7
52.38472,-1.577562,151.53,15.94,4,276.59,19 / 20,4161709,2019-09-06 20:29:27:452,-0.7756,-0.3147,9.8282,-0.0086,-0.0195,9.8066,-0.1281,-0.0605,-0.0905,11.19,-36.62,8.25,84.25,-82.61,-170.33
52.38472,-1.577562,151.53,15.94,4,276.59,19 / 20,4161809,2019-09-06 20:29:27:552,1.5142,-0.0758,9.1132,-0.0305,-0.0139,9.8066,0.0601,-0.063,-0.0003,11.69,-36.62,7.38,88.83,-82.72,-170.8
52.38472,-1.577562,151.53,15.94,4,276.59,19 / 20,4161909,2019-09-06 20:29:27:652,-0.3564,-0.6233,9.5706,-0.033,-0.0179,9.8065,-0.1051,-0.0819,0.015,11.44,-36.62,8.13,82.17,-82.81,-171.74
52.38472,-1.577562,151.53,15.94,4,276.59,19 / 20,4162010,2019-09-06 20:29:27:753,0.4293,0.978,11.8606,0.0736,0.0284,9.8063,0.5398,-0.0176,0.0215,12.13,-36.44,8,82.95,-82.6,-172.17
52.38472,-1.577562,151.53,15.94,4,276.59,19 / 20,4162110,2019-09-06 20:29:27:853,0.7836,0.628,10.9196,0.0941,0.0323,9.8061,0.4759,0.0822,-0.0436,11.38,-36.37,8.69,78.48,-82.81,-170.56
52.38472,-1.577562,151.53,15.94,4,276.59,19 / 20,4162210,2019-09-06 20:29:27:953,0.0022,-2.8338,12.0499,0.1021,0.0353,9.806,-0.2728,0.0224,0.0814,11.63,-35.87,9.38,80.1,-82.84,-170.37
52.38472,-1.577562,151.53,15.94,4,276.59,19 / 20,4162310,2019-09-06 20:29:28:053,-1.4244,-0.0728,7.7037,0.1575,0.0641,9.8051,0.3635,-0.0605,0.0658,11.13,-36.5,8.81,81.43,-82.76,-167.9
52.38472,-1.577562,151.53,15.94,4,276.59,18 / 19,4162410,2019-09-06 20:29:28:153,-3.1683,0.5582,10.5158,-0.1902,-0.088,9.8043,-0.5069,0.1354,-0.0885,11.06,-36,8.88,80.89,-81.85,-170.88
52.38472,-1.577562,151.53,15.94,4,276.59,18 / 19,4162510,2019-09-06 20:29:28:253,-1.508,-1.373,10.7418,0.0671,0.0069,9.8064,-0.3143,0.0121,0.1038,11.31,-36.5,8.44,86.41,-81.98,-169.44
52.38472,-1.577562,151.53,15.94,4,276.59,18 / 19,4162609,2019-09-06 20:29:28:352,0.5037,-0.0386,8.7767,0.014,-0.0119,9.8066,0.0972,-0.0648,-0.0612,11.25,-36.37,8.56,80.26,-82.24,-170.43
52.38472,-1.577562,151.53,15.94,4,276.59,18 / 19,4162709,2019-09-06 20:29:28:452,0.4951,0.3465,9.4532,-0.0194,-0.0164,9.8066,-0.0018,-0.004,-0.0531,11.38,-36.56,8.5,79.06,-82.28,-172.01
52.38472,-1.577562,151.53,15.94,4,276.59,18 / 19,4162810,2019-09-06 20:29:28:553,0.0558,-0.0889,10.2446,0.0351,0.0099,9.8065,0.041,0.0623,0.002,11.13,-36.44,9,77.49,-82.49,-172.34
52.38472,-1.577562,151.53,15.94,4,276.59,18 / 19,4162909,2019-09-06 20:29:28:652,-0.7875,-0.2882,10.2296,0.0404,0.0201,9.8065,0.0604,0.0521,0.0308,11.63,-36.25,8.25,83.27,-82.52,-172.1
52.38472,-1.577562,151.53,15.94,4,276.59,18 / 19,4163009,2019-09-06 20:29:28:752,-1.3491,-0.7604,9.6552,-0.0256,-0.0075,9.8066,-0.1267,-0.0137,0.0332,11.5,-36.69,8.31,84.41,-82.3,-172.14
52.38472,-1.577562,151.53,15.94,4,276.59,18 / 19,4163110,2019-09-06 20:29:28:853,0.7691,0.2225,8.4233,-0.0243,-0.0187,9.8065,-0.2667,-0.0889,-0.0227,11.19,-37,7.94,82.95,-82.27,-172.59
52.38472,-1.577562,151.53,15.94,4,276.59,18 / 19,4163210,2019-09-06 20:29:28:953,-1.3158,-0.754,10.5186,0.0755,0.0205,9.8062,0.1758,-0.0397,-0.0333,11.13,-36.06,7.81,82.51,-82.11,-172.85
52.38472,-1.577562,151.53,15.94,4,276.59,18 / 19,4163309,2019-09-06 20:29:29:052,0.6288,-0.4741,9.55,0.0309,0.0058,9.8066,0.1007,0.0026,0.0104,11.56,-36.19,8.25,82.29,-82.49,-173.12
52.38472,-1.577562,151.53,15.94,4,276.59,17 / 19,4163410,2019-09-06 20:29:29:153,-1.3153,-3.5034,9.6394,0.0161,-0.0044,9.8066,-0.1839,-0.1617,0.1149,11.19,-36.12,8.31,80.75,-82.44,-173.58
52.38472,-1.577562,151.53,15.94,4,276.59,17 / 19,4163509,2019-09-06 20:29:29:252,-0.6646,0.7929,11.8637,0.0342,-0.0102,9.8065,0.3359,0.127,-0.1377,12.06,-36.44,8.56,75.55,-82.66,-175.11
52.38472,-1.577562,151.53,15.94,4,276.59,17 / 19,4163609,2019-09-06 20:29:29:352,2.2103,-0.0615,8.9814,-0.0817,-0.0279,9.8063,-0.1867,-0.0027,0.0697,11.69,-36.12,7.94,78.44,-82.55,-176.6
52.38472,-1.577562,151.53,15.94,4,276.59,17 / 19,4163709,2019-09-06 20:29:29:452,-0.5976,0.0727,9.7022,-0.031,-0.0344,9.8065,-0.0571,0.0507,0.0006,12.19,-36.69,8.13,76.89,-82.58,-178.51
52.38472,-1.577562,151.53,15.94,4,276.59,17 / 19,4163810,2019-09-06 20:29:29:553,-0.446,-2.096,9.3691,0.0009,-0.003,9.8065,0.2397,-0.0297,-0.0017,12,-36.37,8.81,71.72,-82.5,-179
52.38472,-1.577562,151.53,15.94,4,276.59,17 / 19,4163909,2019-09-06 20:29:29:652,-0.4585,-0.0567,9.5433,0.0364,0.0186,9.8065,0.2016,0.0194,0.0373,11.44,-36.19,8.81,70.34,-82.63,-178.47
52.38472,-1.577562,151.53,15.94,4,276.59,17 / 19,4164010,2019-09-06 20:29:29:753,-1.4794,-0.8709,10.0303,-0.0117,-0.0172,9.8066,-0.2526,-0.0715,-0.004,12.5,-36,8.25,77.1,-82.59,-178.8
52.38472,-1.577562,151.53,15.94,4,276.59,17 / 19,4164109,2019-09-06 20:29:29:852,-1.945,0.2494,10.2546,-0.017,-0.0207,9.8066,-0.1627,-0.0426,-0.0239,12.81,-35.81,8.13,75.31,-82.71,179.84
52.38472,-1.577562,151.53,15.94,4,276.59,17 / 19,4164210,2019-09-06 20:29:29:953,-1.2155,0.1538,10.1741,0.0088,-0.0148,9.8065,0.1415,-0.0636,0.0266,12.63,-36.37,8.44,73.35,-82.7,178
52.38472,-1.577562,151.53,15.94,4,276.59,17 / 19,4164309,2019-09-06 20:29:30:052,0.8899,-0.3115,8.8218,-0.0032,-0.0236,9.8066,-0.0254,-0.0044,-0.1004,12.31,-35.5,8.25,70.68,-82.57,176.86
52.38472,-1.577562,151.53,15.94,4,276.59,18 / 20,4164410,2019-09-06 20:29:30:153,-2.3095,-0.1396,10.2922,0.0535,0.0181,9.8064,0.0796,-0.0912,-0.0329,12.69,-36.5,8.13,70.58,-82.56,175.16
52.38472,-1.577562,151.53,15.94,4,276.59,18 / 20,4164510,2019-09-06 20:29:30:253,-3.297,-1.2562,10.9865,0.0785,-0.0046,9.8063,0.1338,0.0274,0.0003,12.94,-35.81,8.13,66.51,-83.1,172.82
52.38472,-1.577562,151.53,15.94,4,276.59,18 / 20,4164609,2019-09-06 20:29:30:352,3.2238,1.4784,10.1306,0.038,-0.0116,9.8065,0.118,0.1182,-0.0963,12.69,-35.56,9.06,59.91,-83.05,170.56
52.38472,-1.577562,151.53,15.94,4,276.59,18 / 20,4164710,2019-09-06 20:29:30:453,-7.0594,-1.1484,9.6099,-0.0912,-0.0248,9.8061,-0.2205,0.1292,-0.1159,13.06,-35.75,8.44,62.26,-83.33,169.59
52.38472,-1.577562,151.53,15.94,4,276.59,18 / 20,4164810,2019-09-06 20:29:30:553,-1.5212,1.4745,10.9453,-0.1138,-0.0339,9.8059,-0.1519,-0.1731,0.2024,13,-36.12,6.94,69.84,-82.91,171.47
52.38472,-1.577562,151.53,15.94,4,276.59,18 / 20,4164911,2019-09-06 20:29:30:654,1.1801,-1.3677,9.4126,-0.0897,-0.0726,9.8059,-0.3734,0.09,-0.2523,12.75,-36.12,7.25,67.85,-83.05,170.03
52.38472,-1.577562,151.53,15.94,4,276.59,18 / 20,4165009,2019-09-06 20:29:30:752,0.4442,0.7736,8.7395,0.0269,0.0393,9.8065,0.2588,0.0894,0.1317,12.75,-35.37,7.88,63.02,-83.11,170.17
52.38472,-1.577562,151.53,15.94,4,276.59,18 / 20,4165110,2019-09-06 20:29:30:853,-0.5037,-0.4486,10.246,-0.0066,-0.0087,9.8066,0.0705,0.0568,-0.104,12.75,-35.5,8.13,64.07,-83.22,171.35
52.38472,-1.577562,151.53,15.94,4,276.59,18 / 20,4165210,2019-09-06 20:29:30:953,-0.1349,-0.1352,10.7222,0.062,0.0264,9.8064,0.1137,-0.0049,0.0513,13.13,-35.19,8.25,60.86,-83.61,169.37
52.38472,-1.577562,151.53,15.94,4,276.59,18 / 20,4165309,2019-09-06 20:29:31:052,-1.2954,-1.4135,9.3419,-0.0417,-0.0299,9.8065,0.0435,0.0839,0.0327,13.31,-35.44,7.81,60.48,-83.7,169.24
52.38472,-1.577562,151.53,15.94,4,276.59,18 / 20,4165410,2019-09-06 20:29:31:153,-1.2302,-0.308,8.7584,-0.0011,-0.0109,9.8066,-0.1347,0.0055,-0.0095,13.5,-35.44,7.31,65.05,-83.48,168.1
52.38472,-1.577562,151.53,15.94,4,276.59,18 / 20,4165509,2019-09-06 20:29:31:252,1.3944,-0.6358,10.4928,0.018,0.0002,9.8066,-0.1064,0.0829,-0.0974,12.88,-35.56,7.56,59.41,-83.45,167.38
52.38472,-1.577562,151.53,15.94,4,276.59,18 / 20,4165611,2019-09-06 20:29:31:354,0.4656,1.6865,9.2608,-0.0117,-0.0032,9.8066,-0.2064,-0.055,-0.0398,13.19,-34.87,7.44,63.74,-83.4,167.66
52.38472,-1.577562,151.53,15.94,4,276.59,18 / 20,4165710,2019-09-06 20:29:31:453,1.1344,1.1547,9.594,-0.0138,-0.0052,9.8066,-0.1713,-0.0242,-0.0021,12.88,-35.37,7.19,62.38,-83.37,166.42
52.38472,-1.577562,151.53,15.94,4,276.59,18 / 20,4165810,2019-09-06 20:29:31:553,1.281,-0.2046,9.5113,0.0258,0.0197,9.8066,0.1411,-0.0504,0.0615,12.88,-35.56,7.94,58.23,-83.67,166.85
52.38472,-1.577562,151.53,15.94,4,276.59,18 / 20,4165909,2019-09-06 20:29:31:652,0.4746,-0.0363,9.2583,0.0334,-0.0115,9.8065,0.0278,-0.0415,-0.0604,13.44,-35.25,7.38,59.5,-83.74,164.72
52.38472,-1.577562,151.53,15.94,4,276.59,18 / 20,4166010,2019-09-06 20:29:31:753,-0.6837,-0.5193,10.5077,0.0302,0.0161,9.8066,0.1883,-0.0158,0.0448,13.63,-35.44,7.5,56.69,-83.86,165.05
52.38472,-1.577562,151.53,15.94,4,276.59,18 / 20,4166110,2019-09-06 20:29:31:853,-0.0985,-0.1198,10.4705,0.0352,0.0202,9.8066,0.0668,-0.0487,0.039,13.56,-36.12,7.5,58.56,-83.76,166.15
52.38472,-1.577562,151.53,15.94,4,276.59,18 / 20,4166210,2019-09-06 20:29:31:953,-0.3404,0.0181,9.9296,0.0003,0.009,9.8066,-0.1009,-0.0172,0.0429,12.5,-35.75,7.25,64.39,-83.69,168.5
52.38472,-1.577562,151.53,15.94,4,276.59,18 / 20,4166310,2019-09-06 20:29:32:053,0.1206,0.8298,9.4958,0.0262,-0.0026,9.8066,-0.1824,-0.0262,0.003,13.5,-36.12,7.69,62.2,-83.73,169.28
52.38472,-1.577562,151.53,15.94,4,276.59,17 / 19,4166409,2019-09-06 20:29:32:152,-0.2604,-0.2588,8.8422,0.0063,-0.0213,9.8065,0.0693,-0.0394,-0.0695,13.31,-36,7.31,61.56,-83.77,166.21
52.38472,-1.577562,151.53,15.94,4,276.59,17 / 19,4166510,2019-09-06 20:29:32:253,0.869,-0.3819,9.0113,0.0196,-0.0089,9.8065,0.124,-0.0779,-0.0035,13.44,-35.69,7.25,59.15,-83.79,164.15
52.38472,-1.577562,151.53,15.94,4,276.59,17 / 19,4166610,2019-09-06 20:29:32:353,0.0786,-0.1897,8.9901,0.0303,0.013,9.8066,-0.1275,-0.1029,0.0559,13.63,-35.31,6.56,56.69,-84.16,162.11
52.38472,-1.577562,151.53,15.94,4,276.59,17 / 19,4166710,2019-09-06 20:29:32:453,0.9186,0.3995,9.6144,0.018,0.0027,9.8065,0.0064,-0.0024,0.0254,13,-36.12,6.81,54.84,-84.33,161.61
52.38472,-1.577562,151.53,15.94,4,276.59,17 / 19,4166809,2019-09-06 20:29:32:552,-0.612,0.0256,10.5965,-0.0409,-0.008,9.8065,-0.0071,-0.0446,-0.026,12.94,-35.62,6.75,55.83,-84.36,162.53
52.38472,-1.577562,151.53,15.94,4,276.59,17 / 19,4166910,2019-09-06 20:29:32:653,-0.2507,0.0032,10.2509,0.0078,0.0185,9.8066,-0.1028,-0.0214,0.0619,13.38,-36.06,6.5,59.27,-83.87,164.44
52.38472,-1.577562,151.53,15.94,4,276.59,17 / 19,4167009,2019-09-06 20:29:32:752,-0.4579,-0.4435,10.101,-0.0095,-0.0031,9.8066,-0.0299,-0.0472,-0.0188,13.13,-35.75,6.69,61.31,-83.8,166.05
52.38472,-1.577562,151.53,15.94,4,276.59,17 / 19,4167109,2019-09-06 20:29:32:852,1.4347,1.4271,10.1518,-0.0123,-0.0148,9.8066,0.0722,-0.0503,-0.0251,13.13,-35.44,6.5,58.46,-83.9,164.17
52.38472,-1.577562,151.53,15.94,4,276.59,17 / 19,4167210,2019-09-06 20:29:32:953,0.6019,-0.7306,9.7929,-0.0015,0.0028,9.8066,-0.1219,0.0006,0.0229,12.94,-35.69,6.94,58.05,-84.06,163.81
52.38472,-1.577562,151.53,15.94,4,276.59,17 / 19,4167310,2019-09-06 20:29:33:053,-0.6359,0.257,8.6393,-0.0035,0.0171,9.8066,0.0732,-0.0045,0.1126,12.44,-36,6.69,57.7,-84.12,164.81
52.38472,-1.577562,151.53,15.94,4,276.59,17 / 19,4167409,2019-09-06 20:29:33:152,0.8124,-0.349,8.7997,-0.0493,0.0076,9.8064,0.0512,-0.1263,0.0268,12.75,-36.19,7,64.89,-83.82,169.25
52.38472,-1.577562,151.53,15.94,4,276.59,17 / 19,4167510,2019-09-06 20:29:33:253,-1.1994,0.8141,10.2565,-0.058,-0.0037,9.8065,-0.011,-0.023,-0.0026,13.19,-36.5,7.06,66.36,-83.88,170.69
52.38472,-1.577562,151.53,15.94,4,276.59,17 / 19,4167609,2019-09-06 20:29:33:352,0.1273,0.9901,10.3576,-0.0078,0.0106,9.8066,0.03,-0.0635,0.0407,12.5,-35.87,7.06,67.29,-83.89,171.56
52.38472,-1.577562,151.53,15.94,4,276.59,17 / 19,4167710,2019-09-06 20:29:33:453,-1.7272,1.9006,10.3094,-0.0413,0.0028,9.8065,0.1439,-0.1281,0.0293,12.13,-36.19,7.38,66.78,-84.06,172.58
52.38472,-1.577562,151.53,15.94,4,276.59,17 / 19,4167809,2019-09-06 20:29:33:552,-0.1104,-0.6858,9.4014,-0.0247,-0.0113,9.8066,-0.2239,-0.0856,0.0777,12.38,-36.12,6.56,67.1,-84.02,172.77
52.38472,-1.577562,151.53,15.94,4,276.59,17 / 19,4167910,2019-09-06 20:29:33:653,0.0317,1.6804,8.9786,-0.0353,0.0004,9.8065,-0.1557,-0.0932,0.0065,12.81,-35.87,6.19,73.19,-84.1,173.48
52.38472,-1.577562,151.53,15.94,4,276.59,17 / 19,4168010,2019-09-06 20:29:33:753,0.2762,0.2713,9.6035,0.0045,0.0089,9.8066,0.1084,-0.1832,0.077,12.56,-36.5,6,71.89,-84.32,172.83
52.38472,-1.577562,151.53,15.94,4,276.59,17 / 19,4168110,2019-09-06 20:29:33:853,0.7061,1.8596,10.4503,0.0107,-0.0155,9.8065,0.1885,-0.1458,0.0077,12.5,-35.69,5.44,75.89,-84.24,172.21
52.38472,-1.577562,151.53,15.94,4,276.59,17 / 19,4168209,2019-09-06 20:29:33:952,0.2356,-1.2694,9.6833,-0.0321,-0.0076,9.8065,-0.1337,-0.0912,-0.0391,13,-36.06,5.69,69.73,-84.09,170.29
52.38472,-1.577562,151.53,15.94,4,276.59,17 / 19,4168310,2019-09-06 20:29:34:053,-0.4735,0.4154,10.1432,-0.0521,-0.0038,9.8065,-0.098,-0.134,-0.0043,13.38,-35.81,5.56,70.24,-83.8,170.02
52.384865,-1.579745,153.8,17.23,4,278.92,16 / 19,4168409,2019-09-06 20:29:34:152,0.9353,1.7962,10.2027,0.0397,0.0116,9.8065,0.1077,-0.05,0.0247,12.63,-35.69,5.5,69.9,-84.02,170.27
52.384865,-1.579745,153.8,17.23,4,278.92,16 / 19,4168509,2019-09-06 20:29:34:252,1.6476,1.629,9.9973,-0.0039,0.0042,9.8066,0.1561,-0.0355,0.0724,12.38,-36.06,5.38,74.4,-83.94,170.5
52.384865,-1.579745,153.8,17.23,4,278.92,16 / 19,4168610,2019-09-06 20:29:34:353,-1.9239,-0.5679,10.233,0.0324,0.0076,9.8065,-0.043,-0.1292,0.0185,12.5,-35.81,6.38,73.31,-83.75,172.71
52.384865,-1.579745,153.8,17.23,4,278.92,16 / 19,4168709,2019-09-06 20:29:34:452,-1.2153,1.323,9.1663,-0.0398,-0.0046,9.8065,0.008,-0.1478,0.0156,11.75,-36.31,5.81,73.81,-83.87,174.23
52.384865,-1.579745,153.8,17.23,4,278.92,16 / 19,4168810,2019-09-06 20:29:34:553,-0.2196,0.6038,9.7173,-0.0465,-0.0112,9.8064,0.0328,-0.0799,0.0381,11.63,-36.06,5.31,78.91,-83.63,173.82
52.384865,-1.579745,153.8,17.23,4,278.92,16 / 19,4168910,2019-09-06 20:29:34:653,0.0939,0.3304,9.2458,0.0061,-0.0091,9.8066,-0.1052,0.0105,-0.0107,12.38,-36.69,5.56,73.67,-83.8,173.45
52.384865,-1.579745,153.8,17.23,4,278.92,16 / 19,4169009,2019-09-06 20:29:34:752,-0.5353,-0.013,9.2572,0.0147,0.004,9.8066,0.0437,-0.016,0.031,12.69,-36,4.69,77.88,-83.85,173.05
52.384865,-1.579745,153.8,17.23,4,278.92,16 / 19,4169109,2019-09-06 20:29:34:852,-1.1603,1.2414,9.5212,-0.018,-0.0196,9.8065,-0.0746,-0.0369,0.0684,12.94,-36,5.38,77.11,-83.55,171.52
52.384865,-1.579745,153.8,17.23,4,278.92,16 / 19,4169210,2019-09-06 20:29:34:953,0.2573,3.2284,10.1101,0.0104,0.0077,9.8066,-0.0986,-0.0347,-0.0983,13.13,-36.62,4.81,77.5,-83.46,171.16
52.384865,-1.579745,153.8,17.23,4,278.92,16 / 19,4169310,2019-09-06 20:29:35:053,1.4683,1.4152,9.7472,-0.0078,0.03,9.8065,-0.0375,-0.0799,0.0436,12.56,-36.37,4.63,75.34,-83.71,170.31
52.384865,-1.579745,153.8,17.23,4,278.92,18 / 19,4169409,2019-09-06 20:29:35:152,-0.6431,1.6643,10.0917,0.0163,0.009,9.8065,0.0643,0.0299,-0.0234,12.81,-36.75,4.88,78.91,-83.81,173.45
52.384865,-1.579745,153.8,17.23,4,278.92,18 / 19,4169510,2019-09-06 20:29:35:253,-1.7373,0.9037,10.0288,-0.0048,0.0076,9.8066,-0.023,-0.0575,-0.0175,12.69,-36.25,5.25,78.65,-83.7,173.39
52.384865,-1.579745,153.8,17.23,4,278.92,18 / 19,4169609,2019-09-06 20:29:35:352,-0.5508,1.7939,11.5351,0.0961,-0.0042,9.8061,0.6721,-0.1858,0.0999,12.19,-36.12,4.81,76.78,-83.95,172.74
52.384865,-1.579745,153.8,17.23,4,278.92,18 / 19,4169709,2019-09-06 20:29:35:452,-1.0576,-0.0728,10.5179,0.1192,0.026,9.8058,0.4527,0.0895,-0.0482,11.88,-36.56,4.5,81.38,-83.84,176.28
52.384865,-1.579745,153.8,17.23,4,278.92,18 / 19,4169809,2019-09-06 20:29:35:552,-0.587,-1.004,10.6948,-0.0744,0.0141,9.8063,-0.2899,-0.0969,0.2176,12.06,-36.31,5.25,83.27,-83.81,178.51
52.384865,-1.579745,153.8,17.23,4,278.92,18 / 19,4169910,2019-09-06 20:29:35:653,0.0309,3.4876,9.8982,-0.0332,0.015,9.8065,-0.0946,-0.1343,0.1007,11.19,-36.31,5.19,88.19,-83.39,-177.57
52.384865,-1.579745,153.8,17.23,4,278.92,18 / 19,4170009,2019-09-06 20:29:35:752,-1.0275,1.1128,9.8991,-0.0399,-0.0227,9.8065,-0.0928,-0.0064,-0.0694,11.38,-36.5,4.63,85.65,-83.22,179.4
52.384865,-1.579745,153.8,17.23,4,278.92,18 / 19,4170109,2019-09-06 20:29:35:852,1.7805,0.3983,9.4625,-0.0425,-0.0233,9.8065,-0.1386,-0.0518,-0.0641,12.25,-36.31,3.75,88.83,-83.16,177.31
52.384865,-1.579745,153.8,17.23,4,278.92,18 / 19,4170210,2019-09-06 20:29:35:953,-1.5836,-0.3982,9.0164,0.0356,-0.0123,9.8065,-0.0302,-0.065,0.065,12.25,-35.44,4.25,83.83,-83.42,173.73
52.384865,-1.579745,153.8,17.23,4,278.92,18 / 19,4170314,2019-09-06 20:29:36:057,-0.6364,0.012,9.2313,0.0124,-0.0121,9.8066,-0.0866,-0.0746,-0.036,12.44,-36,4.13,83.36,-83.39,172.63
52.384865,-1.579745,153.8,17.23,4,278.92,18 / 19,4170409,2019-09-06 20:29:36:152,-0.3425,-0.0632,8.719,0.034,0.0035,9.8066,0.1173,-0.077,-0.0018,12.25,-35.81,4.13,82.66,-83.35,171.83
52.384865,-1.579745,153.8,17.23,4,278.92,18 / 19,4170509,2019-09-06 20:29:36:252,0.1715,1.0071,10.4398,0.0013,0.0149,9.8066,0.0355,-0.0416,-0.005,11.81,-36.69,4.19,83.85,-83.47,172.8
52.384865,-1.579745,153.8,17.23,4,278.92,18 / 19,4170609,2019-09-06 20:29:36:352,-0.1902,0.4247,11.2651,-0.0144,0.0071,9.8066,0.0201,-0.0922,0.0492,12.31,-36.31,3.63,84.87,-83.35,173.99
52.384865,-1.579745,153.8,17.23,4,278.92,18 / 19,4170709,2019-09-06 20:29:36:452,-0.8766,1.2522,9.6406,0.0428,-0.0153,9.8064,0.0284,0.035,-0.0191,11.81,-36.06,4.13,83.8,-83.36,172.96
52.384865,-1.579745,153.8,17.23,4,278.92,18 / 19,4170809,2019-09-06 20:29:36:552,1.4876,0.3546,9.5064,-0.0327,0.0098,9.8065,-0.0377,-0.075,0.0722,12,-36.06,3.63,86.48,-83.19,175.05
52.384865,-1.579745,153.8,17.23,4,278.92,18 / 19,4170910,2019-09-06 20:29:36:653,1.2586,0.9389,9.9208,-0.0215,0.0035,9.8065,0.0166,-0.0354,0.0094,12,-35.94,3.25,91.27,-83.41,175.66
52.384865,-1.579745,153.8,17.23,4,278.92,18 / 19,4171010,2019-09-06 20:29:36:753,-0.314,0.8834,10.0364,0.0103,-0.0072,9.8066,0.1465,-0.0339,-0.071,11.44,-35.81,3.75,86.96,-83.36,175.97
52.384865,-1.579745,153.8,17.23,4,278.92,18 / 19,4171110,2019-09-06 20:29:36:853,-0.6634,-0.7636,9.4656,0.0564,-0.0243,9.8064,-0.0029,0.0077,0.0732,12.13,-36.5,3.88,84.42,-83.46,173.88
52.384865,-1.579745,153.8,17.23,4,278.92,18 / 19,4171209,2019-09-06 20:29:36:952,0.2658,-0.1623,9.9787,-0.031,-0.0116,9.8066,0.092,-0.1061,-0.0343,11.81,-35.81,3.25,90.97,-83.13,174.5
52.384865,-1.579745,153.8,17.23,4,278.92,18 / 19,4171309,2019-09-06 20:29:37:052,-0.3175,1.1829,10.64,-0.0373,-0.0048,9.8065,0.1157,0.0099,-0.0693,11.69,-36,3.88,85.52,-83.13,173.94
52.384865,-1.579745,153.8,17.23,4,278.92,18 / 19,4171410,2019-09-06 20:29:37:153,1.3023,1.0037,9.3566,0.0091,0.0157,9.8066,0.0993,-0.0215,0.1621,12.25,-36.75,4,87.93,-83.09,175.59
52.384865,-1.579745,153.8,17.23,4,278.92,18 / 19,4171509,2019-09-06 20:29:37:252,0.4879,-0.5628,9.3563,-0.0161,0.0088,9.8065,0.0155,0.0271,-0.0165,11.81,-36.31,3.94,89.41,-82.94,177.19
52.384865,-1.579745,153.8,17.23,4,278.92,18 / 19,4171610,2019-09-06 20:29:37:353,0.4178,-0.97,9.7104,0.0419,-0.0084,9.8065,0.061,-0.0384,-0.0699,11.69,-36.56,3.63,90.17,-83.07,177.79
52.384865,-1.579745,153.8,17.23,4,278.92,18 / 19,4171709,2019-09-06 20:29:37:452,-0.5707,0.0986,9.9736,0.0246,-0.0094,9.8066,0.2224,-0.006,0.068,12.06,-36.06,4.25,88.17,-83.22,176.81
52.384865,-1.579745,153.8,17.23,4,278.92,18 / 19,4171809,2019-09-06 20:29:37:552,-1.7691,-0.9284,9.5224,-0.0113,0.0023,9.8065,-0.1498,-0.0005,0.0561,12.5,-36.25,3.88,87.47,-82.99,175.58
52.384865,-1.579745,153.8,17.23,4,278.92,18 / 19,4171909,2019-09-06 20:29:37:652,-1.0442,-0.8956,9.0518,-0.0085,0.0126,9.8066,-0.1272,0.0593,0.0449,11.81,-36.06,3.63,89.03,-82.97,176.91
52.384865,-1.579745,153.8,17.23,4,278.92,18 / 19,4172009,2019-09-06 20:29:37:752,0.1646,-0.4195,8.9285,-0.0059,0.005,9.8066,-0.1003,0.0145,-0.009,11.69,-36.5,2.63,94.13,-83.1,177.63
52.384865,-1.579745,153.8,17.23,4,278.92,18 / 19,4172110,2019-09-06 20:29:37:853,1.6159,0.022,9.0925,-0.0304,0.0111,9.8065,-0.0696,-0.0147,0.0246,11.63,-35.94,3.06,94.5,-83.24,178.45
52.384865,-1.579745,153.8,17.23,4,278.92,18 / 19,4172210,2019-09-06 20:29:37:953,0.7338,-0.6516,9.6148,0.0424,0.0006,9.8065,0.0295,0.0349,-0.0161,11,-36.37,3.69,89.81,-83.21,178.31
52.384865,-1.579745,153.8,17.23,4,278.92,18 / 19,4172310,2019-09-06 20:29:38:053,-0.4618,0.0189,10.5598,0.0082,0.0109,9.8066,0.1134,0.0174,0.0439,11,-36.12,3.75,90.55,-83.29,179.33
52.384865,-1.579745,153.8,17.23,4,278.92,17 / 19,4172410,2019-09-06 20:29:38:153,0.2452,-0.7129,9.7943,-0.0291,0.0019,9.8066,-0.0996,-0.0142,0.0378,11.5,-36.19,4.38,92.2,-82.87,179.8
52.384865,-1.579745,153.8,17.23,4,278.92,17 / 19,4172510,2019-09-06 20:29:38:253,0.671,0.0217,9.7837,-0.0625,0.0062,9.8064,-0.0414,-0.0543,0.0114,11.88,-36.37,4.25,93.76,-82.61,-179.37
52.384865,-1.579745,153.8,17.23,4,278.92,17 / 19,4172609,2019-09-06 20:29:38:352,1.051,-1.159,9.3971,0.1214,-0.0028,9.8059,-0.0019,0.0068,0.0463,11.88,-36.37,4.63,86.96,-83.36,-179.21
52.384865,-1.579745,153.8,17.23,4,278.92,17 / 19,4172709,2019-09-06 20:29:38:452,-1.6746,1.2514,9.2002,0.126,0.0143,9.8058,0.0962,-0.0662,0.0559,11.69,-36.31,3.38,97.56,-83.51,-177.52
52.384865,-1.579745,153.8,17.23,4,278.92,17 / 19,4172809,2019-09-06 20:29:38:552,-0.0724,-0.355,10.6039,-0.085,-0.008,9.8062,-0.0768,-0.1086,0.0746,11.38,-36.69,3.94,92.51,-83.67,-178
52.384865,-1.579745,153.8,17.23,4,278.92,17 / 19,4172909,2019-09-06 20:29:38:652,1.6676,-0.0066,9.9663,0.0399,0.0085,9.8065,-0.085,0.0768,0.0373,11.75,-36.37,3.75,95.28,-82.84,-177.08
52.384865,-1.579745,153.8,17.23,4,278.92,17 / 19,4173010,2019-09-06 20:29:38:753,-1.731,0.2534,9.3792,0.0377,0.0244,9.8065,-0.0271,-0.0487,0.0444,10.88,-36.56,4.06,98.99,-82.8,-174.19
52.384865,-1.579745,153.8,17.23,4,278.92,17 / 19,4173109,2019-09-06 20:29:38:852,-0.1153,-0.1074,10.0471,0.011,0.0053,9.8066,-0.0509,-0.0618,0.0008,11.31,-36.44,4,99.35,-82.79,-173.18
52.384865,-1.579745,153.8,17.23,4,278.92,17 / 19,4173209,2019-09-06 20:29:38:952,1.4809,-0.4949,10.0313,0.0229,-0.0117,9.8065,0.127,0.0399,-0.0126,10.94,-36.87,3.81,98.89,-83.04,-173.49
52.384865,-1.579745,153.8,17.23,4,278.92,17 / 19,4173309,2019-09-06 20:29:39:052,-3.354,0.2796,8.6432,0.0661,0.0153,9.8064,0.5782,0.0601,0.0612,11.31,-36.44,3.44,104.09,-83.2,-171.96
52.384865,-1.579745,153.8,17.23,4,278.92,17 / 19,4173409,2019-09-06 20:29:39:152,-3.3741,0.3072,8.713,-0.0958,-0.001,9.8061,-0.5109,-0.0723,-0.0649,10.81,-36.31,4,98.55,-83.33,-172.24
52.384865,-1.579745,153.8,17.23,4,278.92,17 / 19,4173510,2019-09-06 20:29:39:253,-0.1593,-0.4888,8.2467,-0.088,-0.0094,9.8062,-0.3923,0.1253,-0.0006,11.25,-36.25,3.13,103.98,-82.81,-173.38
52.384865,-1.579745,153.8,17.23,4,278.92,17 / 19,4173609,2019-09-06 20:29:39:352,1.9182,-0.575,10.0228,0.063,-0.0031,9.8063,0.3117,0.0328,-0.0228,10.88,-36.5,3.38,105.28,-83.01,-171.26
52.384865,-1.579745,153.8,17.23,4,278.92,17 / 19,4173710,2019-09-06 20:29:39:453,0.3369,-0.3563,10.7591,-0.0224,0.0144,9.8065,0.1029,0.0144,0.0311,10.56,-36.75,4,102.31,-82.63,-171.15
52.384865,-1.579745,153.8,17.23,4,278.92,17 / 19,4173810,2019-09-06 20:29:39:553,0.8436,0.0272,10.1218,-0.0055,0.0118,9.8065,-0.0456,-0.0193,0.0213,10.69,-36.94,4.19,104.42,-82.36,-169.7
52.384865,-1.579745,153.8,17.23,4,278.92,17 / 19,4173910,2019-09-06 20:29:39:653,-0.4756,0.8431,10.6715,0.0014,0.0094,9.8066,0.0103,0.0003,-0.0651,10.5,-36.87,4.06,104.96,-82.48,-168.68
52.384865,-1.579745,153.8,17.23,4,278.92,17 / 19,4174010,2019-09-06 20:29:39:753,-0.7049,0.0107,8.6631,-0.029,-0.0137,9.8066,-0.0459,-0.0321,0.0794,10.56,-37.62,3.63,104.86,-82.7,-168.74
52.384865,-1.579745,153.8,17.23,4,278.92,17 / 19,4174109,2019-09-06 20:29:39:852,0.5315,-0.4639,8.7277,-0.0263,0.0086,9.8066,0.0268,0.021,0.0654,10.56,-36.87,3.88,104.33,-82.6,-169
52.384865,-1.579745,153.8,17.23,4,278.92,17 / 19,4174210,2019-09-06 20:29:39:953,0.8857,-1.2539,8.9475,0.0345,0.02,9.8065,-0.0508,-0.0157,-0.0578,10.44,-36.56,3.75,106.23,-82.82,-166.37
52.384865,-1.579745,153.8,17.23,4,278.92,17 / 19,4174310,2019-09-06 20:29:40:053,0.7787,-0.2673,10.0725,0.0131,-0.0099,9.8066,0.208,0.0109,0.0279,10.44,-36.37,4.13,106.11,-82.69,-166.27
52.384865,-1.579745,153.8,17.23,4,278.92,17 / 19,4174409,2019-09-06 20:29:40:152,-0.4288,-0.1834,9.9031,0.0265,0.0047,9.8066,0.0771,0.0341,0.037,10.69,-36.5,4.13,105.55,-82.75,-166.48
52.384865,-1.579745,153.8,17.23,4,278.92,17 / 19,4174510,2019-09-06 20:29:40:253,0.5986,-0.5466,10.575,-0.001,0.0036,9.8065,-0.0689,0.0665,-0.0228,10.31,-36.56,4.13,106.71,-82.7,-166.26
52.384865,-1.579745,153.8,17.23,4,278.92,17 / 19,4174610,2019-09-06 20:29:40:353,-0.5335,-0.2382,10.9366,-0.0366,0.0026,9.8065,-0.0375,0.0499,0.0557,11.31,-36.19,4.13,104.89,-82.77,-167.17
52.384865,-1.579745,153.8,17.23,4,278.92,17 / 19,4174710,2019-09-06 20:29:40:453,-1.3762,-1.2428,9.3166,-0.0388,0.0036,9.8065,0.1074,-0.0301,0.0504,10.56,-36.31,4.31,105.68,-82.38,-167.53
52.384865,-1.579745,153.8,17.23,4,278.92,17 / 19,4174809,2019-09-06 20:29:40:552,-0.2292,-0.4308,9.4374,0.0833,0.0191,9.8062,0.1086,-0.0484,0.0482,10.38,-36.81,4.75,103.39,-82.6,-164.64
52.384865,-1.579745,153.8,17.23,4,278.92,17 / 19,4174910,2019-09-06 20:29:40:653,-0.0419,-0.4178,10.3823,-0.0079,0.0122,9.8066,-0.0015,-0.0357,0.0225,10.44,-37,4,110.33,-82.52,-162.7
52.384865,-1.579745,153.8,17.23,4,278.92,17 / 19,4175009,2019-09-06 20:29:40:752,0.8504,0.5613,10.2191,-0.011,0.0034,9.8066,-0.0429,-0.0178,0.0811,9.88,-37.25,4.31,111.71,-82.38,-161.55
52.384865,-1.579745,153.8,17.23,4,278.92,17 / 19,4175110,2019-09-06 20:29:40:853,-0.1277,-0.2302,9.9555,-0.003,0.0127,9.8066,0.1003,-0.0229,0.0092,10.19,-37,3.81,112.54,-82.32,-160.75
52.384865,-1.579745,153.8,17.23,4,278.92,17 / 19,4175210,2019-09-06 20:29:40:953,0.7769,0.0126,10.8956,-0.0226,-0.0137,9.8065,-0.1484,0.029,-0.0836,10.63,-37.37,4.06,112.24,-82.23,-161.1
52.384865,-1.579745,153.8,17.23,4,278.92,17 / 19,4175309,2019-09-06 20:29:41:052,-0.5371,-0.3342,9.9999,0.0016,-0.0318,9.8066,0.0355,0.1072,-0.0691,10.63,-37,5,104.91,-82.29,-164.11
52.384865,-1.579745,153.8,17.23,4,278.92,17 / 19,4175410,2019-09-06 20:29:41:153,0.0672,-0.7656,10.7472,-0.0341,-0.0069,9.8065,0.0312,-0.0609,0.0347,10.69,-37.44,4.69,103.74,-82.21,-165.7
52.384865,-1.579745,153.8,17.23,4,278.92,17 / 19,4175510,2019-09-06 20:29:41:253,-0.2072,-1.2995,9.4859,-0.0221,0.008,9.8066,-0.0652,-0.0677,0.0392,10.5,-36.75,4,107.97,-82.42,-165.46
52.384865,-1.579745,153.8,17.23,4,278.92,17 / 19,4175610,2019-09-06 20:29:41:353,0.3615,-0.0867,9.7281,0.0104,0.0002,9.8066,0.0266,-0.0329,0.0006,10.69,-37.06,4.75,104.54,-82.29,-164.54
52.384865,-1.579745,153.8,17.23,4,278.92,17 / 19,4175709,2019-09-06 20:29:41:452,-0.1971,-0.0637,10.0625,0.0032,-0.0099,9.8066,0.0033,0.0003,0.0548,10.19,-37,4.38,109.39,-82.22,-164.89
52.384865,-1.579745,153.8,17.23,4,278.92,17 / 19,4175810,2019-09-06 20:29:41:553,0.4145,-0.6162,10.3992,-0.0113,-0.0017,9.8066,0.0713,0.0057,-0.0555,10.69,-36.87,4.75,104.79,-81.97,-165.31
52.384865,-1.579745,153.8,17.23,4,278.92,17 / 19,4175910,2019-09-06 20:29:41:653,0.3371,-0.1795,10.4162,0.0036,0.001,9.8066,-0.0352,0.0001,-0.0029,10.56,-36.94,5,104.95,-81.84,-165.55
52.384865,-1.579745,153.8,17.23,4,278.92,17 / 19,4176009,2019-09-06 20:29:41:752,-0.9154,-0.4447,9.8875,-0.028,-0.0043,9.8065,-0.1483,-0.0348,0.0135,10.56,-36.69,4.63,104.45,-81.77,-166.33
52.384865,-1.579745,153.8,17.23,4,278.92,17 / 19,4176110,2019-09-06 20:29:41:853,-0.6417,-0.0187,10.3441,0.0017,0.0009,9.8066,0.005,0.0571,0.0004,10.81,-37.37,5,104.02,-82,-166.08
52.384865,-1.579745,153.8,17.23,4,278.92,17 / 19,4176210,2019-09-06 20:29:41:953,-1.3092,-0.2207,10.4143,-0.0615,0.0021,9.8064,0.0981,-0.0105,0.0471,10.5,-36.37,4.44,108.95,-81.72,-165.91
52.384865,-1.579745,153.8,17.23,4,278.92,17 / 19,4176309,2019-09-06 20:29:42:052,-0.4022,-0.9792,9.5995,-0.0334,0.0135,9.8065,-0.0546,0.0261,0.0135,10.63,-36.19,4.5,105.22,-81.64,-165.15
52.384865,-1.579745,153.8,17.23,4,278.92,17 / 18,4176410,2019-09-06 20:29:42:153,1.4686,0.0876,10.4277,-0.0046,0.0129,9.8066,-0.0713,0.0008,0.0086,10.56,-36.81,5.06,105.97,-81.61,-165.15
52.384865,-1.579745,153.8,17.23,4,278.92,17 / 18,4176509,2019-09-06 20:29:42:252,0.0647,0.8305,10.5909,-0.019,-0.0037,9.8066,-0.0013,0.0249,-0.0784,10.31,-37.37,5.25,106.34,-81.63,-164.74
52.384865,-1.579745,153.8,17.23,4,278.92,17 / 18,4176610,2019-09-06 20:29:42:353,1.2605,-0.4869,10.1603,0.0072,-0.0054,9.8066,0.1673,-0.0879,-0.0083,10.25,-36.94,5.44,105.3,-81.73,-165.61
52.384865,-1.579745,153.8,17.23,4,278.92,17 / 18,4176710,2019-09-06 20:29:42:453,-0.7781,-0.7666,9.5049,-0.0088,-0.0103,9.8066,-0.1254,-0.0135,0.054,10.31,-37.06,4.69,105.23,-81.72,-165.73
52.384865,-1.579745,153.8,17.23,4,278.92,17 / 18,4176809,2019-09-06 20:29:42:552,0.5691,0.5195,9.9695,-0.025,0.0023,9.8065,-0.1033,0.0328,0.0561,10.69,-36.62,5.38,105.28,-81.62,-165.9
52.384865,-1.579745,153.8,17.23,4,278.92,17 / 18,4176910,2019-09-06 20:29:42:653,1.2515,0.2607,10.022,-0.0266,0.0022,9.8066,0.025,-0.0445,-0.0091,10.63,-37.06,5.13,105.47,-81.57,-165.84
52.384865,-1.579745,153.8,17.23,4,278.92,17 / 18,4177010,2019-09-06 20:29:42:753,-0.599,-0.2069,10.1437,0.03,-0.0058,9.8066,0.0986,-0.0011,-0.0135,10.56,-37.06,4.88,105.44,-81.55,-165.93
52.384865,-1.579745,153.8,17.23,4,278.92,17 / 18,4177109,2019-09-06 20:29:42:852,0.3549,-3.7343,7.9185,0.0208,-0.0088,9.8065,-0.1506,-0.2011,0.1071,10.38,-36.94,5.06,104.91,-81.71,-166.11
52.384865,-1.579745,153.8,17.23,4,278.92,17 / 18,4177210,2019-09-06 20:29:42:953,1.2578,1.1679,9.8385,0.0006,0.0157,9.8066,-0.1777,-0.0053,-0.0095,10.5,-37.12,4.94,106.43,-81.53,-164.87
52.384865,-1.579745,153.8,17.23,4,278.92,17 / 18,4177310,2019-09-06 20:29:43:053,0.3394,0.584,10.254,-0.0157,0.0232,9.8066,0.0055,-0.0255,0.0938,10.31,-37.37,4.81,107.43,-81.5,-163.94
52.385246,-1.582069,154.41,18.63,4,285.4,17 / 19,4177409,2019-09-06 20:29:43:152,1.3975,-0.1084,10.316,-0.0044,0.0137,9.8066,0.062,-0.051,0.0334,10.5,-37.31,5.19,107.96,-81.39,-163.53
52.385246,-1.582069,154.41,18.63,4,285.4,17 / 19,4177510,2019-09-06 20:29:43:253,-0.5264,-0.2364,10.5509,0.0024,-0.0025,9.8065,0.0105,-0.0505,-0.0596,10.06,-37.12,5.13,108.89,-81.19,-163.32
52.385246,-1.582069,154.41,18.63,4,285.4,17 / 19,4177609,2019-09-06 20:29:43:352,0.4058,-0.3125,9.6264,-0.0074,-0.0296,9.8065,-0.029,0.0184,0.0346,10,-37,5.13,107.73,-81.15,-164.88
52.385246,-1.582069,154.41,18.63,4,285.4,17 / 19,4177709,2019-09-06 20:29:43:452,0.5603,-0.0733,9.4864,0.0209,-0.0057,9.8066,-0.2252,0.0404,-0.0363,10.13,-36.87,4.69,106.59,-81.19,-166.09
52.385246,-1.582069,154.41,18.63,4,285.4,17 / 19,4177810,2019-09-06 20:29:43:553,0.0765,0.4697,8.9029,0.031,-0.0157,9.8065,-0.116,0.0704,-0.0155,9.88,-37,4.94,104.91,-81.55,-166.73
52.385246,-1.582069,154.41,18.63,4,285.4,17 / 19,4177910,2019-09-06 20:29:43:653,0.9707,-1.7864,9.7569,0.0222,0.0034,9.8065,-0.0212,-0.0197,-0.0253,10.5,-36.62,5.06,104.07,-81.77,-166.77
52.385246,-1.582069,154.41,18.63,4,285.4,17 / 19,4178009,2019-09-06 20:29:43:752,0.2282,0.4654,10.7242,0.0064,0.0014,9.8066,0.105,0.0393,0.0342,10.25,-36.94,5.5,99.97,-81.6,-166.41
52.385246,-1.582069,154.41,18.63,4,285.4,17 / 19,4178109,2019-09-06 20:29:43:852,-0.0347,-0.6872,10.3593,-0.0199,0.0109,9.8065,0.0535,0.0677,0.0323,10.63,-36.37,5.44,105.04,-81.22,-166.7
52.385246,-1.582069,154.41,18.63,4,285.4,17 / 19,4178210,2019-09-06 20:29:43:953,-1.1307,0.2836,9.841,0.0012,0.0051,9.8066,-0.1723,0.0707,-0.0188,10.56,-36.37,5.13,105.56,-81.13,-166.42
52.385246,-1.582069,154.41,18.63,4,285.4,17 / 19,4178310,2019-09-06 20:29:44:053,0.3599,0.6332,9.753,0.0101,0.0073,9.8066,-0.1644,-0.0437,0.049,10.31,-36.56,5.06,107.1,-81.16,-165.58
52.385246,-1.582069,154.41,18.63,4,285.4,18 / 19,4178409,2019-09-06 20:29:44:152,1.0009,0.3919,10.2686,-0.0141,0.0044,9.8066,0.0796,0.0172,-0.055,10,-36.56,5.38,107.85,-81.15,-164.72
52.385246,-1.582069,154.41,18.63,4,285.4,18 / 19,4178510,2019-09-06 20:29:44:253,-0.7501,-0.2263,10.1278,0.0118,-0.0146,9.8066,0.2396,0.0631,0.0921,10.38,-37.06,5.81,102.06,-81.04,-166.12
52.385246,-1.582069,154.41,18.63,4,285.4,18 / 19,4178610,2019-09-06 20:29:44:353,-0.4811,-0.2643,9.0397,0.0186,0.0055,9.8066,-0.2456,-0.0042,-0.036,9.94,-37.31,5.63,102.39,-80.93,-166.14
52.385246,-1.582069,154.41,18.63,4,285.4,18 / 19,4178709,2019-09-06 20:29:44:452,1.125,0.051,9.4445,-0.0208,0.0035,9.8066,-0.1799,0.0165,-0.0429,10.5,-37.19,5.31,107.17,-81.13,-165.32
52.385246,-1.582069,154.41,18.63,4,285.4,18 / 19,4178809,2019-09-06 20:29:44:552,1.4184,-0.3083,8.846,-0.0444,-0.0125,9.8065,0.3415,0.0061,-0.0097,10.44,-36.87,5.25,106.88,-81.05,-166.26
52.385246,-1.582069,154.41,18.63,4,285.4,18 / 19,4178910,2019-09-06 20:29:44:653,-0.3472,-0.6563,10.1799,0.0652,0.0113,9.8064,0.1386,-0.0114,0.0336,9.75,-36.62,5.88,101.59,-81.16,-166.22
52.385246,-1.582069,154.41,18.63,4,285.4,18 / 19,4179009,2019-09-06 20:29:44:752,-0.2575,0.215,9.9697,0.0422,0.0108,9.8065,-0.1137,-0.0596,-0.02,10.31,-37.19,5.81,102.41,-80.92,-166.15
52.385246,-1.582069,154.41,18.63,4,285.4,18 / 19,4179110,2019-09-06 20:29:44:853,-0.9358,0.6501,9.5668,-0.0112,-0.0033,9.8066,-0.0582,0.0494,-0.0324,10.19,-37.12,5.63,102.46,-80.89,-166.17
52.385246,-1.582069,154.41,18.63,4,285.4,18 / 19,4179209,2019-09-06 20:29:44:952,1.4781,-0.299,10.1635,0.0012,-0.004,9.8066,0.0464,-0.0534,0.0133,10,-37.37,5.31,106.55,-81.07,-166.58
52.385246,-1.582069,154.41,18.63,4,285.4,18 / 19,4179310,2019-09-06 20:29:45:053,-0.5851,0.1667,10.5561,-0.0101,-0.0079,9.8065,0.1356,-0.0592,-0.0009,10.31,-36.94,6.25,101.54,-81.01,-166.78
52.385246,-1.582069,154.41,18.63,4,285.4,18 / 20,4179409,2019-09-06 20:29:45:152,-0.4864,0.2743,10.2839,-0.0099,0.001,9.8066,0.0352,-0.0169,-0.0324,10.75,-37.19,5.94,101.62,-80.82,-167.48
52.385246,-1.582069,154.41,18.63,4,285.4,18 / 20,4179510,2019-09-06 20:29:45:253,-0.9842,-0.4674,9.9848,0.0308,-0.0019,9.8065,0.1016,0.0172,-0.0113,10.31,-37.19,6.06,101.87,-80.73,-167.46
52.385246,-1.582069,154.41,18.63,4,285.4,18 / 20,4179610,2019-09-06 20:29:45:353,0.2558,-0.3131,9.8542,0.0069,-0.0006,9.8066,-0.1016,-0.04,0.0607,10.19,-36.94,5.31,106.71,-80.83,-167.26
52.385246,-1.582069,154.41,18.63,4,285.4,18 / 20,4179709,2019-09-06 20:29:45:452,0.313,0.6175,10.0026,-0.001,-0.004,9.8066,-0.0023,-0.0683,-0.0136,10.25,-36.94,5.63,101.18,-80.97,-167.34
52.385246,-1.582069,154.41,18.63,4,285.4,18 / 20,4179810,2019-09-06 20:29:45:553,1.177,-0.1503,10.2824,0.0074,-0.0097,9.8065,0.0681,-0.0193,0.0128,10.63,-36.56,5.75,100.66,-80.96,-168.09
52.385246,-1.582069,154.41,18.63,4,285.4,18 / 20,4179910,2019-09-06 20:29:45:653,-1.15,-0.6208,10.4223,-0.0505,0.0071,9.8065,-0.0452,0.0832,-0.0345,10.94,-36.81,6,100.65,-80.8,-168.62
52.385246,-1.582069,154.41,18.63,4,285.4,18 / 20,4180009,2019-09-06 20:29:45:752,-0.055,-0.5962,10.6418,0.0354,-0.0092,9.8065,-0.0034,0.0949,0.0221,10.19,-36.5,6.63,95.07,-80.69,-168.65
52.385246,-1.582069,154.41,18.63,4,285.4,18 / 20,4180110,2019-09-06 20:29:45:853,1.001,2.819,12.2646,-0.0759,-0.0224,9.8063,0.1568,-0.079,-0.0268,10.5,-36.37,6.19,100.23,-80.79,-168.29
52.385246,-1.582069,154.41,18.63,4,285.4,18 / 20,4180210,2019-09-06 20:29:45:953,-1.0215,-0.8496,10.0198,0.0143,-0.0209,9.8066,0.2349,-0.0826,0.0141,10.94,-35.87,6.13,98.58,-80.65,-170.58
52.385246,-1.582069,154.41,18.63,4,285.4,18 / 20,4180310,2019-09-06 20:29:46:053,-1.0833,-2.0005,8.6564,0.0592,-0.012,9.8064,-0.1649,-0.122,0.0404,10.5,-36.44,5.44,101.27,-80.88,-172.1
52.385246,-1.582069,154.41,18.63,4,285.4,17 / 19,4180409,2019-09-06 20:29:46:152,0.0686,0.1664,10.0103,0.0156,-0.0058,9.8066,0.1502,-0.0029,-0.023,10.94,-36.37,5.25,99.53,-81.16,-173.09
52.385246,-1.582069,154.41,18.63,4,285.4,17 / 19,4180510,2019-09-06 20:29:46:253,1.4901,0.9038,10.0427,0.015,0.0035,9.8065,0.1877,0.0021,0.0276,11.06,-36.69,6,95.87,-81.15,-172.67
52.385246,-1.582069,154.41,18.63,4,285.4,17 / 19,4180610,2019-09-06 20:29:46:353,0.7303,-1.0487,10.0257,-0.0464,0.0033,9.8065,-0.0759,-0.0828,0.031,10.5,-36.62,6.31,96.25,-80.69,-173.83
52.385246,-1.582069,154.41,18.63,4,285.4,17 / 19,4180710,2019-09-06 20:29:46:453,0.3235,1.4121,11.1392,-0.0425,0.0086,9.8065,0.0381,-0.0932,0.0464,10.81,-37.12,6.5,93.14,-80.46,-172.78
52.385246,-1.582069,154.41,18.63,4,285.4,17 / 19,4180810,2019-09-06 20:29:46:553,-0.6134,0.4139,10.9993,-0.0623,-0.0057,9.8064,-0.1678,-0.004,0.0823,11.25,-36.94,6.31,98.26,-80.67,-171.71
52.385246,-1.582069,154.41,18.63,4,285.4,17 / 19,4180909,2019-09-06 20:29:46:652,0.7943,1.3152,10.1647,0.0532,-0.0239,9.8064,0.1791,-0.0296,0.0639,10.81,-36.5,6.5,90.92,-80.83,-173.05
52.385246,-1.582069,154.41,18.63,4,285.4,17 / 19,4181009,2019-09-06 20:29:46:752,-0.4808,-1.2842,8.7687,-0.0308,-0.0051,9.8066,-0.231,-0.1596,-0.007,10.94,-36.94,5.75,95.79,-80.96,-173.38
52.385246,-1.582069,154.41,18.63,4,285.4,17 / 19,4181110,2019-09-06 20:29:46:853,1.9442,0.8443,9.053,-0.0975,0.0233,9.8061,-0.0865,-0.002,0.1163,10.25,-37.37,5.94,98.58,-80.61,-171.6
52.385246,-1.582069,154.41,18.63,4,285.4,17 / 19,4181209,2019-09-06 20:29:46:952,0.0198,0.3478,11.598,0.0056,0.0231,9.8065,0.0521,-0.0204,0.081,10.75,-37.31,6.5,96.87,-80.52,-168.63
52.385246,-1.582069,154.41,18.63,4,285.4,17 / 19,4181309,2019-09-06 20:29:47:052,-2.3472,-0.179,10.4866,0.0118,0.0087,9.8065,0.2303,-0.0188,0.0503,10.13,-37.5,6.5,97.21,-80.32,-168.54
52.385246,-1.582069,154.41,18.63,4,285.4,17 / 20,4181409,2019-09-06 20:29:47:152,0.3244,-0.6124,9.27,-0.0505,0.0198,9.8065,-0.2369,-0.0546,0.0774,9.75,-36.94,7,99.64,-79.93,-167.26
52.385246,-1.582069,154.41,18.63,4,285.4,17 / 20,4181510,2019-09-06 20:29:47:253,0.9051,1.1173,8.9755,-0.0289,0.018,9.8066,-0.255,0.0808,-0.0088,9.63,-37.25,6.5,100.47,-80.27,-165.11
52.385246,-1.582069,154.41,18.63,4,285.4,17 / 20,4181609,2019-09-06 20:29:47:352,1.1902,1.9109,8.8876,0.0068,-0.0086,9.8066,0.057,0.1108,-0.058,9.56,-37.25,6.13,106.01,-80.41,-163.79
52.385246,-1.582069,154.41,18.63,4,285.4,17 / 20,4181710,2019-09-06 20:29:47:453,1.1138,-1.2098,9.3177,-0.0342,-0.0203,9.8065,-0.0163,0.0734,-0.1658,10.06,-37.25,6.19,104.77,-80.43,-165.18
52.385246,-1.582069,154.41,18.63,4,285.4,17 / 20,4181810,2019-09-06 20:29:47:553,1.4774,-0.1052,10.3283,0.007,-0.0202,9.8066,0.1399,0.0519,-0.0062,10.5,-36.81,6.25,102.21,-80.53,-167.78
52.385246,-1.582069,154.41,18.63,4,285.4,17 / 20,4181910,2019-09-06 20:29:47:653,-0.0448,0.2574,10.6446,-0.0113,-0.0221,9.8066,0.1167,-0.0125,0.0148,10.63,-36.75,6.63,96.59,-80.27,-169.73
52.385246,-1.582069,154.41,18.63,4,285.4,17 / 20,4182009,2019-09-06 20:29:47:752,-0.1424,0.2032,10.9634,0.0068,0.0192,9.8066,-0.0541,-0.0153,0.0318,10.44,-37,6.81,96.26,-80.21,-169.98
52.385246,-1.582069,154.41,18.63,4,285.4,17 / 20,4182109,2019-09-06 20:29:47:852,0.7974,-0.3848,9.7912,0.0315,0.0069,9.8066,-0.0273,0.0217,0.0327,10.25,-37,6.13,102.02,-80.25,-169.03
52.385246,-1.582069,154.41,18.63,4,285.4,17 / 20,4182209,2019-09-06 20:29:47:952,0.4437,-0.1247,9.2382,0.0094,-0.0016,9.8066,0.056,-0.022,-0.0168,10.38,-36.94,6.25,101.71,-80.34,-169.06
52.385246,-1.582069,154.41,18.63,4,285.4,17 / 20,4182309,2019-09-06 20:29:48:052,1.6001,0.9909,8.9415,-0.0342,0,9.8065,-0.0031,-0.0503,0.0603,10.25,-36.69,6.19,101.9,-80.19,-169.39
52.385246,-1.582069,154.41,18.63,4,285.4,16 / 19,4182409,2019-09-06 20:29:48:152,1.3936,-0.6235,9.0233,0.038,0.0089,9.8065,0.2672,-0.0708,0.0072,10.25,-36.69,6.81,97.09,-80.22,-169.04
52.385246,-1.582069,154.41,18.63,4,285.4,16 / 19,4182510,2019-09-06 20:29:48:253,-2.0513,-0.3746,11.5101,0.0926,-0.0031,9.8062,0.2287,-0.0212,0.0101,9.88,-36.75,6.88,96.56,-80.38,-169.03
52.385246,-1.582069,154.41,18.63,4,285.4,16 / 19,4182609,2019-09-06 20:29:48:352,1.2647,0.601,10.6184,-0.0372,-0.0216,9.8065,-0.0737,0.1875,-0.0374,10.19,-36.37,6.56,95.75,-80.08,-170.03
52.385246,-1.582069,154.41,18.63,4,285.4,16 / 19,4182709,2019-09-06 20:29:48:452,0.8562,-1.1837,10.2818,-0.028,0.0135,9.8065,-0.0599,0.0295,0.0659,10.75,-37.06,6.5,97.53,-80,-169.62
52.385246,-1.582069,154.41,18.63,4,285.4,16 / 19,4182810,2019-09-06 20:29:48:553,-1.0859,0.3487,9.2431,-0.0141,0.0085,9.8066,-0.1773,-0.0385,0.0285,10.25,-37.12,7.13,97.27,-79.88,-170.07
52.385246,-1.582069,154.41,18.63,4,285.4,16 / 19,4182909,2019-09-06 20:29:48:652,-0.8821,0.9208,9.1175,-0.0309,0.0121,9.8065,-0.2179,0.0079,0.0372,10.44,-36.75,7.25,98.85,-79.78,-168.7
52.385246,-1.582069,154.41,18.63,4,285.4,16 / 19,4183010,2019-09-06 20:29:48:753,1.7463,-0.1706,9.0475,0.0651,0.009,9.8063,0.1559,-0.044,-0.001,10.31,-36.75,6.56,98.73,-80.27,-167.06
52.385246,-1.582069,154.41,18.63,4,285.4,16 / 19,4183110,2019-09-06 20:29:48:853,0.0328,-0.1586,10.028,0.0477,-0.0108,9.8065,0.1552,-0.0434,-0.0264,10.06,-37.12,6.19,103.16,-80.34,-167.39
52.385246,-1.582069,154.41,18.63,4,285.4,16 / 19,4183209,2019-09-06 20:29:48:952,-0.7578,-0.0354,9.7659,-0.0123,-0.0029,9.8066,-0.038,0.0227,-0.065,10.25,-37.12,6.38,102.83,-80.17,-168.4
52.385246,-1.582069,154.41,18.63,4,285.4,16 / 19,4183313,2019-09-06 20:29:49:056,2.0291,-0.3902,10.34,-0.0286,-0.0006,9.8066,0.1957,-0.003,0.0036,9.94,-37.31,6.94,97.88,-80,-168.95
52.385246,-1.582069,154.41,18.63,4,285.4,16 / 19,4183409,2019-09-06 20:29:49:152,-0.5467,-1.4696,10.105,0.008,-0.0058,9.8066,-0.2189,-0.0269,0.0274,10.75,-36.56,7.19,97.99,-79.94,-169.32
52.385246,-1.582069,154.41,18.63,4,285.4,16 / 19,4183510,2019-09-06 20:29:49:253,-0.7782,-0.5794,9.9686,-0.0054,-0.0088,9.8066,-0.0259,0.0615,-0.0358,10.81,-36.75,6.94,97.07,-79.9,-170.46
52.385246,-1.582069,154.41,18.63,4,285.4,16 / 19,4183609,2019-09-06 20:29:49:352,0.9284,0.7913,9.6624,-0.0014,0.0012,9.8066,0.0696,0.0155,-0.0605,10.44,-36.56,7.06,97.05,-79.82,-170.55
52.385246,-1.582069,154.41,18.63,4,285.4,16 / 19,4183710,2019-09-06 20:29:49:453,-0.51,0.6852,9.9197,0.0156,-0.0019,9.8066,0.1378,-0.028,0.0419,11,-36.56,6.81,96.71,-79.86,-170.98
52.385246,-1.582069,154.41,18.63,4,285.4,16 / 19,4183809,2019-09-06 20:29:49:552,-1.3616,-0.6969,9.2369,0.0171,-0.0074,9.8066,-0.0151,0.0336,-0.0085,10.56,-36.06,7.06,95.26,-79.94,-171.37
52.385246,-1.582069,154.41,18.63,4,285.4,16 / 19,4183910,2019-09-06 20:29:49:653,-0.3603,-0.4962,9.0069,0.0263,-0.0171,9.8066,-0.0824,0.0175,-0.0623,10.56,-36.75,6.63,94.72,-80.11,-172.27
52.385246,-1.582069,154.41,18.63,4,285.4,16 / 19,4184010,2019-09-06 20:29:49:753,1.9107,-0.6066,10.7967,-0.0276,0.0085,9.8066,0.0772,0.0077,0.0055,10.94,-35.94,6.38,98.37,-80.23,-172.18
52.385246,-1.582069,154.41,18.63,4,285.4,16 / 19,4184110,2019-09-06 20:29:49:853,1.9698,-0.1153,10.798,-0.0055,-0.0063,9.8066,0.0876,-0.0171,-0.0211,11,-36.69,6.75,94.63,-80.07,-172.51
52.385246,-1.582069,154.41,18.63,4,285.4,16 / 19,4184209,2019-09-06 20:29:49:952,0.1174,0.1471,10.7228,-0.0135,0.0051,9.8066,-0.0044,0.0361,0.0042,10.5,-36.5,7.06,95.24,-79.69,-172.22
52.385246,-1.582069,154.41,18.63,4,285.4,16 / 19,4184309,2019-09-06 20:29:50:052,-0.7685,0.2802,9.9032,0.0193,0.0031,9.8066,-0.077,-0.0018,-0.0103,10.88,-36.56,7.44,95.9,-79.77,-172.17
52.385246,-1.582069,154.41,18.63,4,285.4,16 / 20,4184409,2019-09-06 20:29:50:152,0.1691,0.0958,9.495,0.0103,-0.0047,9.8066,0.0225,0.0169,0.0164,11,-36.81,7.38,94.79,-80.01,-172.55
52.385246,-1.582069,154.41,18.63,4,285.4,16 / 20,4184510,2019-09-06 20:29:50:253,1.0851,0.0673,9.4628,0.0183,-0.0119,9.8065,-0.0011,-0.0517,-0.0107,11,-36.19,6.69,93.13,-80.1,-173.1
52.385246,-1.582069,154.41,18.63,4,285.4,16 / 20,4184609,2019-09-06 20:29:50:352,0.9195,-0.2753,9.8748,-0.0147,0.0106,9.8066,0.0426,-0.0078,0.0098,11.38,-36.69,6.69,93.6,-80.12,-173.43
52.385246,-1.582069,154.41,18.63,4,285.4,16 / 20,4184710,2019-09-06 20:29:50:453,-0.601,0.5271,10.2793,-0.0037,0.0059,9.8066,0.0878,-0.0685,0.0234,10.19,-36.87,7.25,94.55,-79.94,-172.81
52.385246,-1.582069,154.41,18.63,4,285.4,16 / 20,4184809,2019-09-06 20:29:50:552,-0.9542,-0.0714,9.3699,-0.0157,-0.0008,9.8066,-0.1458,0.0405,-0.0431,11.13,-36.37,6.94,94,-79.84,-173.03
52.385246,-1.582069,154.41,18.63,4,285.4,16 / 20,4184910,2019-09-06 20:29:50:653,-1.4663,-0.4355,9.9981,0.0035,0.0055,9.8066,0.0016,-0.1238,0.114,10.88,-36.62,6.94,94.19,-80.05,-173.04
52.385246,-1.582069,154.41,18.63,4,285.4,16 / 20,4185010,2019-09-06 20:29:50:753,-0.2948,0.1039,10.2394,0.0446,-0.0032,9.8065,0.0396,0.0237,-0.0009,10.5,-36.87,6.88,93.29,-80.29,-173.18
52.385246,-1.582069,154.41,18.63,4,285.4,16 / 20,4185109,2019-09-06 20:29:50:852,-1.398,-2.9797,9.2771,0.0518,0.0104,9.8065,-0.0094,0.0979,-0.1029,11.06,-36.19,6.88,93.31,-80.16,-172.72
52.385246,-1.582069,154.41,18.63,4,285.4,16 / 20,4185211,2019-09-06 20:29:50:954,-4.2405,-0.9015,9.1469,-0.1155,-0.0185,9.8059,-0.4797,0.1168,0.0261,11.06,-36.44,6.94,94.05,-80.07,-172.25
52.385246,-1.582069,154.41,18.63,4,285.4,16 / 20,4185310,2019-09-06 20:29:51:053,5.9088,1.3739,5.1759,-0.2555,0.0262,9.8032,-0.9763,0.0457,0.1057,10.06,-36.87,6.38,103.46,-79.09,-171.78
52.385246,-1.582069,154.41,18.63,4,285.4,18 / 20,4185409,2019-09-06 20:29:51:152,2.617,-1.1667,10.1791,-0.0727,0.0336,9.8063,0.3237,0.1445,-0.0129,10.63,-37.12,7.13,96.88,-79.67,-171.41
52.385246,-1.582069,154.41,18.63,4,285.4,18 / 20,4185510,2019-09-06 20:29:51:253,1.4994,-1.3921,9.6647,-0.0327,-0.0291,9.8065,0.0665,0.0448,-0.248,11.06,-36.87,7.06,93.36,-80.32,-173.01
52.385246,-1.582069,154.41,18.63,4,285.4,18 / 20,4185609,2019-09-06 20:29:51:352,1.223,-0.9317,10.4886,0.0521,0.0157,9.8064,0.1485,0.0076,0.1027,10.81,-36.5,7.56,86.88,-80.71,-172.74
52.385246,-1.582069,154.41,18.63,4,285.4,18 / 20,4185710,2019-09-06 20:29:51:453,-0.4592,-0.7895,10.3796,0.0563,0.0006,9.8065,0.1129,-0.0237,-0.0124,11,-36.5,7.25,91.6,-80.56,-173.21
52.385246,-1.582069,154.41,18.63,4,285.4,18 / 20,4185809,2019-09-06 20:29:51:552,-0.4183,-0.2954,10.5908,-0.0109,-0.0008,9.8066,0.0175,0.0616,-0.0243,10.56,-36.44,7.38,91.57,-80.4,-173.76
52.385246,-1.582069,154.41,18.63,4,285.4,18 / 20,4185909,2019-09-06 20:29:51:652,2.0494,-0.1176,10.0568,0.0461,0.0088,9.8065,-0.0086,0.0378,0.0067,10.44,-36.62,6.94,92.02,-80.51,-173.37
52.385246,-1.582069,154.41,18.63,4,285.4,18 / 20,4186011,2019-09-06 20:29:51:754,0.9382,0.4186,10.1591,-0.0248,-0.0027,9.8065,0.0745,0.0468,-0.0094,10.88,-36.44,6.88,92.01,-80.5,-173
52.385246,-1.582069,154.41,18.63,4,285.4,18 / 20,4186110,2019-09-06 20:29:51:853,1.9616,-0.1021,9.676,0.0023,0.002,9.8066,-0.0065,0.0313,-0.0374,10.69,-36.81,6.94,92.62,-80.6,-172.86
52.385246,-1.582069,154.41,18.63,4,285.4,18 / 20,4186209,2019-09-06 20:29:51:952,0.6275,0.4752,10.2614,-0.0074,0.0045,9.8066,-0.0148,0.0169,0.0241,10.81,-37.06,7.38,93.09,-80.54,-172.58
52.385246,-1.582069,154.41,18.63,4,285.4,18 / 20,4186310,2019-09-06 20:29:52:053,0.7489,-0.8371,10.0055,0.008,0.0005,9.8066,0.0688,-0.0258,0.012,10.69,-36.37,7.13,92.31,-80.52,-172.63
52.385654,-1.584438,155.36,17.91,4,284.37,18 / 20,4186410,2019-09-06 20:29:52:153,0.9125,-0.3807,9.9473,0.0001,-0.0035,9.8066,0.0301,-0.0076,0.0091,10.38,-36.81,7.38,92.56,-80.47,-172.97
52.385654,-1.584438,155.36,17.91,4,284.37,18 / 20,4186510,2019-09-06 20:29:52:253,0.0601,0.2795,9.8978,0.0021,-0.0022,9.8065,-0.018,0.0278,-0.026,10.81,-36.62,7.44,93.85,-80.42,-172.17
52.385654,-1.584438,155.36,17.91,4,284.37,18 / 20,4186609,2019-09-06 20:29:52:352,0.0893,0.501,9.4538,-0.0004,0.0037,9.8066,0.0279,0.0011,0.0515,10.06,-36.5,7.19,92.05,-80.56,-172.29
52.385654,-1.584438,155.36,17.91,4,284.37,18 / 20,4186710,2019-09-06 20:29:52:453,1.8436,-0.3054,9.4866,0.0224,-0.0008,9.8066,0.0181,-0.0009,-0.0186,11,-36.81,6.44,98.26,-80.63,-171.83
52.385654,-1.584438,155.36,17.91,4,284.37,18 / 20,4186809,2019-09-06 20:29:52:552,-0.614,0.1276,10.2272,0.0142,-0.0048,9.8066,0.0381,-0.0369,0.0016,10.88,-36.5,7.13,91.93,-80.73,-172.35
52.385654,-1.584438,155.36,17.91,4,284.37,18 / 20,4186909,2019-09-06 20:29:52:652,0.9658,-0.373,9.5512,-0.0008,-0.0025,9.8066,0.0788,0.0026,0.0531,10.88,-36.69,7.13,92.82,-80.61,-172.6
52.385654,-1.584438,155.36,17.91,4,284.37,18 / 20,4187010,2019-09-06 20:29:52:753,-0.1614,-0.1097,9.7705,-0.0153,0.0122,9.8066,0.021,0.0439,0.0052,10.81,-36.5,7.94,87.84,-80.53,-172.33
52.385654,-1.584438,155.36,17.91,4,284.37,18 / 20,4187109,2019-09-06 20:29:52:852,0.2769,0.3406,10.0044,-0.0137,0.0013,9.8066,-0.0134,0.0297,-0.0301,10.38,-36.25,6.81,92.98,-80.51,-171.49
52.385654,-1.584438,155.36,17.91,4,284.37,18 / 20,4187210,2019-09-06 20:29:52:953,-0.4694,-0.753,9.7034,-0.0038,-0.0069,9.8066,0.0147,0.0045,-0.0308,11.38,-36.87,6.81,93.3,-80.56,-172.29
52.385654,-1.584438,155.36,17.91,4,284.37,18 / 20,4187310,2019-09-06 20:29:53:053,1.0598,0.825,9.9204,0.0069,0.0061,9.8066,-0.0365,0.0685,-0.0617,11.31,-36.75,7.81,88.08,-80.57,-172.75
52.385654,-1.584438,155.36,17.91,4,284.37,18 / 19,4187409,2019-09-06 20:29:53:152,1.399,-1.7206,8.2909,0.0078,-0.0105,9.8066,-0.2044,-0.0124,0.0641,10.88,-36.81,7.25,92.53,-80.65,-172.78
52.385654,-1.584438,155.36,17.91,4,284.37,18 / 19,4187510,2019-09-06 20:29:53:253,0.4252,-1.7652,10.1859,-0.0226,-0.0134,9.8066,0.2641,0.0676,-0.117,11.25,-37.19,7.44,92.16,-80.59,-173.38
52.385654,-1.584438,155.36,17.91,4,284.37,18 / 19,4187609,2019-09-06 20:29:53:352,-1.6221,-2.0077,11.0197,0.0444,-0.0024,9.8065,0.3348,0.0561,-0.1533,11.19,-36.56,8.13,86.86,-80.71,-173.53
52.385654,-1.584438,155.36,17.91,4,284.37,18 / 19,4187712,2019-09-06 20:29:53:455,0.0838,0.7691,10.2096,-0.0686,-0.001,9.8064,-0.4006,0.0733,0.0888,11.06,-36.44,7.69,85.2,-80.8,-174.12
52.385654,-1.584438,155.36,17.91,4,284.37,18 / 19,4187810,2019-09-06 20:29:53:553,1.4528,-0.4889,8.7392,-0.0727,-0.0089,9.8063,-0.3229,0.0765,0.0698,10.5,-36.25,7.44,91.87,-80.51,-173.09
52.385654,-1.584438,155.36,17.91,4,284.37,18 / 19,4187910,2019-09-06 20:29:53:653,1.5836,0.8283,8.7387,0.0802,0.0169,9.8063,0.1477,0.0179,-0.0812,11.06,-36.37,7.31,92.23,-80.63,-172.33
52.385654,-1.584438,155.36,17.91,4,284.37,18 / 19,4188009,2019-09-06 20:29:53:752,0.4261,0.5041,9.6027,0.0676,0.0085,9.8064,0.1536,-0.0333,0.0231,10.5,-36.44,7.13,92.09,-80.78,-172.02
52.385654,-1.584438,155.36,17.91,4,284.37,18 / 19,4188109,2019-09-06 20:29:53:852,0.7371,-0.5367,9.6286,0.0255,0.0121,9.8066,-0.0915,0.0376,-0.031,11.25,-37.06,7.31,92.55,-81.08,-171.35
52.385654,-1.584438,155.36,17.91,4,284.37,18 / 19,4188210,2019-09-06 20:29:53:953,0.4044,0.8731,10.4533,-0.0284,-0.0037,9.8066,-0.0352,-0.1044,0.0331,11,-36.87,7.44,92.89,-80.92,-171.54
52.385654,-1.584438,155.36,17.91,4,284.37,18 / 19,4188310,2019-09-06 20:29:54:053,1.1542,0.6859,10.1299,0.011,-0.0087,9.8066,0.1055,0.0725,-0.0662,10.63,-36.25,7.31,91.81,-80.97,-171.7
52.385654,-1.584438,155.36,17.91,4,284.37,18 / 19,4188410,2019-09-06 20:29:54:153,-0.4018,-0.2441,9.9038,0.0012,-0.0053,9.8066,0.0661,0.0107,0.0285,11.06,-36.44,6.94,90.63,-81.01,-172.8
52.385654,-1.584438,155.36,17.91,4,284.37,18 / 19,4188509,2019-09-06 20:29:54:252,1.0185,0.3863,9.6726,-0.0013,0.0028,9.8066,-0.0688,0.0281,-0.035,11.25,-36.56,7.31,91.52,-81.07,-172.46
52.385654,-1.584438,155.36,17.91,4,284.37,18 / 19,4188609,2019-09-06 20:29:54:352,0.1022,-0.0081,9.1853,0.0032,-0.0035,9.8066,-0.0683,0.046,0.0433,11.06,-36.87,7.06,91.55,-81.09,-172.37
52.385654,-1.584438,155.36,17.91,4,284.37,18 / 19,4188710,2019-09-06 20:29:54:453,0.8294,0.2045,9.2672,0.0035,0.0001,9.8066,-0.0665,0.0151,0.0465,11.5,-36.75,7.25,91.65,-81.17,-172.5
52.385654,-1.584438,155.36,17.91,4,284.37,18 / 19,4188810,2019-09-06 20:29:54:553,0.4039,-1.5293,9.2004,-0.0059,0.0056,9.8066,-0.0741,0.1107,-0.0276,10.69,-36.5,7.63,86.04,-81.15,-172.24
52.385654,-1.584438,155.36,17.91,4,284.37,18 / 19,4188910,2019-09-06 20:29:54:653,0.9453,1.1513,9.9154,-0.0178,-0.0019,9.8066,-0.0597,0.0237,-0.0167,11,-36.81,7.31,91.74,-81.17,-171.92
52.385654,-1.584438,155.36,17.91,4,284.37,18 / 19,4189009,2019-09-06 20:29:54:752,0.2435,-1.1666,9.3692,-0.0181,-0.003,9.8066,-0.097,0.0453,-0.0131,10.81,-36.44,7.75,86.37,-81.26,-171.6
52.385654,-1.584438,155.36,17.91,4,284.37,18 / 19,4189109,2019-09-06 20:29:54:852,1.004,0.3778,9.1036,-0.0115,0.0008,9.8066,0.1301,0.0538,-0.0167,10.94,-37.19,7.19,91.53,-81.39,-171.43
52.385654,-1.584438,155.36,17.91,4,284.37,18 / 19,4189210,2019-09-06 20:29:54:953,0.6973,1.7271,10.2213,0.0619,0.0245,9.8064,0.1424,-0.0525,0.0579,10.75,-36.5,7.31,91.52,-81.55,-170.2
52.385654,-1.584438,155.36,17.91,4,284.37,18 / 19,4189309,2019-09-06 20:29:55:052,-0.5743,0.5797,10.1073,0.0663,0.0255,9.8063,-0.1709,-0.002,-0.0391,10.56,-36.56,6.81,92.53,-82.02,-168.38
52.385654,-1.584438,155.36,17.91,4,284.37,18 / 19,4189409,2019-09-06 20:29:55:152,-2.1397,-0.3294,9.7043,-0.0457,-0.0124,9.8065,-0.0153,-0.102,0.0319,10.38,-36.37,7.31,91.57,-81.67,-169
52.385654,-1.584438,155.36,17.91,4,284.37,18 / 19,4189510,2019-09-06 20:29:55:253,-0.6305,-0.0741,9.998,-0.0356,-0.0132,9.8065,-0.0727,0.0595,-0.0622,10.63,-36.44,8,88.31,-81.6,-168.69
52.385654,-1.584438,155.36,17.91,4,284.37,18 / 19,4189609,2019-09-06 20:29:55:352,2.4028,-0.9653,9.1211,0.0309,-0.0142,9.8066,-0.08,-0.0373,-0.0089,10.56,-36.31,6.69,90.29,-81.82,-170.61
52.385654,-1.584438,155.36,17.91,4,284.37,18 / 19,4189710,2019-09-06 20:29:55:453,0.3373,1.5501,9.6146,0.0016,-0.0136,9.8066,0.0603,0.1093,-0.0412,10.88,-36.44,6.94,89.78,-81.71,-171.47
52.385654,-1.584438,155.36,17.91,4,284.37,18 / 19,4189810,2019-09-06 20:29:55:553,0.7057,0.7529,10.1267,0.0455,0.0074,9.8065,0.2504,-0.1129,0.0565,11.38,-36.94,6.88,88.79,-81.92,-172.51
52.385654,-1.584438,155.36,17.91,4,284.37,18 / 19,4189909,2019-09-06 20:29:55:652,-0.7426,-1.6639,10.136,0.0563,0.0169,9.8064,-0.1033,0.0152,-0.0298,11.13,-36.37,7.13,88.28,-82.24,-171.34
52.385654,-1.584438,155.36,17.91,4,284.37,18 / 19,4190010,2019-09-06 20:29:55:753,0.1264,0.7557,8.4491,-0.0235,-0.0092,9.8066,-0.0442,0.0321,0.0649,10.44,-36.44,7,86.44,-82.1,-172.71
52.385654,-1.584438,155.36,17.91,4,284.37,18 / 19,4190110,2019-09-06 20:29:55:853,2.1141,1.1399,9.4956,0.0786,0.0306,9.8062,0.1648,0.0594,-0.0423,11.06,-36.12,6.94,87.53,-82.01,-172.81
52.385654,-1.584438,155.36,17.91,4,284.37,18 / 19,4190209,2019-09-06 20:29:55:952,1.0326,1.0864,9.9391,0.0829,0.0156,9.8063,0.2259,0.1411,-0.0447,10.81,-35.94,6.69,87.26,-82.63,-171.19
52.385654,-1.584438,155.36,17.91,4,284.37,18 / 19,4190310,2019-09-06 20:29:56:053,2.6233,-1.1265,9.4998,0.0762,0.024,9.8063,0.0123,0.1115,-0.0296,10.81,-36.31,6.88,87.01,-82.6,-171.54
52.385654,-1.584438,155.36,17.91,4,284.37,17 / 20,4190410,2019-09-06 20:29:56:153,0.3539,0.4438,9.9113,-0.0258,-0.0069,9.8065,0.1248,-0.0338,0.0112,11.31,-36.06,6.38,91.69,-82.53,-171.8
52.385654,-1.584438,155.36,17.91,4,284.37,17 / 20,4190509,2019-09-06 20:29:56:252,-0.3854,-0.4241,9.1649,-0.004,-0.0064,9.8066,-0.2365,0.003,0.0223,10.88,-36.12,6.25,92.01,-82.42,-171.82
52.385654,-1.584438,155.36,17.91,4,284.37,17 / 20,4190609,2019-09-06 20:29:56:352,-0.8767,-0.719,9.2279,-0.0405,-0.0074,9.8065,-0.3264,0.0265,0.0846,10.69,-36.37,6.94,87.1,-82.38,-172.11
52.385654,-1.584438,155.36,17.91,4,284.37,17 / 20,4190710,2019-09-06 20:29:56:453,0.7532,1.1004,10.8486,-0.0514,-0.0064,9.8065,0.3983,-0.0815,0.0058,10.69,-37.06,6.63,88.21,-82.54,-171.14
52.385654,-1.584438,155.36,17.91,4,284.37,17 / 20,4190810,2019-09-06 20:29:56:553,-0.2151,0.8142,9.4708,0.0977,0.0082,9.8061,0.2235,-0.0315,0.0226,10.69,-36.94,6.69,88.29,-83.07,-169.42
52.385654,-1.584438,155.36,17.91,4,284.37,17 / 20,4190910,2019-09-06 20:29:56:653,0.4287,1.6777,9.7574,0.0489,0.0254,9.8064,-0.1662,-0.0502,-0.0932,10.38,-36.69,6.69,87.81,-83.05,-168.89
52.385654,-1.584438,155.36,17.91,4,284.37,17 / 20,4191009,2019-09-06 20:29:56:752,-0.5166,-1.2553,9.6736,-0.0303,-0.0168,9.8065,0.04,0.057,-0.052,10.56,-36.5,6.56,89.07,-83.17,-167.78
52.385654,-1.584438,155.36,17.91,4,284.37,17 / 20,4191109,2019-09-06 20:29:56:852,0.8625,0.623,9.9188,0.002,0.0067,9.8066,-0.1081,0.0231,-0.0265,10.5,-36.94,6.25,92.56,-83.1,-169.73
52.385654,-1.584438,155.36,17.91,4,284.37,17 / 20,4191209,2019-09-06 20:29:56:952,-0.2284,0.3635,9.3984,-0.0076,-0.0114,9.8066,-0.1394,-0.0387,0.0456,11.25,-36.75,6,92.36,-83.03,-170.16
52.385654,-1.584438,155.36,17.91,4,284.37,17 / 20,4191310,2019-09-06 20:29:57:053,0.9551,-0.9583,9.6065,-0.0162,0.0023,9.8066,-0.1173,0.0587,-0.0406,10.88,-36.56,5.81,92.41,-83.01,-170.16
52.385654,-1.584438,155.36,17.91,4,284.37,18 / 20,4191409,2019-09-06 20:29:57:152,0.774,0.13,10.1623,0.0275,0.0042,9.8065,0.0272,-0.043,-0.0133,10.75,-36.44,6.44,91.7,-83.05,-170.17
52.385654,-1.584438,155.36,17.91,4,284.37,18 / 20,4191509,2019-09-06 20:29:57:252,-0.2292,0.3412,10.4267,0.0439,0.0038,9.8065,-0.0665,0.004,0.0444,10.94,-36.44,6,91.14,-83.34,-169.84
52.385654,-1.584438,155.36,17.91,4,284.37,18 / 20,4191610,2019-09-06 20:29:57:353,1.6207,-0.2607,8.7193,-0.0248,0.0001,9.8065,-0.0395,0.0216,-0.0837,10.63,-36.81,6.19,93.06,-83.3,-168.59
52.385654,-1.584438,155.36,17.91,4,284.37,18 / 20,4191710,2019-09-06 20:29:57:453,0.2378,-0.4397,9.3058,-0.0264,-0.0037,9.8065,-0.0182,-0.0411,0.0125,10.5,-36.81,5.81,92.61,-83.38,-168.8
52.385654,-1.584438,155.36,17.91,4,284.37,18 / 20,4191810,2019-09-06 20:29:57:553,1.9601,0.2295,9.8109,0.039,-0.0002,9.8065,0.0787,0.005,0.0076,10.63,-36.75,6.31,91.34,-83.72,-169
52.385654,-1.584438,155.36,17.91,4,284.37,18 / 20,4191910,2019-09-06 20:29:57:653,1.9182,0.5926,10.0932,0.0276,-0.0012,9.8066,0.1067,0.067,-0.0729,10.44,-36.19,5.44,94.59,-83.74,-169.42
52.385654,-1.584438,155.36,17.91,4,284.37,18 / 20,4192010,2019-09-06 20:29:57:753,0.0696,-1.7892,10.2867,0.1027,0.0245,9.806,0.1657,0.0353,-0.0286,10.81,-36.81,6,90.51,-83.5,-170.56
52.385654,-1.584438,155.36,17.91,4,284.37,18 / 20,4192109,2019-09-06 20:29:57:852,-1.131,-1.04,9.9327,0.0915,0.0103,9.8061,-0.0035,-0.0433,0.0565,10.63,-36.94,5.94,89.98,-84.12,-169.11
52.385654,-1.584438,155.36,17.91,4,284.37,18 / 20,4192210,2019-09-06 20:29:57:953,0.0483,-0.3107,10.137,0.0176,-0.0068,9.8066,0.0478,-0.0411,-0.025,11.06,-36.62,5.63,90.08,-84.19,-168.78
52.385654,-1.584438,155.36,17.91,4,284.37,18 / 20,4192310,2019-09-06 20:29:58:053,-0.1042,-0.7625,9.8706,-0.0492,-0.0031,9.8065,-0.1711,-0.0688,0.0544,10.44,-37.25,6.13,90.07,-84.18,-167.83
52.385654,-1.584438,155.36,17.91,4,284.37,17 / 19,4192410,2019-09-06 20:29:58:153,0.2159,0.4232,10.1176,-0.0433,0.0002,9.8065,-0.1312,0.0143,-0.0326,10.81,-37.62,6.06,93.75,-83.96,-166.31
52.385654,-1.584438,155.36,17.91,4,284.37,17 / 19,4192510,2019-09-06 20:29:58:253,-0.6476,0.1841,9.5729,-0.0245,-0.0152,9.8065,-0.0565,-0.0013,0.0696,10.94,-37.19,5.88,92.7,-84.04,-166.62
52.385654,-1.584438,155.36,17.91,4,284.37,17 / 19,4192609,2019-09-06 20:29:58:352,0.3183,0.4147,9.6634,0.0178,0.0084,9.8066,-0.0125,-0.0212,0.0204,10.63,-36.69,5.88,93.46,-83.98,-166.02
52.385654,-1.584438,155.36,17.91,4,284.37,17 / 19,4192710,2019-09-06 20:29:58:453,0.3728,0.0254,9.4477,-0.0051,-0.002,9.8066,0.0544,-0.075,-0.0487,10.81,-36.75,5.56,93.96,-84.1,-165.14
52.385654,-1.584438,155.36,17.91,4,284.37,17 / 19,4192809,2019-09-06 20:29:58:552,0.0949,0.1961,9.6868,0.0264,0.0073,9.8066,0.0045,-0.0338,-0.0276,10.31,-37.25,5.56,93.25,-84.26,-164.33
52.385654,-1.584438,155.36,17.91,4,284.37,17 / 19,4192910,2019-09-06 20:29:58:653,0.9434,-0.6592,9.5685,0.0044,-0.0073,9.8066,-0.0552,0.0224,-0.0022,10.31,-37.25,5.81,93.34,-84.34,-163.97
52.385654,-1.584438,155.36,17.91,4,284.37,17 / 19,4193009,2019-09-06 20:29:58:752,1.3845,0.9842,9.8192,-0.0021,-0.0069,9.8066,-0.0094,-0.0224,0.0065,10.13,-37.31,5.63,92.3,-84.44,-164.69
52.385654,-1.584438,155.36,17.91,4,284.37,17 / 19,4193109,2019-09-06 20:29:58:852,0.8926,0.3415,10.0077,0.0047,-0.0104,9.8066,0.0813,0.0482,-0.0573,10.81,-37.12,5.31,96.84,-84.48,-165.77
52.385654,-1.584438,155.36,17.91,4,284.37,17 / 19,4193210,2019-09-06 20:29:58:953,-0.2069,-0.1702,9.3165,0.0084,-0.0041,9.8066,0.0525,0.0254,-0.011,10.38,-36.94,6.25,89.43,-84.5,-167.38
52.385654,-1.584438,155.36,17.91,4,284.37,17 / 19,4193310,2019-09-06 20:29:59:053,0.7052,-0.6325,9.429,-0.0257,-0.0075,9.8066,0.1289,-0.0656,-0.0238,10.38,-36.69,5.56,89.24,-84.41,-167.91
52.385654,-1.584438,155.36,17.91,4,284.37,16 / 19,4193410,2019-09-06 20:29:59:153,-1.3817,0.2293,9.1387,0.0235,0.0134,9.8066,-0.0069,-0.0046,-0.0173,10.69,-36.75,6.06,92.03,-84.59,-165.59
52.385654,-1.584438,155.36,17.91,4,284.37,16 / 19,4193510,2019-09-06 20:29:59:253,-2.5018,-0.9696,8.6922,0.0286,0.0153,9.8065,-0.306,-0.0322,-0.1182,10.81,-36.87,5.31,97.14,-84.75,-164.58
52.385654,-1.584438,155.36,17.91,4,284.37,16 / 19,4193609,2019-09-06 20:29:59:352,1.5115,1.1099,9.1273,0.0082,-0.0272,9.8065,-0.3004,-0.2219,0.0142,10.5,-37.31,5.06,95.08,-85.08,-165.68
52.385654,-1.584438,155.36,17.91,4,284.37,16 / 19,4193709,2019-09-06 20:29:59:452,2.9808,1.0909,9.0542,0.0021,-0.0198,9.8066,0.3629,-0.0638,-0.0903,10.81,-36.81,4.94,93.39,-85.2,-167.02
52.385654,-1.584438,155.36,17.91,4,284.37,16 / 19,4193810,2019-09-06 20:29:59:553,-2.0794,-0.8585,11.2213,0.0901,0.0052,9.8062,0.3319,-0.0364,0.0092,10.63,-36.62,4.69,90.88,-85.03,-170.1
52.385654,-1.584438,155.36,17.91,4,284.37,16 / 19,4193910,2019-09-06 20:29:59:653,-2.8091,-1.4415,11.0472,-0.1029,-0.03,9.806,-0.0401,0.0087,0.0051,10.75,-36.87,5.44,89.93,-85.27,-170.31
52.385654,-1.584438,155.36,17.91,4,284.37,16 / 19,4194009,2019-09-06 20:29:59:752,-0.4301,0.5826,10.5844,-0.0609,-0.0034,9.8064,0.0129,0.0064,0.0435,11.13,-37.25,5.56,86.29,-84.72,-170.92
52.385654,-1.584438,155.36,17.91,4,284.37,16 / 19,4194110,2019-09-06 20:29:59:853,0.0895,0.2434,8.7496,-0.0204,0.0076,9.8066,-0.2124,0.1198,-0.0393,10.81,-37.06,5.38,92.23,-84.86,-169.3
52.385654,-1.584438,155.36,17.91,4,284.37,16 / 19,4194209,2019-09-06 20:29:59:952,0.8768,0.4829,8.7424,0.0226,0.0002,9.8065,-0.1432,-0.0661,0.1151,10.88,-36.44,4.69,92.35,-85.15,-167.81
52.385654,-1.584438,155.36,17.91,4,284.37,16 / 19,4194310,2019-09-06 20:30:00:053,1.1279,0.07,8.9133,0.0257,0.0099,9.8065,0.0919,-0.0084,-0.0432,11,-36.87,4.44,97.91,-85.21,-167.28
52.385654,-1.584438,155.36,17.91,4,284.37,16 / 19,4194410,2019-09-06 20:30:00:153,1.0014,0.5676,9.5618,0.0378,-0.0022,9.8065,0.004,0.0295,-0.0983,10.75,-36.87,5.38,92.59,-85.12,-168.11
52.385654,-1.584438,155.36,17.91,4,284.37,16 / 19,4194513,2019-09-06 20:30:00:256,0.1212,-0.0588,9.8608,0.0112,-0.0257,9.8066,0.1448,0.0412,-0.035,11.06,-36,4.94,87.51,-85.2,-172.52
52.385654,-1.584438,155.36,17.91,4,284.37,16 / 19,4194610,2019-09-06 20:30:00:353,0.3708,0.294,8.9771,0.0438,0.0004,9.8065,0.1549,-0.0582,0.0753,11.25,-36,5.31,83.87,-85.41,-175.46
52.385654,-1.584438,155.36,17.91,4,284.37,16 / 19,4194713,2019-09-06 20:30:00:456,0.9711,0.2551,9.6422,0.0047,0.0011,9.8066,-0.1228,0.0397,-0.0508,11.63,-36.25,5.56,80.76,-85.56,-174.58
52.385654,-1.584438,155.36,17.91,4,284.37,16 / 19,4194810,2019-09-06 20:30:00:553,0.7939,1.1106,10.6209,-0.0004,0.0005,9.8066,-0.1211,-0.0936,0.0912,11.19,-35.94,4.81,84.08,-85.74,-174.25
52.385654,-1.584438,155.36,17.91,4,284.37,16 / 19,4194909,2019-09-06 20:30:00:652,0.619,1.1383,10.5209,0.0084,0.0184,9.8066,0.2733,0.0053,-0.0196,11.31,-36.19,4.63,85.33,-85.74,-173.03
52.385654,-1.584438,155.36,17.91,4,284.37,16 / 19,4195009,2019-09-06 20:30:00:752,0.5423,0.7438,10.7803,0.0093,0.013,9.8066,0.2564,-0.0304,-0.0383,11.38,-36.12,5.06,87.69,-85.65,-170.97
52.385654,-1.584438,155.36,17.91,4,284.37,16 / 19,4195109,2019-09-06 20:30:00:852,-1.0569,-0.3001,10.7651,0.0728,0.0127,9.8063,-0.0451,-0.0538,0.099,11.31,-36.25,4.94,87.8,-85.8,-170.41
52.385654,-1.584438,155.36,17.91,4,284.37,16 / 19,4195210,2019-09-06 20:30:00:953,-0.2883,-0.4167,10.1751,-0.0436,-0.0021,9.8065,-0.0146,0.052,-0.064,10.38,-36.81,4.94,87.26,-85.54,-171.13
52.385654,-1.584438,155.36,17.91,4,284.37,16 / 19,4195309,2019-09-06 20:30:01:052,0.0719,0.603,10.6877,-0.0298,-0.0078,9.8065,-0.1028,0.0265,-0.0112,10.69,-36.69,4.94,88.17,-85.6,-171.02
52.385944,-1.586504,157.63,14.43,4,282.94,16 / 18,4195409,2019-09-06 20:30:01:152,0.5512,0.7882,9.714,-0.0193,-0.0042,9.8065,-0.0032,0.0791,-0.0475,10.94,-36.56,4.56,88.59,-85.84,-169.84
52.385944,-1.586504,157.63,14.43,4,282.94,16 / 18,4195509,2019-09-06 20:30:01:252,1.5662,-0.0793,8.9317,-0.0235,-0.0193,9.8066,0.1313,-0.0368,0.0062,11.06,-36.94,4.31,91.25,-85.83,-172.08
52.385944,-1.586504,157.63,14.43,4,282.94,16 / 18,4195610,2019-09-06 20:30:01:353,1.5867,1.0405,9.3591,0.0433,0.0097,9.8065,0.109,0.0242,-0.0257,11.13,-36.94,4.69,84.86,-86.02,-172.96
52.385944,-1.586504,157.63,14.43,4,282.94,16 / 18,4195709,2019-09-06 20:30:01:452,-0.0993,-0.3426,10.2361,0.0447,0.0186,9.8065,-0.0624,0.0137,0.0045,10.88,-36.62,4.75,84.6,-86.4,-172.03
52.385944,-1.586504,157.63,14.43,4,282.94,16 / 18,4195809,2019-09-06 20:30:01:552,0.4244,-0.3954,10.753,-0.0501,-0.0065,9.8065,-0.0029,0.0284,-0.0093,10.81,-36.75,4.56,85.29,-86.03,-172.51
52.385944,-1.586504,157.63,14.43,4,282.94,16 / 18,4195909,2019-09-06 20:30:01:652,1.1548,-1.5304,10.4572,-0.0599,0.003,9.8064,-0.0462,-0.1002,0.0703,11,-36.94,5.13,86.93,-85.82,-171.55
52.385944,-1.586504,157.63,14.43,4,282.94,16 / 18,4196009,2019-09-06 20:30:01:752,0.1878,-0.6155,9.502,-0.0062,0.0231,9.8066,-0.1284,0.1088,-0.0122,10.94,-36.81,5.19,91.07,-85.53,-168.33
52.385944,-1.586504,157.63,14.43,4,282.94,16 / 18,4196110,2019-09-06 20:30:01:853,0.9946,1.4468,8.5149,0.0499,0.0307,9.8064,0.0344,0.1092,0.0087,10.94,-36.81,4.25,96.13,-85.58,-167.92
52.385944,-1.586504,157.63,14.43,4,282.94,16 / 18,4196209,2019-09-06 20:30:01:952,2.1504,0.876,9.2025,0.0718,0.0188,9.8063,0.0289,0.0502,-0.0237,10.38,-36.94,4.63,92.97,-85.7,-164.84
52.385944,-1.586504,157.63,14.43,4,282.94,16 / 18,4196310,2019-09-06 20:30:02:053,1.9415,0.7289,10.392,-0.0235,-0.0095,9.8065,0.0226,0.1134,-0.1055,10.5,-36.75,4,98.02,-86.34,-163.53
52.385944,-1.586504,157.63,14.43,4,282.94,16 / 18,4196410,2019-09-06 20:30:02:153,-0.5667,-0.683,10.0237,-0.0142,-0.0205,9.8066,0.0543,-0.0518,-0.0252,11.25,-36.19,4.38,93.58,-86.27,-167.96
52.385944,-1.586504,157.63,14.43,4,282.94,16 / 18,4196510,2019-09-06 20:30:02:253,-0.3587,-0.2393,9.684,0.0042,-0.0018,9.8066,-0.0272,0.0239,0.0397,11.25,-36.75,4.5,88.65,-86.22,-168.58
52.385944,-1.586504,157.63,14.43,4,282.94,16 / 18,4196610,2019-09-06 20:30:02:353,0.8159,0.0076,10.5267,0.0235,0.0086,9.8065,0.0548,0.0689,0.0294,10.5,-36.31,4.44,92.75,-86.25,-168.87
52.385944,-1.586504,157.63,14.43,4,282.94,16 / 18,4196709,2019-09-06 20:30:02:452,0.904,1.4825,10.3263,0.0112,0.0096,9.8066,-0.0251,0.0314,-0.0378,10.69,-37.25,4.5,88.75,-86.16,-168.67
52.385944,-1.586504,157.63,14.43,4,282.94,16 / 18,4196810,2019-09-06 20:30:02:553,1.2663,-0.5541,10.0204,-0.011,0.0024,9.8066,0.0206,0.0263,-0.0629,10.81,-36.5,5.06,87.95,-86.06,-169.45
52.385944,-1.586504,157.63,14.43,4,282.94,16 / 18,4196910,2019-09-06 20:30:02:653,2.3809,0.1815,9.1763,-0.0256,-0.0125,9.8066,-0.0005,0.1065,-0.0043,11.38,-36.62,4.25,93.66,-85.87,-169.52
52.385944,-1.586504,157.63,14.43,4,282.94,16 / 18,4197010,2019-09-06 20:30:02:753,0.3233,0.2363,9.4745,0.0542,0.0011,9.8064,0.1077,-0.0878,0.0204,11.06,-37.19,3.88,92.82,-86.17,-169.38
52.385944,-1.586504,157.63,14.43,4,282.94,16 / 18,4197109,2019-09-06 20:30:02:852,1.4467,-0.0947,9.5079,0.0018,0.0011,9.8066,-0.0617,-0.06,-0.0623,11.31,-36.69,4.56,88.32,-85.94,-169.78
52.385944,-1.586504,157.63,14.43,4,282.94,16 / 18,4197210,2019-09-06 20:30:02:953,0.6605,-0.5071,9.7503,0.0259,0.0076,9.8066,0.035,0.0468,-0.0176,10.75,-36.44,4.5,87.58,-86.03,-169.9
52.385944,-1.586504,157.63,14.43,4,282.94,16 / 18,4197310,2019-09-06 20:30:03:053,0.6403,-0.3547,9.7499,0.0158,0.005,9.8066,-0.0507,-0.023,0.0635,11.19,-36.62,4.31,91.76,-86.11,-170.66
52.385944,-1.586504,157.63,14.43,4,282.94,18 / 19,4197410,2019-09-06 20:30:03:153,0.1949,0.3595,10.1816,-0.0211,0.0044,9.8066,-0.0452,0.0116,-0.0467,10.75,-36.69,4,92.64,-86.13,-169.7
52.385944,-1.586504,157.63,14.43,4,282.94,18 / 19,4197510,2019-09-06 20:30:03:253,-0.8832,-0.6733,9.5611,0.0008,-0.0045,9.8066,-0.0523,-0.0138,0.0053,10.69,-36.5,4.38,92.59,-86,-169.82
52.385944,-1.586504,157.63,14.43,4,282.94,18 / 19,4197609,2019-09-06 20:30:03:352,-0.638,0.4319,9.5865,0.0038,0.0037,9.8066,-0.0751,0.0292,0.0466,10.94,-36.44,4,92.33,-85.98,-170.15
52.385944,-1.586504,157.63,14.43,4,282.94,18 / 19,4197709,2019-09-06 20:30:03:452,-0.071,-0.2659,9.8142,-0.0063,-0.013,9.8066,0.0301,0.0178,-0.0152,10.81,-36.37,4.56,86.74,-85.98,-170.88
52.385944,-1.586504,157.63,14.43,4,282.94,18 / 19,4197810,2019-09-06 20:30:03:553,1.2331,-0.3112,10.4274,0.0187,0.0022,9.8066,0.1263,-0.0409,-0.0537,10.88,-36.5,4.88,86.13,-86.07,-171.23
52.385944,-1.586504,157.63,14.43,4,282.94,18 / 19,4197909,2019-09-06 20:30:03:652,1.9687,-0.9834,9.6255,0.0201,-0.0198,9.8066,-0.0842,0.0083,0.0274,11.44,-35.94,4.75,83.94,-86,-173.59
52.385944,-1.586504,157.63,14.43,4,282.94,18 / 19,4198010,2019-09-06 20:30:03:753,0.7695,-0.6767,10.1261,0.0296,-0.0002,9.8065,0.0667,0.0534,-0.0123,11.25,-36.81,4.38,90.03,-85.75,-173.56
52.385944,-1.586504,157.63,14.43,4,282.94,18 / 19,4198109,2019-09-06 20:30:03:852,-1.8079,-1.716,9.2582,0.045,0.0122,9.8065,-0.1676,-0.0195,0.0575,11.06,-36.37,5.19,84.14,-85.91,-173.66
52.385944,-1.586504,157.63,14.43,4,282.94,18 / 19,4198209,2019-09-06 20:30:03:952,-0.8345,0.2012,9.495,-0.0151,0.0151,9.8065,-0.0382,-0.0031,-0.1754,11.31,-36.37,4.5,84.79,-85.74,-173.56
52.385944,-1.586504,157.63,14.43,4,282.94,18 / 19,4198310,2019-09-06 20:30:04:053,0.1656,-0.3896,9.8717,0.0063,-0.0172,9.8066,0.0759,0.021,-0.0135,11.38,-36.81,5.06,83.81,-85.74,-174.87
52.385944,-1.586504,157.63,14.43,4,282.94,18 / 19,4198409,2019-09-06 20:30:04:152,-1.1554,0.3785,9.5951,0.022,-0.0005,9.8066,0.1469,-0.0595,0.0633,11.31,-36.62,4.88,81.08,-85.91,-176.98
52.385944,-1.586504,157.63,14.43,4,282.94,18 / 19,4198510,2019-09-06 20:30:04:253,-0.1695,-1.2548,10.3083,-0.0003,0.0087,9.8066,-0.0607,-0.0509,-0.01,11.75,-36.37,5.06,83.18,-85.8,-175.88
52.385944,-1.586504,157.63,14.43,4,282.94,18 / 19,4198610,2019-09-06 20:30:04:353,-0.7309,-0.098,10.5016,0.0075,-0.0008,9.8066,-0.01,0.0719,0.0493,11.81,-36.25,4.88,82.35,-85.74,-176.86
52.385944,-1.586504,157.63,14.43,4,282.94,18 / 19,4198710,2019-09-06 20:30:04:453,0.5214,0.2646,9.4746,-0.0248,0.0035,9.8066,0.0602,0.0312,-0.0744,12.06,-36.94,5.38,81.99,-85.73,-177.56
52.385944,-1.586504,157.63,14.43,4,282.94,18 / 19,4198810,2019-09-06 20:30:04:553,-1.0961,0.329,10.185,-0.0087,-0.0218,9.8066,0.0209,-0.1123,0.078,11.56,-36.31,5.69,77.17,-85.55,-178.04
52.385944,-1.586504,157.63,14.43,4,282.94,18 / 19,4198909,2019-09-06 20:30:04:652,-0.5398,-0.2327,10.9189,0.0202,0.0049,9.8065,-0.0218,-0.0262,0.1097,11.44,-36,6.56,70.72,-85.59,-178.46
52.385944,-1.586504,157.63,14.43,4,282.94,18 / 19,4199010,2019-09-06 20:30:04:753,-3.3814,-3.4827,10.1331,-0.0556,-0.006,9.8064,0.124,0.0772,-0.0839,11.63,-36,5.94,77.8,-85.16,-178.5
52.385944,-1.586504,157.63,14.43,4,282.94,18 / 19,4199110,2019-09-06 20:30:04:853,-0.0579,-0.0538,9.8314,-0.0575,-0.0375,9.8063,0.0303,0.0143,0.0068,12.06,-36.56,6,78.33,-84.87,-179.19
52.385944,-1.586504,157.63,14.43,4,282.94,18 / 19,4199210,2019-09-06 20:30:04:953,-2.1913,1.6078,9.3697,0.0565,0.012,9.8064,0.164,-0.0984,0.1256,11.88,-36.5,5.94,79.13,-84.96,-177.78
52.385944,-1.586504,157.63,14.43,4,282.94,18 / 19,4199310,2019-09-06 20:30:05:053,-3.986,-1.4746,10.6615,-0.0051,-0.0243,9.8066,-0.0524,-0.0101,0.0192,11.44,-36.06,6.31,76.66,-85.41,-177.75
52.385944,-1.586504,157.63,14.43,4,282.94,18 / 19,4199409,2019-09-06 20:30:05:152,-0.983,-0.9486,10.2028,-0.0783,-0.0262,9.8063,-0.1026,0.0009,-0.0826,11.81,-36.31,5.44,80.06,-85.27,179.6
52.385944,-1.586504,157.63,14.43,4,282.94,18 / 19,4199510,2019-09-06 20:30:05:253,0.7058,1.3431,9.4222,0.004,-0.0047,9.8066,-0.165,0.0335,-0.1283,11.81,-36.5,5.75,73.75,-85.35,178.17
52.385944,-1.586504,157.63,14.43,4,282.94,18 / 19,4199609,2019-09-06 20:30:05:352,0.0542,-0.6061,8.9326,-0.0351,-0.0273,9.8065,-0.1734,-0.0377,0.0823,11.88,-36.37,6.06,72.89,-85.33,177.32
52.385944,-1.586504,157.63,14.43,4,282.94,18 / 19,4199709,2019-09-06 20:30:05:452,2.1382,0.215,9.7878,-0.0584,0.0026,9.8064,0.1751,-0.0151,0.0501,11.56,-35.87,6.19,73.95,-85.04,177.54
52.385944,-1.586504,157.63,14.43,4,282.94,18 / 19,4199809,2019-09-06 20:30:05:552,-0.4454,-0.5386,9.7029,0.0173,0.0156,9.8066,0.0058,0.0249,-0.0315,11.88,-36.06,5.38,79.26,-85.3,178.94
52.385944,-1.586504,157.63,14.43,4,282.94,18 / 19,4199909,2019-09-06 20:30:05:652,-1.0763,-0.242,9.3439,-0.0039,-0.0016,9.8066,-0.0795,-0.0224,-0.0068,12.38,-35.94,5.75,75.62,-85.27,179.71
52.385944,-1.586504,157.63,14.43,4,282.94,18 / 19,4200010,2019-09-06 20:30:05:753,-1.7191,-0.2204,9.615,-0.0168,-0.002,9.8066,-0.0154,0.0165,0.0486,12.13,-36.37,6.25,74.62,-85.35,178.98
52.385944,-1.586504,157.63,14.43,4,282.94,18 / 19,4200110,2019-09-06 20:30:05:853,-0.4769,-0.1839,9.4196,-0.0108,-0.0053,9.8066,0.0567,-0.0241,0.013,11.94,-35.69,6.13,75.01,-85.24,179.06
52.385944,-1.586504,157.63,14.43,4,282.94,18 / 19,4200210,2019-09-06 20:30:05:953,0.3427,0.05,10.3614,0.0126,0.0031,9.8066,-0.0818,-0.0521,-0.0202,12.19,-35.87,5.5,74.89,-85.26,179.01
52.385944,-1.586504,157.63,14.43,4,282.94,18 / 19,4200309,2019-09-06 20:30:06:052,-0.5183,0.943,10.7079,0.0061,0.0043,9.8066,0.1016,0.0766,-0.0291,11.81,-36,6.06,75.26,-85.24,179.3
52.385944,-1.586504,157.63,14.43,4,282.94,18 / 19,4200410,2019-09-06 20:30:06:153,-0.1595,0.3292,10.7013,0.0038,0.0032,9.8066,0.1224,0.013,0.0256,12.06,-36.56,5.38,79.19,-85.27,178.4
52.385944,-1.586504,157.63,14.43,4,282.94,18 / 19,4200510,2019-09-06 20:30:06:253,-0.7354,0.4547,9.9821,-0.0133,-0.0221,9.8065,-0.1404,0.0164,0.0007,12.25,-35.87,6.06,73.93,-85.24,178.06
52.385944,-1.586504,157.63,14.43,4,282.94,18 / 19,4200610,2019-09-06 20:30:06:353,-0.6951,-0.3473,9.4255,-0.0295,-0.0185,9.8065,-0.0703,-0.0304,-0.0109,12.44,-36.25,5.69,70.94,-85.37,175.59
52.385944,-1.586504,157.63,14.43,4,282.94,18 / 19,4200710,2019-09-06 20:30:06:453,0.1166,0.2556,9.6618,-0.0217,-0.0211,9.8066,-0.0144,-0.0264,-0.0653,12.88,-35.81,5.31,74.89,-85.23,173.85
52.385944,-1.586504,157.63,14.43,4,282.94,18 / 19,4200809,2019-09-06 20:30:06:552,-0.0704,0.8689,10.3171,0.0005,-0.0124,9.8066,-0.0494,-0.0541,-0.0133,12.44,-36.25,5.69,63.35,-85.37,168.65
52.385944,-1.586504,157.63,14.43,4,282.94,18 / 19,4200909,2019-09-06 20:30:06:652,-0.3154,0.566,10.0738,0.0102,-0.0094,9.8066,-0.0113,0.0032,-0.0232,12.63,-36.06,5.44,67.63,-85.39,167.5
52.385944,-1.586504,157.63,14.43,4,282.94,18 / 19,4201011,2019-09-06 20:30:06:754,-0.8221,0.2874,10.1287,-0.0022,-0.0112,9.8066,0.0456,-0.1013,0.0629,12.38,-36.19,5.13,65.69,-85.28,166.21
52.385944,-1.586504,157.63,14.43,4,282.94,18 / 19,4201109,2019-09-06 20:30:06:852,0.1363,1.0682,9.7481,-0.0176,0.002,9.8066,-0.0222,-0.0437,-0.0028,12.5,-35.94,5.25,67.8,-85.19,167.14
52.385944,-1.586504,157.63,14.43,4,282.94,18 / 19,4201210,2019-09-06 20:30:06:953,0.0384,0.2446,10.0107,0.0036,0.0065,9.8066,-0.0358,-0.0272,0.0183,12.69,-36.37,5.19,66.57,-85.19,166.04
52.385944,-1.586504,157.63,14.43,4,282.94,18 / 19,4201309,2019-09-06 20:30:07:052,0.2271,1.2003,10.3404,0.0019,0.0034,9.8066,0.1734,0.0032,0.0095,12.69,-35.69,5.38,67.29,-85.25,166.85
52.385944,-1.586504,157.63,14.43,4,282.94,18 / 19,4201410,2019-09-06 20:30:07:153,-1.4661,0.3867,9.5384,0.0099,0.0068,9.8066,0.1821,-0.0242,0.0031,12.38,-35.81,5.13,67.64,-85.35,168.17
52.385944,-1.586504,157.63,14.43,4,282.94,18 / 19,4201510,2019-09-06 20:30:07:253,0.4586,0.2308,10.6437,-0.0196,-0.0037,9.8066,0.0226,-0.0837,0.0889,12.25,-36.06,4.88,69.4,-85.14,169.21
52.385944,-1.586504,157.63,14.43,4,282.94,18 / 19,4201610,2019-09-06 20:30:07:353,-1.4747,1.0923,9.7892,-0.0373,-0.011,9.8065,-0.1007,-0.0458,-0.0389,12.56,-36.37,4.88,71.28,-84.98,169.84
52.385944,-1.586504,157.63,14.43,4,282.94,18 / 19,4201709,2019-09-06 20:30:07:452,0.3773,1.1557,9.7789,-0.0226,-0.0121,9.8066,-0.0202,-0.1334,-0.0462,12.31,-36.56,4.63,69.07,-85.12,168.49
52.385944,-1.586504,157.63,14.43,4,282.94,18 / 19,4201809,2019-09-06 20:30:07:552,-0.115,2.1791,10.0211,0.0534,-0.0143,9.8064,-0.0291,-0.1107,0.0335,12.19,-36.06,4.38,73.41,-85.19,168.52
52.385944,-1.586504,157.63,14.43,4,282.94,18 / 19,4201910,2019-09-06 20:30:07:653,-1.2983,0.8568,9.754,0.0493,0.0069,9.8065,0.0449,-0.1198,-0.0315,12.56,-35.87,4.75,64.15,-85.55,164.69
52.385944,-1.586504,157.63,14.43,4,282.94,18 / 19,4202010,2019-09-06 20:30:07:753,-0.4384,0.1694,11.0664,-0.0169,-0.0003,9.8066,0.1037,-0.0603,-0.0131,12.19,-36.37,4.44,70.2,-85.36,166.04
52.385944,-1.586504,157.63,14.43,4,282.94,18 / 19,4202110,2019-09-06 20:30:07:853,-1.2342,0.996,10.6476,0.0097,0.0131,9.8066,-0.0992,-0.0289,-0.0378,12.38,-36.19,4.63,65.84,-85.35,166.53
52.385944,-1.586504,157.63,14.43,4,282.94,18 / 19,4202209,2019-09-06 20:30:07:952,-0.5409,1.1479,10.7285,-0.035,-0.0133,9.8065,-0.0112,-0.1782,0.0941,12,-36.62,4.38,72.64,-85.03,166.96
52.385944,-1.586504,157.63,14.43,4,282.94,18 / 19,4202310,2019-09-06 20:30:08:053,-1.0169,1.6401,10.004,0.0159,0.0031,9.8066,0.0308,-0.0702,0.0296,12.25,-35.75,4.44,72.48,-85.12,167.46
52.385944,-1.586504,157.63,14.43,4,282.94,18 / 19,4202410,2019-09-06 20:30:08:153,-2.2485,0.3373,9.0137,-0.0106,0.0016,9.8066,-0.0208,0.0526,0.0124,12.5,-35.94,4.38,71.23,-85.17,166.05
52.385944,-1.586504,157.63,14.43,4,282.94,18 / 19,4202509,2019-09-06 20:30:08:252,-0.6442,2.1073,10.3227,-0.006,0.0215,9.8066,-0.1415,0.0333,-0.0772,11.38,-36.12,3.75,70.54,-85.35,166.82
52.385944,-1.586504,157.63,14.43,4,282.94,18 / 19,4202610,2019-09-06 20:30:08:353,-1.0519,2.5986,9.8096,0.0209,-0.0117,9.8066,0.1595,-0.2195,0.1995,11.5,-35.87,3.06,74.76,-85.63,166.36
52.385944,-1.586504,157.63,14.43,4,282.94,18 / 19,4202709,2019-09-06 20:30:08:452,-4.3196,2.4921,11.4349,0.0117,0.0297,9.8066,-0.1614,0.0002,-0.105,11.38,-35.69,3.38,80.08,-85.52,171.21
52.385944,-1.586504,157.63,14.43,4,282.94,18 / 19,4202810,2019-09-06 20:30:08:553,-1.3024,0.4729,10.2479,-0.0855,-0.0111,9.8062,-0.1014,-0.0073,-0.0246,12.13,-35.87,3.44,81.27,-85.02,170.75
52.385944,-1.586504,157.63,14.43,4,282.94,18 / 19,4202910,2019-09-06 20:30:08:653,0.5651,0.8395,8.6832,-0.0809,-0.0075,9.8063,-0.135,-0.0103,-0.0962,11.25,-35.87,3.31,82.07,-84.91,171.13
52.385944,-1.586504,157.63,14.43,4,282.94,18 / 19,4203010,2019-09-06 20:30:08:753,-0.3336,1.676,9.2268,0.0248,-0.0036,9.8066,-0.109,-0.2114,0.1264,11.75,-36.75,3.63,73.64,-85.17,168.29
52.385944,-1.586504,157.63,14.43,4,282.94,18 / 19,4203110,2019-09-06 20:30:08:853,0.1355,-0.3887,8.7196,-0.0156,0.0142,9.8066,0.2235,-0.124,0.0378,11.94,-36.06,2.88,80.02,-85.26,170.26
52.385944,-1.586504,157.63,14.43,4,282.94,18 / 19,4203210,2019-09-06 20:30:08:953,-1.1659,0.7178,10.4509,0.0393,0.0072,9.8065,0.1471,-0.0291,-0.0283,11.88,-36.5,2.94,79.56,-85.46,170.43
52.385944,-1.586504,157.63,14.43,4,282.94,18 / 19,4203310,2019-09-06 20:30:09:053,-1.7239,1.1425,10.3201,0.0465,-0.0031,9.8065,-0.0429,-0.0339,-0.0079,12.44,-35.94,2.94,79.62,-85.38,170.23
52.385944,-1.586504,157.63,14.43,4,282.94,17 / 19,4203409,2019-09-06 20:30:09:152,-1.0639,1.046,9.7474,-0.0135,-0.0201,9.8066,0.0109,-0.0794,0.0109,12.25,-36.56,3.19,79.9,-85.04,169.1
52.385944,-1.586504,157.63,14.43,4,282.94,17 / 19,4203509,2019-09-06 20:30:09:252,-0.6086,0.4804,9.7174,-0.006,-0.0092,9.8066,-0.0554,-0.0445,-0.0322,11.56,-35.94,3.06,78.49,-85.04,168.17
52.385944,-1.586504,157.63,14.43,4,282.94,17 / 19,4203610,2019-09-06 20:30:09:353,-0.8415,0.4476,9.0597,-0.0076,0,9.8066,-0.0412,-0.0242,-0.0302,11.81,-36.19,2.5,76.36,-85.13,166.41
52.385944,-1.586504,157.63,14.43,4,282.94,17 / 19,4203709,2019-09-06 20:30:09:452,-0.4815,0.2362,9.4628,-0.0198,-0.0097,9.8066,0.0394,-0.0589,-0.0087,12.06,-35.5,2.63,74.88,-85.12,165.39
52.385944,-1.586504,157.63,14.43,4,282.94,17 / 19,4203809,2019-09-06 20:30:09:552,0.2755,0.8762,9.3726,0.0108,-0.0077,9.8066,-0.0018,-0.12,0.0462,12.38,-36.37,2.13,77.93,-85.29,163.55
52.385944,-1.586504,157.63,14.43,4,282.94,17 / 19,4203909,2019-09-06 20:30:09:652,-0.5658,1.0691,9.8698,0.0039,-0.0058,9.8065,0.022,-0.0531,-0.0569,11.88,-36.06,2.44,77.73,-85.25,163.26
52.385944,-1.586504,157.63,14.43,4,282.94,17 / 19,4204009,2019-09-06 20:30:09:752,-0.6896,0.9558,9.3694,0.0218,-0.0103,9.8066,0.0689,-0.0657,0.0121,12.31,-36.06,2.31,76.26,-85.25,161.85
52.385944,-1.586504,157.63,14.43,4,282.94,17 / 19,4204109,2019-09-06 20:30:09:852,-0.8513,0.5909,10.0005,0.0102,0.003,9.8066,-0.1273,-0.0274,-0.0598,12.38,-36,2.19,76.38,-85.23,161.91
52.385944,-1.586504,157.63,14.43,4,282.94,17 / 19,4204210,2019-09-06 20:30:09:953,-2.6531,2.6468,10.4052,0.0143,0.0111,9.8066,0.3575,-0.1585,0.0518,11.94,-36.56,1.88,74.89,-85.27,160.26
52.385944,-1.586504,157.63,14.43,4,282.94,17 / 19,4204310,2019-09-06 20:30:10:053,-3.4047,0.4079,10.4418,0.0733,-0.0143,9.8063,-0.5052,-0.0692,0.1153,11.75,-36.44,1.81,74.65,-85.54,161.22
52.386208,-1.588294,159.48,15.4,4,292.57,18 / 19,4204410,2019-09-06 20:30:10:153,-2.8794,1.3482,11.1187,-0.1458,0.0317,9.8054,0.3904,-0.0191,0.0876,11.88,-36.44,1.94,70.85,-85.83,158.52
52.386208,-1.588294,159.48,15.4,4,292.57,18 / 19,4204510,2019-09-06 20:30:10:253,1.6685,-0.248,10.9181,-0.1459,-0.0134,9.8055,0.2128,-0.0847,0.1342,12,-36,1.63,81.18,-84.92,165.54
52.386208,-1.588294,159.48,15.4,4,292.57,18 / 19,4204609,2019-09-06 20:30:10:352,1.747,-0.648,10.2987,0.0457,0.005,9.8065,-0.104,-0.0095,-0.0434,11.56,-36.12,2.19,81.31,-85.21,166.55
52.386208,-1.588294,159.48,15.4,4,292.57,18 / 19,4204711,2019-09-06 20:30:10:454,-0.1242,2.6582,9.2238,0.0108,0.0043,9.8066,0.0079,0.1357,-0.0993,11.88,-36.37,1.88,82.49,-84.93,166.82
52.386208,-1.588294,159.48,15.4,4,292.57,18 / 19,4204810,2019-09-06 20:30:10:553,-1.213,-1.5133,8.6945,0.0719,0.0177,9.8064,0.1611,0.1085,0.0007,11.63,-36.5,2,82.13,-84.82,166.16
52.386208,-1.588294,159.48,15.4,4,292.57,18 / 19,4204910,2019-09-06 20:30:10:653,-0.0919,0.3134,9.4274,-0.0115,0.0202,9.8066,-0.0893,-0.0284,0.023,11.63,-35.87,0.63,88.06,-85.47,169.12
52.386208,-1.588294,159.48,15.4,4,292.57,18 / 19,4205011,2019-09-06 20:30:10:754,-0.3388,1.6741,9.4221,-0.0432,-0.0009,9.8065,-0.1916,0.0071,0.0709,11.19,-35.75,0.5,91.98,-85.28,171.59
52.386208,-1.588294,159.48,15.4,4,292.57,18 / 19,4205110,2019-09-06 20:30:10:853,-1.113,1.9532,9.5875,-0.0233,0.0155,9.8065,0.1341,0.0057,-0.0535,11.31,-36.25,1.31,92.13,-85.25,171.61
52.386208,-1.588294,159.48,15.4,4,292.57,18 / 19,4205210,2019-09-06 20:30:10:953,-1.0586,-0.1325,10.0994,0.008,0.0014,9.8066,0.1362,-0.0105,-0.0732,11.19,-36.06,1.31,93.31,-85.1,172.33
52.386208,-1.588294,159.48,15.4,4,292.57,18 / 19,4205310,2019-09-06 20:30:11:053,-0.3464,-0.3536,10.0005,0.0216,-0.015,9.8066,-0.1174,-0.0624,0.0995,11.5,-35.44,1.81,85.58,-85.23,171.16
52.386208,-1.588294,159.48,15.4,4,292.57,18 / 19,4205410,2019-09-06 20:30:11:153,0.9479,1.4803,8.8545,-0.0064,0.0118,9.8066,-0.0836,-0.1169,0.0681,10.81,-36.12,1.88,86.05,-85.21,170.73
52.386208,-1.588294,159.48,15.4,4,292.57,18 / 19,4205509,2019-09-06 20:30:11:252,1.1959,-0.6127,9.6738,-0.0527,0.0101,9.8065,0.1869,-0.0646,0.0399,10.81,-36.19,1.69,89.24,-85.1,173.52
52.386208,-1.588294,159.48,15.4,4,292.57,18 / 19,4205610,2019-09-06 20:30:11:353,0.7703,-0.1317,8.4235,0.0031,-0.0019,9.8066,-0.3035,0.0985,-0.1224,10.94,-36.5,0.56,93.61,-85.26,173.17
52.386208,-1.588294,159.48,15.4,4,292.57,18 / 19,4205710,2019-09-06 20:30:11:453,-2.1056,1.2198,10.7124,-0.0021,-0.0092,9.8066,0.2049,-0.0792,0.0726,10.94,-36.44,1.44,91.54,-85.18,170.78
52.386208,-1.588294,159.48,15.4,4,292.57,18 / 19,4205810,2019-09-06 20:30:11:553,0.1312,-0.0981,10.6344,0.0368,0.0255,9.8065,0.2596,0.0404,-0.0715,11.25,-36.56,1.38,97.02,-85.21,176.07
52.386208,-1.588294,159.48,15.4,4,292.57,18 / 19,4205909,2019-09-06 20:30:11:652,1.3487,1.0211,11.1424,0.0402,0.0178,9.8065,0.0381,-0.0307,0.0122,10.88,-36.69,1.31,99.74,-85.01,178.21
52.386208,-1.588294,159.48,15.4,4,292.57,18 / 19,4206010,2019-09-06 20:30:11:753,0.3135,-0.2206,9.5808,-0.0733,-0.0105,9.8063,-0.1612,-0.0193,-0.0098,11.13,-36.94,2,97.51,-84.7,-179.87
52.386208,-1.588294,159.48,15.4,4,292.57,18 / 19,4206110,2019-09-06 20:30:11:853,0.4301,1.038,8.4644,-0.0319,0.0048,9.8066,-0.0059,-0.09,0.0668,10.44,-36.75,2,97.97,-84.33,178.43
52.386208,-1.588294,159.48,15.4,4,292.57,18 / 19,4206209,2019-09-06 20:30:11:952,2.1016,0.5842,8.878,0.0936,0.0009,9.8062,0.0409,-0.0426,0.0208,10.88,-36.87,0.63,103.72,-85.06,-177.37
52.386208,-1.588294,159.48,15.4,4,292.57,18 / 19,4206310,2019-09-06 20:30:12:053,-1.1456,0.4966,9.8386,-0.0749,0.0201,9.8063,-0.1286,-0.0666,0.0596,9.94,-36.56,0.75,104.82,-85.35,-176.24
52.386208,-1.588294,159.48,15.4,4,292.57,18 / 19,4206410,2019-09-06 20:30:12:153,1.3838,0.916,10.1149,-0.1086,0.0353,9.806,-0.2021,-0.0247,-0.0393,9.94,-36.94,1.31,108.68,-84.69,-174.43
52.386208,-1.588294,159.48,15.4,4,292.57,18 / 19,4206510,2019-09-06 20:30:12:253,0.875,0.0383,9.478,-0.0848,0.0163,9.8062,0.1918,-0.0911,0.0225,10.06,-37.19,0.69,108.48,-84.6,-175.02
52.386208,-1.588294,159.48,15.4,4,292.57,18 / 19,4206610,2019-09-06 20:30:12:353,-0.4722,-0.0572,9.9459,0.0366,-0.0184,9.8066,0.0783,-0.0087,0.0251,9.38,-36.87,1.38,110.99,-84.38,-174.62
52.386208,-1.588294,159.48,15.4,4,292.57,18 / 19,4206709,2019-09-06 20:30:12:452,3.7479,1.9593,9.9011,0.0037,0.0109,9.8066,0.2111,0.1899,-0.1281,9.38,-37.19,1.25,111.21,-84.4,-174.27
52.386208,-1.588294,159.48,15.4,4,292.57,18 / 19,4206810,2019-09-06 20:30:12:553,3.0389,0.4706,10.5885,0.0542,-0.0044,9.8064,0.0437,-0.0608,0.1215,9.44,-37.25,1.25,110.76,-84.68,-173.66
52.386208,-1.588294,159.48,15.4,4,292.57,18 / 19,4206910,2019-09-06 20:30:12:653,-3.0548,0.0579,9.2403,0.0569,0.0253,9.8064,-0.1702,-0.0948,0.1546,9.25,-36.81,0.63,113.77,-84.57,-170.62
52.386208,-1.588294,159.48,15.4,4,292.57,18 / 19,4207009,2019-09-06 20:30:12:752,-1.0041,-1.2882,9.5113,0.001,0.0197,9.8066,0.0793,0.0384,0.0162,9.44,-36.94,1.19,115.41,-84.51,-168.9
52.386208,-1.588294,159.48,15.4,4,292.57,18 / 19,4207109,2019-09-06 20:30:12:852,-0.4447,0.942,10.1327,-0.0046,0.0069,9.8066,0.1353,-0.0678,0.0903,8.88,-37.37,1.94,111.96,-84.33,-167.1
52.386208,-1.588294,159.48,15.4,4,292.57,18 / 19,4207209,2019-09-06 20:30:12:952,0.5801,-1.0541,9.9442,-0.0162,0.0122,9.8066,-0.0555,0.0461,0.0283,8.75,-37.12,1.06,119.35,-84.15,-165.57
52.386208,-1.588294,159.48,15.4,4,292.57,18 / 19,4207310,2019-09-06 20:30:13:053,0.6597,1.5214,9.5025,-0.0159,0.0261,9.8066,-0.1468,-0.0146,-0.0707,8.56,-37.69,0.44,125.82,-84.14,-164.58
52.386208,-1.588294,159.48,15.4,4,292.57,17 / 19,4207410,2019-09-06 20:30:13:153,0.7759,0.1942,9.864,-0.0062,0.0114,9.8066,-0.0718,-0.0016,0.0297,9.38,-37.44,1,120.59,-84.27,-163.58
52.386208,-1.588294,159.48,15.4,4,292.57,17 / 19,4207509,2019-09-06 20:30:13:252,-0.9315,-0.8074,9.6949,0.0168,0.0047,9.8065,-0.0689,-0.0478,0.178,9.5,-38.56,1.38,121.46,-84.3,-161.97
52.386208,-1.588294,159.48,15.4,4,292.57,17 / 19,4207609,2019-09-06 20:30:13:352,2.2899,-0.2542,10.0403,-0.0385,0.0481,9.8064,-0.1607,-0.0116,0.0112,8.75,-37.94,0.69,126.23,-83.93,-158.32
52.386208,-1.588294,159.48,15.4,4,292.57,17 / 19,4207709,2019-09-06 20:30:13:452,3.9643,0.2984,10.8968,-0.0435,0.0261,9.8064,0.2364,0.0053,-0.0335,8.31,-38.12,1.38,129.39,-83.73,-156.85
52.386208,-1.588294,159.48,15.4,4,292.57,17 / 19,4207809,2019-09-06 20:30:13:552,0.0396,0.3458,11.0439,0.0008,-0.0075,9.8066,0.1345,-0.0021,0.006,7.94,-37.81,1.56,124.13,-83.49,-157.42
52.386208,-1.588294,159.48,15.4,4,292.57,17 / 19,4207910,2019-09-06 20:30:13:653,-0.7839,0.1694,9.8334,-0.0086,-0.0068,9.8066,-0.0769,0.0474,-0.0204,8.75,-37.5,1.69,121.79,-83.26,-159.21
52.386208,-1.588294,159.48,15.4,4,292.57,17 / 19,4208010,2019-09-06 20:30:13:753,-0.1802,-0.2067,9.2565,-0.0102,-0.0062,9.8066,-0.0584,-0.0276,0.0013,9,-37,0.63,126.72,-83.28,-159.38
52.386208,-1.588294,159.48,15.4,4,292.57,17 / 19,4208110,2019-09-06 20:30:13:853,2.2659,1.05,9.1196,-0.0069,-0.0055,9.8066,0.0369,0.0126,-0.0585,8.63,-37.56,1.06,126.61,-83.45,-159.57
52.386208,-1.588294,159.48,15.4,4,292.57,17 / 19,4208209,2019-09-06 20:30:13:952,1.2179,0.6512,10.1237,0.0507,-0.0163,9.8064,0.1716,-0.0854,0.0521,8.19,-37.5,0.44,132.87,-83.89,-158.17
52.386208,-1.588294,159.48,15.4,4,292.57,17 / 19,4208310,2019-09-06 20:30:14:053,1.0627,-1.9231,10.1897,-0.0324,0.0043,9.8065,0.1375,-0.101,0.1302,8.13,-37.94,1,128.72,-83.65,-158.06
52.386208,-1.588294,159.48,15.4,4,292.57,17 / 18,4208410,2019-09-06 20:30:14:153,0.1816,-0.3684,9.7666,-0.0156,0.015,9.8066,0.082,0.0114,-0.0109,8.56,-38.44,1,127.81,-83.37,-158.27
52.386208,-1.588294,159.48,15.4,4,292.57,17 / 18,4208509,2019-09-06 20:30:14:252,0.7815,1.1938,10.4095,0.0352,0.0213,9.8065,-0.0741,0.083,-0.0358,8.19,-38.62,1.31,132.19,-83.22,-155.6
52.386208,-1.588294,159.48,15.4,4,292.57,17 / 18,4208610,2019-09-06 20:30:14:353,-0.0161,0.5627,10.2184,-0.032,-0.0026,9.8066,-0.0252,-0.033,0.1323,7.31,-38,0.63,133.83,-83.15,-155.48
52.386208,-1.588294,159.48,15.4,4,292.57,17 / 18,4208710,2019-09-06 20:30:14:453,0.6004,0.783,10.6043,-0.0042,0.0184,9.8066,-0.1238,0.0036,-0.043,7.56,-37.56,0.88,133.12,-83.16,-153.83
52.386208,-1.588294,159.48,15.4,4,292.57,17 / 18,4208809,2019-09-06 20:30:14:552,1.2415,0.4898,9.2215,-0.0143,-0.0038,9.8066,0.0043,-0.0906,-0.0028,8,-37.81,0.81,133.33,-83.08,-153.82
52.386208,-1.588294,159.48,15.4,4,292.57,17 / 18,4208909,2019-09-06 20:30:14:652,1.0905,-1.5455,9.8678,-0.0324,0.0087,9.8066,0.0653,-0.0758,0.0802,8.06,-37.75,0.81,133.62,-82.91,-154.06
52.386208,-1.588294,159.48,15.4,4,292.57,17 / 18,4209010,2019-09-06 20:30:14:753,1.673,0.2765,10.1521,0.0146,0.0061,9.8066,0.0547,-0.0265,0.0082,7.5,-37.81,1.13,133.92,-82.86,-153.8
52.386208,-1.588294,159.48,15.4,4,292.57,17 / 18,4209110,2019-09-06 20:30:14:853,0.6425,0.0343,9.6362,0.0092,0.0044,9.8065,-0.0306,0.0368,-0.0555,7.19,-38.75,1.44,136.84,-82.84,-152.98
52.386208,-1.588294,159.48,15.4,4,292.57,17 / 18,4209209,2019-09-06 20:30:14:952,1.3859,-1.2877,9.3537,0.0016,0.0094,9.8066,-0.0692,-0.013,-0.0142,7.56,-38.12,1.19,135.02,-82.81,-152.37
52.386208,-1.588294,159.48,15.4,4,292.57,17 / 18,4209310,2019-09-06 20:30:15:053,0.7048,-0.1471,9.3409,0.0292,-0.0058,9.8065,0.0323,-0.0383,0.0657,7.31,-38.69,0.88,137.54,-82.95,-151.41
52.386208,-1.588294,159.48,15.4,4,292.57,18 / 19,4209409,2019-09-06 20:30:15:152,0.5067,-0.6546,9.4379,0.0055,-0.002,9.8066,-0.0145,0.0002,0.0621,7.63,-38.31,1.06,135.66,-83.03,-150.67
52.386208,-1.588294,159.48,15.4,4,292.57,18 / 19,4209509,2019-09-06 20:30:15:252,2.1466,-0.1258,9.5177,-0.0185,0.0089,9.8065,-0.0102,-0.0636,-0.0093,7.75,-37.87,0.56,135.67,-83.01,-150.72
52.386208,-1.588294,159.48,15.4,4,292.57,18 / 19,4209609,2019-09-06 20:30:15:352,-1.8279,-0.8566,9.1603,0.0278,-0.0237,9.8065,0.0412,-0.0204,-0.0234,7.94,-37.56,0.69,134.16,-83.32,-151.77
52.386208,-1.588294,159.48,15.4,4,292.57,18 / 19,4209710,2019-09-06 20:30:15:453,2.2256,-0.4252,10.1009,0.028,-0.0014,9.8065,-0.0593,-0.0765,0.0512,7.63,-37.56,0.75,134.52,-83.3,-151.34
52.386208,-1.588294,159.48,15.4,4,292.57,18 / 19,4209810,2019-09-06 20:30:15:553,0.9355,-0.3329,10.4751,-0.0079,-0.0058,9.8066,-0.0072,-0.0607,-0.0751,7.81,-37.56,0.56,133.36,-83.26,-153.11
52.386208,-1.588294,159.48,15.4,4,292.57,18 / 19,4209910,2019-09-06 20:30:15:653,1.1042,-0.7414,10.1225,-0.0014,0.0088,9.8065,0.0091,-0.0282,-0.0499,7.81,-38.37,0.81,133.9,-83.22,-152.5
52.386208,-1.588294,159.48,15.4,4,292.57,18 / 19,4210009,2019-09-06 20:30:15:752,3.3998,-1.7551,10.35,-0.0037,0.0026,9.8066,0.1815,0.0247,0.0147,7.44,-38.19,0.88,136.12,-83.02,-152.56
52.386208,-1.588294,159.48,15.4,4,292.57,18 / 19,4210110,2019-09-06 20:30:15:853,1.7623,-0.001,10.3038,-0.0054,-0.0047,9.8066,0.0624,0.0021,-0.0111,7.63,-38.12,1.06,133.83,-82.87,-153.89
52.386208,-1.588294,159.48,15.4,4,292.57,18 / 19,4210210,2019-09-06 20:30:15:953,0.3784,-0.9373,10.0601,-0.0208,-0.0026,9.8065,0.0963,-0.1478,-0.0177,7.38,-37.94,1.5,129.72,-82.66,-155.11
52.386208,-1.588294,159.48,15.4,4,292.57,18 / 19,4210309,2019-09-06 20:30:16:052,0.9577,-2.4373,8.9231,-0.0065,-0.0308,9.8066,-0.0899,0.0978,-0.1872,7.25,-37.69,1.25,134.03,-82.72,-157.08
52.386208,-1.588294,159.48,15.4,4,292.57,18 / 19,4210409,2019-09-06 20:30:16:152,0.489,-0.0325,10.6258,-0.0001,0.0016,9.8066,0.1046,-0.0097,0.0649,7.63,-37.94,0.88,132.21,-82.74,-156.73
52.386208,-1.588294,159.48,15.4,4,292.57,18 / 19,4210510,2019-09-06 20:30:16:253,-1.408,-0.1798,10.915,0.0787,-0.0563,9.8061,0.1341,0.0593,-0.1182,8.13,-37.5,1.19,130.01,-83.21,-157.33
52.386208,-1.588294,159.48,15.4,4,292.57,18 / 19,4210609,2019-09-06 20:30:16:352,0.8181,-0.3208,10.6462,-0.0941,0.0248,9.8061,-0.2138,-0.0329,-0.0156,8,-38.12,1.19,130.9,-83.32,-156.39
52.386208,-1.588294,159.48,15.4,4,292.57,18 / 19,4210709,2019-09-06 20:30:16:452,1.1817,-0.5213,10.0146,-0.041,0.0064,9.8065,-0.0711,-0.0472,-0.0116,8.38,-38,0.69,130.76,-83.09,-157.45
52.386208,-1.588294,159.48,15.4,4,292.57,18 / 19,4210809,2019-09-06 20:30:16:552,0.2239,1.0546,9.3344,0.0254,-0.01,9.8066,-0.0812,0.0135,-0.038,8.25,-37.87,1.38,130.56,-83.22,-157.25
52.386208,-1.588294,159.48,15.4,4,292.57,18 / 19,4210909,2019-09-06 20:30:16:652,-0.3495,-1.5368,10.4265,0.0133,-0.0156,9.8066,-0.0138,-0.2022,0.1849,9,-37.87,1.13,128.64,-83.35,-157.23
52.386208,-1.588294,159.48,15.4,4,292.57,18 / 19,4211010,2019-09-06 20:30:16:753,1.9438,-2.2552,9.2635,-0.0316,0.0312,9.8065,-0.0264,-0.243,0.0423,8.13,-37.87,1.38,130.87,-83.26,-156.63
52.386208,-1.588294,159.48,15.4,4,292.57,18 / 19,4211110,2019-09-06 20:30:16:853,1.5273,-3.6228,9.5278,-0.0632,-0.0146,9.8064,-0.1387,0.2163,-0.245,8.44,-37.25,0.56,128.85,-83.28,-158.67
52.386208,-1.588294,159.48,15.4,4,292.57,18 / 19,4211210,2019-09-06 20:30:16:953,1.3584,1.0932,9.8354,0.0339,-0.0258,9.8065,0.1,0.1809,-0.0324,8.75,-37.31,0.75,128.03,-83.08,-158.35
52.386208,-1.588294,159.48,15.4,4,292.57,18 / 19,4211310,2019-09-06 20:30:17:053,2.2343,0.552,9.569,0.0209,0.0108,9.8066,0.1306,-0.0827,0.0853,8.5,-37.81,1.25,128.36,-83.22,-158.05
52.386208,-1.588294,159.48,15.4,4,292.57,18 / 19,4211409,2019-09-06 20:30:17:152,0.3945,-1.881,10.1769,0.0291,0.01,9.8066,0.0157,-0.215,0.0643,9.06,-38,1.38,129.07,-83.29,-156.87
52.386208,-1.588294,159.48,15.4,4,292.57,18 / 19,4211509,2019-09-06 20:30:17:252,2.8486,0.4073,9.7781,0.0319,-0.0304,9.8065,0.109,0.0724,-0.0899,8.56,-38.12,1.19,128.18,-83.4,-157.69
52.386208,-1.588294,159.48,15.4,4,292.57,18 / 19,4211610,2019-09-06 20:30:17:353,-0.0695,-0.3257,9.7636,-0.0175,-0.0015,9.8066,-0.0741,0.0378,-0.0151,8.31,-38.31,1.19,130.24,-83.23,-157.63
52.386208,-1.588294,159.48,15.4,4,292.57,18 / 19,4211710,2019-09-06 20:30:17:453,1.442,-0.4662,10.5701,0.0023,-0.0008,9.8066,0.0282,-0.0321,-0.0172,8.44,-38,1.44,129.97,-83.32,-157.68
52.386208,-1.588294,159.48,15.4,4,292.57,18 / 19,4211809,2019-09-06 20:30:17:552,1.063,0.1727,10.1726,-0.0437,0.0177,9.8064,-0.0418,0.0189,-0.0128,8.06,-38,0.19,135.22,-83.42,-157.21
52.386208,-1.588294,159.48,15.4,4,292.57,18 / 19,4211909,2019-09-06 20:30:17:652,2.3968,-0.9025,9.4099,-0.0315,0.006,9.8065,-0.1472,-0.0096,0.0226,8.81,-37.37,0.75,127.37,-83.26,-158.6
52.386208,-1.588294,159.48,15.4,4,292.57,18 / 19,4212010,2019-09-06 20:30:17:753,0.8136,0.1616,9.5331,-0.0067,-0.0116,9.8066,0.013,0.0719,-0.0983,8,-38.25,0.44,134.02,-83.32,-159.29
52.386208,-1.588294,159.48,15.4,4,292.57,18 / 19,4212110,2019-09-06 20:30:17:853,1.8463,-1.4731,9.6316,-0.0418,0.0178,9.8065,0.0261,-0.1337,0.022,8.25,-37.12,0.94,128.06,-83.29,-159.72
52.386208,-1.588294,159.48,15.4,4,292.57,18 / 19,4212210,2019-09-06 20:30:17:953,0.8384,-0.9137,9.7038,0.0131,-0.0059,9.8066,-0.0189,-0.0517,0.0164,8,-38.31,0.69,127.52,-83.4,-160.72
52.386208,-1.588294,159.48,15.4,4,292.57,18 / 19,4212309,2019-09-06 20:30:18:052,0.5449,-0.8493,9.8829,-0.0181,-0.0051,9.8066,-0.1327,0.0343,-0.0143,9.06,-38.25,1.06,125.31,-83.31,-161.8
52.386208,-1.588294,159.48,15.4,4,292.57,18 / 19,4212410,2019-09-06 20:30:18:153,2.9712,0.3297,9.9944,0.0069,-0.0051,9.8066,-0.0157,-0.0136,-0.0216,8.38,-38.19,1.5,121.73,-83.25,-161.61
52.386208,-1.588294,159.48,15.4,4,292.57,18 / 19,4212509,2019-09-06 20:30:18:252,1.3195,-0.5971,9.7092,0.0012,-0.0046,9.8066,-0.1191,-0.0335,-0.0036,8.63,-38,1.63,119.18,-83.39,-162.74
52.386208,-1.588294,159.48,15.4,4,292.57,18 / 19,4212610,2019-09-06 20:30:18:353,2.112,-0.5933,10.0587,0.001,0.0017,9.8066,0.0369,0.0366,-0.0025,8.44,-38,1.31,126.42,-83.35,-162.46
52.386208,-1.588294,159.48,15.4,4,292.57,18 / 19,4212710,2019-09-06 20:30:18:453,0.101,-0.4812,9.8594,-0.0093,0.0179,9.8066,0.0262,-0.0474,0.0815,8.56,-37.31,1.69,120.06,-83.26,-161.45
52.386208,-1.588294,159.48,15.4,4,292.57,18 / 19,4212810,2019-09-06 20:30:18:553,2.0659,-0.0327,9.6083,-0.0063,-0.0011,9.8066,-0.0071,0.0464,-0.0713,8.38,-38,0.69,128.19,-83.1,-161.02
52.386208,-1.588294,159.48,15.4,4,292.57,18 / 19,4212910,2019-09-06 20:30:18:653,0.8377,-1.0171,9.3509,-0.0173,0.0206,9.8065,0.0959,0.0138,0.05,8.25,-37.69,0.69,128.84,-82.91,-160.91
52.386208,-1.588294,159.48,15.4,4,292.57,18 / 19,4213009,2019-09-06 20:30:18:752,2.1041,-0.9032,10.512,0.0035,0.0226,9.8066,0.0147,-0.1449,0.0874,8.25,-38.56,1.94,124.69,-82.87,-160.11
52.386208,-1.588294,159.48,15.4,4,292.57,18 / 19,4213109,2019-09-06 20:30:18:852,1.8213,-0.0086,10.0051,0.025,0.0016,9.8065,-0.0263,-0.0428,-0.0238,8.31,-38.56,1.63,126.38,-82.79,-158.06
52.386208,-1.588294,159.48,15.4,4,292.57,18 / 19,4213209,2019-09-06 20:30:18:952,1.7734,0.47,9.8102,-0.0056,0.0012,9.8066,0.0089,-0.0102,-0.0299,8.25,-38.94,1.75,126.92,-82.78,-157.34
52.386208,-1.588294,159.48,15.4,4,292.57,18 / 19,4213309,2019-09-06 20:30:19:052,1.0919,0.5353,9.4085,0.0061,-0.0037,9.8066,-0.0173,-0.1056,-0.0021,8.31,-38.44,1.06,131.47,-82.89,-157.21
52.386703,-1.589797,161.06,7.68,3,302.15,18 / 19,4213410,2019-09-06 20:30:19:153,2.7113,0.7264,9.483,0.0212,-0.005,9.8066,0.0441,-0.0887,-0.021,8.13,-37.81,0.88,130.82,-83.09,-157.36
52.386703,-1.589797,161.06,7.68,3,302.15,18 / 19,4213509,2019-09-06 20:30:19:252,2.1687,1.9365,10.2842,0.0167,-0.0026,9.8066,0.0577,-0.2015,0.0342,7.94,-38.06,0.63,130.63,-83.35,-156.62
52.386703,-1.589797,161.06,7.68,3,302.15,18 / 19,4213610,2019-09-06 20:30:19:353,1.3073,1.4701,10.1676,-0.0068,-0.0007,9.8066,0.0151,-0.1587,-0.0124,7.31,-37.75,0.63,131.71,-83.46,-157.26
52.386703,-1.589797,161.06,7.68,3,302.15,18 / 19,4213710,2019-09-06 20:30:19:453,0.4711,0.9438,9.7475,-0.0071,-0.0044,9.8066,0.013,-0.2439,0.0114,7.88,-37.37,1.13,128.56,-83.44,-158.43
52.386703,-1.589797,161.06,7.68,3,302.15,18 / 19,4213809,2019-09-06 20:30:19:552,1.1661,1.7986,9.9884,-0.0202,-0.0068,9.8066,0.0465,-0.2369,-0.0339,7.94,-38.44,0.5,127.53,-83.36,-160.88
52.386703,-1.589797,161.06,7.68,3,302.15,18 / 19,4213909,2019-09-06 20:30:19:652,0.927,1.5386,10.2053,-0.013,-0.0146,9.8065,0.0964,-0.2592,-0.0085,8,-37.94,0,131.43,-83.33,-162.93
52.386703,-1.589797,161.06,7.68,3,302.15,18 / 19,4214010,2019-09-06 20:30:19:753,1.8697,1.5467,10.3277,-0.0108,-0.0105,9.8066,-0.0743,-0.3103,-0.019,7.75,-38.25,0,129.95,-83.4,-164.71
52.386703,-1.589797,161.06,7.68,3,302.15,18 / 19,4214109,2019-09-06 20:30:19:852,1.5348,1.033,9.8382,0.0069,-0.0295,9.8065,-0.0192,-0.2653,-0.0002,7.13,-37.94,-0.06,130.37,-83.49,-167.53
52.386703,-1.589797,161.06,7.68,3,302.15,18 / 19,4214210,2019-09-06 20:30:19:953,2.1093,1.706,9.5935,-0.0076,-0.0225,9.8066,-0.0646,-0.3107,-0.036,7.19,-37.44,-0.69,133.36,-83.54,-170.01
52.386703,-1.589797,161.06,7.68,3,302.15,18 / 19,4214312,2019-09-06 20:30:20:055,0.8074,2.2966,9.4378,0.0094,-0.0039,9.8066,-0.0797,-0.3427,0.0298,6.69,-38.12,-1.19,133.2,-83.72,-170.22
52.386703,-1.589797,161.06,7.68,3,302.15,18 / 19,4214409,2019-09-06 20:30:20:152,3.2737,1.2629,9.6063,0.0069,-0.0116,9.8066,-0.0199,-0.3795,0.0117,6.44,-37.5,-1.94,141.09,-83.89,-170.25
52.386703,-1.589797,161.06,7.68,3,302.15,18 / 19,4214510,2019-09-06 20:30:20:253,1.5034,2.5869,10.5554,0.0096,-0.0078,9.8066,0.0207,-0.4208,0.0326,6.19,-37.56,-2,141.17,-84.03,-170.25
52.386703,-1.589797,161.06,7.68,3,302.15,18 / 19,4214609,2019-09-06 20:30:20:352,1.7706,2.3877,9.7257,0.0039,-0.0087,9.8066,-0.1043,-0.4271,0.04,5.81,-38.12,-2.94,145.61,-84.16,-169.84
52.386703,-1.589797,161.06,7.68,3,302.15,18 / 19,4214710,2019-09-06 20:30:20:453,1.5635,1.5712,9.8009,0.0085,-0.0071,9.8066,-0.093,-0.4658,0.0637,4.19,-37.31,-3.5,155.53,-84.15,-169.45
52.386703,-1.589797,161.06,7.68,3,302.15,18 / 19,4214809,2019-09-06 20:30:20:552,3.3478,0.9553,9.8296,0.0019,0.0118,9.8066,0.0407,-0.4584,0.0671,4.25,-37.56,-4,160.13,-84.14,-168.26
52.386703,-1.589797,161.06,7.68,3,302.15,18 / 19,4214910,2019-09-06 20:30:20:653,3.2128,-0.1632,9.4865,0.0251,-0.0259,9.8066,-0.01,-0.5243,0.1163,4.19,-37.56,-5,163.34,-84.1,-167.99
52.386703,-1.589797,161.06,7.68,3,302.15,18 / 19,4215010,2019-09-06 20:30:20:753,3.4776,0.0671,10.1143,0.0366,-0.0251,9.8065,0.0388,-0.5207,0.0613,2.25,-36.75,-5.19,176.14,-84.26,-164.68
52.386703,-1.589797,161.06,7.68,3,302.15,18 / 19,4215110,2019-09-06 20:30:20:853,4.419,0.4082,9.9946,0.024,-0.0181,9.8065,0.0324,-0.5686,0.0742,2.06,-37.19,-5.81,179.23,-84.14,-162.78
52.386703,-1.589797,161.06,7.68,3,302.15,18 / 19,4215210,2019-09-06 20:30:20:953,1.7602,-0.2046,9.9242,-0.0279,-0.0074,9.8066,-0.0824,-0.5727,0.0481,1.31,-37.25,-6.5,184.21,-84.12,-163.72
52.386703,-1.589797,161.06,7.68,3,302.15,18 / 19,4215310,2019-09-06 20:30:21:053,2.5145,0.7972,11.2268,0.0153,0.0269,9.8066,-0.1082,-0.5219,0.2211,0.56,-36.5,-7.25,184.73,-84.09,-164.68
52.386703,-1.589797,161.06,7.68,3,302.15,18 / 19,4215410,2019-09-06 20:30:21:153,3.6335,0.1742,11.0596,0.057,0.0821,9.8061,0.0679,-0.5281,0.1286,-1.5,-38.44,-7.06,198.59,-82.97,-157.56
52.386703,-1.589797,161.06,7.68,3,302.15,18 / 19,4215509,2019-09-06 20:30:21:252,5.2344,-1.3351,10.772,0.0464,0.0882,9.8061,0.1161,-0.6754,0.1999,-2.37,-38.5,-6.5,203.81,-82.2,-155.56
52.386703,-1.589797,161.06,7.68,3,302.15,18 / 19,4215609,2019-09-06 20:30:21:352,1.6923,-1.8253,9.7395,-0.0101,0.0651,9.8064,0.2261,-0.7082,0.2193,-3.75,-38.56,-5.94,210.68,-81.04,-157.78
52.386703,-1.589797,161.06,7.68,3,302.15,18 / 19,4215709,2019-09-06 20:30:21:452,2.9354,-0.2128,9.333,0.0043,0.0366,9.8065,0.0644,-0.5194,0.1534,-4.87,-38.31,-5.5,215.18,-80.38,-158.88
52.386703,-1.589797,161.06,7.68,3,302.15,18 / 19,4215809,2019-09-06 20:30:21:552,4.2836,-0.4416,10.5325,0.023,-0.0072,9.8065,0.014,-0.5885,0.0986,-5.56,-38.44,-5.06,219.35,-79.72,-157.67
52.386703,-1.589797,161.06,7.68,3,302.15,18 / 19,4215909,2019-09-06 20:30:21:652,3.0679,-0.4598,10.6472,-0.0037,-0.0216,9.8065,0.0333,-0.4907,0.0294,-6.94,-38.62,-5.94,222.09,-79.51,-156.44
52.386703,-1.589797,161.06,7.68,3,302.15,18 / 19,4216010,2019-09-06 20:30:21:753,3.4042,-0.0145,10.2607,-0.0267,0.0265,9.8065,-0.1661,-0.4431,-0.0012,-7.31,-38.62,-6.31,221.18,-79.65,-158.42
52.386703,-1.589797,161.06,7.68,3,302.15,18 / 19,4216110,2019-09-06 20:30:21:853,2.6892,-1.6351,9.6525,-0.0301,0.0354,9.8064,-0.2135,-0.5921,0.0165,-7.5,-38.25,-5.81,220.97,-79.96,-160.55
52.386703,-1.589797,161.06,7.68,3,302.15,18 / 19,4216209,2019-09-06 20:30:21:952,0.6043,-1.4126,10.2164,-0.0098,-0.0017,9.8066,0.1588,-0.4094,0.0917,-8.44,-39.12,-5.44,225.63,-80.27,-162.55
52.386703,-1.589797,161.06,7.68,3,302.15,18 / 19,4216309,2019-09-06 20:30:22:052,1.2123,-0.4588,10.2725,0.0157,0.0005,9.8065,0.1156,-0.4168,0.093,-9.19,-38.25,-5.12,229.45,-79.96,-162.39
52.386703,-1.589797,161.06,7.68,3,302.15,18 / 19,4216409,2019-09-06 20:30:22:152,2.3577,-0.9456,9.7402,-0.0002,0.0044,9.8066,0.064,-0.4069,0.0377,-9.69,-38.19,-4.87,231.78,-79.68,-163.23
52.386703,-1.589797,161.06,7.68,3,302.15,18 / 19,4216510,2019-09-06 20:30:22:253,2.1433,-1.8315,9.4969,-0.0112,0.0135,9.8066,0.0148,-0.385,0.0738,-10.62,-38.12,-4.75,233.69,-79.47,-164.41
52.386703,-1.589797,161.06,7.68,3,302.15,18 / 19,4216609,2019-09-06 20:30:22:352,1.12,0.2631,10.0801,-0.0242,-0.003,9.8065,-0.0472,-0.3298,0.0316,-11,-37.69,-5,232.68,-79.38,-165.58
52.386703,-1.589797,161.06,7.68,3,302.15,18 / 19,4216710,2019-09-06 20:30:22:453,1.6129,-0.7953,10.6722,-0.0126,-0.0344,9.8065,0.0551,-0.3899,0.1,-11.37,-37.69,-4.81,233.05,-79.56,-165.55
52.386703,-1.589797,161.06,7.68,3,302.15,18 / 19,4216810,2019-09-06 20:30:22:553,1.8178,0.5792,10.5343,0.0127,0.0125,9.8065,-0.0347,-0.3089,0.0781,-11.62,-38,-4.19,238.61,-79.5,-165.15
52.386703,-1.589797,161.06,7.68,3,302.15,18 / 19,4216910,2019-09-06 20:30:22:653,1.5403,-1.57,9.4638,0.0125,0.0107,9.8066,-0.0489,-0.3607,0.0635,-12.56,-37.87,-4.06,241.18,-79.45,-165.12
52.386703,-1.589797,161.06,7.68,3,302.15,18 / 19,4217010,2019-09-06 20:30:22:753,0.5474,-0.2477,9.5489,0.0112,-0.002,9.8066,0.0621,-0.3164,0.0713,-13.5,-38.5,-2.81,243.63,-79.31,-165.09
52.386703,-1.589797,161.06,7.68,3,302.15,18 / 19,4217109,2019-09-06 20:30:22:852,0.1874,0.0366,10.2318,-0.0072,0.0112,9.8065,0.0478,-0.291,0.0199,-13.44,-38.75,-3.19,242.49,-79.25,-165.58
52.386703,-1.589797,161.06,7.68,3,302.15,18 / 19,4217210,2019-09-06 20:30:22:953,0.0787,0.0766,9.5474,0.0054,0.0118,9.8066,-0.0469,-0.1808,0.0371,-13.94,-37.56,-2.62,245,-79.27,-166.27
52.386703,-1.589797,161.06,7.68,3,302.15,18 / 19,4217309,2019-09-06 20:30:23:052,-1.1695,0.2599,9.9278,0.0202,0.0211,9.8066,-0.074,-0.1426,-0.0047,-13.5,-37.94,-3,241.79,-79.07,-166.8
52.386703,-1.589797,161.06,7.68,3,302.15,18 / 19,4217410,2019-09-06 20:30:23:153,0.2274,-0.1214,9.8253,-0.0097,-0.0106,9.8066,0.1059,-0.0556,0.0022,-13.81,-37.44,-3.37,244.59,-79.08,-167.06
52.386703,-1.589797,161.06,7.68,3,302.15,18 / 19,4217510,2019-09-06 20:30:23:253,0.2904,0.9123,9.9501,-0.0211,-0.0106,9.8066,0.029,-0.0646,-0.0053,-14.06,-37.25,-2.37,246.98,-79.05,-167.58
52.386703,-1.589797,161.06,7.68,3,302.15,18 / 19,4217610,2019-09-06 20:30:23:353,-0.0388,0.896,9.591,0.0324,0.0459,9.8064,-0.1622,-0.014,-0.0703,-13.62,-38.06,-3.69,239.28,-78.77,-168.95
52.386703,-1.589797,161.06,7.68,3,302.15,18 / 19,4217710,2019-09-06 20:30:23:453,-0.0978,0.5127,9.7732,0.0416,0.0215,9.8064,-0.0334,-0.0187,0.0629,-13.69,-37.5,-2.69,242.64,-78.87,-168.99
52.386703,-1.589797,161.06,7.68,3,302.15,18 / 19,4217809,2019-09-06 20:30:23:552,-0.3344,0.2197,9.422,-0.0048,-0.0025,9.8065,0.0151,0.0401,-0.0527,-13.62,-37.62,-3.12,242.86,-78.88,-167.94
52.386703,-1.589797,161.06,7.68,3,302.15,18 / 19,4217910,2019-09-06 20:30:23:653,-0.059,0.5067,9.9302,-0.0089,-0.0066,9.8065,-0.0054,0.0097,0.0198,-13.56,-37.62,-3.44,243.2,-79.05,-167.96
52.386703,-1.589797,161.06,7.68,3,302.15,18 / 19,4218009,2019-09-06 20:30:23:752,0.2218,0.5589,10.4556,-0.0062,0.0012,9.8066,-0.0304,0.0502,-0.0275,-13.37,-37.81,-3.06,241.03,-79.07,-167.8
52.386703,-1.589797,161.06,7.68,3,302.15,18 / 19,4218110,2019-09-06 20:30:23:853,-1.6588,0.7423,9.4233,0.0287,0.0262,9.8065,-0.135,0.0152,-0.0529,-13.37,-39.25,-3.37,239.9,-78.98,-168.22
52.386703,-1.589797,161.06,7.68,3,302.15,18 / 19,4218209,2019-09-06 20:30:23:952,1.5522,-0.3595,11.6486,0.0018,-0.0505,9.8065,0.0674,0.1385,0.0315,-13.87,-38,-2.19,247.36,-79.08,-166.39
52.386703,-1.589797,161.06,7.68,3,302.15,18 / 19,4218310,2019-09-06 20:30:24:053,1.8256,1.6533,11.6753,-0.0501,-0.0647,9.8062,-0.0293,0.0118,-0.0529,-13.62,-37.81,-1.87,248.14,-78.91,-164.94
52.386703,-1.589797,161.06,7.68,3,302.15,18 / 20,4218409,2019-09-06 20:30:24:152,1.9306,1.2872,10.8507,0.0986,0.0849,9.8057,-0.2577,-0.0539,0.0501,-14.19,-37.94,-1.62,247.38,-78.88,-165.79
52.386703,-1.589797,161.06,7.68,3,302.15,18 / 20,4218509,2019-09-06 20:30:24:252,-1.0576,-1.2919,9.7191,0.069,0.0475,9.8062,-0.2783,-0.1336,0.0393,-13.12,-38.44,-2.44,243.13,-78.32,-166.56
52.386703,-1.589797,161.06,7.68,3,302.15,18 / 20,4218609,2019-09-06 20:30:24:352,0.3232,-0.9357,10.7122,-0.0262,-0.0502,9.8064,0.177,0.1203,-0.0228,-14.69,-37,-2.94,247.58,-78.53,-164.64
52.386703,-1.589797,161.06,7.68,3,302.15,18 / 20,4218709,2019-09-06 20:30:24:452,-0.9455,1.2549,10.2337,-0.0577,-0.0624,9.8062,0.1971,0.0381,-0.0048,-13.37,-36.5,-2.31,247.27,-78.62,-163.96
52.386703,-1.589797,161.06,7.68,3,302.15,18 / 20,4218809,2019-09-06 20:30:24:552,-1.1992,0.7214,9.6664,0.0318,0.0163,9.8065,-0.171,0.0205,0.0354,-14,-37.37,-3.5,245.97,-78.51,-163.82
52.386703,-1.589797,161.06,7.68,3,302.15,18 / 20,4218910,2019-09-06 20:30:24:653,-1.575,0.7578,9.7357,0.0145,0.0037,9.8065,-0.0387,0.068,-0.0116,-14,-37.62,-3.5,245.95,-78.63,-163.31
52.386703,-1.589797,161.06,7.68,3,302.15,18 / 20,4219009,2019-09-06 20:30:24:752,-0.9467,0.3244,9.8483,0.0248,0.0008,9.8066,0.0339,-0.0137,0.0511,-14.12,-37.87,-3.37,246.39,-78.59,-162.65
52.386703,-1.589797,161.06,7.68,3,302.15,18 / 20,4219109,2019-09-06 20:30:24:852,-2.2664,0.2468,9.4978,0.0165,0.0178,9.8066,-0.0516,0.0663,-0.0017,-13.94,-37.44,-3.31,246.88,-78.39,-162.33
52.386703,-1.589797,161.06,7.68,3,302.15,18 / 20,4219209,2019-09-06 20:30:24:952,-0.9342,-0.2701,9.855,-0.0057,-0.0319,9.8065,0.0458,0.0349,0.0158,-14.5,-37.56,-3,247.59,-78.38,-160.53
52.386703,-1.589797,161.06,7.68,3,302.15,18 / 20,4219310,2019-09-06 20:30:25:053,-0.7141,-0.572,9.7055,0.013,0.0051,9.8066,0.0343,0.0219,-0.0069,-14.69,-37.19,-3.44,250.89,-78.35,-160.11
52.386703,-1.589797,161.06,7.68,3,302.15,18 / 20,4219410,2019-09-06 20:30:25:153,-1.4962,-0.5373,10.039,-0.0023,-0.0035,9.8066,0.0431,0.0475,-0.0027,-14.56,-37.87,-3.37,250.03,-78.26,-160.1
52.386703,-1.589797,161.06,7.68,3,302.15,18 / 20,4219509,2019-09-06 20:30:25:252,-1.4785,-0.1182,9.7211,0.0078,-0.0033,9.8066,0.0106,0.0043,0.014,-13.44,-37.5,-3.31,245.64,-78.12,-159.88
52.386703,-1.589797,161.06,7.68,3,302.15,18 / 20,4219610,2019-09-06 20:30:25:353,-1.1687,0.011,9.6357,0.0076,0.002,9.8066,0.0387,-0.0093,0.0026,-14.31,-37.69,-3.87,244.78,-78.03,-159.87
52.386703,-1.589797,161.06,7.68,3,302.15,18 / 20,4219710,2019-09-06 20:30:25:453,-1.6409,-0.3951,10.118,0.0094,-0.0015,9.8066,0.0096,0.0257,-0.0147,-14.56,-37.56,-2.69,249.39,-77.86,-159.8
52.386703,-1.589797,161.06,7.68,3,302.15,18 / 20,4219809,2019-09-06 20:30:25:552,-1.7549,-0.633,10.0521,0.0129,0.0102,9.8065,-0.0242,0.0607,-0.0423,-14.31,-37.56,-3.44,246.9,-77.71,-159.51
52.386703,-1.589797,161.06,7.68,3,302.15,18 / 20,4219910,2019-09-06 20:30:25:653,-1.7838,-0.3331,9.4714,-0.0031,-0.0148,9.8065,0.0528,-0.017,0.0504,-14.12,-37.62,-3.12,247.53,-77.88,-159.17
52.386703,-1.589797,161.06,7.68,3,302.15,18 / 20,4220010,2019-09-06 20:30:25:753,-1.3342,-0.2307,9.5682,0.0094,-0.006,9.8066,-0.0146,0.0027,0.0245,-14.31,-38,-3.19,248.14,-77.89,-158.43
52.386703,-1.589797,161.06,7.68,3,302.15,18 / 20,4220109,2019-09-06 20:30:25:852,-1.4308,0.2455,10.1414,-0.004,-0.0072,9.8066,-0.0022,0.0419,-0.031,-14.44,-37.87,-3.94,245.88,-77.9,-158.09
52.386703,-1.589797,161.06,7.68,3,302.15,18 / 20,4220210,2019-09-06 20:30:25:953,-1.5697,-1.0492,10.5407,0.014,0.0019,9.8066,0.0163,0.0241,0.0171,-14.06,-37.44,-3.06,249.49,-77.91,-157.69
52.386703,-1.589797,161.06,7.68,3,302.15,18 / 20,4220309,2019-09-06 20:30:26:052,-1.0785,-0.5375,9.341,0.0058,0.0211,9.8066,-0.0071,-0.0115,-0.0108,-14.31,-37.94,-3.81,245.49,-77.74,-158.15
52.386703,-1.589797,161.06,7.68,3,302.15,18 / 20,4220409,2019-09-06 20:30:26:152,-1.906,0.2435,8.9412,0.0102,0.0156,9.8066,0.0467,-0.0329,-0.0222,-13.75,-38,-3.12,247.1,-77.6,-158.9
52.386703,-1.589797,161.06,7.68,3,302.15,18 / 20,4220510,2019-09-06 20:30:26:253,-1.1343,0.1028,8.5749,-0.0032,0.0039,9.8065,-0.0985,0.0043,0.0576,-13.81,-38.06,-2.87,246.9,-77.62,-159.24
52.386703,-1.589797,161.06,7.68,3,302.15,18 / 20,4220610,2019-09-06 20:30:26:353,-1.8161,-0.3644,9.8699,-0.0072,-0.0216,9.8066,0.0028,0.0085,-0.0087,-13.81,-37.44,-3.37,249.21,-77.79,-157.73
52.386703,-1.589797,161.06,7.68,3,302.15,18 / 20,4220709,2019-09-06 20:30:26:452,-1.7158,-0.6478,10.034,-0.0215,-0.0204,9.8066,0.0204,0.0158,-0.0085,-13.94,-37.44,-3.69,247.65,-78.09,-157.22
52.386703,-1.589797,161.06,7.68,3,302.15,18 / 20,4220810,2019-09-06 20:30:26:553,-0.957,-0.9664,8.7965,-0.0321,-0.0056,9.8065,-0.0567,0.0293,-0.108,-13.5,-37.94,-3.94,244.61,-78.25,-157.24
52.386703,-1.589797,161.06,7.68,3,302.15,18 / 20,4220910,2019-09-06 20:30:26:653,-3.4191,-0.9632,12.3298,0.0337,0.0521,9.8064,-0.0151,-0.0132,0.0256,-14,-37.12,-3.62,246.89,-78.28,-158.69
52.386703,-1.589797,161.06,7.68,3,302.15,18 / 20,4221010,2019-09-06 20:30:26:753,-3.1826,-0.7453,10.7749,0.1049,0.1005,9.8055,0.12,-0.0023,0.0268,-13.44,-37.44,-3.31,242.24,-77.05,-161.26
52.386703,-1.589797,161.06,7.68,3,302.15,18 / 20,4221109,2019-09-06 20:30:26:852,0.1439,-0.1187,7.9061,0.1528,0.1188,9.8046,-0.0308,0.0427,0.0667,-13.56,-38.12,-2.12,244.26,-76.04,-161.54
52.386703,-1.589797,161.06,7.68,3,302.15,18 / 20,4221210,2019-09-06 20:30:26:953,0.0605,0.1005,6.4296,-0.0308,-0.0029,9.8066,0.1964,0.0394,-0.0855,-13.31,-37.81,-1.37,242.43,-75.51,-162.41
52.386703,-1.589797,161.06,7.68,3,302.15,18 / 20,4221310,2019-09-06 20:30:27:053,-0.7994,2.125,9.2829,-0.0589,-0.0267,9.8064,-0.1318,0.0168,-0.0362,-12.25,-37.56,-1.19,238.16,-75.37,-164.04
52.386703,-1.589797,161.06,7.68,3,302.15,18 / 19,4221409,2019-09-06 20:30:27:152,-1.9091,2.1387,10.0394,-0.0761,-0.0811,9.806,-0.4848,-0.0602,0.1583,-12.62,-38.5,-2.25,240.65,-76.31,-163.8
52.386703,-1.589797,161.06,7.68,3,302.15,18 / 19,4221509,2019-09-06 20:30:27:252,-2.6887,-2.6844,11.0008,-0.0529,-0.079,9.8061,-0.3938,-0.001,0.0449,-13.44,-37.56,-5.12,240.49,-78.33,-159.8
52.386703,-1.589797,161.06,7.68,3,302.15,18 / 19,4221610,2019-09-06 20:30:27:353,-3.0759,-2.302,10.1871,-0.0188,-0.0292,9.8065,0.2395,-0.0227,-0.0024,-12.75,-36.25,-5.5,246.11,-79.35,-156.92
52.386703,-1.589797,161.06,7.68,3,302.15,18 / 19,4221709,2019-09-06 20:30:27:452,-2.1261,-0.2067,9.3322,0.0305,0.0555,9.8064,0.2265,0.0781,-0.0667,-12.94,-37.5,-4.44,245.93,-78.89,-158.27
52.386703,-1.589797,161.06,7.68,3,302.15,18 / 19,4221810,2019-09-06 20:30:27:553,-1.2661,0.8606,8.7198,0.0551,0.0789,9.8061,0.0304,0.0613,-0.0593,-12.87,-37.25,-4.37,241.06,-77.73,-161.42
52.386703,-1.589797,161.06,7.68,3,302.15,18 / 19,4221910,2019-09-06 20:30:27:653,-0.8257,0.5678,9.0184,0.0451,0.0404,9.8064,-0.0743,-0.0345,0.076,-12.81,-37.37,-3.81,239.42,-77.21,-162.22
52.386703,-1.589797,161.06,7.68,3,302.15,18 / 19,4222010,2019-09-06 20:30:27:753,-1.3579,-0.5275,9.0909,-0.0326,-0.0432,9.8065,0.0841,0.0653,-0.0133,-12.69,-37.5,-3.25,242.19,-77.09,-161.43
52.386703,-1.589797,161.06,7.68,3,302.15,18 / 19,4222109,2019-09-06 20:30:27:852,-1.748,-0.0884,9.9964,-0.0146,-0.0424,9.8065,0.1249,-0.01,0.015,-12.94,-37.25,-4.44,241.83,-77.57,-159.91
52.386703,-1.589797,161.06,7.68,3,302.15,18 / 19,4222209,2019-09-06 20:30:27:952,-1.1297,-0.3788,10.6119,0.0034,-0.0169,9.8066,0.0045,-0.005,0.0172,-12.94,-36.87,-4.69,240.51,-77.77,-159.14
52.386703,-1.589797,161.06,7.68,3,302.15,18 / 19,4222310,2019-09-06 20:30:28:053,-1.1497,0.7135,9.7615,-0.012,-0.0202,9.8066,0.1174,0.0409,0.0151,-13.19,-37.12,-3.94,243.22,-77.8,-158.72
52.38716,-1.589647,162.44,5.48,3,27.12,18 / 20,4222409,2019-09-06 20:30:28:152,-1.0607,0.667,9.1603,-0.0022,-0.0202,9.8066,-0.1358,-0.0231,-0.0005,-13.06,-37.12,-3.87,243.23,-77.73,-158.49
52.38716,-1.589647,162.44,5.48,3,27.12,18 / 20,4222509,2019-09-06 20:30:28:252,-0.7841,0.642,9.5609,0.0309,0.0347,9.8065,-0.0782,-0.007,-0.0538,-13.81,-36.5,-3.94,245.81,-77.5,-158.89
52.38716,-1.589647,162.44,5.48,3,27.12,18 / 20,4222609,2019-09-06 20:30:28:352,-0.5234,0.6509,9.6799,0.0022,0.0138,9.8066,-0.0898,0.0545,0.0738,-13.5,-35.62,-3.31,246.36,-77.73,-158.75
52.38716,-1.589647,162.44,5.48,3,27.12,18 / 20,4222710,2019-09-06 20:30:28:453,0.8033,1.3357,7.3873,-0.0334,-0.0437,9.8064,-0.1177,0.0367,-0.005,-13.37,-35.75,-4.25,244.91,-78.04,-158.09
52.38716,-1.589647,162.44,5.48,3,27.12,18 / 20,4222809,2019-09-06 20:30:28:552,-0.5588,2.1383,9.5788,-0.0409,-0.0463,9.8064,-0.0428,-0.1002,0.1168,-13.62,-34.56,-5.31,249.21,-78.94,-156.08
52.38716,-1.589647,162.44,5.48,3,27.12,18 / 20,4222909,2019-09-06 20:30:28:652,-0.3854,-1.4271,11.0886,-0.055,-0.075,9.8061,-0.1691,0.0506,-0.1352,-12.87,-34.81,-6.06,249.79,-80.02,-151.96
52.38716,-1.589647,162.44,5.48,3,27.12,18 / 20,4223010,2019-09-06 20:30:28:753,-3.3925,-0.1622,14.3076,-0.0767,-0.0372,9.8063,0.3987,0.1391,-0.0284,-12.75,-35.5,-5.87,249.92,-80.52,-153.07
52.38716,-1.589647,162.44,5.48,3,27.12,18 / 20,4223109,2019-09-06 20:30:28:852,-2.1555,-0.9991,11.2756,0.0313,-0.0092,9.8066,0.3452,-0.0782,0.0451,-13.25,-35,-5.87,248.11,-79.91,-153.66
52.38716,-1.589647,162.44,5.48,3,27.12,18 / 20,4223209,2019-09-06 20:30:28:952,-0.0626,0.839,8.2565,0.0435,0.0635,9.8063,0.1519,0.01,0.0281,-12.69,-36.37,-4.62,245.42,-78.8,-156.32
52.38716,-1.589647,162.44,5.48,3,27.12,18 / 20,4223309,2019-09-06 20:30:29:052,2.0936,1.3318,8.0276,0.0839,0.0896,9.8058,-0.0272,-0.0371,-0.0058,-12.87,-36.56,-2.56,244.44,-77.28,-158.91
52.38716,-1.589647,162.44,5.48,3,27.12,18 / 20,4223409,2019-09-06 20:30:29:152,-0.5255,1.2909,9.056,0.0341,0.0758,9.8063,0.035,0.0579,0.0259,-13.06,-36.25,-2.56,240.82,-76.18,-161.78
52.38716,-1.589647,162.44,5.48,3,27.12,18 / 20,4223510,2019-09-06 20:30:29:253,-2.1638,0.7536,10.0639,-0.0701,-0.122,9.8055,-0.1996,-0.0002,-0.0017,-13.06,-35.81,-2.87,245.03,-77.32,-159.3
52.38716,-1.589647,162.44,5.48,3,27.12,18 / 20,4223609,2019-09-06 20:30:29:352,-1.2378,-0.8003,10.7503,-0.0682,-0.0793,9.806,0.0032,0.0347,0.05,-13.25,-36.37,-3.44,248.47,-78.07,-157.04
52.38716,-1.589647,162.44,5.48,3,27.12,18 / 20,4223709,2019-09-06 20:30:29:452,-0.4972,0.0168,10.1587,-0.0111,-0.0127,9.8065,0.1102,-0.0081,0.0289,-13.37,-35.06,-3.87,248.12,-78.45,-156.05
52.38716,-1.589647,162.44,5.48,3,27.12,18 / 20,4223810,2019-09-06 20:30:29:553,-0.3823,1.4493,9.5758,-0.0001,-0.0058,9.8066,0.059,-0.0134,-0.0226,-13,-36.12,-3.25,249.38,-78.21,-156.3
52.38716,-1.589647,162.44,5.48,3,27.12,18 / 20,4223909,2019-09-06 20:30:29:652,0.2607,0.2854,9.8437,0.0238,0.0282,9.8065,0.0518,-0.0235,0.0357,-12.87,-35.62,-2.94,247.86,-77.9,-157.31
52.38716,-1.589647,162.44,5.48,3,27.12,18 / 20,4224010,2019-09-06 20:30:29:753,-0.1222,0.6252,9.8816,-0.009,-0.0061,9.8066,0.0016,-0.0093,-0.0228,-12.75,-36.06,-3.31,246.76,-77.66,-158.02
52.38716,-1.589647,162.44,5.48,3,27.12,18 / 20,4224110,2019-09-06 20:30:29:853,-0.4924,0.2875,9.7561,-0.016,-0.0095,9.8066,-0.0506,-0.0141,-0.012,-12.25,-36.69,-3.75,240.95,-77.87,-158.02
52.38716,-1.589647,162.44,5.48,3,27.12,18 / 20,4224209,2019-09-06 20:30:29:952,-1.1283,0.0732,10.2203,-0.0055,0.0013,9.8065,0.0991,0.012,-0.0205,-11.94,-36.81,-4.25,241.11,-77.98,-158.16
52.38716,-1.589647,162.44,5.48,3,27.12,18 / 20,4224309,2019-09-06 20:30:30:052,-0.6046,0.2112,10.1157,-0.0184,-0.0213,9.8065,0.1313,-0.0331,0.0253,-12.31,-36.75,-3.69,241.4,-78.09,-158.1
52.38716,-1.589647,162.44,5.48,3,27.12,19 / 21,4224409,2019-09-06 20:30:30:152,-0.5581,0.0063,10.0055,-0.0132,-0.0203,9.8066,-0.01,-0.0091,-0.0051,-12.31,-37.56,-3.5,243.04,-78.02,-158.09
52.38716,-1.589647,162.44,5.48,3,27.12,19 / 21,4224509,2019-09-06 20:30:30:252,-0.478,0.2906,9.6512,0.0064,0.0141,9.8066,0.0258,-0.0018,0.0108,-12.94,-37.69,-4.31,243.12,-77.92,-158.26
52.38716,-1.589647,162.44,5.48,3,27.12,19 / 21,4224610,2019-09-06 20:30:30:353,-0.9054,-0.0131,9.9269,0.0034,0.0038,9.8066,-0.0062,-0.004,0.0363,-12.81,-36.75,-3.75,243.61,-77.93,-158.53
52.38716,-1.589647,162.44,5.48,3,27.12,19 / 21,4224710,2019-09-06 20:30:30:453,-1.2612,-0.3538,9.7093,-0.0115,-0.0134,9.8066,-0.0191,0.0263,-0.0129,-12.75,-37.62,-4.37,243.51,-78.09,-158.22
52.38716,-1.589647,162.44,5.48,3,27.12,19 / 21,4224809,2019-09-06 20:30:30:552,-0.8553,0.4136,9.7156,-0.0123,-0.0133,9.8066,-0.0097,0.0045,-0.0059,-13.06,-37.12,-4.62,242.18,-78.21,-158.08
52.38716,-1.589647,162.44,5.48,3,27.12,19 / 21,4224909,2019-09-06 20:30:30:652,-0.4854,0.3154,9.9637,0.0035,0.008,9.8065,0.0199,0.0118,0.0232,-12.25,-37.12,-4.12,241.99,-78.28,-157.87
52.38716,-1.589647,162.44,5.48,3,27.12,19 / 21,4225009,2019-09-06 20:30:30:752,-0.0646,0.0887,9.882,0.0052,0.0018,9.8066,-0.018,0.0386,-0.0236,-13.37,-37.81,-4.81,242.06,-78.34,-157.72
52.38716,-1.589647,162.44,5.48,3,27.12,19 / 21,4225110,2019-09-06 20:30:30:853,-0.7989,0.0221,9.8681,-0.0085,-0.0044,9.8066,-0.0376,-0.0053,0.0424,-13.5,-36.5,-4.12,245.99,-78.42,-157.78
52.38716,-1.589647,162.44,5.48,3,27.12,19 / 21,4225210,2019-09-06 20:30:30:953,-0.8166,-0.1472,9.9596,0.002,0.0046,9.8066,0.0366,-0.0052,-0.0204,-13,-37,-4,245.71,-78.53,-157.53
52.38716,-1.589647,162.44,5.48,3,27.12,19 / 21,4225310,2019-09-06 20:30:31:053,-0.122,0.7013,9.9705,-0.0029,0.0086,9.8066,0.0172,-0.0001,0.0093,-13.06,-37.44,-4.62,243.04,-78.57,-157.91
52.38716,-1.589647,162.44,5.48,3,27.12,19 / 21,4225409,2019-09-06 20:30:31:152,-0.9463,-0.2987,10.012,0.0053,0.0029,9.8066,-0.0241,0.0133,0.0131,-13.19,-37.06,-4.25,245.83,-78.67,-157.78
52.38716,-1.589647,162.44,5.48,3,27.12,19 / 21,4225510,2019-09-06 20:30:31:253,-0.7527,-0.3604,9.6863,-0.0148,-0.0081,9.8066,-0.0217,-0.008,0.0247,-12.87,-37.44,-4.37,246.18,-78.84,-157.84
52.38716,-1.589647,162.44,5.48,3,27.12,19 / 21,4225609,2019-09-06 20:30:31:352,-0.6655,0.0022,9.6667,-0.0073,-0.0019,9.8066,0.0502,0.0125,-0.0358,-13.56,-37.56,-4.44,248.16,-78.91,-158
52.38716,-1.589647,162.44,5.48,3,27.12,19 / 21,4225710,2019-09-06 20:30:31:453,-0.0905,0.5059,9.9536,-0.0076,0.0049,9.8065,0.0554,-0.0328,0.0195,-13.12,-37.31,-4.37,245.97,-78.94,-158.37
52.38716,-1.589647,162.44,5.48,3,27.12,19 / 21,4225810,2019-09-06 20:30:31:553,-0.5203,-0.1702,9.819,-0.0063,-0.0006,9.8066,-0.0623,0.013,-0.0166,-13.19,-37.37,-4.06,245.91,-79.02,-158.67
52.38716,-1.589647,162.44,5.48,3,27.12,19 / 21,4225909,2019-09-06 20:30:31:652,-0.8894,0.3875,9.8543,-0.0035,0.0093,9.8066,-0.0659,0.0022,0.0045,-13.12,-36.81,-4.37,245.62,-79.12,-159.33
52.38716,-1.589647,162.44,5.48,3,27.12,19 / 21,4226010,2019-09-06 20:30:31:753,-0.6659,-0.2428,9.774,0.0015,0.0052,9.8066,0.024,-0.0218,0.0242,-13,-37.06,-4.37,245.67,-79.17,-159.42
52.38716,-1.589647,162.44,5.48,3,27.12,19 / 21,4226109,2019-09-06 20:30:31:852,-0.6309,-0.037,10.0094,-0.0108,-0.005,9.8066,0.0145,-0.0091,-0.0353,-12.81,-38,-4.25,245.29,-79.32,-159.48
52.38716,-1.589647,162.44,5.48,3,27.12,19 / 21,4226210,2019-09-06 20:30:31:953,-1.148,-0.2681,9.8944,-0.0139,-0.0017,9.8066,-0.0596,0.03,0.0191,-12.75,-37.44,-4.37,245.83,-79.43,-159.92
52.38716,-1.589647,162.44,5.48,3,27.12,19 / 21,4226309,2019-09-06 20:30:32:052,-0.7106,-0.2588,10.0162,-0.0008,-0.0019,9.8066,-0.0511,0.0216,0.0259,-13.5,-37.19,-4.19,245.97,-79.54,-160.06
52.38716,-1.589647,162.44,5.48,3,27.12,19 / 21,4226410,2019-09-06 20:30:32:153,-0.6613,-0.51,9.8777,-0.0036,0.0049,9.8066,0.0499,0.0096,-0.0245,-13.37,-36.69,-4.31,246.12,-79.65,-160.19
52.38716,-1.589647,162.44,5.48,3,27.12,19 / 21,4226509,2019-09-06 20:30:32:252,-0.8543,-0.1542,9.5901,-0.0168,-0.0114,9.8066,0.027,0.0279,-0.0245,-13.25,-37.19,-4.06,246.31,-79.78,-160.32
52.38716,-1.589647,162.44,5.48,3,27.12,19 / 21,4226610,2019-09-06 20:30:32:353,-0.8234,-0.1874,10.1185,-0.0148,-0.0094,9.8066,0.0576,0.0011,-0.033,-13,-38.19,-4.5,245.53,-79.81,-160.6
52.38716,-1.589647,162.44,5.48,3,27.12,19 / 21,4226710,2019-09-06 20:30:32:453,-0.3564,0.1814,10.0671,-0.0128,0.0021,9.8065,0.0802,-0.0021,0.0055,-13.12,-37.25,-4.5,245.66,-79.9,-161.46
52.38716,-1.589647,162.44,5.48,3,27.12,19 / 21,4226810,2019-09-06 20:30:32:553,-0.6021,0.1195,10.382,-0.0171,-0.0141,9.8066,-0.0961,0.0144,-0.003,-13.12,-36.94,-4.25,245.97,-80.04,-161.47
52.38716,-1.589647,162.44,5.48,3,27.12,19 / 21,4226910,2019-09-06 20:30:32:653,-0.8012,-0.0626,9.8267,0.0091,0.014,9.8066,-0.0419,0.0012,-0.0023,-12.94,-38.06,-3.56,245.54,-80.15,-161.56
52.38716,-1.589647,162.44,5.48,3,27.12,19 / 21,4227009,2019-09-06 20:30:32:752,-0.4584,0.3262,9.6126,0.0075,0.011,9.8066,-0.0323,-0.0039,0.0223,-13.19,-37.12,-4.75,243.11,-80.12,-161.91
52.38716,-1.589647,162.44,5.48,3,27.12,19 / 21,4227110,2019-09-06 20:30:32:853,-0.3045,0.0803,9.4991,0.0037,0.0005,9.8066,-0.0284,0.0357,0.0176,-12.87,-37.31,-3.69,245.7,-80.16,-162.12
52.38716,-1.589647,162.44,5.48,3,27.12,19 / 21,4227209,2019-09-06 20:30:32:952,-0.6797,-0.543,10.0044,-0.0038,0.0005,9.8066,0.0109,0.0112,-0.0226,-12.44,-37.5,-4.25,243.19,-80.24,-162.1
52.38716,-1.589647,162.44,5.48,3,27.12,19 / 21,4227310,2019-09-06 20:30:33:053,-0.9427,-0.0015,9.9318,-0.0041,-0.0017,9.8065,-0.0054,0.0028,0.0151,-13.19,-37.37,-4.81,242.99,-80.32,-162.58
52.38716,-1.589647,162.44,5.48,3,27.12,19 / 21,4227409,2019-09-06 20:30:33:152,-0.8884,0.0366,10.0771,-0.0053,-0.0073,9.8066,0.0067,-0.007,0.027,-13.19,-37.87,-4.31,245.41,-80.36,-162.3
52.38716,-1.589647,162.44,5.48,3,27.12,19 / 21,4227510,2019-09-06 20:30:33:253,-0.5923,-0.4543,10.0783,0.0042,0.0077,9.8066,0.0053,0.0132,-0.0114,-13.06,-37.81,-4.56,242.95,-80.42,-162.21
52.38716,-1.589647,162.44,5.48,3,27.12,19 / 21,4227609,2019-09-06 20:30:33:352,-0.9716,0.0528,9.5769,0.0042,0.0081,9.8066,0.0182,0.0333,0.0124,-13,-37.31,-4.31,245.69,-80.36,-162.68
52.38716,-1.589647,162.44,5.48,3,27.12,19 / 21,4227710,2019-09-06 20:30:33:453,-0.5833,-0.4439,9.4472,-0.0022,-0.0038,9.8066,-0.0202,-0.016,0.0483,-12.87,-37.62,-3.44,248,-80.36,-162.7
52.38716,-1.589647,162.44,5.48,3,27.12,19 / 21,4227809,2019-09-06 20:30:33:552,-1.3422,-0.233,9.7933,0.0107,0,9.8066,0.0702,-0.0309,-0.0025,-12.94,-38.19,-3.81,245.18,-80.3,-162.41
52.38716,-1.589647,162.44,5.48,3,27.12,19 / 21,4227910,2019-09-06 20:30:33:653,-0.7205,0.1445,9.9171,-0.0043,-0.0002,9.8066,0.062,0.0293,-0.0073,-12.81,-37.44,-4.19,245.59,-80.43,-162.99
52.38716,-1.589647,162.44,5.48,3,27.12,19 / 21,4228009,2019-09-06 20:30:33:752,-0.5993,-0.0801,9.9569,-0.0112,-0.0073,9.8066,-0.0834,0.0445,-0.009,-12.56,-37.37,-4.81,243.12,-80.55,-162.99
52.38716,-1.589647,162.44,5.48,3,27.12,19 / 21,4228109,2019-09-06 20:30:33:852,-0.2746,-0.1222,10.0039,0.0034,0.0107,9.8066,-0.0472,0.0116,0.0083,-13.25,-38.06,-4.25,245.64,-80.64,-162.81
52.38716,-1.589647,162.44,5.48,3,27.12,19 / 21,4228210,2019-09-06 20:30:33:953,-1.0005,0.1087,9.5003,0.0025,0.0099,9.8066,-0.0333,-0.0068,0.0115,-13.25,-37.81,-4.5,245.25,-80.68,-163.4
52.38716,-1.589647,162.44,5.48,3,27.12,19 / 21,4228309,2019-09-06 20:30:34:052,-0.6587,-0.1563,9.6377,0.0059,0.0044,9.8066,-0.0585,0.007,0.0038,-12.56,-36.94,-3.81,245.69,-80.66,-163.5
52.38716,-1.589647,162.44,5.48,3,27.12,19 / 20,4228410,2019-09-06 20:30:34:153,-0.4967,-0.615,9.5523,0.005,0.0036,9.8066,0.0638,0.0077,-0.0063,-12.81,-37.62,-4.25,245.14,-80.66,-163.48
52.38716,-1.589647,162.44,5.48,3,27.12,19 / 20,4228510,2019-09-06 20:30:34:253,-0.3639,-0.1776,10.008,-0.0076,-0.002,9.8066,0.0287,-0.0175,0.0055,-13.44,-37.06,-4.69,242.78,-80.68,-163.75
52.38716,-1.589647,162.44,5.48,3,27.12,19 / 20,4228609,2019-09-06 20:30:34:352,-0.7511,-0.6044,10.0848,-0.0086,-0.0069,9.8065,-0.0374,-0.0119,0.0227,-13,-37.44,-4.12,245.68,-80.74,-163.73
52.38716,-1.589647,162.44,5.48,3,27.12,19 / 20,4228710,2019-09-06 20:30:34:453,-0.4043,-0.3925,10.0573,0.0059,0.0167,9.8066,-0.0557,-0.059,0.0058,-12.94,-37.87,-3.75,244.71,-80.76,-164.28
52.38716,-1.589647,162.44,5.48,3,27.12,19 / 20,4228809,2019-09-06 20:30:34:552,-0.2369,0.1202,9.9541,0.0138,0.0146,9.8066,0.1209,-0.0298,0.0075,-12.37,-37.44,-4.19,242.44,-80.75,-164.54
52.38716,-1.589647,162.44,5.48,3,27.12,19 / 20,4228909,2019-09-06 20:30:34:652,-0.0566,-0.4048,9.7995,0.0011,0.0042,9.8066,0.0922,-0.0194,0.0424,-13.37,-37.37,-4.75,242.04,-80.81,-164.98
52.38716,-1.589647,162.44,5.48,3,27.12,19 / 20,4229010,2019-09-06 20:30:34:753,-0.6591,-0.6209,9.8016,0.0032,-0.0021,9.8066,-0.0103,0.0077,-0.0071,-12.69,-37.56,-4,244.26,-80.79,-164.91
52.38716,-1.589647,162.44,5.48,3,27.12,19 / 20,4229110,2019-09-06 20:30:34:853,-0.6112,-0.239,9.841,-0.0127,0.0018,9.8066,0.0035,-0.0198,-0.0291,-13.25,-37.62,-4.56,241.43,-80.86,-165.25
52.38716,-1.589647,162.44,5.48,3,27.12,19 / 20,4229209,2019-09-06 20:30:34:952,-0.8499,-0.2954,9.8481,-0.0073,0.0012,9.8066,-0.0278,-0.0253,0.0142,-13.25,-37.81,-3.94,243.95,-80.93,-165.66
52.38716,-1.589647,162.44,5.48,3,27.12,19 / 20,4229309,2019-09-06 20:30:35:052,-0.9472,-0.8248,9.9248,-0.0028,-0.0001,9.8066,-0.0677,-0.0224,0.0253,-12.56,-37,-4.19,244.59,-80.97,-165.64
52.38716,-1.589647,162.44,5.48,3,27.12,19 / 20,4229410,2019-09-06 20:30:35:153,-0.6299,-0.724,9.7779,0.0039,0.0005,9.8066,0.024,-0.0194,-0.0147,-13.19,-38.12,-4.19,244.37,-81.07,-165.54
52.38716,-1.589647,162.44,5.48,3,27.12,19 / 20,4229509,2019-09-06 20:30:35:252,-0.7744,-0.4509,9.4148,-0.0125,-0.006,9.8066,-0.0239,-0.0299,-0.0104,-13.06,-37.62,-4.75,241.64,-81.1,-165.6
52.38716,-1.589647,162.44,5.48,3,27.12,19 / 20,4229609,2019-09-06 20:30:35:352,-0.9066,-0.456,9.8943,-0.0118,-0.0027,9.8066,0.0471,-0.0165,0.0105,-13,-37.25,-3.94,244.81,-81.2,-166.01
52.38716,-1.589647,162.44,5.48,3,27.12,19 / 20,4229709,2019-09-06 20:30:35:452,-1.1833,-0.95,10.0247,-0.0076,-0.0046,9.8066,0.0224,-0.0389,-0.0027,-13.06,-37.44,-3.87,244.86,-81.22,-165.99
52.38716,-1.589647,162.44,5.48,3,27.12,19 / 20,4229809,2019-09-06 20:30:35:552,-1.0805,-0.5965,9.9593,-0.0085,-0.0003,9.8066,-0.0307,-0.0358,0.0219,-13.12,-37.75,-4.5,244.06,-81.21,-166.3
52.38716,-1.589647,162.44,5.48,3,27.12,19 / 20,4229909,2019-09-06 20:30:35:652,-0.97,-0.4581,9.5186,-0.0003,0.0005,9.8066,-0.0163,-0.0012,0.0094,-13.37,-37.5,-4.31,244.52,-81.24,-166.44
52.38716,-1.589647,162.44,5.48,3,27.12,19 / 20,4230010,2019-09-06 20:30:35:753,-0.833,-0.6359,9.6346,0.004,-0.0008,9.8066,0.0062,-0.0491,0.0249,-13.56,-37.19,-3.69,246.98,-81.26,-166.28
52.38716,-1.589647,162.44,5.48,3,27.12,19 / 20,4230109,2019-09-06 20:30:35:852,-0.4586,-0.7001,9.9263,-0.009,-0.0078,9.8065,0.026,-0.0469,0.0093,-12.81,-37.06,-3.75,245.21,-81.29,-165.77
52.38716,-1.589647,162.44,5.48,3,27.12,19 / 20,4230209,2019-09-06 20:30:35:952,-0.7692,-0.4615,10.0024,-0.0076,-0.0034,9.8066,-0.0175,-0.0827,0.0217,-13.94,-37.44,-4.56,245.1,-81.42,-165.62
52.38716,-1.589647,162.44,5.48,3,27.12,19 / 20,4230310,2019-09-06 20:30:36:053,-0.8985,-0.4455,9.7825,-0.0017,-0.0016,9.8066,-0.0189,-0.0252,-0.0082,-13.62,-36.94,-4.44,247.92,-81.48,-165.73
52.38716,-1.589647,162.44,5.48,3,27.12,19 / 20,4230410,2019-09-06 20:30:36:153,-0.8398,-0.6485,10.0783,-0.0056,-0.0022,9.8066,0.0001,-0.0269,0.0185,-13.12,-37,-4.31,245.84,-81.57,-165.75
52.38716,-1.589647,162.44,5.48,3,27.12,19 / 20,4230509,2019-09-06 20:30:36:252,-0.8082,-0.2876,9.9065,-0.0009,-0.0029,9.8066,0.0201,-0.0556,0.0198,-13.69,-37.06,-4.37,248.63,-81.65,-165.34
52.38716,-1.589647,162.44,5.48,3,27.12,19 / 20,4230609,2019-09-06 20:30:36:352,-0.8721,-0.5015,9.5665,0.002,-0.0038,9.8066,0.0015,-0.0294,0.0167,-13.81,-37.5,-4.69,246.24,-81.65,-164.83
52.38716,-1.589647,162.44,5.48,3,27.12,19 / 20,4230710,2019-09-06 20:30:36:453,-0.4577,-0.8739,9.5688,-0.0034,-0.0037,9.8066,-0.0162,-0.0627,0.0204,-13.87,-37.69,-4.25,249.03,-81.7,-164.42
52.38716,-1.589647,162.44,5.48,3,27.12,19 / 20,4230809,2019-09-06 20:30:36:552,-0.5292,-0.189,9.8652,-0.0025,0.0029,9.8066,-0.0083,-0.0493,0.003,-13.94,-37.12,-3.81,249.51,-81.74,-164.55
52.38716,-1.589647,162.44,5.48,3,27.12,19 / 20,4230910,2019-09-06 20:30:36:653,-0.3538,-0.1981,9.8582,-0.0024,0.0016,9.8066,-0.02,-0.041,-0.0074,-13.56,-36.94,-3.69,249.39,-81.83,-164.93
52.38716,-1.589647,162.44,5.48,3,27.12,19 / 20,4231010,2019-09-06 20:30:36:753,-0.3414,-0.1449,9.7543,-0.0037,0.0061,9.8066,-0.0127,-0.0415,0.0017,-14.12,-37.69,-4.44,248.8,-81.91,-165.25
52.38716,-1.589647,162.44,5.48,3,27.12,19 / 20,4231110,2019-09-06 20:30:36:853,-0.5098,-0.1179,9.727,-0.0125,-0.001,9.8066,0.0074,-0.0435,0.0047,-14.19,-37.44,-4.75,246.19,-82.02,-165.79
52.38716,-1.589647,162.44,5.48,3,27.12,19 / 20,4231210,2019-09-06 20:30:36:953,-0.4068,-0.1565,9.6436,-0.003,-0.0032,9.8066,-0.0255,-0.0445,-0.0073,-14,-37.06,-4.62,246.26,-82.13,-165.96
52.38716,-1.589647,162.44,5.48,3,27.12,19 / 20,4231310,2019-09-06 20:30:37:053,-0.3274,-0.1664,9.4083,-0.008,-0.0031,9.8066,-0.038,-0.0339,0.0188,-14.19,-36.81,-4.19,249.33,-82.23,-165.99
52.387577,-1.589324,163.81,3.91,3,29.42,19 / 20,4231410,2019-09-06 20:30:37:153,-0.2184,-0.2047,9.761,0.0017,-0.0001,9.8066,0.0371,-0.042,-0.0091,-14.44,-37.12,-3.87,249.45,-82.27,-165.94
52.387577,-1.589324,163.81,3.91,3,29.42,19 / 20,4231510,2019-09-06 20:30:37:253,-0.4073,-0.2079,9.9583,-0.0176,-0.0067,9.8066,0.0099,-0.0477,-0.015,-14.19,-37.69,-4.06,249.34,-82.41,-165.92
52.387577,-1.589324,163.81,3.91,3,29.42,19 / 20,4231609,2019-09-06 20:30:37:352,-0.4057,-0.3272,10.0043,-0.0143,-0.0075,9.8065,-0.0097,-0.0366,0.0057,-13.62,-37.06,-4.62,246.76,-82.47,-166.2
52.387577,-1.589324,163.81,3.91,3,29.42,19 / 20,4231709,2019-09-06 20:30:37:452,-0.3693,-0.1003,9.6642,0.0016,0.0086,9.8066,-0.0157,-0.0259,-0.0091,-13.81,-37,-3.87,249.5,-82.52,-166.53
52.387577,-1.589324,163.81,3.91,3,29.42,19 / 20,4231809,2019-09-06 20:30:37:552,-0.2733,-0.0662,9.9038,-0.0005,0.0035,9.8066,0.0034,-0.0468,0.0134,-13.87,-36.56,-4.44,248.94,-82.54,-167.22
52.387577,-1.589324,163.81,3.91,3,29.42,19 / 20,4231910,2019-09-06 20:30:37:653,-0.1555,-0.2219,10.1227,-0.0048,-0.0025,9.8066,-0.0042,-0.0537,-0.004,-14.19,-37,-3.87,249.32,-82.63,-167.01
52.387577,-1.589324,163.81,3.91,3,29.42,19 / 20,4232010,2019-09-06 20:30:37:753,0.0463,0.2386,9.5272,-0.0031,0.007,9.8066,0.026,-0.0412,0.0017,-13.75,-37.56,-4.06,248.52,-82.66,-167.47
52.387577,-1.589324,163.81,3.91,3,29.42,19 / 20,4232110,2019-09-06 20:30:37:853,-0.0897,-0.1388,9.7196,-0.0039,0.0001,9.8066,0.0375,-0.0524,0.006,-14.5,-36.62,-3.94,248.6,-82.71,-168.03
52.387577,-1.589324,163.81,3.91,3,29.42,19 / 20,4232209,2019-09-06 20:30:37:952,-0.145,0.0692,9.8758,-0.0025,0.0007,9.8066,0.0049,-0.0437,0,-14.44,-36.69,-4.12,248.2,-82.69,-168.41
52.387577,-1.589324,163.81,3.91,3,29.42,19 / 20,4232310,2019-09-06 20:30:38:053,-0.1804,-0.1366,9.9089,-0.0015,-0.0024,9.8066,0.0165,-0.044,0.0283,-14,-36.5,-4.06,248.88,-82.68,-168.12
52.387577,-1.589324,163.81,3.91,3,29.42,20 / 21,4232409,2019-09-06 20:30:38:152,-0.3004,-0.2814,9.8256,-0.0046,-0.0074,9.8066,0.0023,-0.0541,0.0199,-14.31,-37.12,-3.06,251.84,-82.69,-167.85
52.387577,-1.589324,163.81,3.91,3,29.42,20 / 21,4232510,2019-09-06 20:30:38:253,0.0114,-0.2839,9.8971,0.001,-0.0003,9.8066,-0.0062,-0.0579,0.0149,-13.94,-37.19,-4.06,249.41,-82.74,-167.17
52.387577,-1.589324,163.81,3.91,3,29.42,20 / 21,4232610,2019-09-06 20:30:38:353,-0.0218,-0.0966,9.8627,0.0008,0.0016,9.8066,-0.0087,-0.0503,0.0089,-14.87,-36.81,-3.87,251.38,-82.76,-167.17
52.387577,-1.589324,163.81,3.91,3,29.42,20 / 21,4232709,2019-09-06 20:30:38:452,-0.0858,-0.1805,9.9686,-0.0045,-0.0021,9.8066,0.006,-0.0567,0.0035,-14.62,-36.75,-3.94,251.56,-82.82,-167.11
52.387577,-1.589324,163.81,3.91,3,29.42,20 / 21,4232809,2019-09-06 20:30:38:552,-0.2197,-0.1039,10.1087,-0.0023,0.0047,9.8066,-0.0014,-0.0344,0.0019,-14.56,-36.75,-3.25,254.24,-82.84,-167.56
52.387577,-1.589324,163.81,3.91,3,29.42,20 / 21,4232910,2019-09-06 20:30:38:653,-0.2334,-0.0005,9.8592,-0.0048,-0.0008,9.8066,0.0087,-0.0435,0.0175,-14.44,-37.37,-3.19,252.43,-82.88,-167.7
52.387577,-1.589324,163.81,3.91,3,29.42,20 / 21,4233010,2019-09-06 20:30:38:753,0.1902,0.3867,9.8053,0.0007,0.0035,9.8066,-0.02,-0.0368,0.012,-14.5,-37.25,-3.69,249.53,-82.89,-167.41
52.387577,-1.589324,163.81,3.91,3,29.42,20 / 21,4233109,2019-09-06 20:30:38:852,-0.0396,-0.0834,9.8746,0.0107,-0.0006,9.8066,-0.0109,-0.0598,0.0282,-14.94,-36.94,-4,251.49,-82.83,-167.21
52.387577,-1.589324,163.81,3.91,3,29.42,20 / 21,4233210,2019-09-06 20:30:38:953,0.4015,0.1208,9.9913,0.0151,0.0054,9.8065,-0.0302,-0.0418,0.0079,-14.75,-36.87,-3.81,251.81,-82.74,-166.66
52.387577,-1.589324,163.81,3.91,3,29.42,20 / 21,4233310,2019-09-06 20:30:39:053,0.7786,-0.3274,9.7871,0.0126,0.0007,9.8066,-0.0588,-0.0596,0.0336,-14.81,-37.06,-3.62,252.14,-82.73,-166.27
52.387577,-1.589324,163.81,3.91,3,29.42,20 / 21,4233409,2019-09-06 20:30:39:152,-0.2471,-0.3896,9.9052,-0.0127,-0.0032,9.8065,0.1228,-0.0779,-0.0302,-14.81,-37.25,-3.06,255.24,-82.76,-166.28
52.387577,-1.589324,163.81,3.91,3,29.42,20 / 21,4233510,2019-09-06 20:30:39:253,0.5931,-0.0273,9.6656,-0.0212,-0.0002,9.8066,0.039,-0.0819,-0.0566,-14.12,-37.56,-3.81,249.31,-82.91,-167.22
52.387577,-1.589324,163.81,3.91,3,29.42,20 / 21,4233609,2019-09-06 20:30:39:352,0.687,0.7987,10.0801,-0.0083,-0.0063,9.8066,0.0106,-0.07,0.0444,-14.31,-37.44,-3.37,252.41,-82.98,-167.99
52.387577,-1.589324,163.81,3.91,3,29.42,20 / 21,4233710,2019-09-06 20:30:39:453,0.6264,0.7421,9.6694,-0.023,-0.0101,9.8066,0.0043,-0.0277,0.0079,-14.69,-36.87,-3.56,251.07,-83.03,-168.14
52.387577,-1.589324,163.81,3.91,3,29.42,20 / 21,4233809,2019-09-06 20:30:39:552,0.5958,0.3197,9.5579,0.0049,0.0006,9.8065,-0.0205,-0.0769,-0.0015,-14.56,-37.19,-2.56,254.11,-82.98,-168.07
52.387577,-1.589324,163.81,3.91,3,29.42,20 / 21,4233910,2019-09-06 20:30:39:653,1.2341,0.8375,10.2354,-0.0086,-0.0087,9.8066,-0.011,-0.0683,0.021,-15.12,-37.56,-3,254.49,-83.08,-167.42
52.387577,-1.589324,163.81,3.91,3,29.42,20 / 21,4234010,2019-09-06 20:30:39:753,1.1114,0.7389,10.1479,0.0198,0.0145,9.8065,-0.0649,-0.0664,0.005,-15.12,-37.75,-2.81,255.2,-83.15,-166.81
52.387577,-1.589324,163.81,3.91,3,29.42,20 / 21,4234110,2019-09-06 20:30:39:853,1.1972,0.2717,9.4841,0.017,0.0196,9.8066,-0.0912,-0.0505,-0.0384,-15.25,-37.19,-3.19,254.28,-83.03,-168
52.387577,-1.589324,163.81,3.91,3,29.42,20 / 21,4234210,2019-09-06 20:30:39:953,-0.2505,0.1461,9.8942,-0.0205,0.0004,9.8066,0.1067,-0.0389,-0.016,-15.12,-37.81,-3.62,249.8,-83.11,-169.31
52.387577,-1.589324,163.81,3.91,3,29.42,20 / 21,4234310,2019-09-06 20:30:40:053,0.1095,0.2103,9.8524,-0.0219,-0.0112,9.8065,0.0764,-0.0641,-0.0195,-15.87,-37.56,-2.44,257.65,-83.22,-169.44
52.387577,-1.589324,163.81,3.91,3,29.42,20 / 21,4234410,2019-09-06 20:30:40:153,0.7938,0.3864,9.9448,0.0011,-0.0026,9.8066,-0.0709,-0.0745,0.0223,-15.31,-38.06,-2.87,253.19,-83.32,-169.44
52.387577,-1.589324,163.81,3.91,3,29.42,20 / 21,4234510,2019-09-06 20:30:40:253,-0.0637,0.308,9.4832,-0.0106,0.0047,9.8065,-0.0493,-0.0495,-0.0195,-15.37,-38.56,-2.94,252.67,-83.39,-169.77
52.387577,-1.589324,163.81,3.91,3,29.42,20 / 21,4234610,2019-09-06 20:30:40:353,0.7281,-0.3141,9.5803,-0.0058,0.0097,9.8066,-0.042,-0.0029,-0.0521,-15.25,-38.25,-2.94,252.03,-83.42,-170.96
52.387577,-1.589324,163.81,3.91,3,29.42,20 / 21,4234709,2019-09-06 20:30:40:452,-0.9458,0.8142,9.9906,0.0209,0.0053,9.8066,0.0025,-0.0946,0.0984,-15.12,-38,-2.37,254.79,-83.43,-171.51
52.387577,-1.589324,163.81,3.91,3,29.42,20 / 21,4234810,2019-09-06 20:30:40:553,0.3713,-0.0161,9.7999,-0.0205,-0.0224,9.8066,0.06,-0.054,0.0128,-15.75,-38.19,-1.62,258.05,-83.54,-169.76
52.387577,-1.589324,163.81,3.91,3,29.42,20 / 21,4234910,2019-09-06 20:30:40:653,-0.2558,-0.0502,9.5817,-0.0201,-0.013,9.8066,0.064,-0.0495,0.0042,-15.37,-37.62,-1.81,257.08,-83.54,-169.32
52.387577,-1.589324,163.81,3.91,3,29.42,20 / 21,4235009,2019-09-06 20:30:40:752,0.4433,-0.2761,9.4087,-0.0043,0.0042,9.8066,-0.0594,-0.0588,-0.0283,-16.37,-36.87,-1.94,259.23,-83.53,-168.91
52.387577,-1.589324,163.81,3.91,3,29.42,20 / 21,4235110,2019-09-06 20:30:40:853,-0.4375,-0.1912,10.1721,0.0108,0.0157,9.8066,-0.0624,-0.0488,0.0043,-16.19,-36.87,-1.5,261.48,-83.55,-170.06
52.387577,-1.589324,163.81,3.91,3,29.42,20 / 21,4235209,2019-09-06 20:30:40:952,0.0167,0.4413,10.4893,-0.0135,0.0021,9.8066,0.0297,-0.0347,-0.013,-16.12,-36.75,-2.12,257.6,-83.55,-170.68
52.387577,-1.589324,163.81,3.91,3,29.42,20 / 21,4235309,2019-09-06 20:30:41:052,-0.0978,0.0154,10.2964,-0.015,-0.0203,9.8066,0.012,-0.0693,0.0519,-15.87,-36.87,-1.87,258.11,-83.68,-170.44
52.387577,-1.589324,163.81,3.91,3,29.42,20 / 21,4235409,2019-09-06 20:30:41:152,-0.4332,-0.1062,9.7471,0.015,-0.0074,9.8065,-0.0449,-0.0234,0.0467,-16.25,-36.56,-2.31,260.86,-83.67,-167.51
52.387577,-1.589324,163.81,3.91,3,29.42,20 / 21,4235510,2019-09-06 20:30:41:253,-0.1098,-0.7535,9.7943,0.0013,-0.015,9.8066,-0.0286,-0.0612,0.04,-17,-36.25,-1.81,264.23,-83.62,-165.57
52.387577,-1.589324,163.81,3.91,3,29.42,20 / 21,4235609,2019-09-06 20:30:41:352,-0.1066,-0.2727,9.531,-0.0054,-0.0088,9.8066,0.0454,-0.0854,0.0292,-17.25,-36.56,-2.06,265.2,-83.61,-164.16
52.387577,-1.589324,163.81,3.91,3,29.42,20 / 21,4235710,2019-09-06 20:30:41:453,-0.1529,0.1716,10.2585,-0.0071,-0.0024,9.8066,0.0351,-0.0415,-0.0294,-16.87,-36.94,-1.56,265.08,-83.53,-164.1
52.387577,-1.589324,163.81,3.91,3,29.42,20 / 21,4235809,2019-09-06 20:30:41:552,-0.4495,0.0501,10.0243,0.0042,0.0014,9.8066,-0.0398,-0.0566,0.0275,-16.69,-36.44,-2,265.09,-83.54,-164.5
52.387577,-1.589324,163.81,3.91,3,29.42,20 / 21,4235910,2019-09-06 20:30:41:653,0.0569,-0.1318,10.0841,-0.0017,-0.0054,9.8066,-0.0203,-0.058,0.0267,-17.44,-36.37,-1.75,265.51,-83.56,-164.12
52.387577,-1.589324,163.81,3.91,3,29.42,20 / 21,4236009,2019-09-06 20:30:41:752,-0.392,-0.2465,9.7343,0.0068,-0.0037,9.8066,-0.0351,-0.0572,0.0296,-17.37,-36.44,-1.56,266.35,-83.59,-163.33
52.387577,-1.589324,163.81,3.91,3,29.42,20 / 21,4236110,2019-09-06 20:30:41:853,-0.4848,-0.337,9.6974,0.0097,-0.0172,9.8066,-0.055,-0.07,0.0424,-17.81,-37.19,-1.56,268.96,-83.58,-161.42
52.387577,-1.589324,163.81,3.91,3,29.42,20 / 21,4236210,2019-09-06 20:30:41:953,-0.248,-0.0705,9.6035,-0.0061,-0.0167,9.8066,0.0263,-0.0738,0.0449,-17.19,-35.94,-2.25,270.56,-83.63,-159.15
52.387577,-1.589324,163.81,3.91,3,29.42,20 / 21,4236309,2019-09-06 20:30:42:052,-0.3161,-0.4257,9.877,-0.0029,-0.0098,9.8066,-0.0269,-0.0691,0.0074,-17.5,-36.31,-1.37,274.89,-83.6,-158.06
52.387577,-1.589324,163.81,3.91,3,29.42,20 / 21,4236409,2019-09-06 20:30:42:152,-0.2037,-0.3321,10.0833,-0.0022,-0.0047,9.8066,-0.0038,-0.0639,0.0015,-17.75,-35.69,-1.87,273.39,-83.6,-157.39
52.387577,-1.589324,163.81,3.91,3,29.42,20 / 21,4236509,2019-09-06 20:30:42:252,-0.3116,-0.1713,9.9934,-0.0051,0.0008,9.8066,0.027,-0.0356,0.0045,-17.75,-36.62,-1.56,272.98,-83.6,-157.43
52.387577,-1.589324,163.81,3.91,3,29.42,20 / 21,4236609,2019-09-06 20:30:42:352,-0.3832,-0.0207,9.8114,-0.001,-0.0013,9.8066,0.0304,-0.0769,0.024,-17.44,-36.44,-1.87,271.77,-83.6,-157.88
52.387577,-1.589324,163.81,3.91,3,29.42,20 / 21,4236710,2019-09-06 20:30:42:453,0.0953,-0.36,9.4983,0.0002,-0.001,9.8066,-0.0207,-0.0781,0.0241,-18.25,-35.69,-1.94,272.93,-83.54,-157.73
52.387577,-1.589324,163.81,3.91,3,29.42,20 / 21,4236809,2019-09-06 20:30:42:552,-0.1102,0.2736,9.526,0.0039,-0.0058,9.8066,0.0099,-0.0336,-0.0096,-18.44,-36.19,-1.19,275.94,-83.47,-157.7
52.387577,-1.589324,163.81,3.91,3,29.42,20 / 21,4236910,2019-09-06 20:30:42:653,-0.4596,-0.0663,10.0303,-0.0029,0.0008,9.8066,0.0166,-0.0658,0.0118,-18.19,-36.37,-0.87,275.71,-83.44,-157.87
52.387577,-1.589324,163.81,3.91,3,29.42,20 / 21,4237009,2019-09-06 20:30:42:752,-0.2299,0.1319,10.1252,0.0087,-0.0008,9.8066,0.0322,-0.0471,0.0325,-18.31,-36.25,-1.69,272.3,-83.3,-157.86
52.387577,-1.589324,163.81,3.91,3,29.42,20 / 21,4237109,2019-09-06 20:30:42:852,0.2995,0.043,9.7804,0.0026,-0.0058,9.8066,-0.0107,-0.0765,-0.0013,-18.37,-35.5,-1.06,276.22,-83.26,-157.39
52.387577,-1.589324,163.81,3.91,3,29.42,20 / 21,4237210,2019-09-06 20:30:42:953,0.2138,0.0125,9.531,0.0003,0.0003,9.8066,-0.0154,-0.0563,0.0052,-18.19,-35.81,-0.81,275.85,-83.19,-157.2
52.387577,-1.589324,163.81,3.91,3,29.42,20 / 21,4237309,2019-09-06 20:30:43:052,0.1422,0.1113,9.9145,-0.0129,-0.001,9.8065,-0.0127,-0.0518,0.0152,-19.12,-36.62,-0.37,279.69,-83.25,-157.12
52.387577,-1.589324,163.81,3.91,3,29.42,20 / 21,4237410,2019-09-06 20:30:43:153,0.1319,0.0035,9.915,0.0093,0.0036,9.8066,-0.0158,-0.0499,-0.0267,-19.06,-35.94,-0.12,279.76,-83.23,-157.38
52.387577,-1.589324,163.81,3.91,3,29.42,20 / 21,4237509,2019-09-06 20:30:43:252,0.5866,0.5379,9.8481,0.0036,0.0129,9.8065,-0.0321,-0.0376,-0.0046,-18.12,-36.56,-0.69,274.6,-83.28,-158.23
52.387577,-1.589324,163.81,3.91,3,29.42,20 / 21,4237610,2019-09-06 20:30:43:353,0.1155,0.5504,9.9106,0.0017,0.001,9.8066,-0.0132,-0.0386,0.0298,-18.06,-36.06,-0.75,274.65,-83.32,-158.66
52.387577,-1.589324,163.81,3.91,3,29.42,20 / 21,4237709,2019-09-06 20:30:43:452,-0.1438,0.2817,9.8688,0.006,-0.0043,9.8065,-0.0206,-0.0439,-0.0087,-18.75,-36.19,-0.44,279.28,-83.34,-158.05
52.387577,-1.589324,163.81,3.91,3,29.42,20 / 21,4237809,2019-09-06 20:30:43:552,-0.147,0.1813,9.8329,-0.0025,-0.0077,9.8066,-0.0269,-0.0278,0.0091,-18.69,-36.37,-1.06,277.31,-83.38,-157.04
52.387577,-1.589324,163.81,3.91,3,29.42,20 / 21,4237909,2019-09-06 20:30:43:652,0.4455,0.1384,9.9145,0.0079,-0.0041,9.8066,0.0437,0.0001,0.0169,-18.37,-36,-0.56,276.58,-83.3,-156.73
52.387577,-1.589324,163.81,3.91,3,29.42,20 / 21,4238010,2019-09-06 20:30:43:753,0.618,0.2464,9.7843,-0.0127,-0.0046,9.8066,0.0489,-0.009,0.0087,-18.56,-36.62,-1,277.57,-83.32,-156.31
52.387577,-1.589324,163.81,3.91,3,29.42,20 / 21,4238110,2019-09-06 20:30:43:853,0.6129,0.737,9.9935,-0.0155,0.0001,9.8065,0.0227,0.0023,0.0065,-18.62,-35.94,-0.31,280.7,-83.32,-156.62
52.387577,-1.589324,163.81,3.91,3,29.42,20 / 21,4238210,2019-09-06 20:30:43:953,0.4137,0.4205,9.9348,0.0084,0.0065,9.8066,0.0391,-0.0012,-0.0106,-18.56,-36.37,-0.81,277.36,-83.32,-156.9
52.387577,-1.589324,163.81,3.91,3,29.42,20 / 21,4238309,2019-09-06 20:30:44:052,1.5804,0.6097,10.1642,0.0065,0.0014,9.8066,0.0376,0.0058,-0.0036,-18.69,-36.25,-0.44,280.11,-83.32,-157.2
52.387577,-1.589324,163.81,3.91,3,29.42,20 / 21,4238409,2019-09-06 20:30:44:152,0.7242,0.7405,9.9348,-0.0098,-0.0026,9.8066,-0.0237,0.0042,0.0329,-18.31,-35.69,-0.37,279.77,-83.43,-157.05
52.387577,-1.589324,163.81,3.91,3,29.42,20 / 21,4238510,2019-09-06 20:30:44:253,0.5069,0.0533,9.739,-0.0069,-0.0015,9.8066,0.035,0.0037,-0.0108,-18.69,-35.56,-1,278,-83.41,-156.43
52.387577,-1.589324,163.81,3.91,3,29.42,20 / 21,4238609,2019-09-06 20:30:44:352,0.774,0.5593,9.6524,-0.0157,-0.0021,9.8066,0.0768,0.0185,-0.0224,-18.87,-35.94,-0.31,281.6,-83.55,-156.21
52.387577,-1.589324,163.81,3.91,3,29.42,20 / 21,4238710,2019-09-06 20:30:44:453,0.5963,0.5453,9.8507,0.0008,0.004,9.8066,-0.0717,0.0257,-0.0268,-18.69,-36.31,-1,278.28,-83.62,-156.58
52.387577,-1.589324,163.81,3.91,3,29.42,20 / 21,4238809,2019-09-06 20:30:44:552,-0.3259,0.633,9.6177,-0.0032,0.0115,9.8066,-0.0517,0.0287,-0.02,-18.44,-36.5,-0.87,277.25,-83.71,-156.91
52.387577,-1.589324,163.81,3.91,3,29.42,20 / 21,4238910,2019-09-06 20:30:44:653,-0.1596,0.8422,9.8423,-0.0071,0.0025,9.8066,0.0528,0.056,-0.0186,-18.56,-36.06,-1.37,277.09,-83.79,-158.07
52.387577,-1.589324,163.81,3.91,3,29.42,20 / 21,4239010,2019-09-06 20:30:44:753,0.5236,0.668,10.2477,-0.004,-0.0048,9.8066,0.0486,0.0506,0.0153,-18.5,-35.81,-0.81,276.37,-83.83,-158.03
52.387577,-1.589324,163.81,3.91,3,29.42,20 / 21,4239109,2019-09-06 20:30:44:852,-0.0207,0.3322,9.7863,0.0025,0.0021,9.8066,-0.0083,0.0543,-0.0086,-18.87,-36.69,-1,276.83,-83.81,-158.03
52.387577,-1.589324,163.81,3.91,3,29.42,20 / 21,4239210,2019-09-06 20:30:44:953,-0.0453,0.4148,9.7016,-0.0077,-0.0031,9.8066,0.0199,0.0445,-0.0017,-18.12,-36.06,-1.62,273.35,-83.84,-157.93
52.387577,-1.589324,163.81,3.91,3,29.42,20 / 21,4239309,2019-09-06 20:30:45:052,0.2159,0.4304,9.9478,0.013,0.006,9.8066,0.0117,0.04,-0.0161,-17.69,-36,-1.56,273.28,-83.82,-157.96
52.387577,-1.589324,163.81,3.91,3,29.42,19 / 21,4239410,2019-09-06 20:30:45:153,-0.0278,0.5691,9.9167,0.0118,0.008,9.8066,0.0049,0.0503,-0.0017,-18.75,-36.37,-1.25,276.73,-83.78,-158.39
52.387577,-1.589324,163.81,3.91,3,29.42,19 / 21,4239509,2019-09-06 20:30:45:252,-0.6288,0.3583,9.7449,0.0183,0.0041,9.8066,-0.01,0.0404,-0.0033,-18,-36.5,-1.19,275.09,-83.68,-158.97
52.387577,-1.589324,163.81,3.91,3,29.42,19 / 21,4239610,2019-09-06 20:30:45:353,-0.2425,0.271,9.8798,-0.0158,-0.0018,9.8066,-0.0211,0.0529,-0.0234,-17.56,-36.31,-1.81,272.47,-83.8,-158.71
52.387577,-1.589324,163.81,3.91,3,29.42,19 / 21,4239710,2019-09-06 20:30:45:453,-0.3591,0.2319,9.6868,-0.0143,-0.0005,9.8065,0.0121,0.0412,-0.0063,-17.75,-36.06,-1.81,272.17,-83.87,-159.15
52.387577,-1.589324,163.81,3.91,3,29.42,19 / 21,4239809,2019-09-06 20:30:45:552,-0.3845,0.6164,9.9725,-0.0037,0.0027,9.8066,0.0076,0.052,0.0036,-18.06,-36.37,-1.31,274.97,-83.89,-159.52
52.387577,-1.589324,163.81,3.91,3,29.42,19 / 21,4239910,2019-09-06 20:30:45:653,-0.3394,0.348,9.897,0.0043,-0.0018,9.8066,-0.0128,0.0545,0.0133,-18,-36.31,-1.75,271.97,-83.87,-159.35
52.387577,-1.589324,163.81,3.91,3,29.42,19 / 21,4240011,2019-09-06 20:30:45:754,-0.2013,0.365,9.5816,0.0012,-0.0057,9.8066,-0.0068,0.0649,0.0098,-17.25,-35.87,-2,271.29,-83.88,-158.96
52.387577,-1.589324,163.81,3.91,3,29.42,19 / 21,4240110,2019-09-06 20:30:45:853,-0.5072,0.2007,9.8927,0.0044,-0.0043,9.8066,0.0657,0.0308,0.0018,-17.69,-36,-1.94,273.02,-83.82,-158.21
52.387577,-1.589324,163.81,3.91,3,29.42,19 / 21,4240209,2019-09-06 20:30:45:952,-0.0819,0.3049,10.1209,-0.0039,0.0021,9.8066,0.0416,0.0615,-0.0242,-17.5,-36.81,-1.56,271.21,-83.79,-158.47
52.387577,-1.589324,163.81,3.91,3,29.42,19 / 21,4240310,2019-09-06 20:30:46:053,-0.2804,0.2452,9.8691,-0.0077,0.0051,9.8066,-0.035,0.0449,-0.0276,-17.62,-35.94,-2.12,271.93,-83.79,-159.23
52.387833,-1.588966,164.51,4.61,3,43.51,19 / 21,4240409,2019-09-06 20:30:46:152,-0.2915,0.3807,9.9593,-0.0049,0.003,9.8066,0.0028,0.0378,-0.0342,-17.06,-36.69,-2.44,269.83,-83.84,-159.98
52.387833,-1.588966,164.51,4.61,3,43.51,19 / 21,4240509,2019-09-06 20:30:46:252,-0.1156,0.5244,9.7931,-0.0059,-0.0005,9.8066,-0.0214,0.0319,-0.0163,-17.56,-36.19,-2.87,267.66,-83.96,-160.84
52.387833,-1.588966,164.51,4.61,3,43.51,19 / 21,4240609,2019-09-06 20:30:46:352,-0.563,0.4192,9.8547,0.0041,-0.0012,9.8066,-0.0193,0.0581,0.0041,-17.31,-36.44,-1.94,269.5,-83.94,-160.88
52.387833,-1.588966,164.51,4.61,3,43.51,19 / 21,4240709,2019-09-06 20:30:46:452,-0.3916,0.0437,9.8369,-0.0011,-0.0035,9.8066,-0.0098,0.0534,0.0004,-17.37,-36.81,-3,266.59,-83.97,-160.36
52.387833,-1.588966,164.51,4.61,3,43.51,19 / 21,4240810,2019-09-06 20:30:46:553,-0.2656,0.3714,9.9703,0.0018,0.0032,9.8066,-0.0171,0.0425,-0.0153,-17.06,-36.69,-3.06,266.97,-84.02,-160.08
52.387833,-1.588966,164.51,4.61,3,43.51,19 / 21,4240909,2019-09-06 20:30:46:652,-0.0305,0.2334,10.1218,0.0005,0.005,9.8066,-0.0184,0.0465,-0.0155,-16.75,-36.12,-2.87,267.04,-84.05,-160.44
52.387833,-1.588966,164.51,4.61,3,43.51,19 / 21,4241010,2019-09-06 20:30:46:753,-0.5541,0.2222,10.0198,0.0019,0.004,9.8066,-0.0147,0.0371,-0.0084,-17.06,-36.31,-2.69,266.34,-84.1,-161.26
52.387833,-1.588966,164.51,4.61,3,43.51,19 / 21,4241109,2019-09-06 20:30:46:852,-0.2499,0.4387,9.8429,0.0015,0.0042,9.8066,-0.0239,0.0479,-0.0072,-16.81,-36.94,-3.25,265.77,-84.11,-161.51
52.387833,-1.588966,164.51,4.61,3,43.51,19 / 21,4241210,2019-09-06 20:30:46:953,-0.3367,0.2085,9.5762,0.0023,0.0025,9.8065,0.0016,0.0377,0.0137,-16.62,-36.75,-3.25,265.5,-84.16,-161.9
52.387833,-1.588966,164.51,4.61,3,43.51,19 / 21,4241310,2019-09-06 20:30:47:053,-0.3955,0.3846,9.7098,-0.0024,-0.0026,9.8066,0.0281,0.0439,-0.0068,-16.56,-36.5,-3.19,265.58,-84.1,-162.02
52.387833,-1.588966,164.51,4.61,3,43.51,19 / 21,4241410,2019-09-06 20:30:47:153,-0.1535,0.0859,9.8229,-0.0009,0.0004,9.8065,0.0259,0.0576,0.0156,-17,-36.5,-3.12,265.41,-84.03,-162.05
52.387833,-1.588966,164.51,4.61,3,43.51,19 / 21,4241509,2019-09-06 20:30:47:252,0.1069,-0.1808,9.8515,0.0057,0.0001,9.8066,-0.0263,0.0341,-0.0575,-17.25,-37.12,-3.69,261.86,-83.97,-162.14
52.387833,-1.588966,164.51,4.61,3,43.51,19 / 21,4241610,2019-09-06 20:30:47:353,-0.6887,0.4381,10.0512,-0.0129,0.0111,9.8066,-0.0363,0.0659,-0.0331,-16.56,-36.37,-3.81,260.6,-84.02,-163.92
52.387833,-1.588966,164.51,4.61,3,43.51,19 / 21,4241710,2019-09-06 20:30:47:453,-0.8256,0.5675,9.7235,-0.0001,0.009,9.8066,0.0785,0.0657,-0.0013,-16.37,-36.56,-3.37,260.71,-84.04,-165.18
52.387833,-1.588966,164.51,4.61,3,43.51,19 / 21,4241810,2019-09-06 20:30:47:553,-0.4876,0.7319,9.3725,-0.0118,-0.0132,9.8065,0.0391,0.0288,0.0081,-17.06,-37.37,-3.31,262.54,-84.03,-164.65
52.387833,-1.588966,164.51,4.61,3,43.51,19 / 21,4241910,2019-09-06 20:30:47:653,-0.4429,-0.1931,10.0024,-0.005,-0.012,9.8066,-0.009,0.0306,0.0387,-16.94,-37.69,-3,262.96,-83.99,-163.77
52.387833,-1.588966,164.51,4.61,3,43.51,19 / 21,4242010,2019-09-06 20:30:47:753,-0.7448,-0.0284,10.1109,0.0117,0.0014,9.8066,-0.0033,0.0625,-0.0345,-16.81,-38.06,-3.56,260.46,-83.97,-163.25
52.387833,-1.588966,164.51,4.61,3,43.51,19 / 21,4242110,2019-09-06 20:30:47:853,-0.4185,-0.2715,10.1355,0.011,0.0194,9.8066,0.0539,0.0484,-0.0422,-16.94,-37.12,-2.69,262.25,-83.79,-164.43
52.387833,-1.588966,164.51,4.61,3,43.51,19 / 21,4242210,2019-09-06 20:30:47:953,-0.2326,0.3431,9.825,0.0085,0.0159,9.8066,0.0029,0.0222,-0.0378,-16.56,-37.37,-2.87,259.27,-83.68,-167.3
52.387833,-1.588966,164.51,4.61,3,43.51,19 / 21,4242310,2019-09-06 20:30:48:053,-0.9928,0.2174,9.8537,-0.0124,0.0078,9.8066,0.0226,0.041,-0.0015,-16.5,-37.62,-2.81,256.58,-83.74,-168.47
52.387833,-1.588966,164.51,4.61,3,43.51,19 / 21,4242409,2019-09-06 20:30:48:152,-1.1627,0.3233,9.8856,-0.0098,-0.0009,9.8066,0.0446,0.0253,-0.014,-16.12,-37.19,-2.56,256.34,-83.82,-169.29
52.387833,-1.588966,164.51,4.61,3,43.51,19 / 21,4242509,2019-09-06 20:30:48:252,-0.3401,-0.0818,9.8551,0.0015,-0.0023,9.8065,0.0152,0.0623,0.0011,-15.75,-36.87,-3.31,256.24,-83.8,-169.34
52.387833,-1.588966,164.51,4.61,3,43.51,19 / 21,4242610,2019-09-06 20:30:48:353,-0.1594,0.362,10.3932,0.0074,0,9.8066,0.0991,0.0674,0.0231,-16.12,-36.69,-3.12,255.9,-83.65,-169.37
52.387833,-1.588966,164.51,4.61,3,43.51,19 / 21,4242709,2019-09-06 20:30:48:452,-0.6718,-0.3892,11.2055,0.0036,-0.0032,9.8066,-0.0714,0.0552,-0.0281,-15.81,-36.94,-2.31,259.03,-83.53,-169.11
52.387833,-1.588966,164.51,4.61,3,43.51,19 / 21,4242810,2019-09-06 20:30:48:553,-0.7556,-1.2347,10.9839,0.0343,0.0362,9.8064,0.0466,0.0022,-0.0212,-15.69,-37,-3,253.2,-83.16,-171.17
52.387833,-1.588966,164.51,4.61,3,43.51,19 / 21,4242909,2019-09-06 20:30:48:652,-0.9763,0.3478,9.5483,0.0368,0.048,9.8064,0.1535,0.0082,-0.0291,-15.19,-37.19,-2.56,248.82,-82.82,-173.53
52.387833,-1.588966,164.51,4.61,3,43.51,19 / 21,4243010,2019-09-06 20:30:48:753,-0.3218,0.7582,7.8734,0.0101,0.0134,9.8066,0.1205,0.0546,-0.0249,-15.06,-37.19,-2.19,249.47,-82.29,-175.07
52.387833,-1.588966,164.51,4.61,3,43.51,19 / 21,4243110,2019-09-06 20:30:48:853,0.6821,0.7533,8.636,0.0002,-0.0048,9.8066,0.0076,-0.0073,0.0251,-14.81,-37.06,-1.62,248.25,-81.93,-175.61
52.387833,-1.588966,164.51,4.61,3,43.51,19 / 21,4243209,2019-09-06 20:30:48:952,-0.065,0.1952,9.4055,0.0071,-0.0072,9.8065,-0.0336,0.0333,-0.0341,-15.25,-37.37,-1.94,248.91,-81.79,-174.5
52.387833,-1.588966,164.51,4.61,3,43.51,19 / 21,4243310,2019-09-06 20:30:49:053,0.3161,-0.3459,10.4224,-0.0186,-0.0165,9.8066,-0.0885,0.0174,0.0526,-16,-37.44,-2.37,251.58,-82.05,-173.79
52.387833,-1.588966,164.51,4.61,3,43.51,19 / 21,4243410,2019-09-06 20:30:49:153,-0.4275,-0.5321,10.9522,-0.0201,-0.0212,9.8065,-0.1225,-0.002,0.0155,-15.56,-36.31,-3.69,248.74,-82.52,-171.91
52.387833,-1.588966,164.51,4.61,3,43.51,19 / 21,4243509,2019-09-06 20:30:49:252,-0.3045,-0.8035,10.5244,-0.0358,-0.0176,9.8065,-0.1336,-0.0181,-0.0526,-15.62,-36.31,-2.94,253.37,-83.02,-171.11
52.387833,-1.588966,164.51,4.61,3,43.51,19 / 21,4243609,2019-09-06 20:30:49:352,-0.6756,-0.6499,10.1677,-0.0407,-0.0104,9.8065,-0.1043,-0.0764,0.0099,-15.44,-36.69,-3.44,252.34,-83.7,-171.72
52.387833,-1.588966,164.51,4.61,3,43.51,19 / 21,4243710,2019-09-06 20:30:49:453,-0.2451,0.2195,9.197,-0.034,-0.0009,9.8066,-0.039,-0.0384,0.0127,-15.69,-36.37,-3.56,251.8,-84.36,-172.44
52.387833,-1.588966,164.51,4.61,3,43.51,19 / 21,4243810,2019-09-06 20:30:49:553,0.1047,-0.4415,8.7028,0.0247,0.0114,9.8066,0.0331,-0.049,0.0111,-15.75,-36.87,-3.87,250.62,-84.36,-173.37
52.387833,-1.588966,164.51,4.61,3,43.51,19 / 21,4243910,2019-09-06 20:30:49:653,0.8595,-0.2845,8.8238,0.0338,0.0201,9.8065,0.0378,-0.0855,-0.0241,-15.37,-36.56,-3.44,251.29,-84.1,-173.79
52.387833,-1.588966,164.51,4.61,3,43.51,19 / 21,4244009,2019-09-06 20:30:49:752,0.8094,-0.7522,9.8388,0.0151,0.0035,9.8066,-0.0203,-0.1602,0.0644,-16.12,-36.75,-2.81,251.99,-83.83,-173.98
52.387833,-1.588966,164.51,4.61,3,43.51,19 / 21,4244109,2019-09-06 20:30:49:852,0.5526,-0.4954,10.3271,0.0156,0.0004,9.8065,-0.0117,-0.1446,0.0165,-15.94,-36.25,-2.69,252.82,-83.78,-173.36
52.387833,-1.588966,164.51,4.61,3,43.51,19 / 21,4244210,2019-09-06 20:30:49:953,0.1348,-0.6418,10.3723,-0.0224,-0.0122,9.8065,-0.058,-0.133,-0.0016,-16.19,-36.44,-2.62,253.01,-83.94,-173.48
52.387833,-1.588966,164.51,4.61,3,43.51,19 / 21,4244310,2019-09-06 20:30:50:053,-0.0354,-1.0666,10.3058,-0.011,0.011,9.8066,0.0102,-0.175,-0.0439,-15.69,-36.75,-3.06,252.5,-84.19,-174.22
52.387833,-1.588966,164.51,4.61,3,43.51,19 / 20,4244410,2019-09-06 20:30:50:153,-0.5515,-0.2176,9.7521,-0.0373,0.0146,9.8065,-0.0072,-0.1396,-0.0834,-15.06,-36.81,-2.69,247.55,-84.46,-178.72
52.387833,-1.588966,164.51,4.61,3,43.51,19 / 20,4244510,2019-09-06 20:30:50:253,-0.792,0.2963,9.3488,-0.0211,0.0328,9.8065,-0.0173,-0.0923,-0.0757,-14.62,-37,-3.19,243.87,-84.56,177.01
52.387833,-1.588966,164.51,4.61,3,43.51,19 / 20,4244609,2019-09-06 20:30:50:352,-1.0085,1.115,9.2133,-0.0143,0.0281,9.8065,-0.0024,-0.0521,-0.09,-14.62,-36.37,-1.75,241.6,-84.62,170.45
52.387833,-1.588966,164.51,4.61,3,43.51,19 / 20,4244709,2019-09-06 20:30:50:452,-1.0501,1.0714,10.25,-0.0073,0.0191,9.8065,0.0445,0.0139,-0.0252,-14.94,-37.62,-1.75,238.41,-84.54,167.67
52.387833,-1.588966,164.51,4.61,3,43.51,19 / 20,4244810,2019-09-06 20:30:50:553,-0.9749,1.1426,10.2307,0.0116,0.0116,9.8065,0.0306,0.0232,-0.0157,-15.25,-37.06,-1.87,236.96,-84.45,165.91
52.387833,-1.588966,164.51,4.61,3,43.51,19 / 20,4244909,2019-09-06 20:30:50:652,-0.6269,1.4554,9.4448,-0.0133,0.0014,9.8066,-0.0701,0.1283,-0.0361,-14.56,-37.62,-2.06,235.89,-84.34,165.23
52.387833,-1.588966,164.51,4.61,3,43.51,19 / 20,4245010,2019-09-06 20:30:50:753,-0.9857,0.6178,9.7948,-0.009,-0.0014,9.8066,-0.0012,0.1458,0.0055,-14.19,-37.25,-2.31,234.36,-84.44,164.28
52.387833,-1.588966,164.51,4.61,3,43.51,19 / 20,4245110,2019-09-06 20:30:50:853,-1.1171,0.9211,10.0321,-0.0007,0.0064,9.8066,-0.0364,0.1802,-0.0518,-14.31,-36.87,-2.94,230.61,-84.57,163.51
52.387833,-1.588966,164.51,4.61,3,43.51,19 / 20,4245209,2019-09-06 20:30:50:952,-0.396,0.9287,10.2579,-0.0086,0.0064,9.8066,0.0268,0.2257,-0.0337,-14.19,-36.56,-2.62,229.23,-84.65,161.75
52.387833,-1.588966,164.51,4.61,3,43.51,19 / 20,4245309,2019-09-06 20:30:51:052,-0.3027,1.1555,9.9722,-0.0183,0.0063,9.8066,-0.0471,0.2413,-0.062,-13.69,-37.19,-3.12,227.65,-84.73,159.75
52.387833,-1.588966,164.51,4.61,3,43.51,19 / 20,4245409,2019-09-06 20:30:51:152,-0.786,1.1614,9.9616,-0.0043,0.0102,9.8066,-0.0208,0.2817,-0.0545,-12.69,-37.06,-4.25,221.44,-84.74,157.95
52.387833,-1.588966,164.51,4.61,3,43.51,19 / 20,4245510,2019-09-06 20:30:51:253,-1.1125,1.1961,9.6895,-0.0054,-0.0011,9.8066,-0.0421,0.2829,-0.0093,-12.31,-36.44,-4.75,214.61,-84.75,155.4
52.387833,-1.588966,164.51,4.61,3,43.51,19 / 20,4245610,2019-09-06 20:30:51:353,-0.832,0.7173,9.8352,0.0059,-0.0001,9.8066,-0.0402,0.2439,-0.0116,-12.44,-36.94,-5.56,211.54,-84.78,155.55
52.387833,-1.588966,164.51,4.61,3,43.51,19 / 20,4245709,2019-09-06 20:30:51:452,-0.3068,0.7076,10.0631,0.0018,0.0013,9.8066,0.0112,0.3025,-0.0191,-11.56,-36.37,-5.69,212.47,-84.85,156.37
52.387833,-1.588966,164.51,4.61,3,43.51,19 / 20,4245809,2019-09-06 20:30:51:552,0.0848,0.8531,9.5441,0.01,0.0007,9.8066,0.0611,0.2601,-0.0029,-11.37,-36.94,-6.25,210.3,-84.82,156.54
52.387833,-1.588966,164.51,4.61,3,43.51,19 / 20,4245909,2019-09-06 20:30:51:652,-0.2649,0.466,10.1198,0.0045,-0.001,9.8066,-0.0107,0.2293,-0.0365,-11.56,-37.06,-6.31,213.11,-84.77,157.47
52.387833,-1.588966,164.51,4.61,3,43.51,19 / 20,4246009,2019-09-06 20:30:51:752,-0.0675,0.3806,9.7909,0.0009,0.0128,9.8066,0.0225,0.2653,-0.0562,-11.19,-37.37,-6.44,210.61,-84.7,157.11
52.387833,-1.588966,164.51,4.61,3,43.51,19 / 20,4246110,2019-09-06 20:30:51:853,-0.6715,0.8718,9.6969,-0.0045,0.015,9.8065,-0.0482,0.239,-0.0039,-10.81,-37.25,-6.87,206.07,-84.5,155.31
52.387833,-1.588966,164.51,4.61,3,43.51,19 / 20,4246210,2019-09-06 20:30:51:953,-0.2816,0.9692,9.8425,0.008,0.0031,9.8065,-0.0368,0.2263,-0.0234,-10.19,-36.81,-6.56,203.86,-84.4,155.62
52.387833,-1.588966,164.51,4.61,3,43.51,19 / 20,4246309,2019-09-06 20:30:52:052,-0.5307,0.5467,10.2191,0.0127,0.0125,9.8066,-0.0057,0.2293,-0.0056,-9.87,-36.81,-6.56,203.9,-84.35,155.74
52.387833,-1.588966,164.51,4.61,3,43.51,19 / 20,4246410,2019-09-06 20:30:52:153,-0.5998,-0.2624,9.8547,0.0097,-0.0042,9.8066,-0.003,0.2305,-0.0046,-9.94,-37.75,-7.19,204.84,-84.37,157.12
52.387833,-1.588966,164.51,4.61,3,43.51,19 / 20,4246510,2019-09-06 20:30:52:253,-0.1024,0.7311,9.1322,0.0059,0.0114,9.8065,-0.0012,0.2087,0.0033,-10.12,-37.87,-7.69,202.31,-84.28,157.32
52.387833,-1.588966,164.51,4.61,3,43.51,19 / 20,4246609,2019-09-06 20:30:52:352,0.538,0.0397,9.5725,-0.0018,-0.0097,9.8066,0.0213,0.1684,0.0115,-9.37,-37.56,-7.19,202.77,-84.28,157.93
52.387833,-1.588966,164.51,4.61,3,43.51,19 / 20,4246710,2019-09-06 20:30:52:453,-0.4889,0.0249,9.9405,-0.002,0.0085,9.8066,-0.004,0.1844,-0.0933,-9.19,-37.19,-8.19,200.31,-84.3,157.94
52.387833,-1.588966,164.51,4.61,3,43.51,19 / 20,4246810,2019-09-06 20:30:52:553,-0.6366,0.4372,10.0215,-0.0033,0.0082,9.8066,0.0123,0.2012,0.0708,-8.5,-36.75,-7.25,198.48,-84.12,156.06
52.387833,-1.588966,164.51,4.61,3,43.51,19 / 20,4246910,2019-09-06 20:30:52:653,0.0061,0.1199,9.9308,0.0162,-0.0064,9.8065,-0.0197,0.1574,-0.0203,-8.31,-37.19,-7.62,196.83,-84.25,157.2
52.387833,-1.588966,164.51,4.61,3,43.51,19 / 20,4247010,2019-09-06 20:30:52:753,0.1838,0.5454,9.5858,-0.0065,-0.0101,9.8065,-0.0494,0.1417,0.0104,-8.06,-37.81,-8.87,194.32,-84.4,156.99
52.387833,-1.588966,164.51,4.61,3,43.51,19 / 20,4247109,2019-09-06 20:30:52:852,0.1099,0.1067,9.9177,0.0007,-0.0066,9.8066,0.0313,0.1273,-0.0202,-8.44,-37.69,-8.69,194.64,-84.52,157.32
52.387833,-1.588966,164.51,4.61,3,43.51,19 / 20,4247209,2019-09-06 20:30:52:952,-0.2192,0.5235,9.6575,-0.0124,-0.0017,9.8066,0.0331,0.1451,-0.0104,-8.81,-37.62,-8.31,199.42,-84.47,156.78
52.387833,-1.588966,164.51,4.61,3,43.51,19 / 20,4247310,2019-09-06 20:30:53:053,0.4865,0.4649,9.7273,0.01,-0.0007,9.8066,-0.0444,0.1212,0.0127,-8.37,-37.75,-8.94,194.21,-84.45,156.81
52.387833,-1.588966,164.51,4.61,3,43.51,19 / 20,4247410,2019-09-06 20:30:53:153,-0.1197,0.0723,9.7567,-0.0009,0.0088,9.8066,-0.0513,0.0847,-0.0315,-8.06,-37.69,-8.19,196.72,-84.42,157.04
52.387833,-1.588966,164.51,4.61,3,43.51,19 / 20,4247509,2019-09-06 20:30:53:252,0.1102,0.5292,9.71,0.0051,0.0086,9.8065,-0.0277,0.092,0.0176,-8.19,-38.44,-8.81,194.04,-84.42,156.61
52.387833,-1.588966,164.51,4.61,3,43.51,19 / 20,4247609,2019-09-06 20:30:53:352,0.055,0.1771,9.4382,-0.0057,0.0008,9.8066,-0.0018,0.0754,-0.0441,-8.44,-38.5,-9.25,194.38,-84.48,157
52.387833,-1.588966,164.51,4.61,3,43.51,19 / 20,4247709,2019-09-06 20:30:53:452,0.3016,-0.2588,9.8526,0.0025,0.0126,9.8066,-0.0334,0.0744,-0.0342,-8.5,-38.37,-8.94,193.65,-84.43,156.1
52.387833,-1.588966,164.51,4.61,3,43.51,19 / 20,4247810,2019-09-06 20:30:53:553,-0.0038,0.738,9.7368,-0.0174,-0.0008,9.8065,0.0478,0.0512,-0.0064,-8.31,-38.69,-8.06,194.34,-84.36,154.09
52.387833,-1.588966,164.51,4.61,3,43.51,19 / 20,4247910,2019-09-06 20:30:53:653,0.0715,0.7906,9.5434,-0.011,-0.0033,9.8066,0.0298,0.0446,0.0108,-7.81,-38.5,-7.94,193.72,-84.28,153.21
52.387833,-1.588966,164.51,4.61,3,43.51,19 / 20,4248010,2019-09-06 20:30:53:753,0.9057,0.9736,9.3087,0.0064,-0.0047,9.8066,-0.1176,-0.0069,-0.0056,-7.44,-37.69,-7.94,191.16,-84.35,153.83
52.387833,-1.588966,164.51,4.61,3,43.51,19 / 20,4248110,2019-09-06 20:30:53:853,0.4251,1.4816,7.7934,-0.0219,-0.0133,9.8065,-0.0775,0.118,-0.0479,-8.12,-38,-8,193.25,-84.6,152.35
52.387833,-1.588966,164.51,4.61,3,43.51,19 / 20,4248210,2019-09-06 20:30:53:953,1.4677,0.6211,8.5496,-0.0235,-0.0447,9.8064,-0.1354,0.0269,0.0137,-8.31,-37.75,-8.81,190.11,-84.91,151.26
52.387833,-1.588966,164.51,4.61,3,43.51,19 / 20,4248309,2019-09-06 20:30:54:052,-0.9647,-0.9316,11.5106,-0.0294,-0.0275,9.8065,-0.1401,-0.001,0.0089,-8.06,-36.81,-9.12,186.01,-85.68,145.75
52.387833,-1.588966,164.51,4.61,3,43.51,20 / 21,4248410,2019-09-06 20:30:54:153,-0.1353,-1.0552,12.574,-0.0229,-0.0345,9.8065,0.1283,0.0332,-0.0054,-7.75,-36.5,-8.94,184.29,-86.19,143.5
52.387833,-1.588966,164.51,4.61,3,43.51,20 / 21,4248509,2019-09-06 20:30:54:252,0.2022,0.1201,10.8804,-0.0153,-0.0222,9.8066,0.1652,0.0053,0.0181,-7.31,-37.25,-8.87,181.52,-86.18,143.97
52.387833,-1.588966,164.51,4.61,3,43.51,20 / 21,4248610,2019-09-06 20:30:54:353,0.2652,0.474,9.2868,0.0217,0.033,9.8066,-0.0271,0.0209,0.0121,-8.12,-36.37,-9.06,186.98,-85.75,146.87
52.387833,-1.588966,164.51,4.61,3,43.51,20 / 21,4248709,2019-09-06 20:30:54:452,0.7738,0.3089,8.6753,0.0166,0.0091,9.8066,0.0059,0.0159,-0.0285,-7.75,-36.44,-8.56,188.34,-85.65,148.57
52.387833,-1.588966,164.51,4.61,3,43.51,20 / 21,4248809,2019-09-06 20:30:54:552,1.4981,0.8535,8.7874,0.0573,0.07,9.8062,0.0866,0.0214,-0.0041,-7.69,-36.5,-7.81,191.48,-85.44,149.34
52.387833,-1.588966,164.51,4.61,3,43.51,20 / 21,4248910,2019-09-06 20:30:54:653,1.1787,2.2345,9.3525,0.0586,0.0812,9.8061,0.1236,-0.0081,-0.0161,-7.06,-36.75,-6.87,194.61,-84.29,154.93
52.387833,-1.588966,164.51,4.61,3,43.51,20 / 21,4249009,2019-09-06 20:30:54:752,0.2236,1.2587,10.6056,0.0124,0.0031,9.8066,-0.0064,0.0537,0.0027,-7.5,-37.31,-6.19,199.13,-83.5,158.19
52.387833,-1.588966,164.51,4.61,3,43.51,20 / 21,4249110,2019-09-06 20:30:54:853,0.6903,0.4912,11.1458,-0.0217,-0.038,9.8065,-0.0991,-0.0125,0.0419,-7.62,-36.31,-6.75,200.49,-83.6,159.16
52.387833,-1.588966,164.51,4.61,3,43.51,20 / 21,4249209,2019-09-06 20:30:54:952,0.2691,-0.0317,10.2125,-0.0195,-0.0338,9.8065,-0.0803,-0.0142,0.026,-6.69,-36.25,-7.19,196.68,-84.37,157.48
52.387833,-1.588966,164.51,4.61,3,43.51,20 / 21,4249310,2019-09-06 20:30:55:053,0.5579,0.1639,9.5352,-0.0011,-0.0156,9.8066,0.0331,-0.021,0.0072,-6.31,-36.62,-7.19,193.12,-84.7,157.29
52.38811,-1.58874,164.66,4.36,3,6.94,19 / 21,4249410,2019-09-06 20:30:55:153,0.6986,0.3524,9.2463,0.0041,0.0033,9.8066,0.0626,-0.0019,-0.0117,-6.81,-37.19,-6.81,197.22,-84.68,158.03
52.38811,-1.58874,164.66,4.36,3,6.94,19 / 21,4249509,2019-09-06 20:30:55:252,0.8834,0.752,9.2589,0.0209,0.0243,9.8065,-0.0493,-0.0205,0.0282,-7.31,-37.12,-7.31,197.6,-84.37,158.89
52.38811,-1.58874,164.66,4.36,3,6.94,19 / 21,4249610,2019-09-06 20:30:55:353,0.2137,0.262,9.7534,-0.005,-0.008,9.8066,0.0904,-0.0407,0.0049,-7.06,-37.12,-7.44,198.01,-84.23,159.6
52.38811,-1.58874,164.66,4.36,3,6.94,19 / 21,4249709,2019-09-06 20:30:55:452,1.1977,1.5002,10.4933,-0.0105,-0.0222,9.8065,0.0821,-0.0294,0.0093,-6.25,-36.87,-7.19,194.67,-84.32,159.78
52.38811,-1.58874,164.66,4.36,3,6.94,19 / 21,4249810,2019-09-06 20:30:55:553,0.5082,0.0097,10.1413,0.0123,0.0048,9.8066,-0.0641,-0.0204,0.0245,-6.69,-36.62,-7.75,196.68,-84.37,161.04
52.38811,-1.58874,164.66,4.36,3,6.94,19 / 21,4249910,2019-09-06 20:30:55:653,0.2391,-0.1222,9.7494,0.0127,0.0082,9.8066,-0.0189,-0.0265,0.0087,-7.37,-36.87,-7.37,199.63,-84.47,161.5
52.38811,-1.58874,164.66,4.36,3,6.94,19 / 21,4250009,2019-09-06 20:30:55:752,0.8842,0.68,9.8153,0.0041,-0.015,9.8066,0.014,-0.0353,0.0439,-7.5,-36.75,-7.56,198.17,-84.56,162.81
52.38811,-1.58874,164.66,4.36,3,6.94,19 / 21,4250109,2019-09-06 20:30:55:852,1.252,0.3642,9.9772,0.0113,0.0067,9.8066,0.0023,-0.0658,0.028,-7.31,-37.69,-7.31,201.7,-84.54,164.38
52.38811,-1.58874,164.66,4.36,3,6.94,19 / 21,4250210,2019-09-06 20:30:55:953,0.6183,0.5168,9.6231,0.0044,0.0041,9.8066,0.0018,-0.0432,-0.0132,-8.12,-36.94,-7.94,202.94,-84.48,164.89
52.38811,-1.58874,164.66,4.36,3,6.94,19 / 21,4250309,2019-09-06 20:30:56:052,0.447,0.6132,9.4507,-0.0048,-0.0054,9.8066,-0.0096,-0.034,-0.0048,-7.56,-37.19,-7.87,203.28,-84.45,165.37
52.38811,-1.58874,164.66,4.36,3,6.94,19 / 21,4250410,2019-09-06 20:30:56:153,0.5249,0.5226,9.6553,0.0056,-0.0001,9.8066,-0.0219,-0.074,0.033,-7.75,-37.06,-8,203.83,-84.47,166.05
52.38811,-1.58874,164.66,4.36,3,6.94,19 / 21,4250510,2019-09-06 20:30:56:253,0.9085,0.3532,9.9978,-0.0102,-0.0147,9.8065,-0.0434,-0.0474,0.0021,-8,-37.31,-8.06,204.11,-84.58,166.26
52.38811,-1.58874,164.66,4.36,3,6.94,19 / 21,4250609,2019-09-06 20:30:56:352,0.3047,0.0339,10.2722,-0.0025,-0.0131,9.8066,-0.0477,-0.047,0.0213,-8.44,-36.75,-7.87,204.31,-84.78,166.27
52.38811,-1.58874,164.66,4.36,3,6.94,19 / 21,4250709,2019-09-06 20:30:56:452,0.7882,0.8926,10.0073,-0.0118,-0.0109,9.8066,0.0121,-0.0299,-0.0122,-7.69,-37.12,-8.44,204,-84.86,165.75
52.38811,-1.58874,164.66,4.36,3,6.94,19 / 21,4250810,2019-09-06 20:30:56:553,0.4343,-0.0156,9.8873,0.0039,0.0178,9.8066,0.0983,-0.0274,-0.0074,-8.31,-37.87,-8.5,204.23,-84.77,166.36
52.38811,-1.58874,164.66,4.36,3,6.94,19 / 21,4250910,2019-09-06 20:30:56:653,0.586,0.9759,9.8414,0.0219,0.0204,9.8066,0.0892,-0.0236,0.0266,-8.44,-37.75,-8.25,203.66,-84.49,165.99
52.38811,-1.58874,164.66,4.36,3,6.94,19 / 21,4251010,2019-09-06 20:30:56:753,0.4769,0.1406,9.4815,0.0149,0.0086,9.8066,0.0493,-0.0226,0.0431,-8.5,-37.19,-7.75,204.82,-84.17,167.74
52.38811,-1.58874,164.66,4.36,3,6.94,19 / 21,4251110,2019-09-06 20:30:56:853,1.0945,0.5734,9.8702,0.009,-0.0076,9.8066,0.0077,-0.039,-0.0047,-8.25,-37.75,-7.69,205.86,-84.07,169.45
52.38811,-1.58874,164.66,4.36,3,6.94,19 / 21,4251209,2019-09-06 20:30:56:952,0.5439,0.6842,9.9528,-0.0031,-0.0002,9.8066,-0.0658,0.0014,-0.0035,-8.19,-37.75,-8.62,203.6,-84.11,169.31
52.38811,-1.58874,164.66,4.36,3,6.94,19 / 21,4251310,2019-09-06 20:30:57:053,-0.0651,-0.0289,9.9515,-0.0192,-0.0133,9.8066,-0.1135,-0.0288,0.0027,-7.62,-37.31,-8,205.05,-84.19,167.99
52.38811,-1.58874,164.66,4.36,3,6.94,19 / 21,4251410,2019-09-06 20:30:57:153,0.1172,-0.0657,10.0336,-0.0111,-0.0175,9.8066,0.0423,0.0024,-0.035,-7.5,-37.5,-8.37,201.05,-84.33,166.88
52.38811,-1.58874,164.66,4.36,3,6.94,19 / 21,4251509,2019-09-06 20:30:57:252,0.5544,0.2502,9.6275,-0.009,-0.016,9.8066,0.0678,-0.0177,0.0412,-7.44,-37.69,-8.75,198.57,-84.53,166.42
52.38811,-1.58874,164.66,4.36,3,6.94,19 / 21,4251609,2019-09-06 20:30:57:352,0.039,0.5158,9.7972,0.0186,0.0197,9.8066,-0.0125,-0.0613,0.041,-7.12,-38.12,-7.94,201.23,-84.33,167.31
52.38811,-1.58874,164.66,4.36,3,6.94,19 / 21,4251709,2019-09-06 20:30:57:452,-0.0079,1.7167,10.1207,-0.0121,0.01,9.8066,-0.0211,-0.0692,-0.001,-6.87,-37.44,-7,203.36,-84.33,166.69
52.38811,-1.58874,164.66,4.36,3,6.94,19 / 21,4251810,2019-09-06 20:30:57:553,-1.5389,0.9851,10.3016,0.0261,0.0453,9.8064,-0.1062,-0.0798,0.0538,-7.5,-38.06,-6.94,202.01,-84.04,165.51
52.38811,-1.58874,164.66,4.36,3,6.94,19 / 21,4251909,2019-09-06 20:30:57:652,1.4761,0.2768,9.6747,0.0057,0.0105,9.8066,-0.1561,0.0183,0.0921,-8.06,-36.94,-6.81,205.43,-84.17,165.24
52.38811,-1.58874,164.66,4.36,3,6.94,19 / 21,4252009,2019-09-06 20:30:57:752,0.9369,0.794,9.6511,0.0062,0.0246,9.8065,-0.0928,0.1153,-0.1132,-8.31,-37.06,-6.44,208.46,-84.15,165.58
52.38811,-1.58874,164.66,4.36,3,6.94,19 / 21,4252110,2019-09-06 20:30:57:853,0.8066,0.8837,9.4883,0.0154,0.0207,9.8066,0.0231,0.0068,-0.0428,-9.06,-36.75,-7.25,207.94,-84.1,164.69
52.38811,-1.58874,164.66,4.36,3,6.94,19 / 21,4252210,2019-09-06 20:30:57:953,-1.4507,2.7286,10.3522,-0.0037,0.009,9.8066,-0.0004,-0.0241,0.0585,-9.06,-35.69,-7.69,203.05,-84.04,161.56
52.38811,-1.58874,164.66,4.36,3,6.94,19 / 21,4252309,2019-09-06 20:30:58:052,0.1931,0.5929,9.9854,0.001,-0.0063,9.8065,-0.0046,0.0855,-0.0011,-9.06,-36.25,-7.69,203.46,-84.1,162.02
52.38811,-1.58874,164.66,4.36,3,6.94,19 / 21,4252409,2019-09-06 20:30:58:152,0.1721,0.0257,9.4172,-0.0049,-0.0007,9.8066,0.0318,0.1328,-0.0607,-8.5,-35.87,-7.12,203.22,-84.11,162.18
52.38811,-1.58874,164.66,4.36,3,6.94,19 / 21,4252510,2019-09-06 20:30:58:253,-0.499,0.7188,10.0497,-0.0003,0.001,9.8066,0.0409,0.1191,-0.0159,-8.25,-35.5,-7.5,203.21,-84.02,162.06
52.38811,-1.58874,164.66,4.36,3,6.94,19 / 21,4252609,2019-09-06 20:30:58:352,0.0242,0.7722,10.3092,0.003,0.0003,9.8066,-0.049,0.1183,0.0307,-6.87,-35.87,-6.5,202.88,-83.91,162.64
52.38811,-1.58874,164.66,4.36,3,6.94,19 / 21,4252709,2019-09-06 20:30:58:452,0.0302,0.8559,10.3397,-0.0031,-0.0014,9.8066,-0.0102,0.1406,-0.023,-6.25,-35.94,-7.44,196.92,-83.87,163.19
52.38811,-1.58874,164.66,4.36,3,6.94,19 / 21,4252810,2019-09-06 20:30:58:553,-0.7482,0.356,9.8504,0.0148,0.0165,9.8066,0.0395,0.1304,-0.0113,-5.12,-35.37,-7.5,193.48,-83.7,163.83
52.38811,-1.58874,164.66,4.36,3,6.94,19 / 21,4252910,2019-09-06 20:30:58:653,-0.4847,0.0317,9.6891,0.0156,0.0123,9.8066,-0.0244,0.1011,0.0088,-4.31,-35.81,-8.06,187.78,-83.66,164.62
52.38811,-1.58874,164.66,4.36,3,6.94,19 / 21,4253010,2019-09-06 20:30:58:753,-0.4367,0.1494,9.9325,0.0013,-0.0162,9.8066,0.0574,0.1267,0.0247,-5.56,-36.5,-8.94,194.26,-83.71,165.64
52.38811,-1.58874,164.66,4.36,3,6.94,19 / 21,4253110,2019-09-06 20:30:58:853,-0.3398,0.5572,10.3218,-0.0017,-0.0222,9.8066,0.1115,0.1378,0.0273,-5.5,-36.37,-8.5,193.11,-83.7,166.47
52.38811,-1.58874,164.66,4.36,3,6.94,19 / 21,4253211,2019-09-06 20:30:58:954,-0.3798,0.6988,10.3943,0.0105,0.0093,9.8066,-0.0887,0.079,0.004,-5.19,-37.06,-9.06,191.79,-83.66,167.32
52.38811,-1.58874,164.66,4.36,3,6.94,19 / 21,4253310,2019-09-06 20:30:59:053,0.239,0.5973,10.0338,0.007,0.0024,9.8066,-0.0637,0.1057,-0.0114,-5.75,-37.06,-8.62,195.99,-83.61,168.22
52.38811,-1.58874,164.66,4.36,3,6.94,19 / 21,4253409,2019-09-06 20:30:59:152,-0.227,0.4415,9.9018,0.0169,0.0028,9.8066,0.0417,0.0913,0.035,-5.31,-37.44,-8.31,195.23,-83.5,169.83
52.38811,-1.58874,164.66,4.36,3,6.94,19 / 21,4253510,2019-09-06 20:30:59:253,0.0199,0.0509,9.6668,0.0085,0.0039,9.8066,0.0176,0.0761,0.019,-5.5,-37.31,-7.81,196.02,-83.42,171.04
52.38811,-1.58874,164.66,4.36,3,6.94,19 / 21,4253609,2019-09-06 20:30:59:352,0.7013,0.3021,9.5657,0.0004,-0.009,9.8066,0.0174,0.0524,-0.0176,-6,-36.94,-8.44,200.34,-83.33,171.95
52.38811,-1.58874,164.66,4.36,3,6.94,19 / 21,4253709,2019-09-06 20:30:59:452,-0.5798,-0.27,9.7155,-0.0126,-0.0046,9.8066,0.0436,0.0733,-0.0033,-4.37,-37.31,-7.44,193.86,-83.33,171.37
52.38811,-1.58874,164.66,4.36,3,6.94,19 / 21,4253809,2019-09-06 20:30:59:552,-0.1165,0.9322,10.0702,0.0053,-0.005,9.8066,-0.1089,0.0479,0.0387,-5.75,-37.06,-7.94,200.46,-83.42,171.98
52.38811,-1.58874,164.66,4.36,3,6.94,19 / 21,4253911,2019-09-06 20:30:59:654,-0.0834,-0.2669,9.98,0.0068,-0.0054,9.8066,-0.0897,0.0205,0.0586,-6.06,-36.62,-7.69,201.15,-83.51,172.85
52.38811,-1.58874,164.66,4.36,3,6.94,19 / 21,4254010,2019-09-06 20:30:59:753,0.8547,-0.9372,9.7555,0.0051,-0.0015,9.8066,0.054,0.0796,-0.0701,-5.69,-35.94,-7.56,202.27,-83.49,174.17
52.38811,-1.58874,164.66,4.36,3,6.94,19 / 21,4254110,2019-09-06 20:30:59:853,0.1783,-0.2415,9.8768,0.0028,0.0042,9.8066,0.0634,0.0001,0.0004,-6.25,-36.19,-8.12,201.95,-83.42,173.82
52.38811,-1.58874,164.66,4.36,3,6.94,19 / 21,4254210,2019-09-06 20:30:59:953,0.3202,-0.7959,10.4635,0.0045,0.0003,9.8066,0.0596,0.003,-0.0081,-6.12,-36.44,-7.94,201.95,-83.29,174
52.38811,-1.58874,164.66,4.36,3,6.94,19 / 21,4254310,2019-09-06 20:31:00:053,0.2983,-0.3673,10.5662,-0.0082,-0.0053,9.8066,0.0835,0.0554,-0.031,-6.12,-36.87,-8.12,201.83,-83.22,174.19
52.38811,-1.58874,164.66,4.36,3,6.94,19 / 21,4254409,2019-09-06 20:31:00:152,-0.0395,-0.1507,9.7036,0.0048,0.0182,9.8066,-0.0032,0.0394,-0.0319,-6.69,-36.37,-7.94,204.93,-83.02,173.59
52.38811,-1.58874,164.66,4.36,3,6.94,19 / 21,4254510,2019-09-06 20:31:00:253,0.1815,-0.1384,9.6054,0.012,0.0119,9.8066,0.0003,0.0195,0.0387,-5.56,-37.12,-8.37,201.29,-82.94,173.78
52.38811,-1.58874,164.66,4.36,3,6.94,19 / 21,4254610,2019-09-06 20:31:00:353,0.3641,-0.4401,10.1179,0.0044,0.0111,9.8065,0.0503,0.0317,-0.0168,-6.06,-37.06,-8.56,199.93,-82.84,174.47
52.38811,-1.58874,164.66,4.36,3,6.94,19 / 21,4254709,2019-09-06 20:31:00:452,0.3566,0.0176,9.8326,-0.0032,-0.0008,9.8066,0.0796,-0.0163,0.0208,-5.62,-36.94,-8.37,201.32,-82.84,173.96
52.38811,-1.58874,164.66,4.36,3,6.94,19 / 21,4254809,2019-09-06 20:31:00:552,-0.1799,-0.6871,10.0399,0.0068,-0.0024,9.8066,0.0061,0.0221,-0.0019,-5.75,-37.44,-8.31,201.21,-82.85,173.8
52.38811,-1.58874,164.66,4.36,3,6.94,19 / 21,4254910,2019-09-06 20:31:00:653,-0.0777,-0.5095,10.0168,0.0011,-0.0009,9.8066,0.0274,0.0005,0.0235,-5.69,-37.94,-8.94,199.77,-82.82,174.48
52.38811,-1.58874,164.66,4.36,3,6.94,19 / 21,4255010,2019-09-06 20:31:00:753,-0.1335,-0.2206,9.7665,0.0004,0.0063,9.8066,0.0086,0.0053,0.0147,-5.5,-38.44,-8.75,195.88,-82.64,174.14
52.38811,-1.58874,164.66,4.36,3,6.94,19 / 21,4255109,2019-09-06 20:31:00:852,-0.0877,-0.107,9.9968,0.0153,-0.0004,9.8066,0.0312,0.0515,0.0154,-4.81,-39.31,-8.75,196.46,-82.56,175.27
52.38811,-1.58874,164.66,4.36,3,6.94,19 / 21,4255209,2019-09-06 20:31:00:952,0.3949,0.0995,9.5793,-0.0003,0.0133,9.8066,-0.1322,0.0517,-0.0105,-5.12,-39.44,-7.75,198.17,-82.38,175.87
52.38811,-1.58874,164.66,4.36,3,6.94,19 / 21,4255310,2019-09-06 20:31:01:053,-0.051,-1.1416,9.8231,0.0076,0.0398,9.8065,-0.1893,0.0061,0.0408,-4.62,-39.5,-7.31,199.45,-82.3,175.44
52.38811,-1.58874,164.66,4.36,3,6.94,19 / 20,4255410,2019-09-06 20:31:01:153,1.13,-0.778,9.3784,-0.0345,-0.0728,9.8062,0.075,0.0103,-0.0818,-4.44,-38.5,-6.69,195.66,-82.36,175.54
52.38811,-1.58874,164.66,4.36,3,6.94,19 / 20,4255509,2019-09-06 20:31:01:252,-0.4027,0.3131,10.0356,-0.043,-0.0321,9.8065,0.0431,-0.0056,0.0137,-5.37,-38.62,-7.19,198.36,-82.89,172.88
52.38811,-1.58874,164.66,4.36,3,6.94,19 / 20,4255609,2019-09-06 20:31:01:352,0.6836,-1.0079,10.4043,0.0242,0.0146,9.8066,-0.0599,0.0268,0.0229,-4.31,-37.56,-7.87,193.22,-82.95,173.42
52.38811,-1.58874,164.66,4.36,3,6.94,19 / 20,4255709,2019-09-06 20:31:01:452,-0.6894,-0.4725,10.0861,0.0053,0.0186,9.8066,0.0047,0.0472,-0.0387,-5.5,-37.62,-7.06,199,-82.89,173.59
52.38811,-1.58874,164.66,4.36,3,6.94,19 / 20,4255809,2019-09-06 20:31:01:552,0.2893,-0.802,9.8951,0.0145,0.0135,9.8066,0.1068,0.0125,-0.0135,-5.75,-38,-7.37,203.12,-82.57,174.44
52.38811,-1.58874,164.66,4.36,3,6.94,19 / 20,4255909,2019-09-06 20:31:01:652,-0.38,0.0967,9.314,-0.0069,0.0174,9.8066,0.0377,0.0043,-0.0061,-5.06,-37.44,-7.19,198.79,-82.25,173.88
52.38811,-1.58874,164.66,4.36,3,6.94,19 / 20,4256009,2019-09-06 20:31:01:752,0.0248,-0.3126,10.066,0.0174,0.0123,9.8066,-0.045,0.006,0.0001,-5.5,-38.25,-7.31,198.77,-82.06,174.4
52.38811,-1.58874,164.66,4.36,3,6.94,19 / 20,4256110,2019-09-06 20:31:01:853,0.1542,-0.4705,10.3996,0.0024,-0.0045,9.8066,-0.0565,0.0182,0.0135,-6.12,-38.19,-7.62,201.2,-82.05,175.11
52.38811,-1.58874,164.66,4.36,3,6.94,19 / 20,4256210,2019-09-06 20:31:01:953,-0.5115,-0.8303,10.0608,0.0031,0.0004,9.8066,-0.015,0.0068,-0.0022,-5.56,-37.81,-7,203.33,-82.16,175.43
52.38811,-1.58874,164.66,4.36,3,6.94,19 / 20,4256309,2019-09-06 20:31:02:052,-0.1475,-0.7593,9.8328,0.0114,0.0084,9.8065,0.0033,0.0182,0.0134,-6.12,-37.75,-7.37,203.69,-82.14,176.01
52.38811,-1.58874,164.66,4.36,3,6.94,19 / 20,4256409,2019-09-06 20:31:02:152,-0.3622,-0.3893,9.6806,0.0046,0.0075,9.8066,0.0202,0.008,0.0207,-6.19,-37.94,-6.25,205.93,-82.02,176.52
52.38811,-1.58874,164.66,4.36,3,6.94,19 / 20,4256510,2019-09-06 20:31:02:253,0.1836,-0.5805,9.9482,0.0104,0.0087,9.8065,-0.0131,-0.0135,0.0086,-5.12,-37.5,-6.94,200.41,-81.82,177.02
52.38811,-1.58874,164.66,4.36,3,6.94,19 / 20,4256609,2019-09-06 20:31:02:352,-0.433,0.0779,9.5604,-0.0185,-0.0301,9.8065,0.0094,-0.0525,0.0042,-5.31,-38.19,-6.37,202.07,-81.95,176.91
52.38811,-1.58874,164.66,4.36,3,6.94,19 / 20,4256710,2019-09-06 20:31:02:453,0.099,-1.2331,10.0622,-0.0249,-0.0259,9.8065,0.0003,0.0348,-0.0338,-5.81,-37.37,-7.06,203.92,-82.05,176.14
52.38811,-1.58874,164.66,4.36,3,6.94,19 / 20,4256810,2019-09-06 20:31:02:553,-0.3416,-0.5671,10.2671,0.0016,0.0031,9.8066,-0.0712,0.0354,0.0221,-5.06,-38.19,-7.19,199.59,-82.17,175.53
52.38811,-1.58874,164.66,4.36,3,6.94,19 / 20,4256910,2019-09-06 20:31:02:653,-0.503,-0.598,9.7343,0.004,0.0022,9.8066,-0.0211,0.0091,0.0064,-5.44,-38.12,-7.12,199.79,-82.21,175.78
52.38811,-1.58874,164.66,4.36,3,6.94,19 / 20,4257009,2019-09-06 20:31:02:752,-0.449,-1.0953,9.5585,0.0059,0.0032,9.8066,0.0324,-0.0178,-0.0009,-5.81,-38.5,-7.44,203.53,-82.24,175.58
52.38811,-1.58874,164.66,4.36,3,6.94,19 / 20,4257109,2019-09-06 20:31:02:852,-0.0881,-1.1333,9.638,0.0017,0.0046,9.8065,0.0358,-0.0019,0.0021,-5.37,-37.75,-7.94,198.01,-82.11,175.7
52.38811,-1.58874,164.66,4.36,3,6.94,19 / 20,4257209,2019-09-06 20:31:02:952,-0.4972,-0.6305,9.8888,-0.0006,-0.0077,9.8066,0.0804,-0.0099,0.0065,-4.75,-39.06,-7.31,199.25,-81.98,175.58
52.38811,-1.58874,164.66,4.36,3,6.94,19 / 20,4257309,2019-09-06 20:31:03:052,-0.134,-0.7785,10.3117,-0.0084,-0.0118,9.8065,0.0273,0.0407,-0.0177,-5.56,-39.56,-8.06,200.85,-81.91,175.36
52.38811,-1.58874,164.66,4.36,3,6.94,19 / 20,4257409,2019-09-06 20:31:03:152,-0.0837,-0.8328,9.9353,0.0097,0.016,9.8066,-0.0186,0.0213,0.0024,-5.06,-39.94,-7.87,197.41,-81.84,175.64
52.38811,-1.58874,164.66,4.36,3,6.94,19 / 20,4257509,2019-09-06 20:31:03:252,-0.5864,-0.9102,9.5735,0.025,0.0429,9.8065,-0.0416,0.0645,-0.0504,-4.19,-40.37,-7.37,195.2,-81.5,176.38
52.38811,-1.58874,164.66,4.36,3,6.94,19 / 20,4257609,2019-09-06 20:31:03:352,-0.3763,-0.6462,8.9361,-0.0086,-0.0096,9.8065,0.0955,0.0226,-0.0047,-5.06,-41.75,-6.69,198.47,-81.52,175.94
52.38811,-1.58874,164.66,4.36,3,6.94,19 / 20,4257710,2019-09-06 20:31:03:453,-0.2216,-0.7564,9.1777,-0.0049,-0.0149,9.8066,0.0376,0.0042,0.004,-4.75,-40.62,-5.62,200.14,-81.43,175.78
52.38811,-1.58874,164.66,4.36,3,6.94,19 / 20,4257809,2019-09-06 20:31:03:552,-0.187,-0.9878,9.9765,0.0076,0.0007,9.8066,-0.0859,0.0142,0.0243,-4,-39.62,-4.87,198.23,-81.49,176.21
52.38811,-1.58874,164.66,4.36,3,6.94,19 / 20,4257910,2019-09-06 20:31:03:653,-0.7491,-1.2793,10.1713,0.0035,-0.0099,9.8066,-0.0436,0.0168,0.0194,-5,-38.81,-5.12,203.49,-81.66,176.89
52.38811,-1.58874,164.66,4.36,3,6.94,19 / 20,4258010,2019-09-06 20:31:03:753,-0.5127,-1.9473,9.9035,-0.0169,-0.0346,9.8065,0.0413,0.0363,-0.0132,-5,-38.25,-5.62,201.98,-81.76,177.12
52.38811,-1.58874,164.66,4.36,3,6.94,19 / 20,4258109,2019-09-06 20:31:03:852,-1.138,-1.9494,9.3195,-0.0137,-0.0209,9.8066,0.0676,0.0079,0.0135,-4.87,-38.31,-5.69,202.04,-82.1,176.61
52.38811,-1.58874,164.66,4.36,3,6.94,19 / 20,4258209,2019-09-06 20:31:03:952,-0.4288,-1.6959,9.6009,-0.0004,-0.0032,9.8066,-0.0016,0.0115,-0.0183,-4.19,-37.69,-5.87,197.66,-82.13,176.48
52.38811,-1.58874,164.66,4.36,3,6.94,19 / 20,4258310,2019-09-06 20:31:04:053,-0.5478,-1.2576,9.9239,-0.0008,0.0071,9.8066,-0.0233,0.0217,-0.0086,-5,-37.87,-6.75,199.94,-82.08,176.21
52.38858,-1.58871,165.83,4.69,3,355.85,19 / 21,4258410,2019-09-06 20:31:04:153,-0.4421,-1.265,10.2672,0,0.0041,9.8066,0.0195,0.033,0.0161,-5,-37.75,-6.44,201.84,-82.05,176.37
52.38858,-1.58871,165.83,4.69,3,355.85,19 / 21,4258509,2019-09-06 20:31:04:252,-0.3696,-1.584,9.6663,0.0014,-0.0065,9.8066,0.0267,0.0289,0.0288,-4.37,-37.75,-6.62,196.02,-82.02,176.54
52.38858,-1.58871,165.83,4.69,3,355.85,19 / 21,4258610,2019-09-06 20:31:04:353,-0.5668,-1.3901,9.6375,-0.0058,-0.0118,9.8066,0.0122,0.0248,-0.0016,-4.56,-37.62,-6.94,200.32,-82,176.94
52.38858,-1.58871,165.83,4.69,3,355.85,19 / 21,4258710,2019-09-06 20:31:04:453,-0.4154,-1.4617,9.7116,-0.0015,-0.0078,9.8066,0.0143,0.0278,-0.0095,-4.62,-37.75,-7.19,200.34,-82.04,176.9
52.38858,-1.58871,165.83,4.69,3,355.85,19 / 21,4258810,2019-09-06 20:31:04:553,-0.1742,-0.8959,9.9205,-0.0047,-0.0073,9.8066,0.0517,0.0142,-0.0065,-5.25,-38,-6.87,200.36,-82.08,176.89
52.38858,-1.58871,165.83,4.69,3,355.85,19 / 21,4258910,2019-09-06 20:31:04:653,-0.4645,-1.0526,9.8348,0.0008,0.0062,9.8066,-0.0234,0.0221,-0.0004,-4.81,-37.87,-6.94,199.93,-81.99,176.35
52.38858,-1.58871,165.83,4.69,3,355.85,19 / 21,4259009,2019-09-06 20:31:04:752,-0.5954,-1.111,9.9907,-0.0006,-0.0006,9.8066,0.0201,0.0306,-0.0088,-4.62,-37.31,-7,200.14,-82.01,176.32
52.38858,-1.58871,165.83,4.69,3,355.85,19 / 21,4259109,2019-09-06 20:31:04:852,-0.2693,-1.2064,9.9537,0.0004,-0.0031,9.8066,0.0096,0.0373,-0.0014,-4.06,-37.75,-7.12,195.85,-82.01,176.28
52.38858,-1.58871,165.83,4.69,3,355.85,19 / 21,4259209,2019-09-06 20:31:04:952,-0.3515,-1.3286,9.7546,-0.0005,-0.0029,9.8066,0.009,0.0232,-0.0028,-4,-37.69,-6.62,195.89,-82,176.35
52.38858,-1.58871,165.83,4.69,3,355.85,19 / 21,4259309,2019-09-06 20:31:05:052,-0.5412,-1.4775,9.8443,0.0012,-0.0024,9.8066,0.0128,0.025,0.008,-5,-37.62,-7.44,199.95,-82.02,176.33
52.38858,-1.58871,165.83,4.69,3,355.85,19 / 20,4259410,2019-09-06 20:31:05:153,-0.4036,-1.1972,9.7946,-0.0017,-0.003,9.8065,0.0082,0.0481,-0.0095,-4.62,-37.94,-7.19,200.05,-82.03,176.48
52.38858,-1.58871,165.83,4.69,3,355.85,19 / 20,4259509,2019-09-06 20:31:05:252,-0.1988,-1.2428,9.7258,0.0028,0.0046,9.8066,-0.0024,0.0376,-0.0012,-4.19,-37.75,-7.19,196.07,-82.04,176.6
52.38858,-1.58871,165.83,4.69,3,355.85,19 / 20,4259610,2019-09-06 20:31:05:353,-0.2682,-0.939,9.9558,0.0008,0.0041,9.8066,-0.0039,0.0256,-0.0228,-3.81,-37.5,-6.62,196.25,-82.06,176.59
52.38858,-1.58871,165.83,4.69,3,355.85,19 / 20,4259710,2019-09-06 20:31:05:453,-0.3442,-1.3768,10.0609,0.0016,0.0021,9.8066,0.0018,0.0114,0.001,-4,-37.81,-7.12,195.81,-82.1,176.09
52.38858,-1.58871,165.83,4.69,3,355.85,19 / 20,4259809,2019-09-06 20:31:05:552,-0.2563,-1.1937,10.0241,-0.0023,0.0049,9.8066,-0.0109,0.0122,0.0059,-3.56,-38.12,-7.19,195.68,-82.12,175.85
52.38858,-1.58871,165.83,4.69,3,355.85,19 / 20,4259909,2019-09-06 20:31:05:652,-0.383,-1.119,9.9115,0.0007,-0.0002,9.8066,0.0328,0.0327,-0.0057,-4.19,-37.81,-7,195.56,-82.12,175.66
52.38858,-1.58871,165.83,4.69,3,355.85,19 / 20,4260010,2019-09-06 20:31:05:753,-0.3658,-0.7901,9.6046,-0.0038,-0.0014,9.8066,0.0253,0.0525,-0.0102,-4.87,-38,-6.87,199.55,-82.12,175.54
52.38858,-1.58871,165.83,4.69,3,355.85,19 / 20,4260110,2019-09-06 20:31:05:853,-0.1299,-0.9094,9.7244,-0.0004,-0.0018,9.8066,-0.0017,0.0474,-0.0105,-4.19,-38.19,-7.31,195.47,-82.12,175.53
52.38858,-1.58871,165.83,4.69,3,355.85,19 / 20,4260210,2019-09-06 20:31:05:953,-0.2119,-0.7769,9.9617,0.0043,-0.0011,9.8066,-0.0154,0.0458,0.0122,-4,-37.25,-7.25,195.82,-82.13,175.8
52.38858,-1.58871,165.83,4.69,3,355.85,19 / 20,4260309,2019-09-06 20:31:06:052,0.0221,-0.7682,9.6634,0.0015,-0.0037,9.8066,0.0091,0.0578,-0.0123,-3.31,-37.69,-7.37,191.6,-82.14,176.19
52.38858,-1.58871,165.83,4.69,3,355.85,19 / 20,4260410,2019-09-06 20:31:06:153,-0.0243,-0.5458,9.4972,0.0037,-0.0043,9.8066,-0.0051,0.0527,0.005,-3,-37.44,-6.87,191.91,-82.18,176.45
52.38858,-1.58871,165.83,4.69,3,355.85,19 / 20,4260509,2019-09-06 20:31:06:252,0.0936,-0.4692,9.8811,-0.0006,-0.0021,9.8066,-0.0023,0.0562,-0.0078,-3.12,-37.87,-7.06,191.9,-82.2,176.62
52.38858,-1.58871,165.83,4.69,3,355.85,19 / 20,4260610,2019-09-06 20:31:06:353,-0.1703,-0.4571,9.8858,-0.0057,-0.001,9.8066,0.0061,0.0665,-0.0275,-4,-37.31,-7.62,194.78,-82.24,176.29
52.38858,-1.58871,165.83,4.69,3,355.85,19 / 20,4260710,2019-09-06 20:31:06:453,-0.0342,-0.6711,9.9198,-0.0054,0.0008,9.8066,-0.0064,0.0262,-0.0314,-3.81,-38.56,-6.75,195.48,-82.29,175.59
52.38858,-1.58871,165.83,4.69,3,355.85,19 / 20,4260809,2019-09-06 20:31:06:552,-0.3068,-0.6833,9.7412,-0.0052,-0.0006,9.8066,0.0066,0.0748,-0.0301,-3.12,-38.25,-6.94,191.06,-82.31,175.12
52.38858,-1.58871,165.83,4.69,3,355.85,19 / 20,4260910,2019-09-06 20:31:06:653,-0.2775,-0.832,10.0423,0.0016,-0.0032,9.8066,0.0099,0.0606,-0.0131,-3.25,-38.31,-7.12,191.23,-82.4,175.32
52.38858,-1.58871,165.83,4.69,3,355.85,19 / 20,4261010,2019-09-06 20:31:06:753,-0.0132,-0.9141,10.0147,0.0011,-0.0015,9.8066,-0.0084,0.0712,-0.001,-3.25,-38,-6.69,191.26,-82.44,175.33
52.38858,-1.58871,165.83,4.69,3,355.85,19 / 20,4261109,2019-09-06 20:31:06:852,0.1202,-0.669,9.7999,-0.0027,0.0011,9.8066,0.0351,0.0675,-0.0167,-2.94,-38.31,-6.94,191.33,-82.47,175.42
52.38858,-1.58871,165.83,4.69,3,355.85,19 / 20,4261209,2019-09-06 20:31:06:952,0.0536,-0.2415,9.7378,0.0005,0.0023,9.8066,0.0392,0.0566,-0.0035,-2.5,-37.94,-6.69,186.65,-82.41,175.23
52.38858,-1.58871,165.83,4.69,3,355.85,19 / 20,4261309,2019-09-06 20:31:07:052,-0.1393,-0.2056,9.9521,-0.0001,0.0046,9.8066,0.0003,0.0674,-0.0049,-2.44,-37.94,-7.25,186.57,-82.36,175.13
52.38858,-1.58871,165.83,4.69,3,355.85,19 / 20,4261409,2019-09-06 20:31:07:152,-0.0216,-0.4729,10.1102,0.0046,0.004,9.8066,0.0047,0.0573,0.0037,-2.31,-37.94,-7.56,185.86,-82.33,175.37
52.38858,-1.58871,165.83,4.69,3,355.85,19 / 20,4261509,2019-09-06 20:31:07:252,0.3733,-0.3903,9.7889,0.0017,0.0022,9.8066,0.0153,0.0676,-0.0049,-2.44,-37.94,-6.62,186.9,-82.32,175.69
52.38858,-1.58871,165.83,4.69,3,355.85,19 / 20,4261609,2019-09-06 20:31:07:352,0.1842,-0.1565,9.6257,-0.0031,0.0041,9.8066,0.0229,0.076,-0.0182,-2.31,-38.5,-6.75,186.81,-82.28,175.58
52.38858,-1.58871,165.83,4.69,3,355.85,19 / 20,4261709,2019-09-06 20:31:07:452,-0.0727,-0.1838,9.7051,-0.0047,0.0039,9.8065,0.0434,0.0725,-0.0271,-2.37,-38.37,-6.12,187.42,-82.18,174.98
52.38858,-1.58871,165.83,4.69,3,355.85,19 / 20,4261810,2019-09-06 20:31:07:553,-0.1983,-0.1559,9.9069,-0.0038,0.0034,9.8066,0.0399,0.077,-0.021,-1.94,-38.37,-6.75,186.03,-82.06,174.37
52.38858,-1.58871,165.83,4.69,3,355.85,19 / 20,4261910,2019-09-06 20:31:07:653,0.0665,-0.0487,9.9064,0.0035,0.012,9.8066,0.0056,0.0858,0.0066,-2.06,-37.69,-6.62,185.92,-81.91,174.26
52.38858,-1.58871,165.83,4.69,3,355.85,19 / 20,4262009,2019-09-06 20:31:07:752,-0.0058,-0.3782,9.8552,0.0067,0.0102,9.8065,0.0172,0.076,0.004,-2,-38.06,-6.25,187.16,-81.85,174.75
52.38858,-1.58871,165.83,4.69,3,355.85,19 / 20,4262110,2019-09-06 20:31:07:853,0.27,-0.1426,9.721,0.0006,0.0018,9.8066,0.0187,0.0768,-0.0052,-1.87,-38.62,-6.44,187.17,-81.83,174.94
52.38858,-1.58871,165.83,4.69,3,355.85,19 / 20,4262210,2019-09-06 20:31:07:953,-0.1762,0.0171,9.8071,-0.0022,0.0051,9.8066,-0.0013,0.0857,-0.0374,-1.25,-38.19,-6.37,182.29,-81.77,174.85
52.38858,-1.58871,165.83,4.69,3,355.85,19 / 20,4262309,2019-09-06 20:31:08:052,-0.016,0.2558,9.7053,-0.0005,0,9.8066,0.0484,0.0879,-0.0052,-1.06,-38.25,-5.75,182.23,-81.68,174.76
52.38858,-1.58871,165.83,4.69,3,355.85,19 / 20,4262410,2019-09-06 20:31:08:153,-0.0051,0.879,9.8851,0.0003,0.0025,9.8066,0.0165,0.0897,-0.0151,-1.06,-37.81,-5.06,182.91,-81.61,174.74
52.38858,-1.58871,165.83,4.69,3,355.85,19 / 20,4262509,2019-09-06 20:31:08:252,0.0128,0.6316,9.8814,0.0007,0.0047,9.8066,-0.0191,0.0977,-0.0144,-0.94,-38.31,-5.75,182.28,-81.61,174.87
52.38858,-1.58871,165.83,4.69,3,355.85,19 / 20,4262609,2019-09-06 20:31:08:352,0.3868,0.9733,9.7839,-0.0057,0.0037,9.8066,-0.0475,0.1152,-0.0048,-1.06,-38.44,-5.12,182.82,-81.65,174.53
52.38858,-1.58871,165.83,4.69,3,355.85,19 / 20,4262709,2019-09-06 20:31:08:452,-0.1241,0.9551,9.9925,-0.01,-0.0119,9.8066,0.051,0.1116,-0.0638,-0.81,-38.44,-5.12,182.52,-81.76,173.88
52.38858,-1.58871,165.83,4.69,3,355.85,19 / 20,4262810,2019-09-06 20:31:08:553,-0.1916,0.9331,9.8849,-0.0091,-0.0082,9.8066,0.0235,0.1105,-0.0371,-1,-38.06,-5.06,182.13,-81.77,173.08
52.38858,-1.58871,165.83,4.69,3,355.85,19 / 20,4262910,2019-09-06 20:31:08:653,-0.1449,0.6211,9.7102,-0.0075,-0.0109,9.8066,0.0118,0.1168,-0.0246,-0.75,-38.56,-5.25,181.81,-81.76,172.48
52.38858,-1.58871,165.83,4.69,3,355.85,19 / 20,4263009,2019-09-06 20:31:08:752,-0.1849,0.8461,9.6401,-0.0069,0.0002,9.8066,0.0188,0.1184,-0.0462,-0.56,-37.94,-6.06,180.62,-81.81,171.71
52.38858,-1.58871,165.83,4.69,3,355.85,19 / 20,4263110,2019-09-06 20:31:08:853,-0.322,0.5755,9.9318,-0.0022,-0.0035,9.8066,-0.0311,0.1497,-0.0285,0,-38.31,-5.25,175.69,-81.89,171.11
52.38858,-1.58871,165.83,4.69,3,355.85,19 / 20,4263210,2019-09-06 20:31:08:953,-0.4016,1.0382,9.9611,-0.0023,-0.013,9.8066,-0.0192,0.1472,-0.0099,0.25,-37.81,-5.25,175.53,-82,170.84
52.38858,-1.58871,165.83,4.69,3,355.85,19 / 20,4263309,2019-09-06 20:31:09:052,-0.4459,1.1687,9.9412,-0.0004,-0.0108,9.8066,-0.0427,0.1905,-0.0233,0.19,-37.94,-5.12,175.28,-82.12,170.4
52.38858,-1.58871,165.83,4.69,3,355.85,19 / 20,4263410,2019-09-06 20:31:09:153,-0.5605,0.2416,9.8801,0.0009,-0.005,9.8066,-0.0227,0.1973,-0.0209,0.69,-37.87,-4.62,169.63,-82.16,170.49
52.38858,-1.58871,165.83,4.69,3,355.85,19 / 20,4263509,2019-09-06 20:31:09:252,-0.5954,0.5265,9.8803,-0.0008,-0.0028,9.8065,-0.01,0.2235,0.0071,0.63,-38.5,-4.56,169.61,-82.18,170.47
52.38858,-1.58871,165.83,4.69,3,355.85,19 / 20,4263609,2019-09-06 20:31:09:352,-0.8546,0.9565,9.6396,0.0014,0.002,9.8066,0.0031,0.2408,-0.0475,0.81,-38.06,-5,169.55,-82.2,170.39
52.38858,-1.58871,165.83,4.69,3,355.85,19 / 20,4263710,2019-09-06 20:31:09:453,-0.5038,-0.3096,10.3829,-0.0038,-0.0011,9.8066,0.0687,0.2297,-0.0632,0.63,-38.69,-4.06,169.54,-82.23,170.23
52.38858,-1.58871,165.83,4.69,3,355.85,19 / 20,4263810,2019-09-06 20:31:09:553,-0.5478,0.5852,9.9478,-0.0127,-0.0074,9.8066,-0.0006,0.2859,-0.086,1.88,-38.37,-4.75,163.49,-82.2,169.64
52.38858,-1.58871,165.83,4.69,3,355.85,19 / 20,4263909,2019-09-06 20:31:09:652,-1.3513,0.3448,9.7599,-0.017,-0.0037,9.8066,-0.0205,0.2905,-0.045,2.19,-38.19,-3.87,161.91,-82.15,167.51
52.38858,-1.58871,165.83,4.69,3,355.85,19 / 20,4264010,2019-09-06 20:31:09:753,-0.3638,-0.3844,10.085,-0.0177,0.007,9.8066,-0.059,0.2749,-0.0745,2.94,-38.06,-3.75,155.6,-82.03,166.82
52.38858,-1.58871,165.83,4.69,3,355.85,19 / 20,4264109,2019-09-06 20:31:09:852,-0.7732,0.2359,10.2307,-0.018,-0.0002,9.8065,-0.0299,0.2796,-0.056,3.31,-37.81,-3.31,153.82,-81.97,165.48
52.38858,-1.58871,165.83,4.69,3,355.85,19 / 20,4264209,2019-09-06 20:31:09:952,-1.1202,0.2809,9.7662,-0.0098,0.0073,9.8066,0.0288,0.3097,-0.0779,4.06,-37.25,-2.06,144.14,-81.88,164.43
52.38858,-1.58871,165.83,4.69,3,355.85,19 / 20,4264309,2019-09-06 20:31:10:052,-0.8464,0.1329,9.8547,-0.0044,-0.0031,9.8066,0.0328,0.3187,-0.0708,4.5,-37.69,-3.12,140.71,-81.81,163.89
52.38858,-1.58871,165.83,4.69,3,355.85,19 / 20,4264410,2019-09-06 20:31:10:153,-0.6669,-0.141,9.6636,-0.0002,-0.014,9.8066,0.0046,0.3442,-0.0598,5.19,-38.19,-2.62,140.53,-81.72,163.08
52.38858,-1.58871,165.83,4.69,3,355.85,19 / 20,4264510,2019-09-06 20:31:10:253,-0.3101,-0.2684,9.7881,-0.013,-0.0091,9.8066,0.0248,0.3199,-0.0767,5.63,-37,-2.31,131.4,-81.53,162.7
52.38858,-1.58871,165.83,4.69,3,355.85,19 / 20,4264609,2019-09-06 20:31:10:352,-1.0274,-0.335,9.3907,-0.0271,0.0065,9.8066,-0.0257,0.341,-0.1119,6.13,-37.12,-1.94,131.24,-81.28,160.95
52.38858,-1.58871,165.83,4.69,3,355.85,19 / 20,4264710,2019-09-06 20:31:10:453,-1.1095,-0.1462,10.3983,-0.0143,0.003,9.8066,-0.0326,0.3301,-0.0556,7.06,-36.56,-1.69,125.28,-81.23,160.04
52.38858,-1.58871,165.83,4.69,3,355.85,19 / 20,4264809,2019-09-06 20:31:10:552,-0.7155,-0.5892,10.4743,-0.0151,0.0086,9.8065,0.0414,0.3217,-0.0628,7.5,-36.69,-0.69,115.78,-81.18,159.17
52.38858,-1.58871,165.83,4.69,3,355.85,19 / 20,4264910,2019-09-06 20:31:10:653,-0.4235,-0.5499,10.0735,0.0029,-0.0047,9.8066,0.0174,0.3443,-0.0771,8.44,-37,0.25,111.51,-81.03,159.07
52.38858,-1.58871,165.83,4.69,3,355.85,19 / 20,4265010,2019-09-06 20:31:10:753,-0.0285,-0.2262,9.6357,-0.0082,-0.0065,9.8066,0.0537,0.3312,-0.0426,8.56,-36.75,0.06,107.97,-80.85,159.22
52.38858,-1.58871,165.83,4.69,3,355.85,19 / 20,4265110,2019-09-06 20:31:10:853,-0.705,-0.2798,10.0978,-0.0011,-0.0047,9.8066,-0.0296,0.3293,-0.0796,9,-37.19,0.38,108.29,-80.75,159.12
52.38858,-1.58871,165.83,4.69,3,355.85,19 / 20,4265210,2019-09-06 20:31:10:953,-0.2909,-0.6358,9.9652,-0.0208,0.004,9.8065,0.0093,0.3516,-0.0815,9.44,-36.44,0.25,107.96,-80.48,158.6
52.38858,-1.58871,165.83,4.69,3,355.85,19 / 20,4265309,2019-09-06 20:31:11:052,-0.4528,-0.6313,9.4096,-0.024,-0.0057,9.8066,-0.012,0.3521,-0.0637,10.13,-36.25,1.13,99.67,-80.23,158.08
52.38858,-1.58871,165.83,4.69,3,355.85,19 / 20,4265410,2019-09-06 20:31:11:153,0.1466,-0.5407,9.6808,-0.017,0.0033,9.8065,-0.0717,0.333,-0.0703,10.56,-36.06,2.44,91.67,-80.13,157.94
52.38858,-1.58871,165.83,4.69,3,355.85,19 / 20,4265510,2019-09-06 20:31:11:253,0.2069,-0.6403,9.6168,0.0187,-0.0056,9.8065,-0.0176,0.3315,-0.0375,11.19,-35.81,2.44,91.84,-80.03,157.72
52.38858,-1.58871,165.83,4.69,3,355.85,19 / 20,4265609,2019-09-06 20:31:11:352,0.0074,-0.2917,9.7495,0.0076,0.0004,9.8066,-0.0326,0.3221,-0.0394,11.63,-36.37,3.31,83.79,-80.18,157.68
52.38858,-1.58871,165.83,4.69,3,355.85,19 / 20,4265710,2019-09-06 20:31:11:453,-0.0678,-0.3333,9.6384,-0.0028,-0.0028,9.8066,-0.0246,0.31,-0.0578,10.81,-36.75,3.19,86.36,-80.19,157.53
52.38858,-1.58871,165.83,4.69,3,355.85,19 / 20,4265809,2019-09-06 20:31:11:552,0.7711,-0.6007,10.1094,0.0191,-0.0053,9.8065,-0.052,0.2942,-0.0285,10.75,-36.56,3.81,78.79,-80.39,156.97
52.38858,-1.58871,165.83,4.69,3,355.85,19 / 20,4265910,2019-09-06 20:31:11:653,-0.0131,-0.5098,10.4013,0.0215,0.0048,9.8066,-0.061,0.3072,-0.0449,11.19,-36.44,4.06,77.6,-80.51,157.3
52.38858,-1.58871,165.83,4.69,3,355.85,19 / 20,4266009,2019-09-06 20:31:11:752,0.0474,-0.4078,9.6808,-0.0189,0.0001,9.8066,-0.1219,0.3153,-0.0259,11.5,-35.69,4.94,70.48,-80.6,157.31
52.38858,-1.58871,165.83,4.69,3,355.85,19 / 20,4266110,2019-09-06 20:31:11:853,1.2581,-0.6394,9.2655,-0.0341,-0.0001,9.8065,0.0284,0.3502,-0.0909,11.94,-35.87,5.25,71.49,-80.45,157.68
52.38858,-1.58871,165.83,4.69,3,355.85,19 / 20,4266209,2019-09-06 20:31:11:952,1.1922,-0.11,9.0813,0.0329,-0.0069,9.8066,-0.139,0.3524,-0.0259,12.31,-36.19,5,70.86,-80.58,157.54
52.38858,-1.58871,165.83,4.69,3,355.85,19 / 20,4266309,2019-09-06 20:31:12:052,1.2494,-0.1614,9.1059,-0.0031,-0.0036,9.8066,0.1888,0.3421,-0.0534,11.88,-35.56,6,65.01,-80.46,157.19
52.38858,-1.58871,165.83,4.69,3,355.85,19 / 21,4266409,2019-09-06 20:31:12:152,-0.7223,-0.7161,10.274,0.0252,0.0086,9.8066,0.1642,0.2872,-0.0387,11.94,-35.62,6.81,59.44,-80.51,157.53
52.38858,-1.58871,165.83,4.69,3,355.85,19 / 21,4266509,2019-09-06 20:31:12:252,-0.9056,-0.1866,10.0017,0.0188,0.0122,9.8066,-0.0785,0.3007,-0.0368,11.81,-35.69,6.75,61.03,-80.37,158.39
52.38858,-1.58871,165.83,4.69,3,355.85,19 / 21,4266610,2019-09-06 20:31:12:353,-0.2861,-0.3201,9.6876,-0.0395,0.0073,9.8065,-0.017,0.2794,0.0379,12.5,-35.37,7.38,62.6,-80.2,159.3
52.38858,-1.58871,165.83,4.69,3,355.85,19 / 21,4266710,2019-09-06 20:31:12:453,-0.5962,-0.4251,9.9526,-0.005,0.0111,9.8065,0.0233,0.25,-0.0336,12.69,-35.19,8.88,55.7,-79.98,161.23
52.38858,-1.58871,165.83,4.69,3,355.85,19 / 21,4266810,2019-09-06 20:31:12:553,-1.151,0.0961,10.0272,-0.0097,0.002,9.8066,-0.0124,0.2388,-0.0519,11.94,-35.31,9.56,50.83,-79.91,162.31
52.38858,-1.58871,165.83,4.69,3,355.85,19 / 21,4266910,2019-09-06 20:31:12:653,-0.4427,-0.298,10.0635,-0.0002,-0.006,9.8066,-0.0106,0.22,-0.0221,12.44,-35.25,9.44,55.41,-79.91,161.97
52.38858,-1.58871,165.83,4.69,3,355.85,19 / 21,4267010,2019-09-06 20:31:12:753,-0.1955,-0.2676,9.8163,0.0087,0.0091,9.8066,-0.022,0.1838,0.0165,12.5,-35.31,9.56,52.47,-79.95,162.26
52.38858,-1.58871,165.83,4.69,3,355.85,19 / 21,4267110,2019-09-06 20:31:12:853,-0.169,0.4641,10.0725,0.0028,0.0182,9.8066,-0.0144,0.1692,-0.0079,12.75,-35.69,9.56,54.02,-80.01,163.04
52.38858,-1.58871,165.83,4.69,3,355.85,19 / 21,4267210,2019-09-06 20:31:12:953,-0.0343,0.3655,10.0143,-0.0022,0.0102,9.8066,0.0425,0.1362,0.0085,13.25,-35.37,10.38,54.5,-80.01,163.93
52.38858,-1.58871,165.83,4.69,3,355.85,19 / 21,4267309,2019-09-06 20:31:13:052,-0.4898,0.3598,10.2616,-0.0016,0.0133,9.8066,0.0086,0.11,-0.0034,12.44,-35.44,11,49.68,-80.04,165.13
52.38874,-1.588876,166.02,3.59,4,270.89,19 / 21,4267409,2019-09-06 20:31:13:152,-0.177,0.3185,10.0223,-0.003,0.004,9.8066,0.081,0.0879,-0.0061,11.94,-35.37,11.06,50.64,-79.94,165.68
52.38874,-1.588876,166.02,3.59,4,270.89,19 / 21,4267509,2019-09-06 20:31:13:252,-1.2147,-0.2211,9.4499,-0.0326,-0.0209,9.8065,-0.093,0.0898,0.01,12.31,-35.62,11,52.54,-79.68,166.07
52.38874,-1.588876,166.02,3.59,4,270.89,19 / 21,4267609,2019-09-06 20:31:13:352,-1.3191,-0.1075,9.5672,-0.03,-0.0113,9.8065,-0.1344,0.0661,0.001,12.38,-35.81,10.88,53.21,-79.58,166.38
52.38874,-1.588876,166.02,3.59,4,270.89,19 / 21,4267709,2019-09-06 20:31:13:452,-1.1434,-0.2838,9.65,-0.0007,-0.0067,9.8065,0.0476,0.0556,0.0029,13.06,-34.94,11.13,53.81,-79.66,166.08
52.38874,-1.588876,166.02,3.59,4,270.89,19 / 21,4267809,2019-09-06 20:31:13:552,-0.2951,0.4679,9.5854,-0.0146,-0.002,9.8066,-0.06,0,-0.0055,11.88,-35.87,10.88,52.43,-79.68,165.99
52.38874,-1.588876,166.02,3.59,4,270.89,19 / 21,4267909,2019-09-06 20:31:13:652,-0.1021,0.5713,9.9268,0.0343,0.0229,9.8065,0.0548,-0.0191,0.0331,12.38,-35.56,10.63,51.54,-80.02,165.99
52.38874,-1.588876,166.02,3.59,4,270.89,19 / 21,4268010,2019-09-06 20:31:13:753,-0.4539,0.4918,10.193,0.0328,0.0215,9.8065,0.0509,-0.0241,0.0297,12.06,-35.94,10.88,51.75,-80.11,166.33
52.38874,-1.588876,166.02,3.59,4,270.89,19 / 21,4268109,2019-09-06 20:31:13:852,-0.4939,0.6623,9.6247,0.0012,-0.0036,9.8065,-0.0136,-0.0242,-0.0075,12.56,-35.37,10.31,57.04,-80.18,166.26
52.38874,-1.588876,166.02,3.59,4,270.89,19 / 21,4268210,2019-09-06 20:31:13:953,-0.787,0.533,9.6093,0.0062,-0.0041,9.8066,0.014,-0.0115,-0.0121,12.56,-35.56,10.88,52.97,-80.19,165.93
52.38874,-1.588876,166.02,3.59,4,270.89,19 / 21,4268309,2019-09-06 20:31:14:052,-0.9498,-0.0188,10.3501,-0.0088,-0.0269,9.8066,-0.09,-0.0085,-0.0459,12.5,-35.5,10.69,51,-80.22,164.94
52.38874,-1.588876,166.02,3.59,4,270.89,19 / 20,4268410,2019-09-06 20:31:14:153,-0.0415,-0.0806,9.4467,-0.0311,-0.0231,9.8065,-0.046,-0.0119,0.0019,13.25,-35,10.75,50.1,-79.98,163.84
52.38874,-1.588876,166.02,3.59,4,270.89,19 / 20,4268509,2019-09-06 20:31:14:252,-0.7355,0.2807,9.7827,0.0099,0.0026,9.8066,0.0952,-0.0288,-0.0245,12.88,-35.06,11,49.92,-79.9,163.55
52.38874,-1.588876,166.02,3.59,4,270.89,19 / 20,4268610,2019-09-06 20:31:14:353,-0.2851,0.7812,9.8879,0.0132,0.0063,9.8066,0.0589,-0.0248,-0.0225,12.63,-35,10.94,50.27,-79.82,163.68
52.38874,-1.588876,166.02,3.59,4,270.89,19 / 20,4268710,2019-09-06 20:31:14:453,-0.6909,0.206,9.6817,-0.0034,-0.0052,9.8066,-0.0654,-0.0335,0.0243,12.81,-35.44,11.19,50.21,-79.72,163.47
52.38874,-1.588876,166.02,3.59,4,270.89,19 / 20,4268809,2019-09-06 20:31:14:552,-0.3887,-0.1937,9.864,0.0018,-0.0064,9.8066,-0.0508,-0.0208,-0.0152,12.81,-36.12,10.5,50.6,-79.7,163.22
52.38874,-1.588876,166.02,3.59,4,270.89,19 / 20,4268910,2019-09-06 20:31:14:653,-0.0517,0.8056,10.0973,-0.0097,-0.0013,9.8066,0.0422,-0.0285,-0.0147,12.75,-35.81,10.44,54.89,-79.72,163.12
52.38874,-1.588876,166.02,3.59,4,270.89,19 / 20,4269009,2019-09-06 20:31:14:752,-0.0801,0.5445,10.0587,-0.0061,-0.0091,9.8066,0.0473,-0.0334,0.0125,13.06,-35.62,10.56,50.36,-79.64,162.93
52.38874,-1.588876,166.02,3.59,4,270.89,19 / 20,4269110,2019-09-06 20:31:14:853,-0.5458,0.56,10.2498,0.0115,-0.0007,9.8066,-0.0276,-0.0012,-0.0208,13,-35.25,10.38,53.51,-79.65,162.48
52.38874,-1.588876,166.02,3.59,4,270.89,19 / 20,4269209,2019-09-06 20:31:14:952,-0.451,0.3901,9.9027,0.0099,0.0013,9.8066,-0.0136,-0.0036,0.0187,13.25,-35,10.44,53.56,-79.58,162.38
52.38874,-1.588876,166.02,3.59,4,270.89,19 / 20,4269310,2019-09-06 20:31:15:053,-0.3321,0.1817,9.7752,-0.0158,-0.0041,9.8066,0.0014,-0.0398,0.0053,13.5,-35.25,10.69,51.13,-79.58,162.59
52.38874,-1.588876,166.02,3.59,4,270.89,19 / 20,4269409,2019-09-06 20:31:15:152,-0.8022,0.5644,9.8177,-0.0009,0.0069,9.8066,0.0125,-0.0357,0.0161,12.63,-35.75,10.44,55.17,-79.57,163.02
52.38874,-1.588876,166.02,3.59,4,270.89,19 / 20,4269510,2019-09-06 20:31:15:253,-0.3089,0.2743,9.8798,-0.0028,-0.0026,9.8066,-0.0986,-0.0146,0.0105,12.69,-35,10.06,54.2,-79.61,162.93
52.38874,-1.588876,166.02,3.59,4,270.89,19 / 20,4269609,2019-09-06 20:31:15:352,-0.1325,0.7193,10.0853,-0.0111,-0.0073,9.8066,-0.0932,-0.01,0.0035,13.13,-35.69,10.63,49.94,-79.7,162.74
52.38874,-1.588876,166.02,3.59,4,270.89,19 / 20,4269709,2019-09-06 20:31:15:452,-0.2704,0.5439,10.2431,0.0232,0.0064,9.8066,0.0847,-0.0094,-0.0182,13.25,-35.06,10.38,52.46,-79.86,162.09
52.38874,-1.588876,166.02,3.59,4,270.89,19 / 20,4269810,2019-09-06 20:31:15:553,-0.021,-0.2494,9.3971,0.0222,0.0054,9.8065,0.0634,-0.0062,0.0102,11.94,-35.87,10.88,46.37,-79.83,161.88
52.38874,-1.588876,166.02,3.59,4,270.89,19 / 20,4269910,2019-09-06 20:31:15:653,-0.0667,0.2279,9.4473,0.0012,0.0062,9.8066,-0.0432,-0.0093,0.0292,12.69,-35.44,10.75,48.6,-79.76,162.33
52.38874,-1.588876,166.02,3.59,4,270.89,19 / 20,4270010,2019-09-06 20:31:15:753,0.3685,0.0748,9.8404,-0.003,0.0027,9.8066,-0.0277,0.0079,-0.0055,12.25,-35.06,10.44,52.1,-79.72,162.87
52.38874,-1.588876,166.02,3.59,4,270.89,19 / 20,4270109,2019-09-06 20:31:15:852,-0.2306,0.6682,10.1559,-0.0075,0.01,9.8066,-0.0144,0.0064,0.0089,12.56,-34.87,10.69,51.12,-79.64,164
52.38874,-1.588876,166.02,3.59,4,270.89,19 / 20,4270210,2019-09-06 20:31:15:953,-0.0956,0.5376,10.2787,0.004,-0.0063,9.8066,-0.0483,0.0057,-0.0171,11.75,-34.56,10.63,48.75,-79.64,163.74
52.38874,-1.588876,166.02,3.59,4,270.89,19 / 20,4270310,2019-09-06 20:31:16:053,-0.1657,0.0773,9.7817,0.0053,0.0008,9.8066,0.0279,0.0182,0.023,12.38,-34.75,10.44,52.33,-79.73,163.06
52.38874,-1.588876,166.02,3.59,4,270.89,19 / 20,4270410,2019-09-06 20:31:16:153,-0.1564,-0.7845,9.4874,-0.0126,-0.004,9.8066,0.0205,0.087,0.0044,12.94,-34.37,10.38,53.69,-79.73,163.3
52.38874,-1.588876,166.02,3.59,4,270.89,19 / 20,4270510,2019-09-06 20:31:16:253,0.667,-0.193,9.7029,-0.0282,-0.0056,9.8065,0.0132,0.043,0.0154,11.94,-34.69,10.75,48.45,-79.71,163.63
52.38874,-1.588876,166.02,3.59,4,270.89,19 / 20,4270609,2019-09-06 20:31:16:352,0.1666,0.0137,9.7584,-0.0323,-0.0093,9.8065,-0.0075,0.0583,-0.0111,12.44,-34.94,10.88,50.78,-79.48,164.91
52.38874,-1.588876,166.02,3.59,4,270.89,19 / 20,4270710,2019-09-06 20:31:16:453,-0.0351,-0.0323,9.8807,0.0209,0.0162,9.8066,0.0135,0.0729,-0.0134,11.88,-34.62,10.69,50.58,-79.6,164.99
52.38874,-1.588876,166.02,3.59,4,270.89,19 / 20,4270809,2019-09-06 20:31:16:552,0.1801,0.1736,10.1924,0.0217,0.0124,9.8066,0.0648,0.1047,-0.0142,11.81,-35.06,11.31,50.67,-79.63,165.13
52.38874,-1.588876,166.02,3.59,4,270.89,19 / 20,4270910,2019-09-06 20:31:16:653,0.5649,-0.1614,9.6575,-0.0216,-0.0212,9.8066,-0.0749,0.094,-0.012,11.63,-35,12.69,42.72,-79.46,165.21
52.38874,-1.588876,166.02,3.59,4,270.89,19 / 20,4271010,2019-09-06 20:31:16:753,0.5081,-0.0441,9.8643,-0.0371,-0.0355,9.8065,-0.1058,0.0996,-0.0203,12.06,-34.25,13.56,38.79,-79.28,165.2
52.38874,-1.588876,166.02,3.59,4,270.89,19 / 20,4271109,2019-09-06 20:31:16:852,0.0948,-0.7695,9.4953,0.0214,0.0137,9.8066,0.1222,0.1348,-0.0204,13.69,-33.75,14.06,43.74,-79.17,165.23
52.38874,-1.588876,166.02,3.59,4,270.89,19 / 20,4271210,2019-09-06 20:31:16:953,0.0772,-0.1695,10.1378,0.0232,0.0157,9.8066,0.076,0.1174,-0.0347,14.44,-32.69,14.25,42.91,-79.27,165.11
52.38874,-1.588876,166.02,3.59,4,270.89,19 / 20,4271310,2019-09-06 20:31:17:053,0.5065,-0.3368,10.3853,0.0048,-0.0023,9.8066,-0.0179,0.121,0.0022,15.25,-32.56,14,44.67,-79.19,164.83
52.38874,-1.588876,166.02,3.59,4,270.89,19 / 21,4271409,2019-09-06 20:31:17:152,-0.193,-0.08,10.2587,0.01,-0.0054,9.8066,-0.0139,0.1793,-0.0753,16.44,-32.81,13.13,49.41,-79.12,164.58
52.38874,-1.588876,166.02,3.59,4,270.89,19 / 21,4271510,2019-09-06 20:31:17:253,0.4956,0.3698,10.29,-0.0045,-0.0099,9.8066,0.0216,0.1102,-0.065,17,-32.62,12.56,49.74,-78.96,163.45
52.38874,-1.588876,166.02,3.59,4,270.89,19 / 21,4271610,2019-09-06 20:31:17:353,0.0633,-0.0976,9.8381,-0.0007,-0.0185,9.8066,0.0097,0.1124,-0.0499,15.81,-33.06,11.81,50.96,-78.88,162.82
52.38874,-1.588876,166.02,3.59,4,270.89,19 / 21,4271709,2019-09-06 20:31:17:452,0.9474,-0.714,9.3227,-0.0053,-0.0071,9.8065,0.057,0.1056,-0.0113,15.69,-33.19,11.88,50.02,-78.77,161.92
52.38874,-1.588876,166.02,3.59,4,270.89,19 / 21,4271810,2019-09-06 20:31:17:553,-0.3268,0.1459,10.0036,0.0079,0.0044,9.8066,0.0807,0.1332,-0.0321,14.94,-33,11.5,48.93,-78.63,162.06
52.38874,-1.588876,166.02,3.59,4,270.89,19 / 21,4271909,2019-09-06 20:31:17:652,0.8102,-0.9805,9.604,-0.0159,-0.0235,9.8066,-0.0126,0.0952,-0.0139,14.69,-33.5,13.19,45.37,-78.35,161.71
52.38874,-1.588876,166.02,3.59,4,270.89,19 / 21,4272010,2019-09-06 20:31:17:753,0.0311,-0.0821,9.9377,0.0092,0.008,9.8066,-0.0334,0.1055,-0.0382,14.13,-33.81,13.44,43.69,-78.32,161.41
52.38874,-1.588876,166.02,3.59,4,270.89,19 / 21,4272109,2019-09-06 20:31:17:852,0.7012,-0.382,9.7855,0.0113,0.004,9.8066,-0.0078,0.1377,-0.0113,14.5,-33.81,13.75,41.65,-78.41,161.19
52.38874,-1.588876,166.02,3.59,4,270.89,19 / 21,4272210,2019-09-06 20:31:17:953,0.7111,-0.3439,9.5932,-0.0116,0.0073,9.8065,0.0221,0.1212,0.0096,13.5,-33.87,14.25,40.11,-78.43,161.6
52.38874,-1.588876,166.02,3.59,4,270.89,19 / 21,4272309,2019-09-06 20:31:18:052,0.0038,-0.4313,9.4958,-0.0082,0.0021,9.8066,0.016,0.1147,-0.0029,13.44,-34.12,15,35.31,-78.39,162.27
52.38874,-1.588876,166.02,3.59,4,270.89,20 / 21,4272410,2019-09-06 20:31:18:153,0.969,-0.1096,9.6095,-0.0082,0.013,9.8065,0.0506,0.1303,0.0224,13.38,-34.37,15.31,36.51,-78.32,163.03
52.38874,-1.588876,166.02,3.59,4,270.89,20 / 21,4272509,2019-09-06 20:31:18:252,-0.0904,0.7982,9.9195,-0.0128,0.0217,9.8066,0.0288,0.0637,0.0686,13.38,-33.75,15.69,35.71,-78.43,164.85
52.38874,-1.588876,166.02,3.59,4,270.89,20 / 21,4272609,2019-09-06 20:31:18:352,0.6971,0.4215,10.0138,-0.0067,0.0129,9.8066,-0.0352,0.0813,0.0393,12.88,-34.56,15.56,37.41,-78.54,165.84
52.38874,-1.588876,166.02,3.59,4,270.89,20 / 21,4272710,2019-09-06 20:31:18:453,-0.0174,0.2046,9.8268,-0.0197,0.006,9.8065,-0.0508,0.0901,0.0181,12.88,-34.31,15.06,41.21,-78.64,166.78
52.38874,-1.588876,166.02,3.59,4,270.89,20 / 21,4272810,2019-09-06 20:31:18:553,0.6356,0.4738,9.6239,-0.0171,0.0057,9.8065,0.0139,0.067,-0.0086,13.13,-34.19,15.69,39.06,-78.73,167.61
52.38874,-1.588876,166.02,3.59,4,270.89,20 / 21,4272909,2019-09-06 20:31:18:652,0.6785,0.9427,10.0631,0.0033,0.0315,9.8066,0.0035,0.0336,0.0802,12.38,-34.12,15.88,37.32,-78.84,168.34
52.38874,-1.588876,166.02,3.59,4,270.89,20 / 21,4273009,2019-09-06 20:31:18:752,0.0494,1.0212,10.1916,-0.0103,0.0199,9.8066,-0.0086,0.0431,0.0137,12,-34.94,15.94,40.16,-79.07,170.32
52.38874,-1.588876,166.02,3.59,4,270.89,20 / 21,4273109,2019-09-06 20:31:18:852,0.3608,0.881,9.7631,-0.0018,0.0231,9.8066,-0.0016,0.0323,0.0333,12.69,-34.75,15.94,44.57,-79.23,172
52.38874,-1.588876,166.02,3.59,4,270.89,20 / 21,4273210,2019-09-06 20:31:18:953,0.1234,0.602,9.7111,0.0095,0.0219,9.8066,-0.0027,0.0294,-0.0079,12.25,-34.44,16.56,39.68,-79.29,172.71
52.38874,-1.588876,166.02,3.59,4,270.89,20 / 21,4273309,2019-09-06 20:31:19:052,0.3204,0.6646,9.9969,-0.0137,-0.0039,9.8065,-0.0085,0.0118,0.0173,11.38,-35.75,15.81,41.48,-79.23,173.09
52.38874,-1.588876,166.02,3.59,4,270.89,20 / 21,4273410,2019-09-06 20:31:19:153,0.9577,1.1846,9.759,-0.0231,-0.0044,9.8066,-0.051,0.0049,0.0514,11.81,-34.87,15.81,44.6,-79.19,173.77
52.38874,-1.588876,166.02,3.59,4,270.89,20 / 21,4273510,2019-09-06 20:31:19:253,0.7921,0.9105,9.7903,0.0054,0.03,9.8066,0.0192,0.0192,0.0549,11.5,-35.25,16.06,45.84,-79.17,174.68
52.38874,-1.588876,166.02,3.59,4,270.89,20 / 21,4273609,2019-09-06 20:31:19:352,0.4668,1.2188,10.2266,-0.0075,0.0273,9.8065,0.0151,-0.0196,0.0369,11.25,-35.31,16.56,42.77,-79.31,176.68
52.38874,-1.588876,166.02,3.59,4,270.89,20 / 21,4273710,2019-09-06 20:31:19:453,-0.5132,0.8748,10.0501,-0.0258,-0.0121,9.8065,0.055,-0.0191,0.0171,10.75,-35.69,16.81,45.67,-79.15,178.28
52.38874,-1.588876,166.02,3.59,4,270.89,20 / 21,4273809,2019-09-06 20:31:19:552,0.6274,0.8449,9.4402,-0.011,-0.0024,9.8065,-0.0558,-0.0223,0.0226,11.25,-35.12,15.38,51.74,-79.15,178.66
52.38874,-1.588876,166.02,3.59,4,270.89,20 / 21,4273909,2019-09-06 20:31:19:652,0.6094,1.3527,9.7705,0.0013,0.0061,9.8066,-0.0795,-0.0218,0.0042,11.5,-35,16.69,48.93,-79.17,179.27
52.38874,-1.588876,166.02,3.59,4,270.89,20 / 21,4274009,2019-09-06 20:31:19:752,0.4318,1.237,10.0724,0.006,0.0017,9.8066,0.0095,-0.0514,0.011,11.13,-35.5,16.88,46.21,-79.24,179.2
52.38874,-1.588876,166.02,3.59,4,270.89,20 / 21,4274109,2019-09-06 20:31:19:852,0.3846,1.5821,10.1276,-0.0053,-0.0063,9.8066,-0.0184,-0.0234,-0.0325,11.44,-35.44,15.88,48.7,-79.3,178.99
52.38874,-1.588876,166.02,3.59,4,270.89,20 / 21,4274209,2019-09-06 20:31:19:952,0.1164,1.0701,9.6561,-0.0043,-0.0007,9.8066,0.0633,-0.0579,0.0366,11.63,-34.62,15.88,51.06,-79.27,178.86
52.38874,-1.588876,166.02,3.59,4,270.89,20 / 21,4274309,2019-09-06 20:31:20:052,0.6294,1.1465,9.5998,0.0129,0.0203,9.8065,0.071,-0.0522,0.0168,11.38,-35.25,16.5,46.13,-79.42,179.39
52.38874,-1.588876,166.02,3.59,4,270.89,20 / 21,4274409,2019-09-06 20:31:20:152,0.088,1.2942,10.0583,0.0031,0.0135,9.8066,-0.0586,-0.031,-0.0014,11.13,-35,16.44,49.74,-79.38,179.9
52.38874,-1.588876,166.02,3.59,4,270.89,20 / 21,4274510,2019-09-06 20:31:20:253,0.2703,1.7492,10.1676,-0.0119,-0.0079,9.8066,-0.0288,-0.0579,0.0403,11.88,-35.62,16.13,52.89,-79.33,179.95
52.38874,-1.588876,166.02,3.59,4,270.89,20 / 21,4274609,2019-09-06 20:31:20:352,1.0391,1.4778,9.7171,-0.0045,-0.0082,9.8066,0.1361,-0.0563,-0.0143,11.75,-34.44,15.94,51.65,-79.29,179.79
52.38874,-1.588876,166.02,3.59,4,270.89,20 / 21,4274709,2019-09-06 20:31:20:452,0.3647,0.9715,9.6355,0.0187,0.0061,9.8066,0.1991,-0.0862,0.028,11.44,-34.56,15.75,49.45,-79.22,179.43
52.38874,-1.588876,166.02,3.59,4,270.89,20 / 21,4274810,2019-09-06 20:31:20:553,-0.3444,0.5278,9.8881,-0.0276,-0.027,9.8065,-0.1575,-0.0594,-0.0002,11.44,-35.31,15.69,48.93,-79.32,179.19
52.38874,-1.588876,166.02,3.59,4,270.89,20 / 21,4274909,2019-09-06 20:31:20:652,0.1944,0.9345,10.0082,-0.0336,-0.0279,9.8065,-0.1216,-0.0732,0.002,11.25,-35.12,15.44,52.53,-79.02,179.04
52.38874,-1.588876,166.02,3.59,4,270.89,20 / 21,4275010,2019-09-06 20:31:20:753,0.3885,1.1104,9.6947,-0.0218,-0.0245,9.8066,0.074,-0.0818,0.0282,11.69,-35,15.06,54.7,-79,178.84
52.38874,-1.588876,166.02,3.59,4,270.89,20 / 21,4275110,2019-09-06 20:31:20:853,-0.2136,0.6058,9.7636,0.015,0.0114,9.8066,0.0184,-0.0718,0.0068,11.5,-35,15.38,54.46,-79.09,178.81
52.38874,-1.588876,166.02,3.59,4,270.89,20 / 21,4275210,2019-09-06 20:31:20:953,0.1138,0.7724,9.8549,0.0069,0.0058,9.8066,0.0073,-0.0901,0.0203,11.31,-35.25,15.69,48.8,-79.13,178.8
52.38874,-1.588876,166.02,3.59,4,270.89,20 / 21,4275310,2019-09-06 20:31:21:053,-0.0276,1.0964,9.7931,0.0046,0.0072,9.8066,0.0024,-0.0772,0.0153,10.88,-36.06,15.56,49.55,-79.17,178.99
52.38874,-1.588876,166.02,3.59,4,270.89,20 / 21,4275410,2019-09-06 20:31:21:153,-0.3032,1.1361,9.9424,0.0091,0.0062,9.8066,-0.0196,-0.0944,0.006,11.13,-35.12,14.5,52.03,-79.27,179.07
52.38874,-1.588876,166.02,3.59,4,270.89,20 / 21,4275510,2019-09-06 20:31:21:253,-0.2334,0.8054,9.8601,0.0048,-0.0079,9.8066,0.0059,-0.0815,0.0081,11.81,-35.06,14.81,54.02,-79.26,178.74
52.38874,-1.588876,166.02,3.59,4,270.89,20 / 21,4275610,2019-09-06 20:31:21:353,0.0172,0.7156,9.9732,0.0095,-0.0031,9.8066,-0.0292,-0.101,-0.0134,11.69,-35.31,14.81,53.17,-79.37,178.26
52.38874,-1.588876,166.02,3.59,4,270.89,20 / 21,4275710,2019-09-06 20:31:21:453,0.5265,0.4486,9.2424,0.0075,-0.0019,9.8066,-0.0501,-0.0919,-0.0017,11.56,-36.12,14.19,55.91,-79.49,177.49
52.38874,-1.588876,166.02,3.59,4,270.89,20 / 21,4275809,2019-09-06 20:31:21:552,0.2207,0.5776,9.8724,-0.0108,-0.0014,9.8066,-0.0204,-0.0945,0.0278,11.81,-35.5,13.69,55.45,-79.51,177.67
52.38874,-1.588876,166.02,3.59,4,270.89,20 / 21,4275909,2019-09-06 20:31:21:652,0.1798,1.0835,9.4303,0.0093,0.0155,9.8065,-0.0074,-0.0698,0.0426,12,-35.75,13.5,56.4,-79.56,178.02
52.38874,-1.588876,166.02,3.59,4,270.89,20 / 21,4276010,2019-09-06 20:31:21:753,0.1642,1.1861,10.1066,0.0126,0.0123,9.8066,0.0388,-0.0682,0.0033,11.5,-35.19,13.81,56.21,-79.71,178.62
52.38874,-1.588876,166.02,3.59,4,270.89,20 / 21,4276110,2019-09-06 20:31:21:853,-0.0153,0.9331,9.7894,0.0089,-0.0006,9.8066,0.0369,-0.0804,-0.0028,11.56,-35.94,13.88,56.18,-79.78,178.24
52.38874,-1.588876,166.02,3.59,4,270.89,20 / 21,4276210,2019-09-06 20:31:21:953,0.3827,0.6203,9.4849,0.0126,0.0004,9.8065,-0.0082,-0.0704,-0.0203,11.38,-35.81,13.75,53.25,-79.83,177.87
52.38874,-1.588876,166.02,3.59,4,270.89,20 / 21,4276309,2019-09-06 20:31:22:052,0.5858,0.8669,9.935,0.0161,0.0056,9.8066,0.0293,-0.0747,0.0391,12.25,-35.19,12.63,57.32,-79.97,177.16
52.388687,-1.589507,167.84,3.97,4,262.87,20 / 21,4276410,2019-09-06 20:31:22:153,0.5904,0.6877,9.7157,0.009,0.013,9.8066,0.0305,-0.0738,0.0393,11.94,-35.12,12.94,57.42,-79.97,177.23
52.388687,-1.589507,167.84,3.97,4,262.87,20 / 21,4276510,2019-09-06 20:31:22:253,0.1223,1.1893,10.0233,0.0042,0.0158,9.8065,-0.0429,-0.0763,0.0565,11.63,-36.12,13.88,55.56,-80.11,178.33
52.388687,-1.589507,167.84,3.97,4,262.87,20 / 21,4276610,2019-09-06 20:31:22:353,0.4489,0.927,10.0119,-0.0142,-0.0076,9.8066,-0.0624,-0.0741,-0.0147,11.13,-35.62,12.88,57.77,-80.08,179.01
52.388687,-1.589507,167.84,3.97,4,262.87,20 / 21,4276710,2019-09-06 20:31:22:453,0.3923,0.7386,9.7836,-0.0042,-0.0073,9.8066,0.0419,-0.0836,0.0301,11.63,-36.12,12.44,63.36,-80.14,178.85
52.388687,-1.589507,167.84,3.97,4,262.87,20 / 21,4276810,2019-09-06 20:31:22:553,0.324,0.6762,9.784,0.0093,0.0022,9.8066,0.0018,-0.0604,-0.0038,11.88,-35.56,12.69,59.37,-80.21,178.78
52.388687,-1.589507,167.84,3.97,4,262.87,20 / 21,4276909,2019-09-06 20:31:22:652,0.3803,0.7146,9.8199,-0.003,-0.0054,9.8066,0.0302,-0.0654,0.0047,11.94,-36,12.31,62.73,-80.18,178.39
52.388687,-1.589507,167.84,3.97,4,262.87,20 / 21,4277009,2019-09-06 20:31:22:752,0.3189,0.8905,9.5668,0.005,0.0033,9.8066,0.031,-0.0727,0.0251,11.69,-35.94,12.94,59.32,-80.13,178.59
52.388687,-1.589507,167.84,3.97,4,262.87,20 / 21,4277110,2019-09-06 20:31:22:853,0.0089,1.316,10.0098,-0.0084,0.0061,9.8066,-0.0258,-0.0921,0.0165,11.25,-36,11.75,61.66,-80.12,179.05
52.388687,-1.589507,167.84,3.97,4,262.87,20 / 21,4277210,2019-09-06 20:31:22:953,0.1241,0.9664,9.7655,0.0032,0.0041,9.8066,0.0147,-0.1173,0.0387,11,-36.19,11.88,61.94,-80.12,179.28
52.388687,-1.589507,167.84,3.97,4,262.87,20 / 21,4277309,2019-09-06 20:31:23:052,-0.0451,0.4302,9.3418,0.0035,-0.0009,9.8066,-0.0222,-0.0991,-0.0015,11.69,-36.37,12.19,63.95,-80.15,179.36
52.388687,-1.589507,167.84,3.97,4,262.87,20 / 21,4277410,2019-09-06 20:31:23:153,0.2938,0.8476,9.8351,0.0109,0.0078,9.8066,-0.0098,-0.0858,-0.0084,11.69,-36,11.69,63.35,-80.28,179.13
52.388687,-1.589507,167.84,3.97,4,262.87,20 / 21,4277510,2019-09-06 20:31:23:253,0.6995,0.5371,9.9136,0.0171,-0.0026,9.8066,0.0262,-0.1068,0.0213,10.88,-36.25,11.44,64.69,-80.37,178.65
52.388687,-1.589507,167.84,3.97,4,262.87,20 / 21,4277609,2019-09-06 20:31:23:352,0.5105,0.9404,9.751,0.0101,0.0016,9.8065,-0.0194,-0.0938,-0.0153,11.44,-36.06,11.56,60.12,-80.46,178.54
52.388687,-1.589507,167.84,3.97,4,262.87,20 / 21,4277709,2019-09-06 20:31:23:452,0.7701,1.0164,9.7692,0.0121,0.0051,9.8066,0.0163,-0.0889,0.0271,11.19,-36.62,11,64.15,-80.63,178.23
52.388687,-1.589507,167.84,3.97,4,262.87,20 / 21,4277809,2019-09-06 20:31:23:552,0.5196,0.7817,9.6123,0.0058,0.0069,9.8066,0.0098,-0.0998,0.0235,11.63,-35.69,10.94,65.4,-80.73,178.52
52.388687,-1.589507,167.84,3.97,4,262.87,20 / 21,4277910,2019-09-06 20:31:23:653,0.8131,0.9349,9.7816,0.0038,0.0114,9.8065,0.0003,-0.1028,0.0442,11.38,-36.5,11,64,-80.81,179.09
52.388687,-1.589507,167.84,3.97,4,262.87,20 / 21,4278010,2019-09-06 20:31:23:753,0.8665,1.2455,9.9591,0.0126,0.0098,9.8066,0.004,-0.0928,0.0224,11.06,-36.37,11,64.54,-80.94,179.85
52.388687,-1.589507,167.84,3.97,4,262.87,20 / 21,4278109,2019-09-06 20:31:23:852,0.8227,1.0998,9.8389,0.0041,0.0049,9.8066,0.0206,-0.1016,-0.0035,11.13,-36.75,10.06,69.63,-80.99,179.98
52.388687,-1.589507,167.84,3.97,4,262.87,20 / 21,4278209,2019-09-06 20:31:23:952,0.8141,1.0843,9.946,0.0021,-0.0037,9.8066,-0.0017,-0.0962,0.0044,11,-36.56,9.75,69.46,-80.99,179.85
52.388687,-1.589507,167.84,3.97,4,262.87,20 / 21,4278309,2019-09-06 20:31:24:052,0.9486,0.8356,9.6957,0.0062,-0.0086,9.8065,0.0006,-0.0824,0.0031,11.38,-36.12,9.56,67.6,-81.06,179.05
52.388687,-1.589507,167.84,3.97,4,262.87,20 / 21,4278410,2019-09-06 20:31:24:153,1.0995,0.7931,9.8737,0.0062,0.0004,9.8066,0.0092,-0.0875,-0.0097,11.44,-36.44,9.69,66.78,-81.18,178.63
52.388687,-1.589507,167.84,3.97,4,262.87,20 / 21,4278509,2019-09-06 20:31:24:252,0.9478,0.7582,10.0122,0.004,-0.0018,9.8065,-0.0113,-0.0865,0.0056,11.56,-35.94,9.5,68.09,-81.21,178.38
52.388687,-1.589507,167.84,3.97,4,262.87,20 / 21,4278610,2019-09-06 20:31:24:353,0.7206,0.6711,10.118,-0.009,0.0004,9.8066,-0.0002,-0.0946,0.0091,11.5,-36.31,8.63,72.45,-81.21,178.43
52.388687,-1.589507,167.84,3.97,4,262.87,20 / 21,4278710,2019-09-06 20:31:24:453,0.096,0.5537,9.4595,0.0013,-0.0004,9.8066,-0.0293,-0.0818,0.0233,11.31,-36.56,9.19,71.78,-81.24,178.49
52.388687,-1.589507,167.84,3.97,4,262.87,20 / 21,4278810,2019-09-06 20:31:24:553,0.19,0.5366,9.717,-0.0008,0.0029,9.8066,-0.0154,-0.0861,0.0148,10.56,-36.62,8.88,71.82,-81.24,178.54
52.388687,-1.589507,167.84,3.97,4,262.87,20 / 21,4278910,2019-09-06 20:31:24:653,0.3566,0.7758,9.9876,-0.0038,-0.0041,9.8066,-0.0047,-0.0888,-0.015,11.19,-35.75,8.75,71.23,-81.23,178.62
52.388687,-1.589507,167.84,3.97,4,262.87,20 / 21,4279010,2019-09-06 20:31:24:753,0.5861,0.2274,9.8316,0.0053,-0.0039,9.8066,-0.011,-0.0696,0.004,10.75,-36.31,8.31,75.17,-81.28,177.96
52.388687,-1.589507,167.84,3.97,4,262.87,20 / 21,4279110,2019-09-06 20:31:24:853,0.653,0.5305,9.6757,0.0003,0.0004,9.8066,0.0256,-0.0791,0.0108,11.44,-36.31,8.25,75,-81.3,177.86
52.388687,-1.589507,167.84,3.97,4,262.87,20 / 21,4279210,2019-09-06 20:31:24:953,0.3284,0.4472,9.708,0.0041,-0.0004,9.8065,0.0291,-0.0725,0.0136,11.88,-36.19,8.63,71.35,-81.37,177.86
52.388687,-1.589507,167.84,3.97,4,262.87,20 / 21,4279310,2019-09-06 20:31:25:053,0.1758,0.4856,10.2309,0.0029,0.0019,9.8066,-0.0118,-0.0931,-0.0021,11.69,-36.81,8.25,76.65,-81.4,178.03
52.388687,-1.589507,167.84,3.97,4,262.87,20 / 21,4279410,2019-09-06 20:31:25:153,-0.1546,0.3819,9.9054,-0.0026,-0.0027,9.8066,-0.0013,-0.0869,0.0029,11.31,-35.94,8.5,69.92,-81.43,178.03
52.388687,-1.589507,167.84,3.97,4,262.87,20 / 21,4279510,2019-09-06 20:31:25:253,-0.8402,0.072,10.0528,-0.0023,-0.0032,9.8066,0.0214,-0.0867,0.0319,11.25,-36.12,7.63,74.57,-81.42,177.8
52.388687,-1.589507,167.84,3.97,4,262.87,20 / 21,4279609,2019-09-06 20:31:25:352,-1.3028,0.0552,9.8562,-0.0176,-0.0052,9.8065,0.0272,-0.08,-0.0027,11,-35.87,8.44,75.12,-81.24,177.79
52.388687,-1.589507,167.84,3.97,4,262.87,20 / 21,4279709,2019-09-06 20:31:25:452,-1.7132,0.0916,9.9017,-0.0109,-0.0042,9.8066,0.0064,-0.1017,0.019,11.13,-36.44,8.31,75.39,-81.12,177.69
52.388687,-1.589507,167.84,3.97,4,262.87,20 / 21,4279809,2019-09-06 20:31:25:552,-1.6566,0.4168,9.8554,-0.0003,0.0001,9.8066,-0.0046,-0.1092,0.0223,10.94,-36.75,7.69,76.33,-81.1,177.76
52.388687,-1.589507,167.84,3.97,4,262.87,20 / 21,4279909,2019-09-06 20:31:25:652,-1.6843,0.6313,9.8422,0.0006,-0.0009,9.8066,0.0183,-0.1141,-0.0212,11.13,-36.12,7.75,75.25,-81.16,177.68
52.388687,-1.589507,167.84,3.97,4,262.87,20 / 21,4280010,2019-09-06 20:31:25:753,-2.0016,0.3037,9.9023,0.0061,-0.0098,9.8066,0.012,-0.1306,-0.002,11.19,-36.12,7.44,79.73,-81.17,177.13
52.388687,-1.589507,167.84,3.97,4,262.87,20 / 21,4280109,2019-09-06 20:31:25:852,-1.7013,0.2174,9.8213,-0.0045,-0.0049,9.8066,0.0046,-0.1536,0.0174,11.5,-36.31,7.06,79.53,-81.16,176.33
52.388687,-1.589507,167.84,3.97,4,262.87,20 / 21,4280209,2019-09-06 20:31:25:952,-2.2903,0.2114,9.9031,0.0025,0.0043,9.8066,-0.0015,-0.1434,0.0157,11.63,-36.12,6.56,79.27,-81.21,176.24
52.388687,-1.589507,167.84,3.97,4,262.87,20 / 21,4280309,2019-09-06 20:31:26:052,-1.6203,0.2445,9.6275,-0.0077,-0.0036,9.8066,0.0222,-0.1634,0.0349,11.06,-35.75,6.5,78.65,-81.2,176.21
52.388687,-1.589507,167.84,3.97,4,262.87,19 / 21,4280410,2019-09-06 20:31:26:153,-0.4503,0.9297,9.6712,0.026,0.0002,9.8066,0.0384,-0.1709,0.0209,10.5,-36.31,6.25,83.22,-81.37,176.09
52.388687,-1.589507,167.84,3.97,4,262.87,19 / 21,4280510,2019-09-06 20:31:26:253,-0.8014,0.7405,10.1206,-0.0094,-0.0071,9.8066,-0.063,-0.1592,-0.0256,11,-36.31,5.69,82.69,-81.46,175.87
52.388687,-1.589507,167.84,3.97,4,262.87,19 / 21,4280609,2019-09-06 20:31:26:352,-0.4185,0.3061,9.7749,-0.0085,-0.0103,9.8066,-0.0182,-0.1687,0.0284,11.13,-36,5.19,86.81,-81.58,175.08
52.388687,-1.589507,167.84,3.97,4,262.87,19 / 21,4280709,2019-09-06 20:31:26:452,-0.0008,0.6368,9.8868,-0.0113,0.0104,9.8065,-0.0125,-0.1593,0.0256,10.94,-36.31,5.13,87.06,-81.55,175.24
52.388687,-1.589507,167.84,3.97,4,262.87,19 / 21,4280809,2019-09-06 20:31:26:552,-0.4957,1.0009,10.1118,-0.0009,-0.0046,9.8066,0.0173,-0.1586,0.0357,9.94,-36.87,4.19,94.23,-81.5,175.29
52.388687,-1.589507,167.84,3.97,4,262.87,19 / 21,4280910,2019-09-06 20:31:26:653,-0.735,0.8113,9.9414,-0.0009,0.0007,9.8066,-0.0395,-0.1535,-0.0149,10.06,-36.25,3.88,93.57,-81.47,175.38
52.388687,-1.589507,167.84,3.97,4,262.87,19 / 21,4281010,2019-09-06 20:31:26:753,-0.1503,0.3869,9.9934,-0.0068,-0.0089,9.8066,0.0137,-0.1476,0.0188,10.25,-36.06,4.69,86.72,-81.47,174.42
52.388687,-1.589507,167.84,3.97,4,262.87,19 / 21,4281110,2019-09-06 20:31:26:853,0.131,0.6101,9.7841,0.0111,-0.005,9.8066,0.0054,-0.1539,-0.0032,10.25,-36.25,4.81,86.57,-81.51,174.41
52.388687,-1.589507,167.84,3.97,4,262.87,19 / 21,4281209,2019-09-06 20:31:26:952,-0.1065,0.4305,10.1052,0.0047,-0.0069,9.8066,-0.0297,-0.1133,-0.0131,10.31,-36.5,3.81,92.07,-81.51,173.98
52.388687,-1.589507,167.84,3.97,4,262.87,19 / 21,4281310,2019-09-06 20:31:27:053,0.0393,0.1213,10.0755,0.0002,-0.0061,9.8066,0.0414,-0.0897,-0.019,10.13,-36.37,3.31,96.68,-81.57,172.95
52.388687,-1.589507,167.84,3.97,4,262.87,19 / 21,4281410,2019-09-06 20:31:27:153,-0.9815,-0.3064,9.6052,-0.0086,0.002,9.8066,0.0551,-0.0759,-0.0028,9.94,-36.06,3.75,90.89,-81.48,172.65
52.388687,-1.589507,167.84,3.97,4,262.87,19 / 21,4281510,2019-09-06 20:31:27:253,-0.6912,0.3521,9.4491,-0.018,0.0044,9.8066,-0.0892,-0.0908,0.0071,10.38,-36.12,3.88,91.5,-81.35,172.77
52.388687,-1.589507,167.84,3.97,4,262.87,19 / 21,4281610,2019-09-06 20:31:27:353,-0.0873,0.2294,9.5634,-0.0267,0.0047,9.8065,-0.0723,-0.0834,0.0172,10.69,-35.44,4,90.96,-81.13,173.16
52.388687,-1.589507,167.84,3.97,4,262.87,19 / 21,4281710,2019-09-06 20:31:27:453,0.5446,0.4523,9.7677,-0.0356,0.0061,9.8066,0.0946,-0.0886,-0.0071,10.75,-35.94,4.81,87.38,-80.99,173.63
52.388687,-1.589507,167.84,3.97,4,262.87,19 / 21,4281810,2019-09-06 20:31:27:553,-0.103,0.5193,9.9569,0.0166,-0.0052,9.8066,0.0513,-0.0915,-0.0229,11,-35.62,3.75,93.14,-80.89,173.65
52.388687,-1.589507,167.84,3.97,4,262.87,19 / 21,4281909,2019-09-06 20:31:27:652,0.1833,0.2855,9.9749,0.0157,-0.0125,9.8066,-0.0212,-0.0667,0.0035,11.19,-35.87,3.75,92.15,-80.96,172.87
52.388687,-1.589507,167.84,3.97,4,262.87,19 / 21,4282009,2019-09-06 20:31:27:752,-0.0651,0.0154,9.7566,-0.0104,-0.0075,9.8066,-0.0271,-0.0548,-0.0109,11.75,-35.44,3.5,90.01,-80.88,172.08
52.388687,-1.589507,167.84,3.97,4,262.87,19 / 21,4282109,2019-09-06 20:31:27:852,0.053,-0.175,9.7241,-0.0041,-0.0047,9.8066,-0.0113,-0.0884,0.0195,11.81,-35.62,2.5,94.83,-80.98,171.5
52.388687,-1.589507,167.84,3.97,4,262.87,19 / 21,4282210,2019-09-06 20:31:27:953,0.3902,0.2167,9.5614,0.0167,0.0009,9.8066,-0.0223,-0.0628,0.0065,10.88,-36,1.69,101.06,-81.16,172.07
52.388687,-1.589507,167.84,3.97,4,262.87,19 / 21,4282309,2019-09-06 20:31:28:052,0.1492,0.2919,9.9827,0.0114,0.0032,9.8066,-0.0282,-0.0611,0.0215,10.44,-35.62,1.75,102.9,-81.25,172.39
52.388687,-1.589507,167.84,3.97,4,262.87,20 / 21,4282410,2019-09-06 20:31:28:153,0.2829,0.4687,10.0634,0.0012,0.0066,9.8066,0.002,-0.0942,0.0339,10.06,-35.81,2.06,102.57,-81.4,172.65
52.388687,-1.589507,167.84,3.97,4,262.87,20 / 21,4282510,2019-09-06 20:31:28:253,0.285,0.2107,10.2329,-0.0011,-0.0066,9.8066,-0.0271,-0.0722,-0.003,10,-36.62,2.19,103.78,-81.45,173.27
52.388687,-1.589507,167.84,3.97,4,262.87,20 / 21,4282609,2019-09-06 20:31:28:352,0.2424,0.1487,9.39,-0.0047,0.0033,9.8066,-0.024,-0.0658,0.0169,9.94,-36.81,2.56,97.95,-81.44,172.85
52.388687,-1.589507,167.84,3.97,4,262.87,20 / 21,4282709,2019-09-06 20:31:28:452,0.7078,0.1382,9.5862,-0.0078,0.0045,9.8066,0.0021,-0.0633,-0.0081,9.5,-36.31,2.69,97.23,-81.45,173.06
52.388687,-1.589507,167.84,3.97,4,262.87,20 / 21,4282810,2019-09-06 20:31:28:553,0.392,-0.0733,9.5287,0.0194,0.0026,9.8066,0.0206,-0.0649,0.0283,9.31,-36,2.13,105.03,-81.51,173.5
52.388687,-1.589507,167.84,3.97,4,262.87,20 / 21,4282910,2019-09-06 20:31:28:653,-0.3395,0.0552,9.7141,-0.0111,0.0284,9.8066,0.0073,-0.0819,0.0737,9.63,-35.87,2.63,98.66,-81.42,174.51
52.388687,-1.589507,167.84,3.97,4,262.87,20 / 21,4283009,2019-09-06 20:31:28:752,0.2041,0.9058,10.2526,-0.0148,0.0266,9.8066,0.029,-0.0902,0.0384,9.75,-35.87,2.25,106.05,-81.37,176.57
52.388687,-1.589507,167.84,3.97,4,262.87,20 / 21,4283110,2019-09-06 20:31:28:853,0.6299,0.6956,10.0399,-0.0061,0.0082,9.8066,-0.0242,-0.0846,0.0087,9.69,-36.69,1.44,113.59,-81.16,177.98
52.388687,-1.589507,167.84,3.97,4,262.87,20 / 21,4283210,2019-09-06 20:31:28:953,0.4726,0.3135,9.8897,0.0012,-0.0046,9.8066,-0.0017,-0.0993,0.012,9.06,-36.87,1.06,115.56,-81.26,177.74
52.388687,-1.589507,167.84,3.97,4,262.87,20 / 21,4283309,2019-09-06 20:31:29:052,0.1489,-0.1705,9.8253,0,-0.0063,9.8066,0.0067,-0.1022,-0.0029,9.31,-36.62,1.31,115.01,-81.33,177.31
52.388687,-1.589507,167.84,3.97,4,262.87,20 / 21,4283410,2019-09-06 20:31:29:153,0.6921,-0.1267,9.9715,0.0012,0.0003,9.8066,-0.0443,-0.0919,0.0162,9.75,-36.94,1.38,112.2,-81.37,177.04
52.388687,-1.589507,167.84,3.97,4,262.87,20 / 21,4283509,2019-09-06 20:31:29:252,0.442,-0.0288,9.9915,-0.0029,0.0059,9.8066,0.0698,-0.0879,0.0696,9.69,-36.75,1.38,112.4,-81.37,177.29
52.388687,-1.589507,167.84,3.97,4,262.87,20 / 21,4283609,2019-09-06 20:31:29:352,-0.0427,0.5906,10.1235,0.0055,0.0204,9.8066,0.0615,-0.1052,0.042,8.69,-37.56,1.06,116.82,-81.29,178.51
52.388687,-1.589507,167.84,3.97,4,262.87,20 / 21,4283710,2019-09-06 20:31:29:453,0.4352,0.7078,9.6992,0.006,0.0094,9.8066,-0.0156,-0.0932,0.0406,8.13,-36.5,1.13,119.81,-81.16,-179.68
52.388687,-1.589507,167.84,3.97,4,262.87,20 / 21,4283810,2019-09-06 20:31:29:553,0.4306,0.407,9.8037,-0.0021,0.0085,9.8065,0.0091,-0.1161,0.0195,8.63,-37.12,1.13,118.33,-81.14,-179.04
52.388687,-1.589507,167.84,3.97,4,262.87,20 / 21,4283909,2019-09-06 20:31:29:652,0.1388,0.3996,9.7359,0.0009,0.0007,9.8066,-0.0021,-0.1121,0.0071,8.81,-36.87,1,118.46,-81.13,-178.91
52.388687,-1.589507,167.84,3.97,4,262.87,20 / 21,4284009,2019-09-06 20:31:29:752,0.4439,0.1818,9.8946,-0.0045,0.0021,9.8066,0.0224,-0.1315,0.0314,8.63,-37.94,0.56,119.09,-81.1,-179.19
52.388687,-1.589507,167.84,3.97,4,262.87,20 / 21,4284109,2019-09-06 20:31:29:852,-0.0392,0.5015,10.1878,-0.001,0.0078,9.8066,0.0162,-0.1121,0.0152,8.06,-37.56,0.31,127.32,-81.02,-178.82
52.388687,-1.589507,167.84,3.97,4,262.87,20 / 21,4284209,2019-09-06 20:31:29:952,-0.1372,0.6329,9.8809,0.0067,-0.0009,9.8066,0.0077,-0.1426,0.04,8.13,-37.31,-0.37,126.76,-80.99,-178.69
52.388687,-1.589507,167.84,3.97,4,262.87,20 / 21,4284310,2019-09-06 20:31:30:053,0.4867,0.1349,9.713,0.0051,0.0047,9.8066,0.0006,-0.1348,0.0375,7.88,-37.5,0.44,126.99,-81.08,-177.94
52.388687,-1.589507,167.84,3.97,4,262.87,20 / 21,4284409,2019-09-06 20:31:30:152,0.4076,0.2055,9.6841,0.0072,0.0044,9.8066,-0.0319,-0.126,0.049,7.75,-37.31,-0.31,127.37,-81.14,-177.09
52.388687,-1.589507,167.84,3.97,4,262.87,20 / 21,4284510,2019-09-06 20:31:30:253,0.1523,0.6363,9.9644,0.0108,0.0156,9.8066,-0.0067,-0.154,0.0663,7.56,-38.25,0.06,128.87,-81.13,-175.85
52.388687,-1.589507,167.84,3.97,4,262.87,20 / 21,4284609,2019-09-06 20:31:30:352,-0.054,0.7876,9.9317,0.001,0.0106,9.8066,-0.0147,-0.1422,0.0573,6.69,-38.06,-0.25,133.13,-81.1,-174.61
52.388687,-1.589507,167.84,3.97,4,262.87,20 / 21,4284709,2019-09-06 20:31:30:452,0.0074,0.9147,9.5497,0.009,0.01,9.8066,0.0001,-0.1681,0.0569,5.94,-37.94,-0.62,142.1,-81.1,-173.67
52.388687,-1.589507,167.84,3.97,4,262.87,20 / 21,4284809,2019-09-06 20:31:30:552,0.4067,0.1333,9.8394,0.0081,-0.0036,9.8066,0.0105,-0.1611,0.0173,6.25,-37.44,-0.69,141.57,-81.15,-173.31
52.388687,-1.589507,167.84,3.97,4,262.87,20 / 21,4284910,2019-09-06 20:31:30:653,-0.2945,0.7914,10.0101,0.0072,0.0041,9.8066,0.0547,-0.1452,0.0556,6.19,-37.75,-0.94,142.36,-81.19,-172.71
52.388687,-1.589507,167.84,3.97,4,262.87,20 / 21,4285010,2019-09-06 20:31:30:753,0.1015,1.0142,9.8636,0.0079,-0.0019,9.8066,-0.0408,-0.1825,0.0162,5.94,-37.31,-1,142.22,-81.18,-171.95
52.388687,-1.589507,167.84,3.97,4,262.87,20 / 21,4285110,2019-09-06 20:31:30:853,-0.3058,0.911,9.6192,0.011,-0.0058,9.8066,0.0168,-0.1812,0.042,5.81,-37.81,-1.81,146.84,-81.19,-171.64
52.388687,-1.589507,167.84,3.97,4,262.87,20 / 21,4285210,2019-09-06 20:31:30:953,0.0791,0.5812,9.7479,-0.0039,0.0248,9.8066,-0.0531,-0.1805,0.0681,5.13,-37.5,-2.06,151.75,-80.99,-170.45
52.388687,-1.589507,167.84,3.97,4,262.87,20 / 21,4285309,2019-09-06 20:31:31:052,0.4326,0.4034,9.6337,-0.007,0.0237,9.8065,-0.0381,-0.1779,0.0492,5.38,-38,-2.5,152.51,-80.99,-169.77
52.388798,-1.589942,167.94,4.19,4,317.57,20 / 21,4285409,2019-09-06 20:31:31:152,0.1543,0.8323,10.2623,0.0033,0.0071,9.8065,-0.0747,-0.1927,0.0365,4.63,-38.12,-2.12,152.97,-80.88,-169.19
52.388798,-1.589942,167.94,4.19,4,317.57,20 / 21,4285510,2019-09-06 20:31:31:253,0.3917,0.9145,9.6045,0.0029,0.0029,9.8065,0.0215,-0.2009,0.0282,4.19,-38.25,-2.75,161.17,-80.81,-168.57
52.388798,-1.589942,167.94,4.19,4,317.57,20 / 21,4285609,2019-09-06 20:31:31:352,0.1289,0.6525,9.6717,-0.0033,0.003,9.8066,-0.0495,-0.1848,0.0211,4.19,-38.31,-3.12,161.37,-80.67,-168.48
52.388798,-1.589942,167.94,4.19,4,317.57,20 / 21,4285709,2019-09-06 20:31:31:452,0.9767,0.1936,9.3822,-0.0017,0.0051,9.8066,0.0783,-0.1789,0.0136,4,-38,-2.62,161.31,-80.67,-168.62
52.388798,-1.589942,167.94,4.19,4,317.57,20 / 21,4285810,2019-09-06 20:31:31:553,0.2959,-0.0327,9.544,0.0142,-0.0159,9.8066,0.1012,-0.2167,0.0797,3.56,-38.56,-2.62,161.59,-80.67,-168.64
52.388798,-1.589942,167.94,4.19,4,317.57,20 / 21,4285910,2019-09-06 20:31:31:653,0.4458,1.3381,10.4212,0.0208,-0.0177,9.8065,-0.0401,-0.1961,0.0338,2.75,-38.87,-3.19,166.9,-80.58,-167.88
52.388798,-1.589942,167.94,4.19,4,317.57,20 / 21,4286009,2019-09-06 20:31:31:752,0.3272,1.181,10.4558,-0.0047,0.0176,9.8066,0.0281,-0.2127,0.0588,2.69,-38.25,-4,169.07,-80.48,-167.7
52.388798,-1.589942,167.94,4.19,4,317.57,20 / 21,4286110,2019-09-06 20:31:31:853,0.5652,1.4708,10.4009,0.0094,0.0091,9.8066,-0.0965,-0.1984,0.0537,1.88,-38.19,-3.69,174.36,-80.56,-166.86
52.388798,-1.589942,167.94,4.19,4,317.57,20 / 21,4286210,2019-09-06 20:31:31:953,0.6095,0.8038,9.5734,0.0095,0.0071,9.8066,-0.0739,-0.2092,0.0558,1.88,-38.06,-3.75,174.52,-80.65,-166.41
52.388798,-1.589942,167.94,4.19,4,317.57,20 / 21,4286309,2019-09-06 20:31:32:052,0.4853,0.7629,9.6185,0.0047,0.0103,9.8066,0.0024,-0.218,0.0572,1.56,-38.37,-4.31,175.05,-80.6,-165.19
52.388798,-1.589942,167.94,4.19,4,317.57,20 / 21,4286409,2019-09-06 20:31:32:152,0.6698,0.7559,9.5217,0.0116,-0.003,9.8065,-0.0731,-0.222,0.0553,1.5,-38.19,-4.25,175.31,-80.7,-164.51
52.388798,-1.589942,167.94,4.19,4,317.57,20 / 21,4286510,2019-09-06 20:31:32:253,1.5339,-0.2049,9.7158,0.003,0.0027,9.8066,0.0175,-0.2319,0.023,1.25,-38.06,-5.12,182.15,-80.77,-163.99
52.388798,-1.589942,167.94,4.19,4,317.57,20 / 21,4286610,2019-09-06 20:31:32:353,0.5653,0.3029,10.5063,0.0035,-0.021,9.8066,0.0456,-0.2057,0.0517,0.69,-38.56,-4.81,182.1,-80.94,-164.09
52.388798,-1.589942,167.94,4.19,4,317.57,20 / 21,4286710,2019-09-06 20:31:32:453,0.3604,1.4394,10.15,-0.001,-0.0213,9.8066,-0.0499,-0.1774,0.0129,0.69,-38.75,-5.44,182.02,-80.91,-164.26
52.388798,-1.589942,167.94,4.19,4,317.57,20 / 21,4286810,2019-09-06 20:31:32:553,1.181,0.6899,9.4602,0.0043,0.0251,9.8065,-0.0527,-0.2266,0.0685,0.69,-37.75,-4.94,182.17,-80.88,-163.98
52.388798,-1.589942,167.94,4.19,4,317.57,20 / 21,4286909,2019-09-06 20:31:32:652,0.5529,0.1345,9.3923,-0.0037,0.0316,9.8066,0.0988,-0.2577,0.056,-0.69,-38.31,-5.37,192.52,-80.64,-163.72
52.388798,-1.589942,167.94,4.19,4,317.57,20 / 21,4287010,2019-09-06 20:31:32:753,1.1451,1.452,10.0801,0,-0.0058,9.8066,0.0978,-0.2195,0.0085,-0.25,-38.62,-5.31,187.2,-80.58,-163.69
52.388798,-1.589942,167.94,4.19,4,317.57,20 / 21,4287110,2019-09-06 20:31:32:853,0.7118,1.6938,9.8288,-0.0061,-0.0153,9.8066,-0.0231,-0.2422,0.0346,-0.81,-38.12,-4.62,192.02,-80.47,-164.54
52.388798,-1.589942,167.94,4.19,4,317.57,20 / 21,4287210,2019-09-06 20:31:32:953,0.586,0.783,10.2074,-0.0036,-0.0034,9.8066,0.0226,-0.2139,0.0209,-0.94,-37.62,-5.37,191.96,-80.49,-164.71
52.388798,-1.589942,167.94,4.19,4,317.57,20 / 21,4287309,2019-09-06 20:31:33:052,0.6081,0.1934,10.2347,-0.0057,-0.0091,9.8066,-0.0478,-0.1907,0.0025,-1.69,-38.31,-5.69,197.07,-80.63,-164.88
52.388798,-1.589942,167.94,4.19,4,317.57,20 / 21,4287410,2019-09-06 20:31:33:153,0.6065,0.7753,9.8751,-0.0081,0.0054,9.8066,-0.0296,-0.2035,0.0609,-1.56,-37.62,-5.44,196.96,-80.59,-165.35
52.388798,-1.589942,167.94,4.19,4,317.57,20 / 21,4287509,2019-09-06 20:31:33:252,0.3459,0.6796,9.5556,-0.0028,-0.0027,9.8066,-0.0385,-0.1715,0.045,-1.69,-38.5,-5.81,196.72,-80.54,-165.39
52.388798,-1.589942,167.94,4.19,4,317.57,20 / 21,4287610,2019-09-06 20:31:33:353,0.5045,0.573,9.6276,-0.0029,0.0058,9.8066,-0.0613,-0.1768,-0.0041,-2.37,-38.37,-5.44,196.77,-80.51,-165.61
52.388798,-1.589942,167.94,4.19,4,317.57,20 / 21,4287710,2019-09-06 20:31:33:453,0.2782,0.3372,9.5999,-0.0077,0.0223,9.8065,0.0811,-0.1761,0.038,-2.25,-38,-6.19,196.23,-80.42,-166.18
52.388798,-1.589942,167.94,4.19,4,317.57,20 / 21,4287810,2019-09-06 20:31:33:553,0.4144,1.2484,10.3431,-0.0033,-0.0182,9.8066,0.0941,-0.1513,0.0179,-2.44,-37.87,-6.31,195.99,-80.37,-166.56
52.388798,-1.589942,167.94,4.19,4,317.57,20 / 21,4287910,2019-09-06 20:31:33:653,0.4955,0.9832,10.5529,0.0025,-0.0412,9.8065,-0.12,-0.1041,0.0573,-2.69,-38.12,-6.62,200.56,-80.58,-166.21
52.388798,-1.589942,167.94,4.19,4,317.57,20 / 21,4288010,2019-09-06 20:31:33:753,0.3165,-0.151,10.6167,0.0063,0.0264,9.8066,0.0008,-0.168,0.0232,-3.44,-38.31,-6.62,200.53,-80.45,-166.01
52.388798,-1.589942,167.94,4.19,4,317.57,20 / 21,4288109,2019-09-06 20:31:33:852,0.6048,0.828,9.6035,-0.0141,-0.0186,9.8066,-0.1427,-0.1085,0.0219,-3.06,-37.81,-6.19,201.12,-80.59,-166.18
52.388798,-1.589942,167.94,4.19,4,317.57,20 / 21,4288210,2019-09-06 20:31:33:953,0.3153,0.339,9.8347,-0.0008,0.05,9.8065,-0.1334,-0.0977,0.0184,-3.25,-38.37,-6.81,199.81,-80.45,-167.32
52.388798,-1.589942,167.94,4.19,4,317.57,20 / 21,4288310,2019-09-06 20:31:34:053,0.8187,0.2729,10.247,0.0042,0.0249,9.8066,-0.0965,-0.109,-0.0035,-3,-38.81,-6.44,200.36,-80.6,-167.14
52.388798,-1.589942,167.94,4.19,4,317.57,20 / 21,4288410,2019-09-06 20:31:34:153,0.8818,-0.3869,10.5238,-0.0116,-0.0032,9.8065,0.012,-0.1109,0.0204,-3,-38.31,-6.75,199.96,-80.81,-167.67
52.388798,-1.589942,167.94,4.19,4,317.57,20 / 21,4288509,2019-09-06 20:31:34:252,0.4118,-0.253,10.1947,-0.0182,-0.0319,9.8066,-0.0102,-0.0005,-0.0627,-3.56,-38.06,-6.37,204.91,-80.98,-168.64
52.388798,-1.589942,167.94,4.19,4,317.57,20 / 21,4288610,2019-09-06 20:31:34:353,-0.2691,-0.5872,10.273,-0.0134,-0.0036,9.8066,0.0992,-0.0541,0.0094,-3.19,-38.19,-6.5,199.46,-81.11,-170.35
52.388798,-1.589942,167.94,4.19,4,317.57,20 / 21,4288710,2019-09-06 20:31:34:453,-0.0937,-0.3831,9.9618,0.0051,0.0171,9.8066,-0.022,-0.0471,0.0095,-2.62,-37.94,-6.81,198.63,-81.08,-170.45
52.388798,-1.589942,167.94,4.19,4,317.57,20 / 21,4288810,2019-09-06 20:31:34:553,-0.4242,0.0767,9.9715,0.0077,0.0412,9.8065,-0.0342,-0.0521,0.0134,-3.25,-38.19,-6.75,198.45,-80.81,-170.33
52.388798,-1.589942,167.94,4.19,4,317.57,20 / 21,4288909,2019-09-06 20:31:34:652,0.2851,-0.0757,9.911,0.007,0.0389,9.8065,0.0087,-0.0399,-0.0044,-3.37,-37.87,-6.56,198.35,-80.42,-169.91
52.388798,-1.589942,167.94,4.19,4,317.57,20 / 21,4289009,2019-09-06 20:31:34:752,0.4811,-0.2152,9.2737,0.0106,0.0281,9.8065,-0.0601,0.0165,0.0126,-3.12,-38.25,-5.94,198.85,-80.25,-169.88
52.388798,-1.589942,167.94,4.19,4,317.57,20 / 21,4289109,2019-09-06 20:31:34:852,-0.3741,-0.4673,9.835,0.0091,0.0023,9.8066,-0.0979,-0.062,0.0285,-3.62,-38.06,-6.25,203.48,-80.26,-169.66
52.388798,-1.589942,167.94,4.19,4,317.57,20 / 21,4289210,2019-09-06 20:31:34:953,-0.1926,-0.6757,10.0811,0.0053,0.0197,9.8066,0.028,-0.0441,0.0152,-3.87,-38.25,-6.12,203.72,-80.17,-169
52.388798,-1.589942,167.94,4.19,4,317.57,20 / 21,4289310,2019-09-06 20:31:35:053,-0.3972,0.318,9.8273,-0.0031,-0.0273,9.8065,0.0745,-0.0047,0.0236,-3.81,-38.37,-6.75,203.26,-80.44,-168.73
52.388798,-1.589942,167.94,4.19,4,317.57,20 / 21,4289409,2019-09-06 20:31:35:152,0.268,-0.4281,10.0119,0.0039,-0.022,9.8066,-0.0291,-0.027,0.0015,-3.94,-38.12,-6.56,203.45,-80.42,-168.35
52.388798,-1.589942,167.94,4.19,4,317.57,20 / 21,4289509,2019-09-06 20:31:35:252,-0.4408,-0.4948,9.5324,-0.0026,0.0034,9.8066,-0.0291,-0.0529,-0.0028,-4.25,-38.25,-6.12,204.43,-80.37,-168.12
52.388798,-1.589942,167.94,4.19,4,317.57,20 / 21,4289610,2019-09-06 20:31:35:353,-0.1406,-0.3637,9.7656,-0.0081,-0.0065,9.8066,-0.06,-0.0093,-0.0034,-3.81,-38.06,-6.37,204.59,-80.44,-168.01
52.388798,-1.589942,167.94,4.19,4,317.57,20 / 21,4289709,2019-09-06 20:31:35:452,-0.1153,-0.2203,9.5989,-0.0073,0.0005,9.8066,-0.048,-0.0146,0.0184,-4.19,-37.56,-6.75,203.7,-80.6,-168.26
52.388798,-1.589942,167.94,4.19,4,317.57,20 / 21,4289810,2019-09-06 20:31:35:553,-0.6505,-0.3959,9.8669,0.005,0.0229,9.8065,0.0198,-0.0353,-0.0289,-4.25,-37.81,-7,203.5,-80.62,-168.66
52.388798,-1.589942,167.94,4.19,4,317.57,20 / 21,4289910,2019-09-06 20:31:35:653,-0.1224,-0.8171,9.8049,-0.0029,0.0024,9.8065,0.0082,-0.0364,-0.0037,-3.75,-37.62,-6.5,204.48,-80.67,-168.71
52.388798,-1.589942,167.94,4.19,4,317.57,20 / 21,4290010,2019-09-06 20:31:35:753,-0.5017,-0.7006,9.401,-0.0018,0.0185,9.8066,0.0658,0.0023,0.026,-4.31,-37.87,-6.69,203.16,-80.58,-169.16
52.388798,-1.589942,167.94,4.19,4,317.57,20 / 21,4290110,2019-09-06 20:31:35:853,-0.3627,-0.5685,9.5456,-0.0004,-0.0128,9.8066,0.0441,0.0169,-0.0258,-3.75,-38.06,-6.56,203.09,-80.54,-169.22
52.388798,-1.589942,167.94,4.19,4,317.57,20 / 21,4290210,2019-09-06 20:31:35:953,-0.4493,-0.8488,10.1017,-0.0027,-0.005,9.8066,-0.0513,-0.0067,-0.0222,-3.69,-37.69,-6.37,203.85,-80.5,-169.47
52.388798,-1.589942,167.94,4.19,4,317.57,20 / 21,4290310,2019-09-06 20:31:36:053,-0.2244,-0.0353,10.1136,0.0045,0.0133,9.8066,-0.0259,-0.0155,-0.004,-3.94,-38.19,-6.44,203.86,-80.52,-169.52
52.388798,-1.589942,167.94,4.19,4,317.57,20 / 21,4290409,2019-09-06 20:31:36:152,-0.463,-0.5958,9.9728,0.002,0.0027,9.8065,-0.0251,-0.0317,0.0112,-4.12,-38.12,-6.56,202.95,-80.49,-169.38
52.388798,-1.589942,167.94,4.19,4,317.57,20 / 21,4290509,2019-09-06 20:31:36:252,-0.3402,-0.9661,9.5869,0.0002,-0.0005,9.8066,-0.0176,0.0143,0.0077,-3.94,-37.87,-6.81,202.91,-80.55,-169.55
52.388798,-1.589942,167.94,4.19,4,317.57,20 / 21,4290610,2019-09-06 20:31:36:353,0.1785,-0.6673,10.0688,0.0092,0.0113,9.8066,-0.0078,0.0067,-0.0232,-3.62,-37.12,-6.94,203.29,-80.54,-169.36
52.388798,-1.589942,167.94,4.19,4,317.57,20 / 21,4290710,2019-09-06 20:31:36:453,-0.1015,-1.0687,9.5892,-0.0026,0.0007,9.8066,0.0177,-0.0022,-0.0028,-4.06,-37.25,-6.94,203.32,-80.53,-169.29
52.388798,-1.589942,167.94,4.19,4,317.57,20 / 21,4290810,2019-09-06 20:31:36:553,-0.3688,-1.139,9.649,0.0007,-0.0064,9.8066,0.0533,0.0059,0.0016,-3.87,-37.25,-6.31,204.19,-80.54,-169.54
52.388798,-1.589942,167.94,4.19,4,317.57,20 / 21,4290909,2019-09-06 20:31:36:652,-0.5816,-1.0737,10.2015,-0.0022,-0.0169,9.8066,0.0947,-0.0019,-0.021,-3.56,-37.62,-6.81,202.91,-80.51,-169.47
52.388798,-1.589942,167.94,4.19,4,317.57,20 / 21,4291009,2019-09-06 20:31:36:752,-0.4697,-0.6278,10.0443,-0.0037,-0.0299,9.8065,-0.1043,0.0204,0.0248,-4.87,-37.31,-7.06,207.67,-80.63,-169.15
52.388798,-1.589942,167.94,4.19,4,317.57,20 / 21,4291110,2019-09-06 20:31:36:853,-0.6443,-1.0373,9.8408,0.0075,0.0205,9.8065,-0.0805,-0.0014,0.0212,-3.94,-36.94,-6.12,204.5,-80.52,-168.9
52.388798,-1.589942,167.94,4.19,4,317.57,20 / 21,4291209,2019-09-06 20:31:36:952,-0.4083,-1.1746,9.6461,0.0059,0.0351,9.8066,0.0216,-0.0003,-0.0158,-3.69,-36.69,-6.62,203.42,-80.46,-168.97
52.388798,-1.589942,167.94,4.19,4,317.57,20 / 21,4291310,2019-09-06 20:31:37:053,-0.3337,-1.2496,9.6933,-0.0052,-0.0113,9.8066,0.0308,0.0132,-0.0252,-4.31,-37.19,-6.81,203.4,-80.52,-169.12
52.388798,-1.589942,167.94,4.19,4,317.57,20 / 21,4291409,2019-09-06 20:31:37:152,-0.5878,-0.8263,9.5581,-0.0098,-0.0007,9.8066,-0.0303,0.0146,-0.0317,-4.44,-37.12,-6.19,203.92,-80.46,-169.85
52.388798,-1.589942,167.94,4.19,4,317.57,20 / 21,4291510,2019-09-06 20:31:37:253,-0.9365,-1.2745,9.7453,0.0021,-0.004,9.8066,-0.0165,0.0188,0.0013,-3.75,-36.5,-6.81,202.91,-80.49,-170.4
52.388798,-1.589942,167.94,4.19,4,317.57,20 / 21,4291610,2019-09-06 20:31:37:353,-0.2443,-1.4085,10.1268,0.0008,-0.0086,9.8066,-0.0149,0.0518,-0.0151,-3.31,-37.25,-6.56,198.51,-80.53,-170.21
52.388798,-1.589942,167.94,4.19,4,317.57,20 / 21,4291710,2019-09-06 20:31:37:453,-0.6519,-1.2737,10.2011,0.0038,0.0109,9.8066,-0.0135,0.0158,0.0021,-4.44,-37.37,-6.5,203.86,-80.54,-170.13
52.388798,-1.589942,167.94,4.19,4,317.57,20 / 21,4291809,2019-09-06 20:31:37:552,-0.402,-1.4197,9.7547,0.005,0.0088,9.8066,-0.063,-0.0003,0.0021,-4.06,-37.12,-7.06,202.97,-80.52,-169.87
52.388798,-1.589942,167.94,4.19,4,317.57,20 / 21,4291909,2019-09-06 20:31:37:652,-0.5559,-1.2634,9.8207,-0.0062,-0.0154,9.8065,0.0559,0.0247,-0.0202,-3.75,-37.5,-7.19,203.02,-80.57,-169.87
52.388798,-1.589942,167.94,4.19,4,317.57,20 / 21,4292010,2019-09-06 20:31:37:753,-0.3474,-1.016,9.9416,0.013,0.0186,9.8065,-0.0464,0.0512,-0.0028,-3.44,-37.56,-7.06,198.64,-80.7,-169.83
52.388798,-1.589942,167.94,4.19,4,317.57,20 / 21,4292109,2019-09-06 20:31:37:852,-0.9797,-1.4457,10.4757,0.007,0.0107,9.8066,0.0595,0.0405,0.0134,-3.75,-38.31,-6.62,203.1,-80.56,-169.23
52.388798,-1.589942,167.94,4.19,4,317.57,20 / 21,4292210,2019-09-06 20:31:37:953,-1.7802,-3.1172,12.092,0.0167,0.0418,9.8064,0.1492,0.0224,0.077,-4.37,-37.94,-6.25,203.55,-80.1,-169.18
52.388798,-1.589942,167.94,4.19,4,317.57,20 / 21,4292309,2019-09-06 20:31:38:052,-0.224,-1.2963,10.8279,0.0183,0.0665,9.8063,0.1358,0.06,0.0186,-3.37,-38.12,-5.81,198.06,-79.09,-169.37
52.388798,-1.589942,167.94,4.19,4,317.57,20 / 21,4292409,2019-09-06 20:31:38:152,-0.4345,0.2557,8.13,0.0035,0.0434,9.8065,0.1947,0.0582,-0.0555,-3.5,-38.19,-4.94,197.48,-78.24,-170.28
52.388798,-1.589942,167.94,4.19,4,317.57,20 / 21,4292509,2019-09-06 20:31:38:252,-0.3187,0.6071,7.8987,-0.0117,-0.0265,9.8066,-0.0764,0.062,-0.0365,-3.62,-38.62,-4.81,201,-77.97,-170.94
52.388798,-1.589942,167.94,4.19,4,317.57,20 / 21,4292610,2019-09-06 20:31:38:353,-0.3639,0.2822,8.6562,-0.0044,0.0034,9.8066,-0.1032,0.0411,-0.0265,-3.25,-38.94,-4.31,197.15,-77.96,-171.36
52.388798,-1.589942,167.94,4.19,4,317.57,20 / 21,4292710,2019-09-06 20:31:38:453,-1.3021,-1.4211,10.1519,-0.004,-0.0139,9.8066,-0.077,0.1077,0.0174,-3.19,-38.12,-4.87,197.23,-78.39,-171.17
52.388798,-1.589942,167.94,4.19,4,317.57,20 / 21,4292810,2019-09-06 20:31:38:553,-1.5919,-0.4784,11.8368,0.012,-0.0376,9.8065,-0.1386,0.0943,0.0559,-3.25,-38.44,-4.94,197.74,-78.7,-170.62
52.388798,-1.589942,167.94,4.19,4,317.57,20 / 21,4292910,2019-09-06 20:31:38:653,-0.7815,-1.117,12.3689,0.016,-0.0784,9.8062,-0.2285,0.1019,-0.0248,-3.12,-38,-5.44,199.99,-79.6,-167.51
52.388798,-1.589942,167.94,4.19,4,317.57,20 / 21,4293009,2019-09-06 20:31:38:752,-0.9028,-1.3523,9.1288,-0.0131,-0.0645,9.8064,-0.158,0.1401,-0.0712,-3.5,-38.31,-6.94,201.44,-80.86,-165.14
52.388798,-1.589942,167.94,4.19,4,317.57,20 / 21,4293110,2019-09-06 20:31:38:853,-1.0396,-1.4852,8.3985,-0.0144,-0.0099,9.8066,-0.0175,0.1724,-0.0728,-2.5,-38.19,-7.12,197.19,-81.27,-165.39
52.388798,-1.589942,167.94,4.19,4,317.57,20 / 21,4293210,2019-09-06 20:31:38:953,-1.5484,-0.5519,8.2936,-0.0204,0.0293,9.8065,0.071,0.1779,-0.0204,-2.31,-38.37,-6.81,195.67,-81.25,-168.06
52.388798,-1.589942,167.94,4.19,4,317.57,20 / 21,4293309,2019-09-06 20:31:39:052,-1.2045,-0.5174,9.0168,-0.0028,0.0434,9.8065,-0.0275,0.1972,-0.0771,-0.87,-38,-6.75,190.4,-80.96,-169.09
52.388798,-1.589942,167.94,4.19,4,317.57,20 / 21,4293410,2019-09-06 20:31:39:153,-1.3086,-0.4098,9.9055,-0.0066,0.0205,9.8065,-0.0299,0.2169,0.0011,0,-38.37,-5.94,185.06,-80.7,-169.83
52.388798,-1.589942,167.94,4.19,4,317.57,20 / 21,4293509,2019-09-06 20:31:39:252,-0.7416,-0.3949,10.7247,0.0118,0.02,9.8066,0.0063,0.2275,-0.0654,-0.81,-38.12,-5.81,189.79,-80.49,-169.7
52.388798,-1.589942,167.94,4.19,4,317.57,20 / 21,4293609,2019-09-06 20:31:39:352,-0.6347,-0.7839,10.5123,0.0046,-0.0318,9.8065,-0.0198,0.2068,0.0169,-0.5,-37.94,-6.44,185.77,-80.74,-168.43
52.388798,-1.589942,167.94,4.19,4,317.57,20 / 21,4293709,2019-09-06 20:31:39:452,-0.4974,-0.5335,9.3301,0.0068,-0.0053,9.8066,-0.0186,0.1957,-0.0394,-0.31,-38.06,-5.69,186.16,-80.9,-167.75
52.388798,-1.589942,167.94,4.19,4,317.57,20 / 21,4293809,2019-09-06 20:31:39:552,-0.3631,-1.166,9.1658,-0.0024,-0.0206,9.8066,0.0025,0.2004,-0.0978,0.44,-37.5,-6,186.36,-81.09,-167.64
52.388798,-1.589942,167.94,4.19,4,317.57,20 / 21,4293910,2019-09-06 20:31:39:653,-0.4717,-0.5055,9.6644,-0.0098,-0.0226,9.8065,0.0499,0.1617,-0.0209,0.81,-37.25,-5.81,181.03,-81.17,-168.56
52.388798,-1.589942,167.94,4.19,4,317.57,20 / 21,4294009,2019-09-06 20:31:39:752,-0.2737,-0.2402,10.3373,-0.0072,0.0017,9.8066,-0.012,0.1511,-0.066,1.06,-37.69,-5.87,180.72,-81.15,-169.13
52.388798,-1.589942,167.94,4.19,4,317.57,20 / 21,4294110,2019-09-06 20:31:39:853,-0.1869,-0.9321,10.1974,-0.024,0.005,9.8066,0.0226,0.1278,-0.012,1.44,-37.44,-5.69,179.89,-81.11,-170.75
52.388798,-1.589942,167.94,4.19,4,317.57,20 / 21,4294210,2019-09-06 20:31:39:953,-1.1119,0.0057,10.4806,-0.0007,-0.0233,9.8065,0.0229,0.1475,-0.027,1.75,-37.87,-5.75,174.51,-81.25,-172.01
52.388798,-1.589942,167.94,4.19,4,317.57,20 / 21,4294310,2019-09-06 20:31:40:053,-0.0164,-0.3305,9.8739,0.0083,-0.0355,9.8065,-0.055,0.1064,-0.0328,1.81,-37.87,-5.5,173.17,-81.39,-172.16
52.389183,-1.590086,168.93,3.44,3,334.74,20 / 21,4294409,2019-09-06 20:31:40:152,1.0698,0.1008,9.6686,0.0034,0.0005,9.8066,-0.1118,0.065,-0.0157,1.88,-37.69,-5.56,174.2,-81.49,-172.45
52.389183,-1.590086,168.93,3.44,3,334.74,20 / 21,4294509,2019-09-06 20:31:40:252,-0.0228,-0.4505,9.4651,-0.0173,0.0114,9.8066,-0.0039,0.0519,-0.0195,1.75,-37,-4.81,172.6,-81.45,-173.07
52.389183,-1.590086,168.93,3.44,3,334.74,20 / 21,4294609,2019-09-06 20:31:40:352,0.5783,0.2656,9.6782,-0.0023,0.0158,9.8066,-0.0086,-0.0798,0.0151,1.31,-37.5,-3.87,176.86,-81.4,-173.29
52.389183,-1.590086,168.93,3.44,3,334.74,20 / 21,4294709,2019-09-06 20:31:40:452,1.2665,-0.4362,10.4257,-0.0002,0.007,9.8066,-0.0097,-0.099,-0.0137,0.56,-38.12,-3.56,177.1,-81.34,-172.86
52.389183,-1.590086,168.93,3.44,3,334.74,20 / 21,4294809,2019-09-06 20:31:40:552,0.8173,-0.3662,10.0802,-0.0076,-0.0119,9.8066,0.0021,-0.1347,0.0662,0.81,-37.25,-4.12,176.81,-81.36,-173.42
52.389183,-1.590086,168.93,3.44,3,334.74,20 / 21,4294910,2019-09-06 20:31:40:653,0.8676,-0.1106,9.8629,-0.0082,0.0047,9.8065,-0.045,-0.1727,-0.0299,0.56,-38,-4.12,176.62,-81.32,-174.01
52.389183,-1.590086,168.93,3.44,3,334.74,20 / 21,4295010,2019-09-06 20:31:40:753,0.8921,-0.0446,9.6409,-0.0193,-0.0012,9.8066,0.0109,-0.2049,0.041,0.31,-37.62,-4.56,182.26,-81.37,-175.19
52.389183,-1.590086,168.93,3.44,3,334.74,20 / 21,4295110,2019-09-06 20:31:40:853,1.0419,-0.4141,9.4684,-0.0112,0.0056,9.8066,0.0058,-0.2329,0.0167,0.25,-36.94,-3.81,181.39,-81.41,-176.71
52.389183,-1.590086,168.93,3.44,3,334.74,20 / 21,4295209,2019-09-06 20:31:40:952,2.29,-0.7312,10.0343,0.0004,-0.0016,9.8066,-0.0362,-0.2314,-0.0171,-0.12,-37.44,-3.62,181.23,-81.45,-177.08
52.389183,-1.590086,168.93,3.44,3,334.74,20 / 21,4295310,2019-09-06 20:31:41:053,0.2845,-0.9575,9.7562,-0.0099,0.0045,9.8066,-0.0169,-0.317,0.0461,-0.94,-37.62,-4.69,186.45,-81.5,-177.82
52.389183,-1.590086,168.93,3.44,3,334.74,20 / 21,4295410,2019-09-06 20:31:41:153,1.0537,-1.1007,9.738,-0.0053,-0.0084,9.8066,0.0386,-0.3622,0.0384,-0.81,-37.37,-4.87,186.25,-81.54,-178.45
52.389183,-1.590086,168.93,3.44,3,334.74,20 / 21,4295510,2019-09-06 20:31:41:253,1.1761,-0.2345,9.9542,-0.0088,0.0014,9.8066,0.0212,-0.3699,0.0541,-1.37,-37.31,-4,186.5,-81.57,-179.04
52.389183,-1.590086,168.93,3.44,3,334.74,20 / 21,4295609,2019-09-06 20:31:41:352,0.8277,-0.4703,9.5507,0.002,-0.0009,9.8066,-0.0803,-0.4119,0.1202,-1.87,-37.69,-4.25,192.26,-81.59,-179.13
52.389183,-1.590086,168.93,3.44,3,334.74,20 / 21,4295710,2019-09-06 20:31:41:453,1.4624,-1.0913,9.5751,0.015,0.001,9.8066,-0.148,-0.4185,0.0946,-3.56,-37.75,-3.81,204,-81.65,-177.8
52.389183,-1.590086,168.93,3.44,3,334.74,20 / 21,4295810,2019-09-06 20:31:41:553,1.016,-1.453,9.6837,0.0125,0.0095,9.8066,0.083,-0.4166,0.0623,-4.12,-37.12,-3.81,204.85,-81.74,-177.06
52.389183,-1.590086,168.93,3.44,3,334.74,20 / 21,4295909,2019-09-06 20:31:41:652,1.2798,-1.7327,10.027,-0.0061,-0.0158,9.8066,0.0213,-0.4758,0.0736,-5.44,-37.25,-3.94,210.4,-81.85,-176.65
52.389183,-1.590086,168.93,3.44,3,334.74,20 / 21,4296010,2019-09-06 20:31:41:753,0.7021,-1.2209,9.9112,-0.0142,-0.0074,9.8066,0.0045,-0.4616,0.0474,-5.75,-37.44,-5.94,210.39,-82.01,-176.96
52.389183,-1.590086,168.93,3.44,3,334.74,20 / 21,4296110,2019-09-06 20:31:41:853,0.2564,-1.0242,9.7652,-0.0088,-0.0044,9.8066,-0.0061,-0.4987,0.0887,-6.31,-37.12,-5.56,210.12,-82.17,-177.73
52.389183,-1.590086,168.93,3.44,3,334.74,20 / 21,4296210,2019-09-06 20:31:41:953,0.0691,-1.2245,9.6852,0.013,-0.0051,9.8066,0.0538,-0.4729,0.1066,-6.87,-37.37,-5.25,217.01,-82.16,-176.94
52.389183,-1.590086,168.93,3.44,3,334.74,20 / 21,4296310,2019-09-06 20:31:42:053,0.2162,-1.699,10.1558,0.0042,-0.0201,9.8066,0.0719,-0.4576,0.1187,-7.87,-37.19,-5.69,219.48,-82.2,-175.21
52.389183,-1.590086,168.93,3.44,3,334.74,20 / 21,4296409,2019-09-06 20:31:42:152,0.1332,-1.1282,9.8183,0.0009,-0.0116,9.8066,-0.0662,-0.4496,0.0384,-8,-37,-5.31,222.58,-82.18,-174.42
52.389183,-1.590086,168.93,3.44,3,334.74,20 / 21,4296510,2019-09-06 20:31:42:253,-0.117,-1.2442,9.4893,0.0074,0.0063,9.8066,-0.0121,-0.4053,0.0878,-9.25,-37.25,-5.81,223.73,-82.25,-174.18
52.389183,-1.590086,168.93,3.44,3,334.74,20 / 21,4296610,2019-09-06 20:31:42:353,-0.1933,-2.0516,9.8342,0.0071,0.0007,9.8066,-0.0018,-0.4429,0.0075,-10.5,-36.44,-5.37,230.14,-82.22,-173.91
52.389183,-1.590086,168.93,3.44,3,334.74,20 / 21,4296709,2019-09-06 20:31:42:452,-0.8519,-1.2299,9.7813,0.004,0.0108,9.8066,-0.0198,-0.4575,0.0627,-11,-37,-5.81,229.82,-82.09,-173.65
52.389183,-1.590086,168.93,3.44,3,334.74,20 / 21,4296810,2019-09-06 20:31:42:553,-0.8432,-1.7167,10.1952,0.0054,-0.0023,9.8066,0.0454,-0.376,0.0539,-11.06,-36.69,-4.87,232.65,-82.05,-173.38
52.389183,-1.590086,168.93,3.44,3,334.74,20 / 21,4296909,2019-09-06 20:31:42:652,-1.0854,-1.6283,10.1746,-0.0009,0.0111,9.8066,0.018,-0.3855,0.0465,-11.75,-36.81,-5,234.9,-81.98,-173.66
52.389183,-1.590086,168.93,3.44,3,334.74,20 / 21,4297009,2019-09-06 20:31:42:752,-0.6761,-1.0385,9.4193,0.0085,0.01,9.8066,-0.0013,-0.3326,0.0272,-12.12,-36.75,-4.12,237.26,-81.89,-174.11
52.389183,-1.590086,168.93,3.44,3,334.74,20 / 21,4297109,2019-09-06 20:31:42:852,-1.2657,-1.2318,9.7372,0.0038,0.0087,9.8065,0.0011,-0.3562,0.0664,-12.5,-36.81,-4.44,236.91,-81.85,-174.45
52.389183,-1.590086,168.93,3.44,3,334.74,20 / 21,4297210,2019-09-06 20:31:42:953,-2.0112,-1.1467,9.7601,0.0045,0.0108,9.8066,0.0535,-0.3287,0.0223,-13.69,-37.12,-3.69,240.54,-81.73,-175.07
52.389183,-1.590086,168.93,3.44,3,334.74,20 / 21,4297309,2019-09-06 20:31:43:052,-1.0889,-0.7803,9.7973,-0.0049,-0.0045,9.8066,0.0503,-0.3018,0.025,-13.37,-37.44,-3.5,241.35,-81.69,-175.14
52.389183,-1.590086,168.93,3.44,3,334.74,20 / 21,4297409,2019-09-06 20:31:43:152,-1.0984,-0.6475,9.8404,-0.0038,-0.0025,9.8066,0.0253,-0.2594,0.0284,-13.81,-37.12,-3.44,242.98,-81.6,-175.34
52.389183,-1.590086,168.93,3.44,3,334.74,20 / 21,4297510,2019-09-06 20:31:43:253,-0.6964,-0.4084,9.9968,0.0033,0.0077,9.8065,0.014,-0.2513,0.0409,-15,-37.31,-2.94,244.18,-81.51,-175.83
52.389183,-1.590086,168.93,3.44,3,334.74,20 / 21,4297610,2019-09-06 20:31:43:353,-1.6869,-0.6448,9.8544,-0.0036,0.0005,9.8066,-0.0277,-0.2132,0.0156,-14.44,-36.87,-2.94,242.29,-81.57,-176.11
52.389183,-1.590086,168.93,3.44,3,334.74,20 / 21,4297710,2019-09-06 20:31:43:453,-1.453,-0.453,9.6925,0.0008,0.0009,9.8066,-0.0131,-0.2042,0.0187,-14.87,-36.19,-2.75,244.38,-81.64,-176.42
52.389183,-1.590086,168.93,3.44,3,334.74,20 / 21,4297810,2019-09-06 20:31:43:553,-1.4403,-0.1408,9.6309,0.0049,0.0043,9.8066,0.0006,-0.177,0.0207,-14.87,-36.37,-2.5,247.36,-81.62,-176.44
52.389183,-1.590086,168.93,3.44,3,334.74,20 / 21,4297909,2019-09-06 20:31:43:652,-1.5259,-0.3574,9.8313,-0.0056,-0.0023,9.8065,-0.0027,-0.1546,0.0008,-15.94,-36.62,-2.25,248.26,-81.66,-176.64
52.389183,-1.590086,168.93,3.44,3,334.74,20 / 21,4298010,2019-09-06 20:31:43:753,-1.5708,0.0084,9.7401,-0.0128,0.0019,9.8066,-0.0031,-0.1111,0.0146,-15.44,-36.37,-1.75,246.96,-81.69,-177.04
52.389183,-1.590086,168.93,3.44,3,334.74,20 / 21,4298110,2019-09-06 20:31:43:853,-1.2545,0.1223,9.9023,0.002,0.0005,9.8065,-0.0074,-0.0864,0.0123,-15.81,-36.69,-1.56,247.72,-81.7,-177.34
52.389183,-1.590086,168.93,3.44,3,334.74,20 / 21,4298209,2019-09-06 20:31:43:952,-1.5092,0.0237,9.7982,0.0002,0.0002,9.8066,0.0284,-0.0737,0.0062,-16.37,-36.19,-1.94,248.24,-81.74,-177.35
52.389183,-1.590086,168.93,3.44,3,334.74,20 / 21,4298309,2019-09-06 20:31:44:052,-1.2651,0.0139,9.8243,-0.0067,-0.007,9.8066,0.0123,-0.0498,-0.0055,-15.75,-36.44,-1.81,248.36,-81.77,-177.27
52.389183,-1.590086,168.93,3.44,3,334.74,20 / 21,4298409,2019-09-06 20:31:44:152,-0.9121,0.1249,9.7679,-0.0079,-0.0052,9.8066,-0.0153,-0.0422,-0.0065,-16.06,-36.69,-1.31,251.43,-81.87,-176.97
52.389183,-1.590086,168.93,3.44,3,334.74,20 / 21,4298510,2019-09-06 20:31:44:253,-0.9488,0.0294,9.8285,0.0007,-0.002,9.8066,0.0126,-0.007,0.0249,-16.06,-36.62,-1.69,248.74,-81.91,-176.65
52.389183,-1.590086,168.93,3.44,3,334.74,20 / 21,4298609,2019-09-06 20:31:44:352,-0.7655,0.26,9.8183,-0.0019,-0.0051,9.8066,-0.0127,-0.0176,0.0001,-15.56,-37,-2,249.2,-81.98,-176.28
52.389183,-1.590086,168.93,3.44,3,334.74,20 / 21,4298709,2019-09-06 20:31:44:452,-0.5421,-0.0133,9.9306,0.0022,-0.0063,9.8066,-0.0332,0.009,-0.0134,-16.25,-36.5,-1.06,253.37,-82.05,-175.72
52.389183,-1.590086,168.93,3.44,3,334.74,20 / 21,4298811,2019-09-06 20:31:44:554,-0.2711,0.1727,9.907,0.003,-0.004,9.8066,0.0469,-0.0066,0.0193,-16.5,-36.5,-0.37,257.02,-82.06,-175.31
52.389183,-1.590086,168.93,3.44,3,334.74,20 / 21,4298909,2019-09-06 20:31:44:652,-0.3621,0.3569,9.8412,-0.0015,-0.0013,9.8066,0.0258,0.0186,-0.0044,-16.75,-36.31,1.13,261.39,-82.04,-175.06
52.389183,-1.590086,168.93,3.44,3,334.74,20 / 21,4299010,2019-09-06 20:31:44:753,-0.1366,0.1268,9.7448,-0.0055,-0.003,9.8066,-0.0108,0.0111,-0.0234,-17.5,-36.44,1.56,264.8,-82.04,-174.94
52.389183,-1.590086,168.93,3.44,3,334.74,20 / 21,4299110,2019-09-06 20:31:44:853,0.0166,0.3501,9.717,-0.0022,-0.0016,9.8066,0.0232,-0.0003,-0.0019,-17.56,-36.62,2.5,268.28,-82.09,-174.83
52.389183,-1.590086,168.93,3.44,3,334.74,20 / 21,4299210,2019-09-06 20:31:44:953,-0.0417,0.3558,9.8258,-0.0021,-0.002,9.8066,-0.01,0.0098,0.0009,-17.62,-35.87,2.25,265.82,-82.14,-174.67
52.389183,-1.590086,168.93,3.44,3,334.74,20 / 21,4299310,2019-09-06 20:31:45:053,0.0289,0.2943,9.8364,-0.003,-0.0036,9.8066,-0.0252,0.018,-0.015,-17.25,-35.81,1.69,265.75,-82.2,-174.3
52.389183,-1.590086,168.93,3.44,3,334.74,20 / 21,4299409,2019-09-06 20:31:45:152,-0.5008,0.3411,9.7558,-0.0049,-0.0053,9.8066,0.0186,0.0081,0.0204,-17.62,-36.5,2.25,266.98,-82.27,-173.76
52.389183,-1.590086,168.93,3.44,3,334.74,20 / 21,4299510,2019-09-06 20:31:45:253,0.0429,0.1427,9.8999,-0.0052,-0.0018,9.8066,-0.0008,0.0105,-0.0006,-17.25,-35.56,1.69,266.69,-82.32,-173.59
52.389183,-1.590086,168.93,3.44,3,334.74,20 / 21,4299610,2019-09-06 20:31:45:353,-0.3923,0.3509,9.8022,-0.0113,-0.0033,9.8066,0.0098,0.0124,-0.0094,-17.25,-36.44,1,263.63,-82.35,-173.4
52.389183,-1.590086,168.93,3.44,3,334.74,20 / 21,4299709,2019-09-06 20:31:45:452,-0.237,0.0902,9.8857,-0.006,-0.0062,9.8066,0.0275,0.0213,0.022,-17,-35.75,0,260.99,-82.44,-172.99
52.389183,-1.590086,168.93,3.44,3,334.74,20 / 21,4299809,2019-09-06 20:31:45:552,-0.0453,0.361,9.8214,-0.0026,-0.002,9.8066,-0.0051,0.0017,0,-16.94,-35.94,1,264.56,-82.5,-172.78
52.389183,-1.590086,168.93,3.44,3,334.74,20 / 21,4299910,2019-09-06 20:31:45:653,-0.2446,0.2106,9.912,-0.0027,-0.0034,9.8066,-0.0075,0.0037,-0.0043,-17.25,-35.69,0.69,264.84,-82.54,-172.56
52.389183,-1.590086,168.93,3.44,3,334.74,20 / 21,4300009,2019-09-06 20:31:45:752,-0.3664,0.1885,9.767,-0.0024,-0.0025,9.8066,-0.0069,0.0132,0.0036,-16.81,-35.81,0.81,265.31,-82.59,-172.2
52.389183,-1.590086,168.93,3.44,3,334.74,20 / 21,4300110,2019-09-06 20:31:45:853,-0.4151,0.1746,9.7754,-0.0017,-0.0031,9.8066,-0.0134,0.0107,0.0094,-16.62,-35.94,1.44,265.62,-82.63,-171.95
52.389183,-1.590086,168.93,3.44,3,334.74,20 / 21,4300209,2019-09-06 20:31:45:952,-0.4381,0.1611,9.7996,-0.0053,-0.0027,9.8066,0.0094,0.0049,0.0065,-16.56,-36.19,0.69,265.96,-82.67,-171.71
52.389183,-1.590086,168.93,3.44,3,334.74,20 / 21,4300309,2019-09-06 20:31:46:052,-0.4966,0.0053,9.8539,-0.0047,-0.0051,9.8066,0.0171,0.0129,0.0023,-16.87,-35.87,0.69,266.57,-82.76,-171.27
52.389183,-1.590086,168.93,3.44,3,334.74,20 / 21,4300409,2019-09-06 20:31:46:152,-0.6545,0.0863,9.8346,0.0016,-0.0032,9.8066,-0.0074,-0.0004,0.0158,-16.75,-35.94,1,267.1,-82.81,-170.84
52.389183,-1.590086,168.93,3.44,3,334.74,20 / 21,4300510,2019-09-06 20:31:46:253,-0.5864,0.0721,9.8057,-0.0003,-0.0023,9.8066,-0.016,0.0018,0.0042,-16.37,-36.12,0.19,263.3,-82.86,-170.5
52.389183,-1.590086,168.93,3.44,3,334.74,20 / 21,4300609,2019-09-06 20:31:46:352,-0.5932,0.0894,9.8121,-0.0066,-0.0008,9.8066,0.0123,-0.0094,0.0073,-15.5,-35.75,-1.06,258.98,-82.94,-170.38
52.389183,-1.590086,168.93,3.44,3,334.74,20 / 21,4300710,2019-09-06 20:31:46:453,-0.4199,0.0452,9.9264,0.0004,-0.0023,9.8066,0.0154,-0.0006,0.0026,-15.87,-36.31,-1.06,260.63,-82.98,-170.04
52.389183,-1.590086,168.93,3.44,3,334.74,20 / 21,4300809,2019-09-06 20:31:46:552,-0.4767,-0.0607,9.8638,-0.0028,-0.0014,9.8066,-0.0039,-0.0192,0.0018,-15.31,-36.37,-2,256.14,-83,-169.9
52.389183,-1.590086,168.93,3.44,3,334.74,20 / 21,4300910,2019-09-06 20:31:46:653,-0.6227,-0.1052,9.7338,-0.0014,-0.0023,9.8066,-0.0034,-0.0211,0.0083,-15.81,-36.81,-1.25,260.64,-83.04,-169.73
52.389183,-1.590086,168.93,3.44,3,334.74,20 / 21,4301010,2019-09-06 20:31:46:753,-0.8262,0.0499,9.7433,-0.0034,-0.0011,9.8066,-0.0003,-0.038,0.0158,-15.75,-36.44,-1.87,258.09,-83.11,-169.57
52.389183,-1.590086,168.93,3.44,3,334.74,20 / 21,4301110,2019-09-06 20:31:46:853,-0.5828,0.2332,9.8636,-0.0012,-0.0018,9.8066,0.0102,-0.0286,0.0014,-15.25,-37.44,-1.25,259.94,-83.15,-169.39
52.389183,-1.590086,168.93,3.44,3,334.74,20 / 21,4301209,2019-09-06 20:31:46:952,-0.4005,0.1917,9.8948,-0.0023,-0.0044,9.8066,-0.0093,-0.0479,0.0126,-15.31,-36.56,-1.12,260.38,-83.2,-169.07
52.389183,-1.590086,168.93,3.44,3,334.74,20 / 21,4301310,2019-09-06 20:31:47:053,-0.4745,-0.1152,9.9934,-0.0026,-0.0041,9.8066,-0.0223,-0.0513,0.0091,-15.69,-36.69,-1.06,261.97,-83.24,-168.8
52.389183,-1.590086,168.93,3.44,3,334.74,20 / 21,4301409,2019-09-06 20:31:47:152,-0.6852,0.0375,9.9274,0.0002,0.0016,9.8066,0.0093,-0.074,0.0048,-15.87,-36.44,-0.75,262.52,-83.28,-168.75
52.389183,-1.590086,168.93,3.44,3,334.74,20 / 21,4301510,2019-09-06 20:31:47:253,-0.0954,0.2158,9.9511,-0.0044,-0.0034,9.8066,-0.0015,-0.0696,0.0119,-15.37,-36.25,-1,261.09,-83.27,-168.95
52.389183,-1.590086,168.93,3.44,3,334.74,20 / 21,4301610,2019-09-06 20:31:47:353,0.2683,0.175,9.8276,-0.0091,0.0014,9.8066,0.002,-0.0872,-0.0179,-16.12,-36.75,-0.81,261.9,-83.33,-169.08
52.389183,-1.590086,168.93,3.44,3,334.74,20 / 21,4301709,2019-09-06 20:31:47:452,0.329,0.3179,9.7979,-0.0056,0.0007,9.8066,-0.0206,-0.0864,-0.003,-15.62,-36.56,-0.5,265.1,-83.35,-169.36
52.389183,-1.590086,168.93,3.44,3,334.74,20 / 21,4301810,2019-09-06 20:31:47:553,-0.0529,0.4362,9.7927,-0.0022,0.0049,9.8066,0.0016,-0.0926,0.0113,-15.87,-36.44,-0.44,265.04,-83.4,-169.95
52.389183,-1.590086,168.93,3.44,3,334.74,20 / 21,4301910,2019-09-06 20:31:47:653,-0.1469,0.3337,9.8466,-0.009,0.0029,9.8066,0.0046,-0.1168,-0.0053,-15.87,-36.12,-0.44,264.82,-83.48,-170.39
52.389183,-1.590086,168.93,3.44,3,334.74,20 / 21,4302009,2019-09-06 20:31:47:752,-0.148,0.4796,9.8417,0.0007,0.0016,9.8066,-0.0087,-0.1234,0.0214,-16.31,-36.44,-0.5,264.62,-83.53,-170.7
52.389183,-1.590086,168.93,3.44,3,334.74,20 / 21,4302110,2019-09-06 20:31:47:853,-0.0301,0.4529,9.7831,-0.0057,0.0039,9.8066,0.0057,-0.1154,0.0026,-15.94,-36,-0.69,260.91,-83.55,-171.06
52.389183,-1.590086,168.93,3.44,3,334.74,20 / 21,4302209,2019-09-06 20:31:47:952,-0.0167,0.6776,9.9333,-0.0067,0.0037,9.8066,-0.0075,-0.1469,-0.004,-15.81,-36.37,-0.94,260.37,-83.63,-171.81
52.389183,-1.590086,168.93,3.44,3,334.74,20 / 21,4302309,2019-09-06 20:31:48:052,-0.1415,0.6876,9.8689,-0.0054,0.0026,9.8065,-0.0304,-0.1274,-0.0098,-16.19,-36.5,-0.56,260,-83.67,-172.28
52.389183,-1.590086,168.93,3.44,3,334.74,20 / 21,4302410,2019-09-06 20:31:48:153,0.1471,0.9019,9.8072,0.002,-0.0064,9.8066,-0.0314,-0.1078,0.0065,-16.12,-36.31,-0.62,260.07,-83.69,-172.25
52.389183,-1.590086,168.93,3.44,3,334.74,20 / 21,4302509,2019-09-06 20:31:48:252,0.1509,0.7302,9.8071,-0.0055,-0.0056,9.8066,-0.0253,-0.1404,0.0327,-16.25,-36.12,-0.81,260.94,-83.73,-171.44
52.389183,-1.590086,168.93,3.44,3,334.74,20 / 21,4302610,2019-09-06 20:31:48:353,-0.3012,0.1709,9.7934,-0.0053,-0.0094,9.8066,-0.0132,-0.1261,0.0351,-16.12,-36.94,-0.62,262.06,-83.84,-170.12
52.389183,-1.590086,168.93,3.44,3,334.74,20 / 21,4302709,2019-09-06 20:31:48:452,0.0014,0.3569,9.8595,-0.0076,-0.0048,9.8066,-0.01,-0.1382,0.0211,-16.69,-36.81,0,267.02,-83.91,-169.6
52.389183,-1.590086,168.93,3.44,3,334.74,20 / 21,4302810,2019-09-06 20:31:48:553,-0.1507,0.5216,9.7749,-0.0071,-0.0034,9.8066,-0.0165,-0.1447,-0.0019,-16.69,-36.56,-0.25,267.56,-83.96,-169.15
52.389183,-1.590086,168.93,3.44,3,334.74,20 / 21,4302909,2019-09-06 20:31:48:652,0.0096,0.4723,9.9288,-0.008,-0.0009,9.8066,-0.0327,-0.1466,-0.0097,-17.12,-36.56,0.13,268.08,-84.08,-168.89
52.389183,-1.590086,168.93,3.44,3,334.74,20 / 21,4303010,2019-09-06 20:31:48:753,0.1207,0.526,9.9559,-0.0035,0.0025,9.8065,-0.0173,-0.1473,0.0312,-17.44,-37,0.38,267.83,-84.17,-169.35
52.389183,-1.590086,168.93,3.44,3,334.74,20 / 21,4303109,2019-09-06 20:31:48:852,-0.2216,0.4323,9.8821,-0.0075,0.0014,9.8066,0.0064,-0.1443,0.0069,-17.5,-36.5,0.25,268.19,-84.23,-169.47
52.389183,-1.590086,168.93,3.44,3,334.74,20 / 21,4303209,2019-09-06 20:31:48:952,0.4712,0.6006,9.9455,0.0014,0.0025,9.8066,-0.0386,-0.1596,-0.0295,-17.62,-36.56,0.5,271.48,-84.27,-169.81
52.389183,-1.590086,168.93,3.44,3,334.74,20 / 21,4303309,2019-09-06 20:31:49:052,-0.2413,0.6589,9.7921,-0.0079,0.0039,9.8065,-0.0215,-0.1395,0.0344,-17.62,-36.75,0.81,271.3,-84.38,-170.22
52.38927,-1.590079,169.15,0,3,52.13,20 / 21,4303410,2019-09-06 20:31:49:153,0.1203,0.5548,10.0325,-0.0069,-0.0022,9.8066,-0.0105,-0.1711,0.0401,-17.69,-36.19,0.88,271.85,-84.47,-170.19
52.38927,-1.590079,169.15,0,3,52.13,20 / 21,4303510,2019-09-06 20:31:49:253,0.0831,0.4282,9.7233,0.0008,-0.003,9.8066,-0.0207,-0.1755,-0.0076,-17.56,-36.19,1.31,272.89,-84.56,-169.33
52.38927,-1.590079,169.15,0,3,52.13,20 / 21,4303610,2019-09-06 20:31:49:353,0.0597,0.3515,9.9204,0.0004,0.0015,9.8066,-0.0062,-0.1664,0.0031,-17.75,-36.5,1.38,273.31,-84.59,-168.97
52.38927,-1.590079,169.15,0,3,52.13,20 / 21,4303709,2019-09-06 20:31:49:452,0.2058,0.4274,9.8578,-0.0029,0.0028,9.8066,-0.0098,-0.1732,0.0111,-17.37,-35.81,1.56,275.43,-84.66,-169.97
52.38927,-1.590079,169.15,0,3,52.13,20 / 21,4303810,2019-09-06 20:31:49:553,-0.0534,0.4074,9.8272,-0.0067,0.0039,9.8066,-0.032,-0.1917,-0.0317,-17.06,-35.87,1.63,275.03,-84.74,-170.53
52.38927,-1.590079,169.15,0,3,52.13,20 / 21,4303910,2019-09-06 20:31:49:653,0.2624,0.6298,9.8012,-0.0123,0.0113,9.8066,-0.018,-0.1732,0.0195,-17.75,-36.25,1.31,270.95,-84.84,-171.84
52.38927,-1.590079,169.15,0,3,52.13,20 / 21,4304009,2019-09-06 20:31:49:752,-0.0019,0.8645,9.7975,-0.0004,-0.0005,9.8066,-0.0044,-0.1817,0.0059,-17.69,-36.62,1.81,272.78,-84.89,-173.04
52.38927,-1.590079,169.15,0,3,52.13,20 / 21,4304109,2019-09-06 20:31:49:852,0.3436,0.7023,9.7346,-0.0034,-0.0009,9.8066,-0.0013,-0.1824,0.0128,-17.94,-36.31,2.19,273.35,-84.92,-172.81
52.38927,-1.590079,169.15,0,3,52.13,20 / 21,4304210,2019-09-06 20:31:49:953,-0.0837,0.3113,9.7106,0.0022,0.0031,9.8066,-0.008,-0.1993,0.0602,-18.69,-36.25,2.94,276.24,-84.93,-173.22
52.38927,-1.590079,169.15,0,3,52.13,20 / 21,4304310,2019-09-06 20:31:50:053,0.4382,0.3892,9.6805,-0.0107,0.002,9.8065,0.0126,-0.2039,-0.0219,-18.37,-36.56,2.56,276,-84.93,-173.14
52.38927,-1.590079,169.15,0,3,52.13,20 / 21,4304410,2019-09-06 20:31:50:153,-0.0212,0.5203,9.6723,-0.0131,0.0055,9.8065,0.0319,-0.2064,0.0031,-18.69,-36.5,2.75,276.01,-84.97,-173.51
52.38927,-1.590079,169.15,0,3,52.13,20 / 21,4304510,2019-09-06 20:31:50:253,0.0964,0.7484,10.0274,-0.0166,0.0063,9.8066,-0.0104,-0.2105,0.0246,-18.69,-36.69,3.06,275,-85.13,-174.56
52.38927,-1.590079,169.15,0,3,52.13,20 / 21,4304609,2019-09-06 20:31:50:352,-0.0305,0.8494,9.9554,0.0049,0.0037,9.8066,-0.0215,-0.1913,-0.0032,-18.81,-36.56,3.31,274.14,-85.11,-175.38
52.38927,-1.590079,169.15,0,3,52.13,20 / 21,4304710,2019-09-06 20:31:50:453,-0.048,0.6572,9.8043,0.0013,0.0021,9.8066,0.0015,-0.1825,0.0103,-18.81,-36.5,3.75,277.05,-85.14,-175.81
52.38927,-1.590079,169.15,0,3,52.13,20 / 21,4304809,2019-09-06 20:31:50:552,0.4373,0.6511,9.8801,-0.011,0.0021,9.8066,0.009,-0.1885,0.042,-19,-36,4.06,277.06,-85.21,-175.93
52.38927,-1.590079,169.15,0,3,52.13,20 / 21,4304910,2019-09-06 20:31:50:653,-0.1533,0.3686,9.8708,0.0044,-0.0051,9.8066,-0.0073,-0.1882,0.0296,-19,-36.37,4.56,280.72,-85.24,-175.37
52.38927,-1.590079,169.15,0,3,52.13,20 / 21,4305009,2019-09-06 20:31:50:752,0.3153,0.7403,9.9277,0.006,0,9.8066,-0.0114,-0.2128,0.006,-18.94,-36.19,4,278.24,-85.26,-174.88
52.38927,-1.590079,169.15,0,3,52.13,20 / 21,4305109,2019-09-06 20:31:50:852,0.2677,0.3651,9.8371,0.0053,-0.0001,9.8066,-0.0065,-0.1767,0.0339,-19.5,-37.06,5.19,280.86,-85.26,-175.03
52.38927,-1.590079,169.15,0,3,52.13,20 / 21,4305209,2019-09-06 20:31:50:952,0.0677,0.6843,9.5903,-0.0045,-0.0022,9.8066,0.0061,-0.1714,0.0272,-18.87,-36.25,4.81,281.07,-85.29,-175.12
52.38927,-1.590079,169.15,0,3,52.13,20 / 21,4305310,2019-09-06 20:31:51:053,0.7008,0.5904,9.7351,-0.0026,-0.0029,9.8066,-0.0011,-0.1872,0.0191,-19,-36.69,5.44,281.14,-85.3,-174.82
52.38927,-1.590079,169.15,0,3,52.13,20 / 21,4305409,2019-09-06 20:31:51:152,-0.189,0.7585,9.925,-0.0028,-0.001,9.8066,0.0118,-0.1547,0.0322,-18.87,-36.19,5.94,284.84,-85.31,-174.41
52.38927,-1.590079,169.15,0,3,52.13,20 / 21,4305510,2019-09-06 20:31:51:253,-0.0261,0.3439,9.9937,0.0034,-0.006,9.8066,-0.0305,-0.1874,0.0358,-19,-36.19,6.31,285.32,-85.3,-173.93
52.38927,-1.590079,169.15,0,3,52.13,20 / 21,4305610,2019-09-06 20:31:51:353,0.2478,0.6814,9.7929,0.0021,-0.0017,9.8066,0.0284,-0.1579,0.0328,-19.31,-35.37,6.13,286.03,-85.29,-173.45
52.38927,-1.590079,169.15,0,3,52.13,20 / 21,4305710,2019-09-06 20:31:51:453,-0.1714,0.4068,9.7774,-0.0073,0.0006,9.8066,0.0177,-0.1615,0.0247,-19.37,-35.25,7,289.28,-85.33,-173.23
52.38927,-1.590079,169.15,0,3,52.13,20 / 21,4305809,2019-09-06 20:31:51:552,0.3392,0.4737,9.8682,-0.0013,0.001,9.8066,0.0228,-0.1621,-0.0088,-19.44,-35.69,7.81,291.63,-85.3,-173.47
52.38927,-1.590079,169.15,0,3,52.13,20 / 21,4305909,2019-09-06 20:31:51:652,0.6463,0.6696,9.9277,0.0004,0.0063,9.8066,0.0003,-0.1559,0.0023,-19.69,-35.81,7.63,290.5,-85.26,-173.78
52.38927,-1.590079,169.15,0,3,52.13,20 / 21,4306009,2019-09-06 20:31:51:752,0.0902,0.7972,9.7179,-0.0057,0.0034,9.8066,-0.0055,-0.1272,0.0364,-19.69,-35.31,7.88,289.81,-85.28,-174.67
52.38927,-1.590079,169.15,0,3,52.13,20 / 21,4306110,2019-09-06 20:31:51:853,0.4828,0.7343,9.7469,0.0006,-0.0024,9.8066,-0.0009,-0.1242,0.0309,-19.81,-35.06,7.81,289.99,-85.26,-174.48
52.38927,-1.590079,169.15,0,3,52.13,20 / 21,4306209,2019-09-06 20:31:51:952,0.7145,0.6043,9.7125,-0.0039,-0.0056,9.8066,-0.0009,-0.1136,0.0048,-20.06,-35.37,8,290.84,-85.28,-173.69
52.38927,-1.590079,169.15,0,3,52.13,20 / 21,4306309,2019-09-06 20:31:52:052,0.2533,0.3629,9.8464,0.0022,-0.0016,9.8066,-0.0018,-0.1062,0.0341,-20.75,-35.25,9.13,293.11,-85.24,-173.29
52.38927,-1.590079,169.15,0,3,52.13,20 / 21,4306410,2019-09-06 20:31:52:153,0.6246,0.3481,9.909,0.0015,0.0009,9.8066,0.0002,-0.0794,0.0123,-20.37,-35.5,8.81,294.39,-85.24,-172.82
52.38927,-1.590079,169.15,0,3,52.13,20 / 21,4306510,2019-09-06 20:31:52:253,0.4339,0.8061,9.9329,-0.002,0.0033,9.8065,0.0364,-0.0705,0.0144,-20.31,-34.87,8.94,293.95,-85.25,-173.24
52.38927,-1.590079,169.15,0,3,52.13,20 / 21,4306609,2019-09-06 20:31:52:352,0.8446,0.5165,9.8297,-0.0028,-0.0005,9.8066,-0.0303,-0.0788,-0.0049,-20.94,-35.12,8.88,293.07,-85.26,-173.35
52.38927,-1.590079,169.15,0,3,52.13,20 / 21,4306710,2019-09-06 20:31:52:453,0.6882,0.4253,9.7713,0.0045,0,9.8066,-0.0239,-0.048,0.0269,-20.81,-35.56,8.75,292.69,-85.22,-173.47
52.38927,-1.590079,169.15,0,3,52.13,20 / 21,4306809,2019-09-06 20:31:52:552,0.522,0.3135,9.8314,0.0026,-0.0044,9.8066,0.0123,-0.0405,0.0206,-21.31,-35.12,8.5,293.27,-85.22,-173.11
52.38927,-1.590079,169.15,0,3,52.13,20 / 21,4306910,2019-09-06 20:31:52:653,0.6292,0.4101,9.7586,-0.0023,0.0008,9.8066,0.0105,-0.035,0.0071,-21.06,-34.94,9.13,293.62,-85.22,-172.76
52.38927,-1.590079,169.15,0,3,52.13,20 / 21,4307010,2019-09-06 20:31:52:753,0.7519,0.2304,9.7296,-0.0023,-0.0009,9.8066,-0.0154,-0.0581,-0.0053,-21.12,-35.44,10,296.27,-85.21,-172.62
52.38927,-1.590079,169.15,0,3,52.13,20 / 21,4307110,2019-09-06 20:31:52:853,0.6025,0.3924,9.8216,0.0022,0.0027,9.8066,0.027,-0.0209,0.0028,-22.06,-34.87,10.5,297.68,-85.2,-172.73
52.38927,-1.590079,169.15,0,3,52.13,20 / 21,4307210,2019-09-06 20:31:52:953,0.8313,0.3978,9.8826,0.006,-0.0017,9.8066,-0.0181,-0.0294,0.0224,-22.12,-35,11.06,297.17,-85.22,-173.23
52.38927,-1.590079,169.15,0,3,52.13,20 / 21,4307309,2019-09-06 20:31:53:052,0.6904,0.3997,9.7954,0.0092,-0.002,9.8065,-0.0242,-0.0149,-0.0119,-22.06,-34.81,11.19,297.03,-85.18,-173.32
52.38927,-1.590079,169.15,0,3,52.13,20 / 21,4307410,2019-09-06 20:31:53:153,0.4477,0.2962,9.7931,0.0069,-0.0007,9.8066,-0.0042,-0.0053,0.0009,-21.94,-35.25,10.88,296.85,-85.18,-173.49
52.38927,-1.590079,169.15,0,3,52.13,20 / 21,4307510,2019-09-06 20:31:53:253,0.7348,0.2178,9.7875,-0.0009,0.0007,9.8066,-0.0112,-0.0073,0.0098,-22.19,-34.94,11.88,298.79,-85.19,-173.83
52.38927,-1.590079,169.15,0,3,52.13,20 / 21,4307609,2019-09-06 20:31:53:352,0.485,0.1912,9.7901,0.0007,0.0016,9.8066,0.0041,-0.001,-0.0007,-22.31,-34.5,11.94,298.72,-85.2,-174.08
52.38927,-1.590079,169.15,0,3,52.13,20 / 21,4307710,2019-09-06 20:31:53:453,0.8281,0.079,9.7686,0.0008,0.0012,9.8066,-0.0204,-0.0077,-0.0097,-22.44,-35,12.19,298.19,-85.2,-174.4
52.38927,-1.590079,169.15,0,3,52.13,20 / 21,4307809,2019-09-06 20:31:53:552,0.8215,-0.0764,9.8444,-0.0006,0.0043,9.8066,0.0115,0.0073,0.0119,-22.37,-34.37,12.13,297.91,-85.21,-174.85
52.38927,-1.590079,169.15,0,3,52.13,20 / 21,4307910,2019-09-06 20:31:53:653,0.5815,0.0714,9.8016,0.0033,0.001,9.8066,0.0008,-0.0051,0.0034,-21.87,-34.62,11.94,297.23,-85.22,-175.34
52.38927,-1.590079,169.15,0,3,52.13,20 / 21,4308009,2019-09-06 20:31:53:752,0.7604,0.0372,9.749,0.0041,0.0013,9.8066,0.0105,-0.0182,-0.0069,-22,-34.37,11.25,294.51,-85.19,-175.9
52.38927,-1.590079,169.15,0,3,52.13,20 / 21,4308110,2019-09-06 20:31:53:853,0.7323,0.0549,9.82,-0.0004,0.0049,9.8066,-0.0055,-0.0148,-0.0114,-21.75,-34.81,11.25,293.73,-85.2,-176.49
52.38927,-1.590079,169.15,0,3,52.13,20 / 21,4308209,2019-09-06 20:31:53:952,0.7342,-0.0839,9.8445,-0.0031,0.0064,9.8066,-0.0173,-0.0235,0.0031,-22.06,-34.62,11.19,292.97,-85.21,-177.23
52.38927,-1.590079,169.15,0,3,52.13,20 / 21,4308310,2019-09-06 20:31:54:053,0.6133,-0.0367,9.7623,0.0006,0.0024,9.8066,0.0122,-0.0167,0.0064,-21.25,-34.87,10.75,293.26,-85.21,-177.78
52.38927,-1.590079,169.15,0,3,52.13,19 / 21,4308410,2019-09-06 20:31:54:153,0.5493,0.0088,9.8968,-0.0013,0.0043,9.8066,-0.002,-0.0345,0.0107,-21.25,-35.44,10.25,290.31,-85.19,-178.27
52.38927,-1.590079,169.15,0,3,52.13,19 / 21,4308509,2019-09-06 20:31:54:252,0.4313,0.0424,9.7266,-0.0015,0.0004,9.8066,-0.0022,-0.0324,0.0006,-21.75,-34.56,10.75,291.44,-85.18,-178.65
52.38927,-1.590079,169.15,0,3,52.13,19 / 21,4308609,2019-09-06 20:31:54:352,0.6193,-0.1029,9.7985,0.0052,0.0017,9.8066,0.0241,-0.0511,0.004,-21.69,-34.12,11.19,291.3,-85.15,-178.92
52.38927,-1.590079,169.15,0,3,52.13,19 / 21,4308709,2019-09-06 20:31:54:452,0.4891,-0.2812,9.7698,-0.0065,0.0018,9.8066,0.0218,-0.0581,0.0159,-21.87,-34.69,12.25,293.33,-85.17,-178.99
52.38927,-1.590079,169.15,0,3,52.13,19 / 21,4308810,2019-09-06 20:31:54:553,0.3318,-0.3836,9.8748,-0.0057,0.0005,9.8066,-0.0136,-0.0841,0.0133,-22.06,-34.62,12.5,295.69,-85.14,-178.79
52.38927,-1.590079,169.15,0,3,52.13,19 / 21,4308910,2019-09-06 20:31:54:653,0.4003,-0.4972,9.8331,0.0037,-0.0013,9.8066,-0.0045,-0.0887,0.0218,-21.5,-34.94,12.44,294.41,-85.12,-178.8
52.38927,-1.590079,169.15,0,3,52.13,19 / 21,4309010,2019-09-06 20:31:54:753,0.3554,-0.384,9.9529,0.0019,-0.0009,9.8066,-0.023,-0.1275,0.0005,-21.31,-35.06,11.38,291.85,-85.11,-178.99
52.38927,-1.590079,169.15,0,3,52.13,19 / 21,4309110,2019-09-06 20:31:54:853,0.1657,-0.1763,9.8644,-0.0019,0.002,9.8065,0,-0.1425,0.0132,-20.81,-34.87,11.88,294.12,-85.12,-179.07
52.38927,-1.590079,169.15,0,3,52.13,19 / 21,4309209,2019-09-06 20:31:54:952,0.3379,-0.0676,9.8456,-0.0007,-0.0009,9.8066,0.0128,-0.1437,0.0315,-21,-34.75,11.69,294.33,-85.1,-178.84
52.38927,-1.590079,169.15,0,3,52.13,19 / 21,4309310,2019-09-06 20:31:55:053,0.0841,-0.1714,9.9717,0.0025,-0.0043,9.8066,0.0233,-0.1727,0.021,-21,-34.37,11.94,294.85,-85.07,-178.5
52.38927,-1.590079,169.15,0,3,52.13,20 / 21,4309409,2019-09-06 20:31:55:152,0.1496,-0.3856,9.8862,0.0067,-0.0064,9.8066,0.0218,-0.1861,0.0165,-21.44,-34.75,12.69,297.4,-85.01,-177.97
52.38927,-1.590079,169.15,0,3,52.13,20 / 21,4309510,2019-09-06 20:31:55:253,0.4359,-0.6891,9.9612,0.0064,-0.0045,9.8066,0.016,-0.1997,0.0419,-21.25,-35,12.81,297.41,-84.93,-177.86
52.38927,-1.590079,169.15,0,3,52.13,20 / 21,4309610,2019-09-06 20:31:55:353,0.6226,-0.5673,10.0271,0.0073,-0.0007,9.8066,0.0368,-0.2345,0.0383,-21,-35.12,13,297.32,-84.83,-177.81
52.38927,-1.590079,169.15,0,3,52.13,20 / 21,4309710,2019-09-06 20:31:55:453,0.4708,-0.3115,9.8182,-0.0013,0.0006,9.8066,0.0188,-0.2349,-0.009,-20.69,-35,12.38,294.69,-84.77,-178.06
52.38927,-1.590079,169.15,0,3,52.13,20 / 21,4309809,2019-09-06 20:31:55:552,0.5715,-0.8383,9.7549,-0.0009,0.0012,9.8066,0.0001,-0.2549,0.0283,-21.25,-34.75,13.06,296.66,-84.73,-178.3
52.38927,-1.590079,169.15,0,3,52.13,20 / 21,4309910,2019-09-06 20:31:55:653,0.3456,-1.2112,10.0709,0.0104,-0.0024,9.8065,0.018,-0.3061,0.0465,-20.5,-34.56,13.56,299.82,-84.62,-178.35
52.38927,-1.590079,169.15,0,3,52.13,20 / 21,4310009,2019-09-06 20:31:55:752,0.0945,-0.5422,9.9119,0.0103,0.0027,9.8066,0.0505,-0.3162,0.0437,-20.94,-34.06,13.63,298.13,-84.57,-178.98
52.38927,-1.590079,169.15,0,3,52.13,20 / 21,4310110,2019-09-06 20:31:55:853,0.0718,-0.4058,9.773,-0.0057,0.0063,9.8065,0.0513,-0.3319,0.0085,-20.5,-34.5,14.69,300.76,-84.48,-179.52
52.38927,-1.590079,169.15,0,3,52.13,20 / 21,4310210,2019-09-06 20:31:55:953,0.1155,-1.0799,9.808,-0.0045,0.0058,9.8066,0.016,-0.3294,0.0485,-20.25,-34.81,15.75,302.21,-84.43,-179.86
52.38927,-1.590079,169.15,0,3,52.13,20 / 21,4310309,2019-09-06 20:31:56:052,-0.0743,-0.5936,9.9288,0.0067,-0.0059,9.8066,-0.0163,-0.3705,0.0553,-20.37,-34.06,16.69,304.17,-84.27,-179.89
52.38927,-1.590079,169.15,0,3,52.13,20 / 21,4310410,2019-09-06 20:31:56:153,-0.2831,-0.7209,10.2537,0.0109,-0.0097,9.8066,0.0409,-0.3742,0.0315,-19.94,-33.69,16.75,304.42,-84.19,-179.58
52.38927,-1.590079,169.15,0,3,52.13,20 / 21,4310510,2019-09-06 20:31:56:253,-0.2812,-0.8136,9.9819,0.0101,-0.0066,9.8066,0.0512,-0.3831,0.0384,-20,-34.56,17.31,304.1,-84.03,-179.49
52.38927,-1.590079,169.15,0,3,52.13,20 / 21,4310609,2019-09-06 20:31:56:352,-0.1203,-1.4582,9.627,0.0072,-0.0003,9.8066,0.0023,-0.4007,0.0612,-19.37,-34.62,17.63,306.98,-83.89,-179.77
52.38927,-1.590079,169.15,0,3,52.13,20 / 21,4310710,2019-09-06 20:31:56:453,-0.5034,-0.5892,9.5072,0.0124,-0.0096,9.8066,-0.0056,-0.4301,0.0181,-18.87,-34.31,18.06,306.83,-83.73,-179.91
52.38927,-1.590079,169.15,0,3,52.13,20 / 21,4310809,2019-09-06 20:31:56:552,-0.0872,-1.3517,10.0827,0.0166,-0.0119,9.8065,0.0795,-0.4804,0.0688,-18.62,-33.56,19,308.36,-83.44,-179.92
52.38927,-1.590079,169.15,0,3,52.13,20 / 21,4310909,2019-09-06 20:31:56:652,0.4751,-1.7713,10.0172,0.0149,-0.0113,9.8066,0.0405,-0.4595,0.0441,-18.31,-33,19.63,311.47,-83.17,179.96
52.38927,-1.590079,169.15,0,3,52.13,20 / 21,4311010,2019-09-06 20:31:56:753,-0.4091,-1.4283,9.8939,0.0137,-0.0126,9.8065,-0.0131,-0.4914,0.0805,-17.5,-32.94,20.69,314.59,-83.03,179.87
52.38927,-1.590079,169.15,0,3,52.13,20 / 21,4311110,2019-09-06 20:31:56:853,-0.4168,-1.3369,9.7093,-0.0018,0.0066,9.8066,0.0587,-0.5122,0.0574,-18.12,-32.81,22,314.23,-82.97,179.6
52.38927,-1.590079,169.15,0,3,52.13,20 / 21,4311210,2019-09-06 20:31:56:953,-0.4067,-0.9863,9.9739,0.0043,-0.0065,9.8066,0.036,-0.4964,0.0775,-17.31,-33.31,22.88,317.38,-82.79,179.72
52.38927,-1.590079,169.15,0,3,52.13,20 / 21,4311309,2019-09-06 20:31:57:052,-0.862,-0.6146,10.0735,0.0055,0.0015,9.8066,0.0515,-0.4557,0.0394,-17.19,-33.62,22.94,316.53,-82.71,179.21
52.38927,-1.590079,169.15,0,3,52.13,20 / 21,4311410,2019-09-06 20:31:57:153,-0.8383,-0.6035,9.7836,0.0035,0.0116,9.8066,-0.0005,-0.4345,0.032,-16.12,-33.56,24.56,319.8,-82.7,178.06
52.38927,-1.590079,169.15,0,3,52.13,20 / 21,4311510,2019-09-06 20:31:57:253,-0.4243,-1.0123,9.7614,0.0158,-0.0036,9.8066,0.0516,-0.4467,0.0236,-15.5,-33.31,24.13,318.98,-82.55,176.94
52.38927,-1.590079,169.15,0,3,52.13,20 / 21,4311610,2019-09-06 20:31:57:353,-0.9502,-0.5081,9.8235,0.016,-0.0093,9.8066,-0.0108,-0.446,0.0318,-14.87,-32.37,24.88,319.75,-82.4,176.36
52.38927,-1.590079,169.15,0,3,52.13,20 / 21,4311709,2019-09-06 20:31:57:452,-0.9827,-0.3441,9.6164,0.0088,0.0154,9.8066,-0.002,-0.4042,0.02,-14.69,-32.87,26.31,318.7,-82.36,174.49
52.38927,-1.590079,169.15,0,3,52.13,20 / 21,4311810,2019-09-06 20:31:57:553,0.1081,-1.0362,9.5628,0.0136,0.0139,9.8065,-0.037,-0.3991,0.0056,-14.25,-32.87,26.56,319.73,-82.32,172.79
52.38927,-1.590079,169.15,0,3,52.13,20 / 21,4311910,2019-09-06 20:31:57:653,-0.6229,-0.2119,9.7934,0.0157,0.0125,9.8066,0.018,-0.3644,-0.0081,-13.31,-33,26.88,320.26,-82.34,171.63
52.38927,-1.590079,169.15,0,3,52.13,20 / 21,4312009,2019-09-06 20:31:57:752,-0.3982,-0.1927,9.9043,0.0169,0.0056,9.8066,-0.0565,-0.3605,0.0495,-11.94,-32.87,27.19,319.21,-82.35,169.02
52.38927,-1.590079,169.15,0,3,52.13,20 / 21,4312110,2019-09-06 20:31:57:853,0.273,-0.4408,9.5645,-0.0113,0.0011,9.8065,-0.0506,-0.3324,0.0635,-11.19,-33.87,26.81,320.63,-82.36,168.71
52.38927,-1.590079,169.15,0,3,52.13,20 / 21,4312209,2019-09-06 20:31:57:952,-1.0167,0.3366,9.5128,0.0075,-0.0139,9.8066,0.0633,-0.3218,0.0965,-10.81,-32.87,27.06,321.55,-82.33,169.37
52.38927,-1.590079,169.15,0,3,52.13,20 / 21,4312309,2019-09-06 20:31:58:052,-1.0126,-0.9934,9.6408,-0.027,0.0112,9.8066,-0.0248,-0.3046,0.0411,-10.75,-33.94,27.44,322.86,-82.54,170.52
52.38927,-1.590079,169.15,0,3,52.13,20 / 21,4312409,2019-09-06 20:31:58:152,-1.1081,-0.482,10.1504,-0.0138,0.0134,9.8065,0.011,-0.3002,0.0609,-10.75,-33.81,28.19,324.7,-82.67,171.16
52.38927,-1.590079,169.15,0,3,52.13,20 / 21,4312510,2019-09-06 20:31:58:253,-0.6915,-0.5003,10.3039,-0.0019,-0.0038,9.8066,-0.0294,-0.2896,0.0406,-10.12,-33.37,28.63,327.89,-82.78,171.25
52.38927,-1.590079,169.15,0,3,52.13,20 / 21,4312609,2019-09-06 20:31:58:352,-0.6972,-0.4559,9.4753,0.0101,-0.0079,9.8066,-0.0116,-0.3023,0.032,-8.69,-33.75,28.44,328.73,-82.78,171.08
52.38927,-1.590079,169.15,0,3,52.13,20 / 21,4312709,2019-09-06 20:31:58:452,-0.9155,-0.5775,9.7472,0.0115,0.0059,9.8066,0.0413,-0.2767,0.0419,-8.25,-33.75,29.31,330.31,-82.84,169.94
52.38927,-1.590079,169.15,0,3,52.13,20 / 21,4312810,2019-09-06 20:31:58:553,-0.9246,-0.3116,9.6396,0.0059,-0.0005,9.8066,0.0273,-0.268,-0.0069,-8.37,-33.37,28.69,329.64,-82.76,169.27
52.38927,-1.590079,169.15,0,3,52.13,20 / 21,4312909,2019-09-06 20:31:58:652,-0.2307,-0.3513,9.7347,0.003,0.0057,9.8066,0.0234,-0.2895,0.0147,-7.44,-33.06,28.94,331.32,-82.69,168.97
52.38927,-1.590079,169.15,0,3,52.13,20 / 21,4313009,2019-09-06 20:31:58:752,-0.5234,-0.8297,9.8646,-0.0042,0.0044,9.8066,-0.0587,-0.2144,0.0166,-7.37,-33.37,28.94,330.79,-82.66,168.53
52.38927,-1.590079,169.15,0,3,52.13,20 / 21,4313109,2019-09-06 20:31:58:852,-0.3996,-0.5961,9.528,0.0093,0.0006,9.8066,-0.0097,-0.2172,0.047,-6.69,-33,29.75,330.72,-82.62,167.92
52.38927,-1.590079,169.15,0,3,52.13,20 / 21,4313209,2019-09-06 20:31:58:952,-0.308,-0.9101,9.9413,0.0034,0.0027,9.8066,0.0123,-0.2645,0.002,-6.69,-33.37,29.31,329.45,-82.66,167.36
52.38927,-1.590079,169.15,0,3,52.13,20 / 21,4313310,2019-09-06 20:31:59:053,0.3078,-1.2781,8.189,0.0137,0.0386,9.8065,-0.0008,-0.2133,-0.0993,-6,-33,28.94,330.89,-82.76,166.7
52.389202,-1.589997,170.32,3.36,3,167.65,20 / 21,4313409,2019-09-06 20:31:59:152,1.476,-1.0475,7.8975,0.0003,0.0621,9.8064,-0.2538,-0.166,0.0894,-5.62,-33.5,28.63,326.41,-83.19,162.49
52.389202,-1.589997,170.32,3.36,3,167.65,20 / 21,4313509,2019-09-06 20:31:59:252,0.6923,-0.8831,9.9232,-0.0272,0.0266,9.8065,-0.2675,-0.1496,0.1102,-5.69,-33.25,28.25,323.71,-83.98,160.07
52.389202,-1.589997,170.32,3.36,3,167.65,20 / 21,4313609,2019-09-06 20:31:59:352,-1.9291,0.327,12.886,-0.0496,0.0232,9.8064,-0.019,-0.1053,0.1117,-5.94,-33.81,27.63,326.66,-85.03,162.1
52.389202,-1.589997,170.32,3.36,3,167.65,20 / 21,4313710,2019-09-06 20:31:59:453,-0.9187,0.4437,12.2752,-0.0314,0.0002,9.8066,0.003,-0.1045,0.0727,-5.5,-33.94,27.69,335.28,-85.44,167.75
52.389202,-1.589997,170.32,3.36,3,167.65,20 / 21,4313810,2019-09-06 20:31:59:553,-0.8698,-0.2166,9.961,0.0049,-0.0133,9.8065,0.1051,-0.1115,-0.0209,-5.44,-33.81,27.25,336.53,-85.31,169.4
52.389202,-1.589997,170.32,3.36,3,167.65,20 / 21,4313909,2019-09-06 20:31:59:652,0.5883,0.2543,8.0257,0.0216,0.0085,9.8066,0.043,-0.0283,-0.1109,-5.06,-33.12,27.94,333.67,-84.98,166.47
52.389202,-1.589997,170.32,3.36,3,167.65,20 / 21,4314010,2019-09-06 20:31:59:753,1.0282,0.4991,7.7169,0.0433,-0.0464,9.8064,0.2133,-0.0437,-0.0334,-4.25,-32.44,28.13,332.5,-84.37,163.68
52.389202,-1.589997,170.32,3.36,3,167.65,20 / 21,4314109,2019-09-06 20:31:59:852,1.1928,-0.0926,8.8652,0.0358,-0.0892,9.8061,0.191,0.0622,0.0428,-4.25,-32.25,29.19,332.19,-83.42,163.55
52.389202,-1.589997,170.32,3.36,3,167.65,20 / 21,4314210,2019-09-06 20:31:59:953,0.9313,-1.9927,10.8571,-0.0016,-0.0762,9.8063,0.0442,0.016,0.0767,-4.5,-32.87,29.19,334.45,-82.07,166.37
52.389202,-1.589997,170.32,3.36,3,167.65,20 / 21,4314310,2019-09-06 20:32:00:053,-0.2868,-0.3001,11.4208,-0.0405,0.0338,9.8065,-0.0824,0.0119,0.0432,-5.06,-31.69,29.81,337.8,-82.13,170.57
52.389202,-1.589997,170.32,3.36,3,167.65,19 / 21,4314409,2019-09-06 20:32:00:152,-1.1613,0.0028,10.9136,-0.0318,0.0642,9.8064,-0.11,-0.0049,0.0091,-4.56,-32.19,29.38,338.74,-82.73,171.54
52.389202,-1.589997,170.32,3.36,3,167.65,19 / 21,4314510,2019-09-06 20:32:00:253,-0.0577,0.1585,9.4437,0.0103,-0.0068,9.8066,-0.0398,0.0002,-0.0564,-4.81,-32.62,29.19,338.07,-83.15,170.86
52.389202,-1.589997,170.32,3.36,3,167.65,19 / 21,4314609,2019-09-06 20:32:00:352,0.3469,-0.2436,8.9981,0.0242,-0.0161,9.8065,0.0281,-0.0003,-0.0424,-4.94,-32,28.44,335.75,-83.07,169.23
52.389202,-1.589997,170.32,3.36,3,167.65,19 / 21,4314710,2019-09-06 20:32:00:453,0.5846,-0.537,9.097,0.009,-0.0168,9.8065,0.0306,0.0169,-0.0067,-4.75,-32.12,28.13,333.99,-82.84,167.82
52.389202,-1.589997,170.32,3.36,3,167.65,19 / 21,4314809,2019-09-06 20:32:00:552,-0.0121,-0.2578,9.9912,0.0008,-0.0174,9.8065,0.0363,-0.0012,0.0138,-5.44,-31.5,28.44,334.39,-82.56,168.2
52.389202,-1.589997,170.32,3.36,3,167.65,19 / 21,4314909,2019-09-06 20:32:00:652,-0.036,-0.5136,10.4334,-0.0167,0.0211,9.8065,0.0529,0.0146,0.0117,-5.81,-31.62,28.88,333.76,-82.73,169.11
52.389202,-1.589997,170.32,3.36,3,167.65,19 / 21,4315009,2019-09-06 20:32:00:752,-0.4675,-0.3315,10.4093,-0.0109,0.025,9.8065,-0.0191,0.0061,0.0009,-6.25,-32.12,28.44,333.55,-82.82,169.4
52.389202,-1.589997,170.32,3.36,3,167.65,19 / 21,4315110,2019-09-06 20:32:00:853,0.2411,-0.952,9.8543,0.0032,-0.0121,9.8065,0.0615,-0.0176,0.0168,-6.12,-31.69,28.75,334.11,-82.76,169.4
52.389202,-1.589997,170.32,3.36,3,167.65,19 / 21,4315209,2019-09-06 20:32:00:952,0.3187,-0.5586,9.273,-0.0014,-0.0084,9.8066,-0.093,-0.0094,-0.0026,-5.94,-32.12,29.75,335.16,-82.73,169.84
52.389202,-1.589997,170.32,3.36,3,167.65,19 / 21,4315310,2019-09-06 20:32:01:053,-0.2099,-0.1301,9.4124,-0.0011,-0.0028,9.8066,-0.0888,-0.0074,-0.0069,-6.06,-32.5,29.38,335.01,-82.75,170.18
52.389202,-1.589997,170.32,3.36,3,167.65,19 / 21,4315409,2019-09-06 20:32:01:152,0.5549,-1.0061,10.052,-0.0018,0.0045,9.8066,0.0419,-0.0004,0.0178,-5.94,-32.12,29.56,335.59,-82.77,170.2
52.389202,-1.589997,170.32,3.36,3,167.65,19 / 21,4315510,2019-09-06 20:32:01:253,0.5268,-0.8184,10.3083,0.0008,-0.0099,9.8066,0.0468,0.0099,-0.011,-5.44,-32.25,29.44,337.37,-82.75,170.34
52.389202,-1.589997,170.32,3.36,3,167.65,19 / 21,4315610,2019-09-06 20:32:01:353,0.126,-0.2285,10.1895,-0.0082,0.0013,9.8066,-0.0771,0.0061,0.0304,-5.5,-32.69,29.56,338.29,-82.82,170.79
52.389202,-1.589997,170.32,3.36,3,167.65,19 / 21,4315710,2019-09-06 20:32:01:453,-0.2771,0.2953,9.3864,0.004,-0.0113,9.8066,-0.0662,0.0061,0.0258,-5.69,-33.62,29.5,336.55,-82.8,171.21
52.389202,-1.589997,170.32,3.36,3,167.65,19 / 21,4315810,2019-09-06 20:32:01:553,0.0667,-0.2504,9.5848,-0.0004,-0.0215,9.8065,0.0493,-0.02,-0.0108,-5.5,-32.87,29.69,339.4,-82.74,171.78
52.389202,-1.589997,170.32,3.36,3,167.65,19 / 21,4315910,2019-09-06 20:32:01:653,0.1036,-0.0708,9.3598,-0.0028,0.0055,9.8066,-0.0118,-0.0051,0.0035,-4.87,-32.94,29.88,339.94,-82.71,172.26
52.389202,-1.589997,170.32,3.36,3,167.65,19 / 21,4316010,2019-09-06 20:32:01:753,-0.2687,0.1538,10.2271,-0.0035,0.0135,9.8065,0.072,0.0087,-0.007,-5.44,-33.37,29.19,340.07,-82.69,172.79
52.389202,-1.589997,170.32,3.36,3,167.65,19 / 21,4316109,2019-09-06 20:32:01:852,-0.0507,0.2761,10.1762,-0.004,0.0079,9.8066,0.0363,0.0052,-0.0082,-5.25,-32.62,29.56,340.54,-82.76,172.76
52.389202,-1.589997,170.32,3.36,3,167.65,19 / 21,4316210,2019-09-06 20:32:01:953,0.1638,-0.396,9.9418,-0.0073,0.0167,9.8066,-0.0282,-0.0166,0.0234,-5.12,-33.19,29.56,340.73,-82.78,172.91
52.389202,-1.589997,170.32,3.36,3,167.65,19 / 21,4316310,2019-09-06 20:32:02:053,0.0016,0.9831,9.784,0.007,-0.0347,9.8066,-0.0966,0.019,-0.0259,-5.62,-33.19,28.81,338.57,-82.57,173.45
52.389202,-1.589997,170.32,3.36,3,167.65,19 / 21,4316410,2019-09-06 20:32:02:153,-0.0843,0.4596,9.5504,0.0048,-0.0205,9.8065,0.0609,-0.0068,0.02,-6.06,-32.87,29.5,339.19,-82.57,173.5
52.389202,-1.589997,170.32,3.36,3,167.65,19 / 21,4316509,2019-09-06 20:32:02:252,-0.0468,0.0445,9.8502,-0.0074,0.0008,9.8065,0.0804,0.0015,-0.002,-5.5,-33.06,29.56,342.22,-82.55,174.29
52.389202,-1.589997,170.32,3.36,3,167.65,19 / 21,4316610,2019-09-06 20:32:02:353,-0.4271,-0.2121,9.9951,-0.0052,0.006,9.8066,-0.1134,0.0132,-0.0266,-5.37,-33.19,29.38,342.49,-82.6,174.9
52.389202,-1.589997,170.32,3.36,3,167.65,19 / 21,4316709,2019-09-06 20:32:02:452,0.059,0.1978,9.6914,0.0081,-0.0105,9.8065,-0.0619,0.0055,0.0186,-5.75,-33.25,28.94,339.7,-82.61,174.4
52.389202,-1.589997,170.32,3.36,3,167.65,19 / 21,4316810,2019-09-06 20:32:02:553,-0.1882,0.1988,10.0695,-0.0046,0.0102,9.8066,-0.0282,-0.0039,0.0016,-4.94,-32.81,29.44,342.32,-82.7,174.72
52.389202,-1.589997,170.32,3.36,3,167.65,19 / 21,4316910,2019-09-06 20:32:02:653,-0.0175,-0.3618,9.7099,-0.0079,-0.0054,9.8066,0.0239,-0.0312,-0.0177,-5.75,-33.56,29.13,340.73,-82.84,175.27
52.389202,-1.589997,170.32,3.36,3,167.65,19 / 21,4317012,2019-09-06 20:32:02:755,0.6914,-0.2402,9.5489,-0.0043,0.0102,9.8066,-0.0722,-0.0325,0.0613,-5.25,-33.5,28.94,343.36,-82.91,175.53
52.389202,-1.589997,170.32,3.36,3,167.65,19 / 21,4317110,2019-09-06 20:32:02:853,0.0991,-0.1189,10.1388,-0.0039,-0.0143,9.8065,-0.029,-0.0208,0.005,-5.75,-33.37,29.19,341.73,-82.97,176
52.389202,-1.589997,170.32,3.36,3,167.65,19 / 21,4317209,2019-09-06 20:32:02:952,-0.2327,0.4015,9.7971,0.0059,-0.0102,9.8066,-0.0274,-0.0152,-0.0088,-5.56,-33.94,28.75,342.11,-82.97,176.4
52.389202,-1.589997,170.32,3.36,3,167.65,19 / 21,4317309,2019-09-06 20:32:03:052,-0.1559,0.2806,9.9489,-0.0017,0.0128,9.8066,-0.0091,-0.0124,0.015,-6.06,-33.56,28.94,342.06,-83.07,176.32
52.389202,-1.589997,170.32,3.36,3,167.65,20 / 21,4317409,2019-09-06 20:32:03:152,-0.0713,1.0349,10.1121,0.0082,-0.0124,9.8066,0.1049,-0.0041,0.0017,-5.25,-32.94,29.38,344.15,-82.96,176.2
52.389202,-1.589997,170.32,3.36,3,167.65,20 / 21,4317510,2019-09-06 20:32:03:253,0.7566,0.4905,9.9937,0.0027,-0.0083,9.8066,0.0818,0.0415,-0.0146,-5.06,-33.31,29.5,344.85,-82.63,176.52
52.389202,-1.589997,170.32,3.36,3,167.65,20 / 21,4317610,2019-09-06 20:32:03:353,-0.8781,-0.2967,10.0544,-0.0058,-0.0156,9.8066,-0.0135,0.0111,-0.0136,-5.31,-32.94,29.13,344.83,-82.31,177
52.389202,-1.589997,170.32,3.36,3,167.65,20 / 21,4317710,2019-09-06 20:32:03:453,1.077,0.1644,8.9648,0.0098,-0.0167,9.8066,0.0141,-0.027,-0.0069,-4.87,-32.62,28.81,344.75,-82.02,177.02
52.389202,-1.589997,170.32,3.36,3,167.65,20 / 21,4317810,2019-09-06 20:32:03:553,0.403,0.1247,9.8031,-0.0061,-0.001,9.8066,-0.0118,-0.0172,0.0304,-5.56,-33.19,29.44,343.05,-81.82,177.55
52.389202,-1.589997,170.32,3.36,3,167.65,20 / 21,4317909,2019-09-06 20:32:03:652,0.61,0.4889,9.4719,-0.0089,0.0233,9.8066,-0.0772,0.0477,-0.0248,-6,-32.94,29.25,343.66,-82.12,177.96
52.389202,-1.589997,170.32,3.36,3,167.65,20 / 21,4318009,2019-09-06 20:32:03:752,0.2222,0.5534,10.3765,-0.0005,0.026,9.8066,-0.0721,0.0654,0.0079,-5.75,-33.12,29.19,344.17,-82.34,178.32
52.389202,-1.589997,170.32,3.36,3,167.65,20 / 21,4318109,2019-09-06 20:32:03:852,0.4652,0.0931,10.0485,-0.0044,0.0095,9.8066,0.0554,0.0428,-0.004,-5.56,-33.69,28.88,343.73,-82.74,177.88
52.389202,-1.589997,170.32,3.36,3,167.65,20 / 21,4318210,2019-09-06 20:32:03:953,0.4884,0.7965,9.5,-0.004,0.0151,9.8065,-0.0207,0.0724,0.0077,-6.5,-33,28.94,344.33,-82.74,178.32
52.389202,-1.589997,170.32,3.36,3,167.65,20 / 21,4318309,2019-09-06 20:32:04:052,0.5202,1.234,9.8205,-0.0075,0.0005,9.8066,0.0272,0.1075,-0.0222,-6.12,-32.87,28.94,344.11,-82.73,178.13
52.389202,-1.589997,170.32,3.36,3,167.65,20 / 21,4318410,2019-09-06 20:32:04:153,0.8696,0.014,9.6149,-0.0101,0.008,9.8066,-0.0567,0.1425,-0.0294,-6.19,-33.75,28.94,345.08,-82.65,179.06
52.389202,-1.589997,170.32,3.36,3,167.65,20 / 21,4318509,2019-09-06 20:32:04:252,0.8496,0.3483,10.0246,0.005,-0.0085,9.8066,0.0205,0.1103,-0.0278,-6.81,-33.75,29.19,342.39,-82.63,178.64
52.389202,-1.589997,170.32,3.36,3,167.65,20 / 21,4318609,2019-09-06 20:32:04:352,0.8373,0.9842,10.1923,0.0057,0.0093,9.8066,-0.0519,0.1305,-0.0418,-7,-33.62,28.94,341.72,-82.69,178.04
52.389202,-1.589997,170.32,3.36,3,167.65,20 / 21,4318710,2019-09-06 20:32:04:453,1.906,0.6706,9.8194,0.01,-0.0068,9.8066,-0.0218,0.1884,0,-6.87,-33.75,29,340.29,-82.74,176.8
52.389202,-1.589997,170.32,3.36,3,167.65,20 / 21,4318809,2019-09-06 20:32:04:552,0.5795,0.9075,9.4401,-0.0061,-0.0049,9.8066,-0.0046,0.193,-0.0703,-7.25,-33.5,28.94,340.95,-82.81,177.25
52.389202,-1.589997,170.32,3.36,3,167.65,20 / 21,4318909,2019-09-06 20:32:04:652,1.764,1.3474,9.4787,0.0048,0.0216,9.8066,0.0397,0.2022,-0.0444,-7.19,-33.81,28.19,340.29,-82.76,177.35
52.389202,-1.589997,170.32,3.36,3,167.65,20 / 21,4319009,2019-09-06 20:32:04:752,1.3802,0.6818,10.009,-0.0064,0.0053,9.8066,0.0149,0.1732,0.0053,-7.5,-34.06,28.63,340.54,-82.79,176.99
52.389202,-1.589997,170.32,3.36,3,167.65,20 / 21,4319109,2019-09-06 20:32:04:852,0.8217,1.1536,9.9681,-0.0032,0.0013,9.8066,0.0103,0.2041,-0.0624,-8.69,-34.12,28.5,337.62,-82.76,178.1
52.389202,-1.589997,170.32,3.36,3,167.65,20 / 21,4319209,2019-09-06 20:32:04:952,1.1792,1.3666,10.3776,-0.0066,0.0177,9.8066,-0.0938,0.1925,0.0101,-8.25,-33.87,28.44,338.62,-82.84,177.76
52.389202,-1.589997,170.32,3.36,3,167.65,20 / 21,4319310,2019-09-06 20:32:05:053,2.4825,1.4707,8.9498,0.0143,-0.0388,9.8065,-0.1402,0.2859,0.0078,-8.44,-34.69,28,339.39,-82.65,178.59
52.389202,-1.589997,170.32,3.36,3,167.65,20 / 21,4319409,2019-09-06 20:32:05:152,0.0221,1.6765,9.3675,-0.008,-0.049,9.8065,0.0155,0.2229,-0.0696,-9.25,-34.19,28.25,339.45,-82.73,-179.64
52.389202,-1.589997,170.32,3.36,3,167.65,20 / 21,4319509,2019-09-06 20:32:05:252,0.9396,1.0652,9.1689,0.0308,-0.0132,9.8066,-0.0869,0.2552,-0.12,-9.31,-34.44,28.25,338.75,-82.91,179.68
52.389202,-1.589997,170.32,3.36,3,167.65,20 / 21,4319610,2019-09-06 20:32:05:353,2.0417,1.9552,9.6017,-0.0198,0.0416,9.8064,0.0388,0.1748,0.0361,-9.5,-34.19,28.38,337,-83.29,177.98
52.389202,-1.589997,170.32,3.36,3,167.65,20 / 21,4319710,2019-09-06 20:32:05:453,2.0456,1.4798,9.9968,0.0009,-0.0008,9.8066,0.0402,0.2399,-0.0207,-10.75,-34.69,27.38,333.06,-83.43,178.95
52.389202,-1.589997,170.32,3.36,3,167.65,20 / 21,4319809,2019-09-06 20:32:05:552,1.1832,0.8373,9.9735,-0.0172,-0.0067,9.8065,-0.0651,0.2325,-0.0073,-10.87,-34.31,27.81,334.96,-83.56,179.63
52.389202,-1.589997,170.32,3.36,3,167.65,20 / 21,4319910,2019-09-06 20:32:05:653,0.1829,0.5622,10.1504,-0.017,-0.0065,9.8065,-0.0412,0.2155,-0.0024,-11.19,-34.37,27.69,337.97,-83.64,-177.76
52.389202,-1.589997,170.32,3.36,3,167.65,20 / 21,4320010,2019-09-06 20:32:05:753,0.6811,1.2286,9.8192,0.0147,-0.0087,9.8066,-0.023,0.2323,-0.0443,-11.19,-34.37,27.31,336.26,-83.62,-178.45
52.389202,-1.589997,170.32,3.36,3,167.65,20 / 21,4320109,2019-09-06 20:32:05:852,1.4017,1.258,10.096,0.0149,-0.0203,9.8066,-0.0092,0.2395,-0.0248,-11.62,-34.12,27.38,333.89,-83.54,-178.74
52.389202,-1.589997,170.32,3.36,3,167.65,20 / 21,4320210,2019-09-06 20:32:05:953,1.6271,1.0362,9.2936,-0.0083,0.0064,9.8066,0.0267,0.2234,-0.0005,-11.62,-33.56,26.69,333.75,-83.47,-178.82
52.389202,-1.589997,170.32,3.36,3,167.65,20 / 21,4320309,2019-09-06 20:32:06:052,1.0403,1.5132,9.8129,-0.0105,-0.0103,9.8066,0.0147,0.211,0.0049,-12.31,-34.06,26.94,334.91,-83.37,-177.75
52.389202,-1.589997,170.32,3.36,3,167.65,20 / 21,4320409,2019-09-06 20:32:06:152,1.5017,1.1633,9.6413,-0.022,0.0214,9.8065,0.0571,0.2028,-0.0046,-13.31,-33.5,26.13,333.46,-83.3,-176.42
52.389202,-1.589997,170.32,3.36,3,167.65,20 / 21,4320509,2019-09-06 20:32:06:252,0.4269,0.5377,10.1262,-0.0114,-0.0056,9.8066,-0.0504,0.2763,0.0046,-13.06,-33.62,25.88,334.76,-83.5,-175.29
52.389202,-1.589997,170.32,3.36,3,167.65,20 / 21,4320610,2019-09-06 20:32:06:353,1.1962,1.1174,10.0643,-0.0041,0.0019,9.8066,-0.0334,0.2256,-0.0173,-14,-34,26,334.34,-83.64,-174.06
52.389202,-1.589997,170.32,3.36,3,167.65,20 / 21,4320709,2019-09-06 20:32:06:452,1.6181,1.7868,9.6522,-0.0021,0.006,9.8066,-0.0717,0.2448,-0.0572,-13.81,-33.87,25.13,333.06,-83.75,-174.19
52.389202,-1.589997,170.32,3.36,3,167.65,20 / 21,4320810,2019-09-06 20:32:06:553,0.9812,2.3123,9.5447,-0.0067,0,9.8065,0.0389,0.2285,0.0421,-14.44,-34.31,25.06,334.34,-83.81,-173.1
52.389202,-1.589997,170.32,3.36,3,167.65,20 / 21,4320910,2019-09-06 20:32:06:653,1.7435,0.3898,9.7602,0.0031,-0.001,9.8066,0.0418,0.2512,-0.0494,-14.37,-33.94,25.06,334.1,-83.78,-173.29
52.389202,-1.589997,170.32,3.36,3,167.65,20 / 21,4321009,2019-09-06 20:32:06:752,1.2238,1.3915,10.1972,-0.0016,-0.0263,9.8066,-0.0204,0.1976,0.0082,-14.69,-33.75,24.56,331.63,-83.85,-173.86
52.389202,-1.589997,170.32,3.36,3,167.65,20 / 21,4321110,2019-09-06 20:32:06:853,1.055,0.8692,10.1591,0.0023,0.0029,9.8066,-0.0589,0.2315,-0.0485,-15.25,-33.56,24.56,332.85,-83.78,-172.74
52.389202,-1.589997,170.32,3.36,3,167.65,20 / 21,4321210,2019-09-06 20:32:06:953,1.2405,2.6196,9.3861,0.0153,-0.0013,9.8066,-0.023,0.2516,-0.0476,-15.94,-34.56,24,327.92,-83.8,-174.24
52.389202,-1.589997,170.32,3.36,3,167.65,20 / 21,4321309,2019-09-06 20:32:07:052,0.5967,1.3872,9.9332,0.0153,-0.0327,9.8065,0.0309,0.202,-0.0178,-15.62,-33.75,23.69,327.92,-83.76,-174.33
52.389202,-1.589997,170.32,3.36,3,167.65,20 / 21,4321409,2019-09-06 20:32:07:152,1.0964,1.8637,9.359,0.0067,0.0044,9.8066,-0.0388,0.2697,-0.003,-16.25,-33.31,23.94,327.73,-83.82,-174.65
52.389202,-1.589997,170.32,3.36,3,167.65,20 / 21,4321510,2019-09-06 20:32:07:253,1.3654,1.1233,9.749,-0.0129,0.0027,9.8065,0.0106,0.2586,0.0021,-16.5,-33.44,22.75,326.36,-83.77,-174.59
52.389202,-1.589997,170.32,3.36,3,167.65,20 / 21,4321609,2019-09-06 20:32:07:352,0.8866,2.0066,10.04,-0.0209,0.0094,9.8066,-0.0149,0.2554,-0.0131,-16.25,-33.31,22.5,327.53,-83.78,-173.56
52.389202,-1.589997,170.32,3.36,3,167.65,20 / 21,4321709,2019-09-06 20:32:07:452,0.0507,0.8809,10.36,-0.0261,0.0037,9.8065,0.0385,0.2292,0.0137,-16.62,-33.87,21.75,326.72,-84,-171.41
52.389202,-1.589997,170.32,3.36,3,167.65,20 / 21,4321810,2019-09-06 20:32:07:553,0.8027,1.5604,10.0273,0.0035,0.013,9.8066,0.0468,0.2926,-0.0354,-17.5,-34.5,21.63,325.76,-84.03,-172.29
52.389202,-1.589997,170.32,3.36,3,167.65,20 / 21,4321910,2019-09-06 20:32:07:653,1.1154,1.4483,9.6084,-0.0179,-0.0042,9.8066,0.1198,0.2275,0.0326,-16.81,-33.62,21.13,325.24,-83.92,-171.25
52.389202,-1.589997,170.32,3.36,3,167.65,20 / 21,4322010,2019-09-06 20:32:07:753,1.5905,1.0317,9.62,0.0055,-0.0136,9.8066,-0.0745,0.2583,-0.0288,-17.81,-33.5,21.56,325.46,-83.67,-170.91
52.389202,-1.589997,170.32,3.36,3,167.65,20 / 21,4322109,2019-09-06 20:32:07:852,1.0465,1.1776,10.0136,0.0142,-0.0079,9.8066,-0.0211,0.2786,-0.0851,-18.75,-33.87,20.75,322,-83.67,-171.01
52.389202,-1.589997,170.32,3.36,3,167.65,20 / 21,4322210,2019-09-06 20:32:07:953,1.3415,1.8604,9.6917,-0.0182,0.0224,9.8066,-0.0063,0.2515,-0.0411,-18.62,-33.94,20.5,320.79,-83.79,-172.18
52.389202,-1.589997,170.32,3.36,3,167.65,20 / 21,4322310,2019-09-06 20:32:08:053,1.1221,1.9912,9.8335,-0.0096,0.0339,9.8066,-0.0054,0.2536,-0.0454,-18.75,-34.19,19.63,317.32,-84.17,-174.12
52.38876,-1.589777,174.04,6.57,3,121.92,19 / 22,4322410,2019-09-06 20:32:08:153,0.7004,1.9713,9.4433,-0.0054,0.0089,9.8066,-0.0075,0.277,-0.0224,-18.87,-34.37,18.94,314.68,-84.34,-175.07
52.38876,-1.589777,174.04,6.57,3,121.92,19 / 22,4322510,2019-09-06 20:32:08:253,1.3857,2.5492,10.0637,0.0166,0.004,9.8066,0.0011,0.2873,-0.0286,-18.69,-34.25,18.25,311.52,-84.4,-176.33
52.38876,-1.589777,174.04,6.57,3,121.92,19 / 22,4322610,2019-09-06 20:32:08:353,1.5502,1.5534,9.7348,0.02,-0.0079,9.8065,0.0553,0.2735,-0.0229,-18.75,-33.94,18.25,309.78,-84.24,-177.76
52.38876,-1.589777,174.04,6.57,3,121.92,19 / 22,4322709,2019-09-06 20:32:08:452,0.9179,1.7052,9.5632,0.0184,-0.0161,9.8066,0.0764,0.2653,-0.0133,-19.12,-34.06,17.13,307.54,-84.06,-177.82
52.38876,-1.589777,174.04,6.57,3,121.92,19 / 22,4322809,2019-09-06 20:32:08:552,0.8594,1.6572,9.496,-0.0078,0.0073,9.8066,0.0059,0.28,-0.047,-18.94,-34,18,311.12,-84,-176.29
52.38876,-1.589777,174.04,6.57,3,121.92,19 / 22,4322909,2019-09-06 20:32:08:652,0.9895,1.5846,10.1607,-0.0133,0.0158,9.8066,-0.0616,0.31,-0.0243,-19.44,-34.62,17.44,307.78,-84.04,-177.4
52.38876,-1.589777,174.04,6.57,3,121.92,19 / 22,4323009,2019-09-06 20:32:08:752,0.4693,1.8571,10.5722,0.0011,-0.0014,9.8066,0.0224,0.2722,0.0107,-19.69,-34.75,16.88,307.03,-84.13,-176.92
52.38876,-1.589777,174.04,6.57,3,121.92,19 / 22,4323110,2019-09-06 20:32:08:853,1.1505,1.2318,9.6211,-0.0132,-0.0031,9.8066,-0.0749,0.2581,0.0053,-20.31,-34,15.56,306.15,-84.2,-176.13
52.38876,-1.589777,174.04,6.57,3,121.92,19 / 22,4323210,2019-09-06 20:32:08:953,0.1954,1.6524,9.2692,0.0125,-0.0163,9.8066,-0.0178,0.2786,-0.0373,-20.06,-34.44,15.31,305.9,-84.08,-174.28
52.38876,-1.589777,174.04,6.57,3,121.92,19 / 22,4323310,2019-09-06 20:32:09:053,-0.0285,1.8059,9.741,0.0142,-0.0046,9.8066,-0.0266,0.2806,-0.0119,-19.81,-34.37,15.13,305.39,-83.99,-174.64
52.38876,-1.589777,174.04,6.57,3,121.92,19 / 21,4323409,2019-09-06 20:32:09:152,1.155,2.1416,9.9092,-0.0054,0.0113,9.8066,0.0752,0.2369,-0.0243,-20.87,-34.62,14.38,301.14,-83.89,-175.12
52.38876,-1.589777,174.04,6.57,3,121.92,19 / 21,4323510,2019-09-06 20:32:09:253,1.0932,2.3097,9.8682,-0.0019,-0.0029,9.8066,0.0098,0.2358,0.0309,-21.12,-34.5,14.06,301.34,-83.92,-175.18
52.38876,-1.589777,174.04,6.57,3,121.92,19 / 21,4323610,2019-09-06 20:32:09:353,1.139,1.8575,9.6174,-0.0053,-0.0052,9.8066,0.006,0.3143,-0.055,-20.62,-34.75,13.63,303.23,-84.03,-173.36
52.38876,-1.589777,174.04,6.57,3,121.92,19 / 21,4323709,2019-09-06 20:32:09:452,0.9181,1.5026,9.973,0.0155,-0.0133,9.8066,0.0267,0.2736,-0.0027,-20.94,-34.69,13.75,303.17,-84,-173.38
52.38876,-1.589777,174.04,6.57,3,121.92,19 / 21,4323810,2019-09-06 20:32:09:553,0.7905,1.9101,9.6183,0.0122,-0.0068,9.8066,0.007,0.3106,-0.0417,-21.37,-35.19,12.5,301.27,-83.91,-172.94
52.38876,-1.589777,174.04,6.57,3,121.92,19 / 21,4323910,2019-09-06 20:32:09:653,-0.0513,1.4128,9.4257,0.0193,0,9.8066,0.013,0.2958,-0.0265,-21.44,-35,11.38,295.62,-83.86,-173.67
52.38876,-1.589777,174.04,6.57,3,121.92,19 / 21,4324009,2019-09-06 20:32:09:752,0.7017,2.4891,9.4203,-0.0276,0.0078,9.8066,-0.022,0.2358,-0.0025,-20.94,-34.56,11.31,295.55,-83.9,-173.79
52.38876,-1.589777,174.04,6.57,3,121.92,19 / 21,4324109,2019-09-06 20:32:09:852,1.2468,1.0051,10.3213,-0.0207,0.0026,9.8066,0.0383,0.1866,0.0077,-21.75,-34.87,10.63,296.11,-84.07,-172.72
52.38876,-1.589777,174.04,6.57,3,121.92,19 / 21,4324210,2019-09-06 20:32:09:953,0.4504,0.9813,9.6969,0.0056,0.005,9.8066,0.0294,0.2222,-0.0048,-21.5,-34.62,10.75,296.41,-84.02,-173.15
52.38876,-1.589777,174.04,6.57,3,121.92,19 / 21,4324310,2019-09-06 20:32:10:053,0.6241,0.5844,9.5548,0.0004,0.0003,9.8066,-0.0134,0.2229,-0.0401,-21.19,-35,10.44,293.64,-84.02,-173.41
52.38876,-1.589777,174.04,6.57,3,121.92,19 / 21,4324410,2019-09-06 20:32:10:153,0.4648,1.1852,9.8346,-0.0111,0.0123,9.8066,0.0046,0.1728,-0.0174,-21.31,-35.19,10.25,292.9,-84.1,-174.22
52.38876,-1.589777,174.04,6.57,3,121.92,19 / 21,4324509,2019-09-06 20:32:10:252,0.6554,1.0307,10.031,-0.0126,0.0057,9.8066,0.0157,0.1424,-0.0083,-21.25,-34.19,9.94,292.95,-84.14,-174.48
52.38876,-1.589777,174.04,6.57,3,121.92,19 / 21,4324610,2019-09-06 20:32:10:353,0.8316,0.5405,10.2821,0.0157,-0.0043,9.8066,0.0003,0.1478,-0.0325,-21.12,-34.5,9.63,293.05,-84.21,-174.47
52.38876,-1.589777,174.04,6.57,3,121.92,19 / 21,4324709,2019-09-06 20:32:10:452,1.0562,0.4201,9.5438,0.0003,0.0048,9.8066,-0.0543,0.1233,0.0155,-21.44,-35.12,9.5,292.1,-84.2,-175.12
52.38876,-1.589777,174.04,6.57,3,121.92,19 / 21,4324810,2019-09-06 20:32:10:553,-0.2099,0.0538,9.3237,0.0037,-0.0065,9.8065,-0.0603,0.0793,0.0508,-22.06,-34.37,9.06,290.24,-84.09,-173.94
52.38876,-1.589777,174.04,6.57,3,121.92,19 / 21,4324910,2019-09-06 20:32:10:653,-0.275,0.6127,9.7658,0.0097,-0.0054,9.8066,0.0144,0.0248,0.0017,-21.56,-34.94,8.56,290.53,-84.06,-173.38
52.38876,-1.589777,174.04,6.57,3,121.92,19 / 21,4325010,2019-09-06 20:32:10:753,0.2041,0.2622,9.6541,-0.014,-0.0018,9.8066,-0.0471,0.053,-0.0074,-21.69,-34.44,8.75,291.09,-84.15,-173.2
52.38876,-1.589777,174.04,6.57,3,121.92,19 / 21,4325110,2019-09-06 20:32:10:853,-0.4489,-0.0371,9.7609,-0.0206,-0.0059,9.8066,0.0207,0.0253,0.0407,-21.81,-34.56,8.25,289.6,-84.16,-172.02
52.38876,-1.589777,174.04,6.57,3,121.92,19 / 21,4325210,2019-09-06 20:32:10:953,0.2634,-0.2361,9.9855,-0.0245,-0.0007,9.8066,0.0704,0.0218,0.0032,-22.12,-34.81,8.13,290.55,-84.19,-171.15
52.38876,-1.589777,174.04,6.57,3,121.92,19 / 21,4325310,2019-09-06 20:32:11:053,0.1324,-0.1483,10.346,-0.0223,0.0041,9.8066,-0.0671,-0.018,0.0498,-21.69,-34.56,7.94,291.49,-84.33,-170.46
52.38876,-1.589777,174.04,6.57,3,121.92,19 / 21,4325410,2019-09-06 20:32:11:153,-0.3331,-0.6092,10.1848,0.0231,0.0012,9.8066,-0.0021,-0.0516,-0.0054,-22.12,-34.44,8.31,291.54,-84.21,-170.47
52.38876,-1.589777,174.04,6.57,3,121.92,19 / 21,4325509,2019-09-06 20:32:11:252,-0.2453,0.3764,9.6664,0.0159,0,9.8066,0.0332,-0.0489,0.0426,-21.94,-34.5,8.06,290.76,-84.14,-171.12
52.38876,-1.589777,174.04,6.57,3,121.92,19 / 21,4325610,2019-09-06 20:32:11:353,0.5526,-0.2841,9.7176,0.0082,-0.0005,9.8066,0.0222,-0.0086,0.0152,-22.19,-35.06,8.56,292.21,-84.03,-171.74
52.38876,-1.589777,174.04,6.57,3,121.92,19 / 21,4325710,2019-09-06 20:32:11:453,-0.2472,-0.0576,10.4563,-0.0009,0.0124,9.8066,0.0794,-0.0908,0.011,-22.5,-34.25,8.44,289.54,-83.95,-172.01
52.38876,-1.589777,174.04,6.57,3,121.92,19 / 21,4325810,2019-09-06 20:32:11:553,0.6411,-0.0267,9.8323,-0.0045,0.0058,9.8066,0.0616,-0.0259,0.0112,-22.06,-34.81,8.94,291.07,-83.98,-172.74
52.38876,-1.589777,174.04,6.57,3,121.92,19 / 21,4325909,2019-09-06 20:32:11:652,-0.5515,-0.112,9.5918,-0.002,-0.0049,9.8066,-0.0427,-0.026,-0.0027,-22.25,-35.06,8.31,288.75,-84,-172.58
52.38876,-1.589777,174.04,6.57,3,121.92,19 / 21,4326010,2019-09-06 20:32:11:753,-0.3982,-0.0688,9.6687,0.0161,-0.0023,9.8066,-0.0699,-0.0317,-0.0041,-22.44,-34.87,8.25,288.62,-83.84,-172.47
52.38876,-1.589777,174.04,6.57,3,121.92,19 / 21,4326110,2019-09-06 20:32:11:853,-0.0838,-0.1597,9.5731,0.0101,-0.0008,9.8066,-0.0022,0.0013,-0.0251,-22.31,-34.31,8.25,288.22,-83.84,-173.1
52.38876,-1.589777,174.04,6.57,3,121.92,19 / 21,4326209,2019-09-06 20:32:11:952,-0.3077,0.0371,9.8291,0.0029,0.01,9.8066,-0.0397,-0.0859,0.0234,-22.06,-34.44,9,290.01,-83.89,-173.87
52.38876,-1.589777,174.04,6.57,3,121.92,19 / 21,4326309,2019-09-06 20:32:12:052,-0.7302,-0.2489,10.0701,0.0134,-0.0021,9.8066,0.0506,-0.0397,0.0025,-22,-34.5,8.94,289.55,-83.85,-174.25
52.38876,-1.589777,174.04,6.57,3,121.92,19 / 21,4326410,2019-09-06 20:32:12:153,-0.6507,0.1714,10.0175,-0.0139,0.005,9.8065,0.1289,-0.0298,0.0232,-22.5,-34.31,8.81,289.5,-83.95,-174.43
52.38876,-1.589777,174.04,6.57,3,121.92,19 / 21,4326509,2019-09-06 20:32:12:252,0.2184,0.1997,10.4458,-0.0192,0.0005,9.8065,0.1875,-0.0018,-0.025,-21.87,-34.37,9.19,289.43,-83.87,-174.39
52.38876,-1.589777,174.04,6.57,3,121.92,19 / 21,4326610,2019-09-06 20:32:12:353,-0.2768,-0.4585,9.9,0.0383,-0.0114,9.8065,-0.1163,-0.0075,0.0208,-22.12,-34.75,9.06,289.38,-83.52,-173.67
52.38876,-1.589777,174.04,6.57,3,121.92,19 / 21,4326709,2019-09-06 20:32:12:452,-1.0588,-0.2161,9.2968,0.0167,-0.0046,9.8066,-0.0721,-0.0416,0.0241,-22.12,-34.06,8.88,289.55,-83.56,-173.85
52.38876,-1.589777,174.04,6.57,3,121.92,19 / 21,4326809,2019-09-06 20:32:12:552,-1.325,0.289,9.7762,0.0189,-0.0086,9.8066,-0.0011,-0.0398,-0.0094,-22.19,-34.31,9,289.13,-83.66,-174.39
52.38876,-1.589777,174.04,6.57,3,121.92,19 / 21,4326910,2019-09-06 20:32:12:653,-1.8227,-0.95,9.6523,0.0448,-0.0125,9.8065,-0.0647,-0.0237,0.0365,-21.94,-34.31,9.19,289.34,-83.5,-173.95
52.38876,-1.589777,174.04,6.57,3,121.92,19 / 21,4327010,2019-09-06 20:32:12:753,-0.8552,-0.4818,9.6306,-0.0431,0.0164,9.8065,0.1607,-0.0062,-0.0166,-21.87,-34.25,9.25,288.89,-83.77,-174.77
52.38876,-1.589777,174.04,6.57,3,121.92,19 / 21,4327109,2019-09-06 20:32:12:852,-0.0832,0.3549,10.0616,-0.0363,0.0049,9.8065,0.1595,0.0084,-0.0008,-22.25,-34.25,9.19,288.85,-83.61,-174.58
52.38876,-1.589777,174.04,6.57,3,121.92,19 / 21,4327210,2019-09-06 20:32:12:953,0.1429,-0.2719,10.3479,0.0067,0.0081,9.8066,-0.179,0.0108,0.0071,-22.12,-34.81,9.44,288.52,-83.71,-174.78
52.38876,-1.589777,174.04,6.57,3,121.92,19 / 21,4327310,2019-09-06 20:32:13:053,-1.3324,0.8193,10.1135,0.0018,0.0204,9.8066,-0.0991,0.0553,-0.0816,-22.44,-34.81,9.19,287.7,-83.96,-175.93
52.38876,-1.589777,174.04,6.57,3,121.92,19 / 21,4327410,2019-09-06 20:32:13:153,-0.7027,-0.0708,9.4806,0.0301,0.0084,9.8066,-0.1161,0.0297,-0.006,-22,-34.87,9.31,286.36,-84.05,-177.34
52.38876,-1.589777,174.04,6.57,3,121.92,19 / 21,4327509,2019-09-06 20:32:13:252,-1.1583,0.0507,9.5634,0.0537,-0.009,9.8064,-0.0775,0.0101,0.0011,-22.06,-34.44,9.56,287.12,-83.78,-178.8
52.38876,-1.589777,174.04,6.57,3,121.92,19 / 21,4327610,2019-09-06 20:32:13:353,-0.8641,-0.2465,9.2011,-0.0138,0.0181,9.8066,0.055,0.0107,-0.0498,-22.81,-34.5,9.94,284.29,-83.82,179.04
52.38876,-1.589777,174.04,6.57,3,121.92,19 / 21,4327710,2019-09-06 20:32:13:453,-0.7144,-0.0819,9.5011,0.0015,0.0182,9.8066,0.0379,-0.0057,-0.0267,-22.06,-34,10.13,283.33,-83.72,177.63
52.38876,-1.589777,174.04,6.57,3,121.92,19 / 21,4327809,2019-09-06 20:32:13:552,-1.2153,-1.1595,10.5222,-0.0067,0.0242,9.8065,0.0604,0.0261,-0.1216,-23.12,-33.87,9.31,277.15,-83.75,174.43
52.38876,-1.589777,174.04,6.57,3,121.92,19 / 21,4327910,2019-09-06 20:32:13:653,-0.4682,-0.0838,10.4023,0.0346,0.0246,9.8065,0.1022,-0.0467,-0.0386,-23.25,-34.25,9.38,273.34,-83.73,170.68
52.38876,-1.589777,174.04,6.57,3,121.92,19 / 21,4328010,2019-09-06 20:32:13:753,0.26,0.1173,10.1307,0.024,0.0072,9.8066,-0.011,-0.0696,-0.0328,-22.5,-33.37,8.56,271.4,-83.6,168.12
52.38876,-1.589777,174.04,6.57,3,121.92,19 / 21,4328110,2019-09-06 20:32:13:853,0.0692,-0.2465,9.3393,-0.0002,0.0153,9.8066,-0.0399,-0.0201,-0.0259,-21.94,-34.62,7.94,266.31,-83.36,166.31
52.38876,-1.589777,174.04,6.57,3,121.92,19 / 21,4328209,2019-09-06 20:32:13:952,-0.8528,0.1562,9.7095,-0.0007,0.0207,9.8065,0.0147,-0.0138,-0.025,-20.75,-34.75,8.06,264.99,-83.21,164.75
52.38876,-1.589777,174.04,6.57,3,121.92,19 / 21,4328310,2019-09-06 20:32:14:053,-1.333,-0.2187,9.8944,0.0068,0.0089,9.8066,-0.0865,-0.0437,0.0108,-20.19,-35.44,7.81,264.16,-83.17,163.49
52.38876,-1.589777,174.04,6.57,3,121.92,19 / 21,4328410,2019-09-06 20:32:14:153,-1.4441,0.1601,9.627,-0.0223,0.0067,9.8066,0.1123,-0.0341,0.0024,-20,-34.87,8.44,263.52,-83.3,162.61
52.38876,-1.589777,174.04,6.57,3,121.92,19 / 21,4328510,2019-09-06 20:32:14:253,-0.7995,-0.6187,9.9652,-0.0162,0.0007,9.8066,0.1307,-0.0494,0.0312,-19.19,-34.75,9.31,266.71,-83.28,162.63
52.38876,-1.589777,174.04,6.57,3,121.92,19 / 21,4328610,2019-09-06 20:32:14:353,0.1229,0.0509,10.0563,0.0069,-0.0037,9.8066,-0.0389,-0.0455,0.0072,-20.06,-35.25,9.19,266.35,-83.18,163.08
52.38876,-1.589777,174.04,6.57,3,121.92,19 / 21,4328710,2019-09-06 20:32:14:453,-0.2856,-0.0375,10.221,-0.0091,-0.0009,9.8066,0.0407,-0.0476,0.0426,-20.87,-34.75,10.38,268.43,-83.16,163.35
52.38876,-1.589777,174.04,6.57,3,121.92,19 / 21,4328809,2019-09-06 20:32:14:552,-0.8416,0.5016,9.5148,0.0158,-0.011,9.8066,-0.0379,-0.0505,0.0639,-20.19,-35.31,9.88,270.02,-83.05,164.46
52.38876,-1.589777,174.04,6.57,3,121.92,19 / 21,4328910,2019-09-06 20:32:14:653,-1.6414,-0.6043,9.7352,-0.0385,-0.0093,9.8065,-0.0954,0.0022,0.0502,-21.25,-34.87,9.25,269.03,-82.94,166.76
52.38876,-1.589777,174.04,6.57,3,121.92,19 / 21,4329010,2019-09-06 20:32:14:753,-0.8022,-0.0973,9.3035,-0.0346,0.0107,9.8065,0.0577,-0.0799,0.0063,-21.12,-34.62,9.5,272.52,-83.13,167.51
52.38876,-1.589777,174.04,6.57,3,121.92,19 / 21,4329109,2019-09-06 20:32:14:852,-0.7911,-0.5998,10.2485,-0.019,0.0109,9.8065,0.0306,-0.045,-0.0244,-20.62,-34.87,9.94,272.31,-83.09,167.35
52.38876,-1.589777,174.04,6.57,3,121.92,19 / 21,4329209,2019-09-06 20:32:14:952,-1.8443,0.3952,10.1357,0.0012,0.01,9.8066,-0.0134,-0.0136,0.0375,-21.06,-35.19,10.06,271.48,-83.07,166.56
52.38876,-1.589777,174.04,6.57,3,121.92,19 / 21,4329310,2019-09-06 20:32:15:053,-0.7541,0.8408,9.7472,-0.0023,-0.0082,9.8065,-0.0356,-0.0121,0.0512,-21,-35.19,9.88,271.44,-83.08,166.5
52.38876,-1.589777,174.04,6.57,3,121.92,19 / 21,4329409,2019-09-06 20:32:15:152,-1.1732,-0.9696,9.4744,-0.0089,-0.0263,9.8065,0.0447,0.0017,0.0182,-20.81,-35.31,10.56,277.08,-83.19,169.56
52.38876,-1.589777,174.04,6.57,3,121.92,19 / 21,4329510,2019-09-06 20:32:15:253,-0.9183,-0.7099,9.7511,0.0134,-0.0061,9.8066,0.0702,-0.0582,0.0147,-21.69,-35,10.56,277.66,-83.27,170.72
52.38876,-1.589777,174.04,6.57,3,121.92,19 / 21,4329610,2019-09-06 20:32:15:353,-0.8684,-0.0501,9.8014,-0.0032,0.0013,9.8065,-0.0941,-0.0431,0.0294,-21,-35.62,10.75,278.19,-83.33,170.72
52.38876,-1.589777,174.04,6.57,3,121.92,19 / 21,4329709,2019-09-06 20:32:15:452,-1.7298,0.0141,9.8834,-0.0026,-0.0016,9.8066,-0.0922,-0.0452,0.0462,-21.69,-35.12,10.06,275.7,-83.53,170.7
52.38876,-1.589777,174.04,6.57,3,121.92,19 / 21,4329810,2019-09-06 20:32:15:553,-1.7877,0.4583,10.0519,-0.0327,-0.0101,9.8066,0.106,-0.0727,0.0374,-22.12,-34.56,9.56,277.88,-83.92,172.26
52.38876,-1.589777,174.04,6.57,3,121.92,19 / 21,4329909,2019-09-06 20:32:15:652,-0.8148,-0.5661,9.7894,-0.0179,-0.0083,9.8065,0.0776,-0.1052,0.0823,-21.94,-34.37,10.56,281.89,-83.91,173.68
52.38876,-1.589777,174.04,6.57,3,121.92,19 / 21,4330010,2019-09-06 20:32:15:753,-1.1169,0.1908,9.6276,0.0275,-0.0052,9.8066,0.0536,-0.0601,-0.0508,-21.75,-34.37,10.31,279.88,-83.54,174.53
52.38876,-1.589777,174.04,6.57,3,121.92,19 / 21,4330110,2019-09-06 20:32:15:853,-0.6873,-0.7409,9.4994,0.02,0.0037,9.8066,0.0551,-0.0658,0.0159,-21.94,-34.06,11.13,280.76,-83.38,173.33
52.38876,-1.589777,174.04,6.57,3,121.92,19 / 21,4330210,2019-09-06 20:32:15:953,-1.4182,0.1511,9.64,0.0099,-0.0057,9.8066,-0.0006,-0.0449,0.032,-21.62,-35,10.75,280.25,-83.24,173.31
52.38876,-1.589777,174.04,6.57,3,121.92,19 / 21,4330309,2019-09-06 20:32:16:052,-1.223,-0.1732,9.8496,0.0247,-0.0085,9.8066,-0.0642,-0.0223,0.011,-22.37,-34.87,11.06,280.56,-83.13,173.78
52.38876,-1.589777,174.04,6.57,3,121.92,19 / 21,4330409,2019-09-06 20:32:16:152,-0.5239,-0.4746,9.5919,-0.0274,0.0091,9.8065,0.0681,-0.0421,0.0161,-22.25,-34.62,11.44,280.62,-83.3,173.58
52.38876,-1.589777,174.04,6.57,3,121.92,19 / 21,4330510,2019-09-06 20:32:16:253,-1.185,0.0988,9.5598,-0.0009,0.003,9.8066,0.0123,-0.0574,-0.0315,-21.56,-34.37,12,283.19,-83.25,173.66
52.38876,-1.589777,174.04,6.57,3,121.92,19 / 21,4330609,2019-09-06 20:32:16:352,-1.0835,0.4098,10.1167,0.0056,-0.0166,9.8066,-0.0108,-0.098,0.0336,-21.87,-34.25,11.63,284.44,-83.28,174.83
52.38876,-1.589777,174.04,6.57,3,121.92,19 / 21,4330710,2019-09-06 20:32:16:453,-1.72,-0.4803,9.6901,-0.0147,0.0026,9.8066,-0.0106,-0.0912,0.0124,-22.31,-34.06,11.88,284.4,-83.4,174.63
52.38876,-1.589777,174.04,6.57,3,121.92,19 / 21,4330809,2019-09-06 20:32:16:552,-1.6947,-0.5648,9.643,-0.0168,0.0067,9.8065,-0.0836,-0.0344,0.0035,-22.06,-33.31,11.88,284.88,-83.47,174.74
52.38876,-1.589777,174.04,6.57,3,121.92,19 / 21,4330910,2019-09-06 20:32:16:653,-1.4677,-0.2604,10.0183,-0.0106,0.011,9.8066,0.0004,-0.0682,0.0188,-21.37,-34.56,11.63,284.62,-83.72,173.82
52.38876,-1.589777,174.04,6.57,3,121.92,19 / 21,4331009,2019-09-06 20:32:16:752,-1.013,-0.3889,10.3965,-0.0086,0.0071,9.8066,-0.0036,-0.0948,-0.021,-21.75,-34.75,11.31,280.53,-83.89,172.64
52.38876,-1.589777,174.04,6.57,3,121.92,19 / 21,4331109,2019-09-06 20:32:16:852,-0.7833,-0.519,10.0392,-0.0187,0.0078,9.8065,0.0211,-0.0864,0.0248,-21.62,-34.56,11.88,282.81,-83.98,172.52
52.38876,-1.589777,174.04,6.57,3,121.92,19 / 21,4331209,2019-09-06 20:32:16:952,-1.5816,0.3026,9.9604,0.0117,-0.0061,9.8066,-0.0155,-0.0722,-0.0028,-21.06,-34.37,12,284.38,-83.93,173.04
52.38876,-1.589777,174.04,6.57,3,121.92,19 / 21,4331309,2019-09-06 20:32:17:052,-1.4449,-0.5059,9.7544,0.0012,-0.0095,9.8066,0.0045,-0.0753,0.0103,-21.62,-34.31,11.94,284.1,-83.98,173.53
52.388744,-1.588883,170.61,5.28,3,95.57,19 / 21,4331409,2019-09-06 20:32:17:152,-1.4217,-0.177,10.0977,0.0025,0.0011,9.8066,0.0579,-0.0787,-0.0038,-21.62,-34.37,12,284.21,-83.95,173.68
52.388744,-1.588883,170.61,5.28,3,95.57,19 / 21,4331509,2019-09-06 20:32:17:252,-1.6052,0.0641,9.7508,0.0069,0.0034,9.8066,-0.0573,-0.0753,0.0326,-21.75,-33.87,12.69,285.93,-83.98,173.18
52.388744,-1.588883,170.61,5.28,3,95.57,19 / 21,4331610,2019-09-06 20:32:17:353,-1.9923,-0.0455,10.1664,0.0023,-0.0046,9.8066,0.0066,-0.0536,-0.0217,-21.25,-34,12.5,286.86,-84.01,173.13
52.388744,-1.588883,170.61,5.28,3,95.57,19 / 21,4331710,2019-09-06 20:32:17:453,-1.6013,0.1946,10.0541,-0.0003,0.0042,9.8066,-0.0386,-0.0857,-0.0043,-21.37,-34.31,11.94,283.56,-84.07,172.04
52.388744,-1.588883,170.61,5.28,3,95.57,19 / 21,4331809,2019-09-06 20:32:17:552,-1.2769,0.3921,9.5209,0.0008,0.0048,9.8066,0.0368,-0.0685,0.0122,-21.25,-34.56,12.38,282.9,-84.11,171.59
52.388744,-1.588883,170.61,5.28,3,95.57,19 / 21,4331909,2019-09-06 20:32:17:652,-1.8021,-0.0589,9.7873,0.0001,0.0016,9.8066,0.0035,-0.0316,0.0072,-21.06,-34.19,12.5,285.33,-84.13,171.49
52.388744,-1.588883,170.61,5.28,3,95.57,19 / 21,4332010,2019-09-06 20:32:17:753,-1.5655,0.6513,9.955,0.0003,0.0003,9.8066,0.0486,-0.0533,0.0375,-21.44,-33.87,12.81,285.13,-84.14,171.28
52.388744,-1.588883,170.61,5.28,3,95.57,19 / 21,4332110,2019-09-06 20:32:17:853,-2.3298,-0.0919,9.9934,-0.0051,-0.0037,9.8066,0.0102,-0.0495,0.0094,-21.31,-33.94,12.13,284.25,-84.04,172.75
52.388744,-1.588883,170.61,5.28,3,95.57,19 / 21,4332210,2019-09-06 20:32:17:953,-1.5829,1.0864,8.6379,0.0106,0.0067,9.8066,0.0446,-0.0754,0.021,-21.81,-33.69,11.88,282.96,-84,172.4
52.388744,-1.588883,170.61,5.28,3,95.57,19 / 21,4332309,2019-09-06 20:32:18:052,-2.4647,-0.1371,9.6171,-0.0268,0.0095,9.8065,-0.0545,-0.0143,-0.0463,-21.62,-33.94,11.94,283.32,-84.19,172.49
52.388744,-1.588883,170.61,5.28,3,95.57,19 / 21,4332410,2019-09-06 20:32:18:153,-1.8316,0.7581,9.5066,-0.0066,0.0111,9.8066,-0.0379,-0.0257,-0.0154,-21.37,-33.62,12.69,283.83,-84.35,169.73
52.388744,-1.588883,170.61,5.28,3,95.57,19 / 21,4332509,2019-09-06 20:32:18:252,-2.1246,0.2699,10.1295,-0.0115,0.0128,9.8066,-0.0394,-0.0305,-0.0271,-21.12,-34.69,12.88,282.36,-84.55,168.24
52.388744,-1.588883,170.61,5.28,3,95.57,19 / 21,4332609,2019-09-06 20:32:18:352,-2.0626,1.0856,10.1955,-0.0093,0.0182,9.8066,0.0096,-0.0104,0.0066,-21.44,-34.12,13,280.76,-84.7,166.26
52.388744,-1.588883,170.61,5.28,3,95.57,19 / 21,4332709,2019-09-06 20:32:18:452,-1.5994,0.2402,10.1462,-0.0108,-0.0016,9.8066,-0.0001,-0.0352,0.0006,-21.31,-34.62,12.88,280.1,-84.71,165.79
52.388744,-1.588883,170.61,5.28,3,95.57,19 / 21,4332809,2019-09-06 20:32:18:552,-1.8375,0.7041,9.7144,-0.0099,0.0074,9.8066,-0.0041,-0.0231,0.0178,-21.5,-34.44,12.69,280.54,-84.86,165.82
52.388744,-1.588883,170.61,5.28,3,95.57,19 / 21,4332909,2019-09-06 20:32:18:652,-2.1356,0.3765,10.0171,-0.0073,0.0005,9.8066,0.0223,0.0101,-0.0099,-21.12,-33.94,12.44,278.39,-84.92,165.77
52.388744,-1.588883,170.61,5.28,3,95.57,19 / 21,4333010,2019-09-06 20:32:18:753,-2.3207,0.7581,9.9184,-0.0035,0.0034,9.8066,0.0299,-0.0262,0.0119,-21,-33.56,11.88,278.04,-84.96,165.39
52.388744,-1.588883,170.61,5.28,3,95.57,19 / 21,4333110,2019-09-06 20:32:18:853,-2.0681,0.5565,9.8654,0.0098,-0.0109,9.8066,0.0123,0.0013,0.0237,-20.44,-34,12.44,280.38,-84.73,167.06
52.388744,-1.588883,170.61,5.28,3,95.57,19 / 21,4333210,2019-09-06 20:32:18:953,-1.4886,0.3345,9.7075,0.0098,-0.0085,9.8066,0.027,-0.0034,-0.0075,-21.37,-33.87,12.81,282.16,-84.68,167.66
52.388744,-1.588883,170.61,5.28,3,95.57,19 / 21,4333310,2019-09-06 20:32:19:053,-1.915,0.384,9.8445,-0.001,-0.0039,9.8066,0.0101,-0.0102,-0.0146,-20.44,-33.94,12.88,283.69,-84.63,168.21
52.388744,-1.588883,170.61,5.28,3,95.57,19 / 20,4333409,2019-09-06 20:32:19:152,-1.7831,0.624,9.9667,0.0069,0.0019,9.8066,0.0388,-0.0058,0.0036,-21.94,-34.37,12.56,281.68,-84.58,168.26
52.388744,-1.588883,170.61,5.28,3,95.57,19 / 20,4333510,2019-09-06 20:32:19:253,-1.5852,0.4431,9.9865,0.0066,0.0005,9.8066,0.0057,0.0039,-0.0224,-21.37,-34.25,12.75,281.98,-84.47,167.76
52.388744,-1.588883,170.61,5.28,3,95.57,19 / 20,4333609,2019-09-06 20:32:19:352,-1.7516,0.4978,9.9702,0.0047,0.002,9.8066,0.0256,-0.0062,0.0011,-22.12,-34.25,12.44,278.37,-84.45,167.29
52.388744,-1.588883,170.61,5.28,3,95.57,19 / 20,4333710,2019-09-06 20:32:19:453,-1.9897,0.4888,9.8614,-0.0039,-0.0011,9.8066,0.0241,-0.0135,0.0201,-21.62,-33.44,12.31,278.74,-84.47,167.41
52.388744,-1.588883,170.61,5.28,3,95.57,19 / 20,4333809,2019-09-06 20:32:19:552,-1.5403,0.2666,9.7758,-0.0064,-0.0028,9.8066,-0.0104,-0.0133,-0.0057,-21.56,-33.5,12.5,281.44,-84.48,167.93
52.388744,-1.588883,170.61,5.28,3,95.57,19 / 20,4333910,2019-09-06 20:32:19:653,-1.3573,0.131,9.8717,-0.0004,-0.0045,9.8066,-0.0131,-0.0025,-0.0065,-22.75,-33.31,12.69,281.29,-84.5,168.63
52.388744,-1.588883,170.61,5.28,3,95.57,19 / 20,4334010,2019-09-06 20:32:19:753,-1.1054,0.3705,9.8532,0.0011,-0.0025,9.8066,0.0258,-0.0115,0.009,-21.69,-33.56,12.75,282.53,-84.52,169.16
52.388744,-1.588883,170.61,5.28,3,95.57,19 / 20,4334109,2019-09-06 20:32:19:852,-0.8364,0.1284,9.8673,-0.0039,0.0007,9.8066,0.0103,0.0009,0.0029,-21.62,-33.5,12.88,283.09,-84.57,169.44
52.388744,-1.588883,170.61,5.28,3,95.57,19 / 20,4334209,2019-09-06 20:32:19:952,-0.6878,0.201,9.7588,-0.0043,0.0004,9.8066,0.0112,-0.027,-0.01,-21.62,-33.62,12.94,283.02,-84.6,169.53
52.388744,-1.588883,170.61,5.28,3,95.57,19 / 20,4334310,2019-09-06 20:32:20:053,-0.6559,0.0061,9.8605,-0.0008,-0.0014,9.8066,-0.0078,-0.0144,-0.0108,-21.75,-34.19,13.31,283.24,-84.64,169.69
52.388744,-1.588883,170.61,5.28,3,95.57,19 / 20,4334410,2019-09-06 20:32:20:153,-0.7081,0.3135,9.8249,-0.0011,-0.0007,9.8066,0.0211,0.0053,0.0231,-22.12,-33.81,12.69,283.34,-84.68,169.73
52.388744,-1.588883,170.61,5.28,3,95.57,19 / 20,4334509,2019-09-06 20:32:20:252,-0.3608,0.0975,9.8547,-0.007,-0.0024,9.8066,-0.0004,-0.0031,0.0006,-21.87,-33.12,13.44,284.24,-84.76,170.3
52.388744,-1.588883,170.61,5.28,3,95.57,19 / 20,4334609,2019-09-06 20:32:20:352,-0.5273,0.0116,9.9048,-0.0056,-0.0007,9.8065,-0.0014,-0.0135,-0.0008,-22,-33.31,12.94,284.63,-84.81,170.62
52.388744,-1.588883,170.61,5.28,3,95.57,19 / 20,4334710,2019-09-06 20:32:20:453,-0.6566,0.05,9.8774,-0.0067,-0.0016,9.8066,0.0061,-0.0155,0.0055,-22.44,-33.56,13.06,285.15,-84.92,171.18
52.388744,-1.588883,170.61,5.28,3,95.57,19 / 20,4334810,2019-09-06 20:32:20:553,-0.2538,-0.0177,9.956,-0.0066,0.0003,9.8066,-0.0015,0.0157,0.0004,-22.12,-33.69,13.19,285.52,-84.97,171.47
52.388744,-1.588883,170.61,5.28,3,95.57,19 / 20,4334909,2019-09-06 20:32:20:652,-0.2294,-0.1202,9.9245,-0.0051,-0.0016,9.8066,0.0069,0.0023,0.0099,-22.12,-32.94,13.38,286.06,-85.03,171.72
52.388744,-1.588883,170.61,5.28,3,95.57,19 / 20,4335009,2019-09-06 20:32:20:752,0.1225,-0.2295,9.7392,-0.0025,-0.0017,9.8066,-0.0003,0.0074,-0.0025,-22.75,-33.56,13.56,287.6,-85.08,172.27
52.388744,-1.588883,170.61,5.28,3,95.57,19 / 20,4335110,2019-09-06 20:32:20:853,0.2054,-0.2157,9.8983,-0.002,0,9.8066,0.0131,-0.0111,0.0169,-22,-33.69,13.56,288.94,-85.11,172.6
52.388744,-1.588883,170.61,5.28,3,95.57,19 / 20,4335209,2019-09-06 20:32:20:952,0.0364,-0.12,9.7585,-0.0023,-0.0029,9.8066,-0.0058,-0.0037,-0.015,-22.81,-33.75,13.81,288.34,-85.15,172.91
52.388744,-1.588883,170.61,5.28,3,95.57,19 / 20,4335309,2019-09-06 20:32:21:052,0.3269,-0.2864,9.7923,-0.006,0.0028,9.8066,-0.0064,0.0009,0.0053,-22.5,-33.37,13.75,290.01,-85.24,173.28
52.388744,-1.588883,170.61,5.28,3,95.57,19 / 20,4335410,2019-09-06 20:32:21:153,0.2997,-0.2548,9.7447,-0.0028,-0.0006,9.8066,-0.002,-0.0117,-0.0087,-22.44,-33.12,13.69,290.18,-85.31,173.36
52.388744,-1.588883,170.61,5.28,3,95.57,19 / 20,4335510,2019-09-06 20:32:21:253,0.046,-0.0484,9.7792,-0.0099,0.0037,9.8066,0.0083,-0.0005,-0.0019,-22.75,-34.12,13.75,289.33,-85.33,173.65
52.388744,-1.588883,170.61,5.28,3,95.57,19 / 20,4335609,2019-09-06 20:32:21:352,0.4289,-0.2304,9.8217,-0.0077,0.0021,9.8066,0.0125,-0.0039,0.0103,-22.75,-33.31,13.44,287.8,-85.45,173.81
52.388744,-1.588883,170.61,5.28,3,95.57,19 / 20,4335709,2019-09-06 20:32:21:452,0.1567,-0.1557,9.8393,-0.0064,-0.0015,9.8066,0.0198,-0.0127,-0.0024,-23.31,-33.62,14.13,290.25,-85.52,174.3
52.388744,-1.588883,170.61,5.28,3,95.57,19 / 20,4335810,2019-09-06 20:32:21:553,0.0742,-0.0965,9.8775,-0.0062,0.0004,9.8066,-0.0221,-0.0143,-0.0121,-23,-33.75,13.75,290.71,-85.58,174.68
52.388744,-1.588883,170.61,5.28,3,95.57,19 / 20,4335909,2019-09-06 20:32:21:652,0.5776,-0.3722,9.8439,-0.0035,-0.0001,9.8066,0.0062,-0.0012,0.0163,-22.5,-34,13.69,291.81,-85.61,174.72
52.388744,-1.588883,170.61,5.28,3,95.57,19 / 20,4336010,2019-09-06 20:32:21:753,0.4133,-0.3126,9.8112,-0.0022,-0.0019,9.8066,-0.008,0.0004,-0.0042,-22.56,-33.75,14.13,291.36,-85.68,175.19
52.388744,-1.588883,170.61,5.28,3,95.57,19 / 20,4336110,2019-09-06 20:32:21:853,0.5247,-0.2334,9.8639,-0.003,-0.0014,9.8066,-0.0154,-0.0144,-0.0081,-23.44,-33.19,14.44,292.12,-85.75,175.69
52.388744,-1.588883,170.61,5.28,3,95.57,19 / 20,4336209,2019-09-06 20:32:21:952,0.7669,-0.5002,9.7547,-0.0045,-0.0016,9.8066,-0.0025,0.004,0.0158,-23.31,-33.56,13.94,292.57,-85.8,176.21
52.388744,-1.588883,170.61,5.28,3,95.57,19 / 20,4336309,2019-09-06 20:32:22:052,0.522,-0.2557,9.7332,-0.0129,0.0009,9.8066,-0.0016,0.0038,0.0206,-23.56,-33,14.38,292.36,-85.86,176.71
52.388744,-1.588883,170.61,5.28,3,95.57,19 / 20,4336410,2019-09-06 20:32:22:153,0.4473,-0.436,9.7298,-0.0044,-0.0045,9.8066,0.0117,-0.0115,0.0075,-23.25,-32.69,14.31,294.83,-86,178.02
52.388744,-1.588883,170.61,5.28,3,95.57,19 / 20,4336509,2019-09-06 20:32:22:252,0.8641,-0.5413,9.7443,-0.0062,-0.0014,9.8066,0.0142,-0.0304,-0.0021,-23.56,-33.81,14.5,297.01,-86.07,179.28
52.388744,-1.588883,170.61,5.28,3,95.57,19 / 20,4336610,2019-09-06 20:32:22:353,0.9051,-0.6607,9.7901,-0.0056,-0.0007,9.8066,-0.0206,-0.031,0.0047,-23.94,-32.81,15.44,297.77,-86.11,179.85
52.388744,-1.588883,170.61,5.28,3,95.57,19 / 20,4336710,2019-09-06 20:32:22:453,0.4254,-0.5911,9.7446,-0.0037,-0.0011,9.8066,-0.0096,-0.0232,0.0115,-24.25,-32.62,16.5,302.33,-86.16,-179.28
52.388744,-1.588883,170.61,5.28,3,95.57,19 / 20,4336809,2019-09-06 20:32:22:552,0.688,-0.8041,9.8412,-0.0065,-0.0007,9.8065,-0.0021,-0.0542,0.0035,-24,-32.75,17.06,302.9,-86.22,-178.79
52.388744,-1.588883,170.61,5.28,3,95.57,19 / 20,4336910,2019-09-06 20:32:22:653,0.6448,-0.6997,9.8902,-0.0062,-0.0024,9.8066,0.0073,-0.0646,0.0057,-24.25,-32.5,16.25,302.22,-86.23,-177.88
52.388744,-1.588883,170.61,5.28,3,95.57,19 / 20,4337010,2019-09-06 20:32:22:753,0.4297,-0.5057,9.8427,-0.0063,-0.0004,9.8066,-0.006,-0.071,0.0143,-23.56,-32.06,16.13,303.48,-86.28,-176.71
52.388744,-1.588883,170.61,5.28,3,95.57,19 / 20,4337109,2019-09-06 20:32:22:852,0.4834,-0.7806,9.834,-0.0056,-0.0014,9.8066,0.0076,-0.0986,0.0272,-23.06,-32.25,16.38,305.34,-86.34,-176.02
52.388744,-1.588883,170.61,5.28,3,95.57,19 / 20,4337209,2019-09-06 20:32:22:952,0.5799,-0.9636,9.862,-0.0052,-0.0027,9.8066,-0.0157,-0.0966,-0.0064,-22.94,-31.56,16.75,308.08,-86.36,-175.13
52.388744,-1.588883,170.61,5.28,3,95.57,19 / 20,4337309,2019-09-06 20:32:23:052,0.5163,-0.9497,9.7991,-0.0074,-0.0035,9.8066,0.0211,-0.1342,0.0406,-22.81,-32.75,18.56,313.08,-86.4,-173.51
52.388744,-1.588883,170.61,5.28,3,95.57,19 / 20,4337409,2019-09-06 20:32:23:152,1.2091,-1.5996,9.8092,-0.0102,-0.0051,9.8066,-0.011,-0.1667,0.0461,-23.12,-32.19,18.81,315.33,-86.4,-171.46
52.388744,-1.588883,170.61,5.28,3,95.57,19 / 20,4337510,2019-09-06 20:32:23:253,0.6904,-1.5243,9.7917,0.0041,-0.0199,9.8066,-0.0054,-0.1749,0.0406,-22.69,-32.19,19.31,318.69,-86.31,-168.19
52.388744,-1.588883,170.61,5.28,3,95.57,19 / 20,4337609,2019-09-06 20:32:23:352,0.2552,-1.6431,9.81,0.0028,-0.0159,9.8066,0.0109,-0.2476,0.0486,-21.94,-32.5,18.94,321.98,-86.28,-166.26
52.388744,-1.588883,170.61,5.28,3,95.57,19 / 20,4337709,2019-09-06 20:32:23:452,0.0265,-1.5996,9.8845,-0.0132,-0.002,9.8066,0.02,-0.2823,0.0199,-22.62,-31.94,19.38,323.98,-86.28,-163.17
52.388744,-1.588883,170.61,5.28,3,95.57,19 / 20,4337810,2019-09-06 20:32:23:553,0.5125,-1.912,9.8471,-0.0153,-0.0003,9.8066,-0.0047,-0.337,0.0608,-22.19,-32.56,19,326.87,-86.23,-161.55
52.388744,-1.588883,170.61,5.28,3,95.57,19 / 20,4337909,2019-09-06 20:32:23:652,0.8097,-2.1295,9.7845,0.0022,-0.0157,9.8066,-0.0356,-0.3671,0.0476,-21.31,-32.94,19.13,329.49,-86.18,-160.33
52.388744,-1.588883,170.61,5.28,3,95.57,19 / 20,4338010,2019-09-06 20:32:23:753,-0.0228,-2.0658,9.5878,-0.0093,-0.0129,9.8066,-0.0533,-0.3982,0.0536,-21.12,-32.75,19.69,333.72,-86.04,-157.84
52.388744,-1.588883,170.61,5.28,3,95.57,19 / 20,4338110,2019-09-06 20:32:23:853,-0.2825,-2.1835,9.9061,-0.0028,-0.0192,9.8066,-0.0144,-0.4638,0.0865,-20.37,-32.94,20.44,338.58,-85.91,-154.62
52.388744,-1.588883,170.61,5.28,3,95.57,19 / 20,4338210,2019-09-06 20:32:23:953,0.1622,-1.8674,9.6946,-0.0033,-0.014,9.8066,-0.0504,-0.4755,0.0599,-20.06,-32.69,20.69,342.03,-85.79,-152.84
52.388744,-1.588883,170.61,5.28,3,95.57,19 / 20,4338310,2019-09-06 20:32:24:053,-0.5666,-1.4488,9.6093,-0.0031,-0.0097,9.8066,-0.0501,-0.4739,0.0496,-19.31,-32.69,22.13,346.85,-85.69,-151.19
52.388744,-1.588883,170.61,5.28,3,95.57,19 / 21,4338410,2019-09-06 20:32:24:153,-0.3654,-1.3408,9.6981,-0.0173,0.008,9.8065,0.0048,-0.5151,0.0681,-19,-32.87,22.69,348.8,-85.65,-150.68
52.388744,-1.588883,170.61,5.28,3,95.57,19 / 21,4338510,2019-09-06 20:32:24:253,-0.6512,-1.3268,9.705,-0.018,-0.0037,9.8066,-0.0157,-0.5284,0.0542,-18.69,-32.69,22.44,348.92,-85.59,-149.27
52.388744,-1.588883,170.61,5.28,3,95.57,19 / 21,4338609,2019-09-06 20:32:24:352,-0.827,-1.6704,9.8689,-0.0126,-0.0061,9.8066,0.0357,-0.54,0.0917,-17.87,-32.94,23,354.84,-85.44,-146.63
52.388744,-1.588883,170.61,5.28,3,95.57,19 / 21,4338710,2019-09-06 20:32:24:453,-0.6548,-1.7311,9.8036,-0.0108,-0.0128,9.8066,0.0122,-0.5404,0.0795,-16.62,-33.37,23.75,359.8,-85.17,-144.87
52.388744,-1.588883,170.61,5.28,3,95.57,19 / 21,4338809,2019-09-06 20:32:24:552,-1.1282,-1.5253,9.8949,-0.0144,-0.017,9.8066,-0.0029,-0.5712,0.0611,-16,-33.12,23.69,3.49,-85.01,-143.18
52.388744,-1.588883,170.61,5.28,3,95.57,19 / 21,4338910,2019-09-06 20:32:24:653,-1.1072,-0.8475,9.9875,-0.0131,-0.0018,9.8066,-0.0098,-0.5704,0.0787,-15.62,-33.56,25.63,8.34,-84.82,-140.92
52.388744,-1.588883,170.61,5.28,3,95.57,19 / 21,4339010,2019-09-06 20:32:24:753,-1.01,-1.0354,10.1525,-0.0116,-0.0175,9.8066,0.0425,-0.5539,0.0901,-14.94,-33.5,25.38,10.05,-84.61,-140.09
52.388744,-1.588883,170.61,5.28,3,95.57,19 / 21,4339109,2019-09-06 20:32:24:852,-0.5966,-1.386,9.8471,-0.0052,-0.0213,9.8066,-0.021,-0.5548,0.0493,-13.94,-33.5,26,13.41,-84.4,-139.8
52.388744,-1.588883,170.61,5.28,3,95.57,19 / 21,4339210,2019-09-06 20:32:24:953,-0.4453,-1.3611,9.8594,-0.0055,-0.0129,9.8065,-0.01,-0.5122,0.0812,-13,-33.44,25.88,15.73,-84.1,-139.6
52.388744,-1.588883,170.61,5.28,3,95.57,19 / 21,4339310,2019-09-06 20:32:25:053,-0.3999,-0.71,10.2805,-0.0059,-0.0186,9.8065,-0.0353,-0.5034,0.0682,-12.25,-33.94,26.56,19.29,-83.83,-139.2
52.388744,-1.588883,170.61,5.28,3,95.57,19 / 20,4339410,2019-09-06 20:32:25:153,-0.5102,-1.4923,10.0067,-0.0072,-0.0093,9.8066,-0.0147,-0.4624,0.0398,-11.81,-34.12,26.69,19.71,-83.66,-138.9
52.388744,-1.588883,170.61,5.28,3,95.57,19 / 20,4339509,2019-09-06 20:32:25:252,-0.7868,-1.0661,10.041,-0.0023,-0.0105,9.8066,-0.0229,-0.4429,0.0871,-11.37,-34.81,27.94,22.08,-83.42,-139.48
52.388744,-1.588883,170.61,5.28,3,95.57,19 / 20,4339610,2019-09-06 20:32:25:353,-0.8315,-1.9534,9.4211,-0.0096,-0.001,9.8066,-0.0718,-0.4565,0.0303,-10.19,-35.19,27.88,24.55,-83.29,-139.22
52.388744,-1.588883,170.61,5.28,3,95.57,19 / 20,4339709,2019-09-06 20:32:25:452,-0.6932,-2.3248,9.6015,0.0073,-0.0178,9.8066,-0.0805,-0.43,0.0227,-9.31,-35.19,28,26.42,-83.23,-139.5
52.388744,-1.588883,170.61,5.28,3,95.57,19 / 20,4339810,2019-09-06 20:32:25:553,-0.7237,-0.5873,9.8864,0.0136,-0.0184,9.8066,-0.0027,-0.4079,0.013,-8.56,-35.75,28.44,24.96,-83.19,-140.89
52.388744,-1.588883,170.61,5.28,3,95.57,19 / 20,4339909,2019-09-06 20:32:25:652,-0.3562,-0.3314,9.9552,0.0055,0.0288,9.8065,-0.0101,-0.379,-0.0348,-8.69,-35.37,29.25,24.57,-83.45,-141.47
52.388744,-1.588883,170.61,5.28,3,95.57,19 / 20,4340010,2019-09-06 20:32:25:753,-0.1596,-0.2502,10.2399,0.0103,0.0253,9.8065,-0.0262,-0.3279,-0.0061,-7.94,-34.81,29.5,25.06,-83.48,-143.26
52.388744,-1.588883,170.61,5.28,3,95.57,19 / 20,4340109,2019-09-06 20:32:25:852,0.2035,-0.2225,10.0025,0.0054,0.0239,9.8066,0.0135,-0.2739,0.0191,-6.69,-33.81,29.94,26.05,-83.76,-143.98
52.388744,-1.588883,170.61,5.28,3,95.57,19 / 20,4340209,2019-09-06 20:32:25:952,-0.0445,-0.1003,9.7905,0.0084,-0.0259,9.8065,-0.0244,-0.2413,0.0197,-6.81,-34.87,30.56,24.62,-83.62,-145.72
52.388744,-1.588883,170.61,5.28,3,95.57,19 / 20,4340309,2019-09-06 20:32:26:052,-0.0033,-0.281,9.7581,0.0024,-0.0116,9.8066,-0.0176,-0.2131,0.005,-6.81,-33.87,30.06,22.84,-83.5,-146.94
52.388702,-1.588663,170.34,3.52,2,171.62,19 / 20,4340410,2019-09-06 20:32:26:153,-0.2426,0.321,10.071,-0.0012,-0.0031,9.8066,0.0065,-0.2033,0.0121,-6.12,-33.19,30.06,23.56,-83.25,-148.18
52.388702,-1.588663,170.34,3.52,2,171.62,19 / 20,4340509,2019-09-06 20:32:26:252,0.5571,0.0223,9.736,0.0145,0.0005,9.8066,-0.0118,-0.1318,-0.0237,-5.81,-33,30.06,21.86,-83.18,-149.7
52.388702,-1.588663,170.34,3.52,2,171.62,19 / 20,4340610,2019-09-06 20:32:26:353,0.6117,0.3856,9.9838,0.0072,-0.0112,9.8066,0.0725,-0.1157,0.0376,-5.31,-33.56,30,22.56,-83.1,-151.08
52.388702,-1.588663,170.34,3.52,2,171.62,19 / 20,4340710,2019-09-06 20:32:26:453,1.0468,-0.7091,9.6909,-0.0016,0.0221,9.8066,0.0953,-0.0725,-0.0105,-5.62,-33.12,29.56,20.5,-83,-150.97
52.388702,-1.588663,170.34,3.52,2,171.62,19 / 20,4340809,2019-09-06 20:32:26:552,0.0058,-0.7057,10.4217,-0.0135,0.0169,9.8065,-0.0708,-0.0866,0.0123,-5.31,-32.81,29.56,23.15,-83.06,-150.5
52.388702,-1.588663,170.34,3.52,2,171.62,19 / 20,4340909,2019-09-06 20:32:26:652,0.1691,-0.0721,10.375,0.0046,-0.0331,9.8065,-0.0012,-0.0807,0.0111,-5,-32.56,30.25,22.27,-82.8,-151.38
52.388702,-1.588663,170.34,3.52,2,171.62,19 / 20,4341009,2019-09-06 20:32:26:752,0.5323,-0.0012,9.4798,0.006,-0.0288,9.8066,-0.0446,-0.0749,0.0082,-5.31,-33.12,30.44,21.63,-82.73,-151.98
52.388702,-1.588663,170.34,3.52,2,171.62,19 / 20,4341109,2019-09-06 20:32:26:852,0.5843,0.4848,9.5304,-0.0016,0.0023,9.8066,-0.0436,-0.0418,-0.002,-4.56,-33.31,29.5,21.69,-82.73,-151.92
52.388702,-1.588663,170.34,3.52,2,171.62,19 / 20,4341209,2019-09-06 20:32:26:952,-0.1641,0.2679,9.6455,-0.0022,-0.0017,9.8066,0.0704,-0.0357,-0.0016,-4.62,-32.5,29.75,21.51,-82.71,-152
52.388702,-1.588663,170.34,3.52,2,171.62,19 / 20,4341310,2019-09-06 20:32:27:053,-0.1899,0.6397,10.1904,0.0068,0.0083,9.8066,0.0759,-0.0631,-0.0007,-4.56,-32.75,29.56,21.27,-82.65,-152.32
52.388702,-1.588663,170.34,3.52,2,171.62,19 / 21,4341410,2019-09-06 20:32:27:153,0.3061,0.1689,10.1242,0.0077,0.0086,9.8066,0.0594,-0.0267,-0.0426,-3.94,-33.37,29.81,22.17,-82.65,-153.42
52.388702,-1.588663,170.34,3.52,2,171.62,19 / 21,4341509,2019-09-06 20:32:27:252,0.8031,0.1032,10.0091,0.0095,-0.0145,9.8066,0.0079,-0.0403,-0.0016,-4.06,-33.81,29,19.93,-82.55,-155.32
52.388702,-1.588663,170.34,3.52,2,171.62,19 / 21,4341610,2019-09-06 20:32:27:353,0.2376,0.3495,9.5224,0.0016,0.0014,9.8066,-0.0503,-0.0163,0.02,-4.37,-32.94,30,19.96,-82.6,-155.35
52.388702,-1.588663,170.34,3.52,2,171.62,19 / 21,4341710,2019-09-06 20:32:27:453,-0.0417,0.2038,9.5993,-0.0035,-0.0011,9.8066,-0.0274,-0.0194,0.0179,-4.19,-33.19,29.5,20.46,-82.58,-154.93
52.388702,-1.588663,170.34,3.52,2,171.62,19 / 21,4341810,2019-09-06 20:32:27:553,0.0976,0.2507,9.7428,0.002,-0.0103,9.8066,0.0418,-0.0163,-0.0245,-4.37,-33.69,29.56,20.32,-82.52,-155.16
52.388702,-1.588663,170.34,3.52,2,171.62,19 / 21,4341910,2019-09-06 20:32:27:653,0.2799,-0.0371,10.1244,0.0074,0.0124,9.8066,0.04,-0.021,-0.0026,-4.25,-33.62,28.88,19.3,-82.44,-155.9
52.388702,-1.588663,170.34,3.52,2,171.62,19 / 21,4342009,2019-09-06 20:32:27:752,0.5073,0.1873,9.703,0.0064,0.0109,9.8066,-0.052,-0.0352,0.0119,-4.62,-32.62,29.44,16.11,-82.58,-156.54
52.388702,-1.588663,170.34,3.52,2,171.62,19 / 21,4342110,2019-09-06 20:32:27:853,0.1982,0.4315,9.5536,-0.0029,0.0006,9.8066,-0.0826,-0.0034,0.01,-4,-33,29.75,18.9,-82.59,-156.26
52.388702,-1.588663,170.34,3.52,2,171.62,19 / 21,4342210,2019-09-06 20:32:27:953,-0.0874,0.4204,10.1647,-0.0062,0.0026,9.8066,0.0622,-0.0192,0.0162,-4.25,-33.06,29.06,19.26,-82.61,-155.78
52.388702,-1.588663,170.34,3.52,2,171.62,19 / 21,4342310,2019-09-06 20:32:28:053,0.1795,0.4447,9.8783,0.0035,0.0087,9.8066,0.0525,-0.0471,-0.0078,-4,-33.5,29.06,19.44,-82.64,-155.62
52.388702,-1.588663,170.34,3.52,2,171.62,19 / 21,4342410,2019-09-06 20:32:28:153,0.129,0.1386,9.9358,0.0013,-0.0079,9.8066,0.0234,-0.0297,0.0176,-3.94,-33.62,29.38,19.46,-82.55,-155.72
52.388702,-1.588663,170.34,3.52,2,171.62,19 / 21,4342509,2019-09-06 20:32:28:252,-0.2403,0.6585,10.0441,-0.002,-0.0038,9.8066,0.004,-0.065,-0.0032,-4.19,-33.06,29.75,19.56,-82.55,-155.71
52.388702,-1.588663,170.34,3.52,2,171.62,19 / 21,4342609,2019-09-06 20:32:28:352,-0.3847,0.82,9.9158,-0.0005,-0.0047,9.8066,0.0051,-0.0984,0.024,-3.5,-33.62,29.5,21.92,-82.48,-155.7
52.388702,-1.588663,170.34,3.52,2,171.62,19 / 21,4342709,2019-09-06 20:32:28:452,0.0222,0.541,9.6898,0.002,0.0027,9.8066,0.0086,-0.0654,0.0054,-3.62,-33.5,29.19,19.13,-82.48,-155.94
52.388702,-1.588663,170.34,3.52,2,171.62,19 / 21,4342809,2019-09-06 20:32:28:552,0.0831,0.4009,9.767,0.0081,0.0016,9.8066,0.0023,-0.0585,0.0058,-3.31,-33.75,28.19,20.95,-82.45,-156.36
52.388702,-1.588663,170.34,3.52,2,171.62,19 / 21,4342909,2019-09-06 20:32:28:652,0.0473,0.2457,9.8689,0.0071,0.0018,9.8066,-0.0739,-0.0505,-0.0135,-2.94,-33.31,29.5,19.98,-82.59,-157.22
52.388702,-1.588663,170.34,3.52,2,171.62,19 / 21,4343010,2019-09-06 20:32:28:753,0.2311,0.7042,9.8553,0.0103,0.0008,9.8066,-0.0204,-0.0319,-0.009,-2.69,-33.81,29.63,19.58,-82.7,-157.61
52.388702,-1.588663,170.34,3.52,2,171.62,19 / 21,4343110,2019-09-06 20:32:28:853,0.4945,0.8168,9.938,0.0053,0.0141,9.8066,-0.0191,-0.0612,-0.0194,-2.5,-34.19,29.06,21.07,-82.78,-158.17
52.388702,-1.588663,170.34,3.52,2,171.62,19 / 21,4343209,2019-09-06 20:32:28:952,-0.1233,1.3849,10.1078,0.0001,0.0115,9.8066,-0.0006,-0.0586,0.0027,-2.81,-33.69,28.44,18.43,-82.96,-158.26
52.388702,-1.588663,170.34,3.52,2,171.62,19 / 21,4343309,2019-09-06 20:32:29:052,-0.2516,1.1022,10.1342,0.0067,-0.0112,9.8066,-0.0093,-0.0265,-0.0099,-3.25,-33.62,29.19,18,-82.91,-158.77
52.388702,-1.588663,170.34,3.52,2,171.62,20 / 21,4343410,2019-09-06 20:32:29:153,-0.0601,1.4011,9.7708,0.0052,-0.0064,9.8065,-0.0296,-0.022,0.0028,-2.56,-33.5,29.31,17.08,-82.92,-159.48
52.388702,-1.588663,170.34,3.52,2,171.62,20 / 21,4343510,2019-09-06 20:32:29:253,0.0601,1.6429,9.6802,0.0062,-0.0166,9.8066,0.0186,-0.0275,-0.0098,-2.56,-34.12,29.56,17.13,-82.89,-159.64
52.388702,-1.588663,170.34,3.52,2,171.62,20 / 21,4343609,2019-09-06 20:32:29:352,0.1266,1.2471,9.7917,0.0032,-0.0123,9.8066,-0.0027,-0.0522,-0.001,-2.37,-33.69,28.56,18.2,-82.75,-160.64
52.388702,-1.588663,170.34,3.52,2,171.62,20 / 21,4343710,2019-09-06 20:32:29:453,-0.057,1.4074,10.0201,0,-0.008,9.8066,0.0145,-0.0452,0.0154,-2.31,-33.69,28.5,18.01,-82.63,-160.85
52.388702,-1.588663,170.34,3.52,2,171.62,20 / 21,4343810,2019-09-06 20:32:29:553,-0.0881,1.308,9.9267,0.0034,-0.0114,9.8066,-0.0028,-0.0597,-0.0001,-2.75,-33.94,29.5,15.38,-82.57,-161.25
52.388702,-1.588663,170.34,3.52,2,171.62,20 / 21,4343910,2019-09-06 20:32:29:653,0.1411,1.1525,9.7048,0.0025,-0.0002,9.8066,-0.0208,-0.0171,-0.0302,-2.31,-33.25,29.81,16.82,-82.54,-161.87
52.388702,-1.588663,170.34,3.52,2,171.62,20 / 21,4344010,2019-09-06 20:32:29:753,-0.1829,2.0406,10.1154,0.0018,-0.0074,9.8066,0.0088,-0.0393,0.0093,-2.37,-33.69,29.56,16.81,-82.53,-161.95
52.388702,-1.588663,170.34,3.52,2,171.62,20 / 21,4344109,2019-09-06 20:32:29:852,0.2001,1.4094,9.7209,0.0069,0.0065,9.8066,0.0199,-0.0286,-0.019,-1.81,-33.75,28.81,15.83,-82.55,-162.73
52.388702,-1.588663,170.34,3.52,2,171.62,20 / 21,4344210,2019-09-06 20:32:29:953,0.2056,1.3761,9.7358,0.0009,-0.0093,9.8066,0.0268,-0.0702,0.0334,-2.56,-33.56,29.25,12.75,-82.52,-163.37
52.388702,-1.588663,170.34,3.52,2,171.62,20 / 21,4344309,2019-09-06 20:32:30:052,0.0491,0.8687,9.66,-0.008,-0.0071,9.8066,0.0359,-0.065,0.0125,-2.94,-33.62,29.75,13.33,-82.4,-163.05
52.388702,-1.588663,170.34,3.52,2,171.62,19 / 22,4344410,2019-09-06 20:32:30:153,0.1545,0.5511,9.7053,-0.0039,-0.0093,9.8066,0.0052,-0.0406,0.0119,-2.25,-32.87,29.5,15.78,-82.29,-162.84
52.388702,-1.588663,170.34,3.52,2,171.62,19 / 22,4344509,2019-09-06 20:32:30:252,-0.0367,0.3447,9.9701,0.0003,-0.006,9.8066,0.0315,-0.0345,0.0022,-2.19,-33.31,29.75,15.96,-82.15,-162.73
52.388702,-1.588663,170.34,3.52,2,171.62,19 / 22,4344610,2019-09-06 20:32:30:353,0.0213,0.3704,9.7812,0.0054,0.0012,9.8066,-0.0022,-0.0449,-0.0178,-2.25,-33.56,29.44,15.46,-82.12,-163.18
52.388702,-1.588663,170.34,3.52,2,171.62,19 / 22,4344710,2019-09-06 20:32:30:453,0.2857,0.8209,9.8084,0.0067,0.0123,9.8066,0.0944,-0.0441,0.0139,-1.94,-33.5,29.5,14.66,-82.12,-163.85
52.388702,-1.588663,170.34,3.52,2,171.62,19 / 22,4344810,2019-09-06 20:32:30:553,0.4032,0.5412,9.9886,0.0108,0.0154,9.8065,0.0422,-0.0557,-0.0413,-1.37,-33.31,29.31,15.78,-82.23,-164.78
52.388702,-1.588663,170.34,3.52,2,171.62,19 / 22,4344910,2019-09-06 20:32:30:653,0.4887,0.4253,9.9153,0.0048,0.0076,9.8065,-0.005,-0.0289,0.0211,-2.31,-32.5,29.31,12.05,-82.29,-165.88
52.388702,-1.588663,170.34,3.52,2,171.62,19 / 22,4345010,2019-09-06 20:32:30:753,0.2647,-0.1059,10.1083,0.001,0.0125,9.8066,0.0352,-0.0308,0.0208,-1.5,-33.31,29.13,14.31,-82.3,-166
52.388702,-1.588663,170.34,3.52,2,171.62,19 / 22,4345109,2019-09-06 20:32:30:852,0.178,-0.0586,9.9715,0.0004,-0.0051,9.8065,-0.0453,-0.0396,-0.0119,-1.5,-33.31,29.25,13.76,-82.31,-166.46
52.388702,-1.588663,170.34,3.52,2,171.62,19 / 22,4345210,2019-09-06 20:32:30:953,-0.1117,0.179,9.7934,-0.0008,-0.0004,9.8066,-0.0056,-0.0229,0.0161,-1.81,-33.37,28.94,11.81,-82.33,-166.13
52.388702,-1.588663,170.34,3.52,2,171.62,19 / 22,4345309,2019-09-06 20:32:31:052,0.0116,0.4426,9.7837,0.0044,-0.0002,9.8066,0.001,-0.0459,0.0171,-1.62,-33.87,29.13,11.52,-82.34,-166.42
52.388702,-1.588663,170.34,3.52,2,171.62,19 / 21,4345410,2019-09-06 20:32:31:153,0.1586,0.3607,10.1284,0.0057,0.0012,9.8065,0.0161,-0.0488,-0.0145,-1.69,-33.25,28.75,10.91,-82.35,-166.88
52.388702,-1.588663,170.34,3.52,2,171.62,19 / 21,4345510,2019-09-06 20:32:31:253,0.304,0.4654,9.7904,0.0083,0.0044,9.8066,0.0232,-0.0528,-0.018,-1.56,-33.19,28.81,9.66,-82.32,-167.94
52.388702,-1.588663,170.34,3.52,2,171.62,19 / 21,4345610,2019-09-06 20:32:31:353,0.1801,0.1742,9.6773,0.004,0.0042,9.8066,-0.0101,-0.0443,-0.0141,-1.56,-32.94,29.31,9.05,-82.32,-168.45
52.388702,-1.588663,170.34,3.52,2,171.62,19 / 21,4345709,2019-09-06 20:32:31:452,0.1407,0.2562,10.0441,0.0034,-0.0087,9.8066,0.0209,-0.0391,0.0039,-1.06,-33.12,29.31,11.07,-82.28,-168.74
52.388702,-1.588663,170.34,3.52,2,171.62,19 / 21,4345809,2019-09-06 20:32:31:552,0.3634,0.1593,9.86,0.0091,0.0017,9.8066,0.0132,-0.0294,-0.0192,-1.12,-33.37,29.25,9.94,-82.25,-169.7
52.388702,-1.588663,170.34,3.52,2,171.62,19 / 21,4345910,2019-09-06 20:32:31:653,0.2657,0.0521,9.8458,0.0066,-0.0045,9.8066,-0.0175,-0.043,-0.019,-1.62,-33.94,28.63,6.66,-82.22,-170.51
52.388702,-1.588663,170.34,3.52,2,171.62,19 / 21,4346009,2019-09-06 20:32:31:752,0.5234,-0.1001,9.6892,0.0084,0.0001,9.8065,-0.0118,-0.0132,-0.0116,-0.87,-33.5,28.88,8.22,-82.26,-171.14
52.388702,-1.588663,170.34,3.52,2,171.62,19 / 21,4346110,2019-09-06 20:32:31:853,0.4101,-0.0146,10.0251,0.004,-0.0017,9.8066,-0.0009,-0.0312,-0.0015,-0.56,-33.25,29.19,7.48,-82.3,-171.75
52.388702,-1.588663,170.34,3.52,2,171.62,19 / 21,4346210,2019-09-06 20:32:31:953,0.2873,-0.0344,9.888,0.0035,0.001,9.8066,-0.023,-0.032,-0.0113,-0.5,-33.25,28.63,9.45,-82.32,-172.06
52.388702,-1.588663,170.34,3.52,2,171.62,19 / 21,4346310,2019-09-06 20:32:32:053,0.0917,-0.1257,9.8317,-0.0017,0.0017,9.8066,0.0024,-0.0239,0.0007,-1,-33.87,28.56,7.16,-82.34,-172.05
52.388702,-1.588663,170.34,3.52,2,171.62,19 / 20,4346409,2019-09-06 20:32:32:152,0.4525,-0.1173,9.811,0.0046,0.0032,9.8066,0.0003,-0.0181,-0.0161,-1.25,-33.94,29.31,7.07,-82.37,-172.11
52.388702,-1.588663,170.34,3.52,2,171.62,19 / 20,4346510,2019-09-06 20:32:32:253,0.3246,-0.0826,9.8469,0.0021,-0.0017,9.8066,0.0204,-0.0172,0.0023,-1.12,-33.94,29.19,6.6,-82.37,-172.51
52.388702,-1.588663,170.34,3.52,2,171.62,19 / 20,4346610,2019-09-06 20:32:32:353,0.516,-0.0133,9.82,0.0055,-0.003,9.8066,0.0009,-0.0138,-0.009,-0.37,-33.94,28.81,8.4,-82.37,-172.97
52.388702,-1.588663,170.34,3.52,2,171.62,19 / 20,4346710,2019-09-06 20:32:32:453,0.3,0.5063,10.5479,-0.0046,0.0008,9.8066,0.0566,-0.0131,0.0024,-0.62,-33.06,28.56,5.69,-82.34,-173.25
52.388702,-1.588663,170.34,3.52,2,171.62,19 / 20,4346810,2019-09-06 20:32:32:553,0.3099,0.1001,9.8652,-0.0024,-0.0304,9.8066,0.1114,-0.0038,0.0221,-0.31,-32.62,29.44,8.21,-82.19,-173.13
52.388702,-1.588663,170.34,3.52,2,171.62,19 / 20,4346909,2019-09-06 20:32:32:652,-0.03,-0.8601,9.5749,-0.003,-0.0338,9.8065,-0.0512,-0.0071,-0.0123,0.06,-33.31,30.13,8.18,-82,-173.15
52.388702,-1.588663,170.34,3.52,2,171.62,19 / 20,4347010,2019-09-06 20:32:32:753,0.2074,-0.5532,9.4747,0.0043,-0.0128,9.8065,0.0061,-0.0026,-0.0335,0,-33.12,29.69,7.98,-81.76,-173.36
52.388702,-1.588663,170.34,3.52,2,171.62,19 / 20,4347109,2019-09-06 20:32:32:852,0.1336,-0.8606,9.98,0.0059,-0.0154,9.8066,-0.0271,0.0198,-0.0365,0.75,-33.62,29.38,8.92,-81.61,-174.66
52.388702,-1.588663,170.34,3.52,2,171.62,19 / 20,4347210,2019-09-06 20:32:32:953,0.3577,-1.0505,9.7514,0.0069,-0.0022,9.8066,-0.012,0.0006,-0.0023,1.13,-33.56,29.19,8.15,-81.6,-175.3
52.388702,-1.588663,170.34,3.52,2,171.62,19 / 20,4347309,2019-09-06 20:32:33:052,0.8092,-1.4157,9.6453,0.0083,-0.0191,9.8066,0.0261,0.0496,-0.0077,0.69,-32.87,28.63,6.88,-81.53,-176.32
52.388702,-1.588663,170.34,3.52,2,171.62,19 / 20,4347409,2019-09-06 20:32:33:152,0.062,-0.28,9.7897,-0.0058,-0.0269,9.8065,-0.115,-0.0211,0.0365,1,-34,29.94,7.13,-81.51,-176.05
52.388702,-1.588663,170.34,3.52,2,171.62,19 / 20,4347510,2019-09-06 20:32:33:253,-0.062,-0.2977,9.5816,-0.0029,0.0279,9.8065,0.0125,0.0167,-0.023,1.19,-33.81,29.81,7.94,-81.87,-175.31
52.388702,-1.588663,170.34,3.52,2,171.62,19 / 20,4347609,2019-09-06 20:32:33:352,0.0699,-0.3289,9.4926,-0.0057,0.0011,9.8066,-0.0068,0.0157,0.0294,0.56,-33.87,29.69,8.48,-82,-174.84
52.388702,-1.588663,170.34,3.52,2,171.62,19 / 20,4347710,2019-09-06 20:32:33:453,0.4989,-0.4005,10.0674,0.0129,0.0191,9.8065,0.0275,-0.0053,-0.0439,0.31,-33,30,5.6,-82.21,-175.28
52.388702,-1.588663,170.34,3.52,2,171.62,19 / 20,4347810,2019-09-06 20:32:33:553,0.4364,-1.2452,10.2186,0.0043,0.0253,9.8066,0.03,0.0094,-0.0182,0.31,-32.44,30.94,4.9,-82.21,-175.83
52.388702,-1.588663,170.34,3.52,2,171.62,19 / 20,4347910,2019-09-06 20:32:33:653,-0.0479,-0.1198,10.2338,0.0061,-0.0271,9.8066,-0.0065,0.0405,-0.0184,0.38,-32.31,30.5,5.06,-82.22,-175.69
52.388702,-1.588663,170.34,3.52,2,171.62,19 / 20,4348009,2019-09-06 20:32:33:752,0.3618,-0.8507,9.6857,0.0014,-0.0167,9.8066,0.0074,-0.0028,0.0084,0.13,-32.56,30.44,3.96,-82.07,-176.68
52.388702,-1.588663,170.34,3.52,2,171.62,19 / 20,4348109,2019-09-06 20:32:33:852,0.4192,-0.7442,9.7885,0.0028,0.0075,9.8066,0.0265,0.0128,-0.0235,-0.31,-31.69,30.19,3.78,-82.1,-176.81
52.388702,-1.588663,170.34,3.52,2,171.62,19 / 20,4348209,2019-09-06 20:32:33:952,0.5702,-1.4613,10.196,-0.0019,0.0093,9.8066,0.0218,0.0092,0.0229,-0.44,-31.44,30.63,3.76,-82.06,-176.8
52.388702,-1.588663,170.34,3.52,2,171.62,19 / 20,4348310,2019-09-06 20:32:34:053,0.5149,-0.6984,9.8453,-0.0011,-0.0208,9.8066,-0.0498,0.0356,-0.0119,-0.06,-31.19,30.94,4.12,-81.89,-176.5
52.388702,-1.588663,170.34,3.52,2,171.62,19 / 20,4348409,2019-09-06 20:32:34:152,0.3486,0.059,9.4815,-0.0012,-0.017,9.8065,-0.0302,-0.008,0.0103,-0.06,-30.75,30.69,4.06,-81.91,-176.55
52.388702,-1.588663,170.34,3.52,2,171.62,19 / 20,4348509,2019-09-06 20:32:34:252,0.4283,-0.6825,9.5547,0.0022,0.0136,9.8066,0.0638,0.011,-0.0071,0.06,-30.44,30.19,3.85,-81.89,-176.73
52.388702,-1.588663,170.34,3.52,2,171.62,19 / 20,4348609,2019-09-06 20:32:34:352,0.3969,-0.6642,10.1234,0.005,0.0077,9.8066,0.0846,0.022,-0.0162,0.13,-29.75,30.25,3.21,-81.98,-177.27
52.388702,-1.588663,170.34,3.52,2,171.62,19 / 20,4348710,2019-09-06 20:32:34:453,0.3169,-0.5882,10.0615,0.0078,-0.01,9.8066,-0.0183,0.0091,-0.0242,0.31,-29.94,30.63,2.4,-81.85,-177.95
52.388702,-1.588663,170.34,3.52,2,171.62,19 / 20,4348809,2019-09-06 20:32:34:552,0.4394,-0.3859,9.7671,0.0042,-0.0092,9.8066,-0.0003,0.013,0.0081,0.25,-30.69,29.5,1.88,-81.84,-178.42
52.388702,-1.588663,170.34,3.52,2,171.62,19 / 20,4348910,2019-09-06 20:32:34:653,0.2101,-0.5647,9.7977,0.0001,0.0044,9.8065,0.0205,-0.0247,0.005,-0.25,-30.56,29.69,2.08,-81.85,-178.24
52.388702,-1.588663,170.34,3.52,2,171.62,19 / 20,4349010,2019-09-06 20:32:34:753,0.1978,-0.3546,9.7519,0.0017,0,9.8066,0.0174,-0.0133,0.0008,0.06,-30.62,29.94,2.09,-81.79,-178.24
52.388702,-1.588663,170.34,3.52,2,171.62,19 / 20,4349109,2019-09-06 20:32:34:852,0.0931,-0.4394,10.0279,-0.0004,-0.0038,9.8066,-0.0326,-0.0091,0.0121,-0.44,-31.19,29.44,2.55,-81.74,-177.86
52.388702,-1.588663,170.34,3.52,2,171.62,19 / 20,4349210,2019-09-06 20:32:34:953,0.0649,0.129,10.286,-0.0088,0.0123,9.8065,-0.0289,-0.0116,0.0248,-0.69,-30.94,29.88,0.08,-81.74,-178.02
52.388702,-1.588663,170.34,3.52,2,171.62,19 / 20,4349309,2019-09-06 20:32:35:052,-0.0944,-0.5946,10.4713,-0.0119,0.0419,9.8065,0.0734,-0.0212,0.017,-0.31,-31.06,29.5,3.91,-81.84,-176.7
52.388386,-1.588691,169.52,5.25,3,186.6,19 / 20,4349409,2019-09-06 20:32:35:152,-0.7922,-0.9705,10.3188,-0.0008,0.0347,9.8066,0.0776,-0.0271,-0.0555,-0.81,-32,29.25,1.65,-81.81,-176.65
52.388386,-1.588691,169.52,5.25,3,186.6,19 / 20,4349510,2019-09-06 20:32:35:253,0.22,-1.1281,10.1167,0.004,-0.0048,9.8066,-0.0789,-0.0234,0.0305,-0.62,-32.31,30.13,0.94,-81.59,-177.31
52.388386,-1.588691,169.52,5.25,3,186.6,19 / 20,4349609,2019-09-06 20:32:35:352,0.9241,-0.5551,9.5275,0.0038,-0.0074,9.8066,-0.0767,-0.0371,0.0499,-1.25,-32.62,30,0.49,-81.6,-177.69
52.388386,-1.588691,169.52,5.25,3,186.6,19 / 20,4349710,2019-09-06 20:32:35:453,0.5669,-0.0568,9.8537,-0.0137,-0.0244,9.8066,0.0248,-0.0797,0.0271,-0.87,-32.44,30.94,1.6,-81.45,-176.81
52.388386,-1.588691,169.52,5.25,3,186.6,19 / 20,4349810,2019-09-06 20:32:35:553,-0.7422,-0.6564,10.2285,-0.0012,0.0129,9.8065,0.0142,-0.0227,0.0378,-0.25,-32.5,30.44,4.58,-81.61,-176.18
52.388386,-1.588691,169.52,5.25,3,186.6,19 / 20,4349909,2019-09-06 20:32:35:652,-0.6665,0.3406,9.9374,0.0047,0.0213,9.8066,0.034,-0.0053,0.0087,-0.94,-31.81,29.88,1.89,-81.67,-176.52
52.388386,-1.588691,169.52,5.25,3,186.6,19 / 20,4350010,2019-09-06 20:32:35:753,0.3395,-0.0472,10.1144,0.006,-0.0079,9.8066,0.049,-0.0222,-0.0545,-0.87,-32.37,30.75,1.95,-81.58,-176.52
52.388386,-1.588691,169.52,5.25,3,186.6,19 / 20,4350110,2019-09-06 20:32:35:853,0.4741,0.2981,9.6558,0.0105,-0.0012,9.8066,-0.0214,-0.0258,0.0294,-0.62,-32.06,30.5,0.94,-81.59,-177.37
52.388386,-1.588691,169.52,5.25,3,186.6,19 / 20,4350210,2019-09-06 20:32:35:953,0.4454,0.2317,9.8374,-0.0043,-0.0188,9.8066,-0.0949,-0.024,0.0005,-0.56,-31.56,30.38,0.84,-81.56,-177.39
52.388386,-1.588691,169.52,5.25,3,186.6,19 / 20,4350310,2019-09-06 20:32:36:053,0.0592,0.8003,9.9113,-0.0036,0.0177,9.8066,0.1116,-0.0394,0.0268,-1.5,-31.62,30.19,1.37,-81.44,-176.96
52.388386,-1.588691,169.52,5.25,3,186.6,19 / 21,4350410,2019-09-06 20:32:36:153,-0.1197,0.7975,9.9184,-0.0042,0.0126,9.8066,0.0422,-0.0355,-0.0053,-0.87,-31.87,30.25,1.89,-81.51,-176.52
52.388386,-1.588691,169.52,5.25,3,186.6,19 / 21,4350509,2019-09-06 20:32:36:252,-0.1805,0.5616,9.7181,-0.0009,0.0106,9.8066,0.0421,-0.0282,-0.0097,-1.5,-30.94,29.81,1.77,-81.46,-176.61
52.388386,-1.588691,169.52,5.25,3,186.6,19 / 21,4350610,2019-09-06 20:32:36:353,0.1994,0.2211,10.0495,-0.0032,0.0119,9.8066,0.0626,-0.0105,0.0075,-0.69,-31.25,29.31,2.05,-81.47,-176.32
52.388386,-1.588691,169.52,5.25,3,186.6,19 / 21,4350709,2019-09-06 20:32:36:452,-0.0642,0.5402,10.072,-0.0032,0.0177,9.8066,-0.0123,-0.0413,0.0101,-0.12,-31.62,29.13,4.64,-81.51,-176.16
52.388386,-1.588691,169.52,5.25,3,186.6,19 / 21,4350809,2019-09-06 20:32:36:552,-0.3453,0.3108,9.8466,-0.0025,-0.013,9.8066,-0.0091,-0.007,-0.003,0,-31.31,28.94,4.89,-81.4,-175.95
52.388386,-1.588691,169.52,5.25,3,186.6,19 / 21,4350910,2019-09-06 20:32:36:653,0.0175,0.2632,9.8402,-0.0019,-0.011,9.8066,0,-0.0269,0.0217,0.81,-31.31,29.94,7.22,-81.25,-175.9
52.388386,-1.588691,169.52,5.25,3,186.6,19 / 21,4351010,2019-09-06 20:32:36:753,0.1535,0.4051,10.0877,-0.0004,0.0011,9.8066,0.0275,-0.0439,-0.0071,1.06,-31.56,29.63,7.22,-81.27,-175.94
52.388386,-1.588691,169.52,5.25,3,186.6,19 / 21,4351109,2019-09-06 20:32:36:852,-0.0374,0.5537,10.0956,0.0023,0.0034,9.8066,-0.0187,-0.0077,-0.013,1.13,-31.25,29.25,7.25,-81.25,-175.98
52.388386,-1.588691,169.52,5.25,3,186.6,19 / 21,4351210,2019-09-06 20:32:36:953,-0.3655,0.5175,9.6774,0.0074,-0.0036,9.8066,-0.009,-0.0434,0.0134,1.25,-31.87,30.44,6.09,-81.21,-176.88
52.388386,-1.588691,169.52,5.25,3,186.6,19 / 21,4351309,2019-09-06 20:32:37:052,0.9702,0.1116,9.2553,0.0096,-0.0127,9.8065,-0.006,-0.0135,0.0122,1.44,-32.25,28.75,5.56,-81.15,-177.42
52.388386,-1.588691,169.52,5.25,3,186.6,19 / 20,4351410,2019-09-06 20:32:37:153,-0.8397,-0.7392,10.5241,-0.0188,0.0153,9.8065,0.2691,-0.0392,0.0557,0.94,-32.25,28.63,5.17,-81.27,-177.73
52.388386,-1.588691,169.52,5.25,3,186.6,19 / 20,4351509,2019-09-06 20:32:37:252,-0.9437,-0.6379,11.2835,0.0011,0.0486,9.8065,-0.3064,0.0619,-0.0324,-0.37,-33.12,29,4.56,-81.43,-176.27
52.388386,-1.588691,169.52,5.25,3,186.6,19 / 20,4351610,2019-09-06 20:32:37:353,1.182,1.3931,9.5581,0.0081,-0.0901,9.8062,-0.2797,0.0816,-0.0387,-0.62,-33.81,28.81,1.35,-81.14,-176.93
52.388386,-1.588691,169.52,5.25,3,186.6,19 / 20,4351710,2019-09-06 20:32:37:453,0.5709,1.4531,9.3633,-0.0019,0.0732,9.8063,0.0146,0.0459,-0.026,-2.12,-33.31,29.13,358.48,-81.3,-177.3
52.388386,-1.588691,169.52,5.25,3,186.6,19 / 20,4351810,2019-09-06 20:32:37:553,1.6534,1.8141,8.6258,-0.0129,0.0286,9.8066,-0.0676,0.062,0.0231,-2,-32.75,30.56,358.96,-81.65,-177.17
52.388386,-1.588691,169.52,5.25,3,186.6,19 / 20,4351909,2019-09-06 20:32:37:652,-0.062,-0.3747,10.3378,-0.0041,-0.0055,9.8066,0.3147,0.0938,0.0202,-1.56,-33.06,30.38,359.73,-81.42,-176.41
52.388386,-1.588691,169.52,5.25,3,186.6,19 / 20,4352009,2019-09-06 20:32:37:752,-0.5232,-0.3852,10.4252,-0.0186,0.0571,9.8064,0.3293,0.0467,0.0161,-2.06,-32.75,31.69,1.16,-81.27,-175.46
52.388386,-1.588691,169.52,5.25,3,186.6,19 / 20,4352110,2019-09-06 20:32:37:853,0.6637,0.2649,10.4277,-0.0147,0.0761,9.8063,-0.1388,0.0539,-0.0016,-1.5,-31.87,31.31,4.74,-81.57,-174.18
52.388386,-1.588691,169.52,5.25,3,186.6,19 / 20,4352209,2019-09-06 20:32:37:952,0.4946,-0.2008,9.597,-0.001,-0.0351,9.8065,0.0084,0.0524,0.0275,-1.31,-32.75,31.19,4.95,-81.34,-174.05
52.388386,-1.588691,169.52,5.25,3,186.6,19 / 20,4352309,2019-09-06 20:32:38:052,0.097,-0.024,9.4444,-0.0088,-0.0011,9.8066,-0.1323,0.0581,0.0182,-1.75,-32.87,30.63,3.71,-81.46,-173.22
52.388386,-1.588691,169.52,5.25,3,186.6,19 / 20,4352410,2019-09-06 20:32:38:153,0.6105,0.0597,10.0084,-0.0107,-0.015,9.8066,-0.1157,0.041,0.0088,-1.5,-32.94,31.31,7.21,-81.53,-172.15
52.388386,-1.588691,169.52,5.25,3,186.6,19 / 20,4352509,2019-09-06 20:32:38:252,-0.0657,0.5895,10.4465,-0.0089,-0.0105,9.8066,0.0475,0.043,0.0338,-1.44,-33.25,30.94,8.32,-81.61,-171.21
52.388386,-1.588691,169.52,5.25,3,186.6,19 / 20,4352610,2019-09-06 20:32:38:353,0.3941,0.9752,10.0063,-0.0088,0.0084,9.8065,0.0169,0.0422,0.0534,-1.5,-33.44,30.44,8.97,-81.6,-170.65
52.388386,-1.588691,169.52,5.25,3,186.6,19 / 20,4352710,2019-09-06 20:32:38:453,0.689,0.501,9.7156,-0.016,-0.0112,9.8066,0.0863,0.0065,0.046,-2.19,-32.25,30.63,8.41,-81.47,-169.27
52.388386,-1.588691,169.52,5.25,3,186.6,19 / 20,4352809,2019-09-06 20:32:38:552,0.3704,0.2207,9.5448,-0.0048,-0.0205,9.8065,0.0622,0.0444,0.0176,-2.19,-32.87,30.75,9.77,-81.12,-168.25
52.388386,-1.588691,169.52,5.25,3,186.6,19 / 20,4352909,2019-09-06 20:32:38:652,0.1133,-0.1385,9.5239,-0.0067,-0.0153,9.8065,0.0468,0.017,0.0051,-2.06,-32.56,31.13,9.83,-80.88,-168.25
52.388386,-1.588691,169.52,5.25,3,186.6,19 / 20,4353009,2019-09-06 20:32:38:752,0.2706,0.0879,9.6067,-0.0017,0.0177,9.8066,0.0309,-0.0031,0.0157,-2.5,-32.37,30.63,10.26,-80.95,-167.83
52.388386,-1.588691,169.52,5.25,3,186.6,19 / 20,4353110,2019-09-06 20:32:38:853,0.7844,0.2979,10.0925,-0.009,0.0249,9.8066,-0.0981,-0.0028,0.0337,-2.44,-32.5,30.94,11.07,-81.11,-167.12
52.388386,-1.588691,169.52,5.25,3,186.6,19 / 20,4353210,2019-09-06 20:32:38:953,0.0858,0.3562,10.1424,-0.0068,-0.0022,9.8065,-0.0561,-0.0116,0.0103,-2.19,-32.44,30.06,12.24,-81.31,-166.04
52.388386,-1.588691,169.52,5.25,3,186.6,19 / 20,4353310,2019-09-06 20:32:39:053,-0.2319,0.1657,9.8412,0.0016,-0.0062,9.8065,0.0115,-0.0084,0.0262,-2.31,-31.94,30.19,12.86,-81.36,-165.51
52.388386,-1.588691,169.52,5.25,3,186.6,19 / 21,4353410,2019-09-06 20:32:39:153,-0.4872,0.6523,9.6955,-0.0073,-0.0009,9.8065,-0.0314,-0.0389,0.0521,-1.87,-31.94,30.56,13.71,-81.32,-164.86
52.388386,-1.588691,169.52,5.25,3,186.6,19 / 21,4353509,2019-09-06 20:32:39:252,-0.1871,0.2038,9.8316,-0.0018,-0.0066,9.8066,0.0685,-0.043,0.0164,-2.56,-32.5,29.88,11.62,-81.23,-164.67
52.388386,-1.588691,169.52,5.25,3,186.6,19 / 21,4353610,2019-09-06 20:32:39:353,-0.0399,0.0803,9.9345,-0.0032,-0.0094,9.8065,-0.0055,-0.0563,-0.0251,-2.25,-32.31,30.06,13.99,-81.11,-164.64
52.388386,-1.588691,169.52,5.25,3,186.6,19 / 21,4353709,2019-09-06 20:32:39:452,-0.4598,-0.0633,10.383,0.0003,-0.0033,9.8066,-0.0073,-0.0701,0.0481,-2.69,-32.19,30.25,11.68,-81.08,-164.66
52.388386,-1.588691,169.52,5.25,3,186.6,19 / 21,4353810,2019-09-06 20:32:39:553,0.1393,-0.3987,10.2081,0.0001,-0.0042,9.8066,-0.0072,-0.0151,-0.0006,-2,-31.94,30.25,13.67,-81.09,-164.91
52.388386,-1.588691,169.52,5.25,3,186.6,19 / 21,4353910,2019-09-06 20:32:39:653,0.0008,0.1513,9.7149,0.0009,-0.0016,9.8066,0.0202,-0.0518,0.0088,-1.94,-32.37,29.94,13.48,-81.1,-165.06
52.388386,-1.588691,169.52,5.25,3,186.6,19 / 21,4354009,2019-09-06 20:32:39:752,0.4117,-0.0546,9.8962,-0.0005,-0.002,9.8066,0.045,0.0087,-0.0124,-1.75,-31.94,30,13.41,-81.05,-165.14
52.388386,-1.588691,169.52,5.25,3,186.6,19 / 21,4354109,2019-09-06 20:32:39:852,-0.4602,-0.2102,9.9007,0.0021,0.0074,9.8066,-0.0849,-0.035,-0.009,-1.69,-32.12,29.69,12.95,-81.02,-165.53
52.388386,-1.588691,169.52,5.25,3,186.6,19 / 21,4354209,2019-09-06 20:32:39:952,0.5038,-0.0849,9.6303,0.0019,-0.0219,9.8066,-0.0449,-0.0934,0.0221,-1.5,-32.31,29.88,14.7,-80.95,-166.01
52.388386,-1.588691,169.52,5.25,3,186.6,19 / 21,4354309,2019-09-06 20:32:40:052,-0.2613,-0.1281,9.8749,-0.0029,0.0093,9.8066,0.0164,-0.0617,0.0168,-1.06,-31.56,30.13,15.37,-81.03,-165.42
52.388386,-1.588691,169.52,5.25,3,186.6,19 / 20,4354410,2019-09-06 20:32:40:153,-0.3262,3.1666,12.0985,0.0104,0.011,9.8065,0.1829,-0.0656,0.0395,-1.06,-32.5,30.31,15.95,-81.02,-164.95
52.388386,-1.588691,169.52,5.25,3,186.6,19 / 20,4354510,2019-09-06 20:32:40:253,0.1955,4.7594,14.501,0.007,0.0097,9.8066,0.3762,-0.0677,-0.0075,-0.81,-31.87,30.94,14.39,-80.68,-166.33
52.388386,-1.588691,169.52,5.25,3,186.6,19 / 20,4354609,2019-09-06 20:32:40:352,-0.9503,-1.6648,9.513,0.0163,-0.0821,9.8062,0.5949,-0.1478,-0.0779,-0.37,-30.75,31.81,13.21,-79.46,-169.33
52.388386,-1.588691,169.52,5.25,3,186.6,19 / 20,4354710,2019-09-06 20:32:40:453,0.4399,-1.5224,7.9,0.0117,0.0398,9.8065,-0.0642,-0.1727,0.1257,-0.31,-31.37,32.06,11.89,-78.86,-170.54
52.388386,-1.588691,169.52,5.25,3,186.6,19 / 20,4354809,2019-09-06 20:32:40:552,0.2843,-2.1489,8.2415,-0.0012,-0.0616,9.8064,-0.0009,-0.0478,-0.0296,0.13,-31.5,32.31,10.69,-78.11,-171.66
52.388386,-1.588691,169.52,5.25,3,186.6,19 / 20,4354910,2019-09-06 20:32:40:653,-0.0949,1.0444,10.6851,0.0093,0.0891,9.8062,-0.2564,-0.06,0.1226,0.13,-31.69,31.81,10.99,-78.81,-171.33
52.388386,-1.588691,169.52,5.25,3,186.6,19 / 20,4355009,2019-09-06 20:32:40:752,-0.0699,1.618,11.3567,-0.014,0.1661,9.8052,-0.2313,-0.0904,-0.0019,-0.69,-33.06,30.81,11.62,-80.04,-168.83
52.388386,-1.588691,169.52,5.25,3,186.6,19 / 20,4355109,2019-09-06 20:32:40:852,-1.3286,2.2726,11.1175,0.0173,0.0968,9.8061,0.038,-0.0356,-0.0062,-0.25,-32.87,29.38,16.91,-81.91,-165.92
52.388386,-1.588691,169.52,5.25,3,186.6,19 / 20,4355210,2019-09-06 20:32:40:953,0.2201,-0.3045,8.844,0.0063,-0.0424,9.8065,0.0741,-0.1144,-0.0078,0.19,-32.56,30,15.05,-81.7,-167.47
52.388386,-1.588691,169.52,5.25,3,186.6,19 / 20,4355310,2019-09-06 20:32:41:053,-0.251,-0.9116,8.8749,-0.0003,-0.0369,9.8065,0.1922,-0.1314,0.0907,-0.19,-33.19,31.31,14.63,-80.99,-167.96
52.388386,-1.588691,169.52,5.25,3,186.6,19 / 21,4355409,2019-09-06 20:32:41:152,-0.2893,-1.4436,9.6605,-0.0159,0.0016,9.8066,0.1192,-0.145,0.055,0.38,-32.69,31.06,14.85,-80.47,-167.94
52.388386,-1.588691,169.52,5.25,3,186.6,19 / 21,4355510,2019-09-06 20:32:41:253,-1.2289,-0.1654,10.4496,-0.0126,0.0023,9.8066,-0.0295,-0.0823,0.0607,0.31,-32.06,31.19,15.92,-80.46,-166.98
52.388386,-1.588691,169.52,5.25,3,186.6,19 / 21,4355609,2019-09-06 20:32:41:352,-1.7986,-0.8998,10.3765,-0.0114,0.0205,9.8066,0.0426,-0.1655,0.0794,-0.19,-32.69,30.25,17.46,-80.72,-165.81
52.388386,-1.588691,169.52,5.25,3,186.6,19 / 21,4355710,2019-09-06 20:32:41:453,-1.2444,-1.0391,10.3748,-0.0024,0.0167,9.8066,-0.1949,-0.1832,0.0112,0.56,-31.81,29.31,22.16,-80.97,-163.81
52.388386,-1.588691,169.52,5.25,3,186.6,19 / 21,4355810,2019-09-06 20:32:41:553,-2.4613,-0.312,10.2297,0.0085,-0.0488,9.8064,-0.1137,-0.1358,0.0769,0.81,-31.75,30.06,21.35,-80.69,-164.42
52.388386,-1.588691,169.52,5.25,3,186.6,19 / 21,4355909,2019-09-06 20:32:41:652,-0.3007,-0.1098,8.9696,-0.0218,-0.0679,9.8063,-0.098,-0.053,-0.1722,1.13,-31.81,29.69,21.32,-80.47,-164.54
52.388386,-1.588691,169.52,5.25,3,186.6,19 / 21,4356010,2019-09-06 20:32:41:753,-1.9249,1.2916,9.2237,0.009,-0.0351,9.8065,-0.0797,-0.1556,0.1551,1.56,-32.25,29.44,22.74,-80.45,-165.54
52.388386,-1.588691,169.52,5.25,3,186.6,19 / 21,4356110,2019-09-06 20:32:41:853,-2.2528,-0.1174,10.1166,-0.0197,-0.0442,9.8065,-0.1259,-0.0597,-0.0799,1.19,-32.25,29.31,20.63,-80.29,-165.38
52.388386,-1.588691,169.52,5.25,3,186.6,19 / 21,4356210,2019-09-06 20:32:41:953,-1.668,0.5981,9.9013,-0.006,-0.0191,9.8066,-0.1582,-0.2046,0.0635,1,-32.81,29.75,21.63,-80.37,-164.45
52.388386,-1.588691,169.52,5.25,3,186.6,19 / 21,4356309,2019-09-06 20:32:42:052,0.067,1.0073,8.7334,0.0091,-0.0322,9.8065,0.0675,-0.2372,0.046,2.25,-32.44,28.94,23.25,-80.26,-165.22
52.388386,-1.588691,169.52,5.25,3,186.6,19 / 20,4356410,2019-09-06 20:32:42:153,-0.5797,1.5871,8.51,-0.0033,-0.0317,9.8066,-0.065,-0.2204,0.0747,1.25,-34.19,28.06,21.57,-80.28,-165.09
52.388386,-1.588691,169.52,5.25,3,186.6,19 / 20,4356509,2019-09-06 20:32:42:252,-0.4234,1.0017,9.7443,0.0157,0.0838,9.8062,0.2555,-0.1736,0.0578,2.38,-34.31,27.69,24.48,-80.17,-164.85
52.388386,-1.588691,169.52,5.25,3,186.6,19 / 20,4356610,2019-09-06 20:32:42:353,-1.0856,-0.2266,9.405,0.0045,0.0483,9.8064,0.1626,-0.1871,0.0507,1.94,-34.69,27.63,25.32,-80.54,-164.11
52.388386,-1.588691,169.52,5.25,3,186.6,19 / 20,4356709,2019-09-06 20:32:42:452,-2.8232,0.4792,11.2936,-0.0204,0.0279,9.8066,-0.1344,-0.0234,-0.023,1.88,-35.62,28.81,25.73,-80.65,-163.54
52.388386,-1.588691,169.52,5.25,3,186.6,19 / 20,4356809,2019-09-06 20:32:42:552,-1.3143,0.5921,10.0695,0.0032,0.0695,9.8063,-0.0402,-0.1529,-0.0153,2.31,-35.12,29.63,26.07,-80.82,-162.73
52.388386,-1.588691,169.52,5.25,3,186.6,19 / 20,4356909,2019-09-06 20:32:42:652,-0.8147,-2.853,10.327,-0.0137,-0.0811,9.8063,-0.228,-0.1659,-0.0041,2.5,-34.5,30,27.39,-80.32,-163.68
52.388386,-1.588691,169.52,5.25,3,186.6,19 / 20,4357009,2019-09-06 20:32:42:752,-0.4766,-0.7807,9.5182,0.0086,-0.0534,9.8064,-0.2225,-0.0902,-0.0131,3.63,-33.56,29.06,28.53,-80.46,-164.94
52.388386,-1.588691,169.52,5.25,3,186.6,19 / 20,4357110,2019-09-06 20:32:42:853,-1.582,0.0339,8.9948,0.0295,0.0219,9.8065,0.0872,0.0451,-0.1259,4,-33.12,28.75,28.28,-80.37,-165.05
52.388386,-1.588691,169.52,5.25,3,186.6,19 / 20,4357210,2019-09-06 20:32:42:953,-0.6639,0.1501,9.3267,-0.0208,-0.0273,9.8065,0.0029,-0.1451,0.0825,3.56,-33.25,28.56,27.6,-80.44,-165.57
52.388386,-1.588691,169.52,5.25,3,186.6,19 / 20,4357310,2019-09-06 20:32:43:053,-1.4922,-3.4206,7.9194,0.0099,-0.0123,9.8066,-0.3135,-0.0515,-0.0032,4.88,-33.62,27.69,30.75,-80.75,-165.36
52.388386,-1.588691,169.52,5.25,3,186.6,19 / 20,4357409,2019-09-06 20:32:43:152,-0.297,-0.991,7.6696,-0.0086,-0.001,9.8066,-0.4155,-0.1426,0.0465,4.44,-34.44,26.94,30.33,-81.34,-163.83
52.388386,-1.588691,169.52,5.25,3,186.6,19 / 20,4357510,2019-09-06 20:32:43:253,-0.4227,-0.6355,11.9133,0.04,0.1003,9.806,0.0212,-0.2434,0.0459,4.63,-34.37,26.25,35.46,-82.48,-161.27
52.388386,-1.588691,169.52,5.25,3,186.6,19 / 20,4357610,2019-09-06 20:32:43:353,0.0152,-0.3638,12.8292,0.0433,0.0441,9.8064,0.2839,0.0737,-0.1787,5,-33.75,25.81,33.67,-82.92,-162.47
52.388386,-1.588691,169.52,5.25,3,186.6,19 / 20,4357710,2019-09-06 20:32:43:453,-0.5327,0.2125,11.1467,-0.0074,-0.1212,9.8058,0.0688,0.0631,-0.146,5,-33.44,25.81,31.14,-82.54,-164.77
52.388386,-1.588691,169.52,5.25,3,186.6,19 / 20,4357810,2019-09-06 20:32:43:553,-1.1941,-2.3155,9.3383,-0.0491,-0.1129,9.8058,0.2091,-0.0922,0.0939,5.75,-33.5,27.06,29.46,-80.72,-168.84
52.388386,-1.588691,169.52,5.25,3,186.6,19 / 20,4357909,2019-09-06 20:32:43:652,-2.2071,-2.2985,9.8942,0,-0.0548,9.8064,-0.1266,-0.1125,-0.0002,5.75,-32.94,27.5,26.81,-79.57,-171.09
52.388386,-1.588691,169.52,5.25,3,186.6,19 / 20,4358009,2019-09-06 20:32:43:752,-1.339,-0.0725,9.4418,0.0043,0.0167,9.8065,-0.2021,-0.1453,0.0514,5.94,-33,27.5,27.12,-79.86,-170.66
52.388386,-1.588691,169.52,5.25,3,186.6,19 / 20,4358110,2019-09-06 20:32:43:853,-0.4454,0.3603,10.1814,0.0173,0.0524,9.8064,0.0003,-0.1221,0.0289,5.56,-33.56,26.5,28.34,-80.71,-169.92
52.388386,-1.588691,169.52,5.25,3,186.6,19 / 20,4358210,2019-09-06 20:32:43:953,0.2762,-0.9019,10.1529,-0.003,-0.0021,9.8065,0.1565,-0.0276,-0.0336,5.88,-33.06,26.63,28.3,-80.71,-169.79
52.388386,-1.588691,169.52,5.25,3,186.6,19 / 20,4358310,2019-09-06 20:32:44:053,-1.9664,-0.2373,9.8412,-0.0199,-0.0644,9.8064,0.2074,-0.2052,0.1025,6.13,-33.44,26.94,28.05,-80.52,-170.12
52.387894,-1.588889,168.49,7.98,3,216.97,19 / 20,4358409,2019-09-06 20:32:44:152,-0.6866,-1.1012,10.0891,-0.0089,-0.054,9.8064,-0.0208,-0.1549,0.0587,6.44,-33.25,27.25,27.33,-80.11,-170.97
52.387894,-1.588889,168.49,7.98,3,216.97,19 / 20,4358509,2019-09-06 20:32:44:252,-0.4532,-0.4323,10.1189,0.0046,0.0003,9.8066,-0.0168,-0.1233,0.0264,6.63,-32.62,27.13,28.92,-79.87,-171.79
52.387894,-1.588889,168.49,7.98,3,216.97,19 / 20,4358610,2019-09-06 20:32:44:353,-0.731,-0.4205,10.0001,0.0076,0.0238,9.8065,-0.0269,-0.1336,0.0414,6.19,-33.62,26.19,27.25,-80.2,-171.8
52.387894,-1.588889,168.49,7.98,3,216.97,19 / 20,4358710,2019-09-06 20:32:44:453,-1.0182,0.3007,9.7702,-0.0102,0.0031,9.8066,0.0231,-0.1265,0.0259,6.5,-33.44,25.56,30.66,-80.28,-170.86
52.387894,-1.588889,168.49,7.98,3,216.97,19 / 20,4358810,2019-09-06 20:32:44:553,-0.6985,-0.4945,9.5463,-0.0021,-0.0001,9.8066,-0.0063,-0.0874,0.0291,6.69,-33.31,25.75,31.39,-80.19,-170.32
52.387894,-1.588889,168.49,7.98,3,216.97,19 / 20,4358909,2019-09-06 20:32:44:652,-1.3783,-0.0826,9.6112,-0.0117,-0.0072,9.8066,-0.022,-0.0722,-0.0059,7.19,-33.62,25.13,33.14,-80.11,-169.99
52.387894,-1.588889,168.49,7.98,3,216.97,19 / 20,4359010,2019-09-06 20:32:44:753,-0.5767,-0.5222,9.7077,-0.0036,0.0115,9.8066,-0.0164,-0.1034,0.046,6.69,-33.44,25.5,32.66,-80.16,-169.31
52.387894,-1.588889,168.49,7.98,3,216.97,19 / 20,4359109,2019-09-06 20:32:44:852,-1.4136,0.2094,10.1189,-0.0025,0.0103,9.8066,-0.0161,-0.0936,0.0353,7.5,-34,25.63,36.15,-80.23,-168.58
52.387894,-1.588889,168.49,7.98,3,216.97,19 / 20,4359209,2019-09-06 20:32:44:952,-0.0068,0.5938,9.7469,0.0011,0.0028,9.8066,-0.0421,-0.0483,-0.0229,7.06,-34.06,25.56,33.94,-80.36,-168.31
52.387894,-1.588889,168.49,7.98,3,216.97,19 / 20,4359309,2019-09-06 20:32:45:052,-0.1222,0.6989,9.9565,-0.0042,-0.0168,9.8066,0.016,-0.0833,0.0179,7.63,-33.69,25.13,37.16,-80.38,-168.52
52.387894,-1.588889,168.49,7.98,3,216.97,19 / 20,4359410,2019-09-06 20:32:45:153,-0.6377,-0.0426,9.9434,-0.0008,-0.0037,9.8066,-0.0088,-0.0883,0.0145,7.13,-33.87,24.81,34.53,-80.44,-168.59
52.387894,-1.588889,168.49,7.98,3,216.97,19 / 20,4359509,2019-09-06 20:32:45:252,-0.1193,0.7435,9.7614,0.0028,0.0095,9.8066,-0.0307,-0.0799,0.0204,7.69,-33.94,24.56,37.07,-80.44,-168.55
52.387894,-1.588889,168.49,7.98,3,216.97,19 / 20,4359609,2019-09-06 20:32:45:352,1.0783,1.3551,9.5231,0.0077,-0.005,9.8066,0.0458,-0.0838,0.018,7.81,-34.12,24.69,36.63,-80.42,-168.93
52.387894,-1.588889,168.49,7.98,3,216.97,19 / 20,4359710,2019-09-06 20:32:45:453,0.5399,0.7615,10.0446,-0.0005,0.0145,9.8066,0.011,-0.0219,0.0224,8,-33.69,24.75,36.41,-80.46,-169.07
52.387894,-1.588889,168.49,7.98,3,216.97,19 / 20,4359810,2019-09-06 20:32:45:553,0.6872,0.9271,9.8658,0.0018,0.021,9.8066,0.0539,-0.0705,0.0257,7.63,-34.19,24.56,37.28,-80.55,-168.28
52.387894,-1.588889,168.49,7.98,3,216.97,19 / 20,4359910,2019-09-06 20:32:45:653,-0.1457,0.7318,9.5648,0.0056,0.0206,9.8066,0.0725,-0.0621,0.0401,8,-33.81,24.69,38.3,-80.55,-167.44
52.387894,-1.588889,168.49,7.98,3,216.97,19 / 20,4360010,2019-09-06 20:32:45:753,0.229,0.3251,9.9989,0.0111,0.026,9.8065,-0.0656,0.0009,0.0042,7.56,-33.94,24.38,39.73,-80.57,-167.22
52.387894,-1.588889,168.49,7.98,3,216.97,19 / 20,4360110,2019-09-06 20:32:45:853,-0.0855,1.2208,10.2776,-0.0063,-0.0127,9.8066,0.0068,-0.0677,-0.0162,7.63,-33.87,24.5,38.24,-80.55,-167.5
52.387894,-1.588889,168.49,7.98,3,216.97,19 / 20,4360210,2019-09-06 20:32:45:953,-0.1392,-0.3627,10.1756,0.0184,0.0176,9.8065,-0.1567,-0.0242,0.0226,7.44,-34.5,23.81,36.24,-80.74,-167.84
52.387894,-1.588889,168.49,7.98,3,216.97,19 / 20,4360310,2019-09-06 20:32:46:053,0.9277,1.7,9.5904,-0.0159,-0.0238,9.8065,-0.1705,0.0167,-0.0221,7.81,-34.12,24,39.51,-80.59,-167.39
52.387894,-1.588889,168.49,7.98,3,216.97,19 / 20,4360409,2019-09-06 20:32:46:152,0.2492,0.627,9.0853,0.0165,-0.0095,9.8065,-0.0748,0.0979,-0.033,7.5,-34.19,24.25,38.35,-80.79,-168.16
52.387894,-1.588889,168.49,7.98,3,216.97,19 / 20,4360509,2019-09-06 20:32:46:252,2.1445,1.7541,9.3687,-0.0032,-0.0024,9.8066,-0.113,-0.0294,0.0541,8.06,-34.12,23.63,38.14,-80.94,-168.19
52.387894,-1.588889,168.49,7.98,3,216.97,19 / 20,4360609,2019-09-06 20:32:46:352,0.5429,0.9716,9.6396,-0.0054,-0.0094,9.8066,0.0386,0.0463,-0.0202,7.56,-34.12,23.75,38.82,-80.95,-167.61
52.387894,-1.588889,168.49,7.98,3,216.97,19 / 20,4360709,2019-09-06 20:32:46:452,1.1268,0.6869,9.0616,0.01,0.0299,9.8065,0.1156,0.0392,-0.0138,7.88,-33.87,23.75,38.2,-81,-168.09
52.387894,-1.588889,168.49,7.98,3,216.97,19 / 20,4360810,2019-09-06 20:32:46:553,0.704,0.307,9.6131,0.0122,0.0117,9.8066,-0.0127,0.0462,-0.0102,7.81,-34,23.13,39.54,-81.04,-167.98
52.387894,-1.588889,168.49,7.98,3,216.97,19 / 20,4360910,2019-09-06 20:32:46:653,0.7727,0.2835,9.7275,-0.0111,-0.006,9.8066,-0.0369,0.0417,0.0063,8.38,-34.06,23.69,38.03,-81.04,-168.19
52.387894,-1.588889,168.49,7.98,3,216.97,19 / 20,4361010,2019-09-06 20:32:46:753,0.775,0.3765,10.1858,0.0025,0.0057,9.8066,-0.0107,0.0124,-0.0271,7.75,-33.87,23.63,38.44,-81.18,-167.72
52.387894,-1.588889,168.49,7.98,3,216.97,19 / 20,4361109,2019-09-06 20:32:46:852,0.8342,0.8596,9.6196,0.0088,0.0048,9.8066,-0.0149,0.0619,-0.0345,8.19,-34.25,23.5,37.94,-81.43,-167.92
52.387894,-1.588889,168.49,7.98,3,216.97,19 / 20,4361210,2019-09-06 20:32:46:953,0.9132,0.1892,10.1321,-0.0031,-0.0051,9.8066,0.0681,0.04,0.0153,7.56,-34.94,22.75,39.15,-81.5,-168.08
52.387894,-1.588889,168.49,7.98,3,216.97,19 / 20,4361310,2019-09-06 20:32:47:053,1.5227,0.7342,10.1687,-0.0028,0.0021,9.8066,0.0137,0.0975,-0.0382,7.13,-34.31,23.63,35.45,-81.59,-167.75
52.387894,-1.588889,168.49,7.98,3,216.97,19 / 20,4361410,2019-09-06 20:32:47:153,0.7767,0.6944,10.6642,-0.0054,-0.0085,9.8066,-0.0228,0.0878,-0.0269,6.94,-34.69,23.38,37.03,-81.56,-167.62
52.387894,-1.588889,168.49,7.98,3,216.97,19 / 20,4361510,2019-09-06 20:32:47:253,1.2245,0.5638,9.7172,-0.0087,-0.0054,9.8066,0.0607,0.0616,0.055,7.31,-34.69,24.25,36.1,-81.45,-167.54
52.387894,-1.588889,168.49,7.98,3,216.97,19 / 20,4361611,2019-09-06 20:32:47:354,0.5895,-0.1968,10.0579,-0.0197,-0.0065,9.8066,0.0297,0.0978,-0.0295,7.25,-34.69,25.19,36.05,-81.21,-166.91
52.387894,-1.588889,168.49,7.98,3,216.97,19 / 20,4361710,2019-09-06 20:32:47:453,1.0364,-0.331,9.8175,-0.0058,0.0045,9.8065,0.0074,0.046,0.0363,6.69,-33.75,24.75,36.52,-81.07,-166.43
52.387894,-1.588889,168.49,7.98,3,216.97,19 / 20,4361810,2019-09-06 20:32:47:553,0.7283,-0.0345,9.6615,-0.0001,0.0158,9.8066,-0.0376,0.1109,-0.0242,7,-34.19,24.63,37.34,-81.13,-165.7
52.387894,-1.588889,168.49,7.98,3,216.97,19 / 20,4361910,2019-09-06 20:32:47:653,1.1977,-1.9403,10.0927,0.0078,0.0075,9.8066,0.2485,0.079,0.0147,6.81,-34.37,24.56,37.35,-81.27,-165.57
52.387894,-1.588889,168.49,7.98,3,216.97,19 / 20,4362009,2019-09-06 20:32:47:752,1.1379,0.7009,10.1894,-0.0106,-0.0116,9.8065,-0.0572,-0.0256,-0.029,7.06,-34.25,24.13,39.15,-81.26,-164.97
52.387894,-1.588889,168.49,7.98,3,216.97,19 / 20,4362110,2019-09-06 20:32:47:853,1.963,0.7603,9.388,0.0138,0.0026,9.8066,-0.0261,0.0941,0.016,6.81,-34.06,24.38,38.98,-81.21,-165.15
52.387894,-1.588889,168.49,7.98,3,216.97,19 / 20,4362209,2019-09-06 20:32:47:952,0.1654,-1.1929,9.1388,-0.0138,-0.0228,9.8065,-0.0641,0.1201,-0.0415,7.06,-33.69,24.88,37.72,-81.08,-165.43
52.387894,-1.588889,168.49,7.98,3,216.97,19 / 20,4362309,2019-09-06 20:32:48:052,1.5335,0.2915,9.1872,0.0074,0.0059,9.8066,-0.0789,0.0454,0.0133,6.06,-33.94,25.44,35.27,-81.07,-165.39
52.387894,-1.588889,168.49,7.98,3,216.97,19 / 20,4362410,2019-09-06 20:32:48:153,0.7867,0.7688,9.6898,0.0244,0.0367,9.8065,-0.0266,0.0608,-0.0524,6.56,-34.5,24.88,37.38,-81.44,-165.4
52.387894,-1.588889,168.49,7.98,3,216.97,19 / 20,4362509,2019-09-06 20:32:48:252,1.5091,0.3859,9.8554,0.0266,0.0141,9.8065,0.053,0.0833,-0.0297,6.13,-34.69,24.81,33.84,-81.64,-166.28
52.387894,-1.588889,168.49,7.98,3,216.97,19 / 20,4362610,2019-09-06 20:32:48:353,0.7206,0.0108,10.5946,0.0137,-0.0187,9.8065,0.0406,0.1266,-0.0705,6.44,-34.25,25.25,31.73,-81.71,-167.8
52.387894,-1.588889,168.49,7.98,3,216.97,19 / 20,4362710,2019-09-06 20:32:48:453,3.1472,0.466,8.0989,-0.0079,-0.0764,9.8063,0.0632,0.0491,-0.0802,6,-35,25,28.58,-81.34,-170.83
52.387894,-1.588889,168.49,7.98,3,216.97,19 / 20,4362809,2019-09-06 20:32:48:552,2.6604,0.7306,7.5148,0.0016,-0.0024,9.8066,-0.3454,0.0984,-0.0079,6.06,-35.56,25.88,26.07,-81.32,-172.34
52.387894,-1.588889,168.49,7.98,3,216.97,19 / 20,4362910,2019-09-06 20:32:48:653,2.021,1.3582,8.4412,0.0273,0.1243,9.8058,0.268,0.1401,0.0197,6.19,-34.94,26.06,27.29,-81.16,-171.3
52.387894,-1.588889,168.49,7.98,3,216.97,19 / 20,4363010,2019-09-06 20:32:48:753,2.0443,0.0513,9.3667,0.0043,0.0869,9.8062,-0.057,0.1804,0.0551,6,-34.87,26.31,30.56,-81.99,-168.03
52.387894,-1.588889,168.49,7.98,3,216.97,19 / 20,4363110,2019-09-06 20:32:48:853,1.4893,0.4215,9.4225,-0.0224,0.0121,9.8066,-0.0414,0.0609,-0.0269,5.56,-34.19,25.94,32.55,-82.03,-166.17
52.387894,-1.588889,168.49,7.98,3,216.97,19 / 20,4363210,2019-09-06 20:32:48:953,2.2887,0.8234,9.2155,-0.0077,-0.0022,9.8066,-0.0909,0.0587,0.0573,5.06,-34.44,25.81,31.31,-82.1,-165.09
52.387894,-1.588889,168.49,7.98,3,216.97,19 / 20,4363310,2019-09-06 20:32:49:053,0.1884,0.1118,9.4206,-0.0358,-0.0438,9.8064,-0.1093,0.0924,0.1006,5.63,-33.56,26.13,35.57,-81.68,-163.89
52.387894,-1.588889,168.49,7.98,3,216.97,19 / 20,4363409,2019-09-06 20:32:49:152,-0.0512,-0.2788,10.0901,-0.0059,0.0171,9.8066,0.0231,0.0371,-0.0113,4.81,-34.06,26.31,35.3,-81.53,-162.18
52.387894,-1.588889,168.49,7.98,3,216.97,19 / 20,4363510,2019-09-06 20:32:49:253,0.7309,0.3852,9.8469,0.0138,0.0322,9.8065,0.0271,0.0609,-0.009,4.63,-34.12,26.63,34.81,-81.59,-161.93
52.387894,-1.588889,168.49,7.98,3,216.97,19 / 20,4363609,2019-09-06 20:32:49:352,0.5254,-0.1228,10,0.0208,0.0369,9.8065,0.0548,0.0631,0.001,5.13,-34.12,25.75,35.42,-81.79,-161.87
52.387894,-1.588889,168.49,7.98,3,216.97,19 / 20,4363710,2019-09-06 20:32:49:453,0.7672,-0.1878,9.6695,-0.0053,-0.0041,9.8066,0.0027,0.0191,-0.0149,4.75,-33.81,26.31,35.23,-82.2,-161.69
52.387894,-1.588889,168.49,7.98,3,216.97,19 / 20,4363810,2019-09-06 20:32:49:553,0.3799,-0.4079,9.4104,-0.0009,0.0103,9.8066,-0.0687,0.1042,-0.0823,4.56,-33.87,25.88,35.59,-82.22,-161.37
52.387894,-1.588889,168.49,7.98,3,216.97,19 / 20,4363910,2019-09-06 20:32:49:653,0.5771,0.3029,9.6138,0.0095,0.0144,9.8065,0.0114,0.0803,0.044,4.5,-34.19,25.88,35.09,-82.33,-161.71
52.387894,-1.588889,168.49,7.98,3,216.97,19 / 20,4364010,2019-09-06 20:32:49:753,0.2453,-0.4439,9.9404,-0.0033,-0.003,9.8066,0.0289,0.0363,0.0005,4.69,-34.37,26.31,35.62,-82.36,-161.22
52.387894,-1.588889,168.49,7.98,3,216.97,19 / 20,4364110,2019-09-06 20:32:49:853,0.7823,-0.1795,9.875,0.0005,-0.0024,9.8066,-0.0512,0.0194,0.0036,4.88,-34,25.88,35.73,-82.4,-161.1
52.387894,-1.588889,168.49,7.98,3,216.97,19 / 20,4364210,2019-09-06 20:32:49:953,0.9299,-0.1059,9.7154,-0.0037,-0.0062,9.8066,-0.0319,0.0004,-0.0207,5,-33.94,25.81,36.07,-82.39,-160.82
52.387894,-1.588889,168.49,7.98,3,216.97,19 / 20,4364310,2019-09-06 20:32:50:053,0.4563,-0.1011,9.4334,0.0122,0.0205,9.8065,0.0731,0.0506,0.0162,4.25,-34.5,26.06,33.24,-82.26,-161.24
52.387894,-1.588889,168.49,7.98,3,216.97,19 / 20,4364409,2019-09-06 20:32:50:152,-0.2074,-0.8853,10.0359,0.0093,0.0308,9.8065,0.17,0.0398,0.0411,4.63,-34.37,26.44,35.63,-82.5,-161.11
52.387894,-1.588889,168.49,7.98,3,216.97,19 / 20,4364509,2019-09-06 20:32:50:252,0.2501,-0.3882,10.213,0.0108,0.0324,9.8065,-0.0088,-0.0745,-0.0407,4.5,-34.5,26.25,35.58,-82.57,-161.1
52.387894,-1.588889,168.49,7.98,3,216.97,19 / 20,4364609,2019-09-06 20:32:50:352,0.5349,-0.1397,10.1281,0.0074,-0.0074,9.8066,0.0136,-0.0057,-0.0471,4.5,-34.25,26.25,35.7,-82.57,-160.99
52.387894,-1.588889,168.49,7.98,3,216.97,19 / 20,4364710,2019-09-06 20:32:50:453,-0.396,-0.2381,10.1585,0.0102,0.0016,9.8066,-0.0936,0.115,-0.0106,4.13,-33.87,26.56,31.61,-82.65,-161.83
52.387894,-1.588889,168.49,7.98,3,216.97,19 / 20,4364809,2019-09-06 20:32:50:552,0.7167,-0.1522,9.9118,-0.0019,-0.0161,9.8065,0.0221,0.0175,0.013,4.88,-33.94,26.5,33.46,-82.62,-162.29
52.387894,-1.588889,168.49,7.98,3,216.97,19 / 20,4364909,2019-09-06 20:32:50:652,0.4287,0.3655,10.1193,0.0033,-0.0071,9.8066,-0.0561,0.0288,-0.0205,4.63,-34.06,26.13,33.3,-82.61,-163.02
52.387894,-1.588889,168.49,7.98,3,216.97,19 / 20,4365009,2019-09-06 20:32:50:752,0.9009,0.1696,9.7975,-0.0054,-0.0039,9.8066,-0.0278,0.0435,-0.0254,4.63,-33.87,26.06,33.17,-82.65,-163.11
52.387894,-1.588889,168.49,7.98,3,216.97,19 / 20,4365109,2019-09-06 20:32:50:852,-0.7979,0.4689,9.6812,-0.0016,-0.0107,9.8066,-0.0495,0.0857,-0.0755,4.19,-34,26.13,30.6,-82.68,-163.17
52.387894,-1.588889,168.49,7.98,3,216.97,19 / 20,4365209,2019-09-06 20:32:50:952,0.1444,0.1904,9.5267,0.0194,0.0285,9.8065,0.012,-0.0243,0.0555,4.56,-34.75,26.38,32.49,-82.89,-163.65
52.387894,-1.588889,168.49,7.98,3,216.97,19 / 20,4365310,2019-09-06 20:32:51:053,-0.1788,-0.1724,9.8634,-0.0022,0.0138,9.8066,-0.0679,-0.0079,-0.0626,4.13,-34.37,26.06,30.03,-82.89,-163.51
52.387894,-1.588889,168.49,7.98,3,216.97,19 / 20,4365410,2019-09-06 20:32:51:153,0.3679,0.1388,9.8942,0.0027,-0.0103,9.8066,-0.0022,0.0285,-0.0268,4.38,-34.37,26,29.31,-82.98,-164.07
52.387894,-1.588889,168.49,7.98,3,216.97,19 / 20,4365509,2019-09-06 20:32:51:252,0.1255,0.0528,10.2425,0.0049,-0.0215,9.8066,0.0744,0.024,0.008,3.88,-34.25,26,27.95,-82.9,-165.28
52.387894,-1.588889,168.49,7.98,3,216.97,19 / 20,4365610,2019-09-06 20:32:51:353,-0.0355,-0.3746,9.7024,0.0068,0.0069,9.8066,0.0208,-0.0264,0,4.31,-34,26.44,27.05,-82.88,-166.06
52.387894,-1.588889,168.49,7.98,3,216.97,19 / 20,4365710,2019-09-06 20:32:51:453,0.1836,0.3404,9.8506,0.0128,-0.0094,9.8066,0.0524,0.0139,0.0195,4.56,-34.5,26.06,28.39,-82.86,-167.04
52.387894,-1.588889,168.49,7.98,3,216.97,19 / 20,4365809,2019-09-06 20:32:51:552,0.096,-0.2692,10.1944,0.0066,0.0371,9.8065,0.1077,-0.017,-0.0367,4.88,-34,25.5,27.88,-83.09,-167.33
52.387894,-1.588889,168.49,7.98,3,216.97,19 / 20,4365910,2019-09-06 20:32:51:653,0.3677,0.1845,9.9682,0.0194,0.0346,9.8065,-0.0674,0.039,-0.0021,4.63,-33.81,26.13,27.26,-83.13,-167.83
52.387894,-1.588889,168.49,7.98,3,216.97,19 / 20,4366010,2019-09-06 20:32:51:753,0.8617,0.6529,9.5851,0.0031,0.0064,9.8066,0.0392,0.0163,0.0101,4.69,-34.37,25.88,26.1,-83.11,-168.84
52.387894,-1.588889,168.49,7.98,3,216.97,19 / 20,4366109,2019-09-06 20:32:51:852,0.572,0.2059,9.8105,0.0095,0.0181,9.8066,-0.0674,-0.0275,-0.016,4.5,-33.87,25.75,25.94,-83.23,-168.9
52.387894,-1.588889,168.49,7.98,3,216.97,19 / 20,4366210,2019-09-06 20:32:51:953,0.3089,0.7383,9.7832,0.0066,-0.0044,9.8066,-0.0427,-0.0189,-0.0059,4.5,-34.06,25.69,24.79,-83.26,-169.87
52.387894,-1.588889,168.49,7.98,3,216.97,19 / 20,4366310,2019-09-06 20:32:52:053,0.5249,0.2123,10.0379,0.005,-0.0036,9.8066,0.0114,-0.0353,0.0041,4.13,-34.69,26.19,22.05,-83.35,-170.15
52.387894,-1.588889,168.49,7.98,3,216.97,19 / 21,4366409,2019-09-06 20:32:52:152,0.7151,0.8913,9.6793,0.0122,0.0002,9.8066,-0.027,-0.0143,-0.0277,4.5,-34.31,26.06,23.58,-83.38,-170.84
52.387894,-1.588889,168.49,7.98,3,216.97,19 / 21,4366509,2019-09-06 20:32:52:252,0.6427,1.0212,10.0483,0.0087,0.004,9.8066,0.0127,-0.0321,0.0065,4.06,-34.25,26,19.58,-83.42,-172.13
52.387894,-1.588889,168.49,7.98,3,216.97,19 / 21,4366610,2019-09-06 20:32:52:353,0.6672,1.1533,9.9593,0.013,0.001,9.8066,-0.0362,0.0015,-0.0313,4.75,-34.37,25.81,20.14,-83.45,-173.76
52.387894,-1.588889,168.49,7.98,3,216.97,19 / 21,4366710,2019-09-06 20:32:52:453,-0.2627,0.9974,9.938,-0.001,-0.0038,9.8066,-0.0831,0.0192,-0.0283,4.63,-34.19,26.06,18.74,-83.56,-174.91
52.387894,-1.588889,168.49,7.98,3,216.97,19 / 21,4366810,2019-09-06 20:32:52:553,0.439,1.6107,10.1339,0.0142,0.0028,9.8065,-0.0654,-0.0216,0.0209,4.38,-34.44,25.75,15.3,-83.63,-175.7
52.387894,-1.588889,168.49,7.98,3,216.97,19 / 21,4366910,2019-09-06 20:32:52:653,0.0524,1.6521,9.3925,0.0004,-0.0047,9.8066,-0.0106,0.0685,-0.075,5.13,-34.31,25.5,17.23,-83.7,-176.15
52.387894,-1.588889,168.49,7.98,3,216.97,19 / 21,4367010,2019-09-06 20:32:52:753,1.4195,1.8549,9.9189,0.0125,0.0171,9.8066,0.0735,-0.0711,0.0302,4.38,-34.31,25.88,14.05,-83.66,-176.77
52.387894,-1.588889,168.49,7.98,3,216.97,19 / 21,4367109,2019-09-06 20:32:52:852,0.1168,1.1595,9.4288,0.0088,0.0108,9.8065,-0.0638,-0.0036,0.0571,5.25,-34,25.94,15.6,-83.75,-177.53
52.387894,-1.588889,168.49,7.98,3,216.97,19 / 21,4367209,2019-09-06 20:32:52:952,1.8508,1.4395,9.5394,-0.0145,-0.013,9.8066,-0.0973,0.1011,-0.0585,3.81,-34.56,26.19,13.06,-83.7,-177.66
52.387894,-1.588889,168.49,7.98,3,216.97,19 / 21,4367310,2019-09-06 20:32:53:053,0.3724,2.0891,9.8519,0.0062,-0.0141,9.8066,0.059,-0.0378,0.0144,4.5,-34.25,25.81,14.85,-83.77,-178.17
52.387314,-1.589532,167.34,7.68,3,206.87,19 / 22,4367410,2019-09-06 20:32:53:153,1.5565,1.0939,9.9915,0.014,0.0051,9.8066,0.0152,-0.0072,0.0278,5.06,-34.5,26.13,15.22,-83.86,-177.82
52.387314,-1.589532,167.34,7.68,3,206.87,19 / 22,4367509,2019-09-06 20:32:53:252,0.7053,1.8185,9.4219,-0.003,-0.0119,9.8066,0.0318,0.0411,-0.0002,4.13,-34.87,26.13,12.07,-83.91,-178.44
52.387314,-1.589532,167.34,7.68,3,206.87,19 / 22,4367610,2019-09-06 20:32:53:353,0.4854,0.6439,9.8245,0.001,0.0261,9.8065,0.1015,0.0254,-0.0054,4.88,-33.81,26.31,13.46,-84.09,-179.26
52.387314,-1.589532,167.34,7.68,3,206.87,19 / 22,4367710,2019-09-06 20:32:53:453,0.1564,1.1953,9.9581,0.0051,0.0196,9.8066,-0.1147,0.0185,-0.0027,4.13,-34.06,26.19,11.24,-84.13,-179.04
52.387314,-1.589532,167.34,7.68,3,206.87,19 / 22,4367810,2019-09-06 20:32:53:553,0.4035,1.5267,10.0102,0.0049,-0.0129,9.8066,-0.0712,-0.0401,0.0428,4.31,-33.69,25.38,11.25,-84.23,-179.41
52.387314,-1.589532,167.34,7.68,3,206.87,19 / 22,4367910,2019-09-06 20:32:53:653,0.0949,1.8731,10.1247,0.002,-0.0131,9.8066,0.1256,0.0138,-0.0432,4.44,-33.69,25.63,10.07,-84.2,179.97
52.387314,-1.589532,167.34,7.68,3,206.87,19 / 22,4368010,2019-09-06 20:32:53:753,0.0203,1.865,9.8331,0.0165,0.027,9.8065,0.0834,-0.0315,0.0121,4.56,-33.44,25.44,10.72,-84.32,177.99
52.387314,-1.589532,167.34,7.68,3,206.87,19 / 22,4368109,2019-09-06 20:32:53:852,0.764,1.6787,9.6867,0.0139,0.0191,9.8066,0.0122,-0.0026,-0.0209,4.13,-33.19,25.75,6.64,-84.23,177.03
52.387314,-1.589532,167.34,7.68,3,206.87,19 / 22,4368209,2019-09-06 20:32:53:952,0.6036,1.4677,10.2053,0.0044,-0.0183,9.8065,0.0214,-0.0018,-0.0163,4.56,-33.94,25.56,7.39,-84.03,175.48
52.387314,-1.589532,167.34,7.68,3,206.87,19 / 22,4368310,2019-09-06 20:32:54:053,0.7098,0.6635,10.3136,0.0054,0.0007,9.8066,-0.1013,0.0333,-0.0089,5.19,-33.87,25.44,7.03,-84.1,174.72
52.387314,-1.589532,167.34,7.68,3,206.87,20 / 22,4368409,2019-09-06 20:32:54:152,0.5696,0.7274,9.9786,-0.0053,-0.0302,9.8066,-0.1034,0.0052,0.0061,5.13,-33.31,25.5,4.9,-84.19,173.37
52.387314,-1.589532,167.34,7.68,3,206.87,20 / 22,4368510,2019-09-06 20:32:54:253,0.5878,1.0235,9.3444,-0.0059,-0.0321,9.8065,0.0367,-0.006,0.0069,4.88,-33.56,25.5,5.12,-84.03,173.53
52.387314,-1.589532,167.34,7.68,3,206.87,20 / 22,4368609,2019-09-06 20:32:54:352,0.5587,1.7376,9.4004,0.0042,0.0181,9.8065,-0.0224,0.0126,-0.0107,5.19,-32.87,25.75,4.42,-84.27,172.96
52.387314,-1.589532,167.34,7.68,3,206.87,20 / 22,4368710,2019-09-06 20:32:54:453,0.575,1.5029,9.6135,0.0073,0.0178,9.8066,0.0808,0.0175,0.0085,4.5,-33.37,26,3.88,-84.31,172.49
52.387314,-1.589532,167.34,7.68,3,206.87,20 / 22,4368809,2019-09-06 20:32:54:552,1.1328,1.1977,9.1022,0.0065,0.0287,9.8066,-0.0469,0.058,-0.0126,4.5,-33.69,26.44,3.12,-84.52,171.84
52.387314,-1.589532,167.34,7.68,3,206.87,20 / 22,4368909,2019-09-06 20:32:54:652,0.2312,0.5166,9.7425,-0.0071,0.0121,9.8066,0.025,0.0305,0.059,4.56,-32.69,26,3.61,-84.65,172.29
52.387314,-1.589532,167.34,7.68,3,206.87,20 / 22,4369010,2019-09-06 20:32:54:753,-0.3371,0.9098,11.1054,-0.0185,-0.0104,9.8065,0.0406,0.0719,-0.0249,4.56,-31.87,26.63,6.06,-84.69,174.89
52.387314,-1.589532,167.34,7.68,3,206.87,20 / 22,4369110,2019-09-06 20:32:54:853,0.7578,1.8418,11.8281,0.0105,-0.0601,9.8064,0.0144,0.2417,-0.1274,4.38,-32.44,26.38,4.17,-84.38,174.91
52.387314,-1.589532,167.34,7.68,3,206.87,20 / 22,4369210,2019-09-06 20:32:54:953,-0.1553,1.5497,12.2284,-0.0149,-0.1532,9.8054,0.0531,-0.0719,0.0814,5,-31.31,27.06,4.11,-82.89,173.02
52.387314,-1.589532,167.34,7.68,3,206.87,20 / 22,4369310,2019-09-06 20:32:55:053,1.4592,-2.0367,8.0793,-0.0008,-0.1468,9.8055,0.0841,-0.052,0.079,4,-31.25,27.94,1.51,-82.03,173.13
52.387314,-1.589532,167.34,7.68,3,206.87,19 / 20,4369409,2019-09-06 20:32:55:152,-1.517,-1.8888,7.0889,-0.0336,-0.0518,9.8064,-0.0756,0.1708,0.0025,4.5,-31.56,28.56,3.92,-81.31,173.45
52.387314,-1.589532,167.34,7.68,3,206.87,19 / 20,4369510,2019-09-06 20:32:55:253,1.2309,-1.195,8.0889,-0.0053,-0.0073,9.8066,-0.1766,0.1637,-0.0585,4.75,-31.81,28.31,5.99,-81.19,174.77
52.387314,-1.589532,167.34,7.68,3,206.87,19 / 20,4369610,2019-09-06 20:32:55:353,-1.1448,-0.9263,11.1365,0.0062,0.115,9.806,-0.2945,-0.1053,0.1444,4,-33.06,27.31,3.58,-82.8,174.58
52.387314,-1.589532,167.34,7.68,3,206.87,19 / 20,4369709,2019-09-06 20:32:55:452,-0.3352,2.2,11.8423,0.0108,0.1651,9.8052,-0.1483,0.0405,-0.0615,3.44,-33.44,26.19,1.62,-84.57,174.83
52.387314,-1.589532,167.34,7.68,3,206.87,19 / 20,4369810,2019-09-06 20:32:55:553,0.4853,0.9503,10.2606,0.0138,0.0352,9.8065,0.1746,0.029,-0.0266,4.44,-33.81,26.31,0.93,-85.59,172.09
52.387314,-1.589532,167.34,7.68,3,206.87,19 / 20,4369910,2019-09-06 20:32:55:653,1.0205,-0.1842,8.942,-0.0045,-0.0865,9.8063,0.0229,0.0028,0.0012,4.31,-33.81,26.69,0.24,-85.35,171.79
52.387314,-1.589532,167.34,7.68,3,206.87,19 / 20,4370010,2019-09-06 20:32:55:753,0.3091,-1.3388,9.0104,-0.0122,-0.0925,9.8062,-0.0246,0.0414,0.0175,3.88,-33.69,27.19,0.77,-84.81,172.26
52.387314,-1.589532,167.34,7.68,3,206.87,19 / 20,4370110,2019-09-06 20:32:55:853,-0.3161,-0.1139,9.1954,-0.0123,0.0432,9.8065,0.0516,0.033,0.0167,4.13,-33.62,27.06,2.93,-83.94,174.1
52.387314,-1.589532,167.34,7.68,3,206.87,19 / 20,4370209,2019-09-06 20:32:55:952,0.1262,-0.4504,9.9143,-0.0084,0.0613,9.8064,-0.001,0.0393,0.057,4.31,-33.87,27.31,5.67,-84.42,176.53
52.387314,-1.589532,167.34,7.68,3,206.87,19 / 20,4370310,2019-09-06 20:32:56:053,0.4437,0.5829,10.6299,-0.016,-0.0045,9.8066,-0.016,-0.0023,0.0243,3.25,-34.12,27.06,5.96,-84.66,178.9
52.387314,-1.589532,167.34,7.68,3,206.87,19 / 20,4370409,2019-09-06 20:32:56:152,1.5928,-0.6273,10.0752,-0.0097,-0.0184,9.8065,-0.1537,-0.0355,0,3.31,-34.19,26.94,8.6,-84.65,-178.78
52.387314,-1.589532,167.34,7.68,3,206.87,19 / 20,4370510,2019-09-06 20:32:56:253,-0.1184,-0.4807,9.3954,-0.0162,-0.0187,9.8066,-0.06,0.0546,0.0175,3.56,-33.94,26.94,10.87,-84.63,-178.86
52.387314,-1.589532,167.34,7.68,3,206.87,19 / 20,4370609,2019-09-06 20:32:56:352,0.7339,-0.0081,9.2074,0.0073,-0.0178,9.8066,0.1767,0.0257,0.0056,3,-33.94,26.81,9.63,-84.44,-177.92
52.387314,-1.589532,167.34,7.68,3,206.87,19 / 20,4370710,2019-09-06 20:32:56:453,-0.8914,-1.1716,10.5131,0.0099,0.0039,9.8066,0.1223,-0.0274,-0.0496,3.31,-33.62,27.69,9.38,-84.09,-177.94
52.387314,-1.589532,167.34,7.68,3,206.87,19 / 20,4370809,2019-09-06 20:32:56:552,0.4789,-1.3796,9.9684,-0.0031,0.0093,9.8066,-0.2552,0.0331,0.0042,3.44,-33.75,27.25,9.17,-84.17,-178.38
52.387314,-1.589532,167.34,7.68,3,206.87,19 / 20,4370910,2019-09-06 20:32:56:653,0.3008,-2.1043,7.556,0.017,0.1096,9.806,-0.057,0.1541,0.0174,2.75,-34.12,27.06,7.65,-84.95,-179.56
52.387314,-1.589532,167.34,7.68,3,206.87,19 / 20,4371009,2019-09-06 20:32:56:752,0.3894,-0.8646,12.181,-0.0065,-0.0571,9.8065,-0.6207,-0.024,0.02,3.31,-35,25.75,10.95,-85.48,-176.81
52.387314,-1.589532,167.34,7.68,3,206.87,19 / 20,4371110,2019-09-06 20:32:56:853,-3.256,-0.1511,14.8837,-0.0314,0.0592,9.8064,-0.0793,-0.1324,0.1784,2.75,-34.37,25.69,20.42,-86.59,-167.74
52.387314,-1.589532,167.34,7.68,3,206.87,19 / 20,4371210,2019-09-06 20:32:56:953,-0.6188,-0.5179,13.0356,0.0027,-0.2083,9.8044,-0.3141,-0.0169,-0.0731,2.81,-34.12,26.06,22.69,-86.93,-165.46
52.387314,-1.589532,167.34,7.68,3,206.87,19 / 20,4371310,2019-09-06 20:32:57:053,0.8222,0.7371,6.875,-0.0047,-0.2199,9.8041,0.0087,-0.0172,-0.0691,3.31,-33.69,27.13,9.8,-85.29,-177.58
52.387314,-1.589532,167.34,7.68,3,206.87,19 / 20,4371410,2019-09-06 20:32:57:153,2.7241,-1.8855,7.6768,-0.0308,-0.1716,9.805,0.0888,-0.0603,0.2195,2.25,-33.44,28.31,7.13,-82.97,-178.03
52.387314,-1.589532,167.34,7.68,3,206.87,19 / 20,4371509,2019-09-06 20:32:57:252,-2.446,-2.6502,8.8547,-0.0412,-0.1364,9.8056,-0.498,0.0629,0.0498,2.56,-34,28.06,12.77,-82.25,-175.52
52.387314,-1.589532,167.34,7.68,3,206.87,19 / 20,4371609,2019-09-06 20:32:57:352,-1.0876,0.0648,9.8214,0.0289,0.1446,9.8055,0.0518,0.0206,-0.0769,2.94,-33.62,27.88,17.3,-83.51,-171.25
52.387314,-1.589532,167.34,7.68,3,206.87,19 / 20,4371709,2019-09-06 20:32:57:452,0.2079,0.2979,10.5853,0.0165,0.0931,9.8062,0.0335,0.0185,-0.0875,2.19,-34.87,27.31,14.52,-84.28,-171.64
52.387314,-1.589532,167.34,7.68,3,206.87,19 / 20,4371809,2019-09-06 20:32:57:552,-0.0204,-0.1931,9.9695,0.0019,0.0406,9.8065,0.092,0.0244,0.0456,2.06,-34.5,26.63,14.01,-84.6,-171.93
52.387314,-1.589532,167.34,7.68,3,206.87,19 / 20,4371909,2019-09-06 20:32:57:652,-0.0203,-1.328,10.0382,-0.0187,0.0307,9.8065,0.266,-0.0033,0.0484,2.63,-34.06,27.31,18.35,-84.66,-170.16
52.387314,-1.589532,167.34,7.68,3,206.87,19 / 20,4372009,2019-09-06 20:32:57:752,-1.1255,-1.1814,9.838,-0.0138,-0.0751,9.8063,-0.1851,0.022,-0.0114,2.94,-34.69,27.25,18.93,-83.84,-170.08
52.387314,-1.589532,167.34,7.68,3,206.87,19 / 20,4372110,2019-09-06 20:32:57:853,0.0596,0.1409,9.4245,-0.0032,-0.044,9.8065,-0.1978,-0.0036,0.0257,2.88,-34.31,27.38,18.97,-83.77,-170.01
52.387314,-1.589532,167.34,7.68,3,206.87,19 / 20,4372210,2019-09-06 20:32:57:953,0.0351,-0.1198,10.1846,-0.0011,0.0449,9.8065,-0.0014,-0.0003,0.042,2.38,-34.87,26.63,17.37,-84.2,-169.19
52.387314,-1.589532,167.34,7.68,3,206.87,19 / 20,4372310,2019-09-06 20:32:58:053,0.3654,-0.5111,10.2443,-0.0021,0.03,9.8066,0.0498,-0.0246,-0.0153,2.44,-34.31,27,18.21,-84.34,-168.33
52.387314,-1.589532,167.34,7.68,3,206.87,19 / 20,4372409,2019-09-06 20:32:58:152,-0.2236,-0.45,10.0738,-0.0073,-0.0065,9.8066,0.0198,0.0255,0.0229,2.63,-34.37,27.44,22.35,-84.28,-166.81
52.387314,-1.589532,167.34,7.68,3,206.87,19 / 20,4372510,2019-09-06 20:32:58:253,-0.7382,-0.0286,9.5497,-0.0071,-0.0089,9.8066,0.0469,-0.0181,0.0695,2.56,-33.69,27,22.32,-84.19,-166.88
52.387314,-1.589532,167.34,7.68,3,206.87,19 / 20,4372609,2019-09-06 20:32:58:352,-0.0651,0.1616,9.4283,-0.0021,-0.0121,9.8066,0.0118,-0.0195,0.0036,2.56,-34.75,27.06,22.89,-84.05,-166.54
52.387314,-1.589532,167.34,7.68,3,206.87,19 / 20,4372710,2019-09-06 20:32:58:453,-0.0814,-0.2919,10.1132,-0.0051,0.0164,9.8066,0.0035,0.023,-0.0483,1.88,-34.44,26.88,20.64,-84.09,-166.31
52.387314,-1.589532,167.34,7.68,3,206.87,19 / 20,4372809,2019-09-06 20:32:58:552,-0.1795,-0.367,10.1901,0.0075,0.0235,9.8066,-0.0221,0.0027,0.0132,2.25,-34.19,27.31,21.07,-84.29,-165.84
52.387314,-1.589532,167.34,7.68,3,206.87,19 / 20,4372909,2019-09-06 20:32:58:652,0.4354,0.3964,9.7306,-0.0014,0.0051,9.8066,-0.0125,-0.05,-0.0131,1.75,-34.37,26.94,21.79,-84.27,-165.22
52.387314,-1.589532,167.34,7.68,3,206.87,19 / 20,4373010,2019-09-06 20:32:58:753,-0.2646,0.0965,10.0112,-0.0029,0.003,9.8066,-0.005,-0.0267,0.0036,2.94,-34.69,27.31,24.88,-84.25,-164.69
52.387314,-1.589532,167.34,7.68,3,206.87,19 / 20,4373111,2019-09-06 20:32:58:854,0.0156,0.4668,9.4489,-0.0001,-0.0114,9.8065,-0.0139,0.022,0.0374,2.06,-34.69,26.94,22.7,-84.18,-164.55
52.387314,-1.589532,167.34,7.68,3,206.87,19 / 20,4373210,2019-09-06 20:32:58:953,-0.0422,-0.3286,9.721,0.004,-0.001,9.8066,-0.0474,0.0003,-0.0219,1.69,-34.62,26.81,22.82,-84.27,-164.39
52.387314,-1.589532,167.34,7.68,3,206.87,19 / 20,4373309,2019-09-06 20:32:59:052,-0.0435,0.673,9.6413,0.0075,0.0065,9.8066,-0.0385,-0.0297,-0.016,2.69,-34.62,26.75,25.44,-84.42,-164.09
52.387314,-1.589532,167.34,7.68,3,206.87,19 / 20,4373410,2019-09-06 20:32:59:153,0.6127,0.1651,9.9801,0.0005,0.0085,9.8066,-0.0365,0.0073,-0.0028,1.94,-34.62,26.94,22.84,-84.62,-164.18
52.387314,-1.589532,167.34,7.68,3,206.87,19 / 20,4373509,2019-09-06 20:32:59:252,0.9548,-0.3852,9.5818,0.0059,-0.0124,9.8066,-0.0239,0.1001,-0.0243,2.13,-34.12,26.75,21.66,-84.65,-165.14
52.387314,-1.589532,167.34,7.68,3,206.87,19 / 20,4373610,2019-09-06 20:32:59:353,-0.5357,0.7189,9.84,-0.011,-0.0335,9.8065,0.021,0.0894,-0.0541,2.25,-34.06,26.81,21.13,-84.59,-165.64
52.387314,-1.589532,167.34,7.68,3,206.87,19 / 20,4373709,2019-09-06 20:32:59:452,0.4055,-0.2172,10.2449,0.0157,0.0194,9.8065,0.0954,0.0006,0.0029,2.38,-34.06,25.94,20.15,-84.69,-166.71
52.387314,-1.589532,167.34,7.68,3,206.87,19 / 20,4373810,2019-09-06 20:32:59:553,-0.4026,0.383,9.5948,-0.0041,-0.0043,9.8066,-0.0935,0.0733,-0.0751,2.69,-34.81,25.81,22.61,-84.48,-166.91
52.387314,-1.589532,167.34,7.68,3,206.87,19 / 20,4373910,2019-09-06 20:32:59:653,1.8168,0.0926,9.1503,0.0069,0.0016,9.8066,-0.1222,0.0993,-0.0336,2.13,-35.19,26.88,18.41,-84.52,-168.14
52.387314,-1.589532,167.34,7.68,3,206.87,19 / 20,4374010,2019-09-06 20:32:59:753,0.5928,0.8418,9.4767,0.0061,0.0099,9.8066,-0.0355,0.1091,-0.0268,2.5,-35.31,27,20.34,-84.67,-168.46
52.387314,-1.589532,167.34,7.68,3,206.87,19 / 20,4374109,2019-09-06 20:32:59:852,1.5933,2.2731,10.1728,-0.0095,0.0138,9.8066,-0.0839,0.1069,-0.0226,2.13,-35.06,26.75,18.57,-84.92,-167.83
52.387314,-1.589532,167.34,7.68,3,206.87,19 / 20,4374209,2019-09-06 20:32:59:952,1.4998,1.462,10.2033,0.0002,0.0224,9.8066,0.011,0.1002,-0.0269,1.31,-34.87,27.19,17.63,-85.07,-166.49
52.387314,-1.589532,167.34,7.68,3,206.87,19 / 20,4374310,2019-09-06 20:33:00:053,0.6753,1.511,9.966,-0.0148,-0.0141,9.8066,0.0659,0.1661,0.0099,1.31,-34.56,27.06,19.44,-84.99,-164.91
52.387314,-1.589532,167.34,7.68,3,206.87,19 / 20,4374410,2019-09-06 20:33:00:153,1.3462,1.092,9.7717,-0.0041,-0.0153,9.8066,-0.0444,0.1798,-0.0681,0.81,-34.69,26.88,19.82,-84.87,-164.63
52.387314,-1.589532,167.34,7.68,3,206.87,19 / 20,4374509,2019-09-06 20:33:00:252,0.9611,1.8419,9.229,0.0124,0.0024,9.8066,-0.0364,0.168,0.0148,0.69,-34.31,27.38,19.51,-84.82,-164.86
52.387314,-1.589532,167.34,7.68,3,206.87,19 / 20,4374610,2019-09-06 20:33:00:353,1.3772,1.9665,9.6329,-0.0006,-0.0001,9.8066,0.0079,0.2033,-0.0424,0.5,-34.69,27.31,18.66,-84.97,-165.61
52.387314,-1.589532,167.34,7.68,3,206.87,19 / 20,4374709,2019-09-06 20:33:00:452,2.2596,2.6457,10.1029,0.0098,0.0339,9.8066,-0.0243,0.239,-0.0198,-0.06,-34.5,27.75,17.13,-85.2,-164.65
52.387314,-1.589532,167.34,7.68,3,206.87,19 / 20,4374810,2019-09-06 20:33:00:553,0.6968,3.6704,10.796,-0.005,0.0103,9.8066,-0.0418,0.2987,-0.13,0.13,-34.81,27.69,17.21,-85.27,-164.6
52.387314,-1.589532,167.34,7.68,3,206.87,19 / 20,4374910,2019-09-06 20:33:00:653,2.2468,2.574,10.5061,0.0076,-0.0257,9.8066,0.0197,0.2721,-0.1063,-0.31,-34.19,28.44,14.75,-85.13,-166.8
52.387314,-1.589532,167.34,7.68,3,206.87,19 / 20,4375009,2019-09-06 20:33:00:752,1.1366,1.781,10.1624,0.0193,0.0086,9.8065,-0.049,0.2064,-0.0287,-0.56,-34.87,27.88,9.71,-85.16,-169.3
52.387314,-1.589532,167.34,7.68,3,206.87,19 / 20,4375110,2019-09-06 20:33:00:853,2.4544,2.4012,9.1051,0.0211,-0.0401,9.8064,-0.1246,0.3165,-0.1583,-0.31,-34.31,28.38,10.89,-85.15,-170.26
52.387314,-1.589532,167.34,7.68,3,206.87,19 / 20,4375210,2019-09-06 20:33:00:953,1.4794,2.8336,9.5314,0.0231,-0.0166,9.8065,0.0108,0.2161,0.0124,-1.12,-34,28.19,2.66,-85.1,-175.58
52.387314,-1.589532,167.34,7.68,3,206.87,19 / 20,4375310,2019-09-06 20:33:01:053,1.4397,2.2358,9.4043,0.0115,0.0219,9.8066,-0.1525,0.2855,0.0333,-1.75,-34.31,28.94,358.82,-85.25,-177.11
52.387314,-1.589532,167.34,7.68,3,206.87,19 / 21,4375409,2019-09-06 20:33:01:152,0.7998,2.4612,9.9326,0.0006,0.0276,9.8066,0.0642,0.278,-0.027,-2,-34.87,28.56,359.28,-85.27,-176.7
52.387314,-1.589532,167.34,7.68,3,206.87,19 / 21,4375510,2019-09-06 20:33:01:253,0.7067,1.9207,9.8511,0.0059,-0.0037,9.8066,0.0524,0.2497,-0.0491,-2.25,-33.94,28.63,358.69,-85.44,-177.24
52.387314,-1.589532,167.34,7.68,3,206.87,19 / 21,4375609,2019-09-06 20:33:01:352,1.0734,1.3988,9.8426,0.005,-0.0031,9.8066,-0.0013,0.2407,-0.0123,-2.44,-34.25,28.81,357.26,-85.42,-178.53
52.387314,-1.589532,167.34,7.68,3,206.87,19 / 21,4375710,2019-09-06 20:33:01:453,1.0935,0.5051,10.0572,0.0165,-0.0064,9.8066,-0.0097,0.2673,-0.0443,-2.94,-34.44,29.13,353.75,-85.38,-179.74
52.387314,-1.589532,167.34,7.68,3,206.87,19 / 21,4375810,2019-09-06 20:33:01:553,0.9307,0.1812,9.7692,0.0235,-0.0085,9.8066,-0.0019,0.2823,-0.0927,-3.5,-34.56,28.44,348.85,-85.22,176.15
52.387314,-1.589532,167.34,7.68,3,206.87,19 / 21,4375910,2019-09-06 20:33:01:653,1.5843,0.4898,9.5039,0.0173,-0.0088,9.8065,-0.0165,0.2851,-0.0421,-3.87,-34.19,28.06,344.02,-85.11,173.82
52.387314,-1.589532,167.34,7.68,3,206.87,19 / 21,4376009,2019-09-06 20:33:01:752,1.3698,0.3854,9.6299,0.0022,0.0076,9.8066,0.0053,0.2792,-0.0184,-4.12,-33.62,28.75,342.47,-85.08,172.1
52.387314,-1.589532,167.34,7.68,3,206.87,19 / 21,4376109,2019-09-06 20:33:01:852,1.0705,0.3062,9.7965,0.0023,-0.0018,9.8066,-0.0159,0.3046,-0.043,-4.19,-34,29.38,341.8,-85.1,171.49
52.387314,-1.589532,167.34,7.68,3,206.87,19 / 21,4376209,2019-09-06 20:33:01:952,0.8834,0.4488,9.8227,0.0038,0.0133,9.8066,0.0326,0.3106,-0.0699,-4.62,-34.06,28.88,338.22,-85.21,170.13
52.387314,-1.589532,167.34,7.68,3,206.87,19 / 21,4376310,2019-09-06 20:33:02:053,1.2004,0.6873,9.8723,0.0079,0.0122,9.8066,0.0471,0.2849,0.0004,-5.31,-34.19,29,336.57,-85.16,168.65
52.38682,-1.589824,166.18,4.37,2,171.12,19 / 22,4376410,2019-09-06 20:33:02:153,0.9932,0.4916,9.586,-0.0003,0.0087,9.8066,-0.008,0.3218,-0.0528,-5.87,-33.81,28.56,333.45,-85.06,167.76
52.38682,-1.589824,166.18,4.37,2,171.12,19 / 22,4376510,2019-09-06 20:33:02:253,1.3839,0.0087,10.1157,0.0147,-0.0083,9.8065,-0.0071,0.3137,-0.0556,-5.37,-33.87,28.44,332.66,-85.15,165.53
52.38682,-1.589824,166.18,4.37,2,171.12,19 / 22,4376610,2019-09-06 20:33:02:353,1.1176,-0.134,10.1282,0.0215,-0.0042,9.8066,0.0208,0.2867,-0.0209,-6,-34.06,27.94,327.37,-85.09,162.71
52.38682,-1.589824,166.18,4.37,2,171.12,19 / 22,4376709,2019-09-06 20:33:02:452,1.7125,-0.7615,10.1067,0.0093,-0.0025,9.8066,-0.0616,0.3274,-0.0662,-6.81,-33.87,28.19,323.81,-85.08,161.37
52.38682,-1.589824,166.18,4.37,2,171.12,19 / 22,4376810,2019-09-06 20:33:02:553,1.8009,-0.079,9.7708,0.0136,-0.0055,9.8066,-0.0196,0.3298,-0.0604,-7.56,-34,27.94,319.36,-84.9,159.3
52.38682,-1.589824,166.18,4.37,2,171.12,19 / 22,4376910,2019-09-06 20:33:02:653,1.823,-1.0301,10.0022,0.0061,0.0035,9.8066,-0.0183,0.3429,-0.0209,-7.31,-33.31,28.63,321.33,-84.84,158.59
52.38682,-1.589824,166.18,4.37,2,171.12,19 / 22,4377010,2019-09-06 20:33:02:753,2.0272,-0.9755,9.7325,0.0201,-0.0206,9.8065,-0.0074,0.3531,-0.0866,-8.5,-34.62,27.75,317.62,-84.79,157.92
52.38682,-1.589824,166.18,4.37,2,171.12,19 / 22,4377109,2019-09-06 20:33:02:852,2.4685,-0.0502,9.6189,0.0308,-0.0064,9.8066,0.0134,0.3574,-0.093,-9.56,-34,27.88,311.03,-84.45,155.62
52.38682,-1.589824,166.18,4.37,2,171.12,19 / 22,4377209,2019-09-06 20:33:02:952,2.0427,-0.2702,9.9261,0.0112,0.0063,9.8066,-0.0285,0.3421,-0.0261,-9.19,-34.31,27.19,309.05,-84.29,152.94
52.38682,-1.589824,166.18,4.37,2,171.12,19 / 22,4377310,2019-09-06 20:33:03:053,2.3044,-1.0815,10.3738,-0.0013,0.0058,9.8066,-0.032,0.378,-0.0372,-9.37,-34.12,26.88,308.42,-84.27,152.38
52.38682,-1.589824,166.18,4.37,2,171.12,19 / 20,4377410,2019-09-06 20:33:03:153,1.9006,-0.4288,9.8127,0.0135,-0.004,9.8066,-0.0249,0.3646,-0.0832,-11,-35,27.19,303.06,-84.19,151.23
52.38682,-1.589824,166.18,4.37,2,171.12,19 / 20,4377509,2019-09-06 20:33:03:252,2.1446,0.5887,9.6191,0.0195,0.0031,9.8065,0.0173,0.3088,-0.0035,-10.5,-34.87,26.88,303.27,-84.11,149.75
52.38682,-1.589824,166.18,4.37,2,171.12,19 / 20,4377610,2019-09-06 20:33:03:353,2.641,-0.6155,9.8742,0.0123,-0.0069,9.8066,-0.0392,0.3613,-0.0604,-10.44,-34.56,26.63,301.91,-83.91,148.69
52.38682,-1.589824,166.18,4.37,2,171.12,19 / 20,4377711,2019-09-06 20:33:03:454,2.2285,0.0242,9.8443,0.0097,-0.0087,9.8066,-0.0228,0.3135,-0.0096,-11.87,-34.62,26.31,296.87,-83.73,148.66
52.38682,-1.589824,166.18,4.37,2,171.12,19 / 20,4377810,2019-09-06 20:33:03:553,1.4152,0.1249,9.9421,0.0115,-0.0145,9.8065,-0.0385,0.2687,-0.0412,-11.75,-34.44,26.31,298.4,-83.6,150.04
52.38682,-1.589824,166.18,4.37,2,171.12,19 / 20,4377910,2019-09-06 20:33:03:653,3.5056,0.4895,10.5174,0.0057,-0.0129,9.8066,-0.012,0.2494,0.0835,-11.87,-33.5,25.5,298.89,-83.52,150.39
52.38682,-1.589824,166.18,4.37,2,171.12,19 / 20,4378010,2019-09-06 20:33:03:753,2.8113,0.491,9.5653,-0.0156,-0.0321,9.8065,0.0006,0.4015,-0.0784,-12.62,-33.94,25.69,300.2,-83.31,153.74
52.38682,-1.589824,166.18,4.37,2,171.12,19 / 20,4378109,2019-09-06 20:33:03:852,2.1846,-0.5238,9.8838,0.0039,-0.0208,9.8065,0.0053,0.2952,0.0302,-12.69,-33.81,26.19,302.18,-83.18,155.72
52.38682,-1.589824,166.18,4.37,2,171.12,19 / 20,4378209,2019-09-06 20:33:03:952,2.0386,-0.6414,9.5774,-0.0069,-0.0287,9.8066,-0.0584,0.3059,0.0313,-13.94,-34.06,25.44,302.32,-83.09,158.72
52.38682,-1.589824,166.18,4.37,2,171.12,19 / 20,4378310,2019-09-06 20:33:04:053,3.0365,0.2767,10.3144,0.0051,-0.0151,9.8066,0.0318,0.2301,0.063,-14.5,-34.12,25.75,306.42,-82.86,161.58
52.38682,-1.589824,166.18,4.37,2,171.12,20 / 22,4378410,2019-09-06 20:33:04:153,0.688,-0.3562,10.4804,-0.0331,0.0229,9.8066,0.0688,0.3444,0.0882,-14.87,-33.19,25.13,306.16,-82.97,163.78
52.38682,-1.589824,166.18,4.37,2,171.12,20 / 22,4378509,2019-09-06 20:33:04:252,1.0423,-1.3832,10.8817,-0.0374,0.0182,9.8065,-0.1512,0.2441,-0.088,-15,-33.25,24.63,307,-83.07,164.46
52.38682,-1.589824,166.18,4.37,2,171.12,20 / 22,4378609,2019-09-06 20:33:04:352,2.659,1.1457,9.2194,0.034,-0.0576,9.8064,-0.1256,0.3021,-0.036,-15.94,-33.37,24.5,307.97,-82.78,167.16
52.38682,-1.589824,166.18,4.37,2,171.12,20 / 22,4378709,2019-09-06 20:33:04:452,0.3823,0.7243,9.8278,0.0335,-0.0787,9.8063,0.0477,0.2527,0.0192,-16.37,-33.56,23.75,308.34,-82.77,168.96
52.38682,-1.589824,166.18,4.37,2,171.12,20 / 22,4378809,2019-09-06 20:33:04:552,1.1848,-0.3321,10.2681,0.0292,-0.0292,9.8065,-0.116,0.2068,-0.0781,-17.25,-33.56,23.81,308.19,-82.95,170.14
52.38682,-1.589824,166.18,4.37,2,171.12,20 / 22,4378910,2019-09-06 20:33:04:653,1.6371,-0.614,9.9291,0.0351,-0.0235,9.8065,0.1339,0.2257,-0.0557,-16.87,-33.44,23.44,305.98,-82.71,169.52
52.38682,-1.589824,166.18,4.37,2,171.12,20 / 22,4379010,2019-09-06 20:33:04:753,1.9118,-2.3097,9.7047,-0.0144,0.0247,9.8065,0.164,0.1902,0.0937,-17.37,-33.94,22.75,305.61,-82.8,169.29
52.38682,-1.589824,166.18,4.37,2,171.12,20 / 22,4379110,2019-09-06 20:33:04:853,-0.1272,-1.1445,10.3039,0.0306,-0.0636,9.8063,-0.0942,0.2402,-0.1655,-17.25,-33.94,22.25,304.99,-82.92,170.02
52.38682,-1.589824,166.18,4.37,2,171.12,20 / 22,4379209,2019-09-06 20:33:04:952,0.6322,-1.0092,10.7987,0.0047,0.0035,9.8066,0.2206,0.1214,0.1515,-17.62,-33.56,22.69,306.09,-82.83,171.12
52.38682,-1.589824,166.18,4.37,2,171.12,20 / 22,4379309,2019-09-06 20:33:05:052,0.7892,-1.2502,10.5651,-0.02,0.0009,9.8066,-0.1261,0.1317,-0.1165,-18,-33.81,22.5,306.79,-82.82,171.78
52.38682,-1.589824,166.18,4.37,2,171.12,19 / 20,4379409,2019-09-06 20:33:05:152,0.5835,-1.1929,10.3409,0.0409,-0.0327,9.8064,-0.0628,0.059,-0.0138,-17.5,-33.44,22.63,309.11,-82.75,172.32
52.38682,-1.589824,166.18,4.37,2,171.12,19 / 20,4379509,2019-09-06 20:33:05:252,1.2225,0.3915,9.3155,0.0079,-0.0048,9.8065,0.0176,0.1246,0.0096,-18.56,-34.06,22.5,304.93,-82.38,171.89
52.38682,-1.589824,166.18,4.37,2,171.12,19 / 20,4379610,2019-09-06 20:33:05:353,1.1067,-0.3338,9.7669,-0.007,0.0054,9.8066,0.0102,0.166,0.0157,-18.12,-33.5,22.19,304.81,-82.34,171.68
52.38682,-1.589824,166.18,4.37,2,171.12,19 / 20,4379709,2019-09-06 20:33:05:452,1.5037,-0.0445,10.1783,-0.0015,0.0052,9.8066,-0.0294,0.057,-0.0124,-18.56,-33.62,22.13,302.75,-82.27,171.46
52.38682,-1.589824,166.18,4.37,2,171.12,19 / 20,4379809,2019-09-06 20:33:05:552,0.9674,-0.2384,9.6346,0.0011,-0.0189,9.8066,-0.0329,0.0273,-0.0402,-18.5,-34,21.75,305.28,-82.3,172.39
52.38682,-1.589824,166.18,4.37,2,171.12,19 / 20,4379909,2019-09-06 20:33:05:652,1.4673,0.2559,9.7607,0.008,-0.0109,9.8066,0.1293,0.024,0.0848,-18.75,-33.75,21.19,302.8,-82.3,173
52.38682,-1.589824,166.18,4.37,2,171.12,19 / 20,4380009,2019-09-06 20:33:05:752,1.5866,-0.575,9.7702,-0.0289,-0.0038,9.8065,0.0274,0.0883,-0.0128,-18.25,-33.69,21.75,306.1,-82.24,173.18
52.38682,-1.589824,166.18,4.37,2,171.12,19 / 20,4380109,2019-09-06 20:33:05:852,0.7484,0.6279,9.6163,-0.0065,0.0057,9.8066,-0.0776,-0.1472,0.0404,-19,-34.19,22,306.32,-82.31,174.67
52.38682,-1.589824,166.18,4.37,2,171.12,19 / 20,4380209,2019-09-06 20:33:05:952,1.1567,-0.7864,9.7072,0.0081,-0.0044,9.8066,0.0023,0.0604,-0.0838,-19.06,-33.44,21.88,307.68,-82.24,175.76
52.38682,-1.589824,166.18,4.37,2,171.12,19 / 20,4380309,2019-09-06 20:33:06:052,-0.906,-0.656,9.4882,0.0084,0.0103,9.8066,0.1309,0.0631,0.0106,-19.12,-33.87,22.13,306.23,-82.2,174.7
52.38682,-1.589824,166.18,4.37,2,171.12,19 / 20,4380409,2019-09-06 20:33:06:152,0.8711,-1.978,9.9226,-0.025,0.0142,9.8066,0.1709,-0.0487,-0.0456,-18.37,-33.12,21.13,307.45,-82.24,175.7
52.38682,-1.589824,166.18,4.37,2,171.12,19 / 20,4380510,2019-09-06 20:33:06:253,1.6261,-2.0092,11.6718,-0.0451,0.05,9.8064,-0.1973,0.0572,0.0453,-19.25,-34.19,21.31,305.28,-82.37,175.18
52.38682,-1.589824,166.18,4.37,2,171.12,19 / 20,4380609,2019-09-06 20:33:06:352,2.0407,-2.254,10.6948,0.0963,-0.0698,9.8058,-0.0397,-0.0075,0.0904,-19,-33.62,20.94,305.35,-82.41,175.2
52.38682,-1.589824,166.18,4.37,2,171.12,19 / 20,4380710,2019-09-06 20:33:06:453,-0.3725,-0.0129,8.7495,0.0513,-0.0591,9.8063,-0.1077,0.0416,-0.049,-19.62,-35.25,21,304.06,-81.78,176.22
52.38682,-1.589824,166.18,4.37,2,171.12,19 / 20,4380809,2019-09-06 20:33:06:552,-1.979,0.3479,9.0267,0.0092,0.0018,9.8066,-0.3894,-0.0552,0.1159,-19.56,-34.62,21.69,304.91,-81.61,175.63
52.38682,-1.589824,166.18,4.37,2,171.12,19 / 20,4380909,2019-09-06 20:33:06:652,1.4894,-0.2873,8.6379,0.0536,-0.0378,9.8063,0.1662,-0.0039,0.0211,-19.37,-34.37,21.63,306.3,-81.49,175.5
52.38682,-1.589824,166.18,4.37,2,171.12,19 / 20,4381010,2019-09-06 20:33:06:753,-0.1949,-0.2585,9.3569,-0.0922,0.0592,9.806,-0.0341,0.0298,-0.0648,-19.62,-33.37,21.94,306.76,-82.06,176.4
52.38682,-1.589824,166.18,4.37,2,171.12,19 / 20,4381110,2019-09-06 20:33:06:853,0.7883,-0.7373,10.1753,-0.0111,0.051,9.8064,0.2614,0.0929,0.0119,-18.87,-33.5,22,306.17,-81.85,174.78
52.38682,-1.589824,166.18,4.37,2,171.12,19 / 20,4381210,2019-09-06 20:33:06:953,0.6023,-0.399,10.2313,-0.027,0.0105,9.8066,0.28,0.0426,-0.081,-19.19,-34.12,21.06,302.03,-81.7,172.96
52.38682,-1.589824,166.18,4.37,2,171.12,19 / 20,4381310,2019-09-06 20:33:07:053,-0.4991,-2.2314,10.0255,-0.0202,-0.0054,9.8066,-0.0381,0.0875,-0.0306,-18.56,-33.56,21.94,305.18,-81.93,174.02
52.38682,-1.589824,166.18,4.37,2,171.12,19 / 20,4381410,2019-09-06 20:33:07:153,1.0599,-1.7913,10.7241,0.0474,-0.0429,9.8064,-0.0428,0.0286,0.0702,-18.75,-34,21.63,302.86,-81.91,171.95
52.38682,-1.589824,166.18,4.37,2,171.12,19 / 20,4381509,2019-09-06 20:33:07:252,1.4942,-1.6021,10.4751,0.0126,-0.0264,9.8065,0.0236,-0.1193,0.0333,-18.75,-33.37,21.5,304,-82.06,172.6
52.38682,-1.589824,166.18,4.37,2,171.12,19 / 20,4381609,2019-09-06 20:33:07:352,-1.2047,-0.5389,10.7134,0.006,0.0039,9.8066,-0.0341,-0.1038,-0.0705,-18.81,-33.87,21.44,303.18,-81.9,173.78
52.38682,-1.589824,166.18,4.37,2,171.12,19 / 20,4381709,2019-09-06 20:33:07:452,-1.2054,2.2689,9.1449,0.0108,0.0093,9.8066,0.1108,-0.0657,0.1335,-19.25,-33.69,20.5,302.4,-81.64,173.36
52.38682,-1.589824,166.18,4.37,2,171.12,19 / 20,4381810,2019-09-06 20:33:07:553,0.4797,-2.1777,9.6962,-0.0193,0.008,9.8066,-0.0134,0.0764,-0.0213,-18.81,-34.06,20.94,303.27,-81.45,174.36
52.38682,-1.589824,166.18,4.37,2,171.12,19 / 20,4381910,2019-09-06 20:33:07:653,-0.4806,-0.4541,9.5571,-0.0434,0.0246,9.8064,-0.1632,0.0689,-0.087,-19,-34.44,21.38,303.3,-81.65,174.16
52.38682,-1.589824,166.18,4.37,2,171.12,19 / 20,4382010,2019-09-06 20:33:07:753,0.1027,-0.392,9.3193,0.0465,-0.0237,9.8064,-0.2419,-0.0474,0.0176,-18.87,-34.25,21.69,303.55,-81.3,173.22
52.38682,-1.589824,166.18,4.37,2,171.12,19 / 20,4382109,2019-09-06 20:33:07:852,0.5696,-0.5515,9.0876,0.0375,-0.0232,9.8065,0.1247,-0.0682,-0.0306,-18.62,-34.62,20.69,301.15,-81.37,172.78
52.38682,-1.589824,166.18,4.37,2,171.12,19 / 20,4382209,2019-09-06 20:33:07:952,3.4283,2.9898,8.1755,-0.0309,0.0219,9.8065,-0.0159,0.2371,-0.0978,-18.37,-35.12,21.81,303.21,-81.6,171.51
52.38682,-1.589824,166.18,4.37,2,171.12,19 / 20,4382309,2019-09-06 20:33:08:052,-2.0051,-4.35,12.9067,-0.0324,-0.0374,9.8065,-0.2354,0.055,0.0029,-18.69,-34.56,21.94,304.34,-81.76,173.69
52.38682,-1.589824,166.18,4.37,2,171.12,19 / 20,4382409,2019-09-06 20:33:08:152,0.1852,-3.7086,10.7851,0.1567,-0.0692,9.8051,-0.2493,0.2689,-0.3057,-18.81,-34.19,22.19,306.71,-82.06,175.28
52.38682,-1.589824,166.18,4.37,2,171.12,19 / 20,4382510,2019-09-06 20:33:08:253,-0.804,0.664,10.7844,-0.0802,-0.0082,9.8062,0.1543,0.1063,-0.0957,-18.25,-34,22.13,300.24,-80.55,169.74
52.38682,-1.589824,166.18,4.37,2,171.12,19 / 20,4382609,2019-09-06 20:33:08:352,1.5188,-3.1047,10.085,-0.0003,0.0305,9.8065,-0.0293,0.2527,-0.0875,-18.94,-33.62,22.56,302.55,-80.56,171.61
52.38682,-1.589824,166.18,4.37,2,171.12,19 / 20,4382710,2019-09-06 20:33:08:453,-2.2142,-1.9351,8.3741,-0.0561,0.0023,9.8065,-0.0465,0.0685,-0.1556,-18.75,-34.06,21.63,297.23,-80.79,168.03
52.38682,-1.589824,166.18,4.37,2,171.12,19 / 20,4382809,2019-09-06 20:33:08:552,0.7477,1.3002,9.5149,-0.0317,0.042,9.8065,-0.0303,0.0167,-0.0873,-18.37,-33.94,20.63,298.17,-81.46,168.38
52.38682,-1.589824,166.18,4.37,2,171.12,19 / 20,4382909,2019-09-06 20:33:08:652,0.2749,-0.835,9.836,-0.0294,0.0182,9.8066,-0.0497,0.0621,0.0766,-18.87,-33.75,21.31,295.95,-81.65,167.43
52.38682,-1.589824,166.18,4.37,2,171.12,19 / 20,4383010,2019-09-06 20:33:08:753,0.0594,-0.7758,10.3694,0.0302,-0.0342,9.8065,0.041,-0.0436,0.0167,-17.94,-33.69,21.81,299.54,-81.49,168.04
52.38682,-1.589824,166.18,4.37,2,171.12,19 / 20,4383109,2019-09-06 20:33:08:852,3.5569,-2.4776,10.7331,-0.0922,0.0548,9.806,-0.2575,0.0152,-0.1349,-19.5,-34.37,21.69,299,-81.55,168.8
52.38682,-1.589824,166.18,4.37,2,171.12,19 / 20,4383209,2019-09-06 20:33:08:952,1.268,-3.1967,11.5928,0.046,-0.0147,9.8065,0.2188,0.032,0.0142,-18.56,-34.12,21.75,299.47,-81.21,169.61
52.38682,-1.589824,166.18,4.37,2,171.12,19 / 20,4383310,2019-09-06 20:33:09:053,0.2646,-3.1731,11.8024,-0.0476,0.0505,9.8063,-0.4598,0.0739,-0.0265,-18.94,-33.25,21.31,296.59,-81.94,167.42
52.38682,-1.589824,166.18,4.37,2,171.12,19 / 20,4383409,2019-09-06 20:33:09:152,1.7735,0.665,9.7609,0.0807,-0.0532,9.8061,-0.0561,0.1093,-0.0711,-19.56,-34,21.44,295,-82.1,167.27
52.38682,-1.589824,166.18,4.37,2,171.12,19 / 20,4383510,2019-09-06 20:33:09:253,1.0531,-3.7885,11.5984,0.0445,-0.0367,9.8064,-0.0918,0.1075,-0.0245,-18.94,-33.44,21.81,297.61,-81.44,167.38
52.38682,-1.589824,166.18,4.37,2,171.12,19 / 20,4383609,2019-09-06 20:33:09:352,1.4998,-1.3836,11.0409,0.0693,-0.0577,9.8061,0.1198,0.0607,0.0187,-18.81,-34.12,21.13,295.77,-80.87,168.17
52.38682,-1.589824,166.18,4.37,2,171.12,19 / 20,4383710,2019-09-06 20:33:09:453,-1.1443,0.3703,9.2618,-0.0171,-0.0042,9.8066,-0.4001,0.1217,-0.1059,-19,-33.87,22.19,298.49,-81.12,168.81
52.38682,-1.589824,166.18,4.37,2,171.12,19 / 20,4383810,2019-09-06 20:33:09:553,-0.2942,0.0077,10.3326,0.0513,-0.046,9.8064,-0.1675,0.0319,-0.0286,-18.94,-33.81,21.31,297.95,-81.08,169.94
52.38682,-1.589824,166.18,4.37,2,171.12,19 / 20,4383910,2019-09-06 20:33:09:653,-0.1188,-0.9829,10.3166,0.0425,-0.0243,9.8065,-0.1498,0.0194,-0.0068,-19.06,-33.81,20.69,297.69,-81.29,169.45
52.38682,-1.589824,166.18,4.37,2,171.12,19 / 20,4384010,2019-09-06 20:33:09:753,-0.2973,-0.1682,9.6904,0.0149,-0.017,9.8066,-0.0821,0.009,-0.0468,-19.19,-33.94,21.44,297.9,-81.32,169.61
52.38682,-1.589824,166.18,4.37,2,171.12,19 / 20,4384110,2019-09-06 20:33:09:853,-0.9301,-0.9241,9.6357,0.019,-0.0048,9.8066,0.0086,0.1301,-0.0182,-18.81,-34.12,21.19,297.61,-81,169.71
52.38682,-1.589824,166.18,4.37,2,171.12,19 / 20,4384210,2019-09-06 20:33:09:953,0.2693,-0.0111,9.6722,-0.0107,0.0028,9.8066,0.038,0.0718,0.0881,-19.37,-33.75,21.38,296.7,-81.02,168.85
52.38682,-1.589824,166.18,4.37,2,171.12,19 / 20,4384310,2019-09-06 20:33:10:053,-1.0514,1.1323,9.7287,0.0054,-0.0065,9.8066,-0.0212,-0.0061,-0.1662,-19.06,-33.62,20.81,297.17,-81.06,169.24
52.38682,-1.589824,166.18,4.37,2,171.12,19 / 21,4384409,2019-09-06 20:33:10:152,-0.5359,1.3024,9.4807,-0.021,0.0125,9.8066,-0.0903,0.0522,-0.0369,-18.94,-34.12,21.13,296.93,-81.21,168.84
52.38682,-1.589824,166.18,4.37,2,171.12,19 / 21,4384510,2019-09-06 20:33:10:253,-0.5188,-0.3347,9.8445,0.0029,-0.0024,9.8066,0.1594,-0.044,0.0456,-19,-33.37,21.25,297.2,-81.17,168.86
52.38682,-1.589824,166.18,4.37,2,171.12,19 / 21,4384609,2019-09-06 20:33:10:352,1.6026,-0.0971,11.1384,-0.008,-0.0067,9.8066,0.1047,-0.011,-0.0641,-19.31,-34.06,20.44,296.16,-80.86,170.22
52.38682,-1.589824,166.18,4.37,2,171.12,19 / 21,4384709,2019-09-06 20:33:10:452,0.6045,-1.1289,10.6544,-0.0133,-0.0079,9.8066,0.0232,0.0431,0.0087,-19.56,-33.69,21.38,297.88,-80.64,171.6
52.38682,-1.589824,166.18,4.37,2,171.12,19 / 21,4384810,2019-09-06 20:33:10:553,-0.2931,0.582,9.457,-0.0098,0.0025,9.8066,-0.0312,0.1009,-0.0203,-19.81,-33.56,21.44,298.58,-80.61,172.28
52.38682,-1.589824,166.18,4.37,2,171.12,19 / 21,4384910,2019-09-06 20:33:10:653,0.9869,0.5291,10.3162,0.0114,-0.013,9.8066,0.0122,0.0134,-0.0756,-19.12,-33.31,21,300.13,-80.82,171.93
52.38682,-1.589824,166.18,4.37,2,171.12,19 / 21,4385010,2019-09-06 20:33:10:753,-2.5711,-0.2354,10.2236,0.0062,0.0253,9.8066,0.0027,-0.0343,0.0553,-19.25,-33.25,20.88,299.26,-80.89,171.06
52.38682,-1.589824,166.18,4.37,2,171.12,19 / 21,4385110,2019-09-06 20:33:10:853,0.6818,1.6675,10.4295,-0.0329,0.0067,9.8065,-0.0505,0.0834,0.035,-19.56,-33.25,20.81,297.98,-80.93,171.09
52.38682,-1.589824,166.18,4.37,2,171.12,19 / 21,4385210,2019-09-06 20:33:10:953,-1.0577,-0.6634,11.3482,0.0292,-0.0483,9.8065,0.097,0.0117,-0.1137,-18.94,-33.5,20.81,298.56,-80.92,170.4
52.38682,-1.589824,166.18,4.37,2,171.12,19 / 21,4385310,2019-09-06 20:33:11:053,-1.355,1.161,11.3496,0.0438,-0.029,9.8065,0.0555,0.0191,0.0168,-19.87,-33.12,20.56,298.18,-80.47,171.78
52.386402,-1.588762,165.26,14.4,3,114.64,19 / 21,4385409,2019-09-06 20:33:11:152,0.8333,-0.0058,9.9778,0.0107,-0.0264,9.8066,0.005,-0.0581,-0.001,-19.69,-33.5,20.75,298.27,-80.23,172.14
52.386402,-1.588762,165.26,14.4,3,114.64,19 / 21,4385509,2019-09-06 20:33:11:252,0.5281,-0.9496,9.1655,-0.0111,-0.0163,9.8066,-0.201,-0.0158,0.0957,-19.81,-33.37,20.38,297.98,-80.15,173.61
52.386402,-1.588762,165.26,14.4,3,114.64,19 / 21,4385610,2019-09-06 20:33:11:353,0.5834,1.7908,9.0532,0.02,-0.0259,9.8066,-0.2751,0.0742,-0.1126,-20.37,-34.19,20.69,299.9,-80.26,173.87
52.386402,-1.588762,165.26,14.4,3,114.64,19 / 21,4385709,2019-09-06 20:33:11:452,0.2229,0.1098,9.1267,0.052,-0.0226,9.8064,0.1731,-0.0805,0.0256,-19.94,-33.87,21.19,299.42,-80.25,173.46
52.386402,-1.588762,165.26,14.4,3,114.64,19 / 21,4385810,2019-09-06 20:33:11:553,0.8801,-0.2831,11.0622,-0.0078,0.0083,9.8066,-0.0743,0.0276,0.0088,-19.94,-33.56,20.75,299.84,-80.19,173.9
52.386402,-1.588762,165.26,14.4,3,114.64,19 / 21,4385910,2019-09-06 20:33:11:653,-0.6024,-0.5044,9.661,-0.0038,0.0025,9.8066,0.0478,0.0464,-0.0748,-19.81,-33.25,20.19,297.88,-80.09,173.58
52.386402,-1.588762,165.26,14.4,3,114.64,19 / 21,4386009,2019-09-06 20:33:11:752,-0.1777,1.2687,9.9304,-0.0204,0.0244,9.8065,0.0678,0.0091,-0.1085,-19.5,-34.06,20.31,298.08,-79.88,173.14
52.386402,-1.588762,165.26,14.4,3,114.64,19 / 21,4386109,2019-09-06 20:33:11:852,1.1937,-1.0105,10.7358,-0.0123,0.0282,9.8066,-0.0104,-0.0378,0.0592,-20.44,-33.69,20.44,295.57,-80.05,171.85
52.386402,-1.588762,165.26,14.4,3,114.64,19 / 21,4386209,2019-09-06 20:33:11:952,0.1383,1.6785,9.6058,0.025,-0.0215,9.8065,-0.0786,0.1262,-0.0909,-19.87,-33.69,20,295.3,-79.97,171.69
52.386402,-1.588762,165.26,14.4,3,114.64,19 / 21,4386310,2019-09-06 20:33:12:053,-0.3064,-0.6414,10.2079,0.0174,-0.0096,9.8066,0.0819,-0.0216,0.0941,-19.44,-33.12,20.81,298.52,-80.01,171.38
52.386402,-1.588762,165.26,14.4,3,114.64,19 / 20,4386410,2019-09-06 20:33:12:153,-0.9138,0.7127,10.0127,0.0154,0.0008,9.8066,0.0405,0.1816,-0.0636,-20.25,-33.62,20.13,296.22,-79.92,172.6
52.386402,-1.588762,165.26,14.4,3,114.64,19 / 20,4386509,2019-09-06 20:33:12:252,-0.6396,-0.8907,9.2282,0.0276,-0.0511,9.8065,-0.08,-0.0675,0.0956,-20.06,-33.69,20.69,298.94,-79.52,173.85
52.386402,-1.588762,165.26,14.4,3,114.64,19 / 20,4386610,2019-09-06 20:33:12:353,0.9435,-0.4049,9.9267,-0.0508,0.0056,9.8064,0.1433,-0.0303,0.0091,-20.19,-33.81,20.75,300.35,-79.85,174.74
52.386402,-1.588762,165.26,14.4,3,114.64,19 / 20,4386709,2019-09-06 20:33:12:452,-0.9629,0.6218,9.5406,-0.0268,0.0003,9.8066,0.1394,0.0151,0.0202,-20.31,-34.06,20.56,301.81,-79.84,176.06
52.386402,-1.588762,165.26,14.4,3,114.64,19 / 20,4386810,2019-09-06 20:33:12:553,-0.5653,0.2678,10.5183,0.0018,-0.012,9.8066,-0.0118,-0.0605,0.0095,-20.5,-33.19,21.06,302.77,-79.81,176.64
52.386402,-1.588762,165.26,14.4,3,114.64,19 / 20,4386909,2019-09-06 20:33:12:652,0.7171,0.5392,10.4713,-0.011,0.0058,9.8066,-0.0532,0.088,-0.0934,-20.5,-33.25,20.63,302.95,-79.77,176.85
52.386402,-1.588762,165.26,14.4,3,114.64,19 / 20,4387010,2019-09-06 20:33:12:753,-1.7739,-0.6985,9.9482,0.0314,-0.0226,9.8065,0.0624,0.0509,-0.0784,-20.75,-32.94,20.63,302.31,-79.66,177.55
52.386402,-1.588762,165.26,14.4,3,114.64,19 / 20,4387109,2019-09-06 20:33:12:852,-0.2364,1.3942,9.8634,-0.0159,0.0058,9.8066,-0.0046,0.0383,0.075,-20.75,-33.69,20.31,299.76,-79.55,177.35
52.386402,-1.588762,165.26,14.4,3,114.64,19 / 20,4387210,2019-09-06 20:33:12:953,-0.5793,-1.0821,8.7846,-0.025,0.0534,9.8065,-0.0921,0.1024,-0.1665,-20.75,-33.31,20.38,299.64,-79.66,176.79
52.386402,-1.588762,165.26,14.4,3,114.64,19 / 20,4387310,2019-09-06 20:33:13:053,-0.1109,-0.5367,10.3218,0.0188,-0.0207,9.8065,-0.0148,-0.0144,0.0986,-20.94,-33,20.31,299.68,-79.57,176.93
52.386402,-1.588762,165.26,14.4,3,114.64,19 / 20,4387410,2019-09-06 20:33:13:153,1.1554,-0.5851,10.017,-0.0296,0.0413,9.8064,0.2761,-0.0011,0.0263,-20.69,-33,20.13,298,-79.76,175.19
52.386402,-1.588762,165.26,14.4,3,114.64,19 / 20,4387509,2019-09-06 20:33:13:252,0.7731,-0.0154,10.5675,-0.0239,0.0153,9.8065,-0.0165,0.1028,-0.0792,-20.5,-33.44,20.38,298.82,-79.44,175.18
52.386402,-1.588762,165.26,14.4,3,114.64,19 / 20,4387610,2019-09-06 20:33:13:353,0.8198,0.0278,10.9998,0.032,-0.0111,9.8065,0.0367,0.0608,0.0176,-20.12,-33.19,19.94,298.71,-79.37,175.16
52.386402,-1.588762,165.26,14.4,3,114.64,19 / 20,4387710,2019-09-06 20:33:13:453,0.0875,0.4459,9.4359,0.0153,-0.0115,9.8066,-0.0725,0.1643,-0.0848,-20.06,-33.87,20.44,297.9,-79.3,174.86
52.386402,-1.588762,165.26,14.4,3,114.64,19 / 20,4387809,2019-09-06 20:33:13:552,-0.4844,1.1125,10.0612,0.0336,-0.0322,9.8065,0.0839,-0.0339,-0.0008,-20.69,-33.94,20.06,296.58,-79.21,174.88
52.386402,-1.588762,165.26,14.4,3,114.64,19 / 20,4387910,2019-09-06 20:33:13:653,-0.2943,2.0942,10.0689,-0.0322,0.0082,9.8065,0.1869,0.0116,0.1142,-20.12,-33.31,20.38,298.46,-79.52,174.75
52.386402,-1.588762,165.26,14.4,3,114.64,19 / 20,4388009,2019-09-06 20:33:13:752,0.5416,-0.8074,11.3517,-0.055,0.044,9.8063,0.0824,0.044,-0.0473,-20.31,-33.69,19.56,297.87,-79.52,174.56
52.386402,-1.588762,165.26,14.4,3,114.64,19 / 20,4388110,2019-09-06 20:33:13:853,1.68,1.3886,9.9444,0.044,-0.0292,9.8064,-0.2772,-0.0225,0.0727,-20.56,-33.87,19.38,294.68,-79.1,175.02
52.386402,-1.588762,165.26,14.4,3,114.64,19 / 20,4388210,2019-09-06 20:33:13:953,0.0065,-1.4781,10.5037,0.0424,-0.0327,9.8064,-0.2774,0.2326,-0.06,-21.25,-33.87,19.5,297.01,-79.16,175.32
52.386402,-1.588762,165.26,14.4,3,114.64,19 / 20,4388309,2019-09-06 20:33:14:052,-1.4124,2.3793,10.009,0.0393,-0.0334,9.8065,0.0963,0.1498,-0.203,-20.69,-33.62,19.56,298.56,-79.32,176.54
52.386402,-1.588762,165.26,14.4,3,114.64,19 / 21,4388410,2019-09-06 20:33:14:153,-0.9228,0.0341,9.7455,-0.0411,0.0036,9.8066,0.0221,-0.0456,0.0486,-21.31,-33.37,19.94,298.47,-78.96,176.53
52.386402,-1.588762,165.26,14.4,3,114.64,19 / 21,4388509,2019-09-06 20:33:14:252,0.5773,0.9668,9.6048,-0.0268,0.0114,9.8065,0.1382,0.065,0.0057,-20.31,-33.19,19.25,298.61,-78.91,177.37
52.386402,-1.588762,165.26,14.4,3,114.64,19 / 21,4388610,2019-09-06 20:33:14:353,1.1774,0.4971,9.8818,-0.0469,0.0069,9.8065,0.0327,0.0489,0.0575,-21.5,-33.19,19.69,300.22,-78.93,178.12
52.386402,-1.588762,165.26,14.4,3,114.64,19 / 21,4388709,2019-09-06 20:33:14:452,-0.4378,-0.4438,8.9687,-0.0218,0.0037,9.8066,-0.1117,0.1226,-0.0878,-21.56,-33.37,19,299.17,-79.16,179.69
52.386402,-1.588762,165.26,14.4,3,114.64,19 / 21,4388810,2019-09-06 20:33:14:553,-0.8348,0.4083,8.3203,-0.0553,0.0053,9.8064,-0.0977,0.0362,0.1117,-21.31,-33.62,18.63,301.79,-79.68,-179.27
52.386402,-1.588762,165.26,14.4,3,114.64,19 / 21,4388909,2019-09-06 20:33:14:652,-4.0936,1.4283,10.5686,-0.0061,0.0109,9.8066,0.4965,0.1245,-0.0757,-21.31,-33.25,17.81,301.39,-79.98,-178.5
52.386402,-1.588762,165.26,14.4,3,114.64,19 / 21,4389009,2019-09-06 20:33:14:752,-1.0795,-0.0913,11.9292,-0.0187,0.03,9.8065,0.1968,-0.1334,-0.0903,-21.25,-33.5,18.63,302.08,-80.02,-179.71
52.386402,-1.588762,165.26,14.4,3,114.64,19 / 21,4389110,2019-09-06 20:33:14:853,2.047,2.651,12.1293,0.0718,-0.0401,9.8062,0.0755,-0.0639,0.1588,-21.37,-33.19,18.81,299.11,-79.25,178.5
52.386402,-1.588762,165.26,14.4,3,114.64,19 / 21,4389209,2019-09-06 20:33:14:952,0.3398,-0.8473,11.4524,0.0263,0.0116,9.8066,-0.1037,-0.0447,-0.081,-21.25,-33.62,18.81,297.72,-78.94,177.97
52.386402,-1.588762,165.26,14.4,3,114.64,19 / 21,4389310,2019-09-06 20:33:15:053,1.5266,1.7146,10.4958,-0.0006,-0.0179,9.8066,-0.0874,0.0187,0.0201,-21.37,-33.69,18.75,297.19,-78.88,177.57
52.386402,-1.588762,165.26,14.4,3,114.64,19 / 21,4389409,2019-09-06 20:33:15:152,-0.4598,1.8618,9.0005,-0.0202,0.0321,9.8065,-0.0902,0.0468,-0.1147,-21.44,-34.12,18.19,295.48,-79.13,177.55
52.386402,-1.588762,165.26,14.4,3,114.64,19 / 21,4389509,2019-09-06 20:33:15:252,-1.0187,0.1681,8.72,-0.0009,0.0008,9.8066,0.0634,0.0547,0.019,-21,-34.12,18.13,294.61,-79.41,176.41
52.386402,-1.588762,165.26,14.4,3,114.64,19 / 21,4389609,2019-09-06 20:33:15:352,1.1034,0.3213,10.0209,0.0001,0.0131,9.8065,0.1295,0.0409,-0.0414,-21.06,-33.31,18.19,294.56,-79.39,176.02
52.386402,-1.588762,165.26,14.4,3,114.64,19 / 21,4389709,2019-09-06 20:33:15:452,0.7343,0.9679,9.6855,0.0347,-0.0176,9.8066,0.0843,-0.0297,0.0237,-20.81,-33.94,18.5,295,-79.18,175.22
52.386402,-1.588762,165.26,14.4,3,114.64,19 / 21,4389809,2019-09-06 20:33:15:552,3.466,0.1562,9.6468,0.0118,0.0078,9.8066,0.32,0.1196,-0.0942,-20.37,-34.25,18.06,293.7,-79.19,174.82
52.386402,-1.588762,165.26,14.4,3,114.64,19 / 21,4389909,2019-09-06 20:33:15:652,-1.2001,2.2703,10.5183,0.0163,-0.0017,9.8065,-0.0179,-0.0761,0.194,-21.19,-34.37,17.38,289.26,-79.23,173.62
52.386402,-1.588762,165.26,14.4,3,114.64,19 / 21,4390010,2019-09-06 20:33:15:753,-1.0675,-1.376,10.0016,-0.0712,0.0133,9.8063,-0.2985,0.0764,-0.0042,-21,-33.94,17.5,292.21,-78.8,174.99
52.386402,-1.588762,165.26,14.4,3,114.64,19 / 21,4390110,2019-09-06 20:33:15:853,0.0471,-0.6919,8.9125,-0.0289,-0.0285,9.8065,0.0674,-0.0105,0.1548,-21.31,-33.87,18,295.09,-79.05,177.29
52.386402,-1.588762,165.26,14.4,3,114.64,19 / 21,4390210,2019-09-06 20:33:15:953,-0.5878,-0.2817,8.687,-0.009,-0.0223,9.8065,0.0979,0.0363,0.0968,-21.37,-33.94,18.13,297.63,-79.17,179.43
52.386402,-1.588762,165.26,14.4,3,114.64,19 / 21,4390309,2019-09-06 20:33:16:052,0.1935,-1.1561,10.0718,-0.0145,-0.0028,9.8066,-0.1728,0.0159,-0.0597,-21.81,-33.87,17.31,295.24,-79.45,179.77
52.386402,-1.588762,165.26,14.4,3,114.64,19 / 20,4390410,2019-09-06 20:33:16:153,0.5216,0.1325,10.2838,0.0345,-0.0279,9.8065,0.0831,0.0549,-0.0085,-21.69,-33.12,17.63,297.8,-79.24,-179.86
52.386402,-1.588762,165.26,14.4,3,114.64,19 / 20,4390509,2019-09-06 20:33:16:252,1.1634,-0.015,10.0865,-0.047,0.0315,9.8064,0.1487,-0.0303,0.0204,-21.81,-32.94,17.94,297.44,-78.98,-179.88
52.386402,-1.588762,165.26,14.4,3,114.64,19 / 20,4390610,2019-09-06 20:33:16:353,0.6709,-0.8925,11.7454,-0.064,0.0451,9.8063,0.2071,0.0679,-0.0544,-21.94,-33.75,17.81,296.23,-79.17,179.16
52.386402,-1.588762,165.26,14.4,3,114.64,19 / 20,4390709,2019-09-06 20:33:16:452,-0.2229,1.4235,9.8594,0.0536,-0.0241,9.8064,-0.0765,0.0291,0.0636,-21.69,-33.19,17.81,296.26,-78.95,179.08
52.386402,-1.588762,165.26,14.4,3,114.64,19 / 20,4390810,2019-09-06 20:33:16:553,-2.2658,-0.1164,10.5967,0.0426,-0.0316,9.8065,0.0251,-0.0671,0.0667,-21.56,-32.87,17.69,296.52,-78.88,179.41
52.386402,-1.588762,165.26,14.4,3,114.64,19 / 20,4390909,2019-09-06 20:33:16:652,-0.0893,-1.2373,10.6608,0.0181,-0.0187,9.8065,-0.2225,0.017,-0.0047,-21.62,-33.69,17.75,296.52,-78.66,-179.96
52.386402,-1.588762,165.26,14.4,3,114.64,19 / 20,4391010,2019-09-06 20:33:16:753,-1.6074,-0.0066,9.2531,0.0378,-0.0143,9.8065,-0.2709,-0.0071,-0.0729,-21.37,-33.44,17.75,297.58,-78.51,179.81
52.386402,-1.588762,165.26,14.4,3,114.64,19 / 20,4391110,2019-09-06 20:33:16:853,-1.3684,0.0462,8.2163,-0.0483,0.0399,9.8064,0.1842,-0.002,-0.0237,-21.44,-33.25,17.19,294.75,-78.68,178.98
52.386402,-1.588762,165.26,14.4,3,114.64,19 / 20,4391210,2019-09-06 20:33:16:953,-0.4211,-0.1525,8.5523,-0.0621,0.0465,9.8063,0.1669,0.057,-0.0305,-21.12,-33.69,17.5,295.64,-79.38,177.38
52.386402,-1.588762,165.26,14.4,3,114.64,19 / 20,4391309,2019-09-06 20:33:17:052,-0.7871,0.523,9.4416,0.0051,0.0127,9.8065,0.1147,0.0471,0.0028,-21.12,-34.5,17.44,292.52,-79.41,176.4
52.386402,-1.588762,165.26,14.4,3,114.64,19 / 21,4391410,2019-09-06 20:33:17:153,-0.7971,-1.0241,10.4287,0.0282,-0.0022,9.8066,-0.0465,0.0532,-0.0518,-21.44,-34.12,17.13,291.66,-79.21,175.87
52.386402,-1.588762,165.26,14.4,3,114.64,19 / 21,4391509,2019-09-06 20:33:17:252,-0.9211,1.2293,10.5638,0.0192,0.0073,9.8066,0.1122,-0.0234,-0.0579,-21.25,-34.25,17.69,292.68,-78.84,175.36
52.386402,-1.588762,165.26,14.4,3,114.64,19 / 21,4391610,2019-09-06 20:33:17:353,1.2433,-0.9735,9.9014,0.0227,-0.0062,9.8066,0.0354,0.0207,-0.0479,-20.87,-33.87,17.63,291.58,-78.94,174.22
52.386402,-1.588762,165.26,14.4,3,114.64,19 / 21,4391709,2019-09-06 20:33:17:452,-0.1539,-0.2518,9.7637,0.0357,-0.0164,9.8065,-0.1859,-0.0375,0.044,-21.19,-34.19,17.69,291.48,-79.11,173.91
52.386402,-1.588762,165.26,14.4,3,114.64,19 / 21,4391810,2019-09-06 20:33:17:553,0.2244,0.0802,9.2598,0.0348,-0.024,9.8065,0.0659,0.0734,0.046,-21.37,-34.19,17.25,289.42,-79.06,174
52.386402,-1.588762,165.26,14.4,3,114.64,19 / 21,4391909,2019-09-06 20:33:17:652,-0.291,-0.6693,9.4493,0.001,-0.011,9.8066,-0.0082,-0.036,0.0327,-20.87,-33.94,17.94,293,-79.13,175.28
52.386402,-1.588762,165.26,14.4,3,114.64,19 / 21,4392010,2019-09-06 20:33:17:753,-1.3002,-0.5649,10.3792,0.0206,-0.0072,9.8065,0.0408,-0.0596,-0.0748,-20.94,-33.87,18.25,293,-78.97,175.49
52.386402,-1.588762,165.26,14.4,3,114.64,19 / 21,4392110,2019-09-06 20:33:17:853,0.0189,-1.0701,10.2872,-0.0026,0.0123,9.8066,-0.1608,0.0616,-0.0579,-20.87,-33.94,17.44,290.14,-79.04,174.69
52.386402,-1.588762,165.26,14.4,3,114.64,19 / 21,4392210,2019-09-06 20:33:17:953,-1.2396,-0.3563,10.5011,0.0128,-0.0038,9.8066,-0.0291,-0.033,0.1091,-20.44,-33.87,17.94,292.96,-78.92,174.5
52.386402,-1.588762,165.26,14.4,3,114.64,19 / 21,4392310,2019-09-06 20:33:18:053,-0.1475,0.2103,10.1756,0.0305,-0.0064,9.8065,-0.0186,-0.0197,-0.0161,-21,-34.19,18.19,291.02,-78.89,173.77
52.386402,-1.588762,165.26,14.4,3,114.64,20 / 22,4392409,2019-09-06 20:33:18:152,-1.1376,-0.8493,9.6159,0.0006,-0.011,9.8066,0.0476,-0.0931,0.0383,-20.62,-33.31,17.88,291.7,-78.7,174.24
52.386402,-1.588762,165.26,14.4,3,114.64,20 / 22,4392509,2019-09-06 20:33:18:252,-0.7619,-0.745,10.1464,-0.0004,-0.0142,9.8066,-0.0051,0.0622,0.0616,-21.06,-33.19,18,292.53,-78.69,175.02
52.386402,-1.588762,165.26,14.4,3,114.64,20 / 22,4392609,2019-09-06 20:33:18:352,-0.4531,0.7149,9.7541,-0.0125,-0.0076,9.8066,0.038,-0.0893,0.0831,-20.94,-33.69,18.13,293.23,-78.71,176.02
52.386402,-1.588762,165.26,14.4,3,114.64,20 / 22,4392709,2019-09-06 20:33:18:452,-1.3852,-1.0638,10.5651,0.005,-0.0034,9.8066,-0.0046,-0.0115,-0.0584,-21.31,-33.75,18.75,294.87,-78.64,175.76
52.386402,-1.588762,165.26,14.4,3,114.64,20 / 22,4392809,2019-09-06 20:33:18:552,-0.4308,-0.4012,9.6824,0.0179,-0.0022,9.8066,-0.0127,-0.0504,0.0456,-20.94,-33.19,18,292.96,-78.49,175.67
52.386402,-1.588762,165.26,14.4,3,114.64,20 / 22,4392909,2019-09-06 20:33:18:652,-1.8879,-0.5473,10.2955,-0.0349,0.0248,9.8066,0.1428,-0.019,-0.0721,-21.12,-33.69,18,291.92,-78.36,175.28
52.386402,-1.588762,165.26,14.4,3,114.64,20 / 22,4393009,2019-09-06 20:33:18:752,-1.1538,-1.0354,10.5278,-0.0373,0.0329,9.8064,0.1233,-0.0113,-0.029,-21.06,-33.56,18.44,291.13,-78.64,174.2
52.386402,-1.588762,165.26,14.4,3,114.64,20 / 22,4393110,2019-09-06 20:33:18:853,0.3679,-0.1262,10.1553,0.0123,0.0028,9.8066,0.0614,-0.0231,0.0211,-20.5,-33.44,18.06,292.15,-78.45,173.95
52.386402,-1.588762,165.26,14.4,3,114.64,20 / 22,4393210,2019-09-06 20:33:18:953,0.6825,-0.7762,10.5688,0.0012,-0.0087,9.8066,-0.0293,-0.0438,0.0003,-20.56,-33.69,18.44,290.43,-78.42,173.83
52.386402,-1.588762,165.26,14.4,3,114.64,20 / 22,4393309,2019-09-06 20:33:19:052,-0.0395,0.3605,9.4279,-0.0174,0.013,9.8066,-0.0262,-0.0482,0.0446,-21.19,-33.75,18.5,292.98,-78.54,174.16
52.386402,-1.588762,165.26,14.4,3,114.64,20 / 21,4393409,2019-09-06 20:33:19:152,0.0638,0.6634,9.1226,0.0133,0.0026,9.8066,0.0009,0.0511,-0.0649,-21.19,-33.87,18.13,290.79,-78.59,173.95
52.386402,-1.588762,165.26,14.4,3,114.64,20 / 21,4393510,2019-09-06 20:33:19:253,0.0252,0.0574,9.635,0.0228,-0.0126,9.8065,-0.0427,-0.0568,0.0039,-20.94,-34.12,18.19,290.54,-78.69,173.58
52.386402,-1.588762,165.26,14.4,3,114.64,20 / 21,4393609,2019-09-06 20:33:19:352,-1.7071,0.1197,9.8234,0.0217,-0.0111,9.8066,0.144,0.0265,0.0723,-21.19,-33.94,18.38,290.43,-78.5,173.73
52.386402,-1.588762,165.26,14.4,3,114.64,20 / 21,4393710,2019-09-06 20:33:19:453,-0.4797,1.4966,9.942,-0.0006,0.0067,9.8065,-0.0215,-0.0613,-0.0256,-21.69,-33.94,18.56,291.97,-78.44,174.35
52.386402,-1.588762,165.26,14.4,3,114.64,20 / 21,4393810,2019-09-06 20:33:19:553,-0.0598,-0.6015,9.7824,0.0213,-0.0138,9.8065,-0.0498,-0.008,-0.0364,-21.19,-33.87,18.88,292.69,-78.29,174.21
52.386402,-1.588762,165.26,14.4,3,114.64,20 / 21,4393909,2019-09-06 20:33:19:652,-1.0229,0.4066,9.5446,-0.0275,0.008,9.8065,0.0782,0.0352,0.056,-21.06,-33.12,18.06,291.69,-78.48,174.52
52.386402,-1.588762,165.26,14.4,3,114.64,20 / 21,4394009,2019-09-06 20:33:19:752,-1.1268,-0.3103,10.4473,-0.027,0.0043,9.8066,0.1116,0.0186,0.0581,-21.37,-33.94,18.56,293.74,-78.47,174.95
52.386402,-1.588762,165.26,14.4,3,114.64,20 / 21,4394109,2019-09-06 20:33:19:852,0.3799,-0.4921,9.672,0.0349,0.0017,9.8065,-0.0417,0.0383,-0.1054,-20.94,-33.44,19.06,293.92,-78.2,175.06
52.386402,-1.588762,165.26,14.4,3,114.64,20 / 21,4394210,2019-09-06 20:33:19:953,0.2152,0.0931,8.0126,0.0065,-0.0012,9.8066,-0.154,0.0521,-0.0129,-20.81,-33.94,18.81,292.42,-78.03,174.29
52.386402,-1.588762,165.26,14.4,3,114.64,20 / 21,4394309,2019-09-06 20:33:20:052,-1.9221,-0.3935,7.5431,-0.0661,0.0412,9.8063,-0.0594,0.0189,-0.0466,-20.56,-34,17.75,290.87,-78.87,173.65
52.386017,-1.586687,165.13,17.76,4,103.67,20 / 21,4394409,2019-09-06 20:33:20:152,-0.167,0.3429,7.6892,-0.0502,0.0342,9.8064,-0.0808,-0.0585,0.0095,-20.81,-34,17.94,290.65,-79.08,173.19
52.386017,-1.586687,165.13,17.76,4,103.67,20 / 21,4394510,2019-09-06 20:33:20:253,-2.2128,0.3524,10.6434,0.0357,-0.0163,9.8065,0.0871,0.0131,-0.0568,-20.19,-34.37,17.81,291.19,-79.68,171.87
52.386017,-1.586687,165.13,17.76,4,103.67,20 / 21,4394609,2019-09-06 20:33:20:352,-0.4641,0.845,11.5176,0.0859,-0.0291,9.8061,0.2165,0.035,-0.0268,-20.69,-33.87,18.31,288.57,-78.64,171.82
52.386017,-1.586687,165.13,17.76,4,103.67,20 / 21,4394710,2019-09-06 20:33:20:453,0.0191,-0.8072,11.682,0.1012,-0.0517,9.8059,-0.0393,-0.029,-0.0256,-19.69,-33.62,19,290.67,-77.71,172.08
52.386017,-1.586687,165.13,17.76,4,103.67,20 / 21,4394809,2019-09-06 20:33:20:552,-0.507,-0.9397,9.183,-0.0435,0.0238,9.8065,-0.1925,0.0333,-0.0175,-20.69,-33.5,18.56,289.75,-77.64,171.91
52.386017,-1.586687,165.13,17.76,4,103.67,20 / 21,4394909,2019-09-06 20:33:20:652,1.3736,0.2758,7.171,-0.0702,0.0392,9.8062,-0.1707,0.0197,-0.0613,-20.31,-34.31,18.31,288.53,-78.69,170.71
52.386017,-1.586687,165.13,17.76,4,103.67,20 / 21,4395009,2019-09-06 20:33:20:752,-0.0168,1.0102,8.5837,-0.0249,0.015,9.8066,0.0815,0.0543,-0.0584,-20.25,-34.56,17.31,285.88,-79.7,169.22
52.386017,-1.586687,165.13,17.76,4,103.67,20 / 21,4395109,2019-09-06 20:33:20:852,-3.8124,1.471,9.2339,-0.0194,0.0172,9.8065,0.3137,0.0705,0.0565,-20.25,-34.25,17.13,285.99,-79.69,168.95
52.386017,-1.586687,165.13,17.76,4,103.67,20 / 21,4395209,2019-09-06 20:33:20:952,0.8035,-0.3485,9.9189,0.0512,-0.0406,9.8064,0.1981,-0.0068,-0.0165,-20.56,-33.69,17.81,287.46,-78.83,170.54
52.386017,-1.586687,165.13,17.76,4,103.67,20 / 21,4395309,2019-09-06 20:33:21:052,0.0108,0.4853,10.8233,-0.0378,0.0165,9.8065,-0.1126,0.0453,0.0515,-20.5,-33.94,18,288.8,-78.2,171.63
52.386017,-1.586687,165.13,17.76,4,103.67,20 / 22,4395410,2019-09-06 20:33:21:153,0.5322,0.1978,10.3921,0.0098,-0.0254,9.8065,-0.3174,0.0265,0.0768,-20.69,-34.12,18.19,288.96,-78.48,172.39
52.386017,-1.586687,165.13,17.76,4,103.67,20 / 22,4395509,2019-09-06 20:33:21:252,-0.9189,0.7645,10.7085,-0.043,0.0193,9.8065,0.1535,0.1119,-0.1009,-21.31,-33.5,17.56,289.75,-79.39,171.58
52.386017,-1.586687,165.13,17.76,4,103.67,20 / 22,4395610,2019-09-06 20:33:21:353,-0.3632,-0.5873,8.9053,-0.0602,0.0085,9.8064,0.4119,-0.0627,0.0722,-20.31,-33.94,17.56,290.92,-79.56,171.79
52.386017,-1.586687,165.13,17.76,4,103.67,20 / 22,4395710,2019-09-06 20:33:21:453,0.4097,0.4129,8.6434,-0.0253,0.0032,9.8066,-0.0188,0.027,0.0702,-20.75,-34,18.25,289.42,-79.11,172.01
52.386017,-1.586687,165.13,17.76,4,103.67,20 / 22,4395810,2019-09-06 20:33:21:553,-1.8207,0.0527,9.6315,-0.0188,0.0014,9.8065,0.067,0.0081,0.0279,-21,-34.06,17.69,290.24,-79.16,172.72
52.386017,-1.586687,165.13,17.76,4,103.67,20 / 22,4395910,2019-09-06 20:33:21:653,0.4954,-0.7179,9.7659,0.0569,-0.0267,9.8064,-0.2676,-0.0091,-0.0332,-20.87,-33.87,17.75,289.88,-78.88,172.74
52.386017,-1.586687,165.13,17.76,4,103.67,20 / 22,4396009,2019-09-06 20:33:21:752,0.29,0.734,9.4285,0.0521,-0.0248,9.8064,-0.3058,-0.0178,-0.0123,-20.94,-34.12,17.25,287.86,-78.99,172.64
52.386017,-1.586687,165.13,17.76,4,103.67,20 / 22,4396109,2019-09-06 20:33:21:852,-0.5171,0.6484,11.0242,-0.0374,0.0186,9.8065,0.1641,0.0346,0.0037,-20.44,-33.87,17.31,288.91,-79.32,172.19
52.386017,-1.586687,165.13,17.76,4,103.67,20 / 22,4396209,2019-09-06 20:33:21:952,0.7752,-0.3093,10.1829,-0.02,0.031,9.8065,0.025,-0.0268,-0.0489,-20.81,-34.12,18.19,288.53,-79.17,171.1
52.386017,-1.586687,165.13,17.76,4,103.67,20 / 22,4396310,2019-09-06 20:33:22:053,2.4914,-1.4658,9.0752,0.1346,-0.0635,9.8054,-0.5106,0.0302,-0.0337,-20.75,-33.81,18.25,288.16,-79.22,170.7
52.386017,-1.586687,165.13,17.76,4,103.67,20 / 21,4396410,2019-09-06 20:33:22:153,-2.3266,-0.1624,7.9961,0.0899,-0.0516,9.8061,-0.4385,-0.0196,0.0238,-20.25,-34.06,17,287.12,-78.86,171.15
52.386017,-1.586687,165.13,17.76,4,103.67,20 / 21,4396509,2019-09-06 20:33:22:252,-0.8642,1.2628,7.8785,-0.101,0.0424,9.806,0.2543,-0.0583,0.0782,-21.06,-34.37,16.69,286.55,-79.81,170.32
52.386017,-1.586687,165.13,17.76,4,103.67,20 / 21,4396610,2019-09-06 20:33:22:353,-0.147,2.3225,8.3136,-0.0074,0.0081,9.8066,0.1836,-0.0727,-0.0492,-20.81,-34.69,16.38,283.54,-79.77,169.88
52.386017,-1.586687,165.13,17.76,4,103.67,20 / 21,4396709,2019-09-06 20:33:22:452,1.0331,-0.3924,11.2765,-0.013,-0.0176,9.8066,-0.0169,0.0506,0.0067,-20.69,-33.75,17.75,289.35,-79.64,171.27
52.386017,-1.586687,165.13,17.76,4,103.67,20 / 21,4396809,2019-09-06 20:33:22:552,0.1037,-0.6077,10.7377,-0.0217,-0.0075,9.8065,0.0863,0.0058,0.0813,-21.12,-34.5,17.94,290.11,-79.6,172.03
52.386017,-1.586687,165.13,17.76,4,103.67,20 / 21,4396910,2019-09-06 20:33:22:653,-1.6105,-0.2408,9.9281,0.0203,-0.0214,9.8065,-0.1118,0.0693,-0.0113,-21.12,-33.81,17.19,288.45,-79.5,172.52
52.386017,-1.586687,165.13,17.76,4,103.67,20 / 21,4397010,2019-09-06 20:33:22:753,-1.5594,0.3422,9.6368,0.011,-0.0044,9.8066,-0.2717,-0.0094,-0.0256,-20.75,-33.87,17,289.2,-79.53,173.17
52.386017,-1.586687,165.13,17.76,4,103.67,20 / 21,4397110,2019-09-06 20:33:22:853,-2.377,-1.9096,10.2894,-0.0297,0.0067,9.8066,0.3903,0.1099,-0.0799,-20.69,-34,16.94,288.9,-79.91,172.39
52.386017,-1.586687,165.13,17.76,4,103.67,20 / 21,4397210,2019-09-06 20:33:22:953,1.5343,-0.0521,9.2331,-0.1106,0.0409,9.8059,0.3535,-0.0645,0.0928,-21.31,-34.5,16.69,289.64,-80.22,172.68
52.386017,-1.586687,165.13,17.76,4,103.67,20 / 21,4397309,2019-09-06 20:33:23:052,-0.5938,0.2523,9.0354,0.0112,-0.0196,9.8066,0.2094,0.0427,0.0288,-21.12,-34,16.38,288.87,-80.17,174.01
52.386017,-1.586687,165.13,17.76,4,103.67,20 / 22,4397409,2019-09-06 20:33:23:152,0.5241,-0.5129,9.8451,-0.0341,0.0166,9.8065,0.0625,-0.0281,-0.0049,-21.5,-33.81,16.63,292.11,-80.27,174.92
52.386017,-1.586687,165.13,17.76,4,103.67,20 / 22,4397510,2019-09-06 20:33:23:253,-1.455,-0.8025,7.7938,0.0327,-0.0193,9.8065,0.0551,0.0814,-0.0887,-21.12,-34.06,16.69,293.2,-80.09,176.16
52.386017,-1.586687,165.13,17.76,4,103.67,20 / 22,4397610,2019-09-06 20:33:23:353,-2.9382,3.4577,9.0972,0.0567,-0.0582,9.8062,0.2157,-0.1154,0.1201,-21.62,-33.94,16.38,290.92,-79.94,177.11
52.386017,-1.586687,165.13,17.76,4,103.67,20 / 22,4397710,2019-09-06 20:33:23:453,-2.6085,2.1816,9.1011,-0.0474,0.0151,9.8065,-0.0513,0.0076,-0.0022,-21.06,-33.56,16.5,294.15,-80.17,176.92
52.386017,-1.586687,165.13,17.76,4,103.67,20 / 22,4397810,2019-09-06 20:33:23:553,0.4999,-2.0633,10.2676,-0.0497,0.0083,9.8065,0.1405,-0.0606,-0.0333,-21.81,-33.62,16.44,291.64,-80.39,177.21
52.386017,-1.586687,165.13,17.76,4,103.67,20 / 22,4397910,2019-09-06 20:33:23:653,0.785,0.2388,10.0179,0.0414,-0.0151,9.8065,-0.0485,-0.0132,0.0546,-21.19,-33.81,16.25,293.26,-80.55,177.57
52.386017,-1.586687,165.13,17.76,4,103.67,20 / 22,4398010,2019-09-06 20:33:23:753,-0.1625,0.2799,8.4485,0.0288,0.0114,9.8066,-0.1099,-0.027,0.0169,-21.25,-33.87,15.94,292.27,-80.32,176.96
52.386017,-1.586687,165.13,17.76,4,103.67,20 / 22,4398110,2019-09-06 20:33:23:853,-2.464,0.9278,8.9927,-0.009,0.0005,9.8066,0.1184,0.0388,0.0278,-21.75,-34.19,16.13,291.1,-80.36,176.75
52.386017,-1.586687,165.13,17.76,4,103.67,20 / 22,4398209,2019-09-06 20:33:23:952,-1.3646,-0.3683,9.7492,-0.0103,-0.0066,9.8066,0.1111,0.0169,0.1086,-21.69,-33.69,15.75,292.02,-80.55,177.37
52.386017,-1.586687,165.13,17.76,4,103.67,20 / 22,4398309,2019-09-06 20:33:24:052,0.7458,-0.3465,9.2371,0.0139,0.0018,9.8066,-0.1264,0.057,-0.0732,-21.56,-33.62,16.63,293.54,-80.6,176.81
52.386017,-1.586687,165.13,17.76,4,103.67,20 / 21,4398410,2019-09-06 20:33:24:153,-2.5464,1.7354,9.3162,0.0321,-0.0328,9.8065,-0.2399,0.0543,0.0179,-21.25,-34.5,16.19,293.26,-80.47,177.68
52.386017,-1.586687,165.13,17.76,4,103.67,20 / 21,4398509,2019-09-06 20:33:24:252,-0.6584,-1.9569,9.3463,-0.0871,0.0403,9.8061,0.1022,0.0283,-0.0906,-21.62,-34.5,15.88,292.23,-80.37,177.78
52.386017,-1.586687,165.13,17.76,4,103.67,20 / 21,4398610,2019-09-06 20:33:24:353,1.0529,-1.3472,9.1322,-0.0531,0.0149,9.8064,0.219,-0.1187,-0.0079,-21.62,-34.31,16.25,292.5,-80.89,177.38
52.386017,-1.586687,165.13,17.76,4,103.67,20 / 21,4398710,2019-09-06 20:33:24:453,-0.5911,2.6315,9.1896,0.0318,-0.0251,9.8066,-0.0878,-0.199,0.1018,-21.5,-33.06,16.19,293.69,-80.89,177.2
52.386017,-1.586687,165.13,17.76,4,103.67,20 / 21,4398810,2019-09-06 20:33:24:553,-1.762,-1.4954,9.7262,0.0246,-0.0009,9.8066,-0.1437,-0.008,-0.0038,-21.37,-33.56,16.56,295.63,-81.08,177.14
52.386017,-1.586687,165.13,17.76,4,103.67,20 / 21,4398910,2019-09-06 20:33:24:653,1.0395,-0.8382,10.2917,-0.0178,-0.0123,9.8066,-0.0691,0.043,-0.0191,-21.56,-34.31,16,294.31,-81.39,178.44
52.386017,-1.586687,165.13,17.76,4,103.67,20 / 21,4399010,2019-09-06 20:33:24:753,0.4803,-0.0831,9.0606,-0.0552,0.0019,9.8064,0.1424,0.0383,0.077,-21.69,-33.5,15.69,296.59,-81.61,-180
52.386017,-1.586687,165.13,17.76,4,103.67,20 / 21,4399110,2019-09-06 20:33:24:853,-1.081,0.3265,8.4717,0.0117,-0.0096,9.8066,0.2037,0.0167,-0.0062,-21.69,-33.87,15.31,295.76,-81.47,-178.37
52.386017,-1.586687,165.13,17.76,4,103.67,20 / 21,4399210,2019-09-06 20:33:24:953,0.0148,-0.5741,9.8385,-0.0149,-0.0055,9.8065,0.1026,0.0529,-0.1018,-22.06,-33.75,15.69,298.5,-81.45,-177.78
52.386017,-1.586687,165.13,17.76,4,103.67,20 / 21,4399309,2019-09-06 20:33:25:052,-3.2891,1.7188,10.5707,0.0179,-0.0109,9.8066,0.2808,-0.107,0.0895,-21.31,-34.06,15.38,296.22,-81.18,-178.5
52.386017,-1.586687,165.13,17.76,4,103.67,19 / 23,4399410,2019-09-06 20:33:25:153,-0.946,0.3971,9.6433,-0.0501,0.0738,9.8062,0.1185,0.2825,-0.129,-21.5,-33.44,16.06,296.07,-81.4,178.78
52.386017,-1.586687,165.13,17.76,4,103.67,19 / 23,4399509,2019-09-06 20:33:25:252,0.6471,0.5361,9.418,0.0303,0.0318,9.8065,-0.0488,0.1551,-0.0239,-20.94,-33.75,15.69,296.47,-81.27,179.6
52.386017,-1.586687,165.13,17.76,4,103.67,19 / 23,4399610,2019-09-06 20:33:25:353,-1.1911,-0.1845,9.7674,-0.0025,-0.0072,9.8066,-0.06,-0.0053,0.0475,-21.44,-34.31,15.69,295.39,-81.51,178.31
52.386017,-1.586687,165.13,17.76,4,103.67,19 / 23,4399709,2019-09-06 20:33:25:452,-0.8368,-0.6783,9.6043,-0.0374,0.0085,9.8065,-0.0171,0.0229,0.0473,-21.37,-33.94,15.81,296.26,-81.91,178.61
52.386017,-1.586687,165.13,17.76,4,103.67,19 / 23,4399810,2019-09-06 20:33:25:553,-1.8645,1.0823,9.2445,-0.0469,0.0048,9.8065,-0.0137,-0.0001,0.0615,-21.31,-34.06,14.88,296.13,-81.99,-179.63
52.386017,-1.586687,165.13,17.76,4,103.67,19 / 23,4399910,2019-09-06 20:33:25:653,-0.1195,0.7216,9.6492,-0.0151,-0.002,9.8065,0.0039,-0.0481,0.0219,-21.75,-34.06,15.13,296.33,-81.99,-178.49
52.386017,-1.586687,165.13,17.76,4,103.67,19 / 23,4400009,2019-09-06 20:33:25:752,-0.5889,-1.1926,9.7124,-0.0286,0.0068,9.8065,0.0592,-0.0171,0.0332,-22.12,-34.56,15.75,298.55,-81.96,-178.07
52.386017,-1.586687,165.13,17.76,4,103.67,19 / 23,4400109,2019-09-06 20:33:25:852,-0.8685,-0.3393,10.101,0.0103,0.0008,9.8066,0.0115,-0.0474,0.0423,-22.12,-33.62,14.94,298.29,-81.9,-176.57
52.386017,-1.586687,165.13,17.76,4,103.67,19 / 23,4400209,2019-09-06 20:33:25:952,-0.7645,-1.7302,9.447,-0.0036,0.0064,9.8066,-0.0245,-0.0288,-0.0312,-22.12,-34.44,15.63,300.32,-81.95,-176.71
52.386017,-1.586687,165.13,17.76,4,103.67,19 / 23,4400310,2019-09-06 20:33:26:053,-0.848,0.5707,9.2645,-0.0364,0.0307,9.8065,-0.1546,0.018,-0.0784,-21.81,-34,15.75,299.93,-82.25,-177.42
52.386017,-1.586687,165.13,17.76,4,103.67,19 / 22,4400410,2019-09-06 20:33:26:153,0.4287,0.3233,11.5516,0.1697,-0.0635,9.8049,0.7849,-0.0431,0.0113,-21.94,-33.94,16.19,302.18,-82.68,-175.84
52.386017,-1.586687,165.13,17.76,4,103.67,19 / 22,4400509,2019-09-06 20:33:26:252,2.218,-1.1055,9.8397,0.1428,-0.0813,9.8052,-0.999,-0.1212,0.0013,-22.06,-33.69,15.81,300.25,-82.94,-177.92
52.386017,-1.586687,165.13,17.76,4,103.67,19 / 22,4400610,2019-09-06 20:33:26:353,1.5297,-4.5036,9.8303,0.0369,-0.0098,9.8065,-0.1202,-0.1225,0.1817,-21.62,-34.06,15.19,297.51,-82.64,-178.18
52.386017,-1.586687,165.13,17.76,4,103.67,19 / 22,4400710,2019-09-06 20:33:26:453,-1.6668,2.0998,9.6308,0.0026,0.0091,9.8066,0.1169,-0.0873,-0.0096,-22.25,-34.37,14.69,297.6,-82.6,-178.05
52.386017,-1.586687,165.13,17.76,4,103.67,19 / 22,4400809,2019-09-06 20:33:26:552,1.8254,-0.5248,7.8357,-0.0408,0.0121,9.8065,0.2443,0.0842,-0.0025,-21.75,-34,15.25,299.09,-82.71,-176.81
52.386017,-1.586687,165.13,17.76,4,103.67,19 / 22,4400909,2019-09-06 20:33:26:652,-1.2668,-0.3414,9.5099,0.0482,-0.0361,9.8064,-0.0202,-0.0115,0.0256,-22.06,-34.06,14.63,300.63,-82.59,-175.24
52.386017,-1.586687,165.13,17.76,4,103.67,19 / 22,4401009,2019-09-06 20:33:26:752,-1.6573,-0.2773,8.5952,0.0161,-0.0149,9.8066,0.0482,-0.0352,0.0656,-21.81,-33.44,15.19,301.93,-82.73,-174.46
52.386017,-1.586687,165.13,17.76,4,103.67,19 / 22,4401110,2019-09-06 20:33:26:853,-1.2167,-1.2169,10.2129,-0.0636,0.0235,9.8063,0.0568,0.0901,-0.0556,-22.06,-33.94,15.31,302.33,-82.65,-173.76
52.386017,-1.586687,165.13,17.76,4,103.67,19 / 22,4401210,2019-09-06 20:33:26:953,0.1098,-0.3018,10.0733,-0.0211,-0.0038,9.8066,-0.0256,-0.0549,0.0509,-22.06,-34.62,15.31,304.4,-82.89,-171.92
52.386017,-1.586687,165.13,17.76,4,103.67,19 / 22,4401310,2019-09-06 20:33:27:053,-0.5498,-1.1643,10.019,0.0141,-0.0011,9.8066,0.0797,-0.0113,-0.0539,-22.44,-34.37,15.25,302.67,-82.82,-173.65
52.386017,-1.586687,165.13,17.76,4,103.67,19 / 20,4401410,2019-09-06 20:33:27:153,-1.7315,1.4267,8.8138,-0.0297,0.0117,9.8065,-0.0873,0.0383,0.021,-22,-34,15.31,302.05,-82.99,-174.41
52.386017,-1.586687,165.13,17.76,4,103.67,19 / 20,4401509,2019-09-06 20:33:27:252,-1.9007,-2.2493,11.458,0.0875,-0.0382,9.8062,0.0639,0.0942,-0.083,-21.62,-34.37,15.56,302.24,-82.44,-175.53
52.386017,-1.586687,165.13,17.76,4,103.67,19 / 20,4401609,2019-09-06 20:33:27:352,-0.5495,-1.2169,10.2075,-0.014,-0.0099,9.8066,-0.003,0.1678,-0.0448,-21.37,-34.62,15.31,303.12,-82.82,-174
52.386017,-1.586687,165.13,17.76,4,103.67,19 / 20,4401711,2019-09-06 20:33:27:454,-1.1869,-0.1907,10.0966,0.0362,-0.0157,9.8065,0.0047,0.058,-0.051,-21.31,-35.19,16.38,306.45,-82.92,-173.05
52.386017,-1.586687,165.13,17.76,4,103.67,19 / 20,4401810,2019-09-06 20:33:27:553,0.5561,-0.4318,9.4956,0.0237,-0.0068,9.8065,0.1036,0.0157,-0.024,-21.62,-34.31,16.06,304.12,-82.78,-174.18
52.386017,-1.586687,165.13,17.76,4,103.67,19 / 20,4401909,2019-09-06 20:33:27:652,0.0162,0.0257,8.9807,-0.016,0.0074,9.8066,0.0675,-0.0272,0.0275,-21.87,-33.94,15,301.74,-82.96,-174.66
52.386017,-1.586687,165.13,17.76,4,103.67,19 / 20,4402009,2019-09-06 20:33:27:752,0.1578,-0.508,9.2041,-0.0214,0.0002,9.8066,0.2292,-0.0359,0.0105,-21.81,-33.87,15.44,302.46,-83,-174.04
52.386017,-1.586687,165.13,17.76,4,103.67,19 / 20,4402110,2019-09-06 20:33:27:853,-0.438,0.4087,10.9817,0.0219,-0.0351,9.8065,-0.0458,-0.1226,0.044,-21.75,-33.56,15.5,305.22,-83.07,-173.5
52.386017,-1.586687,165.13,17.76,4,103.67,19 / 20,4402209,2019-09-06 20:33:27:952,-1.8262,-2.539,10.4083,-0.0117,0.0234,9.8065,0.2278,-0.0679,-0.0202,-21.87,-33.94,15.06,303.18,-82.99,-173.38
52.386017,-1.586687,165.13,17.76,4,103.67,19 / 20,4402310,2019-09-06 20:33:28:053,-0.9993,-1.6373,9.9022,-0.0256,0.0359,9.8065,0.2367,-0.1455,0.096,-21.44,-34,15.75,303.62,-82.98,-175.91
52.386017,-1.586687,165.13,17.76,4,103.67,19 / 20,4402409,2019-09-06 20:33:28:152,1.0733,1.8499,8.6835,-0.0011,0.024,9.8065,-0.0556,0.1484,-0.0875,-21.31,-33.81,16,302.87,-82.81,-176.4
52.386017,-1.586687,165.13,17.76,4,103.67,19 / 20,4402509,2019-09-06 20:33:28:252,-0.9823,-1.5688,9.9283,-0.0174,0.0081,9.8066,-0.0424,0.0367,-0.0548,-21.19,-34.12,15.81,303.45,-83.03,-176.13
52.386017,-1.586687,165.13,17.76,4,103.67,19 / 20,4402610,2019-09-06 20:33:28:353,-1.1522,0.6605,10.0226,0.0235,-0.0144,9.8065,-0.1321,0.0077,0.0032,-21.31,-34.75,15.56,302.76,-82.96,-176.45
52.386017,-1.586687,165.13,17.76,4,103.67,19 / 20,4402710,2019-09-06 20:33:28:453,0.4546,-0.9509,9.9897,0.0579,-0.0274,9.8064,-0.2628,0.0548,-0.0557,-21.25,-34.12,16.31,302.83,-83.13,-176.81
52.386017,-1.586687,165.13,17.76,4,103.67,19 / 20,4402809,2019-09-06 20:33:28:552,-0.2595,-0.7794,10.0324,0.0222,-0.0188,9.8065,-0.0523,-0.198,0.1508,-21,-34.31,15.44,299.69,-82.92,-177.51
52.386017,-1.586687,165.13,17.76,4,103.67,19 / 20,4402909,2019-09-06 20:33:28:652,-0.6541,-1.5424,10.541,-0.0423,0.0248,9.8065,0.3174,-0.1194,0.0211,-21.44,-33.81,15.63,303.12,-83.15,-176.57
52.386017,-1.586687,165.13,17.76,4,103.67,19 / 20,4403010,2019-09-06 20:33:28:753,-1.2726,0.4009,10.5589,-0.0608,0.0386,9.8063,0.1664,0.0456,-0.0863,-21.62,-34.75,15.44,300.15,-83.21,-176.19
52.386017,-1.586687,165.13,17.76,4,103.67,19 / 20,4403109,2019-09-06 20:33:28:852,-0.1456,-0.8838,10.3873,0.0523,-0.0124,9.8065,-0.0782,-0.0085,0.0097,-21.62,-34.62,15.5,301.62,-82.99,-176.48
52.386017,-1.586687,165.13,17.76,4,103.67,19 / 20,4403209,2019-09-06 20:33:28:952,0.1937,-1.2702,9.5148,0.0159,-0.0066,9.8066,0.0739,-0.0934,0.0534,-21.81,-34.75,15.63,301.26,-82.99,-176.82
52.386017,-1.586687,165.13,17.76,4,103.67,19 / 20,4403310,2019-09-06 20:33:29:053,-0.1954,1.0046,9.1193,-0.0082,0.0089,9.8066,-0.0882,0.0042,-0.0751,-22.12,-34.62,15.69,301.12,-82.92,-176.87
52.38568,-1.584284,165.33,19.01,3,104.61,19 / 21,4403410,2019-09-06 20:33:29:153,-1.0853,-0.1658,12.0912,0.0497,0.0056,9.8065,-0.0084,-0.07,0.0221,-21.56,-34.69,16.25,301.12,-82.81,-176.74
52.38568,-1.584284,165.33,19.01,3,104.61,19 / 21,4403509,2019-09-06 20:33:29:252,1.7109,0.5891,9.0846,-0.0699,0.0566,9.8062,0.688,-0.1264,0.0325,-21,-34.37,16.5,301.79,-82.74,-179.18
52.38568,-1.584284,165.33,19.01,3,104.61,19 / 21,4403609,2019-09-06 20:33:29:352,-2.4222,0.6625,9.4399,-0.1212,0.0627,9.8057,0.4636,-0.1016,-0.0295,-21.06,-34.56,16.13,299.41,-82.89,-179.43
52.38568,-1.584284,165.33,19.01,3,104.61,19 / 21,4403710,2019-09-06 20:33:29:453,1.7342,-0.1869,9.2381,0.0996,-0.0398,9.8061,-0.5335,0.001,0.0249,-21.06,-34.5,15.88,302.22,-83.9,-178.27
52.38568,-1.584284,165.33,19.01,3,104.61,19 / 21,4403810,2019-09-06 20:33:29:553,4.2239,-0.3988,12.0975,0.1378,-0.0516,9.8055,-0.1559,-0.0212,0.0966,-20.69,-34.25,15.81,299.21,-83.1,179.89
52.38568,-1.584284,165.33,19.01,3,104.61,19 / 21,4403910,2019-09-06 20:33:29:653,3.7077,1.4485,9.587,0.0959,-0.0436,9.806,-0.2103,0.2426,-0.1612,-20.94,-34.19,15.69,299.28,-82.97,-179.89
52.38568,-1.584284,165.33,19.01,3,104.61,19 / 21,4404010,2019-09-06 20:33:29:753,-2.4794,0.349,8.5516,0.0024,0.0073,9.8065,-0.2366,-0.0824,0.1581,-21.69,-34.5,15.81,297.3,-82.98,179.3
52.38568,-1.584284,165.33,19.01,3,104.61,19 / 21,4404110,2019-09-06 20:33:29:853,-1.9685,-0.1221,9.4283,0.0331,-0.0131,9.8066,-0.0298,-0.0442,0.0068,-21.44,-34.44,15.31,297.74,-83.1,-179.53
52.38568,-1.584284,165.33,19.01,3,104.61,19 / 21,4404210,2019-09-06 20:33:29:953,-0.9302,0.1029,9.1712,-0.0254,0.0102,9.8066,0.0067,0.0537,-0.0078,-21.56,-34.25,15.25,297.88,-83.62,-179.02
52.38568,-1.584284,165.33,19.01,3,104.61,19 / 21,4404310,2019-09-06 20:33:30:053,0.0136,0.2654,9.5167,0.0035,0.0031,9.8066,0.0113,-0.0212,0.0339,-21,-34.06,16.06,300.39,-83.55,-179.56
52.38568,-1.584284,165.33,19.01,3,104.61,19 / 20,4404410,2019-09-06 20:33:30:153,0.0058,-1.0838,10.0975,0.0171,-0.0109,9.8065,-0.0181,0.0126,-0.0339,-21.69,-34.44,15.94,299.46,-83.5,-179.29
52.38568,-1.584284,165.33,19.01,3,104.61,19 / 20,4404509,2019-09-06 20:33:30:252,0.2311,-0.1438,10.2823,0.0058,-0.0067,9.8066,-0.1094,-0.0466,0.07,-21.5,-34.06,16.19,300.43,-83.39,-179.33
52.38568,-1.584284,165.33,19.01,3,104.61,19 / 20,4404609,2019-09-06 20:33:30:352,-0.2452,-0.1663,10.5074,0.0445,-0.0304,9.8064,-0.0411,-0.046,-0.0413,-21.56,-33.94,15.88,300.26,-83.18,-178.19
52.38568,-1.584284,165.33,19.01,3,104.61,19 / 20,4404710,2019-09-06 20:33:30:453,-0.6521,-0.4833,9.6057,-0.0212,0.0189,9.8066,0.1129,-0.0683,-0.0152,-21.12,-33.75,15.44,299.1,-83.33,-178.56
52.38568,-1.584284,165.33,19.01,3,104.61,19 / 20,4404809,2019-09-06 20:33:30:552,1.6972,0.2338,9.8016,-0.0432,0.03,9.8064,0.0494,-0.021,-0.0405,-21.25,-34.25,15.63,300.74,-83.58,-179.27
52.38568,-1.584284,165.33,19.01,3,104.61,19 / 20,4404910,2019-09-06 20:33:30:653,-0.5723,-0.0799,10.704,0.0255,-0.0104,9.8065,-0.0409,0.0574,-0.0198,-21.37,-34.12,16.38,300.88,-83.5,-179.04
52.38568,-1.584284,165.33,19.01,3,104.61,19 / 20,4405009,2019-09-06 20:33:30:752,-0.0108,-0.9146,10.3847,0.0478,-0.0378,9.8064,-0.113,-0.0155,0.0173,-21,-34,16.44,300.77,-83.55,-179.2
52.38568,-1.584284,165.33,19.01,3,104.61,19 / 20,4405110,2019-09-06 20:33:30:853,1.4578,-1.2239,9.8487,-0.0115,0.0045,9.8066,0.0356,0.0592,-0.0486,-20.62,-34.5,15.88,301.39,-83.37,-178.42
52.38568,-1.584284,165.33,19.01,3,104.61,19 / 20,4405209,2019-09-06 20:33:30:952,-0.5488,-0.1533,9.9345,-0.0087,0.0058,9.8066,0.2089,-0.055,0.0284,-20.87,-34.75,15.94,302.05,-83.57,-177.83
52.38568,-1.584284,165.33,19.01,3,104.61,19 / 20,4405310,2019-09-06 20:33:31:053,-0.1974,0.67,10.0783,-0.0256,0.0097,9.8066,-0.0413,-0.0607,0.0767,-20.81,-34.19,16.19,303.35,-83.63,-176.9
52.38568,-1.584284,165.33,19.01,3,104.61,19 / 20,4405409,2019-09-06 20:33:31:152,0.5029,-0.0725,10.0481,0.0003,-0.0071,9.8065,0.1197,0.0524,-0.008,-21.31,-33.69,16.19,304.25,-83.54,-175.98
52.38568,-1.584284,165.33,19.01,3,104.61,19 / 20,4405510,2019-09-06 20:33:31:253,0.3571,-0.7201,9.8969,-0.0095,0.0097,9.8066,-0.1678,-0.0365,-0.0048,-21.25,-34.56,16.13,303.84,-83.46,-176.05
52.38568,-1.584284,165.33,19.01,3,104.61,19 / 20,4405610,2019-09-06 20:33:31:353,-0.1016,0.5093,9.888,-0.0072,0.0031,9.8066,0.0979,0.0174,-0.0101,-21.5,-34.12,16.5,306.43,-83.33,-175.6
52.38568,-1.584284,165.33,19.01,3,104.61,19 / 20,4405710,2019-09-06 20:33:31:453,-1.0195,0.2466,10.0469,-0.0127,0.0108,9.8066,-0.005,0.0435,-0.0236,-20.94,-33.94,16.31,304.7,-83.39,-175.39
52.38568,-1.584284,165.33,19.01,3,104.61,19 / 20,4405810,2019-09-06 20:33:31:553,-0.1063,0.5139,9.2056,0.0104,-0.0069,9.8066,-0.0673,-0.0057,-0.0146,-21.31,-33.94,16,304.41,-83.34,-175.61
52.38568,-1.584284,165.33,19.01,3,104.61,19 / 20,4405910,2019-09-06 20:33:31:653,-1.1557,0.1353,9.159,0.0225,0.003,9.8066,0.1511,0.0554,-0.0476,-21.19,-34.5,16.13,303.84,-83.41,-176.21
52.38568,-1.584284,165.33,19.01,3,104.61,19 / 20,4406010,2019-09-06 20:33:31:753,-0.9996,0.4057,9.9117,-0.0023,0.0075,9.8066,-0.0018,-0.0237,0.0142,-21.37,-34.19,15.5,303.13,-83.55,-177.02
52.38568,-1.584284,165.33,19.01,3,104.61,19 / 20,4406109,2019-09-06 20:33:31:852,-2.5333,0.8119,10.231,0.0235,-0.0186,9.8066,0.0689,0.0512,-0.0208,-20.94,-34.62,16,303.06,-83.52,-176.84
52.38568,-1.584284,165.33,19.01,3,104.61,19 / 20,4406210,2019-09-06 20:33:31:953,-0.7711,0.6353,10.3905,0.0122,-0.0155,9.8066,-0.0047,-0.059,0.1003,-21,-34.12,15.94,303.55,-83.32,-176.37
52.38568,-1.584284,165.33,19.01,3,104.61,19 / 20,4406310,2019-09-06 20:33:32:053,0.2831,-0.8673,9.5102,0.0245,-0.0194,9.8065,-0.0142,-0.0641,0.0109,-21.25,-33.94,15.94,304.4,-83.11,-175.35
52.38568,-1.584284,165.33,19.01,3,104.61,19 / 20,4406410,2019-09-06 20:33:32:153,-5.3287,-0.2539,10.7614,-0.1359,0.0922,9.8052,-0.3047,-0.1648,-0.0072,-21.19,-34.37,15.63,306.01,-83.54,-174.36
52.38568,-1.584284,165.33,19.01,3,104.61,19 / 20,4406509,2019-09-06 20:33:32:252,1.1947,5.9679,7.1546,-0.0118,0.0389,9.8065,0.2657,-0.2865,0.1998,-21.12,-34.5,16.69,305.21,-83.14,-176.5
52.38568,-1.584284,165.33,19.01,3,104.61,19 / 20,4406610,2019-09-06 20:33:32:353,0.7383,-1.4143,9.0352,-0.0575,0.0327,9.8064,0.058,0.0247,-0.1137,-21.25,-34.19,16.44,304.15,-83.02,-175.48
52.38568,-1.584284,165.33,19.01,3,104.61,19 / 20,4406709,2019-09-06 20:33:32:452,0.4749,0.1095,10.2558,-0.0254,0.0033,9.8066,-0.141,0.0378,0.0645,-21.25,-33.81,16,305.11,-83.5,-175.13
52.38568,-1.584284,165.33,19.01,3,104.61,19 / 20,4406810,2019-09-06 20:33:32:553,-1.83,0.1346,11.4415,0.0482,-0.0272,9.8065,0,0.0012,-0.0096,-21.31,-33.56,16,305.18,-83.15,-174.69
52.38568,-1.584284,165.33,19.01,3,104.61,19 / 20,4406909,2019-09-06 20:33:32:652,0.2519,-0.372,11.7033,0.0069,0.0021,9.8066,0.01,0.0191,-0.0456,-21.12,-33.69,16.38,304.05,-83.13,-175.69
52.38568,-1.584284,165.33,19.01,3,104.61,19 / 20,4407009,2019-09-06 20:33:32:752,-0.9164,1.1198,10.2931,0.024,0.0216,9.8065,-0.144,-0.0058,-0.0212,-20.94,-33.87,16.5,303.03,-82.45,-177.71
52.38568,-1.584284,165.33,19.01,3,104.61,19 / 20,4407110,2019-09-06 20:33:32:853,0.1617,-0.7915,8.3012,0.0036,-0.0015,9.8066,0.0783,0.0304,-0.0707,-20.31,-34,16.5,303.2,-82.26,-178.47
52.38568,-1.584284,165.33,19.01,3,104.61,19 / 20,4407210,2019-09-06 20:33:32:953,0.7024,0.4081,7.2895,-0.0745,0.0437,9.8062,-0.0166,-0.0067,0.0501,-20.69,-34.19,15.88,299.32,-82.73,-179.57
52.38568,-1.584284,165.33,19.01,3,104.61,19 / 20,4407309,2019-09-06 20:33:33:052,-1.8516,-0.5965,8.9691,-0.0029,-0.0219,9.8066,-0.189,0.0254,-0.0427,-21.44,-34.62,15.38,300.31,-84,-178.03
52.38568,-1.584284,165.33,19.01,3,104.61,19 / 20,4407410,2019-09-06 20:33:33:153,-0.7566,0.0801,9.7191,0.0128,-0.0117,9.8065,0.142,0.0046,0.0478,-21,-34.81,16,304.44,-84.21,-176.37
52.38568,-1.584284,165.33,19.01,3,104.61,19 / 20,4407510,2019-09-06 20:33:33:253,-0.5669,0.1201,10.9192,0.0316,-0.0196,9.8065,0.2056,-0.0026,-0.0514,-21.37,-34.19,16.5,306.17,-83.82,-176.36
52.38568,-1.584284,165.33,19.01,3,104.61,19 / 20,4407609,2019-09-06 20:33:33:352,0.3622,0.3483,12.5755,0.0345,-0.008,9.8065,0.0772,0.0449,-0.0603,-21,-33.87,16.63,303.69,-82.91,-177.64
52.38568,-1.584284,165.33,19.01,3,104.61,19 / 20,4407710,2019-09-06 20:33:33:453,0.0535,-0.1504,10.8643,-0.0184,0.0118,9.8066,0.0042,0.0135,0.0096,-20.81,-34.25,16.19,300.83,-82.68,-178.12
52.38568,-1.584284,165.33,19.01,3,104.61,19 / 20,4407810,2019-09-06 20:33:33:553,-0.1293,0.2503,11.1475,-0.0108,-0.0005,9.8066,0.1202,-0.0491,-0.0296,-21.19,-34.37,16.88,304.5,-82.83,-176.8
52.38568,-1.584284,165.33,19.01,3,104.61,19 / 20,4407910,2019-09-06 20:33:33:653,-1.2353,-0.7311,9.7358,-0.0338,0.019,9.8065,-0.1233,-0.0589,0.0778,-21.12,-34.12,16.13,303.95,-83.29,-175.96
52.38568,-1.584284,165.33,19.01,3,104.61,19 / 20,4408010,2019-09-06 20:33:33:753,-1.237,1.2288,9.2249,0.0043,-0.0034,9.8066,0.0966,0.0863,-0.0571,-21.37,-34.44,16.25,304.22,-83.25,-175.68
52.38568,-1.584284,165.33,19.01,3,104.61,19 / 20,4408110,2019-09-06 20:33:33:853,-0.2695,0.4761,9.6899,-0.0024,0.0102,9.8066,0.0253,0.0047,-0.0266,-21.56,-34.37,16.69,303.56,-83.02,-176.78
52.38568,-1.584284,165.33,19.01,3,104.61,19 / 20,4408210,2019-09-06 20:33:33:953,-0.0147,-0.1537,10.6089,0.036,0.0035,9.8065,-0.0822,-0.0258,-0.021,-21,-33.69,17.13,302.12,-82.38,-178.47
52.38568,-1.584284,165.33,19.01,3,104.61,19 / 20,4408310,2019-09-06 20:33:34:053,-0.8198,-1.2107,8.5597,0.0472,-0.0157,9.8065,0.0873,0.0256,0.0037,-20.94,-34.19,16.56,300.33,-82.11,-179.78
52.38568,-1.584284,165.33,19.01,3,104.61,19 / 20,4408410,2019-09-06 20:33:34:153,-0.438,0.8694,9.4022,-0.0958,0.0349,9.8061,-0.0736,0.0832,-0.0092,-21.37,-33.94,16.88,302.81,-83.03,-178.57
52.38568,-1.584284,165.33,19.01,3,104.61,19 / 20,4408509,2019-09-06 20:33:34:252,-0.7762,-0.3647,9.6963,-0.0402,0.0183,9.8065,-0.0578,0.0474,-0.1076,-21.12,-34.31,15.94,301.9,-83.25,-177.81
52.38568,-1.584284,165.33,19.01,3,104.61,19 / 20,4408610,2019-09-06 20:33:34:353,-0.6918,-0.2033,10.0364,0.0223,-0.0002,9.8065,0.0876,-0.0778,0.0353,-20.87,-34.19,16,300.35,-83.21,-179.18
52.38568,-1.584284,165.33,19.01,3,104.61,19 / 20,4408710,2019-09-06 20:33:34:453,-0.5166,0.0943,9.7457,0.0114,-0.0202,9.8065,-0.0301,-0.0123,0.0329,-21.06,-33.87,16.56,302.52,-83.03,-178.84
52.38568,-1.584284,165.33,19.01,3,104.61,19 / 20,4408810,2019-09-06 20:33:34:553,0.1009,0.9742,10.3125,0.0342,-0.0378,9.8065,-0.1291,0.0937,-0.0267,-21.44,-34.44,17.19,303.86,-82.97,-177.55
52.38568,-1.584284,165.33,19.01,3,104.61,19 / 20,4408909,2019-09-06 20:33:34:652,-1.2468,-1.4933,11.0716,0.0471,-0.0264,9.8065,0.087,0.0655,-0.143,-20.69,-34.69,16.56,303.4,-82.57,-177.29
52.38568,-1.584284,165.33,19.01,3,104.61,19 / 20,4409009,2019-09-06 20:33:34:752,-0.9812,-0.2103,11.2675,0.0258,0.011,9.8065,0.0376,0.0842,-0.0968,-20.94,-34.56,16.38,298.42,-82.3,-179.62
52.38568,-1.584284,165.33,19.01,3,104.61,19 / 20,4409109,2019-09-06 20:33:34:852,-1.4744,-1.27,10.3688,0.0397,0.008,9.8065,-0.0875,0.0656,-0.0651,-21,-34.25,16.38,295.9,-82.21,177.91
52.38568,-1.584284,165.33,19.01,3,104.61,19 / 20,4409210,2019-09-06 20:33:34:953,0.2354,0.0685,9.4687,-0.0378,0.0153,9.8065,0.0873,-0.0086,-0.0242,-20.56,-34.5,16.94,298.35,-82.61,177.8
52.38568,-1.584284,165.33,19.01,3,104.61,19 / 20,4409310,2019-09-06 20:33:35:053,-0.5553,1.2569,8.9695,-0.012,0.0116,9.8065,0.1474,-0.0646,0.0744,-20.69,-34.25,16.88,298.32,-82.65,177.73
52.38568,-1.584284,165.33,19.01,3,104.61,19 / 21,4409409,2019-09-06 20:33:35:152,-0.2086,0.0812,9.9048,-0.0371,0.0102,9.8066,0.1587,-0.0448,0.0239,-20.69,-34.31,16.63,298.82,-82.51,178.36
52.38568,-1.584284,165.33,19.01,3,104.61,19 / 21,4409510,2019-09-06 20:33:35:253,0.5363,0.3938,10.1329,-0.0081,-0.0168,9.8066,0.1131,-0.0122,0.0895,-21,-34.25,17.44,300.88,-82.37,-179.58
52.38568,-1.584284,165.33,19.01,3,104.61,19 / 21,4409609,2019-09-06 20:33:35:352,-0.1526,0.15,9.8412,-0.0093,-0.0237,9.8066,-0.0824,0.0019,0.0154,-20.87,-34.06,17.44,303.15,-82.16,-177.28
52.38568,-1.584284,165.33,19.01,3,104.61,19 / 21,4409710,2019-09-06 20:33:35:453,-0.367,0.2147,9.4395,-0.0173,-0.0032,9.8066,-0.0484,0.0458,-0.0191,-21.25,-34.12,17.38,304.6,-82.26,-176.08
52.38568,-1.584284,165.33,19.01,3,104.61,19 / 21,4409809,2019-09-06 20:33:35:552,-2.3015,-0.4672,10.3359,-0.0268,0.0192,9.8065,0.0019,-0.0689,0.0566,-21.56,-34.37,16.94,304.04,-82.56,-175.85
52.38568,-1.584284,165.33,19.01,3,104.61,19 / 21,4409910,2019-09-06 20:33:35:653,-0.2427,0.7891,9.4332,-0.039,0.0269,9.8065,0.2895,-0.0693,-0.06,-21.44,-34.06,17.19,305.07,-82.61,-176.04
52.38568,-1.584284,165.33,19.01,3,104.61,19 / 21,4410009,2019-09-06 20:33:35:752,0.6206,-0.2598,9.7144,-0.0336,0.0454,9.8064,0.2562,-0.0062,0.033,-21.31,-34.37,17.5,305.87,-82.39,-176.86
52.38568,-1.584284,165.33,19.01,3,104.61,19 / 21,4410109,2019-09-06 20:33:35:852,-0.7421,-0.3153,10.2077,-0.0243,0.0161,9.8066,0.1596,-0.0251,-0.0462,-20.62,-33.81,17.75,304.55,-82.66,-178.35
52.38568,-1.584284,165.33,19.01,3,104.61,19 / 21,4410210,2019-09-06 20:33:35:953,0.5954,1.1935,9.8991,-0.0113,0.0097,9.8066,-0.0874,-0.004,-0.0796,-21.25,-33.75,16.81,303.28,-82.7,-177.77
52.38568,-1.584284,165.33,19.01,3,104.61,19 / 21,4410310,2019-09-06 20:33:36:053,1.092,-0.0474,10.629,0.0362,-0.0047,9.8065,0.1934,0.0682,0.098,-20.94,-34.12,16.88,302.02,-82.41,-178.59
52.38568,-1.584284,165.33,19.01,3,104.61,19 / 20,4410410,2019-09-06 20:33:36:153,0.8158,-0.2005,10.0421,0.0109,0.008,9.8066,0.1722,0.0206,-0.0354,-21.06,-33.31,18.06,303.03,-82.2,-179.48
52.38568,-1.584284,165.33,19.01,3,104.61,19 / 20,4410510,2019-09-06 20:33:36:253,0.6149,0.2774,9.2852,0.0239,-0.0007,9.8065,-0.0241,-0.1186,0.02,-20.87,-33.75,17.38,299.74,-81.98,179.82
52.38568,-1.584284,165.33,19.01,3,104.61,19 / 20,4410610,2019-09-06 20:33:36:353,-1.1303,-0.4043,10.3439,-0.0394,0.0304,9.8065,0.0031,-0.0526,-0.0138,-20.75,-33.81,17.44,299.43,-82.13,179.36
52.38568,-1.584284,165.33,19.01,3,104.61,19 / 20,4410709,2019-09-06 20:33:36:452,-1.6248,0.0499,9.2,-0.037,0.032,9.8065,0.0525,0.0173,0.0403,-20.19,-34.37,17.19,300.26,-82.69,178.33
52.38568,-1.584284,165.33,19.01,3,104.61,19 / 20,4410810,2019-09-06 20:33:36:553,-0.8014,-1.2815,9.7652,0.0029,0.0023,9.8066,-0.107,-0.0035,-0.0326,-20.62,-33.87,17.44,298.38,-82.54,177.92
52.38568,-1.584284,165.33,19.01,3,104.61,19 / 20,4410910,2019-09-06 20:33:36:653,1.6485,-0.2204,11.5372,0.0515,-0.0325,9.8064,0.3993,-0.1952,0.0806,-20.19,-34.25,17.13,298.79,-82.14,177.65
52.38568,-1.584284,165.33,19.01,3,104.61,19 / 20,4411010,2019-09-06 20:33:36:753,-0.4975,-4.5719,9.115,0.0178,-0.0139,9.8066,0.3337,-0.3832,0.22,-20.87,-34.81,17.25,299.38,-82.04,179.69
52.38568,-1.584284,165.33,19.01,3,104.61,19 / 20,4411110,2019-09-06 20:33:36:853,0.1603,4.584,11.4942,0.0678,-0.108,9.8057,-0.1702,-0.3181,0.4114,-20.94,-33.87,17.5,306.06,-81.59,-175.83
52.38568,-1.584284,165.33,19.01,3,104.61,19 / 20,4411210,2019-09-06 20:33:36:953,2.0464,3.3856,8.5986,0.0065,-0.016,9.8066,-0.1905,0.4797,-0.0627,-20.81,-33.94,18,306.33,-82.14,-176.18
52.38568,-1.584284,165.33,19.01,3,104.61,19 / 20,4411309,2019-09-06 20:33:37:052,-1.0996,-3.0841,8.5807,0.0833,-0.0459,9.8062,0.113,0.1474,-0.3661,-21.31,-34,17.38,302.3,-81.86,-177.7
52.38568,-1.584284,165.33,19.01,3,104.61,19 / 21,4411410,2019-09-06 20:33:37:153,-0.3812,0.7973,8.9216,-0.0463,0.066,9.8062,0.108,-0.058,0.1317,-21.31,-33.87,17.69,301.87,-82.36,179.53
52.38568,-1.584284,165.33,19.01,3,104.61,19 / 21,4411510,2019-09-06 20:33:37:253,-0.1298,-0.1745,9.9018,-0.0048,-0.0061,9.8066,0.0953,-0.0248,-0.0336,-20.94,-34.12,17.19,299.98,-82.19,179.79
52.38568,-1.584284,165.33,19.01,3,104.61,19 / 21,4411610,2019-09-06 20:33:37:353,0.9544,1.4195,9.8501,-0.0397,0.0163,9.8065,0.1774,0.0985,-0.0463,-20.31,-33.69,16.81,301.8,-82.34,-179.84
52.38568,-1.584284,165.33,19.01,3,104.61,19 / 21,4411709,2019-09-06 20:33:37:452,0.1259,-0.1408,9.9125,-0.0085,0.0018,9.8066,0.0456,-0.042,0.0517,-21.06,-34,17.63,302.36,-82.05,-179.67
52.38568,-1.584284,165.33,19.01,3,104.61,19 / 21,4411810,2019-09-06 20:33:37:553,0.0266,0.2368,9.8539,-0.0085,-0.0012,9.8066,-0.0709,-0.0104,-0.075,-20.25,-34.06,17.5,304.56,-81.91,-178.68
52.38568,-1.584284,165.33,19.01,3,104.61,19 / 21,4411909,2019-09-06 20:33:37:652,-1.0443,1.1553,9.3874,0.0213,-0.0199,9.8066,-0.0042,-0.087,0.1083,-20.37,-33.62,17.63,305,-81.95,-178.33
52.38568,-1.584284,165.33,19.01,3,104.61,19 / 21,4412009,2019-09-06 20:33:37:752,-0.619,-0.6418,9.9816,0.0059,-0.0177,9.8066,-0.1129,0.0607,-0.033,-21.12,-34.06,17.69,304.45,-82.05,-177.79
52.38568,-1.584284,165.33,19.01,3,104.61,19 / 21,4412109,2019-09-06 20:33:37:852,-0.711,-0.6036,10.0169,-0.0001,-0.0035,9.8066,0.133,0.0576,-0.0083,-21.31,-34.12,17.5,304.48,-82.09,-177.8
52.38568,-1.584284,165.33,19.01,3,104.61,19 / 21,4412210,2019-09-06 20:33:37:953,0.3859,-0.7739,9.4,-0.0156,0.002,9.8066,0.0203,-0.0674,0.0252,-21.12,-33.81,17.5,304.41,-82.06,-177.83
52.38568,-1.584284,165.33,19.01,3,104.61,19 / 21,4412309,2019-09-06 20:33:38:052,-0.3694,0.7985,9.2966,0.0254,-0.0199,9.8066,0.1888,-0.0171,-0.0535,-21,-34,17.38,302.45,-81.84,-177.55
52.38527,-1.581856,163.67,18.99,3,106.05,19 / 20,4412410,2019-09-06 20:33:38:153,-2.1406,-0.0873,10.0012,-0.0272,0.0121,9.8066,-0.0678,-0.0162,-0.0374,-20.62,-33.94,17.69,303.15,-81.85,-178.74
52.38527,-1.581856,163.67,18.99,3,106.05,19 / 20,4412510,2019-09-06 20:33:38:253,-0.2899,-0.2936,10.823,0.057,-0.0416,9.8063,-0.1631,0.0049,-0.0237,-21,-33.81,17.5,302.5,-82.12,-179.63
52.38527,-1.581856,163.67,18.99,3,106.05,19 / 20,4412610,2019-09-06 20:33:38:353,0.4688,0.4248,10.45,0.027,-0.0164,9.8065,0.0361,0.0132,-0.0005,-20.75,-33.81,17.63,302.42,-81.8,-179.34
52.38527,-1.581856,163.67,18.99,3,106.05,19 / 20,4412710,2019-09-06 20:33:38:453,-0.6625,0.7141,9.4494,0.0181,-0.0162,9.8065,0.0635,-0.0469,-0.0183,-20.44,-33.25,17.75,304.21,-81.69,-179
52.38527,-1.581856,163.67,18.99,3,106.05,19 / 20,4412809,2019-09-06 20:33:38:552,-0.8351,-1.5623,10.8963,0.0064,-0.0057,9.8066,0.0301,0.0199,-0.0215,-20.75,-33.62,18,303.56,-81.67,-178.16
52.38527,-1.581856,163.67,18.99,3,106.05,19 / 20,4412910,2019-09-06 20:33:38:653,-0.6517,0.103,10.2238,-0.0015,0.0021,9.8066,0.0932,-0.0806,0.0473,-21.25,-34.25,17.69,303.24,-81.77,-178.56
52.38527,-1.581856,163.67,18.99,3,106.05,19 / 20,4413010,2019-09-06 20:33:38:753,0.1211,1.2643,9.8213,-0.0373,0.0275,9.8065,0.1279,0.0478,-0.0903,-20.75,-34.06,17.81,304.16,-81.82,-177.79
52.38527,-1.581856,163.67,18.99,3,106.05,19 / 20,4413109,2019-09-06 20:33:38:852,-1.6447,-0.1976,10.226,0.0142,-0.012,9.8065,-0.0567,0.0465,0.0016,-21.06,-34.19,17.75,303.57,-81.55,-178.02
52.38527,-1.581856,163.67,18.99,3,106.05,19 / 20,4413210,2019-09-06 20:33:38:953,-0.158,0.1067,9.3644,0.0204,-0.018,9.8065,-0.0498,0.0752,0.0186,-21.25,-33.94,18.31,303.73,-81.32,-177.62
52.38527,-1.581856,163.67,18.99,3,106.05,19 / 20,4413310,2019-09-06 20:33:39:053,-1.4514,-0.6589,10.1904,0.0216,-0.016,9.8066,-0.0094,0.0839,0.0651,-21.25,-34.06,17.5,304.45,-81.41,-177.08
52.38527,-1.581856,163.67,18.99,3,106.05,19 / 20,4413409,2019-09-06 20:33:39:152,0.1796,0.8481,10.0293,-0.0093,-0.0077,9.8066,-0.008,0.0075,-0.0445,-20.94,-33.62,18.19,305.4,-81.64,-176.48
52.38527,-1.581856,163.67,18.99,3,106.05,19 / 20,4413510,2019-09-06 20:33:39:253,0.0446,0.0166,9.8897,0.0334,-0.0146,9.8066,-0.1804,0.0361,-0.0022,-20.87,-33.62,18.69,308.04,-81.73,-175.95
52.38527,-1.581856,163.67,18.99,3,106.05,19 / 20,4413609,2019-09-06 20:33:39:352,-1.0237,0.1186,10.6617,0.0197,-0.0105,9.8066,-0.0341,-0.0122,0.1094,-20.87,-33.19,18.25,305.47,-81.51,-176.52
52.38527,-1.581856,163.67,18.99,3,106.05,19 / 20,4413709,2019-09-06 20:33:39:452,-1.4038,-1.1546,10.4818,0.0077,-0.0067,9.8066,0.031,0.1251,-0.1141,-20.56,-33.44,19.06,307.66,-81.37,-176.15
52.38527,-1.581856,163.67,18.99,3,106.05,19 / 20,4413810,2019-09-06 20:33:39:553,-1.2737,-0.1754,9.1047,0.0177,-0.0023,9.8066,-0.091,-0.0714,0.1158,-21.06,-34.44,18.25,304.76,-81.23,-176.6
52.38527,-1.581856,163.67,18.99,3,106.05,19 / 20,4413909,2019-09-06 20:33:39:652,0.9717,-0.5707,11.2413,-0.0051,-0.0056,9.8066,-0.1358,-0.0655,0.0034,-21.31,-33.81,18.88,307.82,-81.34,-175.73
52.38527,-1.581856,163.67,18.99,3,106.05,19 / 20,4414009,2019-09-06 20:33:39:752,-0.9086,-0.994,10.2916,0.0781,-0.0509,9.8061,-0.2267,0.0799,-0.1162,-20.44,-33.56,18.13,307.67,-81.8,-175.78
52.38527,-1.581856,163.67,18.99,3,106.05,19 / 20,4414110,2019-09-06 20:33:39:853,-1.5899,0.9298,10.2273,0.043,-0.0131,9.8065,0.109,0.1053,-0.0768,-20.37,-33.31,18.56,307.79,-81.34,-177.18
52.38527,-1.581856,163.67,18.99,3,106.05,19 / 20,4414210,2019-09-06 20:33:39:953,-0.0926,0.7745,9.8634,0.0065,0.0076,9.8066,-0.1297,-0.0353,0.0596,-20.69,-33.44,17.94,303.78,-81.22,-177.73
52.38527,-1.581856,163.67,18.99,3,106.05,19 / 20,4414310,2019-09-06 20:33:40:053,0.0624,0.5071,9.717,0.0068,-0.0096,9.8066,-0.1027,0.0293,0.0608,-20.75,-33.5,18.25,304.17,-81.07,-177.22
52.38527,-1.581856,163.67,18.99,3,106.05,19 / 20,4414409,2019-09-06 20:33:40:152,-0.7526,1.5052,8.8547,0.0295,-0.0288,9.8065,-0.2461,0.0428,-0.1239,-20.94,-34.25,18.38,305.25,-81.12,-176.04
52.38527,-1.581856,163.67,18.99,3,106.05,19 / 20,4414509,2019-09-06 20:33:40:252,-3.1511,0.7326,12.5697,0.0105,-0.0093,9.8066,0.3453,0.0182,0.0002,-20.87,-33.44,18.31,306.16,-81.49,-175.89
52.38527,-1.581856,163.67,18.99,3,106.05,19 / 20,4414610,2019-09-06 20:33:40:353,2.6187,1.8692,9.6971,-0.0413,0.052,9.8063,0.9229,0.1732,-0.11,-21.37,-33.75,18.13,305.31,-81.42,-176.31
52.38527,-1.581856,163.67,18.99,3,106.05,19 / 20,4414709,2019-09-06 20:33:40:452,2.3987,-3.4199,10.4051,-0.1383,0.0734,9.8054,-0.5436,0.2852,-0.2142,-20.81,-33.44,18.5,307.6,-81.97,-176.81
52.38527,-1.581856,163.67,18.99,3,106.05,19 / 20,4414809,2019-09-06 20:33:40:552,-1.0687,-0.2206,9.8453,0.1131,-0.0954,9.8055,-0.4513,-0.0284,0.1211,-21.06,-33.75,18.5,307.16,-81.02,-175.97
52.38527,-1.581856,163.67,18.99,3,106.05,19 / 20,4414910,2019-09-06 20:33:40:653,-1.3461,0.9774,10.1986,-0.054,0.0224,9.8064,0.0572,-0.0061,-0.0143,-21.25,-33.37,18.69,309.92,-81.38,-174.15
52.38527,-1.581856,163.67,18.99,3,106.05,19 / 20,4415010,2019-09-06 20:33:40:753,-0.0004,-1.3695,9.9864,-0.0047,0.0023,9.8066,-0.0265,-0.0395,0.0779,-21.12,-33.25,19.06,310.78,-81.61,-173.61
52.38527,-1.581856,163.67,18.99,3,106.05,19 / 20,4415110,2019-09-06 20:33:40:853,-2.5474,0.9086,10.1441,0.0347,-0.0186,9.8065,0.1914,-0.0484,-0.056,-21.25,-33.5,18.75,310.25,-81.49,-173.97
52.38527,-1.581856,163.67,18.99,3,106.05,19 / 20,4415210,2019-09-06 20:33:40:953,-1.1919,0.4738,10.5962,-0.0247,0.0323,9.8065,0.1426,-0.0031,-0.0519,-21.25,-33.5,19,309.39,-81.25,-174.5
52.38527,-1.581856,163.67,18.99,3,106.05,19 / 20,4415311,2019-09-06 20:33:41:054,0.5998,-1.4363,10.7852,-0.0367,0.0252,9.8065,-0.0804,0.0611,0.0002,-20.81,-33,19.19,308.35,-81.38,-175.54
52.38527,-1.581856,163.67,18.99,3,106.05,19 / 21,4415409,2019-09-06 20:33:41:152,0.475,-0.4509,10.0578,0.028,0.001,9.8066,0.0612,-0.0075,0.0313,-20.75,-33.69,19.25,306.49,-81.23,-176.8
52.38527,-1.581856,163.67,18.99,3,106.05,19 / 21,4415509,2019-09-06 20:33:41:252,-1.7716,0.2965,9.4313,-0.0078,0.0077,9.8066,-0.065,-0.0231,-0.0632,-20.75,-33.62,18.63,306.47,-81.34,-176.94
52.38527,-1.581856,163.67,18.99,3,106.05,19 / 21,4415610,2019-09-06 20:33:41:353,-0.6092,-0.3012,8.5907,-0.0234,0.0052,9.8066,-0.1633,-0.064,0.0578,-20.94,-33.94,18.25,305.2,-81.46,-176.46
52.38527,-1.581856,163.67,18.99,3,106.05,19 / 21,4415709,2019-09-06 20:33:41:452,-1.6639,1.0751,9.2186,-0.0321,0.0058,9.8066,0.0362,-0.0326,0.0284,-21.12,-33.87,18.69,308.41,-81.66,-175.54
52.38527,-1.581856,163.67,18.99,3,106.05,19 / 21,4415810,2019-09-06 20:33:41:553,-1.844,0.7001,10.9394,0.0029,0.008,9.8066,0.2633,-0.0517,-0.0117,-20.37,-33.62,18.38,308.97,-81.96,-174.79
52.38527,-1.581856,163.67,18.99,3,106.05,19 / 21,4415910,2019-09-06 20:33:41:653,1.2853,0.4396,10.5882,0.046,-0.0139,9.8065,-0.0006,-0.019,-0.0503,-20.87,-34,18.44,306.85,-81.93,-175.49
52.38527,-1.581856,163.67,18.99,3,106.05,19 / 21,4416010,2019-09-06 20:33:41:753,-1.7522,-0.0907,9.1899,-0.0159,0.0073,9.8065,0.0001,0.012,0.0771,-20.87,-33.87,18.5,307.52,-81.63,-176.3
52.38527,-1.581856,163.67,18.99,3,106.05,19 / 21,4416109,2019-09-06 20:33:41:852,0.2732,-0.4618,9.7465,-0.0102,-0.0103,9.8066,-0.0412,-0.0079,-0.0082,-20.37,-33.69,18.31,307.44,-81.59,-175.76
52.38527,-1.581856,163.67,18.99,3,106.05,19 / 21,4416210,2019-09-06 20:33:41:953,-0.705,1.6897,10.9225,0.0354,-0.0218,9.8065,0.0301,0.049,-0.091,-20.81,-34,18.69,308.97,-81.57,-174.95
52.38527,-1.581856,163.67,18.99,3,106.05,19 / 21,4416310,2019-09-06 20:33:42:053,-0.3582,-1.2463,10.6279,0.014,-0.0085,9.8066,0.0164,0.0553,-0.0324,-20.37,-33.94,18.69,308.41,-81.61,-176.66
52.38527,-1.581856,163.67,18.99,3,106.05,19 / 21,4416409,2019-09-06 20:33:42:152,-0.634,0.0879,7.9394,-0.0322,0.0106,9.8065,-0.035,-0.0246,0.123,-20.69,-33.94,18.56,306.36,-81.48,-177.18
52.38527,-1.581856,163.67,18.99,3,106.05,19 / 21,4416510,2019-09-06 20:33:42:253,-1.0678,-0.1492,10.1901,0.0225,-0.0437,9.8065,-0.0953,-0.0703,-0.0229,-21.06,-33.25,18.88,309.66,-81.81,-174.8
52.38527,-1.581856,163.67,18.99,3,106.05,19 / 21,4416609,2019-09-06 20:33:42:352,0.2095,-0.1131,9.9615,0.0419,-0.0313,9.8065,-0.0692,0.076,-0.0008,-21.12,-33.75,18.19,308.84,-81.52,-173.28
52.38527,-1.581856,163.67,18.99,3,106.05,19 / 21,4416709,2019-09-06 20:33:42:452,-1.3938,-1.3591,10.3508,0.0315,-0.0299,9.8065,0.0406,0.0626,-0.1046,-21.12,-33.37,19.13,310.99,-81.45,-173.26
52.38527,-1.581856,163.67,18.99,3,106.05,19 / 21,4416810,2019-09-06 20:33:42:553,-0.0666,-0.114,9.6081,-0.0052,0.0345,9.8066,-0.0091,-0.0024,0.0034,-20.56,-33.69,18.44,307.33,-81.51,-174.61
52.38527,-1.581856,163.67,18.99,3,106.05,19 / 21,4416910,2019-09-06 20:33:42:653,0.2561,1.1836,9.8755,0.0042,0.0099,9.8066,-0.0515,-0.0341,0.0111,-20.37,-33.75,18.44,307.72,-81.66,-175.58
52.38527,-1.581856,163.67,18.99,3,106.05,19 / 21,4417009,2019-09-06 20:33:42:752,-0.4501,-0.0969,9.6227,0.0442,-0.0114,9.8065,-0.1775,-0.0046,-0.0294,-20.44,-33.81,18.19,307.86,-81.85,-175.66
52.38527,-1.581856,163.67,18.99,3,106.05,19 / 21,4417110,2019-09-06 20:33:42:853,-0.8285,2.6357,9.5374,-0.0575,0.0365,9.8064,0.2041,-0.0113,-0.0627,-20.5,-33.31,18.13,305.8,-81.39,-177.25
52.38527,-1.581856,163.67,18.99,3,106.05,19 / 21,4417209,2019-09-06 20:33:42:952,-2.239,0.1448,9.6213,-0.0739,0.0632,9.8061,0.0414,-0.1241,0.0785,-20.56,-33.62,18.44,304.39,-81.7,-177.46
52.38527,-1.581856,163.67,18.99,3,106.05,19 / 21,4417310,2019-09-06 20:33:43:053,1.5581,1.5341,9.1508,-0.0876,0.0578,9.8061,-0.0246,0.0205,0.1086,-20.37,-33.62,18.44,305.96,-81.84,-177.34
52.38527,-1.581856,163.67,18.99,3,106.05,19 / 21,4417409,2019-09-06 20:33:43:152,-0.5299,1.4967,9.1321,-0.0223,0.0008,9.8066,0.1178,-0.0292,-0.0258,-20.06,-34.06,18.31,305.17,-81.76,-177.96
52.38527,-1.581856,163.67,18.99,3,106.05,19 / 21,4417509,2019-09-06 20:33:43:252,0.2299,0.2013,9.6534,-0.0392,0.0244,9.8065,-0.254,-0.0042,0.0898,-20.81,-33.69,18.38,305.28,-82.09,-177.07
52.38527,-1.581856,163.67,18.99,3,106.05,19 / 21,4417610,2019-09-06 20:33:43:353,-0.1563,0.8069,10.2624,0.1117,-0.0682,9.8057,-0.2757,0.0536,0.0095,-20.44,-33.75,17.88,306.02,-81.44,-176.85
52.38527,-1.581856,163.67,18.99,3,106.05,19 / 21,4417709,2019-09-06 20:33:43:452,-0.7642,0.7891,10.7311,0.0863,-0.057,9.8061,0.0461,0.0282,-0.0014,-20.75,-33.87,18.19,304.98,-81.4,-176.59
52.38527,-1.581856,163.67,18.99,3,106.05,19 / 21,4417809,2019-09-06 20:33:43:552,-0.0359,-0.2176,9.9807,-0.0349,0.0129,9.8066,-0.0506,-0.0006,-0.0304,-20.56,-33.56,18.38,304.48,-81.36,-176.99
52.38527,-1.581856,163.67,18.99,3,106.05,19 / 21,4417910,2019-09-06 20:33:43:653,-0.3338,1.0819,9.2448,-0.0189,0.0196,9.8065,0.2985,0.0418,0.0273,-20.87,-33.31,18.88,307.61,-81.61,-176.43
52.38527,-1.581856,163.67,18.99,3,106.05,19 / 21,4418009,2019-09-06 20:33:43:752,0.1713,1.8062,8.8242,-0.0777,0.0466,9.8062,0.224,-0.0304,-0.0067,-20.56,-34.06,18.38,306.04,-82.16,-176.47
52.38527,-1.581856,163.67,18.99,3,106.05,19 / 21,4418109,2019-09-06 20:33:43:852,-1.4427,0.7041,10.7542,-0.0243,0.0425,9.8065,0.0409,0.0435,-0.0364,-20.25,-33.69,17.94,306.63,-82.16,-177.11
52.38527,-1.581856,163.67,18.99,3,106.05,19 / 21,4418209,2019-09-06 20:33:43:952,1.027,1.3228,10.5354,0.0197,-0.0088,9.8066,0.0334,0.083,-0.0618,-20.62,-33.69,18.06,303.77,-81.85,-178.18
52.38527,-1.581856,163.67,18.99,3,106.05,19 / 21,4418309,2019-09-06 20:33:44:052,2.5115,0.879,10.3867,0.0175,-0.0122,9.8065,-0.2573,-0.0381,0.0953,-21.12,-34.12,17.88,303.43,-81.64,-178.24
52.38527,-1.581856,163.67,18.99,3,106.05,19 / 21,4418410,2019-09-06 20:33:44:153,-0.7076,-0.3397,10.8858,0.0303,-0.0297,9.8065,-0.1393,-0.0076,0.0337,-21.5,-34.44,17.94,304.09,-81.48,-177.48
52.38527,-1.581856,163.67,18.99,3,106.05,19 / 21,4418509,2019-09-06 20:33:44:252,1.1921,2.0993,10.352,0.0157,0.023,9.8066,0.0958,-0.0096,-0.0107,-21,-34,18,303.91,-81.73,-177.91
52.38527,-1.581856,163.67,18.99,3,106.05,19 / 21,4418610,2019-09-06 20:33:44:353,1.6087,0.1653,9.5216,0.0177,-0.0024,9.8066,-0.0431,-0.0434,-0.0606,-20.81,-33.69,18.13,302.5,-81.81,-179.27
52.38527,-1.581856,163.67,18.99,3,106.05,19 / 21,4418710,2019-09-06 20:33:44:453,-0.3615,1.5532,9.8016,-0.0255,0.0085,9.8066,0.0724,0.1681,-0.0209,-20.19,-34.62,17.31,300.79,-81.87,-179.93
52.38527,-1.581856,163.67,18.99,3,106.05,19 / 21,4418809,2019-09-06 20:33:44:552,2.4037,0.101,8.8373,0.0107,-0.0001,9.8066,0.1151,0.1283,0.1019,-20.06,-34.94,17.25,301.27,-82,-179.66
52.38527,-1.581856,163.67,18.99,3,106.05,19 / 21,4418909,2019-09-06 20:33:44:652,0.1924,-0.4179,8.4671,0.0009,-0.0029,9.8066,-0.197,0.0249,-0.2127,-20.44,-34.81,17.81,303.49,-82.06,-179.56
52.38527,-1.581856,163.67,18.99,3,106.05,19 / 21,4419009,2019-09-06 20:33:44:752,0.0562,2.5771,10.2773,0.0329,-0.0002,9.8066,-0.3778,0.1289,-0.0933,-20.31,-33.69,16.94,301.17,-81.87,-179.85
52.38527,-1.581856,163.67,18.99,3,106.05,19 / 21,4419110,2019-09-06 20:33:44:853,-1.0979,2.7711,10.1061,0.0509,-0.0192,9.8065,0.2671,0.129,0.175,-20.25,-33.87,16.25,297.82,-82,178.87
52.38527,-1.581856,163.67,18.99,3,106.05,19 / 21,4419209,2019-09-06 20:33:44:952,0.9956,2.4476,8.9348,-0.0734,0.0316,9.8063,0.1778,-0.1686,0.0413,-19.44,-35.19,16.5,303.07,-82.3,-179.59
52.38527,-1.581856,163.67,18.99,3,106.05,19 / 21,4419310,2019-09-06 20:33:45:053,2.1055,5.0484,8.2315,-0.0529,-0.009,9.8065,-0.8673,0.0084,-0.0343,-20.44,-36,16.81,304.6,-82.16,-176.6
52.38527,-1.581856,163.67,18.99,3,106.05,19 / 21,4419410,2019-09-06 20:33:45:153,-5.6403,-2.4583,12.425,0.1358,-0.037,9.8056,-0.6279,-0.3851,0.3508,-20.12,-34.62,17.63,305.68,-82.58,-178.19
52.38527,-1.581856,163.67,18.99,3,106.05,19 / 21,4419510,2019-09-06 20:33:45:253,0.1661,0.376,9.2094,0.0432,-0.0008,9.8065,0.4826,0.0489,-0.0312,-20.87,-34.25,17.38,299.51,-82.22,179.33
52.38527,-1.581856,163.67,18.99,3,106.05,19 / 21,4419609,2019-09-06 20:33:45:352,1.0159,1.5209,9.5027,-0.0677,0.0377,9.8063,0.1431,0.148,-0.1457,-20.75,-34.37,16.38,297.6,-82.61,178.99
52.38527,-1.581856,163.67,18.99,3,106.05,19 / 21,4419710,2019-09-06 20:33:45:453,0.5688,-0.1538,10.2376,-0.0161,0.0351,9.8065,-0.0802,0.1572,0.0121,-20.87,-34.06,16.5,297.18,-82.66,176.65
52.38527,-1.581856,163.67,18.99,3,106.05,19 / 21,4419810,2019-09-06 20:33:45:553,2.0253,1.7212,9.1358,0.0296,-0.0249,9.8065,-0.0592,0.0314,0.0041,-20.5,-34.19,16.69,298.37,-82.43,176.91
52.38527,-1.581856,163.67,18.99,3,106.05,19 / 21,4419909,2019-09-06 20:33:45:652,2.0341,0.3222,10.9016,-0.0138,0.0233,9.8066,0.0861,0.1235,-0.0864,-20.94,-34.37,17.19,297.02,-82.5,176.71
52.38527,-1.581856,163.67,18.99,3,106.05,19 / 21,4420010,2019-09-06 20:33:45:753,-0.0568,1.0265,10.1829,0.0177,-0.0102,9.8066,-0.0172,0.0014,-0.06,-20.62,-33.94,17,298.15,-82.41,177.85
52.38527,-1.581856,163.67,18.99,3,106.05,19 / 21,4420110,2019-09-06 20:33:45:853,0.9737,1.0444,9.9921,-0.0053,0.0265,9.8066,-0.0232,0.014,0.0386,-20.5,-34.12,16.5,298.29,-82.47,176.78
52.38527,-1.581856,163.67,18.99,3,106.05,19 / 21,4420210,2019-09-06 20:33:45:953,1.2301,1.2155,9.5193,0.0073,0.0072,9.8066,-0.0664,0.0884,-0.0644,-20.37,-34.31,16.06,294.72,-82.46,175.42
52.38527,-1.581856,163.67,18.99,3,106.05,19 / 21,4420309,2019-09-06 20:33:46:052,0.6501,0.7773,9.6828,0.0114,-0.0044,9.8066,-0.0518,0.0045,0.0386,-19.69,-34.37,16.44,294.22,-82.43,174.98
52.38527,-1.581856,163.67,18.99,3,106.05,19 / 21,4420410,2019-09-06 20:33:46:153,-0.0885,1.2222,11.4281,-0.0392,-0.0141,9.8065,0.1525,0.2195,-0.067,-20.56,-33.87,15.75,295.54,-82.51,177.2
52.38527,-1.581856,163.67,18.99,3,106.05,19 / 21,4420509,2019-09-06 20:33:46:252,-0.0398,1.7666,10.7509,-0.0882,0.0339,9.8062,0.0629,-0.1687,0.1708,-20.31,-34,15.56,296.69,-82.48,177.22
52.38527,-1.581856,163.67,18.99,3,106.05,19 / 21,4420610,2019-09-06 20:33:46:353,0.4261,0.5763,9.5129,0.0212,-0.0206,9.8066,0.0288,-0.046,-0.0323,-21.19,-34.31,16,298.96,-82.31,-179.38
52.38527,-1.581856,163.67,18.99,3,106.05,19 / 21,4420710,2019-09-06 20:33:46:453,-0.1074,1.0523,9.9268,-0.0245,0.0147,9.8066,-0.061,0.003,0.0746,-20.94,-34,15.31,297.78,-82.28,-178.47
52.38527,-1.581856,163.67,18.99,3,106.05,19 / 21,4420810,2019-09-06 20:33:46:553,-0.6316,0.2506,9.3599,0.014,0.0019,9.8066,-0.0358,0.0349,0.0208,-21.31,-33.87,15.63,299.74,-82.48,-178.89
52.38527,-1.581856,163.67,18.99,3,106.05,19 / 21,4420909,2019-09-06 20:33:46:652,0.0746,-0.6093,10.189,0.0149,-0.0065,9.8066,0.0972,0.0395,-0.0295,-21.5,-34.44,15.38,297.41,-82.49,-179.08
52.38527,-1.581856,163.67,18.99,3,106.05,19 / 21,4421010,2019-09-06 20:33:46:753,1.7294,-0.2945,9.8618,-0.0125,0.0174,9.8066,0.1483,0.0188,-0.0036,-20.75,-34.12,15,295.27,-82.49,178.94
52.38527,-1.581856,163.67,18.99,3,106.05,19 / 21,4421110,2019-09-06 20:33:46:853,1.1285,-0.7812,10.1321,0.0218,-0.002,9.8066,0.0343,0.0905,-0.0453,-20.94,-34.31,16.19,296.53,-82.29,178.4
52.38527,-1.581856,163.67,18.99,3,106.05,19 / 21,4421210,2019-09-06 20:33:46:953,1.5777,0.3365,10.3055,-0.0274,0.014,9.8066,0.0513,0.0555,-0.0032,-20.81,-34.75,15.75,294.88,-82.34,177.07
52.38527,-1.581856,163.67,18.99,3,106.05,19 / 21,4421310,2019-09-06 20:33:47:053,0.6459,-1.937,10.2481,-0.0287,0.0075,9.8066,0.0378,0.0862,-0.0728,-20.56,-34.44,15.5,295.91,-82.54,177.5
52.3849,-1.579517,162.35,18.42,3,97.2,19 / 22,4421409,2019-09-06 20:33:47:152,-0.7419,0.828,9.7384,0.0005,-0.0027,9.8066,0.0814,0.0576,0.0354,-21.12,-33.94,15.5,296.06,-82.52,177.67
52.3849,-1.579517,162.35,18.42,3,97.2,19 / 22,4421510,2019-09-06 20:33:47:253,0.6534,-0.2056,10.3606,0.0441,-0.0281,9.8065,-0.0495,0.0013,0.0518,-20.81,-34.69,15.81,295.98,-82.59,177.77
52.3849,-1.579517,162.35,18.42,3,97.2,19 / 22,4421609,2019-09-06 20:33:47:352,1.8417,-0.151,10.13,0.0436,-0.0259,9.8064,0.0474,-0.039,0.0203,-21.12,-34.5,16.06,297.31,-82.62,178.71
52.3849,-1.579517,162.35,18.42,3,97.2,19 / 22,4421709,2019-09-06 20:33:47:452,0.8312,0.1481,9.8635,0.0123,-0.0363,9.8066,-0.0359,-0.0382,0.0202,-21.19,-34.25,16.06,299.23,-82.32,-179.16
52.3849,-1.579517,162.35,18.42,3,97.2,19 / 22,4421809,2019-09-06 20:33:47:552,-1.0403,-0.6736,9.6871,-0.0162,0.007,9.8066,0.003,-0.0393,0.0301,-21.62,-34.62,15.31,297.01,-82.5,-178.23
52.3849,-1.579517,162.35,18.42,3,97.2,19 / 22,4421910,2019-09-06 20:33:47:653,0.1633,0.104,10.2224,0.0145,-0.0059,9.8066,0.1041,0.0289,0.025,-21.37,-34.19,15.5,301.23,-82.64,-177.71
52.3849,-1.579517,162.35,18.42,3,97.2,19 / 22,4422009,2019-09-06 20:33:47:752,-1.4427,0.7437,10.488,-0.008,-0.0009,9.8066,0.2229,0.0053,0.0098,-21.75,-34.5,15.25,298.12,-82.59,-177.57
52.3849,-1.579517,162.35,18.42,3,97.2,19 / 22,4422110,2019-09-06 20:33:47:853,0.4545,0.152,10.2825,-0.015,0.0119,9.8066,-0.1513,-0.0376,0.0731,-20.5,-33.44,15.56,302.78,-82.52,-177.5
52.3849,-1.579517,162.35,18.42,3,97.2,19 / 22,4422210,2019-09-06 20:33:47:953,-2.398,1.0255,10.1697,-0.0011,-0.0186,9.8066,-0.154,-0.0248,-0.0344,-21,-34.12,15.5,301.66,-82.46,-177.1
52.3849,-1.579517,162.35,18.42,3,97.2,19 / 22,4422309,2019-09-06 20:33:48:052,2.1531,-2.3023,8.8115,-0.0043,-0.0151,9.8066,-0.9089,0.1922,0.0006,-20.81,-34.94,14.81,301.37,-82.52,-175.22
52.3849,-1.579517,162.35,18.42,3,97.2,19 / 20,4422409,2019-09-06 20:33:48:152,-4.2359,2.609,8.6604,0.2162,-0.1307,9.8033,-1.4357,-0.0062,-0.0397,-21.25,-35.25,14.75,299.03,-82.19,-176.94
52.3849,-1.579517,162.35,18.42,3,97.2,19 / 20,4422510,2019-09-06 20:33:48:253,-11.1162,-0.9607,11.3194,-0.2251,0.0889,9.8036,0.765,0.5652,-0.2758,-21.44,-34.56,14.25,295.5,-82.8,-178.93
52.3849,-1.579517,162.35,18.42,3,97.2,19 / 20,4422609,2019-09-06 20:33:48:352,0.6878,3.1804,10.4401,-0.0814,0.0333,9.8062,0.2659,-0.0674,0.1764,-21.37,-35,14.69,295.99,-83.06,179.14
52.3849,-1.579517,162.35,18.42,3,97.2,19 / 20,4422709,2019-09-06 20:33:48:452,0.5423,-2.231,10.8169,-0.053,-0.0198,9.8064,-0.0443,-0.0396,0.0328,-21.12,-34.12,14.81,300.72,-83.06,-176.72
52.3849,-1.579517,162.35,18.42,3,97.2,19 / 20,4422810,2019-09-06 20:33:48:553,0.6008,-0.2359,10.3432,0.0036,-0.0312,9.8066,0.0019,0.0412,0.0023,-21.75,-33.94,14.75,300.67,-82.8,-175.46
52.3849,-1.579517,162.35,18.42,3,97.2,19 / 20,4422909,2019-09-06 20:33:48:652,-0.6738,-0.0799,10.1162,-0.0234,0.0114,9.8065,-0.1316,0.0044,0.0245,-21.69,-34,14.5,301.93,-83.13,-174.68
52.3849,-1.579517,162.35,18.42,3,97.2,19 / 20,4423009,2019-09-06 20:33:48:752,-0.9977,0.6974,9.4417,0.009,0.0011,9.8066,0.0678,0.043,-0.0482,-21.69,-34.25,14.38,299.72,-83.37,-175.04
52.3849,-1.579517,162.35,18.42,3,97.2,19 / 20,4423110,2019-09-06 20:33:48:853,-0.4393,-0.128,9.6403,0.0114,-0.0005,9.8066,-0.0667,0.0972,-0.005,-21.44,-34.31,14.94,301.75,-83.42,-176.2
52.3849,-1.579517,162.35,18.42,3,97.2,19 / 20,4423209,2019-09-06 20:33:48:952,1.8307,0.321,9.6605,0.0205,-0.0093,9.8066,-0.0352,0.0169,0.0719,-21.44,-34.37,13.94,298.55,-83.37,-177.08
52.3849,-1.579517,162.35,18.42,3,97.2,19 / 20,4423310,2019-09-06 20:33:49:053,-1.1341,-0.1037,10.2729,-0.0096,0.0224,9.8065,0.1173,-0.0195,-0.0475,-21.56,-33.87,14.88,300.16,-83.09,-176.26
52.3849,-1.579517,162.35,18.42,3,97.2,20 / 22,4423409,2019-09-06 20:33:49:152,0.5602,-0.7707,10.4584,-0.0275,-0.0029,9.8066,-0.1241,0.0466,-0.0369,-21.69,-34.44,14.44,298.55,-83.28,-176.01
52.3849,-1.579517,162.35,18.42,3,97.2,20 / 22,4423510,2019-09-06 20:33:49:253,1.0762,0.5355,9.207,0.0261,-0.0126,9.8065,-0.1725,-0.0509,0.0305,-21.56,-34.44,14.19,298.7,-83.23,-175.81
52.3849,-1.579517,162.35,18.42,3,97.2,20 / 22,4423610,2019-09-06 20:33:49:353,-0.0548,-0.7089,9.653,0.0099,-0.0293,9.8066,0.0199,-0.0346,0.0806,-21.62,-34.25,13.63,301.21,-83.47,-173.78
52.3849,-1.579517,162.35,18.42,3,97.2,20 / 22,4423710,2019-09-06 20:33:49:453,-0.4925,-0.4919,11.4538,-0.0016,-0.0194,9.8066,0.1398,-0.0318,0.0179,-21.81,-33.69,14,303.99,-83.59,-171.35
52.3849,-1.579517,162.35,18.42,3,97.2,20 / 22,4423810,2019-09-06 20:33:49:553,1.1928,-1.4985,10.4426,-0.0089,0.0248,9.8065,-0.1996,0.0156,-0.1212,-21.94,-34.06,13.94,303.8,-83.43,-171.34
52.3849,-1.579517,162.35,18.42,3,97.2,20 / 22,4423909,2019-09-06 20:33:49:652,-0.4307,-0.3992,9.5268,0.0564,0.0058,9.8065,-0.2181,-0.0443,-0.0036,-21.56,-34.31,14.06,298.87,-82.96,-175.33
52.3849,-1.579517,162.35,18.42,3,97.2,20 / 22,4424010,2019-09-06 20:33:49:753,-0.4361,0.9974,9.032,-0.0502,0.0383,9.8064,0.0227,-0.0415,0.0647,-22,-34.12,14.5,299.93,-83.19,-176.6
52.3849,-1.579517,162.35,18.42,3,97.2,20 / 22,4424109,2019-09-06 20:33:49:852,0.0705,0.0607,9.5133,-0.0409,0.0124,9.8065,0.0195,0.0197,-0.0635,-21.56,-34.31,14.13,298.52,-83.75,-176.61
52.3849,-1.579517,162.35,18.42,3,97.2,20 / 22,4424209,2019-09-06 20:33:49:952,-0.33,0.348,9.8001,-0.0209,0.0145,9.8065,-0.0345,0.0173,-0.004,-21.44,-34.31,14.56,301.65,-83.84,-176.8
52.3849,-1.579517,162.35,18.42,3,97.2,20 / 22,4424310,2019-09-06 20:33:50:053,-1.8781,0.6896,10.1027,-0.0248,0.0072,9.8066,-0.0591,0.0195,0.0073,-22,-34.25,14,297.98,-83.7,-177.06
52.3849,-1.579517,162.35,18.42,3,97.2,19 / 20,4424410,2019-09-06 20:33:50:153,1.5512,-1.4786,10.2797,-0.044,0.0262,9.8065,-0.0832,-0.0312,-0.022,-21.12,-34.44,14.13,298.96,-83.86,-177.32
52.3849,-1.579517,162.35,18.42,3,97.2,19 / 20,4424509,2019-09-06 20:33:50:252,-0.359,0.8856,10.1165,0.0409,-0.0005,9.8066,-0.1028,0.0336,-0.008,-21.56,-34.06,13.88,296.56,-83.64,-178.31
52.3849,-1.579517,162.35,18.42,3,97.2,19 / 20,4424610,2019-09-06 20:33:50:353,0.5387,-0.657,9.9539,0.024,-0.0111,9.8066,-0.0712,0.0599,-0.0487,-21.56,-33.81,14,295.82,-83.66,-179.04
52.3849,-1.579517,162.35,18.42,3,97.2,19 / 20,4424709,2019-09-06 20:33:50:452,1.8053,-0.815,9.818,0.0164,-0.009,9.8066,-0.094,-0.0405,0.0827,-21.81,-33.94,14.44,295.85,-83.63,-178.97
52.3849,-1.579517,162.35,18.42,3,97.2,19 / 20,4424810,2019-09-06 20:33:50:553,-0.0189,-0.3927,9.867,-0.0121,0.0023,9.8066,0.0326,-0.0142,-0.0019,-21.56,-34.06,14.25,296.85,-83.65,-178.05
52.3849,-1.579517,162.35,18.42,3,97.2,19 / 20,4424910,2019-09-06 20:33:50:653,-0.49,-0.1015,10.2555,0.0118,-0.0068,9.8066,-0.0813,-0.007,-0.0454,-21.62,-34.37,14.25,297.25,-83.66,-177.68
52.3849,-1.579517,162.35,18.42,3,97.2,19 / 20,4425009,2019-09-06 20:33:50:752,-0.3979,0.104,10.38,-0.0058,0.0162,9.8066,-0.0524,0.0237,0.0125,-21.62,-34.56,14.13,295.93,-83.74,-178.81
52.3849,-1.579517,162.35,18.42,3,97.2,19 / 20,4425109,2019-09-06 20:33:50:852,0.3873,0.2939,9.5882,0.0478,-0.0137,9.8065,-0.0732,0.0619,0.0113,-22,-34.5,14.63,296.64,-83.36,-179.87
52.3849,-1.579517,162.35,18.42,3,97.2,19 / 20,4425210,2019-09-06 20:33:50:953,0.6209,-0.38,9.0078,0.0248,-0.0245,9.8065,0.0236,-0.1347,0.0076,-21.56,-33.94,13.94,294.62,-83.54,179.99
52.3849,-1.579517,162.35,18.42,3,97.2,19 / 20,4425309,2019-09-06 20:33:51:052,-0.6354,-0.0182,9.4387,-0.0259,0.0012,9.8066,-0.1521,-0.0193,-0.1132,-21.19,-34.06,13.38,295.19,-83.94,-178.85
52.3849,-1.579517,162.35,18.42,3,97.2,19 / 21,4425409,2019-09-06 20:33:51:152,0.1513,-0.3794,10.3742,0.0029,0.0095,9.8066,0.0153,-0.0615,0.0316,-21.44,-34.31,13.63,296.22,-84.06,179.88
52.3849,-1.579517,162.35,18.42,3,97.2,19 / 21,4425510,2019-09-06 20:33:51:253,-0.2745,-0.3117,9.6674,0.0488,-0.0207,9.8065,-0.1328,0.0776,-0.0589,-21.87,-34.37,13.5,293.6,-83.75,178.76
52.3849,-1.579517,162.35,18.42,3,97.2,19 / 21,4425609,2019-09-06 20:33:51:352,1.4377,-0.5217,9.1354,0.0467,-0.0202,9.8064,-0.0086,0.0102,0.0291,-21.69,-34.87,14.38,292.58,-83.52,178.33
52.3849,-1.579517,162.35,18.42,3,97.2,19 / 21,4425710,2019-09-06 20:33:51:453,-0.0153,-0.7205,10.1376,-0.016,-0.0027,9.8066,-0.0293,-0.1043,0.0026,-21.62,-34.81,13.94,292.92,-83.65,178.47
52.3849,-1.579517,162.35,18.42,3,97.2,19 / 21,4425809,2019-09-06 20:33:51:552,-0.0519,0.4038,9.3678,0.0015,0.0047,9.8066,0.0675,-0.0749,0.0327,-21.31,-34.31,14.25,295.01,-83.73,179.15
52.3849,-1.579517,162.35,18.42,3,97.2,19 / 21,4425910,2019-09-06 20:33:51:653,0.2392,0.276,10.1479,-0.0014,0.0162,9.8066,0.0731,0.0064,-0.0301,-21.12,-34.62,14.38,292.79,-83.65,177.4
52.3849,-1.579517,162.35,18.42,3,97.2,19 / 21,4426009,2019-09-06 20:33:51:752,2.4481,0.698,9.9337,0.0238,-0.0116,9.8066,0.0002,-0.1084,0.1594,-20.19,-35,13.5,292.58,-83.35,176.59
52.3849,-1.579517,162.35,18.42,3,97.2,19 / 21,4426110,2019-09-06 20:33:51:853,-0.4495,-0.6606,8.9679,0.0023,-0.0057,9.8065,-0.2287,0.2281,-0.0143,-21.12,-36.06,14.81,292.3,-83.46,175.39
52.3849,-1.579517,162.35,18.42,3,97.2,19 / 21,4426209,2019-09-06 20:33:51:952,-1.0417,1.8841,8.6368,0.0918,-0.051,9.806,0.2507,0.0145,-0.2166,-21.37,-35.37,15.25,292.17,-83.26,175.31
52.3849,-1.579517,162.35,18.42,3,97.2,19 / 21,4426310,2019-09-06 20:33:52:053,0.3541,1.3036,9.0238,-0.0865,0.0524,9.8061,0.1499,0.0214,-0.0186,-20.94,-34.62,14.69,293.12,-83.39,176.02
52.3849,-1.579517,162.35,18.42,3,97.2,19 / 20,4426410,2019-09-06 20:33:52:153,0.9554,-0.5697,8.5589,-0.0331,-0.0008,9.8066,-0.0268,0.0468,0.0207,-21.5,-33.69,14,292.08,-83.81,176.28
52.3849,-1.579517,162.35,18.42,3,97.2,19 / 20,4426509,2019-09-06 20:33:52:252,-0.0547,-1.3563,9.4332,-0.0319,-0.0094,9.8065,-0.0145,-0.0692,0.0772,-22,-34.31,14.25,295.13,-84,179.89
52.3849,-1.579517,162.35,18.42,3,97.2,19 / 20,4426610,2019-09-06 20:33:52:353,0.2904,-1.1402,10.9196,-0.0568,0.0168,9.8064,-0.1488,-0.0661,-0.019,-21.75,-33.62,14,296.7,-84.37,-179.07
52.3849,-1.579517,162.35,18.42,3,97.2,19 / 20,4426710,2019-09-06 20:33:52:453,0.9056,-0.6624,11.1544,0.0552,-0.0067,9.8064,0.0952,-0.0135,0.0072,-21.19,-33.56,13.81,296.29,-84.03,179.98
52.3849,-1.579517,162.35,18.42,3,97.2,19 / 20,4426810,2019-09-06 20:33:52:553,0.7859,0.2225,11.4376,0.0401,-0.0025,9.8065,0.0996,-0.0453,0.0538,-21.25,-34.19,14.25,294.55,-83.84,178.58
52.3849,-1.579517,162.35,18.42,3,97.2,19 / 20,4426910,2019-09-06 20:33:52:653,0.3936,-0.8009,10.7342,-0.0026,-0.0037,9.8066,0.1104,0.0294,-0.025,-21.06,-34.31,14.75,295.66,-83.54,177.98
52.3849,-1.579517,162.35,18.42,3,97.2,19 / 20,4427010,2019-09-06 20:33:52:753,0.7284,0.1121,8.5386,-0.0198,0.0015,9.8066,-0.0206,0.0539,0.0468,-21.5,-34.37,14.56,295.95,-83.59,178.19
52.3849,-1.579517,162.35,18.42,3,97.2,19 / 20,4427110,2019-09-06 20:33:52:853,-0.6091,-1.4876,8.8195,-0.0527,0.0136,9.8065,0.0171,-0.094,0.0576,-21.5,-34.56,14.56,299.62,-84.08,-178.78
52.3849,-1.579517,162.35,18.42,3,97.2,19 / 20,4427209,2019-09-06 20:33:52:952,-1.0122,0.4409,8.9678,-0.0067,0.0064,9.8066,0.0037,-0.0341,-0.0236,-21.75,-34.31,14.06,296.51,-84.12,-178.94
52.3849,-1.579517,162.35,18.42,3,97.2,19 / 20,4427309,2019-09-06 20:33:53:052,1.1317,-0.6259,9.9146,0.0203,0.0147,9.8066,-0.0483,0.0188,-0.0398,-21.12,-34.31,13.63,294.23,-84.11,177.93
52.3849,-1.579517,162.35,18.42,3,97.2,20 / 21,4427409,2019-09-06 20:33:53:152,2.3487,-0.4276,10.691,0.0296,-0.0083,9.8066,-0.0027,0.0226,0.0251,-21.25,-34.06,13.56,292.69,-83.98,176.63
52.3849,-1.579517,162.35,18.42,3,97.2,20 / 21,4427510,2019-09-06 20:33:53:253,0.1593,0.5152,9.7163,0.0249,-0.0168,9.8066,-0.1611,0.0488,0.0143,-21.75,-34.75,13.25,288.69,-83.96,176.1
52.3849,-1.579517,162.35,18.42,3,97.2,20 / 21,4427610,2019-09-06 20:33:53:353,0.3215,-0.4086,9.4637,0.0357,-0.0249,9.8065,-0.0124,-0.0456,-0.0297,-21.44,-34.37,13.94,292.59,-83.74,176.86
52.3849,-1.579517,162.35,18.42,3,97.2,20 / 21,4427710,2019-09-06 20:33:53:453,0.4191,-0.3787,9.1474,-0.0144,0.0037,9.8066,-0.0617,-0.0021,-0.0269,-21.75,-34.75,13.81,292.84,-83.93,178.03
52.3849,-1.579517,162.35,18.42,3,97.2,20 / 21,4427811,2019-09-06 20:33:53:554,-1.0671,-0.3837,9.6893,-0.0078,0.0119,9.8066,0.1117,-0.012,-0.0023,-21.5,-34.37,13.56,294.12,-83.92,178.07
52.3849,-1.579517,162.35,18.42,3,97.2,20 / 21,4427909,2019-09-06 20:33:53:652,0.3162,0.0509,9.6488,-0.0065,0.002,9.8066,0.0048,0.0098,-0.0314,-22,-33.75,14.19,292.41,-83.95,177.39
52.3849,-1.579517,162.35,18.42,3,97.2,20 / 21,4428009,2019-09-06 20:33:53:752,-0.8334,0.3739,9.6477,0.0011,-0.0045,9.8066,0.0617,0.021,-0.0054,-21.69,-34.19,13.94,292.39,-83.9,177.44
52.3849,-1.579517,162.35,18.42,3,97.2,20 / 21,4428110,2019-09-06 20:33:53:853,1.6122,-1.0195,9.8371,-0.0153,0.0077,9.8066,0.0319,0.0038,0.0457,-21.31,-34.25,13.44,291.38,-83.94,177.54
52.3849,-1.579517,162.35,18.42,3,97.2,20 / 21,4428210,2019-09-06 20:33:53:953,1.025,-0.6486,10.0705,-0.012,0.0032,9.8066,-0.128,-0.0251,0.0216,-21.75,-35.06,14,292.74,-84.09,177.74
52.3849,-1.579517,162.35,18.42,3,97.2,20 / 21,4428315,2019-09-06 20:33:54:058,0.1812,-0.5552,10.5693,0.0215,-0.0234,9.8066,0.0227,-0.0112,-0.0626,-21.56,-34.56,14.63,296.23,-84.02,179.15
52.3849,-1.579517,162.35,18.42,3,97.2,19 / 20,4428409,2019-09-06 20:33:54:152,0.3689,-1.1796,9.8116,0.0047,0.0015,9.8066,0.0309,0.0049,-0.0198,-22.06,-34.25,14.19,294.4,-84.08,179.11
52.3849,-1.579517,162.35,18.42,3,97.2,19 / 20,4428509,2019-09-06 20:33:54:252,-1.0161,-1.0417,11.0231,0.0069,-0.0024,9.8066,0.0635,-0.0718,0.016,-21.5,-34.87,14.44,294.05,-83.99,178.13
52.3849,-1.579517,162.35,18.42,3,97.2,19 / 20,4428610,2019-09-06 20:33:54:353,2.4235,-0.6198,9.5243,-0.0264,0.0176,9.8066,-0.3636,-0.0711,0.0058,-21.12,-34.44,13.94,294.19,-84.14,177.85
52.3849,-1.579517,162.35,18.42,3,97.2,19 / 20,4428710,2019-09-06 20:33:54:453,-1.6995,-2.9205,9.8073,0.0327,-0.0209,9.8066,-0.1814,-0.0249,-0.0195,-21.56,-33.94,13.63,293.34,-84.27,177.87
52.3849,-1.579517,162.35,18.42,3,97.2,19 / 20,4428809,2019-09-06 20:33:54:552,1.1563,-0.8716,9.1105,0.0087,0.0207,9.8066,-0.0882,0.0417,-0.0624,-21.31,-34.31,13.81,291.93,-84.28,175.53
52.3849,-1.579517,162.35,18.42,3,97.2,19 / 20,4428910,2019-09-06 20:33:54:653,-0.5039,0.4127,9.9089,0.015,0.0013,9.8066,-0.0716,-0.0413,-0.0205,-20.81,-33.94,13.56,289.36,-84.26,173.09
52.3849,-1.579517,162.35,18.42,3,97.2,19 / 20,4429010,2019-09-06 20:33:54:753,1.2316,-0.9155,10.6698,0.0096,-0.0099,9.8066,0.0782,0.0492,-0.0321,-20.56,-34,13.63,289.71,-84.15,173.58
52.3849,-1.579517,162.35,18.42,3,97.2,19 / 20,4429110,2019-09-06 20:33:54:853,-0.1169,-1.0124,11.1708,-0.0036,0.0057,9.8065,0.1315,-0.0699,0.0919,-20.87,-34.94,13.88,289.5,-83.87,173.99
52.3849,-1.579517,162.35,18.42,3,97.2,19 / 20,4429210,2019-09-06 20:33:54:953,-0.4361,-0.7315,11.2005,-0.0219,0.005,9.8065,-0.0037,-0.0264,-0.0793,-21.37,-34.62,14.25,290.08,-83.75,174.7
52.3849,-1.579517,162.35,18.42,3,97.2,19 / 20,4429309,2019-09-06 20:33:55:052,-2.592,-3.9295,13.8616,-0.0983,0.0231,9.8061,1.018,-0.323,0.1395,-20.81,-35,14.31,289.4,-83.65,174.18
52.3849,-1.579517,162.35,18.42,3,97.2,21 / 22,4429409,2019-09-06 20:33:55:152,5.7571,-7.3768,11.7047,-0.3234,0.1406,9.8002,-0.2805,-0.4671,0.3524,-20.87,-34.94,15.06,294.07,-84.98,174.86
52.3849,-1.579517,162.35,18.42,3,97.2,21 / 22,4429510,2019-09-06 20:33:55:253,2.753,-0.2006,10.4277,0.0764,-0.0849,9.8059,0.1547,0.3153,-0.2933,-20.94,-34.06,13.44,290.4,-84.02,176.5
52.3849,-1.579517,162.35,18.42,3,97.2,21 / 22,4429610,2019-09-06 20:33:55:353,2.7653,-3.0711,11.0121,-0.0148,0.0177,9.8066,-0.4279,-0.0035,-0.0024,-20.87,-34.31,13.56,290.09,-84.43,173.57
52.3849,-1.579517,162.35,18.42,3,97.2,21 / 22,4429710,2019-09-06 20:33:55:453,1.1935,0.6535,9.7079,0.1104,-0.0492,9.8059,-0.2451,0.0297,-0.0219,-21.37,-34.19,13.81,291.96,-83.82,176.16
52.3849,-1.579517,162.35,18.42,3,97.2,21 / 22,4429810,2019-09-06 20:33:55:553,1.3103,-1.3732,13.0378,0.0562,-0.0448,9.8063,0.2994,-0.0384,0.1252,-21.81,-34.31,14,291.66,-83.95,176.67
52.3849,-1.579517,162.35,18.42,3,97.2,21 / 22,4429910,2019-09-06 20:33:55:653,3.3245,0.5723,9.6795,-0.0396,-0.0025,9.8065,0.567,-0.0067,-0.0974,-21.81,-34.44,13.63,293.91,-84.02,178.73
52.3849,-1.579517,162.35,18.42,3,97.2,21 / 22,4430010,2019-09-06 20:33:55:753,-0.608,0.6805,10.8676,0.0393,-0.0132,9.8065,-0.3806,-0.0915,-0.0286,-21.62,-34.12,14.25,296.31,-84.48,-179.58
52.3849,-1.579517,162.35,18.42,3,97.2,21 / 22,4430109,2019-09-06 20:33:55:852,-2.85,-2.6278,10.5074,-0.0209,0.0238,9.8066,0.0392,-0.2677,0.0496,-21.44,-34.31,13.13,293.87,-84.65,178.97
52.3849,-1.579517,162.35,18.42,3,97.2,21 / 22,4430210,2019-09-06 20:33:55:953,2.4962,3.4952,10.2824,0.0181,0.0094,9.8066,-0.0792,-0.3761,0.1639,-21.19,-33.87,13.44,292.01,-84.39,177.55
52.3849,-1.579517,162.35,18.42,3,97.2,21 / 22,4430310,2019-09-06 20:33:56:053,-1.4717,-2.1158,10.5774,0.0375,0.012,9.8065,0.0031,0.0779,-0.0878,-21.25,-34.5,13.44,292,-84.13,177.88
52.38473,-1.577014,161.29,20.74,3,96.01,19 / 21,4430409,2019-09-06 20:33:56:152,0.418,-0.9143,10.1187,-0.0115,-0.0114,9.8066,0.0024,0.0859,-0.1278,-21.44,-34.19,13.38,293.23,-84.17,178.99
52.38473,-1.577014,161.29,20.74,3,96.01,19 / 21,4430509,2019-09-06 20:33:56:252,0.8593,-1.3988,9.7365,-0.0441,0.0196,9.8064,0.041,-0.0964,0.0453,-21.81,-34.12,13.25,293.96,-84.38,-179.66
52.38473,-1.577014,161.29,20.74,3,96.01,19 / 21,4430610,2019-09-06 20:33:56:353,-0.1902,0.459,9.7513,-0.0002,-0.004,9.8066,0.147,-0.0236,0.0785,-21.5,-34.25,13.44,296.63,-84.2,-177.84
52.38473,-1.577014,161.29,20.74,3,96.01,19 / 21,4430709,2019-09-06 20:33:56:452,-1.1569,-0.0762,9.5828,-0.0345,0.0153,9.8065,0.0932,0.0232,0.0319,-21.75,-34.19,13.81,297.79,-84.15,-177.78
52.38473,-1.577014,161.29,20.74,3,96.01,19 / 21,4430810,2019-09-06 20:33:56:553,0.0303,-0.7763,9.9532,-0.0275,0.0073,9.8066,-0.0141,-0.0392,-0.0554,-21.62,-34.5,13.75,298.37,-84.35,-177.47
52.38473,-1.577014,161.29,20.74,3,96.01,19 / 21,4430911,2019-09-06 20:33:56:654,0.2584,-0.8508,9.987,0.0148,0.0004,9.8066,0.0766,-0.0006,-0.004,-21.62,-34,13.69,297.46,-84.32,-178.3
52.38473,-1.577014,161.29,20.74,3,96.01,19 / 21,4431010,2019-09-06 20:33:56:753,-0.1586,-0.5342,9.7609,0.0008,0.0028,9.8066,-0.1077,0.0594,-0.0413,-21.62,-34.37,13.25,294.58,-84.43,-179.13
52.38473,-1.577014,161.29,20.74,3,96.01,19 / 21,4431110,2019-09-06 20:33:56:853,-0.2702,0.1258,9.9088,0.0187,-0.0015,9.8066,-0.0912,-0.0019,0.0298,-21.94,-34.19,13.13,293.58,-84.33,-179.95
52.38473,-1.577014,161.29,20.74,3,96.01,19 / 21,4431210,2019-09-06 20:33:56:953,0.9615,0.0332,9.2891,-0.0232,0.0091,9.8065,0.0318,-0.0386,0.0155,-21.31,-34.31,13.38,294.19,-84.22,179.84
52.38473,-1.577014,161.29,20.74,3,96.01,19 / 21,4431310,2019-09-06 20:33:57:053,-0.6612,-0.2329,9.5143,-0.0309,0.0078,9.8066,-0.0061,0.0085,-0.0019,-21.44,-34.56,13.06,294.45,-84.2,-179.68
52.38473,-1.577014,161.29,20.74,3,96.01,19 / 22,4431410,2019-09-06 20:33:57:153,0.5158,-0.5086,10.4277,-0.031,-0.0007,9.8065,0.0657,0.0787,-0.0216,-21.19,-34.31,14,298.35,-84.35,-178.5
52.38473,-1.577014,161.29,20.74,3,96.01,19 / 22,4431510,2019-09-06 20:33:57:253,-0.473,-1.1096,10.3118,-0.0014,-0.0083,9.8066,0.1484,-0.0677,0.0555,-22.25,-34.25,13.56,298.44,-84.25,-177.29
52.38473,-1.577014,161.29,20.74,3,96.01,19 / 22,4431609,2019-09-06 20:33:57:352,0.8882,-0.1175,9.5162,-0.0087,0.0105,9.8066,-0.1304,-0.0696,0.0196,-22.12,-34.19,14.13,298.63,-84.23,-177.08
52.38473,-1.577014,161.29,20.74,3,96.01,19 / 22,4431710,2019-09-06 20:33:57:453,-0.5232,0.9292,9.2067,0.0165,-0.0019,9.8066,-0.1006,0.0466,-0.0024,-21.44,-34.56,13.56,299.27,-84.3,-177.38
52.38473,-1.577014,161.29,20.74,3,96.01,19 / 22,4431809,2019-09-06 20:33:57:552,-0.7524,-0.6134,9.0235,0.0186,-0.0121,9.8066,-0.0648,0.0183,-0.0674,-22.06,-34.56,13.44,295.15,-84.36,-178.3
52.38473,-1.577014,161.29,20.74,3,96.01,19 / 22,4431910,2019-09-06 20:33:57:653,-0.5418,0.7166,9.3366,-0.0334,0.0101,9.8065,0.0786,-0.0779,0.045,-21.75,-34.44,13.19,295.96,-84.68,-178.13
52.38473,-1.577014,161.29,20.74,3,96.01,19 / 22,4432010,2019-09-06 20:33:57:753,-0.9164,-0.1002,10.2898,-0.0304,0.0203,9.8065,0.1863,-0.0683,0.0535,-22,-34.5,13.25,297.68,-84.48,-176.26
52.38473,-1.577014,161.29,20.74,3,96.01,19 / 22,4432110,2019-09-06 20:33:57:853,-0.8096,-0.8627,9.264,-0.0429,0.0166,9.8065,0.1304,-0.0055,0.0206,-22,-34.31,13.94,300.02,-84.63,-176.25
52.38473,-1.577014,161.29,20.74,3,96.01,19 / 22,4432210,2019-09-06 20:33:57:953,0.6473,1.1456,10.0604,-0.01,-0.0008,9.8066,-0.0682,-0.0394,0.0383,-22,-34.75,13.25,297.48,-84.57,-176.37
52.38473,-1.577014,161.29,20.74,3,96.01,19 / 22,4432310,2019-09-06 20:33:58:053,-1.3295,-1.8169,9.0615,0.0167,-0.0162,9.8066,0.0368,-0.0299,-0.0664,-22,-34.5,13.06,296.13,-84.72,-178.02
52.38473,-1.577014,161.29,20.74,3,96.01,19 / 21,4432410,2019-09-06 20:33:58:153,-0.5368,0.6787,9.8706,-0.0353,0.024,9.8065,0.0224,-0.1675,0.1569,-21.62,-34.37,13.25,294.63,-84.36,-178.99
52.38473,-1.577014,161.29,20.74,3,96.01,19 / 21,4432510,2019-09-06 20:33:58:253,0.3309,2.4352,9.7775,-0.0115,-0.008,9.8066,-0.1326,0.1382,-0.0792,-21.5,-34.75,13.25,296.36,-84.22,-177.91
52.38473,-1.577014,161.29,20.74,3,96.01,19 / 21,4432609,2019-09-06 20:33:58:352,-0.8359,-1.3275,9.0794,0.0113,0.0073,9.8066,0.0895,0.0632,0.0072,-21.69,-34.19,13.63,297.02,-84.02,-178.34
52.38473,-1.577014,161.29,20.74,3,96.01,19 / 21,4432710,2019-09-06 20:33:58:453,-0.5364,0.708,9.727,-0.0451,0.018,9.8065,-0.0098,0.0087,-0.0555,-21.31,-35.62,13.13,297.81,-84.25,-176.39
52.38473,-1.577014,161.29,20.74,3,96.01,19 / 21,4432810,2019-09-06 20:33:58:553,0.1619,-0.5282,9.7485,0.0349,-0.0151,9.8066,-0.0844,0.0145,-0.0239,-21.69,-35.19,14,299.03,-84.51,-176.86
52.38473,-1.577014,161.29,20.74,3,96.01,19 / 21,4432910,2019-09-06 20:33:58:653,-0.3505,-0.3293,10.3586,0.0251,-0.0052,9.8066,0.0637,-0.0324,0.0035,-21.81,-34.69,13.56,298.9,-84.61,-177.11
52.38473,-1.577014,161.29,20.74,3,96.01,19 / 21,4433010,2019-09-06 20:33:58:753,-1.3832,-0.2036,10.0265,0.0013,-0.0058,9.8066,-0.0928,0.0407,0.0075,-21.69,-34.31,14,298.83,-84.54,-177.27
52.38473,-1.577014,161.29,20.74,3,96.01,19 / 21,4433110,2019-09-06 20:33:58:853,-0.0069,-0.1975,9.8397,0.0239,-0.014,9.8065,-0.0834,0.0139,0.0618,-21.94,-34.75,14,297.73,-84.3,-177.82
52.38473,-1.577014,161.29,20.74,3,96.01,19 / 21,4433210,2019-09-06 20:33:58:953,0.6584,-0.1245,9.5089,-0.0306,0.0082,9.8065,0.0273,-0.008,-0.0097,-21.12,-34.19,13.63,299.44,-84.25,-177.36
52.38473,-1.577014,161.29,20.74,3,96.01,19 / 21,4433309,2019-09-06 20:33:59:052,-0.8754,-0.3359,9.841,-0.044,0.0223,9.8065,0.0142,-0.0288,0.0056,-21.56,-34.06,13.63,299.19,-84.45,-176.82
52.38473,-1.577014,161.29,20.74,3,96.01,21 / 22,4433409,2019-09-06 20:33:59:152,0.5068,0.026,10.0199,-0.0237,0.0063,9.8066,0.0181,0.0068,0.0538,-20.94,-34.69,13.81,300.7,-84.42,-176.19
52.38473,-1.577014,161.29,20.74,3,96.01,21 / 22,4433510,2019-09-06 20:33:59:253,-0.1599,0.261,9.7233,0.0276,-0.0188,9.8066,-0.1809,0.0583,-0.0088,-21.06,-34.31,13.81,300.78,-84.44,-176.33
52.38473,-1.577014,161.29,20.74,3,96.01,21 / 22,4433609,2019-09-06 20:33:59:352,2.8686,0.09,6.8811,0.0154,0.004,9.8066,-0.3399,-0.0242,0.0297,-21.69,-34.56,14,298.7,-84.3,-176.91
52.38473,-1.577014,161.29,20.74,3,96.01,21 / 22,4433709,2019-09-06 20:33:59:452,-0.3896,2.5008,8.5367,-0.0209,0.0005,9.8066,-0.1931,0.1348,-0.1636,-21.31,-34.19,13.19,297.86,-84.41,-176.95
52.38473,-1.577014,161.29,20.74,3,96.01,21 / 22,4433810,2019-09-06 20:33:59:553,1.8316,-0.6638,8.9498,0.0074,0.0082,9.8066,0.0453,-0.0133,0.0028,-21.81,-34.19,13.38,295.59,-84.36,-178.09
52.38473,-1.577014,161.29,20.74,3,96.01,21 / 22,4433910,2019-09-06 20:33:59:653,-1.2749,0.9121,10.7307,0.0284,-0.0165,9.8065,-0.0862,0.0347,-0.0164,-21.19,-34,13.63,299.45,-84.35,-177.46
52.38473,-1.577014,161.29,20.74,3,96.01,21 / 22,4434010,2019-09-06 20:33:59:753,0.2924,2.7281,8.2857,0.0339,-0.0078,9.8066,0.2054,-0.1067,0.0012,-18.62,-35.19,12.75,297.78,-84.06,-178.44
52.38473,-1.577014,161.29,20.74,3,96.01,21 / 22,4434109,2019-09-06 20:33:59:852,-2.4476,-0.9922,7.6676,-0.0785,0.0424,9.8062,-0.0583,0.236,-0.1562,-19.75,-36.37,13,294.88,-84.55,179.47
52.38473,-1.577014,161.29,20.74,3,96.01,21 / 22,4434209,2019-09-06 20:33:59:952,-3.1452,2.2987,9.2623,0.0078,-0.0343,9.8066,0.1756,0.0246,-0.0616,-20.31,-34,12.88,294.41,-84.47,178.7
52.38473,-1.577014,161.29,20.74,3,96.01,21 / 22,4434309,2019-09-06 20:34:00:052,-2.2668,2.5092,11.5697,-0.0829,0.0021,9.8062,0.2487,0.1576,-0.0983,-21.94,-34.31,13.19,297.98,-84.96,-176.56
52.38473,-1.577014,161.29,20.74,3,96.01,19 / 21,4434409,2019-09-06 20:34:00:152,-0.9112,-2.7702,8.3889,0.0393,-0.058,9.8063,0.4247,0.157,-0.1756,-21.75,-34.44,13.75,300.67,-84.71,-175.74
52.38473,-1.577014,161.29,20.74,3,96.01,19 / 21,4434510,2019-09-06 20:34:00:253,-2.7547,-1.3993,11.3104,-0.1469,0.0564,9.8053,0.7273,-0.1417,0.0342,-22.06,-33.87,14,300.9,-83.65,-174.28
52.38473,-1.577014,161.29,20.74,3,96.01,19 / 21,4434610,2019-09-06 20:34:00:353,0.2032,-0.4621,10.9737,-0.1958,0.0981,9.8041,-0.1355,0.0218,0.0576,-21.75,-34.06,13.88,303.7,-84.36,-172.5
52.38473,-1.577014,161.29,20.74,3,96.01,19 / 21,4434710,2019-09-06 20:34:00:453,0.6079,-1.188,10.1139,0.0586,-0.0226,9.8064,0.0009,0.0272,-0.0075,-21.56,-33.87,13.88,303.19,-84,-172.57
52.38473,-1.577014,161.29,20.74,3,96.01,19 / 21,4434809,2019-09-06 20:34:00:552,0.2412,-0.4202,9.379,-0.0123,0.0049,9.8066,-0.1999,0.0128,-0.0275,-21.87,-34.62,13.63,303.7,-84.38,-172.34
52.38473,-1.577014,161.29,20.74,3,96.01,19 / 21,4434910,2019-09-06 20:34:00:653,-0.7675,0.3415,9.345,0.0197,-0.0004,9.8066,-0.0604,-0.0192,0.0303,-21.75,-34.19,13,300.39,-84.37,-173.58
52.38473,-1.577014,161.29,20.74,3,96.01,19 / 21,4435009,2019-09-06 20:34:00:752,-0.4285,0.5966,10.2003,0.0205,-0.015,9.8065,0.0949,-0.0083,0.0143,-21.87,-34.37,13.63,302.95,-84.27,-173.1
52.38473,-1.577014,161.29,20.74,3,96.01,19 / 21,4435109,2019-09-06 20:34:00:852,0.612,-0.6839,10.9997,-0.0145,0.0002,9.8066,0.1082,0.0027,0.0048,-21.75,-34.62,13.25,300.91,-84.21,-172.71
52.38473,-1.577014,161.29,20.74,3,96.01,19 / 21,4435209,2019-09-06 20:34:00:952,0.3345,-0.5201,10.3463,-0.0255,0.0126,9.8065,-0.0585,0.0423,0.0003,-22.06,-34.44,13.75,303.92,-84.25,-172.17
52.38473,-1.577014,161.29,20.74,3,96.01,19 / 21,4435310,2019-09-06 20:34:01:053,0.1159,0.0987,9.9706,0.0229,-0.0079,9.8066,-0.0723,-0.0631,0.0918,-22.31,-33.25,13.69,303.49,-84.01,-172.49
52.38473,-1.577014,161.29,20.74,3,96.01,19 / 21,4435409,2019-09-06 20:34:01:152,0.2983,-0.1711,9.2119,0.0069,-0.0219,9.8066,-0.0387,-0.0386,0.0108,-22.06,-34,13.75,305.35,-84.08,-170.65
52.38473,-1.577014,161.29,20.74,3,96.01,19 / 21,4435510,2019-09-06 20:34:01:253,-0.2782,0.4549,9.3376,-0.0027,-0.0095,9.8066,-0.1415,0.0307,-0.0294,-22.12,-33.69,13.19,305.25,-84.25,-168.92
52.38473,-1.577014,161.29,20.74,3,96.01,19 / 21,4435610,2019-09-06 20:34:01:353,-1.2818,0.3079,9.1077,0.0024,-0.0023,9.8066,0.0549,-0.0013,0.0541,-22.12,-34.5,13.31,305.53,-84.32,-168.74
52.38473,-1.577014,161.29,20.74,3,96.01,19 / 21,4435710,2019-09-06 20:34:01:453,-1.0182,0.1018,10.3227,-0.0103,0.0058,9.8066,0.0097,-0.0483,0.0257,-22.25,-34.19,13.63,308.41,-84.31,-168.09
52.38473,-1.577014,161.29,20.74,3,96.01,19 / 21,4435810,2019-09-06 20:34:01:553,0.2017,-0.5384,10.2704,-0.0076,-0.0059,9.8066,-0.0323,-0.0153,-0.0405,-22.12,-33.5,13.44,307.18,-84.33,-167.41
52.38473,-1.577014,161.29,20.74,3,96.01,19 / 21,4435909,2019-09-06 20:34:01:652,0.0108,-0.059,10.0707,-0.0011,-0.0018,9.8066,0.0416,0.0276,0.0182,-22.25,-34.25,13.13,306.42,-84.28,-167.88
52.38473,-1.577014,161.29,20.74,3,96.01,19 / 21,4436009,2019-09-06 20:34:01:752,-0.8123,-0.3464,10.0608,-0.0174,0.0039,9.8066,-0.0948,0.0612,-0.0184,-22.37,-34.25,13.5,309.29,-84.33,-167.31
52.38473,-1.577014,161.29,20.74,3,96.01,19 / 21,4436109,2019-09-06 20:34:01:852,0.1519,-0.3296,9.7613,0.0167,-0.0076,9.8066,-0.0259,-0.0621,0.0151,-22.31,-33.81,13.75,309.29,-84.23,-167.2
52.38473,-1.577014,161.29,20.74,3,96.01,19 / 21,4436209,2019-09-06 20:34:01:952,0.7712,-0.9093,9.7849,0.0078,-0.0077,9.8066,-0.1283,-0.0166,-0.0164,-22.62,-34.25,13.56,308.94,-84.27,-166.6
52.38473,-1.577014,161.29,20.74,3,96.01,19 / 21,4436310,2019-09-06 20:34:02:053,-0.5871,-1.3394,9.3629,0.0079,-0.0015,9.8066,-0.0938,0.0179,-0.0595,-22.06,-33.87,13.56,308.81,-84.35,-167.77
52.38473,-1.577014,161.29,20.74,3,96.01,18 / 20,4436410,2019-09-06 20:34:02:153,-0.1375,0.2452,9.5344,0.0525,0.0364,9.8063,0.0788,0.1228,-0.0599,-22.31,-34.25,12.94,303.09,-84.33,-171.01
52.38473,-1.577014,161.29,20.74,3,96.01,18 / 20,4436510,2019-09-06 20:34:02:253,-0.6361,-0.1474,9.8987,-0.0315,0.0587,9.8064,0.1026,-0.1915,0.1667,-22.37,-34.06,12.81,300.97,-84.59,-173.31
52.38473,-1.577014,161.29,20.74,3,96.01,18 / 20,4436610,2019-09-06 20:34:02:353,-0.0728,-1.8618,10.5507,-0.0731,-0.0361,9.8063,-0.0727,0.013,-0.0995,-22,-34.19,13.38,301.59,-84.71,-172.87
52.38473,-1.577014,161.29,20.74,3,96.01,18 / 20,4436710,2019-09-06 20:34:02:453,0.7816,-0.6444,9.4029,0.0076,0.009,9.8066,0.0972,-0.0317,0.056,-21.87,-34.31,12.81,300.52,-84.53,-173.65
52.38473,-1.577014,161.29,20.74,3,96.01,18 / 20,4436810,2019-09-06 20:34:02:553,-0.1815,-0.0564,9.4673,-0.0027,-0.0062,9.8066,0.0143,-0.0203,0.0046,-22,-34.31,13.13,300.64,-84.53,-173.53
52.38473,-1.577014,161.29,20.74,3,96.01,18 / 20,4436910,2019-09-06 20:34:02:653,-0.2561,-0.3589,10.2264,0.0071,-0.0081,9.8066,0.0302,-0.0117,0.0185,-21.5,-34.75,13.56,305.17,-84.57,-172.22
52.38473,-1.577014,161.29,20.74,3,96.01,18 / 20,4437010,2019-09-06 20:34:02:753,0.2764,-0.4897,10.385,0.0214,-0.0088,9.8066,0.2041,-0.0068,0.0407,-21.69,-34.12,13.56,303.91,-84.42,-172.37
52.38473,-1.577014,161.29,20.74,3,96.01,18 / 20,4437109,2019-09-06 20:34:02:852,0.0882,0.7996,9.3628,-0.0566,0.0166,9.8064,0.1892,-0.0557,0.0194,-22.12,-34.12,13.56,304.78,-84.52,-171.68
52.38473,-1.577014,161.29,20.74,3,96.01,18 / 20,4437210,2019-09-06 20:34:02:953,0.3405,-0.2893,9.7312,-0.0448,0.0136,9.8065,0.1142,-0.0559,0.079,-21.75,-34.31,13.13,304.13,-84.48,-170.22
52.38473,-1.577014,161.29,20.74,3,96.01,18 / 20,4437310,2019-09-06 20:34:03:053,-0.5205,0.1842,9.7006,-0.0492,-0.0039,9.8064,0.049,0.0222,0.0429,-22.31,-33.94,13.25,307.07,-84.42,-167.44
52.38473,-1.577014,161.29,20.74,3,96.01,19 / 21,4437410,2019-09-06 20:34:03:153,-1.1649,-1.2505,10.9428,-0.0295,0.0068,9.8066,-0.0304,-0.0101,-0.0914,-22.81,-34.12,12.94,310.13,-84.63,-163.92
52.38473,-1.577014,161.29,20.74,3,96.01,19 / 21,4437510,2019-09-06 20:34:03:253,0.8464,-0.6397,9.975,0.0223,0.0862,9.8062,0.2317,-0.0339,-0.0745,-21.87,-34.44,12.5,304.04,-84.52,-170.35
52.38473,-1.577014,161.29,20.74,3,96.01,19 / 21,4437609,2019-09-06 20:34:03:352,-0.7278,-1.904,10.9154,-0.059,0.0363,9.8064,0.1329,0.0675,0.0775,-22.37,-35.5,13.19,299.24,-84.67,-174.84
52.38473,-1.577014,161.29,20.74,3,96.01,19 / 21,4437710,2019-09-06 20:34:03:453,0.7898,0.7827,9.2207,-0.0148,-0.044,9.8065,0.1751,-0.0338,0.0653,-21.75,-34.69,13.06,297.98,-84.86,-176.26
52.38473,-1.577014,161.29,20.74,3,96.01,19 / 21,4437810,2019-09-06 20:34:03:553,-1.5175,-1.7339,10.522,-0.0378,0.0216,9.8065,0.1232,-0.2244,0.0857,-21.81,-33.94,12.94,304.4,-84.97,-170.54
52.38473,-1.577014,161.29,20.74,3,96.01,19 / 21,4437910,2019-09-06 20:34:03:653,1.4184,0.7476,9.2895,0.0321,0.0002,9.8066,0.1579,0.0802,-0.0765,-21.62,-34.31,13.38,302.49,-84.63,-171.93
52.38473,-1.577014,161.29,20.74,3,96.01,19 / 21,4438010,2019-09-06 20:34:03:753,0.9198,0.1698,10.1395,0.0084,0.0009,9.8066,-0.2193,0.005,0.0725,-21.69,-34.12,13.06,300.72,-84.64,-173.6
52.38473,-1.577014,161.29,20.74,3,96.01,19 / 21,4438110,2019-09-06 20:34:03:853,0.0167,-1.0078,10.7591,0.0286,-0.0285,9.8065,-0.1254,0.0389,-0.0712,-21.87,-34.12,13.31,303.47,-84.62,-171
52.38473,-1.577014,161.29,20.74,3,96.01,19 / 21,4438209,2019-09-06 20:34:03:952,-0.9555,-0.7311,10.1692,0.0322,-0.0158,9.8066,-0.0547,0.0285,-0.0376,-21.87,-34.37,13.56,305.82,-84.64,-170.85
52.38473,-1.577014,161.29,20.74,3,96.01,19 / 21,4438310,2019-09-06 20:34:04:053,0.8075,1.0063,9.3425,0.0047,0.0002,9.8066,-0.0611,0.0657,-0.0661,-21.44,-33.56,12.75,302.92,-84.66,-172.53
52.38473,-1.577014,161.29,20.74,3,96.01,19 / 21,4438409,2019-09-06 20:34:04:152,-0.4226,0.113,9.1712,0.0184,0.0096,9.8066,0.2711,-0.0813,0.0885,-21.75,-34.06,13.75,302.37,-84.61,-174.03
52.38473,-1.577014,161.29,20.74,3,96.01,19 / 21,4438510,2019-09-06 20:34:04:253,1.0531,0.0318,9.9782,-0.0597,0.0131,9.8064,0.0936,-0.0132,-0.0027,-22.19,-34,12.88,304.14,-84.89,-170.69
52.38473,-1.577014,161.29,20.74,3,96.01,19 / 21,4438609,2019-09-06 20:34:04:352,-0.8079,-0.1078,9.6825,-0.0278,-0.0007,9.8065,0.044,0.0097,0.0041,-22.56,-34.31,13.31,304.33,-84.83,-169.53
52.38473,-1.577014,161.29,20.74,3,96.01,19 / 21,4438710,2019-09-06 20:34:04:453,0.0297,0.1019,10.3602,-0.0017,-0.0117,9.8066,0.0123,0.0267,-0.0258,-22,-33.56,13.25,307.37,-84.76,-167.54
52.38473,-1.577014,161.29,20.74,3,96.01,19 / 21,4438810,2019-09-06 20:34:04:553,-0.683,0.096,10.182,-0.0143,0.0021,9.8066,-0.1371,0.0128,0.0419,-22.25,-33.81,13.5,310.09,-84.75,-167.01
52.38473,-1.577014,161.29,20.74,3,96.01,19 / 21,4438910,2019-09-06 20:34:04:653,-1.3259,-0.3948,9.5824,0.0293,-0.0199,9.8065,-0.1033,-0.0357,0.0118,-22.69,-33.75,12.75,307.11,-84.78,-166.88
52.38473,-1.577014,161.29,20.74,3,96.01,19 / 21,4439010,2019-09-06 20:34:04:753,0.538,0.5702,9.0625,0.0284,-0.0046,9.8066,-0.0182,-0.0884,0.0145,-22.37,-34.44,12.56,308.05,-84.58,-166.7
52.38473,-1.577014,161.29,20.74,3,96.01,19 / 21,4439113,2019-09-06 20:34:04:856,-0.2121,0.7059,9.1147,-0.0139,0.0097,9.8066,-0.0722,0.0142,-0.0512,-22.5,-34.12,12.5,307.03,-84.78,-167.88
52.38473,-1.577014,161.29,20.74,3,96.01,19 / 21,4439210,2019-09-06 20:34:04:953,0.3572,0.7365,10.776,-0.0259,0.0329,9.8065,0.1125,-0.0085,-0.0252,-22.06,-34.5,13.06,305.26,-84.88,-169.63
52.38473,-1.577014,161.29,20.74,3,96.01,19 / 21,4439310,2019-09-06 20:34:05:053,-0.8588,-1.4762,10.827,0.0229,0.0174,9.8066,0.1413,-0.0399,-0.0588,-21.25,-34.31,13.38,303.28,-84.77,-172.33
52.38454,-1.574278,160.05,21.11,4,96.29,20 / 22,4439409,2019-09-06 20:34:05:152,-0.8124,1.8461,8.7027,-0.0195,0.0577,9.8064,0.1041,-0.0757,-0.0166,-21.5,-34.69,13.63,302.7,-84.68,-174.66
52.38454,-1.574278,160.05,21.11,4,96.29,20 / 22,4439510,2019-09-06 20:34:05:253,-1.8813,-0.8958,9.8809,-0.0319,0.0577,9.8064,0.115,-0.118,-0.0652,-21.06,-35.06,13.81,295.1,-85.1,177.67
52.38454,-1.574278,160.05,21.11,4,96.29,20 / 22,4439609,2019-09-06 20:34:05:352,-0.4149,-2.3692,10.0934,0.0586,0.0155,9.8064,-0.0024,-0.1544,0.1312,-20.31,-34.44,12.56,290.84,-85.1,174.44
52.38454,-1.574278,160.05,21.11,4,96.29,20 / 22,4439710,2019-09-06 20:34:05:453,-0.9018,0.2353,10.247,0.0234,0.0197,9.8066,0.2513,-0.0806,-0.0383,-19.44,-35.06,12.38,284.25,-84.75,170.01
52.38454,-1.574278,160.05,21.11,4,96.29,20 / 22,4439809,2019-09-06 20:34:05:552,2.4451,1.9196,6.3196,-0.0668,0.0191,9.8063,0.0286,0.0673,-0.1188,-20.06,-37.19,12.75,281.13,-85.1,165.65
52.38454,-1.574278,160.05,21.11,4,96.29,20 / 22,4439910,2019-09-06 20:34:05:653,0.7368,0.834,9.4216,-0.0623,0.0136,9.8064,0.1509,-0.0307,0.1191,-20.19,-35.56,13.44,282.99,-85.25,167.03
52.38454,-1.574278,160.05,21.11,4,96.29,20 / 22,4440009,2019-09-06 20:34:05:752,-0.5579,0.365,10.4755,-0.0182,-0.0251,9.8065,0.1067,0.0218,0.0463,-20.62,-34.69,12.63,290.34,-85.4,174.77
52.38454,-1.574278,160.05,21.11,4,96.29,20 / 22,4440110,2019-09-06 20:34:05:853,0.4691,-0.9615,10.3781,-0.0389,-0.0129,9.8065,-0.1417,0.0431,0.0454,-21.37,-34.69,12.94,294.29,-85.44,178.51
52.38454,-1.574278,160.05,21.11,4,96.29,20 / 22,4440209,2019-09-06 20:34:05:952,-0.6167,0.432,9.693,0.0261,-0.0331,9.8065,-0.0644,0.0264,0.0443,-21.44,-34.44,12.63,298.02,-85.2,-177.81
52.38454,-1.574278,160.05,21.11,4,96.29,20 / 22,4440309,2019-09-06 20:34:06:052,-0.2977,0.2042,9.4414,0.0245,-0.0249,9.8066,0.0561,0.0011,0.0339,-21.31,-34.75,13.13,300.78,-84.91,-174.66
52.38454,-1.574278,160.05,21.11,4,96.29,21 / 22,4440410,2019-09-06 20:34:06:153,0.0489,0.1218,10.1219,-0.0484,-0.0045,9.8065,0.1323,-0.0428,0.0739,-22.12,-34.19,12.69,304.62,-85.16,-170.55
52.38454,-1.574278,160.05,21.11,4,96.29,21 / 22,4440509,2019-09-06 20:34:06:252,-0.3499,-0.0662,9.567,-0.0407,0.0185,9.8065,0.0549,-0.0158,0.0012,-21.5,-34,12.63,306.49,-85.19,-169.83
52.38454,-1.574278,160.05,21.11,4,96.29,21 / 22,4440609,2019-09-06 20:34:06:352,0.2816,0.2643,9.6268,-0.0207,0.0066,9.8066,-0.0422,-0.0091,-0.0057,-22.06,-34.37,12.56,306.29,-85,-168.81
52.38454,-1.574278,160.05,21.11,4,96.29,21 / 22,4440709,2019-09-06 20:34:06:452,-0.7119,-0.0018,10.0371,-0.0069,-0.0045,9.8066,-0.066,-0.0059,0.013,-21.62,-34.81,12.94,307,-85.01,-168.01
52.38454,-1.574278,160.05,21.11,4,96.29,21 / 22,4440810,2019-09-06 20:34:06:553,-0.2378,0.3255,10.0096,0.0053,0.0015,9.8066,-0.0526,0.0171,0.0034,-22.25,-34.44,12.88,306.45,-84.92,-168.57
52.38454,-1.574278,160.05,21.11,4,96.29,21 / 22,4440909,2019-09-06 20:34:06:652,-2.301,-0.3216,6.0581,0.0188,-0.0039,9.8066,-0.1434,-0.0659,0.075,-22.37,-34.12,12.88,305.87,-84.86,-169.04
52.38454,-1.574278,160.05,21.11,4,96.29,21 / 22,4441010,2019-09-06 20:34:06:753,-2.868,5.282,7.3426,-0.1192,0.0092,9.8058,0.7103,-0.2755,0.1623,-22.06,-34.56,12.63,308.97,-85.26,-166.45
52.38454,-1.574278,160.05,21.11,4,96.29,21 / 22,4441110,2019-09-06 20:34:06:853,-4.0318,2.4467,7.0093,0.077,-0.0222,9.8063,-0.0457,0.0851,-0.0914,-21.56,-34.06,12.44,304.22,-84.73,-168.34
52.38454,-1.574278,160.05,21.11,4,96.29,21 / 22,4441210,2019-09-06 20:34:06:953,0.1024,-0.0196,11.1282,-0.1482,0.059,9.8053,0.3654,-0.0257,-0.0364,-21.56,-34.44,12.81,305.85,-84.34,-168.47
52.38454,-1.574278,160.05,21.11,4,96.29,21 / 22,4441310,2019-09-06 20:34:07:053,-0.4432,0.4523,10.7774,-0.0754,0.0313,9.8062,0.4226,0.0299,-0.0527,-21.75,-34.06,13.44,308.16,-84.98,-167.04
52.38454,-1.574278,160.05,21.11,4,96.29,21 / 22,4441409,2019-09-06 20:34:07:152,2.871,-1.2922,10.6194,0.034,-0.0249,9.8065,-0.4414,0.0401,0.0907,-21.31,-34.31,13.31,309.22,-84.42,-166.43
52.38454,-1.574278,160.05,21.11,4,96.29,21 / 22,4441510,2019-09-06 20:34:07:253,-0.087,4.0218,9.2418,0.0102,0.0104,9.8066,-0.4993,0.301,-0.1516,-21.31,-34.44,13.06,310.64,-84.48,-165.21
52.38454,-1.574278,160.05,21.11,4,96.29,21 / 22,4441609,2019-09-06 20:34:07:352,1.5903,-9.2256,11.8539,0.0565,-0.014,9.8064,-0.5585,0.5221,-0.3675,-21.31,-35.12,12.81,309.62,-84.6,-166.11
52.38454,-1.574278,160.05,21.11,4,96.29,21 / 22,4441709,2019-09-06 20:34:07:452,1.201,-0.9709,9.2143,-0.0483,0.0073,9.8064,-0.5158,0.0016,0.1173,-21.94,-35.12,12.94,308.78,-85.15,-166.51
52.38454,-1.574278,160.05,21.11,4,96.29,21 / 22,4441810,2019-09-06 20:34:07:553,-2.2829,3.301,8.9736,0.0297,-0.0395,9.8064,-0.046,0.0571,-0.0115,-22.19,-34.37,12.69,310.11,-85.32,-165.6
52.38454,-1.574278,160.05,21.11,4,96.29,21 / 22,4441909,2019-09-06 20:34:07:652,-1.4589,0.1413,10.8538,0.0765,-0.0531,9.8061,-0.0068,-0.0387,-0.028,-21.87,-34.19,13.13,309.78,-84.85,-165.41
52.38454,-1.574278,160.05,21.11,4,96.29,21 / 22,4442010,2019-09-06 20:34:07:753,-0.9548,0.1722,10.1155,-0.0257,0.0166,9.8066,0.0076,-0.0314,-0.0038,-22.62,-33.69,13.25,309.31,-84.75,-164.8
52.38454,-1.574278,160.05,21.11,4,96.29,21 / 22,4442109,2019-09-06 20:34:07:852,0.7027,0.6094,10.2659,-0.0064,0.0035,9.8066,0.0678,0.0346,-0.0516,-22,-33.94,13.44,309.49,-84.6,-165.41
52.38454,-1.574278,160.05,21.11,4,96.29,21 / 22,4442209,2019-09-06 20:34:07:952,-2.097,0.2566,10.6027,-0.0187,0.0035,9.8066,0.1215,0.0158,0.0474,-22.37,-33.5,13.06,312.3,-84.74,-163.12
52.38454,-1.574278,160.05,21.11,4,96.29,21 / 22,4442310,2019-09-06 20:34:08:053,-0.4039,-1.6577,9.8846,-0.0074,0.0086,9.8066,0.1604,-0.0115,-0.0101,-21.94,-33.94,13.31,313.35,-84.9,-162.17
52.38454,-1.574278,160.05,21.11,4,96.29,20 / 22,4442409,2019-09-06 20:34:08:152,-0.2104,-2.5186,11.9986,-0.0245,0.0415,9.8065,0.2773,-0.0856,-0.2032,-22.06,-34.25,13.38,309.92,-84.96,-165.39
52.38454,-1.574278,160.05,21.11,4,96.29,20 / 22,4442510,2019-09-06 20:34:08:253,-0.1862,-1.9582,9.5656,-0.0308,0.0809,9.8062,0.4791,-0.17,0.0836,-21.75,-34.44,13.63,304.9,-84.88,-171.98
52.38454,-1.574278,160.05,21.11,4,96.29,20 / 22,4442609,2019-09-06 20:34:08:352,-0.1677,0.6413,9.2743,-0.0361,0.0069,9.8065,0.0442,0.1102,-0.1681,-21.5,-34.5,13.94,304.6,-84.46,-172.81
52.38454,-1.574278,160.05,21.11,4,96.29,20 / 22,4442710,2019-09-06 20:34:08:453,-1.3065,-1.8107,10.0965,-0.0503,0.0356,9.8064,0.168,-0.078,0.1597,-21.44,-34.31,14,303.14,-84.56,-174.28
52.38454,-1.574278,160.05,21.11,4,96.29,20 / 22,4442810,2019-09-06 20:34:08:553,0.4338,0.739,9.8398,-0.0634,0.0218,9.8064,-0.0806,-0.0848,0.0442,-21.12,-34.69,13.25,302.63,-85,-173.04
52.38454,-1.574278,160.05,21.11,4,96.29,20 / 22,4442910,2019-09-06 20:34:08:653,-0.6322,-0.5584,10.5359,0.0388,-0.0192,9.8065,-0.0029,0.023,-0.055,-21.75,-34.69,12.81,300.46,-84.79,-173.85
52.38454,-1.574278,160.05,21.11,4,96.29,20 / 22,4443010,2019-09-06 20:34:08:753,-1.1682,0.5824,9.8126,0.0397,-0.0164,9.8065,-0.0664,-0.0167,0.0127,-21.37,-34.25,13.38,301.12,-84.68,-174.24
52.38454,-1.574278,160.05,21.11,4,96.29,20 / 22,4443110,2019-09-06 20:34:08:853,-0.3799,-0.8373,10.1565,0.0131,-0.0051,9.8065,-0.1277,-0.0031,0.033,-21.31,-33.87,13.19,301.24,-84.55,-173.97
52.38454,-1.574278,160.05,21.11,4,96.29,20 / 22,4443209,2019-09-06 20:34:08:952,-0.8373,-0.4691,9.8365,-0.003,0.0047,9.8066,0.0164,-0.0887,0.0105,-21.5,-34.25,13.75,303.08,-84.6,-174.38
52.38454,-1.574278,160.05,21.11,4,96.29,20 / 22,4443309,2019-09-06 20:34:09:052,1.035,-0.1575,10.1233,-0.04,0.0138,9.8065,0.1545,0.0014,-0.0734,-21.81,-34.31,13.44,300.39,-84.6,-173.85
52.38454,-1.574278,160.05,21.11,4,96.29,20 / 22,4443409,2019-09-06 20:34:09:152,-0.3232,-0.511,11.2456,-0.0417,0.0242,9.8065,0.2238,-0.0187,-0.0419,-21.56,-34.06,14.44,302.81,-84.89,-173.94
52.38454,-1.574278,160.05,21.11,4,96.29,20 / 22,4443510,2019-09-06 20:34:09:253,-0.7523,-1.0257,10.3045,-0.0061,0.0199,9.8066,0.2417,0.06,0.0147,-21.37,-33.5,13.38,301.18,-84.8,-174.51
52.38454,-1.574278,160.05,21.11,4,96.29,20 / 22,4443609,2019-09-06 20:34:09:352,1.1538,0.8877,9.7871,0.0191,-0.0022,9.8066,0.1535,0.0237,0.0265,-21.69,-34.44,13.38,297.89,-84.54,-176.14
52.38454,-1.574278,160.05,21.11,4,96.29,20 / 22,4443709,2019-09-06 20:34:09:452,1.0229,0.3505,9.8614,-0.0022,-0.0032,9.8066,0.0532,0.028,-0.0635,-21.37,-34.25,13.19,300.31,-84.53,-174.81
52.38454,-1.574278,160.05,21.11,4,96.29,20 / 22,4443809,2019-09-06 20:34:09:552,-0.8348,-0.0738,9.5656,-0.0163,0.0095,9.8066,-0.2093,0.0149,-0.0452,-21.37,-34.69,13.13,300.26,-84.66,-174.83
52.38454,-1.574278,160.05,21.11,4,96.29,20 / 22,4443910,2019-09-06 20:34:09:653,-1.6108,0.1358,9.5182,0.0381,-0.0007,9.8065,-0.1759,-0.0226,0.0904,-21.69,-34.62,13.88,300.37,-84.69,-175.81
52.38454,-1.574278,160.05,21.11,4,96.29,20 / 22,4444010,2019-09-06 20:34:09:753,-1.1294,0.4773,9.5276,-0.048,0.0219,9.8064,0.1079,-0.0496,-0.0035,-21.69,-34.56,13.63,299.33,-84.57,-176.66
52.38454,-1.574278,160.05,21.11,4,96.29,20 / 22,4444109,2019-09-06 20:34:09:852,-1.7661,0.408,9.5435,-0.0238,0.0097,9.8065,0.0629,-0.0875,-0.0709,-21.25,-34.56,13.13,298.95,-84.85,-176.3
52.38454,-1.574278,160.05,21.11,4,96.29,20 / 22,4444210,2019-09-06 20:34:09:953,-0.4709,0.3156,10.9797,0.0042,0.0031,9.8066,0.1381,0.0193,0.0196,-21.37,-34.56,14.13,300.09,-84.74,-177.16
52.38454,-1.574278,160.05,21.11,4,96.29,20 / 22,4444310,2019-09-06 20:34:10:053,-0.1566,-0.805,11.0834,0.018,-0.0201,9.8066,0.1041,-0.0302,0.1168,-21.75,-34.5,13.25,296.95,-84.43,-176.89
52.38454,-1.574278,160.05,21.11,4,96.29,20 / 22,4444410,2019-09-06 20:34:10:153,-0.6814,-0.6067,10.7617,-0.0037,-0.0218,9.8066,-0.063,0.0263,0.0095,-21.5,-34.69,13.19,299.84,-84.32,-174.78
52.38454,-1.574278,160.05,21.11,4,96.29,20 / 22,4444509,2019-09-06 20:34:10:252,-0.3294,-0.8199,9.4816,0.0044,-0.0121,9.8066,0.0239,-0.048,-0.0203,-22.5,-34.37,14.19,303.76,-84.35,-172.44
52.38454,-1.574278,160.05,21.11,4,96.29,20 / 22,4444609,2019-09-06 20:34:10:352,-1.4475,-0.4381,9.9322,-0.0079,0.0145,9.8066,-0.0943,0.0667,0.0093,-22.31,-34,14,304.3,-84.47,-172.07
52.38454,-1.574278,160.05,21.11,4,96.29,20 / 22,4444709,2019-09-06 20:34:10:452,0.1363,1.0225,7.3503,0.0525,0.0273,9.8064,-0.5271,0.0745,-0.1097,-20.87,-35.06,13.75,299.06,-84.4,-177.7
52.38454,-1.574278,160.05,21.11,4,96.29,20 / 22,4444809,2019-09-06 20:34:10:552,-2.6151,3.2431,8.786,0.0933,-0.008,9.8061,0.4296,0.0969,-0.1767,-20.94,-35.37,12.56,291.84,-84.26,177.77
52.38454,-1.574278,160.05,21.11,4,96.29,20 / 22,4444910,2019-09-06 20:34:10:653,-1.8398,-2.7046,10.2013,-0.0147,0.0169,9.8066,0.2143,-0.0725,0.1989,-21.44,-36.56,14.5,295.29,-84.56,176.93
52.38454,-1.574278,160.05,21.11,4,96.29,20 / 22,4445010,2019-09-06 20:34:10:753,-0.393,0.8928,10.2848,-0.0263,-0.0137,9.8066,0.2417,0.1358,-0.0332,-21.12,-35.12,14.25,294.4,-84.41,177.91
52.38454,-1.574278,160.05,21.11,4,96.29,20 / 22,4445110,2019-09-06 20:34:10:853,-0.9092,-1.0337,10.9269,-0.0564,-0.005,9.8064,0.2832,-0.0386,0.0936,-21.19,-34.87,14.38,295.61,-84.12,179.42
52.38454,-1.574278,160.05,21.11,4,96.29,20 / 22,4445210,2019-09-06 20:34:10:953,0.5922,-1.5983,10.6015,-0.0593,0.0019,9.8064,-0.069,0.0355,0.0101,-21.12,-34.44,14.38,300.93,-84.3,-176.02
52.38454,-1.574278,160.05,21.11,4,96.29,20 / 22,4445310,2019-09-06 20:34:11:053,0.4654,-0.1197,9.675,0.0022,-0.0073,9.8066,0.0974,0.0132,0.0898,-21.81,-34.69,14.38,300.76,-84.3,-174.98
52.38454,-1.574278,160.05,21.11,4,96.29,20 / 21,4445409,2019-09-06 20:34:11:152,-1.3316,-0.0731,9.4143,-0.0298,0.0098,9.8066,0.1173,-0.0552,0.0311,-21.94,-35,14,302.42,-84.55,-173.74
52.38454,-1.574278,160.05,21.11,4,96.29,20 / 21,4445510,2019-09-06 20:34:11:253,-1.0302,1.1628,9.8974,0.0267,-0.0314,9.8065,-0.0843,0.0389,-0.076,-22.06,-34.75,13.75,304.56,-84.4,-171.57
52.38454,-1.574278,160.05,21.11,4,96.29,20 / 21,4445609,2019-09-06 20:34:11:352,-0.3412,-0.6033,9.9908,0.0143,-0.0115,9.8065,-0.0399,-0.008,0.0971,-22.19,-34.56,13.69,305.11,-84.37,-171.03
52.38454,-1.574278,160.05,21.11,4,96.29,20 / 21,4445710,2019-09-06 20:34:11:453,-0.4668,0.0421,9.7928,0.0051,-0.0219,9.8066,-0.0512,-0.0257,-0.0443,-21.75,-33.87,13.94,307.25,-84.31,-169.16
52.38454,-1.574278,160.05,21.11,4,96.29,20 / 21,4445809,2019-09-06 20:34:11:552,0.1408,-0.4871,9.7802,0.014,-0.0078,9.8066,-0.0677,0.0573,0.0238,-22.37,-34.12,14.31,308.33,-84.24,-168.09
52.38454,-1.574278,160.05,21.11,4,96.29,20 / 21,4445910,2019-09-06 20:34:11:653,-0.5772,0.4516,9.6076,-0.0056,0.0114,9.8066,0.0046,0.0586,0.062,-22,-35.19,14,306.82,-84.52,-169.61
52.38454,-1.574278,160.05,21.11,4,96.29,20 / 21,4446009,2019-09-06 20:34:11:752,-1.7304,0.6727,9.2006,0.0129,-0.0165,9.8065,0.0345,-0.0405,-0.1185,-22.31,-34.75,13.81,307.43,-84.5,-169.04
52.38454,-1.574278,160.05,21.11,4,96.29,20 / 21,4446110,2019-09-06 20:34:11:853,-1.0508,1.1066,9.5305,-0.0153,0.016,9.8066,0.0212,0.0994,-0.0149,-22.31,-33.87,14,308.25,-84.6,-168.55
52.38454,-1.574278,160.05,21.11,4,96.29,20 / 21,4446209,2019-09-06 20:34:11:952,-1.0087,-0.5597,9.6286,0.0003,0.005,9.8066,0.0657,-0.0381,-0.0332,-22.25,-34.69,14.06,306.64,-84.55,-169.82
52.38454,-1.574278,160.05,21.11,4,96.29,20 / 21,4446310,2019-09-06 20:34:12:053,-1.0716,1.0367,9.9469,-0.0162,-0.0022,9.8066,-0.0502,0.0167,-0.0962,-22.5,-34.94,13.63,308.45,-84.46,-168.05
52.38454,-1.574278,160.05,21.11,4,96.29,20 / 22,4446409,2019-09-06 20:34:12:152,-1.5889,1.182,9.7289,-0.0081,0.0226,9.8066,0.1888,-0.0544,0.0882,-22.94,-34.5,14,306.36,-84.52,-169.26
52.38454,-1.574278,160.05,21.11,4,96.29,20 / 22,4446510,2019-09-06 20:34:12:253,-1.3033,1.1677,9.4091,-0.0477,0.013,9.8065,0.0721,-0.0125,-0.1361,-22.31,-34.56,14.19,309.11,-84.73,-167.73
52.38454,-1.574278,160.05,21.11,4,96.29,20 / 22,4446610,2019-09-06 20:34:12:353,-1.533,-0.0832,10.0931,-0.032,0.0343,9.8065,-0.0046,-0.1191,0.1677,-22.31,-34.06,14.19,308.15,-84.71,-168.76
52.38454,-1.574278,160.05,21.11,4,96.29,20 / 22,4446710,2019-09-06 20:34:12:453,-1.2762,1.7889,9.9794,0.0229,-0.0315,9.8065,-0.1243,0.027,-0.1026,-21.94,-34.5,13.44,305.02,-84.74,-169.69
52.38454,-1.574278,160.05,21.11,4,96.29,20 / 22,4446809,2019-09-06 20:34:12:552,-0.8242,2.1481,9.6998,0.0152,-0.0054,9.8065,0.1109,-0.012,0.1815,-22.37,-34.87,14.19,308.11,-84.46,-168.36
52.38454,-1.574278,160.05,21.11,4,96.29,20 / 22,4446910,2019-09-06 20:34:12:653,-1.7462,-1.1456,9.7432,-0.0341,-0.004,9.8065,0.1075,-0.0553,-0.0084,-22.12,-34.75,14,309.3,-84.71,-167.54
52.38454,-1.574278,160.05,21.11,4,96.29,20 / 22,4447010,2019-09-06 20:34:12:753,-0.1199,0.6449,9.4259,-0.0096,0.005,9.8066,0.0083,-0.0742,0.0654,-22.37,-34.62,14.63,312.33,-84.55,-166.52
52.38454,-1.574278,160.05,21.11,4,96.29,20 / 22,4447110,2019-09-06 20:34:12:853,-1.0199,1.5643,9.5782,-0.0162,0.0033,9.8066,0.0474,-0.0505,0.0547,-22.44,-34.31,14.5,311.3,-84.56,-167.62
52.38454,-1.574278,160.05,21.11,4,96.29,20 / 22,4447210,2019-09-06 20:34:12:953,-0.7532,-0.355,9.5744,0.019,-0.0011,9.8066,-0.0583,-0.1034,0.0966,-22.12,-34.44,14.44,310.55,-84.57,-166.4
52.38454,-1.574278,160.05,21.11,4,96.29,20 / 22,4447310,2019-09-06 20:34:13:053,-0.6557,0.9076,9.4478,0.0035,-0.0133,9.8066,-0.0787,-0.0308,-0.1007,-22.31,-34.19,13.94,310.58,-84.63,-166.43
52.38454,-1.574278,160.05,21.11,4,96.29,20 / 22,4447409,2019-09-06 20:34:13:152,-0.1452,1.3125,10.501,0.0096,0.0044,9.8066,0.0411,-0.0828,0.1864,-22.19,-34.31,14.5,313.04,-84.57,-166.04
52.38454,-1.574278,160.05,21.11,4,96.29,20 / 22,4447510,2019-09-06 20:34:13:253,-2.0498,1.2344,11.1228,0.0228,-0.034,9.8065,-0.0168,0.0963,-0.1072,-22.19,-33.94,13.94,312.22,-84.55,-164.85
52.38454,-1.574278,160.05,21.11,4,96.29,20 / 22,4447610,2019-09-06 20:34:13:353,0.2952,0.861,8.844,0.0207,0.0003,9.8065,-0.0252,-0.1257,0.1571,-22.37,-34.06,14.44,311.65,-84.43,-165.25
52.38454,-1.574278,160.05,21.11,4,96.29,20 / 22,4447710,2019-09-06 20:34:13:453,-0.034,0.6387,8.7413,-0.0142,-0.0086,9.8065,-0.0619,0.0644,-0.0661,-22.31,-33.81,14.5,316.35,-84.45,-162.91
52.38454,-1.574278,160.05,21.11,4,96.29,20 / 22,4447810,2019-09-06 20:34:13:553,-0.8653,-0.1775,9.6094,-0.0096,0.0157,9.8066,0.0505,-0.0755,0.0092,-22.25,-33.94,14.56,316.07,-84.59,-163.29
52.38454,-1.574278,160.05,21.11,4,96.29,20 / 22,4447910,2019-09-06 20:34:13:653,-5.4161,2.6212,11.8185,0.0153,0.013,9.8066,-0.0726,0.0199,-0.0345,-22.37,-33.87,14.44,314.17,-84.66,-163.17
52.38454,-1.574278,160.05,21.11,4,96.29,20 / 22,4448009,2019-09-06 20:34:13:752,1.4161,-1.2254,10.8745,-0.1165,0.0455,9.8058,-0.0113,0.108,-0.1305,-22.37,-33.62,13.88,314.24,-85.25,-163.69
52.38454,-1.574278,160.05,21.11,4,96.29,20 / 22,4448109,2019-09-06 20:34:13:852,0.9023,1.4402,9.6571,0.0734,-0.0213,9.8063,0.2256,0.0167,0.0949,-22.31,-34.31,14.19,312.45,-84.79,-164.89
52.38454,-1.574278,160.05,21.11,4,96.29,20 / 22,4448210,2019-09-06 20:34:13:953,-2.8795,-1.7212,8.6999,0.1015,-0.0364,9.806,0.1389,-0.1355,0.0153,-22.75,-33.75,13.88,311.67,-84.81,-164.64
52.38454,-1.574278,160.05,21.11,4,96.29,20 / 22,4448309,2019-09-06 20:34:14:052,-0.4649,0.2121,9.4107,0.0252,-0.0205,9.8065,-0.2561,0.0294,-0.0021,-22.56,-34.12,15.13,312.99,-84.9,-165.39
52.38436,-1.571661,157.45,17.24,4,98.4,21 / 22,4448409,2019-09-06 20:34:14:152,-0.8746,-1.2292,9.9923,-0.013,-0.0241,9.8066,-0.2542,0.234,-0.1167,-21.94,-33.75,15.19,312.46,-84.71,-166.71
52.38436,-1.571661,157.45,17.24,4,98.4,21 / 22,4448510,2019-09-06 20:34:14:253,-1.4235,1.1469,10.2222,0.0077,0.0044,9.8066,0.0294,-0.0626,0.0684,-22.19,-34.25,14.19,313.12,-84.78,-164.26
52.38436,-1.571661,157.45,17.24,4,98.4,21 / 22,4448609,2019-09-06 20:34:14:352,-0.2127,0.5379,10.6208,-0.0079,-0.0012,9.8066,0.0842,0.0126,-0.0449,-21.87,-34.31,14.75,315.73,-84.81,-163.81
52.38436,-1.571661,157.45,17.24,4,98.4,21 / 22,4448710,2019-09-06 20:34:14:453,-0.8372,-1.9051,9.967,0.0473,-0.0412,9.8064,-0.1125,0.0422,-0.0353,-22.19,-33.94,14.19,313.55,-84.91,-163.99
52.38436,-1.571661,157.45,17.24,4,98.4,21 / 22,4448809,2019-09-06 20:34:14:552,0.2858,1.2044,8.3404,0.1005,-0.0352,9.806,-0.109,0.1002,-0.0255,-21.12,-34.56,14.44,315.05,-84.72,-163.33
52.38436,-1.571661,157.45,17.24,4,98.4,21 / 22,4448909,2019-09-06 20:34:14:652,1.6625,-0.7716,8.9764,0.0919,-0.0609,9.8059,-0.3794,-0.2984,0.0667,-20.94,-34.81,15.06,312.63,-84.41,-167.18
52.38436,-1.571661,157.45,17.24,4,98.4,21 / 22,4449010,2019-09-06 20:34:14:753,-3.3594,-0.6933,8.1857,-0.0647,0.0494,9.8063,0.128,-0.0299,0.2152,-21.37,-35.44,14.56,315.91,-85.2,-164.99
52.38436,-1.571661,157.45,17.24,4,98.4,21 / 22,4449110,2019-09-06 20:34:14:853,-0.2411,4.0246,7.9119,-0.017,-0.0502,9.8064,0.0117,-0.0091,-0.0174,-21.87,-35.12,15.25,318.49,-84.88,-161.22
52.38436,-1.571661,157.45,17.24,4,98.4,21 / 22,4449210,2019-09-06 20:34:14:953,-2.0226,-0.2482,10.6413,-0.0083,0.0114,9.8066,-0.0256,-0.1466,0.158,-22.12,-33.87,14.31,321.6,-85.12,-156.82
52.38436,-1.571661,157.45,17.24,4,98.4,21 / 22,4449310,2019-09-06 20:34:15:053,0.9295,0.2877,10.013,0.0312,-0.0359,9.8065,0.1609,-0.0265,-0.0219,-21.94,-34.06,15.13,323.22,-84.6,-156.81
52.38436,-1.571661,157.45,17.24,4,98.4,20 / 22,4449411,2019-09-06 20:34:15:154,0.717,-0.2861,10.5893,-0.0155,0.0106,9.8065,0.0556,0.0152,0.0169,-22.12,-34.25,14.81,321.21,-84.24,-158.32
52.38436,-1.571661,157.45,17.24,4,98.4,20 / 22,4449509,2019-09-06 20:34:15:252,0.0501,-0.1816,10.1685,-0.039,0.0139,9.8065,0.001,-0.0046,-0.0325,-22,-34.06,15.31,322.35,-84.41,-157.43
52.38436,-1.571661,157.45,17.24,4,98.4,20 / 22,4449610,2019-09-06 20:34:15:353,-0.7676,-0.7076,10.1572,0.0175,0.0029,9.8066,-0.0253,-0.1184,0.0471,-22.06,-34.06,14.13,320.6,-84.57,-157.25
52.38436,-1.571661,157.45,17.24,4,98.4,20 / 22,4449709,2019-09-06 20:34:15:452,-0.8276,0.0402,8.9867,0.0056,-0.0144,9.8066,-0.1128,-0.0138,-0.0137,-22,-33.81,14.56,324.8,-84.79,-155.54
52.38436,-1.571661,157.45,17.24,4,98.4,20 / 22,4449810,2019-09-06 20:34:15:553,-0.3139,0.8153,9.3671,-0.0076,0.0002,9.8066,-0.055,0.0358,0.0036,-22.19,-33.94,14.5,324.34,-84.91,-156.05
52.38436,-1.571661,157.45,17.24,4,98.4,20 / 22,4449910,2019-09-06 20:34:15:653,-1.1524,-0.2586,10.1924,0.0037,0.0082,9.8066,0.0919,-0.0118,-0.0333,-22.62,-34.31,14.63,322.32,-84.87,-156.79
52.38436,-1.571661,157.45,17.24,4,98.4,20 / 22,4450009,2019-09-06 20:34:15:752,0.2987,-0.7423,10.8662,-0.0164,0.0132,9.8066,0.1223,-0.0879,-0.0053,-22.25,-34.31,14.25,321.39,-84.9,-156.82
52.38436,-1.571661,157.45,17.24,4,98.4,20 / 22,4450110,2019-09-06 20:34:15:853,-0.5934,-2.2371,9.4159,-0.0333,0.0354,9.8065,-0.0313,0.1796,-0.0443,-22.25,-34.12,14.44,320.57,-85.04,-157.69
52.38436,-1.571661,157.45,17.24,4,98.4,20 / 22,4450210,2019-09-06 20:34:15:953,0.2903,2.2666,9.1667,-0.019,0.0023,9.8066,-0.0331,0.0239,-0.0403,-22.44,-33.94,14.19,317.96,-84.99,-160.02
52.38436,-1.571661,157.45,17.24,4,98.4,20 / 22,4450310,2019-09-06 20:34:16:053,0.1503,-0.9011,10.5298,-0.0261,0.0013,9.8066,-0.024,-0.1612,0.0476,-22,-34.44,14.63,321.5,-85.01,-158.71
52.38436,-1.571661,157.45,17.24,4,98.4,20 / 22,4450409,2019-09-06 20:34:16:152,0.8992,1.4812,10.1358,0.0087,0.0005,9.8066,0.0532,0.1459,-0.0113,-22.06,-34,14.63,317.89,-84.97,-161.97
52.38436,-1.571661,157.45,17.24,4,98.4,20 / 22,4450510,2019-09-06 20:34:16:253,0.8063,-0.8531,9.2208,0.0066,0.008,9.8066,0.0636,-0.0034,-0.0409,-22.25,-34.37,14.25,315.05,-85.05,-162.74
52.38436,-1.571661,157.45,17.24,4,98.4,20 / 22,4450610,2019-09-06 20:34:16:353,0.2987,0.9583,9.9894,-0.0309,0.0273,9.8065,0.0521,0.0116,-0.0163,-21.81,-34.19,14.56,318.48,-84.95,-161.41
52.38436,-1.571661,157.45,17.24,4,98.4,20 / 22,4450710,2019-09-06 20:34:16:453,-0.4723,1.4739,9.8176,-0.0093,-0.0066,9.8066,-0.0256,0.0874,0.0166,-22.12,-34.62,14.13,316.91,-85.16,-161.01
52.38436,-1.571661,157.45,17.24,4,98.4,20 / 22,4450810,2019-09-06 20:34:16:553,3.4641,0.8108,10.133,0.0356,-0.0262,9.8065,-0.1745,0.0477,-0.0105,-22,-34.12,14.13,316.37,-84.96,-161.45
52.38436,-1.571661,157.45,17.24,4,98.4,20 / 22,4450910,2019-09-06 20:34:16:653,0.1589,0.5286,10.1718,0.0498,-0.0162,9.8065,0.089,0.0545,-0.0045,-21.75,-34.5,13.13,315.05,-85.1,-160.81
52.38436,-1.571661,157.45,17.24,4,98.4,20 / 22,4451009,2019-09-06 20:34:16:752,0.5341,1.154,9.5558,-0.0306,0.007,9.8065,0.1051,0.1155,0.0214,-22.31,-34.06,13.38,316.32,-85.32,-159.86
52.38436,-1.571661,157.45,17.24,4,98.4,20 / 22,4451110,2019-09-06 20:34:16:853,1.789,0.7559,9.5568,-0.0386,0.0113,9.8065,-0.0134,0.063,-0.0316,-21.69,-33.75,13,317.24,-85.38,-159.07
52.38436,-1.571661,157.45,17.24,4,98.4,20 / 22,4451209,2019-09-06 20:34:16:952,-0.6382,1.5682,9.6023,0.0124,0.0022,9.8066,-0.0313,0.0692,0.006,-22.06,-34.69,13.75,319.69,-85.35,-158.65
52.38436,-1.571661,157.45,17.24,4,98.4,20 / 22,4451309,2019-09-06 20:34:17:052,1.818,1.0649,9.5844,0.0359,-0.0153,9.8066,0.0913,0.049,-0.0085,-22,-34.25,13.06,315.65,-85.2,-160.35
52.38436,-1.571661,157.45,17.24,4,98.4,18 / 22,4451409,2019-09-06 20:34:17:152,0.2939,1.1738,9.6991,-0.02,0.017,9.8066,0.0371,0.0836,-0.0528,-21.37,-34.06,12.88,317.39,-85.34,-159.93
52.38436,-1.571661,157.45,17.24,4,98.4,18 / 22,4451509,2019-09-06 20:34:17:252,0.8868,1.2656,10.1213,0.0159,0.0074,9.8066,-0.0503,0.1129,-0.0085,-22.19,-34.06,12.63,315.51,-85.41,-160.69
52.38436,-1.571661,157.45,17.24,4,98.4,18 / 22,4451609,2019-09-06 20:34:17:352,0.3591,1.1118,9.893,0.0141,-0.0056,9.8066,-0.0005,0.047,0.0037,-21.94,-34,12.13,311.91,-85.49,-162.05
52.38436,-1.571661,157.45,17.24,4,98.4,18 / 22,4451709,2019-09-06 20:34:17:452,0.7712,1.6197,9.1938,-0.003,0.0085,9.8066,0.0624,0.0136,-0.0039,-22.12,-34.25,12.19,311.83,-85.58,-162.22
52.38436,-1.571661,157.45,17.24,4,98.4,18 / 22,4451810,2019-09-06 20:34:17:553,0.8635,1.2668,10.8052,-0.0218,0.0096,9.8066,0.0509,0.0803,-0.0464,-21.75,-33.94,11.56,312.4,-85.49,-161.6
52.38436,-1.571661,157.45,17.24,4,98.4,18 / 22,4451910,2019-09-06 20:34:17:653,1.4202,0.99,10.3569,-0.0344,0.0319,9.8065,-0.1119,0.1055,-0.068,-21.94,-34,12.31,310.78,-85.68,-163.3
52.38436,-1.571661,157.45,17.24,4,98.4,18 / 22,4452010,2019-09-06 20:34:17:753,-5.8563,3.6566,11.2006,-0.0335,0.0247,9.8065,0.4629,-0.1323,0.0442,-21,-35.37,11,307.97,-85.89,-164.81
52.38436,-1.571661,157.45,17.24,4,98.4,18 / 22,4452110,2019-09-06 20:34:17:853,5.1116,3.2373,9.0811,-0.2519,0.1584,9.8021,-0.4182,0.4983,-0.1807,-20.62,-35.37,12.56,310.84,-86.54,-167.15
52.38436,-1.571661,157.45,17.24,4,98.4,18 / 22,4452210,2019-09-06 20:34:17:953,7.7089,3.7733,8.3546,0.2601,-0.1042,9.8026,0.1576,0.4749,-0.1196,-21.62,-35.56,12.06,297.11,-84.93,-174.91
52.38436,-1.571661,157.45,17.24,4,98.4,18 / 22,4452310,2019-09-06 20:34:18:053,2.4368,0.3397,11.2718,0.2919,-0.1208,9.8015,-0.641,0.1377,0.0009,-21.31,-35,12.31,298.11,-84.61,-174.63
52.38436,-1.571661,157.45,17.24,4,98.4,18 / 22,4452409,2019-09-06 20:34:18:152,-0.4883,0.9982,9.448,0.199,-0.1047,9.804,-0.5129,0.0252,0.2334,-22.06,-34.44,12,299.58,-84.7,-172.65
52.38436,-1.571661,157.45,17.24,4,98.4,18 / 22,4452510,2019-09-06 20:34:18:253,-0.9355,0.4751,8.778,-0.0148,-0.005,9.8066,0.1227,0.117,-0.1247,-22.31,-34.44,11.25,302.74,-84.87,-167.74
52.38436,-1.571661,157.45,17.24,4,98.4,18 / 22,4452609,2019-09-06 20:34:18:352,-1.1828,1.4267,8.8729,0.0239,-0.0165,9.8065,0.0165,0.0294,0.0244,-22.12,-34.56,10.75,303.38,-84.87,-166.97
52.38436,-1.571661,157.45,17.24,4,98.4,18 / 22,4452710,2019-09-06 20:34:18:453,1.1607,0.9316,9.73,-0.0639,0.035,9.8064,0.0817,0.1262,-0.042,-22.25,-34.19,10.63,303.75,-85.01,-166.96
52.38436,-1.571661,157.45,17.24,4,98.4,18 / 22,4452810,2019-09-06 20:34:18:553,-0.2396,2.6135,10.0018,-0.0351,0.0217,9.8065,0.1068,0.0993,-0.0267,-22.44,-34.06,10.69,303.67,-85.48,-167.6
52.38436,-1.571661,157.45,17.24,4,98.4,18 / 22,4452910,2019-09-06 20:34:18:653,1.7463,2.3223,9.9379,0.1066,0.0005,9.806,-0.3476,0.0741,-0.0454,-22.5,-34.44,9.69,297.5,-85.13,-170.76
52.38436,-1.571661,157.45,17.24,4,98.4,18 / 22,4453010,2019-09-06 20:34:18:753,-0.8984,1.5799,9.4432,0.0896,-0.0232,9.8061,-0.4192,0.0097,0.055,-22.5,-34.31,9.75,297.86,-85.19,-170.5
52.38436,-1.571661,157.45,17.24,4,98.4,18 / 22,4453110,2019-09-06 20:34:18:853,-1.6919,2.9021,9.7022,-0.0077,-0.0072,9.8066,0.2762,-0.0171,-0.0175,-22.44,-34.44,8.94,295.03,-85.35,-171.09
52.38436,-1.571661,157.45,17.24,4,98.4,18 / 22,4453210,2019-09-06 20:34:18:953,0.863,1.6969,9.6437,-0.0151,0.0057,9.8066,0.066,0.0501,-0.0763,-22.62,-34.5,9.81,296.42,-85.22,-171.17
52.38436,-1.571661,157.45,17.24,4,98.4,18 / 22,4453309,2019-09-06 20:34:19:052,1.732,1.1512,9.921,-0.0298,-0.0102,9.8065,0.0212,0.1316,0.1266,-22.06,-34,9.06,296.78,-85.36,-169.45
52.38436,-1.571661,157.45,17.24,4,98.4,19 / 22,4453410,2019-09-06 20:34:19:153,2.4921,2.6922,9.6888,-0.0428,0.0164,9.8065,0.1107,0.1683,-0.1048,-22.12,-33.87,9.69,299.82,-85.48,-169.01
52.38436,-1.571661,157.45,17.24,4,98.4,19 / 22,4453509,2019-09-06 20:34:19:252,2.2255,1.3989,9.3404,0.0449,-0.0192,9.8065,-0.1106,0.1241,0.0317,-22.44,-34.31,9.69,297.7,-85.25,-170.74
52.38436,-1.571661,157.45,17.24,4,98.4,19 / 22,4453610,2019-09-06 20:34:19:353,0.8051,1.1513,9.6389,-0.0581,0.0141,9.8064,-0.1352,0.1749,0.0266,-22.19,-34.12,8.81,295.77,-85.16,-170.14
52.38436,-1.571661,157.45,17.24,4,98.4,19 / 22,4453709,2019-09-06 20:34:19:452,1.1549,1.4367,9.2529,-0.0278,0.0124,9.8066,0.0672,0.0905,-0.0217,-22.25,-34.25,8.31,292.81,-85.23,-170.68
52.38436,-1.571661,157.45,17.24,4,98.4,19 / 22,4453809,2019-09-06 20:34:19:552,0.6176,1.2891,9.5443,-0.0032,0.0088,9.8066,0.0411,0.0977,-0.0245,-22.69,-34.56,8.13,291.29,-85.36,-171.58
52.38436,-1.571661,157.45,17.24,4,98.4,19 / 22,4453909,2019-09-06 20:34:19:652,0.0464,1.712,10.4484,-0.0105,0.0152,9.8066,0.1099,0.1121,-0.0433,-21.94,-34.75,8.19,290.05,-85.39,-173.38
52.38436,-1.571661,157.45,17.24,4,98.4,19 / 22,4454009,2019-09-06 20:34:19:752,0.8144,2.503,10.4738,0,0.0134,9.8066,0.067,0.0935,-0.1166,-22.06,-34.25,8.25,287.7,-85.28,-175.68
52.38436,-1.571661,157.45,17.24,4,98.4,19 / 22,4454109,2019-09-06 20:34:19:852,2.0667,1.6712,11.0972,0.0244,-0.0187,9.8066,-0.2438,0.0806,0.16,-21.62,-34.19,8.5,288.62,-84.91,-176.62
52.38436,-1.571661,157.45,17.24,4,98.4,19 / 22,4454210,2019-09-06 20:34:19:953,1.498,3.1899,10.4991,0.0121,0.0046,9.8066,-0.1088,0.2645,-0.151,-21.44,-34.25,6.94,284.85,-85.02,-176.1
52.38436,-1.571661,157.45,17.24,4,98.4,19 / 22,4454310,2019-09-06 20:34:20:053,0.0248,0.0951,9.0697,-0.0549,-0.0005,9.8065,0.0487,0.06,0.0554,-21.94,-34.31,7.38,285.38,-85.23,-175.41
52.38436,-1.571661,157.45,17.24,4,98.4,19 / 21,4454409,2019-09-06 20:34:20:152,1.1021,1.3065,10.3487,0.0132,-0.0014,9.8066,-0.0587,0.1614,-0.0296,-21.94,-34.37,6.63,287.63,-85.54,-173.69
52.38436,-1.571661,157.45,17.24,4,98.4,19 / 21,4454510,2019-09-06 20:34:20:253,0.9125,2.1584,10.0482,0.0447,-0.0163,9.8065,-0.0493,0.1304,0.0748,-22,-34.87,6.94,287.13,-85.25,-173.55
52.38436,-1.571661,157.45,17.24,4,98.4,19 / 21,4454609,2019-09-06 20:34:20:352,0.7121,1.8419,10.4559,0.0375,-0.009,9.8065,-0.0786,0.0978,-0.0365,-22.56,-34.81,6.75,286.16,-85.02,-173.71
52.38436,-1.571661,157.45,17.24,4,98.4,19 / 21,4454709,2019-09-06 20:34:20:452,0.0754,0.1843,9.8451,0.0267,0.0031,9.8066,-0.0798,0.1101,-0.0703,-22.19,-34.69,6.69,286.23,-85.04,-174.1
52.38436,-1.571661,157.45,17.24,4,98.4,19 / 21,4454810,2019-09-06 20:34:20:553,1.3331,1.2032,8.4087,0.0145,0.0063,9.8066,0.2193,0.1487,0.0057,-22,-34.56,6.56,285.61,-85.27,-175.05
52.38436,-1.571661,157.45,17.24,4,98.4,19 / 21,4454910,2019-09-06 20:34:20:653,-0.7439,1.4931,8.9493,-0.026,0.0204,9.8065,-0.1305,-0.013,-0.0851,-21.69,-35,6,282.06,-85.5,-176.38
52.38436,-1.571661,157.45,17.24,4,98.4,19 / 21,4455009,2019-09-06 20:34:20:752,1.4382,1.0116,9.9275,-0.0006,0.0171,9.8065,0.0266,0.0369,-0.0112,-21.94,-35.37,5.31,276.01,-85.67,179.92
52.38436,-1.571661,157.45,17.24,4,98.4,19 / 21,4455110,2019-09-06 20:34:20:853,-1.4239,1.5657,10.1445,0.0581,0.001,9.8065,-0.0116,0.0809,-0.0221,-21.87,-35.25,5.75,275.89,-85.31,177.85
52.38436,-1.571661,157.45,17.24,4,98.4,19 / 21,4455210,2019-09-06 20:34:20:953,0.6571,1.1381,10.4106,0.0386,-0.0051,9.8065,0.0032,0.0684,0.0207,-21.62,-35.19,5.88,275.3,-85.26,177.34
52.38436,-1.571661,157.45,17.24,4,98.4,19 / 21,4455310,2019-09-06 20:34:21:053,-1.0838,1.1236,10.1858,-0.0108,-0.0075,9.8066,0.0544,0.0639,0.0535,-21.75,-35.25,4.94,274.31,-85.27,178.87
52.38436,-1.571661,157.45,17.24,4,98.4,19 / 21,4455410,2019-09-06 20:34:21:153,0.363,0.2491,9.4149,-0.0114,-0.0053,9.8066,-0.027,0.0256,0.0095,-21.75,-34.56,5.56,277.63,-85.25,179.67
52.38436,-1.571661,157.45,17.24,4,98.4,19 / 21,4455510,2019-09-06 20:34:21:253,0.329,0.2594,9.9885,-0.0245,0.0008,9.8065,0.0448,0.0334,0.0419,-22,-34.87,5.81,277.35,-85.22,179.43
52.38436,-1.571661,157.45,17.24,4,98.4,19 / 21,4455609,2019-09-06 20:34:21:352,-0.4311,1.1868,9.5667,-0.0267,0.0032,9.8065,-0.0511,0.066,0.0058,-21.94,-35.12,4.88,276.02,-85.42,-179.66
52.38436,-1.571661,157.45,17.24,4,98.4,19 / 21,4455710,2019-09-06 20:34:21:453,0.4439,0.1008,9.9795,0.0057,-0.0015,9.8065,-0.0007,0.1116,0.0064,-21.94,-34.94,5.31,276.12,-85.33,-179.43
52.38436,-1.571661,157.45,17.24,4,98.4,19 / 21,4455809,2019-09-06 20:34:21:552,-0.2158,0.0121,10.3712,0.0213,-0.0136,9.8066,-0.0239,0.0486,0.0017,-21.44,-34.75,5.19,277.4,-85.24,-178.27
52.38436,-1.571661,157.45,17.24,4,98.4,19 / 21,4455910,2019-09-06 20:34:21:653,0.7713,0.0664,9.8437,-0.0028,-0.0046,9.8066,0.0124,0.0242,0.0238,-21.5,-34.75,5.13,277.7,-85.2,-177.92
52.38436,-1.571661,157.45,17.24,4,98.4,19 / 21,4456010,2019-09-06 20:34:21:753,-0.5015,0.2333,9.5322,0.0079,0.0011,9.8066,-0.0077,0.0626,-0.0127,-21.94,-34.56,5.19,277.26,-85.11,-177.95
52.38436,-1.571661,157.45,17.24,4,98.4,19 / 21,4456110,2019-09-06 20:34:21:853,0.6849,-0.1019,9.9637,-0.0083,0.0013,9.8066,0.0076,0.0222,0.0043,-22.25,-35.12,5.38,277.12,-85.08,-178.05
52.38436,-1.571661,157.45,17.24,4,98.4,19 / 21,4456209,2019-09-06 20:34:21:952,0.6685,0.2842,9.7328,-0.0165,0.0125,9.8066,0.01,0.0204,-0.04,-22.19,-35.37,5.44,275.81,-85.17,-179.48
52.38436,-1.571661,157.45,17.24,4,98.4,19 / 21,4456309,2019-09-06 20:34:22:052,0.7662,-0.2118,9.8655,0.0341,-0.0043,9.8065,-0.0164,0.0006,0.0301,-21.62,-35.69,5,275.34,-84.99,-179.44
52.38436,-1.571661,157.45,17.24,4,98.4,20 / 22,4456409,2019-09-06 20:34:22:152,-0.438,-0.8226,9.6181,0.0371,-0.0005,9.8066,-0.0491,-0.0358,0.005,-22.06,-35.5,5.31,275.2,-84.96,-179.75
52.38436,-1.571661,157.45,17.24,4,98.4,20 / 22,4456510,2019-09-06 20:34:22:253,0.3447,-0.4245,9.825,-0.0225,-0.0059,9.8065,0.0107,-0.0364,0.0255,-22,-35.25,4.63,275.88,-85.15,-179.37
52.38436,-1.571661,157.45,17.24,4,98.4,20 / 22,4456609,2019-09-06 20:34:22:352,-0.1506,-0.4535,10.0122,-0.0184,0.0096,9.8066,-0.0475,-0.0052,-0.0081,-22.06,-35.25,5.25,275.3,-85.14,-179.94
52.38436,-1.571661,157.45,17.24,4,98.4,20 / 22,4456709,2019-09-06 20:34:22:452,0.3148,-1.2022,9.9549,-0.0077,0.0073,9.8066,0.0367,0.034,-0.0041,-21.87,-35.19,4.56,273.76,-85.09,178.61
52.38436,-1.571661,157.45,17.24,4,98.4,20 / 22,4456810,2019-09-06 20:34:22:553,-0.8635,0.1486,9.8679,-0.014,0.0198,9.8065,0.0979,0.0213,-0.0501,-21.81,-34.81,5.81,273.64,-85.06,176.01
52.38436,-1.571661,157.45,17.24,4,98.4,20 / 22,4456909,2019-09-06 20:34:22:652,0.9454,-0.8904,10.2441,0.0285,0.0106,9.8066,-0.124,0.042,-0.045,-21.87,-35.06,5.31,267.62,-84.9,172.76
52.38436,-1.571661,157.45,17.24,4,98.4,20 / 22,4457009,2019-09-06 20:34:22:752,-0.9433,-1.271,9.7097,0.0292,0.0057,9.8066,-0.0543,-0.0449,0.0001,-21.37,-35.31,5.25,266.47,-84.9,171.37
52.38436,-1.571661,157.45,17.24,4,98.4,20 / 22,4457110,2019-09-06 20:34:22:853,-0.8354,0.1597,9.7759,-0.0252,0.0029,9.8065,0.0952,-0.0545,0.0442,-21.69,-35.12,5.06,264.86,-85.02,169.77
52.38436,-1.571661,157.45,17.24,4,98.4,20 / 22,4457210,2019-09-06 20:34:22:953,-1.1886,-1.0527,9.936,-0.0052,-0.0035,9.8066,0.0497,-0.0177,-0.0164,-21.81,-34.62,5.13,265.46,-84.92,170.53
52.38436,-1.571661,157.45,17.24,4,98.4,20 / 22,4457310,2019-09-06 20:34:23:053,-0.0842,0.0458,9.7754,-0.0129,-0.0042,9.8065,-0.0572,-0.0464,0.0001,-21.94,-35.37,5.31,265.5,-84.82,170.74
52.384468,-1.569508,153.73,16.74,4,71.29,19 / 22,4457409,2019-09-06 20:34:23:152,0.6854,-1.4337,10.2612,-0.0037,-0.0047,9.8066,0.014,0.0017,-0.0405,-21.94,-35.19,5.13,265.86,-84.77,171.18
52.384468,-1.569508,153.73,16.74,4,71.29,19 / 22,4457510,2019-09-06 20:34:23:253,-1.1057,-0.0139,9.718,-0.0029,0.0077,9.8066,-0.0218,0.0342,-0.1306,-21.62,-35.37,5.5,266.68,-84.86,169.34
52.384468,-1.569508,153.73,16.74,4,71.29,19 / 22,4457610,2019-09-06 20:34:23:353,-0.0737,0.0681,10.261,-0.051,0.0078,9.8065,0.2517,0.0571,-0.0103,-21.44,-35.5,4.88,262.41,-85.01,167.04
52.384468,-1.569508,153.73,16.74,4,71.29,19 / 22,4457709,2019-09-06 20:34:23:452,2.9421,-0.9911,11.277,-0.0433,0.0115,9.8065,-0.1883,-0.0249,0.0718,-21.62,-35.56,5.63,263.82,-84.85,166.67
52.384468,-1.569508,153.73,16.74,4,71.29,19 / 22,4457810,2019-09-06 20:34:23:553,-1.4422,0.0242,9.712,0.1006,-0.0131,9.8061,-0.2223,0.0119,-0.034,-21.37,-35.12,5.38,263.66,-84.52,169.13
52.384468,-1.569508,153.73,16.74,4,71.29,19 / 22,4457910,2019-09-06 20:34:23:653,-0.5443,-1.0783,10.2435,0.0491,-0.0061,9.8065,0.0665,0.0889,-0.0752,-21.87,-34.94,5.31,263.03,-84.73,168.37
52.384468,-1.569508,153.73,16.74,4,71.29,19 / 22,4458010,2019-09-06 20:34:23:753,-1.2922,0.8155,10.4725,-0.0149,0.0116,9.8066,0.1269,-0.1368,0.1155,-21.69,-35.56,5.38,260.99,-84.67,166.6
52.384468,-1.569508,153.73,16.74,4,71.29,19 / 22,4458110,2019-09-06 20:34:23:853,-0.6473,-0.5857,9.4302,0.0093,0.0088,9.8066,0.0138,-0.0298,0.0637,-21.62,-34.81,5.56,263.39,-84.53,166.5
52.384468,-1.569508,153.73,16.74,4,71.29,19 / 22,4458210,2019-09-06 20:34:23:953,0.1472,0.0357,10.6214,0.0325,-0.0076,9.8066,-0.0304,0.0738,-0.0598,-21.75,-34.81,6.06,263.77,-84.33,167.2
52.384468,-1.569508,153.73,16.74,4,71.29,19 / 22,4458310,2019-09-06 20:34:24:053,-2.5178,-1.5387,9.1925,0.0219,0.0083,9.8066,0.0257,0.0509,-0.0902,-21.75,-35.31,5.5,262.4,-84.3,165.84
52.384468,-1.569508,153.73,16.74,4,71.29,20 / 22,4458409,2019-09-06 20:34:24:152,-2.187,0.0746,9.7031,-0.0337,0.0212,9.8065,0.046,-0.0706,0.0599,-21.62,-35.37,5.75,261.18,-84.37,164.48
52.384468,-1.569508,153.73,16.74,4,71.29,20 / 22,4458510,2019-09-06 20:34:24:253,-1.1639,-0.802,9.6897,0.0027,0.0153,9.8066,0.1169,-0.1703,0.08,-21.62,-35,5.25,259.21,-84.22,165.23
52.384468,-1.569508,153.73,16.74,4,71.29,20 / 22,4458610,2019-09-06 20:34:24:353,-1.1986,0.7681,10.8451,-0.0048,-0.0132,9.8066,0.0937,0.1157,-0.1453,-21.44,-35.5,6.31,261.45,-84.14,164.82
52.384468,-1.569508,153.73,16.74,4,71.29,20 / 22,4458709,2019-09-06 20:34:24:452,-0.9567,-2.3627,9.7241,-0.0234,0.0074,9.8066,-0.0936,0.1089,-0.0034,-21.44,-35.5,5.56,261.06,-84.09,164.49
52.384468,-1.569508,153.73,16.74,4,71.29,20 / 22,4458809,2019-09-06 20:34:24:552,-2.1429,-1.1581,8.9649,0.0101,-0.0057,9.8066,-0.1037,-0.063,0.1231,-21.44,-35.44,5.88,263,-84.05,166.57
52.384468,-1.569508,153.73,16.74,4,71.29,20 / 22,4458909,2019-09-06 20:34:24:652,-0.689,0.5443,9.7533,0.0364,-0.0201,9.8065,0.1124,-0.165,0.1029,-22.25,-35.19,5.75,265.11,-84.17,168.81
52.384468,-1.569508,153.73,16.74,4,71.29,20 / 22,4459009,2019-09-06 20:34:24:752,-2.4017,-1.5113,10.1464,-0.0359,-0.0001,9.8065,0.231,0.1215,-0.1169,-22,-35.31,6.06,264.6,-84.6,167.62
52.384468,-1.569508,153.73,16.74,4,71.29,20 / 22,4459110,2019-09-06 20:34:24:853,-1.7306,-0.361,9.8327,-0.0483,0.0237,9.8065,-0.1957,0.1296,-0.1257,-21.75,-35.37,5.38,259.58,-84.51,165.16
52.384468,-1.569508,153.73,16.74,4,71.29,20 / 22,4459210,2019-09-06 20:34:24:953,0.5098,0.34,9.6543,0.0645,0.0225,9.8064,-0.1137,-0.0034,0.0034,-22.06,-35.12,6.06,258.62,-83.97,162.45
52.384468,-1.569508,153.73,16.74,4,71.29,20 / 22,4459310,2019-09-06 20:34:25:053,-2.412,-1.0401,9.9211,0.0638,0.0115,9.8064,0.059,0.0074,-0.0254,-22.37,-34.87,5.81,257.61,-83.9,161.5
52.384468,-1.569508,153.73,16.74,4,71.29,20 / 21,4459410,2019-09-06 20:34:25:153,-2.7679,-0.2242,9.7711,-0.0317,0.02,9.8065,0.0214,-0.0179,-0.0069,-21.25,-35.44,5.38,253.5,-83.89,159.6
52.384468,-1.569508,153.73,16.74,4,71.29,20 / 21,4459510,2019-09-06 20:34:25:253,-1.0888,-0.1503,9.8552,-0.0245,-0.0023,9.8066,-0.0035,0.0031,0.0767,-21.31,-35.19,5.44,251.21,-83.96,157.07
52.384468,-1.569508,153.73,16.74,4,71.29,20 / 21,4459609,2019-09-06 20:34:25:352,-2.7861,0.6232,9.6265,-0.0215,0.0038,9.8065,0.1378,0.1236,0.0447,-21.19,-34.81,5.88,251.72,-84.02,154.85
52.384468,-1.569508,153.73,16.74,4,71.29,20 / 21,4459710,2019-09-06 20:34:25:453,-2.659,-0.3995,10.5352,0.0122,-0.001,9.8066,0.104,0.066,0.005,-20.62,-34.81,5.5,252.49,-83.99,155.71
52.384468,-1.569508,153.73,16.74,4,71.29,20 / 21,4459809,2019-09-06 20:34:25:552,-0.9194,-0.5838,11.3717,0.0247,-0.0144,9.8066,0.109,-0.0162,-0.0377,-20.5,-34.56,6.13,254.17,-83.76,157.53
52.384468,-1.569508,153.73,16.74,4,71.29,20 / 21,4459910,2019-09-06 20:34:25:653,-1.7854,-0.2552,10.4075,-0.0016,0.0012,9.8066,-0.1944,-0.1065,-0.0042,-21.12,-34.31,6.5,256.82,-83.66,157.87
52.384468,-1.569508,153.73,16.74,4,71.29,20 / 21,4460010,2019-09-06 20:34:25:753,-0.8981,-2.2591,8.3934,0.0211,0.0069,9.8066,0.0537,0.0076,-0.0215,-20.31,-34,6.56,257.82,-83.44,158.85
52.384468,-1.569508,153.73,16.74,4,71.29,20 / 21,4460109,2019-09-06 20:34:25:852,-3.9631,-1.3484,6.6989,0.0737,0.0048,9.8063,0.2373,0.0643,0.0984,-20.56,-34.06,6.13,254.47,-82.97,159.08
52.384468,-1.569508,153.73,16.74,4,71.29,20 / 21,4460210,2019-09-06 20:34:25:953,-3.4878,1.1386,7.6318,-0.1563,-0.0195,9.8053,0.0902,-0.0597,-0.1157,-20.56,-33.69,5.63,254.84,-83.97,157.94
52.384468,-1.569508,153.73,16.74,4,71.29,20 / 21,4460311,2019-09-06 20:34:26:054,-2.6709,-0.2369,10.688,-0.1473,0.013,9.8055,0.2401,-0.0796,0.0322,-21.19,-34.12,5,251.42,-84.39,156.37
52.384468,-1.569508,153.73,16.74,4,71.29,20 / 22,4460411,2019-09-06 20:34:26:154,-2.4279,-0.5026,11.4114,-0.0487,0.0087,9.8064,0.3581,-0.0726,-0.0308,-21.19,-34.81,5.56,252.66,-84.52,155.07
52.384468,-1.569508,153.73,16.74,4,71.29,20 / 22,4460510,2019-09-06 20:34:26:253,-1.2165,-1.0105,11.8666,-0.0509,-0.0023,9.8064,0.0963,-0.0033,0.0257,-21.37,-35.44,5.94,254.17,-84.17,157.19
52.384468,-1.569508,153.73,16.74,4,71.29,20 / 22,4460610,2019-09-06 20:34:26:353,1.3971,-1.3886,10.6976,0.064,0.003,9.8064,0.208,-0.0515,-0.0338,-20.56,-35.44,6.25,253.69,-83.63,157.53
52.384468,-1.569508,153.73,16.74,4,71.29,20 / 22,4460710,2019-09-06 20:34:26:453,-0.9693,-1.202,9.8138,-0.0452,0.0079,9.8065,-0.1908,-0.0067,-0.0308,-20.25,-35.31,6,253.2,-83.5,156.93
52.384468,-1.569508,153.73,16.74,4,71.29,20 / 22,4460809,2019-09-06 20:34:26:552,-1.9552,-1.7568,9.7909,-0.002,0.0139,9.8066,0.034,-0.0193,0.0977,-20.19,-35.81,6.06,250.49,-83.67,154.06
52.384468,-1.569508,153.73,16.74,4,71.29,20 / 22,4460910,2019-09-06 20:34:26:653,0.1096,0.0199,9.6988,-0.0151,-0.0017,9.8066,-0.0956,-0.0211,-0.1039,-20.69,-35.87,6.44,248.99,-83.96,152.31
52.384468,-1.569508,153.73,16.74,4,71.29,20 / 22,4461010,2019-09-06 20:34:26:753,-1.4868,-0.239,9.4437,0.0005,0.0011,9.8066,0.0172,0.043,0.0978,-20.87,-35.44,6.06,249,-83.94,152.08
52.384468,-1.569508,153.73,16.74,4,71.29,20 / 22,4461110,2019-09-06 20:34:26:853,-0.8202,-2.3219,9.1545,0.0035,-0.0154,9.8066,-0.0496,0.0472,-0.1381,-21,-35.69,6.31,249.98,-83.86,153.52
52.384468,-1.569508,153.73,16.74,4,71.29,20 / 22,4461209,2019-09-06 20:34:26:952,-1.0312,0.8882,10.4358,-0.0063,0.0058,9.8066,-0.09,0.0447,-0.0279,-20.87,-35.37,6.25,251.24,-83.72,154.8
52.384468,-1.569508,153.73,16.74,4,71.29,20 / 22,4461309,2019-09-06 20:34:27:052,-2.067,-1.9518,9.9714,0.0073,-0.0028,9.8066,0.078,-0.0155,-0.062,-21.25,-35.31,5.88,250.88,-83.72,154.42
52.384468,-1.569508,153.73,16.74,4,71.29,20 / 22,4461410,2019-09-06 20:34:27:153,-1.2306,-1.5477,9.1825,-0.0199,0.0165,9.8065,0.0423,0.0748,-0.0262,-21,-35.5,6.19,251.5,-83.62,155.22
52.384468,-1.569508,153.73,16.74,4,71.29,20 / 22,4461509,2019-09-06 20:34:27:252,-1.5885,-0.3239,10.8548,-0.0012,-0.0089,9.8066,-0.0478,-0.0358,-0.0409,-21.06,-36,7.19,252.32,-83.64,153.72
52.384468,-1.569508,153.73,16.74,4,71.29,20 / 22,4461610,2019-09-06 20:34:27:353,-0.4533,-1.2221,9.2815,-0.026,0.0216,9.8065,0.064,-0.0062,0.0302,-21.12,-35.12,6.75,252.87,-83.68,153.96
52.384468,-1.569508,153.73,16.74,4,71.29,20 / 22,4461709,2019-09-06 20:34:27:452,-0.3377,-0.0601,9.2735,-0.0074,-0.0065,9.8065,-0.1015,0.0229,0.052,-20.5,-35.5,6.13,250.43,-83.69,153.68
52.384468,-1.569508,153.73,16.74,4,71.29,20 / 22,4461810,2019-09-06 20:34:27:553,-3.296,-0.5154,9.9618,-0.0294,-0.0148,9.8065,-0.1232,-0.0363,0.0617,-21.06,-35.31,6.81,255.73,-83.93,156.59
52.384468,-1.569508,153.73,16.74,4,71.29,20 / 22,4461909,2019-09-06 20:34:27:652,-1.5697,0.5329,10.2121,-0.0157,-0.0155,9.8066,0.157,-0.0317,0.0844,-21.06,-35,6.69,257.31,-84,158.14
52.384468,-1.569508,153.73,16.74,4,71.29,20 / 22,4462010,2019-09-06 20:34:27:753,-0.3842,0.1754,10.4331,0.0265,-0.01,9.8066,-0.0124,-0.0057,0.0069,-21.12,-34.12,7.25,257.87,-84.01,158.44
52.384468,-1.569508,153.73,16.74,4,71.29,20 / 22,4462109,2019-09-06 20:34:27:852,-1.2803,-0.3368,9.4173,-0.0167,-0.0073,9.8066,-0.2821,-0.0072,0.0528,-21.25,-34.94,6.44,256.36,-84.18,159.48
52.384468,-1.569508,153.73,16.74,4,71.29,20 / 22,4462210,2019-09-06 20:34:27:953,-2.4872,0.0511,8.8334,0.0211,-0.0059,9.8066,-0.3193,0.079,-0.0386,-21.5,-35.56,6.19,258.22,-84.4,161.33
52.384468,-1.569508,153.73,16.74,4,71.29,20 / 22,4462309,2019-09-06 20:34:28:052,-2.0131,0.1542,9.7374,0.0468,-0.0144,9.8065,0.1811,0.0357,-0.0545,-21.5,-35,6.13,258.11,-84.63,160.6
52.384468,-1.569508,153.73,16.74,4,71.29,20 / 22,4462409,2019-09-06 20:34:28:152,-1.0547,1.2714,9.0287,-0.076,0.0014,9.8063,0.1526,0.0494,-0.0073,-21.12,-35.75,6.44,257.75,-84.99,159.88
52.384468,-1.569508,153.73,16.74,4,71.29,20 / 22,4462510,2019-09-06 20:34:28:253,0.3709,0.3051,11.0393,0.0519,0.0016,9.8065,0.0059,0.0006,0.0799,-21.56,-35.19,6.06,258.55,-84.96,160.87
52.384468,-1.569508,153.73,16.74,4,71.29,20 / 22,4462609,2019-09-06 20:34:28:352,-0.2181,-1.2906,10.4669,0.0256,0.009,9.8065,0.1038,-0.0526,0.0307,-21.56,-35.12,5.81,258.52,-84.98,160.8
52.384468,-1.569508,153.73,16.74,4,71.29,20 / 22,4462710,2019-09-06 20:34:28:453,0.4599,0.2166,10.7181,-0.0052,-0.0129,9.8065,-0.3052,0.0503,-0.0746,-21.37,-35.12,6,258.99,-85.03,160.87
52.384468,-1.569508,153.73,16.74,4,71.29,20 / 22,4462809,2019-09-06 20:34:28:552,-2.6319,0.8222,9.858,0.0369,-0.003,9.8065,-0.1162,0.1034,0.0316,-21.75,-35.44,5.5,256.6,-84.8,159.1
52.384468,-1.569508,153.73,16.74,4,71.29,20 / 22,4462909,2019-09-06 20:34:28:652,-2.6481,-1.1536,9.8555,0.0681,-0.0136,9.8063,0.1998,0.0038,-0.0705,-21.75,-35.5,6.56,259.33,-84.57,159.77
52.384468,-1.569508,153.73,16.74,4,71.29,20 / 22,4463010,2019-09-06 20:34:28:753,-1.4091,-0.3167,9.5594,-0.0484,0.0014,9.8065,0.0633,0.0597,-0.1339,-21.81,-35.44,5.44,256.12,-84.71,161.28
52.384468,-1.569508,153.73,16.74,4,71.29,20 / 22,4463109,2019-09-06 20:34:28:852,0.0463,-0.5527,10.1989,-0.0313,0.0125,9.8066,0.0113,0.006,0.0707,-21,-35.94,5.19,255.09,-84.59,160.41
52.384468,-1.569508,153.73,16.74,4,71.29,20 / 22,4463210,2019-09-06 20:34:28:953,-2.369,0.6076,10.1181,-0.0147,-0.0125,9.8065,-0.0485,0.062,-0.1291,-20.81,-35.94,4.81,254.84,-84.6,160.14
52.384468,-1.569508,153.73,16.74,4,71.29,20 / 22,4463309,2019-09-06 20:34:29:052,-1.9227,0.3394,10.2255,-0.0247,0.0185,9.8066,-0.0087,-0.0808,0.0976,-20.69,-35.56,6.44,256.42,-84.76,158.87
52.384468,-1.569508,153.73,16.74,4,71.29,20 / 21,4463411,2019-09-06 20:34:29:154,-1.7652,1.397,9.5854,-0.0029,-0.0108,9.8066,-0.0735,0.1354,-0.0488,-20.81,-35.12,5.38,254.14,-84.78,158.88
52.384468,-1.569508,153.73,16.74,4,71.29,20 / 21,4463510,2019-09-06 20:34:29:253,-1.0489,-0.8847,10.2917,0.015,-0.0034,9.8066,0.1213,0.0649,-0.0333,-21.5,-35.87,6.13,256.61,-84.74,159.09
52.384468,-1.569508,153.73,16.74,4,71.29,20 / 21,4463610,2019-09-06 20:34:29:353,-0.6871,0.4712,9.46,-0.0095,0.01,9.8066,0.0201,-0.0168,0.0194,-21.06,-35.56,5.19,255.24,-84.77,160.27
52.384468,-1.569508,153.73,16.74,4,71.29,20 / 21,4463710,2019-09-06 20:34:29:453,-1.3017,-0.8296,9.9882,0.0214,-0.0099,9.8065,0.0653,0.0317,0.0186,-21.06,-36.12,5.88,258.35,-84.75,160.89
52.384468,-1.569508,153.73,16.74,4,71.29,20 / 21,4463810,2019-09-06 20:34:29:553,-1.0546,-0.2146,9.973,-0.0295,0.0047,9.8065,-0.029,-0.0432,0.0726,-21.31,-36.19,5.38,256.19,-84.96,160.95
52.384468,-1.569508,153.73,16.74,4,71.29,20 / 21,4463910,2019-09-06 20:34:29:653,-1.739,0.6746,9.9283,-0.0254,-0.0031,9.8066,0.1223,-0.0724,0.0886,-21.19,-36.25,6.31,260.33,-85.04,162.45
52.384468,-1.569508,153.73,16.74,4,71.29,20 / 21,4464009,2019-09-06 20:34:29:752,-1.0533,-0.2212,9.7598,0.006,-0.0039,9.8066,0.1,0.0031,-0.0117,-21.5,-36.12,5.38,259.38,-85.03,164.13
52.384468,-1.569508,153.73,16.74,4,71.29,20 / 21,4464109,2019-09-06 20:34:29:852,-0.9943,-0.6724,9.905,-0.006,-0.0017,9.8066,0.05,0.0678,0.0105,-21.75,-35.5,5.88,262.58,-85.08,164.82
52.384468,-1.569508,153.73,16.74,4,71.29,20 / 21,4464210,2019-09-06 20:34:29:953,-0.1321,-0.1753,9.6527,-0.0244,0.0027,9.8066,-0.031,0.0068,0.0423,-20.94,-36.19,5.81,264.41,-85.08,166.56
52.384468,-1.569508,153.73,16.74,4,71.29,20 / 21,4464309,2019-09-06 20:34:30:052,-0.8866,-0.0267,9.8639,-0.016,-0.0016,9.8066,0.0083,0.1037,-0.0476,-21.19,-35.5,5.31,262.41,-85.33,166.54
52.384468,-1.569508,153.73,16.74,4,71.29,20 / 21,4464410,2019-09-06 20:34:30:153,-2.1217,0.9452,9.5354,-0.0028,-0.0092,9.8066,-0.0838,0.0768,0.0112,-21.69,-35.37,5.63,264.92,-85.41,166.69
52.384468,-1.569508,153.73,16.74,4,71.29,20 / 21,4464509,2019-09-06 20:34:30:252,-1.9609,-0.2164,9.3421,0.0344,-0.0101,9.8065,0.0236,0.067,-0.042,-21.5,-35.5,5.5,267.16,-85.38,168.63
52.384468,-1.569508,153.73,16.74,4,71.29,20 / 21,4464610,2019-09-06 20:34:30:353,-0.9441,-0.1396,9.6932,-0.0249,0.0027,9.8066,0.0416,-0.0243,0.0036,-21.75,-35.56,5.75,267.87,-85.55,169.66
52.384468,-1.569508,153.73,16.74,4,71.29,20 / 21,4464709,2019-09-06 20:34:30:452,-1.3147,0.4027,10.75,-0.0445,0.002,9.8065,0.115,0.0659,0.0108,-21.75,-35.94,5.13,265.68,-85.63,169.86
52.384468,-1.569508,153.73,16.74,4,71.29,20 / 21,4464810,2019-09-06 20:34:30:553,-0.2262,-0.5264,10.3866,-0.0039,-0.0024,9.8066,0.1044,0.0656,-0.0119,-22.44,-35.81,5,266.54,-85.58,170.79
52.384468,-1.569508,153.73,16.74,4,71.29,20 / 21,4464909,2019-09-06 20:34:30:652,-1.0946,-0.1736,10.3233,-0.0164,0.009,9.8066,-0.0963,0.134,-0.0803,-21.75,-35.62,5.25,265.6,-85.72,169.62
52.384468,-1.569508,153.73,16.74,4,71.29,20 / 21,4465010,2019-09-06 20:34:30:753,-1.6869,0.0762,9.1925,0.026,0.0079,9.8066,-0.0582,0.0624,0.0386,-22,-35.37,3.88,259.91,-85.68,166.25
52.384468,-1.569508,153.73,16.74,4,71.29,20 / 21,4465110,2019-09-06 20:34:30:853,-1.8348,0.8253,9.2991,0.0399,0.001,9.8066,-0.0201,0.1393,-0.042,-21.75,-35.31,4.75,262.86,-85.7,166.67
52.384468,-1.569508,153.73,16.74,4,71.29,20 / 21,4465209,2019-09-06 20:34:30:952,-1.2078,0.6377,9.353,-0.0249,-0.0018,9.8066,-0.0786,0.0954,-0.0228,-21.37,-36,4.38,257.88,-85.96,163.73
52.384468,-1.569508,153.73,16.74,4,71.29,20 / 21,4465310,2019-09-06 20:34:31:053,-0.2109,0.5487,10.7433,-0.0055,0.0222,9.8066,0.0564,0.1024,-0.0528,-20.81,-36.31,4.25,255.68,-85.89,161.59
52.384468,-1.569508,153.73,16.74,4,71.29,20 / 21,4465409,2019-09-06 20:34:31:152,-1.1695,0.707,9.9997,-0.0036,0.0062,9.8066,0.0924,0.1578,-0.024,-21.06,-35.94,4.06,253.53,-85.82,159.48
52.384468,-1.569508,153.73,16.74,4,71.29,20 / 21,4465510,2019-09-06 20:34:31:253,-0.2215,0.2508,9.767,-0.0015,0.0053,9.8066,0.0768,0.1448,-0.037,-20.81,-36.37,4.13,252.07,-85.75,158.07
52.384468,-1.569508,153.73,16.74,4,71.29,20 / 21,4465610,2019-09-06 20:34:31:353,0.2482,1.0351,9.7107,-0.003,0.0144,9.8066,-0.0259,0.1875,-0.0502,-20.94,-36.44,3.69,249.21,-85.65,155.25
52.384468,-1.569508,153.73,16.74,4,71.29,20 / 21,4465709,2019-09-06 20:34:31:452,1.1909,1.0256,10.0617,0.0006,0.014,9.8066,0.0046,0.1505,-0.0293,-20.75,-35.81,3.19,244.65,-85.58,153.26
52.384468,-1.569508,153.73,16.74,4,71.29,20 / 21,4465809,2019-09-06 20:34:31:552,-0.4791,-0.0571,10.2341,-0.0204,0.0158,9.8066,0.0299,0.1884,-0.0543,-20.19,-36.31,3,242.68,-85.6,151.07
52.384468,-1.569508,153.73,16.74,4,71.29,20 / 21,4465910,2019-09-06 20:34:31:653,0.6741,0.7485,9.7223,-0.0175,0.0117,9.8066,-0.0528,0.2502,-0.061,-20.5,-36.06,1.94,237.63,-85.49,148.68
52.384468,-1.569508,153.73,16.74,4,71.29,20 / 21,4466010,2019-09-06 20:34:31:753,-0.427,1.9089,9.5106,0.0157,0.018,9.8066,-0.0385,0.2535,-0.0774,-20.19,-36.12,1.69,235.28,-85.39,146.3
52.384468,-1.569508,153.73,16.74,4,71.29,20 / 21,4466110,2019-09-06 20:34:31:853,-0.7656,1.6487,10.3473,0.0054,0.0068,9.8066,0.0006,0.2638,0.0175,-19.25,-36.69,0.94,230.41,-85.18,144.55
52.384468,-1.569508,153.73,16.74,4,71.29,20 / 21,4466209,2019-09-06 20:34:31:952,0.4121,1.513,9.9126,0.0102,-0.0089,9.8066,0.0056,0.3154,0.0057,-19.56,-36.69,0.31,228.42,-85.17,145.02
52.384468,-1.569508,153.73,16.74,4,71.29,20 / 21,4466309,2019-09-06 20:34:32:052,0.3735,0.781,10.0653,0.0126,0.0029,9.8066,0.0491,0.2916,-0.1295,-19,-36.87,0.69,231.23,-85.17,145.47
52.384773,-1.568076,149.43,6.01,4,53.69,20 / 21,4466409,2019-09-06 20:34:32:152,0.0255,1.76,9.1799,-0.025,0.0121,9.8066,0.0615,0.3161,-0.0394,-18.56,-36.12,0.63,229.29,-85.06,143.28
52.384773,-1.568076,149.43,6.01,4,53.69,20 / 21,4466510,2019-09-06 20:34:32:253,0.5641,2.3509,10.1363,-0.0065,-0.0011,9.8066,-0.0255,0.2948,0.0112,-18.5,-36.81,-0.75,222.45,-84.97,142.52
52.384773,-1.568076,149.43,6.01,4,53.69,20 / 21,4466610,2019-09-06 20:34:32:353,-0.8708,0.5047,9.7536,-0.0059,-0.0079,9.8066,0.0032,0.276,-0.0334,-18.19,-36.06,-0.75,223.98,-84.99,144.02
52.384773,-1.568076,149.43,6.01,4,53.69,20 / 21,4466709,2019-09-06 20:34:32:452,-0.1822,2.2319,10.4256,-0.0146,0.0073,9.8066,-0.0001,0.2589,0.0405,-17.44,-36,-1.5,222.97,-84.86,143.66
52.384773,-1.568076,149.43,6.01,4,53.69,20 / 21,4466810,2019-09-06 20:34:32:553,-1.007,1.509,9.5992,0.0361,0.0084,9.8065,-0.0226,0.2863,-0.0328,-17.31,-36.81,-2.31,219,-84.85,142.62
52.384773,-1.568076,149.43,6.01,4,53.69,20 / 21,4466909,2019-09-06 20:34:32:652,0.078,1.4325,9.8426,0.0148,0.0143,9.8066,-0.0179,0.3118,0.0156,-17.06,-36.44,-2.31,220.58,-84.59,144.59
52.384773,-1.568076,149.43,6.01,4,53.69,20 / 21,4467010,2019-09-06 20:34:32:753,0.3626,0.6114,9.1523,-0.0455,0.006,9.8065,0.001,0.3049,-0.1113,-16.56,-36.37,-2.5,217.88,-84.84,141.15
52.384773,-1.568076,149.43,6.01,4,53.69,20 / 21,4467109,2019-09-06 20:34:32:852,0.2944,1.3911,9.5973,-0.0332,0.0315,9.8065,-0.0913,0.3528,-0.0809,-16,-36.69,-4.12,207.33,-84.61,136.82
52.384773,-1.568076,149.43,6.01,4,53.69,20 / 21,4467209,2019-09-06 20:34:32:952,0.0476,1.2964,11.0265,-0.0207,-0.0109,9.8065,0.0217,0.3111,0.0909,-15.69,-36.5,-4.56,202.46,-84.7,134.08
52.384773,-1.568076,149.43,6.01,4,53.69,20 / 21,4467309,2019-09-06 20:34:33:052,1.2381,0.3331,10.8041,0.0161,0.0072,9.8065,0.0691,0.3325,-0.1995,-14.56,-37.12,-4.31,205.42,-84.59,135.8
52.384773,-1.568076,149.43,6.01,4,53.69,20 / 21,4467409,2019-09-06 20:34:33:152,-0.0165,0.0043,10.0029,0.0057,0.0287,9.8065,0.1654,0.213,-0.0068,-14.56,-37.87,-4.62,203.79,-84.28,137.67
52.384773,-1.568076,149.43,6.01,4,53.69,20 / 21,4467510,2019-09-06 20:34:33:253,1.1381,1.91,10.0712,0.0273,0.0393,9.8065,0.1529,0.3465,-0.0009,-14,-37.94,-3.75,206.02,-83.44,139.34
52.384773,-1.568076,149.43,6.01,4,53.69,20 / 21,4467609,2019-09-06 20:34:33:352,-1.2843,-0.1541,9.0235,0.0166,-0.001,9.8066,0.0781,0.2482,-0.0628,-12.69,-38.06,-3.81,206.74,-82.82,142.71
52.384773,-1.568076,149.43,6.01,4,53.69,20 / 21,4467710,2019-09-06 20:34:33:453,1.4112,2.3117,9.9799,-0.0271,0.0064,9.8066,0.04,0.1954,-0.0664,-13.75,-37.25,-3.94,207.72,-82.63,142.21
52.384773,-1.568076,149.43,6.01,4,53.69,20 / 21,4467810,2019-09-06 20:34:33:553,0.8292,1.1614,9.6146,-0.0455,0.0103,9.8065,-0.0749,0.2165,-0.0972,-12.44,-36.87,-5.87,194.2,-82.62,135.64
52.384773,-1.568076,149.43,6.01,4,53.69,20 / 21,4467909,2019-09-06 20:34:33:652,-0.7549,1.3716,10.0504,-0.0603,-0.0041,9.8064,-0.1634,0.1383,-0.0125,-11.25,-37.5,-6.5,188.81,-82.8,130.6
52.384773,-1.568076,149.43,6.01,4,53.69,20 / 21,4468009,2019-09-06 20:34:33:752,-0.0841,0.6005,10.0799,-0.0049,0.012,9.8066,-0.1112,0.2399,-0.1244,-11.87,-37.31,-7.19,184.69,-83.03,126.43
52.384773,-1.568076,149.43,6.01,4,53.69,20 / 21,4468110,2019-09-06 20:34:33:853,0.5766,0.4176,9.7756,-0.0058,-0.0139,9.8066,0.0582,0.1259,0.0591,-10.94,-37.5,-6.87,181.84,-82.85,124.95
52.384773,-1.568076,149.43,6.01,4,53.69,20 / 21,4468210,2019-09-06 20:34:33:953,1.6038,-0.7712,9.8662,-0.0026,-0.0015,9.8066,0.0855,0.118,0.0004,-10.94,-38.25,-6.62,182.91,-82.89,126.41
52.384773,-1.568076,149.43,6.01,4,53.69,20 / 21,4468310,2019-09-06 20:34:34:053,-0.1513,-1.0782,9.6499,-0.01,0.0065,9.8066,-0.041,0.0355,-0.0387,-11.31,-37.81,-6.44,185.97,-82.68,126.84
52.384773,-1.568076,149.43,6.01,4,53.69,20 / 21,4468410,2019-09-06 20:34:34:153,0.9305,-1.4401,10.1193,-0.0039,0.0031,9.8066,0.0081,-0.0697,0.0224,-10,-37.87,-7.19,181.45,-82.51,127.02
52.384773,-1.568076,149.43,6.01,4,53.69,20 / 21,4468509,2019-09-06 20:34:34:252,-0.1582,-2.1994,10.2439,-0.0027,-0.011,9.8066,0.0086,-0.0515,0.0273,-11.25,-37.62,-6.19,186.25,-82.59,127.25
52.384773,-1.568076,149.43,6.01,4,53.69,20 / 21,4468610,2019-09-06 20:34:34:353,0.2857,-2.4898,10.2431,-0.0097,-0.0071,9.8066,0.182,-0.1585,0.1014,-10.94,-37.69,-6.5,186.48,-82.64,127.55
52.384773,-1.568076,149.43,6.01,4,53.69,20 / 21,4468709,2019-09-06 20:34:34:452,1.4959,-2.8261,9.4544,-0.0046,-0.0296,9.8066,-0.2026,-0.101,0.0569,-11.56,-37.62,-6.06,189.08,-82.83,128.78
52.384773,-1.568076,149.43,6.01,4,53.69,20 / 21,4468810,2019-09-06 20:34:34:553,1.6375,-2.3869,9.388,0.0642,0.0172,9.8064,-0.1509,-0.199,0.0626,-12.37,-38.19,-5.25,193.95,-82.73,131.58
52.384773,-1.568076,149.43,6.01,4,53.69,20 / 21,4468910,2019-09-06 20:34:34:653,1.1414,-3.4882,9.2738,0.0435,0.0276,9.8065,-0.0395,-0.3208,0.0266,-12.56,-37.87,-4.94,195.3,-82.84,131.38
52.384773,-1.568076,149.43,6.01,4,53.69,20 / 21,4469010,2019-09-06 20:34:34:753,0.6018,-3.15,9.2746,-0.0333,-0.0346,9.8065,-0.1167,-0.3145,0.0647,-13.06,-38,-4.56,194.05,-83.08,129.57
52.384773,-1.568076,149.43,6.01,4,53.69,20 / 21,4469110,2019-09-06 20:34:34:853,0.9145,-3.4639,9.72,-0.0033,-0.0086,9.8065,0.0797,-0.2959,0.023,-13.44,-37.56,-4.37,196.35,-83.51,128.45
52.384773,-1.568076,149.43,6.01,4,53.69,20 / 21,4469210,2019-09-06 20:34:34:953,1.1798,-4.1486,10.3791,0.0004,-0.006,9.8066,0.0466,-0.3694,0.0474,-13.81,-37.12,-4,196.41,-83.69,126.79
52.384773,-1.568076,149.43,6.01,4,53.69,20 / 21,4469310,2019-09-06 20:34:35:053,0.8557,-2.5222,9.4595,-0.0176,0.0068,9.8066,0.0909,-0.3544,0.0289,-15.06,-36.62,-3.62,197.03,-83.61,126.32
52.384773,-1.568076,149.43,6.01,4,53.69,20 / 21,4469410,2019-09-06 20:34:35:153,0.727,-3.1206,10.0164,0.0246,-0.0077,9.8065,0.0862,-0.3491,0.0171,-15.44,-36.87,-3.06,201.85,-83.47,128.91
52.384773,-1.568076,149.43,6.01,4,53.69,20 / 21,4469510,2019-09-06 20:34:35:253,0.8871,-3.1149,9.9502,-0.0106,-0.013,9.8065,-0.0075,-0.4062,0.073,-15.81,-36.94,-2.31,205.46,-83.53,128.83
52.384773,-1.568076,149.43,6.01,4,53.69,20 / 21,4469611,2019-09-06 20:34:35:354,1.61,-4.176,10.2459,0.0228,-0.0001,9.8066,0.0135,-0.3978,0.0787,-16.75,-36.12,-1.81,206.77,-83.64,129.36
52.384773,-1.568076,149.43,6.01,4,53.69,20 / 21,4469709,2019-09-06 20:34:35:452,0.0587,-4.7255,9.9115,0.0091,-0.0115,9.8066,0.0475,-0.3989,0.0054,-16.94,-36.81,-1.12,210.02,-83.75,130.04
52.384773,-1.568076,149.43,6.01,4,53.69,20 / 21,4469809,2019-09-06 20:34:35:552,-0.1807,-3.0193,9.4178,-0.017,-0.007,9.8066,0.0039,-0.4288,0.0067,-18,-36.81,0.31,213.51,-83.95,130.24
52.384773,-1.568076,149.43,6.01,4,53.69,20 / 21,4469910,2019-09-06 20:34:35:653,0.0017,-3.8769,9.4315,0.0055,-0.0042,9.8066,0.0874,-0.491,0.0736,-18.25,-36.94,0.56,216.68,-83.97,130.77
52.384773,-1.568076,149.43,6.01,4,53.69,20 / 21,4470010,2019-09-06 20:34:35:753,-0.0335,-3.9964,9.726,-0.0142,-0.0269,9.8066,0.1689,-0.5807,0.1482,-18.44,-36.94,1.19,218.86,-84.25,132.97
52.384773,-1.568076,149.43,6.01,4,53.69,20 / 21,4470110,2019-09-06 20:34:35:853,0.3999,-5.7464,9.6439,-0.0354,-0.037,9.8064,-0.091,-0.5595,0.105,-19.12,-36.12,2,224.42,-84.5,135.56
52.384773,-1.568076,149.43,6.01,4,53.69,20 / 21,4470210,2019-09-06 20:34:35:953,0.0219,-3.7544,10.6925,0.0414,-0.0051,9.8065,-0.0207,-0.6094,0.0009,-19.81,-35.37,2.69,226.74,-84.67,134.82
52.384773,-1.568076,149.43,6.01,4,53.69,20 / 21,4470310,2019-09-06 20:34:36:053,-0.0881,-4.9239,9.6363,-0.0151,-0.0079,9.8066,-0.0446,-0.5999,0.1464,-19.87,-36.06,4,230.04,-84.69,135.82
52.384773,-1.568076,149.43,6.01,4,53.69,20 / 22,4470409,2019-09-06 20:34:36:152,-0.5785,-3.7264,9.8951,-0.0002,-0.0279,9.8065,-0.0122,-0.5929,0.1118,-20.37,-35.69,4.88,235.94,-85.05,138.99
52.384773,-1.568076,149.43,6.01,4,53.69,20 / 22,4470510,2019-09-06 20:34:36:253,-1.0932,-5.0733,9.3511,-0.0152,-0.0385,9.8065,-0.0879,-0.5679,0.0541,-20.44,-35.62,6,241.44,-85.35,141.73
52.384773,-1.568076,149.43,6.01,4,53.69,20 / 22,4470610,2019-09-06 20:34:36:353,-0.8689,-4.3111,10.3657,0.0439,-0.0271,9.8064,-0.0091,-0.5991,0.0499,-21.12,-36.5,7.31,249.9,-85.55,148.24
52.384773,-1.568076,149.43,6.01,4,53.69,20 / 22,4470710,2019-09-06 20:34:36:453,-1.3824,-3.976,9.2216,0.0328,-0.0191,9.8065,-0.007,-0.6283,0.0407,-21.5,-36,8.56,255.93,-85.62,149.41
52.384773,-1.568076,149.43,6.01,4,53.69,20 / 22,4470810,2019-09-06 20:34:36:553,-1.4165,-4.1498,9.9861,-0.018,-0.0118,9.8066,0.0317,-0.6444,0.076,-21.25,-35.31,10.19,259.51,-85.71,150.39
52.384773,-1.568076,149.43,6.01,4,53.69,20 / 22,4470910,2019-09-06 20:34:36:653,-1.5887,-4.2371,9.9323,-0.0112,-0.01,9.8066,0.0123,-0.6555,0.066,-21.69,-35.44,11.13,264.14,-85.93,153.34
52.384773,-1.568076,149.43,6.01,4,53.69,20 / 22,4471010,2019-09-06 20:34:36:753,-1.5777,-3.6813,9.7152,0.0097,-0.0164,9.8065,0.0009,-0.6526,0.0374,-20.62,-34.25,12.13,271.4,-85.89,157.46
52.384773,-1.568076,149.43,6.01,4,53.69,20 / 22,4471110,2019-09-06 20:34:36:853,-1.8987,-2.4438,9.7487,-0.0034,-0.011,9.8066,0.0624,-0.6657,0.1691,-21.06,-33.69,13.38,275.61,-85.93,159.46
52.384773,-1.568076,149.43,6.01,4,53.69,20 / 22,4471209,2019-09-06 20:34:36:952,-2.6302,-4.0026,9.7499,0.0014,-0.013,9.8066,0.0201,-0.5468,0.0665,-21.19,-34.87,14.38,281.46,-85.96,163.3
52.384773,-1.568076,149.43,6.01,4,53.69,20 / 22,4471310,2019-09-06 20:34:37:053,-2.2352,-3.5671,10.0716,0.0168,-0.0313,9.8065,0.0579,-0.6048,0.0331,-20.75,-34.94,15.88,287.57,-85.88,165.54
52.384773,-1.568076,149.43,6.01,4,53.69,20 / 22,4471409,2019-09-06 20:34:37:152,-1.9412,-3.9119,10.4375,-0.0155,-0.0065,9.8065,0.1229,-0.6891,0.1204,-20.5,-34.56,16.88,292.67,-85.88,167.44
52.384773,-1.568076,149.43,6.01,4,53.69,20 / 22,4471510,2019-09-06 20:34:37:253,-2.3094,-3.6402,9.7449,-0.043,0.0046,9.8065,-0.0439,-0.604,0.078,-19.81,-35.12,17.75,299.42,-85.99,172.05
52.384773,-1.568076,149.43,6.01,4,53.69,20 / 22,4471610,2019-09-06 20:34:37:353,-1.9918,-2.5362,9.5678,0.0193,-0.0461,9.8064,-0.061,-0.6189,0.0824,-19.19,-35.06,18.69,308.11,-85.69,177.61
52.384773,-1.568076,149.43,6.01,4,53.69,20 / 22,4471710,2019-09-06 20:34:37:453,-2.1522,-2.4774,9.7368,0.0128,-0.039,9.8065,-0.0301,-0.6888,0.1117,-18.56,-34.19,20.5,314.8,-85.62,-179.25
52.384773,-1.568076,149.43,6.01,4,53.69,20 / 22,4471809,2019-09-06 20:34:37:552,-2.5925,-2.9908,9.3266,-0.0162,-0.0134,9.8066,-0.0764,-0.61,0.0693,-19.12,-34.19,21.63,320.08,-85.58,-175.7
52.384773,-1.568076,149.43,6.01,4,53.69,20 / 22,4471909,2019-09-06 20:34:37:652,-2.2543,-3.4156,10.1865,-0.0076,-0.0185,9.8065,0.1223,-0.6252,0.0645,-17.94,-34.31,22.69,325.29,-85.44,-173.56
52.384773,-1.568076,149.43,6.01,4,53.69,20 / 22,4472010,2019-09-06 20:34:37:753,-2.6721,-2.7991,10.1723,-0.0271,0.0061,9.8066,0.1119,-0.6767,0.1347,-17.25,-33.5,23.31,328.61,-85.31,-172.01
52.384773,-1.568076,149.43,6.01,4,53.69,20 / 22,4472109,2019-09-06 20:34:37:852,-1.7893,-2.7119,10.462,-0.031,0.0028,9.8065,-0.0341,-0.6341,0.0647,-16.87,-33.56,24.81,336.15,-85.28,-167.42
52.384773,-1.568076,149.43,6.01,4,53.69,20 / 22,4472210,2019-09-06 20:34:37:953,-2.4834,-2.2771,9.982,0.0041,-0.0226,9.8066,0.0118,-0.6079,0.1253,-15.37,-33.44,26.13,341.4,-85.03,-166.81
52.384773,-1.568076,149.43,6.01,4,53.69,20 / 22,4472310,2019-09-06 20:34:38:053,-2.896,-1.9551,10.2816,-0.0177,-0.0264,9.8065,0.0391,-0.6196,0.0875,-15.44,-34,26.44,344.79,-84.84,-163.63
52.384773,-1.568076,149.43,6.01,4,53.69,20 / 21,4472409,2019-09-06 20:34:38:152,-2.4839,-1.8944,10.036,-0.0053,-0.0103,9.8066,0.1058,-0.6409,0.1209,-14.56,-32.44,27,348.93,-84.64,-160.9
52.384773,-1.568076,149.43,6.01,4,53.69,20 / 21,4472510,2019-09-06 20:34:38:253,-3.0685,-2.0778,9.4273,-0.0164,-0.0287,9.8065,-0.1178,-0.5495,0.0314,-13.87,-32.62,28,353.31,-84.31,-159.39
52.384773,-1.568076,149.43,6.01,4,53.69,20 / 21,4472609,2019-09-06 20:34:38:352,-2.6366,-2.8097,10.2581,0.0112,-0.0289,9.8066,0.0207,-0.564,0.1231,-13.19,-33,28.06,357.19,-84.2,-157.59
52.384773,-1.568076,149.43,6.01,4,53.69,20 / 21,4472710,2019-09-06 20:34:38:453,-2.8676,-1.2223,9.9601,-0.0029,-0.0173,9.8066,0.1171,-0.4433,-0.0104,-11.75,-31.75,29.13,359.24,-83.78,-158.19
52.384773,-1.568076,149.43,6.01,4,53.69,20 / 21,4472810,2019-09-06 20:34:38:553,-1.2276,-2.9565,10.5117,0.0015,0.0045,9.8066,0.1434,-0.5005,0.1088,-11,-32.75,29.31,0.61,-83.6,-158.69
52.384773,-1.568076,149.43,6.01,4,53.69,20 / 21,4472909,2019-09-06 20:34:38:652,-0.5074,-1.0327,9.5857,0.0076,0.001,9.8066,0.0283,-0.4347,-0.0118,-10.12,-32.81,29.38,0.84,-83.4,-160.24
52.384773,-1.568076,149.43,6.01,4,53.69,20 / 21,4473010,2019-09-06 20:34:38:753,-0.3233,-1.932,9.982,0.0199,-0.0152,9.8066,0.0182,-0.2955,-0.071,-9.5,-32.31,30.44,359.81,-83.12,-163.47
52.384773,-1.568076,149.43,6.01,4,53.69,20 / 21,4473110,2019-09-06 20:34:38:853,0.329,-0.8351,10.3784,0.0208,-0.0092,9.8066,-0.0349,-0.2491,0.0173,-8.94,-32,30.13,357.07,-83.07,-165.85
52.384773,-1.568076,149.43,6.01,4,53.69,20 / 21,4473209,2019-09-06 20:34:38:952,-0.8792,-1.0103,10.1623,0.007,-0.0269,9.8065,-0.0228,-0.2855,0.1045,-8.19,-32.37,29.75,357.63,-82.89,-167.11
52.384773,-1.568076,149.43,6.01,4,53.69,20 / 21,4473309,2019-09-06 20:34:39:052,0.6023,-0.072,9.7282,-0.0092,-0.0104,9.8066,0.0837,-0.1586,0.0459,-8.44,-32.12,30.44,358.31,-82.64,-166.52
52.384773,-1.568076,149.43,6.01,4,53.69,20 / 21,4473410,2019-09-06 20:34:39:153,-0.7765,-0.6911,10.2348,0.0081,0.0084,9.8066,0.1059,-0.1933,0.0019,-7.06,-31.94,30.94,0.07,-82.48,-167.21
52.384773,-1.568076,149.43,6.01,4,53.69,20 / 21,4473510,2019-09-06 20:34:39:253,2.4996,-2.4356,10.2329,0.0077,0.0182,9.8066,-0.1139,-0.1056,-0.003,-7.81,-31.31,30.81,356.82,-82.36,-168.28
52.384773,-1.568076,149.43,6.01,4,53.69,20 / 21,4473609,2019-09-06 20:34:39:352,1.1035,0.1921,10.039,0.002,-0.029,9.8066,-0.0252,-0.1032,0.1079,-7.31,-32.19,30.38,357.39,-82.21,-169.09
52.384773,-1.568076,149.43,6.01,4,53.69,20 / 21,4473710,2019-09-06 20:34:39:453,2.1605,-2.8686,9.3885,-0.0246,-0.0004,9.8065,-0.059,-0.08,0.1032,-7.31,-31.94,30.38,359.44,-82.2,-167.35
52.384773,-1.568076,149.43,6.01,4,53.69,20 / 21,4473810,2019-09-06 20:34:39:553,1.229,-1.2925,9.1567,-0.0615,-0.0066,9.8064,-0.0949,0.0064,0.1063,-8.31,-33.06,30.06,0.75,-82.14,-164.43
52.384773,-1.568076,149.43,6.01,4,53.69,20 / 21,4473909,2019-09-06 20:34:39:652,1.6427,-1.6096,8.6636,-0.0604,-0.0023,9.8064,-0.0208,-0.1118,0.1711,-8.94,-32.19,30.19,7.61,-82.18,-156.82
52.384773,-1.568076,149.43,6.01,4,53.69,20 / 21,4474009,2019-09-06 20:34:39:752,0.9792,-0.2607,9.4251,-0.0391,0.0445,9.8064,-0.1289,0.0023,0.0609,-9.69,-32.12,30,13.64,-82.27,-149.88
52.384773,-1.568076,149.43,6.01,4,53.69,20 / 21,4474110,2019-09-06 20:34:39:853,0.5001,-0.1556,9.2906,-0.0445,0.0278,9.8064,-0.0132,-0.0029,0.0601,-9.06,-33.62,29.5,19.87,-82.46,-146.37
52.384773,-1.568076,149.43,6.01,4,53.69,20 / 21,4474210,2019-09-06 20:34:39:953,0.1023,0.7094,10.4809,-0.0368,0.0222,9.8065,0.1902,-0.0546,0.0364,-9.81,-32.87,29.63,23.33,-82.44,-141.53
52.384773,-1.568076,149.43,6.01,4,53.69,20 / 21,4474310,2019-09-06 20:34:40:053,2.0219,-1.9069,11.2875,-0.003,0.0587,9.8064,-0.0072,0.2025,-0.1303,-10.12,-32.81,29.38,22.97,-82.42,-141.36
52.384773,-1.568076,149.43,6.01,4,53.69,19 / 21,4474409,2019-09-06 20:34:40:152,2.0116,-2.408,10.8252,-0.0109,0.0054,9.8066,0.2995,-0.0788,0.0743,-9.62,-32.06,29.56,19.68,-82.15,-144.73
52.384773,-1.568076,149.43,6.01,4,53.69,19 / 21,4474510,2019-09-06 20:34:40:253,1.2043,-3.6464,11.2675,0.0236,-0.0858,9.8062,-0.214,0.1056,-0.1158,-9.94,-32.5,29.5,15.21,-81.49,-148.77
52.384773,-1.568076,149.43,6.01,4,53.69,19 / 21,4474609,2019-09-06 20:34:40:352,3.9314,-0.6573,9.2763,0.0131,-0.0182,9.8066,-0.0496,0.3177,-0.0063,-9.75,-31.94,29.25,14.49,-81.6,-148.82
52.384773,-1.568076,149.43,6.01,4,53.69,19 / 21,4474710,2019-09-06 20:34:40:453,1.7959,-1.0979,8.0571,0.0552,-0.042,9.8064,-0.4359,-0.0279,-0.0285,-9.87,-32.44,29.75,14.95,-81.65,-148.94
52.384773,-1.568076,149.43,6.01,4,53.69,19 / 21,4474810,2019-09-06 20:34:40:553,1.2912,-1.7555,7.5791,0.0309,-0.1224,9.8058,-0.3647,0.0488,-0.0171,-9.87,-33.31,29.56,12.77,-81.58,-150.86
52.384773,-1.568076,149.43,6.01,4,53.69,19 / 21,4474910,2019-09-06 20:34:40:653,0.379,-0.2473,9.6474,-0.0462,0.0848,9.8062,0.2332,0.0292,0.0548,-10.31,-33.75,29.38,17.48,-81.96,-146.32
52.384773,-1.568076,149.43,6.01,4,53.69,19 / 21,4475009,2019-09-06 20:34:40:752,0.6944,0.0547,9.9802,-0.0027,0.045,9.8065,0.088,0.0087,-0.0448,-10.56,-32.75,29,15.26,-82.04,-146.33
52.384773,-1.568076,149.43,6.01,4,53.69,19 / 21,4475109,2019-09-06 20:34:40:852,1.1612,-1.4882,10.7199,-0.0297,0.0849,9.8062,0.0453,0.0216,-0.0413,-9.69,-33.19,29.56,20.22,-82.54,-144.19
52.384773,-1.568076,149.43,6.01,4,53.69,19 / 21,4475210,2019-09-06 20:34:40:953,2.1839,-1.9796,10.361,-0.0312,0.1084,9.8059,0.3499,0.0589,-0.0172,-10,-32.75,29.81,19.55,-82.65,-144.73
52.384773,-1.568076,149.43,6.01,4,53.69,19 / 21,4475310,2019-09-06 20:34:41:053,0.2412,-2.9626,10.7565,0.0663,-0.0771,9.806,-0.2253,0.1819,-0.25,-10.06,-33.44,28.94,13.14,-82.15,-149.87
52.38478,-1.567542,146.78,9.57,4,157.17,19 / 21,4475409,2019-09-06 20:34:41:152,1.4981,-0.0659,10.8323,0.0056,-0.0074,9.8066,-0.0304,0.0062,0.0705,-10.19,-33.12,29.75,12.88,-82.55,-150.52
52.38478,-1.567542,146.78,9.57,4,157.17,19 / 21,4475510,2019-09-06 20:34:41:253,3.0445,-1.3421,10.8937,0.0538,-0.0916,9.806,-0.2332,-0.0114,0.003,-9.81,-33.81,29,10.77,-82.42,-151.86
52.38478,-1.567542,146.78,9.57,4,157.17,19 / 21,4475609,2019-09-06 20:34:41:352,1.6271,-0.4234,8.9581,0.0571,-0.1196,9.8057,-0.1739,0.1123,0.0374,-10.06,-33.62,29.63,10.12,-82.23,-153
52.38478,-1.567542,146.78,9.57,4,157.17,19 / 21,4475710,2019-09-06 20:34:41:453,-2.1874,0.6896,9.5299,-0.0192,0.009,9.8066,0.2717,0.2384,-0.1333,-10.56,-32.94,29.88,7.71,-82.01,-153.33
52.38478,-1.567542,146.78,9.57,4,157.17,19 / 21,4475810,2019-09-06 20:34:41:553,1.2956,0.3655,8.8298,-0.0288,0.0275,9.8066,0.1913,0.07,-0.0179,-10.31,-32.5,30.06,10.87,-81.94,-152.33
52.38478,-1.567542,146.78,9.57,4,157.17,19 / 21,4475910,2019-09-06 20:34:41:653,0.7605,-0.4777,10.8218,-0.0173,0.039,9.8065,-0.0279,0.0462,0.0316,-10.06,-32.06,29.31,12.07,-82.25,-150.7
52.38478,-1.567542,146.78,9.57,4,157.17,19 / 21,4476010,2019-09-06 20:34:41:753,2.4096,0.2148,10.1264,-0.0293,0.0452,9.8065,0.0737,0.1175,-0.0649,-10.31,-32.69,29.19,14.22,-82.32,-148.9
52.38478,-1.567542,146.78,9.57,4,157.17,19 / 21,4476109,2019-09-06 20:34:41:852,0.2031,-1.5422,9.7931,0.0056,-0.0473,9.8065,-0.1238,0.1318,0.0009,-10.25,-32.87,29.25,13.96,-81.99,-149.22
52.38478,-1.567542,146.78,9.57,4,157.17,19 / 21,4476209,2019-09-06 20:34:41:952,0.9004,0.33,8.6399,0.0018,-0.0246,9.8065,-0.1892,0.0062,0.0361,-10.69,-32.81,29.44,12.36,-82.02,-148.79
52.38478,-1.567542,146.78,9.57,4,157.17,19 / 21,4476309,2019-09-06 20:34:42:052,0.0793,0.4469,9.3695,0.0038,0.0471,9.8065,0.0032,0.0692,-0.0631,-11,-32.69,28.25,11.41,-82.22,-148.93
52.38478,-1.567542,146.78,9.57,4,157.17,19 / 21,4476410,2019-09-06 20:34:42:153,0.38,1.7204,9.7181,-0.0133,-0.0057,9.8066,-0.0205,-0.0024,-0.0181,-10.94,-32.75,28.94,14.34,-82.55,-146.97
52.38478,-1.567542,146.78,9.57,4,157.17,19 / 21,4476510,2019-09-06 20:34:42:253,0.2588,2.7911,12.8136,-0.0535,0.0278,9.8064,0.5095,-0.0969,0.2414,-11.19,-32.69,28.06,15.95,-82.75,-144.91
52.38478,-1.567542,146.78,9.57,4,157.17,19 / 21,4476610,2019-09-06 20:34:42:353,-2.0145,2.7574,12.5899,-0.0196,0.0516,9.8064,0.4961,-0.2997,-0.0348,-11.37,-33,28.25,15.61,-82.06,-145.42
52.38478,-1.567542,146.78,9.57,4,157.17,19 / 21,4476710,2019-09-06 20:34:42:453,4.0328,1.8236,8.797,-0.0441,0.0514,9.8064,0.3418,-0.0345,0.2448,-11.19,-32.19,29.56,13.86,-81.79,-148.1
52.38478,-1.567542,146.78,9.57,4,157.17,19 / 21,4476809,2019-09-06 20:34:42:552,2.701,-0.8237,8.4278,-0.0568,0.0305,9.8064,-0.104,0.226,-0.1108,-11.37,-31.87,29.5,14.98,-80.88,-147.42
52.38478,-1.567542,146.78,9.57,4,157.17,19 / 21,4476910,2019-09-06 20:34:42:653,-0.724,-1.2043,8.9074,0.0237,-0.022,9.8065,-0.4768,0.069,0.0062,-10.94,-32.75,29.38,16.23,-81.2,-145.79
52.38478,-1.567542,146.78,9.57,4,157.17,19 / 21,4477010,2019-09-06 20:34:42:753,0.8939,0.1643,8.9671,0.0234,-0.036,9.8065,-0.4538,0.0001,-0.0181,-10.94,-32.19,28.56,17.63,-81.67,-144.37
52.38478,-1.567542,146.78,9.57,4,157.17,19 / 21,4477110,2019-09-06 20:34:42:853,1.3183,0.4347,8.6372,0.0071,0.0592,9.8065,0.2121,0.0575,-0.0807,-10.5,-32.62,27.25,20.3,-82.65,-142.44
52.38478,-1.567542,146.78,9.57,4,157.17,19 / 21,4477210,2019-09-06 20:34:42:953,0.7196,0.33,10.088,0.0206,-0.0008,9.8066,0.1405,-0.0277,-0.0291,-10.69,-32.75,27.38,15.29,-82.7,-144.83
52.38478,-1.567542,146.78,9.57,4,157.17,19 / 21,4477310,2019-09-06 20:34:43:053,1.9023,-0.332,10.7152,0.0176,0.0002,9.8065,0.0426,0.0273,-0.0329,-10.69,-32.62,28.19,12.96,-82.61,-147.51
52.38478,-1.567542,146.78,9.57,4,157.17,19 / 21,4477409,2019-09-06 20:34:43:152,2.1242,0.1749,10.4398,0.0068,-0.032,9.8065,-0.0143,-0.0409,0.0765,-10.56,-33.19,28.44,10.93,-82.18,-149.35
52.38478,-1.567542,146.78,9.57,4,157.17,19 / 21,4477510,2019-09-06 20:34:43:253,0.1097,0.1529,9.9068,-0.0294,-0.0106,9.8065,0.1301,-0.0174,0.0187,-11,-33,28.38,10,-81.86,-150.2
52.38478,-1.567542,146.78,9.57,4,157.17,19 / 21,4477609,2019-09-06 20:34:43:352,0.4155,-0.4581,9.4886,-0.0122,0.024,9.8065,0.0532,-0.0177,-0.0216,-10.75,-33,28.38,12.19,-81.81,-148.37
52.38478,-1.567542,146.78,9.57,4,157.17,19 / 21,4477709,2019-09-06 20:34:43:452,0.6755,-0.0588,9.7336,-0.0123,0.015,9.8065,-0.1146,-0.0256,0.0277,-11.06,-33.44,28.13,14.03,-82,-146.78
52.38478,-1.567542,146.78,9.57,4,157.17,19 / 21,4477809,2019-09-06 20:34:43:552,0.0147,0.6976,9.6009,-0.0158,-0.0011,9.8066,0.0262,0.0044,-0.0052,-11.5,-33.62,28.25,15.86,-81.97,-145.31
52.38478,-1.567542,146.78,9.57,4,157.17,19 / 21,4477909,2019-09-06 20:34:43:652,0.9821,-0.373,9.7734,0.0085,-0.0293,9.8065,-0.0259,-0.0683,0.0017,-11,-33.19,28.06,14.73,-81.63,-146.3
52.38478,-1.567542,146.78,9.57,4,157.17,19 / 21,4478010,2019-09-06 20:34:43:753,0.0721,-1.5071,9.7587,0.0247,-0.0143,9.8065,-0.2036,-0.0628,-0.0065,-11.31,-32.81,28.75,13.46,-81.64,-147.97
52.38478,-1.567542,146.78,9.57,4,157.17,19 / 21,4478110,2019-09-06 20:34:43:853,-0.3796,-0.1443,10.1283,-0.0106,0.0218,9.8065,0.105,-0.0232,-0.015,-11.25,-32.44,28.38,12.78,-81.5,-147.9
52.38478,-1.567542,146.78,9.57,4,157.17,19 / 21,4478210,2019-09-06 20:34:43:953,0.9016,0.202,9.7376,0.0086,0.0088,9.8065,0.0589,-0.0508,-0.0095,-11.06,-33.25,28.63,13.41,-81.63,-148.02
52.38478,-1.567542,146.78,9.57,4,157.17,19 / 21,4478310,2019-09-06 20:34:44:053,-1.2676,0.5773,10.0436,-0.0306,0.0199,9.8065,0.0832,0.0034,0.0168,-10.75,-33,28.56,14.07,-81.61,-147.47
52.38478,-1.567542,146.78,9.57,4,157.17,19 / 21,4478409,2019-09-06 20:34:44:152,0.045,-0.3285,9.1742,-0.0126,0.0333,9.8065,-0.0329,-0.0633,0.057,-11.06,-32.87,29,13.61,-81.5,-147.88
52.38478,-1.567542,146.78,9.57,4,157.17,19 / 21,4478510,2019-09-06 20:34:44:253,0.3048,0.0253,9.8959,0.0018,-0.0154,9.8065,-0.0131,-0.1037,0.0952,-11.44,-33,28.69,13.75,-81.33,-147.82
52.38478,-1.567542,146.78,9.57,4,157.17,19 / 21,4478609,2019-09-06 20:34:44:352,-0.2419,-0.3384,9.5215,0.0196,-0.0028,9.8066,-0.1467,0.0485,-0.069,-11.06,-33.12,28.56,13.75,-81.35,-147.81
52.38478,-1.567542,146.78,9.57,4,157.17,19 / 21,4478710,2019-09-06 20:34:44:453,0.2462,-0.0452,10.5402,-0.0032,0.0239,9.8065,0.0727,0.0026,-0.0396,-10.94,-33.31,28.44,12.79,-81.28,-148.01
52.38478,-1.567542,146.78,9.57,4,157.17,19 / 21,4478810,2019-09-06 20:34:44:553,0.6804,0.0008,10.055,0.025,-0.0347,9.8065,0.0813,-0.0503,-0.0114,-10.5,-33,28.63,15.21,-81.42,-148.35
52.38478,-1.567542,146.78,9.57,4,157.17,19 / 21,4478910,2019-09-06 20:34:44:653,0.8397,-0.6946,10.0512,0.0056,-0.0167,9.8066,-0.0018,-0.0027,0.0065,-10.56,-32.87,28.94,11.29,-81.27,-149.87
52.38478,-1.567542,146.78,9.57,4,157.17,19 / 21,4479010,2019-09-06 20:34:44:753,0.2839,0.463,9.4471,0.0075,-0.007,9.8066,-0.0226,-0.0028,-0.0025,-11.19,-33.56,28.94,11.07,-81.25,-150.12
52.38478,-1.567542,146.78,9.57,4,157.17,19 / 21,4479109,2019-09-06 20:34:44:852,0.2238,-0.1353,9.9475,-0.0024,0.0191,9.8065,0.0037,-0.0074,-0.0294,-10.56,-33.19,28.94,10.42,-81.4,-150.57
52.38478,-1.567542,146.78,9.57,4,157.17,19 / 21,4479209,2019-09-06 20:34:44:952,-0.3018,0.2536,9.7875,-0.0005,0.0069,9.8066,0.0403,0.028,0.0284,-10.44,-33.31,28.56,12.18,-81.34,-150.89
52.38478,-1.567542,146.78,9.57,4,157.17,19 / 21,4479310,2019-09-06 20:34:45:053,0.321,-0.0016,9.8939,0.0153,-0.0194,9.8066,-0.0073,-0.0126,-0.0273,-10.81,-34.06,29.06,9.65,-81.21,-151.3
52.38478,-1.567542,146.78,9.57,4,157.17,19 / 21,4479409,2019-09-06 20:34:45:152,0.2419,0.7631,10.116,0.0154,-0.0196,9.8065,-0.0156,-0.0298,-0.0316,-10.06,-33,28.94,9.94,-81.08,-152.8
52.38478,-1.567542,146.78,9.57,4,157.17,19 / 21,4479510,2019-09-06 20:34:45:253,0.0682,0.4952,9.9391,-0.0006,-0.0017,9.8065,0.0114,0.0149,0.0141,-10.37,-33,28.94,9.32,-81.07,-153.31
52.38478,-1.567542,146.78,9.57,4,157.17,19 / 21,4479610,2019-09-06 20:34:45:353,0.3682,-0.3777,10.0711,0.018,-0.0158,9.8066,0.0948,-0.0419,-0.0154,-10.62,-33.31,29.25,6.62,-81.12,-153.77
52.38478,-1.567542,146.78,9.57,4,157.17,19 / 21,4479710,2019-09-06 20:34:45:453,0.3731,-0.3086,9.5498,0.0088,-0.0176,9.8066,-0.092,-0.0147,-0.0497,-10.75,-33.12,28.5,5.11,-81.07,-155.02
52.38478,-1.567542,146.78,9.57,4,157.17,19 / 21,4479810,2019-09-06 20:34:45:553,1.6006,0.0812,9.22,0.0099,-0.0218,9.8065,-0.1227,-0.0435,0.0279,-10.37,-33.5,28.63,7.01,-81.08,-155.21
52.38478,-1.567542,146.78,9.57,4,157.17,19 / 21,4479909,2019-09-06 20:34:45:652,0.6072,1.2646,9.5589,-0.0119,-0.0108,9.8065,0.0544,-0.0413,0.0357,-9.81,-33.19,29.19,7.31,-81.1,-154.96
52.38478,-1.567542,146.78,9.57,4,157.17,19 / 21,4480009,2019-09-06 20:34:45:752,0.6492,0.7034,9.6477,0.0033,-0.0101,9.8066,-0.0109,0.0444,-0.0115,-9.87,-33.19,29.56,8.5,-80.96,-154.56
52.38478,-1.567542,146.78,9.57,4,157.17,19 / 21,4480110,2019-09-06 20:34:45:853,0.4728,-0.5512,9.9282,0.0041,0.0111,9.8066,-0.0152,0.0467,-0.0715,-10.5,-33.37,28.81,8.19,-80.97,-154.27
52.38478,-1.567542,146.78,9.57,4,157.17,19 / 21,4480210,2019-09-06 20:34:45:953,1.0138,0.3494,9.8815,0.0008,-0.003,9.8065,0.024,-0.0312,0.0521,-10.37,-32.94,28.94,7.22,-80.94,-155.06
52.38478,-1.567542,146.78,9.57,4,157.17,19 / 21,4480312,2019-09-06 20:34:46:055,-0.1947,-0.3183,9.5533,-0.0113,-0.0057,9.8065,-0.0543,-0.001,0.0282,-10.12,-32.87,28.75,7.59,-80.81,-154.78
52.38478,-1.567542,146.78,9.57,4,157.17,20 / 21,4480410,2019-09-06 20:34:46:153,0.1854,0.8956,10.2823,-0.0165,-0.0305,9.8065,-0.0835,-0.002,0.0852,-10.31,-32.56,28.69,9.18,-80.56,-153.53
52.38478,-1.567542,146.78,9.57,4,157.17,20 / 21,4480510,2019-09-06 20:34:46:253,0.7536,1.3462,9.9645,-0.0081,0.0076,9.8065,0.0752,0.0351,-0.0164,-10.37,-33.06,28.69,9.74,-80.54,-153.08
52.38478,-1.567542,146.78,9.57,4,157.17,20 / 21,4480609,2019-09-06 20:34:46:352,0.0306,0.067,9.7339,-0.0131,-0.0248,9.8065,-0.0276,-0.0004,0.0978,-10.62,-33,29.19,8.7,-80.25,-152.21
52.38478,-1.567542,146.78,9.57,4,157.17,20 / 21,4480711,2019-09-06 20:34:46:454,-0.2862,0.6723,9.5121,0.0057,0.0193,9.8065,0.0755,0.0416,-0.0633,-10.75,-33.12,29.56,9,-80.26,-152.55
52.38478,-1.567542,146.78,9.57,4,157.17,20 / 21,4480810,2019-09-06 20:34:46:553,0.3509,0.1582,9.7326,-0.0139,0.0283,9.8065,0.0136,-0.0132,0.0599,-11.12,-33.31,29.38,8.59,-80.36,-152.28
52.38478,-1.567542,146.78,9.57,4,157.17,20 / 21,4480910,2019-09-06 20:34:46:653,-0.9025,1.63,9.3915,0.0247,-0.0034,9.8066,-0.0685,0.0592,-0.1201,-10.87,-33.25,28.94,7.5,-80.57,-153.13
52.38478,-1.567542,146.78,9.57,4,157.17,20 / 21,4481010,2019-09-06 20:34:46:753,0.9822,0.1566,9.5206,0.0067,-0.0125,9.8066,0.1699,0.0061,0.0545,-10.81,-32.12,29.25,7.32,-80.7,-153.22
52.38478,-1.567542,146.78,9.57,4,157.17,20 / 21,4481110,2019-09-06 20:34:46:853,0.6052,-0.4936,10.0188,0.0045,0.0137,9.8066,-0.0634,-0.0264,-0.0367,-10.25,-32.69,28.56,9.1,-80.7,-153.56
52.38478,-1.567542,146.78,9.57,4,157.17,20 / 21,4481210,2019-09-06 20:34:46:953,0.7244,0.4888,10.1235,0.0089,0.0117,9.8065,0.0571,0.0064,-0.0281,-10.87,-32.94,28.56,6.08,-80.85,-154.25
52.38478,-1.567542,146.78,9.57,4,157.17,20 / 21,4481310,2019-09-06 20:34:47:053,0.0657,0.5474,10.3551,0.0025,0.0065,9.8066,-0.0083,0.0027,-0.0338,-10.56,-32.75,28.94,5.53,-80.91,-154.7
52.38478,-1.567542,146.78,9.57,4,157.17,20 / 21,4481410,2019-09-06 20:34:47:153,0.1933,1.4506,9.5712,0.0064,0.0102,9.8066,0.0131,-0.0049,0.04,-9.81,-32.75,28.56,7.08,-80.95,-155.18
52.38478,-1.567542,146.78,9.57,4,157.17,20 / 21,4481510,2019-09-06 20:34:47:253,-0.351,1.5308,9.5452,-0.0123,0.0316,9.8066,0.023,0.061,-0.015,-10.44,-33.31,28.38,6.11,-81.03,-155.37
52.38478,-1.567542,146.78,9.57,4,157.17,20 / 21,4481609,2019-09-06 20:34:47:352,-0.3056,1.1836,10.3587,-0.0182,0.0261,9.8065,0.0413,-0.0312,0.0124,-10.81,-33.5,28.94,5.73,-81.27,-154.49
52.38478,-1.567542,146.78,9.57,4,157.17,20 / 21,4481710,2019-09-06 20:34:47:453,-0.0707,0.8856,10.0607,-0.0003,0.0091,9.8066,0.0414,-0.0239,-0.0363,-11.19,-33.5,28.63,5.98,-81.19,-154.29
52.38478,-1.567542,146.78,9.57,4,157.17,20 / 21,4481810,2019-09-06 20:34:47:553,1.1454,0.6477,9.5634,0.0101,0.0023,9.8066,0.038,0.0459,-0.0143,-11.62,-32.94,28.75,2.91,-81.17,-155.12
52.38478,-1.567542,146.78,9.57,4,157.17,20 / 21,4481909,2019-09-06 20:34:47:652,0.5952,1.5099,9.4845,0.007,0.0159,9.8065,-0.008,0.0566,-0.0282,-10.87,-33.62,27.63,3.1,-81.23,-156.02
52.38478,-1.567542,146.78,9.57,4,157.17,20 / 21,4482010,2019-09-06 20:34:47:753,1.0301,0.7062,9.4003,0.001,0.0214,9.8065,-0.0945,0.0331,0.0045,-10.75,-33.94,28.63,3.28,-81.36,-156.52
52.38478,-1.567542,146.78,9.57,4,157.17,20 / 21,4482110,2019-09-06 20:34:47:853,-0.0804,2.3796,9.7653,0.0161,0.0165,9.8065,-0.0688,0.039,-0.0213,-10.87,-33.56,28.19,2.2,-81.52,-156.74
52.38478,-1.567542,146.78,9.57,4,157.17,20 / 21,4482209,2019-09-06 20:34:47:952,0.6921,1.7451,10.4621,0.0086,-0.0127,9.8066,-0.0515,0.054,-0.0658,-11.06,-34,28.63,1.38,-81.68,-158.08
52.38478,-1.567542,146.78,9.57,4,157.17,20 / 21,4482309,2019-09-06 20:34:48:052,0.9991,-0.2202,10.2008,0.0164,0.0022,9.8066,0.1558,0.0377,0.0093,-11.31,-33.81,28.13,358.68,-81.64,-159.64
52.38478,-1.567542,146.78,9.57,4,157.17,20 / 21,4482410,2019-09-06 20:34:48:153,1.2811,0.9413,10.3826,0.0143,-0.0111,9.8066,-0.0375,0.03,0.0208,-11.37,-33.69,29.19,358.5,-81.47,-160.47
52.38478,-1.567542,146.78,9.57,4,157.17,20 / 21,4482509,2019-09-06 20:34:48:252,0.8337,1.0769,9.8863,0.0064,-0.0145,9.8066,-0.0963,0.06,-0.0457,-11.31,-33.69,29.06,357.45,-81.2,-161.32
52.38478,-1.567542,146.78,9.57,4,157.17,20 / 21,4482610,2019-09-06 20:34:48:353,1.1026,1.4792,9.9027,0.0269,-0.0201,9.8065,0.0436,0.122,-0.0504,-11.44,-33.69,28.94,355.95,-81.13,-162.54
52.38478,-1.567542,146.78,9.57,4,157.17,20 / 21,4482710,2019-09-06 20:34:48:453,0.8593,2.5283,9.6703,0.0053,0.0116,9.8066,0.0802,0.1072,-0.0116,-11.56,-33.31,28.69,352.58,-81.12,-163.65
52.38478,-1.567542,146.78,9.57,4,157.17,20 / 21,4482809,2019-09-06 20:34:48:552,1.7897,0.6188,9.5462,-0.0065,0.025,9.8065,-0.1481,0.1061,-0.0372,-11.31,-33.37,28.5,354.13,-81.32,-164.09
52.38478,-1.567542,146.78,9.57,4,157.17,20 / 21,4482910,2019-09-06 20:34:48:653,1.7295,1.085,9.0316,0.0247,-0.0054,9.8066,-0.1344,0.1348,-0.0271,-12.06,-33.5,28.31,350.19,-81.5,-164.94
52.38478,-1.567542,146.78,9.57,4,157.17,20 / 21,4483009,2019-09-06 20:34:48:752,1.1947,1.313,8.9044,0.0109,-0.0125,9.8066,0.037,0.1572,-0.0651,-11.31,-33.81,27.75,351.88,-81.76,-165.28
52.38478,-1.567542,146.78,9.57,4,157.17,20 / 21,4483109,2019-09-06 20:34:48:852,1.6041,1.3062,10.1623,-0.0206,0.0473,9.8064,0.114,0.1417,0.0258,-12.75,-34.81,27.38,347.72,-82.19,-164.53
52.38478,-1.567542,146.78,9.57,4,157.17,20 / 21,4483210,2019-09-06 20:34:48:953,1.9332,1.304,10.0018,-0.0188,0.0212,9.8066,-0.0196,0.1186,0.0374,-12.12,-34.56,27.63,351.38,-82.19,-164
52.38478,-1.567542,146.78,9.57,4,157.17,20 / 21,4483310,2019-09-06 20:34:49:053,1.73,0.9027,9.6582,-0.0062,-0.0257,9.8065,-0.033,0.146,-0.0088,-12.44,-34.87,27.5,352.59,-82.06,-162.97
52.38478,-1.567542,146.78,9.57,4,157.17,20 / 21,4483409,2019-09-06 20:34:49:152,1.5829,2.1997,10.094,0.0077,-0.014,9.8066,0.1109,0.1534,0.0095,-12.87,-34.69,27.44,350.01,-81.79,-162.52
52.38478,-1.567542,146.78,9.57,4,157.17,20 / 21,4483510,2019-09-06 20:34:49:253,1.3853,1.3866,9.7498,-0.0184,0.0249,9.8066,0.0889,0.1513,0.0066,-13,-34.75,27.38,351.24,-81.92,-161.53
52.38478,-1.567542,146.78,9.57,4,157.17,20 / 21,4483609,2019-09-06 20:34:49:352,1.4995,1.6361,9.8188,-0.0017,0.0125,9.8066,-0.0699,0.1615,-0.0358,-12.81,-35,27.19,351.12,-81.94,-161.63
52.38478,-1.567542,146.78,9.57,4,157.17,20 / 21,4483710,2019-09-06 20:34:49:453,2.5495,1.9671,9.1972,0.0106,0.0127,9.8066,-0.0264,0.2152,-0.0585,-13.56,-34,27.06,348.72,-82.13,-162.05
52.38478,-1.567542,146.78,9.57,4,157.17,20 / 21,4483809,2019-09-06 20:34:49:552,1.2209,1.7422,9.4691,-0.0011,0.015,9.8066,-0.0571,0.1891,-0.0533,-14.12,-34.25,26.06,346.85,-82.39,-162.75
52.38478,-1.567542,146.78,9.57,4,157.17,20 / 21,4483909,2019-09-06 20:34:49:652,2.1196,1.5215,9.6856,0.0087,0.0222,9.8065,-0.0188,0.2581,-0.1047,-13.81,-35.31,26.31,346.34,-82.7,-163.22
52.38478,-1.567542,146.78,9.57,4,157.17,20 / 21,4484009,2019-09-06 20:34:49:752,1.9448,2.172,9.9417,0.0033,0.0094,9.8066,0.0219,0.177,-0.0251,-14.25,-34.31,26.19,345.11,-82.81,-164.35
52.38478,-1.567542,146.78,9.57,4,157.17,20 / 21,4484110,2019-09-06 20:34:49:853,1.3728,1.4097,9.991,0.0094,-0.0058,9.8066,-0.0139,0.2054,-0.0545,-14.87,-34.62,26.13,342.43,-82.76,-164.91
52.38478,-1.567542,146.78,9.57,4,157.17,20 / 21,4484209,2019-09-06 20:34:49:952,1.8588,1.4553,9.8411,0.0069,-0.0039,9.8066,0.068,0.147,0,-14.56,-33.62,25.94,341.16,-82.71,-166.06
52.38478,-1.567542,146.78,9.57,4,157.17,20 / 21,4484309,2019-09-06 20:34:50:052,2.3893,0.603,9.4278,0.0043,0.0092,9.8066,-0.0129,0.1523,-0.0522,-15,-34,25.31,340.01,-82.72,-165.98
52.383972,-1.566893,145.62,10.98,3,136.34,20 / 21,4484410,2019-09-06 20:34:50:153,2.1342,1.5622,9.378,0.0004,0.0083,9.8066,-0.0334,0.1539,0.0063,-15.44,-34.06,25.06,339.5,-82.85,-166.47
52.383972,-1.566893,145.62,10.98,3,136.34,20 / 21,4484510,2019-09-06 20:34:50:253,1.6096,1.0874,10.051,-0.0133,0.0105,9.8066,-0.0205,0.1518,-0.001,-15.44,-33.87,24.56,340.62,-83.06,-165.6
52.383972,-1.566893,145.62,10.98,3,136.34,20 / 21,4484609,2019-09-06 20:34:50:352,1.7089,1.2678,9.968,-0.0026,-0.0123,9.8065,0.023,0.1794,0.0173,-16.12,-34.12,24.63,340.02,-82.98,-164.47
52.383972,-1.566893,145.62,10.98,3,136.34,20 / 21,4484710,2019-09-06 20:34:50:453,1.7583,-0.2556,10.0773,-0.01,-0.0032,9.8066,-0.0398,0.0827,0.0228,-16.06,-34.19,24.75,340.46,-82.92,-164.08
52.383972,-1.566893,145.62,10.98,3,136.34,20 / 21,4484810,2019-09-06 20:34:50:553,0.3118,-0.2347,9.9424,0.0123,-0.0332,9.8065,-0.0719,0.0649,0.0116,-16.94,-33.62,24.81,339.96,-82.74,-162.88
52.383972,-1.566893,145.62,10.98,3,136.34,20 / 21,4484910,2019-09-06 20:34:50:653,0.0743,0.0713,9.6903,0.0111,-0.0177,9.8066,0.0311,0.0326,0.0296,-16.5,-33.37,24.56,341.82,-82.51,-162.82
52.383972,-1.566893,145.62,10.98,3,136.34,20 / 21,4485010,2019-09-06 20:34:50:753,1.8051,1.0144,9.7765,-0.0077,0.0229,9.8066,0.0331,0.0639,-0.0584,-16.87,-33.62,24.69,339.62,-82.73,-163.16
52.383972,-1.566893,145.62,10.98,3,136.34,20 / 21,4485110,2019-09-06 20:34:50:853,0.7395,0.0723,9.9053,-0.0018,0.0032,9.8065,0.009,0.0421,0.0177,-17,-34,24.31,337.99,-82.72,-163.38
52.383972,-1.566893,145.62,10.98,3,136.34,20 / 21,4485210,2019-09-06 20:34:50:953,1.3203,0.0385,9.5772,0.0154,0.0038,9.8066,0.0807,0.0819,0.0005,-16.12,-33.69,24.38,338.67,-82.7,-164.36
52.383972,-1.566893,145.62,10.98,3,136.34,20 / 21,4485310,2019-09-06 20:34:51:053,-0.5147,0.7973,9.4809,0.0156,-0.0079,9.8066,0.0628,0.1323,-0.08,-16.56,-33.62,24.56,337.07,-82.6,-165.3
52.383972,-1.566893,145.62,10.98,3,136.34,19 / 21,4485409,2019-09-06 20:34:51:152,0.2061,-0.483,9.749,-0.0086,0.037,9.8065,0.0569,-0.0605,0.0529,-16.25,-33.62,24.44,336.61,-82.84,-166.19
52.383972,-1.566893,145.62,10.98,3,136.34,19 / 21,4485510,2019-09-06 20:34:51:253,1.1084,1.3107,9.5116,0.008,0.0228,9.8066,-0.0129,0.0179,0.0138,-17,-33.94,23.81,333.94,-82.86,-166.95
52.383972,-1.566893,145.62,10.98,3,136.34,19 / 21,4485609,2019-09-06 20:34:51:352,0.1898,0.1556,9.9739,-0.0284,0.0327,9.8065,0.1198,0.0584,-0.0922,-16.94,-34.12,24.13,332.39,-83.14,-168.46
52.383972,-1.566893,145.62,10.98,3,136.34,19 / 21,4485710,2019-09-06 20:34:51:453,1.4123,0.3985,10.1584,-0.0099,0.0519,9.8065,-0.0869,-0.0094,0.0779,-16.56,-33.62,24.13,330.61,-83.19,-170.05
52.383972,-1.566893,145.62,10.98,3,136.34,19 / 21,4485809,2019-09-06 20:34:51:552,1.0147,0.2115,10.5516,0.0228,-0.0399,9.8065,-0.1308,0.0634,-0.0454,-16.31,-33.25,24.31,332.93,-83.17,-169.66
52.383972,-1.566893,145.62,10.98,3,136.34,19 / 21,4485910,2019-09-06 20:34:51:653,-0.046,-1.5555,10.2354,0.006,-0.0006,9.8066,0.0362,0.147,-0.0441,-16.81,-33.69,24,330.72,-82.96,-169.81
52.383972,-1.566893,145.62,10.98,3,136.34,19 / 21,4486009,2019-09-06 20:34:51:752,0.5658,-0.44,9.9348,0.0282,-0.0173,9.8065,0.0279,-0.0545,0.0793,-17.12,-33,24.13,329.92,-82.75,-170.5
52.383972,-1.566893,145.62,10.98,3,136.34,19 / 21,4486109,2019-09-06 20:34:51:852,2.1068,1.3284,9.4038,-0.0079,-0.0103,9.8066,0.0838,0.0525,0.039,-16.69,-33.12,23.5,331.33,-82.77,-169.27
52.383972,-1.566893,145.62,10.98,3,136.34,19 / 21,4486210,2019-09-06 20:34:51:953,-0.3946,0.5421,10.6224,-0.0432,0.0343,9.8064,-0.0527,0.0624,-0.044,-16.94,-34,23.44,329.75,-83.19,-169.52
52.383972,-1.566893,145.62,10.98,3,136.34,19 / 21,4486310,2019-09-06 20:34:52:053,0.6533,0.7085,10.018,0.0346,-0.0132,9.8065,0.1797,-0.0241,-0.0119,-16.25,-33.37,23.69,332.02,-83.39,-170.59
52.383972,-1.566893,145.62,10.98,3,136.34,20 / 21,4486409,2019-09-06 20:34:52:152,0.2069,0.3848,9.5174,0.0048,0.0129,9.8066,0.1193,0.0191,-0.0596,-16.81,-33.87,23.81,328.49,-83.27,-171.95
52.383972,-1.566893,145.62,10.98,3,136.34,20 / 21,4486510,2019-09-06 20:34:52:253,-0.305,-0.1266,9.6757,0.0024,0.0093,9.8065,-0.1121,0.0302,-0.0157,-16.31,-34.06,24.06,328.41,-83.33,-173.61
52.383972,-1.566893,145.62,10.98,3,136.34,20 / 21,4486610,2019-09-06 20:34:52:353,0.2516,0.8961,9.1297,0.0157,-0.0034,9.8066,-0.1177,0.069,-0.0199,-16.87,-34.37,23.44,323.26,-83.19,-175.22
52.383972,-1.566893,145.62,10.98,3,136.34,20 / 21,4486709,2019-09-06 20:34:52:452,0.2544,0.1507,9.6023,0.0205,-0.016,9.8065,0.0765,-0.016,-0.0233,-16.19,-34.12,23.63,325.38,-83.15,-176.15
52.383972,-1.566893,145.62,10.98,3,136.34,20 / 21,4486809,2019-09-06 20:34:52:552,0.951,0.3028,10.1337,-0.0172,0.0268,9.8065,0.0872,0.0329,-0.0065,-16.69,-33.25,23.88,323.39,-83.2,-176.55
52.383972,-1.566893,145.62,10.98,3,136.34,20 / 21,4486909,2019-09-06 20:34:52:652,0.4434,-0.3301,10.0504,-0.0094,0.0117,9.8066,-0.0754,-0.002,-0.0487,-16.5,-33.37,23.38,323.13,-83.34,-177.15
52.383972,-1.566893,145.62,10.98,3,136.34,20 / 21,4487010,2019-09-06 20:34:52:753,-0.076,0.0321,10.2749,0.0395,-0.0271,9.8064,-0.0238,-0.0215,0.0513,-16.87,-34,23.44,319.02,-83.06,-178.88
52.383972,-1.566893,145.62,10.98,3,136.34,20 / 21,4487109,2019-09-06 20:34:52:852,0.3815,1.3401,9.4711,0.0264,-0.0265,9.8065,0.0421,-0.0464,0.0319,-15.81,-34.12,23.31,320.48,-83.03,-179.09
52.383972,-1.566893,145.62,10.98,3,136.34,20 / 21,4487210,2019-09-06 20:34:52:953,-0.1369,0.4773,10.1418,-0.0191,0.0126,9.8066,0.0002,0.0554,-0.0052,-16.87,-34.81,23.38,319.68,-83.1,-178.17
52.383972,-1.566893,145.62,10.98,3,136.34,20 / 21,4487309,2019-09-06 20:34:53:052,0.6864,-0.5908,10.1381,-0.0169,0.0214,9.8066,0.0189,-0.0397,0.0843,-16.75,-34.06,24.06,320.99,-83.14,-178.5
52.383972,-1.566893,145.62,10.98,3,136.34,20 / 21,4487410,2019-09-06 20:34:53:153,-0.3676,-0.4706,9.9486,0.0138,0.0029,9.8066,0.0335,-0.0182,0.0015,-16.75,-33.87,24.06,321.54,-83.06,-177.94
52.383972,-1.566893,145.62,10.98,3,136.34,20 / 21,4487510,2019-09-06 20:34:53:253,-0.3045,0.7065,9.9455,0.0135,0.0013,9.8065,-0.0042,-0.0067,-0.0339,-16.81,-34.19,23.69,319.57,-83.02,-179.67
52.383972,-1.566893,145.62,10.98,3,136.34,20 / 21,4487610,2019-09-06 20:34:53:353,0.896,0.5872,9.5163,0.0052,-0.0019,9.8066,-0.0463,0.0234,-0.0472,-16.19,-34.12,23.88,321.03,-82.95,-179.83
52.383972,-1.566893,145.62,10.98,3,136.34,20 / 21,4487709,2019-09-06 20:34:53:452,0.1987,0.2621,9.7488,0.0029,0.0161,9.8066,0.008,-0.01,0.0351,-16.44,-34.25,23.38,318.98,-83.06,179.55
52.383972,-1.566893,145.62,10.98,3,136.34,20 / 21,4487810,2019-09-06 20:34:53:553,-0.0988,1.1375,10.579,0.0104,-0.0128,9.8066,-0.0318,0.0528,-0.0614,-16.56,-34.31,24.44,317.92,-83.06,178.82
52.383972,-1.566893,145.62,10.98,3,136.34,20 / 21,4487910,2019-09-06 20:34:53:653,0.0469,0.8389,9.9891,0.0098,0.0207,9.8066,0.1767,-0.0365,-0.0004,-16.31,-33.81,24,318.63,-83.07,177.94
52.383972,-1.566893,145.62,10.98,3,136.34,20 / 21,4488009,2019-09-06 20:34:53:752,-0.4673,0.5546,9.897,-0.0149,0.0296,9.8066,0.1662,0.0182,-0.0492,-16.25,-34.12,23.94,316.72,-82.8,176.47
52.383972,-1.566893,145.62,10.98,3,136.34,20 / 21,4488110,2019-09-06 20:34:53:853,-0.3853,0.4724,9.8187,-0.0166,0.0418,9.8065,-0.0501,-0.0061,-0.067,-16.75,-33.87,23.38,311.71,-82.91,174.72
52.383972,-1.566893,145.62,10.98,3,136.34,20 / 21,4488210,2019-09-06 20:34:53:953,-0.2795,0.7658,9.6671,0.021,0.0059,9.8066,-0.1041,-0.0226,-0.0007,-16.62,-33.62,23.63,310.86,-82.73,172.78
52.383972,-1.566893,145.62,10.98,3,136.34,20 / 21,4488310,2019-09-06 20:34:54:053,-0.5602,0.0857,9.8668,0.001,0.0045,9.8066,0.0363,0.0158,-0.002,-15.69,-33.75,23.81,312.03,-82.85,172.23
52.383972,-1.566893,145.62,10.98,3,136.34,20 / 21,4488409,2019-09-06 20:34:54:152,-0.1494,-0.1684,9.5792,-0.0029,0.0195,9.8066,0.0426,-0.0484,0.0245,-15.81,-33.5,23.31,308.94,-83.06,170.35
52.383972,-1.566893,145.62,10.98,3,136.34,20 / 21,4488510,2019-09-06 20:34:54:253,-1.5036,0.8224,10.2027,0.0191,-0.0143,9.8066,0.0472,-0.0302,-0.0743,-16.25,-33.5,23.69,310.12,-82.85,170.31
52.383972,-1.566893,145.62,10.98,3,136.34,20 / 21,4488610,2019-09-06 20:34:54:353,0.0688,0.9395,9.0102,0.0095,0.0091,9.8065,-0.0368,-0.0283,0.0256,-15.69,-33.81,24.06,308.03,-82.59,168.87
52.383972,-1.566893,145.62,10.98,3,136.34,20 / 21,4488710,2019-09-06 20:34:54:453,-0.0024,-0.2401,8.9599,0.0005,-0.0092,9.8066,0.0587,-0.0361,0.0151,-15.62,-33.69,24.06,307.62,-82.36,168.72
52.383972,-1.566893,145.62,10.98,3,136.34,20 / 21,4488809,2019-09-06 20:34:54:552,-1.4933,-0.1201,9.2812,-0.0545,0.0361,9.8064,0.0013,-0.0353,0.0064,-15.94,-33.81,23.56,308.15,-82.75,168.81
52.383972,-1.566893,145.62,10.98,3,136.34,20 / 21,4488909,2019-09-06 20:34:54:652,0.4681,-0.5729,9.5957,-0.042,0.05,9.8063,-0.1469,0.0094,-0.0007,-15.81,-33.44,23.19,306.36,-83.14,167.91
52.383972,-1.566893,145.62,10.98,3,136.34,20 / 21,4489009,2019-09-06 20:34:54:752,-0.9243,0.0309,9.2556,0.028,-0.0327,9.8065,-0.109,-0.0069,0.0847,-15.56,-34.06,23.25,306.75,-83.21,168.4
52.383972,-1.566893,145.62,10.98,3,136.34,20 / 21,4489109,2019-09-06 20:34:54:852,-0.6708,0.3106,9.7546,0.0475,-0.0393,9.8063,0.1555,-0.0144,-0.042,-16,-33.62,23.31,307.02,-83.18,168.68
52.383972,-1.566893,145.62,10.98,3,136.34,20 / 21,4489210,2019-09-06 20:34:54:953,-0.8912,-0.4978,9.9301,-0.0109,0.0255,9.8065,0.1591,-0.0894,0.0183,-15.87,-33.44,23.63,309.21,-83.04,169.3
52.383972,-1.566893,145.62,10.98,3,136.34,20 / 21,4489310,2019-09-06 20:34:55:053,-0.8905,-1.4991,10.4046,-0.0197,0.0083,9.8065,-0.0327,0.02,-0.0783,-16.25,-33.37,23.56,309.27,-83.06,169.33
52.383972,-1.566893,145.62,10.98,3,136.34,20 / 22,4489409,2019-09-06 20:34:55:152,0.5386,0.6762,10.2207,0.0161,-0.0007,9.8066,0.0323,0.0117,0.0295,-16.37,-33.56,23.63,306.1,-82.83,166.86
52.383972,-1.566893,145.62,10.98,3,136.34,20 / 22,4489510,2019-09-06 20:34:55:253,0.0156,-0.9591,10.485,-0.0115,0.012,9.8066,-0.1445,-0.0285,0.0445,-16.75,-33.31,23.25,303.53,-83,166.96
52.383972,-1.566893,145.62,10.98,3,136.34,20 / 22,4489610,2019-09-06 20:34:55:353,-0.9068,0.4086,9.5917,0.0199,-0.042,9.8065,-0.1564,0.0025,-0.0322,-14.75,-33.69,22.94,307.11,-83.01,167.37
52.383972,-1.566893,145.62,10.98,3,136.34,20 / 22,4489709,2019-09-06 20:34:55:452,0.095,-0.0529,9.3896,0.0451,-0.0214,9.8065,0.0916,-0.0623,-0.0185,-15.12,-33.19,23.63,308.52,-82.72,167.42
52.383972,-1.566893,145.62,10.98,3,136.34,20 / 22,4489810,2019-09-06 20:34:55:553,-1.3634,-0.997,9.2147,-0.0168,0.0285,9.8065,-0.0313,-0.0065,-0.0233,-15.31,-34.25,23.63,307.06,-82.85,166.16
52.383972,-1.566893,145.62,10.98,3,136.34,20 / 22,4489910,2019-09-06 20:34:55:653,-0.1185,-0.6229,10.1711,-0.0212,0.0183,9.8065,0.0254,-0.0034,-0.054,-15.75,-33.75,23.5,304.53,-83,165.25
52.383972,-1.566893,145.62,10.98,3,136.34,20 / 22,4490010,2019-09-06 20:34:55:753,-0.3573,-0.8529,10.2736,-0.0026,0.014,9.8066,0.1269,-0.1102,0.0979,-16,-34.19,23.31,302.52,-83.15,164.58
52.383972,-1.566893,145.62,10.98,3,136.34,20 / 22,4490112,2019-09-06 20:34:55:855,-0.4966,0.1003,10.3566,0.0123,-0.0177,9.8066,-0.1404,-0.0215,0.0272,-15.56,-34.44,23.75,305.33,-83.23,165.74
52.383972,-1.566893,145.62,10.98,3,136.34,20 / 22,4490210,2019-09-06 20:34:55:953,-0.2648,0.4414,10.1594,0.0076,-0.0114,9.8065,0.0265,0.0169,-0.0002,-16.37,-34.19,23.5,305.4,-83.14,165.9
52.383972,-1.566893,145.62,10.98,3,136.34,20 / 22,4490309,2019-09-06 20:34:56:052,-0.3401,-0.8026,9.6309,0.0024,-0.0051,9.8066,-0.0048,-0.0599,0.0298,-16.12,-34.06,23.81,305.91,-82.87,166.65
52.383972,-1.566893,145.62,10.98,3,136.34,20 / 23,4490410,2019-09-06 20:34:56:153,-1.2518,-0.1316,9.8606,0.006,-0.0104,9.8066,-0.0665,-0.0234,0.0239,-15.81,-33.19,23.81,306.84,-82.61,167.56
52.383972,-1.566893,145.62,10.98,3,136.34,20 / 23,4490510,2019-09-06 20:34:56:253,-0.4717,-0.093,9.5212,-0.0215,0.0217,9.8066,0.1398,-0.0272,0.0066,-15.5,-33.12,23.31,307.31,-82.56,167.8
52.383972,-1.566893,145.62,10.98,3,136.34,20 / 23,4490609,2019-09-06 20:34:56:352,0.335,-0.4639,9.462,-0.0082,0.0121,9.8066,0.0603,-0.018,0.0463,-15.5,-33.12,24.56,310.34,-82.54,168
52.383972,-1.566893,145.62,10.98,3,136.34,20 / 23,4490710,2019-09-06 20:34:56:453,-0.939,-0.954,8.9883,-0.0089,-0.0042,9.8066,-0.1497,0.0215,-0.0258,-15.69,-33.31,25.06,309.02,-82.74,168.16
52.383972,-1.566893,145.62,10.98,3,136.34,20 / 23,4490810,2019-09-06 20:34:56:553,-1.1783,0.577,10.0323,-0.0058,0.0066,9.8066,-0.0828,-0.0993,0.0189,-15.94,-34,24.81,309.56,-82.91,168.69
52.383972,-1.566893,145.62,10.98,3,136.34,20 / 23,4490910,2019-09-06 20:34:56:653,-0.9755,-0.2374,9.8303,-0.015,0.0242,9.8065,-0.0638,-0.0502,0.0461,-16.56,-34.06,23.88,306.08,-83.18,167.98
52.383972,-1.566893,145.62,10.98,3,136.34,20 / 23,4491009,2019-09-06 20:34:56:752,-1.3334,0.1335,10.2631,0.0014,-0.0146,9.8066,-0.0425,-0.0384,-0.0359,-16.12,-34,24.19,307.77,-83.21,168
52.383972,-1.566893,145.62,10.98,3,136.34,20 / 23,4491109,2019-09-06 20:34:56:852,0.0564,0.6276,10.4899,0.0109,0.008,9.8066,0.0366,-0.1188,0.0051,-15.44,-34.19,23.88,308.29,-83.18,166.95
52.383972,-1.566893,145.62,10.98,3,136.34,20 / 23,4491209,2019-09-06 20:34:56:952,1.4187,-1.4592,8.2934,0.1092,-0.0877,9.8056,-0.0629,-0.0956,0.0119,-15.5,-33.19,25,307.86,-83.11,165.21
52.383972,-1.566893,145.62,10.98,3,136.34,20 / 23,4491310,2019-09-06 20:34:57:053,-2.347,-0.613,9.1563,0.1012,-0.1149,9.8054,-0.4258,-0.0102,-0.0756,-15.44,-34.56,24.88,306.11,-82.33,164.8
52.383972,-1.566893,145.62,10.98,3,136.34,20 / 21,4491410,2019-09-06 20:34:57:153,-2.1651,1.2399,8.134,0.0461,-0.046,9.8064,-0.7095,-0.0519,-0.001,-15.37,-33.81,25.06,304.17,-82.38,162.77
52.383972,-1.566893,145.62,10.98,3,136.34,20 / 21,4491510,2019-09-06 20:34:57:253,0.8788,0.1226,9.2247,-0.0622,0.0879,9.806,0.2316,-0.1809,0.1474,-15.31,-34.56,24.5,303.65,-82.95,161.89
52.383972,-1.566893,145.62,10.98,3,136.34,20 / 21,4491609,2019-09-06 20:34:57:352,-0.198,0.2916,9.0697,-0.0619,0.0855,9.806,0.191,-0.0833,0.0375,-15.19,-34.12,24.75,301.64,-83.85,158.89
52.383972,-1.566893,145.62,10.98,3,136.34,20 / 21,4491709,2019-09-06 20:34:57:452,0.197,0.6497,9.3184,-0.0452,0.0426,9.8064,0.0179,-0.1386,-0.003,-15.5,-33.5,24.31,301.61,-83.96,159.77
52.383972,-1.566893,145.62,10.98,3,136.34,20 / 21,4491809,2019-09-06 20:34:57:552,-0.6123,0.5279,10.4194,0.0067,-0.0021,9.8066,0.0389,-0.0428,-0.0497,-14.62,-34.37,24.69,302.02,-83.74,159.36
52.383972,-1.566893,145.62,10.98,3,136.34,20 / 21,4491910,2019-09-06 20:34:57:653,-1.2883,1.2921,11.1318,-0.0039,0.0045,9.8066,0.2025,-0.1115,0.0051,-14.5,-33.62,24.88,303.64,-83.59,159.42
52.383972,-1.566893,145.62,10.98,3,136.34,20 / 21,4492010,2019-09-06 20:34:57:753,2.2833,-3.8689,7.3747,0.0288,-0.0279,9.8065,-0.3741,-0.1169,0.0756,-14.5,-34.19,24.81,304.62,-83.17,160.76
52.383972,-1.566893,145.62,10.98,3,136.34,20 / 21,4492110,2019-09-06 20:34:57:853,-1.7842,2.3725,8.2616,-0.1398,0.1764,9.804,0.4418,-0.0406,-0.0764,-14.37,-33.81,24.75,304.87,-82.78,161.4
52.383972,-1.566893,145.62,10.98,3,136.34,20 / 21,4492209,2019-09-06 20:34:57:952,-2.0694,0.8827,9.6949,-0.0974,0.1386,9.8051,0.1189,-0.1138,0.0227,-14.25,-33.56,24.94,301.58,-84.09,156.96
52.383972,-1.566893,145.62,10.98,3,136.34,20 / 21,4492309,2019-09-06 20:34:58:052,2.0936,-0.028,10.1681,-0.067,0.0626,9.8061,-0.0144,-0.1877,0.1155,-14.56,-34.19,25.31,300.74,-84.07,157.8
52.383972,-1.566893,145.62,10.98,3,136.34,18 / 22,4492410,2019-09-06 20:34:58:153,-0.2909,0.0667,8.8944,0.0377,-0.0456,9.8064,-0.0021,-0.0341,-0.0195,-13.87,-32.81,25.44,302.08,-83.76,157.6
52.383972,-1.566893,145.62,10.98,3,136.34,18 / 22,4492509,2019-09-06 20:34:58:252,-1.9347,-0.1952,10.2425,-0.0028,-0.0152,9.8066,-0.1289,-0.0755,0.0034,-13.5,-33.94,25.13,304.64,-83.6,158.66
52.383972,-1.566893,145.62,10.98,3,136.34,18 / 22,4492609,2019-09-06 20:34:58:352,-0.9784,2.0106,10.6349,0.0152,0.0184,9.8066,-0.1914,-0.1336,-0.0689,-13.75,-32.94,25.5,303.02,-83.52,157.59
52.383972,-1.566893,145.62,10.98,3,136.34,18 / 22,4492709,2019-09-06 20:34:58:452,-1.4134,-0.3036,10.0675,0.0182,-0.0642,9.8064,0.179,-0.0744,0.0434,-13.31,-33.31,25.31,302.41,-83.31,156.71
52.383972,-1.566893,145.62,10.98,3,136.34,18 / 22,4492810,2019-09-06 20:34:58:553,-1.2375,-0.6377,9.8852,0.0114,-0.0339,9.8065,0.0411,-0.073,0.0164,-13.25,-32.94,26.56,308.79,-82.53,161.18
52.383972,-1.566893,145.62,10.98,3,136.34,18 / 22,4492910,2019-09-06 20:34:58:653,0.562,0.0757,10.1145,0.0011,0.0009,9.8066,-0.1507,-0.1222,0.0577,-13.44,-32.62,26.69,309.54,-82.58,161.81
52.383972,-1.566893,145.62,10.98,3,136.34,18 / 22,4493010,2019-09-06 20:34:58:753,-0.7828,-0.2861,9.6655,-0.019,-0.0101,9.8066,-0.1173,-0.0514,0.0041,-13.69,-33.44,26.38,306.78,-82.97,161.6
52.383972,-1.566893,145.62,10.98,3,136.34,18 / 22,4493110,2019-09-06 20:34:58:853,-2.1526,0.7818,9.4208,0.0075,-0.0073,9.8066,-0.0255,-0.0585,-0.0245,-13.75,-32.87,26.63,309.02,-83.3,162.28
52.383972,-1.566893,145.62,10.98,3,136.34,18 / 22,4493210,2019-09-06 20:34:58:953,-1.4347,0.9444,9.5044,0.0039,0.0132,9.8066,-0.0431,-0.0912,0.0056,-13.12,-33.81,25.81,308.86,-83.32,161.72
52.383972,-1.566893,145.62,10.98,3,136.34,18 / 22,4493310,2019-09-06 20:34:59:053,-0.2596,0.827,8.9723,0.0041,-0.0004,9.8066,0.0102,-0.022,0.0234,-13.25,-33.44,26.5,309.82,-83.18,161.52
52.3834,-1.565771,144.74,9.86,4,139.79,19 / 21,4493409,2019-09-06 20:34:59:152,-2.2278,0.3062,9.3972,-0.0047,-0.0416,9.8065,0.0872,-0.0382,0.0346,-13.31,-33.12,27,311.53,-83.04,163.21
52.3834,-1.565771,144.74,9.86,4,139.79,19 / 21,4493509,2019-09-06 20:34:59:252,0.2995,0.5722,9.5685,-0.0188,0.0301,9.8066,0.0564,-0.0406,-0.0319,-12.69,-32.94,26.81,310.78,-83.41,162.19
52.3834,-1.565771,144.74,9.86,4,139.79,19 / 21,4493610,2019-09-06 20:34:59:353,-2.1086,-0.2235,10.2462,-0.0118,0.0057,9.8066,-0.0824,-0.0117,-0.0405,-12.75,-33.75,26.5,310.94,-83.62,162.31
52.3834,-1.565771,144.74,9.86,4,139.79,19 / 21,4493709,2019-09-06 20:34:59:452,-0.3822,0.6935,9.6322,0.0225,0.0061,9.8066,0.0063,-0.0523,-0.0013,-12.44,-33.87,26.69,312.41,-83.71,161.9
52.3834,-1.565771,144.74,9.86,4,139.79,19 / 21,4493809,2019-09-06 20:34:59:552,-0.9105,0.5398,8.9239,0.0102,-0.0332,9.8066,0.1293,-0.0504,0.0072,-12.94,-33.81,26.75,309.74,-83.47,161.35
52.3834,-1.565771,144.74,9.86,4,139.79,19 / 21,4493910,2019-09-06 20:34:59:653,-1.4085,-0.1612,9.4746,-0.0221,0.0144,9.8065,0.0634,-0.1599,0.0353,-12.44,-33.25,27.5,314.58,-83.48,163
52.3834,-1.565771,144.74,9.86,4,139.79,19 / 21,4494010,2019-09-06 20:34:59:753,0.8856,-1.5774,10.1809,-0.0137,0.0666,9.8063,-0.0076,0.0168,-0.0441,-12,-33.56,26.81,311.75,-83.51,161.48
52.3834,-1.565771,144.74,9.86,4,139.79,19 / 21,4494110,2019-09-06 20:34:59:853,0.0634,-0.7109,9.7166,0.001,-0.0081,9.8066,0.1488,-0.0984,0.0716,-11.75,-33.31,26.81,311.17,-83.52,160.78
52.3834,-1.565771,144.74,9.86,4,139.79,19 / 21,4494209,2019-09-06 20:34:59:952,-0.6211,-1.6723,10.5149,-0.0122,-0.0063,9.8066,-0.1223,-0.0215,-0.031,-12.31,-33.25,27.13,312.85,-83.58,162.26
52.3834,-1.565771,144.74,9.86,4,139.79,19 / 21,4494310,2019-09-06 20:35:00:053,0.8532,0.4089,10.2185,0.0144,-0.0265,9.8065,-0.0218,-0.1142,0.0758,-12.25,-33.25,26.94,313.79,-83.74,162.98
52.3834,-1.565771,144.74,9.86,4,139.79,19 / 21,4494409,2019-09-06 20:35:00:152,-0.4417,0.7404,9.9693,0.0083,-0.0277,9.8065,0.0099,0.0019,0.0233,-12.5,-33.5,26.94,315.61,-83.63,164.74
52.3834,-1.565771,144.74,9.86,4,139.79,19 / 21,4494509,2019-09-06 20:35:00:252,-0.3963,0.446,9.8249,-0.0126,-0.0006,9.8066,0.0491,-0.0323,0.0346,-12.19,-33.12,27.25,317.08,-83.72,166
52.3834,-1.565771,144.74,9.86,4,139.79,19 / 21,4494610,2019-09-06 20:35:00:353,-0.6744,-0.0241,9.9217,-0.0105,-0.0046,9.8066,0.0039,-0.0472,0.0414,-12.19,-33.87,27.13,318.64,-83.58,167.68
52.3834,-1.565771,144.74,9.86,4,139.79,19 / 21,4494709,2019-09-06 20:35:00:452,-1.5073,-0.1802,9.0783,-0.0064,0.0023,9.8066,-0.0806,-0.0584,-0.0354,-12.62,-33.37,27.13,318.48,-83.56,169.08
52.3834,-1.565771,144.74,9.86,4,139.79,19 / 21,4494809,2019-09-06 20:35:00:552,-1.9611,2.3695,10.7271,0.0104,0.0074,9.8066,0.4037,0.1125,-0.1042,-12,-34,26.5,318.49,-83.66,167.47
52.3834,-1.565771,144.74,9.86,4,139.79,19 / 21,4494910,2019-09-06 20:35:00:653,-0.1623,3.8415,11.5654,-0.106,0.0794,9.8057,0.5777,0.1773,-0.1106,-12.19,-33.31,27,319.97,-84.41,168.08
52.3834,-1.565771,144.74,9.86,4,139.79,19 / 21,4495010,2019-09-06 20:35:00:753,1.1273,-1.1138,10.6463,-0.0811,0.1498,9.8051,-0.0991,0.1691,0.0052,-12.37,-33.37,27.69,322.34,-84.45,169.34
52.3834,-1.565771,144.74,9.86,4,139.79,19 / 21,4495110,2019-09-06 20:35:00:853,3.0747,-2.0379,11.1523,0.0537,-0.095,9.806,0.1005,0.1818,-0.0857,-12.56,-33.25,27.13,322.03,-83.45,172.36
52.3834,-1.565771,144.74,9.86,4,139.79,19 / 21,4495210,2019-09-06 20:35:00:953,0.2753,-0.1938,10.3087,-0.0218,-0.006,9.8066,-0.2157,0.0145,-0.0052,-12.06,-33.81,27.44,324.38,-83.69,172.74
52.3834,-1.565771,144.74,9.86,4,139.79,19 / 21,4495310,2019-09-06 20:35:01:053,1.9444,2.2778,11.0133,-0.0161,0.0014,9.8066,-0.0413,0.1532,-0.0459,-12.06,-33.87,26.88,323.09,-83.79,171.51
52.3834,-1.565771,144.74,9.86,4,139.79,19 / 21,4495409,2019-09-06 20:35:01:152,1.7712,0.2775,10.8052,-0.0699,0.0323,9.8063,-0.0344,-0.1894,0.1732,-12.62,-33.75,27.75,325.43,-84.06,174.19
52.3834,-1.565771,144.74,9.86,4,139.79,19 / 21,4495510,2019-09-06 20:35:01:253,-1.7457,-1.3196,10.605,0.0282,-0.0713,9.8063,0.1485,0.0622,-0.1011,-12.5,-33.37,27.25,329.43,-83.63,177.17
52.3834,-1.565771,144.74,9.86,4,139.79,19 / 21,4495610,2019-09-06 20:35:01:353,2.2427,0.5565,9.8658,0.0074,-0.0243,9.8065,-0.1652,-0.0115,0.0173,-12.81,-32.94,27.31,327.15,-83.6,176.85
52.3834,-1.565771,144.74,9.86,4,139.79,19 / 21,4495710,2019-09-06 20:35:01:453,-0.2442,0.3991,9.797,0.0019,-0.0098,9.8065,-0.1268,-0.0939,0.0368,-12.94,-33.44,27.31,328.54,-83.68,178.04
52.3834,-1.565771,144.74,9.86,4,139.79,19 / 21,4495810,2019-09-06 20:35:01:553,-0.5106,0.4547,9.8195,-0.001,-0.0013,9.8066,0.0282,-0.0266,0.0183,-13.06,-33,27.5,330.59,-83.84,178.87
52.3834,-1.565771,144.74,9.86,4,139.79,19 / 21,4495910,2019-09-06 20:35:01:653,-0.4067,0.4059,9.8915,-0.0113,0.0028,9.8066,0.0236,-0.0152,0.0382,-13.37,-33.31,27,330.61,-83.87,179.78
52.3834,-1.565771,144.74,9.86,4,139.79,19 / 21,4496010,2019-09-06 20:35:01:753,-0.4535,-0.1863,9.58,-0.0098,-0.0023,9.8066,-0.0126,0.0244,-0.0131,-12.94,-33.06,26.88,332.15,-83.89,-178.86
52.3834,-1.565771,144.74,9.86,4,139.79,19 / 21,4496109,2019-09-06 20:35:01:852,0.1961,0.16,9.8409,-0.0111,0.0004,9.8065,0.0047,0.0321,-0.0018,-13.37,-33.56,27.06,333.39,-83.88,-177.66
52.3834,-1.565771,144.74,9.86,4,139.79,19 / 21,4496210,2019-09-06 20:35:01:953,0.049,0.2269,10.1886,-0.011,0.007,9.8066,0.0144,0.0236,0.0375,-13.12,-33.5,27,334.47,-83.96,-176.83
52.3834,-1.565771,144.74,9.86,4,139.79,19 / 21,4496310,2019-09-06 20:35:02:053,-0.2677,0.8702,10.1992,-0.0036,0.0029,9.8066,0.0066,0.0242,-0.0107,-13.87,-33.56,26.75,333.16,-84.06,-176.31
52.3834,-1.565771,144.74,9.86,4,139.79,19 / 21,4496409,2019-09-06 20:35:02:152,-0.2568,0.756,10.0713,0.0004,-0.0072,9.8066,0.0117,0.0321,-0.045,-13,-32.81,27.25,335.21,-84.02,-176.2
52.3834,-1.565771,144.74,9.86,4,139.79,19 / 21,4496509,2019-09-06 20:35:02:252,0.0926,0.8312,10.1025,0.0016,-0.0119,9.8066,0.0352,0.0034,0.0313,-13.37,-33.62,27.06,335.2,-83.92,-176.08
52.3834,-1.565771,144.74,9.86,4,139.79,19 / 21,4496609,2019-09-06 20:35:02:352,0.0602,0.8298,10.2897,0.0017,-0.0119,9.8066,0.001,0.0857,-0.0077,-13.62,-33.06,27.31,333.7,-83.74,-175.74
52.3834,-1.565771,144.74,9.86,4,139.79,19 / 21,4496709,2019-09-06 20:35:02:452,0.7326,0.4605,9.7493,0.0044,-0.007,9.8066,0.0681,0.0692,-0.0174,-13.25,-33.06,27.56,336.65,-83.52,-175.57
52.3834,-1.565771,144.74,9.86,4,139.79,19 / 21,4496810,2019-09-06 20:35:02:553,0.5719,0.1208,9.586,0.0004,0.0028,9.8066,0.0086,0.1071,-0.0289,-13.31,-32.87,27.13,335.68,-83.39,-175.48
52.3834,-1.565771,144.74,9.86,4,139.79,19 / 21,4496910,2019-09-06 20:35:02:653,0.8288,0.4967,9.7366,-0.0114,0.0172,9.8066,-0.0106,0.0906,-0.0144,-13.25,-32,26.75,336.06,-83.5,-175.28
52.3834,-1.565771,144.74,9.86,4,139.79,19 / 21,4497010,2019-09-06 20:35:02:753,0.107,1.6834,9.9424,0.0044,0.0123,9.8065,-0.0177,0.1265,-0.049,-13.44,-33.56,27.13,335.24,-83.72,-175.94
52.3834,-1.565771,144.74,9.86,4,139.79,19 / 21,4497110,2019-09-06 20:35:02:853,0.1621,1.3382,10.342,0.0081,-0.006,9.8066,-0.0026,0.1577,-0.0878,-13.19,-33.06,26.31,333.57,-83.8,-176.6
52.3834,-1.565771,144.74,9.86,4,139.79,19 / 21,4497209,2019-09-06 20:35:02:952,0.2103,-0.5673,10.3194,0.0198,-0.0198,9.8065,-0.0472,0.182,0.018,-13.5,-33.81,26.56,332.81,-83.92,-178.2
52.3834,-1.565771,144.74,9.86,4,139.79,19 / 21,4497310,2019-09-06 20:35:03:053,1.9629,1.4181,9.5314,0.0021,-0.0071,9.8066,0.03,0.2689,-0.0868,-13.62,-33.37,27.25,331.51,-83.55,-177.59
52.3834,-1.565771,144.74,9.86,4,139.79,19 / 21,4497411,2019-09-06 20:35:03:154,1.1953,0.4024,9.7505,0.0082,-0.0214,9.8066,0.0094,0.1658,-0.0368,-14,-33,27.88,331.67,-83.25,-178.22
52.3834,-1.565771,144.74,9.86,4,139.79,19 / 21,4497509,2019-09-06 20:35:03:252,-0.8911,1.0107,9.3905,-0.0143,0.0076,9.8066,-0.1413,0.0372,0.0959,-13.94,-32.69,27.13,330.73,-83.26,-178.11
52.3834,-1.565771,144.74,9.86,4,139.79,19 / 21,4497610,2019-09-06 20:35:03:353,1.734,2.0606,8.9862,-0.0211,0.0359,9.8065,0.0632,0.1426,-0.0161,-13.81,-31.75,26.5,331.21,-83.61,-177.99
52.3834,-1.565771,144.74,9.86,4,139.79,19 / 21,4497710,2019-09-06 20:35:03:453,1.1054,0.7297,9.7573,-0.0038,0.001,9.8066,-0.0053,0.1454,0.0124,-14,-32.31,25.5,330.21,-83.74,-177.97
52.3834,-1.565771,144.74,9.86,4,139.79,19 / 21,4497810,2019-09-06 20:35:03:553,1.4197,0.6607,10.0229,0.0071,-0.0032,9.8066,-0.0482,0.2356,-0.1204,-14.87,-31.62,25.44,326.86,-83.83,-178.32
52.3834,-1.565771,144.74,9.86,4,139.79,19 / 21,4497910,2019-09-06 20:35:03:653,1.1903,1.4763,10.1461,0.0218,-0.0302,9.8065,0.0911,0.2381,-0.0666,-15.06,-32.81,25.5,326.7,-83.69,-179.35
52.3834,-1.565771,144.74,9.86,4,139.79,19 / 21,4498010,2019-09-06 20:35:03:753,2.6296,0.5455,9.4339,0.0176,-0.0004,9.8066,-0.0765,0.2128,-0.0455,-14.62,-32.37,25.44,323.86,-83.31,179.35
52.3834,-1.565771,144.74,9.86,4,139.79,19 / 21,4498110,2019-09-06 20:35:03:853,0.8193,0.0134,9.4634,0.0104,-0.0119,9.8066,-0.0903,0.1695,0.026,-14.94,-32.75,25.31,323.04,-83.2,178.83
52.3834,-1.565771,144.74,9.86,4,139.79,19 / 21,4498210,2019-09-06 20:35:03:953,1.1418,0.069,9.0506,0.0046,0.0052,9.8066,-0.2422,0.2266,-0.0563,-15.25,-32.94,24.38,320.21,-83.49,177.27
52.3834,-1.565771,144.74,9.86,4,139.79,19 / 21,4498310,2019-09-06 20:35:04:053,0.2745,1.2502,10.1279,-0.0139,0.0117,9.8066,0.0419,0.3416,-0.0988,-15.25,-33,24.19,320.95,-84.02,177.51
52.3834,-1.565771,144.74,9.86,4,139.79,19 / 21,4498409,2019-09-06 20:35:04:152,-0.8221,0.7967,10.341,0.0187,-0.0019,9.8065,-0.3272,0.3352,-0.1255,-16,-33.19,23.13,315.27,-84.54,174.76
52.3834,-1.565771,144.74,9.86,4,139.79,19 / 21,4498510,2019-09-06 20:35:04:253,1.4083,1.2981,10.2081,0.0216,0.0028,9.8065,-0.025,0.1647,0.0295,-16,-33,22.06,313.69,-84.78,174.43
52.3834,-1.565771,144.74,9.86,4,139.79,19 / 21,4498610,2019-09-06 20:35:04:353,-0.8994,1.1957,10.2312,0.0308,-0.0673,9.8063,-0.0456,0.195,-0.0559,-16.37,-33.31,23,314.51,-84.36,174.23
52.3834,-1.565771,144.74,9.86,4,139.79,19 / 21,4498710,2019-09-06 20:35:04:453,0.1127,-0.2142,8.5319,0.0451,-0.0395,9.8065,-0.0481,0.0975,-0.0268,-16.31,-33.12,22.5,313.88,-84.06,173.91
52.3834,-1.565771,144.74,9.86,4,139.79,19 / 21,4498810,2019-09-06 20:35:04:553,1.6905,0.6476,8.888,-0.0261,0.0256,9.8065,-0.0886,0.0861,0.0344,-16.12,-32.75,23.31,310.96,-83.86,171.42
52.3834,-1.565771,144.74,9.86,4,139.79,19 / 21,4498910,2019-09-06 20:35:04:653,1.0643,-0.0293,9.3912,-0.026,0.0506,9.8064,-0.1797,0.077,-0.0168,-16.5,-33.75,22.06,307.78,-84.52,169.36
52.3834,-1.565771,144.74,9.86,4,139.79,19 / 21,4499009,2019-09-06 20:35:04:752,-0.1368,0.1081,10.2568,-0.041,0.0604,9.8063,-0.0305,0.0689,-0.0036,-16.69,-33.75,21.44,301.61,-85.54,165.47
52.3834,-1.565771,144.74,9.86,4,139.79,19 / 21,4499109,2019-09-06 20:35:04:852,0.2226,-0.3318,10.3021,-0.0278,0.0522,9.8065,0.0785,0.0352,-0.0309,-16.44,-33.94,20.94,299.74,-85.86,161.74
52.3834,-1.565771,144.74,9.86,4,139.79,19 / 21,4499210,2019-09-06 20:35:04:953,0.7049,0.2686,9.9803,0.0253,-0.0208,9.8065,-0.0208,-0.0042,0.0316,-16.94,-33.56,21.06,296.66,-85.61,160.67
52.3834,-1.565771,144.74,9.86,4,139.79,19 / 21,4499310,2019-09-06 20:35:05:053,-0.2477,-0.4133,9.7014,0.0256,-0.0319,9.8065,-0.0191,-0.0093,0.0266,-16.81,-34.56,21.19,297.45,-85.36,161.86
52.3834,-1.565771,144.74,9.86,4,139.79,19 / 21,4499409,2019-09-06 20:35:05:152,-0.3802,-0.9801,10.0354,-0.0012,-0.0068,9.8066,0.0884,-0.0262,-0.0003,-16.87,-34.25,21.38,298.91,-85.19,163.3
52.3834,-1.565771,144.74,9.86,4,139.79,19 / 21,4499511,2019-09-06 20:35:05:254,-0.6233,-1.0704,10.1036,0.0004,-0.0021,9.8066,0.0932,-0.0384,0.0269,-17.12,-34,22.19,301.53,-85.1,164.44
52.3834,-1.565771,144.74,9.86,4,139.79,19 / 21,4499609,2019-09-06 20:35:05:352,-0.2488,-1.0316,10.8368,-0.0068,-0.0003,9.8066,0.0047,-0.1266,0.0065,-17.06,-33.81,22.13,303.12,-85.1,165.95
52.3834,-1.565771,144.74,9.86,4,139.79,19 / 21,4499710,2019-09-06 20:35:05:453,-0.6997,-1.6214,10.4682,0.0232,-0.039,9.8065,0.0557,-0.1296,0.0277,-16.37,-33.37,22.31,304.75,-85.02,165.86
52.3834,-1.565771,144.74,9.86,4,139.79,19 / 21,4499809,2019-09-06 20:35:05:552,-0.9304,-1.7798,10.0772,0.0294,-0.0305,9.8066,0.0372,-0.115,-0.0185,-16.25,-34.25,22.69,307.58,-84.56,167.78
52.3834,-1.565771,144.74,9.86,4,139.79,19 / 21,4499910,2019-09-06 20:35:05:653,-0.7387,-2.0045,9.6523,0.0039,-0.0025,9.8066,0.0329,-0.2159,0.042,-16.37,-33.69,23.06,307.97,-84.36,168.34
52.3834,-1.565771,144.74,9.86,4,139.79,19 / 21,4500009,2019-09-06 20:35:05:752,-1.0564,-1.4895,9.7953,-0.0125,-0.0076,9.8066,0.0097,-0.2298,0.0591,-16.25,-33.44,24.38,309.75,-84.24,168.67
52.3834,-1.565771,144.74,9.86,4,139.79,19 / 21,4500110,2019-09-06 20:35:05:853,-1.7829,-1.6311,9.8994,-0.012,0.0043,9.8066,-0.0079,-0.2011,0.0406,-16.06,-32.81,23.88,311.78,-84.36,170.43
52.3834,-1.565771,144.74,9.86,4,139.79,19 / 21,4500210,2019-09-06 20:35:05:953,-1.3544,-1.8277,10.2881,-0.0073,0.0123,9.8066,-0.0393,-0.2338,-0.0087,-16.06,-33.81,24.31,312.04,-84.58,170.61
52.3834,-1.565771,144.74,9.86,4,139.79,19 / 21,4500309,2019-09-06 20:35:06:052,-1.2911,-1.4535,9.9607,0.0003,-0.0083,9.8066,-0.0014,-0.2326,0.039,-15.37,-33.5,24.5,315.55,-84.6,170.94
52.3834,-1.565771,144.74,9.86,4,139.79,19 / 21,4500409,2019-09-06 20:35:06:152,-1.0532,-1.5723,9.8818,0.0116,-0.026,9.8065,0.0375,-0.2737,0.0698,-15.12,-32.81,25.25,316.78,-84.39,172.24
52.3834,-1.565771,144.74,9.86,4,139.79,19 / 21,4500510,2019-09-06 20:35:06:253,-1.8052,-1.7794,9.7918,-0.0103,-0.0018,9.8066,0.0111,-0.2717,0.0333,-15.31,-33.12,25.56,319.14,-84.23,173.42
52.3834,-1.565771,144.74,9.86,4,139.79,19 / 21,4500609,2019-09-06 20:35:06:352,-2.0912,-1.3481,9.9125,-0.006,-0.0017,9.8066,-0.0018,-0.2638,0.022,-14.94,-33.31,26.13,320.31,-84.18,174.53
52.3834,-1.565771,144.74,9.86,4,139.79,19 / 21,4500709,2019-09-06 20:35:06:452,-1.3976,-1.5338,9.9356,0.0009,-0.0019,9.8066,0.0218,-0.2512,0.0383,-14.44,-33.69,26.31,322.42,-84.21,174.93
52.3834,-1.565771,144.74,9.86,4,139.79,19 / 21,4500810,2019-09-06 20:35:06:553,-1.6236,-2.0284,9.5632,-0.019,0.0104,9.8066,-0.0031,-0.283,0.0374,-14.12,-32.56,26.38,323.59,-84.34,175.78
52.3834,-1.565771,144.74,9.86,4,139.79,19 / 21,4500910,2019-09-06 20:35:06:653,-1.9898,-1.6038,10.001,0.0026,-0.0148,9.8066,0.0382,-0.285,0.0094,-13.81,-33,26.81,325.66,-84.35,176.66
52.3834,-1.565771,144.74,9.86,4,139.79,19 / 21,4501010,2019-09-06 20:35:06:753,-1.4779,-1.2712,9.7276,-0.0091,-0.0161,9.8066,-0.0643,-0.2811,0.0981,-12.69,-33.5,26.88,329.37,-84.29,178.41
52.3834,-1.565771,144.74,9.86,4,139.79,19 / 21,4501110,2019-09-06 20:35:06:853,-2.1904,-2.8754,9.4471,-0.0124,-0.0083,9.8065,-0.1344,-0.3549,0.1048,-13.31,-33.37,27.31,331.24,-84.39,-179.96
52.3834,-1.565771,144.74,9.86,4,139.79,19 / 21,4501210,2019-09-06 20:35:06:953,-1.9521,0.562,9.4687,0.017,-0.0429,9.8065,0.0161,-0.3754,0.0458,-13.12,-33.12,27.25,331.8,-84.62,-179.58
52.3834,-1.565771,144.74,9.86,4,139.79,19 / 21,4501310,2019-09-06 20:35:07:053,-1.3469,-0.2459,9.6369,0.0297,-0.0351,9.8065,-0.07,-0.1876,0.002,-12.37,-33,27.38,333.12,-84.52,179.96
52.3834,-1.565771,144.74,9.86,4,139.79,19 / 22,4501409,2019-09-06 20:35:07:152,-1.8664,-2.1885,9.4134,-0.0162,0.0155,9.8066,-0.0105,-0.2277,0.0281,-11.75,-33.69,27.69,337.9,-84.71,-176.6
52.3834,-1.565771,144.74,9.86,4,139.79,19 / 22,4501510,2019-09-06 20:35:07:253,-1.1369,-1.7981,9.5987,0.0187,-0.0607,9.8064,-0.0997,-0.3144,0.0522,-11.94,-33.12,28.88,339.55,-84.32,-175.79
52.3834,-1.565771,144.74,9.86,4,139.79,19 / 22,4501610,2019-09-06 20:35:07:353,-1.8625,-0.9189,9.587,-0.0034,0.0149,9.8066,0.1979,-0.2679,0.0825,-11.81,-33.31,29.19,339.43,-84.12,-175.82
52.3834,-1.565771,144.74,9.86,4,139.79,19 / 22,4501709,2019-09-06 20:35:07:452,-1.3934,-0.3364,9.9633,0.0011,0.0162,9.8065,0.0542,-0.2003,0.0269,-10.5,-33,28.81,342.48,-84.01,-176.47
52.3834,-1.565771,144.74,9.86,4,139.79,19 / 22,4501810,2019-09-06 20:35:07:553,-1.1025,-0.8919,10.2894,-0.0098,0.0065,9.8066,-0.0534,-0.2629,0.0164,-10.87,-33.25,29.31,341.39,-84,-175.71
52.3834,-1.565771,144.74,9.86,4,139.79,19 / 22,4501910,2019-09-06 20:35:07:653,-1.8478,-0.7928,10.2888,0.0155,-0.0193,9.8066,0.0823,-0.2054,-0.0017,-10.5,-32.87,29.56,344.66,-84.07,-175.19
52.3834,-1.565771,144.74,9.86,4,139.79,19 / 22,4502010,2019-09-06 20:35:07:753,-0.0801,-0.4196,10.1398,0.0171,-0.016,9.8066,0.0275,-0.1798,0.019,-10,-33.06,29.5,342.18,-83.87,-177.34
52.3834,-1.565771,144.74,9.86,4,139.79,19 / 22,4502110,2019-09-06 20:35:07:853,-0.5954,-0.7332,10.0326,0.0165,-0.008,9.8066,0.018,-0.2037,-0.0279,-8.37,-32.31,29.56,344.41,-83.75,-178.84
52.3834,-1.565771,144.74,9.86,4,139.79,19 / 22,4502210,2019-09-06 20:35:07:953,-0.3067,-0.3515,9.455,0.0171,-0.0243,9.8066,-0.0638,-0.1386,-0.0153,-9.06,-32.62,29.88,340.3,-83.58,179.39
52.3834,-1.565771,144.74,9.86,4,139.79,19 / 22,4502309,2019-09-06 20:35:08:052,0.6216,-0.5667,10.1554,0.0118,-0.0055,9.8066,0.0068,-0.0548,0.0046,-8,-32.75,29.31,340.36,-83.68,178.22
52.382885,-1.56505,144.11,8.88,4,158.27,19 / 22,4502409,2019-09-06 20:35:08:152,0.1419,0.0515,10.6495,-0.006,0.0049,9.8065,0.0593,-0.1063,0.0353,-8.19,-32.56,29.63,340.9,-83.78,178.1
52.382885,-1.56505,144.11,8.88,4,158.27,19 / 22,4502509,2019-09-06 20:35:08:252,-0.1655,0.4024,9.797,-0.0013,-0.0169,9.8065,-0.0303,-0.0881,0.0485,-8.12,-32.56,29.69,341.3,-83.6,178.52
52.382885,-1.56505,144.11,8.88,4,158.27,19 / 22,4502610,2019-09-06 20:35:08:353,0.1164,-0.311,9.7063,0.001,-0.0385,9.8065,0.149,-0.101,0.0284,-8.69,-32.69,30.25,340.65,-83.31,179.8
52.382885,-1.56505,144.11,8.88,4,158.27,19 / 22,4502710,2019-09-06 20:35:08:453,0.7131,-0.8041,9.3285,-0.0019,0.0222,9.8065,0.0634,-0.0227,0.0086,-8.75,-31.87,30.19,340.86,-83.1,-180
52.382885,-1.56505,144.11,8.88,4,158.27,19 / 22,4502810,2019-09-06 20:35:08:553,-0.3846,0.2943,10.177,-0.0198,0.0085,9.8066,-0.0773,-0.013,0.0144,-9,-33.5,30,341.72,-83.29,-179.25
52.382885,-1.56505,144.11,8.88,4,158.27,19 / 22,4502910,2019-09-06 20:35:08:653,-0.1835,0.6329,10.5576,0.004,-0.012,9.8066,-0.0578,-0.0011,-0.0327,-8.12,-32.44,29.94,345.72,-83.35,-177.57
52.382885,-1.56505,144.11,8.88,4,158.27,19 / 22,4503010,2019-09-06 20:35:08:753,0.693,0.6921,8.672,-0.0048,0.0045,9.8066,0.0916,-0.0315,0.073,-8.75,-33.37,30.13,343.74,-83.47,-177.53
52.382885,-1.56505,144.11,8.88,4,158.27,19 / 22,4503110,2019-09-06 20:35:08:853,1.5001,0.1154,9.8947,-0.0334,-0.0027,9.8065,-0.0352,0.0659,0.0312,-8.69,-32.5,30.38,347.74,-83.4,-174.06
52.382885,-1.56505,144.11,8.88,4,158.27,19 / 22,4503210,2019-09-06 20:35:08:953,0.3311,-0.4966,10.3605,-0.0072,-0.0119,9.8066,-0.1233,-0.0075,0.0776,-8.94,-32.56,29.88,350.58,-83.59,-171.56
52.382885,-1.56505,144.11,8.88,4,158.27,19 / 22,4503309,2019-09-06 20:35:09:052,0.4777,-0.1613,10.7903,-0.0242,-0.0377,9.8065,0.0053,-0.0362,0.0815,-9.12,-33,29.94,353.13,-83.96,-169.37
52.382885,-1.56505,144.11,8.88,4,158.27,18 / 21,4503409,2019-09-06 20:35:09:152,0.3921,-0.1971,9.8985,-0.0094,-0.0358,9.8065,-0.0661,0.0601,-0.0111,-9.37,-32.69,29.69,358.84,-83.71,-164.32
52.382885,-1.56505,144.11,8.88,4,158.27,18 / 21,4503509,2019-09-06 20:35:09:252,-0.122,0.463,9.6612,0.0087,-0.0205,9.8066,-0.0267,0.019,0.032,-9.25,-32.5,29.19,358.5,-83.61,-164.07
52.382885,-1.56505,144.11,8.88,4,158.27,18 / 21,4503609,2019-09-06 20:35:09:352,-0.3358,-0.3282,8.2384,-0.017,-0.0091,9.8066,-0.144,-0.0107,0.0366,-9.81,-33,30.31,357.47,-83.5,-163.78
52.382885,-1.56505,144.11,8.88,4,158.27,18 / 21,4503710,2019-09-06 20:35:09:453,-0.0853,0.3489,9.4111,-0.0094,0.0726,9.8064,0.0256,0.0374,-0.0706,-9.44,-33.25,29.5,2.45,-83.54,-161.16
52.382885,-1.56505,144.11,8.88,4,158.27,18 / 21,4503809,2019-09-06 20:35:09:552,0.12,0.6447,10.8206,0.0014,0.0555,9.8065,0.0231,-0.0199,-0.0503,-9.81,-32.94,29.25,359.88,-84.41,-161.09
52.382885,-1.56505,144.11,8.88,4,158.27,18 / 21,4503910,2019-09-06 20:35:09:653,0.0731,1.5045,10.2582,0.0049,0.0426,9.8065,-0.0565,-0.0423,0.0433,-9.62,-33.25,29.06,358.69,-84.73,-162.15
52.382885,-1.56505,144.11,8.88,4,158.27,18 / 21,4504010,2019-09-06 20:35:09:753,0.8135,0.3457,9.2929,0.0066,-0.0443,9.8065,-0.0275,0.0802,-0.0543,-9.75,-33,29.63,358.55,-84.28,-162.86
52.382885,-1.56505,144.11,8.88,4,158.27,18 / 21,4504109,2019-09-06 20:35:09:852,0.0275,-0.4828,9.8496,0.0209,-0.0414,9.8065,0.0504,0.0216,0.0102,-9.56,-32.75,29.56,356.91,-83.88,-164.3
52.382885,-1.56505,144.11,8.88,4,158.27,18 / 21,4504209,2019-09-06 20:35:09:952,0.8781,-0.9622,10.0045,-0.0027,-0.0099,9.8066,-0.0962,0.0444,-0.0493,-9.87,-32.81,29.69,356.17,-83.75,-164.93
52.382885,-1.56505,144.11,8.88,4,158.27,18 / 21,4504309,2019-09-06 20:35:10:052,-0.4422,-0.49,10.1112,-0.0074,0.0007,9.8066,0.046,-0.0216,0.013,-10.31,-32.5,29.5,357.12,-83.85,-164.11
52.382885,-1.56505,144.11,8.88,4,158.27,18 / 21,4504410,2019-09-06 20:35:10:153,1.0793,-0.0045,9.4594,-0.0095,0.0127,9.8066,0.0635,0.0523,-0.0048,-9.94,-32.75,29.63,358.31,-83.93,-163.06
52.382885,-1.56505,144.11,8.88,4,158.27,18 / 21,4504509,2019-09-06 20:35:10:252,-0.3488,-0.4288,10.1395,0.0008,-0.0033,9.8066,-0.0386,0.0419,0.0008,-9.94,-32.25,29.69,358.29,-83.78,-163.08
52.382885,-1.56505,144.11,8.88,4,158.27,18 / 21,4504610,2019-09-06 20:35:10:353,0.4573,0.7338,9.9802,0.008,-0.0222,9.8066,-0.0802,0.0613,-0.0172,-9.75,-32.37,30.06,357.87,-83.76,-163.45
52.382885,-1.56505,144.11,8.88,4,158.27,18 / 21,4504709,2019-09-06 20:35:10:452,-1.6042,-0.3956,10.81,-0.0005,-0.0036,9.8066,0.0001,0.0671,-0.0647,-9.5,-32.75,29.63,359.04,-83.73,-164.15
52.382885,-1.56505,144.11,8.88,4,158.27,18 / 21,4504810,2019-09-06 20:35:10:553,1.0133,-0.718,9.7696,0.0012,-0.0395,9.8065,0.0129,-0.0253,-0.0173,-9.62,-32.5,29.44,356.65,-83.59,-163.92
52.382885,-1.56505,144.11,8.88,4,158.27,18 / 21,4504909,2019-09-06 20:35:10:652,0.4369,0.0924,9.3384,-0.0072,0.0164,9.8066,-0.0116,0.017,0.0425,-9.5,-33.25,29.69,0.53,-83.69,-162.83
52.382885,-1.56505,144.11,8.88,4,158.27,18 / 21,4505010,2019-09-06 20:35:10:753,1.8913,-0.8801,9.7468,-0.0139,-0.0043,9.8066,-0.0423,0.1662,-0.033,-9.37,-32.5,29.75,1.32,-83.71,-162.14
52.382885,-1.56505,144.11,8.88,4,158.27,18 / 21,4505109,2019-09-06 20:35:10:852,-0.1795,-0.4689,10.4326,-0.0071,-0.0078,9.8066,-0.1097,0.0562,0.0512,-9.25,-32.81,29.44,1.63,-83.84,-161.33
52.382885,-1.56505,144.11,8.88,4,158.27,18 / 21,4505210,2019-09-06 20:35:10:953,0.9406,-0.1875,9.9395,-0.0041,-0.0319,9.8065,-0.0043,0.051,0.001,-9.37,-32.94,29.44,4.27,-83.91,-159.01
52.382885,-1.56505,144.11,8.88,4,158.27,18 / 21,4505309,2019-09-06 20:35:11:052,0.2762,-0.5316,10.0112,-0.0003,-0.0349,9.8065,0.088,-0.0099,0.008,-9.81,-32.81,29.13,2.8,-83.54,-158.53
52.382885,-1.56505,144.11,8.88,4,158.27,19 / 21,4505410,2019-09-06 20:35:11:153,-0.0917,-0.4182,9.5717,-0.0084,-0.0217,9.8066,-0.0413,0.0534,0.0115,-9.94,-32.37,29.69,4.15,-83.13,-157.95
52.382885,-1.56505,144.11,8.88,4,158.27,19 / 21,4505509,2019-09-06 20:35:11:252,0.09,-0.5922,9.7705,-0.003,-0.0142,9.8066,0.0388,0.0569,-0.0353,-10.44,-32.87,29.69,4.3,-82.99,-157.84
52.382885,-1.56505,144.11,8.88,4,158.27,19 / 21,4505610,2019-09-06 20:35:11:353,0.4486,-0.0847,10.7191,-0.0089,0.0173,9.8066,0.0727,0.0164,-0.0123,-10.12,-32.75,29.88,5.29,-83,-156.99
52.382885,-1.56505,144.11,8.88,4,158.27,19 / 21,4505709,2019-09-06 20:35:11:452,0.5704,-0.8841,10.5583,-0.011,0.0363,9.8066,-0.1715,0.0082,0.0275,-9.87,-32.87,29.63,6.38,-83.25,-156.01
52.382885,-1.56505,144.11,8.88,4,158.27,19 / 21,4505809,2019-09-06 20:35:11:552,1.0434,0.504,9.373,0.0167,-0.0584,9.8064,-0.099,0.1133,-0.0545,-10,-32.87,30,4.66,-82.88,-157.55
52.382885,-1.56505,144.11,8.88,4,158.27,19 / 21,4505910,2019-09-06 20:35:11:653,0.0723,-0.8682,9.2219,0.0229,-0.0494,9.8064,0.072,-0.0202,0.0049,-9.94,-33.25,29.75,3.33,-82.79,-158.7
52.382885,-1.56505,144.11,8.88,4,158.27,19 / 21,4506010,2019-09-06 20:35:11:753,-1.0656,-0.6962,9.6795,-0.0056,0.0171,9.8066,-0.0004,0.0385,-0.0107,-9.69,-32.94,30,4.35,-82.68,-157.82
52.382885,-1.56505,144.11,8.88,4,158.27,19 / 21,4506110,2019-09-06 20:35:11:853,1.0115,1.0139,10.4092,0.003,0.0039,9.8066,0.0691,-0.036,-0.0557,-9.62,-33.37,29.63,4.12,-82.88,-158.01
52.382885,-1.56505,144.11,8.88,4,158.27,19 / 21,4506209,2019-09-06 20:35:11:952,0.0839,-0.6219,10.1182,-0.0113,0.0281,9.8066,0.2112,0.0873,0.0191,-10.19,-32.31,30.44,5.63,-82.95,-156.67
52.382885,-1.56505,144.11,8.88,4,158.27,19 / 21,4506309,2019-09-06 20:35:12:052,0.4614,-1.5252,9.3745,-0.0104,0.0114,9.8065,0.1511,0.0044,0.0415,-9.81,-32.37,29.81,4.77,-82.8,-157.44
52.382885,-1.56505,144.11,8.88,4,158.27,19 / 20,4506410,2019-09-06 20:35:12:153,1.6042,0.1704,9.5734,0.0284,-0.0317,9.8065,-0.2495,0.0856,-0.0552,-10.12,-32.5,30.44,3.78,-82.49,-158.32
52.382885,-1.56505,144.11,8.88,4,158.27,19 / 20,4506509,2019-09-06 20:35:12:252,-1.021,-0.1322,9.5648,0.0142,-0.0145,9.8066,-0.031,0.0243,-0.0658,-9.31,-32.5,29.69,5.17,-82.89,-158.83
52.382885,-1.56505,144.11,8.88,4,158.27,19 / 20,4506610,2019-09-06 20:35:12:353,-0.6727,0.9287,9.8238,0.0114,0.0286,9.8065,-0.037,0.0251,-0.1114,-9.87,-32.62,29.31,2.93,-83.22,-158.43
52.382885,-1.56505,144.11,8.88,4,158.27,19 / 20,4506710,2019-09-06 20:35:12:453,0.8977,-0.5636,10.0607,0.0106,0.0072,9.8066,0.0847,-0.0313,-0.0263,-9.25,-32.81,29.44,2.5,-83.22,-160.6
52.382885,-1.56505,144.11,8.88,4,158.27,19 / 20,4506810,2019-09-06 20:35:12:553,0.2998,-0.3901,9.9883,0.0082,-0.0079,9.8066,0.0283,0.0442,-0.0163,-9.19,-32.37,29.44,1.43,-82.9,-161.53
52.382885,-1.56505,144.11,8.88,4,158.27,19 / 20,4506909,2019-09-06 20:35:12:652,-0.8761,-0.3264,10.5309,-0.0107,0.0077,9.8066,-0.0322,0.0544,-0.072,-9.37,-32.75,30,1.82,-82.9,-161.73
52.382885,-1.56505,144.11,8.88,4,158.27,19 / 20,4507010,2019-09-06 20:35:12:753,0.7635,-0.742,9.7189,0.0103,0.0102,9.8066,0.0845,0.0026,-0.0304,-9.37,-32.62,29.94,2.64,-82.86,-161.02
52.382885,-1.56505,144.11,8.88,4,158.27,19 / 20,4507110,2019-09-06 20:35:12:853,-0.0064,-0.5381,10.0838,0.0028,-0.0292,9.8065,-0.1119,0.0467,0.0031,-9.62,-32.81,29.44,359.02,-82.9,-161.82
52.382885,-1.56505,144.11,8.88,4,158.27,19 / 20,4507210,2019-09-06 20:35:12:953,0.8235,0.2721,9.8435,0.0076,-0.0303,9.8066,-0.1172,-0.0222,0.0059,-9.56,-32.87,29.75,359.53,-82.67,-161.97
52.382885,-1.56505,144.11,8.88,4,158.27,19 / 20,4507310,2019-09-06 20:35:13:053,-0.4882,-0.5344,9.2206,0.0172,-0.0498,9.8065,-0.2106,-0.0436,0.008,-9.44,-32.69,30,1.38,-82.52,-162.12
52.382885,-1.56505,144.11,8.88,4,158.27,19 / 21,4507409,2019-09-06 20:35:13:152,-0.6714,-0.2715,9.8294,-0.0103,0.0696,9.8064,0.1405,-0.083,0.032,-9.81,-32.87,29.81,359.45,-82.85,-162.04
52.382885,-1.56505,144.11,8.88,4,158.27,19 / 21,4507510,2019-09-06 20:35:13:253,0.9088,-1.4609,10.286,0.0396,-0.0385,9.8065,-0.1225,-0.0061,-0.0161,-9.87,-33.06,30.06,359.25,-82.84,-162.21
52.382885,-1.56505,144.11,8.88,4,158.27,19 / 21,4507609,2019-09-06 20:35:13:352,0.6868,-0.2569,11.3288,0.0288,-0.035,9.8065,0.0481,-0.0291,-0.0384,-9.81,-32.81,29.19,356.33,-82.99,-164.13
52.382885,-1.56505,144.11,8.88,4,158.27,19 / 21,4507710,2019-09-06 20:35:13:453,0.55,2.2685,10.0504,0.0152,-0.0519,9.8065,0.1717,-0.1075,0.0097,-9.5,-32.75,29.31,356.6,-82.7,-165.66
52.382885,-1.56505,144.11,8.88,4,158.27,19 / 21,4507810,2019-09-06 20:35:13:553,-0.3944,0.4833,9.466,0.0169,0.0281,9.8065,0.07,-0.0045,0.043,-9.12,-33,30.25,354.31,-82.78,-168.2
52.382885,-1.56505,144.11,8.88,4,158.27,19 / 21,4507910,2019-09-06 20:35:13:653,1.4293,1.3543,9.1822,-0.0097,-0.0067,9.8066,0.0854,-0.0087,0.0059,-9.75,-32.31,29.94,352.26,-82.48,-168.21
52.382885,-1.56505,144.11,8.88,4,158.27,19 / 21,4508010,2019-09-06 20:35:13:753,0.7309,0.397,10.2095,-0.0244,0.0052,9.8065,0.068,0.0884,-0.0395,-9.62,-32.56,30.06,354,-82.49,-166.7
52.382885,-1.56505,144.11,8.88,4,158.27,19 / 21,4508109,2019-09-06 20:35:13:852,-0.1924,0.2617,10.3082,-0.0149,0.0334,9.8065,-0.0804,0.0039,-0.0004,-9.87,-33.19,29.63,355.15,-82.75,-165.74
52.382885,-1.56505,144.11,8.88,4,158.27,19 / 21,4508210,2019-09-06 20:35:13:953,-0.2313,-0.5808,9.823,0.0036,-0.0283,9.8065,-0.0489,-0.0753,0.0593,-9.06,-32.44,29.63,358.96,-82.82,-164.2
52.382885,-1.56505,144.11,8.88,4,158.27,19 / 21,4508309,2019-09-06 20:35:14:052,0.3092,-0.0115,9.7081,-0.0001,-0.0246,9.8066,0.0374,0.0037,-0.0029,-9.56,-32.25,30.06,357.56,-82.6,-163.67
52.382885,-1.56505,144.11,8.88,4,158.27,19 / 21,4508410,2019-09-06 20:35:14:153,-0.1174,-0.3111,10.2093,0.0023,-0.0008,9.8066,0.0069,-0.0385,0.0224,-8.87,-32.25,29.69,0.09,-82.55,-163.22
52.382885,-1.56505,144.11,8.88,4,158.27,19 / 21,4508509,2019-09-06 20:35:14:252,0.499,0.7357,9.872,-0.0002,-0.0016,9.8066,0.0554,-0.0167,0.0356,-9.37,-32.81,30.19,0.21,-82.56,-163.12
52.382885,-1.56505,144.11,8.88,4,158.27,19 / 21,4508610,2019-09-06 20:35:14:353,-0.1751,0.2193,9.6814,0,-0.0199,9.8066,-0.0097,-0.0213,0.0472,-9.75,-32.31,29.81,357.95,-82.54,-163.33
52.382885,-1.56505,144.11,8.88,4,158.27,19 / 21,4508709,2019-09-06 20:35:14:452,0.0826,0.3123,9.7588,0.001,-0.0249,9.8066,0.0306,-0.0168,-0.0076,-9.25,-32.69,29.38,359.7,-82.47,-163.02
52.382885,-1.56505,144.11,8.88,4,158.27,19 / 21,4508810,2019-09-06 20:35:14:553,-0.6221,0.029,9.6519,-0.0064,0.0183,9.8065,0.03,0.0021,0.0215,-9.06,-32.06,30.25,0.4,-82.53,-162.96
52.382885,-1.56505,144.11,8.88,4,158.27,19 / 21,4508910,2019-09-06 20:35:14:653,0.4461,0.27,10.6601,-0.0033,-0.0028,9.8066,0.2087,-0.0004,-0.0225,-9.37,-32.5,29,359.77,-82.56,-162.95
52.382885,-1.56505,144.11,8.88,4,158.27,19 / 21,4509009,2019-09-06 20:35:14:752,0.1509,-0.6434,10.7155,-0.0084,0.0153,9.8066,0.2028,-0.0178,0.0051,-9.44,-32.25,29.19,0.39,-82.54,-162.43
52.382885,-1.56505,144.11,8.88,4,158.27,19 / 21,4509110,2019-09-06 20:35:14:853,0.8179,-0.3667,10.1914,-0.0042,0.0186,9.8066,-0.1652,-0.0092,0.0264,-9.37,-32.31,29.69,0.64,-82.45,-162.75
52.382885,-1.56505,144.11,8.88,4,158.27,19 / 21,4509210,2019-09-06 20:35:14:953,-0.0572,0.924,9.9969,0.0088,-0.0304,9.8066,-0.0679,0.0087,-0.0018,-9.62,-32.25,29.69,358.09,-82.3,-163.2
52.382885,-1.56505,144.11,8.88,4,158.27,19 / 21,4509310,2019-09-06 20:35:15:053,0.0972,0.806,9.873,0.0067,-0.0102,9.8066,-0.0187,0.0039,-0.0175,-9.56,-32.19,30.25,358.04,-82.4,-163.25
52.382885,-1.56505,144.11,8.88,4,158.27,20 / 21,4509409,2019-09-06 20:35:15:152,-0.1469,0.4063,10.1161,-0.0019,0.0061,9.8066,-0.0036,-0.0214,-0.0094,-10.06,-32.5,30.06,358.7,-82.38,-162.68
52.382885,-1.56505,144.11,8.88,4,158.27,20 / 21,4509510,2019-09-06 20:35:15:253,0.2813,0.34,9.3631,-0.0009,0.0137,9.8066,-0.009,-0.0391,0.0438,-8.94,-31.44,29.44,359.93,-82.45,-162.81
52.382885,-1.56505,144.11,8.88,4,158.27,20 / 21,4509609,2019-09-06 20:35:15:352,-0.0996,0.2172,9.7869,0.0025,-0.0044,9.8066,-0.0489,0.0043,-0.0242,-9.56,-32.37,29.56,358.4,-82.4,-162.94
52.382885,-1.56505,144.11,8.88,4,158.27,20 / 21,4509710,2019-09-06 20:35:15:453,0.062,0.7881,9.589,0.0096,0.0012,9.8066,0.0291,-0.0265,0.0082,-9.56,-32.31,29.75,357.91,-82.5,-163.36
52.382885,-1.56505,144.11,8.88,4,158.27,20 / 21,4509810,2019-09-06 20:35:15:553,0.2814,0.7099,9.8263,0.0038,0.0203,9.8066,0.0309,-0.0032,-0.0278,-9.37,-32.69,29.5,358.98,-82.65,-164.18
52.382885,-1.56505,144.11,8.88,4,158.27,20 / 21,4509910,2019-09-06 20:35:15:653,0.3821,0.0963,9.816,0.0125,-0.0197,9.8066,0.0288,-0.0296,0.0177,-9.75,-31.5,30,355.6,-82.64,-165.38
52.382885,-1.56505,144.11,8.88,4,158.27,20 / 21,4510009,2019-09-06 20:35:15:752,0.6129,-1.0985,10.0207,0.0084,-0.015,9.8065,0.0323,-0.0095,-0.0475,-10.12,-31.75,30.25,355.01,-82.54,-165.86
52.382885,-1.56505,144.11,8.88,4,158.27,20 / 21,4510110,2019-09-06 20:35:15:853,0.82,0.2889,9.5669,0.0118,-0.0003,9.8066,0.0036,-0.0978,0.0613,-8.94,-31.31,28.44,354.21,-82.47,-167.12
52.382885,-1.56505,144.11,8.88,4,158.27,20 / 21,4510210,2019-09-06 20:35:15:953,0.6661,0.4201,10.1275,-0.0028,0.0013,9.8065,-0.0522,0.0353,-0.073,-8.19,-31.62,29.31,357.39,-82.49,-166.81
52.382885,-1.56505,144.11,8.88,4,158.27,20 / 21,4510310,2019-09-06 20:35:16:053,-0.0434,1.0078,9.748,0.0099,0.0038,9.8066,0.1301,-0.0293,0.0566,-7.75,-32,29.25,356.37,-82.59,-167.68
52.382885,-1.56505,144.11,8.88,4,158.27,20 / 21,4510410,2019-09-06 20:35:16:153,-0.8747,0.1929,10.214,-0.0072,0.0095,9.8065,0.0866,0.0097,-0.0376,-9.06,-32.56,30.75,356.53,-82.6,-166.8
52.382885,-1.56505,144.11,8.88,4,158.27,20 / 21,4510510,2019-09-06 20:35:16:253,-0.4509,0.0795,9.9937,-0.0077,0.031,9.8065,-0.0961,0.0628,-0.0221,-8.69,-32.19,30.13,355.51,-82.64,-167.16
52.382885,-1.56505,144.11,8.88,4,158.27,20 / 21,4510609,2019-09-06 20:35:16:352,0.2017,-0.1208,9.8731,0.0115,-0.0323,9.8065,-0.0532,-0.0012,0.0268,-8.69,-32.19,29.88,355.04,-82.55,-167.56
52.382885,-1.56505,144.11,8.88,4,158.27,20 / 21,4510710,2019-09-06 20:35:16:453,-0.2383,0.1807,9.6835,0.0092,-0.0246,9.8066,0.0767,0.0272,-0.0692,-9.12,-31.56,30.13,354.4,-82.33,-168.09
52.382885,-1.56505,144.11,8.88,4,158.27,20 / 21,4510810,2019-09-06 20:35:16:553,0.6031,0.1294,9.6642,0.0087,0.0044,9.8066,-0.004,0.0095,-0.0223,-9.31,-32.19,30.31,353.32,-82.32,-169.01
52.382885,-1.56505,144.11,8.88,4,158.27,20 / 21,4510909,2019-09-06 20:35:16:652,-0.2272,-0.7224,9.6002,-0.0068,0.0075,9.8066,-0.0688,0.0202,-0.0103,-9,-32.25,30.25,353.22,-82.38,-169.1
52.382885,-1.56505,144.11,8.88,4,158.27,20 / 21,4511010,2019-09-06 20:35:16:753,0.6264,-0.5725,9.7175,0.0028,-0.0024,9.8066,-0.0634,-0.0127,0.0079,-9.06,-32,30.06,353.34,-82.39,-169.01
52.382885,-1.56505,144.11,8.88,4,158.27,20 / 21,4511109,2019-09-06 20:35:16:852,-0.3733,0.9078,9.9478,0.0013,-0.007,9.8066,-0.0115,-0.0205,-0.042,-9.5,-31.75,29.94,353.7,-82.49,-168.71
52.382885,-1.56505,144.11,8.88,4,158.27,20 / 21,4511209,2019-09-06 20:35:16:952,-0.0429,0.6122,9.8863,0.0037,0.0357,9.8065,0.0317,-0.0435,0.015,-9.5,-32.12,29.63,353.18,-82.49,-169.15
52.382885,-1.56505,144.11,8.88,4,158.27,20 / 21,4511309,2019-09-06 20:35:17:052,0.6865,0.6367,9.3542,-0.0129,0.0199,9.8065,0.0637,0.0361,0.0028,-9.5,-32.19,30.38,352.94,-82.66,-169.39
52.382175,-1.564629,143.19,9.62,3,161.03,20 / 21,4511410,2019-09-06 20:35:17:153,-0.5536,-0.2973,10.2463,-0.0143,-0.0025,9.8066,0.1114,-0.0081,-0.0453,-9.12,-31.75,30.5,354.22,-82.46,-168.79
52.382175,-1.564629,143.19,9.62,3,161.03,20 / 21,4511509,2019-09-06 20:35:17:252,-0.0898,0.6648,9.8744,-0.0029,-0.0088,9.8066,0.0318,-0.0081,-0.0401,-9.06,-31.44,30.94,353.92,-82.33,-169.06
52.382175,-1.564629,143.19,9.62,3,161.03,20 / 21,4511610,2019-09-06 20:35:17:353,0.8437,0.5352,9.931,0.0113,-0.0087,9.8065,0.0092,0.0434,-0.0077,-8.87,-31.94,29.88,352.63,-82.33,-169.6
52.382175,-1.564629,143.19,9.62,3,161.03,20 / 21,4511709,2019-09-06 20:35:17:452,-0.4866,0.522,9.8373,0.0058,-0.0121,9.8066,0.072,0.0195,0.0156,-9.37,-32.5,30,352.14,-82.24,-170.01
52.382175,-1.564629,143.19,9.62,3,161.03,20 / 21,4511810,2019-09-06 20:35:17:553,-0.1297,0.1088,9.4259,-0.0079,0.002,9.8066,0.0816,0.0825,-0.0689,-8.94,-32.06,30.25,352.68,-82.16,-169.54
52.382175,-1.564629,143.19,9.62,3,161.03,20 / 21,4511910,2019-09-06 20:35:17:653,0.3153,0.6057,10.2431,0.004,0.0219,9.8066,-0.1078,0.005,0.0367,-8.81,-32.62,30.38,352.19,-82.21,-169.93
52.382175,-1.564629,143.19,9.62,3,161.03,20 / 21,4512009,2019-09-06 20:35:17:752,0.6663,0.8256,9.958,-0.0061,-0.0112,9.8066,-0.1042,0.0201,-0.0707,-9.12,-31.94,29.88,352.76,-82.17,-169.46
52.382175,-1.564629,143.19,9.62,3,161.03,20 / 21,4512109,2019-09-06 20:35:17:852,0.0412,0.7842,9.3967,0.0104,-0.0013,9.8066,0.0818,-0.0004,0.0301,-9.19,-32.5,30.06,352.38,-82.23,-169.8
52.382175,-1.564629,143.19,9.62,3,161.03,20 / 21,4512210,2019-09-06 20:35:17:953,0.3087,0.7739,9.9203,-0.0075,-0.0038,9.8066,0.0372,0.0128,0.0056,-9.44,-31.87,30.44,352.4,-82.17,-169.78
52.382175,-1.564629,143.19,9.62,3,161.03,20 / 21,4512309,2019-09-06 20:35:18:052,0.2899,0.004,10.1411,-0.0094,0.0149,9.8065,-0.0517,-0.0259,-0.0132,-8.94,-32.19,30.5,353.52,-82.22,-169.36
52.382175,-1.564629,143.19,9.62,3,161.03,20 / 21,4512409,2019-09-06 20:35:18:152,0.0923,-0.4132,9.9556,0.0064,-0.0181,9.8066,-0.0927,-0.0109,0.0276,-8.94,-31.69,30.38,352.4,-82.28,-169.79
52.382175,-1.564629,143.19,9.62,3,161.03,20 / 21,4512510,2019-09-06 20:35:18:253,-0.4479,0.2093,9.9648,-0.0022,0.0112,9.8065,0.1021,0.0323,-0.0453,-9.25,-32.06,29.94,352.38,-82.15,-169.79
52.382175,-1.564629,143.19,9.62,3,161.03,20 / 21,4512610,2019-09-06 20:35:18:353,-0.3129,-0.4526,10.4556,-0.0073,0.0112,9.8066,0.1592,-0.0391,0.0253,-9.37,-32.12,30.56,352.7,-82.18,-170.06
52.382175,-1.564629,143.19,9.62,3,161.03,20 / 21,4512710,2019-09-06 20:35:18:453,0.0774,0.1969,10.5719,-0.0053,0.0166,9.8066,-0.1061,-0.029,0.0207,-8.94,-31.75,30.13,352.19,-82.13,-169.95
52.382175,-1.564629,143.19,9.62,3,161.03,20 / 21,4512810,2019-09-06 20:35:18:553,-0.4472,0.7288,9.7134,0.0157,-0.0274,9.8065,-0.0784,-0.0097,0.0066,-9.62,-31.62,29.94,349.62,-81.95,-170.38
52.382175,-1.564629,143.19,9.62,3,161.03,20 / 21,4512910,2019-09-06 20:35:18:653,0.4292,0.7414,9.4304,-0.0106,0.0245,9.8066,0.1481,-0.0036,0.0005,-9.12,-32,30.06,350.96,-81.85,-170.94
52.382175,-1.564629,143.19,9.62,3,161.03,20 / 21,4513009,2019-09-06 20:35:18:752,-0.1101,0.3607,9.4603,-0.016,0.0362,9.8065,0.1144,-0.048,0.0205,-9.56,-31.94,30.63,349.95,-81.69,-170.65
52.382175,-1.564629,143.19,9.62,3,161.03,20 / 21,4513110,2019-09-06 20:35:18:853,0.4491,-0.1985,9.4068,-0.0113,0.0341,9.8065,-0.1493,0.0221,0.001,-9.06,-31.56,30.75,352.41,-81.92,-170.27
52.382175,-1.564629,143.19,9.62,3,161.03,20 / 21,4513209,2019-09-06 20:35:18:952,0.3306,0.574,10.184,0.0052,-0.0121,9.8066,-0.0872,-0.0186,-0.0201,-9.37,-32.31,30.88,352.02,-81.94,-170.61
52.382175,-1.564629,143.19,9.62,3,161.03,20 / 21,4513309,2019-09-06 20:35:19:052,0.6943,0.9945,9.3575,0.0134,-0.0121,9.8065,0.1017,-0.022,0.0203,-8.94,-32.06,30.06,350.92,-81.99,-171.01
52.382175,-1.564629,143.19,9.62,3,161.03,20 / 21,4513410,2019-09-06 20:35:19:153,0.047,-0.011,9.8236,-0.0108,0.0127,9.8066,0.0439,-0.009,0.01,-9.87,-32,30.31,348.69,-81.84,-171.15
52.382175,-1.564629,143.19,9.62,3,161.03,20 / 21,4513509,2019-09-06 20:35:19:252,0.1818,-0.5177,9.7648,-0.004,0.0148,9.8066,0.0233,-0.0391,-0.0152,-9.37,-31.44,30.5,351.42,-81.81,-171.14
52.382175,-1.564629,143.19,9.62,3,161.03,20 / 21,4513610,2019-09-06 20:35:19:353,-0.082,-0.1041,10.1713,-0.0129,0.0298,9.8065,0.1942,0.0308,-0.0303,-10,-31.69,31.13,349.75,-81.93,-170.87
52.382175,-1.564629,143.19,9.62,3,161.03,20 / 21,4513710,2019-09-06 20:35:19:453,1.3777,0.292,10.2641,0.0058,-0.0018,9.8066,0.0945,-0.0442,0.0491,-9.94,-31.81,30.69,349.71,-82,-170.91
52.382175,-1.564629,143.19,9.62,3,161.03,20 / 21,4513809,2019-09-06 20:35:19:552,0.4643,-1.3719,10.6146,0.0143,-0.0325,9.8065,0.0571,0.0233,-0.0379,-10.12,-32.37,30.81,349.8,-81.83,-170.8
52.382175,-1.564629,143.19,9.62,3,161.03,20 / 21,4513909,2019-09-06 20:35:19:652,-0.286,0.1287,10.3452,0.0116,-0.0226,9.8065,-0.0469,-0.0235,0.0463,-10.5,-31.81,30.81,349.18,-81.8,-171.33
52.382175,-1.564629,143.19,9.62,3,161.03,20 / 21,4514009,2019-09-06 20:35:19:752,0.0725,-0.7246,9.5963,0.0148,-0.0181,9.8065,0.0282,-0.0317,-0.0207,-10.06,-31.62,30.56,349.33,-81.69,-171.18
52.382175,-1.564629,143.19,9.62,3,161.03,20 / 21,4514109,2019-09-06 20:35:19:852,0.5879,0.1692,9.6159,0.0155,-0.0176,9.8065,-0.0482,-0.0381,-0.002,-10.12,-31.75,31.13,348.17,-81.51,-172.12
52.382175,-1.564629,143.19,9.62,3,161.03,20 / 21,4514210,2019-09-06 20:35:19:953,-0.0396,0.3324,9.4676,0.0075,0.0146,9.8065,-0.1041,0.0178,-0.0008,-9.81,-32.19,30.75,347.95,-81.66,-172.34
52.382175,-1.564629,143.19,9.62,3,161.03,20 / 21,4514310,2019-09-06 20:35:20:053,0.624,1.2452,10.0588,0.0036,0.0004,9.8066,0.0469,0.0314,-0.037,-10.12,-31.5,31,347.63,-81.82,-172.71
52.382175,-1.564629,143.19,9.62,3,161.03,20 / 21,4514410,2019-09-06 20:35:20:153,0.4916,0.6107,9.7895,-0.0046,0.036,9.8065,0.1122,-0.0046,-0.0253,-10.44,-31.75,30.5,347.68,-81.95,-172.64
52.382175,-1.564629,143.19,9.62,3,161.03,20 / 21,4514509,2019-09-06 20:35:20:252,0.4574,-0.1871,9.776,0.0043,-0.0227,9.8065,-0.0304,0.0915,0.0147,-10.37,-31.56,30.19,346.46,-81.87,-173.05
52.382175,-1.564629,143.19,9.62,3,161.03,20 / 21,4514610,2019-09-06 20:35:20:353,-0.0214,-0.3119,9.802,-0.0022,-0.0021,9.8066,0.0695,0.0147,0.0404,-10.12,-31.87,30.81,347.28,-81.69,-172.91
52.382175,-1.564629,143.19,9.62,3,161.03,20 / 21,4514710,2019-09-06 20:35:20:453,0.4304,0.8172,10.1679,0.0038,-0.0122,9.8066,0.0491,-0.0051,0.0284,-10.5,-31.31,30.94,347.92,-81.55,-172.4
52.382175,-1.564629,143.19,9.62,3,161.03,20 / 21,4514809,2019-09-06 20:35:20:552,0.7739,0.2829,9.735,-0.0035,0.0023,9.8066,0.0064,-0.0069,-0.03,-10.19,-32.19,30.44,347.82,-81.55,-171.82
52.382175,-1.564629,143.19,9.62,3,161.03,20 / 21,4514909,2019-09-06 20:35:20:652,-0.138,0.0869,9.4618,0.0017,-0.0054,9.8066,0.0333,0.0129,0.029,-10.37,-31.81,30.44,348.07,-81.51,-171.6
52.382175,-1.564629,143.19,9.62,3,161.03,20 / 21,4515010,2019-09-06 20:35:20:753,-0.0718,0.1625,9.9739,-0.0095,0.0105,9.8066,-0.0021,0.0422,-0.0367,-10.44,-32.31,30.31,349.08,-81.67,-170.78
52.382175,-1.564629,143.19,9.62,3,161.03,20 / 21,4515109,2019-09-06 20:35:20:852,0.221,1.0385,10.3963,0.0055,0.0109,9.8066,-0.0036,0.0161,-0.0076,-10.69,-31.75,30.69,347.26,-81.81,-171.32
52.382175,-1.564629,143.19,9.62,3,161.03,20 / 21,4515209,2019-09-06 20:35:20:952,0.3987,0.5158,9.8545,0.002,-0.0051,9.8066,-0.031,0.0454,-0.0087,-11.31,-32.12,30.06,346.92,-81.81,-170.96
52.382175,-1.564629,143.19,9.62,3,161.03,20 / 21,4515310,2019-09-06 20:35:21:053,0.912,0.1788,9.9556,-0.0079,0.004,9.8066,0.1404,-0.0088,-0.0175,-11.06,-31.69,29.75,346.68,-81.61,-171.11
52.382175,-1.564629,143.19,9.62,3,161.03,20 / 21,4515409,2019-09-06 20:35:21:152,0.3809,-0.7487,10.1107,0.0006,0.029,9.8065,-0.0277,0.0255,-0.0386,-10.56,-31.94,30.38,346.26,-81.65,-171.48
52.382175,-1.564629,143.19,9.62,3,161.03,20 / 21,4515509,2019-09-06 20:35:21:252,0.6399,0.3238,9.8373,0.0165,-0.0151,9.8065,-0.0343,0.0805,-0.059,-10.56,-31.87,30.31,344.65,-81.69,-172.86
52.382175,-1.564629,143.19,9.62,3,161.03,20 / 21,4515610,2019-09-06 20:35:21:353,-0.311,1.0095,10.3032,-0.0023,-0.0008,9.8066,-0.0627,0.0081,-0.0063,-11.19,-31.81,29.44,343.84,-81.75,-172.86
52.382175,-1.564629,143.19,9.62,3,161.03,20 / 21,4515709,2019-09-06 20:35:21:452,-0.5982,-0.0467,9.5294,0.0207,-0.0464,9.8064,-0.13,-0.0354,-0.046,-10.87,-32,30.44,344.83,-81.76,-172.73
52.382175,-1.564629,143.19,9.62,3,161.03,20 / 21,4515810,2019-09-06 20:35:21:553,0.6193,1.9772,9.7093,0.0596,-0.0832,9.8061,0.2882,-0.0222,0.0672,-10.75,-31.56,30.44,342.23,-81.07,-174.71
52.382175,-1.564629,143.19,9.62,3,161.03,20 / 21,4515910,2019-09-06 20:35:21:653,-0.528,-1.3012,9.7785,-0.0355,0.0248,9.8065,0.0944,-0.0581,0.0992,-10.81,-31.12,30.81,344.49,-80.97,-173.52
52.382175,-1.564629,143.19,9.62,3,161.03,20 / 21,4516009,2019-09-06 20:35:21:752,-1.0768,0.4768,9.5048,-0.0088,-0.0097,9.8066,0.1927,0.0178,-0.0483,-10.56,-31.44,30.38,345.05,-80.76,-172.33
52.382175,-1.564629,143.19,9.62,3,161.03,20 / 21,4516109,2019-09-06 20:35:21:852,-0.3977,1.0587,9.3026,-0.0303,0.0542,9.8064,0.1558,-0.0373,0.0495,-11.56,-31.25,30.31,343.62,-81.11,-171.99
52.382175,-1.564629,143.19,9.62,3,161.03,20 / 21,4516210,2019-09-06 20:35:21:953,-0.0285,-0.2158,9.2721,-0.0378,0.0425,9.8065,-0.1035,-0.0177,0.0713,-10.81,-31.75,30.5,347.82,-81.23,-170.72
52.382175,-1.564629,143.19,9.62,3,161.03,20 / 21,4516310,2019-09-06 20:35:22:053,0.7908,0.7132,9.8569,-0.0247,0.0055,9.8066,0.0383,0.0735,-0.0358,-11.37,-31.69,30,348.56,-81.37,-169.47
52.382175,-1.564629,143.19,9.62,3,161.03,20 / 21,4516409,2019-09-06 20:35:22:152,-0.1938,-0.3949,10.1306,-0.0057,-0.0022,9.8066,-0.0667,-0.0677,0.0305,-11,-31.62,30,350.26,-81.4,-168.05
52.382175,-1.564629,143.19,9.62,3,161.03,20 / 21,4516510,2019-09-06 20:35:22:253,-0.0591,-0.0423,10.3941,0.0023,-0.0291,9.8065,-0.0637,-0.0156,-0.0168,-11.06,-31.06,30.44,351.1,-81.04,-167.31
52.382175,-1.564629,143.19,9.62,3,161.03,20 / 21,4516609,2019-09-06 20:35:22:352,-0.4011,-0.6333,9.7322,0.0174,-0.003,9.8066,0.0881,-0.0241,-0.0194,-11.37,-31.75,30.5,350.5,-80.94,-168.4
52.382175,-1.564629,143.19,9.62,3,161.03,20 / 21,4516710,2019-09-06 20:35:22:453,0.3986,-1.3448,8.5337,0.0007,0.0151,9.8066,-0.048,-0.0541,-0.0175,-11,-31.06,30.31,348.86,-81,-169.19
52.382175,-1.564629,143.19,9.62,3,161.03,20 / 21,4516810,2019-09-06 20:35:22:553,-1.2849,-0.5156,9.8723,-0.0103,-0.0001,9.8066,-0.0843,-0.1605,0.028,-11,-31.75,30.13,349.63,-81.21,-168.54
52.382175,-1.564629,143.19,9.62,3,161.03,20 / 21,4516910,2019-09-06 20:35:22:653,-1.0012,0.934,10.2905,0.0038,0.0315,9.8065,-0.0677,-0.0382,-0.0837,-10.75,-31.19,30.25,349.64,-81.58,-168.65
52.382175,-1.564629,143.19,9.62,3,161.03,20 / 21,4517009,2019-09-06 20:35:22:752,0.8283,1.1823,9.9019,0.0318,-0.0095,9.8066,0.1943,-0.0298,0.0171,-9.56,-31.19,29.56,348.4,-81.69,-171.41
52.382175,-1.564629,143.19,9.62,3,161.03,20 / 21,4517109,2019-09-06 20:35:22:852,0.008,-0.3741,10.2174,-0.0136,0.0002,9.8066,0.1496,-0.0511,-0.0047,-10.19,-30.81,30.75,347.04,-81.41,-173.12
52.382175,-1.564629,143.19,9.62,3,161.03,20 / 21,4517210,2019-09-06 20:35:22:953,0.8066,-0.0404,10.1923,-0.0217,0.0372,9.8065,-0.0075,-0.1482,0.0811,-10.12,-31.37,30.88,347.29,-81.2,-172.85
52.382175,-1.564629,143.19,9.62,3,161.03,20 / 21,4517310,2019-09-06 20:35:23:053,-1.6864,-1.0105,10.0576,-0.0043,0.0079,9.8066,-0.0352,0.1135,-0.0586,-10.19,-31.37,30.94,347.63,-81.24,-172.57
52.382175,-1.564629,143.19,9.62,3,161.03,20 / 21,4517410,2019-09-06 20:35:23:153,0.3833,1.127,9.658,-0.0083,0.0301,9.8066,-0.1164,-0.0397,0.0382,-9.69,-30.81,30.5,346.5,-81.47,-173.59
52.382175,-1.564629,143.19,9.62,3,161.03,20 / 21,4517510,2019-09-06 20:35:23:253,-0.8093,-0.9925,9.1715,-0.0023,-0.0188,9.8065,-0.0597,-0.0319,0.0571,-9.75,-31.19,30.13,347.22,-81.39,-172.34
52.382175,-1.564629,143.19,9.62,3,161.03,20 / 21,4517610,2019-09-06 20:35:23:353,-0.5162,0.0341,9.8698,-0.0139,-0.0301,9.8066,-0.0065,0.0299,-0.0447,-10.19,-31,30.38,348.76,-81.28,-171.01
52.382175,-1.564629,143.19,9.62,3,161.03,20 / 21,4517709,2019-09-06 20:35:23:452,-0.6981,0.0228,10.1257,0.002,0.0102,9.8066,-0.022,-0.0384,0.0361,-11.12,-30.81,30.56,347.29,-81.4,-171.26
52.382175,-1.564629,143.19,9.62,3,161.03,20 / 21,4517810,2019-09-06 20:35:23:553,-0.1994,0.3024,10.1278,-0.0089,0.0153,9.8066,-0.0787,0.0812,0.0408,-10,-30.37,30.19,348.93,-81.57,-170.99
52.382175,-1.564629,143.19,9.62,3,161.03,20 / 21,4517909,2019-09-06 20:35:23:652,0.0629,-0.8814,11.6523,0.0049,-0.0694,9.8064,0.0355,-0.0487,0.0609,-10.69,-30.81,30.63,348.86,-81.57,-169.95
52.382175,-1.564629,143.19,9.62,3,161.03,20 / 21,4518010,2019-09-06 20:35:23:753,1.0202,1.9244,9.8999,0.0077,0.0019,9.8066,-0.0313,0.0488,-0.0101,-9.87,-31,29.75,349.4,-81.16,-170.45
52.382175,-1.564629,143.19,9.62,3,161.03,20 / 21,4518109,2019-09-06 20:35:23:852,0.8447,1.8423,8.7271,0.0122,-0.0135,9.8066,-0.0392,0.0696,-0.0852,-11.19,-31.37,30.5,347.2,-80.91,-171.21
52.382175,-1.564629,143.19,9.62,3,161.03,20 / 21,4518210,2019-09-06 20:35:23:953,-0.5056,-1.5336,9.0016,0.0027,-0.0163,9.8066,-0.1356,-0.0435,0.0169,-10,-30.44,29.94,348.31,-80.92,-171.37
52.382175,-1.564629,143.19,9.62,3,161.03,20 / 21,4518310,2019-09-06 20:35:24:053,0.0122,2.0282,9.8949,0.0068,0.0085,9.8066,-0.1732,-0.0079,-0.1197,-9.75,-31.12,29.5,349.11,-81.21,-170.7
52.382175,-1.564629,143.19,9.62,3,161.03,20 / 21,4518409,2019-09-06 20:35:24:152,0.8517,2.3914,9.2662,0.0177,0.0001,9.8066,0.0729,0.0206,0.0942,-9.06,-32.31,29.06,349.44,-81.49,-171.57
52.382175,-1.564629,143.19,9.62,3,161.03,20 / 21,4518510,2019-09-06 20:35:24:253,0.211,0.8844,9.5281,-0.0136,0.0058,9.8065,-0.0241,-0.0353,0.0489,-9.44,-31.62,29.44,349.9,-81.48,-171.18
52.382175,-1.564629,143.19,9.62,3,161.03,20 / 21,4518609,2019-09-06 20:35:24:352,-0.9096,0.9529,8.1006,0.0324,-0.0778,9.8063,-0.2456,0.0986,0.0272,-8.81,-31.56,29.88,350.61,-81,-171.08
52.382175,-1.564629,143.19,9.62,3,161.03,20 / 21,4518709,2019-09-06 20:35:24:452,-0.495,3.7999,10.4585,0.0021,-0.0417,9.8065,-0.3022,-0.0636,-0.0364,-9.37,-31,30.88,351.27,-80.81,-171.09
52.382175,-1.564629,143.19,9.62,3,161.03,20 / 21,4518809,2019-09-06 20:35:24:552,-1.336,0.9345,9.6157,0.0434,-0.081,9.8062,0.5371,0.076,0.0145,-9.19,-29.94,30.94,350.4,-80.26,-171.77
52.382175,-1.564629,143.19,9.62,3,161.03,20 / 21,4518910,2019-09-06 20:35:24:653,-0.1446,0.2168,9.5779,-0.0461,0.087,9.8061,0.0701,-0.0026,-0.0525,-10,-29.81,31.31,348.43,-80.22,-171.73
52.382175,-1.564629,143.19,9.62,3,161.03,20 / 21,4519009,2019-09-06 20:35:24:752,0.7263,0.425,9.5676,-0.0107,0.0422,9.8065,0.2494,-0.0013,0.0549,-10.37,-29.69,31.31,347.73,-79.84,-172.22
52.382175,-1.564629,143.19,9.62,3,161.03,20 / 21,4519109,2019-09-06 20:35:24:852,-2.2326,2.0281,8.1236,-0.0254,0.0387,9.8065,0.0027,0.2116,-0.0864,-11,-29,32,346.57,-79.93,-172.26
52.382175,-1.564629,143.19,9.62,3,161.03,20 / 21,4519210,2019-09-06 20:35:24:953,0.4215,-0.9788,9.8025,-0.0517,0.1198,9.8057,-0.168,0.0872,-0.1112,-10.37,-29.12,30.88,348.38,-80.82,-171.95
52.382175,-1.564629,143.19,9.62,3,161.03,20 / 21,4519310,2019-09-06 20:35:25:053,-0.345,1.1558,10.1587,0.0089,0.0238,9.8065,0.0764,-0.046,0.0507,-9.62,-29.37,29.44,346.7,-81.13,-172.2
52.382175,-1.564629,143.19,9.62,3,161.03,19 / 21,4519409,2019-09-06 20:35:25:152,0.7171,1.3078,10.8694,-0.0231,0.0014,9.8066,0.1744,-0.042,0.1569,-8.81,-29.62,29.56,350.78,-81.17,-171.06
52.382175,-1.564629,143.19,9.62,3,161.03,19 / 21,4519510,2019-09-06 20:35:25:253,-0.223,1.7044,9.7715,-0.0087,-0.0522,9.8065,0.1501,0.0709,-0.111,-8.94,-29.87,29.56,351.51,-81.1,-170.43
52.382175,-1.564629,143.19,9.62,3,161.03,19 / 21,4519610,2019-09-06 20:35:25:353,0.3658,0.5901,10.7966,0.0191,-0.0013,9.8066,0.0946,-0.0853,0.0761,-9.81,-29.37,30,349.09,-80.56,-170.7
52.382175,-1.564629,143.19,9.62,3,161.03,19 / 21,4519710,2019-09-06 20:35:25:453,0.7659,-1.3266,10.4184,-0.0194,0.0166,9.8065,0.0746,-0.0126,0.0034,-9.56,-29.62,30.06,349.95,-80.67,-169.95
52.382175,-1.564629,143.19,9.62,3,161.03,19 / 21,4519810,2019-09-06 20:35:25:553,-0.8448,-0.6472,9.9785,-0.0063,0.0068,9.8066,-0.0949,0.0434,-0.107,-9.5,-29.81,29.5,352.87,-80.77,-169.24
52.382175,-1.564629,143.19,9.62,3,161.03,19 / 21,4519910,2019-09-06 20:35:25:653,0.1137,-0.5436,9.8519,0.0055,0.0159,9.8066,-0.0031,-0.0507,0.0627,-8.75,-29.94,30.06,352.7,-80.87,-169.41
52.382175,-1.564629,143.19,9.62,3,161.03,19 / 21,4520009,2019-09-06 20:35:25:752,-0.5591,-0.0512,10.5446,-0.0062,0.011,9.8066,0.1003,0.0192,-0.0494,-8.37,-29.87,29.75,354.8,-80.81,-169.4
52.382175,-1.564629,143.19,9.62,3,161.03,19 / 21,4520109,2019-09-06 20:35:25:852,-0.2294,-0.3881,9.7157,-0.008,0.002,9.8066,0.1625,0.0077,-0.026,-8.37,-29.69,29.25,354.4,-80.71,-169.2
52.382175,-1.564629,143.19,9.62,3,161.03,19 / 21,4520209,2019-09-06 20:35:25:952,0.9844,-0.928,9.5053,0.0051,0.0163,9.8066,-0.0419,-0.0413,0.1716,-8.31,-29.87,30.38,354.87,-80.71,-169.34
52.382175,-1.564629,143.19,9.62,3,161.03,19 / 21,4520311,2019-09-06 20:35:26:054,0.5689,1.9158,9.7032,-0.0119,-0.0379,9.8065,-0.2825,-0.0218,-0.0875,-8,-29.31,30.69,356.45,-80.59,-168.51
52.381474,-1.56422,143.11,8.42,4,159.95,19 / 21,4520409,2019-09-06 20:35:26:152,0.1622,0.5707,10.3146,-0.0075,0.0325,9.8065,-0.0248,0.1031,0.022,-8.56,-29.12,30.38,354.03,-80.79,-168.31
52.381474,-1.56422,143.11,8.42,4,159.95,19 / 21,4520510,2019-09-06 20:35:26:253,0.0519,-2.3631,9.8497,-0.005,0.0569,9.8064,0.0344,0.0416,-0.0498,-7.62,-29.06,29.69,356.38,-81.05,-168.12
52.381474,-1.56422,143.11,8.42,4,159.95,19 / 21,4520610,2019-09-06 20:35:26:353,-0.944,1.3507,9.5976,-0.0181,0.0298,9.8065,-0.0619,-0.1261,0.052,-8,-29.56,29.81,356.8,-80.83,-167.74
52.381474,-1.56422,143.11,8.42,4,159.95,19 / 21,4520710,2019-09-06 20:35:26:453,1.0501,1.6649,9.6465,-0.0068,0.0063,9.8066,0.0789,0.0173,0.1195,-8.44,-29.37,30.13,356.12,-80.84,-168.32
52.381474,-1.56422,143.11,8.42,4,159.95,19 / 21,4520810,2019-09-06 20:35:26:553,-0.2151,-0.3119,9.4675,-0.0059,0.0191,9.8066,0.0601,0.0341,-0.0098,-8.87,-29.06,31.31,355.7,-80.92,-167.45
52.381474,-1.56422,143.11,8.42,4,159.95,19 / 21,4520909,2019-09-06 20:35:26:652,-1.2589,-0.0543,9.6467,0.0269,-0.077,9.8063,-0.1454,0.1816,-0.129,-8.5,-28.81,29.69,355.63,-80.79,-168.73
52.381474,-1.56422,143.11,8.42,4,159.95,19 / 21,4521010,2019-09-06 20:35:26:753,1.5877,1.137,9.6737,-0.0014,-0.0682,9.8063,0.0358,-0.1248,0.1504,-8.87,-28.31,29.31,353.72,-80.91,-168.05
52.381474,-1.56422,143.11,8.42,4,159.95,19 / 21,4521109,2019-09-06 20:35:26:852,-0.5858,-0.8848,9.381,0.0013,0.0033,9.8066,-0.0045,0.0099,0.0064,-9.19,-29.31,28.63,352.74,-81.08,-168.86
52.381474,-1.56422,143.11,8.42,4,159.95,19 / 21,4521210,2019-09-06 20:35:26:953,0.5087,1.1069,10.0073,0.0036,-0.0083,9.8066,-0.0964,0.0741,-0.0012,-10,-30.44,29.19,350.82,-80.94,-168.63
52.381474,-1.56422,143.11,8.42,4,159.95,19 / 21,4521310,2019-09-06 20:35:27:053,-0.7433,0.6649,10.419,0.0102,0.0174,9.8066,-0.0674,0.0509,-0.1064,-9.87,-31.5,29.69,352.06,-80.91,-168.18
52.381474,-1.56422,143.11,8.42,4,159.95,19 / 21,4521409,2019-09-06 20:35:27:152,0.6043,-0.0363,9.5791,0.0033,-0.0141,9.8066,0.0028,0.0105,0.0389,-10,-30.94,30.5,351.96,-80.92,-168.86
52.381474,-1.56422,143.11,8.42,4,159.95,19 / 21,4521510,2019-09-06 20:35:27:253,0.9687,-1.3582,10.5551,0.0041,0.0054,9.8066,-0.036,0.0495,-0.0461,-10.44,-31.5,30.81,351.99,-80.98,-168.84
52.381474,-1.56422,143.11,8.42,4,159.95,19 / 21,4521610,2019-09-06 20:35:27:353,-0.027,-2.5221,10.6238,-0.0242,0.0204,9.8066,0.2098,-0.0777,0.0823,-9.81,-30.44,30.69,352.99,-81.15,-168.06
52.381474,-1.56422,143.11,8.42,4,159.95,19 / 21,4521710,2019-09-06 20:35:27:453,1.0229,-1.0054,10.6941,0.021,-0.0257,9.8065,-0.2701,-0.0746,-0.0183,-9.5,-31.06,30.56,354.12,-81.16,-168.75
52.381474,-1.56422,143.11,8.42,4,159.95,19 / 21,4521810,2019-09-06 20:35:27:553,1.0545,1.8932,9.3366,0.0304,-0.0465,9.8064,-0.2843,0.0794,-0.0622,-9.25,-30.56,30.5,353.55,-81.12,-169.23
52.381474,-1.56422,143.11,8.42,4,159.95,19 / 21,4521909,2019-09-06 20:35:27:652,-0.2503,-0.0761,9.2547,-0.0101,0.0301,9.8066,0.1373,0.0546,-0.0136,-9.56,-31.06,30.56,352,-81.15,-168.86
52.381474,-1.56422,143.11,8.42,4,159.95,19 / 21,4522009,2019-09-06 20:35:27:752,-0.3604,0.212,10.3026,0.0001,-0.0038,9.8065,0.067,-0.0498,0.0111,-8.62,-31,30.63,354.13,-81.22,-168.75
52.381474,-1.56422,143.11,8.42,4,159.95,19 / 21,4522110,2019-09-06 20:35:27:853,-0.0439,0.0876,9.2945,0.009,-0.0153,9.8065,0.0143,-0.0218,-0.017,-9,-31.25,31.63,354.34,-81.21,-169.08
52.381474,-1.56422,143.11,8.42,4,159.95,19 / 21,4522210,2019-09-06 20:35:27:953,-0.3109,1.0602,8.2978,0.0066,-0.0146,9.8066,-0.0438,-0.1316,0.0484,-8.25,-30.75,32.13,356.3,-81.2,-169.09
52.381474,-1.56422,143.11,8.42,4,159.95,19 / 21,4522310,2019-09-06 20:35:28:053,0.3229,-0.0133,10.0299,-0.0048,0.0274,9.8065,-0.1575,-0.0937,-0.1175,-9,-30,31.81,354.28,-81.15,-169.15
52.381474,-1.56422,143.11,8.42,4,159.95,19 / 21,4522410,2019-09-06 20:35:28:153,1.5916,0.0602,9.5643,0.0103,-0.059,9.8064,-0.2401,-0.117,0.0062,-8.62,-30,31,353.73,-81.05,-169.1
52.381474,-1.56422,143.11,8.42,4,159.95,19 / 21,4522509,2019-09-06 20:35:28:252,-2.0994,1.3201,9.0661,-0.0244,0.0065,9.8066,-0.0406,0.071,-0.0277,-8.75,-29.87,30.69,354.29,-81.23,-168.64
52.381474,-1.56422,143.11,8.42,4,159.95,19 / 21,4522610,2019-09-06 20:35:28:353,1.1584,-1.1465,8.5517,-0.006,0.0138,9.8066,-0.004,-0.1252,0.0062,-8.56,-30.69,30.75,354.19,-81.24,-168.7
52.381474,-1.56422,143.11,8.42,4,159.95,19 / 21,4522709,2019-09-06 20:35:28:452,0.5197,1.0394,9.4948,0.0084,-0.0219,9.8065,0.1597,-0.0295,0.0039,-9.44,-31,30.94,354.99,-81.14,-168.02
52.381474,-1.56422,143.11,8.42,4,159.95,19 / 21,4522810,2019-09-06 20:35:28:553,0.7172,-0.2332,9.8797,-0.0021,0.0315,9.8065,0.1334,0.1395,0.0512,-8.25,-30.75,31.13,356.05,-81.54,-168.87
52.381474,-1.56422,143.11,8.42,4,159.95,19 / 21,4522910,2019-09-06 20:35:28:653,-0.5615,-0.4216,10.0504,-0.0043,0.0198,9.8066,0.0213,-0.0162,-0.102,-8.37,-30.44,31.88,355.94,-81.56,-169.44
52.381474,-1.56422,143.11,8.42,4,159.95,19 / 21,4523010,2019-09-06 20:35:28:753,-1.1839,0.169,9.451,0.0009,0.0251,9.8066,0.1241,-0.0053,-0.0449,-8.69,-30.19,31.31,354.17,-81.41,-168.77
52.381474,-1.56422,143.11,8.42,4,159.95,19 / 21,4523110,2019-09-06 20:35:28:853,0.732,-2.0552,10.2364,-0.0091,0.0416,9.8065,-0.1304,-0.0471,0.0579,-8.31,-31,31.13,355.29,-81.6,-169.52
52.381474,-1.56422,143.11,8.42,4,159.95,19 / 21,4523210,2019-09-06 20:35:28:953,0.5633,0.1334,10.4955,0.0085,-0.0246,9.8065,-0.0462,-0.023,-0.0808,-8.5,-30.94,30.94,354.48,-81.47,-170.19
52.381474,-1.56422,143.11,8.42,4,159.95,19 / 21,4523310,2019-09-06 20:35:29:053,0.6945,0.1948,10.0117,0.0059,-0.005,9.8066,-0.1023,-0.0541,0.0882,-8.69,-30.37,31.38,352.38,-81.56,-170.31
52.381474,-1.56422,143.11,8.42,4,159.95,20 / 21,4523410,2019-09-06 20:35:29:153,-0.6569,0.5617,10.0746,0.0069,-0.035,9.8066,-0.071,0.0151,0.0373,-8.12,-30.31,31.75,354.43,-81.45,-170.72
52.381474,-1.56422,143.11,8.42,4,159.95,20 / 21,4523510,2019-09-06 20:35:29:253,0.0047,0.6803,10.2316,-0.0097,0.0134,9.8065,0.0515,-0.02,-0.0284,-8.87,-30.44,30.75,351.86,-81.39,-170.73
52.381474,-1.56422,143.11,8.42,4,159.95,20 / 21,4523609,2019-09-06 20:35:29:352,-0.0713,-0.4962,9.7526,0.0032,0.0183,9.8066,0.0726,-0.021,-0.0238,-8.5,-31,31,354.42,-81.36,-170.24
52.381474,-1.56422,143.11,8.42,4,159.95,20 / 21,4523709,2019-09-06 20:35:29:452,0.0635,-0.2945,9.9928,-0.0012,0.0043,9.8066,0.0073,0.0074,0.0214,-8.19,-30.81,32,354.34,-81.44,-170.77
52.381474,-1.56422,143.11,8.42,4,159.95,20 / 21,4523809,2019-09-06 20:35:29:552,0.1349,0.362,9.974,0.001,0.0018,9.8066,-0.0863,-0.0462,0.005,-8,-30.19,31.13,353.83,-81.41,-170.77
52.381474,-1.56422,143.11,8.42,4,159.95,20 / 21,4523909,2019-09-06 20:35:29:652,-0.035,-0.6024,10.365,-0.0022,0.0038,9.8066,-0.0623,0.0431,-0.0021,-7.81,-30.06,31.13,354.3,-81.53,-170.39
52.381474,-1.56422,143.11,8.42,4,159.95,20 / 21,4524009,2019-09-06 20:35:29:752,-0.8565,0.6669,9.4337,0.0091,-0.011,9.8066,-0.0249,-0.0137,0.0392,-7.37,-30.44,30.5,355.92,-81.53,-170.75
52.381474,-1.56422,143.11,8.42,4,159.95,20 / 21,4524110,2019-09-06 20:35:29:853,0.0518,-0.0896,9.9549,-0.0048,0.0113,9.8066,0.0941,-0.0279,-0.0167,-7.37,-31.12,30.31,355.11,-81.4,-170.97
52.381474,-1.56422,143.11,8.42,4,159.95,20 / 21,4524209,2019-09-06 20:35:29:952,-0.4748,0.4353,10.3454,-0.0014,0.0153,9.8066,0.0774,0.0385,-0.0595,-7.75,-31.69,31.19,353.48,-81.35,-171
52.381474,-1.56422,143.11,8.42,4,159.95,20 / 21,4524309,2019-09-06 20:35:30:052,-0.2243,-0.1834,9.5451,-0.004,0.0082,9.8065,-0.1367,0.0268,-0.0607,-8,-31.12,32.25,353.72,-81.47,-171.3
52.381474,-1.56422,143.11,8.42,4,159.95,20 / 21,4524410,2019-09-06 20:35:30:153,0.9923,0.5193,9.6763,0.0058,0.0039,9.8066,-0.0151,0.0332,-0.0032,-7.56,-31.31,31.06,352.47,-81.43,-171.9
52.381474,-1.56422,143.11,8.42,4,159.95,20 / 21,4524509,2019-09-06 20:35:30:252,0.5006,0.0774,9.0181,-0.0084,0.0052,9.8066,-0.0995,-0.0925,0.0632,-7.19,-31.31,30.75,355.13,-81.51,-171.39
52.381474,-1.56422,143.11,8.42,4,159.95,20 / 21,4524609,2019-09-06 20:35:30:352,-1.2324,-0.0452,9.3758,-0.0012,-0.0062,9.8066,-0.2607,0.0569,-0.025,-7.62,-32.19,30.31,353.95,-81.58,-170.14
52.381474,-1.56422,143.11,8.42,4,159.95,20 / 21,4524709,2019-09-06 20:35:30:452,-0.2142,0.9661,9.7939,-0.0019,-0.0066,9.8066,0.0534,-0.0767,-0.0701,-7.56,-31.87,31.13,354.44,-81.73,-170.23
52.381474,-1.56422,143.11,8.42,4,159.95,20 / 21,4524810,2019-09-06 20:35:30:553,-1.0166,-0.6541,9.8746,0.0029,0.0102,9.8066,0.1443,-0.0704,0.013,-7.94,-31.56,31.81,355.33,-81.59,-169.92
52.381474,-1.56422,143.11,8.42,4,159.95,20 / 21,4524910,2019-09-06 20:35:30:653,1.9022,0.5773,10.0136,-0.0021,-0.0247,9.8066,0.0523,0.0006,0.1496,-7.5,-30.44,31.63,356.83,-81.37,-170.36
52.381474,-1.56422,143.11,8.42,4,159.95,20 / 21,4525010,2019-09-06 20:35:30:753,-2.4226,0.0158,10.9305,-0.0082,-0.0182,9.8066,-0.0608,-0.1493,0.0915,-8.12,-30.75,31.5,354.56,-81.32,-170.57
52.381474,-1.56422,143.11,8.42,4,159.95,20 / 21,4525110,2019-09-06 20:35:30:853,2.1411,-0.1329,9.5147,-0.0084,0.0402,9.8065,-0.094,-0.209,0.0075,-7.19,-30.44,31.63,357.76,-81.56,-169.58
52.381474,-1.56422,143.11,8.42,4,159.95,20 / 21,4525209,2019-09-06 20:35:30:952,-1.0356,1.1492,9.7939,0.0031,0.021,9.8066,0.0341,-0.0179,-0.0327,-7.75,-30.62,30.5,355.47,-81.71,-169.38
52.381474,-1.56422,143.11,8.42,4,159.95,20 / 21,4525310,2019-09-06 20:35:31:053,0.109,-0.4141,9.4501,0.0049,-0.0116,9.8066,-0.0815,0.1262,0.0587,-7.44,-30,30.69,357.6,-81.66,-169.32
52.381474,-1.56422,143.11,8.42,4,159.95,20 / 21,4525409,2019-09-06 20:35:31:152,-0.9406,0.4484,10.127,0.0079,-0.0361,9.8065,-0.1411,-0.0279,0.0167,-7.94,-31,30.94,355.38,-81.69,-169.46
52.381474,-1.56422,143.11,8.42,4,159.95,20 / 21,4525510,2019-09-06 20:35:31:253,0.6021,0.0696,9.2235,-0.0122,0.0023,9.8066,-0.0426,-0.0871,0.0536,-7.75,-31.69,30.69,355.8,-81.65,-169.08
52.381474,-1.56422,143.11,8.42,4,159.95,20 / 21,4525609,2019-09-06 20:35:31:352,-0.2948,-1.0186,9.4363,-0.0087,0.0332,9.8066,-0.0182,-0.0104,-0.0643,-8.19,-32.06,31.19,356.92,-81.7,-168.13
52.381474,-1.56422,143.11,8.42,4,159.95,20 / 21,4525710,2019-09-06 20:35:31:453,0.3715,0.5241,10.1933,-0.0036,0.0053,9.8066,0.0302,0.1093,0.0006,-7.06,-31.75,31.75,357.78,-81.62,-169.54
52.381474,-1.56422,143.11,8.42,4,159.95,20 / 21,4525810,2019-09-06 20:35:31:553,0.0781,0.1628,10.303,-0.0152,0.0072,9.8066,-0.0773,0.0001,-0.0065,-7.56,-31.5,32.5,357.21,-81.65,-168.77
52.381474,-1.56422,143.11,8.42,4,159.95,20 / 21,4525909,2019-09-06 20:35:31:652,0.0953,-1.0287,9.4595,-0.0012,0.0109,9.8066,0.0258,-0.0299,0.014,-7.12,-29.5,32.56,359.24,-81.65,-168.68
52.381474,-1.56422,143.11,8.42,4,159.95,20 / 21,4526010,2019-09-06 20:35:31:753,0.0255,-0.3986,9.9633,0.0103,-0.0165,9.8066,0.0227,-0.0225,-0.0262,-7,-28.75,31.94,358.58,-81.53,-168.88
52.381474,-1.56422,143.11,8.42,4,159.95,20 / 21,4526110,2019-09-06 20:35:31:853,0.2509,-0.0127,9.3469,0.0094,-0.001,9.8066,-0.0455,0.0231,0.027,-6.87,-28.94,31.38,356.91,-81.49,-169.91
52.381474,-1.56422,143.11,8.42,4,159.95,20 / 21,4526210,2019-09-06 20:35:31:953,0.4981,-0.4662,9.7511,-0.0111,0.0126,9.8066,-0.0764,0.0102,0.0536,-6.75,-30.06,30.69,357.26,-81.56,-169.61
52.381474,-1.56422,143.11,8.42,4,159.95,20 / 21,4526310,2019-09-06 20:35:32:053,0.5533,-0.7639,9.9582,0.0042,-0.0194,9.8065,0.0465,0.0045,-0.0276,-7.25,-30.62,30.06,357.07,-81.42,-169.32
52.381474,-1.56422,143.11,8.42,4,159.95,20 / 21,4526409,2019-09-06 20:35:32:152,0.315,-0.1709,9.7986,-0.0004,0.0274,9.8065,0.0435,-0.0021,0.0463,-7.81,-31.25,31,354.78,-81.64,-169.97
52.381474,-1.56422,143.11,8.42,4,159.95,20 / 21,4526509,2019-09-06 20:35:32:252,-0.0511,-0.9202,10.2578,-0.0146,0.0139,9.8066,0.0038,-0.04,-0.0028,-7,-30.5,31.63,357.65,-81.62,-169.67
52.381474,-1.56422,143.11,8.42,4,159.95,20 / 21,4526609,2019-09-06 20:35:32:352,1.1234,-0.7412,10.2108,0.0023,-0.0106,9.8066,0.0289,-0.0271,-0.0803,-7.56,-29.75,31.69,355.4,-81.55,-169.9
52.381474,-1.56422,143.11,8.42,4,159.95,20 / 21,4526710,2019-09-06 20:35:32:453,0.7586,-0.4839,9.1769,0.009,-0.0068,9.8066,-0.0726,-0.0613,0.1235,-7.19,-30.19,31.75,356.89,-81.57,-170.32
52.381474,-1.56422,143.11,8.42,4,159.95,20 / 21,4526809,2019-09-06 20:35:32:552,0.7597,-1.3085,10.0617,0.0022,-0.0464,9.8065,-0.1266,0.0164,-0.0178,-8.12,-30.31,31.13,354.71,-81.36,-170.02
52.381474,-1.56422,143.11,8.42,4,159.95,20 / 21,4526910,2019-09-06 20:35:32:653,0.2902,0.1053,9.5978,0.0252,-0.0519,9.8064,0.1219,-0.0076,0.0086,-7.62,-30.31,31.06,354.58,-81.41,-170.13
52.381474,-1.56422,143.11,8.42,4,159.95,20 / 21,4527010,2019-09-06 20:35:32:753,-0.0959,2.2391,9.4559,-0.0016,0.0033,9.8066,-0.0902,0.0007,-0.0111,-7.94,-30.56,31.75,354.78,-81.54,-170.41
52.381474,-1.56422,143.11,8.42,4,159.95,20 / 21,4527110,2019-09-06 20:35:32:853,0.1019,0.6334,8.9561,-0.0129,0.0086,9.8066,0.075,-0.123,-0.01,-7.25,-29.81,31,356.6,-81.52,-170.17
52.381474,-1.56422,143.11,8.42,4,159.95,20 / 21,4527210,2019-09-06 20:35:32:953,-0.6733,-2.1636,11.127,-0.0026,0.0302,9.8065,0.1352,-0.0001,-0.05,-7.94,-30.37,31,355.08,-81.48,-169.71
52.381474,-1.56422,143.11,8.42,4,159.95,20 / 21,4527309,2019-09-06 20:35:33:052,-0.3383,-0.463,9.3884,-0.0033,0.0507,9.8065,-0.2588,0.0083,0.0989,-7.75,-30.37,30.81,353.95,-81.94,-170.73
52.381474,-1.56422,143.11,8.42,4,159.95,20 / 21,4527409,2019-09-06 20:35:33:152,0.1323,0.0075,10.2727,0.0071,-0.1011,9.8061,-0.3842,-0.0354,0.0224,-8.5,-31.69,31.31,353.73,-81.54,-170.81
52.381474,-1.56422,143.11,8.42,4,159.95,20 / 21,4527510,2019-09-06 20:35:33:253,1.4307,-0.541,8.7722,-0.0114,0.0872,9.8062,0.2225,-0.1428,0.047,-7.44,-30.69,30.88,356.61,-81.61,-170.15
52.381474,-1.56422,143.11,8.42,4,159.95,20 / 21,4527609,2019-09-06 20:35:33:352,0.5347,1.382,10.1556,-0.014,0.0203,9.8065,-0.1752,-0.0121,-0.0787,-8.19,-31.25,30.56,354.92,-81.8,-169.86
52.381474,-1.56422,143.11,8.42,4,159.95,20 / 21,4527710,2019-09-06 20:35:33:453,1.1999,0.9894,10.4078,-0.0068,-0.0067,9.8066,0.3526,-0.0943,0.0877,-7.75,-31.25,30.63,354.62,-81.78,-170.11
52.381474,-1.56422,143.11,8.42,4,159.95,20 / 21,4527810,2019-09-06 20:35:33:553,0.1701,-0.5099,9.4159,-0.019,0.0245,9.8065,0.2008,0.0726,-0.1195,-8.56,-31.37,32,354.09,-81.62,-169.33
52.381474,-1.56422,143.11,8.42,4,159.95,20 / 21,4527910,2019-09-06 20:35:33:653,1.8541,-1.9689,10.0932,-0.0132,0.0714,9.8063,-0.3114,-0.0576,0.1109,-8.37,-30.69,31,355.95,-81.97,-168.99
52.381474,-1.56422,143.11,8.42,4,159.95,20 / 21,4528010,2019-09-06 20:35:33:753,2.5341,-0.9708,9.5673,0.017,-0.0681,9.8063,-0.1389,0.1225,-0.1091,-9.44,-30.87,31,354.38,-81.61,-168.58
52.381474,-1.56422,143.11,8.42,4,159.95,20 / 21,4528109,2019-09-06 20:35:33:852,-1.6108,0.5582,9.2794,0.0324,-0.0554,9.8064,0.1472,0.0374,-0.0415,-9.12,-30.44,31.44,353.47,-81.63,-169.39
52.381474,-1.56422,143.11,8.42,4,159.95,20 / 21,4528209,2019-09-06 20:35:33:952,1.4912,-0.7813,9.0802,0.0011,0.0358,9.8065,-0.0976,-0.0902,0.0589,-9.56,-30.37,31.25,351.77,-81.61,-169.16
52.381474,-1.56422,143.11,8.42,4,159.95,20 / 21,4528309,2019-09-06 20:35:34:052,-1.0645,0.9449,9.4154,-0.0007,-0.0011,9.8066,0.0374,-0.0105,-0.063,-8.75,-30.06,31.75,354.29,-81.58,-169.19
52.381474,-1.56422,143.11,8.42,4,159.95,20 / 21,4528410,2019-09-06 20:35:34:153,0.4845,0.3116,10.2211,-0.0194,0.067,9.8064,0.2242,0.0114,-0.0111,-9.06,-31.06,31.13,353.5,-81.51,-169.32
52.381474,-1.56422,143.11,8.42,4,159.95,20 / 21,4528509,2019-09-06 20:35:34:252,-0.3959,-2.3475,11.2242,-0.0143,0.0744,9.8063,-0.0823,0.1502,-0.0639,-8.56,-30.37,31.38,354.21,-82,-168.79
52.381474,-1.56422,143.11,8.42,4,159.95,20 / 21,4528610,2019-09-06 20:35:34:353,0.0915,-0.1138,9.9581,0.0213,-0.0598,9.8064,-0.1145,-0.0278,0.0318,-8.87,-31.06,31.31,353.1,-81.64,-169.67
52.381474,-1.56422,143.11,8.42,4,159.95,20 / 21,4528710,2019-09-06 20:35:34:453,-1.113,0.9704,9.766,0.0053,-0.0158,9.8066,-0.0612,0.0596,0.0125,-8,-30.94,30.94,355.52,-81.73,-169.34
52.381474,-1.56422,143.11,8.42,4,159.95,20 / 21,4528809,2019-09-06 20:35:34:552,2.8675,0.1617,8.9914,0.0085,-0.0147,9.8066,-0.1453,0.0729,-0.0132,-7.94,-31.37,31.38,354.44,-81.62,-170.25
52.381474,-1.56422,143.11,8.42,4,159.95,20 / 21,4528909,2019-09-06 20:35:34:652,0.3967,2.8466,9.0176,0.0366,-0.0602,9.8064,0.1695,-0.133,0.0757,-8.37,-32.19,30.31,353.25,-81.58,-170.73
52.381474,-1.56422,143.11,8.42,4,159.95,20 / 21,4529010,2019-09-06 20:35:34:753,-0.2936,1.0657,10.2432,-0.0356,0.0735,9.8063,-0.0345,0.0698,-0.1249,-8.62,-32.19,30.19,351.99,-81.59,-170.03
52.381474,-1.56422,143.11,8.42,4,159.95,20 / 21,4529109,2019-09-06 20:35:34:852,-1.0106,0.5074,7.9531,-0.0081,0.0078,9.8066,0.3688,0.039,0.0124,-8.75,-32.12,31.19,352.18,-82.23,-170.52
52.381474,-1.56422,143.11,8.42,4,159.95,20 / 21,4529210,2019-09-06 20:35:34:953,-0.6128,1.9511,9.3292,-0.0265,0.1022,9.806,0.5075,-0.0666,0.0465,-8.81,-31.81,30.63,353.77,-82.5,-169.18
52.381474,-1.56422,143.11,8.42,4,159.95,20 / 21,4529310,2019-09-06 20:35:35:053,-0.0059,-1.452,10.1198,-0.0524,0.1094,9.8058,-0.3444,-0.019,-0.0516,-8.19,-31.12,30.81,356.33,-82.55,-168.71
52.380795,-1.563823,144.57,9.32,3,160.9,21 / 22,4529410,2019-09-06 20:35:35:153,-0.487,-0.816,9.9113,-0.0152,0.072,9.8063,-0.2166,0.0399,-0.0639,-7.62,-31,31,355.83,-82.33,-169.12
52.380795,-1.563823,144.57,9.32,3,160.9,21 / 22,4529510,2019-09-06 20:35:35:253,0.406,-0.1068,9.0694,0.0164,-0.0376,9.8065,-0.1596,-0.0144,0.0543,-8.37,-31.06,30.31,354.45,-81.71,-169.76
52.380795,-1.563823,144.57,9.32,3,160.9,21 / 22,4529609,2019-09-06 20:35:35:352,0.209,0.4044,10.6858,0.0012,-0.016,9.8066,0.1216,-0.0212,-0.0029,-8.87,-31.44,31,353.43,-81.8,-169.42
52.380795,-1.563823,144.57,9.32,3,160.9,21 / 22,4529710,2019-09-06 20:35:35:453,0.542,-0.9013,10.6356,-0.0096,0.0308,9.8065,0.277,-0.0068,-0.077,-9.12,-30.87,30.5,354.65,-82.15,-168.41
52.380795,-1.563823,144.57,9.32,3,160.9,21 / 22,4529809,2019-09-06 20:35:35:552,0.4528,-1.4971,9.3834,-0.0068,0.0426,9.8065,-0.2747,-0.0296,-0.0089,-9.25,-30.62,30.38,353.86,-82.34,-168.58
52.380795,-1.563823,144.57,9.32,3,160.9,21 / 22,4529911,2019-09-06 20:35:35:654,0.7152,1.0266,9.0048,0.0269,-0.0312,9.8065,-0.1295,0.0508,0.0376,-9.75,-31.25,30.44,351.98,-82.26,-168.45
52.380795,-1.563823,144.57,9.32,3,160.9,21 / 22,4530010,2019-09-06 20:35:35:753,-0.8626,1.9919,8.1905,0.0183,-0.0154,9.8065,0.0131,-0.0007,-0.0216,-9.19,-31.87,30.5,353.38,-82.02,-169.45
52.380795,-1.563823,144.57,9.32,3,160.9,21 / 22,4530110,2019-09-06 20:35:35:853,-0.4033,-1.0304,9.906,0.0197,-0.054,9.8064,-0.0527,-0.0277,0.0588,-9.62,-32.19,30.25,350.18,-81.97,-169.91
52.380795,-1.563823,144.57,9.32,3,160.9,21 / 22,4530209,2019-09-06 20:35:35:952,-0.7602,0.3547,10.1664,-0.0045,0.0322,9.8065,0.0339,0.0155,-0.0366,-9.12,-32,31.19,352.84,-82.07,-169.92
52.380795,-1.563823,144.57,9.32,3,160.9,21 / 22,4530309,2019-09-06 20:35:36:052,-0.7694,-1.473,10.2232,-0.0229,0.0377,9.8065,0.1548,-0.0315,0.0936,-9.5,-31.5,31.13,353.87,-82.34,-169.1
52.380795,-1.563823,144.57,9.32,3,160.9,20 / 21,4530410,2019-09-06 20:35:36:153,0.5253,0.588,10.0705,0.0149,-0.0138,9.8066,-0.0254,-0.004,-0.0421,-9.62,-30.12,30.81,350.2,-82.25,-170.62
52.380795,-1.563823,144.57,9.32,3,160.9,20 / 21,4530509,2019-09-06 20:35:36:252,-0.2166,0.0204,9.4272,0.0036,-0.0223,9.8066,0.0364,-0.0727,0.0877,-10.37,-31.12,30.25,349.91,-82.2,-170.22
52.380795,-1.563823,144.57,9.32,3,160.9,20 / 21,4530610,2019-09-06 20:35:36:353,0.2741,-1.7885,9.7007,0.0068,0.0072,9.8066,0.0213,0.0358,-0.0568,-8.94,-31.81,30.5,351.98,-82.17,-170.68
52.380795,-1.563823,144.57,9.32,3,160.9,20 / 21,4530709,2019-09-06 20:35:36:452,0.0448,0.6203,10.2068,-0.0097,-0.0106,9.8065,0.0101,-0.0907,0.0855,-9.5,-32.37,30.63,353.08,-82.07,-169.72
52.380795,-1.563823,144.57,9.32,3,160.9,20 / 21,4530810,2019-09-06 20:35:36:553,-1.2699,-0.7226,9.7341,0.0052,0.003,9.8066,0.0024,0.0038,0.004,-9.44,-32.06,30.63,352.75,-82.18,-170.01
52.380795,-1.563823,144.57,9.32,3,160.9,20 / 21,4530909,2019-09-06 20:35:36:652,-0.0003,1.283,9.2604,0.0104,-0.0271,9.8066,0.0143,-0.045,-0.0119,-10.44,-32.5,30.31,350.17,-82.13,-169.95
52.380795,-1.563823,144.57,9.32,3,160.9,20 / 21,4531009,2019-09-06 20:35:36:752,0.111,1.1293,9.5894,-0.0253,0.009,9.8066,0.0175,-0.1165,0.0931,-9.94,-31.62,29.94,350.43,-82.21,-169.74
52.380795,-1.563823,144.57,9.32,3,160.9,20 / 21,4531109,2019-09-06 20:35:36:852,0.4332,-0.8604,10.5916,0.0001,0.0252,9.8066,0.0709,0.0272,-0.0361,-10.56,-32.81,30.5,348.8,-82.21,-170.05
52.380795,-1.563823,144.57,9.32,3,160.9,20 / 21,4531210,2019-09-06 20:35:36:953,0.779,1.1911,9.6889,0.0032,-0.0507,9.8064,0.0427,-0.0464,0.0677,-9.06,-32.25,30.94,353.07,-81.88,-169.7
52.380795,-1.563823,144.57,9.32,3,160.9,20 / 21,4531310,2019-09-06 20:35:37:053,-0.5126,1.5187,8.8488,-0.0157,0.054,9.8064,-0.1694,-0.0253,0.0224,-9.19,-32.69,31.38,353.25,-81.75,-169.5
52.380795,-1.563823,144.57,9.32,3,160.9,20 / 22,4531410,2019-09-06 20:35:37:153,-0.3184,-0.4034,9.5203,-0.0215,0.0405,9.8065,0.2491,-0.0116,0.0821,-8.69,-32.12,31.19,352.89,-81.82,-169.85
52.380795,-1.563823,144.57,9.32,3,160.9,20 / 22,4531510,2019-09-06 20:35:37:253,-0.0852,-0.1402,9.5773,-0.0061,0.028,9.8065,0.188,-0.0467,0.037,-8.94,-32.12,31.31,353.78,-82.04,-169.12
52.380795,-1.563823,144.57,9.32,3,160.9,20 / 22,4531609,2019-09-06 20:35:37:352,-0.1089,1.1635,10.1879,-0.0269,0.0631,9.8064,0.1251,-0.0525,-0.0053,-8.56,-31.94,30.75,354.33,-82.37,-168.69
52.380795,-1.563823,144.57,9.32,3,160.9,20 / 22,4531710,2019-09-06 20:35:37:453,0.4477,-1.5022,10.8719,0.0273,-0.0667,9.8064,0.1864,-0.0378,-0.0173,-9.31,-32.37,30.13,353.37,-82.38,-168.97
52.380795,-1.563823,144.57,9.32,3,160.9,20 / 22,4531811,2019-09-06 20:35:37:554,1.3668,-1.256,10.3457,0.0071,-0.0399,9.8065,-0.0725,-0.0581,0.0423,-9.25,-32.56,30.38,352.65,-82.25,-169.54
52.380795,-1.563823,144.57,9.32,3,160.9,20 / 22,4531909,2019-09-06 20:35:37:652,0.2822,-0.8859,10.0834,0.001,0.0007,9.8066,-0.0329,-0.0068,-0.0075,-8.56,-32.87,30.75,353.29,-82,-169.5
52.380795,-1.563823,144.57,9.32,3,160.9,20 / 22,4532010,2019-09-06 20:35:37:753,-0.3068,0.6224,9.7909,0.0063,-0.0122,9.8066,-0.0493,-0.0369,0.0376,-8.31,-32.25,30.75,355.36,-81.93,-169.48
52.380795,-1.563823,144.57,9.32,3,160.9,20 / 22,4532110,2019-09-06 20:35:37:853,0.4155,-0.6495,9.8945,0.0108,-0.0148,9.8066,-0.0346,-0.0002,-0.0145,-9.62,-32.69,31,351.09,-81.96,-169.69
52.380795,-1.563823,144.57,9.32,3,160.9,20 / 22,4532210,2019-09-06 20:35:37:953,-0.0634,0.1235,9.4054,-0.0086,0.0098,9.8066,0.1093,-0.0588,0.0189,-10.06,-32.94,30.25,350.81,-81.98,-169.34
52.380795,-1.563823,144.57,9.32,3,160.9,20 / 22,4532310,2019-09-06 20:35:38:053,0.3694,-0.7612,10.2058,-0.0033,0.0266,9.8066,0.0154,0.0131,-0.0385,-10.31,-33.56,30.19,350.29,-82.09,-169.76
52.380795,-1.563823,144.57,9.32,3,160.9,19 / 21,4532409,2019-09-06 20:35:38:152,0.3838,0.0543,9.5476,0.0012,-0.0035,9.8066,-0.0757,-0.0179,0.0426,-10.44,-34.62,30.81,351.38,-82.19,-169.41
52.380795,-1.563823,144.57,9.32,3,160.9,19 / 21,4532509,2019-09-06 20:35:38:252,0.2619,-1.3627,9.3794,-0.0014,0.0047,9.8066,-0.089,-0.0006,0.0539,-10.12,-34.5,31.44,351.4,-82.28,-169.44
52.380795,-1.563823,144.57,9.32,3,160.9,19 / 21,4532610,2019-09-06 20:35:38:353,-0.6458,-0.1519,10.2318,0.0005,0.0236,9.8066,0.0403,0.0211,-0.0447,-10.69,-34,31.19,349.67,-82.34,-169.28
52.380795,-1.563823,144.57,9.32,3,160.9,19 / 21,4532710,2019-09-06 20:35:38:453,-0.9729,0.7843,9.5841,-0.0092,0.0131,9.8065,0.0301,-0.0309,0.0301,-10.94,-33.87,31.5,350.43,-82.29,-169.23
52.380795,-1.563823,144.57,9.32,3,160.9,19 / 21,4532810,2019-09-06 20:35:38:553,0.489,-0.529,10.6633,-0.0025,0.0055,9.8066,-0.0236,-0.0314,0.0401,-10.44,-33.81,31,351.57,-82.27,-169.29
52.380795,-1.563823,144.57,9.32,3,160.9,19 / 21,4532909,2019-09-06 20:35:38:652,0.4294,-0.346,9.7995,-0.0017,0.0233,9.8065,-0.0306,0.0335,-0.0472,-9.31,-33.5,30.75,353.5,-82.24,-169.36
52.380795,-1.563823,144.57,9.32,3,160.9,19 / 21,4533009,2019-09-06 20:35:38:752,0.1549,-0.348,9.9179,0.0091,-0.0241,9.8066,-0.0825,-0.0374,-0.0092,-9.37,-33.94,30.69,353.15,-82.28,-169.63
52.380795,-1.563823,144.57,9.32,3,160.9,19 / 21,4533110,2019-09-06 20:35:38:853,-0.315,0.8415,9.3627,0.0134,-0.0398,9.8065,-0.1124,-0.0276,-0.0189,-9.31,-34.62,31.06,352.52,-82.03,-170.1
52.380795,-1.563823,144.57,9.32,3,160.9,19 / 21,4533210,2019-09-06 20:35:38:953,-0.1829,0.1081,9.3016,-0.0204,0.0407,9.8065,0.1854,-0.0683,0.0625,-9.5,-34.44,31.5,354.48,-82.25,-169
52.380795,-1.563823,144.57,9.32,3,160.9,19 / 21,4533310,2019-09-06 20:35:39:053,0.3684,0.6538,10.0142,0.0025,0.0141,9.8066,-0.0421,0.053,-0.047,-9.5,-34.06,31.31,353.33,-82.14,-169.46
52.380795,-1.563823,144.57,9.32,3,160.9,19 / 21,4533409,2019-09-06 20:35:39:152,-0.9573,1.5339,10.1045,-0.0223,0.0606,9.8064,0.2164,-0.0567,0.0057,-9.87,-32.94,31.69,353.32,-82.46,-168.4
52.380795,-1.563823,144.57,9.32,3,160.9,19 / 21,4533510,2019-09-06 20:35:39:253,0.904,-1.4738,9.4343,-0.0204,0.0729,9.8064,0.2805,-0.0249,-0.0183,-9.44,-32.62,31.06,354.21,-82.47,-168.77
52.380795,-1.563823,144.57,9.32,3,160.9,19 / 21,4533609,2019-09-06 20:35:39:352,-0.8685,-0.4247,10.3852,0.0183,-0.0422,9.8065,-0.0209,0.0612,-0.0522,-9.62,-33,30.94,351.73,-82.26,-169.19
52.380795,-1.563823,144.57,9.32,3,160.9,19 / 21,4533709,2019-09-06 20:35:39:452,-0.2097,-0.2511,9.255,0.0055,-0.03,9.8066,-0.0948,-0.1433,0.107,-9.44,-32.75,30.69,353.33,-81.88,-169.45
52.380795,-1.563823,144.57,9.32,3,160.9,19 / 21,4533810,2019-09-06 20:35:39:553,-2.5224,-0.976,9.6916,-0.005,0.0436,9.8065,0.057,-0.0374,-0.0056,-9.5,-32.69,30.94,352.44,-82.21,-170.26
52.380795,-1.563823,144.57,9.32,3,160.9,19 / 21,4533910,2019-09-06 20:35:39:653,-0.3258,1.7443,9.3,-0.006,0.0195,9.8066,-0.0265,-0.0631,-0.0174,-8.81,-33.44,31.19,353.51,-82.17,-169.34
52.380795,-1.563823,144.57,9.32,3,160.9,19 / 21,4534010,2019-09-06 20:35:39:753,1.0348,0.7274,9.4649,-0.0117,0.0197,9.8065,0.1301,-0.0326,0.0419,-9.56,-33.31,30.88,350.84,-82.26,-169.96
52.380795,-1.563823,144.57,9.32,3,160.9,19 / 21,4534109,2019-09-06 20:35:39:852,-1.1174,-0.2331,9.7944,0.0003,0.0017,9.8066,0.1991,-0.0648,0.0451,-9.25,-33,31.06,353.31,-82.1,-169.5
52.380795,-1.563823,144.57,9.32,3,160.9,19 / 21,4534210,2019-09-06 20:35:39:953,-0.3914,0.9058,9.7042,-0.0105,0.0079,9.8066,0.007,-0.0726,0.0558,-9.12,-33.06,31.25,352.67,-81.96,-170.02
52.380795,-1.563823,144.57,9.32,3,160.9,19 / 21,4534310,2019-09-06 20:35:40:053,-0.2025,0.0096,8.8843,0.0044,0.0141,9.8066,-0.0845,-0.0508,-0.008,-8.94,-32.56,31.06,353.12,-81.97,-169.64
52.380795,-1.563823,144.57,9.32,3,160.9,20 / 22,4534409,2019-09-06 20:35:40:152,0.621,-0.7832,9.9578,-0.0242,0.0623,9.8063,0.0641,-0.0462,-0.0195,-10.25,-32.69,31.56,352.22,-82.21,-169.32
52.380795,-1.563823,144.57,9.32,3,160.9,20 / 22,4534510,2019-09-06 20:35:40:253,-0.4729,-0.8321,10.5472,0.0115,-0.0206,9.8065,0.1391,-0.0449,0.0085,-9.69,-33.31,30.69,351.32,-82.17,-169.53
52.380795,-1.563823,144.57,9.32,3,160.9,20 / 22,4534609,2019-09-06 20:35:40:352,-0.4477,1.0585,9.5931,-0.0019,0.0052,9.8066,0.0927,-0.0008,-0.0146,-9.75,-34.37,30.31,349.9,-82.19,-170.11
52.380795,-1.563823,144.57,9.32,3,160.9,20 / 22,4534710,2019-09-06 20:35:40:453,0.1593,-0.6524,9.8108,0.0082,-0.0356,9.8065,0.1019,-0.0119,0.0093,-9,-34.31,30.94,352.55,-82.25,-170.14
52.380795,-1.563823,144.57,9.32,3,160.9,20 / 22,4534809,2019-09-06 20:35:40:552,0.2297,-0.2125,9.6745,0.0011,-0.0202,9.8066,-0.1323,-0.0043,0.042,-9.37,-33.81,31,352.98,-82.14,-169.75
52.380795,-1.563823,144.57,9.32,3,160.9,20 / 22,4534909,2019-09-06 20:35:40:652,-0.5707,0.3367,10.3053,-0.002,-0.0193,9.8065,-0.1431,-0.0124,0.0416,-9.87,-33.87,31.31,352.17,-82.25,-168.79
52.380795,-1.563823,144.57,9.32,3,160.9,20 / 22,4535009,2019-09-06 20:35:40:752,-0.9918,0.8417,10.0281,-0.0003,0.0035,9.8066,0.0746,-0.0053,-0.022,-9.87,-33.31,31.06,352.87,-82.32,-168.22
52.380795,-1.563823,144.57,9.32,3,160.9,20 / 22,4535109,2019-09-06 20:35:40:852,-0.8662,0.5554,10.085,0.0006,-0.0024,9.8066,0.0956,-0.073,0.0061,-9.12,-34.06,30.94,354.76,-82.29,-168.27
52.380795,-1.563823,144.57,9.32,3,160.9,20 / 22,4535209,2019-09-06 20:35:40:952,-0.1973,0.1316,9.8633,-0.0053,0.013,9.8066,0.0471,0.0375,-0.0002,-9.25,-34,31.19,354.6,-82.11,-168.38
52.380795,-1.563823,144.57,9.32,3,160.9,20 / 22,4535310,2019-09-06 20:35:41:053,-0.9523,-0.4574,10.2253,-0.006,0.0125,9.8066,0.0705,-0.0689,0.0475,-9.12,-33.5,31.31,354.44,-82.06,-168.54
52.380795,-1.563823,144.57,9.32,3,160.9,19 / 21,4535409,2019-09-06 20:35:41:152,-0.4831,-0.9008,10.0361,0.0094,-0.0132,9.8066,-0.1173,0.0289,-0.0353,-8.75,-33.31,32.69,354.79,-82.04,-169.21
52.380795,-1.563823,144.57,9.32,3,160.9,19 / 21,4535510,2019-09-06 20:35:41:253,0.6504,0.4168,10.0211,0.0085,-0.007,9.8066,-0.0633,-0.021,0.0284,-9.31,-32.56,32.13,354.73,-82.24,-168.81
52.380795,-1.563823,144.57,9.32,3,160.9,19 / 21,4535609,2019-09-06 20:35:41:352,-0.1966,0.9674,10.5099,-0.0032,0.0103,9.8065,0.1338,-0.0336,0.0113,-8.37,-31.5,32.31,356.07,-82.29,-169.36
52.380795,-1.563823,144.57,9.32,3,160.9,19 / 21,4535709,2019-09-06 20:35:41:452,0.5995,-0.2593,9.7308,-0.0081,0.0357,9.8066,0.2129,0.0284,-0.0321,-8.44,-29.94,31.69,356.13,-82.45,-169.34
52.380795,-1.563823,144.57,9.32,3,160.9,19 / 21,4535810,2019-09-06 20:35:41:553,-0.7036,-0.309,9.8692,0.0061,-0.0315,9.8065,-0.0994,0.0325,-0.0481,-7.25,-29.75,31.25,357.46,-82.12,-169.46
52.380795,-1.563823,144.57,9.32,3,160.9,19 / 21,4535910,2019-09-06 20:35:41:653,-0.1128,-0.4624,10.2987,0.0009,-0.0192,9.8066,-0.0176,-0.0291,0.0534,-7.62,-30.12,30.38,355.05,-82.06,-169.31
52.380795,-1.563823,144.57,9.32,3,160.9,19 / 21,4536010,2019-09-06 20:35:41:753,-0.143,0.5305,9.6872,0.0034,0.0017,9.8066,-0.0369,-0.0424,0.0225,-7.19,-30.87,29.94,357.04,-82.1,-169.39
52.380795,-1.563823,144.57,9.32,3,160.9,19 / 21,4536109,2019-09-06 20:35:41:852,0.228,-0.3959,9.5103,0.0085,0.0018,9.8066,-0.1025,0.0164,-0.0729,-8,-31,30.38,354.88,-82.19,-169.45
52.380795,-1.563823,144.57,9.32,3,160.9,19 / 21,4536210,2019-09-06 20:35:41:953,0.1274,0.7217,9.8262,-0.0061,0.0332,9.8066,0.13,0.0448,-0.009,-7.5,-30.56,29.44,355.63,-82.26,-170.15
52.380795,-1.563823,144.57,9.32,3,160.9,19 / 21,4536310,2019-09-06 20:35:42:053,-0.3505,-1.2541,10.1292,0.0185,-0.0476,9.8065,0.1902,-0.0339,0.0279,-7.19,-31.44,29.69,356.73,-82.55,-169.68
52.380795,-1.563823,144.57,9.32,3,160.9,19 / 21,4536409,2019-09-06 20:35:42:152,0.183,-0.4992,10.007,0.0179,-0.0553,9.8065,-0.0786,-0.0307,-0.0216,-6.37,-32.31,29.63,357.19,-82.3,-171.08
52.380795,-1.563823,144.57,9.32,3,160.9,19 / 21,4536510,2019-09-06 20:35:42:253,0.1718,0.4072,10.1878,0.0037,0.0132,9.8066,-0.014,-0.0164,-0.015,-7.37,-33.31,30.56,355.47,-82.33,-171.14
52.380795,-1.563823,144.57,9.32,3,160.9,19 / 21,4536609,2019-09-06 20:35:42:352,0.219,-0.1386,9.7337,0.0039,-0.0093,9.8066,-0.0645,0.009,0.0166,-7.37,-32.81,30.94,354.77,-82.25,-171.73
52.380795,-1.563823,144.57,9.32,3,160.9,19 / 21,4536710,2019-09-06 20:35:42:453,0.9974,-1.0232,8.4796,0.0014,-0.0057,9.8066,-0.1512,-0.0726,0.0119,-6.81,-32.56,30.75,354.68,-82.31,-171.81
52.380795,-1.563823,144.57,9.32,3,160.9,19 / 21,4536809,2019-09-06 20:35:42:552,-0.0119,0.4294,8.9218,-0.0258,0.0494,9.8065,0.0748,-0.0937,0.0666,-7.44,-33.75,30.56,355.11,-82.61,-171.46
52.380795,-1.563823,144.57,9.32,3,160.9,19 / 21,4536909,2019-09-06 20:35:42:652,0.982,-0.3196,9.5098,-0.0157,0.0836,9.8062,0.0147,0.0537,-0.0484,-7,-33.87,30.19,356.76,-83.53,-169.68
52.380795,-1.563823,144.57,9.32,3,160.9,19 / 21,4537010,2019-09-06 20:35:42:753,-0.4423,1.4836,8.8251,-0.0102,0.059,9.8064,0.0827,0.0375,-0.0261,-7.81,-34.12,30.13,356.8,-84.55,-167.92
52.380795,-1.563823,144.57,9.32,3,160.9,19 / 21,4537110,2019-09-06 20:35:42:853,-0.8074,3.1173,13.9863,-0.0077,-0.0045,9.8066,0.1543,-0.0379,-0.0341,-7.19,-34.37,30.5,0.09,-84.5,-167.2
52.380795,-1.563823,144.57,9.32,3,160.9,19 / 21,4537209,2019-09-06 20:35:42:952,0.3533,0.5696,13.2498,-0.0247,0.0297,9.8065,0.4166,-0.0453,0.1038,-7.69,-32.31,30.81,358.31,-83.84,-167.03
52.380795,-1.563823,144.57,9.32,3,160.9,19 / 21,4537310,2019-09-06 20:35:43:053,0.2473,-2.4108,11.0128,0.0626,-0.2023,9.8043,0.4733,-0.0039,-0.0821,-7.5,-32.31,31.81,356.93,-82.83,-170.33
52.380795,-1.563823,144.57,9.32,3,160.9,19 / 21,4537409,2019-09-06 20:35:43:152,0.3538,-3.6342,11.1096,-0.0009,-0.0818,9.8062,-0.109,-0.1067,0.0856,-7.87,-32.25,33.31,353.34,-81.56,-172.04
52.380795,-1.563823,144.57,9.32,3,160.9,19 / 21,4537509,2019-09-06 20:35:43:252,0.2184,-1.749,9.5554,-0.0095,0.1046,9.806,-0.0388,0.0135,-0.0946,-7.87,-31.81,31.75,353.11,-81.5,-171.8
52.380795,-1.563823,144.57,9.32,3,160.9,19 / 21,4537610,2019-09-06 20:35:43:353,-0.0579,-1.3227,9.6259,0.0183,-0.0227,9.8066,-0.3234,-0.0012,-0.0137,-8.69,-32.25,30.88,349.62,-81.9,-172.65
52.380795,-1.563823,144.57,9.32,3,160.9,19 / 21,4537710,2019-09-06 20:35:43:453,-1.7244,1.7011,9.0342,0.0021,-0.0275,9.8066,-0.2187,-0.0994,0.0596,-7.62,-31.87,30.94,352.25,-82.5,-172.21
52.380795,-1.563823,144.57,9.32,3,160.9,19 / 21,4537810,2019-09-06 20:35:43:553,0.2253,0.7326,9.6254,0.0069,0.0009,9.8066,0.1106,-0.052,0.0089,-8.44,-32.37,30.5,351.9,-82.75,-172.54
52.380795,-1.563823,144.57,9.32,3,160.9,19 / 21,4537910,2019-09-06 20:35:43:653,0.1355,-0.5419,9.87,-0.0032,-0.0004,9.8066,-0.0193,-0.0345,0.006,-7.44,-32.06,30.81,353.24,-82.5,-173.1
52.380795,-1.563823,144.57,9.32,3,160.9,19 / 21,4538009,2019-09-06 20:35:43:752,-0.2963,-0.6501,10.0908,-0.0093,0.0146,9.8065,0.1305,-0.0065,0.0258,-7.87,-32.12,30.81,351.04,-82.26,-173.2
52.380795,-1.563823,144.57,9.32,3,160.9,19 / 21,4538110,2019-09-06 20:35:43:853,0.4391,-1.3821,10.0462,-0.0066,0.0237,9.8066,0.1446,-0.0191,-0.016,-7.19,-31.87,31.19,353.58,-82.37,-172.78
52.380795,-1.563823,144.57,9.32,3,160.9,19 / 21,4538210,2019-09-06 20:35:43:953,-0.3479,-0.1547,9.3645,0.0057,0.0142,9.8066,-0.0465,-0.0655,-0.067,-7.75,-31.87,31.25,350.09,-82.52,-174.07
52.380795,-1.563823,144.57,9.32,3,160.9,19 / 21,4538310,2019-09-06 20:35:44:053,0.0871,-0.4436,10.1649,0.0027,-0.009,9.8066,0.0702,-0.0297,-0.0114,-7.06,-31.94,30.81,351.43,-82.71,-174.69
52.380104,-1.563456,145.41,8.94,3,165.25,19 / 21,4538409,2019-09-06 20:35:44:152,0.0369,0.1173,9.8524,0.013,0.0067,9.8066,0.0871,-0.0386,0.0097,-7.31,-32.25,30.38,350.73,-82.68,-174.84
52.380104,-1.563456,145.41,8.94,3,165.25,19 / 21,4538510,2019-09-06 20:35:44:253,0.2757,-0.1639,9.4881,0.0152,-0.0248,9.8066,-0.0397,-0.0111,0.0309,-6.75,-32.31,31.56,349.4,-82.44,-176.81
52.380104,-1.563456,145.41,8.94,3,165.25,19 / 21,4538609,2019-09-06 20:35:44:352,0.0661,0.5588,9.7407,0.0031,-0.0355,9.8065,-0.1032,0.0093,0.0166,-8.06,-32.19,30.63,347.2,-82.29,-176.52
52.380104,-1.563456,145.41,8.94,3,165.25,19 / 21,4538709,2019-09-06 20:35:44:452,0.1341,-0.2498,9.3378,-0.0099,0.0344,9.8065,-0.0055,0.008,0.0068,-7,-32.44,31.19,349.98,-82.3,-175.86
52.380104,-1.563456,145.41,8.94,3,165.25,19 / 21,4538809,2019-09-06 20:35:44:552,-0.0107,0.5845,10.039,0.0032,0.0255,9.8065,-0.0067,0.0179,-0.0622,-7.37,-32.37,30.81,350.15,-82.61,-175.77
52.380104,-1.563456,145.41,8.94,3,165.25,19 / 21,4538909,2019-09-06 20:35:44:652,-0.0145,0.6955,9.9803,-0.0067,-0.0007,9.8066,0.0135,-0.0076,0.0295,-6.87,-32.19,30.75,348.68,-82.75,-177.08
52.380104,-1.563456,145.41,8.94,3,165.25,19 / 21,4539009,2019-09-06 20:35:44:752,-0.1637,-0.1666,9.9971,0.0028,-0.0032,9.8066,0.1075,0.0044,-0.0336,-7.69,-32.44,31.13,346.56,-82.75,-177.19
52.380104,-1.563456,145.41,8.94,3,165.25,19 / 21,4539109,2019-09-06 20:35:44:852,-0.226,-0.4423,9.7024,0.0131,-0.0204,9.8066,-0.0843,-0.0204,0.0339,-6.81,-32.25,31.19,347.28,-82.49,-178.23
52.380104,-1.563456,145.41,8.94,3,165.25,19 / 21,4539210,2019-09-06 20:35:44:953,0.5607,0.1178,9.9606,0.0029,-0.0125,9.8066,-0.134,0.0253,-0.0351,-7.81,-32.19,30.19,345.06,-82.52,-177.9
52.380104,-1.563456,145.41,8.94,3,165.25,19 / 21,4539310,2019-09-06 20:35:45:053,-0.4302,1.0901,9.8144,-0.0028,0.0022,9.8066,-0.0244,-0.0183,-0.0071,-6.94,-33,31.31,347.58,-82.71,-177.97
52.380104,-1.563456,145.41,8.94,3,165.25,20 / 21,4539409,2019-09-06 20:35:45:152,-0.1248,0.5433,9.7112,-0.0002,0.0005,9.8066,0.0065,-0.0371,0.0099,-7.56,-32.5,31,345.64,-82.85,-178.01
52.380104,-1.563456,145.41,8.94,3,165.25,20 / 21,4539510,2019-09-06 20:35:45:253,-0.537,-0.4988,9.6254,-0.0026,0.0043,9.8066,-0.0451,0.0102,-0.0064,-6.87,-32.06,31.56,348.8,-82.9,-177.43
52.380104,-1.563456,145.41,8.94,3,165.25,20 / 21,4539609,2019-09-06 20:35:45:352,0.2549,-0.136,9.6511,0.0029,0.0014,9.8066,-0.0297,-0.0268,0.0341,-7.75,-32.19,30.5,346.29,-82.87,-177.46
52.380104,-1.563456,145.41,8.94,3,165.25,20 / 21,4539710,2019-09-06 20:35:45:453,0.6592,0.3106,9.5896,-0.0102,0.0057,9.8066,0.0052,-0.0114,0.0329,-6.62,-32.94,30.44,347.52,-82.9,-177.61
52.380104,-1.563456,145.41,8.94,3,165.25,20 / 21,4539809,2019-09-06 20:35:45:552,0.2206,0.6199,9.6544,-0.0121,-0.0041,9.8066,-0.0142,0.013,0.047,-7.25,-32.44,31.25,350.13,-82.93,-175.86
52.380104,-1.563456,145.41,8.94,3,165.25,20 / 21,4539910,2019-09-06 20:35:45:653,-0.1628,0.4362,9.7716,-0.0145,0.0033,9.8066,-0.0149,-0.0273,0.0366,-6.87,-32.37,30.69,352.14,-83,-174.12
52.380104,-1.563456,145.41,8.94,3,165.25,20 / 21,4540009,2019-09-06 20:35:45:752,0.1744,0.441,9.6881,-0.0193,0.0135,9.8066,0.0505,0.0013,0.0249,-7.56,-33.12,30.56,352.01,-83.08,-172.48
52.380104,-1.563456,145.41,8.94,3,165.25,20 / 21,4540109,2019-09-06 20:35:45:852,-0.1885,0.2916,9.9336,-0.0145,-0.0131,9.8065,-0.0821,0.0059,0.0293,-6.87,-32.44,30.81,356.7,-83.03,-170.14
52.380104,-1.563456,145.41,8.94,3,165.25,20 / 21,4540210,2019-09-06 20:35:45:953,-0.3721,0.1973,10.2268,-0.0144,-0.0103,9.8066,-0.031,-0.0187,0.0633,-8.25,-32.87,30.75,356.72,-83.03,-168.38
52.380104,-1.563456,145.41,8.94,3,165.25,20 / 21,4540310,2019-09-06 20:35:46:053,-0.0427,0.6551,10.3222,-0.0024,-0.0171,9.8066,0.0244,-0.0268,0.0051,-7.25,-32.37,31.06,0.12,-83.01,-167.17
52.380104,-1.563456,145.41,8.94,3,165.25,20 / 21,4540410,2019-09-06 20:35:46:153,0.1724,0.4083,9.9595,0.0148,-0.0106,9.8066,0.1,0.0172,-0.0652,-8,-32.5,31.13,357.53,-82.74,-167.67
52.380104,-1.563456,145.41,8.94,3,165.25,20 / 21,4540509,2019-09-06 20:35:46:252,0.5447,0.8377,9.5227,0.0155,-0.008,9.8065,-0.06,-0.0219,0.0336,-7.69,-32.62,31.19,356.25,-82.67,-168.76
52.380104,-1.563456,145.41,8.94,3,165.25,20 / 21,4540609,2019-09-06 20:35:46:352,0.1682,0.4735,10.1163,0.0098,-0.0135,9.8065,-0.0919,0.0634,-0.0347,-7.62,-32.31,30.75,355.27,-82.59,-169.61
52.380104,-1.563456,145.41,8.94,3,165.25,20 / 21,4540710,2019-09-06 20:35:46:453,0.2597,0.4575,10.1583,0.009,-0.0005,9.8066,0.0039,0.0181,-0.0256,-7.75,-32.62,31.31,354.37,-82.75,-170.38
52.380104,-1.563456,145.41,8.94,3,165.25,20 / 21,4540810,2019-09-06 20:35:46:553,0.5789,0.635,9.6881,0.0066,-0.0001,9.8066,-0.0137,0.03,-0.0304,-7.81,-32.5,30.69,353.65,-82.77,-171.03
52.380104,-1.563456,145.41,8.94,3,165.25,20 / 21,4540910,2019-09-06 20:35:46:653,1.0268,0.1277,9.5099,0.0008,-0.0087,9.8066,0.0469,0.0029,0.0404,-7.31,-32,30.69,354.99,-82.68,-171.6
52.380104,-1.563456,145.41,8.94,3,165.25,20 / 21,4541010,2019-09-06 20:35:46:753,0.1041,0.0254,9.6038,-0.0067,0.0092,9.8066,-0.0249,0.0215,-0.0271,-7.75,-32.44,30.69,353.85,-82.68,-170.85
52.380104,-1.563456,145.41,8.94,3,165.25,20 / 21,4541110,2019-09-06 20:35:46:853,0.5264,0.3759,10.0947,0.0022,-0.0011,9.8066,0.0028,0.0341,-0.0116,-7.62,-31.5,30.56,353.95,-82.77,-170.8
52.380104,-1.563456,145.41,8.94,3,165.25,20 / 21,4541209,2019-09-06 20:35:46:952,0.0146,0.2557,10.0535,0.007,0.0024,9.8066,0.0424,0.0243,-0.0043,-7.87,-32.56,30.63,353.35,-82.86,-171.27
52.380104,-1.563456,145.41,8.94,3,165.25,20 / 21,4541310,2019-09-06 20:35:47:053,0.7362,-0.2584,9.8658,0.0034,0.0003,9.8066,-0.0021,0.0377,-0.0114,-7.62,-32.5,31.19,352.77,-82.82,-171.8
52.380104,-1.563456,145.41,8.94,3,165.25,20 / 21,4541410,2019-09-06 20:35:47:153,0.6831,-0.1826,9.7408,0.0071,-0.0123,9.8066,-0.0073,0.0233,-0.0332,-7.62,-32.19,30.38,352.5,-82.71,-171.53
52.380104,-1.563456,145.41,8.94,3,165.25,20 / 21,4541509,2019-09-06 20:35:47:252,0.2843,0.2567,9.6612,0.0147,-0.0007,9.8065,0.0192,0.0726,-0.01,-8.19,-32.37,30.75,351.7,-82.66,-172.7
52.380104,-1.563456,145.41,8.94,3,165.25,20 / 21,4541609,2019-09-06 20:35:47:352,0.463,0.2753,9.765,-0.0016,0.01,9.8066,0.0011,0.0156,-0.0008,-7.81,-32.56,30.75,351.5,-82.78,-172.87
52.380104,-1.563456,145.41,8.94,3,165.25,20 / 21,4541710,2019-09-06 20:35:47:453,0.4961,-0.3528,9.8924,0.0057,0.0108,9.8066,-0.0125,0.0017,-0.029,-7.69,-32.81,30.06,350.7,-82.79,-173.06
52.380104,-1.563456,145.41,8.94,3,165.25,20 / 21,4541809,2019-09-06 20:35:47:552,0.722,0.1165,9.8689,-0.0011,-0.0066,9.8066,0.0071,0.0652,-0.009,-7.62,-32.19,31.06,350.9,-82.78,-173.42
52.380104,-1.563456,145.41,8.94,3,165.25,20 / 21,4541910,2019-09-06 20:35:47:653,-0.1962,-0.2841,10.0791,0.0067,-0.0088,9.8066,-0.0139,0.0628,0.0217,-7.69,-32.06,30.69,350.3,-82.7,-173.93
52.380104,-1.563456,145.41,8.94,3,165.25,20 / 21,4542010,2019-09-06 20:35:47:753,0.0249,0.5707,9.7576,-0.012,-0.0021,9.8066,-0.0065,0.058,-0.0386,-7.12,-31.94,30.63,352.46,-82.63,-173.79
52.380104,-1.563456,145.41,8.94,3,165.25,20 / 21,4542110,2019-09-06 20:35:47:853,0.1685,-0.6385,9.9674,-0.0052,0.0126,9.8066,0.0245,-0.026,0.0444,-8.37,-32.31,31.06,351.27,-82.59,-173.06
52.380104,-1.563456,145.41,8.94,3,165.25,20 / 21,4542210,2019-09-06 20:35:47:953,-0.7076,-1.0111,10.427,0.0003,-0.0062,9.8066,0.0415,0.0372,-0.0276,-7.81,-32.31,30.75,351.74,-82.52,-172.65
52.380104,-1.563456,145.41,8.94,3,165.25,20 / 21,4542310,2019-09-06 20:35:48:053,1.11,-0.259,10.5735,0.0029,-0.0019,9.8066,0.1876,0.0853,-0.0557,-8.81,-32.75,30.81,348.71,-82.54,-173.52
52.380104,-1.563456,145.41,8.94,3,165.25,20 / 21,4542410,2019-09-06 20:35:48:153,0.2883,0.0486,9.3496,0.0103,-0.0268,9.8065,-0.1267,-0.0346,0.0637,-7.75,-33,31.06,349.78,-82.42,-174.28
52.380104,-1.563456,145.41,8.94,3,165.25,20 / 21,4542509,2019-09-06 20:35:48:252,0.6819,-0.7171,9.2194,0.0025,-0.0246,9.8066,-0.0177,0.0065,-0.0526,-8.62,-32.87,31.25,348.61,-82.43,-173.58
52.380104,-1.563456,145.41,8.94,3,165.25,20 / 21,4542610,2019-09-06 20:35:48:353,-0.626,0.2312,9.7509,0.0044,0.0313,9.8065,-0.1459,-0.0406,0.0309,-8.06,-32.62,30.56,350.01,-82.61,-174.12
52.380104,-1.563456,145.41,8.94,3,165.25,20 / 21,4542710,2019-09-06 20:35:48:453,0.5915,0.0668,9.7439,0.0174,0.0028,9.8066,0.1261,-0.0622,0.0242,-8.75,-33,30.25,345.56,-82.88,-175.77
52.380104,-1.563456,145.41,8.94,3,165.25,20 / 21,4542810,2019-09-06 20:35:48:553,0.1891,1.1738,9.3879,-0.0117,-0.0018,9.8066,0.0065,-0.001,-0.0147,-7.62,-33,30.81,347.94,-82.87,-175.96
52.380104,-1.563456,145.41,8.94,3,165.25,20 / 21,4542909,2019-09-06 20:35:48:652,-0.6064,0.3595,10.1627,-0.0089,-0.0182,9.8066,0.0861,-0.0559,0.0101,-8.25,-33.37,30.44,348.52,-82.66,-174.91
52.380104,-1.563456,145.41,8.94,3,165.25,20 / 21,4543010,2019-09-06 20:35:48:753,0.3991,-1.2252,10.3187,0.008,0.0264,9.8066,0.151,-0.0396,-0.0115,-7.25,-32.44,31,350.31,-82.7,-175.66
52.380104,-1.563456,145.41,8.94,3,165.25,20 / 21,4543110,2019-09-06 20:35:48:853,0.4943,0.1371,9.0662,-0.0002,0.024,9.8065,-0.0747,-0.0793,0.0345,-7.75,-32.69,30.19,347.01,-82.72,-176.22
52.380104,-1.563456,145.41,8.94,3,165.25,20 / 21,4543210,2019-09-06 20:35:48:953,-0.5682,-1.312,10.0588,-0.0015,0.0051,9.8066,-0.0295,-0.0437,0.0244,-7.25,-32.56,30.56,349.85,-82.8,-176.03
52.380104,-1.563456,145.41,8.94,3,165.25,20 / 21,4543310,2019-09-06 20:35:49:053,0.1665,-0.2993,10.2572,-0.0049,0.0009,9.8066,0.0524,-0.0723,-0.0149,-7.75,-33,30.75,348.07,-82.94,-175.87
52.380104,-1.563456,145.41,8.94,3,165.25,20 / 21,4543409,2019-09-06 20:35:49:152,-0.1367,-0.1582,9.5282,0.008,0.0026,9.8066,0.1183,-0.009,-0.0008,-7.06,-32.75,30.69,349.79,-82.86,-176.1
52.380104,-1.563456,145.41,8.94,3,165.25,20 / 21,4543509,2019-09-06 20:35:49:252,1.2036,-1.0014,10.1005,0.0017,0.0058,9.8066,-0.0253,-0.0383,0.0088,-7.12,-33.25,31,348.74,-82.72,-176.98
52.380104,-1.563456,145.41,8.94,3,165.25,20 / 21,4543609,2019-09-06 20:35:49:352,-0.3205,-1.0474,9.9394,-0.0015,0.0024,9.8066,0.0508,-0.0563,-0.0028,-7.62,-32.62,31.31,347.35,-82.6,-176.41
52.380104,-1.563456,145.41,8.94,3,165.25,20 / 21,4543709,2019-09-06 20:35:49:452,0.4866,-1.7884,9.853,-0.005,0.0267,9.8066,-0.2441,0.0413,0.0046,-7.44,-32.19,31.06,349.48,-82.84,-176.4
52.380104,-1.563456,145.41,8.94,3,165.25,20 / 21,4543810,2019-09-06 20:35:49:553,-1.1675,0.1857,8.9016,-0.0027,-0.0095,9.8066,-0.2089,-0.0286,0.018,-6.69,-33,30.56,349.23,-82.86,-176.58
52.380104,-1.563456,145.41,8.94,3,165.25,20 / 21,4543910,2019-09-06 20:35:49:653,-0.2027,0.8293,9.6086,-0.007,0.0356,9.8065,0.1477,-0.0464,-0.0124,-7.5,-33.12,30.13,348.22,-82.9,-177.01
52.380104,-1.563456,145.41,8.94,3,165.25,20 / 21,4544009,2019-09-06 20:35:49:752,-0.1101,0.649,9.5491,-0.0135,0.0481,9.8064,0.1234,-0.0638,0.0051,-7,-32.44,30.31,347.89,-82.81,-177.32
52.380104,-1.563456,145.41,8.94,3,165.25,20 / 21,4544110,2019-09-06 20:35:49:853,0.1036,-0.6499,9.9923,0.0169,-0.041,9.8065,0.0481,0.0254,-0.019,-7.62,-33,30.38,346.19,-83,-177.01
52.380104,-1.563456,145.41,8.94,3,165.25,20 / 21,4544209,2019-09-06 20:35:49:952,0.5992,0.2375,9.9184,-0.0008,-0.0101,9.8066,-0.0043,0.0638,-0.0373,-6.37,-32.44,30.56,350.27,-82.72,-177.45
52.380104,-1.563456,145.41,8.94,3,165.25,20 / 21,4544311,2019-09-06 20:35:50:054,-0.5219,-0.1271,10.234,-0.0181,0.016,9.8065,-0.0697,-0.0039,-0.0063,-7.06,-33.19,31,348.75,-82.85,-177
52.380104,-1.563456,145.41,8.94,3,165.25,20 / 21,4544410,2019-09-06 20:35:50:153,-0.2506,0.0657,9.8033,0.0024,-0.0043,9.8066,0.0402,-0.0383,0.0472,-6.87,-32.81,30.81,349.18,-82.93,-176.64
52.380104,-1.563456,145.41,8.94,3,165.25,20 / 21,4544509,2019-09-06 20:35:50:252,-0.1163,0.6324,9.5467,-0.0038,-0.0065,9.8066,-0.0873,-0.0459,0.0214,-7.37,-33.06,31,349.88,-82.98,-176.04
52.380104,-1.563456,145.41,8.94,3,165.25,20 / 21,4544610,2019-09-06 20:35:50:353,-0.4098,0.3377,9.987,0.0016,-0.0131,9.8066,-0.0956,-0.0338,0.0377,-7.19,-32.12,31,349.63,-83.01,-176.31
52.380104,-1.563456,145.41,8.94,3,165.25,20 / 21,4544709,2019-09-06 20:35:50:452,-0.4546,0.5464,9.3833,0.0005,-0.0273,9.8065,0.0835,-0.0234,-0.0382,-7.37,-32.69,30.5,350.01,-82.84,-175.9
52.380104,-1.563456,145.41,8.94,3,165.25,20 / 21,4544809,2019-09-06 20:35:50:552,-0.3264,-0.222,9.2939,-0.0056,0.0237,9.8065,0.0571,-0.0146,0.0365,-7.12,-33,31.06,349.73,-82.96,-176.17
52.380104,-1.563456,145.41,8.94,3,165.25,20 / 21,4544910,2019-09-06 20:35:50:653,-0.6237,0.7202,10.0854,-0.0098,0.0101,9.8066,-0.0729,0.0256,-0.0117,-6.75,-32.81,30.88,350.33,-83,-175.66
52.380104,-1.563456,145.41,8.94,3,165.25,20 / 21,4545009,2019-09-06 20:35:50:752,0.2161,1.2815,9.7099,0.006,-0.0017,9.8066,-0.0575,0.0243,-0.0037,-6.94,-33.06,30.88,350.04,-83.12,-175.94
52.380104,-1.563456,145.41,8.94,3,165.25,20 / 21,4545111,2019-09-06 20:35:50:854,-0.3252,0.6777,9.3123,-0.0063,-0.0031,9.8066,-0.034,-0.0031,-0.0016,-6.81,-32.69,30.56,350.64,-83.17,-175.42
52.380104,-1.563456,145.41,8.94,3,165.25,20 / 21,4545209,2019-09-06 20:35:50:952,-0.3322,0.5487,9.7633,0.0074,0.0001,9.8066,-0.0718,0.0372,-0.0104,-7.62,-32.69,30.31,348.74,-83.08,-174.82
52.380104,-1.563456,145.41,8.94,3,165.25,20 / 21,4545310,2019-09-06 20:35:51:053,0.2518,0.6986,9.7632,0.0049,-0.0284,9.8065,0.0154,0.0321,-0.0424,-6.81,-33.12,30.44,349.96,-82.97,-175.53
52.380104,-1.563456,145.41,8.94,3,165.25,20 / 21,4545410,2019-09-06 20:35:51:153,0.6183,0.5211,9.8976,0.0025,0.0034,9.8066,-0.0076,0.0274,0.0001,-6.94,-32.37,30.06,349.35,-82.97,-176.09
52.380104,-1.563456,145.41,8.94,3,165.25,20 / 21,4545510,2019-09-06 20:35:51:253,0.3083,0.4638,9.2189,-0.0007,0.0062,9.8066,-0.0118,-0.0115,-0.0307,-6.94,-32.94,30.5,349.64,-82.99,-176.25
52.380104,-1.563456,145.41,8.94,3,165.25,20 / 21,4545609,2019-09-06 20:35:51:352,-0.2759,0.0698,9.8145,0.0033,0.0244,9.8065,-0.0246,0.0202,-0.0482,-7.5,-32.75,30.44,348.77,-83.16,-176.59
52.380104,-1.563456,145.41,8.94,3,165.25,20 / 21,4545710,2019-09-06 20:35:51:453,0.5426,0.9146,10.1405,0.0025,0.0161,9.8066,-0.0128,0.0318,0.0082,-7.5,-32.87,30.75,347.98,-83.31,-177.77
52.380104,-1.563456,145.41,8.94,3,165.25,20 / 21,4545810,2019-09-06 20:35:51:553,0.8127,0.411,9.8258,0.004,0.0075,9.8066,0.0385,0.0368,-0.0556,-7.44,-33.19,30.5,347.78,-83.42,-177.97
52.380104,-1.563456,145.41,8.94,3,165.25,20 / 21,4545909,2019-09-06 20:35:51:652,0.868,0.8177,9.7416,0.0156,-0.001,9.8066,0.0909,0.1051,0.0098,-7.87,-33.06,30.81,344.1,-83.4,-179.47
52.380104,-1.563456,145.41,8.94,3,165.25,20 / 21,4546010,2019-09-06 20:35:51:753,1.3602,0.812,9.7787,0.0031,-0.005,9.8066,0.0618,0.1195,-0.0247,-7.31,-33.25,30,344.6,-83.32,179.73
52.380104,-1.563456,145.41,8.94,3,165.25,20 / 21,4546109,2019-09-06 20:35:51:852,0.6883,0.7368,9.7268,-0.0039,-0.0009,9.8066,0.0109,0.1353,-0.0135,-7.62,-32.69,30.81,343.21,-83.25,179.8
52.380104,-1.563456,145.41,8.94,3,165.25,20 / 21,4546209,2019-09-06 20:35:51:952,0.8982,0.4356,9.7357,0.0029,-0.0015,9.8066,-0.0164,0.1469,0.021,-8.12,-33,30.31,343.52,-83.15,-179.38
52.380104,-1.563456,145.41,8.94,3,165.25,20 / 21,4546310,2019-09-06 20:35:52:053,1.4238,0.2489,9.7273,-0.0106,0.0145,9.8066,-0.0448,0.1381,0.013,-8.81,-33.56,30.5,341.99,-83.18,-179.49
52.380104,-1.563456,145.41,8.94,3,165.25,20 / 21,4546409,2019-09-06 20:35:52:152,0.8271,1.1617,9.5898,-0.0105,0.0091,9.8066,-0.0673,0.1284,-0.0024,-8.5,-32.56,30.06,344.34,-83.32,-178.72
52.380104,-1.563456,145.41,8.94,3,165.25,20 / 21,4546510,2019-09-06 20:35:52:253,0.8895,1.514,9.8646,-0.0085,0.0194,9.8066,0.0865,0.1612,-0.0107,-9.81,-33.37,30.31,341.37,-83.44,-177.9
52.380104,-1.563456,145.41,8.94,3,165.25,20 / 21,4546609,2019-09-06 20:35:52:352,1.1305,1.0769,9.5352,-0.0111,0.0233,9.8065,0.0881,0.1623,0.012,-9.19,-32.87,29.63,343.99,-83.62,-177.37
52.380104,-1.563456,145.41,8.94,3,165.25,20 / 21,4546710,2019-09-06 20:35:52:453,1.1271,0.4178,9.6901,-0.0078,0.0147,9.8066,-0.1031,0.1824,-0.0428,-10.06,-33,30.25,342.39,-83.59,-177.05
52.380104,-1.563456,145.41,8.94,3,165.25,20 / 21,4546809,2019-09-06 20:35:52:552,1.5429,1.3343,9.6571,0.0057,-0.0019,9.8066,-0.0137,0.2213,-0.0256,-9,-32.94,30.06,343.92,-83.61,-177.43
52.380104,-1.563456,145.41,8.94,3,165.25,20 / 21,4546909,2019-09-06 20:35:52:652,1.3261,0.8027,9.9577,-0.0014,0.01,9.8065,-0.0365,0.1841,-0.0345,-10.31,-33.19,29.88,341.76,-83.69,-177.65
52.380104,-1.563456,145.41,8.94,3,165.25,20 / 21,4547010,2019-09-06 20:35:52:753,1.4539,1.2854,9.7382,0.0229,0.0069,9.8066,-0.0227,0.2189,-0.0933,-11.12,-33.44,30,338.51,-83.64,-178.83
52.380104,-1.563456,145.41,8.94,3,165.25,20 / 21,4547110,2019-09-06 20:35:52:853,0.8108,1.9096,9.5209,0.0266,-0.0058,9.8066,0.0607,0.2399,-0.088,-10.87,-33.12,29.13,333.83,-83.53,177.78
52.380104,-1.563456,145.41,8.94,3,165.25,20 / 21,4547210,2019-09-06 20:35:52:953,1.7554,2.2099,9.3298,0.0007,0.0366,9.8065,0.0671,0.2221,-0.0543,-11,-33.12,29.06,330.81,-83.67,175.02
52.380104,-1.563456,145.41,8.94,3,165.25,20 / 21,4547310,2019-09-06 20:35:53:053,0.7389,1.0033,10.1387,0.0003,0.0006,9.8066,0.0568,0.2131,-0.0101,-11.37,-33.25,28.94,330.37,-83.56,174.68
52.379444,-1.563163,147.46,7.28,3,150.85,20 / 21,4547409,2019-09-06 20:35:53:152,0.8571,1.3456,9.713,-0.0009,0.0294,9.8066,0.0241,0.2526,-0.042,-11.31,-32.94,28.88,330.47,-83.5,174.81
52.379444,-1.563163,147.46,7.28,3,150.85,20 / 21,4547510,2019-09-06 20:35:53:253,1.6751,1.1563,9.9846,0.0138,0.0047,9.8066,-0.0418,0.2551,-0.0051,-11.69,-33.31,28.06,325.17,-83.62,172.49
52.379444,-1.563163,147.46,7.28,3,150.85,20 / 21,4547609,2019-09-06 20:35:53:352,1.5052,1.2273,9.4587,-0.0019,-0.0207,9.8066,-0.0092,0.2413,0.0236,-12.12,-33.19,28.31,324.89,-83.57,172.27
52.379444,-1.563163,147.46,7.28,3,150.85,20 / 21,4547709,2019-09-06 20:35:53:452,1.6994,0.5224,9.6196,-0.0005,-0.0193,9.8066,-0.0696,0.2295,-0.0013,-13.37,-33.44,28.75,325.64,-83.54,173.74
52.379444,-1.563163,147.46,7.28,3,150.85,20 / 21,4547810,2019-09-06 20:35:53:553,1.567,0.8364,9.6967,0.0033,-0.0104,9.8066,-0.0574,0.1988,0.0002,-13.37,-33.87,28.06,325.36,-83.6,174.44
52.379444,-1.563163,147.46,7.28,3,150.85,20 / 21,4547909,2019-09-06 20:35:53:652,0.7789,1.4921,9.745,0.0055,-0.0075,9.8066,0.0785,0.2882,-0.0536,-13.81,-33.25,27.88,324.03,-83.58,174.75
52.379444,-1.563163,147.46,7.28,3,150.85,20 / 21,4548009,2019-09-06 20:35:53:752,0.7307,-0.0878,11.0641,-0.0124,0.0402,9.8065,0.1572,0.2596,-0.0441,-13.25,-33.56,27.38,323.5,-83.86,173.52
52.379444,-1.563163,147.46,7.28,3,150.85,20 / 21,4548110,2019-09-06 20:35:53:853,1.9928,0.6666,9.9045,-0.0152,0.0623,9.8064,-0.1562,0.2274,-0.0277,-13.69,-33.19,26.56,319.05,-84.01,170.88
52.379444,-1.563163,147.46,7.28,3,150.85,20 / 21,4548210,2019-09-06 20:35:53:953,1.118,0.5784,9.8586,0.0155,-0.0222,9.8066,-0.0457,0.1708,0.0608,-14.62,-33.44,26.94,317.41,-83.83,171.1
52.379444,-1.563163,147.46,7.28,3,150.85,20 / 21,4548310,2019-09-06 20:35:54:053,0.7954,0.8383,9.1896,0.0047,-0.0214,9.8066,0.053,0.2429,-0.0311,-14.5,-33.56,26.38,319.54,-83.8,172.64
52.379444,-1.563163,147.46,7.28,3,150.85,20 / 21,4548410,2019-09-06 20:35:54:153,0.849,1.5496,10.0692,-0.0051,0.0244,9.8066,-0.0302,0.2353,0.0131,-14.94,-33.19,26.19,318.11,-83.67,172.92
52.379444,-1.563163,147.46,7.28,3,150.85,20 / 21,4548510,2019-09-06 20:35:54:253,1.6159,1.2227,9.8648,-0.0128,0.0183,9.8066,0.0784,0.2863,-0.0572,-15.25,-33.94,25.63,317.42,-83.75,172.37
52.379444,-1.563163,147.46,7.28,3,150.85,20 / 21,4548609,2019-09-06 20:35:54:352,2.1714,0.6025,9.5826,0.0076,0.0071,9.8066,0.0663,0.2539,-0.0431,-15.81,-33.19,25.19,312.75,-83.73,170.68
52.379444,-1.563163,147.46,7.28,3,150.85,20 / 21,4548710,2019-09-06 20:35:54:453,0.9817,0.8783,9.8366,-0.0012,-0.0001,9.8066,-0.1316,0.2678,-0.0213,-15.81,-33.44,25.13,312.32,-83.75,170.26
52.379444,-1.563163,147.46,7.28,3,150.85,20 / 21,4548810,2019-09-06 20:35:54:553,0.755,1.3957,10.1694,0.0088,-0.0059,9.8066,-0.0674,0.2496,-0.0052,-16.75,-33.31,24.81,310.49,-83.72,170.1
52.379444,-1.563163,147.46,7.28,3,150.85,20 / 21,4548910,2019-09-06 20:35:54:653,1.2734,1.1073,9.817,0.0103,-0.0002,9.8066,-0.0085,0.2833,-0.1143,-16.5,-33.5,24.44,310.02,-83.75,169.37
52.379444,-1.563163,147.46,7.28,3,150.85,20 / 21,4549009,2019-09-06 20:35:54:752,1.0525,0.6208,9.8724,0.0061,0.0083,9.8066,0.0436,0.1959,-0.0039,-16.56,-34.19,23.88,307.51,-83.68,168.8
52.379444,-1.563163,147.46,7.28,3,150.85,20 / 21,4549110,2019-09-06 20:35:54:853,2.374,0.4804,9.8094,-0.0016,0.0044,9.8066,-0.0615,0.2005,0.003,-17,-33,23.56,306.96,-83.58,168.22
52.379444,-1.563163,147.46,7.28,3,150.85,20 / 21,4549210,2019-09-06 20:35:54:953,0.9178,0.8428,10.2027,0.0008,-0.013,9.8066,-0.1051,0.223,0.0037,-17.81,-33.87,23.25,304.45,-83.55,168.88
52.379444,-1.563163,147.46,7.28,3,150.85,20 / 21,4549309,2019-09-06 20:35:55:052,0.9094,0.8868,9.7581,0.0096,-0.011,9.8066,0.0975,0.1996,-0.0106,-17.69,-34.06,23,304.93,-83.56,169.32
52.379444,-1.563163,147.46,7.28,3,150.85,21 / 22,4549410,2019-09-06 20:35:55:153,0.2735,0.9992,9.7468,-0.0157,-0.0062,9.8065,0.0579,0.1846,0.0136,-18.06,-34.12,22.56,306.24,-83.55,170.54
52.379444,-1.563163,147.46,7.28,3,150.85,21 / 22,4549509,2019-09-06 20:35:55:252,0.4772,0.8681,10.0187,-0.0009,-0.0065,9.8066,0.057,0.2073,0.0241,-18.37,-34,22.25,305.72,-83.42,171.61
52.379444,-1.563163,147.46,7.28,3,150.85,21 / 22,4549610,2019-09-06 20:35:55:353,0.4695,-0.1609,10.1538,-0.011,-0.0124,9.8065,0.0638,0.1687,-0.013,-18.5,-33.12,22.56,308.18,-83.29,172.4
52.379444,-1.563163,147.46,7.28,3,150.85,21 / 22,4549709,2019-09-06 20:35:55:452,0.9508,0.2715,9.1877,-0.0023,0.0248,9.8066,0.011,0.1198,-0.0105,-18.69,-33.56,21.94,304.92,-83.2,172.47
52.379444,-1.563163,147.46,7.28,3,150.85,21 / 22,4549811,2019-09-06 20:35:55:554,0.3849,0.2378,9.729,-0.0087,0.0128,9.8066,0.0133,0.0874,-0.0031,-18.94,-33.75,21.5,303.95,-83.31,171.47
52.379444,-1.563163,147.46,7.28,3,150.85,21 / 22,4549910,2019-09-06 20:35:55:653,-0.3797,0.0882,10.1582,-0.0111,0.0043,9.8066,-0.0712,0.0584,0.0057,-19.31,-33.87,21.63,304.3,-83.59,171.5
52.379444,-1.563163,147.46,7.28,3,150.85,21 / 22,4550010,2019-09-06 20:35:55:753,-0.6565,-0.4626,10.1575,0.0008,0.0196,9.8066,-0.0278,0.0722,-0.0162,-19.56,-34,20.56,300.46,-83.84,170.46
52.379444,-1.563163,147.46,7.28,3,150.85,21 / 22,4550110,2019-09-06 20:35:55:853,-0.3485,-0.9401,9.4947,0.0072,-0.0131,9.8066,0.0197,0.0316,-0.0658,-18.75,-34.06,21.5,303.08,-83.86,170.09
52.379444,-1.563163,147.46,7.28,3,150.85,21 / 22,4550210,2019-09-06 20:35:55:953,-0.4436,0.601,9.464,-0.0029,0.0237,9.8066,0.0088,0.0677,-0.0301,-19.37,-34.5,21.06,299.41,-83.83,168.18
52.379444,-1.563163,147.46,7.28,3,150.85,21 / 22,4550310,2019-09-06 20:35:56:053,0.0505,-0.2542,9.8387,-0.0078,0.0136,9.8066,-0.0252,-0.0216,0.0043,-19.37,-34.62,20.88,298.07,-83.79,167.16
52.379444,-1.563163,147.46,7.28,3,150.85,20 / 21,4550410,2019-09-06 20:35:56:153,-1.09,-0.6188,10.2368,0.0025,0.008,9.8066,-0.0108,-0.0318,-0.0375,-18.94,-34.37,20.94,297.77,-83.84,166.62
52.379444,-1.563163,147.46,7.28,3,150.85,20 / 21,4550509,2019-09-06 20:35:56:252,-0.7559,-0.8969,9.844,0.0069,0.0193,9.8066,-0.026,-0.0392,-0.0398,-19.37,-34.19,20.88,295.21,-83.88,164.15
52.379444,-1.563163,147.46,7.28,3,150.85,20 / 21,4550609,2019-09-06 20:35:56:352,-1.1189,-0.2733,9.0103,0.0061,0.0238,9.8066,-0.0835,-0.0301,-0.055,-18.25,-34.56,21.25,293.72,-83.84,161.62
52.379444,-1.563163,147.46,7.28,3,150.85,20 / 21,4550710,2019-09-06 20:35:56:453,-1.4589,-1.053,9.365,0.0072,0.0138,9.8065,-0.0413,-0.0885,-0.0474,-18.19,-34.81,21.13,291.15,-83.88,159.13
52.379444,-1.563163,147.46,7.28,3,150.85,20 / 21,4550810,2019-09-06 20:35:56:553,-2.4319,-0.5856,9.7961,-0.0077,0.0237,9.8065,-0.0179,-0.1642,0.0041,-18,-34.31,20.56,288.2,-84.04,155.89
52.379444,-1.563163,147.46,7.28,3,150.85,20 / 21,4550910,2019-09-06 20:35:56:653,-1.6516,-0.6681,10.1209,-0.0079,0.0179,9.8066,-0.035,-0.1592,-0.004,-17.81,-35.12,21.63,286.84,-84.26,153.02
52.379444,-1.563163,147.46,7.28,3,150.85,20 / 21,4551010,2019-09-06 20:35:56:753,-1.8376,-1.0766,9.9334,-0.0017,0.0119,9.8066,-0.0076,-0.2395,0.0508,-17.94,-34.06,21.13,283.76,-84.29,151.28
52.379444,-1.563163,147.46,7.28,3,150.85,20 / 21,4551109,2019-09-06 20:35:56:852,-1.9602,-1.566,9.4963,0.002,-0.012,9.8066,0.0693,-0.2408,0.0373,-17.25,-34.56,22.31,287.12,-84.23,151.87
52.379444,-1.563163,147.46,7.28,3,150.85,20 / 21,4551209,2019-09-06 20:35:56:952,-2.4603,-1.1515,9.9172,0.0049,-0.0111,9.8066,0.087,-0.2386,0.038,-17.56,-34.37,22,286.62,-84.18,152.69
52.379444,-1.563163,147.46,7.28,3,150.85,20 / 21,4551309,2019-09-06 20:35:57:052,-2.3333,-1.601,10.3322,-0.0008,-0.0011,9.8066,-0.0397,-0.2543,0.05,-17.37,-34.31,22.75,290.55,-84.2,153.6
52.379444,-1.563163,147.46,7.28,3,150.85,20 / 21,4551409,2019-09-06 20:35:57:152,-2.1636,-1.2222,10.6557,-0.0111,0.0075,9.8066,-0.0159,-0.2612,0.0315,-16.69,-34.06,23.44,290.69,-84.25,153.68
52.379444,-1.563163,147.46,7.28,3,150.85,20 / 21,4551510,2019-09-06 20:35:57:253,-2.7169,-1.0624,9.9177,0.0116,-0.0073,9.8066,0.0525,-0.3332,0.0301,-16.69,-34,23.94,292.38,-84.11,154.13
52.379444,-1.563163,147.46,7.28,3,150.85,20 / 21,4551610,2019-09-06 20:35:57:353,-2.5204,-1.4286,9.595,0.013,-0.0095,9.8066,-0.0111,-0.3033,0.0057,-15.56,-34,24.5,295.31,-83.99,154.31
52.379444,-1.563163,147.46,7.28,3,150.85,20 / 21,4551709,2019-09-06 20:35:57:452,-3.4107,-0.8858,9.3082,0.014,-0.0087,9.8066,0.0467,-0.3262,0.036,-15.69,-34,24.38,293.56,-83.9,154
52.379444,-1.563163,147.46,7.28,3,150.85,20 / 21,4551809,2019-09-06 20:35:57:552,-2.6075,-0.4599,9.754,0.0105,-0.0001,9.8066,-0.0747,-0.3418,0.001,-15.25,-33.62,25.5,296.96,-83.94,153.21
52.379444,-1.563163,147.46,7.28,3,150.85,20 / 21,4551909,2019-09-06 20:35:57:652,-2.6442,-0.9237,10.0079,-0.0207,0.0315,9.8065,0.1026,-0.3518,0.0283,-14.19,-34.25,25.88,297.51,-84.06,152.03
52.379444,-1.563163,147.46,7.28,3,150.85,20 / 21,4552010,2019-09-06 20:35:57:753,-2.857,-0.9649,10.5913,-0.0206,0.0241,9.8066,0.0791,-0.3776,0.0635,-13.94,-33.75,26.06,296.2,-84.32,150.5
52.379444,-1.563163,147.46,7.28,3,150.85,20 / 21,4552110,2019-09-06 20:35:57:853,-3.1771,-1.2894,9.7856,0.013,-0.0213,9.8066,0.0641,-0.3368,0.0039,-13.62,-33.75,26.56,298.43,-84.13,151.76
52.379444,-1.563163,147.46,7.28,3,150.85,20 / 21,4552209,2019-09-06 20:35:57:952,-2.3613,-1.6429,9.6004,0.0062,-0.0228,9.8066,0.0633,-0.3855,0.0749,-13.25,-33.69,26.63,301.74,-83.93,153.48
52.379444,-1.563163,147.46,7.28,3,150.85,20 / 21,4552309,2019-09-06 20:35:58:052,-2.237,-1.5582,9.3802,0.0026,-0.0057,9.8066,0.0361,-0.3537,0.0541,-12.37,-33.19,27.25,304.77,-83.73,154.67
52.379444,-1.563163,147.46,7.28,3,150.85,20 / 21,4552410,2019-09-06 20:35:58:153,-2.4128,-0.3737,10.2279,-0.0051,0.0052,9.8066,0.0082,-0.3688,0.0455,-12,-33.5,28.06,306.01,-83.76,154.86
52.379444,-1.563163,147.46,7.28,3,150.85,20 / 21,4552509,2019-09-06 20:35:58:252,-2.8381,-1.6738,10.6214,-0.0124,0.0055,9.8066,-0.0898,-0.3396,0.023,-11.87,-33.31,28.56,307.5,-83.98,155.17
52.379444,-1.563163,147.46,7.28,3,150.85,20 / 21,4552610,2019-09-06 20:35:58:353,-2.8136,-1.4869,9.8667,-0.0127,-0.0039,9.8066,-0.0324,-0.3805,0.1102,-11.12,-33.06,28.19,309.4,-84.21,155.91
52.379444,-1.563163,147.46,7.28,3,150.85,20 / 21,4552709,2019-09-06 20:35:58:452,-3.2021,-1.2188,10.129,-0.0037,-0.0166,9.8066,0.1046,-0.3773,0.0308,-11.44,-33.31,28.88,312.11,-84.19,157.62
52.379444,-1.563163,147.46,7.28,3,150.85,20 / 21,4552809,2019-09-06 20:35:58:552,-2.6428,-1.6509,10.1549,-0.0048,-0.011,9.8065,0.0707,-0.3371,0.0263,-9.37,-32.87,29.5,318.36,-84.04,159.39
52.379444,-1.563163,147.46,7.28,3,150.85,20 / 21,4552909,2019-09-06 20:35:58:652,-2.2389,-1.7703,9.8039,0.0103,-0.0324,9.8065,-0.0356,-0.4061,0.045,-9.56,-32.81,29.56,318.78,-83.72,161.71
52.379444,-1.563163,147.46,7.28,3,150.85,20 / 21,4553009,2019-09-06 20:35:58:752,-2.6022,-1.4508,9.3705,0.0049,-0.0403,9.8065,-0.0427,-0.376,0.0546,-9.44,-33.19,29.94,322.07,-83.59,163.1
52.379444,-1.563163,147.46,7.28,3,150.85,20 / 21,4553110,2019-09-06 20:35:58:853,-2.9746,-1.9689,9.3727,-0.002,-0.0082,9.8066,0.0176,-0.3866,0.0453,-8.19,-33,30.38,324.77,-83.56,163.82
52.379444,-1.563163,147.46,7.28,3,150.85,20 / 21,4553210,2019-09-06 20:35:58:953,-3.0757,-2.1744,9.7801,-0.0115,0.0225,9.8065,-0.0158,-0.4416,0.0649,-7.69,-32.69,30.88,325.99,-83.51,164.37
52.379444,-1.563163,147.46,7.28,3,150.85,20 / 21,4553309,2019-09-06 20:35:59:052,-2.0153,-0.9385,9.7711,-0.0185,0.0474,9.8065,0.1399,-0.4831,0.0891,-6.81,-33,30.69,327.44,-83.82,163.77
52.379444,-1.563163,147.46,7.28,3,150.85,21 / 22,4553410,2019-09-06 20:35:59:153,-2.4334,-1.291,9.9663,-0.0174,0.0406,9.8065,0.1631,-0.418,0.0288,-5.37,-32.25,31.19,332.14,-83.88,164.36
52.379444,-1.563163,147.46,7.28,3,150.85,21 / 22,4553509,2019-09-06 20:35:59:252,-2.8747,-1.1993,9.7984,-0.005,-0.0321,9.8066,-0.0695,-0.3959,0.0778,-5.5,-32.37,31.81,334.6,-83.68,166.29
52.379444,-1.563163,147.46,7.28,3,150.85,21 / 22,4553610,2019-09-06 20:35:59:353,-2.9025,-2.3127,9.9785,-0.0118,-0.0141,9.8066,-0.0285,-0.4274,0.094,-4.5,-32.19,31.06,337.71,-83.68,167.64
52.379444,-1.563163,147.46,7.28,3,150.85,21 / 22,4553709,2019-09-06 20:35:59:452,-1.9104,-2.3861,9.9944,-0.002,-0.0236,9.8065,-0.0677,-0.4168,0.0494,-3.94,-32.44,31.19,339.17,-83.77,168.9
52.379444,-1.563163,147.46,7.28,3,150.85,21 / 22,4553810,2019-09-06 20:35:59:553,-2.4803,-1.9259,9.8549,0.0023,-0.0247,9.8065,-0.081,-0.361,0.0518,-2.87,-32.25,30.81,342.39,-83.7,169.98
52.379444,-1.563163,147.46,7.28,3,150.85,21 / 22,4553910,2019-09-06 20:35:59:653,-1.6731,-1.3641,9.4272,0.003,0.0007,9.8066,-0.011,-0.315,-0.0037,-1.5,-32.81,30.94,345.18,-83.87,168.77
52.379444,-1.563163,147.46,7.28,3,150.85,21 / 22,4554010,2019-09-06 20:35:59:753,-1.7076,-1.1078,9.3989,-0.0101,0.0275,9.8065,-0.0326,-0.2674,0.0527,-1.87,-32.44,30.75,343.18,-83.7,168.85
52.379444,-1.563163,147.46,7.28,3,150.85,21 / 22,4554109,2019-09-06 20:35:59:852,-1.8266,-1.0376,9.8052,-0.0128,0.0121,9.8066,-0.0941,-0.2791,0.0724,-0.62,-32.37,31.75,347.11,-83.69,170.38
52.379444,-1.563163,147.46,7.28,3,150.85,21 / 22,4554210,2019-09-06 20:35:59:953,-1.9881,-2.331,9.5677,-0.0216,-0.0079,9.8066,0.1639,-0.2707,0.0991,-1,-32.37,30.19,349.14,-83.54,172.41
52.379444,-1.563163,147.46,7.28,3,150.85,21 / 22,4554310,2019-09-06 20:36:00:053,-0.8142,-1.6152,9.3425,-0.0188,0.008,9.8065,0.0031,-0.2557,0.0957,-0.44,-32.06,31.38,354.84,-83.48,175.48
52.379444,-1.563163,147.46,7.28,3,150.85,20 / 21,4554410,2019-09-06 20:36:00:153,-0.7936,-1.0789,9.6111,-0.016,0.0162,9.8066,-0.0068,-0.1496,0.0144,-0.19,-33,31.25,356.81,-83.55,177.21
52.379444,-1.563163,147.46,7.28,3,150.85,20 / 21,4554510,2019-09-06 20:36:00:253,-0.0092,-1.6,9.4425,-0.0267,0.0001,9.8065,-0.137,-0.1292,0.1272,-0.44,-32.19,30.56,1.22,-83.73,-178.92
52.379444,-1.563163,147.46,7.28,3,150.85,20 / 21,4554610,2019-09-06 20:36:00:353,-0.7791,-1.081,9.3,-0.0377,-0.0151,9.8065,-0.199,-0.1181,0.0615,-0.5,-33,30.13,5.79,-83.85,-174.92
52.379444,-1.563163,147.46,7.28,3,150.85,20 / 21,4554710,2019-09-06 20:36:00:453,0.6085,-1.3071,9.2458,-0.0305,0.01,9.8065,0.1192,-0.0941,0.1184,-1,-32.87,30.13,5.79,-84.06,-172.99
52.379444,-1.563163,147.46,7.28,3,150.85,20 / 21,4554809,2019-09-06 20:36:00:552,0.8877,-1.0039,9.5214,-0.0132,-0.0031,9.8065,0.0032,0.0489,-0.011,-0.94,-33.06,30.31,10.27,-84.04,-169.04
52.379444,-1.563163,147.46,7.28,3,150.85,20 / 21,4554910,2019-09-06 20:36:00:653,-0.6349,-0.58,9.7566,-0.0106,0.0227,9.8066,-0.0132,0.0422,0.0103,-1,-33.31,29.44,13.8,-84.23,-165.86
52.379444,-1.563163,147.46,7.28,3,150.85,20 / 21,4555010,2019-09-06 20:36:00:753,-0.1587,-1.5103,9.7695,-0.0106,0.0118,9.8066,-0.0599,-0.0091,0.0342,-0.75,-33,30,14.86,-84.27,-164.92
52.379444,-1.563163,147.46,7.28,3,150.85,20 / 21,4555110,2019-09-06 20:36:00:853,-0.0564,-1.0225,9.7218,0.0072,-0.0074,9.8066,-0.0376,0.017,-0.0507,-0.69,-33.12,30,15.7,-84.32,-164.15
52.379444,-1.563163,147.46,7.28,3,150.85,20 / 21,4555210,2019-09-06 20:36:00:953,0.7656,-0.7744,9.8718,0.0058,0.0201,9.8066,-0.0321,0.0523,-0.0062,-0.62,-32.87,29.75,13.96,-84.26,-165.72
52.379444,-1.563163,147.46,7.28,3,150.85,20 / 21,4555309,2019-09-06 20:36:01:052,0.845,-1.3472,9.3069,0.0013,-0.0147,9.8066,0.0953,0.0319,0.0012,-1.44,-33.19,29.5,13.1,-84.23,-166.49
52.379444,-1.563163,147.46,7.28,3,150.85,20 / 21,4555409,2019-09-06 20:36:01:152,1.1,-1.4675,9.7605,0.0007,0.0137,9.8066,0.0706,0.0281,0.0212,-0.5,-33.12,30.63,14.88,-84.21,-166.77
52.379444,-1.563163,147.46,7.28,3,150.85,20 / 21,4555510,2019-09-06 20:36:01:253,-0.3124,0.2092,9.8615,-0.0025,0.0321,9.8066,-0.0493,0.0763,-0.0474,-1.31,-33.25,29.5,13.51,-84.28,-166.12
52.379444,-1.563163,147.46,7.28,3,150.85,20 / 21,4555610,2019-09-06 20:36:01:353,0.472,-0.5204,9.8583,0.0089,-0.017,9.8066,-0.0528,0.0428,0.0328,-0.87,-32.62,29.69,12.64,-84.47,-166.84
52.379444,-1.563163,147.46,7.28,3,150.85,20 / 21,4555709,2019-09-06 20:36:01:452,0.6707,-0.5219,9.6807,-0.0054,-0.0078,9.8066,-0.0445,0.0701,0.012,-1.37,-33.12,29.5,12.57,-84.42,-166.91
52.379444,-1.563163,147.46,7.28,3,150.85,20 / 21,4555810,2019-09-06 20:36:01:553,1.261,-0.2605,9.4178,-0.0046,-0.0026,9.8066,0.0025,0.1397,-0.0686,-1.5,-33.06,30.38,13,-84.35,-166.55
52.379444,-1.563163,147.46,7.28,3,150.85,20 / 21,4555910,2019-09-06 20:36:01:653,1.3042,-0.1455,9.5788,0.0143,0.0126,9.8066,-0.0139,0.1307,-0.0624,-1,-33.19,29.44,11.46,-84.35,-167.89
52.379444,-1.563163,147.46,7.28,3,150.85,20 / 21,4556009,2019-09-06 20:36:01:752,1.3994,-0.016,9.7556,0.0057,0.0175,9.8066,0.0097,0.0681,-0.0056,-1,-33.37,29.44,9.74,-84.5,-169.39
52.379444,-1.563163,147.46,7.28,3,150.85,20 / 21,4556110,2019-09-06 20:36:01:853,1.3358,0.5339,9.9285,-0.0031,0.0192,9.8066,-0.0145,0.07,0.021,-1.19,-33.44,29.38,10.71,-84.62,-168.5
52.379444,-1.563163,147.46,7.28,3,150.85,20 / 21,4556210,2019-09-06 20:36:01:953,0.4091,-0.2636,9.4601,0.0019,-0.0081,9.8066,0.0287,0.0727,-0.0071,-1.25,-33.5,29.38,10.46,-84.64,-168.71
52.379444,-1.563163,147.46,7.28,3,150.85,20 / 21,4556311,2019-09-06 20:36:02:054,1.7933,-0.4245,9.5274,0.0036,-0.0083,9.8066,-0.02,0.0432,-0.0039,-1,-32.87,29.31,10.18,-84.57,-168.98
52.378944,-1.562738,150.81,9.4,3,186.03,20 / 21,4556409,2019-09-06 20:36:02:152,1.533,-0.8299,9.9894,0.0009,-0.0119,9.8065,-0.0684,0.1005,0.0427,-1.56,-33.31,29.63,8.27,-84.57,-168.81
52.378944,-1.562738,150.81,9.4,3,186.03,20 / 21,4556510,2019-09-06 20:36:02:253,0.3467,-0.6797,10.1048,0.0053,0.0156,9.8066,0.0594,0.0555,-0.0163,-2.19,-33.31,29.88,9.68,-84.65,-167.53
52.378944,-1.562738,150.81,9.4,3,186.03,20 / 21,4556609,2019-09-06 20:36:02:352,1.6546,-1.9682,9.3546,0.0056,0.0513,9.8065,0.1,0.1435,-0.0156,-2.31,-33.75,30.19,8.99,-84.79,-168.15
52.378944,-1.562738,150.81,9.4,3,186.03,20 / 21,4556710,2019-09-06 20:36:02:453,0.2033,-0.4262,10.1425,-0.0075,-0.0172,9.8065,0.0192,0.0615,-0.0155,-2.69,-33.06,29.44,7.78,-84.6,-167.18
52.378944,-1.562738,150.81,9.4,3,186.03,20 / 21,4556809,2019-09-06 20:36:02:552,0.9569,0.5265,9.9234,0.0027,0,9.8066,0.0145,0.1074,-0.0894,-2.5,-33.25,28.81,10.09,-84.5,-167.1
52.378944,-1.562738,150.81,9.4,3,186.03,20 / 21,4556910,2019-09-06 20:36:02:653,0.8647,-0.7604,9.6028,0.0023,-0.0189,9.8066,0.0085,0.1195,0.0137,-2.37,-32.81,29.88,8.89,-84.27,-168.31
52.378944,-1.562738,150.81,9.4,3,186.03,20 / 21,4557010,2019-09-06 20:36:02:753,1.0527,-1.0136,10.6989,-0.0052,-0.0196,9.8065,0.0404,0.0286,-0.0221,-3.12,-33.12,29.56,6.98,-84.1,-168.13
52.378944,-1.562738,150.81,9.4,3,186.03,20 / 21,4557110,2019-09-06 20:36:02:853,1.4526,-0.0942,8.7404,-0.0075,-0.0507,9.8065,-0.0948,0.0552,0.0421,-2.69,-33.44,30.06,6.05,-83.95,-168.97
52.378944,-1.562738,150.81,9.4,3,186.03,20 / 21,4557210,2019-09-06 20:36:02:953,0.3654,0.1047,9.3541,-0.0153,0.0422,9.8065,-0.1628,0.0179,0.0404,-3.12,-33,29.5,7.65,-84.06,-167.54
52.378944,-1.562738,150.81,9.4,3,186.03,20 / 21,4557309,2019-09-06 20:36:03:052,1.0621,1.2003,9.4035,-0.0197,0.0471,9.8065,-0.2123,0.0819,0.0253,-2.87,-34.12,29.5,11.02,-84.5,-164.5
52.378944,-1.562738,150.81,9.4,3,186.03,20 / 21,4557409,2019-09-06 20:36:03:152,0.5267,0.9079,10.3478,-0.0136,0.0056,9.8066,0.1488,0.0515,-0.0155,-3,-33.19,28.88,13.1,-84.39,-162.5
52.378944,-1.562738,150.81,9.4,3,186.03,20 / 21,4557510,2019-09-06 20:36:03:253,0.4738,-0.9672,9.8252,-0.0087,-0.0346,9.8065,-0.0326,0.0223,0.0099,-3.25,-33.56,29.69,13.69,-83.96,-162.28
52.378944,-1.562738,150.81,9.4,3,186.03,20 / 21,4557609,2019-09-06 20:36:03:352,0.4165,-0.5085,9.4582,-0.0053,-0.0339,9.8066,-0.0364,0.0428,0.0397,-3.06,-33,29.63,13.9,-83.66,-162.14
52.378944,-1.562738,150.81,9.4,3,186.03,20 / 21,4557710,2019-09-06 20:36:03:453,-0.2023,0.2175,9.9611,0.0005,0.0207,9.8066,0.0278,0.0964,-0.0724,-3.69,-32.75,29.31,12.14,-83.52,-161.61
52.378944,-1.562738,150.81,9.4,3,186.03,20 / 21,4557809,2019-09-06 20:36:03:552,0.4161,-0.5044,9.8724,-0.0012,0.0183,9.8066,0.0557,0.0223,-0.0187,-3.69,-33.37,30.31,12.56,-83.76,-161.39
52.378944,-1.562738,150.81,9.4,3,186.03,20 / 21,4557910,2019-09-06 20:36:03:653,0.6451,-0.1515,9.7407,-0.0049,-0.013,9.8066,-0.0387,0.0307,-0.0114,-3.62,-33.62,28.94,12.16,-83.74,-161.58
52.378944,-1.562738,150.81,9.4,3,186.03,20 / 21,4558010,2019-09-06 20:36:03:753,0.2872,-0.749,10.0344,-0.0029,0.0067,9.8066,0.0229,0.0249,0.0318,-3.5,-33.12,29.81,14.53,-83.8,-161.54
52.378944,-1.562738,150.81,9.4,3,186.03,20 / 21,4558110,2019-09-06 20:36:03:853,0.7605,0.2862,9.5882,0.0057,-0.0155,9.8066,0.0086,-0.0146,-0.0011,-4.37,-33.06,29.56,12.49,-83.72,-161.47
52.378944,-1.562738,150.81,9.4,3,186.03,20 / 21,4558209,2019-09-06 20:36:03:952,0.0028,0.1894,9.8272,0.0015,-0.0249,9.8066,-0.0636,-0.0073,-0.0042,-3.81,-33.06,30.25,12.31,-83.65,-161.64
52.378944,-1.562738,150.81,9.4,3,186.03,20 / 21,4558309,2019-09-06 20:36:04:052,0.7806,0.2578,9.3156,-0.007,0.0294,9.8065,0.0977,0.0017,0.0233,-4.37,-33,29.81,12.77,-83.59,-161.25
52.378944,-1.562738,150.81,9.4,3,186.03,20 / 21,4558409,2019-09-06 20:36:04:152,0.0614,-0.2961,10.0289,-0.0129,0.0226,9.8065,0.0957,0.0103,-0.0434,-4.56,-33.19,30.06,12.32,-83.7,-159.75
52.378944,-1.562738,150.81,9.4,3,186.03,20 / 21,4558510,2019-09-06 20:36:04:253,1.365,-0.0678,9.8504,-0.0057,-0.0062,9.8066,-0.0471,-0.0197,0.0598,-4.31,-32.25,29.63,14.61,-83.71,-159.56
52.378944,-1.562738,150.81,9.4,3,186.03,20 / 21,4558609,2019-09-06 20:36:04:352,-0.0431,0.0148,10.1431,-0.0123,0.0118,9.8066,-0.032,-0.0479,0.0559,-4.75,-33.37,28.75,13.88,-83.75,-158.09
52.378944,-1.562738,150.81,9.4,3,186.03,20 / 21,4558710,2019-09-06 20:36:04:453,-1.1808,1.0442,9.1762,0.0089,-0.0356,9.8065,-0.1711,0.0927,-0.0577,-3.25,-33.12,29.69,18.69,-83.71,-157.9
52.378944,-1.562738,150.81,9.4,3,186.03,20 / 21,4558810,2019-09-06 20:36:04:553,0.8983,0.8006,9.1019,0.0024,-0.0855,9.8063,-0.0736,0.0382,-0.0119,-4,-32.87,29.75,15.43,-83.3,-159.02
52.378944,-1.562738,150.81,9.4,3,186.03,20 / 21,4558910,2019-09-06 20:36:04:653,1.403,-0.2701,9.6052,-0.0021,0.0218,9.8066,0.0298,-0.0686,0.035,-4,-33.56,29.38,14.09,-83.41,-160.01
52.378944,-1.562738,150.81,9.4,3,186.03,20 / 21,4559010,2019-09-06 20:36:04:753,0.4121,0.3332,10.5281,0.0007,0.0536,9.8065,0.0787,0.0412,-0.0196,-3.56,-33.12,30.25,14.8,-83.64,-159.46
52.378944,-1.562738,150.81,9.4,3,186.03,20 / 21,4559111,2019-09-06 20:36:04:854,-0.0272,0.4785,10.6322,0.0006,-0.0141,9.8066,0.0111,0.0053,-0.0047,-4.12,-33.44,29.88,14.81,-83.46,-159.51
52.378944,-1.562738,150.81,9.4,3,186.03,20 / 21,4559210,2019-09-06 20:36:04:953,0.5508,-0.9006,9.1371,0.0117,0.0075,9.8066,-0.0023,0.0151,-0.0093,-4.5,-32.94,29.75,13.48,-83.46,-160.67
52.378944,-1.562738,150.81,9.4,3,186.03,20 / 21,4559310,2019-09-06 20:36:05:053,0.2651,-0.1648,9.1532,-0.0088,0.013,9.8066,-0.0719,-0.017,0.0222,-4.44,-33.19,29.75,12.99,-83.21,-161.16
52.378944,-1.562738,150.81,9.4,3,186.03,20 / 21,4559409,2019-09-06 20:36:05:152,0.0563,-0.1474,9.7582,-0.0109,0.0201,9.8065,0.0285,-0.0186,0.0281,-4,-34.06,29.69,14.53,-83.27,-159.86
52.378944,-1.562738,150.81,9.4,3,186.03,20 / 21,4559510,2019-09-06 20:36:05:253,1.1238,-0.1867,9.6793,0.0011,0.0022,9.8066,-0.0988,-0.0486,0.0424,-4.37,-33.25,29.75,15.11,-83.44,-159.25
52.378944,-1.562738,150.81,9.4,3,186.03,20 / 21,4559609,2019-09-06 20:36:05:352,0.9481,0.5637,9.8674,-0.0015,-0.0154,9.8066,-0.1026,0.0597,-0.0196,-4.25,-33.25,29.25,15.61,-83.42,-158.63
52.378944,-1.562738,150.81,9.4,3,186.03,20 / 21,4559710,2019-09-06 20:36:05:453,0.0687,0.553,9.8333,0.0009,0.0013,9.8066,0.1028,-0.0117,0.0041,-3.94,-33.25,30.06,16.43,-83.35,-158.12
52.378944,-1.562738,150.81,9.4,3,186.03,20 / 21,4559810,2019-09-06 20:36:05:553,0.3885,-0.1118,9.5764,-0.0009,-0.0045,9.8066,0.0362,-0.001,-0.0269,-4.37,-33.5,29.56,16.23,-83.19,-158.36
52.378944,-1.562738,150.81,9.4,3,186.03,20 / 21,4559910,2019-09-06 20:36:05:653,0.7109,-0.4774,9.2823,-0.0088,-0.0101,9.8066,-0.0647,-0.0004,0.0282,-4,-33.25,29.5,16.04,-83.18,-158.52
52.378944,-1.562738,150.81,9.4,3,186.03,20 / 21,4560009,2019-09-06 20:36:05:752,0.2404,0.5425,9.8476,-0.0016,-0.0027,9.8066,-0.1231,-0.0038,-0.0149,-4.94,-32.81,29.5,15.02,-83.24,-157.52
52.378944,-1.562738,150.81,9.4,3,186.03,20 / 21,4560110,2019-09-06 20:36:05:853,0.1487,0.2393,9.7669,-0.0037,0.0187,9.8066,-0.021,0.0061,-0.0038,-4.19,-33,29.31,18.52,-83.57,-156.04
52.378944,-1.562738,150.81,9.4,3,186.03,20 / 21,4560209,2019-09-06 20:36:05:952,0.539,-0.0903,9.4691,-0.0002,0.009,9.8066,0.0456,0.0347,-0.0129,-5.12,-33,29.06,16.55,-83.63,-155.79
52.378944,-1.562738,150.81,9.4,3,186.03,20 / 21,4560309,2019-09-06 20:36:06:052,0.2397,0.0627,9.8518,-0.0063,0.0052,9.8066,0.0203,-0.0226,-0.0011,-4.62,-33.5,28.88,16.88,-83.64,-155.51
52.378944,-1.562738,150.81,9.4,3,186.03,20 / 21,4560410,2019-09-06 20:36:06:153,-0.1797,0.6946,9.864,0.0075,0.0128,9.8066,0.012,0.0146,0.0002,-4.31,-33,28.88,18.62,-83.68,-155.91
52.378944,-1.562738,150.81,9.4,3,186.03,20 / 21,4560510,2019-09-06 20:36:06:253,0.8151,0.3197,9.4029,0.0128,-0.0058,9.8066,-0.0841,0.0108,-0.0598,-4.69,-33.62,29.06,16.11,-83.67,-156.23
52.378944,-1.562738,150.81,9.4,3,186.03,20 / 21,4560609,2019-09-06 20:36:06:352,0.4726,0.7198,9.8052,0.0023,-0.0217,9.8065,-0.0148,-0.0097,-0.0013,-4.31,-33.25,29.25,16.68,-83.68,-157.61
52.378944,-1.562738,150.81,9.4,3,186.03,20 / 21,4560709,2019-09-06 20:36:06:452,0.7419,0.0844,9.9599,0.0009,0.0017,9.8066,-0.0199,0.0299,0.0245,-4.44,-33.25,29.13,17.12,-83.72,-157.2
52.378944,-1.562738,150.81,9.4,3,186.03,20 / 21,4560810,2019-09-06 20:36:06:553,0.8995,0.5115,9.4252,-0.0126,-0.0002,9.8066,-0.0305,0.0734,0.0309,-4.31,-33.44,29.56,17.31,-83.64,-157.26
52.378944,-1.562738,150.81,9.4,3,186.03,20 / 21,4560910,2019-09-06 20:36:06:653,0.6773,0.2239,9.2689,-0.0061,0.0109,9.8066,0.0567,0.0482,-0.0002,-4.06,-34.25,29.19,18.54,-83.6,-156.08
52.378944,-1.562738,150.81,9.4,3,186.03,20 / 21,4561009,2019-09-06 20:36:06:752,0.6784,0.9564,9.4741,-0.0129,0.0158,9.8066,0.0406,-0.0169,0.0235,-4.94,-34,28.88,17.37,-83.6,-155.16
52.378944,-1.562738,150.81,9.4,3,186.03,20 / 21,4561110,2019-09-06 20:36:06:853,0.6178,1.0047,9.4724,-0.0033,0.005,9.8066,-0.0835,0.0516,-0.0013,-4.69,-33.56,29.06,18.17,-83.68,-154.43
52.378944,-1.562738,150.81,9.4,3,186.03,20 / 21,4561210,2019-09-06 20:36:06:953,1.0534,-0.139,9.4699,0.0023,0.0089,9.8066,-0.0432,0.0834,-0.0034,-4.56,-33.94,29,18.48,-83.76,-154.12
52.378944,-1.562738,150.81,9.4,3,186.03,20 / 21,4561309,2019-09-06 20:36:07:052,0.9886,0.156,9.4878,0,0.0116,9.8066,0.1068,0.0786,-0.0375,-5.19,-33.87,28.94,18.37,-83.82,-154.19
52.378944,-1.562738,150.81,9.4,3,186.03,20 / 21,4561410,2019-09-06 20:36:07:153,1.1581,-0.3512,9.8543,-0.0008,0.0066,9.8066,0.0038,0.057,-0.0167,-5,-34.06,28.88,18.21,-83.75,-154.36
52.378944,-1.562738,150.81,9.4,3,186.03,20 / 21,4561510,2019-09-06 20:36:07:253,1.3653,1.0721,9.0875,0.0032,-0.002,9.8066,-0.0415,0.0368,0.0269,-5.87,-33.75,28.31,14.33,-83.72,-155.5
52.378944,-1.562738,150.81,9.4,3,186.03,20 / 21,4561610,2019-09-06 20:36:07:353,1.1317,0.7539,9.9088,0.0026,-0.0034,9.8066,-0.0781,0.0654,-0.0166,-5.06,-34.25,28.94,17.02,-83.77,-155.4
52.378944,-1.562738,150.81,9.4,3,186.03,20 / 21,4561710,2019-09-06 20:36:07:453,0.7405,1.4153,9.1725,0.0025,0.0115,9.8066,0.1919,0.0566,-0.0164,-5.37,-34.06,28.88,17.75,-83.82,-154.74
52.378944,-1.562738,150.81,9.4,3,186.03,20 / 21,4561810,2019-09-06 20:36:07:553,2.9324,2.1162,8.3164,0.0085,-0.0013,9.8066,-0.2173,0.173,-0.0087,-5.31,-33.75,27.88,16.04,-83.89,-155.94
52.378944,-1.562738,150.81,9.4,3,186.03,20 / 21,4561909,2019-09-06 20:36:07:652,-0.752,1.3398,10.9548,-0.0202,0.0292,9.8065,0.2544,-0.0125,0.0024,-5.62,-33.62,27.94,15.29,-83.94,-154.6
52.378944,-1.562738,150.81,9.4,3,186.03,20 / 21,4562009,2019-09-06 20:36:07:752,-0.6246,-1.4444,10.6118,0.0021,0.1142,9.8059,0.3456,0.1064,-0.0829,-6.25,-35.31,29.19,16.21,-84.19,-154.09
52.378944,-1.562738,150.81,9.4,3,186.03,20 / 21,4562110,2019-09-06 20:36:07:853,1.0755,-0.4015,10.8006,0.01,-0.0842,9.8062,-0.2759,0.083,0.0977,-5.87,-34.31,29.31,13.96,-83.87,-156.12
52.378944,-1.562738,150.81,9.4,3,186.03,20 / 21,4562210,2019-09-06 20:36:07:953,-0.6201,0.5442,9.5884,0.0134,-0.0302,9.8065,-0.239,-0.0373,-0.0093,-6.44,-34.19,28.31,14.09,-83.95,-155.63
52.378944,-1.562738,150.81,9.4,3,186.03,20 / 21,4562310,2019-09-06 20:36:08:053,1.4629,0.8408,8.9317,-0.003,0.0164,9.8066,-0.1629,0.0561,-0.0311,-5.62,-33.75,28.5,12.17,-84.02,-157.65
52.378944,-1.562738,150.81,9.4,3,186.03,20 / 21,4562409,2019-09-06 20:36:08:152,0.3838,0.11,9.7379,0.0119,0.0092,9.8066,0.0113,0.0576,-0.0603,-5.75,-34.06,28.69,11.61,-84.18,-158.1
52.378944,-1.562738,150.81,9.4,3,186.03,20 / 21,4562510,2019-09-06 20:36:08:253,0.631,0.3697,10.1483,0.0056,0.0196,9.8066,0.0085,0.0872,-0.0217,-5.56,-34.25,27.94,10.2,-84.48,-158.91
52.378944,-1.562738,150.81,9.4,3,186.03,20 / 21,4562609,2019-09-06 20:36:08:352,0.9208,0.3816,10.0915,0.0056,0.0177,9.8066,-0.0181,0.0501,0.0009,-5.69,-33.81,28.75,9.12,-84.51,-160.23
52.378944,-1.562738,150.81,9.4,3,186.03,20 / 21,4562710,2019-09-06 20:36:08:453,0.6942,0.0209,9.7958,0.0039,-0.0073,9.8066,0.056,0.028,-0.0075,-6.37,-34.19,28.44,7.72,-84.33,-161.13
52.378944,-1.562738,150.81,9.4,3,186.03,20 / 21,4562810,2019-09-06 20:36:08:553,0.3327,-0.4633,10.1687,-0.0011,-0.0154,9.8066,0.0737,0.0022,0.0217,-6.06,-34.06,28.56,7.89,-84.33,-161.35
52.378944,-1.562738,150.81,9.4,3,186.03,20 / 21,4562910,2019-09-06 20:36:08:653,0.196,0.2816,10.1882,0.0148,-0.0104,9.8066,-0.0546,0.0576,-0.0585,-6.69,-33.56,28.31,5.58,-84.32,-161.06
52.378944,-1.562738,150.81,9.4,3,186.03,20 / 21,4563010,2019-09-06 20:36:08:753,0.4188,0.7891,10.2284,0.011,-0.0252,9.8066,0.0065,0.0191,-0.0242,-6.31,-33.87,28.06,5.25,-84.31,-163.3
52.378944,-1.562738,150.81,9.4,3,186.03,20 / 21,4563110,2019-09-06 20:36:08:853,0.6941,-0.7081,9.4774,0.01,0.0066,9.8066,0.0407,0.0321,0.0037,-6.37,-34.69,28.19,3.11,-84.36,-165.18
52.378944,-1.562738,150.81,9.4,3,186.03,20 / 21,4563209,2019-09-06 20:36:08:952,0.7689,0.3988,9.9255,0.0018,0.0034,9.8066,0.0129,0.0668,-0.0299,-6.75,-35.12,27.13,359.82,-84.31,-165.62
52.378944,-1.562738,150.81,9.4,3,186.03,20 / 21,4563310,2019-09-06 20:36:09:053,-0.0916,0.3141,10.0576,0.0061,0.0149,9.8066,-0.0442,-0.0086,-0.015,-6.56,-34.81,28.06,359.13,-84.51,-166.73
52.378944,-1.562738,150.81,9.4,3,186.03,19 / 21,4563410,2019-09-06 20:36:09:153,1.0155,1.2213,9.3892,0.0195,-0.0115,9.8066,-0.0821,0.0555,-0.0461,-7.5,-34.87,28.63,357.72,-84.53,-168.44
52.378944,-1.562738,150.81,9.4,3,186.03,19 / 21,4563509,2019-09-06 20:36:09:252,-0.1774,-0.1994,9.8934,0.0063,-0.0251,9.8066,0.0571,0.03,-0.0361,-6.37,-34.56,29.06,358.69,-84.56,-169.46
52.378944,-1.562738,150.81,9.4,3,186.03,19 / 21,4563610,2019-09-06 20:36:09:353,-0.0828,0.4117,9.4758,0.0061,0.0345,9.8065,0.0537,0.0332,0.009,-6.94,-34.12,29.31,355.72,-84.72,-170.25
52.378944,-1.562738,150.81,9.4,3,186.03,19 / 21,4563709,2019-09-06 20:36:09:452,0.3094,-0.695,10.1033,-0.0097,0.0212,9.8065,-0.1118,0.016,-0.0471,-6.75,-33.94,28.69,355.5,-84.74,-170.44
52.378944,-1.562738,150.81,9.4,3,186.03,19 / 21,4563809,2019-09-06 20:36:09:552,0.2671,0.4754,9.5586,0.012,-0.0136,9.8066,-0.1206,-0.009,0.0019,-6,-33.81,28.88,356.52,-84.79,-171.42
52.378944,-1.562738,150.81,9.4,3,186.03,19 / 21,4563910,2019-09-06 20:36:09:653,-0.0912,0.5506,9.8117,0.0156,-0.0182,9.8065,0.1495,-0.0147,0.0103,-6.62,-33.87,28.44,352.09,-84.7,-172.98
52.378944,-1.562738,150.81,9.4,3,186.03,19 / 21,4564009,2019-09-06 20:36:09:752,0.2997,0.3826,10.4135,0.0028,0.0139,9.8066,0.1059,0.0321,-0.0624,-6.31,-34.12,28.88,353.21,-84.85,-174.38
52.378944,-1.562738,150.81,9.4,3,186.03,19 / 21,4564110,2019-09-06 20:36:09:853,0.6217,-0.1957,9.857,0.0197,-0.0047,9.8066,0.0393,0.0147,-0.0117,-5.94,-33.37,28.25,350.38,-84.75,-176.48
52.378944,-1.562738,150.81,9.4,3,186.03,19 / 21,4564210,2019-09-06 20:36:09:953,0.1591,0.6725,10.5872,0.0032,0.0055,9.8066,0.1044,-0.0051,0.0026,-6.56,-33.69,28.75,347.99,-84.56,-177.1
52.378944,-1.562738,150.81,9.4,3,186.03,19 / 21,4564310,2019-09-06 20:36:10:053,-0.0746,-0.3974,9.7017,-0.0036,0.0209,9.8065,-0.121,0.0289,0.0156,-5.94,-33.37,28.94,349.99,-84.51,-177.22
52.378944,-1.562738,150.81,9.4,3,186.03,19 / 21,4564410,2019-09-06 20:36:10:153,0.4275,0.5591,9.533,0.0072,-0.0145,9.8066,-0.1586,0.0393,-0.0154,-6,-33.87,28.63,349.62,-84.44,-177.49
52.378944,-1.562738,150.81,9.4,3,186.03,19 / 21,4564509,2019-09-06 20:36:10:252,0.294,0.2357,9.618,-0.0031,0.0026,9.8066,0.0262,-0.027,-0.0105,-6.06,-33.75,28.63,349.58,-84.64,-177.57
52.378944,-1.562738,150.81,9.4,3,186.03,19 / 21,4564610,2019-09-06 20:36:10:353,-0.0743,-0.3617,9.5882,0.0013,0.0067,9.8066,0.0368,0.0033,-0.0018,-5.62,-33.56,28.19,349.17,-84.85,-177.55
52.378944,-1.562738,150.81,9.4,3,186.03,19 / 21,4564710,2019-09-06 20:36:10:453,-0.353,1.4349,10.3153,0.0117,-0.0025,9.8066,0.1279,-0.0075,-0.0208,-6.56,-33.12,28.19,345.89,-84.87,-178.59
52.378944,-1.562738,150.81,9.4,3,186.03,19 / 21,4564809,2019-09-06 20:36:10:552,-0.4197,0.1394,9.8854,0.0071,0.019,9.8066,0.1436,-0.0331,0.0051,-6.25,-33.31,28.25,345.76,-84.92,179.35
52.378944,-1.562738,150.81,9.4,3,186.03,19 / 21,4564910,2019-09-06 20:36:10:653,0.2943,-0.1565,9.6728,0.0011,0.0197,9.8065,-0.1186,-0.0189,-0.0307,-6.25,-33.44,28,343.81,-85.02,177.56
52.378944,-1.562738,150.81,9.4,3,186.03,19 / 21,4565009,2019-09-06 20:36:10:752,-0.4475,0.3683,9.2297,0.0002,0.03,9.8065,-0.0045,-0.0807,0.0036,-5.44,-33.81,27.88,344.55,-85.08,176.29
52.378944,-1.562738,150.81,9.4,3,186.03,19 / 21,4565110,2019-09-06 20:36:10:853,0.0455,0.1794,9.5588,0.0149,0.0251,9.8066,-0.0219,-0.0372,-0.004,-5.19,-33.69,27.63,342.74,-85.13,174.65
52.378944,-1.562738,150.81,9.4,3,186.03,19 / 21,4565210,2019-09-06 20:36:10:953,0.1491,1.6338,10.2707,0.019,0.0045,9.8066,-0.0914,0.0384,-0.1041,-4.94,-34.44,28.13,337.66,-85.2,170.04
52.378944,-1.562738,150.81,9.4,3,186.03,19 / 21,4565309,2019-09-06 20:36:11:052,0.1347,0.2822,10.0813,0.0261,0.0003,9.8065,0.0064,-0.031,0.0216,-5.06,-34.12,27.75,333.35,-85.21,166.12
52.378056,-1.562597,152.05,11.73,4,168.67,19 / 21,4565409,2019-09-06 20:36:11:152,0.8195,-0.1147,9.7433,0.0095,0.0017,9.8066,0.0018,-0.0046,-0.0071,-4.87,-34.69,28,331.65,-85.03,164.77
52.378056,-1.562597,152.05,11.73,4,168.67,19 / 21,4565510,2019-09-06 20:36:11:253,-0.1344,0.1146,10.114,0.0125,-0.0159,9.8065,0.0644,0.0243,-0.044,-5.25,-34.94,27.94,330.71,-84.79,164.07
52.378056,-1.562597,152.05,11.73,4,168.67,19 / 21,4565610,2019-09-06 20:36:11:353,-0.5442,0.505,9.8159,0.0049,0.0053,9.8066,0.0418,-0.0465,0.0423,-4.81,-34.94,28.19,329.25,-84.65,162.85
52.378056,-1.562597,152.05,11.73,4,168.67,19 / 21,4565710,2019-09-06 20:36:11:453,-0.2291,-0.3838,9.9576,0.005,0.0015,9.8066,-0.135,0.0075,-0.0154,-4.87,-34.62,28,328.88,-84.78,162.43
52.378056,-1.562597,152.05,11.73,4,168.67,19 / 21,4565809,2019-09-06 20:36:11:552,-1.0645,0.3127,10.0272,0.0051,0.002,9.8065,0.0108,-0.0436,0.0392,-5.12,-34.06,27.75,327.54,-84.96,161
52.378056,-1.562597,152.05,11.73,4,168.67,19 / 21,4565910,2019-09-06 20:36:11:653,-0.4957,0.4303,10.1948,0.0136,-0.0019,9.8066,0.0585,-0.0596,-0.0401,-4.87,-34.19,28.06,325.93,-84.94,159.55
52.378056,-1.562597,152.05,11.73,4,168.67,19 / 21,4566009,2019-09-06 20:36:11:752,-0.4534,0.7932,9.8736,0.0118,0.0063,9.8066,0.1334,-0.068,-0.0428,-4.75,-34.12,28.38,323.32,-84.78,157.28
52.378056,-1.562597,152.05,11.73,4,168.67,19 / 21,4566110,2019-09-06 20:36:11:853,-0.2929,0.2134,10.2001,0.0118,0.0118,9.8066,0.032,-0.0365,0.0293,-4.44,-33.37,28.19,324.63,-84.57,156.55
52.378056,-1.562597,152.05,11.73,4,168.67,19 / 21,4566210,2019-09-06 20:36:11:953,-0.0005,1.0137,9.9758,-0.0044,0.0172,9.8066,0.0017,-0.0127,0.005,-4.75,-33.56,28.44,321.67,-84.56,155.95
52.378056,-1.562597,152.05,11.73,4,168.67,19 / 21,4566310,2019-09-06 20:36:12:053,-0.591,0.3186,9.7633,-0.0046,0.0122,9.8066,0.0781,-0.068,0.0365,-4.56,-34.06,28.44,322,-84.59,156.23
52.378056,-1.562597,152.05,11.73,4,168.67,19 / 20,4566409,2019-09-06 20:36:12:152,-1.2116,-0.5186,9.5067,-0.0111,0.0055,9.8066,0.009,-0.0223,-0.0333,-4,-33.62,28.63,325.38,-84.63,156.9
52.378056,-1.562597,152.05,11.73,4,168.67,19 / 20,4566510,2019-09-06 20:36:12:253,-0.5852,-0.205,9.726,-0.0115,0.0364,9.8065,-0.0888,-0.0572,0.0229,-4.5,-33.87,27.44,323.94,-84.91,156.21
52.378056,-1.562597,152.05,11.73,4,168.67,19 / 20,4566609,2019-09-06 20:36:12:352,-1.7406,-0.7792,10.0072,0.0066,-0.024,9.8066,-0.0352,-0.0751,0.0227,-4.62,-34.31,27.94,322.78,-85.03,156.61
52.378056,-1.562597,152.05,11.73,4,168.67,19 / 20,4566709,2019-09-06 20:36:12:452,0.4364,1.2525,10.4564,0.0089,-0.0164,9.8066,0.0648,-0.0985,0.0386,-4.25,-33.44,27.5,323.28,-85.16,154.89
52.378056,-1.562597,152.05,11.73,4,168.67,19 / 20,4566809,2019-09-06 20:36:12:552,-0.3495,-0.9436,10.4202,-0.005,0.0161,9.8066,0.122,-0.0415,-0.0502,-4.37,-34.44,27.88,323.89,-85.14,155.56
52.378056,-1.562597,152.05,11.73,4,168.67,19 / 20,4566909,2019-09-06 20:36:12:652,-0.0848,-1.3521,9.5086,0.0081,0.0364,9.8065,-0.1175,-0.0711,-0.006,-4,-34.44,28.56,323.08,-84.9,154.6
52.378056,-1.562597,152.05,11.73,4,168.67,19 / 20,4567010,2019-09-06 20:36:12:753,-0.9343,-0.9037,9.1943,0.0074,-0.0162,9.8066,-0.1902,-0.102,0.029,-4,-33.37,28.19,323.98,-84.75,155.83
52.378056,-1.562597,152.05,11.73,4,168.67,19 / 20,4567110,2019-09-06 20:36:12:853,-1.8646,0.2468,9.8103,0.0014,0.0559,9.8064,0.0344,-0.0663,-0.0609,-3.87,-34.06,28.13,322.82,-84.93,154.74
52.378056,-1.562597,152.05,11.73,4,168.67,19 / 20,4567209,2019-09-06 20:36:12:952,-0.8836,0.6645,10.0511,0.0095,0.0394,9.8065,0.0428,-0.0609,-0.0232,-2.81,-34.12,27.75,318.34,-85.27,148.35
52.378056,-1.562597,152.05,11.73,4,168.67,19 / 20,4567310,2019-09-06 20:36:13:053,-0.5515,1.0376,10.0067,0.0126,0.0159,9.8066,0.0554,-0.0542,-0.037,-3.87,-33.75,28,314.09,-85.17,146.5
52.378056,-1.562597,152.05,11.73,4,168.67,19 / 20,4567410,2019-09-06 20:36:13:153,-1.5676,-0.9996,10.1732,0.0148,-0.0602,9.8064,0.0995,-0.1561,0.0985,-3.06,-33.87,28.06,317.29,-84.68,147.89
52.378056,-1.562597,152.05,11.73,4,168.67,19 / 20,4567509,2019-09-06 20:36:13:252,0.1903,-0.4725,10.8147,-0.0067,-0.0154,9.8066,-0.0253,-0.157,0.0794,-3.19,-33.5,28.75,318.78,-84.77,148.71
52.378056,-1.562597,152.05,11.73,4,168.67,19 / 20,4567610,2019-09-06 20:36:13:353,-1.8232,0.9986,11.6282,-0.0007,-0.0468,9.8065,-0.0383,-0.0872,0.0108,-2.69,-33.94,27.88,317.77,-84.89,148.15
52.378056,-1.562597,152.05,11.73,4,168.67,19 / 20,4567709,2019-09-06 20:36:13:452,-1.2935,-0.018,11.1256,-0.0097,0.0154,9.8066,0.1242,-0.0743,0.051,-3.37,-33.62,28.44,319.92,-84.88,150.13
52.378056,-1.562597,152.05,11.73,4,168.67,19 / 20,4567809,2019-09-06 20:36:13:552,-1.3346,-0.9441,10.0701,-0.0257,0.0198,9.8065,0.1783,-0.1134,0.1007,-2.81,-33.62,28.63,326.87,-84.9,156.13
52.378056,-1.562597,152.05,11.73,4,168.67,19 / 20,4567910,2019-09-06 20:36:13:653,-1.1788,0.331,9.7059,-0.0308,0.0191,9.8066,-0.0486,-0.11,0.0446,-3.31,-33.62,28.25,330.22,-84.99,159.43
52.378056,-1.562597,152.05,11.73,4,168.67,19 / 20,4568009,2019-09-06 20:36:13:752,-1.0228,0.0129,9.4341,-0.0176,0.0127,9.8066,-0.0644,-0.1058,0.0545,-2.31,-33,28.44,334.89,-85.2,161.45
52.378056,-1.562597,152.05,11.73,4,168.67,19 / 20,4568109,2019-09-06 20:36:13:852,-1.5947,0.9127,10.3288,-0.0121,-0.0025,9.8066,-0.0299,-0.1215,0.0499,-2.37,-33.44,28.25,336.87,-85.39,163.15
52.378056,-1.562597,152.05,11.73,4,168.67,19 / 20,4568210,2019-09-06 20:36:13:953,-1.8052,0.2666,11.29,-0.0058,0.0034,9.8066,0.1546,-0.0771,-0.0144,-1.87,-32.87,27.94,338.63,-85.38,164.76
52.378056,-1.562597,152.05,11.73,4,168.67,19 / 20,4568310,2019-09-06 20:36:14:053,-0.3445,-0.7517,9.371,0.0036,0.013,9.8066,-0.0567,-0.0756,0.0032,-2.06,-33.19,28.13,338.25,-85.21,164.49
52.378056,-1.562597,152.05,11.73,4,168.67,19 / 20,4568409,2019-09-06 20:36:14:152,-2.8428,-1.5313,9.1935,-0.0154,0.0001,9.8066,0.0309,-0.2495,0.0985,-1.94,-33.56,28,339.85,-84.98,166.1
52.378056,-1.562597,152.05,11.73,4,168.67,19 / 20,4568510,2019-09-06 20:36:14:253,-1.8029,0.8296,9.9324,-0.0103,0.0391,9.8065,-0.1473,-0.0758,0.0016,-2.12,-33.5,28.25,340.81,-85.44,166.71
52.378056,-1.562597,152.05,11.73,4,168.67,19 / 20,4568609,2019-09-06 20:36:14:352,-0.4737,1.7569,9.7958,0.0107,0.031,9.8066,-0.0768,-0.0323,-0.0524,-2.06,-34.25,26.88,337.29,-85.99,163.52
52.378056,-1.562597,152.05,11.73,4,168.67,19 / 20,4568710,2019-09-06 20:36:14:453,0.2027,0.1558,10.4558,0.0226,0.0053,9.8065,0.0967,-0.0379,-0.024,-1.69,-34.37,26.94,333.82,-85.94,160.36
52.378056,-1.562597,152.05,11.73,4,168.67,19 / 20,4568810,2019-09-06 20:36:14:553,0.3578,-2.4829,13.2998,0.0132,-0.0726,9.8063,0.4075,-0.0271,-0.0189,-2.25,-33.94,27.56,334.13,-85.62,160.59
52.378056,-1.562597,152.05,11.73,4,168.67,19 / 20,4568909,2019-09-06 20:36:14:652,0.1888,-4.4902,10.3252,-0.0057,0.0228,9.8066,-0.7575,0.0571,-0.0037,-1.81,-34.19,27.88,335.83,-85.2,162.37
52.378056,-1.562597,152.05,11.73,4,168.67,19 / 20,4569009,2019-09-06 20:36:14:752,-0.6858,-3.3354,10.383,-0.0079,-0.1292,9.8057,-0.5143,0.0066,0.085,-1.75,-33.62,28.25,340.61,-84.45,167.01
52.378056,-1.562597,152.05,11.73,4,168.67,19 / 20,4569110,2019-09-06 20:36:14:853,0.489,1.8491,9.3641,-0.0221,-0.0443,9.8064,0.0447,-0.1291,0.0791,-2.56,-34.44,27.63,340.4,-85.12,168.55
52.378056,-1.562597,152.05,11.73,4,168.67,19 / 20,4569209,2019-09-06 20:36:14:952,-0.1713,0.0946,9.1141,-0.0065,0.0363,9.8065,-0.121,-0.0443,0.0001,-2.44,-34.19,27.38,343.11,-85.78,168.93
52.378056,-1.562597,152.05,11.73,4,168.67,19 / 20,4569309,2019-09-06 20:36:15:052,-0.3135,2.1575,9.0897,0.0133,-0.011,9.8065,-0.1638,0.0075,0.0211,-1.87,-34.31,27.88,342.04,-85.72,167.77
52.378056,-1.562597,152.05,11.73,4,168.67,19 / 20,4569410,2019-09-06 20:36:15:153,-0.5826,0.6593,9.7194,0.0074,-0.0521,9.8065,0.1635,0.0438,0.042,-2.31,-34.19,28.19,341.67,-85.48,167.53
52.378056,-1.562597,152.05,11.73,4,168.67,19 / 20,4569510,2019-09-06 20:36:15:253,0.4264,-0.0113,9.4523,0.0047,-0.0235,9.8066,0.046,-0.0067,0.0737,-2.19,-34.19,28.31,341.48,-85.32,167.42
52.378056,-1.562597,152.05,11.73,4,168.67,19 / 20,4569610,2019-09-06 20:36:15:353,-1.5158,1.3394,6.8554,-0.0255,0.0869,9.8062,-0.0759,0.0319,-0.0791,-2.87,-34.25,27.69,341.06,-85.3,169.07
52.378056,-1.562597,152.05,11.73,4,168.67,19 / 20,4569710,2019-09-06 20:36:15:453,1.7941,0.7316,9.3833,-0.0291,0.1541,9.8054,0.0145,-0.001,0.0689,-2.5,-34.62,27.94,341.39,-86.13,167.06
52.378056,-1.562597,152.05,11.73,4,168.67,19 / 20,4569810,2019-09-06 20:36:15:553,1.1889,-0.5091,11.0904,-0.0141,0.0785,9.8063,0.282,-0.0768,0.0136,-2.56,-34.12,27.63,341.08,-86.21,168.72
52.378056,-1.562597,152.05,11.73,4,168.67,19 / 20,4569909,2019-09-06 20:36:15:652,-1.2211,-0.7984,10.873,0.0111,-0.023,9.8066,0.235,-0.0601,0.0187,-2.5,-33.62,27.88,346.18,-85.91,171.48
52.378056,-1.562597,152.05,11.73,4,168.67,19 / 20,4570010,2019-09-06 20:36:15:753,-0.2708,-1.3108,10.0493,-0.0025,-0.0842,9.8063,-0.1382,0.0035,0.0646,-2.25,-33.94,28.38,348.56,-85.4,173.78
52.378056,-1.562597,152.05,11.73,4,168.67,19 / 20,4570109,2019-09-06 20:36:15:852,-1.43,1.2823,10.4311,0.0072,-0.0443,9.8064,-0.3024,-0.1123,0.0543,-2.62,-33.69,28,346.75,-85.32,174.2
52.378056,-1.562597,152.05,11.73,4,168.67,19 / 20,4570210,2019-09-06 20:36:15:953,0.0804,1.3103,9.9031,-0.0056,0.0377,9.8065,0.1544,-0.0488,0.0189,-3.06,-34.06,28,347.55,-85.64,174.84
52.378056,-1.562597,152.05,11.73,4,168.67,19 / 20,4570309,2019-09-06 20:36:16:052,1.5493,-0.5173,9.6035,0.0106,0.0136,9.8065,0.1068,-0.0503,0.054,-2.19,-33.75,28.19,348.51,-85.66,173.68
52.378056,-1.562597,152.05,11.73,4,168.67,19 / 20,4570410,2019-09-06 20:36:16:153,-0.6224,-0.0486,9.6648,-0.0049,0.0073,9.8066,0.0347,0.043,0.0103,-2.44,-34,28,348.6,-85.67,173.76
52.378056,-1.562597,152.05,11.73,4,168.67,19 / 20,4570509,2019-09-06 20:36:16:252,0.7033,0.3102,9.8207,-0.0107,-0.0029,9.8066,-0.0135,0.016,0.0265,-2.31,-34.69,27.88,349.21,-85.74,174.32
52.378056,-1.562597,152.05,11.73,4,168.67,19 / 20,4570610,2019-09-06 20:36:16:353,-0.2176,-0.7261,9.631,-0.0101,-0.0093,9.8066,0.0646,-0.0134,0.0345,-2.37,-33.56,28.44,350.95,-85.71,175.87
52.378056,-1.562597,152.05,11.73,4,168.67,19 / 20,4570710,2019-09-06 20:36:16:453,1.3368,-0.4565,9.1837,-0.0057,-0.0137,9.8066,-0.1479,-0.0498,0.0732,-2.62,-33.87,27.5,351.02,-85.67,177.97
52.378056,-1.562597,152.05,11.73,4,168.67,19 / 20,4570809,2019-09-06 20:36:16:552,0.2103,0.0305,9.6301,-0.0097,-0.003,9.8066,-0.0984,0.015,-0.0141,-2.56,-34.37,27.56,354.12,-85.73,-179.22
52.378056,-1.562597,152.05,11.73,4,168.67,19 / 20,4570910,2019-09-06 20:36:16:653,0.0876,0.2802,9.8406,-0.001,0.007,9.8066,0.0469,0.0689,-0.0217,-3.37,-34,27.81,354.46,-85.81,-178.92
52.378056,-1.562597,152.05,11.73,4,168.67,19 / 20,4571010,2019-09-06 20:36:16:753,0.3607,0.0219,9.9069,-0.009,-0.0074,9.8066,0.0139,-0.0056,0.0125,-2.94,-34.31,27.69,356.25,-85.81,-177.29
52.378056,-1.562597,152.05,11.73,4,168.67,19 / 20,4571110,2019-09-06 20:36:16:853,0.1315,-0.2216,9.8372,-0.0038,-0.0069,9.8066,-0.1186,0.0238,0.0112,-3.31,-34.31,27.69,358.24,-85.96,-175.49
52.378056,-1.562597,152.05,11.73,4,168.67,19 / 20,4571209,2019-09-06 20:36:16:952,0.0466,0.7446,9.998,-0.0039,-0.0148,9.8066,-0.0755,0.012,0.0039,-3.12,-34.44,27.81,359.63,-85.91,-174.22
52.378056,-1.562597,152.05,11.73,4,168.67,19 / 20,4571310,2019-09-06 20:36:17:053,0.3058,0.2688,10.1029,0.0054,-0.0144,9.8066,0.1031,0.0367,0.0087,-3.19,-33.94,27.94,359.69,-85.88,-174.17
52.378056,-1.562597,152.05,11.73,4,168.67,19 / 20,4571410,2019-09-06 20:36:17:153,0.4243,0.7763,9.8827,-0.0071,0.0244,9.8066,0.111,0.0235,0.0246,-3.19,-34.37,27.81,358.59,-85.79,-175.16
52.378056,-1.562597,152.05,11.73,4,168.67,19 / 20,4571509,2019-09-06 20:36:17:252,0.8806,0.0278,9.8561,-0.01,0.0168,9.8066,0.0916,0.063,-0.0082,-3.44,-34.31,28,0.37,-85.77,-173.55
52.378056,-1.562597,152.05,11.73,4,168.67,19 / 20,4571610,2019-09-06 20:36:17:353,0.8604,-0.2473,9.9673,-0.002,-0.0081,9.8066,-0.064,-0.0179,-0.0102,-3.87,-33.5,28.19,359.99,-85.61,-171.88
52.378056,-1.562597,152.05,11.73,4,168.67,19 / 20,4571709,2019-09-06 20:36:17:452,0.8317,-1.0535,9.388,0.0023,0.0002,9.8066,-0.0284,0.0527,0.0059,-3.62,-34.19,28.31,359.69,-85.69,-172.15
52.378056,-1.562597,152.05,11.73,4,168.67,19 / 20,4571810,2019-09-06 20:36:17:553,0.5183,-0.146,9.4876,-0.0072,-0.008,9.8066,0.0891,-0.0021,0.0238,-3.75,-34.31,28.19,2.04,-85.67,-170.02
52.378056,-1.562597,152.05,11.73,4,168.67,19 / 20,4571910,2019-09-06 20:36:17:653,0.2752,-0.5386,9.9373,0.0002,0.0227,9.8066,0.0737,0.0137,-0.0215,-4.31,-33.87,27.94,2.5,-85.86,-169.6
52.378056,-1.562597,152.05,11.73,4,168.67,19 / 20,4572010,2019-09-06 20:36:17:753,0.4702,1.1503,9.8831,0.0004,-0.0191,9.8066,-0.0597,0.087,0.0047,-3.69,-34.37,28.19,3.64,-85.96,-168.55
52.378056,-1.562597,152.05,11.73,4,168.67,19 / 20,4572110,2019-09-06 20:36:17:853,1.0968,0.7137,9.9077,0.0006,0.0095,9.8066,-0.0157,0.0252,0.0293,-3.87,-34,28.19,2.87,-85.97,-169.25
52.378056,-1.562597,152.05,11.73,4,168.67,19 / 20,4572210,2019-09-06 20:36:17:953,0.9077,-0.2952,9.6416,-0.0021,0.0063,9.8066,-0.0323,0.1061,-0.0312,-4.12,-34.56,27.94,2.57,-85.94,-169.53
52.378056,-1.562597,152.05,11.73,4,168.67,19 / 20,4572309,2019-09-06 20:36:18:052,0.8908,0.3047,9.8514,-0.0041,-0.0275,9.8065,0.0581,0.0837,0.0027,-4.5,-33.56,28.69,3.06,-85.69,-169.36
52.378056,-1.562597,152.05,11.73,4,168.67,19 / 21,4572409,2019-09-06 20:36:18:152,0.5961,0.0536,9.475,0.0008,-0.0035,9.8066,-0.0295,0.0612,-0.0143,-4.87,-33.56,28.31,359.78,-85.6,-170.07
52.378056,-1.562597,152.05,11.73,4,168.67,19 / 21,4572510,2019-09-06 20:36:18:253,0.8286,1.1132,10.2211,-0.0092,0.0203,9.8066,-0.0504,0.0772,-0.009,-4.37,-33.87,27.81,2.37,-85.78,-169.72
52.378056,-1.562597,152.05,11.73,4,168.67,19 / 21,4572609,2019-09-06 20:36:18:352,0.8377,-0.0336,9.4094,0.0016,-0.0142,9.8066,0.058,0.0653,0.0228,-4.37,-34.06,27.69,4.19,-85.94,-168.05
52.378056,-1.562597,152.05,11.73,4,168.67,19 / 21,4572710,2019-09-06 20:36:18:453,1.5651,-0.3315,9.3858,-0.0068,-0.029,9.8066,-0.1867,0.0804,-0.011,-5.44,-34.62,27.88,3.1,-85.88,-167.05
52.378056,-1.562597,152.05,11.73,4,168.67,19 / 21,4572810,2019-09-06 20:36:18:553,0.4824,-0.5493,9.9212,-0.0214,0.0343,9.8065,0.0957,0.0362,0.0326,-4.87,-34.62,27.56,6.97,-86.06,-163.51
52.378056,-1.562597,152.05,11.73,4,168.67,19 / 21,4572909,2019-09-06 20:36:18:652,0.9265,-1.008,10.2905,-0.0122,0.0421,9.8065,0.1658,0.1229,-0.0365,-5.44,-34.19,27.63,8.25,-86.11,-162.31
52.378056,-1.562597,152.05,11.73,4,168.67,19 / 21,4573010,2019-09-06 20:36:18:753,0.9421,-0.419,10.6811,-0.0035,-0.0428,9.8065,-0.0885,0.0453,0.0352,-5.37,-34.44,27.69,9.72,-85.76,-161.04
52.378056,-1.562597,152.05,11.73,4,168.67,19 / 21,4573109,2019-09-06 20:36:18:852,0.9302,-0.2762,8.8993,0.0142,-0.0277,9.8066,-0.124,0.0302,-0.0301,-5.31,-34.19,28.25,9.52,-85.68,-161.24
52.378056,-1.562597,152.05,11.73,4,168.67,19 / 21,4573210,2019-09-06 20:36:18:953,0.9408,-0.0105,9.6268,-0.0143,0.0362,9.8065,-0.0062,0.0161,0.0691,-5.81,-34.56,28.13,7.35,-85.66,-161.25
52.378056,-1.562597,152.05,11.73,4,168.67,19 / 21,4573310,2019-09-06 20:36:19:053,0.699,-1.0484,10.1324,-0.0075,0.051,9.8064,-0.0018,0.0702,-0.0083,-5.69,-34.37,27.94,10.86,-85.96,-157.98
52.378056,-1.562597,152.05,11.73,4,168.67,18 / 20,4573409,2019-09-06 20:36:19:152,1.892,0.3324,10.0322,0.0095,-0.021,9.8066,-0.0722,0.0648,0.0011,-5.69,-33.62,28.13,9.79,-86.02,-158.94
52.378056,-1.562597,152.05,11.73,4,168.67,18 / 20,4573509,2019-09-06 20:36:19:252,1.029,1.3887,9.4692,-0.0057,-0.0373,9.8065,-0.1192,0.085,0.0435,-6.31,-34.62,27.75,10.44,-85.87,-158.4
52.378056,-1.562597,152.05,11.73,4,168.67,18 / 20,4573609,2019-09-06 20:36:19:352,0.7289,-0.0542,9.5806,-0.0147,0.0184,9.8065,0.1612,0.0574,0.0431,-6.31,-34,28.13,12.45,-85.65,-156.61
52.378056,-1.562597,152.05,11.73,4,168.67,18 / 20,4573709,2019-09-06 20:36:19:452,0.8093,-0.1749,10.2329,-0.0144,0.0206,9.8065,0.1373,0.0576,-0.0328,-7.44,-33.81,28,12.82,-85.69,-154.3
52.378056,-1.562597,152.05,11.73,4,168.67,18 / 20,4573809,2019-09-06 20:36:19:552,-0.0817,0.4298,10.7859,-0.005,0.0053,9.8066,-0.0273,0.1299,-0.0344,-6.62,-33.87,27.94,14.51,-85.66,-152.78
52.378056,-1.562597,152.05,11.73,4,168.67,18 / 20,4573910,2019-09-06 20:36:19:653,1.6398,0.9009,10.5647,-0.0028,0.0528,9.8064,0.1674,0.0559,0.0102,-7,-34.19,28.31,14.55,-85.81,-152.69
52.378056,-1.562597,152.05,11.73,4,168.67,18 / 20,4574009,2019-09-06 20:36:19:752,0.543,0.4731,9.9762,0.0175,-0.0933,9.8061,-0.1492,0.0416,0.0572,-7.31,-33.5,28.19,10.62,-85.4,-156.34
52.378056,-1.562597,152.05,11.73,4,168.67,18 / 20,4574110,2019-09-06 20:36:19:853,1.6308,1.1207,9.0518,0.0239,-0.0497,9.8065,-0.1461,0.1369,-0.0391,-6.94,-33.75,27.81,10.18,-85.4,-156.77
52.378056,-1.562597,152.05,11.73,4,168.67,18 / 20,4574209,2019-09-06 20:36:19:952,-0.0573,0.8198,9.1245,-0.0187,0.0162,9.8065,0.0893,0.1392,-0.0186,-7.37,-33.69,27.81,9.4,-85.36,-157.48
52.378056,-1.562597,152.05,11.73,4,168.67,18 / 20,4574310,2019-09-06 20:36:20:053,0.7525,1.264,8.8728,-0.0231,0.0278,9.8065,0.037,0.1262,0.0326,-7.75,-33.62,28.19,10.75,-85.56,-154.3
52.3772,-1.562505,150.61,10.26,4,169.36,18 / 20,4574409,2019-09-06 20:36:20:152,1.2762,0.1332,10.3297,-0.0155,0.039,9.8065,0.1307,0.0891,0.0056,-7.62,-33.75,28.06,16.74,-85.79,-148.78
52.3772,-1.562505,150.61,10.26,4,169.36,18 / 20,4574510,2019-09-06 20:36:20:253,0.8394,0.2408,10.2349,-0.0227,0.0264,9.8065,-0.1341,0.1252,0.0256,-8.56,-33.94,28,17.33,-85.85,-146.33
52.3772,-1.562505,150.61,10.26,4,169.36,18 / 20,4574610,2019-09-06 20:36:20:353,0.8488,-0.4235,10.4779,0.0071,-0.0525,9.8064,-0.0589,0.0672,0.0053,-8.19,-33.62,28.13,18.58,-85.49,-147.2
52.3772,-1.562505,150.61,10.26,4,169.36,18 / 20,4574709,2019-09-06 20:36:20:452,0.5436,1.8769,9.9224,0.0107,-0.0183,9.8066,0.0453,0.1124,-0.008,-8.81,-33.44,28.06,15.8,-85.48,-147.81
52.3772,-1.562505,150.61,10.26,4,169.36,18 / 20,4574810,2019-09-06 20:36:20:553,0.127,2.4539,10.7815,-0.0139,0.0125,9.8066,-0.0555,0.0929,0.024,-8.44,-34,27.69,17.59,-85.32,-148.17
52.3772,-1.562505,150.61,10.26,4,169.36,18 / 20,4574909,2019-09-06 20:36:20:652,-0.5095,1.9542,9.8609,-0.0031,0.0471,9.8065,0.066,0.2284,-0.0954,-9.19,-33.62,27.56,17.27,-85.48,-146.51
52.3772,-1.562505,150.61,10.26,4,169.36,18 / 20,4575010,2019-09-06 20:36:20:753,0.733,0.0089,9.714,0.0189,-0.014,9.8066,0.0645,0.0381,0.0018,-9.12,-33.87,28.06,12.96,-85.42,-150.45
52.3772,-1.562505,150.61,10.26,4,169.36,18 / 20,4575109,2019-09-06 20:36:20:852,1.1203,2.1354,9.7535,0.0067,-0.0201,9.8066,-0.0294,0.047,0.0043,-8.75,-34.06,27.63,12.69,-85.37,-150.7
52.3772,-1.562505,150.61,10.26,4,169.36,18 / 20,4575210,2019-09-06 20:36:20:953,0.6378,0.1041,10.2182,0.0053,-0.0001,9.8066,-0.0771,0.1279,-0.0042,-9.37,-33.81,27.94,11.25,-85.52,-151.98
52.3772,-1.562505,150.61,10.26,4,169.36,18 / 20,4575309,2019-09-06 20:36:21:052,1.1333,0.9853,9.9536,0.012,-0.0066,9.8066,0.1381,0.1246,-0.0452,-9.5,-33.94,27.56,9.35,-85.53,-153.69
52.3772,-1.562505,150.61,10.26,4,169.36,18 / 20,4575409,2019-09-06 20:36:21:152,0.3337,0.4291,10.1022,0.0066,0.012,9.8065,0.1456,0.0631,-0.005,-9.62,-33.56,28.19,7.23,-85.4,-153.8
52.3772,-1.562505,150.61,10.26,4,169.36,18 / 20,4575510,2019-09-06 20:36:21:253,2.7565,-0.6377,9.7778,-0.0075,0.0344,9.8065,-0.1485,0.0581,0.0398,-9.31,-33.81,27.56,7.9,-85.56,-155.01
52.3772,-1.562505,150.61,10.26,4,169.36,18 / 20,4575610,2019-09-06 20:36:21:353,1.1503,0.8544,9.9402,0.0085,-0.0208,9.8066,-0.1197,0.0933,-0.0263,-10.12,-34.25,27.38,4.52,-85.43,-155.6
52.3772,-1.562505,150.61,10.26,4,169.36,18 / 20,4575710,2019-09-06 20:36:21:453,0.0746,0.9521,10.0383,0.0079,-0.0199,9.8066,0.0417,0.1987,-0.0373,-10.19,-33.87,27.13,4.62,-85.45,-155.51
52.3772,-1.562505,150.61,10.26,4,169.36,18 / 20,4575810,2019-09-06 20:36:21:553,0.4082,1.6118,8.9701,-0.0214,0.0214,9.8066,0.0087,0.117,0.0108,-10.62,-33.69,27.63,4.86,-85.52,-154.13
52.3772,-1.562505,150.61,10.26,4,169.36,18 / 20,4575910,2019-09-06 20:36:21:653,0.692,1.1135,9.8354,-0.0099,0.0159,9.8066,0.0841,0.0808,-0.0172,-10.31,-33.87,27.25,6.14,-85.45,-154.13
52.3772,-1.562505,150.61,10.26,4,169.36,18 / 20,4576010,2019-09-06 20:36:21:753,0.6167,1.0362,10.6377,-0.0117,0.0181,9.8066,0.0739,0.1252,0.0364,-10.31,-33.94,26.56,5.87,-85.55,-154.36
52.3772,-1.562505,150.61,10.26,4,169.36,18 / 20,4576109,2019-09-06 20:36:21:852,0.7555,0.3479,10.9497,-0.016,0.0265,9.8066,-0.1792,0.1664,-0.0299,-10.56,-34.19,26.56,6.58,-85.77,-151.83
52.3772,-1.562505,150.61,10.26,4,169.36,18 / 20,4576210,2019-09-06 20:36:21:953,1.3181,0.5019,9.4331,0.0183,-0.0557,9.8065,-0.0857,0.0862,0.0375,-11.06,-33.5,26.31,4.52,-85.47,-152.98
52.3772,-1.562505,150.61,10.26,4,169.36,18 / 20,4576309,2019-09-06 20:36:22:052,0.6787,2.4389,9.1878,0.0002,-0.0361,9.8065,-0.007,0.1189,0.0672,-10.56,-34.5,26.63,7.14,-85.39,-151.39
52.3772,-1.562505,150.61,10.26,4,169.36,19 / 20,4576409,2019-09-06 20:36:22:152,1.0454,0.7964,9.9707,-0.0333,0.0222,9.8065,-0.0805,0.1556,-0.0201,-11.25,-35,25.31,10.29,-85.52,-147.02
52.3772,-1.562505,150.61,10.26,4,169.36,19 / 20,4576510,2019-09-06 20:36:22:253,1.5865,1.308,9.5505,0.0025,0.0169,9.8066,0.019,0.1292,-0.0465,-10,-35.56,24.06,12.37,-85.62,-146.34
52.3772,-1.562505,150.61,10.26,4,169.36,19 / 20,4576609,2019-09-06 20:36:22:352,-3.0052,-4.0183,9.5734,0.011,0.0101,9.8066,0.225,-0.0644,0.0484,-9.31,-37.81,23.56,15.92,-85.77,-145.29
52.3772,-1.562505,150.61,10.26,4,169.36,19 / 20,4576709,2019-09-06 20:36:22:452,1.4828,4.1097,11.092,-0.0004,0.0362,9.8065,0.5519,-0.1217,0.1098,-7.19,-40,24.63,19.08,-86.16,-147.25
52.3772,-1.562505,150.61,10.26,4,169.36,19 / 20,4576809,2019-09-06 20:36:22:552,8.0582,6.2985,12.951,-0.0598,0.0484,9.8063,0.4701,0.5378,-0.2436,-8.5,-39.5,27.88,22.81,-86.19,-143.27
52.3772,-1.562505,150.61,10.26,4,169.36,19 / 20,4576910,2019-09-06 20:36:22:653,-1.3422,-3.6214,10.2239,-0.0852,0.1423,9.8052,-0.2789,0.4004,-0.0095,-9.62,-36.94,29.25,16.16,-86.08,-146.17
52.3772,-1.562505,150.61,10.26,4,169.36,19 / 20,4577010,2019-09-06 20:36:22:753,8.0996,0.4169,10.8524,0.06,-0.1699,9.805,-0.1046,0.2438,-0.1894,-11.56,-35.75,29.44,1.64,-84.62,-156.07
52.3772,-1.562505,150.61,10.26,4,169.36,19 / 20,4577110,2019-09-06 20:36:22:853,0.5286,3.6784,9.7545,0.0577,-0.0426,9.8063,-0.3129,0.2375,0.0668,-12.19,-34.56,28.13,1.88,-84.98,-155.11
52.3772,-1.562505,150.61,10.26,4,169.36,19 / 20,4577209,2019-09-06 20:36:22:952,-1.2341,2.9841,10.2653,0,0.0159,9.8066,-0.3108,0.0858,0.0669,-12.94,-34.94,27.44,4.31,-85.43,-150.39
52.3772,-1.562505,150.61,10.26,4,169.36,19 / 20,4577309,2019-09-06 20:36:23:052,0.8736,2.004,9.4624,0.0211,-0.0051,9.8066,0.2053,0.1091,-0.0895,-13.06,-34,27.38,3.98,-85.69,-150.66
52.3772,-1.562505,150.61,10.26,4,169.36,19 / 20,4577409,2019-09-06 20:36:23:152,-0.0818,1.1627,9.7472,-0.0066,0.0538,9.8065,0.1893,0.1149,-0.033,-13.75,-34.75,26.94,359.42,-86.09,-153.12
52.3772,-1.562505,150.61,10.26,4,169.36,19 / 20,4577510,2019-09-06 20:36:23:253,1.1957,2.369,11.9995,-0.0035,0.0404,9.8065,0.0703,0.1582,-0.0613,-14.12,-33.37,26.25,354.3,-86.09,-156.96
52.3772,-1.562505,150.61,10.26,4,169.36,19 / 20,4577609,2019-09-06 20:36:23:352,1.1229,1.0741,10.5285,0.0204,0.0086,9.8065,0.2043,0.1067,-0.0553,-14.19,-34.12,26.5,350.37,-85.79,-161.41
52.3772,-1.562505,150.61,10.26,4,169.36,19 / 20,4577709,2019-09-06 20:36:23:452,0.7222,-0.1811,9.8004,0.0027,0.0187,9.8066,-0.1171,0.1748,-0.0229,-14.37,-32.94,26.63,347.4,-85.58,-164.11
52.3772,-1.562505,150.61,10.26,4,169.36,19 / 20,4577810,2019-09-06 20:36:23:553,0.8737,0.2703,9.385,0.021,-0.0201,9.8065,-0.0735,0.115,-0.0041,-14.25,-33.94,25.88,345.04,-85.53,-165.29
52.3772,-1.562505,150.61,10.26,4,169.36,19 / 20,4577910,2019-09-06 20:36:23:653,-0.0602,1.3721,9.9123,0.0067,0.0037,9.8066,-0.0091,0.1625,-0.0655,-14.25,-33.37,25.5,344.94,-85.7,-165.47
52.3772,-1.562505,150.61,10.26,4,169.36,19 / 20,4578010,2019-09-06 20:36:23:753,0.2955,1.4712,10.0781,-0.0034,0.0364,9.8066,0.0319,0.1239,-0.0157,-15,-34.12,25.13,341.98,-86.12,-165.62
52.3772,-1.562505,150.61,10.26,4,169.36,19 / 20,4578110,2019-09-06 20:36:23:853,1.0396,1.3675,10.0808,0.0003,0.0035,9.8066,0.0562,0.1745,-0.0462,-14.69,-33.69,24.75,340.38,-86.07,-167.07
52.3772,-1.562505,150.61,10.26,4,169.36,19 / 20,4578210,2019-09-06 20:36:23:953,0.5111,0.2378,9.7414,0.0177,-0.0196,9.8066,-0.0121,0.0632,0.024,-15,-33.81,24.94,339.63,-85.69,-167.6
52.3772,-1.562505,150.61,10.26,4,169.36,19 / 20,4578310,2019-09-06 20:36:24:053,0.3069,1.1043,9.3254,0.0203,-0.0259,9.8066,-0.0598,0.1458,0.0308,-14.94,-33.81,25.06,339.2,-85.55,-167.94
52.3772,-1.562505,150.61,10.26,4,169.36,20 / 22,4578410,2019-09-06 20:36:24:153,0.1352,1.5553,10.205,-0.0235,0.0172,9.8065,-0.0699,0.1368,-0.0302,-15.81,-34.12,25.13,338.14,-85.58,-167.29
52.3772,-1.562505,150.61,10.26,4,169.36,20 / 22,4578510,2019-09-06 20:36:24:253,0.5869,1.1535,9.9884,-0.0114,0.0178,9.8066,0.0158,0.099,0.0249,-15.87,-33.19,24.06,338.5,-85.84,-166.02
52.3772,-1.562505,150.61,10.26,4,169.36,20 / 22,4578609,2019-09-06 20:36:24:352,-0.0833,0.921,9.9951,0.0047,0.0006,9.8066,-0.0145,0.1283,-0.0216,-16.12,-34.25,24.69,339.55,-85.93,-166.15
52.3772,-1.562505,150.61,10.26,4,169.36,20 / 22,4578710,2019-09-06 20:36:24:453,0.1683,1.3801,9.6513,-0.0008,0.0039,9.8066,0.025,0.1502,-0.025,-16.75,-33.5,24,335.83,-85.92,-166.93
52.3772,-1.562505,150.61,10.26,4,169.36,20 / 22,4578809,2019-09-06 20:36:24:552,-0.0971,1.1666,9.7046,0.0055,0.0043,9.8066,0.0131,0.1252,0.0063,-16.12,-34.31,24.06,336.82,-85.89,-167.53
52.3772,-1.562505,150.61,10.26,4,169.36,20 / 22,4578910,2019-09-06 20:36:24:653,0.5872,1.4977,10.4527,0.0193,-0.0091,9.8065,-0.1049,0.1601,0.0077,-16.44,-33.69,23.63,334.45,-85.94,-169.74
52.3772,-1.562505,150.61,10.26,4,169.36,20 / 22,4579009,2019-09-06 20:36:24:752,0.2133,1.4223,9.6646,0.0106,-0.0263,9.8066,-0.126,0.1969,-0.0303,-16.56,-33.87,23.5,332.23,-85.88,-170.18
52.3772,-1.562505,150.61,10.26,4,169.36,20 / 22,4579110,2019-09-06 20:36:24:853,0.5837,1.1948,10.173,0.0168,0.0103,9.8066,0.0081,0.1787,-0.0189,-17.25,-33.75,22.63,328.66,-86.07,-172.37
52.3772,-1.562505,150.61,10.26,4,169.36,20 / 22,4579210,2019-09-06 20:36:24:953,1.7361,0.8977,10.1073,0.0129,0.0038,9.8066,0.0196,0.1277,0.0098,-17.31,-34.62,23.25,325.81,-86.12,-174.99
52.3772,-1.562505,150.61,10.26,4,169.36,20 / 22,4579310,2019-09-06 20:36:25:053,0.6466,1.6948,9.8423,-0.0073,0.0138,9.8066,0.0616,0.1929,-0.0495,-17.25,-34.12,22.69,325.83,-86.13,-175.05
52.3772,-1.562505,150.61,10.26,4,169.36,19 / 20,4579409,2019-09-06 20:36:25:152,0.5604,0.751,9.9494,0.0078,0.0058,9.8065,0.035,0.1651,0.0399,-17.75,-33.75,22.63,323.2,-86.13,-175.99
52.3772,-1.562505,150.61,10.26,4,169.36,19 / 20,4579510,2019-09-06 20:36:25:253,0.7661,0.7543,10.2408,0.0012,0.0068,9.8066,0.0014,0.152,-0.038,-17.87,-34.31,22.25,320.62,-86.06,-177.03
52.3772,-1.562505,150.61,10.26,4,169.36,19 / 20,4579609,2019-09-06 20:36:25:352,0.7619,1.4676,10.0434,0.0077,0.0016,9.8065,-0.0087,0.1711,-0.0487,-17.69,-34.44,22.19,318.43,-85.97,-179.01
52.3772,-1.562505,150.61,10.26,4,169.36,19 / 20,4579710,2019-09-06 20:36:25:453,0.3759,1.7523,10.1727,0.0051,0.0199,9.8066,0.1871,0.1553,-0.0108,-17.94,-34.44,22.06,316.72,-85.72,179.61
52.3772,-1.562505,150.61,10.26,4,169.36,19 / 20,4579810,2019-09-06 20:36:25:553,0.8477,1.104,9.6357,-0.0024,0.0089,9.8065,0.1355,0.2059,-0.0592,-18,-33.94,21.63,313.72,-85.6,176.9
52.3772,-1.562505,150.61,10.26,4,169.36,19 / 20,4579910,2019-09-06 20:36:25:653,1.1524,1.2699,9.965,0.0001,0.0108,9.8066,-0.0269,0.208,-0.0246,-17.69,-34,21.63,312.39,-85.51,175.74
52.3772,-1.562505,150.61,10.26,4,169.36,19 / 20,4580010,2019-09-06 20:36:25:753,1.1721,1.6388,9.9395,0.0021,-0.0023,9.8066,-0.0246,0.2343,-0.0538,-18.25,-33.87,21.31,310.22,-85.46,175.19
52.3772,-1.562505,150.61,10.26,4,169.36,19 / 20,4580110,2019-09-06 20:36:25:853,0.7174,0.5438,9.5231,-0.008,0.0102,9.8066,0.0252,0.2147,-0.0354,-18.56,-33.94,21,306.88,-85.47,173.47
52.3772,-1.562505,150.61,10.26,4,169.36,19 / 20,4580209,2019-09-06 20:36:25:952,1.212,1.0463,9.3428,-0.0075,0.0134,9.8066,-0.0538,0.1834,0.0056,-18.81,-34.44,19.75,304.39,-85.53,172.57
52.3772,-1.562505,150.61,10.26,4,169.36,19 / 20,4580309,2019-09-06 20:36:26:052,0.953,1.2783,9.6004,0.0113,-0.0173,9.8066,0.0202,0.1493,-0.0182,-18,-34.12,19.63,306.42,-85.42,173.16
52.3772,-1.562505,150.61,10.26,4,169.36,19 / 20,4580409,2019-09-06 20:36:26:152,1.1693,1.2736,9.4862,-0.0104,0.0267,9.8066,0.05,0.1849,-0.016,-18.31,-34.94,19.44,302.31,-85.46,170.98
52.3772,-1.562505,150.61,10.26,4,169.36,19 / 20,4580510,2019-09-06 20:36:26:253,1.486,0.8385,9.7745,-0.0052,0.0152,9.8066,-0.0168,0.1778,-0.0399,-19.06,-34.12,19.19,298.82,-85.55,168.84
52.3772,-1.562505,150.61,10.26,4,169.36,19 / 20,4580610,2019-09-06 20:36:26:353,1.2421,1.515,9.3974,0.0156,0.0054,9.8065,-0.0323,0.2283,-0.0408,-19.19,-34.5,18.75,296.56,-85.43,166.82
52.3772,-1.562505,150.61,10.26,4,169.36,19 / 20,4580710,2019-09-06 20:36:26:453,1.2566,0.6393,9.787,-0.0036,0.0142,9.8066,-0.0164,0.1797,-0.0529,-19.12,-34.75,17.75,293.19,-85.4,165.47
52.3772,-1.562505,150.61,10.26,4,169.36,19 / 20,4580809,2019-09-06 20:36:26:552,0.7328,0.8972,9.7534,0.0052,0.0099,9.8066,-0.0464,0.1576,-0.0417,-19.37,-34.19,18.06,290.93,-85.3,163.27
52.3772,-1.562505,150.61,10.26,4,169.36,19 / 20,4580910,2019-09-06 20:36:26:653,0.8574,1.1774,9.7095,0.0072,0.0051,9.8066,0.0815,0.1507,0.0021,-19.94,-34.5,18.13,288.27,-85.16,162.17
52.3772,-1.562505,150.61,10.26,4,169.36,19 / 20,4581009,2019-09-06 20:36:26:752,1.9076,0,10.1156,0.0117,-0.0028,9.8066,0.0792,0.1522,-0.0148,-19.31,-34.25,17.81,289.18,-84.99,161.97
52.3772,-1.562505,150.61,10.26,4,169.36,19 / 20,4581109,2019-09-06 20:36:26:852,0.758,0.3862,10.0397,0.0006,0.0038,9.8066,-0.0467,0.1784,0.0079,-19.62,-34.19,17.19,285.51,-84.84,161.68
52.3772,-1.562505,150.61,10.26,4,169.36,19 / 20,4581209,2019-09-06 20:36:26:952,0.0135,0.356,9.7484,0.0245,-0.0166,9.8066,-0.087,0.1323,0.0405,-19.87,-33.94,18.19,288.09,-84.56,162.74
52.3772,-1.562505,150.61,10.26,4,169.36,19 / 20,4581309,2019-09-06 20:36:27:052,-0.078,0.3212,9.9602,0.0179,-0.0239,9.8066,0.1121,0.0944,-0.0063,-20,-34.62,16.63,287.24,-84.45,164.06
52.3772,-1.562505,150.61,10.26,4,169.36,18 / 20,4581410,2019-09-06 20:36:27:153,0.3285,-0.1001,10.1421,0.0043,-0.0049,9.8065,0.1293,0.011,0.0372,-19.94,-34.25,17.88,289.97,-84.31,164.86
52.3772,-1.562505,150.61,10.26,4,169.36,18 / 20,4581510,2019-09-06 20:36:27:253,0.5615,-1.7074,10.0966,0.0124,-0.0125,9.8065,-0.0139,0.0006,0.0628,-20.25,-34.25,17.25,289.5,-84.19,166.37
52.3772,-1.562505,150.61,10.26,4,169.36,18 / 20,4581609,2019-09-06 20:36:27:352,1.3616,-2.2188,9.5512,0.0183,-0.0263,9.8066,0.0022,-0.0293,0.0218,-20.37,-33.75,17.94,292.12,-84.13,167.14
52.3772,-1.562505,150.61,10.26,4,169.36,18 / 20,4581710,2019-09-06 20:36:27:453,-0.261,-3.2044,10.1853,0.0263,-0.0085,9.8065,-0.0819,0.0511,-0.0486,-21,-34.12,16.75,289.83,-84,168.09
52.3772,-1.562505,150.61,10.26,4,169.36,18 / 20,4581810,2019-09-06 20:36:27:553,0.3613,-1.843,10.0545,-0.0258,0.0141,9.8066,0.012,-0.0796,0.1303,-20.87,-33.87,18.19,293.7,-84.29,169.67
52.3772,-1.562505,150.61,10.26,4,169.36,18 / 20,4581910,2019-09-06 20:36:27:653,0.2816,-4.2814,10.3709,-0.0157,-0.0178,9.8066,-0.0706,0.1007,-0.0654,-21.19,-33.69,18.25,296.11,-84.31,171.93
52.3772,-1.562505,150.61,10.26,4,169.36,18 / 20,4582010,2019-09-06 20:36:27:753,-0.8517,-1.0329,10.8893,0.0512,-0.0326,9.8064,-0.0384,-0.1621,0.0692,-20.81,-33.31,18.69,299.19,-83.77,173.56
52.3772,-1.562505,150.61,10.26,4,169.36,18 / 20,4582110,2019-09-06 20:36:27:853,-2.0716,-2.9619,9.9585,0.0791,-0.0132,9.8063,0.1982,-0.0164,-0.1115,-20.25,-33.94,19.06,298.12,-83.28,172.1
52.3772,-1.562505,150.61,10.26,4,169.36,18 / 20,4582210,2019-09-06 20:36:27:953,1.601,-1.1332,8.7114,-0.0414,0.0558,9.8064,0.076,-0.0129,-0.1744,-19.56,-33.87,19.38,293.34,-82.7,168.3
52.3772,-1.562505,150.61,10.26,4,169.36,18 / 20,4582309,2019-09-06 20:36:28:052,-0.7022,-4.6001,8.6291,-0.0419,0.0784,9.8062,-0.0654,-0.1435,-0.0716,-19.44,-33.81,19.69,290.66,-83.04,162.42
52.3772,-1.562505,150.61,10.26,4,169.36,19 / 21,4582410,2019-09-06 20:36:28:153,0.4953,-2.9745,9.6687,-0.0191,0.0635,9.8064,0.0095,-0.2203,-0.0804,-18.81,-34.31,20,285.7,-83.54,157.04
52.3772,-1.562505,150.61,10.26,4,169.36,19 / 21,4582509,2019-09-06 20:36:28:252,-0.3216,-0.7561,9.8785,-0.0365,0.0647,9.8063,-0.1212,-0.2526,0.0473,-18.75,-34.44,19.69,280.99,-83.98,151.92
52.3772,-1.562505,150.61,10.26,4,169.36,19 / 21,4582610,2019-09-06 20:36:28:353,-0.7331,-2.5016,9.7822,0.0248,-0.0227,9.8066,-0.0637,-0.174,0.0359,-18.56,-34.75,19.19,277.67,-83.96,150.56
52.3772,-1.562505,150.61,10.26,4,169.36,19 / 21,4582709,2019-09-06 20:36:28:452,-2.2541,-2.5652,9.2412,0.0301,-0.0549,9.8065,0.012,-0.2569,0.088,-18.12,-34,20.13,283.26,-83.95,152.81
52.3772,-1.562505,150.61,10.26,4,169.36,19 / 21,4582810,2019-09-06 20:36:28:553,-1.8797,-1.8131,9.6991,-0.0232,0.0062,9.8066,-0.0779,-0.2488,-0.0035,-18.5,-34.37,20.31,284.81,-84.02,154.22
52.3772,-1.562505,150.61,10.26,4,169.36,19 / 21,4582910,2019-09-06 20:36:28:653,-1.1728,-2.5626,9.6257,-0.0108,0.0064,9.8065,-0.0456,-0.2609,0.0671,-17.87,-34,21,286.43,-84.31,153.85
52.3772,-1.562505,150.61,10.26,4,169.36,19 / 21,4583009,2019-09-06 20:36:28:752,-0.8801,-2.7935,10.0174,-0.012,0.0063,9.8066,0.0016,-0.1771,-0.0225,-17.87,-34.12,21.13,286.29,-84.54,153.43
52.3772,-1.562505,150.61,10.26,4,169.36,19 / 21,4583110,2019-09-06 20:36:28:853,-1.4998,-3.2344,10.2973,-0.0122,0.0229,9.8066,0.0081,-0.1662,-0.0146,-17.56,-34.37,21.31,284.79,-84.57,151.94
52.3772,-1.562505,150.61,10.26,4,169.36,19 / 21,4583209,2019-09-06 20:36:28:952,-0.1479,-3.2674,10.1227,0.0218,-0.0171,9.8065,0.0431,-0.197,-0.0328,-17.44,-34.31,21.94,286.79,-84.49,151.04
52.3772,-1.562505,150.61,10.26,4,169.36,19 / 21,4583310,2019-09-06 20:36:29:053,-0.5791,-2.758,9.3919,0.0205,0.0099,9.8066,-0.0763,-0.2494,-0.0078,-16.62,-34.44,22.19,285.11,-84.27,149.68
52.376648,-1.561733,147.79,10.76,3,126.44,19 / 20,4583409,2019-09-06 20:36:29:152,-1.7279,-2.2529,9.9244,0.0036,0.0212,9.8066,0.103,-0.1709,-0.0648,-16.06,-33.69,22.19,285.66,-84.17,148.83
52.376648,-1.561733,147.79,10.76,3,126.44,19 / 20,4583510,2019-09-06 20:36:29:253,-1.0272,-1.4595,11.0584,0.0388,0.0049,9.8065,0.1302,-0.1163,-0.0924,-15.87,-34.25,23.06,281.57,-83.67,144.04
52.376648,-1.561733,147.79,10.76,3,126.44,19 / 20,4583609,2019-09-06 20:36:29:352,-0.6896,-1.2432,11.2381,0.0478,-0.0182,9.8064,0.1658,-0.0356,-0.1032,-15.87,-33.81,23.88,281.75,-82.81,143.9
52.376648,-1.561733,147.79,10.76,3,126.44,19 / 20,4583709,2019-09-06 20:36:29:452,-0.5977,-1.1554,9.8691,0.0231,0.0171,9.8066,0.0396,-0.1114,-0.0555,-14.44,-33.56,23.94,283.26,-82.24,142.97
52.376648,-1.561733,147.79,10.76,3,126.44,19 / 20,4583810,2019-09-06 20:36:29:553,0.0111,-0.8699,9.932,0.0151,0.0014,9.8066,0.0472,-0.0723,-0.0398,-14.44,-34.37,24.06,283.51,-81.91,143.63
52.376648,-1.561733,147.79,10.76,3,126.44,19 / 20,4583909,2019-09-06 20:36:29:652,0.5779,-0.7893,10.3151,0.0194,0.0046,9.8066,-0.0142,-0.0393,-0.0066,-14.44,-34.12,24.31,281.88,-81.83,142.15
52.376648,-1.561733,147.79,10.76,3,126.44,19 / 20,4584009,2019-09-06 20:36:29:752,-0.0323,-0.3308,9.6802,0.0099,-0.0054,9.8066,0.0545,0.0358,-0.0114,-14.81,-33.94,24.38,280.72,-81.8,142.63
52.376648,-1.561733,147.79,10.76,3,126.44,19 / 20,4584110,2019-09-06 20:36:29:853,1.354,-0.7613,9.8546,0.0231,-0.033,9.8065,0.0503,-0.0529,0.0237,-14.37,-34.19,24.25,283.49,-81.41,144.25
52.376648,-1.561733,147.79,10.76,3,126.44,19 / 20,4584210,2019-09-06 20:36:29:953,2.3047,-1.4522,8.9469,-0.0353,0.0378,9.8064,0.035,-0.0195,0.0136,-14.44,-33.75,24.75,285.2,-81.45,144.52
52.376648,-1.561733,147.79,10.76,3,126.44,19 / 20,4584310,2019-09-06 20:36:30:053,3.5418,0.6221,8.9399,-0.0872,0.0501,9.8061,-0.1053,-0.0923,0.1709,-15.25,-33.81,24.13,282.7,-81.94,144.37
52.376648,-1.561733,147.79,10.76,3,126.44,19 / 20,4584409,2019-09-06 20:36:30:152,2.0825,1.1819,9.5598,-0.0462,0.0008,9.8065,-0.0951,0.1283,0.0441,-15,-34.5,23.88,282.16,-82.63,143
52.376648,-1.561733,147.79,10.76,3,126.44,19 / 20,4584510,2019-09-06 20:36:30:253,0.6214,1.5969,10.0413,-0.0799,0.0048,9.8062,-0.036,0.0883,0.0187,-16.37,-33.75,22.63,281.98,-83.94,144.1
52.376648,-1.561733,147.79,10.76,3,126.44,19 / 20,4584609,2019-09-06 20:36:30:352,1.9282,-0.4548,10.2866,0.0232,-0.0345,9.8065,0.0296,0.0705,0.1006,-16.75,-34.06,22.19,284.64,-84.07,149.46
52.376648,-1.561733,147.79,10.76,3,126.44,19 / 20,4584710,2019-09-06 20:36:30:453,-1.057,-0.5487,11.0609,0.033,-0.0755,9.8062,0.3083,0.1326,-0.0095,-16.94,-34.12,22.56,291.25,-83.82,154.72
52.376648,-1.561733,147.79,10.76,3,126.44,19 / 20,4584810,2019-09-06 20:36:30:553,1.5288,-0.3455,10.7716,-0.0151,-0.0012,9.8066,0.222,0.1214,-0.0209,-17.37,-33.31,23.31,295.81,-83.38,159.35
52.376648,-1.561733,147.79,10.76,3,126.44,19 / 20,4584910,2019-09-06 20:36:30:653,0.1131,-0.8407,9.2141,-0.0371,0.0344,9.8064,-0.004,0.1441,-0.0073,-17.5,-33.12,22.88,296.58,-83.24,160.23
52.376648,-1.561733,147.79,10.76,3,126.44,19 / 20,4585009,2019-09-06 20:36:30:752,1.8169,-1.8077,9.0166,-0.0373,0.0427,9.8065,0.0138,0.0397,-0.008,-17.87,-33.69,22.69,296.75,-83.73,161.48
52.376648,-1.561733,147.79,10.76,3,126.44,19 / 20,4585110,2019-09-06 20:36:30:853,-0.1822,0.4429,9.9714,-0.0344,0.0512,9.8064,-0.0664,0.0962,-0.0388,-17.75,-34.5,22.38,291.31,-84.59,156.74
52.376648,-1.561733,147.79,10.76,3,126.44,19 / 20,4585210,2019-09-06 20:36:30:953,0.7109,-0.2777,10.3089,0.0299,-0.0091,9.8065,0.1557,0.0854,-0.0649,-18,-33.87,22.13,288.98,-84.43,154.68
52.376648,-1.561733,147.79,10.76,3,126.44,19 / 20,4585310,2019-09-06 20:36:31:053,1.786,-1.1802,10.3537,0.0769,-0.0612,9.8061,0.0081,0.114,0.0073,-18,-33.56,22.25,288,-83.93,154.34
52.376648,-1.561733,147.79,10.76,3,126.44,19 / 20,4585409,2019-09-06 20:36:31:152,2.6022,-0.3242,9.0095,0.0808,-0.0799,9.806,-0.0829,0.0478,0.0143,-17.44,-33.56,22.56,292.35,-83.54,156.1
52.376648,-1.561733,147.79,10.76,3,126.44,19 / 20,4585510,2019-09-06 20:36:31:253,2.3106,-0.4353,11.1479,-0.0083,-0.0123,9.8066,-0.0743,0.0735,0.0292,-18.06,-34.37,22.19,290.99,-83.57,157.62
52.376648,-1.561733,147.79,10.76,3,126.44,19 / 20,4585609,2019-09-06 20:36:31:352,-0.0508,-1.3698,10.7428,0.0001,0.0157,9.8066,-0.0815,0.121,-0.0035,-17.56,-33.44,22.13,291.74,-83.84,157.81
52.376648,-1.561733,147.79,10.76,3,126.44,19 / 20,4585710,2019-09-06 20:36:31:453,2.6365,-0.1423,9.7192,0.0253,-0.0001,9.8066,-0.0367,0.0948,-0.0149,-18.06,-33.87,21.44,291.88,-84.12,159.33
52.376648,-1.561733,147.79,10.76,3,126.44,19 / 20,4585809,2019-09-06 20:36:31:552,1.5785,-0.2786,9.7347,0.0171,-0.024,9.8065,0.021,0.0092,0.076,-17.81,-33.37,21.81,293.98,-83.72,160.09
52.376648,-1.561733,147.79,10.76,3,126.44,19 / 20,4585910,2019-09-06 20:36:31:653,0.8128,-1.96,10.1496,0.0132,-0.0296,9.8066,-0.0594,0.0812,0.0184,-17.94,-33.75,21.94,293.83,-83.64,160.25
52.376648,-1.561733,147.79,10.76,3,126.44,19 / 20,4586009,2019-09-06 20:36:31:752,2.1433,-0.4058,10.4259,0.0188,0.0203,9.8066,-0.199,0.019,-0.0283,-18.06,-34.06,21.31,292.96,-83.69,160.86
52.376648,-1.561733,147.79,10.76,3,126.44,19 / 20,4586110,2019-09-06 20:36:31:853,-0.7316,0.7476,9.4533,0.0116,0.0795,9.8062,-0.2278,0.0488,-0.1848,-17.62,-34.5,21.13,287.48,-83.68,155.64
52.376648,-1.561733,147.79,10.76,3,126.44,19 / 20,4586209,2019-09-06 20:36:31:952,1.0051,1.007,9.2355,-0.0105,0.002,9.8066,0.1548,-0.0258,0.0843,-17.69,-34.69,21.5,283.37,-83.69,150.34
52.376648,-1.561733,147.79,10.76,3,126.44,19 / 20,4586309,2019-09-06 20:36:32:052,0.762,-0.3754,9.3115,-0.0442,0.0452,9.8064,0.0447,0.0102,0.036,-17.62,-34.62,21.69,282.34,-83.96,149.01
52.376648,-1.561733,147.79,10.76,3,126.44,18 / 21,4586409,2019-09-06 20:36:32:152,-2.2206,-0.3591,10.8476,-0.0216,-0.0433,9.8065,0.0972,0.0839,0.054,-18.25,-34.31,20.63,285.94,-84.44,153.23
52.376648,-1.561733,147.79,10.76,3,126.44,18 / 21,4586509,2019-09-06 20:36:32:252,1.355,-1.5135,10.0822,-0.0547,0.018,9.8064,0.444,0.0187,0.0792,-17.94,-34.19,20.75,288.67,-84.58,155.68
52.376648,-1.561733,147.79,10.76,3,126.44,18 / 21,4586609,2019-09-06 20:36:32:352,0.9585,-1.6212,10.9382,0.0628,-0.0882,9.806,-0.3947,0.0406,0.0247,-18.5,-33.62,21.31,290.55,-84.43,157.68
52.376648,-1.561733,147.79,10.76,3,126.44,18 / 21,4586710,2019-09-06 20:36:32:453,1.2758,-1.2069,10.619,0.0062,0.002,9.8066,-0.2738,0.1147,-0.0304,-18.69,-34.06,20.56,291.54,-84.04,160.47
52.376648,-1.561733,147.79,10.76,3,126.44,18 / 21,4586810,2019-09-06 20:36:32:553,-0.3909,0.3003,9.7247,0.0271,-0.0144,9.8065,-0.0255,0.0855,-0.0215,-18.81,-33.69,20.81,291.19,-83.98,160.21
52.376648,-1.561733,147.79,10.76,3,126.44,18 / 21,4586910,2019-09-06 20:36:32:653,-0.0287,1.2055,10.0876,-0.0236,0.0023,9.8065,0.0304,0.0187,0.0678,-19.25,-33.44,20.63,292.93,-83.81,161.86
52.376648,-1.561733,147.79,10.76,3,126.44,18 / 21,4587010,2019-09-06 20:36:32:753,1.6969,-0.9961,9.1428,-0.0111,0.0025,9.8066,-0.0191,0.0468,-0.0199,-18.87,-33.31,21.19,295.62,-83.65,164.61
52.376648,-1.561733,147.79,10.76,3,126.44,18 / 21,4587110,2019-09-06 20:36:32:853,-0.0227,-0.884,8.5907,-0.0213,0.0077,9.8065,-0.0269,0.0463,0.0738,-18.87,-34.12,21.06,296.25,-83.5,165.58
52.376648,-1.561733,147.79,10.76,3,126.44,18 / 21,4587210,2019-09-06 20:36:32:953,-1.0228,0.0722,9.0087,-0.023,0.0269,9.8066,-0.0612,0.0539,-0.0092,-19.06,-34.06,20.75,296.62,-83.84,165.53
52.376648,-1.561733,147.79,10.76,3,126.44,18 / 21,4587309,2019-09-06 20:36:33:052,-0.9674,0.6884,9.4385,-0.0414,0.0393,9.8064,-0.0169,0.0375,-0.036,-19.12,-33.56,19.75,292.69,-84.48,162.62
52.376648,-1.561733,147.79,10.76,3,126.44,19 / 20,4587410,2019-09-06 20:36:33:153,-0.6293,0.5733,9.6563,0.0058,0.0159,9.8066,0.046,-0.0032,-0.0266,-18.94,-33.94,19.81,289.74,-84.66,159.57
52.376648,-1.561733,147.79,10.76,3,126.44,19 / 20,4587509,2019-09-06 20:36:33:252,-0.7803,0.2964,10.407,0.0152,0.0032,9.8065,0.0714,0.0024,-0.0147,-18.69,-34.31,19.44,286.75,-84.45,158.59
52.376648,-1.561733,147.79,10.76,3,126.44,19 / 20,4587610,2019-09-06 20:36:33:353,-0.8804,-0.5187,10.719,0.0161,-0.0082,9.8066,0.0871,0.044,-0.0623,-19.31,-34.44,20.06,289.13,-84.17,159.58
52.376648,-1.561733,147.79,10.76,3,126.44,19 / 20,4587709,2019-09-06 20:36:33:452,0.4307,-0.6225,10.4872,-0.0086,0.0161,9.8065,0.1054,0.0001,-0.0061,-18.94,-33.5,20.38,288.29,-83.87,158.92
52.376648,-1.561733,147.79,10.76,3,126.44,19 / 20,4587810,2019-09-06 20:36:33:553,-1.0002,0.0603,9.4987,0.022,-0.0117,9.8066,-0.1502,-0.0147,0.0262,-18.56,-34.25,20.13,288.06,-83.71,159.12
52.376648,-1.561733,147.79,10.76,3,126.44,19 / 20,4587909,2019-09-06 20:36:33:652,-1.2003,1.5595,9.4083,0.0249,-0.0026,9.8065,-0.2646,0.0518,-0.0455,-18.94,-34.19,19.88,286.83,-83.8,157.81
52.376648,-1.561733,147.79,10.76,3,126.44,19 / 20,4588009,2019-09-06 20:36:33:752,-1.8367,0.3221,9.9143,-0.0142,0.0173,9.8066,0.164,0.0394,-0.0398,-18.5,-34.06,19.5,286.8,-83.93,156.26
52.376648,-1.561733,147.79,10.76,3,126.44,19 / 20,4588109,2019-09-06 20:36:33:852,-0.7627,-0.8247,9.9381,0.0022,-0.0032,9.8066,0.149,-0.05,0.0194,-18.81,-34.25,20.5,286.94,-83.74,156.41
52.376648,-1.561733,147.79,10.76,3,126.44,19 / 20,4588210,2019-09-06 20:36:33:953,0.7942,-0.2793,9.6653,-0.0131,0.0058,9.8066,0.0142,-0.0703,0.0055,-18.37,-34.12,19.88,287.88,-83.51,157.84
52.376648,-1.561733,147.79,10.76,3,126.44,19 / 20,4588310,2019-09-06 20:36:34:053,-0.9983,-0.0938,10.1997,-0.0055,0.0139,9.8066,0.0283,-0.0072,-0.0064,-18.31,-35.06,20.06,287.31,-83.46,157.58
52.376648,-1.561733,147.79,10.76,3,126.44,19 / 21,4588410,2019-09-06 20:36:34:153,-0.7221,-0.3117,9.7541,0.007,0.0127,9.8066,-0.0253,0.0643,-0.0465,-18.81,-35.56,19.81,285.38,-83.41,157.36
52.376648,-1.561733,147.79,10.76,3,126.44,19 / 21,4588510,2019-09-06 20:36:34:253,-0.7948,0.3924,9.4546,-0.0134,0.0047,9.8066,-0.0497,0.0044,0.0076,-19,-35.56,20.25,284.17,-83.39,156.22
52.376648,-1.561733,147.79,10.76,3,126.44,19 / 21,4588609,2019-09-06 20:36:34:352,0.1819,-0.1493,10.3043,-0.0159,0.0015,9.8065,-0.0787,-0.0055,0.028,-18.31,-34.37,20.56,288.11,-83.62,156.32
52.376648,-1.561733,147.79,10.76,3,126.44,19 / 21,4588709,2019-09-06 20:36:34:452,-0.0377,0.2937,10.0766,-0.0209,-0.0032,9.8066,-0.0298,0.0334,0.0117,-18.44,-34.25,20.19,288.12,-83.71,157.81
52.376648,-1.561733,147.79,10.76,3,126.44,19 / 21,4588809,2019-09-06 20:36:34:552,-0.0215,-0.0337,9.5877,0.0054,-0.0233,9.8066,0.0472,0.0142,0.0615,-19,-34.56,20.13,288.22,-83.63,159.58
52.376648,-1.561733,147.79,10.76,3,126.44,19 / 21,4588909,2019-09-06 20:36:34:652,-0.0975,-0.7883,10.4153,0.0077,-0.0255,9.8066,0.0807,-0.0146,0.0112,-19.06,-34.12,20.13,291.25,-83.45,162.48
52.376648,-1.561733,147.79,10.76,3,126.44,19 / 21,4589010,2019-09-06 20:36:34:753,0.5912,-0.4741,9.9829,0.0421,-0.0481,9.8064,-0.0528,-0.0828,0.0786,-18.5,-34.37,20.44,294.93,-83.22,164.89
52.376648,-1.561733,147.79,10.76,3,126.44,19 / 21,4589109,2019-09-06 20:36:34:852,-0.4581,0.2881,9.3843,0.0289,-0.007,9.8065,-0.1717,0.058,-0.082,-19.06,-33.69,20.06,292.46,-83.34,163.76
52.376648,-1.561733,147.79,10.76,3,126.44,19 / 21,4589210,2019-09-06 20:36:34:953,-1.7182,0.2055,9.5826,-0.0166,0.0419,9.8065,0.1455,0.0002,-0.0527,-18.75,-33.75,20.25,289.71,-83.53,160.91
52.376648,-1.561733,147.79,10.76,3,126.44,19 / 21,4589310,2019-09-06 20:36:35:053,-1.0534,-0.8597,9.4621,0.0026,0.0299,9.8065,0.1692,-0.0158,-0.0766,-18.19,-33.62,20.19,288.9,-83.39,158.96
52.376648,-1.561733,147.79,10.76,3,126.44,18 / 20,4589410,2019-09-06 20:36:35:153,1.8214,-1.4216,9.7275,0.0158,0.0138,9.8066,0.0327,0.0016,-0.0895,-18.44,-33.75,20.38,285.45,-83.16,155.94
52.376648,-1.561733,147.79,10.76,3,126.44,18 / 20,4589509,2019-09-06 20:36:35:252,-0.3086,-1.2887,10.2436,-0.0699,0.0614,9.8061,0.3692,-0.0823,0.0935,-18.19,-33.62,20.13,282.7,-83.4,152.97
52.376648,-1.561733,147.79,10.76,3,126.44,18 / 20,4589610,2019-09-06 20:36:35:353,-1.891,-0.438,11.5885,0.0792,-0.0777,9.806,-0.2354,0.0709,-0.02,-17.37,-34.44,20.25,286.01,-82.68,155.7
52.376648,-1.561733,147.79,10.76,3,126.44,18 / 20,4589709,2019-09-06 20:36:35:452,0.691,-0.3881,11.0324,0.0236,-0.03,9.8065,-0.1795,-0.0075,0.005,-17.69,-34.12,20.31,285.05,-82.89,155.9
52.376648,-1.561733,147.79,10.76,3,126.44,18 / 20,4589810,2019-09-06 20:36:35:553,-1.4926,0.4816,9.7527,0.0437,-0.0398,9.8064,-0.0297,-0.0164,0.0644,-17.75,-34.12,20.06,286.29,-82.64,157.42
52.376648,-1.561733,147.79,10.76,3,126.44,18 / 20,4589910,2019-09-06 20:36:35:653,-1.5385,0.7208,9.479,0.048,-0.0376,9.8064,-0.1394,-0.0006,-0.0222,-17.37,-34.75,20.63,289.38,-82.66,157.56
52.376648,-1.561733,147.79,10.76,3,126.44,18 / 20,4590010,2019-09-06 20:36:35:753,1.4731,-0.7189,9.6949,-0.0081,-0.0025,9.8066,-0.1408,-0.0175,0.0497,-17.44,-34.75,20.38,287.39,-82.73,157.21
52.376648,-1.561733,147.79,10.76,3,126.44,18 / 20,4590109,2019-09-06 20:36:35:852,-1.1309,1.5064,9.8033,0.0611,-0.0573,9.8063,-0.0919,0.1218,-0.0443,-18.31,-34.94,21.06,289.63,-82.65,159.21
52.376648,-1.561733,147.79,10.76,3,126.44,18 / 20,4590210,2019-09-06 20:36:35:953,-0.907,-0.637,9.9065,-0.0809,0.0365,9.8061,0.2498,0.041,-0.0805,-17.75,-34.12,20.94,291.89,-83.03,160.65
52.376648,-1.561733,147.79,10.76,3,126.44,18 / 20,4590310,2019-09-06 20:36:36:053,-1.6676,-0.3201,9.4548,-0.0524,0.0163,9.8064,0.1983,-0.0621,0.0748,-18.31,-34.87,20.88,292.27,-82.91,161.39
52.376648,-1.561733,147.79,10.76,3,126.44,18 / 20,4590410,2019-09-06 20:36:36:153,-1.2171,-0.1229,10.0848,-0.0023,0.0025,9.8066,-0.0302,0.0107,-0.026,-18.31,-33.81,21,294.45,-82.83,163.3
52.376648,-1.561733,147.79,10.76,3,126.44,18 / 20,4590509,2019-09-06 20:36:36:252,-0.192,-0.7651,9.9298,-0.0227,0.0008,9.8065,0.0342,-0.0148,0.0097,-18.19,-33.44,20.88,295.4,-82.95,163.82
52.376648,-1.561733,147.79,10.76,3,126.44,18 / 20,4590609,2019-09-06 20:36:36:352,-0.9058,-0.2687,9.8925,0.0106,-0.0151,9.8065,-0.0945,0.0048,0.0269,-17.81,-34.12,20.69,295.63,-82.98,164.23
52.376648,-1.561733,147.79,10.76,3,126.44,18 / 20,4590710,2019-09-06 20:36:36:453,-0.8069,0.1278,8.6709,0.0141,-0.0175,9.8066,-0.0595,-0.0081,-0.0208,-18.44,-33.94,20.56,296.59,-82.87,165.26
52.376648,-1.561733,147.79,10.76,3,126.44,18 / 20,4590810,2019-09-06 20:36:36:553,-0.9221,0.618,9.145,0.0047,-0.021,9.8066,0.0824,-0.0463,0.0153,-19.06,-34.69,20.63,295.84,-82.92,166.08
52.376648,-1.561733,147.79,10.76,3,126.44,18 / 20,4590909,2019-09-06 20:36:36:652,-0.6613,0.0115,9.0311,0.0292,-0.0247,9.8065,-0.0694,-0.0767,0.0423,-18.44,-33.81,20.81,297.68,-82.78,166.39
52.376648,-1.561733,147.79,10.76,3,126.44,18 / 20,4591010,2019-09-06 20:36:36:753,0.0724,-0.9249,10.3898,-0.0457,0.0458,9.8064,0.2144,0.0072,-0.0386,-18.62,-33.75,21.25,295.56,-82.89,165.62
52.376648,-1.561733,147.79,10.76,3,126.44,18 / 20,4591110,2019-09-06 20:36:36:853,-1.1863,-0.2782,10.0369,-0.0467,0.0316,9.8065,0.0942,-0.0574,-0.0166,-18.5,-33.31,21.56,299.2,-82.77,166.05
52.376648,-1.561733,147.79,10.76,3,126.44,18 / 20,4591210,2019-09-06 20:36:36:953,-0.6109,0.4877,10.3438,0.0098,-0.0099,9.8066,-0.0776,-0.0684,0.0488,-18.44,-33.94,21,296.67,-82.73,165.49
52.376648,-1.561733,147.79,10.76,3,126.44,18 / 20,4591310,2019-09-06 20:36:37:053,-0.3968,0.2427,10.1369,-0.0005,0.0005,9.8066,-0.0363,0.0019,-0.0253,-18.87,-34.44,20.75,294.7,-82.69,165.05
52.376648,-1.561733,147.79,10.76,3,126.44,17 / 20,4591409,2019-09-06 20:36:37:152,-1.6481,0.3413,10.2819,0.0052,-0.0197,9.8066,0.111,-0.014,0.0095,-18.37,-33.81,21.63,299.04,-82.57,166.35
52.376648,-1.561733,147.79,10.76,3,126.44,17 / 20,4591510,2019-09-06 20:36:37:253,-0.4856,0.2364,9.8056,-0.0058,-0.0064,9.8066,0.1243,-0.0347,0.0534,-18.56,-34.25,21.5,298.44,-82.48,167.25
52.376648,-1.561733,147.79,10.76,3,126.44,17 / 20,4591610,2019-09-06 20:36:37:353,-1.802,0.1588,10.0633,-0.0004,-0.0243,9.8065,0.0271,-0.0318,0.0319,-18.44,-34,21.81,302.52,-82.33,169.83
52.376648,-1.561733,147.79,10.76,3,126.44,17 / 20,4591710,2019-09-06 20:36:37:453,-0.4088,-0.2946,9.7015,0.0066,-0.0184,9.8065,0.0651,-0.0145,0.0295,-18.37,-34.62,21.5,303.43,-82.38,170.83
52.376648,-1.561733,147.79,10.76,3,126.44,17 / 20,4591810,2019-09-06 20:36:37:553,-2.0012,-0.1172,10.4178,-0.0116,-0.0014,9.8066,0.026,0.0091,-0.0234,-18.75,-33.81,21.75,303.5,-82.42,171.99
52.376648,-1.561733,147.79,10.76,3,126.44,17 / 20,4591910,2019-09-06 20:36:37:653,-0.9199,0.1899,9.9402,-0.0083,0.0312,9.8065,0.0879,0.006,-0.0421,-17.94,-33.19,21.81,304.49,-82.47,171.26
52.376648,-1.561733,147.79,10.76,3,126.44,17 / 20,4592010,2019-09-06 20:36:37:753,-0.8179,-1.566,10.0362,0.028,0.0102,9.8065,-0.1016,0.0227,-0.0924,-18.62,-33.94,21.94,299.77,-82.18,168.82
52.376648,-1.561733,147.79,10.76,3,126.44,17 / 20,4592110,2019-09-06 20:36:37:853,-0.2219,0.3686,9.185,0.0168,0.0167,9.8065,-0.0347,0.0007,-0.0083,-18,-34.62,22.38,298.52,-82.23,166.5
52.376648,-1.561733,147.79,10.76,3,126.44,17 / 20,4592209,2019-09-06 20:36:37:952,-1.3783,0.4281,10.2163,-0.0084,-0.0105,9.8065,0.0225,-0.0335,0.022,-18.37,-33.81,22.06,299.57,-82.39,167.05
52.376648,-1.561733,147.79,10.76,3,126.44,17 / 20,4592309,2019-09-06 20:36:38:052,-0.6863,0.7675,9.9189,-0.0083,0.0026,9.8066,0.0698,-0.0008,0.0027,-18,-33.94,21.88,299.77,-82.54,167.07
52.37606,-1.560224,144.24,13.93,3,121.82,18 / 21,4592411,2019-09-06 20:36:38:154,-0.961,-0.9651,9.3592,0.0096,-0.0236,9.8065,0.008,-0.0599,0.0702,-17.87,-33.5,22.31,302.17,-82.34,169.27
52.37606,-1.560224,144.24,13.93,3,121.82,18 / 21,4592514,2019-09-06 20:36:38:257,-0.7871,-0.7727,10.2148,0.0077,-0.0233,9.8065,0.0923,-0.0239,-0.0225,-18.12,-34.25,22.25,302.81,-82.32,170.11
52.37606,-1.560224,144.24,13.93,3,121.82,18 / 21,4592609,2019-09-06 20:36:38:352,0.2988,0.667,10.9328,-0.0093,0.0033,9.8066,0.0861,-0.0539,0.0458,-18.5,-33.81,22.5,303.81,-82.32,169.57
52.37606,-1.560224,144.24,13.93,3,121.82,18 / 21,4592710,2019-09-06 20:36:38:453,-0.2694,-0.8121,9.7676,0.022,-0.0286,9.8065,-0.0061,-0.0136,-0.0008,-18.31,-33.25,22.13,302.97,-82.32,170.03
52.37606,-1.560224,144.24,13.93,3,121.82,18 / 21,4592809,2019-09-06 20:36:38:552,-1.8066,0.2955,9.6787,0.008,0.0002,9.8066,0.0058,0.0035,-0.0059,-18.5,-33.56,22.44,303.05,-82.17,170.49
52.37606,-1.560224,144.24,13.93,3,121.82,18 / 21,4592910,2019-09-06 20:36:38:653,-0.6536,-0.3256,9.911,0.0115,0.0023,9.8066,0.0196,-0.0009,-0.0315,-18.69,-34.31,21.75,300.69,-82.17,169.66
52.37606,-1.560224,144.24,13.93,3,121.82,18 / 21,4593009,2019-09-06 20:36:38:752,0.9017,0.8396,10.2187,-0.0156,0.0224,9.8065,0.0489,-0.0912,0.025,-18.31,-33.94,21.81,300.88,-82.25,168.42
52.37606,-1.560224,144.24,13.93,3,121.82,18 / 21,4593109,2019-09-06 20:36:38:852,0.2227,1.2845,10.4332,-0.0208,0.038,9.8065,0.0272,0.0952,-0.0389,-18.12,-34.12,21.88,300.18,-82.23,167.79
52.37606,-1.560224,144.24,13.93,3,121.82,18 / 21,4593210,2019-09-06 20:36:38:953,-1.3617,-0.2578,10.203,0.015,0.001,9.8065,-0.0157,0.0213,-0.0366,-18.37,-34.31,21.75,300.29,-82.05,168.09
52.37606,-1.560224,144.24,13.93,3,121.82,18 / 21,4593310,2019-09-06 20:36:39:053,-0.4288,0.1344,9.8025,0.0147,-0.0074,9.8066,-0.084,-0.0681,0.0009,-18.25,-33.81,21.94,300,-82.02,167.85
52.37606,-1.560224,144.24,13.93,3,121.82,17 / 21,4593410,2019-09-06 20:36:39:153,-0.8529,-0.7136,10.3169,-0.0097,0.0007,9.8066,0.0495,-0.0601,0.0138,-18.19,-34.19,22.25,300.7,-82.07,168.45
52.37606,-1.560224,144.24,13.93,3,121.82,17 / 21,4593510,2019-09-06 20:36:39:253,-0.1663,0.2014,10.1409,-0.0329,0.029,9.8065,0.0916,0.0397,-0.03,-18.31,-33.31,22.25,301.49,-82.2,168.78
52.37606,-1.560224,144.24,13.93,3,121.82,17 / 21,4593609,2019-09-06 20:36:39:352,-1.0399,0.3132,10.424,0.0076,-0.0101,9.8066,-0.1286,0.0737,0.0407,-18.62,-33.94,21.94,300.4,-82.15,169.43
52.37606,-1.560224,144.24,13.93,3,121.82,17 / 21,4593709,2019-09-06 20:36:39:452,-0.4898,-0.4054,9.8175,0.008,-0.028,9.8065,-0.0103,0.0183,-0.0069,-18,-33.5,22.31,303.26,-82.19,170.43
52.37606,-1.560224,144.24,13.93,3,121.82,17 / 21,4593810,2019-09-06 20:36:39:553,-0.8311,1.0218,9.3789,0.0053,-0.009,9.8066,0.0167,-0.0013,0.0088,-18.19,-33.31,22.31,303.32,-82.27,170.4
52.37606,-1.560224,144.24,13.93,3,121.82,17 / 21,4593910,2019-09-06 20:36:39:653,-0.6386,-0.1179,9.9992,-0.0013,-0.0096,9.8065,0.0018,0.072,0.0089,-17.87,-33.37,21.56,304.09,-82.26,171.11
52.37606,-1.560224,144.24,13.93,3,121.82,17 / 21,4594010,2019-09-06 20:36:39:753,-0.5604,0.2556,9.4108,0.0178,0.0044,9.8066,-0.0505,-0.0323,-0.0408,-18.75,-33.75,22.25,301.08,-82.24,169.95
52.37606,-1.560224,144.24,13.93,3,121.82,17 / 21,4594109,2019-09-06 20:36:39:852,-1.3623,0.4234,9.6313,0.0224,-0.0181,9.8065,-0.0552,-0.0323,-0.0391,-17.69,-33.62,22.25,302,-82.17,169.53
52.37606,-1.560224,144.24,13.93,3,121.82,17 / 21,4594209,2019-09-06 20:36:39:952,-0.4775,0.2972,9.3994,-0.0325,0.0131,9.8065,0.0642,-0.0656,0.0679,-18.44,-33.94,22.88,303.69,-82.39,169.39
52.37606,-1.560224,144.24,13.93,3,121.82,17 / 21,4594310,2019-09-06 20:36:40:053,-0.2144,0.2026,9.9704,-0.0312,0.0191,9.8065,0.013,-0.0153,-0.0053,-18.06,-33.81,21.63,303.03,-82.48,170.13
52.37606,-1.560224,144.24,13.93,3,121.82,19 / 20,4594409,2019-09-06 20:36:40:152,-0.9676,0.1685,10.1617,-0.0067,-0.0076,9.8066,-0.0427,-0.0427,0.0292,-18.62,-34.25,22.56,303.72,-82.47,170.68
52.37606,-1.560224,144.24,13.93,3,121.82,19 / 20,4594509,2019-09-06 20:36:40:252,-0.6753,-0.5042,10.5837,-0.0088,0.002,9.8066,0.0253,0.0044,-0.0121,-18.19,-33.56,21.94,304.85,-82.53,171.75
52.37606,-1.560224,144.24,13.93,3,121.82,19 / 20,4594610,2019-09-06 20:36:40:353,-0.0318,0.0596,9.7206,0.0097,-0.0004,9.8066,0.0148,-0.0721,0.0074,-18.31,-33.75,22.56,306.1,-82.39,171.59
52.37606,-1.560224,144.24,13.93,3,121.82,19 / 20,4594709,2019-09-06 20:36:40:452,-1.1851,0.6993,9.5535,0.0179,-0.014,9.8065,-0.124,-0.0382,-0.0277,-18.19,-33.37,21.56,304.58,-82.29,171.52
52.37606,-1.560224,144.24,13.93,3,121.82,19 / 20,4594810,2019-09-06 20:36:40:553,-1.4068,0.9374,9.9323,-0.0194,0.0185,9.8065,0.1375,-0.0461,0.008,-18.37,-33.87,22.13,304.05,-82.39,171.16
52.37606,-1.560224,144.24,13.93,3,121.82,19 / 20,4594910,2019-09-06 20:36:40:653,-0.6256,-0.2371,9.6839,-0.0131,0.0209,9.8066,0.0475,-0.0356,0.0304,-18.44,-33,22.25,303.68,-82.34,170.65
52.37606,-1.560224,144.24,13.93,3,121.82,19 / 20,4595010,2019-09-06 20:36:40:753,-0.0653,-0.7927,9.5876,-0.0205,0.0294,9.8066,0.0267,0.0108,-0.0311,-18.31,-33.87,21.88,303.49,-82.27,170.77
52.37606,-1.560224,144.24,13.93,3,121.82,19 / 20,4595110,2019-09-06 20:36:40:853,-0.5992,-0.6066,9.6321,-0.0397,0.0161,9.8065,0.0064,-0.0313,0.0363,-18.75,-34.25,21.25,300.8,-82.58,170.85
52.37606,-1.560224,144.24,13.93,3,121.82,19 / 20,4595210,2019-09-06 20:36:40:953,0.3018,-0.1096,9.2558,0.0052,-0.0021,9.8066,-0.0594,-0.0038,-0.0045,-19.19,-34.44,21.81,302.82,-82.62,171.15
52.37606,-1.560224,144.24,13.93,3,121.82,19 / 20,4595310,2019-09-06 20:36:41:053,-0.7091,0.2465,9.8969,0.0082,-0.0164,9.8066,-0.0812,-0.002,-0.0479,-19.12,-34.31,21.63,302.96,-82.65,171.24
52.37606,-1.560224,144.24,13.93,3,121.82,19 / 21,4595409,2019-09-06 20:36:41:152,-0.6593,0.0836,10.0112,-0.0148,0.0075,9.8066,0.0175,0.0044,0.0557,-18.94,-34,22.94,304.99,-82.7,171.61
52.37606,-1.560224,144.24,13.93,3,121.82,19 / 21,4595510,2019-09-06 20:36:41:253,-0.7394,0.1365,9.9559,0.0073,-0.0116,9.8066,-0.0686,0.0115,-0.0322,-18.69,-33.94,23.69,307.13,-82.68,172.23
52.37606,-1.560224,144.24,13.93,3,121.82,19 / 21,4595609,2019-09-06 20:36:41:352,-0.6927,-0.6166,10.3495,0.0031,0.0003,9.8066,-0.0416,-0.0176,-0.0208,-18.31,-33.69,22.88,305.8,-82.69,171.01
52.37606,-1.560224,144.24,13.93,3,121.82,19 / 21,4595709,2019-09-06 20:36:41:452,-0.0103,-0.1238,10.0621,-0.0049,-0.0006,9.8066,0.0605,0.052,0.0428,-18.31,-33.19,23,306.67,-82.64,171.64
52.37606,-1.560224,144.24,13.93,3,121.82,19 / 21,4595809,2019-09-06 20:36:41:552,-0.4955,0.1595,9.3557,0.0144,-0.0083,9.8066,-0.1194,0.0042,-0.0445,-17.81,-33.5,22.5,306.86,-82.49,171.97
52.37606,-1.560224,144.24,13.93,3,121.82,19 / 21,4595910,2019-09-06 20:36:41:653,-1.6491,0.5287,10.1969,0.0193,-0.0218,9.8065,-0.0541,0.0094,-0.0167,-18.31,-33.75,22.88,306.3,-82.51,171.65
52.37606,-1.560224,144.24,13.93,3,121.82,19 / 21,4596009,2019-09-06 20:36:41:752,-0.4373,-0.5172,10.2369,0.0156,-0.0117,9.8065,-0.1357,0.0087,0.0092,-18.12,-33.12,22.25,305.78,-82.63,172.28
52.37606,-1.560224,144.24,13.93,3,121.82,19 / 21,4596110,2019-09-06 20:36:41:853,-0.2806,0.9716,9.8034,0.0163,-0.0161,9.8066,-0.1286,0.0242,-0.0316,-18.44,-33.44,21.56,305.51,-82.5,172.15
52.37606,-1.560224,144.24,13.93,3,121.82,19 / 21,4596210,2019-09-06 20:36:41:953,-0.5277,-0.1268,9.0819,0.011,-0.0053,9.8066,-0.0609,0.005,-0.0494,-18.06,-34.56,20.06,302.06,-82.48,172.62
52.37606,-1.560224,144.24,13.93,3,121.82,19 / 21,4596309,2019-09-06 20:36:42:052,0.3143,0.1816,9.9411,0.0253,-0.0193,9.8066,0.0039,-0.0188,0.0283,-17.44,-35.56,19.94,303.19,-82.53,172.41
52.37606,-1.560224,144.24,13.93,3,121.82,19 / 20,4596409,2019-09-06 20:36:42:152,-0.2454,0.3043,9.7263,-0.0186,0.0241,9.8065,0.1293,-0.0043,-0.0415,-16.44,-38.31,20.06,303.74,-82.75,171.62
52.37606,-1.560224,144.24,13.93,3,121.82,19 / 20,4596510,2019-09-06 20:36:42:253,0.6893,0.0616,9.732,-0.0053,0.0149,9.8066,0.0598,0.0101,-0.0602,-15.69,-38.25,21.25,304.58,-82.74,170.76
52.37606,-1.560224,144.24,13.93,3,121.82,19 / 20,4596609,2019-09-06 20:36:42:352,-0.4428,-1.5729,11.0752,-0.0029,-0.0059,9.8066,-0.1076,0.1245,-0.0379,-15.56,-38.37,21.44,304.02,-82.73,170.27
52.37606,-1.560224,144.24,13.93,3,121.82,19 / 20,4596710,2019-09-06 20:36:42:453,-0.6393,-0.1628,9.815,-0.015,0.0154,9.8066,-0.0465,-0.0171,0.0308,-15.94,-40.94,21.44,303.25,-82.74,170.27
52.37606,-1.560224,144.24,13.93,3,121.82,19 / 20,4596810,2019-09-06 20:36:42:553,0.3822,-0.3892,9.6574,0.0208,-0.0322,9.8066,-0.1214,0.0441,-0.03,-16,-41.25,24.44,308.18,-82.54,170.49
52.37606,-1.560224,144.24,13.93,3,121.82,19 / 20,4596910,2019-09-06 20:36:42:653,-0.473,-0.4641,9.9471,0.0093,-0.0135,9.8066,-0.0954,0.0505,-0.0277,-15.94,-38.62,26.63,312.67,-82.68,170.27
52.37606,-1.560224,144.24,13.93,3,121.82,19 / 20,4597010,2019-09-06 20:36:42:753,-0.4996,0.636,10.1983,0.0231,-0.0027,9.8065,-0.0153,0.0081,-0.04,-15.12,-35,27.56,313.85,-82.77,168.02
52.37606,-1.560224,144.24,13.93,3,121.82,19 / 20,4597110,2019-09-06 20:36:42:853,0.3189,1.0464,10.1038,0.0141,-0.0036,9.8066,0.0971,0.0312,-0.092,-15,-32.37,26.19,310.86,-82.77,166.91
52.37606,-1.560224,144.24,13.93,3,121.82,19 / 20,4597210,2019-09-06 20:36:42:953,0.0771,0.0739,10.0792,-0.0097,-0.0004,9.8065,-0.0688,0.0601,0.0368,-15.12,-32.37,24.13,308.3,-82.61,167.13
52.37606,-1.560224,144.24,13.93,3,121.82,19 / 20,4597309,2019-09-06 20:36:43:052,0.4938,0.0729,9.5933,-0.0245,0.0062,9.8065,0.0284,0.0725,0.033,-15.5,-32.75,22,306.82,-82.77,168.54
52.37606,-1.560224,144.24,13.93,3,121.82,20 / 21,4597410,2019-09-06 20:36:43:153,0.2564,-0.6846,10.2818,-0.0039,-0.0143,9.8065,-0.0282,0.0013,-0.0062,-17,-33.19,22.31,304.39,-82.85,169.33
52.37606,-1.560224,144.24,13.93,3,121.82,20 / 21,4597509,2019-09-06 20:36:43:252,-0.7224,-0.3486,9.701,0.0003,-0.0044,9.8066,0.0467,0.0574,-0.0003,-17.25,-33.06,22.06,305.04,-82.88,169.9
52.37606,-1.560224,144.24,13.93,3,121.82,20 / 21,4597610,2019-09-06 20:36:43:353,0.9872,-0.6392,8.918,0.0108,-0.0004,9.8065,-0.1048,0.06,0.0062,-17.69,-33.25,22.19,303.3,-82.71,169.91
52.37606,-1.560224,144.24,13.93,3,121.82,20 / 21,4597711,2019-09-06 20:36:43:454,0.2012,1.3782,10.0307,-0.0217,0.0489,9.8064,-0.1846,0.0675,-0.0762,-17.62,-34.31,21.94,302.85,-82.67,169.76
52.37606,-1.560224,144.24,13.93,3,121.82,20 / 21,4597809,2019-09-06 20:36:43:552,-0.3249,0.3173,9.6893,-0.0043,0.0164,9.8066,0.0319,-0.0129,-0.0642,-18.19,-34.25,22.63,302.96,-82.81,168.27
52.37606,-1.560224,144.24,13.93,3,121.82,20 / 21,4597909,2019-09-06 20:36:43:652,0.6199,0.3761,9.6072,0.0136,-0.0083,9.8066,0.0193,0.0297,0.0077,-18,-33.12,22.63,302.25,-82.8,167.42
52.37606,-1.560224,144.24,13.93,3,121.82,20 / 21,4598010,2019-09-06 20:36:43:753,0.285,-0.6667,9.7906,-0.0268,0.0056,9.8065,0.0006,0.0847,0.021,-18.12,-33.56,22,302.42,-82.91,169.11
52.37606,-1.560224,144.24,13.93,3,121.82,20 / 21,4598110,2019-09-06 20:36:43:853,-0.2503,1.0204,10.8354,-0.0202,-0.027,9.8065,0.2318,0.0143,0.0194,-18.31,-33.62,22.06,303.6,-82.97,170.12
52.37606,-1.560224,144.24,13.93,3,121.82,20 / 21,4598210,2019-09-06 20:36:43:953,0.1397,-1.0925,10.2162,0.0033,-0.014,9.8066,-0.2264,0.0461,-0.0643,-18.37,-33.94,22.63,306.6,-82.91,171.52
52.37606,-1.560224,144.24,13.93,3,121.82,20 / 21,4598309,2019-09-06 20:36:44:052,1.8361,-0.4129,10.3733,-0.0066,0.012,9.8065,0.0561,0.036,0.0461,-18.12,-33.25,22.44,304.81,-82.94,171.07
52.37606,-1.560224,144.24,13.93,3,121.82,18 / 20,4598410,2019-09-06 20:36:44:153,-0.2594,-0.7585,10.4202,0.0607,-0.0466,9.8062,-0.212,0.0632,-0.0472,-17.94,-33.75,22.19,305.17,-83.14,171.4
52.37606,-1.560224,144.24,13.93,3,121.82,18 / 20,4598509,2019-09-06 20:36:44:252,0.233,1.3763,9.5644,0.0409,-0.0215,9.8065,-0.1945,0.0766,-0.0548,-18.37,-33.94,22.81,304.76,-82.83,169.91
52.37606,-1.560224,144.24,13.93,3,121.82,18 / 20,4598610,2019-09-06 20:36:44:353,-0.2598,0.7839,9.9409,-0.0028,0.0087,9.8066,0.077,0.055,-0.0298,-17.87,-34.19,22,302.25,-82.95,168.9
52.37606,-1.560224,144.24,13.93,3,121.82,18 / 20,4598709,2019-09-06 20:36:44:452,0.3029,1.7677,10.0291,0.0136,-0.001,9.8066,0.0352,0.0008,-0.0178,-18,-33.94,21.88,301.38,-82.84,168.21
52.37606,-1.560224,144.24,13.93,3,121.82,18 / 20,4598810,2019-09-06 20:36:44:553,0.2708,0.7159,9.7379,-0.0052,-0.0021,9.8066,0.0299,0.0719,0.0338,-18.06,-34,22,301.81,-82.82,168.64
52.37606,-1.560224,144.24,13.93,3,121.82,18 / 20,4598910,2019-09-06 20:36:44:653,-0.2054,0.6324,9.3469,-0.0071,0.0017,9.8066,-0.0507,0.0403,0.0256,-18.12,-34,21.94,302.04,-82.84,168.84
52.37606,-1.560224,144.24,13.93,3,121.82,18 / 20,4599010,2019-09-06 20:36:44:753,-0.114,0.2678,9.4477,-0.0171,0.0183,9.8066,0.0205,0.0257,-0.0425,-17.56,-34.31,21.56,301.79,-82.98,168.45
52.37606,-1.560224,144.24,13.93,3,121.82,18 / 20,4599110,2019-09-06 20:36:44:853,0.8685,0.1715,9.5874,-0.0128,0.0232,9.8065,0.0521,0.0079,-0.041,-17.81,-34.12,21.56,300.61,-83.29,167.02
52.37606,-1.560224,144.24,13.93,3,121.82,18 / 20,4599210,2019-09-06 20:36:44:953,-0.2566,1.0897,9.9761,-0.004,-0.003,9.8066,0.1272,0.0461,0.0253,-17.69,-33.62,21.31,299.38,-83.34,167.32
52.37606,-1.560224,144.24,13.93,3,121.82,18 / 20,4599310,2019-09-06 20:36:45:053,0.0546,1.063,9.751,-0.0016,-0.0105,9.8066,0.0877,0.0495,0.0337,-18.31,-34.06,21.06,300.37,-83.19,168.41
52.37606,-1.560224,144.24,13.93,3,121.82,18 / 20,4599409,2019-09-06 20:36:45:152,0.4527,0.1631,9.969,-0.0016,-0.0253,9.8066,0.0204,0.0587,0.0144,-18.69,-34.06,21.63,303.09,-83,170.99
52.37606,-1.560224,144.24,13.93,3,121.82,18 / 20,4599510,2019-09-06 20:36:45:253,0.3135,-0.608,9.8428,0.0009,-0.0203,9.8066,0.0523,-0.0335,0.0446,-18.69,-34.31,21.19,302.39,-83.07,171.78
52.37606,-1.560224,144.24,13.93,3,121.82,18 / 20,4599609,2019-09-06 20:36:45:352,0.4499,1.1382,9.443,-0.0035,0.0052,9.8066,0.086,0.0303,0.0081,-18.81,-34.19,21.56,304.96,-83.09,172.62
52.37606,-1.560224,144.24,13.93,3,121.82,18 / 20,4599709,2019-09-06 20:36:45:452,-0.2681,0.5713,9.996,-0.0062,0.0002,9.8066,0.0055,0.0605,0.0116,-18.37,-33.81,21.31,305.34,-83.13,173.05
52.37606,-1.560224,144.24,13.93,3,121.82,18 / 20,4599810,2019-09-06 20:36:45:553,0.0863,0.0478,10.4174,-0.0067,0.007,9.8066,0.0944,0.0406,0.0055,-18.81,-34.31,20.75,303.66,-83.1,172.92
52.37606,-1.560224,144.24,13.93,3,121.82,18 / 20,4599909,2019-09-06 20:36:45:652,0.3732,0.1663,9.7046,-0.0112,0.0264,9.8066,-0.0043,0.0289,-0.0218,-18.62,-33.69,21.06,302.61,-83.07,171.99
52.37606,-1.560224,144.24,13.93,3,121.82,18 / 20,4600009,2019-09-06 20:36:45:752,0.1199,0.2553,10.0414,-0.0006,0.0076,9.8066,0.0558,0.0284,-0.0566,-19,-33.75,21.06,301.55,-83.02,171.06
52.37606,-1.560224,144.24,13.93,3,121.82,18 / 20,4600110,2019-09-06 20:36:45:853,0.1061,0.5482,9.6563,-0.0167,0.0206,9.8066,0.0178,0.0144,-0.0653,-18.44,-34.12,20.81,302.36,-83.07,170.38
52.37606,-1.560224,144.24,13.93,3,121.82,18 / 20,4600209,2019-09-06 20:36:45:952,0.8077,0.0144,9.2848,0.0164,-0.0116,9.8066,-0.1453,0.0856,-0.019,-18.5,-34.06,20.94,301.54,-83.22,169.46
52.37606,-1.560224,144.24,13.93,3,121.82,18 / 20,4600309,2019-09-06 20:36:46:052,0.7806,-0.1595,10.0227,0.0104,-0.0159,9.8066,-0.0353,-0.0164,0.1121,-18.12,-34.25,20.19,299.5,-83.23,169.15
52.37606,-1.560224,144.24,13.93,3,121.82,17 / 19,4600410,2019-09-06 20:36:46:153,-0.2429,0.4625,10.1545,0.0046,-0.0121,9.8066,0.0659,-0.0215,0.0329,-18.62,-33.94,20.94,300.17,-83.22,169.56
52.37606,-1.560224,144.24,13.93,3,121.82,17 / 19,4600510,2019-09-06 20:36:46:253,0.288,0.6097,9.7086,0.007,-0.0226,9.8065,-0.0358,0.0501,-0.0267,-18.81,-34.31,20.81,301.71,-83.11,171.1
52.37606,-1.560224,144.24,13.93,3,121.82,17 / 19,4600609,2019-09-06 20:36:46:352,0.338,-0.2467,9.9548,-0.0094,-0.0047,9.8066,0.0168,0.048,0.0059,-18.12,-34.25,21.38,304.45,-83.01,172.38
52.37606,-1.560224,144.24,13.93,3,121.82,17 / 19,4600710,2019-09-06 20:36:46:453,-1.3094,0.3136,10.3453,-0.0047,-0.0057,9.8066,-0.0358,0.0165,0.0424,-19.19,-33.81,20.5,304.12,-83.05,173.4
52.37606,-1.560224,144.24,13.93,3,121.82,17 / 19,4600810,2019-09-06 20:36:46:553,-0.2099,0.5916,10.0262,-0.0033,0.0056,9.8066,0.0644,0.0347,0.0117,-19.5,-33.87,20.75,304.03,-83.03,173.33
52.37606,-1.560224,144.24,13.93,3,121.82,17 / 19,4600909,2019-09-06 20:36:46:652,0.8736,0.4514,9.6766,-0.0062,0.0128,9.8066,0.1137,0.0165,-0.0154,-19.25,-33.69,20.94,303.49,-83,172.87
52.37606,-1.560224,144.24,13.93,3,121.82,17 / 19,4601009,2019-09-06 20:36:46:752,0.2249,-0.3049,9.7837,0.0103,-0.0046,9.8066,-0.1425,-0.0558,0.0175,-19.19,-34.19,20.56,302.39,-82.93,171.93
52.37606,-1.560224,144.24,13.93,3,121.82,17 / 19,4601110,2019-09-06 20:36:46:853,-0.5193,0.8589,10.302,0.0144,0.0039,9.8066,-0.131,0.0867,-0.0482,-18.94,-34.12,20.06,300.07,-83.07,171.22
52.37606,-1.560224,144.24,13.93,3,121.82,17 / 19,4601210,2019-09-06 20:36:46:953,0.026,0.6387,9.7215,-0.0162,0.0149,9.8066,0.0824,0.0963,0.0374,-19.5,-34,20.38,299.41,-83.07,170.61
52.37606,-1.560224,144.24,13.93,3,121.82,17 / 19,4601310,2019-09-06 20:36:47:053,1.1585,0.0602,10.1635,-0.0154,0.0063,9.8066,0.0804,0.0543,0.0275,-19.25,-34,20.25,299.93,-83.11,171.05
52.375496,-1.558662,142.61,14.16,3,114.74,18 / 20,4601410,2019-09-06 20:36:47:153,0.4069,0.0465,10.0218,0.0166,-0.0211,9.8066,-0.0142,0.0263,-0.0292,-19,-34.37,19.63,300.75,-83.06,171.86
52.375496,-1.558662,142.61,14.16,3,114.74,18 / 20,4601510,2019-09-06 20:36:47:253,-0.5247,0.9634,10.2449,-0.0067,-0.0123,9.8066,0.0256,-0.0033,0.0407,-19.12,-34.56,20.19,302.37,-82.91,173.74
52.375496,-1.558662,142.61,14.16,3,114.74,18 / 20,4601609,2019-09-06 20:36:47:352,-0.2865,-0.4111,10.4357,-0.01,-0.0075,9.8066,0.0926,0.0271,0.0295,-19.5,-33.69,20.31,303.56,-82.82,174.72
52.375496,-1.558662,142.61,14.16,3,114.74,18 / 20,4601709,2019-09-06 20:36:47:452,1.0636,0.3758,10.3239,-0.0077,0.0123,9.8066,0.068,0.0968,-0.0238,-19.25,-33.87,20.69,306.11,-82.72,175.57
52.375496,-1.558662,142.61,14.16,3,114.74,18 / 20,4601810,2019-09-06 20:36:47:553,0.2921,-0.3083,10.5254,0.0039,-0.0061,9.8066,-0.0175,0.052,0.0349,-19.5,-33.5,20.63,306.68,-82.5,176.1
52.375496,-1.558662,142.61,14.16,3,114.74,18 / 20,4601910,2019-09-06 20:36:47:653,1.1123,-0.0463,9.8425,0.0164,-0.0011,9.8066,0.029,0.0495,-0.05,-19.62,-34.37,20.31,302.29,-82.4,175.3
52.375496,-1.558662,142.61,14.16,3,114.74,18 / 20,4602010,2019-09-06 20:36:47:753,0.6859,-0.5327,9.519,0.0063,0.0062,9.8066,-0.039,0.048,-0.079,-19.87,-34.19,19.88,300.67,-82.37,173.84
52.375496,-1.558662,142.61,14.16,3,114.74,18 / 20,4602110,2019-09-06 20:36:47:853,0.752,0.066,9.8042,-0.0204,0.0104,9.8065,0.0395,0.0121,0.0325,-19.81,-34.19,20.5,302.54,-82.52,173.81
52.375496,-1.558662,142.61,14.16,3,114.74,18 / 20,4602210,2019-09-06 20:36:47:953,0.2862,0.4544,9.2006,0.0096,0.0038,9.8066,-0.018,0.056,0.0141,-19.31,-33.62,19.94,301.93,-82.62,173.44
52.375496,-1.558662,142.61,14.16,3,114.74,18 / 20,4602310,2019-09-06 20:36:48:053,0.8219,0.3342,9.5116,0.0093,-0.0135,9.8066,-0.0809,0.0469,-0.0016,-20.12,-33.94,20.25,300.51,-82.58,173.46
52.375496,-1.558662,142.61,14.16,3,114.74,19 / 21,4602410,2019-09-06 20:36:48:153,-0.6852,0.6801,9.7441,-0.0187,0.0105,9.8065,0.1184,0.0522,-0.0028,-19.81,-34.25,19.75,300.61,-82.71,173.4
52.375496,-1.558662,142.61,14.16,3,114.74,19 / 21,4602510,2019-09-06 20:36:48:253,0.2509,-0.3084,10.5356,-0.0154,0.0152,9.8066,0.1368,-0.0246,0.0149,-19.81,-33.75,19.31,298.37,-82.66,173.05
52.375496,-1.558662,142.61,14.16,3,114.74,19 / 21,4602610,2019-09-06 20:36:48:353,0.8214,0.3852,10.69,0.0017,0.0008,9.8066,0.0922,-0.0024,0.0063,-19.75,-34,19.81,299.89,-82.49,172.99
52.375496,-1.558662,142.61,14.16,3,114.74,19 / 21,4602710,2019-09-06 20:36:48:453,1.0468,-0.8642,10.5778,-0.0276,0.0087,9.8066,0.0641,0.0628,-0.0122,-19.37,-33.75,19.5,302.04,-82.38,173.82
52.375496,-1.558662,142.61,14.16,3,114.74,19 / 21,4602809,2019-09-06 20:36:48:552,-0.2727,0.3384,8.9835,0.0232,-0.0194,9.8066,-0.1865,0.0536,0.0239,-20.06,-34.06,19.5,301.81,-82.29,174.97
52.375496,-1.558662,142.61,14.16,3,114.74,19 / 21,4602910,2019-09-06 20:36:48:653,-1.0166,1.0771,9.6039,-0.0513,0.0408,9.8064,-0.1447,0.0011,0.0126,-19.62,-33.94,20.06,301.72,-82.06,175.14
52.375496,-1.558662,142.61,14.16,3,114.74,19 / 21,4603009,2019-09-06 20:36:48:752,-0.5363,0.0775,9.2894,-0.0143,0.0136,9.8066,0.1627,0.0688,-0.0659,-19.81,-33.94,20,301.29,-82.26,174.52
52.375496,-1.558662,142.61,14.16,3,114.74,19 / 21,4603109,2019-09-06 20:36:48:852,-0.3568,0.7713,9.7983,-0.006,0.0185,9.8066,0.1633,0.0485,-0.0131,-19.56,-34.25,19.75,300.03,-82.14,173.5
52.375496,-1.558662,142.61,14.16,3,114.74,19 / 21,4603210,2019-09-06 20:36:48:953,0.2157,0.3589,10.4958,-0.0051,0.0037,9.8066,0.018,0.0507,-0.0522,-19.37,-34.12,19.56,301.3,-81.96,173.62
52.375496,-1.558662,142.61,14.16,3,114.74,19 / 21,4603309,2019-09-06 20:36:49:052,0.0244,0.3525,10.5912,-0.0186,0.0112,9.8066,0.0273,0.0133,-0.021,-19.75,-34.12,19.81,299.59,-81.93,173.34
52.375496,-1.558662,142.61,14.16,3,114.74,18 / 21,4603409,2019-09-06 20:36:49:152,0.1297,0.3818,10.5971,0.0004,-0.0029,9.8065,-0.0884,0.0166,0.0392,-20.19,-34.06,19.88,299.78,-81.81,173.65
52.375496,-1.558662,142.61,14.16,3,114.74,18 / 21,4603510,2019-09-06 20:36:49:253,-0.6004,0.2501,9.9263,0.0176,-0.022,9.8066,-0.0634,0.0626,0.0535,-20.44,-33.37,19.75,300.63,-81.74,174.25
52.375496,-1.558662,142.61,14.16,3,114.74,18 / 21,4603609,2019-09-06 20:36:49:352,-0.2313,0.0876,9.4099,0.0197,-0.0231,9.8065,0.0621,0.0429,0.0419,-20.5,-33.75,19.63,301.33,-81.5,175.41
52.375496,-1.558662,142.61,14.16,3,114.74,18 / 21,4603710,2019-09-06 20:36:49:453,-0.9901,0.9667,10.0476,-0.0311,0.0116,9.8066,-0.004,0.0312,-0.0429,-20.69,-33.56,19.31,299.12,-81.84,175.86
52.375496,-1.558662,142.61,14.16,3,114.74,18 / 21,4603810,2019-09-06 20:36:49:553,-0.1692,0.6792,10.2677,-0.017,0.0217,9.8066,-0.0573,0.0074,-0.0052,-20.44,-33.37,20.06,301.99,-81.87,175.36
52.375496,-1.558662,142.61,14.16,3,114.74,18 / 21,4603910,2019-09-06 20:36:49:653,-0.6767,0.6596,10.2341,0.0213,-0.021,9.8066,-0.0188,0.0222,0.0196,-20.06,-33.56,20.13,301.42,-81.66,175.32
52.375496,-1.558662,142.61,14.16,3,114.74,18 / 21,4604010,2019-09-06 20:36:49:753,-0.0011,0.2206,10.0881,-0.0136,0.0001,9.8066,0.0088,0.0437,0.0335,-20.37,-33.56,19.63,302.09,-81.65,175.94
52.375496,-1.558662,142.61,14.16,3,114.74,18 / 21,4604109,2019-09-06 20:36:49:852,0.0986,-0.2374,10.2531,0.0187,-0.0146,9.8066,-0.0246,0.0674,-0.0008,-20.56,-33.56,19.56,301.87,-81.56,177.02
52.375496,-1.558662,142.61,14.16,3,114.74,18 / 21,4604210,2019-09-06 20:36:49:953,-0.8484,0.0222,9.5138,0.0145,-0.0224,9.8065,-0.0672,0.0386,0.0133,-20.44,-34.19,19.94,303.63,-81.46,177.54
52.375496,-1.558662,142.61,14.16,3,114.74,18 / 21,4604310,2019-09-06 20:36:50:053,-0.3036,0.3804,9.9643,-0.0126,-0.0015,9.8066,0.0062,-0.038,0.0285,-20.62,-34.12,19.75,302.85,-81.6,177.87
52.375496,-1.558662,142.61,14.16,3,114.74,18 / 19,4604410,2019-09-06 20:36:50:153,-1.1874,0.1884,10.1149,-0.0244,0.0159,9.8066,-0.0661,0.0031,-0.0285,-20.75,-33.31,19.88,303.92,-81.62,178.56
52.375496,-1.558662,142.61,14.16,3,114.74,18 / 19,4604509,2019-09-06 20:36:50:252,0.1596,0.7411,9.4231,0.0328,-0.0082,9.8066,-0.0012,0.0674,-0.0013,-20.37,-33.44,19.69,304.07,-81.54,177.6
52.375496,-1.558662,142.61,14.16,3,114.74,18 / 19,4604610,2019-09-06 20:36:50:353,-0.9995,0.2391,9.9811,0.013,-0.0136,9.8066,-0.0895,0.0275,-0.0011,-20.56,-33,19.25,300.7,-81.6,177.32
52.375496,-1.558662,142.61,14.16,3,114.74,18 / 19,4604710,2019-09-06 20:36:50:453,0.6314,-0.0004,9.8398,0.0257,-0.0045,9.8065,0.0034,-0.0219,-0.0093,-20.25,-33.56,20,303.17,-81.77,176.78
52.375496,-1.558662,142.61,14.16,3,114.74,18 / 19,4604810,2019-09-06 20:36:50:553,-1.0746,0.4825,10.422,-0.016,0.0147,9.8066,0.057,0.0005,-0.0394,-19.94,-33.69,19.63,302.4,-81.57,176.31
52.375496,-1.558662,142.61,14.16,3,114.74,18 / 19,4604909,2019-09-06 20:36:50:652,-0.3315,0.0998,9.6169,0.0088,0.0081,9.8065,0.0131,0.0024,0.0222,-20.94,-33.37,19.25,298.64,-81.52,175.51
52.375496,-1.558662,142.61,14.16,3,114.74,18 / 19,4605009,2019-09-06 20:36:50:752,-0.256,-0.3986,9.8044,0.0134,-0.0117,9.8066,-0.0203,-0.0124,0.0311,-20.37,-34.25,19.5,301.36,-81.38,175.57
52.375496,-1.558662,142.61,14.16,3,114.74,18 / 19,4605110,2019-09-06 20:36:50:853,-0.4282,-0.8848,9.7992,-0.0198,0.0166,9.8066,0.0208,-0.0565,0.0007,-20.56,-34.12,19.63,300.31,-81.63,175.51
52.375496,-1.558662,142.61,14.16,3,114.74,18 / 19,4605210,2019-09-06 20:36:50:953,-0.2682,0.6416,10.0196,-0.0022,0.01,9.8066,0.0736,-0.0448,0.0226,-20.44,-33.44,19.13,299.93,-81.69,175.35
52.375496,-1.558662,142.61,14.16,3,114.74,18 / 19,4605310,2019-09-06 20:36:51:053,-0.1133,0.2355,10.3667,0.0015,0.0035,9.8066,0.1788,-0.006,-0.0296,-20.25,-33.75,18.88,299.1,-81.7,174.83
52.375496,-1.558662,142.61,14.16,3,114.74,18 / 19,4605410,2019-09-06 20:36:51:153,0.806,-0.4461,10.2591,0.0098,-0.009,9.8066,-0.0788,-0.0256,0.0666,-20.37,-33.75,19.81,300.89,-81.49,175.03
52.375496,-1.558662,142.61,14.16,3,114.74,18 / 19,4605509,2019-09-06 20:36:51:252,0.0071,-0.4384,10.2893,0.0156,-0.0215,9.8065,0.0509,0.0336,0.0331,-20.75,-33.75,19.75,300.06,-81.28,175.67
52.375496,-1.558662,142.61,14.16,3,114.74,18 / 19,4605610,2019-09-06 20:36:51:353,0.274,-0.1052,10.4954,0.0201,-0.0157,9.8066,-0.1398,-0.0072,-0.032,-19.94,-33.94,20.38,301.61,-81.2,176
52.375496,-1.558662,142.61,14.16,3,114.74,18 / 19,4605710,2019-09-06 20:36:51:453,-0.3988,0.2852,9.5071,0.0315,-0.0173,9.8065,-0.1201,0.0173,0.0068,-20.44,-33.31,19.88,301.56,-81.29,175.58
52.375496,-1.558662,142.61,14.16,3,114.74,18 / 19,4605810,2019-09-06 20:36:51:553,-0.7984,0.0819,10.1318,0.0343,-0.0247,9.8065,0.0888,0.0037,-0.0167,-20.56,-33.62,19.56,299.4,-81.07,175.31
52.375496,-1.558662,142.61,14.16,3,114.74,18 / 19,4605910,2019-09-06 20:36:51:653,-0.5418,0.2,10.1807,0.0007,0.0074,9.8066,0.0418,-0.0013,-0.0649,-20.56,-33.94,19.69,298.27,-81.19,174.13
52.375496,-1.558662,142.61,14.16,3,114.74,18 / 19,4606010,2019-09-06 20:36:51:753,0.8036,-0.216,9.3957,0.0028,0.0183,9.8065,0.0298,-0.0066,-0.0081,-19.5,-33.69,19.75,300,-81.04,173.5
52.375496,-1.558662,142.61,14.16,3,114.74,18 / 19,4606109,2019-09-06 20:36:51:852,-1.2875,0.3254,9.0841,0,0.0187,9.8066,-0.0535,-0.0101,-0.0059,-19.75,-33.94,19.5,296.83,-81.05,171.82
52.375496,-1.558662,142.61,14.16,3,114.74,18 / 19,4606209,2019-09-06 20:36:51:952,0.2654,-0.129,9.0366,-0.0092,0.014,9.8065,0.0576,-0.0208,-0.0238,-19.81,-34.25,20,296.05,-81.07,171.07
52.375496,-1.558662,142.61,14.16,3,114.74,18 / 19,4606310,2019-09-06 20:36:52:053,-0.1448,-0.6164,10.268,-0.0287,0.0227,9.8065,0.1159,-0.0612,-0.0012,-19.75,-33.75,19.44,293.32,-81.13,170.19
52.375496,-1.558662,142.61,14.16,3,114.74,17 / 20,4606410,2019-09-06 20:36:52:153,0.0417,-0.923,10.474,-0.0384,0.023,9.8065,0.0161,-0.0047,0.0273,-19.75,-34.19,19.63,294.86,-81.45,169.53
52.375496,-1.558662,142.61,14.16,3,114.74,17 / 20,4606509,2019-09-06 20:36:52:252,0.5295,-0.5268,10.5638,0.0377,-0.0185,9.8065,-0.0099,-0.0456,0.0065,-19.81,-34.06,19.69,294.01,-81.07,169.18
52.375496,-1.558662,142.61,14.16,3,114.74,17 / 20,4606610,2019-09-06 20:36:52:353,0.2971,0.1021,9.982,0.0271,-0.0213,9.8065,-0.0553,-0.0911,0.0146,-19.5,-33.87,19.56,295.58,-80.98,169.52
52.375496,-1.558662,142.61,14.16,3,114.74,17 / 20,4606709,2019-09-06 20:36:52:452,-0.1324,-0.339,9.8704,-0.0026,-0.0081,9.8066,-0.1023,0.0291,-0.0258,-20,-34.37,20,294.64,-81.02,169.83
52.375496,-1.558662,142.61,14.16,3,114.74,17 / 20,4606809,2019-09-06 20:36:52:552,-0.6043,-0.0391,9.1299,0.0207,0,9.8066,0.0648,-0.0047,-0.0099,-20.12,-34.19,19.56,293.72,-81.06,168.92
52.375496,-1.558662,142.61,14.16,3,114.74,17 / 20,4606910,2019-09-06 20:36:52:653,-0.94,0.4338,9.583,-0.0146,0.0214,9.8065,-0.026,-0.0063,0.0325,-20,-34.19,19.5,293.43,-81.06,168.66
52.375496,-1.558662,142.61,14.16,3,114.74,17 / 20,4607010,2019-09-06 20:36:52:753,0.0825,-0.103,9.6731,-0.0052,0.0056,9.8066,0.045,-0.0199,-0.014,-19.56,-34.06,19.19,291,-81.15,168
52.375496,-1.558662,142.61,14.16,3,114.74,17 / 20,4607109,2019-09-06 20:36:52:852,-0.4464,-0.8201,10.1673,0.0044,0.0044,9.8066,-0.009,-0.0004,-0.0338,-20.12,-34.56,19.63,291.74,-81.14,167.28
52.375496,-1.558662,142.61,14.16,3,114.74,17 / 20,4607210,2019-09-06 20:36:52:953,1.0439,-1.0125,9.6436,0.0079,0.018,9.8066,-0.1023,-0.0155,-0.0601,-19.37,-34.19,19.44,289.97,-81.21,165.77
52.375496,-1.558662,142.61,14.16,3,114.74,17 / 20,4607310,2019-09-06 20:36:53:053,-0.7725,-0.4257,9.5672,0.0021,0.0199,9.8066,-0.0264,-0.0008,-0.0438,-19.25,-34.06,19.75,290.6,-81.18,164.65
52.375496,-1.558662,142.61,14.16,3,114.74,17 / 20,4607409,2019-09-06 20:36:53:152,-0.5563,-0.6181,10.1038,0.0169,-0.0004,9.8065,-0.0143,-0.0335,-0.0259,-19,-33.75,19.81,289.94,-81.15,164.07
52.375496,-1.558662,142.61,14.16,3,114.74,17 / 20,4607510,2019-09-06 20:36:53:253,-0.0024,0.4229,9.8621,0.0097,0.0039,9.8065,0.0146,-0.0675,0.0114,-18.87,-34.44,19.69,288.05,-81.02,162.45
52.375496,-1.558662,142.61,14.16,3,114.74,17 / 20,4607609,2019-09-06 20:36:53:352,-0.0883,-0.299,9.3244,0.0111,-0.0046,9.8066,-0.0211,0.0273,-0.0739,-19.06,-34.56,19.63,287.39,-80.94,162.25
52.375496,-1.558662,142.61,14.16,3,114.74,17 / 20,4607710,2019-09-06 20:36:53:453,0.4814,-1.1283,9.67,0.0074,0.0118,9.8066,-0.0927,-0.0596,-0.0019,-18.69,-34.37,19.56,286.34,-80.94,160.93
52.375496,-1.558662,142.61,14.16,3,114.74,17 / 20,4607810,2019-09-06 20:36:53:553,-0.8504,0.5699,9.6434,0.0145,0.0146,9.8066,-0.1477,0.0216,-0.1108,-18.31,-34.31,19.5,286.39,-81.03,159.59
52.375496,-1.558662,142.61,14.16,3,114.74,17 / 20,4607910,2019-09-06 20:36:53:653,-0.7307,0.5971,9.6955,-0.0045,0.0126,9.8066,0.0442,-0.0426,0.003,-18.44,-34.37,19.94,285.18,-81.13,158.3
52.375496,-1.558662,142.61,14.16,3,114.74,17 / 20,4608010,2019-09-06 20:36:53:753,-0.2327,-1.3416,9.8449,0.0287,-0.0087,9.8066,0.0934,-0.0772,0.0589,-18.62,-34.75,19.75,282.3,-80.96,157.35
52.375496,-1.558662,142.61,14.16,3,114.74,17 / 20,4608110,2019-09-06 20:36:53:853,-0.3319,-0.0874,10.0275,-0.0161,0.0054,9.8066,-0.0233,-0.0421,0.0234,-18.37,-34.69,20.13,284.27,-80.86,158.13
52.375496,-1.558662,142.61,14.16,3,114.74,17 / 20,4608210,2019-09-06 20:36:53:953,-1.0604,-0.4576,9.9472,-0.0229,0.0042,9.8066,0.022,-0.03,-0.0131,-18.25,-34.12,20,285.76,-80.95,159.1
52.375496,-1.558662,142.61,14.16,3,114.74,17 / 20,4608310,2019-09-06 20:36:54:053,-0.9859,-0.2003,10.397,-0.0109,0.002,9.8066,0.0811,-0.0678,0.0085,-18.81,-34,20.13,284.47,-80.98,159.09
52.375496,-1.558662,142.61,14.16,3,114.74,17 / 20,4608410,2019-09-06 20:36:54:153,-0.0256,-1.7868,9.8218,0.0061,0.0069,9.8066,-0.0187,-0.0303,-0.0553,-18.19,-34.37,20.19,285.42,-80.85,158.9
52.375496,-1.558662,142.61,14.16,3,114.74,17 / 20,4608510,2019-09-06 20:36:54:253,-0.0196,-1.2538,9.7681,0.0052,0.0112,9.8066,-0.0213,0.0069,-0.0247,-18.19,-34.5,20.5,286.52,-80.67,158.48
52.375496,-1.558662,142.61,14.16,3,114.74,17 / 20,4608610,2019-09-06 20:36:54:353,0.7038,-1.2498,9.6639,-0.0238,0.032,9.8066,0.0196,-0.0228,-0.0202,-18,-34.31,20.44,283.05,-80.74,156.77
52.375496,-1.558662,142.61,14.16,3,114.74,17 / 20,4608709,2019-09-06 20:36:54:452,-0.6316,-0.1896,10.0199,0.0131,-0.0107,9.8066,-0.0494,-0.0879,0.028,-17.87,-34.19,20.31,282.02,-80.78,155.73
52.375496,-1.558662,142.61,14.16,3,114.74,17 / 20,4608810,2019-09-06 20:36:54:553,-0.3851,-0.577,9.7956,0.0045,-0.0094,9.8066,0.0116,-0.0806,0.0404,-17.56,-33.81,20.13,282.23,-80.87,155.81
52.375496,-1.558662,142.61,14.16,3,114.74,17 / 20,4608910,2019-09-06 20:36:54:653,0.0941,-0.322,9.8792,-0.0094,-0.0166,9.8066,-0.0318,-0.1101,0.0758,-18.25,-34.31,20.63,285.92,-80.81,157.73
52.375496,-1.558662,142.61,14.16,3,114.74,17 / 20,4609010,2019-09-06 20:36:54:753,-0.2025,-2.2284,10.1079,-0.0078,-0.0148,9.8065,0.0701,0.0054,0.0422,-18.5,-34,20.5,287.38,-80.83,159.09
52.375496,-1.558662,142.61,14.16,3,114.74,17 / 20,4609109,2019-09-06 20:36:54:852,-1.4555,0.5358,10.2942,0.0244,-0.0174,9.8066,-0.0151,-0.0567,-0.0154,-18.37,-33.94,20.94,288.68,-80.82,160.34
52.375496,-1.558662,142.61,14.16,3,114.74,17 / 20,4609210,2019-09-06 20:36:54:953,-1.7471,-1.3278,10.0972,0.0137,-0.0222,9.8066,-0.0742,-0.1014,0.0313,-18.5,-34.31,21.5,291.08,-80.67,161.17
52.375496,-1.558662,142.61,14.16,3,114.74,17 / 20,4609310,2019-09-06 20:36:55:053,-0.2386,-1.2192,9.1355,-0.0099,0.0154,9.8065,0.0253,-0.019,0.0174,-18.81,-33.81,20.5,287.62,-80.76,160.69
52.375496,-1.558662,142.61,14.16,3,114.74,17 / 19,4609409,2019-09-06 20:36:55:152,-1.0658,-0.0799,9.595,0.0158,-0.0094,9.8066,0.0149,0.0182,-0.0033,-18.44,-33.75,21,289.14,-80.63,161.02
52.375496,-1.558662,142.61,14.16,3,114.74,17 / 19,4609510,2019-09-06 20:36:55:253,-0.3843,-1.3676,10.1076,-0.0009,0.0075,9.8066,0.0031,-0.0681,0.0013,-18.37,-34.12,21.63,289.51,-80.64,159.73
52.375496,-1.558662,142.61,14.16,3,114.74,17 / 19,4609610,2019-09-06 20:36:55:353,-0.4741,-0.6548,9.6869,-0.016,0.0143,9.8066,-0.0023,-0.0473,-0.0069,-17.81,-34.06,21.81,289.26,-80.72,159.4
52.375496,-1.558662,142.61,14.16,3,114.74,17 / 19,4609710,2019-09-06 20:36:55:453,-0.8009,-0.313,9.6225,-0.019,0.0197,9.8066,0.0313,-0.0945,0.0015,-17.37,-34.06,21.19,289.16,-80.64,159.67
52.375496,-1.558662,142.61,14.16,3,114.74,17 / 19,4609810,2019-09-06 20:36:55:553,-0.1598,-0.5619,10.6131,-0.0048,-0.0004,9.8066,0.021,-0.0187,-0.0648,-17.62,-33.69,21.25,287.72,-80.72,159.56
52.375496,-1.558662,142.61,14.16,3,114.74,17 / 19,4609910,2019-09-06 20:36:55:653,-0.0888,-1.3375,10.4328,0.0082,-0.0082,9.8065,-0.0883,-0.0654,-0.0053,-18.25,-34.12,22.06,289.68,-80.62,159.92
52.375496,-1.558662,142.61,14.16,3,114.74,17 / 19,4610009,2019-09-06 20:36:55:752,0.123,-2.2015,10.3859,-0.0054,0.0032,9.8066,-0.0531,-0.0905,0.0303,-17.75,-34.06,22.56,291.07,-80.65,159.66
52.375496,-1.558662,142.61,14.16,3,114.74,17 / 19,4610110,2019-09-06 20:36:55:853,-0.5621,0.0531,9.5603,0.0087,0.0044,9.8066,0.1118,-0.0185,-0.0058,-17.56,-34.44,21.75,288.92,-80.69,159.12
52.375496,-1.558662,142.61,14.16,3,114.74,17 / 19,4610210,2019-09-06 20:36:55:953,-0.5449,-1.2075,9.468,0.0041,0.0026,9.8066,0.0645,-0.0941,-0.014,-17.37,-33.62,22.19,289.85,-80.65,158.69
52.375496,-1.558662,142.61,14.16,3,114.74,17 / 19,4610309,2019-09-06 20:36:56:052,0.4263,-0.3328,10.1883,0,0.0099,9.8065,0.02,0.0158,-0.0455,-17.31,-34.56,21.94,288.24,-80.55,157.63
52.37511,-1.556952,140.44,14.07,4,114.7,17 / 20,4610410,2019-09-06 20:36:56:153,-0.9806,-1.0467,10.0775,0.0077,0.0073,9.8066,0.118,-0.1376,0.0405,-17.19,-34.37,22.69,289.35,-80.46,156.91
52.37511,-1.556952,140.44,14.07,4,114.7,17 / 20,4610509,2019-09-06 20:36:56:252,-0.7304,-0.7979,9.8482,0.0113,-0.0025,9.8066,0.0336,-0.0472,-0.0055,-17.44,-33.81,22.63,289.22,-80.29,157.01
52.37511,-1.556952,140.44,14.07,4,114.7,17 / 20,4610610,2019-09-06 20:36:56:353,-0.0327,-0.7251,9.5973,0.0016,-0.0038,9.8066,0.0553,-0.0772,0.0364,-17.19,-33.94,23.06,289.76,-80.26,157.55
52.37511,-1.556952,140.44,14.07,4,114.7,17 / 20,4610710,2019-09-06 20:36:56:453,-0.4821,-0.2106,9.3986,0.0059,-0.0057,9.8066,0.0329,-0.0618,-0.0026,-16.94,-34.06,22.63,290.23,-80.26,157.99
52.37511,-1.556952,140.44,14.07,4,114.7,17 / 20,4610809,2019-09-06 20:36:56:552,-0.9172,-0.8426,9.4549,-0.0023,0.0018,9.8066,-0.0953,-0.0788,-0.0304,-17,-34.62,22.69,289.75,-80.37,157.73
52.37511,-1.556952,140.44,14.07,4,114.7,17 / 20,4610910,2019-09-06 20:36:56:653,-0.5812,-0.7464,9.0129,0.0037,0.0127,9.8066,-0.019,-0.0128,-0.0323,-16.62,-34.25,22.31,287.49,-80.43,156.74
52.37511,-1.556952,140.44,14.07,4,114.7,17 / 20,4611010,2019-09-06 20:36:56:753,-0.7964,-0.5455,10.1673,-0.0021,0.0138,9.8066,-0.0615,-0.0396,0.0318,-16.5,-34.62,22.56,288.83,-80.44,155.37
52.37511,-1.556952,140.44,14.07,4,114.7,17 / 20,4611109,2019-09-06 20:36:56:852,-0.9053,-0.5165,9.6111,-0.0078,0.0022,9.8065,0.0998,-0.0138,-0.0337,-16.81,-33.75,23.06,287.62,-80.46,155.29
52.37511,-1.556952,140.44,14.07,4,114.7,17 / 20,4611209,2019-09-06 20:36:56:952,0.4163,-0.8916,10.3518,0.0061,-0.0059,9.8066,0.0619,-0.0637,0.0507,-16.69,-34,22.5,288.09,-80.36,155.85
52.37511,-1.556952,140.44,14.07,4,114.7,17 / 20,4611309,2019-09-06 20:36:57:052,-0.7029,-0.9029,10.4475,-0.0131,-0.0048,9.8066,0.0351,-0.0494,0.0304,-16.81,-33.56,23.19,288.92,-80.37,156.63
52.37511,-1.556952,140.44,14.07,4,114.7,17 / 20,4611410,2019-09-06 20:36:57:153,-0.5766,-0.1065,9.5874,-0.0114,0.0092,9.8065,-0.0635,-0.0313,-0.0186,-16.87,-34.19,22.44,287.69,-80.25,157.15
52.37511,-1.556952,140.44,14.07,4,114.7,17 / 20,4611509,2019-09-06 20:36:57:252,-0.4495,-1.1335,10.467,-0.0109,-0.0008,9.8066,0.0347,-0.0026,0.0381,-16.94,-34.19,23.31,289.82,-80.28,157.57
52.37511,-1.556952,140.44,14.07,4,114.7,17 / 20,4611610,2019-09-06 20:36:57:353,0.2613,-1.5528,10.5816,0.0244,-0.0139,9.8065,0.0916,-0.0282,-0.0057,-17.31,-33.62,22.94,289.63,-80.31,157.36
52.37511,-1.556952,140.44,14.07,4,114.7,17 / 20,4611710,2019-09-06 20:36:57:453,0.1967,-0.4545,9.9873,0.0081,-0.0069,9.8066,-0.0425,-0.0683,0.0187,-16.87,-33.94,23.38,289.44,-80.19,157.33
52.37511,-1.556952,140.44,14.07,4,114.7,17 / 20,4611810,2019-09-06 20:36:57:553,-1.051,-0.3117,9.978,-0.0021,0.0143,9.8066,0.067,-0.0714,-0.0667,-17.12,-33.62,22.94,288.86,-80.27,156.7
52.37511,-1.556952,140.44,14.07,4,114.7,17 / 20,4611910,2019-09-06 20:36:57:653,0.6442,-1.4502,10.1643,0.0021,0,9.8066,-0.1025,-0.0683,0.0249,-16.62,-34.44,23.19,288.29,-80.32,156.09
52.37511,-1.556952,140.44,14.07,4,114.7,17 / 20,4612010,2019-09-06 20:36:57:753,-0.5483,0.4213,10.156,0.0087,0.0058,9.8066,-0.0958,-0.0011,-0.0565,-17.19,-34.19,22.69,287.63,-80.33,155.46
52.37511,-1.556952,140.44,14.07,4,114.7,17 / 20,4612109,2019-09-06 20:36:57:852,-0.2576,-1.7222,9.8852,0.0377,-0.0536,9.8063,-0.1911,-0.0342,-0.0135,-16.62,-34.12,23.31,289.15,-80.07,157.21
52.37511,-1.556952,140.44,14.07,4,114.7,17 / 20,4612209,2019-09-06 20:36:57:952,-0.461,0.0638,9.4321,0.0376,-0.0478,9.8064,-0.1084,-0.0536,0.0692,-16.75,-34.12,23.81,291.17,-80.17,157.51
52.37511,-1.556952,140.44,14.07,4,114.7,17 / 20,4612310,2019-09-06 20:36:58:053,-1.337,-2.0889,9.2752,-0.0592,0.0565,9.8063,0.0541,0.1041,-0.0627,-17.31,-33.69,23.69,291.39,-80.62,157.18
52.37511,-1.556952,140.44,14.07,4,114.7,17 / 19,4612410,2019-09-06 20:36:58:153,-0.5364,0.8648,10.0933,-0.0315,-0.0053,9.8066,0.0835,-0.0695,0.0776,-17.06,-33.87,23.63,293.16,-80.52,158.96
52.37511,-1.556952,140.44,14.07,4,114.7,17 / 19,4612510,2019-09-06 20:36:58:253,0.3083,-0.8765,9.6537,-0.0015,-0.0242,9.8066,-0.0573,-0.0978,0.1,-17.06,-34.12,23.5,293.46,-80.48,159.28
52.37511,-1.556952,140.44,14.07,4,114.7,17 / 19,4612609,2019-09-06 20:36:58:352,-0.4204,0.6053,9.3155,0.0071,-0.0263,9.8065,-0.2286,0.041,0.0156,-17.31,-34.56,23.25,293.81,-80.36,161.52
52.37511,-1.556952,140.44,14.07,4,114.7,17 / 19,4612710,2019-09-06 20:36:58:453,-1.2105,0.337,9.2873,-0.0134,0.0014,9.8066,0.1477,0.0201,-0.0156,-17.44,-34.12,24,297.55,-80.53,163
52.37511,-1.556952,140.44,14.07,4,114.7,17 / 19,4612810,2019-09-06 20:36:58:553,-0.344,-1.1454,9.5813,-0.0086,-0.0162,9.8066,0.1344,-0.0975,0.1121,-16.69,-33.94,23.38,297.44,-80.67,164.18
52.37511,-1.556952,140.44,14.07,4,114.7,17 / 19,4612909,2019-09-06 20:36:58:652,-0.2321,-1.3665,9.4752,-0.0138,0.0035,9.8066,-0.3227,0.0092,-0.0225,-17.56,-33.87,23.63,298.7,-80.8,165.12
52.37511,-1.556952,140.44,14.07,4,114.7,17 / 19,4613009,2019-09-06 20:36:58:752,-0.2689,-0.0734,9.8981,-0.0007,-0.0195,9.8066,-0.1202,-0.0433,0.0682,-17.25,-33.69,23.38,299.94,-80.89,166.2
52.37511,-1.556952,140.44,14.07,4,114.7,17 / 19,4613109,2019-09-06 20:36:58:852,-0.7521,-0.3532,7.4143,0.002,-0.0107,9.8066,-0.1559,-0.0149,0.0374,-17.87,-34.12,23.25,298.39,-80.96,166.09
52.37511,-1.556952,140.44,14.07,4,114.7,17 / 19,4613209,2019-09-06 20:36:58:952,-0.7705,3.0765,9.9681,0.0959,-0.0945,9.8057,-0.2457,0.0965,-0.0605,-17.31,-33.31,22.94,301.29,-80.64,167.42
52.37511,-1.556952,140.44,14.07,4,114.7,17 / 19,4613310,2019-09-06 20:36:59:053,-0.1537,0.6651,10.595,-0.069,0.0446,9.8062,0.4226,-0.0673,0.0703,-17.56,-33.94,23.63,301.82,-81.25,167.48
52.37511,-1.556952,140.44,14.07,4,114.7,17 / 20,4613410,2019-09-06 20:36:59:153,-0.3912,0.0626,9.1454,-0.0373,0.0385,9.8065,0.2326,0.0294,-0.0102,-17.31,-33.62,23.69,303.55,-80.84,168.11
52.37511,-1.556952,140.44,14.07,4,114.7,17 / 20,4613509,2019-09-06 20:36:59:252,0.0593,-0.0608,10.3457,-0.0326,0.0018,9.8065,-0.0628,0.0056,0.0125,-18.12,-32.94,24,304.89,-80.78,170.49
52.37511,-1.556952,140.44,14.07,4,114.7,17 / 20,4613610,2019-09-06 20:36:59:353,-2.2651,0.8487,9.1631,-0.035,0.0102,9.8065,-0.3114,-0.0088,0.0493,-18.25,-34.25,23.75,305.13,-80.94,170.81
52.37511,-1.556952,140.44,14.07,4,114.7,17 / 20,4613709,2019-09-06 20:36:59:452,-1.1005,0.2703,9.8118,-0.0121,0.0213,9.8066,0.0792,0.0563,-0.0919,-18,-34,23.94,306.2,-80.95,171.75
52.37511,-1.556952,140.44,14.07,4,114.7,17 / 20,4613810,2019-09-06 20:36:59:553,0.71,-1.0773,10.3417,-0.0155,0.0092,9.8066,0.2118,-0.0415,0.0491,-17.94,-33.44,24.06,306.33,-81.07,171.51
52.37511,-1.556952,140.44,14.07,4,114.7,17 / 20,4613910,2019-09-06 20:36:59:653,0.8499,-0.47,10.2945,-0.0064,0.0006,9.8066,0.0167,0.0242,0.0032,-18.25,-33.62,24,306.83,-80.88,172.38
52.37511,-1.556952,140.44,14.07,4,114.7,17 / 20,4614009,2019-09-06 20:36:59:752,-1.4198,0.2218,10.4729,-0.01,0.0053,9.8066,0.1281,0.078,-0.0513,-17.87,-33.81,23.5,306.76,-80.81,172.39
52.37511,-1.556952,140.44,14.07,4,114.7,17 / 20,4614110,2019-09-06 20:36:59:853,-0.1555,-0.1077,10.6407,-0.0005,0.0041,9.8066,0.0534,0.038,0.0003,-17.69,-33.81,23.13,305.16,-80.87,172.31
52.37511,-1.556952,140.44,14.07,4,114.7,17 / 20,4614210,2019-09-06 20:36:59:953,-0.1491,0.7001,10.1595,-0.0242,0.0253,9.8065,-0.0766,0.0295,0.0068,-18.19,-33.75,23.25,305.18,-80.96,172.24
52.37511,-1.556952,140.44,14.07,4,114.7,17 / 20,4614310,2019-09-06 20:37:00:053,-0.3181,0.2113,10.0918,0.0113,-0.0221,9.8066,0.0103,0.0453,0.0804,-18.06,-33.94,22.56,306.01,-80.92,173.02
52.37511,-1.556952,140.44,14.07,4,114.7,17 / 20,4614409,2019-09-06 20:37:00:152,0.0024,0.7658,10.0689,-0.011,-0.0018,9.8066,0.0151,0.0304,-0.0505,-18.06,-34.25,23.56,307.83,-80.79,173.36
52.37511,-1.556952,140.44,14.07,4,114.7,17 / 20,4614510,2019-09-06 20:37:00:253,0.275,0.1022,10.081,-0.0116,0.0119,9.8066,0.003,0.0312,0.0256,-18.31,-33.62,24,308,-80.78,173.52
52.37511,-1.556952,140.44,14.07,4,114.7,17 / 20,4614609,2019-09-06 20:37:00:352,-0.5911,-0.9736,10.53,0.0138,-0.0394,9.8066,-0.0495,0.0072,0.0548,-19,-33.94,23.06,305.65,-80.78,174.17
52.37511,-1.556952,140.44,14.07,4,114.7,17 / 20,4614709,2019-09-06 20:37:00:452,1.4005,-0.7169,9.3243,0.0075,-0.0208,9.8066,-0.0721,0.0873,-0.0134,-19,-34.44,23.56,308.7,-80.69,175.57
52.37511,-1.556952,140.44,14.07,4,114.7,17 / 20,4614810,2019-09-06 20:37:00:553,0.4311,0.1365,10.579,0.0183,-0.037,9.8065,-0.0514,0.0395,0.03,-18.06,-34.06,23.69,311.45,-80.56,176.77
52.37511,-1.556952,140.44,14.07,4,114.7,17 / 20,4614909,2019-09-06 20:37:00:652,-0.5439,1.0251,9.6028,0.0017,-0.0127,9.8066,-0.025,0.0296,-0.0174,-18.75,-33.87,23.19,309.3,-80.7,177.49
52.37511,-1.556952,140.44,14.07,4,114.7,17 / 20,4615009,2019-09-06 20:37:00:752,-0.1225,0.0601,9.1763,0.0054,-0.0121,9.8066,-0.0822,-0.0203,0.0248,-18.69,-34.37,23.13,309.68,-80.7,177.83
52.37511,-1.556952,140.44,14.07,4,114.7,17 / 20,4615110,2019-09-06 20:37:00:853,-0.3884,0.8396,9.5118,-0.013,0.0172,9.8066,-0.0306,0.0378,-0.0075,-18.69,-33.75,22.88,310.18,-80.76,178.21
52.37511,-1.556952,140.44,14.07,4,114.7,17 / 20,4615209,2019-09-06 20:37:00:952,-0.43,1.1383,9.8405,0.0009,-0.0004,9.8066,-0.0317,0.0843,-0.0214,-18.94,-34,23.13,309.87,-80.84,177.86
52.37511,-1.556952,140.44,14.07,4,114.7,17 / 20,4615310,2019-09-06 20:37:01:053,0.1213,1.2141,10.2283,0.0257,-0.0158,9.8066,0.0536,0.0788,-0.0583,-18.87,-34.44,22.88,309.38,-80.69,177.56
52.37511,-1.556952,140.44,14.07,4,114.7,18 / 19,4615409,2019-09-06 20:37:01:152,-0.4104,-0.0288,10.5381,-0.0166,0.0078,9.8066,0.0894,-0.0018,0.0432,-19.12,-34.25,23.63,311.37,-80.66,177.95
52.37511,-1.556952,140.44,14.07,4,114.7,18 / 19,4615510,2019-09-06 20:37:01:253,0.273,0.8015,9.1379,-0.0035,0.0036,9.8066,-0.0297,0.0467,0.0327,-19.06,-33.94,23.56,311.53,-80.58,178.17
52.37511,-1.556952,140.44,14.07,4,114.7,18 / 19,4615609,2019-09-06 20:37:01:352,0.0777,0.895,9.1308,-0.0357,0.0072,9.8065,-0.0868,0.0778,-0.0079,-18.37,-33.69,23.56,313.44,-80.56,178.51
52.37511,-1.556952,140.44,14.07,4,114.7,18 / 19,4615710,2019-09-06 20:37:01:453,-0.1855,0.2756,9.6108,-0.0082,0.0064,9.8066,0.0003,-0.0008,-0.0412,-19,-33.75,23,311.77,-80.82,179.54
52.37511,-1.556952,140.44,14.07,4,114.7,18 / 19,4615810,2019-09-06 20:37:01:553,-0.1558,0.1365,9.5616,-0.0066,0.0159,9.8066,0.0657,-0.0069,0.0063,-18.87,-33.81,23.25,311.37,-80.99,179.04
52.37511,-1.556952,140.44,14.07,4,114.7,18 / 19,4615910,2019-09-06 20:37:01:653,-1.0105,0.5098,11.2056,-0.0127,0.0186,9.8066,0.3116,0.0404,-0.0152,-19.25,-33.56,22.81,310.95,-80.95,178.7
52.37511,-1.556952,140.44,14.07,4,114.7,18 / 19,4616010,2019-09-06 20:37:01:753,1.7335,-0.7881,10.7573,-0.0233,0.0125,9.8065,0.2889,-0.0003,-0.0269,-19,-33.62,23.94,312.4,-80.92,178.62
52.37511,-1.556952,140.44,14.07,4,114.7,18 / 19,4616110,2019-09-06 20:37:01:853,0.6522,-1.2918,10.3681,-0.0051,0.0373,9.8066,-0.2527,0.0696,0.0007,-18.5,-33.56,22.69,311.52,-80.91,177.89
52.37511,-1.556952,140.44,14.07,4,114.7,18 / 19,4616210,2019-09-06 20:37:01:953,-0.8838,0.3541,9.8006,0.037,-0.0216,9.8065,-0.1296,-0.0189,-0.0123,-19.06,-33.19,22.5,309.33,-81.06,176.93
52.37511,-1.556952,140.44,14.07,4,114.7,18 / 19,4616309,2019-09-06 20:37:02:052,0.0275,0.9223,9.5798,0.036,-0.0093,9.8065,-0.0168,0.0285,-0.0403,-19,-34.19,22.31,305.83,-80.84,175.75
52.37511,-1.556952,140.44,14.07,4,114.7,18 / 20,4616410,2019-09-06 20:37:02:153,0.4138,0.9798,9.2999,-0.0199,0.0077,9.8065,-0.0109,-0.0456,-0.0319,-18.62,-33.81,23.38,307.41,-80.79,175.72
52.37511,-1.556952,140.44,14.07,4,114.7,18 / 20,4616509,2019-09-06 20:37:02:252,1.1368,-0.3963,10.093,-0.0227,0.0162,9.8065,0.0968,0.0019,0.0724,-18.37,-33.25,22.63,309.55,-80.69,176.14
52.37511,-1.556952,140.44,14.07,4,114.7,18 / 20,4616610,2019-09-06 20:37:02:353,0.1423,1.9589,9.8344,0.0008,-0.0255,9.8066,-0.0696,0.1604,-0.0835,-19,-33.25,22.75,309.68,-80.77,177.52
52.37511,-1.556952,140.44,14.07,4,114.7,18 / 20,4616710,2019-09-06 20:37:02:453,0.2596,-0.215,9.8181,-0.0137,0.0089,9.8066,-0.1261,0.0115,0.0041,-18.87,-33.37,22.94,309.95,-81.05,177.49
52.37511,-1.556952,140.44,14.07,4,114.7,18 / 20,4616810,2019-09-06 20:37:02:553,0.3205,0.2289,9.229,0.0343,-0.0159,9.8065,-0.143,-0.036,0.0176,-18.69,-33.44,22.31,309.48,-81.12,178.46
52.37511,-1.556952,140.44,14.07,4,114.7,18 / 20,4616910,2019-09-06 20:37:02:653,-0.281,0.5032,9.134,0.0346,-0.0321,9.8064,0.0737,0.0064,0.0159,-19,-32.87,21.81,308.96,-80.79,178.32
52.37511,-1.556952,140.44,14.07,4,114.7,18 / 20,4617010,2019-09-06 20:37:02:753,-1.9033,1.6194,10.0883,-0.0299,0.0329,9.8065,0.1571,0.0741,-0.0341,-18.06,-33.12,21.88,310.33,-81.02,177.97
52.37511,-1.556952,140.44,14.07,4,114.7,18 / 20,4617110,2019-09-06 20:37:02:853,-0.1652,0.7584,10.72,0.0548,-0.0463,9.8064,-0.1275,0.041,-0.0309,-18.19,-33,22,309.44,-81.07,177.13
52.37511,-1.556952,140.44,14.07,4,114.7,18 / 20,4617210,2019-09-06 20:37:02:953,2.1061,1.795,9.9385,-0.0352,0.031,9.8065,0.3446,0.1289,-0.1501,-18.69,-32.75,22.81,309.1,-80.98,176.8
52.37511,-1.556952,140.44,14.07,4,114.7,18 / 20,4617311,2019-09-06 20:37:03:054,1.2566,1.1609,9.9341,0.0432,-0.0349,9.8064,-0.2664,-0.0511,0.0827,-18.56,-32.62,22.38,306.46,-80.81,176.08
52.37511,-1.556952,140.44,14.07,4,114.7,19 / 20,4617409,2019-09-06 20:37:03:152,-0.1319,-0.9411,9.8215,0.007,-0.0144,9.8066,-0.0844,0.0958,-0.0242,-18.81,-33.37,22,307.54,-80.88,176.97
52.37511,-1.556952,140.44,14.07,4,114.7,19 / 20,4617510,2019-09-06 20:37:03:253,-0.4581,0.0491,9.9535,-0.0033,-0.0052,9.8066,0.0124,0.0287,-0.0782,-19.06,-33.94,21.63,307.62,-81,177.17
52.37511,-1.556952,140.44,14.07,4,114.7,19 / 20,4617610,2019-09-06 20:37:03:353,0.5235,0.9511,10.0735,0.0226,0.0146,9.8066,0.0452,-0.052,0.0321,-18.87,-34.19,22,306.34,-81.03,176
52.37511,-1.556952,140.44,14.07,4,114.7,19 / 20,4617709,2019-09-06 20:37:03:452,-0.9886,-0.0103,9.7884,0.0292,-0.0272,9.8065,0.0922,0.0323,0.018,-18.56,-33.81,22.06,306.79,-80.79,176.65
52.37511,-1.556952,140.44,14.07,4,114.7,19 / 20,4617809,2019-09-06 20:37:03:552,-1.0939,0.8003,9.8919,-0.0346,0.0283,9.8065,-0.0106,-0.0139,0.0372,-18.44,-33.19,22.25,308.37,-80.79,176.47
52.37511,-1.556952,140.44,14.07,4,114.7,19 / 20,4617910,2019-09-06 20:37:03:653,-0.2689,-1.1482,10.2077,-0.0175,0.0041,9.8066,0.0037,0.0759,-0.0838,-18.69,-34,22.56,308.36,-80.73,176.62
52.37511,-1.556952,140.44,14.07,4,114.7,19 / 20,4618009,2019-09-06 20:37:03:752,0.0103,0.3167,10.2776,-0.0101,0.0126,9.8066,0.0948,-0.0079,0.0543,-18.69,-33.5,22.56,308.85,-80.72,176.83
52.37511,-1.556952,140.44,14.07,4,114.7,19 / 20,4618109,2019-09-06 20:37:03:852,0.4261,0.1599,10.77,-0.031,0.0102,9.8066,0.0102,0.0465,0.02,-18.62,-33.56,22.5,309.14,-80.78,177.27
52.37511,-1.556952,140.44,14.07,4,114.7,19 / 20,4618210,2019-09-06 20:37:03:953,2.1872,-0.1235,10.2948,0.0373,-0.037,9.8065,0.102,-0.0086,-0.0029,-19.25,-33.56,23.13,309.55,-80.19,178.21
52.37511,-1.556952,140.44,14.07,4,114.7,19 / 20,4618310,2019-09-06 20:37:04:053,0.7504,1.0228,9.6784,0.0308,-0.0138,9.8066,-0.1473,-0.1002,0.0479,-19.31,-34.06,21.88,308.06,-80.19,178.4
52.37511,-1.556952,140.44,14.07,4,114.7,17 / 20,4618409,2019-09-06 20:37:04:152,-0.8024,0.5428,9.4565,0.0088,0.0183,9.8066,-0.1184,-0.0588,-0.034,-18.87,-34.19,22.25,307.46,-80.4,177.66
52.37511,-1.556952,140.44,14.07,4,114.7,17 / 20,4618510,2019-09-06 20:37:04:253,-2.1715,1.5469,10.1656,0.0155,0.0026,9.8066,0.0461,0.0213,-0.04,-18.81,-33.62,22.31,306.64,-80.49,176.83
52.37511,-1.556952,140.44,14.07,4,114.7,17 / 20,4618609,2019-09-06 20:37:04:352,0.3765,1.4839,9.6752,0.0147,0.0109,9.8066,-0.0695,0.0678,0.0293,-18.69,-33.25,21.88,305.59,-80.32,175.81
52.37511,-1.556952,140.44,14.07,4,114.7,17 / 20,4618710,2019-09-06 20:37:04:453,-1.5224,-0.0798,9.2839,0.0306,-0.0457,9.8064,0.3055,0.0615,-0.0046,-19.12,-34,21.81,305.68,-79.98,176.53
52.37511,-1.556952,140.44,14.07,4,114.7,17 / 20,4618810,2019-09-06 20:37:04:553,-0.4864,0.3333,10.3468,-0.034,0.0021,9.8066,-0.0535,-0.0402,-0.0322,-19.12,-34,22.5,308.79,-80.01,177.73
52.37511,-1.556952,140.44,14.07,4,114.7,17 / 20,4618910,2019-09-06 20:37:04:653,-1.1264,0.9367,10.2538,-0.0245,0.005,9.8066,0.1049,0.0144,0.0454,-19.69,-33.31,22.19,308.44,-80.37,179.55
52.37511,-1.556952,140.44,14.07,4,114.7,17 / 20,4619010,2019-09-06 20:37:04:753,-2.1058,0.1281,10.2962,-0.0063,0.003,9.8066,0.0632,-0.0568,0.0275,-19.62,-33.75,22.19,309.17,-80.41,-179.6
52.37511,-1.556952,140.44,14.07,4,114.7,17 / 20,4619110,2019-09-06 20:37:04:853,-0.0414,-0.2973,10.5391,-0.028,0.0037,9.8066,0.3141,-0.0771,-0.0314,-19.25,-33.81,21.69,311.11,-80.35,-179.1
52.37511,-1.556952,140.44,14.07,4,114.7,17 / 20,4619210,2019-09-06 20:37:04:953,-1.35,0.0701,9.7873,0.0547,-0.0484,9.8063,0.0165,-0.0997,0.1283,-19.69,-33.94,22.75,311.03,-79.79,-178.85
52.37511,-1.556952,140.44,14.07,4,114.7,17 / 20,4619309,2019-09-06 20:37:05:052,-5.3048,3.169,10.9954,-0.0089,-0.0337,9.8066,0.5437,-0.1905,0.1246,-20.06,-33.69,22.88,313.11,-79.89,-177.15
52.374584,-1.555223,138.72,13.19,3,113.41,17 / 20,4619410,2019-09-06 20:37:05:153,1.4795,2.1101,9.7533,-0.0745,0.0642,9.8061,-0.1859,-0.2546,0.0063,-20.06,-34.87,22.81,313.01,-79.45,-176.57
52.374584,-1.555223,138.72,13.19,3,113.41,17 / 20,4619509,2019-09-06 20:37:05:252,-0.5393,-0.3624,13.7499,-0.0784,0.082,9.806,0.036,0.1336,-0.0257,-19.19,-33.56,24.31,315.36,-79.99,-177.99
52.374584,-1.555223,138.72,13.19,3,113.41,17 / 20,4619609,2019-09-06 20:37:05:352,2.9255,-0.2925,9.5218,0.0771,-0.0881,9.8059,0.2203,0.1943,-0.1459,-18.12,-32.87,24,313.66,-79.64,179.3
52.374584,-1.555223,138.72,13.19,3,113.41,17 / 20,4619710,2019-09-06 20:37:05:453,4.3796,1.2911,9.3724,0.0202,0.0076,9.8066,-0.6055,-0.1888,0.1118,-18.5,-33.62,22.75,310.68,-79.45,178.61
52.374584,-1.555223,138.72,13.19,3,113.41,17 / 20,4619810,2019-09-06 20:37:05:553,1.8237,-0.3642,10.2265,0.1676,-0.1062,9.8045,-0.5533,-0.0411,0.0427,-18.37,-34.12,22.31,307.06,-79.29,177.16
52.374584,-1.555223,138.72,13.19,3,113.41,17 / 20,4619909,2019-09-06 20:37:05:652,-4.1244,2.7515,7.0899,0.1491,-0.1444,9.8044,-0.3588,0.0388,0.0866,-18.37,-33.62,23.38,309.44,-79.59,177.39
52.374584,-1.555223,138.72,13.19,3,113.41,17 / 20,4620010,2019-09-06 20:37:05:753,-1.5669,0.4231,8.0764,0.0977,-0.0766,9.8058,-0.7091,-0.1235,0.1904,-19.31,-33.12,23.56,311.04,-79.07,178.89
52.374584,-1.555223,138.72,13.19,3,113.41,17 / 20,4620110,2019-09-06 20:37:05:853,-2.8159,-0.2358,8.6561,0.1948,-0.1359,9.8037,0.3085,0.0154,-0.0886,-19.31,-33,23.06,308.53,-78.51,178.7
52.374584,-1.555223,138.72,13.19,3,113.41,17 / 20,4620209,2019-09-06 20:37:05:952,-3.0715,1.2723,8.8166,-0.11,0.0928,9.8055,-0.1292,-0.0844,-0.0178,-19.31,-33.37,23.19,310.15,-78.79,179.83
52.374584,-1.555223,138.72,13.19,3,113.41,17 / 20,4620309,2019-09-06 20:37:06:052,-0.5621,0.5192,9.1721,-0.0129,0.0202,9.8066,0.2018,-0.0162,0.0559,-19.75,-33.44,23.13,308.5,-79.5,178.96
52.374584,-1.555223,138.72,13.19,3,113.41,16 / 20,4620409,2019-09-06 20:37:06:152,-0.4822,0.6216,9.3061,-0.0258,0.018,9.8065,0.1258,0.0303,-0.0128,-19.44,-33,23.38,310.04,-79.6,178.95
52.374584,-1.555223,138.72,13.19,3,113.41,16 / 20,4620510,2019-09-06 20:37:06:253,-0.5552,0.4614,9.8002,-0.0046,-0.0029,9.8066,-0.1012,-0.0472,-0.0254,-19.31,-33.25,23.69,311.65,-79.41,179.1
52.374584,-1.555223,138.72,13.19,3,113.41,16 / 20,4620609,2019-09-06 20:37:06:352,0.1424,-0.5924,10.0231,0.026,-0.0058,9.8066,-0.0279,-0.025,-0.0024,-19.19,-33.31,23.81,311.22,-79.24,178.89
52.374584,-1.555223,138.72,13.19,3,113.41,16 / 20,4620710,2019-09-06 20:37:06:453,-0.9303,-0.3101,9.4896,-0.031,0.0257,9.8065,-0.0569,-0.0443,-0.0508,-19.25,-33.19,23.44,309.27,-79.25,178.61
52.374584,-1.555223,138.72,13.19,3,113.41,16 / 20,4620809,2019-09-06 20:37:06:552,-1.1556,0.8883,9.6907,-0.0075,0.031,9.8066,-0.0575,-0.021,-0.0416,-19.06,-33.75,23.94,310.42,-79.36,178.35
52.374584,-1.555223,138.72,13.19,3,113.41,16 / 20,4620910,2019-09-06 20:37:06:653,0.0435,0.2158,9.804,0.0086,0.0153,9.8065,0.038,-0.0188,-0.0334,-18.87,-34.06,23.25,306.74,-79.49,176.46
52.374584,-1.555223,138.72,13.19,3,113.41,16 / 20,4621009,2019-09-06 20:37:06:752,-0.3185,-0.1275,9.8069,0.0043,0.0112,9.8066,0.0371,0.0102,-0.0691,-19,-33.06,23.75,307.02,-79.47,175
52.374584,-1.555223,138.72,13.19,3,113.41,16 / 20,4621109,2019-09-06 20:37:06:852,-0.1392,0.7515,9.6935,0.0015,0.0168,9.8066,-0.0418,-0.0302,-0.0432,-18.81,-33.19,23.63,305.92,-79.47,174.03
52.374584,-1.555223,138.72,13.19,3,113.41,16 / 20,4621209,2019-09-06 20:37:06:952,0.9682,-0.9386,9.486,0.039,-0.0089,9.8065,-0.1088,0.005,-0.0156,-18.25,-33.06,23.5,305.7,-79.36,172.65
52.374584,-1.555223,138.72,13.19,3,113.41,16 / 20,4621309,2019-09-06 20:37:07:052,-0.9209,1.1503,9.0076,0.046,-0.02,9.8065,0.2306,-0.0603,-0.043,-18.12,-33.75,23.06,302.6,-79.46,171.55
52.374584,-1.555223,138.72,13.19,3,113.41,16 / 22,4621409,2019-09-06 20:37:07:152,-1.2039,0.6369,9.8074,-0.0325,0.052,9.8064,0.2047,0.0357,-0.0562,-18.25,-34.25,23.63,303.24,-79.43,170.69
52.374584,-1.555223,138.72,13.19,3,113.41,16 / 22,4621510,2019-09-06 20:37:07:253,0.5725,-0.1313,10.5851,-0.0265,0.0296,9.8065,0.0053,0.0643,-0.0119,-18.62,-33.06,23.75,300.61,-79.57,169.19
52.374584,-1.555223,138.72,13.19,3,113.41,16 / 22,4621609,2019-09-06 20:37:07:352,0.2435,-1.0629,11.2093,0.0325,-0.0256,9.8065,0.0915,0.0012,0.0231,-18.12,-33.12,23.44,300.66,-79.04,169.97
52.374584,-1.555223,138.72,13.19,3,113.41,16 / 22,4621710,2019-09-06 20:37:07:453,0.5053,-1.3648,10.8847,0.0034,-0.0063,9.8065,-0.1842,0.0703,-0.0993,-17.87,-33.5,23.63,302.22,-79.04,169.89
52.374584,-1.555223,138.72,13.19,3,113.41,16 / 22,4621810,2019-09-06 20:37:07:553,0.4674,-0.7109,8.8415,0.004,-0.0032,9.8065,0.1349,-0.022,0.0063,-18.19,-34.19,24.13,301.27,-79.01,169.4
52.374584,-1.555223,138.72,13.19,3,113.41,16 / 22,4621909,2019-09-06 20:37:07:652,0.9767,1.1039,8.5592,0.0031,-0.0007,9.8066,-0.1546,-0.1131,0.118,-18,-33.5,23.88,301.6,-78.94,169.45
52.374584,-1.555223,138.72,13.19,3,113.41,16 / 22,4622010,2019-09-06 20:37:07:753,0.5403,-1.0015,9.5887,-0.0118,-0.0071,9.8066,-0.0886,-0.1055,-0.026,-18.44,-33.31,23.75,301.54,-79.1,169.22
52.374584,-1.555223,138.72,13.19,3,113.41,16 / 22,4622110,2019-09-06 20:37:07:853,0.4858,0.3084,9.8723,-0.0028,0.0234,9.8065,-0.0593,-0.1582,0.0894,-18.44,-33.25,24,301.58,-79.32,169.03
52.374584,-1.555223,138.72,13.19,3,113.41,16 / 22,4622209,2019-09-06 20:37:07:952,-0.6689,0.0935,9.9047,0.011,-0.0151,9.8065,-0.092,0.0243,0.013,-17.94,-33.44,23.75,301.44,-79.32,168.9
52.374584,-1.555223,138.72,13.19,3,113.41,16 / 22,4622309,2019-09-06 20:37:08:052,-0.4262,0.1883,10.5845,0.0188,-0.0047,9.8066,-0.0303,-0.0196,0.0544,-18.75,-33.31,23.63,299.55,-79.28,168.53
52.374584,-1.555223,138.72,13.19,3,113.41,17 / 21,4622410,2019-09-06 20:37:08:153,1.3157,-0.4949,9.7475,0.0025,-0.0062,9.8066,0.1208,-0.0097,0.0157,-17.87,-33.56,23.88,301.6,-79.19,169.49
52.374584,-1.555223,138.72,13.19,3,113.41,17 / 21,4622509,2019-09-06 20:37:08:252,0.5608,-0.6356,9.3796,-0.003,-0.0106,9.8066,-0.0135,-0.0498,-0.0164,-18.12,-32.94,23.63,302.41,-79.14,169.96
52.374584,-1.555223,138.72,13.19,3,113.41,17 / 21,4622610,2019-09-06 20:37:08:353,0.1593,-2.3636,9.2465,-0.039,0.0287,9.8065,-0.0197,0.0171,-0.0003,-18.5,-33.25,23.38,301.81,-79.18,170.84
52.374584,-1.555223,138.72,13.19,3,113.41,17 / 21,4622709,2019-09-06 20:37:08:452,0.5552,0.1934,10.0256,0.0321,-0.0016,9.8065,0.0212,-0.0535,-0.0825,-17.81,-33.37,23.31,300.76,-79.49,169.56
52.374584,-1.555223,138.72,13.19,3,113.41,17 / 21,4622810,2019-09-06 20:37:08:553,-0.4206,-1.1655,9.6382,-0.0041,0.0222,9.8065,0.0893,0.0214,0.002,-18,-33.12,23.69,301.28,-79.63,168.43
52.374584,-1.555223,138.72,13.19,3,113.41,17 / 21,4622909,2019-09-06 20:37:08:652,0.076,-0.1397,9.8012,0.0526,-0.0343,9.8064,0.1427,0.009,-0.0246,-17.75,-33.25,23.38,298.57,-78.97,168.17
52.374584,-1.555223,138.72,13.19,3,113.41,17 / 21,4623009,2019-09-06 20:37:08:752,0.6195,-0.7034,9.4825,0.0093,-0.008,9.8066,-0.0972,-0.0713,-0.0517,-17.94,-33.19,24,300.17,-78.79,168.33
52.374584,-1.555223,138.72,13.19,3,113.41,17 / 21,4623110,2019-09-06 20:37:08:853,-0.909,1.6876,8.9079,-0.0657,0.0732,9.8061,0.114,-0.0314,0.1052,-18.12,-33.25,23.56,300.24,-78.74,168.45
52.374584,-1.555223,138.72,13.19,3,113.41,17 / 21,4623209,2019-09-06 20:37:08:952,0.432,0.112,9.9618,-0.0282,0.0142,9.8066,-0.0169,0.0729,-0.0071,-18.25,-32.94,23.44,297.9,-79,167.53
52.374584,-1.555223,138.72,13.19,3,113.41,18 / 22,4623310,2019-09-06 20:37:09:053,-1.1347,1.2593,9.5531,0.0121,-0.005,9.8066,0.255,-0.0358,-0.0897,-18.06,-33.69,23.81,299.26,-79.05,167.56
52.374584,-1.555223,138.72,13.19,3,113.41,18 / 22,4623410,2019-09-06 20:37:09:153,0.2509,-0.9136,10.1569,-0.0503,0.0521,9.8063,0.1541,-0.0502,-0.008,-18.19,-33.37,23.75,299.35,-79.23,167.12
52.374584,-1.555223,138.72,13.19,3,113.41,18 / 22,4623509,2019-09-06 20:37:09:252,1.0976,0.5606,9.1027,-0.0365,0.0486,9.8064,0.229,-0.1805,0.0959,-17.81,-33.44,23.81,298.62,-79.19,166.5
52.374584,-1.555223,138.72,13.19,3,113.41,18 / 22,4623610,2019-09-06 20:37:09:353,2.0899,-0.4133,10.7571,-0.0268,0.0136,9.8065,0.1917,0.0696,-0.2008,-18.19,-33.62,24,298.35,-79.14,166.64
52.374584,-1.555223,138.72,13.19,3,113.41,18 / 22,4623710,2019-09-06 20:37:09:453,1.0005,0.4956,10.0523,-0.0224,0.0436,9.8064,-0.0654,-0.0486,0.1458,-18.12,-33.06,24.06,297.44,-79.29,165.33
52.374584,-1.555223,138.72,13.19,3,113.41,18 / 22,4623810,2019-09-06 20:37:09:553,0.7387,-0.8325,10.4874,-0.0004,-0.0129,9.8066,-0.0353,0.0128,-0.1623,-18.12,-33.12,23.44,295.46,-79.28,165
52.374584,-1.555223,138.72,13.19,3,113.41,18 / 22,4623910,2019-09-06 20:37:09:653,-0.2963,0.1394,9.5072,0.0271,0.014,9.8065,0.0422,-0.0039,0.1169,-17.5,-33.94,23.81,297.22,-79.2,164.22
52.374584,-1.555223,138.72,13.19,3,113.41,18 / 22,4624010,2019-09-06 20:37:09:753,0.3889,-0.8303,10.1552,-0.002,-0.0043,9.8066,0.0239,-0.0298,0.0402,-17.25,-33,23.75,296.85,-79.04,163.72
52.374584,-1.555223,138.72,13.19,3,113.41,18 / 22,4624110,2019-09-06 20:37:09:853,0.8952,0.3866,10.2226,0.0131,0.0009,9.8066,0.0146,-0.0331,-0.0205,-17.75,-33.19,23.56,295.2,-78.94,163.67
52.374584,-1.555223,138.72,13.19,3,113.41,18 / 22,4624210,2019-09-06 20:37:09:953,1.1808,-0.7329,9.0488,-0.0099,0.0169,9.8066,0.177,0.0361,-0.0103,-17.5,-33.69,24,295.31,-78.99,162.73
52.374584,-1.555223,138.72,13.19,3,113.41,18 / 22,4624310,2019-09-06 20:37:10:053,-0.0347,-0.1534,9.782,-0.0087,0.0132,9.8066,-0.0533,-0.0032,0.0291,-17.5,-33.37,24,295.56,-78.86,162.75
52.374584,-1.555223,138.72,13.19,3,113.41,18 / 22,4624410,2019-09-06 20:37:10:153,-0.9672,1.1787,9.9003,0.008,-0.0095,9.8066,-0.013,0.0407,-0.0501,-16.94,-33.56,23.81,294.92,-78.95,162.42
52.374584,-1.555223,138.72,13.19,3,113.41,18 / 22,4624509,2019-09-06 20:37:10:252,-1.0759,0.1964,9.5857,0.0209,-0.0158,9.8066,0.0573,0.1301,-0.0457,-17.25,-33.94,24.25,294.87,-78.82,162.52
52.374584,-1.555223,138.72,13.19,3,113.41,18 / 22,4624610,2019-09-06 20:37:10:353,0.17,-0.8747,10.0197,-0.0063,0.0113,9.8065,0.0176,0.0097,0.1168,-17.44,-33.56,23.88,294.58,-78.94,162.12
52.374584,-1.555223,138.72,13.19,3,113.41,18 / 22,4624709,2019-09-06 20:37:10:452,-0.3779,-0.4696,9.9759,-0.0099,-0.0064,9.8066,-0.0301,-0.0279,-0.0845,-17.37,-33.31,23.81,295.26,-78.94,162.39
52.374584,-1.555223,138.72,13.19,3,113.41,18 / 22,4624809,2019-09-06 20:37:10:552,0.193,0.2055,9.1695,0.0214,0.0013,9.8065,-0.0344,0.0112,-0.0092,-17.06,-33.56,23.25,293.32,-78.9,162.51
52.374584,-1.555223,138.72,13.19,3,113.41,18 / 22,4624910,2019-09-06 20:37:10:653,0.2959,0.1793,9.3678,-0.0239,0.0203,9.8066,0.0158,-0.0338,0.0633,-17.19,-33.75,23.56,294.46,-78.88,162.07
52.374584,-1.555223,138.72,13.19,3,113.41,18 / 22,4625010,2019-09-06 20:37:10:753,-0.1769,-0.2776,9.5219,-0.0294,0.0147,9.8065,-0.0204,0.0501,-0.1094,-17.75,-32.94,23.5,293.54,-78.99,162.09
52.374584,-1.555223,138.72,13.19,3,113.41,18 / 22,4625109,2019-09-06 20:37:10:852,-0.5018,0.6003,10.0173,-0.0039,0.0184,9.8066,-0.0528,0.0143,0.005,-16.69,-33.75,23.69,294.01,-79.25,161.22
52.374584,-1.555223,138.72,13.19,3,113.41,18 / 22,4625209,2019-09-06 20:37:10:952,-0.8573,1.0361,9.6329,0.0291,-0.0289,9.8065,-0.1571,0.0653,-0.0421,-17.06,-34.31,23.38,292.26,-79.11,161.28
52.374584,-1.555223,138.72,13.19,3,113.41,18 / 22,4625310,2019-09-06 20:37:11:053,0.4799,0.1603,9.3953,0.0231,-0.0073,9.8065,0.1237,0.0051,0.0563,-17.62,-33.5,22.63,290.51,-79.15,160.58
52.374584,-1.555223,138.72,13.19,3,113.41,18 / 21,4625409,2019-09-06 20:37:11:152,-0.264,0.1928,9.8606,-0.0182,0.0047,9.8065,0.0231,0.0194,-0.0223,-17,-33.69,23.44,292.18,-79.25,161.04
52.374584,-1.555223,138.72,13.19,3,113.41,18 / 21,4625510,2019-09-06 20:37:11:253,-1.0707,0.6585,11.9149,0.001,0.0004,9.8065,0.165,-0.072,0.0047,-17.31,-33.62,23.44,292.26,-79.29,161.07
52.374584,-1.555223,138.72,13.19,3,113.41,18 / 21,4625609,2019-09-06 20:37:11:352,-0.1324,-1.2685,10.7824,0.0529,-0.0096,9.8064,0.0669,0.0406,-0.1431,-16.81,-33.69,23.63,292.65,-79.01,160.27
52.374584,-1.555223,138.72,13.19,3,113.41,18 / 21,4625710,2019-09-06 20:37:11:453,-1.3761,1.467,9.6404,0.0594,-0.0078,9.8064,-0.0062,0.0741,-0.0582,-17,-34.37,23.19,288.72,-78.71,158.49
52.374584,-1.555223,138.72,13.19,3,113.41,18 / 21,4625810,2019-09-06 20:37:11:553,0.4005,0.7582,9.2264,0.0309,-0.0257,9.8065,-0.0868,-0.0056,-0.0556,-16.81,-33.87,23.63,289.67,-78.5,158.11
52.374584,-1.555223,138.72,13.19,3,113.41,18 / 21,4625910,2019-09-06 20:37:11:653,-0.5856,-0.2568,9.5016,0,0.0127,9.8066,-0.1552,0.0257,-0.0067,-16.75,-33.94,23.63,289.05,-78.79,157.19
52.374584,-1.555223,138.72,13.19,3,113.41,18 / 21,4626010,2019-09-06 20:37:11:753,-1.3602,0.9198,8.9952,0.0001,-0.0187,9.8066,-0.2003,-0.0613,0.0631,-17.31,-33.5,22.88,288.71,-79.18,157.53
52.374584,-1.555223,138.72,13.19,3,113.41,18 / 21,4626110,2019-09-06 20:37:11:853,-0.4381,0.3772,9.6906,0.0078,-0.032,9.8065,0.1231,-0.0368,0.0745,-17.44,-34.19,23.13,289.59,-79.38,158.47
52.374584,-1.555223,138.72,13.19,3,113.41,18 / 21,4626209,2019-09-06 20:37:11:952,-1.0625,0.5036,10.3303,-0.0145,-0.0146,9.8066,0.1602,-0.0335,0.033,-17.56,-33.62,23.94,291.24,-79.42,159.8
52.374584,-1.555223,138.72,13.19,3,113.41,18 / 21,4626309,2019-09-06 20:37:12:052,-0.577,0.5553,10.2904,-0.0097,-0.0058,9.8066,-0.0132,-0.0517,0.0533,-17.5,-33.5,23.5,294.79,-79.3,161.55
52.374584,-1.555223,138.72,13.19,3,113.41,18 / 21,4626410,2019-09-06 20:37:12:153,-0.0773,0.105,9.3492,0.0166,-0.0197,9.8066,-0.0402,-0.03,-0.0395,-17.37,-34.12,24.13,294.76,-78.93,162.3
52.374584,-1.555223,138.72,13.19,3,113.41,18 / 21,4626509,2019-09-06 20:37:12:252,-0.6734,0.5277,8.9992,-0.0162,0.0142,9.8066,-0.0202,-0.0439,0.0689,-17.69,-33.62,23.94,293.21,-79.12,161.97
52.374584,-1.555223,138.72,13.19,3,113.41,18 / 21,4626610,2019-09-06 20:37:12:353,-0.9575,0.7171,9.1103,-0.0443,0.024,9.8065,-0.0786,0.0052,-0.0293,-17.37,-33.5,23.19,293.79,-79.96,161.34
52.374584,-1.555223,138.72,13.19,3,113.41,18 / 21,4626709,2019-09-06 20:37:12:452,-0.8667,0.7434,9.7386,-0.0214,0.0215,9.8066,-0.0068,-0.0146,0.0107,-17.81,-33.69,22.88,291.67,-80.33,160.6
52.374584,-1.555223,138.72,13.19,3,113.41,18 / 21,4626810,2019-09-06 20:37:12:553,-0.8816,0.4291,9.851,-0.002,-0.0043,9.8066,0.0646,0.0072,-0.0143,-17.44,-33.81,23.31,293.19,-80.35,160.65
52.374584,-1.555223,138.72,13.19,3,113.41,18 / 21,4626909,2019-09-06 20:37:12:652,0.0726,-0.3196,10.1164,0.0088,-0.0097,9.8066,0.0256,-0.0093,0.0088,-17.69,-33.44,23.38,292.52,-80.06,161.39
52.374584,-1.555223,138.72,13.19,3,113.41,18 / 21,4627010,2019-09-06 20:37:12:753,-0.6555,0.0493,10.2738,0.0242,-0.0266,9.8065,-0.0121,-0.0341,0.0047,-17.62,-33.62,23.81,294.35,-79.66,162.4
52.374584,-1.555223,138.72,13.19,3,113.41,18 / 21,4627110,2019-09-06 20:37:12:853,-0.8874,0.3634,9.8059,-0.0013,-0.0074,9.8066,0.0432,-0.0061,0.0125,-17.19,-33.37,22.88,294.91,-79.7,162.67
52.374584,-1.555223,138.72,13.19,3,113.41,18 / 21,4627210,2019-09-06 20:37:12:953,-0.8798,-0.2726,9.7945,-0.0152,0.0147,9.8065,0.0675,-0.0349,0.0409,-17.37,-33.56,23.25,294.84,-79.92,162.67
52.374584,-1.555223,138.72,13.19,3,113.41,18 / 21,4627310,2019-09-06 20:37:13:053,-0.6553,0.4323,9.4781,-0.0068,-0.0001,9.8066,0.0202,-0.034,0.0345,-17.69,-33.06,23.44,294.11,-79.95,162.99
52.374584,-1.555223,138.72,13.19,3,113.41,19 / 21,4627409,2019-09-06 20:37:13:152,-0.5093,0.7443,9.2287,-0.0104,-0.0007,9.8066,0.013,-0.0705,0.0588,-17.56,-33.56,22.94,294.16,-79.94,163.37
52.374584,-1.555223,138.72,13.19,3,113.41,19 / 21,4627510,2019-09-06 20:37:13:253,-1.0373,0.0744,10.0349,-0.0037,-0.0006,9.8066,-0.0201,0.0023,-0.0128,-17.69,-33.5,23.25,294.49,-80.09,163.18
52.374584,-1.555223,138.72,13.19,3,113.41,19 / 21,4627609,2019-09-06 20:37:13:352,-0.3504,0.0501,10.3469,-0.0016,-0.0004,9.8066,0.0259,0.0023,-0.0032,-17.56,-32.62,23.06,294.75,-80.18,163.32
52.374584,-1.555223,138.72,13.19,3,113.41,19 / 21,4627710,2019-09-06 20:37:13:453,-0.4161,0.2321,10.1575,0.012,-0.0045,9.8066,0.0317,0.0004,-0.0027,-17.5,-33.69,23.31,295.66,-80.05,163.28
52.374584,-1.555223,138.72,13.19,3,113.41,19 / 21,4627809,2019-09-06 20:37:13:552,-0.4286,0.4442,9.8779,0.013,-0.0051,9.8066,0.0823,-0.0349,-0.0127,-17.37,-33.37,23.75,297.21,-79.82,163.18
52.374584,-1.555223,138.72,13.19,3,113.41,19 / 21,4627910,2019-09-06 20:37:13:653,-0.8257,-0.2314,9.613,-0.0018,-0.0014,9.8066,0.0217,-0.0461,0.0181,-17.06,-34,23.81,296.97,-79.75,163.35
52.374584,-1.555223,138.72,13.19,3,113.41,19 / 21,4628009,2019-09-06 20:37:13:752,-1.0894,0.466,9.6573,-0.0146,0.0101,9.8066,0.0062,-0.0153,0.032,-17.5,-33.5,24.06,297.63,-79.75,163.64
52.374584,-1.555223,138.72,13.19,3,113.41,19 / 21,4628109,2019-09-06 20:37:13:852,-1.3796,0.7946,10.0288,-0.0241,0.0185,9.8066,0.0048,-0.011,-0.0098,-17.37,-33.81,23.06,295.82,-80.02,163.46
52.374584,-1.555223,138.72,13.19,3,113.41,19 / 21,4628210,2019-09-06 20:37:13:953,-1.1162,0.9407,9.7081,0.0139,-0.0144,9.8065,-0.0762,0.0108,0.0127,-17.44,-33.87,23.75,297.86,-80.15,163.71
52.374584,-1.555223,138.72,13.19,3,113.41,19 / 21,4628319,2019-09-06 20:37:14:062,-1.1399,-0.0253,9.751,-0.0134,-0.0029,9.8066,-0.0345,-0.0436,0.0712,-17.94,-33.81,23.25,295.25,-80.25,164.02
52.374207,-1.553803,141.54,9.53,4,114.45,20 / 22,4628410,2019-09-06 20:37:14:153,-0.8525,0.0784,10.1157,0.0001,-0.0064,9.8065,0.0522,-0.0342,0.011,-17.62,-33.81,23.63,297.23,-80.31,164.31
52.374207,-1.553803,141.54,9.53,4,114.45,20 / 22,4628509,2019-09-06 20:37:14:252,-0.4066,0.3575,10.4262,-0.01,-0.0021,9.8066,0.0471,-0.0056,0.0163,-18,-33.44,23.19,297.04,-80.23,165.38
52.374207,-1.553803,141.54,9.53,4,114.45,20 / 22,4628610,2019-09-06 20:37:14:353,-0.4332,0.0167,9.6021,-0.0014,-0.0139,9.8066,0.045,0.0043,-0.035,-18.25,-33.94,23.81,299.16,-80.09,166.32
52.374207,-1.553803,141.54,9.53,4,114.45,20 / 22,4628710,2019-09-06 20:37:14:453,-0.3303,-0.2215,9.0878,0.0049,0.0144,9.8066,0.0036,-0.0307,-0.0132,-18,-33.44,23.56,299.35,-79.96,166.34
52.374207,-1.553803,141.54,9.53,4,114.45,20 / 22,4628810,2019-09-06 20:37:14:553,-2.8598,0.1077,10.689,0.0031,0.0232,9.8066,0.0121,-0.0973,-0.0516,-17.31,-34,24.13,298.68,-80.02,164.61
52.374207,-1.553803,141.54,9.53,4,114.45,20 / 22,4628910,2019-09-06 20:37:14:653,-1.9536,0.4938,11.6509,0.0211,0.0372,9.8065,0.0855,-0.0525,-0.1148,-17.31,-34.06,23.88,294.89,-79.96,161.22
52.374207,-1.553803,141.54,9.53,4,114.45,20 / 22,4629010,2019-09-06 20:37:14:753,-1.2217,0.5156,9.6198,0.0294,0.0378,9.8064,0.1643,-0.0705,-0.1004,-16.5,-34.12,24.31,293.08,-79.58,158.59
52.374207,-1.553803,141.54,9.53,4,114.45,20 / 22,4629109,2019-09-06 20:37:14:852,-0.4168,0.6407,9.0315,0.0198,-0.0042,9.8066,0.004,-0.0495,-0.0175,-15.87,-33.56,24.88,292.22,-78.94,157.15
52.374207,-1.553803,141.54,9.53,4,114.45,20 / 22,4629210,2019-09-06 20:37:14:953,-0.5361,-1.0247,9.5972,-0.0325,0.0332,9.8065,-0.058,-0.1003,0.0265,-16,-34.5,24.44,289.94,-79.04,156.34
52.374207,-1.553803,141.54,9.53,4,114.45,20 / 22,4629309,2019-09-06 20:37:15:052,-0.148,-0.398,9.3651,-0.0219,0.0165,9.8066,-0.3179,-0.0461,0.0523,-15.87,-33.87,23.94,289.4,-79.69,155.04
52.374207,-1.553803,141.54,9.53,4,114.45,20 / 21,4629410,2019-09-06 20:37:15:153,-1.0722,0.5013,9.6973,-0.0394,0.0149,9.8066,-0.0762,-0.0592,0.069,-16.31,-35.25,23.06,287.2,-80.57,153.66
52.374207,-1.553803,141.54,9.53,4,114.45,20 / 21,4629509,2019-09-06 20:37:15:252,-1.0424,0.0405,9.8176,-0.0218,-0.0056,9.8066,-0.0373,-0.053,0.0712,-16,-34.19,23,288.98,-81.11,154.34
52.374207,-1.553803,141.54,9.53,4,114.45,20 / 21,4629610,2019-09-06 20:37:15:353,-0.9614,-0.2255,9.849,0.0143,-0.0278,9.8065,0.0316,-0.0548,0.0104,-16.44,-34.62,23.19,289.92,-81.12,155.53
52.374207,-1.553803,141.54,9.53,4,114.45,20 / 21,4629710,2019-09-06 20:37:15:453,-0.8776,0.1864,9.91,-0.0086,0.0012,9.8066,0.0299,-0.0432,0.0455,-16.31,-34.12,24.06,292.82,-80.97,156.69
52.374207,-1.553803,141.54,9.53,4,114.45,20 / 21,4629809,2019-09-06 20:37:15:552,-0.9564,-0.1285,10.252,-0.002,-0.007,9.8066,0.016,-0.0567,0.0057,-16.19,-34.12,24.25,293.57,-80.81,157.58
52.374207,-1.553803,141.54,9.53,4,114.45,20 / 21,4629910,2019-09-06 20:37:15:653,-0.4951,0.6732,9.9708,-0.0085,-0.0052,9.8066,0.0364,-0.0449,0.0333,-16.25,-34.12,24.13,294.1,-80.74,158.15
52.374207,-1.553803,141.54,9.53,4,114.45,20 / 21,4630010,2019-09-06 20:37:15:753,-0.5617,-0.0373,9.5344,-0.0101,-0.0107,9.8066,-0.0779,-0.0152,0.0291,-16.12,-33.75,24.13,295.57,-80.81,159.43
52.374207,-1.553803,141.54,9.53,4,114.45,20 / 21,4630109,2019-09-06 20:37:15:852,-0.684,-0.0836,9.1688,0.0048,-0.024,9.8066,-0.1099,-0.0488,0.0657,-16.44,-34.12,24.19,297.43,-80.88,161.05
52.374207,-1.553803,141.54,9.53,4,114.45,20 / 21,4630210,2019-09-06 20:37:15:953,-0.8948,1.1196,9.4184,-0.0404,0.0189,9.8065,0.1323,-0.0465,0.0426,-16.5,-33.87,24.13,298.52,-81.29,161.59
52.374207,-1.553803,141.54,9.53,4,114.45,20 / 21,4630309,2019-09-06 20:37:16:052,-0.6861,1.0697,9.8686,-0.0355,0.0111,9.8065,0.1398,-0.0657,0.0744,-17.06,-34.06,23.88,298.05,-81.43,162.45
52.374207,-1.553803,141.54,9.53,4,114.45,21 / 22,4630410,2019-09-06 20:37:16:153,0.926,-0.6765,10.5709,0.001,-0.0248,9.8065,-0.0636,-0.0271,0.0346,-16.69,-33.56,24.38,300.45,-81.39,164.7
52.374207,-1.553803,141.54,9.53,4,114.45,21 / 22,4630510,2019-09-06 20:37:16:253,-0.0332,-0.4082,9.8075,0.0156,-0.0411,9.8065,-0.0589,-0.0056,0.0246,-17.19,-33.69,24.56,303.97,-81.18,166.8
52.374207,-1.553803,141.54,9.53,4,114.45,21 / 22,4630609,2019-09-06 20:37:16:352,0.6836,-0.453,9.5952,0.0103,-0.0131,9.8066,0.081,-0.0606,0.033,-16.37,-33.75,25.06,305.88,-80.94,167.32
52.374207,-1.553803,141.54,9.53,4,114.45,21 / 22,4630709,2019-09-06 20:37:16:452,0.2597,-0.6214,9.8585,0.0107,-0.0197,9.8066,0.0055,-0.0171,-0.0213,-16.75,-33.69,26.06,306.41,-80.67,168.24
52.374207,-1.553803,141.54,9.53,4,114.45,21 / 22,4630810,2019-09-06 20:37:16:553,-0.0109,-0.5818,9.4587,0.0065,-0.0075,9.8066,-0.0477,-0.0357,0.0124,-16.56,-33.31,25.75,306.69,-80.7,168.22
52.374207,-1.553803,141.54,9.53,4,114.45,21 / 22,4630909,2019-09-06 20:37:16:652,0.6091,-0.39,9.7293,0.0096,-0.0041,9.8066,0.0123,-0.0435,-0.0354,-16.87,-33.37,25.81,306.39,-80.78,167.87
52.374207,-1.553803,141.54,9.53,4,114.45,21 / 22,4631009,2019-09-06 20:37:16:752,0.8217,-0.9685,10.0382,0.004,-0.0036,9.8066,-0.015,-0.0371,0.0069,-15.87,-33.69,25.44,305.75,-80.85,167.29
52.374207,-1.553803,141.54,9.53,4,114.45,21 / 22,4631109,2019-09-06 20:37:16:852,0.9905,-1.5555,9.9848,0.0015,0.0029,9.8066,0.0655,-0.0269,0.003,-15.94,-33,25.25,305.55,-80.91,166.81
52.374207,-1.553803,141.54,9.53,4,114.45,21 / 22,4631210,2019-09-06 20:37:16:953,0.9458,-1.1413,9.8632,0.0053,0.0072,9.8066,-0.0404,-0.0035,-0.0126,-16.5,-33.81,24.38,303.24,-80.9,166.31
52.374207,-1.553803,141.54,9.53,4,114.45,21 / 22,4631310,2019-09-06 20:37:17:053,0.9744,-0.9012,9.7747,-0.0099,0.0065,9.8066,-0.0457,-0.0049,0.0303,-15.81,-33.37,25.06,304.96,-80.95,166.23
52.374207,-1.553803,141.54,9.53,4,114.45,21 / 22,4631409,2019-09-06 20:37:17:152,0.9639,-0.6116,9.7999,-0.0086,0.0073,9.8066,-0.0324,-0.0185,-0.0321,-16.25,-33.62,24.75,305,-81.1,166.36
52.374207,-1.553803,141.54,9.53,4,114.45,21 / 22,4631510,2019-09-06 20:37:17:253,0.3115,-0.1171,9.6935,-0.006,0.0019,9.8066,0.0007,-0.0079,-0.0124,-16.12,-32.5,25.31,305.41,-81.19,166.14
52.374207,-1.553803,141.54,9.53,4,114.45,21 / 22,4631610,2019-09-06 20:37:17:353,1.2164,-1.8942,9.9578,-0.0012,-0.0009,9.8066,-0.0159,0.0161,0.0313,-16.75,-33.69,25.25,304.17,-81.18,166.97
52.374207,-1.553803,141.54,9.53,4,114.45,21 / 22,4631710,2019-09-06 20:37:17:453,0.1027,-0.4268,10.0335,-0.0084,0.0088,9.8066,-0.0473,-0.0201,0.0045,-16.19,-33.5,25.75,307.43,-81.17,167
52.374207,-1.553803,141.54,9.53,4,114.45,21 / 22,4631809,2019-09-06 20:37:17:552,0.4891,-1.1603,10.0666,-0.0056,0.0124,9.8066,-0.0425,-0.0094,-0.0156,-16.56,-33,25.63,305.86,-81.18,167
52.374207,-1.553803,141.54,9.53,4,114.45,21 / 22,4631909,2019-09-06 20:37:17:652,1.0262,-1.273,9.5616,0.006,-0.0023,9.8066,-0.2117,-0.0179,-0.0105,-16.5,-33.19,24.69,305.9,-81.19,166.84
52.374207,-1.553803,141.54,9.53,4,114.45,21 / 22,4632010,2019-09-06 20:37:17:753,-0.1543,-0.6106,10.1521,-0.0112,0.0128,9.8066,0.1668,-0.05,0.0214,-16.75,-33.12,25.69,305.5,-81.3,166.57
52.374207,-1.553803,141.54,9.53,4,114.45,21 / 22,4632110,2019-09-06 20:37:17:853,0.5745,-0.3028,9.3948,-0.0154,0.0266,9.8065,0.0826,-0.0567,-0.0311,-16,-33.19,25.44,305.35,-81.33,166.19
52.374207,-1.553803,141.54,9.53,4,114.45,21 / 22,4632210,2019-09-06 20:37:17:953,1.0131,-0.995,9.7334,0.0137,-0.0212,9.8066,-0.0175,0.0138,0.0275,-16.06,-33.25,25.5,306.88,-81.32,166.36
52.374207,-1.553803,141.54,9.53,4,114.45,21 / 22,4632310,2019-09-06 20:37:18:053,0.5015,-0.2307,9.4654,-0.0172,0.0229,9.8066,-0.017,0.0658,0.0411,-16.69,-32.75,25.69,305.75,-81.21,166.88
52.374207,-1.553803,141.54,9.53,4,114.45,20 / 21,4632410,2019-09-06 20:37:18:153,-0.5441,-0.6505,10.1349,-0.0088,0.0132,9.8066,0.0246,-0.0154,-0.0626,-16.56,-33.25,26,305.47,-81.35,166.49
52.374207,-1.553803,141.54,9.53,4,114.45,20 / 21,4632509,2019-09-06 20:37:18:252,0.8227,-1.5357,9.7977,-0.02,0.0226,9.8066,0.0316,-0.0268,0,-16.31,-32.56,25.44,305.29,-81.44,166.03
52.374207,-1.553803,141.54,9.53,4,114.45,20 / 21,4632610,2019-09-06 20:37:18:353,0.1407,-0.0932,9.8937,0.0169,-0.0274,9.8065,0.0038,-0.0095,0.0546,-15.62,-32.56,25.75,308.11,-81.3,167.49
52.374207,-1.553803,141.54,9.53,4,114.45,20 / 21,4632709,2019-09-06 20:37:18:452,-0.1104,-0.6171,10.0879,0.0136,-0.0224,9.8066,-0.0541,-0.0016,0.0379,-16.31,-32.06,25.63,308.86,-81.29,167.95
52.374207,-1.553803,141.54,9.53,4,114.45,20 / 21,4632810,2019-09-06 20:37:18:553,0.6685,-0.7619,9.6823,0.016,-0.0063,9.8066,0.0838,-0.0135,-0.0245,-16.12,-32.81,25.81,308.55,-81.34,167.85
52.374207,-1.553803,141.54,9.53,4,114.45,20 / 21,4632910,2019-09-06 20:37:18:653,1.349,-1.5574,9.8815,0.0175,-0.0198,9.8065,0.1177,0.011,-0.0073,-16,-32.5,26.56,309.59,-81.09,167.62
52.374207,-1.553803,141.54,9.53,4,114.45,20 / 21,4633010,2019-09-06 20:37:18:753,-0.3366,-0.237,9.8205,0.0015,0.0037,9.8066,0.0306,-0.0015,0.0094,-16.12,-33,26.19,307.94,-80.95,167.66
52.374207,-1.553803,141.54,9.53,4,114.45,20 / 21,4633109,2019-09-06 20:37:18:852,0.2088,-1.0722,9.9557,-0.0007,0.0075,9.8066,0.0227,-0.081,-0.0073,-16,-32.81,26,307.55,-80.91,167.35
52.374207,-1.553803,141.54,9.53,4,114.45,20 / 21,4633210,2019-09-06 20:37:18:953,0.453,-1.8907,9.9987,-0.0016,0.0024,9.8065,-0.0471,-0.0992,0.0713,-15.94,-32.81,25.06,305.64,-80.98,166.81
52.374207,-1.553803,141.54,9.53,4,114.45,20 / 21,4633309,2019-09-06 20:37:19:052,1.0586,-0.0183,9.1568,-0.0043,0.0102,9.8066,-0.0377,0.0271,-0.0176,-15.94,-32.75,26,307.13,-81.1,166.8
52.374207,-1.553803,141.54,9.53,4,114.45,20 / 21,4633409,2019-09-06 20:37:19:152,-0.4314,-1.3522,9.5842,-0.0235,0.0331,9.8066,-0.0317,0.0196,-0.0217,-15.37,-33.19,26.13,309.1,-81.2,166.97
52.374207,-1.553803,141.54,9.53,4,114.45,20 / 21,4633509,2019-09-06 20:37:19:252,0.2318,-1.0592,9.8035,-0.022,0.0043,9.8066,-0.0278,-0.0967,0.0576,-16,-33.19,25.94,307.46,-81.52,166.69
52.374207,-1.553803,141.54,9.53,4,114.45,20 / 21,4633610,2019-09-06 20:37:19:353,0.4167,-0.8414,10.2656,0.0236,-0.032,9.8065,-0.0759,-0.0478,0.0144,-15.12,-32.56,25.63,309.74,-81.41,167.34
52.374207,-1.553803,141.54,9.53,4,114.45,20 / 21,4633710,2019-09-06 20:37:19:453,1.2072,-0.8814,9.561,0.0217,-0.0315,9.8065,-0.1318,-0.0623,0.0284,-15.75,-33.12,25.69,308.65,-81.38,167.89
52.374207,-1.553803,141.54,9.53,4,114.45,20 / 21,4633810,2019-09-06 20:37:19:553,1.3216,-1.2381,10.3483,-0.027,0.008,9.8065,0.0367,-0.1014,0.0762,-15.56,-33.06,26.06,309.7,-81.51,168.72
52.374207,-1.553803,141.54,9.53,4,114.45,20 / 21,4633910,2019-09-06 20:37:19:653,0.6282,-0.7867,10.0505,-0.0274,0.0337,9.8065,0.0613,0.0121,-0.0087,-15.81,-33.06,26.31,309.87,-81.74,168.66
52.374207,-1.553803,141.54,9.53,4,114.45,20 / 21,4634010,2019-09-06 20:37:19:753,2.3324,-1.1832,10.3392,0.0417,-0.0229,9.8065,-0.2869,-0.0045,0.0383,-15.87,-32.62,26.13,310.86,-81.96,169.35
52.374207,-1.553803,141.54,9.53,4,114.45,20 / 21,4634109,2019-09-06 20:37:19:852,0.0479,-1.5131,9.3107,0.0299,-0.0194,9.8066,-0.11,-0.0889,-0.0169,-16.06,-33,26.44,310.49,-81.79,169.17
52.374207,-1.553803,141.54,9.53,4,114.45,20 / 21,4634210,2019-09-06 20:37:19:953,1.3831,0.2587,10.3663,0.0188,-0.0249,9.8065,-0.0309,-0.0658,-0.1287,-15.81,-33,27.25,310.41,-81.62,168.11
52.374207,-1.553803,141.54,9.53,4,114.45,20 / 21,4634311,2019-09-06 20:37:20:054,1.0072,-0.7479,10.0091,0.0253,-0.0227,9.8065,0.0097,-0.0176,0.0228,-15.56,-32.69,27,309.41,-81.47,167.34
52.374207,-1.553803,141.54,9.53,4,114.45,20 / 21,4634410,2019-09-06 20:37:20:153,1.2662,0.0983,10.1988,-0.0185,0.0309,9.8065,0.1638,-0.0824,-0.0526,-14.62,-32.81,26.19,309.56,-81.64,166.96
52.374207,-1.553803,141.54,9.53,4,114.45,20 / 21,4634510,2019-09-06 20:37:20:253,2.6251,-1.1059,10.8546,-0.0345,0.0605,9.8064,0.2843,0.1521,-0.1667,-14.75,-32.81,26.88,308.75,-81.78,164.98
52.374207,-1.553803,141.54,9.53,4,114.45,20 / 21,4634609,2019-09-06 20:37:20:352,-0.6844,-2.58,9.4819,0.0382,-0.0173,9.8065,-0.2682,0.022,-0.0627,-14.06,-32.81,26.31,309.54,-81.83,165.2
52.374207,-1.553803,141.54,9.53,4,114.45,20 / 21,4634709,2019-09-06 20:37:20:452,0.9917,0.3638,9.4352,0.0104,-0.0247,9.8066,-0.0737,0.0066,0.0519,-14.12,-33.37,25.56,308.04,-81.63,164.04
52.374207,-1.553803,141.54,9.53,4,114.45,20 / 21,4634809,2019-09-06 20:37:20:552,-0.3299,-2.4565,9.0705,0.0084,0.0317,9.8066,-0.033,0.0393,-0.1757,-14.5,-32.56,26.13,307.51,-81.74,163.46
52.374207,-1.553803,141.54,9.53,4,114.45,20 / 21,4634909,2019-09-06 20:37:20:652,-0.1719,-1.3537,9.6778,-0.0034,-0.0275,9.8065,-0.0169,-0.0935,0.1273,-14,-33.25,25.5,308.39,-81.66,164.34
52.374207,-1.553803,141.54,9.53,4,114.45,20 / 21,4635010,2019-09-06 20:37:20:753,-0.1904,-0.6248,9.8344,-0.0174,0.0291,9.8065,0.0778,-0.0591,-0.0272,-14.31,-33.62,26.31,307.7,-82.04,163.56
52.374207,-1.553803,141.54,9.53,4,114.45,20 / 21,4635109,2019-09-06 20:37:20:852,0.3541,-1.7142,10.3221,-0.022,0.0175,9.8066,0.0825,-0.0902,0.0169,-14.25,-33.06,25.94,308.6,-82.08,164.12
52.374207,-1.553803,141.54,9.53,4,114.45,20 / 21,4635209,2019-09-06 20:37:20:952,0.481,-0.4721,10.3993,0.0059,-0.01,9.8066,-0.0072,-0.106,0.0338,-14.31,-33.56,26.06,308.67,-81.98,164.5
52.374207,-1.553803,141.54,9.53,4,114.45,20 / 21,4635309,2019-09-06 20:37:21:052,1.7823,-1.3137,10.0891,-0.009,0.0155,9.8066,-0.0467,0.0013,-0.0401,-14.12,-33.94,26.44,308.73,-81.85,164.67
52.374207,-1.553803,141.54,9.53,4,114.45,20 / 21,4635409,2019-09-06 20:37:21:152,-0.0761,-1.7987,10.3663,0.0173,-0.0259,9.8066,-0.0039,0.043,-0.0019,-14,-33.25,26.38,309.77,-81.67,165.57
52.374207,-1.553803,141.54,9.53,4,114.45,20 / 21,4635510,2019-09-06 20:37:21:253,-0.0354,-0.1314,10.4029,0.0041,0.0174,9.8065,0.0363,0.1077,-0.0748,-14.19,-33,26.06,310.03,-81.72,165.75
52.374207,-1.553803,141.54,9.53,4,114.45,20 / 21,4635609,2019-09-06 20:37:21:352,0.3249,-1.0445,9.3248,0.019,-0.0154,9.8066,-0.1018,0.0116,-0.0053,-14.12,-33.25,25.94,309.6,-81.65,165.42
52.374207,-1.553803,141.54,9.53,4,114.45,20 / 21,4635710,2019-09-06 20:37:21:453,1.7899,-0.5137,9.7475,0.0085,-0.012,9.8066,0.0325,0.0489,-0.0918,-13.56,-33.12,26.25,309.47,-81.62,165.34
52.374207,-1.553803,141.54,9.53,4,114.45,20 / 21,4635810,2019-09-06 20:37:21:553,0.8663,-1.1984,9.8575,0.0067,-0.0112,9.8065,-0.0534,-0.0879,0.0452,-13.06,-33.87,25.63,311.34,-81.7,165.53
52.374207,-1.553803,141.54,9.53,4,114.45,20 / 21,4635910,2019-09-06 20:37:21:653,1.0666,-0.3378,10.1396,0.0202,-0.0117,9.8065,0.0438,0.0341,-0.0605,-12.56,-34.44,26,311.05,-81.59,165.38
52.374207,-1.553803,141.54,9.53,4,114.45,20 / 21,4636010,2019-09-06 20:37:21:753,-0.5537,-0.8056,10.3576,0.0021,0.0023,9.8066,0.0632,-0.0164,-0.0413,-13.12,-34.25,26.94,311.82,-81.58,165
52.374207,-1.553803,141.54,9.53,4,114.45,20 / 21,4636110,2019-09-06 20:37:21:853,0.7854,-0.6716,9.8412,-0.0056,0.0191,9.8066,-0.0191,-0.0044,-0.0389,-13.25,-33.62,26.69,311.47,-81.6,164.66
52.374207,-1.553803,141.54,9.53,4,114.45,20 / 21,4636210,2019-09-06 20:37:21:953,1.1417,-0.7072,9.6833,-0.0036,0.0062,9.8066,0.0955,0.0676,0.0083,-13.81,-33,26.44,308.19,-81.53,164.28
52.374207,-1.553803,141.54,9.53,4,114.45,20 / 21,4636309,2019-09-06 20:37:22:052,0.0509,-0.9127,9.3361,-0.02,0.0144,9.8066,0.0834,-0.0548,0.0527,-13.94,-33.25,27.31,309.58,-81.54,164.4
52.374207,-1.553803,141.54,9.53,4,114.45,20 / 21,4636410,2019-09-06 20:37:22:153,-0.5327,-0.5995,9.6972,-0.006,0.0137,9.8066,-0.0728,0.002,-0.1021,-14,-33.25,26.44,307.48,-81.62,163.55
52.374207,-1.553803,141.54,9.53,4,114.45,20 / 21,4636509,2019-09-06 20:37:22:252,0.751,-0.5358,9.7927,-0.0177,-0.0005,9.8066,0.0768,0.0242,0.0419,-13.87,-33.12,26,307.72,-81.8,163.6
52.374207,-1.553803,141.54,9.53,4,114.45,20 / 21,4636610,2019-09-06 20:37:22:353,-0.2068,-0.1308,10.2286,0.0072,-0.0101,9.8065,-0.0324,0.0204,0.0104,-14.19,-33.87,26.88,309,-81.85,163.8
52.374207,-1.553803,141.54,9.53,4,114.45,20 / 21,4636710,2019-09-06 20:37:22:453,-0.2755,-0.5927,9.9666,-0.0092,0.0024,9.8066,-0.0323,0.0317,-0.0635,-14.12,-33.44,26.38,307.88,-81.89,163.66
52.374207,-1.553803,141.54,9.53,4,114.45,20 / 21,4636810,2019-09-06 20:37:22:553,0.2839,0.1014,9.969,-0.0118,-0.0033,9.8066,0.0089,-0.0575,0.0015,-14.37,-33.31,26.31,309.37,-81.97,164.92
52.374207,-1.553803,141.54,9.53,4,114.45,20 / 21,4636910,2019-09-06 20:37:22:653,-0.3838,-0.6346,10.084,-0.0083,-0.0162,9.8066,0.0067,-0.0068,0.0935,-14.12,-33.44,26.56,312.11,-82.06,166.21
52.374207,-1.553803,141.54,9.53,4,114.45,20 / 21,4637010,2019-09-06 20:37:22:753,-0.581,-0.2447,9.6729,0.0056,-0.0171,9.8066,0.0036,-0.0431,-0.0158,-14.37,-33,26.25,312.04,-82.03,167.26
52.374207,-1.553803,141.54,9.53,4,114.45,20 / 21,4637110,2019-09-06 20:37:22:853,-0.0199,0.2183,10.051,-0.0002,-0.0108,9.8066,-0.0495,-0.0304,-0.0611,-14.56,-33.31,26.56,311.88,-81.94,167.65
52.374207,-1.553803,141.54,9.53,4,114.45,20 / 21,4637209,2019-09-06 20:37:22:952,0.4683,-0.2537,9.6262,-0.0012,0.0004,9.8066,0.0042,-0.0007,0.0046,-13.94,-33.12,26.94,314.37,-81.82,168.45
52.374207,-1.553803,141.54,9.53,4,114.45,20 / 21,4637310,2019-09-06 20:37:23:053,-0.1426,0.0399,9.6754,-0.0025,0.0037,9.8065,-0.0028,-0.0665,-0.0095,-14.81,-33.25,26.69,312.11,-81.88,167.92
52.373745,-1.552659,145.85,12.66,3,130.62,20 / 21,4637410,2019-09-06 20:37:23:153,-0.6431,-0.59,9.4642,0.0008,0.0047,9.8066,-0.0045,-0.0445,-0.019,-14.44,-32.69,26.69,312.74,-82.03,166.8
52.373745,-1.552659,145.85,12.66,3,130.62,20 / 21,4637509,2019-09-06 20:37:23:252,0.1115,-0.0683,9.3197,0.0169,0.0127,9.8065,-0.0139,0.0043,0.0043,-14.69,-32.81,25.63,307.67,-82,164.92
52.373745,-1.552659,145.85,12.66,3,130.62,20 / 21,4637609,2019-09-06 20:37:23:352,0.1814,-0.2616,9.999,0.0063,0.0034,9.8066,-0.0173,-0.0117,-0.04,-14.31,-33,25.88,308.16,-82,163.8
52.373745,-1.552659,145.85,12.66,3,130.62,20 / 21,4637710,2019-09-06 20:37:23:453,0.5098,-0.0755,10.2487,-0.002,0.0187,9.8065,-0.0271,-0.0262,-0.0136,-14.44,-33.37,26.13,307.18,-82.05,162.87
52.373745,-1.552659,145.85,12.66,3,130.62,20 / 21,4637810,2019-09-06 20:37:23:553,0.9573,-0.5973,10.0478,0.0225,-0.0225,9.8065,-0.0821,-0.0486,0.0059,-14.06,-33.06,25.81,306.99,-82.01,162.73
52.373745,-1.552659,145.85,12.66,3,130.62,20 / 21,4637910,2019-09-06 20:37:23:653,0.1752,0.7637,9.369,0.0249,-0.0263,9.8065,0.1041,0.0218,0.0583,-13.75,-34,26.06,306.8,-81.7,163.09
52.373745,-1.552659,145.85,12.66,3,130.62,20 / 21,4638010,2019-09-06 20:37:23:753,-0.0606,0.3843,9.8099,-0.0241,-0.0098,9.8066,0.011,-0.0377,0.0405,-14.06,-33.37,26.38,308.96,-81.81,164.7
52.373745,-1.552659,145.85,12.66,3,130.62,20 / 21,4638109,2019-09-06 20:37:23:852,0.1197,0.1431,10.0945,-0.0205,0.0055,9.8065,-0.0103,0.025,0.0167,-14.69,-33.37,25.75,308.8,-81.88,166.06
52.373745,-1.552659,145.85,12.66,3,130.62,20 / 21,4638209,2019-09-06 20:37:23:952,0.0401,-0.4685,9.6071,-0.0125,-0.002,9.8066,0.0916,-0.0315,0.0859,-14.19,-33.25,26.75,313.27,-81.9,167.39
52.373745,-1.552659,145.85,12.66,3,130.62,20 / 21,4638309,2019-09-06 20:37:24:052,0.7526,-1.7144,9.4474,-0.0159,-0.0097,9.8066,-0.1134,-0.0183,0.0034,-14.12,-33,26.38,313.9,-81.84,169.08
52.373745,-1.552659,145.85,12.66,3,130.62,19 / 21,4638409,2019-09-06 20:37:24:152,-0.6675,-0.5865,9.8128,-0.0036,-0.005,9.8066,-0.0446,0.0257,-0.0025,-14.06,-33.12,26.63,315.67,-81.87,169.55
52.373745,-1.552659,145.85,12.66,3,130.62,19 / 21,4638510,2019-09-06 20:37:24:253,0.238,0.2591,10.0512,-0.0079,0.01,9.8066,0.0381,-0.0211,0.0064,-14.37,-32.87,26.56,315.6,-81.95,169.43
52.373745,-1.552659,145.85,12.66,3,130.62,19 / 21,4638609,2019-09-06 20:37:24:352,0.2416,-0.0344,10.0684,-0.0058,0.0006,9.8066,0.1022,-0.0201,0.0059,-14.44,-33.56,25.81,315.1,-81.9,170.29
52.373745,-1.552659,145.85,12.66,3,130.62,19 / 21,4638710,2019-09-06 20:37:24:453,0.5114,0.0336,10.1989,-0.0126,0.0093,9.8066,-0.0594,-0.063,0.0726,-14.69,-33.25,26.31,314.13,-81.79,170.91
52.373745,-1.552659,145.85,12.66,3,130.62,19 / 21,4638810,2019-09-06 20:37:24:553,-0.2257,-0.394,9.358,-0.0034,-0.0163,9.8065,-0.0266,-0.068,0.0829,-14.69,-33.37,26.56,317.35,-81.74,172.69
52.373745,-1.552659,145.85,12.66,3,130.62,19 / 21,4638909,2019-09-06 20:37:24:652,-1.5992,0.9292,9.6685,0.0034,-0.0363,9.8065,0.1196,-0.0013,-0.0329,-14.94,-33.31,26.5,319.21,-81.59,174.45
52.373745,-1.552659,145.85,12.66,3,130.62,19 / 21,4639009,2019-09-06 20:37:24:752,1.2348,-0.097,9.3099,0.0224,0.0219,9.8065,-0.097,-0.1025,0.122,-14.31,-34.5,26.44,320.61,-81.83,175.19
52.373745,-1.552659,145.85,12.66,3,130.62,19 / 21,4639110,2019-09-06 20:37:24:853,0.0663,-0.781,9.2779,0.0011,-0.0227,9.8065,-0.0271,-0.0559,-0.018,-14.31,-34.37,25.94,320.05,-81.79,174.73
52.373745,-1.552659,145.85,12.66,3,130.62,19 / 21,4639210,2019-09-06 20:37:24:953,-0.2256,0.7667,10.0316,0.0084,0.0121,9.8066,0.018,-0.0862,-0.0331,-14.12,-34.44,25.94,319.22,-82.02,173.82
52.373745,-1.552659,145.85,12.66,3,130.62,19 / 21,4639310,2019-09-06 20:37:25:053,-0.696,0.4811,9.2878,0.003,-0.0105,9.8066,0.0233,-0.0051,0.0061,-13.5,-34.5,26.63,321.82,-81.8,173.58
52.373745,-1.552659,145.85,12.66,3,130.62,19 / 20,4639409,2019-09-06 20:37:25:152,-0.3352,-0.2855,10.1848,0.0001,-0.0105,9.8066,-0.0494,-0.0333,-0.0074,-14.12,-34.19,27.13,320.27,-81.69,173.92
52.373745,-1.552659,145.85,12.66,3,130.62,19 / 20,4639510,2019-09-06 20:37:25:253,-0.3729,0.2765,9.511,0.0098,0.0037,9.8066,-0.0612,-0.0358,0.0346,-14.69,-32.94,26.75,318.5,-81.69,173.75
52.373745,-1.552659,145.85,12.66,3,130.62,19 / 20,4639609,2019-09-06 20:37:25:352,-0.0416,0.7408,9.2669,0.0009,0.0179,9.8066,-0.0652,-0.0615,-0.0519,-14.69,-33.44,27.13,317.31,-81.73,172.68
52.373745,-1.552659,145.85,12.66,3,130.62,19 / 20,4639710,2019-09-06 20:37:25:453,-1.2545,0.2972,9.7579,0.0114,0.007,9.8066,0.0117,-0.05,-0.0305,-14.62,-34.56,26.94,315.77,-81.68,171.73
52.373745,-1.552659,145.85,12.66,3,130.62,19 / 20,4639809,2019-09-06 20:37:25:552,-1.0152,-0.3832,9.9661,0.0114,0.0069,9.8066,0.0035,-0.0571,0.0734,-14.37,-34,27.13,315.96,-81.64,170.19
52.373745,-1.552659,145.85,12.66,3,130.62,19 / 20,4639909,2019-09-06 20:37:25:652,-0.5368,0.8319,9.8844,-0.0006,0.0055,9.8065,0.0318,-0.0648,-0.0132,-13.94,-34,27.44,315.69,-81.69,169.91
52.373745,-1.552659,145.85,12.66,3,130.62,19 / 20,4640009,2019-09-06 20:37:25:752,-0.9868,0.3433,10.1087,0.0045,0.0134,9.8066,0.0739,-0.0893,0.0211,-13.06,-34.31,26.94,317.41,-81.61,169.9
52.373745,-1.552659,145.85,12.66,3,130.62,19 / 20,4640110,2019-09-06 20:37:25:853,-0.4407,0.1044,9.9067,0.0011,0.0001,9.8066,-0.0184,-0.0522,0.0174,-13.37,-34.37,26.56,316.78,-81.58,169.36
52.373745,-1.552659,145.85,12.66,3,130.62,19 / 20,4640210,2019-09-06 20:37:25:953,-0.4528,0.0589,9.968,0.0034,-0.001,9.8066,0.0757,-0.0457,-0.0192,-13.56,-33.25,26.88,315.19,-81.43,169.5
52.373745,-1.552659,145.85,12.66,3,130.62,19 / 20,4640310,2019-09-06 20:37:26:053,0.3435,-0.5156,9.8857,-0.0082,0.0179,9.8066,-0.1242,0.0151,-0.0052,-13,-33.94,27.06,316.57,-81.52,169.23
52.373745,-1.552659,145.85,12.66,3,130.62,19 / 21,4640409,2019-09-06 20:37:26:152,-0.1523,-0.1257,9.9113,0.0255,-0.0322,9.8065,-0.1053,-0.0686,0.0172,-13,-34.37,27.31,316.28,-81.47,169.02
52.373745,-1.552659,145.85,12.66,3,130.62,19 / 21,4640510,2019-09-06 20:37:26:253,-0.4019,0.1949,9.126,0.022,-0.0344,9.8066,0.0745,-0.0362,0.0114,-13.56,-34.12,26.81,314.55,-81.47,169.1
52.373745,-1.552659,145.85,12.66,3,130.62,19 / 21,4640610,2019-09-06 20:37:26:353,-0.737,0.3163,9.6268,-0.018,0.0281,9.8065,0.0148,-0.044,0.0077,-13.69,-33.94,26.44,313.51,-81.52,169.24
52.373745,-1.552659,145.85,12.66,3,130.62,19 / 21,4640710,2019-09-06 20:37:26:453,-0.6842,0.436,10.2006,-0.0173,0.0193,9.8065,-0.0739,-0.0551,-0.0242,-12.94,-34.44,26.69,316.36,-81.79,168.82
52.373745,-1.552659,145.85,12.66,3,130.62,19 / 21,4640810,2019-09-06 20:37:26:553,-1.5685,-0.0524,10.1153,0.0036,-0.0101,9.8065,-0.0292,-0.0219,-0.0199,-12.69,-34.37,26.44,316.55,-81.87,169.96
52.373745,-1.552659,145.85,12.66,3,130.62,19 / 21,4640909,2019-09-06 20:37:26:652,-0.1805,1.7167,9.6874,-0.0038,-0.0045,9.8066,0.0422,-0.1005,0.11,-12.75,-34.06,26.56,317.8,-81.84,170.04
52.373745,-1.552659,145.85,12.66,3,130.62,19 / 21,4641009,2019-09-06 20:37:26:752,-0.9232,0.264,10.3663,-0.0059,-0.0081,9.8066,-0.0196,-0.0031,0.0127,-13.75,-34.31,27.88,318.94,-81.71,171.73
52.373745,-1.552659,145.85,12.66,3,130.62,19 / 21,4641110,2019-09-06 20:37:26:853,-0.7337,-0.1488,9.7876,-0.0125,-0.001,9.8066,-0.0733,-0.1808,-0.0088,-13.06,-33.06,27.25,320.27,-81.74,172.1
52.373745,-1.552659,145.85,12.66,3,130.62,19 / 21,4641210,2019-09-06 20:37:26:953,-0.1781,1.454,9.9748,0.0224,-0.0159,9.8066,-0.2285,-0.0134,-0.0319,-13.06,-33.25,27.31,322.16,-81.6,173.85
52.373745,-1.552659,145.85,12.66,3,130.62,19 / 21,4641309,2019-09-06 20:37:27:052,0.4562,0.62,9.831,0.0137,-0.0233,9.8066,0.0604,-0.2179,0.0863,-12.94,-33.69,27.25,321.03,-81.53,173.11
52.373745,-1.552659,145.85,12.66,3,130.62,19 / 21,4641410,2019-09-06 20:37:27:153,-0.9925,-0.6227,9.5136,-0.0017,-0.0068,9.8065,-0.0096,-0.0262,-0.1128,-13.19,-33.81,27.25,322.85,-81.48,174.71
52.373745,-1.552659,145.85,12.66,3,130.62,19 / 21,4641509,2019-09-06 20:37:27:252,-0.8564,1.0981,10.3851,0.033,-0.0031,9.8065,0.1512,-0.1044,0.1434,-13,-33.12,27.06,321.41,-81.42,173.34
52.373745,-1.552659,145.85,12.66,3,130.62,19 / 21,4641610,2019-09-06 20:37:27:353,-0.9022,0.2165,9.9275,-0.0297,0.0235,9.8065,0.0034,-0.077,-0.0631,-12.94,-33.87,27.31,322.56,-81.42,174.51
52.373745,-1.552659,145.85,12.66,3,130.62,19 / 21,4641709,2019-09-06 20:37:27:452,0.0328,-0.0458,9.2766,-0.0205,0.0358,9.8065,0.0086,-0.1064,0.0703,-13.31,-33.69,27.13,323.03,-81.66,174.74
52.373745,-1.552659,145.85,12.66,3,130.62,19 / 21,4641810,2019-09-06 20:37:27:553,-1.0494,0.1913,10.6752,-0.0052,-0.0111,9.8066,-0.0431,-0.0901,-0.0642,-12.5,-33.25,26.56,326.2,-81.72,175.6
52.373745,-1.552659,145.85,12.66,3,130.62,19 / 21,4641910,2019-09-06 20:37:27:653,-0.2926,-0.5941,9.8148,-0.0027,0.0198,9.8065,0.0773,-0.0681,0.0712,-13.19,-33.44,27.56,325.19,-81.78,175.39
52.373745,-1.552659,145.85,12.66,3,130.62,19 / 21,4642010,2019-09-06 20:37:27:753,0.4079,-1.0536,9.6383,0.0028,-0.0214,9.8066,0.0077,-0.0438,0.0014,-13.25,-33.56,27.81,324.93,-81.68,175.39
52.373745,-1.552659,145.85,12.66,3,130.62,19 / 21,4642110,2019-09-06 20:37:27:853,-1.3292,-0.5452,10.3036,-0.002,-0.013,9.8066,0.1256,-0.047,-0.0017,-13.25,-33.75,27.44,324.74,-81.75,176.14
52.373745,-1.552659,145.85,12.66,3,130.62,19 / 21,4642210,2019-09-06 20:37:27:953,-0.7299,-0.7394,9.3077,-0.0108,0.0166,9.8065,0.1426,-0.0906,0.1178,-13.25,-34.25,27.44,325.24,-81.83,176.51
52.373745,-1.552659,145.85,12.66,3,130.62,19 / 21,4642310,2019-09-06 20:37:28:053,-0.113,-0.6503,9.6716,-0.0136,-0.0207,9.8065,-0.0269,-0.0445,0.0295,-12.69,-33.87,28,328.26,-81.82,178.17
52.373745,-1.552659,145.85,12.66,3,130.62,19 / 21,4642410,2019-09-06 20:37:28:153,-1.4749,-0.9657,9.6071,0.0051,-0.0033,9.8066,-0.0719,-0.152,0.1168,-12.69,-33.69,28.13,328.82,-81.85,178.63
52.373745,-1.552659,145.85,12.66,3,130.62,19 / 21,4642509,2019-09-06 20:37:28:252,-0.9402,0.2224,9.7791,0.0013,-0.0192,9.8066,0.0279,-0.1218,-0.0766,-12.19,-33.44,28.06,331.8,-81.89,179.39
52.373745,-1.552659,145.85,12.66,3,130.62,19 / 21,4642610,2019-09-06 20:37:28:353,-1.1476,-1.1665,10.0411,0.0137,0.0063,9.8066,0.054,-0.1317,0.1072,-12.5,-33.31,27.69,330.75,-81.88,178.49
52.373745,-1.552659,145.85,12.66,3,130.62,19 / 21,4642710,2019-09-06 20:37:28:453,-1.2116,-0.8375,11.2868,0.0298,-0.0403,9.8065,-0.0837,-0.0412,-0.0314,-12.5,-34.12,27.69,330.13,-81.88,178.09
52.373745,-1.552659,145.85,12.66,3,130.62,19 / 21,4642809,2019-09-06 20:37:28:552,-0.0335,-1.9101,10.5795,0.0359,-0.0433,9.8065,0.0557,-0.0972,-0.0112,-12.12,-34.75,28.88,329.3,-81.43,176.94
52.373745,-1.552659,145.85,12.66,3,130.62,19 / 21,4642910,2019-09-06 20:37:28:653,-0.5606,-0.7642,9.3648,-0.0019,-0.0019,9.8066,-0.0646,-0.0054,0.0128,-12.62,-33.81,28.44,325.84,-81.32,176.43
52.373745,-1.552659,145.85,12.66,3,130.62,19 / 21,4643009,2019-09-06 20:37:28:752,-0.8779,-1.2569,10.0045,-0.0006,-0.0187,9.8066,-0.0572,-0.0719,0.0709,-11.37,-33.56,28,330.6,-81.44,177.07
52.373745,-1.552659,145.85,12.66,3,130.62,19 / 21,4643109,2019-09-06 20:37:28:852,-1.0676,0.8469,9.9535,-0.0002,0.0088,9.8065,-0.0344,0.0036,-0.0601,-10.25,-32.94,28.06,333.15,-81.78,177.16
52.373745,-1.552659,145.85,12.66,3,130.62,19 / 21,4643210,2019-09-06 20:37:28:953,-0.5848,-0.0414,9.606,0.0138,-0.029,9.8066,-0.0379,-0.0329,0.0419,-10.94,-33,29.44,331.36,-81.94,176.48
52.373745,-1.552659,145.85,12.66,3,130.62,19 / 21,4643310,2019-09-06 20:37:29:053,-0.7078,0.4208,10.0582,0.0137,-0.0221,9.8066,0.0367,-0.0578,-0.0262,-11.12,-33.75,28.63,331.13,-81.68,176.56
52.373745,-1.552659,145.85,12.66,3,130.62,20 / 21,4643410,2019-09-06 20:37:29:153,-0.9164,0.8607,10.0371,-0.0006,0.0018,9.8066,-0.0045,-0.0144,0.0324,-11.37,-32.62,28.63,330.58,-81.66,175.97
52.373745,-1.552659,145.85,12.66,3,130.62,20 / 21,4643509,2019-09-06 20:37:29:252,0.0226,0.3888,9.9769,-0.0056,0.0104,9.8066,0.0236,-0.0576,-0.0169,-10.87,-32.31,29.19,331.13,-81.55,176.37
52.373745,-1.552659,145.85,12.66,3,130.62,20 / 21,4643610,2019-09-06 20:37:29:353,0.1351,0.4017,9.536,0.0042,0.005,9.8066,-0.0343,-0.1031,0.0886,-12,-33.44,29.38,328.9,-81.59,176.23
52.373745,-1.552659,145.85,12.66,3,130.62,20 / 21,4643710,2019-09-06 20:37:29:453,-1.5004,0.3931,10.1681,-0.0139,0.0101,9.8065,0.0409,-0.0482,0.0449,-11.12,-32.5,29.13,331.71,-81.75,176.76
52.373745,-1.552659,145.85,12.66,3,130.62,20 / 21,4643810,2019-09-06 20:37:29:553,0.2821,0.4768,9.5204,-0.0257,0.0335,9.8065,-0.0235,-0.0914,0.0208,-10.94,-33.12,28.94,332.06,-81.84,177.14
52.373745,-1.552659,145.85,12.66,3,130.62,20 / 21,4643909,2019-09-06 20:37:29:652,0.2093,-1.0055,9.773,0.0028,-0.023,9.8066,-0.0046,-0.0721,0.0506,-11.44,-33.25,28.75,332.75,-81.71,177.81
52.373745,-1.552659,145.85,12.66,3,130.62,20 / 21,4644009,2019-09-06 20:37:29:752,-1.3379,0.7767,9.7691,-0.0028,-0.0252,9.8065,0.0081,-0.0086,0.004,-10.87,-33.25,28.56,334.09,-81.57,179.02
52.373745,-1.552659,145.85,12.66,3,130.62,20 / 21,4644110,2019-09-06 20:37:29:853,-0.423,0.222,10.3794,-0.0211,0.0168,9.8065,0.0818,-0.0887,0.1018,-11.19,-32.06,29.63,336.88,-81.61,-179.46
52.373745,-1.552659,145.85,12.66,3,130.62,20 / 21,4644209,2019-09-06 20:37:29:952,-0.2995,0.525,9.593,-0.0162,-0.001,9.8066,-0.086,-0.0537,-0.0352,-11.31,-33.12,29.63,338.24,-81.49,-178.16
52.373745,-1.552659,145.85,12.66,3,130.62,20 / 21,4644309,2019-09-06 20:37:30:052,-0.5377,-0.8909,9.363,0.0044,0.0022,9.8066,-0.0492,-0.0823,0.079,-10.69,-33.56,28.63,338.1,-81.47,-177.42
52.373745,-1.552659,145.85,12.66,3,130.62,19 / 21,4644410,2019-09-06 20:37:30:153,-1.0138,-0.0081,10.2637,0.0012,-0.0071,9.8066,-0.0023,-0.0919,-0.007,-10.5,-33.44,29.25,341.21,-81.44,-176.61
52.373745,-1.552659,145.85,12.66,3,130.62,19 / 21,4644509,2019-09-06 20:37:30:252,0.3575,-1.3499,9.6616,-0.003,0.0057,9.8066,0.1214,-0.0747,-0.0544,-10.69,-33.37,29.25,339.18,-81.39,-176.58
52.373745,-1.552659,145.85,12.66,3,130.62,19 / 21,4644610,2019-09-06 20:37:30:353,0.208,-0.1577,9.6086,0.0159,-0.0049,9.8066,-0.0306,-0.1116,0.0393,-10.62,-33.19,29.5,338.93,-81.26,-177.47
52.373745,-1.552659,145.85,12.66,3,130.62,19 / 21,4644710,2019-09-06 20:37:30:453,-0.8272,-0.8814,9.8849,-0.0051,0.0087,9.8066,0.0297,-0.0427,-0.072,-10.5,-33.06,29.88,339.97,-81.48,-178.36
52.373745,-1.552659,145.85,12.66,3,130.62,19 / 21,4644810,2019-09-06 20:37:30:553,-0.5224,-1.0188,10.8711,0.0017,0.0037,9.8066,0.0517,-0.0978,0.0295,-9.44,-33.31,29.56,341.31,-81.51,-178.94
52.373745,-1.552659,145.85,12.66,3,130.62,19 / 21,4644910,2019-09-06 20:37:30:653,0.0498,1.2625,9.4529,0.0217,-0.0191,9.8066,-0.1271,-0.0157,0.007,-10.37,-32.69,29.63,338.06,-81.35,-179.91
52.373745,-1.552659,145.85,12.66,3,130.62,19 / 21,4645010,2019-09-06 20:37:30:753,-0.855,-0.0169,9.4762,0.0052,-0.0343,9.8065,0.1499,-0.0972,0.0329,-11,-32.5,30.38,336.41,-81.23,-179.7
52.373745,-1.552659,145.85,12.66,3,130.62,19 / 21,4645109,2019-09-06 20:37:30:852,-0.9975,-1.3847,10.3681,-0.0341,0.0383,9.8065,0.0908,-0.197,0.0465,-11.75,-32.62,29.31,335.71,-81.32,-177.81
52.373745,-1.552659,145.85,12.66,3,130.62,19 / 21,4645209,2019-09-06 20:37:30:952,-0.673,0.4239,9.9724,-0.0269,0.0247,9.8065,0.0613,-0.0727,0.0826,-10.94,-31.81,29.56,341.29,-81.63,-175.71
52.373745,-1.552659,145.85,12.66,3,130.62,19 / 21,4645309,2019-09-06 20:37:31:052,-1.2557,-0.5231,10.4855,-0.0146,-0.0118,9.8065,0.1179,-0.1123,0.1142,-11.06,-31.81,29.44,343.34,-81.49,-173.21
52.373745,-1.552659,145.85,12.66,3,130.62,20 / 21,4645410,2019-09-06 20:37:31:153,-1.0255,-0.214,10.0061,-0.0249,-0.0075,9.8066,-0.043,-0.1148,0.0498,-10.19,-32.69,28.81,347.34,-81.34,-171.46
52.373745,-1.552659,145.85,12.66,3,130.62,20 / 21,4645509,2019-09-06 20:37:31:252,-1.4029,-0.1949,9.6354,-0.0129,0.0019,9.8066,0.0236,-0.092,0.0141,-10,-32.56,29.75,349.35,-81.2,-170.4
52.373745,-1.552659,145.85,12.66,3,130.62,20 / 21,4645610,2019-09-06 20:37:31:353,-0.4208,0.0028,10.1061,-0.0096,0.006,9.8065,-0.0639,-0.0646,0.0159,-10.31,-32.94,29.75,350.34,-81.23,-169.58
52.373745,-1.552659,145.85,12.66,3,130.62,20 / 21,4645710,2019-09-06 20:37:31:453,-0.4663,-0.1007,9.6339,0.0066,-0.0279,9.8066,-0.0599,-0.0293,-0.0039,-10.44,-33.12,30.56,351.06,-81.14,-169.57
52.373745,-1.552659,145.85,12.66,3,130.62,20 / 21,4645809,2019-09-06 20:37:31:552,-0.902,0.1259,9.2963,0.0156,-0.0318,9.8065,0.0596,-0.0057,-0.0059,-9.94,-33,30.75,350.62,-81,-169.91
52.373745,-1.552659,145.85,12.66,3,130.62,20 / 21,4645910,2019-09-06 20:37:31:653,0.2335,0.0893,9.6374,-0.0084,0.0305,9.8065,0.0932,-0.097,0.068,-9.44,-32.31,30,351.86,-81.07,-170.06
52.373745,-1.552659,145.85,12.66,3,130.62,20 / 21,4646010,2019-09-06 20:37:31:753,-0.2809,-0.124,9.6342,-0.0081,0.0055,9.8066,-0.007,-0.0621,0.0232,-10.56,-32.5,30.06,348.1,-80.94,-169.75
52.373745,-1.552659,145.85,12.66,3,130.62,20 / 21,4646110,2019-09-06 20:37:31:853,-0.1483,-0.4224,9.7072,-0.0029,-0.0097,9.8065,-0.0831,0.0077,0.0161,-9.81,-32.56,30.19,350.76,-81.01,-169.2
52.373745,-1.552659,145.85,12.66,3,130.62,20 / 21,4646210,2019-09-06 20:37:31:953,-0.6974,0.3023,9.7163,0.0029,-0.0093,9.8066,0.0714,-0.0636,0.013,-9.56,-33.06,30.13,351.05,-81.04,-168.96
52.373745,-1.552659,145.85,12.66,3,130.62,20 / 21,4646310,2019-09-06 20:37:32:053,0.131,0.2987,9.7966,0.002,-0.0103,9.8066,0.027,-0.0437,-0.0287,-9.87,-32.81,30.38,351.7,-81.03,-168.42
52.372944,-1.551573,150.03,13,3,156.23,21 / 22,4646410,2019-09-06 20:37:32:153,-0.4018,-0.9192,10.1018,-0.0031,-0.017,9.8065,0.0501,-0.0228,0.0235,-9.62,-32.56,30.44,352.01,-81.06,-168.17
52.372944,-1.551573,150.03,13,3,156.23,21 / 22,4646509,2019-09-06 20:37:32:252,-0.4371,1.0408,10.123,0.0036,-0.0057,9.8066,0.088,-0.0781,0.033,-9.44,-33.56,30.81,355.02,-80.86,-167.9
52.372944,-1.551573,150.03,13,3,156.23,21 / 22,4646609,2019-09-06 20:37:32:352,-0.2132,0.2352,9.8197,0.002,-0.0034,9.8066,0.0394,-0.0465,0.0414,-9.69,-32.94,30.44,352.47,-80.75,-167.74
52.372944,-1.551573,150.03,13,3,156.23,21 / 22,4646710,2019-09-06 20:37:32:453,0.5527,0.6493,8.4044,-0.0118,-0.0066,9.8066,0.0578,-0.1132,0.045,-9.75,-33.12,30.63,354.06,-80.64,-167
52.372944,-1.551573,150.03,13,3,156.23,21 / 22,4646809,2019-09-06 20:37:32:552,0.426,0.7921,8.894,-0.0235,0.0747,9.8063,-0.0883,-0.1535,0.0629,-9.69,-33.06,30.5,354.84,-80.37,-166.33
52.372944,-1.551573,150.03,13,3,156.23,21 / 22,4646910,2019-09-06 20:37:32:653,0.6355,-1.7061,11.1671,0.0007,-0.0118,9.8066,0.2749,-0.2319,0.0527,-9.5,-32.81,31.19,357.55,-80.7,-165.82
52.372944,-1.551573,150.03,13,3,156.23,21 / 22,4647009,2019-09-06 20:37:32:752,-2.0583,0.5178,10.328,-0.0148,0.0774,9.8063,0.2246,-0.1382,0.0174,-9.19,-32.56,30.94,357.72,-80.7,-165.68
52.372944,-1.551573,150.03,13,3,156.23,21 / 22,4647109,2019-09-06 20:37:32:852,-0.4525,0.2164,9.9129,-0.0201,0.0609,9.8064,0.02,-0.0675,0.0039,-9,-32.56,30.81,357.11,-80.53,-166.17
52.372944,-1.551573,150.03,13,3,156.23,21 / 22,4647210,2019-09-06 20:37:32:953,-0.4219,-0.0848,10.3895,0.0013,-0.0118,9.8066,0.0792,-0.0417,-0.0109,-8.31,-32.81,30.75,358.34,-80.31,-166.87
52.372944,-1.551573,150.03,13,3,156.23,21 / 22,4647310,2019-09-06 20:37:33:053,-0.0918,-0.0418,9.788,0.0041,0.0131,9.8066,-0.0951,-0.089,0.0425,-8.69,-33.5,30.88,355.85,-80.34,-167.19
52.372944,-1.551573,150.03,13,3,156.23,20 / 21,4647409,2019-09-06 20:37:33:152,-0.1858,-0.5119,10.1749,0.0007,-0.0118,9.8066,-0.0275,-0.0372,-0.036,-8.56,-33.56,31.13,355.71,-80.34,-167.29
52.372944,-1.551573,150.03,13,3,156.23,20 / 21,4647510,2019-09-06 20:37:33:253,-0.6983,0.0327,9.9629,-0.0004,0.0133,9.8066,0.0082,-0.0568,0.0109,-8.69,-33.75,30.81,355.5,-80.31,-167.45
52.372944,-1.551573,150.03,13,3,156.23,20 / 21,4647609,2019-09-06 20:37:33:352,-0.1587,1.0153,9.4023,-0.0023,-0.0024,9.8066,-0.0778,-0.0174,0.0091,-8.62,-32.62,31.44,355.33,-80.36,-167.62
52.372944,-1.551573,150.03,13,3,156.23,20 / 21,4647709,2019-09-06 20:37:33:452,0.098,0.8566,10.1581,0.001,-0.0145,9.8066,0.1149,0.0118,-0.006,-8.56,-33.12,30.88,355.68,-80.38,-167.33
52.372944,-1.551573,150.03,13,3,156.23,20 / 21,4647810,2019-09-06 20:37:33:553,0.3018,0.086,9.6288,0.0001,-0.006,9.8066,0.0261,-0.0194,0.002,-9.06,-33.19,31.31,355.79,-80.44,-167.24
52.372944,-1.551573,150.03,13,3,156.23,20 / 21,4647909,2019-09-06 20:37:33:652,0.1751,0.4874,9.8266,-0.0044,-0.0079,9.8066,-0.0627,-0.0222,0.0301,-7.87,-32.81,30.88,358.34,-80.5,-166.88
52.372944,-1.551573,150.03,13,3,156.23,20 / 21,4648010,2019-09-06 20:37:33:753,0.2549,1.0132,9.3885,-0.0074,-0.0048,9.8066,-0.1034,0,0.0019,-8.31,-33.5,31,358.91,-80.63,-166.42
52.372944,-1.551573,150.03,13,3,156.23,20 / 21,4648109,2019-09-06 20:37:33:852,0.1545,0.1616,9.7083,-0.0083,0.0036,9.8066,0.0436,-0.0206,0.042,-8.94,-33.44,30.44,357.29,-80.62,-165.51
52.372944,-1.551573,150.03,13,3,156.23,20 / 21,4648210,2019-09-06 20:37:33:953,0.1595,-0.3232,10.2893,-0.0127,-0.0196,9.8065,0.0742,-0.0471,-0.0074,-8.44,-33.06,31.25,1.21,-80.57,-164.54
52.372944,-1.551573,150.03,13,3,156.23,20 / 21,4648310,2019-09-06 20:37:34:053,0.6022,0.6375,10.1061,-0.0053,-0.0028,9.8066,-0.0368,0.0167,0.0703,-8.44,-32.56,31,2.04,-80.5,-163.87
52.372944,-1.551573,150.03,13,3,156.23,20 / 21,4648409,2019-09-06 20:37:34:152,0.4016,0.074,10.3819,-0.0084,-0.0291,9.8066,-0.0698,0.0519,0.0723,-8.75,-32.62,31.13,0.94,-80.31,-163.05
52.372944,-1.551573,150.03,13,3,156.23,20 / 21,4648509,2019-09-06 20:37:34:252,-1.4251,-0.0583,10.2328,-0.0114,0.0005,9.8065,-0.0543,0.0137,-0.0952,-8.81,-32.37,30.56,1.86,-80.36,-162.29
52.372944,-1.551573,150.03,13,3,156.23,20 / 21,4648610,2019-09-06 20:37:34:353,-0.9633,1.1779,10.3792,0.0084,0.0063,9.8066,0.1185,-0.0506,0.0109,-8.31,-32.19,31.44,3.54,-80.35,-162.63
52.372944,-1.551573,150.03,13,3,156.23,20 / 21,4648710,2019-09-06 20:37:34:453,-0.8131,0.9037,10.2453,0.0091,0.008,9.8066,-0.0448,-0.0125,-0.033,-8.31,-32.12,31.56,3.31,-80.32,-163.24
52.372944,-1.551573,150.03,13,3,156.23,20 / 21,4648810,2019-09-06 20:37:34:553,0.3742,0.4275,10.0143,0.014,0.0054,9.8066,0.0598,0.0193,-0.0571,-8.31,-32.06,31.13,1.24,-80.31,-164.52
52.372944,-1.551573,150.03,13,3,156.23,20 / 21,4648909,2019-09-06 20:37:34:652,-0.5193,1.1511,9.8657,0.0093,0,9.8066,0.0049,-0.0198,-0.0484,-8.5,-32,31.75,359.81,-80.3,-166.12
52.372944,-1.551573,150.03,13,3,156.23,20 / 21,4649010,2019-09-06 20:37:34:753,0.9211,-0.2933,9.9595,0.0039,0.0044,9.8066,0.0784,-0.0035,-0.0024,-8.56,-33.06,31.31,356.64,-80.17,-166.54
52.372944,-1.551573,150.03,13,3,156.23,20 / 21,4649110,2019-09-06 20:37:34:853,0.3776,-0.7289,9.8107,-0.007,0.005,9.8066,-0.2029,0.0249,-0.031,-8.56,-32.12,30.81,356.87,-80.11,-166.36
52.372944,-1.551573,150.03,13,3,156.23,20 / 21,4649210,2019-09-06 20:37:34:953,0.6041,0.8289,8.8365,0.0008,-0.026,9.8065,-0.2283,0.0308,0.0456,-8,-32.94,31.38,359.14,-79.97,-166.22
52.372944,-1.551573,150.03,13,3,156.23,20 / 21,4649310,2019-09-06 20:37:35:053,0.1618,1.7316,9.3324,-0.0064,-0.0271,9.8066,0.1118,-0.1011,0.1095,-8.56,-32.31,31.56,358.85,-80,-165.24
52.372944,-1.551573,150.03,13,3,156.23,19 / 21,4649409,2019-09-06 20:37:35:152,0.4071,0.9801,9.9801,-0.024,0.0209,9.8065,-0.0297,0.0413,-0.0826,-9.25,-32.62,30.94,0.15,-80.1,-163.69
52.372944,-1.551573,150.03,13,3,156.23,19 / 21,4649509,2019-09-06 20:37:35:252,0.7889,0.7049,10.1847,-0.0095,-0.0013,9.8065,-0.0178,-0.0171,0.0945,-9.06,-32.06,29.63,0.55,-80.15,-162.86
52.372944,-1.551573,150.03,13,3,156.23,19 / 21,4649610,2019-09-06 20:37:35:353,-0.2848,1.783,9.9169,-0.0057,-0.0354,9.8065,-0.0812,0.0289,0.0144,-7.69,-31.87,30.44,3.33,-79.89,-162.39
52.372944,-1.551573,150.03,13,3,156.23,19 / 21,4649709,2019-09-06 20:37:35:452,-0.0429,0.6449,9.9693,0.0052,-0.0228,9.8066,0.0577,-0.0158,-0.0283,-8.19,-32.62,31.25,4.05,-79.87,-162.28
52.372944,-1.551573,150.03,13,3,156.23,19 / 21,4649809,2019-09-06 20:37:35:552,0.3872,0.763,9.8681,-0.0034,0.0188,9.8065,0.0631,-0.0421,-0.0186,-8.31,-32.44,30.94,3.27,-80.1,-162.87
52.372944,-1.551573,150.03,13,3,156.23,19 / 21,4649909,2019-09-06 20:37:35:652,-0.3013,-0.0513,9.9526,0.0021,0.0303,9.8065,-0.0783,0.0333,-0.0221,-9.25,-32.06,31.56,1.23,-80.19,-163.28
52.372944,-1.551573,150.03,13,3,156.23,19 / 21,4650010,2019-09-06 20:37:35:753,0.0068,0.5184,9.7231,0.0148,-0.0146,9.8066,-0.0822,-0.024,0.0286,-9.25,-32.31,30.63,358.84,-80.17,-164.76
52.372944,-1.551573,150.03,13,3,156.23,19 / 21,4650109,2019-09-06 20:37:35:852,0.8518,0.6438,9.7711,0.0016,-0.0086,9.8066,-0.0023,0.0102,-0.0375,-7.94,-32.37,30.38,0.46,-80.26,-164.7
52.372944,-1.551573,150.03,13,3,156.23,19 / 21,4650209,2019-09-06 20:37:35:952,-0.2166,0.6112,9.9993,-0.0096,0.0106,9.8065,0.0251,-0.0393,0.0299,-7.12,-33,31,2.84,-80.36,-164.97
52.372944,-1.551573,150.03,13,3,156.23,19 / 21,4650309,2019-09-06 20:37:36:052,0.4675,0.7181,9.7464,-0.0073,0.0046,9.8066,-0.0179,0.0489,0.0461,-7.94,-33.12,30.81,1.41,-80.31,-164.38
52.372944,-1.551573,150.03,13,3,156.23,19 / 21,4650410,2019-09-06 20:37:36:153,1.1036,0.0247,9.7021,-0.0101,-0.0101,9.8065,0.0122,-0.0492,0.0504,-8.31,-32.56,31.44,1.4,-80.24,-164.39
52.372944,-1.551573,150.03,13,3,156.23,19 / 21,4650509,2019-09-06 20:37:36:252,-0.4999,1.0294,9.7189,-0.0026,-0.0158,9.8066,0.0742,0.0338,-0.0378,-7.56,-33,30.75,2.13,-80.16,-163.8
52.372944,-1.551573,150.03,13,3,156.23,19 / 21,4650609,2019-09-06 20:37:36:352,-0.0377,-0.1385,9.8848,0.0031,0.0282,9.8066,0.0711,0.023,0.0981,-8.44,-32.94,30.88,1.74,-80.1,-164.13
52.372944,-1.551573,150.03,13,3,156.23,19 / 21,4650709,2019-09-06 20:37:36:452,-0.026,-0.3035,9.7948,-0.0114,0.0141,9.8066,-0.0957,0.0258,-0.0983,-7.69,-32.37,30.81,1.89,-80.21,-163.99
52.372944,-1.551573,150.03,13,3,156.23,19 / 21,4650809,2019-09-06 20:37:36:552,-0.0628,0.0985,10.1059,0.0049,0.0021,9.8066,-0.0238,-0.0997,0.0432,-7.69,-32.56,31.25,1.71,-80.31,-164.14
52.372944,-1.551573,150.03,13,3,156.23,19 / 21,4650909,2019-09-06 20:37:36:652,0.9896,-1.0039,10.4432,0.0004,-0.0041,9.8066,0.011,0.0533,0.0044,-8.19,-32.75,30.94,1.76,-80.29,-164.1
52.372944,-1.551573,150.03,13,3,156.23,19 / 21,4651010,2019-09-06 20:37:36:753,0.484,0.3618,9.5869,-0.0059,-0.034,9.8066,-0.0262,-0.0452,0.0884,-8.62,-32.44,31.38,359.34,-80.08,-164.35
52.372944,-1.551573,150.03,13,3,156.23,19 / 21,4651110,2019-09-06 20:37:36:853,-0.8258,-0.0927,10.2638,-0.0149,0.0068,9.8066,0.107,-0.0429,0.0149,-8.5,-32.44,31.25,3.07,-79.94,-163.04
52.372944,-1.551573,150.03,13,3,156.23,19 / 21,4651209,2019-09-06 20:37:36:952,0.4854,0.15,9.9402,-0.009,0.0128,9.8066,0.0926,0.0301,0.0302,-9.12,-32.37,30.81,1.62,-79.92,-162.5
52.372944,-1.551573,150.03,13,3,156.23,19 / 21,4651310,2019-09-06 20:37:37:053,0.7082,-0.9055,9.6203,-0.0061,-0.0087,9.8066,0.0049,0.0038,-0.002,-9.06,-32.06,31.19,2.53,-79.92,-161.76
52.372944,-1.551573,150.03,13,3,156.23,20 / 21,4651409,2019-09-06 20:37:37:152,-0.4278,0.7556,10.1445,-0.0057,0.0262,9.8065,0.0552,-0.0029,0.0252,-8.44,-31.94,31.5,5.53,-79.98,-161.45
52.372944,-1.551573,150.03,13,3,156.23,20 / 21,4651510,2019-09-06 20:37:37:253,1.0293,-1.218,9.6614,-0.0002,0.0266,9.8066,-0.0055,0.0183,-0.0877,-8.19,-31.69,31.19,4.72,-79.99,-161.7
52.372944,-1.551573,150.03,13,3,156.23,20 / 21,4651609,2019-09-06 20:37:37:352,0.1608,-0.1198,10.0363,0.0091,0.0228,9.8066,0.0381,0.0793,0.0438,-8.87,-32.12,30.75,1.82,-80.14,-162.33
52.372944,-1.551573,150.03,13,3,156.23,20 / 21,4651709,2019-09-06 20:37:37:452,-0.2296,-1.3684,9.6009,-0.0184,0.0241,9.8065,-0.0242,0.005,-0.0857,-7.62,-32.56,30.25,3.46,-80.26,-162.28
52.372944,-1.551573,150.03,13,3,156.23,20 / 21,4651810,2019-09-06 20:37:37:553,-0.2644,1.0232,10.1826,0.0052,0.0111,9.8066,-0.1636,-0.0738,-0.0371,-8.25,-32.81,30.88,4.61,-80.24,-161.79
52.372944,-1.551573,150.03,13,3,156.23,20 / 21,4651910,2019-09-06 20:37:37:653,1.9067,0.8948,9.5612,0.0108,0.0208,9.8065,-0.0128,-0.0577,0.0389,-7.81,-33.44,31.63,4.48,-80.53,-162.28
52.372944,-1.551573,150.03,13,3,156.23,20 / 21,4652010,2019-09-06 20:37:37:753,0.143,1.0107,9.34,-0.004,0.0144,9.8066,0.1588,-0.0853,-0.0242,-7.87,-33.69,31.5,4.28,-80.64,-162.46
52.372944,-1.551573,150.03,13,3,156.23,20 / 21,4652109,2019-09-06 20:37:37:852,1.3988,-0.3498,9.7894,0.0102,0.0544,9.8064,-0.1347,-0.0832,0.1131,-8,-32.81,31.19,2.38,-80.6,-163.58
52.372944,-1.551573,150.03,13,3,156.23,20 / 21,4652209,2019-09-06 20:37:37:952,-0.45,1.2757,10.9398,-0.0048,0.0013,9.8066,0.0518,-0.0865,-0.0228,-8.44,-32.94,31.38,2.06,-80.56,-163.85
52.372944,-1.551573,150.03,13,3,156.23,20 / 21,4652309,2019-09-06 20:37:38:052,0.5744,0.7803,10.1515,-0.0062,0.0302,9.8066,-0.0279,-0.009,-0.0825,-7.81,-32.62,31,1.99,-80.53,-163.91
52.372944,-1.551573,150.03,13,3,156.23,21 / 22,4652409,2019-09-06 20:37:38:152,-0.444,-1.2559,10.2168,-0.0072,-0.0045,9.8066,0.166,-0.0491,0.1393,-8.44,-32.87,31.31,1.14,-80.39,-164.61
52.372944,-1.551573,150.03,13,3,156.23,21 / 22,4652510,2019-09-06 20:37:38:253,-0.1866,0.3196,10.2454,-0.0215,0.0359,9.8065,-0.1717,0.0314,-0.0451,-8.94,-33.25,31.69,1.21,-80.42,-163.3
52.372944,-1.551573,150.03,13,3,156.23,21 / 22,4652609,2019-09-06 20:37:38:352,0.0482,0.4991,10.065,0.0046,-0.0227,9.8066,0.028,-0.0587,0.0889,-8.44,-33.19,31.56,3.19,-80.41,-163.35
52.372944,-1.551573,150.03,13,3,156.23,21 / 22,4652710,2019-09-06 20:37:38:453,-0.7763,1.1864,9.8339,0.0022,-0.0389,9.8065,0.0239,-0.0405,0.0289,-8.44,-33.12,32.13,3.81,-80.32,-162.84
52.372944,-1.551573,150.03,13,3,156.23,21 / 22,4652810,2019-09-06 20:37:38:553,0.7554,0.0343,10.0191,-0.0084,0.0104,9.8066,0.073,-0.0234,-0.0236,-8.87,-31.75,30.88,1.65,-80.42,-162.46
52.372944,-1.551573,150.03,13,3,156.23,21 / 22,4652910,2019-09-06 20:37:38:653,0.3962,0.52,10.1436,-0.0103,0.0274,9.8066,-0.1088,-0.0577,0.0654,-8.5,-32.75,30.69,4.12,-80.38,-162.18
52.372944,-1.551573,150.03,13,3,156.23,21 / 22,4653010,2019-09-06 20:37:38:753,-0.0043,0.3191,9.7024,-0.0043,-0.0282,9.8066,-0.0705,-0.0632,-0.0216,-7.62,-32.81,31.38,4.31,-80.51,-162.01
52.372944,-1.551573,150.03,13,3,156.23,21 / 22,4653110,2019-09-06 20:37:38:853,0.5959,0.6252,9.8295,-0.0034,-0.0017,9.8066,0.0137,-0.0571,0.0466,-7.81,-32.81,31.38,5.06,-80.45,-161.4
52.372944,-1.551573,150.03,13,3,156.23,21 / 22,4653210,2019-09-06 20:37:38:953,0.5548,0.4311,9.7128,-0.0026,-0.0149,9.8066,-0.0137,-0.015,-0.0083,-8.56,-32.5,31.31,3.2,-80.45,-161.18
52.372944,-1.551573,150.03,13,3,156.23,21 / 22,4653309,2019-09-06 20:37:39:052,-2.6296,-0.5619,8.6602,-0.0041,-0.0251,9.8066,-0.2292,-0.1422,0.1438,-8.75,-33.56,32,4.53,-80.42,-160.6
52.372944,-1.551573,150.03,13,3,156.23,20 / 21,4653409,2019-09-06 20:37:39:152,0.5539,1.1822,8.2682,-0.0129,-0.0197,9.8065,-0.3305,0.1416,-0.0569,-8.62,-32.62,31.06,5.36,-80.45,-159.43
52.372944,-1.551573,150.03,13,3,156.23,20 / 21,4653510,2019-09-06 20:37:39:253,-0.5152,6.1042,7.7912,-0.04,0.1217,9.8058,0.2809,-0.1081,0.0513,-9.25,-32.37,31,5.08,-80.36,-159.65
52.372944,-1.551573,150.03,13,3,156.23,20 / 21,4653609,2019-09-06 20:37:39:352,0.3501,0.2539,9.602,-0.0384,0.1092,9.8059,0.1444,0.023,-0.0809,-9.19,-32.5,30.69,4.65,-80.39,-160
52.372944,-1.551573,150.03,13,3,156.23,20 / 21,4653710,2019-09-06 20:37:39:453,-0.0221,0.7738,9.596,0.02,-0.0279,9.8065,0.1111,-0.0304,0.0164,-8.62,-32.31,31.69,5.45,-80.75,-159.76
52.372944,-1.551573,150.03,13,3,156.23,20 / 21,4653809,2019-09-06 20:37:39:552,0.9966,-0.5558,10.0223,0.0105,-0.0022,9.8066,0.0969,-0.0145,0.0086,-8.87,-32.25,31.13,2.91,-80.61,-161.41
52.372944,-1.551573,150.03,13,3,156.23,20 / 21,4653909,2019-09-06 20:37:39:652,-0.3885,0.6834,10.3928,-0.0037,0.0153,9.8066,-0.0276,0.003,-0.0454,-8.19,-32.75,31.38,5.02,-80.65,-161.41
52.372944,-1.551573,150.03,13,3,156.23,20 / 21,4654010,2019-09-06 20:37:39:753,-0.4057,0.0319,10.1439,0.0069,-0.0189,9.8066,0.0001,-0.0443,0.0607,-8.25,-32.12,31.38,3.79,-80.59,-162.41
52.372944,-1.551573,150.03,13,3,156.23,20 / 21,4654109,2019-09-06 20:37:39:852,0.7825,-0.364,9.7563,0.0007,-0.0126,9.8066,-0.0352,-0.015,-0.0385,-8.87,-32.44,30.88,1.98,-80.59,-162.18
52.372944,-1.551573,150.03,13,3,156.23,20 / 21,4654209,2019-09-06 20:37:39:952,0.2151,1.0771,9.3579,-0.0002,0.0102,9.8066,0.0665,0.0164,0.0062,-8.44,-31.75,31.44,3.46,-80.59,-162.68
52.372944,-1.551573,150.03,13,3,156.23,20 / 21,4654310,2019-09-06 20:37:40:053,0.3533,1.1919,9.572,-0.0021,-0.0096,9.8066,0.019,-0.031,0.0089,-8.75,-32.87,30.88,1.42,-80.61,-162.65
52.372944,-1.551573,150.03,13,3,156.23,19 / 22,4654409,2019-09-06 20:37:40:152,0.0334,0.0704,9.8246,0.0072,-0.0004,9.8065,-0.0339,-0.004,0.0078,-8.31,-33.12,30.31,2.79,-80.63,-162.8
52.372944,-1.551573,150.03,13,3,156.23,19 / 22,4654510,2019-09-06 20:37:40:253,-0.2865,0.1054,9.5846,-0.0084,-0.0105,9.8066,-0.0475,0.0818,-0.0331,-7.69,-34.31,29.69,3.19,-80.66,-162.48
52.372944,-1.551573,150.03,13,3,156.23,19 / 22,4654610,2019-09-06 20:37:40:353,0.8543,-0.4422,9.7171,0.0045,0.0064,9.8066,0.0408,0.0145,0.0644,-7.56,-34.31,31.38,3.43,-80.81,-162.73
52.372944,-1.551573,150.03,13,3,156.23,19 / 22,4654709,2019-09-06 20:37:40:452,0.7252,0.9949,9.4544,0.003,-0.0243,9.8066,0.0509,0.0127,-0.0116,-7.94,-33.69,31.5,3.97,-80.61,-162.72
52.372944,-1.551573,150.03,13,3,156.23,19 / 22,4654809,2019-09-06 20:37:40:552,-0.0669,0.8127,9.0814,-0.0147,0.0193,9.8065,0.0467,0.0024,0.0276,-8.19,-33.25,31.13,3.58,-80.48,-162.61
52.372944,-1.551573,150.03,13,3,156.23,19 / 22,4654910,2019-09-06 20:37:40:653,0.6174,-0.0024,9.7551,-0.0073,0.002,9.8066,0.091,-0.0295,0.0476,-8.31,-32.94,31.88,5.3,-80.46,-161.62
52.372944,-1.551573,150.03,13,3,156.23,19 / 22,4655010,2019-09-06 20:37:40:753,0.2535,0.2847,9.9795,-0.0066,0.0224,9.8066,0.0586,0.0557,0.0246,-8.62,-32.25,31.31,3.87,-80.6,-160.62
52.372944,-1.551573,150.03,13,3,156.23,19 / 22,4655110,2019-09-06 20:37:40:853,0.3804,0.4522,9.7856,-0.0078,0.0014,9.8066,0.0198,0.0329,-0.0154,-8.75,-32.87,30.81,4.38,-80.59,-160.22
52.372944,-1.551573,150.03,13,3,156.23,19 / 22,4655210,2019-09-06 20:37:40:953,-0.475,0.1808,9.5493,-0.0005,0.0026,9.8066,-0.004,-0.0505,0.0191,-8.87,-33.19,31.44,4.64,-80.58,-160.01
52.372944,-1.551573,150.03,13,3,156.23,19 / 22,4655310,2019-09-06 20:37:41:053,0.7958,-0.1185,10.3319,0.01,-0.0078,9.8066,0.026,-0.0245,0.0107,-8.94,-32.31,30.88,4.62,-80.57,-160
52.371975,-1.551015,153.34,12.26,3,161.56,19 / 21,4655409,2019-09-06 20:37:41:152,-0.0442,1.0988,10.0134,-0.0066,0.0292,9.8066,0.0807,0.0327,0.015,-8.81,-32.56,31.56,5.13,-80.7,-160.05
52.371975,-1.551015,153.34,12.26,3,161.56,19 / 21,4655510,2019-09-06 20:37:41:253,0.07,0.6453,9.8358,0.0028,0.0082,9.8065,-0.0265,-0.0458,0.0121,-8.87,-33.12,31.69,4.58,-80.74,-160.5
52.371975,-1.551015,153.34,12.26,3,161.56,19 / 21,4655609,2019-09-06 20:37:41:352,0.7424,-0.2951,9.6701,-0.0083,0.0069,9.8066,0.0131,0.016,0.0238,-9.25,-33,31.38,4.2,-80.73,-160.35
52.371975,-1.551015,153.34,12.26,3,161.56,19 / 21,4655710,2019-09-06 20:37:41:453,0.6506,1.2887,9.5077,0,0.0064,9.8066,0.0413,-0.0019,0.0287,-8.94,-32.87,31.56,4.06,-80.73,-160.93
52.371975,-1.551015,153.34,12.26,3,161.56,19 / 21,4655810,2019-09-06 20:37:41:553,0.3127,-0.8713,9.9631,0.0003,-0.0075,9.8066,-0.0557,-0.0448,0.0081,-8.94,-33,31.19,3.64,-80.73,-160.81
52.371975,-1.551015,153.34,12.26,3,161.56,19 / 21,4655910,2019-09-06 20:37:41:653,1.201,-0.2758,9.6029,0.006,0.0059,9.8066,-0.0473,-0.0039,-0.023,-9.12,-32.31,31.13,2.64,-80.83,-161.62
52.371975,-1.551015,153.34,12.26,3,161.56,19 / 21,4656009,2019-09-06 20:37:41:752,0.0106,0.3591,9.3977,-0.0022,0.0031,9.8065,0.048,0.0403,-0.0196,-8.94,-32.75,31,2.94,-80.89,-161.39
52.371975,-1.551015,153.34,12.26,3,161.56,19 / 21,4656110,2019-09-06 20:37:41:853,-0.0494,-0.7612,10.1917,0.0046,0.0232,9.8065,0.0805,-0.0146,0.043,-8.5,-33.06,31.31,4.2,-81.08,-162.05
52.371975,-1.551015,153.34,12.26,3,161.56,19 / 21,4656210,2019-09-06 20:37:41:953,0.888,0.0325,9.3519,0.0101,0.0138,9.8066,0.0075,-0.0215,-0.0348,-8.37,-32.56,31.44,3.26,-81.08,-162.83
52.371975,-1.551015,153.34,12.26,3,161.56,19 / 21,4656310,2019-09-06 20:37:42:053,-0.0395,0.2844,9.5957,-0.0042,0.0361,9.8065,0.0598,0.0218,0.0217,-9.31,-33.06,31.5,0.95,-81.05,-163.5
52.371975,-1.551015,153.34,12.26,3,161.56,19 / 21,4656410,2019-09-06 20:37:42:153,-0.0513,0.6604,9.2168,0.0026,-0.0126,9.8066,-0.0192,-0.0352,-0.0751,-8.62,-32.62,31,0.35,-81.4,-163.51
52.371975,-1.551015,153.34,12.26,3,161.56,19 / 21,4656509,2019-09-06 20:37:42:252,0.7465,0.3415,9.7158,0.01,0.0119,9.8065,0.0523,0.0179,-0.0071,-8.12,-32.69,31,1.64,-81.47,-164.15
52.371975,-1.551015,153.34,12.26,3,161.56,19 / 21,4656610,2019-09-06 20:37:42:353,0.2166,-0.7302,9.7699,-0.0003,0.0175,9.8066,0.0546,0.0788,0.0029,-8.75,-33.37,31.38,359.29,-81.62,-164.41
52.371975,-1.551015,153.34,12.26,3,161.56,19 / 21,4656710,2019-09-06 20:37:42:453,-0.2188,-1.5501,10.6045,-0.0067,-0.0107,9.8066,0.0564,0.0443,0.0523,-8.62,-32.62,30.81,359.81,-81.62,-163.97
52.371975,-1.551015,153.34,12.26,3,161.56,19 / 21,4656810,2019-09-06 20:37:42:553,0.6243,0.1259,10.3915,-0.0034,0.0081,9.8065,-0.0192,0.109,-0.1531,-8.25,-33,30.81,2.53,-81.71,-163.4
52.371975,-1.551015,153.34,12.26,3,161.56,19 / 21,4656910,2019-09-06 20:37:42:653,0.4837,-1.6045,9.9396,0.0062,-0.0018,9.8066,0.1066,0.0366,0.068,-8.94,-33.25,31.56,0.97,-81.53,-163.47
52.371975,-1.551015,153.34,12.26,3,161.56,19 / 21,4657010,2019-09-06 20:37:42:753,0.1592,-0.3644,10.3897,-0.0092,0.005,9.8065,-0.1184,-0.0046,-0.0042,-8.75,-33.25,30.94,0.51,-81.53,-163.39
52.371975,-1.551015,153.34,12.26,3,161.56,19 / 21,4657109,2019-09-06 20:37:42:852,0.9777,1.0583,9.6909,-0.0014,-0.0116,9.8065,-0.0814,0.0681,-0.0626,-9.06,-33.31,30.81,1.38,-81.45,-162.66
52.371975,-1.551015,153.34,12.26,3,161.56,19 / 21,4657210,2019-09-06 20:37:42:953,0.9489,0.1843,9.4964,0.0098,0.0071,9.8066,0.0333,0.0178,0.0195,-9.44,-32.44,30.56,0.75,-81.54,-163.17
52.371975,-1.551015,153.34,12.26,3,161.56,19 / 21,4657310,2019-09-06 20:37:43:053,0.3521,-1.0218,9.4368,-0.0072,0.0004,9.8066,-0.0191,0.0176,-0.0497,-9,-33.25,31.06,0.88,-81.64,-163.07
52.371975,-1.551015,153.34,12.26,3,161.56,19 / 21,4657409,2019-09-06 20:37:43:152,-0.082,1.0266,9.6403,-0.0023,0.0073,9.8066,-0.0018,0.0213,0.0474,-9,-33.06,30.81,1.54,-81.81,-162.51
52.371975,-1.551015,153.34,12.26,3,161.56,19 / 21,4657510,2019-09-06 20:37:43:253,0.2873,1.2527,9.872,-0.0032,0.0084,9.8066,-0.0461,0.0638,-0.0003,-9.06,-32.87,30,1.43,-82.02,-162.09
52.371975,-1.551015,153.34,12.26,3,161.56,19 / 21,4657609,2019-09-06 20:37:43:352,0.2766,-0.1908,9.9237,-0.0067,0.0121,9.8065,-0.0726,0.0356,-0.0196,-9.19,-32.81,30.13,1.75,-82.13,-161.82
52.371975,-1.551015,153.34,12.26,3,161.56,19 / 21,4657710,2019-09-06 20:37:43:453,-0.2244,-0.5433,9.3758,0.0044,-0.0105,9.8065,-0.0066,-0.0549,0.025,-8.94,-32.94,30.5,1.69,-82.05,-162.37
52.371975,-1.551015,153.34,12.26,3,161.56,19 / 21,4657810,2019-09-06 20:37:43:553,0.6239,0.5458,9.1331,0.0094,-0.0116,9.8065,-0.0128,0.0309,-0.0333,-9.12,-32.81,30.19,1.25,-82.08,-162.24
52.371975,-1.551015,153.34,12.26,3,161.56,19 / 21,4657910,2019-09-06 20:37:43:653,0.0365,0.48,9.2684,-0.0042,0.0383,9.8065,0.0484,0.0204,0.1047,-9.62,-33.25,29.88,358.64,-82.25,-162.72
52.371975,-1.551015,153.34,12.26,3,161.56,19 / 21,4658010,2019-09-06 20:37:43:753,-0.2381,0.2786,10.4849,-0.0201,0.0168,9.8065,-0.0962,0.0408,-0.0883,-9.25,-33.31,30.06,1.94,-82.59,-161.64
52.371975,-1.551015,153.34,12.26,3,161.56,19 / 21,4658110,2019-09-06 20:37:43:853,-0.1913,0.3242,9.9313,0.0169,-0.001,9.8066,0.0191,-0.0066,0.042,-9.44,-33.19,30.25,1.35,-82.6,-162.15
52.371975,-1.551015,153.34,12.26,3,161.56,19 / 21,4658209,2019-09-06 20:37:43:952,0.075,0.3287,10.4892,0.0077,-0.0388,9.8066,-0.031,0.0131,-0.0101,-9.56,-33.56,29.88,358.64,-82.44,-162.72
52.371975,-1.551015,153.34,12.26,3,161.56,19 / 21,4658309,2019-09-06 20:37:44:052,0.6747,0.4192,9.8176,0.0056,-0.0046,9.8066,0.0846,0.0264,-0.0153,-9.25,-33.56,30.25,359.77,-82.42,-163.5
52.371975,-1.551015,153.34,12.26,3,161.56,20 / 21,4658410,2019-09-06 20:37:44:153,0.211,0.1966,9.746,0.0002,0.0132,9.8066,-0.0957,0.0733,-0.0375,-9,-33.62,30.31,359.36,-82.45,-163.84
52.371975,-1.551015,153.34,12.26,3,161.56,20 / 21,4658509,2019-09-06 20:37:44:252,0.6156,0.0139,9.5501,0.0106,0.0103,9.8066,-0.0708,0.0484,0.0185,-9.31,-33.19,29.88,358.35,-82.67,-164.72
52.371975,-1.551015,153.34,12.26,3,161.56,20 / 21,4658610,2019-09-06 20:37:44:353,0.0846,1.2136,9.746,0.0009,0,9.8066,0.0772,0.0034,-0.0671,-9.25,-33.37,29.69,357.93,-82.78,-165.08
52.371975,-1.551015,153.34,12.26,3,161.56,20 / 21,4658710,2019-09-06 20:37:44:453,0.0921,1.3251,9.6045,0.0084,0.0325,9.8065,0.0619,0.0078,0.0092,-9.44,-33.31,29.56,356.53,-83.04,-166.3
52.371975,-1.551015,153.34,12.26,3,161.56,20 / 21,4658809,2019-09-06 20:37:44:552,0.9033,0.6442,9.3431,-0.0047,0.0203,9.8065,-0.0708,0.0572,0.0024,-9.75,-33.75,29.56,354.2,-83.08,-166.57
52.371975,-1.551015,153.34,12.26,3,161.56,20 / 21,4658910,2019-09-06 20:37:44:653,0.2805,0.5537,9.8949,-0.0027,-0.0113,9.8066,-0.1158,0.039,0.0031,-9.44,-33.94,29.38,355.15,-83.16,-166.93
52.371975,-1.551015,153.34,12.26,3,161.56,20 / 21,4659010,2019-09-06 20:37:44:753,1.1134,1.0215,9.7699,0.0067,0.0054,9.8066,0.0486,0.0386,0.0318,-9.5,-33.37,29.5,355.93,-83.26,-166.84
52.371975,-1.551015,153.34,12.26,3,161.56,20 / 21,4659110,2019-09-06 20:37:44:853,0.7237,1.0378,9.6828,-0.0073,0.0031,9.8066,-0.0016,0.0651,-0.0106,-10.44,-33.44,28.94,354.53,-83.3,-165.73
52.371975,-1.551015,153.34,12.26,3,161.56,20 / 21,4659210,2019-09-06 20:37:44:953,0.5604,0.6726,9.7517,-0.0088,-0.004,9.8066,0.007,0.0563,0.0582,-10.12,-34.12,29.31,355.39,-83.3,-164.96
52.371975,-1.551015,153.34,12.26,3,161.56,20 / 21,4659310,2019-09-06 20:37:45:053,0.4739,1.0843,9.7191,-0.0217,0.0148,9.8065,-0.0135,0.0457,0.0062,-10,-33.31,29.25,358.03,-83.41,-162.69
52.371975,-1.551015,153.34,12.26,3,161.56,20 / 21,4659409,2019-09-06 20:37:45:152,0.3947,0.9884,9.9163,-0.013,0.0191,9.8066,-0.0309,0.0961,-0.0243,-10.37,-33.37,29.19,359,-83.42,-161.85
52.371975,-1.551015,153.34,12.26,3,161.56,20 / 21,4659510,2019-09-06 20:37:45:253,-0.2808,1.1931,9.9766,0.0121,-0.0172,9.8066,-0.0785,0.0341,0.0595,-9.94,-33.81,29.13,358.79,-83.55,-162.03
52.371975,-1.551015,153.34,12.26,3,161.56,20 / 21,4659609,2019-09-06 20:37:45:352,0.8138,0.797,10.0303,0.0107,-0.023,9.8065,0.0931,0.018,-0.0177,-10.12,-33.69,29.88,358.18,-83.47,-163.15
52.371975,-1.551015,153.34,12.26,3,161.56,20 / 21,4659710,2019-09-06 20:37:45:453,0.9408,0.6093,9.883,0.0078,0.0089,9.8066,0.0782,0.063,-0.0095,-10.69,-33.12,29.44,354.31,-83.56,-164.2
52.371975,-1.551015,153.34,12.26,3,161.56,20 / 21,4659809,2019-09-06 20:37:45:552,0.6291,0.9451,9.5751,0.0092,-0.0081,9.8066,-0.0254,0.0621,-0.0328,-10.5,-33.12,29.19,355.25,-83.5,-165.11
52.371975,-1.551015,153.34,12.26,3,161.56,20 / 21,4659910,2019-09-06 20:37:45:653,0.8167,0.6152,9.6997,0.0007,0.0184,9.8066,-0.0333,0.0798,0.0021,-10.31,-33.37,29.31,354.31,-83.58,-165.94
52.371975,-1.551015,153.34,12.26,3,161.56,20 / 21,4660010,2019-09-06 20:37:45:753,1.1243,0.9502,9.3528,0.0093,-0.0061,9.8066,0.0648,0.0642,0.0049,-10.81,-33.81,28.63,351.66,-83.65,-166.51
52.371975,-1.551015,153.34,12.26,3,161.56,20 / 21,4660110,2019-09-06 20:37:45:853,1.0394,0.2879,10.1111,-0.0095,0.0024,9.8066,0.0439,0.1042,-0.044,-11.06,-33.62,29.06,351.43,-83.65,-166.71
52.371975,-1.551015,153.34,12.26,3,161.56,20 / 21,4660209,2019-09-06 20:37:45:952,1.8039,0.495,9.8169,0.0077,0.018,9.8066,-0.0039,0.0264,0.0478,-11.19,-33.87,29.06,351.11,-83.78,-167.01
52.371975,-1.551015,153.34,12.26,3,161.56,20 / 21,4660309,2019-09-06 20:37:46:052,0.7019,0.2698,9.4963,-0.0044,-0.0084,9.8066,-0.0631,0.0991,-0.0813,-10.94,-33.44,28.75,351.8,-83.73,-166.43
52.371975,-1.551015,153.34,12.26,3,161.56,20 / 21,4660410,2019-09-06 20:37:46:153,1.0891,0.6353,10.1326,-0.0084,0.0067,9.8066,-0.0356,0.0669,-0.0642,-10.44,-33,28.63,353.22,-83.72,-166.92
52.371975,-1.551015,153.34,12.26,3,161.56,20 / 21,4660509,2019-09-06 20:37:46:252,1.2006,-0.4967,10.0247,0.0028,0.0103,9.8066,-0.012,0.0583,-0.0185,-10.75,-33.5,28.94,350.9,-83.8,-167.23
52.371975,-1.551015,153.34,12.26,3,161.56,20 / 21,4660610,2019-09-06 20:37:46:353,1.2144,0.1618,9.9486,0.0108,0.0045,9.8066,0.0512,0.0443,-0.0023,-11.19,-33.81,28.44,348.23,-83.73,-168.81
52.371975,-1.551015,153.34,12.26,3,161.56,20 / 21,4660710,2019-09-06 20:37:46:453,1.0174,1.3002,9.5341,0.0037,0.0004,9.8066,-0.026,0.017,-0.0197,-11.69,-33.37,28.56,346.67,-83.73,-169.26
52.371975,-1.551015,153.34,12.26,3,161.56,20 / 21,4660810,2019-09-06 20:37:46:553,1.2643,0.6531,10.0949,0.0034,0.0069,9.8066,-0.0215,0.0683,-0.0426,-10.94,-34.06,28.13,346.78,-83.81,-170.1
52.371975,-1.551015,153.34,12.26,3,161.56,20 / 21,4660909,2019-09-06 20:37:46:652,0.9279,1.4877,10.481,-0.0004,0.0182,9.8066,0.0249,0.0785,0.0377,-10.94,-33.87,28.81,347.11,-83.86,-170.55
52.371975,-1.551015,153.34,12.26,3,161.56,20 / 21,4661010,2019-09-06 20:37:46:753,1.0449,1.4568,9.9211,0.0123,-0.0353,9.8065,-0.0315,0.1129,-0.0253,-11.31,-33.75,28.63,345.97,-83.87,-171.55
52.371975,-1.551015,153.34,12.26,3,161.56,20 / 21,4661110,2019-09-06 20:37:46:853,1.8696,0.3722,9.7168,0.0092,-0.016,9.8066,0.0175,0.078,-0.0157,-11.62,-34.06,28.81,343.22,-83.58,-172.19
52.371975,-1.551015,153.34,12.26,3,161.56,20 / 21,4661209,2019-09-06 20:37:46:952,1.0802,0.7617,10.3719,-0.0106,0.0114,9.8066,0.0774,0.1244,-0.0195,-12.19,-34.12,28.63,344.22,-83.66,-171.34
52.371975,-1.551015,153.34,12.26,3,161.56,20 / 21,4661309,2019-09-06 20:37:47:052,1.397,1.9749,9.8734,-0.0015,0.011,9.8066,-0.0507,0.1706,-0.032,-12.12,-33.94,28.81,344.09,-83.72,-171.48
52.371975,-1.551015,153.34,12.26,3,161.56,20 / 21,4661409,2019-09-06 20:37:47:152,1.1758,1.0516,9.788,-0.003,0.0111,9.8066,0.0192,0.0991,0.023,-12.19,-33.87,28.25,343.72,-83.73,-171.03
52.371975,-1.551015,153.34,12.26,3,161.56,20 / 21,4661510,2019-09-06 20:37:47:253,0.3576,2.0446,9.8264,-0.0102,-0.0085,9.8066,0.0172,0.1425,-0.0288,-13.12,-33.87,27.94,342.6,-83.71,-170.32
52.371975,-1.551015,153.34,12.26,3,161.56,20 / 21,4661610,2019-09-06 20:37:47:353,0.7222,1.2862,10.3989,-0.0021,-0.0075,9.8066,0.0387,0.1265,-0.0179,-13.19,-33.69,28,343.91,-83.69,-169.17
52.371975,-1.551015,153.34,12.26,3,161.56,20 / 21,4661709,2019-09-06 20:37:47:452,0.3146,1.6157,10.0536,0.0059,-0.0035,9.8066,0.0019,0.1368,0.0243,-13.62,-33.62,27.38,340.95,-83.65,-169.22
52.371975,-1.551015,153.34,12.26,3,161.56,20 / 21,4661810,2019-09-06 20:37:47:553,1.1621,1.9523,9.4935,-0.0012,-0.0063,9.8066,-0.0336,0.1371,-0.0475,-14.19,-34.56,28.25,342.01,-83.51,-169.08
52.371975,-1.551015,153.34,12.26,3,161.56,20 / 21,4661909,2019-09-06 20:37:47:652,1.0546,1.6623,10.2719,-0.009,0.0164,9.8066,-0.053,0.1337,0.0089,-13.81,-33.94,27.63,342.15,-83.57,-169.04
52.371975,-1.551015,153.34,12.26,3,161.56,20 / 21,4662010,2019-09-06 20:37:47:753,0.3826,1.6775,9.4915,0.0206,-0.013,9.8065,-0.0334,0.1021,-0.0077,-14.06,-33.81,27.38,340.17,-83.67,-169.91
52.371975,-1.551015,153.34,12.26,3,161.56,20 / 21,4662110,2019-09-06 20:37:47:853,0.9593,2.2,9.9934,-0.014,0.023,9.8065,0.0909,0.196,-0.0066,-15,-34.12,27.06,337.8,-83.65,-170.39
52.371975,-1.551015,153.34,12.26,3,161.56,20 / 21,4662209,2019-09-06 20:37:47:952,0.5846,2.7934,10.716,-0.0175,-0.0029,9.8066,0.1432,0.1771,-0.002,-14.75,-34.12,27.06,337.79,-83.59,-170.36
52.371975,-1.551015,153.34,12.26,3,161.56,20 / 21,4662310,2019-09-06 20:37:48:053,0.8948,1.5111,10.6837,0.0016,0.0087,9.8066,0.1861,0.1397,-0.0245,-15.06,-34.25,27.94,339.35,-83.37,-169.84
52.371975,-1.551015,153.34,12.26,3,161.56,19 / 21,4662410,2019-09-06 20:37:48:153,0.9587,1.5567,9.1087,0.0315,-0.0372,9.8065,-0.1681,0.1503,-0.0735,-15.5,-34,27,336.22,-82.94,-171.44
52.371975,-1.551015,153.34,12.26,3,161.56,19 / 21,4662509,2019-09-06 20:37:48:252,-0.2815,1.8582,9.269,-0.0333,0.0392,9.8065,0.1129,0.1643,-0.0727,-15.62,-34.06,26.63,333.3,-83.18,-172.56
52.371975,-1.551015,153.34,12.26,3,161.56,19 / 21,4662609,2019-09-06 20:37:48:352,0.5339,1.7381,9.456,-0.032,0.0804,9.8062,0.0928,0.1389,-0.0328,-15.56,-35,26.44,332.16,-83.42,-172.56
52.371975,-1.551015,153.34,12.26,3,161.56,19 / 21,4662710,2019-09-06 20:37:48:453,0.6633,1.2471,10.0418,-0.0197,0.0306,9.8066,-0.1217,0.1205,-0.0159,-15.62,-34.75,26.19,331.14,-84.11,-173.87
52.371975,-1.551015,153.34,12.26,3,161.56,19 / 21,4662810,2019-09-06 20:37:48:553,0.0912,1.7969,9.8018,0.0229,-0.0316,9.8065,-0.0505,0.0295,0.0422,-15.5,-35,26.44,331.69,-83.76,-174.74
52.371975,-1.551015,153.34,12.26,3,161.56,19 / 21,4662910,2019-09-06 20:37:48:653,0.6549,1.4126,9.3718,0.0165,-0.0339,9.8065,0.141,0.1379,0.0117,-15.87,-34.69,25.81,330.81,-83.49,-173.79
52.371975,-1.551015,153.34,12.26,3,161.56,19 / 21,4663010,2019-09-06 20:37:48:753,1.3103,1.2485,10.4847,-0.0366,0.0207,9.8065,0.1479,0.2005,-0.0551,-15.37,-34.81,25.69,333.91,-83.55,-172.66
52.371975,-1.551015,153.34,12.26,3,161.56,19 / 21,4663110,2019-09-06 20:37:48:853,0.8553,0.6464,10.7514,-0.0381,0.0618,9.8064,-0.1689,0.0883,0.0057,-16.31,-34.31,25.69,332.67,-83.76,-172.39
52.371975,-1.551015,153.34,12.26,3,161.56,19 / 21,4663210,2019-09-06 20:37:48:953,-1.115,1.3326,10.4956,0.04,-0.0448,9.8064,-0.1362,0.0946,-0.047,-15.75,-34.44,25.56,332.99,-84.04,-172.26
52.371975,-1.551015,153.34,12.26,3,161.56,19 / 21,4663309,2019-09-06 20:37:49:052,0.017,1.5662,9.0956,0.0402,-0.0428,9.8064,0.1002,0.1344,-0.0168,-15.62,-34.56,25.81,330.65,-83.7,-174.05
52.371975,-1.551015,153.34,12.26,3,161.56,18 / 21,4663410,2019-09-06 20:37:49:153,-2.0191,1.9671,9.5167,-0.0351,0.0583,9.8064,0.2997,0.125,-0.01,-16.62,-35,26.25,329.59,-84.09,-173.73
52.371975,-1.551015,153.34,12.26,3,161.56,18 / 21,4663509,2019-09-06 20:37:49:252,-0.3696,2.6259,10.4277,-0.0537,0.0628,9.8063,0.2801,0.0972,-0.0125,-16.06,-34.5,25.75,332.22,-84.05,-172.95
52.371975,-1.551015,153.34,12.26,3,161.56,18 / 21,4663609,2019-09-06 20:37:49:352,1.5087,1.6209,10.6239,0.0109,-0.0133,9.8066,-0.138,0.0274,-0.0223,-16.87,-34.44,25.56,330.21,-84.01,-173.21
52.371975,-1.551015,153.34,12.26,3,161.56,18 / 21,4663710,2019-09-06 20:37:49:453,-1.3935,0.4422,9.8948,-0.0001,-0.0246,9.8066,-0.0575,-0.0034,0.0653,-15.94,-33.25,25.75,331.55,-83.86,-173.55
52.371975,-1.551015,153.34,12.26,3,161.56,18 / 21,4663809,2019-09-06 20:37:49:552,0.2068,1.2155,9.6883,0.0263,-0.0146,9.8066,-0.0511,0.0183,-0.0194,-16.81,-33.69,25.81,330.14,-83.73,-173.11
52.371975,-1.551015,153.34,12.26,3,161.56,18 / 21,4663910,2019-09-06 20:37:49:653,-0.6336,2.5728,9.8349,0.0322,-0.0308,9.8065,-0.2273,0.0937,-0.0695,-16.37,-33.69,25.13,328.91,-83.51,-174.47
52.371975,-1.551015,153.34,12.26,3,161.56,18 / 21,4664010,2019-09-06 20:37:49:753,-1.0323,1.9455,9.4732,-0.0135,0.0317,9.8065,0.0519,0.0332,0.0109,-16.5,-34.31,25.44,328.66,-83.87,-174.92
52.371975,-1.551015,153.34,12.26,3,161.56,18 / 21,4664110,2019-09-06 20:37:49:853,-0.4134,1.4467,9.4763,0.0077,0.0027,9.8066,-0.0897,0.0198,-0.0593,-16.44,-33.62,25,327.92,-83.85,-175.56
52.371975,-1.551015,153.34,12.26,3,161.56,18 / 21,4664210,2019-09-06 20:37:49:953,-1.0832,1.3842,10.0709,-0.0227,0.0146,9.8066,0.1156,0.0417,0.0576,-17.06,-33.62,24.94,326.77,-83.99,-175.16
52.371975,-1.551015,153.34,12.26,3,161.56,18 / 21,4664310,2019-09-06 20:37:50:053,-1.2822,1.6958,9.9608,-0.0058,0.0097,9.8066,0.1273,0.0386,-0.0427,-17.19,-33.62,24.81,327,-83.97,-174.95
52.371128,-1.550313,155.64,9.53,3,130.33,18 / 21,4664409,2019-09-06 20:37:50:152,-1.0367,1.25,9.9445,-0.0144,0.0056,9.8066,0.0159,0.0629,-0.0247,-17.19,-34.25,24.06,324.57,-83.88,-175.86
52.371128,-1.550313,155.64,9.53,3,130.33,18 / 21,4664510,2019-09-06 20:37:50:253,-0.5832,1.7603,9.7833,0.0049,0.0047,9.8066,-0.0539,0.0175,0.0326,-16.81,-33.87,24.31,325.21,-83.85,-175.26
52.371128,-1.550313,155.64,9.53,3,130.33,18 / 21,4664610,2019-09-06 20:37:50:353,-1.5799,1.7149,9.6056,0.0023,-0.0037,9.8066,-0.0615,0.0404,0.0144,-17.37,-34.06,23.94,325.09,-83.91,-175.42
52.371128,-1.550313,155.64,9.53,3,130.33,18 / 21,4664709,2019-09-06 20:37:50:452,-0.7488,1.4806,9.8195,0.0136,-0.0113,9.8066,0.0534,0.0302,-0.0177,-16.62,-34.31,24.06,325.25,-83.96,-175.31
52.371128,-1.550313,155.64,9.53,3,130.33,18 / 21,4664810,2019-09-06 20:37:50:553,-0.352,1.2343,10.2286,0.0063,0.0048,9.8066,0.0097,0.0595,0.0033,-18.06,-34.69,23.75,322.8,-84.08,-176
52.371128,-1.550313,155.64,9.53,3,130.33,18 / 21,4664909,2019-09-06 20:37:50:652,-0.527,1.2862,9.9545,0.0145,-0.011,9.8066,0.1115,0.0674,-0.0241,-17.44,-33.87,24.56,324.93,-83.99,-176.82
52.371128,-1.550313,155.64,9.53,3,130.33,18 / 21,4665009,2019-09-06 20:37:50:752,-0.4381,0.5591,9.9412,0.016,-0.0007,9.8066,0.0669,0.0481,-0.0208,-17.75,-34.87,23.69,320.47,-83.87,-177.94
52.371128,-1.550313,155.64,9.53,3,130.33,18 / 21,4665110,2019-09-06 20:37:50:853,0.7312,0.95,9.7014,0.0129,-0.002,9.8066,-0.087,0.0758,0.0037,-17.06,-35,23.88,320.71,-83.85,-179.17
52.371128,-1.550313,155.64,9.53,3,130.33,18 / 21,4665210,2019-09-06 20:37:50:953,-0.3178,2.7648,9.8455,0.0105,-0.003,9.8066,-0.1621,0.1549,-0.054,-17.75,-34.94,24.38,318.05,-83.82,179.92
52.371128,-1.550313,155.64,9.53,3,130.33,18 / 21,4665310,2019-09-06 20:37:51:053,-0.577,1.0043,10.0029,0.0053,0.0059,9.8066,-0.0923,0.0136,0.026,-17.87,-34.75,24.5,318.45,-83.89,178.98
52.371128,-1.550313,155.64,9.53,3,130.33,18 / 21,4665410,2019-09-06 20:37:51:153,0.3746,1.2254,9.7663,0.0136,0.0226,9.8065,0.0601,0.0602,0.0121,-17.94,-34.31,24.44,316.49,-83.89,178.3
52.371128,-1.550313,155.64,9.53,3,130.33,18 / 21,4665509,2019-09-06 20:37:51:252,-0.5222,2.4275,9.7565,0.0157,-0.0004,9.8066,0.0188,0.1814,-0.055,-18.37,-35.06,23.81,313.46,-83.9,175.68
52.371128,-1.550313,155.64,9.53,3,130.33,18 / 21,4665610,2019-09-06 20:37:51:353,0.584,2.5386,10.0916,0.0049,0.0122,9.8066,-0.0006,0.2294,-0.0723,-18.19,-33.81,23.5,310.94,-83.95,173.16
52.371128,-1.550313,155.64,9.53,3,130.33,18 / 21,4665710,2019-09-06 20:37:51:453,0.6527,2.0305,10.0246,0.0332,-0.0052,9.8065,-0.0524,0.2656,-0.0521,-18.81,-34.19,23.13,306.07,-83.91,171.41
52.371128,-1.550313,155.64,9.53,3,130.33,18 / 21,4665810,2019-09-06 20:37:51:553,0.3951,1.9215,9.6296,0.0302,-0.0151,9.8065,0.011,0.2525,-0.0415,-18.94,-34.5,22.38,301.87,-83.64,169.19
52.371128,-1.550313,155.64,9.53,3,130.33,18 / 21,4665909,2019-09-06 20:37:51:652,0.5282,2.3121,9.5975,0.0307,-0.0111,9.8065,-0.0371,0.2938,-0.0664,-19.31,-34.94,22.13,300.74,-83.52,168.45
52.371128,-1.550313,155.64,9.53,3,130.33,18 / 21,4666009,2019-09-06 20:37:51:752,0.5127,1.9744,9.9155,0.0052,0.0072,9.8066,-0.0302,0.2547,-0.0152,-19.31,-35.12,22.25,299.51,-83.45,167.38
52.371128,-1.550313,155.64,9.53,3,130.33,18 / 21,4666110,2019-09-06 20:37:51:853,0.6683,1.8497,9.8431,0.0127,0.0077,9.8065,0.0098,0.3009,-0.0889,-18.94,-34.75,21.75,297.79,-83.36,165.88
52.371128,-1.550313,155.64,9.53,3,130.33,18 / 21,4666210,2019-09-06 20:37:51:953,1.267,2.146,10.382,0.0275,0.0084,9.8066,0.0252,0.3201,-0.0631,-19.19,-35.44,22,294.41,-83.15,162.94
52.371128,-1.550313,155.64,9.53,3,130.33,18 / 21,4666309,2019-09-06 20:37:52:052,1.5484,1.9047,9.5731,0.0113,0.0027,9.8066,-0.0842,0.325,-0.0412,-19.81,-35,21.06,289.95,-83.13,161.54
52.371128,-1.550313,155.64,9.53,3,130.33,18 / 22,4666410,2019-09-06 20:37:52:153,0.6189,3.4555,9.4915,0.0111,0.0069,9.8066,-0.0387,0.3616,-0.0526,-20,-34.44,20.38,287.98,-83,161.18
52.371128,-1.550313,155.64,9.53,3,130.33,18 / 22,4666509,2019-09-06 20:37:52:252,-0.0545,2.8973,10.2454,0.0345,-0.0055,9.8065,0.1958,0.3535,-0.0397,-20.25,-34.37,20.31,286.5,-82.69,160.13
52.371128,-1.550313,155.64,9.53,3,130.33,18 / 22,4666610,2019-09-06 20:37:52:353,0.577,2.3193,10.7609,-0.0116,0.0189,9.8066,0.2002,0.3994,-0.0559,-20.12,-34.25,19.19,283.57,-82.5,159.22
52.371128,-1.550313,155.64,9.53,3,130.33,18 / 22,4666709,2019-09-06 20:37:52:452,1.0817,2.7537,9.9784,-0.02,0.009,9.8066,-0.0004,0.3553,0.0001,-20.62,-34.56,18.94,282.23,-82.31,159.58
52.371128,-1.550313,155.64,9.53,3,130.33,18 / 22,4666809,2019-09-06 20:37:52:552,0.4743,1.2368,9.6103,0.0059,-0.0002,9.8066,0.0592,0.3517,-0.0206,-21.31,-34.31,17.69,281.55,-82.08,160.7
52.371128,-1.550313,155.64,9.53,3,130.33,18 / 22,4666910,2019-09-06 20:37:52:653,0.6611,1.9196,9.8701,0.0067,0.0083,9.8066,0.0562,0.3897,-0.111,-21,-34.75,16.88,279.02,-81.98,160.49
52.371128,-1.550313,155.64,9.53,3,130.33,18 / 22,4667010,2019-09-06 20:37:52:753,0.8713,2.3588,9.643,-0.0157,0.0179,9.8066,0.0598,0.4045,-0.0323,-20.62,-34.5,16.63,277.81,-81.88,159.14
52.371128,-1.550313,155.64,9.53,3,130.33,18 / 22,4667109,2019-09-06 20:37:52:852,0.6625,1.4441,9.2849,-0.0571,0.0136,9.8064,-0.1871,0.339,-0.0423,-21.25,-35.31,14.06,271.13,-82.24,158.34
52.371128,-1.550313,155.64,9.53,3,130.33,18 / 22,4667209,2019-09-06 20:37:52:952,0.7557,3.5004,10.1985,0.0511,0.0093,9.8064,-0.1787,0.4226,-0.0203,-21.19,-35.31,13.19,267.57,-82.1,157.12
52.371128,-1.550313,155.64,9.53,3,130.33,18 / 22,4667310,2019-09-06 20:37:53:053,-0.2257,0.283,9.8983,0.0236,-0.0447,9.8065,-0.0512,0.5139,-0.1136,-21,-34.81,13.44,269.24,-82.28,158.54
52.371128,-1.550313,155.64,9.53,3,130.33,19 / 21,4667410,2019-09-06 20:37:53:153,0.2004,2.3935,9.4512,-0.0063,-0.0041,9.8066,-0.1279,0.3456,0.0597,-21.44,-35.25,11.81,268.84,-82.38,160.25
52.371128,-1.550313,155.64,9.53,3,130.33,19 / 21,4667509,2019-09-06 20:37:53:252,0.74,1.5823,9.5135,0.022,-0.0026,9.8065,0.144,0.5484,-0.1979,-21.5,-35.69,12.13,269.08,-82.26,161
52.371128,-1.550313,155.64,9.53,3,130.33,19 / 21,4667610,2019-09-06 20:37:53:353,2.1716,1.966,9.8281,-0.0182,0.0049,9.8066,0.0925,0.3813,0.0603,-21.12,-35.25,10.56,264.4,-81.81,158.91
52.371128,-1.550313,155.64,9.53,3,130.33,19 / 21,4667710,2019-09-06 20:37:53:453,1.0687,3.0966,10.5329,0.0145,0.0008,9.8065,-0.0818,0.3176,-0.047,-21,-35.87,10.25,263.52,-81.96,160.54
52.371128,-1.550313,155.64,9.53,3,130.33,19 / 21,4667809,2019-09-06 20:37:53:552,1.4269,2.7426,9.3238,0.0032,0.0036,9.8066,-0.0614,0.4466,-0.0789,-20.62,-35.69,9.31,260.72,-81.98,160.09
52.371128,-1.550313,155.64,9.53,3,130.33,19 / 21,4667909,2019-09-06 20:37:53:652,1.5105,1.9871,9.4195,0.0125,-0.0007,9.8066,-0.0349,0.4233,-0.0919,-20.69,-35.87,8.63,260.33,-81.96,159.7
52.371128,-1.550313,155.64,9.53,3,130.33,19 / 21,4668010,2019-09-06 20:37:53:753,0.0857,2.168,9.3319,-0.0064,0.0224,9.8066,-0.0378,0.4507,-0.117,-20.56,-35.12,7.13,253.92,-81.93,157.76
52.371128,-1.550313,155.64,9.53,3,130.33,19 / 21,4668109,2019-09-06 20:37:53:852,0.4584,2.4463,10.0161,-0.0075,0.008,9.8066,-0.0374,0.4108,-0.0714,-19.69,-36,6.06,250.02,-81.89,156.47
52.371128,-1.550313,155.64,9.53,3,130.33,19 / 21,4668209,2019-09-06 20:37:53:952,1.2736,2.6489,9.7273,-0.0098,0.0092,9.8066,0.0234,0.4243,-0.0599,-20.06,-36.37,5.38,247.2,-81.93,156.14
52.371128,-1.550313,155.64,9.53,3,130.33,19 / 21,4668309,2019-09-06 20:37:54:052,0.8925,2.2715,9.2145,-0.014,0.0033,9.8066,-0.0052,0.4613,-0.0873,-19.44,-35.12,3.94,243.63,-82.05,154.54
52.371128,-1.550313,155.64,9.53,3,130.33,19 / 21,4668409,2019-09-06 20:37:54:152,1.4627,2.2916,10.6536,-0.0084,-0.0004,9.8065,0.0749,0.4415,-0.0213,-19.12,-36.69,3.69,243.7,-82.11,155.26
52.371128,-1.550313,155.64,9.53,3,130.33,19 / 21,4668510,2019-09-06 20:37:54:253,0.8783,2.3457,10.0537,-0.0141,-0.0017,9.8066,-0.0772,0.3962,-0.0522,-19.5,-36.62,2.44,238.27,-82.03,155.31
52.371128,-1.550313,155.64,9.53,3,130.33,19 / 21,4668610,2019-09-06 20:37:54:353,0.5922,1.3934,9.8153,0.0377,-0.0188,9.8065,-0.1236,0.4412,-0.0607,-18.56,-36.69,2,238.28,-81.86,155.6
52.371128,-1.550313,155.64,9.53,3,130.33,19 / 21,4668710,2019-09-06 20:37:54:453,1.5282,2.7375,10.3433,0.012,0.0101,9.8066,0.0841,0.3445,-0.0498,-19.06,-37.06,1.75,239.48,-81.59,157.44
52.371128,-1.550313,155.64,9.53,3,130.33,19 / 21,4668809,2019-09-06 20:37:54:552,0.0655,1.9379,9.1951,-0.0142,0.007,9.8066,0.0322,0.3389,-0.0977,-18.19,-36.62,0.38,232.72,-81.52,156.47
52.371128,-1.550313,155.64,9.53,3,130.33,19 / 21,4668910,2019-09-06 20:37:54:653,0.1731,2.2322,9.8034,-0.0142,-0.0007,9.8065,-0.0396,0.3456,-0.0544,-18.06,-37.25,0.38,231.77,-81.61,155.19
52.371128,-1.550313,155.64,9.53,3,130.33,19 / 21,4669009,2019-09-06 20:37:54:752,1.1399,2.6464,10.3669,-0.0105,0.0077,9.8065,-0.0319,0.3112,-0.0093,-17.12,-37.25,-1.12,227.42,-81.73,153.86
52.371128,-1.550313,155.64,9.53,3,130.33,19 / 21,4669109,2019-09-06 20:37:54:852,0.9806,1.9771,9.6722,0.0012,-0.0057,9.8065,-0.0183,0.327,-0.0522,-16.5,-37.69,-1.12,226.36,-81.8,153.89
52.371128,-1.550313,155.64,9.53,3,130.33,19 / 21,4669209,2019-09-06 20:37:54:952,0.6332,2.838,9.5793,0.0298,-0.0119,9.8065,0.0252,0.2769,0.0419,-16.81,-37.19,-1.5,228.04,-81.64,154.77
52.371128,-1.550313,155.64,9.53,3,130.33,19 / 21,4669310,2019-09-06 20:37:55:053,-0.334,1.1902,9.6299,0.0255,-0.0208,9.8066,-0.0025,0.2805,0.0556,-16.69,-37.31,-2.12,228.22,-81.51,158.47
52.371128,-1.550313,155.64,9.53,3,130.33,19 / 21,4669409,2019-09-06 20:37:55:152,-0.1982,1.8474,10.1326,-0.0047,-0.038,9.8066,-0.0576,0.2456,-0.0217,-16.87,-36.87,-1.81,231.35,-81.73,161.92
52.371128,-1.550313,155.64,9.53,3,130.33,19 / 21,4669510,2019-09-06 20:37:55:253,0.2755,0.4882,9.5082,-0.0188,-0.0143,9.8065,0.0365,0.1955,0.0164,-16.44,-36.5,-2.31,231.53,-81.84,162.82
52.371128,-1.550313,155.64,9.53,3,130.33,19 / 21,4669609,2019-09-06 20:37:55:352,0.6785,1.6871,9.8384,-0.0103,-0.0221,9.8066,0.1019,0.1669,0.016,-17.31,-36.44,-2.5,233.88,-81.98,164.12
52.371128,-1.550313,155.64,9.53,3,130.33,19 / 21,4669710,2019-09-06 20:37:55:453,0.7672,0.4529,9.6362,-0.0185,-0.0211,9.8066,-0.1817,0.2447,-0.0726,-17.44,-36.87,-3.25,231.94,-81.99,165.35
52.371128,-1.550313,155.64,9.53,3,130.33,19 / 21,4669809,2019-09-06 20:37:55:552,0.1775,0.8759,9.9136,0.027,0.029,9.8065,-0.1926,0.0977,0.037,-16.62,-36.94,-3.25,231.96,-82.02,165.33
52.371128,-1.550313,155.64,9.53,3,130.33,19 / 21,4669910,2019-09-06 20:37:55:653,1.2888,1.9996,9.7201,0.0188,0.0156,9.8066,-0.0077,0.1158,-0.062,-16.87,-36.62,-3.44,231.04,-81.82,164.57
52.371128,-1.550313,155.64,9.53,3,130.33,19 / 21,4670010,2019-09-06 20:37:55:753,0.9162,0.6293,9.675,-0.01,0.0147,9.8066,0.0027,0.0798,0.0311,-16.5,-37.12,-4,225.28,-81.73,162.34
52.371128,-1.550313,155.64,9.53,3,130.33,19 / 21,4670109,2019-09-06 20:37:55:852,0.0478,1.1942,9.8358,0.0153,0.0085,9.8066,0.0102,0.1684,-0.0681,-16,-37,-3.69,225.09,-81.61,162.3
52.371128,-1.550313,155.64,9.53,3,130.33,19 / 21,4670210,2019-09-06 20:37:55:953,1.2025,1.3192,9.9866,0.0045,0.0105,9.8065,0.0595,0.128,0.0529,-14.87,-36.56,-3.5,225.82,-81.46,161.82
52.371128,-1.550313,155.64,9.53,3,130.33,19 / 21,4670309,2019-09-06 20:37:56:052,1.0449,0.6199,10.5324,0.0011,-0.0035,9.8066,0.0534,0.1415,-0.0454,-15.06,-37.44,-4.19,223.14,-81.4,161.94
52.371128,-1.550313,155.64,9.53,3,130.33,19 / 21,4670410,2019-09-06 20:37:56:153,-0.2278,1.5741,10.0128,0.0014,0.0017,9.8066,0.0496,0.0454,0.0109,-15.12,-37.31,-4.12,223.08,-81.32,161.97
52.371128,-1.550313,155.64,9.53,3,130.33,19 / 21,4670510,2019-09-06 20:37:56:253,0.4841,1.6888,9.2676,0.0385,0.0219,9.8064,-0.1788,0.0922,-0.0454,-15.5,-36.69,-4.44,222.94,-81.23,161.95
52.371128,-1.550313,155.64,9.53,3,130.33,19 / 21,4670610,2019-09-06 20:37:56:353,2.0711,0.2779,9.6066,0.0372,0.0224,9.8065,-0.0314,0.057,0.0737,-15,-36.69,-3.94,222.93,-80.99,162.32
52.371128,-1.550313,155.64,9.53,3,130.33,19 / 21,4670710,2019-09-06 20:37:56:453,0.3496,0.7661,9.5929,-0.034,-0.0303,9.8065,0.0496,0.0672,-0.0357,-14.81,-36.62,-4.75,221.12,-81.08,163.09
52.371128,-1.550313,155.64,9.53,3,130.33,19 / 21,4670809,2019-09-06 20:37:56:552,1.3573,-0.3399,10.0581,-0.0318,-0.0218,9.8065,0.1128,-0.0384,0.0469,-14.75,-37,-4.75,221.08,-81.41,162.53
52.371128,-1.550313,155.64,9.53,3,130.33,19 / 21,4670910,2019-09-06 20:37:56:653,1.5679,1.4816,9.5444,0.0137,0.0111,9.8066,-0.0339,0.0359,0.0126,-15.37,-36.06,-4.87,221.72,-81.42,162.97
52.371128,-1.550313,155.64,9.53,3,130.33,19 / 21,4671010,2019-09-06 20:37:56:753,0.6563,-0.3303,10.1762,-0.0108,-0.0067,9.8066,0.0204,0.0929,0.0215,-14.69,-37.12,-5.37,221.42,-81.34,163.08
52.371128,-1.550313,155.64,9.53,3,130.33,19 / 21,4671109,2019-09-06 20:37:56:852,0.8195,1.4193,9.8097,-0.0192,-0.0106,9.8065,-0.0872,0.0868,-0.0731,-14.44,-37.12,-4.87,219.54,-81.47,162.54
52.371128,-1.550313,155.64,9.53,3,130.33,19 / 21,4671209,2019-09-06 20:37:56:952,1.5076,-0.2678,9.3332,0.018,0.0354,9.8065,-0.0772,-0.0017,0.1149,-14.75,-36.5,-5.5,220.99,-81.23,162.32
52.371128,-1.550313,155.64,9.53,3,130.33,19 / 21,4671310,2019-09-06 20:37:57:053,1.0241,-0.2541,8.8638,0.0253,0.0051,9.8066,-0.0048,0.0936,-0.1368,-14.31,-37.06,-5.62,216.79,-81.32,162.41
52.371128,-1.550313,155.64,9.53,3,130.33,20 / 21,4671409,2019-09-06 20:37:57:152,0.7471,0.2057,9.9543,-0.0523,-0.0165,9.8064,0.1299,0.0395,0.1015,-14.56,-36.44,-5.94,219.07,-81.37,162.77
52.371128,-1.550313,155.64,9.53,3,130.33,20 / 21,4671509,2019-09-06 20:37:57:252,1.2993,0.246,9.9153,-0.0117,-0.0182,9.8066,-0.0326,0.0188,-0.0239,-14.31,-36.69,-5.37,219.23,-81.67,161.82
52.371128,-1.550313,155.64,9.53,3,130.33,20 / 21,4671609,2019-09-06 20:37:57:352,1.5185,-0.0038,9.9347,-0.0023,-0.0055,9.8066,0.0809,0.0371,-0.0342,-14.75,-36.5,-5.44,222.15,-81.56,163.3
52.371128,-1.550313,155.64,9.53,3,130.33,20 / 21,4671709,2019-09-06 20:37:57:452,2.3437,1.3042,9.1885,-0.0072,-0.013,9.8066,-0.0578,-0.043,0.1098,-14.87,-36.87,-5.87,219.62,-81.43,163.74
52.371128,-1.550313,155.64,9.53,3,130.33,20 / 21,4671810,2019-09-06 20:37:57:553,1.2661,-0.0353,9.5978,-0.0014,-0.017,9.8066,-0.0251,0.0235,0.0131,-15,-37,-5.62,220.75,-81.61,164.9
52.371128,-1.550313,155.64,9.53,3,130.33,20 / 21,4671910,2019-09-06 20:37:57:653,0.6581,0.4183,9.589,-0.008,-0.0129,9.8066,0.0665,-0.0184,-0.0302,-14.81,-36.56,-5.37,223.46,-81.85,164.86
52.371128,-1.550313,155.64,9.53,3,130.33,20 / 21,4672010,2019-09-06 20:37:57:753,0.6692,0.7845,9.745,0.0039,-0.006,9.8066,0.057,0.0653,0.0055,-15.31,-36.81,-6.31,221.17,-81.83,165.12
52.371128,-1.550313,155.64,9.53,3,130.33,20 / 21,4672110,2019-09-06 20:37:57:853,1.5088,1.1031,9.8126,-0.0057,-0.0006,9.8066,-0.037,0.0215,0.073,-15.19,-36.56,-6.25,221.67,-81.76,165.85
52.371128,-1.550313,155.64,9.53,3,130.33,20 / 21,4672210,2019-09-06 20:37:57:953,1.6505,0.5136,9.9069,0.0069,-0.0033,9.8065,0.0545,0.0184,-0.0111,-15,-36.44,-5.62,222.36,-81.74,166.38
52.371128,-1.550313,155.64,9.53,3,130.33,20 / 21,4672310,2019-09-06 20:37:58:053,0.8422,-0.0815,9.8425,-0.0276,-0.0183,9.8065,0.0692,-0.0123,0.0354,-15.25,-36.81,-6.37,221.94,-81.7,166.27
52.371128,-1.550313,155.64,9.53,3,130.33,20 / 21,4672410,2019-09-06 20:37:58:153,0.2837,0.0916,9.2493,0.0214,0.0009,9.8066,0.0067,0.0141,-0.0169,-15.37,-36.62,-5.56,222.29,-81.8,166.56
52.371128,-1.550313,155.64,9.53,3,130.33,20 / 21,4672509,2019-09-06 20:37:58:252,1.6456,0.81,9.7865,0.0103,0.001,9.8066,-0.1347,-0.0479,0.0277,-15.69,-36.81,-5.56,224.21,-81.82,166.94
52.371128,-1.550313,155.64,9.53,3,130.33,20 / 21,4672609,2019-09-06 20:37:58:352,-0.5899,0.0642,9.7205,0.0239,0.0179,9.8065,-0.1274,0.0253,-0.0486,-15.62,-36.69,-6,224.34,-81.81,167.12
52.371128,-1.550313,155.64,9.53,3,130.33,20 / 21,4672710,2019-09-06 20:37:58:453,0.9524,0.0799,10.3764,-0.0171,-0.0266,9.8065,0.1305,-0.0029,0.0609,-15.75,-36.12,-5.75,225.35,-81.94,167.81
52.371128,-1.550313,155.64,9.53,3,130.33,20 / 21,4672809,2019-09-06 20:37:58:552,1.4496,1.1203,10.1611,-0.0188,-0.0072,9.8066,0.0362,-0.0296,0.0161,-15.75,-36.5,-6.12,225.34,-81.77,168.06
52.371128,-1.550313,155.64,9.53,3,130.33,20 / 21,4672910,2019-09-06 20:37:58:653,1.507,0.4126,9.8583,-0.0071,-0.0047,9.8066,-0.0329,-0.0459,0.0167,-15.19,-36.37,-6.19,223.74,-81.68,168.19
52.371128,-1.550313,155.64,9.53,3,130.33,20 / 21,4673009,2019-09-06 20:37:58:752,1.0563,0.7303,10.2579,-0.0078,0.0047,9.8066,-0.0082,0.0711,-0.0342,-15.06,-37,-6.5,223.11,-81.71,167.72
52.371128,-1.550313,155.64,9.53,3,130.33,20 / 21,4673110,2019-09-06 20:37:58:853,0.7662,0.5139,10.2798,0.0186,0.0151,9.8065,0.0312,-0.0003,0.0713,-15.5,-36.81,-6,222.86,-81.52,167.7
52.371128,-1.550313,155.64,9.53,3,130.33,20 / 21,4673210,2019-09-06 20:37:58:953,0.7845,0.1097,9.7009,0.0222,0.0131,9.8065,-0.0506,0.0217,-0.0194,-15.81,-36.44,-5.94,224.91,-81.35,168.14
52.371128,-1.550313,155.64,9.53,3,130.33,20 / 21,4673310,2019-09-06 20:37:59:053,0.4163,0.061,8.9665,-0.0442,-0.0461,9.8063,0.0229,-0.0332,0.0378,-15.56,-36.06,-5.81,225.52,-81.66,168.43
52.371407,-1.54943,157.41,15.24,4,32.67,19 / 20,4673409,2019-09-06 20:37:59:152,0.3228,-0.5579,9.1141,-0.0481,-0.0366,9.8064,0.0921,-0.0295,0.0043,-15.44,-36.31,-6.31,224.19,-81.81,168.54
52.371407,-1.54943,157.41,15.24,4,32.67,19 / 20,4673510,2019-09-06 20:37:59:253,0.0496,-0.2232,10.2574,0.0298,0.0275,9.8065,-0.0136,0.0377,-0.0075,-15.31,-35.75,-6.44,223.89,-81.67,168.39
52.371407,-1.54943,157.41,15.24,4,32.67,19 / 20,4673609,2019-09-06 20:37:59:352,1.2549,-0.1977,10.2494,0.0201,0.0294,9.8066,-0.038,0.0214,-0.0012,-15.87,-36.19,-6.5,224.85,-81.48,167.88
52.371407,-1.54943,157.41,15.24,4,32.67,19 / 20,4673710,2019-09-06 20:37:59:453,1.1603,0.149,10.1804,0.0089,0.0123,9.8066,-0.0386,0.0032,-0.0331,-15.56,-36.06,-6.31,224.79,-81.13,168.3
52.371407,-1.54943,157.41,15.24,4,32.67,19 / 20,4673810,2019-09-06 20:37:59:553,0.6635,0.1563,9.9812,0.0062,0.0195,9.8066,-0.0129,0.0422,-0.016,-15.44,-36.56,-6.19,222.3,-81.04,167.73
52.371407,-1.54943,157.41,15.24,4,32.67,19 / 20,4673910,2019-09-06 20:37:59:653,0.8551,0.504,9.6098,-0.0137,0.0071,9.8066,-0.0048,-0.0026,-0.0225,-15.06,-36.12,-6.62,219.3,-81.12,166.32
52.371407,-1.54943,157.41,15.24,4,32.67,19 / 20,4674009,2019-09-06 20:37:59:752,0.4838,-0.1883,9.3687,-0.0306,-0.0091,9.8066,-0.0855,0.0091,-0.0435,-15,-36.87,-6.94,217.83,-81.27,164.59
52.371407,-1.54943,157.41,15.24,4,32.67,19 / 20,4674109,2019-09-06 20:37:59:852,-0.2755,-0.0499,9.856,0.0094,0.0074,9.8066,-0.0679,0.0178,-0.0565,-15.62,-36.69,-6.75,219.08,-81.17,164.27
52.371407,-1.54943,157.41,15.24,4,32.67,19 / 20,4674209,2019-09-06 20:37:59:952,0.5629,0.1426,9.7712,-0.0213,-0.0009,9.8066,0.0701,-0.0324,0.0747,-14.69,-36.12,-6.31,219.43,-81.22,163.44
52.371407,-1.54943,157.41,15.24,4,32.67,19 / 20,4674310,2019-09-06 20:38:00:053,-0.3545,0.0015,10.5178,0.0177,-0.0012,9.8066,-0.0386,0.0284,-0.0538,-14.69,-36.5,-6.44,220.1,-81.09,164.48
52.371407,-1.54943,157.41,15.24,4,32.67,19 / 20,4674410,2019-09-06 20:38:00:153,0.4062,0.0296,10.297,0.0041,0.0054,9.8065,0.0676,0.0171,0.0479,-14.62,-36.31,-6.19,220.05,-80.98,164.56
52.371407,-1.54943,157.41,15.24,4,32.67,19 / 20,4674509,2019-09-06 20:38:00:252,0.0161,-0.871,9.8381,-0.0067,-0.0123,9.8065,0.0447,0.0155,-0.0238,-14.69,-36.37,-6.87,217.95,-81,164.75
52.371407,-1.54943,157.41,15.24,4,32.67,19 / 20,4674611,2019-09-06 20:38:00:354,0.5999,-0.0052,9.5817,-0.01,0.0052,9.8066,-0.028,0.0471,-0.0315,-14.5,-36.12,-6.94,216.19,-81.1,164.6
52.371407,-1.54943,157.41,15.24,4,32.67,19 / 20,4674710,2019-09-06 20:38:00:453,0.4366,-0.1188,9.3621,-0.0116,0.0091,9.8066,0.0568,0.0217,0.0508,-14.81,-36.19,-6.62,216.96,-81.06,163.41
52.371407,-1.54943,157.41,15.24,4,32.67,19 / 20,4674810,2019-09-06 20:38:00:553,1.0506,0.9789,9.0217,0.0095,0.002,9.8066,0.0261,-0.0321,-0.0333,-14.87,-35.94,-7.06,217.09,-80.96,163.71
52.371407,-1.54943,157.41,15.24,4,32.67,19 / 20,4674909,2019-09-06 20:38:00:652,-0.1249,-0.445,9.6944,-0.0138,-0.0104,9.8066,-0.0684,0.0061,-0.015,-14.31,-36.87,-7,215.32,-81.05,163.88
52.371407,-1.54943,157.41,15.24,4,32.67,19 / 20,4675010,2019-09-06 20:38:00:753,-0.0234,0.1938,9.967,-0.016,-0.0045,9.8066,0.0406,0.0038,0.0691,-14.31,-36.19,-7,215.17,-81.1,163.28
52.371407,-1.54943,157.41,15.24,4,32.67,19 / 20,4675109,2019-09-06 20:38:00:852,0.0364,-0.6412,10.1035,0.0093,0.0066,9.8066,0.0454,-0.0126,-0.0632,-14.5,-36.44,-6.81,215.02,-81.13,163.05
52.371407,-1.54943,157.41,15.24,4,32.67,19 / 20,4675210,2019-09-06 20:38:00:953,0.5859,-0.3366,9.4037,0.0053,0.0144,9.8066,-0.0938,0.0436,-0.0065,-14.62,-36.56,-7.31,216.3,-80.93,163.06
52.371407,-1.54943,157.41,15.24,4,32.67,19 / 20,4675310,2019-09-06 20:38:01:053,0.1324,0.3437,9.6975,-0.0102,-0.0029,9.8066,-0.0147,0.0443,0.0692,-14.44,-36.06,-6.94,214.23,-80.84,162.39
52.371407,-1.54943,157.41,15.24,4,32.67,20 / 21,4675409,2019-09-06 20:38:01:152,0.5926,0.6863,10.2329,0.0082,0.0068,9.8066,0.0034,0.0265,-0.0164,-14.12,-36.56,-6.62,214.2,-80.74,162.82
52.371407,-1.54943,157.41,15.24,4,32.67,20 / 21,4675510,2019-09-06 20:38:01:253,1.9357,-0.9774,11.5054,0.0459,0.0222,9.8064,-0.0751,-0.195,0.0179,-14.5,-36.19,-6.56,215.46,-80.36,164.61
52.371407,-1.54943,157.41,15.24,4,32.67,20 / 21,4675610,2019-09-06 20:38:01:353,0.9715,-1.3969,8.9618,0.1066,0.0824,9.8056,0.0862,-0.1168,0.0917,-14.12,-36.06,-6.75,215.72,-80.06,165.35
52.371407,-1.54943,157.41,15.24,4,32.67,20 / 21,4675710,2019-09-06 20:38:01:453,1.6561,0.2834,8.4027,-0.0523,-0.0513,9.8063,-0.1506,0.0691,0.0099,-14.25,-36.31,-7.69,212.63,-80.49,163.53
52.371407,-1.54943,157.41,15.24,4,32.67,20 / 21,4675809,2019-09-06 20:38:01:552,-0.2745,-1.0977,8.531,-0.0351,-0.023,9.8065,0.1949,0.0157,-0.0649,-14.5,-36.44,-7,213.9,-81.15,161.57
52.371407,-1.54943,157.41,15.24,4,32.67,20 / 21,4675910,2019-09-06 20:38:01:653,0.7521,-0.0721,9.8916,-0.03,-0.0124,9.8065,0.1917,-0.0711,-0.0088,-14.31,-36.75,-7.56,211,-81.31,160.77
52.371407,-1.54943,157.41,15.24,4,32.67,20 / 21,4676009,2019-09-06 20:38:01:752,0.4952,0.2029,10.5086,-0.0017,-0.0097,9.8066,-0.055,-0.0945,0.0159,-14.31,-36.44,-7.44,213.63,-81.12,161.26
52.371407,-1.54943,157.41,15.24,4,32.67,20 / 21,4676110,2019-09-06 20:38:01:853,1.1442,0.0334,10.3439,0.0314,0.0233,9.8065,-0.1217,-0.0167,-0.0445,-14.44,-36.44,-6.56,213.62,-80.7,161.77
52.371407,-1.54943,157.41,15.24,4,32.67,20 / 21,4676210,2019-09-06 20:38:01:953,1.192,-0.2945,9.4979,0.0043,0.0151,9.8066,-0.0158,0.0455,0.0671,-14.37,-36.94,-7.12,212.92,-80.8,161.04
52.371407,-1.54943,157.41,15.24,4,32.67,20 / 21,4676310,2019-09-06 20:38:02:053,-1.5297,-0.3874,10.39,-0.008,-0.013,9.8066,-0.0604,0.0731,-0.0185,-14.31,-35.94,-7.62,210.05,-80.99,159.6
52.371407,-1.54943,157.41,15.24,4,32.67,20 / 21,4676410,2019-09-06 20:38:02:153,1.9265,-0.0959,10.3533,0.0191,0.0272,9.8065,0.1696,-0.0577,-0.0288,-14.06,-36.62,-7.12,211.73,-80.96,159.28
52.371407,-1.54943,157.41,15.24,4,32.67,20 / 21,4676509,2019-09-06 20:38:02:252,0.6824,0.393,10.5547,0.0216,0.0112,9.8066,0.0102,0.0166,0.0607,-14.25,-36.5,-7,211.96,-80.89,159.35
52.371407,-1.54943,157.41,15.24,4,32.67,20 / 21,4676609,2019-09-06 20:38:02:352,-0.4666,0.0046,9.6047,0.0124,0.0187,9.8066,-0.0263,-0.0363,-0.0288,-14.06,-36.62,-7.06,211.04,-80.81,158.55
52.371407,-1.54943,157.41,15.24,4,32.67,20 / 21,4676709,2019-09-06 20:38:02:452,0.6138,0.8706,8.7752,-0.0061,0.0053,9.8066,-0.1755,0.1014,-0.0004,-14.06,-36.37,-7.69,208.53,-80.77,157.85
52.371407,-1.54943,157.41,15.24,4,32.67,20 / 21,4676810,2019-09-06 20:38:02:553,-0.8268,-1.4864,9.7359,0.0121,-0.009,9.8066,-0.0368,-0.0004,0.0731,-14,-36.56,-7.94,209.1,-81.05,158.58
52.371407,-1.54943,157.41,15.24,4,32.67,20 / 21,4676910,2019-09-06 20:38:02:653,-1.131,-0.0728,10.6185,0.0153,-0.0052,9.8065,0.0061,0.0747,-0.0126,-14.19,-36.44,-7.69,209.84,-81.2,159.1
52.371407,-1.54943,157.41,15.24,4,32.67,20 / 21,4677010,2019-09-06 20:38:02:753,1.0707,-0.4589,10.3835,0.0326,0.0232,9.8065,-0.0538,0.0431,-0.0278,-14.25,-36.19,-7.62,210.88,-81.04,160.63
52.371407,-1.54943,157.41,15.24,4,32.67,20 / 21,4677109,2019-09-06 20:38:02:852,-0.5462,-0.3037,9.0991,0.0294,0.0116,9.8065,-0.2057,0.0654,-0.0589,-13.94,-36.44,-7.5,213.63,-81,161.41
52.371407,-1.54943,157.41,15.24,4,32.67,20 / 21,4677210,2019-09-06 20:38:02:953,-1.2282,0.0585,9.877,-0.0105,-0.0227,9.8066,0.1136,0.0141,-0.0348,-14.31,-36.25,-8.12,211.94,-81.01,162.04
52.371407,-1.54943,157.41,15.24,4,32.67,20 / 21,4677310,2019-09-06 20:38:03:053,0.2023,-0.4702,10.2023,-0.0078,-0.0018,9.8066,0.0333,0.0623,-0.0168,-14.06,-37.12,-7.69,211.28,-81.14,161.33
52.371407,-1.54943,157.41,15.24,4,32.67,19 / 21,4677409,2019-09-06 20:38:03:152,1.33,-0.4927,9.4355,-0.0158,-0.0033,9.8066,0.0457,0.0787,-0.0529,-14.37,-36.37,-7.31,214.01,-81.18,161.68
52.371407,-1.54943,157.41,15.24,4,32.67,19 / 21,4677510,2019-09-06 20:38:03:253,1.7061,-0.8478,9.4351,-0.0411,-0.0611,9.8063,0.3084,-0.0531,0.0897,-14,-36.44,-7.56,212,-81.45,161.62
52.371407,-1.54943,157.41,15.24,4,32.67,19 / 21,4677609,2019-09-06 20:38:03:352,0.9781,-0.2666,10.4429,0.0384,0.03,9.8064,-0.2102,-0.0538,0.0422,-13.94,-36,-7.87,212.07,-81.24,161.95
52.371407,-1.54943,157.41,15.24,4,32.67,19 / 21,4677710,2019-09-06 20:38:03:453,0.8686,-0.3032,11.3733,-0.0016,0.0118,9.8065,0.0521,0.0145,-0.0187,-14.06,-36.12,-8,211.86,-81.37,161.53
52.371407,-1.54943,157.41,15.24,4,32.67,19 / 21,4677810,2019-09-06 20:38:03:553,1.2611,-0.7207,10.5263,0.0197,0.0245,9.8066,-0.0381,0.0298,0.0577,-14.56,-36,-7.19,215.53,-81.14,161.49
52.371407,-1.54943,157.41,15.24,4,32.67,19 / 21,4677909,2019-09-06 20:38:03:652,-1.8354,-0.1148,10.5045,0.0393,0.0065,9.8065,-0.0156,0.1046,-0.0545,-14.25,-36,-7.31,215.17,-80.78,163.69
52.371407,-1.54943,157.41,15.24,4,32.67,19 / 21,4678009,2019-09-06 20:38:03:752,-1.5141,-1.1068,9.9649,-0.035,-0.0469,9.8064,0.0311,-0.0717,0.0346,-14.44,-36.37,-6.94,215.56,-81.06,163.84
52.371407,-1.54943,157.41,15.24,4,32.67,19 / 21,4678109,2019-09-06 20:38:03:852,-0.5505,0.5173,9.7735,-0.0442,-0.0343,9.8064,0.0719,0.0977,-0.0437,-14.62,-36.44,-6.87,217.54,-81.08,164.13
52.371407,-1.54943,157.41,15.24,4,32.67,19 / 21,4678210,2019-09-06 20:38:03:953,0.5168,-0.7672,9.8366,0.0124,0.0108,9.8066,-0.0323,0.0659,-0.0134,-14.81,-36,-7.25,218.08,-81.04,164.87
52.371407,-1.54943,157.41,15.24,4,32.67,19 / 21,4678310,2019-09-06 20:38:04:053,-0.827,-0.8562,9.6918,-0.003,-0.0148,9.8066,0.0052,-0.0036,-0.0147,-15,-36.44,-7.19,218.33,-81.14,165.06
52.371407,-1.54943,157.41,15.24,4,32.67,20 / 21,4678410,2019-09-06 20:38:04:153,0.8083,0.0825,10.2387,0.0315,0.0068,9.8065,-0.0014,-0.1233,0.0416,-14.81,-36.25,-7.19,218.54,-81.18,165.28
52.371407,-1.54943,157.41,15.24,4,32.67,20 / 21,4678509,2019-09-06 20:38:04:252,-1.6152,-0.7232,10.6304,0.0179,0.0187,9.8066,-0.0572,0.0714,-0.0825,-14.56,-36.31,-7.44,219.03,-80.97,166.17
52.371407,-1.54943,157.41,15.24,4,32.67,20 / 21,4678610,2019-09-06 20:38:04:353,1.4164,0.7192,10.0574,-0.0411,-0.0293,9.8064,-0.0569,-0.0273,0.0033,-14.44,-36.37,-7.44,217.84,-81.04,166.81
52.371407,-1.54943,157.41,15.24,4,32.67,20 / 21,4678709,2019-09-06 20:38:04:452,-0.244,-2.9088,11.5382,0.0232,0.0321,9.8065,-0.0968,-0.1242,-0.0109,-14.25,-36,-7.62,215.1,-80.68,166.53
52.371407,-1.54943,157.41,15.24,4,32.67,20 / 21,4678810,2019-09-06 20:38:04:553,-0.8226,-1.4259,9.7922,0.0259,0.0206,9.8066,0.1088,0.0463,-0.0624,-14.81,-35.69,-7.56,216.93,-80.61,166.68
52.371407,-1.54943,157.41,15.24,4,32.67,20 / 21,4678910,2019-09-06 20:38:04:653,-0.1903,-1.4102,9.2365,-0.0105,-0.0184,9.8066,0.0177,-0.0216,0.0663,-14.87,-36.25,-7.12,219.38,-80.57,167.15
52.371407,-1.54943,157.41,15.24,4,32.67,20 / 21,4679009,2019-09-06 20:38:04:752,-0.2755,-0.7836,8.8821,-0.0202,-0.0166,9.8065,-0.0145,-0.0411,-0.013,-14.75,-36.31,-7.19,219.56,-80.54,167.42
52.371407,-1.54943,157.41,15.24,4,32.67,20 / 21,4679110,2019-09-06 20:38:04:853,-0.5865,-0.9795,10.0345,0.0054,0.005,9.8066,-0.0722,-0.0415,-0.0003,-14.62,-36.06,-7.69,217.48,-80.7,167.26
52.371407,-1.54943,157.41,15.24,4,32.67,20 / 21,4679210,2019-09-06 20:38:04:953,-0.92,0.1098,9.8969,-0.0081,-0.0134,9.8066,0.1467,-0.1285,0.0551,-14.62,-37,-7,219.9,-80.7,168.01
52.371407,-1.54943,157.41,15.24,4,32.67,20 / 21,4679310,2019-09-06 20:38:05:053,0.4338,-1.5203,9.9893,0.0169,-0.0064,9.8066,0.1134,0.0031,0.0392,-14.81,-36.37,-7,220.5,-80.45,168.75
52.371407,-1.54943,157.41,15.24,4,32.67,19 / 20,4679409,2019-09-06 20:38:05:152,-0.0972,-1.2332,9.6675,0.0084,-0.004,9.8066,-0.0267,0.0512,0.0092,-14.81,-35.87,-6.5,223.8,-80.34,170.3
52.371407,-1.54943,157.41,15.24,4,32.67,19 / 20,4679510,2019-09-06 20:38:05:253,0.7467,0.1729,9.6521,0.0198,0.0033,9.8066,0.0144,0.0638,0.0119,-15.31,-36.25,-6.81,222.57,-80.42,171.46
52.371407,-1.54943,157.41,15.24,4,32.67,19 / 20,4679609,2019-09-06 20:38:05:352,0.5845,-1.1325,9.5034,0.0333,0.0223,9.8065,-0.0191,0.0091,-0.0126,-14.81,-36.19,-6.56,223.35,-80.63,172.14
52.371407,-1.54943,157.41,15.24,4,32.67,19 / 20,4679710,2019-09-06 20:38:05:453,-0.9183,-1.2982,9.8723,0.0372,0.0259,9.8065,-0.0954,-0.0051,-0.0456,-15.19,-36.37,-6.75,223.44,-80.39,172.62
52.371407,-1.54943,157.41,15.24,4,32.67,19 / 20,4679810,2019-09-06 20:38:05:553,0.3344,-1.5859,9.704,-0.0208,-0.0068,9.8066,0.0921,0.0034,-0.0668,-15.31,-35.81,-7.37,223.21,-80.45,172.23
52.371407,-1.54943,157.41,15.24,4,32.67,19 / 20,4679909,2019-09-06 20:38:05:652,-1.4883,-2.1938,9.7742,0.0112,0.0062,9.8066,0.1867,-0.0334,0.0363,-14.94,-36.25,-6.75,222.98,-80.25,172.22
52.371407,-1.54943,157.41,15.24,4,32.67,19 / 20,4680009,2019-09-06 20:38:05:752,-0.0524,-0.4923,10.2942,-0.0068,-0.0077,9.8066,-0.0726,0.0198,-0.0301,-15.19,-36.12,-6.87,223.15,-80.25,172.44
52.371407,-1.54943,157.41,15.24,4,32.67,19 / 20,4680110,2019-09-06 20:38:05:853,0.3551,-2.0001,10.0822,-0.0257,-0.0243,9.8065,-0.0423,0.0047,0.0285,-14.69,-35.94,-6.81,223.13,-80.42,172.17
52.371407,-1.54943,157.41,15.24,4,32.67,19 / 20,4680210,2019-09-06 20:38:05:953,0.0195,-1.8849,9.9488,0.026,0.0227,9.8065,-0.0103,0.0264,-0.0224,-15.5,-35.81,-6.56,223.24,-80.53,172.15
52.371407,-1.54943,157.41,15.24,4,32.67,19 / 20,4680310,2019-09-06 20:38:06:053,-0.1738,-1.3808,9.6999,-0.0059,0.0071,9.8066,0.1228,-0.0006,-0.0177,-14.69,-36.25,-6.62,222.69,-80.37,171.67
52.371407,-1.54943,157.41,15.24,4,32.67,19 / 21,4680409,2019-09-06 20:38:06:152,-0.0793,-0.7315,10.036,-0.0176,-0.0051,9.8066,-0.0229,-0.0063,-0.0288,-15,-36.62,-6.25,224.27,-80.43,171.19
52.371407,-1.54943,157.41,15.24,4,32.67,19 / 21,4680510,2019-09-06 20:38:06:253,1.4943,0.3582,10.5796,0.0146,0.0205,9.8066,0.1431,-0.0252,0.0521,-15.06,-36.19,-6.25,223.98,-80.23,170.69
52.371407,-1.54943,157.41,15.24,4,32.67,19 / 21,4680609,2019-09-06 20:38:06:352,-0.3395,-0.9941,8.8752,0.0164,0.0016,9.8065,-0.3458,0.115,-0.1005,-14.75,-36.37,-6.37,224.29,-80.27,171.04
52.371407,-1.54943,157.41,15.24,4,32.67,19 / 21,4680710,2019-09-06 20:38:06:453,-0.7095,-1.5467,10.2653,0.0704,0.0616,9.8062,-0.3627,-0.0128,0.0633,-14.87,-36.12,-6.37,224.13,-79.95,171.32
52.371407,-1.54943,157.41,15.24,4,32.67,19 / 21,4680809,2019-09-06 20:38:06:552,-0.169,-1.4997,10.5112,0.0483,0.0469,9.8064,0.0391,0.0187,-0.059,-14.69,-36.44,-6.81,221.97,-80.01,171.26
52.371407,-1.54943,157.41,15.24,4,32.67,19 / 21,4680910,2019-09-06 20:38:06:653,0.4462,-2.2141,10.2743,-0.0094,0.0078,9.8066,0.0955,-0.1203,0.0836,-14.94,-36.31,-6.56,221.69,-80.07,170.83
52.371407,-1.54943,157.41,15.24,4,32.67,19 / 21,4681009,2019-09-06 20:38:06:752,-0.1804,-0.0984,10.6013,-0.0097,-0.0164,9.8066,0.0382,-0.0745,0.0175,-14.94,-36.56,-6.19,223.63,-80.06,170.95
52.371407,-1.54943,157.41,15.24,4,32.67,19 / 21,4681109,2019-09-06 20:38:06:852,-0.1459,-1.3982,9.9773,0.0023,-0.0007,9.8066,0.0814,0.0763,-0.0453,-15.44,-36.37,-6.69,221.86,-79.94,171.23
52.371407,-1.54943,157.41,15.24,4,32.67,19 / 21,4681209,2019-09-06 20:38:06:952,-0.6648,-0.3346,9.6842,-0.014,-0.0151,9.8066,-0.0486,0.0518,-0.0053,-15.12,-36.19,-6.69,221.77,-80,171.02
52.371407,-1.54943,157.41,15.24,4,32.67,19 / 21,4681309,2019-09-06 20:38:07:052,-0.2197,-0.766,9.2105,-0.0192,-0.0139,9.8065,0.0415,-0.0648,0.019,-15.12,-36.19,-6.19,224.57,-80.16,171.57
52.371407,-1.54943,157.41,15.24,4,32.67,19 / 20,4681410,2019-09-06 20:38:07:153,-1.1502,-1.0215,10.3265,-0.0124,-0.0118,9.8066,0.0848,-0.1005,0.0577,-15,-36.25,-6.37,224.84,-80.15,171.93
52.371407,-1.54943,157.41,15.24,4,32.67,19 / 20,4681509,2019-09-06 20:38:07:252,-0.5849,-0.969,10.1467,0.0245,0.0188,9.8065,0.0087,0.0349,-0.0885,-14.31,-35.87,-6.44,222.76,-80.1,171.66
52.371407,-1.54943,157.41,15.24,4,32.67,19 / 20,4681610,2019-09-06 20:38:07:353,-1.4268,0.2359,9.5027,-0.0038,0.0233,9.8066,0.039,-0.1372,-0.005,-14.75,-36.5,-6.94,221.43,-79.9,170.72
52.371407,-1.54943,157.41,15.24,4,32.67,19 / 20,4681709,2019-09-06 20:38:07:452,0.6356,-2.2537,10.197,0.007,0.0243,9.8065,-0.1961,0.0633,-0.1142,-14.5,-36.37,-6.81,218.67,-79.67,169.81
52.371407,-1.54943,157.41,15.24,4,32.67,19 / 20,4681810,2019-09-06 20:38:07:553,-1.5329,-2.5738,8.5757,0.0633,0.0686,9.8062,0.0848,0.0087,-0.0352,-14.44,-37.06,-6.19,219.2,-79.33,168.55
52.371407,-1.54943,157.41,15.24,4,32.67,19 / 20,4681909,2019-09-06 20:38:07:652,-0.4059,-0.445,9.3415,-0.0356,-0.0359,9.8065,0.0136,-0.0641,-0.0188,-14.75,-37.31,-6.31,221,-79.75,167.97
52.371407,-1.54943,157.41,15.24,4,32.67,19 / 20,4682009,2019-09-06 20:38:07:752,-0.6619,0.3256,9.2387,-0.0242,-0.0208,9.8065,0.0411,-0.0265,0.0964,-14.44,-36.75,-6.56,217.4,-79.87,168.25
52.371407,-1.54943,157.41,15.24,4,32.67,19 / 20,4682110,2019-09-06 20:38:07:853,-0.9725,-0.6312,10.1222,0.0196,-0.0023,9.8065,-0.0533,0.0571,-0.0014,-14.5,-36.56,-6.69,217,-79.95,167.6
52.371407,-1.54943,157.41,15.24,4,32.67,19 / 20,4682210,2019-09-06 20:38:07:953,-0.1499,-1.8814,10.89,0.0236,0.0072,9.8066,0.0576,0.0497,-0.046,-14.69,-36.81,-6.44,221.85,-79.73,169.12
52.371407,-1.54943,157.41,15.24,4,32.67,19 / 20,4682310,2019-09-06 20:38:08:053,0.1336,-1.5725,11.0454,0.0325,0.0419,9.8064,-0.0816,-0.0981,0.0346,-14.37,-36.19,-6.31,219.92,-79.26,169.16
52.372814,-1.548082,154.87,23.16,4,30.34,18 / 21,4682409,2019-09-06 20:38:08:152,0.5289,-0.2532,10.3741,-0.006,0.0163,9.8065,0.0496,-0.0884,-0.0378,-13.94,-37.06,-5.69,219.31,-79.34,168.69
52.372814,-1.548082,154.87,23.16,4,30.34,18 / 21,4682513,2019-09-06 20:38:08:256,-2.3871,-2.3023,10.7169,0.0194,0.0209,9.8066,0.0102,0.0399,-0.0128,-14.37,-36.31,-6,218.4,-79.35,166.97
52.372814,-1.548082,154.87,23.16,4,30.34,18 / 21,4682609,2019-09-06 20:38:08:352,-0.8813,-1.9344,10.5536,-0.0054,-0.0093,9.8066,-0.0378,-0.0077,0.0677,-14.19,-36.69,-6.31,218.24,-79.52,166.95
52.372814,-1.548082,154.87,23.16,4,30.34,18 / 21,4682709,2019-09-06 20:38:08:452,0.8148,-1.7662,10.7452,-0.0329,-0.0427,9.8065,0.0831,0.026,-0.0657,-14.31,-36.62,-5.56,218.76,-79.65,167.46
52.372814,-1.548082,154.87,23.16,4,30.34,18 / 21,4682810,2019-09-06 20:38:08:553,1.4026,-0.3967,10.8765,0.0091,0.0134,9.8066,0.2708,0.0089,0.0102,-14,-36.44,-6.19,218.96,-79.38,167.68
52.372814,-1.548082,154.87,23.16,4,30.34,18 / 21,4682909,2019-09-06 20:38:08:652,-0.6094,-1.1012,11.0451,-0.0135,-0.0256,9.8065,-0.0472,-0.0444,0.0221,-14.37,-36.56,-5.69,218.61,-79.29,167.79
52.372814,-1.548082,154.87,23.16,4,30.34,18 / 21,4683009,2019-09-06 20:38:08:752,-0.7908,-1.0946,10.8042,0.039,0.0358,9.8064,-0.1481,-0.0575,-0.0037,-14.06,-37.12,-5.87,218.85,-78.84,168.79
52.372814,-1.548082,154.87,23.16,4,30.34,18 / 21,4683110,2019-09-06 20:38:08:853,-1.0008,-2.0283,9.4623,0.0094,0.0264,9.8065,0.0793,-0.058,-0.0434,-13.87,-37.12,-6.19,218.58,-78.86,168.4
52.372814,-1.548082,154.87,23.16,4,30.34,18 / 21,4683210,2019-09-06 20:38:08:953,0.4432,-0.1135,8.5332,-0.0241,0.0048,9.8066,0.0471,-0.0493,0.0151,-14,-37.37,-6.06,218.28,-79.06,167.67
52.372814,-1.548082,154.87,23.16,4,30.34,18 / 21,4683310,2019-09-06 20:38:09:053,-2.4477,-1.8677,9.4065,0.0053,0.0029,9.8066,0.0897,-0.058,-0.022,-13.81,-37.19,-6.06,217.71,-79.28,166.57
52.372814,-1.548082,154.87,23.16,4,30.34,19 / 21,4683410,2019-09-06 20:38:09:153,-0.8164,-1.3121,10.0602,-0.0087,-0.0037,9.8066,0.0006,0.014,0.0164,-14,-36.44,-6.12,218.14,-79.35,166.61
52.372814,-1.548082,154.87,23.16,4,30.34,19 / 21,4683509,2019-09-06 20:38:09:252,-0.0491,-0.1573,11.9124,0.0603,0.0371,9.8063,0.0028,-0.119,0.0908,-14.12,-36.87,-5.75,218.23,-78.84,167.95
52.372814,-1.548082,154.87,23.16,4,30.34,19 / 21,4683610,2019-09-06 20:38:09:353,0.7383,-1.3449,9.7351,0.0017,0.0035,9.8066,-0.0071,0.0384,-0.0042,-14.69,-36.75,-5.19,221.72,-78.53,167.78
52.372814,-1.548082,154.87,23.16,4,30.34,19 / 21,4683709,2019-09-06 20:38:09:452,-0.6838,-1.2294,8.9971,-0.0181,-0.0254,9.8066,-0.1079,0.0132,0.0364,-14.56,-37.12,-5.44,222.23,-78.77,168.11
52.372814,-1.548082,154.87,23.16,4,30.34,19 / 21,4683810,2019-09-06 20:38:09:553,-2.1834,-1.8781,9.4579,-0.0599,-0.0525,9.8063,0.1266,-0.0385,0.0503,-14.31,-37.06,-5.5,220.64,-78.93,168.04
52.372814,-1.548082,154.87,23.16,4,30.34,19 / 21,4683910,2019-09-06 20:38:09:653,-0.0778,-1.9197,10.9949,0.0222,0.0284,9.8065,0.1698,-0.053,-0.0062,-14.37,-37,-5.37,220.86,-79.27,167.8
52.372814,-1.548082,154.87,23.16,4,30.34,19 / 21,4684010,2019-09-06 20:38:09:753,-0.5139,-1.0962,11.0829,0.0052,-0.0046,9.8065,0.1196,-0.0686,0.003,-14,-37.75,-5.19,220.31,-78.95,168.06
52.372814,-1.548082,154.87,23.16,4,30.34,19 / 21,4684110,2019-09-06 20:38:09:853,0.7682,-2.9358,11.2666,-0.0517,-0.0304,9.8064,0.3333,0.0577,-0.0489,-14,-36.81,-4.75,220.22,-78.83,167.62
52.372814,-1.548082,154.87,23.16,4,30.34,19 / 21,4684210,2019-09-06 20:38:09:953,-0.4954,-1.969,9.6616,0.0465,0.0409,9.8064,-0.2307,0.0225,-0.0425,-14.62,-36.81,-5.19,222.14,-78.48,168.44
52.372814,-1.548082,154.87,23.16,4,30.34,19 / 21,4684310,2019-09-06 20:38:10:053,-1.5331,-1.971,9.8841,0.0105,0.0048,9.8065,-0.2301,-0.036,-0.0348,-14.19,-37.19,-5.37,220.65,-78.89,168.12
52.372814,-1.548082,154.87,23.16,4,30.34,19 / 20,4684410,2019-09-06 20:38:10:153,-0.4688,-1.5511,9.9173,-0.0095,0.0051,9.8066,0.1184,-0.0157,-0.021,-14,-37.12,-5.69,218.03,-78.98,167.45
52.372814,-1.548082,154.87,23.16,4,30.34,19 / 20,4684510,2019-09-06 20:38:10:253,-0.6966,1.1832,8.611,0.0179,0.039,9.8065,0.2917,0.1312,-0.1947,-13.75,-36.81,-5.19,219.34,-78.66,166.67
52.372814,-1.548082,154.87,23.16,4,30.34,19 / 20,4684610,2019-09-06 20:38:10:353,-1.6614,1.5482,11.0581,0.0166,-0.0118,9.8066,0.1803,-0.1473,0.0153,-13.5,-37.19,-4.5,219.55,-78.58,166.33
52.372814,-1.548082,154.87,23.16,4,30.34,19 / 20,4684710,2019-09-06 20:38:10:453,1.9937,-2.0929,10.6417,-0.0481,-0.0386,9.8063,0.0735,0.1697,-0.1405,-13.56,-37.31,-4.87,218.13,-78.79,164.77
52.372814,-1.548082,154.87,23.16,4,30.34,19 / 20,4684810,2019-09-06 20:38:10:553,0.6063,-0.0862,10.6005,-0.0097,-0.0094,9.8066,-0.2485,0.1336,-0.0481,-13.44,-37.37,-4.81,217.62,-78.65,166.86
52.372814,-1.548082,154.87,23.16,4,30.34,19 / 20,4684909,2019-09-06 20:38:10:652,1.603,-2.2063,10.0943,-0.0263,-0.0625,9.8063,0.1002,-0.0911,0.1701,-13.69,-37.25,-5.12,220.51,-78.95,167.83
52.372814,-1.548082,154.87,23.16,4,30.34,19 / 20,4685010,2019-09-06 20:38:10:753,0.1818,-0.3143,9.3017,0.0313,0.0239,9.8066,-0.2503,0.0227,-0.0714,-14.06,-36.94,-4.81,221.26,-78.89,168.97
52.372814,-1.548082,154.87,23.16,4,30.34,19 / 20,4685110,2019-09-06 20:38:10:853,-1.1851,-1.7954,9.2338,0.0476,0.0136,9.8065,-0.069,-0.027,0.0689,-14.56,-37.25,-5.12,223.95,-79.05,169.99
52.372814,-1.548082,154.87,23.16,4,30.34,19 / 20,4685210,2019-09-06 20:38:10:953,-0.7399,-1.2316,10.0337,0.0016,0.009,9.8066,0.0606,-0.0347,0.0033,-13.81,-37.06,-5,222.04,-79.12,169.66
52.372814,-1.548082,154.87,23.16,4,30.34,19 / 20,4685310,2019-09-06 20:38:11:053,-0.9898,-0.432,10.482,0.0191,0.0133,9.8065,0.1842,-0.0419,-0.0059,-14.25,-36.69,-4.81,222.24,-79.02,170.1
52.372814,-1.548082,154.87,23.16,4,30.34,19 / 21,4685410,2019-09-06 20:38:11:153,-0.6602,-0.431,9.8206,0.0043,-0.0052,9.8066,-0.0795,0.0047,-0.0001,-13.81,-36.56,-4.5,224.79,-78.97,170.42
52.372814,-1.548082,154.87,23.16,4,30.34,19 / 21,4685509,2019-09-06 20:38:11:252,-1.3556,-1.2291,9.0438,0.0056,-0.0017,9.8066,-0.1041,-0.0036,0.0246,-14.25,-36.94,-4.81,222.83,-79.03,170.91
52.372814,-1.548082,154.87,23.16,4,30.34,19 / 21,4685610,2019-09-06 20:38:11:353,-0.2952,-0.4142,9.1952,-0.0425,-0.0247,9.8065,0.0213,-0.0666,0.007,-13.31,-37.25,-5.12,220.48,-79.35,169.75
52.372814,-1.548082,154.87,23.16,4,30.34,19 / 21,4685711,2019-09-06 20:38:11:454,-1.0115,-0.7419,9.3092,-0.0256,-0.0008,9.8065,0.0146,0.0142,-0.0828,-14.37,-36.81,-5.62,219.6,-79.4,168.98
52.372814,-1.548082,154.87,23.16,4,30.34,19 / 21,4685810,2019-09-06 20:38:11:553,-1.4554,-0.0567,8.9485,-0.0281,-0.0115,9.8065,0.0626,-0.062,0.0223,-14.25,-37.19,-5.31,221.49,-79.51,168.27
52.372814,-1.548082,154.87,23.16,4,30.34,19 / 21,4685910,2019-09-06 20:38:11:653,0.4076,-0.4177,10.6005,-0.006,-0.0014,9.8066,0.0866,-0.0281,-0.0375,-14.37,-37,-4.87,220.99,-79.52,167.57
52.372814,-1.548082,154.87,23.16,4,30.34,19 / 21,4686010,2019-09-06 20:38:11:753,0.2963,-1.9392,11.1497,0.0309,0.0114,9.8065,0.1447,0.0399,0.0063,-14.06,-37,-4.81,221.2,-79.49,167.92
52.372814,-1.548082,154.87,23.16,4,30.34,19 / 21,4686110,2019-09-06 20:38:11:853,-1.4024,-0.9142,10.6499,-0.0066,-0.0078,9.8066,0.0542,-0.0359,0.0498,-14.06,-37.06,-5.19,221.79,-79.29,169.03
52.372814,-1.548082,154.87,23.16,4,30.34,19 / 21,4686209,2019-09-06 20:38:11:952,-0.1407,-1.889,10.7847,-0.0087,-0.0138,9.8066,-0.1452,-0.0015,-0.001,-14.25,-36.44,-5.87,219.8,-79.33,168.89
52.372814,-1.548082,154.87,23.16,4,30.34,19 / 21,4686310,2019-09-06 20:38:12:053,0.2573,0.1404,9.4257,-0.0165,-0.0114,9.8066,-0.0185,0.0068,-0.0099,-14.19,-36.75,-4.69,221.64,-79.36,168.72
52.372814,-1.548082,154.87,23.16,4,30.34,20 / 21,4686410,2019-09-06 20:38:12:153,-0.858,-0.8251,9.8962,0.0023,0.0037,9.8066,-0.0083,-0.0623,-0.0089,-14.31,-37,-5.44,221.54,-79.46,168.42
52.372814,-1.548082,154.87,23.16,4,30.34,20 / 21,4686510,2019-09-06 20:38:12:253,-0.6752,-1.0167,9.4269,-0.014,0.0131,9.8065,-0.1014,0.0766,-0.128,-14.06,-36.62,-5.37,220.74,-79.47,167.31
52.372814,-1.548082,154.87,23.16,4,30.34,20 / 21,4686610,2019-09-06 20:38:12:353,-1.1943,-0.4775,9.6694,-0.0096,0.004,9.8066,-0.1385,0.1058,-0.0435,-14,-36.62,-5,220.11,-79.41,166.54
52.372814,-1.548082,154.87,23.16,4,30.34,20 / 21,4686709,2019-09-06 20:38:12:452,-0.5458,-1.6452,11.1682,0.0099,0.0114,9.8066,-0.0099,-0.0985,-0.0024,-13.56,-37.31,-4.94,219.77,-79.34,166.18
52.372814,-1.548082,154.87,23.16,4,30.34,20 / 21,4686809,2019-09-06 20:38:12:552,-1.5894,0.2495,9.7968,0.0318,0.0103,9.8066,0.0921,-0.0306,0.087,-13.19,-37.12,-5.06,217.97,-79.2,166.46
52.372814,-1.548082,154.87,23.16,4,30.34,20 / 21,4686910,2019-09-06 20:38:12:653,-0.5324,-0.7635,9.1152,0.0088,0.012,9.8065,0.0194,-0.0194,-0.0395,-13.5,-37.44,-5.31,218.13,-79.16,166.76
52.372814,-1.548082,154.87,23.16,4,30.34,20 / 21,4687010,2019-09-06 20:38:12:753,-1.0432,0.2116,9.7755,-0.0472,-0.0416,9.8064,0.0728,-0.0415,0.0577,-13.75,-37.12,-4.81,220.15,-79.17,166.98
52.372814,-1.548082,154.87,23.16,4,30.34,20 / 21,4687110,2019-09-06 20:38:12:853,-0.922,-1.0712,9.6722,0.0151,0.0159,9.8065,-0.024,-0.0248,-0.0215,-13.94,-37.19,-5,220.67,-79.59,167.01
52.372814,-1.548082,154.87,23.16,4,30.34,20 / 21,4687210,2019-09-06 20:38:12:953,-0.8828,-0.9609,9.7863,0.032,0.02,9.8065,-0.0535,-0.066,0.042,-12.94,-37.25,-5.06,218.73,-79.46,167.11
52.372814,-1.548082,154.87,23.16,4,30.34,20 / 21,4687310,2019-09-06 20:38:13:053,-1.6713,0.3733,9.2115,0.0131,0.0231,9.8066,-0.1701,0.0491,-0.1127,-13.81,-37.37,-5.44,220.29,-79.48,166.68
52.372814,-1.548082,154.87,23.16,4,30.34,20 / 22,4687410,2019-09-06 20:38:13:153,-2.0869,0.0803,9.7218,-0.0368,-0.0304,9.8064,-0.0427,-0.0343,0.0944,-13.87,-37.12,-5.87,217.84,-79.7,166.13
52.372814,-1.548082,154.87,23.16,4,30.34,20 / 22,4687509,2019-09-06 20:38:13:252,-0.2039,-0.8055,10.1645,-0.0265,-0.0139,9.8066,-0.001,0.0213,0.0589,-13.81,-37.31,-4.87,220.33,-79.72,166.35
52.372814,-1.548082,154.87,23.16,4,30.34,20 / 22,4687610,2019-09-06 20:38:13:353,-0.847,-1.7888,10.7883,0.0135,0.0128,9.8066,0.1186,0.0079,-0.0295,-13.87,-37.06,-5.62,217.63,-79.62,165.97
52.372814,-1.548082,154.87,23.16,4,30.34,20 / 22,4687710,2019-09-06 20:38:13:453,-1.2982,-0.3051,10.0221,-0.001,-0.003,9.8066,-0.0483,-0.0684,0.0276,-13.06,-37.62,-4.94,217.92,-79.39,166.58
52.372814,-1.548082,154.87,23.16,4,30.34,20 / 22,4687810,2019-09-06 20:38:13:553,-0.7833,-2.1309,9.2673,-0.0311,-0.0385,9.8065,0.2283,0.0009,0.0031,-13.37,-36.75,-5.19,218.53,-79.47,166.82
52.372814,-1.548082,154.87,23.16,4,30.34,20 / 22,4687910,2019-09-06 20:38:13:653,-0.4833,0.279,9.4208,-0.0199,-0.0185,9.8066,0.1825,0.0902,0.0151,-13.37,-37.19,-5.69,216.47,-79.45,167.21
52.372814,-1.548082,154.87,23.16,4,30.34,20 / 22,4688010,2019-09-06 20:38:13:753,-0.4834,-1.9084,9.1997,-0.0096,-0.0118,9.8066,-0.0415,-0.0216,-0.0047,-13.25,-36.81,-5.37,219.02,-79.63,167.23
52.372814,-1.548082,154.87,23.16,4,30.34,20 / 22,4688110,2019-09-06 20:38:13:853,-1.8335,-1.1566,9.3849,0.0063,-0.016,9.8066,-0.0092,0.0037,-0.0028,-14.06,-37.12,-5.75,218.82,-79.67,167.51
52.372814,-1.548082,154.87,23.16,4,30.34,20 / 22,4688210,2019-09-06 20:38:13:953,0.009,-1.5278,9.5441,-0.0248,-0.03,9.8066,0.0255,0.0612,-0.0139,-13.56,-36.62,-5.81,219.54,-79.62,168.57
52.372814,-1.548082,154.87,23.16,4,30.34,20 / 22,4688310,2019-09-06 20:38:14:053,-0.047,-0.7526,10.0207,-0.0206,-0.0148,9.8065,-0.1064,-0.0118,0.0464,-13.69,-37.12,-5.25,222.25,-79.78,168.85
52.372814,-1.548082,154.87,23.16,4,30.34,20 / 21,4688410,2019-09-06 20:38:14:153,-1.8149,-2.8231,10.8305,-0.0227,-0.0072,9.8065,-0.0546,0.055,-0.0623,-13.31,-36.87,-5.31,220.13,-79.92,168.29
52.372814,-1.548082,154.87,23.16,4,30.34,20 / 21,4688510,2019-09-06 20:38:14:253,-0.5328,0.3072,11.7265,0.0581,0.0406,9.8063,0.0377,0.0333,0.0338,-13.81,-37.37,-5.31,222.09,-80.01,168.25
52.372814,-1.548082,154.87,23.16,4,30.34,20 / 21,4688609,2019-09-06 20:38:14:352,2.189,-0.9152,10.4479,0.0461,0.0624,9.8062,-0.3053,0.1096,-0.1743,-13.81,-36.81,-5.19,221.48,-79.53,168.22
52.372814,-1.548082,154.87,23.16,4,30.34,20 / 21,4688709,2019-09-06 20:38:14:452,0.2789,-0.2058,9.8764,0.0374,0.0039,9.8065,-0.2194,-0.1221,0.1578,-13.62,-37.12,-4.87,221.82,-79.63,168.52
52.372814,-1.548082,154.87,23.16,4,30.34,20 / 21,4688810,2019-09-06 20:38:14:553,0.1565,-1.8035,9.6873,-0.0025,-0.0066,9.8065,0.0949,-0.1164,0.0245,-13.5,-37.12,-5.06,220.36,-79.85,168.73
52.372814,-1.548082,154.87,23.16,4,30.34,20 / 21,4688910,2019-09-06 20:38:14:653,-0.9646,-0.6959,9.356,-0.0163,-0.0104,9.8065,0.088,-0.0039,-0.0448,-13.62,-37.12,-5.5,222.63,-80.08,168.85
52.372814,-1.548082,154.87,23.16,4,30.34,20 / 21,4689010,2019-09-06 20:38:14:753,0.0859,-1.9044,10.4837,0.0192,0.0225,9.8065,0.0424,0.0105,-0.0568,-13.56,-36.62,-4.62,222.61,-79.87,169.18
52.372814,-1.548082,154.87,23.16,4,30.34,20 / 21,4689110,2019-09-06 20:38:14:853,-1.5209,-0.9379,10.3753,0.0015,0.0056,9.8066,-0.083,0.0226,-0.0492,-13.19,-37.12,-4.81,220.14,-79.78,168.53
52.372814,-1.548082,154.87,23.16,4,30.34,20 / 21,4689209,2019-09-06 20:38:14:952,-1.124,-1.4362,9.7181,-0.0382,-0.021,9.8065,0.1715,0.022,-0.0304,-13.62,-38.19,-4.94,221.36,-79.81,168.06
52.372814,-1.548082,154.87,23.16,4,30.34,20 / 21,4689309,2019-09-06 20:38:15:052,-1.1014,-1.2788,9.6471,-0.0144,-0.0274,9.8066,0.1595,-0.0036,0.0491,-13.12,-36.69,-5.25,220.08,-79.71,168.57
52.372814,-1.548082,154.87,23.16,4,30.34,19 / 20,4689410,2019-09-06 20:38:15:153,-2.5589,-1.848,9.3305,-0.0397,-0.0239,9.8064,-0.0817,0.0348,-0.0395,-13.5,-37.06,-4.94,220.44,-79.57,169.3
52.372814,-1.548082,154.87,23.16,4,30.34,19 / 20,4689510,2019-09-06 20:38:15:253,-0.2151,-0.5792,9.1553,-0.0402,-0.0355,9.8064,0.112,0.0066,0.1025,-13.69,-37.19,-5,222.32,-79.89,168.76
52.372814,-1.548082,154.87,23.16,4,30.34,19 / 20,4689610,2019-09-06 20:38:15:353,-0.3909,-1.4045,9.8062,0.0272,0.0255,9.8065,-0.0585,0.0338,-0.0886,-13.31,-36.94,-4.94,219.96,-79.75,168.34
52.372814,-1.548082,154.87,23.16,4,30.34,19 / 20,4689709,2019-09-06 20:38:15:452,-1.1727,-0.9057,9.9056,0.0398,0.0146,9.8065,-0.0259,-0.0262,0.0684,-13.69,-36.94,-4.81,222.18,-79.74,168.82
52.372814,-1.548082,154.87,23.16,4,30.34,19 / 20,4689810,2019-09-06 20:38:15:553,-0.2542,-0.4789,11.1441,-0.0071,-0.0244,9.8066,0.2716,-0.1144,0.0775,-13.5,-36.81,-4.94,221.22,-80,169.64
52.372814,-1.548082,154.87,23.16,4,30.34,19 / 20,4689909,2019-09-06 20:38:15:652,-0.3263,1.8537,9.0522,-0.0915,-0.0883,9.8058,0.5077,0.136,-0.0818,-13.44,-37.25,-5.12,222.37,-80.43,170.43
52.372814,-1.548082,154.87,23.16,4,30.34,19 / 20,4690010,2019-09-06 20:38:15:753,2.9375,-3.9175,10.2978,0.0117,0.0313,9.8066,-0.3949,0.1185,-0.2714,-13.94,-36.81,-4.94,225.03,-80.38,171.51
52.372814,-1.548082,154.87,23.16,4,30.34,19 / 20,4690112,2019-09-06 20:38:15:855,-0.8726,-0.7306,11.1712,0.0151,0.0031,9.8066,-0.0226,-0.0681,0.0377,-13.69,-36.62,-5.19,223.75,-80.33,169.91
52.372814,-1.548082,154.87,23.16,4,30.34,19 / 20,4690209,2019-09-06 20:38:15:952,-0.8777,-1.6909,9.5821,0.0266,0.0498,9.8064,-0.0736,-0.0037,-0.0376,-13.44,-37.31,-5.87,218.1,-80.14,168.4
52.372814,-1.548082,154.87,23.16,4,30.34,19 / 20,4690310,2019-09-06 20:38:16:053,-0.6382,-1.1562,9.6866,0.052,0.0595,9.8063,-0.1821,0.0215,-0.0272,-13.25,-37.19,-5.12,219.71,-79.93,167.68
52.372814,-1.548082,154.87,23.16,4,30.34,20 / 21,4690409,2019-09-06 20:38:16:152,-1.0694,0.2656,9.3523,-0.048,-0.0352,9.8064,-0.1259,0.0666,0.0197,-14,-37,-4.87,221.48,-80.15,167.19
52.372814,-1.548082,154.87,23.16,4,30.34,20 / 21,4690510,2019-09-06 20:38:16:253,-0.8911,-0.6805,9.7371,-0.0186,-0.0154,9.8065,-0.06,0.0047,0.0019,-13.19,-37.94,-4.5,222.17,-80.15,167.69
52.372814,-1.548082,154.87,23.16,4,30.34,20 / 21,4690609,2019-09-06 20:38:16:352,0.4188,-0.6578,10.0055,0.0272,0.0252,9.8065,-0.0559,0.0426,-0.0095,-13.87,-36.81,-4.56,221.63,-80.02,167.6
52.372814,-1.548082,154.87,23.16,4,30.34,20 / 21,4690710,2019-09-06 20:38:16:453,-0.97,0.658,9.8142,0.0396,0.0197,9.8065,-0.1052,-0.043,0.0373,-13.5,-37.37,-4.69,220.07,-79.97,168.12
52.372814,-1.548082,154.87,23.16,4,30.34,20 / 21,4690809,2019-09-06 20:38:16:552,-0.0849,-0.8066,9.6252,-0.024,-0.0351,9.8065,0.0781,0.0084,-0.0086,-13.87,-36.94,-5.5,222.1,-80.22,167.92
52.372814,-1.548082,154.87,23.16,4,30.34,20 / 21,4690910,2019-09-06 20:38:16:653,0.0912,-0.5188,9.3857,-0.0255,-0.0294,9.8065,0.0653,-0.0257,0.006,-13.5,-37.12,-4.69,220.66,-80.3,168.34
52.372814,-1.548082,154.87,23.16,4,30.34,20 / 21,4691010,2019-09-06 20:38:16:753,-0.8723,-0.5419,10.1561,-0.0037,0.0031,9.8066,-0.0247,-0.0276,-0.0141,-13.87,-37.31,-5.25,222.2,-80.33,167.86
52.372814,-1.548082,154.87,23.16,4,30.34,20 / 21,4691109,2019-09-06 20:38:16:852,-0.3941,-0.5732,9.4108,-0.0121,-0.0024,9.8066,-0.0982,0.0042,-0.0068,-13.69,-37.12,-5.12,221.77,-80.38,167.21
52.372814,-1.548082,154.87,23.16,4,30.34,20 / 21,4691209,2019-09-06 20:38:16:952,-1.5005,-1.2128,10.6194,0.0103,-0.0012,9.8066,0.211,0.0864,0.0084,-13.62,-36.87,-5.25,221.79,-80.27,167.43
52.372814,-1.548082,154.87,23.16,4,30.34,20 / 21,4691310,2019-09-06 20:38:17:053,-0.9252,-0.0682,10.3011,-0.0032,-0.0176,9.8066,0.0968,-0.023,0.0569,-13.37,-36.75,-4.31,222.9,-80.21,168.06
52.374386,-1.546588,149.45,22.21,4,29.79,20 / 21,4691409,2019-09-06 20:38:17:152,0.1153,-1.1398,9.188,-0.0058,-0.0167,9.8066,0.0431,0.0153,0.046,-13.69,-36.75,-4.94,222.4,-80.15,168.44
52.374386,-1.546588,149.45,22.21,4,29.79,20 / 21,4691510,2019-09-06 20:38:17:253,-0.2832,-0.8736,10.2669,0.0303,0.0158,9.8066,-0.1306,0.0049,0.0612,-13.94,-37.12,-4.81,223.61,-80.4,169.61
52.374386,-1.546588,149.45,22.21,4,29.79,20 / 21,4691609,2019-09-06 20:38:17:352,0.307,-0.2336,9.2817,0.0095,0.0046,9.8066,-0.0492,-0.0173,0.0574,-13.62,-37.19,-5.12,223.99,-80.52,169.91
52.374386,-1.546588,149.45,22.21,4,29.79,20 / 21,4691710,2019-09-06 20:38:17:453,-0.9967,-0.3491,8.8075,0.0254,0.0167,9.8065,0.1379,-0.0104,0.0038,-13.56,-37.37,-4.87,224.35,-80.41,170.57
52.374386,-1.546588,149.45,22.21,4,29.79,20 / 21,4691810,2019-09-06 20:38:17:553,-0.79,-1.4563,8.9907,-0.0198,-0.018,9.8066,0.0324,0.0671,0.0012,-13.25,-37.12,-4.81,222.5,-80.58,170.34
52.374386,-1.546588,149.45,22.21,4,29.79,20 / 21,4691909,2019-09-06 20:38:17:652,-0.2375,-0.8668,10.1671,-0.0113,-0.0092,9.8065,0.0404,0.0031,-0.0663,-13.56,-36.81,-4.69,224.25,-80.64,170.05
52.374386,-1.546588,149.45,22.21,4,29.79,20 / 21,4692010,2019-09-06 20:38:17:753,-0.0301,-0.7896,10.0055,-0.0209,-0.0146,9.8065,0.1666,-0.0514,0.0406,-13.94,-37.19,-4.62,224.87,-80.72,170.69
52.374386,-1.546588,149.45,22.21,4,29.79,20 / 21,4692109,2019-09-06 20:38:17:852,0.7955,0.1773,9.2073,-0.015,-0.0051,9.8066,0.0431,0.0007,-0.0235,-13.56,-37.12,-5.19,224.96,-80.61,171.01
52.374386,-1.546588,149.45,22.21,4,29.79,20 / 21,4692210,2019-09-06 20:38:17:953,-0.4238,-1.546,9.4321,-0.0288,-0.0197,9.8065,-0.0723,-0.1021,0.0234,-13.37,-37,-4.87,223.34,-80.52,171.57
52.374386,-1.546588,149.45,22.21,4,29.79,20 / 21,4692310,2019-09-06 20:38:18:053,-0.9576,-1.1557,9.0463,-0.0126,-0.0125,9.8065,0.0267,-0.0066,-0.0064,-13.81,-36.87,-5.37,225.43,-80.79,171.32
52.374386,-1.546588,149.45,22.21,4,29.79,20 / 21,4692409,2019-09-06 20:38:18:152,-0.6895,-0.7856,10.5886,-0.029,-0.0289,9.8065,0.2361,-0.0289,0.0677,-14.12,-37.31,-4.75,225.58,-81.05,171.04
52.374386,-1.546588,149.45,22.21,4,29.79,20 / 21,4692509,2019-09-06 20:38:18:252,0.6872,0.4554,10.3317,-0.0276,-0.0323,9.8065,-0.1115,0.0256,0.0021,-13.5,-37.12,-5.31,224.07,-80.94,171.76
52.374386,-1.546588,149.45,22.21,4,29.79,20 / 21,4692610,2019-09-06 20:38:18:353,0.1163,-0.196,10.3686,0.0391,0.0235,9.8065,-0.0322,0.0325,0.0258,-13.62,-36.75,-4.37,228.69,-80.6,172.55
52.374386,-1.546588,149.45,22.21,4,29.79,20 / 21,4692710,2019-09-06 20:38:18:453,0.5902,-0.3134,9.2082,0.0038,-0.007,9.8066,-0.1964,0.0423,-0.078,-14.06,-37.06,-5.37,226.65,-80.81,172.85
52.374386,-1.546588,149.45,22.21,4,29.79,20 / 21,4692810,2019-09-06 20:38:18:553,-3.6731,-0.189,9.939,-0.0215,-0.0096,9.8066,-0.2238,0.2025,-0.0302,-13.62,-36.56,-4.94,226.8,-80.96,172.76
52.374386,-1.546588,149.45,22.21,4,29.79,20 / 21,4692909,2019-09-06 20:38:18:652,-1.001,-2.8478,10.027,-0.0123,-0.0073,9.8066,0.247,0.2243,-0.2191,-13.69,-36.81,-5.37,226.16,-81.24,171.44
52.374386,-1.546588,149.45,22.21,4,29.79,20 / 21,4693010,2019-09-06 20:38:18:753,-1.4406,0.5589,9.2314,-0.0294,0.0052,9.8065,-0.0121,-0.0957,0.109,-13.69,-36.75,-5,225.85,-81.09,171.31
52.374386,-1.546588,149.45,22.21,4,29.79,20 / 21,4693109,2019-09-06 20:38:18:852,0.8254,1.458,10.3766,-0.0274,-0.0425,9.8065,-0.1144,-0.0654,0.1086,-14.12,-36.19,-5.12,226.83,-81.03,172.23
52.374386,-1.546588,149.45,22.21,4,29.79,20 / 21,4693210,2019-09-06 20:38:18:953,-0.547,-0.273,10.0992,0.0522,0.0186,9.8064,-0.1537,-0.0206,-0.0068,-14.25,-37.19,-5.19,227.89,-80.73,174.6
52.374386,-1.546588,149.45,22.21,4,29.79,20 / 21,4693310,2019-09-06 20:38:19:053,0.5063,-0.5235,9.7109,0.0203,0.0021,9.8066,0.0202,-0.0665,0.0668,-14.31,-36.94,-4.94,228.84,-80.95,175.41
52.374386,-1.546588,149.45,22.21,4,29.79,19 / 21,4693409,2019-09-06 20:38:19:152,0.8345,-0.9796,9.2786,-0.0043,-0.0151,9.8066,-0.1089,-0.0953,0.0636,-14.25,-36.44,-5,230.59,-81.13,176.8
52.374386,-1.546588,149.45,22.21,4,29.79,19 / 21,4693509,2019-09-06 20:38:19:252,-0.4754,-0.3174,8.8116,0.0028,-0.006,9.8066,0.098,-0.1028,0.0619,-14.5,-36.81,-5.06,231.29,-81.25,177.93
52.374386,-1.546588,149.45,22.21,4,29.79,19 / 21,4693610,2019-09-06 20:38:19:353,0.0551,-1.0928,9.7112,0.014,-0.0016,9.8065,-0.0125,0.0545,-0.0332,-14.19,-37,-4.69,231.71,-81.37,178.2
52.374386,-1.546588,149.45,22.21,4,29.79,19 / 21,4693709,2019-09-06 20:38:19:452,0.6621,-0.5873,10.535,0.0022,0.0064,9.8066,-0.0647,-0.0187,-0.0314,-14.44,-36.87,-4.94,231.71,-81.47,178.01
52.374386,-1.546588,149.45,22.21,4,29.79,19 / 21,4693810,2019-09-06 20:38:19:553,-0.1866,-1.38,10.7489,0.0289,0.0273,9.8065,-0.0691,-0.0527,0.0041,-14.69,-36.5,-5.06,233.17,-81.2,177.6
52.374386,-1.546588,149.45,22.21,4,29.79,19 / 21,4693910,2019-09-06 20:38:19:653,-0.9566,0.0629,10.1511,0.0197,0.0259,9.8066,0.0492,-0.0925,0.1317,-14.19,-36.81,-4.62,230.45,-81.1,177.17
52.374386,-1.546588,149.45,22.21,4,29.79,19 / 21,4694010,2019-09-06 20:38:19:753,-0.411,-1.0709,10.0753,0.0059,-0.0167,9.8066,-0.0885,-0.0051,-0.0192,-14.31,-37,-4.37,233.37,-81.18,177.35
52.374386,-1.546588,149.45,22.21,4,29.79,19 / 21,4694110,2019-09-06 20:38:19:853,0.3196,-0.9957,10.2668,-0.0191,-0.019,9.8066,0.0102,-0.0225,0.0353,-15,-36.87,-4.81,233.84,-81.43,178.44
52.374386,-1.546588,149.45,22.21,4,29.79,19 / 21,4694210,2019-09-06 20:38:19:953,0.2793,-0.5957,9.4458,-0.0069,-0.0078,9.8066,0.0908,0.0369,-0.0354,-14.75,-36.94,-4.69,234.45,-81.61,178.84
52.374386,-1.546588,149.45,22.21,4,29.79,19 / 21,4694310,2019-09-06 20:38:20:053,-0.9837,-0.6357,9.6263,-0.0033,-0.0017,9.8066,-0.032,0.0574,-0.0221,-14.44,-36.94,-5.5,232.34,-81.61,178.52
52.374386,-1.546588,149.45,22.21,4,29.79,19 / 21,4694409,2019-09-06 20:38:20:152,-0.1918,-1.4123,11.0753,0.0272,0.0311,9.8065,0.0213,-0.0302,0.0211,-14.81,-36.37,-4.75,234.38,-81.61,178.31
52.374386,-1.546588,149.45,22.21,4,29.79,19 / 21,4694510,2019-09-06 20:38:20:253,0.4021,0.7038,10.8604,0.0163,0.0166,9.8065,-0.0351,0.0139,0.006,-14.75,-37.25,-4.62,232.87,-81.25,177.6
52.374386,-1.546588,149.45,22.21,4,29.79,19 / 21,4694610,2019-09-06 20:38:20:353,0.6066,-0.8997,10.4878,0.0054,-0.0029,9.8066,0.0016,-0.0544,0.036,-14.5,-36.75,-5.06,230.45,-81.18,177.01
52.374386,-1.546588,149.45,22.21,4,29.79,19 / 21,4694709,2019-09-06 20:38:20:452,-0.5098,0.0512,10.4375,-0.0094,-0.0175,9.8065,0.0626,-0.062,0.0593,-14,-37.25,-4.37,233.74,-81.28,177.61
52.374386,-1.546588,149.45,22.21,4,29.79,19 / 21,4694810,2019-09-06 20:38:20:553,0.6333,-0.761,10.2649,0.0125,-0.0086,9.8066,0.13,0.0139,-0.0061,-14.81,-36.56,-4.31,236.38,-81.33,178.56
52.374386,-1.546588,149.45,22.21,4,29.79,19 / 21,4694910,2019-09-06 20:38:20:653,0.401,-0.8614,9.2882,0.0005,-0.0132,9.8066,-0.1109,0.0187,-0.0345,-14.5,-36.75,-4.44,235.25,-81.38,179.27
52.374386,-1.546588,149.45,22.21,4,29.79,19 / 21,4695010,2019-09-06 20:38:20:753,-0.0303,-0.418,9.3857,0.005,-0.0002,9.8065,-0.038,-0.013,0.021,-15.19,-37.19,-4.75,234.89,-81.46,179.67
52.374386,-1.546588,149.45,22.21,4,29.79,19 / 21,4695110,2019-09-06 20:38:20:853,0.106,-0.4778,8.9339,-0.0015,-0.0064,9.8065,0.0397,-0.014,-0.0261,-14.75,-37.25,-4.75,235.07,-81.52,179.77
52.374386,-1.546588,149.45,22.21,4,29.79,19 / 21,4695210,2019-09-06 20:38:20:953,0.4004,-0.5568,10.2575,-0.0357,-0.0251,9.8065,0.0882,-0.0482,-0.0174,-15.19,-37,-4.56,235.14,-81.6,179.7
52.374386,-1.546588,149.45,22.21,4,29.79,19 / 21,4695310,2019-09-06 20:38:21:053,0.3525,0.5736,10.4143,0.013,0.0205,9.8065,-0.0714,0.0033,0.0501,-14.44,-37.25,-4.44,235.2,-81.47,179.01
52.374386,-1.546588,149.45,22.21,4,29.79,20 / 21,4695411,2019-09-06 20:38:21:154,0.3616,-0.5502,10.166,0.0335,0.0049,9.8066,-0.0926,0.0619,-0.0471,-14.94,-37.31,-4.25,236.73,-81.46,178.7
52.374386,-1.546588,149.45,22.21,4,29.79,20 / 21,4695510,2019-09-06 20:38:21:253,1.3391,0.0926,9.2489,-0.0039,-0.0075,9.8066,-0.0865,-0.0762,0.055,-14.69,-37.25,-4.06,236.94,-81.32,179.26
52.374386,-1.546588,149.45,22.21,4,29.79,20 / 21,4695609,2019-09-06 20:38:21:352,-0.6196,-0.3323,8.9667,-0.0092,0.0014,9.8066,-0.0918,0.0425,0.0429,-14.87,-36.94,-3.87,236.94,-81.41,179.06
52.374386,-1.546588,149.45,22.21,4,29.79,20 / 21,4695710,2019-09-06 20:38:21:453,-1.1546,-0.326,9.4489,0.0011,0.0034,9.8066,0.1629,-0.0093,-0.0688,-14.31,-36.94,-4.94,233,-81.54,179.49
52.374386,-1.546588,149.45,22.21,4,29.79,20 / 21,4695810,2019-09-06 20:38:21:553,0.6413,0.2117,10.4612,-0.018,-0.0086,9.8066,0.2205,-0.0572,-0.0067,-14.56,-36.69,-4.12,237.35,-81.61,179.15
52.374386,-1.546588,149.45,22.21,4,29.79,20 / 21,4695909,2019-09-06 20:38:21:652,-0.7486,-0.6387,10.0179,-0.009,-0.0115,9.8066,-0.0891,0.0287,0.0352,-14.56,-36.75,-4.69,234.63,-81.44,179.4
52.374386,-1.546588,149.45,22.21,4,29.79,20 / 21,4696009,2019-09-06 20:38:21:752,0.0885,0.1935,10.3796,0.0451,0.0176,9.8064,-0.0893,0.0295,0.0339,-14.5,-37.25,-3.75,235.1,-81.36,179.12
52.374386,-1.546588,149.45,22.21,4,29.79,20 / 21,4696109,2019-09-06 20:38:21:852,-0.2344,-0.8549,10.1776,0.0546,0.0299,9.8064,0.1369,-0.016,0.0119,-14.81,-36.81,-5.25,234.74,-81.04,-179.69
52.374386,-1.546588,149.45,22.21,4,29.79,20 / 21,4696210,2019-09-06 20:38:21:953,0.8081,0.3829,9.3621,-0.0286,-0.0267,9.8065,0.0752,0.0216,0.0479,-14.56,-36.94,-4.25,238.15,-81.33,-179.29
52.374386,-1.546588,149.45,22.21,4,29.79,20 / 21,4696310,2019-09-06 20:38:22:053,-0.2026,-0.2129,10.0966,-0.0085,-0.0289,9.8066,0.0376,-0.0025,0.0604,-15.37,-37.37,-4.75,236.52,-81.38,-178.2
52.374386,-1.546588,149.45,22.21,4,29.79,20 / 21,4696410,2019-09-06 20:38:22:153,-0.1583,-0.3846,9.9354,0.0377,0.0078,9.8066,-0.0885,0.012,-0.0477,-14.69,-37.37,-4.94,237.54,-81.28,-176.76
52.374386,-1.546588,149.45,22.21,4,29.79,20 / 21,4696509,2019-09-06 20:38:22:252,-0.6946,-0.6927,9.2001,0.0083,0.0115,9.8066,0.0375,-0.0528,0.0689,-14.94,-37.37,-4.19,240.34,-81.38,-176.77
52.374386,-1.546588,149.45,22.21,4,29.79,20 / 21,4696609,2019-09-06 20:38:22:352,-1.1752,-1.4554,9.6356,-0.0406,-0.0249,9.8065,0.0647,-0.0389,-0.0165,-14.94,-37.44,-4.31,240.48,-81.43,-176.7
52.374386,-1.546588,149.45,22.21,4,29.79,20 / 21,4696709,2019-09-06 20:38:22:452,-0.5957,-0.2549,9.8916,-0.0444,-0.0157,9.8065,-0.0129,-0.0301,-0.018,-15.12,-36.94,-4.31,240.64,-81.78,-177.25
52.374386,-1.546588,149.45,22.21,4,29.79,20 / 21,4696809,2019-09-06 20:38:22:552,-0.8367,-0.122,9.3989,-0.0156,-0.0104,9.8066,0.0937,0.0235,-0.0495,-14.69,-37.25,-4.44,240.28,-81.78,-177.69
52.374386,-1.546588,149.45,22.21,4,29.79,20 / 21,4696909,2019-09-06 20:38:22:652,-0.8476,-1.2135,9.9799,-0.0051,-0.0001,9.8066,0.0035,0.042,0.025,-14.69,-36.69,-4.12,239.77,-81.67,-178.06
52.374386,-1.546588,149.45,22.21,4,29.79,20 / 21,4697010,2019-09-06 20:38:22:753,-0.8278,0.4988,9.4566,0.009,0.0086,9.8066,-0.1395,-0.0236,-0.0426,-14.56,-37.31,-4.75,236.12,-81.63,-179.18
52.374386,-1.546588,149.45,22.21,4,29.79,20 / 21,4697110,2019-09-06 20:38:22:853,-0.7511,-1.3675,10.0223,-0.03,-0.0185,9.8065,0.1703,-0.1268,0.0823,-15,-37,-4.12,238.67,-81.6,-179.23
52.374386,-1.546588,149.45,22.21,4,29.79,20 / 21,4697209,2019-09-06 20:38:22:952,-1.0288,-0.3016,10.6335,0.0132,-0.0035,9.8066,-0.0736,0.033,0.0052,-14.87,-36.81,-3.75,238.86,-81.58,-178.97
52.374386,-1.546588,149.45,22.21,4,29.79,20 / 21,4697310,2019-09-06 20:38:23:053,-0.7075,-0.8691,9.5127,-0.0072,-0.0166,9.8066,0.0847,-0.0382,0.036,-14.81,-36.87,-4.31,239.09,-81.38,-178.27
52.374386,-1.546588,149.45,22.21,4,29.79,20 / 21,4697409,2019-09-06 20:38:23:152,0.7914,-0.0053,10.0447,-0.0257,-0.0181,9.8066,0.0644,-0.019,0.0196,-15.06,-36.44,-3.87,240.95,-81.61,-177.03
52.374386,-1.546588,149.45,22.21,4,29.79,20 / 21,4697509,2019-09-06 20:38:23:252,-0.5895,-0.436,8.9624,-0.0307,-0.009,9.8066,-0.0222,-0.0408,-0.0232,-14.69,-36.87,-4.94,237.66,-81.74,-177.54
52.374386,-1.546588,149.45,22.21,4,29.79,20 / 21,4697609,2019-09-06 20:38:23:352,-1.0805,-1.2539,8.6184,-0.017,-0.0013,9.8065,-0.1188,-0.0199,-0.0572,-15.12,-37.12,-4.69,237.42,-81.86,-178.08
52.374386,-1.546588,149.45,22.21,4,29.79,20 / 21,4697710,2019-09-06 20:38:23:453,-0.0275,-0.9301,10.1645,-0.0084,0.0009,9.8066,0.0816,-0.0248,-0.0286,-14.69,-37.06,-4.12,239.33,-81.82,-178.9
52.374386,-1.546588,149.45,22.21,4,29.79,20 / 21,4697809,2019-09-06 20:38:23:552,0.2481,0.2466,10.6451,0.0206,0.018,9.8065,0.0468,0.0199,-0.0656,-14.81,-37.06,-4.31,238.48,-81.73,-179.73
52.374386,-1.546588,149.45,22.21,4,29.79,20 / 21,4697910,2019-09-06 20:38:23:653,1.0975,-0.9301,11.3069,0.0009,0.0128,9.8066,-0.1642,0.0648,-0.0235,-14.44,-36.69,-4.31,235.49,-81.56,179.18
52.374386,-1.546588,149.45,22.21,4,29.79,20 / 21,4698009,2019-09-06 20:38:23:752,-0.186,-0.4373,9.6979,0.0484,0.0357,9.8064,-0.1509,0.0401,-0.0031,-14.62,-36.94,-4.94,234.02,-81.38,178.77
52.374386,-1.546588,149.45,22.21,4,29.79,20 / 21,4698110,2019-09-06 20:38:23:853,-1.8072,-2.2222,9.3378,0.0376,0.0393,9.8064,0.0959,0.0287,-0.0457,-14.62,-37.37,-4.62,233.74,-81.46,178.27
52.374386,-1.546588,149.45,22.21,4,29.79,20 / 21,4698210,2019-09-06 20:38:23:953,-1.5196,-1.25,9.4572,-0.039,-0.0273,9.8065,0.0847,-0.0389,0.0485,-14.19,-36.81,-4.31,235.23,-81.76,178.44
52.374386,-1.546588,149.45,22.21,4,29.79,20 / 21,4698310,2019-09-06 20:38:24:053,-0.1068,0.1921,10.2243,-0.0353,-0.0281,9.8065,-0.0271,0.0063,-0.0358,-14.5,-37.06,-4.25,235.46,-81.74,178.75
52.374386,-1.546588,149.45,22.21,4,29.79,20 / 21,4698410,2019-09-06 20:38:24:153,1.5472,0.428,10.7344,0.0317,0.0291,9.8065,0.0765,0.0452,-0.0411,-14.44,-37.12,-4,235.42,-81.75,178.68
52.374386,-1.546588,149.45,22.21,4,29.79,20 / 21,4698509,2019-09-06 20:38:24:252,1.0314,-0.6636,10.9125,0.0129,0.0132,9.8066,-0.1137,-0.0421,-0.0063,-14.5,-36.81,-4.12,234.44,-81.58,177.84
52.374386,-1.546588,149.45,22.21,4,29.79,20 / 21,4698610,2019-09-06 20:38:24:353,-1.4612,-1.2457,10.3182,0.0282,0.022,9.8065,-0.1104,-0.0142,-0.0826,-14.94,-37.06,-4.75,233.73,-81.41,178.34
52.374386,-1.546588,149.45,22.21,4,29.79,20 / 21,4698709,2019-09-06 20:38:24:452,-0.5094,-0.7426,9.6352,-0.003,0.0228,9.8065,0.0707,0.0466,-0.0274,-14.87,-37.06,-3.75,235.29,-81.47,176.95
52.374386,-1.546588,149.45,22.21,4,29.79,20 / 21,4698810,2019-09-06 20:38:24:553,-1.3519,-0.8307,9.6173,-0.0123,-0.0104,9.8066,-0.0454,-0.0269,0.0244,-14.62,-37,-4.06,235.52,-81.57,177.03
52.374386,-1.546588,149.45,22.21,4,29.79,20 / 21,4698910,2019-09-06 20:38:24:653,0.0659,0.4151,9.445,-0.0126,-0.0218,9.8065,-0.0606,-0.0016,0.0511,-14.44,-36.94,-4.25,234.42,-81.63,177.7
52.374386,-1.546588,149.45,22.21,4,29.79,20 / 21,4699010,2019-09-06 20:38:24:753,0.0646,-0.3762,9.8354,0.0335,0.005,9.8065,-0.0552,-0.0064,0.0671,-14.87,-36.87,-3.62,237.43,-81.71,179.05
52.374386,-1.546588,149.45,22.21,4,29.79,20 / 21,4699110,2019-09-06 20:38:24:853,-0.3241,-1.0591,9.5789,-0.0464,-0.0394,9.8064,0.0485,-0.0439,-0.0029,-14.5,-37.5,-4.12,236.34,-81.41,-179.44
52.374386,-1.546588,149.45,22.21,4,29.79,20 / 21,4699209,2019-09-06 20:38:24:952,-1.2361,-1.0501,9.0109,-0.0235,-0.011,9.8065,-0.2055,-0.0365,-0.0329,-14.5,-36.94,-4.31,236.71,-81.59,-179.39
52.374386,-1.546588,149.45,22.21,4,29.79,20 / 21,4699310,2019-09-06 20:38:25:053,-0.9553,-0.6885,9.7797,0.0331,0.0354,9.8065,-0.34,-0.0204,-0.0068,-14.37,-36.56,-4.75,233.36,-81.44,-179.89
52.374386,-1.546588,149.45,22.21,4,29.79,18 / 20,4699409,2019-09-06 20:38:25:152,-0.2435,-0.6211,10.2692,-0.0014,0.0077,9.8066,0.0336,0.014,-0.0718,-14.25,-37.25,-4.06,235.8,-81.6,179.48
52.374386,-1.546588,149.45,22.21,4,29.79,18 / 20,4699510,2019-09-06 20:38:25:253,0.6154,-0.5435,11.1394,0.0115,0.0211,9.8066,-0.1632,0.0853,0.0078,-14.25,-37.25,-4.25,234.5,-81.5,178.08
52.374386,-1.546588,149.45,22.21,4,29.79,18 / 20,4699609,2019-09-06 20:38:25:352,-0.9771,-0.4721,7.8634,0.0742,0.0314,9.8063,-0.1134,0.047,-0.0129,-14.31,-37.5,-4.19,233.94,-81.11,178.21
52.374386,-1.546588,149.45,22.21,4,29.79,18 / 20,4699710,2019-09-06 20:38:25:453,-1.1604,0.2425,9.1069,-0.0838,-0.0491,9.8061,0.1182,-0.0826,0.1228,-14.87,-37.5,-3.87,236.25,-80.93,179.22
52.374386,-1.546588,149.45,22.21,4,29.79,18 / 20,4699809,2019-09-06 20:38:25:552,-2.1406,0.5733,8.7187,-0.0294,-0.0592,9.8064,-0.149,-0.105,-0.0469,-14.75,-36.87,-3.69,238.31,-81.5,-179.45
52.374386,-1.546588,149.45,22.21,4,29.79,18 / 20,4699910,2019-09-06 20:38:25:653,0.1775,-0.5092,11.0883,-0.0521,-0.0219,9.8064,0.3211,-0.1311,0.0972,-15.12,-36.56,-4.37,238.79,-81.57,-179.02
52.374386,-1.546588,149.45,22.21,4,29.79,18 / 20,4700009,2019-09-06 20:38:25:752,1.3562,-0.1094,10.082,-0.0568,-0.0403,9.8063,0.4155,-0.0409,-0.0576,-14.81,-37.06,-4.12,238.67,-81.35,-178.71
52.374386,-1.546588,149.45,22.21,4,29.79,18 / 20,4700109,2019-09-06 20:38:25:852,1.086,-0.3254,10.102,-0.0571,-0.0394,9.8063,-0.2008,0.0358,-0.0554,-14,-37.56,-4.19,236.92,-81.7,-178.87
52.374386,-1.546588,149.45,22.21,4,29.79,18 / 20,4700209,2019-09-06 20:38:25:952,-0.7333,-0.4753,11.9881,0.0598,0.0605,9.8062,-0.0846,0.0145,0.017,-13.75,-36.94,-4.37,234.7,-81.29,178.79
52.374386,-1.546588,149.45,22.21,4,29.79,18 / 20,4700309,2019-09-06 20:38:26:052,-0.2441,0.9362,10.3707,0.0724,0.0788,9.806,-0.1246,0.0097,0.0078,-14.56,-36.81,-4.06,235.33,-81.1,177.75
52.375893,-1.545132,145.48,21.42,4,30.75,19 / 21,4700409,2019-09-06 20:38:26:152,1.2729,1.0506,10.5712,0.0188,0.0267,9.8065,-0.2156,0.0544,0.0603,-14.31,-37.37,-4.31,234.28,-81.21,178.42
52.375893,-1.545132,145.48,21.42,4,30.75,19 / 21,4700510,2019-09-06 20:38:26:253,0.1798,-0.0536,9.2838,0.0075,-0.0047,9.8065,0.0184,0.0398,0.0077,-14.94,-37.5,-4,236.8,-81.4,178.92
52.375893,-1.545132,145.48,21.42,4,30.75,19 / 21,4700609,2019-09-06 20:38:26:352,0.7886,-0.5947,9.8374,-0.0011,-0.0119,9.8066,0.105,-0.0788,0.0445,-14.62,-36.75,-4.25,237.69,-81.55,179.69
52.375893,-1.545132,145.48,21.42,4,30.75,19 / 21,4700710,2019-09-06 20:38:26:453,-0.3169,1.3683,9.5137,-0.042,-0.0328,9.8065,0.0086,0.0178,0.0173,-14.44,-37.25,-4,236.56,-81.66,-179.73
52.375893,-1.545132,145.48,21.42,4,30.75,19 / 21,4700810,2019-09-06 20:38:26:553,-1.3301,-0.1939,9.544,0.0566,0.0299,9.8064,-0.1905,0.0635,-0.0516,-14.62,-37.69,-3.87,236.82,-81.17,179.94
52.375893,-1.545132,145.48,21.42,4,30.75,19 / 21,4700910,2019-09-06 20:38:26:653,-2.0867,-0.1166,9.3236,0.0429,0.0401,9.8064,0.1503,-0.0888,0.0728,-14.69,-37.37,-4.56,234.29,-81.11,179.62
52.375893,-1.545132,145.48,21.42,4,30.75,19 / 21,4701010,2019-09-06 20:38:26:753,-0.4262,-0.3864,9.7744,-0.0374,-0.0238,9.8065,0.0242,-0.0027,-0.029,-14.31,-37.19,-3.94,235,-81.08,179.6
52.375893,-1.545132,145.48,21.42,4,30.75,19 / 21,4701110,2019-09-06 20:38:26:853,0.7557,0.3055,10.0483,-0.0341,-0.0257,9.8065,0.0445,-0.0339,-0.044,-14.44,-36.56,-3.5,238.1,-81.32,179.4
52.375893,-1.545132,145.48,21.42,4,30.75,19 / 21,4701210,2019-09-06 20:38:26:953,0.4584,-0.6178,9.2513,-0.0338,-0.0203,9.8065,0.1183,-0.0183,0.0305,-14.44,-37.31,-3.62,236.14,-81.44,-179.77
52.375893,-1.545132,145.48,21.42,4,30.75,19 / 21,4701310,2019-09-06 20:38:27:053,-0.0919,-0.359,9.9546,-0.0121,-0.0258,9.8065,0.09,0.0322,-0.0186,-14.31,-37.19,-3.62,236.56,-81.46,-179.28
52.375893,-1.545132,145.48,21.42,4,30.75,20 / 21,4701409,2019-09-06 20:38:27:152,-0.0738,0.3335,9.2255,0.0452,0.0253,9.8065,-0.0724,0.0419,0.0183,-14.31,-37.44,-3.56,236.12,-81.21,-179.29
52.375893,-1.545132,145.48,21.42,4,30.75,20 / 21,4701510,2019-09-06 20:38:27:253,-1.3135,-0.8489,9.9414,0.0464,0.0303,9.8065,0.071,-0.0191,0.0556,-14.37,-36.94,-4.25,236.33,-81.2,-179
52.375893,-1.545132,145.48,21.42,4,30.75,20 / 21,4701609,2019-09-06 20:38:27:352,-1.9833,0.467,9.4321,-0.0346,-0.0227,9.8065,0.0624,-0.0496,-0.0072,-14.69,-37.31,-3.56,238.57,-81.2,-178.5
52.375893,-1.545132,145.48,21.42,4,30.75,20 / 21,4701710,2019-09-06 20:38:27:453,-0.2714,0.4526,9.8769,-0.0444,-0.0352,9.8064,-0.1988,-0.0709,-0.0189,-14.75,-37,-3.69,239.65,-81.46,-177.76
52.375893,-1.545132,145.48,21.42,4,30.75,20 / 21,4701809,2019-09-06 20:38:27:552,-0.5422,-2.0145,10.5116,-0.0039,0.0089,9.8066,0.0207,0.049,0.0416,-14.75,-37,-3.81,239.23,-81.3,-177.94
52.375893,-1.545132,145.48,21.42,4,30.75,20 / 21,4701910,2019-09-06 20:38:27:653,-0.197,1.0248,10.9397,-0.003,-0.0098,9.8066,0.1107,-0.0127,0.0038,-15.06,-37.69,-4.25,238.53,-81.31,-178.28
52.375893,-1.545132,145.48,21.42,4,30.75,20 / 21,4702010,2019-09-06 20:38:27:753,0.5572,4.0477,9.318,0.0369,0.0196,9.8066,-0.0177,0.27,-0.1803,-14.75,-37.31,-3.94,238.72,-81.23,-178.41
52.375893,-1.545132,145.48,21.42,4,30.75,20 / 21,4702109,2019-09-06 20:38:27:852,-0.8607,0.0448,8.4238,-0.0615,-0.0509,9.8063,0.0082,-0.0378,0.0053,-14.62,-37.37,-4.19,237.46,-81.17,-179.78
52.375893,-1.545132,145.48,21.42,4,30.75,20 / 21,4702210,2019-09-06 20:38:27:953,-0.8682,-0.7116,8.8903,-0.0608,-0.0387,9.8063,-0.0662,0.0173,-0.0492,-14.06,-37.56,-4.12,235.82,-81.17,-179.03
52.375893,-1.545132,145.48,21.42,4,30.75,20 / 21,4702310,2019-09-06 20:38:28:053,-0.5449,-0.1168,10.5311,-0.0047,-0.0093,9.8066,0.22,-0.0694,-0.0203,-14.31,-37.12,-3.37,239.19,-81.4,-179.46
52.375893,-1.545132,145.48,21.42,4,30.75,20 / 21,4702409,2019-09-06 20:38:28:152,-0.3239,-1.0876,10.6329,-0.016,-0.0159,9.8065,0.1299,0.001,-0.0351,-14.44,-37.12,-2.94,239.74,-81.37,-178.7
52.375893,-1.545132,145.48,21.42,4,30.75,20 / 21,4702510,2019-09-06 20:38:28:253,0.5996,-0.6429,9.9693,-0.0258,-0.0111,9.8066,-0.0921,0.0292,-0.0019,-14.56,-37.12,-3.81,238.08,-81.32,-179.35
52.375893,-1.545132,145.48,21.42,4,30.75,20 / 21,4702609,2019-09-06 20:38:28:352,-0.3352,0.2166,9.1068,0.0234,0.0231,9.8065,-0.1583,0.0405,-0.0516,-14.75,-36.69,-3.81,237.25,-81.12,-179.96
52.375893,-1.545132,145.48,21.42,4,30.75,20 / 21,4702710,2019-09-06 20:38:28:453,-0.561,-0.405,9.4403,0.0127,0.0127,9.8066,-0.0092,0.0244,0.0151,-14.06,-37.37,-3.94,235.58,-81.42,179.6
52.375893,-1.545132,145.48,21.42,4,30.75,20 / 21,4702810,2019-09-06 20:38:28:553,-1.1573,-0.1406,9.5065,0.0019,-0.0012,9.8066,-0.0901,-0.0717,0.0195,-14.56,-36.62,-4.12,237.85,-81.64,179.69
52.375893,-1.545132,145.48,21.42,4,30.75,20 / 21,4702910,2019-09-06 20:38:28:653,0.8431,0.5011,9.6853,0.0159,0.0056,9.8066,0.2015,-0.09,0.0737,-14.31,-37.19,-4,236.32,-81.49,-179.64
52.375893,-1.545132,145.48,21.42,4,30.75,20 / 21,4703009,2019-09-06 20:38:28:752,-0.3983,-0.1662,9.4774,-0.0114,-0.0271,9.8066,0.0341,0.0431,-0.0189,-14.37,-36.75,-3.69,237.12,-81.55,-178.81
52.375893,-1.545132,145.48,21.42,4,30.75,20 / 21,4703109,2019-09-06 20:38:28:852,-0.3843,-1.6215,10.0588,-0.0406,-0.0179,9.8065,-0.0065,0.015,-0.0417,-14.19,-37.19,-3.62,237.15,-81.72,-179.14
52.375893,-1.545132,145.48,21.42,4,30.75,20 / 21,4703210,2019-09-06 20:38:28:953,0.9436,0.6931,10.0577,0.0019,0.0203,9.8066,0.1477,-0.0378,-0.0362,-14.69,-37,-4.31,237.42,-81.6,179.26
52.375893,-1.545132,145.48,21.42,4,30.75,20 / 21,4703309,2019-09-06 20:38:29:052,0.7049,1.1518,9.6961,0.0105,0.012,9.8065,0.0997,0.0101,-0.0406,-14.06,-37,-4.12,234.85,-81.47,178.59
52.375893,-1.545132,145.48,21.42,4,30.75,20 / 21,4703410,2019-09-06 20:38:29:153,-0.5006,0.3777,9.5005,-0.0092,-0.0112,9.8066,-0.1299,0.0327,-0.0187,-14.56,-37,-3.81,236.45,-81.4,178.5
52.375893,-1.545132,145.48,21.42,4,30.75,20 / 21,4703510,2019-09-06 20:38:29:253,0.143,-0.9836,10.0502,-0.0017,0.0004,9.8066,0.1071,-0.0019,0.0139,-14.62,-37.69,-3.81,236.46,-81.5,178.8
52.375893,-1.545132,145.48,21.42,4,30.75,20 / 21,4703609,2019-09-06 20:38:29:352,0.0683,1.3469,9.5203,-0.0213,-0.0293,9.8065,0.1083,0.0676,-0.0371,-14.5,-37.31,-3.81,235.95,-81.64,179.57
52.375893,-1.545132,145.48,21.42,4,30.75,20 / 21,4703709,2019-09-06 20:38:29:452,0.0633,-0.4487,9.4029,-0.0258,-0.0218,9.8065,-0.0889,-0.0087,0.055,-14.81,-37.31,-3.94,238.2,-81.65,-179.9
52.375893,-1.545132,145.48,21.42,4,30.75,20 / 21,4703810,2019-09-06 20:38:29:553,-0.7856,-1.2082,9.8164,0.0348,0.0081,9.8066,-0.1112,-0.0094,0.0057,-14.81,-37.25,-4.06,239.18,-81.54,-178.49
52.375893,-1.545132,145.48,21.42,4,30.75,20 / 21,4703910,2019-09-06 20:38:29:653,0.1204,-0.9155,10.2183,0.0156,0.0164,9.8066,-0.0075,0.0157,-0.0338,-14.37,-36.69,-3.75,237.37,-81.65,-178.72
52.375893,-1.545132,145.48,21.42,4,30.75,20 / 21,4704010,2019-09-06 20:38:29:753,-0.9095,-0.4521,9.6709,0.0007,0.0135,9.8066,-0.0337,-0.0174,-0.0063,-14.81,-37.06,-4.87,236.24,-81.69,-179.15
52.375893,-1.545132,145.48,21.42,4,30.75,20 / 21,4704109,2019-09-06 20:38:29:852,-0.2549,-0.8588,10.3185,0.0302,0.0279,9.8066,0.2367,0.0106,-0.0046,-14.44,-37.56,-3.69,235.69,-81.46,-179.86
52.375893,-1.545132,145.48,21.42,4,30.75,20 / 21,4704209,2019-09-06 20:38:29:952,0.1326,-0.3391,10.8333,-0.0554,-0.0195,9.8065,0.1923,-0.0453,0.0174,-14.06,-37.69,-3.94,235.48,-81.75,179.25
52.375893,-1.545132,145.48,21.42,4,30.75,20 / 21,4704310,2019-09-06 20:38:30:053,0.4499,0.712,9.3056,-0.0556,-0.0224,9.8064,-0.0794,0.0069,0.0217,-14.69,-37.44,-3.56,237.01,-81.71,178.55
52.375893,-1.545132,145.48,21.42,4,30.75,20 / 21,4704409,2019-09-06 20:38:30:152,0.5341,0.3026,9.9843,0.0333,0.0087,9.8065,-0.1881,0.0657,-0.0652,-14,-37.62,-3.81,235.19,-81.61,179.21
52.375893,-1.545132,145.48,21.42,4,30.75,20 / 21,4704509,2019-09-06 20:38:30:252,-1.7329,0.7056,9.7124,0.049,0.0304,9.8064,-0.0617,-0.0309,-0.0028,-14.56,-37.62,-4.12,237.04,-81.6,179.28
52.375893,-1.545132,145.48,21.42,4,30.75,20 / 21,4704612,2019-09-06 20:38:30:355,-0.3352,-0.1148,9.9038,0.0246,0.0195,9.8065,-0.1315,0.0829,-0.0389,-14.5,-37.19,-3.44,238.98,-81.6,179.82
52.375893,-1.545132,145.48,21.42,4,30.75,20 / 21,4704710,2019-09-06 20:38:30:453,0.9456,0.3917,9.0784,-0.024,-0.0298,9.8065,0.0539,0.037,0.0279,-14.25,-37.06,-3.87,235.05,-81.37,179.04
52.375893,-1.545132,145.48,21.42,4,30.75,20 / 21,4704810,2019-09-06 20:38:30:553,-0.4011,-0.749,10.279,-0.0291,-0.0217,9.8065,-0.0721,-0.0297,0.031,-14.56,-37.69,-4.06,237.91,-81.69,-179.85
52.375893,-1.545132,145.48,21.42,4,30.75,20 / 21,4704910,2019-09-06 20:38:30:653,-0.5542,-1.2768,10.5327,-0.0092,-0.0151,9.8066,0.1408,0.0091,0.0194,-14.31,-37.31,-4,236.98,-81.73,-179.35
52.375893,-1.545132,145.48,21.42,4,30.75,20 / 21,4705010,2019-09-06 20:38:30:753,-0.4952,0.1349,9.5732,0.0078,0.0045,9.8066,0.0941,0.0326,-0.0485,-14.12,-37.5,-4.12,236.34,-81.59,-179.85
52.375893,-1.545132,145.48,21.42,4,30.75,20 / 21,4705109,2019-09-06 20:38:30:852,1.4476,0.0126,10.0858,-0.0233,-0.0179,9.8066,-0.0623,0.0668,-0.0358,-14.44,-37.37,-3.75,236.54,-81.69,-179.81
52.375893,-1.545132,145.48,21.42,4,30.75,20 / 21,4705209,2019-09-06 20:38:30:952,-0.9398,1.2622,9.0653,0.0062,0.0113,9.8066,-0.0988,-0.0171,-0.0216,-14.44,-37.37,-3.94,236.35,-81.76,179.8
52.375893,-1.545132,145.48,21.42,4,30.75,20 / 21,4705310,2019-09-06 20:38:31:053,-1.8357,-0.2947,8.3646,0.0165,0.0239,9.8066,0.1847,-0.1059,0.1251,-14,-37.19,-3.94,236.02,-81.68,179.56
52.375893,-1.545132,145.48,21.42,4,30.75,20 / 21,4705410,2019-09-06 20:38:31:153,-0.1718,0.3068,10.3154,-0.0348,-0.0426,9.8065,0.1284,0.0306,0.0158,-14.62,-37.56,-3.44,242.41,-82.05,-178.63
52.375893,-1.545132,145.48,21.42,4,30.75,20 / 21,4705510,2019-09-06 20:38:31:253,0.4598,-0.3818,10.7919,0.0383,0.0054,9.8065,0.0718,0.0258,-0.0218,-14.94,-37.06,-3.25,243.22,-81.9,-177.84
52.375893,-1.545132,145.48,21.42,4,30.75,20 / 21,4705609,2019-09-06 20:38:31:352,0.0786,-0.4894,10.7456,0.0131,0.0217,9.8066,0.0404,-0.0647,0.009,-14.62,-36.94,-3.5,242.71,-81.49,-177.52
52.375893,-1.545132,145.48,21.42,4,30.75,20 / 21,4705709,2019-09-06 20:38:31:452,0.0626,0.49,9.7506,0.0057,0.0063,9.8066,-0.0449,-0.0162,0.0058,-14.37,-36.94,-3.56,237.7,-81.47,-177.92
52.375893,-1.545132,145.48,21.42,4,30.75,20 / 21,4705809,2019-09-06 20:38:31:552,0.0615,0.3719,9.3042,0.0222,0.0096,9.8066,-0.2014,0.0502,-0.0193,-14.25,-37.37,-4.19,237.99,-81.66,-177.99
52.375893,-1.545132,145.48,21.42,4,30.75,20 / 21,4705910,2019-09-06 20:38:31:653,0.1957,-0.5523,9.3387,0.0334,0.02,9.8065,0.0759,0.0777,-0.026,-14.44,-36.69,-3.37,240.99,-81.64,-177.83
52.375893,-1.545132,145.48,21.42,4,30.75,20 / 21,4706010,2019-09-06 20:38:31:753,0.3265,-0.2896,10.071,-0.0257,-0.0076,9.8066,0.1094,0.0099,0.0208,-14.12,-37.44,-3.56,238.61,-81.91,-177.78
52.375893,-1.545132,145.48,21.42,4,30.75,20 / 21,4706110,2019-09-06 20:38:31:853,0.9562,-0.2353,9.5545,-0.0377,-0.0166,9.8065,-0.1354,0.034,-0.0549,-14.25,-37.56,-3.5,240.67,-81.93,-178.36
52.375893,-1.545132,145.48,21.42,4,30.75,20 / 21,4706210,2019-09-06 20:38:31:953,-0.0043,-0.3167,9.6221,0.0083,0.008,9.8066,-0.0641,-0.0833,0.0551,-14.62,-37.5,-4,239.56,-81.89,-178.77
52.375893,-1.545132,145.48,21.42,4,30.75,20 / 21,4706310,2019-09-06 20:38:32:053,1.0276,-0.5139,9.6508,-0.0254,-0.0149,9.8065,-0.119,-0.0097,-0.0515,-14.44,-37.19,-4.31,238.02,-82.03,-178.77
52.375893,-1.545132,145.48,21.42,4,30.75,20 / 21,4706409,2019-09-06 20:38:32:152,-0.3939,-0.3418,9.9426,0.0043,0.006,9.8066,-0.0601,0.0069,-0.0112,-14,-36.87,-3.69,236.63,-81.99,179.63
52.375893,-1.545132,145.48,21.42,4,30.75,20 / 21,4706509,2019-09-06 20:38:32:252,-1.1028,0.0273,9.7858,-0.0102,-0.0028,9.8066,0.0888,-0.0063,0.0351,-14,-37.12,-3.69,236.15,-81.94,179.17
52.375893,-1.545132,145.48,21.42,4,30.75,20 / 21,4706610,2019-09-06 20:38:32:353,-0.0318,-0.3729,9.5916,-0.019,-0.0139,9.8066,0.0536,0.0151,0.0033,-14.37,-36.75,-3.87,235.82,-81.95,178.75
52.375893,-1.545132,145.48,21.42,4,30.75,20 / 21,4706709,2019-09-06 20:38:32:452,-1.3481,0.5553,9.9939,-0.0116,-0.0072,9.8066,0.1324,-0.0749,0.1202,-13.81,-36.75,-3.94,235.98,-81.91,179.03
52.375893,-1.545132,145.48,21.42,4,30.75,20 / 21,4706810,2019-09-06 20:38:32:553,0.0131,-0.1205,9.6943,0.0151,-0.0066,9.8065,0.0101,0.0149,-0.0006,-14.75,-37.25,-3.69,238.9,-81.94,-179.67
52.375893,-1.545132,145.48,21.42,4,30.75,20 / 21,4706910,2019-09-06 20:38:32:653,-0.8098,-0.7394,8.8386,0.0296,0.0076,9.8066,-0.0401,-0.0065,0.0142,-14.44,-37.31,-4.12,237.87,-81.93,-178.74
52.375893,-1.545132,145.48,21.42,4,30.75,20 / 21,4707010,2019-09-06 20:38:32:753,-0.6586,-0.1441,9.6244,-0.0099,-0.0145,9.8066,-0.0596,-0.0035,-0.0289,-14.44,-36.75,-3.56,238.37,-82.01,-178.31
52.375893,-1.545132,145.48,21.42,4,30.75,20 / 21,4707110,2019-09-06 20:38:32:853,-0.7631,-1.2683,9.7324,-0.0134,0.0044,9.8065,0.1263,-0.0005,-0.0263,-14.12,-37.37,-4.25,238.36,-82.09,-178.5
52.375893,-1.545132,145.48,21.42,4,30.75,20 / 21,4707210,2019-09-06 20:38:32:953,0.3414,-0.4457,10.01,-0.0364,-0.0101,9.8065,0.1443,-0.0594,-0.0052,-14.31,-37.5,-3.87,237.29,-82.15,-179.9
52.375893,-1.545132,145.48,21.42,4,30.75,20 / 21,4707310,2019-09-06 20:38:33:053,0.2829,-0.1218,9.565,0.0356,0.0152,9.8066,-0.1191,0.0048,0.0305,-14.37,-37.31,-4.37,237.19,-82.26,179.72
52.375893,-1.545132,145.48,21.42,4,30.75,20 / 21,4707409,2019-09-06 20:38:33:152,-0.5981,-1.0303,10.0073,0.0082,-0.0107,9.8066,0.0587,-0.0274,0.022,-14.75,-36.81,-3.81,240.03,-82.32,-179.13
52.375893,-1.545132,145.48,21.42,4,30.75,20 / 21,4707510,2019-09-06 20:38:33:253,0.061,-0.6601,10.0897,0.0296,0.0165,9.8065,-0.1441,0.0293,-0.0231,-15,-36.81,-4.25,241.02,-82.53,-178.43
52.375893,-1.545132,145.48,21.42,4,30.75,20 / 21,4707609,2019-09-06 20:38:33:352,-1.4527,-0.3814,9.4281,0.0517,0.0353,9.8064,-0.1998,0.0462,-0.0477,-14.44,-37.25,-4.31,238.47,-82.24,-178.7
52.375893,-1.545132,145.48,21.42,4,30.75,20 / 21,4707710,2019-09-06 20:38:33:453,-0.8258,0.6872,9.6926,0.0263,0.0306,9.8065,-0.0654,-0.0365,0.01,-13.94,-36.75,-4.56,234.76,-82.24,-179.79
52.375893,-1.545132,145.48,21.42,4,30.75,20 / 21,4707810,2019-09-06 20:38:33:553,0.7565,-0.4419,10.3133,-0.0041,0.0146,9.8066,0.0297,-0.0286,-0.0108,-14.5,-37,-4.31,236.62,-82.19,179.18
52.375893,-1.545132,145.48,21.42,4,30.75,20 / 21,4707910,2019-09-06 20:38:33:653,-0.0763,1.1648,9.7549,-0.007,-0.0009,9.8066,0.0552,-0.0452,-0.0128,-14.19,-37.37,-4.37,236.05,-82.16,178.57
52.375893,-1.545132,145.48,21.42,4,30.75,20 / 21,4708010,2019-09-06 20:38:33:753,0.2669,0.3033,9.87,-0.0205,-0.0201,9.8066,0.084,0.01,0.0009,-14.75,-37,-3.81,237.96,-82.22,178.64
52.375893,-1.545132,145.48,21.42,4,30.75,20 / 21,4708109,2019-09-06 20:38:33:852,1.2691,-0.3461,9.8635,-0.039,-0.0314,9.8065,-0.185,0.0325,0.0469,-14.81,-37.25,-3.94,238.86,-82.4,179.32
52.375893,-1.545132,145.48,21.42,4,30.75,20 / 21,4708210,2019-09-06 20:38:33:953,-0.058,-0.4491,9.3056,0.0151,0.0068,9.8066,-0.095,-0.0406,-0.0014,-14.62,-37.19,-3.94,240.07,-82.47,-179.4
52.375893,-1.545132,145.48,21.42,4,30.75,20 / 21,4708309,2019-09-06 20:38:34:052,-0.6729,-0.7526,9.4829,-0.0129,0.0056,9.8066,0.0454,-0.0406,-0.0122,-14.44,-37.19,-4.81,235.46,-82.62,-179.76
52.375893,-1.545132,145.48,21.42,4,30.75,20 / 21,4708410,2019-09-06 20:38:34:153,-1.7346,-0.0609,9.8388,-0.0175,0.0007,9.8066,0.007,-0.0034,-0.0235,-14.12,-36.87,-4.19,237.82,-82.78,179.33
52.375893,-1.545132,145.48,21.42,4,30.75,20 / 21,4708509,2019-09-06 20:38:34:252,-0.8183,0.0649,10.2222,0.0349,0.0234,9.8065,0.189,-0.0436,0.0295,-14.44,-37.25,-4.5,237.07,-82.42,179.24
52.375893,-1.545132,145.48,21.42,4,30.75,20 / 21,4708609,2019-09-06 20:38:34:352,0.0715,0.2746,10.2821,-0.0257,-0.0159,9.8065,0.1077,-0.0025,0.0158,-14.44,-37.06,-3.81,236.89,-82.29,179.3
52.375893,-1.545132,145.48,21.42,4,30.75,20 / 21,4708710,2019-09-06 20:38:34:453,-0.472,-0.7838,9.7908,0.0004,-0.0061,9.8066,0.1159,-0.0357,-0.0355,-14.94,-36.69,-3.62,238.71,-82.15,179.67
52.375893,-1.545132,145.48,21.42,4,30.75,20 / 21,4708810,2019-09-06 20:38:34:553,0.0409,-0.0717,9.2841,-0.0307,-0.0214,9.8065,0.0896,-0.0046,0.0182,-14.62,-37.06,-4,239.5,-82.23,-179.56
52.375893,-1.545132,145.48,21.42,4,30.75,20 / 21,4708910,2019-09-06 20:38:34:653,-1.5674,-0.9282,9.2241,-0.0167,-0.0125,9.8066,-0.0703,-0.0116,0.0039,-14.81,-37,-4.44,240.44,-82.52,-179.09
52.375893,-1.545132,145.48,21.42,4,30.75,20 / 21,4709009,2019-09-06 20:38:34:752,-0.5018,0.2011,9.6105,0.0115,0.0061,9.8066,-0.0886,0.1009,-0.0484,-14.56,-37.06,-4.37,240.84,-82.58,-178.73
52.375893,-1.545132,145.48,21.42,4,30.75,20 / 21,4709109,2019-09-06 20:38:34:852,0.1024,-1.6057,10.2866,0.0217,0.0181,9.8065,-0.0113,0.0469,-0.0798,-14.31,-37,-3.81,238.35,-82.54,-179.5
52.375893,-1.545132,145.48,21.42,4,30.75,20 / 21,4709210,2019-09-06 20:38:34:953,-0.0548,-0.6445,10.1584,0.0274,0.0372,9.8065,-0.1213,-0.0392,0.0159,-14.19,-37.06,-3.87,237.52,-82.23,-179.8
52.375893,-1.545132,145.48,21.42,4,30.75,20 / 21,4709309,2019-09-06 20:38:35:052,-1.3033,-0.2343,9.981,0.0471,0.0398,9.8064,0.1543,-0.0379,0.0118,-14.5,-36.87,-3.87,236.54,-82.08,179.33
52.377357,-1.543699,143.34,20.19,3,30.63,19 / 20,4709409,2019-09-06 20:38:35:152,-0.7428,-0.3356,10.0615,-0.0361,-0.0079,9.8066,0.0239,-0.0033,-0.043,-13.94,-37.37,-3.87,234.83,-82.27,176.85
52.377357,-1.543699,143.34,20.19,3,30.63,19 / 20,4709510,2019-09-06 20:38:35:253,-0.6255,-0.3203,9.1121,-0.0314,-0.0102,9.8065,0.0254,-0.0047,-0.0446,-14,-37.31,-4.31,234.43,-82.43,176.04
52.377357,-1.543699,143.34,20.19,3,30.63,19 / 20,4709609,2019-09-06 20:38:35:352,-1.0997,-0.778,9.605,-0.0013,-0.0074,9.8066,-0.0092,0.0022,0.0086,-14.19,-37.37,-4,235.32,-82.6,176.74
52.377357,-1.543699,143.34,20.19,3,30.63,19 / 20,4709709,2019-09-06 20:38:35:452,-0.5313,-0.2256,9.1964,-0.0086,-0.0097,9.8066,0.1177,0.0012,0.0419,-14.75,-37.19,-4.37,237.28,-82.67,176.9
52.377357,-1.543699,143.34,20.19,3,30.63,19 / 20,4709810,2019-09-06 20:38:35:553,0.1461,-0.8179,9.615,0.0018,-0.0087,9.8066,0.0636,0.0026,-0.0455,-14.25,-37.19,-4.31,235.95,-82.75,177.17
52.377357,-1.543699,143.34,20.19,3,30.63,19 / 20,4709910,2019-09-06 20:38:35:653,-0.4766,-0.7963,10.4115,0.0074,0.0125,9.8065,0.0182,0.0261,-0.0118,-13.62,-37.69,-3.81,235.13,-82.7,176.74
52.377357,-1.543699,143.34,20.19,3,30.63,19 / 20,4710010,2019-09-06 20:38:35:753,-0.4414,0.48,9.8382,0.0206,0.017,9.8065,-0.1298,0.0473,0.0304,-13.37,-37.37,-4,232.31,-82.42,175.76
52.377357,-1.543699,143.34,20.19,3,30.63,19 / 20,4710109,2019-09-06 20:38:35:852,-0.6298,-0.6609,9.6102,0.0471,0.0163,9.8065,0.0224,-0.0229,-0.0018,-14.37,-36.94,-4.06,234.5,-82.26,176.48
52.377357,-1.543699,143.34,20.19,3,30.63,19 / 20,4710210,2019-09-06 20:38:35:953,-0.9541,-0.548,9.388,-0.0068,-0.0172,9.8066,-0.0778,-0.0319,-0.016,-14.69,-37.25,-4,237.46,-82.32,177.83
52.377357,-1.543699,143.34,20.19,3,30.63,19 / 20,4710309,2019-09-06 20:38:36:052,-0.643,-0.3574,9.6988,0.0119,-0.0048,9.8066,0.1126,-0.0033,0.0639,-14.37,-37.19,-3.75,236.83,-82.4,178.99
52.377357,-1.543699,143.34,20.19,3,30.63,20 / 21,4710410,2019-09-06 20:38:36:153,0.3684,0.2089,9.4577,0.0046,-0.0026,9.8066,-0.0031,0.0693,0.0125,-14.44,-37.12,-4.06,237.49,-82.34,179.89
52.377357,-1.543699,143.34,20.19,3,30.63,20 / 21,4710509,2019-09-06 20:38:36:252,-0.1974,-0.6492,9.5077,0.0039,0.0026,9.8066,-0.0034,0.0363,-0.0948,-14.56,-36.94,-4.12,239.14,-82.36,179.74
52.377357,-1.543699,143.34,20.19,3,30.63,20 / 21,4710610,2019-09-06 20:38:36:353,-0.1972,0.5187,9.4027,-0.0141,-0.0014,9.8066,-0.0233,0.0142,-0.102,-14,-37.12,-3.81,237.1,-82.55,178.99
52.377357,-1.543699,143.34,20.19,3,30.63,20 / 21,4710709,2019-09-06 20:38:36:452,-0.5016,-0.894,9.7671,-0.0325,-0.0035,9.8065,-0.0054,0.0262,0.039,-13.69,-37.56,-4.37,236.04,-82.77,177.66
52.377357,-1.543699,143.34,20.19,3,30.63,20 / 21,4710810,2019-09-06 20:38:36:553,-0.9529,-1.026,10.3637,0.0344,0.0161,9.8065,-0.1947,-0.02,0.0236,-14.44,-37.31,-4.31,236.41,-82.95,177.3
52.377357,-1.543699,143.34,20.19,3,30.63,20 / 21,4710909,2019-09-06 20:38:36:652,0.2592,-1.6151,9.9776,0.0557,0.0234,9.8064,0.1185,0.085,-0.0995,-14.37,-37.5,-3.94,236.57,-82.72,177.98
52.377357,-1.543699,143.34,20.19,3,30.63,20 / 21,4711010,2019-09-06 20:38:36:753,-0.605,0.6314,10.6603,-0.0138,-0.0071,9.8065,-0.0336,0.0439,0.0587,-14.44,-37.31,-4.25,236.98,-82.59,178.75
52.377357,-1.543699,143.34,20.19,3,30.63,20 / 21,4711109,2019-09-06 20:38:36:852,0.1289,-0.0101,9.4946,0.0267,0.0111,9.8066,-0.0245,-0.0185,-0.0202,-13.62,-36.81,-3.94,237.12,-82.33,179.49
52.377357,-1.543699,143.34,20.19,3,30.63,20 / 21,4711209,2019-09-06 20:38:36:952,-0.5906,0.0956,9.311,-0.025,-0.0091,9.8065,-0.106,0.0219,-0.0901,-14.06,-36.81,-3.87,237.68,-82.61,179.54
52.377357,-1.543699,143.34,20.19,3,30.63,20 / 21,4711310,2019-09-06 20:38:37:053,-0.8766,-0.2045,9.3094,-0.0096,0.0146,9.8066,0.1677,0.0424,0.0295,-14.25,-37.25,-4.56,233.85,-82.7,178.15
52.377357,-1.543699,143.34,20.19,3,30.63,20 / 21,4711409,2019-09-06 20:38:37:152,-1.1157,0.6886,8.6441,-0.0332,-0.0146,9.8066,0.023,0.0415,-0.0128,-14.25,-37.19,-4,236.54,-82.84,177.68
52.377357,-1.543699,143.34,20.19,3,30.63,20 / 21,4711509,2019-09-06 20:38:37:252,-0.2488,0.5172,9.4613,-0.0342,-0.0269,9.8065,0.0024,0.0405,-0.0137,-13.81,-37.06,-3.94,236.96,-82.95,177.93
52.377357,-1.543699,143.34,20.19,3,30.63,20 / 21,4711610,2019-09-06 20:38:37:353,0.1443,-0.6725,10.2376,-0.0114,-0.0084,9.8066,-0.0699,-0.0116,0.0364,-13.87,-36.81,-4.37,236.6,-82.82,177.79
52.377357,-1.543699,143.34,20.19,3,30.63,20 / 21,4711709,2019-09-06 20:38:37:452,0.2619,0.1222,10.2759,-0.0238,-0.0057,9.8066,0.0238,0,-0.0208,-13.75,-36.87,-4.5,236.28,-82.64,177.8
52.377357,-1.543699,143.34,20.19,3,30.63,20 / 21,4711809,2019-09-06 20:38:37:552,0.0341,1.1361,9.9038,0.0005,0.0133,9.8066,-0.1281,0.014,-0.0228,-14.5,-37.06,-3.62,235.29,-82.57,176.78
52.377357,-1.543699,143.34,20.19,3,30.63,20 / 21,4711910,2019-09-06 20:38:37:653,1.4884,-0.1757,9.3451,0.0184,0.0058,9.8066,-0.2262,0.107,-0.0414,-14.25,-37.31,-4.31,235.59,-82.54,177.19
52.377357,-1.543699,143.34,20.19,3,30.63,20 / 21,4712010,2019-09-06 20:38:37:753,0.3279,0.6148,9.8497,0.021,-0.0179,9.8066,-0.0676,-0.0793,0.1173,-14.44,-37.06,-3.19,240.3,-82.72,178.83
52.377357,-1.543699,143.34,20.19,3,30.63,20 / 21,4712110,2019-09-06 20:38:37:853,-0.2437,0.0744,9.5948,-0.0005,-0.0142,9.8066,0.1163,-0.0332,0.0331,-14.56,-37.19,-3.81,240.45,-82.96,180
52.377357,-1.543699,143.34,20.19,3,30.63,20 / 21,4712209,2019-09-06 20:38:37:952,-0.3389,-0.4642,10.27,0.0035,-0.0068,9.8066,0.0912,-0.0349,-0.011,-14.56,-36.69,-4.81,238.39,-82.95,-179.12
52.377357,-1.543699,143.34,20.19,3,30.63,20 / 21,4712309,2019-09-06 20:38:38:052,-0.2522,-0.1552,10.7744,0.0092,0.009,9.8066,-0.0066,0.0371,-0.008,-14.12,-36.44,-3.81,239.45,-82.69,-178.99
52.377357,-1.543699,143.34,20.19,3,30.63,20 / 21,4712409,2019-09-06 20:38:38:152,0.8023,0.8156,10.2188,0.0033,-0.0035,9.8066,-0.0785,0.0262,0.0678,-14.37,-37.06,-3.19,241.76,-82.43,-178.78
52.377357,-1.543699,143.34,20.19,3,30.63,20 / 21,4712509,2019-09-06 20:38:38:252,0.4339,0.0636,10.0777,-0.0178,-0.0194,9.8066,0.1111,0.0027,-0.0404,-14.62,-37.06,-3.37,244.09,-82.46,-178.09
52.377357,-1.543699,143.34,20.19,3,30.63,20 / 21,4712610,2019-09-06 20:38:38:353,1.423,0.0643,9.5956,-0.0584,-0.0406,9.8064,0.1035,-0.0346,-0.0035,-14.75,-36.75,-3.56,242.06,-82.75,-177.69
52.377357,-1.543699,143.34,20.19,3,30.63,20 / 21,4712710,2019-09-06 20:38:38:453,-0.4896,-0.8836,9.9112,0.0026,0.0008,9.8066,0.046,-0.0291,0.0327,-14.37,-37.19,-3.94,240.81,-82.9,-177.43
52.377357,-1.543699,143.34,20.19,3,30.63,20 / 21,4712809,2019-09-06 20:38:38:552,0.4761,0.6645,9.2472,0.057,0.0427,9.8063,0.2302,0.0532,-0.0445,-14.75,-37.25,-3.69,242.07,-83.11,-178.44
52.377357,-1.543699,143.34,20.19,3,30.63,20 / 21,4712909,2019-09-06 20:38:38:652,1.1228,-0.3756,10.2018,0.023,0.0223,9.8065,-0.0815,0.0499,-0.0529,-14.25,-37.25,-4.06,239.02,-82.82,-179.34
52.377357,-1.543699,143.34,20.19,3,30.63,20 / 21,4713010,2019-09-06 20:38:38:753,-0.0386,0.2816,10.0162,0.0072,-0.0031,9.8066,-0.1021,-0.0204,0.0702,-14.75,-37.12,-3.75,241.21,-82.86,-178.91
52.377357,-1.543699,143.34,20.19,3,30.63,20 / 21,4713109,2019-09-06 20:38:38:852,-0.3322,-0.4911,10.0011,0.0229,0.0182,9.8066,0.0116,-0.0062,-0.0278,-14.44,-37.06,-4.56,236.36,-82.59,-178.62
52.377357,-1.543699,143.34,20.19,3,30.63,20 / 21,4713210,2019-09-06 20:38:38:953,-0.3676,0.1495,10.0873,0.0442,0.0424,9.8064,-0.077,-0.0103,-0.0862,-14.5,-37.06,-3.94,237.93,-82.4,-179.7
52.377357,-1.543699,143.34,20.19,3,30.63,20 / 21,4713309,2019-09-06 20:38:39:052,-0.4155,-0.2526,9.2734,-0.0367,-0.0104,9.8065,-0.0674,0.0177,-0.0595,-14.5,-37.06,-3.81,236.92,-82.41,179.07
52.377357,-1.543699,143.34,20.19,3,30.63,20 / 21,4713410,2019-09-06 20:38:39:153,0.4764,-0.0441,9.0539,-0.0217,-0.0112,9.8066,-0.0458,0.0002,0.0272,-14.5,-37.5,-3.62,236.65,-82.66,178.2
52.377357,-1.543699,143.34,20.19,3,30.63,20 / 21,4713509,2019-09-06 20:38:39:252,-0.0522,-0.2897,10.1056,-0.0071,-0.0255,9.8065,0.0532,0.0295,0.0204,-14.19,-36.87,-4.81,234.54,-82.93,178.52
52.377357,-1.543699,143.34,20.19,3,30.63,20 / 21,4713610,2019-09-06 20:38:39:353,-0.446,-0.4457,10.4895,-0.0274,-0.0379,9.8065,0.243,-0.0969,0.0544,-14.56,-37.12,-4.12,240.25,-83.04,179.6
52.377357,-1.543699,143.34,20.19,3,30.63,20 / 21,4713709,2019-09-06 20:38:39:452,0.6307,0.1561,10.5545,0.0508,0.0223,9.8064,0.2647,0.0282,-0.0379,-14.25,-37.06,-4.12,239.15,-82.91,-179.39
52.377357,-1.543699,143.34,20.19,3,30.63,20 / 21,4713809,2019-09-06 20:38:39:552,0.3554,-0.9627,10.7597,0.055,0.0318,9.8064,-0.1404,-0.0272,0.0492,-14.19,-37.25,-4.12,239.22,-82.49,-178.36
52.377357,-1.543699,143.34,20.19,3,30.63,20 / 21,4713909,2019-09-06 20:38:39:652,0.1417,0.5496,10.5852,0.0337,0.0256,9.8065,-0.0521,-0.0535,-0.0177,-14.75,-37.19,-3.75,239.92,-82.45,-179.54
52.377357,-1.543699,143.34,20.19,3,30.63,20 / 21,4714009,2019-09-06 20:38:39:752,0.3198,0.4573,9.6296,0.0123,0.0184,9.8066,-0.0305,0.0197,0.0032,-14.5,-37.25,-4.06,237.83,-82.56,179.83
52.377357,-1.543699,143.34,20.19,3,30.63,20 / 21,4714110,2019-09-06 20:38:39:853,-0.9281,-0.4157,9.2916,-0.0106,-0.0188,9.8066,0.1109,0.0082,0.0568,-14.75,-37.44,-4.06,241.04,-82.74,-178.84
52.377357,-1.543699,143.34,20.19,3,30.63,20 / 21,4714209,2019-09-06 20:38:39:952,0.5885,0.4169,9.3128,-0.0058,-0.0135,9.8066,0.0624,-0.0616,0.0271,-14.56,-37.75,-3.81,241.38,-82.73,-178
52.377357,-1.543699,143.34,20.19,3,30.63,20 / 21,4714309,2019-09-06 20:38:40:052,-0.4085,-0.2348,9.1839,-0.0124,-0.0131,9.8066,-0.0095,-0.0561,-0.0309,-14.75,-36.81,-4.06,242.16,-82.73,-177.54
52.377357,-1.543699,143.34,20.19,3,30.63,20 / 21,4714410,2019-09-06 20:38:40:153,0.8145,-0.0171,10.186,-0.0171,-0.0163,9.8065,0.1065,0.0273,0.0285,-14.19,-37,-3.56,240.7,-82.76,-177.22
52.377357,-1.543699,143.34,20.19,3,30.63,20 / 21,4714509,2019-09-06 20:38:40:252,0.3517,-0.0427,9.6586,0.0068,0.0188,9.8065,-0.0658,0.0292,-0.0213,-14.31,-37.12,-3.69,240.01,-82.72,-177.96
52.377357,-1.543699,143.34,20.19,3,30.63,20 / 21,4714610,2019-09-06 20:38:40:353,0.4484,0.7341,9.1667,-0.0092,-0.0026,9.8066,-0.025,-0.0019,-0.0143,-14.31,-36.94,-4.06,239.89,-82.88,-178.46
52.377357,-1.543699,143.34,20.19,3,30.63,20 / 21,4714710,2019-09-06 20:38:40:453,-0.0718,-0.9778,10.281,0.0348,0.0222,9.8065,-0.1188,0.0686,-0.0693,-14.37,-37.25,-4,239.97,-83.04,-178.72
52.377357,-1.543699,143.34,20.19,3,30.63,20 / 21,4714810,2019-09-06 20:38:40:553,0.496,-0.0487,10.9377,0.0242,0.012,9.8066,-0.0913,-0.0215,0.0435,-14.12,-37.12,-4.12,239.55,-82.9,-178.89
52.377357,-1.543699,143.34,20.19,3,30.63,20 / 21,4714910,2019-09-06 20:38:40:653,0.8137,0.5213,9.7545,-0.0179,-0.0082,9.8066,-0.0165,-0.0587,0.0221,-14.81,-36.87,-4.37,240.92,-82.87,-179.27
52.377357,-1.543699,143.34,20.19,3,30.63,20 / 21,4715009,2019-09-06 20:38:40:752,-0.165,-0.7774,9.7702,-0.0164,0.0017,9.8066,-0.1981,-0.0358,-0.031,-14.25,-37.31,-3.62,238.54,-82.75,-179.75
52.377357,-1.543699,143.34,20.19,3,30.63,20 / 21,4715109,2019-09-06 20:38:40:852,-1.0893,0.5536,9.4959,-0.0384,-0.0108,9.8065,0.124,0.0011,0.0179,-14.44,-37.12,-4,238.36,-82.91,179.67
52.377357,-1.543699,143.34,20.19,3,30.63,20 / 21,4715210,2019-09-06 20:38:40:953,0.5667,0.3561,9.8847,-0.026,-0.0121,9.8066,0.0586,-0.0095,0.0253,-14.19,-37.25,-4.06,238.21,-82.95,179.42
52.377357,-1.543699,143.34,20.19,3,30.63,20 / 21,4715310,2019-09-06 20:38:41:053,1.003,0.3379,10.2203,0.0054,-0.0035,9.8066,-0.1279,0.0283,0.0098,-14,-37.44,-4.12,238.81,-83.06,179.89
52.377357,-1.543699,143.34,20.19,3,30.63,20 / 21,4715409,2019-09-06 20:38:41:152,0.1437,-0.1329,10.2633,-0.0207,-0.0282,9.8066,0.083,-0.0195,0.0058,-14.44,-37.5,-3.81,240.25,-83.18,-178.71
52.377357,-1.543699,143.34,20.19,3,30.63,20 / 21,4715510,2019-09-06 20:38:41:253,-0.1198,-0.1574,9.5455,-0.0067,-0.0107,9.8066,0.0811,-0.021,0.0502,-14.31,-37.12,-4.31,240.13,-83.11,-178.7
52.377357,-1.543699,143.34,20.19,3,30.63,20 / 21,4715609,2019-09-06 20:38:41:352,-0.2278,0.5715,10.1452,-0.0162,-0.0067,9.8066,0.0367,0.0376,-0.0427,-14.25,-37,-3.94,239.85,-83.09,-178.96
52.377357,-1.543699,143.34,20.19,3,30.63,20 / 21,4715710,2019-09-06 20:38:41:453,-0.34,-0.2159,9.3304,0.0383,0.0326,9.8065,-0.0326,0.022,-0.035,-14.37,-36.75,-4.06,240.16,-83.1,-178.64
52.377357,-1.543699,143.34,20.19,3,30.63,20 / 21,4715810,2019-09-06 20:38:41:553,-0.6977,-0.3902,10.025,0.0485,0.0069,9.8065,0.0092,0.0191,0.0742,-14.62,-37.06,-4.25,242.11,-82.9,-177.96
52.377357,-1.543699,143.34,20.19,3,30.63,20 / 21,4715909,2019-09-06 20:38:41:652,-0.6374,0.0935,9.6609,0.0025,-0.0112,9.8066,-0.0055,-0.0667,0.0384,-14.5,-36.69,-4,242.46,-83.09,-175.94
52.377357,-1.543699,143.34,20.19,3,30.63,20 / 21,4716009,2019-09-06 20:38:41:752,-0.17,-0.5072,9.0062,-0.0024,-0.0001,9.8066,-0.1361,0.0126,-0.0482,-14.75,-37.62,-4.69,241.15,-83.09,-175.83
52.377357,-1.543699,143.34,20.19,3,30.63,20 / 21,4716109,2019-09-06 20:38:41:852,0.1908,-0.2855,9.2098,-0.0221,-0.0215,9.8066,0.1073,-0.0041,0.0676,-14.94,-36.69,-4.62,243.08,-83.21,-174.28
52.377357,-1.543699,143.34,20.19,3,30.63,20 / 21,4716210,2019-09-06 20:38:41:953,0.0766,-0.7503,10.1313,-0.0086,0.0155,9.8066,0.0238,-0.0636,-0.0515,-14.06,-36.56,-5.06,240.24,-83.2,-175.38
52.377357,-1.543699,143.34,20.19,3,30.63,20 / 21,4716311,2019-09-06 20:38:42:054,0.5228,-0.2254,10.8513,-0.0132,-0.0036,9.8066,0.1046,-0.025,-0.0089,-14.19,-36.94,-4.5,241.95,-83.17,-176.73
52.377357,-1.543699,143.34,20.19,3,30.63,20 / 21,4716410,2019-09-06 20:38:42:153,-0.1666,0.0989,9.9083,-0.0095,-0.0069,9.8066,0.0147,0.0511,0.0333,-14.31,-36.56,-3.69,241.68,-83.06,-176.77
52.377357,-1.543699,143.34,20.19,3,30.63,20 / 21,4716509,2019-09-06 20:38:42:252,-0.215,-0.4114,10.4152,-0.0157,0.0003,9.8066,0.0538,-0.0334,-0.0496,-14.5,-36.81,-3.69,240.73,-82.81,-177.3
52.377357,-1.543699,143.34,20.19,3,30.63,20 / 21,4716610,2019-09-06 20:38:42:353,-0.2748,0.5357,9.4064,-0.023,-0.014,9.8066,-0.0443,0.0048,-0.0431,-14.62,-37.12,-4.19,242.2,-82.81,-177.66
52.377357,-1.543699,143.34,20.19,3,30.63,20 / 21,4716709,2019-09-06 20:38:42:452,-0.3104,-0.2952,9.2494,0.0105,-0.0009,9.8066,-0.0819,0.0131,0.0659,-14.94,-37.12,-4.56,240.69,-82.87,-176.31
52.377357,-1.543699,143.34,20.19,3,30.63,20 / 21,4716809,2019-09-06 20:38:42:552,-0.8605,-0.6545,9.4133,0.0289,-0.0035,9.8066,-0.1406,0.0017,0.0347,-14.87,-36.94,-4,245.18,-82.92,-174.5
52.377357,-1.543699,143.34,20.19,3,30.63,20 / 21,4716910,2019-09-06 20:38:42:653,0.2719,-1.0623,9.8837,0.0401,0.0177,9.8065,-0.0515,0.0194,-0.0111,-15,-37.06,-4.12,246.27,-83.12,-173.71
52.377357,-1.543699,143.34,20.19,3,30.63,20 / 21,4717009,2019-09-06 20:38:42:752,0.7984,0.1823,9.9541,0.0201,0.0185,9.8066,-0.0079,0.0777,-0.0006,-14.69,-36.87,-3.87,245.72,-82.86,-173.74
52.377357,-1.543699,143.34,20.19,3,30.63,20 / 21,4717110,2019-09-06 20:38:42:853,-0.9361,-0.026,9.837,-0.0161,0.0092,9.8066,0.0054,-0.0603,-0.0068,-14.87,-37.12,-3.44,247.43,-82.91,-175.3
52.377357,-1.543699,143.34,20.19,3,30.63,20 / 21,4717209,2019-09-06 20:38:42:952,-0.7026,0.0911,9.3491,0.0066,0.024,9.8065,-0.0199,0.0134,-0.0614,-15,-36.25,-4,243.74,-82.82,-176.33
52.377357,-1.543699,143.34,20.19,3,30.63,20 / 21,4717309,2019-09-06 20:38:43:052,0.1012,0.5573,9.4038,-0.0285,-0.0062,9.8066,0.0717,-0.0158,0.0224,-14.37,-36.31,-4.25,241.46,-83.02,-177.39
52.377357,-1.543699,143.34,20.19,3,30.63,19 / 20,4717409,2019-09-06 20:38:43:152,0.7872,0.9895,9.7146,-0.0147,-0.004,9.8066,-0.0017,0.0364,-0.0457,-14.5,-37.25,-4,240.92,-83.01,-177.54
52.377357,-1.543699,143.34,20.19,3,30.63,19 / 20,4717510,2019-09-06 20:38:43:253,0.8357,-0.1175,9.8114,0.0063,0.0052,9.8066,-0.0656,0.091,-0.0631,-14.25,-37.5,-4.06,240.71,-83.12,-178.04
52.377357,-1.543699,143.34,20.19,3,30.63,19 / 20,4717609,2019-09-06 20:38:43:352,-0.2035,0.4746,9.6427,-0.0195,-0.003,9.8066,-0.051,0.0069,0.0435,-14.25,-37.19,-4.19,240.89,-83.11,-177.8
52.377357,-1.543699,143.34,20.19,3,30.63,19 / 20,4717709,2019-09-06 20:38:43:452,-0.7346,-1.2081,10.3415,-0.0229,-0.0102,9.8065,0.1031,0.0238,-0.0235,-14.25,-37.44,-3.94,240.19,-83.18,-178.78
52.377357,-1.543699,143.34,20.19,3,30.63,19 / 20,4717809,2019-09-06 20:38:43:552,0.4444,0.9107,10.6338,-0.0211,-0.0146,9.8066,0.1095,0.0296,-0.0324,-14.12,-37,-4.19,239.61,-83.06,-179.19
52.377357,-1.543699,143.34,20.19,3,30.63,19 / 20,4717909,2019-09-06 20:38:43:652,0.5455,-0.4332,10.2738,0.0303,-0.0013,9.8065,-0.0119,0.0549,0.0173,-14.31,-37.25,-3.56,240.3,-82.77,-177.73
52.377357,-1.543699,143.34,20.19,3,30.63,19 / 20,4718010,2019-09-06 20:38:43:753,0.08,-0.104,9.6061,-0.0138,-0.0166,9.8065,0.0214,-0.0075,-0.0213,-14.81,-36.62,-3.5,245.77,-82.95,-177.28
52.377357,-1.543699,143.34,20.19,3,30.63,19 / 20,4718110,2019-09-06 20:38:43:853,0.2652,-0.0877,10.0074,-0.0023,0.0008,9.8066,-0.0945,0.05,-0.0495,-14.37,-36.81,-4.06,242.05,-83.16,-176.57
52.377357,-1.543699,143.34,20.19,3,30.63,19 / 20,4718210,2019-09-06 20:38:43:953,0.39,-0.7819,9.8773,-0.0166,0,9.8066,-0.0065,-0.042,0.0556,-14.12,-36.25,-4.25,241.94,-83.36,-177.58
52.377357,-1.543699,143.34,20.19,3,30.63,19 / 20,4718310,2019-09-06 20:38:44:053,0.0762,0.7987,10.4271,0.0117,0.0236,9.8066,-0.0389,-0.0243,-0.0423,-14,-36.12,-4.06,239.5,-83.13,-179.9
52.37875,-1.542355,142.35,19.59,4,30.7,20 / 21,4718409,2019-09-06 20:38:44:152,0.0474,-0.2392,9.9689,0.0084,0.0118,9.8066,0.051,-0.0266,0.0213,-13.81,-36.31,-3.69,239.62,-83.13,-179.76
52.37875,-1.542355,142.35,19.59,4,30.7,20 / 21,4718510,2019-09-06 20:38:44:253,0.2226,0.2443,9.6202,-0.0361,-0.0294,9.8065,0.0439,-0.0606,0.0209,-14.19,-36.94,-4.37,239.01,-83.02,-179.8
52.37875,-1.542355,142.35,19.59,4,30.7,20 / 21,4718610,2019-09-06 20:38:44:353,-0.7475,-0.0839,9.3901,-0.0212,-0.0226,9.8066,-0.0304,0.0233,-0.0527,-13.94,-36.94,-4.12,240.84,-83.31,-178.31
52.37875,-1.542355,142.35,19.59,4,30.7,20 / 21,4718709,2019-09-06 20:38:44:452,0.362,0.3494,10.3974,-0.009,-0.0098,9.8066,0.0438,0.0372,0.0562,-13.94,-36.56,-3.81,241.16,-83.36,-178.05
52.37875,-1.542355,142.35,19.59,4,30.7,20 / 21,4718810,2019-09-06 20:38:44:553,-0.1862,-0.7996,10.4283,0.0116,0.0052,9.8066,0.0524,-0.0235,0.0543,-14.56,-36.75,-3.87,243.36,-83.31,-177.41
52.37875,-1.542355,142.35,19.59,4,30.7,20 / 21,4718910,2019-09-06 20:38:44:653,1.0212,0.6546,10.4211,0.0005,-0.0036,9.8066,0.0644,0.0194,-0.0477,-14.81,-37.12,-3.69,243.19,-83.09,-177.12
52.37875,-1.542355,142.35,19.59,4,30.7,20 / 21,4719009,2019-09-06 20:38:44:752,1.0017,0.5036,9.9673,-0.0117,-0.0105,9.8066,0.1075,0.0198,0.0587,-14.5,-36.87,-3.87,241.35,-83.02,-177.07
52.37875,-1.542355,142.35,19.59,4,30.7,20 / 21,4719110,2019-09-06 20:38:44:853,1.6357,0.4087,9.2485,0.0073,-0.018,9.8066,-0.0387,-0.0172,-0.0036,-14.94,-36.87,-3.87,243.94,-83.06,-176.21
52.37875,-1.542355,142.35,19.59,4,30.7,20 / 21,4719210,2019-09-06 20:38:44:953,0.5666,-0.1286,9.2004,-0.0213,-0.0278,9.8065,0.0764,-0.0557,0.0056,-14.75,-36.56,-3.75,246.54,-83.23,-173.65
52.37875,-1.542355,142.35,19.59,4,30.7,20 / 21,4719309,2019-09-06 20:38:45:052,1.3144,0.0194,10.1563,-0.0092,-0.0153,9.8066,-0.1196,0.0155,0.058,-14.87,-36.37,-4.62,244.93,-83.23,-172.63
52.37875,-1.542355,142.35,19.59,4,30.7,20 / 21,4719410,2019-09-06 20:38:45:153,-0.1806,-0.0283,10.1128,0.047,0.0258,9.8065,-0.1372,0.015,-0.022,-14.19,-36.37,-3.31,247.92,-82.94,-173.39
52.37875,-1.542355,142.35,19.59,4,30.7,20 / 21,4719509,2019-09-06 20:38:45:252,1.019,-0.052,9.72,0.0113,0.0139,9.8066,-0.0767,0.036,-0.0237,-14.5,-36.94,-3.37,247.44,-83.05,-173.71
52.37875,-1.542355,142.35,19.59,4,30.7,20 / 21,4719609,2019-09-06 20:38:45:352,0.3497,0.2491,9.7394,-0.0062,-0.003,9.8066,-0.0004,0.0018,0.0431,-14.75,-37.12,-3.75,246.7,-83.19,-173.38
52.37875,-1.542355,142.35,19.59,4,30.7,20 / 21,4719709,2019-09-06 20:38:45:452,0.4756,0.2131,10.0538,-0.0038,-0.0041,9.8066,-0.0247,-0.042,0.0105,-14.75,-36.56,-4.06,247.44,-83.33,-172.87
52.37875,-1.542355,142.35,19.59,4,30.7,20 / 21,4719810,2019-09-06 20:38:45:553,0.0006,-0.3235,10.1895,0,0.0015,9.8066,-0.0146,-0.0163,-0.0783,-14.75,-36.81,-3.75,247.44,-83.25,-172.69
52.37875,-1.542355,142.35,19.59,4,30.7,20 / 21,4719910,2019-09-06 20:38:45:653,1.2969,-0.1469,10.4154,-0.0025,0.0133,9.8066,0.1247,-0.021,0.0507,-15.06,-37.19,-4,246.21,-83.1,-173.72
52.37875,-1.542355,142.35,19.59,4,30.7,20 / 21,4720010,2019-09-06 20:38:45:753,0.2659,0.488,10.2323,-0.0026,-0.0028,9.8066,0.0731,0.0215,-0.0054,-14.62,-36.37,-3.5,248.48,-83.05,-174.88
52.37875,-1.542355,142.35,19.59,4,30.7,20 / 21,4720110,2019-09-06 20:38:45:853,-0.3469,-0.3841,9.4861,-0.0093,-0.0139,9.8065,0.1368,-0.0585,-0.0256,-14.69,-36.5,-3.37,248.49,-82.96,-174.68
52.37875,-1.542355,142.35,19.59,4,30.7,20 / 21,4720210,2019-09-06 20:38:45:953,0.7583,-0.8266,9.4118,-0.0032,-0.0108,9.8065,0.1251,-0.0325,-0.0338,-14.94,-37.06,-3.31,248.43,-82.85,-174.03
52.37875,-1.542355,142.35,19.59,4,30.7,20 / 21,4720309,2019-09-06 20:38:46:052,0.4326,0.9904,9.4941,-0.0089,0.0098,9.8066,0.0237,-0.0959,0.0735,-15.19,-37.19,-3.62,245.29,-82.94,-174.41
52.37875,-1.542355,142.35,19.59,4,30.7,20 / 21,4720410,2019-09-06 20:38:46:153,0.883,0.1586,9.401,-0.0186,0.0037,9.8065,0.0283,-0.0337,-0.0708,-14.56,-37.31,-3.69,245.23,-83.16,-174.96
52.37875,-1.542355,142.35,19.59,4,30.7,20 / 21,4720510,2019-09-06 20:38:46:253,-0.3278,0.7114,9.1187,-0.0084,0.0155,9.8066,-0.0952,-0.0025,0.0041,-14.56,-37.12,-3.56,243.98,-83.21,-176.49
52.37875,-1.542355,142.35,19.59,4,30.7,20 / 21,4720610,2019-09-06 20:38:46:353,0.0064,0.0699,9.4303,0.0279,0.0205,9.8066,-0.1656,0.0163,0.0036,-14.19,-36.94,-3.62,240.88,-83.03,-177.63
52.37875,-1.542355,142.35,19.59,4,30.7,20 / 21,4720709,2019-09-06 20:38:46:452,-0.0965,-0.4663,9.9924,0.0348,0.0311,9.8065,0.0289,-0.0064,-0.0365,-14,-37.06,-4.06,240.43,-83.03,-178.16
52.37875,-1.542355,142.35,19.59,4,30.7,20 / 21,4720809,2019-09-06 20:38:46:552,-0.2704,0.1804,10.3987,-0.0122,0.0039,9.8065,0.0037,-0.0069,-0.0404,-13.87,-37.25,-3.94,239.74,-83.21,-179.37
52.37875,-1.542355,142.35,19.59,4,30.7,20 / 21,4720910,2019-09-06 20:38:46:653,0.8521,-0.0815,10.3333,-0.0008,-0.0043,9.8066,-0.0068,0.0501,0.0173,-14.5,-37.06,-4,239.5,-83.12,-179.45
52.37875,-1.542355,142.35,19.59,4,30.7,20 / 21,4721010,2019-09-06 20:38:46:753,0.7844,0.7821,9.609,0.0311,0.0005,9.8065,-0.0551,-0.0687,0.0557,-14.56,-37,-3.44,244.85,-82.92,-178.25
52.37875,-1.542355,142.35,19.59,4,30.7,20 / 21,4721110,2019-09-06 20:38:46:853,1.2518,0.2241,10.204,0.0036,-0.0025,9.8066,0.0426,0.0045,-0.0471,-13.94,-37.44,-3.81,241.12,-83,-177.28
52.37875,-1.542355,142.35,19.59,4,30.7,20 / 21,4721209,2019-09-06 20:38:46:952,0.6415,-0.7204,10.3212,-0.0058,0.0106,9.8066,0.0984,-0.0763,0.0298,-14.12,-37.37,-3.75,240.97,-83.06,-177.61
52.37875,-1.542355,142.35,19.59,4,30.7,20 / 21,4721309,2019-09-06 20:38:47:052,1.6323,0.257,11.1523,-0.0322,-0.0085,9.8065,-0.1101,0.0042,-0.0332,-14.37,-37.75,-3.37,243.32,-83.14,-178.21
52.37875,-1.542355,142.35,19.59,4,30.7,20 / 21,4721410,2019-09-06 20:38:47:153,0.661,-0.2674,9.8861,0.0058,0.0313,9.8066,0.1209,-0.0569,-0.0618,-13.94,-37.69,-3.56,237.37,-82.91,178.93
52.37875,-1.542355,142.35,19.59,4,30.7,20 / 21,4721509,2019-09-06 20:38:47:252,0.4259,0.2106,9.218,-0.0358,0.0013,9.8065,-0.1182,0.0194,-0.0657,-13.94,-37.19,-3.19,239.63,-83.08,177.2
52.37875,-1.542355,142.35,19.59,4,30.7,20 / 21,4721610,2019-09-06 20:38:47:353,-0.2901,0.464,9.4647,-0.0095,0.016,9.8066,-0.1264,0.0022,0.0396,-13.44,-37.81,-3.75,232.92,-83.14,175.35
52.37875,-1.542355,142.35,19.59,4,30.7,20 / 21,4721710,2019-09-06 20:38:47:453,0.5208,1.2976,10.2686,0.0268,0.0208,9.8066,0.088,-0.0341,0.0429,-13.25,-37.19,-4.12,231.97,-83.04,173.98
52.37875,-1.542355,142.35,19.59,4,30.7,20 / 21,4721810,2019-09-06 20:38:47:553,-0.1617,0.5057,10.2852,0.0002,-0.0133,9.8066,0.0708,0.0198,0.0138,-13.62,-37.87,-3.81,234.45,-82.88,175.52
52.37875,-1.542355,142.35,19.59,4,30.7,20 / 21,4721909,2019-09-06 20:38:47:652,-0.2151,0.152,9.8469,-0.0131,-0.0185,9.8065,0.0279,0.0051,0.0217,-13.75,-37.25,-3,238.51,-82.79,176.56
52.37875,-1.542355,142.35,19.59,4,30.7,20 / 21,4722010,2019-09-06 20:38:47:753,0.3308,0.6856,9.7525,-0.0083,-0.0044,9.8066,0.0332,0.0716,0.0104,-13.87,-37.19,-3.12,239.36,-82.82,177.48
52.37875,-1.542355,142.35,19.59,4,30.7,20 / 21,4722110,2019-09-06 20:38:47:853,0.4602,0.2721,9.4258,0.002,-0.0038,9.8066,-0.0495,0.0001,-0.0144,-14.25,-37.75,-3.12,239.29,-82.88,177.71
52.37875,-1.542355,142.35,19.59,4,30.7,20 / 21,4722210,2019-09-06 20:38:47:953,1.2947,-0.0117,10.0367,0.0114,-0.0024,9.8066,0.0113,0.0108,-0.0173,-14,-37.56,-3.12,240.11,-82.96,178.49
52.37875,-1.542355,142.35,19.59,4,30.7,20 / 21,4722310,2019-09-06 20:38:48:053,-0.424,-0.1575,10.0189,0.0195,0.0072,9.8066,0.1186,0.0249,0.0409,-14.06,-36.87,-3.19,240.68,-82.86,178.94
52.37875,-1.542355,142.35,19.59,4,30.7,20 / 21,4722409,2019-09-06 20:38:48:152,-0.6827,-0.2974,10.2641,-0.0151,-0.0111,9.8066,0.0119,-0.0024,0.0225,-14.5,-36.81,-3.44,241.29,-82.92,179.53
52.37875,-1.542355,142.35,19.59,4,30.7,20 / 21,4722510,2019-09-06 20:38:48:253,0.5152,0.4964,9.8441,-0.0037,-0.001,9.8065,0.0148,0.0351,-0.0106,-13.81,-37.06,-3.56,238.71,-82.77,-179.59
52.37875,-1.542355,142.35,19.59,4,30.7,20 / 21,4722609,2019-09-06 20:38:48:352,-1.1546,-0.1524,9.3042,0.006,0.0035,9.8066,0.0331,-0.0344,0.0177,-14.06,-37.19,-4.12,238.64,-82.74,-179.61
52.37875,-1.542355,142.35,19.59,4,30.7,20 / 21,4722710,2019-09-06 20:38:48:453,0.1361,0.2925,9.4815,-0.0381,-0.0145,9.8066,0.0127,-0.0106,0.0124,-14.12,-36.87,-3.44,242.82,-83.01,-178.92
52.37875,-1.542355,142.35,19.59,4,30.7,20 / 21,4722809,2019-09-06 20:38:48:552,0.6204,-0.1924,9.7781,0.0137,-0.0005,9.8066,-0.0212,0.0329,-0.0903,-14.19,-36.94,-4.12,239.88,-82.89,-178.49
52.37875,-1.542355,142.35,19.59,4,30.7,20 / 21,4722910,2019-09-06 20:38:48:653,2.6754,0.7287,9.847,-0.0232,-0.0045,9.8066,0.1677,-0.0701,0.0522,-14,-37.31,-3.31,242.45,-82.89,-179.07
52.37875,-1.542355,142.35,19.59,4,30.7,20 / 21,4723009,2019-09-06 20:38:48:752,0.0396,0.5168,10.3882,-0.0341,-0.0282,9.8065,-0.0707,-0.0745,0.0843,-14.12,-37.37,-3.5,242.64,-82.87,-178.78
52.37875,-1.542355,142.35,19.59,4,30.7,20 / 21,4723110,2019-09-06 20:38:48:853,-0.2772,-0.9064,10.4245,0.0104,-0.0036,9.8066,0.1132,0.0319,-0.0923,-14.19,-37.44,-3.87,239.35,-82.87,-179.07
52.37875,-1.542355,142.35,19.59,4,30.7,20 / 21,4723210,2019-09-06 20:38:48:953,0.7697,0.5678,9.575,-0.0194,0.0035,9.8066,-0.1506,-0.015,-0.0184,-14.12,-37.19,-3.37,242.09,-82.9,-179.51
52.37875,-1.542355,142.35,19.59,4,30.7,20 / 21,4723310,2019-09-06 20:38:49:053,-0.3296,-0.0738,9.4942,0.0115,0.0075,9.8066,-0.2117,0.0349,0.0114,-13.94,-36.81,-3.94,238.5,-82.82,-179.96
52.37875,-1.542355,142.35,19.59,4,30.7,20 / 21,4723409,2019-09-06 20:38:49:152,0.4425,-0.1731,9.7877,0.0258,0.0158,9.8065,0.089,0.0054,-0.0231,-14.06,-37,-3.56,238.21,-82.74,179.89
52.37875,-1.542355,142.35,19.59,4,30.7,20 / 21,4723510,2019-09-06 20:38:49:253,-0.6512,-0.592,10.2148,-0.0223,-0.0165,9.8065,-0.0129,-0.0186,-0.0142,-13.87,-37.44,-3.62,238.56,-82.62,-179.45
52.37875,-1.542355,142.35,19.59,4,30.7,20 / 21,4723609,2019-09-06 20:38:49:352,0.1946,-0.1397,9.7598,-0.0042,0.0004,9.8066,0.106,-0.0355,-0.0256,-14.37,-37,-3.81,238.4,-82.61,-179.6
52.37875,-1.542355,142.35,19.59,4,30.7,20 / 21,4723710,2019-09-06 20:38:49:453,0.1118,0.6405,9.5779,-0.0274,-0.0112,9.8065,0.1118,0.0164,0.0297,-14.31,-37.81,-4.06,237.29,-82.68,179.36
52.37875,-1.542355,142.35,19.59,4,30.7,20 / 21,4723809,2019-09-06 20:38:49:552,0.4269,-0.5801,10.3306,-0.0306,-0.0252,9.8065,-0.0132,-0.0686,0.0854,-13.87,-37.25,-3.19,241.47,-82.85,179.89
52.37875,-1.542355,142.35,19.59,4,30.7,20 / 21,4723910,2019-09-06 20:38:49:653,-0.3908,0.283,9.8512,0.0367,0.0093,9.8065,0.0612,0.0809,-0.1071,-13.81,-37,-3.5,241.96,-82.69,-179.16
52.37875,-1.542355,142.35,19.59,4,30.7,20 / 21,4724010,2019-09-06 20:38:49:753,0.6179,-0.5288,9.8678,0.0132,0.0178,9.8066,-0.0446,0.0831,-0.0546,-14.37,-36.94,-2.5,244.25,-82.64,179.88
52.37875,-1.542355,142.35,19.59,4,30.7,20 / 21,4724110,2019-09-06 20:38:49:853,0.0222,-0.0493,9.3736,0.0158,0.0062,9.8065,-0.1136,0.0613,0.0649,-14.12,-37.37,-2.87,240.87,-82.65,179.65
52.37875,-1.542355,142.35,19.59,4,30.7,20 / 21,4724210,2019-09-06 20:38:49:953,-0.4263,-0.1144,9.2074,0.0446,0.0187,9.8065,0.0559,-0.0241,0.0265,-14.37,-37.25,-3.31,241.09,-82.57,-179.89
52.37875,-1.542355,142.35,19.59,4,30.7,20 / 21,4724309,2019-09-06 20:38:50:052,-0.5157,0.2101,9.741,-0.0184,-0.0101,9.8066,0.0247,-0.0582,-0.015,-14.19,-36.94,-3.06,241.66,-82.7,-179.54
52.37875,-1.542355,142.35,19.59,4,30.7,20 / 21,4724410,2019-09-06 20:38:50:153,0.5634,-0.1759,9.8107,0.0172,0.0002,9.8066,-0.0747,-0.0607,0.0021,-13.87,-37.12,-3.19,241.78,-82.7,-179.38
52.37875,-1.542355,142.35,19.59,4,30.7,20 / 21,4724510,2019-09-06 20:38:50:253,-0.1458,0.0935,9.0961,-0.0459,-0.0352,9.8064,0.1178,0.0401,0.046,-14.62,-36.75,-3.5,243.55,-82.51,-178.83
52.37875,-1.542355,142.35,19.59,4,30.7,20 / 21,4724610,2019-09-06 20:38:50:353,0.5607,0.2449,9.6912,-0.007,-0.0204,9.8066,-0.0608,-0.0288,0.0602,-14.94,-36.87,-3.44,245.57,-82.7,-176.94
52.37875,-1.542355,142.35,19.59,4,30.7,20 / 21,4724710,2019-09-06 20:38:50:453,0.8118,0.6545,9.9667,0.0151,-0.003,9.8066,-0.0168,0.0476,0.016,-14.5,-36.69,-3.06,245.13,-82.69,-175.48
52.37875,-1.542355,142.35,19.59,4,30.7,20 / 21,4724809,2019-09-06 20:38:50:552,-1.7752,-1.0006,9.5709,0.0186,0.0064,9.8066,0.0509,-0.0656,-0.0256,-14.5,-36.87,-3.25,245.24,-82.7,-175.39
52.37875,-1.542355,142.35,19.59,4,30.7,20 / 21,4724909,2019-09-06 20:38:50:652,0.6277,-1.4508,11.8815,0.0025,0.0071,9.8066,0.1591,0.0286,-0.1049,-15,-37.31,-2.31,250.24,-82.67,-175.12
52.37875,-1.542355,142.35,19.59,4,30.7,20 / 21,4725010,2019-09-06 20:38:50:753,1.4329,1.6941,11.1715,-0.0689,-0.0132,9.8063,-0.1804,-0.0005,0.0103,-14.37,-37.25,-3.06,243.95,-82.89,-177.33
52.37875,-1.542355,142.35,19.59,4,30.7,20 / 21,4725109,2019-09-06 20:38:50:852,1.3827,0.1752,9.0182,0.016,0.0202,9.8065,0.0258,-0.0295,0.0434,-14.44,-36.75,-3,243.13,-82.76,-177.96
52.37875,-1.542355,142.35,19.59,4,30.7,20 / 21,4725209,2019-09-06 20:38:50:952,0.6426,0.1093,10.163,0.0164,-0.0045,9.8066,-0.0919,-0.0168,-0.0075,-14.25,-37.19,-3.69,240.56,-82.86,-177.62
52.37875,-1.542355,142.35,19.59,4,30.7,20 / 21,4725309,2019-09-06 20:38:51:052,0.6963,-0.7336,10.5011,0.0186,0.0084,9.8066,0.0899,-0.1024,0.044,-14.25,-37.19,-3.44,245.08,-82.88,-175.99
52.37875,-1.542355,142.35,19.59,4,30.7,20 / 21,4725411,2019-09-06 20:38:51:154,1.6981,0.1476,10.4542,0.0513,0.0289,9.8064,-0.0746,0.0208,0.0321,-14.62,-37.44,-3.12,247.4,-82.82,-175.13
52.37875,-1.542355,142.35,19.59,4,30.7,20 / 21,4725509,2019-09-06 20:38:51:252,0.3796,0.77,10.4181,0.0451,0.02,9.8065,-0.0569,0.0169,-0.0012,-14.81,-36.56,-3.56,243.1,-82.38,-175.69
52.37875,-1.542355,142.35,19.59,4,30.7,20 / 21,4725609,2019-09-06 20:38:51:352,-0.4394,-0.0154,10.061,0.0009,0.0115,9.8065,-0.0723,-0.0142,-0.0343,-15.06,-37.19,-3.5,246,-82.49,-175.96
52.37875,-1.542355,142.35,19.59,4,30.7,20 / 21,4725710,2019-09-06 20:38:51:453,-0.604,0.0631,9.421,-0.0126,-0.003,9.8066,-0.2037,0.0011,-0.0364,-14.81,-37,-3.06,246.27,-82.44,-175.55
52.37875,-1.542355,142.35,19.59,4,30.7,20 / 21,4725810,2019-09-06 20:38:51:553,-1.4278,-2.2971,10.5648,0.0099,0.0158,9.8065,0.1836,0.0748,-0.0121,-15.06,-37.37,-3.5,245.77,-82.5,-176.24
52.37875,-1.542355,142.35,19.59,4,30.7,20 / 21,4725910,2019-09-06 20:38:51:653,1.1458,0.0112,10.7073,0.0096,0.0178,9.8066,0.0453,-0.0522,-0.0192,-14.31,-37.75,-3.31,242.82,-82.51,-177.24
52.37875,-1.542355,142.35,19.59,4,30.7,20 / 21,4726009,2019-09-06 20:38:51:752,1.042,0.7727,9.708,-0.0255,0.005,9.8065,-0.0674,0.0153,-0.0206,-14.62,-36.87,-3.25,244.08,-82.5,-178.19
52.37875,-1.542355,142.35,19.59,4,30.7,20 / 21,4726110,2019-09-06 20:38:51:853,0.5934,0.7581,9.6686,0.0183,0.0162,9.8065,-0.0213,0.0309,0.0201,-14.31,-37.12,-3.31,241.05,-82.29,-179.3
52.37875,-1.542355,142.35,19.59,4,30.7,20 / 21,4726210,2019-09-06 20:38:51:953,-0.4121,-1.505,9.7387,0.0278,-0.0099,9.8066,-0.1791,0.1089,-0.0434,-14.31,-37.56,-3.69,239.16,-82.49,-177.97
52.37875,-1.542355,142.35,19.59,4,30.7,20 / 21,4726310,2019-09-06 20:38:52:053,-0.337,0.189,10.3158,0.0439,0.0076,9.8065,-0.1437,0.0735,0.0355,-14.31,-37.5,-3.25,243.57,-82.45,-176.7
52.37875,-1.542355,142.35,19.59,4,30.7,20 / 21,4726409,2019-09-06 20:38:52:152,0.0574,-0.8009,10.1815,0.0213,0.0158,9.8066,0.0626,-0.0324,-0.005,-14.69,-37.44,-3.06,245.21,-82.45,-176.77
52.37875,-1.542355,142.35,19.59,4,30.7,20 / 21,4726510,2019-09-06 20:38:52:253,-2.0932,-0.1949,9.1438,0.06,0.0465,9.8063,-0.431,0.0064,-0.1259,-13.87,-37.25,-3.12,242.4,-82.05,-177.12
52.37875,-1.542355,142.35,19.59,4,30.7,20 / 21,4726610,2019-09-06 20:38:52:353,-1.0239,1.4818,8.8463,0.087,0.0703,9.806,0.15,-0.1287,0.0504,-13.81,-37.19,-3.37,240.79,-81.92,-178.74
52.37875,-1.542355,142.35,19.59,4,30.7,20 / 21,4726709,2019-09-06 20:38:52:452,0.01,-0.5802,9.0903,-0.0613,-0.0393,9.8063,0.0882,-0.0299,-0.005,-14.37,-37.06,-4,238.12,-82.09,-178.79
52.37875,-1.542355,142.35,19.59,4,30.7,20 / 21,4726809,2019-09-06 20:38:52:552,0.963,0.5953,9.928,-0.0589,-0.0304,9.8064,-0.087,0.0686,0.0081,-13.81,-37.75,-2.81,241.48,-82.62,-179.08
52.37875,-1.542355,142.35,19.59,4,30.7,20 / 21,4726910,2019-09-06 20:38:52:653,0.5301,-0.055,10.0259,0.0461,0.0246,9.8065,-0.0225,-0.0561,0.0446,-13.12,-36.81,-2.87,239.46,-82.34,-179.07
52.37875,-1.542355,142.35,19.59,4,30.7,20 / 21,4727010,2019-09-06 20:38:52:753,0.285,0.1815,9.3949,0.0231,0.0073,9.8066,-0.0403,-0.0753,0.003,-13.37,-36.81,-3.06,240.36,-82.41,-178.17
52.37875,-1.542355,142.35,19.59,4,30.7,20 / 21,4727109,2019-09-06 20:38:52:852,-0.8009,-0.5478,9.3945,-0.0077,-0.0106,9.8066,-0.0756,-0.0146,0.0068,-13.87,-36.94,-3.69,240.24,-82.62,-177.44
52.37875,-1.542355,142.35,19.59,4,30.7,20 / 21,4727210,2019-09-06 20:38:52:953,-1.4395,-0.5918,9.6089,-0.0051,-0.0109,9.8066,-0.0022,0.0147,0.0314,-14.44,-37.5,-3.56,240.75,-82.7,-177.03
52.37875,-1.542355,142.35,19.59,4,30.7,20 / 21,4727310,2019-09-06 20:38:53:053,-0.4909,-0.9264,9.6746,-0.0061,-0.0066,9.8066,0.0016,0.037,0.0221,-14.56,-37.5,-4.06,242.32,-82.7,-177.29
52.38017,-1.540982,143.07,20.74,4,30.16,20 / 21,4727409,2019-09-06 20:38:53:152,-1.5984,-1.0039,10.5146,-0.0095,0.0034,9.8066,0.1168,-0.0505,0.0368,-14.5,-37.56,-3.31,243.08,-82.57,-177.08
52.38017,-1.540982,143.07,20.74,4,30.16,20 / 21,4727510,2019-09-06 20:38:53:253,1.1103,0.1575,10.0818,0.0322,0.0371,9.8065,0.0422,-0.0344,-0.023,-13.87,-37.06,-3.12,241.42,-82.22,-178.69
52.38017,-1.540982,143.07,20.74,4,30.16,20 / 21,4727610,2019-09-06 20:38:53:353,-0.2394,-0.0896,9.2786,0.0196,0.0152,9.8065,-0.0552,0.0044,0.0039,-14.31,-37.19,-3.37,241.23,-82.29,-179.08
52.38017,-1.540982,143.07,20.74,4,30.16,20 / 21,4727710,2019-09-06 20:38:53:453,0.3535,0.3642,8.8646,-0.011,-0.0048,9.8066,-0.066,-0.0019,0.0554,-14.25,-37.06,-3.44,242.5,-82.65,-178.43
52.38017,-1.540982,143.07,20.74,4,30.16,20 / 21,4727810,2019-09-06 20:38:53:553,-0.0772,-0.1761,8.9031,0.0296,0.0096,9.8066,0.0116,-0.0049,0.0043,-14.5,-37.75,-3.81,239.42,-82.66,-178.04
52.38017,-1.540982,143.07,20.74,4,30.16,20 / 21,4727910,2019-09-06 20:38:53:653,-1.4158,-0.8202,9.3115,-0.0055,-0.014,9.8066,-0.0319,0.0025,-0.0156,-13.75,-37.31,-3.56,240.1,-82.74,-177.88
52.38017,-1.540982,143.07,20.74,4,30.16,20 / 21,4728010,2019-09-06 20:38:53:753,0.1476,-0.1985,10.2276,0.0072,0.0036,9.8066,-0.0398,-0.0063,-0.0041,-14.37,-37.25,-3.31,243.5,-82.63,-177.23
52.38017,-1.540982,143.07,20.74,4,30.16,20 / 21,4728109,2019-09-06 20:38:53:852,-0.781,-1.4679,10.4742,0.0466,0.0332,9.8064,-0.2177,0.0208,0.012,-13.81,-37.56,-3.44,241.56,-82.29,-178.19
52.38017,-1.540982,143.07,20.74,4,30.16,20 / 21,4728209,2019-09-06 20:38:53:952,-1.9754,0.454,10.2964,0.0125,0.011,9.8066,-0.0349,0.0023,0.0521,-13.81,-37.06,-3.62,238.83,-82.46,-178.76
52.38017,-1.540982,143.07,20.74,4,30.16,20 / 21,4728310,2019-09-06 20:38:54:053,-0.5375,0.1541,9.7743,0.0216,-0.002,9.8066,0.0127,0.0567,-0.0496,-14.25,-36.87,-3.69,238.82,-82.62,-179.11
52.38017,-1.540982,143.07,20.74,4,30.16,19 / 20,4728409,2019-09-06 20:38:54:152,-0.4622,-0.8554,9.1675,-0.0015,-0.0118,9.8066,-0.0017,0.0194,-0.0073,-14.06,-37.12,-3.56,239.49,-82.67,-178.45
52.38017,-1.540982,143.07,20.74,4,30.16,19 / 20,4728510,2019-09-06 20:38:54:253,-0.7479,-0.4084,10.0593,-0.0169,-0.0089,9.8066,0.0365,0.003,0.0791,-14.56,-37.69,-3.25,243.61,-82.49,-178.24
52.38017,-1.540982,143.07,20.74,4,30.16,19 / 20,4728610,2019-09-06 20:38:54:353,-0.0234,0.5166,9.6965,0.0224,0.0071,9.8065,0.0276,0.0024,0.0282,-14.56,-37.19,-2.94,244.13,-82.37,-177.83
52.38017,-1.540982,143.07,20.74,4,30.16,19 / 20,4728710,2019-09-06 20:38:54:453,-0.7894,-0.0526,9.1606,0.016,-0.0021,9.8066,-0.1382,0.048,-0.0863,-13.94,-36.56,-3.44,242.86,-82.38,-177.38
52.38017,-1.540982,143.07,20.74,4,30.16,19 / 20,4728810,2019-09-06 20:38:54:553,-0.2762,-0.7857,9.5781,0.015,0.0143,9.8065,-0.0281,0.0795,0.0036,-14.5,-37.37,-3.37,242.7,-82.5,-177.85
52.38017,-1.540982,143.07,20.74,4,30.16,19 / 20,4728910,2019-09-06 20:38:54:653,-0.2811,-0.3035,10.3709,0.0076,-0.0011,9.8066,-0.0009,0.0254,0.0324,-14,-37.06,-3.56,240.53,-82.7,-177.28
52.38017,-1.540982,143.07,20.74,4,30.16,19 / 20,4729010,2019-09-06 20:38:54:753,0.2355,0.126,10.0234,-0.016,-0.0144,9.8066,0.0156,-0.0394,-0.0154,-14.44,-37.06,-3,244.19,-82.76,-176.73
52.38017,-1.540982,143.07,20.74,4,30.16,19 / 20,4729110,2019-09-06 20:38:54:853,0.2824,-0.3851,9.7086,0.0039,0.003,9.8066,0.0738,-0.0016,0.0269,-14.37,-37.5,-3.06,244.75,-82.63,-175.76
52.38017,-1.540982,143.07,20.74,4,30.16,19 / 20,4729210,2019-09-06 20:38:54:953,-0.1827,-0.4314,9.9273,0.0016,0.0062,9.8066,0.0005,-0.0389,0.0414,-14.75,-37.12,-3.56,243.39,-82.57,-175.76
52.38017,-1.540982,143.07,20.74,4,30.16,19 / 20,4729310,2019-09-06 20:38:55:053,-0.5618,-0.0955,9.592,0.0028,0.009,9.8066,-0.0465,-0.0239,-0.0665,-14.87,-37.06,-3.62,242.68,-82.51,-176.45
52.38017,-1.540982,143.07,20.74,4,30.16,17 / 20,4729409,2019-09-06 20:38:55:152,-0.1242,-0.2792,9.2466,0.005,0.0094,9.8065,-0.0698,0.0315,-0.0078,-14.5,-36.87,-3.12,243.31,-82.46,-177.04
52.38017,-1.540982,143.07,20.74,4,30.16,17 / 20,4729510,2019-09-06 20:38:55:253,0.5583,-0.1943,9.9293,0.0103,0.0084,9.8065,-0.1223,0.0141,0.0352,-14.25,-36.81,-3.44,242.97,-82.51,-177.56
52.38017,-1.540982,143.07,20.74,4,30.16,17 / 20,4729610,2019-09-06 20:38:55:353,0.1282,-1.0032,9.6865,0.0338,0.0149,9.8065,0.0831,-0.0127,0.0104,-14,-36.44,-3.19,242.9,-82.37,-177.79
52.38017,-1.540982,143.07,20.74,4,30.16,17 / 20,4729710,2019-09-06 20:38:55:453,0.0951,0.6258,9.8212,-0.001,-0.0144,9.8066,0.027,0.0577,-0.0535,-14.44,-36.62,-3.44,242.98,-82.43,-177.35
52.38017,-1.540982,143.07,20.74,4,30.16,17 / 20,4729810,2019-09-06 20:38:55:553,-0.7529,-0.176,9.3119,-0.0076,-0.0075,9.8066,-0.0541,-0.0319,0.0817,-14.31,-37.12,-3.62,240.19,-82.49,-177.21
52.38017,-1.540982,143.07,20.74,4,30.16,17 / 20,4729909,2019-09-06 20:38:55:652,-0.5218,-0.1535,10.0577,0.0007,-0.0109,9.8066,-0.0503,-0.0064,-0.0478,-14.25,-37.75,-3.37,243.75,-82.57,-176.3
52.38017,-1.540982,143.07,20.74,4,30.16,17 / 20,4730009,2019-09-06 20:38:55:752,-0.5759,-0.1224,9.7429,0.003,0.0069,9.8066,0.1205,-0.0623,-0.0191,-13.94,-37,-3.44,243.85,-82.5,-176.5
52.38017,-1.540982,143.07,20.74,4,30.16,17 / 20,4730110,2019-09-06 20:38:55:853,0.4888,-0.845,9.6834,-0.0158,-0.0036,9.8066,0.0708,0.0428,0.0016,-14.06,-37.19,-3.06,243.18,-82.31,-176.82
52.38017,-1.540982,143.07,20.74,4,30.16,17 / 20,4730210,2019-09-06 20:38:55:953,0.0253,-1.1281,10.156,0.0021,-0.0014,9.8066,0.0738,-0.0124,-0.0237,-14.5,-37.19,-2.87,242.77,-82.37,-177.45
52.38017,-1.540982,143.07,20.74,4,30.16,17 / 20,4730309,2019-09-06 20:38:56:052,-0.11,0.5221,9.7776,0.0048,0.0013,9.8066,-0.0161,0.0055,-0.0314,-14.31,-37,-3.19,242.81,-82.43,-177.55
52.38017,-1.540982,143.07,20.74,4,30.16,19 / 21,4730409,2019-09-06 20:38:56:152,-0.6934,-0.7909,10.2574,0.0011,0.0051,9.8066,0.0163,0.012,0.0385,-14.31,-37.06,-3.25,242.83,-82.46,-177.58
52.38017,-1.540982,143.07,20.74,4,30.16,19 / 21,4730510,2019-09-06 20:38:56:253,-0.3243,-0.5125,9.4901,0.0215,0.004,9.8066,-0.0194,-0.0284,-0.0206,-14.25,-36.44,-3.44,244.28,-82.57,-176.66
52.38017,-1.540982,143.07,20.74,4,30.16,19 / 21,4730609,2019-09-06 20:38:56:352,-0.588,-0.6655,9.7139,0.0156,0.0103,9.8066,0.0418,0.0374,0.0314,-14.75,-37,-3.31,245.66,-82.47,-176.31
52.38017,-1.540982,143.07,20.74,4,30.16,19 / 21,4730709,2019-09-06 20:38:56:452,-0.2591,0.0158,9.8524,-0.0148,-0.0133,9.8066,-0.0055,-0.0173,0.0284,-14.62,-36.81,-3.75,243.93,-82.66,-175.33
52.38017,-1.540982,143.07,20.74,4,30.16,19 / 21,4730809,2019-09-06 20:38:56:552,0.835,-0.2464,10.2268,0.0125,0.0051,9.8066,-0.0319,-0.0064,-0.0515,-15.12,-36.81,-3.69,244.18,-82.61,-174.94
52.38017,-1.540982,143.07,20.74,4,30.16,19 / 21,4730910,2019-09-06 20:38:56:653,0.6009,-0.4172,9.6916,0.0225,0.0184,9.8066,-0.0727,0.0495,0.0289,-14.25,-36.69,-3.25,244.44,-82.55,-175.93
52.38017,-1.540982,143.07,20.74,4,30.16,19 / 21,4731010,2019-09-06 20:38:56:753,0.0901,-0.5064,10.2446,0.0419,0.026,9.8065,0.0789,-0.0557,-0.0196,-14.44,-37,-3.94,240.87,-82.51,-176.47
52.38017,-1.540982,143.07,20.74,4,30.16,19 / 21,4731110,2019-09-06 20:38:56:853,-0.8669,-1.2916,10.3658,-0.0277,-0.0203,9.8066,0.1376,-0.0123,-0.0616,-14.69,-37.37,-3.69,243.46,-82.58,-175.7
52.38017,-1.540982,143.07,20.74,4,30.16,19 / 21,4731210,2019-09-06 20:38:56:953,0.1409,-0.436,9.5247,-0.0366,-0.0137,9.8066,-0.0908,0.0596,-0.0371,-14.5,-37.37,-3.69,241.97,-82.84,-175.94
52.38017,-1.540982,143.07,20.74,4,30.16,19 / 21,4731309,2019-09-06 20:38:57:052,-1.271,-0.9321,10.1119,0.0075,-0.0026,9.8066,-0.1046,0.0603,-0.0114,-14.5,-37.69,-3.75,241.9,-82.83,-175.54
52.38017,-1.540982,143.07,20.74,4,30.16,20 / 21,4731410,2019-09-06 20:38:57:153,-0.4172,-0.3916,9.4446,-0.0052,0.0029,9.8066,0.0048,0.0201,0.0089,-14.12,-37.25,-3.75,241.97,-82.93,-176.13
52.38017,-1.540982,143.07,20.74,4,30.16,20 / 21,4731510,2019-09-06 20:38:57:253,-0.5952,-1.041,9.5992,-0.0234,-0.0149,9.8065,-0.0156,-0.0676,-0.0227,-14.12,-37.12,-3.06,245.22,-82.96,-176.03
52.38017,-1.540982,143.07,20.74,4,30.16,20 / 21,4731610,2019-09-06 20:38:57:353,-1.3765,-0.8061,10.2364,-0.0163,-0.0124,9.8065,0.0329,0.0086,0.0162,-14.5,-37.19,-3.56,242.37,-83,-175.85
52.38017,-1.540982,143.07,20.74,4,30.16,20 / 21,4731710,2019-09-06 20:38:57:453,0.0462,0.0754,9.7486,0.016,0.0156,9.8065,-0.0207,-0.0253,0.04,-14.62,-37.06,-3.37,246.89,-83.14,-176.45
52.38017,-1.540982,143.07,20.74,4,30.16,20 / 21,4731810,2019-09-06 20:38:57:553,-0.7767,-0.7579,9.6194,0.0297,0.0166,9.8065,0.1155,-0.02,-0.033,-14.25,-37.25,-3.94,241.56,-82.98,-176.73
52.38017,-1.540982,143.07,20.74,4,30.16,20 / 21,4731910,2019-09-06 20:38:57:653,-0.8146,-0.4965,9.4027,-0.0152,-0.0125,9.8066,-0.0687,0.0331,-0.0016,-14.69,-37.44,-4,243.44,-83.15,-176.98
52.38017,-1.540982,143.07,20.74,4,30.16,20 / 21,4732010,2019-09-06 20:38:57:753,-0.4652,-0.5489,9.696,-0.0035,-0.0104,9.8066,0.1831,0.0022,0.0022,-14.69,-37.37,-3.56,243.58,-83.19,-176.91
52.38017,-1.540982,143.07,20.74,4,30.16,20 / 21,4732111,2019-09-06 20:38:57:854,1.4884,-0.2312,10.5062,-0.0354,-0.0174,9.8065,0.2332,-0.1048,0.0149,-14.37,-36.94,-3.87,242.74,-83.33,-176.17
52.38017,-1.540982,143.07,20.74,4,30.16,20 / 21,4732209,2019-09-06 20:38:57:952,-0.8837,-0.0944,9.9657,-0.0417,-0.0218,9.8065,0.1889,-0.0162,-0.0169,-14.56,-37.31,-3.37,247.59,-83.28,-175.97
52.38017,-1.540982,143.07,20.74,4,30.16,20 / 21,4732309,2019-09-06 20:38:58:052,-0.9802,0.0879,10.2111,0.009,0.0041,9.8066,0.0037,0.0781,-0.0164,-14.06,-37.25,-3.5,245.29,-83.11,-176.32
52.38017,-1.540982,143.07,20.74,4,30.16,19 / 21,4732410,2019-09-06 20:38:58:153,0.3343,-0.1964,9.2193,-0.0009,-0.0145,9.8066,-0.0652,-0.0148,-0.0109,-14.44,-37.12,-3.81,242.26,-83.27,-176.59
52.38017,-1.540982,143.07,20.74,4,30.16,19 / 21,4732509,2019-09-06 20:38:58:252,-0.0894,-1.2641,9.7337,-0.0245,-0.017,9.8065,-0.0317,-0.0512,-0.0174,-14.69,-37.06,-3.81,245.3,-83.42,-175.47
52.38017,-1.540982,143.07,20.74,4,30.16,19 / 21,4732610,2019-09-06 20:38:58:353,-0.6392,-0.2933,10.1752,-0.024,-0.0107,9.8066,0.0375,-0.073,0.0422,-14.62,-37.31,-4.12,244.63,-83.4,-176.18
52.38017,-1.540982,143.07,20.74,4,30.16,19 / 21,4732709,2019-09-06 20:38:58:452,-0.3501,-0.3479,9.8709,0.0315,0.0202,9.8065,-0.0833,0.0036,0.0039,-14.56,-37.19,-4.19,244.47,-83.37,-176.29
52.38017,-1.540982,143.07,20.74,4,30.16,19 / 21,4732809,2019-09-06 20:38:58:552,0.8212,0.651,9.9065,0.0046,-0.0018,9.8066,0.0478,-0.036,0.0034,-14.62,-37.25,-4.25,244.3,-83.27,-176.27
52.38017,-1.540982,143.07,20.74,4,30.16,19 / 21,4732910,2019-09-06 20:38:58:653,-0.9575,-0.7559,10.2736,-0.0049,-0.0066,9.8066,0.0631,-0.0004,-0.0551,-14.87,-37.69,-4.06,244.13,-83.41,-176.36
52.38017,-1.540982,143.07,20.74,4,30.16,19 / 21,4733010,2019-09-06 20:38:58:753,-1.1058,-0.9002,10.3877,-0.0215,0.0003,9.8066,0.0114,0.0009,0.0408,-14.87,-37.31,-3.56,244.29,-83.53,-176.85
52.38017,-1.540982,143.07,20.74,4,30.16,19 / 21,4733110,2019-09-06 20:38:58:853,0.3866,0.7786,9.7699,0.0297,0.0135,9.8065,-0.0999,0.0232,-0.073,-14.75,-36.69,-3.87,244.33,-83.39,-176.48
52.38017,-1.540982,143.07,20.74,4,30.16,19 / 21,4733209,2019-09-06 20:38:58:952,-0.6126,-2.4026,10.548,-0.006,0.0049,9.8066,-0.298,0.1222,-0.0454,-14.87,-36.94,-3.81,244.65,-83.67,-176.74
52.38017,-1.540982,143.07,20.74,4,30.16,19 / 21,4733310,2019-09-06 20:38:59:053,1.5965,2.0992,10.4289,0.034,0.0218,9.8065,-0.2086,0.0649,0.0325,-14.62,-37.12,-4.75,240.67,-83.52,-177.68
52.38017,-1.540982,143.07,20.74,4,30.16,19 / 20,4733409,2019-09-06 20:38:59:152,-0.6566,-0.289,8.8795,-0.0033,0.0006,9.8066,0.1458,-0.0376,0.0637,-14.31,-37.37,-4.31,242.25,-83.69,-177.56
52.38017,-1.540982,143.07,20.74,4,30.16,19 / 20,4733510,2019-09-06 20:38:59:253,0.5945,-2.8264,9.762,0.0061,-0.0113,9.8066,0.1249,-0.1635,-0.0275,-14.56,-37.31,-3.5,248.59,-83.66,-175.74
52.38017,-1.540982,143.07,20.74,4,30.16,19 / 20,4733609,2019-09-06 20:38:59:352,-1.7349,1.6215,9.7833,-0.0105,0.0056,9.8066,-0.1776,-0.1095,0.1741,-14.87,-37.19,-4.25,245.57,-83.81,-176.03
52.38017,-1.540982,143.07,20.74,4,30.16,19 / 20,4733710,2019-09-06 20:38:59:453,0.83,0.1887,9.0216,0.0341,0.0349,9.8064,-0.3312,-0.1095,0.1219,-14.37,-36.56,-4.62,241.6,-83.86,-175.28
52.38017,-1.540982,143.07,20.74,4,30.16,19 / 20,4733810,2019-09-06 20:38:59:553,-0.843,-1.4113,10.7304,0.0351,0.0116,9.8066,0.3796,0.0123,-0.0415,-14.19,-37.19,-3.94,244.25,-83.68,-175.28
52.38017,-1.540982,143.07,20.74,4,30.16,19 / 20,4733910,2019-09-06 20:38:59:653,-0.3256,0.0908,10.194,-0.0669,-0.044,9.8063,0.251,-0.0093,-0.0371,-14.5,-37.06,-4.12,245.1,-84.01,-175.1
52.38017,-1.540982,143.07,20.74,4,30.16,19 / 20,4734010,2019-09-06 20:38:59:753,-0.706,-0.8321,10.4292,-0.0714,-0.0507,9.8062,-0.0132,-0.0227,0.0183,-14.25,-37.06,-3.94,245.55,-84.04,-174.65
52.38017,-1.540982,143.07,20.74,4,30.16,19 / 20,4734110,2019-09-06 20:38:59:853,0.7647,0.9399,9.635,0.0066,0.0053,9.8066,0.0213,0.0157,-0.0127,-14.75,-37.19,-4.31,246.89,-83.93,-174.83
52.38017,-1.540982,143.07,20.74,4,30.16,19 / 20,4734210,2019-09-06 20:38:59:953,-0.6519,-0.3122,10.5058,0.0153,0.0107,9.8066,0.0391,0.0103,0.0156,-14.44,-37.12,-4.31,244.94,-83.86,-174.93
52.38017,-1.540982,143.07,20.74,4,30.16,19 / 20,4734310,2019-09-06 20:39:00:053,0.4833,-0.7273,10.3044,0.0102,0.0135,9.8066,0.0676,0.0286,-0.0189,-14.25,-37.06,-3.75,245.4,-84.06,-174.87
52.38017,-1.540982,143.07,20.74,4,30.16,19 / 21,4734409,2019-09-06 20:39:00:152,-0.3654,-0.3335,9.1508,0.0251,0.0269,9.8066,0.0113,-0.0048,-0.027,-14.31,-37.12,-3.87,243.29,-83.84,-176.73
52.38017,-1.540982,143.07,20.74,4,30.16,19 / 21,4734510,2019-09-06 20:39:00:253,-0.3665,-0.0114,9.3841,-0.0224,-0.0121,9.8066,-0.0844,0.0226,-0.0316,-14.31,-37,-4.44,243.27,-83.96,-177.04
52.38017,-1.540982,143.07,20.74,4,30.16,19 / 21,4734609,2019-09-06 20:39:00:352,-0.2386,-0.0935,9.6908,-0.0253,-0.0217,9.8065,0.2634,-0.009,-0.0143,-14.31,-37.44,-4.56,240.12,-84.02,-177.31
52.38017,-1.540982,143.07,20.74,4,30.16,19 / 21,4734709,2019-09-06 20:39:00:452,0.6473,0.6068,10.0817,-0.0218,-0.0109,9.8066,0.1346,0.0017,-0.0133,-14.37,-37,-3.75,242.5,-83.98,-177.96
52.38017,-1.540982,143.07,20.74,4,30.16,19 / 21,4734809,2019-09-06 20:39:00:552,0.5385,0.0749,9.7298,-0.0373,-0.0247,9.8065,-0.0666,-0.0212,0.0264,-14.19,-37.44,-3.87,243.05,-84.16,-177.74
52.38017,-1.540982,143.07,20.74,4,30.16,19 / 21,4734909,2019-09-06 20:39:00:652,0.9903,0.3645,9.357,0.0083,0.0051,9.8066,-0.034,-0.0396,0.0439,-14.5,-37.06,-3.62,243.19,-84.16,-177.59
52.38017,-1.540982,143.07,20.74,4,30.16,19 / 21,4735010,2019-09-06 20:39:00:753,-0.7931,-0.2353,8.9796,0.038,0.0112,9.8065,-0.0208,-0.0568,0.0198,-13.94,-37,-4.37,243.56,-84.03,-176.87
52.38017,-1.540982,143.07,20.74,4,30.16,19 / 21,4735110,2019-09-06 20:39:00:853,-0.321,-0.0039,9.6012,-0.0314,-0.0177,9.8066,-0.016,-0.0318,0.012,-14.62,-36.62,-4,245.4,-84.23,-177.15
52.38017,-1.540982,143.07,20.74,4,30.16,19 / 21,4735210,2019-09-06 20:39:00:953,0.2086,-0.0121,9.9976,-0.0149,-0.0142,9.8065,0.0561,-0.062,0.0122,-14.25,-37.19,-4.19,243.93,-84.1,-176.61
52.38017,-1.540982,143.07,20.74,4,30.16,19 / 21,4735310,2019-09-06 20:39:01:053,-0.4113,-1.73,10.8252,0.0576,0.0167,9.8064,-0.2197,-0.0778,0.071,-14.31,-36.94,-4.25,244.32,-83.8,-175.47
52.38017,-1.540982,143.07,20.74,4,30.16,20 / 21,4735410,2019-09-06 20:39:01:153,-0.3775,2.199,9.3967,0.0152,-0.0121,9.8066,0.1774,-0.1621,0.1276,-14.75,-37.25,-4.37,246.83,-83.94,-174.93
52.38017,-1.540982,143.07,20.74,4,30.16,20 / 21,4735509,2019-09-06 20:39:01:252,0.7696,0.8056,8.875,-0.0194,-0.0154,9.8066,-0.2448,-0.1252,0.0632,-15.19,-36.69,-4.06,248.45,-83.92,-173.07
52.38017,-1.540982,143.07,20.74,4,30.16,20 / 21,4735610,2019-09-06 20:39:01:353,0.5972,-0.5296,10.6141,-0.0193,-0.0263,9.8065,0.1618,0.0646,0.0575,-14.94,-36.5,-4.31,251.02,-84.03,-170.9
52.38017,-1.540982,143.07,20.74,4,30.16,20 / 21,4735709,2019-09-06 20:39:01:452,0.9952,0.3303,10.0341,-0.0356,-0.0313,9.8065,0.2673,0.0036,0.0169,-14.87,-36.87,-4.25,253.67,-84.32,-168.34
52.38017,-1.540982,143.07,20.74,4,30.16,20 / 21,4735810,2019-09-06 20:39:01:553,0.7289,0.8731,10.1461,-0.022,-0.019,9.8065,-0.1078,-0.0206,0.0005,-15,-36.56,-4.44,253.39,-84.12,-168.17
52.38017,-1.540982,143.07,20.74,4,30.16,20 / 21,4735909,2019-09-06 20:39:01:652,0.7522,-0.7598,10.1599,0.0509,0.0334,9.8064,-0.0708,-0.0101,0.0226,-14.87,-36.56,-4.44,250.77,-83.74,-170.12
52.38017,-1.540982,143.07,20.74,4,30.16,20 / 21,4736010,2019-09-06 20:39:01:753,-1.3018,-0.1114,9.9164,0.0227,0.0272,9.8065,0.0319,-0.0117,0.0245,-14.44,-36.94,-4.31,248.62,-83.87,-170.83
52.38017,-1.540982,143.07,20.74,4,30.16,20 / 21,4736109,2019-09-06 20:39:01:852,-2.1048,-0.532,9.6995,-0.0524,-0.0191,9.8065,0.0663,-0.1537,-0.0193,-14.37,-37.44,-4,247.76,-83.86,-171.76
52.38017,-1.540982,143.07,20.74,4,30.16,20 / 21,4736210,2019-09-06 20:39:01:953,-0.4905,1.8902,10.5644,-0.061,-0.0124,9.8064,0.2917,0.0571,0.0138,-15,-37,-3.87,248.76,-84.14,-173.23
52.38017,-1.540982,143.07,20.74,4,30.16,20 / 21,4736309,2019-09-06 20:39:02:052,2.4014,2.174,9.8251,0.0182,0.0176,9.8066,0.0913,0.0243,-0.0214,-14.62,-37.06,-4,248.2,-84.02,-173.58
52.38148,-1.53971,144.46,17.25,4,30.64,20 / 21,4736409,2019-09-06 20:39:02:152,1.6575,1.2996,9.9516,0.0206,0.0216,9.8065,0.1296,-0.0225,0.0364,-14.44,-37.19,-3.87,247.55,-84.32,-173.11
52.38148,-1.53971,144.46,17.25,4,30.64,20 / 21,4736510,2019-09-06 20:39:02:253,0.0319,-0.2907,9.595,0.0131,0.0238,9.8066,0.0557,-0.035,0.0419,-14.31,-37.25,-4,246.41,-84.28,-174.28
52.38148,-1.53971,144.46,17.25,4,30.64,20 / 21,4736610,2019-09-06 20:39:02:353,-0.6744,0.0023,10.2923,0.0079,-0.0105,9.8066,0.029,0.0219,-0.011,-14.19,-37,-4.37,247.61,-84.21,-172.77
52.38148,-1.53971,144.46,17.25,4,30.64,20 / 21,4736710,2019-09-06 20:39:02:453,0.5126,0.7778,8.9001,0.0104,0.0021,9.8065,-0.1733,-0.0413,0.0495,-15.12,-37.19,-4.44,249.49,-84.12,-172.4
52.38148,-1.53971,144.46,17.25,4,30.64,20 / 21,4736809,2019-09-06 20:39:02:552,-1.8075,-2.1939,8.6415,0.0057,-0.0169,9.8066,-0.4524,-0.0323,-0.0148,-14.75,-37.44,-4.69,246.86,-84.08,-171.94
52.38148,-1.53971,144.46,17.25,4,30.64,20 / 21,4736910,2019-09-06 20:39:02:653,-1.7574,2.178,10.8377,0.0551,0.0241,9.8064,0.7197,-0.0475,0.0425,-14.56,-37.12,-3.69,250.12,-83.79,-170.94
52.38148,-1.53971,144.46,17.25,4,30.64,20 / 21,4737010,2019-09-06 20:39:02:753,0.6612,-0.7986,11.1352,-0.1124,-0.0609,9.8058,0.6383,-0.1695,0.0689,-15.12,-37.37,-2.75,254.75,-84.25,-170.44
52.38148,-1.53971,144.46,17.25,4,30.64,20 / 21,4737110,2019-09-06 20:39:02:853,-1.0993,-0.9238,10.423,-0.1112,-0.0577,9.8058,-0.1289,0.0669,-0.0019,-15.12,-37.5,-3.37,253.94,-83.94,-170.56
52.38148,-1.53971,144.46,17.25,4,30.64,20 / 21,4737210,2019-09-06 20:39:02:953,0.448,0.5603,9.0515,0.0538,0.0378,9.8064,-0.0425,0.0115,0.0164,-14.37,-37.19,-3.75,247.07,-83.87,-172.56
52.38148,-1.53971,144.46,17.25,4,30.64,20 / 21,4737309,2019-09-06 20:39:03:052,-1.4247,0.9923,9.8005,0.0226,0.0104,9.8066,-0.1567,-0.0676,0.0122,-14.81,-36.87,-3.37,251.26,-83.72,-172.96
52.38148,-1.53971,144.46,17.25,4,30.64,20 / 21,4737409,2019-09-06 20:39:03:152,1.5087,-0.3836,9.2266,0.0068,0.0003,9.8066,-0.0329,0.0554,0.0393,-14.94,-37.19,-4.25,249.27,-84.03,-172.43
52.38148,-1.53971,144.46,17.25,4,30.64,20 / 21,4737510,2019-09-06 20:39:03:253,0.9171,-2.2552,10.6803,0.0147,-0.013,9.8066,0.1973,-0.0158,0.0725,-15.37,-37.44,-3.56,251.46,-84.04,-170.06
52.38148,-1.53971,144.46,17.25,4,30.64,20 / 21,4737610,2019-09-06 20:39:03:353,-0.247,1.9181,9.8791,0.0392,0.0256,9.8065,-0.1024,-0.1275,-0.0739,-15.31,-36.87,-3.5,253.3,-83.76,-170.83
52.38148,-1.53971,144.46,17.25,4,30.64,20 / 21,4737710,2019-09-06 20:39:03:453,-1.159,0.9162,8.9271,-0.0265,-0.0069,9.8065,-0.2359,0.0223,0.0614,-15.06,-37.31,-3.62,250.14,-83.59,-170.47
52.38148,-1.53971,144.46,17.25,4,30.64,20 / 21,4737810,2019-09-06 20:39:03:553,1.0269,-1.9119,10.6428,0.0213,0.0073,9.8066,-0.0458,0.0598,-0.0408,-14.87,-37.31,-3.94,250.88,-83.78,-170.09
52.38148,-1.53971,144.46,17.25,4,30.64,20 / 21,4737909,2019-09-06 20:39:03:652,-0.4018,0.5455,9.4418,0.0015,0.015,9.8066,-0.02,0.0987,-0.0773,-15.19,-36.87,-3.37,253.73,-83.9,-170.69
52.38148,-1.53971,144.46,17.25,4,30.64,20 / 21,4738010,2019-09-06 20:39:03:753,-2.2838,-1.0322,8.6753,-0.0448,-0.0242,9.8064,0.4281,-0.0164,-0.1136,-14.94,-36.81,-4.06,251.67,-84.12,-170.02
52.38148,-1.53971,144.46,17.25,4,30.64,20 / 21,4738110,2019-09-06 20:39:03:853,-0.751,-1.8249,8.335,-0.0177,-0.0185,9.8066,0.0043,0.0556,-0.017,-14.62,-37.62,-4.44,250.04,-84.02,-171.19
52.38148,-1.53971,144.46,17.25,4,30.64,20 / 21,4738210,2019-09-06 20:39:03:953,-1.5763,-1.3079,11.8961,-0.0929,-0.027,9.8061,0.2821,0.0182,-0.1295,-14.69,-37.37,-3.75,248.95,-83.55,-171.7
52.38148,-1.53971,144.46,17.25,4,30.64,20 / 21,4738309,2019-09-06 20:39:04:052,-0.3962,-0.6335,9.4466,-0.1091,-0.0673,9.8058,0.352,-0.001,-0.0539,-14,-37.56,-3.44,250.67,-84.18,-172.55
52.38148,-1.53971,144.46,17.25,4,30.64,20 / 21,4738409,2019-09-06 20:39:04:152,-0.7038,0.3401,10.1353,0.0432,0.0237,9.8065,-0.2927,-0.0443,0.0614,-15,-37.75,-3.37,252.4,-83.73,-171.32
52.38148,-1.53971,144.46,17.25,4,30.64,20 / 21,4738510,2019-09-06 20:39:04:253,-0.2944,0.3584,10.1009,-0.0141,0.0042,9.8066,-0.1763,-0.0279,-0.0751,-15.06,-37.06,-4.44,250.33,-84.11,-171.47
52.38148,-1.53971,144.46,17.25,4,30.64,20 / 21,4738609,2019-09-06 20:39:04:352,0.4635,-0.3617,9.7357,0.0416,0.0327,9.8065,-0.0139,0.0574,-0.0308,-14.87,-37.5,-3.94,249.06,-83.94,-172.46
52.38148,-1.53971,144.46,17.25,4,30.64,20 / 21,4738709,2019-09-06 20:39:04:452,-0.9212,-0.7352,9.8864,0.0301,0.0245,9.8066,-0.099,-0.0177,-0.0296,-14.62,-37.31,-4.06,248.23,-83.98,-173.47
52.38148,-1.53971,144.46,17.25,4,30.64,20 / 21,4738810,2019-09-06 20:39:04:553,0.4065,-0.7894,10.439,-0.0264,-0.0083,9.8065,0.1259,-0.0539,0.0048,-14.44,-37.5,-4.06,245.39,-83.98,-174.71
52.38148,-1.53971,144.46,17.25,4,30.64,20 / 21,4738910,2019-09-06 20:39:04:653,0.9237,1.4511,9.9266,-0.0436,-0.0071,9.8065,0.169,0.044,-0.0643,-14.25,-37.06,-4.06,244.49,-84.17,-176.15
52.38148,-1.53971,144.46,17.25,4,30.64,20 / 21,4739010,2019-09-06 20:39:04:753,-0.1731,0.2222,9.2975,0.0158,-0.0021,9.8066,-0.0565,-0.0326,0.0654,-14.12,-36.81,-4.12,244.37,-84.02,-175.93
52.38148,-1.53971,144.46,17.25,4,30.64,20 / 21,4739110,2019-09-06 20:39:04:853,-0.2349,-0.3068,9.4044,0.0093,0.0121,9.8066,-0.1044,-0.0167,-0.0143,-14.25,-37.37,-3.87,244.42,-84.06,-175.97
52.38148,-1.53971,144.46,17.25,4,30.64,20 / 21,4739210,2019-09-06 20:39:04:953,-0.9155,0.4833,9.9807,0.0067,-0.0013,9.8066,0.0395,-0.0426,0.0957,-14.25,-37.06,-4,244.94,-84.19,-175.7
52.38148,-1.53971,144.46,17.25,4,30.64,20 / 21,4739310,2019-09-06 20:39:05:053,-0.142,0.1328,9.9897,-0.002,-0.0044,9.8066,-0.0483,0.0356,-0.0166,-13.94,-36.44,-3.94,245.34,-84.1,-175.41
52.38148,-1.53971,144.46,17.25,4,30.64,19 / 21,4739410,2019-09-06 20:39:05:153,-0.1572,-0.7349,11.0171,0.005,0.004,9.8066,0.03,-0.0128,-0.0098,-14.81,-37.06,-3.69,246.71,-83.88,-174.92
52.38148,-1.53971,144.46,17.25,4,30.64,19 / 21,4739510,2019-09-06 20:39:05:253,-0.8058,-0.6731,10.2906,0.0092,0.0143,9.8066,-0.1203,-0.0158,0.0039,-14.25,-36.81,-3.81,243.72,-83.68,-175.87
52.38148,-1.53971,144.46,17.25,4,30.64,19 / 21,4739610,2019-09-06 20:39:05:353,-0.6676,-0.0872,9.766,-0.0005,0.0029,9.8066,-0.0048,0.0053,-0.0176,-14.81,-36.62,-3.37,247.43,-83.61,-176.93
52.38148,-1.53971,144.46,17.25,4,30.64,19 / 21,4739709,2019-09-06 20:39:05:452,0.0544,-0.5981,9.2501,-0.0429,-0.0235,9.8064,-0.0386,-0.0505,0.0464,-13.69,-37.06,-3.62,243.07,-83.71,-176.69
52.38148,-1.53971,144.46,17.25,4,30.64,19 / 21,4739810,2019-09-06 20:39:05:553,-0.0416,-0.6473,9.88,-0.044,-0.0348,9.8064,0.0221,0.0398,-0.0078,-14.87,-37,-4.37,246.51,-84.2,-175.84
52.38148,-1.53971,144.46,17.25,4,30.64,19 / 21,4739910,2019-09-06 20:39:05:653,-0.4103,-0.1316,10.3934,-0.0378,-0.0354,9.8065,0.1715,0.0015,0.0338,-14.37,-37.19,-3.94,245.75,-84.25,-174.92
52.38148,-1.53971,144.46,17.25,4,30.64,19 / 21,4740009,2019-09-06 20:39:05:752,0.8481,0.5982,9.0758,0.0567,0.0369,9.8063,-0.2374,0.0056,-0.015,-15.06,-37.06,-4.06,247.16,-84.17,-175.06
52.38148,-1.53971,144.46,17.25,4,30.64,19 / 21,4740109,2019-09-06 20:39:05:852,-0.6414,-0.5288,9.2351,0.0532,0.0233,9.8064,-0.2602,-0.0111,0.0603,-14.56,-37,-4,246.51,-83.77,-174.89
52.38148,-1.53971,144.46,17.25,4,30.64,19 / 21,4740210,2019-09-06 20:39:05:953,0.6063,-0.3283,9.396,-0.0125,-0.0045,9.8066,0.2129,0.0282,-0.0745,-15.19,-37,-3.5,250.99,-83.93,-173.74
52.38148,-1.53971,144.46,17.25,4,30.64,19 / 21,4740309,2019-09-06 20:39:06:052,0.0148,-0.09,10.4808,0.0134,0.0146,9.8066,0.0389,-0.0106,-0.0037,-14.81,-36.56,-4.56,244.02,-83.89,-174.67
52.38148,-1.53971,144.46,17.25,4,30.64,19 / 20,4740410,2019-09-06 20:39:06:153,-0.0768,-0.5195,9.9236,-0.0423,-0.0106,9.8065,0.1461,-0.0018,0.008,-14.87,-36.56,-4.31,246.2,-83.98,-175.7
52.38148,-1.53971,144.46,17.25,4,30.64,19 / 20,4740509,2019-09-06 20:39:06:252,0.3421,-0.9247,9.6831,-0.0343,-0.0106,9.8065,-0.0539,-0.0148,-0.0771,-14.69,-37.25,-3.87,245.05,-83.92,-176.84
52.38148,-1.53971,144.46,17.25,4,30.64,19 / 20,4740609,2019-09-06 20:39:06:352,0.0028,0.5772,9.8906,-0.0155,0.0065,9.8066,0.0717,-0.0013,0.0219,-14.12,-37.75,-3.75,242.77,-83.88,-177.02
52.38148,-1.53971,144.46,17.25,4,30.64,19 / 20,4740710,2019-09-06 20:39:06:453,0.6349,0.1995,9.2498,0.0065,-0.007,9.8066,-0.1388,0.0095,0.0259,-14.94,-37.37,-3.56,244.66,-83.99,-177.43
52.38148,-1.53971,144.46,17.25,4,30.64,19 / 20,4740809,2019-09-06 20:39:06:552,0.3593,0.362,9.5039,0.0185,-0.0046,9.8066,-0.164,-0.0155,0.0389,-14.81,-37.06,-4.25,246.5,-83.97,-175.35
52.38148,-1.53971,144.46,17.25,4,30.64,19 / 20,4740910,2019-09-06 20:39:06:653,0.1855,0.0372,10.1712,-0.0077,-0.0114,9.8066,0.1012,-0.0541,0.0603,-14.69,-36.75,-3.69,248.43,-84.09,-173.49
52.38148,-1.53971,144.46,17.25,4,30.64,19 / 20,4741009,2019-09-06 20:39:06:752,-0.8599,-0.4878,9.7572,-0.0089,-0.0257,9.8065,0.0242,0.0257,-0.0146,-15,-37.06,-4,250.64,-84.16,-171.23
52.38148,-1.53971,144.46,17.25,4,30.64,19 / 20,4741110,2019-09-06 20:39:06:853,0.2353,-1.0579,10.4923,-0.0058,-0.0125,9.8066,0.0587,0.0279,0.0138,-15,-37.06,-4.37,250.88,-84.03,-170.68
52.38148,-1.53971,144.46,17.25,4,30.64,19 / 20,4741210,2019-09-06 20:39:06:953,1.5036,-0.0852,11.0296,0.0105,0.0185,9.8066,0.1031,-0.0268,-0.0461,-15,-37.06,-3.25,253.73,-83.95,-170.82
52.38148,-1.53971,144.46,17.25,4,30.64,19 / 20,4741309,2019-09-06 20:39:07:052,0.5209,1.5494,9.9258,-0.0262,0.0137,9.8066,0.2148,0.0103,-0.0736,-14.31,-37.69,-3.62,245.71,-83.95,-173.87
52.38148,-1.53971,144.46,17.25,4,30.64,19 / 21,4741410,2019-09-06 20:39:07:153,0.2878,-0.0508,9.4611,0.0207,0.0321,9.8065,-0.3056,0.0293,-0.0643,-14.5,-37.31,-3.37,246.23,-83.85,-177.04
52.38148,-1.53971,144.46,17.25,4,30.64,19 / 21,4741510,2019-09-06 20:39:07:253,-0.2468,-0.3592,9.12,0.0183,0.0287,9.8066,0.0414,0.0832,-0.1053,-14.19,-37.31,-3.37,244.41,-84.03,-179.53
52.38148,-1.53971,144.46,17.25,4,30.64,19 / 21,4741609,2019-09-06 20:39:07:352,-0.3992,-0.099,9.9043,-0.0431,-0.0154,9.8065,0.1068,0.0126,-0.0001,-13.81,-37.44,-3.25,243.82,-84.08,179.68
52.38148,-1.53971,144.46,17.25,4,30.64,19 / 21,4741710,2019-09-06 20:39:07:453,-0.5583,0.2403,9.4306,0.0176,0.0068,9.8066,-0.0117,-0.0525,0.0641,-14.06,-36.87,-3.56,240.24,-84.23,178.93
52.38148,-1.53971,144.46,17.25,4,30.64,19 / 21,4741809,2019-09-06 20:39:07:552,-0.3399,-0.2235,10.5252,0.0116,-0.0109,9.8066,0.0037,0.0349,-0.0198,-13.94,-37.06,-3.62,241.6,-84.06,-179.16
52.38148,-1.53971,144.46,17.25,4,30.64,19 / 21,4741909,2019-09-06 20:39:07:652,-0.9288,0.1021,10.4637,0.0034,0.0034,9.8066,0.0698,-0.0465,0.0427,-14.25,-37.37,-3.5,244.95,-84.04,-178.94
52.38148,-1.53971,144.46,17.25,4,30.64,19 / 21,4742009,2019-09-06 20:39:07:752,0.6531,0.1954,9.2854,-0.001,0.0039,9.8066,-0.0272,-0.0302,-0.0455,-14.44,-37.31,-3.25,244.75,-83.9,-178.83
52.38148,-1.53971,144.46,17.25,4,30.64,19 / 21,4742110,2019-09-06 20:39:07:853,0.3757,-0.5652,9.8755,-0.0083,-0.0068,9.8066,0.0652,-0.0277,0.0315,-13.87,-37.81,-3.25,244.48,-83.96,-178.88
52.38148,-1.53971,144.46,17.25,4,30.64,19 / 21,4742210,2019-09-06 20:39:07:953,0.514,0.9413,9.7071,0.0032,-0.0018,9.8066,0.0187,0.0528,-0.0686,-13.87,-37.56,-3.56,241.13,-84.05,-179.3
52.38148,-1.53971,144.46,17.25,4,30.64,19 / 21,4742310,2019-09-06 20:39:08:053,-0.0947,0.8221,9.7447,0.0273,0.0264,9.8065,-0.0418,-0.0786,0.0367,-13.87,-37.37,-4.5,240.97,-84.12,-180
52.38148,-1.53971,144.46,17.25,4,30.64,19 / 21,4742410,2019-09-06 20:39:08:153,-0.5992,-0.6159,10.0289,-0.0041,0.0105,9.8066,-0.1369,-0.102,0.0725,-13.75,-37.31,-4,240.26,-84.15,179.12
52.38148,-1.53971,144.46,17.25,4,30.64,19 / 21,4742509,2019-09-06 20:39:08:252,-1.6494,-1.5719,10.067,0.0537,0.006,9.8065,0.2877,0.0789,0.0264,-14.37,-37.25,-3.31,244.18,-83.87,-179.41
52.38148,-1.53971,144.46,17.25,4,30.64,19 / 21,4742609,2019-09-06 20:39:08:352,0.2047,1.2782,9.5671,-0.0219,-0.0431,9.8064,0.1335,0.0053,0.0707,-13.94,-37.12,-2.75,246.24,-83.89,-177.14
52.38148,-1.53971,144.46,17.25,4,30.64,19 / 21,4742710,2019-09-06 20:39:08:453,-0.8375,-1.1785,9.2141,0.0119,-0.0116,9.8066,-0.108,0.0228,0.0018,-14.12,-36.75,-3.06,248.45,-83.82,-174.5
52.38148,-1.53971,144.46,17.25,4,30.64,19 / 21,4742809,2019-09-06 20:39:08:552,-0.2392,0.4322,8.7002,-0.0391,-0.0182,9.8065,-0.0265,0.0307,0.0404,-14.62,-36.69,-3.75,247.19,-83.66,-173.89
52.38148,-1.53971,144.46,17.25,4,30.64,19 / 21,4742910,2019-09-06 20:39:08:653,1.3133,0.5291,10.134,0.0084,0.013,9.8066,0.2142,0.0194,-0.0424,-14.62,-37.62,-3.81,247.23,-83.9,-174.01
52.38148,-1.53971,144.46,17.25,4,30.64,19 / 21,4743010,2019-09-06 20:39:08:753,2.0921,1.6528,9.5869,-0.0449,-0.0219,9.8065,0.1992,0.0369,-0.0288,-14.37,-37.62,-3.44,246.85,-83.96,-176.22
52.38148,-1.53971,144.46,17.25,4,30.64,19 / 21,4743110,2019-09-06 20:39:08:853,1.2809,1.0266,10.2199,-0.0639,-0.0392,9.8063,-0.1422,0.0112,-0.0108,-14.12,-37,-3.37,246.77,-84.01,-176.83
52.38148,-1.53971,144.46,17.25,4,30.64,19 / 21,4743210,2019-09-06 20:39:08:953,0.4419,-0.5804,10.8459,0.0299,0.0204,9.8065,0.0256,0.0738,-0.0313,-14.44,-37,-3.75,242.83,-83.98,-177.58
52.38148,-1.53971,144.46,17.25,4,30.64,19 / 21,4743309,2019-09-06 20:39:09:052,-0.0961,0.6206,9.7996,0.0123,0.0164,9.8066,-0.0147,0.034,-0.0325,-14,-37.12,-3.56,241.97,-84,-178.59
52.38148,-1.53971,144.46,17.25,4,30.64,19 / 21,4743410,2019-09-06 20:39:09:153,-0.3077,-0.2135,9.5233,0.0175,0.0004,9.8066,-0.1348,-0.0153,0.0121,-14.31,-36.94,-3,245.63,-83.86,-177.74
52.38148,-1.53971,144.46,17.25,4,30.64,19 / 21,4743509,2019-09-06 20:39:09:252,-0.5136,-0.7074,10.369,0.0092,0.0043,9.8066,0.0171,0.0434,0.0014,-14.37,-37.37,-2.62,246.1,-83.78,-177.02
52.38148,-1.53971,144.46,17.25,4,30.64,19 / 21,4743610,2019-09-06 20:39:09:353,0.7681,-0.5912,9.671,0.0069,-0.0034,9.8066,0.0038,-0.0687,0.0306,-14.56,-37.12,-3.31,248.05,-83.82,-176.72
52.38148,-1.53971,144.46,17.25,4,30.64,19 / 21,4743710,2019-09-06 20:39:09:453,0.4015,1.4421,8.918,-0.0211,-0.0076,9.8066,-0.1923,-0.091,0.0873,-14.25,-37.62,-3.62,243.5,-83.99,-176.46
52.38148,-1.53971,144.46,17.25,4,30.64,19 / 21,4743810,2019-09-06 20:39:09:553,0.2691,2.1856,9.782,0.0173,0.0019,9.8066,-0.0885,0.1356,-0.0864,-13.87,-37.19,-3.69,242.68,-83.98,-177.74
52.38148,-1.53971,144.46,17.25,4,30.64,19 / 21,4743909,2019-09-06 20:39:09:652,2.7406,0.6214,9.8234,0.0354,0.0376,9.8065,0.0916,-0.1395,0.0944,-14.19,-37.31,-3.06,245.15,-83.89,-178.35
52.38148,-1.53971,144.46,17.25,4,30.64,19 / 21,4744009,2019-09-06 20:39:09:752,-0.4504,-0.7658,9.3166,-0.0175,-0.0061,9.8066,-0.078,-0.0686,-0.0893,-14.06,-37.75,-2.81,245.48,-83.56,-176.77
52.38148,-1.53971,144.46,17.25,4,30.64,19 / 21,4744109,2019-09-06 20:39:09:852,0.4939,-0.1539,9.5998,0.0001,-0.015,9.8065,0.0528,0.1038,0.0947,-14.5,-36.94,-2.94,245.51,-83.64,-177.35
52.38148,-1.53971,144.46,17.25,4,30.64,19 / 21,4744209,2019-09-06 20:39:09:952,-0.1879,-0.5268,9.4504,-0.0072,-0.0205,9.8066,0.0136,-0.0662,-0.0505,-14.44,-36.87,-3.69,245.04,-83.89,-174.89
52.38148,-1.53971,144.46,17.25,4,30.64,19 / 21,4744309,2019-09-06 20:39:10:052,-0.8587,0.5971,10.0295,-0.0125,-0.0003,9.8066,0.0333,-0.0648,0.0973,-14.19,-37.06,-3.56,244.87,-83.93,-175.17
52.38148,-1.53971,144.46,17.25,4,30.64,20 / 21,4744409,2019-09-06 20:39:10:152,0.7491,0.519,9.9928,-0.0088,-0.0152,9.8066,0.12,0.038,-0.0315,-14.56,-36.75,-3.12,249.07,-83.8,-175.53
52.38148,-1.53971,144.46,17.25,4,30.64,20 / 21,4744510,2019-09-06 20:39:10:253,1.2589,0.2931,9.5078,-0.0137,-0.01,9.8065,-0.106,0.0927,0.0194,-14.81,-36.87,-3,249.9,-83.76,-174.52
52.38148,-1.53971,144.46,17.25,4,30.64,20 / 21,4744609,2019-09-06 20:39:10:352,0.0678,0.641,10.4208,0.0373,0.0051,9.8065,-0.1228,0.0504,0.0455,-14.44,-37,-3.56,245.98,-83.6,-173.14
52.38148,-1.53971,144.46,17.25,4,30.64,20 / 21,4744710,2019-09-06 20:39:10:453,-0.0309,0.9238,10.3875,0.0389,0.0128,9.8065,0.1401,-0.0401,0.0739,-14.81,-37.44,-3.25,251.72,-83.57,-172.08
52.38148,-1.53971,144.46,17.25,4,30.64,20 / 21,4744809,2019-09-06 20:39:10:552,1.413,0.7836,10.3506,0.0316,-0.0041,9.8065,-0.0378,0.0129,-0.0657,-15.31,-36.87,-3.37,252.53,-83.42,-170.84
52.38148,-1.53971,144.46,17.25,4,30.64,20 / 21,4744909,2019-09-06 20:39:10:652,0.1739,0.1051,9.9437,-0.0062,0.0071,9.8066,0.0725,-0.044,0.0453,-14.37,-37.19,-3.31,250.75,-83.45,-171.02
52.38148,-1.53971,144.46,17.25,4,30.64,20 / 21,4745013,2019-09-06 20:39:10:756,1.3792,-0.6284,9.6932,-0.0049,-0.0129,9.8066,0.0229,0.0679,-0.0427,-15.19,-36.81,-2.81,252.5,-83.41,-170.84
52.38148,-1.53971,144.46,17.25,4,30.64,20 / 21,4745110,2019-09-06 20:39:10:853,0.8584,0.0956,10.5544,0.012,-0.0072,9.8066,-0.019,0.0891,-0.0195,-14.75,-37.12,-2.94,253.27,-83.41,-170
52.38148,-1.53971,144.46,17.25,4,30.64,20 / 21,4745210,2019-09-06 20:39:10:953,-1.6186,-0.3144,9.9504,0.0298,0.001,9.8065,-0.0738,-0.0268,0.0733,-15.19,-37.44,-3.06,252.59,-83.18,-170.21
52.38148,-1.53971,144.46,17.25,4,30.64,20 / 21,4745310,2019-09-06 20:39:11:053,0.3646,0.5972,9.0809,0.0118,-0.006,9.8066,-0.0204,-0.042,0.0217,-15.31,-37.06,-2.69,254.15,-83.04,-168.17
52.382576,-1.538654,146.95,15.38,4,30.66,20 / 21,4745410,2019-09-06 20:39:11:153,0.7934,0.8246,9.4171,-0.006,-0.0214,9.8066,-0.0337,-0.0158,0.0162,-15.19,-36.62,-3.31,255.64,-83.07,-166.62
52.382576,-1.538654,146.95,15.38,4,30.66,20 / 21,4745510,2019-09-06 20:39:11:253,0.964,0.2538,9.3119,-0.0242,-0.0244,9.8065,-0.1541,0.0338,-0.0579,-15.56,-36.5,-2.75,259.49,-83.27,-165.11
52.382576,-1.538654,146.95,15.38,4,30.66,20 / 21,4745610,2019-09-06 20:39:11:353,1.305,0.4171,9.7241,0.0284,0.0181,9.8065,0.0278,0.0316,0.0397,-15.25,-36.81,-3.5,256.97,-83.16,-165.39
52.382576,-1.538654,146.95,15.38,4,30.66,20 / 21,4745710,2019-09-06 20:39:11:453,0.5417,0.2234,10.139,0.0178,0.0149,9.8065,-0.025,0.0194,-0.052,-15.25,-36.75,-2.87,256.57,-83.11,-165.71
52.382576,-1.538654,146.95,15.38,4,30.66,20 / 21,4745810,2019-09-06 20:39:11:553,0.3433,0.5252,9.971,0.0191,0.0098,9.8065,0.0173,-0.0285,-0.076,-15.06,-37,-3.44,255.01,-82.92,-166.92
52.382576,-1.538654,146.95,15.38,4,30.66,20 / 21,4745910,2019-09-06 20:39:11:653,-0.4021,0.9885,9.7162,0.0252,0.0197,9.8065,0.0242,-0.0465,0.1353,-14.81,-36.56,-2.87,253.93,-82.81,-167.83
52.382576,-1.538654,146.95,15.38,4,30.66,20 / 21,4746010,2019-09-06 20:39:11:753,-1.019,-0.3732,10.3729,-0.0273,-0.0263,9.8065,0.0844,-0.0985,-0.0268,-15.56,-37.25,-2.94,255.21,-82.77,-168.12
52.382576,-1.538654,146.95,15.38,4,30.66,20 / 21,4746109,2019-09-06 20:39:11:852,0.7372,0.2795,9.3085,-0.0124,-0.0035,9.8065,0.0401,0.0005,0.0147,-15.12,-38,-3.06,254.05,-82.82,-167.26
52.382576,-1.538654,146.95,15.38,4,30.66,20 / 21,4746209,2019-09-06 20:39:11:952,-1.6927,-0.3894,10.7574,0.0082,-0.0008,9.8066,-0.0412,0.0021,-0.0537,-15.19,-36.94,-3.06,253.42,-82.86,-168.52
52.382576,-1.538654,146.95,15.38,4,30.66,20 / 21,4746309,2019-09-06 20:39:12:052,-0.0457,-0.2948,10.8745,-0.0391,0.0083,9.8065,-0.0276,-0.0523,0.0385,-14.75,-37.44,-3,252.45,-82.96,-169.82
52.382576,-1.538654,146.95,15.38,4,30.66,20 / 21,4746409,2019-09-06 20:39:12:152,-0.2504,0.9815,9.8912,0.0471,0.0298,9.8065,-0.1072,0.0334,-0.0848,-14.81,-37.31,-2.75,250.29,-82.64,-171.46
52.382576,-1.538654,146.95,15.38,4,30.66,20 / 21,4746509,2019-09-06 20:39:12:252,-0.0858,-0.1752,9.4573,0.019,0.017,9.8066,-0.0373,-0.0375,-0.0051,-14.94,-36.94,-2.37,252.86,-82.69,-172.26
52.382576,-1.538654,146.95,15.38,4,30.66,20 / 21,4746610,2019-09-06 20:39:12:353,-0.411,-0.426,9.1874,-0.0092,0.0015,9.8066,-0.2068,0.0692,-0.0627,-14.94,-37.06,-2.25,253.49,-82.89,-172.05
52.382576,-1.538654,146.95,15.38,4,30.66,20 / 21,4746710,2019-09-06 20:39:12:453,-0.898,-0.0083,10.6209,-0.0106,0.0019,9.8066,0.0651,-0.0025,-0.0222,-14.75,-37.25,-2.56,249.63,-83.09,-173.26
52.382576,-1.538654,146.95,15.38,4,30.66,20 / 21,4746809,2019-09-06 20:39:12:552,0.8544,-0.2599,9.8296,-0.0038,-0.0028,9.8066,0.0582,-0.1072,0.002,-14.31,-37.37,-2.75,248.04,-82.91,-172.68
52.382576,-1.538654,146.95,15.38,4,30.66,20 / 21,4746910,2019-09-06 20:39:12:653,-0.4799,0.1092,9.6347,-0.0075,-0.0135,9.8066,-0.0074,-0.0209,0.0291,-14.75,-37.25,-3.12,250.24,-82.89,-172.1
52.382576,-1.538654,146.95,15.38,4,30.66,20 / 21,4747010,2019-09-06 20:39:12:753,-0.5255,-0.227,10.1242,0.0168,-0.0092,9.8066,-0.0381,-0.0129,-0.0086,-14.44,-37.31,-2.5,252.24,-82.79,-171.41
52.382576,-1.538654,146.95,15.38,4,30.66,20 / 21,4747110,2019-09-06 20:39:12:853,0.4518,0.5218,9.7273,-0.0057,-0.0046,9.8066,-0.0726,-0.0291,0.0432,-15.06,-37.25,-3,250.98,-82.77,-171
52.382576,-1.538654,146.95,15.38,4,30.66,20 / 21,4747209,2019-09-06 20:39:12:952,0.7804,0.6492,10.5078,0.0356,0.0209,9.8065,-0.0741,-0.0206,-0.0029,-15,-37.25,-2.75,251.45,-82.75,-170.44
52.382576,-1.538654,146.95,15.38,4,30.66,20 / 21,4747310,2019-09-06 20:39:13:053,0.1271,-0.2595,9.5812,0.0444,0.0203,9.8064,0.096,-0.0667,-0.0136,-14.87,-36.75,-2.37,253.53,-82.4,-170.81
52.382576,-1.538654,146.95,15.38,4,30.66,18 / 21,4747410,2019-09-06 20:39:13:153,1.2268,-0.3666,9.6322,-0.0458,-0.0249,9.8065,0.155,-0.0153,0.0433,-15.5,-37.25,-2.5,254.24,-82.63,-170.58
52.382576,-1.538654,146.95,15.38,4,30.66,18 / 21,4747510,2019-09-06 20:39:13:253,0.5878,0.3468,9.7228,0.0176,0.0096,9.8066,-0.1939,0.0647,-0.0907,-14.12,-37.31,-2.5,253.1,-82.58,-169.91
52.382576,-1.538654,146.95,15.38,4,30.66,18 / 21,4747609,2019-09-06 20:39:13:352,0.3905,-0.8777,9.7547,0.0224,0.0113,9.8066,-0.0789,-0.0474,0.1385,-14.87,-37.37,-2.56,250.96,-82.5,-170.39
52.382576,-1.538654,146.95,15.38,4,30.66,18 / 21,4747710,2019-09-06 20:39:13:453,0.3255,-0.8913,9.9428,0.0193,-0.0034,9.8066,0.1634,-0.0332,-0.0732,-15.12,-37.25,-2.37,254.74,-82.44,-169.55
52.382576,-1.538654,146.95,15.38,4,30.66,18 / 21,4747810,2019-09-06 20:39:13:553,1.289,0.1891,9.8496,-0.0142,-0.0037,9.8066,0.0824,0.0035,0.0026,-15.25,-37.12,-2.69,251.6,-82.35,-169.3
52.382576,-1.538654,146.95,15.38,4,30.66,18 / 21,4747910,2019-09-06 20:39:13:653,0.0966,0.0814,10.4131,0.0142,0.0107,9.8066,0.008,-0.0199,0.0398,-14.56,-36.87,-2.94,250.99,-82.29,-169.86
52.382576,-1.538654,146.95,15.38,4,30.66,18 / 21,4748010,2019-09-06 20:39:13:753,1.1771,1.0942,10.253,0.0137,0.0122,9.8066,-0.0006,0.0556,-0.0609,-15,-36.75,-2.62,250.3,-82.18,-170.36
52.382576,-1.538654,146.95,15.38,4,30.66,18 / 21,4748110,2019-09-06 20:39:13:853,0.025,-0.9748,9.4169,0.027,0.0199,9.8065,0.0687,0.0282,-0.0809,-14.62,-37.06,-2.12,252.47,-82.11,-171.27
52.382576,-1.538654,146.95,15.38,4,30.66,18 / 21,4748210,2019-09-06 20:39:13:953,0.2434,0.9103,9.3122,-0.0599,-0.0199,9.8064,0.108,0.0109,0.0566,-15,-37,-2.81,249.63,-82.4,-171.63
52.382576,-1.538654,146.95,15.38,4,30.66,18 / 21,4748310,2019-09-06 20:39:14:053,0.4273,0.0813,10.2745,-0.0111,-0.0216,9.8066,0.0226,0.0086,-0.0164,-15.06,-37.56,-2.5,252.48,-82.3,-171.2
52.382576,-1.538654,146.95,15.38,4,30.66,20 / 21,4748409,2019-09-06 20:39:14:152,0.7982,-0.1404,10.4231,0.0183,-0.0003,9.8066,0.1336,-0.069,0.0345,-14.81,-37.31,-2.44,253.83,-82.27,-170.14
52.382576,-1.538654,146.95,15.38,4,30.66,20 / 21,4748510,2019-09-06 20:39:14:253,1.1254,-0.1507,10.4392,0.0298,0.0051,9.8065,-0.0302,0.0431,0.0341,-14.56,-37.19,-2,254.18,-82.14,-169.45
52.382576,-1.538654,146.95,15.38,4,30.66,20 / 21,4748609,2019-09-06 20:39:14:352,0.9874,0.6194,9.7892,0.0198,0.0198,9.8066,-0.0216,-0.0161,0.0357,-15.19,-36.94,-2.62,250.72,-82.04,-169.54
52.382576,-1.538654,146.95,15.38,4,30.66,20 / 21,4748710,2019-09-06 20:39:14:453,-0.0808,0.0817,10.4638,0.0346,0.0177,9.8065,-0.0975,0.0581,-0.0499,-15.06,-37.37,-2.62,251.02,-82.02,-169.17
52.382576,-1.538654,146.95,15.38,4,30.66,20 / 21,4748809,2019-09-06 20:39:14:552,0.025,-0.154,9.2797,0.0343,0.044,9.8065,-0.2754,0.0118,0.0147,-15,-37.44,-2.19,251.42,-81.98,-172.13
52.382576,-1.538654,146.95,15.38,4,30.66,20 / 21,4748910,2019-09-06 20:39:14:653,0.005,-0.4685,8.6937,0.0688,0.0498,9.8062,0.0793,0.0288,-0.0938,-14.37,-37.69,-2.25,247.93,-81.84,-173.25
52.382576,-1.538654,146.95,15.38,4,30.66,20 / 21,4749010,2019-09-06 20:39:14:753,-0.4486,-0.3179,9.5139,-0.0639,-0.0132,9.8064,0.0819,0.0059,-0.0313,-14.75,-37.62,-2.12,248.5,-81.92,-174.75
52.382576,-1.538654,146.95,15.38,4,30.66,20 / 21,4749110,2019-09-06 20:39:14:853,0.8114,0.143,9.9986,-0.0215,-0.005,9.8066,0.0741,-0.0331,-0.0572,-14.44,-37.69,-2.94,243.01,-82.26,-176.4
52.382576,-1.538654,146.95,15.38,4,30.66,20 / 21,4749210,2019-09-06 20:39:14:953,0.2369,-0.1916,10.6543,-0.0263,-0.015,9.8066,0.1911,0.0041,0.025,-14.56,-37.44,-2.69,244.9,-82.41,-177.04
52.382576,-1.538654,146.95,15.38,4,30.66,20 / 21,4749310,2019-09-06 20:39:15:053,1.152,0.6447,10.1853,-0.0466,-0.0324,9.8064,-0.1785,-0.0006,0.0197,-14.31,-37.37,-2.75,243.23,-82.4,-176.98
52.382576,-1.538654,146.95,15.38,4,30.66,19 / 20,4749409,2019-09-06 20:39:15:152,0.8775,0.7025,10.1027,0.0407,0.0216,9.8065,-0.094,0.0798,-0.0222,-14.69,-37.81,-1.87,246.7,-81.91,-176.81
52.382576,-1.538654,146.95,15.38,4,30.66,19 / 20,4749510,2019-09-06 20:39:15:253,0.6872,-0.536,10.4037,-0.013,-0.0012,9.8066,-0.158,-0.0421,0.0046,-14.12,-37.5,-2.44,245.18,-81.98,-177.4
52.382576,-1.538654,146.95,15.38,4,30.66,19 / 20,4749610,2019-09-06 20:39:15:353,-1.2549,-1.3479,8.8983,0.0799,0.0685,9.8061,-0.6022,-0.1185,0.0565,-14.44,-37.5,-2.62,242.4,-82.35,-177.85
52.382576,-1.538654,146.95,15.38,4,30.66,19 / 20,4749709,2019-09-06 20:39:15:452,-1.2086,-0.9645,8.7873,0.1454,0.0693,9.8053,0.3854,0.1553,-0.1298,-14,-37.56,-2.62,239.32,-81.58,-179.15
52.382576,-1.538654,146.95,15.38,4,30.66,19 / 20,4749809,2019-09-06 20:39:15:552,-2.0811,0.598,9.6245,-0.1259,-0.0564,9.8056,0.1812,-0.0827,0.1292,-14.44,-37.81,-2.69,239.29,-82.38,178.88
52.382576,-1.538654,146.95,15.38,4,30.66,19 / 20,4749909,2019-09-06 20:39:15:652,2.1411,1.0706,9.7565,-0.0508,-0.0347,9.8064,0.116,0.0356,-0.0323,-14,-37.25,-2.5,242.92,-82.17,179.49
52.382576,-1.538654,146.95,15.38,4,30.66,19 / 20,4750009,2019-09-06 20:39:15:752,1.1071,0.2134,9.8737,-0.0439,-0.0268,9.8064,0.2499,-0.023,0.0181,-13.37,-37.37,-2.31,241.64,-82.56,178.99
52.382576,-1.538654,146.95,15.38,4,30.66,19 / 20,4750110,2019-09-06 20:39:15:853,-0.0526,0.2216,10.4441,-0.0495,-0.0323,9.8065,-0.1429,-0.0405,0.0273,-14.06,-37.5,-2.19,244.07,-82.74,179.42
52.382576,-1.538654,146.95,15.38,4,30.66,19 / 20,4750210,2019-09-06 20:39:15:953,0.8962,-0.2785,10.1413,0.0265,0.0102,9.8066,0.0352,-0.0806,0.0447,-14,-37,-2.75,240.76,-82.69,179.45
52.382576,-1.538654,146.95,15.38,4,30.66,19 / 20,4750310,2019-09-06 20:39:16:053,1.1691,0.8582,10.1668,0.0234,0.0087,9.8066,-0.018,0.0702,0.015,-14.5,-37.37,-2.87,240.87,-82.26,-179.43
52.382576,-1.538654,146.95,15.38,4,30.66,20 / 21,4750409,2019-09-06 20:39:16:152,-0.6979,0.6924,9.1781,0.0046,-0.0007,9.8066,-0.1382,-0.0914,0.0568,-13.62,-37.56,-2.69,239.96,-82.18,-179.84
52.382576,-1.538654,146.95,15.38,4,30.66,20 / 21,4750510,2019-09-06 20:39:16:253,1.232,-1.174,9.8494,0.0052,-0.0047,9.8066,0.0763,0.0157,-0.0135,-14.75,-38,-2.5,245.57,-82.23,-178.88
52.382576,-1.538654,146.95,15.38,4,30.66,20 / 21,4750609,2019-09-06 20:39:16:352,-0.699,-0.64,10.3634,-0.0177,-0.0135,9.8066,0.1363,-0.0271,0.0773,-14.06,-37.37,-2.87,241.3,-82.48,-179.44
52.382576,-1.538654,146.95,15.38,4,30.66,20 / 21,4750710,2019-09-06 20:39:16:453,0.2993,0.2595,10.0678,0.0526,0.0166,9.8064,-0.0387,0.0686,-0.0084,-14.56,-37.44,-2.62,243.51,-82.33,-178.48
52.382576,-1.538654,146.95,15.38,4,30.66,20 / 21,4750810,2019-09-06 20:39:16:553,-0.1456,0.198,9.7372,0.0694,0.0326,9.8063,-0.2308,0.0256,0.0661,-14.81,-37.31,-2.44,246.7,-82.13,-177.85
52.382576,-1.538654,146.95,15.38,4,30.66,20 / 21,4750910,2019-09-06 20:39:16:653,0.6178,-0.1476,10.0661,0.0668,0.0176,9.8063,0.1278,-0.0631,-0.057,-14,-37.5,-2.31,245.21,-81.79,-176.87
52.382576,-1.538654,146.95,15.38,4,30.66,20 / 21,4751009,2019-09-06 20:39:16:752,0.9144,-0.0422,9.8929,-0.039,-0.0227,9.8065,0.1616,0.0305,-0.0226,-14,-37.31,-2.25,246.13,-82.15,-176.72
52.382576,-1.538654,146.95,15.38,4,30.66,20 / 21,4751110,2019-09-06 20:39:16:853,0.8818,1.5932,9.7282,-0.0295,-0.017,9.8065,-0.1859,-0.0297,0.0862,-14.25,-37.5,-2.56,242.75,-82.2,-177.07
52.382576,-1.538654,146.95,15.38,4,30.66,20 / 21,4751210,2019-09-06 20:39:16:953,0.0954,0.0858,9.3703,0.0665,0.015,9.8064,-0.1845,-0.0609,-0.0431,-14.44,-37.06,-2.12,246.54,-81.88,-175.54
52.382576,-1.538654,146.95,15.38,4,30.66,20 / 21,4751310,2019-09-06 20:39:17:053,0.1517,0.5347,8.9232,0.013,0.0206,9.8066,0.0307,-0.0441,0.1298,-14.56,-38.06,-2.81,245,-82.01,-175.5
52.382576,-1.538654,146.95,15.38,4,30.66,20 / 21,4751409,2019-09-06 20:39:17:152,-1.2394,-0.236,9.1906,-0.0326,-0.0328,9.8065,-0.1366,0.0175,-0.1074,-14.37,-37.75,-3,243.67,-82.06,-175.12
52.382576,-1.538654,146.95,15.38,4,30.66,20 / 21,4751510,2019-09-06 20:39:17:253,-1.1511,0.2632,9.2969,-0.0339,-0.0047,9.8066,0.1359,-0.1203,0.0415,-13.94,-37.5,-3.12,244.52,-82.42,-175.52
52.382576,-1.538654,146.95,15.38,4,30.66,20 / 21,4751610,2019-09-06 20:39:17:353,-1.0428,0.8786,10.9143,-0.0152,0.0037,9.8066,0.0371,0.0611,-0.0472,-14.19,-37.06,-2.62,243.39,-82.37,-176.74
52.382576,-1.538654,146.95,15.38,4,30.66,20 / 21,4751710,2019-09-06 20:39:17:453,1.1623,1.4552,10.9052,-0.0218,-0.0201,9.8065,-0.029,-0.0377,0.0377,-14.06,-37.5,-2.62,242.99,-82.28,-176.97
52.382576,-1.538654,146.95,15.38,4,30.66,20 / 21,4751810,2019-09-06 20:39:17:553,2.7681,1.3525,10.4755,0.0407,0.0099,9.8065,0.0054,-0.0464,-0.0454,-14.12,-37.81,-2.37,245.81,-81.88,-175.85
52.382576,-1.538654,146.95,15.38,4,30.66,20 / 21,4751910,2019-09-06 20:39:17:653,-0.2763,0.1129,9.2992,0.0035,-0.001,9.8066,-0.2668,0.0346,0.0591,-14.69,-38,-2.25,248.27,-82.09,-175.43
52.382576,-1.538654,146.95,15.38,4,30.66,20 / 21,4752009,2019-09-06 20:39:17:752,-0.9257,-0.0353,8.8277,0.0478,0.0132,9.8065,-0.2973,0.0721,0.0508,-14.69,-37.5,-2.87,246.96,-82.34,-174.52
52.382576,-1.538654,146.95,15.38,4,30.66,20 / 21,4752109,2019-09-06 20:39:17:852,0.023,-1.0923,10.4214,0.0574,0.0101,9.8065,0.0316,-0.0097,-0.0608,-14.94,-37.25,-2.37,251.02,-82.19,-173.08
52.382576,-1.538654,146.95,15.38,4,30.66,20 / 21,4752209,2019-09-06 20:39:17:952,0.0825,0.4764,10.11,-0.0177,-0.0055,9.8066,0.1181,0.0578,-0.0324,-15.25,-37.5,-2.69,248.32,-82.22,-172.7
52.382576,-1.538654,146.95,15.38,4,30.66,20 / 21,4752310,2019-09-06 20:39:18:053,1.1114,0.0535,10.0465,-0.0254,-0.0076,9.8065,-0.1556,0.0147,-0.0623,-14.69,-36.94,-2.62,247.23,-82.1,-173.64
52.382576,-1.538654,146.95,15.38,4,30.66,20 / 21,4752410,2019-09-06 20:39:18:153,0.7166,-0.0417,9.8997,0.0309,0.0294,9.8065,-0.1525,-0.0245,-0.0516,-14.12,-37.69,-2.25,248.27,-82.19,-173.79
52.382576,-1.538654,146.95,15.38,4,30.66,20 / 21,4752509,2019-09-06 20:39:18:252,-1.1704,-0.7075,9.7939,0.0226,0.0284,9.8065,0.1564,-0.0538,0.0466,-14.62,-37.12,-3.19,245.52,-82.07,-175.56
52.382576,-1.538654,146.95,15.38,4,30.66,20 / 21,4752610,2019-09-06 20:39:18:353,-0.3998,-0.657,9.6642,-0.0269,-0.0242,9.8065,0.0425,-0.0302,-0.0316,-14.5,-36.69,-2.25,247.28,-82.18,-175.45
52.382576,-1.538654,146.95,15.38,4,30.66,20 / 21,4752710,2019-09-06 20:39:18:453,-0.3785,-0.3654,8.8229,-0.042,-0.0132,9.8065,-0.0045,-0.0528,0.0237,-14.44,-36.75,-2.69,243.81,-82.23,-175.88
52.382576,-1.538654,146.95,15.38,4,30.66,20 / 21,4752810,2019-09-06 20:39:18:553,0.2336,-0.2082,9.6061,-0.0081,0.0097,9.8066,-0.0065,-0.0222,-0.0183,-14.69,-37.44,-2.87,244.92,-82.28,-176.74
52.382576,-1.538654,146.95,15.38,4,30.66,20 / 21,4752909,2019-09-06 20:39:18:652,-0.6009,-0.4452,9.752,-0.0015,0.0109,9.8066,-0.0201,0.0245,0.0211,-14.87,-36.94,-2.75,244.66,-82.38,-177.24
52.382576,-1.538654,146.95,15.38,4,30.66,20 / 21,4753009,2019-09-06 20:39:18:752,0.1372,0.8044,9.7621,0.0119,0.0066,9.8065,-0.0515,-0.0243,0.0162,-13.69,-36.5,-2.94,243.03,-82.35,-177.59
52.382576,-1.538654,146.95,15.38,4,30.66,20 / 21,4753110,2019-09-06 20:39:18:853,0.6566,-0.4729,10.4075,-0.0194,-0.0023,9.8065,0.1373,-0.0876,0.0427,-14.62,-37.19,-3.06,244.16,-82.06,-177.12
52.382576,-1.538654,146.95,15.38,4,30.66,20 / 21,4753210,2019-09-06 20:39:18:953,-0.3152,0.2361,9.4594,-0.0187,-0.0119,9.8065,0.0754,0.0301,-0.0009,-14.12,-37.31,-2.75,242.42,-82.16,-177.36
52.382576,-1.538654,146.95,15.38,4,30.66,20 / 21,4753310,2019-09-06 20:39:19:053,0.2213,-0.9105,10.3074,-0.0007,-0.0074,9.8066,-0.0213,-0.007,-0.0211,-14.06,-37.19,-2.81,242.78,-82.2,-177.03
52.382576,-1.538654,146.95,15.38,4,30.66,19 / 21,4753409,2019-09-06 20:39:19:152,-0.3113,0.6775,8.7572,-0.0045,0.0056,9.8066,0.0471,0.0534,-0.0414,-14.81,-37.62,-2.62,243.78,-82.24,-177.47
52.382576,-1.538654,146.95,15.38,4,30.66,19 / 21,4753510,2019-09-06 20:39:19:253,0.9179,-0.0123,8.9896,0.0364,0.0208,9.8065,-0.1763,0.0147,-0.092,-13.81,-37.56,-2.56,241.27,-82.08,-178.02
52.382576,-1.538654,146.95,15.38,4,30.66,19 / 21,4753610,2019-09-06 20:39:19:353,-0.0223,-1.0302,9.9481,-0.012,0.0044,9.8065,-0.0352,0.037,0.0073,-14.5,-37.5,-3.31,241.54,-82.22,-178.56
52.382576,-1.538654,146.95,15.38,4,30.66,19 / 21,4753709,2019-09-06 20:39:19:452,0.2425,0.7065,10.3952,-0.0097,0.0007,9.8066,0.0883,0.0113,-0.0638,-13.75,-37.5,-2.81,240.47,-82.24,-179.86
52.382576,-1.538654,146.95,15.38,4,30.66,19 / 21,4753810,2019-09-06 20:39:19:553,2.5491,-0.1232,10.3974,-0.0181,-0.0005,9.8066,0.5726,-0.1692,0.0572,-14.44,-37.12,-2.12,243.62,-82.23,-179.86
52.382576,-1.538654,146.95,15.38,4,30.66,19 / 21,4753910,2019-09-06 20:39:19:653,2.8783,2.0284,10.5547,-0.0565,-0.0264,9.8064,-0.4385,-0.0295,0.0657,-13.87,-38.37,-2.44,243.92,-82.33,-179.21
52.382576,-1.538654,146.95,15.38,4,30.66,19 / 21,4754009,2019-09-06 20:39:19:752,-0.8727,-1.1754,9.9309,0.0602,0.0405,9.8063,-0.3064,-0.0425,0.0468,-14.75,-37.31,-2.87,241.9,-81.83,-179.23
52.382576,-1.538654,146.95,15.38,4,30.66,19 / 21,4754110,2019-09-06 20:39:19:853,-0.782,-1.2087,8.3638,-0.0738,-0.0519,9.8062,0.3801,0.0156,-0.0793,-13.5,-37.19,-2.44,241.56,-81.71,-178.87
52.382576,-1.538654,146.95,15.38,4,30.66,19 / 21,4754210,2019-09-06 20:39:19:953,-3.0406,-1.8107,7.7316,-0.1231,-0.09,9.8054,-0.0746,0.0348,0.0171,-13.87,-37.44,-2.81,239.36,-81.27,-178.93
52.382576,-1.538654,146.95,15.38,4,30.66,19 / 21,4754310,2019-09-06 20:39:20:053,-1.6153,-0.5494,11.1951,-0.0645,-0.0508,9.8062,0.3879,0.007,-0.0424,-14.06,-37.37,-2.87,241.45,-81.97,-178.06
52.383698,-1.537536,148.87,16.63,4,31.29,20 / 21,4754409,2019-09-06 20:39:20:152,2.5929,0.6204,11.2456,-0.023,-0.018,9.8066,0.3863,-0.0269,-0.0275,-14.56,-37.25,-2.19,246.73,-81.98,-177.45
52.383698,-1.537536,148.87,16.63,4,31.29,20 / 21,4754510,2019-09-06 20:39:20:253,1.241,0.648,10.6779,-0.0907,-0.0423,9.8061,-0.3439,0.012,0.0605,-14.44,-37.69,-2.81,241.9,-82.33,-177.88
52.383698,-1.537536,148.87,16.63,4,31.29,20 / 21,4754609,2019-09-06 20:39:20:352,-0.6079,-0.7874,9.7336,0.0715,0.0403,9.8062,-0.1657,-0.0077,-0.0413,-14.87,-37.5,-3.19,243.01,-81.88,-178.05
52.383698,-1.537536,148.87,16.63,4,31.29,20 / 21,4754710,2019-09-06 20:39:20:453,-0.9847,-0.1974,9.857,0.053,0.0423,9.8063,0.1584,-0.0547,0.0064,-14.25,-37.5,-2.62,240.59,-81.83,-178.77
52.383698,-1.537536,148.87,16.63,4,31.29,20 / 21,4754809,2019-09-06 20:39:20:552,1.2745,0.9554,10.2117,-0.0171,-0.0075,9.8066,0.069,-0.0111,-0.0258,-13.44,-37.37,-2.5,241.66,-81.8,-178.98
52.383698,-1.537536,148.87,16.63,4,31.29,20 / 21,4754909,2019-09-06 20:39:20:652,-0.4161,-0.0259,9.4733,0.0103,0.0075,9.8066,-0.1169,-0.0138,0.0099,-14.25,-37.94,-2.87,240.01,-81.9,-179.1
52.383698,-1.537536,148.87,16.63,4,31.29,20 / 21,4755009,2019-09-06 20:39:20:752,-0.0764,-0.2834,9.5705,0.0078,0.0078,9.8066,-0.1207,-0.0204,0.0459,-14,-36.94,-2.81,240.52,-82.02,-179.28
52.383698,-1.537536,148.87,16.63,4,31.29,20 / 21,4755109,2019-09-06 20:39:20:852,-0.7322,-1.3531,9.5515,0.043,0.0252,9.8064,0.3093,0.0106,-0.0429,-13.94,-37.31,-2.75,240.47,-81.9,-179.07
52.383698,-1.537536,148.87,16.63,4,31.29,20 / 21,4755210,2019-09-06 20:39:20:953,1.7056,-0.0693,10.4493,-0.0554,-0.0377,9.8064,0.269,-0.0563,0.0024,-14.12,-37.37,-2.37,244.51,-82.17,-178.65
52.383698,-1.537536,148.87,16.63,4,31.29,20 / 21,4755309,2019-09-06 20:39:21:052,0.9354,0.4678,9.6948,-0.071,-0.034,9.8063,0.1155,0.0423,-0.0127,-14.44,-37.81,-2.12,244.02,-82.14,-178.61
52.383698,-1.537536,148.87,16.63,4,31.29,20 / 21,4755410,2019-09-06 20:39:21:153,0.8239,1.7093,10.295,0.0427,0.0226,9.8065,-0.1213,0.0327,-0.0741,-14.12,-37.06,-2.25,244.26,-82.19,-178.99
52.383698,-1.537536,148.87,16.63,4,31.29,20 / 21,4755509,2019-09-06 20:39:21:252,1.5772,-1.7388,11.3832,0.0363,0.0423,9.8064,0.2999,-0.0533,0.0132,-14.19,-37.31,-2.69,239.89,-81.98,-179.96
52.383698,-1.537536,148.87,16.63,4,31.29,20 / 21,4755609,2019-09-06 20:39:21:352,1.1487,0.0277,10.3009,-0.0447,-0.0058,9.8065,0.337,0.0893,-0.0677,-13.81,-36.87,-2.75,237.96,-82.11,177.42
52.383698,-1.537536,148.87,16.63,4,31.29,20 / 21,4755709,2019-09-06 20:39:21:452,-0.1921,1.3006,10.2198,-0.0073,0.0041,9.8066,-0.2013,-0.0896,-0.0213,-13.94,-38,-2.31,238.81,-81.69,176.22
52.383698,-1.537536,148.87,16.63,4,31.29,20 / 21,4755810,2019-09-06 20:39:21:553,-1.255,-0.1398,9.5321,0.025,0.0239,9.8065,-0.1887,0.0005,-0.0179,-13.62,-38.25,-2.44,237.15,-81.49,174.66
52.383698,-1.537536,148.87,16.63,4,31.29,20 / 21,4755909,2019-09-06 20:39:21:652,-0.8056,-1.2364,9.5553,0.0229,0.0131,9.8065,0.0633,0.0354,-0.0034,-14.19,-37.75,-2.75,234.11,-81.62,174.3
52.383698,-1.537536,148.87,16.63,4,31.29,20 / 21,4756010,2019-09-06 20:39:21:753,-0.273,-1.618,9.3239,-0.0086,-0.0204,9.8066,0.001,0.0268,0.0373,-14.12,-37.5,-2.56,235.37,-81.67,175.26
52.383698,-1.537536,148.87,16.63,4,31.29,20 / 21,4756110,2019-09-06 20:39:21:853,-0.042,0.0345,10.1324,0.0003,-0.0212,9.8066,-0.0185,-0.0081,-0.0487,-14.06,-38.12,-2.87,236.14,-81.7,176.63
52.383698,-1.537536,148.87,16.63,4,31.29,20 / 21,4756210,2019-09-06 20:39:21:953,0.6287,-0.7506,9.5271,-0.0113,-0.0007,9.8066,0.0473,-0.0644,0.0982,-13.56,-37.69,-2.25,239.6,-81.63,177.35
52.383698,-1.537536,148.87,16.63,4,31.29,20 / 21,4756309,2019-09-06 20:39:22:052,-0.2149,0.0546,9.7496,-0.0147,-0.0167,9.8066,0.0111,-0.0156,0.0434,-14,-37.44,-2.12,240.67,-81.7,177.91
52.383698,-1.537536,148.87,16.63,4,31.29,20 / 21,4756410,2019-09-06 20:39:22:153,0.3067,0.0018,10.2899,-0.0047,-0.0044,9.8066,0.1293,-0.0286,-0.0184,-14.06,-37.44,-1.87,241.89,-81.83,179.07
52.383698,-1.537536,148.87,16.63,4,31.29,20 / 21,4756509,2019-09-06 20:39:22:252,-1.3202,-0.8084,10.2759,0.0028,0.0047,9.8066,0.0504,-0.0708,0.0722,-13.94,-37.56,-2.31,241.49,-81.83,179.14
52.383698,-1.537536,148.87,16.63,4,31.29,20 / 21,4756610,2019-09-06 20:39:22:353,-0.9514,-0.3815,9.6079,-0.0246,-0.0169,9.8065,0.028,0,-0.0171,-14,-38,-2.44,241.68,-81.87,179.26
52.383698,-1.537536,148.87,16.63,4,31.29,20 / 21,4756710,2019-09-06 20:39:22:453,-0.8104,-0.0092,9.9877,0.004,-0.0036,9.8066,-0.0056,-0.013,0.0431,-14.56,-37.44,-2.37,243.91,-81.74,179.81
52.383698,-1.537536,148.87,16.63,4,31.29,20 / 21,4756810,2019-09-06 20:39:22:553,-0.7764,-0.1689,10.1541,0.0033,-0.0019,9.8066,0.0121,0.0097,0.0104,-14.69,-37.62,-2.75,241.02,-81.74,-179.59
52.383698,-1.537536,148.87,16.63,4,31.29,20 / 21,4756909,2019-09-06 20:39:22:652,-0.9436,-0.9558,9.6616,-0.0153,-0.0215,9.8065,-0.0615,-0.0049,-0.0347,-14.37,-37.62,-2.19,243.15,-81.78,-178.75
52.383698,-1.537536,148.87,16.63,4,31.29,20 / 21,4757009,2019-09-06 20:39:22:752,-0.8688,-0.6119,9.5859,0.0097,0.0003,9.8066,-0.0934,-0.0201,-0.0478,-14.19,-37.44,-2.5,244.29,-81.82,-178.04
52.383698,-1.537536,148.87,16.63,4,31.29,20 / 21,4757110,2019-09-06 20:39:22:853,-0.5908,-0.4606,9.7587,-0.0174,0.006,9.8065,-0.0446,-0.0313,0.0241,-14,-37.25,-2.62,240.97,-82.02,-178.75
52.383698,-1.537536,148.87,16.63,4,31.29,20 / 21,4757210,2019-09-06 20:39:22:953,-1.6011,-0.432,9.5746,0.0108,0.0007,9.8066,-0.0779,0.0318,-0.0676,-13.81,-37.31,-2.94,240.98,-82.14,-179.01
52.383698,-1.537536,148.87,16.63,4,31.29,20 / 21,4757309,2019-09-06 20:39:23:052,-1.489,0.0893,10.0719,-0.003,0.0075,9.8066,0.1135,-0.0516,0.0619,-14.37,-37.25,-2.56,240.82,-82.16,-179.26
52.383698,-1.537536,148.87,16.63,4,31.29,20 / 21,4757410,2019-09-06 20:39:23:153,-0.8468,-0.7222,9.726,-0.0128,-0.011,9.8066,0.0218,-0.0277,-0.0156,-14.62,-37.37,-2.44,245.83,-82.08,-178.72
52.383698,-1.537536,148.87,16.63,4,31.29,20 / 21,4757512,2019-09-06 20:39:23:255,-0.0253,0.4413,9.7559,-0.0379,-0.025,9.8064,-0.1181,0.0242,0.019,-14.06,-37.25,-2.69,241.62,-82.2,-178.4
52.383698,-1.537536,148.87,16.63,4,31.29,20 / 21,4757610,2019-09-06 20:39:23:353,-1.2316,0.0595,10.2333,0.056,0.0247,9.8064,-0.1351,0.0833,-0.0655,-14.62,-37.5,-2.5,246.36,-81.82,-177.5
52.383698,-1.537536,148.87,16.63,4,31.29,20 / 21,4757709,2019-09-06 20:39:23:452,0.282,-0.4335,9.6357,0.0377,0.0265,9.8065,0.0241,-0.0014,0.0066,-14.25,-37.5,-2.69,241.45,-81.91,-177.91
52.383698,-1.537536,148.87,16.63,4,31.29,20 / 21,4757809,2019-09-06 20:39:23:552,0.1154,-0.4677,9.4836,-0.0285,-0.0233,9.8065,-0.065,0.0021,0.0012,-14.25,-38.19,-3,242.25,-82.18,-177.1
52.383698,-1.537536,148.87,16.63,4,31.29,20 / 21,4757910,2019-09-06 20:39:23:653,-2.2684,-1.5473,9.5762,-0.0111,0.0037,9.8065,0.1935,-0.0301,0,-14.44,-37.37,-2.56,242.57,-82.24,-177.38
52.383698,-1.537536,148.87,16.63,4,31.29,20 / 21,4758010,2019-09-06 20:39:23:753,-1.0473,-1.2321,9.8654,-0.0264,-0.0117,9.8066,0.1399,0.0222,-0.0512,-14,-37.31,-2.81,242.64,-82.37,-177.61
52.383698,-1.537536,148.87,16.63,4,31.29,20 / 21,4758109,2019-09-06 20:39:23:852,-0.8855,0.2147,9.9775,-0.0297,-0.0155,9.8065,-0.0723,0.0245,-0.0147,-14.06,-37.44,-2.94,242.55,-82.56,-178.15
52.383698,-1.537536,148.87,16.63,4,31.29,20 / 21,4758209,2019-09-06 20:39:23:952,-0.6988,-0.1526,9.3601,0.0081,0.0041,9.8066,0.0384,-0.0357,0.0198,-14.56,-37.75,-2.81,243.75,-82.52,-178.15
52.383698,-1.537536,148.87,16.63,4,31.29,20 / 21,4758311,2019-09-06 20:39:24:054,0.3114,0.9642,9.4462,0.0212,0.0014,9.8066,-0.0652,-0.0401,0.0245,-14.31,-37.44,-3.25,243.15,-82.48,-177.27
52.383698,-1.537536,148.87,16.63,4,31.29,20 / 21,4758410,2019-09-06 20:39:24:153,-1.2032,-1.616,9.7048,-0.0244,-0.0132,9.8066,-0.1354,-0.0603,0.0155,-14.62,-37.75,-2.87,245.41,-82.66,-176.57
52.383698,-1.537536,148.87,16.63,4,31.29,20 / 21,4758510,2019-09-06 20:39:24:253,-1.5663,-1.4745,10.0681,-0.0045,0.0012,9.8066,0.2199,0.0354,0.0165,-14.25,-37.75,-3.12,243.79,-82.71,-176.59
52.383698,-1.537536,148.87,16.63,4,31.29,20 / 21,4758609,2019-09-06 20:39:24:352,-1.6919,-0.5296,9.5561,-0.0397,-0.0271,9.8065,0.2552,-0.0157,0.0073,-14.31,-37.62,-3.5,243.31,-82.65,-177.01
52.383698,-1.537536,148.87,16.63,4,31.29,20 / 21,4758710,2019-09-06 20:39:24:453,1.3659,-0.0453,9.8123,-0.041,-0.0288,9.8064,-0.1393,0.0389,-0.0242,-14.06,-37.19,-3.19,245.01,-82.91,-176.15
52.383698,-1.537536,148.87,16.63,4,31.29,20 / 21,4758810,2019-09-06 20:39:24:553,-0.6179,0.3872,9.7859,0.0439,0.0168,9.8064,-0.0453,0.055,0.0195,-14.69,-37.81,-3.12,245.2,-82.79,-177.12
52.383698,-1.537536,148.87,16.63,4,31.29,20 / 21,4758911,2019-09-06 20:39:24:654,-0.4602,-0.0603,9.7187,-0.0245,-0.0158,9.8065,-0.0189,0.0369,0.0275,-14.56,-37.62,-3.37,246.29,-82.94,-176.21
52.383698,-1.537536,148.87,16.63,4,31.29,20 / 21,4759010,2019-09-06 20:39:24:753,-0.304,-0.6014,9.6461,-0.0309,-0.0231,9.8065,0.0028,0.0127,0.0041,-14.19,-37.31,-3.12,246.34,-83.21,-175.38
52.383698,-1.537536,148.87,16.63,4,31.29,20 / 21,4759109,2019-09-06 20:39:24:852,-0.0862,-0.9701,9.1755,-0.0254,-0.0101,9.8066,-0.0533,0.0272,0.006,-14.56,-37.12,-4,245.24,-83.28,-175.22
52.383698,-1.537536,148.87,16.63,4,31.29,20 / 21,4759209,2019-09-06 20:39:24:952,1.2132,1.0447,9.1691,-0.0037,0.0033,9.8066,-0.0791,0.0013,0.0273,-14.25,-37.75,-3.87,243.62,-83.32,-174.73
52.383698,-1.537536,148.87,16.63,4,31.29,20 / 21,4759309,2019-09-06 20:39:25:052,-0.8963,0.6931,9.4981,0.0208,0.0072,9.8066,-0.0075,-0.06,-0.0047,-14.87,-37.12,-3.06,249.18,-83.41,-174.5
52.383698,-1.537536,148.87,16.63,4,31.29,20 / 21,4759410,2019-09-06 20:39:25:153,-0.3547,-1.3258,9.2358,-0.0067,0.0071,9.8066,-0.0806,-0.0415,0.0226,-14.37,-37.12,-3.69,244.53,-83.67,-174.92
52.383698,-1.537536,148.87,16.63,4,31.29,20 / 21,4759509,2019-09-06 20:39:25:252,0.1482,0.5978,9.169,0,0.006,9.8066,0.0323,-0.0195,-0.0048,-14.12,-37.12,-4,244.31,-83.76,-175.4
52.383698,-1.537536,148.87,16.63,4,31.29,20 / 21,4759610,2019-09-06 20:39:25:353,-1.4671,-1.6926,9.6934,-0.0301,-0.0136,9.8065,-0.037,-0.0469,0.0145,-14,-37.37,-4.12,244.54,-83.85,-175.35
52.383698,-1.537536,148.87,16.63,4,31.29,20 / 21,4759710,2019-09-06 20:39:25:453,-0.5509,0.9713,9.6666,-0.0242,-0.0205,9.8065,0.0253,-0.109,0.0584,-14.62,-37.62,-4.56,244.05,-84.14,-174.84
52.383698,-1.537536,148.87,16.63,4,31.29,20 / 21,4759810,2019-09-06 20:39:25:553,0.0738,-1.3367,9.4507,0.0047,-0.0007,9.8066,0.0035,0.0271,0.0236,-15,-37.69,-4.12,246.81,-84.12,-174.98
52.383698,-1.537536,148.87,16.63,4,31.29,20 / 21,4759910,2019-09-06 20:39:25:653,0.4981,-1.3729,9.4837,-0.0091,-0.0068,9.8066,-0.0767,-0.0083,-0.008,-14.44,-37.31,-4.25,246.11,-84.22,-174.46
52.383698,-1.537536,148.87,16.63,4,31.29,20 / 21,4760009,2019-09-06 20:39:25:752,-0.6119,0.4536,9.1103,-0.0127,-0.0166,9.8066,-0.0089,0.0512,-0.0305,-14.44,-37.62,-4.44,246.42,-84.42,-174.23
52.383698,-1.537536,148.87,16.63,4,31.29,20 / 21,4760109,2019-09-06 20:39:25:852,-0.5427,-0.7925,9.4424,-0.0296,-0.0041,9.8065,0.0389,-0.032,-0.0197,-14.37,-37.31,-4.87,243.58,-84.61,-174.74
52.383698,-1.537536,148.87,16.63,4,31.29,20 / 21,4760209,2019-09-06 20:39:25:952,-0.8739,0.3702,9.7433,-0.0113,-0.0028,9.8066,0.0072,0.0026,-0.0239,-14.62,-37.19,-5.25,245.55,-84.63,-174.57
52.383698,-1.537536,148.87,16.63,4,31.29,20 / 21,4760310,2019-09-06 20:39:26:053,0.257,-0.1925,9.9034,-0.0057,-0.0063,9.8065,-0.022,-0.0146,0.0066,-14.56,-37.37,-5.12,245.33,-84.77,-175.12
52.383698,-1.537536,148.87,16.63,4,31.29,19 / 21,4760409,2019-09-06 20:39:26:152,0.0641,-0.1923,9.5281,0.0078,0.0006,9.8066,-0.094,0.0294,-0.0214,-14.37,-37.62,-4.75,243.68,-84.82,-174.78
52.383698,-1.537536,148.87,16.63,4,31.29,19 / 21,4760510,2019-09-06 20:39:26:253,0.0878,-1.1269,9.5087,-0.0088,-0.0136,9.8065,0.0913,0.0249,0.0594,-14.56,-37.06,-4.69,245.82,-84.91,-174.87
52.383698,-1.537536,148.87,16.63,4,31.29,19 / 21,4760609,2019-09-06 20:39:26:352,0.2867,0.1138,9.8825,-0.0231,-0.0281,9.8065,0.0842,0.0078,0.0149,-14.5,-37.12,-4.44,249.2,-85.07,-173.11
52.383698,-1.537536,148.87,16.63,4,31.29,19 / 21,4760710,2019-09-06 20:39:26:453,-0.322,-0.3753,9.8654,0.031,0.0103,9.8065,-0.0884,-0.0232,-0.0459,-14.44,-37.19,-4.31,250,-85.15,-172.43
52.383698,-1.537536,148.87,16.63,4,31.29,19 / 21,4760809,2019-09-06 20:39:26:552,0.3577,0.8223,9.5736,0.0018,-0.0038,9.8066,0.0128,0.0329,-0.0347,-14.25,-37,-4.44,249.92,-85.11,-172.43
52.383698,-1.537536,148.87,16.63,4,31.29,19 / 21,4760910,2019-09-06 20:39:26:653,0.0605,0.3594,9.1924,0.0004,0.0029,9.8066,-0.0733,-0.0576,0.0481,-14.37,-37,-4.87,247.03,-85.26,-172.43
52.383698,-1.537536,148.87,16.63,4,31.29,19 / 21,4761010,2019-09-06 20:39:26:753,-0.8922,-0.4441,9.8853,0.0002,-0.0029,9.8066,-0.0671,0.0323,-0.0607,-14.5,-37.81,-5.12,247.28,-85.38,-172.16
52.383698,-1.537536,148.87,16.63,4,31.29,19 / 21,4761110,2019-09-06 20:39:26:853,0.5357,-0.5945,9.3023,-0.0038,0.0071,9.8066,-0.042,0.0383,-0.0017,-14.5,-36.87,-5.31,246.96,-85.48,-173.02
52.383698,-1.537536,148.87,16.63,4,31.29,19 / 21,4761209,2019-09-06 20:39:26:952,-0.4414,0.3613,9.2959,0.0136,0.0013,9.8066,-0.0622,0.0303,0.0255,-13.87,-36.87,-5,245.94,-85.5,-174.18
52.383698,-1.537536,148.87,16.63,4,31.29,19 / 21,4761310,2019-09-06 20:39:27:053,-0.485,-0.2048,9.2888,0.0156,0.0029,9.8066,0.0934,0.0416,-0.045,-14.06,-37.31,-5.19,246.71,-85.36,-173.02
52.383698,-1.537536,148.87,16.63,4,31.29,20 / 21,4761409,2019-09-06 20:39:27:152,-0.0361,0.296,9.7706,-0.0138,-0.0024,9.8066,-0.0097,0.033,-0.0039,-14.31,-37.06,-4.87,246.49,-85.47,-173.52
52.383698,-1.537536,148.87,16.63,4,31.29,20 / 21,4761510,2019-09-06 20:39:27:253,-0.216,-0.26,9.9966,0.0079,0.0096,9.8066,0.0951,-0.0165,0.0356,-14.31,-37.56,-5.81,242.78,-85.51,-174.05
52.383698,-1.537536,148.87,16.63,4,31.29,20 / 21,4761614,2019-09-06 20:39:27:357,-0.0124,0.1928,9.691,0.0005,0.0013,9.8066,0.0429,-0.0148,0.0062,-14.31,-36.62,-5.69,242.8,-85.61,-174.52
52.383698,-1.537536,148.87,16.63,4,31.29,20 / 21,4761710,2019-09-06 20:39:27:453,-0.1251,-0.1691,9.9506,0.0209,0.011,9.8066,-0.019,0.0438,0.0055,-14.31,-37.5,-5.37,246.24,-85.58,-174.03
52.383698,-1.537536,148.87,16.63,4,31.29,20 / 21,4761809,2019-09-06 20:39:27:552,-0.1806,-0.9783,9.9998,-0.01,-0.0138,9.8066,-0.0047,-0.0159,0.0264,-14.81,-37.44,-5.12,247.97,-85.58,-174
52.383698,-1.537536,148.87,16.63,4,31.29,20 / 21,4761910,2019-09-06 20:39:27:653,0.1001,0.2103,9.9156,0.0152,0.0139,9.8066,0.0021,0.028,-0.0006,-13.87,-36.69,-5,247.23,-85.66,-173.16
52.383698,-1.537536,148.87,16.63,4,31.29,20 / 21,4762009,2019-09-06 20:39:27:752,0.2684,0.2257,9.1835,-0.0138,-0.0095,9.8065,0.0652,-0.0154,0.0399,-13.87,-37,-4.62,246.99,-85.67,-173.43
52.383698,-1.537536,148.87,16.63,4,31.29,20 / 21,4762109,2019-09-06 20:39:27:852,0.6119,-0.2656,10.2427,-0.0128,-0.0173,9.8066,-0.0155,-0.0413,0.0055,-13.94,-37.12,-5.62,244.73,-85.72,-172.67
52.383698,-1.537536,148.87,16.63,4,31.29,20 / 21,4762210,2019-09-06 20:39:27:953,-0.227,-0.3469,10.2128,0.0129,0.0126,9.8066,-0.0589,0.0141,-0.0403,-13.87,-36,-6.12,244.72,-85.71,-172.93
52.383698,-1.537536,148.87,16.63,4,31.29,20 / 21,4762310,2019-09-06 20:39:28:053,0.4689,0.1975,10.0223,0.0042,0.0181,9.8066,0.0708,0.0159,0.0161,-13.75,-37,-6.06,242.84,-85.82,-174.94
52.383698,-1.537536,148.87,16.63,4,31.29,20 / 21,4762409,2019-09-06 20:39:28:152,-1.1079,0.2665,9.775,0.0137,-0.0019,9.8066,-0.0527,0.0599,0.0056,-13.94,-37.37,-6.31,243.66,-85.91,-174.25
52.383698,-1.537536,148.87,16.63,4,31.29,20 / 21,4762510,2019-09-06 20:39:28:253,0.1833,-0.4819,9.5109,0.0185,0.0043,9.8066,0.0253,-0.0181,0.0328,-14.19,-36.94,-5.56,244.06,-85.83,-173.64
52.383698,-1.537536,148.87,16.63,4,31.29,20 / 21,4762609,2019-09-06 20:39:28:352,0.2767,0.5063,9.8844,-0.0148,-0.0117,9.8066,-0.0175,0.009,-0.0119,-13.44,-36.81,-5.69,241.9,-86,-174.21
52.383698,-1.537536,148.87,16.63,4,31.29,20 / 21,4762710,2019-09-06 20:39:28:453,-0.046,0.026,10.1307,0.0127,0.0131,9.8066,0.0114,0.0134,0.0244,-14.06,-36.75,-5.31,247.78,-86.08,-173.53
52.383698,-1.537536,148.87,16.63,4,31.29,20 / 21,4762809,2019-09-06 20:39:28:552,1.5263,0.6381,9.5879,0.0079,0.0082,9.8066,-0.1056,0.0195,-0.0042,-14.06,-36.62,-5.37,246.09,-85.87,-174.87
52.383698,-1.537536,148.87,16.63,4,31.29,20 / 21,4762910,2019-09-06 20:39:28:653,0.8391,0.9999,9.5132,0.0138,0.0131,9.8066,-0.1562,-0.0014,0.0194,-14,-37.19,-5.75,242.61,-85.82,-175.19
52.383698,-1.537536,148.87,16.63,4,31.29,20 / 21,4763010,2019-09-06 20:39:28:753,-0.2405,-0.2033,10.1011,-0.0325,-0.023,9.8066,0.1106,-0.0155,-0.024,-14.19,-36.75,-5.87,243.15,-85.82,-174.6
52.383698,-1.537536,148.87,16.63,4,31.29,20 / 21,4763110,2019-09-06 20:39:28:853,0.5426,0.0283,10.2599,-0.007,-0.0143,9.8066,0.0901,-0.0581,0.0198,-14.37,-36.56,-5.5,248.4,-86.04,-172.78
52.383698,-1.537536,148.87,16.63,4,31.29,20 / 21,4763210,2019-09-06 20:39:28:953,0.6526,0.78,9.7922,0.0071,-0.0034,9.8066,-0.0061,-0.0158,0.0391,-13.81,-36.81,-5.62,246.37,-85.95,-171.41
52.383698,-1.537536,148.87,16.63,4,31.29,20 / 21,4763310,2019-09-06 20:39:29:053,0.2736,0.6211,10.2761,-0.0061,-0.0062,9.8066,-0.022,0.0331,-0.0349,-14.44,-37,-5.31,250.37,-85.96,-170.5
52.384743,-1.536548,152.71,12.92,4,29.39,20 / 21,4763409,2019-09-06 20:39:29:152,-0.207,-0.136,10.1769,-0.0064,0.0081,9.8066,0.052,-0.0212,0.0288,-14.44,-37.31,-5.62,247.89,-85.98,-169.86
52.384743,-1.536548,152.71,12.92,4,29.39,20 / 21,4763509,2019-09-06 20:39:29:252,0.2905,0.9021,9.3937,0.026,0.0056,9.8065,0.0387,-0.0186,0.0577,-14.37,-36.69,-5.81,247.68,-85.96,-170.04
52.384743,-1.536548,152.71,12.92,4,29.39,20 / 21,4763609,2019-09-06 20:39:29:352,-0.3795,0.6187,10.8253,-0.0117,-0.0134,9.8066,-0.0632,0.0261,0.0092,-14.44,-36.37,-5.87,249.69,-86.14,-168.56
52.384743,-1.536548,152.71,12.92,4,29.39,20 / 21,4763710,2019-09-06 20:39:29:453,1.1041,0.0434,9.5948,-0.0337,-0.032,9.8065,-0.0196,0.0304,-0.0225,-13.62,-36.12,-5.75,251.4,-86.29,-167.09
52.384743,-1.536548,152.71,12.92,4,29.39,20 / 21,4763810,2019-09-06 20:39:29:553,1.2487,2.5386,9.1528,0.0343,0.0211,9.8065,-0.1891,0.0689,-0.0023,-14.44,-35.5,-5.69,251.25,-86.22,-167.34
52.384743,-1.536548,152.71,12.92,4,29.39,20 / 21,4763910,2019-09-06 20:39:29:653,0.3941,1.0924,9.0667,-0.0603,-0.0384,9.8064,0.2268,0.0985,-0.0836,-14.37,-36.62,-5.06,252.16,-85.85,-168.34
52.384743,-1.536548,152.71,12.92,4,29.39,20 / 21,4764009,2019-09-06 20:39:29:752,1.708,1.7837,9.0894,-0.0723,-0.044,9.8062,0.1162,-0.0036,0.1524,-13.94,-36,-5.56,252.08,-86.41,-166.64
52.384743,-1.536548,152.71,12.92,4,29.39,20 / 21,4764110,2019-09-06 20:39:29:853,-0.3417,-1.2562,9.0719,-0.0473,-0.0325,9.8064,0.1135,0.1083,0.0044,-14.31,-36.75,-6.31,254.08,-86.38,-164.24
52.384743,-1.536548,152.71,12.92,4,29.39,20 / 21,4764210,2019-09-06 20:39:29:953,0.4838,0.3639,10.4918,-0.0067,-0.0122,9.8065,0.1402,-0.0229,0.0238,-15.06,-36.56,-6,257.67,-86.43,-162.52
52.384743,-1.536548,152.71,12.92,4,29.39,20 / 21,4764310,2019-09-06 20:39:30:053,0.9061,0.1647,10.8194,-0.0121,-0.0161,9.8066,-0.0634,0.0698,-0.0201,-14.06,-36.12,-5.44,260.53,-86.34,-161.05
52.384743,-1.536548,152.71,12.92,4,29.39,20 / 21,4764410,2019-09-06 20:39:30:153,-0.1027,0.4027,9.8127,0.0362,0.028,9.8065,-0.0343,-0.0149,0.0267,-13.94,-36.87,-6.12,252.84,-85.83,-164.25
52.384743,-1.536548,152.71,12.92,4,29.39,20 / 21,4764509,2019-09-06 20:39:30:252,0.8838,0.0713,9.9582,0.0227,0.0111,9.8066,-0.2374,0.0622,-0.0543,-14.94,-37.25,-5.19,257.96,-85.72,-163.78
52.384743,-1.536548,152.71,12.92,4,29.39,20 / 21,4764610,2019-09-06 20:39:30:353,-0.7892,-0.836,9.6341,0.0183,0.0195,9.8066,-0.3372,-0.0025,0.0201,-14.62,-37.12,-5.81,252.7,-85.8,-166.3
52.384743,-1.536548,152.71,12.92,4,29.39,20 / 21,4764709,2019-09-06 20:39:30:452,-0.8117,0.4615,8.8653,0.0067,0.0149,9.8066,0.1584,-0.0126,-0.0238,-14.12,-37.06,-5.19,254.54,-86.09,-166.41
52.384743,-1.536548,152.71,12.92,4,29.39,20 / 21,4764809,2019-09-06 20:39:30:552,1.3391,0.891,9.2466,-0.022,0.0069,9.8066,0.0418,0.0227,0.0103,-14.06,-37.56,-5.5,254.62,-86.25,-166.47
52.384743,-1.536548,152.71,12.92,4,29.39,20 / 21,4764909,2019-09-06 20:39:30:652,-0.1748,-0.962,10.1472,-0.0003,0.0063,9.8066,-0.0486,0.0486,-0.0389,-14.31,-37.06,-6.25,250.09,-86.54,-168.81
52.384743,-1.536548,152.71,12.92,4,29.39,20 / 21,4765009,2019-09-06 20:39:30:752,0.0139,0.3863,10.4991,0.0197,0.0135,9.8066,-0.0689,-0.0472,0.0222,-13.62,-37.56,-6.06,249.39,-86.39,-168.99
52.384743,-1.536548,152.71,12.92,4,29.39,20 / 21,4765109,2019-09-06 20:39:30:852,-0.347,-0.358,9.9612,0.0451,0.0197,9.8065,0.0418,-0.0587,0.0463,-13.87,-37.19,-6,250.26,-86.19,-167.82
52.384743,-1.536548,152.71,12.92,4,29.39,20 / 21,4765210,2019-09-06 20:39:30:953,-0.409,1.5074,8.7727,-0.1083,-0.073,9.8058,0.1629,0.0644,-0.1767,-14,-37.25,-5.81,254.51,-86.7,-164.56
52.384743,-1.536548,152.71,12.92,4,29.39,20 / 21,4765310,2019-09-06 20:39:31:053,-1.656,-0.4341,9.2715,0.0257,0.0192,9.8065,0.0881,-0.0375,0.0168,-14,-37.25,-6.31,252.13,-86.54,-166.66
52.384743,-1.536548,152.71,12.92,4,29.39,20 / 21,4765410,2019-09-06 20:39:31:153,2.4803,1.3965,10.1227,-0.0345,-0.0041,9.8066,0.2882,0.0172,0.0638,-13.62,-36.94,-5.87,252.61,-86.57,-166.23
52.384743,-1.536548,152.71,12.92,4,29.39,20 / 21,4765509,2019-09-06 20:39:31:252,0.2657,0.7979,9.5086,-0.0615,-0.04,9.8064,-0.1964,0.008,-0.0501,-13.69,-36.94,-5.37,255.8,-86.9,-167.05
52.384743,-1.536548,152.71,12.92,4,29.39,20 / 21,4765610,2019-09-06 20:39:31:353,1.1285,0.4378,9.2783,0.0278,0.026,9.8065,-0.0641,-0.0586,0.0485,-13.62,-36.81,-6.56,248.06,-86.52,-167.74
52.384743,-1.536548,152.71,12.92,4,29.39,20 / 21,4765710,2019-09-06 20:39:31:453,-0.6079,0.5909,9.5218,-0.0239,-0.0246,9.8065,0.1134,-0.0642,0.0544,-14.19,-36.5,-6.62,249.3,-86.51,-166.62
52.384743,-1.536548,152.71,12.92,4,29.39,20 / 21,4765809,2019-09-06 20:39:31:552,0.4909,0.5426,10.4859,-0.0224,-0.0326,9.8065,0.0431,-0.0127,0.0231,-13.44,-36.56,-6.69,248.44,-86.56,-165.23
52.384743,-1.536548,152.71,12.92,4,29.39,20 / 21,4765910,2019-09-06 20:39:31:653,0.311,-0.7817,9.8188,-0.0343,-0.0309,9.8065,-0.0691,0.1072,-0.0549,-14.06,-37.19,-6.12,258.36,-86.78,-160.76
52.384743,-1.536548,152.71,12.92,4,29.39,20 / 21,4766010,2019-09-06 20:39:31:753,0.013,-0.1967,10.699,-0.012,-0.0084,9.8066,0.1769,-0.1324,0.0856,-14.69,-36.25,-6,261.69,-86.69,-159.2
52.384743,-1.536548,152.71,12.92,4,29.39,20 / 21,4766109,2019-09-06 20:39:31:852,0.7189,0.6477,10.8907,-0.0556,-0.0339,9.8064,-0.1555,-0.0342,-0.042,-14.31,-37.06,-6.19,260.42,-86.73,-158.54
52.384743,-1.536548,152.71,12.92,4,29.39,20 / 21,4766209,2019-09-06 20:39:31:952,1.0146,0.5085,10.2496,0.0215,0.03,9.8065,0.0632,0.0216,-0.0366,-13.81,-36.87,-5.37,256.65,-86.37,-164.88
52.384743,-1.536548,152.71,12.92,4,29.39,20 / 21,4766309,2019-09-06 20:39:32:052,0.086,0.9619,9.863,0.0101,0.0222,9.8066,-0.1002,-0.0149,0.0458,-13.25,-37.06,-5.62,248.52,-86.37,-167.96
52.384743,-1.536548,152.71,12.92,4,29.39,20 / 21,4766409,2019-09-06 20:39:32:152,-0.5575,-0.2915,9.3782,0.0139,0.0106,9.8066,-0.1416,0.0061,-0.0192,-13.87,-36.75,-5.75,248.51,-86.51,-170.41
52.384743,-1.536548,152.71,12.92,4,29.39,20 / 21,4766510,2019-09-06 20:39:32:253,-1.2407,-0.5799,9.3565,0.0147,0.0131,9.8065,0.1597,0.0171,0.0197,-13.44,-37,-6.12,246.2,-86.56,-170.9
52.384743,-1.536548,152.71,12.92,4,29.39,20 / 21,4766609,2019-09-06 20:39:32:352,-0.4671,0.0564,9.43,-0.0595,-0.0439,9.8063,0.2135,0.0053,0.014,-13.37,-37.25,-5.69,248.24,-86.97,-169.72
52.384743,-1.536548,152.71,12.92,4,29.39,20 / 21,4766710,2019-09-06 20:39:32:453,-0.471,-0.2585,10.6142,-0.0212,-0.0249,9.8065,-0.0361,-0.0437,-0.0041,-13.87,-37,-5.81,251.08,-86.84,-168.46
52.384743,-1.536548,152.71,12.92,4,29.39,20 / 21,4766810,2019-09-06 20:39:32:553,0.493,-0.0391,10.3321,0.0191,0.0081,9.8066,0.029,-0.0384,0,-13.19,-36.56,-6.5,249.61,-86.73,-167.7
52.384743,-1.536548,152.71,12.92,4,29.39,20 / 21,4766910,2019-09-06 20:39:32:653,0.7027,-0.3263,9.9121,-0.0001,-0.0094,9.8066,-0.0057,0.006,0.0271,-13.69,-37.25,-5.75,251.81,-86.55,-167.03
52.384743,-1.536548,152.71,12.92,4,29.39,20 / 21,4767010,2019-09-06 20:39:32:753,0.1542,-0.5722,9.7854,0.0102,-0.0086,9.8066,-0.0637,-0.0163,0.0153,-14.19,-36.56,-6.12,255.07,-86.46,-163.4
52.384743,-1.536548,152.71,12.92,4,29.39,20 / 21,4767110,2019-09-06 20:39:32:853,0.5389,-0.9045,9.832,0.0039,-0.0022,9.8066,0.023,0.0576,-0.0155,-14.37,-36.56,-6.25,256.61,-86.5,-161.91
52.384743,-1.536548,152.71,12.92,4,29.39,20 / 21,4767210,2019-09-06 20:39:32:953,-0.24,0.0883,9.1121,-0.0128,-0.0167,9.8066,0.0483,-0.0154,0.03,-14.69,-37,-6.06,261.54,-86.8,-159.4
52.384743,-1.536548,152.71,12.92,4,29.39,20 / 21,4767310,2019-09-06 20:39:33:053,0.6102,-0.6256,10.439,-0.0484,-0.0361,9.8064,-0.1546,-0.0001,-0.0394,-14.06,-36.69,-6.62,260.02,-86.96,-156.32
52.384743,-1.536548,152.71,12.92,4,29.39,20 / 21,4767410,2019-09-06 20:39:33:153,0.4478,-0.2213,10.2393,0.0192,0.0222,9.8066,0.0061,-0.0874,-0.0055,-14.37,-37.12,-6.44,264.01,-86.93,-155.36
52.384743,-1.536548,152.71,12.92,4,29.39,20 / 21,4767510,2019-09-06 20:39:33:253,0.8832,0.3272,9.9068,-0.0068,0.0025,9.8065,-0.0034,-0.0631,0.0143,-15,-36.81,-6.37,262.26,-86.74,-158.51
52.384743,-1.536548,152.71,12.92,4,29.39,20 / 21,4767610,2019-09-06 20:39:33:353,0.4875,-0.7006,9.8397,0.0071,0.0141,9.8066,-0.0774,-0.0653,0.0457,-14.31,-36.94,-6.06,257.74,-86.57,-160.9
52.384743,-1.536548,152.71,12.92,4,29.39,20 / 21,4767710,2019-09-06 20:39:33:453,0.003,-0.948,9.6941,-0.0284,-0.0208,9.8065,0.1227,-0.0395,-0.0291,-14.37,-36.62,-6.06,257.09,-86.51,-161.43
52.384743,-1.536548,152.71,12.92,4,29.39,20 / 21,4767810,2019-09-06 20:39:33:553,0.2647,-0.2073,9.7887,-0.0393,-0.0166,9.8065,0.0631,-0.0172,-0.0044,-14.44,-36.94,-5.56,257.57,-86.7,-161.4
52.384743,-1.536548,152.71,12.92,4,29.39,20 / 21,4767910,2019-09-06 20:39:33:653,0.4729,-0.5376,10.0684,-0.0156,-0.0076,9.8066,0.0557,-0.0105,-0.048,-14.37,-37,-6.44,256.53,-86.7,-162.46
52.384743,-1.536548,152.71,12.92,4,29.39,20 / 21,4768009,2019-09-06 20:39:33:752,1.3567,0.4894,10.6957,-0.0026,0.0089,9.8066,0.211,-0.0258,-0.0099,-14.25,-36.94,-5.69,255.37,-86.57,-163.34
52.384743,-1.536548,152.71,12.92,4,29.39,20 / 21,4768110,2019-09-06 20:39:33:853,1.9223,0.7811,9.059,-0.0013,-0.007,9.8066,-0.1422,-0.0561,0.0326,-14.12,-36.62,-5.44,255.6,-86.59,-166.52
52.384743,-1.536548,152.71,12.92,4,29.39,20 / 21,4768209,2019-09-06 20:39:33:952,-0.5609,-1.1388,8.9554,-0.0292,-0.0212,9.8065,-0.0753,-0.0482,-0.0401,-14.12,-37.37,-6.25,254.26,-86.64,-164.68
52.384743,-1.536548,152.71,12.92,4,29.39,20 / 21,4768310,2019-09-06 20:39:34:053,2.2607,0.4363,10.0344,-0.0347,-0.0178,9.8065,0.1221,-0.0323,0.0369,-14.12,-37.19,-5.31,257.75,-86.8,-164.81
52.384743,-1.536548,152.71,12.92,4,29.39,20 / 21,4768409,2019-09-06 20:39:34:152,-1.6838,-1.2752,9.9892,-0.0082,-0.009,9.8066,0.012,-0.0809,0.03,-14.75,-36.62,-5.75,258.51,-86.94,-162.82
52.384743,-1.536548,152.71,12.92,4,29.39,20 / 21,4768510,2019-09-06 20:39:34:253,2.1038,1.1457,9.7204,-0.0208,-0.0156,9.8065,-0.167,-0.0719,0.0433,-14.75,-37,-5.5,262.81,-86.91,-161.56
52.384743,-1.536548,152.71,12.92,4,29.39,20 / 21,4768609,2019-09-06 20:39:34:352,0.3367,-0.3697,10.3283,0.0622,0.0422,9.8063,-0.072,-0.0077,0.0248,-14.69,-37.25,-5.62,258.53,-87.12,-163.19
52.384743,-1.536548,152.71,12.92,4,29.39,20 / 21,4768709,2019-09-06 20:39:34:452,0.773,-0.7462,10.1773,0.032,0.0151,9.8066,-0.0539,0.0011,-0.0617,-14.19,-37,-5.5,256.43,-86.7,-165.93
52.384743,-1.536548,152.71,12.92,4,29.39,20 / 21,4768809,2019-09-06 20:39:34:552,0.0546,0.1841,10.8007,0.0081,0.014,9.8066,-0.0057,-0.0378,-0.0086,-14.31,-37.06,-4.94,255.24,-86.71,-167.17
52.384743,-1.536548,152.71,12.92,4,29.39,20 / 21,4768909,2019-09-06 20:39:34:652,-1.5725,0.0773,9.4787,-0.0317,-0.0075,9.8066,-0.0121,0.0386,-0.0126,-14.75,-36.75,-5.44,256.23,-86.77,-167.98
52.384743,-1.536548,152.71,12.92,4,29.39,20 / 21,4769010,2019-09-06 20:39:34:753,-0.4876,-0.3434,10.5436,-0.0013,-0.0002,9.8066,-0.0188,-0.0517,0.005,-14.56,-37.06,-6.37,253.15,-86.92,-168.31
52.384743,-1.536548,152.71,12.92,4,29.39,20 / 21,4769110,2019-09-06 20:39:34:853,-0.0159,-0.6966,10.5911,-0.0012,-0.0031,9.8066,-0.1658,0.0428,0.0477,-13.94,-37.31,-5.69,251.98,-86.89,-167.63
52.384743,-1.536548,152.71,12.92,4,29.39,20 / 21,4769210,2019-09-06 20:39:34:953,0.0507,0.334,9.3699,0.0114,-0.008,9.8066,-0.0773,0.0283,-0.0152,-14.87,-37.44,-6.31,253.6,-86.88,-167.74
52.384743,-1.536548,152.71,12.92,4,29.39,20 / 21,4769310,2019-09-06 20:39:35:053,0.2946,-1.1078,9.8954,0.0089,0.0011,9.8066,0.0208,0.0082,-0.0371,-14.94,-36.94,-6.06,254.95,-86.73,-166.02
52.384743,-1.536548,152.71,12.92,4,29.39,20 / 21,4769409,2019-09-06 20:39:35:152,-0.6454,-1.1622,10.1668,-0.0116,-0.0033,9.8065,0.0595,-0.0157,0.0473,-14.25,-37.19,-5.56,251.89,-86.75,-167.41
52.384743,-1.536548,152.71,12.92,4,29.39,20 / 21,4769510,2019-09-06 20:39:35:253,1.0444,0.2238,10.0502,0.0015,-0.0085,9.8066,0.0099,-0.0904,-0.0057,-15,-37.12,-5.19,256.97,-86.64,-166.93
52.384743,-1.536548,152.71,12.92,4,29.39,20 / 21,4769610,2019-09-06 20:39:35:353,0.0712,-0.3778,9.7966,0.0035,0.013,9.8065,-0.0413,0.0072,-0.0126,-14.81,-37.12,-5.94,253.36,-86.61,-167.41
52.384743,-1.536548,152.71,12.92,4,29.39,20 / 21,4769709,2019-09-06 20:39:35:452,0.389,-0.3464,9.8384,0.0034,-0.004,9.8065,0.0093,-0.0039,0.0055,-14.94,-37.25,-5.56,252.31,-86.69,-168.67
52.384743,-1.536548,152.71,12.92,4,29.39,20 / 21,4769810,2019-09-06 20:39:35:553,-0.3278,-0.302,9.9412,-0.0154,0.0045,9.8066,0.0238,-0.0209,-0.018,-14.25,-36.75,-5.37,253.63,-86.87,-169.23
52.384743,-1.536548,152.71,12.92,4,29.39,20 / 21,4769910,2019-09-06 20:39:35:653,-0.7103,-0.9043,9.4513,-0.0071,0.0053,9.8066,-0.0038,0.0384,-0.0398,-14.81,-37.37,-5.87,250.65,-86.84,-170.73
52.384743,-1.536548,152.71,12.92,4,29.39,20 / 21,4770010,2019-09-06 20:39:35:753,-0.0486,-0.1072,9.6283,-0.0022,-0.0032,9.8066,-0.032,-0.0029,0.0335,-14.69,-37.12,-5.19,254.06,-86.82,-170.34
52.384743,-1.536548,152.71,12.92,4,29.39,20 / 21,4770109,2019-09-06 20:39:35:852,-0.3744,-0.3309,9.7281,-0.013,-0.0121,9.8066,0.0492,0.0148,0.0136,-14.25,-37.37,-5.62,250.24,-86.89,-169.46
52.384743,-1.536548,152.71,12.92,4,29.39,20 / 21,4770210,2019-09-06 20:39:35:953,-0.5573,-1.7599,9.7857,-0.0033,-0.0066,9.8066,-0.0506,-0.0551,0.0202,-15.44,-36.62,-5.44,256.42,-86.88,-168.05
52.384743,-1.536548,152.71,12.92,4,29.39,20 / 21,4770310,2019-09-06 20:39:36:053,-1.1685,0.1198,9.0699,-0.0241,-0.0207,9.8065,0.2489,-0.0612,0.0202,-14.56,-37.37,-6,252.74,-86.84,-168.55
52.384743,-1.536548,152.71,12.92,4,29.39,20 / 21,4770410,2019-09-06 20:39:36:153,0.5799,-1.3531,10.8554,-0.0655,-0.0258,9.8063,0.1786,-0.0575,0.0695,-14.19,-36.87,-5.5,256.08,-86.96,-166.92
52.384743,-1.536548,152.71,12.92,4,29.39,20 / 21,4770510,2019-09-06 20:39:36:253,0.1473,-0.2186,9.5289,0.0557,0.0114,9.8064,-0.0031,0.0278,-0.0016,-15.19,-36.75,-6.06,253.02,-86.7,-167.95
52.384743,-1.536548,152.71,12.92,4,29.39,20 / 21,4770609,2019-09-06 20:39:36:352,0.7256,2.3669,10.371,0.0048,0.0187,9.8066,-0.0074,-0.1111,0.0236,-14.5,-37.31,-5.37,253.58,-86.31,-167.95
52.384743,-1.536548,152.71,12.92,4,29.39,20 / 21,4770710,2019-09-06 20:39:36:453,-2.0154,-1.5031,8.6536,-0.0012,-0.0084,9.8066,-0.3309,0.0326,0.0357,-14.31,-37,-5.56,251.5,-86.43,-167.08
52.384743,-1.536548,152.71,12.92,4,29.39,20 / 21,4770809,2019-09-06 20:39:36:552,-2.0743,-1.1574,9.4175,0.0194,0.0049,9.8066,-0.3644,0.0243,0.0121,-14.5,-36.37,-5.94,253.73,-86.61,-165.37
52.384743,-1.536548,152.71,12.92,4,29.39,20 / 21,4770910,2019-09-06 20:39:36:653,-2.1164,-0.1816,10.4559,-0.0171,0.0055,9.8065,0.0425,-0.0462,0.0629,-14.69,-36.62,-5.62,255.83,-86.53,-164.66
52.384743,-1.536548,152.71,12.92,4,29.39,20 / 21,4771009,2019-09-06 20:39:36:752,-0.7488,-0.2062,8.8458,0.0251,0.0132,9.8065,-0.0776,-0.0026,-0.0201,-14.56,-36.25,-5.75,254.31,-86.43,-166.21
52.384743,-1.536548,152.71,12.92,4,29.39,20 / 21,4771109,2019-09-06 20:39:36:852,-2.0119,-0.8881,9.3262,0.0452,0.0325,9.8064,0.1117,0.0383,0.0283,-15.25,-36.87,-5.44,256.07,-86.19,-166.84
52.384743,-1.536548,152.71,12.92,4,29.39,20 / 21,4771209,2019-09-06 20:39:36:952,-1.2944,-0.8722,10.3972,-0.0424,-0.0309,9.8064,0.149,0.0703,-0.0199,-14.87,-37.12,-5.5,259.32,-86.5,-164.18
52.384743,-1.536548,152.71,12.92,4,29.39,20 / 21,4771309,2019-09-06 20:39:37:052,0.0196,-0.3468,9.3762,-0.0201,-0.0139,9.8066,-0.0559,-0.0158,-0.0105,-15,-36.69,-6.12,255.71,-86.47,-164.64
52.384743,-1.536548,152.71,12.92,4,29.39,20 / 21,4771409,2019-09-06 20:39:37:152,-0.2612,-0.4525,10.1985,0.0253,0.0169,9.8066,-0.0457,-0.0122,-0.0218,-15.06,-37.06,-5.37,258.65,-86.61,-165.13
52.384743,-1.536548,152.71,12.92,4,29.39,20 / 21,4771510,2019-09-06 20:39:37:253,-1.1865,-1.4241,10.2196,0.0224,0.0183,9.8065,0.1587,-0.0112,0.0045,-14.75,-37.06,-6.25,253.33,-86.43,-167.04
52.384743,-1.536548,152.71,12.92,4,29.39,20 / 21,4771609,2019-09-06 20:39:37:352,-0.0177,0.9391,10.8229,-0.0246,-0.0025,9.8065,0.1925,0.0291,-0.0278,-14.69,-36.69,-5.06,254.92,-86.47,-168.66
52.384743,-1.536548,152.71,12.92,4,29.39,20 / 21,4771709,2019-09-06 20:39:37:452,1.0397,0.152,9.6766,-0.0367,-0.0262,9.8065,-0.3139,0.0014,-0.0166,-14.56,-36.94,-5.62,250.99,-86.43,-169.47
52.384743,-1.536548,152.71,12.92,4,29.39,20 / 21,4771810,2019-09-06 20:39:37:553,-0.7033,-0.2359,8.9699,0.0274,0.0312,9.8065,-0.3342,0.0167,-0.003,-14.62,-36.69,-6.06,248.88,-86.18,-171.16
52.384743,-1.536548,152.71,12.92,4,29.39,20 / 21,4771910,2019-09-06 20:39:37:653,-1.9833,-1.1368,8.5308,0.0653,0.0379,9.8063,0.1657,0.0388,0.012,-14.56,-37.12,-5.75,248.38,-86.14,-171.62
52.384743,-1.536548,152.71,12.92,4,29.39,20 / 21,4772010,2019-09-06 20:39:37:753,-2.4021,-0.9841,10.1563,-0.0669,-0.0557,9.8062,0.2123,0.0499,-0.0809,-14.5,-37.12,-5.81,247.18,-86.31,-171.37
52.384743,-1.536548,152.71,12.92,4,29.39,20 / 21,4772110,2019-09-06 20:39:37:853,-0.4944,0.778,10.0506,-0.0934,-0.0478,9.8061,-0.155,-0.0403,0.054,-14.44,-36.87,-5.56,249.08,-86.82,-170.51
52.384743,-1.536548,152.71,12.92,4,29.39,20 / 21,4772209,2019-09-06 20:39:37:952,1.4169,-0.4278,10.3093,0.08,0.0493,9.8062,-0.0651,0.0062,-0.038,-14.31,-36.94,-5.69,246.44,-86.33,-172.19
52.384743,-1.536548,152.71,12.92,4,29.39,20 / 21,4772309,2019-09-06 20:39:38:052,-1.218,-0.6278,8.8762,-0.0439,-0.0277,9.8065,-0.207,-0.0708,-0.0052,-14.31,-36.69,-5.19,248.67,-86.56,-173.7
52.385666,-1.535748,154.85,10.84,4,29.39,19 / 21,4772409,2019-09-06 20:39:38:152,-0.3586,-1.4932,10.4101,-0.0132,0.0009,9.8066,-0.1321,-0.0285,-0.0486,-14.94,-36.5,-6.06,248.41,-86.69,-172.94
52.385666,-1.535748,154.85,10.84,4,29.39,19 / 21,4772510,2019-09-06 20:39:38:253,1.1551,-0.0673,10.4606,-0.0215,-0.0018,9.8066,0.015,0.1505,0.0424,-13.94,-35.44,-6.25,243.9,-86.93,-176.58
52.385666,-1.535748,154.85,10.84,4,29.39,19 / 21,4772609,2019-09-06 20:39:38:352,1.4047,1.374,10.166,0.0381,-0.0009,9.8066,0.2297,0.0507,0.0454,-15.06,-36,-6.44,249.9,-86.67,-171.35
52.385666,-1.535748,154.85,10.84,4,29.39,19 / 21,4772710,2019-09-06 20:39:38:453,-1.1848,1.6865,9.4355,0.0025,0.0018,9.8066,-0.1482,-0.248,0.0625,-14.44,-36.87,-7.25,246.76,-86.71,-169.53
52.385666,-1.535748,154.85,10.84,4,29.39,19 / 21,4772809,2019-09-06 20:39:38:552,-0.2319,-0.3007,9.8444,-0.0102,-0.0042,9.8066,-0.1242,-0.0823,0.0089,-14.25,-37.19,-6.62,246.25,-86.58,-169.8
52.385666,-1.535748,154.85,10.84,4,29.39,19 / 21,4772910,2019-09-06 20:39:38:653,-0.0557,-2.2253,9.757,0.0406,0.0158,9.8065,0.1046,-0.0006,-0.0629,-14.31,-37.56,-5.56,248.62,-86.33,-169.66
52.385666,-1.535748,154.85,10.84,4,29.39,19 / 21,4773010,2019-09-06 20:39:38:753,0.4534,0.7431,11.225,0.007,0.0282,9.8065,0.0797,0.0247,-0.0028,-14.37,-37.31,-5.94,248.29,-86.38,-170.35
52.385666,-1.535748,154.85,10.84,4,29.39,19 / 21,4773109,2019-09-06 20:39:38:852,-0.7504,-0.6098,9.3079,0.0225,0.0008,9.8066,-0.1223,-0.0553,0.0414,-14.56,-37.62,-5.56,248.39,-86.15,-171.4
52.385666,-1.535748,154.85,10.84,4,29.39,19 / 21,4773210,2019-09-06 20:39:38:953,-1.1743,-0.9276,9.0079,0.0052,0.0062,9.8066,-0.1838,0.0315,-0.0171,-13.62,-37.44,-5.69,246.37,-86.17,-171.93
52.385666,-1.535748,154.85,10.84,4,29.39,19 / 21,4773309,2019-09-06 20:39:39:052,-0.7953,-1.6417,9.3996,0.0414,0.0219,9.8065,-0.3191,-0.0503,0.0352,-14.56,-37.37,-5.81,246.76,-86,-173.04
52.385666,-1.535748,154.85,10.84,4,29.39,19 / 20,4773410,2019-09-06 20:39:39:153,-0.5558,-0.0307,9.8042,-0.0564,-0.0253,9.8064,0.0712,-0.0427,0.0161,-14.19,-37.19,-4.81,248.15,-86.4,-173.87
52.385666,-1.535748,154.85,10.84,4,29.39,19 / 20,4773510,2019-09-06 20:39:39:253,0.0326,0.0425,10.2056,-0.0363,-0.0319,9.8065,0.0962,-0.0236,-0.0036,-14.62,-36.69,-5.25,250.95,-86.37,-172.58
52.385666,-1.535748,154.85,10.84,4,29.39,19 / 20,4773610,2019-09-06 20:39:39:353,-0.3886,-0.6295,10.0846,0.0049,0.0072,9.8066,0.0668,-0.0435,-0.042,-14,-37.31,-5.37,248.75,-86.42,-173.29
52.385666,-1.535748,154.85,10.84,4,29.39,19 / 20,4773709,2019-09-06 20:39:39:452,-1.0584,-0.6124,9.514,-0.0128,-0.0018,9.8066,-0.1034,0.0134,0.0263,-14.5,-37.56,-5.75,244.31,-86.48,-174.59
52.385666,-1.535748,154.85,10.84,4,29.39,19 / 20,4773810,2019-09-06 20:39:39:553,-1.163,-0.4479,9.3356,-0.0036,-0.0078,9.8066,0.0021,0.057,0.0373,-13.56,-36.94,-5.62,245.48,-86.57,-173.74
52.385666,-1.535748,154.85,10.84,4,29.39,19 / 20,4773910,2019-09-06 20:39:39:653,-1.0946,-0.5417,9.8368,0.0079,-0.0041,9.8066,0.0416,0.0135,-0.0275,-14.81,-37,-5.5,251.14,-86.45,-172.57
52.385666,-1.535748,154.85,10.84,4,29.39,19 / 20,4774010,2019-09-06 20:39:39:753,0.4398,-0.8751,10.1337,-0.0344,-0.0218,9.8065,0.1524,-0.0329,0.0614,-14.19,-37,-5.5,249.37,-86.55,-172.93
52.385666,-1.535748,154.85,10.84,4,29.39,19 / 20,4774110,2019-09-06 20:39:39:853,-0.7409,-0.4291,9.8904,0.0178,0.0086,9.8066,0.0316,-0.0284,0.0516,-15.19,-37,-5.5,252.51,-86.51,-171.26
52.385666,-1.535748,154.85,10.84,4,29.39,19 / 20,4774209,2019-09-06 20:39:39:952,-1.5207,-0.2233,9.8164,-0.0018,-0.0182,9.8066,-0.0279,0.0263,-0.0193,-14.56,-37.44,-5.44,252.55,-86.49,-171.17
52.385666,-1.535748,154.85,10.84,4,29.39,19 / 20,4774309,2019-09-06 20:39:40:052,-0.3585,-0.8509,9.8281,-0.012,-0.0116,9.8066,-0.0441,-0.038,0.0566,-14.87,-37.44,-6.25,252.92,-86.61,-167.85
52.385666,-1.535748,154.85,10.84,4,29.39,20 / 21,4774409,2019-09-06 20:39:40:152,-0.4741,0.0534,9.5399,0.0251,-0.003,9.8066,-0.0207,-0.0026,-0.0288,-14.81,-36.81,-5.06,255.79,-86.76,-168.43
52.385666,-1.535748,154.85,10.84,4,29.39,20 / 21,4774510,2019-09-06 20:39:40:253,-1.5151,0.1713,10.2272,-0.0116,-0.0087,9.8066,0.0651,-0.0892,0.104,-15.19,-36.44,-5.37,258.06,-86.6,-165.92
52.385666,-1.535748,154.85,10.84,4,29.39,20 / 21,4774609,2019-09-06 20:39:40:352,0.5745,0.0315,9.7348,-0.003,-0.0055,9.8066,-0.0574,-0.0162,0.0121,-14.94,-37.25,-5.12,260.05,-86.68,-163.84
52.385666,-1.535748,154.85,10.84,4,29.39,20 / 21,4774709,2019-09-06 20:39:40:452,-0.7198,-0.687,10.3539,0.0104,0.0094,9.8066,0.1544,0.0274,-0.0258,-14.56,-36.94,-5.44,260,-86.61,-163.75
52.385666,-1.535748,154.85,10.84,4,29.39,20 / 21,4774810,2019-09-06 20:39:40:553,0.3537,0.148,9.6883,-0.017,-0.0036,9.8066,0.1163,-0.0611,0.0459,-14.94,-37,-5.25,260.25,-86.73,-163.76
52.385666,-1.535748,154.85,10.84,4,29.39,20 / 21,4774910,2019-09-06 20:39:40:653,0.0714,-1.3624,10.1745,0.0172,0.0069,9.8066,-0.1329,-0.0064,-0.0015,-14.5,-36.12,-5.44,260.6,-86.73,-161.92
52.385666,-1.535748,154.85,10.84,4,29.39,20 / 21,4775010,2019-09-06 20:39:40:753,-1.4347,-0.4885,9.7049,-0.011,-0.0046,9.8066,-0.0772,-0.0103,-0.0104,-15.12,-37.37,-5.69,258.37,-86.75,-162.53
52.385666,-1.535748,154.85,10.84,4,29.39,20 / 21,4775110,2019-09-06 20:39:40:853,-1.16,-0.3012,9.8108,-0.0011,0.0054,9.8065,0.1415,-0.0139,0.0914,-14.19,-36.62,-5.44,259.83,-86.79,-162.65
52.385666,-1.535748,154.85,10.84,4,29.39,20 / 21,4775210,2019-09-06 20:39:40:953,-0.3129,0.2043,10.0851,-0.0094,-0.0119,9.8066,0.0944,-0.0035,0.0021,-15.06,-36.37,-5.5,263.42,-86.85,-161.02
52.385666,-1.535748,154.85,10.84,4,29.39,20 / 21,4775310,2019-09-06 20:39:41:053,0.1396,-0.4849,10.6474,-0.0195,-0.0158,9.8066,0.0742,0.0033,-0.0481,-15,-37,-5.37,263.95,-86.86,-160.29
52.385666,-1.535748,154.85,10.84,4,29.39,20 / 21,4775411,2019-09-06 20:39:41:154,0.336,0.625,10.0948,-0.0047,-0.0064,9.8066,-0.0469,-0.0686,0.0503,-15.56,-37.19,-5.31,264.97,-86.8,-160.61
52.385666,-1.535748,154.85,10.84,4,29.39,20 / 21,4775510,2019-09-06 20:39:41:253,-1.4194,-0.6267,9.4347,0.0284,0.014,9.8066,0.0054,0.035,-0.0254,-15.19,-36.94,-5.5,263.09,-86.81,-161.05
52.385666,-1.535748,154.85,10.84,4,29.39,20 / 21,4775609,2019-09-06 20:39:41:352,-1.1366,-0.8882,9.5533,0.0491,0.0229,9.8065,-0.0288,-0.0389,0.0035,-15.12,-36.94,-5.37,260.52,-86.5,-162.96
52.385666,-1.535748,154.85,10.84,4,29.39,20 / 21,4775709,2019-09-06 20:39:41:452,-1.6566,-0.5989,10.3393,-0.0513,-0.0217,9.8064,0.0977,-0.0315,0.0005,-15.31,-37,-5.25,261.25,-86.75,-162.79
52.385666,-1.535748,154.85,10.84,4,29.39,20 / 21,4775809,2019-09-06 20:39:41:552,0.0969,0.152,10.338,-0.0394,-0.0155,9.8065,0.1548,0.0162,-0.0084,-14.75,-36.19,-5.25,260.51,-86.73,-163.7
52.385666,-1.535748,154.85,10.84,4,29.39,20 / 21,4775909,2019-09-06 20:39:41:652,0.7686,-0.2007,10.0287,0.0181,0.0177,9.8065,-0.1246,0.0184,-0.03,-15.56,-36.81,-5.37,260.11,-86.62,-165.17
52.385666,-1.535748,154.85,10.84,4,29.39,20 / 21,4776010,2019-09-06 20:39:41:753,0.247,0.5925,10.0952,0.0103,0.0144,9.8066,-0.1003,-0.007,-0.0112,-15.25,-36.75,-5.31,257.09,-86.63,-166.78
52.385666,-1.535748,154.85,10.84,4,29.39,20 / 21,4776110,2019-09-06 20:39:41:853,-0.9928,-0.3757,9.6786,-0.0024,0.0043,9.8066,0.0309,0.0327,-0.0555,-14.75,-36.69,-5,256.47,-86.65,-167.46
52.385666,-1.535748,154.85,10.84,4,29.39,20 / 21,4776210,2019-09-06 20:39:41:953,-1.4277,-1.5553,9.7453,-0.0001,0.0037,9.8066,-0.0006,-0.025,0.0381,-15.69,-36.69,-5.44,256.28,-86.69,-169.27
52.385666,-1.535748,154.85,10.84,4,29.39,20 / 21,4776310,2019-09-06 20:39:42:053,0.0537,0.0802,9.7164,-0.0155,-0.0008,9.8065,-0.0101,0.0379,-0.0116,-14.87,-36.56,-5.31,254.84,-86.8,-169.51
52.385666,-1.535748,154.85,10.84,4,29.39,20 / 21,4776409,2019-09-06 20:39:42:152,1.4119,-0.0459,11.3869,-0.0074,-0.0152,9.8066,0.2413,-0.0048,-0.0067,-15.37,-36.75,-5.25,256.38,-86.85,-168.03
52.385666,-1.535748,154.85,10.84,4,29.39,20 / 21,4776510,2019-09-06 20:39:42:253,0.1323,-0.2525,9.7887,0.0124,0.01,9.8066,-0.2023,0.0439,0.0159,-15.62,-36.69,-4.94,257.17,-86.79,-168.56
52.385666,-1.535748,154.85,10.84,4,29.39,20 / 21,4776609,2019-09-06 20:39:42:352,-0.9034,0.0411,10.0276,0.0033,0.0005,9.8066,0.0041,0.0009,-0.0002,-14.94,-36.37,-4.69,255.54,-86.83,-169.04
52.385666,-1.535748,154.85,10.84,4,29.39,20 / 21,4776710,2019-09-06 20:39:42:453,-1.9735,-0.2668,9.83,0.0159,0.006,9.8065,0.0315,-0.0143,-0.0146,-15.25,-36.81,-5.31,256.23,-86.93,-168.36
52.385666,-1.535748,154.85,10.84,4,29.39,20 / 21,4776811,2019-09-06 20:39:42:554,0.4756,-0.0961,10.1442,0.0309,0.0108,9.8065,-0.0031,-0.005,0.0173,-15.75,-36.62,-4.94,256.86,-86.77,-168.83
52.385666,-1.535748,154.85,10.84,4,29.39,20 / 21,4776910,2019-09-06 20:39:42:653,0.1799,-0.386,10.1814,0.0182,0.0073,9.8066,-0.0616,0.0323,-0.0333,-15.19,-36.5,-5.25,258.14,-86.78,-166.24
52.385666,-1.535748,154.85,10.84,4,29.39,20 / 21,4777009,2019-09-06 20:39:42:752,-0.1304,-0.6903,9.6719,0.0224,0.0094,9.8066,-0.0324,-0.0309,0.0407,-16.37,-36.19,-5,259.5,-86.75,-166.27
52.385666,-1.535748,154.85,10.84,4,29.39,20 / 21,4777109,2019-09-06 20:39:42:852,-0.2333,0.0436,9.652,-0.0161,-0.0045,9.8066,-0.0137,-0.0191,0.0095,-16.19,-36.56,-5.12,259.36,-86.84,-166.43
52.385666,-1.535748,154.85,10.84,4,29.39,20 / 21,4777210,2019-09-06 20:39:42:953,-0.3677,-0.5304,10.0957,0.0001,-0.0065,9.8066,-0.034,-0.0095,0.0343,-16.06,-36.5,-5.06,260.71,-86.83,-165.21
52.385666,-1.535748,154.85,10.84,4,29.39,20 / 21,4777310,2019-09-06 20:39:43:053,-0.109,-0.5298,10.0447,-0.0296,-0.0151,9.8065,0.0926,0.0125,-0.0038,-17.37,-36.44,-5.5,263.11,-86.86,-164.16
52.385666,-1.535748,154.85,10.84,4,29.39,20 / 21,4777409,2019-09-06 20:39:43:152,-0.3056,0.789,10.211,0.0072,0.0077,9.8066,0.098,-0.0003,0.0065,-16.69,-36.69,-6.19,260.96,-86.96,-163.44
52.385666,-1.535748,154.85,10.84,4,29.39,20 / 21,4777510,2019-09-06 20:39:43:253,0.6212,-0.3906,9.9119,0.0028,0.0025,9.8066,-0.0487,0.04,0.0048,-16.94,-36.12,-5.44,264.73,-86.88,-162.55
52.385666,-1.535748,154.85,10.84,4,29.39,20 / 21,4777610,2019-09-06 20:39:43:353,-0.6828,-0.9966,9.7353,0.01,0.0088,9.8066,-0.0907,-0.0114,0.0188,-17.62,-36.44,-7,261.34,-86.82,-161.55
52.385666,-1.535748,154.85,10.84,4,29.39,20 / 21,4777709,2019-09-06 20:39:43:452,-1.0289,-0.0736,9.3886,0.0224,0.0152,9.8065,0.0865,-0.0225,0.0123,-16.87,-36.12,-6.56,257.98,-86.71,-163.34
52.385666,-1.535748,154.85,10.84,4,29.39,20 / 21,4777809,2019-09-06 20:39:43:552,-0.7879,-0.7073,9.7336,-0.0253,-0.0193,9.8065,0.0549,-0.0036,0.0026,-16.5,-35.87,-6.81,258.09,-86.83,-161.9
52.385666,-1.535748,154.85,10.84,4,29.39,20 / 21,4777910,2019-09-06 20:39:43:653,0.1467,-0.0742,10.0523,-0.027,-0.0123,9.8066,0.0365,-0.0301,-0.0121,-16.81,-35.87,-7.19,259.22,-86.85,-162.34
52.385666,-1.535748,154.85,10.84,4,29.39,20 / 21,4778010,2019-09-06 20:39:43:753,-0.1266,-0.1707,9.852,-0.0073,-0.0036,9.8066,0.0579,0.0047,-0.0246,-16.75,-35.75,-7.56,256.1,-86.86,-162.86
52.385666,-1.535748,154.85,10.84,4,29.39,20 / 21,4778110,2019-09-06 20:39:43:853,0.0928,0.1171,10.0382,-0.0117,-0.0059,9.8066,-0.0684,0.021,-0.0095,-15.56,-35.62,-7.5,256.77,-86.94,-163.46
52.385666,-1.535748,154.85,10.84,4,29.39,20 / 21,4778210,2019-09-06 20:39:43:953,-0.1543,-0.4959,9.9756,0.0174,0.0097,9.8065,0.009,-0.0074,0.0127,-15.87,-35.31,-7.31,257.85,-86.96,-162.56
52.385666,-1.535748,154.85,10.84,4,29.39,20 / 21,4778310,2019-09-06 20:39:44:053,-0.4323,-0.1852,9.7398,0.0106,0.0114,9.8066,-0.069,-0.0094,0.0056,-15.56,-35.44,-7.69,254.3,-86.88,-163.27
52.385666,-1.535748,154.85,10.84,4,29.39,20 / 21,4778409,2019-09-06 20:39:44:152,-0.1218,-0.3453,9.752,0.0009,0.0062,9.8066,-0.0612,-0.011,0.0126,-14.44,-35.44,-7,252.91,-86.97,-164.05
52.385666,-1.535748,154.85,10.84,4,29.39,20 / 21,4778510,2019-09-06 20:39:44:253,-0.4591,-0.1613,9.6944,-0.0068,-0.0035,9.8066,0.0719,-0.0089,-0.0343,-14.69,-35.37,-7.25,254.74,-86.97,-164.06
52.385666,-1.535748,154.85,10.84,4,29.39,20 / 21,4778610,2019-09-06 20:39:44:353,-0.1646,-0.5467,9.925,-0.0154,-0.0027,9.8066,0.0221,-0.016,0.0161,-15.06,-35.81,-8.31,250.91,-87.04,-165.1
52.385666,-1.535748,154.85,10.84,4,29.39,20 / 21,4778710,2019-09-06 20:39:44:453,-0.6646,-0.7056,10.3334,0.0032,0.0067,9.8066,-0.0058,0.0124,-0.017,-14.81,-35.06,-7.37,253.84,-87.04,-165.13
52.385666,-1.535748,154.85,10.84,4,29.39,20 / 21,4778809,2019-09-06 20:39:44:552,-0.2952,-0.2226,9.7769,0.0114,0.0045,9.8065,0.0476,0.0066,0.0118,-14.25,-35.31,-7.44,251.5,-87.09,-165.78
52.385666,-1.535748,154.85,10.84,4,29.39,20 / 21,4778910,2019-09-06 20:39:44:653,-0.2813,-0.4277,9.9451,0.0002,-0.0035,9.8066,-0.0868,0.0087,-0.0199,-14.37,-35.69,-8.19,248.37,-87.04,-165.76
52.385666,-1.535748,154.85,10.84,4,29.39,20 / 21,4779009,2019-09-06 20:39:44:752,-0.3543,-0.8749,10.073,0.0152,0.0079,9.8066,-0.1042,0.002,-0.014,-14.56,-35.44,-7.75,251.02,-87.03,-165.13
52.385666,-1.535748,154.85,10.84,4,29.39,20 / 21,4779109,2019-09-06 20:39:44:852,-0.6577,-0.423,9.7846,0.0024,0.0174,9.8066,0.0648,0.0124,-0.0099,-14.06,-35.06,-7.75,247.3,-87.13,-167.22
52.385666,-1.535748,154.85,10.84,4,29.39,20 / 21,4779209,2019-09-06 20:39:44:952,-0.3806,-0.5092,9.7498,-0.0057,-0.0046,9.8066,0.0044,0.0043,-0.0003,-13.37,-35.12,-7.62,244.89,-87.14,-167.59
52.385666,-1.535748,154.85,10.84,4,29.39,20 / 21,4779310,2019-09-06 20:39:45:053,-0.3783,-0.2195,10.0204,-0.0056,0.0012,9.8066,-0.0202,0.0049,0.0115,-13.31,-35,-7.69,244.54,-87.18,-168.03
52.385666,-1.535748,154.85,10.84,4,29.39,20 / 21,4779410,2019-09-06 20:39:45:153,-0.5259,-0.3672,9.9392,0.0021,0.0024,9.8066,-0.0158,0.0068,0.0034,-13.94,-35.06,-7.44,249.57,-87.23,-168.07
52.385666,-1.535748,154.85,10.84,4,29.39,20 / 21,4779510,2019-09-06 20:39:45:253,-0.3616,0.0182,9.5723,-0.0027,-0.0048,9.8066,0.0291,0.0066,-0.011,-13.12,-35.87,-7.19,247.54,-87.23,-167.92
52.385666,-1.535748,154.85,10.84,4,29.39,20 / 21,4779609,2019-09-06 20:39:45:352,-0.3925,-0.6452,9.7497,-0.006,-0.0041,9.8066,0.0053,0.0021,-0.0114,-12.94,-35.56,-7.75,245.26,-87.25,-167.26
52.385666,-1.535748,154.85,10.84,4,29.39,20 / 21,4779710,2019-09-06 20:39:45:453,-0.5863,-0.4429,10.0949,-0.0113,0.0041,9.8066,0.0192,0.001,-0.0247,-13.12,-35.81,-7.19,246.59,-87.27,-169.02
52.385666,-1.535748,154.85,10.84,4,29.39,20 / 21,4779810,2019-09-06 20:39:45:553,-0.2789,-1.0091,10.0435,-0.0104,0.0002,9.8066,0.0319,-0.0114,-0.0055,-13.62,-35.69,-8,246.58,-87.31,-168.17
52.385666,-1.535748,154.85,10.84,4,29.39,20 / 21,4779909,2019-09-06 20:39:45:652,-0.5113,-0.0607,10.0288,-0.0121,-0.0059,9.8066,-0.008,0.0342,-0.0017,-13.12,-36.12,-6.31,249.17,-87.42,-169.99
52.385666,-1.535748,154.85,10.84,4,29.39,20 / 21,4780010,2019-09-06 20:39:45:753,-0.0271,-0.0092,9.986,0.0042,-0.0014,9.8066,0.0398,-0.0103,0.0128,-12.31,-36.19,-6.81,244.42,-87.42,-169.29
52.385666,-1.535748,154.85,10.84,4,29.39,20 / 21,4780109,2019-09-06 20:39:45:852,-0.1784,-0.3659,9.8308,-0.0018,-0.0087,9.8066,-0.028,0.0073,0.0163,-11.69,-36.25,-6.19,249.41,-87.43,-167.57
52.385666,-1.535748,154.85,10.84,4,29.39,20 / 21,4780210,2019-09-06 20:39:45:953,-0.5022,-0.5353,9.8161,0.0036,0.0009,9.8066,-0.0404,-0.0002,0.0274,-12.31,-36,-6.87,246.76,-87.43,-166.87
52.385666,-1.535748,154.85,10.84,4,29.39,20 / 21,4780310,2019-09-06 20:39:46:053,-0.5179,-0.2235,10.0456,0.0023,0.0046,9.8066,0.0261,0.0107,-0.0185,-12.81,-36.56,-6.56,249.56,-87.49,-166.26
52.385666,-1.535748,154.85,10.84,4,29.39,20 / 21,4780410,2019-09-06 20:39:46:153,-0.2962,-0.1949,10.0115,-0.0075,0,9.8066,0.0438,-0.0042,0.0142,-12.31,-36.31,-6.25,249.43,-87.55,-167.84
52.385666,-1.535748,154.85,10.84,4,29.39,20 / 21,4780509,2019-09-06 20:39:46:252,-0.3024,-0.1156,9.79,-0.0047,-0.0056,9.8065,-0.014,-0.0213,-0.0095,-11.81,-36,-6.87,246.41,-87.62,-167.69
52.385666,-1.535748,154.85,10.84,4,29.39,20 / 21,4780610,2019-09-06 20:39:46:353,-0.404,-0.2732,9.9218,0.0045,0.0028,9.8066,-0.0089,-0.0055,0.0153,-11.69,-35.94,-6.12,248.63,-87.57,-168.74
52.385666,-1.535748,154.85,10.84,4,29.39,20 / 21,4780710,2019-09-06 20:39:46:453,-0.1769,-0.2359,9.9175,0.0015,-0.0039,9.8066,-0.0073,-0.0213,0.0125,-11.75,-36.44,-6.69,246.64,-87.6,-167.39
52.385666,-1.535748,154.85,10.84,4,29.39,20 / 21,4780809,2019-09-06 20:39:46:552,-0.4124,-0.2296,9.7426,-0.0028,-0.0072,9.8066,-0.0246,-0.0187,-0.0016,-14.87,-35.56,-5.31,260.72,-87.65,-165.57
52.385666,-1.535748,154.85,10.84,4,29.39,20 / 21,4780910,2019-09-06 20:39:46:653,-0.2459,-0.2114,10.1482,0.0017,-0.0017,9.8066,0.0299,0.0149,-0.0027,-15.5,-35.5,-4.81,262.46,-87.68,-164.01
52.385666,-1.535748,154.85,10.84,4,29.39,20 / 21,4781009,2019-09-06 20:39:46:752,-0.2372,-0.1079,10.0508,0.0016,0.002,9.8066,0.0073,-0.0078,-0.0027,-14.81,-35.44,-4.31,265.05,-87.73,-164.93
52.385666,-1.535748,154.85,10.84,4,29.39,20 / 21,4781110,2019-09-06 20:39:46:853,-0.2586,0.0511,9.7002,0.0049,0.0023,9.8066,0.0039,0.0009,0.008,-15.37,-35.87,-5.12,260.99,-87.67,-165.33
52.385666,-1.535748,154.85,10.84,4,29.39,20 / 21,4781210,2019-09-06 20:39:46:953,-0.3585,0.0226,9.8304,0.0017,-0.0022,9.8066,0.0307,0.008,0.0136,-14.94,-35.12,-4.06,264.23,-87.66,-165.59
52.385666,-1.535748,154.85,10.84,4,29.39,20 / 21,4781310,2019-09-06 20:39:47:053,-0.4486,-0.1473,9.9223,0.006,0.0009,9.8066,0.0285,0.0046,-0.0125,-14.37,-35.81,-3.87,263.34,-87.63,-164.89
52.386135,-1.535318,154.61,2.64,4,29.54,20 / 21,4781409,2019-09-06 20:39:47:152,-0.2925,-0.049,9.868,-0.0037,-0.0004,9.8066,0.0032,-0.0095,0,-14.56,-36.06,-3.87,264.56,-87.63,-165.03
52.386135,-1.535318,154.61,2.64,4,29.54,20 / 21,4781509,2019-09-06 20:39:47:252,-0.179,-0.1066,9.767,-0.0034,-0.0017,9.8066,0.0072,0.0008,0.002,-15.87,-35.87,-3.94,266.04,-87.66,-164.82
52.386135,-1.535318,154.61,2.64,4,29.54,20 / 21,4781610,2019-09-06 20:39:47:353,-0.4179,-0.1373,10.0141,-0.0046,-0.0016,9.8066,-0.018,0.007,0.0008,-15.62,-35.69,-4.06,266.73,-87.7,-164.21
52.386135,-1.535318,154.61,2.64,4,29.54,20 / 21,4781710,2019-09-06 20:39:47:453,-0.0754,-0.0754,9.9638,-0.0036,-0.0004,9.8066,0.0151,0.0061,0.0139,-15.12,-36,-4.37,265.75,-87.72,-164.04
52.386135,-1.535318,154.61,2.64,4,29.54,20 / 21,4781810,2019-09-06 20:39:47:553,-0.2021,0.0327,9.7281,0.0027,-0.0025,9.8066,-0.0035,-0.0014,-0.0053,-15.31,-35.75,-5,262.32,-87.71,-164.08
52.386135,-1.535318,154.61,2.64,4,29.54,20 / 21,4781909,2019-09-06 20:39:47:652,-0.3767,-0.2382,9.9653,0.0028,-0.0007,9.8066,0.0149,0.0132,0.0209,-15.5,-35.75,-4.5,266.64,-87.68,-163.04
52.386135,-1.535318,154.61,2.64,4,29.54,20 / 21,4782010,2019-09-06 20:39:47:753,-0.1173,0.0021,10.0592,-0.0039,-0.0065,9.8066,0.0048,0.0033,0.0082,-15.06,-35.81,-4.31,267.43,-87.72,-162.35
52.386135,-1.535318,154.61,2.64,4,29.54,20 / 21,4782110,2019-09-06 20:39:47:853,-0.3266,-0.2089,10.0042,-0.0031,-0.0008,9.8066,-0.0029,-0.0078,0.0115,-14.56,-35.19,-4.62,264.85,-87.72,-161.69
52.386135,-1.535318,154.61,2.64,4,29.54,20 / 21,4782210,2019-09-06 20:39:47:953,-0.1529,0.0717,9.6973,-0.0038,-0.0011,9.8066,0.0063,0.0067,-0.0027,-14.81,-35.37,-4.37,269.39,-87.79,-160.7
52.386135,-1.535318,154.61,2.64,4,29.54,20 / 21,4782310,2019-09-06 20:39:48:053,-0.1626,-0.1605,9.7107,-0.0015,-0.0011,9.8066,-0.0073,0,-0.0082,-15,-35,-4.94,266.01,-87.8,-160.68
52.386135,-1.535318,154.61,2.64,4,29.54,19 / 20,4782409,2019-09-06 20:39:48:152,-0.2982,-0.2501,10.051,-0.0047,-0.001,9.8066,0.006,-0.0081,0.0091,-15.56,-36.06,-4.94,267.95,-87.83,-160.03
52.386135,-1.535318,154.61,2.64,4,29.54,19 / 20,4782510,2019-09-06 20:39:48:253,-0.3543,-0.0937,9.8509,-0.001,-0.0007,9.8066,-0.0285,0.0013,-0.0037,-15.62,-35.56,-5.12,268.45,-87.89,-159.66
52.386135,-1.535318,154.61,2.64,4,29.54,19 / 20,4782609,2019-09-06 20:39:48:352,-0.1092,-0.08,9.779,-0.0003,-0.0026,9.8066,-0.0102,0.0007,0.0141,-15.75,-35.06,-4.87,269.16,-87.91,-159.12
52.386135,-1.535318,154.61,2.64,4,29.54,19 / 20,4782709,2019-09-06 20:39:48:452,-0.3301,-0.1456,9.9805,0.0019,-0.0001,9.8066,0.0087,0.0039,0.0118,-15.44,-35.19,-5.06,268.49,-87.91,-158.45
52.386135,-1.535318,154.61,2.64,4,29.54,19 / 20,4782809,2019-09-06 20:39:48:552,-0.3641,-0.2628,9.9855,-0.0034,-0.0038,9.8066,0.0182,0.0097,0.0075,-15.25,-34.87,-4.81,270.05,-87.96,-157
52.386135,-1.535318,154.61,2.64,4,29.54,19 / 20,4782909,2019-09-06 20:39:48:652,-0.3584,-0.3352,10.0408,-0.0018,-0.0023,9.8066,0.0185,0.0023,-0.0037,-15.06,-35,-4.62,270.86,-87.97,-156.2
52.386135,-1.535318,154.61,2.64,4,29.54,19 / 20,4783009,2019-09-06 20:39:48:752,-0.0988,-0.1921,9.9447,0.0045,0.0033,9.8066,-0.0156,-0.005,-0.0103,-15.06,-34.31,-4.12,274.88,-87.97,-155.75
52.386135,-1.535318,154.61,2.64,4,29.54,19 / 20,4783109,2019-09-06 20:39:48:852,-0.5325,-0.1315,9.9211,0.0044,0.0049,9.8066,0.0197,0.0029,0.0142,-15,-35,-5.06,269.72,-87.94,-157.29
52.386135,-1.535318,154.61,2.64,4,29.54,19 / 20,4783209,2019-09-06 20:39:48:952,-0.0258,0.0516,9.8763,-0.0048,-0.0028,9.8066,0.028,-0.0043,0.0052,-15.31,-34.75,-4.69,270.17,-87.99,-156.94
52.386135,-1.535318,154.61,2.64,4,29.54,19 / 20,4783310,2019-09-06 20:39:49:053,-0.1561,-0.0815,9.812,-0.0046,-0.0013,9.8066,0.0112,-0.0036,-0.0106,-15.06,-34.5,-4.94,270.45,-87.99,-156.79
52.386135,-1.535318,154.61,2.64,4,29.54,20 / 21,4783409,2019-09-06 20:39:49:152,0.0298,-0.0784,9.8966,-0.0001,0,9.8066,0.0104,-0.0045,0.0068,-15,-35,-4.81,270.51,-88,-156.62
52.386135,-1.535318,154.61,2.64,4,29.54,20 / 21,4783510,2019-09-06 20:39:49:253,0.0073,0.0695,9.8608,-0.0038,-0.001,9.8066,0.0094,0.0025,-0.0066,-14.75,-34.25,-4.75,270.85,-88.02,-156.45
52.386135,-1.535318,154.61,2.64,4,29.54,20 / 21,4783610,2019-09-06 20:39:49:353,0.2165,0.0739,9.9566,0.0026,0.0018,9.8066,-0.0211,0.0102,-0.0048,-14.69,-34.62,-4.56,270.69,-88,-156.45
52.386135,-1.535318,154.61,2.64,4,29.54,20 / 21,4783710,2019-09-06 20:39:49:453,0.292,0.0589,9.8459,0.0007,0.0023,9.8066,0.0073,-0.0168,0.0095,-14.31,-35,-4.75,268.88,-88.03,-156.82
52.386135,-1.535318,154.61,2.64,4,29.54,20 / 21,4783810,2019-09-06 20:39:49:553,0.4797,0.1822,9.9041,0.0017,-0.0015,9.8066,-0.0008,-0.023,-0.0121,-14.19,-34.31,-4.94,269.5,-88.02,-156.32
52.386135,-1.535318,154.61,2.64,4,29.54,20 / 21,4783910,2019-09-06 20:39:49:653,0.2162,0.2332,9.956,-0.0024,0.002,9.8066,0.0312,-0.0015,0.0132,-14.56,-34.5,-5.25,270.66,-88.03,-156.67
52.386135,-1.535318,154.61,2.64,4,29.54,20 / 21,4784009,2019-09-06 20:39:49:752,0.5544,0.3096,9.8793,0.0029,-0.0003,9.8066,-0.0004,0.0013,-0.0111,-14.31,-35.12,-4.56,268.64,-88.03,-157.07
52.386135,-1.535318,154.61,2.64,4,29.54,20 / 21,4784110,2019-09-06 20:39:49:853,0.5401,0.1633,9.8356,-0.0007,0.001,9.8066,-0.004,0.0091,0.0097,-14.56,-34.56,-4.37,273.65,-88.03,-156.97
52.386135,-1.535318,154.61,2.64,4,29.54,20 / 21,4784210,2019-09-06 20:39:49:953,0.3897,0.0724,9.851,-0.0031,-0.0029,9.8066,0.0143,-0.0155,0.0102,-14.44,-34.25,-5.12,269.67,-88.06,-156.24
52.386135,-1.535318,154.61,2.64,4,29.54,20 / 21,4784310,2019-09-06 20:39:50:053,0.2918,0.1136,9.9452,-0.0034,-0.0023,9.8066,-0.0131,0.004,-0.0061,-14.5,-35,-4,273.53,-88.07,-155.87
52.386135,-1.535318,154.61,2.64,4,29.54,19 / 20,4784410,2019-09-06 20:39:50:153,0.3779,0.1911,9.7854,0.0003,0.0005,9.8066,0.0044,0.0046,0.0087,-14.87,-34.75,-4.94,271.25,-88.09,-156.07
52.386135,-1.535318,154.61,2.64,4,29.54,19 / 20,4784510,2019-09-06 20:39:50:253,0.3946,0.1499,9.8448,-0.0018,-0.0025,9.8066,-0.008,-0.0109,-0.0063,-14.81,-34.81,-4.5,275.33,-88.1,-155.47
52.386135,-1.535318,154.61,2.64,4,29.54,19 / 20,4784610,2019-09-06 20:39:50:353,0.5061,0.1398,9.7629,0.0013,0.0011,9.8066,-0.0133,0.014,-0.001,-15.5,-35,-4.81,272.1,-88.1,-155.26
52.386135,-1.535318,154.61,2.64,4,29.54,19 / 20,4784709,2019-09-06 20:39:50:452,0.2007,0.0966,9.9042,0.0006,0.0014,9.8066,0.005,-0.0135,0.0094,-14.37,-34.94,-4.12,274.13,-88.12,-155.42
52.386135,-1.535318,154.61,2.64,4,29.54,19 / 20,4784810,2019-09-06 20:39:50:553,0.1491,0.0052,9.9027,-0.0012,0.0001,9.8066,-0.0145,-0.0101,-0.0119,-14.75,-34.44,-4.56,272.62,-88.14,-154.94
52.386135,-1.535318,154.61,2.64,4,29.54,19 / 20,4784910,2019-09-06 20:39:50:653,-0.0725,0.0322,9.9572,-0.0016,0.0012,9.8066,0.0146,0.0114,0.0147,-15.12,-35,-4.69,272.46,-88.15,-155.02
52.386135,-1.535318,154.61,2.64,4,29.54,19 / 20,4785009,2019-09-06 20:39:50:752,0.4074,0.1199,9.7543,-0.0015,-0.0014,9.8066,0.0247,-0.021,0.0014,-14.81,-35.06,-4.75,272.33,-88.19,-155.22
52.386135,-1.535318,154.61,2.64,4,29.54,19 / 20,4785109,2019-09-06 20:39:50:852,0.1535,-0.0014,9.8633,0.0006,0.0009,9.8066,-0.0054,-0.0054,-0.0046,-15.06,-34.81,-4.37,275.87,-88.17,-155.09
52.386135,-1.535318,154.61,2.64,4,29.54,19 / 20,4785209,2019-09-06 20:39:50:952,0.2895,0.1233,9.8263,-0.0003,0.0011,9.8066,-0.0054,0.0002,0.0152,-15.37,-35.37,-4.69,272.11,-88.18,-155.42
52.386135,-1.535318,154.61,2.64,4,29.54,19 / 20,4785310,2019-09-06 20:39:51:053,0.4704,0.1491,9.8135,0.0006,-0.0009,9.8066,0.0158,-0.0013,-0.0062,-15.31,-35.25,-4.5,276.09,-88.19,-154.91
52.386135,-1.535318,154.61,2.64,4,29.54,17 / 20,4785410,2019-09-06 20:39:51:153,0.7587,0.3116,9.7855,-0.0037,-0.0029,9.8066,0.006,-0.0094,-0.0112,-15.37,-35.31,-4.44,276.04,-88.17,-154.92
52.386135,-1.535318,154.61,2.64,4,29.54,17 / 20,4785510,2019-09-06 20:39:51:253,0.9113,0.3441,9.8908,0.0025,0.0007,9.8066,0.0163,0.0036,0.0125,-15.87,-35.5,-4.5,277.52,-88.17,-154.59
52.386135,-1.535318,154.61,2.64,4,29.54,17 / 20,4785609,2019-09-06 20:39:51:352,0.6482,0.2294,9.7715,0.0004,0.0003,9.8066,0.0198,-0.0006,0.0106,-15.31,-35.81,-4.87,272.71,-88.16,-154.66
52.386135,-1.535318,154.61,2.64,4,29.54,17 / 20,4785710,2019-09-06 20:39:51:453,0.6022,0.2116,9.9556,0.0011,-0.0004,9.8066,-0.015,-0.0121,-0.0169,-15.56,-35.31,-4.62,274.49,-88.15,-154.29
52.386135,-1.535318,154.61,2.64,4,29.54,17 / 20,4785810,2019-09-06 20:39:51:553,0.8045,0.2426,9.7351,-0.0028,0.0005,9.8066,0.0029,-0.001,0.0111,-15.44,-35.69,-4.12,276.42,-88.17,-154.42
52.386135,-1.535318,154.61,2.64,4,29.54,17 / 20,4785910,2019-09-06 20:39:51:653,0.7517,0.2107,9.7204,-0.0014,0.0007,9.8066,0.0033,-0.0005,-0.0013,-15.81,-36.12,-4.25,277.5,-88.18,-154.51
52.386135,-1.535318,154.61,2.64,4,29.54,17 / 20,4786009,2019-09-06 20:39:51:752,0.5218,0.2268,9.8698,-0.0005,-0.0008,9.8066,-0.0086,-0.0089,-0.0123,-15.56,-35.75,-4.62,274.46,-88.17,-154.25
52.386135,-1.535318,154.61,2.64,4,29.54,17 / 20,4786110,2019-09-06 20:39:51:853,0.6494,0.2099,9.9498,0.0005,0.0003,9.8066,0.0045,0.0006,0.0178,-16.19,-36.31,-4.37,277.89,-88.18,-154.14
52.386135,-1.535318,154.61,2.64,4,29.54,17 / 20,4786209,2019-09-06 20:39:51:952,0.5927,0.2492,9.7846,0.0011,0,9.8066,-0.0019,-0.0078,-0.001,-16.37,-36.25,-4.62,274.74,-88.18,-154
52.386135,-1.535318,154.61,2.64,4,29.54,17 / 20,4786310,2019-09-06 20:39:52:053,0.8495,0.2861,9.8163,0.0007,0.0002,9.8066,-0.0023,0.003,0.0022,-16.44,-36.12,-4.62,274.56,-88.17,-154.15
52.386135,-1.535318,154.61,2.64,4,29.54,19 / 21,4786409,2019-09-06 20:39:52:152,0.7263,0.1195,9.8527,0.0039,0.0022,9.8066,0.0016,-0.0078,0.015,-15.81,-36.31,-4.56,273.82,-88.17,-154.89
52.386135,-1.535318,154.61,2.64,4,29.54,19 / 21,4786510,2019-09-06 20:39:52:253,0.6121,0.2498,9.7875,-0.0026,-0.0014,9.8066,0.0043,-0.0109,-0.0165,-16.5,-36.12,-5,274.35,-88.15,-154.33
52.386135,-1.535318,154.61,2.64,4,29.54,19 / 21,4786609,2019-09-06 20:39:52:352,0.8304,0.2544,9.8368,-0.0026,0.0002,9.8066,0.0203,-0.0002,0.0123,-16.87,-36.56,-4.19,278.31,-88.16,-154.59
52.386135,-1.535318,154.61,2.64,4,29.54,19 / 21,4786710,2019-09-06 20:39:52:453,0.7228,0.1163,9.8092,0.0007,-0.0001,9.8066,-0.009,0.0204,-0.0045,-16.31,-36.31,-4.25,277.21,-88.16,-154.76
52.386135,-1.535318,154.61,2.64,4,29.54,19 / 21,4786810,2019-09-06 20:39:52:553,0.6909,0.2177,9.8006,-0.0014,0.0008,9.8066,0.0012,0.0091,0.0123,-16.69,-37.25,-4.44,277.71,-88.16,-155.17
52.386135,-1.535318,154.61,2.64,4,29.54,19 / 21,4786909,2019-09-06 20:39:52:652,0.7803,0.3403,9.8313,0,-0.0013,9.8066,-0.0077,-0.0084,-0.0032,-16.62,-36.5,-5.25,274.82,-88.15,-155.04
52.386135,-1.535318,154.61,2.64,4,29.54,19 / 21,4787009,2019-09-06 20:39:52:752,0.6324,0.1211,9.8147,0.0013,0.0014,9.8066,0.0094,-0.0171,0.0016,-16.81,-36.62,-5.5,274.34,-88.13,-155.36
52.386135,-1.535318,154.61,2.64,4,29.54,19 / 21,4787109,2019-09-06 20:39:52:852,0.6466,0.2688,9.8068,0.0037,0.001,9.8066,0.0158,-0.0137,-0.0067,-16.56,-36.62,-5,274,-88.1,-155.65
52.386135,-1.535318,154.61,2.64,4,29.54,19 / 21,4787210,2019-09-06 20:39:52:953,0.8366,0.4578,9.7985,0.0012,0.0017,9.8066,0.0223,-0.0047,0.0069,-16.5,-36.31,-5.94,269.88,-88.11,-155.57
52.386135,-1.535318,154.61,2.64,4,29.54,19 / 21,4787310,2019-09-06 20:39:53:053,0.6381,0.1054,9.8718,0.0025,0.0002,9.8066,-0.0167,0.0162,-0.0033,-16.69,-36.94,-5.37,273.64,-88.08,-155.96
52.386135,-1.535318,154.61,2.64,4,29.54,19 / 21,4787409,2019-09-06 20:39:53:152,0.5953,0.2218,9.7386,0,0.0019,9.8066,-0.0043,0.0061,0.0147,-16.69,-36.56,-4.75,273.08,-88.07,-156.49
52.386135,-1.535318,154.61,2.64,4,29.54,19 / 21,4787509,2019-09-06 20:39:53:252,0.8637,0.3211,9.7328,0.0017,0.0003,9.8066,-0.0031,0.0204,-0.0001,-16.56,-37,-4.81,273.05,-88.04,-156.48
52.386135,-1.535318,154.61,2.64,4,29.54,19 / 21,4787609,2019-09-06 20:39:53:352,0.6842,0.156,9.8821,0.0032,0.0013,9.8066,-0.0031,-0.004,0.0091,-17,-36.56,-4.87,272.5,-88.02,-156.98
52.386135,-1.535318,154.61,2.64,4,29.54,19 / 21,4787709,2019-09-06 20:39:53:452,0.5444,0.2153,9.8007,0.0033,-0.0004,9.8066,-0.0056,-0.0061,-0.0097,-16.62,-36.44,-5.75,269.57,-88,-157
52.386135,-1.535318,154.61,2.64,4,29.54,19 / 21,4787809,2019-09-06 20:39:53:552,0.8013,0.2468,9.7201,-0.0017,-0.0002,9.8066,0.0148,-0.0246,0.0037,-17.31,-36.44,-5.5,272.18,-88,-157.38
52.386135,-1.535318,154.61,2.64,4,29.54,19 / 21,4787909,2019-09-06 20:39:53:652,0.6599,0.2292,9.9006,0.0009,-0.0009,9.8066,-0.0074,-0.006,-0.0073,-17,-36.19,-5.69,269.27,-87.98,-157.26
52.386135,-1.535318,154.61,2.64,4,29.54,19 / 21,4788010,2019-09-06 20:39:53:753,0.4568,0.1464,9.8252,0.0007,0.0008,9.8066,-0.0016,-0.0003,0.0052,-16.87,-36.12,-5.81,268.71,-87.98,-157.82
52.386135,-1.535318,154.61,2.64,4,29.54,19 / 21,4788110,2019-09-06 20:39:53:853,0.7189,0.1988,9.7495,0.0014,0.0002,9.8066,0.0114,0.0142,0.0021,-17,-36.44,-5.75,268.57,-87.96,-157.92
52.386135,-1.535318,154.61,2.64,4,29.54,19 / 21,4788210,2019-09-06 20:39:53:953,0.7527,0.3621,9.9118,0.0014,0.0007,9.8066,0.0092,0.0005,0.0124,-16.94,-36.5,-6.06,267.78,-87.94,-158.67
52.386135,-1.535318,154.61,2.64,4,29.54,19 / 21,4788310,2019-09-06 20:39:54:053,0.4866,0.2062,9.8736,0.0016,0.003,9.8066,0.0068,0.0128,0.0068,-16.25,-36.62,-6.81,262.86,-87.92,-159.13
52.386135,-1.535318,154.61,2.64,4,29.54,19 / 20,4788409,2019-09-06 20:39:54:152,0.467,0.0887,9.874,-0.0017,-0.0004,9.8066,-0.0022,-0.0003,0.0026,-16.56,-36.37,-6.44,267.17,-87.9,-159.2
52.386135,-1.535318,154.61,2.64,4,29.54,19 / 20,4788510,2019-09-06 20:39:54:253,0.6911,0.3781,9.8445,-0.0039,-0.0014,9.8066,-0.0122,-0.0109,-0.0016,-16.19,-36.19,-6.62,262.81,-87.91,-159.28
52.386135,-1.535318,154.61,2.64,4,29.54,19 / 20,4788610,2019-09-06 20:39:54:353,0.7131,0.4019,9.872,0.006,0.002,9.8066,-0.0272,-0.0174,-0.0034,-16.06,-36.25,-6.56,262.25,-87.85,-159.74
52.386135,-1.535318,154.61,2.64,4,29.54,19 / 20,4788709,2019-09-06 20:39:54:452,0.4105,0.1255,9.9584,0.0053,0.0036,9.8066,0.0187,-0.0164,-0.0059,-16.5,-35.81,-7,262.08,-87.84,-159.88
52.386135,-1.535318,154.61,2.64,4,29.54,19 / 20,4788810,2019-09-06 20:39:54:553,0.5523,0.2853,9.761,0,-0.0008,9.8066,0.011,-0.0164,-0.0132,-16.12,-35.75,-6.69,261.73,-87.82,-160.2
52.386135,-1.535318,154.61,2.64,4,29.54,19 / 20,4788910,2019-09-06 20:39:54:653,0.7032,0.461,9.7893,-0.0017,0.0008,9.8066,0.008,-0.0088,0.0066,-15.56,-35.87,-6.94,261.37,-87.82,-160.56
52.386135,-1.535318,154.61,2.64,4,29.54,19 / 20,4789010,2019-09-06 20:39:54:753,0.4767,0.4158,9.9432,0.0036,0.0022,9.8066,-0.0089,0.015,-0.0038,-15.19,-35.62,-6.31,262.61,-87.79,-160.69
52.386135,-1.535318,154.61,2.64,4,29.54,19 / 20,4789110,2019-09-06 20:39:54:853,0.4646,0.2132,9.8339,0.0016,0.0019,9.8066,-0.0014,0.0091,0.0115,-15.75,-35.69,-6.75,260.5,-87.76,-161.32
52.386135,-1.535318,154.61,2.64,4,29.54,19 / 20,4789210,2019-09-06 20:39:54:953,0.7381,0.3145,9.749,0.0028,0.0002,9.8066,-0.0099,0.0187,-0.0008,-15.31,-35.37,-6.37,262.09,-87.72,-161.22
52.386135,-1.535318,154.61,2.64,4,29.54,19 / 20,4789310,2019-09-06 20:39:55:053,0.4799,0.4267,9.8625,0.0027,0.0022,9.8066,0.0022,-0.0076,0.0028,-15.62,-35.19,-6.62,260.19,-87.71,-161.65
52.386135,-1.535318,154.61,2.64,4,29.54,20 / 21,4789410,2019-09-06 20:39:55:153,0.4467,0.2479,9.8738,-0.003,-0.0021,9.8066,0.0142,-0.013,-0.0029,-15.5,-35.25,-6.94,258.43,-87.68,-161.74
52.386135,-1.535318,154.61,2.64,4,29.54,20 / 21,4789509,2019-09-06 20:39:55:252,0.733,0.2991,9.7412,-0.0023,-0.0002,9.8066,-0.0192,-0.0184,-0.0111,-14.75,-34.75,-6.25,261.37,-87.68,-161.85
52.386135,-1.535318,154.61,2.64,4,29.54,20 / 21,4789610,2019-09-06 20:39:55:353,0.5815,0.4077,9.797,0.0036,0.0034,9.8066,-0.0014,-0.011,0.0039,-15,-34.94,-7,257.74,-87.62,-162.34
52.386135,-1.535318,154.61,2.64,4,29.54,20 / 21,4789709,2019-09-06 20:39:55:452,0.473,0.205,9.8728,0.0058,0.0028,9.8066,0.011,-0.0001,-0.0062,-15.62,-35.19,-7.12,259.23,-87.6,-162.42
52.386135,-1.535318,154.61,2.64,4,29.54,20 / 21,4789810,2019-09-06 20:39:55:553,0.5931,0.2189,9.7389,0.0016,0.0018,9.8066,0.0091,0.0134,0.0066,-15.31,-34.5,-6.94,257.31,-87.56,-162.8
52.386135,-1.535318,154.61,2.64,4,29.54,20 / 21,4789909,2019-09-06 20:39:55:652,0.4647,0.4636,9.7649,0.0036,0.0026,9.8066,0.0014,0.0027,0.0035,-14.81,-35.31,-6.75,256.73,-87.53,-163.17
52.386135,-1.535318,154.61,2.64,4,29.54,20 / 21,4790010,2019-09-06 20:39:55:753,0.4519,0.2378,9.8934,-0.0002,0,9.8066,-0.0001,0.0007,0.0009,-14.56,-34.81,-7.56,253.95,-87.5,-163.03
52.386135,-1.535318,154.61,2.64,4,29.54,20 / 21,4790109,2019-09-06 20:39:55:852,0.5293,0.2413,9.8066,0.0005,-0.0015,9.8066,-0.0184,-0.0212,-0.0014,-14.56,-34.62,-7.44,256.71,-87.47,-163.07
52.386135,-1.535318,154.61,2.64,4,29.54,20 / 21,4790210,2019-09-06 20:39:55:953,0.4994,0.2026,9.9165,0.0038,0.0022,9.8066,-0.0021,-0.019,-0.0019,-14.5,-34.94,-7.62,251.69,-87.42,-163.26
52.386135,-1.535318,154.61,2.64,4,29.54,20 / 21,4790310,2019-09-06 20:39:56:053,0.3387,0.2015,9.799,0.0027,-0.0011,9.8066,0.0093,-0.0089,-0.0076,-14,-34.62,-7.37,254.39,-87.39,-163.43
52.386135,-1.535318,154.61,2.64,4,29.54,18 / 20,4790409,2019-09-06 20:39:56:152,0.5346,0.419,9.8755,0.0009,0.0021,9.8066,0.0231,0.0064,0.0043,-13.56,-34.31,-7.25,254.61,-87.37,-163.33
52.386135,-1.535318,154.61,2.64,4,29.54,18 / 20,4790510,2019-09-06 20:39:56:253,0.4255,0.1209,9.7869,0.0028,0.0013,9.8066,-0.0122,0.0173,-0.0025,-13.56,-34.56,-7.19,253.82,-87.33,-163.87
52.386135,-1.535318,154.61,2.64,4,29.54,18 / 20,4790610,2019-09-06 20:39:56:353,0.5616,0.3428,9.816,0.001,0.002,9.8066,-0.0025,0.0113,0.0081,-12.56,-34.69,-6.87,251.47,-87.29,-164.15
52.386135,-1.535318,154.61,2.64,4,29.54,18 / 20,4790710,2019-09-06 20:39:56:453,0.5031,0.4247,9.8452,0.0022,-0.0001,9.8066,-0.0093,-0.0048,-0.0033,-12.5,-34.75,-7.06,249.03,-87.26,-164.28
52.386135,-1.535318,154.61,2.64,4,29.54,18 / 20,4790809,2019-09-06 20:39:56:552,0.3971,0.1135,9.8338,0.0027,0.0024,9.8066,-0.0039,-0.0082,0.0004,-13.12,-34.62,-6.62,250.96,-87.21,-164.5
52.386135,-1.535318,154.61,2.64,4,29.54,18 / 20,4790910,2019-09-06 20:39:56:653,0.4278,0.2499,9.7808,0.0011,-0.0005,9.8066,0.0175,-0.0212,-0.0147,-12.37,-35.12,-6.56,248.44,-87.18,-164.7
52.386135,-1.535318,154.61,2.64,4,29.54,18 / 20,4791009,2019-09-06 20:39:56:752,0.5997,0.5191,9.8123,0.0004,0,9.8066,0.0213,-0.0193,0.0019,-12.37,-34.75,-6.87,248.21,-87.15,-164.87
52.386135,-1.535318,154.61,2.64,4,29.54,18 / 20,4791110,2019-09-06 20:39:56:853,0.4592,0.133,9.9513,0.0022,0.0001,9.8066,-0.0017,0.0063,-0.0064,-12.69,-34.69,-6.37,253.45,-87.11,-164.99
52.386135,-1.535318,154.61,2.64,4,29.54,18 / 20,4791210,2019-09-06 20:39:56:953,0.3122,0.1233,9.8033,0.0026,0.0024,9.8066,0.0017,0.0053,0.0051,-13.12,-34.56,-5.75,252.88,-87.06,-165.48
52.386135,-1.535318,154.61,2.64,4,29.54,18 / 20,4791309,2019-09-06 20:39:57:052,0.559,0.3296,9.7547,0.0005,0.0001,9.8066,-0.0008,0.0216,0.0093,-12.5,-34.5,-5.81,250.77,-87.03,-165.56
52.386135,-1.535318,154.61,2.64,4,29.54,19 / 21,4791410,2019-09-06 20:39:57:153,0.4261,0.2409,9.9276,0.0048,0.0045,9.8066,-0.006,0.0009,0.0099,-12.5,-34.37,-6,250.24,-86.98,-165.99
52.386135,-1.535318,154.61,2.64,4,29.54,19 / 21,4791509,2019-09-06 20:39:57:252,0.2905,0.1264,9.8075,0.0052,0.0022,9.8066,0.0175,-0.008,-0.0035,-12.25,-35,-5.5,253.51,-86.94,-165.97
52.386135,-1.535318,154.61,2.64,4,29.54,19 / 21,4791610,2019-09-06 20:39:57:353,0.5317,0.1726,9.8019,-0.0014,-0.0005,9.8066,0.0122,-0.0305,0.009,-12.19,-34.37,-5.62,249.82,-86.92,-166.29
52.386135,-1.535318,154.61,2.64,4,29.54,19 / 21,4791710,2019-09-06 20:39:57:453,0.4836,0.3354,9.9164,0.0047,0.0035,9.8066,-0.0059,-0.0155,-0.002,-12.62,-34.44,-5.94,252.02,-86.89,-166.19
52.386135,-1.535318,154.61,2.64,4,29.54,19 / 21,4791809,2019-09-06 20:39:57:552,0.2961,0.1799,9.8695,0.0058,0.0036,9.8066,-0.0099,-0.0134,0.0003,-12.56,-34.94,-5.69,251.59,-86.87,-166.38
52.386135,-1.535318,154.61,2.64,4,29.54,19 / 21,4791910,2019-09-06 20:39:57:653,0.4143,0.0606,9.8282,0.0016,0.0016,9.8066,0.0182,0.0037,0.0047,-12.87,-34.37,-5.37,254.92,-86.82,-166.54
52.386135,-1.535318,154.61,2.64,4,29.54,19 / 21,4792010,2019-09-06 20:39:57:753,0.4722,0.3348,9.8607,0.0031,0.0021,9.8066,0.006,0.0051,0.008,-12,-34.44,-5.37,252.41,-86.77,-166.91
52.386135,-1.535318,154.61,2.64,4,29.54,19 / 21,4792110,2019-09-06 20:39:57:853,0.3855,0.2588,9.9083,0.0008,0.0002,9.8066,-0.0019,0.011,0.0074,-12.31,-34.87,-5.25,252.04,-86.74,-166.97
52.386135,-1.535318,154.61,2.64,4,29.54,19 / 21,4792209,2019-09-06 20:39:57:952,0.3249,0.0572,9.8676,0,-0.0007,9.8066,-0.0079,-0.002,0.0062,-12.94,-34.62,-6.31,250.53,-86.71,-167.11
52.386135,-1.535318,154.61,2.64,4,29.54,19 / 21,4792310,2019-09-06 20:39:58:053,0.4795,0.3478,9.8129,-0.0005,-0.0014,9.8066,0.0016,-0.0028,-0.0056,-12.62,-34.81,-5.25,253.94,-86.69,-167.03
52.386135,-1.535318,154.61,2.64,4,29.54,20 / 21,4792409,2019-09-06 20:39:58:152,0.3611,0.2641,9.8787,0.0045,0.0022,9.8066,-0.0104,-0.0143,-0.0075,-12.62,-35.06,-5.5,253.56,-86.67,-167.36
52.386135,-1.535318,154.61,2.64,4,29.54,20 / 21,4792509,2019-09-06 20:39:58:252,0.2347,0.082,9.8743,0.0021,0.0011,9.8066,0.0225,-0.0094,0.005,-12.69,-34.37,-5.25,253.57,-86.62,-167.47
52.386135,-1.535318,154.61,2.64,4,29.54,20 / 21,4792610,2019-09-06 20:39:58:353,0.4587,0.319,9.8469,0.0034,0.0006,9.8066,0.0071,-0.0047,-0.0029,-12.25,-34.62,-5.12,251.11,-86.57,-167.52
52.386135,-1.535318,154.61,2.64,4,29.54,20 / 21,4792710,2019-09-06 20:39:58:453,0.3405,0.2773,9.9402,0.002,0.0029,9.8066,0.0084,0.0124,0.0056,-12.56,-33.87,-5.56,249.7,-86.54,-167.83
52.386135,-1.535318,154.61,2.64,4,29.54,20 / 21,4792810,2019-09-06 20:39:58:553,0.2509,0.0586,9.9028,0.0016,-0.0005,9.8066,-0.0058,0.0025,-0.0006,-12.62,-34.44,-5.12,252.83,-86.51,-167.99
52.386135,-1.535318,154.61,2.64,4,29.54,20 / 21,4792910,2019-09-06 20:39:58:653,0.3434,0.2741,9.7839,-0.0004,-0.0015,9.8066,-0.0002,-0.0077,0.0051,-12.62,-34.56,-5.75,249.2,-86.48,-167.98
52.386135,-1.535318,154.61,2.64,4,29.54,20 / 21,4793010,2019-09-06 20:39:58:753,0.3108,0.253,9.8958,0.0038,0.0021,9.8066,-0.0081,-0.0078,-0.008,-12.87,-34.69,-5.56,249.02,-86.46,-168.12
52.386135,-1.535318,154.61,2.64,4,29.54,20 / 21,4793110,2019-09-06 20:39:58:853,0.1951,0.0968,9.9617,0.0003,0.0004,9.8066,0.0047,-0.0161,-0.0033,-12.81,-34.75,-4.69,252.1,-86.43,-168.31
52.386135,-1.535318,154.61,2.64,4,29.54,20 / 21,4793210,2019-09-06 20:39:58:953,0.303,0.1924,9.7708,0.0012,0.0007,9.8066,-0.0017,-0.0123,-0.0086,-12.62,-34.44,-5,252.08,-86.39,-168.5
52.386135,-1.535318,154.61,2.64,4,29.54,20 / 21,4793309,2019-09-06 20:39:59:052,0.436,0.3244,9.8274,0.0023,0.0027,9.8066,0.0075,0.0013,0.0074,-13,-34.62,-5.19,251.63,-86.37,-168.65
52.386135,-1.535318,154.61,2.64,4,29.54,20 / 21,4793410,2019-09-06 20:39:59:153,0.2468,0.2012,9.9758,0.003,0.0018,9.8066,0.0012,0.0189,-0.0005,-12.44,-34.69,-5.19,249.33,-86.32,-168.77
52.386135,-1.535318,154.61,2.64,4,29.54,20 / 21,4793510,2019-09-06 20:39:59:253,0.3001,0.1725,9.8296,0.0002,-0.0007,9.8066,-0.0064,0.0104,0.0114,-12.75,-34.19,-4.75,251.63,-86.3,-168.75
52.386135,-1.535318,154.61,2.64,4,29.54,20 / 21,4793609,2019-09-06 20:39:59:352,0.5328,0.3313,9.832,-0.0013,-0.0003,9.8066,-0.014,0.0117,-0.0036,-13.12,-34.81,-5.31,251.3,-86.29,-168.83
52.386135,-1.535318,154.61,2.64,4,29.54,20 / 21,4793710,2019-09-06 20:39:59:453,0.2368,0.2532,9.9092,0.0044,0.0028,9.8066,-0.008,-0.0162,-0.0004,-12.19,-34.56,-5.44,248.96,-86.23,-168.93
52.386135,-1.535318,154.61,2.64,4,29.54,20 / 21,4793810,2019-09-06 20:39:59:553,0.2325,0.1291,9.825,0.0039,0.0035,9.8066,0.0002,-0.0128,-0.0083,-12.56,-34.87,-5.37,250.82,-86.21,-169.15
52.386135,-1.535318,154.61,2.64,4,29.54,20 / 21,4793910,2019-09-06 20:39:59:653,0.5167,0.2625,9.7888,0.0036,0.0031,9.8065,-0.0001,-0.0158,-0.0078,-13.12,-34.19,-5.5,251,-86.19,-169.17
52.386135,-1.535318,154.61,2.64,4,29.54,20 / 21,4794010,2019-09-06 20:39:59:753,0.2241,0.2622,9.8805,-0.0001,-0.0014,9.8066,-0.0022,0.0005,-0.0017,-12.69,-34.87,-4.94,250.44,-86.14,-169.38
52.386135,-1.535318,154.61,2.64,4,29.54,20 / 21,4794109,2019-09-06 20:39:59:852,0.2359,0.0764,9.8509,-0.0034,-0.0022,9.8065,0.0084,0.0107,0.0028,-12.75,-34.56,-5.06,250.55,-86.12,-169.21
52.386135,-1.535318,154.61,2.64,4,29.54,20 / 21,4794209,2019-09-06 20:39:59:952,0.5259,0.2673,9.7638,-0.0034,-0.0026,9.8066,0.0075,0.0142,0.003,-13.25,-34.62,-5.5,250.49,-86.11,-169.26
52.386135,-1.535318,154.61,2.64,4,29.54,20 / 21,4794309,2019-09-06 20:40:00:052,0.3279,0.38,9.8455,0.0005,0.0014,9.8066,-0.0185,-0.0099,0.0021,-12.31,-34.75,-5.56,244.75,-86.06,-169.4
52.386135,-1.535318,154.61,2.64,4,29.54,20 / 21,4794410,2019-09-06 20:40:00:153,0.2124,0.1037,9.8845,0.0033,0.003,9.8066,-0.0041,-0.0037,0.0007,-12.87,-34.69,-5.37,250.01,-86.05,-169.62
52.386135,-1.535318,154.61,2.64,4,29.54,20 / 21,4794510,2019-09-06 20:40:00:253,0.3508,0.1063,9.8041,0.0027,0.0023,9.8066,-0.0169,-0.0193,-0.0064,-12.62,-34.62,-5.5,249.88,-86.03,-169.7
52.386135,-1.535318,154.61,2.64,4,29.54,20 / 21,4794609,2019-09-06 20:40:00:352,0.2706,0.3396,9.8226,0.0056,0.0026,9.8066,0.0026,-0.0078,-0.0038,-12.5,-34.37,-5.69,244.38,-85.98,-169.87
52.386135,-1.535318,154.61,2.64,4,29.54,20 / 21,4794709,2019-09-06 20:40:00:452,0.2524,0.1425,9.8469,-0.0019,-0.0004,9.8066,0.0029,0.0002,-0.0005,-13.06,-34.44,-5.56,246.57,-85.96,-169.85
52.386135,-1.535318,154.61,2.64,4,29.54,20 / 21,4794809,2019-09-06 20:40:00:552,0.3357,0.1496,9.7852,0,-0.0008,9.8066,0.0127,0.0163,0.0077,-13,-34.44,-4.81,249.81,-85.95,-169.86
52.386135,-1.535318,154.61,2.64,4,29.54,20 / 21,4794910,2019-09-06 20:40:00:653,0.2692,0.2958,9.8298,0.0027,0.0018,9.8066,-0.0013,-0.0057,0.0002,-13.19,-34.12,-5.19,249.64,-85.9,-169.93
52.386135,-1.535318,154.61,2.64,4,29.54,20 / 21,4795010,2019-09-06 20:40:00:753,0.2441,0.1362,9.8223,0.0025,0.0016,9.8066,0.008,-0.0029,-0.0008,-12.5,-34.19,-5.81,243.99,-85.88,-170.07
52.386135,-1.535318,154.61,2.64,4,29.54,20 / 21,4795110,2019-09-06 20:40:00:853,0.4185,0.1867,9.774,0.0008,0.0018,9.8066,-0.014,-0.0166,-0.01,-13.31,-34.44,-4.69,249.47,-85.86,-170.02
52.386135,-1.535318,154.61,2.64,4,29.54,20 / 21,4795210,2019-09-06 20:40:00:953,0.2754,0.2196,9.8588,0.0051,0.0017,9.8066,-0.0041,-0.0005,0.0031,-13,-34.44,-5.31,249.16,-85.83,-170.27
52.386135,-1.535318,154.61,2.64,4,29.54,20 / 21,4795310,2019-09-06 20:40:01:053,0.2489,0.1307,9.8091,-0.0017,-0.0004,9.8066,-0.0058,0.0044,0.0064,-13,-34.37,-5.31,249.11,-85.8,-170.28
52.386135,-1.535318,154.61,2.64,4,29.54,18 / 19,4795409,2019-09-06 20:40:01:152,0.3193,0.2084,9.8269,-0.0001,0.0006,9.8066,0.0046,0.011,-0.0015,-13,-34.31,-5.25,248.97,-85.78,-170.38
52.386135,-1.535318,154.61,2.64,4,29.54,18 / 19,4795509,2019-09-06 20:40:01:252,0.1061,0.218,9.9171,0.0019,0.0025,9.8066,-0.0036,-0.0065,0,-12.81,-34.75,-5.19,248.47,-85.75,-170.55
52.386135,-1.535318,154.61,2.64,4,29.54,18 / 19,4795610,2019-09-06 20:40:01:353,0.1708,0.0899,9.8189,0.0012,0.0002,9.8065,0.0049,-0.0135,-0.0133,-12.81,-34.5,-5.44,248.53,-85.75,-170.77
52.386135,-1.535318,154.61,2.64,4,29.54,18 / 19,4795709,2019-09-06 20:40:01:452,0.5111,0.2304,9.7979,0.0007,0.0003,9.8066,-0.0034,-0.0044,-0.005,-12.75,-34,-5.31,248.64,-85.75,-170.66
52.386135,-1.535318,154.61,2.64,4,29.54,18 / 19,4795809,2019-09-06 20:40:01:552,0.1066,0.1444,9.9349,0.0033,0.002,9.8066,0,0.0033,0.0001,-12.12,-33.94,-5.69,243.11,-85.74,-170.7
52.386135,-1.535318,154.61,2.64,4,29.54,18 / 19,4795910,2019-09-06 20:40:01:653,0.2233,0.0905,9.815,-0.0013,-0.0007,9.8066,0.0019,0.0093,0.0037,-12.56,-34.62,-5.44,248.32,-85.73,-170.66
52.386135,-1.535318,154.61,2.64,4,29.54,18 / 19,4796009,2019-09-06 20:40:01:752,0.3656,0.1843,9.7692,-0.0021,0.0002,9.8066,-0.0002,0.0192,0.0076,-12.69,-34.62,-4.87,248.18,-85.72,-170.79
52.386135,-1.535318,154.61,2.64,4,29.54,18 / 19,4796110,2019-09-06 20:40:01:853,0.2894,0.3171,9.8527,0.0016,0.0012,9.8066,-0.0081,-0.0064,0.0058,-12.69,-34.37,-5.5,248.55,-85.68,-170.59
52.386135,-1.535318,154.61,2.64,4,29.54,18 / 19,4796210,2019-09-06 20:40:01:953,0.1901,0.1107,9.9106,0.0001,0.0024,9.8066,0.0039,-0.0014,-0.0045,-12.06,-34.31,-5.19,246.11,-85.68,-170.93
52.386135,-1.535318,154.61,2.64,4,29.54,18 / 19,4796310,2019-09-06 20:40:02:053,0.3321,0.0648,9.7732,0.0013,0.0016,9.8066,-0.0201,-0.0169,-0.0101,-12.62,-34.19,-5.5,248.23,-85.65,-170.87
52.386135,-1.535318,154.61,2.64,4,29.54,19 / 20,4796410,2019-09-06 20:40:02:153,0.2862,0.232,9.7687,0.0047,0.0017,9.8066,0.0017,-0.0196,-0.002,-12.87,-34.81,-5.5,247.79,-85.63,-170.99
52.386135,-1.535318,154.61,2.64,4,29.54,19 / 20,4796509,2019-09-06 20:40:02:252,0.1957,0.0857,9.9051,-0.0022,-0.0002,9.8066,0.0127,-0.0061,-0.0111,-12.37,-34.37,-4.94,245.82,-85.61,-171.08
52.386135,-1.535318,154.61,2.64,4,29.54,19 / 20,4796610,2019-09-06 20:40:02:353,0.242,0.027,9.7975,-0.0015,-0.0009,9.8066,0.0254,0.0001,0.0062,-12.87,-34.56,-5.25,247.54,-85.6,-171.19
52.386135,-1.535318,154.61,2.64,4,29.54,19 / 20,4796710,2019-09-06 20:40:02:453,0.166,0.1485,9.736,0.002,0.0027,9.8066,-0.0071,0.0169,-0.0003,-12.81,-34.19,-5.62,244.48,-85.56,-171.23
52.386135,-1.535318,154.61,2.64,4,29.54,19 / 20,4796810,2019-09-06 20:40:02:553,0.2671,0.1003,9.9017,0.0034,0.0022,9.8066,0.0007,0.0095,0.0105,-12.06,-34.19,-5.25,245.43,-85.54,-171.33
52.386135,-1.535318,154.61,2.64,4,29.54,19 / 20,4796909,2019-09-06 20:40:02:652,0.1293,-0.0299,9.842,-0.0027,-0.0004,9.8066,-0.0143,0.007,0.0016,-12.81,-34.5,-5.06,247.54,-85.53,-171.32
52.386135,-1.535318,154.61,2.64,4,29.54,19 / 20,4797009,2019-09-06 20:40:02:752,0.2614,0.137,9.7377,-0.0001,0.0003,9.8066,0.0097,-0.0125,0.0008,-12.94,-34.06,-5.12,247.38,-85.52,-171.47
52.386135,-1.535318,154.61,2.64,4,29.54,19 / 20,4797109,2019-09-06 20:40:02:852,0.2285,0.1238,9.9231,0.0027,0.002,9.8066,0.0083,-0.0145,-0.0093,-12.56,-34.37,-5.12,247.27,-85.49,-171.53
52.386135,-1.535318,154.61,2.64,4,29.54,19 / 20,4797209,2019-09-06 20:40:02:952,0.1221,-0.035,9.9017,0.0005,-0.0009,9.8066,0.017,-0.0207,0.0021,-12.69,-34.5,-5.62,244.11,-85.48,-171.47
52.386135,-1.535318,154.61,2.64,4,29.54,19 / 20,4797310,2019-09-06 20:40:03:053,0.1201,-0.003,9.7064,0.0021,0.0022,9.8066,0.0016,0.011,-0.0049,-12.31,-34.69,-4.94,244.81,-85.46,-171.49
52.386135,-1.535318,154.61,2.64,4,29.54,18 / 20,4797409,2019-09-06 20:40:03:152,0.2763,0.1125,9.8569,0.0055,0.0012,9.8066,0.0014,0.0113,0.0134,-12.81,-34.75,-4.69,246.93,-85.44,-171.48
52.386135,-1.535318,154.61,2.64,4,29.54,18 / 20,4797509,2019-09-06 20:40:03:252,0.042,-0.0194,9.9274,-0.0036,-0.0021,9.8066,-0.0071,0.0097,0.0005,-12.75,-35.12,-5.31,246.94,-85.44,-171.46
52.386135,-1.535318,154.61,2.64,4,29.54,18 / 20,4797609,2019-09-06 20:40:03:352,0.1089,-0.0254,9.768,0.0006,-0.0004,9.8066,-0.0086,-0.0071,0.0071,-12.94,-34.75,-5,246.95,-85.43,-171.43
52.386135,-1.535318,154.61,2.64,4,29.54,18 / 20,4797710,2019-09-06 20:40:03:453,0.2226,0.1172,9.8245,-0.0005,0.0011,9.8066,0.0144,-0.0092,-0.0079,-12.5,-34.69,-5.44,244.6,-85.42,-171.62
52.386135,-1.535318,154.61,2.64,4,29.54,18 / 20,4797810,2019-09-06 20:40:03:553,0.0916,-0.0016,9.9729,0,0,9.8066,0.0193,-0.0262,0.0001,-12.81,-34.44,-5.12,246.95,-85.4,-171.66
52.386135,-1.535318,154.61,2.64,4,29.54,18 / 20,4797910,2019-09-06 20:40:03:653,0.1654,-0.0833,9.8418,0.003,0.002,9.8066,-0.0031,-0.0043,-0.0137,-12.69,-34.19,-5,246.83,-85.39,-171.77
52.386135,-1.535318,154.61,2.64,4,29.54,18 / 20,4798010,2019-09-06 20:40:03:753,0.2299,0.0849,9.7737,-0.0015,-0.0003,9.8066,0.0028,-0.0073,0.0068,-13,-34.31,-5.37,246.71,-85.34,-171.8
52.386135,-1.535318,154.61,2.64,4,29.54,18 / 20,4798110,2019-09-06 20:40:03:853,0.1204,0.1373,9.9433,-0.0005,0.0004,9.8066,0.0145,0.0124,0.0011,-12.75,-34.56,-5,246.31,-85.33,-171.91
52.386135,-1.535318,154.61,2.64,4,29.54,18 / 20,4798209,2019-09-06 20:40:03:952,0.1666,-0.1084,9.9419,-0.0012,-0.0019,9.8066,0.0048,0.0055,0.0142,-13.06,-34.44,-4.94,246.66,-85.33,-171.82
52.386135,-1.535318,154.61,2.64,4,29.54,18 / 20,4798310,2019-09-06 20:40:04:053,0.1182,0.0026,9.7842,0.0016,0.0013,9.8066,0.0054,0.0112,0.0056,-12.62,-34.69,-4.5,249.57,-85.31,-171.99
52.386135,-1.535318,154.61,2.64,4,29.54,18 / 20,4798409,2019-09-06 20:40:04:152,0.1221,0.2445,9.8735,-0.0008,-0.0016,9.8066,0.0081,-0.0065,0.0056,-12.75,-34.62,-5.06,246.26,-85.32,-171.92
52.386135,-1.535318,154.61,2.64,4,29.54,18 / 20,4798510,2019-09-06 20:40:04:253,0.2269,0.1257,9.7894,0.0026,0.0017,9.8066,-0.0093,-0.0185,-0.0012,-13.25,-34.25,-5.37,246.39,-85.31,-172.08
52.386135,-1.535318,154.61,2.64,4,29.54,18 / 20,4798610,2019-09-06 20:40:04:353,0.0699,-0.0131,9.7942,0.0015,0.0015,9.8066,-0.0167,-0.0201,-0.0094,-13.31,-34.94,-4.62,246.03,-85.29,-172.11
52.386135,-1.535318,154.61,2.64,4,29.54,18 / 20,4798710,2019-09-06 20:40:04:453,0.0896,0.1181,9.9547,-0.0004,-0.0006,9.8066,0.0171,-0.0186,-0.0003,-12.69,-35,-4.37,249.36,-85.28,-172.14
52.386135,-1.535318,154.61,2.64,4,29.54,18 / 20,4798809,2019-09-06 20:40:04:552,0.136,0.0245,9.857,-0.0023,-0.0011,9.8066,0.0025,-0.0129,-0.0115,-12.75,-34.62,-4.62,245.99,-85.29,-172.13
52.386135,-1.535318,154.61,2.64,4,29.54,18 / 20,4798910,2019-09-06 20:40:04:653,0.019,-0.0693,9.7994,0.0042,0.0016,9.8066,0.0049,0.0024,0.0045,-13.25,-34.69,-4.87,245.94,-85.27,-172.17
52.386135,-1.535318,154.61,2.64,4,29.54,18 / 20,4799010,2019-09-06 20:40:04:753,0.2293,0.2473,9.8156,0.0023,0.0006,9.8066,-0.0004,0.014,0.0021,-12.87,-34.44,-4.94,246.28,-85.25,-172.05
52.386135,-1.535318,154.61,2.64,4,29.54,18 / 20,4799110,2019-09-06 20:40:04:853,0.1663,0.0744,9.9344,-0.0008,-0.0016,9.8066,-0.0089,0.0019,0.0097,-12.69,-34.81,-5,246.07,-85.24,-171.94
52.386135,-1.535318,154.61,2.64,4,29.54,18 / 20,4799210,2019-09-06 20:40:04:953,0.021,-0.0026,9.8463,-0.0008,0.0007,9.8066,-0.0187,0.0191,0.0023,-12.94,-34.94,-4.5,249.37,-85.24,-172.02
52.386135,-1.535318,154.61,2.64,4,29.54,18 / 20,4799309,2019-09-06 20:40:05:052,0.145,0.1616,9.7027,-0.0002,-0.0007,9.8066,0.0029,0.0007,0.0044,-13.25,-34.94,-4.44,249.4,-85.22,-171.94
52.386135,-1.535318,154.61,2.64,4,29.54,18 / 19,4799410,2019-09-06 20:40:05:153,0.219,0.1038,9.9308,-0.0002,0.0009,9.8066,0.0035,-0.0075,-0.0035,-13.69,-34.87,-3.94,251.12,-85.21,-172.02
52.386135,-1.535318,154.61,2.64,4,29.54,18 / 19,4799510,2019-09-06 20:40:05:253,0.1717,0.1125,9.8989,0.0016,0.0017,9.8066,-0.0163,-0.0224,-0.0067,-13.12,-34.94,-4.81,245.99,-85.2,-171.94
52.386135,-1.535318,154.61,2.64,4,29.54,18 / 19,4799609,2019-09-06 20:40:05:352,0.1147,-0.034,9.729,0.0038,0.0021,9.8066,-0.0049,-0.0138,-0.0056,-12.94,-34.81,-4.56,245.79,-85.17,-172.08
52.386135,-1.535318,154.61,2.64,4,29.54,18 / 19,4799710,2019-09-06 20:40:05:453,0.2606,0.1831,9.8013,-0.0037,-0.0017,9.8066,0.0087,-0.0188,-0.0112,-13,-34.94,-4.5,249.17,-85.17,-172.07
52.386135,-1.535318,154.61,2.64,4,29.54,18 / 19,4799809,2019-09-06 20:40:05:552,0.3337,0.235,9.8354,0.0003,-0.0015,9.8066,0.0252,-0.0093,0.004,-12.62,-34.94,-4.5,249.16,-85.14,-172.02
52.386135,-1.535318,154.61,2.64,4,29.54,18 / 19,4799909,2019-09-06 20:40:05:652,0.1741,-0.0738,9.8881,0.0011,0.0024,9.8066,-0.0053,0.0135,-0.011,-13.31,-34.25,-4,249.23,-85.11,-172.21
52.386135,-1.535318,154.61,2.64,4,29.54,18 / 19,4800010,2019-09-06 20:40:05:753,0.0883,-0.0703,9.7703,0.003,0.0013,9.8066,0.0015,0.0195,0.0166,-13.56,-34.31,-4.75,247.73,-85.1,-172.24
52.386135,-1.535318,154.61,2.64,4,29.54,18 / 19,4800110,2019-09-06 20:40:05:853,0.228,0.1241,9.7836,-0.0013,0.0011,9.8065,0.0002,0.0219,0.0029,-13.25,-34.62,-4.5,248.99,-85.09,-172.07
52.386135,-1.535318,154.61,2.64,4,29.54,18 / 19,4800209,2019-09-06 20:40:05:952,0.1608,0.0281,9.9432,0.0005,0.0002,9.8066,-0.0116,0.0039,0.0087,-13.31,-35,-4.94,245.43,-85.08,-172.27
52.386135,-1.535318,154.61,2.64,4,29.54,18 / 19,4800314,2019-09-06 20:40:06:057,0.0036,-0.0781,9.8314,0.0008,0.0024,9.8066,0.0082,0.0101,0.0088,-12.94,-34.75,-4.56,245.32,-85.07,-172.37
52.386135,-1.535318,154.61,2.64,4,29.54,18 / 19,4800410,2019-09-06 20:40:06:153,0.231,-0.0115,9.7993,0.0009,0.0029,9.8066,0.0076,-0.0184,-0.003,-13.06,-35.19,-4.37,248.68,-85.06,-172.35
52.386135,-1.535318,154.61,2.64,4,29.54,18 / 19,4800509,2019-09-06 20:40:06:252,0.2516,0.1384,9.8694,0.0027,0.0016,9.8066,-0.0026,-0.0186,-0.0035,-13.56,-34.94,-4.25,250.29,-85.04,-172.52
52.386135,-1.535318,154.61,2.64,4,29.54,18 / 19,4800610,2019-09-06 20:40:06:353,0.104,0.0718,9.8882,0.003,0.0007,9.8066,-0.0065,-0.0239,-0.0017,-13.56,-34.94,-4.56,247.11,-85.02,-172.43
52.386135,-1.535318,154.61,2.64,4,29.54,18 / 19,4800709,2019-09-06 20:40:06:452,0.0501,-0.1115,9.8895,-0.0004,-0.0017,9.8066,0.0195,-0.0034,-0.0016,-13.31,-34.69,-4.06,248.43,-85.02,-172.5
52.386135,-1.535318,154.61,2.64,4,29.54,18 / 19,4800810,2019-09-06 20:40:06:553,0.2764,0.1522,9.8304,-0.0029,-0.0021,9.8066,0.0016,0.0008,0.0038,-13.94,-34.44,-4.25,250.79,-85.03,-172.29
52.386135,-1.535318,154.61,2.64,4,29.54,18 / 19,4800909,2019-09-06 20:40:06:652,0.1271,0.1207,9.9003,0.0022,0.001,9.8066,-0.0003,0.0171,0.0098,-13.75,-35.19,-4.56,247.2,-85.01,-172.3
52.386135,-1.535318,154.61,2.64,4,29.54,18 / 19,4801010,2019-09-06 20:40:06:753,0.0668,-0.0798,9.9158,-0.0003,0.0014,9.8066,0.0004,0.0039,0.0014,-13.87,-35.06,-4.19,250.49,-85.02,-172.25
52.386135,-1.535318,154.61,2.64,4,29.54,18 / 19,4801109,2019-09-06 20:40:06:852,0.1959,0.2362,9.8312,0.0009,-0.0004,9.8066,-0.0098,-0.0143,0.0111,-13.31,-34.62,-4.94,245.28,-85.01,-172.27
52.386135,-1.535318,154.61,2.64,4,29.54,18 / 19,4801210,2019-09-06 20:40:06:953,0.0963,0.119,9.916,-0.0001,0,9.8066,-0.0149,-0.0152,-0.0107,-13.75,-35,-4.69,247.16,-85,-172.33
52.386135,-1.535318,154.61,2.64,4,29.54,18 / 19,4801309,2019-09-06 20:40:07:052,0.0023,-0.0372,9.8976,0.0009,-0.0007,9.8066,0.0187,-0.0131,0.0021,-14,-34.62,-4.81,247.21,-84.99,-172.25
52.386135,-1.535318,154.61,2.64,4,29.54,18 / 21,4801410,2019-09-06 20:40:07:153,0.1653,0.1378,9.7677,0.0001,-0.0001,9.8066,0.0105,-0.0076,-0.0032,-13.44,-34.75,-4.31,248.58,-84.98,-172.24
52.386135,-1.535318,154.61,2.64,4,29.54,18 / 21,4801510,2019-09-06 20:40:07:253,0.216,0.1403,9.8706,0.0038,0.0003,9.8066,0.007,0.0069,0.0092,-13.37,-34.62,-4.19,248.64,-84.95,-172.13
52.386135,-1.535318,154.61,2.64,4,29.54,18 / 21,4801609,2019-09-06 20:40:07:352,0.0165,-0.0277,9.9191,0.0015,0.0008,9.8066,-0.005,0.009,0.0047,-13.31,-34.12,-3.87,248.98,-84.96,-172.11
52.386135,-1.535318,154.61,2.64,4,29.54,18 / 21,4801710,2019-09-06 20:40:07:453,0.0989,0.1082,9.8155,0.0001,-0.0003,9.8066,0.0052,-0.0081,0.0103,-13.87,-34.94,-4.19,250.48,-84.94,-172.07
52.386135,-1.535318,154.61,2.64,4,29.54,18 / 21,4801809,2019-09-06 20:40:07:552,0.2633,0.1215,9.8924,-0.0029,0.0001,9.8065,-0.0172,-0.0127,-0.0093,-14,-34.69,-4.25,250.4,-84.94,-172.16
52.386135,-1.535318,154.61,2.64,4,29.54,18 / 21,4801909,2019-09-06 20:40:07:652,-0.0066,0.0339,10.005,0.0001,-0.0003,9.8066,0.019,-0.0237,0.0004,-12.5,-34.44,-4.31,246.82,-84.92,-172.14
52.386135,-1.535318,154.61,2.64,4,29.54,18 / 21,4802010,2019-09-06 20:40:07:753,0.0771,0.0401,9.7919,-0.0012,-0.0003,9.8065,0.0056,-0.0129,-0.0111,-13.69,-35.19,-4.62,247.06,-84.91,-172.23
52.386135,-1.535318,154.61,2.64,4,29.54,18 / 21,4802110,2019-09-06 20:40:07:853,0.3248,0.1529,9.8385,0.0031,0.0007,9.8066,0.0056,-0.0015,0.0012,-14,-34.62,-4.56,247.11,-84.87,-172.1
52.386135,-1.535318,154.61,2.64,4,29.54,18 / 21,4802210,2019-09-06 20:40:07:953,-0.0634,0.1072,9.9576,0.0006,-0.0001,9.8066,-0.0088,0.0103,-0.0054,-13.56,-35,-4.44,250.35,-84.88,-172.08
52.386135,-1.535318,154.61,2.64,4,29.54,18 / 21,4802310,2019-09-06 20:40:08:053,0.1381,-0.0072,9.8268,-0.0019,-0.0008,9.8066,-0.0045,0.0081,0.0097,-13.87,-35.06,-4.06,250.29,-84.89,-172.17
52.386135,-1.535318,154.61,2.64,4,29.54,19 / 21,4802409,2019-09-06 20:40:08:152,0.2327,0.1766,9.8663,0.0008,0.0012,9.8066,0.0009,0.0185,0.0147,-13.44,-34.81,-4.31,248.31,-84.85,-172.23
52.386135,-1.535318,154.61,2.64,4,29.54,19 / 21,4802510,2019-09-06 20:40:08:253,0.0488,-0.0724,9.8548,0.0023,0,9.8066,-0.0205,-0.0039,0.0066,-13.19,-34.69,-4.31,248.39,-84.85,-172.13
52.386135,-1.535318,154.61,2.64,4,29.54,19 / 21,4802609,2019-09-06 20:40:08:352,0.082,0.032,9.8098,-0.001,-0.0005,9.8066,0.0049,0.0011,0.0033,-13.62,-35,-4.87,247.07,-84.84,-172.08
52.386135,-1.535318,154.61,2.64,4,29.54,19 / 21,4802709,2019-09-06 20:40:08:452,0.2896,0.2627,9.7877,-0.0001,0.0004,9.8066,-0.0163,-0.0196,-0.0065,-13.25,-34.94,-4.62,245.02,-84.83,-172.14
52.386135,-1.535318,154.61,2.64,4,29.54,19 / 21,4802809,2019-09-06 20:40:08:552,0.0586,-0.1285,9.9192,0.0001,0.0002,9.8066,0.0032,-0.023,-0.0086,-13.25,-34.56,-4.5,248.5,-84.82,-171.96
52.386135,-1.535318,154.61,2.64,4,29.54,19 / 21,4802910,2019-09-06 20:40:08:653,0.0789,0.0208,9.8999,0.0009,0.001,9.8066,0.0071,-0.0087,-0.0145,-13.94,-34.94,-4.25,250.19,-84.81,-172.09
52.386135,-1.535318,154.61,2.64,4,29.54,19 / 21,4803009,2019-09-06 20:40:08:752,0.2791,0.1057,9.7847,-0.0013,0.0007,9.8066,0.019,-0.0056,0.004,-13.94,-34.56,-4.31,250.14,-84.81,-172.16
52.386135,-1.535318,154.61,2.64,4,29.54,19 / 21,4803110,2019-09-06 20:40:08:853,0.0693,-0.0423,9.9503,0.0023,0.0018,9.8065,-0.0014,0.0159,-0.0033,-13.69,-34.75,-4.69,246.82,-84.79,-172.25
52.386135,-1.535318,154.61,2.64,4,29.54,19 / 21,4803210,2019-09-06 20:40:08:953,0.1268,0.0571,9.9124,-0.0027,-0.0005,9.8066,0.0071,0.0174,0.0166,-14.06,-34.69,-4.12,249.93,-84.8,-172.35
52.386135,-1.535318,154.61,2.64,4,29.54,19 / 21,4803310,2019-09-06 20:40:09:053,0.1618,-0.0032,9.7927,-0.0025,-0.0009,9.8066,-0.0131,0.0048,0,-13.37,-35,-3.44,251.62,-84.79,-172.34
52.386135,-1.535318,154.61,2.64,4,29.54,19 / 21,4803412,2019-09-06 20:40:09:155,0.1897,0.0325,9.9517,0.0041,0.003,9.8066,-0.0135,-0.0056,0.0068,-13.75,-35.19,-4.19,250.05,-84.79,-172.21
52.386135,-1.535318,154.61,2.64,4,29.54,19 / 21,4803510,2019-09-06 20:40:09:253,0.1127,-0.0127,9.9251,-0.0014,0.0002,9.8066,0.0029,0.005,0.0148,-13.62,-34.87,-3.94,249.92,-84.78,-172.32
52.386135,-1.535318,154.61,2.64,4,29.54,19 / 21,4803609,2019-09-06 20:40:09:352,0.0785,-0.0536,9.8024,0.0001,-0.0003,9.8066,-0.0042,0.0052,0.0075,-13.56,-35.06,-4.12,249.95,-84.77,-172.26
52.386135,-1.535318,154.61,2.64,4,29.54,19 / 21,4803710,2019-09-06 20:40:09:453,0.1739,0.1295,9.8854,0.0027,0.0012,9.8066,-0.0094,-0.0013,0.0138,-13.25,-35.31,-4.69,244.71,-84.77,-172.34
52.386135,-1.535318,154.61,2.64,4,29.54,19 / 21,4803810,2019-09-06 20:40:09:553,0.127,0.0242,9.9257,-0.0007,-0.001,9.8066,0.0131,-0.0069,-0.0075,-13.87,-35,-4.31,249.96,-84.74,-172.19
52.386135,-1.535318,154.61,2.64,4,29.54,19 / 21,4803910,2019-09-06 20:40:09:653,0.0524,-0.1015,9.8265,-0.0022,-0.0017,9.8065,0.0174,-0.0267,0.001,-14.06,-35.12,-5.06,246.87,-84.75,-172.1
52.386135,-1.535318,154.61,2.64,4,29.54,19 / 21,4804010,2019-09-06 20:40:09:753,0.1883,0.1796,9.8574,-0.0007,-0.0019,9.8066,-0.0009,-0.0082,-0.0038,-14,-34.31,-4.31,250.45,-84.74,-171.99
52.386135,-1.535318,154.61,2.64,4,29.54,19 / 21,4804110,2019-09-06 20:40:09:853,0.1837,0.0662,9.8917,0.0017,0.001,9.8066,0.0056,-0.013,0.0063,-13.44,-34.5,-4.25,248.5,-84.73,-172.09
52.386135,-1.535318,154.61,2.64,4,29.54,19 / 21,4804210,2019-09-06 20:40:09:953,0.0022,-0.0977,9.911,-0.0005,-0.0001,9.8066,0.004,0.0153,0.0041,-13.56,-34.94,-4.19,250.09,-84.72,-172
52.386135,-1.535318,154.61,2.64,4,29.54,19 / 21,4804310,2019-09-06 20:40:10:053,0.1673,0.1257,9.7982,0.0027,0.0018,9.8066,-0.0084,0.0107,0.0158,-13.69,-35.12,-4.44,249.85,-84.71,-172.23
52.386135,-1.535318,154.61,2.64,4,29.54,19 / 20,4804410,2019-09-06 20:40:10:153,0.1905,0.079,9.8298,-0.0022,-0.0005,9.8066,0.0027,0.0103,0.0102,-13.75,-34.81,-4.44,249.84,-84.7,-172.22
52.386135,-1.535318,154.61,2.64,4,29.54,19 / 20,4804510,2019-09-06 20:40:10:253,0.0143,0.0602,9.9935,-0.0024,-0.0019,9.8066,0.0039,-0.0042,0.0048,-14.75,-34.69,-4.94,248.43,-84.71,-172.25
52.386135,-1.535318,154.61,2.64,4,29.54,19 / 20,4804609,2019-09-06 20:40:10:352,0.0194,0,9.8231,-0.0021,-0.0009,9.8066,-0.0134,-0.0205,0.0118,-13.56,-35.19,-4.5,249.83,-84.7,-172.23
52.386135,-1.535318,154.61,2.64,4,29.54,19 / 20,4804710,2019-09-06 20:40:10:453,0.308,0.2093,9.8115,0.0048,0.0004,9.8065,-0.0192,-0.019,-0.0078,-13.25,-34.62,-4,247.96,-84.7,-172.25
52.386135,-1.535318,154.61,2.64,4,29.54,19 / 20,4804810,2019-09-06 20:40:10:553,0.1177,0.199,9.8515,0.0021,0.0013,9.8066,0.0136,-0.0254,-0.0019,-14,-34.62,-4.25,249.86,-84.68,-172.14
52.386135,-1.535318,154.61,2.64,4,29.54,19 / 20,4804909,2019-09-06 20:40:10:652,0.0543,-0.0255,9.9024,-0.0003,-0.0002,9.8066,0.0115,-0.0162,-0.0072,-13.69,-35.12,-4.75,246.68,-84.68,-172.14
52.386135,-1.535318,154.61,2.64,4,29.54,19 / 20,4805009,2019-09-06 20:40:10:752,0.0226,-0.0698,9.8271,-0.001,0,9.8066,-0.003,-0.0106,-0.0014,-13.31,-35.06,-4.37,247.97,-84.68,-172.18
52.386135,-1.535318,154.61,2.64,4,29.54,19 / 20,4805110,2019-09-06 20:40:10:853,0.1283,0.2089,9.78,0.0011,-0.0003,9.8066,-0.0019,0.0085,-0.0039,-13.56,-34.94,-4.69,246.6,-84.66,-172.2
52.386135,-1.535318,154.61,2.64,4,29.54,19 / 20,4805209,2019-09-06 20:40:10:952,0.1239,-0.014,9.9408,-0.0014,0.0015,9.8066,-0.0026,0.0101,0.0092,-12.87,-35.25,-4.62,244.46,-84.66,-172.38
52.386135,-1.535318,154.61,2.64,4,29.54,19 / 20,4805309,2019-09-06 20:40:11:052,-0.0533,-0.0652,9.8897,0.0019,0.0008,9.8066,-0.0063,0.0145,0.0043,-14,-34.87,-4.37,249.67,-84.65,-172.28
52.386135,-1.535318,154.61,2.64,4,29.54,19 / 21,4805411,2019-09-06 20:40:11:154,0.0715,0.0796,9.7105,0.0023,-0.0001,9.8065,0.0039,-0.0064,-0.0002,-13.31,-35.31,-4,247.86,-84.64,-172.2
52.386135,-1.535318,154.61,2.64,4,29.54,19 / 21,4805510,2019-09-06 20:40:11:253,0.1784,0.0728,9.9289,-0.0027,-0.0022,9.8066,0.0124,-0.0064,-0.0031,-13.94,-34.94,-4.31,249.85,-84.64,-172.07
52.386135,-1.535318,154.61,2.64,4,29.54,19 / 21,4805609,2019-09-06 20:40:11:352,-0.0218,0.0159,9.9135,-0.0034,-0.0002,9.8066,-0.0095,-0.0232,-0.0081,-13.62,-34.94,-4.44,249.75,-84.65,-172.19
52.386135,-1.535318,154.61,2.64,4,29.54,19 / 21,4805710,2019-09-06 20:40:11:453,0.1307,0.0249,9.703,0.0013,0.0007,9.8066,-0.0012,-0.0056,-0.0094,-13.56,-35.06,-4.31,249.76,-84.63,-172.13
52.386135,-1.535318,154.61,2.64,4,29.54,19 / 21,4805809,2019-09-06 20:40:11:552,0.0627,0.0462,9.9362,0.0014,0.0016,9.8066,-0.0025,-0.0073,0.0004,-13.87,-34.75,-4.62,246.41,-84.64,-172.35
52.386135,-1.535318,154.61,2.64,4,29.54,19 / 21,4805909,2019-09-06 20:40:11:652,-0.0075,0.0712,9.9184,0.0024,0.0024,9.8066,-0.0016,0.0165,0.0049,-13.12,-35.19,-4.44,247.78,-84.63,-172.28
52.386135,-1.535318,154.61,2.64,4,29.54,19 / 21,4806009,2019-09-06 20:40:11:752,0.0861,-0.068,9.6928,0.0044,0.0026,9.8066,0,0.0117,-0.0011,-13.25,-35.31,-4.81,244.31,-84.61,-172.42
52.386135,-1.535318,154.61,2.64,4,29.54,19 / 21,4806110,2019-09-06 20:40:11:853,0.1706,0.0737,9.8575,-0.0039,-0.0013,9.8065,0.007,-0.0007,0.0084,-13.94,-34.37,-4.62,246.64,-84.62,-172.4
52.386135,-1.535318,154.61,2.64,4,29.54,19 / 21,4806210,2019-09-06 20:40:11:953,0.0713,0.0402,9.9592,-0.0017,-0.0016,9.8066,-0.0272,-0.0115,-0.0139,-14.12,-35,-4.25,249.47,-84.61,-172.42
52.386135,-1.535318,154.61,2.64,4,29.54,19 / 21,4806310,2019-09-06 20:40:12:053,0.0639,-0.0942,9.7408,0.0005,0.001,9.8066,-0.0044,-0.0157,0.0007,-13.94,-35.12,-4.31,249.45,-84.6,-172.41
52.386135,-1.535318,154.61,2.64,4,29.54,19 / 21,4806409,2019-09-06 20:40:12:152,0.0955,0.086,9.929,0.0022,-0.0006,9.8066,0.0113,-0.0205,-0.01,-13.62,-35.06,-4.37,249.54,-84.6,-172.31
52.386135,-1.535318,154.61,2.64,4,29.54,19 / 21,4806509,2019-09-06 20:40:12:252,-0.078,-0.0974,9.9404,0.0004,0.0001,9.8066,0.0248,-0.0162,-0.0011,-13.5,-34.5,-4.62,244.68,-84.59,-172.32
52.386135,-1.535318,154.61,2.64,4,29.54,19 / 21,4806610,2019-09-06 20:40:12:353,0.1351,-0.1139,9.7268,0.0021,-0.001,9.8066,-0.0065,0.0094,-0.0043,-13.75,-34.94,-4.5,249.55,-84.56,-172.22
52.386135,-1.535318,154.61,2.64,4,29.54,19 / 21,4806710,2019-09-06 20:40:12:453,0.1766,0.0166,9.859,-0.0029,0.0002,9.8066,0.0019,0.0143,0.015,-13.25,-35,-4.19,247.61,-84.56,-172.29
52.386135,-1.535318,154.61,2.64,4,29.54,19 / 21,4806810,2019-09-06 20:40:12:553,-0.0359,-0.0743,9.9103,-0.0007,-0.0012,9.8066,-0.01,0.0107,-0.0063,-13.56,-34.94,-4.5,249.39,-84.56,-172.37
52.386135,-1.535318,154.61,2.64,4,29.54,19 / 21,4806910,2019-09-06 20:40:12:653,0.024,-0.063,9.7688,0.0036,0.0009,9.8066,-0.0121,-0.0108,0.0072,-13.75,-34.69,-3.81,249.36,-84.55,-172.4
52.386135,-1.535318,154.61,2.64,4,29.54,19 / 21,4807010,2019-09-06 20:40:12:753,0.0781,0.0046,9.8112,0.0043,0.0014,9.8066,0.0184,-0.0136,-0.0067,-13.56,-34.75,-4.31,249.31,-84.52,-172.38
52.386135,-1.535318,154.61,2.64,4,29.54,19 / 21,4807110,2019-09-06 20:40:12:853,-0.0397,-0.0298,9.9797,-0.0006,0,9.8066,0.0119,-0.0246,-0.0001,-13.75,-35.06,-4.31,249.37,-84.53,-172.34
52.386135,-1.535318,154.61,2.64,4,29.54,19 / 21,4807209,2019-09-06 20:40:12:952,0.0629,-0.1194,9.7939,0.0001,-0.0008,9.8066,-0.008,0.005,-0.0029,-13.37,-34.87,-4.31,247.51,-84.52,-172.3
52.386135,-1.535318,154.61,2.64,4,29.54,19 / 21,4807309,2019-09-06 20:40:13:052,0.0657,-0.0163,9.8235,-0.0004,0.0005,9.8066,0.0126,-0.0048,-0.0056,-13.87,-34.94,-4.81,246.19,-84.53,-172.36
52.386135,-1.535318,154.61,2.64,4,29.54,19 / 20,4807410,2019-09-06 20:40:13:153,-0.0831,-0.0225,9.9842,0,-0.0013,9.8066,0.0232,-0.0222,0.0039,-13.37,-34.87,-4.37,247.51,-84.52,-172.3
52.386135,-1.535318,154.61,2.64,4,29.54,19 / 20,4807509,2019-09-06 20:40:13:252,-0.0069,-0.0871,9.8296,0.004,0.0026,9.8066,0.0055,-0.0015,-0.0055,-13.81,-35.25,-4.37,249.3,-84.52,-172.4
52.386135,-1.535318,154.61,2.64,4,29.54,19 / 20,4807611,2019-09-06 20:40:13:354,0.0072,-0.0058,9.8314,-0.0025,-0.002,9.8066,-0.0052,-0.0025,0.0061,-13.69,-34.87,-4.25,249.26,-84.49,-172.37
52.386135,-1.535318,154.61,2.64,4,29.54,19 / 20,4807709,2019-09-06 20:40:13:452,-0.0681,-0.0496,9.9745,-0.0019,-0.0008,9.8066,0.0018,0.012,0.0036,-14.12,-34.62,-4.44,249.29,-84.5,-172.36
52.386135,-1.535318,154.61,2.64,4,29.54,19 / 20,4807809,2019-09-06 20:40:13:552,0.0355,-0.1681,9.7764,-0.0001,-0.0017,9.8066,-0.01,-0.0102,0.01,-13.75,-34.69,-3.75,249.38,-84.49,-172.24
52.386135,-1.535318,154.61,2.64,4,29.54,19 / 20,4807909,2019-09-06 20:40:13:652,0.0607,0.0407,9.8403,-0.0009,-0.0003,9.8066,0.0198,-0.0166,-0.0073,-14.06,-35,-4.44,249.21,-84.49,-172.42
52.386135,-1.535318,154.61,2.64,4,29.54,19 / 20,4808010,2019-09-06 20:40:13:753,-0.1575,-0.0565,9.943,-0.0007,-0.0011,9.8066,0.02,-0.0199,0.0051,-13.75,-35.12,-4.19,249.13,-84.47,-172.46
52.386135,-1.535318,154.61,2.64,4,29.54,19 / 20,4808109,2019-09-06 20:40:13:852,0.0067,-0.1134,9.7606,0.003,0.0018,9.8066,-0.0078,0.0098,-0.0059,-14.37,-34.87,-4.75,245.97,-84.48,-172.5
52.386135,-1.535318,154.61,2.64,4,29.54,19 / 20,4808210,2019-09-06 20:40:13:953,0.1939,0.077,9.876,0.0044,0.0006,9.8066,0.0017,0.0028,0.0173,-14.19,-34.75,-4.5,249.25,-84.46,-172.32
52.386135,-1.535318,154.61,2.64,4,29.54,19 / 20,4808310,2019-09-06 20:40:14:053,-0.0626,-0.0108,9.9035,-0.0038,-0.0013,9.8066,-0.0269,0.0225,0.0037,-14.62,-35.31,-4.75,247.9,-84.48,-172.34
52.386135,-1.535318,154.61,2.64,4,29.54,19 / 21,4808409,2019-09-06 20:40:14:152,0.3176,-0.1041,9.7627,0.0003,0.0063,9.8066,-0.0003,-0.01,0.0224,-14.56,-35.62,-4.37,250.84,-84.47,-172.06
52.386135,-1.535318,154.61,2.64,4,29.54,19 / 21,4808509,2019-09-06 20:40:14:252,0.473,0.3474,9.8366,0.0064,0.0015,9.8065,0.0044,-0.014,-0.0089,-14.12,-35.62,-4.56,245.76,-84.42,-172.24
52.386135,-1.535318,154.61,2.64,4,29.54,19 / 21,4808610,2019-09-06 20:40:14:353,0.2053,0.0988,9.8599,-0.002,0.0004,9.8066,0.0224,-0.0011,0.0141,-14.44,-36.06,-4.62,245.6,-84.43,-172.43
52.386135,-1.535318,154.61,2.64,4,29.54,19 / 21,4808709,2019-09-06 20:40:14:452,0.3566,0.3186,9.8353,0.001,0.002,9.8066,-0.0093,-0.0068,-0.0054,-15.06,-35.56,-4.75,247.25,-84.4,-172.54
52.386135,-1.535318,154.61,2.64,4,29.54,19 / 21,4808810,2019-09-06 20:40:14:553,0.3738,0.2374,9.7736,-0.0036,-0.0007,9.8066,0.0223,-0.0056,0.0013,-14.69,-35.94,-4.75,247.22,-84.4,-172.57
52.386135,-1.535318,154.61,2.64,4,29.54,19 / 21,4808909,2019-09-06 20:40:14:652,0.418,0.1981,9.8549,0.0007,0.0013,9.8066,-0.0117,-0.004,0.0035,-15.37,-36.25,-4.94,247.06,-84.36,-172.67
52.386135,-1.535318,154.61,2.64,4,29.54,19 / 21,4809009,2019-09-06 20:40:14:752,0.4848,0.4058,9.7847,0.0027,0.0006,9.8066,-0.0066,0.0019,-0.0092,-14.56,-36.75,-4.94,246.74,-84.33,-172.61
52.386135,-1.535318,154.61,2.64,4,29.54,19 / 21,4809110,2019-09-06 20:40:14:853,0.6076,0.4003,9.8469,0.0008,0.0019,9.8066,0.0034,0.0026,0.0044,-14.94,-36.12,-5.19,246.91,-84.29,-172.68
52.386135,-1.535318,154.61,2.64,4,29.54,19 / 21,4809210,2019-09-06 20:40:14:953,0.5692,0.4084,9.9193,0.0014,0.0018,9.8066,0.0166,-0.0137,-0.001,-15.12,-36.44,-4.19,249.6,-84.25,-172.93
52.386135,-1.535318,154.61,2.64,4,29.54,19 / 21,4809310,2019-09-06 20:40:15:053,0.5,0.3607,9.88,0.0016,0.0022,9.8066,0.0115,-0.0023,-0.0123,-14.62,-36.31,-4.87,246.34,-84.24,-173.18
52.386135,-1.535318,154.61,2.64,4,29.54,19 / 21,4809410,2019-09-06 20:40:15:153,0.9064,0.4402,9.7575,0.0004,0.004,9.8066,0.0098,-0.0138,0.0036,-14.56,-36.19,-4.69,245.78,-84.18,-173.69
52.386135,-1.535318,154.61,2.64,4,29.54,19 / 21,4809510,2019-09-06 20:40:15:253,1.3398,0.9666,9.8405,0.0061,0.0029,9.8065,0.0058,0.0131,-0.0026,-15,-36.37,-4.25,248.49,-84.11,-173.83
52.386135,-1.535318,154.61,2.64,4,29.54,19 / 21,4809609,2019-09-06 20:40:15:352,1.9107,1.0173,9.876,0.003,0.0021,9.8066,0.0116,-0.0209,0.0136,-14.37,-36.44,-4.25,246.63,-84.06,-173.89
52.386135,-1.535318,154.61,2.64,4,29.54,19 / 21,4809709,2019-09-06 20:40:15:452,1.6405,1.1488,9.7907,0.0058,0.003,9.8065,-0.014,-0.0072,0.0114,-14.94,-36.25,-4.75,245.34,-84,-173.79
52.386135,-1.535318,154.61,2.64,4,29.54,19 / 21,4809810,2019-09-06 20:40:15:553,1.2996,0.7761,9.8342,0.0054,0.0003,9.8066,0.0211,0.0006,0.0027,-14.75,-36.81,-4.25,248.04,-83.94,-173.58
52.386135,-1.535318,154.61,2.64,4,29.54,19 / 21,4809909,2019-09-06 20:40:15:652,1.8176,1.2389,9.8314,0.004,0.0032,9.8066,-0.0119,-0.0045,-0.0038,-14.75,-36.25,-4.69,245.21,-83.86,-173.64
52.386135,-1.535318,154.61,2.64,4,29.54,19 / 21,4810009,2019-09-06 20:40:15:752,1.4984,1.0966,9.8057,0.0045,0.0038,9.8066,-0.0133,-0.0054,-0.0061,-14.19,-36.5,-4.81,243.16,-83.8,-173.76
52.386135,-1.535318,154.61,2.64,4,29.54,19 / 21,4810109,2019-09-06 20:40:15:852,1.1225,0.7938,9.6868,-0.0037,-0.0024,9.8066,0.0275,0.0086,0.0167,-14.62,-36.75,-4,247.23,-83.73,-174.01
52.386135,-1.535318,154.61,2.64,4,29.54,19 / 21,4810210,2019-09-06 20:40:15:953,1.8374,1.3215,10.0448,-0.0028,-0.0042,9.8066,0.0036,-0.0021,0.0157,-14,-36.44,-5.19,242.95,-83.73,-173.84
52.386135,-1.535318,154.61,2.64,4,29.54,19 / 21,4810309,2019-09-06 20:40:16:052,1.8277,1.0663,9.9333,0.002,-0.0012,9.8066,0.0321,0.0057,0.0064,-14.06,-36.44,-4.37,246.3,-83.72,-173.47
52.386135,-1.535318,154.61,2.64,4,29.54,20 / 21,4810409,2019-09-06 20:40:16:152,1.1375,0.815,9.8663,0.0042,-0.0015,9.8066,0.0057,-0.0094,-0.014,-13.44,-36.62,-4.37,243.77,-83.65,-173.52
52.386135,-1.535318,154.61,2.64,4,29.54,20 / 21,4810510,2019-09-06 20:40:16:253,1.6143,1.1084,9.5509,-0.001,0.0045,9.8066,-0.0405,-0.0025,0.0124,-14.31,-36.94,-4.19,245.64,-83.61,-173.55
52.386135,-1.535318,154.61,2.64,4,29.54,20 / 21,4810609,2019-09-06 20:40:16:352,1.0263,0.5608,9.758,0.0039,0.0035,9.8066,-0.0306,0.0079,0.0177,-14.87,-37,-4.25,247.17,-83.64,-173.87
52.386135,-1.535318,154.61,2.64,4,29.54,20 / 21,4810710,2019-09-06 20:40:16:453,1.5169,0.8212,10.1797,0.0036,0.0048,9.8066,0.0145,-0.0034,-0.0144,-14.81,-36.37,-4.56,244.45,-83.64,-174.03
52.386135,-1.535318,154.61,2.64,4,29.54,20 / 21,4810810,2019-09-06 20:40:16:553,1.2778,1.1703,9.9084,-0.0074,-0.0035,9.8066,0.0728,0.0046,0.0004,-14.75,-36.62,-4.75,244.35,-83.71,-173.93
52.386135,-1.535318,154.61,2.64,4,29.54,20 / 21,4810910,2019-09-06 20:40:16:653,1.0423,0.703,10.1253,-0.0164,-0.0137,9.8066,0.0102,0.0416,-0.0268,-14.31,-36.44,-4.56,242.99,-83.76,-173.85
52.386135,-1.535318,154.61,2.64,4,29.54,20 / 21,4811010,2019-09-06 20:40:16:753,1.4972,0.7216,9.8043,-0.004,-0.004,9.8066,-0.0186,-0.0406,0.0336,-14,-36.87,-4.37,245.62,-83.72,-173.81
52.386135,-1.535318,154.61,2.64,4,29.54,20 / 21,4811109,2019-09-06 20:40:16:852,0.8035,0.8212,9.6561,0.0026,-0.0013,9.8066,0.0568,-0.0268,0.028,-13.75,-36.69,-4.44,245.91,-83.67,-173.37
52.386135,-1.535318,154.61,2.64,4,29.54,20 / 21,4811209,2019-09-06 20:40:16:952,1.0557,0.8985,9.453,0.0019,-0.0008,9.8066,-0.011,-0.0012,-0.0051,-14.25,-36.94,-4.44,245.73,-83.64,-173.52
52.386135,-1.535318,154.61,2.64,4,29.54,20 / 21,4811310,2019-09-06 20:40:17:053,1.3968,0.795,9.841,0.001,-0.0016,9.8066,0.0269,0.0008,-0.0034,-14.56,-36.87,-4.31,247.46,-83.61,-173.47
52.386204,-1.535268,154.7,3.19,3,28.24,20 / 21,4811409,2019-09-06 20:40:17:152,0.8118,0.2245,9.8491,-0.009,-0.011,9.8066,0.0013,0.0036,-0.0262,-14.56,-36.62,-4.44,247.41,-83.58,-173.45
52.386204,-1.535268,154.7,3.19,3,28.24,20 / 21,4811509,2019-09-06 20:40:17:252,0.9806,0.3831,9.8054,-0.0017,-0.0027,9.8066,-0.0198,-0.0079,-0.0026,-14.5,-36.94,-4.5,245.88,-83.62,-173.3
52.386204,-1.535268,154.7,3.19,3,28.24,20 / 21,4811610,2019-09-06 20:40:17:353,1.3172,0.8576,9.7264,0.0056,0.0034,9.8066,-0.0097,-0.0129,0.0077,-14.19,-36.87,-3.94,245.72,-83.56,-173.34
52.386204,-1.535268,154.7,3.19,3,28.24,20 / 21,4811710,2019-09-06 20:40:17:453,1.1204,0.6519,10.0071,0.011,0.0076,9.8066,0.017,0.0203,-0.0053,-14,-37.5,-3.87,245.64,-83.54,-173.37
52.386204,-1.535268,154.7,3.19,3,28.24,20 / 21,4811810,2019-09-06 20:40:17:553,0.9819,0.6722,10.0351,0.0023,0.0001,9.8065,-0.0076,0.0101,0.0005,-14.81,-36.75,-5.12,244.38,-83.52,-173.48
52.386204,-1.535268,154.7,3.19,3,28.24,20 / 21,4811909,2019-09-06 20:40:17:652,0.645,0.6899,9.6605,-0.0062,-0.0033,9.8066,-0.039,0.0028,-0.011,-14.5,-36.75,-4.31,245.54,-83.53,-173.46
52.386204,-1.535268,154.7,3.19,3,28.24,20 / 21,4812010,2019-09-06 20:40:17:753,1.1268,0.4885,9.5516,-0.0007,0.0013,9.8066,0.0472,-0.0195,0.0216,-13.94,-36.37,-4.31,245.88,-83.5,-173.44
52.386204,-1.535268,154.7,3.19,3,28.24,20 / 21,4812110,2019-09-06 20:40:17:853,0.8674,0.7186,9.7888,0.0079,-0.0025,9.8066,-0.0206,0.0089,-0.0219,-13.31,-37.06,-4.37,243.76,-83.46,-173.06
52.386204,-1.535268,154.7,3.19,3,28.24,20 / 21,4812210,2019-09-06 20:40:17:953,0.6012,0.3779,10.3657,-0.0008,0.0008,9.8066,0.0206,0.0063,0.0218,-14.69,-37.06,-4.56,244.42,-83.41,-173.2
52.386204,-1.535268,154.7,3.19,3,28.24,20 / 21,4812309,2019-09-06 20:40:18:052,1.2544,0.8996,9.8591,-0.0036,-0.003,9.8066,-0.0162,0.0047,-0.0077,-15.12,-37.37,-4.62,244.27,-83.35,-173.23
52.386204,-1.535268,154.7,3.19,3,28.24,20 / 21,4812410,2019-09-06 20:40:18:153,0.7234,0.2329,9.611,0.0096,0.0032,9.8066,-0.058,0.0084,-0.0148,-14.44,-36.37,-4.37,245.72,-83.29,-173.13
52.386204,-1.535268,154.7,3.19,3,28.24,20 / 21,4812510,2019-09-06 20:40:18:253,0.8522,0.701,9.8375,-0.0042,-0.0043,9.8066,0.0313,-0.0071,0.0018,-13.75,-37.06,-4.19,245.36,-83.27,-173.06
52.386204,-1.535268,154.7,3.19,3,28.24,20 / 21,4812609,2019-09-06 20:40:18:352,0.4314,0.242,10.1015,-0.0019,-0.003,9.8066,0.0174,0.0011,-0.0004,-14.19,-36.81,-4.37,245.72,-83.31,-172.74
52.386204,-1.535268,154.7,3.19,3,28.24,20 / 21,4812710,2019-09-06 20:40:18:453,1.1932,0.8645,10.1619,-0.0028,-0.0032,9.8066,-0.0424,0.0166,0.0159,-14.5,-36.75,-4.69,242.75,-83.29,-172.69
52.386204,-1.535268,154.7,3.19,3,28.24,20 / 21,4812809,2019-09-06 20:40:18:552,0.5168,0.248,9.6568,0.0026,-0.0037,9.8066,-0.0468,0.0058,0.0297,-14.44,-36.75,-5.19,243.58,-83.31,-171.78
52.386204,-1.535268,154.7,3.19,3,28.24,20 / 21,4812910,2019-09-06 20:40:18:653,0.5898,0.3293,9.8785,0.0011,-0.0072,9.8066,0.0287,0.0042,0.0138,-14,-36.44,-4.56,244.63,-83.36,-171.11
52.386204,-1.535268,154.7,3.19,3,28.24,20 / 21,4813010,2019-09-06 20:40:18:753,0.7438,0.3411,10.1329,0.0038,0.0014,9.8066,0.0426,-0.0046,0.0152,-14.81,-36.94,-4.81,246.72,-83.34,-170.46
52.386204,-1.535268,154.7,3.19,3,28.24,20 / 21,4813109,2019-09-06 20:40:18:852,0.4779,0.3557,9.5933,0.0157,0.0019,9.8066,-0.0318,-0.0413,0.0126,-14.56,-36.25,-5.12,247.26,-83.24,-170.05
52.386204,-1.535268,154.7,3.19,3,28.24,20 / 21,4813209,2019-09-06 20:40:18:952,0.3922,0.0246,9.6805,-0.0125,-0.0119,9.8066,-0.0468,0.0005,-0.0127,-13.81,-36.31,-4.75,246.22,-83.33,-169.26
52.386204,-1.535268,154.7,3.19,3,28.24,20 / 21,4813310,2019-09-06 20:40:19:053,0.1144,0.3302,9.4876,-0.0011,-0.0042,9.8066,-0.053,0.0275,0.004,-14.37,-36.56,-4.87,245.48,-83.25,-169.48
52.386204,-1.535268,154.7,3.19,3,28.24,20 / 21,4813409,2019-09-06 20:40:19:152,0.2554,0.3621,9.857,0.0076,0.0021,9.8066,0.0575,0.0031,0.0001,-14.56,-36.25,-4.56,247.64,-83.15,-169.44
52.386204,-1.535268,154.7,3.19,3,28.24,20 / 21,4813510,2019-09-06 20:40:19:253,0.5022,0.6078,9.6883,-0.0211,-0.0141,9.8065,-0.0817,0.0016,-0.0027,-14.12,-36.56,-4.69,245.3,-83.16,-169.48
52.386204,-1.535268,154.7,3.19,3,28.24,20 / 21,4813609,2019-09-06 20:40:19:352,0.672,0.2936,9.9551,0.0215,0.0146,9.8065,-0.0411,-0.0084,0.0166,-13.81,-36.37,-5.12,245.03,-82.95,-169.76
52.386204,-1.535268,154.7,3.19,3,28.24,20 / 21,4813709,2019-09-06 20:40:19:452,0.0749,0.2644,9.8196,0.0057,0.0086,9.8066,0.0178,-0.0018,0.0078,-14.87,-36.44,-4.94,246.78,-82.95,-169.96
52.386204,-1.535268,154.7,3.19,3,28.24,20 / 21,4813809,2019-09-06 20:40:19:552,0.4606,0.272,9.9787,-0.0062,-0.0037,9.8066,0.0018,-0.0244,-0.0057,-14.81,-36.31,-4.81,246.48,-82.9,-170.21
52.386204,-1.535268,154.7,3.19,3,28.24,20 / 21,4813909,2019-09-06 20:40:19:652,0.7201,0.3511,9.6837,-0.0074,0.0026,9.8066,-0.014,-0.0425,-0.0107,-13.81,-36.56,-4.06,246.84,-82.93,-170.56
52.386204,-1.535268,154.7,3.19,3,28.24,20 / 21,4814009,2019-09-06 20:40:19:752,0.5967,0.3073,10.1082,0.0002,0.0078,9.8066,0.0227,-0.0086,-0.0126,-14.31,-36.5,-4.62,243.29,-82.92,-171.67
52.386204,-1.535268,154.7,3.19,3,28.24,20 / 21,4814110,2019-09-06 20:40:19:853,0.2008,0.42,9.7716,-0.0032,0.0014,9.8065,-0.0036,-0.0151,0.0091,-14.62,-37.19,-4.75,244.05,-82.84,-172.4
52.386204,-1.535268,154.7,3.19,3,28.24,20 / 21,4814209,2019-09-06 20:40:19:952,0.0472,0.1585,10.0221,0.0031,-0.0083,9.8066,0.0298,0.0018,-0.0123,-14.19,-36.69,-4.25,245.13,-82.81,-172.22
52.386204,-1.535268,154.7,3.19,3,28.24,20 / 21,4814309,2019-09-06 20:40:20:052,0.1124,-0.0799,10.4641,-0.0005,0.0021,9.8066,0.0257,-0.0014,-0.0224,-14.75,-37.19,-5.19,243.96,-82.69,-172.17
52.386204,-1.535268,154.7,3.19,3,28.24,20 / 21,4814409,2019-09-06 20:40:20:152,0.6528,0.5559,9.9808,0.0134,0.0176,9.8066,0.0209,-0.0165,-0.0099,-14.37,-37.56,-4.12,243.32,-82.63,-173.39
52.386204,-1.535268,154.7,3.19,3,28.24,20 / 21,4814510,2019-09-06 20:40:20:253,0.407,0.2591,9.9591,0.0059,0.0094,9.8066,-0.0322,0.0144,-0.0352,-14.37,-37.25,-4.06,242.66,-82.45,-174.22
52.386204,-1.535268,154.7,3.19,3,28.24,20 / 21,4814609,2019-09-06 20:40:20:352,0.0012,0.1004,9.4779,0.0083,0.0159,9.8066,-0.014,-0.04,0.0171,-14.37,-37.87,-4.06,240.94,-82.22,-175.22
52.386204,-1.535268,154.7,3.19,3,28.24,20 / 21,4814710,2019-09-06 20:40:20:453,0.3903,-0.3211,9.4852,0.0167,0.0069,9.8065,0.0833,-0.0087,-0.0194,-14.75,-37.37,-4.12,242.96,-82.03,-175.08
52.386204,-1.535268,154.7,3.19,3,28.24,20 / 21,4814810,2019-09-06 20:40:20:553,0.3133,0.0196,10.0938,-0.0288,-0.0024,9.8065,0.0824,-0.0358,-0.014,-13.62,-37.5,-3.44,243.83,-82.14,-175.66
52.386204,-1.535268,154.7,3.19,3,28.24,20 / 21,4814909,2019-09-06 20:40:20:652,0.516,0.029,10.1327,-0.0173,-0.0076,9.8066,-0.04,0.0148,-0.0279,-14.56,-37.87,-4.31,241.87,-82.18,-176.21
52.386204,-1.535268,154.7,3.19,3,28.24,20 / 21,4815009,2019-09-06 20:40:20:752,-0.3378,0.5135,9.6416,0.0044,0.0068,9.8066,-0.0557,-0.0095,0.0179,-14.31,-37.25,-4.25,240.01,-82.22,-176.81
52.386204,-1.535268,154.7,3.19,3,28.24,20 / 21,4815110,2019-09-06 20:40:20:853,-0.4783,0.0283,9.7204,0.0098,0.0021,9.8066,0.0576,-0.0318,0.0401,-13.62,-37.56,-4.19,239.83,-82.21,-176.52
52.386204,-1.535268,154.7,3.19,3,28.24,20 / 21,4815209,2019-09-06 20:40:20:952,0.23,-0.4189,9.7165,-0.0113,-0.0148,9.8066,0.0352,-0.0153,0.0095,-14,-37.12,-4.19,241.35,-82.21,-175.2
52.386204,-1.535268,154.7,3.19,3,28.24,20 / 21,4815309,2019-09-06 20:40:21:052,-0.1197,0.1482,9.5113,-0.0255,-0.0204,9.8065,0.0459,-0.0266,0.0147,-14.31,-37.31,-4.19,241.41,-82.21,-175.13
52.386204,-1.535268,154.7,3.19,3,28.24,20 / 21,4815410,2019-09-06 20:40:21:153,0.8523,0.478,10.5907,-0.032,-0.0255,9.8065,0.0797,-0.0173,0.0048,-14,-36.87,-3.81,241.68,-82.2,-174.8
52.386204,-1.535268,154.7,3.19,3,28.24,20 / 21,4815509,2019-09-06 20:40:21:252,-0.0234,0.5412,9.9242,0.0117,0.0141,9.8065,-0.0401,-0.0148,0.0381,-14.44,-37.44,-4.94,238.02,-82.02,-175.43
52.386204,-1.535268,154.7,3.19,3,28.24,20 / 21,4815609,2019-09-06 20:40:21:352,0.563,-0.0325,9.7701,0.0093,-0.0002,9.8066,-0.019,-0.0081,0,-14.62,-37.56,-4.06,242.73,-82.05,-174.91
52.386204,-1.535268,154.7,3.19,3,28.24,20 / 21,4815710,2019-09-06 20:40:21:453,0.3159,0.5689,10.7984,0.0206,0.0033,9.8065,0.0971,-0.0989,0.0705,-14.12,-36.5,-3.94,241.88,-82.05,-174.72
52.386204,-1.535268,154.7,3.19,3,28.24,20 / 21,4815810,2019-09-06 20:40:21:553,1.6249,0.7119,10.2204,-0.0171,-0.0045,9.8066,0.0965,0.0219,-0.0085,-15.06,-37.75,-4.19,242.68,-81.85,-174.52
52.386204,-1.535268,154.7,3.19,3,28.24,20 / 21,4815910,2019-09-06 20:40:21:653,0.7835,-0.1731,9.8645,0.0095,0.014,9.8066,-0.0119,-0.0135,-0.0439,-14.94,-37.19,-3.87,242.31,-81.51,-174.71
52.386204,-1.535268,154.7,3.19,3,28.24,20 / 21,4816010,2019-09-06 20:40:21:753,0.4252,0.8984,9.4471,0.0137,0.0175,9.8066,-0.0331,-0.0028,-0.046,-14.06,-37,-3.44,242.62,-81.46,-175.43
52.386204,-1.535268,154.7,3.19,3,28.24,20 / 21,4816110,2019-09-06 20:40:21:853,1.0211,0.2363,9.6416,-0.0023,0.0015,9.8066,0.0057,0.0088,0.0014,-15.06,-37.31,-3.62,241.14,-81.34,-175.71
52.386204,-1.535268,154.7,3.19,3,28.24,20 / 21,4816210,2019-09-06 20:40:21:953,0.2428,0.2474,10.2392,-0.0004,0.001,9.8066,-0.0024,-0.0268,-0.0295,-14.19,-37.25,-4.06,239.29,-81.36,-175.73
52.386204,-1.535268,154.7,3.19,3,28.24,20 / 21,4816310,2019-09-06 20:40:22:053,0.2503,0.3881,9.947,-0.0033,0.0043,9.8066,-0.0209,-0.0378,-0.0138,-14.19,-37.44,-3.56,238.92,-81.49,-176.47
52.386204,-1.535268,154.7,3.19,3,28.24,20 / 21,4816409,2019-09-06 20:40:22:152,0.8995,0.4314,9.7067,-0.002,0.008,9.8066,0.0363,0.0219,0.0181,-14.94,-38.06,-4.06,239.89,-81.54,-177.14
52.386204,-1.535268,154.7,3.19,3,28.24,20 / 21,4816510,2019-09-06 20:40:22:253,1.2198,0.665,9.4784,0.0034,0.0056,9.8066,-0.0357,-0.0127,-0.0087,-14.12,-38,-4,237.8,-81.53,-177.4
52.386204,-1.535268,154.7,3.19,3,28.24,20 / 21,4816610,2019-09-06 20:40:22:353,0.0244,-0.0818,9.9298,-0.0029,-0.0003,9.8065,-0.0399,-0.0279,-0.0115,-14.69,-38.12,-3.44,242.42,-81.59,-177.56
52.386204,-1.535268,154.7,3.19,3,28.24,20 / 21,4816709,2019-09-06 20:40:22:452,-0.2372,0.0215,10.0011,-0.0232,-0.015,9.8066,0.0462,-0.0232,-0.0325,-13.94,-37.81,-4.06,237.83,-81.58,-177.48
52.386204,-1.535268,154.7,3.19,3,28.24,20 / 21,4816810,2019-09-06 20:40:22:553,0.0775,0.188,10.0612,-0.0208,-0.0181,9.8066,0.0558,-0.0061,0.0146,-13.75,-37.94,-3.37,241.3,-81.86,-177.45
52.386204,-1.535268,154.7,3.19,3,28.24,20 / 21,4816910,2019-09-06 20:40:22:653,0.9337,0.4307,9.0726,-0.0018,-0.0023,9.8066,0.0537,0.0094,0.017,-14,-37.12,-3.31,241.63,-81.75,-177.32
52.386204,-1.535268,154.7,3.19,3,28.24,20 / 21,4817009,2019-09-06 20:40:22:752,0.9463,0.6837,8.9036,0.0099,-0.0019,9.8066,0.0464,0.0046,0.0239,-14.19,-36.94,-3.56,238.8,-81.6,-176.88
52.386204,-1.535268,154.7,3.19,3,28.24,20 / 21,4817109,2019-09-06 20:40:22:852,0.7685,-0.1458,9.7282,0.0096,0.0012,9.8065,-0.0599,-0.0018,0,-14.87,-36.81,-4.19,241.29,-81.67,-176.24
52.386204,-1.535268,154.7,3.19,3,28.24,20 / 21,4817209,2019-09-06 20:40:22:952,-0.9481,-0.6707,9.9388,-0.0049,-0.0035,9.8066,-0.1083,0.0213,-0.0204,-14.19,-37,-4.25,239.84,-81.92,-176.33
52.386204,-1.535268,154.7,3.19,3,28.24,20 / 21,4817309,2019-09-06 20:40:23:052,0.0882,0.3916,9.9295,-0.0074,-0.0075,9.8066,-0.006,-0.0297,0.0196,-14.25,-37.25,-4.94,238.24,-82.17,-175.47
52.386204,-1.535268,154.7,3.19,3,28.24,20 / 21,4817409,2019-09-06 20:40:23:152,-0.1779,-0.5748,9.2488,-0.0013,0.018,9.8066,0.1018,0.0113,-0.0243,-14.62,-37.69,-4.56,238.71,-82.19,-176.76
52.386204,-1.535268,154.7,3.19,3,28.24,20 / 21,4817510,2019-09-06 20:40:23:253,0.8005,0.7109,9.9321,0.0106,0.0096,9.8066,-0.03,-0.0008,-0.0107,-13.94,-37.44,-4.5,239.1,-81.88,-177.13
52.386204,-1.535268,154.7,3.19,3,28.24,20 / 21,4817609,2019-09-06 20:40:23:352,0.7237,-0.2875,10.149,-0.001,-0.0095,9.8066,-0.0098,-0.0406,0.0594,-14.44,-38.06,-4.81,236.28,-81.86,-176.69
52.386204,-1.535268,154.7,3.19,3,28.24,20 / 21,4817710,2019-09-06 20:40:23:453,-0.1303,-0.1605,9.8672,-0.0153,-0.008,9.8066,0.0572,0.0379,-0.0156,-14.5,-37.5,-4.69,237.21,-81.99,-176.31
52.386204,-1.535268,154.7,3.19,3,28.24,20 / 21,4817810,2019-09-06 20:40:23:553,0.2029,-0.0221,10.1314,0.0095,-0.0008,9.8066,0.0769,-0.0168,-0.0007,-14.75,-37.94,-5,238.85,-81.86,-175.92
52.386204,-1.535268,154.7,3.19,3,28.24,20 / 21,4817910,2019-09-06 20:40:23:653,0.5564,0.2486,10.4546,0.0111,0.0022,9.8066,-0.0124,-0.0254,-0.0168,-14.62,-37.62,-4.44,240.82,-81.84,-176.7
52.386204,-1.535268,154.7,3.19,3,28.24,20 / 21,4818010,2019-09-06 20:40:23:753,-0.2255,-0.2438,9.9341,0.0137,0.0001,9.8066,0.0468,0.0096,0.0515,-14.81,-38.06,-4.81,238.3,-81.61,-176.06
52.386204,-1.535268,154.7,3.19,3,28.24,20 / 21,4818109,2019-09-06 20:40:23:852,0.325,0.4728,10.1433,0.0021,-0.0081,9.8066,0.1018,0.0009,-0.0214,-14.81,-37.94,-2.94,244.31,-81.43,-174.96
52.386204,-1.535268,154.7,3.19,3,28.24,20 / 21,4818210,2019-09-06 20:40:23:953,0.3316,0.0937,9.8105,-0.0097,-0.0134,9.8066,0.0742,0.0023,0.0162,-14.62,-37.94,-2.81,244.41,-81.39,-174.75
52.386204,-1.535268,154.7,3.19,3,28.24,20 / 21,4818310,2019-09-06 20:40:24:053,0.5778,-0.2708,10.2394,-0.0112,-0.001,9.8066,-0.047,0.0081,-0.0158,-15.19,-37.62,-3.37,244.55,-81.34,-174.47
52.386204,-1.535268,154.7,3.19,3,28.24,20 / 21,4818410,2019-09-06 20:40:24:153,0.3081,-0.1937,9.7584,0.0069,-0.0142,9.8066,-0.0441,-0.04,0.0578,-15.06,-37.56,-2.87,244.98,-81.34,-173.96
52.386204,-1.535268,154.7,3.19,3,28.24,20 / 21,4818510,2019-09-06 20:40:24:253,-0.4561,-0.2373,9.4426,0.0014,0.0072,9.8066,-0.0632,-0.0418,0.0179,-14.81,-37.5,-3.19,246.1,-81.32,-173.16
52.386204,-1.535268,154.7,3.19,3,28.24,20 / 21,4818609,2019-09-06 20:40:24:352,1.1735,0.3387,9.8642,0.0166,0.0044,9.8066,-0.0427,-0.0515,0.0463,-14.37,-37.62,-3.25,243.7,-81.26,-173.06
52.386204,-1.535268,154.7,3.19,3,28.24,20 / 21,4818709,2019-09-06 20:40:24:452,0.6656,0.1485,10.0151,-0.0076,-0.0034,9.8066,0.0492,-0.0026,-0.0185,-15.44,-37,-3.37,246.06,-81.25,-173.02
52.386204,-1.535268,154.7,3.19,3,28.24,20 / 21,4818809,2019-09-06 20:40:24:552,0.8768,0.9171,9.6195,0.0005,0.0037,9.8066,0.0374,-0.037,0.023,-15.12,-37.37,-3.25,245.56,-81.14,-173.36
52.386204,-1.535268,154.7,3.19,3,28.24,20 / 21,4818909,2019-09-06 20:40:24:652,0.6584,-0.1613,9.6718,-0.0015,-0.0059,9.8066,0.0899,-0.0095,-0.0243,-15.25,-37,-3.56,242.97,-81.08,-172.97
52.386204,-1.535268,154.7,3.19,3,28.24,20 / 21,4819010,2019-09-06 20:40:24:753,0.2368,0.1659,9.7982,-0.0092,-0.0047,9.8066,-0.0145,-0.0024,0.017,-14.75,-37.06,-3.31,245.46,-81.01,-173.18
52.386204,-1.535268,154.7,3.19,3,28.24,20 / 21,4819109,2019-09-06 20:40:24:852,0.2501,-0.3393,10.384,0.0043,0.0143,9.8066,0.0649,-0.0236,-0.0368,-14.94,-37.12,-2.62,245.19,-80.9,-173.24
52.386204,-1.535268,154.7,3.19,3,28.24,20 / 21,4819210,2019-09-06 20:40:24:953,0.8184,0.082,9.9103,0.022,0.014,9.8065,-0.0003,0.0455,0.0089,-15.37,-36.94,-3.31,243.91,-80.62,-174.11
52.386204,-1.535268,154.7,3.19,3,28.24,20 / 21,4819310,2019-09-06 20:40:25:053,1.6025,0.4983,9.6804,-0.0011,-0.0098,9.8066,0.0934,-0.022,-0.0011,-14.87,-36.81,-2.69,244.44,-80.43,-173.03
52.386204,-1.535268,154.7,3.19,3,28.24,20 / 21,4819409,2019-09-06 20:40:25:152,-0.6105,0.5306,9.4103,0.0103,0.0156,9.8066,-0.1021,-0.0525,-0.039,-15.12,-37.19,-2.69,243.54,-80.17,-173.52
52.386204,-1.535268,154.7,3.19,3,28.24,20 / 21,4819510,2019-09-06 20:40:25:253,0.0844,0.934,8.2727,-0.03,-0.0398,9.8065,0.1615,-0.062,0.1026,-15.5,-37.37,-2.75,244.62,-80.47,-172.92
52.386204,-1.535268,154.7,3.19,3,28.24,20 / 21,4819609,2019-09-06 20:40:25:352,2.6552,0.4904,10.1073,0.0034,-0.0246,9.8065,0.2658,0.0123,0.0797,-15.56,-37.12,-2.56,247.55,-80.48,-171.53
52.386204,-1.535268,154.7,3.19,3,28.24,20 / 21,4819710,2019-09-06 20:40:25:453,1.1584,-0.3457,10.3478,-0.0185,-0.0083,9.8066,-0.0185,0.005,-0.0659,-15.06,-36.44,-3.25,246.61,-80.45,-171.11
52.386204,-1.535268,154.7,3.19,3,28.24,20 / 21,4819809,2019-09-06 20:40:25:552,-0.5532,-1.1885,10.8392,-0.0418,-0.0375,9.8064,0.1904,-0.0797,0.0966,-15.56,-36.06,-2.5,251.89,-80.67,-170.85
52.386204,-1.535268,154.7,3.19,3,28.24,20 / 21,4819910,2019-09-06 20:40:25:653,1.2857,-0.0138,10.352,0.0257,0.0244,9.8065,-0.1237,0.0168,-0.0196,-15.37,-36.75,-2,249.15,-80.31,-170.62
52.386204,-1.535268,154.7,3.19,3,28.24,20 / 21,4820010,2019-09-06 20:40:25:753,1.7356,0.3847,9.981,0.0188,0.0125,9.8065,-0.0351,-0.0612,0.0481,-16,-36.25,-2.75,248.2,-80.21,-170.77
52.386204,-1.535268,154.7,3.19,3,28.24,20 / 21,4820109,2019-09-06 20:40:25:852,0.3963,0.2507,10.136,0.0165,0.01,9.8066,0.0091,-0.0237,-0.0066,-15.75,-36.87,-2.94,247.09,-80.13,-171.28
52.386204,-1.535268,154.7,3.19,3,28.24,20 / 21,4820209,2019-09-06 20:40:25:952,0.1273,-0.6346,10.0911,0.0087,0.0164,9.8066,-0.1201,-0.0405,0.0119,-15.06,-36.75,-2.87,244.94,-80.13,-171.74
52.386204,-1.535268,154.7,3.19,3,28.24,20 / 21,4820310,2019-09-06 20:40:26:053,-0.6824,0.7077,9.5201,-0.0186,-0.0082,9.8066,-0.0897,0.0557,-0.0302,-15,-37,-2.94,244.56,-80.14,-172.23
52.386673,-1.534837,154.93,9.97,4,31.23,19 / 21,4820410,2019-09-06 20:40:26:153,1.2365,-0.2077,9.8762,-0.0048,0.0018,9.8066,0.0587,-0.0341,-0.0197,-15.31,-36.69,-2.81,244.22,-80.1,-172.54
52.386673,-1.534837,154.93,9.97,4,31.23,19 / 21,4820509,2019-09-06 20:40:26:252,1.5366,0.1142,10.6349,-0.0197,-0.0109,9.8066,0.031,0.0324,0.0106,-15.25,-36.81,-2.37,246.82,-80.09,-172.83
52.386673,-1.534837,154.93,9.97,4,31.23,19 / 21,4820610,2019-09-06 20:40:26:353,-0.6164,0.2974,10.3095,0.0199,0.0022,9.8066,0.0173,-0.0009,-0.0165,-15.25,-36.56,-2.62,243.72,-80.02,-172.95
52.386673,-1.534837,154.93,9.97,4,31.23,19 / 21,4820710,2019-09-06 20:40:26:453,1.5633,0.2741,10.1943,0.0099,0.0077,9.8066,-0.1113,0.0074,-0.0524,-15.81,-36.75,-2.81,245.58,-80.1,-173
52.386673,-1.534837,154.93,9.97,4,31.23,19 / 21,4820809,2019-09-06 20:40:26:552,0.7478,-0.334,9.7777,0.0118,0.0197,9.8065,-0.0679,-0.0477,0.0606,-15.25,-36.94,-2.5,245.94,-79.98,-173.62
52.386673,-1.534837,154.93,9.97,4,31.23,19 / 21,4820910,2019-09-06 20:40:26:653,0.3242,-0.5604,9.7216,-0.0189,-0.0056,9.8066,0.0307,-0.0043,-0.0376,-15.31,-36.31,-2.44,246.27,-80,-173.94
52.386673,-1.534837,154.93,9.97,4,31.23,19 / 21,4821009,2019-09-06 20:40:26:752,-0.6758,0.1446,9.8182,-0.0162,-0.0087,9.8065,0.0099,0.0274,-0.033,-15.5,-37.06,-2.31,245.17,-79.96,-174.51
52.386673,-1.534837,154.93,9.97,4,31.23,19 / 21,4821110,2019-09-06 20:40:26:853,-0.2917,0.2025,9.998,0.0158,0.0052,9.8066,0.1497,0.0124,0.0499,-14.56,-36.75,-1.87,244.88,-79.95,-174.83
52.386673,-1.534837,154.93,9.97,4,31.23,19 / 21,4821209,2019-09-06 20:40:26:952,0.361,0.2359,10.1278,0.0062,-0.0023,9.8066,0.0204,-0.0357,-0.0211,-15.37,-36.94,-2,244.92,-79.75,-174.31
52.386673,-1.534837,154.93,9.97,4,31.23,19 / 21,4821309,2019-09-06 20:40:27:052,0.5619,1.0482,10.1215,-0.0182,-0.0176,9.8065,-0.1221,-0.0579,0.0432,-15,-36.75,-1.75,245.44,-79.85,-173.93
52.386673,-1.534837,154.93,9.97,4,31.23,19 / 20,4821410,2019-09-06 20:40:27:153,-0.0279,-0.1284,9.2961,0.0197,0.0042,9.8066,-0.0467,0.0021,0.0103,-15.94,-36.81,-2.19,247.09,-79.94,-174.14
52.386673,-1.534837,154.93,9.97,4,31.23,19 / 20,4821509,2019-09-06 20:40:27:252,0.6818,-0.8343,9.3468,0.0326,0.0107,9.8065,-0.0144,0.0804,-0.0679,-15.69,-36.69,-2.5,247.49,-79.84,-173.44
52.386673,-1.534837,154.93,9.97,4,31.23,19 / 20,4821610,2019-09-06 20:40:27:353,-0.6296,0.1522,9.6353,-0.0406,-0.0174,9.8065,0.1203,-0.047,0.1252,-14.94,-36.37,-2.56,243.59,-80.11,-173.96
52.386673,-1.534837,154.93,9.97,4,31.23,19 / 20,4821710,2019-09-06 20:40:27:453,0.8946,-0.4622,10.3836,-0.0127,-0.0147,9.8066,0.0605,-0.0046,-0.03,-15.81,-36.94,-2.25,247.66,-79.95,-173.49
52.386673,-1.534837,154.93,9.97,4,31.23,19 / 20,4821810,2019-09-06 20:40:27:553,-0.6048,0.1152,9.9854,0.0185,0.002,9.8066,-0.0055,0.0147,-0.0273,-16,-36.56,-2.5,247.18,-79.79,-173.68
52.386673,-1.534837,154.93,9.97,4,31.23,19 / 20,4821910,2019-09-06 20:40:27:653,0.1633,0.0789,9.411,0.0023,0.0143,9.8066,0.0443,-0.08,0.0606,-15.62,-36.69,-2,246.55,-79.69,-174.21
52.386673,-1.534837,154.93,9.97,4,31.23,19 / 20,4822009,2019-09-06 20:40:27:752,-0.0426,0.9361,9.8806,-0.0073,-0.0039,9.8066,-0.001,0.0703,-0.0977,-15.69,-36.94,-2.56,243.81,-79.62,-174.07
52.386673,-1.534837,154.93,9.97,4,31.23,19 / 20,4822110,2019-09-06 20:40:27:853,0.058,-0.5437,9.8514,-0.0023,0.0113,9.8066,0.009,-0.0025,-0.0216,-15.37,-37,-2.56,241.67,-79.74,-174.82
52.386673,-1.534837,154.93,9.97,4,31.23,19 / 20,4822210,2019-09-06 20:40:27:953,-0.1831,-0.3026,9.5936,0.0062,0.0159,9.8066,-0.0584,0.0134,-0.0298,-15.56,-37.06,-2.75,242.64,-79.59,-175.45
52.386673,-1.534837,154.93,9.97,4,31.23,19 / 20,4822310,2019-09-06 20:40:28:053,-0.4492,0.005,9.9919,0.0068,0.014,9.8065,0.0798,-0.0248,-0.0244,-14.62,-37.75,-2.56,239.8,-79.56,-176.11
52.386673,-1.534837,154.93,9.97,4,31.23,18 / 20,4822409,2019-09-06 20:40:28:152,0.2107,0.2746,10.1626,0.0024,0.0077,9.8066,-0.0042,-0.0046,-0.0331,-14.5,-37.37,-2.69,237.59,-79.41,-176.81
52.386673,-1.534837,154.93,9.97,4,31.23,18 / 20,4822509,2019-09-06 20:40:28:252,0.4136,0.5435,10.0181,-0.0154,0.007,9.8066,-0.1018,-0.0259,-0.0071,-14.75,-37.37,-2.75,239.08,-79.47,-177.48
52.386673,-1.534837,154.93,9.97,4,31.23,18 / 20,4822610,2019-09-06 20:40:28:353,-1.455,0.0675,10.1316,0.0193,0.0143,9.8066,-0.1632,0.094,-0.0045,-14.56,-37.81,-2.44,240.79,-79.32,-177.74
52.386673,-1.534837,154.93,9.97,4,31.23,18 / 20,4822710,2019-09-06 20:40:28:453,0.8323,0.7148,9.2528,-0.003,-0.0046,9.8066,-0.071,-0.029,-0.1354,-14.62,-37.81,-2.44,240.49,-79.33,-178.16
52.386673,-1.534837,154.93,9.97,4,31.23,18 / 20,4822810,2019-09-06 20:40:28:553,0.7862,-1.4007,9.7707,-0.026,0.0088,9.8066,0.0132,-0.0158,0.0846,-15.19,-37.69,-2.56,237.59,-79.22,-178.16
52.386673,-1.534837,154.93,9.97,4,31.23,18 / 20,4822910,2019-09-06 20:40:28:653,0.4416,0.751,9.5408,0.0469,0.0163,9.8064,-0.1508,0.0459,-0.1433,-14.31,-37.69,-2.56,235.7,-79.41,-178.61
52.386673,-1.534837,154.93,9.97,4,31.23,18 / 20,4823009,2019-09-06 20:40:28:752,0.5051,0.2433,9.5936,-0.0016,0.0194,9.8066,0.006,-0.0611,0.0506,-14.37,-37.5,-2.37,238.69,-79.36,-178.92
52.386673,-1.534837,154.93,9.97,4,31.23,18 / 20,4823110,2019-09-06 20:40:28:853,0.929,-0.4493,10.2126,0.0105,0.01,9.8066,-0.1011,-0.0194,-0.0252,-14.31,-37.87,-2.44,238.65,-79.54,-178.69
52.386673,-1.534837,154.93,9.97,4,31.23,18 / 20,4823210,2019-09-06 20:40:28:953,-1.9923,0.0363,9.9904,0.0007,0.0044,9.8066,-0.0436,0.0445,-0.0038,-14.75,-37.69,-2.44,240.11,-79.46,-178.94
52.386673,-1.534837,154.93,9.97,4,31.23,18 / 20,4823310,2019-09-06 20:40:29:053,0.2662,0.2931,9.3544,0.0271,0.0015,9.8066,0.0957,-0.013,0.0185,-14.62,-37.87,-2.06,240.05,-79.26,-178.54
52.386673,-1.534837,154.93,9.97,4,31.23,19 / 21,4823409,2019-09-06 20:40:29:152,-0.0376,-1.1729,10.322,-0.0072,0.0014,9.8066,0.0774,0.0327,0.0125,-14.94,-38.12,-1.94,240.31,-79.16,-177.98
52.386673,-1.534837,154.93,9.97,4,31.23,19 / 21,4823510,2019-09-06 20:40:29:253,-1.1222,-1.3274,9.5281,-0.0102,-0.0088,9.8066,-0.0547,-0.0383,-0.051,-14.19,-38.12,-2.06,238.54,-79.29,-178.22
52.386673,-1.534837,154.93,9.97,4,31.23,19 / 21,4823609,2019-09-06 20:40:29:352,-0.3339,-0.5546,9.7159,0.0072,0.0233,9.8066,-0.1847,0.0038,-0.013,-15.19,-37.94,-2.06,239.46,-79.11,-178.95
52.386673,-1.534837,154.93,9.97,4,31.23,19 / 21,4823710,2019-09-06 20:40:29:453,-0.0908,0.2017,9.2787,-0.0013,0.0114,9.8065,0.1328,0.0428,-0.0637,-14.25,-37.94,-2.19,237.26,-79.25,-179.81
52.386673,-1.534837,154.93,9.97,4,31.23,19 / 21,4823810,2019-09-06 20:40:29:553,-1.0755,-0.3413,9.8482,-0.0262,-0.0077,9.8066,0.0062,-0.0115,0.0413,-14.5,-37.37,-2.31,236.95,-79.2,179.2
52.386673,-1.534837,154.93,9.97,4,31.23,19 / 21,4823910,2019-09-06 20:40:29:653,-0.4726,-0.5886,10.4215,-0.0104,-0.0216,9.8066,-0.0062,0.0917,-0.0249,-14.44,-37.56,-2.81,234.23,-79.44,179.38
52.386673,-1.534837,154.93,9.97,4,31.23,19 / 21,4824010,2019-09-06 20:40:29:753,-0.5581,-0.0282,9.7774,-0.0072,-0.0196,9.8066,0.0475,-0.0311,0.0248,-14.56,-37.75,-2.62,236.97,-79.51,-179.6
52.386673,-1.534837,154.93,9.97,4,31.23,19 / 21,4824110,2019-09-06 20:40:29:853,-0.3048,-0.3248,10.5463,-0.0064,-0.01,9.8066,0.064,-0.0032,0.0728,-15.12,-37.56,-2.25,240.06,-79.49,-179.08
52.386673,-1.534837,154.93,9.97,4,31.23,19 / 21,4824210,2019-09-06 20:40:29:953,-0.5944,-0.553,9.9443,0.016,0.0034,9.8066,0.0173,-0.0471,0.0019,-15.69,-37.44,-2.31,242.53,-79.38,-178.4
52.386673,-1.534837,154.93,9.97,4,31.23,19 / 21,4824310,2019-09-06 20:40:30:053,-0.8431,0.0003,9.953,-0.0182,0.0026,9.8065,0.0513,0.0043,-0.0158,-15.19,-37.06,-2.5,240.87,-79.27,-178.2
52.386673,-1.534837,154.93,9.97,4,31.23,19 / 20,4824409,2019-09-06 20:40:30:152,-0.3683,-0.0424,9.5217,-0.0065,-0.0027,9.8066,0.0429,0.0392,0.0035,-14.94,-36.87,-2.25,240.21,-79.28,-179.05
52.386673,-1.534837,154.93,9.97,4,31.23,19 / 20,4824509,2019-09-06 20:40:30:252,-0.1119,0.4914,10.0926,-0.0127,-0.0057,9.8066,-0.0563,-0.0562,-0.0173,-15,-37.31,-2.94,237.54,-79.32,-179.1
52.386673,-1.534837,154.93,9.97,4,31.23,19 / 20,4824610,2019-09-06 20:40:30:353,0.5075,-0.695,9.7169,-0.0045,0.0034,9.8066,0.0336,0.0354,-0.0018,-14.94,-37.44,-2.44,239.97,-79.35,-179.52
52.386673,-1.534837,154.93,9.97,4,31.23,19 / 20,4824709,2019-09-06 20:40:30:452,-1.5405,-0.0873,9.7923,0.0088,0.0103,9.8066,0.0055,-0.024,0.0275,-14.81,-37.56,-2.62,236.32,-79.29,-179.96
52.386673,-1.534837,154.93,9.97,4,31.23,19 / 20,4824810,2019-09-06 20:40:30:553,-0.9612,-0.8315,10.1157,-0.017,-0.0121,9.8066,0.0484,0.0001,-0.0186,-14.87,-37.62,-2.06,239.58,-79.31,-179.24
52.386673,-1.534837,154.93,9.97,4,31.23,19 / 20,4824910,2019-09-06 20:40:30:653,0.1377,-0.5217,9.5582,0.0399,0.0152,9.8065,-0.0117,0.0391,0.0119,-14.31,-37.37,-2.44,238.28,-79.28,-179.26
52.386673,-1.534837,154.93,9.97,4,31.23,19 / 20,4825009,2019-09-06 20:40:30:752,-0.4658,-0.3948,9.2501,0.0358,0.0251,9.8065,-0.0995,-0.0081,0.0533,-15.25,-36.62,-1.94,240.31,-79.19,-178.72
52.386673,-1.534837,154.93,9.97,4,31.23,19 / 20,4825109,2019-09-06 20:40:30:852,-0.3724,-0.4639,9.4558,0.053,0.0201,9.8064,0.0624,0.0317,-0.0313,-15.37,-36.94,-1.87,240.24,-78.95,-178.27
52.386673,-1.534837,154.93,9.97,4,31.23,19 / 20,4825210,2019-09-06 20:40:30:953,0.5651,0.0974,9.9832,-0.0191,-0.0164,9.8065,0.0628,0.0115,0.0707,-14.19,-36.5,-1.94,239.67,-79.25,-178.12
52.386673,-1.534837,154.93,9.97,4,31.23,19 / 20,4825309,2019-09-06 20:40:31:052,-0.849,-0.2292,9.9765,0.0157,0.0055,9.8065,0.0003,-0.0117,-0.046,-15.06,-37.44,-2.5,241.04,-79.2,-177.81
52.386673,-1.534837,154.93,9.97,4,31.23,19 / 21,4825409,2019-09-06 20:40:31:152,-0.74,0.1334,9.878,0.0168,-0.0007,9.8066,0.0558,0.0402,0.0226,-14.31,-36.5,-2.56,237.06,-79.23,-177.79
52.386673,-1.534837,154.93,9.97,4,31.23,19 / 21,4825509,2019-09-06 20:40:31:252,-0.0233,-0.0756,9.7955,0.0087,-0.0112,9.8066,0.0233,-0.0082,0.0394,-13.94,-37.37,-2.62,236.67,-79.15,-177.4
52.386673,-1.534837,154.93,9.97,4,31.23,19 / 21,4825610,2019-09-06 20:40:31:353,-0.9989,-0.0222,10.2169,-0.0057,-0.0051,9.8066,0.0887,-0.0031,-0.0134,-14.69,-37.19,-2.81,238.26,-78.98,-177.41
52.386673,-1.534837,154.93,9.97,4,31.23,19 / 21,4825710,2019-09-06 20:40:31:453,0.4956,-0.1759,9.9286,0.0064,-0.0016,9.8066,0.0248,0.037,0.0661,-14.69,-37.06,-2.25,241.2,-78.92,-176.97
52.386673,-1.534837,154.93,9.97,4,31.23,19 / 21,4825810,2019-09-06 20:40:31:553,0.1273,-0.1425,9.2681,-0.012,-0.016,9.8066,0.0375,-0.0594,0.0184,-14.12,-36.87,-3,236.63,-79.07,-177.27
52.386673,-1.534837,154.93,9.97,4,31.23,19 / 21,4825909,2019-09-06 20:40:31:652,-0.6759,0.9153,9.3196,-0.032,-0.0084,9.8066,0.0144,-0.0524,0.0109,-14.94,-37.12,-3.37,238.61,-79,-177.02
52.386673,-1.534837,154.93,9.97,4,31.23,19 / 21,4826009,2019-09-06 20:40:31:752,-0.3072,-0.354,9.6529,-0.0332,-0.0162,9.8065,0.0911,0.0146,0.0234,-14.69,-37.5,-3.5,238.75,-79.36,-177.64
52.386673,-1.534837,154.93,9.97,4,31.23,19 / 21,4826110,2019-09-06 20:40:31:853,0.3304,-0.0251,9.9061,-0.0148,-0.0107,9.8066,-0.0127,0.01,-0.0601,-14.12,-36.87,-3.06,236.74,-79.37,-177.82
52.386673,-1.534837,154.93,9.97,4,31.23,19 / 21,4826210,2019-09-06 20:40:31:953,0.4332,-0.042,9.9985,-0.004,0.0124,9.8066,0.0253,-0.0285,0.0306,-15,-37.44,-2.19,241.12,-79.21,-177.76
52.386673,-1.534837,154.93,9.97,4,31.23,19 / 21,4826310,2019-09-06 20:40:32:053,-0.2192,0.3092,9.8985,0.0022,-0.0083,9.8066,-0.0076,0.0716,0.0039,-14.37,-38,-3.44,235.62,-79.15,-178.09
52.386673,-1.534837,154.93,9.97,4,31.23,19 / 20,4826409,2019-09-06 20:40:32:152,0.3856,-0.414,9.6347,0.0048,0.0018,9.8066,-0.0572,-0.0348,0.0592,-14.37,-37.56,-2.31,238.31,-79.18,-178.26
52.386673,-1.534837,154.93,9.97,4,31.23,19 / 20,4826510,2019-09-06 20:40:32:253,-1.1755,-0.6608,9.6993,-0.0185,-0.008,9.8066,0.0246,0.0071,-0.0235,-15.12,-37.31,-2.69,238.47,-79.32,-177.9
52.386673,-1.534837,154.93,9.97,4,31.23,19 / 20,4826609,2019-09-06 20:40:32:352,-0.7095,-0.1789,10.0115,-0.0051,-0.0001,9.8066,0.088,-0.0283,0.0198,-14.44,-37.62,-2.12,238.95,-79.5,-178.22
52.386673,-1.534837,154.93,9.97,4,31.23,19 / 20,4826709,2019-09-06 20:40:32:452,0.7855,0.4521,9.6418,-0.0218,-0.0117,9.8065,-0.0427,0.0109,0.0043,-13.87,-37.62,-2.19,238.9,-79.53,-178.35
52.386673,-1.534837,154.93,9.97,4,31.23,19 / 20,4826810,2019-09-06 20:40:32:553,-1.0363,0.3273,9.7463,0.0051,0.0098,9.8066,-0.0984,0.0112,-0.0104,-14.56,-37.37,-2.5,241.1,-79.46,-178.36
52.386673,-1.534837,154.93,9.97,4,31.23,19 / 20,4826910,2019-09-06 20:40:32:653,-0.8861,-0.4185,10.2264,0.0306,0.0117,9.8065,0.111,0.0282,0.0101,-14.75,-37.5,-2.75,238.42,-79.42,-178.19
52.386673,-1.534837,154.93,9.97,4,31.23,19 / 20,4827010,2019-09-06 20:40:32:753,0.2393,0.7012,9.3514,-0.0185,-0.023,9.8066,0.0271,0.0201,0.0315,-14.06,-36.87,-2.75,237.04,-79.64,-178.05
52.386673,-1.534837,154.93,9.97,4,31.23,19 / 20,4827110,2019-09-06 20:40:32:853,0.8762,-0.1048,9.3104,0.0007,-0.0189,9.8066,-0.062,-0.0247,0.0135,-14.62,-37.25,-3,239.57,-79.59,-177.11
52.386673,-1.534837,154.93,9.97,4,31.23,19 / 20,4827210,2019-09-06 20:40:32:953,-0.847,-0.4469,9.8248,-0.006,-0.0151,9.8066,-0.0364,0.0689,0.0224,-14.25,-37.12,-3.44,239.07,-79.86,-175.98
52.386673,-1.534837,154.93,9.97,4,31.23,19 / 20,4827310,2019-09-06 20:40:33:053,1.1067,-0.1447,9.8147,-0.0114,-0.016,9.8065,-0.0245,0.0444,-0.0508,-14.06,-37.19,-3.19,239.64,-80,-175.59
52.386673,-1.534837,154.93,9.97,4,31.23,20 / 21,4827410,2019-09-06 20:40:33:153,-0.0684,0.0173,10.1253,0.0072,0.0127,9.8066,0.0412,0.0161,0.0203,-14.31,-36.69,-3.37,239.52,-79.89,-175.47
52.386673,-1.534837,154.93,9.97,4,31.23,20 / 21,4827510,2019-09-06 20:40:33:253,-0.9816,-0.0677,10.3807,-0.0058,0.0012,9.8066,0.1032,0.0362,-0.0519,-14.62,-37.06,-3.25,240.63,-79.62,-175.85
52.386673,-1.534837,154.93,9.97,4,31.23,20 / 21,4827609,2019-09-06 20:40:33:352,0.6028,0.3547,9.9422,-0.0164,-0.0067,9.8066,0.1043,0.0115,-0.0144,-13.75,-37.37,-3.19,238.38,-79.6,-176.25
52.386673,-1.534837,154.93,9.97,4,31.23,20 / 21,4827710,2019-09-06 20:40:33:453,1.1878,1.5307,9.6368,-0.0197,-0.0107,9.8066,-0.1157,0.0132,0.0105,-14,-37.37,-3.62,235.5,-79.64,-176.61
52.386673,-1.534837,154.93,9.97,4,31.23,20 / 21,4827810,2019-09-06 20:40:33:553,-0.8436,-0.0656,9.9596,-0.0046,-0.0088,9.8066,-0.1443,0.0194,-0.0226,-13.62,-36.87,-3.06,238.81,-79.78,-176.11
52.386673,-1.534837,154.93,9.97,4,31.23,20 / 21,4827909,2019-09-06 20:40:33:652,-1.4324,-0.4523,9.3812,0.002,-0.0105,9.8066,0.0538,-0.016,0.077,-14.44,-37.06,-3,239.52,-79.92,-175.55
52.386673,-1.534837,154.93,9.97,4,31.23,20 / 21,4828010,2019-09-06 20:40:33:753,-0.5824,0.2568,9.2518,0.0165,-0.0016,9.8066,-0.0443,-0.0341,0.0476,-14.12,-37,-3.37,239.82,-79.86,-175.03
52.386673,-1.534837,154.93,9.97,4,31.23,20 / 21,4828110,2019-09-06 20:40:33:853,0.233,-0.3271,10.1801,-0.0193,-0.0233,9.8065,0.0648,0.005,0.027,-15.25,-37.06,-3.5,242.59,-79.74,-173.7
52.386673,-1.534837,154.93,9.97,4,31.23,20 / 21,4828209,2019-09-06 20:40:33:952,-0.2842,-0.7394,10.0594,-0.0086,-0.013,9.8066,0.0034,-0.0348,0.0328,-14.69,-36.87,-3.75,240.92,-79.92,-172.89
52.386673,-1.534837,154.93,9.97,4,31.23,20 / 21,4828309,2019-09-06 20:40:34:052,-0.0716,-0.6339,9.9138,0.0065,0.0002,9.8066,-0.0534,-0.0553,-0.0401,-14.75,-37.31,-4.12,241.04,-79.87,-172.64
52.386673,-1.534837,154.93,9.97,4,31.23,20 / 21,4828409,2019-09-06 20:40:34:152,0.7895,0.2928,9.4585,-0.0264,-0.0029,9.8066,0.1309,-0.0297,0.0894,-15.12,-36.94,-3.37,243.6,-80,-173.05
52.386673,-1.534837,154.93,9.97,4,31.23,20 / 21,4828510,2019-09-06 20:40:34:253,0.8395,-0.2232,10.2333,-0.001,-0.0168,9.8066,-0.0658,-0.0112,-0.1143,-15.25,-36.94,-4.25,241.17,-79.9,-172.52
52.386673,-1.534837,154.93,9.97,4,31.23,20 / 21,4828610,2019-09-06 20:40:34:353,0.31,-0.4788,9.71,-0.0142,0.0028,9.8066,0.0151,0.0365,0.0596,-15,-37.31,-3.69,240.99,-79.87,-172.68
52.386673,-1.534837,154.93,9.97,4,31.23,20 / 21,4828709,2019-09-06 20:40:34:452,-0.5877,-0.3422,9.2667,-0.0165,-0.0094,9.8066,-0.0122,-0.0306,-0.0265,-14.44,-37.69,-3.62,238.23,-79.98,-173.25
52.386673,-1.534837,154.93,9.97,4,31.23,20 / 21,4828810,2019-09-06 20:40:34:553,-0.125,-0.7229,9.6546,-0.0266,-0.0056,9.8065,-0.0324,-0.0358,-0.0389,-14.31,-37.25,-4.19,239.41,-80.21,-172.93
52.386673,-1.534837,154.93,9.97,4,31.23,20 / 21,4828910,2019-09-06 20:40:34:653,-0.0329,-0.0221,10.1102,-0.0113,0.0002,9.8066,0.0795,0.0659,-0.0139,-14.56,-37.44,-4,241.07,-80.33,-173.59
52.386673,-1.534837,154.93,9.97,4,31.23,20 / 21,4829009,2019-09-06 20:40:34:752,0.8046,0.6262,10.0173,0.0065,0.0084,9.8066,0.0811,-0.0087,0.0313,-14.56,-37.31,-3.06,243.1,-80.24,-174.22
52.386673,-1.534837,154.93,9.97,4,31.23,20 / 21,4829110,2019-09-06 20:40:34:853,-0.2738,0.2159,10.3131,-0.0094,-0.0066,9.8066,0.0567,0.0194,0.0057,-14.75,-37.69,-3.81,239.55,-80.01,-174.17
52.386673,-1.534837,154.93,9.97,4,31.23,20 / 21,4829210,2019-09-06 20:40:34:953,-0.0289,-0.4707,9.9938,-0.0024,-0.0007,9.8065,0.0486,0.0302,0.0572,-14.94,-37.75,-3.69,239.77,-80.03,-173.94
52.386673,-1.534837,154.93,9.97,4,31.23,20 / 21,4829309,2019-09-06 20:40:35:052,0.2793,0.0556,9.7854,0.0058,-0.0084,9.8066,-0.0265,0.0028,-0.0317,-14.56,-37.25,-3.5,243.38,-80.11,-173.58
52.38748,-1.53398,155.12,13.18,3,30.53,20 / 21,4829410,2019-09-06 20:40:35:153,-0.3538,0.3977,9.7826,-0.0128,-0.0027,9.8066,0.0286,-0.0264,0.0297,-14.62,-37.37,-3.56,241.22,-80.19,-173.11
52.38748,-1.53398,155.12,13.18,3,30.53,20 / 21,4829509,2019-09-06 20:40:35:252,-0.1229,0.1996,10.2189,-0.0125,-0.0128,9.8065,-0.0271,0.0316,0.0172,-14.5,-36.87,-3.31,242.43,-80.33,-172.9
52.38748,-1.53398,155.12,13.18,3,30.53,20 / 21,4829609,2019-09-06 20:40:35:352,0.0046,0.285,9.6979,0.0192,0.0034,9.8066,0.0507,-0.0166,-0.0383,-14.56,-37.44,-3.81,241.52,-80.16,-172.68
52.38748,-1.53398,155.12,13.18,3,30.53,20 / 21,4829710,2019-09-06 20:40:35:453,0.6175,0.0313,9.8469,0.0126,0.0044,9.8066,-0.0451,0.0085,-0.0037,-14.62,-37.12,-3.75,241.42,-80.1,-172.67
52.38748,-1.53398,155.12,13.18,3,30.53,20 / 21,4829809,2019-09-06 20:40:35:552,0.1276,0.1958,9.9777,-0.0049,0.001,9.8066,0.0025,0.0077,0.0348,-14.75,-37.25,-3.19,244.21,-80.15,-172.66
52.38748,-1.53398,155.12,13.18,3,30.53,20 / 21,4829910,2019-09-06 20:40:35:653,-0.389,-0.2004,9.6074,-0.0016,0.0059,9.8066,-0.0241,0.0227,0.0156,-14.62,-37,-3.44,244.23,-80.23,-172.83
52.38748,-1.53398,155.12,13.18,3,30.53,20 / 21,4830010,2019-09-06 20:40:35:753,0.2071,-0.0892,10.0263,0.0084,-0.0014,9.8066,0.0086,-0.0043,-0.0056,-14.37,-37.31,-3.62,239.39,-80.28,-173.13
52.38748,-1.53398,155.12,13.18,3,30.53,20 / 21,4830109,2019-09-06 20:40:35:852,-0.186,-0.1458,9.9239,-0.0102,-0.0131,9.8066,-0.0795,0.0438,-0.0221,-14.31,-36.87,-4,239.59,-80.32,-172.97
52.38748,-1.53398,155.12,13.18,3,30.53,20 / 21,4830210,2019-09-06 20:40:35:953,0.3401,0.1377,9.5906,0.0108,0.015,9.8065,-0.0691,0.0116,0.0893,-14.06,-37.06,-3.87,239.29,-80.29,-173.26
52.38748,-1.53398,155.12,13.18,3,30.53,20 / 21,4830309,2019-09-06 20:40:36:052,-0.4948,0.4037,9.2884,0.0182,0.0034,9.8065,0.0555,-0.012,0.0349,-15.06,-36.94,-3.81,241.86,-80.33,-172.65
52.38748,-1.53398,155.12,13.18,3,30.53,19 / 20,4830409,2019-09-06 20:40:36:152,0.1445,-0.3086,9.6978,-0.0118,-0.021,9.8066,-0.007,-0.0328,-0.0042,-14.62,-36.69,-4.5,242.74,-80.43,-171.79
52.38748,-1.53398,155.12,13.18,3,30.53,19 / 20,4830510,2019-09-06 20:40:36:253,-0.1267,-0.4652,9.9237,0.0004,-0.0081,9.8066,0.0398,0.0162,0.017,-14.75,-36.87,-3.62,243.94,-80.61,-170.76
52.38748,-1.53398,155.12,13.18,3,30.53,19 / 20,4830609,2019-09-06 20:40:36:352,0.1541,0.1986,9.0742,-0.009,-0.008,9.8066,-0.0031,0.0534,0.0779,-15.44,-36.69,-3.62,244.48,-80.64,-170.18
52.38748,-1.53398,155.12,13.18,3,30.53,19 / 20,4830710,2019-09-06 20:40:36:453,-0.1859,-0.7355,9.5937,0.0183,-0.0045,9.8065,0.092,0.0716,-0.0433,-15.5,-36.56,-4.12,245.06,-80.59,-169.38
52.38748,-1.53398,155.12,13.18,3,30.53,19 / 20,4830810,2019-09-06 20:40:36:553,-0.3095,-0.9981,10.016,-0.0152,-0.0136,9.8066,0.0688,-0.0417,-0.0233,-15.5,-36.75,-3.87,245.16,-80.64,-169.37
52.38748,-1.53398,155.12,13.18,3,30.53,19 / 20,4830910,2019-09-06 20:40:36:653,1.0986,0.3734,9.7721,0.0143,0.0188,9.8066,-0.0516,0.009,-0.0106,-15.5,-36.56,-3.69,245.37,-80.81,-169.51
52.38748,-1.53398,155.12,13.18,3,30.53,19 / 20,4831009,2019-09-06 20:40:36:752,-0.4604,-0.0296,9.4689,-0.012,0.0046,9.8066,-0.0163,0.0423,0.0274,-15,-36.44,-4.19,244.95,-80.82,-170.61
52.38748,-1.53398,155.12,13.18,3,30.53,19 / 20,4831109,2019-09-06 20:40:36:852,-0.2411,-0.3446,9.9628,-0.0031,0.0023,9.8066,0.0407,0.0164,-0.0338,-14.94,-37.06,-4.12,244.36,-80.86,-170.82
52.38748,-1.53398,155.12,13.18,3,30.53,19 / 20,4831209,2019-09-06 20:40:36:952,-0.5939,0.0574,10.1563,0.0023,-0.0016,9.8066,-0.004,0.0169,-0.0559,-15.12,-36.94,-3.94,244.23,-80.83,-170.91
52.38748,-1.53398,155.12,13.18,3,30.53,19 / 20,4831310,2019-09-06 20:40:37:053,-0.0973,-1.0007,9.8008,-0.0176,-0.0008,9.8066,0.0049,0.0409,-0.0191,-14.44,-37.31,-4.25,241.81,-80.89,-171.56
52.38748,-1.53398,155.12,13.18,3,30.53,19 / 20,4831409,2019-09-06 20:40:37:152,0.664,0.0456,9.6913,-0.0065,-0.0006,9.8066,0.0507,-0.0232,0.0071,-14.5,-37.06,-3.81,241.87,-80.91,-171.54
52.38748,-1.53398,155.12,13.18,3,30.53,19 / 20,4831510,2019-09-06 20:40:37:253,-0.2162,0.4098,9.7862,-0.0155,-0.0084,9.8066,-0.0648,-0.0175,0.022,-14.62,-36.94,-3.37,246.94,-81,-171.4
52.38748,-1.53398,155.12,13.18,3,30.53,19 / 20,4831610,2019-09-06 20:40:37:353,0.1976,0.064,9.9739,0.0099,0.0091,9.8066,-0.0389,0.0497,0.027,-14.75,-37,-4.12,243.74,-80.98,-171.82
52.38748,-1.53398,155.12,13.18,3,30.53,19 / 20,4831709,2019-09-06 20:40:37:452,-0.6339,-0.514,9.9445,0.0317,0.0182,9.8065,0.071,0.0375,-0.0898,-15.06,-36.94,-4.12,243.57,-80.9,-171.86
52.38748,-1.53398,155.12,13.18,3,30.53,19 / 20,4831810,2019-09-06 20:40:37:553,0.0548,-0.4786,9.686,-0.0158,0.0021,9.8065,-0.0035,-0.0882,0.0496,-14.69,-37.25,-3.5,246.14,-80.91,-172.15
52.38748,-1.53398,155.12,13.18,3,30.53,19 / 20,4831910,2019-09-06 20:40:37:653,-0.9972,0.1976,10.6766,0.0123,0.0248,9.8066,-0.0518,-0.089,0.0521,-15.62,-36.87,-4.31,245.26,-80.92,-172.02
52.38748,-1.53398,155.12,13.18,3,30.53,19 / 20,4832009,2019-09-06 20:40:37:752,-0.13,0.2369,9.4169,0.05,0.0515,9.8063,-0.1727,-0.0127,-0.0313,-15.06,-37.31,-4.44,243.8,-81.12,-172.07
52.38748,-1.53398,155.12,13.18,3,30.53,19 / 20,4832110,2019-09-06 20:40:37:853,-0.4182,-0.1727,9.0583,-0.0362,-0.0249,9.8065,-0.042,-0.0641,0.0485,-14.75,-37.81,-4.69,238.73,-80.8,-173.79
52.38748,-1.53398,155.12,13.18,3,30.53,19 / 20,4832209,2019-09-06 20:40:37:952,-0.6071,-0.4409,9.539,0.0018,-0.0062,9.8066,-0.1874,-0.0217,-0.0339,-14.5,-37.06,-4.25,240.1,-80.95,-173.79
52.38748,-1.53398,155.12,13.18,3,30.53,19 / 20,4832309,2019-09-06 20:40:38:052,-1.1812,0.7628,9.3247,-0.0003,0.0112,9.8066,0.1055,-0.0317,0.0144,-14.25,-37.06,-4.31,239.67,-80.92,-174.24
52.38748,-1.53398,155.12,13.18,3,30.53,19 / 20,4832410,2019-09-06 20:40:38:153,-0.0025,-0.5577,9.4875,-0.0159,-0.015,9.8065,0.0906,-0.045,0.0159,-14.81,-36.94,-3.87,241.92,-80.85,-173.71
52.38748,-1.53398,155.12,13.18,3,30.53,19 / 20,4832509,2019-09-06 20:40:38:252,-0.0728,0.5866,10.0602,0.011,-0.005,9.8066,0.013,-0.0181,-0.0107,-14.81,-37.19,-3.75,242.52,-80.85,-173
52.38748,-1.53398,155.12,13.18,3,30.53,19 / 20,4832610,2019-09-06 20:40:38:353,-0.0183,-0.4408,10.5322,0.0026,-0.0029,9.8066,0.0019,0.0214,0.0793,-14.5,-37.06,-4.37,240.65,-80.95,-173.12
52.38748,-1.53398,155.12,13.18,3,30.53,19 / 20,4832709,2019-09-06 20:40:38:452,-0.327,-1.0371,9.8857,-0.0088,-0.0153,9.8066,-0.0152,0.0287,0.0116,-14.87,-36.44,-3.81,243.71,-81.05,-172.59
52.38748,-1.53398,155.12,13.18,3,30.53,19 / 20,4832810,2019-09-06 20:40:38:553,-0.1816,-0.3699,10.1631,0.0086,0.0018,9.8066,-0.0166,0.0331,-0.0202,-14.37,-36.87,-3.87,242.08,-81.01,-171.52
52.38748,-1.53398,155.12,13.18,3,30.53,19 / 20,4832910,2019-09-06 20:40:38:653,-0.6302,0.1309,9.6325,-0.0118,-0.0101,9.8066,0.0012,0.0166,-0.0228,-15.87,-36.69,-4.25,246,-80.98,-171.29
52.38748,-1.53398,155.12,13.18,3,30.53,19 / 20,4833010,2019-09-06 20:40:38:753,-0.4101,-1.3763,10.0936,-0.0176,-0.0102,9.8066,0,-0.0823,0.0443,-15.25,-37.25,-3.75,244.42,-81.01,-171.09
52.38748,-1.53398,155.12,13.18,3,30.53,19 / 20,4833110,2019-09-06 20:40:38:853,0.2036,-0.4578,10.2021,-0.0001,-0.0004,9.8066,-0.0297,-0.0269,0.0012,-15.37,-37.44,-4.44,244.74,-81.13,-170.98
52.38748,-1.53398,155.12,13.18,3,30.53,19 / 20,4833209,2019-09-06 20:40:38:952,-0.1151,-0.8411,10.0312,-0.0088,-0.0006,9.8066,0.0393,-0.0232,0.0061,-14.56,-37.06,-3.87,244.65,-81.2,-171.24
52.38748,-1.53398,155.12,13.18,3,30.53,19 / 20,4833309,2019-09-06 20:40:39:052,-0.7588,-0.2215,9.6391,-0.0044,0.0074,9.8066,0.0104,-0.0062,0.0156,-15.06,-37.12,-3.69,244.53,-81.18,-171.34
52.38748,-1.53398,155.12,13.18,3,30.53,19 / 20,4833410,2019-09-06 20:40:39:153,-0.3785,-0.421,9.5099,0.0166,0.0094,9.8066,-0.0568,0.05,0.0147,-15.19,-37.44,-4.31,244.37,-81.23,-171.65
52.38748,-1.53398,155.12,13.18,3,30.53,19 / 20,4833509,2019-09-06 20:40:39:252,-0.2808,-0.7233,9.2732,0.0152,0.0036,9.8066,-0.0065,0.047,-0.0221,-14.75,-36.37,-3,247.63,-81.14,-171.51
52.38748,-1.53398,155.12,13.18,3,30.53,19 / 20,4833609,2019-09-06 20:40:39:352,-0.5784,-0.5792,9.6812,0.0067,-0.002,9.8066,-0.029,-0.0436,-0.0224,-15.12,-36.5,-4.25,244.95,-81.16,-171.35
52.38748,-1.53398,155.12,13.18,3,30.53,19 / 20,4833710,2019-09-06 20:40:39:453,-1.2763,-0.5989,9.7912,0.0013,0.0111,9.8066,0.1438,-0.0775,0.0382,-14.62,-36.56,-4.37,244.14,-81.09,-171.6
52.38748,-1.53398,155.12,13.18,3,30.53,19 / 20,4833810,2019-09-06 20:40:39:553,-0.3164,0.651,9.9518,-0.0206,-0.0116,9.8066,0.1099,0.0241,-0.0055,-15.12,-37.12,-4.87,241.65,-81.18,-171.62
52.38748,-1.53398,155.12,13.18,3,30.53,19 / 20,4833909,2019-09-06 20:40:39:652,0.5627,-0.939,10.1047,0.0167,0.0021,9.8066,-0.0563,0.0755,-0.0778,-14.94,-37.12,-4,244.35,-81.12,-171.43
52.38748,-1.53398,155.12,13.18,3,30.53,19 / 20,4834010,2019-09-06 20:40:39:753,0.3642,-0.0504,10.5033,-0.0032,0.0034,9.8066,0.1172,-0.0023,0.0302,-15.06,-37.12,-4.25,244.3,-81.1,-171.43
52.38748,-1.53398,155.12,13.18,3,30.53,19 / 20,4834110,2019-09-06 20:40:39:853,0.3094,-0.607,9.8589,-0.0079,-0.0017,9.8066,-0.1312,-0.0212,0.0217,-15.31,-37.5,-4,244.22,-81.14,-171.63
52.38748,-1.53398,155.12,13.18,3,30.53,19 / 20,4834209,2019-09-06 20:40:39:952,-0.8598,0.3316,9.9419,0.0029,0.0001,9.8066,-0.1003,0.0236,0.0063,-15,-37.62,-3.94,243.83,-81.23,-171.74
52.38748,-1.53398,155.12,13.18,3,30.53,19 / 20,4834310,2019-09-06 20:40:40:053,-0.2643,-0.6194,9.6173,0.0026,0.0178,9.8066,0.0892,0.0239,0.0242,-14.44,-36.87,-4.25,241.99,-81.2,-172.08
52.38748,-1.53398,155.12,13.18,3,30.53,19 / 20,4834409,2019-09-06 20:40:40:152,-0.1689,-0.403,9.6813,-0.0218,-0.0133,9.8066,0.0567,-0.0085,-0.0047,-14.56,-36.56,-4.12,243.99,-81.12,-171.85
52.38748,-1.53398,155.12,13.18,3,30.53,19 / 20,4834510,2019-09-06 20:40:40:253,0.4632,0.0422,9.8586,0.0083,0.0052,9.8066,-0.0663,0.0325,-0.0002,-14.44,-36.87,-3.69,242.52,-81.29,-171.64
52.38748,-1.53398,155.12,13.18,3,30.53,19 / 20,4834609,2019-09-06 20:40:40:352,0.0042,-0.0098,9.5962,0.0106,0.0048,9.8066,-0.0192,0.015,0.0069,-14.75,-36.75,-4.25,244.48,-81.29,-171.65
52.38748,-1.53398,155.12,13.18,3,30.53,19 / 20,4834710,2019-09-06 20:40:40:453,-0.7603,-0.0274,9.3836,-0.0092,-0.0044,9.8066,0.1042,-0.0506,0.0092,-15,-37.06,-4.44,244.28,-81.28,-171.87
52.38748,-1.53398,155.12,13.18,3,30.53,19 / 20,4834809,2019-09-06 20:40:40:552,0.3481,0.4747,9.6393,-0.012,-0.0091,9.8066,0.0146,-0.0086,-0.0375,-14.56,-37.37,-4.5,244.5,-81.37,-171.82
52.38748,-1.53398,155.12,13.18,3,30.53,19 / 20,4834909,2019-09-06 20:40:40:652,-0.4415,-0.0177,10.0277,-0.0118,-0.0006,9.8066,-0.0078,0.0167,-0.0019,-14.69,-36.69,-4.94,241.64,-81.44,-172.17
52.38748,-1.53398,155.12,13.18,3,30.53,19 / 20,4835010,2019-09-06 20:40:40:753,-0.237,-0.4809,10.2999,0.0037,0.0063,9.8066,0.0052,0.013,-0.0481,-15,-36.5,-5.19,241.89,-81.53,-172.57
52.38748,-1.53398,155.12,13.18,3,30.53,19 / 20,4835110,2019-09-06 20:40:40:853,0.0394,-0.554,10.4788,0.0084,0.0029,9.8066,0.0103,0.0045,0.0075,-14.75,-37.56,-4.44,243.11,-81.5,-173.23
52.38748,-1.53398,155.12,13.18,3,30.53,19 / 20,4835210,2019-09-06 20:40:40:953,-0.5032,0.0947,9.8803,-0.0082,-0.0107,9.8066,0.0719,0.0039,-0.0168,-14.56,-37.12,-4.81,240.85,-81.47,-173.18
52.38748,-1.53398,155.12,13.18,3,30.53,19 / 20,4835309,2019-09-06 20:40:41:052,-0.5877,0.2124,9.6993,-0.006,0.0031,9.8066,-0.0066,0,0.0698,-14.94,-37,-4.44,243.42,-81.43,-173.2
52.38748,-1.53398,155.12,13.18,3,30.53,19 / 20,4835409,2019-09-06 20:40:41:152,-0.2253,-0.4266,9.645,-0.0131,-0.0155,9.8066,0.0111,-0.0112,-0.0263,-14.19,-36.56,-4.75,239.25,-81.59,-172.97
52.38748,-1.53398,155.12,13.18,3,30.53,19 / 20,4835510,2019-09-06 20:40:41:253,-0.7524,-0.1388,9.789,-0.0104,-0.0034,9.8065,-0.0296,0.0102,0.0329,-14.62,-37.12,-5.19,241.28,-81.61,-172.96
52.38748,-1.53398,155.12,13.18,3,30.53,19 / 20,4835609,2019-09-06 20:40:41:352,-0.8659,-1.1142,10.0793,0.0198,0.0061,9.8066,-0.0357,-0.0191,0.0107,-14.69,-37,-5.25,241.01,-81.73,-173.54
52.38748,-1.53398,155.12,13.18,3,30.53,19 / 20,4835710,2019-09-06 20:40:41:453,0.17,-0.4901,10.1413,0.0094,0.0045,9.8066,0.0344,0.0094,0.0278,-14.94,-36.87,-5.06,241.08,-81.62,-173.22
52.38748,-1.53398,155.12,13.18,3,30.53,19 / 20,4835809,2019-09-06 20:40:41:552,0.0488,0.6131,10.4783,-0.0293,-0.0242,9.8065,0.204,-0.1046,0.0317,-14.75,-36.87,-4.62,241.48,-81.7,-172.94
52.38748,-1.53398,155.12,13.18,3,30.53,19 / 20,4835909,2019-09-06 20:40:41:652,0.1233,0.5747,10.1606,-0.0436,-0.0265,9.8064,-0.0562,-0.1115,0.1057,-14.75,-36.94,-4.94,241.79,-81.64,-172.43
52.38748,-1.53398,155.12,13.18,3,30.53,19 / 20,4836009,2019-09-06 20:40:41:752,-0.6404,0.8079,9.9307,0.0244,0.0026,9.8065,-0.0882,0.0608,-0.1338,-14.69,-37,-5.12,242.17,-81.49,-171.68
52.38748,-1.53398,155.12,13.18,3,30.53,19 / 20,4836109,2019-09-06 20:40:41:852,-0.9309,-0.5626,10.6053,0.0009,0.0148,9.8066,-0.0024,0.0068,0.0452,-14.31,-37.25,-4.75,240.06,-81.66,-172.18
52.38748,-1.53398,155.12,13.18,3,30.53,19 / 20,4836210,2019-09-06 20:40:41:953,-0.0532,-0.8771,10.0888,0.0299,0.0184,9.8065,-0.0297,-0.0427,0.0109,-14.56,-37,-4.87,242.27,-81.81,-172.25
52.38748,-1.53398,155.12,13.18,3,30.53,19 / 20,4836309,2019-09-06 20:40:42:052,-0.9741,0.1622,9.8245,0.0114,0.0131,9.8066,-0.0376,0.0042,-0.05,-14.5,-37,-4.56,239.79,-81.64,-172.45
52.38748,-1.53398,155.12,13.18,3,30.53,19 / 20,4836410,2019-09-06 20:40:42:153,-0.7621,-0.2802,9.6034,-0.0153,-0.0078,9.8066,-0.0262,-0.0243,-0.0208,-14.81,-37.12,-4.69,242.01,-81.75,-172.42
52.38748,-1.53398,155.12,13.18,3,30.53,19 / 20,4836509,2019-09-06 20:40:42:252,-0.6549,-0.1649,9.9483,0.0146,0.0006,9.8066,-0.1218,0.0118,0.0532,-15.44,-36.81,-4.56,242.3,-81.71,-171.97
52.38748,-1.53398,155.12,13.18,3,30.53,19 / 20,4836610,2019-09-06 20:40:42:353,-0.4738,-0.9033,10.0064,-0.0122,-0.0135,9.8065,0.09,0.016,0.0061,-15.06,-37.25,-5.06,242.53,-81.72,-171.73
52.38748,-1.53398,155.12,13.18,3,30.53,19 / 20,4836710,2019-09-06 20:40:42:453,-0.9291,-0.3369,9.7437,-0.0191,-0.02,9.8065,0.1407,-0.0589,0.0065,-15.25,-37.19,-4.69,243.37,-81.84,-171.01
52.38748,-1.53398,155.12,13.18,3,30.53,19 / 20,4836810,2019-09-06 20:40:42:553,-0.1407,-0.2795,10.1567,0.0073,-0.0029,9.8066,0.0161,-0.0212,0.0379,-14.56,-37.62,-4.94,242.66,-81.76,-171.18
52.38748,-1.53398,155.12,13.18,3,30.53,19 / 20,4836910,2019-09-06 20:40:42:653,-0.8954,0.0013,10.0805,-0.0085,-0.0036,9.8066,0.0509,0.0287,0.0069,-14.75,-37,-4.56,243.26,-81.77,-170.99
52.38748,-1.53398,155.12,13.18,3,30.53,19 / 20,4837010,2019-09-06 20:40:42:753,0.0345,0.7773,10.0869,0.0049,0.0054,9.8066,-0.0596,0.0078,0.027,-15.44,-37,-5.06,243.16,-81.67,-170.89
52.38748,-1.53398,155.12,13.18,3,30.53,19 / 20,4837110,2019-09-06 20:40:42:853,-0.8277,-0.2316,9.3953,-0.0027,-0.0043,9.8066,-0.0952,0.0433,-0.0313,-14.44,-37.06,-4.75,241.39,-81.67,-170.6
52.38748,-1.53398,155.12,13.18,3,30.53,19 / 20,4837210,2019-09-06 20:40:42:953,0.3191,-0.3649,9.7782,0.0045,-0.0087,9.8066,-0.0509,0.0488,0.0324,-14.62,-36.75,-4.62,243.67,-81.67,-170.3
52.38748,-1.53398,155.12,13.18,3,30.53,19 / 20,4837310,2019-09-06 20:40:43:053,-0.5335,0.6163,10.0171,-0.0046,0.0016,9.8066,-0.0005,-0.0055,-0.0055,-15.19,-36.94,-4.62,244.34,-81.77,-169.72
52.38748,-1.53398,155.12,13.18,3,30.53,18 / 20,4837409,2019-09-06 20:40:43:152,-0.5715,0.6522,9.5543,0.0044,0.0007,9.8066,0.0075,-0.0269,0.042,-14.94,-37.19,-5.06,244.42,-81.81,-169.73
52.38748,-1.53398,155.12,13.18,3,30.53,18 / 20,4837509,2019-09-06 20:40:43:252,-1.2986,-0.0001,9.4916,-0.0005,0.0138,9.8066,-0.0321,0.0917,-0.0604,-15.12,-37.19,-4.75,243.69,-81.81,-170.57
52.38748,-1.53398,155.12,13.18,3,30.53,18 / 20,4837610,2019-09-06 20:40:43:353,-0.34,-0.9042,10.1011,0.0023,0.0039,9.8065,0.0584,0.0283,-0.0315,-15,-36.81,-5.5,243.26,-81.8,-171.05
52.38748,-1.53398,155.12,13.18,3,30.53,18 / 20,4837709,2019-09-06 20:40:43:452,-0.6151,-0.3505,10.0186,-0.0094,0.0013,9.8066,0.0418,0.0007,-0.0237,-14.37,-37,-5.19,240.6,-81.81,-171.86
52.38748,-1.53398,155.12,13.18,3,30.53,18 / 20,4837809,2019-09-06 20:40:43:552,-0.659,0.1816,9.5456,0.004,0.0066,9.8065,-0.0123,0.001,-0.0049,-13.81,-37.5,-5.25,240.37,-81.72,-171.93
52.38748,-1.53398,155.12,13.18,3,30.53,18 / 20,4837909,2019-09-06 20:40:43:652,-0.8519,-0.299,9.8453,0.0122,0.0061,9.8065,-0.0232,-0.0093,0.0199,-13.5,-37.19,-5.06,238.1,-81.66,-171.89
52.38748,-1.53398,155.12,13.18,3,30.53,18 / 20,4838009,2019-09-06 20:40:43:752,-0.3392,0.1844,9.6509,-0.0045,0.0013,9.8066,-0.0156,0.0146,0.0022,-13.37,-37.19,-5.31,237.72,-81.72,-172.5
52.38748,-1.53398,155.12,13.18,3,30.53,18 / 20,4838110,2019-09-06 20:40:43:853,-0.0722,0.4069,9.9339,-0.0086,0.0086,9.8066,0.1126,0.0401,-0.0169,-13,-37.56,-4.69,236.53,-81.72,-173.44
52.38748,-1.53398,155.12,13.18,3,30.53,18 / 20,4838210,2019-09-06 20:40:43:953,-0.3001,-0.0574,9.7388,0.0177,0.016,9.8066,0.0158,0.029,-0.0246,-13.12,-37.69,-4.31,238.62,-81.61,-174.03
52.38748,-1.53398,155.12,13.18,3,30.53,18 / 20,4838310,2019-09-06 20:40:44:053,-0.319,-0.6489,9.7446,0.0007,0.0091,9.8066,0.0381,-0.0215,0.0245,-13.25,-37.25,-3.94,239.04,-81.72,-174.33
52.388474,-1.533027,155.79,13.97,4,28.94,18 / 20,4838410,2019-09-06 20:40:44:153,-0.8897,-0.4861,9.9036,0.0099,0.011,9.8066,-0.0177,0.0436,-0.0262,-12.81,-36.19,-3.5,242.32,-81.85,-174.95
52.388474,-1.533027,155.79,13.97,4,28.94,18 / 20,4838510,2019-09-06 20:40:44:253,-0.9016,-0.9039,10.0288,0.0175,0.0149,9.8066,0.0374,0.0578,-0.0205,-13.19,-36.37,-4,238.77,-81.81,-175.43
52.388474,-1.533027,155.79,13.97,4,28.94,18 / 20,4838609,2019-09-06 20:40:44:352,-0.088,-0.392,9.8247,0,-0.0024,9.8065,-0.0295,0.0375,0.0091,-13.87,-37.06,-3.87,240.38,-81.85,-175.51
52.388474,-1.533027,155.79,13.97,4,28.94,18 / 20,4838710,2019-09-06 20:40:44:453,-0.2756,0.5836,9.9102,0.0129,0.0138,9.8066,0.0056,0.0131,0.015,-13.81,-36.5,-3.06,244.06,-81.82,-175.14
52.388474,-1.533027,155.79,13.97,4,28.94,18 / 20,4838809,2019-09-06 20:40:44:552,-0.6243,0.4709,9.834,0.0075,0.0043,9.8066,0.0315,-0.0253,0.0272,-14.75,-36.37,-3.75,242.64,-81.78,-175.4
52.388474,-1.533027,155.79,13.97,4,28.94,18 / 20,4838909,2019-09-06 20:40:44:652,-0.6374,0.4537,9.7638,0.0067,0.006,9.8066,-0.008,0.0207,-0.0437,-15.12,-36.62,-3.31,244.87,-81.71,-175.49
52.388474,-1.533027,155.79,13.97,4,28.94,18 / 20,4839010,2019-09-06 20:40:44:753,-0.5044,-0.578,10.2784,0.0094,0.0006,9.8066,-0.0386,-0.0037,-0.0393,-15.25,-36.44,-3.56,242.58,-81.65,-175.19
52.388474,-1.533027,155.79,13.97,4,28.94,18 / 20,4839110,2019-09-06 20:40:44:853,-0.195,0.0916,9.5742,-0.0018,-0.0114,9.8066,-0.0825,0.0203,0.0137,-14.56,-35.56,-4.06,242.04,-81.66,-175.86
52.388474,-1.533027,155.79,13.97,4,28.94,18 / 20,4839209,2019-09-06 20:40:44:952,-0.1582,-0.5277,9.8392,-0.0269,-0.0245,9.8065,0.0583,0.0209,0.0361,-15.37,-36.37,-4.87,240.39,-81.77,-174.83
52.388474,-1.533027,155.79,13.97,4,28.94,18 / 20,4839310,2019-09-06 20:40:45:053,-0.4334,0.8507,9.9742,-0.0268,-0.0183,9.8065,0.0585,0.0175,-0.0504,-14.94,-36.81,-5.25,240.26,-81.81,-174.6
52.388474,-1.533027,155.79,13.97,4,28.94,19 / 20,4839410,2019-09-06 20:40:45:153,0.4378,-0.313,9.9483,0.0298,0.008,9.8066,0.1877,-0.057,0.0316,-14.12,-36.81,-5.5,238.52,-81.88,-174.5
52.388474,-1.533027,155.79,13.97,4,28.94,19 / 20,4839510,2019-09-06 20:40:45:253,0.0113,-0.5387,9.8419,-0.0048,-0.002,9.8066,-0.022,-0.019,0.0192,-13.81,-36.62,-5.5,238.72,-81.87,-174.25
52.388474,-1.533027,155.79,13.97,4,28.94,19 / 20,4839609,2019-09-06 20:40:45:352,-0.929,0.0689,9.812,0.0094,0.0119,9.8065,-0.0099,0.019,0.0274,-13.75,-37.12,-4.62,238.47,-81.76,-174.31
52.388474,-1.533027,155.79,13.97,4,28.94,19 / 20,4839710,2019-09-06 20:40:45:453,-0.4856,-0.1399,9.3207,-0.0151,-0.0088,9.8066,-0.1146,-0.0217,0.0097,-14.06,-37.19,-5.44,238.25,-81.79,-174.63
52.388474,-1.533027,155.79,13.97,4,28.94,19 / 20,4839809,2019-09-06 20:40:45:552,-1.5555,-0.0085,9.422,0.0051,0.0026,9.8066,0.0741,-0.024,-0.0234,-13.81,-37.62,-5.37,237.59,-81.76,-174.87
52.388474,-1.533027,155.79,13.97,4,28.94,19 / 20,4839910,2019-09-06 20:40:45:653,0.2477,-0.7389,9.6353,0.0095,0.0045,9.8066,-0.0153,-0.0351,0.0403,-14.44,-37.19,-4.87,238.04,-81.77,-174.85
52.388474,-1.533027,155.79,13.97,4,28.94,19 / 20,4840009,2019-09-06 20:40:45:752,-0.6966,0.3524,9.1632,-0.0206,-0.021,9.8066,0.1164,-0.0402,0.034,-13.56,-36.75,-5.25,238.47,-81.67,-174.11
52.388474,-1.533027,155.79,13.97,4,28.94,19 / 20,4840109,2019-09-06 20:40:45:852,0.0392,-0.7743,10.7084,-0.0112,-0.0176,9.8066,0.1591,-0.0468,0.0352,-13.81,-36.81,-4.37,242.31,-81.8,-173.1
52.388474,-1.533027,155.79,13.97,4,28.94,19 / 20,4840209,2019-09-06 20:40:45:952,-0.0254,0.0992,10.203,-0.0177,-0.0132,9.8066,-0.0556,-0.0261,0.0259,-13.62,-37.37,-5,239.45,-81.79,-173.2
52.388474,-1.533027,155.79,13.97,4,28.94,19 / 20,4840310,2019-09-06 20:40:46:053,-0.327,-0.8569,11.1003,-0.0153,-0.0078,9.8066,0.1029,-0.0061,-0.0632,-14.25,-37.12,-4.94,239.21,-81.71,-173.29
52.388474,-1.533027,155.79,13.97,4,28.94,18 / 20,4840409,2019-09-06 20:40:46:152,-1.2614,-0.1848,10.4924,0.0687,0.0341,9.8063,-0.1235,-0.0342,0.1126,-13.69,-37.5,-5.12,238.5,-81.38,-173.42
52.388474,-1.533027,155.79,13.97,4,28.94,18 / 20,4840509,2019-09-06 20:40:46:252,-0.3361,1.2797,9.5861,0.0343,0.0208,9.8065,-0.0475,0.1265,-0.0347,-14.06,-37.19,-4.19,241.73,-81.41,-172.89
52.388474,-1.533027,155.79,13.97,4,28.94,18 / 20,4840610,2019-09-06 20:40:46:353,-0.177,-0.5574,9.6954,0.0156,-0.0097,9.8066,0.0092,0.0248,0.0227,-14.31,-37.12,-4.5,243.22,-81.44,-171.18
52.388474,-1.533027,155.79,13.97,4,28.94,18 / 20,4840710,2019-09-06 20:40:46:453,0.5665,-1.1551,9.8278,0.0148,-0.0064,9.8066,-0.0331,-0.0625,0.0126,-14.56,-36.56,-4.81,243.92,-81.42,-169.47
52.388474,-1.533027,155.79,13.97,4,28.94,18 / 20,4840810,2019-09-06 20:40:46:553,0.216,0.4377,9.4104,-0.017,-0.0203,9.8066,0.0194,-0.042,0.0566,-14.37,-37.19,-4.87,243.14,-81.73,-168.66
52.388474,-1.533027,155.79,13.97,4,28.94,18 / 20,4840910,2019-09-06 20:40:46:653,-0.0557,-0.9884,9.7696,-0.0062,-0.0096,9.8066,0.1003,-0.012,-0.0021,-14.31,-37,-4.75,243.51,-81.68,-168.11
52.388474,-1.533027,155.79,13.97,4,28.94,18 / 20,4841010,2019-09-06 20:40:46:753,-0.0924,0.0672,10.2849,0.0016,0.0091,9.8066,-0.0717,-0.0457,-0.0009,-14.12,-37.56,-5.25,242.63,-81.72,-168.71
52.388474,-1.533027,155.79,13.97,4,28.94,18 / 20,4841109,2019-09-06 20:40:46:852,0.238,-0.5761,10.2875,-0.0226,-0.007,9.8065,0.0521,0.0114,-0.0596,-14.19,-37.56,-4.69,242.34,-81.87,-169.41
52.388474,-1.533027,155.79,13.97,4,28.94,18 / 20,4841210,2019-09-06 20:40:46:953,0.7267,-0.387,10.1103,0.0249,0.031,9.8065,-0.0779,0.0037,-0.0275,-14.12,-37.62,-5,242.11,-81.96,-169.91
52.388474,-1.533027,155.79,13.97,4,28.94,18 / 20,4841310,2019-09-06 20:40:47:053,0.0863,-0.1126,10.0581,0.0086,0.0112,9.8066,-0.0492,-0.0186,0.0149,-14.19,-37.31,-5.19,241.63,-81.86,-170.75
52.388474,-1.533027,155.79,13.97,4,28.94,18 / 19,4841410,2019-09-06 20:40:47:153,-0.0291,-0.6043,9.7393,-0.0022,0.0033,9.8066,0.0101,-0.0034,-0.0094,-14.62,-37.31,-4.5,246.07,-81.84,-171.03
52.388474,-1.533027,155.79,13.97,4,28.94,18 / 19,4841509,2019-09-06 20:40:47:252,-1.1669,-1.4435,9.8734,0.0273,0.0154,9.8066,-0.0293,-0.0239,0.0058,-14.5,-37.44,-5,241.01,-81.7,-171.12
52.388474,-1.533027,155.79,13.97,4,28.94,18 / 19,4841609,2019-09-06 20:40:47:352,0.9911,-0.7628,9.8319,-0.0128,-0.0135,9.8066,-0.0561,-0.0616,0.0221,-13.94,-37.31,-4.06,244.03,-81.78,-171.03
52.388474,-1.533027,155.79,13.97,4,28.94,18 / 19,4841710,2019-09-06 20:40:47:453,-1.0309,-0.5369,9.5621,-0.0037,-0.0072,9.8066,-0.0442,0.0175,-0.0039,-13.81,-37.62,-4.62,241.22,-81.73,-170.43
52.388474,-1.533027,155.79,13.97,4,28.94,18 / 19,4841810,2019-09-06 20:40:47:553,1.1904,-1.0673,9.4759,-0.0109,-0.0026,9.8066,-0.0301,0.0183,-0.0408,-14.69,-37.25,-4.62,244.01,-81.73,-170.03
52.388474,-1.533027,155.79,13.97,4,28.94,18 / 19,4841910,2019-09-06 20:40:47:653,-0.4584,-0.3108,9.8167,0.0014,0.005,9.8066,0.038,-0.0032,0.0096,-14.31,-36.87,-4.06,244.59,-81.93,-170.73
52.388474,-1.533027,155.79,13.97,4,28.94,18 / 19,4842009,2019-09-06 20:40:47:752,0.5008,-0.6842,9.9531,0.0238,0.0213,9.8065,-0.0226,-0.0024,-0.0383,-14.5,-37.06,-4.56,241.05,-81.82,-171.34
52.388474,-1.533027,155.79,13.97,4,28.94,18 / 19,4842110,2019-09-06 20:40:47:853,-0.1546,0.2075,9.5248,-0.0026,-0.0092,9.8066,-0.0062,-0.0622,0.0612,-14.56,-37.62,-4.44,245.28,-81.73,-171.19
52.388474,-1.533027,155.79,13.97,4,28.94,18 / 19,4842210,2019-09-06 20:40:47:953,0.2489,0.1023,9.4213,-0.0032,-0.0155,9.8066,-0.0401,-0.0447,0.0684,-14.37,-37.87,-4.5,244.25,-81.76,-170.17
52.388474,-1.533027,155.79,13.97,4,28.94,18 / 19,4842310,2019-09-06 20:40:48:053,-0.8669,-0.1665,9.2453,0.0103,-0.0029,9.8066,-0.0227,0.0443,-0.0784,-15.31,-37.94,-4.62,243.91,-81.68,-169.55
52.388474,-1.533027,155.79,13.97,4,28.94,20 / 21,4842410,2019-09-06 20:40:48:153,1.637,-1.4871,9.3223,-0.0245,-0.0268,9.8065,-0.0657,0.0578,-0.0618,-14.44,-37.75,-4.06,245.01,-81.79,-169.35
52.388474,-1.533027,155.79,13.97,4,28.94,20 / 21,4842509,2019-09-06 20:40:48:252,0.8892,-0.7302,10.9006,0.0117,0.0081,9.8066,0.1125,-0.0759,0.0454,-14.87,-37,-3.87,247.67,-81.91,-169.37
52.388474,-1.533027,155.79,13.97,4,28.94,20 / 21,4842609,2019-09-06 20:40:48:352,-0.8225,-0.6128,10.1341,-0.0228,-0.0095,9.8065,0.0283,-0.0613,0.057,-14.12,-36.87,-4.69,241.64,-81.97,-171
52.388474,-1.533027,155.79,13.97,4,28.94,20 / 21,4842710,2019-09-06 20:40:48:453,0.5655,0.2872,10.1131,-0.0337,-0.0127,9.8065,0.147,0.0425,-0.0791,-14.56,-36.5,-4.12,246.13,-81.88,-171.57
52.388474,-1.533027,155.79,13.97,4,28.94,20 / 21,4842810,2019-09-06 20:40:48:553,0.2292,-0.0111,10.0213,0.0249,0.0042,9.8066,-0.157,-0.0733,0.0613,-14.75,-37.19,-4.62,242.44,-81.58,-171.55
52.388474,-1.533027,155.79,13.97,4,28.94,20 / 21,4842910,2019-09-06 20:40:48:653,0.0991,-0.4622,9.9617,-0.0122,-0.0044,9.8066,-0.0829,-0.0166,0.0076,-15.06,-36.81,-4,245.81,-81.81,-171.27
52.388474,-1.533027,155.79,13.97,4,28.94,20 / 21,4843010,2019-09-06 20:40:48:753,-0.2069,-0.6873,9.7128,0.0056,-0.0031,9.8066,0.0375,-0.0221,0.0332,-14.5,-36.69,-4,245.05,-81.89,-170.1
52.388474,-1.533027,155.79,13.97,4,28.94,20 / 21,4843109,2019-09-06 20:40:48:852,1.0956,-0.1778,9.9026,0.005,-0.0007,9.8066,0.0108,-0.0576,0.0083,-15.12,-36.81,-3.75,247.48,-81.87,-169.49
52.388474,-1.533027,155.79,13.97,4,28.94,20 / 21,4843209,2019-09-06 20:40:48:952,0.5064,-0.1943,9.9124,0.0105,0.0053,9.8066,0.0403,-0.0244,-0.0459,-15.5,-36.62,-4.12,247.42,-81.84,-169.5
52.388474,-1.533027,155.79,13.97,4,28.94,20 / 21,4843310,2019-09-06 20:40:49:053,0.8271,-0.4678,9.993,-0.0039,-0.0025,9.8066,-0.0024,-0.0327,0.0185,-14.56,-36.5,-4,247.76,-81.91,-169.78
52.388474,-1.533027,155.79,13.97,4,28.94,18 / 20,4843410,2019-09-06 20:40:49:153,0.6792,-0.1742,9.7982,0.0091,0.0092,9.8066,0.0001,0.0175,0.0115,-15.44,-37.06,-4.31,246.9,-81.87,-170.16
52.388474,-1.533027,155.79,13.97,4,28.94,18 / 20,4843510,2019-09-06 20:40:49:253,0.1766,-0.2628,10.1349,-0.0191,-0.0038,9.8066,0.0215,-0.0201,0.0172,-15.25,-36.87,-4.44,247.37,-81.94,-169.78
52.388474,-1.533027,155.79,13.97,4,28.94,18 / 20,4843610,2019-09-06 20:40:49:353,0.5848,-0.157,9.8742,-0.0016,0.0093,9.8066,-0.0957,0.061,-0.0239,-15.31,-36.81,-4,247.11,-82,-170.2
52.388474,-1.533027,155.79,13.97,4,28.94,18 / 20,4843709,2019-09-06 20:40:49:452,0.2533,-0.5419,9.5899,0.0265,0.0147,9.8065,-0.0321,-0.0675,0.0287,-14.62,-36.87,-3.75,247.18,-82.18,-170.54
52.388474,-1.533027,155.79,13.97,4,28.94,18 / 20,4843810,2019-09-06 20:40:49:553,0.2232,1.2242,9.9191,0.0468,0.0195,9.8065,-0.1166,-0.1058,0.0568,-14.44,-36.69,-4.56,242.53,-82.02,-170.06
52.388474,-1.533027,155.79,13.97,4,28.94,18 / 20,4843910,2019-09-06 20:40:49:653,1.0508,0.2626,10.4516,0.0384,0.0257,9.8065,-0.0863,-0.0199,0.0119,-15.19,-36.31,-4.5,248.31,-82.03,-169.42
52.388474,-1.533027,155.79,13.97,4,28.94,18 / 20,4844010,2019-09-06 20:40:49:753,-0.2643,-0.3421,9.9618,0.013,0.0067,9.8066,0.0884,0.0535,-0.0298,-14.62,-37.31,-3.56,248.21,-81.94,-168.81
52.388474,-1.533027,155.79,13.97,4,28.94,18 / 20,4844110,2019-09-06 20:40:49:853,-0.8799,0.1476,10.1303,0.0326,0.0145,9.8065,0.0228,-0.0358,0.0178,-14.87,-37.31,-3.37,250.52,-81.7,-168.96
52.388474,-1.533027,155.79,13.97,4,28.94,18 / 20,4844210,2019-09-06 20:40:49:953,0.088,-0.4874,10.4422,0.0061,0.001,9.8066,0.065,-0.0481,0.0104,-15.37,-37.12,-3.56,246.61,-81.67,-170.04
52.388474,-1.533027,155.79,13.97,4,28.94,18 / 20,4844310,2019-09-06 20:40:50:053,-0.2825,0.3862,10.1539,0,0.0159,9.8066,-0.0131,0.055,0.0048,-14.87,-36.81,-3.62,245.29,-81.53,-171.23
52.388474,-1.533027,155.79,13.97,4,28.94,19 / 20,4844410,2019-09-06 20:40:50:153,1.8696,-0.3451,9.6673,-0.0342,0.0022,9.8065,-0.0118,0.0857,-0.0937,-14.5,-36.75,-3.56,242.66,-81.49,-171.97
52.388474,-1.533027,155.79,13.97,4,28.94,19 / 20,4844509,2019-09-06 20:40:50:252,1.1155,-0.525,9.494,-0.0189,-0.0228,9.8065,0.1052,-0.0971,0.0709,-15,-36.44,-3.5,248.32,-81.57,-171.69
52.388474,-1.533027,155.79,13.97,4,28.94,19 / 20,4844610,2019-09-06 20:40:50:353,0.0769,1.3342,9.8891,-0.0064,0.0078,9.8066,-0.1148,-0.0368,0,-15.19,-36.62,-3.75,243.98,-81.78,-173.35
52.388474,-1.533027,155.79,13.97,4,28.94,19 / 20,4844710,2019-09-06 20:40:50:453,1.1174,-0.2788,9.2867,-0.009,0.0067,9.8066,-0.0022,-0.0405,-0.0103,-15,-36.75,-2.81,247.04,-81.82,-173.23
52.388474,-1.533027,155.79,13.97,4,28.94,19 / 20,4844809,2019-09-06 20:40:50:552,0.2007,0.4653,10.7134,0.0059,0.0043,9.8066,0.1093,-0.1258,0.0584,-14.87,-36.62,-3.25,246.32,-81.95,-174.36
52.388474,-1.533027,155.79,13.97,4,28.94,19 / 20,4844909,2019-09-06 20:40:50:652,1.3793,1.3446,10.7586,-0.0428,0.0006,9.8065,0.0966,0.1001,-0.1253,-14.44,-37.06,-3.44,243.98,-81.98,-175.09
52.388474,-1.533027,155.79,13.97,4,28.94,19 / 20,4845010,2019-09-06 20:40:50:753,0.5342,1.0824,9.7333,0.0476,0.0155,9.8065,-0.2184,0.0612,0.0317,-14.62,-37.37,-3.69,242.62,-81.6,-174.54
52.388474,-1.533027,155.79,13.97,4,28.94,19 / 20,4845110,2019-09-06 20:40:50:853,-0.2404,0.3462,9.1327,-0.0152,-0.0206,9.8066,-0.1439,-0.0151,0.064,-14,-37.06,-4.37,241.35,-81.77,-174.18
52.388474,-1.533027,155.79,13.97,4,28.94,19 / 20,4845209,2019-09-06 20:40:50:952,0.2617,0.4412,9.7969,0.0071,-0.0114,9.8066,0.0241,-0.0148,0.035,-14.62,-36.62,-4.12,245.14,-81.96,-172.4
52.388474,-1.533027,155.79,13.97,4,28.94,19 / 20,4845310,2019-09-06 20:40:51:053,-0.4384,-0.1695,10.0199,0.0308,0.0168,9.8065,0.0453,-0.0282,0.067,-14.87,-36.56,-3.06,248.3,-81.85,-171.83
52.388474,-1.533027,155.79,13.97,4,28.94,19 / 20,4845410,2019-09-06 20:40:51:153,1.1964,0.3664,10.9348,0.0336,-0.0022,9.8065,0.094,-0.0161,0.0293,-15,-36.69,-3,248.45,-81.75,-171.42
52.388474,-1.533027,155.79,13.97,4,28.94,19 / 20,4845509,2019-09-06 20:40:51:252,2.2333,1.0065,10.0599,0.0053,-0.0266,9.8065,0.1552,0.0259,0.1023,-15.37,-36.75,-3.5,249.8,-81.42,-169.1
52.388474,-1.533027,155.79,13.97,4,28.94,19 / 20,4845610,2019-09-06 20:40:51:353,1.89,-0.698,9.7497,0.0115,-0.0075,9.8066,-0.1513,-0.0667,-0.0581,-15.94,-36.75,-3,253.37,-81.38,-166.94
52.388474,-1.533027,155.79,13.97,4,28.94,19 / 20,4845709,2019-09-06 20:40:51:452,-0.1334,-1.1317,9.1336,-0.0165,-0.0063,9.8065,-0.2219,-0.0422,0.0317,-15.69,-37.12,-2.94,254.62,-81.74,-166.38
52.388474,-1.533027,155.79,13.97,4,28.94,19 / 20,4845809,2019-09-06 20:40:51:552,1.196,-0.3026,8.5271,-0.047,0.0065,9.8065,0.0739,0.0165,-0.1196,-15.31,-36.87,-4.19,249.6,-82.13,-167.69
52.388474,-1.533027,155.79,13.97,4,28.94,19 / 20,4845909,2019-09-06 20:40:51:652,0.3102,0.9829,8.5517,-0.0076,0.0315,9.8065,-0.0383,0.0145,-0.0952,-15.62,-36.81,-3.44,251.59,-82.19,-170.77
52.388474,-1.533027,155.79,13.97,4,28.94,19 / 20,4846010,2019-09-06 20:40:51:753,0.951,0.8881,11.0941,-0.0481,-0.0151,9.8065,0.0756,-0.0292,-0.0119,-15.56,-36.81,-3.37,249.83,-82.03,-172.36
52.388474,-1.533027,155.79,13.97,4,28.94,19 / 20,4846109,2019-09-06 20:40:51:852,1.6394,0.7094,10.8436,-0.0398,-0.0326,9.8065,0.2399,0.0262,0.0349,-14.75,-37.06,-3.69,245.67,-82.25,-172.44
52.388474,-1.533027,155.79,13.97,4,28.94,19 / 20,4846210,2019-09-06 20:40:51:953,2.6322,-0.1837,10.2204,0.0528,0.028,9.8065,-0.2044,0.0226,-0.0926,-15.62,-36.94,-3.62,247.02,-81.81,-171.89
52.388474,-1.533027,155.79,13.97,4,28.94,19 / 20,4846310,2019-09-06 20:40:52:053,0.347,-0.8078,9.948,0.048,0.0048,9.8065,-0.1409,-0.0922,0.1424,-15.81,-37.19,-3.94,248.36,-81.93,-170.63
52.388474,-1.533027,155.79,13.97,4,28.94,19 / 20,4846409,2019-09-06 20:40:52:152,0.1926,-2.1491,10.2823,0.0193,-0.0099,9.8066,0.0965,0.1142,-0.1628,-15.19,-36.69,-3,250.69,-82.16,-169.86
52.388474,-1.533027,155.79,13.97,4,28.94,19 / 20,4846509,2019-09-06 20:40:52:252,1.3565,1.4623,9.6124,-0.007,0.0294,9.8065,0.2433,-0.0308,0.1669,-15.69,-37.25,-3,249.89,-81.96,-172.15
52.388474,-1.533027,155.79,13.97,4,28.94,19 / 20,4846610,2019-09-06 20:40:52:353,0.1881,-0.6887,10.0242,0.0231,0.0105,9.8066,-0.1704,-0.0321,-0.1074,-15.5,-36.37,-3.12,248.17,-81.77,-172.34
52.388474,-1.533027,155.79,13.97,4,28.94,19 / 20,4846710,2019-09-06 20:40:52:453,0.4144,0.1858,9.01,-0.0276,0.001,9.8066,-0.089,0.0087,0.0405,-15.37,-37.31,-3.44,247.62,-82,-172.97
52.388474,-1.533027,155.79,13.97,4,28.94,19 / 20,4846810,2019-09-06 20:40:52:553,0.1067,-0.5877,9.3873,0.0057,-0.0067,9.8066,-0.029,0.0306,-0.0857,-15.19,-36.5,-3.5,248.51,-82.13,-172.77
52.388474,-1.533027,155.79,13.97,4,28.94,19 / 20,4846910,2019-09-06 20:40:52:653,0.2187,0.0809,9.8464,-0.0307,-0.0014,9.8066,0.009,-0.0075,0.0744,-14.87,-36.81,-3.12,248.41,-82.07,-172.23
52.388474,-1.533027,155.79,13.97,4,28.94,19 / 20,4847010,2019-09-06 20:40:52:753,0.6271,-0.3357,9.624,0.0048,-0.0006,9.8066,0.0066,0.043,-0.1099,-15.31,-36.81,-3.12,248.02,-82.15,-172.86
52.388474,-1.533027,155.79,13.97,4,28.94,19 / 20,4847110,2019-09-06 20:40:52:853,0.9594,0.0076,10.133,0.0019,0.0146,9.8065,0.0067,0.0455,0.0121,-15.06,-36.94,-3.62,244.47,-82.04,-173.35
52.388474,-1.533027,155.79,13.97,4,28.94,19 / 20,4847209,2019-09-06 20:40:52:952,-0.6311,0.7787,10.3829,0.0028,0.0095,9.8066,-0.0375,0.0211,-0.0618,-15.12,-36.94,-3.81,243.79,-82.09,-174.25
52.388474,-1.533027,155.79,13.97,4,28.94,19 / 20,4847321,2019-09-06 20:40:53:064,0.4489,-0.1909,10.4567,0.0285,0.0209,9.8066,-0.0697,-0.025,0.0213,-15.06,-36.94,-3.75,243.5,-81.93,-174.22
52.389492,-1.53204,156.19,16.82,3,32.67,19 / 20,4847409,2019-09-06 20:40:53:152,0.1359,0.6007,10.4931,0.0036,-0.0152,9.8066,0.0355,0.0353,-0.06,-14.69,-36.5,-3.12,247.63,-82.05,-173.59
52.389492,-1.53204,156.19,16.82,3,32.67,19 / 20,4847510,2019-09-06 20:40:53:253,-0.1947,0.02,10.7315,-0.0061,0.0046,9.8066,-0.0191,0.0249,0.0039,-15,-37,-3,246.65,-81.9,-173.86
52.389492,-1.53204,156.19,16.82,3,32.67,19 / 20,4847609,2019-09-06 20:40:53:352,0.2213,0.618,9.8748,-0.0212,-0.0118,9.8065,-0.0217,-0.0307,0.0521,-14.62,-37,-3.19,246.41,-81.91,-174.16
52.389492,-1.53204,156.19,16.82,3,32.67,19 / 20,4847709,2019-09-06 20:40:53:452,-1.1034,0.1535,9.9474,0.0186,-0.0021,9.8065,-0.0837,0.0212,-0.0787,-15.12,-36.94,-3.31,247.3,-81.89,-173.08
52.389492,-1.53204,156.19,16.82,3,32.67,19 / 20,4847810,2019-09-06 20:40:53:553,-0.5876,1.6274,9.5085,-0.0121,-0.0053,9.8066,0.0707,0.02,0.1007,-15.06,-37.31,-3.62,244.45,-81.98,-173.24
52.389492,-1.53204,156.19,16.82,3,32.67,19 / 20,4847910,2019-09-06 20:40:53:653,-1.5695,0.2451,10.496,-0.026,-0.0199,9.8065,0.1828,-0.0631,0.0118,-14.87,-36.94,-3.12,247.22,-81.88,-173.15
52.389492,-1.53204,156.19,16.82,3,32.67,19 / 20,4848009,2019-09-06 20:40:53:752,0.3249,0.2874,9.5519,-0.0206,-0.0089,9.8066,-0.0541,0.0974,-0.02,-14.37,-37.19,-3.31,245.84,-81.9,-172.7
52.389492,-1.53204,156.19,16.82,3,32.67,19 / 20,4848110,2019-09-06 20:40:53:853,-0.3698,0.4522,9.4042,0.0145,0.0076,9.8066,-0.0611,0.0416,0.0322,-14.94,-36.87,-3.19,246.95,-81.78,-173.23
52.389492,-1.53204,156.19,16.82,3,32.67,19 / 20,4848210,2019-09-06 20:40:53:953,-0.3814,1.0027,9.183,0.0201,0.0096,9.8066,-0.0877,0.0135,-0.001,-15.06,-36.87,-3.62,244.52,-81.79,-172.73
52.389492,-1.53204,156.19,16.82,3,32.67,19 / 20,4848309,2019-09-06 20:40:54:052,-0.5655,-0.1478,8.8526,-0.0252,-0.0294,9.8065,-0.124,0.0926,0.0139,-14.87,-36.44,-3.75,245.88,-82.17,-172.49
52.389492,-1.53204,156.19,16.82,3,32.67,19 / 20,4848410,2019-09-06 20:40:54:153,-0.2889,0.7237,9.8401,-0.0161,-0.0274,9.8066,-0.0496,-0.0237,0.0657,-14.75,-36.87,-3.62,246.58,-82.22,-171.32
52.389492,-1.53204,156.19,16.82,3,32.67,19 / 20,4848510,2019-09-06 20:40:54:253,-0.5735,-0.2316,10.3242,0.0328,0.0023,9.8065,0.0071,0.0193,-0.0225,-15.31,-36.75,-4.25,247.85,-82.12,-169.65
52.389492,-1.53204,156.19,16.82,3,32.67,19 / 20,4848609,2019-09-06 20:40:54:352,-0.1069,-0.1274,10.2654,0.0171,0.0115,9.8065,-0.031,0.0628,-0.0048,-15.12,-37.19,-3.81,247.54,-81.8,-169.27
52.389492,-1.53204,156.19,16.82,3,32.67,19 / 20,4848710,2019-09-06 20:40:54:453,0.6041,0.9374,9.3009,0.0158,0.0071,9.8065,-0.0404,0.0453,0.0257,-15.37,-36.94,-4.31,246.78,-81.66,-169.82
52.389492,-1.53204,156.19,16.82,3,32.67,19 / 20,4848810,2019-09-06 20:40:54:553,-0.3108,-0.6299,10.0258,0.0126,-0.0096,9.8066,-0.0059,0.046,-0.0105,-15.12,-37.69,-3.69,247.62,-81.79,-168.62
52.389492,-1.53204,156.19,16.82,3,32.67,19 / 20,4848909,2019-09-06 20:40:54:652,-0.0147,0.014,9.7262,0.0171,0.0161,9.8066,-0.0033,-0.0329,0.0881,-15.06,-36.69,-4.12,248.4,-81.83,-168.34
52.389492,-1.53204,156.19,16.82,3,32.67,19 / 20,4849009,2019-09-06 20:40:54:752,-0.1563,0.2775,9.6233,0.0128,-0.0034,9.8066,0.0378,0.0532,-0.0639,-15.5,-37.44,-4.06,249.09,-81.88,-167.66
52.389492,-1.53204,156.19,16.82,3,32.67,19 / 20,4849110,2019-09-06 20:40:54:853,-0.5081,-0.7716,10.5208,-0.0195,-0.018,9.8066,0.0608,-0.0903,0.0338,-15.69,-36.69,-4.31,250.79,-81.7,-167.37
52.389492,-1.53204,156.19,16.82,3,32.67,19 / 20,4849211,2019-09-06 20:40:54:954,0.2795,0.0582,10.8328,0.05,0.0293,9.8064,-0.0981,0.0233,0.0382,-15.69,-37.12,-3.75,251.78,-81.75,-166.4
52.389492,-1.53204,156.19,16.82,3,32.67,19 / 20,4849310,2019-09-06 20:40:55:053,1.3047,-1.4001,10.3256,0.0306,0.0171,9.8065,0.053,-0.0834,0.0748,-15.06,-36.87,-3.37,251.98,-81.41,-166.59
52.389492,-1.53204,156.19,16.82,3,32.67,18 / 20,4849410,2019-09-06 20:40:55:153,0.4035,0.1501,9.4579,0.0095,0.0094,9.8066,-0.154,0.0569,-0.0416,-15,-36.87,-3.56,249.44,-81.41,-166.17
52.389492,-1.53204,156.19,16.82,3,32.67,18 / 20,4849509,2019-09-06 20:40:55:252,-0.8966,-0.0927,8.9295,-0.0323,0.0009,9.8066,-0.0279,-0.0407,0.0809,-15.25,-37.31,-4.06,248.78,-81.61,-167.4
52.389492,-1.53204,156.19,16.82,3,32.67,18 / 20,4849610,2019-09-06 20:40:55:353,0.6733,-0.1477,10.5289,-0.025,-0.0113,9.8065,0.1558,0.0045,-0.1767,-15.62,-36.37,-4.06,251.04,-81.7,-167.6
52.389492,-1.53204,156.19,16.82,3,32.67,18 / 20,4849710,2019-09-06 20:40:55:453,1.011,0.9004,10.0455,-0.0472,0.0018,9.8064,0.2338,0.0753,0.0107,-15.87,-35.75,-3.75,250.21,-81.65,-168.42
52.389492,-1.53204,156.19,16.82,3,32.67,18 / 20,4849809,2019-09-06 20:40:55:552,3.1202,0.5961,9.4078,-0.0288,-0.0015,9.8066,0.3772,-0.0703,0.0414,-15.37,-35.56,-4.19,247.07,-81.95,-170.65
52.389492,-1.53204,156.19,16.82,3,32.67,18 / 20,4849910,2019-09-06 20:40:55:653,-3.4936,-0.6041,10.6138,-0.0115,-0.0005,9.8065,-0.2115,0.046,-0.0554,-15.06,-35.62,-3.94,247.43,-81.91,-170.15
52.389492,-1.53204,156.19,16.82,3,32.67,18 / 20,4850010,2019-09-06 20:40:55:753,0.2559,0.2951,9.6717,-0.0607,-0.0477,9.8063,0.0819,0.0198,0.0374,-15.06,-36.19,-3.69,246.67,-81.47,-170.05
52.389492,-1.53204,156.19,16.82,3,32.67,18 / 20,4850109,2019-09-06 20:40:55:852,0.0417,-0.4117,10.1261,-0.0152,-0.0171,9.8066,0.037,-0.05,-0.0615,-15.44,-36,-4.37,248.06,-81.86,-169.32
52.389492,-1.53204,156.19,16.82,3,32.67,18 / 20,4850210,2019-09-06 20:40:55:953,-1.0356,-0.2957,10.5001,0.0298,0.0035,9.8065,0.0301,-0.0226,0.0537,-15.5,-35.75,-4.19,248.76,-81.59,-167.92
52.389492,-1.53204,156.19,16.82,3,32.67,18 / 20,4850309,2019-09-06 20:40:56:052,-0.4313,-0.3707,9.9385,0.0174,0.0068,9.8066,0.025,-0.0434,0.0025,-15.69,-35.94,-3.81,250.56,-81.52,-167.77
52.389492,-1.53204,156.19,16.82,3,32.67,18 / 20,4850410,2019-09-06 20:40:56:153,-0.4443,0.2782,9.6729,0.0034,0.0043,9.8066,-0.0396,0.015,0.0126,-15.56,-36.25,-3.75,250.04,-81.45,-168.19
52.389492,-1.53204,156.19,16.82,3,32.67,18 / 20,4850509,2019-09-06 20:40:56:252,-0.7171,-0.2878,9.7262,0.0041,-0.0056,9.8066,-0.1092,0.0301,0.0052,-15,-36.31,-3.81,248.37,-81.51,-168.17
52.389492,-1.53204,156.19,16.82,3,32.67,18 / 20,4850610,2019-09-06 20:40:56:353,-0.5491,-0.4003,9.3866,-0.0224,-0.013,9.8065,0.0871,-0.0227,0.0284,-15.19,-36.56,-4.12,247.45,-81.52,-168.72
52.389492,-1.53204,156.19,16.82,3,32.67,18 / 20,4850709,2019-09-06 20:40:56:452,0.6169,0.5997,10.0403,0.0065,0.0033,9.8066,-0.0359,0.0423,-0.0099,-14.75,-36.5,-3.75,248.09,-81.54,-168.57
52.389492,-1.53204,156.19,16.82,3,32.67,18 / 20,4850809,2019-09-06 20:40:56:552,-0.9171,-0.8271,10.1494,-0.0004,0.0072,9.8066,0.1262,-0.0802,0.0334,-15.19,-36.94,-3.94,246.9,-81.36,-168.98
52.389492,-1.53204,156.19,16.82,3,32.67,18 / 20,4850909,2019-09-06 20:40:56:652,0.4207,0.0813,9.6078,-0.0152,0.0083,9.8066,0.0029,-0.0461,-0.0735,-14.94,-37,-3.75,246.11,-81.4,-169.99
52.389492,-1.53204,156.19,16.82,3,32.67,18 / 20,4851010,2019-09-06 20:40:56:753,0.3262,-0.0011,11.353,0.0285,0.0283,9.8066,-0.1345,-0.0721,0.0073,-15.19,-37.06,-3.56,245.49,-81.36,-170.63
52.389492,-1.53204,156.19,16.82,3,32.67,18 / 20,4851110,2019-09-06 20:40:56:853,0.1822,1.7308,9.5659,-0.0689,0.007,9.8064,0.0663,0.0836,-0.0916,-14.75,-37.56,-3.56,243.97,-81.88,-173.07
52.389492,-1.53204,156.19,16.82,3,32.67,18 / 20,4851209,2019-09-06 20:40:56:952,-1.7486,-1.0639,9.8886,0.0603,0.043,9.8064,0.0275,-0.0559,0.0308,-14.81,-37.31,-4.12,243.65,-81.88,-173.94
52.389492,-1.53204,156.19,16.82,3,32.67,18 / 20,4851309,2019-09-06 20:40:57:052,-1.778,-1.0139,9.3442,0.0482,0.0394,9.8064,-0.1333,0.0177,-0.0813,-14.56,-36.81,-3.81,242.42,-81.45,-174.43
52.389492,-1.53204,156.19,16.82,3,32.67,18 / 19,4851410,2019-09-06 20:40:57:153,-0.3686,-1.775,10.5252,-0.0458,-0.02,9.8065,0.0206,0.0303,-0.0136,-14.62,-37,-3.94,242.8,-81.68,-174.49
52.389492,-1.53204,156.19,16.82,3,32.67,18 / 19,4851509,2019-09-06 20:40:57:252,0.2454,0.316,10.0138,-0.0263,0.002,9.8065,0.0128,-0.0169,-0.0485,-14.37,-37.5,-3.81,239.4,-81.59,-176.11
52.389492,-1.53204,156.19,16.82,3,32.67,18 / 19,4851610,2019-09-06 20:40:57:353,-0.615,-0.1097,9.2408,0.0082,0.0164,9.8066,-0.0506,0.0053,-0.025,-14.69,-36.87,-4,240.4,-81.53,-177.02
52.389492,-1.53204,156.19,16.82,3,32.67,18 / 19,4851709,2019-09-06 20:40:57:452,0.8828,-0.2892,9.5483,0.0224,0.0017,9.8066,-0.1368,0.0264,0.0239,-14.75,-37.56,-4.31,239.96,-81.56,-177.09
52.389492,-1.53204,156.19,16.82,3,32.67,18 / 19,4851809,2019-09-06 20:40:57:552,-0.0211,-0.3602,10.3386,-0.0053,-0.0147,9.8066,0.0379,0.0116,0.035,-14.62,-36.75,-3.44,244.8,-81.8,-175.77
52.389492,-1.53204,156.19,16.82,3,32.67,18 / 19,4851910,2019-09-06 20:40:57:653,0.1766,-0.2768,10.5,-0.0276,-0.0216,9.8065,0.0912,-0.0085,-0.0046,-14.37,-37,-3.69,240.67,-81.9,-175.29
52.389492,-1.53204,156.19,16.82,3,32.67,18 / 19,4852010,2019-09-06 20:40:57:753,0.8874,0.0945,10.6725,0.0166,0.0219,9.8066,-0.0153,0.0752,-0.0573,-14.81,-36.81,-4.06,241.28,-81.51,-175.93
52.389492,-1.53204,156.19,16.82,3,32.67,18 / 19,4852110,2019-09-06 20:40:57:853,0.6879,-0.6748,9.7769,0.0314,0.0142,9.8065,-0.0286,-0.1067,0.0687,-14.62,-36.87,-3.81,240.78,-81.31,-176.1
52.389492,-1.53204,156.19,16.82,3,32.67,18 / 19,4852212,2019-09-06 20:40:57:955,-0.5659,-1.4542,9.8755,0.0351,0.0026,9.8065,-0.0593,0.0451,0.0178,-14.62,-37.5,-2.87,243.95,-81.45,-175.97
52.389492,-1.53204,156.19,16.82,3,32.67,18 / 19,4852309,2019-09-06 20:40:58:052,0.9595,0.181,10.6298,-0.0054,-0.0095,9.8066,0.0774,-0.0604,0.0219,-14.87,-36.94,-4,242.54,-81.57,-174.57
52.389492,-1.53204,156.19,16.82,3,32.67,17 / 20,4852410,2019-09-06 20:40:58:153,-0.565,0.8343,9.9751,0.0109,0.006,9.8066,0.0474,0.0301,0.0648,-14.69,-36.44,-3.5,246.6,-81.66,-173.89
52.389492,-1.53204,156.19,16.82,3,32.67,17 / 20,4852510,2019-09-06 20:40:58:253,0.256,-0.1553,10.1662,-0.003,-0.0157,9.8066,0.1217,0.0399,0.0166,-14.12,-36.62,-4,241.58,-81.65,-173.63
52.389492,-1.53204,156.19,16.82,3,32.67,17 / 20,4852610,2019-09-06 20:40:58:353,0.8674,0.2737,10.418,-0.0047,-0.0115,9.8066,0.0062,0.0088,-0.0105,-14.31,-36.94,-3.44,244.68,-81.48,-173.02
52.389492,-1.53204,156.19,16.82,3,32.67,17 / 20,4852710,2019-09-06 20:40:58:453,0.3428,0.4168,10.6115,0.0046,-0.0007,9.8066,0.1167,0.0243,0.0084,-14.62,-36.75,-3.44,246.18,-81.29,-172.99
52.389492,-1.53204,156.19,16.82,3,32.67,17 / 20,4852809,2019-09-06 20:40:58:552,-0.1293,0.4885,9.3576,-0.022,-0.0068,9.8066,-0.0863,0.0015,0.0079,-15.44,-37.19,-3.37,246.1,-81.32,-173.15
52.389492,-1.53204,156.19,16.82,3,32.67,17 / 20,4852910,2019-09-06 20:40:58:653,-0.5825,-0.1919,9.2327,-0.0023,-0.0039,9.8065,-0.0393,-0.0061,-0.016,-14.81,-36.81,-4.12,243.43,-81.32,-172.95
52.389492,-1.53204,156.19,16.82,3,32.67,17 / 20,4853010,2019-09-06 20:40:58:753,0.0828,-0.4108,9.8706,0.0009,0.0034,9.8066,-0.0051,0.0169,0.0125,-14,-37.44,-3.81,241.86,-81.42,-172.76
52.389492,-1.53204,156.19,16.82,3,32.67,17 / 20,4853109,2019-09-06 20:40:58:852,0.7994,0.8313,10.024,-0.0171,-0.0106,9.8065,0.0822,0.0077,-0.0138,-14.69,-37.31,-3.94,243.99,-81.54,-172.8
52.389492,-1.53204,156.19,16.82,3,32.67,17 / 20,4853210,2019-09-06 20:40:58:953,0.3625,0.1035,9.7213,-0.0134,-0.0071,9.8066,0.0155,-0.0067,-0.0124,-14.56,-37.31,-4.12,243.68,-81.45,-172.95
52.389492,-1.53204,156.19,16.82,3,32.67,17 / 20,4853310,2019-09-06 20:40:59:053,0.1204,0.1156,10.2824,-0.006,-0.0027,9.8066,0.1188,0.0554,0.0239,-14.56,-36.94,-3.94,243.2,-81.4,-173.41
52.389492,-1.53204,156.19,16.82,3,32.67,18 / 19,4853409,2019-09-06 20:40:59:152,-0.4079,-0.1064,10.1896,-0.0026,-0.0052,9.8066,0.0669,-0.0593,0.0088,-14.37,-37.06,-3.31,244.31,-81.4,-173.29
52.389492,-1.53204,156.19,16.82,3,32.67,18 / 19,4853510,2019-09-06 20:40:59:253,-0.1329,-0.123,9.844,0.0062,0.0121,9.8066,-0.046,0.0179,0.0186,-15,-36.5,-4.12,244.03,-81.36,-172.88
52.389492,-1.53204,156.19,16.82,3,32.67,18 / 19,4853610,2019-09-06 20:40:59:353,0.0769,-0.3117,9.4535,0.0043,0.008,9.8066,0.0576,-0.0131,-0.0346,-14.69,-37.06,-4.06,242.7,-81.25,-173.67
52.389492,-1.53204,156.19,16.82,3,32.67,18 / 19,4853709,2019-09-06 20:40:59:452,-0.5784,0.2061,9.6352,-0.0254,-0.0096,9.8065,0.074,0.0217,-0.0052,-14.56,-36.81,-3.69,242.96,-81.38,-173.66
52.389492,-1.53204,156.19,16.82,3,32.67,18 / 19,4853809,2019-09-06 20:40:59:552,-0.3149,-0.3945,9.6124,-0.0099,-0.0064,9.8066,0.0256,-0.0118,-0.0397,-14.19,-36.87,-3.87,240.83,-81.4,-173.95
52.389492,-1.53204,156.19,16.82,3,32.67,18 / 19,4853909,2019-09-06 20:40:59:652,-0.1392,-0.0479,8.9387,-0.0199,-0.008,9.8066,0.0533,-0.0216,0.0218,-14.62,-37.06,-3.81,242.63,-81.35,-173.97
52.389492,-1.53204,156.19,16.82,3,32.67,18 / 19,4854010,2019-09-06 20:40:59:753,-0.3583,-0.7742,10.2296,-0.0115,-0.0135,9.8066,-0.0338,0.0335,-0.0353,-14.25,-37.25,-4.25,241.12,-81.53,-173.91
52.389492,-1.53204,156.19,16.82,3,32.67,18 / 19,4854109,2019-09-06 20:40:59:852,-0.6697,-1.1009,9.9244,0.015,0.0177,9.8065,-0.1542,-0.044,0.0507,-14.31,-37.37,-4.12,240.74,-81.39,-174.03
52.389492,-1.53204,156.19,16.82,3,32.67,18 / 19,4854210,2019-09-06 20:40:59:953,-0.3445,-0.2251,9.284,0.0175,0.0131,9.8066,0.1477,0.0269,-0.0653,-14.12,-36.94,-4.06,240.7,-81.41,-174.12
52.389492,-1.53204,156.19,16.82,3,32.67,18 / 19,4854310,2019-09-06 20:41:00:053,0.5142,0.3618,9.494,-0.0266,-0.0099,9.8066,0.0561,-0.0442,0.0494,-14.06,-36.56,-3.87,240.66,-81.35,-174.04
52.389492,-1.53204,156.19,16.82,3,32.67,17 / 19,4854410,2019-09-06 20:41:00:153,-1.7616,-1.8273,10.5744,-0.0057,0.0041,9.8066,0.2188,-0.0512,-0.0543,-14.56,-37.31,-3.94,242.69,-81.49,-174.21
52.389492,-1.53204,156.19,16.82,3,32.67,17 / 19,4854509,2019-09-06 20:41:00:252,2.5209,0.3415,10.5383,-0.0712,-0.0593,9.8061,0.254,0.0468,0.0369,-14.62,-37.56,-3.31,246.24,-81.82,-173.62
52.389492,-1.53204,156.19,16.82,3,32.67,17 / 19,4854610,2019-09-06 20:41:00:353,-1.0167,-1.123,9.7029,0.0911,0.0759,9.8059,-0.0801,-0.0967,0.1191,-14.56,-37.12,-3.69,244.82,-81.72,-172.22
52.389492,-1.53204,156.19,16.82,3,32.67,17 / 19,4854709,2019-09-06 20:41:00:452,-0.9459,-1.1349,9.4138,0.056,0.0612,9.8063,-0.2458,-0.0333,-0.0609,-14.44,-36.81,-3.87,240.5,-81.19,-173.85
52.389492,-1.53204,156.19,16.82,3,32.67,17 / 19,4854810,2019-09-06 20:41:00:553,0.0008,0.5341,9.3629,-0.0469,-0.0282,9.8064,0.2058,-0.045,-0.0175,-14.56,-37,-3.87,242.84,-81.55,-174.15
52.389492,-1.53204,156.19,16.82,3,32.67,17 / 19,4854910,2019-09-06 20:41:00:653,-0.0261,0.2535,9.9204,-0.0206,-0.0058,9.8066,0.184,0.0168,-0.0183,-14.25,-36.75,-4.12,240.38,-81.5,-174.71
52.389492,-1.53204,156.19,16.82,3,32.67,17 / 19,4855009,2019-09-06 20:41:00:752,-0.3636,-0.0046,9.3188,-0.015,-0.01,9.8066,-0.0539,0.0124,0.0666,-14.81,-37.56,-4.44,242.09,-81.58,-174.6
52.389492,-1.53204,156.19,16.82,3,32.67,17 / 19,4855109,2019-09-06 20:41:00:852,-0.4085,-0.0162,9.9711,-0.0019,-0.0144,9.8066,-0.0609,0.0134,0.0338,-15.06,-36.75,-4.06,243.52,-81.65,-173.59
52.389492,-1.53204,156.19,16.82,3,32.67,17 / 19,4855209,2019-09-06 20:41:00:952,0.2746,-0.0493,9.4068,0.0098,0.0088,9.8066,-0.0712,0.0268,-0.0212,-14.62,-36.87,-4.06,243.85,-81.69,-173.28
52.389492,-1.53204,156.19,16.82,3,32.67,17 / 19,4855309,2019-09-06 20:41:01:052,-0.3281,-0.3699,9.7162,0.0148,0.0107,9.8066,-0.0157,-0.0624,0.0305,-15.06,-36.87,-4.06,243.31,-81.53,-173.56
52.389492,-1.53204,156.19,16.82,3,32.67,18 / 19,4855410,2019-09-06 20:41:01:153,0.2929,-0.1024,9.7568,0.0082,0.0086,9.8065,-0.076,-0.0265,-0.0197,-14.25,-37.06,-3.44,243.74,-81.56,-174.34
52.389492,-1.53204,156.19,16.82,3,32.67,18 / 19,4855509,2019-09-06 20:41:01:252,-0.6244,0.7708,9.7257,0.015,0.0133,9.8066,-0.036,-0.0822,0.0339,-14.87,-36.44,-3.87,242.95,-81.58,-174.62
52.389492,-1.53204,156.19,16.82,3,32.67,18 / 19,4855610,2019-09-06 20:41:01:353,-0.4918,-0.5556,9.7858,0.001,-0.0157,9.8066,0.1118,-0.0116,0.0442,-14.62,-37.06,-4.81,240.22,-81.64,-174.29
52.389492,-1.53204,156.19,16.82,3,32.67,18 / 19,4855709,2019-09-06 20:41:01:452,0.298,0.8132,9.6718,0.0017,-0.0118,9.8066,0.02,0.0522,0.0233,-15,-36.62,-3.94,243.61,-81.59,-173.34
52.389492,-1.53204,156.19,16.82,3,32.67,18 / 19,4855809,2019-09-06 20:41:01:552,-0.3861,-0.4767,9.6859,-0.0051,-0.0079,9.8066,-0.0696,-0.0102,0.006,-15.06,-37.06,-4,244.05,-81.55,-172.74
52.389492,-1.53204,156.19,16.82,3,32.67,18 / 19,4855910,2019-09-06 20:41:01:653,-0.2658,0.0227,9.3336,-0.0238,-0.0143,9.8065,-0.055,0.0229,-0.0401,-15.19,-36.62,-4.31,244.47,-81.52,-172.17
52.389492,-1.53204,156.19,16.82,3,32.67,18 / 19,4856010,2019-09-06 20:41:01:753,-0.266,-0.0126,9.1663,-0.0038,-0.006,9.8066,-0.0763,0.0199,0.0204,-14.87,-37.37,-3.62,245.15,-81.67,-171.72
52.389492,-1.53204,156.19,16.82,3,32.67,18 / 19,4856109,2019-09-06 20:41:01:852,-0.0516,0.0239,9.9518,0.011,0.0115,9.8065,0.0145,-0.0142,0.0313,-14.75,-37.19,-3.56,244.73,-81.66,-172.2
52.389492,-1.53204,156.19,16.82,3,32.67,18 / 19,4856210,2019-09-06 20:41:01:953,-0.3649,0.0533,10.0818,0.0092,0.009,9.8066,0.0116,-0.0184,-0.0098,-14.62,-37.19,-3.62,244.21,-81.66,-172.8
52.389492,-1.53204,156.19,16.82,3,32.67,18 / 19,4856309,2019-09-06 20:41:02:052,-0.1281,0.4158,9.7421,0.0035,0.0066,9.8066,-0.0103,0.0144,-0.0427,-14.31,-37.06,-3.81,242.02,-81.63,-173.05
52.39072,-1.530842,156.21,18.11,4,30.85,19 / 20,4856410,2019-09-06 20:41:02:153,-0.2761,-0.4605,9.9265,0.0069,0.005,9.8065,-0.0387,-0.0168,0.043,-14.44,-36.31,-3.87,242.79,-81.68,-172.81
52.39072,-1.530842,156.21,18.11,4,30.85,19 / 20,4856510,2019-09-06 20:41:02:253,-0.7446,0.0676,9.4386,-0.0272,-0.0077,9.8065,-0.0653,0.0332,-0.0856,-15.12,-37.19,-4,243.64,-81.64,-173.43
52.39072,-1.530842,156.21,18.11,4,30.85,19 / 20,4856609,2019-09-06 20:41:02:352,-0.3471,0.5506,9.5872,-0.0044,-0.0109,9.8066,0.0115,-0.0297,0.0487,-15.12,-37,-4.06,244.05,-81.75,-173.19
52.39072,-1.530842,156.21,18.11,4,30.85,19 / 20,4856710,2019-09-06 20:41:02:453,-0.1415,0.0375,10.047,0.0302,0.016,9.8065,0.0362,-0.0117,0.0204,-15.37,-36.81,-3.69,243.79,-81.83,-173.67
52.39072,-1.530842,156.21,18.11,4,30.85,19 / 20,4856809,2019-09-06 20:41:02:552,-2.1298,-0.5666,9.8817,0.0397,0.0173,9.8065,0.0532,-0.0517,0.0204,-15.25,-37.06,-3.5,246.33,-81.56,-173.43
52.39072,-1.530842,156.21,18.11,4,30.85,19 / 20,4856909,2019-09-06 20:41:02:652,-0.2696,-0.2607,9.0766,0.0029,0.0003,9.8066,-0.0408,0.004,-0.0541,-14.87,-36.87,-3.94,243.75,-81.63,-173.28
52.39072,-1.530842,156.21,18.11,4,30.85,19 / 20,4857009,2019-09-06 20:41:02:752,-0.4223,-0.8788,9.7108,-0.0081,0.0002,9.8066,-0.008,0.0404,-0.003,-15.37,-36.81,-4.12,243.95,-81.67,-173.12
52.39072,-1.530842,156.21,18.11,4,30.85,19 / 20,4857109,2019-09-06 20:41:02:852,-0.6275,-0.289,9.7992,-0.0008,0.0116,9.8066,-0.0139,-0.0282,-0.0286,-15.44,-37.12,-4.06,243.36,-81.79,-174.09
52.39072,-1.530842,156.21,18.11,4,30.85,19 / 20,4857210,2019-09-06 20:41:02:953,-0.1745,0.3358,9.6511,0.0143,0.0091,9.8066,-0.0507,-0.0052,-0.0027,-15.87,-37.12,-5.06,241.41,-81.74,-175.19
52.39072,-1.530842,156.21,18.11,4,30.85,19 / 20,4857310,2019-09-06 20:41:03:053,-0.6285,-0.8442,10.0113,0.0246,0.0082,9.8066,0.0342,0.0418,0.0504,-14.62,-37.12,-4.5,242.55,-81.66,-174.74
52.39072,-1.530842,156.21,18.11,4,30.85,18 / 20,4857410,2019-09-06 20:41:03:153,-0.0571,0.4924,9.8795,0.0043,0.0089,9.8066,-0.074,0.0577,-0.0493,-14.69,-37.5,-4.06,242.55,-81.67,-174.76
52.39072,-1.530842,156.21,18.11,4,30.85,18 / 20,4857510,2019-09-06 20:41:03:253,-0.0813,-0.6273,9.7426,0.0069,-0.0081,9.8066,-0.1038,0.0066,0.043,-14.25,-37,-4.44,241.28,-81.74,-174.21
52.39072,-1.530842,156.21,18.11,4,30.85,18 / 20,4857610,2019-09-06 20:41:03:353,0.0561,-0.6425,9.6952,-0.0071,-0.0041,9.8066,-0.005,0.041,-0.0428,-14.31,-37.5,-4.31,241.74,-81.8,-173.79
52.39072,-1.530842,156.21,18.11,4,30.85,18 / 20,4857710,2019-09-06 20:41:03:453,-0.7323,-0.3452,10.0858,0.0044,-0.0103,9.8066,0.0728,-0.0048,0.0246,-13.94,-37.87,-4.31,241.79,-81.84,-173.3
52.39072,-1.530842,156.21,18.11,4,30.85,18 / 20,4857810,2019-09-06 20:41:03:553,0.3313,-0.1321,10.2662,0.0145,0.0112,9.8066,-0.0576,0.0409,-0.0059,-14.06,-37,-4.12,241.99,-81.74,-173.36
52.39072,-1.530842,156.21,18.11,4,30.85,18 / 20,4857909,2019-09-06 20:41:03:652,0.0586,-0.2037,10.0215,0.0127,0.005,9.8066,-0.0826,-0.0169,0.0148,-14.25,-37.37,-4.62,239.39,-81.71,-173.1
52.39072,-1.530842,156.21,18.11,4,30.85,18 / 20,4858009,2019-09-06 20:41:03:752,-0.2753,-0.0768,10.0386,0.007,-0.001,9.8066,0.0803,0.0363,-0.014,-14.25,-37.25,-3.75,242.05,-81.68,-173.14
52.39072,-1.530842,156.21,18.11,4,30.85,18 / 20,4858109,2019-09-06 20:41:03:852,0.0863,-1.2692,9.8092,-0.0054,-0.0091,9.8066,-0.065,-0.0524,0.0574,-14.44,-37.25,-3.75,242.57,-81.7,-172.56
52.39072,-1.530842,156.21,18.11,4,30.85,18 / 20,4858210,2019-09-06 20:41:03:953,-0.7193,-0.7315,9.9162,-0.0071,-0.0031,9.8066,0.0293,0.0674,-0.0235,-14.56,-37.31,-3.81,244.44,-81.76,-172.76
52.39072,-1.530842,156.21,18.11,4,30.85,18 / 20,4858310,2019-09-06 20:41:04:053,0.1551,-0.2956,10.6176,-0.0331,-0.0237,9.8065,0.0384,-0.0003,0.0378,-14.31,-37.37,-3.5,245.69,-81.87,-172.81
52.39072,-1.530842,156.21,18.11,4,30.85,19 / 20,4858409,2019-09-06 20:41:04:152,-0.7816,-0.9464,10.1064,0.0174,0.016,9.8066,0.0438,0.0194,-0.0054,-14.37,-36.87,-3.81,242.25,-81.76,-173.1
52.39072,-1.530842,156.21,18.11,4,30.85,19 / 20,4858510,2019-09-06 20:41:04:253,1.3075,-0.0621,10.0512,-0.0088,-0.007,9.8066,-0.07,0.0389,-0.0239,-14.37,-37.12,-3.62,241.97,-81.71,-173.29
52.39072,-1.530842,156.21,18.11,4,30.85,19 / 20,4858610,2019-09-06 20:41:04:353,-0.583,-1.1659,9.8827,-0.0066,-0.0012,9.8066,-0.0148,0.011,0.039,-13.87,-36.81,-3.69,242.33,-81.82,-173.13
52.39072,-1.530842,156.21,18.11,4,30.85,19 / 20,4858710,2019-09-06 20:41:04:453,0.3315,0.1299,9.9841,-0.01,-0.0055,9.8066,0.1227,-0.0026,-0.0184,-15,-37.31,-3.94,244.41,-81.93,-173.17
52.39072,-1.530842,156.21,18.11,4,30.85,19 / 20,4858809,2019-09-06 20:41:04:552,-0.6554,-0.1267,9.8051,0.0137,0,9.8065,0.0556,-0.032,0.0511,-14.94,-37.06,-4,244.3,-81.84,-173.09
52.39072,-1.530842,156.21,18.11,4,30.85,19 / 20,4858910,2019-09-06 20:41:04:653,-0.1955,-0.0649,9.7945,-0.0183,-0.0063,9.8065,0.0689,0.0238,-0.0435,-14.31,-36.94,-4.06,242.39,-81.87,-173.18
52.39072,-1.530842,156.21,18.11,4,30.85,19 / 20,4859009,2019-09-06 20:41:04:752,-0.3939,-0.6516,9.9582,0.0131,0.0028,9.8066,-0.0025,-0.0001,0.0502,-14.19,-37.12,-4.5,242.58,-81.87,-172.96
52.39072,-1.530842,156.21,18.11,4,30.85,19 / 20,4859110,2019-09-06 20:41:04:853,-0.2243,0.3501,9.6179,-0.005,-0.0011,9.8066,0.0903,-0.0355,-0.004,-14.69,-37.06,-4.37,244.56,-81.84,-172.78
52.39072,-1.530842,156.21,18.11,4,30.85,19 / 20,4859209,2019-09-06 20:41:04:952,0.1896,-0.163,10.1434,0.0034,-0.006,9.8066,-0.0321,-0.0662,-0.0148,-13.69,-37.06,-3.69,242.65,-81.88,-172.9
52.39072,-1.530842,156.21,18.11,4,30.85,19 / 20,4859310,2019-09-06 20:41:05:053,-0.2099,-0.1409,10.007,0.0003,0.0043,9.8066,0.0596,0.0324,0.0069,-14.31,-37.44,-3.44,245.64,-81.89,-172.92
52.39072,-1.530842,156.21,18.11,4,30.85,19 / 20,4859409,2019-09-06 20:41:05:152,0.7858,0.2305,9.6298,-0.0011,0.0016,9.8066,-0.0408,-0.0055,0.0117,-14.37,-36.94,-3.87,242.88,-81.87,-172.61
52.39072,-1.530842,156.21,18.11,4,30.85,19 / 20,4859510,2019-09-06 20:41:05:253,-1.1335,-1.0838,10.3014,-0.0004,-0.0132,9.8066,-0.0199,-0.005,0.0316,-15.19,-37.25,-4.12,244.91,-81.87,-172.44
52.39072,-1.530842,156.21,18.11,4,30.85,19 / 20,4859609,2019-09-06 20:41:05:352,-0.5222,-0.5159,10.3183,-0.0266,-0.0106,9.8066,0.0998,-0.0514,-0.0338,-14.44,-36.5,-3.62,243.57,-81.78,-172.1
52.39072,-1.530842,156.21,18.11,4,30.85,19 / 20,4859709,2019-09-06 20:41:05:452,0.503,-0.2133,10.1823,-0.0121,-0.0055,9.8066,0.0098,-0.0012,-0.0177,-15.31,-36.44,-3.81,245.44,-81.85,-172.31
52.39072,-1.530842,156.21,18.11,4,30.85,19 / 20,4859809,2019-09-06 20:41:05:552,-0.0467,-0.0895,10.0671,-0.007,-0.0022,9.8066,0.0019,-0.0017,0.0367,-14.69,-37.31,-4.12,245.09,-81.8,-172.1
52.39072,-1.530842,156.21,18.11,4,30.85,19 / 20,4859909,2019-09-06 20:41:05:652,-0.345,-0.1914,9.7894,-0.0112,-0.0102,9.8066,-0.0207,-0.0299,0.0241,-14.62,-37.25,-3.37,248.1,-81.79,-171.92
52.39072,-1.530842,156.21,18.11,4,30.85,19 / 20,4860009,2019-09-06 20:41:05:752,-0.6395,0.7147,9.389,-0.0017,-0.0055,9.8066,0.0039,-0.0603,0.0441,-14.25,-37.25,-3.62,243.33,-81.75,-171.78
52.39072,-1.530842,156.21,18.11,4,30.85,19 / 20,4860110,2019-09-06 20:41:05:853,-0.443,-0.3654,9.7643,-0.0127,-0.01,9.8066,-0.0647,-0.006,0.0182,-14.19,-37.12,-3.12,246.81,-81.71,-171.11
52.39072,-1.530842,156.21,18.11,4,30.85,19 / 20,4860209,2019-09-06 20:41:05:952,-1.1307,-0.1248,9.2807,-0.0006,-0.0077,9.8066,0.0828,-0.0156,0.0284,-14.94,-36.94,-3.75,245.95,-81.72,-170.91
52.39072,-1.530842,156.21,18.11,4,30.85,19 / 20,4860310,2019-09-06 20:41:06:053,0.1893,0.1993,9.6784,-0.0032,-0.0062,9.8066,0.0462,-0.0476,0.0438,-15.19,-36.94,-3.81,246.61,-81.77,-170.26
52.39072,-1.530842,156.21,18.11,4,30.85,19 / 20,4860410,2019-09-06 20:41:06:153,-1.0268,-0.1262,9.7707,0.0065,0.0046,9.8066,0.0291,-0.0301,-0.0379,-15.12,-37.06,-3.44,249.36,-81.72,-170.32
52.39072,-1.530842,156.21,18.11,4,30.85,19 / 20,4860509,2019-09-06 20:41:06:252,-0.3272,-0.3665,9.8986,0.0069,-0.0048,9.8066,-0.0174,0.0351,0.0062,-15.06,-37.5,-3.44,249.62,-81.71,-170.01
52.39072,-1.530842,156.21,18.11,4,30.85,19 / 20,4860610,2019-09-06 20:41:06:353,-0.5197,-1.2867,10.116,0.0126,0.0123,9.8066,-0.007,0.01,-0.0122,-14.75,-37.19,-3.94,246.99,-81.68,-169.61
52.39072,-1.530842,156.21,18.11,4,30.85,19 / 20,4860710,2019-09-06 20:41:06:453,-0.8128,-0.3141,9.6131,-0.0059,-0.0003,9.8066,-0.0672,-0.0046,-0.0358,-14.87,-37.37,-3.25,249.81,-81.81,-170.02
52.39072,-1.530842,156.21,18.11,4,30.85,19 / 20,4860810,2019-09-06 20:41:06:553,-0.9266,-0.1745,9.649,0.0088,-0.0025,9.8066,-0.0478,0.0096,0.0489,-15,-36.75,-3.44,250.3,-81.85,-169.57
52.39072,-1.530842,156.21,18.11,4,30.85,19 / 20,4860909,2019-09-06 20:41:06:652,-0.5151,-0.593,10.0935,0.0171,-0.0002,9.8066,-0.0662,-0.0019,0.0172,-15.37,-36.31,-4,248.38,-81.8,-168.83
52.39072,-1.530842,156.21,18.11,4,30.85,19 / 20,4861009,2019-09-06 20:41:06:752,-0.2944,-0.2297,9.5118,0.0175,-0.0052,9.8065,0.0219,-0.0239,0.0408,-14.56,-36.5,-4.12,249.52,-81.78,-167.48
52.39072,-1.530842,156.21,18.11,4,30.85,19 / 20,4861110,2019-09-06 20:41:06:853,0.1292,-0.2208,10.0106,0.0059,0.0012,9.8066,0.0681,-0.0114,-0.0511,-15.62,-36.81,-3.69,251.16,-81.81,-167.22
52.39072,-1.530842,156.21,18.11,4,30.85,19 / 20,4861210,2019-09-06 20:41:06:953,0.8294,0.0279,10.1489,0.0045,0.0004,9.8066,-0.0084,0.0433,-0.0098,-15.56,-36.56,-3.62,251.16,-81.9,-167.41
52.39072,-1.530842,156.21,18.11,4,30.85,19 / 20,4861309,2019-09-06 20:41:07:052,0.1534,-0.3149,10.2822,-0.0051,0.0009,9.8066,0.0071,-0.0319,0.011,-15.12,-37,-3.81,249.16,-81.91,-167.66
52.39072,-1.530842,156.21,18.11,4,30.85,19 / 20,4861409,2019-09-06 20:41:07:152,0.4661,-0.5108,10.0415,-0.0155,-0.0159,9.8066,-0.0942,0.025,-0.0074,-14.56,-36.81,-3.62,249.02,-81.9,-167.81
52.39072,-1.530842,156.21,18.11,4,30.85,19 / 20,4861510,2019-09-06 20:41:07:253,0.4552,-0.007,9.7041,0.0397,0.0239,9.8065,-0.0616,-0.0311,0.0241,-14.94,-36.37,-4.19,249.78,-82.05,-167.81
52.39072,-1.530842,156.21,18.11,4,30.85,19 / 20,4861609,2019-09-06 20:41:07:352,-0.9814,-1.1855,9.4159,0.0184,0.0126,9.8066,0.0277,-0.0315,0.0179,-15,-36.69,-4.12,249.11,-81.89,-167.67
52.39072,-1.530842,156.21,18.11,4,30.85,19 / 20,4861709,2019-09-06 20:41:07:452,0.2875,-0.1082,9.4699,-0.0097,-0.0166,9.8066,0.0214,-0.0115,-0.0165,-15.31,-36.94,-4.06,250.49,-82.13,-166.68
52.39072,-1.530842,156.21,18.11,4,30.85,19 / 20,4861809,2019-09-06 20:41:07:552,-0.8593,-0.6391,9.3976,-0.0056,-0.0006,9.8066,0.1131,-0.0133,0.0569,-15.25,-36.56,-3.81,250.59,-82.12,-166.56
52.39072,-1.530842,156.21,18.11,4,30.85,19 / 20,4861909,2019-09-06 20:41:07:652,-0.6116,-0.2162,9.3299,-0.014,-0.007,9.8066,0.018,-0.0086,-0.0056,-15.06,-37,-4.19,250.57,-82.16,-166.67
52.39072,-1.530842,156.21,18.11,4,30.85,19 / 20,4862010,2019-09-06 20:41:07:753,-0.4668,-1.0548,10.1469,0.0109,0.0107,9.8066,-0.0039,0.0091,-0.0383,-14.69,-37.31,-3.56,250.49,-82.24,-166.94
52.39072,-1.530842,156.21,18.11,4,30.85,19 / 20,4862109,2019-09-06 20:41:07:852,-0.0794,-0.2426,9.5052,-0.008,0.0109,9.8066,-0.0206,-0.0126,0.014,-15.25,-36.87,-4.12,250.01,-82.24,-167.48
52.39072,-1.530842,156.21,18.11,4,30.85,19 / 20,4862210,2019-09-06 20:41:07:953,-0.5801,0.1067,9.5998,0.0047,0.0059,9.8065,0.0556,-0.0638,-0.0148,-14.87,-36.87,-3.5,252.29,-82.29,-168.39
52.39072,-1.530842,156.21,18.11,4,30.85,19 / 20,4862310,2019-09-06 20:41:08:053,-0.4189,0.3417,9.6756,-0.0069,0.0064,9.8065,-0.0312,-0.0005,-0.0479,-15.31,-37.12,-3.75,248.71,-82.39,-169.29
52.39072,-1.530842,156.21,18.11,4,30.85,19 / 20,4862409,2019-09-06 20:41:08:152,-0.7254,0.0916,9.6585,0.0017,0.0072,9.8066,0.03,-0.0154,0.0237,-14.94,-36.75,-3.69,248.27,-82.4,-169.82
52.39072,-1.530842,156.21,18.11,4,30.85,19 / 20,4862509,2019-09-06 20:41:08:252,-0.4089,0.3746,9.508,-0.0141,-0.006,9.8065,0.0116,0.015,-0.0413,-15.44,-37.37,-3.81,247.64,-82.39,-170.5
52.39072,-1.530842,156.21,18.11,4,30.85,19 / 20,4862610,2019-09-06 20:41:08:353,-0.0749,0.1659,9.9377,-0.0164,-0.0036,9.8065,-0.0368,0.0186,0.0233,-15.25,-36.75,-4.37,247.59,-82.52,-170.85
52.39072,-1.530842,156.21,18.11,4,30.85,19 / 20,4862709,2019-09-06 20:41:08:452,-0.395,0.0993,9.6921,0.011,0.0074,9.8066,-0.085,0.0842,-0.0133,-15.37,-37.5,-3.75,247.2,-82.47,-171.19
52.39072,-1.530842,156.21,18.11,4,30.85,19 / 20,4862809,2019-09-06 20:41:08:552,-0.3039,-0.4592,10.1117,0.0155,0.0058,9.8066,0.0134,-0.0387,-0.0146,-15.44,-37.31,-4.12,247.2,-82.52,-171.3
52.39072,-1.530842,156.21,18.11,4,30.85,19 / 20,4862910,2019-09-06 20:41:08:653,-0.352,0.3583,9.3479,0.0072,0.0006,9.8065,-0.0008,0.0166,-0.0259,-15,-36.56,-4.25,248,-82.55,-170.47
52.39072,-1.530842,156.21,18.11,4,30.85,19 / 20,4863010,2019-09-06 20:41:08:753,-0.2673,-0.4539,9.4249,0.0072,0.0021,9.8066,-0.0334,0.0686,0.0081,-15.06,-37,-4.19,247.99,-82.6,-170.59
52.39072,-1.530842,156.21,18.11,4,30.85,19 / 20,4863110,2019-09-06 20:41:08:853,-0.2391,-0.2734,9.5807,-0.0133,-0.0078,9.8066,-0.0137,-0.03,0.0496,-15.12,-37.56,-4.31,248.15,-82.69,-170.15
52.39072,-1.530842,156.21,18.11,4,30.85,19 / 20,4863210,2019-09-06 20:41:08:953,-0.4966,-1.3947,10.2276,-0.0132,-0.0169,9.8066,0.033,0.0245,-0.058,-15,-37.06,-3.81,249.51,-82.86,-169.48
52.39072,-1.530842,156.21,18.11,4,30.85,19 / 20,4863310,2019-09-06 20:41:09:053,-0.3179,-0.5156,10.1061,-0.0149,-0.0084,9.8065,0.0693,-0.0355,0.0179,-15.37,-37,-4.06,249.3,-82.91,-169.83
52.39072,-1.530842,156.21,18.11,4,30.85,18 / 19,4863409,2019-09-06 20:41:09:152,-0.8073,-0.3846,10.4973,0.0049,-0.0054,9.8066,-0.054,-0.0379,0.0539,-15.12,-36.75,-4,249.05,-82.86,-169.99
52.39072,-1.530842,156.21,18.11,4,30.85,18 / 19,4863510,2019-09-06 20:41:09:253,-0.0659,0.4214,9.3377,-0.0148,0.0058,9.8066,-0.0026,0.012,-0.0364,-15.19,-36.69,-4.5,248.87,-82.84,-170.14
52.39072,-1.530842,156.21,18.11,4,30.85,18 / 19,4863609,2019-09-06 20:41:09:352,-0.6431,-0.0579,9.7031,-0.0073,-0.0062,9.8066,0.0767,-0.0455,-0.0078,-14.69,-37.37,-4.06,249.28,-82.93,-169.91
52.39072,-1.530842,156.21,18.11,4,30.85,18 / 19,4863709,2019-09-06 20:41:09:452,0.0348,-0.2729,9.6828,-0.0145,0.0016,9.8066,0.0405,-0.0057,-0.0057,-14.87,-36.75,-4.31,248.7,-82.97,-170.63
52.39072,-1.530842,156.21,18.11,4,30.85,18 / 19,4863810,2019-09-06 20:41:09:553,-0.5261,0.0204,9.9228,-0.0027,0.0106,9.8066,0.0149,0.0061,-0.0007,-14.94,-36.56,-4.12,248.31,-82.96,-171.04
52.39072,-1.530842,156.21,18.11,4,30.85,18 / 19,4863909,2019-09-06 20:41:09:652,0.187,0.2185,9.4682,-0.0008,-0.0018,9.8066,-0.0345,-0.0602,0.0165,-14.69,-36.81,-4.12,248.28,-82.95,-171.07
52.39072,-1.530842,156.21,18.11,4,30.85,18 / 19,4864009,2019-09-06 20:41:09:752,-0.6306,0.39,9.3406,-0.0214,-0.0109,9.8066,-0.0305,0.0046,0.0185,-14.62,-36.87,-3.81,248.2,-83.03,-171.34
52.39072,-1.530842,156.21,18.11,4,30.85,18 / 19,4864110,2019-09-06 20:41:09:853,0.3356,0.4869,9.0104,-0.0049,0.0004,9.8066,-0.0391,0.0303,0.007,-14.62,-36.19,-4.5,249.4,-83.22,-170.87
52.39072,-1.530842,156.21,18.11,4,30.85,18 / 19,4864210,2019-09-06 20:41:09:953,-0.1633,-0.0998,9.7658,-0.009,0.0068,9.8066,-0.0022,0.006,-0.0502,-15.12,-37.56,-4.5,247.73,-83.44,-172.39
52.39072,-1.530842,156.21,18.11,4,30.85,18 / 19,4864310,2019-09-06 20:41:10:053,-0.1042,-0.1497,10.003,0.0066,0.0087,9.8066,0.0104,0.0205,-0.0083,-14.31,-36.94,-4.69,242.84,-83.42,-172.88
52.39072,-1.530842,156.21,18.11,4,30.85,18 / 19,4864409,2019-09-06 20:41:10:152,-0.3156,0.1691,10.3491,0.0087,0.0025,9.8066,0.0252,-0.0161,-0.016,-14.5,-37,-4.12,245.03,-83.34,-173.59
52.39072,-1.530842,156.21,18.11,4,30.85,18 / 19,4864510,2019-09-06 20:41:10:253,-0.4123,-0.9524,10.2305,0.0059,-0.0066,9.8066,-0.0514,-0.0133,0.0269,-14.19,-36.81,-4.87,242.14,-83.31,-173.44
52.39072,-1.530842,156.21,18.11,4,30.85,18 / 19,4864609,2019-09-06 20:41:10:352,0.1138,-0.6669,9.9582,-0.0073,-0.0075,9.8066,0.0104,0.0298,-0.0327,-14.25,-37.06,-4.37,245.54,-83.28,-172.86
52.39072,-1.530842,156.21,18.11,4,30.85,18 / 19,4864710,2019-09-06 20:41:10:453,-0.3041,-0.3181,9.6271,-0.0133,-0.0193,9.8066,-0.0332,-0.0106,0.0084,-14.94,-37.25,-4.44,248.28,-83.41,-172.11
52.39072,-1.530842,156.21,18.11,4,30.85,18 / 19,4864810,2019-09-06 20:41:10:553,-0.1574,-0.5008,9.5179,0.0213,0.0032,9.8066,-0.004,-0.0137,0.0216,-14.69,-37.06,-4.31,249.13,-83.39,-171.12
52.39072,-1.530842,156.21,18.11,4,30.85,18 / 19,4864909,2019-09-06 20:41:10:652,-0.2733,-0.6975,9.5531,-0.0031,0.003,9.8066,-0.0151,0.0234,-0.0267,-14.87,-36.62,-5,246.85,-83.55,-170.78
52.39072,-1.530842,156.21,18.11,4,30.85,18 / 19,4865009,2019-09-06 20:41:10:752,0.0784,0.6607,10.1919,-0.0135,-0.0189,9.8066,0.0648,-0.0258,0.0655,-14.56,-37.19,-4.19,251.12,-83.64,-169.51
52.39072,-1.530842,156.21,18.11,4,30.85,18 / 19,4865110,2019-09-06 20:41:10:853,0.374,0.1939,10.5385,-0.0206,-0.0109,9.8066,-0.0479,-0.0511,-0.0235,-14.56,-36.94,-4.56,247.81,-83.6,-169.82
52.39072,-1.530842,156.21,18.11,4,30.85,18 / 19,4865210,2019-09-06 20:41:10:953,0.4457,-0.4687,9.9249,-0.0133,-0.0049,9.8065,-0.0367,0.0315,0.0031,-14.56,-37,-4.31,250.87,-83.5,-169.45
52.39072,-1.530842,156.21,18.11,4,30.85,18 / 19,4865310,2019-09-06 20:41:11:053,0.0198,0.3842,9.8897,-0.0129,-0.0051,9.8066,-0.0902,-0.0274,0.0355,-14.56,-36.87,-4.37,251.53,-83.62,-169.02
52.391945,-1.529687,156.55,16.92,4,30.16,19 / 20,4865410,2019-09-06 20:41:11:153,-0.2792,-0.1409,9.2606,-0.0142,-0.0042,9.8065,0.1406,-0.057,0.0177,-14.37,-37.12,-4.37,249.88,-83.76,-169.18
52.391945,-1.529687,156.55,16.92,4,30.16,19 / 20,4865509,2019-09-06 20:41:11:252,0.2692,0.5357,9.4333,0.0004,-0.0004,9.8066,0.1611,-0.0053,-0.0035,-14.62,-36.87,-4.75,248.88,-83.72,-168.91
52.391945,-1.529687,156.55,16.92,4,30.16,19 / 20,4865610,2019-09-06 20:41:11:353,0.5274,0.5379,10.0519,0.0009,-0.0027,9.8066,-0.0595,-0.0263,0.0131,-14.69,-37.12,-4.94,248.92,-83.78,-169.01
52.391945,-1.529687,156.55,16.92,4,30.16,19 / 20,4865709,2019-09-06 20:41:11:452,-0.207,0.5714,9.6079,0.0093,0.0061,9.8066,-0.0677,0.0068,-0.0161,-14.37,-36.81,-4.56,246.62,-83.75,-169.37
52.391945,-1.529687,156.55,16.92,4,30.16,19 / 20,4865810,2019-09-06 20:41:11:553,0.2621,-0.2864,9.7482,-0.0063,-0.004,9.8066,0.0207,0.0474,-0.0141,-14.5,-36.94,-4.62,246.83,-83.71,-169.04
52.391945,-1.529687,156.55,16.92,4,30.16,19 / 20,4865910,2019-09-06 20:41:11:653,-0.1357,-0.7516,10.567,0.0034,-0.0086,9.8066,0.0413,0.0468,0.0204,-14.87,-37.06,-4.5,252.31,-83.71,-168.36
52.391945,-1.529687,156.55,16.92,4,30.16,19 / 20,4866010,2019-09-06 20:41:11:753,1.3765,1.0062,8.9094,0.0094,0.0112,9.8066,-0.1274,-0.0332,0.0136,-13.94,-37,-4.56,246.97,-83.73,-168.93
52.391945,-1.529687,156.55,16.92,4,30.16,19 / 20,4866110,2019-09-06 20:41:11:853,-0.1967,0.2237,10.3406,0.0273,0.0269,9.8065,-0.1243,0.0224,-0.072,-14.62,-36.56,-3.87,251.05,-83.61,-169.52
52.391945,-1.529687,156.55,16.92,4,30.16,19 / 20,4866210,2019-09-06 20:41:11:953,-1.6628,-1.1547,9.692,-0.0075,-0.0146,9.8066,0.0838,0.0347,0.0797,-15.12,-36.75,-4.37,252.34,-83.77,-168.47
52.391945,-1.529687,156.55,16.92,4,30.16,19 / 20,4866309,2019-09-06 20:41:12:052,-0.5991,-1.1713,10.331,-0.0018,-0.0056,9.8066,-0.0938,-0.0327,0.0441,-15.06,-36.25,-4.69,249.93,-83.73,-168.17
52.391945,-1.529687,156.55,16.92,4,30.16,19 / 20,4866410,2019-09-06 20:41:12:153,0.8999,0.6263,10.438,-0.0363,-0.0337,9.8065,0.0763,-0.0014,0.009,-14.81,-36.19,-4.25,253.15,-83.69,-167.81
52.391945,-1.529687,156.55,16.92,4,30.16,19 / 20,4866509,2019-09-06 20:41:12:252,-0.1341,-0.1385,10.5834,-0.0317,-0.0334,9.8064,0.1789,0.0158,0.0733,-14.94,-37.06,-5.06,252.16,-83.81,-165.53
52.391945,-1.529687,156.55,16.92,4,30.16,19 / 20,4866610,2019-09-06 20:41:12:353,-0.4717,-0.2504,9.8117,0.0212,0.0147,9.8066,-0.0591,0.0232,-0.0464,-14.94,-36.25,-4.5,254.98,-83.52,-165.45
52.391945,-1.529687,156.55,16.92,4,30.16,19 / 20,4866710,2019-09-06 20:41:12:453,0.7522,-0.1451,9.5381,-0.0051,-0.0094,9.8066,-0.032,-0.0015,0.0128,-15.25,-37,-4.37,254.71,-83.57,-165.44
52.391945,-1.529687,156.55,16.92,4,30.16,19 / 20,4866810,2019-09-06 20:41:12:553,-0.2754,0.5613,9.4723,-0.0159,0.0119,9.8065,-0.0169,-0.0251,-0.0114,-14.94,-37.19,-4.94,251.24,-83.69,-166.26
52.391945,-1.529687,156.55,16.92,4,30.16,19 / 20,4866910,2019-09-06 20:41:12:653,-0.6261,-0.0162,9.3884,0.0139,0.007,9.8066,-0.0304,0.0153,0.0066,-15.31,-37.31,-4.75,251.19,-83.71,-166.37
52.391945,-1.529687,156.55,16.92,4,30.16,19 / 20,4867009,2019-09-06 20:41:12:752,-0.5287,-0.2342,9.2523,-0.0293,-0.0164,9.8065,0.0903,0.0196,0.0132,-15.56,-37.19,-4.81,253.07,-83.71,-166.21
52.391945,-1.529687,156.55,16.92,4,30.16,19 / 20,4867110,2019-09-06 20:41:12:853,0.3302,0.4784,9.8294,-0.0159,-0.0191,9.8066,0.0522,0.0231,0.0252,-15,-36.81,-4.12,255.81,-83.91,-165.06
52.391945,-1.529687,156.55,16.92,4,30.16,19 / 20,4867210,2019-09-06 20:41:12:953,-0.313,-0.0209,10.0115,0.0155,0.0047,9.8065,-0.0192,-0.0162,0.0148,-15.12,-37,-4.75,253.1,-83.84,-164.59
52.391945,-1.529687,156.55,16.92,4,30.16,19 / 20,4867310,2019-09-06 20:41:13:053,-0.0109,0.2641,9.7973,0.0117,-0.0022,9.8066,-0.0012,0.03,-0.0226,-14.94,-36.25,-4.81,254.04,-83.82,-163.91
52.391945,-1.529687,156.55,16.92,4,30.16,19 / 20,4867409,2019-09-06 20:41:13:152,-0.6907,-0.3961,10.0036,0.0025,-0.0068,9.8066,0.037,-0.0367,0.0239,-15.06,-36.87,-4.25,257.56,-83.8,-162.95
52.391945,-1.529687,156.55,16.92,4,30.16,19 / 20,4867510,2019-09-06 20:41:13:253,0.4238,0.4052,9.5578,0.0189,0.0031,9.8065,0.0444,-0.0075,0.0047,-15.5,-36.56,-4.37,257.86,-83.79,-162.59
52.391945,-1.529687,156.55,16.92,4,30.16,19 / 20,4867609,2019-09-06 20:41:13:352,0.0441,-0.8108,9.7941,0.0291,0.0137,9.8066,-0.0594,0.0349,-0.0227,-15.44,-37.31,-4.56,255.44,-83.83,-162.04
52.391945,-1.529687,156.55,16.92,4,30.16,19 / 20,4867710,2019-09-06 20:41:13:453,0.0151,0.8717,9.9424,-0.0207,-0.0084,9.8066,-0.0746,-0.0296,0.0132,-15.44,-36.87,-4.81,255.13,-83.73,-162.14
52.391945,-1.529687,156.55,16.92,4,30.16,19 / 20,4867809,2019-09-06 20:41:13:552,0.5227,-0.1205,10.408,-0.0137,-0.0151,9.8066,0.1118,-0.0417,0.0324,-15.12,-36.87,-4.81,255.51,-83.88,-162.07
52.391945,-1.529687,156.55,16.92,4,30.16,19 / 20,4867910,2019-09-06 20:41:13:653,0.0041,0.4515,9.5818,0.0222,0.0212,9.8066,0.2262,-0.0223,-0.0383,-15.12,-36.5,-4.81,256.07,-83.97,-162.08
52.391945,-1.529687,156.55,16.92,4,30.16,19 / 20,4868010,2019-09-06 20:41:13:753,1.071,1.127,9.8993,0.0048,0.0007,9.8066,-0.0825,-0.0351,0.0151,-15,-36.75,-4.94,255.39,-83.98,-162.44
52.391945,-1.529687,156.55,16.92,4,30.16,19 / 20,4868109,2019-09-06 20:41:13:852,-0.0914,0.9247,10.0116,0.0031,0.004,9.8066,-0.1144,0.0589,-0.0221,-15.12,-36.56,-4.69,255.48,-83.98,-162.34
52.391945,-1.529687,156.55,16.92,4,30.16,19 / 20,4868209,2019-09-06 20:41:13:952,0.2584,0.3742,9.6314,-0.0151,-0.0012,9.8066,0.0268,-0.0131,0.0012,-14.94,-36.25,-4.81,256.2,-84,-162.01
52.391945,-1.529687,156.55,16.92,4,30.16,19 / 20,4868310,2019-09-06 20:41:14:053,-0.2791,0.1088,9.5215,-0.0143,-0.0048,9.8066,-0.004,-0.0183,-0.0058,-15.12,-36.87,-4.56,255.67,-84.12,-162.47
52.391945,-1.529687,156.55,16.92,4,30.16,19 / 20,4868409,2019-09-06 20:41:14:152,-1.4647,-0.4507,9.5686,0.006,0.0117,9.8066,-0.0043,-0.0193,-0.0289,-15.19,-36.81,-4.87,255.12,-84.11,-163.04
52.391945,-1.529687,156.55,16.92,4,30.16,19 / 20,4868509,2019-09-06 20:41:14:252,-0.5265,-0.582,9.6813,0.0226,0.021,9.8066,-0.0469,0.0028,-0.0441,-15.12,-36.25,-5.31,254.63,-84.13,-163.98
52.391945,-1.529687,156.55,16.92,4,30.16,19 / 20,4868610,2019-09-06 20:41:14:353,0.0764,-0.6828,9.7686,-0.018,-0.0045,9.8065,0.0528,0.0296,-0.0622,-14.87,-36.87,-4.75,253.52,-84.32,-165.23
52.391945,-1.529687,156.55,16.92,4,30.16,19 / 20,4868709,2019-09-06 20:41:14:452,-0.2318,0.0941,9.8941,-0.0156,-0.0101,9.8066,0.0536,0.0202,0.0173,-14.94,-36.5,-4.75,253.27,-84.35,-165.92
52.391945,-1.529687,156.55,16.92,4,30.16,19 / 20,4868809,2019-09-06 20:41:14:552,0.2676,-0.6429,10.1852,0.0271,0.0293,9.8065,-0.0665,0.0252,-0.0543,-14.56,-36.62,-5.12,252.47,-84.39,-166.52
52.391945,-1.529687,156.55,16.92,4,30.16,19 / 20,4868909,2019-09-06 20:41:14:652,-0.0993,-0.1711,9.7017,0.007,0.0097,9.8066,-0.0983,-0.0319,-0.0172,-14.56,-37,-4.69,250.66,-84.3,-168.28
52.391945,-1.529687,156.55,16.92,4,30.16,19 / 20,4869009,2019-09-06 20:41:14:752,-0.1544,-0.0561,9.9987,-0.0018,-0.0026,9.8066,-0.0463,-0.0068,0.0241,-14.81,-37.12,-4.56,250.61,-84.27,-168.26
52.391945,-1.529687,156.55,16.92,4,30.16,19 / 20,4869109,2019-09-06 20:41:14:852,-1.0806,-0.1647,10.0458,-0.004,0.0079,9.8066,0.0031,0.0231,-0.037,-15.06,-36.62,-4.62,250.26,-84.28,-168.65
52.391945,-1.529687,156.55,16.92,4,30.16,19 / 20,4869210,2019-09-06 20:41:14:953,-1.3349,-1.0485,10.0602,-0.0146,-0.0073,9.8066,0.062,0.029,0.0071,-15.25,-36.31,-4.75,251.11,-84.3,-168.13
52.391945,-1.529687,156.55,16.92,4,30.16,19 / 20,4869310,2019-09-06 20:41:15:053,0.4377,0.3169,10.0773,-0.0202,-0.0177,9.8066,0.0207,-0.032,0.0458,-15.19,-36.31,-5,251.22,-84.27,-167.96
52.391945,-1.529687,156.55,16.92,4,30.16,19 / 20,4869410,2019-09-06 20:41:15:153,-0.8341,-1.137,9.8837,0.0119,0.0102,9.8066,-0.0022,0.0244,-0.0371,-15.25,-35.56,-4.94,251.5,-84.19,-167.47
52.391945,-1.529687,156.55,16.92,4,30.16,19 / 20,4869509,2019-09-06 20:41:15:252,-0.9666,-1.0504,9.9085,0.0241,0.0079,9.8066,-0.0163,-0.0127,0.0041,-15.37,-35.81,-5.06,251.53,-84.1,-167.24
52.391945,-1.529687,156.55,16.92,4,30.16,19 / 20,4869610,2019-09-06 20:41:15:353,-0.349,0.2601,9.9363,-0.0262,-0.0041,9.8065,0.0245,-0.0049,-0.068,-15.25,-36.37,-4.75,250.68,-84.17,-168.3
52.391945,-1.529687,156.55,16.92,4,30.16,19 / 20,4869709,2019-09-06 20:41:15:452,-0.1403,-0.2505,9.8101,-0.0145,-0.0033,9.8066,0.0618,0.0019,-0.0272,-14.75,-36.44,-4.87,249.26,-84.13,-169.76
52.391945,-1.529687,156.55,16.92,4,30.16,19 / 20,4869810,2019-09-06 20:41:15:553,1.9947,0.3346,10.3623,0.0123,0.0215,9.8065,-0.1369,0.0549,-0.0583,-15.12,-36.75,-5.19,247.55,-84.09,-171.2
52.391945,-1.529687,156.55,16.92,4,30.16,19 / 20,4869910,2019-09-06 20:41:15:653,0.4894,-0.0126,9.486,-0.0014,0.0118,9.8065,-0.0786,-0.0157,-0.0074,-14.19,-36.56,-5.25,244.72,-84.21,-172.56
52.391945,-1.529687,156.55,16.92,4,30.16,19 / 20,4870009,2019-09-06 20:41:15:752,-0.2676,-0.483,9.7306,-0.0061,0.0036,9.8066,0.0779,0.0119,-0.0151,-14.75,-36.5,-4.94,246.29,-84.28,-173.34
52.391945,-1.529687,156.55,16.92,4,30.16,19 / 20,4870110,2019-09-06 20:41:15:853,-0.5338,-0.2181,9.8116,-0.0015,0.0064,9.8066,0.0194,-0.0601,-0.0002,-13.75,-36.31,-4.75,243.74,-84.32,-174.26
52.391945,-1.529687,156.55,16.92,4,30.16,19 / 20,4870210,2019-09-06 20:41:15:953,-0.1955,0.7504,10.2438,-0.001,0.008,9.8066,0.0437,-0.0153,-0.0089,-14.06,-36.69,-4.87,241.8,-84.22,-175.85
52.391945,-1.529687,156.55,16.92,4,30.16,19 / 20,4870309,2019-09-06 20:41:16:052,-0.1584,1.0267,10.2121,0.0129,0.0033,9.8065,0.0141,0.019,0.0109,-13.94,-37.44,-4.94,241.72,-83.99,-175.44
52.391945,-1.529687,156.55,16.92,4,30.16,19 / 20,4870409,2019-09-06 20:41:16:152,-1.4884,2.1387,10.5417,-0.1128,-0.0811,9.8056,0.4937,-0.1964,0.1444,-13.75,-37.56,-5.12,240.33,-83.59,-175.75
52.391945,-1.529687,156.55,16.92,4,30.16,19 / 20,4870510,2019-09-06 20:41:16:253,2.8199,1.5126,11.6567,-0.1609,-0.0814,9.8049,0.4086,-0.0958,-0.0957,-14,-36.87,-4.12,244.42,-84.33,-176.6
52.391945,-1.529687,156.55,16.92,4,30.16,19 / 20,4870609,2019-09-06 20:41:16:352,0.287,-0.2971,9.9198,0.1025,0.0665,9.8058,-0.4237,0.0562,0.0556,-14,-38.06,-4.44,240.77,-83.74,-178.98
52.391945,-1.529687,156.55,16.92,4,30.16,19 / 20,4870709,2019-09-06 20:41:16:452,0.8981,0.397,10.8528,0.0051,0.0393,9.8066,-0.1264,-0.0036,-0.0813,-13.31,-37.19,-4.44,237.31,-84,178.18
52.391945,-1.529687,156.55,16.92,4,30.16,19 / 20,4870810,2019-09-06 20:41:16:553,0.0551,0.5065,9.9235,0.1101,0.0774,9.8057,-0.0961,-0.0248,0,-13.37,-37,-4.25,233.77,-83.42,175.31
52.391945,-1.529687,156.55,16.92,4,30.16,19 / 20,4870910,2019-09-06 20:41:16:653,-0.087,-1.0833,9.6917,0.0703,0.063,9.8062,-0.1225,-0.0742,0.0523,-12.94,-37.37,-4.37,233,-83.41,174.41
52.391945,-1.529687,156.55,16.92,4,30.16,19 / 20,4871010,2019-09-06 20:41:16:753,-0.4494,-0.7873,10.2452,-0.0602,-0.0254,9.8064,0.1486,0.0194,-0.0615,-13.44,-37.25,-4.37,231.93,-83.46,173.02
52.391945,-1.529687,156.55,16.92,4,30.16,19 / 20,4871110,2019-09-06 20:41:16:853,1.0362,0.1776,8.9222,0.0094,0.0059,9.8066,0.0108,0.0025,0.0044,-13.31,-37.5,-4.5,231.62,-84.01,171.47
52.391945,-1.529687,156.55,16.92,4,30.16,19 / 20,4871209,2019-09-06 20:41:16:952,-0.1879,0.0545,8.9096,-0.0204,-0.0016,9.8065,-0.1645,-0.0613,0.0435,-13.12,-37.31,-4,231.41,-84.32,170.57
52.391945,-1.529687,156.55,16.92,4,30.16,19 / 20,4871310,2019-09-06 20:41:17:053,-0.4017,0.1253,9.5697,-0.0066,0.0015,9.8066,-0.0974,0.0541,-0.0433,-13.37,-36.75,-4.94,228.17,-84.6,169.83
52.391945,-1.529687,156.55,16.92,4,30.16,19 / 20,4871410,2019-09-06 20:41:17:153,-0.7983,-1.1943,9.6187,0.0185,-0.002,9.8066,0.1167,-0.0093,0.0259,-13.69,-37.12,-5,231.32,-84.62,171.38
52.391945,-1.529687,156.55,16.92,4,30.16,19 / 20,4871509,2019-09-06 20:41:17:252,1.313,-0.4542,10.907,0.0341,0.0027,9.8065,0.1403,-0.0499,0.0553,-14.25,-37.37,-4.31,235.12,-84.42,172.67
52.391945,-1.529687,156.55,16.92,4,30.16,19 / 20,4871610,2019-09-06 20:41:17:353,0.4896,-0.9692,11.1679,0.0201,0.0183,9.8066,-0.0593,-0.0066,-0.0571,-14.5,-37.31,-4.37,235.9,-84.3,173.81
52.391945,-1.529687,156.55,16.92,4,30.16,19 / 20,4871710,2019-09-06 20:41:17:453,0.4378,-0.6502,9.8587,-0.0155,-0.0002,9.8065,-0.0142,0.0052,-0.0279,-13.81,-37.37,-3.75,234.77,-84.21,172.71
52.391945,-1.529687,156.55,16.92,4,30.16,19 / 20,4871810,2019-09-06 20:41:17:553,0.2394,0.4244,8.9928,-0.0288,-0.0043,9.8066,-0.0444,-0.0651,0.0095,-13.75,-37,-4.06,234.21,-84.36,171.75
52.391945,-1.529687,156.55,16.92,4,30.16,19 / 20,4871909,2019-09-06 20:41:17:652,0.1575,0.1776,8.64,-0.0098,-0.0096,9.8066,-0.1076,-0.0052,0.0296,-13.31,-36.75,-5,229.87,-84.57,171.88
52.391945,-1.529687,156.55,16.92,4,30.16,19 / 20,4872010,2019-09-06 20:41:17:753,-0.0328,0.195,8.9932,-0.0139,-0.0302,9.8066,-0.0726,0.014,0.0655,-13.69,-36.62,-4.69,234.39,-84.99,174.14
52.391945,-1.529687,156.55,16.92,4,30.16,19 / 20,4872110,2019-09-06 20:41:17:853,-0.1728,-0.0168,10.3057,0.0001,-0.0201,9.8066,0.0061,0.027,0.0541,-14.12,-36.06,-5.44,237.54,-85.04,177.29
52.391945,-1.529687,156.55,16.92,4,30.16,19 / 20,4872210,2019-09-06 20:41:17:953,1.2212,-0.2865,9.9816,0.0395,-0.0035,9.8065,-0.1181,0.0382,0.0069,-14.5,-36.5,-5,239.86,-84.99,179.99
52.391945,-1.529687,156.55,16.92,4,30.16,19 / 20,4872310,2019-09-06 20:41:18:053,0.1478,-0.189,10.2615,0.0519,-0.0002,9.8064,-0.0231,0.0675,0.0346,-14.62,-36.69,-4.81,244.42,-84.57,-175.67
52.391945,-1.529687,156.55,16.92,4,30.16,19 / 20,4872409,2019-09-06 20:41:18:152,-0.3482,-0.4579,9.8579,-0.0142,-0.0115,9.8066,-0.0421,-0.0625,-0.0097,-14.12,-37,-4.69,244.49,-84.57,-173.63
52.391945,-1.529687,156.55,16.92,4,30.16,19 / 20,4872509,2019-09-06 20:41:18:252,-0.7594,-0.7001,10.4038,0.0035,0.0065,9.8066,-0.1086,-0.0157,-0.0768,-14.31,-36.25,-4.94,244.5,-84.5,-173.81
52.391945,-1.529687,156.55,16.92,4,30.16,19 / 20,4872610,2019-09-06 20:41:18:353,-0.3439,-0.5234,10.1926,-0.0358,-0.0091,9.8065,0.0879,-0.0239,0.0127,-13.5,-36.44,-5.12,242.64,-84.7,-174.14
52.391945,-1.529687,156.55,16.92,4,30.16,19 / 20,4872710,2019-09-06 20:41:18:453,-0.2871,0.3881,9.7962,0.0318,0.0272,9.8065,0.0425,-0.0085,-0.0468,-13.69,-36.75,-4.75,242.55,-84.59,-175.84
52.391945,-1.529687,156.55,16.92,4,30.16,19 / 20,4872809,2019-09-06 20:41:18:552,0.3506,-0.149,9.6278,0.0209,0.0115,9.8066,-0.1289,0.0232,-0.0071,-14.19,-36.94,-5.44,241.88,-84.44,-176.25
52.391945,-1.529687,156.55,16.92,4,30.16,19 / 20,4872909,2019-09-06 20:41:18:652,0.4065,0.0611,9.4798,0.0276,0.0224,9.8065,-0.1129,0.0622,0.0047,-13.75,-37.06,-5.19,241.05,-84.27,-176.8
52.391945,-1.529687,156.55,16.92,4,30.16,19 / 20,4873010,2019-09-06 20:41:18:753,0.1599,0.3314,9.993,-0.0215,-0.0133,9.8066,0.0946,0.0148,-0.0155,-14.56,-36.87,-4.81,243.16,-84.5,-176.94
52.391945,-1.529687,156.55,16.92,4,30.16,19 / 20,4873110,2019-09-06 20:41:18:853,0.936,-0.1391,10.2378,-0.0314,-0.0088,9.8066,0.052,-0.0111,0.005,-14.06,-36.94,-4.94,240.56,-84.63,-178.15
52.391945,-1.529687,156.55,16.92,4,30.16,19 / 20,4873210,2019-09-06 20:41:18:953,-0.0214,-0.3176,9.7138,-0.0172,0.0052,9.8066,0.003,-0.0148,-0.0313,-14,-37.62,-4.56,239.55,-84.61,-178.91
52.391945,-1.529687,156.55,16.92,4,30.16,19 / 20,4873310,2019-09-06 20:41:19:053,-1.1626,-1.2599,10.7451,-0.0134,-0.002,9.8066,0.0337,-0.0674,0.0063,-14.06,-36.75,-4.56,239.02,-84.58,-179.78
52.391945,-1.529687,156.55,16.92,4,30.16,19 / 20,4873410,2019-09-06 20:41:19:153,1.1581,0.1831,9.6484,-0.0354,0.0042,9.8065,-0.1082,-0.0164,-0.0094,-13.69,-36.87,-4.25,240.89,-84.45,179.18
52.391945,-1.529687,156.55,16.92,4,30.16,19 / 20,4873509,2019-09-06 20:41:19:252,-0.8915,0.1446,10.0746,-0.0305,-0.0052,9.8066,-0.0846,-0.0197,-0.0416,-14,-37.06,-4.62,236.34,-84.64,177.07
52.391945,-1.529687,156.55,16.92,4,30.16,19 / 20,4873610,2019-09-06 20:41:19:353,-0.3742,-0.0387,9.9592,0.0501,0.0342,9.8064,-0.0717,-0.0245,0.0199,-13.75,-37.19,-5,233.96,-84.45,174.74
52.391945,-1.529687,156.55,16.92,4,30.16,19 / 20,4873709,2019-09-06 20:41:19:452,-0.2123,-1.0711,9.7539,0.0611,0.0326,9.8063,-0.0511,-0.0453,0.0238,-14.31,-36.37,-4.94,234.14,-84.34,174.86
52.391945,-1.529687,156.55,16.92,4,30.16,19 / 20,4873810,2019-09-06 20:41:19:553,0.2948,-0.1624,9.6181,-0.0038,-0.0079,9.8066,0.0824,-0.0205,-0.0131,-14.06,-37.44,-4.25,237.34,-84.37,175.32
52.391945,-1.529687,156.55,16.92,4,30.16,19 / 20,4873910,2019-09-06 20:41:19:653,0.3011,-1.0315,10.0852,-0.0186,-0.0044,9.8066,0.0952,-0.0434,0.0325,-14.06,-37.62,-4.06,237.49,-84.41,175.74
52.391945,-1.529687,156.55,16.92,4,30.16,19 / 20,4874010,2019-09-06 20:41:19:753,0.7434,-0.5599,9.3483,0.0152,0.0156,9.8066,-0.0311,-0.0364,-0.0273,-13.44,-37.31,-4.12,234.52,-84.5,173.8
52.391945,-1.529687,156.55,16.92,4,30.16,19 / 20,4874110,2019-09-06 20:41:19:853,-0.0939,-0.4887,9.1338,0.0027,0.0126,9.8065,-0.0423,-0.083,-0.0101,-13.87,-36.81,-4.62,232.04,-84.44,172.55
52.391945,-1.529687,156.55,16.92,4,30.16,19 / 20,4874212,2019-09-06 20:41:19:955,0.2494,-0.16,10.3075,-0.0163,-0.0066,9.8066,0.0144,-0.0711,0.036,-13.37,-37.06,-4.37,232.64,-84.57,171.45
52.391945,-1.529687,156.55,16.92,4,30.16,19 / 20,4874309,2019-09-06 20:41:20:052,0.2802,-0.6378,9.9955,-0.0058,0.0061,9.8066,-0.027,-0.0924,-0.0276,-12.87,-36.75,-4.94,228.75,-84.51,170.69
52.39307,-1.528607,157.06,15.75,4,32.89,19 / 20,4874410,2019-09-06 20:41:20:153,0.9841,-0.699,10.2788,0.019,-0.0053,9.8066,0.015,-0.0404,-0.02,-12.94,-37,-4.69,227.29,-84.41,169.18
52.39307,-1.528607,157.06,15.75,4,32.89,19 / 20,4874509,2019-09-06 20:41:20:252,-0.1045,-0.8791,10.2924,0.0179,-0.003,9.8066,-0.0281,-0.0774,0.0158,-13.62,-37.12,-4.31,233.09,-84.26,170.67
52.39307,-1.528607,157.06,15.75,4,32.89,19 / 20,4874609,2019-09-06 20:41:20:352,-0.0899,-0.4267,9.3506,-0.0012,-0.0048,9.8066,0.0007,-0.067,0.0076,-13.37,-37.75,-4,231.92,-84.27,171.6
52.39307,-1.528607,157.06,15.75,4,32.89,19 / 20,4874710,2019-09-06 20:41:20:453,-0.0653,-1.0981,10.5431,-0.0218,-0.0245,9.8065,0.0011,-0.041,0.0505,-13.56,-37.44,-3.87,235.55,-84.38,173.25
52.39307,-1.528607,157.06,15.75,4,32.89,19 / 20,4874809,2019-09-06 20:41:20:552,0.9293,-1.4869,10.1523,-0.0606,-0.0377,9.8063,-0.0918,-0.0068,-0.0507,-14,-37.12,-3.69,236.25,-84.56,173.67
52.39307,-1.528607,157.06,15.75,4,32.89,19 / 20,4874909,2019-09-06 20:41:20:652,0.4759,-0.6909,10.1956,0.0346,0.0295,9.8065,0.0207,-0.0096,0.0087,-13.62,-37.31,-3.56,235.98,-84.54,173.4
52.39307,-1.528607,157.06,15.75,4,32.89,19 / 20,4875009,2019-09-06 20:41:20:752,0.4292,0.0142,9.4869,0.0275,0.0139,9.8065,-0.0814,-0.0593,-0.0208,-13.37,-37.31,-3.81,233.1,-84.2,172.8
52.39307,-1.528607,157.06,15.75,4,32.89,19 / 20,4875110,2019-09-06 20:41:20:853,0.2707,-1.3534,9.6481,0.0063,0.0108,9.8066,-0.0939,-0.0361,0.016,-14.75,-37.69,-3.31,238.56,-84.17,172.21
52.39307,-1.528607,157.06,15.75,4,32.89,19 / 20,4875210,2019-09-06 20:41:20:953,-0.9206,-2.2296,10.2425,0.0183,0.0149,9.8066,0.0635,0.0227,-0.0654,-14.19,-37.06,-2.94,236.57,-84.17,171.23
52.39307,-1.528607,157.06,15.75,4,32.89,19 / 20,4875310,2019-09-06 20:41:21:053,1.076,-0.6881,9.7408,-0.0045,0.0096,9.8066,0.0288,-0.0748,0.0262,-14,-37.12,-3.25,235.4,-84.17,169.88
52.39307,-1.528607,157.06,15.75,4,32.89,19 / 20,4875409,2019-09-06 20:41:21:152,0.0695,-0.6485,9.6366,0.0272,0.0167,9.8065,0.0837,-0.1165,-0.0357,-14.37,-36.87,-3,234.84,-84.03,169.53
52.39307,-1.528607,157.06,15.75,4,32.89,19 / 20,4875510,2019-09-06 20:41:21:253,0.3574,-1.0071,9.7641,-0.0474,-0.0021,9.8065,0.0949,-0.0874,0.0551,-14,-36.81,-2.37,237.5,-83.93,169.03
52.39307,-1.528607,157.06,15.75,4,32.89,19 / 20,4875609,2019-09-06 20:41:21:352,0.2244,-1.2445,9.0612,-0.0151,-0.0082,9.8066,-0.0503,-0.005,-0.0637,-14.44,-37,-3.31,233.19,-83.99,167.68
52.39307,-1.528607,157.06,15.75,4,32.89,19 / 20,4875709,2019-09-06 20:41:21:452,0.6963,-0.9208,8.6548,-0.0586,-0.0303,9.8064,0.0757,-0.1327,0.051,-14.56,-37.44,-3.62,231.56,-84.26,167.15
52.39307,-1.528607,157.06,15.75,4,32.89,19 / 20,4875809,2019-09-06 20:41:21:552,0.3869,-1.2447,9.9112,-0.0579,-0.0282,9.8064,0.0678,-0.1538,0.0663,-14.69,-36.37,-3.31,235.61,-84.46,167.64
52.39307,-1.528607,157.06,15.75,4,32.89,19 / 20,4875910,2019-09-06 20:41:21:653,-0.5051,-0.7397,11.1387,0.0335,0.009,9.8066,0.1416,-0.0429,-0.09,-14.25,-36.69,-2.62,234.36,-84.36,168.27
52.39307,-1.528607,157.06,15.75,4,32.89,19 / 20,4876009,2019-09-06 20:41:21:752,0.3269,-1.5354,10.5386,-0.0283,-0.0062,9.8066,-0.0665,-0.0427,0.0327,-14.44,-36.62,-2.31,236.69,-84.39,167.07
52.39307,-1.528607,157.06,15.75,4,32.89,19 / 20,4876109,2019-09-06 20:41:21:852,0.3287,-0.5917,10.0382,0.0385,0.0171,9.8065,-0.1095,-0.1495,-0.0369,-15.19,-37,-2.56,234.28,-84.27,166.8
52.39307,-1.528607,157.06,15.75,4,32.89,19 / 20,4876209,2019-09-06 20:41:21:952,0.7459,-1.2181,9.9916,0.001,0.0166,9.8065,0.0391,-0.1687,0.08,-14.75,-37,-2.25,236.7,-84.13,166.27
52.39307,-1.528607,157.06,15.75,4,32.89,19 / 20,4876310,2019-09-06 20:41:22:053,-0.1111,-0.4428,9.8813,0.0101,-0.0024,9.8066,-0.0236,-0.0128,-0.0749,-14.87,-37.06,-2.5,236.02,-84.19,165.36
52.39307,-1.528607,157.06,15.75,4,32.89,19 / 20,4876410,2019-09-06 20:41:22:153,0.026,-1.7355,9.9846,0.0315,0.0153,9.8065,0.0739,-0.0769,0.0205,-14.44,-37,-1.69,234.4,-84,165.28
52.39307,-1.528607,157.06,15.75,4,32.89,19 / 20,4876509,2019-09-06 20:41:22:252,0.9132,-2.2097,9.8657,0.0046,0.0032,9.8066,0.0986,-0.1704,0.0181,-15.06,-37.06,-1.31,238.55,-83.83,165.31
52.39307,-1.528607,157.06,15.75,4,32.89,19 / 20,4876610,2019-09-06 20:41:22:353,-0.0527,-1.0021,10.2806,-0.0139,-0.0005,9.8066,0.062,-0.1311,0.0442,-14.75,-37.25,-1.31,238.58,-83.68,165.67
52.39307,-1.528607,157.06,15.75,4,32.89,19 / 20,4876710,2019-09-06 20:41:22:453,-0.006,-1.7889,9.5556,-0.0168,-0.0011,9.8066,0.0545,-0.1112,0.0337,-15.81,-36.56,-0.81,239.37,-83.62,165.6
52.39307,-1.528607,157.06,15.75,4,32.89,19 / 20,4876810,2019-09-06 20:41:22:553,0.8532,-1.4501,9.699,-0.0021,-0.0049,9.8066,0.0339,-0.1013,-0.0183,-17.06,-36.12,-1.62,237.87,-83.64,165.84
52.39307,-1.528607,157.06,15.75,4,32.89,19 / 20,4876910,2019-09-06 20:41:22:653,1.279,-0.3762,9.4728,-0.0141,-0.0036,9.8066,0.0571,-0.031,-0.0331,-16.81,-36.37,-1.5,240.75,-83.74,165.63
52.39307,-1.528607,157.06,15.75,4,32.89,19 / 20,4877009,2019-09-06 20:41:22:752,1.1228,-1.1702,10.1043,-0.0072,0.0079,9.8066,-0.0283,-0.101,-0.0028,-16.75,-36.5,-1.37,239.8,-83.73,164.58
52.39307,-1.528607,157.06,15.75,4,32.89,19 / 20,4877109,2019-09-06 20:41:22:852,0.0667,-1.2072,9.8744,0.0333,0.0111,9.8065,-0.082,-0.1272,-0.005,-15.94,-36.19,-1.12,239.43,-83.55,165.45
52.39307,-1.528607,157.06,15.75,4,32.89,19 / 20,4877209,2019-09-06 20:41:22:952,0.3046,-1.1426,9.8234,-0.0077,-0.0139,9.8066,0.0925,-0.0842,0.0571,-15.87,-36.25,-1.06,239.69,-83.46,165.92
52.39307,-1.528607,157.06,15.75,4,32.89,19 / 20,4877310,2019-09-06 20:41:23:053,0.0374,-0.6193,10.1104,-0.0156,-0.0189,9.8066,0.0799,-0.0742,-0.0219,-16.31,-36.25,-0.69,241.32,-83.59,167.51
52.39307,-1.528607,157.06,15.75,4,32.89,19 / 20,4877410,2019-09-06 20:41:23:153,0.1352,-0.4252,10.0311,-0.0114,-0.0024,9.8066,0.0441,-0.1544,0.1068,-16.5,-36.94,-1.25,241.5,-83.56,168.13
52.39307,-1.528607,157.06,15.75,4,32.89,19 / 20,4877509,2019-09-06 20:41:23:252,0.2523,-1.1243,9.6799,0.0261,-0.0057,9.8066,-0.1347,-0.0583,-0.0183,-16.5,-36.75,-1.56,239.68,-83.46,169.75
52.39307,-1.528607,157.06,15.75,4,32.89,19 / 20,4877609,2019-09-06 20:41:23:352,-0.1684,-1.5303,9.8175,0.0242,-0.0002,9.8066,0.0849,-0.0618,0.0448,-16.31,-37.12,-1.19,243.14,-83.47,170.17
52.39307,-1.528607,157.06,15.75,4,32.89,19 / 20,4877710,2019-09-06 20:41:23:453,0.8066,-0.7307,9.9059,-0.0075,-0.0115,9.8066,0.0768,-0.063,-0.0045,-15.56,-37.5,-1.25,244.02,-83.55,170.99
52.39307,-1.528607,157.06,15.75,4,32.89,19 / 20,4877809,2019-09-06 20:41:23:552,1.1804,-0.9085,10.2298,-0.0129,-0.0042,9.8066,-0.035,-0.1463,0.0485,-15.31,-37.31,-0.44,247.28,-83.7,171.68
52.39307,-1.528607,157.06,15.75,4,32.89,19 / 20,4877909,2019-09-06 20:41:23:652,-0.0048,-0.225,10.4068,0.0318,0.0095,9.8065,-0.0427,-0.0448,-0.053,-15.69,-36.87,0.5,251.35,-83.57,171.92
52.39307,-1.528607,157.06,15.75,4,32.89,19 / 20,4878010,2019-09-06 20:41:23:753,-0.3094,-1.5049,10.136,0.0212,0.013,9.8066,0.0867,-0.0727,-0.042,-15.81,-36.81,0.13,247.25,-83.49,171.19
52.39307,-1.528607,157.06,15.75,4,32.89,19 / 20,4878110,2019-09-06 20:41:23:853,0.0371,-2.0685,9.926,-0.0026,0.0014,9.8066,-0.046,-0.0859,0.0049,-16.19,-36.56,1.06,250.88,-83.37,171.86
52.39307,-1.528607,157.06,15.75,4,32.89,19 / 20,4878210,2019-09-06 20:41:23:953,0.5769,-0.9977,9.8369,0.0053,-0.0002,9.8066,0.0531,-0.071,-0.0444,-16.75,-37.06,0.44,248.07,-83.3,171.64
52.39307,-1.528607,157.06,15.75,4,32.89,19 / 20,4878309,2019-09-06 20:41:24:052,0.4164,-1.0357,9.2908,-0.0414,-0.0071,9.8065,0.0761,-0.1073,0.0238,-16.31,-37.19,0.44,247.41,-83.22,171.96
52.39307,-1.528607,157.06,15.75,4,32.89,19 / 20,4878410,2019-09-06 20:41:24:153,0.3423,-1.1158,10.6661,-0.0183,-0.0056,9.8066,0.0441,-0.0947,0.0002,-16.06,-37.25,1.06,250.86,-83.43,171.71
52.39307,-1.528607,157.06,15.75,4,32.89,19 / 20,4878509,2019-09-06 20:41:24:252,0.9078,-1.6419,9.9839,0.0272,0.0133,9.8065,0.157,-0.152,0.074,-16.5,-36.87,1.5,253.76,-83.08,172.02
52.39307,-1.528607,157.06,15.75,4,32.89,19 / 20,4878610,2019-09-06 20:41:24:353,0.145,-1.6656,10.1445,0.0158,-0.0181,9.8066,-0.1629,-0.1484,0.0314,-17.19,-36.69,1.69,255.28,-83.06,173.2
52.39307,-1.528607,157.06,15.75,4,32.89,19 / 20,4878710,2019-09-06 20:41:24:453,0.9508,-0.7996,9.7133,-0.01,-0.0053,9.8066,0.0195,-0.1628,0.0526,-17.06,-36.12,1.81,256.24,-83.22,173.49
52.39307,-1.528607,157.06,15.75,4,32.89,19 / 20,4878810,2019-09-06 20:41:24:553,-2.8516,-3.3208,9.9931,-0.0939,-0.0019,9.8061,0.3597,-0.0574,0.1046,-16.75,-36.81,1.94,256.94,-83.1,174.89
52.39307,-1.528607,157.06,15.75,4,32.89,19 / 20,4878910,2019-09-06 20:41:24:653,-0.496,-0.2,10.8832,-0.0758,-0.0326,9.8062,0.2903,-0.1242,-0.0379,-17.44,-36.94,1.69,256.33,-83.2,174.04
52.39307,-1.528607,157.06,15.75,4,32.89,19 / 20,4879009,2019-09-06 20:41:24:752,0.2759,-1.1066,10.412,-0.0714,-0.0001,9.8063,-0.1958,-0.1241,0.1606,-17.5,-36.94,1.69,258.42,-83.51,175.57
52.39307,-1.528607,157.06,15.75,4,32.89,19 / 20,4879109,2019-09-06 20:41:24:852,-0.2901,-1.5233,10.2595,0.0936,0.0005,9.8061,-0.1248,-0.1395,0.005,-17.19,-36.62,2.13,258.43,-82.93,176.85
52.39307,-1.528607,157.06,15.75,4,32.89,19 / 20,4879209,2019-09-06 20:41:24:952,-0.8701,-1.5628,9.8144,-0.0371,-0.006,9.8065,-0.0025,-0.0634,0.0024,-17.62,-37,2.25,259.47,-82.99,177.35
52.39307,-1.528607,157.06,15.75,4,32.89,19 / 20,4879309,2019-09-06 20:41:25:052,-0.7195,-0.3217,9.4386,-0.033,-0.0043,9.8066,0.0208,-0.2322,0.0809,-17.81,-36.19,2.44,259.93,-83.16,177.1
52.39307,-1.528607,157.06,15.75,4,32.89,18 / 19,4879410,2019-09-06 20:41:25:153,0.3832,-2.2312,9.8101,-0.0108,-0.0089,9.8066,0.0811,-0.1296,0.0844,-17.81,-36.5,2.81,263.99,-82.99,178.43
52.39307,-1.528607,157.06,15.75,4,32.89,18 / 19,4879510,2019-09-06 20:41:25:253,-0.8981,0.1011,9.7338,-0.0008,-0.0153,9.8066,-0.0462,-0.0103,-0.0084,-17.87,-36.56,3,262.92,-83.01,177.7
52.39307,-1.528607,157.06,15.75,4,32.89,18 / 19,4879610,2019-09-06 20:41:25:353,-0.5719,-1.6697,10.2088,-0.0034,-0.0042,9.8066,-0.0229,-0.1071,0.0138,-18,-36.62,3.13,264.44,-83.05,179.18
52.39307,-1.528607,157.06,15.75,4,32.89,18 / 19,4879709,2019-09-06 20:41:25:452,0.3521,-1.8133,10.2707,0.0273,0.0025,9.8066,-0.0323,-0.1696,0.0565,-17.94,-36.19,3.38,264.79,-82.9,179.45
52.39307,-1.528607,157.06,15.75,4,32.89,18 / 19,4879809,2019-09-06 20:41:25:552,-1.269,-1.7412,10.2939,0.0002,-0.0076,9.8066,0.0733,-0.1028,-0.0134,-18.06,-36.37,3.56,268.67,-82.97,-179.95
52.39307,-1.528607,157.06,15.75,4,32.89,18 / 19,4879910,2019-09-06 20:41:25:653,-0.4002,-1.3635,10.1415,-0.0105,0.0046,9.8065,0.107,-0.104,0.0099,-18.31,-36.56,3.31,264.84,-82.93,179.84
52.39307,-1.528607,157.06,15.75,4,32.89,18 / 19,4880009,2019-09-06 20:41:25:752,0.2192,-1.5572,9.7839,0.0155,-0.0039,9.8066,0.0008,-0.0438,-0.0139,-18,-36.69,3.31,264.67,-82.78,179.99
52.39307,-1.528607,157.06,15.75,4,32.89,18 / 19,4880110,2019-09-06 20:41:25:853,-0.1067,-0.7335,9.6758,0.0049,0.0027,9.8066,0.0013,-0.0806,0.0379,-18.06,-37.25,3.94,266.95,-82.77,179.11
52.39307,-1.528607,157.06,15.75,4,32.89,18 / 19,4880209,2019-09-06 20:41:25:952,0.0909,-0.6441,10.1057,0.0284,0.0053,9.8065,0.0035,-0.0605,-0.0068,-17.87,-36.69,4.06,266.46,-82.59,178.99
52.39307,-1.528607,157.06,15.75,4,32.89,18 / 19,4880310,2019-09-06 20:41:26:053,1.234,-1.1209,10.1323,-0.0155,-0.0021,9.8066,0.1208,-0.1079,0.0366,-18.37,-36.62,4.13,266.5,-82.64,178.93
52.39307,-1.528607,157.06,15.75,4,32.89,19 / 20,4880409,2019-09-06 20:41:26:152,-0.0355,-0.4388,10.209,-0.0292,-0.0143,9.8065,-0.0742,-0.084,0.015,-18.19,-36.19,4.81,270.93,-82.68,179.74
52.39307,-1.528607,157.06,15.75,4,32.89,19 / 20,4880510,2019-09-06 20:41:26:253,0.5563,-0.5757,9.5331,0.0259,-0.0018,9.8066,-0.0646,-0.0658,0.0647,-19.06,-36.19,4.81,271.13,-82.57,-179.78
52.39307,-1.528607,157.06,15.75,4,32.89,19 / 20,4880609,2019-09-06 20:41:26:352,0.0371,-1.014,9.6914,0.0418,-0.0147,9.8065,0.0192,-0.0553,-0.0076,-18.81,-36.31,4.69,272.12,-82.53,-178.71
52.39307,-1.528607,157.06,15.75,4,32.89,19 / 20,4880709,2019-09-06 20:41:26:452,0.411,-0.1022,10.0702,0.0034,-0.0043,9.8066,0.0032,-0.0713,0.0219,-18.81,-36.5,4.63,271.9,-82.5,-178.88
52.39307,-1.528607,157.06,15.75,4,32.89,19 / 20,4880809,2019-09-06 20:41:26:552,-0.752,-0.4946,10.1559,0.0187,-0.0016,9.8065,0.1142,-0.0757,0.027,-19.06,-36.62,4.69,271.84,-82.29,-178.12
52.39307,-1.528607,157.06,15.75,4,32.89,19 / 20,4880910,2019-09-06 20:41:26:653,-0.1825,0.3254,10.1396,0.0081,-0.0041,9.8066,0.0495,0.0028,-0.0345,-19.06,-36.69,4.94,271.74,-82.17,-177.98
52.39307,-1.528607,157.06,15.75,4,32.89,19 / 20,4881009,2019-09-06 20:41:26:752,-0.7594,-1.0587,10.2084,-0.0076,-0.0001,9.8066,-0.0027,-0.058,-0.0162,-18.94,-36.62,5.38,271.43,-82.13,-178.22
52.39307,-1.528607,157.06,15.75,4,32.89,19 / 20,4881109,2019-09-06 20:41:26:852,0.1208,-0.3706,10.1579,0.0002,-0.0001,9.8066,0.0097,-0.0583,-0.0216,-18.56,-36.5,4.38,269.48,-82.07,-177.44
52.39307,-1.528607,157.06,15.75,4,32.89,19 / 20,4881210,2019-09-06 20:41:26:953,0.5801,0.6218,9.8596,0.0078,-0.0034,9.8066,0.0538,-0.0564,0.078,-19.25,-36.44,5.13,272.54,-81.98,-177.24
52.39307,-1.528607,157.06,15.75,4,32.89,19 / 20,4881310,2019-09-06 20:41:27:053,0.2367,-0.8527,10.0782,-0.008,-0.0068,9.8066,0.0558,-0.0455,0.0644,-19.31,-36.5,5.5,277.09,-82.02,-175.81
52.39307,-1.528607,157.06,15.75,4,32.89,19 / 20,4881409,2019-09-06 20:41:27:152,0.2658,-0.2391,10.0847,-0.0029,-0.0212,9.8065,-0.005,-0.0159,0.0082,-19.69,-36.5,5.44,275.25,-81.96,-174.52
52.39307,-1.528607,157.06,15.75,4,32.89,19 / 20,4881510,2019-09-06 20:41:27:253,0.0656,-0.8394,10.0844,0.0078,-0.0124,9.8066,0.0251,-0.0726,0.0455,-19.5,-36.31,5.44,276.3,-81.82,-173.19
52.39307,-1.528607,157.06,15.75,4,32.89,19 / 20,4881609,2019-09-06 20:41:27:352,-0.5923,0.1823,9.4478,0.0051,-0.0054,9.8066,-0.0192,-0.0733,0.0789,-19.62,-35.75,5.69,279.85,-81.72,-172.45
52.39307,-1.528607,157.06,15.75,4,32.89,19 / 20,4881710,2019-09-06 20:41:27:453,-0.215,-0.3148,9.5568,-0.0127,-0.0099,9.8066,0.0361,-0.0934,0.0423,-20.31,-36.31,5.38,277.7,-81.67,-171.58
52.39307,-1.528607,157.06,15.75,4,32.89,19 / 20,4881809,2019-09-06 20:41:27:552,-0.3952,-0.3896,9.8195,-0.0006,-0.0104,9.8066,-0.0123,-0.038,-0.05,-20.56,-36.12,5.19,279.04,-81.65,-170.28
52.39307,-1.528607,157.06,15.75,4,32.89,19 / 20,4881909,2019-09-06 20:41:27:652,-0.2911,-0.7773,10.1577,-0.0068,-0.0063,9.8065,-0.0069,-0.0878,0.0648,-19.69,-36.5,5.75,282.67,-81.65,-169.6
52.39307,-1.528607,157.06,15.75,4,32.89,19 / 20,4882010,2019-09-06 20:41:27:753,0.1793,0.5881,10.3143,-0.0112,-0.0128,9.8066,-0.0995,-0.0278,0.0571,-19.44,-36.56,5.63,283.15,-81.6,-168.76
52.39307,-1.528607,157.06,15.75,4,32.89,19 / 20,4882110,2019-09-06 20:41:27:853,-0.5672,-0.638,10.2618,0.0197,-0.0139,9.8066,-0.0544,-0.0135,0.0336,-18.5,-36.5,5.06,280.53,-81.42,-168.28
52.39307,-1.528607,157.06,15.75,4,32.89,19 / 20,4882210,2019-09-06 20:41:27:953,-0.5284,-0.389,9.8899,0.0035,0.0024,9.8066,0.0207,-0.0314,-0.0237,-17.5,-36.56,5.31,280.6,-81.53,-167.89
52.39307,-1.528607,157.06,15.75,4,32.89,19 / 20,4882310,2019-09-06 20:41:28:053,-1.7079,-0.3089,10.0093,-0.0168,-0.0015,9.8066,0.0156,-0.0153,-0.002,-16.06,-37.44,5.31,280.72,-81.49,-167.59
52.39307,-1.528607,157.06,15.75,4,32.89,18 / 20,4882409,2019-09-06 20:41:28:152,0.672,0.885,9.6259,-0.0334,0.0055,9.8065,-0.1082,-0.0433,0.0066,-17.5,-36.56,6.38,284.52,-81.58,-167.68
52.39307,-1.528607,157.06,15.75,4,32.89,18 / 20,4882510,2019-09-06 20:41:28:253,0.3765,0.4764,10.0243,0.0307,-0.0064,9.8066,-0.1242,0.022,-0.0061,-18,-36.75,6.13,284.5,-81.29,-166.97
52.39307,-1.528607,157.06,15.75,4,32.89,18 / 20,4882610,2019-09-06 20:41:28:353,-0.9486,-1.0131,10.2486,0.0326,-0.0063,9.8066,0.0901,0.0191,0.0171,-19.69,-35.87,6.56,288.04,-81.27,-166.7
52.39307,-1.528607,157.06,15.75,4,32.89,18 / 20,4882709,2019-09-06 20:41:28:452,0.4381,0.4924,9.8145,-0.0246,-0.0108,9.8065,0.0625,-0.0063,-0.0271,-20.06,-36.31,6.38,287.05,-81.38,-165.01
52.39307,-1.528607,157.06,15.75,4,32.89,18 / 20,4882810,2019-09-06 20:41:28:553,0.2029,-0.7411,9.823,-0.0358,-0.0062,9.8065,-0.0377,-0.0069,0.0443,-19.87,-35.69,6.31,287.78,-81.38,-164.34
52.39307,-1.528607,157.06,15.75,4,32.89,18 / 20,4882909,2019-09-06 20:41:28:652,0.1933,0.231,9.6103,0.0087,-0.008,9.8066,-0.0645,0.0087,0.0095,-19.94,-36,6.75,291.14,-81.36,-164.03
52.39307,-1.528607,157.06,15.75,4,32.89,18 / 20,4883010,2019-09-06 20:41:28:753,0.5993,0.5189,10.3213,-0.0086,-0.0085,9.8066,0.0349,-0.0696,0.0549,-19.81,-35.62,6.88,291.97,-81.32,-163.2
52.39307,-1.528607,157.06,15.75,4,32.89,18 / 20,4883110,2019-09-06 20:41:28:853,0.3008,0.6368,10.1334,0.0366,-0.0136,9.8065,-0.0552,-0.0064,0.0079,-20.25,-35.87,6.5,291.93,-80.97,-162.63
52.39307,-1.528607,157.06,15.75,4,32.89,18 / 20,4883209,2019-09-06 20:41:28:952,-1.1724,-0.2997,10.0829,0.0451,-0.0116,9.8065,0.0334,-0.0209,0.0336,-20.31,-35.87,7.25,292.04,-80.79,-162.23
52.39307,-1.528607,157.06,15.75,4,32.89,18 / 20,4883310,2019-09-06 20:41:29:053,0.1044,-0.0434,9.5261,-0.031,-0.0128,9.8065,-0.0148,-0.0371,0.0003,-21.19,-36.06,6.88,294.17,-80.86,-160.21
52.393833,-1.527028,157.15,15.32,4,68.21,17 / 19,4883410,2019-09-06 20:41:29:153,-0.6317,-0.3861,8.9897,-0.0336,-0.003,9.8065,-0.1539,-0.0253,0.036,-20.44,-35.75,6.44,291.97,-80.91,-159.68
52.393833,-1.527028,157.15,15.32,4,68.21,17 / 19,4883509,2019-09-06 20:41:29:252,0.2573,0.3469,10.7396,-0.0271,0.0014,9.8065,0.234,-0.0144,-0.03,-20.19,-35.87,6.94,296.03,-81.1,-159.18
52.393833,-1.527028,157.15,15.32,4,68.21,17 / 19,4883610,2019-09-06 20:41:29:353,-0.3304,0.1616,10.0391,0.0314,0.0061,9.8065,-0.0175,-0.0299,0.0267,-20.5,-35.62,6.81,295.39,-81.09,-159.73
52.393833,-1.527028,157.15,15.32,4,68.21,17 / 19,4883709,2019-09-06 20:41:29:452,-0.861,0.1455,9.5638,0.0173,-0.0107,9.8066,0.0485,-0.0489,-0.0012,-20.56,-35.69,6.69,293.85,-80.74,-160.3
52.393833,-1.527028,157.15,15.32,4,68.21,17 / 19,4883810,2019-09-06 20:41:29:553,-0.2293,0.511,10.1399,0.0106,-0.0064,9.8066,0.0495,-0.01,0.0852,-21,-35.25,6.94,294.57,-80.57,-159.78
52.393833,-1.527028,157.15,15.32,4,68.21,17 / 19,4883910,2019-09-06 20:41:29:653,-1.0388,-0.0792,10.2664,-0.0041,-0.0203,9.8066,0.0142,0.0203,-0.0318,-20.87,-35.75,6.63,295.03,-80.7,-159.18
52.393833,-1.527028,157.15,15.32,4,68.21,17 / 19,4884010,2019-09-06 20:41:29:753,-0.8358,0.7915,10.0547,-0.0042,0.0098,9.8066,-0.009,-0.057,0.0315,-20.62,-35.44,6.75,296.7,-80.79,-158.24
52.393833,-1.527028,157.15,15.32,4,68.21,17 / 19,4884109,2019-09-06 20:41:29:852,-0.6401,0.0732,9.6388,-0.0114,0.0049,9.8065,0.0214,-0.0641,0.014,-20.69,-35.31,7.25,296.75,-80.8,-158.19
52.393833,-1.527028,157.15,15.32,4,68.21,17 / 19,4884209,2019-09-06 20:41:29:952,0.1097,0.8042,9.6274,-0.0025,0.0009,9.8066,-0.0067,-0.0252,0.0109,-20.75,-35.56,7.06,296,-80.7,-158.33
52.393833,-1.527028,157.15,15.32,4,68.21,17 / 19,4884309,2019-09-06 20:41:30:052,-1.6491,0.1844,10.4068,0.0114,0.005,9.8066,-0.0595,-0.0264,0.0142,-20.75,-35.19,7.06,295.51,-80.66,-159.08
52.393833,-1.527028,157.15,15.32,4,68.21,17 / 18,4884409,2019-09-06 20:41:30:152,-1.1448,0.4964,10.1222,-0.0089,0.0036,9.8066,-0.0326,-0.0179,-0.0375,-20.56,-35.87,7.13,295.32,-80.79,-159.07
52.393833,-1.527028,157.15,15.32,4,68.21,17 / 18,4884510,2019-09-06 20:41:30:253,-1.0423,0.134,9.8337,0.0173,-0.0038,9.8066,-0.0519,-0.0191,-0.0533,-20.75,-35.81,7.38,295.33,-80.88,-159.21
52.393833,-1.527028,157.15,15.32,4,68.21,17 / 18,4884610,2019-09-06 20:41:30:353,-0.459,0.6667,9.7504,0.0108,0.0036,9.8066,0.1198,0.009,0.0454,-20.81,-35.31,6.5,295.01,-80.78,-159.72
52.393833,-1.527028,157.15,15.32,4,68.21,17 / 18,4884710,2019-09-06 20:41:30:453,-0.8466,0.9984,9.681,-0.0015,-0.0013,9.8066,0.0786,0.0113,0.0001,-20.62,-35.81,6.94,294.72,-80.79,-159.61
52.393833,-1.527028,157.15,15.32,4,68.21,17 / 18,4884810,2019-09-06 20:41:30:553,-0.4754,0.5769,9.6955,0.0018,-0.004,9.8065,-0.0553,0.0137,-0.0119,-20.31,-35.69,7.63,298.1,-80.73,-159.5
52.393833,-1.527028,157.15,15.32,4,68.21,17 / 18,4884909,2019-09-06 20:41:30:652,-1.0156,0.4808,9.4907,0.0056,-0.0061,9.8066,-0.0365,0.0056,0.0138,-20.81,-36.06,6.63,295.17,-80.66,-159
52.393833,-1.527028,157.15,15.32,4,68.21,17 / 18,4885009,2019-09-06 20:41:30:752,-0.8055,0.6329,10.0807,0.0091,-0.0058,9.8066,0.0111,-0.0228,0.0409,-20.37,-35.44,7.06,296.09,-80.63,-158.76
52.393833,-1.527028,157.15,15.32,4,68.21,17 / 18,4885110,2019-09-06 20:41:30:853,-0.1999,0.5069,9.4592,0.017,-0.0046,9.8066,-0.0221,-0.0145,0.0649,-20.69,-35.25,7.38,296.19,-80.57,-158.34
52.393833,-1.527028,157.15,15.32,4,68.21,17 / 18,4885210,2019-09-06 20:41:30:953,-1.7726,0.346,9.1673,-0.0377,-0.0001,9.8065,0.0191,-0.0363,0.0318,-20.75,-35.81,6.81,296.08,-80.39,-157.76
52.393833,-1.527028,157.15,15.32,4,68.21,17 / 18,4885309,2019-09-06 20:41:31:052,-1.3588,0.9181,9.2926,-0.0084,-0.0023,9.8066,-0.1101,0.0584,-0.0164,-20.94,-35.69,6.31,294.08,-80.52,-157.06
52.393833,-1.527028,157.15,15.32,4,68.21,18 / 20,4885410,2019-09-06 20:41:31:153,-1.1478,0.4132,10.171,0.0062,0.0012,9.8066,0.1056,0.0024,-0.0413,-21,-35.87,7.69,300.25,-80.61,-157.09
52.393833,-1.527028,157.15,15.32,4,68.21,18 / 20,4885510,2019-09-06 20:41:31:253,-0.9106,-0.1887,9.4842,-0.0229,0.0067,9.8066,0.035,-0.0725,0.0109,-20.75,-35.44,7.38,298.3,-80.74,-156.74
52.393833,-1.527028,157.15,15.32,4,68.21,18 / 20,4885609,2019-09-06 20:41:31:352,-0.6825,1.211,9.2869,-0.0189,-0.0048,9.8066,0.0578,-0.0325,0.0068,-20.87,-35.62,7.13,298.02,-80.72,-156.58
52.393833,-1.527028,157.15,15.32,4,68.21,18 / 20,4885710,2019-09-06 20:41:31:453,-0.773,0.2831,9.8928,0.0043,-0.0037,9.8066,0.0507,-0.0113,0.0199,-20.81,-35.44,7.19,298.32,-80.67,-156.62
52.393833,-1.527028,157.15,15.32,4,68.21,18 / 20,4885810,2019-09-06 20:41:31:553,0.0059,0.8013,10.1076,-0.0107,-0.0088,9.8066,-0.0805,-0.0107,0.0504,-20.81,-35.75,6.94,298.76,-80.66,-155.84
52.393833,-1.527028,157.15,15.32,4,68.21,18 / 20,4885909,2019-09-06 20:41:31:652,-0.8778,0.5349,9.9152,0.0128,-0.0177,9.8066,0.0003,0.0449,-0.0145,-21.44,-35.62,6.56,299.53,-80.56,-155.01
52.393833,-1.527028,157.15,15.32,4,68.21,18 / 20,4886010,2019-09-06 20:41:31:753,-0.9558,0.2286,9.7463,0.0038,-0.0062,9.8066,0.0191,-0.0101,0.0426,-21.12,-35.81,6.69,300.09,-80.54,-154.5
52.393833,-1.527028,157.15,15.32,4,68.21,18 / 20,4886109,2019-09-06 20:41:31:852,-0.8621,0.8745,9.6281,-0.0016,-0.0064,9.8066,0.0175,0.0065,-0.004,-20.81,-35.69,6.63,301.43,-80.46,-153.22
52.393833,-1.527028,157.15,15.32,4,68.21,18 / 20,4886210,2019-09-06 20:41:31:953,-0.4317,-0.2802,9.7068,0.0073,-0.0103,9.8066,-0.029,0.0748,-0.0358,-22.19,-35.62,7,301.66,-80.41,-152.73
52.393833,-1.527028,157.15,15.32,4,68.21,18 / 20,4886310,2019-09-06 20:41:32:053,-0.968,-0.1244,10.0429,-0.0059,-0.0041,9.8065,-0.0242,-0.0443,0.0718,-21.19,-35.87,7.13,302.91,-80.36,-151.8
52.393833,-1.527028,157.15,15.32,4,68.21,17 / 20,4886410,2019-09-06 20:41:32:153,-0.6318,0.2278,9.8893,-0.0176,-0.0043,9.8066,0.0511,-0.0562,0.0212,-21.56,-35.62,6.88,303.16,-80.39,-151.4
52.393833,-1.527028,157.15,15.32,4,68.21,17 / 20,4886509,2019-09-06 20:41:32:252,-1.2815,0.9072,9.3376,-0.008,-0.0017,9.8066,-0.0167,-0.034,-0.0486,-21.12,-35.44,7.38,304.16,-80.38,-151.13
52.393833,-1.527028,157.15,15.32,4,68.21,17 / 20,4886610,2019-09-06 20:41:32:353,-1.2227,0.7264,10.4259,-0.0104,0.0006,9.8066,0.002,0.0012,0.0526,-21.81,-35.5,7.13,304.21,-80.41,-150.89
52.393833,-1.527028,157.15,15.32,4,68.21,17 / 20,4886710,2019-09-06 20:41:32:453,-1.575,1.1417,9.5945,0.0631,-0.0064,9.8064,-0.2308,0.0597,-0.0188,-21.62,-35,6.75,305.06,-80.58,-150.4
52.393833,-1.527028,157.15,15.32,4,68.21,17 / 20,4886810,2019-09-06 20:41:32:553,-1.3632,1.013,9.1831,0.0444,0.0038,9.8065,0.0573,-0.0463,0.0071,-21.81,-35,7.31,302.7,-80.32,-152.06
52.393833,-1.527028,157.15,15.32,4,68.21,17 / 20,4886910,2019-09-06 20:41:32:653,-2.2707,0.4741,9.5263,-0.0198,0.0071,9.8066,-0.0054,-0.0709,-0.0084,-21.31,-35.12,6.75,303.69,-80.46,-151.66
52.393833,-1.527028,157.15,15.32,4,68.21,17 / 20,4887010,2019-09-06 20:41:32:753,-1.4839,0.6019,10.145,0.009,-0.0031,9.8066,0.0149,0.0071,-0.0306,-21.37,-35.44,7.25,303.44,-80.39,-151.77
52.393833,-1.527028,157.15,15.32,4,68.21,17 / 20,4887110,2019-09-06 20:41:32:853,-1.2078,-0.055,9.6354,-0.014,0.0067,9.8066,-0.0076,-0.0476,0.0876,-21.44,-35.06,7.13,303.2,-80.5,-152.13
52.393833,-1.527028,157.15,15.32,4,68.21,17 / 20,4887209,2019-09-06 20:41:32:952,-1.9588,0.7807,9.6468,0.003,-0.0073,9.8066,0.0654,-0.0557,-0.0023,-21.56,-35.12,6.69,303.04,-80.43,-151.93
52.393833,-1.527028,157.15,15.32,4,68.21,17 / 20,4887310,2019-09-06 20:41:33:053,-1.972,0.7374,9.9995,-0.0153,-0.0019,9.8066,0.0838,-0.0298,-0.0149,-21.31,-34.56,7.19,304.08,-80.42,-151.27
52.393833,-1.527028,157.15,15.32,4,68.21,16 / 19,4887410,2019-09-06 20:41:33:153,-1.1901,0.1376,9.9983,-0.0232,-0.0022,9.8066,-0.1333,0.0539,0.0549,-21.75,-35.06,7.13,304.17,-80.36,-150.86
52.393833,-1.527028,157.15,15.32,4,68.21,16 / 19,4887510,2019-09-06 20:41:33:253,-1.6773,1.9208,9.692,0.0223,-0.0145,9.8065,-0.0957,0.0065,-0.0001,-21.56,-35.37,7.25,303.86,-80.42,-151.21
52.393833,-1.527028,157.15,15.32,4,68.21,16 / 19,4887609,2019-09-06 20:41:33:352,-3.5188,-0.2288,9.2685,0.0099,0.0024,9.8066,0.0091,0.132,-0.0905,-21.81,-35.62,7.44,303.76,-80.27,-150.72
52.393833,-1.527028,157.15,15.32,4,68.21,16 / 19,4887710,2019-09-06 20:41:33:453,-1.9068,0.4721,9.7019,-0.0224,0.0095,9.8065,-0.0239,0.0094,0.0748,-21.62,-35.44,7.38,304.38,-80.39,-150.72
52.393833,-1.527028,157.15,15.32,4,68.21,16 / 19,4887810,2019-09-06 20:41:33:553,-0.9394,1.0016,9.7839,-0.011,-0.0068,9.8066,-0.0118,-0.0569,-0.0558,-21.75,-35.19,7,304.61,-80.36,-150.48
52.393833,-1.527028,157.15,15.32,4,68.21,16 / 19,4887910,2019-09-06 20:41:33:653,-1.3359,0.8143,9.5722,0.0079,0.0119,9.8066,-0.0137,0.0258,0.039,-21.81,-35.37,7.25,303.73,-80.4,-151.29
52.393833,-1.527028,157.15,15.32,4,68.21,16 / 19,4888010,2019-09-06 20:41:33:753,-1.0394,0.5948,9.49,0.0208,-0.0041,9.8066,0.0059,0.0082,-0.0669,-22,-35.87,6.56,303.17,-80.4,-151.41
52.393833,-1.527028,157.15,15.32,4,68.21,16 / 19,4888110,2019-09-06 20:41:33:853,-0.8714,0.2463,9.7968,-0.0175,0.0139,9.8066,0.0475,0.0157,0.085,-21.81,-35.75,7.13,303.24,-80.45,-151.42
52.393833,-1.527028,157.15,15.32,4,68.21,16 / 19,4888210,2019-09-06 20:41:33:953,-2.5597,0.3788,9.932,-0.0033,0.0044,9.8066,-0.0759,0.0912,-0.1248,-21.25,-34.81,6.63,304.22,-80.69,-151.54
52.393833,-1.527028,157.15,15.32,4,68.21,16 / 19,4888310,2019-09-06 20:41:34:053,-1.1823,0.3197,9.8779,0.0091,0.0124,9.8065,-0.038,0.0214,0.0257,-21.81,-35.87,7.38,303.02,-80.74,-152.03
52.393833,-1.527028,157.15,15.32,4,68.21,17 / 18,4888409,2019-09-06 20:41:34:152,-1.0613,1.0835,9.684,-0.007,-0.0021,9.8066,0.0298,0.0952,-0.0497,-21.56,-35.19,6.56,303.54,-80.86,-152.08
52.393833,-1.527028,157.15,15.32,4,68.21,17 / 18,4888510,2019-09-06 20:41:34:253,-1.1052,-0.297,9.6984,0.0294,0.0069,9.8065,-0.0922,-0.0433,0.0259,-21.25,-35.19,6.88,302.92,-80.91,-152.97
52.393833,-1.527028,157.15,15.32,4,68.21,17 / 18,4888609,2019-09-06 20:41:34:352,-2.6176,0.2195,9.7018,0.0247,0.0025,9.8065,0.0418,0.0333,0.0054,-21.06,-35.37,6.19,300.07,-81.01,-152.93
52.393833,-1.527028,157.15,15.32,4,68.21,17 / 18,4888710,2019-09-06 20:41:34:453,-2.5436,1.3169,9.5854,-0.0166,0.0015,9.8066,0.0734,0.0428,-0.0325,-21,-35.44,6.38,299.5,-81.13,-153.62
52.393833,-1.527028,157.15,15.32,4,68.21,17 / 18,4888809,2019-09-06 20:41:34:552,0.3378,0.5368,9.9345,-0.0412,0.0133,9.8065,-0.1268,-0.0203,0.0048,-21.5,-35.81,7.81,305.32,-81.33,-153.76
52.393833,-1.527028,157.15,15.32,4,68.21,17 / 18,4888910,2019-09-06 20:41:34:653,-0.7273,-0.2223,10.3192,0.0414,0.0028,9.8065,-0.0323,0.0065,0.0314,-21.62,-36,7,300.54,-81.19,-154.84
52.393833,-1.527028,157.15,15.32,4,68.21,17 / 18,4889010,2019-09-06 20:41:34:753,-1.8897,0.0825,9.9381,0.0185,0.0042,9.8065,0.0349,0.0894,-0.0827,-20.81,-35.5,6.63,301.47,-81.36,-154.9
52.393833,-1.527028,157.15,15.32,4,68.21,17 / 18,4889110,2019-09-06 20:41:34:853,-2.2087,-0.7369,10.106,-0.0352,0.0192,9.8065,-0.007,-0.0831,0.0508,-21.19,-35.81,7.13,300.56,-81.63,-155.74
52.393833,-1.527028,157.15,15.32,4,68.21,17 / 18,4889209,2019-09-06 20:41:34:952,-1.841,2.1643,9.3979,-0.025,0.0069,9.8065,0.2076,-0.1425,0.0716,-20.62,-35.69,6.81,300.31,-81.61,-155.94
52.393833,-1.527028,157.15,15.32,4,68.21,17 / 18,4889310,2019-09-06 20:41:35:053,-1.9341,0.2447,9.948,-0.0304,0.0054,9.8065,0.1291,0.0662,-0.0935,-21,-35.75,7,299.76,-81.54,-156.31
52.393833,-1.527028,157.15,15.32,4,68.21,18 / 20,4889409,2019-09-06 20:41:35:152,-1.2481,0.1725,9.7802,-0.026,0.0124,9.8066,-0.1128,0.0992,-0.0715,-21.25,-36.12,7.19,299.85,-81.83,-156.67
52.393833,-1.527028,157.15,15.32,4,68.21,18 / 20,4889510,2019-09-06 20:41:35:253,-2.4602,-0.0417,9.6261,0.0231,0.0051,9.8065,-0.0952,-0.0551,0.0792,-21.06,-35.69,6.88,299.19,-81.74,-157.13
52.393833,-1.527028,157.15,15.32,4,68.21,18 / 20,4889610,2019-09-06 20:41:35:353,-0.4828,0.8145,9.8153,-0.0114,0.0015,9.8066,0.0107,-0.0362,0.0212,-21.44,-35.81,6.75,299.51,-81.69,-156.77
52.393833,-1.527028,157.15,15.32,4,68.21,18 / 20,4889709,2019-09-06 20:41:35:452,-0.3767,0.3327,9.9852,-0.0115,-0.0045,9.8066,0.0096,-0.0231,-0.037,-20.75,-35.75,7.25,300.09,-81.73,-156.32
52.393833,-1.527028,157.15,15.32,4,68.21,18 / 20,4889810,2019-09-06 20:41:35:553,-1.5459,0.3754,9.4847,-0.0138,0.0032,9.8066,-0.0244,0.0167,0.0544,-20.81,-35.62,6.94,299.72,-81.7,-156.6
52.393833,-1.527028,157.15,15.32,4,68.21,18 / 20,4889909,2019-09-06 20:41:35:652,-0.8604,1.0159,9.2491,0.0181,-0.0016,9.8066,-0.0931,0.005,-0.0002,-20.56,-36.31,6.94,299.36,-81.75,-156.98
52.393833,-1.527028,157.15,15.32,4,68.21,18 / 20,4890011,2019-09-06 20:41:35:754,-1.9924,0.9709,9.4421,-0.0262,0.0084,9.8066,0.0623,-0.0103,-0.0442,-20.87,-35.81,7.31,299.28,-81.66,-156.92
52.393833,-1.527028,157.15,15.32,4,68.21,18 / 20,4890110,2019-09-06 20:41:35:853,-0.5683,0.5569,9.7833,-0.0241,0.0023,9.8066,0.1354,-0.0121,0.0672,-21.19,-35.62,7.13,299.66,-81.89,-156.94
52.393833,-1.527028,157.15,15.32,4,68.21,18 / 20,4890210,2019-09-06 20:41:35:953,-0.98,0.0768,10.0929,-0.0176,-0.0113,9.8066,0.0609,0.0134,-0.0419,-21.5,-36,7.19,300.36,-81.79,-156.17
52.393833,-1.527028,157.15,15.32,4,68.21,18 / 20,4890310,2019-09-06 20:41:36:053,-0.435,0.7341,9.2671,-0.0047,0.0046,9.8066,0.0158,0.0541,0.0261,-21,-35.94,6.88,299.84,-81.73,-156.52
52.393833,-1.527028,157.15,15.32,4,68.21,19 / 20,4890410,2019-09-06 20:41:36:153,-1.8173,0.1403,9.7039,-0.0068,-0.0077,9.8066,0.0004,-0.0151,-0.014,-21,-35.62,7.31,300.23,-81.72,-156.17
52.393833,-1.527028,157.15,15.32,4,68.21,19 / 20,4890509,2019-09-06 20:41:36:252,-0.4554,0.3839,9.8266,-0.0019,0.0135,9.8066,-0.0537,0.0163,-0.0279,-20.87,-35.94,7.44,300.58,-81.76,-155.92
52.393833,-1.527028,157.15,15.32,4,68.21,19 / 20,4890610,2019-09-06 20:41:36:353,-1.7846,0.6296,9.2149,0.003,0.0019,9.8066,0.1115,0.0165,-0.0064,-21.06,-35.56,7,300.39,-81.99,-156.45
52.393833,-1.527028,157.15,15.32,4,68.21,19 / 20,4890710,2019-09-06 20:41:36:453,-1.1876,0.5757,10.0866,-0.0389,0.0051,9.8065,0.0788,0.009,0.0088,-20.56,-35.37,6.88,302.32,-82.23,-155.39
52.393833,-1.527028,157.15,15.32,4,68.21,19 / 20,4890810,2019-09-06 20:41:36:553,-0.7096,0.0625,9.9478,-0.0205,0.0061,9.8066,0.0069,0.0272,-0.0735,-20.94,-36.75,7.19,301.18,-82.23,-155.81
52.393833,-1.527028,157.15,15.32,4,68.21,19 / 20,4890910,2019-09-06 20:41:36:653,-0.9613,0.9382,9.6175,-0.0218,0.0093,9.8066,0.0921,0.005,-0.0055,-20.44,-35.87,6.81,300.62,-82.17,-156.87
52.393833,-1.527028,157.15,15.32,4,68.21,19 / 20,4891009,2019-09-06 20:41:36:752,-0.4522,0.4104,9.9213,-0.0275,0.0009,9.8066,-0.0789,-0.035,0.0337,-20.81,-36.19,7.5,303.15,-82.27,-157.01
52.393833,-1.527028,157.15,15.32,4,68.21,19 / 20,4891109,2019-09-06 20:41:36:852,-0.7524,0.8561,10.1796,0.0209,-0.0031,9.8065,-0.0002,0.0168,-0.0388,-20.44,-35.69,6.88,299.8,-82.13,-157.52
52.393833,-1.527028,157.15,15.32,4,68.21,19 / 20,4891209,2019-09-06 20:41:36:952,-0.0947,0.9895,9.7072,0.0167,-0.0051,9.8065,-0.0566,-0.0048,0.0135,-20.69,-35.69,7,299.79,-82.28,-157.41
52.393833,-1.527028,157.15,15.32,4,68.21,19 / 20,4891309,2019-09-06 20:41:37:052,-0.5498,1.1226,9.5792,0.014,-0.0004,9.8066,-0.0431,0.0497,-0.0186,-21.19,-35.5,7.06,300.14,-82.23,-157.34
52.393833,-1.527028,157.15,15.32,4,68.21,19 / 20,4891410,2019-09-06 20:41:37:153,-0.6539,0.5016,10.1317,-0.0113,0.0021,9.8066,0.009,0.0721,-0.0157,-20.87,-35.56,7.13,300.65,-82.33,-156.73
52.393833,-1.527028,157.15,15.32,4,68.21,19 / 20,4891509,2019-09-06 20:41:37:252,0.2639,0.9185,10.1437,-0.0158,0.0033,9.8066,-0.0331,0.0168,0.01,-21.06,-36.19,7.25,300.75,-82.42,-156.77
52.393833,-1.527028,157.15,15.32,4,68.21,19 / 20,4891610,2019-09-06 20:41:37:353,-0.4902,0.8386,9.8116,-0.004,-0.0008,9.8066,0.0777,0.0062,0.0215,-20.37,-35.81,6.44,297.91,-82.49,-157.03
52.393833,-1.527028,157.15,15.32,4,68.21,19 / 20,4891709,2019-09-06 20:41:37:452,-0.4441,0.7743,9.9335,-0.0111,-0.0034,9.8066,0.093,0.0402,0.006,-20.94,-35.62,6.81,301.21,-82.49,-156.47
52.393833,-1.527028,157.15,15.32,4,68.21,19 / 20,4891810,2019-09-06 20:41:37:553,-0.1139,0.6312,9.9735,0.0035,-0.0011,9.8066,-0.0548,0.0836,0.0024,-21.06,-35.62,6.94,301.37,-82.49,-156.32
52.393833,-1.527028,157.15,15.32,4,68.21,19 / 20,4891909,2019-09-06 20:41:37:652,-0.2903,1.06,9.6191,0.0168,-0.0087,9.8066,-0.0124,0.0906,-0.0145,-21,-35.62,6.69,301.5,-82.38,-156.05
52.393833,-1.527028,157.15,15.32,4,68.21,19 / 20,4892009,2019-09-06 20:41:37:752,-0.242,0.9525,9.9181,-0.0176,-0.0016,9.8065,0.0379,0.0258,0.0319,-21.12,-35.62,6.38,299.69,-82.51,-155.21
52.393833,-1.527028,157.15,15.32,4,68.21,19 / 20,4892110,2019-09-06 20:41:37:853,-0.2559,0.9075,9.6978,-0.015,0.0004,9.8065,0.0483,0.017,0.0166,-21.31,-35.44,7.13,303.23,-82.51,-154.99
52.393833,-1.527028,157.15,15.32,4,68.21,19 / 20,4892209,2019-09-06 20:41:37:952,-0.1428,0.515,10.1839,-0.0011,-0.0031,9.8066,-0.0215,0.0601,-0.0059,-21.25,-35.31,6.31,300.88,-82.53,-154.48
52.393833,-1.527028,157.15,15.32,4,68.21,19 / 20,4892310,2019-09-06 20:41:38:053,-0.4498,1.0334,9.75,0.0006,-0.006,9.8065,-0.0168,0.0619,0.0116,-20.81,-35.81,5.94,301.15,-82.54,-153.96
52.394176,-1.525538,160.48,7.85,4,66.12,19 / 20,4892409,2019-09-06 20:41:38:152,-0.0338,0.4873,9.5286,-0.0023,-0.0058,9.8066,-0.0575,0.0531,-0.0046,-21.06,-35.37,6.06,301.97,-82.54,-153.53
52.394176,-1.525538,160.48,7.85,4,66.12,19 / 20,4892510,2019-09-06 20:41:38:253,-0.4785,0.9246,9.2799,0.0007,0.004,9.8066,-0.0581,0.04,0.0122,-21.06,-35.87,5.88,301.81,-82.57,-153.43
52.394176,-1.525538,160.48,7.85,4,66.12,19 / 20,4892610,2019-09-06 20:41:38:353,-0.4013,-0.2081,9.8763,0.0109,-0.0038,9.8066,0.1238,0.0502,-0.0276,-21.56,-35.5,5.63,302.02,-82.57,-153.27
52.394176,-1.525538,160.48,7.85,4,66.12,19 / 20,4892709,2019-09-06 20:41:38:452,0.1608,-0.1709,10.4313,-0.0179,0.0054,9.8066,0.0962,-0.042,0.0485,-20.81,-35.19,6.25,303,-82.54,-152.62
52.394176,-1.525538,160.48,7.85,4,66.12,19 / 20,4892809,2019-09-06 20:41:38:552,0.4187,0.1546,9.8439,-0.0226,-0.0043,9.8066,-0.0254,0.0523,-0.0132,-20.44,-35.56,6.13,303.81,-82.67,-152.07
52.394176,-1.525538,160.48,7.85,4,66.12,19 / 20,4892909,2019-09-06 20:41:38:652,-0.4172,0.9048,9.5926,0.0037,0.002,9.8066,-0.0031,-0.003,0.0217,-21,-35.56,5.94,303.27,-82.64,-152.23
52.394176,-1.525538,160.48,7.85,4,66.12,19 / 20,4893009,2019-09-06 20:41:38:752,0.0107,0.0431,9.8194,-0.0115,0.004,9.8066,-0.0131,0.016,-0.0181,-21.31,-35.37,5.44,301.14,-82.73,-151.88
52.394176,-1.525538,160.48,7.85,4,66.12,19 / 20,4893110,2019-09-06 20:41:38:853,-0.229,0.8395,10.2644,-0.0021,0.0066,9.8065,0.0001,0.0467,-0.0183,-20.75,-35.19,5.69,304.17,-82.89,-152.07
52.394176,-1.525538,160.48,7.85,4,66.12,19 / 20,4893209,2019-09-06 20:41:38:952,0.019,0.2098,10.3097,-0.0049,0.0108,9.8066,-0.0567,0.055,-0.0213,-21.31,-35.56,5.81,303.67,-83,-152.4
52.394176,-1.525538,160.48,7.85,4,66.12,19 / 20,4893309,2019-09-06 20:41:39:052,-0.1895,0.9283,8.9467,0.0107,-0.0005,9.8065,-0.1043,0.032,0.0202,-20.5,-35.06,5.81,304,-82.98,-152.68
52.394176,-1.525538,160.48,7.85,4,66.12,18 / 20,4893410,2019-09-06 20:41:39:153,-0.2636,0.2915,9.3947,0.0288,-0.0056,9.8065,0.1191,0.0361,-0.0312,-20.87,-36,5.94,303.26,-82.92,-152.65
52.394176,-1.525538,160.48,7.85,4,66.12,18 / 20,4893509,2019-09-06 20:41:39:252,-0.4121,0.4727,9.7062,-0.0401,0.0089,9.8065,0.0879,0.0677,-0.0039,-20.56,-35.75,5.56,304.24,-83.22,-152.21
52.394176,-1.525538,160.48,7.85,4,66.12,18 / 20,4893610,2019-09-06 20:41:39:353,-0.6516,0.5772,10.4239,-0.0349,0.0049,9.8066,-0.023,0.033,-0.0271,-20.87,-35.12,5.5,304.57,-83.27,-152.25
52.394176,-1.525538,160.48,7.85,4,66.12,18 / 20,4893710,2019-09-06 20:41:39:453,-0.1754,-0.0516,9.9197,0.0092,0.0103,9.8066,-0.0149,0.008,0.003,-21.31,-35.69,5.06,301.92,-83.34,-151.81
52.394176,-1.525538,160.48,7.85,4,66.12,18 / 20,4893810,2019-09-06 20:41:39:553,0.176,0.3347,9.7238,0.0022,-0.0017,9.8066,0.0202,-0.0084,0.0132,-20.56,-35.5,5.63,304.65,-83.39,-152.35
52.394176,-1.525538,160.48,7.85,4,66.12,18 / 20,4893910,2019-09-06 20:41:39:653,-0.3298,-0.4619,10.0373,0.0059,-0.0029,9.8066,-0.0095,-0.0358,0.002,-21.31,-35.81,5.5,304.6,-83.38,-152.13
52.394176,-1.525538,160.48,7.85,4,66.12,18 / 20,4894010,2019-09-06 20:41:39:753,0.5381,0.6118,9.538,-0.0021,0.0117,9.8066,-0.0176,-0.0361,0.0337,-21.19,-35.81,5.31,301.18,-83.46,-152.64
52.394176,-1.525538,160.48,7.85,4,66.12,18 / 20,4894110,2019-09-06 20:41:39:853,1.0736,0.3394,9.8669,-0.0029,0.0043,9.8066,-0.0213,0.0265,-0.0316,-20.44,-35.62,5.69,304.62,-83.64,-152.82
52.394176,-1.525538,160.48,7.85,4,66.12,18 / 20,4894210,2019-09-06 20:41:39:953,0.3308,0.6703,9.9115,0.004,-0.0005,9.8066,-0.0171,0.0012,-0.0394,-20.56,-35.87,5.44,301.18,-83.66,-152.95
52.394176,-1.525538,160.48,7.85,4,66.12,18 / 20,4894309,2019-09-06 20:41:40:052,-0.5706,0.1524,10.0535,0.0242,0.0019,9.8065,-0.0402,-0.0017,-0.0214,-20.87,-35.94,5.06,301.26,-83.77,-153.04
52.394176,-1.525538,160.48,7.85,4,66.12,18 / 19,4894409,2019-09-06 20:41:40:152,0.2993,-0.1811,10.6497,-0.0026,0.0046,9.8066,0.0378,-0.0156,0.0004,-20.87,-35.62,5.63,302.83,-83.72,-154.21
52.394176,-1.525538,160.48,7.85,4,66.12,18 / 19,4894510,2019-09-06 20:41:40:253,0.7119,0.5358,9.7498,0.0245,0.0016,9.8065,0.0224,-0.0247,0.0309,-20.62,-36.06,5.75,300.7,-83.5,-155.81
52.394176,-1.525538,160.48,7.85,4,66.12,18 / 19,4894609,2019-09-06 20:41:40:352,-0.1921,-0.2911,9.3933,0.0147,-0.0152,9.8066,0.0383,-0.0254,-0.0129,-20.5,-36,6.06,301.12,-83.35,-155.51
52.394176,-1.525538,160.48,7.85,4,66.12,18 / 19,4894710,2019-09-06 20:41:40:453,0.6279,-0.2342,9.2673,-0.0115,0.0045,9.8066,-0.0328,0.0129,-0.0045,-21.25,-36.12,5.38,297.7,-83.38,-155.68
52.394176,-1.525538,160.48,7.85,4,66.12,18 / 19,4894810,2019-09-06 20:41:40:553,1.4354,0.2636,9.6585,-0.0244,0.0046,9.8065,-0.0708,0.0677,-0.0653,-20.75,-35.69,5.75,300.91,-83.54,-155.67
52.394176,-1.525538,160.48,7.85,4,66.12,18 / 19,4894909,2019-09-06 20:41:40:652,1.8436,0.137,10.0084,-0.0172,0.0089,9.8066,0.0137,-0.0789,0.06,-20.81,-35.81,5.44,298.7,-83.78,-155.39
52.394176,-1.525538,160.48,7.85,4,66.12,18 / 19,4895010,2019-09-06 20:41:40:753,0.5297,0.0805,9.5171,-0.0161,0.0057,9.8066,0.0399,-0.0727,-0.0068,-21.19,-35.69,5.06,300.64,-84.07,-154.05
52.394176,-1.525538,160.48,7.85,4,66.12,18 / 19,4895109,2019-09-06 20:41:40:852,1.048,0.2277,9.7515,-0.0234,0.0057,9.8066,0.0529,-0.0382,0.0268,-19.94,-35.62,5.63,304.99,-84.38,-153.6
52.394176,-1.525538,160.48,7.85,4,66.12,18 / 19,4895210,2019-09-06 20:41:40:953,1.4816,0.215,9.7765,-0.0034,-0.0042,9.8066,-0.0247,-0.0611,0.0147,-20.81,-35.44,5.94,304.91,-84.32,-153.41
52.394176,-1.525538,160.48,7.85,4,66.12,18 / 19,4895310,2019-09-06 20:41:41:053,0.771,-0.7285,10.1668,0.0076,-0.0035,9.8066,-0.0165,-0.0116,0.0132,-20.81,-35.5,5.44,302.24,-84.16,-152.97
52.394176,-1.525538,160.48,7.85,4,66.12,18 / 20,4895410,2019-09-06 20:41:41:153,0.8328,-0.7708,9.9282,0.0095,0.0092,9.8066,-0.0374,-0.0433,-0.041,-20.62,-35.44,5.56,304.3,-84.12,-153.69
52.394176,-1.525538,160.48,7.85,4,66.12,18 / 20,4895509,2019-09-06 20:41:41:252,1.1643,0.0203,9.5827,0.0071,0.0058,9.8066,-0.0293,-0.0395,-0.0167,-21.12,-35.5,5.63,303.7,-84.15,-154.28
52.394176,-1.525538,160.48,7.85,4,66.12,18 / 20,4895610,2019-09-06 20:41:41:353,0.9476,-0.0912,9.6585,0.0145,0.0125,9.8066,-0.0716,-0.0322,-0.012,-21.06,-36,5.44,300.37,-84.3,-154.66
52.394176,-1.525538,160.48,7.85,4,66.12,18 / 20,4895709,2019-09-06 20:41:41:452,0.3023,0.2877,9.9764,0.0095,-0.0031,9.8066,0.0021,-0.067,0.0134,-21,-35.62,6,302.77,-84.41,-155.27
52.394176,-1.525538,160.48,7.85,4,66.12,18 / 20,4895809,2019-09-06 20:41:41:552,0.3983,0.179,10.0178,-0.008,0.0099,9.8066,-0.0101,-0.0943,0.0035,-20.69,-35.44,5.75,302.46,-84.52,-155.92
52.394176,-1.525538,160.48,7.85,4,66.12,18 / 20,4895909,2019-09-06 20:41:41:652,1.1991,0.3088,9.382,0.0166,0.0089,9.8066,-0.0466,-0.0038,-0.0741,-20.12,-35.87,5.81,300.61,-84.49,-157.75
52.394176,-1.525538,160.48,7.85,4,66.12,18 / 20,4896010,2019-09-06 20:41:41:753,0.4516,-0.175,9.5829,-0.0297,0.0166,9.8065,0.1075,-0.0714,0.0172,-20.81,-35.75,6.31,299.29,-84.44,-158.51
52.394176,-1.525538,160.48,7.85,4,66.12,18 / 20,4896110,2019-09-06 20:41:41:853,1.4812,0.072,9.6299,-0.0227,0.0125,9.8066,0.052,-0.0662,-0.0169,-20.44,-35.56,6.5,300.69,-84.4,-160.26
52.394176,-1.525538,160.48,7.85,4,66.12,18 / 20,4896210,2019-09-06 20:41:41:953,1.1615,-0.4802,9.8314,-0.0202,-0.0006,9.8066,-0.0714,-0.022,0.0325,-20.81,-35.87,6.56,300.23,-84.4,-160.18
52.394176,-1.525538,160.48,7.85,4,66.12,18 / 20,4896310,2019-09-06 20:41:42:053,1.7718,0.4999,10.361,-0.0069,-0.0064,9.8065,-0.1137,-0.0572,0.0252,-20.31,-35.94,6.5,303.66,-84.57,-157.79
52.394176,-1.525538,160.48,7.85,4,66.12,18 / 20,4896409,2019-09-06 20:41:42:152,1.7784,-0.2436,9.4444,0.0371,-0.0095,9.8065,-0.0611,-0.0959,0.079,-20.62,-35.31,6.75,303.34,-84.52,-157.7
52.394176,-1.525538,160.48,7.85,4,66.12,18 / 20,4896510,2019-09-06 20:41:42:253,0.56,-0.3428,9.4038,0.0194,-0.0054,9.8065,-0.0141,-0.0138,-0.0438,-20.87,-35.62,6.56,303.68,-84.49,-157.14
52.394176,-1.525538,160.48,7.85,4,66.12,18 / 20,4896609,2019-09-06 20:41:42:352,1.1616,-0.4704,10.3678,0.0109,-0.0085,9.8066,-0.0152,-0.0977,0.0659,-20.12,-35,6.25,302.33,-84.5,-156.43
52.394176,-1.525538,160.48,7.85,4,66.12,18 / 20,4896710,2019-09-06 20:41:42:453,0.1332,0.0733,9.9912,-0.002,-0.0174,9.8066,0.145,-0.1162,0.0786,-21.69,-35.75,6.38,303.1,-84.34,-154.5
52.394176,-1.525538,160.48,7.85,4,66.12,18 / 20,4896810,2019-09-06 20:41:42:553,1.603,-0.1474,9.5358,-0.0227,0.0053,9.8066,0.142,-0.0265,-0.0432,-20.81,-35.19,6.69,308.08,-84.36,-153.17
52.394176,-1.525538,160.48,7.85,4,66.12,18 / 20,4896910,2019-09-06 20:41:42:653,1.6754,-0.5437,9.7033,0.0175,-0.0051,9.8066,-0.0712,0.0143,0.062,-21.37,-35.69,6.75,307.27,-84.3,-153.62
52.394176,-1.525538,160.48,7.85,4,66.12,18 / 20,4897010,2019-09-06 20:41:42:753,1.4492,0.5765,9.6457,0.004,-0.02,9.8065,-0.0469,-0.0103,0.0084,-21.37,-35.06,6.63,308.41,-84.2,-152.66
52.394176,-1.525538,160.48,7.85,4,66.12,18 / 20,4897110,2019-09-06 20:41:42:853,0.697,0.1873,10.0782,-0.0137,-0.0047,9.8066,-0.1981,0.0492,-0.0439,-21.56,-35.44,7.25,309.91,-84.26,-150.9
52.394176,-1.525538,160.48,7.85,4,66.12,18 / 20,4897210,2019-09-06 20:41:42:953,0.9002,-1.4765,10.6468,0.0578,0.0114,9.8064,-0.0906,-0.0568,0.0923,-21.56,-35.31,6.81,309.62,-84.46,-151.41
52.394176,-1.525538,160.48,7.85,4,66.12,18 / 20,4897309,2019-09-06 20:41:43:052,0.9791,0.1883,10.0438,0.06,-0.0138,9.8064,0.0679,0.0693,-0.1016,-21.62,-35,7.31,305.23,-84.15,-155.01
52.394176,-1.525538,160.48,7.85,4,66.12,19 / 20,4897409,2019-09-06 20:41:43:152,1.5235,1.0394,8.7563,0.0088,0.0104,9.8066,-0.0805,0.1732,0.0169,-21,-35.69,7.69,306.38,-84.17,-156.78
52.394176,-1.525538,160.48,7.85,4,66.12,19 / 20,4897510,2019-09-06 20:41:43:253,2.0278,-0.1894,9.5315,0.0248,-0.0047,9.8066,-0.0321,0.0112,-0.0021,-21,-35.62,7.13,302.41,-84.17,-157.85
52.394176,-1.525538,160.48,7.85,4,66.12,19 / 20,4897610,2019-09-06 20:41:43:353,0.9759,-1.2542,10.3411,0.0023,0.0053,9.8066,0.0012,-0.015,-0.0292,-21.19,-35.81,7.38,303.89,-84.25,-156.61
52.394176,-1.525538,160.48,7.85,4,66.12,19 / 20,4897709,2019-09-06 20:41:43:452,0.6463,-0.0185,9.3217,0.0168,0.0147,9.8066,-0.0068,0.0376,-0.0371,-20.81,-35.44,7.13,302.45,-84.36,-158.3
52.394176,-1.525538,160.48,7.85,4,66.12,19 / 20,4897810,2019-09-06 20:41:43:553,1.4314,0.0862,9.3488,0.004,0.0065,9.8065,-0.0428,-0.0698,-0.0017,-21,-35.62,7.31,300.17,-84.44,-160.28
52.394176,-1.525538,160.48,7.85,4,66.12,19 / 20,4897910,2019-09-06 20:41:43:653,1.0253,0.3593,9.3294,-0.0024,-0.0001,9.8066,-0.0407,-0.0423,0.0138,-21.37,-35.81,7.81,302.74,-84.49,-160.54
52.394176,-1.525538,160.48,7.85,4,66.12,19 / 20,4898010,2019-09-06 20:41:43:753,0.8132,-0.7773,9.8755,-0.003,0.0128,9.8066,-0.052,-0.032,0.0136,-20.5,-35.94,8.13,302.7,-84.67,-161.45
52.394176,-1.525538,160.48,7.85,4,66.12,19 / 20,4898109,2019-09-06 20:41:43:852,1.315,0.4576,9.9314,0.0032,0.0083,9.8066,0.0711,-0.0325,0.0072,-19.81,-35.56,7.69,302.2,-84.79,-162.09
52.394176,-1.525538,160.48,7.85,4,66.12,19 / 20,4898210,2019-09-06 20:41:43:953,1.5363,0.3326,10.3407,0.0003,-0.008,9.8066,0.1154,-0.0422,-0.042,-20.94,-36.06,8.06,300.97,-84.75,-162.53
52.394176,-1.525538,160.48,7.85,4,66.12,19 / 20,4898309,2019-09-06 20:41:44:052,2.8354,-0.6865,9.7465,0.011,0.0147,9.8066,-0.0084,-0.0431,0.0312,-20.87,-35.44,7.63,299.39,-84.61,-164.02
52.394176,-1.525538,160.48,7.85,4,66.12,19 / 20,4898410,2019-09-06 20:41:44:153,1.9288,-0.7295,9.5665,-0.0068,-0.0113,9.8066,0.0619,-0.0615,0.039,-21,-35.06,8.13,300.33,-84.56,-163.07
52.394176,-1.525538,160.48,7.85,4,66.12,19 / 20,4898509,2019-09-06 20:41:44:252,1.8477,-0.696,10.007,-0.0132,-0.0006,9.8066,-0.1161,0.0301,-0.0438,-20.56,-35.62,7.88,301.81,-84.67,-161.64
52.394176,-1.525538,160.48,7.85,4,66.12,19 / 20,4898609,2019-09-06 20:41:44:352,0.9778,-0.4698,9.9398,0.0036,0.0091,9.8066,-0.1481,0.052,-0.006,-20.56,-35.81,7.38,298.56,-85.01,-162.62
52.394176,-1.525538,160.48,7.85,4,66.12,19 / 20,4898710,2019-09-06 20:41:44:453,1.6332,-0.3576,9.5854,0.0009,0.0058,9.8066,0.1781,-0.0461,-0.0189,-20.81,-35.81,6.88,298.38,-85.17,-163.04
52.394176,-1.525538,160.48,7.85,4,66.12,19 / 20,4898810,2019-09-06 20:41:44:553,0.5677,0.7304,9.8668,-0.0223,0.0144,9.8066,0.203,-0.0398,-0.0489,-20.31,-35.87,6.94,297.23,-85.09,-164.52
52.394176,-1.525538,160.48,7.85,4,66.12,19 / 20,4898909,2019-09-06 20:41:44:652,0.1796,0.5953,9.0938,-0.0409,0.0216,9.8065,-0.3244,0.0499,0.0001,-20.5,-35.75,6.69,296.49,-85.34,-165.61
52.394176,-1.525538,160.48,7.85,4,66.12,19 / 20,4899010,2019-09-06 20:41:44:753,0.5538,0.8824,8.6708,0.0608,-0.0065,9.8064,-0.3489,0.0149,-0.0091,-20.25,-35.81,6.69,294.59,-85.27,-167.29
52.394176,-1.525538,160.48,7.85,4,66.12,19 / 20,4899109,2019-09-06 20:41:44:852,0.9673,-0.465,8.9416,0.0437,-0.0111,9.8065,-0.1869,-0.0203,0.0125,-20.69,-36.25,6.88,296.18,-85.64,-165.81
52.394176,-1.525538,160.48,7.85,4,66.12,19 / 20,4899209,2019-09-06 20:41:44:952,-0.2261,-1.0077,9.1718,-0.0664,-0.0068,9.8063,-0.0648,-0.0833,0.0793,-20.75,-35.87,6.25,301.09,-86.14,-159.33
52.394176,-1.525538,160.48,7.85,4,66.12,19 / 20,4899309,2019-09-06 20:41:45:052,-0.9872,0.6779,9.6422,0.0193,-0.016,9.8066,0.2624,-0.0473,0.0756,-21.06,-35.56,6.5,303.79,-85.9,-159.02
52.394176,-1.525538,160.48,7.85,4,66.12,18 / 20,4899409,2019-09-06 20:41:45:152,0.3696,1.1747,9.0684,-0.034,-0.0262,9.8065,0.1226,0.0165,-0.0306,-20.69,-35.37,6.44,299.81,-85.81,-160.23
52.394176,-1.525538,160.48,7.85,4,66.12,18 / 20,4899510,2019-09-06 20:41:45:253,2.0179,-0.5198,12.4801,-0.0067,-0.0207,9.8065,0.7784,-0.0002,-0.0008,-20.44,-35.31,6.63,307.82,-85.76,-155.84
52.394176,-1.525538,160.48,7.85,4,66.12,18 / 20,4899609,2019-09-06 20:41:45:352,1.6167,-2.6813,12.4427,-0.1796,0.0289,9.8049,0.9125,-0.2543,0.123,-21.31,-35.62,6.69,315.47,-86.19,-148.55
52.394176,-1.525538,160.48,7.85,4,66.12,18 / 20,4899710,2019-09-06 20:41:45:453,3.1142,-0.1912,11.9528,-0.2608,0.0114,9.8031,-0.2728,0.0634,0.1235,-21.25,-35.62,6.69,321.83,-86.24,-142.76
52.394176,-1.525538,160.48,7.85,4,66.12,18 / 20,4899809,2019-09-06 20:41:45:552,1.8394,-0.9897,9.0134,0.1904,-0.0729,9.8044,0.1094,-0.0197,-0.0009,-21.5,-34.81,6.56,315.25,-85.18,-147.71
52.394176,-1.525538,160.48,7.85,4,66.12,18 / 20,4899910,2019-09-06 20:41:45:653,0.365,2.4293,9.6041,0.0888,-0.0228,9.8062,-0.3525,-0.1069,0.2164,-20.75,-35.25,6.75,318.4,-85.22,-144.91
52.394176,-1.525538,160.48,7.85,4,66.12,18 / 20,4900010,2019-09-06 20:41:45:753,0.2523,0.8371,10.7964,0.0968,-0.0152,9.8061,-0.3931,-0.0575,0.052,-21.56,-35.25,6.63,320.21,-85.35,-142.82
52.394176,-1.525538,160.48,7.85,4,66.12,18 / 20,4900110,2019-09-06 20:41:45:853,-1.3003,0.4191,8.8281,0.1042,-0.0043,9.806,0.2414,0.1085,-0.0605,-21.44,-35.12,6.75,314.44,-84.86,-148.06
52.394176,-1.525538,160.48,7.85,4,66.12,18 / 20,4900210,2019-09-06 20:41:45:953,-0.3483,-0.2119,10.4767,-0.1582,0.0051,9.8053,0.2564,-0.0417,0.0356,-20.94,-34.94,6.69,319.09,-85.17,-144.24
52.394176,-1.525538,160.48,7.85,4,66.12,18 / 20,4900310,2019-09-06 20:41:46:053,-0.3425,-0.6367,9.9912,-0.1474,0.0127,9.8055,0.1329,0.0221,-0.0804,-21.75,-35.06,6.56,317.92,-84.96,-144.5
52.394176,-1.525538,160.48,7.85,4,66.12,19 / 20,4900410,2019-09-06 20:41:46:153,0.8241,1.0096,7.4636,0.0161,-0.0058,9.8066,0.201,0.17,0.0482,-21.5,-34.94,6.75,314.93,-84.93,-147.7
52.394176,-1.525538,160.48,7.85,4,66.12,19 / 20,4900509,2019-09-06 20:41:46:252,1.1549,-0.9209,9.4537,0.0769,-0.0209,9.8063,-0.1628,0.0383,0.0309,-21.81,-35.25,7.13,314.1,-84.82,-147.77
52.394176,-1.525538,160.48,7.85,4,66.12,19 / 20,4900610,2019-09-06 20:41:46:353,0.4736,0.4725,8.8772,0.0024,0.0033,9.8066,-0.1348,-0.0772,0,-21.06,-34.94,6.38,315.02,-84.94,-145.07
52.394176,-1.525538,160.48,7.85,4,66.12,19 / 20,4900710,2019-09-06 20:41:46:453,1.207,-0.1579,10.2546,0.0001,-0.001,9.8066,-0.0163,0.0137,0.0503,-22,-35.06,7.13,318.87,-85.05,-143.74
52.394176,-1.525538,160.48,7.85,4,66.12,19 / 20,4900810,2019-09-06 20:41:46:553,2.626,-0.6281,10.5325,0.0075,-0.003,9.8066,0.0633,-0.0502,0.0145,-21.37,-34.62,7.19,320.37,-85.07,-142.98
52.394176,-1.525538,160.48,7.85,4,66.12,19 / 20,4900910,2019-09-06 20:41:46:653,0.0912,0.2661,10.2222,0.009,-0.0093,9.8066,-0.0785,-0.0105,-0.0253,-21.56,-35.19,7.06,319.4,-84.95,-143.14
52.394176,-1.525538,160.48,7.85,4,66.12,19 / 20,4901010,2019-09-06 20:41:46:753,-0.0813,-0.635,9.8821,0.0121,0.01,9.8065,-0.0786,-0.0689,0.0712,-21.81,-34.75,7.25,316.7,-84.74,-145.35
52.394176,-1.525538,160.48,7.85,4,66.12,19 / 20,4901109,2019-09-06 20:41:46:852,2.1691,-0.5115,9.8551,0.015,-0.0149,9.8065,0.0251,0.0352,0.0048,-21.5,-34.56,7.56,319.28,-84.52,-145.86
52.394176,-1.525538,160.48,7.85,4,66.12,19 / 20,4901209,2019-09-06 20:41:46:952,1.6114,0.1397,9.9767,0.0077,-0.0103,9.8066,-0.1047,-0.0155,-0.0013,-22,-34.81,7.25,316.62,-84.62,-145.29
52.394176,-1.525538,160.48,7.85,4,66.12,19 / 20,4901310,2019-09-06 20:41:47:053,0.0463,-0.103,9.7567,0.0308,0.0038,9.8065,0.1578,0.0018,0.0518,-21.81,-34.69,7.13,316.67,-84.61,-145.23
52.394432,-1.524516,163,10.99,6,72.71,19 / 20,4901409,2019-09-06 20:41:47:152,1.7018,0.7555,9.5733,-0.0084,0.0194,9.8066,0.0769,0.0536,-0.0349,-21.62,-34.44,6.88,317.02,-84.81,-145.29
52.394432,-1.524516,163,10.99,6,72.71,19 / 20,4901510,2019-09-06 20:41:47:253,1.8146,-0.8251,10.3824,0.0356,-0.0156,9.8065,-0.124,-0.0131,-0.012,-21.87,-35.31,7.56,319.22,-84.79,-145.55
52.394432,-1.524516,163,10.99,6,72.71,19 / 20,4901609,2019-09-06 20:41:47:352,1.9107,0.1816,9.1554,-0.0001,0.0079,9.8066,-0.0447,-0.0336,-0.0312,-21.31,-34.75,7.25,316.15,-84.71,-146.35
52.394432,-1.524516,163,10.99,6,72.71,19 / 20,4901710,2019-09-06 20:41:47:453,-0.3748,-0.0499,10.07,0.0372,-0.0114,9.8065,0.0068,0.0221,0.0293,-21.56,-35.06,6.94,314.75,-84.66,-147.01
52.394432,-1.524516,163,10.99,6,72.71,19 / 20,4901809,2019-09-06 20:41:47:552,1.8279,-0.6585,9.977,-0.0083,0.0058,9.8066,0.1714,0.0303,-0.0106,-21.62,-35.19,6.69,316.27,-84.85,-145.86
52.394432,-1.524516,163,10.99,6,72.71,19 / 20,4901909,2019-09-06 20:41:47:652,1.2524,0.0222,9.1885,0.0418,-0.0012,9.8065,-0.1472,-0.0206,0.0262,-21.56,-35.12,7.25,313.17,-84.7,-148.48
52.394432,-1.524516,163,10.99,6,72.71,19 / 20,4902009,2019-09-06 20:41:47:752,0.3377,-1.083,10.0449,0.0172,0.0032,9.8066,-0.1091,-0.0529,0.0079,-21.81,-34.69,6.69,313.42,-84.79,-148.36
52.394432,-1.524516,163,10.99,6,72.71,19 / 20,4902110,2019-09-06 20:41:47:853,-0.2989,0.808,10.2662,-0.0161,0.023,9.8066,0.0491,0.0066,-0.0332,-21.44,-35.87,7.06,313.21,-84.91,-149.07
52.394432,-1.524516,163,10.99,6,72.71,19 / 20,4902209,2019-09-06 20:41:47:952,2.2658,-0.1198,10.262,-0.034,0.0084,9.8065,0.0601,-0.0679,0.0123,-21.5,-35.19,6.25,309.31,-85.14,-150.49
52.394432,-1.524516,163,10.99,6,72.71,19 / 20,4902310,2019-09-06 20:41:48:053,0.9009,0.9498,9.9601,0.0454,-0.0047,9.8064,0.0245,0.0172,0.012,-21.12,-35.37,7.25,308.92,-84.77,-152.95
52.394432,-1.524516,163,10.99,6,72.71,19 / 20,4902410,2019-09-06 20:41:48:153,1.0835,-0.4451,10.1497,-0.0026,0.0039,9.8066,0.0905,-0.039,-0.0016,-21.5,-35.69,7.63,311.87,-84.88,-152.75
52.394432,-1.524516,163,10.99,6,72.71,19 / 20,4902510,2019-09-06 20:41:48:253,1.4838,1.3364,9.8108,0.0519,-0.0151,9.8064,-0.1167,-0.0388,0.0597,-21.06,-35.44,7.25,309.2,-85.09,-153.1
52.394432,-1.524516,163,10.99,6,72.71,19 / 20,4902610,2019-09-06 20:41:48:353,1.5938,-0.538,9.2711,0.0466,-0.0012,9.8065,-0.011,-0.0085,-0.0192,-21.5,-35.19,6.63,306.94,-84.77,-154.75
52.394432,-1.524516,163,10.99,6,72.71,19 / 20,4902710,2019-09-06 20:41:48:453,0.3633,0.8349,9.8851,-0.0169,0.0092,9.8065,0.0809,0.0934,0.0413,-21.12,-35.87,6.75,305.54,-84.93,-156.06
52.394432,-1.524516,163,10.99,6,72.71,19 / 20,4902810,2019-09-06 20:41:48:553,1.2796,0.631,10.2415,0.005,0.0036,9.8066,-0.0427,0.0457,0.0304,-21.19,-35.56,6.75,305.11,-84.93,-156.46
52.394432,-1.524516,163,10.99,6,72.71,19 / 20,4902909,2019-09-06 20:41:48:652,2.8651,-0.6492,9.1349,-0.01,-0.0034,9.8066,0.0494,0.0667,0.0225,-20.31,-35.31,6,303,-84.99,-156.53
52.394432,-1.524516,163,10.99,6,72.71,19 / 20,4903014,2019-09-06 20:41:48:757,1.2655,1.8131,9.1067,-0.0141,0.0129,9.8066,-0.0393,0.0963,-0.064,-21.06,-35.25,6.56,304.16,-84.92,-157.5
52.394432,-1.524516,163,10.99,6,72.71,19 / 20,4903110,2019-09-06 20:41:48:853,-0.5455,0.2152,9.471,0.0056,0.0082,9.8066,0.021,0.1611,-0.0444,-20.81,-35.81,6.44,300.91,-85.06,-157.92
52.394432,-1.524516,163,10.99,6,72.71,19 / 20,4903209,2019-09-06 20:41:48:952,-0.1885,-0.7191,9.636,0.0113,-0.0101,9.8066,0.0674,-0.0466,0.0875,-20.44,-35.12,6.06,301.09,-85.09,-158.44
52.394432,-1.524516,163,10.99,6,72.71,19 / 20,4903310,2019-09-06 20:41:49:053,0.7623,1.1949,9.8103,0.0142,-0.0128,9.8066,0.0748,-0.0149,0.0489,-21.06,-35.25,6.06,299.17,-85.12,-159.83
52.394432,-1.524516,163,10.99,6,72.71,18 / 20,4903409,2019-09-06 20:41:49:152,1.6596,0.6841,10.0002,-0.0017,-0.0024,9.8066,0.0247,0.0221,0.0186,-21.25,-35.25,6.13,299.83,-84.99,-159.03
52.394432,-1.524516,163,10.99,6,72.71,18 / 20,4903510,2019-09-06 20:41:49:253,-0.3386,0.1914,10.1729,0.0205,-0.0062,9.8065,-0.0451,0.0025,-0.0367,-20.62,-34.81,5.81,300.49,-85.1,-158.57
52.394432,-1.524516,163,10.99,6,72.71,18 / 20,4903609,2019-09-06 20:41:49:352,0.5097,0.4997,9.7683,0.0033,0,9.8066,-0.0622,-0.0213,0.0622,-20.87,-35,5.81,300.44,-85.02,-158.51
52.394432,-1.524516,163,10.99,6,72.71,18 / 20,4903710,2019-09-06 20:41:49:453,-0.2619,0.1579,9.5896,-0.0099,0.0022,9.8065,-0.0032,0.0157,-0.019,-20.94,-35.31,5.56,301.82,-85.07,-157.29
52.394432,-1.524516,163,10.99,6,72.71,18 / 20,4903810,2019-09-06 20:41:49:553,1.9979,0.1882,10.0814,-0.0322,0.0095,9.8065,0.0525,0.0084,-0.003,-20.81,-35.56,5.81,301.77,-85.18,-157.31
52.394432,-1.524516,163,10.99,6,72.71,18 / 20,4903909,2019-09-06 20:41:49:652,-0.2996,0.3182,10.974,0.0386,0.0074,9.8066,0.0375,0.0157,-0.0379,-20.62,-34.81,5.38,296.93,-85,-159.11
52.394432,-1.524516,163,10.99,6,72.71,18 / 20,4904010,2019-09-06 20:41:49:753,1.4993,0.1923,9.6818,0.0024,0.0011,9.8066,-0.0582,-0.0952,0.0623,-21,-35.94,5.81,298.96,-85.01,-159.67
52.394432,-1.524516,163,10.99,6,72.71,18 / 20,4904110,2019-09-06 20:41:49:853,1.0608,1.0965,9.6135,-0.0124,-0.0065,9.8066,0.1358,0.0039,0.0311,-21.19,-35.06,5.56,299,-84.8,-159.52
52.394432,-1.524516,163,10.99,6,72.71,18 / 20,4904209,2019-09-06 20:41:49:952,0.3057,0.4052,9.6325,-0.0275,0.0076,9.8066,-0.0289,-0.0053,0.0165,-21.19,-35.69,5.69,300.3,-84.8,-158.11
52.394432,-1.524516,163,10.99,6,72.71,18 / 20,4904309,2019-09-06 20:41:50:052,-0.5872,-0.2574,10.2534,-0.0049,-0.0056,9.8065,0.1155,0.0375,-0.0433,-20.87,-35.81,6,301.62,-84.76,-156.83
52.394432,-1.524516,163,10.99,6,72.71,19 / 20,4904410,2019-09-06 20:41:50:153,0.7669,0.3445,9.43,-0.0085,-0.0038,9.8066,0.0988,-0.0394,0.06,-21.56,-35.56,5.94,300.42,-84.63,-157.37
52.394432,-1.524516,163,10.99,6,72.71,19 / 20,4904509,2019-09-06 20:41:50:252,0.3983,0.2995,9.6653,0.0077,-0.0031,9.8066,-0.0371,0.0262,-0.0233,-21.44,-35.62,5.56,300.61,-84.48,-157.35
52.394432,-1.524516,163,10.99,6,72.71,19 / 20,4904609,2019-09-06 20:41:50:352,-1.7065,0.7935,9.6662,-0.0072,-0.0048,9.8066,-0.0489,-0.0191,-0.0363,-20.81,-35.31,5.56,301.78,-84.57,-156.62
52.394432,-1.524516,163,10.99,6,72.71,19 / 20,4904709,2019-09-06 20:41:50:452,-0.0479,0.0479,9.7954,-0.0174,0.0017,9.8065,0.0279,0.0144,0.0342,-21.31,-35.31,5.31,298.46,-84.71,-157.25
52.394432,-1.524516,163,10.99,6,72.71,19 / 20,4904809,2019-09-06 20:41:50:552,0.4876,-0.3058,9.3186,-0.0015,0.0014,9.8066,0.0542,-0.0637,-0.0084,-21.25,-35.81,5,297.92,-84.75,-157.59
52.394432,-1.524516,163,10.99,6,72.71,19 / 20,4904910,2019-09-06 20:41:50:653,0.0851,1.2451,9.6364,0.0145,-0.0034,9.8066,0.0289,-0.0713,0.0391,-20.62,-35.25,5.5,298.91,-84.63,-159.36
52.394432,-1.524516,163,10.99,6,72.71,19 / 20,4905009,2019-09-06 20:41:50:752,0.6552,0.1068,9.8426,0.0141,-0.0011,9.8066,0.0871,-0.0248,0.0027,-21.56,-35.62,5.63,298.25,-84.55,-159.28
52.394432,-1.524516,163,10.99,6,72.71,19 / 20,4905109,2019-09-06 20:41:50:852,1.1363,-0.4159,9.9266,-0.0412,-0.0003,9.8065,0.0405,0.0191,0.0251,-21,-35.62,5.69,298.58,-84.68,-159.53
52.394432,-1.524516,163,10.99,6,72.71,19 / 20,4905209,2019-09-06 20:41:50:952,1.1145,0.6859,10.4289,-0.0234,-0.0066,9.8066,0.0958,0.0091,-0.0014,-21.06,-36.06,5.56,299.64,-84.62,-158.46
52.394432,-1.524516,163,10.99,6,72.71,19 / 20,4905310,2019-09-06 20:41:51:053,2.2443,-0.6393,10.1205,0.0419,-0.008,9.8065,-0.1089,-0.0105,-0.0961,-21.5,-35.44,5.25,295.05,-84.44,-160.02
52.394432,-1.524516,163,10.99,6,72.71,18 / 20,4905410,2019-09-06 20:41:51:153,0.6872,0.3155,9.8538,0.0259,0.0056,9.8065,-0.019,-0.0478,0.0162,-20.75,-35.5,5.25,293.76,-84.51,-161.35
52.394432,-1.524516,163,10.99,6,72.71,18 / 20,4905509,2019-09-06 20:41:51:252,0.7228,-0.7795,9.8939,-0.0043,0.0007,9.8066,0.0709,-0.0355,0.0591,-20.87,-35.69,5.19,292.35,-84.5,-162.42
52.394432,-1.524516,163,10.99,6,72.71,18 / 20,4905610,2019-09-06 20:41:51:353,0.9128,0.6947,9.7385,-0.0015,0.0195,9.8066,0.0272,0.0406,-0.0705,-20.25,-35.31,4.94,292.3,-84.52,-162.98
52.394432,-1.524516,163,10.99,6,72.71,18 / 20,4905709,2019-09-06 20:41:51:452,0.5845,-0.0405,10.1511,-0.01,0.0062,9.8066,0.0087,-0.0053,-0.0127,-19.12,-34.44,5.31,290.52,-84.54,-165.22
52.394432,-1.524516,163,10.99,6,72.71,18 / 20,4905810,2019-09-06 20:41:51:553,1.4984,-0.1745,9.9503,-0.025,0.0087,9.8066,0.0787,0.0105,-0.0397,-20.56,-34.12,6.63,294.55,-84.5,-166.06
52.394432,-1.524516,163,10.99,6,72.71,18 / 20,4905910,2019-09-06 20:41:51:653,1.6857,0.6891,9.8861,0.0315,-0.0026,9.8065,-0.0898,-0.061,0.0443,-21.31,-34.62,5.94,288.78,-84.32,-168.4
52.394432,-1.524516,163,10.99,6,72.71,18 / 20,4906010,2019-09-06 20:41:51:753,-0.0148,-0.3407,9.9139,0.0161,0.0065,9.8066,0.0249,-0.0292,-0.0424,-20.69,-35.62,5.44,285.55,-84.41,-168.72
52.394432,-1.524516,163,10.99,6,72.71,18 / 20,4906110,2019-09-06 20:41:51:853,-0.0357,0.1381,10.4322,-0.0023,0.0033,9.8066,0.0459,-0.0283,-0.0194,-19.87,-35.56,5.56,287.34,-84.44,-170.08
52.394432,-1.524516,163,10.99,6,72.71,18 / 20,4906210,2019-09-06 20:41:51:953,1.4808,0.0008,9.8702,-0.0253,0.0022,9.8066,-0.0108,0.0486,-0.0058,-20.81,-35.75,5.5,286.87,-84.55,-170.35
52.394432,-1.524516,163,10.99,6,72.71,18 / 20,4906309,2019-09-06 20:41:52:052,-1.203,-0.0034,10.1278,0.0228,0.0009,9.8066,-0.022,0.0524,0.0102,-20.69,-35.12,5.94,287.09,-84.38,-170.12
52.394432,-1.524516,163,10.99,6,72.71,18 / 20,4906409,2019-09-06 20:41:52:152,1.9451,-0.0918,9.8368,0.0084,-0.0019,9.8066,-0.1491,-0.043,0.0291,-20.25,-36,5.56,287.3,-84.45,-170.13
52.394432,-1.524516,163,10.99,6,72.71,18 / 20,4906510,2019-09-06 20:41:52:253,-1.208,-0.0681,10.1002,-0.0075,0.0109,9.8065,0.0185,-0.0608,-0.0582,-21.06,-35.87,5.19,282.48,-84.43,-171.73
52.394432,-1.524516,163,10.99,6,72.71,18 / 20,4906609,2019-09-06 20:41:52:352,0.1764,-0.3003,10.6752,0.0122,-0.0118,9.8065,0.0261,0.0646,-0.0182,-20.31,-35.62,5.13,283.63,-84.38,-170.74
52.394432,-1.524516,163,10.99,6,72.71,18 / 20,4906710,2019-09-06 20:41:52:453,-0.7478,-0.522,10.1546,0.0371,0.0059,9.8065,0.0876,0.0885,0.0039,-20.31,-35.69,5.25,283.99,-84.45,-170.51
52.394432,-1.524516,163,10.99,6,72.71,18 / 20,4906810,2019-09-06 20:41:52:553,-0.1243,-0.1517,9.608,-0.0146,-0.0029,9.8066,-0.027,-0.0409,-0.0239,-20.06,-35.62,5.56,285.8,-84.35,-171.38
52.394432,-1.524516,163,10.99,6,72.71,18 / 20,4906910,2019-09-06 20:41:52:653,0.1736,-0.1059,10.036,-0.0018,-0.0074,9.8066,0.0366,0.018,0.013,-19.81,-35.12,5.19,282.71,-84.32,-171.79
52.394432,-1.524516,163,10.99,6,72.71,18 / 20,4907009,2019-09-06 20:41:52:752,1.1573,0.5613,9.8117,-0.0006,-0.0054,9.8066,0.0199,-0.0783,0.0069,-20.87,-35.25,5.19,283.1,-84.28,-171.13
52.394432,-1.524516,163,10.99,6,72.71,18 / 20,4907110,2019-09-06 20:41:52:853,0.296,-0.5562,10.4073,0.048,-0.0079,9.8064,-0.1393,0.017,0.0315,-20.56,-35.44,5.31,282.2,-84.09,-171.7
52.394432,-1.524516,163,10.99,6,72.71,18 / 20,4907210,2019-09-06 20:41:52:953,0.0185,0.337,9.2036,-0.0244,0.0073,9.8065,-0.1513,-0.0306,0.0242,-20.87,-35.62,4.69,282.89,-84.14,-170.84
52.394432,-1.524516,163,10.99,6,72.71,18 / 20,4907310,2019-09-06 20:41:53:053,-1.2797,2.1704,9.2757,-0.0034,-0.0166,9.8066,0.2345,-0.1176,0.1435,-20.87,-36.12,5.19,282.99,-84.16,-170.78
52.394432,-1.524516,163,10.99,6,72.71,18 / 20,4907410,2019-09-06 20:41:53:153,-0.9575,-0.6263,9.6888,-0.0019,0.0115,9.8066,0.187,0.0303,-0.0596,-20.75,-35.87,5.38,282.73,-84.11,-170.93
52.394432,-1.524516,163,10.99,6,72.71,18 / 20,4907509,2019-09-06 20:41:53:252,0.0458,-1.1386,10.7719,-0.0405,-0.0005,9.8065,0.0265,0.1337,-0.0253,-20.62,-35.75,5.5,286.64,-84.27,-170.12
52.394432,-1.524516,163,10.99,6,72.71,18 / 20,4907610,2019-09-06 20:41:53:353,1.9155,0.2424,10.451,0.0555,0.004,9.8064,0.1499,0.0056,0.0349,-20.44,-35.5,5.63,287.77,-84.27,-169.64
52.394432,-1.524516,163,10.99,6,72.71,18 / 20,4907709,2019-09-06 20:41:53:452,2.9462,0.8445,9.9758,0.0262,-0.0105,9.8065,-0.0211,-0.0527,0.0275,-21.06,-35.37,5.88,286.06,-84.22,-170.84
52.394432,-1.524516,163,10.99,6,72.71,18 / 20,4907809,2019-09-06 20:41:53:552,1.3665,-0.9049,10.0702,0.014,-0.0054,9.8066,0.061,-0.0312,-0.0031,-21,-34.25,5.31,284.67,-84.02,-169.47
52.394432,-1.524516,163,10.99,6,72.71,18 / 20,4907910,2019-09-06 20:41:53:653,-0.0117,0.4173,9.8061,0.0131,-0.0055,9.8065,0.0393,-0.031,0.024,-21.19,-34.69,5,282.98,-84.15,-171.03
52.394432,-1.524516,163,10.99,6,72.71,18 / 20,4908010,2019-09-06 20:41:53:753,-0.8647,0.3218,9.8735,-0.0036,0.0101,9.8066,0.0309,0.0583,-0.0571,-20.44,-35.5,5.19,283.87,-84.25,-170.56
52.394432,-1.524516,163,10.99,6,72.71,18 / 20,4908110,2019-09-06 20:41:53:853,0.4014,1.2541,9.5753,0.0141,0.0103,9.8066,-0.0218,-0.0205,0.0059,-20.62,-35,5.31,282.25,-84.31,-172
52.394432,-1.524516,163,10.99,6,72.71,18 / 20,4908209,2019-09-06 20:41:53:952,-0.2294,-0.2293,10.1014,-0.0027,0.0057,9.8066,0.0702,-0.0261,-0.0039,-21.06,-35.56,5.19,281.2,-84.42,-172.95
52.394432,-1.524516,163,10.99,6,72.71,18 / 20,4908310,2019-09-06 20:41:54:053,-0.4194,0.7003,9.8498,0.0397,0.0163,9.8065,-0.0704,-0.0249,0.0148,-20.19,-35.94,5.25,278,-84.23,-175.94
52.394432,-1.524516,163,10.99,6,72.71,18 / 20,4908409,2019-09-06 20:41:54:152,-0.5378,-0.8829,9.5359,0.0312,-0.003,9.8065,-0.0829,0.0527,0.011,-20.06,-36.12,5.75,280.72,-84.21,-176.04
52.394432,-1.524516,163,10.99,6,72.71,18 / 20,4908510,2019-09-06 20:41:54:253,-1.4657,1.2521,10.4122,-0.0165,0.0106,9.8066,0.1559,-0.0506,0.0003,-19.75,-35.56,5.69,279.28,-84.26,-177.52
52.394432,-1.524516,163,10.99,6,72.71,18 / 20,4908610,2019-09-06 20:41:54:353,-0.0111,-0.9036,10.5008,-0.0205,-0.005,9.8065,0.0513,-0.0185,-0.0045,-20.5,-35.75,5.5,279.64,-84.23,-177.12
52.394432,-1.524516,163,10.99,6,72.71,18 / 20,4908710,2019-09-06 20:41:54:453,0.3193,-0.3617,9.764,0.0338,0.0073,9.8066,-0.1016,0.0647,-0.0517,-20.06,-36.06,5.94,279.58,-84.14,-177.03
52.394432,-1.524516,163,10.99,6,72.71,18 / 20,4908809,2019-09-06 20:41:54:552,-0.2407,-0.6379,10.0999,0.0624,-0.0236,9.8063,-0.0741,-0.0474,0.1026,-20.69,-35.44,6,279.49,-83.76,-176.44
52.394432,-1.524516,163,10.99,6,72.71,18 / 20,4908909,2019-09-06 20:41:54:652,1.1018,-0.2208,9.4986,-0.0339,-0.0042,9.8066,0.0432,-0.0241,0.008,-21.19,-34.69,5,278.27,-83.97,-175.31
52.394432,-1.524516,163,10.99,6,72.71,18 / 20,4909009,2019-09-06 20:41:54:752,1.299,0.1116,9.259,-0.019,-0.0083,9.8066,0.0279,0.0186,0.0386,-20.37,-34.44,4.56,279.65,-83.9,-174.33
52.394432,-1.524516,163,10.99,6,72.71,18 / 20,4909110,2019-09-06 20:41:54:853,1.4634,-0.0993,9.7946,-0.0071,-0.0019,9.8066,0.0295,0.0566,-0.0367,-20.44,-34.56,5.38,280.52,-84.01,-173.38
52.394432,-1.524516,163,10.99,6,72.71,18 / 20,4909210,2019-09-06 20:41:54:953,0.586,-0.2756,9.7148,-0.0154,0.005,9.8066,0.0433,-0.0801,0.0838,-20.31,-34.94,5.38,280.04,-84.03,-173.88
52.394432,-1.524516,163,10.99,6,72.71,18 / 20,4909310,2019-09-06 20:41:55:053,0.2466,-0.0235,9.6904,-0.0065,0.006,9.8066,-0.0106,-0.0122,-0.0536,-20.37,-35.56,5.69,282.56,-83.85,-173.62
52.394432,-1.524516,163,10.99,6,72.71,17 / 20,4909409,2019-09-06 20:41:55:152,1.039,-0.7164,10.7349,-0.0021,-0.0183,9.8065,0.1231,-0.0681,0.1117,-20.62,-35.81,6.25,282.69,-83.74,-173.03
52.394432,-1.524516,163,10.99,6,72.71,17 / 20,4909511,2019-09-06 20:41:55:254,-0.0236,-0.086,10.4236,0.0105,-0.0001,9.8066,-0.0502,-0.0649,0.0031,-20.31,-35.19,6,284.15,-83.56,-171.9
52.394432,-1.524516,163,10.99,6,72.71,17 / 20,4909610,2019-09-06 20:41:55:353,1.5208,-0.3098,10.0057,-0.0185,0.0081,9.8065,-0.0784,0.1007,-0.0798,-20.75,-35.19,6.13,283.68,-83.67,-172.24
52.394432,-1.524516,163,10.99,6,72.71,17 / 20,4909709,2019-09-06 20:41:55:452,0.7765,1.0808,8.8212,0.0044,-0.0026,9.8066,-0.1269,0.0709,-0.0243,-20.25,-34.56,6,285.98,-83.7,-170.38
52.394432,-1.524516,163,10.99,6,72.71,17 / 20,4909810,2019-09-06 20:41:55:553,0.8536,-0.479,9.8448,0.0229,0.0014,9.8066,-0.1172,-0.0434,0.0561,-21.25,-34.94,5.56,284.6,-83.72,-171.43
52.394432,-1.524516,163,10.99,6,72.71,17 / 20,4909909,2019-09-06 20:41:55:652,-0.3419,-0.4474,9.6713,0.0018,0.0019,9.8066,0.233,0.0252,-0.0446,-21.37,-35.44,5.88,284.6,-83.7,-171.41
52.394432,-1.524516,163,10.99,6,72.71,17 / 20,4910009,2019-09-06 20:41:55:752,-0.29,0.8328,10.2521,0.0117,-0.0055,9.8066,0.0527,0.0334,0.0095,-21.19,-36.25,6,283.66,-83.54,-171.75
52.394432,-1.524516,163,10.99,6,72.71,17 / 20,4910110,2019-09-06 20:41:55:853,1.6031,-0.282,10.0862,-0.0543,-0.0046,9.8065,0.0014,0.0209,-0.012,-21.19,-35.31,5.25,283.44,-83.75,-169.93
52.394432,-1.524516,163,10.99,6,72.71,17 / 20,4910209,2019-09-06 20:41:55:952,0.0356,-0.2885,10.2635,-0.0317,-0.0051,9.8066,0.0735,-0.0147,0.0733,-21.06,-35.31,4.63,283.52,-83.67,-169.73
52.394432,-1.524516,163,10.99,6,72.71,17 / 20,4910310,2019-09-06 20:41:56:053,0.0707,0.3609,10.3894,0.0048,0.0059,9.8066,0.0124,-0.0436,-0.0547,-21.37,-35.06,5.56,286.11,-83.57,-169.76
52.394817,-1.522828,163.21,15,4,69.29,17 / 20,4910410,2019-09-06 20:41:56:153,1.5853,0.7833,9.8822,0.0018,-0.006,9.8066,0.0648,0.0809,-0.084,-21.19,-35.5,5.69,285.74,-83.51,-170.01
52.394817,-1.522828,163.21,15,4,69.29,17 / 20,4910510,2019-09-06 20:41:56:253,-0.3977,-0.1955,10.1492,0.0123,-0.015,9.8066,-0.0322,-0.079,0.0023,-21.44,-34.81,6.06,286.57,-83.4,-169.03
52.394817,-1.522828,163.21,15,4,69.29,17 / 20,4910609,2019-09-06 20:41:56:352,0.9708,2.1028,9.2339,0.0039,0.0022,9.8066,-0.0047,0.0954,-0.0549,-21.69,-34.87,5,283.07,-83.45,-169.66
52.394817,-1.522828,163.21,15,4,69.29,17 / 20,4910709,2019-09-06 20:41:56:452,0.7048,-0.9557,9.2698,0.0098,-0.0101,9.8066,-0.0631,0.0686,-0.1118,-20.62,-35.25,5.44,282.92,-83.5,-170.02
52.394817,-1.522828,163.21,15,4,69.29,17 / 20,4910810,2019-09-06 20:41:56:553,2.0395,0.4267,9.6473,-0.0093,0.0115,9.8066,0.0054,-0.1122,0.0844,-21.31,-35.19,5.44,282.54,-83.57,-170.5
52.394817,-1.522828,163.21,15,4,69.29,17 / 20,4910910,2019-09-06 20:41:56:653,0.2973,-0.7566,8.816,0.0281,0.0024,9.8066,0.0633,-0.0977,0.0525,-20.31,-35.62,5.38,281.76,-83.59,-171.14
52.394817,-1.522828,163.21,15,4,69.29,17 / 20,4911010,2019-09-06 20:41:56:753,0.2674,0.6097,9.4922,-0.0372,-0.0068,9.8065,-0.0143,-0.0354,-0.0685,-20.37,-35.31,5.56,284.31,-83.67,-171.93
52.394817,-1.522828,163.21,15,4,69.29,17 / 20,4911110,2019-09-06 20:41:56:853,1.4016,0.8558,9.9121,-0.003,0.0095,9.8066,0.0945,0.0084,0.1176,-20.94,-35.44,5.38,281.9,-83.77,-171.45
52.394817,-1.522828,163.21,15,4,69.29,17 / 20,4911210,2019-09-06 20:41:56:953,1.8393,-0.0378,10.3231,-0.005,-0.0254,9.8066,0.1012,0.0695,-0.0128,-21.12,-35.56,5.63,284.79,-83.69,-170.93
52.394817,-1.522828,163.21,15,4,69.29,17 / 20,4911309,2019-09-06 20:41:57:052,1.4892,0.4646,10.5206,-0.0005,0.0033,9.8066,0.0398,-0.0076,0.0415,-20.56,-35.12,5.19,282.67,-83.56,-170.36
52.394817,-1.522828,163.21,15,4,69.29,18 / 20,4911409,2019-09-06 20:41:57:152,0.664,-0.7828,9.6868,0.0082,-0.0125,9.8066,-0.0103,0.0762,-0.0108,-21.37,-35.75,5.81,285.76,-83.48,-169.66
52.394817,-1.522828,163.21,15,4,69.29,18 / 20,4911510,2019-09-06 20:41:57:253,-0.0814,0.2915,10.2582,-0.0145,0.0101,9.8066,0.0564,-0.007,0.0125,-21.12,-35.69,6.19,286.22,-83.41,-169.08
52.394817,-1.522828,163.21,15,4,69.29,18 / 20,4911609,2019-09-06 20:41:57:352,1.2796,0.1193,9.6292,0.0227,-0.008,9.8066,-0.0357,-0.0464,0.016,-21.44,-34.87,5.63,286.23,-83.47,-169.48
52.394817,-1.522828,163.21,15,4,69.29,18 / 20,4911710,2019-09-06 20:41:57:453,0.9302,0.6455,9.8492,-0.0057,0.0111,9.8066,-0.0233,0.0597,-0.0494,-20.81,-35.12,5.31,282.85,-83.53,-170.14
52.394817,-1.522828,163.21,15,4,69.29,18 / 20,4911810,2019-09-06 20:41:57:553,0.6974,-0.6012,9.9227,0.0099,-0.0044,9.8066,0.0327,-0.0028,0.0356,-21.19,-35,5.19,283.07,-83.64,-170.11
52.394817,-1.522828,163.21,15,4,69.29,18 / 20,4911910,2019-09-06 20:41:57:653,0.4873,1.0058,9.4429,0.0273,0.0139,9.8066,-0.0403,0.0376,-0.0505,-21.31,-35.81,5.5,283.63,-83.46,-171.66
52.394817,-1.522828,163.21,15,4,69.29,18 / 20,4912009,2019-09-06 20:41:57:752,0.3433,-0.5922,9.6918,-0.0384,0.0013,9.8066,0.2181,0.0308,-0.0599,-21.12,-35.25,5.69,283.8,-83.52,-171.88
52.394817,-1.522828,163.21,15,4,69.29,18 / 20,4912110,2019-09-06 20:41:57:853,0.5613,0.0502,8.9387,0.0274,-0.0003,9.8065,0.1833,-0.041,0.096,-20.87,-34.75,5.63,283.67,-83.46,-171.92
52.394817,-1.522828,163.21,15,4,69.29,18 / 20,4912210,2019-09-06 20:41:57:953,0.0254,-1.4314,9.5607,-0.0228,0.0152,9.8066,-0.1144,0.0028,-0.0655,-20.87,-35.31,5.75,282.17,-83.58,-173.55
52.394817,-1.522828,163.21,15,4,69.29,18 / 20,4912310,2019-09-06 20:41:58:053,0.8994,-0.1614,10.1461,-0.0213,0.002,9.8066,-0.1616,-0.0462,-0.0228,-21.5,-35.19,5.88,283.1,-83.79,-172.99
52.394817,-1.522828,163.21,15,4,69.29,18 / 20,4912410,2019-09-06 20:41:58:153,0.4365,0.0479,9.4846,0.0542,-0.0075,9.8064,-0.1737,0.0514,-0.0008,-20.75,-35.44,5.56,282.5,-83.96,-173.85
52.394817,-1.522828,163.21,15,4,69.29,18 / 20,4912509,2019-09-06 20:41:58:252,0.7124,0.6783,9.6636,0.0359,-0.005,9.8065,0.1035,-0.0757,0.0608,-21.06,-35.62,5.56,281.4,-83.61,-174.06
52.394817,-1.522828,163.21,15,4,69.29,18 / 20,4912609,2019-09-06 20:41:58:352,-1.3433,-0.4948,10.8711,-0.0016,-0.0049,9.8066,-0.145,-0.0296,-0.0687,-21.25,-35.06,6.31,283.74,-83.64,-172.13
52.394817,-1.522828,163.21,15,4,69.29,18 / 20,4912709,2019-09-06 20:41:58:452,-0.1201,-0.2651,10.8168,-0.0349,-0.0022,9.8066,0.0773,0.0829,0.0541,-20.81,-35.12,5.13,281.01,-83.79,-172.34
52.394817,-1.522828,163.21,15,4,69.29,18 / 20,4912810,2019-09-06 20:41:58:553,-0.2592,-0.4429,9.787,0.0479,-0.0044,9.8065,-0.0309,-0.0253,-0.0121,-20.87,-35.25,5.25,280.06,-83.55,-172.88
52.394817,-1.522828,163.21,15,4,69.29,18 / 20,4912910,2019-09-06 20:41:58:653,0.9995,0.1899,9.4803,-0.0035,0.0053,9.8065,-0.115,0.0241,0.0241,-20.31,-35,5.81,283.88,-83.73,-172.44
52.394817,-1.522828,163.21,15,4,69.29,18 / 20,4913009,2019-09-06 20:41:58:752,-0.652,0.5694,9.2975,0.007,0.0003,9.8066,-0.0745,-0.0022,0.0166,-21,-35.06,5.13,280.88,-83.81,-172.5
52.394817,-1.522828,163.21,15,4,69.29,18 / 20,4913110,2019-09-06 20:41:58:853,-0.8308,0.1797,9.7449,0.0229,-0.0023,9.8066,0.0554,-0.0327,0.0343,-20.94,-35.25,5,280.74,-83.7,-172.47
52.394817,-1.522828,163.21,15,4,69.29,18 / 20,4913209,2019-09-06 20:41:58:952,1.1615,0.3034,10.6392,0.0224,-0.0052,9.8066,0.0334,0.0046,-0.0106,-21.06,-34.81,5.75,283.72,-83.53,-171.98
52.394817,-1.522828,163.21,15,4,69.29,18 / 20,4913309,2019-09-06 20:41:59:052,-0.1385,0.9554,10.4745,0.0078,-0.0117,9.8066,0.0477,-0.0025,0.1157,-21.44,-35.75,5.19,281.37,-83.47,-171.17
52.394817,-1.522828,163.21,15,4,69.29,18 / 20,4913409,2019-09-06 20:41:59:152,0.5964,0.6441,9.8778,-0.0066,-0.0158,9.8066,0.0148,0.0577,-0.0493,-21.19,-34.81,5.94,286.51,-83.45,-169.18
52.394817,-1.522828,163.21,15,4,69.29,18 / 20,4913509,2019-09-06 20:41:59:252,3.5208,0.5016,10.5852,-0.0488,-0.0096,9.8065,-0.2657,-0.0834,0.0819,-21.56,-34.87,5.75,287.36,-83.69,-168.47
52.394817,-1.522828,163.21,15,4,69.29,18 / 20,4913610,2019-09-06 20:41:59:353,0.8435,-0.1886,9.9496,0.1255,-0.0075,9.8058,-0.0831,0.0436,0.0139,-21.25,-35.25,5.94,288.24,-83.89,-168.24
52.394817,-1.522828,163.21,15,4,69.29,18 / 20,4913710,2019-09-06 20:41:59:453,-0.3099,-0.2802,9.3796,0.0928,0.001,9.8061,0.0235,0.0515,-0.155,-20.94,-35.25,5.13,282.51,-83.24,-169.98
52.394817,-1.522828,163.21,15,4,69.29,18 / 20,4913810,2019-09-06 20:41:59:553,-0.3168,-0.0261,8.5507,-0.0317,0.0338,9.8065,-0.0506,0.0095,0.0647,-21.06,-35.19,5,280.85,-83.52,-172.05
52.394817,-1.522828,163.21,15,4,69.29,18 / 20,4913910,2019-09-06 20:41:59:653,-1.3399,-1.1055,9.3099,0.0339,-0.0005,9.8065,0.1613,0.0576,-0.1224,-20.94,-35.31,5.25,279.89,-83.41,-172.8
52.394817,-1.522828,163.21,15,4,69.29,18 / 20,4914010,2019-09-06 20:41:59:753,0.1578,0.4071,9.613,-0.0684,0.0166,9.8063,0.136,-0.0079,-0.0169,-21.12,-35.5,5.44,278.28,-83.82,-175.05
52.394817,-1.522828,163.21,15,4,69.29,18 / 20,4914110,2019-09-06 20:41:59:853,0.8915,-0.2362,9.9367,-0.0282,0.0037,9.8065,-0.0475,0.0027,-0.0284,-20.75,-34.75,5.44,277.75,-83.72,-175.41
52.394817,-1.522828,163.21,15,4,69.29,18 / 20,4914210,2019-09-06 20:41:59:953,0.505,0.5867,10.0926,0.0182,0.0044,9.8065,-0.0311,-0.058,0.0548,-20.87,-35.19,5.31,276.52,-83.76,-176.7
52.394817,-1.522828,163.21,15,4,69.29,18 / 20,4914310,2019-09-06 20:42:00:053,-0.046,0.3746,9.5906,-0.0108,0.0027,9.8065,0.0688,0.0185,-0.0205,-20.37,-35.31,5.63,279.29,-83.69,-176.82
52.394817,-1.522828,163.21,15,4,69.29,18 / 19,4914410,2019-09-06 20:42:00:153,0.7812,1.4698,9.7227,-0.0147,0.0061,9.8066,0.1364,0.048,-0.0039,-20.62,-35.75,6.06,278.22,-83.66,-177.23
52.394817,-1.522828,163.21,15,4,69.29,18 / 19,4914510,2019-09-06 20:42:00:253,0.6352,-0.0809,9.7933,-0.0116,0.007,9.8066,-0.134,0.03,-0.0015,-20.56,-35.56,6.38,278.23,-83.61,-177.15
52.394817,-1.522828,163.21,15,4,69.29,18 / 19,4914610,2019-09-06 20:42:00:353,-0.9773,0.0414,9.445,0.0242,-0.01,9.8065,-0.1269,0.0122,-0.0167,-20.25,-35.12,5.25,275.78,-83.43,-177.01
52.394817,-1.522828,163.21,15,4,69.29,18 / 19,4914709,2019-09-06 20:42:00:452,0.2118,-0.0791,10.3744,0.0307,0.0016,9.8066,-0.0058,-0.0053,0.0113,-20.69,-35.37,5.69,278.31,-83.38,-176.99
52.394817,-1.522828,163.21,15,4,69.29,18 / 19,4914810,2019-09-06 20:42:00:553,-0.9083,0.9382,9.3152,0.0006,0.0108,9.8066,-0.0345,-0.0103,0.0383,-20.56,-35.5,4.75,276.39,-83.35,-176.14
52.394817,-1.522828,163.21,15,4,69.29,18 / 19,4914910,2019-09-06 20:42:00:653,-0.3928,-0.3274,9.6882,-0.0224,-0.0013,9.8066,0.0777,-0.0179,0.0316,-21.19,-35.31,5.44,276.41,-83.16,-175.79
52.394817,-1.522828,163.21,15,4,69.29,18 / 19,4915009,2019-09-06 20:42:00:752,0.6378,0.2346,8.9299,-0.0072,-0.0018,9.8066,0.0803,0.0023,-0.0053,-21.12,-35.94,5.44,276.42,-83.21,-175.55
52.394817,-1.522828,163.21,15,4,69.29,18 / 19,4915110,2019-09-06 20:42:00:853,-1.0508,0.5478,8.0982,0.01,-0.0061,9.8065,0.037,-0.065,0.025,-20.56,-35.31,5.31,277.51,-83.25,-174.87
52.394817,-1.522828,163.21,15,4,69.29,18 / 19,4915210,2019-09-06 20:42:00:953,-1.2632,0.4472,9.4595,-0.0683,0.0034,9.8063,-0.0406,0.0089,0.033,-21.06,-35.81,5.69,281.43,-83.86,-174.45
52.394817,-1.522828,163.21,15,4,69.29,18 / 19,4915310,2019-09-06 20:42:01:053,0.1656,0.5882,10.4108,0.0536,0.0055,9.8065,-0.0275,-0.008,0.0278,-20.37,-35.19,5,280.21,-84.04,-173.73
52.394817,-1.522828,163.21,15,4,69.29,19 / 20,4915409,2019-09-06 20:42:01:152,-0.6322,0.609,10.6926,0.0599,-0.0242,9.8064,0.0546,0.0238,-0.0352,-21.19,-35.12,5.25,279.83,-84.03,-173.9
52.394817,-1.522828,163.21,15,4,69.29,19 / 20,4915510,2019-09-06 20:42:01:253,-0.688,-0.9949,10.187,0.0337,-0.0161,9.8065,-0.0602,0.0826,0.0833,-21.12,-34.75,5.69,283.79,-83.43,-171.74
52.394817,-1.522828,163.21,15,4,69.29,19 / 20,4915610,2019-09-06 20:42:01:353,-0.1884,0.5748,10.2371,0.0283,-0.027,9.8065,-0.0935,0.0161,0.0351,-21.44,-35,5.5,284.99,-83.13,-170.1
52.394817,-1.522828,163.21,15,4,69.29,19 / 20,4915710,2019-09-06 20:42:01:453,-0.2562,0.1143,10.0106,-0.0235,-0.0014,9.8066,-0.0916,0.0172,0.0317,-21.37,-35.12,5.13,284.2,-83.21,-168.32
52.394817,-1.522828,163.21,15,4,69.29,19 / 20,4915810,2019-09-06 20:42:01:553,-1.4938,-0.233,9.8246,0.0022,-0.0054,9.8066,-0.1153,-0.0065,0.0328,-21.44,-35.31,5.63,288.33,-83.44,-167.43
52.394817,-1.522828,163.21,15,4,69.29,19 / 20,4915909,2019-09-06 20:42:01:652,-0.6773,-0.2827,10.1844,-0.0015,-0.005,9.8066,0.1913,-0.0598,-0.041,-21,-34.69,5.38,286.17,-83.51,-166.92
52.394817,-1.522828,163.21,15,4,69.29,19 / 20,4916009,2019-09-06 20:42:01:752,0.4928,-0.3309,9.3341,0.0232,0.0144,9.8066,-0.0136,0.0517,-0.0124,-21.25,-35.44,5.25,285.22,-83.46,-167.75
52.394817,-1.522828,163.21,15,4,69.29,19 / 20,4916110,2019-09-06 20:42:01:853,-0.0401,0.3862,10.4823,0.0493,-0.0029,9.8065,0.1429,-0.0182,-0.0596,-20.94,-34.75,5.56,285.54,-83.2,-169.69
52.394817,-1.522828,163.21,15,4,69.29,19 / 20,4916210,2019-09-06 20:42:01:953,-0.1208,-0.5245,10.4425,-0.0375,0.0152,9.8065,0.1106,0.0079,0.0269,-21,-35.12,5.44,282.73,-83.28,-169.85
52.394817,-1.522828,163.21,15,4,69.29,19 / 20,4916309,2019-09-06 20:42:02:052,0.3237,-0.3341,9.6009,-0.0516,0.0057,9.8065,-0.0338,-0.0269,-0.0463,-21.25,-35.75,5.88,284.67,-83.35,-170.47
52.394817,-1.522828,163.21,15,4,69.29,19 / 20,4916409,2019-09-06 20:42:02:152,-1.3805,-0.1611,9.4237,-0.0021,0.0046,9.8066,-0.1378,-0.0592,0.0075,-21.12,-35.31,5.25,281.8,-83.22,-170.64
52.394817,-1.522828,163.21,15,4,69.29,19 / 20,4916510,2019-09-06 20:42:02:253,-0.2536,1.543,10.0675,-0.0114,0.0007,9.8066,0.0897,-0.0194,0.0795,-21.19,-35.44,5.38,283.01,-83.32,-169.64
52.394817,-1.522828,163.21,15,4,69.29,19 / 20,4916609,2019-09-06 20:42:02:352,1.1887,0.6577,9.0794,-0.0208,-0.003,9.8066,-0.1079,0.0113,0.0044,-21.62,-35.31,5.63,286.24,-83.33,-169
52.394817,-1.522828,163.21,15,4,69.29,19 / 20,4916709,2019-09-06 20:42:02:452,0.1387,0.6404,10.0841,-0.0002,0.0011,9.8066,0.0801,-0.0417,0.0079,-21.37,-35.25,5.56,285.76,-83.14,-169.4
52.394817,-1.522828,163.21,15,4,69.29,19 / 20,4916810,2019-09-06 20:42:02:553,-0.6366,0.3186,9.852,0.017,-0.0019,9.8066,0.0073,0.0676,-0.0378,-21.44,-34.94,5.69,285.52,-83.1,-169.55
52.394817,-1.522828,163.21,15,4,69.29,19 / 20,4916909,2019-09-06 20:42:02:652,0.2142,-0.4872,9.7527,-0.0087,-0.0023,9.8066,-0.0005,0.0231,-0.0241,-21,-35.37,5.75,285.81,-83.08,-169.24
52.394817,-1.522828,163.21,15,4,69.29,19 / 20,4917010,2019-09-06 20:42:02:753,0.6413,0.434,10.2439,-0.0108,0.0005,9.8066,0.0721,0.0028,-0.0214,-20.81,-35.31,5.38,283.38,-83.18,-169.04
52.394817,-1.522828,163.21,15,4,69.29,19 / 20,4917109,2019-09-06 20:42:02:852,0.5252,-0.1828,10.4155,0.0228,-0.0003,9.8065,-0.1099,0.0256,0.0105,-21.12,-35.44,5.69,285.79,-83.12,-169.32
52.394817,-1.522828,163.21,15,4,69.29,19 / 20,4917210,2019-09-06 20:42:02:953,0.9374,0.0951,10.3012,0.0047,0.0156,9.8065,-0.1109,-0.0163,-0.0422,-21,-35.25,5.38,283.01,-83.14,-169.33
52.394817,-1.522828,163.21,15,4,69.29,19 / 20,4917309,2019-09-06 20:42:03:052,-1.1519,-0.5885,10.1652,-0.0093,0.0084,9.8066,0.2621,-0.0065,-0.0499,-20.94,-35.75,6,283.32,-83.1,-171.34
52.394817,-1.522828,163.21,15,4,69.29,18 / 20,4917409,2019-09-06 20:42:03:152,0.8655,0.1647,9.0725,-0.0115,0.0206,9.8066,0.0708,0.0229,-0.0786,-21.19,-35.69,5.81,281.16,-83.01,-173.26
52.394817,-1.522828,163.21,15,4,69.29,18 / 20,4917510,2019-09-06 20:42:03:253,0.0896,-0.775,9.5754,0.018,0.0007,9.8066,-0.0881,-0.0265,-0.0253,-21.19,-36,5.94,278.34,-83.05,-176.08
52.394817,-1.522828,163.21,15,4,69.29,18 / 20,4917610,2019-09-06 20:42:03:353,-0.1227,0.7887,10.3115,-0.0398,0.0279,9.8065,-0.0174,-0.0032,-0.0556,-20.62,-35.5,5.44,274.58,-83.43,-178.05
52.394817,-1.522828,163.21,15,4,69.29,18 / 20,4917709,2019-09-06 20:42:03:452,0.1042,0.0198,10.3053,0.0305,-0.0218,9.8065,-0.0056,0.0169,0.0928,-20.81,-35.62,5.88,278.12,-83.28,-176.69
52.394817,-1.522828,163.21,15,4,69.29,18 / 20,4917809,2019-09-06 20:42:03:552,-1.2762,0.4923,9.923,0.0328,-0.0147,9.8065,-0.0641,-0.0711,0.0214,-20.25,-35.06,5.56,279.55,-83.04,-175.43
52.394817,-1.522828,163.21,15,4,69.29,18 / 20,4917909,2019-09-06 20:42:03:652,-0.206,0.9503,9.9044,-0.0345,-0.0149,9.8065,0.1193,0.009,0.0734,-20.75,-35.56,5.88,280.66,-82.83,-173.45
52.394817,-1.522828,163.21,15,4,69.29,18 / 20,4918010,2019-09-06 20:42:03:753,-1.1083,-0.2256,10.3055,-0.0266,-0.0045,9.8066,-0.0405,-0.106,-0.0161,-21.37,-35.19,5.81,282.67,-82.99,-172.09
52.394817,-1.522828,163.21,15,4,69.29,18 / 20,4918109,2019-09-06 20:42:03:852,0.7509,0.693,9.5404,-0.0099,-0.0085,9.8066,0.113,-0.0296,0.1159,-21.25,-35.44,5.63,283.06,-83.02,-171.78
52.394817,-1.522828,163.21,15,4,69.29,18 / 20,4918210,2019-09-06 20:42:03:953,-0.0978,0.6448,9.7077,0.0086,0.003,9.8066,-0.0562,-0.0083,-0.0445,-21.37,-34.94,5.94,283.33,-82.91,-171.34
52.394817,-1.522828,163.21,15,4,69.29,18 / 20,4918310,2019-09-06 20:42:04:053,0.0725,0.6427,10.1894,-0.0333,-0.0171,9.8065,0.099,-0.0431,0.1022,-21.87,-34.81,5.31,282.35,-83.13,-169.85
52.394817,-1.522828,163.21,15,4,69.29,18 / 20,4918409,2019-09-06 20:42:04:152,-0.234,0.2293,10.4881,-0.0477,0.002,9.8065,-0.0052,-0.0045,-0.0047,-21.87,-34.44,5.19,283.52,-83.17,-169.09
52.394817,-1.522828,163.21,15,4,69.29,18 / 20,4918510,2019-09-06 20:42:04:253,1.0294,1.2054,10.2302,0.0374,-0.0049,9.8065,-0.0099,-0.0913,0.0657,-22,-34.12,5.13,284.16,-83.07,-168.31
52.394817,-1.522828,163.21,15,4,69.29,18 / 20,4918610,2019-09-06 20:42:04:353,-0.3464,0.1533,9.8116,0.0626,-0.001,9.8064,-0.0696,-0.0083,-0.0186,-21.31,-34.5,6.63,288.79,-82.55,-168.55
52.394817,-1.522828,163.21,15,4,69.29,18 / 20,4918710,2019-09-06 20:42:04:453,-0.6622,0.3976,9.1422,-0.0278,0.0165,9.8065,-0.0953,-0.0757,-0.007,-21.81,-35.31,5.75,284.27,-82.7,-169.89
52.394817,-1.522828,163.21,15,4,69.29,18 / 20,4918809,2019-09-06 20:42:04:552,0.3728,-1.0368,9.8561,-0.0314,-0.0041,9.8065,-0.009,0.0555,0.0446,-21.94,-34.69,5.94,286.04,-82.97,-168.62
52.394817,-1.522828,163.21,15,4,69.29,18 / 20,4918909,2019-09-06 20:42:04:652,-0.5775,-0.5185,9.1578,0.0175,0.0045,9.8066,-0.1574,0.0371,-0.0843,-21.75,-35.12,5.56,285.52,-83.04,-169.23
52.394817,-1.522828,163.21,15,4,69.29,18 / 20,4919009,2019-09-06 20:42:04:752,0.0206,-0.3215,9.8359,0.034,-0.0082,9.8065,0.0398,-0.0224,-0.0033,-21.56,-35.12,6.31,285.48,-83.1,-169.36
52.394817,-1.522828,163.21,15,4,69.29,18 / 20,4919109,2019-09-06 20:42:04:852,1.0612,0.5183,10.0607,-0.0065,0.0063,9.8066,-0.0691,-0.0232,0.0155,-21.87,-35.12,5.44,282.75,-83.06,-169.35
52.394817,-1.522828,163.21,15,4,69.29,18 / 20,4919209,2019-09-06 20:42:04:952,-0.2029,-0.2192,9.9111,0.0017,0.0006,9.8066,-0.0543,-0.01,0.0305,-21.56,-35.06,5.06,282.7,-82.99,-169.29
52.394817,-1.522828,163.21,15,4,69.29,18 / 20,4919309,2019-09-06 20:42:05:052,0.0316,-0.6533,10.067,-0.0021,0.0011,9.8066,0.039,0.0105,-0.0689,-21.19,-35.25,5.94,285.29,-83.05,-169.68
52.395275,-1.520717,161.09,17.45,6,70.32,18 / 20,4919410,2019-09-06 20:42:05:153,0.1909,-0.3598,10.2119,-0.0136,-0.0004,9.8066,0.0198,-0.0563,0.0131,-21.44,-34.87,5.69,285.02,-83.17,-170.15
52.395275,-1.520717,161.09,17.45,6,70.32,18 / 20,4919509,2019-09-06 20:42:05:252,-1.0214,-0.8095,10.0905,0.0055,-0.0023,9.8066,-0.0511,-0.0131,0.0508,-21.56,-35.06,6.25,284.79,-83.16,-170.12
52.395275,-1.520717,161.09,17.45,6,70.32,18 / 20,4919609,2019-09-06 20:42:05:352,0.436,0.1269,9.4265,0.0058,0.008,9.8066,-0.0434,0.0232,-0.0354,-21.44,-34.87,5.94,284.67,-83.14,-170.43
52.395275,-1.520717,161.09,17.45,6,70.32,18 / 20,4919709,2019-09-06 20:42:05:452,0.2279,0.602,9.464,0.0081,0.0052,9.8066,0.0454,-0.0531,0.0114,-21.25,-35.12,6.38,283.7,-83.11,-171.32
52.395275,-1.520717,161.09,17.45,6,70.32,18 / 20,4919810,2019-09-06 20:42:05:553,-0.0172,-0.0462,10.1384,-0.0153,0.0083,9.8066,0.0427,0.0222,0,-20.94,-34.62,6.06,283.58,-83.2,-171.56
52.395275,-1.520717,161.09,17.45,6,70.32,18 / 20,4919910,2019-09-06 20:42:05:653,-0.7693,-0.0256,9.4422,-0.0148,-0.011,9.8066,0.053,0.0012,0.0171,-20.87,-35.56,5.38,281.59,-83.27,-170.61
52.395275,-1.520717,161.09,17.45,6,70.32,18 / 20,4920009,2019-09-06 20:42:05:752,-0.2244,0.5176,9.1564,-0.0138,-0.0053,9.8066,0.0745,-0.0335,-0.003,-21.44,-34.81,5.63,285.02,-83.31,-170.37
52.395275,-1.520717,161.09,17.45,6,70.32,18 / 20,4920110,2019-09-06 20:42:05:853,-0.207,-0.1005,10.5433,-0.0025,-0.0138,9.8066,-0.0224,-0.009,0.0694,-21.44,-35.31,6.06,286.74,-83.35,-168.79
52.395275,-1.520717,161.09,17.45,6,70.32,18 / 20,4920209,2019-09-06 20:42:05:952,-0.9569,-0.0141,10.3057,-0.0088,0.0011,9.8066,0.0386,-0.0649,0.0076,-21.19,-35.44,5.56,287.31,-83.37,-168.29
52.395275,-1.520717,161.09,17.45,6,70.32,18 / 20,4920309,2019-09-06 20:42:06:052,1.2102,-0.7239,10.3178,0.0278,-0.0124,9.8066,-0.1276,0.0273,-0.0188,-21.5,-35.31,6,287.67,-83.37,-167.94
52.395275,-1.520717,161.09,17.45,6,70.32,17 / 20,4920410,2019-09-06 20:42:06:153,-0.042,-0.7939,10.0832,-0.0366,0.0047,9.8065,-0.1009,-0.0419,0.0923,-21.25,-35.44,6.94,290.21,-83.15,-167.83
52.395275,-1.520717,161.09,17.45,6,70.32,17 / 20,4920509,2019-09-06 20:42:06:252,0.2231,-0.1007,9.5461,-0.032,0.019,9.8065,0.046,-0.007,-0.0223,-21.44,-35.12,5.94,286.85,-83.44,-168.84
52.395275,-1.520717,161.09,17.45,6,70.32,17 / 20,4920609,2019-09-06 20:42:06:352,0.0416,0.3698,9.7158,-0.0243,0.0076,9.8065,0.0998,-0.0218,-0.0107,-21.12,-35.75,5.81,286.24,-83.47,-169.18
52.395275,-1.520717,161.09,17.45,6,70.32,17 / 20,4920710,2019-09-06 20:42:06:453,-0.5091,0.7292,10.114,0.0149,0.0041,9.8066,0.0084,-0.039,-0.0071,-21.44,-35.81,5.88,285.38,-83.5,-170.04
52.395275,-1.520717,161.09,17.45,6,70.32,17 / 20,4920810,2019-09-06 20:42:06:553,-0.3456,-0.1048,9.977,-0.0019,0.0084,9.8066,0.1027,-0.0884,0.0019,-21.25,-35.81,5.31,281.96,-83.6,-170.82
52.395275,-1.520717,161.09,17.45,6,70.32,17 / 20,4920910,2019-09-06 20:42:06:653,0.9841,0.6141,9.6761,0.0283,-0.0039,9.8066,-0.0335,-0.0255,0.0093,-21.81,-35.62,5.88,284.03,-83.6,-171.25
52.395275,-1.520717,161.09,17.45,6,70.32,17 / 20,4921010,2019-09-06 20:42:06:753,-1.0166,0.0721,10.0932,0.0346,-0.0021,9.8066,-0.1026,0.0047,-0.0141,-21.37,-35.06,5.38,281.36,-83.42,-171.41
52.395275,-1.520717,161.09,17.45,6,70.32,17 / 20,4921110,2019-09-06 20:42:06:853,1.1946,0.7443,9.7357,-0.0177,0.0045,9.8066,-0.0525,-0.0221,0.0531,-21,-35.62,5.94,283.99,-83.57,-171.5
52.395275,-1.520717,161.09,17.45,6,70.32,17 / 20,4921210,2019-09-06 20:42:06:953,0.1213,0.2815,9.6434,0.036,-0.0002,9.8065,-0.0798,0.0606,-0.0712,-21.37,-35.56,5.69,283.49,-83.4,-171.69
52.395275,-1.520717,161.09,17.45,6,70.32,17 / 20,4921310,2019-09-06 20:42:07:053,0.0746,0.4806,9.8577,-0.0499,0.0062,9.8065,0.0365,-0.0038,0.0178,-21.31,-35.69,5.94,283.38,-83.39,-171.77
52.395275,-1.520717,161.09,17.45,6,70.32,19 / 20,4921409,2019-09-06 20:42:07:152,0.7812,0.4211,9.595,-0.0301,0.0084,9.8066,0.0501,0.0673,-0.0078,-20.56,-35.56,5.81,283.41,-83.65,-172.19
52.395275,-1.520717,161.09,17.45,6,70.32,19 / 20,4921510,2019-09-06 20:42:07:253,-0.8518,-0.5543,10.1046,0.0231,0.0144,9.8065,-0.0617,0.0066,-0.0916,-20.75,-35.75,5.81,281.66,-83.57,-173.73
52.395275,-1.520717,161.09,17.45,6,70.32,19 / 20,4921609,2019-09-06 20:42:07:352,-0.5022,0.0877,9.7272,0.0238,0.0068,9.8065,-0.0108,0.0274,-0.0049,-20.69,-35.5,5.31,278.12,-83.6,-174.85
52.395275,-1.520717,161.09,17.45,6,70.32,19 / 20,4921709,2019-09-06 20:42:07:452,0.5035,0.4407,9.9098,-0.0079,0.0047,9.8066,-0.1003,0.041,-0.0333,-20.87,-35.81,5.81,280.22,-83.8,-175.52
52.395275,-1.520717,161.09,17.45,6,70.32,19 / 20,4921810,2019-09-06 20:42:07:553,-0.6003,0.3321,10.0026,-0.0016,-0.0111,9.8066,-0.0053,0.0137,0.0028,-20.69,-36,5.63,280.68,-83.78,-175.04
52.395275,-1.520717,161.09,17.45,6,70.32,19 / 20,4921910,2019-09-06 20:42:07:653,-0.0058,-0.3096,10.2785,0.0199,-0.0054,9.8065,-0.0809,0.0094,-0.0099,-20.94,-35.69,5.81,281.65,-83.83,-174.19
52.395275,-1.520717,161.09,17.45,6,70.32,19 / 20,4922010,2019-09-06 20:42:07:753,-0.4393,-0.2014,9.7954,0.0142,-0.002,9.8066,0.0063,0.0061,0.039,-20.75,-35.69,5.69,281.76,-83.74,-173.93
52.395275,-1.520717,161.09,17.45,6,70.32,19 / 20,4922110,2019-09-06 20:42:07:853,-0.0878,0.4143,9.3357,0.0075,-0.0032,9.8066,-0.021,-0.0405,-0.0279,-20.75,-36.12,4.94,279.21,-83.76,-173.76
52.395275,-1.520717,161.09,17.45,6,70.32,19 / 20,4922209,2019-09-06 20:42:07:952,-0.9653,-1.1125,10.0157,0.0089,-0.0053,9.8066,0.0279,-0.033,0.0607,-21,-35.62,5.06,279.62,-83.82,-173.46
52.395275,-1.520717,161.09,17.45,6,70.32,19 / 20,4922309,2019-09-06 20:42:08:052,-0.7575,0.5927,10.4433,-0.0084,-0.0079,9.8066,0.1008,-0.0421,0.0315,-21.12,-35.37,5.19,281.67,-83.84,-171.8
52.395275,-1.520717,161.09,17.45,6,70.32,19 / 20,4922409,2019-09-06 20:42:08:152,0.813,-0.4405,9.9015,-0.0488,-0.0052,9.8064,-0.106,0.0475,0.0104,-21.19,-35.44,6,285.59,-83.9,-170.79
52.395275,-1.520717,161.09,17.45,6,70.32,19 / 20,4922510,2019-09-06 20:42:08:253,0.1606,-0.4775,10.4552,0.0293,-0.0102,9.8065,-0.083,-0.0104,0.0205,-21.5,-35.5,6,286.52,-83.72,-169.59
52.395275,-1.520717,161.09,17.45,6,70.32,19 / 20,4922611,2019-09-06 20:42:08:354,0.4017,-0.3958,9.6815,0.0199,-0.0055,9.8066,-0.021,-0.0108,-0.0049,-20.94,-34.94,5.81,286.43,-83.52,-169.36
52.395275,-1.520717,161.09,17.45,6,70.32,19 / 20,4922710,2019-09-06 20:42:08:453,0.2235,-0.4665,9.6957,0.0184,-0.0069,9.8066,-0.0698,-0.0359,0.0153,-20.94,-35.31,6,286.08,-83.49,-169.65
52.395275,-1.520717,161.09,17.45,6,70.32,19 / 20,4922810,2019-09-06 20:42:08:553,-0.6122,0.2594,9.4741,0.0007,0.0013,9.8066,0.0593,0.0149,0.0315,-21.31,-35.12,5.81,286.63,-83.61,-169.32
52.395275,-1.520717,161.09,17.45,6,70.32,19 / 20,4922910,2019-09-06 20:42:08:653,0.4954,0.5202,9.5106,-0.0224,-0.006,9.8066,0.0766,0.0157,-0.0313,-21.44,-34.75,5.56,287.68,-83.81,-168.64
52.395275,-1.520717,161.09,17.45,6,70.32,19 / 20,4923009,2019-09-06 20:42:08:752,-0.3332,-0.8472,10.0752,-0.0311,-0.0064,9.8066,-0.0256,-0.0028,0.0252,-20.81,-34.81,5.63,288.61,-83.92,-167.93
52.395275,-1.520717,161.09,17.45,6,70.32,19 / 20,4923110,2019-09-06 20:42:08:853,-0.3724,-0.0685,9.7665,0.0111,-0.0018,9.8066,-0.0197,0.0127,0.0114,-20.62,-35.06,6.19,288.89,-83.86,-167.58
52.395275,-1.520717,161.09,17.45,6,70.32,19 / 20,4923209,2019-09-06 20:42:08:952,-0.782,-0.165,9.9153,0.0116,0.0024,9.8066,0.0776,-0.0227,-0.0127,-21.44,-34.81,5.75,288.37,-83.78,-167.94
52.395275,-1.520717,161.09,17.45,6,70.32,19 / 20,4923309,2019-09-06 20:42:09:052,0.4485,-0.5718,10.1833,-0.015,0.0177,9.8066,0.0886,-0.0181,0.0037,-21.5,-35.87,5.56,286.57,-83.87,-169.53
52.395275,-1.520717,161.09,17.45,6,70.32,19 / 20,4923409,2019-09-06 20:42:09:152,0.0707,0.7534,9.9698,0.0112,0.0072,9.8066,-0.0135,-0.0708,0.0056,-21.5,-35.44,6.13,285.46,-83.8,-170.74
52.395275,-1.520717,161.09,17.45,6,70.32,19 / 20,4923510,2019-09-06 20:42:09:253,-0.6895,0.2077,9.6714,-0.0101,0.0105,9.8066,-0.001,-0.0464,0.0018,-20.81,-35.5,5.63,284.43,-83.81,-171.75
52.395275,-1.520717,161.09,17.45,6,70.32,19 / 20,4923610,2019-09-06 20:42:09:353,-0.1033,0.0609,9.6164,-0.0318,0.0028,9.8065,0.0188,0.0411,-0.0243,-21.19,-35.75,5.81,284.07,-83.95,-172.05
52.395275,-1.520717,161.09,17.45,6,70.32,19 / 20,4923709,2019-09-06 20:42:09:452,-0.4448,0.1307,10.0696,-0.0038,0.0105,9.8066,0.0006,-0.0157,0.0016,-21.37,-35.87,6,283.39,-84.06,-172.89
52.395275,-1.520717,161.09,17.45,6,70.32,19 / 20,4923810,2019-09-06 20:42:09:553,-0.1454,-0.0315,9.9187,-0.005,0.0064,9.8066,-0.0788,-0.0213,-0.0366,-20.94,-35.56,5.06,280.32,-84.13,-173.31
52.395275,-1.520717,161.09,17.45,6,70.32,19 / 20,4923910,2019-09-06 20:42:09:653,-0.6129,-0.0164,9.252,0.0127,0.0107,9.8066,-0.0295,-0.0039,0.0037,-21,-35.56,5.44,279.11,-84.15,-174.52
52.395275,-1.520717,161.09,17.45,6,70.32,19 / 20,4924010,2019-09-06 20:42:09:753,-0.6153,0.8456,9.6214,-0.0293,0.0055,9.8066,0.0794,-0.022,0.0305,-20.56,-35.56,5.31,278.19,-84.07,-175.28
52.395275,-1.520717,161.09,17.45,6,70.32,19 / 20,4924109,2019-09-06 20:42:09:852,-0.5269,0.2999,10.0821,-0.018,-0.001,9.8066,0.0649,-0.0403,-0.0181,-20.81,-36,4.75,279.13,-84.2,-174.58
52.395275,-1.520717,161.09,17.45,6,70.32,19 / 20,4924209,2019-09-06 20:42:09:952,-0.513,-0.2223,9.9534,0.0006,0.004,9.8066,-0.0008,0.0236,0.0236,-21.25,-35.31,5,279.18,-84.15,-174.73
52.395275,-1.520717,161.09,17.45,6,70.32,19 / 20,4924310,2019-09-06 20:42:10:053,-0.5038,-0.0963,10.1678,0.0132,0.0013,9.8066,-0.0513,0.0227,-0.01,-20.56,-35.87,5.19,277.99,-84.07,-175.48
52.395275,-1.520717,161.09,17.45,6,70.32,19 / 20,4924409,2019-09-06 20:42:10:152,-1.0008,-0.6461,10.1071,0.0196,-0.0017,9.8066,0.0268,0.0253,-0.0722,-20.56,-35.62,5.38,277.78,-84.01,-175.59
52.395275,-1.520717,161.09,17.45,6,70.32,19 / 20,4924509,2019-09-06 20:42:10:252,-0.5713,0.1519,9.8268,0.0059,0.001,9.8066,0.0324,-0.0032,0.0292,-20.75,-35.87,6.06,280.49,-84.06,-175.7
52.395275,-1.520717,161.09,17.45,6,70.32,19 / 20,4924610,2019-09-06 20:42:10:353,-0.4722,0.1964,9.5931,0.0091,-0.0054,9.8066,0.0639,-0.0183,0.0117,-21.19,-36,5.88,280.44,-83.98,-175.61
52.395275,-1.520717,161.09,17.45,6,70.32,19 / 20,4924709,2019-09-06 20:42:10:452,-1.0165,0.4317,9.6755,-0.0272,-0.0039,9.8065,0.0961,-0.004,-0.0403,-20.81,-35.75,5.75,281.01,-84.17,-175.37
52.395275,-1.520717,161.09,17.45,6,70.32,19 / 20,4924810,2019-09-06 20:42:10:553,-0.2703,0.3864,8.9974,-0.034,0.0098,9.8066,-0.1629,-0.0189,0.0789,-20.62,-35.75,5.06,277.96,-84.18,-175.7
52.395275,-1.520717,161.09,17.45,6,70.32,19 / 20,4924910,2019-09-06 20:42:10:653,-0.0865,1.0306,9.4573,0.0213,-0.0153,9.8066,-0.1169,0.0198,-0.0675,-21,-35.12,5.44,279.28,-84.08,-174.52
52.395275,-1.520717,161.09,17.45,6,70.32,19 / 20,4925009,2019-09-06 20:42:10:752,-0.7832,0.1965,9.9063,-0.0118,-0.0035,9.8066,-0.0075,0.0113,0.0342,-20.75,-35.44,4.56,280.4,-84.29,-173.77
52.395275,-1.520717,161.09,17.45,6,70.32,19 / 20,4925110,2019-09-06 20:42:10:853,-1.0779,0.282,9.7764,0.0101,-0.0066,9.8066,-0.1029,-0.0025,0.0417,-21.25,-35.94,5.31,280.1,-84.26,-173.74
52.395275,-1.520717,161.09,17.45,6,70.32,19 / 20,4925209,2019-09-06 20:42:10:952,-0.8542,0.3347,10.3094,0.0401,-0.017,9.8065,0.1471,-0.0288,0.041,-20.81,-36,4.88,281.01,-83.97,-172.37
52.395275,-1.520717,161.09,17.45,6,70.32,19 / 20,4925310,2019-09-06 20:42:11:053,0.5627,-0.0581,10.0448,-0.0098,0.0036,9.8066,0.1815,-0.0152,-0.0013,-21,-35.5,5.5,284.37,-83.98,-172.07
52.395275,-1.520717,161.09,17.45,6,70.32,19 / 20,4925410,2019-09-06 20:42:11:153,-0.1918,0.2872,10.455,-0.0111,0.0001,9.8066,-0.0753,0.0055,0.0043,-21.06,-35.87,5.88,283.8,-83.85,-172.14
52.395275,-1.520717,161.09,17.45,6,70.32,19 / 20,4925510,2019-09-06 20:42:11:253,-0.1599,1.0782,9.6399,0.0108,0.0072,9.8066,-0.0204,0.0129,0.0064,-20.62,-35.69,5.88,282.74,-83.81,-173.1
52.395275,-1.520717,161.09,17.45,6,70.32,19 / 20,4925610,2019-09-06 20:42:11:353,-0.1696,0.2618,9.1219,-0.0017,-0.0076,9.8066,-0.0468,0.0069,0.0218,-20.94,-35.87,5.5,283.66,-83.87,-172.31
52.395275,-1.520717,161.09,17.45,6,70.32,19 / 20,4925710,2019-09-06 20:42:11:453,-0.4495,0.4455,9.5331,-0.0013,0.0048,9.8066,-0.0439,0.0244,-0.0253,-21.06,-35.75,5.38,281.75,-84.04,-171.76
52.395275,-1.520717,161.09,17.45,6,70.32,19 / 20,4925809,2019-09-06 20:42:11:552,-1.1942,0.0603,9.8386,0.0016,0.0039,9.8066,0.0667,0.0065,-0.029,-20.69,-35.25,5.38,281.6,-84.2,-172.45
52.395275,-1.520717,161.09,17.45,6,70.32,19 / 20,4925910,2019-09-06 20:42:11:653,-1.0987,0.7394,9.1853,0.0001,0.014,9.8065,-0.0429,0.0267,-0.0116,-20.69,-35.56,4.81,279.86,-84.11,-173.72
52.395275,-1.520717,161.09,17.45,6,70.32,19 / 20,4926009,2019-09-06 20:42:11:752,-0.8474,-0.1431,10.3164,0.042,-0.0037,9.8065,0.0822,0.0553,-0.082,-20.69,-35.87,5.88,281.28,-83.92,-174.69
52.395275,-1.520717,161.09,17.45,6,70.32,19 / 20,4926109,2019-09-06 20:42:11:852,-0.5201,-0.055,10.4384,-0.0087,-0.0038,9.8065,0.1144,-0.0196,-0.0016,-21,-35.94,4.94,277.65,-84,-175.71
52.395275,-1.520717,161.09,17.45,6,70.32,19 / 20,4926209,2019-09-06 20:42:11:952,-0.4609,0.3083,9.9352,-0.0207,0.0036,9.8066,0.0212,-0.0647,0.0442,-20.62,-35.69,5.31,277.22,-83.93,-176.01
52.395275,-1.520717,161.09,17.45,6,70.32,19 / 20,4926309,2019-09-06 20:42:12:052,-0.3882,-0.8337,10.372,0.0037,-0.0117,9.8066,-0.0226,-0.0423,0.01,-21.12,-35.81,5,278.65,-83.96,-174.65
52.395275,-1.520717,161.09,17.45,6,70.32,19 / 20,4926410,2019-09-06 20:42:12:153,0.0187,-0.8429,9.9215,0.0275,-0.0184,9.8066,-0.1234,0.0307,-0.0424,-20.94,-35.62,5.13,279.85,-84.21,-173.91
52.395275,-1.520717,161.09,17.45,6,70.32,19 / 20,4926510,2019-09-06 20:42:12:253,-0.348,-0.5997,9.4444,-0.0014,0.0075,9.8066,0.0133,-0.0652,0.0703,-20.56,-35.62,5.81,283.07,-84.16,-173.35
52.395275,-1.520717,161.09,17.45,6,70.32,19 / 20,4926610,2019-09-06 20:42:12:353,-1.4114,0.201,9.8647,0.0059,-0.0142,9.8066,0.04,-0.0469,0.0612,-21,-35.69,5.19,281.63,-84.12,-172.03
52.395275,-1.520717,161.09,17.45,6,70.32,19 / 20,4926710,2019-09-06 20:42:12:453,-0.255,0.9342,10.2482,-0.0028,-0.003,9.8066,0.0238,-0.0391,-0.0204,-20.81,-36.5,5.19,281.33,-84.1,-172.28
52.395275,-1.520717,161.09,17.45,6,70.32,19 / 20,4926809,2019-09-06 20:42:12:552,-0.0765,0.7044,9.9868,-0.0119,0.0075,9.8065,0.0025,-0.0428,0.0612,-21.25,-35.12,5.25,281.65,-84.04,-172.14
52.395275,-1.520717,161.09,17.45,6,70.32,19 / 20,4926909,2019-09-06 20:42:12:652,-0.3842,-0.2658,9.7861,0.0108,-0.0049,9.8066,-0.1242,0.0231,-0.0196,-21.19,-35.87,5.56,284.92,-84,-171.3
52.395275,-1.520717,161.09,17.45,6,70.32,19 / 20,4927010,2019-09-06 20:42:12:753,-1.9692,-0.1746,9.1383,0.01,0.0025,9.8066,0.1001,0.0319,-0.0576,-21.06,-35.31,5.75,284.65,-84.06,-171.94
52.395275,-1.520717,161.09,17.45,6,70.32,19 / 20,4927110,2019-09-06 20:42:12:853,-0.6908,0.1882,9.7685,-0.0482,0.0112,9.8065,0.1653,0.0104,0.0332,-21,-34.56,5.06,282.5,-84.47,-172.03
52.395275,-1.520717,161.09,17.45,6,70.32,19 / 20,4927210,2019-09-06 20:42:12:953,-0.6803,0.1476,10.8535,-0.0232,-0.0112,9.8066,-0.0613,-0.0399,-0.0052,-21.19,-34.69,4.81,282.84,-84.39,-171.57
52.395275,-1.520717,161.09,17.45,6,70.32,19 / 20,4927310,2019-09-06 20:42:13:053,0.6584,0.664,10.8543,0.0689,-0.0137,9.8064,-0.0542,0.0457,-0.0026,-21.25,-35.56,5.25,281.51,-83.96,-171.86
52.395275,-1.520717,161.09,17.45,6,70.32,19 / 20,4927409,2019-09-06 20:42:13:152,-0.4143,-1.1604,10.0899,0.0421,-0.0066,9.8065,-0.0416,0.0127,-0.0192,-20.75,-35.5,6.13,284.67,-83.84,-171.57
52.395275,-1.520717,161.09,17.45,6,70.32,19 / 20,4927509,2019-09-06 20:42:13:252,-0.8283,-0.0914,9.3368,-0.0074,-0.007,9.8066,-0.0599,-0.0314,0.048,-21.87,-35.56,5.06,283.11,-83.85,-169.98
52.395275,-1.520717,161.09,17.45,6,70.32,19 / 20,4927610,2019-09-06 20:42:13:353,-1.2435,-1.1634,9.2699,-0.035,-0.0008,9.8065,0.0723,0.0439,-0.047,-21.62,-35.44,5.63,287.06,-83.9,-169.08
52.395275,-1.520717,161.09,17.45,6,70.32,19 / 20,4927709,2019-09-06 20:42:13:452,-0.5011,1.3708,9.684,-0.0413,0.0194,9.8065,0.0745,-0.0018,-0.0281,-21.19,-35.75,5.56,286.65,-84.01,-169.68
52.395275,-1.520717,161.09,17.45,6,70.32,19 / 20,4927810,2019-09-06 20:42:13:553,0.1552,0.3539,10.6904,-0.0407,0.0078,9.8065,0.0262,-0.0642,0.007,-20.94,-35.19,5.94,286.34,-84.25,-170.63
52.395275,-1.520717,161.09,17.45,6,70.32,19 / 20,4927910,2019-09-06 20:42:13:653,0.6058,0.6878,10.1613,0.031,-0.0019,9.8066,0.047,0.0732,-0.0391,-21.12,-35.75,6.31,284.23,-83.93,-171.86
52.395275,-1.520717,161.09,17.45,6,70.32,19 / 20,4928010,2019-09-06 20:42:13:753,-0.166,-0.2234,8.9213,0.0073,-0.0154,9.8066,-0.0522,0.0073,0.0258,-20.81,-35,6,284.86,-83.9,-171.47
52.395275,-1.520717,161.09,17.45,6,70.32,19 / 20,4928109,2019-09-06 20:42:13:852,-1.1818,-1.57,9.6295,-0.0637,-0.019,9.8064,-0.057,-0.1073,0.1141,-21.25,-35.5,5.94,290.59,-84.26,-166.59
52.395275,-1.520717,161.09,17.45,6,70.32,19 / 20,4928210,2019-09-06 20:42:13:953,1.5217,0.3751,10.3654,-0.1059,-0.004,9.806,-0.2259,-0.0624,0.1448,-21.31,-35.31,6,296.18,-84.75,-162.08
52.395275,-1.520717,161.09,17.45,6,70.32,19 / 20,4928309,2019-09-06 20:42:14:052,1.5278,-1.947,10.1462,-0.0677,-0.0121,9.8063,-0.0051,-0.0659,0.0661,-21.75,-34.87,5.44,296.27,-84.68,-159
52.395737,-1.518513,158.82,16.35,4,71.09,19 / 20,4928410,2019-09-06 20:42:14:153,-0.1485,-0.749,9.6993,0.0922,-0.0198,9.8061,-0.1266,-0.019,0.0293,-21.56,-34.69,5.31,292.29,-84.07,-161.83
52.395737,-1.518513,158.82,16.35,4,71.09,19 / 20,4928509,2019-09-06 20:42:14:252,-0.5774,0.197,9.7583,0.0889,-0.0195,9.8062,-0.0778,-0.0583,0.0526,-21.81,-34.87,5,293.64,-83.81,-160.18
52.395737,-1.518513,158.82,16.35,4,71.09,19 / 20,4928610,2019-09-06 20:42:14:353,-1.4109,0.6748,10.7796,-0.0257,-0.0085,9.8066,0.2003,-0.0529,0.0587,-22,-34.75,5.75,295.35,-83.92,-161.29
52.395737,-1.518513,158.82,16.35,4,71.09,19 / 20,4928710,2019-09-06 20:42:14:453,0.2502,1.0333,9.9621,-0.0165,0.0166,9.8066,0.1871,0.0551,-0.0829,-21.94,-34.87,5.38,292.31,-83.93,-161.61
52.395737,-1.518513,158.82,16.35,4,71.09,19 / 20,4928809,2019-09-06 20:42:14:552,-1.2756,0.1795,9.5917,-0.0013,0.0003,9.8066,-0.0468,0.045,-0.0008,-22.31,-34.94,5.63,294.28,-83.92,-162.3
52.395737,-1.518513,158.82,16.35,4,71.09,19 / 20,4928910,2019-09-06 20:42:14:653,-0.1264,0.2772,10.505,-0.0008,-0.0011,9.8066,0.0358,-0.0141,0.0292,-22.25,-35.56,5.5,294.13,-83.98,-162.28
52.395737,-1.518513,158.82,16.35,4,71.09,19 / 20,4929010,2019-09-06 20:42:14:753,-0.7019,0.3238,9.9346,0.017,-0.002,9.8066,-0.09,0.0231,-0.0302,-22.44,-35.37,5.06,291.35,-84.03,-162.67
52.395737,-1.518513,158.82,16.35,4,71.09,19 / 20,4929109,2019-09-06 20:42:14:852,-0.1648,-0.1792,10.3161,0.0124,-0.0015,9.8066,0.0357,0.0333,0.025,-21.87,-35.31,5.81,293.81,-84.07,-162.95
52.395737,-1.518513,158.82,16.35,4,71.09,19 / 20,4929210,2019-09-06 20:42:14:953,1.3684,0.9669,9.2329,0.0161,0.0079,9.8065,-0.1902,-0.093,0.002,-22.06,-35.19,6.19,294.1,-84.04,-162.64
52.395737,-1.518513,158.82,16.35,4,71.09,19 / 20,4929309,2019-09-06 20:42:15:052,-0.3645,1.0546,9.7129,0.0628,0.0009,9.8064,-0.144,-0.0422,0.0883,-22.06,-35.31,5.38,290.45,-83.83,-163.22
52.395737,-1.518513,158.82,16.35,4,71.09,18 / 20,4929410,2019-09-06 20:42:15:153,-2.5673,-0.9424,9.6498,-0.0904,-0.0018,9.8062,0.1653,0.129,-0.0916,-21.87,-35.12,5.38,293.63,-84.44,-161.13
52.395737,-1.518513,158.82,16.35,4,71.09,18 / 20,4929510,2019-09-06 20:42:15:253,-0.3085,0.1388,10.1729,0.0405,-0.0044,9.8066,0.1289,0.0057,0.1015,-22.12,-35.19,5.5,296.6,-84.37,-160.77
52.395737,-1.518513,158.82,16.35,4,71.09,18 / 20,4929609,2019-09-06 20:42:15:352,-0.1973,-0.4594,10.3423,0.0236,0.0032,9.8065,-0.0317,0.0003,-0.0173,-22.31,-35.25,5.56,294.95,-84.19,-162.05
52.395737,-1.518513,158.82,16.35,4,71.09,18 / 20,4929710,2019-09-06 20:42:15:453,0.0646,-0.576,10.5233,0.0078,-0.0047,9.8066,-0.0039,0.0227,-0.0181,-21.56,-35.44,4.94,292.84,-84.13,-161.41
52.395737,-1.518513,158.82,16.35,4,71.09,18 / 20,4929810,2019-09-06 20:42:15:553,0.3079,1.6901,9.3108,-0.0022,0.0018,9.8066,-0.0612,-0.0377,0.0449,-21.87,-35.5,5.5,296.15,-84.1,-160.81
52.395737,-1.518513,158.82,16.35,4,71.09,18 / 20,4929910,2019-09-06 20:42:15:653,0.7432,0.2749,9.1628,-0.0036,0.0017,9.8066,0.0016,-0.0079,0.0047,-21.62,-35.31,5.19,292.9,-84.08,-161.29
52.395737,-1.518513,158.82,16.35,4,71.09,18 / 20,4930010,2019-09-06 20:42:15:753,-0.078,1.5697,9.574,-0.0268,0.0015,9.8066,0.2236,-0.071,0.0082,-21.94,-35.12,5.31,292.91,-84.2,-161.45
52.395737,-1.518513,158.82,16.35,4,71.09,18 / 20,4930110,2019-09-06 20:42:15:853,-0.4548,1.6474,10.4249,-0.0123,0.0045,9.8066,0.0287,0.0786,-0.0217,-21.81,-35,5.25,292.07,-84.08,-162.06
52.395737,-1.518513,158.82,16.35,4,71.09,18 / 20,4930211,2019-09-06 20:42:15:954,-0.0464,-0.2624,9.6899,-0.0187,0.0052,9.8066,-0.0882,0.0804,-0.025,-22,-36,5.06,291.62,-84.01,-162.12
52.395737,-1.518513,158.82,16.35,4,71.09,18 / 20,4930309,2019-09-06 20:42:16:052,1.083,0.741,9.7417,-0.0329,-0.0001,9.8065,-0.0802,0.1093,-0.0067,-22.25,-35.44,5.56,295.08,-84.09,-161.79
52.395737,-1.518513,158.82,16.35,4,71.09,18 / 20,4930410,2019-09-06 20:42:16:153,-2.055,1.1651,10.3704,0.0148,0.0125,9.8066,0.0285,0.0406,-0.0497,-21.62,-35.06,5.19,292.35,-84.06,-161.76
52.395737,-1.518513,158.82,16.35,4,71.09,18 / 20,4930509,2019-09-06 20:42:16:252,-0.8793,0.2929,9.7627,-0.0042,0.0033,9.8066,0.0941,-0.0535,-0.0042,-21.81,-35.19,5.5,293.7,-84.17,-163.2
52.395737,-1.518513,158.82,16.35,4,71.09,18 / 20,4930610,2019-09-06 20:42:16:353,-0.578,1.3372,10.3715,0.0182,-0.0042,9.8065,0.0134,-0.0037,0.0434,-21.75,-35.19,5.19,290.62,-84.05,-163.38
52.395737,-1.518513,158.82,16.35,4,71.09,18 / 20,4930709,2019-09-06 20:42:16:452,-1.1232,1.0442,9.3817,-0.0019,0.0009,9.8066,-0.084,0.0469,0.0167,-22.19,-35.12,5.31,290.48,-84.06,-163.53
52.395737,-1.518513,158.82,16.35,4,71.09,18 / 20,4930810,2019-09-06 20:42:16:553,-1.9924,0.6495,10.0356,0.0064,-0.007,9.8066,0.1213,0.0438,0.0111,-21.94,-35.37,4.69,289.9,-83.97,-163.95
52.395737,-1.518513,158.82,16.35,4,71.09,18 / 20,4930909,2019-09-06 20:42:16:652,-0.9399,0.5958,10.3855,-0.0003,0.01,9.8066,0.0843,0.1654,-0.0558,-21.56,-35.06,5.13,289.89,-84,-164
52.395737,-1.518513,158.82,16.35,4,71.09,18 / 20,4931009,2019-09-06 20:42:16:752,-0.9463,1.006,9.7111,0.0121,0.0064,9.8065,-0.0037,0.1406,0.0051,-20.87,-35.5,4.38,286.78,-83.9,-164.27
52.395737,-1.518513,158.82,16.35,4,71.09,18 / 20,4931110,2019-09-06 20:42:16:853,-1.6502,2.0473,9.7672,0.0534,-0.0033,9.8064,-0.1152,0.0758,-0.0225,-21.5,-35.25,4.44,285.1,-83.53,-165.27
52.395737,-1.518513,158.82,16.35,4,71.09,18 / 20,4931210,2019-09-06 20:42:16:953,-2.345,-0.5049,10.226,-0.021,-0.0073,9.8066,0.1048,0.1758,-0.0695,-22,-35.62,4.19,284.74,-83.63,-165.46
52.395737,-1.518513,158.82,16.35,4,71.09,18 / 20,4931310,2019-09-06 20:42:17:053,-0.044,0.1719,9.4857,-0.0227,-0.0002,9.8066,0.2072,-0.0132,0.0245,-21.75,-35.5,4.88,286.79,-83.62,-166.36
52.395737,-1.518513,158.82,16.35,4,71.09,17 / 19,4931409,2019-09-06 20:42:17:152,-0.9231,3.7505,9.3825,-0.0276,-0.0004,9.8066,-0.1653,0.0512,0.0318,-21.37,-35.31,4,283.58,-83.61,-166.86
52.395737,-1.518513,158.82,16.35,4,71.09,17 / 19,4931509,2019-09-06 20:42:17:252,-2.4103,0.7261,9.298,0.0043,0.0058,9.8066,-0.1362,-0.065,0.1031,-20.62,-35.69,4.81,285.67,-83.7,-167.43
52.395737,-1.518513,158.82,16.35,4,71.09,17 / 19,4931610,2019-09-06 20:42:17:353,-0.7035,0.035,9.2403,0.0372,-0.0104,9.8065,0.1443,-0.0108,0.0932,-21.12,-36,3.75,283.21,-83.54,-166.81
52.395737,-1.518513,158.82,16.35,4,71.09,17 / 19,4931710,2019-09-06 20:42:17:453,-2.421,1.763,10.3067,-0.0097,-0.0263,9.8066,0.0066,0.264,-0.1164,-21.37,-36.12,4.19,282.98,-83.72,-167.33
52.395737,-1.518513,158.82,16.35,4,71.09,17 / 19,4931810,2019-09-06 20:42:17:553,-1.0547,1.9436,9.428,-0.0475,-0.0021,9.8065,-0.0434,0.03,0.0339,-21.25,-36.19,4.06,283.84,-83.75,-166.56
52.395737,-1.518513,158.82,16.35,4,71.09,17 / 19,4931910,2019-09-06 20:42:17:653,0.1861,2.0004,9.8394,-0.0008,-0.0079,9.8066,-0.0054,0.1049,-0.0137,-21.12,-35.56,3.88,283.81,-83.52,-166.19
52.395737,-1.518513,158.82,16.35,4,71.09,17 / 19,4932010,2019-09-06 20:42:17:753,-2.736,0.5118,10.6304,0.0042,0.0037,9.8066,0.1087,0.0721,-0.0267,-20.81,-35.81,3.44,281.82,-83.55,-165.41
52.395737,-1.518513,158.82,16.35,4,71.09,17 / 19,4932110,2019-09-06 20:42:17:853,-1.8035,0.6967,9.7478,0.0005,0.0027,9.8066,-0.0411,0.2408,-0.0648,-20.81,-35.81,3.44,281.08,-83.57,-166.17
52.395737,-1.518513,158.82,16.35,4,71.09,17 / 19,4932210,2019-09-06 20:42:17:953,0.3022,0.9606,9.4182,0.0079,-0.0093,9.8066,-0.1124,0.1166,-0.0272,-20.69,-36.06,3.63,283.4,-83.52,-166.58
52.395737,-1.518513,158.82,16.35,4,71.09,17 / 19,4932310,2019-09-06 20:42:18:053,0.6763,2.5579,9.6457,0.0061,0.0033,9.8066,0.055,0.1667,-0.0097,-20.06,-36.31,3.13,279.18,-83.51,-167.77
52.395737,-1.518513,158.82,16.35,4,71.09,18 / 20,4932409,2019-09-06 20:42:18:152,-0.3949,2.9394,10.0246,0.0167,0.0132,9.8066,-0.0442,0.0103,0.0131,-20.44,-36.31,3.19,279.1,-83.45,-167.73
52.395737,-1.518513,158.82,16.35,4,71.09,18 / 20,4932510,2019-09-06 20:42:18:253,-1.3936,2.9836,9.7771,0.0224,0.02,9.8065,-0.1011,0.1982,-0.0974,-20.12,-36.94,2.56,276.82,-83.39,-169.51
52.395737,-1.518513,158.82,16.35,4,71.09,18 / 20,4932609,2019-09-06 20:42:18:352,0.2693,-0.4424,9.9609,-0.0138,0.0101,9.8066,-0.0914,0.2016,-0.0418,-20,-36.19,3.44,276.69,-83.44,-170.06
52.395737,-1.518513,158.82,16.35,4,71.09,18 / 20,4932710,2019-09-06 20:42:18:453,-0.3945,2.0114,9.4098,-0.0006,0.0008,9.8066,-0.1087,0.2,0.0455,-19.81,-36.5,2.88,277.39,-83.5,-169.5
52.395737,-1.518513,158.82,16.35,4,71.09,18 / 20,4932810,2019-09-06 20:42:18:553,-0.9128,1.6743,10.2113,-0.0279,0.0056,9.8065,0.0344,0.0769,-0.1105,-20.31,-35.94,2,274.48,-83.61,-169.68
52.395737,-1.518513,158.82,16.35,4,71.09,18 / 20,4932909,2019-09-06 20:42:18:652,-0.1681,0.385,10.189,0.0022,-0.0027,9.8066,-0.0598,0.09,0.0336,-20.25,-36,2.06,273.83,-83.56,-170.22
52.395737,-1.518513,158.82,16.35,4,71.09,18 / 20,4933010,2019-09-06 20:42:18:753,-0.801,2.0548,10.2513,0.0185,-0.0003,9.8066,0.186,0.0787,0.0584,-19.25,-35.69,2.25,273.31,-83.44,-170.18
52.395737,-1.518513,158.82,16.35,4,71.09,18 / 20,4933110,2019-09-06 20:42:18:853,-0.0653,1.597,10.4058,0.0107,0.0006,9.8066,0.0744,0.1236,-0.0591,-19.37,-35.62,1.44,269.14,-83.4,-171.23
52.395737,-1.518513,158.82,16.35,4,71.09,18 / 20,4933209,2019-09-06 20:42:18:952,-1.0875,1.9943,10.2442,0.0048,0.0041,9.8066,0.0411,0.0543,0.0059,-19.44,-36.81,1.88,271.28,-83.4,-171.78
52.395737,-1.518513,158.82,16.35,4,71.09,18 / 20,4933309,2019-09-06 20:42:19:052,-1.4491,0.9911,10.4204,-0.0084,0.0135,9.8066,0.0399,0.1307,-0.0749,-19.62,-36.31,1.44,268.05,-83.42,-172.86
52.395737,-1.518513,158.82,16.35,4,71.09,19 / 20,4933409,2019-09-06 20:42:19:152,-1.464,0.9476,10.0256,-0.0023,0.0035,9.8066,0.0484,0.0739,0.0138,-19.19,-37,1.38,267.14,-83.48,-173.06
52.395737,-1.518513,158.82,16.35,4,71.09,19 / 20,4933510,2019-09-06 20:42:19:253,-0.5793,0.0645,10.1193,-0.0152,-0.0031,9.8066,-0.1542,0.2122,-0.0792,-19.25,-36.94,1,266.42,-83.44,-173.72
52.395737,-1.518513,158.82,16.35,4,71.09,19 / 20,4933609,2019-09-06 20:42:19:352,-2.8327,0.6163,9.9711,0.0197,0.0202,9.8065,0.1769,0.1223,-0.0418,-18.62,-36,1,265.92,-83.26,-174.24
52.395737,-1.518513,158.82,16.35,4,71.09,19 / 20,4933709,2019-09-06 20:42:19:452,-0.6753,1.8659,9.5487,-0.0003,0.0161,9.8065,0.0469,0.1869,-0.0968,-19,-36.31,0.56,264.45,-83.26,-175.74
52.395737,-1.518513,158.82,16.35,4,71.09,19 / 20,4933810,2019-09-06 20:42:19:553,1.4191,0.5273,10.781,0.0738,0.0074,9.8064,-0.3166,0.0727,-0.0357,-18.44,-37,0.25,259.77,-82.97,-175.86
52.395737,-1.518513,158.82,16.35,4,71.09,19 / 20,4933909,2019-09-06 20:42:19:652,-1.7525,3.0222,9.5975,0.044,0.0307,9.8064,-0.2608,0.2325,-0.1019,-18.19,-36.81,0.81,261.53,-83.08,-177.46
52.395737,-1.518513,158.82,16.35,4,71.09,19 / 20,4934009,2019-09-06 20:42:19:752,-0.3952,0.953,10.3377,0.0504,0.0126,9.8065,-0.0526,0.1025,-0.013,-17.81,-37,0.88,261.18,-83.13,-177.91
52.395737,-1.518513,158.82,16.35,4,71.09,19 / 20,4934110,2019-09-06 20:42:19:853,-0.5545,1.2193,10.5173,0.0221,0.0075,9.8066,-0.001,0.1888,-0.1306,-18.31,-37.19,0.69,260.3,-82.86,-178.28
52.395737,-1.518513,158.82,16.35,4,71.09,19 / 20,4934210,2019-09-06 20:42:19:953,-1.9141,1.8419,9.6526,0.0131,-0.0064,9.8066,0.016,0.1103,0.0038,-18.37,-37.19,0.69,260.91,-82.89,-177.7
52.395737,-1.518513,158.82,16.35,4,71.09,19 / 20,4934309,2019-09-06 20:42:20:052,-0.5814,0.805,9.3932,0.0115,0.004,9.8066,-0.0598,0.1281,0.0832,-18.12,-37.06,-0.25,257.52,-82.86,-178.03
52.395737,-1.518513,158.82,16.35,4,71.09,19 / 20,4934410,2019-09-06 20:42:20:153,-1.299,1.2919,9.8279,-0.0145,0.0037,9.8066,0.1382,0.0773,-0.0305,-17.25,-36.62,0,256.55,-82.72,-177.89
52.395737,-1.518513,158.82,16.35,4,71.09,19 / 20,4934509,2019-09-06 20:42:20:252,-2.3086,1.0777,9.9239,0.0166,0.0071,9.8066,0.0261,0.1272,-0.0533,-17.69,-37.19,-0.37,256.66,-82.61,-178.43
52.395737,-1.518513,158.82,16.35,4,71.09,19 / 20,4934610,2019-09-06 20:42:20:353,-1.8909,1.7826,9.8223,-0.0041,0.0106,9.8066,-0.0229,0.039,0.0401,-17.81,-37,-0.06,256.25,-82.7,-179.05
52.395737,-1.518513,158.82,16.35,4,71.09,19 / 20,4934709,2019-09-06 20:42:20:452,-0.4842,0.1724,10.3323,0.0046,-0.0008,9.8066,-0.0786,0.1273,-0.0476,-17.56,-36.69,-0.37,255.5,-82.69,-179.84
52.395737,-1.518513,158.82,16.35,4,71.09,19 / 20,4934809,2019-09-06 20:42:20:552,-0.5938,0.6562,9.9072,0.0025,0.014,9.8066,-0.0525,0.138,-0.0558,-16.94,-36.75,-0.37,254.16,-82.69,179.62
52.395737,-1.518513,158.82,16.35,4,71.09,19 / 20,4934909,2019-09-06 20:42:20:652,-1.49,-0.0575,10.0657,-0.0004,0.0024,9.8066,-0.107,0.1504,-0.0126,-17.56,-36.94,-0.75,251.66,-82.67,179.2
52.395737,-1.518513,158.82,16.35,4,71.09,19 / 20,4935009,2019-09-06 20:42:20:752,-2.1209,2.1333,10.0674,-0.0089,0.0009,9.8066,-0.0241,0.0493,0.0227,-17.12,-37.5,0.5,256.38,-82.65,178.69
52.395737,-1.518513,158.82,16.35,4,71.09,19 / 20,4935109,2019-09-06 20:42:20:852,0.8894,0.3084,10.8837,-0.0355,-0.0057,9.8065,0.24,0.0437,0.0224,-17.06,-37.31,-0.25,253.37,-82.76,178.6
52.395737,-1.518513,158.82,16.35,4,71.09,19 / 20,4935209,2019-09-06 20:42:20:952,-0.5853,0.4203,10.468,0.0567,0.0167,9.8064,-0.1504,0.0644,-0.0056,-17.06,-36.94,-1,249.51,-82.39,178.47
52.395737,-1.518513,158.82,16.35,4,71.09,19 / 20,4935309,2019-09-06 20:42:21:052,-1.2227,-0.7534,10.1564,0.0268,0.0305,9.8065,-0.1452,0.1975,-0.0844,-16.5,-37,-0.94,247.86,-82.42,177.78
52.395737,-1.518513,158.82,16.35,4,71.09,18 / 19,4935410,2019-09-06 20:42:21:153,-2.2846,-0.2054,9.6972,-0.0273,-0.0106,9.8065,0.2182,0.1472,-0.0096,-16.31,-37.19,-1.19,248.61,-82.79,177.79
52.395737,-1.518513,158.82,16.35,4,71.09,18 / 19,4935509,2019-09-06 20:42:21:252,0.3151,-0.4429,10.2548,-0.0187,-0.012,9.8066,0.1677,-0.0165,0.0334,-16.19,-36.69,-1.87,245.47,-82.82,177.65
52.395737,-1.518513,158.82,16.35,4,71.09,18 / 19,4935610,2019-09-06 20:42:21:353,-0.5432,0.042,9.6658,-0.0096,0.0083,9.8066,-0.0421,0.1727,-0.0406,-16.56,-37.56,-2,245.03,-82.81,176.26
52.395737,-1.518513,158.82,16.35,4,71.09,18 / 19,4935710,2019-09-06 20:42:21:453,-2.3502,0.6755,10.6136,0.0252,-0.0002,9.8065,0.0711,0.0849,0.0118,-16.31,-37.75,-1.37,246.73,-82.64,176.44
52.395737,-1.518513,158.82,16.35,4,71.09,18 / 19,4935809,2019-09-06 20:42:21:552,-1.578,0.4371,10.2195,0.0076,-0.0028,9.8066,-0.004,0.0404,0.0166,-16,-37.12,-1.81,243.74,-82.6,176.14
52.395737,-1.518513,158.82,16.35,4,71.09,18 / 19,4935909,2019-09-06 20:42:21:652,-2.2451,-0.7266,10.4037,-0.0134,0.0046,9.8066,0.0849,0.13,-0.0554,-15.37,-37.56,-2.69,238.61,-82.56,175.75
52.395737,-1.518513,158.82,16.35,4,71.09,18 / 19,4936010,2019-09-06 20:42:21:753,-0.9544,0.687,10.5716,0.0606,0.033,9.8063,-0.1899,0.0916,0.0053,-16.31,-36.87,-2.12,242.45,-82.3,175.29
52.395737,-1.518513,158.82,16.35,4,71.09,18 / 19,4936109,2019-09-06 20:42:21:852,-0.7911,-0.3539,9.578,0.0538,0.0246,9.8064,-0.0147,0.076,-0.033,-15.69,-37.25,-2.44,242.21,-82.21,175.2
52.395737,-1.518513,158.82,16.35,4,71.09,18 / 19,4936209,2019-09-06 20:42:21:952,-1.3787,1.223,9.5739,0.0341,-0.0122,9.8065,-0.1703,-0.014,0.0739,-15.75,-37,-1.75,241.9,-82.23,174.8
52.395737,-1.518513,158.82,16.35,4,71.09,18 / 19,4936310,2019-09-06 20:42:22:053,-1.6809,-2.6616,10.2085,0.0425,0.0211,9.8065,-0.2249,-0.0016,0.0982,-15.75,-37.5,-2.12,242.37,-81.87,176.1
52.395737,-1.518513,158.82,16.35,4,71.09,19 / 20,4936410,2019-09-06 20:42:22:153,-2.9141,1.0256,9.6926,-0.0102,-0.0003,9.8066,-0.0726,-0.0145,0.0263,-15.19,-37.81,-2,241.6,-81.96,177.1
52.395737,-1.518513,158.82,16.35,4,71.09,19 / 20,4936509,2019-09-06 20:42:22:252,-3.7605,-0.5026,9.0749,0.0756,0.0395,9.8063,-0.4958,0.1602,0.0299,-15.94,-37.37,-2.25,243.74,-81.58,178.31
52.395737,-1.518513,158.82,16.35,4,71.09,19 / 20,4936610,2019-09-06 20:42:22:353,-2.5527,-2.5484,8.422,-0.1028,-0.0383,9.806,0.3711,0.0994,-0.1148,-15.19,-38.37,-1.62,242.58,-82.11,177.9
52.395737,-1.518513,158.82,16.35,4,71.09,19 / 20,4936710,2019-09-06 20:42:22:453,-1.8197,-1.0571,8.8199,-0.0217,-0.0242,9.8065,0.1336,0.0297,0.0391,-15.37,-37.62,-1.94,242.44,-81.97,178.08
52.395737,-1.518513,158.82,16.35,4,71.09,19 / 20,4936810,2019-09-06 20:42:22:553,-1.6207,-1.2381,10.4466,-0.0772,-0.044,9.8062,0.202,0.0828,-0.0486,-15.62,-37.19,-2.81,241.61,-81.93,178.41
52.395737,-1.518513,158.82,16.35,4,71.09,19 / 20,4936910,2019-09-06 20:42:22:653,-1.8314,-1.1129,9.7195,-0.0704,-0.0454,9.8063,0.2226,0.0084,0.0067,-15.62,-36.81,-2.37,245.48,-82.45,178.45
52.395737,-1.518513,158.82,16.35,4,71.09,19 / 20,4937010,2019-09-06 20:42:22:753,-1.6091,-1.368,9.3714,-0.0038,-0.0036,9.8066,-0.0551,-0.0811,0.0561,-15.37,-37.75,-2,244.12,-82.44,178.94
52.395737,-1.518513,158.82,16.35,4,71.09,19 / 20,4937109,2019-09-06 20:42:22:852,-3.2448,-1.3134,9.6748,-0.0009,0.0056,9.8066,-0.0876,0.0612,-0.0668,-16.06,-37.19,-2.37,245.63,-82.39,178.77
52.395737,-1.518513,158.82,16.35,4,71.09,19 / 20,4937210,2019-09-06 20:42:22:953,-1.5297,-2.3783,9.7307,-0.0067,0.0096,9.8066,-0.0284,-0.0898,-0.029,-15.87,-37.94,-1.56,245.72,-82.47,179.14
52.395737,-1.518513,158.82,16.35,4,71.09,19 / 20,4937310,2019-09-06 20:42:23:053,-0.2683,-3.2159,10.0505,0.0163,0.0012,9.8066,-0.1098,-0.1549,0.0819,-16.56,-37.69,-1.81,246.96,-82.49,179.1
52.396297,-1.517091,157.17,8.28,4,33.99,19 / 20,4937410,2019-09-06 20:42:23:153,-1.152,-2.0447,9.3256,0.0126,0.0111,9.8066,0.0817,-0.2083,0.0467,-16.5,-36.94,-0.81,249.42,-82.49,179.37
52.396297,-1.517091,157.17,8.28,4,33.99,19 / 20,4937512,2019-09-06 20:42:23:255,-1.3516,-2.8325,9.829,0.0094,-0.0199,9.8066,0.0428,-0.0509,0.0303,-16.44,-37.44,-1.06,250.79,-82.45,-179.02
52.396297,-1.517091,157.17,8.28,4,33.99,19 / 20,4937609,2019-09-06 20:42:23:352,-0.0967,-3.2886,9.9379,0.0067,0.0057,9.8066,-0.1741,-0.2006,-0.0284,-17.25,-36.37,-0.94,252.26,-82.37,-178.89
52.396297,-1.517091,157.17,8.28,4,33.99,19 / 20,4937710,2019-09-06 20:42:23:453,-0.9148,-4.0317,9.333,0.0169,0.0047,9.8066,-0.108,-0.3085,0.0172,-17.87,-36.81,-0.25,254.79,-82.3,-179.8
52.396297,-1.517091,157.17,8.28,4,33.99,19 / 20,4937809,2019-09-06 20:42:23:552,-2.0859,-3.2849,9.9852,0.0084,0.0233,9.8066,0.092,-0.3152,0.0702,-17.12,-36.69,0.81,256.22,-82.26,179.38
52.396297,-1.517091,157.17,8.28,4,33.99,19 / 20,4937910,2019-09-06 20:42:23:653,-0.0971,-3.6467,9.8512,-0.0032,-0.0129,9.8066,0.0891,-0.4084,0.0628,-18,-36.87,0.63,256.72,-82.42,178.83
52.396297,-1.517091,157.17,8.28,4,33.99,19 / 20,4938009,2019-09-06 20:42:23:752,-1.7217,-3.4292,9.9438,-0.0501,-0.0079,9.8065,0.0408,-0.4246,0.072,-18.87,-37.75,1.69,260.98,-82.65,179.56
52.396297,-1.517091,157.17,8.28,4,33.99,19 / 20,4938110,2019-09-06 20:42:23:853,-0.4218,-3.7042,9.7028,-0.0267,0.0008,9.8065,0.0151,-0.4336,0.0707,-18.69,-36.62,1.56,261.5,-82.89,179.25
52.396297,-1.517091,157.17,8.28,4,33.99,19 / 20,4938209,2019-09-06 20:42:23:952,0.7346,-3.2429,9.6533,-0.0238,-0.0052,9.8066,-0.0436,-0.4312,0.0227,-19.19,-36.19,2.56,265.14,-83,179.37
52.396297,-1.517091,157.17,8.28,4,33.99,19 / 20,4938310,2019-09-06 20:42:24:053,-0.76,-3.8362,9.715,0.0065,0.0177,9.8066,-0.0101,-0.4491,0.0898,-19.19,-36.31,3.06,264.16,-82.95,178.45
52.396297,-1.517091,157.17,8.28,4,33.99,19 / 20,4938410,2019-09-06 20:42:24:153,-0.2674,-4.0724,10.1039,0.0136,0.008,9.8066,0.0151,-0.4566,0.0119,-19.62,-36.06,3.56,266.33,-82.98,177.52
52.396297,-1.517091,157.17,8.28,4,33.99,19 / 20,4938509,2019-09-06 20:42:24:252,-1.8322,-2.6691,9.5674,-0.0067,0.013,9.8066,0.0371,-0.4619,-0.001,-20,-35.94,4.88,267.65,-83.07,175.83
52.396297,-1.517091,157.17,8.28,4,33.99,19 / 20,4938610,2019-09-06 20:42:24:353,0.4772,-3.1337,9.2214,0.0056,0.013,9.8065,-0.0542,-0.5392,0.085,-19.94,-36.37,5.06,266.14,-83.1,174.24
52.396297,-1.517091,157.17,8.28,4,33.99,19 / 20,4938710,2019-09-06 20:42:24:453,-1.4179,-3.7281,9.5126,-0.0084,0.0095,9.8066,-0.1559,-0.4672,-0.0104,-19.37,-36,5.69,268.05,-83.42,172.53
52.396297,-1.517091,157.17,8.28,4,33.99,19 / 20,4938810,2019-09-06 20:42:24:553,-1.4293,-3.8104,9.4504,-0.0196,0.0312,9.8065,0.0283,-0.5081,0.0012,-20.37,-36.81,6.69,267.59,-83.7,169.4
52.396297,-1.517091,157.17,8.28,4,33.99,19 / 20,4938910,2019-09-06 20:42:24:653,-1.3365,-2.7025,9.7117,-0.0339,0.0193,9.8066,-0.0315,-0.5376,-0.0169,-19.94,-36.94,7.5,267,-84.13,165.34
52.396297,-1.517091,157.17,8.28,4,33.99,19 / 20,4939010,2019-09-06 20:42:24:753,-0.8653,-3.302,9.6824,-0.033,0.0095,9.8065,0.0195,-0.5067,0.0539,-19.5,-36.19,8.38,266.75,-84.33,163.87
52.396297,-1.517091,157.17,8.28,4,33.99,19 / 20,4939110,2019-09-06 20:42:24:853,-0.9652,-4.6412,8.5006,-0.0344,0.01,9.8065,-0.0585,-0.5816,0.0011,-20.37,-35.5,9.06,268.38,-84.52,162.95
52.396297,-1.517091,157.17,8.28,4,33.99,19 / 20,4939210,2019-09-06 20:42:24:953,0.1485,-0.5128,11.4848,-0.0369,-0.006,9.8065,0.4102,-0.6027,0.0528,-19.75,-35.56,10.13,268.95,-84.9,160.63
52.396297,-1.517091,157.17,8.28,4,33.99,19 / 20,4939310,2019-09-06 20:42:25:053,-2.9606,-4.422,11.4128,-0.0568,0.007,9.8064,0.2964,-0.7138,0.1763,-20.5,-35.31,10.63,275.73,-85.39,164.01
52.396297,-1.517091,157.17,8.28,4,33.99,19 / 20,4939410,2019-09-06 20:42:25:153,-2.9906,-4.3307,11.5453,-0.0797,0.0134,9.8062,0.1272,-0.4947,0.0489,-21,-35.19,11.94,279.34,-85.35,166.29
52.396297,-1.517091,157.17,8.28,4,33.99,19 / 20,4939510,2019-09-06 20:42:25:253,-0.1041,-3.4924,8.7883,0.0457,-0.0486,9.8064,0.0562,-0.5676,-0.0424,-20.06,-35.06,13.06,279.1,-85.14,163.18
52.396297,-1.517091,157.17,8.28,4,33.99,19 / 20,4939610,2019-09-06 20:42:25:353,-2.3057,-2.5932,8.8274,-0.0092,-0.0212,9.8066,-0.0498,-0.5023,0.1827,-20.25,-36.12,14.19,282.37,-84.76,165.02
52.396297,-1.517091,157.17,8.28,4,33.99,19 / 20,4939709,2019-09-06 20:42:25:452,-0.0599,-3.9087,10.4341,0.0052,-0.027,9.8066,-0.0412,-0.6863,-0.0067,-19.69,-34.94,14.63,289.31,-84.7,169.55
52.396297,-1.517091,157.17,8.28,4,33.99,19 / 20,4939809,2019-09-06 20:42:25:552,-1.2769,-3.7051,10.0498,-0.0291,0.0411,9.8065,-0.0882,-0.6139,0.0421,-19.19,-35.5,15.94,292.39,-85.05,168.83
52.396297,-1.517091,157.17,8.28,4,33.99,19 / 20,4939910,2019-09-06 20:42:25:653,-1.4027,-1.9587,9.5121,-0.0109,-0.0012,9.8066,-0.1193,-0.5987,0.1031,-19,-35.25,16.69,291.14,-85.46,165.21
52.396297,-1.517091,157.17,8.28,4,33.99,19 / 20,4940009,2019-09-06 20:42:25:752,-1.4621,-3.7228,9.4302,-0.0309,-0.0324,9.8065,0.0253,-0.6234,0.1215,-18.87,-34.37,16.75,296.66,-85.82,169.9
52.396297,-1.517091,157.17,8.28,4,33.99,19 / 20,4940109,2019-09-06 20:42:25:852,-0.2492,-3.1,9.3521,-0.013,-0.0221,9.8066,0.043,-0.5437,0.031,-18.62,-34.25,18.25,303.45,-86.01,174.39
52.396297,-1.517091,157.17,8.28,4,33.99,19 / 20,4940210,2019-09-06 20:42:25:953,-1.5436,-3.8175,9.8453,-0.021,-0.0171,9.8066,-0.2095,-0.6981,0.1236,-18.37,-34.37,19,314.32,-86.13,-178.56
52.396297,-1.517091,157.17,8.28,4,33.99,19 / 20,4940310,2019-09-06 20:42:26:053,-1.8049,-3.7119,9.1853,-0.0162,-0.0088,9.8066,-0.1935,-0.6231,0.1263,-18.12,-34.44,20.44,324.3,-86.28,-170.91
52.396297,-1.517091,157.17,8.28,4,33.99,19 / 20,4940409,2019-09-06 20:42:26:152,-2.5816,-3.1421,9.4092,0.0016,-0.0588,9.8064,0.1313,-0.6203,0.1192,-17.69,-35,21.38,332.13,-86.24,-164.99
52.396297,-1.517091,157.17,8.28,4,33.99,19 / 20,4940510,2019-09-06 20:42:26:253,-4.2075,-1.7092,9.0317,-0.0559,0.015,9.8064,0.0813,-0.4152,-0.0021,-17.31,-34.69,21.5,342.68,-86.24,-158.18
52.396297,-1.517091,157.17,8.28,4,33.99,19 / 20,4940609,2019-09-06 20:42:26:352,-2.5033,-3.0537,10.4147,-0.064,0.004,9.8064,0.0126,-0.5881,0.1044,-17.37,-34.37,22.88,354.3,-86.23,-148.77
52.396297,-1.517091,157.17,8.28,4,33.99,19 / 20,4940709,2019-09-06 20:42:26:452,-1.9096,-2.1948,9.5122,-0.0168,-0.0079,9.8066,-0.0365,-0.6346,0.0829,-16.56,-34.12,22.88,358.56,-85.84,-144.85
52.396297,-1.517091,157.17,8.28,4,33.99,19 / 20,4940810,2019-09-06 20:42:26:553,-1.1295,-0.6693,9.6135,0.0067,-0.0482,9.8065,0.3368,-0.5311,0.1205,-15.31,-33.75,23.5,4.98,-85.45,-143.51
52.396297,-1.517091,157.17,8.28,4,33.99,19 / 20,4940910,2019-09-06 20:42:26:653,-2.1911,-2.2154,10.7979,-0.0249,0.0231,9.8066,0.1061,-0.498,-0.0715,-14.94,-34.31,24.69,3.97,-85.55,-145.43
52.396297,-1.517091,157.17,8.28,4,33.99,19 / 20,4941010,2019-09-06 20:42:26:753,0.2551,-0.5731,9.6484,-0.0136,0.0551,9.8064,0.121,-0.5797,0.1218,-14.12,-33.94,25.25,2.95,-85.46,-148.09
52.396297,-1.517091,157.17,8.28,4,33.99,19 / 20,4941110,2019-09-06 20:42:26:853,-2.1821,-4.4663,10.7548,0.0169,-0.0344,9.8066,0.1026,-0.2693,-0.1435,-13,-33.75,25.56,3.03,-85.35,-150.71
52.396297,-1.517091,157.17,8.28,4,33.99,19 / 20,4941210,2019-09-06 20:42:26:953,-1.3756,-0.9069,10.2529,0.0112,-0.0065,9.8066,-0.3088,-0.3533,0.0573,-12.62,-34.56,25.56,359.64,-85.46,-153.76
52.396297,-1.517091,157.17,8.28,4,33.99,19 / 20,4941310,2019-09-06 20:42:27:053,0.652,-0.5263,8.9157,0.0003,-0.022,9.8066,-0.2371,-0.228,-0.0088,-12.5,-34.25,25.56,2.2,-85.39,-153.24
52.396297,-1.517091,157.17,8.28,4,33.99,18 / 19,4941409,2019-09-06 20:42:27:152,-2.967,-2.5671,10.3081,0.0176,-0.0778,9.8062,0.1831,-0.0913,-0.0318,-12.31,-34.12,26.88,3.46,-85.09,-152.93
52.396297,-1.517091,157.17,8.28,4,33.99,18 / 19,4941510,2019-09-06 20:42:27:253,0.7655,-2.1759,9.7567,-0.0089,-0.0087,9.8066,0.1886,-0.3218,0.1004,-11.62,-34.12,26.69,4.44,-84.89,-152.07
52.396297,-1.517091,157.17,8.28,4,33.99,18 / 19,4941610,2019-09-06 20:42:27:353,-1.0362,-3.8799,9.4054,-0.0352,0.0109,9.8065,-0.1887,-0.1447,0.0771,-12.25,-33.31,26.63,7.85,-84.54,-149.06
52.396297,-1.517091,157.17,8.28,4,33.99,18 / 19,4941710,2019-09-06 20:42:27:453,-1.1261,-1.7709,10.0988,-0.0089,-0.0521,9.8065,-0.1627,-0.2981,0.0807,-10.94,-33.5,27.25,13.58,-84.18,-145.87
52.396297,-1.517091,157.17,8.28,4,33.99,18 / 19,4941809,2019-09-06 20:42:27:552,-0.2955,0.5272,8.8456,-0.004,-0.0262,9.8066,0.2864,-0.357,0.1568,-11.69,-34.06,26.63,14.15,-84.08,-143.62
52.396297,-1.517091,157.17,8.28,4,33.99,18 / 19,4941910,2019-09-06 20:42:27:653,0.5377,-0.2978,10.0347,-0.052,0.0283,9.8065,0.0698,-0.0627,-0.1324,-10.81,-33.87,27.13,16.61,-84.03,-143.3
52.396297,-1.517091,157.17,8.28,4,33.99,18 / 19,4942009,2019-09-06 20:42:27:752,-0.2123,-1.8684,10.7065,-0.0086,0.0548,9.8065,-0.0084,-0.2079,0.019,-10.94,-34.69,27.63,20.73,-84.21,-140.31
52.396297,-1.517091,157.17,8.28,4,33.99,18 / 19,4942109,2019-09-06 20:42:27:852,-0.455,-2.9872,10.338,0.0078,-0.0344,9.8065,0.0644,-0.0113,-0.0972,-10.62,-34.25,27.38,18.05,-84,-142.04
52.396297,-1.517091,157.17,8.28,4,33.99,18 / 19,4942209,2019-09-06 20:42:27:952,0.4288,-1.0965,9.4264,0.0037,-0.0148,9.8066,-0.0674,-0.146,0.0466,-10.25,-34.62,27.25,19.01,-84,-143.14
52.396297,-1.517091,157.17,8.28,4,33.99,18 / 19,4942310,2019-09-06 20:42:28:053,0.7891,-1.5735,9.2084,-0.0125,-0.0228,9.8066,-0.0621,-0.0464,-0.0235,-10.12,-33.69,28,20.13,-83.56,-142.87
52.396297,-1.517091,157.17,8.28,4,33.99,18 / 19,4942409,2019-09-06 20:42:28:152,0.3434,-1.0865,9.4625,0.0007,-0.0205,9.8066,0.0722,-0.0627,0.023,-10.25,-33.44,27.88,20.2,-83.48,-142.76
52.396297,-1.517091,157.17,8.28,4,33.99,18 / 19,4942510,2019-09-06 20:42:28:253,0.073,-0.0154,11.1687,-0.0181,0.0228,9.8065,0.0325,-0.0515,-0.0364,-9.81,-33.62,28.13,21.26,-83.47,-141.92
52.396297,-1.517091,157.17,8.28,4,33.99,18 / 19,4942610,2019-09-06 20:42:28:353,0.6133,-0.151,9.6263,0.018,0.0397,9.8065,0.18,0.0676,-0.0747,-9.56,-33.75,28.06,20.29,-83.58,-142.71
52.396297,-1.517091,157.17,8.28,4,33.99,18 / 19,4942710,2019-09-06 20:42:28:453,3.3682,-0.6995,7.9658,-0.0008,0.0265,9.8065,0.0927,-0.0129,0.0819,-9.12,-33.44,28.25,19.46,-83.54,-145.25
52.396297,-1.517091,157.17,8.28,4,33.99,18 / 19,4942810,2019-09-06 20:42:28:553,1.919,-0.2954,9.6113,-0.0227,0.0077,9.8065,0.0629,-0.0017,-0.0441,-9.5,-32.94,28,20.11,-83.19,-144.83
52.396297,-1.517091,157.17,8.28,4,33.99,18 / 19,4942910,2019-09-06 20:42:28:653,0.8797,-2.6662,10.5491,0.01,-0.0012,9.8065,0.115,0.0129,0.0088,-9.56,-34,27.06,18.78,-83.22,-143.59
52.396297,-1.517091,157.17,8.28,4,33.99,18 / 19,4943010,2019-09-06 20:42:28:753,2.1504,-0.507,10.2862,-0.022,-0.0117,9.8066,-0.2357,-0.118,0.1336,-10,-33.37,27.38,19.88,-83.24,-142.55
52.396297,-1.517091,157.17,8.28,4,33.99,18 / 19,4943110,2019-09-06 20:42:28:853,1.6249,-0.2338,9.1587,0.0098,-0.0749,9.8063,-0.1685,0.069,-0.0546,-9.62,-33.25,27.13,21.41,-83.06,-141.31
52.396297,-1.517091,157.17,8.28,4,33.99,18 / 19,4943210,2019-09-06 20:42:28:953,0.5934,-0.4238,9.3905,0.0119,-0.0571,9.8064,0.0546,0.0105,-0.0081,-10.31,-34.06,27.44,19.55,-82.6,-143.2
52.396297,-1.517091,157.17,8.28,4,33.99,18 / 19,4943309,2019-09-06 20:42:29:052,0.5061,0.4768,9.1545,-0.0143,0.0484,9.8064,0.0294,0.0217,0.0474,-10,-34,27.25,21.37,-82.75,-141.58
52.396297,-1.517091,157.17,8.28,4,33.99,19 / 20,4943410,2019-09-06 20:42:29:153,0.4814,-1.0758,9.757,-0.023,0.008,9.8066,-0.0159,0.0383,-0.0682,-10.37,-34.5,27.13,22.18,-82.6,-140.96
52.396297,-1.517091,157.17,8.28,4,33.99,19 / 20,4943509,2019-09-06 20:42:29:252,1.2898,-0.8685,9.9287,0,0.0133,9.8066,0.0962,0.0053,0.0437,-10.62,-34.31,27.81,20.89,-82.62,-140.79
52.396297,-1.517091,157.17,8.28,4,33.99,19 / 20,4943610,2019-09-06 20:42:29:353,1.1874,-0.6025,10.0436,-0.0088,-0.003,9.8066,-0.0584,0.037,0.0369,-10.94,-34.25,28.13,21.11,-82.47,-140.67
52.396297,-1.517091,157.17,8.28,4,33.99,19 / 20,4943709,2019-09-06 20:42:29:452,0.3394,-0.7857,9.5843,-0.0075,-0.0176,9.8066,0.0276,-0.0067,0.0123,-9.56,-33.75,28.88,24.35,-82.4,-140.29
52.396297,-1.517091,157.17,8.28,4,33.99,19 / 20,4943810,2019-09-06 20:42:29:553,1.1168,-2.5381,9.521,0.0022,0.0043,9.8066,-0.1473,0.057,0.0475,-9.56,-32.94,28,23.55,-82.25,-140.43
52.396297,-1.517091,157.17,8.28,4,33.99,19 / 20,4943910,2019-09-06 20:42:29:653,1.3792,0.8851,9.288,-0.0122,0.0306,9.8066,0.0163,0.0143,-0.0299,-10.25,-32.62,26.81,23.73,-82.47,-139.6
52.396297,-1.517091,157.17,8.28,4,33.99,19 / 20,4944010,2019-09-06 20:42:29:753,1.1547,-1.6644,8.9691,-0.0057,0.0284,9.8066,-0.1148,-0.0008,0.0291,-9.87,-33.19,27.31,23.9,-82.47,-139.45
52.396297,-1.517091,157.17,8.28,4,33.99,19 / 20,4944110,2019-09-06 20:42:29:853,1.0656,-0.5486,9.1693,0.0001,-0.0103,9.8066,0.0453,0.0477,0.0376,-10.19,-32.94,26.63,24.22,-82.67,-139.08
52.396297,-1.517091,157.17,8.28,4,33.99,19 / 20,4944210,2019-09-06 20:42:29:953,0.5173,-0.8163,10.1713,-0.0001,0.0019,9.8066,-0.1268,0.0072,-0.0508,-10.44,-33.81,26.88,25.21,-82.64,-138.35
52.396297,-1.517091,157.17,8.28,4,33.99,19 / 20,4944310,2019-09-06 20:42:30:053,0.7573,-0.6094,10.3214,0.0091,-0.0193,9.8065,-0.0359,0.0668,0.0057,-10.31,-34,26.5,24.58,-82.62,-138.9
52.396297,-1.517091,157.17,8.28,4,33.99,19 / 20,4944409,2019-09-06 20:42:30:152,0.236,-0.034,10.2051,-0.0003,-0.0085,9.8066,0.0479,0.041,-0.039,-10.37,-34.06,26.31,23.52,-82.62,-139.21
52.396297,-1.517091,157.17,8.28,4,33.99,19 / 20,4944510,2019-09-06 20:42:30:253,1.3764,-0.0021,10.3752,0.0127,-0.0041,9.8066,0.0157,0.0309,-0.0314,-10.81,-33.75,27.06,20.64,-82.43,-140.46
52.396297,-1.517091,157.17,8.28,4,33.99,19 / 20,4944609,2019-09-06 20:42:30:352,1.2437,-1.2719,10.016,-0.0052,0.0205,9.8066,-0.0561,0.0148,-0.0012,-11.31,-33.94,27.38,20.32,-82.51,-140.7
52.396297,-1.517091,157.17,8.28,4,33.99,19 / 20,4944710,2019-09-06 20:42:30:453,1.4719,-0.0474,9.5993,0.0139,-0.0349,9.8066,-0.1107,0.0169,-0.021,-10.62,-34.06,27.25,19.59,-82.47,-141.34
52.396297,-1.517091,157.17,8.28,4,33.99,19 / 20,4944809,2019-09-06 20:42:30:552,0.7757,0.8446,10.1305,0.0032,-0.0277,9.8066,0.0939,0.0286,0.0072,-10.69,-34.25,26.94,18.56,-82.24,-142.31
52.396297,-1.517091,157.17,8.28,4,33.99,19 / 20,4944910,2019-09-06 20:42:30:653,0.3351,-0.6721,10.206,0.0049,-0.0181,9.8066,-0.0293,0.0119,-0.0064,-10.12,-34.37,26.81,21.36,-82.18,-141.86
52.396297,-1.517091,157.17,8.28,4,33.99,19 / 20,4945009,2019-09-06 20:42:30:752,1.4097,-0.0479,9.8593,-0.0028,-0.0149,9.8066,0.0688,-0.0471,0.0371,-10.12,-33.69,26.5,21.16,-82.14,-142.04
52.396297,-1.517091,157.17,8.28,4,33.99,19 / 20,4945110,2019-09-06 20:42:30:853,1.3214,-1.3096,10.4712,0.0056,-0.0169,9.8066,0.044,0.0095,-0.025,-10.44,-33.75,26.5,21.25,-81.85,-142.1
52.396297,-1.517091,157.17,8.28,4,33.99,19 / 20,4945210,2019-09-06 20:42:30:953,0.6801,-0.4531,9.8017,-0.0002,0.0002,9.8066,-0.0229,0.0443,0.0243,-11.37,-33.62,26.69,18.58,-81.79,-142.48
52.396297,-1.517091,157.17,8.28,4,33.99,19 / 20,4945310,2019-09-06 20:42:31:053,1.5825,-0.7293,9.9659,-0.0044,-0.01,9.8065,-0.041,-0.0357,0.0352,-11.37,-33.5,26.81,18.19,-81.64,-142.77
52.396297,-1.517091,157.17,8.28,4,33.99,18 / 20,4945410,2019-09-06 20:42:31:153,0.345,-0.0844,10.4403,-0.0118,0.0136,9.8066,0.0683,0.0945,-0.0581,-10.56,-33.25,26.31,18.41,-81.59,-141.94
52.396297,-1.517091,157.17,8.28,4,33.99,18 / 20,4945509,2019-09-06 20:42:31:252,1.4646,-0.8837,10.3627,0.0143,-0.0351,9.8065,-0.0859,0.0375,-0.0328,-11.12,-34,26.75,18.19,-81.37,-142.97
52.396297,-1.517091,157.17,8.28,4,33.99,18 / 20,4945610,2019-09-06 20:42:31:353,0.6696,0.5922,9.4012,0.0255,-0.0267,9.8065,0.0636,0.0114,-0.0036,-10.62,-34.06,26.31,16.23,-81.42,-143.89
52.396297,-1.517091,157.17,8.28,4,33.99,18 / 20,4945710,2019-09-06 20:42:31:453,1.4928,-1.0888,9.5647,-0.0092,0.0102,9.8066,0.0713,0.027,-0.0661,-10.62,-33.87,26.38,16.37,-81.4,-143.79
52.396297,-1.517091,157.17,8.28,4,33.99,18 / 20,4945809,2019-09-06 20:42:31:552,0.8162,0.0339,10.2049,0.0003,0.0167,9.8066,0.0317,-0.0052,-0.0046,-10.87,-34.44,26.88,16.93,-81.53,-143.95
52.396297,-1.517091,157.17,8.28,4,33.99,18 / 20,4945910,2019-09-06 20:42:31:653,1.529,-0.0606,9.4118,0.0242,-0.023,9.8065,-0.1061,0.0854,-0.0372,-11.06,-33.69,26.63,16.44,-81.59,-144.33
52.396297,-1.517091,157.17,8.28,4,33.99,18 / 20,4946010,2019-09-06 20:42:31:753,1.131,0.5357,9.4397,0.0009,0.0086,9.8066,-0.0241,0.0093,-0.0169,-10.75,-33.94,26.5,14.45,-81.42,-146.03
52.396297,-1.517091,157.17,8.28,4,33.99,18 / 20,4946109,2019-09-06 20:42:31:852,1.1178,0.2701,9.2099,0.0081,-0.0081,9.8066,-0.0905,-0.0057,0.0283,-11,-34,26.56,13.4,-81.32,-146.92
52.396297,-1.517091,157.17,8.28,4,33.99,18 / 20,4946209,2019-09-06 20:42:31:952,1.7777,0.3235,8.8024,0.0218,-0.0617,9.8063,0.2843,-0.0624,-0.0054,-11.06,-34.5,26.69,12.46,-81.03,-147.77
52.396297,-1.517091,157.17,8.28,4,33.99,18 / 20,4946309,2019-09-06 20:42:32:052,0.5557,1.0976,8.3911,-0.0391,0.1153,9.8058,0.158,0.0105,-0.0611,-11,-33.62,26.88,13.93,-81.64,-146.39
52.395878,-1.516436,155.82,13.37,6,155.57,18 / 20,4946409,2019-09-06 20:42:32:152,2.5552,-0.9101,10.6865,0.0071,0.0148,9.8066,0.2517,0.0481,-0.0541,-11,-34.19,27.25,11.1,-81.16,-148.84
52.395878,-1.516436,155.82,13.37,6,155.57,18 / 20,4946509,2019-09-06 20:42:32:252,-0.7061,-2.2027,10.0744,0.0104,0.0372,9.8065,0.2113,-0.1082,0.0599,-11.06,-33.69,26.81,10.96,-81.68,-148.83
52.395878,-1.516436,155.82,13.37,6,155.57,18 / 20,4946610,2019-09-06 20:42:32:353,3.1005,2.9877,10.5941,-0.0477,0.0171,9.8064,-0.1308,-0.1382,0.1471,-10.87,-33.37,26.75,12.19,-81.68,-147.75
52.395878,-1.516436,155.82,13.37,6,155.57,18 / 20,4946710,2019-09-06 20:42:32:453,2.9275,2.1363,9.5868,0.0258,-0.0906,9.8062,-0.0991,0.2973,-0.1531,-10.75,-33.31,27.13,11.47,-81.72,-148.34
52.395878,-1.516436,155.82,13.37,6,155.57,18 / 20,4946809,2019-09-06 20:42:32:552,-1.5984,-0.5341,10.8142,0.0259,-0.0109,9.8065,0.0143,0.1836,-0.1306,-10.81,-33.94,26.94,8.51,-81.39,-150.9
52.395878,-1.516436,155.82,13.37,6,155.57,18 / 20,4946910,2019-09-06 20:42:32:653,0.5803,-0.8369,9.5245,0.0181,0.0135,9.8066,-0.0279,-0.0379,0.0938,-10.62,-33.69,26.81,8.25,-81.43,-151.1
52.395878,-1.516436,155.82,13.37,6,155.57,18 / 20,4947010,2019-09-06 20:42:32:753,0.5827,0.9954,9.3883,0.0075,-0.0263,9.8065,-0.0294,0.0315,-0.0842,-10.94,-33.5,26.31,6.88,-81.37,-151.47
52.395878,-1.516436,155.82,13.37,6,155.57,18 / 20,4947110,2019-09-06 20:42:32:853,0.7906,0.6677,9.5936,0.0121,0.0127,9.8066,0.0497,0.0104,0.0197,-10.81,-34.12,26.31,5.18,-81.47,-152.87
52.395878,-1.516436,155.82,13.37,6,155.57,18 / 20,4947209,2019-09-06 20:42:32:952,-0.1368,1.3761,10.585,0.0081,-0.0187,9.8066,0.0376,0.0302,0.0041,-10.19,-34.37,27.19,7.41,-81.32,-153.67
52.395878,-1.516436,155.82,13.37,6,155.57,18 / 20,4947309,2019-09-06 20:42:33:052,0.9678,0.794,10.6923,-0.0021,-0.0138,9.8066,0.0389,0.0342,-0.0031,-10.56,-34.12,26.81,4.76,-81.17,-153.98
52.395878,-1.516436,155.82,13.37,6,155.57,19 / 20,4947409,2019-09-06 20:42:33:152,0.2498,1.0454,10.3933,-0.0036,0.0079,9.8066,-0.0066,0.0368,0.0261,-10.12,-33.62,26.88,7.02,-81.12,-154.02
52.395878,-1.516436,155.82,13.37,6,155.57,19 / 20,4947510,2019-09-06 20:42:33:253,0.6646,0.5482,9.673,0.011,-0.0312,9.8065,-0.1999,0.0118,0.0057,-10.56,-34,27.44,5.15,-80.87,-153.7
52.395878,-1.516436,155.82,13.37,6,155.57,19 / 20,4947609,2019-09-06 20:42:33:352,0.9823,0.6896,9.4317,0.0069,-0.0297,9.8065,0.0329,-0.0468,-0.0115,-11.06,-34.44,27.31,5.08,-80.78,-153.76
52.395878,-1.516436,155.82,13.37,6,155.57,19 / 20,4947710,2019-09-06 20:42:33:453,0.7364,0.4961,9.7887,0.0024,0.0198,9.8066,0.063,0.084,-0.0213,-10.69,-33.87,26.94,4.55,-80.73,-154.2
52.395878,-1.516436,155.82,13.37,6,155.57,19 / 20,4947810,2019-09-06 20:42:33:553,-1.0969,0.1761,9.7557,0.0013,0.0169,9.8066,0.0224,0.0935,-0.1137,-10.12,-34.12,27.13,5.41,-80.82,-155.36
52.395878,-1.516436,155.82,13.37,6,155.57,19 / 20,4947909,2019-09-06 20:42:33:652,-0.3482,1.1118,10.5452,0.0163,0.009,9.8065,0.0432,-0.0903,0.0301,-10.12,-33.81,26.88,4.6,-80.71,-156.01
52.395878,-1.516436,155.82,13.37,6,155.57,19 / 20,4948009,2019-09-06 20:42:33:752,0.1442,-0.0139,10.3106,0.003,-0.0054,9.8065,-0.0375,0.0102,0.0145,-10.31,-34.37,26.69,3.86,-80.68,-156.6
52.395878,-1.516436,155.82,13.37,6,155.57,19 / 20,4948110,2019-09-06 20:42:33:853,0.3812,-0.0363,10.1573,0.0079,-0.0186,9.8066,-0.0151,0.0323,-0.0024,-10.12,-33.69,27.31,2.74,-80.44,-157.51
52.395878,-1.516436,155.82,13.37,6,155.57,19 / 20,4948210,2019-09-06 20:42:33:953,0.9201,0.4549,9.9593,0.0091,-0.0034,9.8066,0.0185,-0.0249,-0.0215,-10.12,-33.75,27.25,2.13,-80.44,-158
52.395878,-1.516436,155.82,13.37,6,155.57,19 / 20,4948310,2019-09-06 20:42:34:053,0.5735,0.5273,9.9516,0.0235,0.0015,9.8066,0.0272,0.0025,-0.0591,-10.12,-33.87,26.81,1.08,-80.5,-158.82
52.395878,-1.516436,155.82,13.37,6,155.57,17 / 20,4948410,2019-09-06 20:42:34:153,0.8676,1.0263,10.0562,0.0287,-0.0232,9.8065,0.0295,-0.0335,0.0131,-10.56,-34.06,27.38,355.73,-80.46,-161.22
52.395878,-1.516436,155.82,13.37,6,155.57,17 / 20,4948510,2019-09-06 20:42:34:253,-0.7717,0.9946,10.4145,0.0014,0.0114,9.8066,0.0464,-0.0543,-0.0042,-9.5,-34.12,27.19,358.51,-80.44,-162.74
52.395878,-1.516436,155.82,13.37,6,155.57,17 / 20,4948609,2019-09-06 20:42:34:352,-0.5483,1.3803,10.4718,0.0084,0.0117,9.8066,0.1014,-0.0325,0.0297,-10.25,-33.56,27.38,354.89,-80.29,-163.7
52.395878,-1.516436,155.82,13.37,6,155.57,17 / 20,4948709,2019-09-06 20:42:34:452,-0.1298,1.4706,10.0869,0.0005,0.0072,9.8066,0.0691,0.0022,-0.052,-9.5,-33.69,27.75,357.5,-80.12,-164.15
52.395878,-1.516436,155.82,13.37,6,155.57,17 / 20,4948809,2019-09-06 20:42:34:552,0.6282,0.4674,9.936,0.0057,0.0125,9.8066,0.0254,-0.0874,0.0757,-9.5,-33.44,27.88,356.46,-80.01,-164.98
52.395878,-1.516436,155.82,13.37,6,155.57,17 / 20,4948909,2019-09-06 20:42:34:652,-0.2562,1.0255,10.0013,0.0079,0.0061,9.8066,0.0997,-0.0328,-0.0512,-9.56,-34.25,28.56,354.39,-79.92,-165.41
52.395878,-1.516436,155.82,13.37,6,155.57,17 / 20,4949009,2019-09-06 20:42:34:752,-0.0932,-0.592,9.8378,0.0074,0.027,9.8065,-0.0427,-0.0056,-0.0185,-9.62,-34,28.06,352.03,-80.03,-166.63
52.395878,-1.516436,155.82,13.37,6,155.57,17 / 20,4949110,2019-09-06 20:42:34:853,-0.3731,0.8399,9.9983,0.0115,0.0028,9.8066,-0.0166,-0.0217,-0.0495,-9.44,-34.12,27.81,352.61,-80.03,-167.99
52.395878,-1.516436,155.82,13.37,6,155.57,17 / 20,4949210,2019-09-06 20:42:34:953,0.0574,0.1523,10.0875,0.0107,0.031,9.8066,-0.0798,-0.0588,-0.0409,-9.56,-34.12,28,348.76,-80.24,-169.26
52.395878,-1.516436,155.82,13.37,6,155.57,17 / 20,4949310,2019-09-06 20:42:35:053,-0.7203,0.2564,9.9159,0.0411,-0.0402,9.8064,-0.093,-0.0684,-0.0335,-8.31,-34.31,28.19,350.42,-80.09,-171.58
52.395878,-1.516436,155.82,13.37,6,155.57,18 / 20,4949409,2019-09-06 20:42:35:152,0.3144,2.0873,9.796,0.0411,-0.036,9.8064,0.0284,-0.1001,-0.0648,-8.12,-33.56,27.75,348.13,-80.17,-173.41
52.395878,-1.516436,155.82,13.37,6,155.57,18 / 20,4949510,2019-09-06 20:42:35:253,-0.259,1.1654,9.8275,0.0171,0.0171,9.8065,0.0086,-0.0245,0.0049,-8.06,-33.56,28.19,345.84,-80.11,-175.2
52.395878,-1.516436,155.82,13.37,6,155.57,18 / 20,4949610,2019-09-06 20:42:35:353,-1.2039,1.397,10.1295,0.006,-0.0345,9.8065,0.2026,-0.003,-0.0383,-8,-33.81,28.94,346.01,-79.79,-175.58
52.395878,-1.516436,155.82,13.37,6,155.57,18 / 20,4949710,2019-09-06 20:42:35:453,-1.4144,1.8351,9.8292,-0.008,0.0286,9.8065,0.1821,-0.0803,0.0359,-7.75,-33.69,28.19,345.11,-79.8,-175.67
52.395878,-1.516436,155.82,13.37,6,155.57,18 / 20,4949809,2019-09-06 20:42:35:552,0.6521,-0.0013,10.0259,-0.0078,0.031,9.8065,0.0646,-0.0951,0.0336,-7.19,-33.94,28.31,347.27,-79.79,-175.86
52.395878,-1.516436,155.82,13.37,6,155.57,18 / 20,4949910,2019-09-06 20:42:35:653,-0.5983,0.5484,9.8455,0.0228,-0.0322,9.8065,-0.0274,-0.0256,-0.0261,-7.37,-33.56,27.94,347.25,-79.83,-175.89
52.395878,-1.516436,155.82,13.37,6,155.57,18 / 20,4950009,2019-09-06 20:42:35:752,-0.5194,1.1602,9.4022,0.0198,-0.0367,9.8065,-0.0435,-0.0099,0.033,-7.87,-33.94,28,343.41,-79.61,-176.94
52.395878,-1.516436,155.82,13.37,6,155.57,18 / 20,4950109,2019-09-06 20:42:35:852,-2.1184,2.9509,9.4707,0.0003,-0.0081,9.8065,-0.2485,-0.0772,0.0721,-7.5,-34.12,28.19,346.05,-79.61,-176.75
52.395878,-1.516436,155.82,13.37,6,155.57,18 / 20,4950210,2019-09-06 20:42:35:953,-2.0314,1.699,9.7112,0.0023,-0.0304,9.8065,0.2335,0.0352,0.0112,-8.06,-33.81,28.31,344.47,-79.54,-176.08
52.395878,-1.516436,155.82,13.37,6,155.57,18 / 20,4950309,2019-09-06 20:42:36:052,-1.916,1.2822,10.3888,-0.0301,0.028,9.8065,0.2294,-0.0795,0.0551,-8.19,-33.62,28.69,346,-79.46,-175.48
52.395878,-1.516436,155.82,13.37,6,155.57,18 / 19,4950409,2019-09-06 20:42:36:152,-0.1483,2.7849,9.5409,-0.0122,0.0131,9.8066,-0.0765,-0.2835,0.0519,-8.81,-33.12,29.38,345.26,-79.44,-174.35
52.395878,-1.516436,155.82,13.37,6,155.57,18 / 19,4950510,2019-09-06 20:42:36:253,-3.1419,2.1692,8.8805,0.0043,0.006,9.8066,-0.0864,-0.1501,0.0685,-7.87,-33.56,28.94,348.36,-79.15,-173.56
52.395878,-1.516436,155.82,13.37,6,155.57,18 / 19,4950609,2019-09-06 20:42:36:352,2.1263,1.8222,7.8778,-0.031,0.0243,9.8065,0.096,-0.2379,0.0641,-7.87,-33.69,29.06,349.26,-79.23,-172.88
52.395878,-1.516436,155.82,13.37,6,155.57,18 / 19,4950709,2019-09-06 20:42:36:452,-2.6545,0.3393,10.1354,-0.0287,0.0419,9.8065,0.0314,-0.1565,0.0301,-7.69,-34.06,29,350.44,-79.66,-172.06
52.395878,-1.516436,155.82,13.37,6,155.57,18 / 19,4950809,2019-09-06 20:42:36:552,-2.5145,0.2579,10.1704,0.0086,0.0533,9.8064,0.0605,-0.1103,0.0138,-7.44,-33.56,28.81,352.47,-79.81,-172.33
52.395878,-1.516436,155.82,13.37,6,155.57,18 / 19,4950910,2019-09-06 20:42:36:653,-0.7765,0.3389,10.6356,0.0031,0.0037,9.8066,0.2719,0.0256,-0.1632,-7.37,-33.62,29.25,350.46,-79.51,-173.84
52.395878,-1.516436,155.82,13.37,6,155.57,18 / 19,4951010,2019-09-06 20:42:36:753,-1.0327,0.1065,11.3645,0.0075,0.0562,9.8065,-0.2295,0.0615,-0.0571,-6.56,-33.37,29.31,348.45,-79.48,-175.47
52.395878,-1.516436,155.82,13.37,6,155.57,18 / 19,4951111,2019-09-06 20:42:36:854,0.0953,0.2405,9.7404,0.0553,-0.0802,9.8061,-0.218,-0.0916,-0.0679,-6.75,-33.06,29.56,346.74,-78.69,-177.11
52.395878,-1.516436,155.82,13.37,6,155.57,18 / 19,4951210,2019-09-06 20:42:36:953,-0.6349,1.9688,9.8973,-0.0129,0.0638,9.8064,-0.141,-0.1982,0.1113,-6.19,-33.94,29.81,347.87,-78.81,-177.99
52.395878,-1.516436,155.82,13.37,6,155.57,18 / 19,4951310,2019-09-06 20:42:37:053,-4.0999,3.0989,9.4331,-0.0079,0.0167,9.8066,-0.2341,-0.222,0.0757,-5.5,-33.5,29.06,350.33,-79.1,-177.67
52.395878,-1.516436,155.82,13.37,6,155.57,19 / 20,4951410,2019-09-06 20:42:37:153,-0.2639,2.1828,9.5872,0.0242,-0.0327,9.8066,0.2883,-0.1652,-0.0441,-6,-33.44,29.38,347.41,-79.03,-178.03
52.395878,-1.516436,155.82,13.37,6,155.57,19 / 20,4951509,2019-09-06 20:42:37:252,-1.3946,2.7234,10.249,-0.0034,0.0796,9.8063,0.3034,-0.2744,0.093,-5.56,-33.31,29.88,346.92,-78.58,-178.74
52.395878,-1.516436,155.82,13.37,6,155.57,19 / 20,4951609,2019-09-06 20:42:37:352,-1.7741,0.1905,10.7206,-0.0088,0.0227,9.8065,-0.0757,-0.1921,0.0207,-5.5,-33.44,30.06,348.9,-78.71,-179.08
52.395878,-1.516436,155.82,13.37,6,155.57,19 / 20,4951710,2019-09-06 20:42:37:453,-1.5637,2.3432,9.7691,0.0057,-0.0023,9.8066,0.0582,-0.0394,-0.0006,-5.81,-33.56,30.06,344.43,-78.62,179.41
52.395878,-1.516436,155.82,13.37,6,155.57,19 / 20,4951809,2019-09-06 20:42:37:552,-1.9999,2.7856,9.0094,0.004,0.0219,9.8066,-0.0495,-0.0934,-0.0093,-5.25,-33.06,30.44,346.56,-78.68,179.12
52.395878,-1.516436,155.82,13.37,6,155.57,19 / 20,4951910,2019-09-06 20:42:37:653,-1.2271,2.2454,9.218,0.0041,0.0002,9.8066,-0.0617,-0.1945,0.0337,-4.56,-33.62,29.63,346.52,-78.68,179.17
52.395878,-1.516436,155.82,13.37,6,155.57,19 / 20,4952010,2019-09-06 20:42:37:753,-3.0305,2.3951,10.7021,-0.0005,-0.0053,9.8066,0.0734,-0.0338,-0.047,-4.56,-33.44,30.5,347.09,-78.7,179.13
52.395878,-1.516436,155.82,13.37,6,155.57,19 / 20,4952109,2019-09-06 20:42:37:852,-1.6958,1.6309,10.8312,-0.0034,0.0198,9.8066,0.2619,-0.1435,0.0877,-4.5,-33,30.56,348.71,-78.75,178.59
52.395878,-1.516436,155.82,13.37,6,155.57,19 / 20,4952209,2019-09-06 20:42:37:952,-0.8646,0.62,10.4594,-0.0179,0.0511,9.8065,-0.1857,-0.1319,-0.0237,-4.5,-33.37,30,348.92,-78.7,179.08
52.395878,-1.516436,155.82,13.37,6,155.57,19 / 20,4952309,2019-09-06 20:42:38:052,-2.3256,3.4017,10.1899,0.0183,-0.0386,9.8065,0.1018,-0.1485,0.0766,-4.75,-33.31,29.94,344.91,-78.37,177.94
52.395878,-1.516436,155.82,13.37,6,155.57,18 / 20,4952409,2019-09-06 20:42:38:152,-2.5716,1.7547,10.0511,0.0015,-0.0146,9.8066,-0.0588,-0.136,0.0034,-4.25,-33.06,30.19,347.17,-78.43,177.8
52.395878,-1.516436,155.82,13.37,6,155.57,18 / 20,4952510,2019-09-06 20:42:38:253,-0.9732,1.9425,9.1062,0.0005,-0.0374,9.8065,-0.1248,-0.1417,0.0292,-4.19,-33.37,30.25,345.88,-78.62,176.75
52.395878,-1.516436,155.82,13.37,6,155.57,18 / 20,4952609,2019-09-06 20:42:38:352,-2.1528,2.7824,9.4464,-0.0058,-0.039,9.8065,-0.2296,-0.0848,-0.0879,-3.87,-33.5,30.25,347.16,-78.55,177.76
52.395878,-1.516436,155.82,13.37,6,155.57,18 / 20,4952710,2019-09-06 20:42:38:453,-1.191,3.3914,8.5336,0.0052,0.0349,9.8065,-0.007,-0.1193,0.1594,-3.37,-33.12,30.44,348.83,-78.86,177.09
52.395878,-1.516436,155.82,13.37,6,155.57,18 / 20,4952809,2019-09-06 20:42:38:552,-1.3368,3.0687,8.8009,-0.0245,-0.0195,9.8066,-0.0432,-0.1068,-0.0397,-3.5,-33.25,29.75,350.76,-78.69,178.62
52.395878,-1.516436,155.82,13.37,6,155.57,18 / 20,4952909,2019-09-06 20:42:38:652,-0.5712,2.946,10.6962,0.0008,-0.0055,9.8066,0.1294,-0.0032,0.0406,-4.12,-33,29.94,348.37,-78.81,178.62
52.395878,-1.516436,155.82,13.37,6,155.57,18 / 20,4953009,2019-09-06 20:42:38:752,-1.9141,4.9432,8.8474,0.0228,-0.0486,9.8065,0.2065,0.0023,-0.0756,-3.5,-33,29.19,350.14,-78.54,178.45
52.395878,-1.516436,155.82,13.37,6,155.57,18 / 20,4953109,2019-09-06 20:42:38:852,0.0761,2.7939,9.4464,-0.0133,0.0972,9.8061,0.2193,-0.005,-0.0234,-3.31,-33.75,29.56,348.29,-78.43,176.87
52.395878,-1.516436,155.82,13.37,6,155.57,18 / 20,4953210,2019-09-06 20:42:38:953,-2.7606,3.706,8.7407,0.0053,0.0971,9.8062,-0.1049,0.0404,-0.1066,-3.19,-33.12,29.94,347.23,-79.04,175.81
52.395878,-1.516436,155.82,13.37,6,155.57,18 / 20,4953310,2019-09-06 20:42:39:053,-1.268,4.0739,8.8822,0.0035,-0.0377,9.8065,-0.123,-0.1526,0.1554,-3,-33.81,29.94,346.91,-79.08,175.62
52.395878,-1.516436,155.82,13.37,6,155.57,18 / 20,4953409,2019-09-06 20:42:39:152,-1.7137,4.0791,9.097,-0.006,-0.0507,9.8065,0.052,-0.0225,-0.0572,-3,-33.44,30.19,348.59,-79.2,176.82
52.395878,-1.516436,155.82,13.37,6,155.57,18 / 20,4953509,2019-09-06 20:42:39:252,-0.8943,1.9757,9.0899,-0.0009,0.0343,9.8065,-0.1066,-0.0503,0.1346,-3.31,-33.94,29.69,347.82,-79.35,176.26
52.395878,-1.516436,155.82,13.37,6,155.57,18 / 20,4953610,2019-09-06 20:42:39:353,0.303,3.498,9.2709,-0.0206,0.0148,9.8065,0.3094,-0.0727,-0.0393,-3.31,-33.56,29.56,348.57,-79.11,176.9
52.395878,-1.516436,155.82,13.37,6,155.57,18 / 20,4953710,2019-09-06 20:42:39:453,-0.5844,2.8389,10.3688,-0.0271,0.0642,9.8063,0.3611,0.0224,0.007,-3.31,-34.19,29.63,350.04,-78.89,178.09
52.395878,-1.516436,155.82,13.37,6,155.57,18 / 20,4953809,2019-09-06 20:42:39:552,-1.1475,3.1371,9.9116,-0.0275,0.1055,9.806,0.0749,-0.0556,0.007,-2.81,-32.56,30.63,351.7,-79.4,178.98
52.395878,-1.516436,155.82,13.37,6,155.57,18 / 20,4953909,2019-09-06 20:42:39:652,0.6461,2.2489,9.3488,-0.0125,-0.0045,9.8066,0.2569,0.0173,0.0406,-3.81,-33.06,30.25,350.81,-79.31,-179.59
52.395878,-1.516436,155.82,13.37,6,155.57,18 / 20,4954010,2019-09-06 20:42:39:753,-0.7883,3.072,10.3639,-0.0288,0.0068,9.8066,-0.2089,-0.0212,-0.0062,-3.62,-33.12,30.06,352.63,-79.44,-178.18
52.395878,-1.516436,155.82,13.37,6,155.57,18 / 20,4954110,2019-09-06 20:42:39:853,-1.7893,3.2829,10.2072,0.0031,-0.027,9.8066,-0.0711,-0.0865,0.0832,-4.06,-33.31,30.13,353.86,-79.33,-177.21
52.395878,-1.516436,155.82,13.37,6,155.57,18 / 20,4954209,2019-09-06 20:42:39:952,-0.0429,3.6588,9.2002,-0.0083,-0.0128,9.8065,-0.0231,0.0209,-0.0138,-3.69,-33.19,30.06,354.38,-79.34,-176.8
52.395878,-1.516436,155.82,13.37,6,155.57,18 / 20,4954310,2019-09-06 20:42:40:053,-0.519,3.6201,9.4824,-0.0022,-0.0497,9.8065,-0.0674,-0.0028,0.0378,-4.06,-33.31,30.25,355.58,-79.02,-175.83
52.395878,-1.516436,155.82,13.37,6,155.57,17 / 20,4954409,2019-09-06 20:42:40:152,-0.9065,3.1754,9.7208,-0.0026,-0.0402,9.8065,0.0012,0.0218,0.0071,-3.69,-33.31,30.25,356.35,-78.98,-175.23
52.395878,-1.516436,155.82,13.37,6,155.57,17 / 20,4954510,2019-09-06 20:42:40:253,-0.9399,3.8546,9.5204,-0.01,0.0273,9.8065,-0.0367,-0.0347,0.0284,-3.56,-32.94,30.38,357.51,-79.14,-174.34
52.395878,-1.516436,155.82,13.37,6,155.57,17 / 20,4954609,2019-09-06 20:42:40:352,-0.8684,3.5722,9.8314,-0.0065,0.0177,9.8066,0.1174,-0.0155,-0.0369,-3.81,-33.37,30,357.79,-79.16,-174.12
52.395878,-1.516436,155.82,13.37,6,155.57,17 / 20,4954710,2019-09-06 20:42:40:453,-0.2664,3.4068,9.531,0.0035,0.0149,9.8066,0.0791,-0.0234,0.0004,-3.06,-33.12,29.69,0.04,-79.14,-174.26
52.395878,-1.516436,155.82,13.37,6,155.57,17 / 20,4954809,2019-09-06 20:42:40:552,0.4709,3.3401,9.8123,-0.0057,0.0016,9.8066,-0.0125,0.0004,-0.0071,-3.75,-32.94,30.25,357.52,-79.19,-174.34
52.395878,-1.516436,155.82,13.37,6,155.57,17 / 20,4954910,2019-09-06 20:42:40:653,-0.6339,2.9017,9.9334,-0.0052,0.0139,9.8066,0.083,0.0073,0.0239,-3.75,-33.5,30.31,358.67,-79.28,-173.44
52.395878,-1.516436,155.82,13.37,6,155.57,17 / 20,4955010,2019-09-06 20:42:40:753,-0.7555,2.6556,9.6898,-0.0074,0.0223,9.8065,-0.0765,0.0042,-0.0293,-3.75,-33.06,30.13,358.89,-79.36,-173.28
52.395878,-1.516436,155.82,13.37,6,155.57,17 / 20,4955110,2019-09-06 20:42:40:853,-0.086,2.9381,9.4572,0.0043,-0.0055,9.8066,-0.0072,0.0009,0.0109,-3.69,-32.5,30.38,359.01,-79.37,-173.19
52.395878,-1.516436,155.82,13.37,6,155.57,17 / 20,4955209,2019-09-06 20:42:40:952,-0.4175,2.3339,9.8642,0.0016,-0.0082,9.8065,0.0104,0.0197,-0.0377,-3.87,-33.94,30.13,359.1,-79.43,-173.11
52.395878,-1.516436,155.82,13.37,6,155.57,17 / 20,4955309,2019-09-06 20:42:41:052,-0.0318,2.1388,9.3826,-0.0028,0.0077,9.8066,0.0113,-0.0114,0.0284,-4.12,-33.19,30.38,359.19,-79.52,-173.04
52.39488,-1.515882,154.7,6.03,3,177,17 / 20,4955410,2019-09-06 20:42:41:153,0.234,2.3516,9.6611,-0.0106,0.0047,9.8066,0.0379,-0.0267,0.04,-4.25,-33.06,30.5,359.76,-79.56,-172.84
52.39488,-1.515882,154.7,6.03,3,177,17 / 20,4955509,2019-09-06 20:42:41:252,-0.2372,2.3863,9.6889,-0.0072,0.0033,9.8066,-0.036,-0.0008,0.0274,-3.75,-33.31,30.19,1.25,-79.64,-171.42
52.39488,-1.515882,154.7,6.03,3,177,17 / 20,4955610,2019-09-06 20:42:41:353,-0.2132,1.9229,9.6134,-0.0063,0.0177,9.8066,0.0071,0.0056,0.0002,-3.69,-33.44,30,1.84,-79.7,-170.95
52.39488,-1.515882,154.7,6.03,3,177,17 / 20,4955710,2019-09-06 20:42:41:453,-0.1665,1.9101,9.5514,-0.0055,0.0181,9.8066,-0.0013,-0.0298,-0.015,-3.69,-33.06,29.88,2.19,-79.77,-170.68
52.39488,-1.515882,154.7,6.03,3,177,17 / 20,4955810,2019-09-06 20:42:41:553,-0.1901,1.9249,9.814,-0.0006,0.0088,9.8066,0.03,-0.0084,0.0339,-3.75,-32.75,30.44,2.45,-79.96,-170.45
52.39488,-1.515882,154.7,6.03,3,177,17 / 20,4955910,2019-09-06 20:42:41:653,-0.0578,1.9554,9.7555,-0.0063,0.0124,9.8066,0.0199,-0.0201,0.0055,-3.81,-33.5,30.69,3.16,-80.1,-170.11
52.39488,-1.515882,154.7,6.03,3,177,17 / 20,4956010,2019-09-06 20:42:41:753,0.3247,1.9377,9.6389,0.0017,0.0062,9.8066,-0.007,-0.0061,-0.004,-3.75,-33.19,29.94,3.19,-80.17,-169.86
52.39488,-1.515882,154.7,6.03,3,177,17 / 20,4956109,2019-09-06 20:42:41:852,0.259,1.6822,9.5638,-0.0026,0.0082,9.8066,0.014,-0.0024,0.0372,-4.31,-34.12,29.88,3.34,-80.31,-169.75
52.39488,-1.515882,154.7,6.03,3,177,17 / 20,4956209,2019-09-06 20:42:41:952,0.0728,1.3142,9.6556,-0.0097,0.0108,9.8066,-0.0109,-0.0006,-0.0017,-3.87,-33.19,30.06,4,-80.39,-169.19
52.39488,-1.515882,154.7,6.03,3,177,17 / 20,4956309,2019-09-06 20:42:42:052,0.042,1.1197,9.8652,-0.0111,0.0009,9.8065,0.0057,-0.0112,0.0122,-3.81,-33.25,30.56,5.19,-80.42,-168.44
52.39488,-1.515882,154.7,6.03,3,177,17 / 20,4956410,2019-09-06 20:42:42:153,0.1316,0.9238,9.946,-0.0057,0.008,9.8066,0.0146,-0.0076,0.0064,-4.06,-34.19,30.75,6.23,-80.48,-167.62
52.39488,-1.515882,154.7,6.03,3,177,17 / 20,4956509,2019-09-06 20:42:42:252,0.2139,0.8221,9.9783,-0.0056,0.0019,9.8066,0.0022,0.0021,0.0064,-4.19,-33.81,30.69,7.12,-80.52,-166.9
52.39488,-1.515882,154.7,6.03,3,177,17 / 20,4956609,2019-09-06 20:42:42:352,0.2549,0.4628,9.8584,-0.0035,0.0095,9.8066,0.0194,0.0064,0.0022,-4.19,-33.31,31,7.52,-80.6,-166.52
52.39488,-1.515882,154.7,6.03,3,177,17 / 20,4956710,2019-09-06 20:42:42:453,0.4598,0.6369,9.8567,-0.0001,-0.0025,9.8066,-0.0217,-0.0057,-0.0056,-4.25,-33.31,30.94,7.73,-80.7,-166.33
52.39488,-1.515882,154.7,6.03,3,177,17 / 20,4956810,2019-09-06 20:42:42:553,0.3675,-0.0436,9.9089,-0.0063,0.0033,9.8066,-0.04,-0.0023,0.0261,-4.56,-33.62,30.75,6.13,-80.77,-165.85
52.39488,-1.515882,154.7,6.03,3,177,17 / 20,4956909,2019-09-06 20:42:42:652,0.509,0.4838,9.9139,-0.0091,-0.0002,9.8065,-0.0465,0,0.0213,-4.62,-33.62,30.56,6.61,-80.85,-165.45
52.39488,-1.515882,154.7,6.03,3,177,17 / 20,4957009,2019-09-06 20:42:42:752,0.0525,0.6539,9.4965,-0.0066,-0.0015,9.8066,0.0247,-0.0102,0.0099,-3.69,-33.56,30.44,10.02,-80.9,-164.28
52.39488,-1.515882,154.7,6.03,3,177,17 / 20,4957109,2019-09-06 20:42:42:852,0.2558,0.3942,9.644,-0.0069,0.0199,9.8066,0.0137,-0.0077,0.0273,-4.06,-32.62,30.06,11.15,-81.13,-163.25
52.39488,-1.515882,154.7,6.03,3,177,17 / 20,4957210,2019-09-06 20:42:42:953,0.5507,-0.0739,9.6746,-0.0106,0.0147,9.8066,-0.0078,-0.0049,0.0103,-3.44,-33.62,30.75,14.54,-81.21,-162.5
52.39488,-1.515882,154.7,6.03,3,177,17 / 20,4957310,2019-09-06 20:42:43:053,0.2055,0.6521,10.1187,-0.0108,0.0106,9.8066,-0.0184,-0.0097,0.0271,-3.94,-33.31,30.5,13.94,-81.29,-161.07
52.39488,-1.515882,154.7,6.03,3,177,18 / 20,4957409,2019-09-06 20:42:43:152,0.0669,0.3159,9.8981,-0.0171,0.0117,9.8066,0.0139,-0.0157,0.0179,-4.25,-33.44,30.81,15.21,-81.36,-159.99
52.39488,-1.515882,154.7,6.03,3,177,18 / 20,4957510,2019-09-06 20:42:43:253,-0.1185,0.5974,9.7637,-0.0099,0.0094,9.8066,-0.0065,-0.0283,0.0145,-4.37,-33.44,29.69,16.07,-81.45,-159.08
52.39488,-1.515882,154.7,6.03,3,177,18 / 20,4957610,2019-09-06 20:42:43:353,0.0588,0.2497,9.8191,-0.0001,0.0118,9.8066,0.0097,-0.0269,0.0116,-4.37,-32.62,30.63,17.3,-81.53,-158.18
52.39488,-1.515882,154.7,6.03,3,177,18 / 20,4957709,2019-09-06 20:42:43:452,0.0267,0.5941,9.759,-0.0044,0.013,9.8066,-0.0106,-0.0576,0.0199,-4.5,-32.87,30.63,17.65,-81.63,-157.85
52.39488,-1.515882,154.7,6.03,3,177,18 / 20,4957810,2019-09-06 20:42:43:553,0.2071,0.3213,9.8372,-0.009,0.0115,9.8066,0.023,-0.0686,0.0264,-4.75,-33.06,30.5,16.62,-81.67,-156.89
52.39488,-1.515882,154.7,6.03,3,177,18 / 20,4957909,2019-09-06 20:42:43:652,-0.0506,0.0653,9.8879,-0.0093,0.0112,9.8066,0.0173,-0.0737,0.0266,-4.56,-33.12,31.13,17.58,-81.69,-156.06
52.39488,-1.515882,154.7,6.03,3,177,18 / 20,4958010,2019-09-06 20:42:43:753,-0.3469,0.035,9.9162,-0.012,0.0014,9.8066,-0.0056,-0.1196,0.027,-4.31,-33.44,30.63,20.5,-81.65,-155.42
52.39488,-1.515882,154.7,6.03,3,177,18 / 20,4958110,2019-09-06 20:42:43:853,-0.4448,-0.1537,9.8469,-0.0043,-0.0029,9.8066,0.0008,-0.1027,0.0256,-4.25,-32.87,31.25,21.55,-81.6,-154.56
52.39488,-1.515882,154.7,6.03,3,177,18 / 20,4958211,2019-09-06 20:42:43:954,-0.3589,-0.5328,9.7266,-0.0156,-0.0006,9.8066,0.0327,-0.1438,0.0625,-4.37,-31.87,31.31,22.88,-81.45,-153.39
52.39488,-1.515882,154.7,6.03,3,177,18 / 20,4958310,2019-09-06 20:42:44:053,-0.7478,-1.3326,9.9213,-0.0088,0.0091,9.8066,0.0279,-0.1822,0.0212,-4.06,-32.81,30.94,23.87,-81.39,-152.69
52.39488,-1.515882,154.7,6.03,3,177,18 / 20,4958410,2019-09-06 20:42:44:153,-0.8165,-0.7139,10.0142,-0.0094,-0.0231,9.8065,-0.0239,-0.236,0.0574,-3.44,-32,31,26.05,-81.42,-152.55
52.39488,-1.515882,154.7,6.03,3,177,18 / 20,4958509,2019-09-06 20:42:44:252,-1.0426,-1.6046,10.0255,-0.0004,-0.0144,9.8066,-0.0693,-0.2204,0.0046,-2.31,-31.81,29.94,28.64,-81.2,-152.32
52.39488,-1.515882,154.7,6.03,3,177,18 / 20,4958610,2019-09-06 20:42:44:353,-0.9877,-0.8507,10.3835,0.0019,-0.007,9.8065,0.0674,-0.2562,0.007,-1.19,-31.12,30.25,30.03,-81.15,-152.93
52.39488,-1.515882,154.7,6.03,3,177,18 / 20,4958710,2019-09-06 20:42:44:453,-0.8018,-1.0878,10.0891,0.0094,0.0013,9.8066,0.021,-0.2699,0.0059,-0.5,-31.94,30.69,31.38,-81.16,-153.67
52.39488,-1.515882,154.7,6.03,3,177,18 / 20,4958809,2019-09-06 20:42:44:552,-0.9249,-1.1308,9.986,-0.0019,-0.0115,9.8066,-0.0224,-0.2591,0.0577,-1,-32.81,31.69,28.75,-81.08,-154.18
52.39488,-1.515882,154.7,6.03,3,177,18 / 20,4958909,2019-09-06 20:42:44:652,-1.1166,-0.8708,9.8209,-0.0023,-0.0132,9.8066,-0.0125,-0.2828,0.0434,0.06,-32.87,31.06,30.97,-81.03,-154.26
52.39488,-1.515882,154.7,6.03,3,177,18 / 20,4959010,2019-09-06 20:42:44:753,-0.5023,-1.8372,9.6224,0.002,0.0032,9.8066,0.0096,-0.3218,0.0588,0.81,-32.25,30.69,32.83,-80.92,-154.43
52.39488,-1.515882,154.7,6.03,3,177,18 / 20,4959110,2019-09-06 20:42:44:853,-0.3309,-1.305,9.9516,0.0176,0.0001,9.8066,0.0117,-0.2614,-0.0399,0.06,-32.56,30.56,29.63,-80.95,-155.44
52.39488,-1.515882,154.7,6.03,3,177,18 / 20,4959210,2019-09-06 20:42:44:953,0.2156,-0.9944,10.0342,0.0131,-0.0066,9.8066,0.0275,-0.289,0.0367,1,-32.62,30.19,30.3,-80.93,-156.95
52.39488,-1.515882,154.7,6.03,3,177,18 / 20,4959309,2019-09-06 20:42:45:052,0.7421,-1.2598,10.0101,0.0302,-0.0007,9.8066,0.0186,-0.1732,-0.0859,1.5,-32.81,29.88,30.32,-81.15,-158.7
52.39488,-1.515882,154.7,6.03,3,177,19 / 20,4959410,2019-09-06 20:42:45:153,0.8069,-0.959,9.6566,0.0235,-0.0028,9.8066,-0.0524,-0.1111,-0.0449,2.19,-32.62,29.75,29.06,-81.32,-159.66
52.39488,-1.515882,154.7,6.03,3,177,19 / 20,4959509,2019-09-06 20:42:45:252,1.2682,-1.1652,10.0972,0.0237,-0.004,9.8066,0.0317,-0.0615,-0.0401,2.31,-32.81,29.94,26.06,-81.53,-162.08
52.39488,-1.515882,154.7,6.03,3,177,19 / 20,4959610,2019-09-06 20:42:45:353,1.9412,-2.3951,10.1301,0.0214,-0.0412,9.8065,-0.1477,0.0375,-0.0983,2,-32.81,29.63,21.97,-81.57,-165.51
52.39488,-1.515882,154.7,6.03,3,177,19 / 20,4959710,2019-09-06 20:42:45:453,1.4978,-0.2008,9.0436,0.0174,-0.033,9.8065,-0.1516,0.0484,-0.023,2.81,-32.69,30.25,21.76,-81.65,-167.55
52.39488,-1.515882,154.7,6.03,3,177,19 / 20,4959810,2019-09-06 20:42:45:553,2.3427,-0.834,8.6847,0.0225,0.0404,9.8064,0.1431,0.0894,-0.0555,2.25,-32.81,30.75,16.98,-81.96,-169.36
52.39488,-1.515882,154.7,6.03,3,177,19 / 20,4959910,2019-09-06 20:42:45:653,1.3151,-1.6511,10.1589,0.0114,0.0303,9.8065,0.1625,0.1182,-0.0249,2.19,-33,30.06,16.58,-82.12,-169.84
52.39488,-1.515882,154.7,6.03,3,177,19 / 20,4960010,2019-09-06 20:42:45:753,1.3934,-1.6774,9.4897,0.0101,0.0003,9.8066,-0.1776,0.18,-0.0731,2.38,-32.87,29.75,15.71,-82.27,-170.54
52.39488,-1.515882,154.7,6.03,3,177,19 / 20,4960109,2019-09-06 20:42:45:852,1.3214,-0.9248,10.0169,-0.0005,-0.0103,9.8066,-0.0563,0.1487,0.014,2.31,-32.31,30.31,15.02,-82.45,-170.99
52.39488,-1.515882,154.7,6.03,3,177,19 / 20,4960209,2019-09-06 20:42:45:952,1.872,-1.2002,9.7088,0.0324,0.0074,9.8065,-0.0442,0.2317,-0.1534,2.31,-33.12,30.38,11.8,-82.82,-173.71
52.39488,-1.515882,154.7,6.03,3,177,19 / 20,4960310,2019-09-06 20:42:46:053,2.6028,-1.9376,9.1265,0.0122,0.0001,9.8066,-0.0094,0.2261,-0.0487,2.19,-32.87,30.44,9.98,-82.96,-175.24
52.39488,-1.515882,154.7,6.03,3,177,19 / 20,4960409,2019-09-06 20:42:46:152,1.535,-1.2142,9.5116,0.0239,0.0156,9.8065,0.0475,0.3257,-0.1181,2.38,-32.06,30.38,7.22,-83.13,-177.56
52.39488,-1.515882,154.7,6.03,3,177,19 / 20,4960510,2019-09-06 20:42:46:253,1.9752,-0.7153,9.4513,-0.0023,-0.0086,9.8066,-0.0494,0.2204,0.0122,1.69,-32.25,30.31,5.9,-83.21,-178.7
52.39488,-1.515882,154.7,6.03,3,177,19 / 20,4960609,2019-09-06 20:42:46:352,1.0449,-1.8586,9.8799,0.0025,-0.0132,9.8066,-0.0725,0.2557,-0.0807,1.56,-32.31,29.56,5.85,-83.3,-178.73
52.39488,-1.515882,154.7,6.03,3,177,19 / 20,4960709,2019-09-06 20:42:46:452,2.1318,-1.5481,9.9949,-0.0018,-0.0107,9.8066,0.0002,0.1969,0.0202,0.25,-31.56,29.94,1.37,-83.35,-178.81
52.39488,-1.515882,154.7,6.03,3,177,19 / 20,4960810,2019-09-06 20:42:46:553,1.1141,-1.5692,10.32,-0.0048,0.0142,9.8066,0.1112,0.1541,-0.008,-0.19,-32.19,29.94,2.22,-83.46,-178.06
52.39488,-1.515882,154.7,6.03,3,177,19 / 20,4960909,2019-09-06 20:42:46:652,1.8405,-1.7253,9.6443,0.0045,0.0203,9.8066,0.0337,0.1347,-0.0894,-0.25,-31.69,29.94,2.04,-83.47,-178.22
52.39488,-1.515882,154.7,6.03,3,177,19 / 20,4961009,2019-09-06 20:42:46:752,1.4149,-1.5737,9.687,-0.0011,-0.0223,9.8066,0.0197,0.1194,0.0221,-0.31,-32.06,30.88,1.04,-83.3,-179.09
52.39488,-1.515882,154.7,6.03,3,177,19 / 20,4961110,2019-09-06 20:42:46:853,1.2007,-1.1725,10.2098,0.0087,-0.0035,9.8066,-0.038,0.1027,-0.0519,-0.31,-32.12,30.56,0.26,-83.31,-179.77
52.39488,-1.515882,154.7,6.03,3,177,19 / 20,4961210,2019-09-06 20:42:46:953,1.5485,-1.582,9.7669,-0.0076,0.0066,9.8066,-0.0155,0.1027,0.0043,-0.19,-31.81,31.75,0.07,-83.23,-179.94
52.39488,-1.515882,154.7,6.03,3,177,19 / 20,4961310,2019-09-06 20:42:47:053,1.2043,-1.5356,10.0209,-0.0077,0.0113,9.8066,0.0025,0.1155,0.0076,-0.37,-32.56,31.13,0.95,-83.33,-179.17
52.39488,-1.515882,154.7,6.03,3,177,19 / 20,4961409,2019-09-06 20:42:47:152,0.3838,-2.3911,9.863,0.0074,-0.0196,9.8066,-0.0776,0.0838,-0.0399,-0.25,-31.81,31.63,1.15,-83.27,-178.99
52.39488,-1.515882,154.7,6.03,3,177,19 / 20,4961510,2019-09-06 20:42:47:253,0.968,-1.9024,9.7719,-0.0026,-0.0226,9.8066,0.0114,0.0719,0.0242,-0.5,-32.44,31.56,0.73,-83.32,-179.36
52.39488,-1.515882,154.7,6.03,3,177,19 / 20,4961610,2019-09-06 20:42:47:353,0.8754,-1.165,10.1585,-0.0013,-0.0049,9.8066,0.0249,0.0096,-0.0403,-0.62,-32.37,31.38,359.33,-83.28,-178.74
52.39488,-1.515882,154.7,6.03,3,177,19 / 20,4961709,2019-09-06 20:42:47:452,0.8295,-1.8936,9.7087,0.0064,-0.0068,9.8066,-0.0431,0.0875,-0.0529,-0.19,-31.44,31.44,0.69,-83.25,-179.4
52.39488,-1.515882,154.7,6.03,3,177,19 / 20,4961810,2019-09-06 20:42:47:553,1.3984,-1.8656,9.5382,-0.01,-0.0119,9.8066,0.0155,0.0491,0.0363,-0.31,-31.81,31.31,0.76,-83.13,-179.34
52.39488,-1.515882,154.7,6.03,3,177,19 / 20,4961909,2019-09-06 20:42:47:652,0.7506,-1.2715,9.7024,0.0096,-0.0134,9.8066,-0.01,0.0256,-0.0716,-0.62,-31.94,31.19,358.48,-82.99,-179.47
52.39488,-1.515882,154.7,6.03,3,177,19 / 20,4962010,2019-09-06 20:42:47:753,2.1682,-1.315,10.1745,-0.0007,0.0144,9.8066,-0.0537,0.0788,0.0787,-0.81,-32,30.81,357.56,-83.11,179.73
52.39488,-1.515882,154.7,6.03,3,177,19 / 20,4962110,2019-09-06 20:42:47:853,0.7041,-0.3597,9.8093,-0.0005,0.013,9.8066,-0.0279,0.0851,0.0135,-0.94,-32.06,30.5,358.11,-83.22,-179.8
52.39488,-1.515882,154.7,6.03,3,177,19 / 20,4962210,2019-09-06 20:42:47:953,0.8125,-1.3119,9.7607,-0.0026,-0.006,9.8066,0.0392,0.0352,-0.0413,-1.5,-32.75,29.94,357.52,-83.26,179.77
52.39488,-1.515882,154.7,6.03,3,177,19 / 20,4962309,2019-09-06 20:42:48:052,1.1305,-1.6498,9.9587,-0.0002,-0.0186,9.8066,0.0816,0.0532,-0.0239,-1.5,-31.94,30.81,357.56,-83.17,179.72
52.39488,-1.515882,154.7,6.03,3,177,19 / 20,4962410,2019-09-06 20:42:48:153,0.9117,-1.4592,10.1847,-0.0012,0.0079,9.8066,-0.094,0.0398,0.0607,-2.75,-32.69,31.06,353.45,-83,179.87
52.39488,-1.515882,154.7,6.03,3,177,19 / 20,4962509,2019-09-06 20:42:48:252,2.2075,-0.8786,9.7799,0.0008,0.0081,9.8066,-0.0841,0.1101,-0.0845,-2.37,-31.81,31,355.79,-82.91,-179.95
52.39488,-1.515882,154.7,6.03,3,177,19 / 20,4962610,2019-09-06 20:42:48:353,0.139,-1.1469,9.6459,-0.0115,-0.0181,9.8066,-0.0283,0.1147,-0.008,-2.94,-32.19,31.06,355.08,-82.74,-178.72
52.39488,-1.515882,154.7,6.03,3,177,19 / 20,4962710,2019-09-06 20:42:48:453,0.8528,-0.6912,9.8243,-0.015,0.0002,9.8066,-0.0563,0.0731,0.0454,-2.75,-31.44,31.44,356.19,-82.82,-177.78
52.39488,-1.515882,154.7,6.03,3,177,19 / 20,4962810,2019-09-06 20:42:48:553,0.5414,-2.4372,10.1783,-0.0017,0.0139,9.8066,-0.0032,0.144,0.0253,-2.87,-32.25,31.13,356.94,-82.95,-177.12
52.39488,-1.515882,154.7,6.03,3,177,19 / 20,4962909,2019-09-06 20:42:48:652,2.0808,0.3477,9.8448,0.0005,0.0226,9.8066,0.038,0.0163,-0.024,-3.06,-32.06,31.13,356.95,-83.09,-177.12
52.39488,-1.515882,154.7,6.03,3,177,19 / 20,4963009,2019-09-06 20:42:48:752,-0.7411,-0.2096,9.9972,-0.0189,-0.0171,9.8065,0.0144,0.0771,0.074,-3.31,-32.56,31.5,358.12,-83.12,-176.28
52.39488,-1.515882,154.7,6.03,3,177,19 / 20,4963110,2019-09-06 20:42:48:853,0.5557,-0.0141,9.9811,-0.0145,-0.0072,9.8066,-0.071,-0.0196,0.0252,-3.56,-32.75,32.06,359.07,-82.96,-173.68
52.39488,-1.515882,154.7,6.03,3,177,19 / 20,4963210,2019-09-06 20:42:48:953,0.1302,-0.9665,10.009,-0.0136,-0.0062,9.8066,-0.0687,0.0325,0.0116,-3.62,-32.44,31.31,359.37,-82.87,-173.19
52.39488,-1.515882,154.7,6.03,3,177,19 / 20,4963309,2019-09-06 20:42:49:052,0.0413,-0.4881,10.2849,-0.0059,-0.0013,9.8066,-0.1545,0.0029,0.0589,-4.25,-32.44,31.81,0.62,-82.89,-172.33
52.39488,-1.515882,154.7,6.03,3,177,19 / 20,4963410,2019-09-06 20:42:49:153,0.4116,-0.3902,9.6553,-0.0044,0.0342,9.8065,0.131,-0.0673,-0.0165,-3.44,-33,31.25,2.87,-82.83,-172
52.39488,-1.515882,154.7,6.03,3,177,19 / 20,4963510,2019-09-06 20:42:49:253,0.6322,-0.6236,9.6261,-0.0053,0.0054,9.8066,0.0368,-0.0013,-0.0342,-4.31,-33.12,31.31,0.9,-82.92,-171.87
52.39488,-1.515882,154.7,6.03,3,177,19 / 20,4963609,2019-09-06 20:42:49:352,1.6582,-0.9704,9.8222,-0.0111,0.0037,9.8066,0.012,-0.0026,0.0949,-4.06,-32.44,31.19,2.34,-82.8,-170.63
52.39488,-1.515882,154.7,6.03,3,177,19 / 20,4963710,2019-09-06 20:42:49:453,0.2184,-1.171,10.4154,-0.0128,-0.0156,9.8066,-0.047,-0.0068,-0.0013,-3.69,-32.37,31.75,3.49,-82.65,-169.86
52.39488,-1.515882,154.7,6.03,3,177,19 / 20,4963810,2019-09-06 20:42:49:553,1.2827,-1.0315,9.6511,-0.0056,-0.0331,9.8065,-0.0152,-0.0852,0.1227,-4.06,-31.94,31.81,5.09,-82.39,-168.5
52.39488,-1.515882,154.7,6.03,3,177,19 / 20,4963909,2019-09-06 20:42:49:652,0.4137,-1.2016,9.6191,-0.0121,-0.0159,9.8066,-0.0307,-0.0117,0.0177,-4,-32,31.69,6.48,-82.42,-167.3
52.39488,-1.515882,154.7,6.03,3,177,19 / 20,4964009,2019-09-06 20:42:49:752,-0.4669,0.039,9.2844,-0.0017,-0.0252,9.8065,0.0487,0.0325,0.0333,-4.06,-32.19,31.75,8.25,-82.29,-165.79
52.39488,-1.515882,154.7,6.03,3,177,19 / 20,4964109,2019-09-06 20:42:49:852,0.3186,-0.0262,9.4048,-0.0168,-0.0302,9.8065,0.0151,-0.0574,0.0893,-4.5,-32,31.19,9.45,-82.09,-164.61
52.39488,-1.515882,154.7,6.03,3,177,19 / 20,4964209,2019-09-06 20:42:49:952,0.6882,-1.8001,10.8455,-0.0138,0.0234,9.8066,0.1063,-0.0963,0.0176,-4.31,-32.5,31.94,11.48,-82.12,-163.05
52.39488,-1.515882,154.7,6.03,3,177,19 / 20,4964310,2019-09-06 20:42:50:053,-0.6408,-1.4799,10.1266,-0.0059,0.0506,9.8064,0.1566,-0.0676,0.0271,-4.44,-31.87,31.5,11.28,-82.16,-163.22
52.394432,-1.51588,154.28,9.65,4,176.1,19 / 20,4964409,2019-09-06 20:42:50:152,-0.468,-1.7181,9.9053,0.0068,-0.0321,9.8066,-0.1704,-0.0175,-0.032,-4.37,-32.37,31.88,11.62,-81.94,-162.97
52.394432,-1.51588,154.28,9.65,4,176.1,19 / 20,4964510,2019-09-06 20:42:50:253,-0.2914,0.2685,9.2344,0.0015,0.0157,9.8066,-0.1261,-0.0767,0.0573,-4.06,-32.37,32.5,12.43,-81.88,-162.45
52.394432,-1.51588,154.28,9.65,4,176.1,19 / 20,4964610,2019-09-06 20:42:50:353,-0.5416,-1.1732,9.3423,-0.0089,-0.0248,9.8066,-0.1364,-0.0509,0.0536,-4.19,-32.81,31.38,12.58,-81.92,-162.04
52.394432,-1.51588,154.28,9.65,4,176.1,19 / 20,4964709,2019-09-06 20:42:50:452,-0.2667,-0.2908,10.132,-0.0038,-0.0518,9.8065,-0.0569,0.0331,0.0444,-4.5,-32.69,30.88,14.05,-81.86,-160.82
52.394432,-1.51588,154.28,9.65,4,176.1,19 / 20,4964810,2019-09-06 20:42:50:553,-0.4023,-1.2124,9.2872,-0.0164,0.0128,9.8065,0.0979,0.0015,0.0102,-4.37,-32.25,31.31,14.98,-81.84,-159.97
52.394432,-1.51588,154.28,9.65,4,176.1,19 / 20,4964910,2019-09-06 20:42:50:653,-0.365,-0.9317,9.6665,-0.0019,-0.025,9.8066,0.0681,-0.063,-0.0074,-4.12,-32.75,31.88,15.11,-81.52,-160.18
52.394432,-1.51588,154.28,9.65,4,176.1,19 / 20,4965010,2019-09-06 20:42:50:753,1.8967,-1.0186,10.1124,0.0044,0.0286,9.8066,-0.0062,-0.0656,0.0696,-4.25,-32.12,31.5,14.8,-81.61,-160.34
52.394432,-1.51588,154.28,9.65,4,176.1,19 / 20,4965110,2019-09-06 20:42:50:853,-0.2956,-1.1101,9.8573,-0.0059,0.0293,9.8065,-0.1126,-0.056,0.0337,-4.62,-32.69,30.88,13.81,-81.77,-159.22
52.394432,-1.51588,154.28,9.65,4,176.1,19 / 20,4965210,2019-09-06 20:42:50:953,1.2198,-0.6059,10.0785,-0.0023,0.0229,9.8066,0.187,-0.0538,0.0228,-4.06,-32.62,31.63,16.67,-81.77,-158.78
52.394432,-1.51588,154.28,9.65,4,176.1,19 / 20,4965310,2019-09-06 20:42:51:053,2.6655,-1.2059,9.8337,0.0191,0.0298,9.8066,0.0503,0.1395,-0.1148,-4.06,-32.5,31.75,14.59,-81.81,-160.47
52.394432,-1.51588,154.28,9.65,4,176.1,19 / 20,4965410,2019-09-06 20:42:51:153,-0.9057,-0.8416,10.0553,-0.001,-0.0717,9.8063,-0.0333,-0.0281,-0.0151,-4.12,-33.06,31.38,13.74,-81.29,-161.24
52.394432,-1.51588,154.28,9.65,4,176.1,19 / 20,4965510,2019-09-06 20:42:51:253,1.5293,-0.6768,9.9126,0.0258,-0.046,9.8065,-0.1381,0.0737,-0.0841,-3.5,-31.87,31.75,14.46,-81.33,-162.49
52.394432,-1.51588,154.28,9.65,4,176.1,19 / 20,4965610,2019-09-06 20:42:51:353,1.1788,-0.9448,9.9138,0.0044,0.0244,9.8065,-0.0228,-0.0207,0.021,-3.69,-32.19,31.5,12.14,-81.35,-162.66
52.394432,-1.51588,154.28,9.65,4,176.1,19 / 20,4965709,2019-09-06 20:42:51:452,-0.1286,-2.4512,9.8046,-0.0113,0.0584,9.8064,0.0516,0.0058,-0.0354,-3.69,-32,31.81,12.65,-81.84,-162.12
52.394432,-1.51588,154.28,9.65,4,176.1,19 / 20,4965810,2019-09-06 20:42:51:553,0.947,0.3079,10.7977,0.0025,-0.0268,9.8066,0.0208,-0.0128,0.0432,-4.37,-33,31.06,12.74,-81.71,-161.96
52.394432,-1.51588,154.28,9.65,4,176.1,19 / 20,4965910,2019-09-06 20:42:51:653,0.5444,0.1819,9.4493,-0.0152,0.0056,9.8066,-0.1163,0.0334,-0.0075,-4.19,-32.87,32.25,13.88,-81.72,-161.16
52.394432,-1.51588,154.28,9.65,4,176.1,19 / 20,4966010,2019-09-06 20:42:51:753,0.1439,-0.2124,9.5343,-0.0014,-0.0111,9.8066,0.1189,-0.0576,0.0491,-4.44,-32.87,30.81,14.5,-81.35,-160.58
52.394432,-1.51588,154.28,9.65,4,176.1,19 / 20,4966109,2019-09-06 20:42:51:852,1.0594,-0.1861,9.7133,0.0101,0.0052,9.8065,-0.0058,0.0051,-0.0445,-4.12,-32,31.81,14,-81.48,-161.06
52.394432,-1.51588,154.28,9.65,4,176.1,19 / 20,4966209,2019-09-06 20:42:51:952,-0.2083,-0.3226,10.1376,-0.0097,0.0124,9.8066,-0.0255,0.0017,0.0244,-4.37,-32.62,31.44,14.9,-81.36,-160.25
52.394432,-1.51588,154.28,9.65,4,176.1,19 / 20,4966310,2019-09-06 20:42:52:053,1.1645,0.0835,9.6756,0.0223,-0.0192,9.8065,-0.1517,0.0251,-0.0397,-4.19,-32.31,30.88,13.73,-81.35,-161.17
52.394432,-1.51588,154.28,9.65,4,176.1,19 / 20,4966410,2019-09-06 20:42:52:153,-0.815,0.0589,10.2682,-0.0057,-0.054,9.8064,0.0369,0.0906,-0.0413,-4.19,-32.87,31.5,14.31,-81.17,-160.95
52.394432,-1.51588,154.28,9.65,4,176.1,19 / 20,4966509,2019-09-06 20:42:52:252,1.2523,-0.9181,8.8224,0.0063,0.0096,9.8066,0.0025,0.0414,0.0478,-4.06,-32.44,31.25,13.23,-81.31,-161.6
52.394432,-1.51588,154.28,9.65,4,176.1,19 / 20,4966610,2019-09-06 20:42:52:353,-0.6522,0.3866,10.2522,-0.0141,-0.0501,9.8065,-0.0789,0.0554,-0.0462,-4.87,-32.94,31.75,12.29,-81.1,-160.9
52.394432,-1.51588,154.28,9.65,4,176.1,19 / 20,4966709,2019-09-06 20:42:52:452,0.7892,-0.1746,9.7759,0.01,0.0221,9.8066,0.1452,-0.0269,0.0622,-4,-32.37,31.19,13.75,-81.4,-161.13
52.394432,-1.51588,154.28,9.65,4,176.1,19 / 20,4966810,2019-09-06 20:42:52:553,0.2668,-1.0103,10.7765,-0.0114,-0.0329,9.8065,-0.0817,-0.0267,0.0128,-4,-32.69,30.81,14.02,-81.05,-161.07
52.394432,-1.51588,154.28,9.65,4,176.1,19 / 20,4966910,2019-09-06 20:42:52:653,1.0168,-0.3969,9.0914,0.0053,-0.0348,9.8065,-0.0213,0.0334,-0.0104,-4.31,-32.81,31.5,13.98,-80.94,-161.3
52.394432,-1.51588,154.28,9.65,4,176.1,19 / 20,4967010,2019-09-06 20:42:52:753,0.2454,0.2799,10.1537,-0.0066,-0.0432,9.8065,-0.1054,-0.0858,-0.0238,-4.75,-31.81,30.75,11.78,-80.85,-161.1
52.394432,-1.51588,154.28,9.65,4,176.1,19 / 20,4967110,2019-09-06 20:42:52:853,1.4948,-0.6069,9.1225,0.0185,-0.0156,9.8066,-0.1084,-0.0399,0.0089,-4.25,-32.06,30.38,12.73,-80.98,-161.92
52.394432,-1.51588,154.28,9.65,4,176.1,19 / 20,4967210,2019-09-06 20:42:52:953,1.5092,1.1344,10.0542,0.0205,0.0198,9.8066,0.1963,-0.0497,-0.0194,-3.5,-32.44,31.25,13.26,-80.92,-163.51
52.394432,-1.51588,154.28,9.65,4,176.1,19 / 20,4967309,2019-09-06 20:42:53:052,0.5721,-1.6835,10.1653,0.0033,0.0845,9.8062,0.3896,-0.0373,-0.0226,-4,-32.19,31.5,12.2,-81.18,-162.66
52.394432,-1.51588,154.28,9.65,4,176.1,19 / 20,4967410,2019-09-06 20:42:53:153,-2.2812,-0.2723,10.1959,0.014,0.1001,9.806,0.0613,0.0463,-0.0471,-4,-32.44,31.88,10.79,-81.24,-163.83
52.394432,-1.51588,154.28,9.65,4,176.1,19 / 20,4967509,2019-09-06 20:42:53:252,1.3176,-1.94,10.2322,0.0098,0.022,9.8066,0.2899,-0.0083,-0.0426,-4.12,-32.75,31.5,10.45,-80.81,-164.26
52.394432,-1.51588,154.28,9.65,4,176.1,19 / 20,4967610,2019-09-06 20:42:53:353,0.4351,-1.9901,10.5684,0.0111,-0.0668,9.8063,-0.2362,-0.0224,-0.0272,-4.06,-32.06,31.88,9.81,-80.97,-164.7
52.394432,-1.51588,154.28,9.65,4,176.1,19 / 20,4967709,2019-09-06 20:42:53:452,0.5071,-0.713,9.7786,0.0111,-0.0208,9.8066,-0.0211,-0.0517,0.021,-3.56,-32.12,30.63,8.6,-80.88,-165.55
52.394432,-1.51588,154.28,9.65,4,176.1,19 / 20,4967809,2019-09-06 20:42:53:552,1.0134,-0.3544,9.3614,0.0032,-0.0078,9.8066,-0.1189,0.0385,-0.0044,-4.25,-32.75,30.94,8.82,-80.95,-165.39
52.394432,-1.51588,154.28,9.65,4,176.1,19 / 20,4967909,2019-09-06 20:42:53:652,-0.1556,0.237,10.4686,0.0065,-0.0554,9.8065,-0.2017,-0.0534,0.0287,-4.25,-32.87,30.81,8.13,-80.8,-165.99
52.394432,-1.51588,154.28,9.65,4,176.1,19 / 20,4968009,2019-09-06 20:42:53:752,-0.3552,0.4195,10.3816,0.0049,-0.0305,9.8065,0.049,-0.011,-0.0053,-4.69,-32.69,31.56,6.21,-80.78,-166
52.394432,-1.51588,154.28,9.65,4,176.1,19 / 20,4968110,2019-09-06 20:42:53:853,-0.0697,0.0158,9.8054,0.016,-0.0071,9.8066,0.0223,-0.0316,-0.0446,-3.94,-32.5,31.25,7.41,-80.78,-166.55
52.394432,-1.51588,154.28,9.65,4,176.1,19 / 20,4968209,2019-09-06 20:42:53:952,0.6724,1.0018,9.4024,0.022,-0.0239,9.8065,0.0425,-0.0227,0.0073,-3.31,-32.12,30.56,7.39,-80.61,-168.42
52.394432,-1.51588,154.28,9.65,4,176.1,19 / 20,4968310,2019-09-06 20:42:54:053,0.7648,-0.4486,10.3625,-0.0019,0.0089,9.8066,0.0299,-0.0217,0.03,-2.75,-32,31.81,5.67,-80.71,-169.96
52.394432,-1.51588,154.28,9.65,4,176.1,19 / 20,4968409,2019-09-06 20:42:54:152,1.0329,0.0759,9.5152,0.0235,-0.0027,9.8065,-0.0373,-0.0533,-0.0633,-3.62,-31.75,31.69,2.26,-80.6,-171.01
52.394432,-1.51588,154.28,9.65,4,176.1,19 / 20,4968510,2019-09-06 20:42:54:253,1.6858,-0.5179,8.702,0.0034,0.0133,9.8066,-0.0269,-0.0694,0.0164,-4,-32,31.56,359.57,-80.69,-173.23
52.394432,-1.51588,154.28,9.65,4,176.1,19 / 20,4968610,2019-09-06 20:42:54:353,0.3989,1.0512,8.965,-0.004,0.0024,9.8066,-0.1278,-0.0278,-0.0311,-3.5,-33,31.5,2.14,-80.85,-172.88
52.394432,-1.51588,154.28,9.65,4,176.1,19 / 20,4968709,2019-09-06 20:42:54:452,1.6217,0.3528,8.474,0.0033,0.0466,9.8065,0.0795,-0.0295,0.0298,-3,-33.25,31,1.64,-81.15,-173.12
52.394432,-1.51588,154.28,9.65,4,176.1,19 / 20,4968810,2019-09-06 20:42:54:553,0.0265,-0.2086,10.1539,-0.0004,-0.0052,9.8065,0.0218,-0.0045,0.0391,-3.69,-32.25,30.94,359.35,-81.44,-173.19
52.394432,-1.51588,154.28,9.65,4,176.1,19 / 20,4968910,2019-09-06 20:42:54:653,1.5989,0.6646,9.6386,-0.0108,0.0186,9.8066,0.2335,-0.0093,0.0681,-3.06,-33,30.81,2,-81.38,-172.81
52.394432,-1.51588,154.28,9.65,4,176.1,19 / 20,4969010,2019-09-06 20:42:54:753,0.4807,-0.0307,10.426,-0.0133,0.0161,9.8066,0.1615,-0.0062,-0.0056,-3.75,-32.94,32.19,0.8,-81.15,-172.21
52.394432,-1.51588,154.28,9.65,4,176.1,19 / 20,4969109,2019-09-06 20:42:54:852,0.1722,-0.0055,10.3225,-0.0229,-0.0101,9.8065,-0.0577,0.0198,0.086,-4.12,-32.87,31.19,2.22,-80.94,-170.83
52.394432,-1.51588,154.28,9.65,4,176.1,19 / 20,4969209,2019-09-06 20:42:54:952,0.6767,1.0343,10.0565,-0.0129,-0.0138,9.8066,-0.0971,0.0747,0.0167,-4.25,-32.37,31.38,3.89,-80.83,-169.44
52.394432,-1.51588,154.28,9.65,4,176.1,19 / 20,4969310,2019-09-06 20:42:55:053,-0.1938,0.4554,9.6156,-0.0151,-0.0296,9.8065,-0.0696,0.0769,0.0256,-4.12,-32.5,31.94,5.46,-80.93,-168.34
52.394432,-1.51588,154.28,9.65,4,176.1,19 / 20,4969409,2019-09-06 20:42:55:152,0.2872,-0.1287,10.2948,0.0037,-0.0283,9.8065,-0.0843,0.0416,-0.0227,-4.44,-32.44,31.94,6.2,-80.75,-167.74
52.394432,-1.51588,154.28,9.65,4,176.1,19 / 20,4969510,2019-09-06 20:42:55:253,-0.0773,0.5903,9.9427,0.0112,-0.005,9.8066,0.1851,0.0373,-0.0055,-4,-32,31.44,4.96,-80.76,-168.56
52.394432,-1.51588,154.28,9.65,4,176.1,19 / 20,4969610,2019-09-06 20:42:55:353,1.0535,-0.0582,9.0577,0.0131,-0.021,9.8066,-0.0719,0.0746,-0.066,-4.81,-32.87,31.38,1.64,-80.5,-169.51
52.394432,-1.51588,154.28,9.65,4,176.1,19 / 20,4969710,2019-09-06 20:42:55:453,0.662,1.5574,8.9338,0.0146,0.0214,9.8066,0.2027,0.0552,-0.0181,-4.56,-32,31.31,359.96,-80.57,-170.87
52.394432,-1.51588,154.28,9.65,4,176.1,19 / 20,4969810,2019-09-06 20:42:55:553,1.0671,0.9619,8.3304,0.0028,-0.006,9.8066,0.0455,0.0597,0.0305,-4.81,-32.19,31.31,359.21,-80.5,-171.48
52.394432,-1.51588,154.28,9.65,4,176.1,19 / 20,4969910,2019-09-06 20:42:55:653,-0.0469,-0.6092,10.274,-0.0156,0.0808,9.8062,0.3227,0.0373,0.0115,-4.69,-33.06,30.75,359.3,-80.45,-171.4
52.394432,-1.51588,154.28,9.65,4,176.1,19 / 20,4970011,2019-09-06 20:42:55:754,1.7194,0.4617,10.2661,0.0084,-0.0407,9.8066,0.2411,0.0859,-0.0614,-4.81,-32.69,31.56,0.56,-80.84,-170.66
52.394432,-1.51588,154.28,9.65,4,176.1,19 / 20,4970109,2019-09-06 20:42:55:852,-0.3914,-0.6257,11.0311,-0.0078,-0.0516,9.8065,-0.0836,0.0044,0.0675,-4.62,-33.06,31.5,1.43,-80.37,-169.96
52.394432,-1.51588,154.28,9.65,4,176.1,19 / 20,4970209,2019-09-06 20:42:55:952,0.8452,-0.321,10.1279,0.0027,-0.0278,9.8066,0.0783,0.0168,-0.0306,-4.87,-32.56,32.19,1.15,-80.24,-170.18
52.394432,-1.51588,154.28,9.65,4,176.1,19 / 20,4970310,2019-09-06 20:42:56:053,-0.641,-0.1628,9.4141,0.0055,-0.0146,9.8066,-0.0513,0.013,-0.0012,-4.62,-32,32.06,0.9,-80.1,-170.38
52.394432,-1.51588,154.28,9.65,4,176.1,19 / 20,4970409,2019-09-06 20:42:56:152,0.2987,0.1009,9.0347,0.0011,-0.002,9.8066,-0.1392,0.0625,0.0053,-5.06,-32.12,31.75,1.65,-80.28,-169.77
52.394432,-1.51588,154.28,9.65,4,176.1,19 / 20,4970510,2019-09-06 20:42:56:253,0.6299,-0.6626,9.5493,-0.0081,0.0391,9.8065,-0.0199,0.0426,-0.013,-5.37,-32.69,31.63,2.08,-80.64,-169.41
52.394432,-1.51588,154.28,9.65,4,176.1,19 / 20,4970610,2019-09-06 20:42:56:353,0.2647,0.0695,10.0266,-0.0185,0.0252,9.8066,-0.0169,-0.0426,0.0164,-5,-32.94,31.25,3.07,-80.93,-168.31
52.394432,-1.51588,154.28,9.65,4,176.1,19 / 20,4970710,2019-09-06 20:42:56:453,1.0552,-0.364,9.7221,-0.0066,-0.0118,9.8066,0.1226,-0.0465,0.0806,-4.87,-32,31.81,3.74,-80.83,-168.01
52.394432,-1.51588,154.28,9.65,4,176.1,19 / 20,4970810,2019-09-06 20:42:56:553,-0.5278,0.284,10.5738,-0.0029,-0.0064,9.8066,0.0858,-0.0355,0.008,-5.06,-32.31,31.56,4.07,-80.66,-167.76
52.394432,-1.51588,154.28,9.65,4,176.1,19 / 20,4970910,2019-09-06 20:42:56:653,0.2694,-0.7114,10.4569,0.0031,0.0311,9.8066,0.0382,0.0611,-0.0252,-5.31,-32.06,31.81,3.42,-80.67,-168.29
52.394432,-1.51588,154.28,9.65,4,176.1,19 / 20,4971009,2019-09-06 20:42:56:752,1.6539,-0.3774,9.0427,-0.0031,0.0189,9.8065,-0.1329,0.0034,0.0432,-4.62,-31.94,32.31,3.19,-80.55,-168.49
52.394432,-1.51588,154.28,9.65,4,176.1,19 / 20,4971109,2019-09-06 20:42:56:852,2.3992,-0.8788,10.63,0.0061,0.066,9.8064,0.0557,0.0012,-0.1151,-5.19,-32.06,31.25,2.81,-80.39,-168.54
52.394432,-1.51588,154.28,9.65,4,176.1,19 / 20,4971209,2019-09-06 20:42:56:952,-1.6793,-0.8224,10.9801,0.0022,0.065,9.8064,0.2109,-0.0976,-0.0203,-5,-31.87,31.75,0.87,-80.9,-170.4
52.394432,-1.51588,154.28,9.65,4,176.1,19 / 20,4971309,2019-09-06 20:42:57:052,1.0798,0.0339,10.1734,0.0169,-0.0333,9.8065,-0.1672,-0.0097,0.0299,-5.12,-31.62,31.38,359.74,-80.7,-171.05
52.394432,-1.51588,154.28,9.65,4,176.1,19 / 20,4971409,2019-09-06 20:42:57:152,0.1993,-0.7857,10.4552,0.0001,0.0155,9.8066,0.0313,0.0577,-0.0441,-5.44,-32.44,31.81,359.92,-80.88,-171.18
52.394432,-1.51588,154.28,9.65,4,176.1,19 / 20,4971510,2019-09-06 20:42:57:253,0.3998,-0.4309,9.6149,0.0146,-0.0481,9.8065,-0.0992,0.0327,-0.0466,-5.12,-32.94,31.19,358.7,-80.78,-171.9
52.394432,-1.51588,154.28,9.65,4,176.1,19 / 20,4971609,2019-09-06 20:42:57:352,-0.7003,0.7438,9.6621,0.0093,-0.026,9.8065,-0.0615,-0.1158,0.0116,-4.75,-32.31,31.69,358.72,-80.88,-172.18
52.394432,-1.51588,154.28,9.65,4,176.1,19 / 20,4971710,2019-09-06 20:42:57:453,0.9687,0.8814,9.3673,0.0099,0.0131,9.8065,0.0565,-0.0731,0.014,-4.44,-31.94,30.94,359.27,-80.98,-173.25
52.394432,-1.51588,154.28,9.65,4,176.1,19 / 20,4971809,2019-09-06 20:42:57:552,-1.1715,-1.401,10.4825,0.0113,0.0196,9.8066,-0.0085,0.1304,-0.0855,-4.44,-32.56,31.06,357.59,-81.08,-174.64
52.394432,-1.51588,154.28,9.65,4,176.1,19 / 20,4971909,2019-09-06 20:42:57:652,0.4267,0.3537,9.5794,0.02,-0.0274,9.8066,-0.1062,0.0519,-0.0017,-4.62,-32.56,31.19,354.22,-80.91,-175.59
52.394432,-1.51588,154.28,9.65,4,176.1,19 / 20,4972010,2019-09-06 20:42:57:753,0.3272,-0.6092,9.8221,-0.0239,0.0165,9.8065,-0.1093,-0.0903,0.0955,-4.44,-32.81,31.5,357,-80.97,-175.35
52.394432,-1.51588,154.28,9.65,4,176.1,19 / 20,4972109,2019-09-06 20:42:57:852,-0.6759,-0.3493,9.9571,-0.0181,0.0142,9.8065,0.0793,0.0036,0.0626,-5.06,-33.06,31.38,356.64,-81.04,-173.61
52.394432,-1.51588,154.28,9.65,4,176.1,19 / 20,4972209,2019-09-06 20:42:57:952,0.9586,-0.0284,9.9746,-0.0081,-0.0002,9.8066,-0.0468,-0.0194,-0.0294,-4.94,-33.19,31.25,357.79,-80.84,-172.65
52.394432,-1.51588,154.28,9.65,4,176.1,19 / 20,4972309,2019-09-06 20:42:58:052,-0.2048,-0.5422,9.201,-0.016,0.0067,9.8066,0.0773,-0.0598,0.0321,-4.94,-32.62,30.94,358.4,-80.64,-172.14
52.394432,-1.51588,154.28,9.65,4,176.1,19 / 20,4972411,2019-09-06 20:42:58:154,0.1669,-0.7449,10.485,-0.0018,0.0209,9.8066,0.111,-0.0075,0.0039,-4.44,-32.44,31.19,1,-80.77,-171.82
52.394432,-1.51588,154.28,9.65,4,176.1,19 / 20,4972510,2019-09-06 20:42:58:253,-0.4699,-0.5471,10.3242,0.0207,0.0023,9.8066,-0.0914,0.0612,-0.0749,-4.31,-32.56,31.75,0.54,-80.82,-172.43
52.394432,-1.51588,154.28,9.65,4,176.1,19 / 20,4972609,2019-09-06 20:42:58:352,0.6599,0.2495,10.6168,-0.0028,0.0046,9.8066,0.1111,-0.0148,0.0295,-5.19,-32.62,31.88,357.98,-80.83,-172.79
52.394432,-1.51588,154.28,9.65,4,176.1,19 / 20,4972710,2019-09-06 20:42:58:453,-0.5079,1.0143,9.6618,0.0075,-0.0565,9.8065,-0.0537,-0.0639,0.0597,-5,-32.75,31.44,356.9,-80.62,-173.37
52.394432,-1.51588,154.28,9.65,4,176.1,19 / 20,4972809,2019-09-06 20:42:58:552,1.2107,0.82,9.0593,0.0081,-0.0189,9.8066,-0.0479,0.1045,-0.0373,-5.06,-32.69,31.63,357.52,-80.7,-173.16
52.394432,-1.51588,154.28,9.65,4,176.1,19 / 20,4972910,2019-09-06 20:42:58:653,-0.8369,-0.9713,10.5172,-0.0026,-0.01,9.8066,-0.0308,0.0799,-0.0261,-4.56,-33.19,31.25,357.79,-80.78,-172.64
52.394432,-1.51588,154.28,9.65,4,176.1,19 / 20,4973010,2019-09-06 20:42:58:753,0.2769,0.2966,10.5225,-0.0047,-0.0138,9.8065,0.0264,-0.0487,0.0389,-4.44,-32.12,31.69,0.5,-80.71,-172.46
52.394432,-1.51588,154.28,9.65,4,176.1,19 / 20,4973109,2019-09-06 20:42:58:852,0.7049,-0.3026,8.9825,0.0043,-0.0164,9.8066,-0.1169,-0.0402,0.0212,-4.87,-32.12,31.81,357.96,-80.45,-172.79
52.394432,-1.51588,154.28,9.65,4,176.1,19 / 20,4973210,2019-09-06 20:42:58:953,0.4402,1.3736,9.0065,0.0061,-0.021,9.8066,-0.2072,0.0212,-0.0468,-5,-31.87,31.69,357.77,-80.51,-172.96
52.394432,-1.51588,154.28,9.65,4,176.1,19 / 20,4973310,2019-09-06 20:42:59:053,0.2559,0.5814,8.8303,0.003,0.0201,9.8066,0.0814,0.0005,-0.0028,-4.87,-32.37,30.25,357.64,-81.15,-172.49
52.39335,-1.515771,155.05,14.69,4,174.15,19 / 20,4973412,2019-09-06 20:42:59:155,0.3977,1.8245,8.8614,0.0023,0.0114,9.8066,-0.0655,0.0084,0.0133,-4.44,-32.37,30.5,0.17,-81.34,-172.51
52.39335,-1.515771,155.05,14.69,4,174.15,19 / 20,4973510,2019-09-06 20:42:59:253,-0.8065,1.658,10.0343,-0.0164,-0.0607,9.8064,-0.0001,-0.0281,-0.0242,-4.56,-33.31,30.88,359.54,-81.47,-171.22
52.39335,-1.515771,155.05,14.69,4,174.15,19 / 20,4973609,2019-09-06 20:42:59:352,-0.2679,1.2572,10.1878,0.019,-0.0203,9.8066,0.0399,-0.0527,0.0298,-5.31,-33,30.88,359.79,-80.96,-171.01
52.39335,-1.515771,155.05,14.69,4,174.15,19 / 20,4973710,2019-09-06 20:42:59:453,-1.3976,-1.1858,10.8754,-0.0017,-0.0131,9.8066,-0.0161,0.0992,-0.07,-4.81,-32.87,31.44,359.33,-80.79,-171.39
52.39335,-1.515771,155.05,14.69,4,174.15,19 / 20,4973809,2019-09-06 20:42:59:552,0.3185,0.6019,9.5719,0.0145,0.0253,9.8065,0.0236,0.0093,0.0321,-4.69,-32.81,31.31,358.66,-80.86,-171.94
52.39335,-1.515771,155.05,14.69,4,174.15,19 / 20,4973910,2019-09-06 20:42:59:653,0.6484,-0.1365,8.904,0.0048,0.0247,9.8066,-0.0819,0.0581,-0.0246,-4.56,-32.5,30.88,357.3,-81.14,-173.08
52.39335,-1.515771,155.05,14.69,4,174.15,19 / 20,4974010,2019-09-06 20:42:59:753,0.1046,2.5879,10.5477,0.0018,-0.0284,9.8066,-0.1611,-0.0267,-0.0241,-5.06,-32.81,30.56,356.94,-81.21,-173.37
52.39335,-1.515771,155.05,14.69,4,174.15,19 / 20,4974109,2019-09-06 20:42:59:852,0.0551,-0.0154,9.9432,0.01,0.0221,9.8066,0.0582,-0.0482,0.0413,-5.31,-33.19,31.13,356.26,-81.22,-173.94
52.39335,-1.515771,155.05,14.69,4,174.15,19 / 20,4974210,2019-09-06 20:42:59:953,1.6466,0.2353,10.2192,-0.0099,-0.0045,9.8066,0.1506,0.1256,-0.0012,-5,-32.94,31.38,356.89,-80.84,-173.39
52.39335,-1.515771,155.05,14.69,4,174.15,19 / 20,4974310,2019-09-06 20:43:00:053,-0.6263,0.2648,9.4789,-0.0166,0.0033,9.8066,-0.1211,0.0229,-0.0225,-5.94,-32.62,30.75,354.9,-80.76,-173.23
52.39335,-1.515771,155.05,14.69,4,174.15,19 / 20,4974409,2019-09-06 20:43:00:152,0.2548,1.323,9.1149,0.0046,0.0452,9.8065,-0.0743,-0.0626,0.0216,-4.87,-32.69,31,357.83,-80.78,-172.61
52.39335,-1.515771,155.05,14.69,4,174.15,19 / 20,4974510,2019-09-06 20:43:00:253,-1.7177,1.6775,10.207,0.0063,0.023,9.8066,0.1365,-0.0295,0.0036,-4.87,-32.87,30.5,357.48,-81.19,-172.92
52.39335,-1.515771,155.05,14.69,4,174.15,19 / 20,4974609,2019-09-06 20:43:00:352,0.8788,0.5228,10.3764,0.002,0.0317,9.8065,0.2406,0.0418,-0.0855,-5.06,-33.31,30.56,356.27,-81.42,-173.94
52.39335,-1.515771,155.05,14.69,4,174.15,19 / 20,4974710,2019-09-06 20:43:00:453,-0.6052,0.1743,10.4044,0.0119,0.026,9.8066,-0.016,0.0417,-0.0007,-4.87,-32.75,30,354.15,-81.27,-175.35
52.39335,-1.515771,155.05,14.69,4,174.15,19 / 20,4974810,2019-09-06 20:43:00:553,-0.3553,0.1102,9.6152,0.0086,-0.0186,9.8065,-0.02,-0.0318,0.0589,-4.62,-33.5,30.38,353.58,-81.1,-175.8
52.39335,-1.515771,155.05,14.69,4,174.15,19 / 20,4974910,2019-09-06 20:43:00:653,-0.2776,0.5973,9.4728,0.0018,-0.0138,9.8066,-0.0572,0.0242,-0.0258,-4.94,-33.31,30.63,354.23,-81.12,-175.61
52.39335,-1.515771,155.05,14.69,4,174.15,19 / 20,4975010,2019-09-06 20:43:00:753,0.1932,1.2653,10.1268,-0.003,0.0156,9.8066,0.0671,0.0257,0.0243,-5.06,-33.62,30.5,353.68,-81.27,-176.05
52.39335,-1.515771,155.05,14.69,4,174.15,19 / 20,4975110,2019-09-06 20:43:00:853,0.5241,0.2914,10.0688,-0.0108,0.0331,9.8065,-0.0968,-0.0231,0.0195,-4.94,-33.25,30.81,354.14,-81.45,-175.71
52.39335,-1.515771,155.05,14.69,4,174.15,19 / 20,4975210,2019-09-06 20:43:00:953,-0.0966,1.3834,9.7166,0.0024,-0.0328,9.8065,-0.1068,0.0007,0.0348,-4.62,-32.81,30.56,354.75,-81.18,-175.18
52.39335,-1.515771,155.05,14.69,4,174.15,19 / 20,4975310,2019-09-06 20:43:01:053,0.5449,-0.2913,10.8015,-0.0048,-0.0289,9.8066,-0.2385,-0.0621,0.1111,-5.06,-32.69,30.31,355.18,-81.12,-174.49
52.39335,-1.515771,155.05,14.69,4,174.15,19 / 20,4975409,2019-09-06 20:43:01:152,-0.8125,-0.1442,11.3208,0.0104,-0.1318,9.8057,-0.0878,0.0154,-0.0511,-5.44,-33,31.38,357.01,-81.59,-173.34
52.39335,-1.515771,155.05,14.69,4,174.15,19 / 20,4975509,2019-09-06 20:43:01:252,-1.0922,3.8731,7.7519,0.0262,-0.0692,9.8063,-0.4215,0.0755,0.0357,-5.06,-32.69,30.75,356.74,-80.97,-173.52
52.39335,-1.515771,155.05,14.69,4,174.15,19 / 20,4975610,2019-09-06 20:43:01:353,-0.5736,1.3487,8.7403,0.0125,-0.0799,9.8062,-0.451,-0.0006,0.1128,-4.87,-32.81,30.63,356.53,-80.95,-173.69
52.39335,-1.515771,155.05,14.69,4,174.15,19 / 20,4975709,2019-09-06 20:43:01:452,0.6375,1.4372,9.0453,0.0277,-0.1347,9.8057,0.1144,-0.0895,-0.0103,-4.81,-32,30.06,356.53,-80.83,-173.38
52.39335,-1.515771,155.05,14.69,4,174.15,19 / 20,4975809,2019-09-06 20:43:01:552,-0.6327,1.7104,9.2295,-0.0088,0.0427,9.8065,-0.1115,-0.0306,0.0589,-5.06,-32.56,29.38,356.03,-81.19,-173.46
52.39335,-1.515771,155.05,14.69,4,174.15,19 / 20,4975910,2019-09-06 20:43:01:653,-0.6667,1.8403,9.901,-0.0024,-0.0181,9.8066,0.2834,-0.0292,-0.0169,-4.87,-32.62,28.5,356.46,-80.99,-173.09
52.39335,-1.515771,155.05,14.69,4,174.15,19 / 20,4976010,2019-09-06 20:43:01:753,-0.7505,1.0634,9.693,-0.0115,0.0605,9.8064,0.2322,-0.0077,-0.0001,-5.37,-33.25,27.94,355.69,-80.9,-173.34
52.39335,-1.515771,155.05,14.69,4,174.15,19 / 20,4976109,2019-09-06 20:43:01:852,0.4438,-0.1055,9.9503,-0.0065,0.0383,9.8065,-0.0304,0.009,-0.0221,-6,-33.31,28.19,353.27,-81.23,-173.37
52.39335,-1.515771,155.05,14.69,4,174.15,19 / 20,4976209,2019-09-06 20:43:01:952,0.1304,0.5555,9.2757,-0.0008,0.0125,9.8066,0.0378,-0.0044,0.0085,-6.62,-35,27.5,350.38,-81.37,-173.73
52.39335,-1.515771,155.05,14.69,4,174.15,19 / 20,4976310,2019-09-06 20:43:02:053,0.1574,-0.4908,9.3484,0.0003,0.0175,9.8066,-0.0695,0.0065,-0.0541,-7.19,-35.31,26.56,350.2,-81.51,-173.36
52.39335,-1.515771,155.05,14.69,4,174.15,18 / 20,4976409,2019-09-06 20:43:02:152,-0.2752,0.7969,10.5598,0.0067,0.0149,9.8065,0.0819,-0.0015,0.0239,-7.37,-38.12,25.69,347.96,-81.72,-174.42
52.39335,-1.515771,155.05,14.69,4,174.15,18 / 20,4976510,2019-09-06 20:43:02:253,-0.237,1.0999,10.3629,0.0072,0.0042,9.8066,0.1213,0.004,-0.0347,-6.31,-42.31,25.63,349.13,-81.55,-175.26
52.39335,-1.515771,155.05,14.69,4,174.15,18 / 20,4976609,2019-09-06 20:43:02:352,0.4762,0.499,9.4386,0.0055,-0.0086,9.8066,0.0368,0.0348,-0.0534,-3.25,-47.31,28.69,357.32,-81.28,-176.08
52.39335,-1.515771,155.05,14.69,4,174.15,18 / 20,4976710,2019-09-06 20:43:02:453,0.693,0.7327,9.4509,0.0002,0.0133,9.8066,-0.0791,0.0548,-0.0137,2.69,-48.19,37.63,10,-81.24,-176.54
52.39335,-1.515771,155.05,14.69,4,174.15,18 / 20,4976810,2019-09-06 20:43:02:553,0.8495,0.4133,9.4262,-0.0008,0.0131,9.8066,-0.0461,0.0306,0.0025,7,-43.37,42.25,15.73,-81.59,-176.19
52.39335,-1.515771,155.05,14.69,4,174.15,18 / 20,4976909,2019-09-06 20:43:02:652,0.7262,1.144,9.7107,-0.0002,0.0148,9.8065,-0.111,0.0541,0.0298,10,-36.62,46,18.74,-81.8,-175.77
52.39335,-1.515771,155.05,14.69,4,174.15,18 / 20,4977010,2019-09-06 20:43:02:753,0.7096,0.5394,9.1441,-0.0085,0.0001,9.8065,-0.0436,0.0483,0.025,11.13,-26.19,46.63,20.24,-81.92,-174.62
52.39335,-1.515771,155.05,14.69,4,174.15,18 / 20,4977109,2019-09-06 20:43:02:852,0.7514,1.1613,8.7557,-0.0133,-0.0045,9.8066,0.0196,0.0182,0.0095,9.81,-18.62,43.44,20.71,-81.92,-173.8
52.39335,-1.515771,155.05,14.69,4,174.15,18 / 20,4977209,2019-09-06 20:43:02:952,0.3698,1.4665,9.6932,0.0056,0.0454,9.8065,0.0796,0.0083,0.0283,7.25,-13.06,37.13,18.65,-81.91,-173.13
52.39335,-1.515771,155.05,14.69,4,174.15,18 / 20,4977310,2019-09-06 20:43:03:053,0.7084,0.8545,10.0768,0.0007,0.0268,9.8065,0.0168,0.0468,-0.048,0.38,-12.25,26.25,8.05,-82.13,-172.53
52.39335,-1.515771,155.05,14.69,4,174.15,19 / 20,4977409,2019-09-06 20:43:03:152,0.6959,0.6672,9.3891,0.0114,-0.001,9.8065,0.0104,0.0511,-0.0142,-8.62,-18.37,17.56,336.53,-81.99,-173.85
52.39335,-1.515771,155.05,14.69,4,174.15,19 / 20,4977510,2019-09-06 20:43:03:253,-0.051,0.3142,9.2993,-0.0214,-0.0016,9.8066,0.0619,-0.0155,0.0345,-14.25,-27.12,15.69,317.62,-81.87,-173.92
52.39335,-1.515771,155.05,14.69,4,174.15,19 / 20,4977610,2019-09-06 20:43:03:353,-0.6218,0.1511,9.4128,-0.0406,0.0253,9.8065,-0.012,-0.0225,-0.043,-17.87,-33.94,19.06,315.93,-81.81,-172.89
52.39335,-1.515771,155.05,14.69,4,174.15,19 / 20,4977709,2019-09-06 20:43:03:452,-0.3009,0.3636,10.2761,-0.0196,0.0292,9.8065,0.0092,0.0207,0.0451,-17.75,-37.06,27.06,328.68,-82.2,-172.77
52.39335,-1.515771,155.05,14.69,4,174.15,19 / 20,4977810,2019-09-06 20:43:03:553,-0.7143,0.3,10.6449,0.007,-0.0158,9.8066,0.0619,-0.0212,-0.0111,-16.06,-36.56,31.63,337.7,-82.07,-172.43
52.39335,-1.515771,155.05,14.69,4,174.15,19 / 20,4977909,2019-09-06 20:43:03:652,0.7118,-0.1999,10.5012,0.0153,-0.0169,9.8065,-0.0319,-0.0318,-0.0182,-12.12,-34,33.13,344.59,-81.85,-173.19
52.39335,-1.515771,155.05,14.69,4,174.15,19 / 20,4978010,2019-09-06 20:43:03:753,-0.0246,0.489,9.6412,0.0329,-0.0232,9.8065,-0.1,0.0466,-0.0216,-9.37,-32.81,32.19,346.84,-81.5,-175.39
52.39335,-1.515771,155.05,14.69,4,174.15,19 / 20,4978110,2019-09-06 20:43:03:853,0.0035,-0.4381,9.0872,0.031,-0.0196,9.8065,-0.0383,-0.0401,-0.0722,-7.81,-33,31.44,346.19,-81.58,-177.13
52.39335,-1.515771,155.05,14.69,4,174.15,19 / 20,4978210,2019-09-06 20:43:03:953,-0.1842,-0.5272,9.0319,0.0114,0.0283,9.8065,-0.106,-0.0137,-0.0693,-6.69,-32.5,31.25,346.76,-81.82,-178.5
52.39335,-1.515771,155.05,14.69,4,174.15,19 / 20,4978310,2019-09-06 20:43:04:053,0.9413,1.1796,9.8442,0.0319,0.0163,9.8066,0.1728,-0.0804,0.0504,-5.69,-33.25,30.5,344.95,-82.16,178.16
52.39335,-1.515771,155.05,14.69,4,174.15,19 / 20,4978409,2019-09-06 20:43:04:152,-0.3754,-0.671,9.2229,-0.0077,0.0271,9.8066,0.0967,-0.1022,-0.0306,-5,-32.5,30.88,347.07,-82.3,178.1
52.39335,-1.515771,155.05,14.69,4,174.15,19 / 20,4978509,2019-09-06 20:43:04:252,1.0535,-0.0063,9.9371,-0.0121,-0.0016,9.8065,0.1077,-0.031,0.0588,-4.81,-32.87,30.75,347.56,-82.2,178.59
52.39335,-1.515771,155.05,14.69,4,174.15,19 / 20,4978610,2019-09-06 20:43:04:353,-0.0894,-0.4987,10.2645,-0.0162,0.0185,9.8065,0.1219,0.0165,0.056,-4.31,-32.37,31.31,350.12,-82.13,178.95
52.39335,-1.515771,155.05,14.69,4,174.15,19 / 20,4978709,2019-09-06 20:43:04:452,-0.6851,-0.9287,10.8147,-0.0153,0.0216,9.8066,-0.0551,0.1547,-0.0566,-4.56,-31.87,31.31,349.94,-82.27,-179.44
52.39335,-1.515771,155.05,14.69,4,174.15,19 / 20,4978810,2019-09-06 20:43:04:553,2.2515,-1.4132,11.8722,0.0124,-0.072,9.8064,0.2622,-0.1249,0.1553,-5.12,-32.25,30.25,349.5,-82.02,-179.41
52.39335,-1.515771,155.05,14.69,4,174.15,19 / 20,4978909,2019-09-06 20:43:04:652,0.8894,-0.1341,8.8814,-0.0305,0.0068,9.8066,-0.6426,-0.0794,-0.0721,-4.75,-32.19,30.19,353.36,-82.29,-176.18
52.39335,-1.515771,155.05,14.69,4,174.15,19 / 20,4979009,2019-09-06 20:43:04:752,-0.1005,-1.4913,9.0732,0.0383,-0.1887,9.8047,-0.3359,0.0017,0.1996,-5.19,-32.87,29.94,351.75,-81.59,-177.4
52.39335,-1.515771,155.05,14.69,4,174.15,19 / 20,4979110,2019-09-06 20:43:04:853,0.0116,-2.6695,9.7772,0.019,-0.1522,9.8054,-0.3149,0.0087,-0.0311,-5.19,-32.94,29.69,354.26,-81.79,-175.33
52.39335,-1.515771,155.05,14.69,4,174.15,19 / 20,4979210,2019-09-06 20:43:04:953,-0.0769,1.6488,9.4675,-0.002,-0.0054,9.8066,-0.304,-0.0084,0.0502,-5.06,-33.37,29.81,355.62,-82.3,-174.25
52.39335,-1.515771,155.05,14.69,4,174.15,19 / 20,4979310,2019-09-06 20:43:05:053,-0.7276,0.4843,10.16,0.0079,-0.0811,9.8063,-0.2382,0.0122,0.0062,-4.87,-33.25,30.19,355.97,-82.06,-173.93
52.39335,-1.515771,155.05,14.69,4,174.15,18 / 19,4979409,2019-09-06 20:43:05:152,-0.4363,1.3014,9.7191,-0.0059,0.0472,9.8065,0.231,-0.0211,-0.0248,-4.75,-31.94,30.75,355.62,-82.12,-174.56
52.39335,-1.515771,155.05,14.69,4,174.15,18 / 19,4979509,2019-09-06 20:43:05:252,0.6265,-1.6696,10.2546,-0.0076,0.0653,9.8064,-0.0566,-0.0286,-0.0369,-4.94,-32.56,30.75,354.7,-81.93,-175.31
52.39335,-1.515771,155.05,14.69,4,174.15,18 / 19,4979609,2019-09-06 20:43:05:352,-0.7268,-0.3662,10.1602,0.0091,0.0002,9.8066,0.0268,-0.0165,0.0297,-4.5,-32.75,30.56,356.86,-81.97,-175.29
52.39335,-1.515771,155.05,14.69,4,174.15,18 / 19,4979709,2019-09-06 20:43:05:452,0.9735,-0.2958,9.9823,-0.0074,0.0232,9.8066,-0.1824,-0.0322,0.0655,-4.69,-33.19,30.38,354.03,-82.3,-175.59
52.39335,-1.515771,155.05,14.69,4,174.15,18 / 19,4979810,2019-09-06 20:43:05:553,-0.2143,0.0546,9.7767,-0.0064,-0.0483,9.8064,-0.0962,-0.0008,0.0181,-4.56,-32.5,30.69,355.8,-82.2,-174.42
52.39335,-1.515771,155.05,14.69,4,174.15,18 / 19,4979909,2019-09-06 20:43:05:652,0.2193,0.4832,9.0867,0.0063,-0.0346,9.8066,0.1117,-0.0313,0.0166,-5.12,-32.94,30.25,355.93,-82.2,-173.97
52.39335,-1.515771,155.05,14.69,4,174.15,18 / 19,4980010,2019-09-06 20:43:05:753,-0.3255,0.3794,9.8833,-0.0142,0.0254,9.8065,0.0135,-0.0137,0.0065,-5.19,-32.94,29.63,357.79,-82.31,-172.41
52.39335,-1.515771,155.05,14.69,4,174.15,18 / 19,4980110,2019-09-06 20:43:05:853,-0.2737,0.2467,10.2586,-0.0113,0.0277,9.8065,-0.0038,-0.0394,0.0613,-5.06,-33.37,29.94,358.44,-82.38,-171.86
52.39335,-1.515771,155.05,14.69,4,174.15,18 / 19,4980210,2019-09-06 20:43:05:953,0.0718,0.4158,10.2388,-0.0114,-0.0059,9.8066,0.0223,-0.005,-0.0227,-5.37,-32.87,30.63,359.21,-82.35,-171.51
52.39335,-1.515771,155.05,14.69,4,174.15,18 / 19,4980310,2019-09-06 20:43:06:053,0.4467,-0.338,9.8607,-0.0012,0.0088,9.8066,0.0572,-0.0454,0.0225,-5.19,-33.06,30.44,359.62,-82.36,-170.86
52.39335,-1.515771,155.05,14.69,4,174.15,18 / 20,4980409,2019-09-06 20:43:06:152,-0.3588,0.4369,10.1812,-0.0016,0.0062,9.8066,-0.023,-0.007,-0.0027,-4.62,-32.31,30.69,0.91,-82.31,-170.06
52.39335,-1.515771,155.05,14.69,4,174.15,18 / 20,4980510,2019-09-06 20:43:06:253,0.4282,-0.568,10.2877,-0.0024,0,9.8066,0.1067,-0.0169,0.0526,-5.5,-33.37,30.75,0.79,-82.31,-170.17
52.39335,-1.515771,155.05,14.69,4,174.15,18 / 20,4980610,2019-09-06 20:43:06:353,-0.1599,-0.7444,10.366,-0.004,-0.0129,9.8066,0.0718,0.028,-0.019,-5.12,-32.5,30.5,1.27,-82.24,-169.75
52.39335,-1.515771,155.05,14.69,4,174.15,18 / 20,4980709,2019-09-06 20:43:06:452,0.1587,-0.1982,9.8581,0.0029,0.002,9.8066,-0.0383,0.0178,0.0007,-5.12,-32.94,30.25,0.82,-82.22,-169.85
52.39335,-1.515771,155.05,14.69,4,174.15,18 / 20,4980810,2019-09-06 20:43:06:553,-0.3216,0.2622,10.0084,-0.0062,0.0055,9.8066,-0.0258,-0.0344,-0.0006,-5.31,-32.75,29.94,1.77,-82.37,-169.03
52.39335,-1.515771,155.05,14.69,4,174.15,18 / 20,4980909,2019-09-06 20:43:06:652,0.2352,0.8515,10.0874,0.0006,-0.0009,9.8066,0.0503,-0.0126,0.0187,-5.5,-33.12,30.31,2.27,-82.44,-168.61
52.39335,-1.515771,155.05,14.69,4,174.15,18 / 20,4981009,2019-09-06 20:43:06:752,-0.2214,0.9596,9.7511,-0.0031,0,9.8066,0.0844,-0.0129,0.0361,-5.56,-33,29.94,359.83,-82.51,-168.83
52.39335,-1.515771,155.05,14.69,4,174.15,18 / 20,4981109,2019-09-06 20:43:06:852,-0.7631,1.6933,10.0261,-0.0043,0.004,9.8066,0.0109,0.0197,-0.0227,-5.06,-33.25,29.13,2.25,-82.5,-168.32
52.39335,-1.515771,155.05,14.69,4,174.15,18 / 20,4981210,2019-09-06 20:43:06:953,0.0812,0.9164,9.446,-0.0045,0.0112,9.8066,0.0278,0.0122,0.0158,-5.12,-32.69,30.13,2.73,-82.45,-168.22
52.39335,-1.515771,155.05,14.69,4,174.15,18 / 20,4981309,2019-09-06 20:43:07:052,-0.3606,0.4996,9.8642,-0.0039,-0.0103,9.8066,0.045,0.0197,-0.0134,-5.06,-33.19,29.56,3.36,-82.43,-167.68
52.39335,-1.515771,155.05,14.69,4,174.15,19 / 20,4981410,2019-09-06 20:43:07:153,-0.0466,0.7835,10.1473,-0.0035,-0.0017,9.8066,0.0705,-0.0091,0.0527,-5.37,-32.87,30.13,4.22,-82.35,-166.96
52.39335,-1.515771,155.05,14.69,4,174.15,19 / 20,4981509,2019-09-06 20:43:07:252,0.2519,0.51,9.6434,-0.003,-0.0239,9.8066,0.0412,0.0255,-0.0053,-5.31,-32.31,30.44,4.72,-82.18,-166.54
52.39335,-1.515771,155.05,14.69,4,174.15,19 / 20,4981610,2019-09-06 20:43:07:353,-1.9263,-0.6779,11.9216,-0.0107,-0.0046,9.8066,0.2633,-0.0835,0.0021,-6.06,-32.37,30.38,3.4,-82.13,-165.81
52.39335,-1.515771,155.05,14.69,4,174.15,19 / 20,4981710,2019-09-06 20:43:07:453,-2.2045,-2.8427,11.2134,-0.0052,0.145,9.8055,-0.6146,0.1531,-0.0359,-5.75,-33.19,30.69,3.03,-82.61,-166.45
52.39335,-1.515771,155.05,14.69,4,174.15,19 / 20,4981809,2019-09-06 20:43:07:552,-0.4955,0.3741,8.5342,0.0189,-0.1253,9.8058,0.0401,-0.0654,0.0531,-6.12,-32.75,30.19,3.21,-82.67,-165.95
52.39335,-1.515771,155.05,14.69,4,174.15,19 / 20,4981910,2019-09-06 20:43:07:653,3.0972,-0.9617,9.2445,0.0278,-0.0308,9.8065,-0.6108,-0.1532,0.1072,-6.31,-33.12,30.13,4.35,-82.31,-165.01
52.39335,-1.515771,155.05,14.69,4,174.15,19 / 20,4982009,2019-09-06 20:43:07:752,-0.2494,-1.1097,11.1017,0.0232,-0.1348,9.8056,-0.3117,0.0787,0.0467,-6.12,-33.06,29.81,3.22,-81.91,-165.99
52.39335,-1.515771,155.05,14.69,4,174.15,19 / 20,4982110,2019-09-06 20:43:07:853,-0.8511,1.8355,9.1353,0.0269,-0.1272,9.8057,0.0457,-0.0268,-0.0435,-6.25,-33.19,30.38,3.34,-81.93,-165.89
52.39335,-1.515771,155.05,14.69,4,174.15,19 / 20,4982210,2019-09-06 20:43:07:953,0.5906,0.2948,9.3447,-0.0041,0.0359,9.8065,0.0068,0.0427,-0.0511,-6,-32.94,30.69,3.53,-82.2,-166.05
52.39335,-1.515771,155.05,14.69,4,174.15,19 / 20,4982310,2019-09-06 20:43:08:053,-0.8474,0.5627,9.7812,0.011,0.0035,9.8066,0.0387,0.069,-0.0168,-6,-32.62,30.63,2.48,-82.1,-166.94
52.39222,-1.515618,154.62,13.14,4,174.75,18 / 20,4982409,2019-09-06 20:43:08:152,-0.258,1.7999,9.897,-0.0063,0.0125,9.8066,0.0763,-0.0044,0.0116,-5.69,-32.87,30.63,2.22,-82.23,-167.16
52.39222,-1.515618,154.62,13.14,4,174.75,18 / 20,4982510,2019-09-06 20:43:08:253,0.0245,-0.2903,9.4321,0.0043,0.0107,9.8066,0.0964,0.0083,0.0382,-5.62,-33,31,0.89,-82.35,-168.29
52.39222,-1.515618,154.62,13.14,4,174.75,18 / 20,4982610,2019-09-06 20:43:08:353,-0.2436,0.776,9.6195,-0.0151,0.0191,9.8066,-0.1874,-0.0107,-0.016,-5.37,-32.62,30.5,3.83,-82.41,-167.57
52.39222,-1.515618,154.62,13.14,4,174.75,18 / 20,4982710,2019-09-06 20:43:08:453,-0.4868,-0.0019,9.9302,0.0028,-0.0438,9.8064,-0.1728,0.0214,0.0087,-5.81,-33.25,30.56,2.65,-82.26,-166.79
52.39222,-1.515618,154.62,13.14,4,174.75,18 / 20,4982810,2019-09-06 20:43:08:553,-0.7127,1.5693,9.6188,-0.0072,0.02,9.8066,0.0656,0.0358,-0.052,-6,-33.12,30.25,2.38,-82.37,-166.67
52.39222,-1.515618,154.62,13.14,4,174.75,18 / 20,4982909,2019-09-06 20:43:08:652,0.5452,-0.1658,9.8084,0.0022,0.0182,9.8066,0.0342,-0.0655,0.036,-5.69,-32.81,30.56,2.83,-82.34,-166.63
52.39222,-1.515618,154.62,13.14,4,174.75,18 / 20,4983010,2019-09-06 20:43:08:753,0.7873,0.4408,9.7075,0.0105,0.0163,9.8066,-0.0274,-0.0037,-0.0252,-5.5,-33.19,30,4.04,-82.49,-167.11
52.39222,-1.515618,154.62,13.14,4,174.75,18 / 20,4983110,2019-09-06 20:43:08:853,0.0585,1.3081,10.0903,0.0096,-0.015,9.8066,-0.0821,-0.0422,-0.0689,-5.25,-33.19,30.63,2.95,-82.55,-168.31
52.39222,-1.515618,154.62,13.14,4,174.75,18 / 20,4983210,2019-09-06 20:43:08:953,-0.3588,1.2844,10.3812,0.018,-0.0114,9.8066,0.0216,0.0309,0.047,-5.37,-33.12,30.06,1.62,-82.66,-169.15
52.39222,-1.515618,154.62,13.14,4,174.75,18 / 20,4983309,2019-09-06 20:43:09:052,-0.4415,0.5069,9.9854,-0.0011,0.0057,9.8066,0.0528,-0.0193,-0.0315,-5.06,-33.12,29.75,0.89,-82.74,-169.78
52.39222,-1.515618,154.62,13.14,4,174.75,19 / 20,4983410,2019-09-06 20:43:09:153,-1.0576,1.2024,10.194,0.0087,-0.0117,9.8066,0.0164,0.0753,-0.0311,-5.69,-33.37,30.25,357.54,-82.7,-170.8
52.39222,-1.515618,154.62,13.14,4,174.75,19 / 20,4983509,2019-09-06 20:43:09:252,-0.2394,1.9776,9.9748,0.0026,-0.0079,9.8066,0.052,-0.0011,0.045,-5.25,-32.94,30.69,0.24,-82.74,-170.63
52.39222,-1.515618,154.62,13.14,4,174.75,19 / 20,4983610,2019-09-06 20:43:09:353,-0.6831,1.2266,9.9461,0.0036,0.0302,9.8065,0.0411,-0.0342,-0.0267,-5.44,-33,30.63,358.32,-82.92,-172.29
52.39222,-1.515618,154.62,13.14,4,174.75,19 / 20,4983710,2019-09-06 20:43:09:453,-1.1813,-0.6106,9.8339,-0.0181,0.0321,9.8065,0.0852,-0.041,0.1168,-5.25,-33.25,30.5,359.6,-82.9,-171.18
52.39222,-1.515618,154.62,13.14,4,174.75,19 / 20,4983810,2019-09-06 20:43:09:553,-0.0247,1.8727,9.7831,0.0056,-0.0096,9.8066,-0.0239,0.0086,-0.0507,-5.37,-32.75,30.38,359.01,-82.91,-171.39
52.39222,-1.515618,154.62,13.14,4,174.75,19 / 20,4983910,2019-09-06 20:43:09:653,0.3608,0.4459,9.5473,-0.008,0.003,9.8066,0.0941,0.0283,0.0623,-5,-33.19,30.44,359.55,-82.88,-170.92
52.39222,-1.515618,154.62,13.14,4,174.75,19 / 20,4984009,2019-09-06 20:43:09:752,-1.499,-0.2707,9.7018,0.0062,-0.0217,9.8066,0.0508,-0.0908,-0.0177,-5.62,-33.37,30.44,357.55,-82.76,-170.79
52.39222,-1.515618,154.62,13.14,4,174.75,19 / 20,4984109,2019-09-06 20:43:09:852,-0.0538,1.2611,9.2758,-0.0079,-0.0179,9.8065,0.0665,0.0075,0.0956,-5.75,-32.94,30.69,358.5,-82.73,-170.33
52.39222,-1.515618,154.62,13.14,4,174.75,19 / 20,4984210,2019-09-06 20:43:09:953,-0.5855,0.2022,10.0866,0.001,0.0142,9.8066,-0.0624,0.0334,-0.0685,-5.25,-32.5,30.75,0.75,-82.77,-170.19
52.39222,-1.515618,154.62,13.14,4,174.75,19 / 20,4984309,2019-09-06 20:43:10:052,-1.598,0.5593,9.5823,-0.0164,0.0185,9.8066,0.0234,-0.0369,0.0769,-5.69,-33.19,30.5,359.97,-82.85,-169.07
52.39222,-1.515618,154.62,13.14,4,174.75,19 / 20,4984410,2019-09-06 20:43:10:153,-0.1781,1.7608,9.7246,0.0054,0.0274,9.8065,0.0643,-0.0118,-0.0373,-6.25,-32.69,30,358.79,-83.08,-169.73
52.39222,-1.515618,154.62,13.14,4,174.75,19 / 20,4984510,2019-09-06 20:43:10:253,0.0421,1.3512,10.1164,0.0055,-0.0162,9.8066,0.1172,-0.0438,0.0172,-5.87,-33.37,30.13,358.72,-83.09,-169.8
52.39222,-1.515618,154.62,13.14,4,174.75,19 / 20,4984609,2019-09-06 20:43:10:352,-0.6863,0.0457,10.0214,0.0056,-0.0167,9.8066,-0.0501,-0.0209,0.0023,-5.94,-33.06,29.88,357.96,-82.96,-170.45
52.39222,-1.515618,154.62,13.14,4,174.75,19 / 20,4984710,2019-09-06 20:43:10:453,-0.3916,2.4057,9.8672,0.0045,-0.0217,9.8066,-0.0022,-0.0262,0.0176,-5.37,-32.69,30.94,0.57,-82.84,-170.35
52.39222,-1.515618,154.62,13.14,4,174.75,19 / 20,4984810,2019-09-06 20:43:10:553,-0.0138,2.3369,9.3771,-0.0134,0.0225,9.8066,0.1681,-0.0587,0.0478,-6,-33.69,30.06,358.68,-82.79,-169.82
52.39222,-1.515618,154.62,13.14,4,174.75,19 / 20,4984910,2019-09-06 20:43:10:653,0.1455,-0.2569,10.7199,-0.0196,0.0837,9.8063,0.1604,-0.0003,-0.0192,-5.69,-33.25,30.31,0.14,-83.23,-168.56
52.39222,-1.515618,154.62,13.14,4,174.75,19 / 20,4985010,2019-09-06 20:43:10:753,-0.5511,0.7532,10.6346,0.0297,-0.0529,9.8064,-0.2002,0.0532,-0.0787,-5.44,-32.75,29.81,1.17,-82.93,-169.53
52.39222,-1.515618,154.62,13.14,4,174.75,19 / 20,4985110,2019-09-06 20:43:10:853,-1.1142,-0.1793,9.6526,0.0195,-0.0198,9.8065,-0.305,0.1019,0.0481,-5.62,-33.25,30.31,357.1,-83.03,-171.19
52.39222,-1.515618,154.62,13.14,4,174.75,19 / 20,4985210,2019-09-06 20:43:10:953,-0.7957,0.8452,10.0977,0.0055,0.0045,9.8066,0.0653,0.0494,-0.0402,-5.44,-33.5,30.38,358.7,-83.04,-171.66
52.39222,-1.515618,154.62,13.14,4,174.75,19 / 20,4985309,2019-09-06 20:43:11:052,-0.8825,1.1882,10.204,0.0042,-0.0099,9.8066,0.1591,-0.015,-0.0064,-5.87,-32.81,29.38,355.7,-83,-171.99
52.39222,-1.515618,154.62,13.14,4,174.75,19 / 20,4985410,2019-09-06 20:43:11:153,0.2149,1.2158,10.4265,-0.0006,-0.002,9.8066,-0.0958,0.0266,0.044,-6.12,-32.69,30.19,355.9,-82.99,-172.22
52.39222,-1.515618,154.62,13.14,4,174.75,19 / 20,4985509,2019-09-06 20:43:11:252,-0.0419,0.5541,9.749,-0.0092,0.0259,9.8066,-0.0981,0.0291,0.0167,-6.75,-32.81,29.94,354.28,-83.08,-171.81
52.39222,-1.515618,154.62,13.14,4,174.75,19 / 20,4985609,2019-09-06 20:43:11:352,-1.8198,2.2014,9.291,0.0008,-0.0023,9.8066,0.0271,0.0945,-0.0701,-6.19,-33.06,29.69,356.79,-83.21,-171.47
52.39222,-1.515618,154.62,13.14,4,174.75,19 / 20,4985710,2019-09-06 20:43:11:453,-0.3486,2.265,9.4607,0.0134,-0.0153,9.8065,0.052,-0.0343,0.0422,-6.44,-32.81,30.56,356.17,-83.31,-172.38
52.39222,-1.515618,154.62,13.14,4,174.75,19 / 20,4985810,2019-09-06 20:43:11:553,0.3924,0.3817,10.2583,-0.0082,0.027,9.8066,0.0974,-0.1018,0.0217,-6.25,-33.25,30.13,353.99,-83.33,-173.91
52.39222,-1.515618,154.62,13.14,4,174.75,19 / 20,4985910,2019-09-06 20:43:11:653,0.7319,0.3369,10.3011,-0.0085,0.0347,9.8066,0.0973,0.0983,-0.0321,-5.87,-32.81,30.75,355.13,-83.4,-173.3
52.39222,-1.515618,154.62,13.14,4,174.75,19 / 20,4986010,2019-09-06 20:43:11:753,-0.742,1.3217,10.301,0.0137,-0.0366,9.8066,-0.1932,0.1143,-0.0043,-5.75,-32.81,30.56,356.08,-83.26,-172.45
52.39222,-1.515618,154.62,13.14,4,174.75,19 / 20,4986109,2019-09-06 20:43:11:852,-0.0673,2.0512,9.5751,-0.0007,-0.0376,9.8066,-0.2317,0.0294,0.0392,-5.81,-33.25,30.13,356.51,-83.3,-171.72
52.39222,-1.515618,154.62,13.14,4,174.75,19 / 20,4986209,2019-09-06 20:43:11:952,0.0792,2.8838,9.6026,-0.0125,0.002,9.8066,0.1051,-0.0544,0.0084,-5.5,-32.69,29.88,0.62,-83.44,-170
52.39222,-1.515618,154.62,13.14,4,174.75,19 / 20,4986309,2019-09-06 20:43:12:052,-0.9511,2.9623,9.7476,0.0131,-0.0357,9.8066,-0.0041,0.0028,-0.0084,-6.25,-33,30.63,358.23,-83.25,-170.59
52.39222,-1.515618,154.62,13.14,4,174.75,19 / 20,4986410,2019-09-06 20:43:12:153,0.8896,1.3269,8.9157,-0.0164,0.04,9.8065,0.0927,-0.004,0.1312,-5.87,-32.94,30.13,357.09,-83.14,-171.21
52.39222,-1.515618,154.62,13.14,4,174.75,19 / 20,4986510,2019-09-06 20:43:12:253,-0.1497,1.3333,9.6098,-0.0167,0.0423,9.8065,0.0673,-0.0097,-0.0273,-6.87,-33.81,30,357.21,-83.44,-169.28
52.39222,-1.515618,154.62,13.14,4,174.75,19 / 20,4986610,2019-09-06 20:43:12:353,0.4415,2.4759,10.5669,-0.0263,0.0213,9.8066,-0.041,-0.0474,0.1048,-6.37,-33.25,29.69,3.04,-83.71,-166.03
52.39222,-1.515618,154.62,13.14,4,174.75,19 / 20,4986710,2019-09-06 20:43:12:453,-0.1551,1.3412,10.2796,0.0218,0.0178,9.8066,0.0225,0.078,-0.0937,-6.87,-33.25,30.81,0.44,-83.76,-166.88
52.39222,-1.515618,154.62,13.14,4,174.75,19 / 20,4986809,2019-09-06 20:43:12:552,0.88,-1.6468,9.2507,0.0123,-0.0118,9.8066,-0.0566,-0.0203,0.0114,-6.44,-33.06,30.19,358.76,-83.59,-169.77
52.39222,-1.515618,154.62,13.14,4,174.75,19 / 20,4986909,2019-09-06 20:43:12:652,-0.7592,2.372,8.8155,0.0064,-0.0308,9.8066,-0.0648,0.0182,0.0478,-6.87,-33.5,29.63,356.61,-83.47,-169.82
52.39222,-1.515618,154.62,13.14,4,174.75,19 / 20,4987010,2019-09-06 20:43:12:753,0.2266,1.0976,9.8517,-0.0166,0.0265,9.8066,-0.0661,-0.016,0,-6.56,-32.56,30.06,357.78,-83.59,-168.81
52.39222,-1.515618,154.62,13.14,4,174.75,19 / 20,4987109,2019-09-06 20:43:12:852,-0.5821,2.0353,10.073,0.0153,0.0202,9.8065,-0.0262,0.0012,-0.0869,-6.25,-33.5,29.38,359.35,-83.97,-168.88
52.39222,-1.515618,154.62,13.14,4,174.75,19 / 20,4987210,2019-09-06 20:43:12:953,2.2082,1.6864,9.268,-0.0034,0.0089,9.8066,0.076,-0.0204,0.044,-6.56,-33.19,29.31,355.76,-84.08,-170.17
52.39222,-1.515618,154.62,13.14,4,174.75,19 / 20,4987310,2019-09-06 20:43:13:053,-0.8256,1.2996,9.9842,0.0093,-0.009,9.8065,-0.012,0.1429,-0.086,-6.87,-33.37,29.63,354.67,-83.99,-171.57
52.39222,-1.515618,154.62,13.14,4,174.75,19 / 20,4987409,2019-09-06 20:43:13:152,-1.5067,1.5395,10.251,0.0174,-0.0299,9.8065,-0.0725,0.1858,-0.0692,-6.94,-33.69,29.5,355.77,-84.01,-170.59
52.39222,-1.515618,154.62,13.14,4,174.75,19 / 20,4987510,2019-09-06 20:43:13:253,0.3293,1.3507,9.1066,0.006,-0.008,9.8066,-0.0774,0.0291,-0.02,-6.94,-33.37,29.56,354.44,-84,-171.78
52.39222,-1.515618,154.62,13.14,4,174.75,19 / 20,4987609,2019-09-06 20:43:13:352,1.1232,2.3127,9.1358,-0.0039,0.0147,9.8066,0.0113,0.0488,0.0597,-7.19,-33.44,29.31,353.2,-84.25,-172.44
52.39222,-1.515618,154.62,13.14,4,174.75,19 / 20,4987710,2019-09-06 20:43:13:453,-0.2973,1.931,10.0479,-0.0046,0.0034,9.8066,-0.0006,0.0561,0.0371,-6.94,-33.31,29.06,353.97,-84.27,-171.76
52.39222,-1.515618,154.62,13.14,4,174.75,19 / 20,4987809,2019-09-06 20:43:13:552,-0.1089,0.071,10.4735,-0.0193,0.0299,9.8066,-0.0666,0.1484,-0.0279,-7.44,-33.75,29.56,356.83,-84.58,-169.69
52.39222,-1.515618,154.62,13.14,4,174.75,19 / 20,4987909,2019-09-06 20:43:13:652,0.0307,1.0123,10.1611,-0.0324,0.035,9.8065,0.0869,0.1284,0.0459,-7.69,-33.25,29.38,357.27,-84.61,-167.02
52.39222,-1.515618,154.62,13.14,4,174.75,19 / 20,4988009,2019-09-06 20:43:13:752,0.5758,1.752,9.7486,0.0082,-0.0529,9.8064,-0.1178,0.1021,-0.0028,-7.87,-33.25,29.75,358.14,-84.59,-166.74
52.39222,-1.515618,154.62,13.14,4,174.75,19 / 20,4988110,2019-09-06 20:43:13:853,0.1689,1.7993,9.1047,0.0042,-0.0407,9.8065,-0.0436,0.1138,0.0362,-8.06,-33.25,28.69,358.82,-84.27,-165.62
52.39222,-1.515618,154.62,13.14,4,174.75,19 / 20,4988210,2019-09-06 20:43:13:953,-0.4147,1.9778,9.1607,-0.0006,0.0291,9.8066,0.0094,0.1127,-0.0607,-8.75,-33.31,29.38,356.03,-84.61,-166.3
52.39222,-1.515618,154.62,13.14,4,174.75,19 / 20,4988310,2019-09-06 20:43:14:053,0.2364,2.4016,9.7011,-0.0056,0.0011,9.8066,0.057,0.084,-0.0154,-8.69,-33.81,29.31,356.95,-84.65,-165.47
52.39222,-1.515618,154.62,13.14,4,174.75,19 / 20,4988410,2019-09-06 20:43:14:153,-0.0369,2.2526,9.9706,-0.0158,0.0274,9.8065,0.0432,0.1116,0.0151,-8.31,-33.87,29.25,358.84,-84.87,-165.62
52.39222,-1.515618,154.62,13.14,4,174.75,19 / 20,4988509,2019-09-06 20:43:14:252,-0.136,1.3084,10.0351,-0.0189,0.0241,9.8066,0.0755,0.1531,-0.048,-8.87,-32.81,28.56,359.39,-85.07,-163.31
52.39222,-1.515618,154.62,13.14,4,174.75,19 / 20,4988610,2019-09-06 20:43:14:353,-0.3566,0.8196,9.6324,-0.0019,0.0251,9.8065,0.0984,0.0924,0.0319,-8.87,-33.87,28.69,359.7,-85.17,-163.03
52.39222,-1.515618,154.62,13.14,4,174.75,19 / 20,4988710,2019-09-06 20:43:14:453,0.5426,2.0532,9.9926,-0.0067,0.0201,9.8066,-0.0378,0.1095,-0.011,-9.75,-33.94,28.69,357.8,-85.2,-162.96
52.39222,-1.515618,154.62,13.14,4,174.75,19 / 20,4988810,2019-09-06 20:43:14:553,-0.4647,1.598,9.699,0.0056,-0.0226,9.8066,-0.101,0.0581,0.0694,-9.75,-33.44,28.5,357.73,-85.16,-163.03
52.39222,-1.515618,154.62,13.14,4,174.75,19 / 20,4988909,2019-09-06 20:43:14:652,0.2168,2.5915,9.89,-0.0024,-0.0243,9.8066,0.0834,0.1096,0.0389,-10.12,-33.81,28.81,0.28,-85.21,-160.72
52.39222,-1.515618,154.62,13.14,4,174.75,19 / 20,4989010,2019-09-06 20:43:14:753,-1.1645,0.9716,9.6934,-0.0253,0.0398,9.8065,0.0526,0.061,0.044,-10.87,-34.31,28.69,3.03,-85.3,-156.48
52.39222,-1.515618,154.62,13.14,4,174.75,19 / 20,4989109,2019-09-06 20:43:14:852,0.5578,2.2057,9.6419,-0.0161,0.0175,9.8066,-0.0344,0.188,-0.0658,-10.94,-33.69,27.81,5.79,-85.54,-153.29
52.39222,-1.515618,154.62,13.14,4,174.75,19 / 20,4989209,2019-09-06 20:43:14:952,-0.8315,0.8251,9.6835,-0.0086,-0.0032,9.8066,0.0767,0.0838,0.0496,-11.44,-33,28.63,6.16,-85.59,-153.59
52.39222,-1.515618,154.62,13.14,4,174.75,19 / 20,4989310,2019-09-06 20:43:15:053,1.4564,1.4698,9.6094,-0.0017,-0.0113,9.8066,0.028,0.0702,0.0323,-12.31,-33.75,28.13,5.18,-85.44,-152.09
52.39222,-1.515618,154.62,13.14,4,174.75,19 / 20,4989410,2019-09-06 20:43:15:153,0.3447,1.4648,9.5413,-0.0047,-0.0015,9.8066,0.0979,0.1315,0.0187,-11.62,-33.44,27.69,4.9,-85.42,-152.34
52.39222,-1.515618,154.62,13.14,4,174.75,19 / 20,4989510,2019-09-06 20:43:15:253,0.0891,0.7142,10.0343,0.0036,-0.0164,9.8066,-0.0158,0.1388,0.0347,-12.69,-33.5,27.88,5.11,-85.37,-150.44
52.39222,-1.515618,154.62,13.14,4,174.75,19 / 20,4989609,2019-09-06 20:43:15:352,-0.0302,1.4032,9.8204,-0.0149,-0.0191,9.8066,-0.0514,0.1315,0.0323,-12.31,-32.94,28.44,8.49,-85.18,-149.11
52.39222,-1.515618,154.62,13.14,4,174.75,19 / 20,4989710,2019-09-06 20:43:15:453,0.2305,1.0619,9.5689,-0.0047,-0.0208,9.8066,-0.0336,0.1169,0.0358,-12.56,-33.44,27.81,8.79,-85.09,-147.14
52.39222,-1.515618,154.62,13.14,4,174.75,19 / 20,4989809,2019-09-06 20:43:15:552,-0.9546,1.0736,9.7159,-0.0022,0.01,9.8066,-0.1153,0.0915,0.042,-13.19,-33.44,27.63,11.67,-85.2,-144.5
52.39222,-1.515618,154.62,13.14,4,174.75,19 / 20,4989909,2019-09-06 20:43:15:652,-0.0711,1.5292,10.0017,-0.0035,-0.0051,9.8066,0.1295,0.1298,0.0131,-13.69,-33.25,27.31,10.65,-85.25,-142.93
52.39222,-1.515618,154.62,13.14,4,174.75,19 / 20,4990010,2019-09-06 20:43:15:753,-0.238,1.1078,9.7111,-0.0234,0.0272,9.8066,0.0988,0.1206,0.0112,-13.75,-33,27.63,13.2,-85.28,-141.41
52.39222,-1.515618,154.62,13.14,4,174.75,19 / 20,4990110,2019-09-06 20:43:15:853,0.1054,0.5315,9.6329,-0.0225,0.0235,9.8065,-0.0623,0.1326,-0.0001,-14.25,-32.75,27.25,16.32,-85.41,-137.72
52.39222,-1.515618,154.62,13.14,4,174.75,19 / 20,4990209,2019-09-06 20:43:15:952,-0.2813,0.6,9.9396,-0.0009,-0.0025,9.8066,-0.0137,0.117,0.0233,-14.5,-33.06,26.63,18.14,-85.43,-136.05
52.39222,-1.515618,154.62,13.14,4,174.75,19 / 20,4990310,2019-09-06 20:43:16:053,-0.5704,1.2145,10.3295,-0.004,-0.0069,9.8066,0.0069,0.1013,-0.0018,-14.94,-32.81,26.38,17.14,-85.47,-134.39
52.39222,-1.515618,154.62,13.14,4,174.75,19 / 20,4990410,2019-09-06 20:43:16:153,-0.2898,1.197,9.7007,0.0014,0.0123,9.8066,0.0162,0.1159,0.0069,-15.19,-33.25,26.81,19.14,-85.53,-133.42
52.39222,-1.515618,154.62,13.14,4,174.75,19 / 20,4990509,2019-09-06 20:43:16:252,-0.6249,1.0536,9.6708,-0.0075,0.0076,9.8066,0.0079,0.1017,-0.0296,-15.12,-32.56,26.44,17.68,-85.47,-133.91
52.39222,-1.515618,154.62,13.14,4,174.75,19 / 20,4990609,2019-09-06 20:43:16:352,-0.5576,0.754,9.4527,-0.0069,0.0212,9.8066,0.0116,0.0986,0.0133,-14.94,-33.19,26.25,18.53,-85.5,-133.11
52.39222,-1.515618,154.62,13.14,4,174.75,19 / 20,4990709,2019-09-06 20:43:16:452,-0.5756,0.76,9.696,-0.0062,0.0166,9.8066,-0.0528,0.1149,-0.039,-15.44,-33.06,25.75,20.73,-85.73,-131
52.39222,-1.515618,154.62,13.14,4,174.75,19 / 20,4990810,2019-09-06 20:43:16:553,-0.988,0.9551,10.1619,0.0069,0.0037,9.8066,0.0175,0.113,0.0002,-15.75,-33.44,25.75,19.58,-85.94,-130.33
52.39222,-1.515618,154.62,13.14,4,174.75,19 / 20,4990910,2019-09-06 20:43:16:653,-0.4588,1.1617,10.2793,0.0066,0.0062,9.8066,-0.0134,0.0913,-0.0211,-15.87,-33.12,25.88,19.19,-86.06,-130.65
52.39222,-1.515618,154.62,13.14,4,174.75,19 / 20,4991010,2019-09-06 20:43:16:753,-0.2468,1.3937,10.2908,0.0063,-0.0042,9.8066,-0.0352,0.0903,-0.0254,-16.31,-33.19,25.5,17.65,-86.13,-132.05
52.39222,-1.515618,154.62,13.14,4,174.75,19 / 20,4991109,2019-09-06 20:43:16:852,-0.7992,1.1432,10.0655,-0.008,0.0054,9.8065,-0.0047,0.1051,0.0331,-15.5,-32.94,25.56,20.79,-86.19,-130.75
52.39222,-1.515618,154.62,13.14,4,174.75,19 / 20,4991209,2019-09-06 20:43:16:952,-0.6654,1.1723,9.7837,-0.0108,0.0032,9.8066,-0.0206,0.0909,0.0375,-15.44,-33.31,25.38,22.37,-86.23,-128.33
52.39222,-1.515618,154.62,13.14,4,174.75,19 / 20,4991310,2019-09-06 20:43:17:053,-0.8005,0.1707,10.0309,-0.0101,-0.0014,9.8066,-0.017,0.0837,-0.0078,-16.37,-33.75,25.56,25.23,-86.17,-125.03
52.391533,-1.515417,154.02,2.58,3,143.84,19 / 20,4991409,2019-09-06 20:43:17:152,-0.3515,0.0283,9.9514,0.0014,0.0029,9.8066,0.0177,0.0694,-0.0257,-16.44,-33.31,25.19,25.29,-86.24,-123.92
52.391533,-1.515417,154.02,2.58,3,143.84,19 / 20,4991510,2019-09-06 20:43:17:253,-0.3374,-0.3275,9.7533,0.0084,-0.0008,9.8066,0.0143,0.0641,-0.0094,-17.06,-33.12,24.5,22.04,-86.3,-125.3
52.391533,-1.515417,154.02,2.58,3,143.84,19 / 20,4991610,2019-09-06 20:43:17:353,0.2772,-0.3428,9.7322,0.0185,-0.0043,9.8066,0.0526,0.0899,-0.0394,-17,-33.87,25.06,19.39,-86.35,-127.79
52.391533,-1.515417,154.02,2.58,3,143.84,19 / 20,4991710,2019-09-06 20:43:17:453,0.4428,-0.3752,9.6163,0.0066,0.0044,9.8066,0.0351,0.0781,-0.002,-16.75,-32.62,25.44,15.59,-86.43,-131.27
52.391533,-1.515417,154.02,2.58,3,143.84,19 / 20,4991810,2019-09-06 20:43:17:553,0.205,-0.4861,9.8869,-0.0009,-0.0028,9.8066,0.0168,0.0868,0.0038,-16.62,-32.87,25.5,15.75,-86.4,-132.14
52.391533,-1.515417,154.02,2.58,3,143.84,19 / 20,4991909,2019-09-06 20:43:17:652,0.0633,-0.5198,9.9464,-0.002,0.0053,9.8066,0.0157,0.0936,0.0095,-16.69,-33.31,25.38,15.08,-86.37,-131.76
52.391533,-1.515417,154.02,2.58,3,143.84,19 / 20,4992010,2019-09-06 20:43:17:753,0.0365,-0.7458,9.863,-0.0028,0.0004,9.8066,-0.0005,0.0909,-0.0161,-16.69,-32.87,25.5,16.85,-86.41,-131.1
52.391533,-1.515417,154.02,2.58,3,143.84,19 / 20,4992112,2019-09-06 20:43:17:855,0.3073,-0.6685,9.8258,0.003,0.0111,9.8066,0.0064,0.0719,-0.0113,-16.81,-33.12,25.5,17.37,-86.53,-130.58
52.391533,-1.515417,154.02,2.58,3,143.84,19 / 20,4992209,2019-09-06 20:43:17:952,0.4622,-0.4217,9.9628,0.0043,0.0089,9.8066,-0.0017,0.0905,0.0032,-17.37,-33.25,24.56,16.11,-86.66,-130.71
52.391533,-1.515417,154.02,2.58,3,143.84,19 / 20,4992310,2019-09-06 20:43:18:053,0.8705,-0.5611,9.5851,-0.0026,0.0026,9.8066,0.0339,0.106,-0.0097,-18.25,-33.62,24.44,13.54,-86.74,-130.48
52.391533,-1.515417,154.02,2.58,3,143.84,19 / 20,4992410,2019-09-06 20:43:18:153,0.6041,-0.8166,9.6289,-0.0023,-0.001,9.8066,-0.0019,0.1109,0.0284,-18.12,-33,24.56,14.3,-86.7,-130.84
52.391533,-1.515417,154.02,2.58,3,143.84,19 / 20,4992509,2019-09-06 20:43:18:252,0.2696,-0.7251,9.6781,-0.0037,0.0025,9.8066,0.0032,0.0967,0.0154,-18.06,-32.94,24.19,13.54,-86.68,-130.47
52.391533,-1.515417,154.02,2.58,3,143.84,19 / 20,4992609,2019-09-06 20:43:18:352,0.5137,-0.4878,9.9364,0.0058,0.002,9.8066,0.029,0.1131,-0.0013,-18.19,-33,24.69,14.7,-86.72,-130.46
52.391533,-1.515417,154.02,2.58,3,143.84,19 / 20,4992709,2019-09-06 20:43:18:452,0.0773,-0.4066,9.589,-0.0005,0.0057,9.8066,0.0244,0.1098,0.0115,-18.37,-33,24.44,13.25,-86.81,-130.7
52.391533,-1.515417,154.02,2.58,3,143.84,19 / 20,4992810,2019-09-06 20:43:18:553,0.2464,-0.3757,9.7355,0.0004,-0.0002,9.8066,-0.0078,0.1227,0.0006,-18.25,-32.75,24.13,13.79,-86.84,-130.19
52.391533,-1.515417,154.02,2.58,3,143.84,19 / 20,4992909,2019-09-06 20:43:18:652,0.0764,-0.3779,10.0503,0.0013,0.0003,9.8065,0.0026,0.1208,0.0017,-18.87,-33.06,23.81,12.05,-86.86,-130.31
52.391533,-1.515417,154.02,2.58,3,143.84,19 / 20,4993009,2019-09-06 20:43:18:752,0.1211,-0.5315,10.0777,0.0075,-0.0002,9.8066,0.0312,0.1386,-0.0133,-19.37,-33,24.38,10.83,-86.89,-131.45
52.391533,-1.515417,154.02,2.58,3,143.84,19 / 20,4993109,2019-09-06 20:43:18:852,0.0402,-0.5903,9.7832,0.0086,0.0027,9.8066,0.0141,0.1192,-0.0058,-19.06,-32.87,24.56,10.29,-86.89,-133.07
52.391533,-1.515417,154.02,2.58,3,143.84,19 / 20,4993210,2019-09-06 20:43:18:953,0.3962,-0.6881,9.5207,0.0033,0.0057,9.8066,-0.0055,0.1213,-0.0257,-19.56,-33.5,23.94,5.49,-86.99,-135.02
52.391533,-1.515417,154.02,2.58,3,143.84,19 / 20,4993310,2019-09-06 20:43:19:053,0.0277,-0.1009,10.0267,0.005,0.007,9.8066,-0.0154,0.1034,-0.0283,-19.81,-32.87,23.81,3.85,-87.05,-136.56
52.391533,-1.515417,154.02,2.58,3,143.84,19 / 20,4993410,2019-09-06 20:43:19:153,0.4886,0.0184,9.7698,0.0163,0.0056,9.8065,0.0234,0.105,0.0025,-19.75,-32.44,23.56,1.44,-87.15,-138.83
52.391533,-1.515417,154.02,2.58,3,143.84,19 / 20,4993510,2019-09-06 20:43:19:253,0.1252,-0.48,9.6957,0.0098,-0.0018,9.8066,-0.0019,0.1501,-0.0492,-19.06,-32.75,23.75,359.14,-87.21,-142.44
52.391533,-1.515417,154.02,2.58,3,143.84,19 / 20,4993609,2019-09-06 20:43:19:352,0.3579,-0.363,9.7972,0.0134,0.0069,9.8066,0.0307,0.1474,-0.0205,-19.81,-32.56,23.75,353.88,-87.25,-146
52.391533,-1.515417,154.02,2.58,3,143.84,19 / 20,4993710,2019-09-06 20:43:19:453,0.237,-0.3467,9.8148,0.0081,0.0061,9.8066,0.0126,0.1557,-0.0198,-20.5,-32.62,22.88,350.08,-87.31,-148.4
52.391533,-1.515417,154.02,2.58,3,143.84,19 / 20,4993809,2019-09-06 20:43:19:552,0.122,-0.226,9.7614,0.0025,0.0059,9.8066,0.0254,0.1306,-0.0197,-20.87,-33.19,23.31,345.72,-87.38,-151.18
52.391533,-1.515417,154.02,2.58,3,143.84,19 / 20,4993909,2019-09-06 20:43:19:652,-0.0937,0.0047,9.836,0.0043,0.0026,9.8066,-0.0124,0.1423,-0.013,-20.56,-33.12,22.63,343.7,-87.39,-153.11
52.391533,-1.515417,154.02,2.58,3,143.84,19 / 20,4994010,2019-09-06 20:43:19:753,0.0069,-0.2254,9.6454,-0.0076,0.0094,9.8066,0.0046,0.1264,0.0061,-20.69,-32.62,22.69,343.06,-87.44,-153.74
52.391533,-1.515417,154.02,2.58,3,143.84,19 / 20,4994110,2019-09-06 20:43:19:853,-0.3139,-0.1701,9.822,-0.0053,0.0089,9.8066,-0.0005,0.1356,-0.0397,-20.06,-31.94,21.81,344.16,-87.57,-152.84
52.391533,-1.515417,154.02,2.58,3,143.84,19 / 20,4994210,2019-09-06 20:43:19:953,-0.5747,-0.1167,10.0852,0.0056,0.0135,9.8066,0.0197,0.1019,-0.0151,-20.5,-31.87,21.81,342.02,-87.67,-154.91
52.391533,-1.515417,154.02,2.58,3,143.84,19 / 20,4994309,2019-09-06 20:43:20:052,-0.612,0.0074,9.9951,0.0155,0.0158,9.8065,-0.0037,0.1411,-0.0694,-20.56,-32.37,21.38,333.3,-87.78,-160.61
52.391533,-1.515417,154.02,2.58,3,143.84,19 / 20,4994409,2019-09-06 20:43:20:152,-0.6488,0.096,10.0126,0.0096,0.0087,9.8066,-0.0029,0.128,-0.0317,-21.44,-32.94,21.13,326.86,-87.89,-166.84
52.391533,-1.515417,154.02,2.58,3,143.84,19 / 20,4994509,2019-09-06 20:43:20:252,-0.7056,0.3985,10.0133,0.0102,0.0114,9.8066,-0.0241,0.1091,-0.0525,-21.31,-33.12,20.94,322.38,-87.92,-171.19
52.391533,-1.515417,154.02,2.58,3,143.84,19 / 20,4994609,2019-09-06 20:43:20:352,-0.8609,-0.0119,9.8385,0.0069,0.0093,9.8066,0.0036,0.1151,-0.0124,-20.69,-33,20.19,314.04,-87.98,-177.89
52.391533,-1.515417,154.02,2.58,3,143.84,19 / 20,4994710,2019-09-06 20:43:20:453,-1.1546,0.3496,9.8055,0.0051,0.0062,9.8066,-0.012,0.1111,-0.012,-20.87,-33.31,19.94,310.09,-87.98,178.26
52.391533,-1.515417,154.02,2.58,3,143.84,19 / 20,4994810,2019-09-06 20:43:20:553,-0.7768,-0.1196,9.953,0.0021,0.0048,9.8066,-0.0008,0.1203,-0.0137,-21.56,-32.94,20.31,306.72,-87.99,176.25
52.391533,-1.515417,154.02,2.58,3,143.84,19 / 20,4994910,2019-09-06 20:43:20:653,-0.9273,0.0468,9.9367,0.0012,0.0021,9.8066,0.0182,0.0999,0.0019,-21.12,-33.12,20.06,306.21,-87.99,174.47
52.391533,-1.515417,154.02,2.58,3,143.84,19 / 20,4995009,2019-09-06 20:43:20:752,-0.7431,-0.0609,9.8107,0.0051,-0.0036,9.8066,0.0112,0.0785,0.0126,-21,-33.25,19.69,306.67,-87.95,174.96
52.391533,-1.515417,154.02,2.58,3,143.84,19 / 20,4995109,2019-09-06 20:43:20:852,-0.8165,-0.1423,9.8937,-0.0029,0.003,9.8066,0.0093,0.074,-0.0058,-21.06,-32.62,19.69,306.79,-87.94,175.07
52.391533,-1.515417,154.02,2.58,3,143.84,19 / 20,4995210,2019-09-06 20:43:20:953,-1.11,-0.2564,9.9186,0.0048,0.0033,9.8066,0.0077,0.0801,-0.0033,-21.81,-32.5,20,304.77,-87.95,174.33
52.391533,-1.515417,154.02,2.58,3,143.84,19 / 20,4995309,2019-09-06 20:43:21:052,-0.6992,-0.1297,9.9502,0.0041,-0.0006,9.8066,-0.0072,0.0877,-0.0036,-21.69,-33.25,19.56,302.62,-87.88,172.34
52.391533,-1.515417,154.02,2.58,3,143.84,19 / 20,4995409,2019-09-06 20:43:21:152,-0.705,-0.3339,9.9799,0.0023,0.0021,9.8066,0.0042,0.0894,-0.0306,-22,-33.5,19.94,301.78,-87.84,171.56
52.391533,-1.515417,154.02,2.58,3,143.84,19 / 20,4995510,2019-09-06 20:43:21:253,-0.0969,-0.7289,9.974,0.013,-0.0005,9.8065,0.0011,0.1015,-0.0123,-21.62,-33.62,19.56,299.08,-87.74,169.09
52.391533,-1.515417,154.02,2.58,3,143.84,19 / 20,4995609,2019-09-06 20:43:21:352,0.005,-0.8014,9.8891,0.0122,-0.0019,9.8066,0.0347,0.0955,-0.0121,-22.31,-33.44,19.19,296.07,-87.64,167.68
52.391533,-1.515417,154.02,2.58,3,143.84,19 / 20,4995709,2019-09-06 20:43:21:452,0.366,-0.9572,9.8638,0.0061,0.005,9.8066,0.0481,0.1022,-0.0285,-22.31,-33.37,17.94,293.44,-87.54,166.8
52.391533,-1.515417,154.02,2.58,3,143.84,19 / 20,4995809,2019-09-06 20:43:21:552,0.2011,-0.7683,9.8537,0.0019,0.0063,9.8066,0.0441,0.105,-0.028,-21.25,-33.31,18.13,291.97,-87.4,164.27
52.391533,-1.515417,154.02,2.58,3,143.84,19 / 20,4995910,2019-09-06 20:43:21:653,0.4705,-1.0395,9.9327,0.0042,0.0059,9.8066,0.0543,0.0824,-0.0047,-21.81,-33.5,18.69,290.57,-87.3,162.65
52.391533,-1.515417,154.02,2.58,3,143.84,19 / 20,4996010,2019-09-06 20:43:21:753,0.3739,-0.8774,9.9757,-0.003,0.0056,9.8066,-0.0242,0.108,-0.0209,-21.87,-32.87,17.69,288.41,-87.27,162.15
52.391533,-1.515417,154.02,2.58,3,143.84,19 / 20,4996110,2019-09-06 20:43:21:853,0.1641,-0.7416,9.8209,0.0091,-0.0008,9.8066,-0.0111,0.1127,-0.0101,-21.56,-32.87,17.94,286.9,-87.18,160.77
52.391533,-1.515417,154.02,2.58,3,143.84,19 / 20,4996209,2019-09-06 20:43:21:952,0.1413,-0.7665,9.8466,0.0067,-0.0005,9.8066,0.019,0.0972,-0.0163,-22.37,-33.06,17.69,285.98,-87.15,159.89
52.391533,-1.515417,154.02,2.58,3,143.84,19 / 20,4996309,2019-09-06 20:43:22:052,0.3749,-0.521,9.9212,0.0057,-0.0011,9.8066,0.0385,0.1061,-0.0029,-22.06,-33.37,17.25,283.23,-87.15,158.85
52.391533,-1.515417,154.02,2.58,3,143.84,19 / 20,4996410,2019-09-06 20:43:22:153,0.1991,-0.6511,9.7635,0.0059,0.0055,9.8066,0.0032,0.1138,-0.0446,-22.06,-33.56,17.56,283.37,-87.06,157.53
52.391533,-1.515417,154.02,2.58,3,143.84,19 / 20,4996509,2019-09-06 20:43:22:252,1.3281,-1.2534,9.7358,0.0045,-0.0036,9.8066,0.0293,0.1347,0.004,-22.56,-33.37,17.63,282.44,-86.95,157.78
52.391533,-1.515417,154.02,2.58,3,143.84,19 / 20,4996610,2019-09-06 20:43:22:353,0.7397,-1.0766,9.7675,0.0096,-0.0048,9.8066,0.0239,0.1234,-0.0112,-22.25,-33.5,17,282.47,-86.84,158.47
52.391533,-1.515417,154.02,2.58,3,143.84,19 / 20,4996709,2019-09-06 20:43:22:452,0.9691,-1.3006,9.7188,0.0124,-0.0013,9.8066,-0.0008,0.1234,-0.0381,-22.81,-33,17.13,280.65,-86.7,157.95
52.391533,-1.515417,154.02,2.58,3,143.84,19 / 20,4996809,2019-09-06 20:43:22:552,1.3057,-0.9185,9.9194,0.001,0.0109,9.8066,0.0066,0.1562,-0.0349,-22.19,-34.06,16.38,278.05,-86.66,156.17
52.391533,-1.515417,154.02,2.58,3,143.84,19 / 20,4996910,2019-09-06 20:43:22:653,1.6523,-1.1012,10.0695,0.0151,0.0012,9.8066,-0.034,0.1468,-0.0223,-22.31,-33.44,16.38,277.11,-86.59,155.21
52.391533,-1.515417,154.02,2.58,3,143.84,19 / 20,4997010,2019-09-06 20:43:22:753,1.8479,-1.3737,9.8827,0.0092,0.0068,9.8066,-0.0228,0.1464,-0.0414,-22.81,-33.87,16.13,273.59,-86.46,153.07
52.391533,-1.515417,154.02,2.58,3,143.84,19 / 20,4997109,2019-09-06 20:43:22:852,0.6122,-0.9003,9.7139,0.0051,-0.0028,9.8066,-0.012,0.1547,-0.022,-22.69,-33.37,15.5,272.63,-86.42,152.03
52.391533,-1.515417,154.02,2.58,3,143.84,19 / 20,4997209,2019-09-06 20:43:22:952,0.8864,-0.808,10.0656,-0.0045,0.0097,9.8066,-0.0129,0.1657,-0.0234,-22.69,-33.19,15.69,272.6,-86.36,152.07
52.391533,-1.515417,154.02,2.58,3,143.84,19 / 20,4997309,2019-09-06 20:43:23:052,0.6961,0.2466,10.2636,-0.0041,-0.0066,9.8066,-0.0324,0.1708,0.0243,-22.81,-34.06,15.63,272.58,-86.26,152.31
52.391533,-1.515417,154.02,2.58,3,143.84,19 / 20,4997410,2019-09-06 20:43:23:153,0.8689,-0.9853,9.3089,0.0167,-0.0319,9.8065,0.0553,0.1878,-0.0072,-22.75,-34.12,15.56,276.05,-86.11,155.95
52.391533,-1.515417,154.02,2.58,3,143.84,19 / 20,4997509,2019-09-06 20:43:23:252,0.8993,-1.1992,9.8095,0.0088,-0.0088,9.8066,0.0474,0.1619,-0.0082,-22.62,-34,14.75,275.14,-85.94,157.06
52.391533,-1.515417,154.02,2.58,3,143.84,19 / 20,4997609,2019-09-06 20:43:23:352,1.0662,-0.5525,9.6901,0.0086,0.0038,9.8066,-0.0222,0.1748,-0.0476,-22.69,-33.06,14.69,275.84,-85.8,157.77
52.391533,-1.515417,154.02,2.58,3,143.84,19 / 20,4997710,2019-09-06 20:43:23:453,1.876,-0.7907,9.8837,0.0173,0.0009,9.8066,0.0088,0.166,-0.0188,-22.56,-33.25,14.19,272.06,-85.55,156.21
52.391533,-1.515417,154.02,2.58,3,143.84,19 / 20,4997809,2019-09-06 20:43:23:552,1.1211,-0.7282,9.7007,0.0191,-0.004,9.8065,0.0495,0.1704,-0.0245,-22.75,-33.87,13.88,271.94,-85.34,156.52
52.391533,-1.515417,154.02,2.58,3,143.84,19 / 20,4997909,2019-09-06 20:43:23:652,1.8848,-0.5498,9.6437,0.0014,0.0086,9.8066,0.0158,0.1931,-0.0516,-23.37,-33.94,13.5,270.31,-85.19,155.08
52.391533,-1.515417,154.02,2.58,3,143.84,19 / 20,4998009,2019-09-06 20:43:23:752,0.9254,-0.7895,9.8202,-0.0294,0.0032,9.8065,-0.0209,0.2013,-0.0328,-23.25,-34.31,13.13,267.55,-85.25,154.19
52.391533,-1.515417,154.02,2.58,3,143.84,19 / 20,4998109,2019-09-06 20:43:23:852,1.1919,-0.2731,9.6689,-0.0106,0.0289,9.8066,-0.0385,0.2288,-0.0666,-23.31,-33.5,12.38,264.8,-85.4,153.08
52.391533,-1.515417,154.02,2.58,3,143.84,19 / 20,4998209,2019-09-06 20:43:23:952,2.0618,-0.2627,9.7556,-0.002,0.0112,9.8066,0.02,0.1984,-0.0214,-22.69,-33.87,12.44,260.33,-85.35,148.77
52.391533,-1.515417,154.02,2.58,3,143.84,19 / 20,4998309,2019-09-06 20:43:24:052,2.5788,-0.4834,9.8183,0.0243,0.0037,9.8066,0.0347,0.2233,-0.0589,-22.56,-34.69,11.31,258.32,-85.09,149.35
52.391533,-1.515417,154.02,2.58,3,143.84,19 / 20,4998410,2019-09-06 20:43:24:153,1.1278,0.2497,9.7332,0.0194,0.0042,9.8065,-0.0424,0.244,-0.0449,-22.44,-34.31,11.19,258.18,-84.91,148.49
52.391533,-1.515417,154.02,2.58,3,143.84,19 / 20,4998509,2019-09-06 20:43:24:252,0.5487,0.1817,10.1694,0.0087,-0.0006,9.8066,-0.0202,0.2151,-0.0187,-22.75,-34.31,10.75,257.22,-84.7,148.53
52.391533,-1.515417,154.02,2.58,3,143.84,19 / 20,4998609,2019-09-06 20:43:24:352,1.042,0.006,9.8476,0.0145,-0.0004,9.8066,0.1094,0.265,-0.0444,-22.94,-34.25,10.13,255.92,-84.46,149.69
52.391533,-1.515417,154.02,2.58,3,143.84,19 / 20,4998710,2019-09-06 20:43:24:453,1.7086,0.1405,9.5896,0.0061,0.0209,9.8065,0.1204,0.2645,-0.0735,-22.44,-34.31,9.75,256.38,-84.31,149.69
52.391533,-1.515417,154.02,2.58,3,143.84,19 / 20,4998810,2019-09-06 20:43:24:553,1.0117,0.709,9.8284,0.0018,0.0273,9.8066,-0.118,0.2842,-0.12,-22.06,-34.69,9.19,250.71,-84.01,146.74
52.391533,-1.515417,154.02,2.58,3,143.84,19 / 20,4998910,2019-09-06 20:43:24:653,1.1213,1.5794,10.2768,0.0235,0.0214,9.8065,-0.0678,0.2844,-0.0444,-21.87,-35.12,8.88,247.58,-83.63,143.94
52.391533,-1.515417,154.02,2.58,3,143.84,19 / 20,4999010,2019-09-06 20:43:24:753,0.7707,1.4782,10.5605,0.0275,-0.0105,9.8065,0.0236,0.304,0.0107,-21.87,-35.25,8.88,247.67,-83.52,144.18
52.391533,-1.515417,154.02,2.58,3,143.84,19 / 20,4999109,2019-09-06 20:43:24:852,0.8162,0.4999,9.8033,0.0191,-0.0286,9.8065,0.0515,0.2829,-0.0163,-22.37,-35.25,7.31,246.13,-83.61,147.27
52.391533,-1.515417,154.02,2.58,3,143.84,19 / 20,4999210,2019-09-06 20:43:24:953,1.5702,0.8074,9.4117,0.0257,-0.0034,9.8066,-0.0091,0.3375,-0.0178,-21.94,-35.25,7.25,247.1,-83.44,148.55
52.391533,-1.515417,154.02,2.58,3,143.84,19 / 20,4999309,2019-09-06 20:43:25:052,1.4413,1.6746,9.4152,0.0274,-0.0089,9.8066,0.013,0.3265,-0.0209,-21.5,-35.69,7.06,247.71,-83.21,149.45
52.391533,-1.515417,154.02,2.58,3,143.84,18 / 20,4999410,2019-09-06 20:43:25:153,0.8412,1.2174,10.4376,-0.0116,-0.0095,9.8066,-0.0115,0.3075,0.0088,-22.19,-35.87,6.13,246.71,-83.1,151.39
52.391533,-1.515417,154.02,2.58,3,143.84,18 / 20,4999509,2019-09-06 20:43:25:252,1.1619,1.4491,10.3939,-0.0139,-0.0077,9.8066,-0.0478,0.3298,0.0178,-22.44,-35.87,5.56,248.19,-83.27,152.75
52.391533,-1.515417,154.02,2.58,3,143.84,18 / 20,4999609,2019-09-06 20:43:25:352,-0.0727,0.9492,10.4001,0.0144,-0.0183,9.8066,0.1103,0.3491,-0.0413,-22.06,-35.69,4.69,247.48,-83.37,154.4
52.391533,-1.515417,154.02,2.58,3,143.84,18 / 20,4999710,2019-09-06 20:43:25:453,1.1194,1.6366,9.9282,0.0093,-0.0033,9.8066,0.1693,0.316,0.0244,-22,-35.56,4.31,246.62,-83.2,156.3
52.391533,-1.515417,154.02,2.58,3,143.84,18 / 20,4999809,2019-09-06 20:43:25:552,0.4313,1.8195,9.8808,0.0186,-0.0317,9.8065,0.0124,0.2506,0.0743,-21.5,-35.31,3.56,249.95,-82.93,160.02
52.391533,-1.515417,154.02,2.58,3,143.84,18 / 20,4999909,2019-09-06 20:43:25:652,1.5893,1.2812,9.4181,0.0407,-0.0159,9.8065,-0.1183,0.3524,-0.0502,-21.62,-35.56,3.56,252.62,-82.65,163.59
52.391533,-1.515417,154.02,2.58,3,143.84,18 / 20,5000010,2019-09-06 20:43:25:753,-0.5185,0.8784,9.7182,0.0567,-0.0012,9.8064,0.1015,0.3379,-0.0334,-22.12,-35.31,2.81,251.98,-82.3,165.74
52.391533,-1.515417,154.02,2.58,3,143.84,18 / 20,5000110,2019-09-06 20:43:25:853,-0.1281,1.5768,10.1178,-0.0666,-0.012,9.8064,0.1805,0.2621,-0.0382,-21.19,-35.25,2.06,249.55,-82.71,165.41
52.391533,-1.515417,154.02,2.58,3,143.84,18 / 20,5000209,2019-09-06 20:43:25:952,-0.1822,1.7927,10.2665,-0.0608,-0.0159,9.8064,0.023,0.3035,-0.0202,-21.37,-35.62,1.44,247.44,-82.7,166.22
52.391533,-1.515417,154.02,2.58,3,143.84,18 / 20,5000310,2019-09-06 20:43:26:053,0.4939,1.3532,10.4736,0.001,0.0089,9.8066,0.1345,0.3241,-0.0364,-21.44,-34.94,0.69,247.62,-82.6,166.24
52.391495,-1.515035,153.83,7.24,3,58.12,19 / 20,5000410,2019-09-06 20:43:26:153,-0.7574,1.7972,9.661,-0.0133,0.0095,9.8066,0.1862,0.2551,-0.0738,-20.5,-35,0.38,244.15,-82.44,166
52.391495,-1.515035,153.83,7.24,3,58.12,19 / 20,5000509,2019-09-06 20:43:26:252,0.8776,2.1468,9.5372,0.0351,-0.001,9.8065,-0.0843,0.3533,-0.0482,-20.5,-35.19,-0.31,243.28,-82.11,165.55
52.391495,-1.515035,153.83,7.24,3,58.12,19 / 20,5000610,2019-09-06 20:43:26:353,0.5277,1.1119,10.2084,0.0078,-0.0142,9.8066,0.0364,0.2568,0.0341,-20,-35.5,-0.56,242.32,-82.09,167.35
52.391495,-1.515035,153.83,7.24,3,58.12,19 / 20,5000709,2019-09-06 20:43:26:452,0.1898,1.9094,10.0841,-0.0093,-0.0117,9.8066,-0.0221,0.2888,-0.0158,-20.19,-35.37,-1.25,243.38,-82.07,168.57
52.391495,-1.515035,153.83,7.24,3,58.12,19 / 20,5000809,2019-09-06 20:43:26:552,-0.3654,1.7258,9.6493,-0.0102,-0.0088,9.8066,-0.0111,0.2947,-0.0215,-20,-35.87,-1.81,241.02,-82.07,169.09
52.391495,-1.515035,153.83,7.24,3,58.12,19 / 20,5000909,2019-09-06 20:43:26:652,-0.325,2.1313,10.3397,-0.0025,-0.0003,9.8066,0.0737,0.2659,-0.0317,-19,-36,-2.56,237.9,-82.01,169.44
52.391495,-1.515035,153.83,7.24,3,58.12,19 / 20,5001010,2019-09-06 20:43:26:753,-0.1199,1.3603,9.7868,0.0078,-0.0161,9.8066,0.0855,0.1914,0.0524,-19.19,-35.81,-2.69,239.28,-81.75,171.44
52.391495,-1.515035,153.83,7.24,3,58.12,19 / 20,5001110,2019-09-06 20:43:26:853,0.279,0.8656,9.7614,0.0172,-0.0195,9.8065,0.0217,0.2366,-0.006,-19,-35.62,-2.25,243.69,-81.57,173.91
52.391495,-1.515035,153.83,7.24,3,58.12,19 / 20,5001210,2019-09-06 20:43:26:953,0.6402,1.2291,10.1761,-0.002,-0.0057,9.8066,0.0575,0.2099,0.015,-18.87,-35.69,-3.12,242.08,-81.54,175
52.391495,-1.515035,153.83,7.24,3,58.12,19 / 20,5001310,2019-09-06 20:43:27:053,-0.6894,0.3254,10.0088,-0.0015,-0.0126,9.8065,-0.0009,0.2081,-0.0599,-18.37,-35.94,-3.37,241.66,-81.56,175.74
52.391495,-1.515035,153.83,7.24,3,58.12,19 / 20,5001409,2019-09-06 20:43:27:152,0.5864,1.1127,9.9897,0.0026,-0.0011,9.8066,0.0099,0.1722,0.0253,-18.75,-35.94,-3.5,243.29,-81.53,176.39
52.391495,-1.515035,153.83,7.24,3,58.12,19 / 20,5001510,2019-09-06 20:43:27:253,0.0022,0.671,9.7514,0.0097,-0.0074,9.8066,0.0348,0.1249,0.0071,-18.25,-35.75,-3.19,242.75,-81.43,177.24
52.391495,-1.515035,153.83,7.24,3,58.12,19 / 20,5001610,2019-09-06 20:43:27:353,0.6115,1.4624,10.0397,0.0087,-0.0126,9.8066,0.096,0.1135,-0.0381,-18,-36.19,-3.44,244.09,-81.28,179.05
52.391495,-1.515035,153.83,7.24,3,58.12,19 / 20,5001710,2019-09-06 20:43:27:453,0.9856,-0.3549,10.1648,0.0128,-0.007,9.8066,-0.0352,0.122,0.0267,-17.94,-36.25,-3.94,241.9,-81.18,179.6
52.391495,-1.515035,153.83,7.24,3,58.12,19 / 20,5001809,2019-09-06 20:43:27:552,1.2893,1.0766,10.2805,0.0136,-0.0005,9.8066,-0.0599,0.0756,0.0028,-17.94,-35.69,-4.37,242.7,-81.04,-179.21
52.391495,-1.515035,153.83,7.24,3,58.12,19 / 20,5001910,2019-09-06 20:43:27:653,0.9179,-0.4176,9.7218,0.0195,0.002,9.8066,0.0756,0.1117,-0.0512,-18.19,-35.94,-4.37,242.94,-80.93,-178.77
52.391495,-1.515035,153.83,7.24,3,58.12,19 / 20,5002009,2019-09-06 20:43:27:752,0.101,0.5607,9.3934,-0.0164,0.0004,9.8066,0.0523,0.0056,0.024,-17.75,-35.81,-4.06,242.7,-80.76,-178.72
52.391495,-1.515035,153.83,7.24,3,58.12,19 / 20,5002109,2019-09-06 20:43:27:852,0.7368,0.0587,10.0945,-0.0039,0.0019,9.8066,0.0534,-0.0094,-0.0186,-17.44,-35.69,-4,240.93,-80.75,-179.15
52.391495,-1.515035,153.83,7.24,3,58.12,19 / 20,5002210,2019-09-06 20:43:27:953,0.1181,0.2516,9.9322,-0.0188,0.0013,9.8065,0.062,-0.0035,0.0025,-17.5,-35.81,-3.87,240.23,-80.77,179.99
52.391495,-1.515035,153.83,7.24,3,58.12,19 / 20,5002309,2019-09-06 20:43:28:052,0.381,0.0177,9.9627,-0.0026,-0.0056,9.8066,0.0509,0.0594,-0.0039,-17.37,-36.12,-4.44,240.23,-80.66,-179.79
52.391495,-1.515035,153.83,7.24,3,58.12,19 / 20,5002410,2019-09-06 20:43:28:153,0.3337,0.6738,9.6606,-0.0019,-0.0041,9.8066,0.0875,0.0757,-0.0579,-17.25,-35.94,-4.19,239.94,-80.52,-179.9
52.391495,-1.515035,153.83,7.24,3,58.12,19 / 20,5002510,2019-09-06 20:43:28:253,0.7994,0.7212,9.4639,-0.0137,-0.0057,9.8066,-0.1307,0.0073,-0.0225,-16.75,-36.19,-4.31,239.87,-80.56,179.95
52.391495,-1.515035,153.83,7.24,3,58.12,19 / 20,5002609,2019-09-06 20:43:28:352,-0.0524,-0.1619,10.2001,-0.0079,0.0018,9.8066,-0.0485,-0.02,0.0271,-17.19,-35.94,-4.31,240.17,-80.64,-179.84
52.391495,-1.515035,153.83,7.24,3,58.12,19 / 20,5002710,2019-09-06 20:43:28:453,0.8682,-0.8893,9.489,-0.0001,-0.0001,9.8066,-0.0327,-0.0177,-0.0033,-17.12,-36,-4.87,238.2,-80.77,-179.51
52.391495,-1.515035,153.83,7.24,3,58.12,19 / 20,5002810,2019-09-06 20:43:28:553,-0.0287,-0.0687,9.4828,0.0031,0.0005,9.8066,-0.0005,0.0706,-0.0415,-17.5,-35.69,-3.94,240.49,-80.75,-179.67
52.391495,-1.515035,153.83,7.24,3,58.12,19 / 20,5002910,2019-09-06 20:43:28:653,0.8993,-1.1654,10.2689,0.0057,-0.002,9.8066,0.063,0.0789,-0.0476,-17.5,-36,-4.37,240.28,-80.67,-179.75
52.391495,-1.515035,153.83,7.24,3,58.12,19 / 20,5003010,2019-09-06 20:43:28:753,1.3061,-0.9911,9.9768,0.0001,0.0026,9.8065,0.0709,-0.0794,0.0356,-17.5,-35.87,-4.37,240.23,-80.62,-179.72
52.391495,-1.515035,153.83,7.24,3,58.12,19 / 20,5003110,2019-09-06 20:43:28:853,0.7959,0.403,10.0829,0.0069,0.0046,9.8065,0.0104,-0.0269,0.0088,-17.31,-35.69,-3.75,240.15,-80.48,-179.57
52.391495,-1.515035,153.83,7.24,3,58.12,19 / 20,5003210,2019-09-06 20:43:28:953,1.0019,-0.7284,9.874,0.0117,0.0005,9.8066,-0.0582,0.0363,-0.0035,-17.5,-36.12,-3.87,240.2,-80.46,-179.47
52.391495,-1.515035,153.83,7.24,3,58.12,19 / 20,5003310,2019-09-06 20:43:29:053,0.1823,-0.0775,10.2249,-0.0108,-0.0097,9.8066,-0.0458,0.0106,-0.0742,-17.44,-35.62,-4,240.35,-80.61,-179.56
52.391495,-1.515035,153.83,7.24,3,58.12,19 / 20,5003409,2019-09-06 20:43:29:152,0.4172,-0.916,9.5752,0.0034,0.0115,9.8066,0.0227,-0.0476,0.0369,-17.25,-36.19,-3.75,239.76,-80.49,179.94
52.391495,-1.515035,153.83,7.24,3,58.12,19 / 20,5003510,2019-09-06 20:43:29:253,0.075,0.0993,10.0695,0.0115,0.0064,9.8066,-0.0155,-0.0826,0.0514,-17.56,-36.19,-4.25,241.09,-80.42,179.98
52.391495,-1.515035,153.83,7.24,3,58.12,19 / 20,5003609,2019-09-06 20:43:29:352,0.2937,-0.8418,9.9811,0.008,-0.0025,9.8066,-0.0788,-0.0147,-0.0629,-17.31,-35.44,-4.06,240.43,-80.42,-179.62
52.391495,-1.515035,153.83,7.24,3,58.12,19 / 20,5003710,2019-09-06 20:43:29:453,-0.3539,-0.1535,9.7726,-0.0051,-0.0063,9.8066,0.0539,-0.0174,0.072,-17.44,-36.19,-3.69,239.84,-80.41,-179.81
52.391495,-1.515035,153.83,7.24,3,58.12,19 / 20,5003810,2019-09-06 20:43:29:553,-0.3556,-0.808,10.414,0,-0.0148,9.8066,-0.028,-0.0165,0.012,-17.87,-35.81,-4.06,242.27,-80.5,-178.77
52.391495,-1.515035,153.83,7.24,3,58.12,19 / 20,5003909,2019-09-06 20:43:29:652,0.7922,0.352,9.658,-0.0152,-0.018,9.8065,0.0821,-0.0181,0.0174,-17.81,-36.19,-4.75,240.49,-80.59,-178.25
52.391495,-1.515035,153.83,7.24,3,58.12,19 / 20,5004010,2019-09-06 20:43:29:753,0.1405,-0.1816,10.0625,-0.0046,-0.006,9.8066,0.0414,0.0077,-0.0126,-18,-36.06,-4.19,243.33,-80.51,-177.55
52.391495,-1.515035,153.83,7.24,3,58.12,19 / 20,5004109,2019-09-06 20:43:29:852,0.6351,0.3569,9.9601,-0.0146,-0.0119,9.8066,-0.0361,-0.027,0.0164,-17.94,-35.5,-4,243.93,-80.53,-177.37
52.391495,-1.515035,153.83,7.24,3,58.12,19 / 20,5004209,2019-09-06 20:43:29:952,0.7789,-0.7515,9.8762,0.0099,0.0016,9.8065,-0.014,0.0016,0.017,-18.12,-35.69,-4.87,241.82,-80.56,-176.62
52.391495,-1.515035,153.83,7.24,3,58.12,19 / 20,5004310,2019-09-06 20:43:30:053,-0.7278,-1.5241,9.8333,0.0158,0.0049,9.8065,-0.0516,0.021,-0.0153,-17.87,-35.81,-4.69,242.14,-80.54,-176.22
52.391495,-1.515035,153.83,7.24,3,58.12,19 / 20,5004409,2019-09-06 20:43:30:152,0.0382,-1.6954,9.7669,-0.0232,-0.0087,9.8066,-0.0001,-0.0822,0.0349,-17.87,-35.75,-4.81,242.22,-80.75,-176.5
52.391495,-1.515035,153.83,7.24,3,58.12,19 / 20,5004510,2019-09-06 20:43:30:253,-0.8139,-0.3325,9.9834,0.0297,0.0111,9.8065,0.0751,-0.0304,0.0333,-18.44,-35.87,-5.06,242.46,-80.8,-176.3
52.391495,-1.515035,153.83,7.24,3,58.12,19 / 20,5004609,2019-09-06 20:43:30:352,1.0059,-0.9614,10.68,-0.0018,0.0019,9.8066,0.1513,-0.0796,-0.0411,-18.06,-35.94,-4.31,244.76,-80.71,-176.25
52.391495,-1.515035,153.83,7.24,3,58.12,19 / 20,5004709,2019-09-06 20:43:30:452,-0.0797,0.2162,9.4851,-0.0414,-0.0109,9.8065,0.0112,-0.0576,0.0703,-18.06,-35.62,-4.62,241.81,-80.73,-176.94
52.391495,-1.515035,153.83,7.24,3,58.12,19 / 20,5004810,2019-09-06 20:43:30:553,-0.0849,-0.017,9.2869,0.0076,-0.0073,9.8065,-0.0393,-0.0434,0.0139,-18.19,-36.19,-4.75,241.74,-80.56,-176.72
52.391495,-1.515035,153.83,7.24,3,58.12,19 / 20,5004910,2019-09-06 20:43:30:653,-0.4273,-0.6865,9.9624,-0.002,-0.0106,9.8065,0.0145,-0.007,0.024,-17.75,-35.75,-5.25,242.85,-80.74,-175.73
52.391495,-1.515035,153.83,7.24,3,58.12,19 / 20,5005009,2019-09-06 20:43:30:752,-0.0445,-1.1597,9.7505,-0.0082,-0.0182,9.8065,0.006,-0.0374,0.0403,-17.75,-36.06,-5.75,241.68,-80.87,-174.68
52.391495,-1.515035,153.83,7.24,3,58.12,19 / 20,5005109,2019-09-06 20:43:30:852,0.1506,-0.2889,10.0692,0.005,-0.0058,9.8065,-0.0397,-0.0277,-0.0032,-18.12,-36.12,-4.81,244.39,-80.81,-174.1
52.391495,-1.515035,153.83,7.24,3,58.12,19 / 20,5005209,2019-09-06 20:43:30:952,-0.0984,-0.3945,9.3309,-0.0072,-0.0056,9.8066,-0.0099,0.0109,-0.0016,-17.31,-35.5,-4.44,245.46,-80.71,-174.27
52.391495,-1.515035,153.83,7.24,3,58.12,19 / 20,5005309,2019-09-06 20:43:31:052,0.0658,-0.8822,10.0459,0.0008,0.0013,9.8066,-0.0666,0.0056,-0.0226,-17.75,-35.87,-4.56,243.78,-80.58,-174.38
52.391495,-1.515035,153.83,7.24,3,58.12,19 / 20,5005409,2019-09-06 20:43:31:152,0.4355,-1.0627,10.0491,0.007,0.022,9.8065,-0.1128,-0.0231,0.0352,-17.75,-35.62,-4.44,246.13,-80.59,-174.45
52.391495,-1.515035,153.83,7.24,3,58.12,19 / 20,5005510,2019-09-06 20:43:31:253,-0.2085,-0.9722,9.5995,-0.0071,-0.0098,9.8066,0.145,0.0024,-0.0656,-18.19,-35.87,-4.31,245.04,-80.52,-175.6
52.391495,-1.515035,153.83,7.24,3,58.12,19 / 20,5005610,2019-09-06 20:43:31:353,-0.9734,-1.2307,9.1967,-0.0082,-0.0027,9.8065,-0.1078,-0.0144,0.0195,-18.37,-35.87,-4.19,245.17,-80.54,-175.47
52.391495,-1.515035,153.83,7.24,3,58.12,19 / 20,5005709,2019-09-06 20:43:31:452,0.2108,-1.7636,8.5758,0.0272,0.0111,9.8066,0.1276,-0.0445,-0.077,-18.25,-35.5,-4.56,243.03,-80.44,-175.49
52.391495,-1.515035,153.83,7.24,3,58.12,19 / 20,5005809,2019-09-06 20:43:31:552,-0.0315,-2.6364,6.6389,-0.0985,-0.0569,9.8059,-0.0006,-0.044,0.1621,-18.12,-36.12,-4.62,243.93,-81.08,-175.09
52.391495,-1.515035,153.83,7.24,3,58.12,19 / 20,5005910,2019-09-06 20:43:31:653,-3.3474,-4.0345,8.0881,0.0784,0.0293,9.8062,0.3046,0.0332,-0.0997,-18.69,-35.87,-5.37,245.51,-80.67,-174.17
52.391495,-1.515035,153.83,7.24,3,58.12,19 / 20,5006010,2019-09-06 20:43:31:753,-3.7455,-1.3203,8.9616,-0.1524,-0.0688,9.8052,0.1721,-0.0869,0.0734,-18.56,-35.25,-5.37,246.88,-81.04,-173.69
52.391495,-1.515035,153.83,7.24,3,58.12,19 / 20,5006110,2019-09-06 20:43:31:853,0.9973,-0.5655,9.7631,0.0317,0.0224,9.8066,0.1738,-0.0137,-0.0255,-18.25,-35.75,-4.5,247.47,-81.39,-174.41
52.391495,-1.515035,153.83,7.24,3,58.12,19 / 20,5006209,2019-09-06 20:43:31:952,-1.2749,-0.6187,9.7212,0.0155,0.0097,9.8066,-0.0187,-0.0202,-0.0245,-18.81,-35.31,-4.25,247.58,-80.85,-175.24
52.391495,-1.515035,153.83,7.24,3,58.12,19 / 20,5006310,2019-09-06 20:43:32:053,0.0197,-0.8371,9.4983,0.0052,0.0034,9.8066,-0.0591,-0.0309,0.0056,-18.12,-35.06,-3.94,246.09,-80.79,-175.34
52.391495,-1.515035,153.83,7.24,3,58.12,19 / 20,5006410,2019-09-06 20:43:32:153,-1.161,-1.1976,9.1593,-0.0204,-0.0107,9.8066,-0.0677,-0.0313,0.0509,-18.62,-35.62,-4.06,247.3,-80.93,-175.25
52.391495,-1.515035,153.83,7.24,3,58.12,19 / 20,5006509,2019-09-06 20:43:32:252,-1.2333,-1.1024,9.277,0.005,-0.0063,9.8066,0.0342,-0.0228,0.01,-18.75,-35.5,-3.69,248.64,-81.15,-174.58
52.391495,-1.515035,153.83,7.24,3,58.12,19 / 20,5006610,2019-09-06 20:43:32:353,-0.3562,-0.7482,9.1558,-0.0059,-0.0169,9.8066,0.0616,-0.0831,0.0303,-18.81,-35.25,-4,250,-81.37,-173.45
52.391495,-1.515035,153.83,7.24,3,58.12,19 / 20,5006710,2019-09-06 20:43:32:453,-1.0593,-0.826,10.1023,0.0022,-0.0112,9.8065,-0.0563,-0.0712,0.0537,-18.62,-35.19,-4.37,250.96,-81.37,-172.37
52.391495,-1.515035,153.83,7.24,3,58.12,19 / 20,5006810,2019-09-06 20:43:32:553,-1.9158,-2.1695,10.0707,0.0312,0.0101,9.8066,-0.0217,-0.014,0.0003,-19.44,-35.75,-4.5,250.81,-81.2,-171.81
52.391495,-1.515035,153.83,7.24,3,58.12,19 / 20,5006909,2019-09-06 20:43:32:652,-1.028,-1.0306,9.9519,0.0359,0.0332,9.8065,0.1225,-0.0249,-0.0506,-18.87,-35.06,-4.62,247.76,-80.98,-172.6
52.391495,-1.515035,153.83,7.24,3,58.12,19 / 20,5007009,2019-09-06 20:43:32:752,-1.0037,-1.6023,10.0518,-0.0169,0.0024,9.8066,0.0961,-0.0407,-0.0206,-19,-35.56,-4.25,248.85,-80.85,-173.37
52.391495,-1.515035,153.83,7.24,3,58.12,19 / 20,5007109,2019-09-06 20:43:32:852,-0.7403,-1.3681,10.0477,-0.0438,-0.0078,9.8065,-0.087,0.019,-0.0325,-18.19,-35.69,-4.37,246.62,-81.04,-174.73
52.391495,-1.515035,153.83,7.24,3,58.12,19 / 20,5007210,2019-09-06 20:43:32:953,-0.2284,-0.6703,9.4706,0.0128,0.0206,9.8066,-0.0949,-0.0507,0.0059,-18.94,-35.81,-4.62,244.01,-81.07,-176.56
52.391495,-1.515035,153.83,7.24,3,58.12,19 / 20,5007310,2019-09-06 20:43:33:053,-2.7074,-1.4232,8.2251,0.0362,0.0177,9.8066,0.0964,-0.0647,0.0452,-19,-34.87,-4.94,244.72,-81.17,-176.35
52.391495,-1.515035,153.83,7.24,3,58.12,19 / 20,5007409,2019-09-06 20:43:33:152,-1.5801,-0.4498,8.9312,-0.0703,-0.0582,9.8062,0.1254,0.0048,0.0075,-18.44,-35.5,-5.12,243.87,-81.2,-175.81
52.391495,-1.515035,153.83,7.24,3,58.12,19 / 20,5007509,2019-09-06 20:43:33:252,-0.9343,0.2177,9.6243,-0.0589,-0.0533,9.8063,-0.0701,0.0105,0.0557,-18.31,-35.69,-4.44,248.95,-81.85,-173.62
52.391495,-1.515035,153.83,7.24,3,58.12,19 / 20,5007610,2019-09-06 20:43:33:353,-0.6222,-1.8842,10.5097,0.0406,0.0018,9.8065,-0.1021,0.0142,0.0734,-18.44,-34.62,-4.25,251.59,-81.72,-170.88
52.391495,-1.515035,153.83,7.24,3,58.12,19 / 20,5007710,2019-09-06 20:43:33:453,-1.2792,-1.6362,9.9754,-0.0042,-0.0248,9.8065,-0.0338,0.0134,0.0362,-19.81,-34.87,-4.5,255.16,-81.76,-169.78
52.391495,-1.515035,153.83,7.24,3,58.12,19 / 20,5007810,2019-09-06 20:43:33:553,-1.9381,-2.5215,9.9496,0.0132,-0.0135,9.8066,-0.0649,-0.0249,0.0047,-20.69,-35.44,-4.69,255.56,-81.62,-167.83
52.391495,-1.515035,153.83,7.24,3,58.12,19 / 20,5007910,2019-09-06 20:43:33:653,-1.275,-1.7905,10.4794,0.0019,0.0084,9.8066,0.1637,0.0013,-0.0654,-19.56,-35.25,-4.69,253.95,-81.43,-167.96
52.391495,-1.515035,153.83,7.24,3,58.12,19 / 20,5008009,2019-09-06 20:43:33:752,-1.5215,-0.5367,9.3702,-0.0428,-0.0195,9.8064,0.2452,-0.0705,0.068,-19.94,-35.31,-4.62,252.96,-81.43,-169.03
52.391495,-1.515035,153.83,7.24,3,58.12,19 / 20,5008110,2019-09-06 20:43:33:853,-1.3651,-1.903,10.1664,0.0173,-0.0066,9.8066,-0.1316,0.0024,0.0055,-20.19,-35,-4.44,257.57,-81.68,-167.07
52.391495,-1.515035,153.83,7.24,3,58.12,19 / 20,5008210,2019-09-06 20:43:33:953,-2.7636,-1.7883,9.8033,0.0104,0.0123,9.8066,-0.1398,-0.0185,0.0226,-19.69,-35.06,-4.31,258.09,-81.7,-166.55
52.391495,-1.515035,153.83,7.24,3,58.12,19 / 20,5008310,2019-09-06 20:43:34:053,-0.8836,-1.2938,9.7905,0.0527,0.0314,9.8064,0.2161,0.0204,-0.0282,-19.62,-35.62,-4.19,256.87,-81.46,-167.01
52.391495,-1.515035,153.83,7.24,3,58.12,19 / 20,5008410,2019-09-06 20:43:34:153,-1.3822,-1.5573,9.5239,-0.023,-0.0178,9.8066,0.1918,0.0518,-0.0053,-19.75,-35.12,-4.31,256.2,-81.17,-167.65
52.391495,-1.515035,153.83,7.24,3,58.12,19 / 20,5008509,2019-09-06 20:43:34:252,-1.1938,-0.8387,8.6568,-0.0427,-0.0277,9.8064,0.0235,-0.0109,-0.0331,-19.81,-34.94,-3.69,256.57,-81.18,-167.29
52.391495,-1.515035,153.83,7.24,3,58.12,19 / 20,5008610,2019-09-06 20:43:34:353,-0.3556,-1.1283,9.8441,-0.002,0.0067,9.8065,-0.0933,-0.0954,0.0289,-19.69,-34.69,-4,257.02,-81.47,-167.29
52.391495,-1.515035,153.83,7.24,3,58.12,19 / 20,5008709,2019-09-06 20:43:34:452,-1.7729,-1.0293,10.4362,-0.0028,0.0093,9.8066,-0.059,-0.1088,0.023,-20.31,-35,-4.62,255.55,-81.84,-166.93
52.391495,-1.515035,153.83,7.24,3,58.12,19 / 20,5008809,2019-09-06 20:43:34:552,-2.4155,-0.881,10.1834,0.015,0.0144,9.8066,-0.0484,0.0367,-0.0417,-20.62,-34.44,-4.37,258.73,-81.89,-167.76
52.391495,-1.515035,153.83,7.24,3,58.12,19 / 20,5008909,2019-09-06 20:43:34:652,-1.6407,-1.716,10.1586,0.0508,0.0348,9.8064,0.2919,-0.0082,-0.0482,-20,-35.12,-4.44,254.87,-81.41,-169.5
52.391495,-1.515035,153.83,7.24,3,58.12,19 / 20,5009009,2019-09-06 20:43:34:752,-0.3503,-1.7502,10.2087,-0.0276,0.0134,9.8065,0.2134,-0.033,-0.0639,-19.94,-35.12,-3.25,254.86,-80.82,-171.15
52.391495,-1.515035,153.83,7.24,3,58.12,19 / 20,5009109,2019-09-06 20:43:34:852,-0.9042,-1.4446,9.9643,-0.0421,-0.0025,9.8066,-0.1877,-0.0383,-0.0317,-19.81,-35.19,-3.56,250.4,-80.94,-173.61
52.391495,-1.515035,153.83,7.24,3,58.12,19 / 20,5009210,2019-09-06 20:43:34:953,-1.2073,-1.9425,10.1827,0.0082,0.0353,9.8066,-0.16,0.0064,-0.0568,-20.12,-35.81,-3.5,250.56,-81.03,-175.79
52.391495,-1.515035,153.83,7.24,3,58.12,19 / 20,5009309,2019-09-06 20:43:35:052,-0.5276,-2.1126,9.7002,-0.0203,0.0268,9.8066,-0.057,0.0234,-0.098,-19.19,-35.56,-3.31,248.08,-81.53,-178.2
52.392143,-1.514173,152.48,10.29,3,41.17,19 / 20,5009410,2019-09-06 20:43:35:153,-1.3274,-2.4267,9.882,0.0108,0.0373,9.8065,-0.1181,0.0394,-0.1018,-19.37,-35.19,-3.75,244.55,-81.75,179.83
52.392143,-1.514173,152.48,10.29,3,41.17,19 / 20,5009510,2019-09-06 20:43:35:253,-0.9418,-2.1811,8.9616,0.0121,0.0369,9.8065,0.1149,-0.0568,-0.0969,-18.19,-36.37,-3.75,239.42,-81.54,176.1
52.392143,-1.514173,152.48,10.29,3,41.17,19 / 20,5009609,2019-09-06 20:43:35:352,-1.2687,-1.3435,8.7262,-0.0499,0.0108,9.8065,0.0074,-0.0361,-0.0397,-18.94,-36.5,-3.87,239.41,-81.43,174.89
52.392143,-1.514173,152.48,10.29,3,41.17,19 / 20,5009710,2019-09-06 20:43:35:453,-1.7186,-0.6728,9.2463,-0.0513,-0.0127,9.8065,-0.0735,-0.0623,-0.0359,-18.19,-36.5,-4.12,235.94,-81.86,171.53
52.392143,-1.514173,152.48,10.29,3,41.17,19 / 20,5009810,2019-09-06 20:43:35:553,-0.8429,-1.4531,9.3227,-0.0105,-0.0063,9.8066,-0.0982,-0.0309,-0.035,-18.06,-36.06,-4.31,235.99,-82.31,170.86
52.392143,-1.514173,152.48,10.29,3,41.17,19 / 20,5009910,2019-09-06 20:43:35:653,-1.6634,-2.0905,10.2985,-0.0284,-0.0016,9.8065,-0.0916,0.0275,0.0192,-17.94,-35.62,-4.44,235.67,-82.75,169.79
52.392143,-1.514173,152.48,10.29,3,41.17,19 / 20,5010010,2019-09-06 20:43:35:753,-0.2679,-1.2297,9.7562,0.0262,-0.0084,9.8065,0.1104,-0.0654,-0.0211,-17.87,-35.44,-4.25,236.49,-83.09,169.85
52.392143,-1.514173,152.48,10.29,3,41.17,19 / 20,5010109,2019-09-06 20:43:35:852,-0.6627,-0.4521,10.0658,0.0109,0.0056,9.8066,-0.1777,-0.0117,0.133,-18.5,-35.12,-4.44,237.85,-83.16,171.28
52.392143,-1.514173,152.48,10.29,3,41.17,19 / 20,5010210,2019-09-06 20:43:35:953,-1.6233,-0.1392,9.2475,0.0446,0.0014,9.8065,-0.2592,-0.0555,0.0472,-18.31,-35.94,-4.12,238.33,-83.27,171.97
52.392143,-1.514173,152.48,10.29,3,41.17,19 / 20,5010310,2019-09-06 20:43:36:053,-1.3824,-1.6699,8.4796,0.0776,0.0243,9.8063,0.1132,-0.0253,0.059,-18.56,-35.69,-4.5,241.58,-82.84,175.07
52.392143,-1.514173,152.48,10.29,3,41.17,19 / 20,5010409,2019-09-06 20:43:36:152,-1.2134,-1.9978,8.9759,-0.0509,-0.0581,9.8063,-0.0497,-0.0541,0.1167,-19,-35.94,-4.87,242.52,-83.53,177.72
52.392143,-1.514173,152.48,10.29,3,41.17,19 / 20,5010510,2019-09-06 20:43:36:253,-2.7683,-1.284,9.3186,-0.0043,-0.0403,9.8065,0.1369,-0.0732,0.05,-19.12,-35,-4.75,246.18,-83.62,-178.72
52.392143,-1.514173,152.48,10.29,3,41.17,19 / 20,5010610,2019-09-06 20:43:36:353,-0.0797,-1.2852,10.4557,-0.0619,-0.0537,9.8063,0.3058,-0.0608,0.0649,-19.06,-35,-4.81,249.71,-84.06,-175.64
52.392143,-1.514173,152.48,10.29,3,41.17,19 / 20,5010711,2019-09-06 20:43:36:454,-0.3885,-0.6737,10.3773,-0.0532,-0.06,9.8062,0.058,-0.0507,0.1119,-19.75,-34.75,-4.56,253,-83.89,-173.06
52.392143,-1.514173,152.48,10.29,3,41.17,19 / 20,5010810,2019-09-06 20:43:36:553,-0.6694,-0.8241,10.2399,0.0221,-0.0113,9.8066,0.2038,-0.0919,0.0488,-19.81,-35,-4.25,256.85,-83.47,-170.89
52.392143,-1.514173,152.48,10.29,3,41.17,19 / 20,5010910,2019-09-06 20:43:36:653,-0.4247,-0.3884,9.8714,-0.0252,-0.0228,9.8065,-0.1164,0.0064,0.0511,-20,-35.06,-4.56,256.63,-83.35,-168.32
52.392143,-1.514173,152.48,10.29,3,41.17,19 / 20,5011010,2019-09-06 20:43:36:753,-0.3808,-1.1577,11.292,0.0456,-0.0066,9.8065,0.0869,0.0002,0.0274,-19.69,-35.06,-3.81,260.77,-83.22,-166.37
52.392143,-1.514173,152.48,10.29,3,41.17,19 / 20,5011109,2019-09-06 20:43:36:852,-0.2061,-0.7592,11.185,0.0075,-0.0001,9.8066,-0.0258,-0.0134,0.0042,-19.56,-34.87,-3.81,261.47,-83.21,-165.62
52.392143,-1.514173,152.48,10.29,3,41.17,19 / 20,5011210,2019-09-06 20:43:36:953,-1.7909,-0.2861,9.8259,0.0575,0.0229,9.8064,-0.0468,0.0387,-0.0223,-19.62,-35.56,-3.87,259.48,-82.69,-166.43
52.392143,-1.514173,152.48,10.29,3,41.17,19 / 20,5011310,2019-09-06 20:43:37:053,-1.4828,-1.3275,9.7648,0.0355,0.0096,9.8065,0.0421,0.0092,-0.0418,-20.06,-35.12,-3.5,261.99,-82.51,-166.53
52.392143,-1.514173,152.48,10.29,3,41.17,19 / 20,5011409,2019-09-06 20:43:37:152,0.1898,-1.5171,9.9227,-0.0142,-0.0046,9.8066,-0.2514,0.0489,-0.0505,-20.25,-35.69,-3.19,261.77,-82.54,-166.44
52.392143,-1.514173,152.48,10.29,3,41.17,19 / 20,5011510,2019-09-06 20:43:37:253,-0.9301,-1.0376,10.2233,0.0098,0.0273,9.8066,-0.1502,-0.0235,-0.0106,-19.56,-34.87,-4.19,259.44,-82.6,-166.69
52.392143,-1.514173,152.48,10.29,3,41.17,19 / 20,5011610,2019-09-06 20:43:37:353,-1.8923,-1.7975,9.6889,-0.0435,-0.014,9.8065,0.1287,-0.0483,0.042,-20.81,-35.12,-4.31,259.09,-82.78,-168.47
52.392143,-1.514173,152.48,10.29,3,41.17,19 / 20,5011709,2019-09-06 20:43:37:452,-1.9753,-0.4332,10.1347,-0.0384,-0.0265,9.8065,0.0889,0.0556,-0.0538,-19.87,-35.31,-4.37,259.28,-83.08,-167.68
52.392143,-1.514173,152.48,10.29,3,41.17,19 / 20,5011810,2019-09-06 20:43:37:553,-0.0883,-1.2891,9.9513,-0.0509,-0.0061,9.8065,-0.0362,0.016,0.0144,-20.37,-35.25,-4.56,256.29,-83.2,-168.42
52.392143,-1.514173,152.48,10.29,3,41.17,19 / 20,5011909,2019-09-06 20:43:37:652,-0.7142,-0.2815,9.2192,0.0245,0.0185,9.8065,0.0012,-0.0104,-0.0052,-19.81,-35.75,-4.25,257.71,-83,-168.85
52.392143,-1.514173,152.48,10.29,3,41.17,19 / 20,5012009,2019-09-06 20:43:37:752,-1.5749,-0.935,9.0993,0.0435,0.0097,9.8065,-0.0112,-0.0142,0.0399,-19.94,-35.62,-4.19,258.18,-82.92,-168.22
52.392143,-1.514173,152.48,10.29,3,41.17,19 / 20,5012110,2019-09-06 20:43:37:853,-1.3714,-0.9136,10.0101,-0.0139,-0.0302,9.8066,0.0422,-0.0076,0.0304,-20.19,-36.19,-3.62,259.85,-82.96,-166.53
52.392143,-1.514173,152.48,10.29,3,41.17,19 / 20,5012210,2019-09-06 20:43:37:953,-0.5144,-1.5725,10.4171,-0.0016,-0.0083,9.8066,-0.0064,-0.0605,0.0295,-20,-35.56,-3.69,262.17,-82.98,-164.15
52.392143,-1.514173,152.48,10.29,3,41.17,19 / 20,5012310,2019-09-06 20:43:38:053,-0.7943,-0.1562,9.7249,0.005,-0.0056,9.8066,0.0689,-0.0479,-0.0412,-20.37,-35.5,-3.5,265.3,-82.93,-163.84
52.392143,-1.514173,152.48,10.29,3,41.17,19 / 20,5012409,2019-09-06 20:43:38:152,-0.3457,-0.7305,10.1537,-0.0124,-0.0097,9.8066,0.0023,-0.0772,0.0599,-20.06,-34.81,-3.12,265.68,-82.9,-163.41
52.392143,-1.514173,152.48,10.29,3,41.17,19 / 20,5012510,2019-09-06 20:43:38:253,-0.1833,-0.2355,9.2841,0.0217,0.0124,9.8066,-0.0614,-0.0129,0.0038,-20.87,-35.75,-3.06,266.13,-82.65,-163.16
52.392143,-1.514173,152.48,10.29,3,41.17,19 / 20,5012609,2019-09-06 20:43:38:352,-1.3786,-2.2837,10.658,0.0309,-0.0024,9.8065,-0.0963,-0.0401,-0.0158,-20.75,-34.94,-3.37,267.71,-82.67,-161.94
52.392143,-1.514173,152.48,10.29,3,41.17,19 / 20,5012710,2019-09-06 20:43:38:453,-2.0026,-1.184,10.1306,-0.0281,0.0131,9.8065,0.0256,-0.0614,-0.0299,-19.94,-35.75,-3.06,266.66,-82.79,-161.85
52.392143,-1.514173,152.48,10.29,3,41.17,19 / 20,5012809,2019-09-06 20:43:38:552,-2.3898,0.3538,9.5221,-0.0055,0.0128,9.8066,0.1044,-0.0163,-0.005,-20.81,-35.5,-2.81,265.98,-82.86,-164.02
52.392143,-1.514173,152.48,10.29,3,41.17,19 / 20,5012910,2019-09-06 20:43:38:653,-0.0698,-2.3833,10.2175,-0.0098,-0.0115,9.8065,0.2232,-0.1134,0.0992,-20.5,-35.31,-2.81,265.17,-82.8,-163.76
52.392143,-1.514173,152.48,10.29,3,41.17,19 / 20,5013010,2019-09-06 20:43:38:753,-1.2813,-0.1605,9.8594,-0.0455,-0.0281,9.8064,-0.0345,-0.0952,0.0094,-20.69,-35.44,-3.25,266.91,-82.75,-162.89
52.392143,-1.514173,152.48,10.29,3,41.17,19 / 20,5013110,2019-09-06 20:43:38:853,-1.4125,-1.3435,10.2981,-0.0051,0.0078,9.8066,-0.0486,-0.0378,-0.0324,-20.62,-34.94,-3.44,266.2,-82.86,-163.79
52.392143,-1.514173,152.48,10.29,3,41.17,19 / 20,5013209,2019-09-06 20:43:38:952,-1.9996,-0.9653,10.1677,-0.0179,0.0068,9.8066,0.0172,-0.0727,0.0048,-19.75,-34.5,-3.56,262.47,-83.07,-164.69
52.392143,-1.514173,152.48,10.29,3,41.17,19 / 20,5013310,2019-09-06 20:43:39:053,-0.991,-1.505,9.4026,0.0088,0.0061,9.8066,0.0006,-0.0552,0.0216,-20.94,-34.94,-3.56,262.89,-83.08,-165
52.392143,-1.514173,152.48,10.29,3,41.17,19 / 20,5013409,2019-09-06 20:43:39:152,-0.1852,-1.9619,9.6508,0.026,-0.0098,9.8066,-0.1771,0.0448,-0.0498,-20.56,-34.62,-3.62,263.4,-82.96,-164.27
52.392143,-1.514173,152.48,10.29,3,41.17,19 / 20,5013510,2019-09-06 20:43:39:253,-1.8049,-1.6339,9.5145,-0.0084,0.0142,9.8066,-0.1082,-0.1096,0.0201,-20.87,-35.37,-4.06,262.76,-83.09,-165.16
52.392143,-1.514173,152.48,10.29,3,41.17,19 / 20,5013609,2019-09-06 20:43:39:352,-2.407,-0.97,9.601,0.0091,0.0074,9.8066,0.0041,-0.113,0.0477,-20.25,-35.19,-4.12,261.78,-83.11,-165.13
52.392143,-1.514173,152.48,10.29,3,41.17,19 / 20,5013710,2019-09-06 20:43:39:453,-2.3069,-1.0208,8.9078,-0.0223,-0.0223,9.8065,-0.0323,-0.0068,0.0127,-19.87,-35.12,-3.19,266.03,-83.45,-164.03
52.392143,-1.514173,152.48,10.29,3,41.17,19 / 20,5013810,2019-09-06 20:43:39:553,-2.3337,-1.5402,9.3154,0.0101,-0.0074,9.8066,-0.1691,-0.0792,0.062,-21.31,-34.75,-3.12,267.79,-83.36,-163.03
52.392143,-1.514173,152.48,10.29,3,41.17,19 / 20,5013910,2019-09-06 20:43:39:653,-1.1893,-2.9638,9.7771,-0.0413,-0.0286,9.8064,0.0743,-0.0895,0.0498,-21.75,-35.31,-2.75,270.09,-83.42,-161.66
52.392143,-1.514173,152.48,10.29,3,41.17,19 / 20,5014010,2019-09-06 20:43:39:753,-1.3642,-2.0688,10.3305,-0.0216,-0.0203,9.8066,-0.0356,-0.0856,0.0007,-20.81,-34.12,-2.81,272.38,-83.66,-159.22
52.392143,-1.514173,152.48,10.29,3,41.17,19 / 20,5014109,2019-09-06 20:43:39:852,-1.7585,-1.773,10.2596,0.0071,-0.0077,9.8066,0.0441,-0.1237,0.0072,-22,-34.75,-2.31,276.14,-83.57,-158.4
52.392143,-1.514173,152.48,10.29,3,41.17,19 / 20,5014209,2019-09-06 20:43:39:952,-1.6036,-1.7562,9.6502,0.0054,0.0025,9.8066,0.0564,-0.1316,0.004,-22.31,-35.19,-2.56,273.04,-83.44,-158.75
52.392143,-1.514173,152.48,10.29,3,41.17,19 / 20,5014309,2019-09-06 20:43:40:052,-1.19,-2.2725,9.7159,0.0003,0.001,9.8066,0.021,-0.1699,0.0249,-21.44,-35.56,-1.56,273.6,-83.35,-159.49
52.392143,-1.514173,152.48,10.29,3,41.17,19 / 20,5014409,2019-09-06 20:43:40:152,-1.0918,-1.4649,10.0186,-0.0127,0.0004,9.8066,0.0242,-0.135,0.0211,-22.06,-35.56,-0.69,276.91,-83.35,-159.54
52.392143,-1.514173,152.48,10.29,3,41.17,19 / 20,5014510,2019-09-06 20:43:40:253,-0.8782,-1.4075,10.3651,0.0032,0.0049,9.8066,0.0091,-0.0976,-0.053,-22.69,-35.75,-0.81,276.85,-83.38,-160.24
52.392143,-1.514173,152.48,10.29,3,41.17,19 / 20,5014611,2019-09-06 20:43:40:354,-0.8426,-1.2111,9.8746,-0.0151,0.0071,9.8066,0.0278,-0.1484,0.0118,-21.75,-35.31,-0.12,278.51,-83.53,-161.16
52.392143,-1.514173,152.48,10.29,3,41.17,19 / 20,5014709,2019-09-06 20:43:40:452,-0.5841,-1.7844,9.9114,0.0006,0.0069,9.8065,-0.0304,-0.1709,0.006,-22.19,-34.5,0.13,278.43,-83.62,-161.68
52.392143,-1.514173,152.48,10.29,3,41.17,19 / 20,5014809,2019-09-06 20:43:40:552,-0.3679,-1.9129,10.0164,0.0043,-0.0009,9.8066,0.0064,-0.1857,0.0041,-23.19,-34.87,0.44,278.7,-83.68,-161.66
52.392143,-1.514173,152.48,10.29,3,41.17,19 / 20,5014910,2019-09-06 20:43:40:653,-0.3414,-2.0133,9.6561,0.0107,0.0003,9.8066,-0.03,-0.2287,0.0209,-22.69,-34.62,0.81,281.09,-83.61,-161.71
52.392143,-1.514173,152.48,10.29,3,41.17,19 / 20,5015010,2019-09-06 20:43:40:753,-0.2706,-2.0085,9.8412,0.0182,0.002,9.8066,0.0397,-0.2669,0.0145,-22.44,-34.87,1.5,283.32,-83.54,-161.74
52.392143,-1.514173,152.48,10.29,3,41.17,19 / 20,5015110,2019-09-06 20:43:40:853,-0.1288,-2.3036,9.8197,-0.0048,0.0062,9.8066,-0.0244,-0.268,0.0045,-23.56,-34.87,1.88,283.23,-83.48,-162.14
52.392143,-1.514173,152.48,10.29,3,41.17,19 / 20,5015210,2019-09-06 20:43:40:953,-0.5078,-2.5771,9.9497,0.0035,0.0068,9.8066,0.0106,-0.2858,0.0064,-23.56,-35.31,2.88,284.73,-83.49,-163.12
52.392143,-1.514173,152.48,10.29,3,41.17,19 / 20,5015309,2019-09-06 20:43:41:052,-0.1578,-2.4023,9.6763,-0.012,0.0024,9.8066,0.018,-0.3411,0.0335,-22.94,-34.81,3.06,284.05,-83.62,-163.88
52.392143,-1.514173,152.48,10.29,3,41.17,19 / 20,5015410,2019-09-06 20:43:41:153,-0.282,-2.0373,9.9703,0.0033,-0.0004,9.8066,-0.0372,-0.3661,0.0175,-23.19,-35.12,4.25,286.9,-83.59,-163.6
52.392143,-1.514173,152.48,10.29,3,41.17,19 / 20,5015510,2019-09-06 20:43:41:253,-0.9288,-2.6831,10.074,0.0031,0.0037,9.8066,-0.0307,-0.4266,0.0805,-24,-33.81,4,287.38,-83.72,-163.54
52.392143,-1.514173,152.48,10.29,3,41.17,19 / 20,5015610,2019-09-06 20:43:41:353,-1.0853,-2.9682,9.396,0.0095,-0.0092,9.8066,0.0276,-0.4328,0.0367,-24,-34.75,5.56,293,-83.71,-162.66
52.392143,-1.514173,152.48,10.29,3,41.17,19 / 20,5015709,2019-09-06 20:43:41:452,-1.2984,-3.5565,9.992,-0.0096,-0.0035,9.8066,-0.0264,-0.478,0.0466,-23.75,-34,6.25,293.92,-83.81,-162.17
52.392143,-1.514173,152.48,10.29,3,41.17,19 / 20,5015810,2019-09-06 20:43:41:553,-1.1773,-3.032,9.9413,-0.0127,0.009,9.8066,-0.0106,-0.4815,0.0017,-23.94,-34.5,7.06,297.04,-83.99,-161.77
52.392143,-1.514173,152.48,10.29,3,41.17,19 / 20,5015910,2019-09-06 20:43:41:653,-1.2125,-2.7306,9.7723,-0.0009,0.028,9.8066,-0.0208,-0.4506,-0.0711,-24.69,-34.44,7.88,295.52,-84.17,-165.26
52.392143,-1.514173,152.48,10.29,3,41.17,19 / 20,5016009,2019-09-06 20:43:41:752,-1.15,-2.6016,9.6829,-0.0063,0.0358,9.8066,-0.0827,-0.4787,-0.0069,-23.12,-34.31,9.88,297.88,-84.36,-168.71
52.392143,-1.514173,152.48,10.29,3,41.17,19 / 20,5016110,2019-09-06 20:43:41:853,-0.9549,-2.8397,9.6762,0.0051,0.0026,9.8066,-0.0442,-0.5808,0.0568,-23.19,-35,10.19,295.39,-84.65,-171.24
52.392143,-1.514173,152.48,10.29,3,41.17,19 / 20,5016209,2019-09-06 20:43:41:952,-1.2974,-2.8629,9.7698,-0.0287,0.0048,9.8065,-0.1405,-0.5629,0.0935,-23.12,-34.31,10.31,297.41,-84.98,-169.94
52.392143,-1.514173,152.48,10.29,3,41.17,19 / 20,5016309,2019-09-06 20:43:42:052,-1.8448,-2.8061,9.9087,-0.0051,-0.0028,9.8066,-0.1346,-0.5337,-0.0117,-23.62,-34,10.69,300.36,-85.32,-168.97
52.392143,-1.514173,152.48,10.29,3,41.17,19 / 20,5016410,2019-09-06 20:43:42:153,-1.5017,-2.9151,9.5904,-0.0069,0.0251,9.8066,-0.1003,-0.5105,-0.018,-23.06,-34.12,12.69,305.07,-85.69,-169.78
52.392143,-1.514173,152.48,10.29,3,41.17,19 / 20,5016510,2019-09-06 20:43:42:253,-1.9638,-2.3474,9.5447,-0.0187,0.0257,9.8065,-0.0928,-0.5628,0.0016,-22.75,-33.87,12.88,301.89,-86.31,-173.49
52.392143,-1.514173,152.48,10.29,3,41.17,19 / 20,5016609,2019-09-06 20:43:42:352,-1.8166,-2.0579,9.2897,-0.0293,0.0237,9.8065,-0.0491,-0.5989,0.0247,-22.19,-34.25,13.63,304.02,-86.72,-174.86
52.392143,-1.514173,152.48,10.29,3,41.17,19 / 20,5016710,2019-09-06 20:43:42:453,-1.5022,-2.0941,9.5204,-0.0338,0.0007,9.8066,-0.052,-0.5852,0.0714,-22.56,-34.44,14.94,309.47,-87.16,-170.89
52.392143,-1.514173,152.48,10.29,3,41.17,19 / 20,5016809,2019-09-06 20:43:42:552,-1.6438,-2.8229,9.6063,-0.0362,-0.0032,9.8065,-0.0397,-0.5664,0.0544,-22.19,-34.56,14.69,317.17,-87.38,-164.74
52.392143,-1.514173,152.48,10.29,3,41.17,19 / 20,5016910,2019-09-06 20:43:42:653,-1.5863,-1.0195,10.7105,-0.0196,-0.0115,9.8065,-0.0491,-0.5387,0.0793,-21.87,-35,15.31,323.57,-87.48,-158.72
52.392143,-1.514173,152.48,10.29,3,41.17,19 / 20,5017009,2019-09-06 20:43:42:752,-2.1391,-3.2923,11.7303,-0.0677,-0.0263,9.8064,0.068,-0.5788,0.1582,-21,-33.44,16.13,344.23,-87.38,-142.17
52.392143,-1.514173,152.48,10.29,3,41.17,19 / 20,5017110,2019-09-06 20:43:42:853,-1.7521,-2.0507,9.7771,0.0032,-0.0383,9.8065,-0.0118,-0.5057,0.0001,-21.12,-32.69,17.5,352.86,-86.58,-137.22
52.392143,-1.514173,152.48,10.29,3,41.17,19 / 20,5017209,2019-09-06 20:43:42:952,-1.9547,-2.4162,9.4496,0.0125,-0.0609,9.8064,-0.0359,-0.559,0.0991,-21.44,-33.31,18.63,354.56,-86.06,-137.13
52.392143,-1.514173,152.48,10.29,3,41.17,19 / 20,5017310,2019-09-06 20:43:43:053,-2.7424,-2.274,9.5347,0.0162,-0.0349,9.8065,0.0213,-0.6015,0.0923,-19.87,-33.12,19.88,356.88,-85.42,-137.82
52.392143,-1.514173,152.48,10.29,3,41.17,19 / 20,5017410,2019-09-06 20:43:43:153,-1.3574,-2.0112,9.8253,0.0338,-0.0157,9.8065,-0.0326,-0.539,0.0011,-19.37,-33.81,20.69,356.85,-85.12,-140.68
52.392143,-1.514173,152.48,10.29,3,41.17,19 / 20,5017509,2019-09-06 20:43:43:252,-1.7158,-1.2856,9.7015,0.0211,-0.0522,9.8065,-0.1459,-0.5067,0.0596,-19.12,-34.31,21.63,357.21,-84.78,-141.67
52.392143,-1.514173,152.48,10.29,3,41.17,19 / 20,5017610,2019-09-06 20:43:43:353,-1.3536,-0.7248,10.0123,-0.0111,0.0086,9.8066,-0.0679,-0.5209,0.0551,-18.81,-33.87,22.44,0.09,-84.98,-139.11
52.392143,-1.514173,152.48,10.29,3,41.17,19 / 20,5017710,2019-09-06 20:43:43:453,-1.1994,-0.7382,9.7127,-0.0331,0.0093,9.8065,-0.1257,-0.4505,0.0539,-18.75,-33.69,21.81,5.14,-85.13,-134.57
52.392143,-1.514173,152.48,10.29,3,41.17,19 / 20,5017809,2019-09-06 20:43:43:552,-1.7304,-0.0705,10.1428,-0.0176,-0.0067,9.8066,-0.0173,-0.3313,0.0512,-17.87,-32.81,22.25,11.82,-85.03,-130.12
52.392143,-1.514173,152.48,10.29,3,41.17,19 / 20,5017909,2019-09-06 20:43:43:652,-0.1834,-0.588,9.7232,0.0067,-0.0134,9.8066,0.0319,-0.2901,0.0136,-17.62,-33.06,23.5,15.75,-84.94,-128.94
52.392143,-1.514173,152.48,10.29,3,41.17,19 / 20,5018010,2019-09-06 20:43:43:753,-0.5944,-1.3071,9.795,0.0046,-0.0027,9.8066,-0.0283,-0.2621,0.0015,-16.81,-33,23.94,16.28,-84.74,-130.13
52.392143,-1.514173,152.48,10.29,3,41.17,19 / 20,5018109,2019-09-06 20:43:43:852,-0.92,-0.2624,10.579,0.022,-0.0331,9.8065,0.0761,-0.2163,-0.0018,-16.25,-32.56,24.69,17.27,-84.61,-131.96
52.392143,-1.514173,152.48,10.29,3,41.17,19 / 20,5018210,2019-09-06 20:43:43:953,-0.9842,-0.4841,9.8374,0.0157,-0.0278,9.8065,0.0122,-0.2209,0.0085,-16.56,-33.87,25.25,11.88,-84.31,-135.28
52.392143,-1.514173,152.48,10.29,3,41.17,19 / 20,5018310,2019-09-06 20:43:44:053,-0.6782,-0.7539,9.5074,0.0142,-0.0222,9.8065,-0.005,-0.2544,0.0197,-16.19,-33.25,25.69,12.87,-84.12,-137
52.39242,-1.513504,150.45,4.11,4,142.45,19 / 20,5018410,2019-09-06 20:43:44:153,-0.5784,-0.6838,10.5442,0.0153,-0.0297,9.8065,0.0443,-0.2415,0.0303,-15.94,-33.12,25.81,12.37,-84.06,-137.46
52.39242,-1.513504,150.45,4.11,4,142.45,19 / 20,5018509,2019-09-06 20:43:44:252,-1.1904,0.2976,9.9859,0.0231,-0.0361,9.8065,0.1317,-0.1932,-0.0291,-15.69,-33.69,26.13,9.63,-83.74,-139.98
52.39242,-1.513504,150.45,4.11,4,142.45,19 / 20,5018610,2019-09-06 20:43:44:353,-0.57,-0.4889,9.8742,0.0071,0.0094,9.8066,0.0504,-0.1837,-0.007,-15.62,-33.25,26.25,7.98,-83.58,-141.42
52.39242,-1.513504,150.45,4.11,4,142.45,19 / 20,5018710,2019-09-06 20:43:44:453,-0.1973,0.1573,9.9411,0.007,0.0033,9.8066,0.0367,-0.1531,0.0079,-15,-32.56,26.56,8.69,-83.62,-143.33
52.39242,-1.513504,150.45,4.11,4,142.45,19 / 20,5018810,2019-09-06 20:43:44:553,-0.0807,-0.1251,9.9797,0.015,-0.0116,9.8066,0.034,-0.0945,-0.0432,-14.87,-32.81,26.31,5.25,-83.51,-145.45
52.39242,-1.513504,150.45,4.11,4,142.45,19 / 20,5018909,2019-09-06 20:43:44:652,-0.6652,0.6179,10.0535,0.0233,-0.0134,9.8066,0.0516,-0.0676,-0.0419,-14.69,-33.5,27.38,4.1,-83.43,-147.38
52.39242,-1.513504,150.45,4.11,4,142.45,19 / 20,5019010,2019-09-06 20:43:44:753,-0.2263,0.3036,9.9409,0.0116,0.0064,9.8066,-0.0056,-0.1476,-0.0279,-14.87,-33.44,27.19,2.25,-83.41,-148.98
52.39242,-1.513504,150.45,4.11,4,142.45,19 / 20,5019110,2019-09-06 20:43:44:853,-0.9286,0.6273,9.8051,0.0078,-0.0049,9.8066,0.0649,-0.1171,-0.013,-13.37,-33.31,27.19,5.08,-83.36,-149.89
52.39242,-1.513504,150.45,4.11,4,142.45,19 / 20,5019210,2019-09-06 20:43:44:953,0.3898,0.4156,9.8296,0.0033,0.0133,9.8066,0.0694,-0.0646,0.0036,-14.06,-32.87,27.5,3.33,-83.31,-150.54
52.39242,-1.513504,150.45,4.11,4,142.45,19 / 20,5019310,2019-09-06 20:43:45:053,-1.1024,0.7427,10.5901,-0.0122,0.0006,9.8066,-0.0598,-0.0226,-0.04,-13.81,-33.19,27.19,2.32,-83.28,-150.58
52.39242,-1.513504,150.45,4.11,4,142.45,19 / 20,5019409,2019-09-06 20:43:45:152,-0.3744,0.9409,9.9124,0.0087,-0.0062,9.8065,0.1324,-0.0235,0.039,-13.87,-32.44,27.56,1.54,-83.18,-152.09
52.39242,-1.513504,150.45,4.11,4,142.45,19 / 20,5019510,2019-09-06 20:43:45:253,-0.4061,1.3068,9.6152,0.0121,-0.0015,9.8066,-0.0581,-0.0583,-0.0343,-13.62,-32.87,27.38,0.35,-83.04,-152.29
52.39242,-1.513504,150.45,4.11,4,142.45,19 / 20,5019610,2019-09-06 20:43:45:353,-1.3424,1.7111,10.2936,0.0114,-0.0142,9.8065,-0.0693,-0.0219,0.0002,-13.19,-33.31,27.38,1,-82.99,-153.43
52.39242,-1.513504,150.45,4.11,4,142.45,19 / 20,5019710,2019-09-06 20:43:45:453,-0.3765,1.4362,10.1263,0.0133,-0.0006,9.8066,0.0049,0.0135,-0.0221,-13.69,-33.31,27.25,358,-83.06,-154.31
52.39242,-1.513504,150.45,4.11,4,142.45,19 / 20,5019810,2019-09-06 20:43:45:553,-0.5723,0.3708,10.0975,0.0029,-0.0116,9.8066,0.0503,-0.0327,-0.027,-13.62,-32.62,27.56,357.97,-83.09,-155.19
52.39242,-1.513504,150.45,4.11,4,142.45,19 / 20,5019910,2019-09-06 20:43:45:653,-0.1358,0.5358,9.3903,0.0114,0.0036,9.8066,0.0209,0.0006,0.0014,-13.25,-33.19,27.63,359.02,-83.01,-155.94
52.39242,-1.513504,150.45,4.11,4,142.45,19 / 20,5020009,2019-09-06 20:43:45:752,-0.2994,0.1116,9.5089,-0.0023,0.0043,9.8066,-0.0543,0.012,-0.0019,-13.12,-33.44,27.31,357.6,-83.02,-156.36
52.39242,-1.513504,150.45,4.11,4,142.45,19 / 20,5020110,2019-09-06 20:43:45:853,0.2107,0.1441,10.3781,0.016,-0.0129,9.8066,0.0242,-0.0158,-0.0488,-12.75,-33.31,27.38,357.23,-83.08,-156.67
52.39242,-1.513504,150.45,4.11,4,142.45,19 / 20,5020209,2019-09-06 20:43:45:952,-0.0783,0.1219,10.1175,0.022,-0.0197,9.8065,-0.0365,-0.0376,-0.0348,-13.12,-33.25,27.69,356.04,-82.95,-158.51
52.39242,-1.513504,150.45,4.11,4,142.45,19 / 20,5020310,2019-09-06 20:43:46:053,-0.2526,0.5067,9.8585,0.0174,-0.0181,9.8065,-0.0326,-0.0101,-0.0053,-12.62,-33.06,27.44,354.26,-82.96,-159.21
52.39242,-1.513504,150.45,4.11,4,142.45,19 / 20,5020410,2019-09-06 20:43:46:153,-0.1855,0.4837,9.9516,0.0028,0.0166,9.8065,-0.0161,0.023,-0.0274,-12.87,-33.37,27.63,354.37,-83.01,-159.95
52.39242,-1.513504,150.45,4.11,4,142.45,19 / 20,5020510,2019-09-06 20:43:46:253,0.2435,0.3696,9.4985,0.01,0.0081,9.8066,0.0232,0.0461,-0.0409,-12.5,-33.69,26.81,354,-83.09,-161.17
52.39242,-1.513504,150.45,4.11,4,142.45,19 / 20,5020609,2019-09-06 20:43:46:352,0.4143,0.3519,9.5072,0.0054,0.0053,9.8066,0.0112,0.0027,-0.0081,-12.75,-33.25,27,350.27,-83.14,-162.67
52.39242,-1.513504,150.45,4.11,4,142.45,19 / 20,5020709,2019-09-06 20:43:46:452,0.1373,1.1117,9.7326,0.0154,-0.0087,9.8066,-0.0071,-0.0029,-0.0223,-12.56,-33.31,27.5,350.02,-83.04,-163.71
52.39242,-1.513504,150.45,4.11,4,142.45,19 / 20,5020809,2019-09-06 20:43:46:552,0.1176,1.1921,10.2779,-0.0024,0.008,9.8066,-0.0112,0.0588,0.0019,-12.12,-33.31,27.38,350.1,-83.14,-164.55
52.39242,-1.513504,150.45,4.11,4,142.45,19 / 20,5020910,2019-09-06 20:43:46:653,0.0217,0.5837,9.9123,0.0027,-0.0067,9.8066,0.0418,0.0507,-0.0587,-12.62,-33.5,26.5,347.91,-83.1,-164.7
52.39242,-1.513504,150.45,4.11,4,142.45,19 / 20,5021009,2019-09-06 20:43:46:752,-0.1136,0.9103,9.7851,0.002,0.0039,9.8066,0.0306,0.0216,0.008,-12.94,-33.19,26.19,346.46,-83.03,-165.03
52.39242,-1.513504,150.45,4.11,4,142.45,19 / 20,5021110,2019-09-06 20:43:46:853,0.5243,0.9351,9.7021,-0.0023,-0.0037,9.8066,0.0479,0.0452,-0.0073,-12.25,-32.75,26.75,349.19,-82.99,-165.3
52.39242,-1.513504,150.45,4.11,4,142.45,19 / 20,5021209,2019-09-06 20:43:46:952,-0.1631,0.8124,9.893,-0.006,0.0079,9.8066,0.0373,0.0239,-0.0114,-12.44,-33.19,26.75,349.69,-82.94,-164.86
52.39242,-1.513504,150.45,4.11,4,142.45,19 / 20,5021309,2019-09-06 20:43:47:052,0.1998,0.7957,9.8803,0.0015,0.0083,9.8066,0.0231,0.0587,-0.0179,-13.31,-33.12,27,347.11,-82.87,-165.34
52.39242,-1.513504,150.45,4.11,4,142.45,19 / 20,5021410,2019-09-06 20:43:47:153,0.5127,0.8953,9.5431,0.0003,0.0011,9.8066,0.0209,0.0724,-0.0189,-13,-32.94,26.5,346.24,-82.78,-166.05
52.39242,-1.513504,150.45,4.11,4,142.45,19 / 20,5021510,2019-09-06 20:43:47:253,0.6247,0.5015,9.7589,-0.0032,-0.0017,9.8066,-0.0075,0.0292,0.0108,-13.81,-32.31,26.63,344.38,-82.72,-166.04
52.39242,-1.513504,150.45,4.11,4,142.45,19 / 20,5021610,2019-09-06 20:43:47:353,0.4851,0.1267,9.6653,-0.0058,0.0025,9.8066,0.0036,0.0452,0.004,-13.69,-31.62,27.06,344.97,-82.7,-165.52
52.39242,-1.513504,150.45,4.11,4,142.45,19 / 20,5021709,2019-09-06 20:43:47:452,0.1413,0.8661,9.862,-0.0109,0.0023,9.8066,-0.0063,0.0394,0.0076,-14.19,-32.44,27.13,345.93,-82.71,-164.69
52.39242,-1.513504,150.45,4.11,4,142.45,19 / 20,5021810,2019-09-06 20:43:47:553,-0.0677,0.5042,10.0016,-0.0041,-0.0009,9.8066,-0.0063,0.0471,-0.0029,-14.25,-32.06,26.88,346.83,-82.74,-163.92
52.39242,-1.513504,150.45,4.11,4,142.45,19 / 20,5021909,2019-09-06 20:43:47:652,0.5061,0.7201,9.7354,-0.0017,0.01,9.8066,-0.036,0.0484,-0.0264,-14.25,-31.94,27.25,346.73,-82.81,-164.03
52.39242,-1.513504,150.45,4.11,4,142.45,19 / 20,5022009,2019-09-06 20:43:47:752,0.56,0.158,9.846,0.0061,-0.0067,9.8065,-0.051,0.034,-0.0135,-13.75,-31.5,27.13,347.27,-82.84,-163.62
52.39242,-1.513504,150.45,4.11,4,142.45,19 / 20,5022110,2019-09-06 20:43:47:853,0.8032,-0.6463,10.1858,0.0062,-0.0089,9.8066,-0.0178,0.0186,0.0017,-13.37,-32.19,27.38,348.91,-82.83,-163.83
52.39242,-1.513504,150.45,4.11,4,142.45,19 / 20,5022210,2019-09-06 20:43:47:953,0.8095,0.1739,9.5206,0.0236,-0.0213,9.8065,-0.1177,0.0373,-0.0535,-12.94,-32.81,26.94,347.98,-82.73,-164.55
52.39242,-1.513504,150.45,4.11,4,142.45,19 / 20,5022310,2019-09-06 20:43:48:053,0.4335,0.3198,9.5339,-0.0066,0.0205,9.8066,0.088,0.0408,0.0061,-13.37,-32.56,27.5,347.8,-82.67,-165.54
52.39242,-1.513504,150.45,4.11,4,142.45,19 / 20,5022410,2019-09-06 20:43:48:153,1.0918,-1.0731,9.7515,-0.0078,0.0053,9.8065,0.0206,0.0308,-0.0049,-12.62,-32.81,27.25,346.32,-82.63,-165.94
52.39242,-1.513504,150.45,4.11,4,142.45,19 / 20,5022509,2019-09-06 20:43:48:252,0.8213,-1.9195,10.2388,-0.0026,0.0086,9.8066,0.0007,0.0382,-0.0128,-12.37,-32.75,27.19,348.62,-82.65,-165.71
52.39242,-1.513504,150.45,4.11,4,142.45,19 / 20,5022609,2019-09-06 20:43:48:352,1.6242,-1.1897,9.8618,-0.0036,0.0111,9.8066,0.0081,0.0627,-0.0082,-12.81,-33.06,26.31,344.85,-82.6,-166.27
52.39242,-1.513504,150.45,4.11,4,142.45,19 / 20,5022709,2019-09-06 20:43:48:452,1.1238,-1.6769,9.9224,-0.0057,0.0143,9.8066,0.0277,0.0283,-0.0799,-13.06,-33.12,26.81,345.53,-82.55,-166.6
52.39242,-1.513504,150.45,4.11,4,142.45,19 / 20,5022810,2019-09-06 20:43:48:553,1.6479,-1.2194,9.8304,0.0085,-0.0008,9.8066,0.0715,0.0515,-0.0112,-11.94,-32.62,26.75,345.57,-82.53,-168.28
52.39242,-1.513504,150.45,4.11,4,142.45,19 / 20,5022910,2019-09-06 20:43:48:653,1.3612,-1.6049,10.2276,-0.0062,0.0129,9.8066,-0.0777,0.0149,-0.0125,-12.12,-33.44,26.69,345.52,-82.6,-168.34
52.39242,-1.513504,150.45,4.11,4,142.45,19 / 20,5023010,2019-09-06 20:43:48:753,1.1655,-2.1289,10.3309,0.0178,-0.0218,9.8066,-0.0346,0.002,-0.0265,-12.31,-33.5,26.19,344.55,-82.64,-168.3
52.39242,-1.513504,150.45,4.11,4,142.45,19 / 20,5023110,2019-09-06 20:43:48:853,0.896,-0.7269,9.7697,0.0076,-0.0219,9.8066,0.0016,-0.0238,-0.0143,-11.94,-33.25,26.38,343.91,-82.54,-168.81
52.39242,-1.513504,150.45,4.11,4,142.45,19 / 20,5023210,2019-09-06 20:43:48:953,1.0475,-1.0907,9.6663,0.0034,0.0007,9.8066,-0.0311,0.0215,-0.0164,-11.94,-33.06,26.69,345.11,-82.54,-168.67
52.39242,-1.513504,150.45,4.11,4,142.45,19 / 20,5023310,2019-09-06 20:43:49:053,1.1282,-0.941,9.7731,0.0037,-0.0088,9.8066,-0.0476,0.0196,0.0337,-12.44,-33.44,26,343.92,-82.54,-168.8
52.39242,-1.513504,150.45,4.11,4,142.45,19 / 20,5023410,2019-09-06 20:43:49:153,1.1791,-0.7594,9.7362,-0.0201,0.0175,9.8065,0.0038,0.0194,-0.0122,-11.75,-32.69,25.81,344.38,-82.52,-168.4
52.39242,-1.513504,150.45,4.11,4,142.45,19 / 20,5023510,2019-09-06 20:43:49:253,0.2474,-0.8125,9.5226,-0.0194,0.0183,9.8066,-0.1363,-0.016,0.007,-12.12,-33.37,26,346.31,-82.68,-166.82
52.39242,-1.513504,150.45,4.11,4,142.45,19 / 20,5023610,2019-09-06 20:43:49:353,-0.6585,-0.9468,10.3212,0.0119,-0.0275,9.8065,-0.1042,0.0347,0.0392,-12.44,-32.94,25.94,346.94,-82.65,-166.27
52.39242,-1.513504,150.45,4.11,4,142.45,19 / 20,5023709,2019-09-06 20:43:49:452,0.9388,-0.702,9.9418,0.0073,-0.0375,9.8065,-0.1716,-0.0115,-0.0157,-11.81,-33.31,25.88,347.88,-82.81,-165.52
52.39242,-1.513504,150.45,4.11,4,142.45,19 / 20,5023809,2019-09-06 20:43:49:552,0.171,-0.7118,10.0985,0.005,-0.013,9.8066,-0.0462,-0.09,0.0714,-12.12,-33,25.75,348.9,-82.81,-164.64
52.39242,-1.513504,150.45,4.11,4,142.45,19 / 20,5023909,2019-09-06 20:43:49:652,0.2532,-0.5601,10.0798,0.0236,-0.0296,9.8065,0.038,-0.0028,-0.0039,-12.62,-33.62,25.88,346.98,-82.68,-164.43
52.39242,-1.513504,150.45,4.11,4,142.45,19 / 20,5024010,2019-09-06 20:43:49:753,0.7022,1.3332,9.5166,0,-0.0071,9.8066,-0.0875,0.0489,-0.0083,-12.37,-33.25,26.63,350.29,-82.71,-164.3
52.39242,-1.513504,150.45,4.11,4,142.45,19 / 20,5024110,2019-09-06 20:43:49:853,-0.4901,0.0522,9.7658,0.0123,-0.0239,9.8066,0.0044,0.0988,-0.053,-12.37,-33,26.25,348.89,-82.62,-164.61
52.39242,-1.513504,150.45,4.11,4,142.45,19 / 20,5024209,2019-09-06 20:43:49:952,0.563,0.6653,9.9503,-0.021,0.0208,9.8065,0.031,0.0761,-0.0093,-12.94,-32.56,26.25,346.92,-82.78,-164.57
52.39242,-1.513504,150.45,4.11,4,142.45,19 / 20,5024309,2019-09-06 20:43:50:052,0.8301,0.399,9.6617,-0.0119,0.0296,9.8065,-0.0424,0.0333,-0.0026,-12.56,-33.25,25.94,346.66,-82.78,-164.78
52.39242,-1.513504,150.45,4.11,4,142.45,19 / 20,5024410,2019-09-06 20:43:50:153,0.2932,0.2495,9.3501,0.027,-0.0031,9.8066,-0.1022,0.0111,-0.051,-12.56,-33.37,25.69,344.93,-82.79,-166.26
52.39242,-1.513504,150.45,4.11,4,142.45,19 / 20,5024509,2019-09-06 20:43:50:252,0.9778,2.4135,9.8613,0.0403,-0.0166,9.8065,0.0856,0.0441,0.0407,-12.69,-33.06,25.81,342.6,-82.9,-168.3
52.39242,-1.513504,150.45,4.11,4,142.45,19 / 20,5024610,2019-09-06 20:43:50:353,0.6928,1.5554,10.3126,-0.0268,0.0206,9.8065,0.0599,0.0838,-0.011,-13.12,-33.25,25.5,342.84,-82.98,-168.13
52.39242,-1.513504,150.45,4.11,4,142.45,19 / 20,5024709,2019-09-06 20:43:50:452,1.4441,1.8852,10.2374,0.0086,-0.0335,9.8065,0.0072,0.0456,0.0519,-13.69,-32.75,25.19,340.87,-83.02,-167.11
52.39242,-1.513504,150.45,4.11,4,142.45,19 / 20,5024809,2019-09-06 20:43:50:552,-1.9553,2.6629,9.283,0.002,-0.0343,9.8066,0.1003,0.0867,0.0164,-14.62,-32.87,25.94,341.86,-82.56,-165.48
52.39242,-1.513504,150.45,4.11,4,142.45,19 / 20,5024910,2019-09-06 20:43:50:653,0.7731,-0.2755,9.3672,0.0156,-0.0525,9.8065,-0.1064,0.0005,0.0672,-15.25,-33.25,25.44,341.95,-82.42,-164.29
52.39242,-1.513504,150.45,4.11,4,142.45,19 / 20,5025009,2019-09-06 20:43:50:752,-0.1954,1.307,9.2952,0.0184,-0.0184,9.8065,-0.0871,0.0867,-0.0412,-14.69,-33.06,26.13,344.34,-82.31,-163.26
52.39242,-1.513504,150.45,4.11,4,142.45,19 / 20,5025109,2019-09-06 20:43:50:852,-0.2121,3.046,9.8198,0.0011,0.0168,9.8066,-0.1504,0.1091,0.0116,-14.87,-33.56,25.25,343.55,-82.78,-162.98
52.39242,-1.513504,150.45,4.11,4,142.45,19 / 20,5025209,2019-09-06 20:43:50:952,-0.0267,3.4738,9.9767,-0.0239,0.0279,9.8065,-0.1039,0.1256,-0.0217,-15,-33.12,24.56,346.1,-83.25,-161.01
52.39242,-1.513504,150.45,4.11,4,142.45,19 / 20,5025310,2019-09-06 20:43:51:053,-0.7599,2.9363,10.4181,-0.0209,0.0074,9.8065,0.0467,0.0928,0.0308,-14.94,-33.75,24.88,349.26,-83.65,-158.33
52.39242,-1.513504,150.45,4.11,4,142.45,19 / 20,5025410,2019-09-06 20:43:51:153,-0.4432,1.7702,9.8156,0.0081,-0.0243,9.8065,0.1058,0.1524,-0.0194,-15.25,-33.44,25,351.17,-83.46,-156.68
52.39242,-1.513504,150.45,4.11,4,142.45,19 / 20,5025509,2019-09-06 20:43:51:252,-0.0507,2.7564,9.4751,0.009,-0.0029,9.8066,0.023,0.1387,-0.0123,-15.19,-33.69,25,350.02,-83.34,-157.61
52.39242,-1.513504,150.45,4.11,4,142.45,19 / 20,5025610,2019-09-06 20:43:51:353,-0.4771,2.1989,9.9669,0.0099,-0.0237,9.8066,0.0004,0.0744,-0.016,-15.62,-33.62,24.13,346.52,-83.17,-157.83
52.39242,-1.513504,150.45,4.11,4,142.45,19 / 20,5025710,2019-09-06 20:43:51:453,-0.1031,2.36,10.1254,-0.009,-0.0077,9.8066,-0.1108,0.1027,0.0438,-15,-33.94,24.44,349.44,-83.1,-156.96
52.39242,-1.513504,150.45,4.11,4,142.45,19 / 20,5025809,2019-09-06 20:43:51:552,-0.68,2.2663,9.9084,-0.0016,-0.019,9.8066,-0.1179,0.131,0.0347,-16.31,-33.5,24.44,349.35,-83.03,-155.42
52.39242,-1.513504,150.45,4.11,4,142.45,19 / 20,5025909,2019-09-06 20:43:51:652,-0.3425,1.6793,9.4929,-0.0022,-0.0175,9.8066,0.026,0.1015,0.0134,-16.25,-33.06,23.88,350.93,-83.04,-154.06
52.39242,-1.513504,150.45,4.11,4,142.45,19 / 20,5026010,2019-09-06 20:43:51:753,0.0832,1.4259,9.3306,-0.0231,0.0018,9.8065,-0.0117,0.0842,0.0497,-16.25,-33.25,24,354,-82.97,-151.43
52.39242,-1.513504,150.45,4.11,4,142.45,19 / 20,5026109,2019-09-06 20:43:51:852,-0.8133,1.8774,9.9349,-0.0166,-0.0105,9.8066,-0.0026,0.0787,0.0401,-16.19,-33.69,24.06,356.01,-82.88,-149.69
52.39242,-1.513504,150.45,4.11,4,142.45,19 / 20,5026209,2019-09-06 20:43:51:952,-0.697,1.5416,9.8078,-0.0108,-0.0075,9.8065,-0.0332,0.0619,0.0143,-16.94,-33.56,23.94,355.94,-82.82,-148.13
52.39242,-1.513504,150.45,4.11,4,142.45,19 / 20,5026310,2019-09-06 20:43:52:053,-0.7857,1.2781,9.6723,0.0049,-0.0152,9.8065,0.0135,0.0281,0.061,-17,-33.5,24,357.29,-82.71,-146.99
52.39242,-1.513504,150.45,4.11,4,142.45,19 / 20,5026409,2019-09-06 20:43:52:152,-1.2538,1.521,9.85,-0.0192,0.0094,9.8066,0.0409,0.0077,0.0292,-17.19,-33.19,23.5,359.57,-82.74,-145.05
52.39242,-1.513504,150.45,4.11,4,142.45,19 / 20,5026510,2019-09-06 20:43:52:253,-1.5533,1.8986,9.7967,0.0018,-0.0103,9.8066,-0.0091,-0.0069,0.0153,-17.25,-33.37,23.81,359.97,-82.69,-144.72
52.39242,-1.513504,150.45,4.11,4,142.45,19 / 20,5026609,2019-09-06 20:43:52:352,-1.6445,1.9315,9.6299,-0.0138,0.0198,9.8065,0.0664,-0.0232,0.0032,-17.37,-33.12,23.56,1.07,-82.79,-143.78
52.39242,-1.513504,150.45,4.11,4,142.45,19 / 20,5026709,2019-09-06 20:43:52:452,-0.7234,1.2118,10.2374,-0.0156,0.0143,9.8065,0.0755,-0.0426,0.0429,-18.12,-33.62,24.19,359.24,-82.76,-143.78
52.39242,-1.513504,150.45,4.11,4,142.45,19 / 20,5026809,2019-09-06 20:43:52:552,-1.8626,1.2306,10.0622,0.0034,-0.0131,9.8066,-0.0456,-0.0374,-0.0035,-17.62,-33.56,23.81,359.53,-82.69,-143.53
52.39242,-1.513504,150.45,4.11,4,142.45,19 / 20,5026909,2019-09-06 20:43:52:652,-1.6956,1.2614,10.027,0.0011,-0.0116,9.8066,-0.0003,-0.0612,0.0256,-17.37,-33,24.13,1.76,-82.6,-143.2
52.39242,-1.513504,150.45,4.11,4,142.45,19 / 20,5027009,2019-09-06 20:43:52:752,-1.5341,1.8465,10.1782,-0.0025,0.0099,9.8066,0.0018,-0.085,0.0094,-17.44,-33.25,24.25,1.98,-82.62,-143.01
52.39242,-1.513504,150.45,4.11,4,142.45,19 / 20,5027110,2019-09-06 20:43:52:853,-1.4909,1.5512,10.1288,-0.0024,0.0079,9.8066,0.0044,-0.1027,0.0216,-16.87,-33.19,24.5,3.09,-82.64,-143.15
52.39242,-1.513504,150.45,4.11,4,142.45,19 / 20,5027209,2019-09-06 20:43:52:952,-1.3135,1.9726,9.9672,0.007,0.0033,9.8066,-0.0037,-0.0856,0.0137,-17.75,-32.94,24.31,359.18,-82.72,-143.83
52.39242,-1.513504,150.45,4.11,4,142.45,19 / 20,5027310,2019-09-06 20:43:53:053,-1.14,1.2849,9.8401,0.0059,0.0008,9.8065,0.0118,-0.0885,0.0086,-17.56,-33.25,24.81,0.36,-82.74,-143.94
52.392082,-1.513101,148.42,2.79,3,135.63,19 / 20,5027409,2019-09-06 20:43:53:152,-0.4857,0.9613,9.8789,0.0114,-0.0049,9.8066,-0.0255,-0.1124,-0.0067,-17,-32.69,24.5,1.84,-82.78,-144.21
52.392082,-1.513101,148.42,2.79,3,135.63,19 / 20,5027510,2019-09-06 20:43:53:253,-0.2308,0.2619,9.9458,0.0061,-0.0109,9.8066,-0.012,-0.104,0.0217,-16.25,-33,25,2.98,-82.74,-144.85
52.392082,-1.513101,148.42,2.79,3,135.63,19 / 20,5027609,2019-09-06 20:43:53:352,-0.2653,0.2267,9.8359,-0.0019,-0.007,9.8066,0.0478,-0.112,0.0475,-16.69,-32.37,25.19,1.21,-82.61,-144.75
52.392082,-1.513101,148.42,2.79,3,135.63,19 / 20,5027710,2019-09-06 20:43:53:453,0.0093,-0.6531,9.8265,-0.0001,-0.0104,9.8066,0.0354,-0.0997,0.0201,-16.37,-32.44,25.38,3.15,-82.5,-144.7
52.392082,-1.513101,148.42,2.79,3,135.63,19 / 20,5027809,2019-09-06 20:43:53:552,-0.1305,0.0954,9.824,0.0028,0.0023,9.8066,0.0022,-0.123,0.0284,-16.56,-33.37,25.44,1.21,-82.42,-144.76
52.392082,-1.513101,148.42,2.79,3,135.63,19 / 20,5027909,2019-09-06 20:43:53:652,-0.1301,-0.3869,9.8388,0.001,-0.0016,9.8066,0.0501,-0.1249,0.0163,-16.81,-32.94,25.81,2.15,-82.39,-144.99
52.392082,-1.513101,148.42,2.79,3,135.63,19 / 20,5028009,2019-09-06 20:43:53:752,-0.0581,0.3086,9.8385,0.0047,-0.0041,9.8066,-0.0185,-0.1344,0.0194,-16.12,-32.37,25.5,3.25,-82.39,-145.62
52.392082,-1.513101,148.42,2.79,3,135.63,19 / 20,5028110,2019-09-06 20:43:53:853,-0.2132,-0.4885,9.8041,0.002,-0.0027,9.8066,-0.0326,-0.1307,0.0237,-17.44,-32.25,26.38,1.52,-82.41,-145.52
52.392082,-1.513101,148.42,2.79,3,135.63,19 / 20,5028209,2019-09-06 20:43:53:952,-0.3412,0.0863,9.9254,0.0007,-0.0016,9.8066,0.0001,-0.1862,0.0197,-16.06,-32.06,26.63,4.33,-82.38,-145.64
52.392082,-1.513101,148.42,2.79,3,135.63,19 / 20,5028309,2019-09-06 20:43:54:052,-0.6222,-0.2257,9.9366,-0.0021,-0.0067,9.8066,-0.0088,-0.1825,0.0308,-16,-32.19,26.56,4.67,-82.37,-145.35
52.392082,-1.513101,148.42,2.79,3,135.63,19 / 20,5028410,2019-09-06 20:43:54:153,-0.2887,-0.4238,9.8876,-0.0008,-0.0004,9.8066,0.0512,-0.1913,0.0391,-15.31,-31.87,26.44,5.71,-82.29,-145.18
52.392082,-1.513101,148.42,2.79,3,135.63,19 / 20,5028510,2019-09-06 20:43:54:253,-0.1122,-0.5029,9.761,0.0037,-0.0046,9.8066,0.0082,-0.1767,0.0135,-15.44,-32.44,27.88,7.6,-82.28,-145.32
52.392082,-1.513101,148.42,2.79,3,135.63,19 / 20,5028610,2019-09-06 20:43:54:353,-0.6174,-0.6341,9.8994,0.0004,-0.0076,9.8066,0.0135,-0.2484,0.0316,-15.37,-31.81,28.06,7.41,-82.17,-145.5
52.392082,-1.513101,148.42,2.79,3,135.63,19 / 20,5028710,2019-09-06 20:43:54:453,-1.0333,-0.3996,9.9968,0.0023,-0.006,9.8066,0.021,-0.2863,0.0239,-15.62,-31.69,28.19,5.14,-82.1,-145.86
52.392082,-1.513101,148.42,2.79,3,135.63,19 / 20,5028809,2019-09-06 20:43:54:552,-1.0889,-0.214,10.0782,-0.0018,-0.0003,9.8066,0.03,-0.3116,0.0482,-15.75,-31,28.63,5.88,-82.04,-146.05
52.392082,-1.513101,148.42,2.79,3,135.63,19 / 20,5028910,2019-09-06 20:43:54:653,-0.6346,-0.4792,9.8388,-0.001,0.0056,9.8065,0.0464,-0.2769,0.0332,-14.56,-31.62,28,6.56,-82.01,-146.24
52.392082,-1.513101,148.42,2.79,3,135.63,19 / 20,5029010,2019-09-06 20:43:54:753,-0.2854,-0.9694,9.8574,0.0117,-0.0084,9.8065,-0.0452,-0.315,0.0027,-13.75,-31.81,27.56,7.73,-81.94,-146.89
52.392082,-1.513101,148.42,2.79,3,135.63,19 / 20,5029109,2019-09-06 20:43:54:852,-0.2278,-0.0866,9.9101,0.0057,-0.0011,9.8066,-0.009,-0.2799,0.0059,-13.12,-32.37,27.81,8.63,-81.91,-147.81
52.392082,-1.513101,148.42,2.79,3,135.63,19 / 20,5029210,2019-09-06 20:43:54:953,0.025,-0.9477,9.8984,0.0188,0.004,9.8066,0.0123,-0.2657,-0.0178,-12.44,-31.94,28.13,8.74,-81.93,-149.44
52.392082,-1.513101,148.42,2.79,3,135.63,19 / 20,5029310,2019-09-06 20:43:55:053,0.2428,-0.8698,9.7486,0.0166,0.0057,9.8066,-0.0163,-0.2397,-0.0364,-11.37,-32.87,28.31,9.1,-81.98,-150.93
52.392082,-1.513101,148.42,2.79,3,135.63,19 / 20,5029409,2019-09-06 20:43:55:152,0.6576,-1.0419,9.8411,0.0215,0.0098,9.8065,-0.0087,-0.2078,-0.0318,-11.19,-32.12,28.69,6.94,-82.12,-153.33
52.392082,-1.513101,148.42,2.79,3,135.63,19 / 20,5029510,2019-09-06 20:43:55:253,0.8112,-0.9025,9.7992,0.0129,0.0024,9.8066,-0.0217,-0.1736,-0.0215,-10.69,-32.31,29.13,5.14,-82.27,-154.84
52.392082,-1.513101,148.42,2.79,3,135.63,19 / 20,5029609,2019-09-06 20:43:55:352,0.1835,-0.7628,9.8221,0.0193,0.0088,9.8065,-0.0744,-0.1222,-0.0414,-10.31,-32.69,29.19,5.9,-82.28,-155.98
52.392082,-1.513101,148.42,2.79,3,135.63,19 / 20,5029709,2019-09-06 20:43:55:452,0.6829,-1.1547,9.829,0.0194,0.0058,9.8066,0.0587,-0.0639,-0.0865,-9.87,-33.31,29.69,3.57,-82.5,-158.51
52.392082,-1.513101,148.42,2.79,3,135.63,19 / 20,5029809,2019-09-06 20:43:55:552,1.4596,-0.555,9.9595,0.0224,0.0266,9.8066,0.046,-0.0295,-0.0772,-10,-33,29.44,359.07,-82.86,-161.77
52.392082,-1.513101,148.42,2.79,3,135.63,19 / 20,5029909,2019-09-06 20:43:55:652,1.8496,-1.2469,9.8262,0.0132,0.0374,9.8065,-0.0149,0.0302,-0.0431,-9.31,-32.87,29.19,358.7,-83.07,-163.88
52.392082,-1.513101,148.42,2.79,3,135.63,19 / 20,5030009,2019-09-06 20:43:55:752,1.206,-0.8229,9.6492,0.0311,-0.0093,9.8066,-0.0474,0.0355,-0.0632,-9.56,-32.25,29.06,352.64,-83.08,-167.36
52.392082,-1.513101,148.42,2.79,3,135.63,19 / 20,5030110,2019-09-06 20:43:55:853,1.1295,-1.5537,9.7908,0.0291,-0.0163,9.8066,0.0371,0.1294,-0.083,-8,-32.25,29.69,354.81,-83.13,-169.58
52.392082,-1.513101,148.42,2.79,3,135.63,19 / 20,5030210,2019-09-06 20:43:55:953,1.5872,0.0814,9.5012,0.0138,0.0246,9.8066,-0.0197,0.1156,-0.0857,-8.62,-33.06,29,349.2,-83.15,-172.09
52.392082,-1.513101,148.42,2.79,3,135.63,19 / 20,5030309,2019-09-06 20:43:56:052,1.6237,-1.3807,10.0582,0.0219,0.0231,9.8065,0.0197,0.1215,-0.0527,-8.62,-33.5,28.94,345.4,-83.37,-175.46
52.392082,-1.513101,148.42,2.79,3,135.63,19 / 20,5030409,2019-09-06 20:43:56:152,1.8464,-0.1522,9.5627,0.0222,0.0252,9.8066,0.0086,0.1924,-0.0732,-8.56,-33,28.19,339.33,-83.53,179.83
52.392082,-1.513101,148.42,2.79,3,135.63,19 / 20,5030509,2019-09-06 20:43:56:252,2.0925,-0.9998,9.6862,0.0099,0.0192,9.8066,-0.0069,0.1788,-0.0968,-8.81,-32.5,28.19,337.06,-83.6,177.72
52.392082,-1.513101,148.42,2.79,3,135.63,19 / 20,5030610,2019-09-06 20:43:56:353,2.8756,-0.7452,9.3662,0.0327,0.0025,9.8066,-0.0429,0.2309,-0.09,-9,-33.06,27.88,332.59,-83.53,173.9
52.392082,-1.513101,148.42,2.79,3,135.63,19 / 20,5030710,2019-09-06 20:43:56:453,1.8792,-1.1685,9.3643,-0.0054,0.0165,9.8066,-0.0707,0.1988,-0.0676,-9.12,-32.56,27.38,329.25,-83.59,171.65
52.392082,-1.513101,148.42,2.79,3,135.63,19 / 20,5030809,2019-09-06 20:43:56:552,1.2878,0.1446,9.365,0.0107,0.0212,9.8066,-0.0546,0.2112,-0.0483,-9.62,-32.69,27.63,327.34,-83.63,170.98
52.392082,-1.513101,148.42,2.79,3,135.63,19 / 20,5030910,2019-09-06 20:43:56:653,1.9051,-0.1069,9.7924,0.0069,0.0141,9.8066,0.0408,0.2308,-0.0923,-9.5,-32.62,27.56,326.31,-83.72,168.2
52.392082,-1.513101,148.42,2.79,3,135.63,19 / 20,5031010,2019-09-06 20:43:56:753,2.1815,-1.1171,10.3012,0.003,0.0102,9.8066,0.0473,0.2179,-0.0488,-10,-33.56,27.5,322.53,-83.78,166.68
52.392082,-1.513101,148.42,2.79,3,135.63,19 / 20,5031109,2019-09-06 20:43:56:852,2.5257,-1.2799,9.8689,0.0001,0.0246,9.8066,-0.1152,0.1922,-0.0122,-9.87,-33.69,27.19,320.26,-83.81,165.43
52.392082,-1.513101,148.42,2.79,3,135.63,19 / 20,5031210,2019-09-06 20:43:56:953,2.2286,-0.4608,9.627,0.0222,-0.0266,9.8065,-0.1207,0.2616,-0.0407,-9.75,-33.56,27.06,320.39,-83.62,165.7
52.392082,-1.513101,148.42,2.79,3,135.63,19 / 20,5031310,2019-09-06 20:43:57:053,1.9665,-1.203,9.4493,-0.0052,0.0178,9.8065,-0.0057,0.2244,-0.057,-9.94,-33.31,26.63,319.13,-83.63,164.42
52.392082,-1.513101,148.42,2.79,3,135.63,19 / 20,5031409,2019-09-06 20:43:57:152,2.1913,-0.4452,9.5436,-0.0067,0.0166,9.8066,-0.0076,0.189,-0.0284,-10.69,-33.12,26.5,316.55,-83.63,163.86
52.392082,-1.513101,148.42,2.79,3,135.63,19 / 20,5031510,2019-09-06 20:43:57:253,1.0802,0.0217,9.9623,-0.0132,0.0159,9.8066,0.0889,0.1472,0.049,-10.19,-32.94,26.31,317.8,-83.74,164
52.392082,-1.513101,148.42,2.79,3,135.63,19 / 20,5031610,2019-09-06 20:43:57:353,1.6542,-0.8167,9.7575,-0.0195,0.0097,9.8065,0.0519,0.1673,0.0086,-10.75,-33.37,25.81,317.31,-83.88,165.27
52.392082,-1.513101,148.42,2.79,3,135.63,19 / 20,5031710,2019-09-06 20:43:57:453,1.6998,-1.8108,9.9325,-0.0173,0.0034,9.8066,-0.057,0.1252,0.0358,-11,-33.44,25.69,318.93,-83.9,166.72
52.392082,-1.513101,148.42,2.79,3,135.63,19 / 20,5031810,2019-09-06 20:43:57:553,0.9363,-0.9871,10.0311,-0.006,-0.0163,9.8066,0.0285,0.1026,0.0361,-11.37,-33,25.56,321.67,-83.82,169.25
52.392082,-1.513101,148.42,2.79,3,135.63,19 / 20,5031910,2019-09-06 20:43:57:653,1.1528,-1.1065,9.9606,-0.013,-0.0085,9.8066,0.0347,0.0887,0.0274,-12.56,-32.81,25,318.25,-83.85,170.7
52.392082,-1.513101,148.42,2.79,3,135.63,19 / 20,5032010,2019-09-06 20:43:57:753,1.3981,-0.5095,10.1633,-0.0035,-0.0053,9.8066,0.0513,0.0531,0.0222,-12.44,-32.62,25.19,320.72,-83.82,171.18
52.392082,-1.513101,148.42,2.79,3,135.63,19 / 20,5032110,2019-09-06 20:43:57:853,1.0079,-1.0236,9.7797,-0.0063,-0.0057,9.8066,0.0364,0.0339,0.0786,-12.62,-33,25.69,321.52,-83.79,172.64
52.392082,-1.513101,148.42,2.79,3,135.63,19 / 20,5032210,2019-09-06 20:43:57:953,0.9287,-0.9538,10.0612,-0.0052,-0.0319,9.8065,-0.0972,0.0265,-0.0259,-13.5,-33.25,26,324.15,-83.66,175.1
52.392082,-1.513101,148.42,2.79,3,135.63,19 / 20,5032310,2019-09-06 20:43:58:053,0.9418,-0.4472,9.6722,0.01,-0.0097,9.8065,0.1338,-0.0293,0.0814,-13.19,-33.25,26.56,325.62,-83.65,175.44
52.392082,-1.513101,148.42,2.79,3,135.63,19 / 20,5032410,2019-09-06 20:43:58:153,0.8988,-0.6222,9.8382,-0.02,0.0086,9.8066,0.0042,0.0207,-0.0626,-13.5,-33.25,26.5,326.92,-83.64,176.61
52.392082,-1.513101,148.42,2.79,3,135.63,19 / 20,5032509,2019-09-06 20:43:58:252,1.2201,-0.7072,9.8596,-0.0012,0.0133,9.8066,0.1261,-0.0116,0.1063,-13.75,-32.94,26.63,325.63,-83.72,177.05
52.392082,-1.513101,148.42,2.79,3,135.63,19 / 20,5032610,2019-09-06 20:43:58:353,1.1479,-1.1158,10.5039,-0.0104,-0.0176,9.8066,0.0032,-0.0014,-0.0531,-13.25,-33.44,26.13,328.36,-83.7,178.83
52.392082,-1.513101,148.42,2.79,3,135.63,19 / 20,5032710,2019-09-06 20:43:58:453,0.5408,-0.6777,9.9604,0.0099,0.0036,9.8065,0.092,-0.0267,0.0365,-14.12,-33.5,26.44,325.95,-83.66,178.38
52.392082,-1.513101,148.42,2.79,3,135.63,19 / 20,5032810,2019-09-06 20:43:58:553,1.2787,-0.8229,9.5018,-0.0216,0.0054,9.8066,-0.0307,-0.0104,-0.0579,-13.12,-33.25,26.63,330.47,-83.76,179.72
52.392082,-1.513101,148.42,2.79,3,135.63,19 / 20,5032910,2019-09-06 20:43:58:653,1.1525,-1.014,9.4799,-0.0012,-0.0176,9.8066,-0.1334,0.0555,0.115,-14.19,-32.94,25.94,327.99,-83.82,-179.9
52.392082,-1.513101,148.42,2.79,3,135.63,19 / 20,5033009,2019-09-06 20:43:58:752,0.9187,0.195,9.8595,-0.0152,-0.0074,9.8065,-0.0166,0.0315,0.019,-13.5,-33.19,26.38,331.29,-83.89,-178.67
52.392082,-1.513101,148.42,2.79,3,135.63,19 / 20,5033110,2019-09-06 20:43:58:853,0.4575,-0.9827,10.2595,-0.0162,-0.0085,9.8066,0.0693,-0.0431,0.0002,-13.75,-32.75,26.13,332.86,-83.87,-175.59
52.392082,-1.513101,148.42,2.79,3,135.63,19 / 20,5033210,2019-09-06 20:43:58:953,0.2669,-0.1516,9.4766,-0.013,0.0083,9.8066,-0.0789,0.0153,0.0675,-13.44,-33.06,25.94,336.3,-83.91,-174.24
52.392082,-1.513101,148.42,2.79,3,135.63,19 / 20,5033310,2019-09-06 20:43:59:053,0.3217,-0.1332,10.0008,-0.0056,-0.0188,9.8066,0.124,-0.0073,0.0628,-14.12,-33.31,24.75,334.46,-83.81,-173.09
52.392082,-1.513101,148.42,2.79,3,135.63,19 / 20,5033410,2019-09-06 20:43:59:153,0.6583,-1.4064,10.0293,-0.0104,-0.0118,9.8065,0.0138,0.0568,-0.0181,-13.87,-33,26.31,338.07,-83.84,-170.94
52.392082,-1.513101,148.42,2.79,3,135.63,19 / 20,5033509,2019-09-06 20:43:59:252,0.4905,-0.5337,9.8878,-0.0007,-0.0146,9.8065,0.005,0.011,0.0212,-14.69,-32.81,26,337.8,-83.77,-169.51
52.392082,-1.513101,148.42,2.79,3,135.63,19 / 20,5033609,2019-09-06 20:43:59:352,0.2172,-0.8006,9.3241,-0.008,-0.0089,9.8066,-0.102,-0.0076,0.0352,-14.12,-32.75,25.94,342.24,-83.76,-167.24
52.392082,-1.513101,148.42,2.79,3,135.63,19 / 20,5033709,2019-09-06 20:43:59:452,0.8575,-0.6813,9.5158,-0.0065,-0.0131,9.8066,-0.1099,-0.153,0.0388,-14,-33.25,25.81,343.51,-83.78,-166.12
52.392082,-1.513101,148.42,2.79,3,135.63,19 / 20,5033809,2019-09-06 20:43:59:552,0.64,0.1594,9.312,-0.018,0.0188,9.8066,-0.0211,-0.0035,0.0285,-14.56,-32.81,26.19,344.31,-83.83,-163.79
52.392082,-1.513101,148.42,2.79,3,135.63,19 / 20,5033909,2019-09-06 20:43:59:652,0.397,0.4105,9.6007,-0.0165,-0.0167,9.8065,0.0575,-0.089,0.0317,-14.75,-32.75,26,345.85,-83.67,-162.39
52.392082,-1.513101,148.42,2.79,3,135.63,19 / 20,5034010,2019-09-06 20:43:59:753,-0.8578,-0.6965,10.3377,-0.0196,0.0067,9.8066,0.1231,0.0002,0.0316,-15.44,-32.44,25.63,348.18,-83.58,-160.37
52.392082,-1.513101,148.42,2.79,3,135.63,19 / 20,5034110,2019-09-06 20:43:59:853,0.3779,-1.6127,10.1038,-0.0305,0.0143,9.8066,-0.0858,-0.0065,0.0728,-15.69,-32.81,25.88,348.68,-83.58,-158.28
52.392082,-1.513101,148.42,2.79,3,135.63,19 / 20,5034210,2019-09-06 20:43:59:953,1.4663,1.2715,9.881,-0.0175,-0.0115,9.8066,-0.0211,0.1241,-0.064,-15,-32.62,26.13,352.77,-83.36,-156.28
52.392082,-1.513101,148.42,2.79,3,135.63,19 / 20,5034309,2019-09-06 20:44:00:052,-0.7873,-2.286,10.6392,-0.0255,0.0326,9.8065,-0.1831,0.1095,-0.0331,-16,-31.94,25.75,351.56,-83.4,-155.76
52.392082,-1.513101,148.42,2.79,3,135.63,19 / 20,5034410,2019-09-06 20:44:00:153,-0.3091,1.5696,10.2761,0.0201,-0.0807,9.8063,-0.1932,0.0508,-0.0354,-15.25,-32.19,26.19,354.64,-83.02,-154.65
52.392082,-1.513101,148.42,2.79,3,135.63,19 / 20,5034509,2019-09-06 20:44:00:252,-0.8591,1.6266,10.3722,0.0094,-0.0027,9.8066,0.0641,-0.03,0.0742,-16.06,-32.87,25.88,353.95,-83.24,-153.63
52.392082,-1.513101,148.42,2.79,3,135.63,19 / 20,5034610,2019-09-06 20:44:00:353,0.4802,-0.3325,9.8269,0.0114,-0.0389,9.8065,-0.1153,-0.0107,-0.0526,-15.31,-33.06,25.88,357.6,-83.21,-152.09
52.392082,-1.513101,148.42,2.79,3,135.63,19 / 20,5034709,2019-09-06 20:44:00:452,-0.4737,0.8646,9.2991,0.0214,-0.0349,9.8065,-0.0769,0.1843,-0.0665,-15.5,-32.06,25.31,356.43,-82.93,-152.1
52.392082,-1.513101,148.42,2.79,3,135.63,19 / 20,5034810,2019-09-06 20:44:00:553,1.0258,-0.124,8.6044,0.0086,-0.0071,9.8066,-0.1643,0.0243,0.0816,-15.37,-32.5,26,357.49,-83,-152.18
52.392082,-1.513101,148.42,2.79,3,135.63,19 / 20,5034910,2019-09-06 20:44:00:653,-1.5237,2.7817,8.9446,-0.0441,0.0573,9.8063,0.3856,-0.0338,0.0223,-16.19,-32.62,25.63,355.71,-82.73,-152.06
52.392082,-1.513101,148.42,2.79,3,135.63,19 / 20,5035009,2019-09-06 20:44:00:752,0.5944,-1.1059,10.2607,-0.05,0.0754,9.8061,0.2157,-0.0462,-0.0068,-15.62,-32.75,26.25,358.09,-83.06,-150.04
52.392082,-1.513101,148.42,2.79,3,135.63,19 / 20,5035110,2019-09-06 20:44:00:853,0.5806,-0.0862,9.7959,-0.0347,0.0525,9.8064,0.0157,0.0157,-0.0247,-16.12,-32.69,25.69,357.39,-82.97,-150.64
52.392082,-1.513101,148.42,2.79,3,135.63,19 / 20,5035210,2019-09-06 20:44:00:953,0.1846,1.0725,10.4072,-0.0027,-0.0131,9.8066,0.1672,-0.0477,0.0028,-14.94,-32.81,26.25,358.9,-82.94,-150.96
52.392082,-1.513101,148.42,2.79,3,135.63,19 / 20,5035310,2019-09-06 20:44:01:053,-0.7366,0.3817,10.2501,0.0111,-0.0261,9.8066,-0.2533,0.0086,0.0279,-15.87,-32.87,25.88,358.9,-82.97,-149.34
52.392082,-1.513101,148.42,2.79,3,135.63,19 / 20,5035410,2019-09-06 20:44:01:153,-1.6309,1.0315,9.4158,0.0192,-0.0482,9.8064,-0.1398,-0.0689,0.0464,-15.31,-32.75,26.31,1.09,-82.87,-149.08
52.392082,-1.513101,148.42,2.79,3,135.63,19 / 20,5035509,2019-09-06 20:44:01:252,-1.3735,1.8396,9.8346,0.0135,-0.0297,9.8066,0.0674,-0.0214,0.0711,-15.87,-32.87,25.63,0.44,-82.88,-148.01
52.392082,-1.513101,148.42,2.79,3,135.63,19 / 20,5035610,2019-09-06 20:44:01:353,-0.7835,0.9748,9.7523,-0.0037,-0.0025,9.8066,0.0139,-0.0476,0.0481,-15.75,-33.25,26.25,1.6,-82.97,-147.02
52.392082,-1.513101,148.42,2.79,3,135.63,19 / 20,5035709,2019-09-06 20:44:01:452,-1.2073,0.1111,9.8004,0.0012,-0.0142,9.8066,-0.0698,-0.0393,0.0149,-16.06,-32.37,25.5,2.29,-82.87,-146.42
52.392082,-1.513101,148.42,2.79,3,135.63,19 / 20,5035810,2019-09-06 20:44:01:553,-0.3139,0.2424,9.9072,0.0097,-0.0229,9.8065,-0.058,0.0404,0.0361,-15.56,-33.06,25.56,1.55,-82.76,-147.06
52.392082,-1.513101,148.42,2.79,3,135.63,19 / 20,5035909,2019-09-06 20:44:01:652,-0.7418,0.8433,9.7709,0.0164,-0.0376,9.8065,0.0018,0.0166,-0.0491,-16.12,-33.31,25.56,1.31,-82.66,-147.27
52.392082,-1.513101,148.42,2.79,3,135.63,19 / 20,5036010,2019-09-06 20:44:01:753,-0.5187,1.856,9.5868,0.0049,-0.0029,9.8066,-0.0907,0.0132,0.0275,-16.75,-33.06,26.19,359.23,-82.56,-147.48
52.392082,-1.513101,148.42,2.79,3,135.63,19 / 20,5036109,2019-09-06 20:44:01:852,-0.8585,0.8764,9.3892,0.0127,-0.0332,9.8065,0.075,0.0064,-0.025,-16,-32.56,26.25,0.65,-82.42,-147.84
52.392082,-1.513101,148.42,2.79,3,135.63,19 / 20,5036209,2019-09-06 20:44:01:952,-1.2613,0.7072,9.4462,-0.0177,0.0322,9.8066,0.031,-0.0535,0.0976,-16.69,-32.87,25.94,358.99,-82.3,-147.68
52.392082,-1.513101,148.42,2.79,3,135.63,19 / 20,5036309,2019-09-06 20:44:02:052,0.5408,1.9062,9.4507,-0.0255,0.0237,9.8066,0.0644,0.0642,-0.0569,-16.06,-32.5,25.88,2.48,-82.49,-146.27
52.39167,-1.51261,146.45,8.75,3,142.79,19 / 20,5036409,2019-09-06 20:44:02:152,-1.742,1.4497,10.1982,-0.0134,0.0126,9.8066,0.1054,0.0258,-0.0445,-16.31,-33.19,26.63,2.61,-82.31,-147.13
52.39167,-1.51261,146.45,8.75,3,142.79,19 / 20,5036510,2019-09-06 20:44:02:253,-0.8522,0.3365,9.6235,0.0014,0.0044,9.8066,-0.026,0.0365,-0.0274,-15.81,-32.31,26.63,1.92,-82.27,-147.71
52.39167,-1.51261,146.45,8.75,3,142.79,19 / 20,5036610,2019-09-06 20:44:02:353,0.2964,-1.2478,9.9819,0.0123,-0.0182,9.8066,-0.0665,0.0341,0.0267,-16.56,-32.94,26.06,358.05,-82.05,-148.46
52.39167,-1.51261,146.45,8.75,3,142.79,19 / 20,5036710,2019-09-06 20:44:02:453,-0.7833,0.0167,9.9947,0.0013,0.0067,9.8066,-0.035,0.0348,-0.048,-16.19,-32.31,26.69,1.21,-82.17,-148.32
52.39167,-1.51261,146.45,8.75,3,142.79,19 / 20,5036810,2019-09-06 20:44:02:553,-0.0044,-0.2986,9.6769,0.0035,-0.0011,9.8066,-0.0338,0.0056,-0.0235,-15.56,-32.87,26.44,359.52,-82.23,-148.8
52.39167,-1.51261,146.45,8.75,3,142.79,19 / 20,5036910,2019-09-06 20:44:02:653,0.1664,1.0978,9.5541,0.0089,-0.0105,9.8066,0.006,-0.0408,0.0214,-15.62,-32.94,26.38,359.08,-82.28,-149.17
52.39167,-1.51261,146.45,8.75,3,142.79,19 / 20,5037010,2019-09-06 20:44:02:753,0.331,0.1264,9.9849,0.0077,-0.0112,9.8066,-0.0253,0.0183,-0.0437,-15.37,-32.62,26.25,0.1,-82.25,-149.93
52.39167,-1.51261,146.45,8.75,3,142.79,19 / 20,5037109,2019-09-06 20:44:02:852,-0.0896,0.6774,9.6077,0.0151,-0.0072,9.8066,0.0045,-0.0089,0.0011,-15.37,-32.87,26.38,359.01,-82.26,-150.85
52.39167,-1.51261,146.45,8.75,3,142.79,19 / 20,5037209,2019-09-06 20:44:02:952,-0.234,0.4818,9.7794,0.0052,-0.004,9.8066,-0.0339,-0.004,0.0221,-14.94,-32.56,26.38,357.78,-82.18,-151.89
52.39167,-1.51261,146.45,8.75,3,142.79,19 / 20,5037310,2019-09-06 20:44:03:053,0.0368,0.1283,9.9149,0.0063,-0.0066,9.8066,0.0144,-0.0302,-0.0316,-15.06,-32.5,26.31,357.11,-82.08,-152.46
52.39167,-1.51261,146.45,8.75,3,142.79,19 / 20,5037409,2019-09-06 20:44:03:152,-0.2551,0.6059,9.7122,0.0164,0.0022,9.8066,-0.0422,-0.0346,-0.0329,-15.12,-33,26.44,355.61,-82.14,-153.7
52.39167,-1.51261,146.45,8.75,3,142.79,19 / 20,5037510,2019-09-06 20:44:03:253,0.0698,0.2311,9.4302,-0.0007,0.0162,9.8066,-0.0042,0.0021,-0.005,-15.25,-32.12,25.88,353.8,-82.18,-155.26
52.39167,-1.51261,146.45,8.75,3,142.79,19 / 20,5037609,2019-09-06 20:44:03:352,-0.3902,-0.0594,10.0146,-0.0061,0.0228,9.8065,-0.0033,-0.0752,0.0485,-15.31,-32.44,26.56,354.42,-82.32,-155.7
52.39167,-1.51261,146.45,8.75,3,142.79,19 / 20,5037709,2019-09-06 20:44:03:452,0.5978,-0.3145,9.2682,-0.0127,0.0234,9.8066,-0.1314,-0.0815,0.0978,-15.12,-32.37,26.44,353.79,-82.34,-155.29
52.39167,-1.51261,146.45,8.75,3,142.79,19 / 20,5037810,2019-09-06 20:44:03:553,1.3875,0.9674,10.0094,-0.0062,-0.0212,9.8066,-0.0502,0.0558,-0.1569,-15.12,-32.37,26.5,354.2,-82.29,-155.89
52.39167,-1.51261,146.45,8.75,3,142.79,19 / 20,5037909,2019-09-06 20:44:03:652,0.8659,1.4369,9.6074,0.0192,0.012,9.8066,0.1269,-0.1278,0.1526,-15.19,-32.25,26.31,351.83,-82.31,-156.96
52.39167,-1.51261,146.45,8.75,3,142.79,19 / 20,5038009,2019-09-06 20:44:03:752,0.3292,-0.1119,9.8825,-0.0016,-0.0191,9.8065,-0.0362,0.0618,-0.0467,-14.75,-32.69,26.5,353.7,-82.31,-156.29
52.39167,-1.51261,146.45,8.75,3,142.79,19 / 20,5038110,2019-09-06 20:44:03:853,-0.4211,0.7546,9.9218,0.0024,-0.0161,9.8066,0.0798,0.0152,0.0275,-15.25,-32.44,26.13,352.7,-82.17,-156.2
52.39167,-1.51261,146.45,8.75,3,142.79,19 / 20,5038210,2019-09-06 20:44:03:953,-0.6535,-0.4243,10.3807,-0.0034,-0.0003,9.8066,0.0618,-0.0372,0.067,-15.12,-32.5,26.81,354.6,-82.11,-155.53
52.39167,-1.51261,146.45,8.75,3,142.79,19 / 20,5038310,2019-09-06 20:44:04:053,0.1664,0.1582,9.9052,-0.0071,0.0155,9.8066,0.1245,0.05,0.0258,-15.37,-32,26.19,353.89,-82.06,-155.17
52.39167,-1.51261,146.45,8.75,3,142.79,19 / 20,5038410,2019-09-06 20:44:04:153,0.0267,-0.854,10.2411,-0.015,-0.0059,9.8066,0.1058,-0.0049,-0.0024,-15.31,-32.25,26.5,354.36,-82,-155.72
52.39167,-1.51261,146.45,8.75,3,142.79,19 / 20,5038509,2019-09-06 20:44:04:252,0.6234,-1.3024,9.7261,-0.0163,0.0331,9.8065,-0.1513,-0.0461,0.0466,-15.19,-32.56,27,355.55,-82.09,-154.7
52.39167,-1.51261,146.45,8.75,3,142.79,19 / 20,5038609,2019-09-06 20:44:04:352,1.7802,-0.8878,9.9739,0.0257,-0.0445,9.8064,-0.1196,0.0639,-0.0461,-15.12,-33.06,26.63,354.95,-81.95,-155.19
52.39167,-1.51261,146.45,8.75,3,142.79,19 / 20,5038709,2019-09-06 20:44:04:452,0.1692,0.8914,9.3987,0.0269,-0.0456,9.8064,0.1513,-0.0134,0.0095,-15.44,-32.06,26.63,354.61,-81.92,-155.49
52.39167,-1.51261,146.45,8.75,3,142.79,19 / 20,5038809,2019-09-06 20:44:04:552,-0.7837,-1.1384,9.9532,0.0033,-0.013,9.8065,-0.0088,-0.0744,0.014,-15.44,-32.75,26.94,353.62,-81.83,-156.3
52.39167,-1.51261,146.45,8.75,3,142.79,19 / 20,5038909,2019-09-06 20:44:04:652,0.5964,1.7409,9.2163,0.0464,0.0383,9.8065,0.0878,-0.1128,0.0058,-14.81,-32.25,27.06,351.51,-81.6,-158.07
52.39167,-1.51261,146.45,8.75,3,142.79,19 / 20,5039010,2019-09-06 20:44:04:753,-0.9454,-1.2646,9.3315,-0.034,0.0366,9.8064,0.0045,0.2002,-0.0388,-14.44,-32.87,27.19,353.11,-81.4,-158.29
52.39167,-1.51261,146.45,8.75,3,142.79,19 / 20,5039110,2019-09-06 20:44:04:853,1.2247,1.9125,11.2066,-0.0027,0.0076,9.8066,0.3734,-0.0903,-0.0591,-14.87,-32.31,27.06,352.06,-81.66,-157.61
52.39167,-1.51261,146.45,8.75,3,142.79,19 / 20,5039209,2019-09-06 20:44:04:952,1.5309,-2.883,9.8541,-0.0249,0.092,9.8061,0.5027,-0.2429,-0.0121,-15.25,-32.62,26.5,352.88,-82.05,-156.95
52.39167,-1.51261,146.45,8.75,3,142.79,19 / 20,5039309,2019-09-06 20:44:05:052,1.0149,-0.9173,10.866,-0.0401,0.06,9.8063,-0.2518,0.0617,0.0612,-15.06,-32,27.38,353.37,-82.02,-156.56
52.39167,-1.51261,146.45,8.75,3,142.79,19 / 20,5039410,2019-09-06 20:44:05:153,0.7575,-0.4594,9.6066,0.0362,-0.0748,9.8062,-0.3212,0.1597,-0.1323,-15.19,-32.06,26.81,350.84,-81.53,-158.61
52.39167,-1.51261,146.45,8.75,3,142.79,19 / 20,5039509,2019-09-06 20:44:05:252,-1.5275,0.1016,9.3054,0.0302,-0.0752,9.8063,-0.1605,-0.0367,0.1904,-15.12,-32.56,26.75,350.91,-81.5,-158.51
52.39167,-1.51261,146.45,8.75,3,142.79,19 / 20,5039610,2019-09-06 20:44:05:353,0.3119,-0.0314,9.1295,-0.0019,0.0256,9.8066,0.1511,-0.0696,-0.0698,-15.37,-32.37,26.44,349.06,-81.54,-159.13
52.39167,-1.51261,146.45,8.75,3,142.79,19 / 20,5039710,2019-09-06 20:44:05:453,-0.412,-0.5945,9.7548,0.006,-0.0134,9.8066,0.0262,0.0502,-0.076,-15.37,-33,26.56,349.87,-81.6,-159.4
52.39167,-1.51261,146.45,8.75,3,142.79,19 / 20,5039809,2019-09-06 20:44:05:552,0.5435,-0.7515,8.8336,0.0023,0.0151,9.8065,-0.0749,-0.0214,0.0893,-15.19,-32.25,27.38,349.89,-81.92,-159.49
52.39167,-1.51261,146.45,8.75,3,142.79,19 / 20,5039910,2019-09-06 20:44:05:653,-0.0761,0.0564,10.2253,-0.0161,0.012,9.8066,-0.0472,-0.0334,0.0103,-15.37,-32.75,26.44,348.59,-82.02,-159.59
52.39167,-1.51261,146.45,8.75,3,142.79,19 / 20,5040009,2019-09-06 20:44:05:752,0.6745,-0.4289,10.1413,-0.0093,-0.0137,9.8065,0.0394,0.0018,0.0793,-15.19,-33.12,26.63,351.72,-82.16,-157.95
52.39167,-1.51261,146.45,8.75,3,142.79,19 / 20,5040110,2019-09-06 20:44:05:853,1.2539,-0.6566,9.671,0.0079,0.0097,9.8066,0.0822,0.0212,-0.0745,-15.12,-32.5,26.38,350.19,-82.19,-158.32
52.39167,-1.51261,146.45,8.75,3,142.79,19 / 20,5040210,2019-09-06 20:44:05:953,1.6225,-0.5389,10.1111,0.0053,-0.0339,9.8065,-0.0723,-0.0508,0.017,-15.5,-32.37,26.69,351.01,-82.24,-158.6
52.39167,-1.51261,146.45,8.75,3,142.79,19 / 20,5040309,2019-09-06 20:44:06:052,-0.239,-0.0211,9.5562,0.0159,-0.0135,9.8066,-0.1049,0.025,-0.0453,-15.06,-32.62,26.75,349.98,-81.99,-159.38
52.39167,-1.51261,146.45,8.75,3,142.79,19 / 20,5040410,2019-09-06 20:44:06:153,-0.4664,-0.0508,10.1113,0.0041,0.0309,9.8066,0.0043,0.0586,-0.1321,-15.19,-32.62,25.88,346.51,-82.21,-161.39
52.39167,-1.51261,146.45,8.75,3,142.79,19 / 20,5040509,2019-09-06 20:44:06:252,0.8063,-0.5316,9.4956,-0.0096,0.014,9.8066,-0.0142,0.0553,-0.0477,-15,-32.94,27.19,347.35,-82.28,-161.68
52.39167,-1.51261,146.45,8.75,3,142.79,19 / 20,5040610,2019-09-06 20:44:06:353,0.0697,-0.4733,9.6384,0.0199,0.007,9.8065,-0.1078,-0.0226,-0.0728,-15,-33.19,26.5,345.6,-82.43,-163.22
52.39167,-1.51261,146.45,8.75,3,142.79,19 / 20,5040710,2019-09-06 20:44:06:453,-1.0342,-1.4469,7.7801,-0.0306,0.0783,9.8062,-0.2384,-0.114,-0.0485,-15,-33.37,25.63,342.84,-82.57,-164.63
52.39167,-1.51261,146.45,8.75,3,142.79,19 / 20,5040809,2019-09-06 20:44:06:552,-0.9241,3.3694,9.1304,-0.0176,0.0778,9.8063,0.5227,0.057,-0.2474,-14.69,-33.5,26.19,339.68,-82.85,-167.47
52.39167,-1.51261,146.45,8.75,3,142.79,19 / 20,5040910,2019-09-06 20:44:06:653,-1.0749,1.6624,9.2512,0.0058,-0.0016,9.8066,0.3326,-0.0528,0.0329,-13.69,-33.06,26,336.48,-83.2,-172.04
52.39167,-1.51261,146.45,8.75,3,142.79,19 / 20,5041009,2019-09-06 20:44:06:752,3.0447,-0.712,10.1045,0.0156,0.0546,9.8064,0.0269,0.1217,-0.3131,-14.19,-33.19,26.63,332.23,-83.08,-176.69
52.39167,-1.51261,146.45,8.75,3,142.79,19 / 20,5041109,2019-09-06 20:44:06:852,0.8998,-0.8749,10.6241,-0.0073,-0.0169,9.8065,0.2417,0.022,0.0703,-13.75,-33.25,26.38,328.82,-82.63,-178.4
52.39167,-1.51261,146.45,8.75,3,142.79,19 / 20,5041210,2019-09-06 20:44:06:953,-0.1393,-1.5619,11.5898,0.0237,-0.0217,9.8065,-0.2201,-0.0221,-0.0557,-13.44,-33,26.19,330.68,-82.4,-178.31
52.39167,-1.51261,146.45,8.75,3,142.79,19 / 20,5041310,2019-09-06 20:44:07:053,0.2334,0.0287,9.9206,0.003,-0.0138,9.8066,0.1627,-0.0167,-0.0498,-13.37,-33.19,26.06,330.85,-82.41,-178.18
52.39167,-1.51261,146.45,8.75,3,142.79,19 / 20,5041409,2019-09-06 20:44:07:152,0.1022,-1.4765,10.1868,0.028,-0.0359,9.8065,-0.2039,0.0331,-0.0023,-13.56,-32.87,26.69,329.85,-82.39,-178.38
52.39167,-1.51261,146.45,8.75,3,142.79,19 / 20,5041510,2019-09-06 20:44:07:253,0.0616,-0.9811,10.8491,-0.0039,-0.0058,9.8066,0.1776,0.0618,0.0577,-13.75,-32.69,26.94,330.23,-82.25,-177.96
52.39167,-1.51261,146.45,8.75,3,142.79,19 / 20,5041609,2019-09-06 20:44:07:352,0.461,-0.6979,9.432,-0.0162,0.034,9.8066,-0.0647,0.0155,-0.1102,-13.94,-33.81,26.75,329.78,-82.36,-178.29
52.39167,-1.51261,146.45,8.75,3,142.79,19 / 20,5041709,2019-09-06 20:44:07:452,0.46,-1.317,10.1208,-0.0379,0.0457,9.8064,0.0751,-0.0544,0.0395,-13.81,-33.25,26.63,330.05,-82.47,-178.25
52.39167,-1.51261,146.45,8.75,3,142.79,19 / 20,5041809,2019-09-06 20:44:07:552,0.0092,0.2212,9.7197,-0.0264,0.0448,9.8065,-0.0185,0.0719,0.0482,-14.12,-33.25,26.19,329.09,-82.75,-178.24
52.39167,-1.51261,146.45,8.75,3,142.79,19 / 20,5041910,2019-09-06 20:44:07:653,-1.1973,0.4432,10.0227,-0.0205,-0.0028,9.8066,-0.0768,0.0003,0.0389,-13.81,-32.87,25.88,330.9,-82.76,-176.67
52.39167,-1.51261,146.45,8.75,3,142.79,19 / 20,5042010,2019-09-06 20:44:07:753,-0.1404,1.3017,9.3211,0.009,-0.0138,9.8066,0.0641,-0.0297,0.0288,-13.56,-32.69,26.44,331.12,-82.85,-176.53
52.39167,-1.51261,146.45,8.75,3,142.79,19 / 20,5042109,2019-09-06 20:44:07:852,-1.3708,0.3577,9.4806,-0.0407,0.0116,9.8065,-0.0037,0.0599,0.0064,-14.19,-33.19,25.88,332.97,-82.49,-174.72
52.39167,-1.51261,146.45,8.75,3,142.79,19 / 20,5042210,2019-09-06 20:44:07:953,-1.3975,-1.4251,10.7963,-0.0349,0.0498,9.8064,0.1691,-0.061,0.0704,-14.12,-32.81,25.88,335.7,-82.57,-172.4
52.39167,-1.51261,146.45,8.75,3,142.79,19 / 20,5042310,2019-09-06 20:44:08:053,1.8216,0.3563,10.3304,-0.0053,0.0323,9.8065,0.1121,-0.0546,0.0522,-13.37,-32.44,26.19,337.52,-82.4,-172.54
52.39167,-1.51261,146.45,8.75,3,142.79,19 / 20,5042410,2019-09-06 20:44:08:153,-1.1259,-0.3828,9.0412,-0.0139,0.0401,9.8065,0.146,-0.0518,0.002,-14.19,-32.62,26.63,336.28,-82.19,-172.71
52.39167,-1.51261,146.45,8.75,3,142.79,19 / 20,5042509,2019-09-06 20:44:08:252,1.3545,2.6147,9.648,-0.0035,0.0301,9.8065,0.0732,-0.0327,-0.0058,-14.31,-32.69,26.25,333.77,-82.39,-173.97
52.39167,-1.51261,146.45,8.75,3,142.79,19 / 20,5042610,2019-09-06 20:44:08:353,-1.2819,-0.3498,10.2328,0.0035,-0.0101,9.8066,0.0565,-0.0209,-0.0627,-13.44,-32.94,26.56,334.46,-82.31,-175.98
52.39167,-1.51261,146.45,8.75,3,142.79,19 / 20,5042709,2019-09-06 20:44:08:452,0.1569,1.095,9.3849,0.0219,0.0396,9.8065,0.0471,-0.0342,0.0781,-12.94,-33.19,26.31,330.64,-82.36,-178.33
52.39167,-1.51261,146.45,8.75,3,142.79,19 / 20,5042810,2019-09-06 20:44:08:553,-0.2399,-1.1381,9.7221,0.0039,-0.0325,9.8066,-0.0269,0.0393,0.0358,-13.44,-32.62,26.38,330.5,-82.33,-178.43
52.39167,-1.51261,146.45,8.75,3,142.79,19 / 20,5042910,2019-09-06 20:44:08:653,-0.0937,-1.8706,9.4669,-0.0391,-0.0093,9.8065,-0.3853,0.0481,0.0066,-14.06,-32.94,25.81,331.8,-82.48,-175.72
52.39167,-1.51261,146.45,8.75,3,142.79,19 / 20,5043010,2019-09-06 20:44:08:753,-0.6723,-0.7625,9.9075,0.0243,-0.0463,9.8065,-0.0923,-0.0602,0.1014,-14.06,-33.31,26.13,334.65,-82.41,-173.22
52.39167,-1.51261,146.45,8.75,3,142.79,19 / 20,5043110,2019-09-06 20:44:08:853,0.9757,-0.2004,10.1532,-0.0163,-0.0244,9.8066,-0.1761,-0.0376,0.0834,-14.31,-33.25,26.19,337.51,-82.72,-170.91
52.39167,-1.51261,146.45,8.75,3,142.79,19 / 20,5043210,2019-09-06 20:44:08:953,-1.1751,1.9576,10.6695,0.0159,-0.0607,9.8064,-0.2503,0.0541,-0.0523,-14.87,-32.62,25.44,336.95,-82.41,-168.54
52.39167,-1.51261,146.45,8.75,3,142.79,19 / 20,5043310,2019-09-06 20:44:09:053,-2.1645,-1.3712,13.4347,0.0569,-0.0462,9.8063,0.0542,0.1734,-0.0983,-14.5,-32.5,26.06,339.19,-82.44,-169.44
52.39167,-1.51261,146.45,8.75,3,142.79,19 / 20,5043410,2019-09-06 20:44:09:153,2.7805,-0.7713,10.175,0.0684,-0.0922,9.806,0.1572,0.1504,-0.0427,-14,-32.75,25.69,336.05,-82.58,-172.11
52.39167,-1.51261,146.45,8.75,3,142.79,19 / 20,5043509,2019-09-06 20:44:09:252,2.6266,1.0471,8.7685,0.0564,-0.0454,9.8063,-0.2817,0.1558,-0.1403,-14.25,-32.62,25.75,333.03,-81.7,-174.23
52.39167,-1.51261,146.45,8.75,3,142.79,19 / 20,5043610,2019-09-06 20:44:09:353,0.0435,4.6325,9.1182,0.0637,-0.0272,9.8063,-0.3636,-0.0005,-0.0171,-15.12,-32.94,25.31,326.69,-81.83,-177
52.39167,-1.51261,146.45,8.75,3,142.79,19 / 20,5043710,2019-09-06 20:44:09:453,-0.4555,-0.7608,9.5572,0.0119,-0.0266,9.8066,-0.1342,0.0355,-0.0389,-16.06,-32.37,26,327.18,-82.18,-176.53
52.39167,-1.51261,146.45,8.75,3,142.79,19 / 20,5043810,2019-09-06 20:44:09:553,0.3968,-0.0542,8.575,0.0041,-0.0004,9.8066,-0.0593,-0.0598,0.0621,-15.19,-32.44,26.69,330.41,-82.45,-176.46
52.39167,-1.51261,146.45,8.75,3,142.79,19 / 20,5043910,2019-09-06 20:44:09:653,-0.088,-0.3346,8.6186,-0.0256,0.029,9.8065,-0.0916,-0.0603,0.009,-14.87,-32.94,26.5,331.86,-82.3,-174.99
52.39167,-1.51261,146.45,8.75,3,142.79,19 / 20,5044009,2019-09-06 20:44:09:752,-1.9145,2.9722,10.555,-0.0109,0.0245,9.8065,-0.0607,0.0102,-0.1185,-14.19,-32.69,25.75,331.82,-82.22,-175.55
52.39167,-1.51261,146.45,8.75,3,142.79,19 / 20,5044110,2019-09-06 20:44:09:853,-1.5093,-0.6964,10.1927,-0.0076,0.0145,9.8066,0.1049,0.026,-0.0325,-14.37,-32.94,26.19,329.98,-82.08,-177.05
52.39167,-1.51261,146.45,8.75,3,142.79,19 / 20,5044209,2019-09-06 20:44:09:952,-0.5058,2.4267,8.8642,-0.0519,0.0711,9.8062,0.0802,0.1318,-0.0692,-13.56,-33.69,26.06,329.24,-82.36,-177.73
52.39167,-1.51261,146.45,8.75,3,142.79,19 / 20,5044309,2019-09-06 20:44:10:052,-0.0696,-0.1463,9.3695,-0.048,0.077,9.8061,-0.0382,0.0794,0.0425,-14.37,-33.62,25.69,328.82,-82.63,-178.27
52.39167,-1.51261,146.45,8.75,3,142.79,19 / 20,5044410,2019-09-06 20:44:10:153,0.2757,0.7609,8.9137,-0.034,0.0154,9.8065,0.1863,0.0366,-0.0015,-14.25,-33.37,25.44,330.79,-83.14,-175.93
52.39167,-1.51261,146.45,8.75,3,142.79,19 / 20,5044509,2019-09-06 20:44:10:252,0.118,3.1006,12.7052,0,-0.0328,9.8065,0.4321,-0.2054,0.1503,-14.44,-34.12,25.5,333.55,-82.95,-174.36
52.39167,-1.51261,146.45,8.75,3,142.79,19 / 20,5044609,2019-09-06 20:44:10:352,-2.8379,-0.7316,12.7496,0.0028,-0.0013,9.8066,0.7507,-0.0165,0.107,-14.31,-32.87,25.81,336.27,-82.54,-171.9
52.39167,-1.51261,146.45,8.75,3,142.79,19 / 20,5044709,2019-09-06 20:44:10:452,-1.2664,-0.8845,10.005,-0.0067,0.0054,9.8066,-0.2057,-0.0037,-0.0341,-14.94,-32.69,26.63,333.76,-81.69,-173.02
52.39167,-1.51261,146.45,8.75,3,142.79,19 / 20,5044809,2019-09-06 20:44:10:552,0.4637,-1.0665,9.5357,0.037,-0.0571,9.8064,-0.0487,0.1537,-0.0622,-14.75,-33,27,332.71,-80.96,-173.52
52.39167,-1.51261,146.45,8.75,3,142.79,19 / 20,5044910,2019-09-06 20:44:10:653,-0.9559,0.2196,9.6151,-0.01,0.0124,9.8066,-0.3438,-0.0261,-0.026,-14.56,-33.56,26.25,331.76,-81.64,-173.52
52.39167,-1.51261,146.45,8.75,3,142.79,19 / 20,5045010,2019-09-06 20:44:10:753,1.2766,1.3231,7.6367,0.0095,0.034,9.8066,-0.2897,0.0758,-0.04,-13.62,-33.81,25.19,331.2,-82.78,-175.23
52.39167,-1.51261,146.45,8.75,3,142.79,19 / 20,5045110,2019-09-06 20:44:10:853,-2.941,3.3414,8.7468,0.0279,-0.0525,9.8064,-0.0054,0.0945,0.0081,-14.62,-33.81,25.56,330.28,-82.85,-175.53
52.39167,-1.51261,146.45,8.75,3,142.79,19 / 20,5045210,2019-09-06 20:44:10:953,-0.2231,2.0929,10.6471,0.0382,-0.0701,9.8063,-0.0376,0.027,0.0166,-14,-33.75,25.75,332.05,-82.93,-175.65
52.39167,-1.51261,146.45,8.75,3,142.79,19 / 20,5045310,2019-09-06 20:44:11:053,-0.8632,0.5595,10.2415,0.0513,-0.0781,9.8061,0.2387,-0.0587,-0.0383,-14.25,-33.69,26.56,332.23,-81.76,-175.83
52.39094,-1.511684,144.36,12.97,3,141.56,19 / 20,5045409,2019-09-06 20:44:11:152,0.5892,-0.6247,10.5781,-0.0031,0.0244,9.8066,-0.3629,0.0924,-0.01,-14.25,-33.5,26.38,331.34,-81.28,-175.41
52.39094,-1.511684,144.36,12.97,3,141.56,19 / 20,5045510,2019-09-06 20:44:11:253,0.8042,0.8736,10.3655,-0.0103,0.0292,9.8065,0.0805,-0.0042,-0.0133,-14.12,-33.87,26.19,331.44,-82.05,-175.65
52.39094,-1.511684,144.36,12.97,3,141.56,19 / 20,5045609,2019-09-06 20:44:11:352,-2.5652,0.7584,9.8517,-0.025,0.0444,9.8064,0.1717,-0.1149,0.0087,-13.87,-33.62,26.94,332.88,-82.72,-175.81
52.39094,-1.511684,144.36,12.97,3,141.56,19 / 20,5045710,2019-09-06 20:44:11:453,0.1197,1.8343,9.7932,0.0408,-0.0388,9.8064,0.0392,-0.0565,0.0025,-14.37,-33.19,26.38,331.7,-82.84,-176.01
52.39094,-1.511684,144.36,12.97,3,141.56,19 / 20,5045810,2019-09-06 20:44:11:553,-0.4815,0.8602,10.0919,0.0295,-0.0493,9.8064,0.0715,0.0305,0.1003,-14.37,-33.12,26.19,330.77,-82.31,-176.52
52.39094,-1.511684,144.36,12.97,3,141.56,19 / 20,5045910,2019-09-06 20:44:11:653,-2.5677,0.4112,10.8112,-0.0054,-0.0179,9.8066,0.0655,0.0639,-0.0917,-14.19,-33.25,26.13,331.96,-82.3,-175.48
52.39094,-1.511684,144.36,12.97,3,141.56,19 / 20,5046009,2019-09-06 20:44:11:752,-2.2741,0.7417,11.1465,0.0001,0.0165,9.8065,0.1981,0.0186,-0.0374,-14.75,-33.31,26.44,331.15,-82.15,-174.47
52.39094,-1.511684,144.36,12.97,3,141.56,19 / 20,5046109,2019-09-06 20:44:11:852,-0.2768,0.3073,10.1163,0.0016,0.0331,9.8065,-0.0732,0.0078,-0.0269,-14.31,-32.5,26.38,330.72,-82.26,-176.65
52.39094,-1.511684,144.36,12.97,3,141.56,19 / 20,5046210,2019-09-06 20:44:11:953,-1.003,2.6126,9.5353,0.0151,-0.0075,9.8066,-0.1297,0.0692,-0.1453,-13.87,-33.44,25.88,328.95,-82.15,-177.99
52.39094,-1.511684,144.36,12.97,3,141.56,19 / 20,5046311,2019-09-06 20:44:12:054,0.184,0.5484,8.9323,-0.0078,0.0202,9.8065,0.029,0.007,0.0749,-13.75,-32.81,26.56,328.52,-82.31,-179.48
52.39094,-1.511684,144.36,12.97,3,141.56,19 / 20,5046410,2019-09-06 20:44:12:153,0.0362,-0.1312,10.0705,-0.0149,0.0065,9.8066,-0.0494,-0.0541,-0.0287,-13.06,-32.87,25.69,330.71,-82.5,-178.35
52.39094,-1.511684,144.36,12.97,3,141.56,19 / 20,5046510,2019-09-06 20:44:12:253,0.9585,1.9632,8.8608,0.0089,-0.0079,9.8066,0.1073,-0.0715,0.0744,-13.44,-32.19,25.19,329.61,-82.37,-178.31
52.39094,-1.511684,144.36,12.97,3,141.56,19 / 20,5046609,2019-09-06 20:44:12:352,-1.1972,1.6425,9.7599,-0.0092,0.0167,9.8066,0.1205,-0.0143,-0.0039,-13.31,-31.69,25.13,328.95,-82.26,-178.81
52.39094,-1.511684,144.36,12.97,3,141.56,19 / 20,5046709,2019-09-06 20:44:12:452,-0.5991,0.4924,9.6741,-0.0016,-0.0015,9.8066,-0.1589,-0.0477,-0.0352,-13.81,-32.19,24.31,325.94,-82.34,-178.62
52.39094,-1.511684,144.36,12.97,3,141.56,19 / 20,5046809,2019-09-06 20:44:12:552,-0.597,2.3432,8.973,0.0157,0.0171,9.8065,-0.11,0.0404,0.0451,-14.62,-32.25,23.81,321.82,-82.55,179.28
52.39094,-1.511684,144.36,12.97,3,141.56,19 / 20,5046910,2019-09-06 20:44:12:653,-0.0516,-0.2944,9.6167,0.0006,-0.0291,9.8065,-0.0665,0.0004,-0.058,-15.75,-32.94,24.31,320.92,-82.66,-179.85
52.39094,-1.511684,144.36,12.97,3,141.56,19 / 20,5047010,2019-09-06 20:44:12:753,1.1583,1.4876,9.6003,0.0093,0.0058,9.8066,-0.1103,0.0102,0.0071,-16.12,-32.5,25.75,322.84,-82.74,179.27
52.39094,-1.511684,144.36,12.97,3,141.56,19 / 20,5047109,2019-09-06 20:44:12:852,-2.1148,1.6419,8.733,0.017,-0.0531,9.8065,0.1501,-0.0349,-0.0179,-15.31,-32.69,26.5,326.95,-82.53,-179.42
52.39094,-1.511684,144.36,12.97,3,141.56,19 / 20,5047209,2019-09-06 20:44:12:952,-0.1357,0.8676,9.1798,-0.032,0.0368,9.8064,0.1027,0.03,0.0063,-14.06,-33.25,26.44,326.73,-82.26,-179.98
52.39094,-1.511684,144.36,12.97,3,141.56,19 / 20,5047310,2019-09-06 20:44:13:053,1.3609,-0.5867,10.0011,-0.0238,0.0186,9.8066,0.038,0.0035,-0.0405,-14.31,-33.25,26.38,327.94,-82.34,-178.98
52.39094,-1.511684,144.36,12.97,3,141.56,19 / 20,5047410,2019-09-06 20:44:13:153,-0.5244,1.6243,9.9321,0.0124,-0.0197,9.8065,-0.0541,0.0491,-0.0136,-14.56,-33.06,26.75,326.76,-82.05,-179.27
52.39094,-1.511684,144.36,12.97,3,141.56,19 / 20,5047509,2019-09-06 20:44:13:252,0.6609,0.1245,10.5178,-0.0069,0.0124,9.8065,-0.142,-0.1699,0.0584,-14.94,-33.19,27,326.54,-82.27,-179.61
52.39094,-1.511684,144.36,12.97,3,141.56,19 / 20,5047609,2019-09-06 20:44:13:352,-0.6337,-1.5998,10.3732,0.0297,-0.0384,9.8064,-0.1963,0.0513,-0.1281,-13.75,-32.75,25.69,327.42,-82.57,-179.58
52.39094,-1.511684,144.36,12.97,3,141.56,19 / 20,5047710,2019-09-06 20:44:13:453,-0.3545,0.7805,10.1832,0.0259,-0.0356,9.8065,0.0286,-0.1183,0.0179,-14.37,-33.25,26.19,326.02,-82.39,179.32
52.39094,-1.511684,144.36,12.97,3,141.56,19 / 20,5047809,2019-09-06 20:44:13:552,0.2412,-0.2739,10.2808,0.0026,-0.0317,9.8065,0.0235,-0.0025,-0.0368,-14.12,-33.56,26.25,327.75,-82.26,-178.95
52.39094,-1.511684,144.36,12.97,3,141.56,19 / 20,5047909,2019-09-06 20:44:13:652,0.2919,-0.9889,10.2335,0.0142,-0.0225,9.8066,-0.0468,-0.044,0.0594,-14.56,-33.25,26.56,327.45,-82.15,-178.74
52.39094,-1.511684,144.36,12.97,3,141.56,19 / 20,5048010,2019-09-06 20:44:13:753,-0.0827,0.8368,8.8429,-0.0097,0.0252,9.8065,-0.1157,-0.032,-0.069,-14.5,-33.62,26.06,328.52,-82.34,-178.34
52.39094,-1.511684,144.36,12.97,3,141.56,19 / 20,5048110,2019-09-06 20:44:13:853,0.1596,1.4726,9.4736,0.0045,0.0035,9.8065,-0.0581,-0.0219,-0.0085,-14.5,-33.75,26.25,328.56,-82.35,-178.31
52.39094,-1.511684,144.36,12.97,3,141.56,19 / 20,5048210,2019-09-06 20:44:13:953,0.2263,2.0511,8.9234,0.0201,0.008,9.8066,-0.1396,0.0797,-0.0365,-14.37,-33.69,25.69,327.46,-82.53,-179.39
52.39094,-1.511684,144.36,12.97,3,141.56,19 / 20,5048309,2019-09-06 20:44:14:052,-0.1341,1.6022,9.6755,0.0325,-0.0355,9.8065,0.0492,-0.0167,-0.0133,-14,-33.56,25.94,325.26,-82.32,178.85
52.39094,-1.511684,144.36,12.97,3,141.56,19 / 20,5048409,2019-09-06 20:44:14:152,-0.1801,0.5291,9.6925,0.0111,-0.0092,9.8066,0.0023,0.0073,-0.0125,-14.19,-33.62,25.63,325.77,-82.16,179.4
52.39094,-1.511684,144.36,12.97,3,141.56,19 / 20,5048510,2019-09-06 20:44:14:253,1.3516,-0.9422,10.1843,-0.0317,0.0218,9.8065,-0.3088,-0.1253,0.0133,-13.87,-33.12,26.19,325.88,-82.12,179.38
52.39094,-1.511684,144.36,12.97,3,141.56,19 / 20,5048609,2019-09-06 20:44:14:352,0.0846,1.0751,9.4934,0.0308,-0.0335,9.8065,-0.1918,0.0698,-0.015,-13.75,-33.69,25.88,326.48,-82.23,179.97
52.39094,-1.511684,144.36,12.97,3,141.56,19 / 20,5048709,2019-09-06 20:44:14:452,-1.5227,2.0889,10.2606,0.0126,-0.0062,9.8066,0.0805,-0.0321,0.039,-14.44,-33.19,25.44,324.8,-82.42,179.32
52.39094,-1.511684,144.36,12.97,3,141.56,19 / 20,5048809,2019-09-06 20:44:14:552,-1.2284,-1.7475,10.3897,0.0125,-0.0186,9.8066,0.094,-0.0073,0.0437,-14.56,-32.87,25.88,326.58,-82.46,-178.64
52.39094,-1.511684,144.36,12.97,3,141.56,19 / 20,5048910,2019-09-06 20:44:14:653,0.9678,0.5039,10.1629,-0.0078,-0.0075,9.8066,-0.0413,0.0454,-0.0412,-14.81,-33.25,25.81,326.6,-82.34,-178.54
52.39094,-1.511684,144.36,12.97,3,141.56,19 / 20,5049010,2019-09-06 20:44:14:753,0.6021,-1.9674,10.6617,-0.0056,-0.0029,9.8066,0.1687,-0.0614,-0.0156,-14.81,-33.25,25.88,328.2,-82.32,-177.13
52.39094,-1.511684,144.36,12.97,3,141.56,19 / 20,5049110,2019-09-06 20:44:14:853,-2.6533,1.3008,12.4816,0.0556,-0.0838,9.8061,-0.1161,0.0461,0.0541,-15.12,-32.31,26.19,328.95,-82.69,-176.84
52.39094,-1.511684,144.36,12.97,3,141.56,19 / 20,5049209,2019-09-06 20:44:14:952,0.5931,-0.0921,12.1777,0.0535,-0.0704,9.8062,0.4763,0.0281,-0.0772,-15.19,-32.31,25.69,329.06,-82.31,-176.52
52.39094,-1.511684,144.36,12.97,3,141.56,19 / 20,5049309,2019-09-06 20:44:15:052,2.4587,-4.2054,11.7763,-0.0117,0.0266,9.8065,-0.2806,0.1378,0.0431,-14.5,-32.94,27.13,332.04,-82.44,-176.5
52.39094,-1.511684,144.36,12.97,3,141.56,19 / 20,5049409,2019-09-06 20:44:15:152,2.3562,0.0997,11.1474,0.0395,-0.1113,9.8059,0.0986,0.0861,0.0882,-15.12,-32.44,26.88,330.52,-81.92,-176.06
52.39094,-1.511684,144.36,12.97,3,141.56,19 / 20,5049510,2019-09-06 20:44:15:253,-0.464,-0.019,9.3987,-0.0347,-0.0016,9.8065,-0.1856,0.0543,0.046,-14.75,-32.56,26.5,334.93,-81.42,-171.89
52.39094,-1.511684,144.36,12.97,3,141.56,19 / 20,5049609,2019-09-06 20:44:15:352,0.5028,0.05,9.1385,-0.0211,0.0063,9.8066,-0.1339,-0.0055,0.0075,-15,-33,26.75,337.84,-81.76,-169.58
52.39094,-1.511684,144.36,12.97,3,141.56,19 / 20,5049709,2019-09-06 20:44:15:452,-1.1855,0.665,9.3259,-0.0302,0.0222,9.8065,-0.035,0.0633,0.0367,-15.56,-32.87,25.44,336.84,-82.28,-166.98
52.39094,-1.511684,144.36,12.97,3,141.56,19 / 20,5049810,2019-09-06 20:44:15:553,-1.2444,1.291,9.9239,-0.0054,0.0089,9.8066,0.0298,0.0138,-0.0156,-15.81,-33.06,25.13,338.99,-82.61,-165.29
52.39094,-1.511684,144.36,12.97,3,141.56,19 / 20,5049910,2019-09-06 20:44:15:653,-0.2314,1.2933,9.7807,0.0196,-0.0108,9.8065,0.1113,0.0038,-0.0082,-15.37,-32.75,25.81,341.06,-82.45,-166.12
52.39094,-1.511684,144.36,12.97,3,141.56,19 / 20,5050010,2019-09-06 20:44:15:753,0.4998,1.3908,9.5878,0.0102,-0.0071,9.8065,-0.0393,0.0586,-0.0068,-15.5,-32.25,26.31,338.7,-82.15,-168.1
52.39094,-1.511684,144.36,12.97,3,141.56,19 / 20,5050110,2019-09-06 20:44:15:853,0.2301,-1.5779,10.2866,-0.0065,-0.0087,9.8066,0.084,0.0125,-0.0284,-14.56,-31.44,25.75,338.88,-81.92,-167.94
52.39094,-1.511684,144.36,12.97,3,141.56,19 / 20,5050209,2019-09-06 20:44:15:952,-0.2546,1.5396,10.244,0.0034,0.0127,9.8066,0.0084,0.0436,0.0012,-13.44,-31.12,25.06,340.94,-82.04,-168.56
52.39094,-1.511684,144.36,12.97,3,141.56,19 / 20,5050310,2019-09-06 20:44:16:053,1.5247,-0.7713,9.4031,-0.0007,0.0048,9.8066,-0.1985,0.1784,-0.0174,-15.19,-32.12,23.31,333.56,-82.09,-169.01
52.39094,-1.511684,144.36,12.97,3,141.56,19 / 20,5050410,2019-09-06 20:44:16:153,-1.4406,1.1594,8.2264,0.004,0.0005,9.8066,0.1498,0.0056,0.0024,-16.62,-32.81,24.19,331.87,-82.12,-168.43
52.39094,-1.511684,144.36,12.97,3,141.56,19 / 20,5050509,2019-09-06 20:44:16:252,-0.6174,1.4998,8.5461,0.0317,-0.03,9.8065,-0.1614,0.0635,-0.0238,-16.69,-32.87,24.94,332.97,-82.05,-168.65
52.39094,-1.511684,144.36,12.97,3,141.56,19 / 20,5050610,2019-09-06 20:44:16:353,1.1327,1.2236,9.3736,-0.0264,0.0407,9.8065,0.0325,-0.015,0.0312,-16.5,-32.37,24.69,336.61,-82.56,-167.42
52.39094,-1.511684,144.36,12.97,3,141.56,19 / 20,5050710,2019-09-06 20:44:16:453,1.6654,-0.7555,10.7261,-0.0005,0.009,9.8066,0.1394,0.0537,-0.0682,-16.87,-32.62,24.94,334.76,-82.57,-167.39
52.39094,-1.511684,144.36,12.97,3,141.56,19 / 20,5050810,2019-09-06 20:44:16:553,0.0807,-0.4669,10.7674,0.0163,-0.0172,9.8065,-0.0472,0.0711,-0.0002,-16.81,-32.37,24.56,334.82,-82.64,-167.47
52.39094,-1.511684,144.36,12.97,3,141.56,19 / 20,5050910,2019-09-06 20:44:16:653,1.5423,-0.3171,10.1179,0.0275,-0.0027,9.8066,0.0454,0.0866,-0.0472,-17.19,-32.62,25.38,332.94,-82.46,-168.91
52.39094,-1.511684,144.36,12.97,3,141.56,19 / 20,5051010,2019-09-06 20:44:16:753,-0.1666,-0.503,10.0858,0.011,0.0022,9.8066,0.0454,0.0602,-0.0382,-17,-33.12,25.75,331.97,-82.34,-170.81
52.39094,-1.511684,144.36,12.97,3,141.56,19 / 20,5051109,2019-09-06 20:44:16:852,1.2929,-0.8475,9.5593,0.0013,-0.0031,9.8066,0.0451,0.0539,0.0114,-17.12,-32.5,25.31,330.94,-82.32,-170.68
52.39094,-1.511684,144.36,12.97,3,141.56,19 / 20,5051209,2019-09-06 20:44:16:952,0.9477,-0.3238,9.5413,-0.0088,0.0214,9.8066,0.0052,-0.032,0.0048,-16.87,-32.87,25.5,331.97,-82.35,-170.82
52.39094,-1.511684,144.36,12.97,3,141.56,19 / 20,5051310,2019-09-06 20:44:17:053,-0.3706,-0.5404,9.3074,-0.0133,-0.0057,9.8066,0.0547,-0.0002,0.0021,-16.31,-33,25.69,334.59,-82.49,-170.13
52.39094,-1.511684,144.36,12.97,3,141.56,19 / 20,5051410,2019-09-06 20:44:17:153,0.9182,0.0843,9.8456,0.0061,-0.0184,9.8065,0.1153,0.0335,0.0148,-16.62,-33.25,25.44,332.04,-82.35,-169.62
52.39094,-1.511684,144.36,12.97,3,141.56,19 / 20,5051509,2019-09-06 20:44:17:252,0.6946,-0.447,9.5096,0.0075,-0.0199,9.8066,0.011,-0.0556,0.0388,-16.69,-33.06,25.44,331.82,-82.27,-169.76
52.39094,-1.511684,144.36,12.97,3,141.56,19 / 20,5051609,2019-09-06 20:44:17:352,1.053,-0.8975,10.5839,-0.0031,0.0222,9.8065,0.1146,0.0998,-0.1276,-15.69,-33.12,25.75,333.47,-82.34,-171.02
52.39094,-1.511684,144.36,12.97,3,141.56,19 / 20,5051710,2019-09-06 20:44:17:453,-0.3861,-0.919,9.7215,-0.0167,0.0177,9.8065,0.0134,-0.0312,0.1082,-16.31,-32.81,25.19,331.73,-82.42,-171.45
52.39094,-1.511684,144.36,12.97,3,141.56,19 / 20,5051810,2019-09-06 20:44:17:553,-0.9336,0.6186,9.4516,-0.0062,0.0467,9.8065,0.036,0.0465,-0.1168,-16.37,-33.44,25.44,330.5,-82.36,-172.48
52.39094,-1.511684,144.36,12.97,3,141.56,19 / 20,5051909,2019-09-06 20:44:17:652,-0.8884,-0.022,10.0115,-0.0295,0.0197,9.8065,-0.0342,-0.0737,0.0711,-16.44,-32.75,24.94,330.13,-82.57,-172.92
52.39094,-1.511684,144.36,12.97,3,141.56,19 / 20,5052010,2019-09-06 20:44:17:753,0.2903,-0.5902,9.8696,-0.0165,0.0397,9.8065,0.0319,-0.0031,-0.0571,-16.06,-32.81,25.56,330.28,-82.67,-173.98
52.39094,-1.511684,144.36,12.97,3,141.56,19 / 20,5052110,2019-09-06 20:44:17:853,0.2887,-0.5828,9.3743,-0.0078,0.0037,9.8066,-0.0238,0.0127,0.0301,-16.37,-32.06,25.13,329.25,-82.59,-173.84
52.39094,-1.511684,144.36,12.97,3,141.56,19 / 20,5052210,2019-09-06 20:44:17:953,0.318,-0.1096,9.9441,-0.0122,0.0187,9.8065,0.0161,0.0835,-0.0468,-15.94,-30.81,25.38,329.29,-82.61,-173.94
52.39094,-1.511684,144.36,12.97,3,141.56,19 / 20,5052310,2019-09-06 20:44:18:053,-0.8557,0.3264,10.5233,-0.0114,0.0033,9.8066,0.0177,-0.0119,0.0182,-15.56,-31.62,25.44,329.38,-82.54,-173.68
52.39094,-1.511684,144.36,12.97,3,141.56,19 / 20,5052409,2019-09-06 20:44:18:152,-0.0185,-0.4524,9.682,-0.0122,0.0188,9.8066,-0.051,0.0411,-0.0259,-15.19,-32.06,24.81,331.49,-82.63,-173.49
52.39094,-1.511684,144.36,12.97,3,141.56,19 / 20,5052510,2019-09-06 20:44:18:253,-0.5532,0.2335,9.8926,-0.0136,0.0282,9.8065,0.0942,-0.0196,0.0214,-16,-32.81,24.94,329.54,-82.67,-173.5
52.39094,-1.511684,144.36,12.97,3,141.56,19 / 20,5052609,2019-09-06 20:44:18:352,0.8038,0.6125,10.3009,-0.0265,0.0334,9.8065,-0.0714,-0.0779,0.0222,-15.25,-33.25,24.63,330.89,-82.93,-174.07
52.39094,-1.511684,144.36,12.97,3,141.56,19 / 20,5052709,2019-09-06 20:44:18:452,-0.4316,-0.9113,9.6921,0.0296,-0.0147,9.8065,-0.079,0.0776,-0.0348,-15.5,-33.37,25.25,328.98,-82.77,-175.63
52.39094,-1.511684,144.36,12.97,3,141.56,19 / 20,5052810,2019-09-06 20:44:18:553,-0.312,0.4175,9.1965,0.0002,0.0036,9.8066,-0.021,-0.034,-0.0734,-15.81,-33.56,25.19,325.67,-82.79,-176.84
52.39094,-1.511684,144.36,12.97,3,141.56,19 / 20,5052909,2019-09-06 20:44:18:652,-0.0205,-0.533,10.2414,0.0048,0.0119,9.8066,0.0544,-0.004,-0.0115,-15.75,-33.25,25.19,324.62,-82.84,-177.94
52.39094,-1.511684,144.36,12.97,3,141.56,19 / 20,5053009,2019-09-06 20:44:18:752,-0.0004,-0.0946,9.6755,-0.0006,0.0123,9.8066,-0.0524,0.0525,-0.0488,-15.44,-33.62,25.44,325.13,-82.87,-178.95
52.39094,-1.511684,144.36,12.97,3,141.56,19 / 20,5053110,2019-09-06 20:44:18:853,-1.4788,1.5704,9.4139,0.0043,-0.0014,9.8066,-0.1091,0.0158,0.0569,-16.06,-33.44,25.19,323.33,-82.83,-179.06
52.39094,-1.511684,144.36,12.97,3,141.56,19 / 20,5053210,2019-09-06 20:44:18:953,0.5268,-0.1551,9.8848,-0.0035,-0.0036,9.8066,0.0316,0.0043,-0.0214,-15.94,-33.75,25,323.15,-82.89,-179.13
52.39094,-1.511684,144.36,12.97,3,141.56,19 / 20,5053310,2019-09-06 20:44:19:053,-1.3221,0.7549,9.8229,-0.0194,0.0132,9.8066,0.056,-0.0115,0.0302,-15.37,-33.37,25.19,326.27,-83.06,-178.21
52.39094,-1.511684,144.36,12.97,3,141.56,19 / 20,5053409,2019-09-06 20:44:19:152,-0.1113,1.0295,9.9472,-0.0236,0.0265,9.8065,-0.0804,0.0045,0.0341,-15.5,-33.87,25.5,327.79,-83.19,-177.94
52.39094,-1.511684,144.36,12.97,3,141.56,19 / 20,5053510,2019-09-06 20:44:19:253,0.1122,0.0046,9.9222,-0.0069,-0.0093,9.8066,0.0909,0.0112,0.0075,-15.56,-33.19,25.31,326.05,-83.04,-176.8
52.39094,-1.511684,144.36,12.97,3,141.56,19 / 20,5053609,2019-09-06 20:44:19:352,-0.706,-0.2149,10.1344,-0.0253,0.0173,9.8065,-0.0083,0.0466,-0.0108,-15.94,-33.5,25.19,326.86,-83.1,-176.13
52.39094,-1.511684,144.36,12.97,3,141.56,19 / 20,5053710,2019-09-06 20:44:19:453,0.6597,-0.1183,10.2491,0.0052,0.0019,9.8066,0.0848,0.0493,-0.0013,-15.87,-33.31,25.06,327.5,-83.02,-175.52
52.39094,-1.511684,144.36,12.97,3,141.56,19 / 20,5053810,2019-09-06 20:44:19:553,-0.9451,-0.2639,10.3663,-0.0104,0.0202,9.8066,-0.1121,0.1099,-0.0506,-15.5,-33.06,24.5,328.8,-83.11,-176
52.39094,-1.511684,144.36,12.97,3,141.56,19 / 20,5053909,2019-09-06 20:44:19:652,-0.7422,0.712,10.3498,0.0101,-0.0059,9.8066,0.0115,0.067,-0.0514,-15.69,-33.44,24.38,325.48,-83.11,-176.17
52.39094,-1.511684,144.36,12.97,3,141.56,19 / 20,5054010,2019-09-06 20:44:19:753,0.362,0.674,9.6206,0.0002,0.0136,9.8065,-0.0207,0.031,0.0271,-15.62,-33.12,24.88,325.56,-83.1,-177.28
52.39094,-1.511684,144.36,12.97,3,141.56,19 / 20,5054109,2019-09-06 20:44:19:852,-0.0009,0.0393,9.5078,0.0173,-0.0278,9.8066,-0.1222,0.0234,-0.0454,-15.5,-33.5,24.88,327.48,-82.84,-177
52.39094,-1.511684,144.36,12.97,3,141.56,19 / 20,5054209,2019-09-06 20:44:19:952,-0.5805,1.428,9.226,0.0107,-0.0118,9.8066,0.0887,-0.0433,0.037,-15.56,-33.37,25.5,326.66,-82.91,-177.32
52.39094,-1.511684,144.36,12.97,3,141.56,19 / 20,5054310,2019-09-06 20:44:20:053,-1.1596,1.3276,9.5473,-0.018,0.0192,9.8065,0.0102,-0.0224,0.0381,-15.81,-33.69,25.19,325.32,-82.97,-177.27
52.390186,-1.510596,142.7,12.45,2,135.38,19 / 20,5054409,2019-09-06 20:44:20:152,-0.1572,-0.31,10.1623,0.0057,-0.0037,9.8066,0.0012,-0.0386,-0.0558,-15.44,-33.31,24.94,327.81,-83.19,-176.94
52.390186,-1.510596,142.7,12.45,2,135.38,19 / 20,5054510,2019-09-06 20:44:20:253,-0.4926,0.6071,9.92,-0.0069,0.0003,9.8066,0.0889,0.0214,-0.0988,-16.06,-33.56,24.56,324.45,-83.27,-178.26
52.390186,-1.510596,142.7,12.45,2,135.38,19 / 20,5054609,2019-09-06 20:44:20:352,-0.0071,0.6583,9.9835,0.0026,0.0246,9.8065,0.0451,0.0389,-0.0342,-15.62,-32.31,25.56,324.82,-83.31,-179.34
52.390186,-1.510596,142.7,12.45,2,135.38,19 / 20,5054710,2019-09-06 20:44:20:453,0.7384,-0.721,10.238,-0.008,0.0172,9.8065,-0.0643,-0.016,0.0083,-15.94,-32.37,25.06,322.48,-83.33,179.67
52.390186,-1.510596,142.7,12.45,2,135.38,19 / 20,5054809,2019-09-06 20:44:20:552,-0.1248,1.4515,10.1789,0.0058,-0.0139,9.8066,-0.1466,0.0421,-0.0444,-15.87,-31.87,25.44,323.11,-83.06,-179.58
52.390186,-1.510596,142.7,12.45,2,135.38,19 / 20,5054912,2019-09-06 20:44:20:655,0.1303,0.9868,10.1896,-0.0063,0.007,9.8066,0.0611,-0.0852,0.0464,-15.12,-32.37,25.44,324.28,-83.11,179.86
52.390186,-1.510596,142.7,12.45,2,135.38,19 / 20,5055009,2019-09-06 20:44:20:752,0.0399,0.3112,9.7284,0.0133,-0.0047,9.8066,-0.0439,-0.0143,-0.0054,-16,-33.06,25.13,323.8,-83.09,-178.84
52.390186,-1.510596,142.7,12.45,2,135.38,19 / 20,5055109,2019-09-06 20:44:20:852,-0.4052,1.5112,10.1947,0.0144,-0.0151,9.8066,0.0838,-0.012,-0.0373,-15.56,-33.19,24.81,323.35,-83.07,-179.23
52.390186,-1.510596,142.7,12.45,2,135.38,19 / 20,5055210,2019-09-06 20:44:20:953,-0.1199,0.8232,9.7495,-0.0131,0.0343,9.8065,0.0603,-0.0052,-0.0037,-15,-33.37,25.19,325.6,-83.24,-178.93
52.390186,-1.510596,142.7,12.45,2,135.38,19 / 20,5055310,2019-09-06 20:44:21:053,-0.8052,0.6615,9.3277,-0.0056,0.0133,9.8066,-0.0729,-0.0271,0,-15.56,-33.5,24.94,323.59,-83.28,-179.17
52.390186,-1.510596,142.7,12.45,2,135.38,19 / 20,5055410,2019-09-06 20:44:21:153,0.943,0.0322,9.7249,-0.0095,0.0184,9.8066,0.0042,0.0719,-0.013,-15.31,-33.69,24.75,325.14,-83.42,-179.33
52.390186,-1.510596,142.7,12.45,2,135.38,19 / 20,5055509,2019-09-06 20:44:21:252,0.3378,0.6877,9.7741,-0.0103,0.0059,9.8066,0.046,-0.0761,0.0338,-15.69,-33,25.13,324.84,-83.6,-178.27
52.390186,-1.510596,142.7,12.45,2,135.38,19 / 20,5055610,2019-09-06 20:44:21:353,-0.8886,0.4917,9.6423,0.0057,-0.013,9.8066,0.1153,0.0124,-0.0103,-16.12,-33.06,24.81,325.21,-83.7,-178.01
52.390186,-1.510596,142.7,12.45,2,135.38,19 / 20,5055709,2019-09-06 20:44:21:452,-2.3174,1.074,10.7671,0.0026,-0.0036,9.8066,0.0112,0.0432,-0.0646,-15.5,-33.5,24.5,327.43,-83.71,-177.61
52.390186,-1.510596,142.7,12.45,2,135.38,19 / 20,5055810,2019-09-06 20:44:21:553,-1.3463,-0.218,11.0382,-0.0287,0.0326,9.8065,0.0205,-0.0107,0.0821,-15.62,-33.44,24.81,326.17,-83.92,-177.3
52.390186,-1.510596,142.7,12.45,2,135.38,19 / 20,5055910,2019-09-06 20:44:21:653,-0.4809,-0.9014,11.4799,0.039,-0.044,9.8064,-0.2058,0.0767,-0.0529,-16.06,-32.87,24.81,326.58,-83.52,-176.66
52.390186,-1.510596,142.7,12.45,2,135.38,19 / 20,5056009,2019-09-06 20:44:21:752,-1.8179,0.7863,10.5825,0.0069,-0.0156,9.8065,0.0779,-0.0306,0.1103,-15.62,-32.69,25.56,328.31,-83.62,-176.3
52.390186,-1.510596,142.7,12.45,2,135.38,19 / 20,5056110,2019-09-06 20:44:21:853,-0.59,0.5389,10.6661,0.0057,-0.0026,9.8066,0.0106,0.0493,-0.045,-16.19,-32.75,25.44,325.85,-83.51,-177.3
52.390186,-1.510596,142.7,12.45,2,135.38,19 / 20,5056210,2019-09-06 20:44:21:953,0.3395,0.9267,10.5295,-0.0301,0.0064,9.8066,0.1078,-0.1012,0.0412,-16.56,-32.87,25.38,326.07,-83.39,-175.51
52.390186,-1.510596,142.7,12.45,2,135.38,19 / 20,5056310,2019-09-06 20:44:22:053,0.4573,1.5759,8.7379,0.0108,-0.0274,9.8066,-0.1383,-0.0713,0.0751,-15.94,-32.81,25.25,326.64,-83.53,-176.62
52.390186,-1.510596,142.7,12.45,2,135.38,19 / 20,5056410,2019-09-06 20:44:22:153,0.6012,1.6606,8.9281,0.0184,-0.0133,9.8066,-0.2264,0.0459,-0.1218,-16,-33.56,24.56,326.32,-83.41,-176.7
52.390186,-1.510596,142.7,12.45,2,135.38,19 / 20,5056509,2019-09-06 20:44:22:252,-2.2897,1.6365,9.4954,-0.0095,-0.0048,9.8066,0.1178,-0.0579,-0.0345,-15.94,-34,24.75,327.36,-83.66,-175.94
52.390186,-1.510596,142.7,12.45,2,135.38,19 / 20,5056615,2019-09-06 20:44:22:358,0.2403,0.5923,9.7876,0.0156,-0.0124,9.8066,0.1407,0.0258,0.0454,-16.37,-33.5,24.38,325.27,-83.67,-176.75
52.390186,-1.510596,142.7,12.45,2,135.38,19 / 20,5056709,2019-09-06 20:44:22:452,-0.9527,-0.2999,10.1951,0.0072,-0.0065,9.8066,-0.0496,0.1181,-0.0297,-16.31,-33.81,24.63,326.77,-83.5,-176.36
52.390186,-1.510596,142.7,12.45,2,135.38,19 / 20,5056810,2019-09-06 20:44:22:553,1.3972,1.895,9.8408,-0.0175,-0.0165,9.8066,-0.0231,-0.0695,0.0537,-16,-33.5,24.75,328.74,-83.46,-174.7
52.390186,-1.510596,142.7,12.45,2,135.38,19 / 20,5056910,2019-09-06 20:44:22:653,-1.0309,2.0755,8.9171,-0.0202,-0.0178,9.8065,0.0113,-0.054,0.123,-16.62,-33.69,24.69,327.51,-83.48,-174.17
52.390186,-1.510596,142.7,12.45,2,135.38,19 / 20,5057010,2019-09-06 20:44:22:753,0.1741,2.2528,9.5433,0.0073,-0.0052,9.8066,-0.03,0.1809,-0.0731,-15.94,-33.37,24.81,331.29,-83.54,-172.49
52.390186,-1.510596,142.7,12.45,2,135.38,19 / 20,5057110,2019-09-06 20:44:22:853,-2.2021,0.4949,9.5866,-0.0322,0.0345,9.8065,-0.0255,0.0687,-0.0509,-17.06,-33.25,24.25,331.55,-83.81,-169.69
52.390186,-1.510596,142.7,12.45,2,135.38,19 / 20,5057209,2019-09-06 20:44:22:952,-2.0907,-0.0014,10.3226,-0.0322,0.0261,9.8065,0.0386,-0.1264,0.04,-16.37,-33.37,24.19,333.97,-83.95,-169.18
52.390186,-1.510596,142.7,12.45,2,135.38,19 / 20,5057309,2019-09-06 20:44:23:052,-0.1035,0.6228,9.9967,0.0143,-0.0369,9.8065,-0.1595,-0.0737,0.0972,-16.81,-33.69,24.63,333.04,-83.73,-169.41
52.390186,-1.510596,142.7,12.45,2,135.38,19 / 20,5057409,2019-09-06 20:44:23:152,-0.9584,1.7049,10.2883,0.0235,-0.0186,9.8066,-0.031,0.0028,-0.0192,-17.37,-32.81,24.75,333.85,-83.74,-168.79
52.390186,-1.510596,142.7,12.45,2,135.38,19 / 20,5057510,2019-09-06 20:44:23:253,-1.0538,0.986,10.1094,0.0157,-0.0143,9.8066,-0.1097,0.0092,0.0445,-17.31,-32.81,24.88,333.34,-83.8,-169.27
52.390186,-1.510596,142.7,12.45,2,135.38,19 / 20,5057609,2019-09-06 20:44:23:352,-1.6023,1.8732,9.3768,0.0039,-0.0169,9.8065,0.0538,-0.0528,0.0327,-17.25,-32.31,24.56,333.17,-83.6,-169.41
52.390186,-1.510596,142.7,12.45,2,135.38,19 / 20,5057709,2019-09-06 20:44:23:452,-0.5768,2.0043,9.2637,-0.0043,0.0002,9.8066,-0.0454,0.0367,-0.0606,-16.62,-31.94,25.31,332.7,-83.63,-169.85
52.390186,-1.510596,142.7,12.45,2,135.38,19 / 20,5057809,2019-09-06 20:44:23:552,-0.8068,1.5651,9.6298,0.0148,-0.0077,9.8065,0.0165,-0.0303,0.0576,-16.94,-31.87,24.56,332.27,-83.57,-170.2
52.390186,-1.510596,142.7,12.45,2,135.38,19 / 20,5057909,2019-09-06 20:44:23:652,-1.3614,2.0016,9.6673,-0.0254,0.0249,9.8065,-0.0017,0.0058,-0.064,-16.44,-33.19,25.06,333.12,-83.67,-170.94
52.390186,-1.510596,142.7,12.45,2,135.38,19 / 20,5058010,2019-09-06 20:44:23:753,-1.2721,1.2754,9.9802,-0.0091,0.0244,9.8066,0.0324,0.0474,0.0471,-16.75,-33.12,24.75,331.79,-83.87,-170.69
52.390186,-1.510596,142.7,12.45,2,135.38,19 / 20,5058110,2019-09-06 20:44:23:853,-1.6335,2.2026,9.9976,-0.0118,-0.0041,9.8065,0.066,0.0269,0.0019,-16.12,-33.12,24.44,332.34,-84.02,-170.67
52.390186,-1.510596,142.7,12.45,2,135.38,19 / 20,5058210,2019-09-06 20:44:23:953,-1.5311,1.6753,9.8776,-0.0038,0.0037,9.8066,0.0888,-0.0387,0.041,-16.5,-32.69,24.81,334.16,-83.96,-170.17
52.390186,-1.510596,142.7,12.45,2,135.38,19 / 20,5058310,2019-09-06 20:44:24:053,-1.3946,1.5612,9.7335,-0.0117,-0.0007,9.8065,0.0366,0.0151,-0.0082,-15.94,-32.75,25.63,335.95,-83.93,-169.65
52.390186,-1.510596,142.7,12.45,2,135.38,18 / 20,5058410,2019-09-06 20:44:24:153,-1.5563,0.8903,9.8805,-0.0038,-0.0029,9.8066,-0.004,0.0153,0.0075,-16.94,-33.44,24.56,333.23,-83.93,-169.44
52.390186,-1.510596,142.7,12.45,2,135.38,18 / 20,5058509,2019-09-06 20:44:24:252,-1.6708,0.9863,10.2828,-0.0072,0.0046,9.8066,-0.0126,-0.0518,0.0386,-17,-33,24.63,333.79,-83.96,-168.96
52.390186,-1.510596,142.7,12.45,2,135.38,18 / 20,5058610,2019-09-06 20:44:24:353,-2.1477,1.5858,10.0952,-0.0074,0.0061,9.8066,-0.0635,0.0333,0.0103,-15.81,-33.5,24.75,336.47,-84.11,-168.19
52.390186,-1.510596,142.7,12.45,2,135.38,18 / 20,5058709,2019-09-06 20:44:24:452,-1.6004,2.6016,10.1012,0.0093,-0.0011,9.8066,-0.0157,-0.0842,-0.0091,-16.62,-32.94,24.69,334.45,-84.19,-168.49
52.390186,-1.510596,142.7,12.45,2,135.38,18 / 20,5058809,2019-09-06 20:44:24:552,-1.5086,2.1963,9.8952,-0.0018,-0.004,9.8066,0.0316,-0.0736,0.023,-16.62,-33.56,25,335.1,-84.23,-167.84
52.390186,-1.510596,142.7,12.45,2,135.38,18 / 20,5058910,2019-09-06 20:44:24:653,-2.2197,1.1037,9.9927,0.007,-0.0038,9.8066,-0.0093,-0.0467,0.0822,-16.56,-33.62,24.81,335.83,-84.21,-167.18
52.390186,-1.510596,142.7,12.45,2,135.38,18 / 20,5059010,2019-09-06 20:44:24:753,-1.9518,0.8853,9.9973,-0.0014,-0.0151,9.8065,-0.0062,0.0032,-0.0447,-16.75,-33.12,24.63,336.53,-84.15,-166.6
52.390186,-1.510596,142.7,12.45,2,135.38,18 / 20,5059111,2019-09-06 20:44:24:854,-1.7109,1.1935,9.7849,0.0068,-0.012,9.8066,-0.0535,-0.0546,0.0115,-16.69,-33.56,24.94,336.56,-84.12,-166.49
52.390186,-1.510596,142.7,12.45,2,135.38,18 / 20,5059210,2019-09-06 20:44:24:953,-1.4738,0.6761,9.6895,0.0148,-0.0073,9.8065,0.0363,0.0038,0.0031,-16.75,-33.62,24.88,336.42,-84.12,-166.61
52.390186,-1.510596,142.7,12.45,2,135.38,18 / 20,5059310,2019-09-06 20:44:25:053,-0.2687,0.3692,9.7051,-0.0095,0.001,9.8066,-0.0204,-0.0289,-0.0117,-16.5,-32.81,24.81,338.27,-84.2,-166.63
52.390186,-1.510596,142.7,12.45,2,135.38,19 / 20,5059409,2019-09-06 20:44:25:152,-0.746,0.2263,9.6223,0.0091,-0.0073,9.8066,-0.0409,-0.0468,0.0133,-16.19,-33.56,26.13,339.15,-84.1,-166.81
52.390186,-1.510596,142.7,12.45,2,135.38,19 / 20,5059509,2019-09-06 20:44:25:252,0.1293,-0.2896,9.8118,-0.0027,0.0067,9.8066,0.0649,-0.0406,-0.0099,-16.25,-32.19,24.88,337.73,-84.09,-167.13
52.390186,-1.510596,142.7,12.45,2,135.38,19 / 20,5059610,2019-09-06 20:44:25:353,-0.7411,-0.6945,10.2102,0.0031,-0.001,9.8066,-0.0235,0.0097,-0.0316,-16.31,-32.75,24.81,337.61,-84.1,-167.17
52.390186,-1.510596,142.7,12.45,2,135.38,19 / 20,5059709,2019-09-06 20:44:25:452,-0.6985,-0.563,9.8928,0.0055,0.0069,9.8066,0.0065,-0.1049,0.0008,-16,-32.44,25.94,337.78,-84.17,-168.19
52.390186,-1.510596,142.7,12.45,2,135.38,19 / 20,5059810,2019-09-06 20:44:25:553,0.6597,-0.2795,9.698,0.0035,0.0022,9.8066,0.0963,-0.1078,0.0637,-16.25,-33.06,25.25,336.41,-84.25,-168.31
52.390186,-1.510596,142.7,12.45,2,135.38,19 / 20,5059910,2019-09-06 20:44:25:653,-0.5169,-0.2405,9.3066,-0.022,0.0241,9.8066,0.1092,0.0348,0.0084,-15.81,-32.94,25,336.24,-84.13,-168.41
52.390186,-1.510596,142.7,12.45,2,135.38,19 / 20,5060010,2019-09-06 20:44:25:753,-0.31,-0.8177,10.29,0.0043,-0.0273,9.8065,-0.0518,-0.0167,-0.048,-15.44,-32.81,25.56,340.72,-84.35,-167.16
52.390186,-1.510596,142.7,12.45,2,135.38,19 / 20,5060111,2019-09-06 20:44:25:854,0.194,-1.3744,10.0008,0.014,0.0036,9.8066,0.0062,-0.075,0.0273,-16.19,-32.69,25.38,337.24,-84.32,-167.6
52.390186,-1.510596,142.7,12.45,2,135.38,19 / 20,5060210,2019-09-06 20:44:25:953,0.5961,0.1303,9.9303,0.0012,0.0004,9.8066,0.0601,-0.058,0.01,-15.75,-32.37,25.75,338.48,-84.43,-167.68
52.390186,-1.510596,142.7,12.45,2,135.38,19 / 20,5060309,2019-09-06 20:44:26:052,-0.4908,-1.236,10.4116,-0.0248,0.0443,9.8065,0.1334,-0.1135,0.0016,-15.56,-33.31,25.38,336.72,-84.76,-168.27
52.390186,-1.510596,142.7,12.45,2,135.38,19 / 20,5060409,2019-09-06 20:44:26:152,0.8958,-1.0384,10.4184,-0.0443,0.073,9.8062,-0.1347,-0.0392,-0.0103,-16.19,-32.94,25.38,336.71,-84.93,-168.36
52.390186,-1.510596,142.7,12.45,2,135.38,19 / 20,5060510,2019-09-06 20:44:26:253,0.3527,-0.4446,10.4221,0.0275,-0.0317,9.8065,-0.0499,-0.0085,-0.0045,-15.25,-32.19,25.5,339.94,-84.95,-168.17
52.390186,-1.510596,142.7,12.45,2,135.38,19 / 20,5060609,2019-09-06 20:44:26:352,0.0627,-0.6531,10.325,0.0137,-0.0163,9.8066,0.0462,-0.0262,0.0005,-15.44,-33.37,25.44,337.26,-84.77,-169.4
52.390186,-1.510596,142.7,12.45,2,135.38,19 / 20,5060710,2019-09-06 20:44:26:453,-0.0129,-0.2924,9.7073,-0.0004,0.0066,9.8066,0.1186,-0.0308,-0.033,-15.75,-32.94,25.44,335.52,-84.87,-169.41
52.390186,-1.510596,142.7,12.45,2,135.38,19 / 20,5060809,2019-09-06 20:44:26:552,1.4679,-0.099,10.0275,-0.0041,0.0033,9.8066,-0.0216,-0.0582,0.0438,-15.62,-32.87,25.94,336.13,-84.8,-169.9
52.390186,-1.510596,142.7,12.45,2,135.38,19 / 20,5060910,2019-09-06 20:44:26:653,1.4603,-1.6496,10.0599,0.0155,-0.0242,9.8066,-0.0101,0.0092,-0.0048,-15.69,-33.56,25.81,334.82,-84.57,-170.9
52.390186,-1.510596,142.7,12.45,2,135.38,19 / 20,5061010,2019-09-06 20:44:26:753,0.484,-1.0114,10.083,-0.0113,0.0079,9.8065,-0.044,0.0385,-0.027,-16,-32.56,25.69,334.85,-84.58,-170.96
52.390186,-1.510596,142.7,12.45,2,135.38,19 / 20,5061110,2019-09-06 20:44:26:853,0.7374,-0.6806,9.9882,-0.0022,0.0058,9.8066,-0.0579,0.0304,0.0346,-15.62,-32.69,25.19,333.56,-84.58,-171.04
52.390186,-1.510596,142.7,12.45,2,135.38,19 / 20,5061210,2019-09-06 20:44:26:953,-0.1725,-0.9396,9.4812,0.0042,-0.0154,9.8066,0.0933,0.1332,-0.0627,-16,-33.19,25.13,333.56,-84.47,-170.98
52.390186,-1.510596,142.7,12.45,2,135.38,19 / 20,5061310,2019-09-06 20:44:27:053,-0.0255,-1.983,9.8839,-0.0233,0.0367,9.8065,0.1066,-0.0656,0.0038,-15.5,-32.87,25.56,336.95,-84.55,-170.63
52.390186,-1.510596,142.7,12.45,2,135.38,19 / 20,5061409,2019-09-06 20:44:27:152,1.724,-1.687,9.5944,-0.0035,0.0302,9.8065,-0.0295,0.027,-0.0294,-16,-33.06,25.5,334.17,-84.44,-171.5
52.390186,-1.510596,142.7,12.45,2,135.38,19 / 20,5061510,2019-09-06 20:44:27:253,0.5071,-0.295,9.8366,-0.0068,-0.0139,9.8066,-0.0572,0.0369,0.1123,-16.19,-32.94,26.38,332.14,-84.4,-173.31
52.390186,-1.510596,142.7,12.45,2,135.38,19 / 20,5061609,2019-09-06 20:44:27:352,2.0505,-1.606,9.3448,0.0077,-0.0287,9.8066,0.0377,0.0533,-0.1224,-16.56,-33.25,26.13,332.04,-84.29,-171.82
52.390186,-1.510596,142.7,12.45,2,135.38,19 / 20,5061709,2019-09-06 20:44:27:452,0.4001,-1.454,9.7626,-0.0107,-0.0044,9.8066,0.2444,0.1296,-0.0007,-17.06,-32.94,26.69,335.21,-84.34,-170.03
52.390186,-1.510596,142.7,12.45,2,135.38,19 / 20,5061809,2019-09-06 20:44:27:552,1.053,0.2723,10.433,0.0088,0.0102,9.8066,-0.0223,0.0581,0.0191,-16.19,-33.06,27.56,336.69,-84.16,-171.09
52.390186,-1.510596,142.7,12.45,2,135.38,19 / 20,5061910,2019-09-06 20:44:27:653,2.0711,-2.2452,9.3459,0.0378,-0.0241,9.8065,-0.0423,0.0537,0.0548,-15.06,-32.75,27.31,334.99,-84.22,-173.23
52.390186,-1.510596,142.7,12.45,2,135.38,19 / 20,5062009,2019-09-06 20:44:27:752,-0.3356,-1.0098,9.5432,0.0004,-0.0046,9.8066,-0.0061,0.1088,-0.0352,-14.69,-32.62,26.88,335.33,-84.53,-173.08
52.390186,-1.510596,142.7,12.45,2,135.38,19 / 20,5062109,2019-09-06 20:44:27:852,1.1191,1.2755,9.6375,-0.0307,0.0628,9.8063,0.0812,-0.0037,0.0113,-14.19,-32.31,25.44,337.6,-84.87,-170.89
52.390186,-1.510596,142.7,12.45,2,135.38,19 / 20,5062210,2019-09-06 20:44:27:953,2.271,-2.0586,9.5693,0.0151,0.029,9.8066,-0.0698,-0.0503,0.0463,-14.31,-31.94,24.88,335.94,-84.85,-172.38
52.390186,-1.510596,142.7,12.45,2,135.38,19 / 20,5062309,2019-09-06 20:44:28:052,2.3448,0.119,9.4933,0.0103,-0.0122,9.8066,-0.0796,0.1471,-0.1172,-14,-32.37,24.63,332.93,-84.94,-175.15
52.390186,-1.510596,142.7,12.45,2,135.38,19 / 20,5062409,2019-09-06 20:44:28:152,0.9681,-2.0556,10.1544,0.014,-0.0096,9.8065,0.0612,0.1381,-0.0081,-15.19,-32.31,24.31,328.7,-85,-176.26
52.390186,-1.510596,142.7,12.45,2,135.38,19 / 20,5062510,2019-09-06 20:44:28:253,0.3103,-1.4873,10.0203,-0.0045,0.0024,9.8066,0.0215,0.0252,0.0403,-15.69,-32.19,24.63,327.67,-85.06,-176.77
52.390186,-1.510596,142.7,12.45,2,135.38,19 / 20,5062610,2019-09-06 20:44:28:353,0.5,-1.5763,9.5149,-0.004,0.0197,9.8066,-0.1374,0.1191,-0.0707,-16.25,-32.06,24.56,326.93,-85.15,-177.5
52.390186,-1.510596,142.7,12.45,2,135.38,19 / 20,5062710,2019-09-06 20:44:28:453,0.0751,-0.1954,10.0682,-0.0088,-0.0023,9.8066,-0.0517,0.0367,0.0197,-15.75,-32.37,25.06,325.32,-85.13,-178.97
52.390186,-1.510596,142.7,12.45,2,135.38,19 / 20,5062810,2019-09-06 20:44:28:553,-0.3379,-1.2107,10.0241,-0.0167,0.0289,9.8066,-0.0537,0.0189,-0.043,-15.81,-33,24.56,325.34,-85.26,-178.95
52.390186,-1.510596,142.7,12.45,2,135.38,19 / 20,5062910,2019-09-06 20:44:28:653,2.5311,-1.215,9.679,0.0225,-0.0319,9.8066,-0.0224,0.0567,-0.0293,-15,-33.31,25.44,324.69,-85.03,179.01
52.390186,-1.510596,142.7,12.45,2,135.38,19 / 20,5063010,2019-09-06 20:44:28:753,0.9574,-0.6219,9.7576,0.0152,-0.0258,9.8066,-0.0275,0.0659,0.0028,-15.75,-33.37,25.38,323.21,-85.07,179.22
52.390186,-1.510596,142.7,12.45,2,135.38,19 / 20,5063109,2019-09-06 20:44:28:852,0.2067,-1.9782,9.7266,-0.009,0.0083,9.8066,-0.0306,-0.0482,0.0461,-15.19,-33.5,25.69,326.34,-85.14,179.38
52.390186,-1.510596,142.7,12.45,2,135.38,19 / 20,5063210,2019-09-06 20:44:28:953,1.6166,-1.1247,9.6021,-0.0166,0.0257,9.8065,0.1167,0.0101,0.0225,-15.31,-33.06,24.81,325.43,-85.1,179.64
52.390186,-1.510596,142.7,12.45,2,135.38,19 / 20,5063310,2019-09-06 20:44:29:053,0.4509,-0.5478,9.9192,-0.0053,0.0029,9.8066,-0.0117,-0.0161,0.0151,-15.31,-33.62,25.44,326.15,-85.16,-179.65
52.38967,-1.509754,141.14,9.4,2,135.5,19 / 20,5063410,2019-09-06 20:44:29:153,0.5465,-0.9837,9.8143,-0.0001,0.0125,9.8066,-0.0098,-0.0143,0.0529,-15.5,-33.12,25.31,326.06,-85.16,-179.82
52.38967,-1.509754,141.14,9.4,2,135.5,19 / 20,5063509,2019-09-06 20:44:29:252,0.6052,-1.2209,9.73,0.0006,0.0046,9.8066,-0.0294,0.0352,0.0333,-14.87,-33.19,24.69,325.89,-85.16,-179.97
52.38967,-1.509754,141.14,9.4,2,135.5,19 / 20,5063609,2019-09-06 20:44:29:352,1.2032,-1.7796,9.5995,-0.0049,-0.0089,9.8066,0.0194,-0.1033,-0.0017,-14.87,-32.87,25.25,325.81,-85.07,-179.99
52.38967,-1.509754,141.14,9.4,2,135.5,19 / 20,5063709,2019-09-06 20:44:29:452,1.6946,-1.2151,9.3214,0.0068,0.0018,9.8066,-0.0028,0.0339,0.0129,-15.19,-32.94,24.81,327.01,-84.98,-178.83
52.38967,-1.509754,141.14,9.4,2,135.5,19 / 20,5063810,2019-09-06 20:44:29:553,0.9637,-0.8875,9.6748,-0.0145,0.0108,9.8066,0.004,0.0526,0.1137,-14.87,-32.75,25.75,327.1,-85.14,-179.92
52.38967,-1.509754,141.14,9.4,2,135.5,19 / 20,5063910,2019-09-06 20:44:29:653,0.7556,-1.3748,9.8062,-0.0118,-0.0083,9.8065,0.0154,-0.0248,-0.0564,-15.69,-33.12,25.56,327.58,-85.11,-177.88
52.38967,-1.509754,141.14,9.4,2,135.5,19 / 20,5064009,2019-09-06 20:44:29:752,0.3619,-0.5677,9.9806,-0.0015,0.0039,9.8066,0.0645,0.0119,-0.0156,-14.81,-32.87,25.38,329.33,-85.19,-176.84
52.38967,-1.509754,141.14,9.4,2,135.5,19 / 20,5064110,2019-09-06 20:44:29:853,0.6973,-1.8673,9.5979,-0.0177,0.0075,9.8065,-0.0158,0.0169,0.0528,-15.25,-32.87,25.75,331.21,-85.15,-176.16
52.38967,-1.509754,141.14,9.4,2,135.5,19 / 20,5064210,2019-09-06 20:44:29:953,0.3581,-1.2657,9.6945,-0.011,0.0042,9.8066,0.117,-0.0534,0.0255,-15.37,-33.25,25.38,331.39,-85.12,-174.91
52.38967,-1.509754,141.14,9.4,2,135.5,19 / 20,5064310,2019-09-06 20:44:30:053,0.4498,-0.9042,10.2042,-0.0034,-0.0039,9.8066,-0.0387,-0.0779,-0.0074,-14.87,-33.37,25.56,334.27,-85.1,-173.33
52.38967,-1.509754,141.14,9.4,2,135.5,19 / 20,5064410,2019-09-06 20:44:30:153,0.6383,-0.9663,9.444,0.0181,-0.0187,9.8066,-0.2053,-0.0053,-0.0238,-15.56,-33.56,25.06,331.58,-84.98,-172.97
52.38967,-1.509754,141.14,9.4,2,135.5,19 / 20,5064510,2019-09-06 20:44:30:253,0.7167,-0.7413,10.3545,0.0153,-0.023,9.8066,0.1836,-0.0195,-0.0409,-15.75,-33.44,25.38,331.37,-84.98,-173.25
52.38967,-1.509754,141.14,9.4,2,135.5,19 / 20,5064609,2019-09-06 20:44:30:352,0.7403,-1.7705,9.6969,-0.0168,0.0427,9.8064,0.1841,-0.0245,0.0152,-15.31,-33,25.63,333.92,-85.16,-173.68
52.38967,-1.509754,141.14,9.4,2,135.5,19 / 20,5064710,2019-09-06 20:44:30:453,0.9683,-2.2668,9.5069,0.0114,-0.0282,9.8065,-0.0764,0.0233,-0.0701,-15.69,-33.5,24.94,331.43,-85.13,-173.27
52.38967,-1.509754,141.14,9.4,2,135.5,19 / 20,5064809,2019-09-06 20:44:30:552,-0.3444,-1.939,9.8139,-0.0015,0.0006,9.8066,0.0638,-0.1062,0.0701,-15.31,-32.94,26,334.34,-85,-173.21
52.38967,-1.509754,141.14,9.4,2,135.5,19 / 20,5064910,2019-09-06 20:44:30:653,0.4629,1.2521,8.8976,0.0078,-0.0143,9.8065,-0.0082,-0.1492,0.0691,-15.37,-32.75,25.31,334,-84.9,-172.42
52.38967,-1.509754,141.14,9.4,2,135.5,19 / 20,5065009,2019-09-06 20:44:30:752,0.095,-0.9249,9.7126,-0.0177,0.0113,9.8066,-0.038,-0.0072,0.0047,-15.62,-33.25,25.19,334.62,-84.92,-170.25
52.38967,-1.509754,141.14,9.4,2,135.5,19 / 20,5065110,2019-09-06 20:44:30:853,1.3052,-0.0518,9.7871,0.0135,-0.0227,9.8065,0.0555,-0.0139,-0.0055,-15.37,-33.12,25.06,336.41,-84.81,-170.19
52.38967,-1.509754,141.14,9.4,2,135.5,19 / 20,5065210,2019-09-06 20:44:30:953,0.6043,-1.0788,9.3882,-0.0142,0.0215,9.8066,0.1526,0.0081,0.0606,-15.25,-33.06,25.56,339.55,-84.93,-168.45
52.38967,-1.509754,141.14,9.4,2,135.5,19 / 20,5065310,2019-09-06 20:44:31:053,-0.1745,-1.997,10.2796,-0.008,0.0027,9.8066,-0.1701,0.0618,-0.0708,-15.5,-33.31,25.5,340.34,-84.87,-167.71
52.38967,-1.509754,141.14,9.4,2,135.5,19 / 20,5065409,2019-09-06 20:44:31:152,-0.2651,-0.5238,9.6201,0.0029,-0.0127,9.8065,-0.0072,-0.0395,-0.0144,-15.75,-33.12,25.25,337.57,-84.96,-167.59
52.38967,-1.509754,141.14,9.4,2,135.5,19 / 20,5065510,2019-09-06 20:44:31:253,0.1237,0.3783,9.6337,0.0141,-0.0205,9.8066,-0.0331,0.024,-0.0334,-15.56,-32.56,25.13,338.19,-84.82,-166.97
52.38967,-1.509754,141.14,9.4,2,135.5,19 / 20,5065610,2019-09-06 20:44:31:353,0.1522,-0.8435,9.7177,-0.0092,0.0202,9.8066,-0.0161,-0.0511,-0.024,-15.37,-33.25,25.69,340.89,-84.89,-167.22
52.38967,-1.509754,141.14,9.4,2,135.5,19 / 20,5065709,2019-09-06 20:44:31:452,1.198,-0.4889,9.7889,-0.0011,0.02,9.8066,0.1008,0.0474,-0.0793,-15.56,-32.94,25.75,337.68,-84.92,-168.55
52.38967,-1.509754,141.14,9.4,2,135.5,19 / 20,5065810,2019-09-06 20:44:31:553,0.8169,-1.2615,9.6974,0.0198,-0.0266,9.8065,-0.107,0.0847,-0.0143,-15.19,-32.5,25.25,337.32,-84.79,-169.43
52.38967,-1.509754,141.14,9.4,2,135.5,19 / 20,5065909,2019-09-06 20:44:31:652,0.7914,-0.4229,9.6037,0.0032,0.0185,9.8065,-0.0834,-0.0232,0.0338,-15.37,-33.5,25.69,338.75,-84.83,-169.13
52.38967,-1.509754,141.14,9.4,2,135.5,19 / 20,5066010,2019-09-06 20:44:31:753,-1.4333,-0.2693,10.1836,-0.0063,0.0212,9.8066,-0.0479,0.0842,-0.0206,-15.87,-32.69,25.38,335.23,-84.87,-169.68
52.38967,-1.509754,141.14,9.4,2,135.5,19 / 20,5066110,2019-09-06 20:44:31:853,1.3365,-1.2944,10.5058,0.0259,-0.0116,9.8065,0.0756,0.0238,0.0117,-15.37,-32.87,25.13,338.34,-84.94,-168.5
52.38967,-1.509754,141.14,9.4,2,135.5,19 / 20,5066210,2019-09-06 20:44:31:953,0.3537,-0.1253,10.1822,0.0145,-0.0037,9.8065,0.0323,0.0287,-0.0462,-15.56,-32.44,25.25,333.81,-84.81,-171.01
52.38967,-1.509754,141.14,9.4,2,135.5,19 / 20,5066310,2019-09-06 20:44:32:053,1.5754,-1.3658,10.3789,0.003,0.0011,9.8066,0.0703,-0.014,0.0576,-15.37,-32.75,25.38,334.81,-84.67,-171.56
52.38967,-1.509754,141.14,9.4,2,135.5,19 / 20,5066410,2019-09-06 20:44:32:153,0.2557,-1.211,9.9665,0.0045,-0.0036,9.8065,0.0327,0.0772,-0.0742,-16.19,-32.56,25.38,333.41,-84.58,-171.17
52.38967,-1.509754,141.14,9.4,2,135.5,19 / 20,5066509,2019-09-06 20:44:32:252,-0.0068,-0.5872,10.241,-0.0163,0.0028,9.8065,0.0308,0.0033,0.0636,-16.37,-32.69,24.94,334.03,-84.57,-170.61
52.38967,-1.509754,141.14,9.4,2,135.5,19 / 20,5066609,2019-09-06 20:44:32:352,0.1232,-0.4182,9.6669,0.0029,-0.0112,9.8066,0.018,0.0591,-0.0129,-16.06,-32,25.63,336.41,-84.59,-169.62
52.38967,-1.509754,141.14,9.4,2,135.5,19 / 20,5066710,2019-09-06 20:44:32:453,0.5779,-1.2678,9.8315,-0.0197,0.0056,9.8066,0.0332,-0.0192,0.0595,-16.94,-32.5,25.69,336.04,-84.62,-168.44
52.38967,-1.509754,141.14,9.4,2,135.5,19 / 20,5066809,2019-09-06 20:44:32:552,1.0163,-1.7569,9.1927,0.0227,-0.0325,9.8065,-0.2612,0.05,-0.0581,-16.12,-33.12,26.44,337.22,-84.44,-168.75
52.38967,-1.509754,141.14,9.4,2,135.5,19 / 20,5066909,2019-09-06 20:44:32:652,0.287,1.4004,9.2018,0.0449,-0.0751,9.8062,-0.3322,0.0391,-0.0296,-15.06,-33.37,26.06,338.25,-84.31,-169.35
52.38967,-1.509754,141.14,9.4,2,135.5,19 / 20,5067009,2019-09-06 20:44:32:752,0.7215,0.8489,8.9807,-0.0307,0.0753,9.8062,0.2189,0.0193,-0.0369,-15.12,-32.31,25.13,335.78,-84.32,-170.59
52.38967,-1.509754,141.14,9.4,2,135.5,19 / 20,5067110,2019-09-06 20:44:32:853,0.3458,1.2278,8.4474,0.0247,-0.0239,9.8065,0.0446,0.018,0.0384,-15,-32.94,24.81,332.84,-84.48,-173.24
52.38967,-1.509754,141.14,9.4,2,135.5,19 / 20,5067210,2019-09-06 20:44:32:953,0.9808,-1.2932,9.2225,-0.0152,0.0385,9.8066,0.1624,0.0275,-0.1076,-15.12,-33.19,25.56,331.24,-84.59,-175.8
52.38967,-1.509754,141.14,9.4,2,135.5,19 / 20,5067310,2019-09-06 20:44:33:053,-0.4316,1.0784,9.321,-0.007,0.0062,9.8066,0.1281,0.0983,0.048,-14.69,-33.31,24.75,330.04,-84.51,-175.78
52.38967,-1.509754,141.14,9.4,2,135.5,19 / 20,5067409,2019-09-06 20:44:33:152,0.3382,0.4406,9.7767,0.0014,0.0076,9.8065,-0.0092,-0.0094,-0.0317,-15.19,-33.31,25.06,329.32,-84.55,-176.46
52.38967,-1.509754,141.14,9.4,2,135.5,19 / 20,5067510,2019-09-06 20:44:33:253,1.5133,0.0621,10.0731,-0.002,-0.0081,9.8065,0.0318,0.0741,-0.0859,-15,-33.31,25.75,330.21,-84.4,-176.63
52.38967,-1.509754,141.14,9.4,2,135.5,19 / 20,5067609,2019-09-06 20:44:33:352,0.9315,-0.4172,9.1802,0.01,0.0016,9.8066,-0.059,0.0073,0.0773,-15.19,-33.19,25.56,331.3,-84.25,-175.56
52.38967,-1.509754,141.14,9.4,2,135.5,19 / 20,5067710,2019-09-06 20:44:33:453,-0.1784,-0.4365,9.834,-0.0393,0.0566,9.8063,-0.288,-0.0427,-0.0057,-15.56,-33.25,25.88,329.04,-84.08,-175.93
52.38967,-1.509754,141.14,9.4,2,135.5,19 / 20,5067809,2019-09-06 20:44:33:552,-1.1742,0.8131,9.5686,-0.0192,0.0307,9.8066,0.0962,0.0584,-0.0328,-15.25,-33.31,25.25,330.18,-84.46,-175.62
52.38967,-1.509754,141.14,9.4,2,135.5,19 / 20,5067909,2019-09-06 20:44:33:652,-0.2799,1.6096,9.4621,0.0066,-0.0028,9.8066,0.0047,-0.0135,0.0016,-14.94,-33.12,25.06,329.54,-84.46,-176.2
52.38967,-1.509754,141.14,9.4,2,135.5,19 / 20,5068009,2019-09-06 20:44:33:752,-0.0774,0.7855,9.4551,-0.0127,0.0347,9.8065,0.1578,-0.0091,0.0151,-15.19,-32.94,25.06,328.05,-84.56,-177.61
52.38967,-1.509754,141.14,9.4,2,135.5,19 / 20,5068110,2019-09-06 20:44:33:853,-0.4477,-1.4555,10.8556,-0.0107,-0.0097,9.8066,0.1106,-0.0295,0.0361,-14.94,-32.81,25.69,330.47,-84.3,-176.33
52.38967,-1.509754,141.14,9.4,2,135.5,19 / 20,5068210,2019-09-06 20:44:33:953,0.326,-0.9766,9.966,0.0059,-0.0097,9.8066,0.0385,-0.0102,-0.0303,-15.12,-33,25.38,328.88,-84.2,-176.63
52.38967,-1.509754,141.14,9.4,2,135.5,19 / 20,5068310,2019-09-06 20:44:34:053,0.3288,0.8371,9.1586,-0.003,0.01,9.8066,-0.0659,-0.0109,0.0082,-15.31,-32.94,25.31,328.27,-84.08,-177.11
52.38967,-1.509754,141.14,9.4,2,135.5,19 / 20,5068409,2019-09-06 20:44:34:152,0.9119,-0.7435,9.2469,0.0135,-0.0056,9.8066,-0.1356,-0.0425,-0.016,-15.69,-33.69,24.75,326.46,-84.18,-177.1
52.38967,-1.509754,141.14,9.4,2,135.5,19 / 20,5068510,2019-09-06 20:44:34:253,-1.2578,1.0944,9.7552,-0.0307,0.0333,9.8065,-0.1016,-0.0069,0.0198,-15.56,-33.5,25.13,327.44,-84.23,-176.36
52.38967,-1.509754,141.14,9.4,2,135.5,19 / 20,5068609,2019-09-06 20:44:34:352,-0.4349,-0.3125,9.6608,-0.0094,0.0094,9.8065,0.026,0.0483,-0.0127,-14.94,-33.56,25,329.36,-84.33,-176.19
52.38967,-1.509754,141.14,9.4,2,135.5,19 / 20,5068710,2019-09-06 20:44:34:453,0.0615,-0.4946,9.8946,0.0007,-0.0268,9.8066,0.0775,-0.0663,0.0162,-15.12,-32.5,24.75,330.94,-84.12,-174.83
52.38967,-1.509754,141.14,9.4,2,135.5,19 / 20,5068810,2019-09-06 20:44:34:553,-0.7603,0.4544,10.1972,-0.0315,0.0057,9.8066,0.042,-0.0183,0.0255,-15.06,-33.19,25.13,332.37,-84.01,-173.4
52.38967,-1.509754,141.14,9.4,2,135.5,19 / 20,5068910,2019-09-06 20:44:34:653,-0.5997,0.4293,10.3953,-0.0488,0.0442,9.8064,0.0994,-0.014,0.0355,-15.12,-32.81,25.38,333.86,-84.09,-172.11
52.38967,-1.509754,141.14,9.4,2,135.5,19 / 20,5069010,2019-09-06 20:44:34:753,0.3186,-1.5417,9.946,0.0239,-0.0304,9.8065,-0.2432,0.0515,-0.0036,-15.44,-33.19,25.75,335.29,-83.84,-171.78
52.38967,-1.509754,141.14,9.4,2,135.5,19 / 20,5069109,2019-09-06 20:44:34:852,0.5216,0.476,9.7598,0.0077,-0.0232,9.8066,-0.0974,0.0119,0.0551,-16.31,-33,24.69,333.72,-83.91,-170.54
52.38967,-1.509754,141.14,9.4,2,135.5,19 / 20,5069209,2019-09-06 20:44:34:952,0.0665,0.5982,9.7884,0.022,-0.0224,9.8066,0.0268,-0.0132,-0.0631,-15.75,-33.06,25.31,332.83,-84,-171.38
52.38967,-1.509754,141.14,9.4,2,135.5,19 / 20,5069309,2019-09-06 20:44:35:052,-1.6533,0.2046,10.2083,0.0183,-0.0299,9.8065,0.0086,-0.033,0.0361,-15.94,-33,25.06,332.05,-83.77,-171.94
52.38967,-1.509754,141.14,9.4,2,135.5,19 / 20,5069409,2019-09-06 20:44:35:152,0.1184,0.7338,9.401,-0.0212,0.0307,9.8065,-0.0018,-0.0251,0.0461,-15.56,-33.31,25.63,334.72,-83.91,-170.74
52.38967,-1.509754,141.14,9.4,2,135.5,19 / 20,5069510,2019-09-06 20:44:35:253,0.5517,-0.6394,9.4532,-0.0038,-0.0194,9.8066,0.0105,0.0131,-0.0538,-15.5,-33.12,25.06,335.88,-83.85,-170.19
52.38967,-1.509754,141.14,9.4,2,135.5,19 / 20,5069609,2019-09-06 20:44:35:352,-0.8721,0.6929,9.82,-0.005,-0.0131,9.8066,0.0792,0.0246,0.0062,-15.19,-33.06,25,337.96,-83.82,-168.34
52.38967,-1.509754,141.14,9.4,2,135.5,19 / 20,5069710,2019-09-06 20:44:35:453,-0.656,0.4815,9.6139,0.0021,-0.0062,9.8066,0.0249,-0.0023,0.0529,-15.94,-32.87,24.81,335.68,-83.87,-168.77
52.38967,-1.509754,141.14,9.4,2,135.5,19 / 20,5069810,2019-09-06 20:44:35:553,-0.069,0.3818,9.9726,-0.0058,0.0188,9.8066,0.1145,-0.1008,-0.0433,-15.31,-32.56,24.94,336.65,-83.67,-169.42
52.38967,-1.509754,141.14,9.4,2,135.5,19 / 20,5069910,2019-09-06 20:44:35:653,0.2293,0.7884,10.0489,-0.0015,-0.013,9.8065,0.0114,0.071,-0.0045,-15.56,-32.37,24.81,333.23,-83.54,-170.87
52.38967,-1.509754,141.14,9.4,2,135.5,19 / 20,5070009,2019-09-06 20:44:35:752,-0.7873,1.2757,9.8716,-0.0216,0.0321,9.8065,0.1362,0.0081,0.0182,-15.44,-31.75,24.5,336.26,-83.44,-169.74
52.38967,-1.509754,141.14,9.4,2,135.5,19 / 20,5070110,2019-09-06 20:44:35:853,0.8721,0.5644,9.3816,-0.0115,0.0148,9.8066,-0.0248,0.0252,-0.0423,-16.5,-31.19,23.56,333.09,-83.26,-169.79
52.38967,-1.509754,141.14,9.4,2,135.5,19 / 20,5070210,2019-09-06 20:44:35:953,-0.0443,0.0433,8.8581,-0.0274,-0.0078,9.8066,0.0452,0.0348,0.0563,-17.81,-30.62,23.63,332.48,-83.26,-167.27
52.38967,-1.509754,141.14,9.4,2,135.5,19 / 20,5070309,2019-09-06 20:44:36:052,-0.2506,0.5053,9.246,-0.0083,-0.0012,9.8066,0.0315,-0.0398,0.0235,-19.12,-30.31,24.44,331.91,-83.38,-166.51
52.38967,-1.509754,141.14,9.4,2,135.5,19 / 20,5070409,2019-09-06 20:44:36:152,-0.0559,0.2408,9.3523,-0.0133,0.0064,9.8066,-0.0372,-0.0403,0.0152,-18.69,-30.56,25.38,333.93,-83.57,-165.9
52.38967,-1.509754,141.14,9.4,2,135.5,19 / 20,5070510,2019-09-06 20:44:36:253,-0.7355,0.7502,10.1023,0.0085,-0.0046,9.8066,-0.0686,0.0117,-0.0036,-17.69,-31.81,25.94,337.31,-83.67,-165.41
52.38967,-1.509754,141.14,9.4,2,135.5,19 / 20,5070610,2019-09-06 20:44:36:353,-0.7255,0.1175,10.7062,0.0128,-0.0152,9.8066,0.0633,-0.0003,-0.0178,-16,-32.25,25.88,339.35,-83.53,-166.53
52.38967,-1.509754,141.14,9.4,2,135.5,19 / 20,5070710,2019-09-06 20:44:36:453,0.5277,0.5079,10.2575,0.0123,0.0055,9.8066,0.1094,0.018,-0.0074,-15.94,-32,25.44,336.45,-83.45,-167.97
52.38967,-1.509754,141.14,9.4,2,135.5,19 / 20,5070810,2019-09-06 20:44:36:553,0.1755,1.0666,9.8827,0.0016,-0.0175,9.8066,-0.0129,-0.0601,0.0326,-16.19,-32.75,25.5,337.83,-83.23,-167.66
52.38967,-1.509754,141.14,9.4,2,135.5,19 / 20,5070910,2019-09-06 20:44:36:653,-0.9779,-0.3776,10.5762,-0.0194,0.009,9.8066,-0.0075,-0.0352,0.0681,-16.19,-32.44,25.25,337.7,-83.3,-166.81
52.38967,-1.509754,141.14,9.4,2,135.5,19 / 20,5071010,2019-09-06 20:44:36:753,0.7593,0.6594,9.3679,-0.0067,-0.0105,9.8066,-0.0795,-0.1513,0.0784,-16.06,-32.94,25.69,341.04,-83.27,-164.87
52.38967,-1.509754,141.14,9.4,2,135.5,19 / 20,5071110,2019-09-06 20:44:36:853,0.2076,0.3264,9.4838,-0.0035,0.0033,9.8066,-0.1021,-0.005,0.015,-16.81,-32.69,25.44,340.26,-83.31,-162.94
52.38967,-1.509754,141.14,9.4,2,135.5,19 / 20,5071210,2019-09-06 20:44:36:953,-0.1096,0.368,10.0668,-0.0073,0.0016,9.8066,0.0533,-0.1111,0.0197,-16.06,-32.94,25.19,343.79,-83.36,-161.43
52.38967,-1.509754,141.14,9.4,2,135.5,19 / 20,5071310,2019-09-06 20:44:37:053,-0.0643,0.0447,10.4743,-0.0047,0.0403,9.8065,0.1723,-0.0039,-0.0437,-16.31,-32.37,25.31,343,-83.5,-162.23
52.38967,-1.509754,141.14,9.4,2,135.5,19 / 20,5071410,2019-09-06 20:44:37:153,0.8281,0.9526,10.0421,0.0459,-0.0526,9.8064,-0.0949,0.0434,-0.006,-16.25,-32.75,24.88,341.93,-83.17,-162.98
52.38967,-1.509754,141.14,9.4,2,135.5,19 / 20,5071509,2019-09-06 20:44:37:252,0.2376,0.4814,9.9799,0.0274,-0.0403,9.8064,-0.0886,0.0038,0.0003,-16.31,-33,25,341.39,-83.21,-163.46
52.38967,-1.509754,141.14,9.4,2,135.5,19 / 20,5071610,2019-09-06 20:44:37:353,-0.536,0.7592,9.6005,0.0015,-0.0198,9.8066,0.0849,-0.0497,0.0733,-16.5,-32.56,25.56,343.88,-83.19,-162.37
52.38967,-1.509754,141.14,9.4,2,135.5,19 / 20,5071709,2019-09-06 20:44:37:452,0.4807,1.7327,9.2213,-0.005,-0.0121,9.8065,0.0401,0.0573,0.0129,-16.37,-32.44,26.19,345.4,-83.03,-161.05
52.38967,-1.509754,141.14,9.4,2,135.5,19 / 20,5071810,2019-09-06 20:44:37:553,-1.9954,-3.8163,12.8882,-0.0088,-0.1061,9.806,-0.3987,0.0697,-0.0469,-16.31,-32.5,24.63,349.49,-82.56,-156.35
52.38967,-1.509754,141.14,9.4,2,135.5,19 / 20,5071910,2019-09-06 20:44:37:653,-1.2181,-2.8474,11.2057,-0.0369,0.0675,9.8063,0.0176,0.278,-0.1134,-16.5,-33.25,25.38,352.19,-83.06,-154.09
52.38967,-1.509754,141.14,9.4,2,135.5,19 / 20,5072010,2019-09-06 20:44:37:753,0.409,-0.457,9.9551,0.1033,-0.1625,9.8047,-0.5904,0.0714,-0.1122,-17.31,-32.75,25.63,348.32,-81.98,-156.67
52.38967,-1.509754,141.14,9.4,2,135.5,19 / 20,5072109,2019-09-06 20:44:37:852,0.8965,0.9893,10.1473,0.0288,-0.0245,9.8065,-0.3106,0.1427,-0.1991,-16.69,-32.94,25.5,349.25,-82.59,-156.01
52.38967,-1.509754,141.14,9.4,2,135.5,19 / 20,5072210,2019-09-06 20:44:37:953,0.1654,-0.7202,10.1061,0.071,-0.074,9.8061,-0.3195,0.0061,0.0239,-17,-32.44,26.13,350.85,-83.08,-154.77
52.38967,-1.509754,141.14,9.4,2,135.5,19 / 20,5072309,2019-09-06 20:44:38:052,0.6592,1.1615,8.4868,0.0934,-0.0769,9.8058,-0.2977,0.0583,-0.16,-16.69,-32.87,25.19,344.28,-82.78,-159.25
52.38896,-1.508625,139.3,12.35,2,135.92,19 / 20,5072410,2019-09-06 20:44:38:153,1.1051,0.1779,10.5044,0.0235,-0.0064,9.8066,-0.153,-0.056,0.078,-16.75,-33.12,25.31,343.95,-83.09,-159.64
52.38896,-1.508625,139.3,12.35,2,135.92,19 / 20,5072509,2019-09-06 20:44:38:252,-0.0975,-0.1954,9.6238,0.0138,-0.0017,9.8066,0.0616,0.0304,-0.0378,-17.12,-33.06,25.44,342.32,-83.2,-161.09
52.38896,-1.508625,139.3,12.35,2,135.92,19 / 20,5072610,2019-09-06 20:44:38:353,0.079,0.0317,9.5612,-0.0036,0.0193,9.8066,0.096,0.0344,-0.034,-16.81,-32.37,24.69,341.89,-83.26,-161.57
52.38896,-1.508625,139.3,12.35,2,135.92,19 / 20,5072709,2019-09-06 20:44:38:452,-0.0917,-0.1143,9.4003,0.0114,0.0094,9.8066,-0.0449,-0.0501,-0.0215,-16.44,-32.25,24.88,341.85,-83.2,-163.13
52.38896,-1.508625,139.3,12.35,2,135.92,19 / 20,5072810,2019-09-06 20:44:38:553,-0.3003,-0.6536,8.004,-0.0344,0.0543,9.8063,-0.0357,0.0473,-0.129,-16.37,-32.75,24.94,340.81,-83.4,-164.04
52.38896,-1.508625,139.3,12.35,2,135.92,19 / 20,5072909,2019-09-06 20:44:38:652,-0.455,1.9832,10.7943,-0.0038,0.0245,9.8065,0.0803,-0.0167,-0.005,-15.94,-33,25.13,340.7,-84,-164.38
52.38896,-1.508625,139.3,12.35,2,135.92,19 / 20,5073010,2019-09-06 20:44:38:753,1.0573,0.2894,11.3655,-0.0012,0.0219,9.8066,0.3653,-0.0393,-0.133,-16.06,-33.19,24.38,336.33,-84.27,-167.25
52.38896,-1.508625,139.3,12.35,2,135.92,19 / 20,5073110,2019-09-06 20:44:38:853,1.4219,-0.3632,9.461,0.0333,-0.0068,9.8065,0.0589,0.0225,0.0539,-15.75,-33.25,25.31,333.69,-83.71,-170.45
52.38896,-1.508625,139.3,12.35,2,135.92,19 / 20,5073210,2019-09-06 20:44:38:953,-1.9705,1.3704,10.6189,0.0252,-0.0343,9.8065,-0.0633,-0.0691,0.0508,-15.5,-32.69,25.56,331.59,-82.92,-174.54
52.38896,-1.508625,139.3,12.35,2,135.92,19 / 20,5073310,2019-09-06 20:44:39:053,-2.4239,-1.7882,11.0669,-0.0088,-0.0015,9.8066,0.1339,-0.033,-0.0914,-15.62,-32.75,25.06,330.6,-83.02,-172.79
52.38896,-1.508625,139.3,12.35,2,135.92,19 / 20,5073409,2019-09-06 20:44:39:152,1.3356,1.743,9.5322,0.0172,-0.0308,9.8065,-0.2104,0.0992,0.0092,-15.06,-33.25,24.81,329.13,-83.18,-175.76
52.38896,-1.508625,139.3,12.35,2,135.92,19 / 20,5073510,2019-09-06 20:44:39:253,2.2216,0.063,8.7658,0.0168,-0.0178,9.8066,-0.1826,-0.021,0.0535,-15.5,-33.44,25.75,331.48,-83.18,-174.79
52.38896,-1.508625,139.3,12.35,2,135.92,19 / 20,5073609,2019-09-06 20:44:39:352,-0.148,0.5574,10.0096,-0.005,-0.0184,9.8066,-0.0019,0.1273,-0.0512,-15.94,-33.62,25.13,328.74,-83.34,-174.51
52.38896,-1.508625,139.3,12.35,2,135.92,19 / 20,5073709,2019-09-06 20:44:39:452,1.8906,0.9222,8.1746,-0.001,0.0256,9.8066,-0.1742,-0.0682,0.1282,-15.56,-33.75,25.38,328.08,-83.64,-175.29
52.38896,-1.508625,139.3,12.35,2,135.92,19 / 20,5073809,2019-09-06 20:44:39:552,-1.5808,-0.1705,9.0521,-0.0196,-0.009,9.8066,-0.2878,0.1716,-0.0589,-15.37,-33.12,25.31,332.39,-83.63,-173.16
52.38896,-1.508625,139.3,12.35,2,135.92,19 / 20,5073910,2019-09-06 20:44:39:653,-0.0722,4.9628,11.6884,0.0239,-0.0375,9.8065,0.8145,0.0163,-0.1527,-15.87,-33.62,25.06,328.72,-83.32,-174.52
52.38896,-1.508625,139.3,12.35,2,135.92,19 / 20,5074010,2019-09-06 20:44:39:753,-0.7528,1.1616,10.0925,-0.0807,0.1356,9.8054,0.3118,0.0852,0.0252,-15.37,-33.25,25.25,330.35,-82.68,-174.39
52.38896,-1.508625,139.3,12.35,2,135.92,19 / 20,5074110,2019-09-06 20:44:39:853,0.5538,-0.5881,7.6654,-0.0663,0.0602,9.8062,0.3988,-0.0314,-0.0276,-15.56,-32.62,25.56,329.61,-83.1,-174.83
52.38896,-1.508625,139.3,12.35,2,135.92,19 / 20,5074210,2019-09-06 20:44:39:953,0.1025,-0.5801,9.8174,-0.0839,0.1197,9.8055,0.4125,-0.0719,-0.0058,-15.56,-33.19,26,331.67,-83.6,-173.3
52.38896,-1.508625,139.3,12.35,2,135.92,19 / 20,5074310,2019-09-06 20:44:40:053,0.8056,-0.2399,9.3617,-0.0799,0.1095,9.8057,-0.1901,-0.0746,0.0227,-15.37,-33.19,25.31,333.31,-83.86,-172.47
52.38896,-1.508625,139.3,12.35,2,135.92,19 / 20,5074410,2019-09-06 20:44:40:153,-1.2626,0.1531,9.7805,0.0006,-0.0025,9.8066,-0.0055,-0.1166,0.1071,-15.37,-33.25,25.5,335.18,-83.98,-171.94
52.38896,-1.508625,139.3,12.35,2,135.92,19 / 20,5074509,2019-09-06 20:44:40:252,0.2044,0.9709,9.517,-0.0055,0.0055,9.8066,0.0633,-0.2011,0.0664,-15.5,-32.87,25,334.47,-83.88,-171.45
52.38896,-1.508625,139.3,12.35,2,135.92,19 / 20,5074610,2019-09-06 20:44:40:353,-0.8744,-0.3734,10.0533,0.0024,-0.0222,9.8065,-0.0491,-0.037,0.0677,-15.44,-33.06,25.25,333.84,-83.67,-171.9
52.38896,-1.508625,139.3,12.35,2,135.92,19 / 20,5074709,2019-09-06 20:44:40:452,0.1212,-0.1907,10.499,0.006,-0.0299,9.8066,0.1267,-0.0054,-0.0245,-15.12,-32.81,26.06,336.93,-83.54,-170.18
52.38896,-1.508625,139.3,12.35,2,135.92,19 / 20,5074810,2019-09-06 20:44:40:553,1.7426,-0.9691,10.0512,0.0092,0.0095,9.8066,0.0603,0.0239,0.0283,-15.5,-33.12,25.31,335.82,-83.54,-170.08
52.38896,-1.508625,139.3,12.35,2,135.92,19 / 20,5074910,2019-09-06 20:44:40:653,-1.6172,-1.4419,10.2312,-0.0147,-0.0046,9.8066,-0.1322,0.1736,-0.0852,-15.56,-33.25,26.25,335.84,-83.38,-169.49
52.38896,-1.508625,139.3,12.35,2,135.92,19 / 20,5075009,2019-09-06 20:44:40:752,2.0321,2.5542,9.8048,0.0117,-0.0072,9.8066,-0.1454,-0.0613,0.0339,-15.69,-33.12,25.81,335.7,-83.4,-169.62
52.38896,-1.508625,139.3,12.35,2,135.92,19 / 20,5075109,2019-09-06 20:44:40:852,-1.7636,0.5124,9.7569,0.0307,-0.0402,9.8064,0.2287,0.0116,-0.034,-15.81,-33.5,26,336.49,-83.1,-168.78
52.38896,-1.508625,139.3,12.35,2,135.92,19 / 20,5075210,2019-09-06 20:44:40:953,-0.3772,1.1825,8.2362,-0.0027,0.0358,9.8065,-0.0157,0.0413,-0.0158,-15.25,-33.06,25.75,335.74,-83.1,-171.01
52.38896,-1.508625,139.3,12.35,2,135.92,19 / 20,5075309,2019-09-06 20:44:41:052,1.4673,0.3531,10.5836,-0.0022,-0.0054,9.8066,0.0606,-0.1416,0.0793,-15.37,-32.87,25.69,334.83,-83.31,-171.91
52.38896,-1.508625,139.3,12.35,2,135.92,19 / 20,5075410,2019-09-06 20:44:41:153,1.6333,0.7505,9.7894,-0.0317,0.0309,9.8065,0.1072,0.1398,-0.1263,-15.69,-32.94,25.44,333.84,-83.67,-170.3
52.38896,-1.508625,139.3,12.35,2,135.92,19 / 20,5075510,2019-09-06 20:44:41:253,-0.9769,2.5957,10.4409,0.0077,-0.0282,9.8066,-0.0537,-0.0161,0.0165,-15.62,-32.94,25.13,331.72,-83.66,-172.17
52.38896,-1.508625,139.3,12.35,2,135.92,19 / 20,5075610,2019-09-06 20:44:41:353,-1.3326,-0.4744,10.6621,0.0042,-0.0092,9.8065,0.0187,-0.0431,-0.082,-15.56,-32.94,25.44,332.94,-83.49,-171
52.38896,-1.508625,139.3,12.35,2,135.92,19 / 20,5075709,2019-09-06 20:44:41:452,1.7978,-1.7367,9.6528,-0.0235,0.0374,9.8065,-0.2427,-0.0727,0.1035,-16.25,-32.37,25.63,333.18,-83.51,-172
52.38896,-1.508625,139.3,12.35,2,135.92,19 / 20,5075809,2019-09-06 20:44:41:552,-0.5852,0.4938,10.4653,0.0347,-0.0621,9.8063,-0.2665,0.0734,-0.0246,-16.19,-32.81,25,331.33,-83.03,-172.15
52.38896,-1.508625,139.3,12.35,2,135.92,19 / 20,5075909,2019-09-06 20:44:41:652,0.2245,-0.5034,10.8002,0.0327,-0.0347,9.8065,-0.0148,0.0331,-0.0221,-17.37,-32.94,25.63,330.74,-83.24,-172.4
52.38896,-1.508625,139.3,12.35,2,135.92,19 / 20,5076009,2019-09-06 20:44:41:752,1.1441,1.1361,9.0959,0.0084,-0.0045,9.8066,-0.0159,0.0524,-0.089,-17.5,-31.56,26.25,330.14,-83.35,-173.1
52.38896,-1.508625,139.3,12.35,2,135.92,19 / 20,5076110,2019-09-06 20:44:41:853,-0.6652,-0.274,10.2147,-0.014,-0.0027,9.8065,-0.183,-0.0019,0.0792,-16.69,-31.19,26.88,331.85,-83.41,-172.77
52.38896,-1.508625,139.3,12.35,2,135.92,19 / 20,5076210,2019-09-06 20:44:41:953,-1.1073,-0.5787,10.4385,0.0229,-0.0385,9.8064,-0.0886,0.0778,-0.1084,-15.62,-31.87,26.63,333.84,-83.73,-172.56
52.38896,-1.508625,139.3,12.35,2,135.92,19 / 20,5076310,2019-09-06 20:44:42:053,-0.7942,-0.0844,9.5275,0.0122,-0.0186,9.8066,0.0514,-0.0964,0.083,-15.25,-32.25,24.94,332.19,-83.61,-173.43
52.38896,-1.508625,139.3,12.35,2,135.92,19 / 20,5076410,2019-09-06 20:44:42:153,-0.6141,0.8484,10.2003,0.0094,-0.0234,9.8065,-0.1028,-0.029,-0.0094,-15.75,-32.37,24.75,331.37,-83.79,-172.66
52.38896,-1.508625,139.3,12.35,2,135.92,19 / 20,5076510,2019-09-06 20:44:42:253,1.2964,1.2075,10.5213,-0.0152,-0.0106,9.8066,0.2193,-0.1574,0.0868,-15.19,-32.94,24.5,334.37,-84.02,-171.62
52.38896,-1.508625,139.3,12.35,2,135.92,19 / 20,5076610,2019-09-06 20:44:42:353,-0.4554,0.5692,10.2643,0.0204,0.0086,9.8065,0.0921,-0.0087,-0.0653,-15.56,-33.19,24.94,331.14,-84.04,-172.91
52.38896,-1.508625,139.3,12.35,2,135.92,19 / 20,5076710,2019-09-06 20:44:42:453,0.3086,-0.9203,10.8971,0.0083,-0.0349,9.8065,0.1309,0.0427,0.0676,-15.37,-33,25.31,332.07,-83.99,-173.65
52.38896,-1.508625,139.3,12.35,2,135.92,19 / 20,5076809,2019-09-06 20:44:42:552,-0.824,1.0485,9.3299,-0.0338,0.0127,9.8065,0.1017,0.0218,-0.022,-15.25,-32.37,25.75,333.35,-83.56,-173.45
52.38896,-1.508625,139.3,12.35,2,135.92,19 / 20,5076909,2019-09-06 20:44:42:652,-1.6662,0.1829,9.9592,-0.0236,0.0484,9.8065,0.0922,0.0384,-0.0296,-15.56,-32.62,25.81,332.6,-83.51,-172.41
52.38896,-1.508625,139.3,12.35,2,135.92,19 / 20,5077010,2019-09-06 20:44:42:753,-1.8508,0.8749,10.3616,-0.0052,-0.0131,9.8066,-0.0971,0.0413,-0.0367,-15.94,-32.62,24.75,330.82,-83.57,-172.92
52.38896,-1.508625,139.3,12.35,2,135.92,19 / 20,5077110,2019-09-06 20:44:42:853,0.7228,-0.9057,11.1132,-0.0017,0.0436,9.8065,0.0261,-0.0041,0.0602,-15.31,-33.25,25.31,330.22,-83.98,-175.3
52.38896,-1.508625,139.3,12.35,2,135.92,19 / 20,5077210,2019-09-06 20:44:42:953,-1.8014,-2.2473,10.9604,0.0544,-0.0974,9.806,-0.1798,0.0746,-0.1081,-15.69,-33.31,24.88,328.71,-83.6,-174.81
52.38896,-1.508625,139.3,12.35,2,135.92,19 / 20,5077310,2019-09-06 20:44:43:053,1.2273,-0.3534,10.9223,0.0447,-0.0468,9.8064,0.2379,0.0658,-0.1018,-15.25,-32.87,25.38,328.62,-83.74,-176.58
52.38896,-1.508625,139.3,12.35,2,135.92,19 / 20,5077410,2019-09-06 20:44:43:153,2.3759,2.3297,9.0044,0.0603,-0.0557,9.8063,-0.1588,0.1808,-0.1159,-15.12,-33.19,26.13,326.19,-83.76,-179.85
52.38896,-1.508625,139.3,12.35,2,135.92,19 / 20,5077509,2019-09-06 20:44:43:252,1.2356,2.2359,10.4642,0.0024,-0.0467,9.8065,-0.2015,-0.096,0.0869,-15.62,-32.94,25.25,321.92,-83.52,179.17
52.38896,-1.508625,139.3,12.35,2,135.92,19 / 20,5077609,2019-09-06 20:44:43:352,-0.3526,-0.345,11.1241,0.0292,-0.051,9.8064,-0.0688,-0.0211,0.0595,-15.62,-33.31,25.56,324.7,-83.63,-179.54
52.38896,-1.508625,139.3,12.35,2,135.92,19 / 20,5077710,2019-09-06 20:44:43:453,1.0639,1.1436,8.8997,0.0018,-0.0239,9.8066,-0.3013,0.2039,-0.0154,-15.5,-33.69,25.19,327.5,-84.07,-177.68
52.38896,-1.508625,139.3,12.35,2,135.92,19 / 20,5077810,2019-09-06 20:44:43:553,0.9765,1.9572,9.7946,-0.0311,0.0007,9.8065,-0.1541,0.0234,0.0828,-15.94,-33.62,24.56,328.46,-84.38,-175.43
52.38896,-1.508625,139.3,12.35,2,135.92,19 / 20,5077910,2019-09-06 20:44:43:653,-1.1652,2.9491,11.073,-0.0297,-0.0286,9.8065,0.2025,-0.2145,0.1174,-16.12,-33.06,25.13,333.74,-84.23,-170.69
52.38896,-1.508625,139.3,12.35,2,135.92,19 / 20,5078010,2019-09-06 20:44:43:753,-0.0132,0.9162,10.1482,0.0056,-0.0055,9.8066,0.2043,0.0551,-0.1036,-16.5,-33,24.94,335.64,-83.96,-168.85
52.38896,-1.508625,139.3,12.35,2,135.92,19 / 20,5078110,2019-09-06 20:44:43:853,-1.1378,-0.0623,9.721,0.0127,0.0087,9.8066,-0.1009,0.0576,-0.0513,-15.87,-33.37,25.44,333.14,-83.54,-170.86
52.38896,-1.508625,139.3,12.35,2,135.92,19 / 20,5078209,2019-09-06 20:44:43:952,-1.4746,0.3389,8.8395,-0.0122,0.0297,9.8065,-0.0458,0.0234,-0.0168,-15.44,-32.75,25.5,335.38,-83.59,-171.57
52.38896,-1.508625,139.3,12.35,2,135.92,19 / 20,5078310,2019-09-06 20:44:44:053,-1.6011,0.9592,9.7028,-0.0015,0.0002,9.8066,0.1082,-0.035,-0.0334,-16,-33.87,24.44,330.41,-83.75,-172.11
52.38896,-1.508625,139.3,12.35,2,135.92,19 / 20,5078410,2019-09-06 20:44:44:153,0.5475,0.969,10.0262,-0.0144,0.0215,9.8066,0.0834,-0.0086,0.0331,-15.37,-33.56,24.56,332.05,-84.1,-173.63
52.38896,-1.508625,139.3,12.35,2,135.92,19 / 20,5078509,2019-09-06 20:44:44:252,1.1906,0.2703,10.0515,0.0117,-0.0322,9.8066,0.1533,-0.0664,0.1008,-16.19,-33.37,25.25,331.8,-83.98,-172.29
52.38896,-1.508625,139.3,12.35,2,135.92,19 / 20,5078610,2019-09-06 20:44:44:353,-0.0916,0.9324,10.1211,-0.0023,-0.0182,9.8065,0.0187,0.0599,-0.0075,-15.75,-33.5,25.44,332.58,-83.47,-171.31
52.38896,-1.508625,139.3,12.35,2,135.92,19 / 20,5078709,2019-09-06 20:44:44:452,-0.4615,0.4371,9.0827,-0.031,0.0324,9.8065,0.0002,-0.0683,0.0325,-16.56,-33.06,25.88,332.64,-83.52,-170.87
52.38896,-1.508625,139.3,12.35,2,135.92,19 / 20,5078810,2019-09-06 20:44:44:553,-0.0065,-1.3812,10.1199,-0.0157,0.0252,9.8066,-0.0317,-0.0021,-0.0629,-15.94,-33.31,25.75,337.3,-83.84,-168.41
52.38896,-1.508625,139.3,12.35,2,135.92,19 / 20,5078910,2019-09-06 20:44:44:653,-0.785,0.893,10.1562,-0.0403,0.065,9.8063,-0.1734,0.0189,0.0198,-15.75,-33.5,25,336.9,-84.58,-168.02
52.38896,-1.508625,139.3,12.35,2,135.92,19 / 20,5079010,2019-09-06 20:44:44:753,-0.266,2.9574,10.1391,0.0231,-0.0012,9.8066,-0.0173,0.0461,-0.0532,-15.5,-33.81,24.75,337.75,-84.74,-168.88
52.38896,-1.508625,139.3,12.35,2,135.92,19 / 20,5079110,2019-09-06 20:44:44:853,-1.228,0.0207,9.1201,0.0318,-0.0379,9.8065,-0.0123,0.0863,0.0154,-15.56,-33.94,24.69,333.04,-84.32,-171.28
52.38896,-1.508625,139.3,12.35,2,135.92,19 / 20,5079209,2019-09-06 20:44:44:952,-1.1057,0.8469,7.8984,-0.0184,0.0082,9.8066,-0.0803,-0.0169,0.0127,-15.62,-33.25,25.38,335.5,-84.11,-169.05
52.38896,-1.508625,139.3,12.35,2,135.92,19 / 20,5079309,2019-09-06 20:44:45:052,0.0128,1.6645,9.4139,0.0049,-0.0192,9.8066,-0.0538,-0.1473,0.0866,-15.81,-33.56,25.5,337.91,-84.07,-167.89
52.38896,-1.508625,139.3,12.35,2,135.92,19 / 20,5079410,2019-09-06 20:44:45:153,-2.0312,0.8277,9.862,-0.0437,0.0489,9.8063,-0.0046,-0.0008,0.0686,-16.12,-33.31,25.06,339.85,-84.43,-165.31
52.38896,-1.508625,139.3,12.35,2,135.92,19 / 20,5079509,2019-09-06 20:44:45:252,-2.2571,2.844,9.7204,-0.0243,0.0144,9.8066,0.187,0.0312,-0.0637,-16.19,-33.81,24.69,343.27,-84.85,-162.35
52.38896,-1.508625,139.3,12.35,2,135.92,19 / 20,5079610,2019-09-06 20:44:45:353,-0.9187,0.6112,9.5445,-0.026,0.0264,9.8065,0.1333,0.0507,-0.0394,-16.19,-32.81,25.19,345.35,-84.79,-160.51
52.38896,-1.508625,139.3,12.35,2,135.92,19 / 20,5079709,2019-09-06 20:44:45:452,0.8518,0.9449,11.4703,0.0058,-0.0387,9.8065,-0.0486,0.083,0.0445,-16.31,-33.44,25.19,343.89,-84.46,-161.71
52.38896,-1.508625,139.3,12.35,2,135.92,19 / 20,5079810,2019-09-06 20:44:45:553,-1.0596,2.1988,10.3747,0.0164,-0.0673,9.8064,0.0797,0.1261,-0.075,-15.94,-33.19,26.13,342.69,-83.79,-163.61
52.38896,-1.508625,139.3,12.35,2,135.92,19 / 20,5079910,2019-09-06 20:44:45:653,-1.5375,-0.8688,9.0803,0.0379,-0.0298,9.8065,0.0197,0.0623,-0.1152,-16.37,-33.12,25.31,339.52,-83.43,-165.18
52.38896,-1.508625,139.3,12.35,2,135.92,19 / 20,5080010,2019-09-06 20:44:45:753,1.3147,2.4262,8.9867,0.0051,-0.01,9.8066,-0.2098,0.0126,-0.0225,-16.25,-33,26.19,335.96,-83.32,-169.35
52.38896,-1.508625,139.3,12.35,2,135.92,19 / 20,5080109,2019-09-06 20:44:45:852,-1.7233,0.3521,9.6771,0.0018,-0.0222,9.8066,0.0552,0.0416,-0.0703,-15.87,-33.75,25.75,337.56,-83.32,-167.85
52.38896,-1.508625,139.3,12.35,2,135.92,19 / 20,5080209,2019-09-06 20:44:45:952,-0.4415,1.3927,9.2903,-0.022,0.065,9.8064,0.0015,0.0345,-0.0806,-15.87,-33.25,25.81,336.64,-84.07,-169.1
52.38896,-1.508625,139.3,12.35,2,135.92,19 / 20,5080309,2019-09-06 20:44:46:052,-0.757,1.5505,9.6419,-0.0211,0.0415,9.8065,-0.071,0.044,-0.0039,-15.75,-33.25,25.31,333.94,-84.31,-170.55
52.38896,-1.508625,139.3,12.35,2,135.92,19 / 20,5080409,2019-09-06 20:44:46:152,0.5836,0.5749,9.3919,0.015,-0.0128,9.8066,-0.0214,0.0449,-0.0178,-15.87,-33.69,25.19,333.51,-84.36,-170.88
52.38896,-1.508625,139.3,12.35,2,135.92,19 / 20,5080510,2019-09-06 20:44:46:253,0.1881,0.1792,9.3609,-0.0185,0.0226,9.8065,-0.054,-0.0262,-0.0041,-15.81,-33.62,25,333.39,-84.32,-170.96
52.38896,-1.508625,139.3,12.35,2,135.92,19 / 20,5080609,2019-09-06 20:44:46:352,0.257,1.9055,9.6153,-0.0067,0.0074,9.8066,-0.0632,0.0048,0.0302,-16.19,-33.5,25.25,333.85,-84.42,-170.69
52.38896,-1.508625,139.3,12.35,2,135.92,19 / 20,5080709,2019-09-06 20:44:46:452,-0.753,1.0792,10.2847,-0.0054,-0.0113,9.8066,0.0065,-0.043,0.0577,-16.19,-33.87,25.63,337.04,-84.49,-168.87
52.38896,-1.508625,139.3,12.35,2,135.92,19 / 20,5080809,2019-09-06 20:44:46:552,0.0665,0.3304,9.8849,0.0036,-0.0201,9.8065,0.0074,0.0667,-0.0167,-16,-32.87,25,336.94,-84.4,-167.91
52.38896,-1.508625,139.3,12.35,2,135.92,19 / 20,5080910,2019-09-06 20:44:46:653,1.521,-0.0945,12.1162,0.0243,-0.0454,9.8065,-0.4658,-0.0826,0.0886,-16.19,-33.37,25.69,338.05,-84.18,-167.88
52.38896,-1.508625,139.3,12.35,2,135.92,19 / 20,5081010,2019-09-06 20:44:46:753,-2.3162,5.1458,7.3378,0.082,-0.1689,9.8048,-0.9085,0.1429,-0.0709,-16.56,-33.37,24.94,337.79,-83.25,-165.07
52.38896,-1.508625,139.3,12.35,2,135.92,19 / 20,5081109,2019-09-06 20:44:46:852,-3.0409,3.1576,7.0581,0.1171,-0.1634,9.8045,0.4659,0.032,0.0261,-16.19,-33.25,25,338.17,-83.18,-166.26
52.38896,-1.508625,139.3,12.35,2,135.92,19 / 20,5081210,2019-09-06 20:44:46:953,-0.5067,2.3067,9.857,-0.1139,0.1396,9.8049,0.0098,0.0103,-0.1173,-17,-33.5,25.13,338.65,-83.37,-164.37
52.38896,-1.508625,139.3,12.35,2,135.92,19 / 20,5081310,2019-09-06 20:44:47:053,-1.0839,0.7139,11.3742,0.0149,-0.0169,9.8065,-0.0077,0,0.0431,-17,-33.06,24.69,343.49,-84.85,-160.64
52.388306,-1.507597,137.82,7.78,2,135.87,19 / 20,5081410,2019-09-06 20:44:47:153,-1.6357,2.2503,10.0249,-0.0296,0.0416,9.8064,-0.0634,0.0179,-0.0081,-16.44,-33.75,24.56,345.86,-85.01,-160.07
52.388306,-1.507597,137.82,7.78,2,135.87,19 / 20,5081510,2019-09-06 20:44:47:253,0.0414,1.7067,10.4532,0.057,-0.0457,9.8064,0.0575,0.0796,-0.0595,-16.37,-33,24.69,339.54,-84.55,-165.64
52.388306,-1.507597,137.82,7.78,2,135.87,19 / 20,5081610,2019-09-06 20:44:47:353,-1.2399,0.8621,8.6525,0.0398,-0.0281,9.8065,-0.0136,0.0523,-0.0737,-16.56,-33.62,25.75,335.62,-84.12,-168.43
52.388306,-1.507597,137.82,7.78,2,135.87,19 / 20,5081709,2019-09-06 20:44:47:452,-0.4677,0.6968,8.7801,-0.0021,-0.0009,9.8066,-0.1392,-0.0745,-0.0049,-16.56,-33.44,25.94,333.93,-83.8,-169.87
52.388306,-1.507597,137.82,7.78,2,135.87,19 / 20,5081810,2019-09-06 20:44:47:553,-0.2476,3.2376,9.82,0.0095,0.0067,9.8066,0.383,0.1112,-0.0964,-15.87,-33.56,25.56,335.02,-83.83,-170.35
52.388306,-1.507597,137.82,7.78,2,135.87,19 / 20,5081909,2019-09-06 20:44:47:652,-2.7052,0.9353,10.2163,-0.0969,0.139,9.8051,0.3163,-0.1647,0.1281,-16.19,-33.62,25.19,336.41,-84.98,-168.59
52.388306,-1.507597,137.82,7.78,2,135.87,19 / 20,5082009,2019-09-06 20:44:47:752,-0.8706,3.8312,11.7133,-0.0778,0.0971,9.8058,-0.0241,-0.0073,0.0887,-16.31,-33.44,24.94,339.05,-85.34,-166.42
52.388306,-1.507597,137.82,7.78,2,135.87,19 / 20,5082109,2019-09-06 20:44:47:852,-0.6789,1.7919,10.9286,-0.0037,-0.0428,9.8065,0.174,0.0607,-0.0792,-15.94,-32.94,25,339.16,-85.22,-166.26
52.388306,-1.507597,137.82,7.78,2,135.87,19 / 20,5082210,2019-09-06 20:44:47:953,-0.1695,1.6314,10.1476,0.0109,0.0047,9.8066,0.1188,-0.0228,0.0358,-16.12,-33.69,24.88,337.22,-85,-167.87
52.388306,-1.507597,137.82,7.78,2,135.87,19 / 20,5082309,2019-09-06 20:44:48:052,-1.679,2.1005,9.5313,0.0345,-0.0587,9.8064,0.2259,0.0623,0.0091,-16.31,-33.12,25.56,335.05,-84.67,-170.82
52.388306,-1.507597,137.82,7.78,2,135.87,19 / 20,5082410,2019-09-06 20:44:48:153,-1.9018,1.2271,10.2742,0.0073,-0.033,9.8066,-0.2718,0.0472,0.0327,-15.87,-33,25.44,335.12,-84.29,-169.48
52.388306,-1.507597,137.82,7.78,2,135.87,19 / 20,5082509,2019-09-06 20:44:48:252,-1.8428,1.7785,10.4747,0.0153,-0.0205,9.8065,-0.1887,-0.006,-0.0257,-16.12,-33.37,25,336.63,-84.44,-168.2
52.388306,-1.507597,137.82,7.78,2,135.87,19 / 20,5082610,2019-09-06 20:44:48:353,-3.6388,3.5382,10.7797,0.0255,-0.0041,9.8066,0.1614,-0.0066,-0.1368,-16.31,-33.31,25.44,336.12,-84.87,-168.86
52.388306,-1.507597,137.82,7.78,2,135.87,19 / 20,5082710,2019-09-06 20:44:48:453,1.4147,3.5009,10.0602,-0.0316,0.0732,9.8063,0.2347,0.0723,-0.0162,-16,-32.75,25,330.84,-85.25,-173.89
52.388306,-1.507597,137.82,7.78,2,135.87,19 / 20,5082810,2019-09-06 20:44:48:553,-1.6482,0.5382,10.167,-0.0619,-0.0014,9.8064,0.2283,-0.0313,0.0715,-16.12,-32.81,25.63,335.17,-84.61,-170.68
52.388306,-1.507597,137.82,7.78,2,135.87,19 / 20,5082909,2019-09-06 20:44:48:652,-1.0177,0.8981,8.6519,0.0182,-0.0212,9.8066,0.1612,0.0135,-0.0237,-16.12,-33,26.56,338.4,-83.91,-168.49
52.388306,-1.507597,137.82,7.78,2,135.87,19 / 20,5083009,2019-09-06 20:44:48:752,-1.7658,1.3794,9.442,0.0007,0.0025,9.8066,-0.0636,0.0189,-0.0563,-16.37,-33,26.5,337.64,-83.6,-169.03
52.388306,-1.507597,137.82,7.78,2,135.87,19 / 20,5083109,2019-09-06 20:44:48:852,-1.6489,3.6416,9.5851,0.0229,0.0157,9.8065,-0.1235,0.0234,-0.0536,-15.87,-33,26.38,333.29,-83.63,-171.87
52.388306,-1.507597,137.82,7.78,2,135.87,19 / 20,5083209,2019-09-06 20:44:48:952,-0.5756,2.6276,9.2496,0.0044,0.0218,9.8065,0.0929,0.012,0.0232,-15.87,-33.12,26.5,332.57,-83.76,-173.62
52.388306,-1.507597,137.82,7.78,2,135.87,19 / 20,5083309,2019-09-06 20:44:49:052,-0.6329,1.6335,10.7902,-0.076,0.0506,9.8062,0.0658,-0.006,0.0621,-16.25,-33.44,25.81,336.23,-84.54,-169.69
52.388306,-1.507597,137.82,7.78,2,135.87,19 / 20,5083410,2019-09-06 20:44:49:153,-1.7576,0.3689,10.1607,-0.0482,0.031,9.8064,0.071,0.0081,0.0209,-16.5,-33.19,25.13,338.36,-84.67,-166.75
52.388306,-1.507597,137.82,7.78,2,135.87,19 / 20,5083509,2019-09-06 20:44:49:252,-1.1042,0.7169,9.4606,0.0019,-0.0037,9.8066,-0.0424,0.0034,-0.0091,-16.31,-32.69,25.75,340.74,-84.75,-165.71
52.388306,-1.507597,137.82,7.78,2,135.87,19 / 20,5083609,2019-09-06 20:44:49:352,-1.1332,1.497,9.7615,0.0019,0.0098,9.8066,0.0011,-0.0121,-0.0294,-15.87,-32.37,25.5,340.35,-84.75,-166.12
52.388306,-1.507597,137.82,7.78,2,135.87,19 / 20,5083710,2019-09-06 20:44:49:453,-0.9357,1.6349,9.753,0.0265,-0.0037,9.8065,-0.0422,0.0202,-0.0439,-16.06,-33.25,25.75,336.67,-84.76,-169.4
52.388306,-1.507597,137.82,7.78,2,135.87,19 / 20,5083810,2019-09-06 20:44:49:553,-1.1291,1.7278,9.9662,0.009,-0.004,9.8066,0.005,0.0284,0.0011,-16.5,-33.69,24.81,334.26,-84.84,-170.47
52.388306,-1.507597,137.82,7.78,2,135.87,19 / 20,5083909,2019-09-06 20:44:49:652,-1.1435,2.2128,10.0721,0.013,-0.0059,9.8066,-0.0233,-0.0087,0.0056,-16.31,-32.94,25.81,334.98,-84.78,-170.94
52.388306,-1.507597,137.82,7.78,2,135.87,19 / 20,5084009,2019-09-06 20:44:49:752,-1.2309,1.2452,9.8348,0.0015,-0.0131,9.8066,-0.0033,-0.0204,0.0206,-16.56,-33,24.94,332.53,-84.81,-170.55
52.388306,-1.507597,137.82,7.78,2,135.87,19 / 20,5084110,2019-09-06 20:44:49:853,-0.8901,0.9465,9.7516,-0.0017,-0.0014,9.8066,-0.0169,0.0267,0.0042,-15.56,-33.06,25.63,336.7,-84.86,-169.41
52.388306,-1.507597,137.82,7.78,2,135.87,19 / 20,5084210,2019-09-06 20:44:49:953,-1.0127,0.4616,9.6175,-0.0127,-0.0045,9.8066,-0.0166,-0.0138,0.0402,-16.31,-33.25,25.69,338.43,-84.92,-167.87
52.388306,-1.507597,137.82,7.78,2,135.87,19 / 20,5084310,2019-09-06 20:44:50:053,-0.7092,0.9191,9.9434,-0.0003,0.007,9.8066,-0.0061,0.0189,-0.0045,-15.62,-32.62,25.13,338.3,-85.09,-167
52.388306,-1.507597,137.82,7.78,2,135.87,19 / 20,5084410,2019-09-06 20:44:50:153,-0.5277,0.8588,9.7117,-0.0018,0.005,9.8066,0.0378,0.0082,0.0253,-16.25,-33.44,25.13,338.2,-85.17,-167.11
52.388306,-1.507597,137.82,7.78,2,135.87,19 / 20,5084509,2019-09-06 20:44:50:252,-0.6467,0.1291,10.0706,-0.021,0.0188,9.8065,0.0468,0.0053,-0.0083,-16.37,-33.06,24.94,340.19,-85.42,-165.41
52.388306,-1.507597,137.82,7.78,2,135.87,19 / 20,5084610,2019-09-06 20:44:50:353,-0.5961,0.2067,10.5502,-0.0225,0.0401,9.8065,0.0213,0.0256,-0.0432,-16.5,-33.44,24.88,340.61,-85.58,-165.08
52.388306,-1.507597,137.82,7.78,2,135.87,19 / 20,5084710,2019-09-06 20:44:50:453,-0.3485,0.9676,10.3909,0.0154,-0.0062,9.8066,-0.0514,-0.03,0.0165,-16.44,-33.44,24.69,338.79,-85.77,-166.84
52.388306,-1.507597,137.82,7.78,2,135.87,19 / 20,5084810,2019-09-06 20:44:50:553,-0.3849,1.3296,9.7908,0.0141,-0.0192,9.8066,-0.0464,0.0129,-0.0141,-16.5,-33.06,24.44,336.59,-85.71,-167.71
52.388306,-1.507597,137.82,7.78,2,135.87,19 / 20,5084910,2019-09-06 20:44:50:653,-0.2848,0.8321,9.3815,-0.0084,0.0165,9.8066,0.0568,0.0092,0.0166,-16.5,-33.37,25,338.02,-85.82,-167.57
52.388306,-1.507597,137.82,7.78,2,135.87,19 / 20,5085010,2019-09-06 20:44:50:753,-0.9707,0.479,9.7298,-0.0162,0.0024,9.8066,0.0441,0.0011,0.0288,-16.37,-33.44,24.56,339.34,-85.78,-166.34
52.388306,-1.507597,137.82,7.78,2,135.87,19 / 20,5085110,2019-09-06 20:44:50:853,-1.015,1.0587,10.2093,-0.0046,0.0057,9.8065,-0.0291,-0.0127,-0.0148,-16.25,-33.37,25,340.95,-85.86,-164.88
52.388306,-1.507597,137.82,7.78,2,135.87,19 / 20,5085210,2019-09-06 20:44:50:953,-0.794,1.1141,10.0806,-0.0025,0.0139,9.8066,-0.0015,0.0205,-0.0195,-15.69,-33.44,24.44,339.55,-85.99,-165.11
52.388306,-1.507597,137.82,7.78,2,135.87,19 / 20,5085311,2019-09-06 20:44:51:054,-0.7586,0.875,9.8115,0.009,0.0001,9.8066,-0.0054,0.0184,-0.0225,-16,-33.19,24.81,340.15,-86.05,-165.7
52.388306,-1.507597,137.82,7.78,2,135.87,19 / 20,5085409,2019-09-06 20:44:51:152,-0.7761,0.9467,9.8479,0.0023,0.0028,9.8066,-0.0035,-0.0131,-0.0023,-16.12,-33.06,25.19,338.61,-86.12,-167.15
52.388306,-1.507597,137.82,7.78,2,135.87,19 / 20,5085510,2019-09-06 20:44:51:253,-0.2463,0.5783,9.9621,-0.0026,0.0017,9.8066,0.0246,-0.0104,0.0095,-15.62,-33.31,25.31,338.91,-86.16,-166.89
52.388306,-1.507597,137.82,7.78,2,135.87,19 / 20,5085609,2019-09-06 20:44:51:352,-0.2566,0.2088,9.7738,-0.0005,0.0014,9.8066,0,0.0059,-0.0036,-15.75,-33.31,25.5,340.11,-86.18,-166.84
52.388306,-1.507597,137.82,7.78,2,135.87,19 / 20,5085710,2019-09-06 20:44:51:453,-0.1163,0.0231,9.8693,0.0013,-0.0006,9.8066,0.0151,0.0113,-0.0037,-15.62,-33.81,24.75,339.03,-86.18,-166.74
52.388306,-1.507597,137.82,7.78,2,135.87,19 / 20,5085810,2019-09-06 20:44:51:553,0.0633,-0.1295,9.8761,0.0019,0.0022,9.8066,0.0032,-0.0015,-0.0138,-15.75,-33.56,25.38,338.65,-86.2,-167.1
52.388306,-1.507597,137.82,7.78,2,135.87,19 / 20,5085909,2019-09-06 20:44:51:652,0.1249,-0.0445,9.8605,0.0003,0.0061,9.8065,-0.0054,-0.0002,-0.0018,-16.25,-33.69,24.81,338.29,-86.26,-167.47
52.388306,-1.507597,137.82,7.78,2,135.87,19 / 20,5086010,2019-09-06 20:44:51:753,0.4541,-0.3908,9.7725,0.0014,0.0012,9.8066,0.0092,0.005,-0.0006,-15.81,-33.37,25.31,337.82,-86.32,-167.97
52.388306,-1.507597,137.82,7.78,2,135.87,19 / 20,5086110,2019-09-06 20:44:51:853,0.3366,-0.5236,9.7475,-0.0024,0.0035,9.8066,0.0073,0.0022,-0.0012,-16.5,-33.5,25.19,337.91,-86.38,-167.92
52.388306,-1.507597,137.82,7.78,2,135.87,19 / 20,5086209,2019-09-06 20:44:51:952,0.6678,-0.8311,9.7689,-0.0042,-0.0004,9.8066,0.0064,-0.0071,0.0125,-16,-33.75,25.06,338.52,-86.4,-167.31
52.388306,-1.507597,137.82,7.78,2,135.87,19 / 20,5086310,2019-09-06 20:44:52:053,0.3411,-0.6702,9.8866,-0.0061,0.003,9.8066,0.0038,0.0003,0.008,-16.12,-33.75,24.5,339.74,-86.48,-166.21
52.388306,-1.507597,137.82,7.78,2,135.87,19 / 20,5086409,2019-09-06 20:44:52:152,0.6432,-1.0574,9.8664,-0.0037,0.0053,9.8066,0.0049,-0.0081,-0.006,-16,-33.69,25,340.28,-86.55,-165.73
52.388306,-1.507597,137.82,7.78,2,135.87,19 / 20,5086510,2019-09-06 20:44:52:253,0.8428,-0.9477,9.7567,-0.0022,0.0036,9.8066,-0.0172,-0.0081,0.0055,-15.75,-33.56,24.31,339.14,-86.63,-165.73
52.388306,-1.507597,137.82,7.78,2,135.87,19 / 20,5086609,2019-09-06 20:44:52:352,0.7485,-1.0225,9.8544,-0.0005,0.0018,9.8066,-0.0063,0.009,0.0024,-15.87,-33.31,24.56,340.84,-86.72,-165.31
52.388306,-1.507597,137.82,7.78,2,135.87,19 / 20,5086710,2019-09-06 20:44:52:453,0.5451,-1.035,9.8212,0.0016,0.0002,9.8066,-0.0041,0.0062,-0.0017,-16.31,-33.5,25.19,340.98,-86.82,-165.22
52.388306,-1.507597,137.82,7.78,2,135.87,19 / 20,5086809,2019-09-06 20:44:52:552,0.8707,-1.063,9.6854,-0.0017,0.0055,9.8066,0.0172,0.0055,-0.0125,-15.81,-33.5,24.94,341.13,-86.87,-165.1
52.388306,-1.507597,137.82,7.78,2,135.87,19 / 20,5086910,2019-09-06 20:44:52:653,1.4041,-1.9338,9.7047,-0.0008,0.0031,9.8065,0.0167,0.007,0.0075,-16,-33.12,24.88,341.01,-86.92,-165.24
52.388306,-1.507597,137.82,7.78,2,135.87,19 / 20,5087009,2019-09-06 20:44:52:752,1.3447,-1.3751,9.5145,0.0029,-0.0002,9.8066,0.0062,-0.0034,0.0052,-16.5,-33.31,25.19,340.46,-86.92,-165.75
52.388306,-1.507597,137.82,7.78,2,135.87,19 / 20,5087109,2019-09-06 20:44:52:852,0.8734,-1.2264,9.7924,-0.0043,-0.0067,9.8066,0.0628,0.0051,0.0137,-16.25,-33.19,25.5,341.56,-86.85,-165.73
52.388306,-1.507597,137.82,7.78,2,135.87,19 / 20,5087210,2019-09-06 20:44:52:953,1.1141,-1.9781,10.4319,0.0135,-0.0103,9.8066,0.0942,0.026,-0.0072,-16.06,-33,25.5,342.82,-86.7,-164.49
52.388306,-1.507597,137.82,7.78,2,135.87,19 / 20,5087309,2019-09-06 20:44:53:052,0.8928,-1.169,10.5015,0.0161,-0.015,9.8066,-0.0851,0.0222,-0.0303,-15.75,-32.37,25.44,339.78,-86.65,-166.32
52.388306,-1.507597,137.82,7.78,2,135.87,19 / 20,5087410,2019-09-06 20:44:53:153,1.3667,-1.7887,9.9765,-0.006,0.0014,9.8066,-0.0479,0.015,0.0347,-15.94,-32.75,25.5,341.39,-86.73,-165.84
52.388306,-1.507597,137.82,7.78,2,135.87,19 / 20,5087509,2019-09-06 20:44:53:252,1.195,-1.6966,9.4249,0.0171,-0.0251,9.8065,0.0561,0.0036,0.0079,-15.94,-32.81,25.56,340.49,-86.44,-166.58
52.388306,-1.507597,137.82,7.78,2,135.87,19 / 20,5087609,2019-09-06 20:44:53:352,1.0313,-1.9365,9.3911,0.0136,-0.0307,9.8066,0.0298,-0.0097,-0.0162,-16.06,-33,26.13,340.29,-86.23,-166.69
52.388306,-1.507597,137.82,7.78,2,135.87,19 / 20,5087710,2019-09-06 20:44:53:453,1.439,-2.0966,9.8868,0.0033,-0.0048,9.8066,0.0409,0.014,-0.0029,-15.69,-32.81,26.38,340.12,-85.99,-166.75
52.388306,-1.507597,137.82,7.78,2,135.87,19 / 20,5087810,2019-09-06 20:44:53:553,0.9801,-1.564,10.0253,0.0124,0.0002,9.8066,0.0183,-0.0142,-0.0257,-16.06,-32.87,26.19,337.92,-85.89,-168.75
52.388306,-1.507597,137.82,7.78,2,135.87,19 / 20,5087910,2019-09-06 20:44:53:653,0.9011,-1.363,9.7024,0.016,0.0025,9.8066,0.0569,-0.0133,-0.053,-15.94,-32.5,26.38,334.15,-85.75,-172.24
52.388306,-1.507597,137.82,7.78,2,135.87,19 / 20,5088010,2019-09-06 20:44:53:753,1.6753,-1.6423,9.3664,0.0204,-0.0037,9.8065,0.0666,0.0169,-0.0303,-15.81,-33,27.13,332.23,-85.56,-174.87
52.388306,-1.507597,137.82,7.78,2,135.87,19 / 20,5088110,2019-09-06 20:44:53:853,1.4286,-1.1937,9.0999,0.011,-0.0197,9.8065,0.0227,-0.0308,0.0112,-15.5,-32,26.5,332.95,-85.2,-175.65
52.388306,-1.507597,137.82,7.78,2,135.87,19 / 20,5088210,2019-09-06 20:44:53:953,1.5718,-2.4788,9.0824,0.018,-0.0189,9.8066,0.0075,0.0186,-0.0098,-15,-31.94,26.88,331.98,-85.03,-176.45
52.388306,-1.507597,137.82,7.78,2,135.87,19 / 20,5088309,2019-09-06 20:44:54:052,1.5353,-2.0329,10.2778,-0.0031,-0.0084,9.8066,0.0641,-0.0074,-0.0022,-15.37,-32.06,27.19,332.32,-84.75,-176
52.388306,-1.507597,137.82,7.78,2,135.87,19 / 20,5088410,2019-09-06 20:44:54:153,0.8852,-1.9973,10.286,-0.016,0.0117,9.8066,-0.049,-0.0615,0.016,-16,-32.56,27.63,332.83,-84.73,-174.86
52.388306,-1.507597,137.82,7.78,2,135.87,19 / 20,5088510,2019-09-06 20:44:54:253,1.0428,-1.1225,10.1637,-0.0309,0.0312,9.8065,-0.0696,-0.0078,0.027,-15.56,-32.5,26.63,334.45,-85.33,-172.77
52.388306,-1.507597,137.82,7.78,2,135.87,19 / 20,5088610,2019-09-06 20:44:54:353,1.1791,-2.0929,9.6087,-0.0203,0.0353,9.8065,-0.0336,0.0205,-0.0012,-15.87,-32.12,26.69,335.76,-85.79,-171.77
52.388306,-1.507597,137.82,7.78,2,135.87,19 / 20,5088710,2019-09-06 20:44:54:453,1.422,-2.5947,9.1566,0.0057,0.0061,9.8066,-0.0708,0.0023,-0.0379,-15.87,-32.06,26.25,333.59,-86.14,-172.95
52.388306,-1.507597,137.82,7.78,2,135.87,19 / 20,5088810,2019-09-06 20:44:54:553,2.0374,-2.9337,8.7033,-0.0072,0.0181,9.8066,-0.0975,-0.0048,0.0038,-15.75,-32.75,26.63,333.83,-86.38,-173.79
52.388306,-1.507597,137.82,7.78,2,135.87,19 / 20,5088909,2019-09-06 20:44:54:652,1.8658,-2.18,9.182,-0.0151,0.0403,9.8065,-0.0333,-0.0033,-0.0421,-15.12,-33.5,25,333.11,-86.62,-174.15
52.388306,-1.507597,137.82,7.78,2,135.87,19 / 20,5089009,2019-09-06 20:44:54:752,1.0263,-1.5213,9.4006,-0.0236,0.0452,9.8065,-0.1121,-0.0301,0.0114,-15.44,-33.56,24.88,331.56,-87.35,-175.98
52.388306,-1.507597,137.82,7.78,2,135.87,19 / 20,5089110,2019-09-06 20:44:54:853,2.0216,-2.4132,9.6489,-0.0162,0.026,9.8066,-0.147,0.0114,0.0217,-15.19,-33.19,24.75,334.74,-88.24,-173.43
52.388306,-1.507597,137.82,7.78,2,135.87,19 / 20,5089210,2019-09-06 20:44:54:953,1.3328,-2.2629,9.5805,-0.0281,0.0405,9.8065,-0.205,-0.0188,0.0185,-15.12,-33.44,23.88,340.23,-88.87,-167.32
52.388306,-1.507597,137.82,7.78,2,135.87,19 / 20,5089310,2019-09-06 20:44:55:053,-0.8889,-2.25,9.4041,-0.0131,0.0482,9.8065,-0.0676,0.0515,-0.1225,-15.19,-34.19,23.44,10.73,-89.82,-136.2
52.388306,-1.507597,137.82,7.78,2,135.87,19 / 20,5089409,2019-09-06 20:44:55:152,0.5944,-1.2565,9.2644,-0.0063,0.034,9.8065,-0.0359,-0.018,-0.0177,-15.12,-34.94,22.38,150.71,-89.66,4.78
52.388306,-1.507597,137.82,7.78,2,135.87,19 / 20,5089510,2019-09-06 20:44:55:253,2.6104,-2.5182,13.1839,0.0277,0.027,9.8065,0.0187,0.0285,-0.0349,-15.19,-33.87,22.44,174.83,-89.34,29.04
52.388306,-1.507597,137.82,7.78,2,135.87,19 / 20,5089609,2019-09-06 20:44:55:352,0.1907,-1.1196,12.9217,-0.0399,-0.0095,9.8065,0.4755,-0.0391,0.1554,-15.12,-33.69,23.25,179.85,-89.63,32.96
52.388306,-1.507597,137.82,7.78,2,135.87,19 / 20,5089710,2019-09-06 20:44:55:453,1.2977,-1.9405,10.5112,0.067,-0.0922,9.8059,0.1487,-0.062,-0.0722,-15.25,-34.44,23.75,328.51,-88.68,-178.65
52.388306,-1.507597,137.82,7.78,2,135.87,19 / 20,5089810,2019-09-06 20:44:55:553,0.7072,-5.8699,7.8126,0.0473,-0.0613,9.8063,0.35,-0.2151,0.0121,-15.56,-33.5,25.31,325.08,-87.5,179.32
52.388306,-1.507597,137.82,7.78,2,135.87,19 / 20,5089910,2019-09-06 20:44:55:653,3.1686,-2.4748,7.8529,0.1187,-0.1616,9.8045,-0.0783,0.0561,-0.025,-14.69,-33.56,26.75,322.6,-85.24,174.93
52.388306,-1.507597,137.82,7.78,2,135.87,19 / 20,5090010,2019-09-06 20:44:55:753,3.5418,-2.6888,8.8787,0.0604,-0.1274,9.8056,-0.6254,0.036,0.1883,-15.69,-33.5,26.31,319.99,-84.7,175.41
52.388306,-1.507597,137.82,7.78,2,135.87,19 / 20,5090110,2019-09-06 20:44:55:853,-0.5151,-2.8373,10.4123,-0.1251,0.1103,9.8052,0.016,-0.0463,0.0654,-15.5,-32.94,25.25,328.97,-85.35,-177.27
52.388306,-1.507597,137.82,7.78,2,135.87,19 / 20,5090210,2019-09-06 20:44:55:953,-0.5373,-0.9648,10.6843,-0.0217,0.0127,9.8066,-0.184,-0.1016,0.0149,-15.62,-33.31,24.88,336.98,-86.89,-169.02
52.388306,-1.507597,137.82,7.78,2,135.87,19 / 20,5090309,2019-09-06 20:44:56:052,0.0893,-0.4853,8.4086,-0.0652,0.0779,9.8061,0.2814,0.0479,0.0011,-16.25,-32.69,24.75,347.97,-87.51,-158.82
52.38811,-1.507282,137.03,6.52,2,134.94,19 / 20,5090410,2019-09-06 20:44:56:153,2.6804,-3.7244,9.8225,0.0006,-0.0311,9.8065,0.2294,-0.0221,0.0406,-16.12,-32.75,26,341.8,-87,-165.56
52.38811,-1.507282,137.03,6.52,2,134.94,19 / 20,5090509,2019-09-06 20:44:56:252,1.6653,-3.6053,9.8973,-0.0188,0.0133,9.8066,0.2214,-0.0301,0.1467,-15.87,-32.75,26.25,344.71,-86.8,-162.75
52.38811,-1.507282,137.03,6.52,2,134.94,19 / 20,5090610,2019-09-06 20:44:56:353,1.9609,-1.478,10.2281,-0.0786,0.0431,9.8062,-0.1222,-0.0968,0.0374,-16.06,-32.69,25.38,351.77,-86.84,-155.1
52.38811,-1.507282,137.03,6.52,2,134.94,19 / 20,5090710,2019-09-06 20:44:56:453,1.2244,-2.1695,10.4084,-0.0169,-0.0024,9.8066,0.0782,0.0086,0.0349,-15.87,-32.94,25.38,0.8,-86.88,-146.63
52.38811,-1.507282,137.03,6.52,2,134.94,19 / 20,5090809,2019-09-06 20:44:56:552,1.9908,-2.4362,9.9806,-0.0182,0.0179,9.8065,-0.0868,0.0112,0.0495,-16.19,-32.44,25.38,4.05,-86.99,-143.57
52.38811,-1.507282,137.03,6.52,2,134.94,19 / 20,5090910,2019-09-06 20:44:56:653,1.7871,-2.0633,9.8217,0.0124,-0.051,9.8065,-0.0146,-0.0256,0.0112,-16.12,-32.31,25.56,5.76,-86.82,-142.98
52.38811,-1.507282,137.03,6.52,2,134.94,19 / 20,5091009,2019-09-06 20:44:56:752,0.6269,-1.981,9.8602,0.0011,-0.0363,9.8065,0.0506,-0.0111,-0.0049,-16.69,-31.75,25.06,2.66,-86.29,-143.31
52.38811,-1.507282,137.03,6.52,2,134.94,19 / 20,5091110,2019-09-06 20:44:56:853,0.5982,-1.1991,9.4599,-0.0014,0.0232,9.8065,-0.0144,0.0228,0.0895,-16.44,-31.5,25.25,4.59,-86.18,-143.12
52.38811,-1.507282,137.03,6.52,2,134.94,19 / 20,5091209,2019-09-06 20:44:56:952,1.2467,-1.4084,9.413,-0.0188,0.0048,9.8066,-0.0357,-0.0636,-0.018,-16.44,-32.56,25.5,6.93,-86.15,-141.98
52.38811,-1.507282,137.03,6.52,2,134.94,19 / 20,5091310,2019-09-06 20:44:57:053,1.1159,-0.5558,9.7832,0.0065,-0.0136,9.8065,-0.1391,0.0077,-0.0452,-16.62,-32.19,24.63,5.49,-86.11,-140.7
52.38811,-1.507282,137.03,6.52,2,134.94,19 / 20,5091410,2019-09-06 20:44:57:153,1.618,-1.7963,9.6078,-0.0063,0.0062,9.8066,-0.0876,0.0194,0.1134,-16.87,-32.12,25.38,7.43,-86.24,-138.88
52.38811,-1.507282,137.03,6.52,2,134.94,19 / 20,5091510,2019-09-06 20:44:57:253,0.8674,-2.1159,10.3512,-0.0106,-0.0412,9.8065,-0.1191,0.0177,-0.023,-17.37,-31.81,25.44,12.78,-86.13,-133.94
52.38811,-1.507282,137.03,6.52,2,134.94,19 / 20,5091609,2019-09-06 20:44:57:352,-1.1225,-0.4831,9.8984,0.0363,-0.0702,9.8063,0.0098,-0.0267,0.0419,-17.19,-31.31,25,13.17,-85.72,-133.65
52.38811,-1.507282,137.03,6.52,2,134.94,19 / 20,5091710,2019-09-06 20:44:57:453,1.3429,-0.3031,8.8121,0.0073,-0.0264,9.8066,-0.1361,0.0977,-0.0218,-17.75,-31.94,24.31,10.54,-85.63,-133.47
52.38811,-1.507282,137.03,6.52,2,134.94,19 / 20,5091809,2019-09-06 20:44:57:552,2.2757,-0.9895,8.7457,0.0411,-0.0756,9.8063,0.0872,-0.085,0.0603,-17,-31.75,25,10.77,-85.37,-135.97
52.38811,-1.507282,137.03,6.52,2,134.94,19 / 20,5091910,2019-09-06 20:44:57:653,-0.0465,-1.4158,10.2771,-0.0277,0.0397,9.8065,-0.0482,-0.0718,-0.0008,-17.25,-32,24.88,11.84,-85.4,-134.98
52.38811,-1.507282,137.03,6.52,2,134.94,19 / 20,5092010,2019-09-06 20:44:57:753,1.9835,-1.3301,9.4394,0.0273,-0.0273,9.8065,-0.0147,-0.0816,-0.0146,-17.06,-31.56,25.44,15.28,-85.82,-131.7
52.38811,-1.507282,137.03,6.52,2,134.94,19 / 20,5092109,2019-09-06 20:44:57:852,0.4828,-0.8929,9.8706,0.0187,0.0161,9.8066,0.0105,-0.1703,0.0678,-17.62,-31.37,25.88,10.03,-85.78,-136.02
52.38811,-1.507282,137.03,6.52,2,134.94,19 / 20,5092210,2019-09-06 20:44:57:953,2.0567,-0.8614,9.6744,0.0137,0.0186,9.8066,0.1108,-0.0549,-0.0009,-16.81,-31.44,25.5,8.06,-85.78,-139.38
52.38811,-1.507282,137.03,6.52,2,134.94,19 / 20,5092310,2019-09-06 20:44:58:053,0.2895,-1.6241,9.9933,0.0115,-0.0117,9.8066,0.0783,-0.046,0.0666,-17.06,-30.94,25.25,0.64,-85.7,-145.2
52.38811,-1.507282,137.03,6.52,2,134.94,19 / 20,5092409,2019-09-06 20:44:58:152,0.6703,-2.314,9.8515,-0.0054,-0.0097,9.8066,0.0228,0.1053,-0.0284,-17.25,-31.5,26.13,1.05,-85.5,-145.86
52.38811,-1.507282,137.03,6.52,2,134.94,19 / 20,5092510,2019-09-06 20:44:58:253,0.5871,-1.8204,10.2556,-0.0063,0.0182,9.8065,0.0644,-0.0648,0.0721,-16.87,-30.94,25.38,359.46,-85.49,-146.28
52.38811,-1.507282,137.03,6.52,2,134.94,19 / 20,5092609,2019-09-06 20:44:58:352,0.4,-2.1968,10.3198,-0.0261,0.0183,9.8065,0.0213,0.0381,-0.0332,-17.19,-31.25,26.5,3.75,-85.54,-144.35
52.38811,-1.507282,137.03,6.52,2,134.94,19 / 20,5092710,2019-09-06 20:44:58:453,1.0156,-0.9013,10.1969,0.0078,-0.0206,9.8066,0.1795,-0.0701,0.0625,-17.94,-30.44,26.06,358.55,-85.4,-146.64
52.38811,-1.507282,137.03,6.52,2,134.94,19 / 20,5092809,2019-09-06 20:44:58:552,0.2945,-0.2587,8.6385,-0.018,0.0259,9.8065,-0.1561,0.0561,0.0172,-17.87,-31.12,26.19,359.43,-85.39,-145.83
52.38811,-1.507282,137.03,6.52,2,134.94,19 / 20,5092909,2019-09-06 20:44:58:652,1.3574,0.0897,9.6434,0.0056,-0.0111,9.8065,-0.1716,0.032,-0.052,-17.56,-30.87,25.63,0.09,-85.42,-145.22
52.38811,-1.507282,137.03,6.52,2,134.94,19 / 20,5093010,2019-09-06 20:44:58:753,0.1873,-2.0054,9.9987,0.0223,0.001,9.8065,-0.1507,-0.0001,-0.051,-18,-31.06,25.5,359.14,-85.53,-146.1
52.38811,-1.507282,137.03,6.52,2,134.94,19 / 20,5093110,2019-09-06 20:44:58:853,-0.4171,-0.1547,9.6967,0.0127,-0.0043,9.8066,-0.0859,-0.0271,0.0216,-16.87,-31.75,24.88,359.36,-85.7,-146.37
52.38811,-1.507282,137.03,6.52,2,134.94,19 / 20,5093210,2019-09-06 20:44:58:953,0.2175,-0.1619,10.3718,0.0197,-0.0171,9.8065,0.3269,0.0104,-0.0197,-16.44,-31.81,24.94,357.17,-85.5,-149.97
52.38811,-1.507282,137.03,6.52,2,134.94,19 / 20,5093309,2019-09-06 20:44:59:052,2.3356,-1.954,10.0769,-0.0057,0.0324,9.8065,0.1633,-0.0395,-0.0931,-16.06,-32.44,25.13,355.37,-85.69,-151.62
52.38811,-1.507282,137.03,6.52,2,134.94,19 / 20,5093410,2019-09-06 20:44:59:153,0.0719,-3.0106,10.7419,-0.0299,0.0549,9.8064,0.3092,-0.0796,0.0312,-16.19,-32.25,25.38,354.99,-85.85,-151.99
52.38811,-1.507282,137.03,6.52,2,134.94,19 / 20,5093510,2019-09-06 20:44:59:253,0.1532,-1.0468,9.9123,0.0587,-0.0765,9.8061,-0.18,-0.0745,-0.0154,-15.87,-32.5,25.5,349.36,-85.62,-158.16
52.38811,-1.507282,137.03,6.52,2,134.94,19 / 20,5093610,2019-09-06 20:44:59:353,-1.3901,-1.0866,10.1461,0.052,-0.0475,9.8063,0.1466,0.0977,-0.0237,-16,-32.5,25.31,346.9,-85.74,-159.41
52.38811,-1.507282,137.03,6.52,2,134.94,19 / 20,5093710,2019-09-06 20:44:59:453,-0.3895,-1.751,10.0273,-0.0222,0.0021,9.8066,0.0926,-0.133,0.095,-16.19,-33.44,25.63,344.28,-85.66,-162.8
52.38811,-1.507282,137.03,6.52,2,134.94,19 / 20,5093809,2019-09-06 20:44:59:552,1.3867,-0.158,9.7644,-0.0228,-0.0027,9.8066,0.0437,-0.0982,0.0894,-16.12,-32.56,25.81,348.81,-85.43,-158.6
52.38811,-1.507282,137.03,6.52,2,134.94,19 / 20,5093909,2019-09-06 20:44:59:652,2.7462,0.1453,9.069,-0.0007,0.0005,9.8066,-0.0563,-0.1043,0.1618,-16.5,-32.94,25.38,345.79,-85.37,-160.28
52.38811,-1.507282,137.03,6.52,2,134.94,19 / 20,5094009,2019-09-06 20:44:59:752,-1.6637,-0.3619,10.0587,-0.0222,-0.0016,9.8066,0.1953,0.121,-0.0938,-16.37,-32.56,25.25,349.52,-85.25,-156.87
52.38811,-1.507282,137.03,6.52,2,134.94,19 / 20,5094110,2019-09-06 20:44:59:853,2.0324,0.4748,9.7416,0.0005,0.0396,9.8065,0.2258,-0.0635,0.0727,-16.62,-31.94,25.94,348.74,-85.2,-157.08
52.38811,-1.507282,137.03,6.52,2,134.94,19 / 20,5094209,2019-09-06 20:44:59:952,0.4402,-1.7881,10.5313,-0.0232,0.0595,9.8064,-0.2807,0.086,-0.0035,-16.12,-32.56,26.19,349.01,-85.16,-158.35
52.38811,-1.507282,137.03,6.52,2,134.94,19 / 20,5094310,2019-09-06 20:45:00:053,1.0699,0.0472,10.8976,0.0065,-0.066,9.8064,-0.0584,0.0895,-0.1343,-16.12,-32.94,25.75,345.82,-85.19,-161.25
52.38811,-1.507282,137.03,6.52,2,134.94,19 / 20,5094410,2019-09-06 20:45:00:153,0.92,-1.1621,9.4823,0.0236,0.0244,9.8065,0.0735,-0.0711,0.0023,-16.25,-33.44,25.25,343.42,-85.04,-162.33
52.38811,-1.507282,137.03,6.52,2,134.94,19 / 20,5094510,2019-09-06 20:45:00:253,-0.3527,0.8699,10.0104,-0.039,0.041,9.8065,-0.1058,-0.1085,-0.0909,-16.12,-32.75,25.5,344.38,-85.4,-162.63
52.38811,-1.507282,137.03,6.52,2,134.94,19 / 20,5094609,2019-09-06 20:45:00:352,-0.2767,1.1908,10.252,-0.0298,0.0282,9.8065,0.7184,0.039,-0.0129,-16.25,-33.19,24.75,341.36,-85.25,-164.27
52.38811,-1.507282,137.03,6.52,2,134.94,19 / 20,5094710,2019-09-06 20:45:00:453,-0.5198,-0.9479,10.0385,0.0005,0.0383,9.8066,0.1159,0.0371,-0.0076,-16,-32.56,25.31,341.93,-84.9,-163.63
52.38811,-1.507282,137.03,6.52,2,134.94,19 / 20,5094809,2019-09-06 20:45:00:552,-3.4207,-0.0064,10.3564,0.0523,-0.0879,9.806,0.3319,0.1504,-0.0526,-15.56,-33.06,25.38,337.7,-84.66,-167.34
52.38811,-1.507282,137.03,6.52,2,134.94,19 / 20,5094910,2019-09-06 20:45:00:653,4.2166,-1.0073,9.9019,-0.021,0.0688,9.8064,0.296,0.1728,-0.1768,-15.44,-33.25,24.94,336.52,-84.73,-170.06
52.38811,-1.507282,137.03,6.52,2,134.94,19 / 20,5095010,2019-09-06 20:45:00:753,0.4643,-1.3238,8.5781,-0.0489,0.0327,9.8064,-0.2253,-0.0854,0.1417,-15.62,-33.44,25.75,336.19,-84.74,-169.82
52.38811,-1.507282,137.03,6.52,2,134.94,19 / 20,5095110,2019-09-06 20:45:00:853,-1.7044,3.7046,10.421,-0.064,0.0819,9.8061,-0.4197,0.0913,-0.0864,-15.37,-33.37,25.13,342.33,-85.05,-164.94
52.38811,-1.507282,137.03,6.52,2,134.94,19 / 20,5095210,2019-09-06 20:45:00:953,-1.3907,1.4932,9.1548,-0.0531,0.0154,9.8064,0.6682,0.0009,-0.0844,-15.62,-33.06,25.69,340.45,-85.09,-166.1
52.38811,-1.507282,137.03,6.52,2,134.94,19 / 20,5095309,2019-09-06 20:45:01:052,-0.136,0.1801,8.6351,-0.0543,0.0818,9.8061,0.2762,-0.0364,0.1178,-15.62,-32.19,25.69,341.29,-84.35,-165.12
52.38811,-1.507282,137.03,6.52,2,134.94,19 / 20,5095410,2019-09-06 20:45:01:153,0.3118,-1.2086,10.0478,-0.0055,0.01,9.8066,0.1238,-0.059,0.0524,-15.56,-31.81,26.31,342.31,-84.2,-164.15
52.38811,-1.507282,137.03,6.52,2,134.94,19 / 20,5095510,2019-09-06 20:45:01:253,0.0868,-0.5042,10.5017,-0.0103,0.002,9.8066,0.0526,0.0359,0.0332,-15.75,-31.31,26.13,341.72,-83.99,-164.67
52.38811,-1.507282,137.03,6.52,2,134.94,19 / 20,5095609,2019-09-06 20:45:01:352,0.6632,-0.181,10.067,-0.0167,0.0111,9.8066,0.0306,-0.0119,0.0266,-15.37,-30.37,25.13,343.6,-84.15,-163.66
52.38811,-1.507282,137.03,6.52,2,134.94,19 / 20,5095710,2019-09-06 20:45:01:453,-0.5529,-0.1315,9.5339,-0.0077,0.0046,9.8066,-0.0814,-0.0099,0.0155,-15.81,-30.19,25.19,344.05,-84.31,-161.67
52.38811,-1.507282,137.03,6.52,2,134.94,19 / 20,5095809,2019-09-06 20:45:01:552,0.6554,-0.7114,9.7137,-0.0087,-0.0004,9.8066,0.0476,-0.0242,0.0602,-15.69,-29.69,23.88,343.04,-84.31,-161.47
52.38811,-1.507282,137.03,6.52,2,134.94,19 / 20,5095910,2019-09-06 20:45:01:653,1.2456,0.103,9.7728,-0.0166,0.0054,9.8065,-0.0621,-0.0251,0.0427,-18.06,-30,23.31,339.98,-84.28,-159.87
52.38811,-1.507282,137.03,6.52,2,134.94,19 / 20,5096010,2019-09-06 20:45:01:753,1.1953,-0.3989,10.0234,0.0244,-0.0316,9.8065,-0.0849,0.0576,0.0201,-18.56,-29.87,24.13,339.93,-84.07,-159.61
52.38811,-1.507282,137.03,6.52,2,134.94,19 / 20,5096110,2019-09-06 20:45:01:853,-0.092,1.1697,9.6721,0.0113,-0.0162,9.8066,0.0711,-0.0032,-0.045,-17.81,-29.87,25.38,343.77,-84.17,-158.81
52.38811,-1.507282,137.03,6.52,2,134.94,19 / 20,5096210,2019-09-06 20:45:01:953,-0.8256,-0.008,10.0816,-0.0108,0.0209,9.8065,0.0552,0.1055,0.0254,-18.5,-31.25,24.69,343.97,-84.06,-158.55
52.38811,-1.507282,137.03,6.52,2,134.94,19 / 20,5096310,2019-09-06 20:45:02:053,0.2701,-0.794,10.1121,-0.0168,0.0114,9.8066,0.0654,0.1259,-0.1193,-17.44,-31.87,24.94,345.41,-84.14,-158.74
52.38811,-1.507282,137.03,6.52,2,134.94,19 / 20,5096410,2019-09-06 20:45:02:153,1.2452,-1.0157,10.1146,0.0083,0.0085,9.8066,0.1142,-0.0085,0.0591,-17.12,-32.5,24.81,343.63,-83.92,-160.26
52.38811,-1.507282,137.03,6.52,2,134.94,19 / 20,5096509,2019-09-06 20:45:02:252,0.5658,-1.6151,9.629,-0.0143,0.0009,9.8066,-0.0951,0.046,-0.0854,-17.62,-33.06,25.13,342.25,-83.87,-159.91
52.38811,-1.507282,137.03,6.52,2,134.94,19 / 20,5096610,2019-09-06 20:45:02:353,0.4341,0.2884,9.1827,0.005,0.0137,9.8066,-0.017,-0.0461,0.0859,-17.37,-32.69,25.19,343.72,-83.92,-160.12
52.38811,-1.507282,137.03,6.52,2,134.94,19 / 20,5096709,2019-09-06 20:45:02:452,0.83,-0.1186,10.0632,-0.021,0.0264,9.8065,-0.0316,0.0435,-0.1069,-16.94,-32.94,24.63,344.23,-84.12,-159.74
52.38811,-1.507282,137.03,6.52,2,134.94,19 / 20,5096810,2019-09-06 20:45:02:553,-0.0303,-0.4436,10.1645,0.0043,0.0293,9.8065,0.1278,0.0122,0.0794,-17.81,-33.37,24.63,341.64,-84.3,-160.6
52.38811,-1.507282,137.03,6.52,2,134.94,19 / 20,5096910,2019-09-06 20:45:02:653,-0.8689,-1.3975,10.1892,0.0103,-0.0337,9.8065,-0.0811,0.0792,-0.1594,-17.5,-32.87,25,342.47,-84.18,-161.32
52.38811,-1.507282,137.03,6.52,2,134.94,19 / 20,5097009,2019-09-06 20:45:02:752,1.4781,-0.9937,10.1894,0.0202,0.0059,9.8066,-0.0657,-0.0254,0.0184,-17,-33.56,24.5,340.08,-84.06,-163.33
52.38811,-1.507282,137.03,6.52,2,134.94,19 / 20,5097110,2019-09-06 20:45:02:853,-0.7345,-0.6689,9.9078,-0.0005,-0.0017,9.8066,-0.0072,0.0777,-0.0991,-16.75,-32.81,24.63,339.57,-84.01,-163.83
52.38811,-1.507282,137.03,6.52,2,134.94,19 / 20,5097210,2019-09-06 20:45:02:953,0.6863,-0.1944,9.5952,0.0054,0.0206,9.8066,0.0546,-0.0046,0.0061,-16.62,-33.25,24.94,338.46,-83.99,-164.81
52.38811,-1.507282,137.03,6.52,2,134.94,19 / 20,5097310,2019-09-06 20:45:03:053,0.0575,-0.3665,9.5871,0.0038,0.0048,9.8065,0.0311,-0.0054,-0.06,-16.81,-33,24.94,336.39,-83.98,-166.65
52.38811,-1.507282,137.03,6.52,2,134.94,19 / 20,5097409,2019-09-06 20:45:03:152,1.0375,-0.4574,9.7147,0.0141,0.0052,9.8066,0.0249,-0.017,0.0328,-16.69,-32.62,25.06,333.33,-83.87,-169.32
52.38811,-1.507282,137.03,6.52,2,134.94,19 / 20,5097510,2019-09-06 20:45:03:253,0.0133,0.1405,9.3515,-0.0119,0.0053,9.8066,-0.0318,0.0109,-0.043,-16.69,-32.81,24.75,333.15,-83.75,-169.42
52.38811,-1.507282,137.03,6.52,2,134.94,19 / 20,5097609,2019-09-06 20:45:03:352,1.4418,0.4504,8.9856,-0.0052,0.0244,9.8065,-0.0664,-0.0469,0.0608,-17.5,-33.12,25.31,333.07,-83.84,-169.54
52.38811,-1.507282,137.03,6.52,2,134.94,19 / 20,5097710,2019-09-06 20:45:03:453,0.5768,0.5887,9.8295,-0.0035,-0.0449,9.8064,0.1865,-0.0812,0.0482,-17.31,-33.19,23.94,334,-83.59,-167.4
52.38811,-1.507282,137.03,6.52,2,134.94,19 / 20,5097810,2019-09-06 20:45:03:553,-0.0609,0.9508,9.2461,-0.0295,0.0429,9.8065,0.0812,-0.0087,0.1186,-17.31,-33.25,24.69,337.12,-83.55,-165.8
52.38811,-1.507282,137.03,6.52,2,134.94,19 / 20,5097910,2019-09-06 20:45:03:653,-1.4489,1.5216,10.3449,-0.0003,-0.0043,9.8066,0.2159,-0.0439,-0.0236,-17,-33,25.31,340.22,-83.34,-162.99
52.38811,-1.507282,137.03,6.52,2,134.94,19 / 20,5098009,2019-09-06 20:45:03:752,2.1332,-1.5403,10.5897,0.0137,0.0053,9.8066,0.1112,0.0119,-0.0004,-17.19,-33.12,24.63,338.48,-83.15,-164.42
52.38811,-1.507282,137.03,6.52,2,134.94,19 / 20,5098109,2019-09-06 20:45:03:852,-0.0529,-0.7576,9.6518,-0.009,0.0001,9.8066,0.109,0.059,-0.0413,-17.37,-33.12,24.5,337.75,-82.95,-164.97
52.38811,-1.507282,137.03,6.52,2,134.94,19 / 20,5098209,2019-09-06 20:45:03:952,-0.8369,-0.2856,9.9019,-0.0327,0.0275,9.8065,0.1262,0.0609,-0.0227,-17.06,-33.19,24.75,338.86,-83.23,-164.13
52.38811,-1.507282,137.03,6.52,2,134.94,19 / 20,5098309,2019-09-06 20:45:04:052,1.8871,0.3484,9.6983,-0.0339,0.0462,9.8065,0.0342,0.041,0.0148,-17.44,-32.94,24.94,338.78,-83.4,-164.27
52.38811,-1.507282,137.03,6.52,2,134.94,19 / 20,5098409,2019-09-06 20:45:04:152,0.494,0.2039,10.1997,-0.0053,-0.029,9.8065,0.086,0.0703,-0.0702,-17.5,-32.94,24.5,339.72,-83.32,-163.41
52.38811,-1.507282,137.03,6.52,2,134.94,19 / 20,5098510,2019-09-06 20:45:04:253,2.3304,0.0636,10.5362,-0.0053,-0.001,9.8066,-0.1089,-0.0153,0.1336,-17.5,-33.19,24.75,340.41,-83.16,-162.74
52.38811,-1.507282,137.03,6.52,2,134.94,19 / 20,5098610,2019-09-06 20:45:04:353,-1.8432,3.2852,10.2247,0.0275,-0.0636,9.8063,-0.3469,0.0576,0.0377,-17.94,-32.31,24.81,340.21,-82.68,-161.32
52.38811,-1.507282,137.03,6.52,2,134.94,19 / 20,5098710,2019-09-06 20:45:04:453,-3.0969,1.4064,8.1903,-0.0623,0.1409,9.8054,0.6367,0.0789,-0.2161,-17.75,-32.25,24.19,339.52,-82.51,-160.66
52.38811,-1.507282,137.03,6.52,2,134.94,19 / 20,5098809,2019-09-06 20:45:04:552,2.7892,4.0442,8.3286,-0.1013,0.1271,9.8053,0.2571,-0.1477,0.1411,-17.56,-32.31,24.25,336.61,-83.47,-163.63
52.38811,-1.507282,137.03,6.52,2,134.94,19 / 20,5098909,2019-09-06 20:45:04:652,1.5295,-0.1086,10.828,-0.0715,0.048,9.8062,0.4094,0.0957,-0.0087,-17,-32.56,24.56,343.25,-83.18,-160.28
52.38811,-1.507282,137.03,6.52,2,134.94,19 / 20,5099010,2019-09-06 20:45:04:753,-0.2777,0.2377,10.0404,-0.0662,0.0641,9.8062,0.396,-0.0473,0.1144,-18.12,-32.5,24.19,337.37,-82.65,-162.58
52.38811,-1.507282,137.03,6.52,2,134.94,19 / 20,5099109,2019-09-06 20:45:04:852,-0.0615,-0.4152,11.0485,-0.0761,0.0633,9.8061,-0.2398,0.0832,0.0214,-18.37,-33.19,24.25,341.71,-83.08,-158.91
52.38811,-1.507282,137.03,6.52,2,134.94,19 / 20,5099210,2019-09-06 20:45:04:953,0.5659,0.824,9.4941,0.0463,-0.0912,9.8061,-0.1208,0.1226,0.0302,-18.12,-32.19,24.5,344.69,-82.34,-157.32
52.38811,-1.507282,137.03,6.52,2,134.94,19 / 20,5099309,2019-09-06 20:45:05:052,0.065,-0.301,9.8237,0.0256,-0.0393,9.8064,-0.1383,0.0534,-0.0173,-18,-32.44,24.56,345.55,-82.37,-156.6
52.387512,-1.506259,135.69,12.54,2,130.89,19 / 20,5099410,2019-09-06 20:45:05:153,0.7176,-1.7504,10.5128,0.022,-0.0243,9.8065,-0.0252,0.0726,0.0164,-18.56,-32.25,25,345.44,-82.5,-155.29
52.387512,-1.506259,135.69,12.54,2,130.89,19 / 20,5099509,2019-09-06 20:45:05:252,0.3011,1.2275,10.0293,0.052,-0.0394,9.8064,-0.0145,-0.0302,0.0522,-18.37,-32.87,25.06,345.89,-82.4,-156.26
52.387512,-1.506259,135.69,12.54,2,130.89,19 / 20,5099609,2019-09-06 20:45:05:352,-0.5268,-0.2664,9.3215,-0.0092,0.0059,9.8066,0.0327,-0.0995,-0.022,-18.12,-32.62,24.94,346.28,-82.54,-155.97
52.387512,-1.506259,135.69,12.54,2,130.89,19 / 20,5099710,2019-09-06 20:45:05:453,1.6897,0.438,9.0088,0.031,-0.0281,9.8065,-0.0392,-0.0165,0.0591,-19.25,-32.94,24.75,343.45,-82.22,-156.85
52.387512,-1.506259,135.69,12.54,2,130.89,19 / 20,5099810,2019-09-06 20:45:05:553,-1.3118,1.3128,10.348,-0.0181,0.0135,9.8065,0.1076,-0.0845,0.0939,-18.62,-32.81,24.94,342.65,-82.18,-157.52
52.387512,-1.506259,135.69,12.54,2,130.89,19 / 20,5099909,2019-09-06 20:45:05:652,-0.6234,0.1455,10.5161,-0.0432,0.041,9.8064,-0.1426,0.0007,0.0064,-18.44,-31.87,24.44,345.48,-82.36,-155.49
52.387512,-1.506259,135.69,12.54,2,130.89,19 / 20,5100010,2019-09-06 20:45:05:753,-1.4835,0.371,9.7915,0.0106,-0.0159,9.8066,-0.061,-0.0481,-0.0094,-18.5,-32.19,24.63,345.16,-82.18,-156.88
52.387512,-1.506259,135.69,12.54,2,130.89,19 / 20,5100109,2019-09-06 20:45:05:852,0.336,0.3291,10.2822,-0.0006,0.0022,9.8066,-0.002,0.0183,-0.0167,-18.25,-32.44,24.69,345.02,-82.24,-157.01
52.387512,-1.506259,135.69,12.54,2,130.89,19 / 20,5100210,2019-09-06 20:45:05:953,0.512,-0.3347,9.8698,0.0136,-0.0095,9.8066,-0.0245,0.0249,0.003,-18,-32.87,24.25,342.25,-82.2,-158.12
52.387512,-1.506259,135.69,12.54,2,130.89,19 / 20,5100309,2019-09-06 20:45:06:052,1.1683,-0.4365,10.0352,0,0.0109,9.8066,-0.0694,-0.0312,-0.0151,-18.19,-32.44,23.88,341.92,-82.31,-158.52
52.387512,-1.506259,135.69,12.54,2,130.89,19 / 20,5100410,2019-09-06 20:45:06:153,-0.247,-0.1559,9.7196,0.0057,-0.0104,9.8066,-0.0029,-0.015,-0.039,-18.06,-32.75,23.81,341.56,-82.48,-158.81
52.387512,-1.506259,135.69,12.54,2,130.89,19 / 20,5100509,2019-09-06 20:45:06:252,-0.7386,0.0681,10.6524,0.0099,-0.0092,9.8066,0.06,0.0667,-0.009,-18.62,-32.69,23.94,339.48,-82.41,-159.12
52.387512,-1.506259,135.69,12.54,2,130.89,19 / 20,5100610,2019-09-06 20:45:06:353,0.3855,-0.5413,9.4865,-0.0018,-0.0023,9.8066,0.0718,0.0169,0.003,-18.31,-32.5,23.75,341.39,-82.36,-158.99
52.387512,-1.506259,135.69,12.54,2,130.89,19 / 20,5100711,2019-09-06 20:45:06:454,-0.0514,-1.0808,9.6325,-0.0074,-0.0063,9.8066,-0.0311,0.0724,-0.027,-19.25,-32.69,24.31,339.78,-82.24,-158.8
52.387512,-1.506259,135.69,12.54,2,130.89,19 / 20,5100810,2019-09-06 20:45:06:553,0.4839,0.281,9.649,0.0011,0.0043,9.8066,-0.079,0.0623,0.0453,-18.87,-32.44,24,340.64,-82.28,-158.16
52.387512,-1.506259,135.69,12.54,2,130.89,19 / 20,5100910,2019-09-06 20:45:06:653,0.0515,0.056,10.3262,0.0015,-0.0097,9.8066,-0.0466,-0.0324,-0.0454,-18.25,-32.81,24.56,343.94,-82.43,-157.93
52.387512,-1.506259,135.69,12.54,2,130.89,19 / 20,5101009,2019-09-06 20:45:06:752,-0.5174,0.1132,9.6037,0.0102,0.0062,9.8066,-0.0885,0.0087,0.0119,-18.5,-33.12,23.81,343.48,-82.51,-157.18
52.387512,-1.506259,135.69,12.54,2,130.89,19 / 20,5101110,2019-09-06 20:45:06:853,0.6757,0.1657,9.2313,-0.0114,0.0053,9.8065,0.0371,0.0504,-0.0141,-19.25,-33,23.88,340.16,-82.4,-158.54
52.387512,-1.506259,135.69,12.54,2,130.89,19 / 20,5101209,2019-09-06 20:45:06:952,-0.817,-1.9077,10.9974,-0.0281,0.0016,9.8065,0.2822,-0.0853,0.0643,-18.56,-32.87,24.56,343.27,-82.46,-157.08
52.387512,-1.506259,135.69,12.54,2,130.89,19 / 20,5101310,2019-09-06 20:45:07:053,1.3009,-0.5512,9.4977,0.0405,-0.0355,9.8064,-0.3168,0.098,-0.0345,-18.5,-32.69,24.31,344.88,-82.56,-156
52.387512,-1.506259,135.69,12.54,2,130.89,19 / 20,5101409,2019-09-06 20:45:07:152,-0.1193,-0.6297,11.1749,0.0245,-0.0563,9.8064,-0.071,0.0204,0.0426,-19,-32.87,24.13,343.18,-82.6,-156.01
52.387512,-1.506259,135.69,12.54,2,130.89,19 / 20,5101510,2019-09-06 20:45:07:253,0.5401,1.7567,8.9128,0.0027,-0.0195,9.8066,-0.2981,0.0024,0.0336,-19.19,-32.5,23.75,344.29,-82.33,-155.04
52.387512,-1.506259,135.69,12.54,2,130.89,19 / 20,5101610,2019-09-06 20:45:07:353,0.4138,1.1341,9.0461,0.0274,-0.0264,9.8065,-0.3379,0.0163,-0.0004,-18.62,-32.62,24.31,343.13,-81.96,-155.84
52.387512,-1.506259,135.69,12.54,2,130.89,19 / 20,5101709,2019-09-06 20:45:07:452,-1.1977,2.1384,8.864,0.0502,-0.0541,9.8063,0.139,-0.082,0.051,-18.5,-32.5,24,344.38,-81.77,-156.24
52.387512,-1.506259,135.69,12.54,2,130.89,19 / 20,5101810,2019-09-06 20:45:07:553,-0.7499,1.5479,8.6612,-0.025,0.0324,9.8065,-0.261,-0.0032,0.0004,-19.37,-32.87,24.06,343.87,-82.08,-155.25
52.387512,-1.506259,135.69,12.54,2,130.89,19 / 20,5101910,2019-09-06 20:45:07:653,-1.1078,1.6024,9.5095,0.0096,-0.0171,9.8065,0.0436,-0.0091,-0.0317,-18.87,-31.87,23.69,344.23,-82.12,-155.03
52.387512,-1.506259,135.69,12.54,2,130.89,19 / 20,5102010,2019-09-06 20:45:07:753,0.8998,1.0536,8.7955,0.0034,0.0263,9.8066,-0.1391,-0.0593,0.038,-18.56,-32.56,23.88,345.6,-82.19,-153.81
52.387512,-1.506259,135.69,12.54,2,130.89,19 / 20,5102109,2019-09-06 20:45:07:852,0.3881,0.0176,10.5596,0.026,-0.0244,9.8065,0.1932,-0.0429,-0.0013,-18.44,-32.31,23.88,345.71,-82.12,-155.22
52.387512,-1.506259,135.69,12.54,2,130.89,19 / 20,5102210,2019-09-06 20:45:07:953,1.0996,-1.2543,9.6366,-0.0018,0.0213,9.8066,0.2599,-0.0413,0.0058,-18.81,-32.37,24.63,344.03,-82.11,-156.39
52.387512,-1.506259,135.69,12.54,2,130.89,19 / 20,5102309,2019-09-06 20:45:08:052,0.7337,-2.0404,11.2044,0.0321,-0.0256,9.8065,-0.1284,0.017,-0.0633,-18.75,-32.44,24.44,341.58,-81.95,-157.23
52.387512,-1.506259,135.69,12.54,2,130.89,19 / 20,5102409,2019-09-06 20:45:08:152,0.3329,-0.4045,9.4019,0.0286,-0.002,9.8066,-0.0272,0.0584,-0.0649,-19.44,-32.31,24.44,340.56,-82.06,-158.14
52.387512,-1.506259,135.69,12.54,2,130.89,19 / 20,5102510,2019-09-06 20:45:08:253,-1.3458,0.9462,10.2372,0.0119,0.009,9.8065,-0.0705,0.0641,-0.0238,-19.44,-32.31,24.44,338.24,-82.25,-160.21
52.387512,-1.506259,135.69,12.54,2,130.89,19 / 20,5102610,2019-09-06 20:45:08:353,0.6748,-0.5746,9.967,0.0037,0.0102,9.8066,0.1296,-0.0232,-0.0603,-18.81,-32.37,24.19,337.92,-82.4,-160.55
52.387512,-1.506259,135.69,12.54,2,130.89,19 / 20,5102710,2019-09-06 20:45:08:453,1.2469,0.0723,10.0281,0.0006,0.0149,9.8065,-0.0674,-0.0127,0.0374,-18.69,-32.69,24.06,336.55,-82.35,-161.62
52.387512,-1.506259,135.69,12.54,2,130.89,19 / 20,5102810,2019-09-06 20:45:08:553,0.7983,-0.6425,9.7311,0.0176,-0.0148,9.8066,-0.0185,0.004,0.0271,-18.62,-32.19,24.06,335.71,-82.33,-162.43
52.387512,-1.506259,135.69,12.54,2,130.89,19 / 20,5102910,2019-09-06 20:45:08:653,-0.2098,0.3738,9.891,-0.0131,0.0098,9.8066,0.0027,-0.0184,-0.0255,-18.56,-32.75,24.31,335.93,-82.47,-162.21
52.387512,-1.506259,135.69,12.54,2,130.89,19 / 20,5103009,2019-09-06 20:45:08:752,0.1069,1.3168,9.8987,-0.0231,0.0417,9.8065,0.1257,-0.1276,0.0743,-18.19,-32.44,24,337.67,-82.46,-162.23
52.387512,-1.506259,135.69,12.54,2,130.89,19 / 20,5103109,2019-09-06 20:45:08:852,0.2922,-1.8619,10.2612,-0.0425,0.0361,9.8064,0.0989,-0.0556,0.0329,-18.12,-31.81,24.44,338.82,-82.62,-161.31
52.387512,-1.506259,135.69,12.54,2,130.89,19 / 20,5103209,2019-09-06 20:45:08:952,-0.2953,-0.5011,10.3832,-0.0192,-0.0034,9.8065,0.1761,-0.0136,0.041,-19.06,-32.62,24,337.61,-82.44,-160.75
52.387512,-1.506259,135.69,12.54,2,130.89,19 / 20,5103309,2019-09-06 20:45:09:052,0.0663,-0.59,9.8339,-0.0596,0.0517,9.8063,-0.0189,0.0214,-0.0274,-19,-32.87,23.81,339.59,-82.68,-159.14
52.387512,-1.506259,135.69,12.54,2,130.89,19 / 20,5103410,2019-09-06 20:45:09:153,-0.557,0.1066,10.3004,0.0025,-0.018,9.8065,0.0872,0.028,0.0347,-18.62,-32.31,23.81,340.32,-82.54,-158.54
52.387512,-1.506259,135.69,12.54,2,130.89,19 / 20,5103510,2019-09-06 20:45:09:253,-0.6879,-0.3772,9.2723,0.0003,-0.0131,9.8066,-0.0975,0.0403,0.0393,-18.69,-32.25,24.13,341.21,-82.4,-157.72
52.387512,-1.506259,135.69,12.54,2,130.89,19 / 20,5103609,2019-09-06 20:45:09:352,-0.0636,0.3347,10.4414,-0.0147,-0.0073,9.8066,0.019,0.0071,-0.0376,-18.12,-31.87,24.19,344.24,-82.35,-156.54
52.387512,-1.506259,135.69,12.54,2,130.89,19 / 20,5103710,2019-09-06 20:45:09:453,-1.2303,-0.6289,10.5666,0.0414,-0.0242,9.8065,-0.0611,0.0897,-0.0857,-18.19,-31.25,23.94,343.52,-82.42,-157.26
52.387512,-1.506259,135.69,12.54,2,130.89,19 / 20,5103809,2019-09-06 20:45:09:552,0.1217,-1.675,10.5638,0.0342,-0.0463,9.8064,0.1149,-0.0817,0.0636,-18.87,-32,23.94,339.27,-82.13,-159.28
52.387512,-1.506259,135.69,12.54,2,130.89,19 / 20,5103909,2019-09-06 20:45:09:652,1.0662,0.2096,9.7789,-0.0011,-0.0023,9.8066,-0.164,-0.0609,-0.0209,-19.31,-32.19,24.06,340.03,-82.2,-158.65
52.387512,-1.506259,135.69,12.54,2,130.89,19 / 20,5104010,2019-09-06 20:45:09:753,0.4316,-0.502,10.3132,0.0278,-0.0255,9.8065,-0.1125,0.0556,-0.0218,-18.87,-32.31,24.44,338.59,-82.47,-160
52.387512,-1.506259,135.69,12.54,2,130.89,19 / 20,5104110,2019-09-06 20:45:09:853,-0.9265,0.9706,9.9008,0.0257,-0.0172,9.8065,-0.0145,0.0481,-0.0397,-18.94,-32.87,23.88,337.49,-82.43,-160.85
52.387512,-1.506259,135.69,12.54,2,130.89,19 / 20,5104210,2019-09-06 20:45:09:953,-1.3853,0.8326,9.6443,-0.0046,0.0194,9.8066,-0.0763,-0.0125,0.0052,-18.44,-33.12,23.63,338.5,-82.59,-161.48
52.387512,-1.506259,135.69,12.54,2,130.89,19 / 20,5104310,2019-09-06 20:45:10:053,-0.8104,0.1997,9.8678,-0.0131,0.0092,9.8066,0.1919,0.0049,-0.0111,-18.37,-32.81,23.81,337.32,-82.51,-162.46
52.387512,-1.506259,135.69,12.54,2,130.89,19 / 20,5104409,2019-09-06 20:45:10:152,-0.5525,-0.4049,9.1369,-0.0161,0.0205,9.8066,-0.0261,0.0685,-0.0663,-18.75,-32.87,23.81,336,-82.54,-162.19
52.387512,-1.506259,135.69,12.54,2,130.89,19 / 20,5104510,2019-09-06 20:45:10:253,-0.257,-0.5286,10.2534,-0.0091,0.0021,9.8066,0.0619,0.0061,0.0007,-19,-32.69,23.88,335.55,-82.6,-162.6
52.387512,-1.506259,135.69,12.54,2,130.89,19 / 20,5104610,2019-09-06 20:45:10:353,-0.4479,-0.168,10.6034,-0.0037,-0.0023,9.8065,0.1664,-0.0324,-0.0322,-18.25,-32.62,23.5,337.35,-82.74,-162.55
52.387512,-1.506259,135.69,12.54,2,130.89,19 / 20,5104710,2019-09-06 20:45:10:453,-0.1626,0.0712,10.6813,-0.0191,0.0451,9.8065,-0.0752,0.0436,-0.0352,-18.5,-33.12,23.94,337.13,-82.91,-162.82
52.387512,-1.506259,135.69,12.54,2,130.89,19 / 20,5104810,2019-09-06 20:45:10:553,-0.8553,0.8794,11.2613,0.0318,-0.0576,9.8064,0.0989,0.0176,-0.0039,-18.25,-33.12,24.25,335.07,-82.6,-164.45
52.387512,-1.506259,135.69,12.54,2,130.89,19 / 20,5104910,2019-09-06 20:45:10:653,0.2249,-0.6878,10.7847,-0.0058,0.0132,9.8065,-0.1211,0.0595,-0.0411,-18.25,-32.5,24.13,334.96,-82.58,-164.64
52.387512,-1.506259,135.69,12.54,2,130.89,19 / 20,5105010,2019-09-06 20:45:10:753,0.5453,-0.602,10.3132,0.0342,-0.0332,9.8065,-0.0261,-0.0958,0.0281,-17.75,-32.56,24.94,334.85,-82.26,-165.68
52.387512,-1.506259,135.69,12.54,2,130.89,19 / 20,5105110,2019-09-06 20:45:10:853,0.2537,1.2662,8.8827,-0.0248,0.0288,9.8065,-0.2021,0.0047,0.0223,-17.75,-32.81,24.31,334.1,-82.44,-165.21
52.387512,-1.506259,135.69,12.54,2,130.89,19 / 20,5105210,2019-09-06 20:45:10:953,-0.805,0.3945,10.0575,-0.0094,0.0064,9.8066,-0.0197,-0.0248,0.0097,-17.94,-33,23.5,335.36,-82.72,-164.26
52.387512,-1.506259,135.69,12.54,2,130.89,19 / 20,5105309,2019-09-06 20:45:11:052,-0.6302,0.4724,9.9717,-0.0058,0.0187,9.8066,-0.0658,0.0442,0.0176,-18.31,-32.69,23.69,335.6,-82.87,-164.12
52.387512,-1.506259,135.69,12.54,2,130.89,19 / 20,5105409,2019-09-06 20:45:11:152,-0.1148,0.5603,9.7473,0.0201,-0.0093,9.8066,-0.0158,0.0644,-0.0311,-17.75,-32.81,23.69,334,-82.67,-165.42
52.387512,-1.506259,135.69,12.54,2,130.89,19 / 20,5105510,2019-09-06 20:45:11:253,-0.4021,-1.033,10.4042,0.0175,0.0017,9.8066,-0.0525,0.0572,-0.0624,-17.94,-33,23.81,332.68,-82.65,-166.55
52.387512,-1.506259,135.69,12.54,2,130.89,19 / 20,5105610,2019-09-06 20:45:11:353,-0.826,0.7588,10.0898,0.0161,0.0012,9.8066,0.0334,0.0041,-0.0567,-17.81,-32.62,24,332.36,-82.67,-166.84
52.387512,-1.506259,135.69,12.54,2,130.89,19 / 20,5105710,2019-09-06 20:45:11:453,-0.2332,-0.2262,9.5926,0.0061,0.0081,9.8066,-0.0639,-0.0509,0.0028,-17.5,-32.5,24.31,332.5,-82.77,-168.37
52.387512,-1.506259,135.69,12.54,2,130.89,19 / 20,5105809,2019-09-06 20:45:11:552,0.1702,1.1555,9.5148,0.0158,-0.0084,9.8066,-0.1029,0.0722,-0.0506,-17.44,-33.12,23.88,331.26,-82.89,-169.41
52.387512,-1.506259,135.69,12.54,2,130.89,19 / 20,5105909,2019-09-06 20:45:11:652,-0.0278,0.2134,9.6536,0.003,-0.0192,9.8066,0.0439,-0.057,0.0265,-17.62,-32.75,24,329.79,-82.97,-169.26
52.387512,-1.506259,135.69,12.54,2,130.89,19 / 20,5106009,2019-09-06 20:45:11:752,0.088,-0.7767,9.6757,-0.0099,0.0274,9.8066,0.1153,-0.0661,0.0243,-17.44,-32.75,24.31,332.32,-83.04,-168.57
52.387512,-1.506259,135.69,12.54,2,130.89,19 / 20,5106110,2019-09-06 20:45:11:853,0.5734,0.0956,9.3355,-0.0166,0.0166,9.8066,-0.1291,-0.0237,0.0542,-18.25,-32.87,24.06,330.77,-83.03,-168.44
52.387512,-1.506259,135.69,12.54,2,130.89,19 / 20,5106210,2019-09-06 20:45:11:953,-0.2319,0.3643,10.5963,-0.0028,-0.0019,9.8066,-0.0376,-0.0342,-0.0061,-17.87,-32.69,23.63,330.82,-83.06,-168.41
52.387512,-1.506259,135.69,12.54,2,130.89,19 / 20,5106310,2019-09-06 20:45:12:053,0.9148,-0.2495,10.1444,-0.0092,0.0155,9.8065,0.1467,0.0226,-0.0572,-17.69,-33.31,23.81,331.25,-83.15,-168.09
52.387512,-1.506259,135.69,12.54,2,130.89,19 / 20,5106409,2019-09-06 20:45:12:152,0.5588,0.9626,9.7106,0.0174,-0.0088,9.8065,-0.0724,0.0718,0.0408,-18,-32.62,23.38,327.63,-82.98,-169.88
52.387512,-1.506259,135.69,12.54,2,130.89,19 / 20,5106510,2019-09-06 20:45:12:253,-0.4642,-0.8878,9.9641,-0.005,-0.0235,9.8065,-0.0419,0.0554,-0.0463,-18,-33.06,23.19,328.73,-82.96,-168.9
52.387512,-1.506259,135.69,12.54,2,130.89,19 / 20,5106609,2019-09-06 20:45:12:352,0.2508,0.2305,9.5678,0.0086,-0.0079,9.8066,-0.1126,0.0398,0.0021,-17.81,-32.62,23.88,330.36,-83.03,-168.8
52.387512,-1.506259,135.69,12.54,2,130.89,19 / 20,5106710,2019-09-06 20:45:12:453,-0.2198,0.1699,9.5983,-0.0083,0.0042,9.8066,0.0305,0.0334,-0.0245,-18.56,-32.94,23.75,329.64,-83.1,-168.05
52.387512,-1.506259,135.69,12.54,2,130.89,19 / 20,5106810,2019-09-06 20:45:12:553,-0.5321,1.8278,10.1562,0.0172,-0.0261,9.8065,-0.0868,0.0402,0.0076,-18.25,-33.25,23.06,330.1,-83.19,-167.84
52.387512,-1.506259,135.69,12.54,2,130.89,19 / 20,5106909,2019-09-06 20:45:12:652,-0.0594,1.6292,9.2323,0.0262,-0.0375,9.8065,0.2297,-0.0787,0.0121,-18.56,-33.06,23.69,330.33,-82.85,-167.29
52.387512,-1.506259,135.69,12.54,2,130.89,19 / 20,5107010,2019-09-06 20:45:12:753,1.2228,0.0858,9.1889,-0.0371,0.026,9.8064,0.0257,0.0448,0.0126,-19.44,-32.69,24.13,332.12,-82.8,-165.7
52.387512,-1.506259,135.69,12.54,2,130.89,19 / 20,5107109,2019-09-06 20:45:12:852,0.9792,0.3996,9.5804,0.0004,-0.0034,9.8066,0.0592,-0.0316,0.0294,-18.56,-32.81,23.44,330.18,-82.69,-166.03
52.387512,-1.506259,135.69,12.54,2,130.89,19 / 20,5107209,2019-09-06 20:45:12:952,-1.6834,1.8306,8.7446,-0.0331,0.0352,9.8065,-0.0562,0.0407,-0.0244,-18.44,-32.5,23.31,333.46,-82.94,-164.87
52.387512,-1.506259,135.69,12.54,2,130.89,19 / 20,5107309,2019-09-06 20:45:13:052,0.0281,-0.0734,9.6986,-0.0383,0.018,9.8065,-0.0277,0.0213,0.0155,-18.94,-32.94,23.5,333.78,-82.95,-164.32
52.387512,-1.506259,135.69,12.54,2,130.89,19 / 20,5107410,2019-09-06 20:45:13:153,0.5953,0.0781,9.4572,0.0193,-0.0322,9.8065,-0.0971,0.0445,0.0053,-18.94,-32.5,23.56,334.71,-82.77,-163.52
52.387512,-1.506259,135.69,12.54,2,130.89,19 / 20,5107509,2019-09-06 20:45:13:252,0.5396,-1.008,10.948,-0.0084,0.0115,9.8066,-0.1154,0.0914,-0.0153,-19.37,-32.81,23.38,333.27,-82.64,-163.32
52.387512,-1.506259,135.69,12.54,2,130.89,19 / 20,5107610,2019-09-06 20:45:13:353,-0.2597,2.2117,8.9171,0.0634,-0.0579,9.8062,-0.3022,0.1852,-0.0271,-19.19,-32.12,23.31,331.89,-82.42,-164.51
52.387512,-1.506259,135.69,12.54,2,130.89,19 / 20,5107709,2019-09-06 20:45:13:452,-1.9659,1.1582,9.0797,0.0984,-0.0965,9.8056,0.1482,0.1348,-0.0732,-19,-32.87,23.13,330.56,-82.28,-165.46
52.387512,-1.506259,135.69,12.54,2,130.89,19 / 20,5107810,2019-09-06 20:45:13:553,-0.3194,1.7243,9.2351,-0.0303,0.0409,9.8065,0.0166,0.0832,0.0802,-19.12,-33.06,22.88,332.01,-82.73,-164.46
52.387512,-1.506259,135.69,12.54,2,130.89,19 / 20,5107910,2019-09-06 20:45:13:653,-1.3915,0.2498,9.6741,0.0119,0.0014,9.8066,0.1846,0.0452,-0.042,-19.37,-32.87,23,331.56,-82.62,-164.79
52.387512,-1.506259,135.69,12.54,2,130.89,19 / 20,5108010,2019-09-06 20:45:13:753,0.9859,0.0698,9.8562,-0.0496,0.0496,9.8064,0.2848,0.0079,-0.0442,-19.25,-33.25,23.25,330.83,-82.71,-165.49
52.387512,-1.506259,135.69,12.54,2,130.89,19 / 20,5108109,2019-09-06 20:45:13:852,0.577,0.7425,10.3429,-0.046,0.0539,9.8064,-0.0429,-0.0231,0.0682,-19.12,-33.06,23.19,332.1,-83.11,-164.6
52.387512,-1.506259,135.69,12.54,2,130.89,19 / 20,5108209,2019-09-06 20:45:13:952,-0.1332,0.4448,10.0679,0.0078,-0.0227,9.8065,0.0685,0.0078,-0.0559,-19.12,-32.81,23.19,331.52,-82.85,-164.96
52.387512,-1.506259,135.69,12.54,2,130.89,19 / 20,5108310,2019-09-06 20:45:14:053,0.8581,0.4661,9.3196,0.0204,0.0051,9.8066,-0.0972,-0.0152,0.0557,-19.31,-32.56,23.13,331.19,-82.78,-165.21
52.386864,-1.504943,134.83,12.41,3,125.5,19 / 20,5108409,2019-09-06 20:45:14:152,-0.9665,-0.0116,9.7082,-0.0089,-0.0095,9.8066,0.0161,0.0609,-0.0102,-18.75,-32.19,23.31,330.2,-82.83,-166.23
52.386864,-1.504943,134.83,12.41,3,125.5,19 / 20,5108510,2019-09-06 20:45:14:253,-0.8154,0.8293,9.6912,-0.0027,0.0191,9.8066,-0.0893,0.0169,0.025,-19.5,-32.94,22.94,330.33,-82.83,-165.99
52.386864,-1.504943,134.83,12.41,3,125.5,19 / 20,5108609,2019-09-06 20:45:14:352,0.0726,0.7546,9.5526,0.003,0.0026,9.8066,-0.1041,0.0278,-0.054,-19.44,-33.06,23.44,329.32,-82.9,-166.92
52.386864,-1.504943,134.83,12.41,3,125.5,19 / 20,5108710,2019-09-06 20:45:14:453,-0.9697,1.5696,10.2693,0.0094,0.0114,9.8066,0.0008,0.0484,0.0698,-19.31,-33,23.63,329.75,-82.98,-167.89
52.386864,-1.504943,134.83,12.41,3,125.5,19 / 20,5108810,2019-09-06 20:45:14:553,-1.1806,1.0085,9.6503,0.0262,-0.0236,9.8065,-0.1708,0.0331,-0.034,-18.81,-32.69,23.44,327.58,-83.21,-168.65
52.386864,-1.504943,134.83,12.41,3,125.5,19 / 20,5108910,2019-09-06 20:45:14:653,-0.235,0.3685,10.1092,0.0239,-0.0053,9.8066,0.0702,0.0357,-0.0318,-18.94,-32.75,23,326.11,-83.13,-169.89
52.386864,-1.504943,134.83,12.41,3,125.5,19 / 20,5109010,2019-09-06 20:45:14:753,-0.3679,0.9438,10.1924,-0.0104,-0.0015,9.8066,0.109,0.0253,0.01,-18.69,-32.75,23.13,326.45,-83.24,-169.67
52.386864,-1.504943,134.83,12.41,3,125.5,19 / 20,5109110,2019-09-06 20:45:14:853,-0.0641,-0.2018,9.4964,-0.007,0.0116,9.8066,-0.0632,0.0328,0.0589,-18.81,-32.37,23.38,326.67,-83.2,-169.57
52.386864,-1.504943,134.83,12.41,3,125.5,19 / 20,5109209,2019-09-06 20:45:14:952,0.5406,0.8549,9.8695,-0.0146,-0.0019,9.8065,0.0266,-0.0044,-0.0521,-18.31,-32.56,22.81,328.84,-83.21,-168.96
52.386864,-1.504943,134.83,12.41,3,125.5,19 / 20,5109309,2019-09-06 20:45:15:052,0.2579,0.5269,9.9711,-0.0077,0.0105,9.8066,-0.0168,0.007,0.0873,-18.44,-33.06,23.56,330.76,-83.18,-168.53
52.386864,-1.504943,134.83,12.41,3,125.5,19 / 20,5109410,2019-09-06 20:45:15:153,-0.542,0.1887,9.5113,0.0104,-0.0119,9.8066,-0.0049,-0.0793,0.0251,-18.5,-32.12,22.81,328.63,-83.11,-169.2
52.386864,-1.504943,134.83,12.41,3,125.5,19 / 20,5109509,2019-09-06 20:45:15:252,1.0805,0.8012,10.2412,0.0017,-0.0135,9.8066,-0.0049,-0.0377,0.0486,-19.25,-32.81,22.56,327.55,-82.96,-168.51
52.386864,-1.504943,134.83,12.41,3,125.5,19 / 20,5109610,2019-09-06 20:45:15:353,0.073,-0.3741,9.5762,0.0218,-0.0068,9.8066,0.0352,-0.0076,0.0526,-18.37,-32.56,22.75,327.41,-83,-170.08
52.386864,-1.504943,134.83,12.41,3,125.5,19 / 20,5109709,2019-09-06 20:45:15:452,-0.1059,0.5479,9.76,0.0178,-0.0294,9.8065,-0.0784,-0.0106,-0.0033,-18.75,-32.31,22.69,326.46,-82.9,-169.57
52.386864,-1.504943,134.83,12.41,3,125.5,19 / 20,5109809,2019-09-06 20:45:15:552,0.6195,-0.4309,9.8999,0.0013,-0.0072,9.8066,-0.0369,-0.0475,0.0504,-19.37,-32.31,22.19,325.87,-82.94,-168.75
52.386864,-1.504943,134.83,12.41,3,125.5,19 / 20,5109909,2019-09-06 20:45:15:652,-0.811,-1.259,9.2553,-0.0096,-0.0047,9.8066,-0.1415,0.0215,0.0305,-18.5,-32.62,22.81,330.09,-82.96,-167.7
52.386864,-1.504943,134.83,12.41,3,125.5,19 / 20,5110010,2019-09-06 20:45:15:753,0.7116,-0.0928,10.0295,0.0182,-0.0253,9.8066,-0.1295,0.0007,-0.016,-18.94,-32,22.5,328.5,-83.13,-167.91
52.386864,-1.504943,134.83,12.41,3,125.5,19 / 20,5110110,2019-09-06 20:45:15:853,-0.1221,0.3673,9.8503,-0.0025,0.0218,9.8066,0.0041,0.0398,0.0135,-18.94,-32.12,23.06,328.21,-83.05,-168.11
52.386864,-1.504943,134.83,12.41,3,125.5,19 / 20,5110210,2019-09-06 20:45:15:953,-0.4559,0.499,9.5539,0.0098,0.0065,9.8066,0.0234,0.0349,-0.0513,-18,-32.44,22.88,327.53,-83.1,-170.17
52.386864,-1.504943,134.83,12.41,3,125.5,19 / 20,5110310,2019-09-06 20:45:16:053,-0.2824,0.1797,10.0518,-0.0059,0.013,9.8065,0.1038,-0.0184,-0.0003,-18.12,-32.37,22.94,326.47,-82.99,-171.04
52.386864,-1.504943,134.83,12.41,3,125.5,19 / 20,5110410,2019-09-06 20:45:16:153,0.1564,0.8343,10.7242,-0.0028,0.0022,9.8065,0.1022,0.0201,-0.0438,-18.62,-32.69,23.06,324.32,-83.05,-171.43
52.386864,-1.504943,134.83,12.41,3,125.5,19 / 20,5110510,2019-09-06 20:45:16:253,-0.3544,-0.3307,9.5933,-0.0079,-0.0108,9.8066,-0.0715,0.024,0.0727,-18.62,-32.44,22.63,324.99,-83.09,-170.99
52.386864,-1.504943,134.83,12.41,3,125.5,19 / 20,5110609,2019-09-06 20:45:16:352,1.1116,0.5143,9.7914,-0.0175,-0.0058,9.8066,-0.0579,0.0854,-0.0679,-19.06,-32.75,22.88,326.16,-83.08,-169.82
52.386864,-1.504943,134.83,12.41,3,125.5,19 / 20,5110710,2019-09-06 20:45:16:453,-1.0111,1.0624,9.5212,-0.0227,0.0325,9.8065,0.0601,0.0201,-0.0096,-19.37,-33.06,22.88,327.38,-83.32,-168.9
52.386864,-1.504943,134.83,12.41,3,125.5,19 / 20,5110810,2019-09-06 20:45:16:553,-0.8197,0.1965,10.729,-0.0119,0.0134,9.8065,0.1187,0.0004,-0.0452,-18.75,-32.81,22.5,327.59,-83.45,-168.8
52.386864,-1.504943,134.83,12.41,3,125.5,19 / 20,5110910,2019-09-06 20:45:16:653,1.875,-0.1825,10.1074,-0.0004,0.0299,9.8066,0.0098,-0.0101,0.0074,-19.31,-32.87,22.69,325.98,-83.34,-170.15
52.386864,-1.504943,134.83,12.41,3,125.5,19 / 20,5111010,2019-09-06 20:45:16:753,0.8681,1.0292,9.1272,0.0029,0.0146,9.8066,0.0569,-0.0047,-0.0414,-19.31,-32.5,23,324.7,-83.09,-171.26
52.386864,-1.504943,134.83,12.41,3,125.5,19 / 20,5111109,2019-09-06 20:45:16:852,1.8365,0.6746,10.4679,-0.0101,0.0159,9.8066,0.1373,0.0333,0.0269,-19.06,-32.56,23.31,324.06,-83.04,-171.65
52.386864,-1.504943,134.83,12.41,3,125.5,19 / 20,5111210,2019-09-06 20:45:16:953,0.3417,-0.9916,9.8231,-0.0189,0.0205,9.8065,0.1626,-0.0225,0.0948,-18.69,-32.37,22.63,326.83,-83.11,-169.38
52.386864,-1.504943,134.83,12.41,3,125.5,19 / 20,5111310,2019-09-06 20:45:17:053,1.2249,-0.0977,9.2677,-0.0177,-0.0162,9.8066,-0.0516,0.0533,-0.0113,-19.19,-32.56,21.56,327.41,-83.17,-167.41
52.386864,-1.504943,134.83,12.41,3,125.5,19 / 20,5111409,2019-09-06 20:45:17:152,-0.3606,-0.2319,9.8079,0.0142,-0.0211,9.8065,-0.1508,0.0308,0.0725,-19.06,-32.69,22.19,329.18,-83.02,-165.76
52.386864,-1.504943,134.83,12.41,3,125.5,19 / 20,5111509,2019-09-06 20:45:17:252,-0.3348,0.7804,9.8038,0.014,-0.0125,9.8066,0.0319,0.0066,-0.008,-18.81,-32.44,21.88,330,-83.12,-165.22
52.386864,-1.504943,134.83,12.41,3,125.5,19 / 20,5111610,2019-09-06 20:45:17:353,0.9547,-0.3397,9.8898,0.0069,0.0054,9.8066,-0.1072,0.0144,-0.0593,-19.5,-32.12,21.5,329.87,-83.26,-165.42
52.386864,-1.504943,134.83,12.41,3,125.5,19 / 20,5111709,2019-09-06 20:45:17:452,0.1972,1.2214,9.5969,0.0295,-0.007,9.8066,0.0273,-0.0069,-0.0323,-18.81,-32,21.75,328.21,-83.27,-166.89
52.386864,-1.504943,134.83,12.41,3,125.5,19 / 20,5111809,2019-09-06 20:45:17:552,0.2034,0.029,9.6927,0.0178,0.0099,9.8065,-0.0381,0.0045,0.0364,-19.44,-31.12,21.56,326.63,-83.27,-168.42
52.386864,-1.504943,134.83,12.41,3,125.5,19 / 20,5111909,2019-09-06 20:45:17:652,0.3212,0.6831,9.5392,0.0164,-0.0179,9.8065,-0.0339,0.0986,-0.0511,-20.31,-29.62,21,322.48,-83.25,-169.47
52.386864,-1.504943,134.83,12.41,3,125.5,19 / 20,5112010,2019-09-06 20:45:17:753,0.9066,-0.5042,10.2614,-0.0166,0.0137,9.8066,0.1071,0.0264,0.0078,-21.19,-28.94,22.44,322.64,-83.36,-169.66
52.386864,-1.504943,134.83,12.41,3,125.5,19 / 20,5112110,2019-09-06 20:45:17:853,-0.9744,0.6765,10.2337,-0.0189,0.0236,9.8066,0.0616,0.0741,-0.0673,-20.81,-29,22.94,324.01,-83.37,-169.79
52.386864,-1.504943,134.83,12.41,3,125.5,19 / 20,5112209,2019-09-06 20:45:17:952,0.2712,0.1245,9.5003,-0.0135,0.0044,9.8066,0.0076,0.0388,0.0651,-19.87,-29.25,23.5,327.68,-83.29,-169.01
52.386864,-1.504943,134.83,12.41,3,125.5,19 / 20,5112309,2019-09-06 20:45:18:052,0.1897,-0.0431,9.206,-0.0053,-0.0125,9.8066,-0.0093,-0.0183,0.0293,-19.31,-30.87,23.44,328.52,-83.22,-168.06
52.386864,-1.504943,134.83,12.41,3,125.5,19 / 20,5112410,2019-09-06 20:45:18:153,-0.3754,0.7617,9.7723,-0.0447,0.0376,9.8064,0.1106,0.0335,0.0772,-19,-31.62,22.44,327.4,-83.02,-167.45
52.386864,-1.504943,134.83,12.41,3,125.5,19 / 20,5112509,2019-09-06 20:45:18:252,-0.52,0.1753,9.6656,-0.038,0.0106,9.8066,0.0191,0.0231,-0.0283,-19.69,-31.37,21.94,328.71,-83.23,-165.17
52.386864,-1.504943,134.83,12.41,3,125.5,19 / 20,5112609,2019-09-06 20:45:18:352,-0.1487,0.3239,10.1818,-0.01,0.0078,9.8066,0.0464,-0.0048,0.0037,-19.94,-32.44,21.38,327.78,-83.29,-164.5
52.386864,-1.504943,134.83,12.41,3,125.5,19 / 20,5112710,2019-09-06 20:45:18:453,0.59,-0.2225,9.8836,-0.016,0.0139,9.8066,0,0.0497,-0.0169,-20,-32.25,20.88,328.42,-83.35,-163.97
52.386864,-1.504943,134.83,12.41,3,125.5,19 / 20,5112810,2019-09-06 20:45:18:553,-0.1125,0.7112,9.6262,-0.0048,0.0103,9.8066,-0.0018,0.0226,0.0367,-20.56,-31.75,20.81,326.05,-83.31,-164.74
52.386864,-1.504943,134.83,12.41,3,125.5,19 / 20,5112910,2019-09-06 20:45:18:653,1.2232,-0.8238,9.9744,-0.0138,0.0014,9.8066,-0.0131,0.0347,-0.0119,-21.19,-32.06,20.5,326.12,-83.25,-164.63
52.386864,-1.504943,134.83,12.41,3,125.5,19 / 20,5113010,2019-09-06 20:45:18:753,0.4595,-0.3414,9.2668,0.027,-0.0191,9.8065,-0.0869,-0.0265,0.0119,-22.06,-32.12,21.44,324.45,-83.25,-164.89
52.386864,-1.504943,134.83,12.41,3,125.5,19 / 20,5113110,2019-09-06 20:45:18:853,0.3567,0.2199,9.3085,0.0142,-0.0244,9.8066,-0.1927,-0.013,0.0154,-21.5,-31.87,22.56,329.25,-83.08,-164.53
52.386864,-1.504943,134.83,12.41,3,125.5,19 / 20,5113210,2019-09-06 20:45:18:953,-1.4438,0.2359,9.526,-0.0253,0.0194,9.8065,-0.0948,-0.0071,0.0561,-19.31,-31.69,23.19,332.84,-83.44,-164.24
52.386864,-1.504943,134.83,12.41,3,125.5,19 / 20,5113310,2019-09-06 20:45:19:053,-1.8787,1.634,9.3387,0.0093,-0.0159,9.8066,0.0544,-0.1009,-0.0568,-20.19,-30.87,22.25,330.51,-83.37,-163.65
52.386864,-1.504943,134.83,12.41,3,125.5,19 / 20,5113409,2019-09-06 20:45:19:152,-0.5246,-1.1619,10.6594,0.0237,0.002,9.8066,0.0577,-0.0398,0.0851,-21.5,-31.06,21,326.46,-83.34,-164.51
52.386864,-1.504943,134.83,12.41,3,125.5,19 / 20,5113510,2019-09-06 20:45:19:253,-0.2495,0.0653,10.3869,0.0184,-0.0181,9.8066,0.0728,-0.0066,-0.0443,-18.87,-31.87,20.63,327.02,-83.02,-166.35
52.386864,-1.504943,134.83,12.41,3,125.5,19 / 20,5113609,2019-09-06 20:45:19:352,-0.1861,-0.9822,9.7325,0.0162,0.0012,9.8066,-0.0534,-0.1059,0.0194,-19,-32.44,22.06,326.69,-82.73,-167.88
52.386864,-1.504943,134.83,12.41,3,125.5,19 / 20,5113710,2019-09-06 20:45:19:453,-1.2204,1.1705,8.9792,-0.0146,0.0272,9.8066,0.1318,0.0181,-0.0347,-19.44,-32.94,22.38,325.99,-82.61,-168.28
52.386864,-1.504943,134.83,12.41,3,125.5,19 / 20,5113809,2019-09-06 20:45:19:552,-0.599,-0.9074,9.4765,-0.04,0.0388,9.8065,0.1296,-0.019,0.0156,-18.75,-32.81,22.13,326.07,-82.98,-168.46
52.386864,-1.504943,134.83,12.41,3,125.5,19 / 20,5113909,2019-09-06 20:45:19:652,-0.1833,0.9555,10.0811,-0.0097,0.0205,9.8066,-0.0736,-0.0308,-0.0019,-19.56,-32.19,21.56,324.02,-83.04,-169.1
52.386864,-1.504943,134.83,12.41,3,125.5,19 / 20,5114010,2019-09-06 20:45:19:753,-0.3208,-1.3321,10.3011,0.0156,-0.0076,9.8066,0.0261,-0.0055,-0.0088,-19.37,-32.87,22.13,323.9,-83.11,-170.47
52.386864,-1.504943,134.83,12.41,3,125.5,19 / 20,5114109,2019-09-06 20:45:19:852,1.3567,0.1092,9.6134,0.0074,0.0145,9.8066,0.0404,0.0058,-0.0279,-18.69,-32.69,22.25,321.6,-83.02,-172.45
52.386864,-1.504943,134.83,12.41,3,125.5,19 / 20,5114210,2019-09-06 20:45:19:953,0.8938,-1.4677,10.4206,0.0006,0.0108,9.8066,0.1516,-0.0277,-0.003,-19.06,-33.19,22.44,320.19,-83.07,-173.74
52.386864,-1.504943,134.83,12.41,3,125.5,19 / 20,5114310,2019-09-06 20:45:20:053,0.3573,-1.2685,10.3224,-0.0154,0.0242,9.8066,-0.1075,0.109,-0.0994,-18.56,-32.56,21.88,319.74,-83.26,-174.29
52.386864,-1.504943,134.83,12.41,3,125.5,19 / 20,5114409,2019-09-06 20:45:20:152,1.5164,0.0767,9.9711,0.0095,0.007,9.8066,0.0136,0.0686,-0.0098,-18.75,-33.19,21.81,317.45,-83.23,-176.33
52.386864,-1.504943,134.83,12.41,3,125.5,19 / 20,5114510,2019-09-06 20:45:20:253,0.5621,0.3119,10.4392,0.0197,-0.0256,9.8066,-0.0209,0.0314,-0.019,-19.06,-32.94,22.13,316.96,-83.13,-176.68
52.386864,-1.504943,134.83,12.41,3,125.5,19 / 20,5114612,2019-09-06 20:45:20:355,0.3938,-0.3522,10.3242,0.0283,-0.0231,9.8065,0.0827,0.2018,0.0078,-18.62,-32.56,22.13,317.29,-83.06,-176.33
52.386864,-1.504943,134.83,12.41,3,125.5,19 / 20,5114710,2019-09-06 20:45:20:453,0.7638,0.8623,9.2938,0.0359,-0.032,9.8065,0.0319,-0.0055,-0.0822,-19.37,-32.62,21.81,316.3,-82.65,-176.87
52.386864,-1.504943,134.83,12.41,3,125.5,19 / 20,5114810,2019-09-06 20:45:20:553,0.9771,0.5552,9.1878,-0.0308,0.0394,9.8065,0.0333,0.0985,-0.0419,-19.75,-31.87,20.75,313.81,-82.98,-176.76
52.386864,-1.504943,134.83,12.41,3,125.5,19 / 20,5114910,2019-09-06 20:45:20:653,-1.425,-0.7755,10.0772,-0.0322,0.0167,9.8066,-0.0033,0.0429,-0.053,-19.31,-31.69,20.88,315.44,-83.04,-176.68
52.386864,-1.504943,134.83,12.41,3,125.5,19 / 20,5115010,2019-09-06 20:45:20:753,0.5565,0.8966,9.4925,0.0339,0.0144,9.8065,-0.0205,0.0499,-0.0544,-18.62,-31.12,21.69,315.06,-83.06,-178.67
52.386864,-1.504943,134.83,12.41,3,125.5,19 / 20,5115110,2019-09-06 20:45:20:853,-0.9532,-0.7149,10.6014,-0.014,-0.008,9.8066,0.0058,0.1677,-0.0579,-18.87,-32.44,20.44,310.46,-83.01,-179.61
52.386864,-1.504943,134.83,12.41,3,125.5,19 / 20,5115209,2019-09-06 20:45:20:952,0.9691,0.6426,10.292,0.0098,0.0022,9.8066,0.0674,0.0903,0.0389,-18.94,-32.31,21.13,312.51,-82.96,-179.25
52.386864,-1.504943,134.83,12.41,3,125.5,19 / 20,5115310,2019-09-06 20:45:21:053,0.8601,0.0821,9.5352,-0.003,-0.0052,9.8066,-0.0475,0.0054,-0.0719,-19.37,-32.87,20.94,312.29,-82.78,-179.1
52.386864,-1.504943,134.83,12.41,3,125.5,19 / 20,5115410,2019-09-06 20:45:21:153,1.5067,-1.6925,10.2808,0.0001,0.0118,9.8066,-0.0146,0.0219,0.0228,-19.62,-33.25,20.25,308.76,-82.76,-179.4
52.386864,-1.504943,134.83,12.41,3,125.5,19 / 20,5115509,2019-09-06 20:45:21:252,3.125,-1.0055,10.7579,-0.0476,0.05,9.8064,-0.2969,-0.0543,-0.0545,-18.87,-34.25,20.06,309.37,-83.22,179.58
52.386864,-1.504943,134.83,12.41,3,125.5,19 / 20,5115610,2019-09-06 20:45:21:353,1.1737,-1.6948,10.7926,0.0817,-0.0263,9.8062,-0.0735,0.0668,-0.0344,-18.81,-33.62,20.13,307.18,-82.7,178.14
52.386864,-1.504943,134.83,12.41,3,125.5,19 / 20,5115709,2019-09-06 20:45:21:452,0.8294,2.1665,10.7317,0.0439,-0.0236,9.8064,-0.1244,-0.0563,0.0309,-19.5,-34.12,20.94,307.54,-82.91,176.68
52.386864,-1.504943,134.83,12.41,3,125.5,19 / 20,5115810,2019-09-06 20:45:21:553,1.9799,-0.6483,10.5684,0.0477,-0.0507,9.8064,0.0164,0.0365,-0.0703,-18.81,-33.69,20.44,306.96,-82.9,177.73
52.386864,-1.504943,134.83,12.41,3,125.5,19 / 20,5115909,2019-09-06 20:45:21:652,1.8941,-0.5804,9.9974,0.0085,0.0037,9.8066,-0.2083,0.0538,0.1019,-19.12,-33.81,20.25,306.81,-82.64,177.87
52.386864,-1.504943,134.83,12.41,3,125.5,19 / 20,5116010,2019-09-06 20:45:21:753,-0.5502,0.3348,9.7115,0.0051,-0.0271,9.8066,-0.092,0.0369,-0.0669,-19.87,-33.87,20.5,308.96,-82.77,179.41
52.386864,-1.504943,134.83,12.41,3,125.5,19 / 20,5116109,2019-09-06 20:45:21:852,0.8048,0.9338,9.4759,0.0225,0.0065,9.8066,0.1003,0.0931,0.0586,-19.5,-33.75,20.56,309.69,-82.86,178.67
52.386864,-1.504943,134.83,12.41,3,125.5,19 / 20,5116210,2019-09-06 20:45:21:953,0.1018,1.393,10.2078,-0.0096,-0.0012,9.8066,0.1122,0.0646,0.0325,-19.69,-33.81,20.44,306.38,-82.85,178.54
52.386864,-1.504943,134.83,12.41,3,125.5,19 / 20,5116310,2019-09-06 20:45:22:053,-0.0937,-0.1316,9.7806,-0.0013,-0.02,9.8066,-0.0393,0.0431,-0.0142,-20.44,-33.56,20,307.9,-82.63,-179.85
52.386864,-1.504943,134.83,12.41,3,125.5,19 / 20,5116410,2019-09-06 20:45:22:153,0.6495,0.1298,9.5956,-0.0062,-0.0042,9.8066,-0.0308,0.0594,0.0822,-19.94,-33.69,20.56,309.42,-82.4,-179.81
52.386864,-1.504943,134.83,12.41,3,125.5,19 / 20,5116509,2019-09-06 20:45:22:252,-0.4877,-0.387,9.6061,-0.019,-0.0144,9.8065,-0.0796,0.083,-0.0593,-20.25,-33.62,20.38,309.94,-82.39,-177.76
52.386864,-1.504943,134.83,12.41,3,125.5,19 / 20,5116609,2019-09-06 20:45:22:352,-0.2833,-0.0866,10.1671,-0.0064,0.0155,9.8066,0.0272,0.0441,0.0456,-20.81,-33.5,20.19,309.57,-82.61,-177.29
52.386864,-1.504943,134.83,12.41,3,125.5,19 / 20,5116709,2019-09-06 20:45:22:452,-0.8017,-0.5849,10.1218,-0.0148,0.015,9.8066,0.0013,0.0973,-0.1011,-20,-33.56,19.56,310.5,-82.73,-177.59
52.386864,-1.504943,134.83,12.41,3,125.5,19 / 20,5116809,2019-09-06 20:45:22:552,1.2193,-0.4166,9.9504,0.0473,-0.0186,9.8065,-0.0387,0.0303,0.0535,-20.31,-33.56,19.94,309.61,-82.38,-178.06
52.386864,-1.504943,134.83,12.41,3,125.5,19 / 20,5116910,2019-09-06 20:45:22:653,-0.206,-0.3786,10.1517,0.0317,-0.0289,9.8065,-0.0231,0.1214,-0.0774,-20.69,-33.37,20.06,308.56,-82.33,-177.93
52.386864,-1.504943,134.83,12.41,3,125.5,19 / 20,5117010,2019-09-06 20:45:22:753,1.236,0.1154,9.2051,-0.0171,0.0166,9.8066,0.013,0.0742,0.053,-20.12,-33.25,19.75,310.07,-82.34,-177.81
52.386864,-1.504943,134.83,12.41,3,125.5,19 / 20,5117110,2019-09-06 20:45:22:853,0.4281,-0.2946,9.2109,-0.0141,-0.0034,9.8066,0.0441,0.0369,-0.021,-20.69,-33.31,19.63,309.98,-82.57,-176.87
52.386864,-1.504943,134.83,12.41,3,125.5,19 / 20,5117209,2019-09-06 20:45:22:952,0.315,1.0109,9.7441,-0.032,0.0223,9.8065,-0.0031,0.0792,0.0351,-21,-33.56,19.38,309.58,-82.96,-175.8
52.386864,-1.504943,134.83,12.41,3,125.5,19 / 20,5117309,2019-09-06 20:45:23:052,0.6228,-0.5697,9.8857,-0.0122,-0.007,9.8066,0.0086,0.0699,-0.0018,-20.5,-33.19,18.94,312.01,-83.02,-175.09
52.38637,-1.503555,134.25,12.52,2,111.51,19 / 20,5117410,2019-09-06 20:45:23:153,0.0288,0.7804,9.7508,-0.0054,-0.0122,9.8065,0.0932,0.016,0.0178,-21,-33.25,19.19,311.8,-82.91,-173.94
52.38637,-1.503555,134.25,12.52,2,111.51,19 / 20,5117509,2019-09-06 20:45:23:252,0.6312,0.7614,10.3626,0.0067,-0.0174,9.8066,-0.041,0.054,-0.001,-21.06,-33.25,18.88,313.03,-82.68,-172.62
52.38637,-1.503555,134.25,12.52,2,111.51,19 / 20,5117610,2019-09-06 20:45:23:353,-0.6064,0.961,11.0102,0.0096,-0.0182,9.8066,0.0296,0.0018,-0.0271,-21.19,-33.69,18.94,312.97,-82.59,-172.39
52.38637,-1.503555,134.25,12.52,2,111.51,19 / 20,5117709,2019-09-06 20:45:23:452,-0.0447,0.1701,10.1252,0.0167,-0.02,9.8066,-0.0251,0.0486,0.0361,-21.25,-33.25,19.25,313.17,-82.27,-172.11
52.38637,-1.503555,134.25,12.52,2,111.51,19 / 20,5117809,2019-09-06 20:45:23:552,0.9951,0.7829,10.0847,0.0202,0.0019,9.8065,-0.1393,0.0692,-0.0469,-21.5,-33.31,19.31,312.2,-82.21,-172.92
52.38637,-1.503555,134.25,12.52,2,111.51,19 / 20,5117909,2019-09-06 20:45:23:652,-0.3683,1.2655,10.2416,-0.0008,0.0048,9.8066,0.0169,0.0262,0.0327,-21.25,-33.31,19.25,311.85,-82.27,-173.28
52.38637,-1.503555,134.25,12.52,2,111.51,19 / 20,5118009,2019-09-06 20:45:23:752,-0.647,0.8494,9.7721,0.0153,-0.0116,9.8066,-0.0025,-0.0047,0.0237,-21.25,-33.44,18.75,311.9,-82.18,-173.16
52.38637,-1.503555,134.25,12.52,2,111.51,19 / 20,5118110,2019-09-06 20:45:23:853,1.3226,0.2772,9.8628,0.0083,-0.0066,9.8066,-0.0154,0.026,0.0012,-21.44,-33.69,19.31,311.43,-82.09,-173.29
52.38637,-1.503555,134.25,12.52,2,111.51,19 / 20,5118209,2019-09-06 20:45:23:952,-0.4079,-0.6621,10.0845,-0.0025,-0.0128,9.8066,-0.0831,0.0081,0.0791,-21.87,-33.5,19.5,313.07,-82.03,-172.44
52.38637,-1.503555,134.25,12.52,2,111.51,19 / 20,5118309,2019-09-06 20:45:24:052,-1.368,1.1076,9.7246,-0.0019,0.0066,9.8066,0.0849,0.0211,-0.0411,-21.44,-33.62,18.63,312.71,-82.17,-172.23
52.38637,-1.503555,134.25,12.52,2,111.51,19 / 20,5118410,2019-09-06 20:45:24:153,-0.1858,0.8457,9.3661,0.0061,-0.0012,9.8066,0.152,0.0332,0.0137,-21.12,-33.25,19.25,312.75,-82.19,-172.41
52.38637,-1.503555,134.25,12.52,2,111.51,19 / 20,5118509,2019-09-06 20:45:24:252,0.6954,1.0943,10.6588,-0.026,0.0125,9.8065,0.0373,-0.0354,0.0191,-21.62,-33.56,19.31,310.45,-82.02,-172.95
52.38637,-1.503555,134.25,12.52,2,111.51,19 / 20,5118610,2019-09-06 20:45:24:353,1.0926,-1.0848,9.9964,-0.0464,0.0256,9.8064,0.1561,-0.0624,0.0029,-21.37,-33.12,19.06,312.65,-82.23,-172.53
52.38637,-1.503555,134.25,12.52,2,111.51,19 / 20,5118710,2019-09-06 20:45:24:453,1.0939,0.4041,9.5102,0.0014,-0.0207,9.8066,-0.0007,-0.0274,0.0937,-21.62,-33.19,19.25,312.66,-81.95,-171.13
52.38637,-1.503555,134.25,12.52,2,111.51,19 / 20,5118810,2019-09-06 20:45:24:553,-0.8174,0.3092,9.9448,-0.0123,0.0082,9.8066,-0.02,-0.0055,-0.0003,-22,-33.44,18.25,311.45,-82.11,-170.67
52.38637,-1.503555,134.25,12.52,2,111.51,19 / 20,5118910,2019-09-06 20:45:24:653,-1.0578,0.83,9.2643,-0.0038,-0.0027,9.8066,0.0027,0.0156,-0.0037,-21.87,-32.87,18.63,314.06,-82.26,-170.15
52.38637,-1.503555,134.25,12.52,2,111.51,19 / 20,5119010,2019-09-06 20:45:24:753,0.1248,1.6975,9.3038,0.0293,-0.01,9.8065,-0.0154,0.0209,-0.0161,-21.75,-33.37,18.31,311.73,-82.22,-170.53
52.38637,-1.503555,134.25,12.52,2,111.51,19 / 20,5119110,2019-09-06 20:45:24:853,0.4263,0.656,9.7665,-0.003,-0.0051,9.8066,0.0333,0.0333,-0.0017,-22.06,-32.5,19,312.65,-82.18,-171.55
52.38637,-1.503555,134.25,12.52,2,111.51,19 / 20,5119209,2019-09-06 20:45:24:952,-0.1691,0.1773,9.6633,0.0011,-0.0068,9.8066,-0.0391,0.0187,-0.0198,-22.25,-33.12,18.44,310.9,-82.11,-171.16
52.38637,-1.503555,134.25,12.52,2,111.51,19 / 20,5119310,2019-09-06 20:45:25:053,0.4066,1.2942,10.1983,-0.0164,0.0039,9.8066,0.0643,-0.0338,0.0737,-22.31,-33.87,18.5,313.19,-82.29,-170.76
52.38637,-1.503555,134.25,12.52,2,111.51,19 / 20,5119409,2019-09-06 20:45:25:152,-0.3341,0.1536,9.9899,-0.0183,0.0051,9.8066,-0.0198,0.0891,-0.0018,-22.06,-32.87,18.88,313.75,-82.29,-170.46
52.38637,-1.503555,134.25,12.52,2,111.51,19 / 20,5119510,2019-09-06 20:45:25:253,1.5448,0.5018,8.5516,0.0066,-0.0219,9.8065,-0.0494,0.0952,0.061,-22.5,-32.94,18.56,316.15,-82.01,-168.08
52.38637,-1.503555,134.25,12.52,2,111.51,19 / 20,5119610,2019-09-06 20:45:25:353,0.2701,1.4827,9.3314,0.0591,-0.0723,9.8061,-0.3303,-0.0912,0.025,-22.44,-32.56,18.5,317.17,-81.57,-166.81
52.38637,-1.503555,134.25,12.52,2,111.51,19 / 20,5119710,2019-09-06 20:45:25:453,-1.4657,0.4343,8.4051,-0.0657,0.0211,9.8063,-0.4464,-0.0427,0.1247,-21.87,-33,17.81,316.79,-81.57,-165.46
52.38637,-1.503555,134.25,12.52,2,111.51,19 / 20,5119810,2019-09-06 20:45:25:553,0.6256,-1.4735,9.4383,0.0669,-0.0357,9.8063,-0.0189,-0.119,0.0004,-22.69,-32.87,18.13,315.64,-81.51,-165.36
52.38637,-1.503555,134.25,12.52,2,111.51,19 / 20,5119909,2019-09-06 20:45:25:652,0.3256,1.3904,8.9625,-0.0894,0.0369,9.8061,0.3234,-0.0406,0.0533,-23,-32.94,18.44,317.07,-82.07,-164.57
52.38637,-1.503555,134.25,12.52,2,111.51,19 / 20,5120010,2019-09-06 20:45:25:753,-1.3356,0.7913,9.4473,-0.077,0.0452,9.8062,0.1636,0.0793,-0.0154,-22.44,-33.5,18,316.3,-81.54,-165.86
52.38637,-1.503555,134.25,12.52,2,111.51,19 / 20,5120109,2019-09-06 20:45:25:852,0.978,0.1283,9.7046,-0.0614,0.0319,9.8064,-0.0302,-0.023,-0.0342,-23,-33.12,18.44,316.57,-82.05,-165
52.38637,-1.503555,134.25,12.52,2,111.51,19 / 20,5120210,2019-09-06 20:45:25:953,-1.3122,0.0123,9.7146,-0.0017,0.011,9.8065,-0.0742,-0.0221,0.0494,-23.12,-33.19,17.81,315.56,-82.02,-165.88
52.38637,-1.503555,134.25,12.52,2,111.51,19 / 20,5120310,2019-09-06 20:45:26:053,-0.3977,0.5537,10.0381,-0.0309,0.0293,9.8065,-0.0731,0.0446,-0.0649,-22.19,-33.12,17.75,316.87,-82.24,-165.98
52.38637,-1.503555,134.25,12.52,2,111.51,19 / 20,5120409,2019-09-06 20:45:26:152,0.5004,-0.0934,10.2843,0.0014,0.0151,9.8066,0.1449,-0.0302,-0.003,-22.19,-33.12,18.19,315.14,-82.34,-167.59
52.38637,-1.503555,134.25,12.52,2,111.51,19 / 20,5120510,2019-09-06 20:45:26:253,-0.4079,0.4191,9.9581,-0.0208,0.0143,9.8066,-0.0239,0.0342,-0.0123,-23,-33.12,17.75,313.47,-82.26,-167.95
52.38637,-1.503555,134.25,12.52,2,111.51,19 / 20,5120610,2019-09-06 20:45:26:353,0.6226,-0.1564,10.1053,0.0019,-0.0095,9.8066,0.0121,0.0387,0.0413,-22.06,-33.12,18.19,315.02,-82.12,-167.5
52.38637,-1.503555,134.25,12.52,2,111.51,19 / 20,5120709,2019-09-06 20:45:26:452,0.2528,-0.5214,10.0441,-0.0044,-0.0087,9.8066,0.0541,-0.0252,0.0378,-22,-33,18.06,316.09,-82.05,-166.5
52.38637,-1.503555,134.25,12.52,2,111.51,19 / 20,5120809,2019-09-06 20:45:26:552,-1.1485,0.5874,9.3008,-0.0179,0.0049,9.8066,0.0398,-0.0077,-0.0305,-22.75,-32.87,17.94,316.24,-82.1,-165.34
52.38637,-1.503555,134.25,12.52,2,111.51,19 / 20,5120910,2019-09-06 20:45:26:653,0.8736,0.0815,10.265,-0.0039,0.0051,9.8066,0.0063,0.0485,0.0325,-22.94,-33.06,17.38,314.41,-82.15,-165.29
52.38637,-1.503555,134.25,12.52,2,111.51,19 / 20,5121010,2019-09-06 20:45:26:753,-0.3341,-0.1386,9.8247,-0.0138,0.0135,9.8065,0.1453,0.0153,0.0098,-22.94,-32.87,17.5,315.65,-82.15,-165.91
52.38637,-1.503555,134.25,12.52,2,111.51,19 / 20,5121110,2019-09-06 20:45:26:853,-2.531,0.7321,9.9552,-0.0634,0.033,9.8064,0.3175,0.0627,-0.0359,-23.06,-33.37,17.88,314.96,-81.82,-166.22
52.38637,-1.503555,134.25,12.52,2,111.51,19 / 20,5121210,2019-09-06 20:45:26:953,-1.4058,0.8599,10.9042,-0.0402,0.0646,9.8063,0.2291,-0.033,-0.0349,-22.69,-32.81,17.06,312.38,-81.67,-166.65
52.38637,-1.503555,134.25,12.52,2,111.51,19 / 20,5121309,2019-09-06 20:45:27:052,0.175,0.8842,10.233,-0.0781,0.0552,9.8062,0.1042,-0.0913,0.0905,-23.12,-33.25,16.56,310.46,-82.34,-169
52.38637,-1.503555,134.25,12.52,2,111.51,19 / 20,5121410,2019-09-06 20:45:27:153,0.7246,-1.3836,10.5112,0.0162,-0.0177,9.8066,-0.0224,-0.0095,-0.0854,-22.94,-33.81,16.81,311.39,-81.76,-167.4
52.38637,-1.503555,134.25,12.52,2,111.51,19 / 20,5121510,2019-09-06 20:45:27:253,-0.4433,1.1199,11.2043,0.0272,-0.0185,9.8066,-0.0964,0.0067,0.0979,-23.06,-33.25,16.88,312.36,-82.09,-167.07
52.38637,-1.503555,134.25,12.52,2,111.51,19 / 20,5121609,2019-09-06 20:45:27:352,-0.552,1.4136,10.0373,0.0578,-0.0475,9.8064,0.0021,0.1408,-0.0395,-23.37,-33.81,16.63,312.53,-81.75,-166.37
52.38637,-1.503555,134.25,12.52,2,111.51,19 / 20,5121710,2019-09-06 20:45:27:453,0.9323,0.1563,9.7574,0.0362,-0.018,9.8065,-0.1338,0.0402,0.0346,-23.62,-33.69,17,311.1,-81.7,-166.65
52.38637,-1.503555,134.25,12.52,2,111.51,19 / 20,5121810,2019-09-06 20:45:27:553,0.1727,0.6626,9.6115,-0.0004,0.0026,9.8066,-0.0936,0.0291,-0.0128,-24.25,-33.5,17.19,311.13,-81.7,-166.83
52.38637,-1.503555,134.25,12.52,2,111.51,19 / 20,5121910,2019-09-06 20:45:27:653,-1.3347,1.3786,9.801,-0.0102,0.0268,9.8066,0.0086,-0.0463,-0.0452,-24.31,-33.75,18,312.62,-81.88,-167.16
52.38637,-1.503555,134.25,12.52,2,111.51,19 / 20,5122010,2019-09-06 20:45:27:753,0.0504,-0.3408,9.6979,0.0014,0.0134,9.8066,0.0203,-0.0164,0.0432,-23.25,-33.56,17.5,312.42,-82.11,-168.54
52.38637,-1.503555,134.25,12.52,2,111.51,19 / 20,5122109,2019-09-06 20:45:27:852,0.6842,1.0816,8.5816,0.0344,-0.0388,9.8065,0.1924,-0.0382,0.0019,-23.37,-33.19,16.69,310.98,-81.82,-168.04
52.38637,-1.503555,134.25,12.52,2,111.51,19 / 20,5122210,2019-09-06 20:45:27:953,1.359,0.6759,9.0964,-0.0631,0.027,9.8063,0.1512,0.0754,-0.0222,-23.19,-33.06,17.06,312.35,-82.09,-167.07
52.38637,-1.503555,134.25,12.52,2,111.51,19 / 20,5122309,2019-09-06 20:45:28:052,0.6428,0.1382,9.0648,-0.0289,0.0097,9.8065,0.1184,0.0081,0.037,-22.75,-33.12,16.63,312.16,-82.01,-167.16
52.38637,-1.503555,134.25,12.52,2,111.51,19 / 20,5122409,2019-09-06 20:45:28:152,-1.6498,0.5019,9.756,-0.0768,0.0229,9.8063,0.1919,0.0734,0.0275,-23.44,-33,17.06,312.16,-81.94,-167.1
52.38637,-1.503555,134.25,12.52,2,111.51,19 / 20,5122510,2019-09-06 20:45:28:253,0.0596,-0.3194,9.9748,0.0363,-0.034,9.8065,-0.0352,0.0146,0.0631,-23.81,-32.81,16.69,314.19,-82.43,-164.75
52.38637,-1.503555,134.25,12.52,2,111.51,19 / 20,5122610,2019-09-06 20:45:28:353,0.4255,-0.4435,10.1889,0.0352,-0.0211,9.8065,-0.0575,0.0558,-0.065,-23.62,-32.87,16.75,314.63,-82.09,-164.07
52.38637,-1.503555,134.25,12.52,2,111.51,19 / 20,5122709,2019-09-06 20:45:28:452,0.0069,1.822,10.1148,0.0399,-0.0142,9.8065,-0.0599,-0.0359,0.0675,-23.06,-32.37,16.19,312.95,-82.09,-164.96
52.38637,-1.503555,134.25,12.52,2,111.51,19 / 20,5122810,2019-09-06 20:45:28:553,-0.8455,0.5122,9.0798,0,-0.0013,9.8066,-0.1775,0.0933,-0.0883,-22.69,-32.56,16.19,312.64,-82.04,-164.98
52.38637,-1.503555,134.25,12.52,2,111.51,19 / 20,5122910,2019-09-06 20:45:28:653,-0.4696,0.8489,8.9384,0.014,0.0245,9.8066,0.0032,-0.0067,-0.0225,-23.12,-33.19,16.56,313.03,-82.17,-166.54
52.38637,-1.503555,134.25,12.52,2,111.51,19 / 20,5123010,2019-09-06 20:45:28:753,0.8294,0.3247,9.2326,-0.0225,0.0288,9.8065,-0.0858,-0.0239,-0.0567,-22.44,-33.19,15.69,311.75,-82.62,-167.33
52.38637,-1.503555,134.25,12.52,2,111.51,19 / 20,5123110,2019-09-06 20:45:28:853,0.756,0.1002,10.2632,-0.0015,0.0018,9.8066,0.0183,0.0319,0.0241,-22.94,-33.19,15.38,308.38,-82.97,-167.87
52.38637,-1.503555,134.25,12.52,2,111.51,19 / 20,5123210,2019-09-06 20:45:28:953,-0.2104,0.6217,9.8076,-0.004,0.0037,9.8066,0.1618,-0.022,-0.0168,-23.19,-33.81,15.56,310.29,-83.07,-167.89
52.38637,-1.503555,134.25,12.52,2,111.51,19 / 20,5123310,2019-09-06 20:45:29:053,0.2646,0.0163,9.9125,0.0018,-0.011,9.8066,-0.2177,0.0646,0.0082,-22.81,-33.5,15.13,308.74,-82.86,-167.42
52.38637,-1.503555,134.25,12.52,2,111.51,19 / 20,5123410,2019-09-06 20:45:29:153,0.1454,-0.4489,10.5311,0.0587,-0.0251,9.8064,-0.1596,0.0051,0.0272,-22.81,-33.37,15.25,309.32,-83.05,-167.1
52.38637,-1.503555,134.25,12.52,2,111.51,19 / 20,5123509,2019-09-06 20:45:29:252,-0.2398,0.8617,8.1971,0.0251,0.0023,9.8065,-0.2399,0.0263,-0.0368,-23.12,-33.94,15.88,309.32,-82.89,-168.59
52.38637,-1.503555,134.25,12.52,2,111.51,19 / 20,5123610,2019-09-06 20:45:29:353,0.2229,0.9452,11.0011,0.0493,-0.0272,9.8064,-0.134,0.1021,-0.0533,-22.94,-33.31,14.81,305.54,-82.8,-170.28
52.38637,-1.503555,134.25,12.52,2,111.51,19 / 20,5123710,2019-09-06 20:45:29:453,3.5974,-1.0838,9.1386,0.015,0.0002,9.8065,-0.1169,0.0608,0.0521,-22.5,-32.94,14.75,306.1,-82.84,-170.76
52.38637,-1.503555,134.25,12.52,2,111.51,19 / 20,5123810,2019-09-06 20:45:29:553,-4.5251,2.4246,8.175,-0.0098,0.0059,9.8066,-0.2452,-0.0028,0.0526,-23,-32.81,14.94,305.89,-82.74,-169.9
52.38637,-1.503555,134.25,12.52,2,111.51,19 / 20,5123910,2019-09-06 20:45:29:653,1.4232,-0.7878,8.0594,-0.0725,0.0233,9.8063,-0.0096,-0.0712,-0.0457,-23,-33.12,14.5,306.68,-82.54,-168.97
52.38637,-1.503555,134.25,12.52,2,111.51,19 / 20,5124009,2019-09-06 20:45:29:752,1.0969,1.1859,8.2632,-0.0596,0.0231,9.8064,-0.3089,-0.0606,0.0061,-23.31,-32.94,15.19,306.33,-82.44,-169.19
52.38637,-1.503555,134.25,12.52,2,111.51,19 / 20,5124109,2019-09-06 20:45:29:852,-3.2024,0.9205,9.2838,0.0314,-0.009,9.8066,0.3306,0.016,-0.0195,-22.87,-33.19,15.31,307.12,-82.58,-168.62
52.38637,-1.503555,134.25,12.52,2,111.51,19 / 20,5124210,2019-09-06 20:45:29:953,0.0585,-0.4478,9.2257,-0.0904,0.0551,9.806,0.1174,-0.0541,0.0074,-22.75,-32.94,15,307.91,-83.06,-168.39
52.38637,-1.503555,134.25,12.52,2,111.51,19 / 20,5124309,2019-09-06 20:45:30:052,-0.5532,-0.0523,9.6578,-0.0321,0.0248,9.8065,0.1087,0.0394,-0.0289,-22.81,-32.81,15.44,306.95,-82.98,-169.18
52.38637,-1.503555,134.25,12.52,2,111.51,19 / 20,5124410,2019-09-06 20:45:30:153,-0.3307,-0.7743,10.7331,0.0447,-0.019,9.8065,0.0655,0.0357,-0.0572,-23.06,-33,15,306.59,-83.13,-169.67
52.38637,-1.503555,134.25,12.52,2,111.51,19 / 20,5124509,2019-09-06 20:45:30:252,0.9367,-0.7646,11.0054,0.0142,-0.0011,9.8066,0.2174,0.0778,-0.0123,-22.37,-33.19,15.13,306.18,-82.97,-170.83
52.38637,-1.503555,134.25,12.52,2,111.51,19 / 20,5124609,2019-09-06 20:45:30:352,1.2611,-1.3475,11.061,-0.0076,0.0102,9.8066,-0.229,0.0951,-0.0667,-22.56,-33.06,15.75,306.07,-82.96,-171.82
52.38637,-1.503555,134.25,12.52,2,111.51,19 / 20,5124710,2019-09-06 20:45:30:453,-0.1794,0.1903,9.4132,0.048,-0.021,9.8064,-0.031,0.0298,0.0009,-22.94,-33.25,14.88,302.14,-82.71,-173.3
52.38637,-1.503555,134.25,12.52,2,111.51,19 / 20,5124809,2019-09-06 20:45:30:552,0.0486,-0.1522,9.5489,0.0139,-0.0049,9.8066,-0.1281,-0.003,-0.0096,-22.81,-32.69,15.56,304.43,-82.81,-173.16
52.38637,-1.503555,134.25,12.52,2,111.51,19 / 20,5124910,2019-09-06 20:45:30:653,0.5085,0.1367,9.2659,-0.0088,0.0099,9.8066,-0.081,0.0592,-0.0328,-23,-33.81,15.19,301.56,-83.02,-173.95
52.38637,-1.503555,134.25,12.52,2,111.51,19 / 20,5125010,2019-09-06 20:45:30:753,-1.3821,1.0631,9.9004,0.0142,0.0025,9.8066,0.08,-0.0502,-0.0182,-22.81,-33.44,14.94,301.13,-83.16,-174.72
52.38637,-1.503555,134.25,12.52,2,111.51,19 / 20,5125109,2019-09-06 20:45:30:852,0.0548,-0.4047,10.0896,-0.0318,0.0191,9.8065,0.0784,0.0482,-0.0035,-23.06,-32.94,14.38,299.56,-83.41,-174.54
52.38637,-1.503555,134.25,12.52,2,111.51,19 / 20,5125209,2019-09-06 20:45:30:952,-0.9514,0.141,9.8383,0.0007,0.012,9.8066,0.0933,-0.0094,-0.0151,-22.25,-32.75,14.63,300.98,-83.24,-175.92
52.38637,-1.503555,134.25,12.52,2,111.51,19 / 20,5125310,2019-09-06 20:45:31:053,-0.0735,0.164,9.5277,-0.0137,0.0081,9.8066,0.0376,-0.0089,-0.0515,-21.94,-33.31,14.5,301.31,-83.09,-175.43
52.38637,-1.503555,134.25,12.52,2,111.51,19 / 20,5125410,2019-09-06 20:45:31:153,-0.1792,0.5797,9.4221,-0.0014,0.0006,9.8066,0.0065,0.0149,0.037,-22,-33.06,14.56,300.79,-83.03,-175.84
52.38637,-1.503555,134.25,12.52,2,111.51,19 / 20,5125510,2019-09-06 20:45:31:253,0.1927,-0.1027,9.2858,-0.0332,0.0143,9.8066,0.0393,-0.0147,0.0999,-21.62,-33.44,14.38,299.09,-83.08,-175.51
52.38637,-1.503555,134.25,12.52,2,111.51,19 / 20,5125609,2019-09-06 20:45:31:352,-0.5195,0.417,9.7642,-0.0055,-0.0096,9.8066,-0.0145,0.0089,-0.0347,-21.75,-33.5,14.5,303.04,-83.36,-174.14
52.38637,-1.503555,134.25,12.52,2,111.51,19 / 20,5125709,2019-09-06 20:45:31:452,-0.0425,-0.0859,10.6844,-0.0087,-0.0032,9.8065,0.0963,0.0299,0.0109,-22.75,-33.06,14.06,301.08,-83.38,-173.09
52.38637,-1.503555,134.25,12.52,2,111.51,19 / 20,5125810,2019-09-06 20:45:31:553,0.0795,0.3178,10.1804,0.0094,0.0143,9.8065,-0.0244,0.0135,0.0562,-22.31,-33.19,13.69,300.59,-83.18,-174.22
52.38637,-1.503555,134.25,12.52,2,111.51,19 / 20,5125910,2019-09-06 20:45:31:653,0.0942,-0.3725,10.2165,0.0047,-0.0065,9.8065,-0.0017,0.0215,-0.0323,-22.37,-33.62,14.75,301.58,-82.85,-174.68
52.38637,-1.503555,134.25,12.52,2,111.51,19 / 20,5126009,2019-09-06 20:45:31:752,-0.6584,-0.1491,9.6125,-0.034,0.0228,9.8065,-0.1288,0.0051,-0.0656,-23.37,-33.5,14.63,300.83,-83.12,-174.96
52.38637,-1.503555,134.25,12.52,2,111.51,19 / 20,5126110,2019-09-06 20:45:31:853,0.6154,-0.5765,10.0522,0.0338,0.0051,9.8066,-0.1304,-0.0098,0.0461,-22.56,-33.31,14.44,299.09,-83.4,-174.97
52.38637,-1.503555,134.25,12.52,2,111.51,19 / 20,5126210,2019-09-06 20:45:31:953,-1.1383,0.8057,9.862,0.0274,-0.0114,9.8066,-0.0168,-0.054,-0.0222,-22.31,-32.94,13.88,298.7,-83.46,-176.31
52.38637,-1.503555,134.25,12.52,2,111.51,19 / 20,5126310,2019-09-06 20:45:32:053,-1.0429,1.2796,9.7304,0.0245,-0.007,9.8066,-0.0677,0.0167,-0.0317,-21.94,-33.56,14.19,297.6,-83.3,-176.92
52.386143,-1.50189,133.67,13.18,2,96.06,19 / 20,5126409,2019-09-06 20:45:32:152,-0.6868,0.7373,9.2115,0.0426,-0.0184,9.8065,0.0886,-0.0355,0.0762,-22.69,-33.25,14.19,296.87,-83.06,-176.65
52.386143,-1.50189,133.67,13.18,2,96.06,19 / 20,5126510,2019-09-06 20:45:32:253,-0.387,-0.6353,9.7195,-0.011,-0.0047,9.8065,-0.0819,0.005,-0.0114,-22.5,-33.25,14.31,298.89,-83.06,-175.67
52.386143,-1.50189,133.67,13.18,2,96.06,19 / 20,5126610,2019-09-06 20:45:32:353,-1.0842,-0.46,9.7397,-0.0014,0.0013,9.8066,0.0668,0.1061,-0.0515,-22.69,-32.75,14.44,298.2,-83.15,-175.51
52.386143,-1.50189,133.67,13.18,2,96.06,19 / 20,5126709,2019-09-06 20:45:32:452,-0.0844,0.1857,9.8007,-0.0107,0.0081,9.8066,0.0304,-0.0037,0.0525,-23.56,-33.31,14,297.02,-83.21,-175.85
52.386143,-1.50189,133.67,13.18,2,96.06,19 / 20,5126809,2019-09-06 20:45:32:552,0.2579,-0.9355,10.5424,-0.0036,-0.005,9.8066,-0.1132,-0.0005,-0.0113,-23.44,-33.25,14.06,298.78,-83.3,-175.15
52.386143,-1.50189,133.67,13.18,2,96.06,19 / 20,5126910,2019-09-06 20:45:32:653,-0.6097,0.2002,9.4579,0.0295,-0.0067,9.8065,-0.0608,-0.006,-0.0502,-23.19,-32.87,14.13,298.71,-83.31,-175.22
52.386143,-1.50189,133.67,13.18,2,96.06,19 / 20,5127010,2019-09-06 20:45:32:753,-0.1684,-0.3155,9.1943,0.0159,0.0059,9.8066,-0.1402,0.0274,-0.0206,-22.81,-33.12,14,297.91,-83.33,-175.99
52.386143,-1.50189,133.67,13.18,2,96.06,19 / 20,5127110,2019-09-06 20:45:32:853,-0.4998,0.4343,9.8451,0.0114,0.021,9.8065,-0.1173,-0.026,-0.0134,-22.94,-33.31,13.44,293.6,-83.49,-178.24
52.386143,-1.50189,133.67,13.18,2,96.06,19 / 20,5127210,2019-09-06 20:45:32:953,-0.3556,-0.0757,10.2431,-0.001,0.0114,9.8066,0.0479,-0.0264,-0.0112,-22.75,-33.75,13.63,294.01,-83.55,-179.7
52.386143,-1.50189,133.67,13.18,2,96.06,19 / 20,5127310,2019-09-06 20:45:33:053,0.4349,0.0108,9.5631,-0.0085,0.014,9.8066,0.0493,0.0212,-0.0535,-22.5,-33.37,14,294.04,-83.51,179.26
52.386143,-1.50189,133.67,13.18,2,96.06,19 / 20,5127410,2019-09-06 20:45:33:153,-0.8357,-0.4785,9.8231,0.0055,0.0053,9.8066,-0.0156,0.0017,-0.0502,-22.5,-33.75,14.56,294.33,-83.5,177.8
52.386143,-1.50189,133.67,13.18,2,96.06,19 / 20,5127509,2019-09-06 20:45:33:252,-0.4238,-0.0616,9.9083,-0.0094,0.018,9.8066,0.0003,0.0181,-0.044,-21.87,-33.62,13.81,290.41,-83.65,175.86
52.386143,-1.50189,133.67,13.18,2,96.06,19 / 20,5127610,2019-09-06 20:45:33:353,-0.0535,-0.3255,10.3648,-0.015,0.0228,9.8066,0.0294,0.0042,-0.0927,-21.5,-33.75,14.19,289.82,-83.69,174.29
52.386143,-1.50189,133.67,13.18,2,96.06,19 / 20,5127709,2019-09-06 20:45:33:452,-0.4063,-0.0244,10.3832,0.0165,0.019,9.8065,0.0728,0.057,-0.0349,-21.19,-34.31,15.13,288.47,-83.5,171.22
52.386143,-1.50189,133.67,13.18,2,96.06,19 / 20,5127810,2019-09-06 20:45:33:553,-0.3387,-0.491,9.9065,-0.0051,0.0138,9.8066,-0.0309,-0.0059,-0.071,-21.62,-34.37,13.94,283.43,-83.38,169.51
52.386143,-1.50189,133.67,13.18,2,96.06,19 / 20,5127910,2019-09-06 20:45:33:653,-0.3398,0.5673,9.0718,0.0309,0.0108,9.8065,-0.0504,0.0084,-0.0913,-20.75,-34.25,13.94,283.38,-83.44,168.44
52.386143,-1.50189,133.67,13.18,2,96.06,19 / 20,5128010,2019-09-06 20:45:33:753,-0.0341,0.9026,9.1649,0.0161,0.0167,9.8065,0.0063,-0.0217,0.0317,-21.31,-34.56,13.88,279.58,-83.44,165
52.386143,-1.50189,133.67,13.18,2,96.06,19 / 20,5128109,2019-09-06 20:45:33:852,0.8166,0.0408,9.948,-0.0015,0.0094,9.8066,-0.0735,0.0523,-0.0511,-21.75,-34.31,13.69,277,-83.67,162.82
52.386143,-1.50189,133.67,13.18,2,96.06,19 / 20,5128209,2019-09-06 20:45:33:952,-1.2058,-0.7601,10.4832,0.0354,-0.0107,9.8065,0.0636,0.0428,0.0605,-20.94,-34.69,13.44,275.03,-83.69,162.28
52.386143,-1.50189,133.67,13.18,2,96.06,19 / 20,5128309,2019-09-06 20:45:34:052,0.5146,0.4885,10.8253,0.0407,-0.044,9.8064,0.0611,0.1499,-0.024,-20.94,-34.44,13.75,279.43,-83.35,164.72
52.386143,-1.50189,133.67,13.18,2,96.06,19 / 20,5128410,2019-09-06 20:45:34:153,0.0928,0.199,10.7341,0.0301,-0.0189,9.8066,-0.1152,0.0863,-0.0019,-21.75,-34.44,14.38,279.14,-83.06,165.75
52.386143,-1.50189,133.67,13.18,2,96.06,19 / 20,5128509,2019-09-06 20:45:34:252,-0.7844,0.692,10.4836,0.0382,-0.0421,9.8064,-0.0523,0.1243,-0.0061,-21,-33.75,13.75,280.94,-83.01,166.65
52.386143,-1.50189,133.67,13.18,2,96.06,19 / 20,5128610,2019-09-06 20:45:34:353,-1.3382,0.291,9.9877,-0.0298,0.0196,9.8065,0.0361,0.0543,-0.0351,-20.94,-34.25,13.13,279.78,-83.12,167.51
52.386143,-1.50189,133.67,13.18,2,96.06,19 / 20,5128709,2019-09-06 20:45:34:452,0.5555,1.3889,10.3882,0.0478,0.0117,9.8064,-0.0515,0.047,-0.0686,-21.5,-34.69,13.19,276.36,-83.19,164.33
52.386143,-1.50189,133.67,13.18,2,96.06,19 / 20,5128809,2019-09-06 20:45:34:552,-1.7228,2.0197,9.0263,0.0299,-0.0005,9.8065,-0.1003,0.0453,-0.039,-20.87,-34.56,12.56,275,-83.33,162.78
52.386143,-1.50189,133.67,13.18,2,96.06,19 / 20,5128910,2019-09-06 20:45:34:653,0.8828,0.35,9.9292,0.0042,0.0049,9.8066,0.0077,0.0139,0.0318,-21.56,-34.31,13.06,274.99,-83.32,163.37
52.386143,-1.50189,133.67,13.18,2,96.06,19 / 20,5129010,2019-09-06 20:45:34:753,0.7114,-0.0282,9.8961,-0.0015,0.0063,9.8066,0.0321,0.0419,-0.0275,-22.12,-34,11.94,272.82,-83.39,163.26
52.386143,-1.50189,133.67,13.18,2,96.06,19 / 20,5129109,2019-09-06 20:45:34:852,0.2714,0.7792,10.506,-0.0167,0.01,9.8066,0.1292,0.0334,-0.0086,-21.81,-34.19,12.56,275,-83.33,163.36
52.386143,-1.50189,133.67,13.18,2,96.06,19 / 20,5129209,2019-09-06 20:45:34:952,-0.4039,2.2166,9.8031,-0.0455,0.0145,9.8065,0.0103,-0.0365,0.022,-22.25,-33.87,13.38,275.24,-83.52,163.34
52.386143,-1.50189,133.67,13.18,2,96.06,19 / 20,5129309,2019-09-06 20:45:35:052,1.3365,0.7732,9.997,0.0023,-0.0036,9.8066,0.013,0.0676,0.0111,-21.56,-33.62,13.13,275.3,-83.41,163.57
52.386143,-1.50189,133.67,13.18,2,96.06,19 / 20,5129410,2019-09-06 20:45:35:153,-1.954,1.8058,10.2461,-0.0048,-0.0044,9.8066,0.0766,0.046,-0.0166,-21.5,-33.69,12.44,274.69,-83.49,164.18
52.386143,-1.50189,133.67,13.18,2,96.06,19 / 20,5129509,2019-09-06 20:45:35:252,-1.3522,0.8206,10.2268,-0.0104,-0.0005,9.8066,0.103,0.0494,0.069,-21.19,-33.5,12.19,275.81,-83.47,165.04
52.386143,-1.50189,133.67,13.18,2,96.06,19 / 20,5129610,2019-09-06 20:45:35:353,-0.828,0.605,10.6888,-0.0322,-0.0125,9.8066,0.1049,0.0764,-0.0068,-22.06,-34.31,13,278.97,-83.43,167.15
52.386143,-1.50189,133.67,13.18,2,96.06,19 / 20,5129710,2019-09-06 20:45:35:453,-2.0628,1.4441,9.8264,0.0483,-0.0161,9.8064,-0.1832,0.0329,0.0402,-21.69,-34.19,12.56,279.55,-83.14,168.12
52.386143,-1.50189,133.67,13.18,2,96.06,19 / 20,5129810,2019-09-06 20:45:35:553,-1.9545,0.1943,9.9321,-0.0036,-0.0117,9.8065,0.0724,0.0574,-0.0886,-21.5,-34.94,11.69,278.3,-83.3,168.29
52.386143,-1.50189,133.67,13.18,2,96.06,19 / 20,5129910,2019-09-06 20:45:35:653,0.1472,-0.3535,10.9734,0.0088,-0.0056,9.8065,0.231,-0.0802,0.1473,-22.44,-35.44,11.25,274.78,-83.57,167.44
52.386143,-1.50189,133.67,13.18,2,96.06,19 / 20,5130009,2019-09-06 20:45:35:752,-1.4105,3.1195,7.9837,0.1374,-0.0217,9.8056,-0.7908,-0.0131,-0.0676,-21.87,-35.62,11.38,275.32,-83.3,168.64
52.386143,-1.50189,133.67,13.18,2,96.06,19 / 20,5130110,2019-09-06 20:45:35:853,-1.983,0.2235,9.4488,0.1914,-0.0649,9.8045,-0.6033,-0.0501,0.2067,-21.94,-34.62,12.13,276.84,-83.26,167.71
52.386143,-1.50189,133.67,13.18,2,96.06,19 / 20,5130210,2019-09-06 20:45:35:953,-0.5052,-1.2027,10.1713,-0.0364,-0.0006,9.8065,0.2729,0.2322,-0.1227,-22.06,-34.37,11.56,278.88,-83.56,169.03
52.386143,-1.50189,133.67,13.18,2,96.06,19 / 20,5130309,2019-09-06 20:45:36:052,-1.355,1.0852,10.1696,-0.0198,-0.0125,9.8066,0.0619,0.1323,-0.0574,-22.5,-33.87,11.88,279.53,-83.45,169.82
52.386143,-1.50189,133.67,13.18,2,96.06,19 / 20,5130409,2019-09-06 20:45:36:152,-0.3895,2.8773,9.7488,-0.0149,0.014,9.8066,-0.1179,-0.0872,0.1408,-21.75,-33.37,11.63,279.65,-83.5,169.61
52.386143,-1.50189,133.67,13.18,2,96.06,19 / 20,5130510,2019-09-06 20:45:36:253,0.473,-0.768,9.34,0.0183,-0.0099,9.8065,-0.214,0.1202,0.0305,-22.56,-32.69,10.19,276.54,-83.43,171.74
52.386143,-1.50189,133.67,13.18,2,96.06,19 / 20,5130610,2019-09-06 20:45:36:353,-2.9568,0.4064,10.0846,0.0564,-0.0369,9.8063,0.2414,0.2302,-0.1102,-22.5,-33.44,10.44,278.4,-83.41,172.99
52.386143,-1.50189,133.67,13.18,2,96.06,19 / 20,5130710,2019-09-06 20:45:36:453,-1.4859,0.7918,9.348,-0.0627,0.0167,9.8064,0.1059,0.0057,0.0657,-22.37,-33.81,10.31,277.8,-83.36,172.74
52.386143,-1.50189,133.67,13.18,2,96.06,19 / 20,5130809,2019-09-06 20:45:36:552,-1.6046,1.0836,10.5927,-0.0754,-0.0021,9.8063,0.0008,-0.0348,0.0067,-22.44,-34.75,9.63,279.51,-83.94,173.84
52.386143,-1.50189,133.67,13.18,2,96.06,19 / 20,5130909,2019-09-06 20:45:36:652,0.3519,2.2003,10.1825,0.0316,-0.0104,9.8066,0.1615,0.167,-0.0718,-22.56,-35.12,10.31,279.58,-83.65,174.94
52.386143,-1.50189,133.67,13.18,2,96.06,19 / 20,5131009,2019-09-06 20:45:36:752,-1.7625,-0.0917,9.8756,-0.0083,-0.0015,9.8065,-0.2735,0.1358,-0.0456,-22.44,-34.87,10.38,279.79,-83.81,174.31
52.386143,-1.50189,133.67,13.18,2,96.06,19 / 20,5131110,2019-09-06 20:45:36:853,-0.8692,1.3436,10.5842,0.0554,-0.0099,9.8065,-0.1761,0.0315,0.0607,-22.44,-34.75,9.69,279.97,-83.59,174.8
52.386143,-1.50189,133.67,13.18,2,96.06,19 / 20,5131210,2019-09-06 20:45:36:953,-2.5988,0.5496,9.6159,0.0715,-0.027,9.8063,-0.0227,0.0672,-0.0191,-22.25,-34.62,9.25,278.92,-83.54,176.2
52.386143,-1.50189,133.67,13.18,2,96.06,19 / 20,5131310,2019-09-06 20:45:37:053,-1.8084,0.3831,9.6708,-0.0155,-0.0079,9.8066,-0.0663,0.0772,0.1018,-23,-34.31,9.88,280.91,-83.49,176.22
52.386143,-1.50189,133.67,13.18,2,96.06,19 / 20,5131410,2019-09-06 20:45:37:153,-1.5713,0.1588,9.3421,0.0007,-0.0236,9.8065,0.0539,0.0979,-0.0424,-22.75,-34.31,9.63,283.47,-83.43,178.79
52.386143,-1.50189,133.67,13.18,2,96.06,19 / 20,5131509,2019-09-06 20:45:37:252,-1.4019,-0.0465,10.1892,-0.0162,-0.0004,9.8066,0.0523,0.0282,0.1121,-23.56,-35.19,9.88,284.4,-83.46,-179.53
52.386143,-1.50189,133.67,13.18,2,96.06,19 / 20,5131610,2019-09-06 20:45:37:353,-1.8723,0.3769,10.3386,0.0097,-0.0294,9.8065,-0.1076,0.1012,-0.029,-23.19,-34.25,9.94,287.56,-83.51,-177.38
52.386143,-1.50189,133.67,13.18,2,96.06,19 / 20,5131709,2019-09-06 20:45:37:452,-1.1307,-0.0002,9.8302,0.0321,-0.0196,9.8066,0.0039,0.0496,0.0948,-23.56,-34.37,9.81,289.45,-83.63,-175.16
52.386143,-1.50189,133.67,13.18,2,96.06,19 / 20,5131810,2019-09-06 20:45:37:553,-1.0376,0.324,9.7807,0.0208,-0.0199,9.8066,-0.0885,0.0408,0.0111,-22.69,-33.81,8.88,289.75,-83.45,-172.94
52.386143,-1.50189,133.67,13.18,2,96.06,19 / 20,5131910,2019-09-06 20:45:37:653,-2.3546,0.6774,9.5571,0.0024,-0.0152,9.8066,-0.0858,0.0992,-0.0104,-23.25,-33.81,9.25,291.6,-83.4,-171.13
52.386143,-1.50189,133.67,13.18,2,96.06,19 / 20,5132010,2019-09-06 20:45:37:753,-2.184,0.6889,9.8268,-0.0055,0.0021,9.8066,0.0648,0.024,-0.012,-23.62,-34,9.25,291.52,-83.51,-170.85
52.386143,-1.50189,133.67,13.18,2,96.06,19 / 20,5132110,2019-09-06 20:45:37:853,-1.2656,-0.3937,9.9119,-0.016,0.0112,9.8066,0.0377,-0.0911,0.0628,-23.69,-34.06,8.25,289.85,-83.66,-170.41
52.386143,-1.50189,133.67,13.18,2,96.06,19 / 20,5132210,2019-09-06 20:45:37:953,-1.9448,-0.2831,10.077,0.0114,-0.0142,9.8066,0.049,-0.0213,0.0765,-23.56,-34.56,9.06,292.8,-83.6,-169.53
52.386143,-1.50189,133.67,13.18,2,96.06,19 / 20,5132310,2019-09-06 20:45:38:053,-1.6845,0.2904,9.7654,0.009,-0.016,9.8066,0.0324,0.0314,-0.0346,-23.5,-33.81,8.44,291.42,-83.61,-169.27
52.386143,-1.50189,133.67,13.18,2,96.06,19 / 20,5132410,2019-09-06 20:45:38:153,-2.0442,-0.2813,9.8211,0.002,0.0022,9.8066,-0.0084,0.0282,0.0162,-23.75,-33.5,8.69,293.68,-83.51,-169.03
52.386143,-1.50189,133.67,13.18,2,96.06,19 / 20,5132509,2019-09-06 20:45:38:252,-1.8231,0.552,10.0148,-0.0032,0.0053,9.8066,0.0373,-0.0222,-0.0278,-23.75,-34,8.81,293.21,-83.53,-169.27
52.386143,-1.50189,133.67,13.18,2,96.06,19 / 20,5132609,2019-09-06 20:45:38:352,-1.9526,0.1315,9.8159,-0.026,0.0125,9.8066,-0.0103,0.0068,0.023,-23.31,-34.06,9.25,293.43,-83.63,-169.71
52.386143,-1.50189,133.67,13.18,2,96.06,19 / 20,5132709,2019-09-06 20:45:38:452,-1.2367,0.356,9.9618,0.0034,-0.0075,9.8066,-0.0157,0.0428,-0.007,-24,-34.06,8.75,293.55,-83.56,-168.98
52.386143,-1.50189,133.67,13.18,2,96.06,19 / 20,5132809,2019-09-06 20:45:38:552,-0.7624,-0.5078,9.8417,0.0016,-0.0054,9.8066,-0.0194,0.0307,-0.0258,-23.06,-34.12,8.44,292.27,-83.61,-168.46
52.386143,-1.50189,133.67,13.18,2,96.06,19 / 20,5132909,2019-09-06 20:45:38:652,-1.4722,-0.9045,9.8342,-0.0033,0.0032,9.8066,-0.0401,-0.0596,0.048,-23,-34.37,8.94,295.3,-83.56,-167.85
52.386143,-1.50189,133.67,13.18,2,96.06,19 / 20,5133009,2019-09-06 20:45:38:752,-0.9682,0.011,9.8825,-0.0049,0.003,9.8066,-0.0481,0.0251,-0.0204,-23.44,-34.44,8.38,292.83,-83.65,-168
52.386143,-1.50189,133.67,13.18,2,96.06,19 / 20,5133110,2019-09-06 20:45:38:853,0.0026,-0.1321,9.741,-0.0242,0.0042,9.8065,0.1231,-0.0122,0.0234,-23.5,-34.44,8.19,293.6,-83.82,-167.51
52.386143,-1.50189,133.67,13.18,2,96.06,19 / 20,5133209,2019-09-06 20:45:38:952,-0.0329,0.2115,9.948,-0.025,-0.0023,9.8066,-0.0413,-0.0399,0.0596,-23.62,-34.56,8.25,293.83,-83.88,-166.69
52.386143,-1.50189,133.67,13.18,2,96.06,19 / 20,5133309,2019-09-06 20:45:39:052,-0.0224,-0.8027,10.4882,0.0085,-0.0106,9.8066,-0.0507,-0.0043,0.0013,-24,-34.62,8.06,296.05,-83.84,-164.55
52.386143,-1.50189,133.67,13.18,2,96.06,19 / 20,5133409,2019-09-06 20:45:39:152,-0.5246,-0.7145,9.7487,0.0065,0.0087,9.8066,-0.0085,0.0611,-0.0237,-24.06,-35.37,7.38,293.69,-83.95,-164.65
52.386143,-1.50189,133.67,13.18,2,96.06,19 / 20,5133510,2019-09-06 20:45:39:253,-0.5947,0.1673,9.5596,-0.0066,0.0079,9.8066,0.0357,-0.0335,0.0189,-24.56,-36.06,7.88,295.14,-84.02,-165.02
52.386143,-1.50189,133.67,13.18,2,96.06,19 / 20,5133610,2019-09-06 20:45:39:353,-0.0448,-0.615,9.6156,0.0142,-0.0024,9.8066,0.0367,-0.039,0.0478,-25.06,-37.19,8.38,294.42,-84,-165.46
52.386143,-1.50189,133.67,13.18,2,96.06,19 / 20,5133710,2019-09-06 20:45:39:453,0.4889,-0.504,10.0929,0.0055,-0.0138,9.8066,0.0267,0.0328,0.006,-24.87,-36.75,9.06,297.17,-83.84,-164.82
52.386143,-1.50189,133.67,13.18,2,96.06,19 / 20,5133810,2019-09-06 20:45:39:553,0.6404,-1.2679,9.7695,-0.0007,-0.0041,9.8066,-0.015,0.0403,-0.0128,-25.06,-35.69,9.88,300.2,-83.83,-164.28
52.386143,-1.50189,133.67,13.18,2,96.06,19 / 20,5133910,2019-09-06 20:45:39:653,-0.5849,-1.4539,10.426,-0.0125,-0.0021,9.8066,-0.0202,-0.0819,0.0499,-24.94,-35.37,10.63,303.46,-83.87,-163.55
52.386143,-1.50189,133.67,13.18,2,96.06,19 / 20,5134010,2019-09-06 20:45:39:753,-0.0651,-0.8982,9.9191,0.0026,0.0025,9.8066,0.0733,-0.1014,0.0069,-24.5,-34.31,10.5,305.41,-83.94,-162.67
52.386143,-1.50189,133.67,13.18,2,96.06,19 / 20,5134109,2019-09-06 20:45:39:852,0.5653,-1.4108,9.7784,-0.0004,-0.0001,9.8066,0.0283,-0.0662,0.0179,-24.19,-33.62,10.31,302.57,-83.9,-163.16
52.386143,-1.50189,133.67,13.18,2,96.06,19 / 20,5134210,2019-09-06 20:45:39:953,-0.1775,-1.2023,9.8638,-0.0022,-0.0049,9.8065,-0.0822,-0.0883,-0.0362,-25.31,-34.87,9.69,301.95,-83.84,-162.88
52.386143,-1.50189,133.67,13.18,2,96.06,19 / 20,5134309,2019-09-06 20:45:40:052,1.0651,-1.9092,9.6452,0.0224,0.0023,9.8066,-0.0283,-0.1465,0.0599,-25.37,-36,9.63,300.26,-83.62,-163.98
52.386143,-1.50189,133.67,13.18,2,96.06,19 / 20,5134409,2019-09-06 20:45:40:152,-0.078,-1.2562,9.6185,0.0207,-0.0102,9.8065,0.0932,-0.1201,-0.0029,-24.87,-35.62,10.56,302.42,-83.49,-163.88
52.386143,-1.50189,133.67,13.18,2,96.06,19 / 20,5134510,2019-09-06 20:45:40:253,0.0836,-1.3044,9.7646,-0.0228,0.0101,9.8066,0.0602,-0.1569,0.0288,-26,-35.75,11.81,303.64,-83.46,-164.08
52.386143,-1.50189,133.67,13.18,2,96.06,19 / 20,5134609,2019-09-06 20:45:40:352,1.7683,-1.6873,9.8059,-0.0143,-0.0014,9.8066,-0.0051,-0.1381,0.0374,-24.31,-34.94,11.94,306.12,-83.58,-163.49
52.386143,-1.50189,133.67,13.18,2,96.06,19 / 20,5134710,2019-09-06 20:45:40:453,-0.2241,-0.9196,10.0629,-0.0024,0.0029,9.8066,0.0652,-0.1205,0.0172,-24.44,-34.81,11.94,305.86,-83.63,-163.78
52.386143,-1.50189,133.67,13.18,2,96.06,19 / 20,5134809,2019-09-06 20:45:40:552,0.8022,-0.7785,9.6985,-0.0086,0.0064,9.8066,-0.0794,-0.1494,0.0135,-25.12,-35.06,12.94,306.98,-83.61,-163.95
52.386143,-1.50189,133.67,13.18,2,96.06,19 / 20,5134910,2019-09-06 20:45:40:653,1.8271,-1.8125,9.8113,0.0377,-0.0067,9.8065,-0.0502,-0.1198,-0.0181,-24.69,-34.94,12.75,305.2,-83.42,-165.38
52.386143,-1.50189,133.67,13.18,2,96.06,19 / 20,5135009,2019-09-06 20:45:40:752,0.667,-0.8073,9.7786,0.0225,-0.002,9.8066,0.038,-0.1393,-0.004,-24.12,-34.37,13.19,305.23,-83.44,-166.33
52.386143,-1.50189,133.67,13.18,2,96.06,19 / 20,5135110,2019-09-06 20:45:40:853,-0.3879,0.4855,9.7268,0.0241,0.0154,9.8065,-0.0287,-0.0324,-0.0596,-24.31,-34.56,13.5,305.36,-83.43,-167.94
52.386143,-1.50189,133.67,13.18,2,96.06,19 / 20,5135209,2019-09-06 20:45:40:952,2.0148,0.1869,9.7018,0.0266,0.007,9.8066,0.0574,-0.0856,0.0206,-23.81,-33.87,13.31,299.79,-83.34,-171.25
52.386143,-1.50189,133.67,13.18,2,96.06,19 / 20,5135309,2019-09-06 20:45:41:052,1.032,-0.1381,9.7748,-0.0041,0.0035,9.8066,-0.0234,0.0459,-0.0871,-23.75,-33.75,13.31,299.2,-83.45,-171.92
52.38616,-1.500611,132.9,7.2,3,86.25,19 / 20,5135410,2019-09-06 20:45:41:153,-0.1447,-1.1043,10.3334,0.0122,0.0039,9.8065,0.0072,-0.0003,0.0097,-24.06,-33.69,12.94,298.89,-83.43,-172.19
52.38616,-1.500611,132.9,7.2,3,86.25,19 / 20,5135509,2019-09-06 20:45:41:252,1.3574,-0.0789,9.5481,0.029,0.0105,9.8065,0.0722,0.0128,0.0126,-23.12,-33.25,12.31,294.84,-83.38,-174.88
52.38616,-1.500611,132.9,7.2,3,86.25,19 / 20,5135610,2019-09-06 20:45:41:353,1.8307,0.1036,10.4206,-0.0131,0.019,9.8066,0.0965,0.0495,-0.078,-23.25,-33.62,12.25,292.82,-83.48,-176.67
52.38616,-1.500611,132.9,7.2,3,86.25,19 / 20,5135710,2019-09-06 20:45:41:453,-0.076,0.0639,9.3981,-0.0164,0.0199,9.8066,-0.0463,0.0909,-0.0293,-23,-33.87,12.13,291.38,-83.45,-178.01
52.38616,-1.500611,132.9,7.2,3,86.25,19 / 20,5135810,2019-09-06 20:45:41:553,2.6502,0.3465,9.1076,0.0131,0.0149,9.8065,-0.1033,0.0123,-0.0348,-23.56,-33.56,12,288.96,-83.48,-179.62
52.38616,-1.500611,132.9,7.2,3,86.25,19 / 20,5135910,2019-09-06 20:45:41:653,2.6126,-0.3849,9.1735,-0.0022,0.028,9.8065,-0.077,0.0388,-0.0463,-24.06,-34.06,10.63,284.64,-83.45,178.33
52.38616,-1.500611,132.9,7.2,3,86.25,19 / 20,5136009,2019-09-06 20:45:41:752,1.8628,0.3526,9.5883,-0.0099,0.0167,9.8066,-0.1192,0.1374,-0.0211,-23.81,-34.12,10.94,281.44,-83.7,174.9
52.38616,-1.500611,132.9,7.2,3,86.25,19 / 20,5136110,2019-09-06 20:45:41:853,1.9292,-0.2464,10.1306,-0.0181,0.0236,9.8066,0.0152,0.2165,-0.1156,-24.5,-33.81,10.25,277.56,-83.9,172.94
52.38616,-1.500611,132.9,7.2,3,86.25,19 / 20,5136209,2019-09-06 20:45:41:952,-0.1631,0.9594,10.2393,0.0002,0.0142,9.8066,0.0155,0.1438,-0.0244,-23.87,-33.87,10.56,276.61,-84.09,169.64
52.38616,-1.500611,132.9,7.2,3,86.25,19 / 20,5136310,2019-09-06 20:45:42:053,2.9219,0.1349,9.7548,0.0081,0.0145,9.8065,-0.0635,0.1572,-0.0752,-24.25,-33.5,11.25,275.31,-84.01,168.21
52.38616,-1.500611,132.9,7.2,3,86.25,19 / 20,5136410,2019-09-06 20:45:42:153,2.0705,-0.1492,9.6724,0.0372,0.0121,9.8066,-0.023,0.208,-0.0141,-23.37,-33,11.88,276.56,-83.7,167.07
52.38616,-1.500611,132.9,7.2,3,86.25,19 / 20,5136509,2019-09-06 20:45:42:252,2.266,1.025,10.1913,-0.0026,0.004,9.8066,0.0442,0.209,-0.055,-21.5,-32.31,11.5,277.87,-83.57,166.66
52.38616,-1.500611,132.9,7.2,3,86.25,19 / 20,5136610,2019-09-06 20:45:42:353,2.2228,-1.2554,10.407,-0.0477,0.0021,9.8065,0.0578,0.1095,0.0283,-20.81,-32.94,10.88,276,-83.8,167.04
52.38616,-1.500611,132.9,7.2,3,86.25,19 / 20,5136709,2019-09-06 20:45:42:452,1.6995,0.8148,9.7372,0.096,-0.036,9.806,-0.2615,0.1296,0.0234,-20.06,-32.94,9.31,271.17,-84.27,165.63
52.38616,-1.500611,132.9,7.2,3,86.25,19 / 20,5136810,2019-09-06 20:45:42:553,-0.8317,-0.3469,10.4252,-0.0338,0.0085,9.8065,-0.1294,0.1021,-0.0527,-20.06,-33.25,8.19,269.45,-83.91,167.06
52.38616,-1.500611,132.9,7.2,3,86.25,19 / 20,5136910,2019-09-06 20:45:42:653,2.208,1.0142,9.2805,-0.0061,-0.0006,9.8066,-0.0161,0.2695,0.0235,-20.37,-33.37,8.44,269.07,-83.85,166.76
52.38616,-1.500611,132.9,7.2,3,86.25,19 / 20,5137009,2019-09-06 20:45:42:752,1.6311,2.2091,9.9186,0.0195,-0.023,9.8065,-0.0493,0.1775,-0.0396,-20.25,-34.12,7.5,269.46,-83.65,167.76
52.38616,-1.500611,132.9,7.2,3,86.25,19 / 20,5137109,2019-09-06 20:45:42:852,2.16,-1.6863,10.6108,0.0187,-0.0091,9.8066,-0.016,-0.0538,0.0405,-21.06,-34.25,7.56,269.01,-83.51,168.07
52.38616,-1.500611,132.9,7.2,3,86.25,19 / 20,5137209,2019-09-06 20:45:42:952,0.503,1.5675,9.9433,0.0161,0.0137,9.8066,-0.0696,0.1977,-0.1008,-21.25,-34.62,7.44,264.42,-83.57,166.17
52.38616,-1.500611,132.9,7.2,3,86.25,19 / 20,5137309,2019-09-06 20:45:43:052,1.5745,-0.0241,8.9568,0.0228,0.0061,9.8066,-0.0495,0.1444,-0.0658,-21.56,-34.5,7.13,263.63,-83.72,165.21
52.38616,-1.500611,132.9,7.2,3,86.25,19 / 20,5137409,2019-09-06 20:45:43:152,1.3464,0.613,10.0732,0.036,-0.0201,9.8065,0.0525,0.1901,-0.0737,-21.12,-35.06,7.13,263.99,-83.54,165.77
52.38616,-1.500611,132.9,7.2,3,86.25,19 / 20,5137510,2019-09-06 20:45:43:253,0.5978,0.4171,10.1177,-0.0117,-0.0002,9.8065,0.0066,0.1294,0.0168,-21.37,-35.12,6.81,264.33,-83.73,165.81
52.38616,-1.500611,132.9,7.2,3,86.25,19 / 20,5137609,2019-09-06 20:45:43:352,1.5791,0.482,10.2574,-0.0107,-0.0097,9.8066,0.0717,0.0921,0.0265,-21.37,-34.56,6.75,264.89,-83.7,166.44
52.38616,-1.500611,132.9,7.2,3,86.25,19 / 20,5137710,2019-09-06 20:45:43:453,1.1633,0.2223,9.8218,0.0042,-0.0184,9.8065,0.0987,0.0411,0.0202,-21.37,-35.19,6.63,266.65,-83.63,168.35
52.38616,-1.500611,132.9,7.2,3,86.25,19 / 20,5137809,2019-09-06 20:45:43:552,1.1428,-0.4806,9.8761,-0.0168,-0.0102,9.8066,-0.1623,-0.0003,0.1053,-21.12,-35.25,6.19,265.71,-83.63,170.03
52.38616,-1.500611,132.9,7.2,3,86.25,19 / 20,5137910,2019-09-06 20:45:43:653,1.9008,0.0271,10.3363,0.0155,-0.0188,9.8066,0.0224,0.0932,-0.0202,-21.69,-34.56,6.75,268.67,-83.62,170.77
52.38616,-1.500611,132.9,7.2,3,86.25,19 / 20,5138010,2019-09-06 20:45:43:753,1.394,0.8088,9.778,-0.0272,0.0013,9.8066,0.1069,0.0518,0.0637,-22,-35.31,5.63,267.95,-83.4,172.9
52.38616,-1.500611,132.9,7.2,3,86.25,19 / 20,5138109,2019-09-06 20:45:43:852,1.0865,-0.933,9.5456,-0.0177,-0.0173,9.8066,0.0961,0.0044,0.014,-22.12,-35.69,6,268.9,-83.47,174.04
52.38616,-1.500611,132.9,7.2,3,86.25,19 / 20,5138210,2019-09-06 20:45:43:953,1.7853,0.5089,9.4604,-0.0172,-0.0036,9.8066,-0.0282,0.0278,0.0672,-22,-34.87,6.44,270.6,-83.45,175.51
52.38616,-1.500611,132.9,7.2,3,86.25,19 / 20,5138310,2019-09-06 20:45:44:053,1.7689,0.057,9.9662,-0.013,-0.0094,9.8066,0.0269,0.1265,-0.0486,-22.56,-35.37,5.88,271.21,-83.78,175.83
52.38616,-1.500611,132.9,7.2,3,86.25,19 / 20,5138410,2019-09-06 20:45:44:153,0.7737,0.5112,10.0743,-0.0402,-0.0014,9.8065,0.1766,-0.0247,-0.0201,-22.31,-35.62,5.44,267.51,-83.75,174.74
52.38616,-1.500611,132.9,7.2,3,86.25,19 / 20,5138509,2019-09-06 20:45:44:252,0.14,-0.9335,10.0271,-0.008,-0.0038,9.8066,0.1228,-0.0241,-0.0465,-22.44,-34.81,5.31,268.26,-83.75,175.23
52.38616,-1.500611,132.9,7.2,3,86.25,19 / 20,5138610,2019-09-06 20:45:44:353,1.9466,0.7673,10.2416,-0.0057,-0.0012,9.8066,-0.0202,0.0241,0.1212,-21.75,-34.37,6.19,270.77,-83.53,175.26
52.38616,-1.500611,132.9,7.2,3,86.25,19 / 20,5138710,2019-09-06 20:45:44:453,3.3261,-1.2313,11.2514,0.0556,-0.0308,9.8064,-0.0305,-0.005,-0.0124,-21.56,-34.37,6.63,274.65,-83.12,177.24
52.38616,-1.500611,132.9,7.2,3,86.25,19 / 20,5138809,2019-09-06 20:45:44:552,0.7923,0.2082,9.2765,-0.0519,0.0147,9.8064,-0.1972,-0.0858,0.0742,-21.37,-34.44,6.5,275.91,-83.55,177.46
52.38616,-1.500611,132.9,7.2,3,86.25,19 / 20,5138909,2019-09-06 20:45:44:652,2.0362,-1.0555,9.2284,0.0051,-0.0019,9.8066,-0.0996,0.0347,0.0469,-21.94,-34.94,5.81,273.38,-83.56,178.1
52.38616,-1.500611,132.9,7.2,3,86.25,19 / 20,5139010,2019-09-06 20:45:44:753,0.669,-0.9444,9.3011,0.0554,-0.0165,9.8064,0.2854,0.039,-0.0834,-22.44,-35.37,5.13,271.79,-83.48,179.2
52.38616,-1.500611,132.9,7.2,3,86.25,19 / 20,5139110,2019-09-06 20:45:44:853,0.8138,0.0677,9.9373,-0.0658,0.0179,9.8063,0.2184,-0.1289,0.0817,-21.75,-35,5.88,273.52,-83.38,178.54
52.38616,-1.500611,132.9,7.2,3,86.25,19 / 20,5139210,2019-09-06 20:45:44:953,0.6204,0.2597,9.5626,-0.0285,0.0014,9.8065,0.1254,-0.0121,0.0003,-22.12,-34.56,6,274.15,-83.5,178.96
52.38616,-1.500611,132.9,7.2,3,86.25,19 / 20,5139309,2019-09-06 20:45:45:052,1.6014,-0.5,10.0951,-0.0096,-0.0084,9.8065,0.0757,0.0075,0.0151,-21.62,-34.69,6.44,274.54,-83.52,179.33
52.38616,-1.500611,132.9,7.2,3,86.25,19 / 20,5139410,2019-09-06 20:45:45:153,1.1679,-0.5067,9.3604,-0.0312,0,9.8065,-0.0867,0.0786,-0.0231,-22.25,-34.69,6.44,275.24,-83.67,179.78
52.38616,-1.500611,132.9,7.2,3,86.25,19 / 20,5139509,2019-09-06 20:45:45:252,1.8434,-1.2183,8.9916,-0.0003,-0.0054,9.8066,0.0416,-0.0695,0.0774,-21.87,-34.87,6.06,275.17,-83.64,179.75
52.38616,-1.500611,132.9,7.2,3,86.25,19 / 20,5139610,2019-09-06 20:45:45:353,1.2734,-0.241,10.2694,0.0213,-0.0203,9.8066,-0.0306,-0.0348,0.0734,-21.87,-35.25,6.25,277.14,-83.62,-178.27
52.38616,-1.500611,132.9,7.2,3,86.25,19 / 20,5139710,2019-09-06 20:45:45:453,0.2961,-0.3556,10.8047,0,-0.0091,9.8066,0.0866,-0.0118,-0.044,-22.87,-34.81,5.25,275.03,-83.64,-177.7
52.38616,-1.500611,132.9,7.2,3,86.25,19 / 20,5139810,2019-09-06 20:45:45:553,2.4352,0.1555,10.4049,-0.0152,0.0002,9.8066,-0.0023,-0.0613,0.0781,-22.37,-35.25,5.63,277.95,-83.55,-177.37
52.38616,-1.500611,132.9,7.2,3,86.25,19 / 20,5139910,2019-09-06 20:45:45:653,0.6628,-0.5161,10.3814,0.0344,-0.0049,9.8066,0.0074,-0.0465,-0.0817,-22.25,-35.12,5.88,277.39,-83.3,-177.51
52.38616,-1.500611,132.9,7.2,3,86.25,19 / 20,5140009,2019-09-06 20:45:45:752,0.151,-1.5794,10.797,0.0275,0.0144,9.8065,0.1439,0.0862,0.0334,-21.94,-34.56,6.25,276.18,-83.17,-178.51
52.38616,-1.500611,132.9,7.2,3,86.25,19 / 20,5140111,2019-09-06 20:45:45:854,2.6387,-1.4952,9.6414,-0.0209,0.0072,9.8066,0.2077,-0.0713,-0.0212,-21.12,-35.31,6,275.17,-83.17,-179.72
52.38616,-1.500611,132.9,7.2,3,86.25,19 / 20,5140210,2019-09-06 20:45:45:953,-0.3161,-0.358,10.0685,-0.0063,0.0136,9.8066,0.0172,0.0219,-0.0009,-21.94,-35,6.38,274.08,-83.11,179.51
52.38616,-1.500611,132.9,7.2,3,86.25,19 / 20,5140310,2019-09-06 20:45:46:053,1.0295,-0.1259,10.2244,-0.0059,0.0221,9.8066,0.0768,0.0184,0.0336,-22.06,-34.62,5.63,272.41,-83.14,177.81
52.38616,-1.500611,132.9,7.2,3,86.25,19 / 20,5140412,2019-09-06 20:45:46:155,0.3686,-0.8092,9.7117,0.0124,0.0008,9.8066,-0.0505,0.042,-0.0834,-21.62,-35.06,5.69,272.06,-83.17,177.4
52.38616,-1.500611,132.9,7.2,3,86.25,19 / 20,5140510,2019-09-06 20:45:46:253,0.4336,-0.3895,9.9098,0.0039,0.0137,9.8066,-0.0618,0.0229,0.0194,-21.94,-34.81,5.94,270.44,-83.07,175.94
52.38616,-1.500611,132.9,7.2,3,86.25,19 / 20,5140609,2019-09-06 20:45:46:352,0.506,-1.2117,9.7604,-0.0106,0.0073,9.8066,-0.0605,0.0705,-0.1142,-21.94,-35,5.88,269.76,-83.2,175.06
52.38616,-1.500611,132.9,7.2,3,86.25,19 / 20,5140710,2019-09-06 20:45:46:453,-0.4407,-0.6108,9.6957,0.0442,0.0158,9.8065,-0.184,-0.0153,0.0148,-22.06,-34.94,5.81,268.06,-83.2,173.33
52.38616,-1.500611,132.9,7.2,3,86.25,19 / 20,5140810,2019-09-06 20:45:46:553,-0.3435,-0.5773,9.6615,0.0677,0.0103,9.8063,0.0816,0.0113,-0.0603,-21.44,-35.25,5.75,265.86,-82.86,171.43
52.38616,-1.500611,132.9,7.2,3,86.25,19 / 20,5140910,2019-09-06 20:45:46:653,1.5031,-0.512,9.5586,-0.0066,0.0088,9.8066,-0.0295,-0.0277,0.05,-21.12,-35.25,5.75,264.41,-82.91,169.86
52.38616,-1.500611,132.9,7.2,3,86.25,19 / 20,5141009,2019-09-06 20:45:46:752,1.42,-0.8674,9.2941,0.0022,-0.0065,9.8065,-0.1616,-0.0405,-0.0389,-20.87,-34.94,5.81,264.82,-82.86,170.37
52.38616,-1.500611,132.9,7.2,3,86.25,19 / 20,5141110,2019-09-06 20:45:46:853,-0.083,-0.4342,9.9723,-0.0066,0.0017,9.8066,0.0129,-0.0159,-0.0127,-20.94,-35.37,5.94,264.78,-83.03,170.04
52.38616,-1.500611,132.9,7.2,3,86.25,19 / 20,5141209,2019-09-06 20:45:46:952,0.4252,-1.3643,9.9641,-0.0314,0.0129,9.8066,-0.1977,-0.0162,-0.0552,-21.19,-35.25,5.94,264.19,-83.16,169.22
52.38616,-1.500611,132.9,7.2,3,86.25,19 / 20,5141310,2019-09-06 20:45:47:053,3.4341,-0.2648,10.3291,-0.0357,0.0079,9.8065,0.4302,-0.0013,-0.0715,-21.12,-35,5.69,264.5,-82.94,169.91
52.38616,-1.500611,132.9,7.2,3,86.25,19 / 20,5141409,2019-09-06 20:45:47:152,3.1123,0.0006,10.6887,-0.09,0.0155,9.8062,-0.5337,-0.0379,0.0169,-21.31,-35.44,5.5,263.53,-82.9,168.97
52.38616,-1.500611,132.9,7.2,3,86.25,19 / 20,5141510,2019-09-06 20:45:47:253,0.0457,-1.8169,11.209,0.1132,-0.0082,9.806,-0.0922,-0.0645,0.002,-21.25,-35.5,6.5,267.01,-82.09,171.22
52.38616,-1.500611,132.9,7.2,3,86.25,19 / 20,5141609,2019-09-06 20:45:47:352,-0.3803,0.2935,9.3659,0.0516,0.0045,9.8065,-0.1463,-0.1851,0.146,-21,-35.44,6.44,264.05,-82.09,170.85
52.38616,-1.500611,132.9,7.2,3,86.25,19 / 20,5141710,2019-09-06 20:45:47:453,1.0216,-0.8807,9.4352,0.0195,-0.0085,9.8066,-0.1743,0.0986,-0.0448,-20.94,-35.44,6.31,264.32,-82.26,170.84
52.38616,-1.500611,132.9,7.2,3,86.25,19 / 20,5141809,2019-09-06 20:45:47:552,0.3785,-1.7006,9.7553,0.0318,0.003,9.8065,0.2212,0.042,-0.1167,-21.19,-35.25,6.81,265.7,-82.27,169.59
52.38616,-1.500611,132.9,7.2,3,86.25,19 / 20,5141910,2019-09-06 20:45:47:653,0.0364,0.7001,9.4405,-0.0483,0.0157,9.8065,0.1684,0.0406,0.0091,-21.25,-35.31,7.31,264.9,-82.1,169.03
52.38616,-1.500611,132.9,7.2,3,86.25,19 / 20,5142009,2019-09-06 20:45:47:752,1.9413,-0.0392,10.9024,-0.0489,0.002,9.8065,-0.0505,0.072,-0.1053,-20.5,-35.56,6.88,264.37,-82.22,168.38
52.38616,-1.500611,132.9,7.2,3,86.25,19 / 20,5142110,2019-09-06 20:45:47:853,1.3787,-1.4635,10.6825,0.0019,-0.0058,9.8066,0.1294,-0.0484,0.1325,-20.5,-35.25,6.31,262.52,-81.94,169.35
52.38616,-1.500611,132.9,7.2,3,86.25,19 / 20,5142210,2019-09-06 20:45:47:953,1.8015,-0.8866,9.4986,-0.0542,-0.0011,9.8064,-0.1025,0.0603,-0.0735,-20.81,-35.81,6.44,262.58,-82.03,169.8
52.38616,-1.500611,132.9,7.2,3,86.25,19 / 20,5142310,2019-09-06 20:45:48:053,0.7208,-1.7244,9.9552,0.0205,0.0068,9.8066,-0.0064,-0.1218,0.037,-20.87,-35.56,6.06,262.4,-82.01,169.63
52.38616,-1.500611,132.9,7.2,3,86.25,19 / 20,5142410,2019-09-06 20:45:48:153,0.1366,-0.1455,9.5155,-0.0098,0.0199,9.8066,-0.1118,-0.0011,-0.0238,-20.81,-35.56,6.25,262.16,-82.2,169.06
52.38616,-1.500611,132.9,7.2,3,86.25,19 / 20,5142509,2019-09-06 20:45:48:252,-0.6878,-0.5084,9.8563,0.0575,0.0123,9.8064,-0.1895,0.026,-0.0215,-20.25,-35.12,6.19,261.31,-82.27,167.52
52.38616,-1.500611,132.9,7.2,3,86.25,19 / 20,5142609,2019-09-06 20:45:48:352,-0.262,-0.6985,9.8869,0.0735,0.0004,9.8063,0.0485,0.0358,-0.0669,-20.06,-35.37,6.81,262.33,-81.83,166.56
52.38616,-1.500611,132.9,7.2,3,86.25,19 / 20,5142710,2019-09-06 20:45:48:453,-0.4815,1.3994,9.6159,0.0005,0.0151,9.8065,-0.0593,0.0826,-0.0089,-20.56,-35.87,6.56,260.45,-81.64,165.54
52.38616,-1.500611,132.9,7.2,3,86.25,19 / 20,5142810,2019-09-06 20:45:48:553,1.2892,-0.6816,9.647,0.0276,-0.0086,9.8066,0.0499,-0.0233,-0.0387,-20.94,-35.81,6.38,258.14,-81.47,166.06
52.38616,-1.500611,132.9,7.2,3,86.25,19 / 20,5142910,2019-09-06 20:45:48:653,-0.6074,0.4983,9.8085,-0.0148,0.006,9.8066,-0.0265,0.0856,-0.0384,-20.31,-35.12,6.56,261.1,-81.54,165.75
52.38616,-1.500611,132.9,7.2,3,86.25,19 / 20,5143010,2019-09-06 20:45:48:753,0.4044,-0.5945,9.7464,-0.0032,0.0038,9.8066,0.0535,0.0465,0.0278,-20.5,-35.19,6.81,260.95,-81.57,165.54
52.38616,-1.500611,132.9,7.2,3,86.25,19 / 20,5143110,2019-09-06 20:45:48:853,0.8955,1.0477,9.8528,0.0105,-0.0132,9.8066,-0.0219,0.0223,-0.0025,-20.5,-35.06,6.75,261.15,-81.36,166.12
52.38616,-1.500611,132.9,7.2,3,86.25,19 / 20,5143209,2019-09-06 20:45:48:952,-0.1722,-0.6184,10.3424,0.025,-0.0109,9.8066,0.1095,0.0677,-0.0545,-20.19,-34.94,6.63,262.56,-81.1,168.03
52.38616,-1.500611,132.9,7.2,3,86.25,19 / 20,5143310,2019-09-06 20:45:49:053,-0.834,-1.5113,9.2744,-0.0427,-0.0016,9.8065,-0.0593,-0.1465,0.0866,-20.75,-35.06,6.69,263.55,-81.17,169.17
52.38616,-1.500611,132.9,7.2,3,86.25,19 / 20,5143409,2019-09-06 20:45:49:152,-0.9075,0.277,8.9113,-0.0167,-0.0104,9.8066,0.1304,-0.0609,0.1063,-20.69,-35.44,6.56,264.49,-81.09,170.27
52.38616,-1.500611,132.9,7.2,3,86.25,19 / 20,5143510,2019-09-06 20:45:49:253,0.676,0.7629,9.1762,-0.0722,-0.0171,9.8063,0.0839,0.1007,-0.0695,-20.69,-34.87,6.13,262.9,-81.64,170.38
52.38616,-1.500611,132.9,7.2,3,86.25,19 / 20,5143609,2019-09-06 20:45:49:352,1.0543,-2.1288,8.1656,-0.0776,-0.0043,9.8063,-0.1766,0.0886,-0.0691,-20.62,-35.5,5.19,260.36,-81.96,169.92
52.38616,-1.500611,132.9,7.2,3,86.25,19 / 20,5143710,2019-09-06 20:45:49:453,-0.1185,0.2697,10.5247,0.0181,0.0084,9.8066,-0.1196,-0.1146,0.0477,-21.19,-34.81,5.44,260.25,-82.2,169.41
52.38616,-1.500611,132.9,7.2,3,86.25,19 / 20,5143809,2019-09-06 20:45:49:552,-1.0643,1.2379,9.0251,0.0967,0.0039,9.8061,-0.067,0.1942,0.0006,-20.69,-35.56,6,262.17,-81.95,169.49
52.38616,-1.500611,132.9,7.2,3,86.25,19 / 20,5143910,2019-09-06 20:45:49:653,-2.6772,1.2158,9.2492,0.0165,-0.0378,9.8065,-0.4082,0.1044,-0.0231,-21.25,-34.94,5.69,263.62,-81.67,171.08
52.38616,-1.500611,132.9,7.2,3,86.25,19 / 20,5144010,2019-09-06 20:45:49:753,-3.7891,0.3696,9.7321,0.114,-0.0272,9.8059,0.5299,-0.1165,0.0841,-21.75,-35.56,5.75,264.19,-81,173.26
52.38616,-1.500611,132.9,7.2,3,86.25,19 / 20,5144109,2019-09-06 20:45:49:852,1.4408,-2.629,12.4598,-0.1415,-0.0303,9.8055,0.3556,-0.1871,0.0176,-21.19,-35.75,6.94,268.96,-81.68,174.28
52.38616,-1.500611,132.9,7.2,3,86.25,19 / 20,5144209,2019-09-06 20:45:49:952,0.0101,1.2223,10.3691,-0.1795,0.016,9.805,0.2269,-0.0983,-0.0151,-21.37,-35.69,6.75,269.8,-81.55,175.34
52.38616,-1.500611,132.9,7.2,3,86.25,19 / 20,5144310,2019-09-06 20:45:50:053,0.3856,-4.0266,10.4534,-0.0103,0.0046,9.8066,0.3536,0.043,0.0376,-21.06,-35.25,6.06,268.55,-81.36,176.68
52.386456,-1.499225,132.24,13.49,3,68.6,19 / 20,5144410,2019-09-06 20:45:50:153,-1.442,3.3279,9.8622,0.0377,0.0254,9.8065,0.2846,-0.1741,0.2208,-21.69,-35.12,6,268.25,-81.7,175.91
52.386456,-1.499225,132.24,13.49,3,68.6,19 / 20,5144510,2019-09-06 20:45:50:253,0.3752,1.0865,9.5414,0.0769,0.0082,9.8063,-0.0855,0.0391,-0.0107,-21.69,-34.87,5.5,267.4,-81.36,175.59
52.386456,-1.499225,132.24,13.49,3,68.6,19 / 20,5144609,2019-09-06 20:45:50:352,-0.2371,0.6056,10.6121,0.0927,0.0196,9.8062,-0.0925,-0.0978,0.042,-22.06,-34.94,5.31,264.08,-81.25,174.93
52.386456,-1.499225,132.24,13.49,3,68.6,19 / 20,5144710,2019-09-06 20:45:50:453,-0.8665,-0.3561,10.7111,0.0016,0.0184,9.8066,-0.1262,-0.0605,0.0332,-22.81,-34.44,6.88,268.1,-81.41,173.48
52.386456,-1.499225,132.24,13.49,3,68.6,19 / 20,5144810,2019-09-06 20:45:50:553,-0.9226,-0.735,10.3294,0.0256,-0.0006,9.8066,0.2099,0.0234,-0.0599,-21.94,-34.12,7.25,267.72,-81.19,173.23
52.386456,-1.499225,132.24,13.49,3,68.6,19 / 20,5144909,2019-09-06 20:45:50:652,0.1233,-0.4618,10.8313,0.0089,-0.0069,9.8066,0.1899,0.0382,-0.014,-21.19,-34.44,7.44,267.66,-80.98,173.3
52.386456,-1.499225,132.24,13.49,3,68.6,19 / 20,5145010,2019-09-06 20:45:50:753,1.5981,1.3131,8.7751,-0.0213,-0.0065,9.8066,-0.3098,0.0301,0.0624,-21.81,-35.06,7,267.57,-80.86,173.99
52.386456,-1.499225,132.24,13.49,3,68.6,19 / 20,5145109,2019-09-06 20:45:50:852,0.4685,-0.724,10.1428,0.1259,-0.0181,9.8058,-0.3193,0.0523,0.0188,-21.37,-35.06,6.56,269.22,-80.43,176.23
52.386456,-1.499225,132.24,13.49,3,68.6,19 / 20,5145209,2019-09-06 20:45:50:952,-0.1331,0.6832,8.6649,0.0756,0.0031,9.8063,-0.0813,-0.029,0.0492,-21.56,-34.62,6.06,266.7,-80.73,175.87
52.386456,-1.499225,132.24,13.49,3,68.6,19 / 20,5145309,2019-09-06 20:45:51:052,-0.803,-0.3758,8.4051,-0.0347,0.0084,9.8065,-0.2291,-0.0051,-0.0504,-20.94,-35.44,5.81,267.24,-81.12,175.75
52.386456,-1.499225,132.24,13.49,3,68.6,19 / 20,5145409,2019-09-06 20:45:51:152,0.8307,-0.0489,9.7011,-0.0404,-0.003,9.8065,0.0468,-0.0042,0.0043,-21.19,-35.44,5.75,266.79,-81.33,174.93
52.386456,-1.499225,132.24,13.49,3,68.6,19 / 20,5145510,2019-09-06 20:45:51:253,-0.0763,0.2851,9.9246,-0.0195,-0.0026,9.8065,0.0943,0.0036,0.051,-21.44,-34.69,6.38,266.82,-81.29,175.03
52.386456,-1.499225,132.24,13.49,3,68.6,19 / 20,5145610,2019-09-06 20:45:51:353,-0.2589,-0.1921,9.9345,0.0056,-0.0144,9.8065,-0.0504,-0.0218,0.0237,-22.31,-34.5,5.13,265.47,-81.1,176.22
52.386456,-1.499225,132.24,13.49,3,68.6,19 / 20,5145710,2019-09-06 20:45:51:453,-0.9782,-1.1783,10.1761,0.0102,-0.0187,9.8065,-0.0057,0.0141,0.0536,-22.87,-34.69,6,268.74,-80.94,177.68
52.386456,-1.499225,132.24,13.49,3,68.6,19 / 20,5145809,2019-09-06 20:45:51:552,-0.1334,-0.8003,9.847,0.0179,-0.0037,9.8066,-0.118,0.0045,-0.0184,-23.56,-33.81,6.63,272.23,-81,178.44
52.386456,-1.499225,132.24,13.49,3,68.6,19 / 20,5145910,2019-09-06 20:45:51:653,-0.811,0.3712,8.89,0.0099,-0.0038,9.8065,-0.0213,0.0336,0.005,-23.69,-33.44,7.25,272.88,-81.05,178.63
52.386456,-1.499225,132.24,13.49,3,68.6,19 / 20,5146010,2019-09-06 20:45:51:753,-0.1577,-0.5501,9.7206,0.0011,0.0053,9.8066,-0.0189,0.0519,-0.0401,-22.5,-33.31,7,273.57,-81.2,178.72
52.386456,-1.499225,132.24,13.49,3,68.6,19 / 20,5146109,2019-09-06 20:45:51:852,0.5221,0.1997,9.7527,0.0286,-0.0047,9.8066,-0.1016,-0.048,0.0532,-22.25,-33.25,6.88,273.41,-81.11,178.7
52.386456,-1.499225,132.24,13.49,3,68.6,19 / 20,5146210,2019-09-06 20:45:51:953,0.7315,-0.2349,9.9335,-0.0262,-0.0052,9.8065,0.1445,-0.0392,0.0522,-22.94,-33.06,5.94,270.02,-81.03,178.06
52.386456,-1.499225,132.24,13.49,3,68.6,19 / 20,5146309,2019-09-06 20:45:52:052,0.2923,-0.5859,10.1722,-0.0393,-0.0153,9.8065,0.1198,-0.0234,0.0269,-22.56,-33.12,5.69,271.07,-80.91,179.3
52.386456,-1.499225,132.24,13.49,3,68.6,19 / 20,5146409,2019-09-06 20:45:52:152,-0.484,-0.7083,10.5352,0.0125,-0.0021,9.8065,-0.1455,-0.0446,-0.0143,-22.56,-33.25,4.06,266.51,-80.86,179.72
52.386456,-1.499225,132.24,13.49,3,68.6,19 / 20,5146510,2019-09-06 20:45:52:253,-3.2199,-1.7817,11.1967,-0.0467,0.0099,9.8065,-0.0506,-0.0366,0.0832,-23,-34.19,4.38,265.99,-81.22,179.05
52.386456,-1.499225,132.24,13.49,3,68.6,19 / 20,5146609,2019-09-06 20:45:52:352,-1.8945,-3.0302,11.0407,-0.1034,0.0383,9.806,0.307,0.2753,-0.1729,-22.31,-33.87,6.25,270.38,-81.39,178.18
52.386456,-1.499225,132.24,13.49,3,68.6,19 / 20,5146710,2019-09-06 20:45:52:453,-0.6195,0.8147,11.6717,-0.1129,-0.0123,9.806,0.5279,-0.1341,0.0083,-21.12,-34.37,6.44,270.18,-81.27,178.06
52.386456,-1.499225,132.24,13.49,3,68.6,19 / 20,5146810,2019-09-06 20:45:52:553,0.0885,1.6773,11.4943,0.0693,-0.0204,9.8063,-0.1634,-0.108,0.1465,-20.75,-34.5,7.38,271.34,-80.57,177.7
52.386456,-1.499225,132.24,13.49,3,68.6,19 / 20,5146909,2019-09-06 20:45:52:652,1.6624,-0.4229,10.2858,-0.0919,0.0135,9.8061,0.0441,-0.085,-0.0381,-20.69,-34.81,6.56,270.87,-80.97,176.99
52.386456,-1.499225,132.24,13.49,3,68.6,19 / 20,5147010,2019-09-06 20:45:52:753,0.1386,0.7614,9.6722,0.0692,-0.019,9.8063,-0.1414,0.0043,0.1183,-21.25,-35,6.63,271.98,-81.11,177.89
52.386456,-1.499225,132.24,13.49,3,68.6,19 / 20,5147110,2019-09-06 20:45:52:853,-0.9505,-0.4791,9.385,0.0587,-0.0208,9.8064,-0.1363,0.0332,0.0618,-21.37,-34.31,6.44,271.67,-80.9,-179.82
52.386456,-1.499225,132.24,13.49,3,68.6,19 / 20,5147210,2019-09-06 20:45:52:953,0.2452,-0.2698,9.3128,-0.0437,-0.002,9.8065,0.0625,-0.0454,0.0285,-21.69,-33.75,6.69,275.69,-81.22,-178.82
52.386456,-1.499225,132.24,13.49,3,68.6,19 / 20,5147310,2019-09-06 20:45:53:053,-1.2469,-0.9238,9.5023,0.0217,-0.0024,9.8066,-0.0575,0.12,-0.055,-22.06,-34.5,6,273.19,-80.92,-178.26
52.386456,-1.499225,132.24,13.49,3,68.6,19 / 20,5147409,2019-09-06 20:45:53:152,0.0199,-0.8449,9.3755,0.0119,0.0083,9.8066,-0.0589,0.0565,-0.0552,-22.31,-33.44,6.56,276.01,-81.02,-178.6
52.386456,-1.499225,132.24,13.49,3,68.6,19 / 20,5147509,2019-09-06 20:45:53:252,-1.3848,-0.9888,9.3295,0.0138,0.0125,9.8066,-0.1329,-0.0211,0.0101,-22,-33.5,6,272.57,-80.93,-179.32
52.386456,-1.499225,132.24,13.49,3,68.6,19 / 20,5147610,2019-09-06 20:45:53:353,-1.5399,0.196,9.5819,0.0499,0.0022,9.8064,0.1371,-0.0228,-0.0124,-21.69,-34.25,6.31,272.11,-81.02,-179.5
52.386456,-1.499225,132.24,13.49,3,68.6,19 / 20,5147710,2019-09-06 20:45:53:453,0.1038,-0.1632,9.5495,-0.0075,0.01,9.8066,-0.0368,-0.0767,0.0396,-21.37,-34.69,6.31,271.12,-81.06,179.78
52.386456,-1.499225,132.24,13.49,3,68.6,19 / 20,5147809,2019-09-06 20:45:53:552,0.2897,-0.2187,9.3323,0.0172,0.0115,9.8066,0.0888,-0.0528,-0.0332,-20.62,-34.69,6.69,272.72,-81,178.81
52.386456,-1.499225,132.24,13.49,3,68.6,19 / 20,5147909,2019-09-06 20:45:53:652,-0.1327,-0.6378,10.2126,-0.0236,0.0089,9.8066,0.0486,-0.072,-0.069,-20.62,-34.44,7,272.09,-81.1,177.59
52.386456,-1.499225,132.24,13.49,3,68.6,19 / 20,5148009,2019-09-06 20:45:53:752,0.1057,-1.5481,9.3627,-0.0636,0.015,9.8064,-0.0119,0.0585,-0.0698,-18.87,-34.5,7.31,271.84,-81.31,176.51
52.386456,-1.499225,132.24,13.49,3,68.6,19 / 20,5148110,2019-09-06 20:45:53:853,-1.0732,-1.2041,10.1929,0.0202,0.005,9.8066,0.0331,-0.0777,0.0191,-17.06,-33.81,5.44,265.03,-81.18,175.83
52.386456,-1.499225,132.24,13.49,3,68.6,19 / 20,5148209,2019-09-06 20:45:53:952,0.22,1.4851,10.0015,-0.0052,0.0024,9.8066,0.1058,-0.0602,0.0652,-19.75,-35.81,2.94,259.1,-81.26,176.02
52.386456,-1.499225,132.24,13.49,3,68.6,19 / 20,5148309,2019-09-06 20:45:54:052,0.6728,-0.3069,9.6598,0.0427,-0.0048,9.8065,-0.0496,-0.0766,0.0497,-23.19,-35.19,4.25,263.37,-80.9,177.22
52.386456,-1.499225,132.24,13.49,3,68.6,19 / 20,5148409,2019-09-06 20:45:54:152,0.4883,-0.915,9.6534,-0.0176,-0.0108,9.8066,-0.1179,-0.0667,0.0391,-23.37,-34.62,6.81,271.69,-81,178.11
52.386456,-1.499225,132.24,13.49,3,68.6,19 / 20,5148509,2019-09-06 20:45:54:252,0.3068,-0.6194,10.6193,0.0204,-0.0074,9.8066,-0.0696,-0.0053,0.0142,-21.75,-34.69,7.38,272.23,-80.91,178.63
52.386456,-1.499225,132.24,13.49,3,68.6,19 / 20,5148609,2019-09-06 20:45:54:352,-0.5693,0.1477,9.5494,-0.0169,-0.0017,9.8066,0.0443,0.029,0.0241,-21.75,-34.5,6.13,270.53,-81.03,178.89
52.386456,-1.499225,132.24,13.49,3,68.6,19 / 20,5148710,2019-09-06 20:45:54:453,-0.2235,-0.122,9.9253,-0.0069,-0.0171,9.8066,0.0317,0.0223,-0.0546,-21.94,-34.12,5.56,270.98,-80.93,179.51
52.386456,-1.499225,132.24,13.49,3,68.6,19 / 20,5148809,2019-09-06 20:45:54:552,-0.2421,0.7857,9.5112,-0.0095,0.002,9.8066,-0.0812,-0.0433,0.0308,-21.5,-34.31,5.56,271.96,-81.02,-179.72
52.386456,-1.499225,132.24,13.49,3,68.6,19 / 20,5148909,2019-09-06 20:45:54:652,0.1689,0.6232,10.0877,0.0116,0.0081,9.8066,-0.0526,-0.0289,0.0346,-21.44,-34.12,6.06,270.93,-80.88,179.47
52.386456,-1.499225,132.24,13.49,3,68.6,19 / 20,5149010,2019-09-06 20:45:54:753,-2.0658,-0.5156,10.1623,0.0353,0.0192,9.8065,0.1511,-0.0669,-0.0491,-20.69,-33.94,5.94,270.1,-80.74,178.86
52.386456,-1.499225,132.24,13.49,3,68.6,19 / 20,5149109,2019-09-06 20:45:54:852,-0.1059,-0.9879,9.676,-0.0539,0.0111,9.8065,0.1114,0.0047,-0.021,-20.56,-34.44,6.31,268.89,-80.96,177.27
52.386456,-1.499225,132.24,13.49,3,68.6,19 / 20,5149209,2019-09-06 20:45:54:952,-0.4362,-0.5633,9.5784,-0.0294,0.0106,9.8066,-0.0958,0.0365,-0.0482,-20.75,-34.37,6.19,267.82,-80.89,176.29
52.386456,-1.499225,132.24,13.49,3,68.6,19 / 20,5149310,2019-09-06 20:45:55:053,-1.0508,-0.2065,9.6445,-0.04,0.0068,9.8065,0.0723,0.0065,0.0268,-20.94,-34.56,6.56,270.11,-81.13,175.96
52.386456,-1.499225,132.24,13.49,3,68.6,18 / 19,5149409,2019-09-06 20:45:55:152,0.1876,0.0218,10.051,-0.0445,-0.0048,9.8065,-0.1842,-0.0406,0.0024,-21.31,-35.06,6.06,267.77,-81.24,176.09
52.386456,-1.499225,132.24,13.49,3,68.6,18 / 19,5149510,2019-09-06 20:45:55:253,-0.0926,-0.6396,10.4429,0.0443,-0.0125,9.8065,-0.0944,-0.0562,0.0404,-21.31,-34.75,6.19,268.39,-81.37,176.5
52.386456,-1.499225,132.24,13.49,3,68.6,18 / 19,5149610,2019-09-06 20:45:55:353,-0.988,0.0066,8.7723,0.013,-0.0006,9.8065,-0.1094,-0.0398,0.0316,-21.19,-34.81,5.75,268.94,-81.18,177.38
52.386456,-1.499225,132.24,13.49,3,68.6,18 / 19,5149709,2019-09-06 20:45:55:452,-1.8214,-1.9934,9.8665,-0.0104,0.0118,9.8066,-0.1638,-0.1095,0.0302,-20.87,-35.44,5.75,269.44,-81.38,177.55
52.386456,-1.499225,132.24,13.49,3,68.6,18 / 19,5149809,2019-09-06 20:45:55:552,-3.8847,2.4914,10.1198,0.0315,0.0007,9.8065,0.5347,-0.3087,0.0892,-21.25,-36,6.31,268.39,-81.24,177.12
52.386456,-1.499225,132.24,13.49,3,68.6,18 / 19,5149909,2019-09-06 20:45:55:652,1.1347,2.2325,11.2325,-0.0443,0.052,9.8063,0.3393,0.0075,-0.0163,-20.81,-35.06,7.13,269.58,-81.22,175.27
52.386456,-1.499225,132.24,13.49,3,68.6,18 / 19,5150009,2019-09-06 20:45:55:752,2.5818,-2.2103,12.0112,-0.0837,-0.06,9.806,-0.1409,-0.1965,0.1814,-21.5,-35.31,6.88,270.91,-81.07,176.87
52.386456,-1.499225,132.24,13.49,3,68.6,18 / 19,5150109,2019-09-06 20:45:55:852,1.6515,-0.7134,11.5252,0.1171,-0.0226,9.8059,-0.0768,0.4535,-0.1901,-21.37,-35.44,6.88,272.13,-81.19,177.89
52.386456,-1.499225,132.24,13.49,3,68.6,18 / 19,5150209,2019-09-06 20:45:55:952,-0.3574,-1.8838,8.1829,-0.0189,-0.0048,9.8066,-0.5044,0.1438,-0.0976,-21.37,-34.94,6.13,269.6,-81,178.35
52.386456,-1.499225,132.24,13.49,3,68.6,18 / 19,5150310,2019-09-06 20:45:56:053,-1.0418,-1.4893,8.7968,0.102,-0.0022,9.8061,-0.5035,-0.089,0.0989,-21.94,-35.25,6.44,269.63,-80.58,179.13
52.386456,-1.499225,132.24,13.49,3,68.6,19 / 20,5150409,2019-09-06 20:45:56:152,-2.347,-0.3122,9.2142,0.1387,-0.0095,9.8056,0.1232,-0.0818,0.042,-22,-35.69,7.06,272.45,-80.63,179.73
52.386456,-1.499225,132.24,13.49,3,68.6,19 / 20,5150510,2019-09-06 20:45:56:253,-1.623,0.5448,8.4574,-0.0774,0.0056,9.8063,-0.2188,0.0071,-0.0437,-21.94,-34.75,6.5,272.96,-81.27,178.78
52.386456,-1.499225,132.24,13.49,3,68.6,19 / 20,5150609,2019-09-06 20:45:56:352,-1.1124,-0.3971,8.69,0.0002,0.0012,9.8065,0.0136,0.0055,-0.0065,-20.94,-35.25,6.25,269.73,-81.21,178.13
52.386456,-1.499225,132.24,13.49,3,68.6,19 / 20,5150709,2019-09-06 20:45:56:452,-1.3849,0.2929,9.5633,-0.0473,0.0067,9.8064,0.0123,0.0271,-0.0061,-20.81,-35.19,5.94,269.42,-81.32,177.63
52.386456,-1.499225,132.24,13.49,3,68.6,19 / 20,5150810,2019-09-06 20:45:56:553,-1.245,-0.9983,9.3534,-0.0208,0.005,9.8066,-0.0482,0.0867,-0.0248,-20.94,-35.69,6.06,268.99,-81.62,177.08
52.386456,-1.499225,132.24,13.49,3,68.6,19 / 20,5150910,2019-09-06 20:45:56:653,-1.1106,0.3566,9.5392,-0.0362,-0.0044,9.8066,0.0245,0.0422,-0.0041,-21.25,-34.37,5.25,267.48,-81.79,177.18
52.386456,-1.499225,132.24,13.49,3,68.6,19 / 20,5151010,2019-09-06 20:45:56:753,-0.8704,-0.6866,9.3922,-0.0006,-0.002,9.8066,0.0172,0.1132,-0.0291,-21.06,-35.56,5.25,266.69,-81.66,177.38
52.386456,-1.499225,132.24,13.49,3,68.6,19 / 20,5151110,2019-09-06 20:45:56:853,-2.8324,-0.5459,11.1376,-0.0543,-0.0139,9.8064,0.0032,0.0097,0.0356,-21.62,-35.75,5.75,270.24,-81.87,178.02
52.386456,-1.499225,132.24,13.49,3,68.6,19 / 20,5151210,2019-09-06 20:45:56:953,-0.899,-1.3623,10.1927,-0.0844,-0.0118,9.8063,0.0701,0.0939,-0.0508,-21.56,-34.87,5.81,271,-81.87,178.42
52.386456,-1.499225,132.24,13.49,3,68.6,19 / 20,5151310,2019-09-06 20:45:57:053,-1.9309,0.7332,9.3557,0.0244,-0.0082,9.8065,0.1417,-0.0339,0.0106,-21.31,-35.31,5.63,270.98,-81.81,178.37
52.386456,-1.499225,132.24,13.49,3,68.6,18 / 19,5151410,2019-09-06 20:45:57:153,-0.8255,1.0957,10.0294,-0.0201,0.0068,9.8066,0.0235,0.0465,-0.0143,-21.19,-35.19,5.63,271.26,-81.72,178.82
52.386456,-1.499225,132.24,13.49,3,68.6,18 / 19,5151509,2019-09-06 20:45:57:252,-0.932,0.0859,9.3855,0.0132,0.0128,9.8066,-0.0352,-0.0054,-0.0213,-21.5,-35.37,5.25,267.84,-81.73,178.06
52.386456,-1.499225,132.24,13.49,3,68.6,18 / 19,5151610,2019-09-06 20:45:57:353,0.1216,-0.0662,9.5153,-0.0119,-0.0092,9.8066,-0.096,0.0117,0.0038,-21.69,-34.94,5.63,270.7,-81.85,178.14
52.386456,-1.499225,132.24,13.49,3,68.6,18 / 19,5151710,2019-09-06 20:45:57:453,-0.6586,0.0189,9.7034,0.0126,0.0056,9.8066,-0.1545,0.0201,0.0123,-21.37,-35.31,5.31,268.98,-81.98,178.78
52.386456,-1.499225,132.24,13.49,3,68.6,18 / 19,5151810,2019-09-06 20:45:57:553,-1.0966,-0.7018,9.7436,0.0119,-0.0016,9.8066,0.0427,0.019,-0.0107,-21.69,-34.81,5,268.61,-82.07,178.27
52.386456,-1.499225,132.24,13.49,3,68.6,18 / 19,5151910,2019-09-06 20:45:57:653,-0.365,0.3404,9.4995,-0.0032,0.0065,9.8066,-0.072,0.004,0.0302,-22.75,-34.81,4.75,267.85,-82.1,177.47
52.386456,-1.499225,132.24,13.49,3,68.6,18 / 19,5152010,2019-09-06 20:45:57:753,-0.9461,0.1436,9.4541,-0.0041,0.0003,9.8066,-0.0412,0.0512,-0.0406,-22.06,-34.31,5.88,270.94,-82.2,177.47
52.386456,-1.499225,132.24,13.49,3,68.6,18 / 19,5152110,2019-09-06 20:45:57:853,-1.1116,0.8156,9.4069,-0.0295,-0.0014,9.8066,-0.0165,0.0326,-0.0227,-21.56,-34.19,5.25,268.63,-82.51,177.24
52.386456,-1.499225,132.24,13.49,3,68.6,18 / 19,5152209,2019-09-06 20:45:57:952,-1.3158,-0.3672,9.7308,-0.0444,0.0006,9.8065,-0.0054,-0.0084,0.0289,-21.69,-33.75,5.38,269.11,-82.73,177.38
52.386456,-1.499225,132.24,13.49,3,68.6,18 / 19,5152310,2019-09-06 20:45:58:053,-0.4216,-0.2392,9.9832,0.0151,-0.0029,9.8066,0.0456,-0.0476,0.001,-20.81,-34.25,5,269.4,-82.69,177.65
52.386456,-1.499225,132.24,13.49,3,68.6,19 / 20,5152409,2019-09-06 20:45:58:152,-0.9445,0.0598,9.5643,0.0171,-0.006,9.8066,0.0166,0.0419,0.0426,-20.87,-34.81,5,269.8,-82.63,178.51
52.386456,-1.499225,132.24,13.49,3,68.6,19 / 20,5152510,2019-09-06 20:45:58:253,-0.4211,0.108,8.5592,-0.0219,-0.0101,9.8066,-0.1044,0.0327,0.0333,-21.06,-34.56,4.81,271.08,-82.75,179.6
52.386456,-1.499225,132.24,13.49,3,68.6,19 / 20,5152610,2019-09-06 20:45:58:353,0.3596,-1.2585,10.1874,-0.0304,-0.0094,9.8065,-0.1014,0.0292,0.0405,-20.87,-34.81,5,272.36,-82.93,-179.43
52.386456,-1.499225,132.24,13.49,3,68.6,19 / 20,5152710,2019-09-06 20:45:58:453,-3.7168,-0.1916,10.0553,0.0556,-0.0141,9.8064,-0.1194,0.0654,-0.0448,-21.06,-34.81,4.13,270.27,-83.3,-179.43
52.386456,-1.499225,132.24,13.49,3,68.6,19 / 20,5152810,2019-09-06 20:45:58:553,-0.5794,-0.3568,9.8151,0.0403,-0.0014,9.8065,-0.0626,-0.048,-0.0574,-21.44,-34.25,4.81,273.11,-82.93,-179.01
52.386456,-1.499225,132.24,13.49,3,68.6,19 / 20,5152909,2019-09-06 20:45:58:652,0.167,-0.5899,8.8559,0.04,-0.009,9.8065,0.0022,-0.0287,0.0516,-21.69,-34.19,5.31,273.07,-82.59,-178.43
52.386456,-1.499225,132.24,13.49,3,68.6,19 / 20,5153010,2019-09-06 20:45:58:753,-1.5709,0.8223,8.855,0.0419,-0.0101,9.8065,-0.0982,0.0135,0.0284,-21.25,-34.62,5.13,273.64,-82.71,-177.78
52.386456,-1.499225,132.24,13.49,3,68.6,19 / 20,5153110,2019-09-06 20:45:58:853,2.9274,0.0867,10.0621,-0.0226,-0.0092,9.8066,-0.1231,-0.1407,0.1184,-22.25,-34,4.94,276.33,-83.33,-176.35
52.386456,-1.499225,132.24,13.49,3,68.6,19 / 20,5153210,2019-09-06 20:45:58:953,-2.7748,-1.5205,9.2374,-0.0156,-0.001,9.8066,-0.2276,-0.0062,0.0206,-22.31,-34.06,4.44,275.98,-83.69,-174.67
52.386456,-1.499225,132.24,13.49,3,68.6,19 / 20,5153309,2019-09-06 20:45:59:052,-0.5988,0.2446,9.2322,-0.0053,-0.0041,9.8066,-0.0564,0.0816,-0.0353,-22.75,-34.06,4,275.88,-83.98,-175.16
52.386868,-1.497609,131.7,11.36,3,66.69,19 / 20,5153409,2019-09-06 20:45:59:152,-2.3365,-0.4093,9.2894,0.0217,0.0072,9.8065,-0.0804,-0.0102,-0.022,-22.81,-33.37,4.94,278.55,-84,-175.29
52.386868,-1.497609,131.7,11.36,3,66.69,19 / 20,5153510,2019-09-06 20:45:59:253,-0.0274,-0.5643,10.2589,0.0324,-0.0067,9.8065,0.0171,0.0457,-0.0457,-23.31,-33.81,4.5,277.1,-84.02,-176.5
52.386868,-1.497609,131.7,11.36,3,66.69,19 / 20,5153609,2019-09-06 20:45:59:352,-0.8981,0.0311,9.7967,0.017,0.0015,9.8066,0.0737,0.0417,0.0526,-23.25,-33.94,4.5,276.61,-83.86,-176.73
52.386868,-1.497609,131.7,11.36,3,66.69,19 / 20,5153710,2019-09-06 20:45:59:453,-0.3615,0.5756,9.1711,0.0218,-0.0098,9.8066,-0.0358,-0.049,0.0246,-23.12,-33.12,3.94,275.21,-83.88,-175.96
52.386868,-1.497609,131.7,11.36,3,66.69,19 / 20,5153810,2019-09-06 20:45:59:553,-0.2434,0.1545,9.3075,-0.04,-0.0107,9.8065,0.0425,0.0162,0.0029,-22.75,-34.06,3.44,272.81,-83.96,-175.7
52.386868,-1.497609,131.7,11.36,3,66.69,19 / 20,5153910,2019-09-06 20:45:59:653,-1.7869,-0.6581,10.0095,-0.0201,-0.0162,9.8065,0.0031,-0.0338,0.0178,-22.25,-34.25,3,275.27,-84.25,-173.63
52.386868,-1.497609,131.7,11.36,3,66.69,19 / 20,5154010,2019-09-06 20:45:59:753,-0.9294,-0.2571,9.4863,0.0207,-0.01,9.8066,-0.0789,0.0244,0.0479,-22.06,-33.62,2.38,273.88,-84.25,-172.39
52.386868,-1.497609,131.7,11.36,3,66.69,19 / 20,5154109,2019-09-06 20:45:59:852,-1.8569,-1.302,9.6667,0.0379,-0.0104,9.8066,-0.0186,0.044,-0.0217,-21.56,-34.5,3.5,280.18,-84.2,-171.33
52.386868,-1.497609,131.7,11.36,3,66.69,19 / 20,5154210,2019-09-06 20:45:59:953,-0.8764,0.2137,9.2515,-0.0211,-0.0027,9.8066,-0.08,-0.0389,0.0262,-21.69,-34.81,3.25,278.87,-84.39,-170.06
52.386868,-1.497609,131.7,11.36,3,66.69,19 / 20,5154310,2019-09-06 20:46:00:053,-0.8945,0.0239,10.4899,-0.0051,-0.0101,9.8065,0.045,-0.0551,0.0734,-21.06,-34.94,3.94,282.89,-84.41,-168.85
52.386868,-1.497609,131.7,11.36,3,66.69,19 / 20,5154410,2019-09-06 20:46:00:153,-0.3731,0.3068,10.3423,0.0153,-0.018,9.8065,0.1262,0.0446,-0.0184,-21.12,-34.19,4.19,283.66,-84.43,-168.39
52.386868,-1.497609,131.7,11.36,3,66.69,19 / 20,5154510,2019-09-06 20:46:00:253,-0.4855,-1.7909,10.0201,-0.0051,-0.0033,9.8066,-0.0929,0.1131,-0.0407,-21.5,-34.75,4.38,284.69,-84.29,-166.91
52.386868,-1.497609,131.7,11.36,3,66.69,19 / 20,5154609,2019-09-06 20:46:00:352,-1.7308,-1.5972,9.7877,0.0007,-0.0095,9.8066,-0.0291,-0.0974,0.1182,-21.87,-34.87,4.06,286.68,-84.35,-165.02
52.386868,-1.497609,131.7,11.36,3,66.69,19 / 20,5154710,2019-09-06 20:46:00:453,-1.7386,0.7837,9.803,-0.0027,-0.0128,9.8066,0.0023,-0.1154,0.0893,-22.19,-34.75,4.56,292.34,-84.41,-162.31
52.386868,-1.497609,131.7,11.36,3,66.69,19 / 20,5154810,2019-09-06 20:46:00:553,-1.2901,-0.5401,9.4289,0.0023,0.0036,9.8066,-0.1363,0.0143,-0.0341,-22.06,-34.87,3.81,291.29,-84.52,-160.89
52.386868,-1.497609,131.7,11.36,3,66.69,19 / 20,5154910,2019-09-06 20:46:00:653,-1.9582,-0.9689,9.5726,0.0349,-0.0025,9.8065,0.1369,0.018,0.0239,-22,-34.44,3.63,291.07,-84.48,-161.27
52.386868,-1.497609,131.7,11.36,3,66.69,19 / 20,5155010,2019-09-06 20:46:00:753,-1.0147,0.2688,9.5208,-0.0545,-0.0183,9.8064,0.1113,0.0721,0.0489,-22.31,-34.5,3.5,290.85,-84.36,-161.3
52.386868,-1.497609,131.7,11.36,3,66.69,19 / 20,5155109,2019-09-06 20:46:00:852,-1.9892,-1.4613,9.9301,-0.0524,-0.0111,9.8064,-0.0156,0.0159,-0.0651,-22.75,-34.44,4.31,295,-84.57,-157.56
52.386868,-1.497609,131.7,11.36,3,66.69,19 / 20,5155210,2019-09-06 20:46:00:953,-0.3498,-0.1991,10.1241,0.0213,0.0012,9.8065,0.061,-0.0082,-0.014,-22.19,-34.94,3.94,294.6,-84.37,-157.54
52.386868,-1.497609,131.7,11.36,3,66.69,19 / 20,5155310,2019-09-06 20:46:01:053,-1.6282,0.9654,10.4708,0.0243,-0.0186,9.8065,-0.0714,-0.0204,0.0666,-22.69,-35,4.56,298.01,-84.47,-156.85
52.386868,-1.497609,131.7,11.36,3,66.69,19 / 20,5155410,2019-09-06 20:46:01:153,-1.2122,-0.9805,9.9511,0.0388,-0.0207,9.8065,-0.0464,-0.1074,0.0633,-23,-34.5,4.19,298.39,-84.36,-154.1
52.386868,-1.497609,131.7,11.36,3,66.69,19 / 20,5155509,2019-09-06 20:46:01:252,-1.1079,-0.2795,10.2491,0.0445,-0.0071,9.8065,-0.0146,-0.0298,0.0503,-22.44,-34.75,4.75,301.06,-83.89,-153.43
52.386868,-1.497609,131.7,11.36,3,66.69,19 / 20,5155610,2019-09-06 20:46:01:353,0.1567,-0.8511,9.458,-0.0156,-0.004,9.8066,0.0554,-0.0687,-0.0286,-23.12,-34.5,3.63,299.43,-83.99,-152.64
52.386868,-1.497609,131.7,11.36,3,66.69,19 / 20,5155709,2019-09-06 20:46:01:452,-0.1822,0.5786,9.5222,-0.0261,0.0006,9.8065,-0.1387,-0.0508,0.0772,-23.37,-34.5,4.44,300.17,-84.03,-152.01
52.386868,-1.497609,131.7,11.36,3,66.69,19 / 20,5155810,2019-09-06 20:46:01:553,-1.3257,-0.4322,10.1051,0.0149,-0.0116,9.8066,-0.1245,-0.1129,0.0168,-23.44,-34.56,3.44,299.76,-84.19,-149.89
52.386868,-1.497609,131.7,11.36,3,66.69,19 / 20,5155910,2019-09-06 20:46:01:653,-1.136,0.4624,10.1471,-0.0061,0.0011,9.8066,-0.0476,-0.0008,0.0446,-22.87,-35.12,4.25,305.53,-84.46,-147.43
52.386868,-1.497609,131.7,11.36,3,66.69,19 / 20,5156009,2019-09-06 20:46:01:752,-1.9693,0.4398,10.0533,-0.0113,-0.0093,9.8066,0.0579,-0.0795,0.041,-23.06,-35,4.19,307.45,-84.54,-145.77
52.386868,-1.497609,131.7,11.36,3,66.69,19 / 20,5156110,2019-09-06 20:46:01:853,-4.403,-0.5161,9.0624,0.0199,-0.0165,9.8065,0.4305,-0.0619,0.0435,-23.56,-33.94,4.88,311.94,-84.28,-143.77
52.386868,-1.497609,131.7,11.36,3,66.69,19 / 20,5156210,2019-09-06 20:46:01:953,1.2079,2.2297,8.6823,-0.0634,0.0033,9.8064,0.1683,0.0705,-0.0441,-23.12,-34.87,3.94,310.5,-84.27,-142.67
52.386868,-1.497609,131.7,11.36,3,66.69,19 / 20,5156310,2019-09-06 20:46:02:053,0.3152,-0.9657,10.8799,0.0533,-0.0412,9.8063,-0.5662,-0.006,0.0074,-23.31,-34.56,4,313.05,-84.13,-140.22
52.386868,-1.497609,131.7,11.36,3,66.69,19 / 20,5156410,2019-09-06 20:46:02:153,-1.5598,1.5111,10.1217,0.0803,0.0333,9.8062,-0.5807,0.0066,-0.184,-23.19,-34.94,3.44,314.39,-84.12,-136.53
52.386868,-1.497609,131.7,11.36,3,66.69,19 / 20,5156510,2019-09-06 20:46:02:253,-2.3535,2.2363,9.525,-0.03,0.0037,9.8066,0.3139,-0.001,-0.0083,-22.75,-34.31,3.75,309.64,-84.27,-143.64
52.386868,-1.497609,131.7,11.36,3,66.69,19 / 20,5156609,2019-09-06 20:46:02:352,1.3577,0.4451,8.4732,0.0036,0.0099,9.8066,-0.0158,-0.0311,-0.0112,-22.81,-34.87,4.19,306.33,-83.94,-146.03
52.386868,-1.497609,131.7,11.36,3,66.69,19 / 20,5156710,2019-09-06 20:46:02:453,-1.9951,2.3305,8.6437,-0.064,0.0096,9.8063,0.0457,-0.1525,0.0902,-23.25,-34.12,4.25,305.32,-83.56,-146.69
52.386868,-1.497609,131.7,11.36,3,66.69,19 / 20,5156809,2019-09-06 20:46:02:552,-1.3615,0.8865,9.5094,-0.0603,-0.0086,9.8064,-0.1187,0.1333,-0.0623,-23.44,-34.62,4.13,307.3,-83.9,-145.1
52.386868,-1.497609,131.7,11.36,3,66.69,19 / 20,5156910,2019-09-06 20:46:02:653,-1.2563,0.093,9.7904,-0.0206,0.0124,9.8065,0.0441,0.021,-0.0452,-23.37,-33.87,3.63,306.59,-84.02,-146.11
52.386868,-1.497609,131.7,11.36,3,66.69,19 / 20,5157010,2019-09-06 20:46:02:753,-1.4641,-0.1975,10.1472,0.0128,-0.0113,9.8065,0.0278,-0.0334,0.0637,-23.75,-33.56,4.13,307.34,-84.08,-145.37
52.386868,-1.497609,131.7,11.36,3,66.69,19 / 20,5157109,2019-09-06 20:46:02:852,-0.4922,-0.8791,9.7542,0.0036,-0.011,9.8066,0.0764,0.0098,-0.0409,-23.5,-33.87,3.63,307.87,-83.82,-144.7
52.386868,-1.497609,131.7,11.36,3,66.69,19 / 20,5157210,2019-09-06 20:46:02:953,0.0324,-0.501,9.6107,-0.0006,0.0061,9.8066,0.0628,0.0262,0.0055,-23.31,-34,4.25,306.15,-83.83,-146.27
52.386868,-1.497609,131.7,11.36,3,66.69,19 / 20,5157310,2019-09-06 20:46:03:053,-0.5218,-0.2838,9.9529,-0.0256,0.0053,9.8066,-0.0671,0.021,-0.055,-24.19,-35.31,3.69,306.12,-83.99,-146.18
52.386868,-1.497609,131.7,11.36,3,66.69,19 / 20,5157409,2019-09-06 20:46:03:152,-0.6366,-0.0619,10.2381,-0.0016,0.0091,9.8066,-0.0355,-0.032,0.0116,-23.31,-34.62,3.94,306.73,-84.13,-145.91
52.386868,-1.497609,131.7,11.36,3,66.69,19 / 20,5157510,2019-09-06 20:46:03:253,-1.7139,0.7584,9.6233,0.0161,0.0078,9.8066,-0.0437,0,-0.0147,-23.44,-34.56,3.69,306.68,-84.3,-146.17
52.386868,-1.497609,131.7,11.36,3,66.69,19 / 20,5157609,2019-09-06 20:46:03:352,-1.4683,-0.2373,9.7199,-0.0089,-0.0007,9.8066,0.0195,-0.0499,0.0465,-23.56,-34.37,4.25,307.75,-84.39,-145.35
52.386868,-1.497609,131.7,11.36,3,66.69,19 / 20,5157709,2019-09-06 20:46:03:452,-1.4299,-0.2497,9.3724,0.0171,-0.0106,9.8066,0.154,-0.0338,0.0146,-23.87,-34.31,4.25,307.45,-84.15,-145.36
52.386868,-1.497609,131.7,11.36,3,66.69,19 / 20,5157809,2019-09-06 20:46:03:552,-0.9979,-1.3734,10.4643,-0.0285,0.0028,9.8066,0.099,-0.0854,0.0269,-23.94,-34.37,4.13,308.26,-84.06,-144.5
52.386868,-1.497609,131.7,11.36,3,66.69,19 / 20,5157910,2019-09-06 20:46:03:653,-0.6629,0.5158,9.9976,-0.0293,0.008,9.8065,0.0603,0.0351,0.0054,-23.12,-34.06,4.38,307.39,-84.04,-145.4
52.386868,-1.497609,131.7,11.36,3,66.69,19 / 20,5158010,2019-09-06 20:46:03:753,-0.1347,0.0041,10.3539,-0.0024,-0.0148,9.8066,0.0658,-0.0507,0.0511,-23.44,-34.37,4.94,310.71,-83.96,-144.77
52.386868,-1.497609,131.7,11.36,3,66.69,19 / 20,5158110,2019-09-06 20:46:03:853,-1.3737,0.0533,9.7562,-0.0073,-0.0043,9.8066,-0.067,0.0512,0.0134,-23.25,-33.75,3.81,310.58,-83.97,-142.44
52.386868,-1.497609,131.7,11.36,3,66.69,19 / 20,5158210,2019-09-06 20:46:03:953,-0.6384,-0.0037,9.6932,0.0078,0.0053,9.8066,-0.052,0.0106,-0.0402,-23,-33.94,4.06,311.77,-84.08,-141.5
52.386868,-1.497609,131.7,11.36,3,66.69,19 / 20,5158309,2019-09-06 20:46:04:052,-1.5678,0.275,10.0986,0.0039,0.0158,9.8066,0.012,-0.0138,-0.0208,-22.69,-34.19,4,311.47,-84.26,-141.97
52.386868,-1.497609,131.7,11.36,3,66.69,19 / 20,5158409,2019-09-06 20:46:04:152,-1.378,0.7767,10.0309,0.0003,0.0091,9.8066,-0.0463,0.059,-0.0231,-23.06,-34.37,3.56,312.24,-84.39,-141.43
52.386868,-1.497609,131.7,11.36,3,66.69,19 / 20,5158510,2019-09-06 20:46:04:253,-1.0723,0.194,9.3561,-0.0165,-0.0043,9.8066,-0.0454,0.0548,-0.0245,-23.19,-33.62,3.88,311.6,-84.56,-142.19
52.386868,-1.497609,131.7,11.36,3,66.69,19 / 20,5158609,2019-09-06 20:46:04:352,-1.074,1.4002,9.7173,-0.0036,0.0066,9.8066,-0.0077,0.0456,-0.0116,-23.25,-33.87,3.75,312.31,-84.64,-141.65
52.386868,-1.497609,131.7,11.36,3,66.69,19 / 20,5158709,2019-09-06 20:46:04:452,-1.6226,0.4927,9.2814,0.0091,0.0019,9.8066,-0.0293,0.0245,0.0615,-23.25,-34.25,3.19,309.66,-84.65,-141.59
52.386868,-1.497609,131.7,11.36,3,66.69,19 / 20,5158809,2019-09-06 20:46:04:552,-1.7577,0.5182,9.8949,-0.0196,0.0011,9.8066,-0.0769,0.1189,-0.0894,-22.44,-33.75,3.88,315.16,-84.82,-139.46
52.386868,-1.497609,131.7,11.36,3,66.69,19 / 20,5158910,2019-09-06 20:46:04:653,-1.5885,0.7087,9.83,-0.0172,0.0164,9.8065,0.0679,0.1346,-0.0283,-22.69,-34.12,3.88,314.33,-85.05,-140.26
52.386868,-1.497609,131.7,11.36,3,66.69,19 / 20,5159010,2019-09-06 20:46:04:753,-1.3618,0.6596,10.1844,-0.0089,0.0116,9.8065,0.0592,0.1409,-0.0518,-22.75,-34.44,2.75,312.33,-85.23,-139.83
52.386868,-1.497609,131.7,11.36,3,66.69,19 / 20,5159110,2019-09-06 20:46:04:853,-1.2268,1.0428,10.165,-0.0378,0.0143,9.8065,0.0435,0.1219,-0.0397,-22.12,-33.87,2.63,312.65,-85.62,-140.09
52.386868,-1.497609,131.7,11.36,3,66.69,19 / 20,5159210,2019-09-06 20:46:04:953,-1.7598,0.2046,10.3198,0.004,0.0206,9.8065,0.0544,0.1707,-0.0644,-22.12,-34.31,2.44,305.6,-85.68,-144.1
52.386868,-1.497609,131.7,11.36,3,66.69,19 / 20,5159309,2019-09-06 20:46:05:052,-0.9118,0.9742,9.8472,-0.0073,0.0262,9.8066,-0.0065,0.2124,-0.0883,-21.69,-35.37,2,301.63,-85.84,-147.87
52.386868,-1.497609,131.7,11.36,3,66.69,19 / 20,5159410,2019-09-06 20:46:05:153,-1.3319,1.3305,10.3845,0.0308,0.0173,9.8065,0.0533,0.2223,-0.0545,-21.87,-34.75,1.31,293.91,-85.88,-152.63
52.386868,-1.497609,131.7,11.36,3,66.69,19 / 20,5159509,2019-09-06 20:46:05:252,-0.8357,1.6759,9.859,-0.0061,0.0187,9.8066,0.018,0.2208,-0.0316,-20.81,-34.56,1.56,291.19,-85.83,-157.72
52.386868,-1.497609,131.7,11.36,3,66.69,19 / 20,5159610,2019-09-06 20:46:05:353,-0.7558,0.6746,10.478,0.0412,0.0054,9.8065,-0.0056,0.2028,-0.0307,-21.31,-35.37,1.69,286.78,-85.58,-161.56
52.386868,-1.497609,131.7,11.36,3,66.69,19 / 20,5159712,2019-09-06 20:46:05:455,-1.3621,0.8466,9.9054,0.0124,0.0158,9.8066,-0.0302,0.2332,-0.0498,-21.31,-35.62,0.56,282.12,-85.61,-163.18
52.386868,-1.497609,131.7,11.36,3,66.69,19 / 20,5159809,2019-09-06 20:46:05:552,-1.4117,0.5051,10.3134,-0.0104,0.0164,9.8065,0.0225,0.2295,-0.0421,-20.69,-35.12,0.19,276.28,-85.66,-166.48
52.386868,-1.497609,131.7,11.36,3,66.69,19 / 20,5159909,2019-09-06 20:46:05:652,-1.3369,0.1766,10.2373,-0.0081,0.0187,9.8066,0.0738,0.2165,-0.0584,-20.19,-35.5,0.25,272.75,-85.66,-169.63
52.386868,-1.497609,131.7,11.36,3,66.69,19 / 20,5160009,2019-09-06 20:46:05:752,-1.616,0.7388,9.6162,-0.0107,0.0102,9.8066,0.0681,0.2286,-0.0489,-20.06,-35.5,0.38,269.97,-85.54,-172.19
52.386868,-1.497609,131.7,11.36,3,66.69,19 / 20,5160110,2019-09-06 20:46:05:853,-0.7522,1.1158,9.9308,-0.0035,0.0124,9.8066,0.0472,0.2579,-0.0559,-19.75,-36.12,-0.44,266.77,-85.46,-175.04
52.386868,-1.497609,131.7,11.36,3,66.69,19 / 20,5160210,2019-09-06 20:46:05:953,-0.2345,1.0304,9.8154,0.0136,0.0144,9.8066,0.067,0.2375,-0.0319,-19.69,-35.69,-1.44,260.73,-85.21,-177.88
52.386868,-1.497609,131.7,11.36,3,66.69,19 / 20,5160309,2019-09-06 20:46:06:052,0.0744,0.9795,9.5401,0.0121,0.0037,9.8066,0.0129,0.2486,-0.0147,-19.12,-36.12,-0.69,259.31,-85.04,-178.43
52.386868,-1.497609,131.7,11.36,3,66.69,19 / 20,5160410,2019-09-06 20:46:06:153,0.0831,0.6295,9.7558,0.0119,0.005,9.8066,0.0072,0.2543,-0.0383,-19.19,-35.37,-0.81,259.14,-84.94,-178.69
52.386868,-1.497609,131.7,11.36,3,66.69,19 / 20,5160510,2019-09-06 20:46:06:253,-0.1587,0.5193,10.0741,-0.0087,0.0042,9.8066,-0.0366,0.2681,-0.0333,-18.37,-36.12,-1.44,257.19,-84.95,-179.78
52.386868,-1.497609,131.7,11.36,3,66.69,19 / 20,5160609,2019-09-06 20:46:06:352,-0.2073,0.9698,9.7026,-0.0273,0.0102,9.8066,-0.0306,0.2969,-0.0915,-19.06,-36.5,-2.06,253.14,-85.22,177.77
52.386868,-1.497609,131.7,11.36,3,66.69,19 / 20,5160710,2019-09-06 20:46:06:453,-0.3638,0.8549,9.8802,-0.0297,0.014,9.8065,-0.0079,0.2903,-0.0655,-18.25,-35.62,-3.06,246.45,-85.4,174.21
52.386868,-1.497609,131.7,11.36,3,66.69,19 / 20,5160810,2019-09-06 20:46:06:553,-0.7592,1.4233,10.3935,-0.0229,0.0121,9.8066,0.0086,0.3,-0.0388,-17.81,-36.25,-3.62,240.56,-85.65,170.44
52.386868,-1.497609,131.7,11.36,3,66.69,19 / 20,5160909,2019-09-06 20:46:06:652,-0.6556,0.7797,10.1343,-0.0109,-0.0013,9.8066,0.0028,0.3192,-0.0471,-16.44,-36.12,-4,237.25,-85.72,169.1
52.386868,-1.497609,131.7,11.36,3,66.69,19 / 20,5161009,2019-09-06 20:46:06:752,-0.7649,1.5993,9.498,0.0129,0.0073,9.8066,0.0606,0.2994,-0.005,-16.56,-35.81,-4.06,238.22,-85.67,169.01
52.386868,-1.497609,131.7,11.36,3,66.69,19 / 20,5161109,2019-09-06 20:46:06:852,0.177,1.2475,9.3535,0.0083,0.0093,9.8066,-0.006,0.3737,-0.1017,-16.37,-36.31,-4.69,234.19,-85.42,169.47
52.386868,-1.497609,131.7,11.36,3,66.69,19 / 20,5161209,2019-09-06 20:46:06:952,0.6733,1.1715,10.0126,0.0086,0.0346,9.8066,0.0188,0.3617,-0.0672,-15.31,-36.69,-5.19,228.18,-85.09,165.12
52.386868,-1.497609,131.7,11.36,3,66.69,19 / 20,5161309,2019-09-06 20:46:07:052,-0.1697,1.4059,9.731,0.0076,0.0228,9.8066,0.0312,0.3621,-0.0645,-14.69,-36.56,-5.5,226.04,-84.94,162.93
52.386868,-1.497609,131.7,11.36,3,66.69,19 / 20,5161409,2019-09-06 20:46:07:152,-0.0137,1.5924,10.0158,0.0115,0.0143,9.8066,0.0089,0.3339,-0.004,-14.31,-36.69,-5.69,220.34,-84.72,161.75
52.386868,-1.497609,131.7,11.36,3,66.69,19 / 20,5161510,2019-09-06 20:46:07:253,0.0412,1.0893,10.516,-0.009,-0.002,9.8066,0.0377,0.3928,-0.0707,-13.87,-35.62,-5.69,220.12,-84.71,161.28
52.386868,-1.497609,131.7,11.36,3,66.69,19 / 20,5161609,2019-09-06 20:46:07:352,-0.0545,2.0224,9.6701,-0.0069,0.0014,9.8066,0.0369,0.3126,0.0468,-13.19,-36.62,-6.5,217.52,-84.6,160.72
52.386868,-1.497609,131.7,11.36,3,66.69,19 / 20,5161710,2019-09-06 20:46:07:453,0.8956,1.0613,9.7649,0.008,0.0206,9.8066,0.0311,0.4334,-0.088,-12.56,-37,-6,218.63,-84.36,162.4
52.386868,-1.497609,131.7,11.36,3,66.69,19 / 20,5161809,2019-09-06 20:46:07:552,-0.0712,2.5326,9.2769,0.0027,0.0158,9.8066,0.0321,0.3943,-0.0508,-11.5,-36.62,-6.19,213.08,-83.99,161.28
52.386868,-1.497609,131.7,11.36,3,66.69,19 / 20,5161909,2019-09-06 20:46:07:652,0.433,1.2225,9.9045,-0.0363,0.0069,9.8065,0.0621,0.4655,-0.1346,-11.5,-37.19,-6.37,211.5,-83.68,159.75
52.386868,-1.497609,131.7,11.36,3,66.69,19 / 20,5162010,2019-09-06 20:46:07:753,-0.0198,1.8265,10.1312,-0.0069,0.009,9.8066,0.0912,0.3481,-0.0109,-10.44,-37.75,-6.62,204.62,-83.46,157.98
52.386868,-1.497609,131.7,11.36,3,66.69,19 / 20,5162110,2019-09-06 20:46:07:853,-0.4147,3.5296,10.3983,0.0048,0.0161,9.8066,-0.1177,0.3735,-0.0164,-9.25,-37.12,-7.69,199.39,-83.29,157.75
52.386868,-1.497609,131.7,11.36,3,66.69,19 / 20,5162210,2019-09-06 20:46:07:953,0.2612,2.0358,10.5115,0.0007,-0.0181,9.8066,-0.0321,0.4223,-0.017,-8.62,-37.44,-7.69,199.72,-83.46,158.01
52.386868,-1.497609,131.7,11.36,3,66.69,19 / 20,5162310,2019-09-06 20:46:08:053,-1.4453,1.2316,9.3726,0.0163,0.0369,9.8066,-0.0455,0.446,-0.0801,-8.19,-37.62,-7.25,199.52,-83.3,158.61
52.38715,-1.496801,131.45,5.18,3,6.79,19 / 20,5162409,2019-09-06 20:46:08:152,-0.0335,2.1518,9.8215,0.0313,0.0499,9.8064,-0.0311,0.3922,-0.0352,-7.56,-37.56,-7.12,198.75,-83.46,157.34
52.38715,-1.496801,131.45,5.18,3,6.79,19 / 20,5162509,2019-09-06 20:46:08:252,-0.682,1.9304,9.9017,0.0031,0.0149,9.8065,-0.036,0.3872,-0.0071,-6.75,-37.25,-8.06,193.16,-82.97,157.45
52.38715,-1.496801,131.45,5.18,3,6.79,19 / 20,5162609,2019-09-06 20:46:08:352,-1.0942,0.9277,9.73,-0.0008,0.0078,9.8065,-0.0389,0.4154,-0.0683,-3.87,-39.75,-11.12,178.79,-82.9,158.31
52.38715,-1.496801,131.45,5.18,3,6.79,19 / 20,5162710,2019-09-06 20:46:08:453,-1.1495,1.4289,10.2723,0.0003,0.003,9.8066,0.017,0.345,-0.0326,-3.06,-39.56,-11.06,175.17,-82.82,157.83
52.38715,-1.496801,131.45,5.18,3,6.79,19 / 20,5162809,2019-09-06 20:46:08:552,-1.0212,0.9704,10.09,-0.0051,0.0053,9.8065,0.0223,0.3467,-0.063,-1.87,-39.44,-10.94,171.77,-82.79,157.93
52.38715,-1.496801,131.45,5.18,3,6.79,19 / 20,5162910,2019-09-06 20:46:08:653,-1.8656,1.0596,10.203,-0.0117,0.0137,9.8066,0.0216,0.3406,-0.0363,-1.37,-39.19,-11.12,167.72,-82.6,157.07
52.38715,-1.496801,131.45,5.18,3,6.79,19 / 20,5163010,2019-09-06 20:46:08:753,-0.6586,1.702,9.9438,-0.0036,0.0172,9.8066,0.0556,0.3252,-0.0343,-1.31,-39.5,-11.12,167.96,-82.35,157.24
52.38715,-1.496801,131.45,5.18,3,6.79,19 / 20,5163109,2019-09-06 20:46:08:852,-1.5287,1.3881,9.8064,0.0004,0.0254,9.8066,0.0175,0.3736,-0.0419,-0.81,-39.19,-11.62,167.61,-82.08,157.47
52.38715,-1.496801,131.45,5.18,3,6.79,19 / 20,5163210,2019-09-06 20:46:08:953,-1.3125,0.5913,9.6573,0.0024,0.0254,9.8066,-0.0619,0.3359,-0.039,0.44,-40,-10.19,165.9,-81.77,158.02
52.38715,-1.496801,131.45,5.18,3,6.79,19 / 20,5163310,2019-09-06 20:46:09:053,-1.3481,1.558,9.8217,0.0014,0.0174,9.8065,-0.0424,0.3227,-0.0144,0.94,-39.94,-10.75,162.03,-81.7,158.12
52.38715,-1.496801,131.45,5.18,3,6.79,19 / 20,5163410,2019-09-06 20:46:09:153,-0.9213,1.154,10.0924,0.008,0.0042,9.8066,-0.0555,0.2977,-0.0151,0.88,-39.37,-10.75,162.16,-81.8,158.63
52.38715,-1.496801,131.45,5.18,3,6.79,19 / 20,5163509,2019-09-06 20:46:09:252,-0.7942,0.4877,10.0042,0.0067,0.018,9.8066,0.0784,0.268,-0.0113,1.19,-40,-10.5,163.2,-81.77,159.58
52.38715,-1.496801,131.45,5.18,3,6.79,19 / 20,5163610,2019-09-06 20:46:09:353,-0.5064,0.1839,9.9415,0.0113,-0.0094,9.8066,0.0228,0.2213,0.0153,1.63,-39.62,-10.75,160.08,-81.82,160.57
52.38715,-1.496801,131.45,5.18,3,6.79,19 / 20,5163709,2019-09-06 20:46:09:452,-0.0827,0.5618,9.467,0.0158,-0.0226,9.8066,0.0568,0.1691,0.0093,2.13,-39.62,-10.5,160.84,-81.83,161.78
52.38715,-1.496801,131.45,5.18,3,6.79,19 / 20,5163810,2019-09-06 20:46:09:553,-0.8988,1.2814,9.8329,0.0099,0.0097,9.8066,0.0105,0.2106,0.0107,2,-39.81,-10.62,162.15,-81.71,163.52
52.38715,-1.496801,131.45,5.18,3,6.79,19 / 20,5163909,2019-09-06 20:46:09:652,0.8505,0.9662,10.0867,0.0111,-0.0076,9.8066,-0.0153,0.1682,-0.0727,1.75,-39.44,-11,162.28,-81.79,164.03
52.38715,-1.496801,131.45,5.18,3,6.79,19 / 20,5164010,2019-09-06 20:46:09:753,0.5095,0.9105,10.3077,-0.0063,-0.0152,9.8065,0.128,0.0673,0.0526,2.63,-39.06,-10.06,158.43,-81.84,164.08
52.38715,-1.496801,131.45,5.18,3,6.79,19 / 20,5164110,2019-09-06 20:46:09:853,0.7307,1.4382,9.6886,0.0065,0.0337,9.8065,-0.112,0.1013,-0.0115,1.63,-40,-10.81,161.77,-81.99,163.26
52.38715,-1.496801,131.45,5.18,3,6.79,19 / 20,5164209,2019-09-06 20:46:09:952,-0.0359,2.3895,9.4218,-0.002,0.0232,9.8066,0.0372,0.0893,0.0439,2.81,-39.37,-10.56,158.59,-81.86,163.85
52.38715,-1.496801,131.45,5.18,3,6.79,19 / 20,5164309,2019-09-06 20:46:10:052,0.0134,1.0456,9.4674,0.011,0.0541,9.8065,-0.0711,0.0306,0.0208,3.31,-39.81,-10.19,159.49,-81.75,165.26
52.38715,-1.496801,131.45,5.18,3,6.79,19 / 20,5164409,2019-09-06 20:46:10:152,-0.1806,0.0504,9.2916,0.0021,-0.0261,9.8066,-0.0787,0.0339,0.0554,3,-39.31,-10.5,158.91,-81.9,164.86
52.38715,-1.496801,131.45,5.18,3,6.79,19 / 20,5164510,2019-09-06 20:46:10:253,0.4646,0.9674,9.5785,-0.0029,0.0206,9.8066,0.1254,0.0522,-0.0318,3.69,-39.81,-10.62,156.55,-81.74,165.47
52.38715,-1.496801,131.45,5.18,3,6.79,19 / 20,5164610,2019-09-06 20:46:10:353,0.0257,0.9408,9.9705,0.0003,-0.0326,9.8066,0.1093,0.1131,-0.0018,2.88,-39.75,-11.06,159.58,-81.69,164.84
52.38715,-1.496801,131.45,5.18,3,6.79,19 / 20,5164710,2019-09-06 20:46:10:453,-0.0905,1.2553,9.8586,-0.005,0.0264,9.8066,-0.051,0.0242,-0.036,3.31,-39.37,-9.94,158.27,-81.84,163.84
52.38715,-1.496801,131.45,5.18,3,6.79,19 / 20,5164809,2019-09-06 20:46:10:552,-0.179,0.2271,9.4386,-0.0065,0.0315,9.8066,-0.0643,0.0549,-0.047,3,-39.81,-10.87,158.95,-81.64,163.84
52.38715,-1.496801,131.45,5.18,3,6.79,19 / 20,5164910,2019-09-06 20:46:10:653,-0.1705,0.5508,9.4841,-0.0091,0.0186,9.8066,-0.0145,0.0643,0.0268,3.13,-39.44,-10.87,158.49,-81.63,163.42
52.38715,-1.496801,131.45,5.18,3,6.79,19 / 20,5165009,2019-09-06 20:46:10:752,0.3322,0.1694,10.128,-0.002,-0.0035,9.8066,0.0168,0.018,-0.0035,3.31,-39.62,-10.69,158.35,-81.69,163.02
52.38715,-1.496801,131.45,5.18,3,6.79,19 / 20,5165110,2019-09-06 20:46:10:853,0.3032,0.6914,9.8947,-0.0018,0.0074,9.8066,0.0476,0.0005,-0.0153,3.69,-39.44,-10.94,154.8,-81.61,163.05
52.38715,-1.496801,131.45,5.18,3,6.79,19 / 20,5165210,2019-09-06 20:46:10:953,0.1014,0.465,9.8259,-0.0056,0.0053,9.8066,-0.0352,0.0677,0.0046,3.63,-39.94,-10.62,155.06,-81.53,163
52.38715,-1.496801,131.45,5.18,3,6.79,19 / 20,5165310,2019-09-06 20:46:11:053,0.3347,0.4619,9.7777,0.0046,-0.014,9.8066,-0.0373,0.0882,-0.0102,4.25,-39.62,-10.25,154.37,-81.53,162.69
52.38715,-1.496801,131.45,5.18,3,6.79,19 / 20,5165410,2019-09-06 20:46:11:153,0.2715,0.0143,9.9954,0.0044,-0.0287,9.8066,0.0832,0.0037,-0.0187,4.06,-39.75,-10.94,154.36,-81.81,162.38
52.38715,-1.496801,131.45,5.18,3,6.79,19 / 20,5165509,2019-09-06 20:46:11:252,-0.0804,1.7046,9.7145,-0.0008,-0.0272,9.8066,-0.0856,0.0415,0.0288,4,-39.5,-10.5,153.29,-81.86,161.97
52.38715,-1.496801,131.45,5.18,3,6.79,19 / 20,5165610,2019-09-06 20:46:11:353,-0.3888,0.8088,10.0804,-0.0067,0.049,9.8065,-0.0017,0.0622,-0.0133,4.06,-39.87,-10.5,153.8,-81.62,161.99
52.38715,-1.496801,131.45,5.18,3,6.79,19 / 20,5165710,2019-09-06 20:46:11:453,-0.309,1.2222,10.2461,-0.0066,0.0062,9.8066,-0.0446,0.036,-0.0114,4.38,-39.19,-10.06,153.37,-81.65,161.76
52.38715,-1.496801,131.45,5.18,3,6.79,19 / 20,5165809,2019-09-06 20:46:11:552,-0.2637,0.7032,10.1822,-0.0011,0.0189,9.8066,-0.0221,0.0807,0.0277,4.75,-39.31,-10.56,150.7,-81.57,161.98
52.38715,-1.496801,131.45,5.18,3,6.79,19 / 20,5165910,2019-09-06 20:46:11:653,0.3301,0.5299,9.446,0.0001,-0.011,9.8066,-0.0001,0.037,-0.0009,5.31,-38.94,-10.37,150.81,-81.4,162.88
52.38715,-1.496801,131.45,5.18,3,6.79,19 / 20,5166010,2019-09-06 20:46:11:753,0.8234,0.7152,9.2878,0.0128,-0.0247,9.8066,-0.0053,0.105,-0.0262,4.75,-39.31,-10.87,151.85,-81.52,163.54
52.38715,-1.496801,131.45,5.18,3,6.79,19 / 20,5166110,2019-09-06 20:46:11:853,0.5124,0.3982,10.0158,0.0062,-0.0161,9.8066,-0.0156,0.0562,-0.0232,4.56,-38.75,-10.44,151.01,-81.56,163.42
52.38715,-1.496801,131.45,5.18,3,6.79,19 / 20,5166210,2019-09-06 20:46:11:953,0.0428,0.3587,10.0694,0.0013,-0.0138,9.8066,0.0101,0.0984,-0.0263,4.63,-38.81,-10.81,151.25,-81.76,163.05
52.38715,-1.496801,131.45,5.18,3,6.79,19 / 20,5166310,2019-09-06 20:46:12:053,-0.0232,0.4045,10.2263,-0.008,0.0054,9.8066,-0.0117,0.0581,-0.0324,4.81,-39.31,-10.94,150.98,-81.68,162.55
52.38715,-1.496801,131.45,5.18,3,6.79,19 / 20,5166410,2019-09-06 20:46:12:153,0.1665,1.056,9.7204,-0.0045,0.0244,9.8065,-0.0367,0.0551,0.0077,4.19,-38.94,-10.62,154.74,-81.45,162.74
52.38715,-1.496801,131.45,5.18,3,6.79,19 / 20,5166509,2019-09-06 20:46:12:252,0.468,1.0289,10.3101,0.0017,0.0299,9.8066,0.0899,0.0341,0.0042,4.5,-39.31,-10.06,151.72,-81.12,163.76
52.38715,-1.496801,131.45,5.18,3,6.79,19 / 20,5166609,2019-09-06 20:46:12:352,-0.4253,0.4087,10.1095,0.0049,-0.0101,9.8066,0.0128,0.0528,0.0014,4.56,-39.44,-10.31,151.89,-81.14,164.03
52.38715,-1.496801,131.45,5.18,3,6.79,19 / 20,5166710,2019-09-06 20:46:12:453,0.3033,1.4885,9.9084,0.0009,-0.0135,9.8066,-0.0666,0.0198,-0.0064,4.75,-39.19,-10.5,151.86,-81.21,164.1
52.38715,-1.496801,131.45,5.18,3,6.79,19 / 20,5166809,2019-09-06 20:46:12:552,-0.0591,-0.3751,8.8908,0.0007,0.0052,9.8066,-0.0479,0.0477,0.0387,4.94,-39.44,-10.69,152.92,-81.22,164.65
52.38715,-1.496801,131.45,5.18,3,6.79,19 / 20,5166910,2019-09-06 20:46:12:653,0.9729,0.2828,9.7161,0.0056,0.0272,9.8065,-0.0246,0.0673,-0.0219,5,-39.56,-10.12,152.88,-81.2,165.23
52.38715,-1.496801,131.45,5.18,3,6.79,19 / 20,5167009,2019-09-06 20:46:12:752,-0.4626,-0.7272,9.8786,0.0025,0.0056,9.8066,-0.0384,0.0424,-0.0666,4.75,-39.75,-10.25,152.07,-81.4,164.35
52.38715,-1.496801,131.45,5.18,3,6.79,19 / 20,5167110,2019-09-06 20:46:12:853,-0.1312,0.1226,10.2223,-0.0102,-0.0092,9.8066,0.0961,0.0681,0.0063,5.5,-39.19,-9.87,148.15,-81.36,163.99
52.38715,-1.496801,131.45,5.18,3,6.79,19 / 20,5167210,2019-09-06 20:46:12:953,0.4965,0.5844,10.1307,-0.0106,-0.0021,9.8066,0.1142,0.0376,-0.0054,5.06,-39.62,-10.12,151.56,-81.29,163.41
52.38715,-1.496801,131.45,5.18,3,6.79,19 / 20,5167309,2019-09-06 20:46:13:052,0.2088,0.7725,9.9942,-0.0018,-0.0272,9.8065,-0.175,0.0488,-0.0648,5,-39.25,-9.56,150.72,-81.32,162.6
52.38715,-1.496801,131.45,5.18,3,6.79,19 / 20,5167410,2019-09-06 20:46:13:153,0.7598,-1.146,9.3644,-0.0203,0.0361,9.8065,-0.1292,0.0107,-0.0139,5.5,-39.31,-10.06,147.17,-81.05,162.01
52.38715,-1.496801,131.45,5.18,3,6.79,19 / 20,5167509,2019-09-06 20:46:13:252,0.2861,0.3746,9.1727,-0.0235,0.0464,9.8065,0.1105,0.0442,-0.0391,5.63,-40.12,-10.31,147.28,-80.93,161.51
52.38715,-1.496801,131.45,5.18,3,6.79,19 / 20,5167609,2019-09-06 20:46:13:352,0.7447,0.4404,9.7949,0.0037,-0.0361,9.8065,0.1193,0.1227,-0.0387,5.88,-39.37,-10.37,146.72,-80.89,161.06
52.38715,-1.496801,131.45,5.18,3,6.79,19 / 20,5167709,2019-09-06 20:46:13:452,0.7471,0.1377,10.2089,0.0115,-0.0509,9.8065,-0.0837,0.0625,-0.0655,6.19,-39.37,-10.19,145.56,-81.04,159.66
52.38715,-1.496801,131.45,5.18,3,6.79,19 / 20,5167810,2019-09-06 20:46:13:553,0.7627,0.2364,10.454,-0.0093,0.0294,9.8065,0.0549,0.0123,0.0503,5.5,-39.25,-10.37,146,-80.81,159.86
52.38715,-1.496801,131.45,5.18,3,6.79,19 / 20,5167909,2019-09-06 20:46:13:652,-0.4181,0.5709,9.6119,0.0099,-0.0262,9.8065,-0.083,-0.0074,-0.0112,6.38,-39.19,-10.06,145.86,-80.95,159.92
52.38715,-1.496801,131.45,5.18,3,6.79,19 / 20,5168009,2019-09-06 20:46:13:752,-0.5198,0.3808,10.2862,-0.0144,0.0205,9.8065,0.0295,0.0731,0.0262,6.75,-39.62,-10.19,142.86,-80.77,159.6
52.38715,-1.496801,131.45,5.18,3,6.79,19 / 20,5168109,2019-09-06 20:46:13:852,0.4098,-0.0745,10.648,0.0115,-0.0025,9.8066,-0.0617,0.0215,-0.0218,5.38,-39.5,-10.87,149.63,-81.02,159.59
52.38715,-1.496801,131.45,5.18,3,6.79,19 / 20,5168209,2019-09-06 20:46:13:952,1.4941,0.1334,10.7906,-0.0163,0.0524,9.8064,-0.0016,0.0251,0.0118,6.38,-39.19,-10.44,145.64,-80.99,159.68
52.38715,-1.496801,131.45,5.18,3,6.79,19 / 20,5168310,2019-09-06 20:46:14:053,-0.994,-0.8152,9.3983,-0.0007,0.0215,9.8065,-0.2319,-0.0039,-0.0078,6.38,-39.44,-9.87,146.55,-80.56,160.19
52.38715,-1.496801,131.45,5.18,3,6.79,19 / 20,5168410,2019-09-06 20:46:14:153,-0.0165,-0.1576,9.7198,-0.0068,0.0449,9.8065,-0.3541,0.0726,-0.0351,6.13,-39.12,-9.69,147.75,-80.3,161.51
52.38715,-1.496801,131.45,5.18,3,6.79,19 / 20,5168510,2019-09-06 20:46:14:253,1.5931,-0.2988,10.2588,-0.0046,0.0265,9.8065,-0.0358,0.0103,-0.0024,6.44,-39.12,-10.44,147.1,-80.53,160.96
52.38715,-1.496801,131.45,5.18,3,6.79,19 / 20,5168610,2019-09-06 20:46:14:353,-0.3901,-0.8031,9.5169,-0.013,0.0417,9.8065,-0.0484,0.036,-0.0271,6.88,-39.25,-9.87,144.43,-80.49,161.84
52.38715,-1.496801,131.45,5.18,3,6.79,19 / 20,5168710,2019-09-06 20:46:14:453,0.8068,0.4388,9.6365,-0.0041,0.0419,9.8065,-0.0281,0.0809,0.002,6.5,-39.19,-9.94,144.67,-80.47,162.14
52.38715,-1.496801,131.45,5.18,3,6.79,19 / 20,5168810,2019-09-06 20:46:14:553,-0.1443,-0.2135,9.8192,0.0096,-0.0095,9.8065,0.0025,0.0565,0.0071,7,-39.12,-9.62,144.65,-80.48,162.14
52.38715,-1.496801,131.45,5.18,3,6.79,19 / 20,5168910,2019-09-06 20:46:14:653,1.5751,-0.0257,10.1461,0.0095,-0.0268,9.8066,-0.0305,-0.0013,-0.0142,7.25,-38.37,-9.87,144.29,-80.64,162.39
52.38715,-1.496801,131.45,5.18,3,6.79,19 / 20,5169009,2019-09-06 20:46:14:752,0.2351,-0.0291,10.4556,-0.0058,0.0107,9.8066,0.0164,0.0142,-0.0019,7.81,-38.94,-10.75,142.34,-80.48,161.83
52.38715,-1.496801,131.45,5.18,3,6.79,19 / 20,5169109,2019-09-06 20:46:14:852,-0.2494,-0.4279,10.1006,0.0018,0.0093,9.8066,0.103,0.0239,0.0063,6.5,-39.25,-12.56,147.46,-80.35,162.3
52.38715,-1.496801,131.45,5.18,3,6.79,19 / 20,5169209,2019-09-06 20:46:14:952,-0.2482,0.7235,10.1129,0.0064,-0.0013,9.8066,0.181,0.0808,-0.0168,2.94,-40,-11.25,159.33,-80.21,162.69
52.38715,-1.496801,131.45,5.18,3,6.79,19 / 20,5169310,2019-09-06 20:46:15:053,1.0739,0.0459,9.5215,0.0097,0.0106,9.8065,-0.1463,0.1094,-0.0358,1.94,-39.44,-8.56,162.56,-80.21,162.87
52.38715,-1.496801,131.45,5.18,3,6.79,19 / 20,5169409,2019-09-06 20:46:15:152,0.029,0.5043,9.8543,-0.0005,-0.0027,9.8066,-0.0831,0.0671,-0.0239,4.75,-39.5,-6.62,149.94,-80.23,163.08
52.38715,-1.496801,131.45,5.18,3,6.79,19 / 20,5169510,2019-09-06 20:46:15:253,0.4734,0.8354,10.189,0.001,-0.0129,9.8066,-0.01,0.0763,-0.0215,6.5,-38.75,-7.75,142.97,-80.32,162.62
52.38715,-1.496801,131.45,5.18,3,6.79,19 / 20,5169609,2019-09-06 20:46:15:352,0.652,-0.4947,10.2087,-0.0177,0.021,9.8066,0.01,0.058,-0.0236,7,-38.87,-8.37,142.72,-80.16,161.86
52.38715,-1.496801,131.45,5.18,3,6.79,19 / 20,5169709,2019-09-06 20:46:15:452,-0.5887,-0.2107,10.5444,-0.0147,0.0135,9.8066,0.0554,0.0057,0.0262,8.19,-39.31,-9.12,140.37,-80.06,161.4
52.38715,-1.496801,131.45,5.18,3,6.79,19 / 20,5169810,2019-09-06 20:46:15:553,0.069,-0.3735,10.2906,-0.0052,0.0272,9.8065,0.0147,0.0239,0.0063,7.75,-38.5,-9.12,140.83,-79.71,161.93
52.38715,-1.496801,131.45,5.18,3,6.79,19 / 20,5169910,2019-09-06 20:46:15:653,0.0603,-0.147,9.3482,0.0057,0.0111,9.8066,-0.0006,0.0202,0.0123,7.56,-39.56,-9.19,142.19,-79.64,162.65
52.38715,-1.496801,131.45,5.18,3,6.79,19 / 20,5170010,2019-09-06 20:46:15:753,0.0103,-0.2959,9.5098,0.015,-0.0172,9.8066,-0.0408,-0.0254,0.0361,7.81,-39.12,-9.12,141.88,-79.68,162.84
52.38715,-1.496801,131.45,5.18,3,6.79,19 / 20,5170109,2019-09-06 20:46:15:852,0.3058,-1.0661,9.9677,-0.0001,-0.0029,9.8066,0.1594,-0.0592,0.0241,7.19,-39.25,-8.69,144.93,-79.94,163.04
52.38715,-1.496801,131.45,5.18,3,6.79,19 / 20,5170210,2019-09-06 20:46:15:953,1.2028,-1.4545,9.682,0.0118,-0.0229,9.8066,0.056,-0.0046,0.0283,7.19,-39.25,-9.31,144.8,-80.03,163.02
52.38715,-1.496801,131.45,5.18,3,6.79,19 / 20,5170310,2019-09-06 20:46:16:053,0.0702,0.277,9.5259,0.0111,-0.0254,9.8066,0.1365,0.0258,-0.0108,7.94,-39.12,-8.69,141.71,-79.99,163.21
52.38715,-1.496801,131.45,5.18,3,6.79,19 / 20,5170410,2019-09-06 20:46:16:153,1.3982,-0.5695,9.7684,0.0015,0.0153,9.8065,-0.1223,-0.0364,0.0387,7.69,-39.31,-8.94,142.4,-79.77,163.82
52.38715,-1.496801,131.45,5.18,3,6.79,19 / 20,5170511,2019-09-06 20:46:16:254,0.4003,-0.5092,9.5847,-0.0017,0.012,9.8066,0.0117,0.0472,0.0216,7.69,-39.5,-9.69,144.04,-79.79,164.55
52.38715,-1.496801,131.45,5.18,3,6.79,19 / 20,5170610,2019-09-06 20:46:16:353,-0.0044,-0.9198,9.5072,0.0134,-0.0154,9.8065,0.0532,0.0047,-0.0115,7.81,-39.25,-9.37,142.73,-80,164.75
52.38715,-1.496801,131.45,5.18,3,6.79,19 / 20,5170709,2019-09-06 20:46:16:452,0.6546,-1.4644,9.6328,0.0026,-0.0105,9.8066,-0.0135,0.0149,0.0014,7.5,-38.87,-9.19,142.83,-80.01,164.93
52.38715,-1.496801,131.45,5.18,3,6.79,19 / 20,5170810,2019-09-06 20:46:16:553,0.7364,-0.7748,9.5066,-0.0075,0.0103,9.8066,-0.0908,0.0371,0.0076,7.69,-39.87,-9.31,143.12,-80.04,164.89
52.38715,-1.496801,131.45,5.18,3,6.79,19 / 20,5170910,2019-09-06 20:46:16:653,0.6507,-0.673,9.4534,-0.0029,0.0168,9.8066,0.0653,0.0096,-0.019,7.81,-39.12,-9.19,142.77,-80.04,164.9
52.38715,-1.496801,131.45,5.18,3,6.79,19 / 20,5171010,2019-09-06 20:46:16:753,0.4971,-0.0412,10.6118,0.0012,-0.0115,9.8066,0.042,-0.0013,0.0364,7.56,-39.19,-8.69,142.79,-80.05,164.93
52.38715,-1.496801,131.45,5.18,3,6.79,19 / 20,5171109,2019-09-06 20:46:16:852,0.2727,0.0869,10.1867,0.0139,-0.0148,9.8065,-0.0361,0.0086,-0.0055,7.5,-39.37,-8.81,142.76,-80.13,165.06
52.38715,-1.496801,131.45,5.18,3,6.79,19 / 20,5171210,2019-09-06 20:46:16:953,0.8914,-0.169,9.7293,-0.0088,0.0303,9.8066,-0.1353,0.014,0.0304,7.31,-39.25,-9.31,146.94,-79.97,166.15
52.38715,-1.496801,131.45,5.18,3,6.79,19 / 20,5171309,2019-09-06 20:46:17:052,-0.6582,-0.6324,10.0205,0.0081,0.0059,9.8066,0.0809,-0.0554,0.064,7.31,-39.25,-9.12,146.92,-80.12,166.42
52.38781,-1.497493,129.9,12.64,3,318.61,19 / 20,5171410,2019-09-06 20:46:17:153,0.5457,-2.3471,9.526,-0.0031,-0.0175,9.8066,0.0814,-0.0175,0.0955,6.63,-39.06,-9.06,147.62,-80.26,167.73
52.38781,-1.497493,129.9,12.64,3,318.61,19 / 20,5171509,2019-09-06 20:46:17:252,-0.1406,-1.5607,10.2226,0.009,-0.0047,9.8065,0.0772,-0.0081,0.0527,7.69,-39.56,-8.69,144.74,-80.29,167.79
52.38781,-1.497493,129.9,12.64,3,318.61,19 / 20,5171609,2019-09-06 20:46:17:352,0.4206,-0.4943,10.2335,0.0118,-0.008,9.8066,0.1392,-0.0613,-0.0028,7.38,-39.69,-9.19,148.53,-80.31,168.75
52.38781,-1.497493,129.9,12.64,3,318.61,19 / 20,5171710,2019-09-06 20:46:17:453,0.7491,0.4857,9.3251,0.0013,-0.0031,9.8066,-0.0903,-0.0271,-0.0032,7.06,-39.12,-8.56,148.76,-80.16,169.3
52.38781,-1.497493,129.9,12.64,3,318.61,19 / 20,5171810,2019-09-06 20:46:17:553,1.5902,-0.3595,9.4218,-0.0085,0.0142,9.8065,-0.0957,-0.0637,0.079,6.5,-39.62,-9.56,150.46,-80.02,169.52
52.38781,-1.497493,129.9,12.64,3,318.61,19 / 20,5171910,2019-09-06 20:46:17:653,0.9179,-0.3578,9.5025,-0.0014,0.0109,9.8066,-0.0039,-0.0939,-0.0179,7.19,-39.44,-9.56,150.19,-80.19,169.77
52.38781,-1.497493,129.9,12.64,3,318.61,19 / 20,5172010,2019-09-06 20:46:17:753,0.9681,-1.562,9.8021,-0.0117,-0.0057,9.8066,-0.0385,-0.0091,-0.0386,7.63,-39.69,-8.87,145.21,-80.4,168.7
52.38781,-1.497493,129.9,12.64,3,318.61,19 / 20,5172110,2019-09-06 20:46:17:853,1.86,-0.8909,10.2228,-0.0126,-0.0029,9.8066,0.0132,0.0799,-0.0405,7.31,-39.56,-9.44,147.96,-80.37,167.98
52.38781,-1.497493,129.9,12.64,3,318.61,19 / 20,5172210,2019-09-06 20:46:17:953,0.4185,0.3347,9.9358,-0.0092,0.0138,9.8066,0.0498,-0.0411,-0.0327,7.56,-39.75,-9.06,144.58,-80.21,167.41
52.38781,-1.497493,129.9,12.64,3,318.61,19 / 20,5172310,2019-09-06 20:46:18:053,0.799,0.1226,9.7352,0.0025,-0.0069,9.8066,0.0242,-0.058,0.0067,8.06,-39.69,-8.75,144.73,-80.2,167.6
52.38781,-1.497493,129.9,12.64,3,318.61,18 / 20,5172409,2019-09-06 20:46:18:152,0.1459,-0.5408,9.9305,0.0021,-0.0014,9.8066,0.078,-0.0154,0.0322,7.31,-39.94,-8.56,147.55,-80.25,167.12
52.38781,-1.497493,129.9,12.64,3,318.61,18 / 20,5172510,2019-09-06 20:46:18:253,1.15,-1.1979,10.1553,-0.0003,0.0007,9.8066,-0.0618,0.0591,-0.0325,7.88,-40,-9.37,144.27,-80.37,167.26
52.38781,-1.497493,129.9,12.64,3,318.61,18 / 20,5172610,2019-09-06 20:46:18:353,0.5891,0.1018,10.1982,-0.0003,-0.0061,9.8066,0.0858,-0.0224,0.0675,7.63,-39.06,-8.69,143.56,-80.41,166.79
52.38781,-1.497493,129.9,12.64,3,318.61,18 / 20,5172709,2019-09-06 20:46:18:452,0.9516,-0.7582,9.8867,0.0082,-0.006,9.8066,-0.0539,0.0569,-0.0477,7.69,-39.37,-8.94,143.98,-80.37,167.32
52.38781,-1.497493,129.9,12.64,3,318.61,18 / 20,5172809,2019-09-06 20:46:18:552,0.5263,-0.4715,9.5106,-0.0095,0.01,9.8066,-0.0062,0.0543,0.0196,7.63,-39.75,-8.31,143.16,-80.21,167.32
52.38781,-1.497493,129.9,12.64,3,318.61,18 / 20,5172910,2019-09-06 20:46:18:653,1.4089,-0.983,10.249,0.0058,-0.0185,9.8065,-0.0376,0.0563,-0.0577,8.5,-39,-8.56,140.8,-80.23,166.91
52.38781,-1.497493,129.9,12.64,3,318.61,18 / 20,5173009,2019-09-06 20:46:18:752,1.0325,-1.0338,10.2253,-0.0122,-0.0067,9.8065,0.0174,0.0118,-0.0295,7.81,-39.62,-7.62,142.33,-80.32,166.3
52.38781,-1.497493,129.9,12.64,3,318.61,18 / 20,5173110,2019-09-06 20:46:18:853,-0.1872,-0.3729,10.2741,-0.0117,0.0073,9.8065,0.0493,0.0058,-0.001,8.44,-38.87,-8.37,141.49,-80.19,165.33
52.38781,-1.497493,129.9,12.64,3,318.61,18 / 20,5173210,2019-09-06 20:46:18:953,0.3892,-0.215,9.6556,-0.0144,0.0255,9.8066,-0.0121,0.0425,0.0207,7.88,-38.81,-7.94,141.68,-79.99,165.15
52.38781,-1.497493,129.9,12.64,3,318.61,18 / 20,5173310,2019-09-06 20:46:19:053,0.1773,-0.5411,9.9852,-0.0122,0.0358,9.8065,-0.0081,0.0775,-0.054,8.25,-39.31,-8.37,141.8,-79.97,165.3
52.38781,-1.497493,129.9,12.64,3,318.61,19 / 20,5173409,2019-09-06 20:46:19:152,1.1017,-0.9383,10.1739,0.0082,-0.0109,9.8066,0.0085,0.0313,0.0364,8.63,-39.12,-8.06,138.55,-79.98,165.31
52.38781,-1.497493,129.9,12.64,3,318.61,19 / 20,5173509,2019-09-06 20:46:19:252,-0.1064,-0.1697,9.6161,-0.0006,-0.0072,9.8066,-0.1248,0.0986,-0.0584,8.5,-39.62,-8.31,138.83,-80.03,165.23
52.38781,-1.497493,129.9,12.64,3,318.61,19 / 20,5173610,2019-09-06 20:46:19:353,0.8139,-1.0105,9.8265,-0.0042,0.022,9.8066,-0.0823,0.0611,0.0002,7.88,-38.62,-8.62,143.35,-79.92,165.53
52.38781,-1.497493,129.9,12.64,3,318.61,19 / 20,5173709,2019-09-06 20:46:19:452,-0.5931,-1.2469,9.1822,0.0011,0.0072,9.8066,-0.0244,0.0493,0.0018,8.56,-39.19,-8.06,138.87,-79.92,165.63
52.38781,-1.497493,129.9,12.64,3,318.61,19 / 20,5173810,2019-09-06 20:46:19:553,0.227,-0.5497,9.5535,0.0013,0.0042,9.8066,-0.0347,0.0531,-0.0258,8.88,-39.19,-8.12,139.05,-80.01,166.09
52.38781,-1.497493,129.9,12.64,3,318.61,19 / 20,5173910,2019-09-06 20:46:19:653,-0.0497,-0.5244,10.4094,-0.0078,0.009,9.8066,-0.0463,-0.0019,0.0486,7.94,-39.12,-7.12,140.53,-80.04,165.84
52.38781,-1.497493,129.9,12.64,3,318.61,19 / 20,5174009,2019-09-06 20:46:19:752,0.1432,-2.1184,9.7256,-0.0138,0.0368,9.8065,-0.1864,0.0859,-0.055,8.31,-39.31,-8.5,141.84,-80.19,165.85
52.38781,-1.497493,129.9,12.64,3,318.61,19 / 20,5174110,2019-09-06 20:46:19:853,0.8254,-1.1027,9.515,0.02,-0.0207,9.8065,0.108,-0.016,0.0195,8.75,-39.75,-7.62,139.68,-79.94,166.28
52.38781,-1.497493,129.9,12.64,3,318.61,19 / 20,5174209,2019-09-06 20:46:19:952,0.8102,-0.884,9.9731,0.0034,-0.0098,9.8066,-0.0078,0.0659,-0.0373,8.69,-39.06,-7.87,139.36,-80,166.52
52.38781,-1.497493,129.9,12.64,3,318.61,19 / 20,5174309,2019-09-06 20:46:20:052,0.6802,-0.773,9.9547,-0.0038,0.0148,9.8066,-0.0207,0.0481,0.0021,8.81,-39.87,-7.25,138.28,-79.94,166.61
52.38781,-1.497493,129.9,12.64,3,318.61,19 / 20,5174409,2019-09-06 20:46:20:152,0.8987,-1.0723,9.3777,0.0149,-0.0093,9.8066,-0.0301,0.0486,0.0091,8.69,-38.87,-7.69,139.95,-79.95,167.27
52.38781,-1.497493,129.9,12.64,3,318.61,19 / 20,5174510,2019-09-06 20:46:20:253,0.6534,-0.4117,9.7416,0.0056,-0.0089,9.8066,-0.0901,0.0891,0.0111,8.31,-39.12,-8.12,143.12,-80.11,167.6
52.38781,-1.497493,129.9,12.64,3,318.61,19 / 20,5174610,2019-09-06 20:46:20:353,-0.082,-0.5143,9.9719,0.0107,-0.0023,9.8066,0.0318,0.059,-0.0043,8.38,-39.75,-7.69,143.8,-80.27,168.41
52.38781,-1.497493,129.9,12.64,3,318.61,19 / 20,5174709,2019-09-06 20:46:20:452,-0.1764,-0.3996,10.1247,-0.0009,0.0025,9.8066,-0.0619,0.0195,0.0259,8,-38.69,-7.87,143.55,-80.29,168.62
52.38781,-1.497493,129.9,12.64,3,318.61,19 / 20,5174810,2019-09-06 20:46:20:553,0.6457,-0.7517,9.6045,-0.0081,0.0235,9.8065,-0.0484,0.0142,0.0017,7.94,-38.75,-7.5,142.75,-80.2,169.64
52.38781,-1.497493,129.9,12.64,3,318.61,19 / 20,5174909,2019-09-06 20:46:20:652,-0.2488,-0.6282,9.8789,-0.0185,0.0411,9.8065,0.0646,-0.0339,0.0338,7.63,-39,-7.75,144.73,-80.07,169.95
52.38781,-1.497493,129.9,12.64,3,318.61,19 / 20,5175010,2019-09-06 20:46:20:753,0.7726,-0.527,9.9725,0.0097,-0.0118,9.8066,0.0655,0.0103,-0.0244,8.56,-38.81,-7.62,141.7,-80.09,170.15
52.38781,-1.497493,129.9,12.64,3,318.61,19 / 20,5175109,2019-09-06 20:46:20:852,0.6142,0.0536,10.307,0.0042,-0.0092,9.8066,0.1592,0.0548,0.0101,8.94,-38.69,-6.81,140.04,-80.05,170.13
52.38781,-1.497493,129.9,12.64,3,318.61,19 / 20,5175210,2019-09-06 20:46:20:953,-0.3481,-0.5653,10.592,-0.0074,0.0083,9.8066,0.1174,0.0367,-0.0706,8.88,-39.31,-7.06,139.98,-79.93,169.76
52.38781,-1.497493,129.9,12.64,3,318.61,19 / 20,5175310,2019-09-06 20:46:21:053,-0.4206,0.2788,10.4295,0.0117,-0.0282,9.8066,-0.1282,0.0492,0.0123,9.25,-39.44,-7.25,139.66,-79.97,169.38
52.38781,-1.497493,129.9,12.64,3,318.61,19 / 20,5175410,2019-09-06 20:46:21:153,0.0151,-1.1499,9.398,-0.0225,0.0195,9.8065,-0.0782,0.0804,-0.0302,8.56,-39.25,-7.06,139.14,-80.03,168.75
52.38781,-1.497493,129.9,12.64,3,318.61,19 / 20,5175509,2019-09-06 20:46:21:252,-0.0979,-0.9068,10.1781,0.0001,0.0012,9.8066,-0.0164,0.0443,0.0014,9.38,-39.31,-7.44,138.88,-80,168.29
52.38781,-1.497493,129.9,12.64,3,318.61,19 / 20,5175609,2019-09-06 20:46:21:352,0.2348,-0.863,9.4595,0.0075,-0.0151,9.8066,0.0399,0.0465,0.0253,9.94,-39.25,-7.69,137.17,-80.23,168.22
52.38781,-1.497493,129.9,12.64,3,318.61,19 / 20,5175710,2019-09-06 20:46:21:453,-0.0813,-0.7794,9.3384,0.0085,-0.0013,9.8066,-0.0164,0.1301,-0.0247,9.69,-39.44,-7.56,137.54,-80.2,168.68
52.38781,-1.497493,129.9,12.64,3,318.61,19 / 20,5175810,2019-09-06 20:46:21:553,-0.3247,-0.7841,9.8451,0.0074,-0.0073,9.8066,-0.0059,0.0735,0.0233,8.56,-39.19,-7.37,138.71,-80.26,168.64
52.38781,-1.497493,129.9,12.64,3,318.61,19 / 20,5175909,2019-09-06 20:46:21:652,0.7234,-1.164,10.2902,0.0068,0.0044,9.8066,0.191,0.0648,-0.0128,9.19,-39.44,-7.12,139.07,-80.24,169.14
52.38781,-1.497493,129.9,12.64,3,318.61,19 / 20,5176010,2019-09-06 20:46:21:753,-0.2664,-0.9172,10.1519,-0.0044,0.0008,9.8066,0.1725,0.1232,0.0633,9.5,-39.25,-6.5,134.18,-80.14,169.2
52.38781,-1.497493,129.9,12.64,3,318.61,19 / 20,5176110,2019-09-06 20:46:21:853,0.1166,1.3494,9.5217,0.0105,0.0328,9.8066,0.1415,-0.0045,-0.0476,9.25,-39.56,-6.44,139.23,-79.85,170.62
52.38781,-1.497493,129.9,12.64,3,318.61,19 / 20,5176210,2019-09-06 20:46:21:953,-0.166,0.4634,8.9945,0.0228,-0.0437,9.8065,-0.019,0.0792,0.1108,9.06,-39.62,-6.06,139.43,-80.02,171.36
52.38781,-1.497493,129.9,12.64,3,318.61,19 / 20,5176310,2019-09-06 20:46:22:053,3.4159,-1.6635,8.9342,0.0512,-0.0497,9.8063,0.3026,0.0173,-0.1119,9.69,-39.31,-6.5,135.6,-80.33,171.73
52.38781,-1.497493,129.9,12.64,3,318.61,19 / 20,5176409,2019-09-06 20:46:22:152,-1.1942,0.2685,7.2228,0.0503,-0.1132,9.8059,0.3333,0.2127,-0.0008,9.38,-39,-6.75,140.29,-80.44,171.4
52.38781,-1.497493,129.9,12.64,3,318.61,19 / 20,5176510,2019-09-06 20:46:22:253,0.8031,-0.6375,8.6704,0.0057,0.0756,9.8063,0.1977,0.1323,-0.1957,9.44,-39.06,-6.5,138.59,-80.46,171.85
52.38781,-1.497493,129.9,12.64,3,318.61,19 / 20,5176609,2019-09-06 20:46:22:352,-0.737,-1.5035,10.716,0.0636,-0.0957,9.8059,0.7975,0.2839,0.0254,10,-39.5,-5.62,136.32,-80.08,172.17
52.38781,-1.497493,129.9,12.64,3,318.61,19 / 20,5176710,2019-09-06 20:46:22:453,-3.0912,-0.0451,8.1426,0.0714,-0.066,9.8061,0.0016,-0.0929,-0.1371,9.44,-39.19,-5.37,139.98,-79.02,173.57
52.38781,-1.497493,129.9,12.64,3,318.61,19 / 20,5176810,2019-09-06 20:46:22:553,2.1498,-1.4564,8.133,0.0486,-0.1208,9.8057,-0.0135,0.0467,0.0387,9.19,-39.25,-5.5,139.44,-79.43,173.81
52.38781,-1.497493,129.9,12.64,3,318.61,19 / 20,5176910,2019-09-06 20:46:22:653,2.2133,-1.1049,9.8008,0.0716,-0.1071,9.8057,-0.0009,0.1278,-0.167,9.75,-39.69,-5.5,134.9,-79.97,172.37
52.38781,-1.497493,129.9,12.64,3,318.61,19 / 20,5177009,2019-09-06 20:46:22:752,-1.5497,-0.5208,9.4075,0.0131,-0.058,9.8064,0.4592,0.1343,-0.1147,9.44,-39.31,-5.37,137.44,-79.8,171.65
52.38781,-1.497493,129.9,12.64,3,318.61,19 / 20,5177109,2019-09-06 20:46:22:852,0.8794,0.484,8.4935,0.0235,-0.0612,9.8064,-0.1539,0.0548,-0.1248,9.69,-39.31,-5.25,132.66,-79.86,169.44
52.38781,-1.497493,129.9,12.64,3,318.61,19 / 20,5177210,2019-09-06 20:46:22:953,-2.7762,1.0898,10.5619,-0.0402,0.0084,9.8065,0.1147,0.0705,-0.0618,10.81,-39.5,-4.69,130.66,-79.12,168.88
52.38781,-1.497493,129.9,12.64,3,318.61,19 / 20,5177310,2019-09-06 20:46:23:053,-0.511,0.912,10.7219,0.0079,-0.022,9.8066,-0.3622,-0.0007,-0.1255,10.81,-39.75,-5.06,130.15,-79.29,167.84
52.38781,-1.497493,129.9,12.64,3,318.61,19 / 20,5177409,2019-09-06 20:46:23:152,-2.5426,-0.9789,10.2059,-0.06,0.0313,9.8063,-0.3696,0.1301,-0.0125,11,-40.56,-5.06,130.36,-79.12,166.89
52.38781,-1.497493,129.9,12.64,3,318.61,19 / 20,5177510,2019-09-06 20:46:23:253,-0.1801,-3.661,8.1969,0.1307,-0.1452,9.8046,0.1635,0.043,-0.0405,10.75,-39.69,-5,129.5,-79.08,166.3
52.38781,-1.497493,129.9,12.64,3,318.61,19 / 20,5177609,2019-09-06 20:46:23:352,3.2131,-2.0766,9.0334,0.0744,-0.1014,9.8058,-0.2102,-0.0907,0.0825,11.63,-38.56,-5.44,126.02,-79.33,166.86
52.38781,-1.497493,129.9,12.64,3,318.61,19 / 20,5177710,2019-09-06 20:46:23:453,-0.9379,-1.2137,9.5996,0.0097,0.0012,9.8066,0.5255,-0.1527,0.0152,11.56,-38.75,-5.31,124.37,-79.86,166.02
52.38781,-1.497493,129.9,12.64,3,318.61,19 / 20,5177809,2019-09-06 20:46:23:552,3.6548,0.044,7.3273,0.0678,-0.067,9.8062,0.0065,-0.0165,-0.0034,10.88,-39.19,-5.69,130.16,-79.94,167.19
52.38781,-1.497493,129.9,12.64,3,318.61,19 / 20,5177910,2019-09-06 20:46:23:653,0.4808,1.5156,10.9371,0.1283,-0.1061,9.8052,0.1531,-0.1405,0.0824,11.56,-39.12,-5.25,124.95,-80.09,167.44
52.38781,-1.497493,129.9,12.64,3,318.61,19 / 20,5178009,2019-09-06 20:46:23:752,-0.6239,0.7549,11.3383,0.0812,-0.0617,9.806,0.4194,0.0511,-0.1174,11.13,-39.25,-5.56,130.45,-80.36,168.68
52.38781,-1.497493,129.9,12.64,3,318.61,19 / 20,5178110,2019-09-06 20:46:23:853,0.5299,0.3565,9.8031,0.1003,-0.1335,9.8052,-0.2176,0.1318,0.0801,11,-39.69,-5.44,127.38,-80.74,168.03
52.38781,-1.497493,129.9,12.64,3,318.61,19 / 20,5178210,2019-09-06 20:46:23:953,-0.2017,-0.291,10.1131,-0.0506,0.084,9.8061,-0.0129,-0.0014,-0.0108,10.75,-40.19,-5.56,130.2,-80.64,168.42
52.38781,-1.497493,129.9,12.64,3,318.61,19 / 20,5178310,2019-09-06 20:46:24:053,0.3059,-0.5485,10.3895,-0.0055,0.0279,9.8066,-0.0505,-0.0122,0.0841,11,-39.5,-4.87,129.28,-80.34,170.23
52.38781,-1.497493,129.9,12.64,3,318.61,19 / 20,5178409,2019-09-06 20:46:24:152,-1.7062,1.1707,9.3308,-0.0624,0.0638,9.8062,-0.2918,0.0528,0.0546,10.69,-39.62,-4.75,130.5,-80.08,170.54
52.38781,-1.497493,129.9,12.64,3,318.61,19 / 20,5178509,2019-09-06 20:46:24:252,2.7828,0.3652,9.3961,-0.0387,0.0595,9.8063,0.2277,-0.0295,0.0247,10.56,-39.44,-6.06,132.36,-80.22,170.98
52.38781,-1.497493,129.9,12.64,3,318.61,19 / 20,5178610,2019-09-06 20:46:24:353,0.0441,0.0467,10.6218,0.0275,-0.0174,9.8065,0.1568,0.0729,-0.04,10.81,-39.25,-4.69,129.55,-80.52,171.09
52.38781,-1.497493,129.9,12.64,3,318.61,19 / 20,5178709,2019-09-06 20:46:24:452,1.5121,-0.6073,10.6294,0.0119,-0.0201,9.8065,0.1788,0.074,-0.06,10.63,-39.12,-4.56,129.54,-80.44,170.84
52.38781,-1.497493,129.9,12.64,3,318.61,19 / 20,5178810,2019-09-06 20:46:24:553,-0.2697,0.219,9.7564,0.0277,-0.0334,9.8065,0.4842,0.0607,-0.0834,10.5,-39.06,-4.44,127.73,-79.96,170.54
52.38781,-1.497493,129.9,12.64,3,318.61,19 / 20,5178909,2019-09-06 20:46:24:652,2.8139,-1.8013,11.5888,0.0243,-0.0504,9.8064,-0.2943,0.0032,0.0792,10.56,-39.25,-4.75,129.5,-80,169.6
52.38781,-1.497493,129.9,12.64,3,318.61,19 / 20,5179010,2019-09-06 20:46:24:753,2.1898,1.6118,11.0909,-0.1495,0.1316,9.8046,-0.4566,-0.1388,0.0613,10.69,-39.12,-4.56,131.24,-79.44,170.59
52.38781,-1.497493,129.9,12.64,3,318.61,19 / 20,5179109,2019-09-06 20:46:24:852,6.7875,-2.3212,5.1121,-0.0582,0.0525,9.8063,-0.6062,0.0326,0.1167,10.69,-39.31,-5.19,129.89,-79.89,169.86
52.38781,-1.497493,129.9,12.64,3,318.61,19 / 20,5179210,2019-09-06 20:46:24:953,3.0247,-1.9205,8.5872,-0.0898,0.1693,9.8047,-1.1288,0.0022,-0.16,10.25,-39.75,-5.5,136.26,-79.33,172.7
52.38781,-1.497493,129.9,12.64,3,318.61,19 / 20,5179310,2019-09-06 20:46:25:053,2.097,-4.3284,7.8517,-0.1855,0.1641,9.8035,0.2687,-0.0207,0.1037,10.38,-39.06,-5.87,137.25,-79.24,171.49
52.38781,-1.497493,129.9,12.64,3,318.61,18 / 20,5179410,2019-09-06 20:46:25:153,0.6939,-0.2753,8.8972,0.0309,-0.0164,9.8065,-0.457,0.018,-0.0323,10.63,-39.12,-4.62,132.27,-79.32,171.8
52.38781,-1.497493,129.9,12.64,3,318.61,18 / 20,5179509,2019-09-06 20:46:25:252,1.0346,-0.8791,9.3196,-0.0589,0.073,9.8061,0.3896,-0.0585,0.0111,10.19,-38.94,-4.56,135.88,-79.12,172.29
52.38781,-1.497493,129.9,12.64,3,318.61,18 / 20,5179610,2019-09-06 20:46:25:353,1.3023,0.0974,8.6048,0.076,-0.0737,9.806,0.055,-0.0467,0.061,10.19,-39.19,-4.37,133.02,-79.72,173.23
52.38781,-1.497493,129.9,12.64,3,318.61,18 / 20,5179709,2019-09-06 20:46:25:452,1.2074,-0.151,8.5468,0.0416,-0.0295,9.8065,0.0942,-0.0044,-0.0295,9.94,-39.44,-5.06,135.7,-79.87,174
52.38781,-1.497493,129.9,12.64,3,318.61,18 / 20,5179809,2019-09-06 20:46:25:552,0.7303,0.2939,10.0794,0.0394,-0.0288,9.8064,0.1891,-0.0213,0.0284,10.44,-39.69,-5,135.86,-80.25,174.55
52.38781,-1.497493,129.9,12.64,3,318.61,18 / 20,5179910,2019-09-06 20:46:25:653,1.0967,-0.265,10.1915,0.0241,-0.0253,9.8065,0.009,-0.0105,0.0188,10.19,-39.69,-5.12,136.29,-80.2,175.07
52.38781,-1.497493,129.9,12.64,3,318.61,18 / 20,5180010,2019-09-06 20:46:25:753,1.2349,0.3333,10.1273,-0.0059,0.0191,9.8065,0.1147,0.0277,-0.0187,9.44,-40,-4.44,137.42,-80.06,175.34
52.38781,-1.497493,129.9,12.64,3,318.61,18 / 20,5180110,2019-09-06 20:46:25:853,0.7999,-0.4696,9.9343,-0.0056,0.0021,9.8066,-0.0875,0.0607,0.024,10,-39.31,-4.56,136.58,-79.96,175.55
52.38781,-1.497493,129.9,12.64,3,318.61,18 / 20,5180209,2019-09-06 20:46:25:952,0.489,-0.1384,9.9253,-0.0069,0.0021,9.8066,-0.0114,-0.0001,0.0085,10.13,-39.37,-4.94,136.23,-80.04,175.24
52.38781,-1.497493,129.9,12.64,3,318.61,18 / 20,5180309,2019-09-06 20:46:26:052,0.8308,-0.5944,9.8376,-0.0087,0.0058,9.8066,0.0225,-0.0197,-0.0088,10,-39.75,-4.87,136.5,-80.1,175.13
52.388508,-1.498731,128.56,13.54,3,306.76,18 / 20,5180410,2019-09-06 20:46:26:153,0.6915,-0.5147,10.32,-0.004,-0.0021,9.8066,-0.0317,0.0034,0.0132,9.56,-39,-4.75,136.06,-80.08,175.09
52.388508,-1.498731,128.56,13.54,3,306.76,18 / 20,5180509,2019-09-06 20:46:26:252,1.4984,-0.398,10.0021,-0.0044,0.0046,9.8066,0.0292,0.046,-0.0031,9.44,-39.37,-5.25,139.35,-80,175.16
52.388508,-1.498731,128.56,13.54,3,306.76,18 / 20,5180610,2019-09-06 20:46:26:353,1.0446,-0.0434,10.6992,0.0109,-0.0171,9.8065,0.0822,-0.0249,0.0062,9.88,-40.44,-4.87,136.49,-80.02,174.9
52.388508,-1.498731,128.56,13.54,3,306.76,18 / 20,5180710,2019-09-06 20:46:26:453,-0.3573,1.0064,9.4596,0.0438,-0.0556,9.8064,-0.1635,-0.005,-0.0142,9.88,-39.31,-4.94,135.57,-80.23,174.77
52.388508,-1.498731,128.56,13.54,3,306.76,18 / 20,5180809,2019-09-06 20:46:26:552,-0.0292,0.1176,10.5402,-0.017,0.0133,9.8066,0.025,0.0365,-0.0262,10.25,-39.75,-4.62,135.3,-80.31,173.89
52.388508,-1.498731,128.56,13.54,3,306.76,18 / 20,5180910,2019-09-06 20:46:26:653,-0.3056,-0.5717,10.3908,0.0161,-0.0297,9.8065,-0.0975,0.0211,0.0002,9.69,-38.81,-4.62,133.97,-80.55,173.27
52.388508,-1.498731,128.56,13.54,3,306.76,18 / 20,5181010,2019-09-06 20:46:26:753,0.7524,0.0119,9.5593,-0.0351,0.0374,9.8064,-0.0308,-0.0155,0.0549,10.06,-38.87,-4.75,134.49,-80.31,173.38
52.388508,-1.498731,128.56,13.54,3,306.76,18 / 20,5181110,2019-09-06 20:46:26:853,-0.704,-0.8024,9.8878,-0.0193,0.0467,9.8065,-0.0844,-0.0428,0.0818,10,-39.87,-5.12,135.62,-80.29,174.31
52.388508,-1.498731,128.56,13.54,3,306.76,18 / 20,5181210,2019-09-06 20:46:26:953,0.8018,-0.8026,9.8075,-0.0036,0.0266,9.8066,-0.1972,0.0528,0.0096,10.19,-39.69,-4.94,136.6,-80.29,175.76
52.388508,-1.498731,128.56,13.54,3,306.76,18 / 20,5181310,2019-09-06 20:46:27:053,1.2413,-0.3856,9.7552,-0.0062,0.0139,9.8065,0.0593,-0.0026,-0.0264,10.38,-39.44,-4.87,135.99,-80.43,175.91
52.388508,-1.498731,128.56,13.54,3,306.76,18 / 20,5181409,2019-09-06 20:46:27:152,0.7488,-0.4607,10.1791,-0.0057,0.0041,9.8066,-0.0365,-0.008,0,9.94,-39.37,-4.56,136.15,-80.56,176.45
52.388508,-1.498731,128.56,13.54,3,306.76,18 / 20,5181510,2019-09-06 20:46:27:253,0.603,-0.0443,9.8484,-0.0118,0.0147,9.8065,0.0371,-0.0023,0.0482,9.81,-39.56,-4.56,136.82,-80.44,176.49
52.388508,-1.498731,128.56,13.54,3,306.76,18 / 20,5181610,2019-09-06 20:46:27:353,-0.1441,-0.2207,9.7897,0.0107,0.0095,9.8066,0.0384,0.0073,-0.0193,9.94,-39.5,-4.62,137.14,-80.33,177.34
52.388508,-1.498731,128.56,13.54,3,306.76,18 / 20,5181709,2019-09-06 20:46:27:452,1.545,0.6477,10.1412,0.0064,-0.0103,9.8066,0.0038,0.0478,-0.0585,9.38,-39.31,-4.75,140.37,-80.34,177.65
52.388508,-1.498731,128.56,13.54,3,306.76,18 / 20,5181810,2019-09-06 20:46:27:553,1.2801,-0.2353,11.014,-0.0124,0.0026,9.8065,0.0561,-0.0375,0.0376,9.75,-38.94,-4.75,136.95,-80.24,176.83
52.388508,-1.498731,128.56,13.54,3,306.76,18 / 20,5181910,2019-09-06 20:46:27:653,0.5774,0.0576,10.9972,-0.02,0.0345,9.8065,0.2149,-0.0006,0.0338,9.69,-39.75,-4.56,137.62,-80.15,176.94
52.388508,-1.498731,128.56,13.54,3,306.76,18 / 20,5182009,2019-09-06 20:46:27:752,0.2196,0.6664,10.9711,-0.0037,0.0279,9.8066,0.1794,-0.0336,0.0156,9.69,-39.31,-3.87,135.71,-79.86,177.69
52.388508,-1.498731,128.56,13.54,3,306.76,18 / 20,5182109,2019-09-06 20:46:27:852,0.0501,0.4522,10.0519,0.0217,-0.031,9.8065,-0.0627,-0.017,0.0483,9.88,-39.37,-3.81,136.28,-79.82,178.46
52.388508,-1.498731,128.56,13.54,3,306.76,18 / 20,5182210,2019-09-06 20:46:27:953,0.825,0.4026,10.1673,-0.0203,0.0161,9.8065,-0.0677,-0.0223,-0.0512,9.94,-39.25,-3.94,136.65,-79.64,178.54
52.388508,-1.498731,128.56,13.54,3,306.76,18 / 20,5182310,2019-09-06 20:46:28:053,0.0782,0.1258,10.2016,-0.0193,0.0004,9.8066,-0.0177,0.0036,-0.0094,10.13,-39.44,-4.25,135.79,-79.81,177.69
52.388508,-1.498731,128.56,13.54,3,306.76,18 / 20,5182409,2019-09-06 20:46:28:152,0.3654,0.5559,10.1992,0.003,-0.0038,9.8066,0.0177,-0.0385,0.0101,10.19,-39.44,-4.06,135.38,-79.86,177.2
52.388508,-1.498731,128.56,13.54,3,306.76,18 / 20,5182510,2019-09-06 20:46:28:253,0.4229,-0.3836,9.7654,0.0086,-0.0141,9.8066,-0.007,-0.0003,-0.012,10.38,-39.37,-4.19,135.17,-79.89,176.97
52.388508,-1.498731,128.56,13.54,3,306.76,18 / 20,5182609,2019-09-06 20:46:28:352,-0.0318,0.8067,9.6906,0.0016,0.0013,9.8066,-0.027,-0.0416,0.0218,9.38,-39.31,-4.5,138.16,-79.9,176.83
52.388508,-1.498731,128.56,13.54,3,306.76,18 / 20,5182709,2019-09-06 20:46:28:452,1.2779,-1.5754,9.7475,-0.0067,-0.0021,9.8066,-0.0141,-0.0435,0.0101,10.13,-39.25,-4.56,137.2,-80.04,176.68
52.388508,-1.498731,128.56,13.54,3,306.76,18 / 20,5182810,2019-09-06 20:46:28:553,0.1644,0.3329,10.507,0.0134,-0.0219,9.8065,0.13,-0.0043,-0.0585,9.88,-39.56,-4.56,137.15,-80.23,176.45
52.388508,-1.498731,128.56,13.54,3,306.76,18 / 20,5182910,2019-09-06 20:46:28:653,0.6904,-0.2794,9.6779,0.0027,-0.0188,9.8066,-0.0056,0.0332,0.0354,9.56,-39.31,-4.62,136.6,-80.05,175.83
52.388508,-1.498731,128.56,13.54,3,306.76,18 / 20,5183010,2019-09-06 20:46:28:753,0.8468,-0.3014,9.8009,-0.0105,0.0275,9.8066,-0.0944,0.0032,0.0276,9.63,-39.5,-4.62,137.71,-79.69,176.57
52.388508,-1.498731,128.56,13.54,3,306.76,18 / 20,5183110,2019-09-06 20:46:28:853,0.8018,1.0671,9.6994,0.0069,0.0037,9.8066,0.0154,0.022,-0.0235,9.69,-40,-3.87,135.77,-79.87,177.08
52.388508,-1.498731,128.56,13.54,3,306.76,18 / 20,5183210,2019-09-06 20:46:28:953,1.0405,-0.5675,9.7481,0.03,-0.0191,9.8066,0.04,-0.0375,0.0034,9.69,-39.75,-4.37,136,-79.96,177.69
52.388508,-1.498731,128.56,13.54,3,306.76,18 / 20,5183310,2019-09-06 20:46:29:053,1.7214,0.2286,10.2639,0.0148,-0.014,9.8066,-0.0471,0.0243,0.0174,9.5,-39.69,-4.75,138.42,-80.2,178.28
52.388508,-1.498731,128.56,13.54,3,306.76,18 / 20,5183409,2019-09-06 20:46:29:152,0.7322,-0.6509,10.2954,-0.0382,0.0483,9.8064,-0.0342,0.0002,0.0169,9.31,-39.94,-4.56,141.97,-79.86,178.26
52.388508,-1.498731,128.56,13.54,3,306.76,18 / 20,5183509,2019-09-06 20:46:29:252,1.6263,0.0631,10.0034,-0.0216,0.0301,9.8065,0.0263,0.082,-0.0224,10.06,-39.69,-4.19,136.86,-79.79,178.54
52.388508,-1.498731,128.56,13.54,3,306.76,18 / 20,5183609,2019-09-06 20:46:29:352,-0.1327,-0.2627,10.2241,-0.0004,0.0045,9.8066,0.009,-0.0001,0.0629,9.88,-39.94,-3.87,136.85,-79.8,178.56
52.388508,-1.498731,128.56,13.54,3,306.76,18 / 20,5183710,2019-09-06 20:46:29:453,0.4133,-0.2916,9.3955,0.0122,-0.0079,9.8066,-0.0429,-0.0746,0.0303,9.69,-40.62,-4.5,137.48,-79.9,179.1
52.388508,-1.498731,128.56,13.54,3,306.76,18 / 20,5183809,2019-09-06 20:46:29:552,0.912,-0.5441,9.6684,0.0046,0.0042,9.8065,-0.0353,0.0423,-0.0263,9.44,-40.37,-4.12,140.17,-80.04,179.73
52.388508,-1.498731,128.56,13.54,3,306.76,18 / 20,5183910,2019-09-06 20:46:29:653,0.5809,0.0759,9.867,0.0068,-0.0082,9.8066,0.0254,0.0148,-0.0041,9.75,-39.87,-4.75,139.27,-80.22,179.59
52.388508,-1.498731,128.56,13.54,3,306.76,18 / 20,5184010,2019-09-06 20:46:29:753,-0.5226,-0.6551,8.3299,-0.0196,0.004,9.8066,0.0301,0.0363,-0.0373,9.75,-39.69,-5.37,139.37,-79.99,179.18
52.388508,-1.498731,128.56,13.54,3,306.76,18 / 20,5184109,2019-09-06 20:46:29:852,1.7831,-0.6565,10.5671,-0.0712,0.1004,9.8058,0.0396,0.0049,0.0349,9.5,-39.5,-4.87,139.68,-79.64,179.46
52.388508,-1.498731,128.56,13.54,3,306.76,18 / 20,5184210,2019-09-06 20:46:29:953,0.971,-1.6999,9.774,-0.0051,-0.0246,9.8066,-0.0227,0.1768,-0.1145,9.56,-39.62,-4.69,139.62,-79.65,178.72
52.388508,-1.498731,128.56,13.54,3,306.76,18 / 20,5184309,2019-09-06 20:46:30:052,0.4278,-0.7747,9.555,-0.0567,0.025,9.8064,0.0872,0.0043,-0.1276,9.81,-39.62,-4.06,136.26,-79.33,176.32
52.388508,-1.498731,128.56,13.54,3,306.76,19 / 20,5184409,2019-09-06 20:46:30:152,1.4127,-0.4298,9.3522,-0.0132,-0.0308,9.8065,-0.0443,-0.0282,-0.0619,9.5,-39.56,-3.62,134.56,-79.35,173.68
52.388508,-1.498731,128.56,13.54,3,306.76,19 / 20,5184509,2019-09-06 20:46:30:252,0.9166,-0.3332,8.8558,-0.0113,-0.0277,9.8065,0.032,0.0378,-0.0766,10.13,-39.75,-4,133.25,-79.41,171.84
52.388508,-1.498731,128.56,13.54,3,306.76,19 / 20,5184610,2019-09-06 20:46:30:353,0.5658,0.0596,9.428,0.0065,-0.0353,9.8065,0.0205,-0.0216,-0.0467,10.69,-39.56,-4.37,128,-79.71,169.39
52.388508,-1.498731,128.56,13.54,3,306.76,19 / 20,5184710,2019-09-06 20:46:30:453,0.5404,-0.2596,9.8128,0.0096,-0.033,9.8066,-0.1175,-0.005,0.0087,10,-39.19,-3.94,129.21,-79.92,168.12
52.388508,-1.498731,128.56,13.54,3,306.76,19 / 20,5184810,2019-09-06 20:46:30:553,0.7425,-0.4187,10.7699,-0.0362,0.0188,9.8065,-0.0066,-0.0053,-0.0631,10.94,-39.06,-4.37,125.65,-79.98,167.66
52.388508,-1.498731,128.56,13.54,3,306.76,19 / 20,5184910,2019-09-06 20:46:30:653,1.2104,-0.7304,10.2093,-0.0153,-0.0072,9.8065,-0.07,-0.0423,0.001,11,-39.5,-4.87,127.5,-79.81,166.28
52.388508,-1.498731,128.56,13.54,3,306.76,19 / 20,5185010,2019-09-06 20:46:30:753,0.9227,0.5862,10.2139,-0.0169,0.0293,9.8066,-0.065,0.0388,0.0142,11.06,-39.94,-4.31,126.86,-79.62,167.49
52.388508,-1.498731,128.56,13.54,3,306.76,19 / 20,5185110,2019-09-06 20:46:30:853,0.9166,0.5435,10.4798,0.0004,0.005,9.8066,-0.1596,0.0452,-0.0114,10.94,-39.25,-3.87,125.56,-79.84,167.12
52.388508,-1.498731,128.56,13.54,3,306.76,19 / 20,5185209,2019-09-06 20:46:30:952,0.8247,-0.5738,9.941,-0.0274,0.0224,9.8065,-0.0765,0.0182,-0.072,10.56,-39.25,-4.5,125.25,-79.93,166.95
52.388508,-1.498731,128.56,13.54,3,306.76,19 / 20,5185310,2019-09-06 20:46:31:053,0.7877,-0.702,9.3941,-0.0215,0,9.8066,-0.0163,-0.0039,-0.0003,10.81,-39.19,-4.62,126.62,-80.08,165.81
52.388508,-1.498731,128.56,13.54,3,306.76,18 / 20,5185410,2019-09-06 20:46:31:153,0.5819,-0.1793,9.1247,-0.0098,0.0092,9.8066,-0.066,0.013,0.0123,11,-38.81,-5.12,126.15,-80.16,165.38
52.388508,-1.498731,128.56,13.54,3,306.76,18 / 20,5185509,2019-09-06 20:46:31:252,0.1809,-0.1541,9.8724,0.005,0.0127,9.8066,-0.0339,-0.0185,0.0039,11.06,-39.5,-5.37,126.17,-80.24,165.63
52.388508,-1.498731,128.56,13.54,3,306.76,18 / 20,5185609,2019-09-06 20:46:31:352,0.3879,-0.1004,9.7224,0.0109,-0.0044,9.8066,-0.0185,0.0093,0.0241,11.5,-39,-5.12,123.11,-80.51,166.13
52.388508,-1.498731,128.56,13.54,3,306.76,18 / 20,5185710,2019-09-06 20:46:31:453,0.6675,-0.4146,9.5611,-0.002,0.0082,9.8066,0.0672,0.0099,0.005,11.25,-38.62,-5.06,126.22,-80.52,166.49
52.388508,-1.498731,128.56,13.54,3,306.76,18 / 20,5185809,2019-09-06 20:46:31:552,0.2436,0.0194,9.398,0.0149,0.002,9.8065,-0.0038,-0.0184,0.0552,11.38,-39.31,-5.12,126.62,-80.62,167.33
52.388508,-1.498731,128.56,13.54,3,306.76,18 / 20,5185909,2019-09-06 20:46:31:652,0.7835,-0.7719,9.6761,0.0099,0.0061,9.8066,0.0045,0.0652,0.0144,10.81,-39,-5.31,127.14,-80.8,168.54
52.388508,-1.498731,128.56,13.54,3,306.76,18 / 20,5186010,2019-09-06 20:46:31:753,0.4643,-1.5923,9.6415,0.0256,0.0018,9.8065,-0.0192,0.036,0.0277,11.38,-39.25,-4.44,124.92,-81.07,169.97
52.388508,-1.498731,128.56,13.54,3,306.76,18 / 20,5186110,2019-09-06 20:46:31:853,0.1169,-0.3012,9.733,0.022,0.0082,9.8066,0.0246,-0.0021,0.0665,10.5,-39.5,-5.69,131.32,-81.08,171.66
52.388508,-1.498731,128.56,13.54,3,306.76,18 / 20,5186209,2019-09-06 20:46:31:952,-0.0973,-0.2323,9.8618,0.0024,0.0251,9.8066,-0.0009,0.0312,-0.0004,10,-39.06,-4.44,131.08,-80.99,174.15
52.388508,-1.498731,128.56,13.54,3,306.76,18 / 20,5186310,2019-09-06 20:46:32:053,0.323,-0.1549,9.7827,0.0159,0.0075,9.8066,-0.0082,0.019,0.0617,10.75,-39.19,-4.75,131.46,-81.07,175.15
52.388508,-1.498731,128.56,13.54,3,306.76,18 / 20,5186409,2019-09-06 20:46:32:152,0.7934,0.3903,9.3507,0.0108,0.0129,9.8066,-0.1453,-0.0028,0.067,9.56,-39.75,-5.12,135.47,-81.12,176.33
52.388508,-1.498731,128.56,13.54,3,306.76,18 / 20,5186509,2019-09-06 20:46:32:252,0.4514,0.3015,10.3388,0.0073,0.0226,9.8065,-0.0187,-0.0076,-0.012,10.06,-39.69,-5.12,136.53,-81.29,178.31
52.388508,-1.498731,128.56,13.54,3,306.76,18 / 20,5186609,2019-09-06 20:46:32:352,0.6494,-0.862,10.4609,-0.0138,0.0123,9.8066,-0.0048,0.0359,0.005,9.81,-39.25,-5.37,136.13,-81.32,178.37
52.388508,-1.498731,128.56,13.54,3,306.76,18 / 20,5186710,2019-09-06 20:46:32:453,-1.925,-1.0837,11.4971,-0.0232,0.0428,9.8064,-0.0825,-0.1612,0.1206,9.75,-39.81,-4.69,136.92,-81.2,178.62
52.388508,-1.498731,128.56,13.54,3,306.76,18 / 20,5186809,2019-09-06 20:46:32:552,-1.1448,-0.7483,10.1613,-0.0657,0.0617,9.8062,-0.1566,0.0792,-0.0053,9.88,-39.5,-4.5,135.9,-80.61,-179.96
52.388508,-1.498731,128.56,13.54,3,306.76,18 / 20,5186910,2019-09-06 20:46:32:653,1.7787,-0.6417,9.1118,0.0143,0.0035,9.8066,-0.1517,-0.0431,0.075,9.94,-40.06,-4.81,139.03,-80.6,-179.81
52.388508,-1.498731,128.56,13.54,3,306.76,18 / 20,5187009,2019-09-06 20:46:32:752,1.0188,-2.0898,10.8719,0.0329,0.0031,9.8065,0.0674,0.2314,-0.2458,10.31,-39.69,-3.87,136.82,-80.67,-179.11
52.388508,-1.498731,128.56,13.54,3,306.76,18 / 20,5187109,2019-09-06 20:46:32:852,-1.9992,1.2197,8.6396,0.0666,-0.0723,9.8061,-0.3777,-0.0465,0.1212,10.25,-39.5,-3.75,136.11,-81.03,-178.53
52.388508,-1.498731,128.56,13.54,3,306.76,18 / 20,5187209,2019-09-06 20:46:32:952,-1.0058,-0.7738,10.2361,-0.1156,0.1112,9.8053,-0.2509,0.1013,-0.1249,9.63,-39.81,-4.25,137.44,-80.29,-179.21
52.388508,-1.498731,128.56,13.54,3,306.76,18 / 20,5187309,2019-09-06 20:46:33:052,-3.8547,1.5118,10.9168,-0.0394,0.0288,9.8065,-0.2638,0.0068,0.0289,10.13,-39.31,-3.94,136.16,-80.61,-179.58
52.388508,-1.498731,128.56,13.54,3,306.76,18 / 20,5187409,2019-09-06 20:46:33:152,1.6733,-1.0759,9.1656,-0.0534,0.0478,9.8064,-0.3005,0.0218,0.0786,9.88,-39.5,-4.25,134.46,-80.97,178.93
52.388508,-1.498731,128.56,13.54,3,306.76,18 / 20,5187510,2019-09-06 20:46:33:253,0.6313,-0.5133,9.4319,0.0621,-0.0419,9.8063,0.0959,-0.0354,-0.0341,9.88,-40.12,-3.75,136.19,-80.49,179.46
52.388508,-1.498731,128.56,13.54,3,306.76,18 / 20,5187609,2019-09-06 20:46:33:352,0.96,-1.061,9.1791,0.049,-0.0259,9.8064,0.0351,0.0084,0.0312,9.69,-39.69,-4.44,136.66,-80.81,-178.94
52.388508,-1.498731,128.56,13.54,3,306.76,18 / 20,5187710,2019-09-06 20:46:33:453,-0.433,0.3422,9.4572,0.0214,-0.0043,9.8066,0.1311,0.0471,0.078,9.94,-39.81,-3.94,137.46,-80.65,-178.18
52.388508,-1.498731,128.56,13.54,3,306.76,18 / 20,5187810,2019-09-06 20:46:33:553,-0.4493,0.3929,9.3592,0.0375,-0.0141,9.8065,0.0516,-0.0251,0.0053,9.63,-39.81,-4.31,138.61,-80.85,-175.96
52.388508,-1.498731,128.56,13.54,3,306.76,18 / 20,5187910,2019-09-06 20:46:33:653,1.4388,-0.5204,9.2588,0.0277,-0.0137,9.8066,-0.0312,-0.0057,0.0025,9.19,-40.31,-3.81,141.97,-80.96,-174.93
52.388508,-1.498731,128.56,13.54,3,306.76,18 / 20,5188010,2019-09-06 20:46:33:753,1.3327,1.8197,10.548,0.0205,-0.0344,9.8066,0.124,-0.1353,0.0976,9.5,-39.69,-4.87,141.57,-80.95,-175.24
52.388508,-1.498731,128.56,13.54,3,306.76,18 / 20,5188110,2019-09-06 20:46:33:853,0.2509,-0.2311,9.5594,0.0221,-0.0373,9.8065,0.0482,-0.1065,-0.0661,9.75,-39.81,-3.87,138.37,-81.14,-175.55
52.388508,-1.498731,128.56,13.54,3,306.76,18 / 20,5188209,2019-09-06 20:46:33:952,0.6375,0.2181,10.178,0.0046,-0.0372,9.8065,0.1296,-0.0638,0.0024,9.38,-39.87,-3.75,140.16,-81.08,-177.38
52.388508,-1.498731,128.56,13.54,3,306.76,18 / 20,5188309,2019-09-06 20:46:34:052,0.1085,1.2698,10.5017,-0.0307,0.0291,9.8066,-0.0076,-0.0044,-0.0742,9.44,-39.81,-3.69,139.64,-81.04,-178.29
52.388508,-1.498731,128.56,13.54,3,306.76,18 / 20,5188409,2019-09-06 20:46:34:152,-0.5138,-1.3609,9.6594,0.0108,-0.0225,9.8065,-0.0614,0.0209,-0.0183,10.31,-39.62,-4.37,136.2,-80.95,-179.26
52.388508,-1.498731,128.56,13.54,3,306.76,18 / 20,5188510,2019-09-06 20:46:34:253,1.4416,0.8136,9.6826,0.0187,-0.0049,9.8066,0.0302,0.0222,-0.0176,9.75,-39.25,-3.69,136.09,-80.93,-178.82
52.388508,-1.498731,128.56,13.54,3,306.76,18 / 20,5188610,2019-09-06 20:46:34:353,0.5766,0.1752,9.6046,0.0111,-0.008,9.8066,-0.0244,-0.0998,-0.0413,9.81,-39.56,-3.75,136.3,-81,-178.96
52.388508,-1.498731,128.56,13.54,3,306.76,18 / 20,5188710,2019-09-06 20:46:34:453,-0.2329,-0.0109,9.9162,0.0341,0.002,9.8066,0.0099,-0.0042,0.0483,9.81,-39.62,-4.12,136.62,-81.06,-178.34
52.388508,-1.498731,128.56,13.54,3,306.76,18 / 20,5188810,2019-09-06 20:46:34:553,2.3708,-1.3433,10.4793,-0.0233,0.0102,9.8065,0.07,-0.0273,-0.0214,9.5,-39.81,-4,137.42,-81.24,-176.69
52.388508,-1.498731,128.56,13.54,3,306.76,18 / 20,5188910,2019-09-06 20:46:34:653,-2.4683,-0.2809,10.3171,-0.0134,0.0105,9.8066,-0.2303,0.0243,-0.004,9.38,-39.44,-4.12,139.46,-81.15,-177.61
52.388508,-1.498731,128.56,13.54,3,306.76,18 / 20,5189009,2019-09-06 20:46:34:752,1.2718,3.9015,12.6665,0.0311,-0.0009,9.8065,0.1434,-0.2204,0.0165,9.69,-40.31,-3.5,134.66,-81.13,-176.71
52.388508,-1.498731,128.56,13.54,3,306.76,18 / 20,5189109,2019-09-06 20:46:34:852,-0.685,1.016,11.9159,-0.0508,0.0557,9.8063,-0.465,-0.0002,0.1221,9.38,-39.69,-3.69,140.36,-80.9,-177.56
52.388508,-1.498731,128.56,13.54,3,306.76,18 / 20,5189210,2019-09-06 20:46:34:953,-0.8663,1.1338,9.2419,0.0251,-0.0411,9.8064,-0.0762,-0.0422,-0.0748,9.44,-40,-4.19,139.5,-81.35,-177.64
52.388508,-1.498731,128.56,13.54,3,306.76,18 / 20,5189309,2019-09-06 20:46:35:052,-0.3369,0.208,10.3983,-0.1137,0.1422,9.8049,-0.4911,0.015,0.0545,9.56,-39.62,-4.56,138.04,-82.04,-177.67
52.389153,-1.500116,127.78,13.17,3,307.36,18 / 20,5189410,2019-09-06 20:46:35:153,-0.6477,0.5016,10.2834,-0.0369,0.0149,9.8065,-0.2309,0.1056,0.0508,10,-39.75,-4.69,139.49,-81.28,-177.5
52.389153,-1.500116,127.78,13.17,3,307.36,18 / 20,5189509,2019-09-06 20:46:35:252,2.6345,0.0574,9.3675,-0.1111,0.1299,9.8051,-0.0171,-0.103,0.0114,9.56,-40.25,-4.81,140.77,-80.95,-176.4
52.389153,-1.500116,127.78,13.17,3,307.36,18 / 20,5189610,2019-09-06 20:46:35:353,1.5803,-3.0837,8.6111,0.014,-0.0172,9.8066,-0.2622,0.0819,-0.0076,8.75,-39.94,-4.37,140.43,-81.07,-177
52.389153,-1.500116,127.78,13.17,3,307.36,18 / 20,5189709,2019-09-06 20:46:35:452,2.0222,1.3538,9.4864,-0.0314,0.0157,9.8065,-0.304,-0.1395,-0.0268,9.5,-39.81,-3.5,134.23,-80.97,-177.82
52.389153,-1.500116,127.78,13.17,3,307.36,18 / 20,5189809,2019-09-06 20:46:35:552,0.7828,1.7081,10.6054,0.0261,-0.0521,9.8064,0.2962,-0.1062,0.107,9.88,-39.31,-3.69,134.42,-81.38,-180
52.389153,-1.500116,127.78,13.17,3,307.36,18 / 20,5189910,2019-09-06 20:46:35:653,-1.4762,0.8228,9.7696,0.056,-0.0648,9.8063,-0.1574,-0.0634,-0.0624,9.63,-39.19,-4,133.98,-81.46,179.58
52.389153,-1.500116,127.78,13.17,3,307.36,18 / 20,5190010,2019-09-06 20:46:35:753,1.3756,2.1337,10.877,-0.0277,0.0261,9.8065,0.2124,-0.0652,0.0396,10.38,-39.5,-4.19,133.67,-81.3,178.71
52.389153,-1.500116,127.78,13.17,3,307.36,18 / 20,5190109,2019-09-06 20:46:35:852,-0.3799,0.7669,9.335,0.0286,-0.028,9.8066,-0.2519,0.0267,0.0283,10.63,-39.75,-4.44,130.55,-81.59,178.4
52.389153,-1.500116,127.78,13.17,3,307.36,18 / 20,5190210,2019-09-06 20:46:35:953,0.4181,1.6775,11.5694,-0.0431,0.0713,9.8062,-0.0411,-0.1186,-0.0568,9.75,-39.25,-3.87,132.92,-81.67,178.69
52.389153,-1.500116,127.78,13.17,3,307.36,18 / 20,5190310,2019-09-06 20:46:36:053,-0.9259,-0.599,8.3447,-0.012,-0.0027,9.8066,0.2515,-0.0232,0.0481,9.88,-39.5,-4.69,136.68,-81.37,179.28
52.389153,-1.500116,127.78,13.17,3,307.36,19 / 20,5190409,2019-09-06 20:46:36:152,2.4513,1.0861,10.3647,-0.0184,0.051,9.8064,-0.0361,0.1434,-0.0952,10.44,-39.94,-3.94,135.25,-81.14,179.89
52.389153,-1.500116,127.78,13.17,3,307.36,19 / 20,5190510,2019-09-06 20:46:36:253,1.4897,0.2705,9.8611,-0.0182,0.0036,9.8065,-0.066,-0.1519,0.051,10.13,-39.75,-4.31,135.17,-81.33,-179.69
52.389153,-1.500116,127.78,13.17,3,307.36,19 / 20,5190609,2019-09-06 20:46:36:352,0.0644,-0.8933,9.5965,-0.0057,0.0097,9.8066,0.1972,-0.1107,0.0424,9.75,-40.06,-4.12,135.97,-81.07,-179.27
52.389153,-1.500116,127.78,13.17,3,307.36,19 / 20,5190709,2019-09-06 20:46:36:452,-0.1732,0.8233,10.2284,0.0489,-0.0721,9.8062,0.3049,-0.1181,0.0562,9.81,-39.06,-4.31,134.86,-81.33,-179.52
52.389153,-1.500116,127.78,13.17,3,307.36,19 / 20,5190809,2019-09-06 20:46:36:552,-0.4533,4.1512,12.1841,0.0729,-0.0468,9.8062,0.0838,-0.1248,0.0243,10.13,-39.44,-3.94,135.26,-81.36,-178.86
52.389153,-1.500116,127.78,13.17,3,307.36,19 / 20,5190910,2019-09-06 20:46:36:653,-0.6804,0.5857,10.2054,-0.0159,0.0094,9.8066,0.186,0.1063,-0.0766,10.13,-39.75,-3.75,136.02,-81.11,-179.07
52.389153,-1.500116,127.78,13.17,3,307.36,19 / 20,5191010,2019-09-06 20:46:36:753,1.0262,1.3661,10.764,0.029,-0.0218,9.8065,-0.278,0.0502,-0.0505,9.88,-39.62,-4.19,135.23,-81.36,-179.52
52.389153,-1.500116,127.78,13.17,3,307.36,19 / 20,5191110,2019-09-06 20:46:36:853,1.0917,-1.076,8.8103,-0.051,0.0377,9.8064,-0.206,0.0153,-0.0279,10.13,-39.87,-4.31,135.33,-81.47,-179.07
52.389153,-1.500116,127.78,13.17,3,307.36,19 / 20,5191210,2019-09-06 20:46:36:953,1.2601,-1.2622,9.9638,0.0457,-0.0195,9.8065,0.1998,-0.0199,0.1476,9.81,-39.5,-4.06,135.29,-81.15,-179.4
52.389153,-1.500116,127.78,13.17,3,307.36,19 / 20,5191309,2019-09-06 20:46:37:052,2.0117,-0.5513,9.6143,0.0263,0.01,9.8065,0.0914,-0.0629,-0.0855,9.31,-39.69,-4.37,140.1,-81.38,-176.62
52.389153,-1.500116,127.78,13.17,3,307.36,19 / 20,5191410,2019-09-06 20:46:37:153,0.4741,-0.5943,10.5225,-0.0027,0.0129,9.8065,0.0521,0.0488,0.0767,9.44,-40.12,-4.5,140.92,-81.21,-175.86
52.389153,-1.500116,127.78,13.17,3,307.36,19 / 20,5191509,2019-09-06 20:46:37:252,0.0513,0.2712,9.9656,-0.0061,0.0122,9.8065,0.0807,-0.029,-0.0032,9.19,-40.31,-4.37,141.22,-81.07,-175.77
52.389153,-1.500116,127.78,13.17,3,307.36,19 / 20,5191610,2019-09-06 20:46:37:353,-1.4453,0.6352,10.035,-0.0063,0.0019,9.8066,-0.0629,0.0119,0.0104,9.5,-40,-4,138.5,-81.03,-175.63
52.389153,-1.500116,127.78,13.17,3,307.36,19 / 20,5191709,2019-09-06 20:46:37:452,0.8566,-1.0816,9.3402,-0.0145,-0.001,9.8066,-0.1563,0.0032,-0.0047,9.75,-39.5,-4.31,137.03,-81.24,-176.64
52.389153,-1.500116,127.78,13.17,3,307.36,19 / 20,5191810,2019-09-06 20:46:37:553,0.6132,-0.3919,9.9651,-0.0082,0.0109,9.8066,0.0543,-0.0023,-0.0186,9.63,-39.87,-4.31,137.07,-81.23,-177.21
52.389153,-1.500116,127.78,13.17,3,307.36,19 / 20,5191910,2019-09-06 20:46:37:653,0.1742,-0.3306,9.7382,0.0033,0.0016,9.8066,-0.0418,-0.0502,0.0003,9.56,-39.62,-4.44,136.99,-81.31,-177.12
52.389153,-1.500116,127.78,13.17,3,307.36,19 / 20,5192010,2019-09-06 20:46:37:753,0.4476,-0.1075,9.7233,-0.0019,0.0076,9.8066,0.0173,0.024,0.0292,9.69,-39.56,-4.44,137.36,-81.23,-176.79
52.389153,-1.500116,127.78,13.17,3,307.36,19 / 20,5192110,2019-09-06 20:46:37:853,-0.2293,0.0415,10.0718,0.0032,0.005,9.8066,0.0273,0.0123,0.0028,9.31,-39.69,-4.06,140.55,-81.25,-176.3
52.389153,-1.500116,127.78,13.17,3,307.36,19 / 20,5192209,2019-09-06 20:46:37:952,1.4126,0.0079,9.9405,-0.0034,0.0072,9.8066,0.0135,0.035,-0.0283,9.75,-39.25,-4.12,137.49,-81.22,-176.04
52.389153,-1.500116,127.78,13.17,3,307.36,19 / 20,5192310,2019-09-06 20:46:38:053,0.9062,-0.1688,9.6277,0.0046,-0.0139,9.8066,-0.0255,0.0014,0.0195,9.56,-39.31,-4.25,137.01,-81.32,-176.46
52.389153,-1.500116,127.78,13.17,3,307.36,18 / 20,5192410,2019-09-06 20:46:38:153,1.0165,-1.1042,9.736,0.0027,-0.0069,9.8066,0.0071,-0.017,-0.0337,9.5,-39.75,-4.12,137.2,-81.39,-176.59
52.389153,-1.500116,127.78,13.17,3,307.36,18 / 20,5192510,2019-09-06 20:46:38:253,0.9746,-0.4025,10.1534,-0.0061,0.0059,9.8066,-0.0493,-0.0263,-0.0364,9.69,-39.5,-4.37,136.67,-81.45,-176.63
52.389153,-1.500116,127.78,13.17,3,307.36,18 / 20,5192609,2019-09-06 20:46:38:352,0.5465,-0.2631,9.7951,0.0029,-0.0063,9.8066,0.0933,-0.0486,0.0044,9.56,-39.62,-4.19,136.71,-81.52,-176.95
52.389153,-1.500116,127.78,13.17,3,307.36,18 / 20,5192709,2019-09-06 20:46:38:452,-0.0332,1.4509,10.1017,0.0327,-0.0546,9.8064,0.2327,-0.1189,0.0045,9.38,-39.31,-3.81,139.18,-81.31,-177.6
52.389153,-1.500116,127.78,13.17,3,307.36,18 / 20,5192810,2019-09-06 20:46:38:553,-0.0626,0.4539,10.4282,0.0374,-0.0401,9.8064,-0.2211,-0.0498,0.008,9.63,-39.44,-4.69,138,-81.61,-178.27
52.389153,-1.500116,127.78,13.17,3,307.36,18 / 20,5192910,2019-09-06 20:46:38:653,-0.9676,3.0113,10.9889,-0.0515,0.0503,9.8063,-0.0264,0.1101,-0.1152,9.81,-39.5,-3.81,134.97,-81.3,-179.43
52.389153,-1.500116,127.78,13.17,3,307.36,18 / 20,5193010,2019-09-06 20:46:38:753,1.2506,-0.5183,9.9532,-0.0269,0.017,9.8065,-0.018,0.0544,0.0315,10.56,-39.44,-4.69,133.71,-81.55,179.42
52.389153,-1.500116,127.78,13.17,3,307.36,18 / 20,5193109,2019-09-06 20:46:38:852,-0.352,-0.054,10.0241,-0.0434,0.0678,9.8063,-0.1167,0.1484,0.0087,10,-39.81,-4.44,135.65,-81.41,-178.79
52.389153,-1.500116,127.78,13.17,3,307.36,18 / 20,5193210,2019-09-06 20:46:38:953,0.5461,1.1465,10.7051,-0.0334,0.0573,9.8064,-0.0829,0.1508,-0.0755,9.56,-38.94,-4.94,138.46,-81.54,-177.79
52.389153,-1.500116,127.78,13.17,3,307.36,18 / 20,5193310,2019-09-06 20:46:39:053,0.953,-0.3581,9.6727,-0.0194,0.0361,9.8065,-0.0997,-0.0013,0.0187,9.69,-39.81,-4.19,136.39,-81.61,-177.18
52.389153,-1.500116,127.78,13.17,3,307.36,19 / 20,5193409,2019-09-06 20:46:39:152,0.2204,-0.4344,9.744,-0.0077,0.0116,9.8066,-0.0226,-0.0546,0.0195,9.81,-39.31,-4.06,137.06,-81.45,-176.06
52.389153,-1.500116,127.78,13.17,3,307.36,19 / 20,5193510,2019-09-06 20:46:39:253,0.4903,-0.0039,9.7218,0.0015,-0.0004,9.8066,-0.1491,0.0385,0.0061,9.25,-40,-4.56,143.76,-81.48,-174.96
52.389153,-1.500116,127.78,13.17,3,307.36,19 / 20,5193609,2019-09-06 20:46:39:352,0.012,-0.2372,9.994,-0.0052,0.0124,9.8066,0.0863,0.0375,0.0353,9.44,-39.62,-4.56,143.87,-81.49,-174.77
52.389153,-1.500116,127.78,13.17,3,307.36,19 / 20,5193709,2019-09-06 20:46:39:452,1.2183,0.0411,9.8689,0.0344,-0.0066,9.8065,0.0936,-0.0655,0.0198,9.56,-40.06,-3.94,139.44,-81.57,-172.89
52.389153,-1.500116,127.78,13.17,3,307.36,19 / 20,5193810,2019-09-06 20:46:39:553,0.5161,-0.6842,9.6948,0.0071,-0.0158,9.8066,0.029,-0.0143,0.0537,9.63,-39.62,-3.94,139.73,-81.44,-172.79
52.389153,-1.500116,127.78,13.17,3,307.36,19 / 20,5193910,2019-09-06 20:46:39:653,1.6047,-0.0502,9.9986,0.0024,0.0158,9.8066,0.0286,-0.0375,-0.0102,9.38,-39.81,-4.19,142.9,-81.45,-172.21
52.389153,-1.500116,127.78,13.17,3,307.36,19 / 20,5194010,2019-09-06 20:46:39:753,-0.0792,-1.3763,9.7262,-0.002,-0.0069,9.8066,0.0063,-0.0408,0.0477,9.38,-39.75,-4.25,143.12,-81.46,-171.86
52.389153,-1.500116,127.78,13.17,3,307.36,19 / 20,5194110,2019-09-06 20:46:39:853,0.6385,-0.429,10.0826,0.0081,0.0162,9.8065,-0.0099,-0.2233,0.1265,9.25,-40.25,-4.25,143.87,-81.37,-170.94
52.389153,-1.500116,127.78,13.17,3,307.36,19 / 20,5194210,2019-09-06 20:46:39:953,-0.8549,-1.1576,9.6758,0.0322,-0.0212,9.8065,0.212,0.0006,0.0216,8.69,-39.69,-3.69,144.6,-81.19,-170.26
52.389153,-1.500116,127.78,13.17,3,307.36,19 / 20,5194310,2019-09-06 20:46:40:053,3.2535,1.2516,9.3601,0.0462,-0.0373,9.8065,0.1747,-0.122,0.1298,8.63,-39.62,-3.69,145.07,-81.42,-168.97
52.389153,-1.500116,127.78,13.17,3,307.36,18 / 20,5194410,2019-09-06 20:46:40:153,0.6187,-0.7064,10.1113,-0.0362,0.0135,9.8065,-0.0056,-0.0846,-0.0169,8.75,-39.56,-4.19,145.71,-81.45,-167.91
52.389153,-1.500116,127.78,13.17,3,307.36,18 / 20,5194509,2019-09-06 20:46:40:252,0.2983,-0.2268,10.2948,-0.0284,0.0079,9.8065,0.0755,0.0013,-0.032,9,-39.87,-4,145.05,-81.53,-168.72
52.389153,-1.500116,127.78,13.17,3,307.36,18 / 20,5194610,2019-09-06 20:46:40:353,-1.2748,1.0813,10.0604,-0.0219,-0.003,9.8066,-0.1494,-0.0101,-0.0124,9.5,-39.25,-4.06,140.96,-81.41,-170.53
52.389153,-1.500116,127.78,13.17,3,307.36,18 / 20,5194709,2019-09-06 20:46:40:452,-0.0305,0.0447,9.5214,-0.0258,0.0156,9.8065,-0.1471,-0.0461,0.02,9.25,-39.75,-4.37,143.62,-81.11,-171.96
52.389153,-1.500116,127.78,13.17,3,307.36,18 / 20,5194810,2019-09-06 20:46:40:553,-0.0594,0.1146,9.806,0.0048,-0.0076,9.8065,0.0968,-0.0653,-0.0105,9.19,-39.75,-3.75,143.47,-81.18,-172.01
52.389153,-1.500116,127.78,13.17,3,307.36,18 / 20,5194910,2019-09-06 20:46:40:653,0.6156,0.5785,9.6811,0.0117,-0.0229,9.8065,0.0226,-0.0138,0.0376,9.75,-39.5,-3.75,139.63,-81.43,-172.42
52.389153,-1.500116,127.78,13.17,3,307.36,18 / 20,5195010,2019-09-06 20:46:40:753,-0.0067,-0.531,9.7633,0.0174,-0.0026,9.8065,-0.0209,-0.0393,0.0257,9.06,-40.37,-4.06,142.93,-81.54,-171.93
52.389153,-1.500116,127.78,13.17,3,307.36,18 / 20,5195110,2019-09-06 20:46:40:853,0.148,-0.309,9.6631,-0.001,0.0034,9.8066,-0.0502,-0.0061,-0.0148,9.88,-39.69,-3.94,140.12,-81.59,-171.87
52.389153,-1.500116,127.78,13.17,3,307.36,18 / 20,5195210,2019-09-06 20:46:40:953,0.5779,-0.2374,10.0121,-0.007,0.0075,9.8066,0.0907,-0.0082,0.0178,9.75,-40.19,-4.12,140.3,-81.49,-171.84
52.389153,-1.500116,127.78,13.17,3,307.36,18 / 20,5195310,2019-09-06 20:46:41:053,-0.1843,-0.1034,10.0921,0.0106,-0.0015,9.8065,0.0449,-0.0082,-0.0421,9.25,-39.87,-4.19,143.66,-81.46,-171.02
52.389153,-1.500116,127.78,13.17,3,307.36,18 / 20,5195410,2019-09-06 20:46:41:153,-0.3202,0.1966,9.7037,0.0137,-0.0222,9.8065,-0.0423,0.0665,0.0145,9.56,-39.69,-4.06,140.7,-81.52,-171.19
52.389153,-1.500116,127.78,13.17,3,307.36,18 / 20,5195509,2019-09-06 20:46:41:252,0.8525,0.0237,9.6894,0.0085,-0.0001,9.8066,-0.0451,-0.0474,0.0368,9.63,-39.69,-3.56,140.68,-81.58,-171.06
52.389153,-1.500116,127.78,13.17,3,307.36,18 / 20,5195610,2019-09-06 20:46:41:353,0.499,-0.8165,9.8535,0.0045,-0.0078,9.8066,0.0828,-0.0518,-0.0035,9.38,-39.69,-3.62,143.59,-81.74,-170.43
52.389153,-1.500116,127.78,13.17,3,307.36,18 / 20,5195709,2019-09-06 20:46:41:452,-0.979,0.1666,9.85,0.0009,-0.003,9.8066,0.084,0.0527,-0.0221,8.94,-39.94,-4.19,143.3,-81.79,-170.73
52.389153,-1.500116,127.78,13.17,3,307.36,18 / 20,5195810,2019-09-06 20:46:41:553,0.3509,0.1897,9.9056,0.0052,0.0004,9.8065,-0.0616,-0.0136,-0.0176,9.75,-39.81,-3.62,140.53,-81.78,-170.79
52.389153,-1.500116,127.78,13.17,3,307.36,18 / 20,5195910,2019-09-06 20:46:41:653,-0.1609,-0.2257,9.5618,-0.0082,0.0013,9.8066,-0.0899,-0.0028,-0.0112,9.25,-39.62,-4.25,143.22,-81.71,-171.05
52.389153,-1.500116,127.78,13.17,3,307.36,18 / 20,5196010,2019-09-06 20:46:41:753,-0.3093,-0.0538,10.0909,-0.0034,-0.0095,9.8066,0.0227,-0.0097,-0.0177,9.5,-39.31,-3.87,139.66,-81.76,-171.57
52.389153,-1.500116,127.78,13.17,3,307.36,18 / 20,5196110,2019-09-06 20:46:41:853,0.5194,-0.0436,10.2006,-0.0024,0.0022,9.8066,-0.0009,-0.0365,-0.0549,9.75,-40,-4.44,140.13,-81.76,-171.42
52.389153,-1.500116,127.78,13.17,3,307.36,18 / 20,5196210,2019-09-06 20:46:41:953,-0.5664,0.1928,10.1459,0.0062,-0.0175,9.8066,0.018,-0.039,0.0484,9.69,-39.69,-3.94,139.52,-81.8,-172.21
52.389153,-1.500116,127.78,13.17,3,307.36,18 / 20,5196310,2019-09-06 20:46:42:053,-0.4716,0.148,9.6755,-0.0096,0.0063,9.8066,-0.0653,0.002,-0.0227,9.19,-39.87,-3.75,142.41,-81.67,-172.36
52.389153,-1.500116,127.78,13.17,3,307.36,18 / 20,5196409,2019-09-06 20:46:42:152,0.3085,-0.0789,9.7687,-0.0115,0.0152,9.8066,0.0406,-0.0254,0.0111,9.63,-40.12,-3.94,139.77,-81.63,-172.27
52.389153,-1.500116,127.78,13.17,3,307.36,18 / 20,5196510,2019-09-06 20:46:42:253,0.7549,-0.2354,9.7596,0.0194,-0.0112,9.8066,0.0594,-0.0159,-0.0243,9.38,-39.75,-3.31,139.56,-81.82,-171.6
52.389153,-1.500116,127.78,13.17,3,307.36,18 / 20,5196609,2019-09-06 20:46:42:352,0.0582,-0.3274,9.4125,0.0093,-0.0183,9.8066,0.0065,-0.0617,0.0729,9.56,-39.56,-4.44,139.6,-81.86,-171.93
52.389153,-1.500116,127.78,13.17,3,307.36,18 / 20,5196709,2019-09-06 20:46:42:452,-0.0045,0.1305,9.8504,0.0165,-0.0085,9.8066,0.0262,-0.0432,-0.0334,9.69,-39.56,-4.25,139.77,-81.92,-171.53
52.389153,-1.500116,127.78,13.17,3,307.36,18 / 20,5196810,2019-09-06 20:46:42:553,0.5078,-0.3037,10.0929,-0.0244,0.0145,9.8066,0.0134,0.0383,0.0245,8.88,-40.19,-4.37,142.55,-82.11,-171.05
52.389153,-1.500116,127.78,13.17,3,307.36,18 / 20,5196909,2019-09-06 20:46:42:652,0.6511,0.1927,10.1027,-0.0124,0.0289,9.8066,0.0768,-0.0324,0.0075,9.75,-40.06,-3.5,137.11,-81.93,-170.87
52.389153,-1.500116,127.78,13.17,3,307.36,18 / 20,5197009,2019-09-06 20:46:42:752,-0.302,-0.3063,9.9249,0.0138,-0.0024,9.8066,-0.0504,0.0138,0.0869,9,-40,-4.44,143.67,-81.89,-169.94
52.389153,-1.500116,127.78,13.17,3,307.36,18 / 20,5197109,2019-09-06 20:46:42:852,1.2605,-0.1619,10.7124,0.0133,0.0193,9.8065,0.0536,-0.0009,0.017,8.25,-39.75,-4.5,148.15,-81.84,-167.78
52.389153,-1.500116,127.78,13.17,3,307.36,18 / 20,5197209,2019-09-06 20:46:42:952,1.5576,0.9274,11.2348,0.0552,-0.0378,9.8064,0.0689,-0.0464,0.0241,9,-39.94,-4.19,145.78,-82.03,-166.44
52.389153,-1.500116,127.78,13.17,3,307.36,18 / 20,5197309,2019-09-06 20:46:43:052,-2.2615,3.0043,10.599,0.0004,0.0051,9.8065,0.3556,0.1053,-0.0065,8.88,-40,-3.81,146.55,-81.88,-165.63
52.389153,-1.500116,127.78,13.17,3,307.36,18 / 19,5197409,2019-09-06 20:46:43:152,-0.3341,1.7737,11.5453,0.0163,0.0017,9.8065,-0.3939,0.1269,-0.0439,8.63,-39.31,-3.94,146.48,-81.92,-165.16
52.389153,-1.500116,127.78,13.17,3,307.36,18 / 19,5197510,2019-09-06 20:46:43:253,-0.4814,-1.3024,8.4005,-0.1122,0.0808,9.8057,-0.3534,0.1456,-0.0204,8.88,-39.69,-3.94,146.72,-81.2,-166.95
52.389153,-1.500116,127.78,13.17,3,307.36,18 / 19,5197609,2019-09-06 20:46:43:352,-0.0468,-0.9795,8.7917,-0.1292,0.1074,9.8052,-0.1748,-0.0526,0.0095,9.44,-39.87,-4.06,146.28,-81.13,-167.78
52.389153,-1.500116,127.78,13.17,3,307.36,18 / 19,5197709,2019-09-06 20:46:43:452,-0.9895,-1.0462,8.5349,-0.0061,0.004,9.8066,-0.6557,0.0256,-0.0644,9.19,-39.75,-4.06,145.95,-81.34,-167.8
52.389153,-1.500116,127.78,13.17,3,307.36,18 / 19,5197809,2019-09-06 20:46:43:552,1.3605,-2.6913,8.6808,-0.1031,0.0582,9.8059,0.1541,0.0155,-0.0664,9.38,-39.25,-4.25,144.99,-81.17,-169.15
52.389153,-1.500116,127.78,13.17,3,307.36,18 / 19,5197910,2019-09-06 20:46:43:653,0.8473,-0.5408,8.6691,0.0287,-0.0642,9.8063,-0.086,-0.0392,0.0012,8.94,-40.06,-4.37,143.05,-81.77,-171.17
52.389153,-1.500116,127.78,13.17,3,307.36,18 / 19,5198010,2019-09-06 20:46:43:753,0.0741,-1.4918,8.8629,-0.0087,0.0208,9.8065,0.2037,-0.0685,0.0887,9.56,-39.25,-4.25,140.18,-81.43,-171.62
52.389153,-1.500116,127.78,13.17,3,307.36,18 / 19,5198110,2019-09-06 20:46:43:853,-0.4193,-0.4587,9.7725,0.0412,-0.0328,9.8064,0.0352,0.0235,0.0197,9.13,-40.06,-4,143.63,-81.7,-170.48
52.389153,-1.500116,127.78,13.17,3,307.36,18 / 19,5198210,2019-09-06 20:46:43:953,1.146,-0.688,9.8564,0.0163,0.0072,9.8066,0.1944,0.0085,-0.0081,8.94,-39.81,-4.31,144.53,-81.57,-169.42
52.389153,-1.500116,127.78,13.17,3,307.36,18 / 19,5198310,2019-09-06 20:46:44:053,0.6083,0.9003,10.2974,0.0311,-0.0146,9.8065,-0.0005,-0.0103,-0.0181,9,-39.5,-4,145.13,-81.68,-167.75
52.3898,-1.501496,127.46,13.17,3,307.63,18 / 20,5198409,2019-09-06 20:46:44:152,1.4042,-0.2725,9.9002,0.0081,0.0164,9.8065,0.0401,-0.0033,-0.0001,8.69,-39.75,-4.31,145.97,-81.63,-167.11
52.3898,-1.501496,127.46,13.17,3,307.63,18 / 20,5198510,2019-09-06 20:46:44:253,0.2865,0.0077,10.3127,-0.0067,-0.0103,9.8066,0.034,0.0344,-0.0509,9.31,-40,-3.31,142.41,-81.47,-168.24
52.3898,-1.501496,127.46,13.17,3,307.63,18 / 20,5198609,2019-09-06 20:46:44:352,0.5759,-0.7765,9.9938,-0.0057,-0.0005,9.8066,-0.0442,0.0429,-0.0239,9.56,-40.31,-3.69,142.54,-81.33,-168.93
52.3898,-1.501496,127.46,13.17,3,307.63,18 / 20,5198710,2019-09-06 20:46:44:453,0.6632,-0.0713,10.7276,-0.0082,-0.0031,9.8065,-0.0292,-0.0066,-0.0086,9.56,-39.69,-3.12,139.55,-81.18,-169.34
52.3898,-1.501496,127.46,13.17,3,307.63,18 / 20,5198809,2019-09-06 20:46:44:552,-0.3895,-1.154,9.7594,-0.0387,0.01,9.8065,-0.018,0.0776,-0.0724,10.13,-39.87,-3.5,138.74,-81.02,-170.96
52.3898,-1.501496,127.46,13.17,3,307.63,18 / 20,5198909,2019-09-06 20:46:44:652,1.3933,0.4968,11.3069,-0.0082,-0.0028,9.8066,0.1448,0.0253,-0.0622,9.63,-40.06,-2.94,138.31,-80.84,-172.11
52.3898,-1.501496,127.46,13.17,3,307.63,18 / 20,5199010,2019-09-06 20:46:44:753,-0.1096,-0.4232,10.8386,-0.0303,-0.0216,9.8066,0.1504,0.0272,-0.1171,9.81,-40,-2.69,137.25,-80.59,-174.39
52.3898,-1.501496,127.46,13.17,3,307.63,18 / 20,5199109,2019-09-06 20:46:44:852,-0.3299,0.8548,9.5154,-0.0488,0.0134,9.8065,-0.0611,-0.0354,-0.0771,10.75,-39.5,-2.62,132.57,-80.18,-177.94
52.3898,-1.501496,127.46,13.17,3,307.63,18 / 20,5199209,2019-09-06 20:46:44:952,1.0164,0.1388,8.9373,-0.0121,-0.0283,9.8065,-0.0749,-0.0768,-0.0671,10.19,-39.5,-3.44,133.62,-80.43,-179.61
52.3898,-1.501496,127.46,13.17,3,307.63,18 / 20,5199310,2019-09-06 20:46:45:053,-0.1444,-0.2277,9.5996,0.0157,-0.0502,9.8064,-0.1355,-0.063,-0.0331,11.19,-39.87,-3.25,128.79,-80.9,178.06
52.3898,-1.501496,127.46,13.17,3,307.63,18 / 19,5199409,2019-09-06 20:46:45:152,-0.9756,-0.0804,9.1096,0.036,-0.072,9.8063,0.0307,-0.0325,-0.1049,10.75,-39,-3.69,126.66,-81.67,174.01
52.3898,-1.501496,127.46,13.17,3,307.63,18 / 19,5199510,2019-09-06 20:46:45:253,0.4159,-1.9447,9.7192,-0.0559,0.05,9.8063,-0.0912,-0.0258,0.0677,10.56,-38.5,-4.12,126.17,-81.38,173.18
52.3898,-1.501496,127.46,13.17,3,307.63,18 / 19,5199609,2019-09-06 20:46:45:352,-0.388,0.0801,9.9957,-0.0212,0.0253,9.8066,-0.0592,-0.0489,0.0592,11.06,-39.37,-3.87,126.47,-81.55,173.42
52.3898,-1.501496,127.46,13.17,3,307.63,18 / 19,5199710,2019-09-06 20:46:45:453,0.5965,-0.3546,8.7975,-0.0364,0.0536,9.8064,-0.2384,-0.0912,0.0306,11.06,-39.31,-4.37,127.48,-81.45,174.5
52.3898,-1.501496,127.46,13.17,3,307.63,18 / 19,5199809,2019-09-06 20:46:45:552,1.206,-0.3913,9.2584,-0.0361,0.0408,9.8064,-0.1346,0.0126,0.0668,10.81,-38.87,-4.37,127.5,-81.75,175.36
52.3898,-1.501496,127.46,13.17,3,307.63,18 / 19,5199909,2019-09-06 20:46:45:652,1.7373,-0.2238,10.3074,0.0295,-0.0171,9.8065,0.091,-0.0217,-0.0421,10.56,-39.69,-4.87,130.97,-82.06,176.49
52.3898,-1.501496,127.46,13.17,3,307.63,18 / 19,5200009,2019-09-06 20:46:45:752,-0.8893,1.0432,9.557,0.0295,-0.0037,9.8065,0.3011,-0.0288,0.0221,10.44,-39.19,-3.69,130.63,-82.25,177.23
52.3898,-1.501496,127.46,13.17,3,307.63,18 / 19,5200110,2019-09-06 20:46:45:853,-1.3923,1.1748,10.1032,-0.0082,0.0293,9.8065,-0.1481,-0.0037,0.0441,10.63,-38.87,-4.5,130.31,-81.84,179.34
52.3898,-1.501496,127.46,13.17,3,307.63,18 / 19,5200209,2019-09-06 20:46:45:952,0.2248,-0.375,10.4387,0.0401,-0.0103,9.8065,0.1373,-0.0363,0.0408,9.81,-39.75,-4.44,133.87,-82.12,-179.32
52.3898,-1.501496,127.46,13.17,3,307.63,18 / 19,5200310,2019-09-06 20:46:46:053,1.2027,0.188,9.1354,0.0064,0.0328,9.8065,-0.0975,0.0721,0.0826,9.56,-39.5,-5,138.31,-82.12,-176.61
52.3898,-1.501496,127.46,13.17,3,307.63,18 / 19,5200409,2019-09-06 20:46:46:152,-0.3797,0.6648,9.497,0.0019,0.0324,9.8065,-0.0141,-0.0387,0.0774,9.75,-39.25,-5.37,139.87,-82.18,-174.31
52.3898,-1.501496,127.46,13.17,3,307.63,18 / 19,5200510,2019-09-06 20:46:46:253,1.0329,0.6611,9.8993,0.0242,0.013,9.8065,-0.0455,-0.0065,0.0137,9.5,-39.44,-4.81,140.99,-82.3,-172.5
52.3898,-1.501496,127.46,13.17,3,307.63,18 / 19,5200610,2019-09-06 20:46:46:353,0.7113,-0.0627,10.3241,0.0147,0.0192,9.8066,0.0507,0.0728,0.0948,9.56,-38.75,-5.06,143.68,-82.21,-168.95
52.3898,-1.501496,127.46,13.17,3,307.63,18 / 19,5200711,2019-09-06 20:46:46:454,-1.3619,1.3863,10.8258,-0.0033,0.0116,9.8066,-0.0554,-0.019,-0.0706,9,-38.56,-4.44,144.5,-82.12,-167.63
52.3898,-1.501496,127.46,13.17,3,307.63,18 / 19,5200810,2019-09-06 20:46:46:553,0.9264,0.3708,10.3436,-0.0072,0.0238,9.8066,0.0485,-0.0494,0.0338,8.75,-38.94,-4.94,147.57,-82.09,-167.53
52.3898,-1.501496,127.46,13.17,3,307.63,18 / 19,5200909,2019-09-06 20:46:46:652,-0.8182,1.1544,10.6743,-0.0174,0.0092,9.8066,-0.0508,-0.0078,0.0257,9,-39.19,-4.25,144.99,-81.86,-167.52
52.3898,-1.501496,127.46,13.17,3,307.63,18 / 19,5201010,2019-09-06 20:46:46:753,0.7336,-0.6068,9.5227,-0.0327,0.0257,9.8065,-0.1283,0.002,-0.0776,8.88,-39.31,-3.87,144.78,-81.73,-168.15
52.3898,-1.501496,127.46,13.17,3,307.63,18 / 19,5201110,2019-09-06 20:46:46:853,0.3314,0.1227,9.7985,0.0295,-0.0183,9.8065,0.1399,0.0267,0.0346,8.38,-39.5,-4.06,147.66,-81.63,-168.54
52.3898,-1.501496,127.46,13.17,3,307.63,18 / 19,5201210,2019-09-06 20:46:46:953,0.3352,-0.9442,8.8699,0.0014,-0.0059,9.8066,0.0268,-0.0342,-0.0063,9.19,-39.69,-3.81,145.17,-81.75,-168.03
52.3898,-1.501496,127.46,13.17,3,307.63,18 / 19,5201310,2019-09-06 20:46:47:053,0.4115,0.0213,9.779,0.0087,-0.0192,9.8065,-0.049,0.0224,0.082,8.75,-39.69,-4.44,144.83,-81.71,-168.62
52.3898,-1.501496,127.46,13.17,3,307.63,18 / 19,5201409,2019-09-06 20:46:47:152,-0.2499,1.0213,10.5003,0.0141,-0.0025,9.8066,0.0668,-0.0291,-0.0844,9,-39.75,-3.87,144.78,-81.75,-168.61
52.3898,-1.501496,127.46,13.17,3,307.63,18 / 19,5201510,2019-09-06 20:46:47:253,0.1349,0.3853,10.2238,0.0017,-0.0108,9.8065,0.0645,-0.0199,-0.0168,9.88,-39.5,-4,141.63,-81.77,-168.73
52.3898,-1.501496,127.46,13.17,3,307.63,18 / 19,5201609,2019-09-06 20:46:47:352,0.6081,0.2506,9.6876,-0.0003,-0.0101,9.8066,0.0837,0.0228,0.0123,8.75,-39.75,-3.87,144.27,-81.77,-169.34
52.3898,-1.501496,127.46,13.17,3,307.63,18 / 19,5201710,2019-09-06 20:46:47:453,-0.1285,0.7777,9.8771,-0.0058,0.0083,9.8066,0.0299,-0.0381,-0.0208,8.88,-39.87,-3.87,144.34,-81.74,-169.3
52.3898,-1.501496,127.46,13.17,3,307.63,18 / 19,5201809,2019-09-06 20:46:47:552,0.0765,0.0962,10.4166,-0.007,0.0046,9.8066,0.0152,-0.0051,0.0376,9,-40.12,-4.56,147.08,-81.75,-169.4
52.3898,-1.501496,127.46,13.17,3,307.63,18 / 19,5201909,2019-09-06 20:46:47:652,0.3755,-0.1333,9.9092,-0.0085,0.012,9.8065,0.0234,0.0062,-0.0007,8.75,-39.81,-4,144.43,-81.69,-169.3
52.3898,-1.501496,127.46,13.17,3,307.63,18 / 19,5202010,2019-09-06 20:46:47:753,-0.0981,-0.0497,9.7977,-0.0024,0.0029,9.8066,-0.0479,0.0057,-0.0092,9.19,-39.81,-4.25,144.56,-81.64,-169.22
52.3898,-1.501496,127.46,13.17,3,307.63,18 / 19,5202110,2019-09-06 20:46:47:853,-0.1308,0.7928,10.0463,-0.0163,0.0186,9.8066,-0.0497,-0.0268,-0.028,9.13,-39.94,-4.44,144.68,-81.5,-169.36
52.3898,-1.501496,127.46,13.17,3,307.63,18 / 19,5202210,2019-09-06 20:46:47:953,-0.2742,0.5122,9.8171,-0.006,-0.0057,9.8066,-0.0276,0.0352,-0.0156,8.75,-39.62,-4,144.19,-81.63,-169.79
52.3898,-1.501496,127.46,13.17,3,307.63,18 / 19,5202309,2019-09-06 20:46:48:052,-0.1055,0.0218,10.0333,0.0013,-0.0186,9.8066,-0.0639,0.0087,0.0034,8.75,-39.56,-4.06,143.41,-81.76,-170.64
52.3898,-1.501496,127.46,13.17,3,307.63,18 / 20,5202410,2019-09-06 20:46:48:153,-0.3254,0.6759,10.5951,-0.005,0.0015,9.8066,0.0164,0.0393,-0.049,9.13,-39.62,-3.81,142.82,-81.85,-171.29
52.3898,-1.501496,127.46,13.17,3,307.63,18 / 20,5202510,2019-09-06 20:46:48:253,0.4185,-0.083,9.8295,-0.0182,0.0288,9.8065,-0.0224,-0.0001,0.0149,9.44,-39.62,-4,143.37,-81.64,-171.01
52.3898,-1.501496,127.46,13.17,3,307.63,18 / 20,5202610,2019-09-06 20:46:48:353,-0.1513,-0.2542,9.721,-0.0103,0.0129,9.8065,-0.0879,-0.048,0.0876,9.06,-39.81,-4.06,143.55,-81.63,-170.76
52.3898,-1.501496,127.46,13.17,3,307.63,18 / 20,5202710,2019-09-06 20:46:48:453,0.6479,-0.2821,9.8088,0.0155,0.0021,9.8066,-0.0624,-0.0042,-0.0229,9,-40,-4.06,144.33,-81.84,-169.06
52.3898,-1.501496,127.46,13.17,3,307.63,18 / 20,5202810,2019-09-06 20:46:48:553,0.1065,-0.9653,9.8315,0.0024,0.0014,9.8066,0.0066,-0.0099,0.0655,9,-40.81,-4.31,144.91,-81.92,-168.51
52.3898,-1.501496,127.46,13.17,3,307.63,18 / 20,5202909,2019-09-06 20:46:48:652,1.3062,0.8563,9.7174,0.0181,0.0139,9.8066,0.0834,0.062,0.0052,9.25,-40.12,-3.87,145.12,-81.84,-167.89
52.3898,-1.501496,127.46,13.17,3,307.63,18 / 20,5203009,2019-09-06 20:46:48:752,0.4549,-0.0371,8.931,0.0274,-0.004,9.8065,-0.1968,0.0369,-0.0379,9,-40.12,-3.87,146.37,-81.74,-166.23
52.3898,-1.501496,127.46,13.17,3,307.63,18 / 20,5203110,2019-09-06 20:46:48:853,0.0469,-0.5772,9.7598,-0.0076,-0.0054,9.8066,-0.1198,-0.0019,0.0019,8.56,-40,-3.62,146.09,-81.85,-166.4
52.3898,-1.501496,127.46,13.17,3,307.63,18 / 20,5203210,2019-09-06 20:46:48:953,0.6781,-0.2056,9.7245,-0.0045,-0.0089,9.8065,-0.0181,-0.0141,-0.0478,9,-39.94,-4.44,145.72,-82.04,-166.52
52.3898,-1.501496,127.46,13.17,3,307.63,18 / 20,5203310,2019-09-06 20:46:49:053,1.0352,-0.33,9.8019,-0.0172,-0.0094,9.8065,-0.0805,-0.0528,-0.0093,9.56,-40.25,-4.56,144.14,-82.12,-168.92
52.3898,-1.501496,127.46,13.17,3,307.63,19 / 20,5203409,2019-09-06 20:46:49:152,0.5387,-0.4053,9.5374,-0.0259,0.008,9.8066,0.1315,0.0254,-0.0184,9.31,-39.62,-4.31,143.45,-81.95,-170.12
52.3898,-1.501496,127.46,13.17,3,307.63,19 / 20,5203510,2019-09-06 20:46:49:253,0.4003,-0.4285,10.2174,-0.0064,-0.0029,9.8066,-0.0649,-0.0237,-0.0031,8.81,-40.19,-4.12,142.96,-81.87,-171.04
52.3898,-1.501496,127.46,13.17,3,307.63,19 / 20,5203609,2019-09-06 20:46:49:352,0.7078,-0.1779,9.3986,-0.0024,0.0074,9.8066,0.0828,0.0218,-0.0123,9.25,-39.87,-4.25,142.84,-81.86,-171.24
52.3898,-1.501496,127.46,13.17,3,307.63,19 / 20,5203709,2019-09-06 20:46:49:452,0.8912,-1.3786,9.923,0.03,-0.0189,9.8065,0.0217,-0.0104,0.0195,9.38,-40.25,-3.94,142.47,-82.02,-171.39
52.3898,-1.501496,127.46,13.17,3,307.63,19 / 20,5203810,2019-09-06 20:46:49:553,0.4979,-0.0538,9.6103,0.028,-0.0066,9.8066,0.0346,-0.0374,0.0411,9.44,-39.25,-3.12,139.74,-82,-170.22
52.3898,-1.501496,127.46,13.17,3,307.63,19 / 20,5203910,2019-09-06 20:46:49:653,-0.9696,-0.7985,9.1677,0.0216,-0.006,9.8066,0.0226,0.0648,-0.0158,8.94,-40.06,-3.56,143.63,-81.89,-169.99
52.3898,-1.501496,127.46,13.17,3,307.63,19 / 20,5204010,2019-09-06 20:46:49:753,1.8015,1.0488,10.8632,0.0261,0.0084,9.8065,0.0316,0.0153,-0.016,8.94,-39.81,-3.62,144.9,-81.96,-167.92
52.3898,-1.501496,127.46,13.17,3,307.63,19 / 20,5204110,2019-09-06 20:46:49:853,-0.9981,0.7248,10.8173,-0.0065,-0.0168,9.8066,0.2184,0.0587,-0.0573,9.81,-39.81,-4.19,140.9,-82.11,-169.47
52.3898,-1.501496,127.46,13.17,3,307.63,19 / 20,5204209,2019-09-06 20:46:49:952,-0.0694,0.2983,9.5006,-0.0029,-0.0102,9.8066,-0.1573,0.0272,-0.0486,9.38,-39.87,-4,143.29,-81.91,-170.45
52.3898,-1.501496,127.46,13.17,3,307.63,19 / 20,5204309,2019-09-06 20:46:50:052,-0.3944,0.2786,9.6448,-0.0359,0.0111,9.8065,-0.1001,0.0338,-0.0065,9.75,-40.12,-3.87,138.96,-81.75,-173.12
52.3898,-1.501496,127.46,13.17,3,307.63,18 / 20,5204410,2019-09-06 20:46:50:153,0.5832,-0.3317,9.7688,-0.0113,-0.0082,9.8066,-0.1619,-0.0174,-0.0729,10.13,-39.37,-4.44,137.47,-82.06,-173.91
52.3898,-1.501496,127.46,13.17,3,307.63,18 / 20,5204510,2019-09-06 20:46:50:253,0.7358,-1.4744,8.9255,-0.0237,-0.0011,9.8065,-0.1352,0.0329,0.0253,9.63,-39.62,-4.25,136.62,-82.4,-174.73
52.3898,-1.501496,127.46,13.17,3,307.63,18 / 20,5204609,2019-09-06 20:46:50:352,0.8148,-1.2678,9.9778,-0.0342,0.0473,9.8065,0.1112,-0.0366,0.013,9.69,-39.31,-4.81,139.24,-82.25,-175.01
52.3898,-1.501496,127.46,13.17,3,307.63,18 / 20,5204710,2019-09-06 20:46:50:453,0.3483,-1.8305,9.035,0.0208,-0.0177,9.8066,-0.0605,0.0187,-0.0156,9.88,-39.75,-4.19,137.04,-82.29,-174.44
52.3898,-1.501496,127.46,13.17,3,307.63,18 / 20,5204810,2019-09-06 20:46:50:553,-0.4053,-0.1789,10.075,-0.0171,0.018,9.8066,0.1896,-0.0072,0.0003,9.38,-39.56,-4.5,140.64,-81.91,-174.39
52.3898,-1.501496,127.46,13.17,3,307.63,18 / 20,5204909,2019-09-06 20:46:50:652,0.4208,-0.4385,9.6943,0.0454,-0.0385,9.8064,0.0928,-0.042,0.0033,9.38,-39.31,-4.62,143.23,-82.03,-173.93
52.3898,-1.501496,127.46,13.17,3,307.63,18 / 20,5205009,2019-09-06 20:46:50:752,0.6442,-0.2764,9.2353,0.0259,-0.0197,9.8066,0.0295,0.0109,-0.0088,9.88,-39.81,-3.5,135.1,-81.95,-173.69
52.3898,-1.501496,127.46,13.17,3,307.63,18 / 20,5205109,2019-09-06 20:46:50:852,0.5098,-0.3977,9.9392,0.0354,-0.0275,9.8065,0.1284,0.0291,0.0222,9.56,-39.25,-4.37,137.97,-81.91,-173.58
52.3898,-1.501496,127.46,13.17,3,307.63,18 / 20,5205209,2019-09-06 20:46:50:952,0.124,0.3332,10.1915,0.048,-0.0346,9.8064,-0.0663,0.0254,-0.0552,9.94,-39.81,-4.19,138.19,-82.29,-172.85
52.3898,-1.501496,127.46,13.17,3,307.63,18 / 20,5205310,2019-09-06 20:46:51:053,0.4947,0.2327,10.6257,-0.0297,0.0152,9.8065,0.084,-0.0077,0.0072,9.56,-40.31,-4.06,137.9,-82.15,-173.59
52.3898,-1.501496,127.46,13.17,3,307.63,18 / 19,5205411,2019-09-06 20:46:51:154,0.4175,0.8759,10.8105,-0.019,0.0146,9.8066,0.0814,0.0375,-0.0188,10.31,-39.37,-4.12,137.33,-82.02,-174.21
52.3898,-1.501496,127.46,13.17,3,307.63,18 / 19,5205509,2019-09-06 20:46:51:252,-0.2374,-0.7254,9.8362,0.0026,-0.0077,9.8066,-0.1658,-0.0622,-0.0142,9.31,-39.69,-4.19,140.07,-82.07,-174.78
52.3898,-1.501496,127.46,13.17,3,307.63,18 / 19,5205610,2019-09-06 20:46:51:353,0.0221,0.3835,10.0807,-0.0133,0.0109,9.8065,-0.0972,-0.0101,-0.1177,9.44,-40.12,-3.75,140.57,-82.01,-174.22
52.3898,-1.501496,127.46,13.17,3,307.63,18 / 19,5205709,2019-09-06 20:46:51:452,0.5207,0.2077,10.3916,0.0147,-0.0387,9.8065,-0.1958,-0.0011,0.0778,10.38,-39.25,-4.69,138.53,-82.41,-175.62
52.3898,-1.501496,127.46,13.17,3,307.63,18 / 19,5205810,2019-09-06 20:46:51:553,0.5151,-0.1992,9.4169,-0.038,0.0348,9.8065,-0.1718,-0.0273,-0.0777,9.75,-39.44,-4.81,138.14,-82.64,-175.6
52.3898,-1.501496,127.46,13.17,3,307.63,18 / 19,5205909,2019-09-06 20:46:51:652,1.084,-0.9803,9.4441,-0.0543,0.0329,9.8063,0.047,0.0233,0.0183,10.19,-39.81,-4.37,135.48,-82.36,-176.42
52.3898,-1.501496,127.46,13.17,3,307.63,18 / 19,5206010,2019-09-06 20:46:51:753,0.193,-0.13,9.363,-0.0016,-0.0113,9.8066,-0.0232,0.0103,-0.0021,10.44,-40.06,-4.56,136.92,-82.49,-178.1
52.3898,-1.501496,127.46,13.17,3,307.63,18 / 19,5206110,2019-09-06 20:46:51:853,1.0847,0.2222,9.4438,0.0133,-0.0224,9.8066,-0.0441,0.0445,-0.0026,10,-39.44,-4.44,133.04,-82.53,-178.73
52.3898,-1.501496,127.46,13.17,3,307.63,18 / 19,5206210,2019-09-06 20:46:51:953,-0.6622,0.1698,11.0923,-0.0403,0.034,9.8064,0.1009,0.0302,-0.014,9.81,-39.75,-4.5,133.41,-82.19,-179.75
52.3898,-1.501496,127.46,13.17,3,307.63,18 / 19,5206310,2019-09-06 20:46:52:053,-3.4415,-0.911,10.4774,-0.0303,0.0171,9.8065,0.7291,0.1223,-0.0104,10.44,-39.06,-3.94,132.7,-82.18,179.83
52.3898,-1.501496,127.46,13.17,3,307.63,18 / 19,5206410,2019-09-06 20:46:52:153,0.3598,-2.1944,7.24,-0.1853,0.171,9.8033,-1.0188,0.1104,0.049,9.5,-40.25,-4.06,135.53,-82.23,-176.69
52.3898,-1.501496,127.46,13.17,3,307.63,18 / 20,5206509,2019-09-06 20:46:52:252,5.103,-5.1958,7.7841,-0.1898,0.199,9.8027,0.2824,-0.1595,0.1385,9.38,-39.62,-3.87,140.98,-81.01,-176.3
52.3898,-1.501496,127.46,13.17,3,307.63,18 / 20,5206610,2019-09-06 20:46:52:353,4.7619,-1.1039,11.3912,0.1286,-0.1149,9.8051,0.363,-0.1027,0.0244,9.56,-39.44,-3.94,138.03,-82.43,-172.21
52.3898,-1.501496,127.46,13.17,3,307.63,18 / 20,5206709,2019-09-06 20:46:52:452,-0.9028,-0.6562,9.2263,0.1113,-0.1578,9.8046,-1.1425,0.0191,0.0273,9.69,-39.62,-3.37,133.43,-82.89,-173.29
52.3898,-1.501496,127.46,13.17,3,307.63,18 / 20,5206810,2019-09-06 20:46:52:553,3.1633,2.3377,12.4055,-0.2847,0.1718,9.801,-0.5412,-0.2443,0.0648,9.56,-39.06,-5,138.32,-81.61,-177.83
52.3898,-1.501496,127.46,13.17,3,307.63,18 / 20,5206910,2019-09-06 20:46:52:653,-1.3233,-2.4733,12.5554,-0.1634,0.0967,9.8048,-0.7347,-0.075,0.163,9.75,-39.69,-4.37,134.25,-81.8,-179.68
52.3898,-1.501496,127.46,13.17,3,307.63,18 / 20,5207009,2019-09-06 20:46:52:752,-3.3927,1.5267,12.0307,-0.191,0.1545,9.8036,-0.5971,-0.0484,0.0684,10.5,-39.25,-3.81,129.84,-82.28,179.9
52.3898,-1.501496,127.46,13.17,3,307.63,18 / 20,5207109,2019-09-06 20:46:52:852,2.1257,0.0489,8.4789,-0.1224,0.1069,9.8052,-0.1907,0.1117,-0.0562,9.81,-39.44,-3.94,135.15,-81.04,-179.88
52.3898,-1.501496,127.46,13.17,3,307.63,18 / 20,5207209,2019-09-06 20:46:52:952,2.9467,-0.8705,8.8905,0.0263,-0.0203,9.8065,-0.3564,-0.0285,0.1245,10.5,-39.62,-5,134.42,-81.89,-179.32
52.3898,-1.501496,127.46,13.17,3,307.63,18 / 20,5207309,2019-09-06 20:46:53:052,2.2086,-1.0891,9.3647,0,-0.0065,9.8066,0.2565,0.0162,-0.0946,9.69,-39.94,-5.62,139.23,-82.12,-179.43
52.39044,-1.502849,128.08,11.65,3,309.35,18 / 19,5207410,2019-09-06 20:46:53:153,2.2138,-1.519,9.1892,-0.0723,0.0346,9.8063,-0.1797,-0.0324,0.0002,9.63,-39.44,-4.94,135.08,-82.12,178.96
52.39044,-1.502849,128.08,11.65,3,309.35,18 / 19,5207510,2019-09-06 20:46:53:253,1.8955,-0.3205,10.3202,-0.0029,-0.0176,9.8066,0.1489,-0.0756,0.0007,10.25,-39.19,-4.44,130.13,-82.2,176.38
52.39044,-1.502849,128.08,11.65,3,309.35,18 / 19,5207610,2019-09-06 20:46:53:353,0.4929,-1.5926,9.6286,-0.0132,-0.0029,9.8066,-0.0092,-0.0521,0.0165,10.06,-39.44,-4.75,133.12,-81.94,175.8
52.39044,-1.502849,128.08,11.65,3,309.35,18 / 19,5207709,2019-09-06 20:46:53:452,0.7187,-0.7458,10.0748,-0.0005,0.0149,9.8065,0.0731,0.0574,-0.0212,10.38,-40,-4.19,131.02,-81.73,175.6
52.39044,-1.502849,128.08,11.65,3,309.35,18 / 19,5207810,2019-09-06 20:46:53:553,1.007,-0.1573,10.0742,0.0179,-0.0225,9.8066,-0.123,0.012,-0.0269,10.31,-39.25,-4.56,133.52,-81.76,175.88
52.39044,-1.502849,128.08,11.65,3,309.35,18 / 19,5207910,2019-09-06 20:46:53:653,0.8281,-0.2372,9.5529,-0.0524,0.0155,9.8064,-0.2064,0.0349,-0.0172,10.25,-39.87,-5.12,134.02,-81.52,175.35
52.39044,-1.502849,128.08,11.65,3,309.35,18 / 19,5208010,2019-09-06 20:46:53:753,0.9626,-1.1924,9.3268,-0.0495,0.0617,9.8063,0.0719,-0.0014,0.0153,10.63,-40.19,-4.31,128.11,-81.58,175.08
52.39044,-1.502849,128.08,11.65,3,309.35,18 / 19,5208109,2019-09-06 20:46:53:852,0.89,-0.273,9.5635,0.0249,-0.0213,9.8066,-0.0266,-0.01,0.0151,10.44,-40.12,-4.62,134.03,-81.75,175.99
52.39044,-1.502849,128.08,11.65,3,309.35,18 / 19,5208210,2019-09-06 20:46:53:953,0.8894,-0.4194,10.2987,0.0319,-0.0204,9.8065,0.0624,-0.0687,0.059,10.75,-40.5,-4.81,131.22,-81.91,176.42
52.39044,-1.502849,128.08,11.65,3,309.35,18 / 19,5208310,2019-09-06 20:46:54:053,0.1502,-1.5244,9.5552,0.0111,-0.0106,9.8065,-0.062,0.0303,-0.0638,10.19,-39.75,-4.62,134.69,-81.95,177.44
52.39044,-1.502849,128.08,11.65,3,309.35,19 / 20,5208409,2019-09-06 20:46:54:152,0.9069,-0.4129,9.4545,0.0149,0.0038,9.8066,0.0152,-0.0035,0.0607,9.81,-40.19,-4.75,135,-82.01,178.01
52.39044,-1.502849,128.08,11.65,3,309.35,19 / 20,5208510,2019-09-06 20:46:54:253,0.5616,-0.3272,9.8594,0.0067,0.0066,9.8066,-0.0244,0.0066,-0.0041,9.81,-39.69,-4.87,135.77,-82.09,179.3
52.39044,-1.502849,128.08,11.65,3,309.35,19 / 20,5208609,2019-09-06 20:46:54:352,0.2081,-0.4014,9.936,0.0101,-0.0114,9.8066,-0.098,0.0127,-0.0341,9.88,-39.44,-5.69,137.67,-82.31,179.35
52.39044,-1.502849,128.08,11.65,3,309.35,19 / 20,5208710,2019-09-06 20:46:54:453,0.3442,-1.0634,10.2179,-0.0262,0.0081,9.8066,-0.0653,0.0081,-0.0238,10.19,-38.81,-4.81,134,-82.47,178.39
52.39044,-1.502849,128.08,11.65,3,309.35,19 / 20,5208810,2019-09-06 20:46:54:553,0.1339,-1.2855,9.4468,-0.0296,0.0124,9.8065,0.0404,0.0112,-0.0091,10.19,-39.37,-4.81,133.29,-82.29,176.96
52.39044,-1.502849,128.08,11.65,3,309.35,19 / 20,5208909,2019-09-06 20:46:54:652,0.6887,-0.9942,9.4656,0.0013,-0.0064,9.8066,-0.0517,0.0003,-0.0091,10.56,-39.81,-5.37,130.18,-82.28,176.03
52.39044,-1.502849,128.08,11.65,3,309.35,19 / 20,5209010,2019-09-06 20:46:54:753,0.0542,-1.0695,9.3341,-0.01,-0.0028,9.8066,0.0026,0.0532,-0.0428,9.94,-39.62,-5.5,132.45,-82.29,175.29
52.39044,-1.502849,128.08,11.65,3,309.35,19 / 20,5209110,2019-09-06 20:46:54:853,0.1055,-1.0433,9.7031,0.0167,-0.0179,9.8065,-0.0424,0.0724,-0.0289,11.19,-39.75,-5.62,130.49,-82.61,173.83
52.39044,-1.502849,128.08,11.65,3,309.35,19 / 20,5209210,2019-09-06 20:46:54:953,0.0666,-0.2352,10.3208,0.012,-0.024,9.8066,-0.0709,0.0659,-0.0514,10.31,-39.5,-4.75,129.26,-82.8,173.03
52.39044,-1.502849,128.08,11.65,3,309.35,19 / 20,5209310,2019-09-06 20:46:55:053,0.3714,-1.1635,10.6798,-0.0293,-0.0083,9.8066,0.0441,0.0561,-0.0931,10.81,-38.44,-4.75,124.18,-82.7,170.53
52.39044,-1.502849,128.08,11.65,3,309.35,18 / 20,5209409,2019-09-06 20:46:55:152,-1.3425,-0.5485,9.8063,-0.0473,-0.0175,9.8065,0.177,-0.0403,-0.0135,12.44,-38.69,-4.87,120.19,-82.34,167.44
52.39044,-1.502849,128.08,11.65,3,309.35,18 / 20,5209510,2019-09-06 20:46:55:253,-0.9247,0.4678,9.0917,0.0096,-0.0271,9.8065,0.1359,0.049,-0.0208,11.88,-37.94,-4.37,115.76,-82.08,165.46
52.39044,-1.502849,128.08,11.65,3,309.35,18 / 20,5209610,2019-09-06 20:46:55:353,-0.686,0.0308,10.0844,0.0002,-0.0045,9.8066,-0.1971,0.1333,-0.0173,12.56,-38.37,-4.25,112.74,-82.19,165.18
52.39044,-1.502849,128.08,11.65,3,309.35,18 / 20,5209709,2019-09-06 20:46:55:452,-0.9527,-0.9604,10.0545,-0.0121,0.0043,9.8066,-0.0569,0.1307,-0.0404,12.19,-38.69,-4.56,116.71,-82.57,163.86
52.39044,-1.502849,128.08,11.65,3,309.35,18 / 20,5209809,2019-09-06 20:46:55:552,1.1054,-0.697,10.4395,-0.0274,0.0175,9.8065,0.0846,0.0744,0.0001,12.69,-38,-4.62,113.2,-82.56,163.26
52.39044,-1.502849,128.08,11.65,3,309.35,18 / 20,5209909,2019-09-06 20:46:55:652,-1.4399,-0.2646,9.511,-0.0166,0.0191,9.8066,-0.0176,0.0595,0.0163,12.56,-38.12,-4.62,115.13,-82.22,164.6
52.39044,-1.502849,128.08,11.65,3,309.35,18 / 20,5210009,2019-09-06 20:46:55:752,-0.1468,0.1198,10.1029,0.0065,0.0281,9.8065,0.0992,0.0492,0.0287,12.31,-38.62,-3.44,113.92,-81.96,166.1
52.39044,-1.502849,128.08,11.65,3,309.35,18 / 20,5210109,2019-09-06 20:46:55:852,-0.3013,0.2448,10.3642,0.0182,0.0002,9.8066,0.0881,-0.0106,0.025,11.81,-37.87,-3.62,118.54,-81.94,168.46
52.39044,-1.502849,128.08,11.65,3,309.35,18 / 20,5210209,2019-09-06 20:46:55:952,-0.9163,0.3711,10.2227,-0.0001,0.0122,9.8066,-0.0697,0.0171,0.0247,12,-38.06,-4.56,121.73,-82.02,169.01
52.39044,-1.502849,128.08,11.65,3,309.35,18 / 20,5210310,2019-09-06 20:46:56:053,-0.7746,-0.2282,9.4176,0.0051,0.0083,9.8066,0.014,0.0321,0.0507,11.63,-37.81,-4.31,119.42,-82.05,169.85
52.39044,-1.502849,128.08,11.65,3,309.35,18 / 20,5210409,2019-09-06 20:46:56:152,0.6325,0.7192,10.1092,0.0073,0.0207,9.8065,0.0427,0.0216,0.0165,10.19,-37.69,-3.44,124.03,-81.99,172.57
52.39044,-1.502849,128.08,11.65,3,309.35,18 / 20,5210510,2019-09-06 20:46:56:253,-0.1283,0.2558,10.0324,-0.0092,0.0126,9.8066,0.0239,-0.0893,0.0518,10.94,-37.44,-2.87,121.19,-82,173.29
52.39044,-1.502849,128.08,11.65,3,309.35,18 / 20,5210609,2019-09-06 20:46:56:352,-0.7639,-0.4017,9.4296,-0.0099,0.0052,9.8066,-0.0524,-0.0016,0.0078,10.75,-37.87,-2.81,121.73,-82.03,173.41
52.39044,-1.502849,128.08,11.65,3,309.35,18 / 20,5210710,2019-09-06 20:46:56:453,-0.4303,0.5028,9.4027,0.0228,-0.0083,9.8066,-0.0342,-0.009,0.0436,12.13,-37.62,-3.37,119.42,-82.02,173.66
52.39044,-1.502849,128.08,11.65,3,309.35,18 / 20,5210810,2019-09-06 20:46:56:553,-0.2361,0.4387,9.8833,-0.0042,-0.0042,9.8066,-0.1717,0.0174,-0.0267,10.94,-37.62,-4,124.84,-82.19,173.75
52.39044,-1.502849,128.08,11.65,3,309.35,18 / 20,5210910,2019-09-06 20:46:56:653,0.4179,0.6182,9.8398,-0.0074,0.0016,9.8066,-0.1138,-0.0665,0.0485,11.63,-37.25,-4.12,121.05,-82.38,173.31
52.39044,-1.502849,128.08,11.65,3,309.35,18 / 20,5211010,2019-09-06 20:46:56:753,0.2989,-0.4205,9.9925,0.0163,-0.0116,9.8066,0.0744,-0.0226,0.0045,11.25,-36.69,-4.37,122.97,-82.67,173.29
52.39044,-1.502849,128.08,11.65,3,309.35,18 / 20,5211110,2019-09-06 20:46:56:853,0.6287,0.3148,10.3387,0.0097,0.0036,9.8066,0.0985,-0.0299,0.0317,11.13,-37.87,-4.19,123.91,-82.67,173.91
52.39044,-1.502849,128.08,11.65,3,309.35,18 / 20,5211210,2019-09-06 20:46:56:953,-0.3499,0.0381,9.876,-0.014,0.001,9.8066,0.0553,0.0198,-0.022,11.44,-38.44,-3.5,121.02,-82.5,173.97
52.39044,-1.502849,128.08,11.65,3,309.35,18 / 20,5211310,2019-09-06 20:46:57:053,0.3233,0.3198,10.0963,-0.009,0.0145,9.8065,0.0342,-0.0399,-0.0002,11.25,-38.31,-4.37,124.73,-82.28,173.85
52.39044,-1.502849,128.08,11.65,3,309.35,19 / 20,5211409,2019-09-06 20:46:57:152,0.1528,0.2202,10.3191,0.0004,0,9.8066,-0.1042,0.0132,0.0106,11.31,-38.87,-3.5,121.59,-82.24,173.26
52.39044,-1.502849,128.08,11.65,3,309.35,19 / 20,5211510,2019-09-06 20:46:57:253,0.3225,-0.3105,9.6766,0.008,-0.0026,9.8065,-0.0857,-0.0164,0.0335,11.25,-38.69,-4.19,124.73,-82.35,173.48
52.39044,-1.502849,128.08,11.65,3,309.35,19 / 20,5211609,2019-09-06 20:46:57:352,0.3273,0.0606,9.7556,0.0065,-0.0018,9.8066,0.0046,-0.0561,0.0059,11.06,-38.62,-3.75,124.69,-82.47,173.77
52.39044,-1.502849,128.08,11.65,3,309.35,19 / 20,5211709,2019-09-06 20:46:57:452,0.2259,-0.5313,9.2261,-0.005,-0.0056,9.8065,-0.0141,-0.0146,-0.0132,11.19,-38.87,-3.87,124.73,-82.45,173.77
52.39044,-1.502849,128.08,11.65,3,309.35,19 / 20,5211810,2019-09-06 20:46:57:553,0.5183,-0.5808,9.9856,0.0019,0.012,9.8066,0.0346,-0.0221,0.0065,11.19,-38.75,-4,124.48,-82.48,173.53
52.39044,-1.502849,128.08,11.65,3,309.35,19 / 20,5211910,2019-09-06 20:46:57:653,-0.169,-0.1377,9.511,-0.0016,-0.007,9.8066,0.0127,0.0025,-0.042,11.31,-38.44,-4,124.01,-82.52,173.62
52.39044,-1.502849,128.08,11.65,3,309.35,19 / 20,5212010,2019-09-06 20:46:57:753,0.1382,0.0642,10.0082,0.0119,-0.0039,9.8066,-0.0083,0.0425,0.0077,11.13,-37.94,-4,123.45,-82.68,173.38
52.39044,-1.502849,128.08,11.65,3,309.35,19 / 20,5212110,2019-09-06 20:46:57:853,-0.7571,-0.7575,9.4948,0.0195,-0.0275,9.8065,-0.0102,0.0688,-0.014,11.19,-37.25,-4,122.12,-82.81,172.64
52.39044,-1.502849,128.08,11.65,3,309.35,19 / 20,5212210,2019-09-06 20:46:57:953,0.2027,-0.3073,10.2961,-0.0108,0.0217,9.8065,-0.0229,0.0171,0.0274,11.25,-37.5,-3.56,122.85,-82.85,173.67
52.39044,-1.502849,128.08,11.65,3,309.35,19 / 20,5212310,2019-09-06 20:46:58:053,0.4335,-1.0882,10.0479,-0.0045,0.0077,9.8066,0.0304,0.0016,0.0084,11.88,-37.56,-3.94,121,-82.95,174.24
52.39044,-1.502849,128.08,11.65,3,309.35,19 / 20,5212409,2019-09-06 20:46:58:152,0.3437,-1.0832,9.8047,0.0166,-0.0049,9.8066,0.0504,0.0551,0.0125,10.94,-38.12,-3.87,124.04,-82.92,174.8
52.39044,-1.502849,128.08,11.65,3,309.35,19 / 20,5212510,2019-09-06 20:46:58:253,0.2517,-0.3479,9.4071,-0.0058,0.0227,9.8066,0.0419,0.0309,0.0575,10.75,-37.87,-3.87,124.48,-82.93,175.37
52.39044,-1.502849,128.08,11.65,3,309.35,19 / 20,5212609,2019-09-06 20:46:58:352,1.07,-1.0508,9.6928,-0.0059,0.0083,9.8066,-0.0575,0.0326,-0.0144,10.13,-38.56,-4.12,128.68,-82.93,176.64
52.39044,-1.502849,128.08,11.65,3,309.35,19 / 20,5212711,2019-09-06 20:46:58:454,1.9787,-1.3027,9.9586,-0.0006,0.0032,9.8066,-0.0549,-0.0004,0.051,10.06,-37.44,-4.31,127.43,-83.15,176.75
52.39044,-1.502849,128.08,11.65,3,309.35,19 / 20,5212810,2019-09-06 20:46:58:553,1.7097,-1.0945,9.654,0.0037,-0.0193,9.8066,0.056,-0.0185,-0.0783,9.56,-38,-3.19,124.17,-83.21,176.7
52.39044,-1.502849,128.08,11.65,3,309.35,19 / 20,5212909,2019-09-06 20:46:58:652,0.8266,-0.5565,10.5231,-0.0035,0.0006,9.8066,0.0797,0.0299,0.0502,11.13,-36.5,-2.56,119.44,-83.24,175.37
52.39044,-1.502849,128.08,11.65,3,309.35,19 / 20,5213010,2019-09-06 20:46:58:753,2.8118,-1.9191,9.9854,-0.0292,0.0149,9.8066,0.083,-0.0075,-0.0459,10.94,-37,-2.25,117.32,-83.12,176.43
52.39044,-1.502849,128.08,11.65,3,309.35,19 / 20,5213109,2019-09-06 20:46:58:852,2.5475,-0.6869,10.0367,0.0105,0.009,9.8066,-0.0586,0.0362,0.0419,11.75,-37,-2.69,119.29,-83.2,177.34
52.39044,-1.502849,128.08,11.65,3,309.35,19 / 20,5213210,2019-09-06 20:46:58:953,1.1431,-0.1426,9.4916,-0.0095,-0.0092,9.8066,0.0313,0.0457,-0.0812,10.69,-37.75,-3.44,123.02,-83.11,178.28
52.39044,-1.502849,128.08,11.65,3,309.35,19 / 20,5213309,2019-09-06 20:46:59:052,1.9088,-0.7786,9.9432,-0.0087,0.02,9.8066,0.0068,0.0084,0.0554,11.81,-38,-3.56,123.78,-83.08,177.94
52.39044,-1.502849,128.08,11.65,3,309.35,19 / 20,5213409,2019-09-06 20:46:59:152,1.1056,0.314,9.2286,0.0153,-0.0086,9.8066,-0.0611,-0.0082,-0.0072,10.81,-38.81,-3.37,124.62,-83.11,179.73
52.39044,-1.502849,128.08,11.65,3,309.35,19 / 20,5213510,2019-09-06 20:46:59:253,1.5429,-1.0664,9.3405,0.0069,0.0066,9.8066,-0.0118,-0.0075,0.0169,10.88,-39.06,-3,125.28,-83.16,-179.3
52.39044,-1.502849,128.08,11.65,3,309.35,19 / 20,5213610,2019-09-06 20:46:59:353,1.3457,-0.5759,10.2895,0.0301,-0.0026,9.8065,0.0189,-0.0453,0.0379,10.88,-38.87,-3.37,126.72,-83.39,-176.83
52.39044,-1.502849,128.08,11.65,3,309.35,19 / 20,5213710,2019-09-06 20:46:59:453,0.529,-0.2708,10.0878,0.0309,-0.0245,9.8065,0.0313,0.0288,0.0392,10.25,-39.19,-3.75,132.58,-83.57,-176.46
52.39044,-1.502849,128.08,11.65,3,309.35,19 / 20,5213810,2019-09-06 20:46:59:553,1.5134,-0.2073,9.7249,-0.0255,0.0136,9.8066,-0.056,0.0481,-0.0164,11.13,-38.62,-3.12,127.31,-83.55,-175.62
52.39044,-1.502849,128.08,11.65,3,309.35,19 / 20,5213909,2019-09-06 20:46:59:652,1.0388,-1.1014,9.4697,-0.0256,0.0158,9.8065,-0.0754,0.0247,-0.0121,10.5,-39.25,-3.87,131.16,-83.38,-175.52
52.39044,-1.502849,128.08,11.65,3,309.35,19 / 20,5214010,2019-09-06 20:46:59:753,1.051,-0.0334,9.7786,0.0289,-0.0184,9.8066,0.0445,-0.0086,-0.0225,10.69,-38.62,-3.69,130.87,-83.59,-175.33
52.39044,-1.502849,128.08,11.65,3,309.35,19 / 20,5214110,2019-09-06 20:46:59:853,0.9422,0.3263,10.5693,-0.0081,0.0159,9.8065,-0.047,-0.043,0.0234,10.88,-39.37,-3.69,131.08,-83.66,-174.89
52.39044,-1.502849,128.08,11.65,3,309.35,19 / 20,5214210,2019-09-06 20:46:59:953,1.103,-0.8329,10.2374,-0.0233,0.0168,9.8065,0.0133,-0.017,-0.0027,10.19,-39,-3.75,134.05,-83.61,-174.47
52.39044,-1.502849,128.08,11.65,3,309.35,19 / 20,5214310,2019-09-06 20:47:00:053,1.5545,-0.1961,9.9263,-0.0016,0,9.8066,-0.022,-0.0353,0.017,11.38,-39.37,-4,131.41,-83.61,-174.61
52.39044,-1.502849,128.08,11.65,3,309.35,19 / 20,5214409,2019-09-06 20:47:00:152,-0.0455,-0.1019,9.3764,-0.018,0.0005,9.8065,0.1085,-0.0724,-0.0271,10.25,-39,-3.62,133.36,-83.46,-175.76
52.39044,-1.502849,128.08,11.65,3,309.35,19 / 20,5214510,2019-09-06 20:47:00:253,0.5354,-0.1375,9.8635,-0.0088,0.0063,9.8065,0.023,-0.0445,0.0382,11.25,-39.19,-3.19,127.29,-83.3,-176.36
52.39044,-1.502849,128.08,11.65,3,309.35,19 / 20,5214609,2019-09-06 20:47:00:352,0.3086,0.0917,10.064,0.019,-0.0179,9.8065,0.0214,0.0028,-0.0097,10.44,-39,-3.25,130.32,-83.31,-175.64
52.39044,-1.502849,128.08,11.65,3,309.35,19 / 20,5214709,2019-09-06 20:47:00:452,0.7972,-0.4853,10.3548,0.0159,-0.0218,9.8066,0.0873,0.0121,-0.0631,10.56,-39.06,-3.5,127.12,-83.35,-176.45
52.39044,-1.502849,128.08,11.65,3,309.35,19 / 20,5214809,2019-09-06 20:47:00:552,-0.2677,0.0456,9.865,-0.0191,0.027,9.8066,0.0601,-0.0179,0.0198,10.81,-38.87,-3.31,125.99,-83.54,-177.32
52.39044,-1.502849,128.08,11.65,3,309.35,19 / 20,5214910,2019-09-06 20:47:00:653,1.2631,-0.8231,9.5374,-0.0062,0.0208,9.8066,-0.1787,0.0085,0.0228,10.5,-39.19,-4,131.31,-83.52,-174.96
52.39044,-1.502849,128.08,11.65,3,309.35,19 / 20,5215010,2019-09-06 20:47:00:753,1.5231,0.1648,10.0171,0.0249,-0.0157,9.8066,0.0833,0.0149,-0.0085,10.19,-39.44,-3.81,134.54,-83.83,-173.24
52.39044,-1.502849,128.08,11.65,3,309.35,19 / 20,5215109,2019-09-06 20:47:00:852,0.3805,-0.6259,10.2116,0.0071,-0.0175,9.8066,0.0355,-0.0236,-0.005,10.63,-39.06,-4.06,132.21,-83.84,-173.02
52.39044,-1.502849,128.08,11.65,3,309.35,19 / 20,5215210,2019-09-06 20:47:00:953,0.0301,-0.8908,9.7922,-0.0041,-0.0039,9.8066,0.0846,-0.0784,0.014,10,-38.62,-4,133.63,-83.86,-174.32
52.39044,-1.502849,128.08,11.65,3,309.35,19 / 20,5215309,2019-09-06 20:47:01:052,-0.1833,0.3668,9.6031,-0.0047,0.0023,9.8066,0.0507,-0.0376,0.0203,10.38,-38.81,-3.75,133.45,-83.73,-174.92
52.39044,-1.502849,128.08,11.65,3,309.35,19 / 20,5215410,2019-09-06 20:47:01:153,0.0925,0.4291,9.2525,-0.0053,0.0242,9.8066,-0.0192,-0.0621,0.0328,10.75,-38.37,-3,128.74,-83.6,-173.25
52.39044,-1.502849,128.08,11.65,3,309.35,19 / 20,5215509,2019-09-06 20:47:01:252,0.3407,0.2608,9.8418,0.0101,-0.0005,9.8066,-0.0268,-0.0105,0.0028,9.88,-38.5,-3.87,135.92,-83.62,-171.58
52.39044,-1.502849,128.08,11.65,3,309.35,19 / 20,5215610,2019-09-06 20:47:01:353,0.6648,0.4017,10.1443,0.0264,-0.0299,9.8065,-0.0614,0.0182,-0.034,10.69,-38.25,-4.69,136.34,-84.06,-170.96
52.39044,-1.502849,128.08,11.65,3,309.35,19 / 20,5215709,2019-09-06 20:47:01:452,0.3792,-0.5174,10.4639,0.0156,-0.0256,9.8066,0.0175,-0.0274,-0.0311,11.13,-38.12,-4.81,135.13,-84.31,-171.9
52.39044,-1.502849,128.08,11.65,3,309.35,19 / 20,5215809,2019-09-06 20:47:01:552,-0.1957,-0.6599,9.9393,-0.0092,-0.0046,9.8066,-0.02,-0.0146,0.0172,9.88,-37.12,-5,135.4,-84.45,-174.05
52.39044,-1.502849,128.08,11.65,3,309.35,19 / 20,5215909,2019-09-06 20:47:01:652,-0.181,0.0821,9.679,0.0047,0.0107,9.8066,0.0383,-0.0174,0.0507,10.44,-37.62,-4.25,133.03,-84.4,-173.25
52.39044,-1.502849,128.08,11.65,3,309.35,19 / 20,5216010,2019-09-06 20:47:01:753,0.4717,0.0715,9.687,-0.0109,0.0222,9.8066,0.0654,-0.0177,0.0241,10.44,-37.06,-2.94,130.37,-84.23,-171.99
52.39044,-1.502849,128.08,11.65,3,309.35,19 / 20,5216110,2019-09-06 20:47:01:853,0.261,-0.3361,10.2606,-0.0032,-0.0032,9.8066,0.0112,0.0227,-0.0422,10.31,-37.44,-2.69,131.19,-84.05,-171.44
52.39044,-1.502849,128.08,11.65,3,309.35,19 / 20,5216210,2019-09-06 20:47:01:953,1.3051,-0.1707,10.0313,0.0157,-0.013,9.8066,0.0299,0.075,0.0006,11.75,-36.81,-3.37,126.14,-84.16,-172.02
52.39044,-1.502849,128.08,11.65,3,309.35,19 / 20,5216310,2019-09-06 20:47:02:053,1.4098,-1.2103,10.056,0.0199,-0.0065,9.8065,0.0547,0.014,-0.0172,12.38,-37.31,-4.06,129.68,-84.26,-171.66
52.390877,-1.503828,129.21,6.08,3,305.86,19 / 20,5216409,2019-09-06 20:47:02:152,1.197,-1.1977,9.9981,0.0143,-0.0092,9.8066,-0.0356,0.0075,-0.0012,11.88,-37.5,-4.87,132.68,-84.34,-171.74
52.390877,-1.503828,129.21,6.08,3,305.86,19 / 20,5216510,2019-09-06 20:47:02:253,1.7574,-1.3608,9.9298,-0.0029,-0.0017,9.8065,0.0162,0.0689,0.0047,11.5,-37.56,-5.25,132.19,-84.4,-172.53
52.390877,-1.503828,129.21,6.08,3,305.86,19 / 20,5216609,2019-09-06 20:47:02:352,1.8245,-1.6247,9.8665,0.0021,0.0038,9.8066,-0.0407,0.0172,0.0428,10.81,-37.44,-5.81,137.69,-84.41,-171.97
52.390877,-1.503828,129.21,6.08,3,305.86,19 / 20,5216709,2019-09-06 20:47:02:452,2.1228,-1.7141,9.8692,-0.0072,0.008,9.8066,0.0003,0.038,-0.0095,10.13,-38,-4.94,137.82,-84.52,-171.23
52.390877,-1.503828,129.21,6.08,3,305.86,19 / 20,5216809,2019-09-06 20:47:02:552,1.577,-1.7424,9.6875,-0.0067,0.0116,9.8066,0.0567,0.0482,0.0005,9.25,-37.75,-3.62,137.59,-84.48,-170.76
52.390877,-1.503828,129.21,6.08,3,305.86,19 / 20,5216910,2019-09-06 20:47:02:653,1.9582,-1.2153,9.9184,0.0165,0.0002,9.8066,-0.0599,0.0377,0.033,9.56,-37,-3.12,132.12,-84.62,-168.76
52.390877,-1.503828,129.21,6.08,3,305.86,19 / 20,5217010,2019-09-06 20:47:02:753,2.6401,-0.7562,9.8826,0.0023,0.0039,9.8065,-0.0807,0.0691,0.0001,9.63,-37.87,-2.44,129.01,-84.61,-168
52.390877,-1.503828,129.21,6.08,3,305.86,19 / 20,5217109,2019-09-06 20:47:02:852,1.7833,-1.1748,9.9236,0.0081,-0.0026,9.8066,0.0887,0.0275,-0.0171,10.75,-37.37,-2.81,130.95,-84.72,-167.25
52.390877,-1.503828,129.21,6.08,3,305.86,19 / 20,5217210,2019-09-06 20:47:02:953,1.4399,-0.6573,10.0049,0.0092,-0.0061,9.8066,0.0056,0.039,-0.0138,10.44,-36.94,-2.19,128.72,-84.77,-167.45
52.390877,-1.503828,129.21,6.08,3,305.86,19 / 20,5217310,2019-09-06 20:47:03:053,0.4184,0.0404,9.9261,0.0009,0.0033,9.8066,0.0669,0.0463,0.0095,11,-36.69,-2.5,127.37,-84.74,-166.8
52.390877,-1.503828,129.21,6.08,3,305.86,19 / 20,5217410,2019-09-06 20:47:03:153,0.1288,-0.2023,9.9376,0.0033,0.0051,9.8066,0.02,0.0197,0.004,11.38,-36.37,-3,131.39,-84.68,-166.46
52.390877,-1.503828,129.21,6.08,3,305.86,19 / 20,5217509,2019-09-06 20:47:03:252,0.2372,0.132,9.8078,0.002,0.0097,9.8066,0.0572,0.0255,0.0187,11.44,-36.06,-2.62,132.89,-84.5,-165.09
52.390877,-1.503828,129.21,6.08,3,305.86,19 / 20,5217610,2019-09-06 20:47:03:353,0.4755,0.0786,9.8969,-0.0076,0.0062,9.8066,0.062,0.0222,-0.0132,11,-36,-3.12,133.42,-84.44,-164.57
52.390877,-1.503828,129.21,6.08,3,305.86,19 / 20,5217709,2019-09-06 20:47:03:452,-0.3684,0.7326,9.8745,-0.0033,0.0012,9.8065,-0.0868,0.0159,-0.0079,10.56,-36.94,-3.44,133.96,-84.44,-164.27
52.390877,-1.503828,129.21,6.08,3,305.86,19 / 20,5217809,2019-09-06 20:47:03:552,-0.6438,0.369,9.803,-0.0007,-0.005,9.8066,0.0147,0.0064,0.0156,10.63,-36.37,-3,133.35,-84.49,-164.54
52.390877,-1.503828,129.21,6.08,3,305.86,19 / 20,5217910,2019-09-06 20:47:03:653,-0.4455,0.2338,9.9344,-0.0052,0.0035,9.8066,-0.0249,-0.0166,-0.0096,11.38,-36.12,-3.06,133.3,-84.5,-164.59
52.390877,-1.503828,129.21,6.08,3,305.86,19 / 20,5218010,2019-09-06 20:47:03:753,-0.2234,0.3021,9.8674,0.0027,0.0051,9.8066,0.027,-0.0071,0.0421,12.44,-35.75,-3.12,132.02,-84.53,-163.81
52.390877,-1.503828,129.21,6.08,3,305.86,19 / 20,5218109,2019-09-06 20:47:03:852,0.1668,0.2816,10.0587,0.0016,0.0014,9.8066,0.0094,-0.0287,-0.0099,13.44,-36.19,-3.37,131.05,-84.55,-163
52.390877,-1.503828,129.21,6.08,3,305.86,19 / 20,5218210,2019-09-06 20:47:03:953,-0.1599,-0.0048,9.9314,0.0035,-0.0041,9.8066,-0.0054,-0.0213,-0.0184,12.94,-35.62,-3.44,131.12,-84.63,-162.75
52.390877,-1.503828,129.21,6.08,3,305.86,19 / 20,5218310,2019-09-06 20:47:04:053,-0.6657,0.263,9.8605,0.0023,-0.0006,9.8066,0.0122,-0.0024,0.009,13.13,-36.06,-3.44,131.14,-84.64,-162.7
52.390877,-1.503828,129.21,6.08,3,305.86,18 / 20,5218409,2019-09-06 20:47:04:152,-0.8707,0.3331,9.9159,-0.0031,-0.0005,9.8066,0.0299,-0.0093,-0.0048,13,-36.06,-3.69,134.33,-84.65,-162.84
52.390877,-1.503828,129.21,6.08,3,305.86,18 / 20,5218510,2019-09-06 20:47:04:253,-1.1966,0.5527,9.8398,-0.0115,0.0068,9.8066,-0.0002,-0.0186,0.0051,12.69,-36.12,-3.56,134.27,-84.53,-163.13
52.390877,-1.503828,129.21,6.08,3,305.86,18 / 20,5218609,2019-09-06 20:47:04:352,-1.1282,0.5173,9.8044,-0.0154,0.0071,9.8066,-0.0273,-0.0151,-0.0006,12.19,-37.06,-3.94,136.08,-84.45,-163.56
52.390877,-1.503828,129.21,6.08,3,305.86,18 / 20,5218709,2019-09-06 20:47:04:452,-0.8598,0.386,9.7622,0.0105,-0.0026,9.8066,0.0719,-0.013,0.0099,10.94,-36.94,-4.75,141.63,-84.44,-163.32
52.390877,-1.503828,129.21,6.08,3,305.86,18 / 20,5218810,2019-09-06 20:47:04:553,-1.5544,0.852,9.9252,-0.0119,0.0023,9.8066,0.0706,-0.0121,-0.0231,11.19,-37.06,-3.87,138.38,-84.46,-163.19
52.390877,-1.503828,129.21,6.08,3,305.86,18 / 20,5218909,2019-09-06 20:47:04:652,-2.1985,0.8432,9.9487,-0.0094,0.0046,9.8066,-0.0412,0.0235,-0.002,10.81,-36.62,-4.31,137.99,-84.5,-163.59
52.390877,-1.503828,129.21,6.08,3,305.86,18 / 20,5219010,2019-09-06 20:47:04:753,-0.9219,-0.1716,9.6039,-0.0106,0.0003,9.8066,-0.0676,0.049,-0.0118,11,-36.5,-4.25,137.3,-84.43,-164.25
52.390877,-1.503828,129.21,6.08,3,305.86,18 / 20,5219109,2019-09-06 20:47:04:852,-0.9984,-0.0244,9.7147,0.0104,-0.0131,9.8066,0.0543,0.0669,-0.0371,10.75,-36.62,-4.44,136.74,-84.54,-165.02
52.390877,-1.503828,129.21,6.08,3,305.86,18 / 20,5219210,2019-09-06 20:47:04:953,-1.2154,-0.0343,9.7412,0.0165,-0.0129,9.8065,0.0844,0.0883,-0.0334,10.31,-36.75,-4.62,142.12,-84.64,-165.3
52.390877,-1.503828,129.21,6.08,3,305.86,18 / 20,5219309,2019-09-06 20:47:05:052,-1.9614,-0.2351,9.7907,-0.0057,-0.0102,9.8065,-0.0515,0.1092,-0.0261,9.88,-37.12,-4.12,136.97,-84.71,-167.21
52.390877,-1.503828,129.21,6.08,3,305.86,19 / 20,5219410,2019-09-06 20:47:05:153,-2.0069,0.4974,10.0815,0.0123,-0.0124,9.8066,-0.0189,0.1417,-0.0389,10,-36.87,-3,132.43,-84.89,-167.65
52.390877,-1.503828,129.21,6.08,3,305.86,19 / 20,5219510,2019-09-06 20:47:05:253,-1.502,-0.3145,9.9062,-0.0262,0.0067,9.8066,-0.1068,0.1936,-0.0203,10.06,-37,-3,130.98,-84.89,-169.42
52.390877,-1.503828,129.21,6.08,3,305.86,19 / 20,5219609,2019-09-06 20:47:05:352,-0.3336,-0.419,9.8032,-0.0219,0.0161,9.8066,-0.116,0.1686,0.0141,10.19,-37.75,-2.12,127.63,-84.96,-168.64
52.390877,-1.503828,129.21,6.08,3,305.86,19 / 20,5219710,2019-09-06 20:47:05:453,-0.9347,-0.5815,9.7876,0.0273,-0.0265,9.8066,0.1156,0.2172,-0.0514,9.81,-38.31,-1.37,121.21,-85.26,-169.96
52.390877,-1.503828,129.21,6.08,3,305.86,19 / 20,5219809,2019-09-06 20:47:05:552,-2.3846,-0.3189,9.9356,0.0185,-0.0048,9.8065,0.0858,0.1893,0.0068,10.81,-38.06,-1.37,119.38,-85.27,-170.09
52.390877,-1.503828,129.21,6.08,3,305.86,19 / 20,5219909,2019-09-06 20:47:05:652,-2.2087,-0.5343,9.156,-0.0087,-0.0146,9.8065,-0.0878,0.2353,-0.0483,12.13,-37.81,-0.81,116.89,-85.32,-171.12
52.390877,-1.503828,129.21,6.08,3,305.86,19 / 20,5220010,2019-09-06 20:47:05:753,-2.5334,-0.962,9.4978,0.0154,-0.0136,9.8066,-0.0838,0.2895,-0.0244,11.19,-38.62,-0.12,112.34,-85.29,-173.25
52.390877,-1.503828,129.21,6.08,3,305.86,19 / 20,5220109,2019-09-06 20:47:05:852,-1.7196,-0.5713,9.9202,0.0123,-0.0129,9.8066,0.0001,0.2817,-0.0709,11.63,-37.94,0,108.85,-85.44,-174.9
52.390877,-1.503828,129.21,6.08,3,305.86,19 / 20,5220210,2019-09-06 20:47:05:953,-2.0647,-0.5103,9.5031,0.0103,-0.0011,9.8066,-0.0031,0.2088,0.014,12.44,-38.94,0.25,109.16,-85.49,-174.8
52.390877,-1.503828,129.21,6.08,3,305.86,19 / 20,5220309,2019-09-06 20:47:06:052,-1.0352,-0.8721,9.6654,-0.0049,0.0052,9.8066,-0.0209,0.2319,-0.0282,12.81,-37.75,0.69,103.42,-85.61,-174.7
52.390877,-1.503828,129.21,6.08,3,305.86,18 / 20,5220410,2019-09-06 20:47:06:153,-1.0555,-0.6972,9.7866,0.0005,-0.0075,9.8066,-0.0133,0.2285,-0.0399,12.38,-38.81,0.63,103.53,-85.75,-175.21
52.390877,-1.503828,129.21,6.08,3,305.86,18 / 20,5220509,2019-09-06 20:47:06:252,-0.8812,-1.8202,10.0369,-0.0013,-0.0065,9.8066,0.0837,0.2255,-0.0642,12.94,-38.25,1.25,100.09,-85.79,-177.67
52.390877,-1.503828,129.21,6.08,3,305.86,18 / 20,5220610,2019-09-06 20:47:06:353,-1.7523,-0.9391,10.0378,-0.0027,0.0014,9.8066,0.0716,0.2398,0.0071,13.06,-38.25,1,99.13,-85.7,-178.94
52.390877,-1.503828,129.21,6.08,3,305.86,18 / 20,5220710,2019-09-06 20:47:06:453,-1.2614,-0.2214,9.9517,-0.0385,0.0002,9.8065,-0.085,0.2498,-0.0577,13.06,-37.94,2.13,95.96,-85.42,-178.6
52.390877,-1.503828,129.21,6.08,3,305.86,18 / 20,5220810,2019-09-06 20:47:06:553,-1.7746,-1.2644,9.3507,-0.0391,-0.0028,9.8066,-0.0155,0.2583,-0.0147,13.13,-38.25,3.06,91.45,-85.27,-179.19
52.390877,-1.503828,129.21,6.08,3,305.86,18 / 20,5220910,2019-09-06 20:47:06:653,-2.1789,-0.6949,9.3872,0.0109,-0.0099,9.8066,0.0151,0.2302,-0.0582,13.88,-38,2.94,90.77,-85.21,-179.97
52.390877,-1.503828,129.21,6.08,3,305.86,18 / 20,5221009,2019-09-06 20:47:06:752,-1.8661,-0.6217,9.9351,0.0212,-0.0037,9.8066,0.0139,0.2321,-0.0132,13.63,-37.81,3.38,89.94,-85.28,179.38
52.390877,-1.503828,129.21,6.08,3,305.86,18 / 20,5221110,2019-09-06 20:47:06:853,-0.5426,-0.6158,10.1383,0.0074,-0.015,9.8066,-0.0496,0.2443,-0.0646,13.44,-37.56,3.81,84.04,-85.38,178.14
52.390877,-1.503828,129.21,6.08,3,305.86,18 / 20,5221209,2019-09-06 20:47:06:952,-0.8388,-1.0566,10.068,0.001,-0.0105,9.8066,-0.0619,0.2176,-0.0131,13.06,-38.06,3.31,85.48,-85.5,175.53
52.390877,-1.503828,129.21,6.08,3,305.86,18 / 20,5221309,2019-09-06 20:47:07:052,-0.8708,-0.9387,9.3021,0.0055,-0.0116,9.8066,0.0354,0.2273,-0.0789,14.13,-37.37,4.31,79.11,-85.49,173.69
52.390877,-1.503828,129.21,6.08,3,305.86,18 / 20,5221409,2019-09-06 20:47:07:152,-0.2648,-0.8532,9.6427,0.021,-0.0094,9.8066,0.0854,0.1762,-0.0209,13.75,-37.87,4.94,73.84,-85.35,171.94
52.390877,-1.503828,129.21,6.08,3,305.86,18 / 20,5221510,2019-09-06 20:47:07:253,-1.7873,-0.9027,10.1752,-0.0153,-0.0174,9.8066,-0.0023,0.1734,-0.0051,13.81,-37.31,5.06,71.35,-85.3,169.78
52.390877,-1.503828,129.21,6.08,3,305.86,18 / 20,5221610,2019-09-06 20:47:07:353,-0.689,-1.1838,10.2312,-0.0168,-0.0112,9.8066,-0.0518,0.1945,-0.0632,14.31,-37.31,6.06,65.6,-85.13,167.86
52.390877,-1.503828,129.21,6.08,3,305.86,18 / 20,5221709,2019-09-06 20:47:07:452,-0.6405,-1.1283,9.8248,-0.0051,-0.0109,9.8066,-0.009,0.2015,-0.0324,14.19,-38.12,6.06,64.38,-85.13,166.47
52.390877,-1.503828,129.21,6.08,3,305.86,18 / 20,5221810,2019-09-06 20:47:07:553,-1.5096,-1.5219,9.6587,-0.0058,-0.007,9.8066,0.079,0.2068,-0.0103,14.75,-37.19,6.63,60.48,-84.96,165.54
52.390877,-1.503828,129.21,6.08,3,305.86,18 / 20,5221910,2019-09-06 20:47:07:653,-0.5833,-0.6267,9.6339,-0.0137,-0.0109,9.8066,-0.0466,0.1843,-0.051,14.63,-37.56,7,60.86,-84.78,165.22
52.390877,-1.503828,129.21,6.08,3,305.86,18 / 20,5222010,2019-09-06 20:47:07:753,-0.7406,-1.0273,9.8206,-0.0095,-0.006,9.8066,-0.0987,0.1817,-0.0181,14.94,-37.94,7.19,60.23,-84.65,164.39
52.390877,-1.503828,129.21,6.08,3,305.86,18 / 20,5222110,2019-09-06 20:47:07:853,0.1519,-0.8118,10.2157,0,-0.0096,9.8066,0.122,0.1251,-0.0492,14.75,-37.19,7.81,55.55,-84.53,163.63
52.390877,-1.503828,129.21,6.08,3,305.86,18 / 20,5222209,2019-09-06 20:47:07:952,-0.7945,-0.8526,9.8193,0.0364,0.0021,9.8066,0.075,0.1817,-0.0233,14.94,-36.94,8.31,53.72,-84.58,162.1
52.390877,-1.503828,129.21,6.08,3,305.86,18 / 20,5222309,2019-09-06 20:47:08:052,-1.3969,-0.2782,10.0724,0.0228,0.0089,9.8066,-0.0538,0.1965,-0.0606,14.5,-37.25,7.69,53.37,-84.51,161.67
52.390877,-1.503828,129.21,6.08,3,305.86,19 / 20,5222410,2019-09-06 20:47:08:153,-0.9874,-1.1014,10.3819,-0.0259,-0.0143,9.8066,0.1018,0.096,-0.0131,14.69,-37.12,8.44,52.44,-84.45,160.74
52.390877,-1.503828,129.21,6.08,3,305.86,19 / 20,5222509,2019-09-06 20:47:08:252,-0.7646,-1.0222,9.6567,0.0052,-0.0077,9.8066,-0.1905,0.1641,-0.0148,14.75,-37.37,8,52.57,-84.25,160.51
52.390877,-1.503828,129.21,6.08,3,305.86,19 / 20,5222610,2019-09-06 20:47:08:353,-0.9077,-0.5122,10.0276,-0.0617,-0.0234,9.8063,-0.1568,0.1259,0.0169,14.63,-37.62,8.69,50.66,-83.94,161.22
52.390877,-1.503828,129.21,6.08,3,305.86,19 / 20,5222709,2019-09-06 20:47:08:452,-1.1168,-0.7813,9.9701,-0.045,-0.0215,9.8065,-0.0126,0.1188,-0.0615,15.31,-37.12,8.81,50.22,-83.93,161.1
52.390877,-1.503828,129.21,6.08,3,305.86,19 / 20,5222810,2019-09-06 20:47:08:553,-0.3767,0.4328,9.4416,0.0057,-0.0104,9.8066,-0.0872,0.066,-0.0014,14.56,-37.19,8.88,48.31,-83.91,159.44
52.390877,-1.503828,129.21,6.08,3,305.86,19 / 20,5222909,2019-09-06 20:47:08:652,-0.6525,-1.4102,9.3334,-0.0039,-0.0195,9.8065,0.0689,0.0718,0.0004,15.13,-37,9.81,43.65,-83.82,158.38
52.390877,-1.503828,129.21,6.08,3,305.86,19 / 20,5223010,2019-09-06 20:47:08:753,-0.7639,-0.3326,9.5725,0.0227,0.0067,9.8065,-0.0231,0.0898,-0.0601,14.88,-37.87,9.44,46.79,-83.71,157.56
52.390877,-1.503828,129.21,6.08,3,305.86,19 / 20,5223109,2019-09-06 20:47:08:852,0.23,-0.4112,10.0459,0.0252,-0.0092,9.8066,0.0483,0.1081,-0.0661,15.31,-36.75,10,39.89,-83.81,155.24
52.390877,-1.503828,129.21,6.08,3,305.86,19 / 20,5223209,2019-09-06 20:47:08:952,-0.0241,-0.4125,9.9621,0.0182,-0.0164,9.8066,0.0136,0.0922,-0.0257,15.69,-37.12,10.13,37.5,-83.62,151.69
52.390877,-1.503828,129.21,6.08,3,305.86,19 / 20,5223309,2019-09-06 20:47:09:052,-0.6054,-0.9015,9.6715,0.0197,-0.0003,9.8066,-0.0595,0.115,-0.0753,15.06,-36.62,10.06,34.64,-83.56,150.62
52.390877,-1.503828,129.21,6.08,3,305.86,19 / 20,5223409,2019-09-06 20:47:09:152,-0.6646,-0.4704,9.7758,-0.0167,-0.017,9.8065,-0.0658,0.0906,-0.0207,15.56,-36.62,10.19,35.99,-83.25,150.01
52.390877,-1.503828,129.21,6.08,3,305.86,19 / 20,5223510,2019-09-06 20:47:09:253,0.0377,-0.5405,9.9756,0.0082,-0.0035,9.8066,0.0408,0.0838,-0.0073,15.25,-36.69,9.94,33.9,-83.18,149.57
52.390877,-1.503828,129.21,6.08,3,305.86,19 / 20,5223609,2019-09-06 20:47:09:352,-0.3634,-1.4743,10.1798,0.0049,-0.0076,9.8066,0.0246,0.1108,-0.0642,15.38,-36.37,10,32.93,-83.14,148.98
52.390877,-1.503828,129.21,6.08,3,305.86,19 / 20,5223710,2019-09-06 20:47:09:453,-0.2599,-0.6594,9.8762,0.0014,-0.0031,9.8066,0.0005,0.0722,0.0331,15.44,-36.69,10.44,32.82,-83.06,148.58
52.390877,-1.503828,129.21,6.08,3,305.86,19 / 20,5223810,2019-09-06 20:47:09:553,-0.3932,-0.8671,10.1209,-0.0001,-0.0031,9.8066,0.0702,0.1186,-0.0417,15.13,-36.44,10.19,33.43,-83,149.2
52.390877,-1.503828,129.21,6.08,3,305.86,19 / 20,5223909,2019-09-06 20:47:09:652,-0.2057,-0.7189,10.3212,-0.0003,0.0049,9.8066,-0.0788,0.0885,0.0242,14.94,-36.25,10.56,30.66,-82.92,149.72
52.390877,-1.503828,129.21,6.08,3,305.86,19 / 20,5224010,2019-09-06 20:47:09:753,0.2455,-0.5807,9.4401,-0.0159,-0.0086,9.8066,-0.0412,0.1358,-0.0323,14.19,-35.94,10.88,30.05,-82.71,150.61
52.390877,-1.503828,129.21,6.08,3,305.86,19 / 20,5224110,2019-09-06 20:47:09:853,0.006,0.0054,9.7962,-0.0239,-0.0177,9.8066,0.0846,0.1512,-0.0016,14.13,-36.44,11.13,30.82,-82.56,151.03
52.390877,-1.503828,129.21,6.08,3,305.86,19 / 20,5224210,2019-09-06 20:47:09:953,-0.8326,-0.4447,10.2369,0.0001,0.0113,9.8066,0.0491,0.1164,-0.0119,14.13,-35.94,11.75,27.49,-82.5,151.12
52.390877,-1.503828,129.21,6.08,3,305.86,19 / 20,5224310,2019-09-06 20:47:10:053,-0.2023,0.1089,10.1398,0.0055,0.0004,9.8066,0.011,0.1438,-0.0922,15,-36.31,13.31,26.96,-82.48,151.49
52.390877,-1.503828,129.21,6.08,3,305.86,19 / 20,5224410,2019-09-06 20:47:10:153,-1.1675,-0.4231,9.4109,-0.0035,-0.0047,9.8066,0.0369,0.0282,0.0439,15.5,-36.75,12.63,28.56,-82.34,150.85
52.390877,-1.503828,129.21,6.08,3,305.86,19 / 20,5224509,2019-09-06 20:47:10:252,0.3952,-0.9104,9.4055,-0.011,-0.0017,9.8066,-0.0478,0.0697,-0.011,15.25,-36,13.13,27.47,-82.28,151.7
52.390877,-1.503828,129.21,6.08,3,305.86,19 / 20,5224609,2019-09-06 20:47:10:352,-0.1837,-1.1242,9.753,0.0196,0.0134,9.8065,0.0503,0.0176,0.0465,15.13,-36.94,13.19,27.93,-82.17,151.78
52.390877,-1.503828,129.21,6.08,3,305.86,19 / 20,5224709,2019-09-06 20:47:10:452,0.2181,-0.147,9.9881,0.0095,0.0153,9.8066,0.0127,0.1137,-0.0042,16,-36.37,13.31,29.92,-82.34,152.11
52.390877,-1.503828,129.21,6.08,3,305.86,19 / 20,5224810,2019-09-06 20:47:10:553,-0.9898,-0.3905,10.2311,0.0037,0.0088,9.8066,0.0686,0.046,0.0446,15.31,-36.31,13.13,28.99,-82.42,153.02
52.390877,-1.503828,129.21,6.08,3,305.86,19 / 20,5224910,2019-09-06 20:47:10:653,-1.5909,-0.1772,9.4049,-0.0331,0.0027,9.8065,-0.1179,0.0646,-0.0165,14.75,-36.56,13.75,26.9,-82.52,153.62
52.390877,-1.503828,129.21,6.08,3,305.86,19 / 20,5225009,2019-09-06 20:47:10:752,-0.3665,0.1391,9.9602,-0.018,0.001,9.8065,-0.048,0.0376,0.0591,14.25,-36.87,12.94,31.26,-82.44,156.31
52.390877,-1.503828,129.21,6.08,3,305.86,19 / 20,5225109,2019-09-06 20:47:10:852,-1.4345,0.3027,10.3309,-0.0131,0.0093,9.8065,-0.0116,0.0104,0.0189,14.75,-36.31,13.31,34.88,-82.46,157.71
52.390877,-1.503828,129.21,6.08,3,305.86,19 / 20,5225210,2019-09-06 20:47:10:953,-0.9471,0.3838,9.6326,-0.0263,-0.0085,9.8066,-0.0618,-0.0155,0.0241,14.13,-36.94,14.25,31.57,-82.44,158.93
52.390877,-1.503828,129.21,6.08,3,305.86,19 / 20,5225309,2019-09-06 20:47:11:052,-0.7912,0.4674,9.6125,-0.0329,-0.0116,9.8066,0.032,-0.0583,0.0218,14.63,-36.75,13.44,39.38,-82.24,160.81
52.39091,-1.504543,130.14,8.64,3,249.53,19 / 20,5225409,2019-09-06 20:47:11:152,0.1987,1.2296,9.619,0.0038,0.0056,9.8066,0.0426,-0.0056,0.0124,14.38,-36.69,13.63,35.13,-82.28,161.56
52.39091,-1.504543,130.14,8.64,3,249.53,19 / 20,5225510,2019-09-06 20:47:11:253,0.2089,0.0539,10.057,-0.0077,0.0153,9.8066,-0.0601,-0.0073,-0.0598,14.13,-36.12,13.75,36.73,-82.39,163.18
52.39091,-1.504543,130.14,8.64,3,249.53,19 / 20,5225610,2019-09-06 20:47:11:353,-0.2358,1.5554,9.857,0.0172,0.0125,9.8066,-0.0224,-0.0128,0.0503,14.63,-36.5,13.31,41.95,-82.44,163.41
52.39091,-1.504543,130.14,8.64,3,249.53,19 / 20,5225710,2019-09-06 20:47:11:453,0.5352,-0.0235,10.0534,-0.0243,0.0048,9.8066,-0.0278,0.0879,0.0066,13.69,-36.62,13.19,42.96,-82.36,165.43
52.39091,-1.504543,130.14,8.64,3,249.53,19 / 20,5225810,2019-09-06 20:47:11:553,-0.3942,2.7013,10.0825,-0.024,-0.0012,9.8065,0.1498,-0.0549,0.0014,14.31,-36.31,12.81,44.02,-82.26,166.43
52.39091,-1.504543,130.14,8.64,3,249.53,19 / 20,5225910,2019-09-06 20:47:11:653,-0.0695,2.9518,10.0356,0.0162,0.0083,9.8066,0.2138,-0.0087,0.0308,13.38,-36,12.75,43.78,-82.15,167.79
52.39091,-1.504543,130.14,8.64,3,249.53,19 / 20,5226010,2019-09-06 20:47:11:753,-1.0569,1.5665,9.9494,-0.0032,0.0047,9.8066,-0.1029,-0.0964,-0.057,14,-36.31,13.13,46.39,-82.02,168.02
52.39091,-1.504543,130.14,8.64,3,249.53,19 / 20,5226110,2019-09-06 20:47:11:853,-0.3156,2.5101,9.9767,-0.0139,-0.017,9.8066,0.0038,-0.1556,0.0221,13.5,-36.5,13,45.53,-81.83,167.04
52.39091,-1.504543,130.14,8.64,3,249.53,19 / 20,5226210,2019-09-06 20:47:11:953,-0.0249,1.9964,9.9667,-0.0062,-0.0061,9.8066,-0.0962,-0.1761,0.0229,13.88,-36.75,12.63,45.67,-81.84,166.86
52.39091,-1.504543,130.14,8.64,3,249.53,19 / 20,5226310,2019-09-06 20:47:12:053,0.1702,2.6249,9.8722,0.0146,-0.0012,9.8066,-0.0037,-0.159,0.0272,13.88,-36.81,12.5,44.66,-81.93,166.18
52.39091,-1.504543,130.14,8.64,3,249.53,18 / 20,5226409,2019-09-06 20:47:12:152,-0.9503,2.4279,9.4415,-0.007,-0.0066,9.8066,0.0066,-0.1924,0.0223,14.06,-37.19,12.94,44.57,-81.88,166.03
52.39091,-1.504543,130.14,8.64,3,249.53,18 / 20,5226510,2019-09-06 20:47:12:253,-1.6644,2.509,9.2562,0.0152,0.0045,9.8066,-0.0221,-0.213,0.0238,13.31,-37,12.31,45.59,-81.89,165.78
52.39091,-1.504543,130.14,8.64,3,249.53,18 / 20,5226610,2019-09-06 20:47:12:353,-1.1416,2.3716,9.769,0.0151,0.0034,9.8066,0.0929,-0.2071,0.031,14.44,-37,11.88,46.52,-82.06,165.19
52.39091,-1.504543,130.14,8.64,3,249.53,18 / 20,5226710,2019-09-06 20:47:12:453,-0.3999,3.0978,10.189,0.0102,-0.0095,9.8066,-0.0992,-0.2836,-0.0458,14.31,-37,10.69,47.89,-82.14,163.54
52.39091,-1.504543,130.14,8.64,3,249.53,18 / 20,5226809,2019-09-06 20:47:12:552,-1.211,3.5478,10.0945,0.0119,-0.009,9.8066,-0.0136,-0.2806,0.0057,14.63,-37.06,10.31,51.02,-82.26,161.99
52.39091,-1.504543,130.14,8.64,3,249.53,18 / 20,5226910,2019-09-06 20:47:12:653,-1.0832,2.6644,9.8862,-0.0062,-0.0312,9.8065,0.0051,-0.275,-0.0323,14.88,-36.31,10.13,48.06,-82.07,159.58
52.39091,-1.504543,130.14,8.64,3,249.53,18 / 20,5227010,2019-09-06 20:47:12:753,-0.6388,2.7592,9.5208,0.0011,-0.021,9.8066,-0.0363,-0.2919,-0.0091,15.13,-36.94,9.31,49.96,-82,157.54
52.39091,-1.504543,130.14,8.64,3,249.53,18 / 20,5227110,2019-09-06 20:47:12:853,0.5328,2.4503,9.7106,0.0029,-0.008,9.8066,0.0083,-0.2776,0.0395,15.38,-37.06,8.44,52.93,-81.95,156.56
52.39091,-1.504543,130.14,8.64,3,249.53,18 / 20,5227210,2019-09-06 20:47:12:953,-0.3991,2.692,9.4561,0.011,-0.0093,9.8066,0.0196,-0.2531,-0.0213,15.63,-37.19,8.94,48.24,-81.98,155.15
52.39091,-1.504543,130.14,8.64,3,249.53,18 / 20,5227310,2019-09-06 20:47:13:053,-0.9392,2.3103,9.5638,0.0106,-0.0048,9.8066,-0.0512,-0.2655,0.07,15.06,-37.62,7.69,49.59,-82.01,153.62
52.39091,-1.504543,130.14,8.64,3,249.53,18 / 19,5227410,2019-09-06 20:47:13:153,-0.5418,2.5928,9.3601,0.0127,0.0159,9.8065,-0.0952,-0.337,0.0849,15.13,-36.69,6.88,53.26,-82.19,153.85
52.39091,-1.504543,130.14,8.64,3,249.53,18 / 19,5227510,2019-09-06 20:47:13:253,-0.4361,3.0168,9.4908,-0.0009,0.004,9.8066,-0.1106,-0.2864,0.0355,14.81,-37.75,6.13,58.02,-82.42,154.23
52.39091,-1.504543,130.14,8.64,3,249.53,18 / 19,5227609,2019-09-06 20:47:13:352,-1.9236,4.2066,12.7533,0.0135,0.0184,9.8066,-0.2515,-0.218,-0.0358,14.94,-36.81,6.06,56.3,-82.77,153.93
52.39091,-1.504543,130.14,8.64,3,249.53,18 / 19,5227710,2019-09-06 20:47:13:453,-3.0695,2.0664,9.9616,-0.1494,-0.0351,9.8054,-0.0511,-0.2875,0.0449,14.81,-37.87,5.69,54.44,-82.95,152.38
52.39091,-1.504543,130.14,8.64,3,249.53,18 / 19,5227810,2019-09-06 20:47:13:553,-0.2945,2.207,10.0603,-0.1347,-0.0181,9.8057,-0.0685,-0.334,0.0779,15.25,-37.69,4.31,68.76,-82.03,154.91
52.39091,-1.504543,130.14,8.64,3,249.53,18 / 19,5227909,2019-09-06 20:47:13:652,-1.8649,0.8822,8.6785,-0.0683,0.0036,9.8063,-0.137,-0.2124,-0.0549,14.75,-37.69,4.38,72.9,-81.67,157.64
52.39091,-1.504543,130.14,8.64,3,249.53,18 / 19,5228010,2019-09-06 20:47:13:753,-0.1308,3.5259,9.5953,-0.0222,0.0031,9.8066,-0.2014,-0.3961,0.0793,14.75,-37.56,3.5,70.49,-81.83,155.92
52.39091,-1.504543,130.14,8.64,3,249.53,18 / 19,5228110,2019-09-06 20:47:13:853,0.8673,2.8106,10.5232,0.0067,-0.0002,9.8066,-0.2366,-0.2852,-0.0303,14,-38.12,3.25,73.42,-82.25,155.13
52.39091,-1.504543,130.14,8.64,3,249.53,18 / 19,5228210,2019-09-06 20:47:13:953,1.3526,2.1531,10.0484,0.0099,-0.01,9.8066,0.1437,-0.2996,0.0443,14.94,-38.06,1.63,74.56,-82.5,153.46
52.39091,-1.504543,130.14,8.64,3,249.53,18 / 19,5228309,2019-09-06 20:47:14:052,-1.5269,5.4094,11.3371,-0.0037,0.0218,9.8065,0.5004,-0.6008,0.1245,14.19,-37.75,3,72.37,-82.4,154.61
52.39091,-1.504543,130.14,8.64,3,249.53,19 / 20,5228410,2019-09-06 20:47:14:153,-0.6493,-1.2101,10.1553,0.0058,-0.0805,9.8063,0.4871,-0.451,0.2921,14,-38.12,2.56,75.5,-81.99,156.27
52.39091,-1.504543,130.14,8.64,3,249.53,19 / 20,5228509,2019-09-06 20:47:14:252,-0.7115,3.1685,9.1033,0.027,0.0263,9.8065,0.1402,-0.0729,-0.2575,14.5,-37.94,2,78.03,-81.71,154.54
52.39091,-1.504543,130.14,8.64,3,249.53,19 / 20,5228610,2019-09-06 20:47:14:353,-0.1885,1.3741,11.0183,0.0773,-0.0511,9.8062,-0.1163,-0.1854,-0.0845,14.06,-38.5,0.81,79.51,-82,151.53
52.39091,-1.504543,130.14,8.64,3,249.53,19 / 20,5228709,2019-09-06 20:47:14:452,0.4918,6.2348,10.2266,0.0147,-0.0528,9.8065,0.2588,-0.4383,0.2462,14,-37.81,0.44,84.48,-82.03,152.19
52.39091,-1.504543,130.14,8.64,3,249.53,19 / 20,5228809,2019-09-06 20:47:14:552,-0.1823,1.6639,9.9889,0.065,0.0003,9.8064,-0.0494,-0.2021,-0.026,14.13,-38.69,0.31,82.59,-82.21,150.31
52.39091,-1.504543,130.14,8.64,3,249.53,19 / 20,5228910,2019-09-06 20:47:14:653,0.5935,2.3633,9.4061,-0.0217,0.015,9.8066,0.0048,-0.2336,0.0893,14,-38.12,-1.12,86.52,-82.07,150.29
52.39091,-1.504543,130.14,8.64,3,249.53,19 / 20,5229010,2019-09-06 20:47:14:753,0.5592,3.1287,9.3549,-0.002,0.0133,9.8066,-0.0299,-0.1872,0.0175,13.06,-38.31,-0.69,89.05,-82.17,151.02
52.39091,-1.504543,130.14,8.64,3,249.53,19 / 20,5229110,2019-09-06 20:47:14:853,0.7666,1.754,9.9603,-0.0017,0.0122,9.8065,-0.0149,-0.1977,0.0398,12.88,-38,-1.12,89.82,-82.23,152
52.39091,-1.504543,130.14,8.64,3,249.53,19 / 20,5229210,2019-09-06 20:47:14:953,1.0316,2.3614,9.827,0.0054,0.003,9.8066,0.0206,-0.2021,0.0235,12.75,-38.25,-2.06,93.98,-82.3,152.34
52.39091,-1.504543,130.14,8.64,3,249.53,19 / 20,5229310,2019-09-06 20:47:15:053,-0.2923,2.267,9.7013,0.002,0,9.8066,0.0487,-0.1788,0.0311,13.38,-38.62,-1.87,94.71,-82.29,152.42
52.39091,-1.504543,130.14,8.64,3,249.53,19 / 20,5229410,2019-09-06 20:47:15:153,-0.8221,2.197,10.0612,0.0063,-0.0058,9.8066,0.1007,-0.1411,-0.0484,12.81,-38.12,-2.12,93.87,-82.33,152.31
52.39091,-1.504543,130.14,8.64,3,249.53,19 / 20,5229509,2019-09-06 20:47:15:252,0.6501,-0.6549,9.7248,-0.0187,-0.0032,9.8066,-0.1139,-0.0264,-0.0748,13.38,-38.56,-2.69,96.36,-82.19,149.95
52.39091,-1.504543,130.14,8.64,3,249.53,19 / 20,5229610,2019-09-06 20:47:15:353,0.5256,1.2618,9.4398,-0.0086,-0.0137,9.8066,0.0413,-0.1214,-0.0451,12.88,-38.5,-3.06,94.74,-82.07,148.51
52.39091,-1.504543,130.14,8.64,3,249.53,19 / 20,5229709,2019-09-06 20:47:15:452,0.8721,0.9874,9.1877,0.0088,-0.0305,9.8065,0.0227,-0.0922,-0.0084,13.81,-38.31,-3.31,90.99,-82.06,147.16
52.39091,-1.504543,130.14,8.64,3,249.53,19 / 20,5229810,2019-09-06 20:47:15:553,0.2196,1.1793,9.3229,0.0039,-0.0038,9.8066,-0.052,-0.1103,-0.0635,12.5,-38.75,-2.81,92.76,-81.98,145.51
52.39091,-1.504543,130.14,8.64,3,249.53,19 / 20,5229910,2019-09-06 20:47:15:653,0.3976,1.4877,10.1714,0.0027,-0.0194,9.8066,0.0308,-0.0885,0.0279,13.63,-37.94,-3.31,88.41,-81.85,143.96
52.39091,-1.504543,130.14,8.64,3,249.53,19 / 20,5230010,2019-09-06 20:47:15:753,-0.2619,1.399,10.6058,0.0172,-0.016,9.8065,-0.0614,-0.0324,-0.031,12.5,-38.25,-3.94,93.84,-81.87,143.31
52.39091,-1.504543,130.14,8.64,3,249.53,19 / 20,5230109,2019-09-06 20:47:15:852,-0.948,1.1372,9.9399,-0.0466,0.0389,9.8064,-0.0749,-0.0438,0.0716,13.38,-37.81,-3.19,92.31,-81.64,144.63
52.39091,-1.504543,130.14,8.64,3,249.53,19 / 20,5230209,2019-09-06 20:47:15:952,0.182,1.5608,9.1025,-0.0418,0.0476,9.8064,-0.0325,-0.0041,-0.0923,12.94,-37.62,-3.25,93.82,-81.53,145.83
52.39091,-1.504543,130.14,8.64,3,249.53,19 / 20,5230310,2019-09-06 20:47:16:053,-1.5717,1.4625,9.6854,0.0168,-0.0064,9.8066,0.0179,0.0135,0.0853,12.88,-37.37,-2.81,94,-81.4,146.32
52.39091,-1.504543,130.14,8.64,3,249.53,19 / 20,5230410,2019-09-06 20:47:16:153,0.9206,0.8596,9.5077,0.0131,0.0203,9.8065,0.0976,-0.0214,-0.0417,12.06,-37.06,-2.81,97.99,-81.52,147.83
52.39091,-1.504543,130.14,8.64,3,249.53,19 / 20,5230509,2019-09-06 20:47:16:252,-2.0938,1.6109,10.2896,0.0195,-0.012,9.8066,0.1169,-0.0431,0.0391,13.19,-37.12,-2,91.23,-81.7,148.28
52.39091,-1.504543,130.14,8.64,3,249.53,19 / 20,5230609,2019-09-06 20:47:16:352,-0.5116,1.2778,9.8753,0.0196,-0.0001,9.8065,-0.0351,-0.0542,0.0105,12.94,-37.25,-2.69,95.63,-81.72,149.02
52.39091,-1.504543,130.14,8.64,3,249.53,19 / 20,5230710,2019-09-06 20:47:16:453,-0.2252,1.2112,9.7531,-0.0056,0.0126,9.8066,-0.0241,0.0093,-0.0328,13.56,-37.75,-3.56,97.76,-81.72,149.79
52.39091,-1.504543,130.14,8.64,3,249.53,19 / 20,5230810,2019-09-06 20:47:16:553,-0.6847,1.6306,9.9919,0.0159,0.0015,9.8065,0.033,-0.0124,-0.0264,13.31,-37.75,-4.25,99.89,-81.74,149.36
52.39091,-1.504543,130.14,8.64,3,249.53,19 / 20,5230909,2019-09-06 20:47:16:652,0.3663,0.3949,9.3246,0.0134,-0.0115,9.8066,0.0347,-0.0835,-0.0095,13.06,-38.19,-4.25,99.95,-81.8,149.6
52.39091,-1.504543,130.14,8.64,3,249.53,19 / 20,5231010,2019-09-06 20:47:16:753,-1.4485,1.2496,9.6416,0.0024,-0.0051,9.8066,-0.0777,-0.051,0.0356,13,-38.25,-3.44,95.49,-81.95,148.91
52.39091,-1.504543,130.14,8.64,3,249.53,19 / 20,5231110,2019-09-06 20:47:16:853,0.1129,0.6571,9.8671,0.0067,0.0116,9.8066,-0.0328,-0.0392,0.0178,12.88,-38.81,-4.12,99.58,-82.1,149.49
52.39091,-1.504543,130.14,8.64,3,249.53,19 / 20,5231210,2019-09-06 20:47:16:953,-0.9991,1.5526,9.9149,0.015,-0.0028,9.8065,0.0497,-0.0115,0.0235,13.31,-38.94,-3.75,99.32,-82.26,149.68
52.39091,-1.504543,130.14,8.64,3,249.53,19 / 20,5231309,2019-09-06 20:47:17:052,-0.4123,0.247,9.4457,0.0023,0.0102,9.8066,-0.0138,0.0053,0.0239,12.69,-38.81,-4.12,100,-82.25,150.38
52.39091,-1.504543,130.14,8.64,3,249.53,19 / 20,5231410,2019-09-06 20:47:17:153,0.2032,0.8316,9.9153,0.0058,0.016,9.8065,0.054,-0.0098,-0.0014,12.94,-38.06,-3.56,100.44,-82.27,151.53
52.39091,-1.504543,130.14,8.64,3,249.53,19 / 20,5231510,2019-09-06 20:47:17:253,-0.6122,0.2323,9.1239,0.0192,-0.0053,9.8065,0.0341,0.0382,0.032,12.5,-38.75,-3.94,102.49,-82.19,152.93
52.39091,-1.504543,130.14,8.64,3,249.53,19 / 20,5231609,2019-09-06 20:47:17:352,0.1611,0.4358,10.4521,0.0121,0.0134,9.8066,-0.0342,-0.0234,-0.0024,12.31,-38,-4.25,105.65,-82.28,154.27
52.39091,-1.504543,130.14,8.64,3,249.53,19 / 20,5231710,2019-09-06 20:47:17:453,0.5192,0.8715,9.9327,-0.0056,0.0061,9.8065,-0.0643,-0.0774,0.0185,11.88,-38,-3.81,106.75,-82.24,155.4
52.39091,-1.504543,130.14,8.64,3,249.53,19 / 20,5231810,2019-09-06 20:47:17:553,-0.636,0.5221,9.8584,-0.0109,0.0094,9.8066,0.0533,-0.049,0.0176,12.56,-39,-3.87,105.07,-82.19,155.81
52.39091,-1.504543,130.14,8.64,3,249.53,19 / 20,5231910,2019-09-06 20:47:17:653,0.8204,0.3356,10.0515,0.021,-0.016,9.8065,0.0747,-0.0297,-0.022,12.5,-38.06,-3.87,105.49,-82.07,156.53
52.39091,-1.504543,130.14,8.64,3,249.53,19 / 20,5232010,2019-09-06 20:47:17:753,0.0032,0.0671,9.3906,0.0214,-0.0222,9.8066,-0.1727,0.0003,-0.0043,12.19,-38.44,-4.75,109.65,-82.32,155.43
52.39091,-1.504543,130.14,8.64,3,249.53,19 / 20,5232109,2019-09-06 20:47:17:852,0.0262,-0.4049,9.3121,-0.0157,0.0119,9.8066,-0.1312,0.0241,0.0195,13.19,-38.19,-4.31,103.55,-82.31,155.06
52.39091,-1.504543,130.14,8.64,3,249.53,19 / 20,5232210,2019-09-06 20:47:17:953,0.6365,-0.0082,9.5707,-0.0022,0.0138,9.8065,-0.0357,0.0309,-0.0628,12.63,-38.06,-4.62,106.17,-82.49,155.07
52.39091,-1.504543,130.14,8.64,3,249.53,19 / 20,5232310,2019-09-06 20:47:18:053,1.0217,-0.5047,9.9903,-0.0088,0.0094,9.8066,-0.0741,-0.0179,0.0539,12.56,-38.31,-4.56,106.86,-82.38,155.52
52.39091,-1.504543,130.14,8.64,3,249.53,19 / 20,5232409,2019-09-06 20:47:18:152,0.5863,-0.4756,10.0749,0.0008,0.0188,9.8066,0.1117,-0.026,0.0131,12.38,-38.5,-4.5,107.2,-82.41,156.44
52.39091,-1.504543,130.14,8.64,3,249.53,19 / 20,5232510,2019-09-06 20:47:18:253,-0.4632,0.5053,10.4774,0.0013,0.0155,9.8066,0.0407,0.0282,0.0189,11.94,-38.94,-4.19,108.98,-82.38,157.76
52.39091,-1.504543,130.14,8.64,3,249.53,19 / 20,5232610,2019-09-06 20:47:18:353,0.1331,0.7333,9.7754,0.0185,-0.0004,9.8065,0.001,0.0149,0.0146,11.88,-38.25,-4.12,109.78,-82.4,159.37
52.39091,-1.504543,130.14,8.64,3,249.53,19 / 20,5232709,2019-09-06 20:47:18:452,0.052,0.5455,10.2046,0.0225,-0.007,9.8066,0.0533,-0.0279,0.0246,12.19,-38.62,-4.56,114.6,-82.45,161.01
52.39091,-1.504543,130.14,8.64,3,249.53,19 / 20,5232809,2019-09-06 20:47:18:552,0.9237,-0.4117,9.5128,0.016,-0.0008,9.8066,0.0385,0.0067,0.0321,12.5,-38.5,-4.75,112.46,-82.47,162.17
52.39091,-1.504543,130.14,8.64,3,249.53,19 / 20,5232909,2019-09-06 20:47:18:652,0.6556,0.4177,9.9849,0.0216,-0.0044,9.8065,0.0752,-0.0053,-0.0016,11.25,-38.31,-5,119.35,-82.52,164.07
52.39091,-1.504543,130.14,8.64,3,249.53,19 / 20,5233010,2019-09-06 20:47:18:753,0.3371,0.1782,9.6101,0.0224,-0.0129,9.8065,-0.0871,0.0143,0.0328,11,-38.56,-5.12,120.2,-82.53,164.56
52.39091,-1.504543,130.14,8.64,3,249.53,19 / 20,5233110,2019-09-06 20:47:18:853,-0.0169,-0.6186,9.3204,0.0005,-0.0039,9.8066,-0.0757,0.0849,-0.0713,9.88,-38.81,-5.25,124.14,-82.52,165.58
52.39091,-1.504543,130.14,8.64,3,249.53,19 / 20,5233210,2019-09-06 20:47:18:953,1.2253,-0.8231,9.2751,-0.0149,0.0124,9.8065,0.013,-0.014,-0.0024,11.44,-37.94,-4.44,116.76,-82.54,164.7
52.39091,-1.504543,130.14,8.64,3,249.53,19 / 20,5233309,2019-09-06 20:47:19:052,1.279,0.3878,10.0967,0.023,-0.0238,9.8065,0.0667,-0.0318,0.0004,10.75,-38.81,-4.37,117.16,-82.73,165.18
52.39091,-1.504543,130.14,8.64,3,249.53,19 / 20,5233410,2019-09-06 20:47:19:153,-0.0474,0.112,10.4076,0.0213,-0.0327,9.8065,0.0237,-0.0552,-0.011,12,-38.56,-3.81,113.47,-82.81,164.32
52.39091,-1.504543,130.14,8.64,3,249.53,19 / 20,5233509,2019-09-06 20:47:19:252,1.1238,-0.1402,9.8962,-0.0103,-0.0011,9.8066,0.0325,-0.0361,-0.0578,11.81,-38.44,-4.19,112.97,-82.57,163.6
52.39091,-1.504543,130.14,8.64,3,249.53,19 / 20,5233610,2019-09-06 20:47:19:353,0.7607,-0.107,9.9807,0.002,-0.0064,9.8066,0.0673,-0.0892,0.0455,11.75,-39.19,-4.25,113.19,-82.51,163.08
52.39091,-1.504543,130.14,8.64,3,249.53,19 / 20,5233709,2019-09-06 20:47:19:452,0.6064,0.8438,9.5287,-0.0092,0.0113,9.8066,-0.0139,-0.0714,0.0217,11.5,-38.69,-4.37,114.68,-82.36,164.41
52.39091,-1.504543,130.14,8.64,3,249.53,19 / 20,5233810,2019-09-06 20:47:19:553,0.9941,0.6447,9.8835,-0.0028,0.0101,9.8066,-0.0278,-0.1276,0.0116,11.69,-38.87,-4.44,115.22,-82.36,165.03
52.39091,-1.504543,130.14,8.64,3,249.53,19 / 20,5233910,2019-09-06 20:47:19:653,1.5428,-0.2733,10.0496,-0.0029,0.0095,9.8066,-0.0804,-0.0932,0.0387,11.38,-38.31,-4.25,118.23,-82.3,165.78
52.39091,-1.504543,130.14,8.64,3,249.53,19 / 20,5234009,2019-09-06 20:47:19:752,2.3907,0.5217,10.2407,0.0103,0.016,9.8066,0.0729,-0.1446,0.0613,11.38,-38.81,-4.69,122.15,-82.43,166.69
52.39091,-1.504543,130.14,8.64,3,249.53,19 / 20,5234110,2019-09-06 20:47:19:853,2.398,0.5277,10.2503,0.0007,0.0099,9.8066,0.0371,-0.1517,0.0253,11.06,-38.25,-4.31,120.32,-82.38,168.61
52.39091,-1.504543,130.14,8.64,3,249.53,19 / 20,5234209,2019-09-06 20:47:19:952,2.025,0.5599,9.6842,0.0195,0.003,9.8065,0.0024,-0.2134,0.0975,11,-38.62,-5,125.08,-82.34,170.13
52.39091,-1.504543,130.14,8.64,3,249.53,19 / 20,5234309,2019-09-06 20:47:20:052,2.3468,0.7198,10.4457,-0.0046,0.0359,9.8066,-0.0335,-0.1922,0.0281,10.88,-38.75,-5.69,130.64,-82.08,173.19
52.391163,-1.505593,131.09,9,3,314.39,19 / 20,5234411,2019-09-06 20:47:20:154,2.1726,1.1621,10.2177,0.0005,0.0128,9.8066,0.0329,-0.2027,0.0333,10.56,-38.94,-5.81,130.87,-82.08,173.51
52.391163,-1.505593,131.09,9,3,314.39,19 / 20,5234510,2019-09-06 20:47:20:253,1.9824,0.8004,9.4537,0.0054,0.0155,9.8065,-0.0032,-0.2333,0.0511,9.25,-39.25,-6.75,140.54,-81.99,175.25
52.391163,-1.505593,131.09,9,3,314.39,19 / 20,5234609,2019-09-06 20:47:20:352,2.1982,0.4567,9.9655,0.0008,0.0058,9.8066,0.0022,-0.2194,0.0139,9.06,-39.44,-6.94,141.16,-81.95,176.01
52.391163,-1.505593,131.09,9,3,314.39,19 / 20,5234710,2019-09-06 20:47:20:453,1.801,0.1207,9.7432,0.0106,-0.0142,9.8065,0.0072,-0.2424,0.0342,8.06,-39.12,-7.06,144.27,-81.98,175.9
52.391163,-1.505593,131.09,9,3,314.39,19 / 20,5234809,2019-09-06 20:47:20:552,2.3691,0.4699,9.8718,0.0117,-0.002,9.8066,0.0067,-0.2066,0.0216,7.69,-39.44,-7.44,144.47,-82.13,176.51
52.391163,-1.505593,131.09,9,3,314.39,19 / 20,5234909,2019-09-06 20:47:20:652,2.1009,-0.598,10.0344,0.0134,-0.0135,9.8066,0.1035,-0.2049,0.0707,7.25,-39,-7.44,148.26,-82.14,177
52.391163,-1.505593,131.09,9,3,314.39,19 / 20,5235009,2019-09-06 20:47:20:752,2.3723,0.5986,10.4387,0.0259,-0.013,9.8065,0.1276,-0.2027,-0.0051,7,-39,-6.06,147.19,-82.02,178.23
52.391163,-1.505593,131.09,9,3,314.39,19 / 20,5235109,2019-09-06 20:47:20:852,1.6759,1.3765,9.9729,-0.0182,0.0377,9.8065,0.0518,-0.2274,0.0746,6.69,-39.06,-7.69,152.43,-81.55,179.38
52.391163,-1.505593,131.09,9,3,314.39,19 / 20,5235209,2019-09-06 20:47:20:952,1.5409,1.6649,10.3196,-0.0006,0.0165,9.8066,-0.045,-0.2037,0.0158,7.13,-38.62,-6.62,150.98,-81.45,179.71
52.391163,-1.505593,131.09,9,3,314.39,19 / 20,5235310,2019-09-06 20:47:21:053,1.5518,1.5146,10.1176,-0.0097,0.0235,9.8066,-0.0096,-0.2299,0.0716,7.56,-39.44,-7.75,150.01,-81.37,-179.74
52.391163,-1.505593,131.09,9,3,314.39,19 / 20,5235409,2019-09-06 20:47:21:152,1.6749,0.9139,9.9469,-0.0014,0.0145,9.8066,-0.0759,-0.2274,0.0226,7.38,-39.44,-7.19,151.84,-81.38,-179.12
52.391163,-1.505593,131.09,9,3,314.39,19 / 20,5235510,2019-09-06 20:47:21:253,1.9678,1.4699,9.5953,-0.0108,0.0117,9.8065,0.001,-0.1884,0.0482,6.69,-40.5,-8.5,154,-81.28,-179.07
52.391163,-1.505593,131.09,9,3,314.39,19 / 20,5235609,2019-09-06 20:47:21:352,0.976,0.2079,9.6244,0.027,-0.0224,9.8065,0.0837,-0.1756,-0.0443,6.31,-39.81,-7.94,157.66,-81.38,-178.43
52.391163,-1.505593,131.09,9,3,314.39,19 / 20,5235709,2019-09-06 20:47:21:452,0.9252,2.0433,9.9464,0.0114,-0.0348,9.8065,0.0185,-0.2436,0.0961,5.81,-40.19,-8.12,157.69,-81.29,-178.53
52.391163,-1.505593,131.09,9,3,314.39,19 / 20,5235810,2019-09-06 20:47:21:553,1.7488,1.6029,10.3154,0.0102,0.0156,9.8065,0.0374,-0.2176,0.0483,5.75,-39.31,-8.69,159.77,-81.14,-177.42
52.391163,-1.505593,131.09,9,3,314.39,19 / 20,5235910,2019-09-06 20:47:21:653,0.7214,0.8106,10.5667,0.0121,-0.0114,9.8066,-0.1019,-0.1757,0.0554,5.06,-40.19,-8.94,163.54,-81.22,-176.91
52.391163,-1.505593,131.09,9,3,314.39,19 / 20,5236010,2019-09-06 20:47:21:753,1.2366,0.6355,9.9141,0.0078,0.0233,9.8065,0.0173,-0.1612,0.0488,4.81,-39.31,-8.94,163.45,-81.3,-176.71
52.391163,-1.505593,131.09,9,3,314.39,19 / 20,5236110,2019-09-06 20:47:21:853,0.7581,1.5488,9.8926,0.004,0.0114,9.8066,-0.0153,-0.2269,0.0692,4.13,-39.75,-9.37,168,-81.07,-175.43
52.391163,-1.505593,131.09,9,3,314.39,19 / 20,5236209,2019-09-06 20:47:21:952,1.4477,1.793,10.2869,0.0009,0.0255,9.8065,0.0018,-0.1615,0.0516,3.75,-39.56,-9.06,168.5,-80.71,-174.91
52.391163,-1.505593,131.09,9,3,314.39,19 / 20,5236310,2019-09-06 20:47:22:053,0.2295,1.2283,9.7897,0.0049,0.016,9.8066,0.0267,-0.2097,0.0524,2.81,-39.69,-9.75,173.13,-80.65,-174.36
52.391163,-1.505593,131.09,9,3,314.39,19 / 21,5236409,2019-09-06 20:47:22:152,0.7698,1.6625,10.2489,0.0101,-0.0109,9.8066,0.0449,-0.1348,-0.028,2.69,-39.75,-9.62,173.17,-80.57,-174.32
52.391163,-1.505593,131.09,9,3,314.39,19 / 21,5236513,2019-09-06 20:47:22:256,0.433,1.3261,9.718,-0.013,-0.012,9.8066,-0.0137,-0.1242,0.0258,1.88,-40.06,-9.25,175.74,-80.6,-174.69
52.391163,-1.505593,131.09,9,3,314.39,19 / 21,5236609,2019-09-06 20:47:22:352,0.2197,1.2601,9.7331,-0.0039,0.0122,9.8066,-0.0356,-0.0786,-0.0422,2.75,-39.94,-9.56,172.27,-80.57,-175.78
52.391163,-1.505593,131.09,9,3,314.39,19 / 21,5236709,2019-09-06 20:47:22:452,-0.0244,1.0871,9.6617,-0.0087,-0.0039,9.8066,-0.0195,-0.1121,0.008,1.69,-40.12,-9.81,175.24,-80.66,-176.41
52.391163,-1.505593,131.09,9,3,314.39,19 / 21,5236809,2019-09-06 20:47:22:552,-0.0241,0.5038,9.6999,0.0014,0.0016,9.8066,-0.057,-0.0315,-0.0108,2.44,-39.37,-9.44,174.41,-80.72,-176.79
52.391163,-1.505593,131.09,9,3,314.39,19 / 21,5236909,2019-09-06 20:47:22:652,-0.6732,0.5495,10.0736,-0.0071,0.0067,9.8066,-0.0194,-0.0476,0.0099,2,-40.5,-8.81,174.27,-80.78,-177.1
52.391163,-1.505593,131.09,9,3,314.39,19 / 21,5237010,2019-09-06 20:47:22:753,-0.16,0.9714,10.1905,0.0092,0.03,9.8066,-0.0306,-0.0591,0.0295,1.69,-39.69,-9.31,174.25,-80.91,-177.09
52.391163,-1.505593,131.09,9,3,314.39,19 / 21,5237110,2019-09-06 20:47:22:853,-0.2823,0.5453,9.7874,0.0089,0.0146,9.8066,0.0517,-0.0712,0.0309,1.94,-39.44,-9.69,175.57,-80.69,-175.8
52.391163,-1.505593,131.09,9,3,314.39,19 / 21,5237210,2019-09-06 20:47:22:953,0.1707,0.234,9.8186,0.0077,0.004,9.8066,0.0144,-0.0796,0.0678,1.63,-39.87,-9,175.9,-80.48,-174.45
52.391163,-1.505593,131.09,9,3,314.39,19 / 21,5237309,2019-09-06 20:47:23:052,-0.3268,1.0185,9.9727,0.017,0.0013,9.8066,-0.0121,-0.0237,0.0497,2.31,-39.87,-9.56,177.1,-80.45,-173.44
52.391163,-1.505593,131.09,9,3,314.39,19 / 20,5237409,2019-09-06 20:47:23:152,-0.2338,0.5007,9.8487,0.0161,0.0001,9.8066,0.0397,-0.0326,-0.0195,1.19,-39.94,-9.5,180.44,-80.46,-172.9
52.391163,-1.505593,131.09,9,3,314.39,19 / 20,5237510,2019-09-06 20:47:23:253,-1.3718,1.2746,9.6611,-0.0022,-0.0114,9.8066,-0.0363,-0.036,0.0393,1.31,-39.94,-9.25,180.79,-80.51,-172.3
52.391163,-1.505593,131.09,9,3,314.39,19 / 20,5237609,2019-09-06 20:47:23:352,0.4648,0.4428,10.0095,0.0056,-0.0023,9.8066,-0.0176,0.0219,0.0613,1.56,-40.12,-9.69,178.42,-80.52,-171.27
52.391163,-1.505593,131.09,9,3,314.39,19 / 20,5237710,2019-09-06 20:47:23:453,-0.4354,0.3016,10.2163,0.009,0.0079,9.8066,0.0064,-0.0205,-0.0327,0.75,-40,-9.25,181.69,-80.51,-170.76
52.391163,-1.505593,131.09,9,3,314.39,19 / 20,5237810,2019-09-06 20:47:23:553,-1.0125,0.973,9.4843,0.0017,0.0038,9.8066,0.0542,-0.0006,-0.0059,1.75,-40,-9.37,178.01,-80.28,-170.9
52.391163,-1.505593,131.09,9,3,314.39,19 / 20,5237910,2019-09-06 20:47:23:653,-0.5748,1.0122,9.8232,0.0069,0.0081,9.8066,0.0585,-0.0024,0.0065,1,-40.56,-9.44,181.72,-80.11,-170.62
52.391163,-1.505593,131.09,9,3,314.39,19 / 20,5238010,2019-09-06 20:47:23:753,-0.6572,0.5538,9.2176,0.0072,-0.0222,9.8065,-0.0651,-0.0389,0.0353,2.19,-40.06,-9.5,178.41,-80.1,-170.23
52.391163,-1.505593,131.09,9,3,314.39,19 / 20,5238110,2019-09-06 20:47:23:853,-0.204,0.329,9.6281,0.0141,-0.032,9.8065,-0.0683,0.0157,0.0175,1.06,-39.5,-9.5,182.6,-80.47,-169.23
52.391163,-1.505593,131.09,9,3,314.39,19 / 20,5238209,2019-09-06 20:47:23:952,-1.1944,-0.2747,9.3429,0.0257,-0.009,9.8066,0.0217,0.0709,0.0395,1.13,-39,-9.37,183.61,-80.58,-167.56
52.391163,-1.505593,131.09,9,3,314.39,19 / 20,5238309,2019-09-06 20:47:24:052,0.2593,0.9614,10.1283,0.0257,0.006,9.8066,-0.0405,0.0655,-0.0161,0.13,-39.81,-10.37,188.44,-80.42,-166.07
52.391163,-1.505593,131.09,9,3,314.39,19 / 20,5238410,2019-09-06 20:47:24:153,0.1913,-0.0161,9.6085,0.0069,0.0285,9.8065,-0.0225,-0.0565,0.0868,-0.12,-39.25,-9.75,188.96,-80.15,-165.2
52.391163,-1.505593,131.09,9,3,314.39,19 / 20,5238509,2019-09-06 20:47:24:252,-0.3031,1.4341,10.1931,0.0161,0.0239,9.8066,-0.0026,0.0067,0.0254,0.38,-39.5,-9.94,189.67,-80.04,-163.96
52.391163,-1.505593,131.09,9,3,314.39,19 / 20,5238610,2019-09-06 20:47:24:353,-0.5581,0.0429,10.0774,0.0123,-0.0106,9.8066,0.0775,-0.0401,0.0275,-0.19,-39.31,-9.06,189.49,-80,-163.53
52.391163,-1.505593,131.09,9,3,314.39,19 / 20,5238710,2019-09-06 20:47:24:453,-0.1085,0.8042,9.9905,-0.0004,0.0059,9.8066,-0.0089,-0.0649,0.0185,0.38,-39.06,-8.44,189.38,-79.95,-162.78
52.391163,-1.505593,131.09,9,3,314.39,19 / 20,5238810,2019-09-06 20:47:24:553,-0.8722,0.2879,9.6359,0.0024,-0.0191,9.8065,-0.0202,-0.0132,-0.057,0.81,-39,-8.75,186.12,-80.06,-163.09
52.391163,-1.505593,131.09,9,3,314.39,19 / 20,5238910,2019-09-06 20:47:24:653,-0.5378,-0.412,11.2431,0.0087,-0.0198,9.8065,0.0556,-0.0769,0.005,1.06,-39.37,-9,186.12,-80.04,-163.08
52.391163,-1.505593,131.09,9,3,314.39,19 / 20,5239009,2019-09-06 20:47:24:752,-0.3669,-0.3395,9.9789,-0.0019,-0.0284,9.8066,0.3088,-0.0584,0.0111,1.31,-39.56,-9.87,186.64,-80.12,-163.22
52.391163,-1.505593,131.09,9,3,314.39,19 / 20,5239110,2019-09-06 20:47:24:853,-1.1864,-1.3589,10.0626,0.0096,-0.0155,9.8065,0.0211,-0.0476,0.045,1.19,-39.87,-9.31,186.05,-79.89,-163.02
52.391163,-1.505593,131.09,9,3,314.39,19 / 20,5239210,2019-09-06 20:47:24:953,0.5486,-2.7555,10.3891,0.0153,-0.0055,9.8066,-0.1903,-0.096,0.0823,0.5,-40.25,-9.19,186.65,-79.92,-161.97
52.391163,-1.505593,131.09,9,3,314.39,19 / 20,5239310,2019-09-06 20:47:25:053,-0.0869,0.3241,9.9971,0.0208,-0.0183,9.8066,0.0582,0.0064,0.0704,0.31,-40.25,-9.75,191.98,-79.97,-159.87
52.391163,-1.505593,131.09,9,3,314.39,18 / 20,5239409,2019-09-06 20:47:25:152,-0.419,-0.4531,9.8327,0.0172,-0.0037,9.8066,-0.0554,-0.0248,-0.0754,0.5,-39.75,-9.69,189.49,-79.92,-158.35
52.391163,-1.505593,131.09,9,3,314.39,18 / 20,5239510,2019-09-06 20:47:25:253,-0.0869,-0.3923,10.7612,-0.0037,0.006,9.8066,0.1103,-0.0021,0.0748,-0.19,-39.56,-9.5,192.03,-79.8,-158.71
52.391163,-1.505593,131.09,9,3,314.39,18 / 20,5239609,2019-09-06 20:47:25:352,0.5192,-0.9344,10.2133,0.0031,-0.0229,9.8066,0.1466,-0.0649,-0.1216,0.19,-40.37,-9.44,192.02,-79.84,-158.76
52.391163,-1.505593,131.09,9,3,314.39,18 / 20,5239710,2019-09-06 20:47:25:453,-0.457,0.3013,9.8247,-0.023,0.0122,9.8065,-0.0649,0.0009,0.0703,0,-40.5,-9.19,191.46,-79.93,-159.82
52.391163,-1.505593,131.09,9,3,314.39,18 / 20,5239809,2019-09-06 20:47:25:552,-0.2242,0.2799,10.3548,0.0067,0.0255,9.8066,-0.0452,-0.0298,0.0112,0.31,-40.19,-9.69,191.81,-80.12,-160.28
52.391163,-1.505593,131.09,9,3,314.39,18 / 20,5239909,2019-09-06 20:47:25:652,-0.6515,-1.0947,9.8559,-0.0009,0.0096,9.8066,-0.0124,-0.0095,0.0381,0.25,-40.25,-9.87,191.96,-79.96,-159.91
52.391163,-1.505593,131.09,9,3,314.39,18 / 20,5240010,2019-09-06 20:47:25:753,-0.3678,-0.5797,9.0938,0.0072,0.0254,9.8065,-0.1115,0.003,0.0587,0.25,-40,-10,192.23,-79.87,-159.38
52.391163,-1.505593,131.09,9,3,314.39,18 / 20,5240110,2019-09-06 20:47:25:853,0.2031,-0.107,9.9779,0.0149,0.0163,9.8066,0.0045,0.0263,-0.0108,-0.31,-40,-10.12,192.93,-79.91,-158.23
52.391163,-1.505593,131.09,9,3,314.39,18 / 20,5240210,2019-09-06 20:47:25:953,-0.925,-0.9412,10.6419,-0.01,0.0043,9.8066,0,-0.0331,-0.0144,0.5,-40.19,-10.06,189.5,-79.92,-158.32
52.391163,-1.505593,131.09,9,3,314.39,18 / 20,5240310,2019-09-06 20:47:26:053,-0.193,-0.5761,11.4633,-0.0186,0.0405,9.8065,0.245,-0.0074,-0.0766,0.38,-40.06,-9.87,192.07,-79.67,-159.48
52.391163,-1.505593,131.09,9,3,314.39,19 / 20,5240409,2019-09-06 20:47:26:152,-2.5337,-0.7819,9.494,-0.0441,0.0152,9.8065,-0.1187,0.1315,-0.1171,0.69,-39.56,-9.06,186.41,-79.22,-162.06
52.391163,-1.505593,131.09,9,3,314.39,19 / 20,5240510,2019-09-06 20:47:26:253,1.3474,-1.0372,9.1145,0.0031,-0.0425,9.8065,0.1036,0.049,-0.1434,0.5,-40.25,-8.69,184.36,-78.89,-165.67
52.391163,-1.505593,131.09,9,3,314.39,19 / 20,5240609,2019-09-06 20:47:26:352,-1.3647,0.4862,9.5675,-0.019,-0.0451,9.8065,0.0248,0.1223,-0.1421,0.94,-40.25,-8.94,183.94,-79.41,-166.59
52.391163,-1.505593,131.09,9,3,314.39,19 / 20,5240711,2019-09-06 20:47:26:454,-0.8609,0.7454,9.0853,-0.0285,0.0236,9.8066,-0.1998,-0.0243,-0.119,1.56,-39.87,-8.94,179.17,-80.06,-168.91
52.391163,-1.505593,131.09,9,3,314.39,19 / 20,5240810,2019-09-06 20:47:26:553,0.1786,2.4581,9.3783,-0.0212,0.0284,9.8066,-0.0135,0.0295,0.0493,1.5,-40.25,-9.94,178.81,-80.16,-170.66
52.391163,-1.505593,131.09,9,3,314.39,19 / 20,5240910,2019-09-06 20:47:26:653,-1.3855,0.4504,9.277,-0.0011,-0.0079,9.8066,-0.1528,-0.0167,-0.0497,1.31,-40.37,-9.44,181.68,-80.56,-170.79
52.391163,-1.505593,131.09,9,3,314.39,19 / 20,5241010,2019-09-06 20:47:26:753,-0.4519,-0.1464,9.92,-0.001,-0.0014,9.8066,0.0183,-0.0155,0.0046,1.63,-40.06,-9.94,179.02,-80.74,-170.27
52.391163,-1.505593,131.09,9,3,314.39,19 / 20,5241109,2019-09-06 20:47:26:852,-0.8099,-0.9011,10.1285,0.0129,-0.0107,9.8066,-0.0399,-0.0225,0.0675,1.38,-40.06,-10.5,182.83,-80.82,-169.71
52.391163,-1.505593,131.09,9,3,314.39,19 / 20,5241210,2019-09-06 20:47:26:953,-0.8197,0.9829,10.5642,-0.0006,0.0533,9.8064,0.0175,0.0248,-0.035,0.75,-39.44,-10,182.98,-80.5,-169.44
52.391163,-1.505593,131.09,9,3,314.39,19 / 20,5241310,2019-09-06 20:47:27:053,-0.9702,-0.5476,9.4502,-0.0071,0.0318,9.8065,-0.0064,-0.027,0.0578,1.63,-39.75,-9.5,178.85,-80.48,-169.42
52.391163,-1.505593,131.09,9,3,314.39,20 / 21,5241409,2019-09-06 20:47:27:152,0.4638,0.1542,9.7896,0.0066,-0.0093,9.8066,-0.0958,-0.0233,0.0182,0.69,-40.19,-9.56,183.53,-80.43,-168.48
52.391163,-1.505593,131.09,9,3,314.39,20 / 21,5241510,2019-09-06 20:47:27:253,0.6134,-0.1355,10.1475,0.0106,-0.0243,9.8065,0.0268,0.0846,-0.0139,1,-39.69,-9.69,183.93,-80.66,-167.87
52.391163,-1.505593,131.09,9,3,314.39,20 / 21,5241609,2019-09-06 20:47:27:352,-0.9321,0.7662,8.2541,-0.0047,0.0122,9.8066,-0.0065,0.0587,0.0404,1.5,-39.56,-10.56,181.35,-80.66,-167.58
52.391163,-1.505593,131.09,9,3,314.39,20 / 21,5241710,2019-09-06 20:47:27:453,-2.0654,-0.5047,10.3402,0.0024,0.1183,9.8059,0.0167,0.0147,0.0458,1.38,-40.25,-9.87,184.48,-80.31,-166.87
52.391163,-1.505593,131.09,9,3,314.39,20 / 21,5241809,2019-09-06 20:47:27:552,-0.8545,-1.1585,8.8545,0.0229,-0.0146,9.8066,-0.0594,0.0482,0.0778,0.94,-39.25,-10.44,184.93,-80.59,-166.3
52.391163,-1.505593,131.09,9,3,314.39,20 / 21,5241910,2019-09-06 20:47:27:653,-0.5106,0.7954,10.3586,0.0248,0.0276,9.8066,-0.1201,-0.037,0.0288,0.81,-39.5,-10.31,185.78,-80.33,-164.83
52.391163,-1.505593,131.09,9,3,314.39,20 / 21,5242010,2019-09-06 20:47:27:753,0.1158,-1.7642,8.7472,0.0188,0.0076,9.8066,-0.1246,0.0545,0.0806,1.31,-40.87,-10.19,186.12,-80.46,-164.11
52.391163,-1.505593,131.09,9,3,314.39,20 / 21,5242110,2019-09-06 20:47:27:853,-0.1496,0.2754,9.7219,0.0197,0.012,9.8066,0.053,-0.0302,-0.0294,0.19,-40.19,-9.94,190.43,-80.38,-162.77
52.391163,-1.505593,131.09,9,3,314.39,20 / 21,5242210,2019-09-06 20:47:27:953,0.0685,-0.5762,9.5547,0.0097,-0.0411,9.8065,0.0689,0.0365,0.0686,0.69,-40.19,-10.56,188.53,-80.48,-161.3
52.391163,-1.505593,131.09,9,3,314.39,20 / 21,5242310,2019-09-06 20:47:28:053,-0.0598,-0.8851,9.5897,0.0144,-0.012,9.8066,-0.0479,-0.019,-0.0117,0.63,-40,-10.12,188.59,-80.64,-160.27
52.391163,-1.505593,131.09,9,3,314.39,19 / 20,5242409,2019-09-06 20:47:28:152,0.5519,0.1786,9.9737,0.0098,0.006,9.8066,-0.0278,0.0135,0.0073,0.38,-40.31,-10.12,192.42,-80.53,-159.61
52.391163,-1.505593,131.09,9,3,314.39,19 / 20,5242510,2019-09-06 20:47:28:253,-0.6998,0.6988,10.3187,0.0028,-0.0186,9.8066,0.0003,0.0295,0.0119,0.5,-40,-10.5,189.43,-80.5,-158.81
52.391163,-1.505593,131.09,9,3,314.39,19 / 20,5242609,2019-09-06 20:47:28:352,0.132,0.2958,11.2717,0.0054,-0.0133,9.8065,0.104,0.0158,-0.019,0.19,-40.31,-10.31,192.87,-80.46,-158.81
52.391163,-1.505593,131.09,9,3,314.39,19 / 20,5242709,2019-09-06 20:47:28:452,-0.4557,0.2724,10.6584,-0.0219,0.0555,9.8064,-0.0107,0.0537,-0.0337,0.13,-39.56,-9.69,191.69,-80.03,-160.41
52.391163,-1.505593,131.09,9,3,314.39,19 / 20,5242810,2019-09-06 20:47:28:553,-0.1049,-0.5254,10.2632,-0.0137,0.0481,9.8065,0.0394,-0.0149,0.0238,0.88,-40,-9.44,187.05,-79.77,-161.18
52.391163,-1.505593,131.09,9,3,314.39,19 / 20,5242910,2019-09-06 20:47:28:653,-0.6196,-0.8604,10.2435,-0.0044,0.0026,9.8066,0.1068,-0.0138,-0.0371,-0.06,-39.87,-9.44,190.26,-79.71,-161.77
52.391163,-1.505593,131.09,9,3,314.39,19 / 20,5243010,2019-09-06 20:47:28:753,0.2208,1.1191,10.0301,0.0079,-0.0181,9.8066,-0.0344,-0.0201,0.0839,0.56,-40.31,-9.81,187.28,-79.64,-161.91
52.391163,-1.505593,131.09,9,3,314.39,19 / 20,5243110,2019-09-06 20:47:28:853,-1.191,-0.9456,9.3352,-0.0135,0.0289,9.8065,-0.1349,-0.0093,-0.0536,0.19,-40.31,-10.25,190.72,-79.57,-161.72
52.391163,-1.505593,131.09,9,3,314.39,19 / 20,5243210,2019-09-06 20:47:28:953,0.4675,-0.5433,9.643,0.0069,0.031,9.8065,-0.0734,-0.0497,0.0421,0.38,-40.06,-10.37,190.96,-79.69,-161.39
52.391163,-1.505593,131.09,9,3,314.39,19 / 20,5243310,2019-09-06 20:47:29:053,0.1268,-0.762,9.8237,-0.0041,-0.0211,9.8066,0.0605,0.0933,-0.0185,0.25,-39.56,-10.37,191.5,-79.87,-160.61
52.391975,-1.506052,132.53,12.25,3,344.9,19 / 20,5243409,2019-09-06 20:47:29:152,0.1666,1.0497,9.4108,0.0063,0.0109,9.8066,0.0945,-0.0966,0.034,-0.44,-40.06,-10.31,191.38,-79.81,-160.75
52.391975,-1.506052,132.53,12.25,3,344.9,19 / 20,5243510,2019-09-06 20:47:29:253,-0.2077,-1.0108,9.8671,-0.0151,-0.0039,9.8065,-0.0653,0.0675,0.0319,0,-39.75,-9.69,191.65,-79.72,-160.23
52.391975,-1.506052,132.53,12.25,3,344.9,19 / 20,5243609,2019-09-06 20:47:29:352,-1.1935,-0.827,10.0023,0.0014,-0.0006,9.8066,-0.049,0.0252,-0.0074,0.13,-40,-9.94,191.28,-79.83,-160.95
52.391975,-1.506052,132.53,12.25,3,344.9,19 / 20,5243710,2019-09-06 20:47:29:453,-0.324,-0.3874,9.4921,-0.0058,-0.001,9.8066,-0.0481,-0.0488,0.0302,0.69,-39.62,-10.31,187.93,-79.88,-160.94
52.391975,-1.506052,132.53,12.25,3,344.9,19 / 20,5243810,2019-09-06 20:47:29:553,-0.8829,-1.6936,9.5201,0.0045,0.0255,9.8065,-0.1284,0.0426,-0.0159,0.56,-39.69,-10,187.77,-79.93,-161.24
52.391975,-1.506052,132.53,12.25,3,344.9,19 / 20,5243910,2019-09-06 20:47:29:653,-0.6816,-1.4105,9.2705,0.0048,0.0144,9.8066,0.0382,0.0405,0.0638,0.19,-39.75,-9.19,190.88,-79.8,-160.74
52.391975,-1.506052,132.53,12.25,3,344.9,19 / 20,5244010,2019-09-06 20:47:29:753,-0.7687,0.1792,10.2256,0.0159,-0.0166,9.8066,-0.0089,-0.0196,-0.0275,0.63,-40.19,-9.81,188.75,-79.94,-159.6
52.391975,-1.506052,132.53,12.25,3,344.9,19 / 20,5244109,2019-09-06 20:47:29:852,-0.2768,-0.8684,9.5927,0.0051,0.0063,9.8066,0.0498,0.0542,0.0323,0.31,-39.94,-9.44,191.83,-79.86,-159.12
52.391975,-1.506052,132.53,12.25,3,344.9,19 / 20,5244210,2019-09-06 20:47:29:953,-0.6642,-0.8814,9.2377,0.0062,-0.0172,9.8066,0.0116,0.0474,0.02,-0.31,-39.87,-10.25,192.39,-79.88,-159.12
52.391975,-1.506052,132.53,12.25,3,344.9,19 / 20,5244310,2019-09-06 20:47:30:053,0.1363,-1.1761,9.5217,0.0072,-0.0054,9.8066,-0.1422,0.0261,-0.0261,0.19,-39.94,-10.31,192.67,-79.9,-158.67
52.391975,-1.506052,132.53,12.25,3,344.9,20 / 21,5244410,2019-09-06 20:47:30:153,-0.3098,-1.1417,9.2464,-0.007,0.0115,9.8065,-0.1631,0.027,0.0145,0,-39.44,-10.56,193.45,-80.13,-158.61
52.391975,-1.506052,132.53,12.25,3,344.9,20 / 21,5244510,2019-09-06 20:47:30:253,-0.321,-0.6007,10.2047,-0.0008,-0.0365,9.8065,-0.015,0.0081,-0.0286,0.13,-39.94,-10.44,192.81,-80.24,-158.72
52.391975,-1.506052,132.53,12.25,3,344.9,20 / 21,5244609,2019-09-06 20:47:30:352,-3.4246,0.2716,9.2725,-0.0295,0.02,9.8066,-0.1862,-0.1746,0.084,0.31,-39.69,-10.94,192.48,-80.37,-160.14
52.391975,-1.506052,132.53,12.25,3,344.9,20 / 21,5244710,2019-09-06 20:47:30:453,-1.4835,-2.3748,9.6018,0.0208,-0.0798,9.8062,0.3559,-0.0889,0.038,0.5,-39.87,-10.06,188.35,-79.93,-160.27
52.391975,-1.506052,132.53,12.25,3,344.9,20 / 21,5244809,2019-09-06 20:47:30:552,-1.2421,-0.9195,8.8134,0.0052,-0.0685,9.8063,0.2269,-0.0546,0.0704,0.44,-39.5,-9.81,191.77,-79.75,-160.27
52.391975,-1.506052,132.53,12.25,3,344.9,20 / 21,5244910,2019-09-06 20:47:30:653,0.8757,-2.1325,9.6005,0.0061,0.0067,9.8066,0.0681,0.0424,-0.0496,0.63,-39.69,-10.19,188.45,-79.66,-159.95
52.391975,-1.506052,132.53,12.25,3,344.9,20 / 21,5245010,2019-09-06 20:47:30:753,0.4907,-0.9117,9.3056,0.0082,-0.0357,9.8065,0.0237,-0.0502,0.0472,0,-39.94,-9.81,192.18,-79.95,-159.53
52.391975,-1.506052,132.53,12.25,3,344.9,20 / 21,5245110,2019-09-06 20:47:30:853,-0.2709,-0.7085,9.6498,0.0056,-0.036,9.8065,-0.0315,-0.0239,-0.0271,0.56,-39.56,-9.94,189.13,-80.08,-159.05
52.391975,-1.506052,132.53,12.25,3,344.9,20 / 21,5245210,2019-09-06 20:47:30:953,-0.1761,-0.3576,9.9056,-0.0109,-0.0039,9.8066,-0.0097,0.0143,-0.0367,0.88,-39.81,-9.62,188.91,-80.27,-159.52
52.391975,-1.506052,132.53,12.25,3,344.9,20 / 21,5245309,2019-09-06 20:47:31:052,0.0359,-1.0865,9.8194,-0.0098,0.0094,9.8065,0.0614,0.0235,-0.0242,1.38,-38.56,-9.87,188.39,-80.33,-160.56
52.391975,-1.506052,132.53,12.25,3,344.9,19 / 20,5245410,2019-09-06 20:47:31:153,-0.0789,-0.3973,10.6036,0.0052,-0.0107,9.8066,0.086,-0.0353,0.0211,0.81,-38.75,-10.56,189.25,-80.33,-160.21
52.391975,-1.506052,132.53,12.25,3,344.9,19 / 20,5245509,2019-09-06 20:47:31:252,0.4458,-0.752,10.2404,0.0083,-0.0257,9.8066,-0.0492,-0.0045,0.0025,0.44,-39.25,-10.87,192.71,-80.32,-159.93
52.391975,-1.506052,132.53,12.25,3,344.9,19 / 20,5245610,2019-09-06 20:47:31:353,-0.4133,-0.5842,10.103,-0.0036,0.0267,9.8065,-0.022,-0.0016,0.0035,0.38,-40.12,-10.94,192.62,-80.31,-159.86
52.391975,-1.506052,132.53,12.25,3,344.9,19 / 20,5245709,2019-09-06 20:47:31:452,-0.2148,-0.6122,9.6137,0.0018,0.0174,9.8065,0.026,-0.0201,0.0224,0.44,-40.19,-10.81,192.41,-80.09,-160.04
52.391975,-1.506052,132.53,12.25,3,344.9,19 / 20,5245809,2019-09-06 20:47:31:552,0.0052,-0.4759,9.6816,0.0018,-0.001,9.8066,0.0765,-0.0094,-0.0191,-0.31,-39.62,-10.5,192,-80.05,-159.92
52.391975,-1.506052,132.53,12.25,3,344.9,19 / 20,5245910,2019-09-06 20:47:31:653,-0.9167,-0.8893,9.6202,-0.0035,-0.0155,9.8066,0.0044,-0.0515,0.0325,-0.19,-40.37,-10.12,191.81,-80.07,-160.24
52.391975,-1.506052,132.53,12.25,3,344.9,19 / 20,5246010,2019-09-06 20:47:31:753,-0.0412,-0.6048,9.3185,0.0011,-0.0026,9.8066,-0.0566,0.0169,-0.009,-0.44,-41.06,-10.5,191.53,-80.03,-160.48
52.391975,-1.506052,132.53,12.25,3,344.9,19 / 20,5246110,2019-09-06 20:47:31:853,-0.7585,-0.6995,9.5673,0.0066,-0.0127,9.8066,0.0678,-0.0338,0.011,-1.19,-40.62,-10.25,194.84,-80.11,-160.73
52.391975,-1.506052,132.53,12.25,3,344.9,19 / 20,5246209,2019-09-06 20:47:31:952,-0.2007,-0.0898,9.409,0.0048,-0.0213,9.8066,-0.0253,0.0117,0.0365,-1.19,-40.12,-10.31,195.38,-80.15,-160.14
52.391975,-1.506052,132.53,12.25,3,344.9,19 / 20,5246310,2019-09-06 20:47:32:053,1.3301,0.6892,10.8682,0.0105,-0.0265,9.8066,-0.1917,0.1063,-0.0246,-0.62,-40.12,-9.37,196.08,-80.48,-158.79
52.391975,-1.506052,132.53,12.25,3,344.9,19 / 20,5246409,2019-09-06 20:47:32:152,-1.0303,0.5397,10.7014,-0.0117,0.1027,9.806,0.0039,0.0227,-0.06,0.06,-39.69,-9.44,191.62,-80.27,-159.84
52.391975,-1.506052,132.53,12.25,3,344.9,19 / 20,5246510,2019-09-06 20:47:32:253,-0.3538,-1.8347,10.043,-0.0112,0.0032,9.8066,0.0528,-0.1449,0.0512,0.19,-39.81,-9.25,191.54,-80.38,-160.07
52.391975,-1.506052,132.53,12.25,3,344.9,19 / 20,5246609,2019-09-06 20:47:32:352,-1.8389,0.08,10.7091,-0.0021,-0.0143,9.8066,0.1046,0.0429,-0.1037,0.81,-39.31,-9.44,187.57,-80.43,-160.77
52.391975,-1.506052,132.53,12.25,3,344.9,19 / 20,5246710,2019-09-06 20:47:32:453,-0.8986,-0.522,9.3984,0.0071,-0.0459,9.8065,-0.0919,0.0041,0.0306,0.81,-40.25,-9.94,187.96,-80.52,-161.23
52.391975,-1.506052,132.53,12.25,3,344.9,19 / 20,5246809,2019-09-06 20:47:32:552,0.022,-0.0808,10.1872,0.001,0.024,9.8066,-0.1031,-0.0633,0.0433,0.81,-40.69,-9.75,188.39,-80.46,-160.34
52.391975,-1.506052,132.53,12.25,3,344.9,19 / 20,5246910,2019-09-06 20:47:32:653,0.7534,-0.5769,9.9673,0.0109,0.004,9.8066,-0.0125,0.0345,0.0024,0.69,-40.81,-10,188.93,-80.44,-159.44
52.391975,-1.506052,132.53,12.25,3,344.9,19 / 20,5247010,2019-09-06 20:47:32:753,0.7033,0.3246,10.112,0.0127,0.0076,9.8066,0.0221,-0.0371,0.0341,-0.19,-40.37,-10.25,192.96,-80.35,-158.56
52.391975,-1.506052,132.53,12.25,3,344.9,19 / 20,5247110,2019-09-06 20:47:32:853,0.582,-0.5086,10.2772,0.0009,0.0127,9.8066,-0.0274,-0.0586,0.0183,-0.12,-40.12,-10.25,193.07,-80.3,-158.34
52.391975,-1.506052,132.53,12.25,3,344.9,19 / 20,5247209,2019-09-06 20:47:32:952,0.9691,-0.6057,9.6266,-0.011,-0.0106,9.8066,-0.007,-0.0683,-0.0366,-0.12,-40.19,-11.06,193.22,-80.44,-159.01
52.391975,-1.506052,132.53,12.25,3,344.9,19 / 20,5247310,2019-09-06 20:47:33:053,0.3103,-0.3749,10.5132,-0.0096,0.0072,9.8066,-0.0665,-0.1188,0.0079,-0.44,-40.62,-10.12,192.18,-80.55,-159.81
52.391975,-1.506052,132.53,12.25,3,344.9,19 / 21,5247410,2019-09-06 20:47:33:153,1.0052,-0.3577,10.4893,-0.0167,0.0134,9.8066,-0.0483,-0.0881,-0.0503,0.25,-39.75,-10.5,191.59,-80.53,-160.95
52.391975,-1.506052,132.53,12.25,3,344.9,19 / 21,5247510,2019-09-06 20:47:33:253,1.3472,-0.6372,10.2084,-0.0072,0.0235,9.8066,0.0544,-0.0564,-0.0199,-0.37,-40.06,-10,190.81,-80.47,-162.2
52.391975,-1.506052,132.53,12.25,3,344.9,19 / 21,5247610,2019-09-06 20:47:33:353,0.636,0.7141,9.8996,-0.0031,0.0001,9.8066,0.1334,-0.1057,0.0096,-0.87,-39.87,-9.94,193.64,-80.28,-163.14
52.391975,-1.506052,132.53,12.25,3,344.9,19 / 21,5247710,2019-09-06 20:47:33:453,0.9071,-0.0126,9.8384,0.0032,-0.0166,9.8066,-0.0914,-0.1074,0.0425,-0.62,-39.06,-8.87,193.65,-80.31,-163.03
52.391975,-1.506052,132.53,12.25,3,344.9,19 / 21,5247809,2019-09-06 20:47:33:552,0.4597,-0.7218,9.3793,0.0049,-0.0035,9.8065,-0.0913,-0.1522,0.0374,-0.87,-39.69,-9.19,193.68,-80.4,-162.8
52.391975,-1.506052,132.53,12.25,3,344.9,19 / 21,5247909,2019-09-06 20:47:33:652,0.5447,-0.9286,9.8984,-0.0075,0.0071,9.8066,0.1432,-0.16,0.0495,-0.75,-39.25,-9.81,194.38,-80.51,-162.37
52.391975,-1.506052,132.53,12.25,3,344.9,19 / 21,5248009,2019-09-06 20:47:33:752,0.37,-1.3205,9.4942,-0.0001,-0.044,9.8065,0.0549,-0.0434,-0.0458,-0.94,-38.94,-9.44,194.54,-80.79,-162.01
52.391975,-1.506052,132.53,12.25,3,344.9,19 / 21,5248110,2019-09-06 20:47:33:853,1.0139,0.668,9.7216,-0.0074,-0.0191,9.8066,-0.0195,-0.0191,-0.0601,-0.37,-39,-9.44,190.09,-80.75,-163.02
52.391975,-1.506052,132.53,12.25,3,344.9,19 / 21,5248210,2019-09-06 20:47:33:953,0.2962,-0.2801,10.2064,-0.0187,0.0087,9.8066,-0.002,-0.0744,-0.0172,-0.44,-39.31,-10.19,189.55,-80.63,-164.53
52.391975,-1.506052,132.53,12.25,3,344.9,19 / 21,5248310,2019-09-06 20:47:34:053,-0.7013,-0.3004,10.1142,-0.0189,0.0039,9.8066,-0.055,-0.0654,-0.0061,-0.44,-39.06,-10.31,188.81,-80.67,-165.75
52.391975,-1.506052,132.53,12.25,3,344.9,19 / 20,5248409,2019-09-06 20:47:34:152,-0.1689,-1.0245,9.7741,-0.0117,0.0228,9.8066,-0.0583,0.0223,-0.0529,-0.5,-39.25,-10.87,188.63,-80.69,-166.54
52.391975,-1.506052,132.53,12.25,3,344.9,19 / 20,5248510,2019-09-06 20:47:34:253,-0.443,0.5962,9.5773,0.0014,-0.0033,9.8066,-0.0299,0.0467,-0.0171,-1.06,-39.19,-10.25,190.91,-80.5,-167.99
52.391975,-1.506052,132.53,12.25,3,344.9,19 / 20,5248609,2019-09-06 20:47:34:352,0.0193,0.2058,9.7365,-0.0066,-0.0011,9.8066,-0.0764,-0.0368,0.0041,-1.25,-39.69,-10.31,190.64,-80.55,-168.27
52.391975,-1.506052,132.53,12.25,3,344.9,19 / 20,5248710,2019-09-06 20:47:34:453,-0.5895,-0.2711,9.7271,-0.0106,0.0039,9.8066,0.0262,-0.0052,-0.0167,-1.5,-39.37,-10.56,190.56,-80.65,-168.73
52.391975,-1.506052,132.53,12.25,3,344.9,19 / 20,5248810,2019-09-06 20:47:34:553,-0.6925,-0.3295,9.8577,-0.0092,-0.0199,9.8066,-0.0064,0.0285,-0.0469,-1.37,-40,-10.19,189.69,-81.01,-170.12
52.391975,-1.506052,132.53,12.25,3,344.9,19 / 20,5248910,2019-09-06 20:47:34:653,-1.0191,-0.935,9.6854,-0.0156,-0.0089,9.8066,0.0775,-0.0216,-0.0346,-0.37,-40,-10,185.56,-81.1,-171.07
52.391975,-1.506052,132.53,12.25,3,344.9,19 / 20,5249009,2019-09-06 20:47:34:752,-0.3279,0.0514,10.5507,-0.0123,0.0065,9.8066,0.0903,0.0286,-0.01,-0.94,-39.87,-10.31,188.5,-81.13,-172.11
52.391975,-1.506052,132.53,12.25,3,344.9,19 / 20,5249109,2019-09-06 20:47:34:852,-1.3765,-0.1652,10.2744,-0.0021,0.0125,9.8065,0.0151,0.1247,-0.0394,0.06,-39.44,-10.19,184.33,-80.98,-173.08
52.391975,-1.506052,132.53,12.25,3,344.9,19 / 20,5249210,2019-09-06 20:47:34:953,-1.2439,0.7763,8.9817,-0.0061,0.0275,9.8066,-0.0071,0.0515,-0.0361,0.44,-40.19,-10,183.83,-80.75,-173.77
52.391975,-1.506052,132.53,12.25,3,344.9,19 / 20,5249310,2019-09-06 20:47:35:053,-1.5805,-0.4731,9.4049,-0.0059,0.0291,9.8065,0.0159,0.0008,0.0104,0,-40.31,-10.06,183.66,-80.71,-174.02
52.391975,-1.506052,132.53,12.25,3,344.9,19 / 20,5249409,2019-09-06 20:47:35:152,-0.3644,-0.1343,9.4654,-0.0038,-0.0622,9.8064,0.0229,0.0494,-0.0258,0.13,-39.56,-9.94,183.6,-80.88,-174.17
52.391975,-1.506052,132.53,12.25,3,344.9,19 / 20,5249510,2019-09-06 20:47:35:253,-1.5716,-0.0043,10.2272,-0.0113,-0.0421,9.8065,-0.0407,0.0854,-0.069,0.25,-39.62,-10.06,183.04,-81.35,-175.17
52.391975,-1.506052,132.53,12.25,3,344.9,19 / 20,5249610,2019-09-06 20:47:35:353,-1.2611,-0.1245,9.5308,-0.0065,0.009,9.8066,0.0577,0.0707,0.0288,0.38,-40,-10.87,182.4,-81.31,-176.3
52.391975,-1.506052,132.53,12.25,3,344.9,19 / 20,5249710,2019-09-06 20:47:35:453,-0.5964,0.6653,10.5107,0.0102,0.0176,9.8065,-0.1,0.1488,-0.0318,0.81,-39.87,-10.56,179.51,-81.2,-175.57
52.391975,-1.506052,132.53,12.25,3,344.9,19 / 20,5249810,2019-09-06 20:47:35:553,-1.1684,0.8224,9.8434,0.0052,0.0091,9.8066,-0.0265,0.1017,-0.0159,0.56,-39.31,-10.25,179.2,-81.16,-175.55
52.391975,-1.506052,132.53,12.25,3,344.9,19 / 20,5249909,2019-09-06 20:47:35:652,-0.17,-1.1732,8.8876,-0.004,-0.0067,9.8065,0.0719,0.1461,-0.0471,0.75,-38.94,-11.37,179.6,-81.25,-175.42
52.391975,-1.506052,132.53,12.25,3,344.9,19 / 20,5250009,2019-09-06 20:47:35:752,-1.2673,-0.389,9.1386,0.0091,-0.0835,9.8063,0.0694,0.0629,-0.0306,0.25,-39.06,-11.5,182.57,-81.3,-176.07
52.391975,-1.506052,132.53,12.25,3,344.9,19 / 20,5250110,2019-09-06 20:47:35:853,-0.221,-1.6918,9.8232,-0.0096,-0.0721,9.8063,0.0739,0.1625,-0.0806,-0.37,-38.25,-11.19,182.64,-81.96,-176.1
52.391975,-1.506052,132.53,12.25,3,344.9,19 / 20,5250210,2019-09-06 20:47:35:953,-2.2535,0.3507,9.887,0.0106,-0.0302,9.8065,0.1415,0.0727,-0.0806,0.13,-38.06,-10.37,182.14,-81.96,-176.75
52.391975,-1.506052,132.53,12.25,3,344.9,19 / 20,5250310,2019-09-06 20:47:36:053,-1.8702,0.2868,10.3024,-0.0022,0.0465,9.8064,-0.0619,0.0333,0.1041,0.31,-38.56,-9.31,181.84,-81.93,-177.05
52.391975,-1.506052,132.53,12.25,3,344.9,20 / 21,5250409,2019-09-06 20:47:36:152,0.2616,-1.3521,10.144,0.0151,0.0379,9.8065,-0.0934,0.1321,-0.0602,1.81,-38.06,-9.62,174.79,-81.9,-176.58
52.391975,-1.506052,132.53,12.25,3,344.9,20 / 21,5250510,2019-09-06 20:47:36:253,-0.9963,0.1966,9.5438,0.0055,-0.0136,9.8066,-0.0409,0.0824,0.0359,2.06,-39.56,-10.75,176.12,-81.9,-175.5
52.391975,-1.506052,132.53,12.25,3,344.9,20 / 21,5250610,2019-09-06 20:47:36:353,-1.5007,-0.3342,10.0905,0.004,0.013,9.8066,-0.0633,0.1243,-0.0284,1.88,-39.06,-10.94,176.55,-81.89,-174.81
52.391975,-1.506052,132.53,12.25,3,344.9,20 / 21,5250710,2019-09-06 20:47:36:453,-0.801,0.0791,9.6532,-0.0053,0.002,9.8066,0.0465,0.0597,-0.0269,2.44,-39.37,-10.44,175.87,-81.96,-174.99
52.391975,-1.506052,132.53,12.25,3,344.9,20 / 21,5250809,2019-09-06 20:47:36:552,-1.6249,0.6,10.181,-0.0044,0.0158,9.8065,-0.0819,0.1032,-0.0123,2.31,-39.87,-10.69,176.46,-81.87,-174.99
52.391975,-1.506052,132.53,12.25,3,344.9,20 / 21,5250910,2019-09-06 20:47:36:653,-0.702,1.0587,9.8337,0.0037,0.0107,9.8066,-0.0678,0.0971,-0.0357,2.13,-39.69,-10.5,175.87,-81.99,-175.03
52.391975,-1.506052,132.53,12.25,3,344.9,20 / 21,5251009,2019-09-06 20:47:36:752,-0.7508,0.2738,9.3429,0.0003,0.0112,9.8066,-0.0654,0.013,0.0453,2.31,-39.44,-10.06,175.99,-82.03,-174.78
52.391975,-1.506052,132.53,12.25,3,344.9,20 / 21,5251110,2019-09-06 20:47:36:853,0.175,0.6622,10.001,0.0088,-0.0105,9.8066,0.0239,0.1104,0.0193,1.88,-39.81,-10.25,176.7,-82.01,-173.76
52.391975,-1.506052,132.53,12.25,3,344.9,20 / 21,5251209,2019-09-06 20:47:36:952,-0.6692,-0.1947,9.5947,0.0096,0.005,9.8066,-0.0238,-0.0101,0.0562,1.81,-39.31,-10,177.22,-82.11,-172.91
52.391975,-1.506052,132.53,12.25,3,344.9,20 / 21,5251309,2019-09-06 20:47:37:052,-0.3861,0.4129,10.1432,0.0087,-0.0028,9.8066,-0.0112,0.0175,0.0358,1.81,-40,-10.06,178.03,-82.12,-171.71
52.391975,-1.506052,132.53,12.25,3,344.9,19 / 20,5251410,2019-09-06 20:47:37:153,0.0433,-0.2992,9.9971,0.0068,0.0171,9.8066,0.0218,0.0346,-0.0076,1.44,-40.12,-9.87,181.7,-82.09,-171.67
52.391975,-1.506052,132.53,12.25,3,344.9,19 / 20,5251510,2019-09-06 20:47:37:253,-0.4065,0.0134,10.3356,-0.0128,0.0195,9.8066,0.0786,-0.0032,-0.0105,2.13,-39.31,-10.12,177.79,-81.95,-172.06
52.391975,-1.506052,132.53,12.25,3,344.9,19 / 20,5251609,2019-09-06 20:47:37:352,-0.0422,0.0571,9.7163,-0.0077,0.0113,9.8066,-0.0133,0.0536,-0.0233,1.88,-39.94,-10.12,177.38,-81.85,-172.74
52.391975,-1.506052,132.53,12.25,3,344.9,19 / 20,5251709,2019-09-06 20:47:37:452,-0.4483,0.6762,10.3978,-0.0112,0.0044,9.8066,-0.0304,0.0214,-0.0271,2.5,-39.44,-9.5,172.2,-81.81,-173.85
52.391975,-1.506052,132.53,12.25,3,344.9,19 / 20,5251810,2019-09-06 20:47:37:553,-0.6168,-0.4401,8.7593,-0.0076,-0.0253,9.8066,0.0131,0.0605,-0.023,2.69,-39.81,-9.44,171.61,-82.12,-174.71
52.391975,-1.506052,132.53,12.25,3,344.9,19 / 20,5251910,2019-09-06 20:47:37:653,0.3103,-0.5014,10.0843,0.0183,-0.0005,9.8066,0.0211,0.0384,-0.0016,2.75,-39.44,-9.94,172.37,-82.19,-174.72
52.391975,-1.506052,132.53,12.25,3,344.9,19 / 20,5252009,2019-09-06 20:47:37:752,-0.4203,-0.4276,10.1009,0.0183,-0.0181,9.8066,0.181,0.0093,0.0551,1.63,-39.44,-9.69,177.29,-82.31,-172.76
52.391975,-1.506052,132.53,12.25,3,344.9,19 / 20,5252110,2019-09-06 20:47:37:853,0.6485,-0.1223,9.8147,0.0258,-0.0098,9.8066,-0.0057,0.0101,0.0308,2.06,-39.37,-9.56,178.26,-82.02,-171.33
52.391975,-1.506052,132.53,12.25,3,344.9,19 / 20,5252210,2019-09-06 20:47:37:953,0.9032,0.1583,10.0229,0.0119,0.0202,9.8065,-0.0954,-0.0403,0.0468,1.88,-39.31,-9.62,179.26,-81.82,-169.83
52.391975,-1.506052,132.53,12.25,3,344.9,19 / 20,5252310,2019-09-06 20:47:38:053,-0.3397,0.699,9.5966,0.0103,-0.0045,9.8066,0.0357,-0.0259,0.0024,2.38,-39.44,-9.75,180.2,-81.86,-168.39
52.392868,-1.506428,134.43,11.87,2,341.97,20 / 21,5252409,2019-09-06 20:47:38:152,-0.0086,0.4246,9.7605,0.0057,-0.0007,9.8065,-0.1053,-0.0332,-0.008,2.06,-38.87,-10.75,181.35,-82.01,-167.71
52.392868,-1.506428,134.43,11.87,2,341.97,20 / 21,5252510,2019-09-06 20:47:38:253,0.1045,-0.2867,9.6837,-0.0016,0.0073,9.8066,-0.0143,-0.0062,0.0232,1.56,-38.87,-10.44,181.2,-82.24,-166.88
52.392868,-1.506428,134.43,11.87,2,341.97,20 / 21,5252609,2019-09-06 20:47:38:352,0.5457,-0.1445,9.9881,0.0013,0.0106,9.8066,-0.0254,0.0187,0.0084,1.44,-39.37,-11.12,185.57,-82.24,-166.63
52.392868,-1.506428,134.43,11.87,2,341.97,20 / 21,5252710,2019-09-06 20:47:38:453,0.3395,0.3448,9.9923,0.0092,-0.0061,9.8065,0.0585,-0.0222,0.0381,0.63,-39.31,-11.81,186.94,-82.3,-165.35
52.392868,-1.506428,134.43,11.87,2,341.97,20 / 21,5252809,2019-09-06 20:47:38:552,-0.3423,0.6193,9.7987,0.0044,-0.0096,9.8066,-0.0437,-0.004,0.0236,0.5,-39.19,-10.81,186.81,-82.28,-164.83
52.392868,-1.506428,134.43,11.87,2,341.97,20 / 21,5252910,2019-09-06 20:47:38:653,-0.5511,-0.5274,9.7533,0.0091,-0.0124,9.8066,0.0045,-0.0585,0.0354,0.38,-38.56,-10.62,190.8,-82.27,-164.16
52.392868,-1.506428,134.43,11.87,2,341.97,20 / 21,5253009,2019-09-06 20:47:38:752,0.0902,0.4372,10.1699,0.0093,-0.0134,9.8066,-0.0435,-0.0393,0.0166,1,-39.25,-10.12,187.55,-82.25,-162.86
52.392868,-1.506428,134.43,11.87,2,341.97,20 / 21,5253110,2019-09-06 20:47:38:853,-1.0243,0.5353,10.0215,-0.0062,0.0348,9.8065,-0.0068,0.0448,-0.0348,0.75,-39,-10.87,187.66,-82.05,-163.48
52.392868,-1.506428,134.43,11.87,2,341.97,20 / 21,5253210,2019-09-06 20:47:38:953,-0.0316,0.4469,9.9151,-0.0104,0.0375,9.8065,0.0518,-0.0418,0.0208,0.81,-39.12,-10.56,187.34,-81.93,-163.91
52.392868,-1.506428,134.43,11.87,2,341.97,20 / 21,5253310,2019-09-06 20:47:39:053,-0.0459,0.757,9.9379,0.0018,-0.021,9.8065,0.0431,-0.007,-0.0278,0.94,-40.06,-10.19,186.76,-81.98,-163.84
52.392868,-1.506428,134.43,11.87,2,341.97,19 / 20,5253410,2019-09-06 20:47:39:153,0.0342,0.3405,9.9439,-0.0016,-0.026,9.8066,-0.0535,0.0099,0.002,0.31,-39.25,-9.81,190.3,-82.07,-164.27
52.392868,-1.506428,134.43,11.87,2,341.97,19 / 20,5253509,2019-09-06 20:47:39:252,-0.8356,0.3645,10.2213,-0.0071,-0.0024,9.8066,0.0021,-0.066,0.0149,0.88,-39.62,-10.19,186.07,-82.11,-164.97
52.392868,-1.506428,134.43,11.87,2,341.97,19 / 20,5253610,2019-09-06 20:47:39:353,0.2666,0.578,9.8949,0.0018,-0.0092,9.8066,0.0032,0.0509,-0.0116,0.88,-38.87,-10.5,186.17,-82.11,-164.9
52.392868,-1.506428,134.43,11.87,2,341.97,19 / 20,5253709,2019-09-06 20:47:39:452,-0.6081,0.811,9.6393,-0.0001,0.0082,9.8066,0.007,-0.0468,0.0261,0.38,-38.81,-10.12,189.46,-81.99,-165.51
52.392868,-1.506428,134.43,11.87,2,341.97,19 / 20,5253810,2019-09-06 20:47:39:553,-0.0939,-0.4202,9.2193,0.0007,-0.0122,9.8066,0.0508,-0.0826,0.0227,0.75,-39.06,-10.12,186.01,-82.01,-165.09
52.392868,-1.506428,134.43,11.87,2,341.97,19 / 20,5253910,2019-09-06 20:47:39:653,0.3396,0.2994,9.8188,0.0046,-0.0268,9.8065,0.0668,-0.0184,-0.0134,0.88,-39.37,-9.81,185.97,-82.01,-165.15
52.392868,-1.506428,134.43,11.87,2,341.97,19 / 20,5254009,2019-09-06 20:47:39:752,-0.0075,-0.9524,9.9674,-0.0062,-0.0286,9.8066,0.0409,0.0149,-0.007,1.38,-38.81,-9.56,186.14,-82.34,-165.03
52.392868,-1.506428,134.43,11.87,2,341.97,19 / 20,5254110,2019-09-06 20:47:39:853,0.0687,0.1843,10.2661,-0.0039,0.007,9.8066,0.0303,-0.0168,0.0125,2,-38.75,-10.56,183.02,-82.25,-165.29
52.392868,-1.506428,134.43,11.87,2,341.97,19 / 20,5254210,2019-09-06 20:47:39:953,-0.8039,0.605,9.9531,-0.0116,0.0224,9.8065,-0.0094,-0.0101,-0.0131,2.38,-38.31,-10.25,181.76,-82.1,-166.05
52.392868,-1.506428,134.43,11.87,2,341.97,19 / 20,5254309,2019-09-06 20:47:40:052,0.5989,-0.1839,10.2344,-0.0034,0.0248,9.8066,0.0476,-0.0245,0.0183,2,-37.56,-11.12,182.23,-81.89,-166.41
52.392868,-1.506428,134.43,11.87,2,341.97,20 / 21,5254410,2019-09-06 20:47:40:153,0.2136,-0.7818,10.3345,-0.0069,-0.0075,9.8066,0.0167,-0.012,-0.0183,1.94,-37,-11.75,182.75,-81.84,-166.63
52.392868,-1.506428,134.43,11.87,2,341.97,20 / 21,5254509,2019-09-06 20:47:40:252,0.0218,0.4067,9.5569,-0.0108,0.0047,9.8066,0.0747,-0.0362,0.0115,0.31,-37.5,-11.44,188.44,-81.91,-167.65
52.392868,-1.506428,134.43,11.87,2,341.97,20 / 21,5254609,2019-09-06 20:47:40:352,0.0078,0.7481,9.7934,0.0025,-0.0062,9.8066,-0.0688,-0.0213,-0.0054,0.5,-37.44,-11.62,185.47,-81.98,-167.47
52.392868,-1.506428,134.43,11.87,2,341.97,20 / 21,5254709,2019-09-06 20:47:40:452,-0.0832,-0.6288,9.2798,-0.0029,-0.0127,9.8066,-0.0501,-0.0055,-0.0199,-0.37,-37.94,-10.56,188.46,-82.14,-167.64
52.392868,-1.506428,134.43,11.87,2,341.97,20 / 21,5254810,2019-09-06 20:47:40:553,0.2699,-0.8415,10.2232,-0.0039,-0.0076,9.8066,0.0405,-0.0566,0.0182,0.06,-38.5,-10.19,188.11,-82.27,-167.83
52.392868,-1.506428,134.43,11.87,2,341.97,20 / 21,5254910,2019-09-06 20:47:40:653,-0.2232,-0.0841,9.9464,-0.0003,-0.0057,9.8066,0.0664,-0.0007,-0.0221,1,-37.87,-10.12,184.25,-82.32,-167.93
52.392868,-1.506428,134.43,11.87,2,341.97,20 / 21,5255010,2019-09-06 20:47:40:753,0.155,-0.0688,9.9648,0.0007,-0.0011,9.8066,-0.0199,0.0135,0.0146,1.38,-38.56,-10.44,184,-82.24,-168.24
52.392868,-1.506428,134.43,11.87,2,341.97,20 / 21,5255110,2019-09-06 20:47:40:853,0.1928,-0.6627,9.9019,0.0016,0.0035,9.8066,0.0058,-0.0534,0.005,0.81,-39,-10.31,184.02,-82.21,-168.19
52.392868,-1.506428,134.43,11.87,2,341.97,20 / 21,5255209,2019-09-06 20:47:40:952,0.0781,-0.784,9.9133,0.002,-0.0188,9.8065,-0.0274,-0.0195,0.0112,1.06,-38.62,-11.12,184.69,-82.25,-167.92
52.392868,-1.506428,134.43,11.87,2,341.97,20 / 21,5255310,2019-09-06 20:47:41:053,0.0067,-0.2903,9.9014,-0.0007,-0.0022,9.8066,0.0226,-0.0273,-0.0058,0.94,-39.12,-10.62,184.39,-82.44,-168.42
52.392868,-1.506428,134.43,11.87,2,341.97,19 / 20,5255409,2019-09-06 20:47:41:152,0.0632,-0.6073,9.7948,0.0035,0.0047,9.8066,-0.0683,-0.0311,0.0202,0.56,-39.69,-10.5,184.17,-82.47,-167.99
52.392868,-1.506428,134.43,11.87,2,341.97,19 / 20,5255510,2019-09-06 20:47:41:253,0.5217,-1.1204,9.6906,-0.0036,-0.0001,9.8066,-0.0095,-0.0312,0.0162,0.81,-39.31,-11.31,184.51,-82.57,-168.28
52.392868,-1.506428,134.43,11.87,2,341.97,19 / 20,5255609,2019-09-06 20:47:41:352,-0.1716,-0.3209,9.8731,-0.0078,0.0011,9.8066,0.0117,-0.012,-0.0082,1.06,-39.94,-11.12,184,-82.54,-168.96
52.392868,-1.506428,134.43,11.87,2,341.97,19 / 20,5255711,2019-09-06 20:47:41:454,-0.3053,0.1081,9.5662,-0.0075,-0.0047,9.8066,-0.0123,0.0001,-0.0352,0.63,-39.69,-10.31,182.84,-82.58,-170.01
52.392868,-1.506428,134.43,11.87,2,341.97,19 / 20,5255810,2019-09-06 20:47:41:553,-0.2969,-0.4205,9.4612,-0.0123,0.0163,9.8066,0.0064,-0.0256,-0.0031,1.44,-39.62,-11.06,182.61,-82.48,-170.98
52.392868,-1.506428,134.43,11.87,2,341.97,19 / 20,5255909,2019-09-06 20:47:41:652,0.3044,-0.8313,9.1613,0.004,-0.0293,9.8065,0.0012,0.0123,0.026,0.38,-39.5,-10.94,185.9,-82.56,-171.45
52.392868,-1.506428,134.43,11.87,2,341.97,19 / 20,5256009,2019-09-06 20:47:41:752,-0.0092,-0.0565,9.5803,0.0081,-0.0265,9.8066,-0.0295,-0.0054,-0.021,0.56,-39.37,-10.94,182.53,-82.59,-171.14
52.392868,-1.506428,134.43,11.87,2,341.97,19 / 20,5256110,2019-09-06 20:47:41:853,0.2004,-0.4619,9.5068,0.0006,-0.0039,9.8066,-0.0572,-0.0353,0.0569,0.06,-38.81,-11.12,186.25,-82.75,-171
52.392868,-1.506428,134.43,11.87,2,341.97,19 / 20,5256210,2019-09-06 20:47:41:953,0.3233,-1.1192,10.0813,0.0081,-0.0015,9.8066,-0.0318,0.0048,0.0026,0,-38.75,-10.5,186.89,-82.96,-169.88
52.392868,-1.506428,134.43,11.87,2,341.97,19 / 20,5256310,2019-09-06 20:47:42:053,-0.2659,-0.0157,9.5269,0.0089,-0.0158,9.8066,0.0461,-0.0055,0.0387,-0.31,-38.06,-10,187.82,-83.14,-168.69
52.392868,-1.506428,134.43,11.87,2,341.97,19 / 20,5256409,2019-09-06 20:47:42:152,-0.0669,-0.0076,9.9445,0.0165,0.0037,9.8066,-0.0371,0.0014,0.0564,0.81,-38.25,-10.69,185.29,-83.01,-167.34
52.392868,-1.506428,134.43,11.87,2,341.97,19 / 20,5256510,2019-09-06 20:47:42:253,0.0823,-0.6462,10.0873,0.0122,0.0086,9.8065,-0.0287,0.0175,0.0076,0.5,-38.87,-10.69,186.17,-82.88,-165.99
52.392868,-1.506428,134.43,11.87,2,341.97,19 / 20,5256609,2019-09-06 20:47:42:352,-0.2645,-0.7693,10.3315,-0.0047,0.0274,9.8066,0.1087,-0.0593,0.0083,0.69,-38.56,-11.62,186.64,-82.74,-165.94
52.392868,-1.506428,134.43,11.87,2,341.97,19 / 20,5256709,2019-09-06 20:47:42:452,0.3425,0.264,9.8542,0.0013,0.0068,9.8066,0.0805,-0.0005,-0.0073,0,-38.81,-10.81,189.51,-82.66,-166.28
52.392868,-1.506428,134.43,11.87,2,341.97,19 / 20,5256810,2019-09-06 20:47:42:553,0.1923,-0.1013,9.7567,-0.007,-0.0024,9.8066,-0.0219,-0.0143,-0.0115,0,-39.31,-11,189.07,-82.61,-166.89
52.392868,-1.506428,134.43,11.87,2,341.97,19 / 20,5256910,2019-09-06 20:47:42:653,-0.0179,-0.5251,9.1414,-0.0025,-0.0234,9.8066,-0.017,0.0002,-0.0058,0.44,-39.12,-10.81,189.08,-82.84,-166.99
52.392868,-1.506428,134.43,11.87,2,341.97,19 / 20,5257009,2019-09-06 20:47:42:752,0.568,-0.5372,9.1451,-0.0019,-0.0162,9.8066,-0.0496,-0.0039,0.0169,0.56,-39.69,-10.87,185.46,-83.03,-166.99
52.392868,-1.506428,134.43,11.87,2,341.97,19 / 20,5257110,2019-09-06 20:47:42:853,-0.8336,-0.4926,9.2661,0.0124,-0.0431,9.8065,0.0037,0.0147,-0.0187,0.81,-39.5,-11.62,186.87,-83.46,-165.88
52.392868,-1.506428,134.43,11.87,2,341.97,19 / 20,5257209,2019-09-06 20:47:42:952,0.2782,-0.8893,10.5215,0.0113,-0.0163,9.8066,-0.0228,-0.0484,0.0016,1,-39.5,-11.94,187.58,-83.51,-164.93
52.392868,-1.506428,134.43,11.87,2,341.97,19 / 20,5257309,2019-09-06 20:47:43:052,0.0366,0.3874,10.9504,-0.0026,0.028,9.8065,0.0394,-0.0073,0.004,0,-39.81,-11.81,191.14,-83.44,-164.71
52.392868,-1.506428,134.43,11.87,2,341.97,19 / 20,5257409,2019-09-06 20:47:43:152,-0.1475,0.9547,9.9161,-0.0018,0.013,9.8066,0.0814,-0.0098,0.0102,0.25,-38.5,-10.87,190.27,-83.08,-165.55
52.392868,-1.506428,134.43,11.87,2,341.97,19 / 20,5257509,2019-09-06 20:47:43:252,-0.2452,0.2223,9.4203,0.0056,0.0074,9.8066,-0.0603,0.0042,0.0259,0.31,-39.5,-11.31,189.84,-82.82,-165.89
52.392868,-1.506428,134.43,11.87,2,341.97,19 / 20,5257610,2019-09-06 20:47:43:353,0.004,-0.6837,9.9843,0.0099,0.0028,9.8066,0.0117,0.0243,-0.0369,0.38,-39.44,-10.87,190.59,-82.87,-164.85
52.392868,-1.506428,134.43,11.87,2,341.97,19 / 20,5257709,2019-09-06 20:47:43:452,0.2513,-0.1322,8.9066,-0.0003,-0.0318,9.8065,-0.0086,-0.0392,0.0663,0.25,-38.75,-11.25,191.55,-83.21,-163.71
52.392868,-1.506428,134.43,11.87,2,341.97,19 / 20,5257809,2019-09-06 20:47:43:552,0.3572,-0.5198,10.1298,0.0133,0.0027,9.8066,-0.0226,-0.0114,0.0078,0.13,-39.5,-11.87,192.71,-83.2,-162.52
52.392868,-1.506428,134.43,11.87,2,341.97,19 / 20,5257909,2019-09-06 20:47:43:652,-0.3105,-0.9126,9.9294,0.0022,0.0058,9.8066,0.0078,0.012,-0.0015,0.06,-39.25,-10.94,193.32,-83.28,-161.28
52.392868,-1.506428,134.43,11.87,2,341.97,19 / 20,5258009,2019-09-06 20:47:43:752,0.2988,-0.6537,10.5962,0.0032,0.0363,9.8065,0.008,0.028,0.0226,0.06,-39.81,-11.19,192.91,-82.95,-161.46
52.392868,-1.506428,134.43,11.87,2,341.97,19 / 20,5258110,2019-09-06 20:47:43:853,0.1255,-0.2577,10.6057,-0.0064,0.061,9.8064,-0.0303,0.0132,-0.0165,-0.5,-39.62,-11.19,191.95,-82.46,-162.47
52.392868,-1.506428,134.43,11.87,2,341.97,19 / 20,5258210,2019-09-06 20:47:43:953,-0.015,-0.1166,9.6057,-0.0069,0.064,9.8064,0.0466,-0.0205,0.0043,0.19,-39.81,-11,191.4,-82.21,-163.11
52.392868,-1.506428,134.43,11.87,2,341.97,19 / 20,5258310,2019-09-06 20:47:44:053,0.8569,0.0101,10.3,0.0099,-0.0206,9.8066,0.0739,-0.0235,0.0398,0,-40.12,-11.31,192.37,-82.38,-161.8
52.392868,-1.506428,134.43,11.87,2,341.97,19 / 20,5258410,2019-09-06 20:47:44:153,0.4845,-0.0321,9.7765,0.0089,0.0011,9.8065,-0.164,-0.0774,0.0153,-0.37,-39.69,-10.56,193.03,-82.48,-160.92
52.392868,-1.506428,134.43,11.87,2,341.97,19 / 20,5258509,2019-09-06 20:47:44:252,-0.2334,-0.0239,9.6692,0.0072,0.0346,9.8065,-0.0938,0.022,0.0245,-0.75,-39.75,-11,197.98,-82.74,-159.22
52.392868,-1.506428,134.43,11.87,2,341.97,19 / 20,5258610,2019-09-06 20:47:44:353,0.9463,-1.2686,9.7927,0.0063,0.0089,9.8066,-0.0234,-0.032,-0.009,-0.94,-40.12,-10.87,198.38,-82.67,-158.56
52.392868,-1.506428,134.43,11.87,2,341.97,19 / 20,5258709,2019-09-06 20:47:44:452,0.4234,-0.2104,10.0323,-0.0036,0.012,9.8066,0.0967,-0.1007,0.0379,-1.06,-40.19,-10.87,198.45,-82.57,-158.36
52.392868,-1.506428,134.43,11.87,2,341.97,19 / 20,5258810,2019-09-06 20:47:44:553,0.9225,-0.6055,10.272,-0.0051,0.0244,9.8066,0.0032,-0.0694,-0.0017,-0.62,-40.12,-11.25,197.85,-82.34,-158.98
52.392868,-1.506428,134.43,11.87,2,341.97,19 / 20,5258910,2019-09-06 20:47:44:653,-0.0452,0.9469,10.1819,0.0021,0.0003,9.8066,0.1017,-0.0112,-0.0165,-1.12,-39.94,-10.5,196.74,-82.1,-160.05
52.392868,-1.506428,134.43,11.87,2,341.97,19 / 20,5259010,2019-09-06 20:47:44:753,0.3497,0.2728,10.3093,-0.0104,-0.0069,9.8066,0.0436,-0.062,-0.0279,-0.87,-39.31,-10.75,196.36,-82.01,-161.03
52.392868,-1.506428,134.43,11.87,2,341.97,19 / 20,5259109,2019-09-06 20:47:44:852,0.7138,-1.4766,10.3292,-0.0193,0.0082,9.8066,0.0376,-0.0406,-0.0378,-1.31,-40.31,-10.56,195.54,-82.01,-162.05
52.392868,-1.506428,134.43,11.87,2,341.97,19 / 20,5259209,2019-09-06 20:47:44:952,0.7875,-0.1873,9.4909,-0.0187,0.0014,9.8065,-0.0059,0.0032,-0.0409,-0.94,-39.56,-10.87,193.8,-82.04,-164.65
52.392868,-1.506428,134.43,11.87,2,341.97,19 / 20,5259310,2019-09-06 20:47:45:053,1.1448,-0.526,9.3419,-0.018,-0.0042,9.8066,-0.085,-0.0683,-0.0198,-0.87,-40,-11.25,192.42,-82.08,-166.73
52.392868,-1.506428,134.43,11.87,2,341.97,19 / 20,5259409,2019-09-06 20:47:45:152,0.2263,-1.2732,9.7883,-0.0228,-0.0054,9.8066,0.0071,-0.0415,-0.094,-1.12,-39.87,-10.5,191.32,-82.29,-168.48
52.392868,-1.506428,134.43,11.87,2,341.97,19 / 20,5259510,2019-09-06 20:47:45:253,0.3977,-0.9287,9.6189,-0.026,-0.0157,9.8065,0.0472,-0.0359,-0.0337,-0.37,-39.75,-10.56,185.39,-82.59,-172.13
52.392868,-1.506428,134.43,11.87,2,341.97,19 / 20,5259609,2019-09-06 20:47:45:352,-0.2934,-0.5328,10.0837,-0.0121,-0.0098,9.8066,-0.0837,-0.0251,0.0186,-0.44,-40.37,-10.69,184.62,-82.64,-173.27
52.392868,-1.506428,134.43,11.87,2,341.97,19 / 20,5259709,2019-09-06 20:47:45:452,0.4979,-0.5475,9.9741,0.0064,0.0113,9.8065,-0.0232,-0.0495,0.0373,0,-39.25,-11.12,184.54,-82.74,-173.46
52.392868,-1.506428,134.43,11.87,2,341.97,19 / 20,5259810,2019-09-06 20:47:45:553,1.0383,-0.8714,9.2724,0.0052,0.0163,9.8065,-0.0841,-0.0796,0.0247,-0.56,-39.81,-10.56,188.83,-82.69,-172.38
52.392868,-1.506428,134.43,11.87,2,341.97,19 / 20,5259909,2019-09-06 20:47:45:652,0.1812,-0.8502,8.9973,-0.0004,0.002,9.8066,-0.1009,-0.0308,-0.0155,-0.44,-40,-10.56,185.21,-82.85,-172.48
52.392868,-1.506428,134.43,11.87,2,341.97,19 / 20,5260010,2019-09-06 20:47:45:753,0.9579,-1.1643,9.3744,-0.0085,0.01,9.8066,0.1076,-0.0272,-0.0205,-0.25,-40.37,-10.75,184.93,-82.94,-172.91
52.392868,-1.506428,134.43,11.87,2,341.97,19 / 20,5260110,2019-09-06 20:47:45:853,0.7598,-0.4185,10.5787,-0.0026,-0.037,9.8065,0.1741,-0.0708,0.0098,-0.81,-39.75,-11,188.92,-83.32,-172.59
52.392868,-1.506428,134.43,11.87,2,341.97,19 / 20,5260210,2019-09-06 20:47:45:953,-0.3062,-0.6333,10.6354,-0.0048,-0.0446,9.8064,-0.0801,-0.0871,0.0369,-0.69,-39.56,-11.19,188.73,-83.35,-172.88
52.392868,-1.506428,134.43,11.87,2,341.97,19 / 20,5260310,2019-09-06 20:47:46:053,-0.3109,-0.3555,10.2042,0.0099,0.0414,9.8065,0.0154,0.0031,-0.0031,-1.31,-40.5,-11,188.33,-83.35,-173.44
52.392868,-1.506428,134.43,11.87,2,341.97,18 / 19,5260410,2019-09-06 20:47:46:153,0.8325,0.1281,9.4599,0.0197,0.0397,9.8065,-0.1714,-0.0393,0.031,-1,-39.31,-11.06,189.37,-82.94,-171.84
52.392868,-1.506428,134.43,11.87,2,341.97,18 / 19,5260510,2019-09-06 20:47:46:253,-0.3842,-0.0292,8.853,0.0133,0.0078,9.8066,-0.2146,-0.0585,0.0965,-1.44,-39.44,-11.12,191.17,-82.87,-169.24
52.392868,-1.506428,134.43,11.87,2,341.97,18 / 19,5260609,2019-09-06 20:47:46:352,0.9064,-1.626,8.2957,0.0134,0.0421,9.8065,0.1184,-0.0137,0.0055,-1.31,-38.94,-11.56,192.54,-82.89,-167.32
52.392868,-1.506428,134.43,11.87,2,341.97,18 / 19,5260710,2019-09-06 20:47:46:453,3.7021,-2.0063,8.4242,0.0069,-0.0748,9.8063,-0.3413,-0.12,-0.0154,-1.12,-39.31,-12.37,195.53,-83.6,-163.77
52.392868,-1.506428,134.43,11.87,2,341.97,18 / 19,5260810,2019-09-06 20:47:46:553,-0.1878,-4.6432,9.5409,0.0071,0.0734,9.8064,0.69,-0.0467,0.0699,-1.56,-39.5,-12.44,198.02,-83.5,-165.1
52.392868,-1.506428,134.43,11.87,2,341.97,18 / 19,5260910,2019-09-06 20:47:46:653,0.9555,2.2973,12.2875,0.0097,-0.129,9.8058,0.6433,-0.0559,0.0391,-1.62,-39.62,-11.75,197.85,-83.15,-164.82
52.392868,-1.506428,134.43,11.87,2,341.97,18 / 19,5261010,2019-09-06 20:47:46:753,-0.5607,-0.899,10.2328,-0.0031,-0.1758,9.805,0.04,-0.1212,-0.009,-2.12,-39.62,-11.06,199.86,-83.62,-162.79
52.392868,-1.506428,134.43,11.87,2,341.97,18 / 19,5261110,2019-09-06 20:47:46:853,1.2275,0.295,10.424,-0.005,0.0167,9.8066,0.1738,-0.0511,0.0499,-1.56,-39.37,-10.69,197.61,-82.97,-165.4
52.392868,-1.506428,134.43,11.87,2,341.97,18 / 19,5261210,2019-09-06 20:47:46:953,0.4203,-0.7662,9.8295,0.0098,-0.0336,9.8066,-0.2222,0.0032,-0.0123,-2.19,-39.75,-10.81,197.98,-83.11,-164.83
52.392868,-1.506428,134.43,11.87,2,341.97,18 / 19,5261310,2019-09-06 20:47:47:053,-0.1873,-0.7877,10.0165,0.008,0.0549,9.8064,-0.0964,0.0103,0.021,-1.56,-39.81,-10.87,197.7,-82.8,-164.89
52.393764,-1.506817,135.91,9.68,2,351.62,20 / 21,5261409,2019-09-06 20:47:47:152,-0.6495,-0.7038,10.1109,-0.0084,0.0264,9.8066,0.1058,-0.0822,-0.0349,-1.75,-39.62,-10.81,198.51,-83.04,-164
52.393764,-1.506817,135.91,9.68,2,351.62,20 / 21,5261509,2019-09-06 20:47:47:252,-0.9854,-0.5231,9.6492,-0.0007,0.0218,9.8066,0.0357,-0.0969,0.0311,-1.62,-39.62,-11.06,197.11,-82.9,-165.83
52.393764,-1.506817,135.91,9.68,2,351.62,20 / 21,5261609,2019-09-06 20:47:47:352,-0.1534,0.0314,10.4154,-0.0025,-0.013,9.8066,0.0474,-0.0087,-0.0153,-2.56,-39.81,-10.31,201.1,-82.94,-165.98
52.393764,-1.506817,135.91,9.68,2,351.62,20 / 21,5261709,2019-09-06 20:47:47:452,-0.0399,-1.5632,9.8995,0.0032,0.0164,9.8066,0.0764,-0.0282,0.0042,-2.06,-39.69,-10.37,196.92,-82.82,-166.31
52.393764,-1.506817,135.91,9.68,2,351.62,20 / 21,5261809,2019-09-06 20:47:47:552,0.0523,-1.3861,10.2635,0.0074,0.011,9.8066,0.0471,-0.0087,0.0377,-2.37,-39.75,-10.81,196.54,-82.65,-166.41
52.393764,-1.506817,135.91,9.68,2,351.62,20 / 21,5261910,2019-09-06 20:47:47:653,0.108,-0.9666,9.7057,0.0015,0.0208,9.8066,0.0686,-0.0011,-0.004,-2.5,-39.87,-10.81,196.41,-82.37,-166.31
52.393764,-1.506817,135.91,9.68,2,351.62,20 / 21,5262011,2019-09-06 20:47:47:754,-0.9914,-1.7225,10.0781,0.0108,-0.0007,9.8066,-0.0165,0.0082,-0.0018,-2.94,-40,-10.25,200.6,-82.21,-165.73
52.393764,-1.506817,135.91,9.68,2,351.62,20 / 21,5262110,2019-09-06 20:47:47:853,1.2272,-1.1496,9.8993,0.004,0.0041,9.8066,0.0171,0.0439,-0.0575,-2,-39.44,-9.87,197.03,-82.05,-165.51
52.393764,-1.506817,135.91,9.68,2,351.62,20 / 21,5262210,2019-09-06 20:47:47:953,-0.2818,-0.3744,9.4371,-0.0031,-0.0165,9.8066,0.0475,-0.0116,0.0088,-2.19,-39.87,-11.12,196.39,-82.05,-166.03
52.393764,-1.506817,135.91,9.68,2,351.62,20 / 21,5262310,2019-09-06 20:47:48:053,0.8742,-0.9357,9.7792,0.0025,-0.0022,9.8066,0.0157,-0.0141,-0.0337,-2.31,-39.62,-10.31,196.84,-81.99,-165.5
52.393764,-1.506817,135.91,9.68,2,351.62,19 / 20,5262409,2019-09-06 20:47:48:152,-0.5568,-1.2374,9.8127,-0.0084,-0.0367,9.8065,0.1302,-0.0252,0.0006,-3.25,-40.25,-10.06,200.45,-82.04,-165.73
52.393764,-1.506817,135.91,9.68,2,351.62,19 / 20,5262510,2019-09-06 20:47:48:253,0.2219,-1.6729,9.895,-0.0049,-0.0287,9.8065,-0.0837,-0.0602,0.0312,-2.75,-39.56,-10.87,200.56,-82.34,-165.4
52.393764,-1.506817,135.91,9.68,2,351.62,19 / 20,5262610,2019-09-06 20:47:48:353,-0.4296,-0.1698,9.9258,0.002,0.0063,9.8066,0.0846,-0.0035,-0.038,-2.75,-39.56,-10.81,200.66,-82.35,-165.27
52.393764,-1.506817,135.91,9.68,2,351.62,19 / 20,5262709,2019-09-06 20:47:48:452,0.7684,-0.7497,9.7983,-0.0021,-0.0008,9.8066,-0.012,-0.0317,-0.0099,-1.87,-40.06,-10.06,197.09,-82.31,-165.5
52.393764,-1.506817,135.91,9.68,2,351.62,19 / 20,5262810,2019-09-06 20:47:48:553,-0.2111,-0.889,9.9073,-0.0193,-0.0065,9.8065,-0.0061,-0.0276,-0.0345,-2.12,-40,-10.62,196.37,-82.42,-166.42
52.393764,-1.506817,135.91,9.68,2,351.62,19 / 20,5262910,2019-09-06 20:47:48:653,-0.2499,-0.4453,9.8412,0.0052,0.0068,9.8066,-0.1085,0.0146,0.0089,-2.06,-40.19,-11,196.13,-82.6,-166.94
52.393764,-1.506817,135.91,9.68,2,351.62,19 / 20,5263010,2019-09-06 20:47:48:753,-0.1909,-0.6678,9.9172,0.0023,0.0539,9.8065,-0.2322,-0.0587,0.0151,-2.56,-40,-10.69,200.75,-82.84,-165.74
52.393764,-1.506817,135.91,9.68,2,351.62,19 / 20,5263110,2019-09-06 20:47:48:853,0.4686,-1.3329,10.2039,-0.0035,0.0483,9.8065,0.123,-0.0218,-0.0243,-1.87,-39.5,-11.25,196.42,-82.67,-166.78
52.393764,-1.506817,135.91,9.68,2,351.62,19 / 20,5263209,2019-09-06 20:47:48:952,-0.3571,-0.5113,9.6501,-0.0193,-0.0175,9.8066,0.1085,0.0058,-0.0321,-2.75,-39.62,-10.56,198.81,-82.84,-168.47
52.393764,-1.506817,135.91,9.68,2,351.62,19 / 20,5263310,2019-09-06 20:47:49:053,-0.7122,-0.0613,9.7954,-0.0076,0.0061,9.8066,-0.0603,-0.0775,-0.006,-2.5,-40.06,-10.94,194.32,-82.71,-169.65
52.393764,-1.506817,135.91,9.68,2,351.62,19 / 20,5263409,2019-09-06 20:47:49:152,0.3264,-0.8673,9.7061,-0.0069,0.0116,9.8066,-0.107,-0.0358,-0.0106,-1.5,-39.75,-10.56,190.13,-82.75,-170.53
52.393764,-1.506817,135.91,9.68,2,351.62,19 / 20,5263510,2019-09-06 20:47:49:253,0.097,-0.6805,10.2407,-0.0182,-0.0145,9.8066,0.0535,-0.0103,0.0025,-1.94,-39.81,-10.62,192.98,-82.81,-171.65
52.393764,-1.506817,135.91,9.68,2,351.62,19 / 20,5263609,2019-09-06 20:47:49:352,-0.4726,0.0035,10.0209,0.002,-0.0127,9.8066,0.0816,0.0331,-0.0316,-0.94,-39.37,-11.12,188.99,-83.08,-172.46
52.393764,-1.506817,135.91,9.68,2,351.62,19 / 20,5263710,2019-09-06 20:47:49:453,-0.1457,-1.2017,9.7752,-0.0046,-0.0136,9.8066,-0.0495,0.0652,0.0122,-1.81,-39.81,-11.19,192.43,-83.16,-172.7
52.393764,-1.506817,135.91,9.68,2,351.62,19 / 20,5263810,2019-09-06 20:47:49:553,-0.0502,-0.8883,9.9715,0.0129,0.0094,9.8066,0.0206,0.0375,0.0317,-1.44,-39.94,-10.31,189.01,-83.3,-172.59
52.393764,-1.506817,135.91,9.68,2,351.62,19 / 20,5263910,2019-09-06 20:47:49:653,0.3205,-1.5538,10.3676,0.0009,0.0064,9.8066,0.0482,0.0038,-0.0018,-1.75,-40,-10.75,193.62,-83.27,-171.1
52.393764,-1.506817,135.91,9.68,2,351.62,19 / 20,5264010,2019-09-06 20:47:49:753,-0.4416,-0.7211,9.8206,0.001,-0.0041,9.8066,0.0873,0.029,0.0336,-2,-39.81,-11.37,193.46,-83.21,-171.28
52.393764,-1.506817,135.91,9.68,2,351.62,19 / 20,5264110,2019-09-06 20:47:49:853,0.1111,-0.5251,9.2943,0.0109,-0.0034,9.8066,0.0636,0.0247,-0.0261,-1.81,-39.94,-10.31,194.33,-83.14,-170.42
52.393764,-1.506817,135.91,9.68,2,351.62,19 / 20,5264210,2019-09-06 20:47:49:953,-0.0191,-0.7567,9.6025,-0.0071,-0.0354,9.8066,0.0499,0.0354,0.0148,-2.31,-40.44,-11.12,194.3,-83.11,-170.01
52.393764,-1.506817,135.91,9.68,2,351.62,19 / 20,5264309,2019-09-06 20:47:50:052,-0.4146,-1.3499,9.3979,-0.0004,-0.0125,9.8066,0.0305,0.0408,-0.0141,-1.87,-39.87,-10.75,194.11,-83.1,-170.27
52.393764,-1.506817,135.91,9.68,2,351.62,19 / 20,5264409,2019-09-06 20:47:50:152,-0.39,-0.503,10.4413,-0.0001,-0.009,9.8066,0.0257,-0.0162,-0.0015,-1.87,-39.75,-10.94,194.55,-83.24,-169.78
52.393764,-1.506817,135.91,9.68,2,351.62,19 / 20,5264510,2019-09-06 20:47:50:253,-0.1702,-2.1038,9.9793,-0.0043,0.0026,9.8066,-0.091,0.0864,-0.0102,-2.12,-39.87,-10.94,194.52,-83.36,-169.93
52.393764,-1.506817,135.91,9.68,2,351.62,19 / 20,5264609,2019-09-06 20:47:50:352,-0.6305,-1.6698,9.3598,0.0049,-0.0085,9.8066,-0.0409,-0.0018,-0.0246,-1.81,-39.75,-11.75,194.61,-83.51,-169.56
52.393764,-1.506817,135.91,9.68,2,351.62,19 / 20,5264709,2019-09-06 20:47:50:452,-0.8369,-0.748,9.8311,-0.0101,0,9.8066,-0.0164,-0.0256,0.0242,-1.62,-39.75,-11.31,194.46,-83.51,-170.14
52.393764,-1.506817,135.91,9.68,2,351.62,19 / 20,5264810,2019-09-06 20:47:50:553,-0.9163,-2.6082,9.7438,0.0009,-0.0049,9.8066,-0.0689,0.0761,-0.0083,-2.31,-40.56,-11.56,194.1,-83.56,-170.16
52.393764,-1.506817,135.91,9.68,2,351.62,19 / 20,5264910,2019-09-06 20:47:50:653,-0.7135,-2.0619,9.6569,0.0073,0.0156,9.8066,0.0551,-0.0123,-0.015,-1.81,-39.44,-10.62,194.79,-83.53,-169.85
52.393764,-1.506817,135.91,9.68,2,351.62,19 / 20,5265009,2019-09-06 20:47:50:752,0.3317,-2.1666,9.6915,0.0044,-0.0162,9.8066,-0.0155,0.0363,-0.0074,-1.81,-39.87,-11.5,195.7,-83.62,-168.52
52.393764,-1.506817,135.91,9.68,2,351.62,19 / 20,5265110,2019-09-06 20:47:50:853,-0.5438,-1.3732,9.7026,0.0058,0.0024,9.8066,0.014,0.0087,0.0169,-2.44,-39.69,-11.37,195.22,-83.54,-169.1
52.393764,-1.506817,135.91,9.68,2,351.62,19 / 20,5265209,2019-09-06 20:47:50:952,-0.1393,-1.0569,9.4152,0.0053,0.0184,9.8066,-0.0169,-0.0023,-0.0001,-2.19,-39.44,-10.62,195.77,-83.4,-168.38
52.393764,-1.506817,135.91,9.68,2,351.62,19 / 20,5265309,2019-09-06 20:47:51:052,-0.5455,-1.1561,9.4403,0.0011,0.0225,9.8066,0.0411,0.031,0.024,-1.81,-39.44,-11.25,195.71,-83.33,-168.39
52.393764,-1.506817,135.91,9.68,2,351.62,19 / 20,5265409,2019-09-06 20:47:51:152,-0.2738,-1.9153,10.1631,0.0125,-0.0072,9.8066,-0.0162,0.0276,0.015,-2.44,-39.56,-10.56,196.09,-83.38,-167.75
52.393764,-1.506817,135.91,9.68,2,351.62,19 / 20,5265510,2019-09-06 20:47:51:253,-0.1787,-1.6583,10.0794,0.0053,-0.01,9.8065,0.0215,0.0275,-0.0001,-1.94,-39.5,-10.81,197.3,-83.45,-166.32
52.393764,-1.506817,135.91,9.68,2,351.62,19 / 20,5265610,2019-09-06 20:47:51:353,-0.0914,-1.225,9.3797,-0.0014,-0.0275,9.8065,0.0479,-0.0051,0.0379,-1.75,-39.12,-10.69,197.99,-83.56,-165.47
52.393764,-1.506817,135.91,9.68,2,351.62,19 / 20,5265710,2019-09-06 20:47:51:453,-0.0609,-1.0487,9.9495,0,-0.0156,9.8065,-0.0466,0.0468,-0.0533,-2.81,-40.31,-10.62,201.68,-83.51,-165.27
52.393764,-1.506817,135.91,9.68,2,351.62,19 / 20,5265810,2019-09-06 20:47:51:553,-0.2176,-1.0626,9.802,-0.0068,0.0018,9.8066,0.0197,0.0045,0.0352,-2.56,-39.56,-11,201.02,-83.58,-166.26
52.393764,-1.506817,135.91,9.68,2,351.62,19 / 20,5265910,2019-09-06 20:47:51:653,-0.1636,-1.0557,10.2135,-0.0007,0.0048,9.8066,-0.0402,0.0016,-0.0132,-2.5,-39.31,-10.56,197.61,-83.61,-166.05
52.393764,-1.506817,135.91,9.68,2,351.62,19 / 20,5266009,2019-09-06 20:47:51:752,-0.2268,-1.2699,10.0593,0.0024,0.0182,9.8065,-0.0156,0.0017,0.028,-1.87,-39.37,-10.19,197.87,-83.59,-166.01
52.393764,-1.506817,135.91,9.68,2,351.62,19 / 20,5266110,2019-09-06 20:47:51:853,-0.2415,-0.9851,9.7094,0.0014,-0.0073,9.8066,-0.0265,0.024,-0.0057,-2.06,-39.31,-10.37,198.19,-83.55,-165.51
52.393764,-1.506817,135.91,9.68,2,351.62,19 / 20,5266210,2019-09-06 20:47:51:953,-0.2714,-0.5222,9.6268,0.0003,0.0056,9.8066,-0.0362,0.0047,0.0248,-2.06,-38.56,-10.5,198.24,-83.54,-165.43
52.393764,-1.506817,135.91,9.68,2,351.62,19 / 20,5266310,2019-09-06 20:47:52:053,0.0094,-1.3122,9.783,0.0014,0.0196,9.8066,0.0389,-0.0068,-0.0279,-1.75,-40.5,-10.19,198.16,-83.47,-165.26
52.393764,-1.506817,135.91,9.68,2,351.62,19 / 20,5266409,2019-09-06 20:47:52:152,-0.1112,-1.2433,9.8047,-0.0082,-0.0162,9.8065,0.0212,0.0069,-0.0079,-0.87,-39.31,-10.19,193.86,-83.62,-166
52.393764,-1.506817,135.91,9.68,2,351.62,19 / 20,5266510,2019-09-06 20:47:52:253,0.202,-0.6991,9.9458,-0.0123,0.0089,9.8066,0.0011,0.0093,-0.0649,-1.62,-39,-9.94,197.34,-83.61,-166.77
52.393764,-1.506817,135.91,9.68,2,351.62,19 / 20,5266609,2019-09-06 20:47:52:352,-0.5299,-1.1527,10.0052,-0.0093,0.0055,9.8066,0.0151,0.027,0.015,-1.87,-39.62,-10.19,195.8,-83.61,-168.77
52.393764,-1.506817,135.91,9.68,2,351.62,19 / 20,5266710,2019-09-06 20:47:52:453,-0.1738,-0.731,10.1459,0.0074,-0.0051,9.8066,0.007,0.006,0.0041,-2.12,-39.25,-10.69,195.87,-83.62,-168.44
52.393764,-1.506817,135.91,9.68,2,351.62,19 / 20,5266810,2019-09-06 20:47:52:553,0.1874,-0.8342,10.1479,0.0023,-0.0007,9.8066,0.0189,-0.0144,0.0007,-1.62,-39.06,-10.25,196.94,-83.69,-167.43
52.393764,-1.506817,135.91,9.68,2,351.62,19 / 20,5266910,2019-09-06 20:47:52:653,-0.008,-0.8343,9.797,0.0002,0.0022,9.8066,0.0523,-0.0177,0.0115,-1.44,-39.31,-10.62,193.03,-83.71,-167.24
52.393764,-1.506817,135.91,9.68,2,351.62,19 / 20,5267010,2019-09-06 20:47:52:753,-0.0406,-0.6658,9.9126,-0.0029,-0.0025,9.8066,0.025,-0.0105,-0.0255,-1.69,-38.5,-10.69,197.05,-83.7,-167.07
52.393764,-1.506817,135.91,9.68,2,351.62,19 / 20,5267110,2019-09-06 20:47:52:853,-0.1998,-1.0555,9.9597,-0.0066,-0.0059,9.8066,0.0015,0.0069,-0.0043,-1.56,-39.94,-10.56,196.32,-83.73,-167.78
52.393764,-1.506817,135.91,9.68,2,351.62,19 / 20,5267210,2019-09-06 20:47:52:953,0.2122,-0.9622,9.7052,-0.0047,-0.0053,9.8066,0.028,-0.0418,-0.0027,-1.56,-39.87,-10,195.93,-83.78,-168.77
52.393764,-1.506817,135.91,9.68,2,351.62,19 / 20,5267309,2019-09-06 20:47:53:052,-0.1317,-0.741,9.8238,-0.0031,0.0007,9.8065,-0.0139,-0.0107,0.0053,-1.31,-39.62,-10.81,191.81,-83.83,-168.88
52.393764,-1.506817,135.91,9.68,2,351.62,19 / 20,5267410,2019-09-06 20:47:53:153,-0.4478,-0.7593,9.703,-0.0014,-0.0079,9.8066,0.0171,-0.001,0.026,-0.56,-40,-10.31,191.59,-83.86,-169.28
52.393764,-1.506817,135.91,9.68,2,351.62,19 / 20,5267509,2019-09-06 20:47:53:252,0.1793,-0.8925,9.9562,0.0081,0.0002,9.8066,0.0075,-0.0327,-0.0138,-1.25,-39.12,-10.75,192.16,-83.9,-168.57
52.393764,-1.506817,135.91,9.68,2,351.62,19 / 20,5267609,2019-09-06 20:47:53:352,0.2077,-0.2597,9.7951,-0.0041,-0.0083,9.8065,0.0337,-0.0091,0.0091,-1.69,-39.19,-9.94,196.57,-83.94,-168.21
52.393764,-1.506817,135.91,9.68,2,351.62,19 / 20,5267710,2019-09-06 20:47:53:453,0.0609,-0.7376,9.8064,-0.0022,-0.0101,9.8066,-0.0089,-0.0014,-0.0122,-1.44,-39.62,-9.81,192.28,-84.01,-168.42
52.393764,-1.506817,135.91,9.68,2,351.62,19 / 20,5267810,2019-09-06 20:47:53:553,-0.1411,-0.9749,10.0411,-0.0042,0.0037,9.8066,-0.0238,-0.028,-0.013,-1.69,-39.75,-10.5,196.25,-84.03,-168.59
52.393764,-1.506817,135.91,9.68,2,351.62,19 / 20,5267910,2019-09-06 20:47:53:653,-0.1559,-0.6265,9.9048,-0.0048,-0.0077,9.8066,-0.0088,-0.0191,0.0052,-1.56,-39.87,-10.56,195.7,-84.14,-169.01
52.393764,-1.506817,135.91,9.68,2,351.62,19 / 20,5268010,2019-09-06 20:47:53:753,-0.3711,-0.7106,9.8678,-0.0033,0.0002,9.8066,-0.0174,-0.0132,-0.0256,-1.31,-40.06,-10.31,192.07,-84.21,-168.88
52.393764,-1.506817,135.91,9.68,2,351.62,19 / 20,5268110,2019-09-06 20:47:53:853,-0.1817,-0.8933,9.7952,-0.0032,0.0035,9.8066,0.0075,0.0029,0.018,-1.12,-39.94,-10.06,191.8,-84.26,-169.29
52.393764,-1.506817,135.91,9.68,2,351.62,19 / 20,5268210,2019-09-06 20:47:53:953,-0.0435,-0.3426,9.73,0.0011,-0.0029,9.8066,0.0022,-0.0153,0.0054,-1.44,-39.06,-10.69,192.16,-84.31,-168.87
52.393764,-1.506817,135.91,9.68,2,351.62,19 / 20,5268310,2019-09-06 20:47:54:053,0.0577,-0.2961,9.9084,-0.0034,-0.013,9.8066,0.0421,0.0103,0.0021,-0.94,-38.87,-10.87,192.26,-84.34,-168.75
52.393764,-1.506817,135.91,9.68,2,351.62,18 / 21,5268410,2019-09-06 20:47:54:153,-0.1011,-0.6178,9.9805,-0.0039,-0.0127,9.8066,0.0217,-0.0059,-0.0144,-1.44,-39.56,-10.12,192.09,-84.48,-169.08
52.393764,-1.506817,135.91,9.68,2,351.62,18 / 21,5268510,2019-09-06 20:47:54:253,-0.2411,-0.6776,9.9251,-0.0061,-0.0093,9.8065,-0.0145,-0.0157,0.0033,-1.94,-39.25,-11.06,195.74,-84.55,-169.48
52.393764,-1.506817,135.91,9.68,2,351.62,18 / 21,5268610,2019-09-06 20:47:54:353,-0.2511,-0.7088,9.8025,-0.0047,-0.0117,9.8066,0.0251,-0.0321,-0.0117,-2.12,-39.87,-11.12,195.6,-84.63,-169.6
52.393764,-1.506817,135.91,9.68,2,351.62,18 / 21,5268709,2019-09-06 20:47:54:452,-0.0561,-0.7704,10.0462,-0.0029,-0.014,9.8065,-0.0212,-0.009,0.005,-1.87,-40.25,-10.5,195.9,-84.77,-169.86
52.393764,-1.506817,135.91,9.68,2,351.62,18 / 21,5268810,2019-09-06 20:47:54:553,-0.2728,-0.6985,9.8946,-0.0009,-0.0001,9.8066,-0.0092,0.0004,0.0031,-1.5,-40.69,-10.44,191.63,-84.82,-169.87
52.393764,-1.506817,135.91,9.68,2,351.62,18 / 21,5268909,2019-09-06 20:47:54:652,-0.1015,-0.8354,9.953,-0.0008,-0.0037,9.8066,-0.0012,-0.0133,0.0102,-1.37,-40.06,-11.12,191.72,-84.89,-169.76
52.393764,-1.506817,135.91,9.68,2,351.62,18 / 21,5269009,2019-09-06 20:47:54:752,0.0218,-0.8077,9.8317,-0.0007,0.0033,9.8066,-0.021,-0.0135,-0.0042,-1.19,-39.87,-10.81,191.84,-84.94,-169.64
52.393764,-1.506817,135.91,9.68,2,351.62,18 / 21,5269110,2019-09-06 20:47:54:853,-0.039,-0.5233,9.7087,-0.0022,0.0011,9.8066,-0.0043,-0.0029,0.001,-1.19,-40.06,-11.06,191.77,-84.99,-169.78
52.393764,-1.506817,135.91,9.68,2,351.62,18 / 21,5269210,2019-09-06 20:47:54:953,-0.2209,-0.2224,9.7097,-0.0022,-0.0067,9.8066,-0.0167,-0.0102,0.0095,-1.06,-39.56,-11.5,191.58,-85.05,-170.06
52.393764,-1.506817,135.91,9.68,2,351.62,18 / 21,5269310,2019-09-06 20:47:55:053,-0.0623,-0.3654,9.8543,-0.0024,-0.0034,9.8066,0.0243,0.0018,-0.0083,-1,-39.56,-10.87,191.43,-85.13,-170.32
52.393764,-1.506817,135.91,9.68,2,351.62,19 / 20,5269409,2019-09-06 20:47:55:152,-0.1676,-0.1942,9.8281,-0.0022,-0.0024,9.8066,0.01,-0.0119,-0.0113,-0.69,-40.25,-11.31,191.26,-85.21,-170.59
52.393764,-1.506817,135.91,9.68,2,351.62,19 / 20,5269510,2019-09-06 20:47:55:253,-0.1252,0.0818,9.7887,-0.0013,-0.0074,9.8066,-0.0148,-0.0086,-0.0001,-0.5,-40.5,-11.12,187.16,-85.27,-170.71
52.393764,-1.506817,135.91,9.68,2,351.62,19 / 20,5269609,2019-09-06 20:47:55:352,0.0808,-0.5431,10.0355,-0.0012,-0.0009,9.8066,-0.0132,0.0116,0.0105,-0.5,-40.19,-10.87,187.07,-85.33,-170.87
52.393764,-1.506817,135.91,9.68,2,351.62,19 / 20,5269709,2019-09-06 20:47:55:452,-0.1049,0.0212,9.9013,-0.0014,-0.0042,9.8066,-0.0038,-0.0123,0.0013,-0.12,-40.44,-11,187.09,-85.41,-170.88
52.393764,-1.506817,135.91,9.68,2,351.62,19 / 20,5269810,2019-09-06 20:47:55:553,-0.1022,-0.4009,9.9,-0.002,-0.0017,9.8066,0.0104,-0.0094,-0.0046,-0.94,-40,-10.94,191.04,-85.47,-171.05
52.393764,-1.506817,135.91,9.68,2,351.62,19 / 20,5269909,2019-09-06 20:47:55:652,-0.0767,-0.0935,9.8122,-0.002,-0.004,9.8066,-0.0004,0.0074,0.0022,-1.31,-40.12,-11.62,190.76,-85.54,-171.27
52.393764,-1.506817,135.91,9.68,2,351.62,19 / 20,5270010,2019-09-06 20:47:55:753,-0.0203,-0.3709,9.8994,-0.0021,-0.0041,9.8066,0.0156,-0.0184,-0.0016,-1.06,-39.94,-11.19,190.78,-85.64,-171.49
52.393764,-1.506817,135.91,9.68,2,351.62,19 / 20,5270110,2019-09-06 20:47:55:853,-0.1086,-0.0332,9.8593,0.0001,-0.0043,9.8066,0.0046,0.002,0.0057,-1.19,-40.12,-11.12,190.72,-85.68,-171.59
52.393764,-1.506817,135.91,9.68,2,351.62,19 / 20,5270209,2019-09-06 20:47:55:952,-0.1317,-0.192,9.9045,-0.002,-0.0065,9.8066,0.02,0.0048,0.0063,-1.19,-40,-10.81,190.83,-85.77,-171.52
52.393764,-1.506817,135.91,9.68,2,351.62,19 / 20,5270310,2019-09-06 20:47:56:053,0.0201,0.0352,9.7279,0.0005,-0.0047,9.8066,-0.0268,-0.0099,-0.0055,-1.12,-39.75,-10.69,190.93,-85.82,-171.43
52.394173,-1.506902,136.31,0,2,352.28,19 / 20,5270410,2019-09-06 20:47:56:153,-0.031,-0.2586,9.8574,-0.0018,-0.0068,9.8066,0.0052,0.0007,-0.0048,-1.37,-40.25,-10.56,190.88,-85.87,-171.51
52.394173,-1.506902,136.31,0,2,352.28,19 / 20,5270510,2019-09-06 20:47:56:253,-0.0849,-0.0417,9.8524,-0.0005,-0.0049,9.8066,-0.0141,-0.0125,-0.005,-1.62,-40.12,-10.56,194.98,-85.96,-171.63
52.394173,-1.506902,136.31,0,2,352.28,19 / 20,5270610,2019-09-06 20:47:56:353,-0.1224,0.3261,9.8526,-0.0015,-0.0006,9.8066,-0.0112,0.0111,0.0038,-1.44,-40.19,-10.81,190.82,-86,-171.69
52.394173,-1.506902,136.31,0,2,352.28,19 / 20,5270710,2019-09-06 20:47:56:453,-0.0146,0.0156,9.7875,0.0015,0.0016,9.8066,0.011,-0.0147,-0.0033,-1.25,-39.69,-11.06,190.87,-86.03,-171.65
52.394173,-1.506902,136.31,0,2,352.28,19 / 20,5270809,2019-09-06 20:47:56:552,-0.0598,0.2088,9.9369,-0.0024,-0.0054,9.8066,-0.0009,-0.0213,-0.0018,-1.69,-39.87,-10.87,195.04,-86.1,-171.67
52.394173,-1.506902,136.31,0,2,352.28,19 / 20,5270910,2019-09-06 20:47:56:653,-0.074,0.0184,9.9183,-0.0019,-0.004,9.8066,0.0102,0.0147,0.0018,-1.25,-40,-10.69,190.75,-86.14,-171.86
52.394173,-1.506902,136.31,0,2,352.28,19 / 20,5271010,2019-09-06 20:47:56:753,-0.1231,0.5761,9.941,-0.0011,-0.0024,9.8066,0.0142,-0.0123,0.0031,-1.19,-40.19,-11.25,190.71,-86.18,-171.93
52.394173,-1.506902,136.31,0,2,352.28,19 / 20,5271110,2019-09-06 20:47:56:853,-0.0074,0.7341,9.7086,-0.0005,0.0024,9.8066,0.0124,0.0008,0.0057,-1.62,-40.44,-10.75,194.82,-86.18,-172.01
52.394173,-1.506902,136.31,0,2,352.28,19 / 20,5271210,2019-09-06 20:47:56:953,-0.1047,0.9039,9.7466,0.0002,0.0006,9.8066,0.0163,0.0078,0.0052,-1.19,-40.44,-10.87,190.44,-86.16,-172.26
52.394173,-1.506902,136.31,0,2,352.28,19 / 20,5271309,2019-09-06 20:47:57:052,-0.0552,0.8142,9.7921,0.0004,0.0028,9.8065,-0.0101,-0.01,-0.0087,-1.19,-40.5,-10.81,190.45,-86.15,-172.24
52.394173,-1.506902,136.31,0,2,352.28,19 / 21,5271409,2019-09-06 20:47:57:152,-0.0188,0.4995,9.8239,-0.0008,-0.0008,9.8066,-0.0027,0.0001,-0.0001,-1.31,-40.5,-10.94,190.4,-86.19,-172.33
52.394173,-1.506902,136.31,0,2,352.28,19 / 21,5271510,2019-09-06 20:47:57:253,-0.0913,0.6797,9.8217,-0.0024,-0.004,9.8066,0.0094,-0.008,0.0021,-1.5,-40.19,-11,190.12,-86.23,-172.7
52.394173,-1.506902,136.31,0,2,352.28,19 / 21,5271610,2019-09-06 20:47:57:353,-0.076,0.5548,9.8632,-0.0009,-0.0001,9.8066,-0.0001,-0.0094,-0.0108,-1.56,-40.12,-10.62,194.23,-86.25,-172.81
52.394173,-1.506902,136.31,0,2,352.28,19 / 21,5271710,2019-09-06 20:47:57:453,0.05,0.3944,9.9354,-0.0005,0.0012,9.8066,-0.0073,0.008,0.0071,-1.69,-39.81,-10.94,194.07,-86.25,-173
52.394173,-1.506902,136.31,0,2,352.28,19 / 21,5271810,2019-09-06 20:47:57:553,-0.0647,0.6944,9.775,0,-0.0024,9.8066,0.0042,-0.006,0.005,-1.44,-40.5,-11.06,189.97,-86.31,-172.93
52.394173,-1.506902,136.31,0,2,352.28,19 / 21,5271910,2019-09-06 20:47:57:653,0.0015,0.6102,9.8104,0,-0.0026,9.8066,-0.0001,-0.0037,-0.0062,-1.25,-40.75,-11,190.05,-86.33,-172.79
52.394173,-1.506902,136.31,0,2,352.28,19 / 21,5272010,2019-09-06 20:47:57:753,-0.0713,0.8211,9.7417,-0.0003,-0.0014,9.8066,-0.0149,0.0021,0.0063,-1.19,-40.37,-11.44,189.94,-86.34,-172.99
52.394173,-1.506902,136.31,0,2,352.28,19 / 21,5272109,2019-09-06 20:47:57:852,-0.0121,0.4364,9.8638,0.0003,-0.0026,9.8066,0.0208,-0.0138,0.0013,-1.31,-40.37,-10.69,190,-86.38,-172.94
52.394173,-1.506902,136.31,0,2,352.28,19 / 21,5272209,2019-09-06 20:47:57:952,-0.065,0.8072,9.8727,-0.0004,0.0006,9.8066,0.0074,-0.0081,-0.0022,-1,-39.94,-10.56,190.07,-86.41,-172.88
52.394173,-1.506902,136.31,0,2,352.28,19 / 21,5272310,2019-09-06 20:47:58:053,-0.0188,0.3438,9.932,-0.0013,-0.0012,9.8066,-0.0122,-0.0185,0.0087,-1.56,-39.25,-10.94,194.45,-86.42,-172.77
52.394173,-1.506902,136.31,0,2,352.28,18 / 20,5272410,2019-09-06 20:47:58:153,0.0395,0.5182,9.8354,0.0003,0.0001,9.8066,-0.0013,0.0034,-0.0024,-1.44,-39.81,-11,190.07,-86.46,-172.91
52.394173,-1.506902,136.31,0,2,352.28,18 / 20,5272509,2019-09-06 20:47:58:252,-0.0923,0.884,9.8527,-0.0002,0.0027,9.8066,0.0136,-0.006,-0.0091,-1.25,-39.5,-10.75,190.01,-86.48,-173.04
52.394173,-1.506902,136.31,0,2,352.28,18 / 20,5272610,2019-09-06 20:47:58:353,0.1166,0.7848,9.8555,-0.0017,-0.0045,9.8066,-0.0007,-0.0071,0.0101,-1.56,-39.87,-11,194.09,-86.51,-173.2
52.394173,-1.506902,136.31,0,2,352.28,18 / 20,5272713,2019-09-06 20:47:58:456,0.0003,0.7927,9.8304,0.0009,-0.0023,9.8066,0.014,0.0017,0.0044,-1.12,-40.06,-11.25,189.94,-86.52,-173.09
52.394173,-1.506902,136.31,0,2,352.28,18 / 20,5272810,2019-09-06 20:47:58:553,0.0479,1.1826,9.7416,0,-0.0037,9.8066,0.0139,-0.002,-0.0023,-1.62,-40.06,-10.87,194.35,-86.54,-172.92
52.394173,-1.506902,136.31,0,2,352.28,18 / 20,5272910,2019-09-06 20:47:58:653,-0.0145,1.1735,9.7945,-0.0007,-0.0031,9.8066,-0.0047,-0.0113,-0.0004,-1.75,-40,-11.12,194.31,-86.55,-172.97
52.394173,-1.506902,136.31,0,2,352.28,18 / 20,5273010,2019-09-06 20:47:58:753,0.0547,0.9797,9.8153,-0.0008,0.0003,9.8065,0.008,-0.0073,0.0072,-1.56,-39.62,-10.87,194.14,-86.53,-173.16
52.394173,-1.506902,136.31,0,2,352.28,18 / 20,5273109,2019-09-06 20:47:58:852,-0.0637,0.8739,9.7109,-0.0001,0.0027,9.8066,-0.0205,-0.013,0.0044,-1.25,-40.25,-11,189.8,-86.53,-173.27
52.394173,-1.506902,136.31,0,2,352.28,18 / 20,5273209,2019-09-06 20:47:58:952,-0.0555,0.9827,9.7652,0.0004,0.0023,9.8066,-0.0147,-0.0013,-0.0034,-1,-40.12,-10.94,189.75,-86.53,-173.34
52.394173,-1.506902,136.31,0,2,352.28,18 / 20,5273310,2019-09-06 20:47:59:053,-0.0382,1.002,9.7705,-0.0008,0.0009,9.8066,0.0107,0.0056,0.0026,-1.37,-39.94,-10.69,189.54,-86.53,-173.59
52.394173,-1.506902,136.31,0,2,352.28,19 / 20,5273409,2019-09-06 20:47:59:152,0.0614,1.0786,9.7823,-0.0012,0.0057,9.8065,0.003,-0.0139,0.0001,-1.69,-40.25,-10.62,193.58,-86.5,-173.81
52.394173,-1.506902,136.31,0,2,352.28,19 / 20,5273509,2019-09-06 20:47:59:252,-0.0131,0.7676,9.7984,-0.0005,0.0024,9.8066,-0.0009,-0.022,0.0023,-1.12,-40.69,-10.12,189.46,-86.51,-173.93
52.394173,-1.506902,136.31,0,2,352.28,19 / 20,5273609,2019-09-06 20:47:59:352,-0.0485,0.9263,9.7962,0.0005,0.0019,9.8066,-0.0214,-0.0112,-0.002,-1.5,-40.81,-10.81,188.93,-86.5,-174.27
52.394173,-1.506902,136.31,0,2,352.28,19 / 20,5273710,2019-09-06 20:47:59:453,0.0469,0.9377,9.7715,-0.001,0.0007,9.8066,0.0008,0.0112,0.0049,-1.75,-40.62,-10.81,192.95,-86.49,-174.49
52.394173,-1.506902,136.31,0,2,352.28,19 / 20,5273810,2019-09-06 20:47:59:553,-0.0039,0.3911,9.7532,0.0002,0.0004,9.8066,-0.0043,-0.0073,-0.0019,-1.69,-40.37,-11,192.94,-86.48,-174.57
52.394173,-1.506902,136.31,0,2,352.28,19 / 20,5273910,2019-09-06 20:47:59:653,-0.1487,0.4515,9.7749,-0.0017,0.0053,9.8066,0.0124,-0.0119,0.006,-1.31,-40,-11,188.46,-86.47,-174.87
52.394173,-1.506902,136.31,0,2,352.28,19 / 20,5274010,2019-09-06 20:47:59:753,-0.075,0.4048,9.8652,-0.0008,-0.0004,9.8066,-0.0019,-0.0009,-0.0109,-1.31,-40.44,-11.37,188.14,-86.47,-175.25
52.394173,-1.506902,136.31,0,2,352.28,19 / 20,5274110,2019-09-06 20:47:59:853,0.0153,0.29,9.8713,-0.0035,-0.0024,9.8066,-0.0007,-0.0008,0.0018,-1.75,-40.19,-10.94,191.87,-86.47,-175.86
52.394173,-1.506902,136.31,0,2,352.28,19 / 20,5274210,2019-09-06 20:47:59:953,-0.0217,0.3482,9.8183,-0.0004,0.0033,9.8066,-0.0004,0.001,0.006,-0.94,-40.31,-10.69,187.44,-86.44,-176.1
52.394173,-1.506902,136.31,0,2,352.28,19 / 20,5274310,2019-09-06 20:48:00:053,0.0191,0.3225,9.9046,-0.0016,0.0007,9.8066,-0.002,-0.0098,-0.0028,-1.62,-40.62,-11.37,191.46,-86.43,-176.27
52.394173,-1.506902,136.31,0,2,352.28,19 / 20,5274409,2019-09-06 20:48:00:152,0.0264,0.1288,9.9314,-0.0001,0.0042,9.8066,-0.0129,-0.0146,-0.0007,-0.87,-40.81,-11.06,187.16,-86.38,-176.38
52.394173,-1.506902,136.31,0,2,352.28,19 / 20,5274510,2019-09-06 20:48:00:253,0.025,0.0631,9.9087,-0.0007,-0.0006,9.8066,0.0032,-0.0004,0.0065,-1,-40.75,-11.37,186.96,-86.36,-176.61
52.394173,-1.506902,136.31,0,2,352.28,19 / 20,5274609,2019-09-06 20:48:00:352,-0.0483,0.3179,9.832,-0.0005,-0.0013,9.8066,0.0138,-0.0083,0.0016,-1.5,-40.12,-11.31,186.87,-86.35,-176.76
52.394173,-1.506902,136.31,0,2,352.28,19 / 20,5274710,2019-09-06 20:48:00:453,-0.0031,0.1308,9.8189,-0.0004,0.0045,9.8066,-0.0025,0.0016,-0.0024,-1.5,-40.44,-11.31,186.83,-86.34,-176.81
52.394173,-1.506902,136.31,0,2,352.28,19 / 20,5274809,2019-09-06 20:48:00:552,-0.0366,0.3871,9.8162,-0.0009,0.001,9.8066,-0.0122,-0.0134,0.0039,-1.56,-40.19,-11,190.92,-86.3,-176.9
52.394173,-1.506902,136.31,0,2,352.28,19 / 20,5274909,2019-09-06 20:48:00:652,0.0498,0.3178,9.8064,-0.0001,0.0028,9.8066,0.008,0.0119,0.0087,-1.62,-40.37,-11.25,190.86,-86.29,-176.97
52.394173,-1.506902,136.31,0,2,352.28,19 / 20,5275010,2019-09-06 20:48:00:753,-0.0383,0.7374,9.8298,0.0013,0.0059,9.8066,-0.0023,0.0055,0.0015,-1.25,-40.94,-11,186.66,-86.23,-176.92
52.394173,-1.506902,136.31,0,2,352.28,19 / 20,5275109,2019-09-06 20:48:00:852,-0.0304,0.8703,9.7333,0.0018,0.0045,9.8066,-0.0039,-0.013,0.0003,-1.44,-40.75,-11.19,186.77,-86.2,-176.77
52.394173,-1.506902,136.31,0,2,352.28,19 / 20,5275209,2019-09-06 20:48:00:952,-0.0294,0.6428,9.8914,-0.0002,0.0045,9.8066,-0.0031,0.0147,0.0084,-1.62,-40.62,-11.37,190.92,-86.14,-176.73
52.394173,-1.506902,136.31,0,2,352.28,19 / 20,5275310,2019-09-06 20:48:01:053,0.0526,0.4595,9.9014,0.0005,0.0007,9.8065,0.0106,-0.0045,-0.0066,-1,-40.81,-10.94,186.78,-86.13,-176.73
52.394173,-1.506902,136.31,0,2,352.28,19 / 20,5275409,2019-09-06 20:48:01:152,0.014,0.4863,9.851,-0.002,0.0024,9.8066,-0.0063,-0.0191,-0.0047,-1.25,-40.62,-11.19,186.79,-86.1,-176.71
52.394173,-1.506902,136.31,0,2,352.28,19 / 20,5275510,2019-09-06 20:48:01:253,-0.0242,0.5306,9.8189,-0.0002,0.0016,9.8066,0.0241,-0.0004,0.001,-1.44,-40.56,-11.25,186.38,-86.08,-177.21
52.394173,-1.506902,136.31,0,2,352.28,19 / 20,5275609,2019-09-06 20:48:01:352,-0.056,0.6422,9.9175,0.0001,0.0013,9.8066,0.0038,0.0058,-0.0016,-1.44,-40.37,-11.31,186.31,-86.02,-177.32
52.394173,-1.506902,136.31,0,2,352.28,19 / 20,5275709,2019-09-06 20:48:01:452,0.0595,0.5969,9.8124,-0.0001,0.001,9.8066,-0.0003,-0.0047,0.0029,-1.19,-40,-10.87,186.33,-85.99,-177.28
52.394173,-1.506902,136.31,0,2,352.28,19 / 20,5275809,2019-09-06 20:48:01:552,0.0252,0.5694,9.8243,0.0001,0.002,9.8066,0.0093,-0.0141,-0.0018,-2,-40.62,-11.12,190.34,-85.95,-177.33
52.394173,-1.506902,136.31,0,2,352.28,19 / 20,5275910,2019-09-06 20:48:01:653,0.1108,0.5051,9.8776,-0.0011,0.0006,9.8066,-0.0078,0.017,-0.0047,-1.75,-40.5,-11.44,190.23,-85.92,-177.51
52.394173,-1.506902,136.31,0,2,352.28,19 / 20,5276010,2019-09-06 20:48:01:753,0.0527,0.5926,9.7825,-0.0001,0.0052,9.8066,-0.0085,0.0048,0.0091,-1.62,-40.37,-11.06,189.98,-85.89,-177.8
52.394173,-1.506902,136.31,0,2,352.28,19 / 20,5276110,2019-09-06 20:48:01:853,0.0158,0.6739,9.8663,0.0022,0.0014,9.8066,0.0033,-0.0055,-0.0023,-1.75,-40.12,-11.37,190.03,-85.83,-177.71
52.394173,-1.506902,136.31,0,2,352.28,19 / 20,5276210,2019-09-06 20:48:01:953,0.1225,0.4959,9.8312,0,0.0046,9.8066,-0.002,-0.015,0.0008,-1.69,-40.12,-11.06,189.91,-85.77,-177.81
52.394173,-1.506902,136.31,0,2,352.28,19 / 20,5276310,2019-09-06 20:48:02:053,-0.0247,0.5221,9.8758,-0.0006,-0.0001,9.8066,0.0162,-0.0119,-0.0039,-1.19,-40.12,-11.37,185.79,-85.74,-177.86
52.394173,-1.506902,136.31,0,2,352.28,19 / 20,5276409,2019-09-06 20:48:02:152,-0.0171,0.5733,9.8152,-0.0015,0.0004,9.8066,0.0132,0.0076,0.0021,-1.25,-40.12,-10.62,185.68,-85.69,-177.99
52.394173,-1.506902,136.31,0,2,352.28,19 / 20,5276509,2019-09-06 20:48:02:252,0.068,0.5651,9.8788,0.0001,0.0012,9.8066,-0.0135,0.0124,-0.0014,-1.06,-40.5,-10.94,185.53,-85.65,-178.17
52.394173,-1.506902,136.31,0,2,352.28,19 / 20,5276610,2019-09-06 20:48:02:353,0.0241,0.3583,9.8875,-0.0011,0.0021,9.8066,-0.0099,0.0111,0.0124,-1.31,-41.19,-11.25,185.41,-85.6,-178.26
52.394173,-1.506902,136.31,0,2,352.28,19 / 20,5276710,2019-09-06 20:48:02:453,0.0564,0.5087,9.8091,0.0006,0.0048,9.8066,-0.0067,-0.0003,-0.0012,-1.62,-40.87,-11.69,188.95,-85.57,-178.22
52.394173,-1.506902,136.31,0,2,352.28,19 / 20,5276809,2019-09-06 20:48:02:552,0.0033,0.6132,9.8634,-0.0013,0.0069,9.8065,-0.0162,-0.0122,0.0046,-1.31,-40.94,-11.56,185.07,-85.5,-178.36
52.394173,-1.506902,136.31,0,2,352.28,19 / 20,5276910,2019-09-06 20:48:02:653,-0.0366,0.4462,9.8961,0.0006,0.0059,9.8066,0.0081,-0.0177,-0.0034,-1.31,-40.44,-11.44,185.33,-85.46,-178.35
52.394173,-1.506902,136.31,0,2,352.28,19 / 20,5277009,2019-09-06 20:48:02:752,0.0749,0.3466,9.8578,-0.0006,-0.0009,9.8066,0.0085,-0.0264,-0.0029,-1.5,-40.5,-11.75,185.09,-85.43,-178.35
52.394173,-1.506902,136.31,0,2,352.28,19 / 20,5277109,2019-09-06 20:48:02:852,0.0176,0.6036,9.8454,0.0008,-0.0007,9.8066,0.0188,-0.0189,-0.0039,-1.62,-39.44,-12.06,188.87,-85.41,-178.36
52.394173,-1.506902,136.31,0,2,352.28,19 / 20,5277210,2019-09-06 20:48:02:953,-0.0714,0.4919,9.8633,-0.0003,0.005,9.8066,-0.0127,-0.0068,-0.0003,-1.19,-40,-11.75,184.94,-85.34,-178.51
52.394173,-1.506902,136.31,0,2,352.28,19 / 20,5277310,2019-09-06 20:48:03:053,0.0668,0.3087,9.9108,0.0001,0.0011,9.8066,0.0235,0.008,0.0024,-1.12,-40.56,-12.31,184.82,-85.31,-178.62
52.394173,-1.506902,136.31,0,2,352.28,19 / 20,5277410,2019-09-06 20:48:03:153,0.0009,0.6029,9.8697,0.0006,0.0029,9.8066,0.0037,0.0083,0.008,-1.69,-40.44,-11.56,188.53,-85.27,-178.65
52.394173,-1.506902,136.31,0,2,352.28,19 / 20,5277509,2019-09-06 20:48:03:252,-0.0274,0.4649,9.9127,-0.0008,0.0021,9.8066,0.0009,0.019,0.0127,-1.37,-41.19,-11.44,185,-85.23,-178.67
52.394173,-1.506902,136.31,0,2,352.28,19 / 20,5277610,2019-09-06 20:48:03:353,0.033,0.296,9.9317,0.0005,0.0022,9.8066,-0.0056,0.0144,0.0049,-1.81,-41.06,-11.37,188.9,-85.19,-178.71
52.394173,-1.506902,136.31,0,2,352.28,19 / 20,5277709,2019-09-06 20:48:03:452,0.016,0.3569,9.794,0.0001,0.0005,9.8066,-0.0079,0.0007,0.0084,-1.69,-40.19,-10.94,188.93,-85.16,-178.72
52.394173,-1.506902,136.31,0,2,352.28,19 / 20,5277809,2019-09-06 20:48:03:552,-0.0669,0.5802,9.8498,0.0006,0.0057,9.8066,-0.0081,0.0067,0.0103,-1.62,-40.31,-11.81,188.37,-85.09,-178.77
52.394173,-1.506902,136.31,0,2,352.28,19 / 20,5277909,2019-09-06 20:48:03:652,-0.0792,0.4656,9.8558,0,0.0052,9.8066,-0.0079,-0.0151,-0.01,-1.81,-39.81,-11.37,188.89,-85.07,-178.73
52.394173,-1.506902,136.31,0,2,352.28,19 / 20,5278010,2019-09-06 20:48:03:753,0.0775,0.3811,9.8236,-0.001,0.0002,9.8066,0.0097,-0.0173,0.0027,-1.5,-39.94,-11.06,184.93,-85.04,-178.74
52.394173,-1.506902,136.31,0,2,352.28,19 / 20,5278110,2019-09-06 20:48:03:853,-0.0168,0.4137,9.7581,0.001,0.0007,9.8066,-0.0129,-0.0205,-0.0032,-1.12,-41.06,-11.12,184.85,-85.01,-178.8
52.394173,-1.506902,136.31,0,2,352.28,19 / 20,5278210,2019-09-06 20:48:03:953,-0.0979,0.5003,9.6988,0.0009,0.0029,9.8066,0.0079,-0.0192,-0.0067,-1.25,-40.25,-11.5,184.9,-84.96,-178.76
52.394173,-1.506902,136.31,0,2,352.28,19 / 20,5278310,2019-09-06 20:48:04:053,-0.0313,0.548,9.8465,0.0013,0.0054,9.8066,0.003,-0.0191,-0.0079,-1.69,-40.5,-11.62,188.33,-84.92,-178.75
52.394173,-1.506902,136.31,0,2,352.28,20 / 21,5278410,2019-09-06 20:48:04:153,0.1024,0.3195,9.7839,0.0007,0.0031,9.8066,-0.0102,0.0161,0.0041,-1.81,-41.25,-11.12,188.62,-84.89,-178.9
52.394173,-1.506902,136.31,0,2,352.28,20 / 21,5278509,2019-09-06 20:48:04:252,-0.0455,0.5908,9.8368,0.0002,0.0038,9.8066,-0.0043,0.0065,0.0079,-1.25,-40.31,-11.5,184.74,-84.85,-178.94
52.394173,-1.506902,136.31,0,2,352.28,20 / 21,5278610,2019-09-06 20:48:04:353,-0.0864,0.5439,9.823,0.0004,0.0048,9.8066,0.005,0.0102,-0.0004,-1.37,-40.5,-11.56,184.46,-84.81,-178.98
52.394173,-1.506902,136.31,0,2,352.28,20 / 21,5278709,2019-09-06 20:48:04:452,0.0428,0.3364,9.9688,-0.0006,0.0008,9.8066,0.0003,-0.0071,0.0065,-1.31,-40.12,-11.62,184.43,-84.78,-179.02
52.394173,-1.506902,136.31,0,2,352.28,20 / 21,5278810,2019-09-06 20:48:04:553,0.0173,0.2772,9.8373,0.001,-0.0003,9.8066,-0.0069,-0.0198,0.002,-1.06,-39.75,-11.19,184.72,-84.75,-178.93
52.394173,-1.506902,136.31,0,2,352.28,20 / 21,5278909,2019-09-06 20:48:04:652,0.0365,0.1842,9.8104,-0.0005,0.0055,9.8066,-0.0191,-0.014,0.0018,-1.44,-40.44,-11.12,184.69,-84.71,-178.97
52.394173,-1.506902,136.31,0,2,352.28,20 / 21,5279009,2019-09-06 20:48:04:752,-0.1244,0.4715,9.8379,0.0009,0.0046,9.8066,0.0112,-0.0252,-0.009,-1.19,-40.56,-11.37,184.69,-84.66,-178.91
52.394173,-1.506902,136.31,0,2,352.28,20 / 21,5279110,2019-09-06 20:48:04:853,0.0107,0.3886,9.8866,-0.0006,-0.0002,9.8066,0.0132,-0.0242,-0.0067,-1.12,-40.37,-11.25,184.72,-84.63,-178.9
52.394173,-1.506902,136.31,0,2,352.28,20 / 21,5279210,2019-09-06 20:48:04:953,0.0024,0.1433,9.8614,0.0004,0.0028,9.8066,-0.0028,-0.0286,-0.0088,-1.5,-40.81,-11.12,184.68,-84.61,-178.91
52.394173,-1.506902,136.31,0,2,352.28,20 / 21,5279310,2019-09-06 20:48:05:053,-0.0205,0.309,9.7257,0.0007,0.0021,9.8066,-0.007,-0.006,-0.0039,-1.5,-40.19,-11.37,184.71,-84.56,-178.89
52.394173,-1.506902,136.31,0,2,352.28,19 / 20,5279410,2019-09-06 20:48:05:153,0.0164,0.4021,9.8713,-0.0004,0.0036,9.8066,0.0029,0.0016,-0.0048,-1.44,-40,-11.06,184.63,-84.54,-178.99
52.394173,-1.506902,136.31,0,2,352.28,19 / 20,5279509,2019-09-06 20:48:05:252,-0.0463,0.3672,9.8772,-0.0008,0.0031,9.8066,0.009,0.0106,0.0103,-1.5,-39.75,-11.12,184.68,-84.52,-178.92
52.394173,-1.506902,136.31,0,2,352.28,19 / 20,5279610,2019-09-06 20:48:05:353,0.0621,0.327,9.7525,0.0013,0.0067,9.8066,-0.0136,0.0178,0.0026,-1.37,-39.94,-11.44,184.64,-84.46,-178.95
52.394173,-1.506902,136.31,0,2,352.28,19 / 20,5279710,2019-09-06 20:48:05:453,-0.0255,0.2532,9.814,-0.0002,-0.0009,9.8066,0.0086,0.0134,0.0054,-1.19,-40.5,-11.31,184.62,-84.46,-178.98
52.394173,-1.506902,136.31,0,2,352.28,19 / 20,5279809,2019-09-06 20:48:05:552,-0.0922,0.5367,9.8831,0.0004,-0.0002,9.8066,-0.0119,-0.0095,-0.0011,-0.87,-40.31,-10.75,184.64,-84.42,-178.94
52.394173,-1.506902,136.31,0,2,352.28,19 / 20,5279910,2019-09-06 20:48:05:653,0.0939,0.1813,9.8715,0.0011,0.0038,9.8066,-0.0028,-0.0168,0.0005,-0.56,-40.37,-11.25,184.69,-84.37,-178.87
52.394173,-1.506902,136.31,0,2,352.28,19 / 20,5280009,2019-09-06 20:48:05:752,0.0426,0.1947,9.785,0.0011,0.0032,9.8066,0.0057,-0.0166,-0.0084,-1.69,-40.56,-10.87,188.48,-84.35,-178.81
52.394173,-1.506902,136.31,0,2,352.28,19 / 20,5280109,2019-09-06 20:48:05:852,-0.0245,0.4751,9.8244,-0.0007,0.001,9.8066,0.0199,-0.0254,0.0001,-1.31,-39.87,-10.94,184.73,-84.32,-178.79
52.394173,-1.506902,136.31,0,2,352.28,19 / 20,5280210,2019-09-06 20:48:05:953,0.0264,0.2955,9.9021,0.0001,0.0018,9.8066,-0.0053,0.0039,-0.0014,-1.87,-40.44,-11.5,188.5,-84.28,-178.83
52.394173,-1.506902,136.31,0,2,352.28,19 / 20,5280310,2019-09-06 20:48:06:053,-0.0448,0.2498,9.8069,0.0004,0.0012,9.8066,0.0017,-0.0026,0.0012,-1.12,-40.44,-11.75,184.45,-84.26,-178.86
52.394173,-1.506902,136.31,0,2,352.28,18 / 20,5280410,2019-09-06 20:48:06:153,-0.0338,0.2223,9.962,0.0001,0.0018,9.8066,0.0108,0.0098,0.0107,-2.06,-40.06,-11.19,188.44,-84.23,-178.88
52.394173,-1.506902,136.31,0,2,352.28,18 / 20,5280509,2019-09-06 20:48:06:252,-0.0206,0.4352,9.8358,0.0006,0.0038,9.8066,-0.0067,-0.0025,0.004,-1.44,-40.81,-11.37,184.65,-84.19,-178.83
52.394173,-1.506902,136.31,0,2,352.28,18 / 20,5280609,2019-09-06 20:48:06:352,0.0286,0.3908,9.8732,0.0012,0.0029,9.8066,-0.0024,-0.001,0.0088,-2,-40.12,-11.94,188.05,-84.17,-178.78
52.394173,-1.506902,136.31,0,2,352.28,18 / 20,5280710,2019-09-06 20:48:06:453,0.0037,0.0919,9.8564,0.001,-0.0009,9.8066,-0.0011,-0.0164,0.0038,-1.37,-40.81,-12.06,184.46,-84.13,-178.78
52.394173,-1.506902,136.31,0,2,352.28,18 / 20,5280809,2019-09-06 20:48:06:552,-0.0809,0.7219,9.7436,0.001,-0.0004,9.8066,0.0068,-0.0155,-0.0025,-2.12,-40.5,-11.06,188.59,-84.12,-178.62
52.394173,-1.506902,136.31,0,2,352.28,18 / 20,5280909,2019-09-06 20:48:06:652,0.01,0.6698,9.9066,0.0001,0.0051,9.8066,0.0083,0.0066,0.004,-0.94,-40.12,-11.5,184.76,-84.08,-178.69
52.394173,-1.506902,136.31,0,2,352.28,18 / 20,5281010,2019-09-06 20:48:06:753,-0.0257,0.3196,9.8194,0.0008,0.0046,9.8066,0.0015,-0.001,0.0037,-1.12,-40.12,-11.37,184.77,-84.06,-178.66
52.394173,-1.506902,136.31,0,2,352.28,18 / 20,5281110,2019-09-06 20:48:06:853,-0.0198,0.3242,9.9447,0.0006,0.002,9.8065,0.0086,-0.013,0.0037,-0.75,-40.37,-10.69,184.79,-84.02,-178.63
52.394173,-1.506902,136.31,0,2,352.28,18 / 20,5281209,2019-09-06 20:48:06:952,-0.132,0.4236,9.7678,0.0018,0.0059,9.8066,-0.0012,0.0045,-0.0018,-1.06,-39.87,-12,184.67,-83.98,-178.49
52.394173,-1.506902,136.31,0,2,352.28,18 / 20,5281309,2019-09-06 20:48:07:052,0.072,0.2469,9.8015,-0.0004,0.0004,9.8066,-0.0085,-0.0108,0.0101,-1.06,-40.19,-11.5,184.88,-83.96,-178.48
52.394173,-1.506902,136.31,0,2,352.28,19 / 21,5281410,2019-09-06 20:48:07:153,-0.014,0.7671,9.7685,0.0004,0.0014,9.8066,0.015,-0.0008,-0.0071,-1.06,-40.75,-11.69,184.66,-83.95,-178.45
52.394173,-1.506902,136.31,0,2,352.28,19 / 21,5281510,2019-09-06 20:48:07:253,0.0079,0.516,9.8419,-0.0004,-0.0011,9.8065,-0.0082,-0.0155,0.0008,-1.06,-41.31,-11.25,184.87,-83.93,-178.44
52.394173,-1.506902,136.31,0,2,352.28,19 / 21,5281610,2019-09-06 20:48:07:353,-0.0089,0.3228,9.8423,-0.0008,0,9.8066,0.0065,0.0099,0.0013,-0.69,-40.5,-11.87,184.65,-83.91,-178.5
52.394173,-1.506902,136.31,0,2,352.28,19 / 21,5281709,2019-09-06 20:48:07:452,-0.1122,0.7555,9.8051,-0.001,0.0015,9.8066,0.009,-0.0156,0.0039,-0.62,-40.12,-11.87,184.61,-83.88,-178.54
52.394173,-1.506902,136.31,0,2,352.28,19 / 21,5281809,2019-09-06 20:48:07:552,-0.1131,0.5704,9.9241,0.0008,-0.0002,9.8066,0.0163,-0.0018,-0.0023,-0.25,-40.12,-12.12,181.14,-83.87,-178.46
52.394173,-1.506902,136.31,0,2,352.28,19 / 21,5281910,2019-09-06 20:48:07:653,0.0203,0.3533,9.858,-0.0009,0.0028,9.8066,-0.0023,-0.0154,0.0002,-0.37,-40.37,-11.94,181.09,-83.84,-178.52
52.394173,-1.506902,136.31,0,2,352.28,19 / 21,5282010,2019-09-06 20:48:07:753,-0.0623,0.5906,9.8583,-0.0011,0.0011,9.8066,-0.0039,-0.0128,0.0005,-0.06,-40.37,-12.5,181.07,-83.81,-178.55
52.394173,-1.506902,136.31,0,2,352.28,19 / 21,5282110,2019-09-06 20:48:07:853,-0.0206,0.6276,9.8221,0,0.0019,9.8066,-0.0121,-0.0028,0.0015,0.19,-40.62,-11.81,181.01,-83.77,-178.62
52.394173,-1.506902,136.31,0,2,352.28,19 / 21,5282210,2019-09-06 20:48:07:953,-0.1755,0.5944,9.8815,-0.0008,0.0041,9.8066,0.018,-0.0098,0.0013,0.63,-41.12,-11.06,177.25,-83.76,-178.65
52.394173,-1.506902,136.31,0,2,352.28,19 / 21,5282310,2019-09-06 20:48:08:053,0.0595,0.8448,9.9548,-0.0007,0.0027,9.8066,-0.0007,-0.0089,-0.0046,0.31,-41.06,-11.31,180.98,-83.73,-178.63
52.394173,-1.506902,136.31,0,2,352.28,18 / 21,5282410,2019-09-06 20:48:08:153,-0.1705,0.4404,9.8311,-0.0006,0.005,9.8066,0.02,-0.0173,0.004,-0.19,-40.06,-11.06,180.89,-83.72,-178.76
52.394173,-1.506902,136.31,0,2,352.28,18 / 21,5282510,2019-09-06 20:48:08:253,-0.1575,0.5348,9.863,-0.0006,0.0027,9.8066,-0.0004,0.0047,-0.0074,0.13,-39.94,-10.37,180.83,-83.68,-178.81
52.394173,-1.506902,136.31,0,2,352.28,18 / 21,5282610,2019-09-06 20:48:08:353,0.0829,0.7108,9.9112,-0.0002,0.0001,9.8066,0.003,0.0132,-0.0028,-0.31,-39.56,-9.94,180.72,-83.64,-178.96
52.394173,-1.506902,136.31,0,2,352.28,18 / 21,5282710,2019-09-06 20:48:08:453,-0.1018,0.8042,9.7985,-0.0012,0.0027,9.8066,0.0046,-0.017,0.0017,-0.81,-39.75,-10.69,184.36,-83.6,-179.1
52.394173,-1.506902,136.31,0,2,352.28,18 / 21,5282810,2019-09-06 20:48:08:553,-0.0044,0.8747,9.7817,0.0001,0.0045,9.8066,0.0013,-0.013,0.0066,-0.56,-39.81,-10.87,184.33,-83.56,-179.14
52.394173,-1.506902,136.31,0,2,352.28,18 / 21,5282910,2019-09-06 20:48:08:653,0.0532,0.829,9.8159,0.0001,0.0043,9.8066,-0.0035,-0.0112,0.0004,-0.87,-40.12,-10.25,184.54,-83.49,-179.16
52.394173,-1.506902,136.31,0,2,352.28,18 / 21,5283010,2019-09-06 20:48:08:753,-0.1958,0.9464,9.7786,-0.0002,0.0037,9.8066,0.0046,-0.0127,0.0135,-0.87,-40.31,-11.25,184.22,-83.47,-179.27
52.394173,-1.506902,136.31,0,2,352.28,18 / 21,5283109,2019-09-06 20:48:08:852,0.011,1.2983,9.8874,0.0027,0.0036,9.8066,0.003,-0.0126,-0.0067,-0.75,-40.81,-11.25,184.2,-83.43,-179.24
52.394173,-1.506902,136.31,0,2,352.28,18 / 21,5283209,2019-09-06 20:48:08:952,-0.0481,0.6324,9.8618,-0.0002,0.0069,9.8065,0.0166,-0.0189,0.0131,-0.5,-40.37,-10.69,180.6,-83.36,-179.16
52.394173,-1.506902,136.31,0,2,352.28,18 / 21,5283310,2019-09-06 20:48:09:053,0.2452,1.7501,9.9066,0.0006,-0.0002,9.8066,0.0074,-0.0243,-0.0014,-1.25,-39.56,-10.81,184.38,-83.32,-179
52.394173,-1.506902,136.31,0,2,352.28,18 / 20,5283409,2019-09-06 20:48:09:152,0.1504,1.5646,9.8695,-0.0005,-0.0044,9.8066,0.009,-0.029,-0.0051,-1.37,-40.44,-10.62,184.32,-83.29,-179.08
52.394173,-1.506902,136.31,0,2,352.28,18 / 20,5283510,2019-09-06 20:48:09:253,0.4212,1.1287,9.8312,-0.0028,0.0096,9.8066,0.0296,-0.0297,0.0065,-1.75,-40.5,-10.56,187.87,-83.24,-179.19
52.394173,-1.506902,136.31,0,2,352.28,18 / 20,5283609,2019-09-06 20:48:09:352,0.3951,1.4489,9.9048,-0.002,0.0102,9.8066,-0.0348,-0.0631,-0.0059,-1.81,-40.56,-10.31,187.89,-83.13,-179.69
52.394173,-1.506902,136.31,0,2,352.28,18 / 20,5283709,2019-09-06 20:48:09:452,0.2038,0.4012,9.7927,-0.0009,0.0099,9.8066,-0.0364,-0.0696,-0.0016,-1.56,-41.31,-9.81,187.69,-83.07,-179.95
52.394173,-1.506902,136.31,0,2,352.28,18 / 20,5283809,2019-09-06 20:48:09:552,0.2556,0.9705,9.8416,-0.0009,0.0078,9.8066,0.0346,-0.098,0.0075,-1.81,-41.5,-10.56,187.07,-83,179.87
52.394173,-1.506902,136.31,0,2,352.28,18 / 20,5283910,2019-09-06 20:48:09:653,0.6658,0.9473,9.8865,0.0002,0.007,9.8066,0.01,-0.1005,0.0035,-1.44,-41.62,-11.06,183.45,-82.95,179.84
52.394173,-1.506902,136.31,0,2,352.28,18 / 20,5284010,2019-09-06 20:48:09:753,0.7041,1.8829,9.8259,-0.0003,0.0088,9.8066,0.0054,-0.1428,-0.0013,-2.19,-42,-10.12,187.31,-82.87,179.68
52.394173,-1.506902,136.31,0,2,352.28,18 / 20,5284110,2019-09-06 20:48:09:853,0.9198,1.5576,9.7735,-0.0032,-0.0022,9.8066,0.0052,-0.1577,0.0132,-2.19,-41.25,-10.19,187.16,-82.9,179.34
52.394173,-1.506902,136.31,0,2,352.28,18 / 20,5284210,2019-09-06 20:48:09:953,0.3855,1.2461,9.9446,-0.0078,-0.0008,9.8066,-0.0287,-0.1744,0.0328,-2,-41.19,-9.56,186.68,-82.91,178.64
52.394173,-1.506902,136.31,0,2,352.28,18 / 20,5284310,2019-09-06 20:48:10:053,0.7005,1.2865,9.8826,0.0098,0.0155,9.8066,-0.0319,-0.1653,0.0376,-2,-41.19,-9.12,187.19,-82.79,178.61
52.394173,-1.506902,136.31,0,2,352.28,20 / 22,5284409,2019-09-06 20:48:10:152,0.4869,0.9511,9.8793,-0.0031,0.0041,9.8066,0.1025,-0.2081,0.02,-2.56,-41,-9.37,191.1,-82.79,178.57
52.394173,-1.506902,136.31,0,2,352.28,20 / 22,5284509,2019-09-06 20:48:10:252,1.4506,0.7654,9.2777,0.017,0.0054,9.8065,-0.1856,-0.2259,0.066,-3.87,-41.31,-9,195.03,-82.86,178.67
52.394173,-1.506902,136.31,0,2,352.28,20 / 22,5284610,2019-09-06 20:48:10:353,0.7286,0.08,9.5629,-0.0103,0.0129,9.8066,-0.005,-0.2649,0.0243,-4.25,-41.06,-9.37,195.24,-82.97,178.86
52.394173,-1.506902,136.31,0,2,352.28,20 / 22,5284710,2019-09-06 20:48:10:453,1.2876,1.1884,9.9884,0.0164,0.0286,9.8065,-0.0196,-0.2592,0.0217,-4.12,-40.94,-8.69,195.21,-82.88,178.92
52.394173,-1.506902,136.31,0,2,352.28,20 / 22,5284810,2019-09-06 20:48:10:553,1.4742,0.8704,9.6658,0.0058,0.028,9.8065,0.0186,-0.3311,0.0557,-4.37,-40.44,-8.44,196.5,-82.85,178.92
52.394173,-1.506902,136.31,0,2,352.28,20 / 22,5284910,2019-09-06 20:48:10:653,2.1152,1.5489,9.9677,0.0063,-0.009,9.8066,-0.0029,-0.3507,0.077,-5.12,-39.25,-8.25,201.23,-82.86,179.81
52.394173,-1.506902,136.31,0,2,352.28,20 / 22,5285010,2019-09-06 20:48:10:753,2.176,0.3902,9.405,0.0074,0.0071,9.8066,-0.046,-0.336,0.0224,-5.69,-39.81,-8.12,205.17,-82.81,-179.56
52.394173,-1.506902,136.31,0,2,352.28,20 / 22,5285110,2019-09-06 20:48:10:853,1.7875,0.7617,9.8804,0.0175,-0.0052,9.8066,0.0326,-0.4596,0.1421,-6.56,-39.25,-8.31,209.02,-82.9,-179.61
52.394173,-1.506902,136.31,0,2,352.28,20 / 22,5285209,2019-09-06 20:48:10:952,2.0661,-0.8062,9.1678,0.0209,-0.0017,9.8066,0.103,-0.4906,0.134,-8,-39.69,-8.5,214.08,-82.73,-176.58
52.394173,-1.506902,136.31,0,2,352.28,20 / 22,5285310,2019-09-06 20:48:11:053,2.0296,-1.3173,10.215,-0.0026,-0.0299,9.8066,-0.0091,-0.4366,0.0987,-7.94,-39.62,-8.31,215.83,-82.85,-174.42
52.394173,-1.506902,136.31,0,2,352.28,18 / 20,5285409,2019-09-06 20:48:11:152,2.2928,-1.2653,10.1645,-0.0127,-0.0336,9.8065,0.0509,-0.4451,-0.0293,-8,-39.12,-7.75,216.99,-82.98,-173.48
52.394173,-1.506902,136.31,0,2,352.28,18 / 20,5285510,2019-09-06 20:48:11:253,1.7449,-0.7906,10.7472,-0.0086,0.0212,9.8065,0.1489,-0.4955,0.053,-9,-39.81,-7.69,217.38,-82.96,-176.84
52.394173,-1.506902,136.31,0,2,352.28,18 / 20,5285610,2019-09-06 20:48:11:353,2.0759,0.1997,9.5998,-0.0173,-0.0211,9.8066,-0.1276,-0.5566,0.0716,-9.81,-39.06,-8,220.43,-83.05,-177.26
52.394173,-1.506902,136.31,0,2,352.28,18 / 20,5285710,2019-09-06 20:48:11:453,1.949,0.1667,9.244,0.0134,0.022,9.8066,-0.1789,-0.4986,0.104,-10.5,-39.12,-7.87,221.05,-82.84,-176.02
52.394173,-1.506902,136.31,0,2,352.28,18 / 20,5285809,2019-09-06 20:48:11:552,3.0142,-0.5754,9.7447,0.0429,0.0101,9.8065,-0.0158,-0.5309,0.1677,-11.75,-39.19,-7.19,229.44,-82.72,-174.79
52.394173,-1.506902,136.31,0,2,352.28,18 / 20,5285910,2019-09-06 20:48:11:653,1.9486,-1.1294,9.4504,-0.0015,-0.04,9.8065,-0.0431,-0.5172,0.1373,-13.19,-39.12,-6.37,238.26,-82.75,-170.06
52.394173,-1.506902,136.31,0,2,352.28,18 / 20,5286009,2019-09-06 20:48:11:752,2.7995,-1.8847,10.2473,0.0183,-0.0238,9.8065,-0.0073,-0.5536,0.0814,-13.75,-39.06,-6,242.46,-82.68,-167.61
52.394173,-1.506902,136.31,0,2,352.28,18 / 20,5286110,2019-09-06 20:48:11:853,2.4193,-1.6693,10.021,-0.0241,-0.0319,9.8065,-0.0096,-0.5669,0.0783,-14.94,-38.56,-5.75,247.21,-83.01,-165.33
52.394173,-1.506902,136.31,0,2,352.28,18 / 20,5286210,2019-09-06 20:48:11:953,1.2895,-1.9444,9.3028,-0.0178,-0.0106,9.8066,0.0205,-0.5437,0.0605,-14.37,-38.37,-5.06,249.08,-83.19,-164.85
52.394173,-1.506902,136.31,0,2,352.28,18 / 20,5286310,2019-09-06 20:48:12:053,1.3444,-1.6266,9.7009,-0.0054,-0.0245,9.8066,0.1319,-0.5344,0.0757,-16.37,-38.56,-4.94,253,-83.32,-164.67
52.39425,-1.506865,136.5,4.41,2,47.04,17 / 20,5286410,2019-09-06 20:48:12:153,1.349,-1.0513,9.2947,-0.0109,-0.0211,9.8066,0.0964,-0.5953,0.1282,-16.69,-37.69,-4.5,259.61,-83.27,-162.6
52.39425,-1.506865,136.5,4.41,2,47.04,17 / 20,5286509,2019-09-06 20:48:12:252,2.2113,-1.1012,9.8753,0.0091,-0.0118,9.8066,-0.05,-0.5023,0.0639,-17.75,-37.12,-3.5,265.34,-83.06,-161
52.39425,-1.506865,136.5,4.41,2,47.04,17 / 20,5286609,2019-09-06 20:48:12:352,1.3021,-1.9888,10.1395,0.021,-0.0163,9.8065,-0.0098,-0.5995,0.1275,-18.25,-37.5,-2.37,269.46,-83.1,-159.88
52.39425,-1.506865,136.5,4.41,2,47.04,17 / 20,5286709,2019-09-06 20:48:12:452,1.5312,-1.2804,9.937,0.0256,-0.0045,9.8065,-0.0253,-0.4758,0.0721,-18.69,-37.5,-2.12,272.22,-82.87,-157.74
52.39425,-1.506865,136.5,4.41,2,47.04,17 / 20,5286810,2019-09-06 20:48:12:553,0.8731,-2.6416,9.7007,-0.0218,-0.0157,9.8066,0.1791,-0.4632,0.053,-19,-37.69,-1.31,276.39,-82.75,-155.93
52.39425,-1.506865,136.5,4.41,2,47.04,17 / 20,5286911,2019-09-06 20:48:12:654,-0.0591,-1.9105,9.699,-0.0322,-0.0069,9.8066,0.2314,-0.4461,0.018,-19.62,-37.56,0.63,282.31,-82.6,-156.52
52.39425,-1.506865,136.5,4.41,2,47.04,17 / 20,5287010,2019-09-06 20:48:12:753,1.6283,-1.0835,10.8102,0.0364,0.0196,9.8065,-0.146,-0.42,0.0327,-20,-37.37,1.19,279.88,-82.33,-158.71
52.39425,-1.506865,136.5,4.41,2,47.04,17 / 20,5287109,2019-09-06 20:48:12:852,1.9583,-0.4504,10.3227,-0.0056,0.0087,9.8065,-0.0004,-0.3407,0.0261,-19.62,-37.25,1.94,282.19,-82.38,-159.49
52.39425,-1.506865,136.5,4.41,2,47.04,17 / 20,5287210,2019-09-06 20:48:12:953,0.6756,-1.1538,10.2805,0.057,0.0152,9.8065,-0.1148,-0.2958,-0.006,-19.44,-37.06,2.81,284.48,-82.33,-159.84
52.39425,-1.506865,136.5,4.41,2,47.04,17 / 20,5287309,2019-09-06 20:48:13:052,0.5649,-0.432,9.5178,0.0436,0.0123,9.8064,-0.1714,-0.2608,0.0338,-19.81,-36.62,3.13,281.65,-81.97,-162.12
52.39425,-1.506865,136.5,4.41,2,47.04,18 / 20,5287410,2019-09-06 20:48:13:153,1.1712,0.0055,9.4847,-0.0132,0.0043,9.8066,0.0519,-0.2408,0.0106,-19.94,-36.37,3.38,281.98,-82.04,-162.34
52.39425,-1.506865,136.5,4.41,2,47.04,18 / 20,5287509,2019-09-06 20:48:13:252,1.1513,-0.6113,9.8336,0.0021,-0.0054,9.8066,0.0272,-0.1782,0.0333,-19.62,-36.19,4.38,284.93,-82,-162.37
52.39425,-1.506865,136.5,4.41,2,47.04,18 / 20,5287610,2019-09-06 20:48:13:353,1.6963,-1.3789,10.0733,0.0033,-0.0005,9.8066,-0.0675,-0.1737,0.0031,-20.94,-35.81,4.5,288.91,-82.05,-161.6
52.39425,-1.506865,136.5,4.41,2,47.04,18 / 20,5287710,2019-09-06 20:48:13:453,0.7537,-1.1813,9.524,0.012,-0.0137,9.8066,-0.0575,-0.2148,0.0736,-19.62,-36.56,4.88,288.94,-82.01,-161.15
52.39425,-1.506865,136.5,4.41,2,47.04,18 / 20,5287810,2019-09-06 20:48:13:553,-0.0342,-0.4933,9.8321,-0.025,-0.0109,9.8066,0.2369,-0.2801,0.0491,-20.44,-36.69,5.25,290.65,-81.95,-159.49
52.39425,-1.506865,136.5,4.41,2,47.04,18 / 20,5287910,2019-09-06 20:48:13:653,0.6098,-1.6643,9.6486,-0.0341,0.008,9.8065,0.1355,-0.1358,-0.0314,-20.25,-36.31,5.44,290.33,-81.87,-160.01
52.39425,-1.506865,136.5,4.41,2,47.04,18 / 20,5288009,2019-09-06 20:48:13:752,1.0858,0.0975,10.2229,-0.0234,0.0087,9.8066,0.0444,-0.1749,0.0133,-20.19,-35.87,5.63,293.31,-81.88,-160.15
52.39425,-1.506865,136.5,4.41,2,47.04,18 / 20,5288109,2019-09-06 20:48:13:852,1.6222,-0.9375,9.7105,-0.0392,0.0029,9.8066,0.0149,-0.1456,0.0154,-20.37,-36,5.75,293.26,-81.95,-160.31
52.39425,-1.506865,136.5,4.41,2,47.04,18 / 20,5288209,2019-09-06 20:48:13:952,1.8783,-0.5097,10.512,0.0586,-0.0067,9.8064,0.1326,-0.1009,0.0568,-20.31,-35.56,6,293.28,-81.99,-160.37
52.39425,-1.506865,136.5,4.41,2,47.04,18 / 20,5288310,2019-09-06 20:48:14:053,-0.8197,-0.1891,9.9788,0.0148,0.0075,9.8066,-0.1473,-0.116,-0.0442,-20.5,-35.69,6.63,295.2,-81.84,-161.16
52.39425,-1.506865,136.5,4.41,2,47.04,18 / 20,5288409,2019-09-06 20:48:14:152,0.7705,-0.6468,9.9412,0.0173,0.0031,9.8066,-0.0658,-0.0994,-0.0061,-20.5,-36.62,7.19,293.67,-81.66,-161.86
52.39425,-1.506865,136.5,4.41,2,47.04,18 / 20,5288510,2019-09-06 20:48:14:253,1.4209,-0.7826,9.7687,0.009,-0.0086,9.8066,-0.031,-0.137,0.0341,-20.25,-36.37,7.19,293.47,-81.74,-162.55
52.39425,-1.506865,136.5,4.41,2,47.04,18 / 20,5288610,2019-09-06 20:48:14:353,0.5996,-0.6283,10.1364,-0.0234,0.0092,9.8065,-0.0083,-0.0883,-0.0301,-21.44,-36.31,7.69,295.74,-81.65,-162.68
52.39425,-1.506865,136.5,4.41,2,47.04,18 / 20,5288709,2019-09-06 20:48:14:452,1.1115,-0.4419,9.7389,0.0219,-0.0016,9.8065,0.0137,-0.0468,0.0491,-20.75,-35.62,7.88,295.07,-81.61,-163.22
52.39425,-1.506865,136.5,4.41,2,47.04,18 / 20,5288809,2019-09-06 20:48:14:552,0.3099,-0.2716,9.5954,-0.0146,0.0129,9.8066,0.009,-0.0449,-0.0583,-21.12,-36,7.25,291.56,-81.53,-163.66
52.39425,-1.506865,136.5,4.41,2,47.04,18 / 20,5288910,2019-09-06 20:48:14:653,0.542,-0.4321,9.7658,-0.009,-0.002,9.8066,0.1306,-0.0789,0.0611,-20.87,-36.06,7.88,294.22,-81.68,-164.09
52.39425,-1.506865,136.5,4.41,2,47.04,18 / 20,5289010,2019-09-06 20:48:14:753,0.7868,-0.4065,9.9747,0.0055,-0.0014,9.8066,-0.1403,-0.0094,-0.0012,-20.12,-35.37,7.25,292.34,-81.68,-163.86
52.39425,-1.506865,136.5,4.41,2,47.04,18 / 20,5289109,2019-09-06 20:48:14:852,-0.8351,-0.0918,10.2407,0.017,-0.01,9.8065,0.0426,-0.0584,0.0482,-21.37,-35.75,7.63,294.88,-81.6,-163.36
52.39425,-1.506865,136.5,4.41,2,47.04,18 / 20,5289210,2019-09-06 20:48:14:953,0.2129,-0.5399,10.2878,0.0408,-0.005,9.8065,-0.0426,-0.0965,-0.0046,-20.25,-35.94,7.88,294.21,-81.49,-164.2
52.39425,-1.506865,136.5,4.41,2,47.04,18 / 20,5289310,2019-09-06 20:48:15:053,-0.2063,0.0947,10.3731,-0.0085,0.0053,9.8065,-0.0399,0.0131,-0.0304,-20.5,-35.75,8.31,293.73,-81.44,-164.54
52.39425,-1.506865,136.5,4.41,2,47.04,18 / 20,5289410,2019-09-06 20:48:15:153,0.7386,-0.0956,10.1278,-0.0025,0.0034,9.8066,-0.0159,-0.0359,0.0157,-20.25,-36.12,8.06,292.88,-81.4,-165.24
52.39425,-1.506865,136.5,4.41,2,47.04,18 / 20,5289509,2019-09-06 20:48:15:252,0.0313,-0.4347,10.5607,0.0467,-0.0086,9.8065,-0.0184,-0.0116,-0.0131,-20.37,-35.69,8.19,292.02,-81,-165.36
52.39425,-1.506865,136.5,4.41,2,47.04,18 / 20,5289609,2019-09-06 20:48:15:352,-0.0764,-0.4683,9.3027,0.0449,-0.001,9.8065,-0.0499,-0.045,0.0468,-20.62,-35.87,8.19,291.59,-81.01,-165.41
52.39425,-1.506865,136.5,4.41,2,47.04,18 / 20,5289710,2019-09-06 20:48:15:453,-0.7718,0.0356,9.4827,-0.0128,-0.0065,9.8066,-0.1308,-0.0531,0.0028,-20.12,-35.62,8.44,291.54,-81.13,-166
52.39425,-1.506865,136.5,4.41,2,47.04,18 / 20,5289809,2019-09-06 20:48:15:552,0.9815,0.033,10.0989,-0.0009,0.0075,9.8066,-0.0223,0.0445,-0.0108,-20.12,-35.87,8.5,295.18,-81.26,-165.62
52.39425,-1.506865,136.5,4.41,2,47.04,18 / 20,5289909,2019-09-06 20:48:15:652,0.3758,-0.3831,9.8452,0.0243,0.0057,9.8066,0.0257,-0.0559,0.0178,-19.69,-36.31,7.88,291.5,-81.34,-166.4
52.39425,-1.506865,136.5,4.41,2,47.04,18 / 20,5290011,2019-09-06 20:48:15:754,-0.4618,0.3805,9.6636,-0.0104,0.0009,9.8066,0.0252,-0.0544,0.0315,-20.37,-35.94,7.56,291.7,-81.33,-166.19
52.39425,-1.506865,136.5,4.41,2,47.04,18 / 20,5290109,2019-09-06 20:48:15:852,0.8274,-0.1729,9.5889,0.0013,0.0033,9.8066,-0.0444,0.0033,-0.0057,-20,-35.69,8.38,291.28,-81.27,-166.48
52.39425,-1.506865,136.5,4.41,2,47.04,18 / 20,5290210,2019-09-06 20:48:15:953,0.6273,0.2002,10.0323,0.0208,0.0002,9.8066,0.1147,0.0403,-0.0215,-19.87,-36.31,8.06,290.62,-81.19,-166.94
52.39425,-1.506865,136.5,4.41,2,47.04,18 / 20,5290309,2019-09-06 20:48:16:052,-0.2212,-0.0624,7.5132,-0.0115,-0.0153,9.8065,-0.2689,-0.0584,0.1234,-19.87,-35.56,8,290.06,-81.18,-167.44
52.39425,-1.506865,136.5,4.41,2,47.04,19 / 21,5290409,2019-09-06 20:48:16:152,-0.1367,0.8941,6.4911,0.1407,-0.0439,9.8054,0.4701,-0.1626,-0.0364,-20.37,-35.62,7.94,290.03,-80.5,-166.3
52.39425,-1.506865,136.5,4.41,2,47.04,19 / 21,5290510,2019-09-06 20:48:16:253,-2.0194,0.2179,8.5793,-0.2687,0.0096,9.803,0.1623,0.0185,0.0196,-20.56,-35.56,8,293.44,-81.44,-164.41
52.39425,-1.506865,136.5,4.41,2,47.04,19 / 21,5290609,2019-09-06 20:48:16:352,0.7061,-0.192,9.9431,-0.0163,-0.0054,9.8066,0.6432,-0.1381,0.0137,-20.5,-35.62,8.44,290.78,-80.53,-165.68
52.39425,-1.506865,136.5,4.41,2,47.04,19 / 21,5290709,2019-09-06 20:48:16:452,-1.3536,-0.2984,7.2996,-0.2426,0.0139,9.8036,0.1606,-0.0758,0.1053,-20.5,-34.69,8.81,295.79,-80.85,-164.8
52.39425,-1.506865,136.5,4.41,2,47.04,19 / 21,5290810,2019-09-06 20:48:16:553,-1.4036,-0.3213,10.1193,-0.0407,-0.0232,9.8065,0.1477,-0.0271,-0.0214,-21.31,-35.69,9,294.21,-80.2,-164.34
52.39425,-1.506865,136.5,4.41,2,47.04,19 / 21,5290910,2019-09-06 20:48:16:653,0.5504,0.0818,10.3115,-0.0121,-0.0023,9.8066,0.0815,0.048,-0.0042,-20.69,-35.69,9.38,295.02,-80.45,-164
52.39425,-1.506865,136.5,4.41,2,47.04,19 / 21,5291010,2019-09-06 20:48:16:753,0.9724,-0.6595,9.7625,-0.0054,0.0052,9.8066,-0.0108,-0.0311,-0.0134,-20.87,-35.56,9.13,295.14,-80.54,-164.04
52.39425,-1.506865,136.5,4.41,2,47.04,19 / 21,5291109,2019-09-06 20:48:16:852,0.6972,0.0186,9.2857,0.0195,-0.0003,9.8065,-0.1899,-0.016,0.0026,-20.37,-35.5,9.19,295.31,-80.28,-164.33
52.39425,-1.506865,136.5,4.41,2,47.04,19 / 21,5291210,2019-09-06 20:48:16:953,-0.4213,0.0052,9.1504,0.0545,-0.0136,9.8064,0.0328,-0.0446,0.0051,-20.37,-35.62,9.69,297.06,-80.08,-164.68
52.39425,-1.506865,136.5,4.41,2,47.04,19 / 21,5291309,2019-09-06 20:48:17:052,-1.2954,-0.5862,9.1548,-0.0449,0.0085,9.8065,-0.071,-0.0731,0.0158,-20.12,-35.44,9.44,296.16,-80.4,-163.77
52.39425,-1.506865,136.5,4.41,2,47.04,18 / 20,5291410,2019-09-06 20:48:17:153,-0.3335,0.3535,9.6474,0,-0.0023,9.8066,0.128,-0.0926,0.0274,-19.94,-36.25,9.31,295.53,-80.36,-163.84
52.39425,-1.506865,136.5,4.41,2,47.04,18 / 20,5291509,2019-09-06 20:48:17:252,0.1161,-0.2302,9.6452,-0.0425,0.0015,9.8065,0.0925,-0.0596,-0.0191,-19.81,-35.37,9.31,295.9,-80.37,-163.95
52.39425,-1.506865,136.5,4.41,2,47.04,18 / 20,5291609,2019-09-06 20:48:17:352,-0.1459,0.2392,10.0134,-0.0035,-0.0014,9.8066,0.1085,-0.0374,0.0749,-20.12,-36,9.81,299.03,-80.4,-163.46
52.39425,-1.506865,136.5,4.41,2,47.04,18 / 20,5291709,2019-09-06 20:48:17:452,0.9865,-0.0902,10.0919,0.0078,-0.0148,9.8065,0.047,-0.0083,-0.0684,-19.87,-35.75,9.88,299.66,-80.35,-162.84
52.39425,-1.506865,136.5,4.41,2,47.04,18 / 20,5291810,2019-09-06 20:48:17:553,0.5662,-0.3714,10.5739,-0.0111,0.0043,9.8066,-0.1006,-0.0111,0.022,-20.19,-35.94,9.63,300.16,-80.46,-162.58
52.39425,-1.506865,136.5,4.41,2,47.04,18 / 20,5291910,2019-09-06 20:48:17:653,-1.0576,0.5109,10.1882,0.024,-0.0028,9.8066,-0.0671,-0.0034,-0.0083,-19.44,-35.81,9.19,296.93,-80.33,-163.05
52.39425,-1.506865,136.5,4.41,2,47.04,18 / 20,5292010,2019-09-06 20:48:17:753,-0.4036,-0.7983,9.5187,-0.0037,-0.0069,9.8066,0.0268,-0.0326,-0.0421,-20.25,-35.94,9.56,299.17,-80.35,-163.26
52.39425,-1.506865,136.5,4.41,2,47.04,18 / 20,5292109,2019-09-06 20:48:17:852,-1.8218,0.3499,9.899,0.0059,0.0116,9.8065,-0.104,-0.0178,0.0367,-19.75,-35.62,9.75,299.01,-80.18,-163.14
52.39425,-1.506865,136.5,4.41,2,47.04,18 / 20,5292210,2019-09-06 20:48:17:953,-1.6367,0.286,9.4055,0.0564,-0.0115,9.8065,0.5023,-0.0489,-0.0704,-19.94,-35.94,9.88,297,-79.92,-164.48
52.39425,-1.506865,136.5,4.41,2,47.04,18 / 20,5292310,2019-09-06 20:48:18:053,-0.7143,-1.2204,8.9627,-0.0969,0.0259,9.8061,0.233,-0.0095,0.0067,-19.25,-36.19,9.88,299.27,-80.36,-163.81
52.39425,-1.506865,136.5,4.41,2,47.04,18 / 20,5292410,2019-09-06 20:48:18:153,0.1891,0.4465,10.3769,0.0837,-0.0164,9.8062,-0.0325,0.043,-0.082,-20,-35.94,10.06,298.32,-80.47,-164.19
52.39425,-1.506865,136.5,4.41,2,47.04,18 / 20,5292509,2019-09-06 20:48:18:252,0.6334,-0.8679,10.5781,0.0435,0.0023,9.8065,0.1254,-0.035,0.0385,-19.12,-36.06,10.38,297.84,-80.29,-164.93
52.39425,-1.506865,136.5,4.41,2,47.04,18 / 20,5292609,2019-09-06 20:48:18:352,-0.0901,0.3143,10.5836,-0.0041,-0.0027,9.8066,-0.2174,-0.0039,-0.0051,-18.62,-35.75,10.25,298.33,-80.46,-164.78
52.39425,-1.506865,136.5,4.41,2,47.04,18 / 20,5292709,2019-09-06 20:48:18:452,-0.8428,0.2246,8.9354,0.0672,-0.0096,9.8064,-0.1465,0.0064,-0.0158,-19,-35.25,10.94,301.51,-80.54,-165.17
52.39425,-1.506865,136.5,4.41,2,47.04,18 / 20,5292810,2019-09-06 20:48:18:553,-0.4121,0.7406,9.0575,-0.0543,0.0219,9.8064,-0.0253,-0.136,-0.01,-20.25,-35.5,10.44,294.75,-80.12,-167.19
52.39425,-1.506865,136.5,4.41,2,47.04,18 / 20,5292910,2019-09-06 20:48:18:653,-0.5602,-0.7697,9.1958,-0.0224,0.0124,9.8065,-0.0945,-0.0109,-0.0352,-19.75,-35.62,9.44,291.29,-80.41,-167.72
52.39425,-1.506865,136.5,4.41,2,47.04,18 / 20,5293010,2019-09-06 20:48:18:753,-1.1698,-0.2429,10.0555,0.0127,0.0113,9.8066,0.2012,0.1051,-0.0309,-19.62,-35.5,9.56,293.79,-80.49,-168.63
52.39425,-1.506865,136.5,4.41,2,47.04,18 / 20,5293110,2019-09-06 20:48:18:853,0.74,-0.9757,10.4818,-0.0367,0.0031,9.8065,0.1757,-0.1916,0.0372,-19.75,-35.94,9.5,293.51,-80.68,-168.78
52.39425,-1.506865,136.5,4.41,2,47.04,18 / 20,5293209,2019-09-06 20:48:18:952,-0.1819,1.5938,10.3965,-0.0328,0.0088,9.8066,-0.045,-0.0523,0.0755,-19.19,-36,9.94,294.12,-80.61,-168.72
52.39425,-1.506865,136.5,4.41,2,47.04,18 / 20,5293309,2019-09-06 20:48:19:052,0.4508,-0.1928,10.5085,0.0588,-0.0108,9.8064,-0.0691,0.0658,0.0559,-19.25,-36.25,9.25,290.44,-80.67,-169.4
52.39425,-1.506865,136.5,4.41,2,47.04,17 / 20,5293409,2019-09-06 20:48:19:152,-0.4303,0.0507,10.29,0.0208,-0.0113,9.8065,-0.0739,-0.0386,-0.0899,-19.19,-36.37,9.88,293.09,-80.44,-169.35
52.39425,-1.506865,136.5,4.41,2,47.04,17 / 20,5293509,2019-09-06 20:48:19:252,0.6862,0.3065,9.7694,0.0398,0.0011,9.8065,-0.0875,-0.0179,0.0316,-19.31,-36.44,10.06,292.06,-80.23,-169.91
52.39425,-1.506865,136.5,4.41,2,47.04,17 / 20,5293610,2019-09-06 20:48:19:353,-1.4331,-0.4107,9.5775,-0.0388,-0.0016,9.8065,0.1676,0.0003,-0.0115,-19.12,-36.06,9.75,291.76,-80.1,-169.96
52.39425,-1.506865,136.5,4.41,2,47.04,17 / 20,5293709,2019-09-06 20:48:19:452,0.5218,0.5198,10.1955,-0.0489,0.0077,9.8064,0.1318,0.0742,-0.0752,-19.31,-35.56,9.75,292.97,-80.35,-169.31
52.39425,-1.506865,136.5,4.41,2,47.04,17 / 20,5293809,2019-09-06 20:48:19:552,-0.5885,-0.2368,10.1406,-0.0363,0.0147,9.8065,0.1173,-0.009,0.0001,-20.31,-35.94,9.75,291.34,-80.34,-170.18
52.39425,-1.506865,136.5,4.41,2,47.04,17 / 20,5293910,2019-09-06 20:48:19:653,0.9831,-0.0691,10.1253,0.0336,0.0291,9.8065,0.0698,-0.0216,0.0035,-20,-36.25,9.63,290.54,-80.25,-170.77
52.39425,-1.506865,136.5,4.41,2,47.04,17 / 20,5294010,2019-09-06 20:48:19:753,-0.3769,0.626,10.0957,0.0397,-0.0035,9.8065,0.0018,-0.0245,-0.034,-20.37,-35.81,10.13,287.92,-79.97,-172.68
52.39425,-1.506865,136.5,4.41,2,47.04,17 / 20,5294110,2019-09-06 20:48:19:853,0.0329,-0.7693,9.9675,0.0071,0.0145,9.8065,-0.0638,0.0268,-0.0853,-19.56,-36.19,10.88,290.35,-79.9,-172.93
52.39425,-1.506865,136.5,4.41,2,47.04,17 / 20,5294210,2019-09-06 20:48:19:953,1.0774,-0.9964,9.9318,-0.0053,0.0158,9.8066,-0.0548,0.0078,0.0113,-18.87,-36,10.94,289.31,-79.92,-174.53
52.39425,-1.506865,136.5,4.41,2,47.04,17 / 20,5294310,2019-09-06 20:48:20:053,0.0555,1.4622,9.8343,0.0133,0.0024,9.8066,-0.0801,0.0855,-0.094,-18.56,-36.62,10.25,285.19,-79.85,-175.04
52.39425,-1.506865,136.5,4.41,2,47.04,18 / 20,5294410,2019-09-06 20:48:20:153,-0.4903,-0.4034,10.0267,0.0055,0.0062,9.8066,0.1834,0.0212,-0.0415,-18.5,-37,10.81,287.96,-79.78,-175.72
52.39425,-1.506865,136.5,4.41,2,47.04,18 / 20,5294509,2019-09-06 20:48:20:252,-0.0514,-0.139,9.8942,0.0017,0.0183,9.8065,0.1136,-0.0211,-0.0666,-18.37,-36.19,10.44,284.99,-79.75,-176.07
52.39425,-1.506865,136.5,4.41,2,47.04,18 / 20,5294610,2019-09-06 20:48:20:353,0.0106,0.8699,9.844,0.0105,0.021,9.8066,-0.0619,-0.0149,0.0046,-17.87,-36.5,10.38,282.45,-79.66,-178.26
52.39425,-1.506865,136.5,4.41,2,47.04,18 / 20,5294710,2019-09-06 20:48:20:453,-0.3605,0.6198,9.737,0.0165,0.0043,9.8065,0.0134,0.0336,-0.0698,-18.5,-36.69,11.38,283.76,-79.5,-179.06
52.39425,-1.506865,136.5,4.41,2,47.04,18 / 20,5294809,2019-09-06 20:48:20:552,-0.1623,0.3423,10.0162,0.0067,0.0106,9.8065,0.0112,0.0241,-0.0398,-18.31,-36.69,10.63,282.84,-79.44,-179.8
52.39425,-1.506865,136.5,4.41,2,47.04,18 / 20,5294909,2019-09-06 20:48:20:652,0.2815,-0.085,10.0966,0.0008,0.0061,9.8066,0.0404,-0.0673,0.0328,-18.37,-36.81,9.94,279.23,-79.45,179.6
52.39425,-1.506865,136.5,4.41,2,47.04,18 / 20,5295010,2019-09-06 20:48:20:753,-0.5634,0.0995,9.9349,-0.0023,0.0009,9.8066,0.1227,0.0172,0.0054,-18.31,-37.06,10.94,282.13,-79.4,179.6
52.39425,-1.506865,136.5,4.41,2,47.04,18 / 20,5295109,2019-09-06 20:48:20:852,0.2326,0.8492,10.0189,-0.0115,0.0115,9.8065,0.0094,0.1143,-0.0154,-17.44,-36.5,10.63,283.35,-79.41,179.52
52.39425,-1.506865,136.5,4.41,2,47.04,18 / 20,5295209,2019-09-06 20:48:20:952,-0.6751,-0.8176,9.5953,0.0126,0.009,9.8066,-0.0432,0.0826,-0.0981,-17.62,-36.81,10.69,281.08,-79.44,178.54
52.39425,-1.506865,136.5,4.41,2,47.04,18 / 20,5295309,2019-09-06 20:48:21:052,0.1924,-0.1542,10.1431,-0.0017,0.0043,9.8065,0.0501,-0.0512,0.0207,-17.69,-36.81,10.5,280.75,-79.45,178.21
52.394295,-1.505736,136.92,11.25,3,91.11,18 / 20,5295410,2019-09-06 20:48:21:153,0.1857,0.3741,10.5326,-0.0112,0.0086,9.8066,-0.1012,-0.0184,-0.0199,-17.25,-36.37,10.56,281.53,-79.4,177.84
52.394295,-1.505736,136.92,11.25,3,91.11,18 / 20,5295509,2019-09-06 20:48:21:252,-0.4518,0.3503,9.6732,0.0507,-0.0043,9.8064,-0.1532,0.0437,-0.0324,-16.5,-36.44,10.44,278.32,-79.45,177.04
52.394295,-1.505736,136.92,11.25,3,91.11,18 / 20,5295610,2019-09-06 20:48:21:353,-1.5842,0.3537,9.2728,0.0239,0.0049,9.8065,0.0272,0.0012,0.0178,-17.31,-36.94,9.63,275.84,-79.14,176.46
52.394295,-1.505736,136.92,11.25,3,91.11,18 / 20,5295710,2019-09-06 20:48:21:453,-0.0127,1.0553,10.2082,0.0062,-0.0011,9.8066,-0.1099,0.0403,-0.0956,-16.94,-37.06,10.13,276.08,-79.16,176.65
52.394295,-1.505736,136.92,11.25,3,91.11,18 / 20,5295810,2019-09-06 20:48:21:553,-1.2627,-0.0487,9.9784,-0.0021,0.0084,9.8066,0.0393,-0.0127,0.0175,-17.37,-36.44,9.63,275.97,-79.13,176.01
52.394295,-1.505736,136.92,11.25,3,91.11,18 / 20,5295910,2019-09-06 20:48:21:653,-0.1928,0.9236,10.2635,0.0317,-0.0066,9.8065,0.0636,0.028,-0.065,-17.31,-37.19,10.63,278.32,-78.9,176.35
52.394295,-1.505736,136.92,11.25,3,91.11,18 / 20,5296009,2019-09-06 20:48:21:752,-0.2423,0.1601,9.8415,0.0175,0.0014,9.8066,-0.0363,-0.0066,0.0093,-17.37,-36.87,10.81,277.76,-78.8,176
52.394295,-1.505736,136.92,11.25,3,91.11,18 / 20,5296109,2019-09-06 20:48:21:852,-0.308,0.1193,8.9056,-0.0004,-0.0039,9.8066,-0.1495,-0.1318,-0.0099,-17.12,-37,10.88,277.35,-78.65,175.92
52.394295,-1.505736,136.92,11.25,3,91.11,18 / 20,5296209,2019-09-06 20:48:21:952,-2.9201,-0.0366,10.2174,0.0812,0.0215,9.8063,0.3594,-0.0756,0.0374,-17.12,-37.25,10.63,275.62,-78.35,174.85
52.394295,-1.505736,136.92,11.25,3,91.11,18 / 20,5296310,2019-09-06 20:48:22:053,-0.6907,1.611,8.7892,-0.1507,0.0181,9.8055,0.1829,0.0613,-0.0821,-17.31,-37.06,10.88,276.28,-79.12,173.92
52.394295,-1.505736,136.92,11.25,3,91.11,19 / 21,5296410,2019-09-06 20:48:22:153,-2.3608,-0.0907,9.7021,-0.0241,0.0172,9.8065,-0.058,-0.0859,-0.1198,-17.56,-37,11.31,274.22,-78.56,173.59
52.394295,-1.505736,136.92,11.25,3,91.11,19 / 21,5296509,2019-09-06 20:48:22:252,-1.0006,-0.375,9.8627,0.0184,0.0118,9.8066,-0.016,-0.1039,0.0909,-16.37,-36.69,11.88,277.24,-78.27,172.92
52.394295,-1.505736,136.92,11.25,3,91.11,19 / 21,5296610,2019-09-06 20:48:22:353,-0.329,0.1353,9.6457,0.0083,-0.0071,9.8066,0.0016,-0.0347,-0.046,-17.31,-37.19,10.94,273.23,-78.14,172.92
52.394295,-1.505736,136.92,11.25,3,91.11,19 / 21,5296710,2019-09-06 20:48:22:453,-0.139,1.1442,9.8618,-0.0101,-0.0014,9.8066,-0.0284,0.0236,0.0136,-17.62,-36.94,11.38,273.55,-78.21,173.62
52.394295,-1.505736,136.92,11.25,3,91.11,19 / 21,5296810,2019-09-06 20:48:22:553,0.951,1.6449,9.432,0.005,0.0024,9.8066,-0.0159,-0.039,-0.0679,-16.87,-36.87,11.63,277.69,-78.25,174.13
52.394295,-1.505736,136.92,11.25,3,91.11,19 / 21,5296909,2019-09-06 20:48:22:652,-0.8761,0.9255,10.0483,0.0441,0.0012,9.8064,-0.1182,0.0293,0.0099,-17.31,-36.5,11.13,274.77,-78.1,173.89
52.394295,-1.505736,136.92,11.25,3,91.11,19 / 21,5297009,2019-09-06 20:48:22:752,-0.2668,-2.2454,10.5296,0.0059,-0.0207,9.8066,-0.0166,0.059,-0.1209,-17.25,-36.25,11.69,278.57,-78.27,174.32
52.394295,-1.505736,136.92,11.25,3,91.11,19 / 21,5297109,2019-09-06 20:48:22:852,1.6465,2.0299,9.8027,0.0295,0.0076,9.8065,0.0741,0.11,-0.0529,-17.69,-36.25,11.5,277.41,-78.11,174.2
52.394295,-1.505736,136.92,11.25,3,91.11,19 / 21,5297210,2019-09-06 20:48:22:953,0.0521,-0.4705,10.2625,-0.0033,-0.0136,9.8066,0.0194,-0.0183,-0.0139,-16.94,-36.69,12.06,277.64,-78.18,174.23
52.394295,-1.505736,136.92,11.25,3,91.11,19 / 21,5297310,2019-09-06 20:48:23:053,1.5782,0.7418,10.0595,-0.0191,-0.0002,9.8066,0.0941,0.0988,-0.0325,-17.19,-36.37,12,279.1,-78.13,175.12
52.394295,-1.505736,136.92,11.25,3,91.11,18 / 20,5297409,2019-09-06 20:48:23:152,-2.4006,-0.2668,9.746,0.0159,-0.0065,9.8066,0.0587,-0.106,-0.0369,-17.31,-36.37,11.63,279.39,-78.15,175.36
52.394295,-1.505736,136.92,11.25,3,91.11,18 / 20,5297510,2019-09-06 20:48:23:253,0.5489,1.6666,10.1891,-0.0084,0.0086,9.8066,-0.0775,0.0525,-0.0286,-16.94,-37.25,11.81,279.17,-78.08,175.88
52.394295,-1.505736,136.92,11.25,3,91.11,18 / 20,5297609,2019-09-06 20:48:23:352,0.2942,0.2366,9.3209,-0.0202,-0.0097,9.8065,0.0062,-0.0678,0.0244,-16.75,-36.31,11.75,279.95,-78.15,175.89
52.394295,-1.505736,136.92,11.25,3,91.11,18 / 20,5297710,2019-09-06 20:48:23:453,-1.3028,-0.656,10.2318,-0.0097,0.0003,9.8066,0.0746,0.108,-0.0397,-17.87,-37.06,11.81,279.33,-77.99,176.87
52.394295,-1.505736,136.92,11.25,3,91.11,18 / 20,5297809,2019-09-06 20:48:23:552,-0.8577,-1.1899,10.1384,0.0069,-0.0113,9.8066,0.0296,0.0308,-0.0272,-16.69,-36.94,11.88,280,-77.95,176.95
52.394295,-1.505736,136.92,11.25,3,91.11,18 / 20,5297910,2019-09-06 20:48:23:653,-0.5863,-0.2076,9.7035,-0.0162,0.0097,9.8066,-0.0296,-0.0462,0.0425,-17.25,-36.37,11.25,278.37,-77.97,177.65
52.394295,-1.505736,136.92,11.25,3,91.11,18 / 20,5298011,2019-09-06 20:48:23:754,0.3638,0.2278,9.7892,0.0151,-0.0095,9.8065,-0.0218,-0.1118,-0.0452,-17.87,-36.62,12.13,280.51,-78.08,177.82
52.394295,-1.505736,136.92,11.25,3,91.11,18 / 20,5298110,2019-09-06 20:48:23:853,-1.8162,0.5173,9.8588,-0.0034,0.0144,9.8066,-0.0182,0.0022,-0.001,-17.5,-36.44,11.31,277.99,-77.96,177.31
52.394295,-1.505736,136.92,11.25,3,91.11,18 / 20,5298210,2019-09-06 20:48:23:953,-2.6378,0.1201,9.5065,0.029,-0.0008,9.8066,0.1967,-0.0408,-0.0031,-17.94,-36.44,11.75,279.61,-77.66,177.16
52.394295,-1.505736,136.92,11.25,3,91.11,18 / 20,5298310,2019-09-06 20:48:24:053,-1.8052,0.4593,9.9476,-0.0104,-0.0054,9.8065,0.1049,0.0818,-0.0502,-18.06,-36.69,11.63,279.43,-77.64,177.65
52.394295,-1.505736,136.92,11.25,3,91.11,18 / 20,5298409,2019-09-06 20:48:24:152,-0.1898,1.4834,9.466,-0.0073,0.0058,9.8065,-0.0223,-0.0561,0.0373,-17.87,-36.44,12.25,279.72,-77.53,177.52
52.394295,-1.505736,136.92,11.25,3,91.11,18 / 20,5298510,2019-09-06 20:48:24:253,-1.5128,0.6515,9.6349,-0.0009,-0.0078,9.8066,-0.1054,0.1082,-0.0063,-17.62,-36.06,11.06,277.24,-77.67,177.68
52.394295,-1.505736,136.92,11.25,3,91.11,18 / 20,5298609,2019-09-06 20:48:24:352,-3.015,-1.0106,9.7859,-0.0173,-0.0038,9.8066,-0.0512,-0.0164,-0.052,-17.5,-36.25,11.69,281.59,-77.87,177.97
52.394295,-1.505736,136.92,11.25,3,91.11,18 / 20,5298709,2019-09-06 20:48:24:452,-0.9472,0.8533,9.9321,0.0129,-0.0031,9.8065,0.0539,0.0074,0.0004,-18.06,-36.81,12.06,280.6,-77.82,178.41
52.394295,-1.505736,136.92,11.25,3,91.11,18 / 20,5298810,2019-09-06 20:48:24:553,-1.6503,1.8084,9.6893,-0.0017,-0.016,9.8066,0.0316,-0.1623,-0.0236,-17.87,-36.37,11.63,281.15,-77.83,178.31
52.394295,-1.505736,136.92,11.25,3,91.11,18 / 20,5298909,2019-09-06 20:48:24:652,0.3747,-1.2544,10.1285,-0.0085,0.0052,9.8066,0.059,0.0137,0.0299,-17.87,-35.94,11.63,281.96,-77.73,179.25
52.394295,-1.505736,136.92,11.25,3,91.11,18 / 20,5299010,2019-09-06 20:48:24:753,-2.1479,1.698,10.1809,-0.0347,-0.0068,9.8065,-0.0701,0.1721,-0.1072,-18.44,-36.25,11.69,282.36,-77.85,179.41
52.394295,-1.505736,136.92,11.25,3,91.11,18 / 20,5299110,2019-09-06 20:48:24:853,-1.066,-1.4471,9.4564,-0.0211,-0.0018,9.8066,0.0781,-0.1643,0.1549,-18.37,-35.87,11.06,280.44,-77.74,-179.38
52.394295,-1.505736,136.92,11.25,3,91.11,18 / 20,5299210,2019-09-06 20:48:24:953,-0.0749,0.8532,9.2,-0.0141,-0.0106,9.8066,-0.0402,0.044,0.0067,-19.37,-35.62,11.25,281.53,-77.96,-178.26
52.394295,-1.505736,136.92,11.25,3,91.11,18 / 20,5299310,2019-09-06 20:48:25:053,-0.8186,-1.4191,9.7054,-0.0396,0.0125,9.8065,0.1268,-0.1279,0.066,-19.5,-35.94,10.31,278.54,-78.28,-178.93
52.394295,-1.505736,136.92,11.25,3,91.11,18 / 21,5299410,2019-09-06 20:48:25:153,-1.3124,0.1788,9.4257,-0.034,0.0086,9.8065,0.0383,-0.0159,-0.1205,-20.75,-35.5,9.63,278.9,-78.42,-178.67
52.394295,-1.505736,136.92,11.25,3,91.11,18 / 21,5299509,2019-09-06 20:48:25:252,-0.7262,0.6279,9.6559,0.0133,-0.0013,9.8065,-0.0559,-0.0659,-0.0035,-22.62,-34.69,10.75,279.58,-78.53,-179.86
52.394295,-1.505736,136.92,11.25,3,91.11,18 / 21,5299610,2019-09-06 20:48:25:353,0.1007,1.6231,10.1081,0.0004,0.0053,9.8066,-0.0105,0.0026,0.0805,-23.69,-34.31,12.63,284.23,-78.59,-179.85
52.394295,-1.505736,136.92,11.25,3,91.11,18 / 21,5299710,2019-09-06 20:48:25:453,-0.2985,0.6582,9.5643,-0.0021,-0.0155,9.8066,-0.0263,-0.037,-0.0837,-20.94,-31.37,17,296.89,-78.77,-179.98
52.394295,-1.505736,136.92,11.25,3,91.11,18 / 21,5299810,2019-09-06 20:48:25:553,-2.9935,1.5701,9.6294,0.0042,0.0061,9.8066,0.1341,0.0336,0.0259,-16.87,-29.94,17.25,302.45,-78.84,179.86
52.394295,-1.505736,136.92,11.25,3,91.11,18 / 21,5299910,2019-09-06 20:48:25:653,-0.4896,0.1625,9.6354,-0.0256,0.0187,9.8065,0.0551,0.0786,-0.0493,-12.37,-29.75,16.75,311.84,-78.99,179.54
52.394295,-1.505736,136.92,11.25,3,91.11,18 / 21,5300010,2019-09-06 20:48:25:753,0.8677,0.538,9.9124,-0.0415,0.0315,9.8065,-0.0498,-0.0858,0.0124,-10.94,-31.31,11.81,297.87,-79.3,179.27
52.394295,-1.505736,136.92,11.25,3,91.11,18 / 21,5300109,2019-09-06 20:48:25:852,0.5896,-0.5678,9.2861,0.0301,-0.0032,9.8065,-0.0889,-0.0259,0.0481,-13.12,-34.31,8.13,276.39,-79.24,179.77
52.394295,-1.505736,136.92,11.25,3,91.11,18 / 21,5300210,2019-09-06 20:48:25:953,-2.3376,0.313,9.2352,0.0278,-0.015,9.8065,0.031,-0.0489,-0.0187,-14.81,-34.81,8.44,275.67,-79.39,-179.75
52.394295,-1.505736,136.92,11.25,3,91.11,18 / 21,5300309,2019-09-06 20:48:26:052,-1.5974,0.8458,9.4904,-0.0221,-0.0025,9.8066,-0.0345,0.0613,0.0442,-16,-35.69,8.5,279.63,-79.57,-178.74
52.394295,-1.505736,136.92,11.25,3,91.11,17 / 20,5300409,2019-09-06 20:48:26:152,1.6329,-1.3808,9.29,0.0264,-0.0147,9.8066,-0.1175,0.0727,0.0098,-17.37,-36.31,9.31,279.74,-79.55,-178.12
52.394295,-1.505736,136.92,11.25,3,91.11,17 / 20,5300510,2019-09-06 20:48:26:253,-1.447,-0.8324,9.6547,0.0233,-0.0283,9.8066,-0.2861,0.1178,0.0075,-18.12,-36.06,9.75,284.21,-79.5,-176.33
52.394295,-1.505736,136.92,11.25,3,91.11,17 / 20,5300610,2019-09-06 20:48:26:353,-1.1765,-0.0434,9.4656,0.0521,-0.0149,9.8064,0.1682,0.0128,0.0032,-18.37,-36.25,10.31,284.3,-79.44,-176.13
52.394295,-1.505736,136.92,11.25,3,91.11,17 / 20,5300709,2019-09-06 20:48:26:452,0.7822,-0.7404,10.0973,-0.0635,0.0027,9.8064,0.2519,-0.0188,0.0783,-18.31,-36.19,10.31,286.38,-79.87,-175.01
52.394295,-1.505736,136.92,11.25,3,91.11,17 / 20,5300810,2019-09-06 20:48:26:553,-0.7148,0.4207,9.4535,0.0421,-0.0209,9.8064,-0.1724,-0.0593,0.0383,-19.25,-36.19,10.38,286.66,-79.85,-174.16
52.394295,-1.505736,136.92,11.25,3,91.11,17 / 20,5300909,2019-09-06 20:48:26:652,-2.0147,1.6208,9.7142,-0.0025,-0.0126,9.8066,-0.0946,0.0723,-0.031,-18.75,-36.06,10.19,287.46,-79.78,-173.3
52.394295,-1.505736,136.92,11.25,3,91.11,17 / 20,5301010,2019-09-06 20:48:26:753,-0.5961,0.2331,9.6505,-0.033,-0.0023,9.8065,0.0721,-0.0363,0.0436,-18.75,-36.31,10.63,291.75,-79.98,-172.44
52.394295,-1.505736,136.92,11.25,3,91.11,17 / 20,5301110,2019-09-06 20:48:26:853,-1.5784,-0.0562,9.4941,-0.0279,-0.009,9.8065,0.1004,0.0187,0.005,-19.06,-36.31,10.25,290.18,-80.05,-171.3
52.394295,-1.505736,136.92,11.25,3,91.11,17 / 20,5301209,2019-09-06 20:48:26:952,-1.2584,0.7984,9.8869,-0.0241,-0.0018,9.8065,-0.0416,-0.0265,0.0386,-18.94,-36.25,10.81,293.72,-80.09,-170.86
52.394295,-1.505736,136.92,11.25,3,91.11,17 / 20,5301310,2019-09-06 20:48:27:053,-1.6629,0.0426,9.2241,-0.0072,-0.0027,9.8066,-0.054,-0.027,0.0473,-19.62,-36,10.81,293.93,-79.98,-169.84
52.394295,-1.505736,136.92,11.25,3,91.11,18 / 20,5301409,2019-09-06 20:48:27:152,-1.7886,0.6138,9.8451,0.013,-0.0117,9.8066,-0.0286,-0.0779,0.0093,-19.25,-35.81,11,295.29,-79.98,-169.29
52.394295,-1.505736,136.92,11.25,3,91.11,18 / 20,5301510,2019-09-06 20:48:27:253,-0.0371,0.3655,9.7002,-0.0071,0.0062,9.8066,0.0011,-0.0057,-0.0225,-19.12,-35.94,11.31,295.5,-80.04,-169.21
52.394295,-1.505736,136.92,11.25,3,91.11,18 / 20,5301609,2019-09-06 20:48:27:352,-1.2924,-0.0614,10.0319,0.0075,0.0047,9.8066,-0.0514,0.0123,-0.0359,-19,-35.75,10.81,295.17,-80.09,-169.57
52.394295,-1.505736,136.92,11.25,3,91.11,18 / 20,5301709,2019-09-06 20:48:27:452,-0.7786,0.565,9.5985,-0.0014,0.0082,9.8066,-0.0167,-0.1083,0.0516,-19.31,-36.06,10.75,295.32,-80.23,-169.68
52.394295,-1.505736,136.92,11.25,3,91.11,18 / 20,5301810,2019-09-06 20:48:27:553,-1.5454,-0.6474,9.284,0.0084,-0.0056,9.8065,-0.0046,-0.0451,0.0558,-19.87,-35.56,11.06,294.84,-80.17,-169.33
52.394295,-1.505736,136.92,11.25,3,91.11,18 / 20,5301910,2019-09-06 20:48:27:653,-1.3678,1.5742,9.616,-0.015,-0.0153,9.8066,0.0167,0.0486,-0.0472,-19.87,-35.5,10.81,294.73,-80.26,-169.97
52.394295,-1.505736,136.92,11.25,3,91.11,18 / 20,5302010,2019-09-06 20:48:27:753,-2.594,-0.6905,9.8139,-0.0145,-0.0026,9.8066,0.0801,0.0413,-0.0112,-19.94,-35.5,10.69,295.87,-80.25,-168.94
52.394295,-1.505736,136.92,11.25,3,91.11,18 / 20,5302110,2019-09-06 20:48:27:853,-0.9022,-1.1245,10.3984,-0.0153,-0.0037,9.8066,0.1241,-0.1182,0.0411,-20.5,-35.62,10.63,296.5,-80.17,-167.86
52.394295,-1.505736,136.92,11.25,3,91.11,18 / 20,5302210,2019-09-06 20:48:27:953,-0.0732,1.1036,10.1001,-0.0223,0.0033,9.8066,-0.0801,-0.1258,0.0945,-20.06,-35.5,11.75,299.92,-80.15,-167.67
52.394295,-1.505736,136.92,11.25,3,91.11,18 / 20,5302309,2019-09-06 20:48:28:052,-0.5177,0.2267,9.6654,0.0343,-0.0246,9.8065,-0.0753,-0.0033,0.0186,-19.75,-36.12,11.31,296.55,-79.85,-167.32
52.394295,-1.505736,136.92,11.25,3,91.11,18 / 20,5302410,2019-09-06 20:48:28:153,-1.3311,0.2764,9.5452,0.0239,-0.0223,9.8066,-0.0035,-0.0563,0.0286,-19.94,-35.69,12,300.62,-79.91,-166.33
52.394295,-1.505736,136.92,11.25,3,91.11,18 / 20,5302510,2019-09-06 20:48:28:253,-1.9826,0.8923,9.1841,-0.0373,0.008,9.8065,-0.0987,0.0395,-0.0326,-20.19,-35.81,10.88,299.07,-80.11,-165.52
52.394295,-1.505736,136.92,11.25,3,91.11,18 / 20,5302610,2019-09-06 20:48:28:353,-2.4299,-0.5396,9.7273,0.0094,0.0053,9.8066,0.1071,0.0509,-0.0106,-20.19,-35.06,11.56,302.49,-80.3,-165.65
52.394295,-1.505736,136.92,11.25,3,91.11,18 / 20,5302709,2019-09-06 20:48:28:452,-2.5805,1.0298,9.4831,-0.0402,0.0032,9.8065,0.1242,0.013,-0.0631,-20.94,-35.31,11.31,299.92,-80.48,-165.03
52.394295,-1.505736,136.92,11.25,3,91.11,18 / 20,5302809,2019-09-06 20:48:28:552,-0.9719,0.1583,10.1605,-0.0253,0.0047,9.8066,0.0805,-0.0316,0.0253,-20.19,-35.12,11.75,303.19,-80.35,-165.12
52.394295,-1.505736,136.92,11.25,3,91.11,18 / 20,5302910,2019-09-06 20:48:28:653,-1.2046,0.4118,10.2205,-0.0043,0.0065,9.8066,0.0916,-0.0364,-0.0086,-20.5,-35.44,11.56,302.57,-80.22,-165.48
52.394295,-1.505736,136.92,11.25,3,91.11,18 / 20,5303010,2019-09-06 20:48:28:753,-1.4257,1.2345,9.8424,-0.0163,0.0013,9.8066,0.0075,-0.0493,0.0599,-20.19,-35.56,12.06,302.51,-80.28,-165.25
52.394295,-1.505736,136.92,11.25,3,91.11,18 / 20,5303110,2019-09-06 20:48:28:853,-1.139,-0.1816,9.824,0.0007,-0.0054,9.8066,0.0669,-0.0282,0.0041,-20.44,-35.94,12,302.82,-80.23,-164.91
52.394295,-1.505736,136.92,11.25,3,91.11,18 / 20,5303209,2019-09-06 20:48:28:952,-1.616,0.0608,9.0947,0.0064,-0.0013,9.8066,-0.0407,0.0047,0.0101,-20.12,-35.87,12.75,306.01,-80.23,-164.54
52.394295,-1.505736,136.92,11.25,3,91.11,18 / 20,5303310,2019-09-06 20:48:29:053,-1.9782,2.0252,9.3063,-0.0516,0.0186,9.8064,0.0243,-0.0045,-0.0204,-20.25,-35.31,11.56,304.21,-80.41,-164.33
52.394295,-1.505736,136.92,11.25,3,91.11,18 / 20,5303409,2019-09-06 20:48:29:152,-1.424,0.4504,9.844,-0.0075,-0.001,9.8066,0.0365,-0.0401,0.0597,-20.69,-35.06,12.25,303.23,-80.32,-164.27
52.394295,-1.505736,136.92,11.25,3,91.11,18 / 20,5303510,2019-09-06 20:48:29:253,-1.8277,0.5731,10.119,0.0005,-0.0096,9.8066,0.0069,0.0157,0.0001,-20.37,-35,11.81,305,-80.27,-163.47
52.394295,-1.505736,136.92,11.25,3,91.11,18 / 20,5303609,2019-09-06 20:48:29:352,-1.44,0.744,9.2589,-0.0046,0.0008,9.8066,0.0712,-0.0407,-0.0116,-20.37,-35.37,12.13,305.01,-80.25,-163.43
52.394295,-1.505736,136.92,11.25,3,91.11,18 / 20,5303710,2019-09-06 20:48:29:453,-0.7293,1.1583,9.5459,-0.0001,0.0023,9.8066,-0.0415,-0.066,0.0551,-20.44,-35.5,12.38,304.98,-80.19,-163.37
52.394295,-1.505736,136.92,11.25,3,91.11,18 / 20,5303809,2019-09-06 20:48:29:552,-1.0794,1.7344,9.8237,0.0132,-0.008,9.8065,-0.0125,-0.0467,0.0233,-19.81,-35.69,12.81,307.46,-80.17,-163.25
52.394295,-1.505736,136.92,11.25,3,91.11,18 / 20,5303910,2019-09-06 20:48:29:653,-1.3901,0.2591,10.6554,0.0091,-0.0081,9.8066,0.0783,0.0288,-0.0242,-20.75,-36.06,12.25,304.7,-80.31,-162.65
52.394295,-1.505736,136.92,11.25,3,91.11,18 / 20,5304009,2019-09-06 20:48:29:752,-2.076,0.6974,10.2299,-0.0031,-0.0009,9.8066,0.0099,0.0335,-0.0552,-20.31,-35.19,12.38,306.05,-80.34,-162.67
52.394295,-1.505736,136.92,11.25,3,91.11,18 / 20,5304109,2019-09-06 20:48:29:852,-1.7681,0.3556,9.9303,0.0097,0.0152,9.8065,0.0621,-0.0214,-0.0362,-20.25,-35.81,12.31,304.62,-80.29,-163.47
52.394295,-1.505736,136.92,11.25,3,91.11,18 / 20,5304209,2019-09-06 20:48:29:952,-0.527,1.8209,9.8996,0.0042,0.0105,9.8066,0.0072,-0.0077,-0.0381,-20,-35.75,12.25,303.58,-80.31,-164.37
52.394295,-1.505736,136.92,11.25,3,91.11,18 / 20,5304310,2019-09-06 20:48:30:053,-1.062,1.8598,9.9471,0.0002,0.0172,9.8065,0.0416,0.1019,-0.0221,-19.69,-35.25,12.69,304.97,-80.43,-166.04
52.394283,-1.504322,138.06,7.47,3,93.38,18 / 20,5304410,2019-09-06 20:48:30:153,-0.7936,2.7283,9.6796,-0.0174,0.0177,9.8066,-0.0025,0.1415,-0.0912,-20.06,-36.06,12.31,300.9,-80.38,-166.77
52.394283,-1.504322,138.06,7.47,3,93.38,18 / 20,5304509,2019-09-06 20:48:30:252,-1.2563,3.3319,9.3887,0.0025,0.0187,9.8066,0.0172,0.2003,-0.0982,-20.31,-35.56,11.88,298.92,-80.59,-168.82
52.394283,-1.504322,138.06,7.47,3,93.38,18 / 20,5304610,2019-09-06 20:48:30:353,-0.2129,3.0785,9.8389,0.0034,0.0059,9.8066,0.006,0.1054,-0.0304,-19.12,-36.06,11.75,298.63,-80.54,-169.81
52.394283,-1.504322,138.06,7.47,3,93.38,18 / 20,5304709,2019-09-06 20:48:30:452,-0.2251,1.312,8.9818,0.0252,0.016,9.8065,-0.1358,0.1645,-0.0822,-19.62,-36.37,11,293.93,-80.55,-170.74
52.394283,-1.504322,138.06,7.47,3,93.38,18 / 20,5304810,2019-09-06 20:48:30:553,-0.5226,2.6436,9.3993,-0.039,0.0303,9.8064,0.0253,0.1839,-0.0181,-19.25,-36.37,11.31,292.45,-80.51,-172.7
52.394283,-1.504322,138.06,7.47,3,93.38,18 / 20,5304910,2019-09-06 20:48:30:653,-0.9329,2.9055,10.1522,-0.027,0.011,9.8065,-0.0213,0.244,-0.0418,-19.31,-37.62,10.94,291.42,-80.94,-173.54
52.394283,-1.504322,138.06,7.47,3,93.38,18 / 20,5305010,2019-09-06 20:48:30:753,-0.8375,2.9683,10.0797,-0.023,0.0095,9.8065,0.0478,0.2807,-0.0471,-20.06,-36.75,9.5,288.56,-81.1,-173.6
52.394283,-1.504322,138.06,7.47,3,93.38,18 / 20,5305110,2019-09-06 20:48:30:853,-0.0918,3.2818,9.9623,-0.004,0.0114,9.8066,0.0787,0.348,-0.0723,-19.12,-36.25,9.25,286.35,-81.2,-174.1
52.394283,-1.504322,138.06,7.47,3,93.38,18 / 20,5305210,2019-09-06 20:48:30:953,0.1065,3.2474,9.9912,0.0271,-0.0013,9.8066,-0.0023,0.3908,-0.0543,-19.62,-36.94,8.81,284.63,-81.16,-174.73
52.394283,-1.504322,138.06,7.47,3,93.38,18 / 20,5305309,2019-09-06 20:48:31:052,-0.698,2.3074,10.2788,0.0148,0.0004,9.8066,0.0113,0.344,-0.0635,-19.62,-36.75,7.69,280.99,-80.94,-175.08
52.394283,-1.504322,138.06,7.47,3,93.38,19 / 21,5305410,2019-09-06 20:48:31:153,-0.6113,3.631,9.5457,0.0031,0.0153,9.8066,-0.0014,0.4024,-0.1104,-18.19,-37.12,7.56,280.74,-80.96,-176.02
52.394283,-1.504322,138.06,7.47,3,93.38,19 / 21,5305509,2019-09-06 20:48:31:252,-1.2641,2.7507,10.1279,0.0065,0.0065,9.8066,-0.0033,0.4266,-0.0918,-18.69,-37.25,6.44,273.35,-80.88,-176.82
52.394283,-1.504322,138.06,7.47,3,93.38,19 / 21,5305610,2019-09-06 20:48:31:353,-1.0896,2.7728,9.9882,0.0114,0.0194,9.8066,0.0653,0.4424,-0.0936,-18.5,-37.81,6.38,271.39,-80.81,-178.13
52.394283,-1.504322,138.06,7.47,3,93.38,19 / 21,5305710,2019-09-06 20:48:31:453,-1.0165,2.9677,9.1443,-0.0145,0.0014,9.8066,0.0301,0.3893,-0.0728,-17.37,-37.25,5.19,267.48,-80.74,-179.06
52.394283,-1.504322,138.06,7.47,3,93.38,19 / 21,5305809,2019-09-06 20:48:31:552,-1.1554,1.9237,9.5446,-0.0121,0.0066,9.8066,0.0631,0.404,-0.0585,-18.62,-38.12,4.19,264.19,-80.86,-179.53
52.394283,-1.504322,138.06,7.47,3,93.38,19 / 21,5305910,2019-09-06 20:48:31:653,-0.7216,2.4005,10.4856,-0.0451,0.0048,9.8065,0.1703,0.4344,-0.1456,-17.69,-38.44,3.56,263.46,-81.15,179.43
52.394283,-1.504322,138.06,7.47,3,93.38,19 / 21,5306010,2019-09-06 20:48:31:753,0.001,2.9555,9.8231,-0.0762,0.022,9.8063,-0.1704,0.4252,-0.0804,-16.81,-38.37,3.19,258.33,-81.41,177.19
52.394283,-1.504322,138.06,7.47,3,93.38,19 / 21,5306110,2019-09-06 20:48:31:853,-1.4576,2.3197,9.7106,0.0073,0.0044,9.8066,-0.1167,0.3736,-0.0591,-16.94,-38.44,1.25,251.61,-81.67,176.1
52.394283,-1.504322,138.06,7.47,3,93.38,19 / 21,5306210,2019-09-06 20:48:31:953,-0.9686,3.168,10.4202,0.0132,0.0166,9.8065,0.0469,0.4078,-0.0332,-15.62,-38.44,0.81,250.49,-81.89,175.28
52.394283,-1.504322,138.06,7.47,3,93.38,19 / 21,5306310,2019-09-06 20:48:32:053,-1.2744,3.0155,9.5369,0.0212,-0.0042,9.8065,0.0294,0.4247,-0.0432,-15.44,-38.06,0.38,245.16,-81.84,174.15
52.394283,-1.504322,138.06,7.47,3,93.38,19 / 20,5306410,2019-09-06 20:48:32:153,-1.3367,2.6949,9.7939,0.0272,0.0047,9.8066,0.1714,0.4598,-0.0806,-15.06,-38.87,0.19,244.94,-81.41,175.48
52.394283,-1.504322,138.06,7.47,3,93.38,19 / 20,5306509,2019-09-06 20:48:32:252,0.4056,3.2722,9.9213,0.012,0.0095,9.8065,0.1532,0.4457,-0.0558,-15,-38.56,-0.37,244.05,-81,175.45
52.394283,-1.504322,138.06,7.47,3,93.38,19 / 20,5306610,2019-09-06 20:48:32:353,-0.1444,3.1288,10.4165,0.0178,0.0116,9.8066,0.0003,0.4825,-0.0917,-14.94,-38.12,-0.87,240.71,-80.67,175.36
52.394283,-1.504322,138.06,7.47,3,93.38,19 / 20,5306710,2019-09-06 20:48:32:453,-1.0937,2.4325,10.0476,0.0127,0.0024,9.8066,0.0291,0.461,-0.0378,-14.75,-39.25,-1.5,239.96,-80.45,175.54
52.394283,-1.504322,138.06,7.47,3,93.38,19 / 20,5306810,2019-09-06 20:48:32:553,-0.8702,2.7015,10.106,0.0112,0.008,9.8066,0.1079,0.4721,-0.1192,-13.69,-39.12,-2.75,232.55,-80.37,175.66
52.394283,-1.504322,138.06,7.47,3,93.38,19 / 20,5306909,2019-09-06 20:48:32:652,-2.8297,1.9807,10.0584,-0.0102,0.0102,9.8066,0.1059,0.4851,-0.1041,-13.25,-38.94,-3.06,230.07,-80.19,175.29
52.394283,-1.504322,138.06,7.47,3,93.38,19 / 20,5307009,2019-09-06 20:48:32:752,-2.2483,2.8591,9.374,0.0048,0.01,9.8066,-0.1887,0.4555,-0.081,-12.12,-39.87,-3.62,223.84,-79.98,174.42
52.394283,-1.504322,138.06,7.47,3,93.38,19 / 20,5307110,2019-09-06 20:48:32:853,-3.0415,2.5312,9.5761,0.0301,0.0225,9.8065,-0.074,0.5075,-0.0256,-12,-39.31,-4.06,223.96,-79.67,174.68
52.394283,-1.504322,138.06,7.47,3,93.38,19 / 20,5307210,2019-09-06 20:48:32:953,0.3342,2.4079,9.2618,0.0429,-0.0083,9.8065,-0.0058,0.4197,-0.0893,-11.37,-38.87,-4,222.53,-79.62,176.19
52.394283,-1.504322,138.06,7.47,3,93.38,19 / 20,5307309,2019-09-06 20:48:33:052,-2.0163,0.1236,9.3261,-0.0183,-0.0385,9.8065,0.0468,0.521,-0.0796,-11.06,-39.69,-5.06,220.94,-79.7,177.9
52.394283,-1.504322,138.06,7.47,3,93.38,19 / 21,5307410,2019-09-06 20:48:33:153,-1.3196,0.7272,9.3886,-0.0301,-0.0482,9.8064,-0.1595,0.5464,-0.0828,-10.94,-39.12,-5.31,222.86,-80.24,178.88
52.394283,-1.504322,138.06,7.47,3,93.38,19 / 21,5307509,2019-09-06 20:48:33:252,-1.4985,1.9238,9.7666,-0.0162,-0.0378,9.8065,-0.1456,0.3378,0.0082,-10.31,-39.44,-6.25,219.44,-80.79,-179.98
52.394283,-1.504322,138.06,7.47,3,93.38,19 / 21,5307610,2019-09-06 20:48:33:353,-2.2876,0.9681,9.7291,-0.0248,-0.001,9.8065,0.0493,0.327,-0.0669,-10.62,-39.06,-7.12,220.71,-81.04,-179.38
52.394283,-1.504322,138.06,7.47,3,93.38,19 / 21,5307710,2019-09-06 20:48:33:453,-2.4074,0.2748,9.824,0.0045,0.001,9.8066,0.0893,0.3897,-0.1024,-8.94,-39.69,-7.5,213.92,-81.07,179.24
52.394283,-1.504322,138.06,7.47,3,93.38,19 / 21,5307810,2019-09-06 20:48:33:553,-2.112,1.8266,9.6977,-0.0011,0.0166,9.8066,0.1504,0.2932,-0.0069,-8.87,-40.31,-7.31,213.16,-80.73,178.78
52.394283,-1.504322,138.06,7.47,3,93.38,19 / 21,5307910,2019-09-06 20:48:33:653,-0.1959,1.266,10.3755,0.0207,-0.0085,9.8066,0.143,0.2216,0.0238,-8.37,-39.62,-7.31,210.47,-80.31,-179.9
52.394283,-1.504322,138.06,7.47,3,93.38,19 / 21,5308010,2019-09-06 20:48:33:753,-1.1245,0.3305,10.1443,0.0004,-0.022,9.8066,-0.059,0.2695,-0.0432,-8,-40.12,-7.31,211.3,-80.18,-178.33
52.394283,-1.504322,138.06,7.47,3,93.38,19 / 21,5308109,2019-09-06 20:48:33:852,-0.5084,1.3118,9.373,-0.003,0.0031,9.8066,-0.0794,0.1881,0.041,-8.56,-39.62,-7.31,214.65,-80.1,-177.72
52.394283,-1.504322,138.06,7.47,3,93.38,19 / 21,5308210,2019-09-06 20:48:33:953,-1.0638,0.9887,9.6769,0.0278,0.0154,9.8066,0.0109,0.1953,-0.0369,-7.25,-39.81,-7.25,208.82,-80.03,-176.76
52.394283,-1.504322,138.06,7.47,3,93.38,19 / 21,5308309,2019-09-06 20:48:34:052,-0.2733,0.3791,8.7882,0.0028,0.0109,9.8066,-0.1068,0.1295,-0.0016,-7.56,-40.12,-7.75,210.22,-79.98,-177.06
52.394283,-1.504322,138.06,7.47,3,93.38,19 / 22,5308409,2019-09-06 20:48:34:152,-0.5864,0.4365,8.9642,0.0208,0.0174,9.8066,0.0902,0.1421,0.0618,-7.5,-39.56,-7.25,209.02,-79.99,-176.36
52.394283,-1.504322,138.06,7.47,3,93.38,19 / 22,5308510,2019-09-06 20:48:34:253,0.7204,1.3668,10.2282,-0.0093,-0.0498,9.8065,0.086,0.062,-0.0305,-7.94,-39.5,-8.19,211.83,-80.2,-175.43
52.394283,-1.504322,138.06,7.47,3,93.38,19 / 22,5308610,2019-09-06 20:48:34:353,-0.0419,-0.1801,10.2226,-0.0311,-0.0143,9.8066,0.0456,0.0068,-0.025,-7.37,-39.56,-8,208.78,-80.53,-175.34
52.394283,-1.504322,138.06,7.47,3,93.38,19 / 22,5308710,2019-09-06 20:48:34:453,-0.5429,0.2959,11.9193,-0.0609,-0.0949,9.8059,0.3742,0.0616,-0.1141,-6.75,-40.06,-8.12,207.9,-81.19,-177.88
52.394283,-1.504322,138.06,7.47,3,93.38,19 / 22,5308810,2019-09-06 20:48:34:553,-0.4717,1.4575,10.8051,0.0495,0.1231,9.8056,0.1874,0.074,0.0217,-7,-39.69,-8.12,206.84,-81.12,-179.38
52.394283,-1.504322,138.06,7.47,3,93.38,19 / 22,5308910,2019-09-06 20:48:34:653,0.4171,0.5456,10.9503,0.0115,0.0209,9.8066,0.4674,0.1023,-0.0919,-5.94,-40.44,-7.37,204.32,-80.31,-179.05
52.394283,-1.504322,138.06,7.47,3,93.38,19 / 22,5309010,2019-09-06 20:48:34:753,1.387,0.2672,11.2526,-0.0376,-0.0827,9.8062,-0.0892,0.011,0.025,-6.44,-40.56,-7.62,202.47,-80.49,-179.65
52.394283,-1.504322,138.06,7.47,3,93.38,19 / 22,5309110,2019-09-06 20:48:34:853,0.7788,4.1255,11.1312,0.0141,0.0313,9.8065,0.2141,0.1189,-0.1164,-6.12,-39.75,-7.37,203.67,-80.17,-179.9
52.394283,-1.504322,138.06,7.47,3,93.38,19 / 22,5309210,2019-09-06 20:48:34:953,0.42,1.3405,10.8023,0.0159,0.0596,9.8064,-0.3186,0.0104,0.0321,-6.69,-40.06,-7.94,205.03,-80.17,179.34
52.394283,-1.504322,138.06,7.47,3,93.38,19 / 22,5309310,2019-09-06 20:48:35:053,0.5507,-0.1319,9.8303,0.0286,0.0693,9.8063,-0.0438,0.0004,0.0187,-5.5,-39.56,-8,198.14,-79.92,179.25
52.394283,-1.504322,138.06,7.47,3,93.38,18 / 20,5309409,2019-09-06 20:48:35:152,0.4095,-0.0265,9.9506,0.0081,0.0263,9.8065,-0.0742,0.0379,-0.0424,-6.37,-39.94,-7.37,203.08,-80.08,179.24
52.394283,-1.504322,138.06,7.47,3,93.38,18 / 20,5309510,2019-09-06 20:48:35:253,0.6785,2.154,10.3234,0.0026,0.0269,9.8066,-0.1376,-0.0319,0.0507,-6,-39.56,-8,201.08,-80.1,178.27
52.394283,-1.504322,138.06,7.47,3,93.38,18 / 20,5309609,2019-09-06 20:48:35:352,0.4083,1.0505,9.4406,0.0138,0.0404,9.8065,0.0349,-0.0157,-0.0161,-6.19,-40.12,-8.25,201,-80.03,178.25
52.394283,-1.504322,138.06,7.47,3,93.38,18 / 20,5309709,2019-09-06 20:48:35:452,-0.0587,0.1917,9.3644,-0.0074,-0.0231,9.8065,-0.0069,0.0138,-0.0094,-6.37,-40,-7.81,200.86,-79.94,178.13
52.394283,-1.504322,138.06,7.47,3,93.38,18 / 20,5309811,2019-09-06 20:48:35:554,0.6493,1.5226,10.1307,-0.0118,-0.0064,9.8066,0.0111,0.0136,0.0073,-5.94,-39.62,-7.87,200.78,-80.03,177.86
52.394283,-1.504322,138.06,7.47,3,93.38,18 / 20,5309910,2019-09-06 20:48:35:653,0.3044,1.4525,10.2782,-0.0028,-0.0146,9.8065,0.0206,0.016,-0.0934,-5.5,-39.87,-8.12,197.3,-80.16,177.5
52.394283,-1.504322,138.06,7.47,3,93.38,18 / 20,5310011,2019-09-06 20:48:35:754,-0.5791,1.8484,10.0044,-0.0262,-0.021,9.8065,0.0391,-0.1539,0.0177,-6.25,-40.19,-8.25,200.18,-80.17,176.68
52.394283,-1.504322,138.06,7.47,3,93.38,18 / 20,5310110,2019-09-06 20:48:35:853,0.6837,1.4579,10.6757,-0.0071,-0.0035,9.8065,0.0761,0.1259,-0.0688,-5.75,-39.56,-7.44,201.42,-80.08,176.4
52.394283,-1.504322,138.06,7.47,3,93.38,18 / 20,5310210,2019-09-06 20:48:35:953,1.2331,1.3566,10.0931,-0.0032,-0.009,9.8065,-0.0832,-0.0963,0.0251,-6.5,-40.25,-7.87,199.69,-80.02,176.06
52.394283,-1.504322,138.06,7.47,3,93.38,18 / 20,5310310,2019-09-06 20:48:36:053,0.2717,2.0613,10.5668,0.0077,0.0454,9.8065,-0.0193,0.0201,-0.0545,-5.94,-40.19,-7.94,199.92,-79.8,176.76
52.394283,-1.504322,138.06,7.47,3,93.38,18 / 20,5310410,2019-09-06 20:48:36:153,1.8213,-1.8045,9.0154,-0.0027,0.0114,9.8066,-0.0798,0.1033,-0.0977,-6.25,-39.75,-7.87,199.54,-79.9,175.98
52.394283,-1.504322,138.06,7.47,3,93.38,18 / 20,5310509,2019-09-06 20:48:36:252,2.055,-1.421,10.1436,0.0023,-0.0026,9.8066,0.1209,-0.2151,0.0826,-5.62,-40,-8.62,198.32,-79.88,176.16
52.394283,-1.504322,138.06,7.47,3,93.38,18 / 20,5310610,2019-09-06 20:48:36:353,-0.4778,0.7459,9.8972,0.019,0.0266,9.8065,0.1044,-0.0957,0.106,-5.94,-39.87,-8.44,200.05,-79.69,177.12
52.394283,-1.504322,138.06,7.47,3,93.38,18 / 20,5310710,2019-09-06 20:48:36:453,0.4721,-0.9663,9.6884,-0.008,0.015,9.8066,0.0937,0.0648,-0.0615,-5.37,-40.12,-7.5,197.14,-79.51,175.79
52.394283,-1.504322,138.06,7.47,3,93.38,18 / 20,5310810,2019-09-06 20:48:36:553,0.1832,-1.4063,9.5601,0.0016,-0.0161,9.8066,0.019,0.0092,-0.04,-6.12,-40.12,-7.12,200.04,-79.28,175.2
52.394283,-1.504322,138.06,7.47,3,93.38,18 / 20,5310910,2019-09-06 20:48:36:653,1.1664,-1.9439,10.3211,0.0083,0.0412,9.8065,-0.2176,-0.0279,0.0596,-5.31,-39.94,-7.87,194.99,-79.14,174.68
52.394283,-1.504322,138.06,7.47,3,93.38,18 / 20,5311010,2019-09-06 20:48:36:753,0.4408,-0.0183,10.1575,-0.003,0.0079,9.8066,0.0392,0.0097,-0.0121,-5.94,-39.5,-7.87,198.16,-79.37,173.98
52.394283,-1.504322,138.06,7.47,3,93.38,18 / 20,5311109,2019-09-06 20:48:36:852,-0.083,1.7851,9.8329,0.005,0.0128,9.8065,-0.1671,-0.022,-0.0269,-6.06,-40.12,-8.06,198.23,-79.4,174.41
52.394283,-1.504322,138.06,7.47,3,93.38,18 / 20,5311210,2019-09-06 20:48:36:953,1.2997,2.1871,9.7431,0.0301,-0.0033,9.8066,-0.054,0.0635,0.0078,-5.81,-39.87,-7.81,198.5,-79.48,174.76
52.394283,-1.504322,138.06,7.47,3,93.38,18 / 20,5311309,2019-09-06 20:48:37:052,1.4879,0.8458,9.6963,0.0073,-0.0175,9.8066,0.0047,-0.019,0.1715,-6.62,-39.44,-8.37,203.23,-79.66,176.79
52.394283,-1.504322,138.06,7.47,3,93.38,19 / 22,5311410,2019-09-06 20:48:37:153,2.0927,1.0731,11.286,0.0337,-0.0205,9.8065,0.0361,-0.0132,-0.0357,-6.69,-39.69,-8,204.38,-79.69,179.04
52.394283,-1.504322,138.06,7.47,3,93.38,19 / 22,5311509,2019-09-06 20:48:37:252,-0.0292,-0.4735,9.9212,0.0205,0.0125,9.8065,0.1372,0.0836,0.0961,-6.81,-39.75,-7.69,204.96,-79.84,179.74
52.394283,-1.504322,138.06,7.47,3,93.38,19 / 22,5311610,2019-09-06 20:48:37:353,0.5856,-0.6227,10.0858,0.0217,0.0064,9.8066,0.0283,-0.0064,-0.0146,-6.69,-40.12,-8.19,205.88,-79.54,-178.28
52.394283,-1.504322,138.06,7.47,3,93.38,19 / 22,5311709,2019-09-06 20:48:37:452,0.5104,-0.7397,9.9276,0.0027,0.01,9.8066,-0.0137,0.0261,0.009,-6.75,-39.69,-7.87,206.17,-79.4,-177.57
52.394283,-1.504322,138.06,7.47,3,93.38,19 / 22,5311810,2019-09-06 20:48:37:553,1.5535,0.9613,10.0883,-0.0195,-0.0182,9.8065,0.0225,-0.0066,-0.0645,-7.19,-39.5,-8.44,206.24,-79.5,-178.07
52.394283,-1.504322,138.06,7.47,3,93.38,19 / 22,5311910,2019-09-06 20:48:37:653,0.4487,0.7162,9.5547,-0.0149,0.0207,9.8065,0.06,-0.008,0.0074,-6.62,-39.69,-7.69,205.01,-79.5,-179.65
52.394283,-1.504322,138.06,7.47,3,93.38,19 / 22,5312010,2019-09-06 20:48:37:753,0.9821,-0.615,9.2824,-0.0165,-0.0111,9.8065,-0.0323,0.0336,-0.0738,-6.75,-39.69,-8,204.54,-79.46,179.65
52.394283,-1.504322,138.06,7.47,3,93.38,19 / 22,5312110,2019-09-06 20:48:37:853,0.0445,-0.3122,10.0845,-0.0324,-0.0104,9.8065,0.1491,-0.0378,0.0027,-6.69,-39.44,-7.75,204.05,-79.43,178.45
52.394283,-1.504322,138.06,7.47,3,93.38,19 / 22,5312210,2019-09-06 20:48:37:953,0.8686,1.1187,10.1351,-0.0206,-0.0173,9.8066,-0.0477,-0.0206,-0.0315,-6.25,-39.94,-7.81,199.69,-79.47,176.8
52.394283,-1.504322,138.06,7.47,3,93.38,19 / 22,5312310,2019-09-06 20:48:38:053,1.3468,1.7373,10.5337,-0.0131,0.0166,9.8066,0.0859,-0.0487,0.006,-6.31,-40,-8.06,198.58,-79.38,175.03
52.394283,-1.504322,138.06,7.47,3,93.38,20 / 22,5312410,2019-09-06 20:48:38:153,1.3647,-0.3082,10.086,0.0062,0.0361,9.8065,-0.2326,0.0482,-0.1028,-6.06,-40.25,-7.87,198.27,-79.29,174.6
52.394283,-1.504322,138.06,7.47,3,93.38,20 / 22,5312509,2019-09-06 20:48:38:252,1.2123,-0.2962,9.6964,-0.0103,0.0142,9.8065,0.0005,-0.0413,0.0661,-5.87,-40,-8.12,197.36,-79.09,173.26
52.394283,-1.504322,138.06,7.47,3,93.38,20 / 22,5312609,2019-09-06 20:48:38:352,1.5943,-0.2935,10.3947,-0.0026,0.005,9.8066,-0.0068,0.1391,-0.0897,-6.19,-39.87,-8.06,197.17,-78.98,173.08
52.394283,-1.504322,138.06,7.47,3,93.38,20 / 22,5312710,2019-09-06 20:48:38:453,-0.6118,1.8873,10.439,-0.0006,0.0179,9.8066,0.1119,-0.061,0.0501,-5.69,-39.81,-8.19,196.51,-78.93,171.98
52.394283,-1.504322,138.06,7.47,3,93.38,20 / 22,5312810,2019-09-06 20:48:38:553,0.8013,0.7924,9.362,-0.0092,-0.0025,9.8066,-0.0139,0.0258,0.0154,-5.69,-39.87,-7.81,196.35,-78.61,172.04
52.394283,-1.504322,138.06,7.47,3,93.38,20 / 22,5312909,2019-09-06 20:48:38:652,0.2696,1.5243,10.0182,-0.0092,0.0004,9.8066,-0.0098,0.0333,-0.0491,-5.94,-40.19,-7.94,195.91,-78.61,171.27
52.394283,-1.504322,138.06,7.47,3,93.38,20 / 22,5313010,2019-09-06 20:48:38:753,0.2597,-0.8102,10.3145,-0.006,0.0177,9.8065,-0.042,0.0219,0.012,-5.69,-39.87,-8.06,195.53,-78.47,170.74
52.394283,-1.504322,138.06,7.47,3,93.38,20 / 22,5313110,2019-09-06 20:48:38:853,-0.0657,-0.0372,9.3146,-0.0073,0.0043,9.8066,-0.0205,0.0513,-0.0655,-5.75,-40.06,-7.69,194.67,-78.46,169.23
52.394283,-1.504322,138.06,7.47,3,93.38,20 / 22,5313210,2019-09-06 20:48:38:953,0.4745,-1.0403,9.5796,-0.0142,0.0018,9.8066,-0.0399,0.0883,-0.0288,-5.69,-40.62,-8.94,192.86,-78.41,168.68
52.394283,-1.504322,138.06,7.47,3,93.38,20 / 22,5313309,2019-09-06 20:48:39:052,-1.1363,0.0966,9.6076,0.0061,0.0206,9.8065,-0.0703,0.0405,-0.024,-5.31,-39.81,-9.06,189.52,-78.35,167.73
52.394825,-1.50393,139.54,11.42,3,7.25,19 / 21,5313409,2019-09-06 20:48:39:152,-0.3691,1.0354,10.3185,-0.0105,-0.0222,9.8066,-0.0241,-0.0256,0.0166,-6.06,-40.19,-8.94,192.36,-78.49,167.53
52.394825,-1.50393,139.54,11.42,3,7.25,19 / 21,5313510,2019-09-06 20:48:39:253,-0.0252,-0.8242,9.9073,0.0121,-0.0001,9.8066,-0.0537,0.0319,0.0895,-7.37,-40.56,-8,197.02,-78.39,168.66
52.394825,-1.50393,139.54,11.42,3,7.25,19 / 21,5313609,2019-09-06 20:48:39:352,0.8363,1.4696,9.6602,0.0136,-0.0202,9.8066,-0.0437,-0.0932,-0.0329,-6.75,-39.87,-6.69,199.38,-78.53,169.52
52.394825,-1.50393,139.54,11.42,3,7.25,19 / 21,5313710,2019-09-06 20:48:39:453,0.756,3.1218,9.1313,0.0003,0.0065,9.8066,-0.0033,-0.0352,0.1299,-6.69,-40.25,-7.31,199.71,-78.67,169.93
52.394825,-1.50393,139.54,11.42,3,7.25,19 / 21,5313810,2019-09-06 20:48:39:553,-0.3028,-1.8947,10.4389,0.0296,0.0041,9.8065,0.1124,-0.0223,-0.0023,-6.19,-40.37,-8.19,196.02,-78.91,171.14
52.394825,-1.50393,139.54,11.42,3,7.25,19 / 21,5313909,2019-09-06 20:48:39:652,-0.7597,-0.0144,10.4154,-0.029,-0.1018,9.806,0.4779,0.1405,0.0609,-5.87,-40.19,-7.94,197.22,-79.57,172.49
52.394825,-1.50393,139.54,11.42,3,7.25,19 / 21,5314010,2019-09-06 20:48:39:753,1.5556,-0.1139,11.0566,-0.0178,-0.0652,9.8063,-0.0364,0.1904,-0.0541,-6.94,-40.56,-8.06,200.7,-79.29,173.89
52.394825,-1.50393,139.54,11.42,3,7.25,19 / 21,5314110,2019-09-06 20:48:39:853,0.1359,0.9534,10.3517,0.0314,0.0559,9.8064,0.0201,0.0882,0.1101,-6.25,-40.44,-7.94,197.74,-78.62,174.48
52.394825,-1.50393,139.54,11.42,3,7.25,19 / 21,5314210,2019-09-06 20:48:39:953,3.4265,-0.0946,11.0229,0.0178,-0.0023,9.8066,-0.1579,0.1602,-0.1682,-5.56,-40.12,-7.81,198.45,-78.67,175.66
52.394825,-1.50393,139.54,11.42,3,7.25,19 / 21,5314310,2019-09-06 20:48:40:053,0.0252,0.2432,9.6025,-0.0132,0.0351,9.8065,-0.1564,0.0206,0.0422,-6.12,-40.44,-8.31,198.28,-79.03,174.93
52.394825,-1.50393,139.54,11.42,3,7.25,19 / 20,5314409,2019-09-06 20:48:40:152,-0.8804,0.1988,9.2214,0.0203,0.0547,9.8065,0.1011,0.0295,-0.0164,-5.81,-40.31,-8.87,196.27,-78.8,173.91
52.394825,-1.50393,139.54,11.42,3,7.25,19 / 20,5314510,2019-09-06 20:48:40:253,1.0577,-2.7765,9.3978,-0.0053,-0.0391,9.8065,0.0724,0.0281,0.0993,-5.62,-39.75,-8.44,198.48,-79.06,175.24
52.394825,-1.50393,139.54,11.42,3,7.25,19 / 20,5314609,2019-09-06 20:48:40:352,-0.4358,-0.8333,8.3269,0.0082,-0.0784,9.8062,0.0211,-0.0282,-0.067,-6.75,-38.87,-8.37,202.51,-79.06,176.46
52.394825,-1.50393,139.54,11.42,3,7.25,19 / 20,5314709,2019-09-06 20:48:40:452,0.7526,1.7731,11.3735,0.001,0.0117,9.8066,0.1373,0.0295,0.1346,-6.75,-40.12,-8.56,201.62,-78.89,177.83
52.394825,-1.50393,139.54,11.42,3,7.25,19 / 20,5314809,2019-09-06 20:48:40:552,2.1104,1.0147,12.3978,0.0319,-0.0224,9.8065,-0.1558,0.0021,-0.1317,-6.25,-39.56,-8,200.87,-79.13,179.29
52.394825,-1.50393,139.54,11.42,3,7.25,19 / 20,5314910,2019-09-06 20:48:40:653,1.5212,2.1662,11.469,0.0134,0.093,9.8061,-0.0363,-0.0116,0.1241,-6.75,-40.5,-8,204.82,-79.11,-179.34
52.394825,-1.50393,139.54,11.42,3,7.25,19 / 20,5315010,2019-09-06 20:48:40:753,1.5742,-0.0666,8.9213,0.035,0.0471,9.8064,-0.3228,0.0706,-0.1104,-7.25,-39.69,-8,203.97,-78.51,-179.87
52.394825,-1.50393,139.54,11.42,3,7.25,19 / 20,5315110,2019-09-06 20:48:40:853,0.8088,-1.5453,8.5175,0.0018,0.0331,9.8065,-0.2989,-0.0141,0.0463,-6.87,-39.87,-8.12,203.76,-78.53,179.75
52.394825,-1.50393,139.54,11.42,3,7.25,19 / 20,5315210,2019-09-06 20:48:40:953,0.7366,1.1741,11.0752,-0.0054,0.0081,9.8066,-0.5618,-0.0392,-0.0794,-6.06,-39.87,-8.12,200.8,-79.02,179.31
52.394825,-1.50393,139.54,11.42,3,7.25,19 / 20,5315310,2019-09-06 20:48:41:053,0.1364,-2.927,8.7199,0.033,0.1392,9.8056,-0.5407,-0.0504,0.1347,-6.31,-39.62,-8.87,198.55,-78.78,177.78
52.394825,-1.50393,139.54,11.42,3,7.25,18 / 20,5315409,2019-09-06 20:48:41:152,-0.9611,-1.0082,9.6479,0.0699,0.1527,9.8051,-0.0626,-0.0503,-0.0843,-6,-39.94,-7.94,199.63,-78.69,177.73
52.394825,-1.50393,139.54,11.42,3,7.25,18 / 20,5315509,2019-09-06 20:48:41:252,1.0755,-0.5423,10.0784,-0.0007,0.056,9.8064,-0.2771,-0.0859,0.0603,-5.81,-39.75,-8.69,198.41,-78.72,177.62
52.394825,-1.50393,139.54,11.42,3,7.25,18 / 20,5315610,2019-09-06 20:48:41:353,-0.6233,-0.2341,9.463,-0.034,-0.0433,9.8064,-0.0254,-0.0515,-0.0544,-6.31,-40,-8.06,198.39,-78.21,176.14
52.394825,-1.50393,139.54,11.42,3,7.25,18 / 20,5315709,2019-09-06 20:48:41:452,0.1954,-0.191,8.6231,-0.0232,-0.0523,9.8064,-0.0617,-0.0049,-0.0101,-6.5,-39.56,-8.12,198.12,-78.51,175.28
52.394825,-1.50393,139.54,11.42,3,7.25,18 / 20,5315809,2019-09-06 20:48:41:552,-0.0538,-0.4428,9.098,-0.0112,-0.036,9.8065,-0.0739,-0.1322,0.0386,-6.5,-40.44,-8,198.16,-78.63,175.21
52.394825,-1.50393,139.54,11.42,3,7.25,18 / 20,5315909,2019-09-06 20:48:41:652,-0.4139,-1.0646,9.7775,-0.0049,-0.0038,9.8066,-0.0186,-0.0059,-0.0618,-6.5,-39.5,-9.06,197.27,-78.83,175.25
52.394825,-1.50393,139.54,11.42,3,7.25,18 / 20,5316009,2019-09-06 20:48:41:752,-0.6388,-1.15,9.345,0.0069,0.0342,9.8065,0.1715,-0.0382,0.015,-6.62,-39.62,-9.19,199.66,-78.67,174.87
52.394825,-1.50393,139.54,11.42,3,7.25,18 / 20,5316110,2019-09-06 20:48:41:853,0.3609,0.5083,9.7269,-0.0058,-0.0346,9.8065,0.1284,-0.0167,-0.0655,-7.19,-39.87,-8.31,201.47,-78.54,175.82
52.394825,-1.50393,139.54,11.42,3,7.25,18 / 20,5316209,2019-09-06 20:48:41:952,0.393,-0.0081,10.1465,-0.0202,-0.0487,9.8064,-0.0665,0.03,0.0903,-7.12,-38.94,-8.37,201.75,-78.54,175.88
52.394825,-1.50393,139.54,11.42,3,7.25,18 / 20,5316309,2019-09-06 20:48:42:052,-0.7628,-0.395,9.6902,-0.0082,-0.0345,9.8065,-0.0261,-0.0092,-0.0746,-6.81,-38.56,-7.87,202.56,-78.88,176.77
52.394825,-1.50393,139.54,11.42,3,7.25,19 / 21,5316410,2019-09-06 20:48:42:153,-0.7111,0.063,9.6939,-0.0002,-0.0011,9.8066,-0.0325,-0.0276,0.1122,-6.31,-39.31,-7.75,199.59,-78.95,176.92
52.394825,-1.50393,139.54,11.42,3,7.25,19 / 21,5316509,2019-09-06 20:48:42:252,0.6526,-0.2318,10.003,0.0175,0.0136,9.8066,0.0153,-0.0136,-0.0412,-5.87,-39.19,-8.12,199.53,-78.82,176.99
52.394825,-1.50393,139.54,11.42,3,7.25,19 / 21,5316610,2019-09-06 20:48:42:353,-0.4802,-0.1837,10.2422,0.0065,0.0371,9.8065,0.1358,-0.0239,0.0428,-5.87,-39.62,-7.87,199.25,-78.42,177.41
52.394825,-1.50393,139.54,11.42,3,7.25,19 / 21,5316710,2019-09-06 20:48:42:453,0.2333,0.3457,10.0358,-0.0018,-0.001,9.8066,-0.0321,0.0207,-0.0152,-5.56,-39.56,-7.69,199.23,-78.27,177.56
52.394825,-1.50393,139.54,11.42,3,7.25,19 / 21,5316809,2019-09-06 20:48:42:552,-0.1446,-0.3703,9.5194,0.0047,-0.0062,9.8066,-0.0601,-0.0352,-0.0132,-5.69,-39.94,-7.81,199.31,-78.27,177.69
52.394825,-1.50393,139.54,11.42,3,7.25,19 / 21,5316910,2019-09-06 20:48:42:653,-0.0055,-0.4857,9.4363,-0.0071,-0.0204,9.8066,-0.0551,-0.0098,-0.0012,-5.5,-39.06,-8.31,196.75,-78.5,178.18
52.394825,-1.50393,139.54,11.42,3,7.25,19 / 21,5317009,2019-09-06 20:48:42:752,0.4587,-0.5232,9.6467,-0.0016,-0.0064,9.8066,0.0118,-0.0334,0.0147,-6,-38.75,-9.12,198.89,-78.53,178.3
52.394825,-1.50393,139.54,11.42,3,7.25,19 / 21,5317109,2019-09-06 20:48:42:852,0.9016,-0.6721,9.8636,-0.0047,-0.0161,9.8066,0.1019,-0.0662,-0.0167,-6.06,-38.25,-8.75,198.92,-78.53,178
52.394825,-1.50393,139.54,11.42,3,7.25,19 / 21,5317209,2019-09-06 20:48:42:952,0.4465,-0.0831,10.1361,-0.0081,-0.003,9.8066,-0.0031,0.0132,0.0203,-6,-37.12,-8.44,200.3,-78.57,177.83
52.394825,-1.50393,139.54,11.42,3,7.25,19 / 21,5317310,2019-09-06 20:48:43:053,-0.1298,0.5939,10.3695,0.0027,0.0219,9.8066,-0.0449,-0.0097,-0.0421,-6.62,-36.75,-8.56,201.56,-78.39,177.21
52.394825,-1.50393,139.54,11.42,3,7.25,19 / 20,5317409,2019-09-06 20:48:43:152,0.1012,-0.8615,9.9958,0.0208,0.0432,9.8065,-0.0061,0.0245,0.03,-7.56,-38,-9,204.21,-78.38,177.3
52.394825,-1.50393,139.54,11.42,3,7.25,19 / 20,5317510,2019-09-06 20:48:43:253,0.037,-1.796,9.2001,-0.0041,-0.0136,9.8066,-0.0362,-0.0343,0.0549,-7.31,-37.81,-8.69,201.44,-78.57,177.18
52.394825,-1.50393,139.54,11.42,3,7.25,19 / 20,5317609,2019-09-06 20:48:43:352,0.0954,0.0486,10.2782,0.0247,0.0307,9.8065,-0.0145,-0.0293,-0.0542,-7.56,-38.19,-7.19,207.57,-78.41,177.77
52.394825,-1.50393,139.54,11.42,3,7.25,19 / 20,5317710,2019-09-06 20:48:43:453,0.2389,-0.4493,9.0941,0.0058,0.0244,9.8065,0.0508,0.054,0.0502,-5.87,-37.56,-6.19,202.59,-78.42,177.45
52.394825,-1.50393,139.54,11.42,3,7.25,19 / 20,5317810,2019-09-06 20:48:43:553,0.2611,-0.8522,9.1031,0.0155,0.0413,9.8065,-0.0755,-0.0264,-0.0524,-5.19,-37.56,-8,196.27,-78.17,177.33
52.394825,-1.50393,139.54,11.42,3,7.25,19 / 20,5317910,2019-09-06 20:48:43:653,0.4419,-1.0883,9.5667,-0.0145,-0.0198,9.8066,-0.0537,0.0662,-0.0119,-4.94,-37.5,-8.37,196.22,-78.49,176.56
52.394825,-1.50393,139.54,11.42,3,7.25,19 / 20,5318009,2019-09-06 20:48:43:752,0.3983,-0.4276,9.8776,0.0029,0.0065,9.8066,-0.0539,0.0415,-0.0456,-5.87,-37.75,-8.5,199.21,-78.53,176.41
52.394825,-1.50393,139.54,11.42,3,7.25,19 / 20,5318109,2019-09-06 20:48:43:852,0.3717,0.1568,9.7864,-0.0002,0.0171,9.8066,-0.0071,-0.0054,0.0416,-5.06,-38.12,-8.69,194.6,-78.52,175.95
52.394825,-1.50393,139.54,11.42,3,7.25,19 / 20,5318209,2019-09-06 20:48:43:952,0.6925,0.1422,10.1709,0.0237,0.0393,9.8064,-0.0483,0.0127,-0.0542,-4.56,-37.56,-9.25,194.83,-78.37,176.48
52.394825,-1.50393,139.54,11.42,3,7.25,19 / 20,5318310,2019-09-06 20:48:44:053,-0.3771,0.2106,9.5465,-0.0028,-0.0105,9.8066,-0.032,-0.0102,0.0783,-5.75,-38.87,-8.56,197.59,-78.38,176.25
52.394825,-1.50393,139.54,11.42,3,7.25,18 / 20,5318410,2019-09-06 20:48:44:153,0.5887,0.2189,10.526,0.0127,0.0005,9.8066,-0.1099,0.0013,-0.0058,-5.94,-39.31,-8.81,198.09,-78.44,177.04
52.394825,-1.50393,139.54,11.42,3,7.25,18 / 20,5318510,2019-09-06 20:48:44:253,-0.2145,-0.3254,9.4742,0.0035,0.0161,9.8066,-0.0719,-0.0235,-0.0194,-5.75,-39.75,-8,198.76,-78.47,176.47
52.394825,-1.50393,139.54,11.42,3,7.25,18 / 20,5318609,2019-09-06 20:48:44:352,0.3067,-0.2817,10.0263,0.0157,0.0166,9.8065,-0.0021,-0.0167,0.0272,-6.06,-39.12,-8.31,199.13,-78.38,176.84
52.394825,-1.50393,139.54,11.42,3,7.25,18 / 20,5318710,2019-09-06 20:48:44:453,0.2311,-0.8029,9.5713,-0.003,0.0018,9.8066,-0.0162,-0.0428,0.0112,-6.06,-39.25,-8.06,199.17,-78.36,176.94
52.394825,-1.50393,139.54,11.42,3,7.25,18 / 20,5318810,2019-09-06 20:48:44:553,-0.1305,-0.6162,9.9448,0.0152,0.0243,9.8065,0.1152,-0.005,0.019,-5.94,-39.06,-8.56,198.04,-78.22,177.19
52.394825,-1.50393,139.54,11.42,3,7.25,18 / 20,5318910,2019-09-06 20:48:44:653,0.6904,-0.1295,9.7561,0.0001,-0.0037,9.8066,0.0475,0.0277,0.0364,-6.56,-38.69,-8.62,200.97,-78.23,177.19
52.394825,-1.50393,139.54,11.42,3,7.25,18 / 20,5319009,2019-09-06 20:48:44:752,-0.326,0.7861,10.0433,0.0062,0.0065,9.8066,-0.0172,0.0287,-0.0364,-6.62,-39.19,-8.44,202.33,-78.21,177.32
52.394825,-1.50393,139.54,11.42,3,7.25,18 / 20,5319110,2019-09-06 20:48:44:853,-0.1137,0.0381,9.5803,-0.0178,-0.0167,9.8066,0.0571,-0.0157,-0.029,-7.75,-38.94,-8.19,205.15,-78.27,177.08
52.394825,-1.50393,139.54,11.42,3,7.25,18 / 20,5319210,2019-09-06 20:48:44:953,0.3454,-0.4612,10.0593,0.0006,0.0034,9.8066,0.08,-0.0389,0.0028,-7.19,-39.06,-8.06,202.12,-78.21,176.96
52.394825,-1.50393,139.54,11.42,3,7.25,18 / 20,5319311,2019-09-06 20:48:45:054,0.5455,-0.6744,10.0606,-0.0074,-0.0219,9.8065,0.1213,0.0071,-0.0241,-7.25,-38.62,-7.87,202.02,-78.25,176.73
52.394825,-1.50393,139.54,11.42,3,7.25,19 / 20,5319409,2019-09-06 20:48:45:152,-0.1536,-0.6373,9.5661,0.0016,0.0092,9.8066,-0.0441,-0.0522,0.0307,-7.19,-37.31,-7.31,204.11,-78.34,176.71
52.394825,-1.50393,139.54,11.42,3,7.25,19 / 20,5319510,2019-09-06 20:48:45:253,0.0632,-0.1471,9.9593,0.0027,-0.0082,9.8066,0.0404,0.0627,0.0091,-7,-37.56,-7.31,203.96,-78.34,176.93
52.394825,-1.50393,139.54,11.42,3,7.25,19 / 20,5319609,2019-09-06 20:48:45:352,0.6619,1.3668,10.0141,0.0067,0.0033,9.8066,-0.1034,0.0212,-0.0038,-5.56,-37.37,-6.31,202.57,-78.25,177.12
52.394825,-1.50393,139.54,11.42,3,7.25,19 / 20,5319710,2019-09-06 20:48:45:453,0.2124,-0.5951,9.6496,0.0133,-0.0049,9.8066,-0.097,0.0157,-0.0072,-5.06,-38.44,-7.87,196.48,-78.24,177.65
52.394825,-1.50393,139.54,11.42,3,7.25,19 / 20,5319809,2019-09-06 20:48:45:552,-0.7205,0.036,9.2099,-0.0055,-0.0116,9.8066,-0.0068,-0.0278,0.0384,-5.94,-38.5,-8.87,198.77,-78.35,177.94
52.394825,-1.50393,139.54,11.42,3,7.25,19 / 20,5319909,2019-09-06 20:48:45:652,-0.0442,-0.9372,9.734,0.0008,-0.0062,9.8066,-0.0253,-0.0418,0.0044,-6.62,-38.62,-9.44,201.76,-78.48,178.19
52.394825,-1.50393,139.54,11.42,3,7.25,19 / 20,5320009,2019-09-06 20:48:45:752,0.0715,-0.8138,10.0645,0.0017,0.0039,9.8066,-0.0161,-0.0281,0.0075,-7.56,-37.94,-7.62,206.42,-78.54,178.32
52.394825,-1.50393,139.54,11.42,3,7.25,19 / 20,5320109,2019-09-06 20:48:45:852,0.1933,-0.8918,9.7433,-0.0074,-0.0051,9.8066,-0.0201,-0.0884,0.0195,-6,-37.31,-7.69,200.22,-78.44,177.87
52.394825,-1.50393,139.54,11.42,3,7.25,19 / 20,5320210,2019-09-06 20:48:45:953,-0.8583,0.3413,9.1426,-0.0124,0.006,9.8066,0.1321,-0.1012,0.0165,-5.56,-38.31,-8.19,199.65,-78.31,177.45
52.394825,-1.50393,139.54,11.42,3,7.25,19 / 20,5320309,2019-09-06 20:48:46:052,-0.0538,-0.8833,9.5496,-0.0138,-0.0314,9.8066,0.0765,-0.0974,-0.0349,-6.25,-38.69,-8.5,199.17,-78.45,176.84
52.394825,-1.50393,139.54,11.42,3,7.25,19 / 21,5320409,2019-09-06 20:48:46:152,-0.7618,-0.8908,9.8028,-0.0285,-0.0361,9.8064,0.09,-0.0809,0.018,-6,-38.5,-7.94,199.06,-78.57,176.1
52.394825,-1.50393,139.54,11.42,3,7.25,19 / 21,5320509,2019-09-06 20:48:46:252,-0.4126,-1.0057,10.2663,-0.0301,-0.0159,9.8065,0.2249,0.0309,-0.0812,-6.5,-37.69,-7.75,198.56,-78.53,175.3
52.394825,-1.50393,139.54,11.42,3,7.25,19 / 21,5320610,2019-09-06 20:48:46:353,1.0756,0.3035,9.8649,-0.0086,-0.0228,9.8066,-0.079,-0.0859,0.0612,-6.06,-38.87,-7.81,197.74,-78.6,174.15
52.394825,-1.50393,139.54,11.42,3,7.25,19 / 21,5320709,2019-09-06 20:48:46:452,-0.3657,2.0334,10.707,0.0415,0.128,9.8057,0.0476,0.0439,-0.0509,-4.81,-38.81,-6.62,195.48,-77.93,174.3
52.394825,-1.50393,139.54,11.42,3,7.25,19 / 21,5320810,2019-09-06 20:48:46:553,1.4345,1.6945,10.0394,0.036,0.0563,9.8063,-0.0866,0.001,0.0604,-4.94,-38.94,-7.62,194.57,-77.95,174.81
52.394825,-1.50393,139.54,11.42,3,7.25,19 / 21,5320910,2019-09-06 20:48:46:653,-0.7923,-1.0091,9.0636,-0.0003,-0.0094,9.8066,-0.1949,-0.0161,-0.0661,-5.69,-38.75,-7.62,198.46,-78.12,175.98
52.394825,-1.50393,139.54,11.42,3,7.25,19 / 21,5321010,2019-09-06 20:48:46:753,-0.3433,-0.5777,8.9542,0.0099,0.0105,9.8066,0.1047,-0.0201,0.0622,-6.19,-39.75,-7.75,198.46,-78.19,176.28
52.394825,-1.50393,139.54,11.42,3,7.25,19 / 21,5321110,2019-09-06 20:48:46:853,-0.3792,-1.8609,9.0036,-0.0176,-0.0715,9.8063,0.0055,0.0267,-0.0781,-6.19,-39.56,-8.19,198.6,-78.13,176.62
52.394825,-1.50393,139.54,11.42,3,7.25,19 / 21,5321209,2019-09-06 20:48:46:952,-0.3033,-0.1097,9.6781,-0.0341,-0.0411,9.8064,0.0572,-0.0258,-0.0311,-6.12,-39.06,-7.94,198.82,-78.49,176.17
52.394825,-1.50393,139.54,11.42,3,7.25,19 / 21,5321310,2019-09-06 20:48:47:053,-0.4046,0.5033,9.9258,-0.0211,-0.0275,9.8066,0.1418,0.0024,-0.0603,-6.06,-39.31,-7.62,198.22,-78.59,174.99
52.394825,-1.50393,139.54,11.42,3,7.25,19 / 20,5321409,2019-09-06 20:48:47:152,0.5509,-0.4933,9.8678,-0.0288,-0.0333,9.8065,-0.1981,-0.0456,-0.0604,-5.25,-38.62,-7.75,194.62,-78.65,174.2
52.394825,-1.50393,139.54,11.42,3,7.25,19 / 20,5321509,2019-09-06 20:48:47:252,-0.9055,0.0828,10.1296,-0.0263,0.0224,9.8065,-0.076,0.0207,-0.0059,-5.5,-39.44,-7.94,193.7,-78.61,172.6
52.394825,-1.50393,139.54,11.42,3,7.25,19 / 20,5321610,2019-09-06 20:48:47:353,-0.2296,-1.0685,9.7488,0.008,-0.0088,9.8066,0.1143,0.0015,0.0031,-5.81,-39.62,-7.75,196.17,-78.46,171.88
52.394825,-1.50393,139.54,11.42,3,7.25,19 / 20,5321710,2019-09-06 20:48:47:453,0.297,0.0722,9.9673,0.0063,0.0228,9.8066,-0.0561,0.0461,0.005,-4.87,-39.75,-8.31,193.27,-78.29,172.4
52.394825,-1.50393,139.54,11.42,3,7.25,19 / 20,5321810,2019-09-06 20:48:47:553,-0.1466,-0.2403,9.8931,0.0103,0.0009,9.8066,0.1689,0.0409,0.0258,-4.87,-39.31,-8.06,193.48,-78.3,172.48
52.394825,-1.50393,139.54,11.42,3,7.25,19 / 20,5321910,2019-09-06 20:48:47:653,-1.2201,-0.1686,9.3789,0.0081,-0.0224,9.8066,0.0124,0.0178,-0.0285,-5.12,-39.62,-7.5,195.36,-78.37,173.92
52.394825,-1.50393,139.54,11.42,3,7.25,19 / 20,5322009,2019-09-06 20:48:47:752,1.0748,-1.1848,9.7773,0.0006,-0.028,9.8065,-0.0717,0.1022,-0.0314,-5.56,-39.75,-8.31,197.68,-78.48,174.55
52.394825,-1.50393,139.54,11.42,3,7.25,19 / 20,5322110,2019-09-06 20:48:47:853,0.2506,0.5001,10.1468,-0.0065,-0.0075,9.8066,0.0262,0.0625,0.0405,-5.06,-39.87,-8.31,194.68,-78.6,174.67
52.394825,-1.50393,139.54,11.42,3,7.25,19 / 20,5322210,2019-09-06 20:48:47:953,0.0506,0.2201,9.9781,-0.0077,-0.0173,9.8066,-0.0602,-0.0296,-0.0476,-5.62,-39.62,-8.12,197.82,-78.73,174.48
52.394825,-1.50393,139.54,11.42,3,7.25,19 / 20,5322309,2019-09-06 20:48:48:052,0.3097,0.1359,9.4777,0.0004,0.0292,9.8066,-0.0299,0.0519,-0.0239,-5.5,-39.31,-8.94,193.72,-78.52,174.72
52.395844,-1.503683,141.47,12.72,3,7.61,18 / 20,5322410,2019-09-06 20:48:48:153,0.1726,-0.5615,9.8262,0.0126,0.0291,9.8065,-0.0494,0.021,0.0092,-5.44,-39.19,-8.75,193.54,-78.69,174.26
52.395844,-1.503683,141.47,12.72,3,7.61,18 / 20,5322509,2019-09-06 20:48:48:252,0.7285,-0.4124,9.7358,-0.0133,-0.0334,9.8065,-0.0501,0.038,-0.0565,-6.69,-38.12,-8.75,199.74,-78.73,174.26
52.395844,-1.503683,141.47,12.72,3,7.61,18 / 20,5322609,2019-09-06 20:48:48:352,-0.8775,-0.9438,9.6609,-0.0071,0.011,9.8066,-0.0946,0.0291,-0.0087,-7.44,-37.44,-8.94,200.14,-78.72,174.57
52.395844,-1.503683,141.47,12.72,3,7.61,18 / 20,5322710,2019-09-06 20:48:48:453,-0.5107,-1.2966,9.8846,0.0038,0.0047,9.8066,0.0853,-0.0217,-0.0063,-7.19,-37.94,-8.25,201.22,-78.72,174.36
52.395844,-1.503683,141.47,12.72,3,7.61,18 / 20,5322810,2019-09-06 20:48:48:553,0.9087,-0.7461,10.0541,-0.007,0.0045,9.8066,0.0287,0.0168,-0.0209,-6.75,-38.37,-6.81,203.09,-78.66,174.95
52.395844,-1.503683,141.47,12.72,3,7.61,18 / 20,5322910,2019-09-06 20:48:48:653,-0.1316,-0.1961,9.2519,-0.0018,-0.0021,9.8066,-0.0208,-0.0097,0.0307,-5.5,-38.94,-6.75,195.82,-78.57,174.17
52.395844,-1.503683,141.47,12.72,3,7.61,18 / 20,5323010,2019-09-06 20:48:48:753,0.2009,0.7508,9.5956,0.0042,-0.0005,9.8066,-0.0428,0.0265,-0.0119,-4.44,-39.56,-7.25,192.36,-78.63,174.47
52.395844,-1.503683,141.47,12.72,3,7.61,18 / 20,5323110,2019-09-06 20:48:48:853,-0.3789,-1.0799,9.7114,-0.0049,-0.0105,9.8066,-0.0415,0.0345,-0.0295,-4.75,-38.94,-8.75,193.66,-78.81,174.36
52.395844,-1.503683,141.47,12.72,3,7.61,18 / 20,5323209,2019-09-06 20:48:48:952,-0.9284,-1.5339,9.8331,0.0051,0.005,9.8066,-0.0619,0.0434,0.022,-4.94,-38.94,-8.56,193.58,-78.89,174.15
52.395844,-1.503683,141.47,12.72,3,7.61,18 / 20,5323309,2019-09-06 20:48:49:052,0.6357,-1.2869,10.2353,0.0148,0.0106,9.8066,0.027,0.0984,-0.0918,-5.81,-39.5,-8.44,198.11,-78.83,174.52
52.395844,-1.503683,141.47,12.72,3,7.61,19 / 21,5323410,2019-09-06 20:48:49:153,0.4592,-0.2844,9.6577,0.0045,0.0122,9.8066,-0.022,0.0681,0.0749,-5.75,-39.37,-8.19,198.06,-78.7,174.59
52.395844,-1.503683,141.47,12.72,3,7.61,19 / 21,5323510,2019-09-06 20:48:49:253,-0.1966,-0.438,10.3985,0.0199,0.0001,9.8066,0.0819,-0.0521,-0.1038,-5.81,-38.87,-7.94,198.37,-78.62,175.22
52.395844,-1.503683,141.47,12.72,3,7.61,19 / 21,5323609,2019-09-06 20:48:49:352,0.6356,-1.3643,10.0728,-0.0213,-0.0114,9.8066,0.0535,0.0066,0.015,-6.19,-39.25,-7.94,198.45,-78.83,175.12
52.395844,-1.503683,141.47,12.72,3,7.61,19 / 21,5323709,2019-09-06 20:48:49:452,-0.4896,0.001,9.3014,-0.0002,-0.0175,9.8066,-0.0454,-0.0166,-0.0135,-6.12,-39.06,-7.75,198.47,-78.99,174.97
52.395844,-1.503683,141.47,12.72,3,7.61,19 / 21,5323810,2019-09-06 20:48:49:553,-0.3182,-0.7781,9.6381,-0.0017,-0.0146,9.8066,-0.0033,0.0073,-0.0105,-5.06,-39.25,-7.5,196.62,-79.14,174.96
52.395844,-1.503683,141.47,12.72,3,7.61,19 / 21,5323910,2019-09-06 20:48:49:653,-0.9778,0.0326,9.4129,-0.0128,-0.0214,9.8066,-0.057,-0.0095,0.0176,-4.69,-39.25,-8.31,195.31,-79.28,174.77
52.395844,-1.503683,141.47,12.72,3,7.61,19 / 21,5324010,2019-09-06 20:48:49:753,-0.0288,-1.2691,9.8955,0.0003,-0.0086,9.8066,-0.003,0.0097,-0.0018,-5.06,-39.5,-8.06,195.36,-79.34,174.8
52.395844,-1.503683,141.47,12.72,3,7.61,19 / 21,5324109,2019-09-06 20:48:49:852,-0.5456,-0.9896,10.1318,0.003,-0.0125,9.8066,0.0348,-0.0256,0.0186,-4.44,-39.37,-8.06,192.11,-79.5,174.95
52.395844,-1.503683,141.47,12.72,3,7.61,19 / 21,5324210,2019-09-06 20:48:49:953,0.4281,0.3773,9.7271,0.0043,-0.0071,9.8066,0.0526,0.0439,0.0449,-4,-39.19,-8.5,192.83,-79.44,176.29
52.395844,-1.503683,141.47,12.72,3,7.61,19 / 21,5324310,2019-09-06 20:48:50:053,0.6764,-0.4372,10.1527,0.0148,0.0004,9.8065,-0.1119,-0.0133,-0.028,-4.37,-38.94,-8.62,192.3,-79.45,177.02
52.395844,-1.503683,141.47,12.72,3,7.61,18 / 20,5324410,2019-09-06 20:48:50:153,0.2718,-0.2417,10.2656,0.008,0.0041,9.8066,-0.0042,-0.0067,0.0471,-4.69,-38.44,-9.19,196.24,-79.46,177.82
52.395844,-1.503683,141.47,12.72,3,7.61,18 / 20,5324509,2019-09-06 20:48:50:252,0.4483,-0.2749,9.8339,0.0095,-0.0146,9.8065,-0.1314,-0.0577,0.0081,-5.5,-39.25,-8.75,196.64,-79.6,178.64
52.395844,-1.503683,141.47,12.72,3,7.61,18 / 20,5324609,2019-09-06 20:48:50:352,1.7394,-0.9697,10.3642,0.0085,0.0062,9.8066,-0.0448,0.0121,0.0165,-6.44,-39,-8.62,200.67,-79.49,-179.88
52.395844,-1.503683,141.47,12.72,3,7.61,18 / 20,5324710,2019-09-06 20:48:50:453,-0.065,-0.1745,9.8702,0.0002,-0.0163,9.8066,-0.0737,-0.1084,0.0304,-6.12,-39.62,-7.81,201.82,-79.67,-179.87
52.395844,-1.503683,141.47,12.72,3,7.61,18 / 20,5324810,2019-09-06 20:48:50:553,-0.5442,-0.4549,9.4993,0.0082,0.0174,9.8066,-0.1316,0.0164,-0.0096,-6.12,-39.81,-7.69,202.15,-79.51,-179.08
52.395844,-1.503683,141.47,12.72,3,7.61,18 / 20,5324909,2019-09-06 20:48:50:652,0.6216,-1.9484,9.3067,0.0138,0.0264,9.8066,0.1156,-0.0227,-0.0106,-5.87,-39.56,-7.75,202.18,-79.44,-178.93
52.395844,-1.503683,141.47,12.72,3,7.61,18 / 20,5325010,2019-09-06 20:48:50:753,-0.2851,-1.6772,9.028,-0.0108,-0.0447,9.8065,0.0927,-0.0455,0.0029,-5.69,-39.19,-7.81,202.51,-79.41,-178.74
52.395844,-1.503683,141.47,12.72,3,7.61,18 / 20,5325110,2019-09-06 20:48:50:853,0.2071,0.5337,9.8419,-0.0094,-0.0364,9.8065,-0.0286,-0.1187,0.0394,-5.62,-39.31,-8.12,203.14,-79.72,-178.15
52.395844,-1.503683,141.47,12.72,3,7.61,18 / 20,5325210,2019-09-06 20:48:50:953,0.8124,-0.945,10.0571,0.0011,-0.0012,9.8066,-0.0058,-0.0283,-0.0075,-6.06,-38.37,-8.69,202.44,-79.76,-177.75
52.395844,-1.503683,141.47,12.72,3,7.61,18 / 20,5325309,2019-09-06 20:48:51:052,0.7884,0.0015,10.1498,-0.0064,-0.004,9.8066,0.0605,-0.0163,-0.0215,-5.94,-38.19,-8.69,202.15,-79.76,-178.21
52.395844,-1.503683,141.47,12.72,3,7.61,19 / 21,5325410,2019-09-06 20:48:51:153,0.4132,0.6329,9.8814,-0.0032,0.0068,9.8066,0.0384,-0.0398,0.0201,-5.62,-38.87,-8.19,203.03,-79.63,-178.19
52.395844,-1.503683,141.47,12.72,3,7.61,19 / 21,5325510,2019-09-06 20:48:51:253,1.1508,0.1666,10.0935,0.0037,0.0065,9.8066,0.022,-0.0193,0.0117,-6.06,-39.19,-7.75,202.89,-79.58,-178.36
52.395844,-1.503683,141.47,12.72,3,7.61,19 / 21,5325609,2019-09-06 20:48:51:352,0.2397,0.0893,9.7447,-0.0072,-0.0226,9.8066,0.0557,-0.0235,0.0305,-6.37,-39.19,-9.06,201.8,-79.79,-178.44
52.395844,-1.503683,141.47,12.72,3,7.61,19 / 21,5325709,2019-09-06 20:48:51:452,0.2592,-0.3409,9.6771,-0.0042,-0.0177,9.8066,-0.0607,0.0306,-0.0076,-7.75,-39.69,-9.31,207.93,-79.83,-178.08
52.395844,-1.503683,141.47,12.72,3,7.61,19 / 21,5325810,2019-09-06 20:48:51:553,1.1046,-0.0852,9.6556,0.0101,0.0097,9.8066,-0.0582,-0.0881,0.0297,-7.81,-39.69,-8.44,209.47,-79.88,-178.04
52.395844,-1.503683,141.47,12.72,3,7.61,19 / 21,5325909,2019-09-06 20:48:51:652,0.5052,1.0361,9.8248,0.0027,0.0075,9.8066,0.0521,-0.0361,0.044,-6.37,-38.87,-7.87,203.51,-79.8,-177.66
52.395844,-1.503683,141.47,12.72,3,7.61,19 / 21,5326010,2019-09-06 20:48:51:753,0.1001,0.2582,9.909,-0.0065,-0.0186,9.8066,0.0335,-0.0406,-0.0165,-6.19,-39.44,-8.62,202.35,-79.91,-177.73
52.395844,-1.503683,141.47,12.72,3,7.61,19 / 21,5326110,2019-09-06 20:48:51:853,1.0507,0.3619,10.2647,-0.0114,-0.0331,9.8066,-0.0497,-0.0312,0.0171,-6.5,-39.69,-8.44,203.41,-80.04,-177.77
52.395844,-1.503683,141.47,12.72,3,7.61,19 / 21,5326210,2019-09-06 20:48:51:953,0.4531,-0.5336,9.7631,-0.0063,0.0131,9.8066,-0.0589,-0.068,-0.0012,-7.69,-39.94,-9.12,207.72,-79.94,-178.56
52.395844,-1.503683,141.47,12.72,3,7.61,19 / 21,5326310,2019-09-06 20:48:52:053,-0.0211,0.0132,9.3724,-0.0043,0.0058,9.8066,0.0673,0.0072,-0.0212,-8.12,-40,-7.5,210.66,-79.98,-178.95
52.395844,-1.503683,141.47,12.72,3,7.61,19 / 21,5326409,2019-09-06 20:48:52:152,-0.2883,-2.2516,10.9314,-0.0047,0.0064,9.8066,-0.2552,-0.0442,0.0041,-7.12,-38.81,-7.06,207.49,-80.03,-179.45
52.395844,-1.503683,141.47,12.72,3,7.61,19 / 21,5326510,2019-09-06 20:48:52:253,-0.0933,-1.3012,9.7118,-0.0098,-0.0141,9.8066,0.0748,0.055,-0.066,-6.19,-38.87,-7.69,202.16,-80.16,179.59
52.395844,-1.503683,141.47,12.72,3,7.61,19 / 21,5326609,2019-09-06 20:48:52:352,-1.4586,-2.0248,8.6825,-0.0129,-0.0142,9.8066,0.1103,0.0511,0.0241,-6.12,-39.19,-8.19,201.84,-80.21,178.99
52.395844,-1.503683,141.47,12.72,3,7.61,19 / 21,5326710,2019-09-06 20:48:52:453,-0.7325,0.0087,9.1837,0.0068,0.0209,9.8066,-0.0703,-0.0245,-0.0749,-6.19,-39.44,-8.19,201.72,-80.1,178.95
52.395844,-1.503683,141.47,12.72,3,7.61,19 / 21,5326810,2019-09-06 20:48:52:553,-0.079,-1.2888,9.5015,-0.017,-0.0086,9.8065,-0.1476,-0.0144,0.0476,-6,-38.62,-8.19,201.49,-80.24,178.38
52.395844,-1.503683,141.47,12.72,3,7.61,19 / 21,5326910,2019-09-06 20:48:52:653,-0.1457,-1.0719,9.1626,-0.0054,0.0052,9.8066,0.1111,0.0461,-0.0926,-5.62,-38.62,-7.94,201.24,-80.31,177.87
52.395844,-1.503683,141.47,12.72,3,7.61,19 / 21,5327010,2019-09-06 20:48:52:753,-0.0148,0.0102,9.9027,-0.019,-0.0036,9.8066,0.0492,-0.0134,-0.0187,-5.12,-38.31,-8.37,197.39,-80.42,176.73
52.395844,-1.503683,141.47,12.72,3,7.61,19 / 21,5327109,2019-09-06 20:48:52:852,-0.5978,-1.2758,9.7672,-0.0102,0.0102,9.8066,0.1428,0.0707,-0.0007,-5.06,-38.81,-9.12,195.08,-80.47,175.23
52.395844,-1.503683,141.47,12.72,3,7.61,19 / 21,5327210,2019-09-06 20:48:52:953,0.1214,-0.7629,11.2645,-0.0105,-0.055,9.8064,0.4009,0.0357,-0.049,-5.19,-40.31,-8.19,196.44,-80.77,175.35
52.395844,-1.503683,141.47,12.72,3,7.61,19 / 21,5327309,2019-09-06 20:48:53:052,-0.1972,0.4214,9.9156,-0.0511,-0.1171,9.8058,-0.2419,0.1242,0.0278,-4.69,-39.12,-7.75,196.29,-80.91,174.65
52.395844,-1.503683,141.47,12.72,3,7.61,18 / 20,5327410,2019-09-06 20:48:53:153,1.2317,-0.2295,10.7432,0.0371,0.0117,9.8065,0.0914,-0.0417,-0.0054,-5.94,-39.19,-8.31,200.26,-80.69,175.78
52.395844,-1.503683,141.47,12.72,3,7.61,18 / 20,5327509,2019-09-06 20:48:53:252,0.2649,-0.7227,10.063,-0.0141,-0.0486,9.8065,-0.0442,0.0456,0.0804,-5.87,-39.75,-8.37,200.72,-80.86,176.63
52.395844,-1.503683,141.47,12.72,3,7.61,18 / 20,5327610,2019-09-06 20:48:53:353,-0.4283,-0.6027,10.3552,0.027,0.0257,9.8065,-0.0145,0.0419,0.0265,-5.06,-39.56,-8.31,197.37,-80.9,176.72
52.395844,-1.503683,141.47,12.72,3,7.61,18 / 20,5327710,2019-09-06 20:48:53:453,0.3465,-0.8508,9.6906,0.0113,0.0116,9.8066,0.0069,0.0024,0.0275,-5.81,-39.31,-8.75,200.48,-80.78,178.22
52.395844,-1.503683,141.47,12.72,3,7.61,18 / 20,5327810,2019-09-06 20:48:53:553,0.1434,-0.5761,9.9805,0.008,-0.023,9.8066,0.0918,-0.0059,0.0398,-6.62,-39.62,-8.62,204.21,-80.87,179.28
52.395844,-1.503683,141.47,12.72,3,7.61,18 / 20,5327910,2019-09-06 20:48:53:653,-0.2633,-0.5391,10.1251,-0.013,-0.0362,9.8066,-0.0796,0.0082,0.0214,-7.06,-39.06,-9.25,204.9,-80.93,179.9
52.395844,-1.503683,141.47,12.72,3,7.61,18 / 20,5328010,2019-09-06 20:48:53:753,-0.2627,-0.2988,9.7558,0.0109,0.0196,9.8066,-0.0238,-0.0006,-0.0052,-7.37,-39.12,-8.75,205.01,-81.01,179.95
52.395844,-1.503683,141.47,12.72,3,7.61,18 / 20,5328110,2019-09-06 20:48:53:853,0.081,-0.8247,9.81,0.0117,0.0158,9.8066,0.0097,0.0149,0.007,-6.37,-39.87,-8.06,202.99,-80.89,-179.8
52.395844,-1.503683,141.47,12.72,3,7.61,18 / 20,5328210,2019-09-06 20:48:53:953,-0.7695,-1.4141,9.8006,-0.0034,-0.0103,9.8066,0.0408,0.0085,-0.0287,-6.37,-39.5,-8.37,203.48,-80.93,-179.44
52.395844,-1.503683,141.47,12.72,3,7.61,18 / 20,5328310,2019-09-06 20:48:54:053,0.2345,0.3132,10.0401,-0.012,-0.0222,9.8066,-0.0179,-0.002,0.0191,-6.12,-39.94,-8.56,201.79,-80.95,-179.65
52.395844,-1.503683,141.47,12.72,3,7.61,20 / 21,5328409,2019-09-06 20:48:54:152,0.1329,0.8238,10.413,0.0113,0.0103,9.8066,0.095,0.0127,-0.0246,-5.5,-40.12,-7.81,199.77,-80.92,-179.36
52.395844,-1.503683,141.47,12.72,3,7.61,20 / 21,5328510,2019-09-06 20:48:54:253,0.1689,-0.1321,10.1698,-0.0039,-0.0004,9.8066,-0.0661,-0.0096,0.0218,-6.19,-39.25,-8.75,202.25,-80.98,-179.3
52.395844,-1.503683,141.47,12.72,3,7.61,20 / 21,5328609,2019-09-06 20:48:54:352,0.117,-0.9922,10.0384,0.0075,0.0038,9.8066,-0.0386,-0.0215,0.0008,-5.37,-39.94,-8.44,199.89,-81.08,-179.39
52.395844,-1.503683,141.47,12.72,3,7.61,20 / 21,5328709,2019-09-06 20:48:54:452,-0.3067,-1.3883,10.0304,-0.0049,-0.0057,9.8065,0.0918,0.0401,0.0273,-5.94,-40,-8.75,202.28,-81.12,-179.13
52.395844,-1.503683,141.47,12.72,3,7.61,20 / 21,5328810,2019-09-06 20:48:54:553,-0.1267,-0.9349,10.1504,-0.0006,-0.0107,9.8066,0.0365,0.0107,-0.0268,-6,-39.94,-8.62,202.52,-81.15,-178.81
52.395844,-1.503683,141.47,12.72,3,7.61,20 / 21,5328909,2019-09-06 20:48:54:652,-0.2486,0.1965,9.5602,-0.0031,-0.0112,9.8065,-0.007,-0.0084,0.0231,-5.37,-40.25,-8.75,199.07,-81.14,-178.91
52.395844,-1.503683,141.47,12.72,3,7.61,20 / 21,5329009,2019-09-06 20:48:54:752,-0.1174,-0.5057,9.4403,0.0066,-0.005,9.8066,-0.0213,-0.0083,0.02,-5.81,-39.87,-7.94,204.43,-81.15,-177.92
52.395844,-1.503683,141.47,12.72,3,7.61,20 / 21,5329110,2019-09-06 20:48:54:853,0.1048,-1.4104,9.561,0.0066,-0.0092,9.8066,-0.0231,0.0321,-0.0362,-6.44,-40.37,-8.19,205.03,-81.28,-177.18
52.395844,-1.503683,141.47,12.72,3,7.61,20 / 21,5329210,2019-09-06 20:48:54:953,0.5038,0.719,9.6282,-0.0073,-0.0271,9.8066,0.0575,-0.0442,0.0328,-6,-40.62,-7.94,204.74,-81.29,-177.28
52.395844,-1.503683,141.47,12.72,3,7.61,20 / 21,5329309,2019-09-06 20:48:55:052,-0.0344,-0.1931,9.8194,0.0051,-0.0154,9.8066,0.0537,-0.0428,0.0334,-6.31,-39.75,-7.87,205.86,-81.5,-176.28
52.395844,-1.503683,141.47,12.72,3,7.61,19 / 20,5329409,2019-09-06 20:48:55:152,0.1235,-0.3553,10.2913,0.0034,-0.0043,9.8066,0.0126,-0.0117,0.0041,-6,-39.62,-8.12,206.08,-81.5,-175.95
52.395844,-1.503683,141.47,12.72,3,7.61,19 / 20,5329510,2019-09-06 20:48:55:253,-0.2546,0.0727,9.8262,0.0044,0.0203,9.8066,-0.0706,0.0288,-0.0114,-5.94,-39.12,-8.87,204.99,-81.53,-175.95
52.395844,-1.503683,141.47,12.72,3,7.61,19 / 20,5329610,2019-09-06 20:48:55:353,-0.1946,-0.752,9.7523,0.0187,0.0313,9.8065,-0.0727,-0.0187,0.0317,-5.69,-39.5,-8.62,204.83,-81.45,-176.06
52.395844,-1.503683,141.47,12.72,3,7.61,19 / 20,5329710,2019-09-06 20:48:55:453,-0.2869,-1.2868,9.7839,0.0082,0.0207,9.8065,0.0354,-0.0065,-0.0082,-5.56,-39.25,-8.69,204.87,-81.21,-175.66
52.395844,-1.503683,141.47,12.72,3,7.61,19 / 20,5329809,2019-09-06 20:48:55:552,-0.3289,-1.4046,9.7754,-0.0089,-0.01,9.8066,0.0005,-0.0199,0.0029,-6.62,-40.31,-8.75,207.94,-81.34,-175.84
52.395844,-1.503683,141.47,12.72,3,7.61,19 / 20,5329909,2019-09-06 20:48:55:652,-0.1457,-0.2542,10.1415,-0.002,-0.0133,9.8066,-0.3151,-0.0254,-0.0175,-5.81,-39.87,-8.56,204.71,-81.43,-175.88
52.395844,-1.503683,141.47,12.72,3,7.61,19 / 20,5330010,2019-09-06 20:48:55:753,-0.3918,-0.8483,9.4453,0.0154,0.0621,9.8063,-0.2941,0.0269,-0.0467,-6.37,-40.31,-8.56,203.97,-81.18,-176.62
52.395844,-1.503683,141.47,12.72,3,7.61,19 / 20,5330110,2019-09-06 20:48:55:853,1.1661,-0.1713,9.7255,0.0159,0.054,9.8064,0.1502,-0.0159,0.0262,-5.87,-40,-8.75,203.62,-81.26,-177.27
52.395844,-1.503683,141.47,12.72,3,7.61,19 / 20,5330210,2019-09-06 20:48:55:953,-0.2509,-1.5755,9.0722,-0.0448,-0.1011,9.806,0.015,0.059,-0.046,-5.69,-39.19,-9.25,204.17,-81.32,-176.87
52.395844,-1.503683,141.47,12.72,3,7.61,19 / 20,5330310,2019-09-06 20:48:56:053,-0.9647,-1.6219,9.5501,-0.0182,-0.0396,9.8065,0.0159,0.0536,-0.0225,-6.06,-39.81,-9,204.11,-82.07,-177.74
52.395844,-1.503683,141.47,12.72,3,7.61,19 / 20,5330409,2019-09-06 20:48:56:152,0.1926,-1.1519,10.7178,0.0159,0.013,9.8066,0.0156,-0.0282,0.0392,-5.87,-38.62,-8.94,204.33,-81.96,-177.56
52.395844,-1.503683,141.47,12.72,3,7.61,19 / 20,5330510,2019-09-06 20:48:56:253,0.0116,-0.358,10.1613,-0.015,-0.0422,9.8065,-0.0913,-0.0092,-0.0314,-6.12,-39.56,-9,204.55,-82.08,-177.11
52.395844,-1.503683,141.47,12.72,3,7.61,19 / 20,5330609,2019-09-06 20:48:56:352,0.0468,-1.21,9.9984,0.0051,0.0288,9.8066,-0.0074,-0.0389,0.0408,-5.25,-40.69,-8.87,200.13,-81.87,-177.93
52.395844,-1.503683,141.47,12.72,3,7.61,19 / 20,5330710,2019-09-06 20:48:56:453,-0.4219,-1.3557,10.1066,0.0136,-0.0095,9.8066,0.0213,-0.0165,0.0141,-5.56,-40.31,-9.37,204.54,-81.97,-176.95
52.395844,-1.503683,141.47,12.72,3,7.61,19 / 20,5330810,2019-09-06 20:48:56:553,-0.8208,-1.2778,9.9506,-0.0064,-0.0295,9.8065,0.0403,0.0471,0.0061,-5.94,-40.25,-8.94,205.03,-82,-176.27
52.395844,-1.503683,141.47,12.72,3,7.61,19 / 20,5330910,2019-09-06 20:48:56:653,-0.0215,-0.4077,9.5849,0.0189,0.022,9.8065,-0.0654,0.0184,-0.0132,-6.31,-40.31,-8.81,205.8,-82.2,-175.45
52.395844,-1.503683,141.47,12.72,3,7.61,19 / 20,5331009,2019-09-06 20:48:56:752,-0.362,-1.1651,10.4323,0.0093,0.0071,9.8066,0.0898,0.0209,0.0273,-6.25,-39.44,-9.19,206.47,-82.07,-174.6
52.395844,-1.503683,141.47,12.72,3,7.61,19 / 20,5331110,2019-09-06 20:48:56:853,-1.1058,-1.0177,9.8993,0.0106,0.0128,9.8066,-0.0707,0.0124,0.0277,-6,-40.37,-8.69,206.48,-82.19,-174.45
52.395844,-1.503683,141.47,12.72,3,7.61,19 / 20,5331210,2019-09-06 20:48:56:953,-0.3591,0.0969,10.3417,0.0268,0.03,9.8065,-0.0575,0.0024,0.0204,-6,-39.75,-8.75,207.12,-81.94,-173.11
52.395844,-1.503683,141.47,12.72,3,7.61,19 / 20,5331310,2019-09-06 20:48:57:053,-0.9783,-0.7217,9.824,0.0108,0.0208,9.8066,-0.0251,0.0385,0.0443,-6.56,-40.06,-9.31,211.07,-81.97,-172.36
52.396774,-1.503468,145.01,9.21,2,7.93,19 / 21,5331409,2019-09-06 20:48:57:152,-0.2908,-1.0153,9.8732,0.0018,-0.0027,9.8066,0.0068,0.1144,0.0608,-6.37,-40.5,-8.75,208.64,-82.02,-171
52.396774,-1.503468,145.01,9.21,2,7.93,19 / 21,5331510,2019-09-06 20:48:57:253,-0.5535,-1.2239,9.8201,0.0077,0.0084,9.8066,0.0861,0.0707,0.0217,-6.56,-40.31,-9.31,212.96,-81.91,-169.54
52.396774,-1.503468,145.01,9.21,2,7.93,19 / 21,5331609,2019-09-06 20:48:57:352,-1.1011,-0.9876,9.3377,0.0192,0.0048,9.8066,0.0061,0.0706,-0.0029,-6.62,-40.37,-9.12,213.48,-81.77,-168.55
52.396774,-1.503468,145.01,9.21,2,7.93,19 / 21,5331710,2019-09-06 20:48:57:453,0.4748,0.3471,10.3921,-0.0039,-0.0007,9.8066,0.0003,0.0615,-0.0118,-6.19,-40.5,-9.12,210.24,-81.69,-168.05
52.396774,-1.503468,145.01,9.21,2,7.93,19 / 21,5331809,2019-09-06 20:48:57:552,-0.5827,-0.8465,9.9215,-0.0082,-0.0092,9.8066,0.0223,0.1132,-0.0701,-6,-40.19,-8.94,210,-81.75,-168.52
52.396774,-1.503468,145.01,9.21,2,7.93,19 / 21,5331909,2019-09-06 20:48:57:652,-1.0657,-1.5288,9.9575,-0.02,-0.022,9.8066,-0.0908,0.0495,-0.068,-6.19,-39.69,-8.81,209.66,-81.94,-169.37
52.396774,-1.503468,145.01,9.21,2,7.93,19 / 21,5332010,2019-09-06 20:48:57:753,-1.0881,-0.0852,9.0514,-0.0097,0.0049,9.8066,0.0008,0.0605,0.04,-6.06,-39.75,-8.62,208.69,-81.95,-170.81
52.396774,-1.503468,145.01,9.21,2,7.93,19 / 21,5332109,2019-09-06 20:48:57:852,0.1537,-0.0973,9.5234,0.0147,-0.0018,9.8066,-0.1651,0.1066,-0.0601,-6.12,-40.44,-8.62,209.47,-81.99,-169.74
52.396774,-1.503468,145.01,9.21,2,7.93,19 / 21,5332210,2019-09-06 20:48:57:953,-0.6617,-2.4063,9.7144,-0.0043,0.009,9.8066,-0.1703,0.0573,-0.0432,-5.81,-40.31,-8.62,209.26,-82.12,-170.28
52.396774,-1.503468,145.01,9.21,2,7.93,19 / 21,5332310,2019-09-06 20:48:58:053,-2.6111,-3.7767,9.651,-0.0186,0.0255,9.8065,0.1673,0.0397,0.0691,-5.62,-40.44,-10.31,207.35,-82.29,-171.6
52.396774,-1.503468,145.01,9.21,2,7.93,19 / 21,5332410,2019-09-06 20:48:58:153,-0.4506,-2.3214,10.1919,-0.0075,-0.0378,9.8065,0.1867,0.0426,-0.0231,-5.69,-40.44,-9.12,209.32,-82.57,-171.02
52.396774,-1.503468,145.01,9.21,2,7.93,19 / 21,5332509,2019-09-06 20:48:58:252,0.1306,-1.0498,9.5592,-0.0003,-0.0251,9.8066,-0.1158,0.0967,-0.0066,-5.06,-40.75,-8.81,205.19,-82.36,-171.01
52.396774,-1.503468,145.01,9.21,2,7.93,19 / 21,5332610,2019-09-06 20:48:58:353,-0.913,-1.4502,9.9082,0.0223,0.0381,9.8065,-0.0416,0.0519,0.0171,-5.56,-40.19,-9.12,208.6,-81.88,-170.82
52.396774,-1.503468,145.01,9.21,2,7.93,19 / 21,5332709,2019-09-06 20:48:58:452,0.2778,-1.3728,9.9816,0.0106,0.0246,9.8066,0.0884,0.0194,0.0094,-5.5,-40.56,-9.06,205.21,-81.86,-170.14
52.396774,-1.503468,145.01,9.21,2,7.93,19 / 21,5332809,2019-09-06 20:48:58:552,0.5704,-0.5278,10.2582,-0.0097,-0.0401,9.8065,0.0338,-0.0315,0.049,-5.69,-40.31,-9.06,209.69,-81.86,-169.19
52.396774,-1.503468,145.01,9.21,2,7.93,19 / 21,5332910,2019-09-06 20:48:58:653,-0.7058,-2.0828,10.3946,0.0003,-0.0262,9.8065,0.1091,-0.0272,0.0323,-5.56,-40.31,-8.81,210.71,-82.06,-168.06
52.396774,-1.503468,145.01,9.21,2,7.93,19 / 21,5333010,2019-09-06 20:48:58:753,0.0705,-0.8373,10.2795,0.0237,0.0023,9.8066,0.0833,0.0192,0.0578,-5.81,-40.69,-8.56,210.83,-81.66,-166.71
52.396774,-1.503468,145.01,9.21,2,7.93,19 / 21,5333109,2019-09-06 20:48:58:852,1.4209,-1.3451,9.8846,0.0162,-0.0253,9.8066,0.0195,-0.044,0.0128,-6.81,-41.31,-8.25,216.53,-81.48,-165
52.396774,-1.503468,145.01,9.21,2,7.93,19 / 21,5333209,2019-09-06 20:48:58:952,1.4775,-1.6306,9.8525,0.0022,-0.0023,9.8066,0.0425,-0.1835,0.0415,-6.37,-40.06,-8,213.48,-81.32,-164.17
52.396774,-1.503468,145.01,9.21,2,7.93,19 / 21,5333310,2019-09-06 20:48:59:053,1.4689,-1.9136,10.2544,-0.0017,0.0085,9.8066,-0.0148,-0.2013,0.0325,-6.87,-40.12,-7.31,218.67,-81.27,-164.02
52.396774,-1.503468,145.01,9.21,2,7.93,19 / 21,5333409,2019-09-06 20:48:59:152,1.8525,-2.1561,10.4524,-0.0022,-0.0103,9.8066,0.0244,-0.258,0.0605,-7.62,-39.56,-7.75,220.92,-81.35,-163.91
52.396774,-1.503468,145.01,9.21,2,7.93,19 / 21,5333509,2019-09-06 20:48:59:252,2.4378,-1.728,10.1536,-0.0113,-0.0091,9.8065,-0.0546,-0.255,-0.024,-7.75,-39.87,-7.81,221.2,-81.45,-163.76
52.396774,-1.503468,145.01,9.21,2,7.93,19 / 21,5333609,2019-09-06 20:48:59:352,1.6182,-1.7752,9.3972,-0.0114,0.0286,9.8065,-0.0192,-0.3126,0.0006,-8.12,-40.06,-7.31,220.84,-81.3,-166.34
52.396774,-1.503468,145.01,9.21,2,7.93,19 / 21,5333710,2019-09-06 20:48:59:453,1.3653,-1.6105,9.5917,-0.0025,0.0283,9.8066,0.0507,-0.3632,0.0163,-9.12,-39.81,-6.69,223.1,-81.25,-167.84
52.396774,-1.503468,145.01,9.21,2,7.93,19 / 21,5333809,2019-09-06 20:48:59:552,2.4643,-1.5805,9.89,-0.0162,-0.0145,9.8066,0.0518,-0.4358,0.0733,-8.87,-40.37,-6.5,224.76,-81.25,-168.4
52.396774,-1.503468,145.01,9.21,2,7.93,19 / 21,5333911,2019-09-06 20:48:59:654,2.3777,-2.2603,10.0153,-0.01,-0.0033,9.8065,-0.0919,-0.4073,0.0057,-9.75,-39.75,-6.56,226.26,-81.43,-168.28
52.396774,-1.503468,145.01,9.21,2,7.93,19 / 21,5334010,2019-09-06 20:48:59:753,1.5361,-3.228,9.1025,-0.0235,-0.0058,9.8066,-0.0894,-0.4132,0.0538,-10.44,-40.06,-6.31,228.51,-81.79,-169.17
52.396774,-1.503468,145.01,9.21,2,7.93,19 / 21,5334110,2019-09-06 20:48:59:853,1.1841,-2.6883,9.795,0.008,0.0088,9.8065,0.1023,-0.4198,0.1121,-10.56,-39.81,-6.75,229.22,-81.93,-169.45
52.396774,-1.503468,145.01,9.21,2,7.93,19 / 21,5334210,2019-09-06 20:48:59:953,1.5225,-2.9344,9.6005,-0.0184,-0.0422,9.8065,0.0753,-0.5379,0.1102,-11.06,-39.69,-4.56,236.7,-82.28,-167.13
52.396774,-1.503468,145.01,9.21,2,7.93,19 / 21,5334309,2019-09-06 20:49:00:052,2.2474,-2.9633,10.1171,-0.0068,-0.0287,9.8066,-0.0569,-0.4967,0.1342,-12.12,-39.25,-6.12,238.13,-82.24,-165.94
52.396774,-1.503468,145.01,9.21,2,7.93,18 / 20,5334410,2019-09-06 20:49:00:153,2.2107,-2.4406,10.0672,0.0269,-0.013,9.8066,0.0237,-0.5526,0.115,-13.25,-39.31,-5.12,244.38,-82.13,-164.42
52.396774,-1.503468,145.01,9.21,2,7.93,18 / 20,5334509,2019-09-06 20:49:00:252,0.3413,-3.2105,9.4586,0.0186,-0.0016,9.8066,-0.0013,-0.597,0.1653,-14.06,-38.81,-3.94,250.77,-81.86,-162.29
52.396774,-1.503468,145.01,9.21,2,7.93,18 / 20,5334610,2019-09-06 20:49:00:353,1.5927,-4.2707,10.6214,0.021,-0.0279,9.8065,0.0661,-0.6249,0.1393,-13.87,-40,-3.69,252.27,-81.6,-159.27
52.396774,-1.503468,145.01,9.21,2,7.93,18 / 20,5334709,2019-09-06 20:49:00:452,1.4571,-3.3036,10.6491,-0.0172,-0.0046,9.8066,0.0504,-0.5464,0.0573,-14.94,-39.06,-2.75,257.37,-81.36,-159.27
52.396774,-1.503468,145.01,9.21,2,7.93,18 / 20,5334809,2019-09-06 20:49:00:552,1.0378,-2.8517,10.344,0.0137,0.0169,9.8066,0.0176,-0.5526,0.0379,-15.69,-39.25,-1,263.31,-81.11,-160.99
52.396774,-1.503468,145.01,9.21,2,7.93,18 / 20,5334910,2019-09-06 20:49:00:653,0.8345,-1.9025,9.7573,0.008,0.0129,9.8066,0.0075,-0.6015,0.0892,-16.75,-38.87,-1.31,263.8,-81.03,-161.86
52.396774,-1.503468,145.01,9.21,2,7.93,18 / 20,5335010,2019-09-06 20:49:00:753,1.2276,-2.6449,10.1895,0.0266,-0.0046,9.8065,0.0349,-0.6444,0.1237,-16.62,-38.69,-0.62,263.34,-80.89,-161.99
52.396774,-1.503468,145.01,9.21,2,7.93,18 / 20,5335110,2019-09-06 20:49:00:853,1.1525,-3.4702,10.1298,0.0132,0.0077,9.8066,-0.0125,-0.5818,0.0438,-17.31,-38.19,0.56,270.09,-80.58,-161.54
52.396774,-1.503468,145.01,9.21,2,7.93,18 / 20,5335209,2019-09-06 20:49:00:952,-0.0902,-2.9318,9.9034,-0.007,0.0169,9.8065,-0.0359,-0.5516,0.0416,-17.62,-38.44,1.19,269.89,-80.58,-162.83
52.396774,-1.503468,145.01,9.21,2,7.93,18 / 20,5335310,2019-09-06 20:49:01:053,0.2238,-2.3844,9.6319,-0.0124,0.0114,9.8066,-0.0754,-0.5419,0.0793,-17.81,-38.69,2.38,272.22,-80.77,-163.63
52.396774,-1.503468,145.01,9.21,2,7.93,18 / 21,5335409,2019-09-06 20:49:01:152,-0.3888,-2.1339,9.7362,0.0072,-0.009,9.8066,-0.0455,-0.5769,0.09,-17.87,-38.06,3.13,276.38,-80.8,-163.42
52.396774,-1.503468,145.01,9.21,2,7.93,18 / 21,5335510,2019-09-06 20:49:01:253,0.8535,-1.619,10.2732,0.0191,0.0101,9.8066,-0.013,-0.6248,0.1436,-19,-37.69,4.75,283.63,-80.71,-163.05
52.396774,-1.503468,145.01,9.21,2,7.93,18 / 21,5335609,2019-09-06 20:49:01:352,-0.1461,-2.3645,10.2521,0.0151,-0.0089,9.8066,0.0817,-0.5705,0.0983,-18.87,-37.87,5,283.13,-80.6,-163.28
52.396774,-1.503468,145.01,9.21,2,7.93,18 / 21,5335709,2019-09-06 20:49:01:452,0.1236,-3.4189,9.5644,-0.0137,0.003,9.8066,-0.0416,-0.527,0.0231,-18.44,-36.87,6.06,286.46,-80.36,-163.26
52.396774,-1.503468,145.01,9.21,2,7.93,18 / 21,5335809,2019-09-06 20:49:01:552,1.074,-2.9585,9.4015,0.0316,0.0089,9.8065,0.006,-0.6144,0.173,-18.5,-36.94,7.5,291.33,-79.98,-164.37
52.396774,-1.503468,145.01,9.21,2,7.93,18 / 21,5335910,2019-09-06 20:49:01:653,-0.8206,-3.8966,9.823,0.0008,-0.0049,9.8066,-0.0099,-0.5637,0.0704,-19.31,-37.25,8.13,291.71,-79.9,-163.58
52.396774,-1.503468,145.01,9.21,2,7.93,18 / 21,5336009,2019-09-06 20:49:01:752,-0.3642,-2.6637,9.7273,0.0136,0.01,9.8065,-0.1481,-0.517,0.007,-18.25,-37,9.19,294.93,-79.93,-164.12
52.396774,-1.503468,145.01,9.21,2,7.93,18 / 21,5336109,2019-09-06 20:49:01:852,-1.1432,-1.8031,10.3075,0.0067,0.0226,9.8066,0.1228,-0.6132,0.1332,-18.94,-37.44,10,296.66,-80.16,-165.32
52.396774,-1.503468,145.01,9.21,2,7.93,18 / 21,5336209,2019-09-06 20:49:01:952,-1.6921,-2.0962,9.8202,-0.0584,0.004,9.8064,-0.0686,-0.5531,0.0657,-19.69,-36.81,10.44,297.06,-80.34,-164.69
52.396774,-1.503468,145.01,9.21,2,7.93,18 / 21,5336309,2019-09-06 20:49:02:052,-1.1196,-2.9413,9.6065,-0.0261,-0.0028,9.8066,0.0299,-0.5494,0.0715,-18.87,-37.12,11.56,305.86,-80.69,-163.48
52.396774,-1.503468,145.01,9.21,2,7.93,20 / 22,5336410,2019-09-06 20:49:02:153,-0.4022,-2.9994,9.8787,0.0113,-0.0163,9.8066,0.1778,-0.5303,0.1535,-19,-36.37,13.25,309.98,-80.38,-162.35
52.396774,-1.503468,145.01,9.21,2,7.93,20 / 22,5336509,2019-09-06 20:49:02:252,0.5148,-5.114,10.4749,-0.0074,-0.0111,9.8065,-0.083,-0.4739,-0.0215,-19.25,-36.19,13.38,310.2,-80.17,-161.89
52.396774,-1.503468,145.01,9.21,2,7.93,20 / 22,5336610,2019-09-06 20:49:02:353,1.0056,-2.9157,10.3887,0.0191,0.0291,9.8066,-0.0198,-0.5917,0.0908,-17.94,-35.44,14.88,314.66,-80.06,-164.06
52.396774,-1.503468,145.01,9.21,2,7.93,20 / 22,5336709,2019-09-06 20:49:02:452,0.3585,-2.2416,10.4544,-0.0103,0.0189,9.8066,-0.0442,-0.5211,-0.0015,-17.62,-35.5,15.13,314.09,-80.21,-164.71
52.396774,-1.503468,145.01,9.21,2,7.93,20 / 22,5336810,2019-09-06 20:49:02:553,0.4155,-1.7624,10.1195,-0.0053,0.0235,9.8066,0.0412,-0.4469,0.0574,-17.12,-35.56,15.19,314.64,-80.35,-165.38
52.396774,-1.503468,145.01,9.21,2,7.93,20 / 22,5336910,2019-09-06 20:49:02:653,0.3196,-1.6744,10.4812,0.017,-0.0109,9.8065,-0.0454,-0.4282,0.0684,-17,-36,16.56,319.2,-80.48,-166.04
52.396774,-1.503468,145.01,9.21,2,7.93,20 / 22,5337009,2019-09-06 20:49:02:752,-1.1579,-0.7886,9.7235,0.0386,-0.0315,9.8065,0.0001,-0.3898,0.0461,-17.44,-35.75,17.94,320.7,-80.17,-166.42
52.396774,-1.503468,145.01,9.21,2,7.93,20 / 22,5337109,2019-09-06 20:49:02:852,-1.2193,-1.6221,9.5968,0.0231,-0.0241,9.8065,-0.0556,-0.3632,0.0768,-16.75,-36,17.5,320.62,-79.98,-166.3
52.396774,-1.503468,145.01,9.21,2,7.93,20 / 22,5337210,2019-09-06 20:49:02:953,-0.2526,-2.2826,9.8851,0.0087,-0.025,9.8065,-0.0475,-0.3418,0.1192,-16.69,-35.56,19.5,325.38,-79.79,-165.85
52.396774,-1.503468,145.01,9.21,2,7.93,20 / 22,5337310,2019-09-06 20:49:03:053,-1.2424,-1.601,10.7762,0.0088,-0.0394,9.8065,-0.0638,-0.3463,0.0467,-16.44,-35.69,19,326.38,-79.55,-164.67
52.396774,-1.503468,145.01,9.21,2,7.93,19 / 22,5337409,2019-09-06 20:49:03:152,-1.447,-2.694,10.2054,-0.0071,0.0099,9.8066,0.0387,-0.3796,0.0408,-16.25,-35.37,20,328.96,-79.52,-164.56
52.396774,-1.503468,145.01,9.21,2,7.93,19 / 22,5337510,2019-09-06 20:49:03:253,-1.8012,-0.6103,9.7863,0.0049,0.0064,9.8065,0.1688,-0.3568,0.0325,-15.37,-34.94,20.56,332.08,-79.46,-165.28
52.396774,-1.503468,145.01,9.21,2,7.93,19 / 22,5337609,2019-09-06 20:49:03:352,-1.125,-0.8552,9.7163,-0.0112,0.0199,9.8065,0.1714,-0.3023,0.0388,-15.37,-35.31,20.69,331.35,-79.47,-165.85
52.396774,-1.503468,145.01,9.21,2,7.93,19 / 22,5337710,2019-09-06 20:49:03:453,0.1191,-2.048,10.3971,-0.0316,0.0318,9.8065,-0.0314,-0.3865,0.0514,-15.19,-35.06,21,330.68,-79.35,-166.28
52.396774,-1.503468,145.01,9.21,2,7.93,19 / 22,5337810,2019-09-06 20:49:03:553,1.5168,-3.003,11.3595,0.0412,-0.0327,9.8064,0.1233,-0.192,-0.0202,-14.56,-34.94,21.5,331.79,-78.86,-166.55
52.396774,-1.503468,145.01,9.21,2,7.93,19 / 22,5337909,2019-09-06 20:49:03:652,0.1887,-1.771,10.7923,0.0138,-0.0047,9.8065,-0.2171,-0.2883,0.0558,-14.06,-35,22,333.07,-78.9,-167.28
52.396774,-1.503468,145.01,9.21,2,7.93,19 / 22,5338010,2019-09-06 20:49:03:753,-0.603,0.034,8.9169,0.0428,-0.0434,9.8064,-0.2057,-0.2234,0.0367,-14.06,-34.94,22.31,333.27,-78.73,-167.01
52.396774,-1.503468,145.01,9.21,2,7.93,19 / 22,5338109,2019-09-06 20:49:03:852,-0.9329,-1.2719,9.2853,0.0432,-0.0468,9.8064,0.0886,-0.181,-0.0007,-13.44,-34.44,22.81,336.11,-78.31,-167.89
52.396774,-1.503468,145.01,9.21,2,7.93,19 / 22,5338209,2019-09-06 20:49:03:952,-0.7987,-0.7245,9.4708,-0.0087,0.0205,9.8066,-0.0662,-0.1318,0.0085,-13.06,-34.44,22.69,335.67,-78.44,-168.3
52.396774,-1.503468,145.01,9.21,2,7.93,19 / 22,5338309,2019-09-06 20:49:04:052,-0.3531,-0.8634,10.2218,-0.0252,0.0075,9.8065,0.0026,-0.1545,0.0263,-12.87,-35,23.06,336.06,-78.53,-167.88
52.396774,-1.503468,145.01,9.21,2,7.93,20 / 22,5338410,2019-09-06 20:49:04:153,0.2311,-0.6966,10.0259,0.0069,0.0017,9.8066,0.0199,-0.1227,-0.0198,-12.56,-35.06,23.31,336.25,-78.62,-167.79
52.396774,-1.503468,145.01,9.21,2,7.93,20 / 22,5338509,2019-09-06 20:49:04:252,-0.2489,-0.2038,9.7118,0.0175,0.0093,9.8066,0.0086,-0.0916,-0.0307,-12.87,-34.81,23.56,336.6,-78.61,-168.76
52.396774,-1.503468,145.01,9.21,2,7.93,20 / 22,5338610,2019-09-06 20:49:04:353,1.1941,-0.5466,9.9896,0.0135,0.0049,9.8066,0.0189,-0.0491,-0.0479,-11.87,-34.81,23.31,335.82,-78.57,-169.89
52.396774,-1.503468,145.01,9.21,2,7.93,20 / 22,5338709,2019-09-06 20:49:04:452,0.6151,-0.0539,10.2675,0.0078,0.0144,9.8066,-0.0515,-0.04,-0.0298,-12.44,-34.44,23.63,336,-78.63,-171.17
52.396774,-1.503468,145.01,9.21,2,7.93,20 / 22,5338809,2019-09-06 20:49:04:552,1.0733,-0.6439,10.0495,0.0105,0.0037,9.8066,-0.0294,-0.0676,0.0163,-11.81,-34.81,23.38,333.47,-78.71,-171.73
52.396774,-1.503468,145.01,9.21,2,7.93,20 / 22,5338910,2019-09-06 20:49:04:653,0.4769,0.3029,10.5229,0.0182,-0.0226,9.8066,0.1238,-0.0618,0.0079,-12.25,-35.12,23.19,333.17,-78.65,-171.92
52.396774,-1.503468,145.01,9.21,2,7.93,20 / 22,5339010,2019-09-06 20:49:04:753,0.4622,0.3646,10.1586,-0.0154,0.0214,9.8066,0.0594,-0.0101,-0.0326,-11.69,-34.62,23.44,333.03,-78.6,-171.98
52.396774,-1.503468,145.01,9.21,2,7.93,20 / 22,5339110,2019-09-06 20:49:04:853,0.4989,0.0862,9.9092,-0.0106,0.0163,9.8066,0.0581,0.0154,0.0376,-11.94,-34.87,23.44,332.54,-78.46,-172.25
52.396774,-1.503468,145.01,9.21,2,7.93,20 / 22,5339210,2019-09-06 20:49:04:953,0.0304,-0.206,9.9284,-0.0138,-0.0227,9.8065,-0.0468,-0.0385,0.0337,-11.87,-35.25,23,333.27,-78.17,-171.51
52.396774,-1.503468,145.01,9.21,2,7.93,20 / 22,5339309,2019-09-06 20:49:05:052,0.4688,-0.0318,9.8875,-0.0068,-0.007,9.8066,-0.0889,-0.044,0.0717,-12.56,-34.06,23.63,334.49,-77.95,-170.12
52.396774,-1.503468,145.01,9.21,2,7.93,18 / 20,5339410,2019-09-06 20:49:05:153,0.1247,-0.3051,9.8863,-0.0139,0.029,9.8066,0.0902,-0.0322,-0.0191,-12.31,-34.75,23.56,337.4,-78.07,-169.63
52.396774,-1.503468,145.01,9.21,2,7.93,18 / 20,5339513,2019-09-06 20:49:05:256,0.1787,-0.3289,10.4662,0.0338,-0.0388,9.8064,-0.1643,-0.0194,-0.0253,-12.31,-34.69,23,335.85,-78.31,-169.71
52.396774,-1.503468,145.01,9.21,2,7.93,18 / 20,5339610,2019-09-06 20:49:05:353,-0.1806,-0.6275,9.9007,0.0307,-0.0398,9.8065,0.0051,-0.0674,0.067,-12.56,-35.25,23.63,334.18,-78.12,-170.27
52.396774,-1.503468,145.01,9.21,2,7.93,18 / 20,5339710,2019-09-06 20:49:05:453,0.7369,0.4795,9.3881,0.0202,-0.0322,9.8065,-0.0892,-0.0509,-0.0138,-12.44,-34.94,23,335.48,-78.1,-169.84
52.396774,-1.503468,145.01,9.21,2,7.93,18 / 20,5339810,2019-09-06 20:49:05:553,0.504,1.2254,8.8648,0.0097,-0.0081,9.8066,-0.1723,0.0566,0.0165,-12.06,-35.31,23.44,335.32,-78.22,-170.04
52.396774,-1.503468,145.01,9.21,2,7.93,18 / 20,5339910,2019-09-06 20:49:05:653,0.3741,0.4006,9.8269,-0.0382,0.0418,9.8064,0.0271,-0.0339,0.0132,-12.44,-35.31,23.13,335.66,-78.18,-169.76
52.396774,-1.503468,145.01,9.21,2,7.93,18 / 20,5340010,2019-09-06 20:49:05:753,0.2974,0.4413,9.838,-0.0172,0.0209,9.8066,-0.0048,-0.0198,0.0029,-11.87,-34.75,23.69,338.55,-78.52,-169.03
52.396774,-1.503468,145.01,9.21,2,7.93,18 / 20,5340109,2019-09-06 20:49:05:852,0.6341,0.1608,9.6902,-0.0008,0.004,9.8066,0.0587,0.02,0.0081,-12.62,-34.31,23.13,334.47,-78.35,-169.14
52.396774,-1.503468,145.01,9.21,2,7.93,18 / 20,5340210,2019-09-06 20:49:05:953,0.3232,-1.0315,10.0859,-0.0043,-0.0021,9.8065,0.1292,-0.0418,0.0342,-11.44,-33.87,23.13,339.49,-78.16,-169.03
52.396774,-1.503468,145.01,9.21,2,7.93,18 / 20,5340310,2019-09-06 20:49:06:053,-0.1543,-0.0808,10.265,-0.0085,0.0064,9.8066,-0.0815,0.0721,-0.0244,-12.31,-34.5,23.88,338.72,-78.08,-168.83
52.396854,-1.502961,148.23,9.77,3,138.22,18 / 20,5340410,2019-09-06 20:49:06:153,0.3361,-0.0348,10.1776,-0.0061,-0.01,9.8065,0.0794,0.0307,-0.0749,-12.37,-34,23.31,336.63,-78.13,-169.21
52.396854,-1.502961,148.23,9.77,3,138.22,18 / 20,5340509,2019-09-06 20:49:06:252,-0.0953,0.5638,9.5414,0.0092,-0.0159,9.8066,-0.0551,0.041,-0.0498,-11.81,-33.44,23.19,336.86,-78.01,-169.15
52.396854,-1.502961,148.23,9.77,3,138.22,18 / 20,5340610,2019-09-06 20:49:06:353,0.3661,0.3965,9.4696,0.0013,-0.0028,9.8066,-0.0561,0.0201,0.0521,-11.62,-33.62,23.63,338.04,-78,-169.29
52.396854,-1.502961,148.23,9.77,3,138.22,18 / 20,5340709,2019-09-06 20:49:06:452,0.2386,-0.2519,10.0656,0.0062,-0.0266,9.8066,0.0666,0.0213,-0.0587,-12.69,-33.62,22.94,334.31,-77.83,-168.93
52.396854,-1.502961,148.23,9.77,3,138.22,18 / 20,5340810,2019-09-06 20:49:06:553,0.3047,-0.0586,9.8936,-0.0038,0.0168,9.8066,0.082,-0.0083,0.0402,-12.25,-32.81,23.44,337,-77.78,-168.92
52.396854,-1.502961,148.23,9.77,3,138.22,18 / 20,5340910,2019-09-06 20:49:06:653,0.4073,-0.4166,10.354,-0.0185,0.0127,9.8066,-0.0904,0.0131,-0.0305,-12.87,-33.5,23.56,336.52,-77.87,-168.74
52.396854,-1.502961,148.23,9.77,3,138.22,18 / 20,5341009,2019-09-06 20:49:06:752,0.7591,0.046,9.8769,0.0188,-0.0107,9.8065,-0.0618,0.0071,0.0234,-13.06,-33.75,23,334.32,-77.73,-168.86
52.396854,-1.502961,148.23,9.77,3,138.22,18 / 20,5341109,2019-09-06 20:49:06:852,0.7725,0.0283,9.6813,0.0149,-0.027,9.8066,-0.0241,0.016,-0.0338,-12.94,-34.44,22.75,334.45,-77.72,-168.75
52.396854,-1.502961,148.23,9.77,3,138.22,18 / 20,5341210,2019-09-06 20:49:06:953,-0.0037,0.7344,9.4045,-0.0012,0.0035,9.8066,-0.043,0.0082,0.0092,-13.19,-34.75,23,333.98,-77.66,-168.86
52.396854,-1.502961,148.23,9.77,3,138.22,18 / 20,5341309,2019-09-06 20:49:07:052,-0.031,0.6482,10.1203,0.0026,-0.0075,9.8066,0.1015,-0.0133,0.0042,-12.62,-33.56,22.75,334.24,-77.6,-168.83
52.396854,-1.502961,148.23,9.77,3,138.22,18 / 20,5341410,2019-09-06 20:49:07:153,0.4029,0.6431,10.0026,-0.0086,0.019,9.8066,-0.021,0.0264,-0.0094,-13.69,-34.31,22.75,332,-77.66,-168.81
52.396854,-1.502961,148.23,9.77,3,138.22,18 / 20,5341509,2019-09-06 20:49:07:252,1.0898,-0.1256,9.9222,0.0144,-0.0141,9.8066,0.0067,0.0605,0.005,-13.75,-34.25,23.25,331.67,-77.5,-168.94
52.396854,-1.502961,148.23,9.77,3,138.22,18 / 20,5341609,2019-09-06 20:49:07:352,0.3209,0.9282,9.7,0.009,-0.0114,9.8066,-0.0061,0.0617,-0.0412,-13.56,-34.12,23.25,331.57,-77.47,-169
52.396854,-1.502961,148.23,9.77,3,138.22,18 / 20,5341710,2019-09-06 20:49:07:453,-0.4439,0.0874,10.0367,-0.0122,0.0143,9.8065,0.1011,-0.032,0.0685,-14.56,-34.87,23.13,329.24,-77.41,-168.82
52.396854,-1.502961,148.23,9.77,3,138.22,18 / 20,5341810,2019-09-06 20:49:07:553,1.4786,1.2555,9.7686,-0.0173,0.0035,9.8065,0.0048,-0.0584,0.0307,-14.25,-34.37,23.44,332.5,-77.45,-168.29
52.396854,-1.502961,148.23,9.77,3,138.22,18 / 20,5341910,2019-09-06 20:49:07:653,0.3373,0.56,9.8158,0.0012,-0.0111,9.8065,0.0792,0.0297,0.0009,-14.69,-34.44,22.75,330.55,-77.29,-167.99
52.396854,-1.502961,148.23,9.77,3,138.22,18 / 20,5342009,2019-09-06 20:49:07:752,0.5202,0.5293,10.2283,0.0076,-0.0173,9.8066,-0.042,0.012,-0.0087,-13.62,-34.12,23.81,335.07,-77.31,-167.6
52.396854,-1.502961,148.23,9.77,3,138.22,18 / 20,5342109,2019-09-06 20:49:07:852,0.6207,0.385,9.7033,0.0054,-0.0123,9.8066,-0.1149,0.0079,0.0282,-12.25,-33.06,24.44,340.16,-77.15,-167.47
52.396854,-1.502961,148.23,9.77,3,138.22,18 / 20,5342210,2019-09-06 20:49:07:953,-0.1944,1.3065,9.6986,0.009,-0.0218,9.8066,0.073,0.0279,0.0021,-11.81,-33.5,24.13,340.37,-77.09,-167.3
52.396854,-1.502961,148.23,9.77,3,138.22,18 / 20,5342310,2019-09-06 20:49:08:053,-0.2588,1.7077,9.8787,-0.0224,0.0285,9.8065,0.0451,0.0551,-0.0111,-11.5,-33.75,23.44,341.22,-76.95,-167.19
52.396854,-1.502961,148.23,9.77,3,138.22,18 / 20,5342411,2019-09-06 20:49:08:154,-0.0274,1.3006,9.7535,0.0008,0.0085,9.8066,0.0718,-0.025,-0.0117,-11.75,-34.19,23.31,338.66,-77.05,-167.14
52.396854,-1.502961,148.23,9.77,3,138.22,18 / 20,5342510,2019-09-06 20:49:08:253,-0.8678,1.4477,9.9414,0.0285,-0.0183,9.8066,-0.077,0.0481,-0.0387,-12.12,-34.25,22.69,338.38,-77.07,-167.34
52.396854,-1.502961,148.23,9.77,3,138.22,18 / 20,5342610,2019-09-06 20:49:08:353,0.7961,0.6116,9.7081,0.0102,-0.0034,9.8066,0.0261,0.0751,-0.0365,-12.5,-34.5,23.31,337.28,-77,-168.08
52.396854,-1.502961,148.23,9.77,3,138.22,18 / 20,5342709,2019-09-06 20:49:08:452,-0.3881,-0.0673,10.0881,0.0172,0.0029,9.8066,0.0021,0.0301,-0.1202,-12.75,-34.69,23.19,333.15,-76.93,-168.96
52.396854,-1.502961,148.23,9.77,3,138.22,18 / 20,5342809,2019-09-06 20:49:08:552,-0.4626,-0.0905,10.0217,0.0151,0.0397,9.8065,0.0317,-0.0808,-0.0258,-11.75,-34.25,22.88,333.1,-77.17,-171.17
52.396854,-1.502961,148.23,9.77,3,138.22,18 / 20,5342909,2019-09-06 20:49:08:652,-1.7757,1.2289,10.706,0.0042,0.021,9.8066,0.177,0.0165,-0.048,-12.75,-35,22.44,326.94,-77.27,-172.29
52.396854,-1.502961,148.23,9.77,3,138.22,18 / 20,5343010,2019-09-06 20:49:08:753,-0.1677,1.7812,9.3606,-0.013,0.0395,9.8065,0.1891,0.1016,-0.1025,-12.75,-35.12,22.81,326.95,-77.49,-173.88
52.396854,-1.502961,148.23,9.77,3,138.22,18 / 20,5343109,2019-09-06 20:49:08:852,-0.7308,1.6863,9.1966,-0.0197,0.0602,9.8064,-0.0474,-0.0041,0.0467,-11.81,-35,22.44,326.03,-77.54,-174.97
52.396854,-1.502961,148.23,9.77,3,138.22,18 / 20,5343209,2019-09-06 20:49:08:952,-0.959,1.3597,9.1754,-0.0124,-0.0039,9.8066,-0.1448,-0.0854,0.0456,-12.75,-35.37,22.75,325.39,-77.47,-175.03
52.396854,-1.502961,148.23,9.77,3,138.22,18 / 20,5343310,2019-09-06 20:49:09:053,-0.0081,2.196,9.5688,-0.0148,-0.0063,9.8066,0.0348,-0.002,0.0904,-12.37,-34.75,21.31,325.87,-77.6,-173.64
52.396854,-1.502961,148.23,9.77,3,138.22,18 / 20,5343409,2019-09-06 20:49:09:152,0.833,2.0387,9.7335,-0.0197,-0.0137,9.8066,0.0247,0.0301,-0.0098,-12.06,-34.94,21.5,329.84,-77.69,-172.32
52.396854,-1.502961,148.23,9.77,3,138.22,18 / 20,5343510,2019-09-06 20:49:09:253,-0.5725,0.3455,9.7986,0.0019,-0.0206,9.8066,0.1333,0.0073,0.0481,-12.06,-34.94,21.38,328.8,-77.58,-171.52
52.396854,-1.502961,148.23,9.77,3,138.22,18 / 20,5343609,2019-09-06 20:49:09:352,0.0028,0.9416,9.8425,-0.0128,-0.0013,9.8066,-0.0322,-0.0262,0.054,-11.19,-34.75,21.44,333.47,-77.51,-170.11
52.396854,-1.502961,148.23,9.77,3,138.22,18 / 20,5343710,2019-09-06 20:49:09:453,-0.0879,0.6984,9.8175,-0.0267,0.0005,9.8065,-0.031,0.069,0.035,-11.75,-35.19,20.94,332.5,-77.6,-168.92
52.396854,-1.502961,148.23,9.77,3,138.22,18 / 20,5343810,2019-09-06 20:49:09:553,0.1866,1.4458,10.0957,-0.0304,0.0007,9.8066,0.0817,0.045,0.05,-11.94,-34.69,21.19,335.46,-77.78,-166.97
52.396854,-1.502961,148.23,9.77,3,138.22,18 / 20,5343910,2019-09-06 20:49:09:653,0.1826,1.2953,9.9248,-0.0159,-0.0125,9.8066,0.0126,-0.0194,0.0498,-12.87,-34.75,21.25,334.26,-77.65,-165.86
52.396854,-1.502961,148.23,9.77,3,138.22,18 / 20,5344010,2019-09-06 20:49:09:753,0.487,1.1837,9.9048,-0.0084,-0.0144,9.8066,-0.0109,0.0761,0.0372,-13.25,-33.81,21.88,338.17,-77.42,-164.57
52.396854,-1.502961,148.23,9.77,3,138.22,18 / 20,5344110,2019-09-06 20:49:09:853,0.3474,0.6266,9.3562,-0.0158,-0.012,9.8066,-0.027,0.043,-0.0061,-13.37,-33.25,22.56,341.45,-77.38,-163.66
52.396854,-1.502961,148.23,9.77,3,138.22,18 / 20,5344209,2019-09-06 20:49:09:952,-0.6267,1.3817,10.3597,-0.02,0.008,9.8066,-0.0012,-0.0072,0.0748,-13.62,-33.19,21.81,337.92,-77.19,-163.03
52.396854,-1.502961,148.23,9.77,3,138.22,18 / 20,5344310,2019-09-06 20:49:10:053,0.2094,0.7692,10.282,-0.0146,-0.0019,9.8066,-0.002,0.1179,-0.0166,-12.87,-32.87,22.13,341.78,-77.19,-162.07
52.396854,-1.502961,148.23,9.77,3,138.22,19 / 21,5344409,2019-09-06 20:49:10:152,0.9575,1.3672,9.8627,0.0118,-0.0361,9.8065,-0.0357,-0.0624,0.0607,-13.25,-33.25,20.88,339.79,-76.99,-161.99
52.396854,-1.502961,148.23,9.77,3,138.22,19 / 21,5344510,2019-09-06 20:49:10:253,0.4726,0.382,10.1296,0,0.0084,9.8066,-0.0195,-0.0489,0.0146,-14.62,-33.87,21.19,335.44,-76.96,-161.33
52.396854,-1.502961,148.23,9.77,3,138.22,19 / 21,5344610,2019-09-06 20:49:10:353,1.4761,1.3734,9.8671,0.0278,-0.0177,9.8065,-0.0544,0.0892,-0.0996,-15.19,-33.62,22.06,337.01,-77.04,-161.73
52.396854,-1.502961,148.23,9.77,3,138.22,19 / 21,5344710,2019-09-06 20:49:10:453,-0.8163,1.3228,10.0063,-0.0183,0.0108,9.8066,0.0411,0.0459,0.0085,-14.87,-33.31,22.94,338.75,-77.16,-162.08
52.396854,-1.502961,148.23,9.77,3,138.22,19 / 21,5344809,2019-09-06 20:49:10:552,0.8556,1.5843,9.6703,0.0086,0.0085,9.8066,-0.0053,0.0514,-0.0852,-14.5,-33.19,22.25,339.98,-77.22,-161.57
52.396854,-1.502961,148.23,9.77,3,138.22,19 / 21,5344910,2019-09-06 20:49:10:653,-0.2848,3.0119,9.7773,0.0074,0.0014,9.8066,0.1068,0.0458,-0.0217,-13.62,-32.62,21.75,338.92,-77.32,-162.39
52.396854,-1.502961,148.23,9.77,3,138.22,19 / 21,5345010,2019-09-06 20:49:10:753,0.5807,0.3263,9.8511,-0.002,-0.0022,9.8066,0.0669,-0.0414,0.0497,-13.62,-32.37,21.13,337.46,-77.27,-162.18
52.396854,-1.502961,148.23,9.77,3,138.22,19 / 21,5345110,2019-09-06 20:49:10:853,0.5188,0.9925,9.7483,0.0022,-0.0133,9.8066,-0.0529,0.0212,0.0091,-14.44,-31.37,20.81,338.29,-77.28,-161.77
52.396854,-1.502961,148.23,9.77,3,138.22,19 / 21,5345210,2019-09-06 20:49:10:953,-0.2867,1.6483,9.4965,-0.0284,0.0134,9.8065,-0.0193,0.0456,0.0483,-15.31,-30.56,20.56,337.14,-77.46,-161
52.396854,-1.502961,148.23,9.77,3,138.22,19 / 21,5345310,2019-09-06 20:49:11:053,-0.4267,1.4819,9.7315,-0.0064,-0.0065,9.8065,0.0049,0.0236,-0.0092,-16.31,-31.62,21.19,335.41,-77.44,-160.44
52.396854,-1.502961,148.23,9.77,3,138.22,18 / 20,5345409,2019-09-06 20:49:11:152,0.4596,1.3903,9.6865,-0.0178,0.0176,9.8065,0.105,0.0742,0.0304,-15.62,-31.19,21.44,336.03,-77.45,-160.18
52.396854,-1.502961,148.23,9.77,3,138.22,18 / 20,5345510,2019-09-06 20:49:11:253,0.1562,0.3417,9.5106,-0.0169,0.0078,9.8066,-0.1386,0.0312,-0.0187,-15.06,-32.56,22.13,340.46,-77.52,-159.67
52.396854,-1.502961,148.23,9.77,3,138.22,18 / 20,5345609,2019-09-06 20:49:11:352,0.3112,0.8624,9.7734,0.0032,0.0032,9.8065,-0.0432,-0.0166,0.0164,-15.25,-33.31,21.69,340.12,-77.58,-159.95
52.396854,-1.502961,148.23,9.77,3,138.22,18 / 20,5345710,2019-09-06 20:49:11:453,0.6325,0.5562,9.8785,-0.0052,0.0066,9.8066,-0.0121,0.0638,-0.0227,-14.75,-34.25,21.38,337.91,-77.6,-159.96
52.396854,-1.502961,148.23,9.77,3,138.22,18 / 20,5345809,2019-09-06 20:49:11:552,0.3172,0.5684,10.0546,0.0003,0.0087,9.8066,0.0158,-0.0319,0.0276,-14.12,-34.06,21.13,339.79,-77.73,-160.4
52.396854,-1.502961,148.23,9.77,3,138.22,18 / 20,5345909,2019-09-06 20:49:11:652,0.8759,1.2514,9.7903,-0.0082,0.0117,9.8066,-0.0409,0.0041,-0.0047,-14.37,-34.56,21.63,341.64,-77.76,-160.35
52.396854,-1.502961,148.23,9.77,3,138.22,18 / 20,5346010,2019-09-06 20:49:11:753,0.1692,1.2611,9.3085,0.0089,-0.0037,9.8066,-0.0879,0.0319,-0.0123,-14.5,-34.31,21.5,341.47,-77.82,-160.64
52.396854,-1.502961,148.23,9.77,3,138.22,18 / 20,5346109,2019-09-06 20:49:11:852,0.2385,1.0683,9.5388,0.0115,-0.0054,9.8066,0.0056,-0.0002,-0.0267,-14.19,-34.69,21.25,338.73,-77.82,-161.03
52.396854,-1.502961,148.23,9.77,3,138.22,18 / 20,5346209,2019-09-06 20:49:11:952,0.3204,0.7588,9.8235,0.0016,0.0164,9.8066,-0.0028,0.0427,-0.0214,-14.56,-35.06,21.38,336.2,-77.99,-161.24
52.396854,-1.502961,148.23,9.77,3,138.22,18 / 20,5346310,2019-09-06 20:49:12:053,0.9924,0.1076,9.8287,-0.0019,0.0143,9.8066,0.0307,0.0434,-0.0065,-14.75,-34.81,21.06,335.63,-78.1,-161.72
52.396854,-1.502961,148.23,9.77,3,138.22,19 / 21,5346409,2019-09-06 20:49:12:152,0.2627,0.3997,9.7906,0.013,-0.0009,9.8065,0.0176,-0.0217,-0.0093,-14.81,-34.81,21.13,335.28,-78.15,-162.01
52.396854,-1.502961,148.23,9.77,3,138.22,19 / 21,5346510,2019-09-06 20:49:12:253,0.3525,1.9141,9.5847,0.0083,0.0042,9.8066,0.0112,0.0132,0.0111,-15.06,-34.62,21.13,334.45,-78.21,-162.65
52.396854,-1.502961,148.23,9.77,3,138.22,19 / 21,5346609,2019-09-06 20:49:12:352,-0.0323,1.2511,9.7516,0.0015,0.0013,9.8065,-0.0258,0.0371,0.0108,-14.44,-34.5,21,336.16,-78.26,-163.32
52.396854,-1.502961,148.23,9.77,3,138.22,19 / 21,5346710,2019-09-06 20:49:12:453,0.0152,1.8701,9.9919,0.0103,-0.0102,9.8065,0.0807,-0.0113,0.0025,-14.75,-35.12,21.25,333.46,-78.23,-163.39
52.396854,-1.502961,148.23,9.77,3,138.22,19 / 21,5346810,2019-09-06 20:49:12:553,-0.239,0.5669,9.921,-0.0002,-0.0034,9.8066,0.0126,0.0344,-0.0075,-14.62,-35.12,21.75,335.69,-78.25,-163.22
52.396854,-1.502961,148.23,9.77,3,138.22,19 / 21,5346910,2019-09-06 20:49:12:653,-0.0115,1.1391,9.5267,-0.0058,0.0098,9.8066,-0.0362,0.0344,-0.0125,-14.62,-35.31,20.94,333.65,-78.26,-163.27
52.396854,-1.502961,148.23,9.77,3,138.22,19 / 21,5347009,2019-09-06 20:49:12:752,-0.1739,1.0338,9.8114,0.0061,-0.0063,9.8066,-0.0353,-0.0145,0.0056,-15.06,-34,20.81,334.07,-78.4,-163.25
52.396854,-1.502961,148.23,9.77,3,138.22,19 / 21,5347109,2019-09-06 20:49:12:852,-0.4367,1.5455,9.707,-0.0046,0.0021,9.8066,0.0652,0.0396,-0.0027,-14.19,-34.5,20.88,336.65,-78.46,-163.08
52.396854,-1.502961,148.23,9.77,3,138.22,19 / 21,5347210,2019-09-06 20:49:12:953,0.1816,1.0887,9.7268,-0.0095,0.0066,9.8066,0.0448,0.0131,-0.0088,-13.94,-33.87,20.63,336.86,-78.62,-163.03
52.396854,-1.502961,148.23,9.77,3,138.22,19 / 21,5347310,2019-09-06 20:49:13:053,-0.1609,1.3582,9.9479,-0.0044,0.0066,9.8066,-0.0166,0.0336,0.0161,-14.62,-34.31,20.06,332.75,-78.66,-162.86
52.396854,-1.502961,148.23,9.77,3,138.22,19 / 21,5347410,2019-09-06 20:49:13:153,-0.0376,1.1384,9.751,-0.0096,0.008,9.8066,0.0441,0.0485,0.003,-14.62,-33.62,19.44,330.67,-78.74,-162.81
52.396854,-1.502961,148.23,9.77,3,138.22,19 / 21,5347510,2019-09-06 20:49:13:253,0.025,0.9006,9.9136,-0.0002,-0.0013,9.8066,-0.0468,0.0181,-0.0101,-16,-34.06,19.5,330.81,-78.72,-162.75
52.396854,-1.502961,148.23,9.77,3,138.22,19 / 21,5347609,2019-09-06 20:49:13:352,0.2042,1.0495,10.1005,0.0082,0.0034,9.8066,-0.0235,0.0889,-0.0058,-16.81,-33.87,20.25,328.9,-78.77,-162.73
52.396854,-1.502961,148.23,9.77,3,138.22,19 / 21,5347710,2019-09-06 20:49:13:453,-0.2798,0.832,9.6736,-0.0083,0.0081,9.8066,0.0093,0.0001,-0.037,-15.94,-34.31,21.38,332.53,-78.88,-163.12
52.396854,-1.502961,148.23,9.77,3,138.22,19 / 21,5347810,2019-09-06 20:49:13:553,-0.0843,1.8229,9.5288,-0.0043,0.0139,9.8066,0.0123,0.0547,-0.0099,-16.19,-34.5,21.31,332.57,-78.99,-163.16
52.396854,-1.502961,148.23,9.77,3,138.22,19 / 21,5347910,2019-09-06 20:49:13:653,0.1949,0.882,10.1184,0.0186,-0.017,9.8066,-0.057,0.039,-0.0016,-15.19,-34.56,20.94,334.61,-79.11,-163.12
52.396854,-1.502961,148.23,9.77,3,138.22,19 / 21,5348009,2019-09-06 20:49:13:752,-0.3669,1.1816,9.5849,0.0178,-0.0138,9.8065,-0.0765,0.0051,0.0278,-15.25,-34.44,20.75,334.35,-79.07,-163.48
52.396854,-1.502961,148.23,9.77,3,138.22,19 / 21,5348110,2019-09-06 20:49:13:853,-0.7669,1.7573,9.6639,-0.0062,0.0044,9.8066,-0.013,0.0517,-0.0277,-16.06,-34.25,20.75,332.64,-79.16,-163.22
52.396854,-1.502961,148.23,9.77,3,138.22,19 / 21,5348209,2019-09-06 20:49:13:952,-0.8377,1.4353,9.5006,-0.0047,0.0085,9.8066,-0.0306,0.0141,0.0356,-15.94,-34.25,20.19,330.81,-79.24,-163.13
52.396854,-1.502961,148.23,9.77,3,138.22,19 / 21,5348309,2019-09-06 20:49:14:052,-1.5098,1.6065,9.7413,0.0017,-0.0095,9.8066,0.0103,0.0244,-0.0074,-17,-33.56,20.88,331.17,-79.29,-162.92
52.396854,-1.502961,148.23,9.77,3,138.22,19 / 21,5348409,2019-09-06 20:49:14:152,0.2216,0.3564,10.0705,-0.0147,0.0165,9.8066,0.071,0.0114,-0.0094,-16.37,-33.44,21.56,335.91,-79.42,-162.47
52.396854,-1.502961,148.23,9.77,3,138.22,19 / 21,5348509,2019-09-06 20:49:14:252,0.1972,0.9497,9.3486,-0.0022,0.0053,9.8066,-0.0855,-0.0171,0.0304,-15.31,-33.56,20.75,335.82,-79.36,-162.54
52.396854,-1.502961,148.23,9.77,3,138.22,19 / 21,5348609,2019-09-06 20:49:14:352,-0.2806,1.0929,9.9247,0.0106,-0.0084,9.8066,-0.0498,0.0397,-0.0141,-15.06,-33.62,19.75,333.38,-79.33,-162.86
52.396854,-1.502961,148.23,9.77,3,138.22,19 / 21,5348709,2019-09-06 20:49:14:452,-1.5737,1.5013,9.3602,0.005,-0.002,9.8065,-0.0226,0.0138,-0.0119,-15.19,-33.87,19.19,331.23,-79.43,-162.91
52.396854,-1.502961,148.23,9.77,3,138.22,19 / 21,5348809,2019-09-06 20:49:14:552,-0.7772,1.2267,9.5209,0.0133,-0.0067,9.8066,-0.103,0.0551,-0.008,-16,-34,19.06,329.29,-79.5,-162.83
52.396854,-1.502961,148.23,9.77,3,138.22,19 / 21,5348910,2019-09-06 20:49:14:653,-2.3957,2.4095,9.3044,-0.0171,0.018,9.8065,0.1796,-0.0253,0.0061,-17.5,-33.87,19.13,326.4,-79.45,-163.52
52.396854,-1.502961,148.23,9.77,3,138.22,19 / 21,5349009,2019-09-06 20:49:14:752,-0.4685,0.1457,10.0669,-0.0181,0.012,9.8066,0.1259,-0.0801,-0.0082,-17.12,-33.5,20.31,329.32,-79.57,-163.2
52.396854,-1.502961,148.23,9.77,3,138.22,19 / 21,5349110,2019-09-06 20:49:14:853,-0.3104,0.9889,10.0985,-0.0141,0.02,9.8066,-0.1349,-0.033,0.0609,-17.06,-34.19,21.13,331.03,-79.62,-163.26
52.396854,-1.502961,148.23,9.77,3,138.22,19 / 21,5349210,2019-09-06 20:49:14:953,-2.2595,1.1584,10.4639,0.0176,-0.0297,9.8066,-0.0877,0.0699,-0.0311,-16.37,-34.19,21.06,333.11,-79.51,-163.09
52.396854,-1.502961,148.23,9.77,3,138.22,19 / 21,5349310,2019-09-06 20:49:15:053,-1.414,0.9694,8.9016,0.0347,-0.0375,9.8064,0.1766,-0.0097,0.0403,-16.12,-34.44,20.38,330.85,-79.42,-163.22
52.39624,-1.501868,150.92,10.96,3,127.2,18 / 21,5349410,2019-09-06 20:49:15:153,-1.2444,-0.3028,10.7176,-0.0367,0.016,9.8065,0.0783,-0.03,0.0332,-16.44,-34.62,20.19,332.41,-79.66,-162
52.39624,-1.501868,150.92,10.96,3,127.2,18 / 21,5349510,2019-09-06 20:49:15:253,-0.1962,2.3466,9.9633,-0.0375,0.0219,9.8065,0.1398,0.0515,-0.0044,-15.87,-33.94,19.88,334.91,-79.9,-160.4
52.39624,-1.501868,150.92,10.96,3,127.2,18 / 21,5349609,2019-09-06 20:49:15:352,-1.0857,-0.1009,10.991,-0.0174,0.0036,9.8065,-0.1853,-0.0184,0.0054,-16.25,-34.56,20.63,337.62,-79.9,-159.68
52.39624,-1.501868,150.92,10.96,3,127.2,18 / 21,5349709,2019-09-06 20:49:15:452,0.5643,1.3289,8.6519,0.0206,-0.0197,9.8065,-0.0546,0.138,-0.1398,-16.19,-34.06,20,336.12,-79.88,-159.45
52.39624,-1.501868,150.92,10.96,3,127.2,18 / 21,5349809,2019-09-06 20:49:15:552,-0.8964,0.4498,8.6005,0.0176,0.0198,9.8065,-0.1176,0.065,0.0366,-15.87,-35.19,20.13,333.57,-79.85,-161.24
52.39624,-1.501868,150.92,10.96,3,127.2,18 / 21,5349909,2019-09-06 20:49:15:652,-0.1887,3.0825,9.9289,-0.038,0.0293,9.8065,-0.0079,0.0251,-0.0066,-15.81,-34.5,19.13,333.03,-80.2,-160.45
52.39624,-1.501868,150.92,10.96,3,127.2,18 / 21,5350010,2019-09-06 20:49:15:753,-0.1202,3.0095,9.081,-0.0121,0.0413,9.8065,-0.0137,0.0419,-0.0313,-16.12,-35.12,19.94,334.98,-80.4,-160.51
52.39624,-1.501868,150.92,10.96,3,127.2,18 / 21,5350110,2019-09-06 20:49:15:853,-1.6345,1.3344,9.6909,-0.0024,0.0177,9.8066,-0.0068,-0.0966,-0.0408,-16.56,-34.87,19.63,332.45,-80.59,-161.07
52.39624,-1.501868,150.92,10.96,3,127.2,18 / 21,5350209,2019-09-06 20:49:15:952,-1.0465,1.3705,9.665,-0.0097,0.0188,9.8065,0.0573,-0.017,0.0443,-17,-34.69,18.81,329.57,-80.6,-161.73
52.39624,-1.501868,150.92,10.96,3,127.2,18 / 21,5350310,2019-09-06 20:49:16:053,-1.1814,1.2139,9.6878,0.0002,0.006,9.8066,0.0533,-0.019,-0.0335,-17.87,-34,20.06,329.17,-80.58,-162.4
52.39624,-1.501868,150.92,10.96,3,127.2,19 / 21,5350410,2019-09-06 20:49:16:153,-0.3311,0.5013,9.8634,0.0059,0.0052,9.8066,-0.0186,0.0275,-0.0279,-16.25,-34.31,21.88,335.84,-80.6,-163.04
52.39624,-1.501868,150.92,10.96,3,127.2,19 / 21,5350510,2019-09-06 20:49:16:253,-0.737,1.543,9.424,0.0018,0.0116,9.8066,0.0589,-0.028,0.0292,-15.69,-33.62,21.38,332.48,-80.66,-164.35
52.39624,-1.501868,150.92,10.96,3,127.2,19 / 21,5350609,2019-09-06 20:49:16:352,-0.3358,1.0631,9.3431,-0.02,0.0123,9.8066,-0.0135,-0.0484,0.0133,-14.75,-33.5,20.13,333.69,-80.74,-163.72
52.39624,-1.501868,150.92,10.96,3,127.2,19 / 21,5350709,2019-09-06 20:49:16:452,-0.8739,1.1669,10.3914,-0.0038,0.0025,9.8066,0.0214,0.0002,0.0359,-15,-33.75,19.5,334.46,-80.78,-162.98
52.39624,-1.501868,150.92,10.96,3,127.2,19 / 21,5350809,2019-09-06 20:49:16:552,0.4126,0.0725,10.0735,-0.0065,0.002,9.8066,-0.1178,-0.0452,0.0103,-14.94,-33.19,19.31,333.21,-80.85,-162.58
52.39624,-1.501868,150.92,10.96,3,127.2,19 / 21,5350910,2019-09-06 20:49:16:653,-0.4882,0.8138,9.6254,0.0092,-0.0133,9.8065,-0.0045,-0.0215,0.0234,-16.44,-33.31,19.31,331.07,-80.8,-162.6
52.39624,-1.501868,150.92,10.96,3,127.2,19 / 21,5351010,2019-09-06 20:49:16:753,-1.4275,0.1417,9.9379,0.0097,-0.0178,9.8066,0.0136,-0.0624,0.0173,-16.56,-32.25,19.13,329.55,-80.57,-162.29
52.39624,-1.501868,150.92,10.96,3,127.2,19 / 21,5351110,2019-09-06 20:49:16:853,-1.4668,0.6562,9.8623,0.0079,0.0048,9.8066,-0.1178,-0.073,0.0006,-17.56,-32.06,19.88,329.4,-80.58,-162.56
52.39624,-1.501868,150.92,10.96,3,127.2,19 / 21,5351210,2019-09-06 20:49:16:953,-0.8529,0.5698,9.729,0.0049,0.005,9.8066,0.0937,-0.0606,-0.0161,-16.87,-33.31,19.69,330.65,-80.69,-162.92
52.39624,-1.501868,150.92,10.96,3,127.2,19 / 21,5351309,2019-09-06 20:49:17:052,-0.6049,0.129,9.4913,-0.0067,0.0159,9.8066,0.0258,-0.0165,-0.0227,-17.12,-34.12,18.5,328,-80.85,-163.38
52.39624,-1.501868,150.92,10.96,3,127.2,18 / 20,5351410,2019-09-06 20:49:17:153,-0.5113,0.2129,10.0114,0.0025,0.0017,9.8066,0.0125,-0.0408,-0.0025,-19.62,-35,17.88,320.16,-80.86,-163.82
52.39624,-1.501868,150.92,10.96,3,127.2,18 / 20,5351510,2019-09-06 20:49:17:253,-0.5999,0.8727,9.6419,-0.0003,0.0067,9.8066,-0.0021,-0.0128,-0.0284,-22.44,-34.44,18.88,319.39,-80.93,-164.14
52.39624,-1.501868,150.92,10.96,3,127.2,18 / 20,5351610,2019-09-06 20:49:17:353,-1.166,0.3766,9.5645,-0.0047,0.003,9.8066,0.0159,-0.0519,0.0058,-21.75,-34,22.75,326.1,-80.93,-164.43
52.39624,-1.501868,150.92,10.96,3,127.2,18 / 20,5351710,2019-09-06 20:49:17:453,-0.4907,0.8124,9.8636,-0.0076,0.0255,9.8066,0.0518,-0.0188,-0.042,-16,-32.87,26,340.37,-81.12,-164.59
52.39624,-1.501868,150.92,10.96,3,127.2,18 / 20,5351810,2019-09-06 20:49:17:553,-0.1098,0.8555,10.3367,0.0039,0.0106,9.8066,-0.0084,-0.0389,0.0239,-15.31,-31.25,25.5,341.47,-81.19,-165.46
52.39624,-1.501868,150.92,10.96,3,127.2,18 / 20,5351910,2019-09-06 20:49:17:653,-0.4266,0.4186,9.7168,-0.0009,-0.0005,9.8066,0.0439,-0.0159,0.0016,-14.87,-32.12,22.25,335.78,-81.2,-165.34
52.39624,-1.501868,150.92,10.96,3,127.2,18 / 20,5352009,2019-09-06 20:49:17:752,-0.1685,0.52,9.4187,0.0063,-0.0058,9.8066,-0.0227,-0.0115,0.0115,-14.31,-33.12,20.31,333.95,-81.14,-165.53
52.39624,-1.501868,150.92,10.96,3,127.2,18 / 20,5352110,2019-09-06 20:49:17:853,-0.2098,0.1458,9.6698,-0.0136,0.0103,9.8066,-0.0108,-0.0505,0.0365,-15.44,-32.12,19.63,332.35,-81.21,-165.28
52.39624,-1.501868,150.92,10.96,3,127.2,18 / 20,5352210,2019-09-06 20:49:17:953,-0.3852,0.6248,9.9441,-0.0146,0.0083,9.8066,-0.0364,-0.021,0.0166,-16.56,-32.62,19.13,327.08,-81.32,-164.68
52.39624,-1.501868,150.92,10.96,3,127.2,18 / 20,5352310,2019-09-06 20:49:18:053,-0.9409,0.4637,9.8135,-0.0038,-0.0046,9.8066,-0.0306,-0.0317,0.0068,-16.94,-32.69,21.31,331.92,-81.43,-163.89
52.39624,-1.501868,150.92,10.96,3,127.2,18 / 20,5352409,2019-09-06 20:49:18:152,0.1385,0.3803,9.7456,0.0032,-0.0011,9.8066,-0.0355,0.0081,0.0041,-16.69,-32.5,22.06,334.03,-81.47,-163.74
52.39624,-1.501868,150.92,10.96,3,127.2,18 / 20,5352510,2019-09-06 20:49:18:253,-0.4718,0.5505,9.677,-0.0031,0.0019,9.8065,0.0109,-0.0283,-0.0084,-14.62,-33.31,22,338.01,-81.52,-163.56
52.39624,-1.501868,150.92,10.96,3,127.2,18 / 20,5352609,2019-09-06 20:49:18:352,-0.1804,0.5119,10.077,-0.0041,0.0074,9.8066,-0.0349,-0.0206,0.0059,-14.75,-33.69,21.5,338.09,-81.64,-163.44
52.39624,-1.501868,150.92,10.96,3,127.2,18 / 20,5352710,2019-09-06 20:49:18:453,-1.0206,0.6937,10.1343,0.0034,-0.0023,9.8066,-0.0048,-0.0157,-0.0108,-14.56,-33.25,21.5,338.34,-81.67,-163.37
52.39624,-1.501868,150.92,10.96,3,127.2,18 / 20,5352809,2019-09-06 20:49:18:552,-0.2355,0.9898,9.8206,0.0011,0.0078,9.8066,-0.0152,-0.017,-0.0072,-14.94,-33.31,20.63,336.55,-81.77,-163.51
52.39624,-1.501868,150.92,10.96,3,127.2,18 / 20,5352910,2019-09-06 20:49:18:653,-0.4631,0.7508,9.4552,-0.0006,-0.007,9.8066,-0.0158,-0.0383,0.0379,-14.56,-32.5,19.81,335.47,-81.85,-163.11
52.39624,-1.501868,150.92,10.96,3,127.2,18 / 20,5353009,2019-09-06 20:49:18:752,-0.3653,0.7278,10.1734,0.0026,0.0039,9.8065,0.0049,0.0183,-0.0287,-15.12,-32.87,19.38,333.51,-81.93,-163.07
52.39624,-1.501868,150.92,10.96,3,127.2,18 / 20,5353110,2019-09-06 20:49:18:853,-0.6148,0.3096,10.3614,-0.003,0.0011,9.8066,-0.0441,-0.0056,-0.0087,-15,-32.81,20.06,335.94,-82.07,-162.72
52.39624,-1.501868,150.92,10.96,3,127.2,18 / 20,5353210,2019-09-06 20:49:18:953,-0.9373,1.1535,9.8024,-0.0013,0.0061,9.8066,-0.0441,-0.0377,0.0062,-15.19,-32.94,19.94,336.04,-82.16,-162.69
52.39624,-1.501868,150.92,10.96,3,127.2,18 / 20,5353310,2019-09-06 20:49:19:053,-0.8731,0.639,10.0057,-0.0011,-0.0035,9.8066,0.0284,0.0392,-0.0101,-15,-33.25,20.44,336.42,-82.2,-162.4
52.39624,-1.501868,150.92,10.96,3,127.2,18 / 20,5353410,2019-09-06 20:49:19:153,-0.3605,1.5919,9.8019,-0.0038,0.0031,9.8066,0.0049,-0.0141,-0.0095,-14.69,-34,20.56,338.3,-82.25,-162.21
52.39624,-1.501868,150.92,10.96,3,127.2,18 / 20,5353510,2019-09-06 20:49:19:253,-0.0185,0.3263,9.4795,-0.0055,0.0034,9.8066,-0.0423,-0.0041,0.0364,-14.94,-34.44,20.69,338.4,-82.35,-162.18
52.39624,-1.501868,150.92,10.96,3,127.2,18 / 20,5353610,2019-09-06 20:49:19:353,-0.0353,1.3747,9.9641,0.0054,-0.0025,9.8066,-0.0457,0.0547,-0.0492,-14.31,-34.12,21.06,340.62,-82.35,-162.12
52.39624,-1.501868,150.92,10.96,3,127.2,18 / 20,5353710,2019-09-06 20:49:19:453,-0.6073,1.3671,9.9711,0.003,0.0035,9.8066,-0.0194,-0.0148,0.0014,-14.25,-34.5,20.56,340.92,-82.45,-161.92
52.39624,-1.501868,150.92,10.96,3,127.2,18 / 20,5353810,2019-09-06 20:49:19:553,-0.7721,1.2609,9.7435,0.0012,-0.0031,9.8066,-0.0463,-0.0142,0.0223,-13.81,-35.31,21.25,340.82,-82.52,-161.93
52.39624,-1.501868,150.92,10.96,3,127.2,18 / 20,5353909,2019-09-06 20:49:19:652,-0.1223,1.1608,9.8034,-0.0088,0.0141,9.8065,0.006,-0.0107,0.0055,-14.56,-35.31,21.5,340.65,-82.65,-161.72
52.39624,-1.501868,150.92,10.96,3,127.2,18 / 20,5354009,2019-09-06 20:49:19:752,-0.2181,1.281,10.2345,0.0123,-0.0114,9.8066,0.0724,0.0408,-0.0247,-13.94,-35,21.19,341.55,-82.72,-161.43
52.39624,-1.501868,150.92,10.96,3,127.2,18 / 20,5354109,2019-09-06 20:49:19:852,-0.6606,1.8266,9.9709,0.0076,-0.0057,9.8066,0.0273,0.026,-0.0293,-14.62,-35.44,21.19,339.42,-82.76,-161.44
52.39624,-1.501868,150.92,10.96,3,127.2,18 / 20,5354210,2019-09-06 20:49:19:953,-1.1669,1.188,9.6924,0.0032,0.0038,9.8066,0.0022,-0.0471,0.0239,-14.25,-35.5,21.13,341.19,-82.88,-161.8
52.39624,-1.501868,150.92,10.96,3,127.2,18 / 20,5354309,2019-09-06 20:49:20:052,0.3953,1.8041,9.8037,-0.0076,0.0145,9.8066,-0.0413,-0.0083,0.026,-14.94,-35.19,21.38,338.7,-82.92,-162.13
52.39624,-1.501868,150.92,10.96,3,127.2,18 / 20,5354409,2019-09-06 20:49:20:152,-0.1301,1.9209,9.8232,0.0015,0.0107,9.8066,-0.0467,0.0614,-0.0178,-15.19,-35.5,20.56,338.62,-83.07,-162.28
52.39624,-1.501868,150.92,10.96,3,127.2,18 / 20,5354509,2019-09-06 20:49:20:252,-1.3051,1.7065,9.5456,0.0057,0.0033,9.8066,-0.0418,0.1032,-0.0365,-13.81,-35,20.44,338.83,-83.17,-162.51
52.39624,-1.501868,150.92,10.96,3,127.2,18 / 20,5354610,2019-09-06 20:49:20:353,-0.3788,2.1842,9.7428,0.0085,-0.0064,9.8066,0.016,0.0791,-0.0138,-14.81,-35.94,21.06,338.35,-83.27,-162.52
52.39624,-1.501868,150.92,10.96,3,127.2,18 / 20,5354710,2019-09-06 20:49:20:453,-0.046,1.5334,10.0064,-0.0071,0.0237,9.8066,0.0193,0.1088,-0.0327,-14.69,-35.5,20.63,337.37,-83.49,-163.56
52.39624,-1.501868,150.92,10.96,3,127.2,18 / 20,5354809,2019-09-06 20:49:20:552,-0.477,0.9314,9.5866,0.0066,0.004,9.8065,-0.0749,0.0361,-0.0614,-14.56,-35.06,20.31,334.7,-83.48,-164.38
52.39624,-1.501868,150.92,10.96,3,127.2,18 / 20,5354909,2019-09-06 20:49:20:652,0.2507,3.2909,9.4637,0.0159,-0.0246,9.8065,0.1027,0.004,0.0489,-15.44,-35.62,20.25,332.85,-83.67,-165.97
52.39624,-1.501868,150.92,10.96,3,127.2,18 / 20,5355010,2019-09-06 20:49:20:753,1.4398,3.1039,9.7875,0.0174,0.0126,9.8066,0.0008,0.252,-0.1224,-15.5,-35.37,20.56,332.9,-83.66,-167.5
52.39624,-1.501868,150.92,10.96,3,127.2,18 / 20,5355109,2019-09-06 20:49:20:852,-0.1217,2.324,9.7035,-0.0092,0.0247,9.8066,0.0161,0.2338,-0.0285,-15.44,-35.19,19.94,331.09,-83.87,-167.75
52.39624,-1.501868,150.92,10.96,3,127.2,18 / 20,5355209,2019-09-06 20:49:20:952,-2.2772,2.239,9.693,-0.005,0.0071,9.8066,-0.0342,0.3209,-0.063,-16,-35.75,19.88,328.79,-84,-168.04
52.39624,-1.501868,150.92,10.96,3,127.2,18 / 20,5355310,2019-09-06 20:49:21:053,0.8505,2.2481,9.5253,0.01,0.0033,9.8066,-0.0696,0.2031,-0.0061,-16.19,-35.87,19,326.18,-84.12,-168.83
52.39624,-1.501868,150.92,10.96,3,127.2,18 / 20,5355410,2019-09-06 20:49:21:153,0.4524,2.2115,9.7818,0.018,-0.0062,9.8066,-0.0712,0.2523,-0.0375,-16.37,-35.87,18.56,326.05,-84.26,-169.06
52.39624,-1.501868,150.92,10.96,3,127.2,18 / 20,5355509,2019-09-06 20:49:21:252,0.0058,2.598,10.0467,0.0079,0.0032,9.8066,0.0814,0.2839,-0.0403,-16.94,-35.69,17.88,321.26,-84.28,-170.02
52.39624,-1.501868,150.92,10.96,3,127.2,18 / 20,5355609,2019-09-06 20:49:21:352,0.2172,2.1102,9.9441,0.0297,-0.0071,9.8066,0.0619,0.2555,-0.07,-16.44,-35.75,17.56,320.66,-84.12,-171.98
52.39624,-1.501868,150.92,10.96,3,127.2,18 / 20,5355709,2019-09-06 20:49:21:452,0.8854,2.4105,9.6801,0.0061,0.0104,9.8066,0.0591,0.3199,-0.065,-17.19,-35.25,17.63,315.61,-83.99,-174.91
52.39624,-1.501868,150.92,10.96,3,127.2,18 / 20,5355809,2019-09-06 20:49:21:552,0.4069,2.2645,9.63,0.0095,0.0158,9.8066,0.0412,0.3455,-0.0631,-16.75,-35.44,17.5,313.1,-83.87,-177.03
52.39624,-1.501868,150.92,10.96,3,127.2,18 / 20,5355909,2019-09-06 20:49:21:652,1.1278,2.2269,9.7121,0.0087,0.0112,9.8065,-0.0461,0.3499,-0.0665,-17.69,-36.5,16.5,306.43,-83.76,-179.44
52.39624,-1.501868,150.92,10.96,3,127.2,18 / 20,5356010,2019-09-06 20:49:21:753,0.4549,2.1288,10.2388,0.0129,0.0048,9.8066,-0.0812,0.3562,-0.0654,-16.94,-35.94,16,304.36,-83.71,179.31
52.39624,-1.501868,150.92,10.96,3,127.2,18 / 20,5356110,2019-09-06 20:49:21:853,0.3325,2.3787,10.0725,0.0036,0.0219,9.8066,0.0098,0.3693,-0.0894,-17.12,-36.19,15.38,300.1,-83.84,177.34
52.39624,-1.501868,150.92,10.96,3,127.2,18 / 20,5356209,2019-09-06 20:49:21:952,0.412,2.9809,9.762,0.0078,0.0253,9.8065,0.0215,0.3819,-0.0981,-17.94,-37,14,291.81,-83.96,173.21
52.39624,-1.501868,150.92,10.96,3,127.2,18 / 20,5356309,2019-09-06 20:49:22:052,0.4845,2.5312,9.6433,0.0033,0.0196,9.8066,-0.015,0.4021,-0.0637,-17,-36.5,13.56,289.74,-84.02,169.63
52.39624,-1.501868,150.92,10.96,3,127.2,19 / 21,5356409,2019-09-06 20:49:22:152,-0.3652,3.2935,9.9541,0.0148,0.0142,9.8066,0.0286,0.4429,-0.0581,-17.69,-37.31,13.19,283.53,-83.97,167.61
52.39624,-1.501868,150.92,10.96,3,127.2,19 / 21,5356510,2019-09-06 20:49:22:253,1.3697,2.5468,9.8519,0.02,0.0068,9.8066,-0.0597,0.5182,-0.0912,-17.56,-36.94,13.5,284.29,-83.75,166.4
52.39624,-1.501868,150.92,10.96,3,127.2,19 / 21,5356609,2019-09-06 20:49:22:352,0.1141,2.1044,9.3624,0.0403,-0.0091,9.8065,-0.0323,0.4503,-0.023,-18,-37.31,11.06,276.26,-83.56,166.23
52.39624,-1.501868,150.92,10.96,3,127.2,19 / 21,5356710,2019-09-06 20:49:22:453,0.6237,2.6116,9.4535,-0.02,0.0139,9.8066,0.0967,0.4618,-0.0528,-18,-37,10.88,275.45,-83.53,165.47
52.39624,-1.501868,150.92,10.96,3,127.2,19 / 21,5356810,2019-09-06 20:49:22:553,0.3192,3.5805,9.8638,-0.0031,0.0075,9.8065,0.0192,0.4942,-0.0725,-18.06,-36.44,9.81,271.19,-83.54,163.55
52.39624,-1.501868,150.92,10.96,3,127.2,19 / 21,5356909,2019-09-06 20:49:22:652,-0.2828,2.2719,10.0958,-0.005,-0.01,9.8066,0.0121,0.5015,-0.075,-18,-37.19,9.13,269.12,-83.64,164.37
52.39624,-1.501868,150.92,10.96,3,127.2,19 / 21,5357009,2019-09-06 20:49:22:752,-0.2708,2.2414,10.0826,-0.0062,0.013,9.8066,-0.0193,0.4485,-0.0455,-18.31,-37.44,8.13,265.48,-83.66,163.5
52.39624,-1.501868,150.92,10.96,3,127.2,19 / 21,5357110,2019-09-06 20:49:22:853,-0.0005,2.2448,9.5955,0.0027,0.0027,9.8066,0.0301,0.4782,-0.0778,-17.56,-37.44,7.19,261.68,-83.64,162.58
52.39624,-1.501868,150.92,10.96,3,127.2,19 / 21,5357209,2019-09-06 20:49:22:952,0.3233,2.061,9.992,0.0079,0.0023,9.8066,0.0126,0.4476,-0.0471,-17.56,-37.31,6.75,261.29,-83.53,162.38
52.39624,-1.501868,150.92,10.96,3,127.2,19 / 21,5357310,2019-09-06 20:49:23:053,-0.933,2.1304,9.9107,0.0135,0.0057,9.8065,0.0007,0.4739,-0.0737,-17.44,-37.69,5.31,254.41,-83.37,161.8
52.39624,-1.501868,150.92,10.96,3,127.2,19 / 21,5357410,2019-09-06 20:49:23:153,-0.6786,2.4631,9.911,0.0164,0.0073,9.8065,-0.031,0.4801,-0.0506,-18.56,-37.69,4.94,253.32,-83.22,161.18
52.39624,-1.501868,150.92,10.96,3,127.2,19 / 21,5357510,2019-09-06 20:49:23:253,-0.4303,2.5087,9.6259,0.0128,0.0012,9.8066,-0.0099,0.4467,-0.065,-18.5,-37.37,3.75,250.79,-83.04,161.51
52.39624,-1.501868,150.92,10.96,3,127.2,19 / 21,5357609,2019-09-06 20:49:23:352,-1.2063,1.8747,9.6848,0.0237,0.0016,9.8066,-0.0886,0.4745,-0.0397,-17,-37.62,3.63,250.19,-82.92,161.51
52.39624,-1.501868,150.92,10.96,3,127.2,19 / 21,5357709,2019-09-06 20:49:23:452,-0.7867,1.9108,9.8618,0.0054,0.0048,9.8066,0.0167,0.4432,-0.064,-17.31,-37.94,2.31,244.26,-82.82,161.94
52.39624,-1.501868,150.92,10.96,3,127.2,19 / 21,5357809,2019-09-06 20:49:23:552,-0.8776,1.9051,10.0217,0.0171,0.0088,9.8065,-0.031,0.4798,-0.0747,-17.19,-38.06,1.69,243.64,-82.64,161.6
52.39624,-1.501868,150.92,10.96,3,127.2,19 / 21,5357910,2019-09-06 20:49:23:653,-1.1111,1.8536,9.9101,-0.009,-0.0002,9.8066,0.0564,0.4324,-0.0484,-16.87,-37.37,0.94,240.49,-82.54,161.23
52.39624,-1.501868,150.92,10.96,3,127.2,19 / 21,5358010,2019-09-06 20:49:23:753,-1.7119,1.5699,9.5808,-0.0078,0.0061,9.8066,0.0126,0.4598,-0.0803,-15.56,-38.06,0.06,236.09,-82.46,160.93
52.39624,-1.501868,150.92,10.96,3,127.2,19 / 21,5358109,2019-09-06 20:49:23:852,-0.6774,1.8315,9.9076,0.0104,0.0009,9.8066,-0.0534,0.4681,-0.0328,-16.81,-38.19,-0.62,233.98,-82.39,161.02
52.39624,-1.501868,150.92,10.96,3,127.2,19 / 21,5358210,2019-09-06 20:49:23:953,-0.0662,2.0172,10.0599,-0.0037,0.0058,9.8065,-0.025,0.4668,-0.0506,-16.25,-38.31,-0.44,235.79,-82.36,160.8
52.39624,-1.501868,150.92,10.96,3,127.2,19 / 21,5358309,2019-09-06 20:49:24:052,-0.5869,1.9881,10.0679,0.0343,0.011,9.8065,-0.0356,0.4563,-0.0706,-15.44,-37.87,-1.94,229.15,-82.14,161.62
52.39594,-1.501065,152.38,4.46,3,50.16,18 / 20,5358410,2019-09-06 20:49:24:153,-1.2672,1.6433,10.0954,0.009,0.0106,9.8066,0.0385,0.4455,-0.0548,-14.81,-37.44,-2.62,226.37,-82.21,161.2
52.39594,-1.501065,152.38,4.46,3,50.16,18 / 20,5358510,2019-09-06 20:49:24:253,-1.1045,2.1026,9.8978,-0.0081,0.0073,9.8066,-0.0261,0.4937,-0.1074,-14.44,-38.69,-3.25,223.11,-81.97,160.06
52.39594,-1.501065,152.38,4.46,3,50.16,18 / 20,5358609,2019-09-06 20:49:24:352,-1.06,1.736,9.5529,0.0027,0.0204,9.8066,-0.0718,0.4995,-0.0827,-13.37,-39.5,-4.25,217.54,-81.81,158.83
52.39594,-1.501065,152.38,4.46,3,50.16,18 / 20,5358710,2019-09-06 20:49:24:453,-1.3715,2.1348,9.593,0.004,0.0239,9.8065,0.0552,0.4715,-0.113,-12.94,-39.19,-5.12,213.79,-81.71,157.57
52.39594,-1.501065,152.38,4.46,3,50.16,18 / 20,5358810,2019-09-06 20:49:24:553,-1.5304,2.3685,9.9371,-0.0052,0.0116,9.8066,-0.0079,0.5146,-0.0983,-11.94,-39.25,-5.75,207.91,-81.57,155.76
52.39594,-1.501065,152.38,4.46,3,50.16,18 / 20,5358910,2019-09-06 20:49:24:653,-1.3639,1.9824,10.1639,0.003,0.0108,9.8066,0.0005,0.4974,-0.0545,-11.62,-39.12,-6.56,205.14,-81.4,155.45
52.39594,-1.501065,152.38,4.46,3,50.16,18 / 20,5359010,2019-09-06 20:49:24:753,-1.5979,1.8125,9.961,0.0097,0.0019,9.8065,-0.0393,0.4938,-0.0987,-10.94,-39.06,-7,203.5,-81.21,156.24
52.39594,-1.501065,152.38,4.46,3,50.16,18 / 20,5359109,2019-09-06 20:49:24:852,-0.9173,1.653,10.1077,0.0003,-0.0026,9.8066,0.0013,0.4924,-0.0475,-9.69,-38.75,-7.12,201.49,-81.11,156.68
52.39594,-1.501065,152.38,4.46,3,50.16,18 / 20,5359210,2019-09-06 20:49:24:953,-0.8722,1.7731,10.1605,0.0199,0.0259,9.8066,-0.0073,0.4791,-0.0798,-9.19,-39.69,-8.31,196.89,-80.8,157.21
52.39594,-1.501065,152.38,4.46,3,50.16,18 / 20,5359310,2019-09-06 20:49:25:053,-1.5313,1.4158,9.8119,0.0087,0.0089,9.8065,-0.0004,0.4612,-0.0789,-8.75,-39.69,-8.12,196.84,-80.59,157.32
52.39594,-1.501065,152.38,4.46,3,50.16,18 / 20,5359410,2019-09-06 20:49:25:153,-1.8423,0.8001,9.7645,0.0102,0.0193,9.8066,-0.074,0.448,-0.0759,-8,-40.19,-8.69,192.6,-80.41,157.74
52.39594,-1.501065,152.38,4.46,3,50.16,18 / 20,5359510,2019-09-06 20:49:25:253,-1.5135,1.8582,9.0401,0.0032,-0.025,9.8066,0.0393,0.4572,0.0034,-6.56,-39.56,-8.37,191.93,-80.09,158.27
52.39594,-1.501065,152.38,4.46,3,50.16,18 / 20,5359609,2019-09-06 20:49:25:352,0.2305,0.2457,10.1975,0.0361,0.0067,9.8065,-0.1301,0.4246,-0.0447,-6.19,-40.06,-8.56,188.95,-80.09,160.82
52.39594,-1.501065,152.38,4.46,3,50.16,18 / 20,5359709,2019-09-06 20:49:25:452,-1.7051,0.3975,9.5297,-0.0044,0.0416,9.8065,0.0682,0.4725,-0.1336,-6.75,-39.75,-9.56,189.58,-79.91,159.92
52.39594,-1.501065,152.38,4.46,3,50.16,18 / 20,5359810,2019-09-06 20:49:25:553,-0.0377,0.5438,9.9023,-0.011,-0.0157,9.8065,0.0897,0.2865,0.0404,-5.25,-39.44,-9.06,185.48,-79.93,159.96
52.39594,-1.501065,152.38,4.46,3,50.16,18 / 20,5359910,2019-09-06 20:49:25:653,-1.7592,0.4506,9.4485,0.0141,0.0109,9.8066,0.1106,0.3423,-0.0617,-4.75,-40,-9.44,185.83,-79.73,160.71
52.39594,-1.501065,152.38,4.46,3,50.16,18 / 20,5360010,2019-09-06 20:49:25:753,0.7872,0.3898,10.0947,0.0033,-0.0249,9.8066,0.2007,0.217,0.0431,-4.12,-40.31,-9.5,183,-79.64,161.18
52.39594,-1.501065,152.38,4.46,3,50.16,18 / 20,5360110,2019-09-06 20:49:25:853,-0.6919,0.7784,9.9784,-0.0085,-0.02,9.8066,-0.0468,0.2633,-0.0468,-3.5,-40.06,-8.87,180.29,-79.59,162.07
52.39594,-1.501065,152.38,4.46,3,50.16,18 / 20,5360210,2019-09-06 20:49:25:953,0.0367,1.3306,10.8901,0.0062,0.0364,9.8065,-0.075,0.2608,-0.0594,-2.81,-39.56,-9.44,180.32,-79.3,162.12
52.39594,-1.501065,152.38,4.46,3,50.16,18 / 20,5360310,2019-09-06 20:49:26:053,-1.0609,-0.0595,10.4757,-0.0091,0.0072,9.8066,0.1126,0.1701,-0.0235,-2.81,-39.94,-9.12,179.89,-79.27,161.37
52.39594,-1.501065,152.38,4.46,3,50.16,19 / 20,5360411,2019-09-06 20:49:26:154,-0.7943,0.6169,10.1263,0.0053,0.0118,9.8066,0.1016,0.2357,-0.0829,-2.31,-40.12,-9.44,176.77,-79.13,161.66
52.39594,-1.501065,152.38,4.46,3,50.16,19 / 20,5360510,2019-09-06 20:49:26:253,-0.4241,-0.3373,9.3958,0.0072,-0.0116,9.8066,-0.0551,0.1357,0.0021,-1.37,-39.94,-9.19,173.64,-79.08,162.09
52.39594,-1.501065,152.38,4.46,3,50.16,19 / 20,5360610,2019-09-06 20:49:26:353,-0.2109,0.7851,9.8645,-0.0008,0.0023,9.8066,-0.0107,0.133,-0.0198,-2,-39.75,-9.12,177.79,-79,163.47
52.39594,-1.501065,152.38,4.46,3,50.16,19 / 20,5360710,2019-09-06 20:49:26:453,0.4086,1.2023,10.4063,0.0008,-0.0309,9.8065,-0.1804,0.1434,0.0093,-1.5,-40.19,-9.56,173.93,-79.1,163.77
52.39594,-1.501065,152.38,4.46,3,50.16,19 / 20,5360810,2019-09-06 20:49:26:553,0.9277,0.3676,10.4269,0.0364,0.0563,9.8063,-0.1315,0.0451,-0.0179,-1.5,-39.56,-9.25,175.38,-78.95,165.22
52.39594,-1.501065,152.38,4.46,3,50.16,19 / 20,5360910,2019-09-06 20:49:26:653,-0.0817,-0.7239,9.8115,0.0033,0.0136,9.8066,0.0507,-0.0221,0.0421,-1.87,-39.5,-9.37,178.77,-79.26,165.3
52.39594,-1.501065,152.38,4.46,3,50.16,19 / 20,5361010,2019-09-06 20:49:26:753,0.7069,-0.5305,9.4747,0.0027,-0.0113,9.8066,-0.0645,0.0408,-0.0312,-1.62,-38.94,-8.87,179.04,-79.32,165.78
52.39594,-1.501065,152.38,4.46,3,50.16,19 / 20,5361109,2019-09-06 20:49:26:852,-0.7919,0.2084,9.5461,0.0028,0.01,9.8066,0.049,0.0847,-0.0575,-1.75,-39.12,-9.25,179.17,-79.2,165.99
52.39594,-1.501065,152.38,4.46,3,50.16,19 / 20,5361209,2019-09-06 20:49:26:952,-0.0188,-0.9276,10.2864,0.0049,0.0172,9.8066,0.0497,0.0017,0.0187,-2.75,-39.44,-9.06,182.64,-79.17,166.2
52.39594,-1.501065,152.38,4.46,3,50.16,19 / 20,5361310,2019-09-06 20:49:27:053,0.5612,-0.435,10.422,0.0172,0.0314,9.8066,-0.2316,0.1457,0.0088,-2.81,-38.75,-8.31,184.08,-79.13,166.96
52.39594,-1.501065,152.38,4.46,3,50.16,20 / 21,5361410,2019-09-06 20:49:27:153,0.9433,-0.3878,9.7708,0.0257,0.0258,9.8065,-0.0352,0.0069,0.0201,-2.94,-38.44,-8.06,184.69,-78.95,168.04
52.39594,-1.501065,152.38,4.46,3,50.16,20 / 21,5361509,2019-09-06 20:49:27:252,0.415,-0.9792,9.3268,0.0036,0.0182,9.8066,-0.0235,0.0613,-0.0048,-2.69,-38.56,-7.94,184.86,-78.93,168.47
52.39594,-1.501065,152.38,4.46,3,50.16,20 / 21,5361610,2019-09-06 20:49:27:353,-0.8793,-0.7162,9.3996,-0.004,-0.0234,9.8066,0.0366,0.0315,-0.0128,-1.94,-38.25,-8.25,180.96,-79.01,167.74
52.39594,-1.501065,152.38,4.46,3,50.16,20 / 21,5361709,2019-09-06 20:49:27:452,-0.6482,-0.5422,9.6495,-0.0016,-0.011,9.8066,0.0844,0.0601,-0.0059,-2.31,-37.94,-8.37,180.99,-78.9,167.81
52.39594,-1.501065,152.38,4.46,3,50.16,20 / 21,5361810,2019-09-06 20:49:27:553,0.4324,-0.4932,10.1645,-0.0029,-0.0244,9.8066,0.117,-0.0046,0.024,-1.31,-38.69,-8.56,176.85,-78.87,167.95
52.39594,-1.501065,152.38,4.46,3,50.16,20 / 21,5361910,2019-09-06 20:49:27:653,0.6989,-0.5516,9.6698,0.0017,-0.0439,9.8065,-0.0657,0.0565,-0.0173,-0.87,-38.56,-9.87,176.33,-79.1,168
52.39594,-1.501065,152.38,4.46,3,50.16,20 / 21,5362010,2019-09-06 20:49:27:753,0.13,-0.6254,9.7061,0.0004,-0.0174,9.8065,0.0501,0.0709,0.0407,-1.44,-38.5,-10,176.51,-79.24,168.39
52.39594,-1.501065,152.38,4.46,3,50.16,20 / 21,5362110,2019-09-06 20:49:27:853,0.5097,-0.6576,9.4768,-0.0023,0.014,9.8066,-0.0803,-0.0221,-0.0489,-0.94,-38.75,-10.25,176.39,-79.55,168.2
52.39594,-1.501065,152.38,4.46,3,50.16,20 / 21,5362210,2019-09-06 20:49:27:953,-0.4024,-0.0392,9.685,-0.0043,-0.0062,9.8066,-0.0562,0.0348,0.0506,-0.87,-37.87,-10.5,175.93,-79.71,167.54
52.39594,-1.501065,152.38,4.46,3,50.16,20 / 21,5362310,2019-09-06 20:49:28:053,0.709,-0.6236,10.3881,0.0102,-0.0062,9.8066,-0.0061,0.0063,-0.0437,-0.31,-38,-11,172.39,-79.96,167.93
52.39594,-1.501065,152.38,4.46,3,50.16,19 / 20,5362409,2019-09-06 20:49:28:152,0.3174,-1.3197,10.2039,-0.0043,-0.0032,9.8066,0.0814,0.0234,-0.0191,-0.5,-37.81,-11.5,172.14,-80.05,167.58
52.39594,-1.501065,152.38,4.46,3,50.16,19 / 20,5362510,2019-09-06 20:49:28:253,0.735,-0.7932,9.9923,-0.0026,0.0189,9.8066,0.0604,0.0253,-0.0254,0.31,-37.94,-11.44,172.06,-79.9,167.39
52.39594,-1.501065,152.38,4.46,3,50.16,19 / 20,5362609,2019-09-06 20:49:28:352,0.1656,-0.927,9.1957,-0.0075,0.0227,9.8066,-0.0043,0.004,-0.0083,-0.75,-37.5,-11.44,175.17,-79.53,167.12
52.39594,-1.501065,152.38,4.46,3,50.16,19 / 20,5362710,2019-09-06 20:49:28:453,0.4283,-0.5395,9.367,-0.0013,0.0355,9.8065,-0.0295,-0.0264,-0.0264,-0.75,-37.75,-10.69,175.1,-79.33,166.87
52.39594,-1.501065,152.38,4.46,3,50.16,19 / 20,5362810,2019-09-06 20:49:28:553,-0.1667,-0.6959,9.2251,-0.0025,-0.0136,9.8066,0.0037,-0.0164,0.0206,-0.62,-38.25,-10.37,175.46,-79.41,166.67
52.39594,-1.501065,152.38,4.46,3,50.16,19 / 20,5362909,2019-09-06 20:49:28:652,0.2471,-1.1988,10.1631,0.0046,-0.0155,9.8066,0.0053,-0.0579,-0.0133,-2,-38.37,-11.44,178.28,-79.43,166.94
52.39594,-1.501065,152.38,4.46,3,50.16,19 / 20,5363009,2019-09-06 20:49:28:752,0.852,-1.4228,10.3867,-0.007,0.0078,9.8066,-0.0605,0.0061,-0.0337,-1.94,-38.12,-10.44,178.84,-79.54,166.76
52.39594,-1.501065,152.38,4.46,3,50.16,19 / 20,5363110,2019-09-06 20:49:28:853,-0.1564,-1.0763,9.8639,-0.0069,0.0371,9.8066,0.0616,-0.0317,0.0071,-1.12,-38.44,-10.19,174.86,-79.37,165.65
52.39594,-1.501065,152.38,4.46,3,50.16,19 / 20,5363210,2019-09-06 20:49:28:953,0.0277,-0.1963,9.2606,0.0005,-0.0123,9.8065,0.07,-0.0232,-0.0149,-1.69,-39.19,-10.56,177.64,-79.37,165.86
52.39594,-1.501065,152.38,4.46,3,50.16,19 / 20,5363310,2019-09-06 20:49:29:053,0.5734,0.0832,9.1847,0.0012,-0.0037,9.8066,-0.0607,0.0211,0.0315,-1.87,-39.25,-10.5,178.49,-79.2,166.12
52.39594,-1.501065,152.38,4.46,3,50.16,19 / 21,5363409,2019-09-06 20:49:29:152,0.3925,-0.4275,10.1348,0.0148,0.0112,9.8066,-0.0885,-0.0112,0.0281,-1.56,-39.5,-9.62,179.16,-79.08,167.25
52.39594,-1.501065,152.38,4.46,3,50.16,19 / 21,5363509,2019-09-06 20:49:29:252,1.1845,-0.5608,9.8932,0.0024,-0.0185,9.8065,0.0645,0.0231,-0.0008,-2.31,-39.69,-10.5,179.33,-79.28,167.55
52.39594,-1.501065,152.38,4.46,3,50.16,19 / 21,5363610,2019-09-06 20:49:29:353,0.3591,-1.5833,10.0216,-0.0134,-0.0157,9.8065,-0.0494,-0.0385,-0.0349,-1.56,-39.37,-11,178.14,-79.54,166.69
52.39594,-1.501065,152.38,4.46,3,50.16,19 / 21,5363709,2019-09-06 20:49:29:452,-0.5802,-3.1094,10.3759,-0.0107,0.0086,9.8066,0.302,-0.0158,0.0332,-1.25,-39.06,-10.81,174.58,-79.5,165.98
52.39594,-1.501065,152.38,4.46,3,50.16,19 / 21,5363814,2019-09-06 20:49:29:557,0.7207,-1.8058,11.6198,-0.0007,-0.0033,9.8066,0.1242,-0.0935,-0.0356,-1.56,-38.87,-10.31,178.52,-78.84,166.15
52.39594,-1.501065,152.38,4.46,3,50.16,19 / 21,5363909,2019-09-06 20:49:29:652,-0.8267,-0.1878,8.3372,0.0053,0.0035,9.8066,0.3346,-0.1066,0.1362,-1.94,-39.5,-9.69,178.91,-78.19,166.77
52.39594,-1.501065,152.38,4.46,3,50.16,19 / 21,5364009,2019-09-06 20:49:29:752,0.0109,0.3205,7.5681,0.0067,-0.0166,9.8066,0.209,0.0488,-0.0539,-1.5,-40.06,-8.75,177.32,-77.3,168.44
52.39594,-1.501065,152.38,4.46,3,50.16,19 / 21,5364110,2019-09-06 20:49:29:853,0.8903,-0.2031,9.4637,0.0076,0.035,9.8066,-0.0943,-0.0035,0.0076,-1.31,-40,-9.12,177.5,-77.37,168.8
52.39594,-1.501065,152.38,4.46,3,50.16,19 / 21,5364209,2019-09-06 20:49:29:952,-0.6201,-0.6031,10.3021,-0.021,-0.0224,9.8065,-0.2891,0.003,-0.063,-1.69,-39.69,-9.69,179.67,-77.65,168.1
52.39594,-1.501065,152.38,4.46,3,50.16,19 / 21,5364309,2019-09-06 20:49:30:052,0.3099,0.5134,9.1695,-0.0159,-0.1118,9.8059,-0.5217,-0.0643,0.0263,-1.5,-39.69,-10.31,175.2,-78.86,165.88
52.39594,-1.501065,152.38,4.46,3,50.16,19 / 20,5364409,2019-09-06 20:49:30:152,1.4828,0.7878,11.1672,0.0093,0.0399,9.8065,-0.1852,-0.1117,0.2053,-1.37,-38.87,-12,172.9,-80.25,164.35
52.39594,-1.501065,152.38,4.46,3,50.16,19 / 20,5364509,2019-09-06 20:49:30:252,1.5514,-1.2895,10.6634,0.0324,0.0163,9.8066,-0.5733,-0.0305,-0.0279,-1.87,-38.56,-12.44,176.44,-81.24,165.29
52.39594,-1.501065,152.38,4.46,3,50.16,19 / 20,5364610,2019-09-06 20:49:30:353,1.5837,0.7568,10.487,0.0135,0.1812,9.8049,-0.3984,-0.058,0.1513,-2.44,-38.94,-12.56,176.41,-81.6,166.15
52.39594,-1.501065,152.38,4.46,3,50.16,19 / 20,5364710,2019-09-06 20:49:30:453,0.5704,1.3795,9.7126,0.0402,0.1994,9.8045,-0.0029,0.0083,-0.0294,-1.81,-39.12,-11.5,179.13,-80.18,168.31
52.39594,-1.501065,152.38,4.46,3,50.16,19 / 20,5364810,2019-09-06 20:49:30:553,-0.659,0.5485,9.3262,0.0081,0.0318,9.8066,-0.1414,0.0656,-0.046,-1.81,-39.5,-10.56,179.16,-79.81,168.35
52.39594,-1.501065,152.38,4.46,3,50.16,19 / 20,5364910,2019-09-06 20:49:30:653,0.9392,0.7091,9.171,0.007,-0.0341,9.8066,0.5164,0.0202,0.0546,-2.44,-39.25,-10.25,180.33,-78.78,169.27
52.39594,-1.501065,152.38,4.46,3,50.16,19 / 20,5365010,2019-09-06 20:49:30:753,-0.0373,-0.7728,9.704,0.0065,-0.0989,9.8061,0.1386,0.0193,-0.0282,-2.5,-38.81,-9.31,181.8,-78.87,170.7
52.39594,-1.501065,152.38,4.46,3,50.16,19 / 20,5365110,2019-09-06 20:49:30:853,0.2168,1.109,10.9738,-0.0168,-0.098,9.8061,0.0932,0.0708,-0.0138,-3.5,-38.81,-9.25,185.38,-79.02,171.06
52.39594,-1.501065,152.38,4.46,3,50.16,19 / 20,5365210,2019-09-06 20:49:30:953,0.4074,1.0152,10.2966,0.0002,-0.0602,9.8064,0.1776,0.0532,0.0362,-3.31,-38.12,-8.81,185.68,-79.06,171.46
52.39594,-1.501065,152.38,4.46,3,50.16,19 / 20,5365310,2019-09-06 20:49:31:053,1.8335,0.6744,9.7458,0.0028,-0.0663,9.8064,-0.1307,0.0287,-0.0432,-2.94,-38.25,-8.62,186.33,-79.47,172.42
52.39594,-1.501065,152.38,4.46,3,50.16,21 / 22,5365410,2019-09-06 20:49:31:153,1.8627,2.0652,10.1733,0.0172,0.0744,9.8063,-0.2072,-0.0118,-0.0612,-3.37,-37.69,-7.94,187.25,-78.79,172.81
52.39594,-1.501065,152.38,4.46,3,50.16,21 / 22,5365509,2019-09-06 20:49:31:252,1.942,0.6966,10.2033,0.0077,0.0481,9.8064,-0.1704,0.05,0.03,-2.94,-37.25,-8.25,187.26,-78.76,172.68
52.39594,-1.501065,152.38,4.46,3,50.16,21 / 22,5365610,2019-09-06 20:49:31:353,0.6429,1.008,9.9602,-0.0271,-0.0442,9.8065,0.0087,-0.0557,-0.0236,-1.75,-37.37,-8.44,182.98,-79.17,171.4
52.39594,-1.501065,152.38,4.46,3,50.16,21 / 22,5365709,2019-09-06 20:49:31:452,1.1066,0.9016,9.5924,-0.0076,-0.0285,9.8065,0.1093,0.0168,-0.023,-2.69,-37.69,-9.12,185.51,-79.27,171.08
52.39594,-1.501065,152.38,4.46,3,50.16,21 / 22,5365810,2019-09-06 20:49:31:553,0.532,2.2888,9.7659,-0.0128,0.0271,9.8066,-0.1221,0.0382,-0.0454,-2.19,-38.06,-10.25,180.99,-79.37,170.35
52.39594,-1.501065,152.38,4.46,3,50.16,21 / 22,5365910,2019-09-06 20:49:31:653,-0.9279,-1.4368,10.4858,-0.0085,0.0261,9.8066,-0.1931,0.0224,0.0028,-2.5,-38.19,-10.5,180.32,-79.29,169.23
52.39594,-1.501065,152.38,4.46,3,50.16,21 / 22,5366009,2019-09-06 20:49:31:752,0.2594,0.8363,10.1561,-0.0449,-0.1169,9.8058,-0.0173,-0.0006,-0.0377,-2.5,-38.44,-10.62,178.41,-79.77,167.17
52.39594,-1.501065,152.38,4.46,3,50.16,21 / 22,5366110,2019-09-06 20:49:31:853,-0.2441,-0.277,10.6366,0.006,0.0707,9.8064,0.3672,-0.1113,0.1307,-2.31,-38.25,-11,179.01,-79.68,168.11
52.39594,-1.501065,152.38,4.46,3,50.16,21 / 22,5366210,2019-09-06 20:49:31:953,1.1498,1.8637,9.6838,0.004,0.008,9.8066,0.0282,-0.1089,0.0173,-2.94,-38.5,-10.25,182.68,-79.28,167.75
52.39594,-1.501065,152.38,4.46,3,50.16,21 / 22,5366310,2019-09-06 20:49:32:053,1.8778,3.4217,11.1143,0.0071,-0.0055,9.8066,0.0358,0.0247,0.0649,-2.25,-38.94,-9.69,180.02,-78.82,168.72
52.39594,-1.501065,152.38,4.46,3,50.16,19 / 20,5366409,2019-09-06 20:49:32:152,0.3865,1.7067,10.8158,0.0221,0.0753,9.8062,-0.2813,-0.125,0.0244,-2.56,-39.5,-9.25,184.34,-78.87,169.27
52.39594,-1.501065,152.38,4.46,3,50.16,19 / 20,5366509,2019-09-06 20:49:32:252,0.0327,-0.3353,9.1591,-0.0058,0.0394,9.8065,-0.2259,-0.0548,-0.0297,-2.81,-38.19,-10,183.37,-78.72,169
52.39594,-1.501065,152.38,4.46,3,50.16,19 / 20,5366610,2019-09-06 20:49:32:353,-0.1025,-0.3035,9.317,0.0076,-0.0221,9.8066,0.152,0.027,0.0488,-2.19,-38.69,-9.5,181.14,-79.21,169.49
52.39594,-1.501065,152.38,4.46,3,50.16,19 / 20,5366710,2019-09-06 20:49:32:453,0.266,-0.8658,8.6265,-0.0006,-0.0196,9.8066,0.031,-0.0636,0.0017,-2.87,-38.44,-9.87,183.82,-79.28,169.63
52.39594,-1.501065,152.38,4.46,3,50.16,19 / 20,5366811,2019-09-06 20:49:32:554,0.2787,0.4547,10.3004,-0.0077,-0.0592,9.8064,0.0576,-0.0613,0.0001,-2.94,-38.94,-10.31,183.87,-79.6,169.72
52.39594,-1.501065,152.38,4.46,3,50.16,19 / 20,5366910,2019-09-06 20:49:32:653,0.5386,-1.3146,10.2858,-0.0189,-0.0628,9.8064,0.1785,0.0375,-0.0445,-3.12,-38.19,-10.06,183.82,-79.78,169.53
52.39594,-1.501065,152.38,4.46,3,50.16,19 / 20,5367010,2019-09-06 20:49:32:753,-0.2868,-1.4182,10.7891,-0.0182,-0.0058,9.8066,-0.0901,-0.0167,-0.0346,-2.75,-38.31,-11,182.07,-79.81,168
52.39594,-1.501065,152.38,4.46,3,50.16,19 / 20,5367110,2019-09-06 20:49:32:853,1.6209,0.3289,10.7314,-0.0022,-0.0091,9.8066,0.0253,-0.1339,0.0742,-2.87,-37.81,-11.19,181.7,-79.78,167.42
52.39594,-1.501065,152.38,4.46,3,50.16,19 / 20,5367210,2019-09-06 20:49:32:953,0.3615,-0.7135,9.8953,-0.0054,0.0373,9.8065,0.1965,0.0465,-0.093,-2.62,-38.25,-10.81,181.55,-79.28,167.23
52.39594,-1.501065,152.38,4.46,3,50.16,19 / 20,5367310,2019-09-06 20:49:33:053,1.7818,-0.0792,9.8587,0.0154,-0.0055,9.8065,0.1742,-0.1019,0.1577,-2.81,-38.19,-10.12,182.74,-79.07,167.88
52.396435,-1.501059,153.18,8.06,2,356.45,20 / 21,5367409,2019-09-06 20:49:33:152,1.0303,0.5522,9.7763,-0.0079,0.0236,9.8066,-0.1492,-0.0642,-0.0574,-3.25,-38.25,-9.56,182.52,-78.81,167.55
52.396435,-1.501059,153.18,8.06,2,356.45,20 / 21,5367509,2019-09-06 20:49:33:252,0.0868,-0.1808,10.0808,0.0157,0.0089,9.8066,-0.0815,0.0396,0.0586,-2.69,-37.75,-9.75,182.91,-79.02,168.18
52.396435,-1.501059,153.18,8.06,2,356.45,20 / 21,5367609,2019-09-06 20:49:33:352,1.243,-0.4006,9.5287,-0.0152,-0.0437,9.8065,0.0961,0.1419,-0.0776,-3.5,-37.12,-10.19,183.12,-79.19,168.45
52.396435,-1.501059,153.18,8.06,2,356.45,20 / 21,5367710,2019-09-06 20:49:33:453,2.324,0.0221,10.3181,0.0152,-0.0539,9.8064,0.2528,-0.1277,0.1197,-2.94,-37.12,-10.5,183.58,-79.54,169.13
52.396435,-1.501059,153.18,8.06,2,356.45,20 / 21,5367809,2019-09-06 20:49:33:552,-0.6294,0.5992,10.3867,0.0162,-0.0172,9.8066,0.1175,-0.0221,0.0308,-3.5,-37.56,-11.12,184.04,-79.64,171.14
52.396435,-1.501059,153.18,8.06,2,356.45,20 / 21,5367909,2019-09-06 20:49:33:652,0.4888,-0.3356,9.9906,-0.0072,-0.0592,9.8064,0.1115,-0.0877,0.0623,-3.56,-37.87,-11.25,187.28,-79.93,171.32
52.396435,-1.501059,153.18,8.06,2,356.45,20 / 21,5368009,2019-09-06 20:49:33:752,2.3144,-2.0919,10.1861,0.0204,0.0458,9.8064,-0.1368,-0.0058,-0.0127,-3.44,-38.19,-11.25,185.06,-79.79,172.71
52.396435,-1.501059,153.18,8.06,2,356.45,20 / 21,5368110,2019-09-06 20:49:33:853,-1.4918,-1.2744,9.5828,-0.014,0.0479,9.8065,-0.1225,0.0628,-0.0431,-3.25,-38.69,-11.87,183.88,-79.81,171.95
52.396435,-1.501059,153.18,8.06,2,356.45,20 / 21,5368210,2019-09-06 20:49:33:953,1.4275,-1.7776,8.9987,0.0002,-0.0503,9.8064,0.3538,0.0134,-0.0747,-2.19,-38.69,-11.25,181.42,-79.71,171.97
52.396435,-1.501059,153.18,8.06,2,356.45,20 / 21,5368309,2019-09-06 20:49:34:052,0.6277,0.1856,10.2208,-0.0118,-0.0483,9.8065,0.2128,-0.0479,0.012,-3.12,-38.81,-11.12,184.28,-79.93,171.52
52.396435,-1.501059,153.18,8.06,2,356.45,18 / 20,5368410,2019-09-06 20:49:34:153,0.4594,-0.366,9.6937,-0.0176,-0.0084,9.8066,-0.1126,-0.0039,-0.0763,-2.69,-38.44,-11.12,183.66,-79.76,170.51
52.396435,-1.501059,153.18,8.06,2,356.45,18 / 20,5368509,2019-09-06 20:49:34:252,0.428,-1.851,9.7754,-0.0057,-0.0078,9.8066,-0.073,0.009,-0.0262,-3.06,-39.19,-11.44,183.16,-79.88,169.75
52.396435,-1.501059,153.18,8.06,2,356.45,18 / 20,5368610,2019-09-06 20:49:34:353,-1.0779,-0.1404,9.7492,-0.0088,0.0047,9.8065,-0.1302,-0.089,-0.0551,-1.75,-38.87,-11.75,178.4,-80.15,168.08
52.396435,-1.501059,153.18,8.06,2,356.45,18 / 20,5368709,2019-09-06 20:49:34:452,1.5597,-1.934,9.5934,0.006,0.0203,9.8065,-0.1089,-0.0787,0.0654,-2.81,-39.12,-11.12,182,-80.19,167.88
52.396435,-1.501059,153.18,8.06,2,356.45,18 / 20,5368809,2019-09-06 20:49:34:552,0.2454,-0.9013,10.0584,-0.0153,0.0299,9.8065,-0.0029,-0.0082,-0.0631,-2.19,-38.75,-11,178.64,-80.33,167.56
52.396435,-1.501059,153.18,8.06,2,356.45,18 / 20,5368910,2019-09-06 20:49:34:653,-3.7858,1.7283,11.5946,0.0119,0.0477,9.8065,0.1308,0.1481,0.0213,-2.19,-39.5,-10.81,178.3,-80.01,167
52.396435,-1.501059,153.18,8.06,2,356.45,18 / 20,5369009,2019-09-06 20:49:34:752,3.8483,0.167,9.6635,0.0241,0.0772,9.8062,-0.4351,-0.1023,0.0596,-2.56,-39.62,-10.44,183.94,-79.64,169.9
52.396435,-1.501059,153.18,8.06,2,356.45,18 / 20,5369109,2019-09-06 20:49:34:852,1.5367,-0.3316,10.0878,0.0035,0.0728,9.8063,-0.3337,0.1829,-0.1079,-2.56,-39.87,-10.12,184.4,-79.63,170.67
52.396435,-1.501059,153.18,8.06,2,356.45,18 / 20,5369209,2019-09-06 20:49:34:952,-2.4047,0.9139,10.4836,-0.0249,0.0663,9.8064,-0.1658,0.2531,-0.0968,-2.75,-39.5,-10.69,182.54,-79.54,168.82
52.396435,-1.501059,153.18,8.06,2,356.45,18 / 20,5369310,2019-09-06 20:49:35:053,-0.8619,-1.6713,9.7673,0.0351,-0.0094,9.8065,-0.0243,-0.1284,0.1415,-2.5,-39.12,-10.69,179.54,-80.17,168.97
52.396435,-1.501059,153.18,8.06,2,356.45,19 / 21,5369409,2019-09-06 20:49:35:152,0.0587,-0.1327,9.1801,-0.0007,-0.0057,9.8066,-0.1257,-0.006,0.0377,-2.94,-39.25,-11.5,182.94,-80.54,169.3
52.396435,-1.501059,153.18,8.06,2,356.45,19 / 21,5369510,2019-09-06 20:49:35:253,-0.6013,-0.8002,9.2059,-0.0197,-0.0597,9.8064,-0.1606,0.0019,-0.0035,-2.81,-38.87,-11.69,181.99,-80.51,168.96
52.396435,-1.501059,153.18,8.06,2,356.45,19 / 21,5369610,2019-09-06 20:49:35:353,-0.3154,-1.7788,9.7749,-0.0053,-0.05,9.8065,0.2247,-0.0226,0.0183,-3.31,-38.87,-11.56,181.63,-80.92,168.38
52.396435,-1.501059,153.18,8.06,2,356.45,19 / 21,5369710,2019-09-06 20:49:35:453,-0.288,-0.8512,9.7064,-0.005,0.0025,9.8066,0.1176,0.0501,-0.0108,-2.37,-39.31,-11.19,180.09,-80.86,169.83
52.396435,-1.501059,153.18,8.06,2,356.45,19 / 21,5369810,2019-09-06 20:49:35:553,0.1877,-0.5502,10.0137,0.0103,0.0027,9.8066,-0.0298,0.0792,-0.0157,-2.75,-39.56,-11.56,182.57,-80.81,169.83
52.396435,-1.501059,153.18,8.06,2,356.45,19 / 21,5369910,2019-09-06 20:49:35:653,-0.5673,-1.2386,10.2655,0.0056,0.0136,9.8066,-0.0564,-0.0015,-0.0056,-3.12,-38.81,-10.56,183.65,-80.78,170.35
52.396435,-1.501059,153.18,8.06,2,356.45,19 / 21,5370010,2019-09-06 20:49:35:753,-0.1048,-0.3641,9.4939,0.0056,0.0068,9.8066,-0.0352,-0.0176,0.0316,-2.31,-38.87,-11.44,180.82,-80.72,170.97
52.396435,-1.501059,153.18,8.06,2,356.45,19 / 21,5370110,2019-09-06 20:49:35:853,0.6659,-0.9991,9.5135,-0.0012,0.0123,9.8066,-0.1504,-0.0157,-0.0137,-3.06,-38.75,-11.31,184.01,-80.75,170.9
52.396435,-1.501059,153.18,8.06,2,356.45,19 / 21,5370210,2019-09-06 20:49:35:953,-0.2707,-0.5203,9.0008,-0.0263,-0.0401,9.8065,-0.0161,-0.0092,-0.0017,-2.87,-39.25,-11.44,182.97,-81.09,169.25
52.396435,-1.501059,153.18,8.06,2,356.45,19 / 21,5370310,2019-09-06 20:49:36:053,-0.4015,-1.5816,9.8229,-0.0078,-0.0258,9.8066,0.0171,0.0383,-0.0234,-3.69,-39.37,-11.62,185.01,-81.32,168.84
52.396435,-1.501059,153.18,8.06,2,356.45,19 / 20,5370409,2019-09-06 20:49:36:152,-0.928,-0.0018,10.0158,-0.0167,-0.0149,9.8065,0.0608,-0.0173,0.013,-3.94,-38.37,-11.37,185.54,-81.31,168.21
52.396435,-1.501059,153.18,8.06,2,356.45,19 / 20,5370509,2019-09-06 20:49:36:252,0.6656,-0.9251,9.848,0.0161,0.0073,9.8066,0.0992,-0.0841,0.0804,-3.56,-38.56,-11.75,185.49,-81.24,169.57
52.396435,-1.501059,153.18,8.06,2,356.45,19 / 20,5370609,2019-09-06 20:49:36:352,0.5304,-0.2035,10.8287,0.0158,0.0052,9.8065,-0.0902,-0.0157,0.0022,-4.06,-39,-11.25,187.39,-81.22,171.07
52.396435,-1.501059,153.18,8.06,2,356.45,19 / 20,5370709,2019-09-06 20:49:36:452,-0.815,-2.4194,9.6054,0.0108,0.0508,9.8064,-0.1135,0.0101,-0.0195,-3.81,-39,-10.31,188.48,-81.25,171.24
52.396435,-1.501059,153.18,8.06,2,356.45,19 / 20,5370810,2019-09-06 20:49:36:553,-1.8902,-1.5639,9.4509,0.0078,0.0369,9.8065,0.0319,-0.0649,0.0708,-3.12,-38.37,-10.87,184.21,-80.91,171.11
52.396435,-1.501059,153.18,8.06,2,356.45,19 / 20,5370910,2019-09-06 20:49:36:653,1.2512,-1.4731,9.5283,0.0173,0.005,9.8066,-0.0821,-0.0254,0.0128,-3,-38.06,-11.37,185.38,-80.89,172.89
52.396435,-1.501059,153.18,8.06,2,356.45,19 / 20,5371009,2019-09-06 20:49:36:752,2.0398,-1.4236,9.4103,0.0047,-0.0059,9.8066,0.0075,-0.0191,-0.0246,-2.25,-38.31,-12.06,181.61,-80.99,172.92
52.396435,-1.501059,153.18,8.06,2,356.45,19 / 20,5371110,2019-09-06 20:49:36:853,-0.0336,-2.1823,9.5146,-0.0143,-0.0378,9.8065,-0.0851,0.0078,-0.0291,-3.44,-38.87,-12.25,184.11,-81.28,171.99
52.396435,-1.501059,153.18,8.06,2,356.45,19 / 20,5371209,2019-09-06 20:49:36:952,-1.474,-2.1538,9.5651,-0.009,-0.0321,9.8066,0.0897,-0.0576,0.0618,-2.81,-38.81,-12.62,183.02,-81.45,171.3
52.396435,-1.501059,153.18,8.06,2,356.45,19 / 20,5371310,2019-09-06 20:49:37:053,-0.0208,-1.7414,10.4636,-0.0023,-0.0186,9.8066,0.088,0.048,-0.0457,-2.56,-38.87,-12.69,183.62,-81.57,172.14
52.396435,-1.501059,153.18,8.06,2,356.45,19 / 20,5371409,2019-09-06 20:49:37:152,-0.1228,-1.8224,10.1494,-0.0183,-0.0157,9.8066,0.0197,-0.0313,-0.0463,-3.31,-39.12,-12.94,182.75,-81.64,170.9
52.396435,-1.501059,153.18,8.06,2,356.45,19 / 20,5371510,2019-09-06 20:49:37:253,0.7381,-1.1333,8.8789,-0.0002,0.0059,9.8066,-0.0028,0.0294,-0.0024,-3.31,-39.12,-12.62,182.42,-81.38,170.46
52.396435,-1.501059,153.18,8.06,2,356.45,19 / 20,5371609,2019-09-06 20:49:37:352,-1.3629,-2.1093,8.9892,0.01,-0.0144,9.8066,0.0376,-0.0317,0.0275,-3.31,-39.69,-12.75,182.68,-81.34,170.86
52.396435,-1.501059,153.18,8.06,2,356.45,19 / 20,5371710,2019-09-06 20:49:37:453,0.1077,-1.6589,10.6435,0.0016,0.0064,9.8066,0.032,0.0233,-0.0314,-4.44,-39.56,-12.75,186.05,-81.29,171.57
52.396435,-1.501059,153.18,8.06,2,356.45,19 / 20,5371810,2019-09-06 20:49:37:553,-0.2633,-1.4517,10.2126,-0.0112,-0.0136,9.8065,-0.0582,-0.0056,-0.0013,-4.12,-39.56,-13.12,185.59,-81.42,170.88
52.396435,-1.501059,153.18,8.06,2,356.45,19 / 20,5371909,2019-09-06 20:49:37:652,0.0372,-1.7251,9.602,0.0128,0.003,9.8066,-0.0491,0.0532,-0.014,-5,-39.12,-12.94,188.29,-81.46,170.59
52.396435,-1.501059,153.18,8.06,2,356.45,19 / 20,5372009,2019-09-06 20:49:37:752,-0.1934,-1.6147,9.3663,0.0007,0.0057,9.8066,0.0088,-0.0707,0.006,-5.69,-39.75,-13.06,191.22,-81.48,170.94
52.396435,-1.501059,153.18,8.06,2,356.45,19 / 20,5372110,2019-09-06 20:49:37:853,-0.2523,-0.95,9.8365,-0.0038,-0.0131,9.8065,-0.0081,0.0379,-0.0183,-5.56,-39.31,-13.12,191.95,-81.51,171.82
52.396435,-1.501059,153.18,8.06,2,356.45,19 / 20,5372209,2019-09-06 20:49:37:952,0.4384,-1.5865,9.6092,-0.0055,-0.0027,9.8066,0.0422,-0.0123,-0.0485,-6,-40.19,-12.81,191.51,-81.56,171.3
52.396435,-1.501059,153.18,8.06,2,356.45,19 / 20,5372310,2019-09-06 20:49:38:053,-1.4495,-4.0506,11.3779,-0.0056,-0.0161,9.8066,0.0195,-0.0252,0.0007,-8.19,-40.06,-12.06,198.24,-81.72,171.56
52.396435,-1.501059,153.18,8.06,2,356.45,19 / 20,5372409,2019-09-06 20:49:38:152,-1.2683,-3.3361,11.6211,0.0334,0.0913,9.8062,0.4471,-0.1036,-0.0689,-7.31,-39.62,-11.25,196.4,-80.94,171.57
52.396435,-1.501059,153.18,8.06,2,356.45,19 / 20,5372510,2019-09-06 20:49:38:253,0.3916,0.083,7.3028,-0.0292,-0.0027,9.8065,0.1673,0.0083,-0.121,-6.94,-39.5,-9.87,197.49,-80.07,171.8
52.396435,-1.501059,153.18,8.06,2,356.45,19 / 20,5372609,2019-09-06 20:49:38:352,0.065,1.7648,7.3007,-0.0038,0.0249,9.8066,0.0947,-0.046,-0.0034,-8.37,-40.37,-7.12,203.1,-79.33,169.84
52.396435,-1.501059,153.18,8.06,2,356.45,19 / 20,5372710,2019-09-06 20:49:38:453,0.8617,0.5445,7.9527,-0.0103,-0.024,9.8066,0.0587,-0.0699,0.0427,-7.5,-40,-5.75,202.1,-79.26,170.11
52.396435,-1.501059,153.18,8.06,2,356.45,19 / 20,5372809,2019-09-06 20:49:38:552,0.358,-0.6096,9.8619,-0.0293,-0.0789,9.8062,-0.2464,0.0059,0.0763,-6.62,-38.87,-5.12,205.34,-79.84,170.6
52.396435,-1.501059,153.18,8.06,2,356.45,19 / 20,5372909,2019-09-06 20:49:38:652,0.3157,-0.301,11.6474,-0.0561,-0.1681,9.805,-0.0685,0.0175,0.0157,-5.31,-38.56,-6.19,198.71,-81.96,171.68
52.396435,-1.501059,153.18,8.06,2,356.45,19 / 20,5373009,2019-09-06 20:49:38:752,0.3082,0.0509,9.1217,-0.0694,-0.1833,9.8046,-0.3659,-0.0115,-0.0396,-3.56,-37.56,-7.31,193.16,-83.5,170.32
52.396435,-1.501059,153.18,8.06,2,356.45,19 / 20,5373110,2019-09-06 20:49:38:853,0.4106,-1.2043,10.9974,0.0058,0.0315,9.8066,-0.253,0.0406,0.0143,-1.12,-36.75,-8.69,176.14,-84.58,168.33
52.396435,-1.501059,153.18,8.06,2,356.45,19 / 20,5373209,2019-09-06 20:49:38:952,-0.2159,-0.1778,9.1473,0.0124,0.084,9.8062,0.1567,-0.0481,0.0303,0.38,-36.69,-9.69,172.01,-84.43,169.19
52.396435,-1.501059,153.18,8.06,2,356.45,19 / 20,5373310,2019-09-06 20:49:39:053,0.4075,0.0461,9.2743,0.012,0.0373,9.8066,0.0905,0.0101,0.0127,0.69,-36.44,-10.06,170.03,-83.93,172.03
52.396435,-1.501059,153.18,8.06,2,356.45,19 / 21,5373409,2019-09-06 20:49:39:152,0.4199,0.3421,9.7485,0.0064,0.0402,9.8065,0.1195,-0.0334,-0.0117,1.81,-36.69,-11,167.8,-83.41,173.58
52.396435,-1.501059,153.18,8.06,2,356.45,19 / 21,5373510,2019-09-06 20:49:39:253,0.0425,0.0688,9.6852,-0.0008,-0.0167,9.8066,0.1245,-0.0194,-0.0139,2.13,-37.44,-12.31,168.44,-83.19,173.84
52.396435,-1.501059,153.18,8.06,2,356.45,19 / 21,5373609,2019-09-06 20:49:39:352,0.0715,-0.4259,9.6914,0.0031,0.0112,9.8066,0.2601,-0.037,0.0418,0.5,-37.56,-12.62,172.62,-82.64,174.33
52.396435,-1.501059,153.18,8.06,2,356.45,19 / 21,5373709,2019-09-06 20:49:39:452,0.6777,-0.3944,10.6338,0.0058,-0.0545,9.8064,0.2044,0.0127,-0.0385,0.13,-37.94,-13.44,176.27,-82.51,174.88
52.396435,-1.501059,153.18,8.06,2,356.45,19 / 21,5373810,2019-09-06 20:49:39:553,0.2983,0.4466,10.528,-0.0081,-0.0643,9.8063,-0.0639,-0.0268,0.0037,-0.56,-37.69,-13.87,178.8,-82.93,174.32
52.396435,-1.501059,153.18,8.06,2,356.45,19 / 21,5373910,2019-09-06 20:49:39:653,0.243,1.1557,10.1237,0.0065,0.0391,9.8065,-0.0433,-0.0326,0.0474,-1.06,-37.69,-14.19,178.9,-82.67,174.45
52.396435,-1.501059,153.18,8.06,2,356.45,19 / 21,5374009,2019-09-06 20:49:39:752,0.5796,1.4479,9.7399,0.007,0.0367,9.8065,-0.0527,0.0053,-0.0519,-1.87,-38.5,-13.44,182.75,-82.65,174.99
52.396435,-1.501059,153.18,8.06,2,356.45,19 / 21,5374110,2019-09-06 20:49:39:853,0.6355,1.9375,9.1226,0.0044,0.0279,9.8066,-0.0056,-0.0136,0.01,-1.94,-38.62,-13.75,181.58,-82.37,174.02
52.396435,-1.501059,153.18,8.06,2,356.45,19 / 21,5374209,2019-09-06 20:49:39:952,-0.3447,1.3798,9.4593,-0.004,-0.011,9.8066,-0.0808,-0.0654,-0.0092,-2.06,-38.06,-13.19,181.96,-82.26,173.96
52.396435,-1.501059,153.18,8.06,2,356.45,19 / 21,5374311,2019-09-06 20:49:40:054,-0.5022,0.919,10.3324,-0.0072,0.0215,9.8066,-0.1862,0.0131,0.0031,-2.31,-37.69,-13.25,181.4,-82.28,173.18
52.396435,-1.501059,153.18,8.06,2,356.45,18 / 20,5374410,2019-09-06 20:49:40:153,-0.2309,0.7685,10.2473,0.0035,0.0019,9.8066,0.114,-0.1609,0.066,-2.12,-37.5,-13.75,181.06,-82.57,173.28
52.396435,-1.501059,153.18,8.06,2,356.45,18 / 20,5374510,2019-09-06 20:49:40:253,-0.8143,0.9203,10.2243,0.0064,-0.0287,9.8066,0.0837,0.0305,-0.1737,-2.37,-38,-13.25,181.93,-82.92,173.85
52.396435,-1.501059,153.18,8.06,2,356.45,18 / 20,5374609,2019-09-06 20:49:40:352,0.5079,2.1919,10.2953,-0.0194,-0.0457,9.8065,0.2102,0.0511,0.1118,-3.19,-38.19,-12.94,184.31,-82.98,172.79
52.396435,-1.501059,153.18,8.06,2,356.45,18 / 20,5374710,2019-09-06 20:49:40:453,-0.1388,1.5456,9.6424,0.009,0.0482,9.8065,-0.0168,-0.0912,-0.0869,-3.12,-37.37,-12.56,184.25,-82.82,172.7
52.396435,-1.501059,153.18,8.06,2,356.45,18 / 20,5374810,2019-09-06 20:49:40:553,0.3481,0.6952,10.2461,0.0031,0.0038,9.8066,-0.1524,-0.0341,-0.0269,-3.69,-37.75,-13.31,187.78,-82.6,173.4
52.396435,-1.501059,153.18,8.06,2,356.45,18 / 20,5374909,2019-09-06 20:49:40:652,-0.3974,0.6354,9.1742,-0.001,0.0497,9.8065,-0.3312,-0.0036,-0.0624,-3.69,-37.12,-12.69,187.05,-82.49,172.4
52.396435,-1.501059,153.18,8.06,2,356.45,18 / 20,5375010,2019-09-06 20:49:40:753,0.5778,1.5591,9.1471,-0.0111,0.0279,9.8066,-0.1068,-0.0264,0.0539,-3.31,-37.06,-12.81,182.68,-82.76,170.6
52.396435,-1.501059,153.18,8.06,2,356.45,18 / 20,5375110,2019-09-06 20:49:40:853,0.3028,-0.7362,10.0259,-0.0227,-0.0619,9.8064,-0.0676,-0.0835,0.0569,-3.25,-36.69,-13.06,182.33,-83.29,170.08
52.396435,-1.501059,153.18,8.06,2,356.45,18 / 20,5375210,2019-09-06 20:49:40:953,1.1402,0.1929,10.2814,0.0043,-0.0235,9.8066,0.1358,-0.0119,-0.0184,-2.56,-36.87,-12.94,182.63,-83.36,170.46
52.396435,-1.501059,153.18,8.06,2,356.45,18 / 20,5375310,2019-09-06 20:49:41:053,0.392,0.5442,9.8772,0.0033,-0.0218,9.8066,0.207,-0.0635,-0.0003,-2.37,-36.87,-12.25,180.61,-83.28,171.37
52.396435,-1.501059,153.18,8.06,2,356.45,19 / 21,5375410,2019-09-06 20:49:41:153,0.4289,1.2263,10.0869,0,-0.0219,9.8065,-0.0931,0.087,0.0099,-3.19,-36.94,-12.75,183.94,-83.3,172.19
52.396435,-1.501059,153.18,8.06,2,356.45,19 / 21,5375509,2019-09-06 20:49:41:252,1.0684,1.8366,10.2078,0.0145,0.0673,9.8064,0.0462,-0.0671,0.0329,-2.12,-37.12,-12.69,181.11,-82.9,172.73
52.396435,-1.501059,153.18,8.06,2,356.45,19 / 21,5375610,2019-09-06 20:49:41:353,-0.4847,0.6234,9.6589,0.0097,0.0338,9.8065,-0.0605,-0.0946,0.0476,-3.25,-37.44,-13.12,184.73,-83.02,173.29
52.396435,-1.501059,153.18,8.06,2,356.45,19 / 21,5375709,2019-09-06 20:49:41:452,0.337,1.085,9.5544,0.0035,-0.0279,9.8065,-0.0043,0.0335,-0.0165,-3,-37.56,-13.37,184.64,-83.27,173.16
52.396435,-1.501059,153.18,8.06,2,356.45,19 / 21,5375810,2019-09-06 20:49:41:553,1.1964,-0.2267,10.4159,-0.0114,0.0008,9.8065,0.1759,-0.0684,-0.051,-3.44,-37.12,-12.87,184.23,-83.27,172.59
52.396435,-1.501059,153.18,8.06,2,356.45,19 / 21,5375910,2019-09-06 20:49:41:653,1.965,2.7117,9.2742,-0.0259,-0.0025,9.8065,0.0017,-0.1258,0.0223,-3.37,-37.44,-13.25,183.72,-83.24,171.91
52.396435,-1.501059,153.18,8.06,2,356.45,19 / 21,5376009,2019-09-06 20:49:41:752,1.1588,-0.3709,8.8796,0.0127,0.0148,9.8066,0.0274,-0.0351,0.0877,-3.31,-37.62,-13.69,181.96,-83.28,170.46
52.396435,-1.501059,153.18,8.06,2,356.45,19 / 21,5376109,2019-09-06 20:49:41:852,-1.1394,-1.866,10.0574,0.0202,-0.0337,9.8065,-0.0707,0.0598,-0.0765,-5.19,-37.44,-15.06,188.69,-83.64,172.45
52.396435,-1.501059,153.18,8.06,2,356.45,19 / 21,5376209,2019-09-06 20:49:41:952,-0.0067,-0.4828,10.2002,-0.0101,0.0087,9.8066,0.167,-0.0206,0.0279,-5.12,-37.25,-14.94,188.41,-83.43,172.16
52.396435,-1.501059,153.18,8.06,2,356.45,19 / 21,5376310,2019-09-06 20:49:42:053,2.3451,-2.1467,8.7066,0.0035,-0.0135,9.8066,0.0093,-0.2205,0.0428,-7.06,-37.31,-14.5,195.49,-83.17,173.12
52.397,-1.501072,154.09,7.87,2,2.66,18 / 20,5376409,2019-09-06 20:49:42:152,2.1517,-0.6423,8.1665,0.0073,0.0282,9.8065,-0.1415,-0.1489,0.0956,-7.12,-37,-13.56,196.06,-82.91,174
52.397,-1.501072,154.09,7.87,2,2.66,18 / 20,5376509,2019-09-06 20:49:42:252,1.0639,-0.6669,8.9173,-0.0331,-0.0579,9.8064,-0.1069,-0.0877,0.0099,-8,-35.75,-12.06,201.68,-83.13,174.19
52.397,-1.501072,154.09,7.87,2,2.66,18 / 20,5376610,2019-09-06 20:49:42:353,-1.0181,-1.3319,9.966,-0.0271,-0.0623,9.8064,-0.1411,0.0018,0.0061,-7.06,-35.87,-11.5,200.1,-83.71,173.5
52.397,-1.501072,154.09,7.87,2,2.66,18 / 20,5376710,2019-09-06 20:49:42:453,-1.0708,-1.0754,9.5152,-0.0098,-0.02,9.8065,-0.0715,0.0916,-0.011,-4.94,-36.06,-11.19,192.27,-84.26,171.4
52.397,-1.501072,154.09,7.87,2,2.66,18 / 20,5376810,2019-09-06 20:49:42:553,-0.8855,-1.1186,9.1617,0.0158,0.042,9.8065,0.1168,-0.0606,-0.0098,-4.19,-36.12,-11.19,188.92,-84.12,171.69
52.397,-1.501072,154.09,7.87,2,2.66,18 / 20,5376909,2019-09-06 20:49:42:652,0.656,-0.6851,9.8094,0.0016,-0.0131,9.8066,0.1456,-0.0646,0.1153,-3.19,-36.56,-11.06,185.81,-83.98,172.5
52.397,-1.501072,154.09,7.87,2,2.66,18 / 20,5377009,2019-09-06 20:49:42:752,0.6529,0.8902,9.7011,0.0216,-0.0224,9.8066,-0.1353,-0.1911,0.0145,-4.69,-37.44,-11.56,193.78,-83.91,175.21
52.397,-1.501072,154.09,7.87,2,2.66,18 / 20,5377110,2019-09-06 20:49:42:853,-0.1981,-0.9896,9.7096,-0.0019,0.0517,9.8065,-0.2697,0.0136,0.0091,-4.37,-37.31,-11.5,190.27,-83.57,173.84
52.397,-1.501072,154.09,7.87,2,2.66,18 / 20,5377210,2019-09-06 20:49:42:953,0.9678,-1.7012,9.809,0.0215,0.0559,9.8065,0.0969,0.0749,-0.0892,-5.5,-37.19,-13.12,191.36,-83.61,173.59
52.397,-1.501072,154.09,7.87,2,2.66,18 / 20,5377309,2019-09-06 20:49:43:052,-0.0339,-0.4333,10.0093,-0.0282,-0.0409,9.8065,0.1325,0.048,-0.0561,-5.37,-37.5,-13.37,190.38,-83.88,172.2
52.397,-1.501072,154.09,7.87,2,2.66,18 / 20,5377410,2019-09-06 20:49:43:153,1.4662,0.2817,9.9235,-0.0354,-0.011,9.8065,-0.2319,-0.0451,-0.0465,-5.5,-37.69,-13.31,188.24,-83.67,169.62
52.397,-1.501072,154.09,7.87,2,2.66,18 / 20,5377510,2019-09-06 20:49:43:253,0.3254,0.2937,9.5944,-0.0064,0.0456,9.8065,-0.241,0.0954,-0.0611,-5.5,-38.37,-13.56,186.63,-83.62,168.82
52.397,-1.501072,154.09,7.87,2,2.66,18 / 20,5377609,2019-09-06 20:49:43:352,-0.5499,-2.2401,9.5538,0.0168,0.044,9.8065,0.1087,-0.0251,-0.0081,-5.06,-37.94,-14.25,185.72,-83.29,167.74
52.397,-1.501072,154.09,7.87,2,2.66,18 / 20,5377710,2019-09-06 20:49:43:453,-0.17,-0.896,8.8373,-0.0137,-0.05,9.8064,-0.0451,-0.1217,0.038,-6.69,-38.12,-14.56,189.95,-83.7,167.36
52.397,-1.501072,154.09,7.87,2,2.66,18 / 20,5377810,2019-09-06 20:49:43:553,-0.2716,-0.8902,9.8068,-0.0022,-0.0169,9.8066,0.1003,-0.046,0.0419,-6.19,-37.75,-13.37,190.38,-83.8,168.51
52.397,-1.501072,154.09,7.87,2,2.66,18 / 20,5377909,2019-09-06 20:49:43:652,-0.3433,-0.7695,9.9927,0.0039,-0.021,9.8065,0.0339,-0.053,-0.0064,-7.75,-37.62,-12.25,198.63,-84.01,169.89
52.397,-1.501072,154.09,7.87,2,2.66,18 / 20,5378010,2019-09-06 20:49:43:753,-0.3444,-1.458,9.8374,-0.0028,-0.0192,9.8066,0.0431,0.0121,0.0308,-6.19,-36.87,-10.62,194.63,-84.06,170.38
52.397,-1.501072,154.09,7.87,2,2.66,18 / 20,5378110,2019-09-06 20:49:43:853,-0.7158,-0.4294,10.3312,0.0149,-0.0118,9.8066,0.1644,0.0648,-0.0249,-5.37,-36.94,-10.12,193.37,-84.01,171.32
52.397,-1.501072,154.09,7.87,2,2.66,18 / 20,5378210,2019-09-06 20:49:43:953,-0.4073,-0.5662,9.4229,-0.0052,-0.0157,9.8066,-0.0425,0.0338,0.0116,-3.69,-37.06,-10.06,190.97,-83.98,173.04
52.397,-1.501072,154.09,7.87,2,2.66,18 / 20,5378309,2019-09-06 20:49:44:052,0.033,-1.2549,9.2536,0.0003,-0.0192,9.8066,-0.0643,-0.0194,0.0438,-2.87,-37.69,-10.87,187.35,-84,174.61
52.397,-1.501072,154.09,7.87,2,2.66,19 / 21,5378410,2019-09-06 20:49:44:153,1.6308,-0.8092,10.8717,0.0252,0.0691,9.8063,-0.1847,-0.0091,-0.0141,-2.56,-37.5,-11.94,187.56,-84.39,175.7
52.397,-1.501072,154.09,7.87,2,2.66,19 / 21,5378509,2019-09-06 20:49:44:252,-1.0727,-0.285,11.386,-0.0042,0.0505,9.8064,0.0639,0.096,-0.0637,-2.87,-38.5,-13.62,185.72,-84.36,175.08
52.397,-1.501072,154.09,7.87,2,2.66,19 / 21,5378610,2019-09-06 20:49:44:353,-0.9936,-1.4276,9.919,-0.0077,0.046,9.8065,-0.0596,-0.0327,-0.0503,-3.31,-38.25,-14,184.11,-84.36,173.06
52.397,-1.501072,154.09,7.87,2,2.66,19 / 21,5378710,2019-09-06 20:49:44:453,0.3294,-2.5937,8.7544,0.0047,0.0219,9.8066,0.0661,-0.0289,0.0327,-3.31,-38.44,-14.06,182.86,-84.18,171.51
52.397,-1.501072,154.09,7.87,2,2.66,19 / 21,5378809,2019-09-06 20:49:44:552,0.8181,1.4775,9.7078,0.0015,-0.0413,9.8065,0.0464,0.1463,0.0223,-4.25,-38.69,-12.87,187.17,-83.99,172.18
52.397,-1.501072,154.09,7.87,2,2.66,19 / 21,5378910,2019-09-06 20:49:44:653,0.1552,0.8656,10.9657,-0.0021,-0.0355,9.8065,0.1565,0.0707,-0.0674,-4.31,-38.31,-12.94,189.57,-84.17,175.12
52.397,-1.501072,154.09,7.87,2,2.66,19 / 21,5379010,2019-09-06 20:49:44:753,0.2419,-1.6872,11.2786,-0.0392,-0.035,9.8065,-0.0494,0.0072,-0.0683,-4.12,-38.5,-13.31,187.59,-84.48,172.49
52.397,-1.501072,154.09,7.87,2,2.66,19 / 21,5379109,2019-09-06 20:49:44:852,-0.3788,0.3788,10.4618,-0.0151,0.0009,9.8066,0.1418,-0.0569,0.0253,-3.37,-38.25,-12.87,180.73,-84.57,167.93
52.397,-1.501072,154.09,7.87,2,2.66,19 / 21,5379210,2019-09-06 20:49:44:953,-0.9457,-0.005,10.1462,0.0227,-0.0039,9.8066,0.0567,-0.0864,0.1133,-3.37,-38.5,-12.62,182.49,-84.26,170.19
52.397,-1.501072,154.09,7.87,2,2.66,19 / 21,5379309,2019-09-06 20:49:45:052,1.589,0.8024,9.3758,0.0203,0.0298,9.8066,0.0035,0.0289,-0.024,-4.06,-38.87,-13.12,188.23,-83.81,173.61
52.397,-1.501072,154.09,7.87,2,2.66,18 / 20,5379410,2019-09-06 20:49:45:153,-1.4283,-1.159,8.4515,-0.0034,-0.009,9.8066,0.0526,-0.0285,0.0041,-3.25,-38,-13.56,183.88,-84.06,172.83
52.397,-1.501072,154.09,7.87,2,2.66,18 / 20,5379509,2019-09-06 20:49:45:252,-1.3217,0.1333,10.3628,-0.0123,-0.0816,9.8063,0.0113,0.0665,-0.0279,-4,-38.25,-14.62,185.61,-84.92,171.88
52.397,-1.501072,154.09,7.87,2,2.66,18 / 20,5379610,2019-09-06 20:49:45:353,0.1019,-0.5654,10.9009,-0.0112,-0.0854,9.8062,-0.0818,-0.0183,0.0014,-4.44,-37.62,-14.87,185.33,-85.36,171.43
52.397,-1.501072,154.09,7.87,2,2.66,18 / 20,5379709,2019-09-06 20:49:45:452,-0.7192,-0.2041,10.3667,0.0123,0.0518,9.8064,-0.0056,0.0788,0.0538,-4.62,-38.37,-14.56,189.32,-85.47,172.62
52.397,-1.501072,154.09,7.87,2,2.66,18 / 20,5379810,2019-09-06 20:49:45:553,-0.2947,-1.9687,9.3812,0.0255,0.0621,9.8064,-0.0171,0.1169,-0.0874,-4.94,-38,-14.37,191.52,-84.98,174.39
52.397,-1.501072,154.09,7.87,2,2.66,18 / 20,5379910,2019-09-06 20:49:45:653,-0.3437,-0.68,10.4474,0.0086,0.0438,9.8065,0.0144,0.0665,-0.0172,-4.56,-38.37,-13.19,192.57,-84.45,174.77
52.397,-1.501072,154.09,7.87,2,2.66,18 / 20,5380010,2019-09-06 20:49:45:753,0.388,-0.2059,9.5256,0.0029,0.0266,9.8066,0.1295,0.0823,-0.032,-4.62,-38.69,-13.5,191.86,-84.16,174.12
52.397,-1.501072,154.09,7.87,2,2.66,18 / 20,5380110,2019-09-06 20:49:45:853,-1.4498,-0.4274,9.7072,0.0045,-0.035,9.8066,-0.0099,0.108,-0.0017,-4.37,-38.81,-13,189.83,-84.2,175.52
52.397,-1.501072,154.09,7.87,2,2.66,18 / 20,5380209,2019-09-06 20:49:45:952,1.4839,-2.4241,9.8378,0.0038,-0.0334,9.8066,0.0875,0.0824,-0.0573,-4.62,-38.5,-13.44,194.13,-84.2,176.88
52.397,-1.501072,154.09,7.87,2,2.66,18 / 20,5380309,2019-09-06 20:49:46:052,-1.3247,-1.9363,8.6283,-0.0305,-0.0875,9.8062,0.029,0.0468,-0.0325,-4.37,-39.06,-13.37,191.53,-84.06,177.77
52.397,-1.501072,154.09,7.87,2,2.66,19 / 21,5380410,2019-09-06 20:49:46:153,0.3441,0.4297,11.2203,0.0074,0.0388,9.8066,0.1683,0.0416,-0.005,-3.62,-39,-12.87,191.39,-84.63,177.27
52.397,-1.501072,154.09,7.87,2,2.66,19 / 21,5380510,2019-09-06 20:49:46:253,-0.5441,1.0532,10.4473,0.0217,0.0081,9.8065,0.2684,0.1168,0.0081,-4.06,-39.06,-13,192.32,-84.48,178.53
52.397,-1.501072,154.09,7.87,2,2.66,19 / 21,5380610,2019-09-06 20:49:46:353,0.7111,0.7024,10.3811,0.0043,-0.0207,9.8066,-0.2249,0.0194,-0.0746,-4.12,-38.25,-12.19,194.07,-84.45,179.63
52.397,-1.501072,154.09,7.87,2,2.66,19 / 21,5380709,2019-09-06 20:49:46:452,-0.1656,0.5791,9.3711,0.0107,0.1,9.8061,0.0648,0.0336,0,-3.5,-39.06,-12.5,189.53,-83.88,178.63
52.397,-1.501072,154.09,7.87,2,2.66,19 / 21,5380810,2019-09-06 20:49:46:553,0.1258,0.1159,9.243,0.0078,0.025,9.8066,-0.3869,0.0234,0.0058,-3.81,-38.37,-13.06,192.24,-84.1,178.56
52.397,-1.501072,154.09,7.87,2,2.66,19 / 21,5380910,2019-09-06 20:49:46:653,-1.1208,-0.1259,9.3364,0.005,0.0005,9.8066,-0.2236,-0.0685,0.0729,-3.62,-38.06,-12.56,192.79,-84.4,179.08
52.397,-1.501072,154.09,7.87,2,2.66,19 / 21,5381011,2019-09-06 20:49:46:754,-0.48,-1.9426,10.236,0.0068,0.0086,9.8066,0.0497,-0.1062,0.0551,-4.19,-38.25,-13.31,194.39,-84.61,-179.04
52.397,-1.501072,154.09,7.87,2,2.66,19 / 21,5381110,2019-09-06 20:49:46:853,-1.6074,-1.9321,9.7846,-0.0026,0.0059,9.8066,-0.0797,0.0884,-0.0879,-4.25,-38,-12.5,194.96,-84.78,-179.48
52.397,-1.501072,154.09,7.87,2,2.66,19 / 21,5381209,2019-09-06 20:49:46:952,-0.8354,-1.8406,9.5924,0.0047,0.041,9.8065,0.0969,-0.0825,0.028,-4.06,-37.81,-12.81,193.19,-84.62,179.45
52.397,-1.501072,154.09,7.87,2,2.66,19 / 21,5381309,2019-09-06 20:49:47:052,0.5611,-1.7989,9.3295,0.0115,0.0075,9.8066,-0.0258,-0.0681,0.0592,-4.31,-38.31,-12.56,194.91,-84.36,-178.22
52.397,-1.501072,154.09,7.87,2,2.66,19 / 21,5381410,2019-09-06 20:49:47:153,0.5144,-0.9532,10.0008,0.0115,0.0183,9.8065,0.0856,-0.0114,-0.0253,-4.94,-37.5,-11.94,199.51,-84.24,-177.72
52.397,-1.501072,154.09,7.87,2,2.66,19 / 21,5381509,2019-09-06 20:49:47:252,-0.3413,-1.0519,9.9903,-0.0034,-0.016,9.8066,0.0491,-0.0534,0.0435,-4.5,-38.06,-12,196.4,-84.28,-177.26
52.397,-1.501072,154.09,7.87,2,2.66,19 / 21,5381609,2019-09-06 20:49:47:352,0.4335,-2.0252,10.1849,-0.0026,-0.0044,9.8066,-0.0731,-0.0818,0.0364,-4.87,-38.25,-13.19,199.45,-84.49,-176.67
52.397,-1.501072,154.09,7.87,2,2.66,19 / 21,5381710,2019-09-06 20:49:47:453,-0.1351,-0.9312,9.7136,0.0083,0.0096,9.8066,-0.072,0.0533,-0.0407,-4.31,-38.19,-12.75,196.35,-84.57,-176.55
52.397,-1.501072,154.09,7.87,2,2.66,19 / 21,5381810,2019-09-06 20:49:47:553,-0.9075,-0.6752,9.1335,-0.0036,0.0257,9.8066,0.0924,-0.043,0.0183,-4.12,-37.5,-12.06,196.22,-84.56,-177.85
52.397,-1.501072,154.09,7.87,2,2.66,19 / 21,5381910,2019-09-06 20:49:47:653,0.0423,-0.8362,10.1932,0.0018,-0.0114,9.8066,0.0681,-0.0334,-0.0021,-4.62,-38.75,-12.87,198.92,-84.49,-177.19
52.397,-1.501072,154.09,7.87,2,2.66,19 / 21,5382010,2019-09-06 20:49:47:753,-0.1443,-1.0806,9.7542,-0.0009,0.0043,9.8066,0.0005,-0.0164,-0.0106,-4.12,-37.81,-12.31,196.42,-84.36,-177.3
52.397,-1.501072,154.09,7.87,2,2.66,19 / 21,5382110,2019-09-06 20:49:47:853,0.3969,-1.4345,9.6192,0.0026,-0.0181,9.8065,0.0582,-0.0034,-0.0193,-3.44,-38.06,-13.12,191.59,-84.23,-178.17
52.397,-1.501072,154.09,7.87,2,2.66,19 / 21,5382210,2019-09-06 20:49:47:953,-0.2787,-0.4513,9.8994,-0.0101,-0.0017,9.8066,0.0203,-0.0301,-0.0029,-4,-37.94,-12.56,194.3,-84.18,-178.86
52.397,-1.501072,154.09,7.87,2,2.66,19 / 21,5382311,2019-09-06 20:49:48:054,-0.2012,0.6219,9.8282,0.0057,0.0165,9.8066,0.0828,-0.037,-0.0299,-4.06,-38.37,-12.94,193.06,-84.16,179.57
52.397,-1.501072,154.09,7.87,2,2.66,19 / 21,5382410,2019-09-06 20:49:48:153,0.8937,-0.6228,10.4136,0.0085,0.0069,9.8066,-0.0484,0.0032,0.0248,-4,-38.75,-12.44,194.08,-84.21,179.92
52.397,-1.501072,154.09,7.87,2,2.66,19 / 21,5382509,2019-09-06 20:49:48:252,-1.6994,-0.0177,12.5239,0.0065,0.0188,9.8066,0.1623,0.0128,0.0157,-4.06,-37.94,-12.19,194.69,-84.23,-179.42
52.397,-1.501072,154.09,7.87,2,2.66,19 / 21,5382610,2019-09-06 20:49:48:353,0.4537,0.2267,11.551,0.0237,-0.0033,9.8065,0.0733,-0.1915,0.0124,-4.44,-38,-12.25,196.45,-83.77,-176.78
52.397,-1.501072,154.09,7.87,2,2.66,19 / 21,5382709,2019-09-06 20:49:48:452,0.4791,1.3202,8.9306,-0.0037,0.0886,9.8062,0.0513,0.0715,-0.1757,-4.19,-38.06,-12.19,191.64,-82.85,177.45
52.397,-1.501072,154.09,7.87,2,2.66,19 / 21,5382809,2019-09-06 20:49:48:552,-0.0992,0.341,8.0841,-0.0178,0.0519,9.8064,-0.0371,-0.0447,-0.0156,-3.69,-38.37,-11.94,189.78,-82.5,175.08
52.397,-1.501072,154.09,7.87,2,2.66,19 / 21,5382909,2019-09-06 20:49:48:652,-0.6296,0.0345,8.3176,-0.0106,0.0047,9.8066,-0.1926,-0.0196,-0.0315,-4.19,-38.5,-11.69,188.71,-82.3,173.7
52.397,-1.501072,154.09,7.87,2,2.66,19 / 21,5383009,2019-09-06 20:49:48:752,0.6343,0.5385,9.6494,0.0193,0.0008,9.8066,-0.1579,0.0425,0.1203,-5,-38.56,-11.56,192.16,-82.48,174.19
52.397,-1.501072,154.09,7.87,2,2.66,19 / 21,5383109,2019-09-06 20:49:48:852,0.0329,-0.088,9.0166,-0.0036,-0.1061,9.806,-0.2621,0.0298,-0.0337,-4.56,-38.37,-12.12,195.67,-83.44,178.12
52.397,-1.501072,154.09,7.87,2,2.66,19 / 21,5383210,2019-09-06 20:49:48:953,0.757,-2.6224,9.6344,0.0024,-0.0535,9.8065,0.157,0.08,0.0244,-5.44,-38.56,-13.62,197.85,-85.47,-178.22
52.397,-1.501072,154.09,7.87,2,2.66,19 / 21,5383309,2019-09-06 20:49:49:052,-0.6802,-1.7802,13.4119,-0.0378,-0.115,9.8059,0.3048,-0.049,-0.0929,-5.44,-37.62,-14.06,201.59,-86.67,-174.96
52.397,-1.501072,154.09,7.87,2,2.66,19 / 21,5383410,2019-09-06 20:49:49:153,-0.7353,-1.0592,13.4508,-0.0565,-0.126,9.8056,0.0716,-0.0173,0.0785,-4.56,-37.62,-14.12,198.68,-86.89,-178.46
52.397,-1.501072,154.09,7.87,2,2.66,19 / 21,5383510,2019-09-06 20:49:49:253,-0.6281,1.282,9.932,0.0535,0.1305,9.8056,0.2502,-0.0154,-0.0447,-4.94,-38.06,-14.06,197.76,-85.49,-178.42
52.397,-1.501072,154.09,7.87,2,2.66,19 / 21,5383610,2019-09-06 20:49:49:353,-0.4451,0.5536,7.4494,0.0295,0.0661,9.8063,-0.0071,-0.0111,0.1004,-5.19,-38.69,-13.12,199.02,-84.89,-177.42
52.397,-1.501072,154.09,7.87,2,2.66,19 / 21,5383710,2019-09-06 20:49:49:453,1.6541,2.8155,9.4007,0.056,0.1461,9.8053,-0.259,-0.0573,0.0777,-5.31,-38.37,-12.31,200.79,-83.87,-175.58
52.397,-1.501072,154.09,7.87,2,2.66,19 / 21,5383810,2019-09-06 20:49:49:553,0.2139,-0.1554,9.6417,0.0402,0.1302,9.8056,0.0474,-0.0395,-0.0354,-5,-39.31,-11.56,199.98,-82.46,-175.06
52.397,-1.501072,154.09,7.87,2,2.66,19 / 21,5383910,2019-09-06 20:49:49:653,0.2029,0.0377,10.2997,-0.0361,-0.0917,9.8061,-0.2268,-0.0246,-0.0009,-5.56,-38.81,-12.25,203.62,-83.31,-175.28
52.397,-1.501072,154.09,7.87,2,2.66,19 / 21,5384010,2019-09-06 20:49:49:753,-0.5989,-0.6345,9.9566,-0.0239,-0.0495,9.8064,0.0501,0.0044,-0.013,-5.06,-38,-12.81,199.55,-83.83,-175.96
52.397,-1.501072,154.09,7.87,2,2.66,19 / 21,5384110,2019-09-06 20:49:49:853,-0.0241,0.5392,9.8682,0.0052,-0.0101,9.8066,0.141,-0.0059,0.0289,-4.69,-37.94,-12.81,199.58,-84.11,-176.17
52.397,-1.501072,154.09,7.87,2,2.66,19 / 21,5384210,2019-09-06 20:49:49:953,1.0428,1.026,9.7026,0.0106,0.0087,9.8066,-0.0293,0.0605,-0.0175,-5.62,-37.75,-12.25,204.58,-83.89,-174.9
52.397,-1.501072,154.09,7.87,2,2.66,19 / 21,5384310,2019-09-06 20:49:50:053,-0.5221,1.3832,10.3723,0.0143,0.0412,9.8065,-0.0018,0.024,-0.0265,-5.12,-37.75,-11.87,200.69,-83.16,-174.98
52.397,-1.501072,154.09,7.87,2,2.66,19 / 21,5384409,2019-09-06 20:49:50:152,0.6565,0.4917,9.7112,0.0055,0.0481,9.8065,0.1508,-0.0169,0.067,-5.37,-38.31,-11.37,200.92,-82.77,-175.55
52.397,-1.501072,154.09,7.87,2,2.66,19 / 21,5384510,2019-09-06 20:49:50:253,-1.6002,0.2698,8.055,-0.005,-0.0308,9.8065,-0.1233,0.0426,-0.073,-6.25,-37.56,-10.94,204.15,-82.61,-175.44
52.397,-1.501072,154.09,7.87,2,2.66,19 / 21,5384610,2019-09-06 20:49:50:353,-0.1354,1.7102,8.7107,0.019,0.0043,9.8066,0.3623,-0.0289,0.0883,-6.31,-37.12,-9.75,205.87,-82.42,-174.75
52.397,-1.501072,154.09,7.87,2,2.66,19 / 21,5384709,2019-09-06 20:49:50:452,1.1675,2.7184,10.3322,-0.0402,-0.1163,9.8058,0.1816,0.0132,0.0586,-6.44,-36.44,-9.81,206.59,-82.28,-173.86
52.397,-1.501072,154.09,7.87,2,2.66,19 / 21,5384809,2019-09-06 20:49:50:552,0.969,0.3829,10.4734,-0.0173,-0.0686,9.8063,0.0321,0.0168,-0.0732,-5.44,-35.44,-8.5,207.84,-83.15,-172.39
52.397,-1.501072,154.09,7.87,2,2.66,19 / 21,5384909,2019-09-06 20:49:50:652,-0.736,0.9996,9.7147,-0.0139,-0.0301,9.8065,0.281,-0.1041,0.0782,-3.81,-34.75,-8.5,203.78,-83.6,-172.77
52.397,-1.501072,154.09,7.87,2,2.66,19 / 21,5385010,2019-09-06 20:49:50:753,-1.2197,3.5393,9.687,-0.0058,-0.0614,9.8064,-0.2715,-0.0885,0.0265,-2.56,-35.12,-9.56,198.24,-83.57,-171.81
52.397,-1.501072,154.09,7.87,2,2.66,19 / 21,5385110,2019-09-06 20:49:50:853,0.8135,1.7641,10.1321,-0.0061,0.0976,9.8061,-0.153,-0.0621,0.015,-1,-35.37,-10.94,190.65,-83.59,-170.86
52.397,-1.501072,154.09,7.87,2,2.66,19 / 21,5385210,2019-09-06 20:49:50:953,-1.1883,0.7535,10.0819,-0.0031,0.0659,9.8063,-0.0025,-0.0636,0.0719,-1.81,-36,-13,192.48,-83.1,-172.27
52.397,-1.501072,154.09,7.87,2,2.66,19 / 21,5385309,2019-09-06 20:49:51:052,0.1911,0.7956,9.3536,-0.0008,-0.0027,9.8066,-0.1315,-0.0814,-0.0587,-3.06,-36.75,-13.5,195.84,-83.17,-172.09
52.397568,-1.501008,154.52,7.39,2,5.49,18 / 20,5385410,2019-09-06 20:49:51:153,-0.7545,1.1203,9.7744,0.0065,0.0214,9.8065,-0.0371,-0.0774,0.0515,-3.81,-37.12,-13.12,199.5,-83.24,-171.59
52.397568,-1.501008,154.52,7.39,2,5.49,18 / 20,5385510,2019-09-06 20:49:51:253,-0.4739,1.6671,10.7944,-0.0074,-0.0012,9.8066,0.0265,0.0876,-0.0839,-5.31,-38.31,-12.81,201.41,-83.26,-173.04
52.397568,-1.501008,154.52,7.39,2,5.49,18 / 20,5385610,2019-09-06 20:49:51:353,0.1932,0.2085,9.5406,-0.0159,-0.0048,9.8065,0.079,-0.0856,-0.0391,-4.44,-38.62,-12.25,197.65,-83.26,-174.6
52.397568,-1.501008,154.52,7.39,2,5.49,18 / 20,5385709,2019-09-06 20:49:51:452,1.7892,-0.6358,9.9399,-0.0116,-0.0002,9.8066,-0.0206,0.0246,-0.0886,-4.69,-38.75,-12.06,200.34,-83.2,-175.3
52.397568,-1.501008,154.52,7.39,2,5.49,18 / 20,5385810,2019-09-06 20:49:51:553,0.7234,1.0082,10.6845,-0.0417,-0.0358,9.8064,-0.075,-0.0645,-0.1188,-5.19,-38.5,-12.12,197.75,-83.45,-179.14
52.397568,-1.501008,154.52,7.39,2,5.49,18 / 20,5385910,2019-09-06 20:49:51:653,2.0215,1.5624,10.1828,-0.0347,-0.005,9.8065,0.1279,-0.1693,-0.004,-4.44,-39.12,-11.5,192.6,-83.49,177.26
52.397568,-1.501008,154.52,7.39,2,5.49,18 / 20,5386010,2019-09-06 20:49:51:753,-0.7019,0.2059,10.4288,-0.008,0.0312,9.8065,-0.0024,-0.1835,-0.0024,-4.5,-38.69,-11.94,190.32,-83.41,175.46
52.397568,-1.501008,154.52,7.39,2,5.49,18 / 20,5386109,2019-09-06 20:49:51:852,0.503,-1.3571,9.5806,-0.0024,0.0379,9.8065,-0.0605,-0.0725,-0.0613,-4.56,-39.37,-11.31,192.35,-82.99,172.65
52.397568,-1.501008,154.52,7.39,2,5.49,18 / 20,5386209,2019-09-06 20:49:51:952,1.0831,0.4993,8.794,-0.0122,0.0671,9.8064,0.1847,-0.059,-0.0294,-4.56,-38.87,-10.81,190.5,-82.55,170.34
52.397568,-1.501008,154.52,7.39,2,5.49,18 / 20,5386310,2019-09-06 20:49:52:053,-0.1167,-0.4279,9.258,-0.0169,-0.0516,9.8064,0.0945,-0.0534,-0.0652,-4.06,-39.5,-11.06,185.91,-82.28,168.51
52.397568,-1.501008,154.52,7.39,2,5.49,19 / 21,5386409,2019-09-06 20:49:52:152,1.0736,1.2735,10.3374,-0.0385,-0.0491,9.8064,0.0221,-0.1169,-0.0698,-4.75,-39.56,-10.56,187.66,-82.59,166.42
52.397568,-1.501008,154.52,7.39,2,5.49,19 / 21,5386510,2019-09-06 20:49:52:253,0.9221,-0.1361,9.4546,-0.0457,-0.0142,9.8064,0.0989,-0.1357,-0.0114,-4.69,-39.44,-10.62,185,-82.79,162.53
52.397568,-1.501008,154.52,7.39,2,5.49,19 / 21,5386609,2019-09-06 20:49:52:352,2.1196,1.1675,9.7089,-0.0222,-0.0152,9.8066,-0.1347,-0.0875,-0.0959,-4.31,-39.56,-10.44,181.51,-82.87,160.39
52.397568,-1.501008,154.52,7.39,2,5.49,19 / 21,5386710,2019-09-06 20:49:52:453,0.8229,0.1585,9.4931,-0.0151,-0.0005,9.8066,-0.0412,-0.0741,0.0387,-4.62,-39.31,-11.31,182.26,-82.83,158.71
52.397568,-1.501008,154.52,7.39,2,5.49,19 / 21,5386809,2019-09-06 20:49:52:552,1.9289,-0.631,9.6826,0.0021,0.0018,9.8066,0.0065,-0.0996,-0.0665,-4.62,-39.44,-10.69,181.89,-82.9,158.19
52.397568,-1.501008,154.52,7.39,2,5.49,19 / 21,5386910,2019-09-06 20:49:52:653,1.0833,-0.1112,9.4633,-0.0257,-0.0229,9.8066,-0.0247,-0.1003,0.0277,-5.06,-39.19,-11.62,179.98,-82.99,157.35
52.397568,-1.501008,154.52,7.39,2,5.49,19 / 21,5387009,2019-09-06 20:49:52:752,0.5183,-0.5171,9.0533,0.0038,-0.0209,9.8065,-0.0968,-0.1609,0.0559,-4.87,-39,-10.5,181.67,-83.28,155.78
52.397568,-1.501008,154.52,7.39,2,5.49,19 / 21,5387110,2019-09-06 20:49:52:853,1.6787,0.1318,9.7718,-0.0005,-0.0327,9.8066,0.0511,-0.1603,0.0558,-5.31,-39.75,-11.56,179.82,-83.61,157.14
52.397568,-1.501008,154.52,7.39,2,5.49,19 / 21,5387209,2019-09-06 20:49:52:952,0.9493,-0.8084,9.4237,-0.0046,-0.0309,9.8065,-0.0801,-0.1252,0.0533,-5.62,-39.44,-11.31,184.61,-83.83,157.51
52.397568,-1.501008,154.52,7.39,2,5.49,19 / 21,5387310,2019-09-06 20:49:53:053,0.6432,-2.2879,9.7671,0.0083,-0.0224,9.8066,-0.0243,-0.1533,0.0646,-6.56,-39.19,-11.94,187.12,-84.22,158.84
52.397568,-1.501008,154.52,7.39,2,5.49,18 / 20,5387409,2019-09-06 20:49:53:152,-0.817,-2.9219,10.0762,-0.0015,-0.03,9.8065,-0.0315,-0.1984,0.1024,-6.94,-38.94,-11.87,187.73,-84.55,159.5
52.397568,-1.501008,154.52,7.39,2,5.49,18 / 20,5387510,2019-09-06 20:49:53:253,-0.3038,-3.6711,10.1278,0.0154,-0.0146,9.8066,-0.0024,-0.1412,-0.001,-7,-39.69,-12.06,188.88,-84.81,160.89
52.397568,-1.501008,154.52,7.39,2,5.49,18 / 20,5387610,2019-09-06 20:49:53:353,-0.4664,-2.4751,9.4711,0.006,-0.0026,9.8066,0.0459,-0.1037,0.1111,-7.75,-38.62,-12.37,193.71,-84.88,163.25
52.397568,-1.501008,154.52,7.39,2,5.49,18 / 20,5387709,2019-09-06 20:49:53:452,-1.0868,-2.9552,8.9591,0.0334,-0.0095,9.8066,-0.0673,-0.1259,0.0852,-7.87,-38.94,-10.69,198.64,-84.99,167.14
52.397568,-1.501008,154.52,7.39,2,5.49,18 / 20,5387810,2019-09-06 20:49:53:553,-0.5975,-3.7991,10.5453,0.0426,-0.0073,9.8065,-0.082,-0.124,0.0605,-8.12,-39.12,-12,201.4,-85.1,172.47
52.397568,-1.501008,154.52,7.39,2,5.49,18 / 20,5387910,2019-09-06 20:49:53:653,-0.3495,-3.966,10.8593,-0.0196,0.0069,9.8066,0.1151,-0.1057,-0.0342,-8.5,-38.69,-11.56,202.1,-85.27,173.15
52.397568,-1.501008,154.52,7.39,2,5.49,18 / 20,5388010,2019-09-06 20:49:53:753,-1.4419,-2.3909,10.4546,0.0109,0.0391,9.8065,0.0073,-0.1308,-0.048,-9.19,-38.62,-11.25,203.89,-85.17,169.9
52.397568,-1.501008,154.52,7.39,2,5.49,18 / 20,5388109,2019-09-06 20:49:53:852,-0.8486,-0.85,9.4301,0.0283,0.0354,9.8065,0.0268,-0.1611,0.1148,-8.5,-38.56,-11.25,200.4,-84.97,169.33
52.397568,-1.501008,154.52,7.39,2,5.49,18 / 20,5388210,2019-09-06 20:49:53:953,-0.328,-2.2875,9.2105,0.0518,0.0147,9.8064,0.0275,-0.1888,0.077,-9.81,-38.5,-10.81,209.65,-84.54,174.19
52.397568,-1.501008,154.52,7.39,2,5.49,18 / 20,5388310,2019-09-06 20:49:54:053,1.025,-1.4164,10.5148,-0.0187,-0.0208,9.8066,-0.0005,-0.0856,-0.0126,-9.56,-39,-10.62,212.7,-84.67,177.88
52.397568,-1.501008,154.52,7.39,2,5.49,19 / 20,5388409,2019-09-06 20:49:54:152,-0.0982,-0.866,10.3863,-0.0233,-0.0003,9.8066,-0.0024,-0.0858,-0.0623,-9.94,-38.81,-10.62,210.79,-84.74,175.48
52.397568,-1.501008,154.52,7.39,2,5.49,19 / 20,5388509,2019-09-06 20:49:54:252,-0.5463,0.0906,9.9594,-0.0128,0.0051,9.8066,-0.0115,-0.0563,0.0031,-9.69,-39.06,-10.37,210.16,-84.8,172.28
52.397568,-1.501008,154.52,7.39,2,5.49,19 / 20,5388609,2019-09-06 20:49:54:352,-0.7385,-0.1162,9.4414,0.01,0.0063,9.8066,0.0487,-0.0592,0.0204,-9.19,-38.87,-10.19,207.39,-84.75,172.31
52.397568,-1.501008,154.52,7.39,2,5.49,19 / 20,5388709,2019-09-06 20:49:54:452,0.3965,-0.2609,9.6468,0.0214,0.0006,9.8065,0.0035,-0.0617,0.0398,-9.81,-38.75,-10.56,209.57,-84.6,174.19
52.397568,-1.501008,154.52,7.39,2,5.49,19 / 20,5388810,2019-09-06 20:49:54:553,0.5238,0.6454,9.6893,0.0203,0.0001,9.8066,0.0234,-0.012,0.0356,-10.37,-38.37,-9.87,213.9,-84.38,177.22
52.397568,-1.501008,154.52,7.39,2,5.49,19 / 20,5388910,2019-09-06 20:49:54:653,-0.0335,-0.1696,10.0567,0.0025,-0.0161,9.8066,0.015,-0.0306,0.0108,-10.31,-38.94,-9.62,214.97,-84.36,178.79
52.397568,-1.501008,154.52,7.39,2,5.49,19 / 20,5389010,2019-09-06 20:49:54:753,0.1281,-0.1402,10.1383,-0.0043,-0.0131,9.8066,0.0068,-0.0014,0.0115,-10.5,-38.69,-10.37,215.62,-84.35,179.6
52.397568,-1.501008,154.52,7.39,2,5.49,19 / 20,5389109,2019-09-06 20:49:54:852,-0.1719,0.3342,10.066,0.0086,-0.0069,9.8066,0.0658,-0.0103,0.0305,-10.5,-37.87,-9.87,216.53,-84.32,-179.49
52.397568,-1.501008,154.52,7.39,2,5.49,19 / 20,5389210,2019-09-06 20:49:54:953,0.0926,0.9464,9.7986,-0.0054,-0.018,9.8065,-0.0221,-0.0032,0.0103,-10.31,-38.44,-9.37,219.47,-84.34,-178.47
52.397568,-1.501008,154.52,7.39,2,5.49,19 / 20,5389310,2019-09-06 20:49:55:053,0.9448,0.8775,9.9593,0.0325,0.0197,9.8065,0.0036,-0.0555,0.0773,-10.25,-38.31,-9.56,218.38,-84.23,-177.09
52.397568,-1.501008,154.52,7.39,2,5.49,18 / 20,5389410,2019-09-06 20:49:55:153,0.2029,0.384,9.8722,0.0262,0.0019,9.8065,0.0585,-0.0099,0.0422,-10.94,-37.81,-9.56,223.32,-84,-173.98
52.397568,-1.501008,154.52,7.39,2,5.49,18 / 20,5389509,2019-09-06 20:49:55:252,-1.4997,-2.7354,9.1438,0.0108,-0.0137,9.8066,-0.1375,-0.0339,0.0818,-11.25,-38.81,-9.37,228.06,-84.05,-170.56
52.397568,-1.501008,154.52,7.39,2,5.49,18 / 20,5389610,2019-09-06 20:49:55:353,-2.3579,-3.3001,9.79,0.0215,-0.0098,9.8066,-0.0274,-0.0296,0.0224,-11.81,-38.37,-9.37,233.96,-84.29,-167.5
52.397568,-1.501008,154.52,7.39,2,5.49,18 / 20,5389709,2019-09-06 20:49:55:452,-2.8846,-4.0672,10.5854,-0.0114,-0.0394,9.8065,-0.0409,-0.0352,0.0432,-12,-38,-10.12,236.42,-84.82,-163.31
52.397568,-1.501008,154.52,7.39,2,5.49,18 / 20,5389810,2019-09-06 20:49:55:553,-2.4888,-3.0197,9.8056,-0.0061,-0.0215,9.8066,0.0297,-0.0364,0.0204,-11.62,-37.19,-9.81,237.99,-84.83,-161.85
52.397568,-1.501008,154.52,7.39,2,5.49,18 / 20,5389909,2019-09-06 20:49:55:652,-2.4174,-3.5423,9.6186,0.0135,-0.0054,9.8066,0.0237,-0.0253,0.0283,-11.44,-37.69,-9.25,237.9,-84.71,-160.84
52.397568,-1.501008,154.52,7.39,2,5.49,18 / 20,5390010,2019-09-06 20:49:55:753,-2.3333,-3.4931,9.9904,0.0171,-0.0005,9.8066,-0.0031,-0.0293,0.0342,-11.69,-38.06,-9.37,241.93,-84.57,-159.06
52.397568,-1.501008,154.52,7.39,2,5.49,18 / 20,5390109,2019-09-06 20:49:55:852,-3.1049,-3.9376,9.7722,0.0077,-0.0047,9.8066,-0.0067,-0.0331,0.0188,-12,-37.87,-9.37,243.2,-84.45,-157.37
52.397568,-1.501008,154.52,7.39,2,5.49,18 / 20,5390209,2019-09-06 20:49:55:952,-2.463,-3.5631,9.865,0.0082,-0.0064,9.8065,0.0348,-0.0166,0.0168,-12.37,-37.12,-9.81,242.4,-84.43,-156.09
52.397568,-1.501008,154.52,7.39,2,5.49,18 / 20,5390310,2019-09-06 20:49:56:053,-2.8816,-3.2212,9.9968,-0.0032,-0.0091,9.8066,0.0229,-0.0179,0.0226,-12.12,-37.81,-9.37,244.91,-84.43,-155.41
52.397568,-1.501008,154.52,7.39,2,5.49,19 / 20,5390409,2019-09-06 20:49:56:152,-2.3085,-2.96,10.0658,-0.0021,-0.0115,9.8065,0.0107,-0.0105,0.014,-12.37,-37.37,-9,245.82,-84.43,-154.74
52.397568,-1.501008,154.52,7.39,2,5.49,19 / 20,5390510,2019-09-06 20:49:56:253,-2.3701,-2.7362,9.9199,0.0105,0.0047,9.8066,-0.0089,-0.0226,-0.0068,-12.31,-37.12,-9.62,244.21,-84.44,-154.12
52.397568,-1.501008,154.52,7.39,2,5.49,19 / 20,5390609,2019-09-06 20:49:56:352,-1.8079,-2.5652,9.9851,0.0097,0.0045,9.8066,-0.0144,0.0029,0.0057,-12.25,-38.12,-9.06,246.3,-84.34,-153.65
52.397568,-1.501008,154.52,7.39,2,5.49,19 / 20,5390710,2019-09-06 20:49:56:453,-1.7766,-2.1391,9.8803,0.0028,-0.0018,9.8066,-0.0227,-0.0038,0.0114,-12.75,-38.37,-9.62,247.54,-84.32,-152.71
52.397568,-1.501008,154.52,7.39,2,5.49,19 / 20,5390810,2019-09-06 20:49:56:553,-1.6751,-2.0574,9.8804,0.0095,0.0051,9.8066,0.0663,-0.0042,0.0018,-12.81,-38.19,-9.56,247.48,-84.25,-152.62
52.397568,-1.501008,154.52,7.39,2,5.49,19 / 20,5390909,2019-09-06 20:49:56:652,-1.5502,-1.8268,9.8221,-0.0054,-0.012,9.8065,0.0147,-0.0136,0.0049,-12.31,-38.31,-9.56,245.57,-84.26,-151.89
52.397568,-1.501008,154.52,7.39,2,5.49,19 / 20,5391009,2019-09-06 20:49:56:752,-1.2289,-1.3808,9.9471,-0.0034,-0.0075,9.8066,0.0294,-0.0017,0.001,-12.25,-37.94,-9.75,245.75,-84.25,-151.65
52.397568,-1.501008,154.52,7.39,2,5.49,19 / 20,5391110,2019-09-06 20:49:56:853,-1.1241,-1.3164,9.9363,0.0016,-0.0045,9.8066,0.0286,-0.005,0.016,-12.44,-37.81,-9.56,245.97,-84.24,-151.4
52.397568,-1.501008,154.52,7.39,2,5.49,19 / 20,5391209,2019-09-06 20:49:56:952,-0.9845,-1.2383,9.8921,0.002,-0.0071,9.8065,0.0309,-0.0109,0.0128,-12.75,-38.12,-10,249.34,-84.21,-150.51
52.397568,-1.501008,154.52,7.39,2,5.49,19 / 20,5391310,2019-09-06 20:49:57:053,-0.6941,-0.6355,10.0714,0.001,-0.0016,9.8066,-0.0173,-0.0021,0.0023,-12.69,-37.69,-9.37,251.95,-84.18,-149.99
52.397568,-1.501008,154.52,7.39,2,5.49,19 / 21,5391409,2019-09-06 20:49:57:152,0.0409,0.3945,10.1044,-0.0011,-0.003,9.8066,0.0181,-0.0112,-0.0032,-12.19,-38.25,-9.87,247.47,-84.22,-149.69
52.397568,-1.501008,154.52,7.39,2,5.49,19 / 21,5391510,2019-09-06 20:49:57:253,0.1812,0.4392,9.8761,0.0029,0.0037,9.8066,0.0205,0.0003,-0.0074,-12.62,-38.06,-9.56,250.08,-84.18,-149.62
52.397568,-1.501008,154.52,7.39,2,5.49,19 / 21,5391609,2019-09-06 20:49:57:352,-0.0568,0.0766,9.4752,0.0019,0.004,9.8066,-0.001,-0.0042,0.0028,-12.56,-38.12,-9.56,249.69,-84.15,-149.98
52.397568,-1.501008,154.52,7.39,2,5.49,19 / 21,5391709,2019-09-06 20:49:57:452,-0.2228,0.0831,9.8073,-0.001,-0.0023,9.8066,-0.004,-0.0018,-0.0036,-12.37,-37.87,-9.56,247.17,-84.16,-149.89
52.397568,-1.501008,154.52,7.39,2,5.49,19 / 21,5391810,2019-09-06 20:49:57:553,-0.2746,0.0522,10.0167,-0.0012,-0.0024,9.8066,0.0068,-0.0022,0.0037,-12.44,-37.56,-9.19,249.54,-84.19,-149.72
52.397568,-1.501008,154.52,7.39,2,5.49,19 / 21,5391909,2019-09-06 20:49:57:652,-0.2573,-0.1204,9.9782,0.0011,-0.006,9.8066,-0.0037,-0.0106,-0.009,-13.12,-38.12,-9.5,252.76,-84.25,-149.28
52.397568,-1.501008,154.52,7.39,2,5.49,19 / 21,5392010,2019-09-06 20:49:57:753,-0.0886,0.1787,9.6933,-0.0017,-0.0032,9.8066,0.0014,0.0186,0.0113,-13.31,-38.44,-9.37,253.51,-84.3,-148.57
52.397568,-1.501008,154.52,7.39,2,5.49,19 / 21,5392109,2019-09-06 20:49:57:852,-0.0601,0.1673,9.8229,-0.0001,-0.004,9.8066,-0.0006,0.0039,-0.0025,-12.56,-37.87,-9.62,251.97,-84.34,-147.94
52.397568,-1.501008,154.52,7.39,2,5.49,19 / 21,5392210,2019-09-06 20:49:57:953,-0.1905,0.1207,9.8234,0.0012,-0.0025,9.8066,-0.0057,-0.0152,0.0023,-12.75,-38.44,-10.25,252.43,-84.36,-147.48
52.397568,-1.501008,154.52,7.39,2,5.49,19 / 21,5392312,2019-09-06 20:49:58:055,-0.0769,0.1993,9.8731,-0.0042,-0.006,9.8066,0.0136,-0.0047,0.0126,-13,-37.31,-9.12,255.72,-84.43,-146.86
52.397568,-1.501008,154.52,7.39,2,5.49,19 / 21,5392409,2019-09-06 20:49:58:152,-0.0856,0.1582,9.7993,0.0005,-0.0045,9.8066,-0.0006,-0.0009,-0.0011,-13,-38.37,-9.87,253.73,-84.45,-146.29
52.397568,-1.501008,154.52,7.39,2,5.49,19 / 21,5392510,2019-09-06 20:49:58:253,0.0046,0.2757,9.806,-0.0021,-0.0041,9.8065,0.0111,0.0076,0.0098,-13.12,-38.5,-9.06,256.3,-84.47,-146.01
52.397568,-1.501008,154.52,7.39,2,5.49,19 / 21,5392609,2019-09-06 20:49:58:352,-0.1182,0.2306,9.8677,-0.0013,-0.0046,9.8066,-0.0249,-0.0041,-0.0027,-12.94,-38.81,-9.75,254.48,-84.52,-145.32
52.397568,-1.501008,154.52,7.39,2,5.49,19 / 21,5392710,2019-09-06 20:49:58:453,-0.0914,0.1808,9.8446,-0.0021,-0.0056,9.8066,0.0042,-0.0008,0.003,-12.69,-38.5,-9.94,255.73,-84.57,-144.45
52.397568,-1.501008,154.52,7.39,2,5.49,19 / 21,5392810,2019-09-06 20:49:58:553,-0.0062,0.2728,9.7894,-0.0009,-0.0053,9.8066,-0.0114,-0.02,-0.0035,-12.75,-38,-9.31,258.69,-84.61,-143.81
52.397568,-1.501008,154.52,7.39,2,5.49,19 / 21,5392910,2019-09-06 20:49:58:653,-0.0649,0.2876,9.828,-0.0018,-0.0056,9.8066,0.0012,-0.0057,0.0061,-12.75,-38.31,-9.5,259.77,-84.66,-142.81
52.397568,-1.501008,154.52,7.39,2,5.49,19 / 21,5393010,2019-09-06 20:49:58:753,-0.1518,0.1348,9.8919,-0.0004,-0.0055,9.8066,0.0172,0.0013,-0.0002,-12.37,-38.06,-10.25,255.63,-84.7,-142
52.397568,-1.501008,154.52,7.39,2,5.49,19 / 21,5393110,2019-09-06 20:49:58:853,-0.0422,0.2148,9.7989,-0.006,-0.0073,9.8066,0.025,0.0035,0.0082,-12.87,-37.81,-9.5,261.44,-84.74,-141.26
52.397568,-1.501008,154.52,7.39,2,5.49,19 / 21,5393210,2019-09-06 20:49:58:953,0.0152,0.3755,9.7699,-0.0009,-0.0066,9.8066,-0.014,0.0106,0.0042,-12.87,-38.31,-9.62,260.38,-84.81,-140.11
52.397568,-1.501008,154.52,7.39,2,5.49,19 / 21,5393310,2019-09-06 20:49:59:053,-0.1488,0.245,9.9251,-0.0027,-0.0065,9.8066,-0.0047,0.008,0.0064,-12.94,-38.31,-9.69,261.58,-84.88,-139.03
52.397568,-1.501008,154.52,7.39,2,5.49,19 / 20,5393409,2019-09-06 20:49:59:152,-0.1447,0.1002,9.8962,-0.0025,-0.0055,9.8066,-0.0029,0.0039,0.0058,-12.44,-38.31,-9.56,259.5,-84.9,-138.42
52.397568,-1.501008,154.52,7.39,2,5.49,19 / 20,5393510,2019-09-06 20:49:59:253,-0.0198,0.2257,9.73,-0.0013,-0.0017,9.8066,-0.0035,-0.0077,0.005,-12.87,-37.75,-9.37,265.51,-84.96,-137.6
52.397568,-1.501008,154.52,7.39,2,5.49,19 / 20,5393609,2019-09-06 20:49:59:352,-0.0693,0.3639,9.8567,-0.0007,-0.0037,9.8066,0.0097,-0.0125,0.0001,-12.94,-38.37,-9.75,263.95,-84.98,-136.83
52.397568,-1.501008,154.52,7.39,2,5.49,19 / 20,5393710,2019-09-06 20:49:59:453,-0.1368,0.1744,9.9729,-0.003,-0.006,9.8066,0.0068,-0.0218,0.0002,-13.06,-38.31,-10.31,264.94,-85.03,-135.92
52.397568,-1.501008,154.52,7.39,2,5.49,19 / 20,5393810,2019-09-06 20:49:59:553,-0.0892,0.173,9.8591,-0.004,-0.0068,9.8066,0.0065,-0.0054,-0.004,-12.31,-38.75,-9.62,263.11,-85.07,-134.78
52.397568,-1.501008,154.52,7.39,2,5.49,19 / 20,5393910,2019-09-06 20:49:59:653,-0.0599,0.2394,9.8385,-0.001,-0.0026,9.8066,-0.0097,-0.0111,0.0018,-12.62,-37.87,-9.69,267.26,-85.12,-133.78
52.397568,-1.501008,154.52,7.39,2,5.49,19 / 20,5394010,2019-09-06 20:49:59:753,-0.067,0.3929,9.8978,-0.0007,0.0002,9.8066,0.0122,0.0064,-0.0014,-12.56,-38.06,-9.44,270.12,-85.14,-133.4
52.397568,-1.501008,154.52,7.39,2,5.49,19 / 20,5394110,2019-09-06 20:49:59:853,-0.0487,0.2076,9.9446,-0.002,-0.0042,9.8066,-0.0057,0.0041,0.0104,-12.62,-37.75,-9.69,268.82,-85.19,-132.39
52.397568,-1.501008,154.52,7.39,2,5.49,19 / 20,5394210,2019-09-06 20:49:59:953,-0.0397,0.2533,9.7963,-0.0024,-0.0053,9.8066,0.0051,-0.0024,-0.0002,-12.87,-38.06,-9.69,269.66,-85.23,-131.62
52.397568,-1.501008,154.52,7.39,2,5.49,19 / 20,5394310,2019-09-06 20:50:00:053,-0.1219,0.3171,9.9504,-0.0046,-0.0083,9.8066,-0.0067,-0.0009,0.0053,-12.56,-38.75,-9.75,269.96,-85.26,-131.09
52.397846,-1.500864,154.44,0,2,28.29,18 / 20,5394410,2019-09-06 20:50:00:153,0.0301,0.3921,9.793,-0.0062,-0.0079,9.8066,0.0141,-0.0076,0.0075,-12.81,-38,-9.56,271.76,-85.32,-129.74
52.397846,-1.500864,154.44,0,2,28.29,18 / 20,5394510,2019-09-06 20:50:00:253,0.0436,0.4497,9.8951,-0.007,-0.0096,9.8066,0.0068,0.0055,0.0021,-12.94,-37.87,-9.62,272.64,-85.36,-128.95
52.397846,-1.500864,154.44,0,2,28.29,18 / 20,5394610,2019-09-06 20:50:00:353,-0.1186,0.3023,9.957,-0.0028,-0.0034,9.8066,-0.0143,0.018,0.0039,-12.94,-38.81,-9.69,273.2,-85.39,-128.18
52.397846,-1.500864,154.44,0,2,28.29,18 / 20,5394709,2019-09-06 20:50:00:452,0.0477,0.4668,9.8174,-0.0037,-0.005,9.8066,-0.0004,-0.0013,0.0056,-12.44,-38.44,-9.06,273.98,-85.43,-127.47
52.397846,-1.500864,154.44,0,2,28.29,18 / 20,5394810,2019-09-06 20:50:00:553,0.1415,0.6144,9.8228,-0.0018,-0.0017,9.8066,-0.0183,0.0079,0.008,-12.87,-38.25,-9.87,274.95,-85.44,-126.86
52.397846,-1.500864,154.44,0,2,28.29,18 / 20,5394910,2019-09-06 20:50:00:653,-0.087,0.4987,9.9119,-0.0033,-0.0063,9.8066,-0.005,-0.016,-0.001,-12.5,-38.31,-10.06,273.18,-85.48,-125.93
52.397846,-1.500864,154.44,0,2,28.29,18 / 20,5395009,2019-09-06 20:50:00:752,0.06,0.4014,9.8395,-0.006,-0.0061,9.8066,0.0121,-0.0126,0.0013,-12.69,-38.31,-9.62,277.29,-85.53,-124.77
52.397846,-1.500864,154.44,0,2,28.29,18 / 20,5395109,2019-09-06 20:50:00:852,0.1086,0.6936,9.8357,-0.0042,-0.0051,9.8065,-0.0105,-0.016,-0.0032,-12.87,-38.62,-9.56,277.67,-85.55,-124.18
52.397846,-1.500864,154.44,0,2,28.29,18 / 20,5395210,2019-09-06 20:50:00:953,0.0425,0.3459,9.9103,-0.0011,-0.0018,9.8066,0.0084,-0.0096,-0.0017,-12.19,-37.62,-9.69,275.98,-85.58,-123.42
52.397846,-1.500864,154.44,0,2,28.29,18 / 20,5395309,2019-09-06 20:50:01:052,0.0424,0.4258,9.8138,0.0002,-0.0008,9.8066,-0.0008,-0.0046,-0.0042,-12.94,-38.81,-9.87,279.02,-85.6,-122.97
52.397846,-1.500864,154.44,0,2,28.29,17 / 20,5395410,2019-09-06 20:50:01:153,0.1785,0.6084,9.7665,-0.0016,-0.0014,9.8066,0.0219,-0.0019,0.0019,-12.37,-38.12,-9.87,277.21,-85.63,-122.34
52.397846,-1.500864,154.44,0,2,28.29,17 / 20,5395509,2019-09-06 20:50:01:252,0.1048,0.5301,9.9393,0.0001,-0.0003,9.8066,-0.0039,0.0123,-0.0001,-12.69,-38,-9.94,280.39,-85.65,-122.02
52.397846,-1.500864,154.44,0,2,28.29,17 / 20,5395610,2019-09-06 20:50:01:353,0.0204,0.4633,9.921,-0.001,-0.0019,9.8066,-0.0029,0.0101,0.0124,-12.5,-38.06,-10.12,278.59,-85.69,-121.13
52.397846,-1.500864,154.44,0,2,28.29,17 / 20,5395709,2019-09-06 20:50:01:452,0.0795,0.3872,9.8476,-0.0018,-0.0018,9.8066,0.0043,0.0162,0.0079,-12.69,-38.19,-9.75,281.69,-85.7,-120.88
52.397846,-1.500864,154.44,0,2,28.29,17 / 20,5395810,2019-09-06 20:50:01:553,0.1351,0.624,9.8482,-0.0009,-0.002,9.8066,0.0049,0.0027,0.0108,-12.81,-37.94,-9.87,282.35,-85.73,-120.32
52.397846,-1.500864,154.44,0,2,28.29,17 / 20,5395909,2019-09-06 20:50:01:652,0.159,0.5912,9.8747,-0.0028,-0.0019,9.8066,-0.0025,0.0026,0,-12.62,-38.25,-9.37,285.31,-85.74,-120.03
52.397846,-1.500864,154.44,0,2,28.29,17 / 20,5396010,2019-09-06 20:50:01:753,-0.0158,0.4437,9.8768,-0.004,-0.003,9.8066,0,-0.0027,0.0041,-12.37,-38.12,-10.5,280.29,-85.77,-119.68
52.397846,-1.500864,154.44,0,2,28.29,17 / 20,5396110,2019-09-06 20:50:01:853,0.2709,0.6284,9.7796,-0.0034,-0.0032,9.8066,0.0046,-0.0155,-0.0054,-13,-38.5,-9.94,283.73,-85.81,-119.18
52.397846,-1.500864,154.44,0,2,28.29,17 / 20,5396210,2019-09-06 20:50:01:953,0.1241,0.4456,9.8322,-0.0021,-0.0012,9.8066,-0.0131,-0.0195,-0.0035,-12.56,-37.81,-9.69,284.02,-85.83,-118.95
52.397846,-1.500864,154.44,0,2,28.29,17 / 20,5396310,2019-09-06 20:50:02:053,0.0795,0.5246,9.9598,0.0012,0.0045,9.8066,0.0215,-0.0057,0.0021,-13,-38.81,-9.06,286.44,-85.86,-118.96
52.397846,-1.500864,154.44,0,2,28.29,19 / 21,5396410,2019-09-06 20:50:02:153,0.0542,0.4879,9.8003,-0.0055,-0.0028,9.8066,0.0015,0.0005,-0.0013,-12.87,-38.25,-9.19,286.58,-85.87,-119.11
52.397846,-1.500864,154.44,0,2,28.29,19 / 21,5396509,2019-09-06 20:50:02:252,0.1508,0.4734,9.7322,-0.0058,-0.0029,9.8066,0.0118,0.0051,0.0134,-12.75,-38.31,-9.5,287.55,-85.93,-118.32
52.397846,-1.500864,154.44,0,2,28.29,19 / 21,5396610,2019-09-06 20:50:02:353,0.1213,0.6672,9.9291,-0.0008,-0.0005,9.8065,0.0002,0.0091,-0.0014,-12.81,-38.44,-9.44,287.49,-85.94,-118.4
52.397846,-1.500864,154.44,0,2,28.29,19 / 21,5396710,2019-09-06 20:50:02:453,0.1116,0.4476,9.8588,-0.0017,-0.0011,9.8066,-0.0066,0.001,0.009,-12.62,-38.19,-9.37,287.96,-85.97,-118.03
52.397846,-1.500864,154.44,0,2,28.29,19 / 21,5396809,2019-09-06 20:50:02:552,0.1254,0.4134,9.8159,0.0006,0.0023,9.8066,-0.0046,-0.0024,0.0046,-12.75,-38.62,-10.12,285.26,-85.99,-117.88
52.397846,-1.500864,154.44,0,2,28.29,19 / 21,5396910,2019-09-06 20:50:02:653,0.2269,0.7646,9.7208,0,0.0016,9.8066,-0.0088,-0.0165,0.0004,-12.81,-38,-9.56,285.76,-86.01,-117.68
52.397846,-1.500864,154.44,0,2,28.29,19 / 21,5397010,2019-09-06 20:50:02:753,0.075,0.5353,9.8732,-0.0025,-0.0025,9.8066,0.0091,-0.0153,-0.001,-12.37,-38.19,-10.06,283.3,-86.02,-117.39
52.397846,-1.500864,154.44,0,2,28.29,19 / 21,5397110,2019-09-06 20:50:02:853,0.1082,0.5527,9.8539,-0.0024,0.0012,9.8066,-0.0076,-0.0177,-0.0019,-12.62,-38.12,-9.87,286.45,-86.06,-117.13
52.397846,-1.500864,154.44,0,2,28.29,19 / 21,5397209,2019-09-06 20:50:02:952,0.1275,0.4847,9.7755,-0.0009,0.0002,9.8066,-0.0031,0.0053,-0.0003,-13.06,-38.62,-9.75,286.46,-86.07,-116.93
52.397846,-1.500864,154.44,0,2,28.29,19 / 21,5397310,2019-09-06 20:50:03:053,0.204,0.4491,9.8369,-0.002,-0.0012,9.8066,0.0117,0.0054,-0.011,-12.56,-38.31,-9.56,287.08,-86.1,-116.63
52.397846,-1.500864,154.44,0,2,28.29,17 / 19,5397409,2019-09-06 20:50:03:152,0.3039,0.5816,9.7587,-0.0039,0.0014,9.8066,0.0087,0.004,0.011,-12.25,-38.25,-9.31,287.05,-86.1,-116.55
52.397846,-1.500864,154.44,0,2,28.29,17 / 19,5397510,2019-09-06 20:50:03:253,0.269,0.4874,9.8864,0,-0.0001,9.8066,-0.0122,0.0127,-0.0073,-12.69,-38.12,-10.12,287.31,-86.14,-116.5
52.397846,-1.500864,154.44,0,2,28.29,17 / 19,5397609,2019-09-06 20:50:03:352,0.1783,0.528,9.794,-0.0028,-0.0015,9.8066,0.008,0.0003,0.0105,-12.94,-38.12,-9.69,287.6,-86.16,-116.28
52.397846,-1.500864,154.44,0,2,28.29,17 / 19,5397710,2019-09-06 20:50:03:453,0.3899,0.6113,9.6976,0.0007,0.0011,9.8066,-0.0282,0.0024,-0.0004,-12.81,-38.25,-9.37,290.29,-86.16,-116.27
52.397846,-1.500864,154.44,0,2,28.29,17 / 19,5397809,2019-09-06 20:50:03:552,0.352,0.6534,9.9331,0.0012,0.0031,9.8066,0.0072,-0.015,0.0089,-12.94,-38,-9.94,287.67,-86.17,-116.23
52.397846,-1.500864,154.44,0,2,28.29,17 / 19,5397909,2019-09-06 20:50:03:652,0.2289,0.539,9.8528,0.0034,0.0032,9.8066,0.0022,-0.0164,-0.0117,-12.81,-37.56,-10,287.61,-86.17,-116.29
52.397846,-1.500864,154.44,0,2,28.29,17 / 19,5398009,2019-09-06 20:50:03:752,0.2683,0.4863,9.7362,-0.0026,-0.0001,9.8066,0.0236,-0.0162,0.0061,-12.94,-38.12,-9.31,290.59,-86.21,-116.11
52.397846,-1.500864,154.44,0,2,28.29,17 / 19,5398110,2019-09-06 20:50:03:853,0.2918,0.6858,9.8282,-0.001,-0.0021,9.8066,0.0087,-0.0056,-0.0031,-12.75,-37.87,-9.56,287.97,-86.22,-116.06
52.397846,-1.500864,154.44,0,2,28.29,17 / 19,5398210,2019-09-06 20:50:03:953,0.1719,0.606,9.9203,0.0016,0.0054,9.8066,-0.0033,-0.0039,0.0007,-12.56,-37.94,-9.62,287.23,-86.22,-116.77
52.397846,-1.500864,154.44,0,2,28.29,17 / 19,5398309,2019-09-06 20:50:04:052,0.1197,0.3691,9.8793,0.0009,0.0011,9.8066,0.0149,0.0073,0.0023,-12.56,-38.25,-9.81,287.03,-86.22,-116.97
52.397846,-1.500864,154.44,0,2,28.29,19 / 21,5398409,2019-09-06 20:50:04:152,0.3258,0.6869,9.8027,-0.0012,0.0024,9.8066,0.0044,0.0099,-0.0024,-13.12,-38.06,-9.44,289.02,-86.23,-117.63
52.397846,-1.500864,154.44,0,2,28.29,19 / 21,5398510,2019-09-06 20:50:04:253,0.2768,0.4334,9.7785,0.0038,0.0059,9.8066,0.0279,0.0125,-0.0018,-12.69,-37.69,-9.87,285.05,-86.21,-118.83
52.397846,-1.500864,154.44,0,2,28.29,19 / 21,5398609,2019-09-06 20:50:04:352,0.3044,0.4472,9.7776,0.0034,0.006,9.8066,-0.0257,-0.0198,0.0075,-13.12,-38.19,-9.37,286.47,-86.2,-119.99
52.397846,-1.500864,154.44,0,2,28.29,19 / 21,5398710,2019-09-06 20:50:04:453,0.6591,1.1445,9.6874,-0.0038,-0.0045,9.8066,-0.0002,-0.0247,0.0069,-12.37,-37.87,-9.37,283.2,-86.2,-120.49
52.397846,-1.500864,154.44,0,2,28.29,19 / 21,5398810,2019-09-06 20:50:04:553,0.3664,0.7642,9.7464,0.0022,0.0044,9.8066,0.0058,-0.0089,-0.0055,-12.75,-38.37,-9.25,285.02,-86.18,-121.35
52.397846,-1.500864,154.44,0,2,28.29,19 / 21,5398909,2019-09-06 20:50:04:652,0.5116,1.0226,9.7192,0.0002,-0.0007,9.8066,0.0179,0.0074,0.0119,-12.5,-37.75,-9.94,278.69,-86.16,-122.21
52.397846,-1.500864,154.44,0,2,28.29,19 / 21,5399009,2019-09-06 20:50:04:752,0.44,0.9191,9.8173,-0.0007,0.0003,9.8066,0.029,-0.0148,-0.0027,-12.5,-37.75,-9.75,277.94,-86.14,-122.88
52.397846,-1.500864,154.44,0,2,28.29,19 / 21,5399110,2019-09-06 20:50:04:853,0.6326,1.0306,9.8831,0.0063,0.0045,9.8066,-0.0007,-0.0011,0.0124,-12.69,-37.62,-9.5,282.01,-86.08,-124
52.397846,-1.500864,154.44,0,2,28.29,19 / 21,5399209,2019-09-06 20:50:04:952,0.5013,0.8792,9.7202,0.0055,0.0057,9.8066,0.0113,0.0027,0.0036,-12.44,-37.37,-10.44,275.9,-86.03,-124.88
52.397846,-1.500864,154.44,0,2,28.29,19 / 21,5399310,2019-09-06 20:50:05:053,0.8774,1.2078,9.7532,0.0052,0.005,9.8066,-0.0231,-0.0002,0.0041,-12.25,-38.25,-9.25,277.2,-85.99,-125.78
52.397846,-1.500864,154.44,0,2,28.29,18 / 20,5399409,2019-09-06 20:50:05:152,0.7302,1.1315,9.7993,0.0072,0.0044,9.8065,0.0077,-0.013,0.0033,-13,-37.37,-9.37,279.56,-85.94,-126.29
52.397846,-1.500864,154.44,0,2,28.29,18 / 20,5399510,2019-09-06 20:50:05:253,0.9661,1.0196,9.7853,0.0055,0.0077,9.8065,-0.011,-0.0141,0.0135,-12.56,-37.87,-9.31,278.6,-85.9,-126.87
52.397846,-1.500864,154.44,0,2,28.29,18 / 20,5399609,2019-09-06 20:50:05:352,0.8071,1.093,9.7579,0.0087,0.0079,9.8066,0.0139,-0.0183,0.0117,-13.19,-37.75,-9.69,274.31,-85.82,-128.39
52.397846,-1.500864,154.44,0,2,28.29,18 / 20,5399710,2019-09-06 20:50:05:453,0.7247,1.1172,9.773,0.0066,0.0029,9.8066,0.0092,-0.0176,-0.0015,-12.69,-37.87,-9.81,273.54,-85.75,-128.99
52.397846,-1.500864,154.44,0,2,28.29,18 / 20,5399810,2019-09-06 20:50:05:553,1.0329,1.2828,9.7971,0.0052,0.0038,9.8066,0.0055,-0.0155,0.0073,-13.31,-37.5,-9.69,272.95,-85.69,-129.7
52.397846,-1.500864,154.44,0,2,28.29,18 / 20,5399910,2019-09-06 20:50:05:653,0.7135,0.9439,9.7513,0.0101,0.0069,9.8066,0.0129,-0.0161,0.0162,-13.06,-37.25,-9.44,274.69,-85.61,-130.29
52.397846,-1.500864,154.44,0,2,28.29,18 / 20,5400010,2019-09-06 20:50:05:753,1.7089,2.0655,9.7519,0.0059,0.001,9.8066,0.034,-0.0049,0.0025,-13.25,-37.87,-9.12,273.03,-85.48,-131.35
52.397846,-1.500864,154.44,0,2,28.29,18 / 20,5400109,2019-09-06 20:50:05:852,1.5156,1.8602,9.6529,-0.0029,-0.0054,9.8066,0.0352,-0.0212,0.0113,-12.75,-37.5,-9.06,272.77,-85.42,-131.73
52.397846,-1.500864,154.44,0,2,28.29,18 / 20,5400210,2019-09-06 20:50:05:953,1.568,1.9848,9.8294,0.0016,-0.0027,9.8066,0.0113,-0.0206,0.0083,-13,-37.25,-9.19,272,-85.34,-132.31
52.397846,-1.500864,154.44,0,2,28.29,18 / 20,5400310,2019-09-06 20:50:06:053,0.8274,1.0818,9.9327,0.0095,0.0062,9.8066,-0.0062,-0.0182,0.0047,-13.25,-37.37,-8.81,270.91,-85.2,-133.06
52.397846,-1.500864,154.44,0,2,28.29,19 / 21,5400409,2019-09-06 20:50:06:152,1.0796,1.3407,9.6582,0.0021,0.0022,9.8066,-0.0214,-0.0187,0.0094,-13,-37.37,-8.69,270.8,-85.19,-133.14
52.397846,-1.500864,154.44,0,2,28.29,19 / 21,5400510,2019-09-06 20:50:06:253,0.8474,0.9594,9.936,0.0062,0.0038,9.8066,-0.0112,-0.0291,0.0198,-12.87,-37.69,-8.5,273.35,-85.16,-132.88
52.397846,-1.500864,154.44,0,2,28.29,19 / 21,5400609,2019-09-06 20:50:06:352,0.7844,1.195,10.0809,-0.0041,-0.0082,9.8066,0.0004,-0.0453,0.007,-13.56,-38.31,-9.12,273.75,-85.15,-132.36
52.397846,-1.500864,154.44,0,2,28.29,19 / 21,5400709,2019-09-06 20:50:06:452,0.6484,0.8672,9.9942,0.0049,0.0066,9.8066,0.0256,-0.0295,-0.0053,-13.5,-38.12,-9.19,270.62,-85.11,-132.81
52.397846,-1.500864,154.44,0,2,28.29,19 / 21,5400809,2019-09-06 20:50:06:552,0.5201,0.7221,10.1404,-0.0088,-0.0053,9.8066,0.0136,-0.0209,0.0026,-13.06,-37.87,-9.31,270.29,-85.11,-133.16
52.397846,-1.500864,154.44,0,2,28.29,19 / 21,5400910,2019-09-06 20:50:06:653,0.6679,1.0903,9.6612,0.0095,0.0124,9.8066,-0.0422,-0.0225,-0.004,-13.81,-37.94,-9.25,270.92,-85.02,-134.87
52.397846,-1.500864,154.44,0,2,28.29,19 / 21,5401010,2019-09-06 20:50:06:753,0.6906,1.328,9.4978,0.0093,0.0034,9.8066,-0.0381,-0.0145,0.0429,-13.37,-37.62,-9.06,268.71,-85,-134.48
52.397846,-1.500864,154.44,0,2,28.29,19 / 21,5401110,2019-09-06 20:50:06:853,0.5894,0.8829,9.9531,0.0143,0.0032,9.8066,-0.039,-0.0323,0.0239,-13.5,-37.19,-8.94,270.12,-84.95,-133.27
52.397846,-1.500864,154.44,0,2,28.29,19 / 21,5401210,2019-09-06 20:50:06:953,0.4126,0.5816,10.0999,0.0122,-0.0003,9.8066,-0.0123,-0.0023,0.0478,-13.75,-37.25,-9,272.82,-84.79,-132.76
52.397846,-1.500864,154.44,0,2,28.29,19 / 21,5401310,2019-09-06 20:50:07:053,0.5716,0.4678,10.0846,0.0189,0.0041,9.8066,-0.0287,-0.0335,0.0212,-14.37,-38.06,-9,272.78,-84.61,-132.04
52.397846,-1.500864,154.44,0,2,28.29,19 / 21,5401409,2019-09-06 20:50:07:152,0.5267,0.6172,9.4708,0.0121,0.0113,9.8066,-0.0249,-0.0101,0.0072,-14.12,-37.87,-9.06,272.86,-84.56,-131.86
52.397846,-1.500864,154.44,0,2,28.29,19 / 21,5401510,2019-09-06 20:50:07:253,0.6351,0.7765,9.6035,-0.0009,0.0014,9.8065,0.0023,-0.0062,0.0118,-14.56,-37.94,-9.19,274.94,-84.59,-132.24
52.397846,-1.500864,154.44,0,2,28.29,19 / 21,5401610,2019-09-06 20:50:07:353,0.3968,0.9026,9.7158,0.0077,0.0067,9.8066,0.0186,-0.016,-0.0095,-14,-37.19,-9.94,269.88,-84.54,-132.72
52.397846,-1.500864,154.44,0,2,28.29,19 / 21,5401710,2019-09-06 20:50:07:453,0.3873,0.7335,9.8029,-0.0032,-0.0032,9.8066,-0.0206,0.0013,0.0205,-13.69,-37.62,-9,271.39,-84.5,-133.16
52.397846,-1.500864,154.44,0,2,28.29,19 / 21,5401810,2019-09-06 20:50:07:553,0.418,0.2384,9.7895,0.0025,-0.0018,9.8065,0.0287,0.0118,-0.0157,-14,-36.87,-9.12,271.88,-84.47,-132.95
52.397846,-1.500864,154.44,0,2,28.29,19 / 21,5401909,2019-09-06 20:50:07:652,0.1106,0.6954,9.5681,-0.0114,-0.0091,9.8066,0.0587,0.0104,0.0039,-14.06,-37.37,-8.94,272.75,-84.6,-132.38
52.397846,-1.500864,154.44,0,2,28.29,19 / 21,5402009,2019-09-06 20:50:07:752,0.6132,1.0353,9.9053,0.0245,0.0222,9.8065,-0.0025,0.0167,-0.0045,-14.37,-37.31,-8.44,275.02,-84.54,-132.59
52.397846,-1.500864,154.44,0,2,28.29,19 / 21,5402109,2019-09-06 20:50:07:852,0.8641,1.1735,9.8374,0.0175,0.0158,9.8066,0.0339,0.0037,0.0254,-14.06,-37.87,-9.06,269.61,-84.34,-134.56
52.397846,-1.500864,154.44,0,2,28.29,19 / 21,5402209,2019-09-06 20:50:07:952,0.9585,1.2533,10.0741,0.0147,0.0085,9.8066,-0.0315,-0.0033,0.0222,-13.75,-37.25,-9.62,267.13,-84.21,-134.77
52.397846,-1.500864,154.44,0,2,28.29,19 / 21,5402310,2019-09-06 20:50:08:053,0.5715,0.638,9.7635,-0.006,-0.0077,9.8066,-0.0275,-0.0011,0.001,-14.69,-37.25,-8.44,274.54,-84.18,-134.59
52.397846,-1.500864,154.44,0,2,28.29,18 / 20,5402409,2019-09-06 20:50:08:152,0.5475,0.7736,9.6813,-0.003,-0.005,9.8066,0.0075,0.0031,0.0063,-14.25,-36.87,-8.12,272.82,-84.19,-133.95
52.397846,-1.500864,154.44,0,2,28.29,18 / 20,5402510,2019-09-06 20:50:08:253,0.2854,0.9164,9.6586,-0.0006,-0.0009,9.8066,-0.008,0.0178,0.0159,-14.31,-38.12,-8.5,272.13,-84.15,-134.16
52.397846,-1.500864,154.44,0,2,28.29,18 / 20,5402609,2019-09-06 20:50:08:352,0.5498,0.6435,9.8445,0.0089,0.0032,9.8066,0.0132,-0.0016,-0.0024,-13.87,-38.37,-8.56,269.25,-84.08,-134.32
52.397846,-1.500864,154.44,0,2,28.29,18 / 20,5402710,2019-09-06 20:50:08:453,0.7486,0.827,9.8458,0.0028,0.0028,9.8066,-0.0035,0.0103,0.0062,-14.06,-37.94,-8.75,268.74,-84,-134.66
52.397846,-1.500864,154.44,0,2,28.29,18 / 20,5402810,2019-09-06 20:50:08:553,0.528,0.6935,9.85,-0.0031,-0.0041,9.8066,0.0121,0.0086,-0.0046,-13.94,-37.87,-8.69,268.53,-83.99,-134.85
52.397846,-1.500864,154.44,0,2,28.29,18 / 20,5402909,2019-09-06 20:50:08:652,0.7746,0.7113,10.0435,-0.0015,0.0042,9.8066,0.0108,-0.0157,0.0035,-14.06,-37.75,-8.81,268.13,-83.94,-135.13
52.397846,-1.500864,154.44,0,2,28.29,18 / 20,5403010,2019-09-06 20:50:08:753,-0.0525,0.6092,9.8092,-0.0028,0.0029,9.8066,-0.0047,-0.022,0.0036,-13.94,-37.31,-8.44,270.38,-83.97,-135.84
52.397846,-1.500864,154.44,0,2,28.29,18 / 20,5403110,2019-09-06 20:50:08:853,0.1916,0.2048,9.7865,0.0038,0.005,9.8066,-0.019,-0.0091,0.0095,-14,-37.94,-8.19,269.11,-83.88,-136.53
52.397846,-1.500864,154.44,0,2,28.29,18 / 20,5403209,2019-09-06 20:50:08:952,0.1237,0.4615,9.8891,0.0084,0.0112,9.8065,0.0308,0.0022,0.0159,-14,-38.37,-8.94,265.85,-83.83,-137.19
52.397846,-1.500864,154.44,0,2,28.29,18 / 20,5403309,2019-09-06 20:50:09:052,0.553,0.4979,10.0038,-0.0037,-0.0072,9.8066,0.0632,-0.0078,0.0055,-14.56,-37.81,-9.37,268.48,-83.84,-137
52.397926,-1.500788,154.36,3.49,2,30.05,19 / 21,5403409,2019-09-06 20:50:09:152,0.3017,0.5496,9.8032,-0.0043,0.0003,9.8066,0.0357,0.004,-0.0003,-14.75,-37.44,-9.06,268.12,-83.76,-137.56
52.397926,-1.500788,154.36,3.49,2,30.05,19 / 21,5403510,2019-09-06 20:50:09:253,-0.112,0.2869,9.8994,0.0114,0.0094,9.8066,0.0224,0.0159,0.0231,-14.06,-37.94,-8.44,266.73,-83.66,-138.39
52.397926,-1.500788,154.36,3.49,2,30.05,19 / 21,5403610,2019-09-06 20:50:09:353,0.4154,0.8039,9.6472,0.0024,0.0044,9.8066,0.013,0.0359,-0.0039,-13.75,-38.44,-8.69,263.63,-83.59,-138.91
52.397926,-1.500788,154.36,3.49,2,30.05,19 / 21,5403710,2019-09-06 20:50:09:453,0.0715,0.3786,9.9101,0.0091,0.0108,9.8066,0.0199,0.0107,-0.0095,-14,-38.12,-9.12,262.75,-83.52,-139.65
52.397926,-1.500788,154.36,3.49,2,30.05,19 / 21,5403810,2019-09-06 20:50:09:553,-0.2444,0.1801,9.7779,-0.0056,0,9.8066,0.0075,0.0285,-0.0002,-14.5,-37.81,-9.12,262.21,-83.47,-140.09
52.397926,-1.500788,154.36,3.49,2,30.05,19 / 21,5403909,2019-09-06 20:50:09:652,-0.0313,0.1312,10.0342,0,0.0021,9.8066,0.0404,0.005,-0.0209,-14.56,-37.12,-8.31,266.81,-83.46,-140.72
52.397926,-1.500788,154.36,3.49,2,30.05,19 / 21,5404009,2019-09-06 20:50:09:752,0.243,0.505,9.8561,-0.0057,0.0053,9.8066,0.0515,0.0176,0.014,-13.75,-38.12,-8.31,262.54,-83.41,-142.11
52.397926,-1.500788,154.36,3.49,2,30.05,19 / 21,5404110,2019-09-06 20:50:09:853,0.2578,0.3578,9.8981,-0.0032,-0.0087,9.8066,-0.0457,0.0273,-0.0246,-14.37,-38.31,-8.37,262.31,-83.37,-142.25
52.397926,-1.500788,154.36,3.49,2,30.05,19 / 21,5404210,2019-09-06 20:50:09:953,-0.0618,0.3559,9.785,0.0076,0.021,9.8066,-0.0189,0.0325,0.0021,-14.19,-38,-9,258.37,-83.28,-143.69
52.397926,-1.500788,154.36,3.49,2,30.05,19 / 21,5404309,2019-09-06 20:50:10:052,-0.025,0.223,9.6315,0.0091,0.0098,9.8065,-0.0457,0.0291,-0.0059,-14.12,-37.81,-8.5,260.71,-83.29,-143.73
52.397926,-1.500788,154.36,3.49,2,30.05,18 / 20,5404410,2019-09-06 20:50:10:153,0.2817,0.4419,9.8076,0.005,0.0068,9.8066,-0.0581,0.0279,-0.0059,-13.56,-37.94,-8.06,260.56,-83.27,-143.85
52.397926,-1.500788,154.36,3.49,2,30.05,18 / 20,5404509,2019-09-06 20:50:10:252,0.098,0.0159,10.0149,0.0009,0.0062,9.8066,0.0328,0.0381,-0.0252,-13.87,-38.37,-8.31,259.98,-83.27,-144.44
52.397926,-1.500788,154.36,3.49,2,30.05,18 / 20,5404610,2019-09-06 20:50:10:353,0.0796,0.3943,9.5666,-0.013,0.0064,9.8066,0.0169,0.0375,-0.0256,-13.62,-38.5,-8.25,259.18,-83.37,-145.54
52.397926,-1.500788,154.36,3.49,2,30.05,18 / 20,5404710,2019-09-06 20:50:10:453,-0.2866,0.4656,9.757,-0.0063,0.007,9.8065,-0.0073,0.039,-0.0354,-13.19,-38.06,-8.25,255.82,-83.43,-146.54
52.397926,-1.500788,154.36,3.49,2,30.05,18 / 20,5404810,2019-09-06 20:50:10:553,-0.1198,0.8108,9.5971,-0.0145,-0.0042,9.8066,0.0384,0.0515,0.0004,-13.44,-37.5,-8.5,255.27,-83.52,-147.78
52.397926,-1.500788,154.36,3.49,2,30.05,18 / 20,5404910,2019-09-06 20:50:10:653,-0.4215,0.1748,9.4689,0.0055,-0.002,9.8066,-0.0022,0.0397,-0.008,-12.94,-37.81,-8.19,254.71,-83.46,-147.8
52.397926,-1.500788,154.36,3.49,2,30.05,18 / 20,5405010,2019-09-06 20:50:10:753,-0.3448,0.1641,9.8873,-0.0039,-0.0046,9.8066,0.0307,0.0849,0.0097,-12.87,-38.12,-8.44,254.54,-83.43,-147.92
52.397926,-1.500788,154.36,3.49,2,30.05,18 / 20,5405110,2019-09-06 20:50:10:853,0.2796,0.1983,10.0695,-0.0114,-0.0148,9.8065,-0.0272,0.0518,-0.0176,-13.25,-38.69,-8.56,252.43,-83.48,-147.42
52.397926,-1.500788,154.36,3.49,2,30.05,18 / 20,5405210,2019-09-06 20:50:10:953,-0.0316,0.1061,9.8926,0.0027,0.0205,9.8066,-0.0707,0.0669,-0.0383,-13.25,-38.12,-9.19,251.63,-83.45,-148.61
52.397926,-1.500788,154.36,3.49,2,30.05,18 / 20,5405309,2019-09-06 20:50:11:052,-0.2447,0.2082,9.6976,-0.0056,0.0102,9.8065,0.0094,0.0296,-0.0108,-12.56,-38,-8.56,251.39,-83.6,-149.23
52.397926,-1.500788,154.36,3.49,2,30.05,19 / 21,5405410,2019-09-06 20:50:11:153,-0.2211,0.5272,9.8489,-0.011,0.0033,9.8066,-0.0163,0.0402,-0.0213,-12.37,-38.44,-8.94,248.93,-83.75,-149.34
52.397926,-1.500788,154.36,3.49,2,30.05,19 / 21,5405510,2019-09-06 20:50:11:253,-0.0735,0.0339,10.075,-0.0083,-0.0003,9.8066,-0.0279,0.0877,-0.0163,-12.37,-38.75,-9.06,249.04,-83.96,-149.33
52.397926,-1.500788,154.36,3.49,2,30.05,19 / 21,5405609,2019-09-06 20:50:11:352,-0.1286,0.68,10.0827,-0.0047,-0.0056,9.8066,-0.0202,0.0585,0.0428,-12.44,-38.37,-9.56,247.44,-84,-149.23
52.397926,-1.500788,154.36,3.49,2,30.05,19 / 21,5405710,2019-09-06 20:50:11:453,-0.0518,-0.1216,9.6845,0.0151,0.0108,9.8066,-0.014,0.0482,0.0049,-12.75,-38,-9.81,249.79,-83.84,-149.19
52.397926,-1.500788,154.36,3.49,2,30.05,19 / 21,5405810,2019-09-06 20:50:11:553,0.1935,0.2089,9.5129,0.012,0.0113,9.8066,-0.0549,0.0633,0.0136,-12.31,-37.62,-9.25,249.46,-83.79,-148.83
52.397926,-1.500788,154.36,3.49,2,30.05,19 / 21,5405910,2019-09-06 20:50:11:653,0.5224,0.6468,9.5923,-0.0071,0.0021,9.8066,0.0516,0.0716,-0.039,-12.5,-38.25,-9,249.3,-83.76,-148.94
52.397926,-1.500788,154.36,3.49,2,30.05,19 / 21,5406010,2019-09-06 20:50:11:753,0.2046,0.5361,10.1844,-0.0001,0.0154,9.8066,0.0507,0.0606,-0.0341,-11.44,-38.19,-9.81,242.67,-83.73,-150.77
52.397926,-1.500788,154.36,3.49,2,30.05,19 / 21,5406110,2019-09-06 20:50:11:853,0.2312,1.1369,9.6597,-0.01,0.0114,9.8066,-0.0139,0.0605,-0.033,-11.81,-38.69,-9.37,244.64,-83.72,-153.65
52.397926,-1.500788,154.36,3.49,2,30.05,19 / 21,5406209,2019-09-06 20:50:11:952,0.1821,1.4113,9.662,-0.0017,0.0061,9.8066,0.0052,0.0672,0.013,-11.81,-38,-9.44,243.99,-83.69,-154.7
52.397926,-1.500788,154.36,3.49,2,30.05,19 / 21,5406310,2019-09-06 20:50:12:053,-0.0681,-0.0416,9.8808,0.0056,0.0002,9.8066,-0.0002,0.0708,0.0032,-11.62,-38.37,-9.25,244.1,-83.66,-154.51
52.397926,-1.500788,154.36,3.49,2,30.05,19 / 20,5406410,2019-09-06 20:50:12:153,0.4103,0.5944,10.0035,-0.0024,-0.0092,9.8066,-0.0039,0.0708,0.0096,-11.56,-38.69,-10.31,242.65,-83.66,-153.43
52.397926,-1.500788,154.36,3.49,2,30.05,19 / 20,5406509,2019-09-06 20:50:12:252,0.3056,0.9158,9.6177,-0.0057,0.0038,9.8066,0.0358,0.0542,-0.0233,-11.56,-38.44,-9.69,242.82,-83.62,-153.54
52.397926,-1.500788,154.36,3.49,2,30.05,19 / 20,5406609,2019-09-06 20:50:12:352,0.2995,0.985,9.7067,-0.0062,-0.001,9.8066,-0.0029,0.066,-0.0231,-11.69,-38.31,-9.5,243.94,-83.63,-154.63
52.397926,-1.500788,154.36,3.49,2,30.05,19 / 20,5406709,2019-09-06 20:50:12:452,0.6482,1.3368,10.1531,-0.0012,0.0156,9.8066,-0.0079,0.0748,-0.0306,-11.12,-38.31,-9.56,238.06,-83.65,-155.87
52.397926,-1.500788,154.36,3.49,2,30.05,19 / 20,5406809,2019-09-06 20:50:12:552,-0.4036,0.4195,9.8616,0.0019,0.0307,9.8066,0.0117,0.0835,-0.0342,-10.87,-38.37,-10.12,236.75,-83.65,-157.39
52.397926,-1.500788,154.36,3.49,2,30.05,19 / 20,5406910,2019-09-06 20:50:12:653,0.6431,1.9477,9.6129,-0.0032,0.006,9.8066,0.0965,0.0719,-0.017,-11,-38.69,-9.5,236.49,-83.48,-159.27
52.397926,-1.500788,154.36,3.49,2,30.05,19 / 20,5407010,2019-09-06 20:50:12:753,0.546,1.6157,10.0139,0.0031,0.013,9.8066,0.0492,0.0697,-0.0325,-9.75,-38.31,-9.25,232.37,-83.24,-160.51
52.397926,-1.500788,154.36,3.49,2,30.05,19 / 20,5407110,2019-09-06 20:50:12:853,1.2511,2.3688,10.0213,-0.0192,-0.0053,9.8065,0.0206,0.0844,-0.0299,-9.94,-39.06,-9.5,230.42,-83.04,-162.03
52.397926,-1.500788,154.36,3.49,2,30.05,19 / 20,5407210,2019-09-06 20:50:12:953,0.9306,2.1909,10.0825,-0.0225,-0.005,9.8066,0.0903,0.0767,-0.057,-9.94,-38.94,-9.44,228.92,-83.1,-164.01
52.397926,-1.500788,154.36,3.49,2,30.05,19 / 20,5407310,2019-09-06 20:50:13:053,0.0961,1.8132,9.3668,-0.0099,0.0145,9.8065,-0.05,0.0595,-0.0064,-9.69,-39,-9.62,224.97,-83.06,-166.57
52.397926,-1.500788,154.36,3.49,2,30.05,19 / 20,5407410,2019-09-06 20:50:13:153,0.1845,1.2398,9.9888,-0.0003,0.0094,9.8066,-0.0368,0.0631,-0.0256,-8.87,-38.81,-9.56,221.94,-83.14,-166.83
52.397926,-1.500788,154.36,3.49,2,30.05,19 / 20,5407509,2019-09-06 20:50:13:252,0.351,-0.1184,10.3536,0.0018,0.0064,9.8066,0.3053,0.1602,-0.0995,-9.19,-39,-10.06,220.33,-82.9,-168.42
52.397926,-1.500788,154.36,3.49,2,30.05,19 / 20,5407610,2019-09-06 20:50:13:353,0.3863,0.3822,9.1003,-0.0173,-0.0221,9.8066,0.3247,0.059,0.0422,-9.5,-38.75,-9,220.5,-82.35,-169.33
52.397926,-1.500788,154.36,3.49,2,30.05,19 / 20,5407709,2019-09-06 20:50:13:452,0.3521,0.5424,7.3394,-0.0619,-0.1104,9.8057,0.3523,0.0611,-0.0706,-8.62,-38.81,-8.81,218.13,-81.58,-171.02
52.397926,-1.500788,154.36,3.49,2,30.05,19 / 20,5407810,2019-09-06 20:50:13:553,-0.2735,0.01,8.1239,-0.0507,-0.0746,9.8062,0.2975,0.1112,-0.0813,-8.62,-39.62,-8.69,217.83,-81.93,-171.68
52.397926,-1.500788,154.36,3.49,2,30.05,19 / 20,5407909,2019-09-06 20:50:13:652,0.0243,1.8761,8.3579,-0.0326,-0.0349,9.8065,-0.5352,0.1124,-0.0226,-9.12,-38.44,-8.87,217.24,-82.2,-173.77
52.397926,-1.500788,154.36,3.49,2,30.05,19 / 20,5408010,2019-09-06 20:50:13:753,1.0433,0.7041,8.776,-0.041,-0.0971,9.8061,-0.4321,0.0077,0.0155,-8.31,-38.5,-10.31,216.03,-83.58,-171.53
52.397926,-1.500788,154.36,3.49,2,30.05,19 / 20,5408110,2019-09-06 20:50:13:853,-0.4182,-0.5507,11.7187,0.013,0.0342,9.8065,-0.3577,0.0568,0.0113,-8.5,-38.37,-12.19,216.85,-85.3,-169.48
52.397926,-1.500788,154.36,3.49,2,30.05,19 / 20,5408209,2019-09-06 20:50:13:952,-2.4743,-1.6541,11.5272,-0.0029,0.0869,9.8062,-0.367,0.1302,-0.1598,-7.87,-38.87,-12.94,214.53,-85.88,-171.16
52.397926,-1.500788,154.36,3.49,2,30.05,19 / 20,5408309,2019-09-06 20:50:14:052,-0.9579,-0.7202,9.727,0.0211,0.07,9.8063,0.3848,0.0779,-0.0428,-7.25,-38.5,-11.44,211.33,-85.76,-174.78
52.397926,-1.500788,154.36,3.49,2,30.05,19 / 21,5408409,2019-09-06 20:50:14:152,0.2757,0.6621,8.306,0.0339,0.1398,9.8055,0.1333,0.0482,-0.0938,-6.94,-39.5,-10.5,206.52,-84.17,179.76
52.397926,-1.500788,154.36,3.49,2,30.05,19 / 21,5408510,2019-09-06 20:50:14:253,1.1688,2.5799,9.1152,0.0206,0.0729,9.8063,0.1128,0.1099,-0.0376,-6.75,-39.06,-9.62,203.14,-82.66,177.22
52.397926,-1.500788,154.36,3.49,2,30.05,19 / 21,5408609,2019-09-06 20:50:14:352,-0.2163,1.6456,10.1488,-0.0016,-0.0048,9.8066,-0.0475,0.1287,-0.0338,-6.69,-39.69,-9.75,202.64,-82.33,177.17
52.397926,-1.500788,154.36,3.49,2,30.05,19 / 21,5408710,2019-09-06 20:50:14:453,0.0232,-0.1105,10.5142,-0.0242,-0.0394,9.8065,-0.1965,0.0908,-0.0218,-6.62,-39.87,-10.12,202.96,-82.93,176.88
52.397926,-1.500788,154.36,3.49,2,30.05,19 / 21,5408809,2019-09-06 20:50:14:552,0.0462,0.0755,10.4292,-0.0226,-0.0292,9.8065,-0.1268,0.0661,-0.0425,-6.56,-39.81,-11.12,201.28,-83.57,175.86
52.397926,-1.500788,154.36,3.49,2,30.05,19 / 21,5408910,2019-09-06 20:50:14:653,-0.1961,0.1564,9.6872,-0.0158,-0.0035,9.8065,0.0747,0.0361,-0.0361,-6.31,-38.81,-10.75,197.25,-83.79,174.28
52.397926,-1.500788,154.36,3.49,2,30.05,19 / 21,5409010,2019-09-06 20:50:14:753,-0.3758,0.9175,9.2543,-0.0073,0.0274,9.8066,0.0574,0.0629,-0.056,-6.25,-39.5,-10.62,195.5,-83.53,172.18
52.397926,-1.500788,154.36,3.49,2,30.05,19 / 21,5409110,2019-09-06 20:50:14:853,0.2513,1.159,9.6358,0.0018,0.0133,9.8066,0.0397,0.0412,0.0031,-5.94,-39.19,-10.12,195.89,-83.13,171.1
52.397926,-1.500788,154.36,3.49,2,30.05,19 / 21,5409209,2019-09-06 20:50:14:952,0.095,1.192,9.7483,-0.0059,-0.0147,9.8065,-0.0177,0.0546,-0.0232,-5.69,-39.69,-9.94,195.72,-83.13,171.03
52.397926,-1.500788,154.36,3.49,2,30.05,19 / 21,5409310,2019-09-06 20:50:15:053,0.3784,1.0692,9.8249,-0.0044,-0.0171,9.8066,-0.0596,0.0348,0.007,-6.06,-39.5,-11.19,194.19,-83.28,170.61
52.397926,-1.500788,154.36,3.49,2,30.05,19 / 20,5409409,2019-09-06 20:50:15:152,0.2194,1.1605,9.3375,-0.0045,-0.0193,9.8066,-0.074,0.0297,-0.004,-5.56,-39.31,-10.75,194.3,-83.65,170.49
52.397926,-1.500788,154.36,3.49,2,30.05,19 / 20,5409510,2019-09-06 20:50:15:253,-0.1649,1.6635,10.0887,-0.0048,-0.0205,9.8065,0.0271,0.0504,0.0132,-5.19,-39.31,-10.87,190.78,-83.99,169.91
52.397926,-1.500788,154.36,3.49,2,30.05,19 / 20,5409609,2019-09-06 20:50:15:352,-0.0793,0.9145,9.6925,-0.0056,-0.0224,9.8066,0.0349,0.0885,0.0122,-5.81,-39.06,-10.87,194.24,-84.07,170.09
52.397926,-1.500788,154.36,3.49,2,30.05,19 / 20,5409710,2019-09-06 20:50:15:453,0.1687,0.8293,10.0979,0.0161,0.0339,9.8065,-0.0249,0.0388,-0.0007,-5,-39.31,-10.81,191.78,-83.89,171.3
52.397926,-1.500788,154.36,3.49,2,30.05,19 / 20,5409809,2019-09-06 20:50:15:552,-0.3761,0.5849,9.9685,0.0102,0.0327,9.8065,-0.0322,0.0614,-0.0211,-5.62,-39.75,-11.12,195.1,-83.77,171.59
52.397926,-1.500788,154.36,3.49,2,30.05,19 / 20,5409910,2019-09-06 20:50:15:653,0.0441,1.3981,9.4501,0.0034,-0.0149,9.8066,-0.0001,0.0329,0.0207,-5.12,-39.94,-10.56,192.16,-83.61,172.09
52.397926,-1.500788,154.36,3.49,2,30.05,19 / 20,5410010,2019-09-06 20:50:15:753,-0.6511,0.8546,9.7641,0.0002,0.0068,9.8066,-0.1074,0.0604,-0.02,-5.37,-39.75,-10.94,192.51,-83.63,172.55
52.397926,-1.500788,154.36,3.49,2,30.05,19 / 20,5410110,2019-09-06 20:50:15:853,-0.1598,0.4758,9.9643,-0.0073,-0.0405,9.8065,0.0607,0.0948,0.0084,-5.44,-39.31,-11.25,193.14,-83.83,173.16
52.397926,-1.500788,154.36,3.49,2,30.05,19 / 20,5410210,2019-09-06 20:50:15:953,-0.48,0.9085,9.7498,-0.01,-0.0315,9.8065,0.0692,0.0495,-0.0185,-5.31,-39.81,-11.12,193.25,-83.91,173.34
52.397926,-1.500788,154.36,3.49,2,30.05,19 / 20,5410310,2019-09-06 20:50:16:053,-0.018,0.7752,10.0373,0.0042,0.0052,9.8066,0.0077,0.1201,0.0094,-5,-39.06,-12.06,191.86,-83.89,172.94
52.397926,-1.500788,154.36,3.49,2,30.05,18 / 20,5410410,2019-09-06 20:50:16:153,-0.6549,1.0849,9.7202,0.009,0.008,9.8066,0.0668,0.0605,0.029,-4.5,-39.12,-11.44,189.94,-83.84,173.43
52.397926,-1.500788,154.36,3.49,2,30.05,18 / 20,5410510,2019-09-06 20:50:16:253,-0.8947,0.8345,9.2402,-0.0072,-0.029,9.8066,-0.0412,0.0704,0.0365,-4.62,-40.25,-11.12,193.85,-83.66,174.35
52.397926,-1.500788,154.36,3.49,2,30.05,18 / 20,5410610,2019-09-06 20:50:16:353,-0.8826,0.5197,9.8186,0.0158,0.0046,9.8066,-0.0319,0.112,0.0218,-4.69,-39.37,-11.31,194.97,-83.69,175.7
52.397926,-1.500788,154.36,3.49,2,30.05,18 / 20,5410709,2019-09-06 20:50:16:452,0.07,0.7612,10.0538,0.0111,-0.0187,9.8066,0.0158,0.0846,0.0218,-4.69,-39.37,-11.44,196.86,-83.91,178.03
52.397926,-1.500788,154.36,3.49,2,30.05,18 / 20,5410809,2019-09-06 20:50:16:552,-1.4565,-0.7231,9.4526,0.0169,-0.0079,9.8066,0.0328,0.1668,-0.0066,-5.5,-39.12,-11.5,198.45,-83.9,-179.86
52.397926,-1.500788,154.36,3.49,2,30.05,18 / 20,5410910,2019-09-06 20:50:16:653,0.2785,0.0755,9.8344,0.0013,-0.0262,9.8066,0.0378,0.0576,0.0097,-4.75,-39.94,-11.87,198.88,-84.05,-177.91
52.397926,-1.500788,154.36,3.49,2,30.05,18 / 20,5411010,2019-09-06 20:50:16:753,-0.4456,0.7264,9.9871,-0.007,-0.0342,9.8066,0.1104,0.0923,0.0087,-4.87,-39.37,-11.56,199.4,-84.13,-177.46
52.397926,-1.500788,154.36,3.49,2,30.05,18 / 20,5411110,2019-09-06 20:50:16:853,-0.7551,-0.4142,10.2685,0.0073,0.008,9.8066,-0.0119,0.0826,0.0103,-4.31,-39.69,-11.25,197.24,-84.04,-176.79
52.397926,-1.500788,154.36,3.49,2,30.05,18 / 20,5411209,2019-09-06 20:50:16:952,-0.2265,0.0203,10.1272,-0.0023,-0.0029,9.8065,0.0331,0.0631,0.0124,-4.87,-40,-11.44,200.94,-83.95,-176.44
52.397926,-1.500788,154.36,3.49,2,30.05,18 / 20,5411309,2019-09-06 20:50:17:052,-0.8114,0.0436,9.8096,0.0074,0.0318,9.8065,0.0683,0.1008,-0.0079,-4.06,-39.56,-11.12,196.97,-83.63,-176.76
52.397926,-1.500788,154.36,3.49,2,30.05,19 / 20,5411410,2019-09-06 20:50:17:153,-0.4013,-0.0317,9.7209,0.0027,-0.0093,9.8066,0.0804,0.1107,0.0086,-3.94,-38.94,-10.81,197.2,-83.44,-176.41
52.397926,-1.500788,154.36,3.49,2,30.05,19 / 20,5411509,2019-09-06 20:50:17:252,-0.1484,0.5874,9.6125,-0.0129,-0.0353,9.8066,-0.0641,0.0905,-0.0583,-4.06,-39.19,-11.37,197.38,-83.53,-176.26
52.397926,-1.500788,154.36,3.49,2,30.05,19 / 20,5411610,2019-09-06 20:50:17:353,-1.4728,-0.327,9.3965,-0.0405,-0.022,9.8065,-0.0525,0.0807,-0.0381,-3.44,-39.56,-11.25,191.38,-83.87,-179.7
52.397926,-1.500788,154.36,3.49,2,30.05,19 / 20,5411709,2019-09-06 20:50:17:452,-0.6023,-1.0596,9.3524,-0.0072,-0.0344,9.8065,-0.1976,0.1037,-0.0283,-3.94,-39.12,-11.94,193.87,-84.17,179.67
52.397926,-1.500788,154.36,3.49,2,30.05,19 / 20,5411810,2019-09-06 20:50:17:553,-1.8279,-1.9827,10.0597,-0.0053,0.0685,9.8063,-0.2623,0.1351,-0.0589,-3.19,-39.31,-12.19,188.71,-84.3,177.35
52.397926,-1.500788,154.36,3.49,2,30.05,19 / 20,5411909,2019-09-06 20:50:17:652,-1.7174,-0.4263,10.4205,0.007,0.098,9.8061,-0.1376,0.2071,-0.0291,-3.06,-39.44,-12.44,187.47,-84.09,175.81
52.397926,-1.500788,154.36,3.49,2,30.05,19 / 20,5412010,2019-09-06 20:50:17:753,-0.7901,-1.6889,9.8277,0.0182,0.0246,9.8066,0.1059,0.1773,-0.0451,-1.75,-39.19,-11.06,184.25,-83.75,175.54
52.397926,-1.500788,154.36,3.49,2,30.05,19 / 20,5412110,2019-09-06 20:50:17:853,-1.6611,-0.0168,9.0795,-0.0099,0.0561,9.8064,0.0165,0.1779,0.0421,-2.87,-39.5,-10.37,188.38,-82.83,175.51
52.397926,-1.500788,154.36,3.49,2,30.05,19 / 20,5412210,2019-09-06 20:50:17:953,-0.6291,1.1915,9.7579,0.0229,0.0178,9.8066,-0.0714,0.1548,-0.0001,-1.69,-40,-10.19,185.76,-82.52,177.33
52.397926,-1.500788,154.36,3.49,2,30.05,19 / 20,5412310,2019-09-06 20:50:18:053,-1.165,-0.3985,9.9567,0.0123,-0.0141,9.8066,-0.0615,0.1228,0.0482,-2.19,-38.75,-11.25,186.2,-82.85,178.54
52.398373,-1.500616,153.65,7.96,2,354.05,19 / 20,5412410,2019-09-06 20:50:18:153,-1.0978,-0.8107,9.9547,0.003,-0.0217,9.8065,-0.0602,0.1558,-0.0185,-2.19,-39.19,-11.25,187.1,-83.18,179.69
52.398373,-1.500616,153.65,7.96,2,354.05,19 / 20,5412509,2019-09-06 20:50:18:252,-0.5724,-0.5571,9.759,-0.0142,-0.0199,9.8065,0.0087,0.1909,-0.061,-1.5,-39.31,-11.12,183.24,-83.41,179.34
52.398373,-1.500616,153.65,7.96,2,354.05,19 / 20,5412610,2019-09-06 20:50:18:353,-1.1541,0.2847,9.9107,-0.0095,0.0283,9.8066,0.1097,0.1518,-0.0426,-0.62,-39.44,-11.12,181.36,-83.16,176.73
52.398373,-1.500616,153.65,7.96,2,354.05,19 / 20,5412709,2019-09-06 20:50:18:452,-0.9249,-0.0258,9.6326,-0.0119,0.0107,9.8066,-0.0467,0.1345,-0.0444,-0.06,-39.12,-11.06,176.98,-83.03,175.7
52.398373,-1.500616,153.65,7.96,2,354.05,19 / 20,5412810,2019-09-06 20:50:18:553,-1.2067,-0.8481,9.828,-0.0121,-0.0109,9.8066,-0.0233,0.1404,-0.0546,-0.44,-39.25,-11.69,175.84,-82.97,174.22
52.398373,-1.500616,153.65,7.96,2,354.05,19 / 20,5412909,2019-09-06 20:50:18:652,-0.9553,-0.891,9.9486,-0.0117,-0.0024,9.8065,0.0578,0.1576,-0.0254,0.56,-39,-11.94,171.09,-83.03,172.43
52.398373,-1.500616,153.65,7.96,2,354.05,19 / 20,5413010,2019-09-06 20:50:18:753,-0.7304,-0.2609,10.4137,-0.0075,-0.006,9.8066,0.0508,0.1578,-0.0659,0.25,-39.44,-11,174.2,-83.02,171.74
52.398373,-1.500616,153.65,7.96,2,354.05,19 / 20,5413110,2019-09-06 20:50:18:853,-1.3536,-0.3278,10.0759,-0.0182,0.0093,9.8066,0.0444,0.1535,-0.0204,0.31,-39.62,-11.37,173.25,-82.85,170.25
52.398373,-1.500616,153.65,7.96,2,354.05,19 / 20,5413210,2019-09-06 20:50:18:953,-1.486,-1.2612,10.0226,-0.0032,0.0212,9.8066,-0.0426,0.1575,-0.0347,0.94,-39.12,-11.19,169.04,-82.59,169.35
52.398373,-1.500616,153.65,7.96,2,354.05,19 / 20,5413310,2019-09-06 20:50:19:053,0.0516,-0.9458,10.4487,0.0036,0.0182,9.8066,0.0236,0.1792,-0.037,1,-39.19,-11.19,169.33,-82.42,169.67
52.398373,-1.500616,153.65,7.96,2,354.05,19 / 20,5413409,2019-09-06 20:50:19:152,-0.0448,-0.4889,10.5187,-0.0153,0.024,9.8066,0.0794,0.1735,-0.0494,1.75,-39.37,-11,166.12,-82.12,169.96
52.398373,-1.500616,153.65,7.96,2,354.05,19 / 20,5413510,2019-09-06 20:50:19:253,-1.0184,0.41,9.6931,-0.0021,0.0272,9.8066,-0.1245,0.163,-0.027,1.31,-39.69,-10.5,169.32,-81.99,169.23
52.398373,-1.500616,153.65,7.96,2,354.05,19 / 20,5413610,2019-09-06 20:50:19:353,-0.9979,-0.2931,9.5479,-0.0013,0.0325,9.8066,-0.0596,0.111,0.0153,2.31,-39.56,-10.12,165.56,-81.92,169.1
52.398373,-1.500616,153.65,7.96,2,354.05,19 / 20,5413710,2019-09-06 20:50:19:453,-1.1386,-0.7122,9.8593,0.0017,0.0213,9.8066,0.0953,0.1409,-0.0088,2.13,-39.56,-10.12,166.26,-81.71,169.98
52.398373,-1.500616,153.65,7.96,2,354.05,19 / 20,5413809,2019-09-06 20:50:19:552,-0.8052,0.0677,9.8525,-0.0007,-0.0412,9.8065,0.0893,0.132,-0.0131,2.56,-39.44,-10.5,162.03,-81.87,169.51
52.398373,-1.500616,153.65,7.96,2,354.05,19 / 20,5413910,2019-09-06 20:50:19:653,-1.0195,-0.384,10.382,0.0065,-0.0226,9.8065,-0.0449,0.1201,-0.0115,3.13,-39.31,-10.25,162.29,-81.82,169.83
52.398373,-1.500616,153.65,7.96,2,354.05,19 / 20,5414010,2019-09-06 20:50:19:753,-0.9505,-0.7259,9.6007,-0.0102,0.02,9.8065,-0.076,0.1466,-0.0314,3.44,-39.5,-10.62,162.68,-81.61,169.57
52.398373,-1.500616,153.65,7.96,2,354.05,19 / 20,5414110,2019-09-06 20:50:19:853,-0.9348,-0.1502,9.2538,-0.0096,0.0155,9.8066,-0.0701,0.1453,-0.0381,3.38,-39.12,-10.75,162.42,-81.56,169.13
52.398373,-1.500616,153.65,7.96,2,354.05,19 / 20,5414210,2019-09-06 20:50:19:953,-0.0338,-0.4658,9.939,-0.0038,0.0013,9.8066,-0.0294,0.1127,-0.039,3.5,-39,-10.31,157.69,-81.67,168.2
52.398373,-1.500616,153.65,7.96,2,354.05,19 / 20,5414309,2019-09-06 20:50:20:052,-0.6437,-0.2569,9.6379,-0.0048,-0.03,9.8065,-0.0402,0.1367,-0.0117,4.81,-38.81,-11.25,154.05,-81.78,167.06
52.398373,-1.500616,153.65,7.96,2,354.05,19 / 20,5414410,2019-09-06 20:50:20:153,-0.8498,-0.1916,10.2095,-0.0082,0.0101,9.8065,-0.0797,0.0878,-0.0348,4.69,-38.75,-11.12,153.02,-81.83,165.66
52.398373,-1.500616,153.65,7.96,2,354.05,19 / 20,5414510,2019-09-06 20:50:20:253,-0.6691,0.0357,10.0354,-0.008,0.0049,9.8066,-0.0029,0.0872,0.0071,4.81,-39.44,-11.56,153.06,-81.99,164.98
52.398373,-1.500616,153.65,7.96,2,354.05,19 / 20,5414610,2019-09-06 20:50:20:353,-0.1726,-0.2237,9.6996,0.005,-0.011,9.8066,0.047,0.0628,-0.0023,5.19,-38.62,-11.44,152.07,-82.11,164.74
52.398373,-1.500616,153.65,7.96,2,354.05,19 / 20,5414710,2019-09-06 20:50:20:453,-0.1283,0.1072,10.099,-0.0072,0.0095,9.8066,-0.0327,0.1127,0.0026,4.56,-38.94,-11.19,152.65,-81.95,165.32
52.398373,-1.500616,153.65,7.96,2,354.05,19 / 20,5414809,2019-09-06 20:50:20:552,-0.7443,0.2754,9.9179,0.0009,0.0237,9.8066,-0.0137,0.0337,0.0512,4.63,-39.62,-11.19,152.89,-81.84,165.18
52.398373,-1.500616,153.65,7.96,2,354.05,19 / 20,5414910,2019-09-06 20:50:20:653,0.5065,0.2339,10.0785,0.0277,0.0047,9.8066,0.0805,-0.0129,0.101,4.88,-39.87,-10.44,154.22,-81.64,167.93
52.398373,-1.500616,153.65,7.96,2,354.05,19 / 20,5415010,2019-09-06 20:50:20:753,0.5051,0.3019,10.503,0.0246,0.0098,9.8066,0.0181,0.0778,0.023,4.81,-41.31,-10.56,157.69,-81.53,171.41
52.398373,-1.500616,153.65,7.96,2,354.05,19 / 20,5415110,2019-09-06 20:50:20:853,0.0388,-0.1293,10.0632,0.0056,0.0099,9.8066,0.0728,0.0275,0.0422,4.25,-40.62,-10.31,161.02,-81.41,172.35
52.398373,-1.500616,153.65,7.96,2,354.05,19 / 20,5415210,2019-09-06 20:50:20:953,0.3104,-0.1681,9.5466,0.0107,0.0228,9.8065,0.0117,0.0408,-0.0109,3.94,-41.37,-9,161.5,-81.16,173.94
52.398373,-1.500616,153.65,7.96,2,354.05,19 / 20,5415310,2019-09-06 20:50:21:053,0.2639,0.7727,9.4067,0.0008,-0.0093,9.8066,-0.0346,0.0523,0.009,3.81,-41.25,-8.25,160.62,-81.08,173.74
52.398373,-1.500616,153.65,7.96,2,354.05,19 / 20,5415409,2019-09-06 20:50:21:152,0.0846,0.326,9.0915,0.0141,-0.0194,9.8065,-0.0716,0.0555,-0.0073,2.88,-41.69,-7.06,163.94,-81.2,173.8
52.398373,-1.500616,153.65,7.96,2,354.05,19 / 20,5415510,2019-09-06 20:50:21:253,0.7266,-0.2631,9.8677,0.0114,-0.0299,9.8065,0.0002,-0.009,0.0175,2.69,-40.44,-7.37,163.72,-81.56,174.59
52.398373,-1.500616,153.65,7.96,2,354.05,19 / 20,5415609,2019-09-06 20:50:21:352,1.2768,-0.3912,10.1359,-0.0027,-0.0203,9.8066,-0.0054,-0.0563,0.024,2.19,-39.87,-6.81,167.7,-81.92,174.29
52.398373,-1.500616,153.65,7.96,2,354.05,19 / 20,5415710,2019-09-06 20:50:21:453,-0.3624,-0.3384,9.7333,-0.0027,-0.0068,9.8066,-0.0038,0.0365,0.0168,2.25,-39.75,-6.94,167.38,-82.03,173.86
52.398373,-1.500616,153.65,7.96,2,354.05,19 / 20,5415810,2019-09-06 20:50:21:553,-0.4946,0.3698,9.4665,0.0007,0.0159,9.8066,0.0228,0.0468,0.0079,2.44,-37.94,-7.62,167.51,-81.92,173.6
52.398373,-1.500616,153.65,7.96,2,354.05,19 / 20,5415909,2019-09-06 20:50:21:652,0.2457,0.9707,10.1513,0.0059,0.0159,9.8066,-0.076,-0.0215,0.017,3.13,-38.37,-7.94,163.76,-81.84,174.29
52.398373,-1.500616,153.65,7.96,2,354.05,19 / 20,5416010,2019-09-06 20:50:21:753,0.267,0.171,9.6048,-0.0075,0.013,9.8066,-0.1331,-0.0437,0.0282,3.56,-38.31,-8.81,160.56,-81.93,174.3
52.398373,-1.500616,153.65,7.96,2,354.05,19 / 20,5416109,2019-09-06 20:50:21:852,-0.2173,-0.2239,9.4204,0.0039,-0.0374,9.8065,0.0816,-0.0279,0,3.44,-38.31,-9.37,164.35,-81.88,174.15
52.398373,-1.500616,153.65,7.96,2,354.05,19 / 20,5416210,2019-09-06 20:50:21:953,0.209,-0.254,9.645,0.0022,-0.0233,9.8065,-0.0516,-0.0209,-0.0074,3.69,-38.25,-9.81,160.9,-82.1,173.73
52.398373,-1.500616,153.65,7.96,2,354.05,19 / 20,5416309,2019-09-06 20:50:22:052,0.5239,0.0231,9.9737,0.0051,-0.0152,9.8066,0.1179,0.0051,0.0117,3.5,-38.75,-9.81,160.94,-82.13,173.59
52.398373,-1.500616,153.65,7.96,2,354.05,19 / 20,5416410,2019-09-06 20:50:22:153,-0.5535,1.6667,9.599,0.0017,-0.0183,9.8066,0.0592,0.024,-0.0427,4.19,-38.44,-10.31,160.67,-82.26,173.57
52.398373,-1.500616,153.65,7.96,2,354.05,19 / 20,5416509,2019-09-06 20:50:22:252,-0.3744,0.9589,9.978,-0.0064,0.0138,9.8066,0.0388,-0.0442,0.0391,3.81,-38.69,-11,161.49,-82.18,173.35
52.398373,-1.500616,153.65,7.96,2,354.05,19 / 20,5416610,2019-09-06 20:50:22:353,0.843,0.663,10.0507,0.0026,-0.0057,9.8066,0.0025,-0.0288,-0.0217,4.31,-39.5,-11.19,161.6,-82.2,173.54
52.398373,-1.500616,153.65,7.96,2,354.05,19 / 20,5416709,2019-09-06 20:50:22:452,-0.0167,1.1556,9.6816,0.0051,-0.0243,9.8065,-0.0777,-0.058,0.0369,4.38,-40.25,-10.94,161.55,-82.27,173.31
52.398373,-1.500616,153.65,7.96,2,354.05,19 / 20,5416810,2019-09-06 20:50:22:553,1.1968,0.1375,9.9435,-0.0129,0.0255,9.8066,-0.0548,-0.0425,-0.0145,4.06,-40.75,-10.5,161.11,-82.07,173.28
52.398373,-1.500616,153.65,7.96,2,354.05,19 / 20,5416910,2019-09-06 20:50:22:653,0.3604,1.0458,10.2417,-0.0163,0.0262,9.8066,-0.0364,-0.0239,0.0124,4.56,-40.87,-10.12,157.17,-82.02,172.52
52.398373,-1.500616,153.65,7.96,2,354.05,19 / 20,5417010,2019-09-06 20:50:22:753,1.4269,0.028,9.7194,0.0084,-0.0003,9.8066,-0.0443,-0.0603,0.057,2.56,-42.06,-10.12,164.62,-81.94,172.86
52.398373,-1.500616,153.65,7.96,2,354.05,19 / 20,5417110,2019-09-06 20:50:22:853,2.2733,0.5263,9.766,-0.0075,0.0061,9.8066,0.014,0.03,-0.0918,3,-42.12,-9.25,164.05,-81.86,172.71
52.398373,-1.500616,153.65,7.96,2,354.05,19 / 20,5417210,2019-09-06 20:50:22:953,-0.1169,0.0921,9.352,-0.0163,-0.0106,9.8066,0.0079,-0.0305,0.001,2.44,-41.5,-8.69,166.31,-81.95,170.48
52.398373,-1.500616,153.65,7.96,2,354.05,19 / 20,5417309,2019-09-06 20:50:23:052,0.3963,0.7749,10.1396,0.0014,-0.0351,9.8066,-0.025,-0.0436,-0.0065,1.56,-40.37,-8.12,164.72,-82.28,168.99
52.398373,-1.500616,153.65,7.96,2,354.05,19 / 20,5417409,2019-09-06 20:50:23:152,0.371,0.1769,10.4875,0.0018,-0.0204,9.8065,0.0729,0.0079,0.0251,1.13,-40.12,-8.19,168.57,-82.54,168.45
52.398373,-1.500616,153.65,7.96,2,354.05,19 / 20,5417510,2019-09-06 20:50:23:253,0.9132,0.4046,10.4961,0.0037,0.035,9.8065,0.012,-0.0323,-0.0032,1.44,-38.81,-8.94,168.76,-82.57,168.95
52.398373,-1.500616,153.65,7.96,2,354.05,19 / 20,5417609,2019-09-06 20:50:23:352,0.6913,1.0885,10.2902,0.0013,0.0328,9.8066,0.0349,-0.0729,0.0274,0.94,-39,-8.56,169.56,-82.11,169.85
52.398373,-1.500616,153.65,7.96,2,354.05,19 / 20,5417709,2019-09-06 20:50:23:452,0.3633,0.9657,9.8775,0.01,0.0241,9.8065,-0.0163,-0.1044,0.0693,1.06,-38.75,-8.37,170.39,-81.69,170.92
52.398373,-1.500616,153.65,7.96,2,354.05,19 / 20,5417810,2019-09-06 20:50:23:553,1.5978,0.737,10.3344,0.0112,0.0064,9.8066,-0.0529,-0.0495,0.0142,0.56,-39.25,-8.19,171.08,-81.62,172.02
52.398373,-1.500616,153.65,7.96,2,354.05,19 / 20,5417910,2019-09-06 20:50:23:653,0.5319,-0.5909,10.1118,-0.0004,0.0034,9.8066,0.0438,-0.038,0.0217,1.06,-37.87,-9,171.04,-81.8,172.12
52.398373,-1.500616,153.65,7.96,2,354.05,19 / 20,5418010,2019-09-06 20:50:23:753,0.9123,-0.3105,9.5838,-0.0038,-0.0119,9.8066,0.0373,-0.1355,0.0127,0.5,-38.62,-8.25,171.15,-81.88,172.34
52.398373,-1.500616,153.65,7.96,2,354.05,19 / 20,5418109,2019-09-06 20:50:23:852,0.957,0.8444,9.6696,0.0002,-0.0143,9.8066,-0.0515,-0.0552,0.0161,1.31,-38.5,-8.69,170.97,-81.86,172.04
52.398373,-1.500616,153.65,7.96,2,354.05,19 / 20,5418209,2019-09-06 20:50:23:952,1.3928,0.1128,10.0318,-0.002,0.0058,9.8066,0.0083,-0.068,0.0166,1.38,-38.69,-8.62,170.88,-81.89,171.78
52.398373,-1.500616,153.65,7.96,2,354.05,19 / 20,5418309,2019-09-06 20:50:24:052,1.0613,1.0329,10.2777,0.0047,-0.0112,9.8066,-0.0705,0.0199,0.0336,1.5,-38.44,-9.19,166.84,-82.01,172
52.398373,-1.500616,153.65,7.96,2,354.05,19 / 20,5418410,2019-09-06 20:50:24:153,0.7042,0.6981,9.7822,0.0055,-0.0061,9.8066,-0.1492,-0.0119,0.0128,1.19,-39.06,-9.12,171.04,-82.04,172.13
52.398373,-1.500616,153.65,7.96,2,354.05,19 / 20,5418510,2019-09-06 20:50:24:253,0.4806,0.332,9.4224,0.0011,-0.0023,9.8066,0.0211,-0.0483,0.0043,1.81,-38.12,-9.44,167.21,-82.1,172.65
52.398373,-1.500616,153.65,7.96,2,354.05,19 / 20,5418609,2019-09-06 20:50:24:352,1.3387,0.2717,10.3175,-0.0007,0.0228,9.8066,-0.0648,-0.0757,-0.0007,1.13,-38.37,-8.62,171.28,-82.08,172.67
52.398373,-1.500616,153.65,7.96,2,354.05,19 / 20,5418711,2019-09-06 20:50:24:454,1.0332,-0.2473,9.9082,-0.0031,-0.0151,9.8065,0.1289,-0.1391,0.0163,1.69,-38.5,-9.25,166.81,-82.21,172.12
52.398373,-1.500616,153.65,7.96,2,354.05,19 / 20,5418810,2019-09-06 20:50:24:553,0.7697,0.0379,10.0369,-0.0021,-0.0208,9.8066,0.0682,-0.058,-0.024,1.5,-38.75,-9.37,166.63,-82.18,171.63
52.398373,-1.500616,153.65,7.96,2,354.05,19 / 20,5418910,2019-09-06 20:50:24:653,-0.2288,2.2033,8.823,-0.0138,-0.01,9.8066,-0.1948,-0.0898,-0.0219,1.94,-38.25,-9.31,166.14,-82.05,170.94
52.398373,-1.500616,153.65,7.96,2,354.05,19 / 20,5419009,2019-09-06 20:50:24:752,0.6343,-1.7936,9.8569,0.0021,0.0476,9.8065,0.0014,-0.0586,-0.0021,0.94,-38.94,-9.44,170,-82.03,170.48
52.398373,-1.500616,153.65,7.96,2,354.05,19 / 20,5419110,2019-09-06 20:50:24:853,1.5689,-0.0312,10.315,-0.0085,-0.0329,9.8066,-0.0879,-0.0687,-0.0305,1.69,-38.69,-9.75,165.38,-82.28,169.37
52.398373,-1.500616,153.65,7.96,2,354.05,19 / 20,5419210,2019-09-06 20:50:24:953,1.2096,5.1812,11.5582,-0.004,-0.0318,9.8065,0.0869,-0.194,0.0653,1,-39.37,-10.06,168.09,-82.56,167.94
52.398373,-1.500616,153.65,7.96,2,354.05,19 / 20,5419310,2019-09-06 20:50:25:053,0.9155,-0.8033,9.3724,-0.0084,0.0016,9.8066,-0.1222,-0.0447,-0.0173,2.06,-39.06,-9.81,163.56,-82.47,166.85
52.398373,-1.500616,153.65,7.96,2,354.05,19 / 21,5419409,2019-09-06 20:50:25:152,0.6834,0.0839,10.0951,-0.0007,0.013,9.8066,-0.009,-0.0384,-0.0295,1.5,-39.31,-10.12,163.46,-82.49,166.72
52.398373,-1.500616,153.65,7.96,2,354.05,19 / 21,5419510,2019-09-06 20:50:25:253,2.2026,0.0302,10.3201,0.0005,-0.0032,9.8066,0.1319,-0.1385,0.0476,1.88,-38.5,-9.94,162.47,-82.63,165.64
52.398373,-1.500616,153.65,7.96,2,354.05,19 / 21,5419609,2019-09-06 20:50:25:352,0.4492,-0.9805,10.2783,-0.0025,-0.0117,9.8066,-0.0834,-0.1221,0.0271,1.44,-39.19,-9.62,166.49,-82.66,165.65
52.398373,-1.500616,153.65,7.96,2,354.05,19 / 21,5419710,2019-09-06 20:50:25:453,0.3651,0.1031,9.8497,-0.0044,0.0066,9.8066,-0.0461,-0.0497,-0.0375,1.88,-38.75,-10.19,162.13,-82.67,164.95
52.398373,-1.500616,153.65,7.96,2,354.05,19 / 21,5419810,2019-09-06 20:50:25:553,0.1392,0.2491,9.5655,0.002,-0.0051,9.8066,0.0021,-0.0904,0.0558,1.38,-39.62,-10.06,166,-82.61,164.71
52.398373,-1.500616,153.65,7.96,2,354.05,19 / 21,5419910,2019-09-06 20:50:25:653,0.9257,0.3694,9.5611,0.0094,-0.0007,9.8066,-0.0149,-0.0087,-0.0247,1.69,-38.94,-10.06,162.42,-82.61,165.31
52.398373,-1.500616,153.65,7.96,2,354.05,19 / 21,5420009,2019-09-06 20:50:25:752,0.4852,-0.7976,10.4681,-0.0063,-0.0253,9.8065,-0.062,-0.0797,-0.0016,1.31,-39.87,-9.94,165.84,-82.76,164.6
52.398373,-1.500616,153.65,7.96,2,354.05,19 / 21,5420109,2019-09-06 20:50:25:852,0.4899,-0.3035,9.9263,-0.007,0.0162,9.8066,-0.0044,-0.0107,0.0052,1.75,-39.56,-10.25,161.63,-82.86,164.22
52.398373,-1.500616,153.65,7.96,2,354.05,19 / 21,5420210,2019-09-06 20:50:25:953,1.3477,-0.5396,10.06,0.0046,-0.0044,9.8066,0.0174,-0.035,-0.0185,1.31,-39.5,-10.25,165.74,-82.73,164.61
52.398373,-1.500616,153.65,7.96,2,354.05,19 / 21,5420311,2019-09-06 20:50:26:054,0.3166,0.0712,9.8756,-0.0077,-0.0062,9.8066,0.0465,0.0055,-0.05,1.69,-39.37,-10.31,161.62,-82.69,164.24
52.398373,-1.500616,153.65,7.96,2,354.05,19 / 20,5420410,2019-09-06 20:50:26:153,0.6854,-0.1568,9.6273,-0.0032,0.0226,9.8066,-0.0468,-0.0652,0.0018,1.63,-39.06,-9.94,161.05,-82.66,163.36
52.398373,-1.500616,153.65,7.96,2,354.05,19 / 20,5420509,2019-09-06 20:50:26:252,1.1991,0.2084,9.5205,-0.0026,-0.0023,9.8066,-0.0506,0.0373,-0.0078,1.88,-39,-10.37,161,-82.57,163.19
52.398373,-1.500616,153.65,7.96,2,354.05,19 / 20,5420610,2019-09-06 20:50:26:353,1.257,-1.0213,9.9481,0.0014,0.0228,9.8065,0.0547,-0.0397,-0.015,0.94,-38.94,-10.19,164.8,-82.54,163.03
52.398373,-1.500616,153.65,7.96,2,354.05,19 / 20,5420710,2019-09-06 20:50:26:453,0.8066,-0.9837,9.7091,-0.0059,-0.0034,9.8065,-0.075,-0.0622,-0.0354,2.06,-39.12,-10.31,160.31,-82.63,162.24
52.398373,-1.500616,153.65,7.96,2,354.05,19 / 20,5420810,2019-09-06 20:50:26:553,-0.0979,-0.8818,9.8648,-0.0057,-0.0218,9.8065,-0.1116,-0.1444,0.0423,1.13,-39.12,-10.5,163.17,-82.77,160.87
52.398373,-1.500616,153.65,7.96,2,354.05,19 / 20,5420910,2019-09-06 20:50:26:653,1.5341,-2.7344,9.9061,0.0165,-0.0066,9.8065,-0.1366,-0.1215,0.0279,1.44,-39.25,-10.62,163.3,-82.81,161.31
52.398373,-1.500616,153.65,7.96,2,354.05,19 / 20,5421010,2019-09-06 20:50:26:753,-0.343,-0.9169,9.3671,0.0023,-0.0086,9.8066,0.2035,-0.0922,0.0482,1.13,-38.94,-10.31,163.87,-82.85,161.98
52.398373,-1.500616,153.65,7.96,2,354.05,19 / 20,5421110,2019-09-06 20:50:26:853,-1.1461,0.8211,8.5935,-0.0086,-0.0155,9.8066,0.1179,-0.3035,0.0817,1.44,-38.69,-10.19,164.05,-82.81,162.2
52.398373,-1.500616,153.65,7.96,2,354.05,19 / 20,5421210,2019-09-06 20:50:26:953,1.2172,-1.7809,10.6118,0.0068,-0.0007,9.8066,0.1233,-0.2296,0.1092,0.81,-39.06,-10.5,165.24,-82.77,163.91
52.398373,-1.500616,153.65,7.96,2,354.05,19 / 20,5421310,2019-09-06 20:50:27:053,1.7855,0.0413,10.6891,0.0028,0.0141,9.8065,0.0317,-0.0197,0.0004,1.25,-39.37,-10.69,165.68,-82.86,164.75
52.399017,-1.501011,153.05,8.94,2,346.05,19 / 20,5421410,2019-09-06 20:50:27:153,-0.5266,-1.4005,9.3285,0.0081,0.0015,9.8066,0.1673,-0.1748,-0.0082,1.31,-39,-10.56,166.05,-82.72,165.15
52.399017,-1.501011,153.05,8.94,2,346.05,19 / 20,5421510,2019-09-06 20:50:27:253,1.1515,-1.0677,9.2739,0.0186,-0.0622,9.8064,-0.2932,0.1583,-0.0724,1.13,-39.37,-10,165.99,-82.92,165.15
52.399017,-1.501011,153.05,8.94,2,346.05,19 / 20,5421609,2019-09-06 20:50:27:352,1.1595,0.6682,10.8603,-0.0025,0.0441,9.8065,-0.1271,-0.1131,0.0326,0.19,-39.69,-10.75,170.35,-82.66,165.97
52.399017,-1.501011,153.05,8.94,2,346.05,19 / 20,5421709,2019-09-06 20:50:27:452,0.9235,-1.5378,10.1239,-0.0109,0.0018,9.8066,-0.0518,-0.0652,0.0611,0.81,-39.25,-10.81,166.03,-82.94,165.3
52.399017,-1.501011,153.05,8.94,2,346.05,19 / 20,5421809,2019-09-06 20:50:27:552,-1.019,0.3297,9.5152,0.0103,0.0356,9.8066,-0.2122,0.0821,-0.0373,0.44,-39.5,-11.06,169.99,-82.88,165.69
52.399017,-1.501011,153.05,8.94,2,346.05,19 / 20,5421910,2019-09-06 20:50:27:653,1.8246,0.257,9.4647,0.0106,0.0384,9.8065,-0.01,-0.0131,0.0056,0.44,-39.37,-10.87,170.48,-82.89,166.39
52.399017,-1.501011,153.05,8.94,2,346.05,19 / 20,5422009,2019-09-06 20:50:27:752,0.9504,-0.0247,9.1768,0.0062,-0.0023,9.8066,-0.0639,-0.1646,0.0648,0,-39.12,-10.87,170.92,-82.92,167.04
52.399017,-1.501011,153.05,8.94,2,346.05,19 / 20,5422110,2019-09-06 20:50:27:853,1.0842,-2.4094,9.4211,0.0242,0.0308,9.8065,0.0954,-0.2084,0.1539,-0.69,-39.19,-11.56,175.87,-82.84,169.47
52.399017,-1.501011,153.05,8.94,2,346.05,19 / 20,5422210,2019-09-06 20:50:27:953,0.1813,-5.4065,7.9083,0.0318,-0.046,9.8065,-0.359,-0.0267,-0.0123,-1.06,-38.56,-11,178.69,-83.14,172.95
52.399017,-1.501011,153.05,8.94,2,346.05,19 / 20,5422310,2019-09-06 20:50:28:053,2.3759,-2.4783,8.1033,0.0234,-0.0084,9.8065,0.3316,-0.0874,-0.0446,-1.44,-39.06,-10.69,179.47,-83.05,174.05
52.399017,-1.501011,153.05,8.94,2,346.05,19 / 20,5422411,2019-09-06 20:50:28:154,0.8323,-2.021,9.0568,-0.0087,-0.111,9.806,0.3565,-0.1615,0.0337,-2.06,-39.06,-11.19,183.94,-82.69,175.34
52.399017,-1.501011,153.05,8.94,2,346.05,19 / 20,5422509,2019-09-06 20:50:28:252,2.4288,-1.8639,10.7402,-0.0051,-0.1184,9.8059,0.1328,0.0425,0.0274,-2.25,-38.62,-10.69,184.57,-83.38,176.06
52.399017,-1.501011,153.05,8.94,2,346.05,19 / 20,5422609,2019-09-06 20:50:28:352,1.0524,-0.239,11.1476,0.0048,-0.0189,9.8066,0.1585,-0.0398,-0.0642,-1.87,-39,-10.25,185.85,-83.42,177.07
52.399017,-1.501011,153.05,8.94,2,346.05,19 / 20,5422710,2019-09-06 20:50:28:453,0.9404,0.6826,10.4825,-0.0304,-0.0926,9.8062,-0.1244,-0.0285,0.0297,-1.81,-39,-10.94,183.85,-83.81,174.97
52.399017,-1.501011,153.05,8.94,2,346.05,19 / 20,5422810,2019-09-06 20:50:28:553,0.7677,-0.5824,10.3482,0.0152,0.0528,9.8064,0.038,-0.0902,0.0197,-1.87,-39.12,-10.06,184.86,-83.47,175.63
52.399017,-1.501011,153.05,8.94,2,346.05,19 / 20,5422910,2019-09-06 20:50:28:653,1.3139,-0.2389,10.1639,-0.0056,0.0117,9.8066,-0.043,-0.0288,0.0138,-2,-38.69,-10.25,185.43,-83.38,176.47
52.399017,-1.501011,153.05,8.94,2,346.05,19 / 20,5423009,2019-09-06 20:50:28:752,0.8071,0.1652,10.1044,0.0125,0.0234,9.8066,0.0345,-0.0344,-0.0154,-1.5,-39.44,-10.56,180.69,-83.27,175.77
52.399017,-1.501011,153.05,8.94,2,346.05,19 / 20,5423110,2019-09-06 20:50:28:853,0.7228,0.0372,9.974,-0.0092,-0.0196,9.8066,-0.1104,-0.0295,0.0239,-2.37,-39.75,-9.81,185.07,-83.18,176.09
52.399017,-1.501011,153.05,8.94,2,346.05,19 / 20,5423210,2019-09-06 20:50:28:953,0.424,-0.6496,10.018,0.0165,0.0281,9.8065,-0.1012,-0.0136,-0.0025,-1.87,-39.31,-9.87,185.7,-83.1,176.96
52.399017,-1.501011,153.05,8.94,2,346.05,19 / 20,5423310,2019-09-06 20:50:29:053,1.2439,-1.0301,10.449,0.0045,-0.0399,9.8065,0.0809,0.0092,0.036,-2.87,-39.62,-10.37,190.09,-83.46,177.72
52.399017,-1.501011,153.05,8.94,2,346.05,18 / 20,5423409,2019-09-06 20:50:29:152,1.818,-0.813,10.4251,0.0116,0.0049,9.8066,0.0616,-0.0097,-0.0153,-1.94,-39.19,-10.37,188.02,-83.49,-179.88
52.399017,-1.501011,153.05,8.94,2,346.05,18 / 20,5423510,2019-09-06 20:50:29:253,0.2826,0.1162,10.3025,-0.0105,-0.0325,9.8066,-0.1125,-0.0231,-0.0486,-3,-39.37,-10.37,191.58,-83.66,179.56
52.399017,-1.501011,153.05,8.94,2,346.05,18 / 20,5423610,2019-09-06 20:50:29:353,1.1471,0.6031,9.662,0.0019,0.0267,9.8066,0.0522,-0.0749,0.0367,-2.37,-39,-10.06,187.43,-83.63,179.22
52.399017,-1.501011,153.05,8.94,2,346.05,18 / 20,5423710,2019-09-06 20:50:29:453,-0.6196,-1.928,10.2756,0.0154,0.0073,9.8066,0.1513,-0.0532,0.0615,-2.69,-39.31,-10.87,191.15,-83.41,-179.82
52.399017,-1.501011,153.05,8.94,2,346.05,18 / 20,5423810,2019-09-06 20:50:29:553,0.726,0.3421,10.8588,-0.0119,0.0192,9.8066,0.165,-0.0347,-0.0644,-1.75,-39,-10.5,187.74,-83.37,179.78
52.399017,-1.501011,153.05,8.94,2,346.05,18 / 20,5423910,2019-09-06 20:50:29:653,-0.5386,-2.6649,9.71,-0.0187,0.0014,9.8066,-0.1129,0.0272,-0.0134,-2,-39.56,-11.25,186.22,-83.48,178.4
52.399017,-1.501011,153.05,8.94,2,346.05,18 / 20,5424010,2019-09-06 20:50:29:753,-0.4817,2.23,9.1925,-0.014,0.0327,9.8065,-0.2164,0.0151,0.0432,-1.69,-40.25,-10.62,185.09,-83.15,176.92
52.399017,-1.501011,153.05,8.94,2,346.05,18 / 20,5424110,2019-09-06 20:50:29:853,1.2998,-1.736,9.1441,0.0211,0.09,9.8062,0.094,-0.1046,0.0874,-1.12,-39.62,-10.5,182.46,-82.99,177.93
52.399017,-1.501011,153.05,8.94,2,346.05,18 / 20,5424210,2019-09-06 20:50:29:953,0.0634,-1.8116,9.7243,-0.003,-0.037,9.8066,-0.0206,0.0046,-0.0024,-2.31,-39.5,-10.69,185.87,-83.44,177.86
52.399017,-1.501011,153.05,8.94,2,346.05,18 / 20,5424310,2019-09-06 20:50:30:053,0.5085,-1.4068,10.8738,0.0001,-0.022,9.8066,-0.0942,0.0565,-0.0381,-2,-39.37,-11.25,186.12,-83.51,178.18
52.399017,-1.501011,153.05,8.94,2,346.05,17 / 19,5424410,2019-09-06 20:50:30:153,-0.7959,-1.8118,10.0133,0.0081,0.0429,9.8065,-0.089,0.0298,-0.0311,-2.62,-39.25,-11.25,189.09,-83.43,177.32
52.399017,-1.501011,153.05,8.94,2,346.05,17 / 19,5424509,2019-09-06 20:50:30:252,0.4661,-1.3966,9.5235,0.002,0.0437,9.8065,0.1533,0.0069,-0.0236,-2.31,-38.5,-11.12,185.47,-83.32,177.29
52.399017,-1.501011,153.05,8.94,2,346.05,17 / 19,5424610,2019-09-06 20:50:30:353,0.1913,-0.6437,9.4285,-0.0047,-0.0291,9.8066,0.0644,0.0092,-0.0092,-1.62,-39.25,-10.81,185.49,-83.16,177.43
52.399017,-1.501011,153.05,8.94,2,346.05,17 / 19,5424710,2019-09-06 20:50:30:453,-0.0441,0.3455,10.1611,0.0028,-0.0263,9.8065,-0.0318,0.0123,0.0038,-1.75,-39.44,-10.75,185.58,-83.26,177.51
52.399017,-1.501011,153.05,8.94,2,346.05,17 / 19,5424809,2019-09-06 20:50:30:552,0.3505,-0.3386,10.2688,0.0078,0.0132,9.8065,-0.026,0.0352,0.0029,-2.19,-39.94,-10.5,186.91,-83.34,178.69
52.399017,-1.501011,153.05,8.94,2,346.05,17 / 19,5424909,2019-09-06 20:50:30:652,-0.2653,-0.4513,9.7875,-0.001,0.0055,9.8066,-0.0388,-0.0044,-0.0064,-2.25,-39.75,-10.87,186.39,-83.46,178.65
52.399017,-1.501011,153.05,8.94,2,346.05,17 / 19,5425009,2019-09-06 20:50:30:752,0.1883,-0.9193,9.5024,0.0062,-0.0025,9.8065,-0.0354,0.0496,-0.0102,-1.56,-39.25,-11.25,186.57,-83.49,178.82
52.399017,-1.501011,153.05,8.94,2,346.05,17 / 19,5425109,2019-09-06 20:50:30:852,1.1195,-1.3275,9.7671,0.0004,0.0021,9.8066,0.059,0.0886,-0.0337,-2.31,-39.19,-10.81,186.62,-83.46,178.9
52.399017,-1.501011,153.05,8.94,2,346.05,17 / 19,5425209,2019-09-06 20:50:30:952,-0.4701,-1.1375,9.7767,0.003,-0.0148,9.8066,0.0467,-0.0181,-0.014,-2.31,-39.75,-11.31,186.4,-83.46,178.66
52.399017,-1.501011,153.05,8.94,2,346.05,17 / 19,5425309,2019-09-06 20:50:31:052,-0.609,-0.6942,9.9108,-0.0064,-0.0115,9.8066,0.0059,-0.0625,0.028,-2,-39.56,-11.06,186.71,-83.59,179.04
52.399017,-1.501011,153.05,8.94,2,346.05,19 / 20,5425410,2019-09-06 20:50:31:153,0.0378,-1.1315,9.8265,-0.002,-0.003,9.8066,0.0451,0.0265,-0.0255,-2.19,-39.19,-10.94,186.8,-83.73,179.05
52.399017,-1.501011,153.05,8.94,2,346.05,19 / 20,5425509,2019-09-06 20:50:31:252,-0.0777,-1.6185,9.9835,0.0004,-0.0102,9.8066,-0.0753,-0.0128,-0.0114,-1.62,-38.5,-10.81,186.79,-83.82,178.93
52.399017,-1.501011,153.05,8.94,2,346.05,19 / 20,5425610,2019-09-06 20:50:31:353,0.2619,-1.2348,9.8073,0.0003,0.0125,9.8066,-0.0516,0.0024,-0.0058,-2.37,-39.62,-10.94,186.73,-83.8,178.98
52.399017,-1.501011,153.05,8.94,2,346.05,19 / 20,5425710,2019-09-06 20:50:31:453,0.4116,-1.1972,9.888,-0.0011,0.0143,9.8066,-0.0371,0.0452,-0.0334,-1.87,-38.75,-10.94,186.63,-83.81,178.78
52.399017,-1.501011,153.05,8.94,2,346.05,19 / 20,5425810,2019-09-06 20:50:31:553,0.1637,-0.5202,9.8958,0.0007,0.0092,9.8066,0.0026,-0.0386,0.0341,-1.69,-38.94,-10.87,186.66,-83.86,178.8
52.399017,-1.501011,153.05,8.94,2,346.05,19 / 20,5425910,2019-09-06 20:50:31:653,0.2687,-0.857,9.7129,0.0025,0.0156,9.8066,0.0136,-0.03,-0.0079,-2.44,-38.87,-10.94,186.9,-83.77,179.16
52.399017,-1.501011,153.05,8.94,2,346.05,19 / 20,5426010,2019-09-06 20:50:31:753,0.3041,-1.2871,9.8659,-0.0051,-0.0178,9.8066,-0.0172,0.0138,-0.0091,-1.94,-38.75,-11.19,186.58,-83.93,178.67
52.399017,-1.501011,153.05,8.94,2,346.05,19 / 20,5426109,2019-09-06 20:50:31:852,-0.1493,-1.0168,9.8431,-0.0054,-0.005,9.8066,-0.0202,-0.0169,-0.0099,-1.19,-38.44,-10.75,182.47,-83.93,178.15
52.399017,-1.501011,153.05,8.94,2,346.05,19 / 20,5426209,2019-09-06 20:50:31:952,0.0374,-0.7788,9.7014,-0.0026,0.0039,9.8066,-0.0401,0.0127,-0.041,-1.31,-39,-10.5,182.17,-83.93,177.34
52.399017,-1.501011,153.05,8.94,2,346.05,19 / 20,5426310,2019-09-06 20:50:32:053,-0.2468,-0.6789,9.6631,-0.0042,-0.0077,9.8066,-0.035,-0.0376,-0.0217,-1.37,-39.06,-10.81,181.08,-83.98,176.28
52.399017,-1.501011,153.05,8.94,2,346.05,18 / 20,5426409,2019-09-06 20:50:32:152,0.825,-0.8133,9.5928,-0.008,0.0041,9.8066,-0.0671,-0.0517,0.0099,-0.37,-39.12,-10.75,176.64,-84.02,175.42
52.399017,-1.501011,153.05,8.94,2,346.05,18 / 20,5426509,2019-09-06 20:50:32:252,0.0075,-0.7044,9.7876,-0.0016,0.0239,9.8065,0.0817,-0.0167,-0.0238,-1.25,-39.5,-11.31,180.11,-84,174.96
52.399017,-1.501011,153.05,8.94,2,346.05,18 / 20,5426610,2019-09-06 20:50:32:353,0.2669,-0.0968,9.9611,-0.0082,-0.0157,9.8066,0.0442,-0.0173,-0.0096,-1,-39.25,-11,179.55,-84.02,174.2
52.399017,-1.501011,153.05,8.94,2,346.05,18 / 20,5426710,2019-09-06 20:50:32:453,0.1429,-0.0781,9.7776,-0.0062,-0.0104,9.8066,-0.0148,0.0377,-0.0353,-0.56,-39.25,-10.5,179.09,-84.16,173.02
52.399017,-1.501011,153.05,8.94,2,346.05,18 / 20,5426809,2019-09-06 20:50:32:552,-0.5273,-0.4733,9.7435,-0.0072,0.0045,9.8066,0.0199,0.0268,-0.0186,-0.87,-39.62,-10.94,177.61,-84.06,171.53
52.399017,-1.501011,153.05,8.94,2,346.05,18 / 20,5426910,2019-09-06 20:50:32:653,-0.3255,-0.6413,9.6464,-0.0101,-0.0034,9.8066,-0.0443,0.033,-0.0039,-0.87,-39.94,-10.37,177.36,-84.11,170.59
52.399017,-1.501011,153.05,8.94,2,346.05,18 / 20,5427012,2019-09-06 20:50:32:755,-0.5431,-0.7032,9.7942,-0.0007,-0.0025,9.8066,-0.0619,0.0814,-0.0143,-0.25,-39.62,-10.69,172.4,-84.21,169.66
52.399017,-1.501011,153.05,8.94,2,346.05,18 / 20,5427109,2019-09-06 20:50:32:852,-0.6525,-0.5268,9.6727,-0.0056,-0.0071,9.8066,0.0348,0.0896,-0.0237,-0.12,-40,-10.87,171.86,-84.34,168.99
52.399017,-1.501011,153.05,8.94,2,346.05,18 / 20,5427210,2019-09-06 20:50:32:953,-0.7118,-0.1414,10.3506,-0.0014,-0.017,9.8066,0.0249,0.1024,-0.0239,-0.44,-40,-10.81,171.58,-84.42,168.66
52.399017,-1.501011,153.05,8.94,2,346.05,18 / 20,5427310,2019-09-06 20:50:33:053,-0.8177,-0.2623,10.4225,-0.0073,-0.008,9.8066,-0.0043,0.1266,-0.0279,-0.37,-39.87,-10.19,171.07,-84.54,167.72
52.399017,-1.501011,153.05,8.94,2,346.05,19 / 20,5427409,2019-09-06 20:50:33:152,-0.5902,-0.2724,10.0311,-0.0121,0.0217,9.8066,0.0009,0.1517,-0.044,1,-39.75,-10.44,165.93,-84.37,166.25
52.399017,-1.501011,153.05,8.94,2,346.05,19 / 20,5427510,2019-09-06 20:50:33:253,-0.9565,-0.196,9.6515,-0.0119,0.0065,9.8066,0.0334,0.2005,-0.0597,0.63,-39.87,-10.44,165.25,-84.23,165.19
52.399017,-1.501011,153.05,8.94,2,346.05,19 / 20,5427609,2019-09-06 20:50:33:352,-1.3122,-0.0261,9.6425,-0.0066,0.0111,9.8066,0.0406,0.1939,-0.0403,0.38,-40,-10.12,168.61,-84.09,164
52.399017,-1.501011,153.05,8.94,2,346.05,19 / 20,5427710,2019-09-06 20:50:33:453,-1.4183,0.088,9.8531,-0.0123,0.0078,9.8066,-0.0143,0.2151,-0.0204,1.56,-39.5,-9.94,159.79,-83.93,163.17
52.399017,-1.501011,153.05,8.94,2,346.05,19 / 20,5427809,2019-09-06 20:50:33:552,-1.3758,-0.3801,10.0601,-0.0034,0.0019,9.8066,-0.0016,0.257,-0.0654,2.69,-39.44,-10.06,154.96,-83.9,162.09
52.399017,-1.501011,153.05,8.94,2,346.05,19 / 20,5427909,2019-09-06 20:50:33:652,-1.6116,0.186,9.8389,-0.0115,-0.0192,9.8065,-0.0893,0.2528,-0.0368,2.63,-39.12,-9.75,153.69,-83.96,160.48
52.399017,-1.501011,153.05,8.94,2,346.05,19 / 20,5428009,2019-09-06 20:50:33:752,-1.4251,-0.1754,9.618,-0.0082,0.0012,9.8066,-0.0764,0.2867,-0.0502,3.5,-39.19,-10.31,148.52,-83.96,158.97
52.399017,-1.501011,153.05,8.94,2,346.05,19 / 20,5428110,2019-09-06 20:50:33:853,-1.111,-0.8072,9.7784,-0.0071,0.0045,9.8066,0.0335,0.2736,-0.0466,4,-39.06,-9.81,147.54,-84.04,157.81
52.399017,-1.501011,153.05,8.94,2,346.05,19 / 20,5428210,2019-09-06 20:50:33:953,-1.2441,-0.0028,9.87,-0.0039,-0.0042,9.8066,-0.0022,0.2938,-0.0276,4.38,-38.62,-10.06,146.98,-84.07,157.15
52.399017,-1.501011,153.05,8.94,2,346.05,19 / 20,5428310,2019-09-06 20:50:34:053,-0.0411,-0.6642,10.3203,-0.0009,-0.0049,9.8066,0.0131,0.2734,-0.0812,4.13,-39.19,-9.56,146.49,-84.07,156.5
52.399017,-1.501011,153.05,8.94,2,346.05,19 / 20,5428409,2019-09-06 20:50:34:152,-0.9484,-0.5119,10.4241,-0.0227,-0.0059,9.8066,0.0553,0.2596,-0.0819,5.13,-39.56,-9.56,141.96,-83.89,155.08
52.399017,-1.501011,153.05,8.94,2,346.05,19 / 20,5428510,2019-09-06 20:50:34:253,-0.9739,0.5286,10.3912,-0.0276,0.007,9.8065,0.0627,0.2765,-0.1192,6,-39.25,-9.06,135.6,-83.66,153.24
52.399017,-1.501011,153.05,8.94,2,346.05,19 / 20,5428609,2019-09-06 20:50:34:352,-1.4706,0.2081,9.7859,-0.0448,-0.003,9.8065,0.0246,0.2951,-0.1363,6.69,-38.62,-8.81,129.86,-83.15,149.62
52.399017,-1.501011,153.05,8.94,2,346.05,19 / 20,5428709,2019-09-06 20:50:34:452,-1.4094,-0.0942,9.3789,-0.042,-0.0103,9.8064,-0.0521,0.2859,-0.1212,7.63,-39.19,-8.31,122.93,-82.57,146.03
52.399017,-1.501011,153.05,8.94,2,346.05,19 / 20,5428810,2019-09-06 20:50:34:553,-1.5433,0.6681,9.7405,-0.0347,-0.036,9.8065,0.0818,0.3074,-0.1826,7.94,-39,-8.12,122.37,-82.08,143.79
52.399017,-1.501011,153.05,8.94,2,346.05,19 / 20,5428910,2019-09-06 20:50:34:653,-2.3543,-0.847,9.9638,-0.0282,-0.0529,9.8064,0.0025,0.334,-0.1753,9.25,-38,-8.37,114.78,-81.63,138.48
52.399017,-1.501011,153.05,8.94,2,346.05,19 / 20,5429010,2019-09-06 20:50:34:753,-1.5394,-0.8238,9.9242,-0.0151,-0.0387,9.8065,0.1129,0.2985,-0.0836,9.88,-38.06,-7.44,108.28,-81.28,136.56
52.399017,-1.501011,153.05,8.94,2,346.05,19 / 20,5429109,2019-09-06 20:50:34:852,-1.9296,-0.6401,10.3866,-0.0163,-0.0508,9.8064,0.0955,0.3664,-0.1613,10.63,-38.75,-7.31,105.5,-80.98,136
52.399017,-1.501011,153.05,8.94,2,346.05,19 / 20,5429209,2019-09-06 20:50:34:952,-2.0436,0.8043,9.6457,-0.0138,-0.0532,9.8064,-0.117,0.378,-0.1596,11.75,-37.94,-7.06,99.08,-80.56,132.28
52.399017,-1.501011,153.05,8.94,2,346.05,19 / 20,5429310,2019-09-06 20:50:35:053,-1.6008,-0.7976,9.6234,-0.0549,0.0076,9.8065,-0.0636,0.3914,-0.0973,13.06,-37.25,-6.69,96.43,-79.68,131.28
52.399017,-1.501011,153.05,8.94,2,346.05,19 / 20,5429410,2019-09-06 20:50:35:153,-0.5511,-1.7282,10.3779,-0.025,0.0275,9.8065,0.0499,0.3885,-0.0445,12.75,-37.19,-5.56,95.01,-79.41,131.55
52.399017,-1.501011,153.05,8.94,2,346.05,19 / 20,5429510,2019-09-06 20:50:35:253,-0.7682,-1.3374,10.4551,0.0153,-0.0159,9.8066,0.0315,0.3849,-0.042,13.5,-38.31,-5.19,90.19,-79.41,131.99
52.399017,-1.501011,153.05,8.94,2,346.05,19 / 20,5429610,2019-09-06 20:50:35:353,-0.2814,-1.9203,9.9893,-0.0219,0.0146,9.8065,0.0583,0.4099,-0.0744,14.06,-37,-4.25,87.95,-79.14,132.8
52.399017,-1.501011,153.05,8.94,2,346.05,19 / 20,5429709,2019-09-06 20:50:35:452,-1.3545,-1.9965,9.7997,-0.0305,0.0215,9.8065,0.0964,0.4194,-0.0542,13.88,-36.87,-3.12,86.4,-78.86,133.73
52.399017,-1.501011,153.05,8.94,2,346.05,19 / 20,5429810,2019-09-06 20:50:35:553,0.3349,-2.0471,9.9596,-0.0075,0.0211,9.8066,-0.1418,0.4383,-0.0224,14.63,-37.44,-2.37,82.7,-78.62,135.75
52.399017,-1.501011,153.05,8.94,2,346.05,19 / 20,5429909,2019-09-06 20:50:35:652,-1.4392,-1.1807,10.2276,-0.034,0.0486,9.8064,-0.0473,0.3848,0.0063,14.5,-37.12,-2,85.92,-78.51,138.51
52.399017,-1.501011,153.05,8.94,2,346.05,19 / 20,5430010,2019-09-06 20:50:35:753,-1.0099,-0.8385,10.6029,-0.0137,0.0537,9.8064,-0.0885,0.4191,0.0104,14.75,-36.5,-1.06,83.36,-78.55,140.63
52.399017,-1.501011,153.05,8.94,2,346.05,19 / 20,5430109,2019-09-06 20:50:35:852,0.3547,-0.893,10.3352,-0.0008,0.0195,9.8066,0.0087,0.3524,-0.0378,15.56,-36.81,-0.12,80.73,-78.59,143.13
52.399017,-1.501011,153.05,8.94,2,346.05,19 / 20,5430210,2019-09-06 20:50:35:953,-0.9181,-1.1172,9.7769,-0.0171,0.0016,9.8066,-0.0568,0.4712,-0.0889,15.75,-36.94,0.19,82.19,-78.35,143.85
52.399017,-1.501011,153.05,8.94,2,346.05,19 / 20,5430310,2019-09-06 20:50:36:053,-1.0237,-1.8249,9.4389,-0.0077,0.0154,9.8066,-0.0623,0.4585,-0.0021,15.63,-36.87,0.88,79.83,-78.15,144.73
52.399525,-1.501238,153.32,5.42,4,293.52,19 / 20,5430409,2019-09-06 20:50:36:152,-1.5569,-2.102,9.7221,-0.0093,0.0231,9.8065,-0.0411,0.3541,-0.0292,15.88,-36.31,1.38,79.61,-78.17,145.42
52.399525,-1.501238,153.32,5.42,4,293.52,19 / 20,5430509,2019-09-06 20:50:36:252,-0.7549,-1.4835,10.1047,-0.0006,0.0269,9.8066,0.0027,0.4292,0.0094,16.56,-37.19,2.75,73.21,-78.18,147.49
52.399525,-1.501238,153.32,5.42,4,293.52,19 / 20,5430610,2019-09-06 20:50:36:353,-1.0328,-1.2505,10.6313,-0.021,0.0247,9.8066,-0.1582,0.415,-0.0475,15.69,-36.69,3.19,75.45,-78.24,148.56
52.399525,-1.501238,153.32,5.42,4,293.52,19 / 20,5430709,2019-09-06 20:50:36:452,-0.0202,-1.9609,10.0756,-0.0225,0.0173,9.8065,-0.1517,0.4105,-0.0227,16.13,-37.12,3.63,73.23,-78.17,150.25
52.399525,-1.501238,153.32,5.42,4,293.52,19 / 20,5430809,2019-09-06 20:50:36:552,-0.7583,-1.4468,9.3821,-0.0027,0.015,9.8066,-0.1007,0.4713,-0.0433,16.56,-36.56,4.81,69.71,-78.2,151.62
52.399525,-1.501238,153.32,5.42,4,293.52,19 / 20,5430909,2019-09-06 20:50:36:652,-1.6827,-1.7304,10.0926,-0.0287,0.0159,9.8065,-0.0447,0.3774,-0.0366,16.06,-36.56,5.25,71.49,-78.17,152.53
52.399525,-1.501238,153.32,5.42,4,293.52,19 / 20,5431009,2019-09-06 20:50:36:752,0.3214,-1.1293,9.4008,0.0041,0.0124,9.8066,0.0092,0.4714,-0.0425,16.5,-36.44,6.81,62.25,-78.2,153.01
52.399525,-1.501238,153.32,5.42,4,293.52,19 / 20,5431110,2019-09-06 20:50:36:853,-0.286,-1.2597,10.2414,0.0057,0.0044,9.8066,0.0527,0.3349,-0.0207,16.69,-36.25,6.88,63.88,-78.17,154.26
52.399525,-1.501238,153.32,5.42,4,293.52,19 / 20,5431210,2019-09-06 20:50:36:953,-0.1318,-1.8432,10.3202,0.0063,0.0101,9.8066,-0.0135,0.3489,-0.0117,16.06,-36.25,7.88,59.7,-78.15,154.47
52.399525,-1.501238,153.32,5.42,4,293.52,19 / 20,5431309,2019-09-06 20:50:37:052,-0.4577,-1.9694,9.948,0.0021,0.0075,9.8066,-0.0951,0.3883,-0.0555,16.25,-36.25,8.81,56.29,-78.18,155.25
52.399525,-1.501238,153.32,5.42,4,293.52,19 / 20,5431409,2019-09-06 20:50:37:152,0.7393,-0.9964,9.6415,-0.0004,0.0021,9.8065,0.0795,0.3119,-0.0492,16.19,-35.19,8.88,56.46,-78.13,155.87
52.399525,-1.501238,153.32,5.42,4,293.52,19 / 20,5431510,2019-09-06 20:50:37:253,0.0492,0.1425,9.7775,-0.0058,0.0098,9.8066,0.068,0.3017,-0.0466,15.75,-36,10.06,54.04,-78.06,156.54
52.399525,-1.501238,153.32,5.42,4,293.52,19 / 20,5431610,2019-09-06 20:50:37:353,-1.1272,-0.5853,10.2314,-0.0246,0.0128,9.8066,-0.0416,0.2263,0.0501,15.88,-35.62,10.56,51.96,-77.91,157.78
52.399525,-1.501238,153.32,5.42,4,293.52,19 / 20,5431709,2019-09-06 20:50:37:452,-0.4876,-0.5538,10.5298,0.0038,0.0116,9.8066,-0.0422,0.1828,-0.0522,16.5,-35.25,10.44,56.83,-78,158.43
52.399525,-1.501238,153.32,5.42,4,293.52,19 / 20,5431809,2019-09-06 20:50:37:552,-2.0296,-0.8455,10.2309,-0.0324,-0.0042,9.8066,-0.0142,0.1932,0.0371,15.81,-35.37,11.75,48.98,-78.07,159.19
52.399525,-1.501238,153.32,5.42,4,293.52,19 / 20,5431909,2019-09-06 20:50:37:652,-0.089,-0.2768,9.6655,-0.0227,-0.0061,9.8065,-0.0636,0.1525,-0.0554,15.75,-35.87,11.31,54.79,-77.9,159.89
52.399525,-1.501238,153.32,5.42,4,293.52,19 / 20,5432010,2019-09-06 20:50:37:753,-0.4848,-0.4287,10.0476,-0.009,-0.0005,9.8066,0.0198,0.0745,-0.0041,15.63,-35.56,11.44,55.48,-77.79,160.22
52.399525,-1.501238,153.32,5.42,4,293.52,19 / 20,5432110,2019-09-06 20:50:37:853,-0.1141,0.6535,9.9563,-0.0029,-0.0037,9.8066,-0.0321,0.1118,-0.0099,15.75,-36.19,12,51.82,-77.69,160.22
52.399525,-1.501238,153.32,5.42,4,293.52,19 / 20,5432210,2019-09-06 20:50:37:953,-0.3652,-0.6384,9.7075,-0.006,-0.0056,9.8066,-0.0136,0.0514,-0.0339,16.25,-35.31,11.94,51.32,-77.62,160.25
52.399525,-1.501238,153.32,5.42,4,293.52,19 / 20,5432310,2019-09-06 20:50:38:053,-0.5945,0.1655,9.4918,-0.0082,0.0046,9.8066,0.0066,0.0699,0.0282,15.5,-35.44,12.06,51.3,-77.67,160.31
52.399525,-1.501238,153.32,5.42,4,293.52,19 / 20,5432410,2019-09-06 20:50:38:153,0.1678,0.986,9.7412,0.0058,0.0077,9.8066,-0.0331,0.0332,-0.003,15.63,-36,12.06,52.03,-77.72,160.42
52.399525,-1.501238,153.32,5.42,4,293.52,19 / 20,5432509,2019-09-06 20:50:38:252,-0.1729,0.7588,9.6153,0.0144,0.0221,9.8065,0.0335,0.019,0.0288,15.56,-35.37,11.5,51.64,-77.95,161
52.399525,-1.501238,153.32,5.42,4,293.52,19 / 20,5432609,2019-09-06 20:50:38:352,-0.669,1.0783,10.1382,-0.0162,-0.004,9.8066,-0.083,-0.0152,0.0003,14.94,-36.44,12.38,50.89,-78.06,161.18
52.399525,-1.501238,153.32,5.42,4,293.52,19 / 20,5432710,2019-09-06 20:50:38:453,-0.351,1.1169,9.6133,-0.0064,-0.0153,9.8066,-0.1625,0.0793,-0.0234,15.69,-36,11.81,51.47,-78.11,160.64
52.399525,-1.501238,153.32,5.42,4,293.52,19 / 20,5432809,2019-09-06 20:50:38:552,-0.1742,1.0298,9.9284,0.0445,0.009,9.8065,0.1375,-0.0272,0.0219,15.56,-36.37,12.19,50.67,-78.2,160.18
52.399525,-1.501238,153.32,5.42,4,293.52,19 / 20,5432909,2019-09-06 20:50:38:652,-0.6482,0.2184,10.5803,0.0265,0.0077,9.8065,0.1524,0.0056,-0.0107,15.19,-36.12,12.5,46.08,-78.02,160.45
52.399525,-1.501238,153.32,5.42,4,293.52,19 / 20,5433010,2019-09-06 20:50:38:753,-0.5115,0.4457,10.499,-0.0577,-0.0151,9.8064,-0.1284,-0.0341,0.0361,15.31,-36.06,12.44,51,-77.87,160.96
52.399525,-1.501238,153.32,5.42,4,293.52,19 / 20,5433110,2019-09-06 20:50:38:853,-1.5679,0.0994,9.6004,-0.015,-0.0126,9.8066,-0.0812,-0.0652,-0.0266,15.5,-36.19,12.56,50.38,-77.45,161.55
52.399525,-1.501238,153.32,5.42,4,293.52,19 / 20,5433210,2019-09-06 20:50:38:953,0.3592,0.0395,9.6666,-0.0512,-0.0179,9.8064,-0.1482,-0.0424,0.0532,15.25,-36.19,12.94,49.61,-77.26,161.82
52.399525,-1.501238,153.32,5.42,4,293.52,19 / 20,5433310,2019-09-06 20:50:39:053,-0.0969,0.0862,9.0014,0.0436,0.0287,9.8064,-0.2149,0.0282,0.0095,15.75,-36.19,12.56,50.51,-77.46,161.65
52.399525,-1.501238,153.32,5.42,4,293.52,19 / 21,5433409,2019-09-06 20:50:39:152,-0.3194,0.9188,9.3035,0.0243,0.0201,9.8065,0.1598,-0.0111,0.0104,15.38,-36.44,12.56,48.89,-77.75,162.07
52.399525,-1.501238,153.32,5.42,4,293.52,19 / 21,5433510,2019-09-06 20:50:39:253,-0.3907,0.3878,9.8542,-0.0184,-0.0041,9.8066,0.0483,0.0107,-0.0159,15.94,-36.69,12.5,51.62,-77.68,162.33
52.399525,-1.501238,153.32,5.42,4,293.52,19 / 21,5433609,2019-09-06 20:50:39:352,-0.0984,0.2689,9.9162,0.0079,0.0069,9.8065,0.0969,-0.0834,0.003,15.44,-36.06,12.69,49.44,-77.69,162.38
52.399525,-1.501238,153.32,5.42,4,293.52,19 / 21,5433709,2019-09-06 20:50:39:452,-0.4555,0.4403,8.6092,0.0001,-0.0147,9.8066,-0.0494,-0.1215,0.0447,15.19,-36.06,12.19,53.25,-77.53,162.02
52.399525,-1.501238,153.32,5.42,4,293.52,19 / 21,5433810,2019-09-06 20:50:39:553,0.4148,2.4954,10.6887,-0.0028,0.0057,9.8066,0.1308,-0.0095,-0.0617,15.5,-36.06,12.44,54.76,-77.55,162.2
52.399525,-1.501238,153.32,5.42,4,293.52,19 / 21,5433910,2019-09-06 20:50:39:653,-2.2285,1.3231,10.8025,0.037,0.0212,9.8065,0.0437,-0.1707,0.0589,14.81,-36.69,12.06,53.92,-77.69,162.25
52.399525,-1.501238,153.32,5.42,4,293.52,19 / 21,5434010,2019-09-06 20:50:39:753,-1.3685,-1.1331,10.6106,-0.0721,-0.0156,9.8063,-0.2652,-0.0688,0.0333,15.38,-37.06,11.63,55.66,-77.42,163.04
52.399525,-1.501238,153.32,5.42,4,293.52,19 / 21,5434109,2019-09-06 20:50:39:852,-0.1085,1.1599,9.636,-0.04,-0.0309,9.8064,-0.1568,-0.1017,0.048,15,-36.75,12.75,50.28,-77.55,162.26
52.399525,-1.501238,153.32,5.42,4,293.52,19 / 21,5434209,2019-09-06 20:50:39:952,-0.6535,-1.5327,9.9307,0.0366,0.003,9.8065,0.1273,0.0658,-0.0566,15.19,-37.25,12,54.4,-77.32,161.94
52.399525,-1.501238,153.32,5.42,4,293.52,19 / 21,5434310,2019-09-06 20:50:40:053,-0.589,1.9473,9.8573,0.0241,0.0324,9.8065,0.1812,-0.0777,0.0496,15.25,-36.44,12.25,52.94,-77.62,161.95
52.399525,-1.501238,153.32,5.42,4,293.52,19 / 20,5434409,2019-09-06 20:50:40:152,-1.6234,0.3366,10.3614,-0.0071,-0.016,9.8066,-0.1971,0.0021,-0.0175,15,-36.75,12.13,52.37,-77.77,161.26
52.399525,-1.501238,153.32,5.42,4,293.52,19 / 20,5434509,2019-09-06 20:50:40:252,0.2694,-0.1183,10.057,0.0027,-0.0063,9.8066,-0.0664,-0.0852,-0.0024,16.31,-36.62,11.75,52.68,-77.78,160.5
52.399525,-1.501238,153.32,5.42,4,293.52,19 / 20,5434610,2019-09-06 20:50:40:353,1.09,0.99,10.0425,-0.0091,-0.0069,9.8066,0.1981,-0.0355,-0.0005,15.31,-36.19,11.5,49.75,-77.65,159.69
52.399525,-1.501238,153.32,5.42,4,293.52,19 / 20,5434710,2019-09-06 20:50:40:453,-1.4178,1.4965,9.9982,-0.035,-0.0071,9.8066,0.1719,-0.0943,0.033,15.63,-36.69,12.13,51.97,-77.59,159.66
52.399525,-1.501238,153.32,5.42,4,293.52,19 / 20,5434810,2019-09-06 20:50:40:553,0.0685,0.2253,9.811,-0.0129,-0.0082,9.8066,0.0266,-0.1342,0.0406,15.13,-36.62,12.19,51.49,-77.34,159.88
52.399525,-1.501238,153.32,5.42,4,293.52,19 / 20,5434910,2019-09-06 20:50:40:653,0.7885,0.8001,9.6965,0.0036,-0.0206,9.8066,-0.0528,-0.0016,-0.0517,16.31,-36.94,12.13,52.11,-77.23,159.15
52.399525,-1.501238,153.32,5.42,4,293.52,19 / 20,5435010,2019-09-06 20:50:40:753,0.6568,1.7999,9.8479,0.0166,0.0024,9.8065,-0.1164,-0.0045,0.0054,16.19,-36.12,12,50.58,-77.23,158.57
52.399525,-1.501238,153.32,5.42,4,293.52,19 / 20,5435110,2019-09-06 20:50:40:853,0.4526,0.3541,9.7678,-0.0153,-0.0185,9.8066,0.1563,-0.0597,-0.0097,16.31,-36.44,11.69,49.8,-77.32,158.14
52.399525,-1.501238,153.32,5.42,4,293.52,19 / 20,5435209,2019-09-06 20:50:40:952,-0.8107,1.4942,9.4707,-0.0161,-0.0052,9.8066,-0.0288,-0.0257,0.04,16.63,-35.5,11.94,50.34,-77.13,157.83
52.399525,-1.501238,153.32,5.42,4,293.52,19 / 20,5435309,2019-09-06 20:50:41:052,0.3168,0.67,9.8307,0.0035,-0.0187,9.8066,-0.037,-0.0327,-0.0354,15.5,-36.06,11.63,49.35,-77.04,157.38
52.399525,-1.501238,153.32,5.42,4,293.52,19 / 20,5435410,2019-09-06 20:50:41:153,0.2548,-0.1752,9.7315,-0.0046,-0.0069,9.8066,0.0655,-0.0472,0.0077,15.69,-35.94,11.69,48.34,-76.99,156.58
52.399525,-1.501238,153.32,5.42,4,293.52,19 / 20,5435510,2019-09-06 20:50:41:253,0.1546,0.1651,9.5834,0.0109,-0.0052,9.8066,-0.0246,0.0374,-0.023,16.38,-35.75,12.13,47.23,-77.11,155.98
52.399525,-1.501238,153.32,5.42,4,293.52,19 / 20,5435609,2019-09-06 20:50:41:352,0.0038,0.9291,9.5009,-0.0025,-0.0046,9.8066,0.0423,-0.0116,-0.034,16.44,-36.31,11.31,51.2,-77.05,155.79
52.399525,-1.501238,153.32,5.42,4,293.52,19 / 20,5435709,2019-09-06 20:50:41:452,0.1,0.8032,9.5148,-0.0096,-0.0109,9.8066,0.039,0.046,-0.0327,16.5,-35.75,11.44,52.09,-76.95,155.49
52.399525,-1.501238,153.32,5.42,4,293.52,19 / 20,5435810,2019-09-06 20:50:41:553,-0.315,1.4675,9.8001,-0.0056,-0.0171,9.8066,-0.1309,0.0925,-0.0334,16.06,-36.56,11.38,50.99,-76.84,154.72
52.399525,-1.501238,153.32,5.42,4,293.52,19 / 20,5435910,2019-09-06 20:50:41:653,0.6697,-0.2108,9.9922,-0.0276,-0.0129,9.8066,-0.0441,0.0238,-0.0351,16.69,-35.75,11.56,47.38,-76.76,154.62
52.399525,-1.501238,153.32,5.42,4,293.52,19 / 20,5436010,2019-09-06 20:50:41:753,-0.1491,1.2717,9.7933,-0.012,-0.0065,9.8066,-0.021,0.0848,-0.0169,16.06,-36.44,11.63,45.95,-76.66,154.43
52.399525,-1.501238,153.32,5.42,4,293.52,19 / 20,5436110,2019-09-06 20:50:41:853,0.1552,1.219,9.2704,-0.0428,-0.0171,9.8065,-0.0434,-0.0324,0.0194,16.31,-36,12.13,46.84,-76.45,154.72
52.399525,-1.501238,153.32,5.42,4,293.52,19 / 20,5436210,2019-09-06 20:50:41:953,0.0464,0.2355,9.5129,0.0456,0.0087,9.8065,0.1374,0.0053,0.0135,16.13,-36.25,12.13,46.96,-76.3,154.56
52.399525,-1.501238,153.32,5.42,4,293.52,19 / 20,5436310,2019-09-06 20:50:42:053,-0.5076,1.1886,9.3264,0.0169,-0.0001,9.8065,-0.0876,-0.0363,0.0634,16.31,-36.94,11.69,46.66,-76.42,154.01
52.399525,-1.501238,153.32,5.42,4,293.52,19 / 20,5436409,2019-09-06 20:50:42:152,0.3762,0.2099,9.3571,0.0486,0.0091,9.8065,0.0989,0.0788,-0.0701,16.31,-36.06,11.88,43.98,-76.63,153.03
52.399525,-1.501238,153.32,5.42,4,293.52,19 / 20,5436509,2019-09-06 20:50:42:252,-0.0207,0.8568,9.6434,0.0265,0.0101,9.8065,0.0323,0.0102,0.0699,16.75,-36.31,11.38,49.39,-76.66,153.07
52.399525,-1.501238,153.32,5.42,4,293.52,19 / 20,5436610,2019-09-06 20:50:42:353,-0.283,0.7898,9.5228,0.0316,0.0088,9.8066,-0.0129,0.0274,-0.0345,16.75,-36.25,11.31,48.55,-76.72,152.58
52.399525,-1.501238,153.32,5.42,4,293.52,19 / 20,5436710,2019-09-06 20:50:42:453,-0.4513,-0.2545,9.5733,0.0374,0.0236,9.8065,-0.0117,0.0001,0.0734,16.44,-36.19,10.88,46.99,-76.95,152.67
52.399525,-1.501238,153.32,5.42,4,293.52,19 / 20,5436810,2019-09-06 20:50:42:553,2.6,0.4875,10.2011,0.0074,0.0028,9.8066,0.1865,0.0731,-0.0708,16.13,-36.06,10.81,46.43,-77.19,152.65
52.399525,-1.501238,153.32,5.42,4,293.52,19 / 20,5436910,2019-09-06 20:50:42:653,1.0332,0.7288,10.7697,-0.0168,0.0186,9.8066,0.1028,0.044,0.0694,15.94,-35.75,10.88,46.74,-77.33,153.09
52.399525,-1.501238,153.32,5.42,4,293.52,19 / 20,5437010,2019-09-06 20:50:42:753,-0.4442,0.0133,10.2215,0.0041,0.0046,9.8066,0.1256,-0.0491,-0.0237,16.38,-35.94,11.06,48.33,-77.21,154
52.399525,-1.501238,153.32,5.42,4,293.52,19 / 20,5437109,2019-09-06 20:50:42:852,0.9208,1.3983,9.9508,-0.0455,-0.0169,9.8064,0.0178,-0.058,0.0411,15.94,-35.81,12.13,47.14,-76.65,155.23
52.399525,-1.501238,153.32,5.42,4,293.52,19 / 20,5437209,2019-09-06 20:50:42:952,0.3135,-0.157,9.8858,0.0365,0.005,9.8065,0.2316,-0.0819,-0.032,15.25,-35.37,12.25,46.88,-76.18,155.88
52.399525,-1.501238,153.32,5.42,4,293.52,19 / 20,5437309,2019-09-06 20:50:43:052,-1.0603,-0.1463,8.8658,0.0446,0.0083,9.8065,-0.0056,0.0742,0.0163,16,-35.87,12.06,49.04,-76.08,155.64
52.399525,-1.501238,153.32,5.42,4,293.52,18 / 20,5437410,2019-09-06 20:50:43:153,0.1397,0.2125,9.758,-0.0409,0.0001,9.8065,-0.1047,-0.0954,-0.0164,16,-36.31,11.63,47.85,-76.41,155.34
52.399525,-1.501238,153.32,5.42,4,293.52,18 / 20,5437510,2019-09-06 20:50:43:253,1.4953,0.4048,9.4982,0.0561,0.0223,9.8064,-0.1337,0.058,-0.0265,15.88,-36.94,11.56,48.35,-76.49,155.28
52.399525,-1.501238,153.32,5.42,4,293.52,18 / 20,5437609,2019-09-06 20:50:43:352,0.5703,-1.5891,9.0425,0.0568,0.0257,9.8064,0.036,-0.0817,0.1054,16.25,-36.75,12.13,47.47,-76.84,155.23
52.399525,-1.501238,153.32,5.42,4,293.52,18 / 20,5437710,2019-09-06 20:50:43:453,0.2402,-0.5817,10.0358,-0.0012,0.0008,9.8066,-0.0116,0.0175,-0.0997,15.44,-36.19,12.94,42.29,-76.63,155.82
52.399525,-1.501238,153.32,5.42,4,293.52,18 / 20,5437810,2019-09-06 20:50:43:553,-0.1653,-0.0934,10.1442,-0.0346,0.0052,9.8065,-0.0644,0.1094,0.1096,15.63,-35.44,12.38,48.85,-76.61,156.88
52.399525,-1.501238,153.32,5.42,4,293.52,18 / 20,5437910,2019-09-06 20:50:43:653,0.1074,0.3564,10.4983,0.0072,0.0021,9.8066,-0.0081,0.0058,-0.0286,15.94,-35.31,11.44,52.7,-76.79,157
52.399525,-1.501238,153.32,5.42,4,293.52,18 / 20,5438009,2019-09-06 20:50:43:752,-0.5921,-0.8268,10.0135,-0.0255,-0.0038,9.8065,-0.0605,0.0347,0.082,15.44,-36.12,11.88,47.18,-76.91,156.69
52.399525,-1.501238,153.32,5.42,4,293.52,18 / 20,5438109,2019-09-06 20:50:43:852,-0.1775,-0.1812,10.1983,-0.0337,0.0021,9.8066,-0.0611,0.0692,0.0559,16,-35.31,12.63,46.17,-76.74,157.93
52.399525,-1.501238,153.32,5.42,4,293.52,18 / 20,5438209,2019-09-06 20:50:43:952,0.0313,1.1388,9.2916,0.0118,0.0238,9.8066,-0.0158,0.0909,0.0276,15.31,-36.12,12.38,50.63,-76.79,158.88
52.399525,-1.501238,153.32,5.42,4,293.52,18 / 20,5438309,2019-09-06 20:50:44:052,-0.0566,0.443,9.7762,-0.0016,0.0265,9.8066,0.0369,-0.018,0.0922,15.31,-35.94,12.63,47.93,-76.9,160.06
52.399525,-1.501238,153.32,5.42,4,293.52,19 / 20,5438410,2019-09-06 20:50:44:153,0.6174,0.4246,9.7467,0.0068,0.0145,9.8066,-0.0222,0.0393,0.0755,14.94,-36,12.25,52.35,-76.97,160.41
52.399525,-1.501238,153.32,5.42,4,293.52,19 / 20,5438509,2019-09-06 20:50:44:252,0.1431,0.7839,9.7074,0.0214,0.0329,9.8065,-0.0895,-0.0032,-0.0065,15,-35.5,12.06,52.01,-77.33,161.33
52.399525,-1.501238,153.32,5.42,4,293.52,19 / 20,5438610,2019-09-06 20:50:44:353,1.2928,1.1676,9.2734,-0.0118,0.0106,9.8066,-0.1375,0.0534,0.035,14.81,-35.87,12.5,49.9,-77.51,162.43
52.399525,-1.501238,153.32,5.42,4,293.52,19 / 20,5438710,2019-09-06 20:50:44:453,0.815,1.3425,9.8643,-0.0211,0.0103,9.8066,0.0978,0.0438,-0.0091,14.94,-35.56,11.94,54.65,-77.59,163.18
52.399525,-1.501238,153.32,5.42,4,293.52,19 / 20,5438810,2019-09-06 20:50:44:553,-0.5273,0.5429,9.8549,0.0273,0.0166,9.8065,0.2132,-0.0263,0.0202,14.75,-36.12,12.5,50.72,-77.83,163.54
52.399525,-1.501238,153.32,5.42,4,293.52,19 / 20,5438910,2019-09-06 20:50:44:653,-0.103,0.2708,9.8851,0.0091,0.0156,9.8066,-0.0659,0.0022,0.0381,15.38,-35.69,12.56,51.71,-77.83,164.27
52.399525,-1.501238,153.32,5.42,4,293.52,19 / 20,5439010,2019-09-06 20:50:44:753,1.0411,1.126,9.7735,0.0054,0.0135,9.8065,-0.0012,-0.0608,0.0293,15.06,-36.19,12.56,52.52,-77.73,164.71
52.399525,-1.501238,153.32,5.42,4,293.52,19 / 20,5439109,2019-09-06 20:50:44:852,0.7505,0.8701,10.0212,0.0081,0.0088,9.8065,0.0252,0.0121,0.0243,15.5,-36.31,12.5,54.55,-77.83,165.31
52.399525,-1.501238,153.32,5.42,4,293.52,19 / 20,5439209,2019-09-06 20:50:44:952,0.0278,0.7614,9.618,0.0222,0.0184,9.8065,0.1059,-0.0133,0.0265,15,-36.12,13,53.11,-78.05,165.69
52.399525,-1.501238,153.32,5.42,4,293.52,19 / 20,5439310,2019-09-06 20:50:45:053,-0.0265,0.6568,10.0483,0.0075,0.0125,9.8066,-0.0326,0.0149,0.0167,15.06,-36,12.94,53.62,-78.08,166.13
52.39943,-1.502204,154.22,8.09,3,257.7,19 / 20,5439410,2019-09-06 20:50:45:153,0.528,1.2417,9.3773,0.0056,0.0122,9.8066,-0.0302,0.039,0.0042,15.31,-36.62,12.31,58.43,-78.14,166.51
52.39943,-1.502204,154.22,8.09,3,257.7,19 / 20,5439509,2019-09-06 20:50:45:252,1.1436,0.8475,9.8266,0.0177,0.0067,9.8066,-0.0062,-0.0085,0.0406,14.69,-36.81,12.44,58.25,-78.25,166.57
52.39943,-1.502204,154.22,8.09,3,257.7,19 / 20,5439609,2019-09-06 20:50:45:352,0.6935,1.3501,9.7702,-0.0124,0.0058,9.8065,-0.0405,-0.0216,0.0267,15,-37.12,12.25,59.2,-78.22,167.26
52.39943,-1.502204,154.22,8.09,3,257.7,19 / 20,5439710,2019-09-06 20:50:45:453,1.0513,1.4729,9.5924,0.0243,0.0113,9.8065,0.1529,-0.0385,-0.0095,13.88,-37.69,12.63,55.1,-78.21,167.63
52.39943,-1.502204,154.22,8.09,3,257.7,19 / 20,5439809,2019-09-06 20:50:45:552,-0.079,1.2671,9.6921,0.02,0.0038,9.8066,0.0396,0.0269,-0.0002,14.63,-37,12.13,59.84,-78.19,167.69
52.39943,-1.502204,154.22,8.09,3,257.7,19 / 20,5439909,2019-09-06 20:50:45:652,1.1538,1.5963,10.1556,0.006,-0.0013,9.8065,0.0467,-0.0238,-0.0558,14.44,-37.25,12.69,53.81,-78.24,167.27
52.39943,-1.502204,154.22,8.09,3,257.7,19 / 20,5440009,2019-09-06 20:50:45:752,0.458,1.9434,9.7413,0.0028,-0.0137,9.8065,-0.0082,-0.0622,0.0237,14.63,-36.44,12.44,58.03,-78.1,166.68
52.39943,-1.502204,154.22,8.09,3,257.7,19 / 20,5440109,2019-09-06 20:50:45:852,0.2746,1.1455,9.3299,-0.0237,-0.017,9.8066,0.1245,-0.046,-0.0505,14.75,-36.87,12.69,55.1,-77.91,166.44
52.39943,-1.502204,154.22,8.09,3,257.7,19 / 20,5440209,2019-09-06 20:50:45:952,0.4859,1.1036,9.1907,0.0244,0.0001,9.8065,0.0144,-0.0479,0.0667,15,-36.75,12.63,54.33,-77.88,165.8
52.39943,-1.502204,154.22,8.09,3,257.7,19 / 20,5440309,2019-09-06 20:50:46:052,-0.1042,1.5275,9.8548,0.0168,0.0161,9.8066,0.0332,-0.0199,-0.0443,14.81,-36.44,12.94,53.86,-77.96,166.1
52.39943,-1.502204,154.22,8.09,3,257.7,19 / 20,5440410,2019-09-06 20:50:46:153,0.5834,0.9144,9.9772,0.0273,0.0082,9.8066,0.121,-0.0738,0.0597,14.75,-37.12,12.69,53.6,-78.06,165.56
52.39943,-1.502204,154.22,8.09,3,257.7,19 / 20,5440509,2019-09-06 20:50:46:252,0.5683,1.1439,9.3865,0.0176,0.0107,9.8066,0.0244,-0.0158,0.0018,15.19,-36.44,12.63,52.49,-78.27,165.58
52.39943,-1.502204,154.22,8.09,3,257.7,19 / 20,5440609,2019-09-06 20:50:46:352,-0.1171,2.0661,9.3848,0.0229,0.0179,9.8065,0.1494,-0.1146,0.0596,14.31,-36.87,12,55.82,-78.39,166.06
52.39943,-1.502204,154.22,8.09,3,257.7,19 / 20,5440710,2019-09-06 20:50:46:453,0.6094,0.538,9.6728,0.0177,0.02,9.8066,-0.022,-0.1022,0.0784,15.06,-37.62,11.5,59.25,-78.34,166.97
52.39943,-1.502204,154.22,8.09,3,257.7,19 / 20,5440809,2019-09-06 20:50:46:552,0.3691,1.3357,9.8102,-0.0057,0.0117,9.8065,-0.0258,-0.0475,-0.0169,15.25,-37.31,11.81,58.96,-78.48,167.56
52.39943,-1.502204,154.22,8.09,3,257.7,19 / 20,5440910,2019-09-06 20:50:46:653,1.1792,2.2489,10.1407,0.0057,0.0022,9.8066,0.0489,-0.0445,0.0482,15.13,-37.75,10.44,67.38,-78.59,167.62
52.39943,-1.502204,154.22,8.09,3,257.7,19 / 20,5441010,2019-09-06 20:50:46:753,-0.3158,0.7996,10.4499,-0.0004,-0.0013,9.8066,0.082,-0.1037,-0.0157,15.5,-37.75,11.19,64.19,-78.58,167.48
52.39943,-1.502204,154.22,8.09,3,257.7,19 / 20,5441110,2019-09-06 20:50:46:853,-1.0776,0.5327,9.6775,-0.0508,0.002,9.8064,-0.0993,-0.0929,0.093,14.38,-38.37,11.19,62.19,-78.57,167.53
52.39943,-1.502204,154.22,8.09,3,257.7,19 / 20,5441210,2019-09-06 20:50:46:953,-0.6382,1.545,9.2028,-0.0823,-0.0141,9.8062,-0.2332,0.0063,0.0297,14.5,-38.62,11.44,67.66,-78.05,169.32
52.39943,-1.502204,154.22,8.09,3,257.7,19 / 20,5441310,2019-09-06 20:50:47:053,0.2774,1.8664,9.2427,-0.0851,-0.0254,9.8062,-0.0041,-0.0978,-0.0357,14,-38.56,11.81,62.23,-78.14,169.3
52.39943,-1.502204,154.22,8.09,3,257.7,19 / 20,5441410,2019-09-06 20:50:47:153,0.7627,1.1353,8.9018,0.0675,0.0213,9.8063,-0.1085,-0.2251,0.1646,14.63,-38.19,11.44,65.45,-78.43,168.98
52.39943,-1.502204,154.22,8.09,3,257.7,19 / 20,5441510,2019-09-06 20:50:47:253,-0.7272,3.2553,10.2762,0.0071,0.0322,9.8066,0.0327,-0.0106,-0.0443,14.56,-37.81,10.94,65.73,-78.96,170.33
52.39943,-1.502204,154.22,8.09,3,257.7,19 / 20,5441609,2019-09-06 20:50:47:352,-0.8452,1.6086,9.5084,-0.0035,-0.0063,9.8066,0.0531,-0.1395,0.0636,13.75,-37.81,10.44,67.99,-79.14,170.1
52.39943,-1.502204,154.22,8.09,3,257.7,19 / 20,5441710,2019-09-06 20:50:47:453,0.8778,1.7639,9.3284,0.0292,-0.0103,9.8065,-0.0181,-0.1328,0.0263,14.63,-37.62,10.38,69.01,-79.12,170.19
52.39943,-1.502204,154.22,8.09,3,257.7,19 / 20,5441810,2019-09-06 20:50:47:553,-0.9782,1.3359,10.2683,-0.0073,-0.007,9.8066,-0.0564,-0.1337,-0.0038,14.25,-37.94,10.13,66.82,-79.15,169.15
52.39943,-1.502204,154.22,8.09,3,257.7,19 / 20,5441909,2019-09-06 20:50:47:652,0.0163,1.8866,9.785,-0.0079,-0.0084,9.8066,0.0011,-0.1036,0.0232,14.56,-37.12,9.88,66.43,-79.2,168.77
52.39943,-1.502204,154.22,8.09,3,257.7,19 / 20,5442010,2019-09-06 20:50:47:753,0.8517,1.3703,9.9456,0.0143,-0.0034,9.8066,-0.004,-0.1255,-0.0127,14,-37.44,9,68.85,-79.26,168.13
52.39943,-1.502204,154.22,8.09,3,257.7,19 / 20,5442109,2019-09-06 20:50:47:852,-1.0166,1.356,9.8395,0.0065,-0.0054,9.8066,0.0348,-0.134,0.0105,14.75,-37.44,9.19,68.7,-79.31,167.53
52.39943,-1.502204,154.22,8.09,3,257.7,19 / 20,5442210,2019-09-06 20:50:47:953,-0.4655,1.6302,9.8009,0.014,-0.0044,9.8066,0.0387,-0.1346,0.0008,13.56,-37.31,9.19,67.25,-79.39,167.11
52.39943,-1.502204,154.22,8.09,3,257.7,19 / 20,5442310,2019-09-06 20:50:48:053,0.3025,1.1223,9.4633,0.0229,-0.0082,9.8066,0.0398,-0.1421,0.0216,14.31,-37.44,8.13,70.81,-79.41,166.4
52.39943,-1.502204,154.22,8.09,3,257.7,19 / 20,5442409,2019-09-06 20:50:48:152,-0.7977,2.3987,10.171,0.0033,-0.0057,9.8066,-0.0299,-0.0496,-0.0286,14.5,-37.56,8.38,71.65,-79.51,166.35
52.39943,-1.502204,154.22,8.09,3,257.7,19 / 20,5442510,2019-09-06 20:50:48:253,0.656,1.3469,9.6009,0.0144,0.0061,9.8066,-0.1795,-0.1824,-0.0031,14.38,-37.56,7.31,73.85,-79.72,165.19
52.39943,-1.502204,154.22,8.09,3,257.7,19 / 20,5442609,2019-09-06 20:50:48:352,0.9288,1.5563,9.1492,0.0065,-0.0053,9.8066,-0.1726,-0.0985,0.0415,14.56,-37.62,7.13,73.02,-79.96,164.94
52.39943,-1.502204,154.22,8.09,3,257.7,19 / 20,5442710,2019-09-06 20:50:48:453,-1.1738,1.9391,9.8163,0.0324,0.0086,9.8065,0.0077,-0.1183,-0.024,14,-37.75,6.63,72.69,-80.06,165.07
52.39943,-1.502204,154.22,8.09,3,257.7,19 / 20,5442809,2019-09-06 20:50:48:552,-0.8018,0.9653,9.7506,0.0137,0.0036,9.8065,0.0883,-0.0926,0.0094,14.38,-37.31,6.31,75.44,-80.35,164.91
52.39943,-1.502204,154.22,8.09,3,257.7,19 / 20,5442910,2019-09-06 20:50:48:653,-0.0435,1.4283,10.049,0.0225,0.0047,9.8065,-0.0112,-0.1233,0.0321,14.44,-37.62,6.63,71.43,-80.43,164.96
52.39943,-1.502204,154.22,8.09,3,257.7,19 / 20,5443009,2019-09-06 20:50:48:752,-1.8629,1.5341,10.4686,0.0015,0.0006,9.8066,0.039,-0.1225,-0.0039,13.81,-37.62,6.5,70.71,-80.56,164.66
52.39943,-1.502204,154.22,8.09,3,257.7,19 / 20,5443110,2019-09-06 20:50:48:853,-0.7011,1.8507,9.6327,0.0068,0.0087,9.8065,-0.0323,-0.1365,0.0601,14.63,-38,6,75.22,-80.67,164.9
52.39943,-1.502204,154.22,8.09,3,257.7,19 / 20,5443210,2019-09-06 20:50:48:953,0.8504,1.1568,9.299,0.008,-0.0015,9.8066,-0.0572,-0.1217,-0.0398,14.13,-37.75,5.69,74.62,-80.82,164.77
52.39943,-1.502204,154.22,8.09,3,257.7,19 / 20,5443310,2019-09-06 20:50:49:053,0.2893,1.8652,9.9412,0.0125,-0.0067,9.8066,0.0108,-0.0652,0.0069,14.94,-37.87,5.56,73.63,-80.9,164.08
52.39943,-1.502204,154.22,8.09,3,257.7,19 / 20,5443410,2019-09-06 20:50:49:153,0.9526,0.9611,9.8407,0.0157,-0.0095,9.8066,0.0186,-0.0941,-0.0008,14.38,-37.75,4.69,76.81,-81.02,163.15
52.39943,-1.502204,154.22,8.09,3,257.7,19 / 20,5443510,2019-09-06 20:50:49:253,-0.6823,0.9618,9.4941,0.0209,-0.0053,9.8066,0.0537,-0.1048,-0.0045,14.69,-37.44,4.63,74.26,-81.14,161.97
52.39943,-1.502204,154.22,8.09,3,257.7,19 / 20,5443610,2019-09-06 20:50:49:353,-1.0967,1.1643,9.4366,0.0051,0.0009,9.8066,-0.018,-0.0739,0.0045,14.88,-37.62,4.44,78.84,-81.19,161.79
52.39943,-1.502204,154.22,8.09,3,257.7,19 / 20,5443710,2019-09-06 20:50:49:453,0.7903,0.5378,9.3129,0.0017,-0.0079,9.8066,0.043,-0.0553,-0.0171,14.56,-37.31,3.75,77.66,-81.19,161.3
52.39943,-1.502204,154.22,8.09,3,257.7,19 / 20,5443809,2019-09-06 20:50:49:552,0.2764,0.5774,9.6369,0.038,0.006,9.8065,0.0066,-0.1064,0.0273,15.44,-38.19,3.19,81.4,-81.46,160.96
52.39943,-1.502204,154.22,8.09,3,257.7,19 / 20,5443909,2019-09-06 20:50:49:652,0.2426,1.2367,9.5675,0.0251,0.0037,9.8065,0.1008,-0.0699,0.0372,15.06,-38.12,3.06,81.33,-81.6,161.3
52.39943,-1.502204,154.22,8.09,3,257.7,19 / 20,5444010,2019-09-06 20:50:49:753,-1.432,0.8242,9.6996,0.0095,-0.0022,9.8066,-0.1504,-0.0911,-0.0046,14.94,-37.62,3.25,80.98,-81.77,161.42
52.39943,-1.502204,154.22,8.09,3,257.7,19 / 20,5444110,2019-09-06 20:50:49:853,-1.2692,2.3721,10.3235,-0.0002,0.0119,9.8066,0.0525,-0.1589,0.0956,14.94,-38.69,3.19,80.7,-82.03,161.3
52.39943,-1.502204,154.22,8.09,3,257.7,19 / 20,5444210,2019-09-06 20:50:49:953,-1.4777,1.1653,9.7697,0.0607,-0.0045,9.8064,0.0112,-0.2542,0.0335,14.94,-39,2.88,79.03,-82.49,160.99
52.39943,-1.502204,154.22,8.09,3,257.7,19 / 20,5444310,2019-09-06 20:50:50:053,-0.9825,-0.0284,9.368,0.0454,-0.0291,9.8065,-0.2163,0.1387,-0.0588,14.81,-39.12,3.06,77.28,-82.62,159.7
52.39943,-1.502204,154.22,8.09,3,257.7,19 / 20,5444410,2019-09-06 20:50:50:153,0.4142,3.2254,9.6339,0.0691,0.0086,9.8063,0.2352,0.0664,-0.0526,14.56,-38.31,2.81,76.42,-83.34,161.26
52.39943,-1.502204,154.22,8.09,3,257.7,19 / 20,5444509,2019-09-06 20:50:50:252,1.1101,2.9105,9.9157,0.0725,0.0045,9.8063,0.1676,-0.2468,0.0636,14.19,-38.44,2.06,81.11,-83.59,161.84
52.39943,-1.502204,154.22,8.09,3,257.7,19 / 20,5444610,2019-09-06 20:50:50:353,-1.4874,1.3422,10.3722,0.0483,-0.0039,9.8064,0.057,-0.0503,0.0132,14.31,-37.5,1.81,80.42,-83.49,161.37
52.39943,-1.502204,154.22,8.09,3,257.7,19 / 20,5444710,2019-09-06 20:50:50:453,1.4772,1.2236,10.2303,-0.0321,0.0223,9.8065,0.1303,-0.0085,-0.03,14.25,-38.06,1.81,80.9,-83.77,162.15
52.39943,-1.502204,154.22,8.09,3,257.7,19 / 20,5444810,2019-09-06 20:50:50:553,-0.7526,1.0509,9.3939,-0.0236,0.0045,9.8065,-0.1798,-0.0726,0.0597,14.81,-38.06,1.31,86.63,-83.73,164.33
52.39943,-1.502204,154.22,8.09,3,257.7,19 / 20,5444910,2019-09-06 20:50:50:653,-0.0664,0.997,9.7678,-0.0097,0.001,9.8066,-0.1724,-0.0212,-0.0323,14.31,-38.19,1,86.93,-83.89,164.16
52.39943,-1.502204,154.22,8.09,3,257.7,19 / 20,5445009,2019-09-06 20:50:50:752,0.1479,0.5363,9.7377,0.0157,-0.0046,9.8065,-0.0006,-0.0575,0.024,14.06,-37.94,0.75,84.82,-84.24,163.11
52.39943,-1.502204,154.22,8.09,3,257.7,19 / 20,5445110,2019-09-06 20:50:50:853,0.576,0.7526,9.7354,0.0198,-0.0023,9.8066,-0.05,-0.0611,0.0021,14.38,-38.06,0.44,87.75,-84.46,162.48
52.39943,-1.502204,154.22,8.09,3,257.7,19 / 20,5445210,2019-09-06 20:50:50:953,0.2177,0.6752,9.6438,0.006,-0.0027,9.8066,-0.022,-0.0236,0.0016,13.63,-38.75,0.56,83.92,-84.58,162.77
52.39943,-1.502204,154.22,8.09,3,257.7,19 / 20,5445309,2019-09-06 20:50:51:052,0.3777,0.5286,9.827,-0.0122,0.0066,9.8066,-0.0175,-0.0405,0.0119,14.25,-38.44,0.38,87.53,-84.62,162.71
52.39943,-1.502204,154.22,8.09,3,257.7,19 / 20,5445410,2019-09-06 20:50:51:153,0.7961,0.1219,9.7975,0.0097,-0.0007,9.8066,0.0304,-0.0635,0.0227,13.5,-38.56,0.63,84.22,-84.71,163.46
52.39943,-1.502204,154.22,8.09,3,257.7,19 / 20,5445510,2019-09-06 20:50:51:253,-0.3371,0.1191,9.7445,-0.0066,0.0065,9.8066,0.0537,-0.0168,-0.0061,13.63,-38.44,0.69,84.58,-84.66,164.06
52.39943,-1.502204,154.22,8.09,3,257.7,19 / 20,5445610,2019-09-06 20:50:51:353,0.2195,0.4305,9.6598,-0.0004,0.0031,9.8066,-0.0616,-0.0129,0.0116,13.31,-38.69,0.06,90.85,-84.68,164.64
52.39943,-1.502204,154.22,8.09,3,257.7,19 / 20,5445709,2019-09-06 20:50:51:452,0.4542,0.5683,9.9329,0.0059,0.0045,9.8066,0.0229,-0.025,0.0212,13.63,-38.25,0.13,89.68,-84.75,165.25
52.39943,-1.502204,154.22,8.09,3,257.7,19 / 20,5445810,2019-09-06 20:50:51:553,0.4851,0.6022,9.8353,0.0091,0.0062,9.8066,-0.0707,-0.0057,-0.0103,13.81,-38.12,0.19,90.49,-84.82,166.24
52.39943,-1.502204,154.22,8.09,3,257.7,19 / 20,5445910,2019-09-06 20:50:51:653,0.4602,0.0071,9.5283,-0.0103,-0.0005,9.8066,-0.0558,-0.0169,0.0116,14.13,-38.5,0.56,85.53,-84.88,165.59
52.39943,-1.502204,154.22,8.09,3,257.7,19 / 20,5446010,2019-09-06 20:50:51:753,0.7588,0.4217,9.6892,0.0179,-0.0018,9.8065,0.0311,0.0018,-0.022,13.44,-38.69,-0.19,92.25,-84.83,166.51
52.39943,-1.502204,154.22,8.09,3,257.7,19 / 20,5446109,2019-09-06 20:50:51:852,0.0098,0.0556,9.6963,0.0126,-0.0031,9.8065,0.0217,-0.0103,0.0215,13.56,-38.06,0.06,90.46,-84.92,166.52
52.39943,-1.502204,154.22,8.09,3,257.7,19 / 20,5446209,2019-09-06 20:50:51:952,0.147,0.4959,10.0646,0.0042,0.0106,9.8066,0.0191,0.001,-0.0021,13.88,-38.12,0.19,91.79,-84.93,167.87
52.39943,-1.502204,154.22,8.09,3,257.7,19 / 20,5446309,2019-09-06 20:50:52:052,0.1035,-0.2279,9.9853,-0.0062,0.0033,9.8066,0.0094,0.0293,0.0099,13.25,-38.19,0,93.54,-84.92,168.52
52.39943,-1.502204,154.22,8.09,3,257.7,18 / 20,5446409,2019-09-06 20:50:52:152,0.3891,-0.0046,9.7297,-0.0015,0.0125,9.8066,0.0521,-0.032,0.0132,13.5,-38,0.25,93.76,-84.92,169.84
52.39943,-1.502204,154.22,8.09,3,257.7,18 / 20,5446510,2019-09-06 20:50:52:253,0.6955,0.0605,9.9409,-0.0043,-0.0001,9.8065,-0.0127,-0.0252,0.0057,13.19,-38.75,0.25,97.45,-84.84,171.92
52.39943,-1.502204,154.22,8.09,3,257.7,18 / 20,5446609,2019-09-06 20:50:52:352,1.0735,-0.0199,9.7895,-0.0085,0.0109,9.8066,0.105,0.0059,0.0238,13.63,-37.94,0.63,92.96,-84.75,172.68
52.39943,-1.502204,154.22,8.09,3,257.7,18 / 20,5446709,2019-09-06 20:50:52:452,0.5247,-0.1836,10.0958,0.0223,0.002,9.8066,0.0981,0.0079,-0.0159,13.06,-38.69,0.06,100.06,-84.77,174.43
52.39943,-1.502204,154.22,8.09,3,257.7,18 / 20,5446810,2019-09-06 20:50:52:553,0.0429,0.0423,9.7037,0.0096,0.0026,9.8066,0.0367,-0.0167,0.0338,12.56,-38.06,0.19,100.5,-84.63,174.87
52.39943,-1.502204,154.22,8.09,3,257.7,18 / 20,5446909,2019-09-06 20:50:52:652,0.9116,0.4258,9.8107,0.0047,0.0056,9.8066,0.002,-0.0024,0.0003,13.13,-38.5,0.69,97.73,-84.61,176.35
52.39943,-1.502204,154.22,8.09,3,257.7,18 / 20,5447010,2019-09-06 20:50:52:753,0.5866,-0.5495,9.771,0.0022,-0.0021,9.8066,0.0095,0.0167,0.0264,13.13,-38,0.19,101.7,-84.65,176.21
52.39943,-1.502204,154.22,8.09,3,257.7,18 / 20,5447109,2019-09-06 20:50:52:852,1.3481,-0.0534,9.8513,-0.005,0.0102,9.8066,-0.0254,0.0203,-0.0331,13.63,-38.75,0.31,101.09,-84.72,176.51
52.39943,-1.502204,154.22,8.09,3,257.7,18 / 20,5447210,2019-09-06 20:50:52:953,1.1897,-0.2606,9.95,-0.0204,-0.0041,9.8066,0.0285,0.0316,-0.0103,13.44,-38.56,0,102.35,-84.68,176.57
52.39943,-1.502204,154.22,8.09,3,257.7,18 / 20,5447310,2019-09-06 20:50:53:053,1.4371,-0.1055,9.5232,0.0129,0.0025,9.8065,0.0369,-0.0216,0.0284,13.94,-38.62,-0.06,101.52,-84.72,176.97
52.39943,-1.502204,154.22,8.09,3,257.7,18 / 20,5447410,2019-09-06 20:50:53:153,0.3938,-0.5122,10.102,0.0115,0.0017,9.8066,0.0073,-0.0117,-0.0193,13,-38.81,0.31,103.74,-84.63,177.9
52.39943,-1.502204,154.22,8.09,3,257.7,18 / 20,5447510,2019-09-06 20:50:53:253,0.9679,-0.3705,10.1862,-0.0204,0.0069,9.8066,-0.0042,0.032,-0.0003,13.63,-38.25,0.06,101.7,-84.57,177.11
52.39943,-1.502204,154.22,8.09,3,257.7,18 / 20,5447610,2019-09-06 20:50:53:353,1.2282,0.2583,9.738,-0.0112,0.0047,9.8066,0.0041,0.0386,-0.0388,13.81,-38.75,0.88,98.86,-84.4,177.37
52.39943,-1.502204,154.22,8.09,3,257.7,18 / 20,5447710,2019-09-06 20:50:53:453,1.6042,-0.2143,10.0223,0.0053,-0.0057,9.8066,0.0539,-0.0033,-0.0053,13.38,-38.75,0.31,103.78,-84.37,177.16
52.39943,-1.502204,154.22,8.09,3,257.7,18 / 20,5447810,2019-09-06 20:50:53:553,1.0549,-0.3463,10.023,0.031,-0.0069,9.8065,-0.0128,0.0485,-0.0312,13.81,-38.44,0.56,97.97,-84.39,176.82
52.39943,-1.502204,154.22,8.09,3,257.7,18 / 20,5447909,2019-09-06 20:50:53:652,0.6538,-0.4025,9.9237,0.0084,-0.0048,9.8065,0.0079,-0.0202,-0.0136,12.88,-38.56,0.81,99.69,-84.29,176.99
52.39943,-1.502204,154.22,8.09,3,257.7,18 / 20,5448010,2019-09-06 20:50:53:753,1.0433,0.0304,10.061,0.004,-0.0068,9.8066,-0.0213,0.0114,-0.0144,13.38,-38.25,0.38,103.14,-84.29,176.68
52.39943,-1.502204,154.22,8.09,3,257.7,18 / 20,5448109,2019-09-06 20:50:53:852,1.0883,0.0797,9.9166,-0.0126,0.0002,9.8066,0.0086,-0.0169,0.0038,14.31,-38.19,0.63,97.58,-84.31,176.2
52.39943,-1.502204,154.22,8.09,3,257.7,18 / 20,5448209,2019-09-06 20:50:53:952,0.9807,0.25,9.6323,-0.0094,-0.0007,9.8066,-0.0735,0.0287,-0.0033,13.75,-38.56,0.81,97.91,-84.27,176.01
52.39943,-1.502204,154.22,8.09,3,257.7,18 / 20,5448310,2019-09-06 20:50:54:053,1.8376,-0.3455,9.9156,0.0049,0.0193,9.8066,-0.0219,-0.0124,0.0166,14.5,-38,1.13,97.3,-84.34,176.75
52.399494,-1.503235,155.78,6.32,3,286.04,18 / 20,5448409,2019-09-06 20:50:54:152,1.4916,0.4624,10.1685,0.0129,0.0054,9.8066,-0.0296,-0.0207,0.0369,13.63,-38.62,0.81,99.87,-84.33,178.23
52.399494,-1.503235,155.78,6.32,3,286.04,18 / 20,5448510,2019-09-06 20:50:54:253,1.8381,0.8866,10.4894,-0.0128,0.0119,9.8066,0.0125,-0.0648,0.0299,13.38,-38.94,0.44,107.98,-84.15,-178.92
52.399494,-1.503235,155.78,6.32,3,286.04,18 / 20,5448610,2019-09-06 20:50:54:353,1.2735,0.4344,10.17,-0.0041,0.012,9.8066,0.0204,-0.0922,0.0492,13.19,-38.94,0.75,105.01,-84.07,-177.97
52.399494,-1.503235,155.78,6.32,3,286.04,18 / 20,5448709,2019-09-06 20:50:54:452,0.6322,0.8045,9.9692,-0.0351,0.0266,9.8065,0.0448,-0.1247,0.0378,13.44,-38.62,0.25,112.11,-83.65,-175.78
52.399494,-1.503235,155.78,6.32,3,286.04,18 / 20,5448810,2019-09-06 20:50:54:553,1.1915,0.4439,9.9921,-0.0012,0.0194,9.8066,0.0507,-0.1712,0.0803,12.88,-39.25,0.31,114.11,-83.36,-174.32
52.399494,-1.503235,155.78,6.32,3,286.04,18 / 20,5448909,2019-09-06 20:50:54:652,0.8595,2.0459,9.4973,-0.02,0.0244,9.8066,-0.1728,-0.1456,0.0538,13.06,-39.75,1.19,113.01,-82.93,-172.92
52.399494,-1.503235,155.78,6.32,3,286.04,18 / 20,5449010,2019-09-06 20:50:54:753,2.128,1.4075,6.7789,-0.1553,0.0435,9.8053,-0.1861,-0.2887,0.0877,13.06,-40.25,0.63,115.21,-82.36,-172.02
52.399494,-1.503235,155.78,6.32,3,286.04,18 / 20,5449110,2019-09-06 20:50:54:853,2.8286,1.6987,8.6506,0.0326,0.0102,9.8065,-0.4638,-0.2802,0.0768,12.31,-41.12,-0.31,122.28,-82.8,-168.88
52.399494,-1.503235,155.78,6.32,3,286.04,18 / 20,5449209,2019-09-06 20:50:54:952,2.0106,1.5403,8.8862,-0.0478,0.019,9.8065,0.283,-0.3002,0.0266,12.13,-41.44,0.19,122.98,-82.71,-168.25
52.399494,-1.503235,155.78,6.32,3,286.04,18 / 20,5449310,2019-09-06 20:50:55:053,0.6126,3.4905,10.5822,0.079,-0.032,9.8062,-0.0209,-0.2519,-0.0447,12.38,-40.94,0.06,122.97,-82.86,-167.83
52.399494,-1.503235,155.78,6.32,3,286.04,17 / 19,5449409,2019-09-06 20:50:55:152,3.2163,2.1454,10.6391,0.102,-0.0219,9.806,0.2459,-0.2613,0.1121,11.44,-41.37,0,122.45,-84,-166.67
52.399494,-1.503235,155.78,6.32,3,286.04,17 / 19,5449510,2019-09-06 20:50:55:253,2.8405,2.0261,10.4174,0.1194,-0.0422,9.8058,0.3993,-0.297,-0.018,10.75,-40.25,-0.06,123.1,-83.9,-165.71
52.399494,-1.503235,155.78,6.32,3,286.04,17 / 19,5449609,2019-09-06 20:50:55:352,-0.0001,3.0198,10.5556,-0.0399,0.027,9.8064,-0.0487,-0.3351,0.0971,10.81,-39.5,-0.31,124.12,-83.48,-165.26
52.399494,-1.503235,155.78,6.32,3,286.04,17 / 19,5449710,2019-09-06 20:50:55:453,0.8898,2.9255,10.901,0.016,0.0001,9.8066,0.0875,-0.4245,0.0312,9.44,-40.37,-0.75,133.97,-83.07,-164.79
52.399494,-1.503235,155.78,6.32,3,286.04,17 / 19,5449810,2019-09-06 20:50:55:553,1.6623,2.6795,10.5325,-0.0484,0.0131,9.8064,-0.0792,-0.4274,0.0164,9.56,-39.56,-1.5,131.73,-82.63,-166.24
52.399494,-1.503235,155.78,6.32,3,286.04,17 / 19,5449909,2019-09-06 20:50:55:652,2.3145,2.657,9.896,-0.0164,0.0018,9.8066,-0.0408,-0.5545,0.1119,9.44,-39.44,-2.12,136.86,-82.67,-167.17
52.399494,-1.503235,155.78,6.32,3,286.04,17 / 19,5450010,2019-09-06 20:50:55:753,1.5769,2.3736,9.6461,-0.0269,0.0171,9.8066,0.0167,-0.4912,0.0332,8.75,-39.62,-2.81,141.3,-82.47,-167.18
52.399494,-1.503235,155.78,6.32,3,286.04,17 / 19,5450109,2019-09-06 20:50:55:852,2.3785,1.3006,9.212,-0.0361,0.0138,9.8065,-0.0441,-0.4916,0.0832,7.75,-39.5,-3.81,146.56,-82.18,-168.89
52.399494,-1.503235,155.78,6.32,3,286.04,17 / 19,5450209,2019-09-06 20:50:55:952,2.2714,1.8119,10.1517,0.0158,-0.0063,9.8066,0.0068,-0.535,0.0825,7.88,-39.69,-4.62,150.55,-82.19,-167.73
52.399494,-1.503235,155.78,6.32,3,286.04,17 / 19,5450310,2019-09-06 20:50:56:053,3.0853,0.9223,10.2333,0.0108,-0.0027,9.8066,-0.0014,-0.5237,0.0959,6.81,-39.69,-5.31,154.12,-82.2,-167.23
52.399494,-1.503235,155.78,6.32,3,286.04,18 / 20,5450409,2019-09-06 20:50:56:152,2.644,0.979,10.0247,0.0119,0.0044,9.8066,-0.0406,-0.5707,0.1011,5.75,-40.31,-6.12,161.01,-82.13,-165.96
52.399494,-1.503235,155.78,6.32,3,286.04,18 / 20,5450509,2019-09-06 20:50:56:252,3.4163,0.0658,9.681,0.0129,0.0083,9.8065,-0.0769,-0.5641,0.1034,5.31,-40.56,-8.06,169.48,-82.1,-164.67
52.399494,-1.503235,155.78,6.32,3,286.04,18 / 20,5450611,2019-09-06 20:50:56:354,3.5683,-0.1568,9.0096,0.0081,-0.0033,9.8066,0.1211,-0.5409,0.0503,5.31,-39.87,-7.87,169.98,-82.06,-163.77
52.399494,-1.503235,155.78,6.32,3,286.04,18 / 20,5450710,2019-09-06 20:50:56:453,2.7461,-0.3462,9.1283,-0.0091,-0.0011,9.8066,0.0213,-0.5611,0.01,4.38,-40.75,-8.12,173.27,-81.99,-164.4
52.399494,-1.503235,155.78,6.32,3,286.04,18 / 20,5450810,2019-09-06 20:50:56:553,2.4412,0.5352,10.4415,0.0056,-0.0462,9.8064,0.0517,-0.504,0.0433,3,-41.37,-9,177.2,-82.29,-165.96
52.399494,-1.503235,155.78,6.32,3,286.04,18 / 20,5450910,2019-09-06 20:50:56:653,2.1368,0.6745,10.5975,0.0107,-0.0514,9.8065,0.0176,-0.5182,0.0467,3.25,-41.25,-9.19,177,-82.39,-166.25
52.399494,-1.503235,155.78,6.32,3,286.04,18 / 20,5451010,2019-09-06 20:50:56:753,1.9168,0.3045,10.7143,-0.0127,0.0302,9.8066,-0.1199,-0.4945,0.0541,2.63,-40.87,-9.44,176.48,-82.5,-167.04
52.399494,-1.503235,155.78,6.32,3,286.04,18 / 20,5451110,2019-09-06 20:50:56:853,2.2373,0.5571,9.5064,-0.0106,0.0256,9.8066,-0.1258,-0.5315,0.0757,0.81,-41.06,-9.44,183.66,-82.38,-167.84
52.399494,-1.503235,155.78,6.32,3,286.04,18 / 20,5451209,2019-09-06 20:50:56:952,1.3962,-0.1533,8.6424,0.0102,-0.0223,9.8065,0.0269,-0.5155,0.0889,0.25,-40.56,-9.69,188.63,-82.65,-166.92
52.399494,-1.503235,155.78,6.32,3,286.04,18 / 20,5451310,2019-09-06 20:50:57:053,2.0688,-0.0109,9.2105,-0.0028,0.0297,9.8066,-0.0542,-0.4073,0.0768,-0.62,-39.56,-10.06,192.54,-82.49,-166.8
52.399494,-1.503235,155.78,6.32,3,286.04,19 / 20,5451410,2019-09-06 20:50:57:153,1.9287,0.6639,9.8833,-0.0127,-0.0444,9.8065,-0.0308,-0.4124,-0.0167,-1,-39.81,-10.56,192.51,-82.55,-166.94
52.399494,-1.503235,155.78,6.32,3,286.04,19 / 20,5451509,2019-09-06 20:50:57:252,2.755,0.8787,10.9242,0.0054,-0.0158,9.8066,0.011,-0.5163,0.0953,-2.37,-39.19,-10.5,196.76,-82.85,-166.78
52.399494,-1.503235,155.78,6.32,3,286.04,19 / 20,5451610,2019-09-06 20:50:57:353,0.8997,1.585,10.7615,-0.015,0.0176,9.8066,-0.0213,-0.3859,0.003,-2.75,-39.37,-10.87,198.48,-82.87,-169.17
52.399494,-1.503235,155.78,6.32,3,286.04,19 / 20,5451709,2019-09-06 20:50:57:452,0.2027,0.9447,10.365,-0.0091,0.0212,9.8066,0.0375,-0.3173,0.0254,-2.44,-39.44,-10.31,194.1,-82.7,-170.53
52.399494,-1.503235,155.78,6.32,3,286.04,19 / 20,5451809,2019-09-06 20:50:57:552,0.3502,0.4764,9.2654,0.0014,0.0689,9.8064,-0.0446,-0.2583,-0.0143,-3.06,-39.56,-10.37,196.02,-82.03,-172.4
52.399494,-1.503235,155.78,6.32,3,286.04,19 / 20,5451909,2019-09-06 20:50:57:652,1.0349,0.5818,9.558,0.0091,0.069,9.8063,-0.1099,-0.2828,0.0503,-4.06,-39.5,-10,198.86,-81.68,-173.36
52.399494,-1.503235,155.78,6.32,3,286.04,19 / 20,5452010,2019-09-06 20:50:57:753,-0.8637,-0.1481,10.6358,-0.0062,0.0291,9.8065,-0.0217,-0.1642,0.076,-4.12,-39.56,-9.81,198.36,-81.59,-173.77
52.399494,-1.503235,155.78,6.32,3,286.04,19 / 20,5452110,2019-09-06 20:50:57:853,1.6383,1.0087,9.8382,0.0092,0.0377,9.8065,0.0022,-0.3732,-0.0279,-3.75,-39.69,-9.5,198.36,-81.17,-174.47
52.399494,-1.503235,155.78,6.32,3,286.04,19 / 20,5452210,2019-09-06 20:50:57:953,1.3248,1.6621,10.2353,0.016,0.0638,9.8064,-0.3202,0.0076,0.1975,-4.5,-39.94,-9.31,196.3,-81.12,-177.7
52.399494,-1.503235,155.78,6.32,3,286.04,19 / 20,5452310,2019-09-06 20:50:58:053,-1.464,-0.3709,9.9827,-0.0074,0.016,9.8066,-0.2193,-0.2915,-0.0664,-4.44,-39.94,-9.62,196.18,-81.12,-176.6
52.399494,-1.503235,155.78,6.32,3,286.04,19 / 20,5452409,2019-09-06 20:50:58:152,-0.9129,0.6717,9.714,0.0533,0.0835,9.8061,-0.0317,-0.1944,0.2002,-3.87,-39.62,-9.19,196.46,-81.01,-177.34
52.399494,-1.503235,155.78,6.32,3,286.04,19 / 20,5452510,2019-09-06 20:50:58:253,2.4922,-1.3079,10.4641,-0.0074,-0.0598,9.8064,-0.2384,-0.2639,0.0349,-5.06,-39.69,-9.69,198.89,-81.08,-177.52
52.399494,-1.503235,155.78,6.32,3,286.04,19 / 20,5452609,2019-09-06 20:50:58:352,-1.9649,0.974,9.6472,-0.0202,-0.0614,9.8063,-0.3113,0.0386,-0.0054,-4.69,-39.37,-10,199.41,-81.36,-177.31
52.399494,-1.503235,155.78,6.32,3,286.04,19 / 20,5452709,2019-09-06 20:50:58:452,0.6164,-1.4624,8.8392,-0.0036,-0.0097,9.8066,0.0688,-0.0167,-0.0114,-4.87,-39.37,-9.62,199.84,-81.65,-177.02
52.399494,-1.503235,155.78,6.32,3,286.04,19 / 20,5452810,2019-09-06 20:50:58:553,-0.1005,1.0023,9.5869,-0.0014,-0.0467,9.8064,0.1469,-0.0552,0.0332,-5.12,-40.19,-9.5,201.51,-81.73,-175.91
52.399494,-1.503235,155.78,6.32,3,286.04,19 / 20,5452910,2019-09-06 20:50:58:653,0.3694,1.7048,9.733,0.0272,0.0333,9.8065,0.1048,-0.0266,0.0379,-5.75,-39.62,-8.87,205.66,-81.53,-174.6
52.399494,-1.503235,155.78,6.32,3,286.04,19 / 20,5453010,2019-09-06 20:50:58:753,0.0867,0.2125,9.9374,0.0095,-0.0088,9.8066,-0.0841,0.0252,0.0173,-5.19,-39.5,-9.37,203.35,-81.46,-173.03
52.399494,-1.503235,155.78,6.32,3,286.04,19 / 20,5453110,2019-09-06 20:50:58:853,-0.4307,0.444,10.0568,0.0005,-0.0298,9.8066,-0.0435,0.0165,0.0077,-5.62,-39.5,-10,206.66,-81.73,-172.06
52.399494,-1.503235,155.78,6.32,3,286.04,19 / 20,5453209,2019-09-06 20:50:58:952,-0.894,-0.3862,9.7251,-0.0036,-0.0299,9.8065,-0.0306,0.0434,0.0045,-5.87,-38.81,-10.12,207.68,-82.01,-171.01
52.399494,-1.503235,155.78,6.32,3,286.04,19 / 20,5453310,2019-09-06 20:50:59:053,-1.4608,-0.7029,9.8181,-0.0001,-0.0242,9.8065,0.0185,0.07,-0.0129,-5.19,-39.12,-10.44,205.38,-82.41,-169.97
52.399494,-1.503235,155.78,6.32,3,286.04,19 / 20,5453409,2019-09-06 20:50:59:152,-1.0991,-0.3641,10.0369,-0.0035,-0.0349,9.8065,0.0397,0.1073,0.0046,-5.44,-39.87,-10.5,206.36,-82.66,-168.67
52.399494,-1.503235,155.78,6.32,3,286.04,19 / 20,5453510,2019-09-06 20:50:59:253,-1.1169,-0.0823,9.8336,-0.0004,-0.0239,9.8066,0.0361,0.1048,-0.0182,-5.56,-39.62,-11.12,209.09,-82.6,-168.16
52.399494,-1.503235,155.78,6.32,3,286.04,19 / 20,5453610,2019-09-06 20:50:59:353,-1.1314,-0.385,9.7636,0.0055,0.0041,9.8066,0.0964,0.1063,-0.018,-4.87,-39.19,-10.37,206.76,-82.42,-168.03
52.399494,-1.503235,155.78,6.32,3,286.04,19 / 20,5453710,2019-09-06 20:50:59:453,-1.4219,-0.6388,9.7493,0.004,0.016,9.8066,0.0911,0.1125,-0.0189,-4.69,-40.06,-10.5,206.29,-82.3,-168.21
52.399494,-1.503235,155.78,6.32,3,286.04,19 / 20,5453810,2019-09-06 20:50:59:553,-1.5932,0.8475,10.3046,0.0034,0.0078,9.8066,-0.0162,0.1505,-0.0114,-5,-39.87,-11.06,205.17,-82.18,-168.42
52.399494,-1.503235,155.78,6.32,3,286.04,19 / 20,5453910,2019-09-06 20:50:59:653,-1.6763,-0.0726,9.9041,0.0074,0.0024,9.8066,-0.025,0.175,-0.0054,-4.44,-39.37,-10.5,202.71,-82.03,-168.1
52.399494,-1.503235,155.78,6.32,3,286.04,19 / 20,5454010,2019-09-06 20:50:59:753,-1.6387,0.4998,9.9238,0.0186,0.0285,9.8066,-0.02,0.1493,0.0192,-4.37,-40.56,-10,202.83,-81.77,-166.96
52.399494,-1.503235,155.78,6.32,3,286.04,19 / 20,5454109,2019-09-06 20:50:59:852,-1.4917,0.0159,9.3861,0.0181,0.029,9.8066,-0.0222,0.1964,-0.0256,-4.25,-40.44,-10.94,202.96,-81.68,-166.1
52.399494,-1.503235,155.78,6.32,3,286.04,19 / 20,5454210,2019-09-06 20:50:59:953,-1.9096,0.1689,8.6648,-0.0039,-0.0225,9.8066,0.0272,0.1836,0.0023,-3.75,-40.56,-10.44,204,-81.83,-165.28
52.399494,-1.503235,155.78,6.32,3,286.04,19 / 20,5454310,2019-09-06 20:51:00:053,-1.1675,-0.3919,8.9794,0.0126,-0.0087,9.8066,0.0115,0.2338,-0.07,-2,-39.75,-10.44,197.59,-81.9,-164.27
52.399494,-1.503235,155.78,6.32,3,286.04,18 / 20,5454410,2019-09-06 20:51:00:153,-1.6579,-0.176,9.3539,-0.0124,-0.0508,9.8064,-0.0091,0.1466,0.0188,-3.25,-39.75,-10.81,202.18,-82.53,-163.31
52.399494,-1.503235,155.78,6.32,3,286.04,18 / 20,5454509,2019-09-06 20:51:00:252,-1.4238,-0.2826,10.2517,-0.0017,-0.0488,9.8065,-0.0977,0.2286,-0.0649,-2.81,-39.62,-10.5,203.82,-82.93,-162.04
52.399494,-1.503235,155.78,6.32,3,286.04,18 / 20,5454610,2019-09-06 20:51:00:353,-1.6537,0.009,10.347,-0.0072,-0.0164,9.8066,0.0163,0.2035,-0.0341,-1.75,-39.37,-11.12,199.81,-83.36,-162.76
52.399494,-1.503235,155.78,6.32,3,286.04,18 / 20,5454710,2019-09-06 20:51:00:453,-1.9094,0.0473,9.9613,-0.0028,-0.0172,9.8066,-0.0944,0.2001,-0.0043,-2,-39.44,-11.87,199.9,-83.53,-162.62
52.399494,-1.503235,155.78,6.32,3,286.04,18 / 20,5454810,2019-09-06 20:51:00:553,-1.9896,-0.1595,9.6114,-0.0024,0.0214,9.8065,-0.0279,0.2504,-0.0793,-1.94,-39.56,-11.69,199.65,-83.56,-162.79
52.399494,-1.503235,155.78,6.32,3,286.04,18 / 20,5454910,2019-09-06 20:51:00:653,-1.0977,0.0176,9.4412,-0.0092,0.0092,9.8066,0.0327,0.2172,-0.0546,-1.25,-39.25,-10.94,194.84,-83.44,-164.52
52.399494,-1.503235,155.78,6.32,3,286.04,18 / 20,5455009,2019-09-06 20:51:00:752,-1.6706,-0.0645,9.6557,-0.0112,-0.0091,9.8066,-0.0072,0.2114,-0.0297,-0.56,-39.81,-11.44,193.83,-83.46,-165.78
52.399494,-1.503235,155.78,6.32,3,286.04,18 / 20,5455110,2019-09-06 20:51:00:853,-1.4803,-0.3977,10.1343,-0.0059,-0.0089,9.8066,0.0196,0.2049,-0.0541,-0.62,-39.37,-11.44,193.68,-83.55,-166.21
52.399494,-1.503235,155.78,6.32,3,286.04,18 / 20,5455210,2019-09-06 20:51:00:953,-1.2013,-1.0834,9.7059,-0.0053,-0.023,9.8066,-0.0205,0.1824,-0.0267,0.25,-39.75,-11.56,189.52,-83.78,-167.11
52.399494,-1.503235,155.78,6.32,3,286.04,18 / 20,5455310,2019-09-06 20:51:01:053,-1.3906,-0.5554,9.7377,-0.0015,-0.0093,9.8066,0.0129,0.2005,-0.0111,1.06,-39.19,-11.19,185.39,-83.83,-167.41
52.399494,-1.503235,155.78,6.32,3,286.04,19 / 20,5455409,2019-09-06 20:51:01:152,-0.8952,-0.7318,9.9173,0.0034,-0.0031,9.8066,0.0556,0.1774,-0.0271,0.63,-39.81,-11.62,186.07,-83.87,-167.04
52.399494,-1.503235,155.78,6.32,3,286.04,19 / 20,5455510,2019-09-06 20:51:01:253,-0.686,-0.2446,9.8027,0.0041,-0.0117,9.8066,-0.039,0.1461,0.0112,1.25,-39.37,-11.56,186.4,-83.91,-166.67
52.399494,-1.503235,155.78,6.32,3,286.04,19 / 20,5455609,2019-09-06 20:51:01:352,-0.2054,-0.3322,9.8368,0.0069,0.0077,9.8066,-0.015,0.1306,0.0323,2.13,-39.69,-10.94,182.97,-83.84,-165.61
52.399494,-1.503235,155.78,6.32,3,286.04,19 / 20,5455710,2019-09-06 20:51:01:453,-0.5089,-0.3202,9.9205,0.0116,-0.0017,9.8065,-0.0493,0.0688,-0.0115,1.5,-39.25,-11.06,183.93,-83.87,-164.33
52.399494,-1.503235,155.78,6.32,3,286.04,19 / 20,5455810,2019-09-06 20:51:01:553,-0.4487,-0.749,9.6308,-0.001,0.0049,9.8066,-0.0864,0.0868,0.0103,1.31,-39.69,-10.75,187.94,-83.85,-163.84
52.399494,-1.503235,155.78,6.32,3,286.04,19 / 20,5455910,2019-09-06 20:51:01:653,-0.1216,-0.1402,9.635,0.014,0.0006,9.8066,0.0009,-0.0062,0.0216,1.31,-39.31,-11.12,188.9,-83.93,-162.64
52.399494,-1.503235,155.78,6.32,3,286.04,19 / 20,5456010,2019-09-06 20:51:01:753,0.831,0.1925,9.9372,0.0169,0.002,9.8066,-0.0243,-0.0187,0.0433,1.44,-38.81,-11.31,190.51,-84,-160.49
52.399494,-1.503235,155.78,6.32,3,286.04,19 / 20,5456109,2019-09-06 20:51:01:852,1.3849,0.0972,10.0053,0.0245,-0.0091,9.8066,-0.1445,-0.0868,0.0648,0.38,-39.37,-11,197.33,-84.15,-156.57
52.399494,-1.503235,155.78,6.32,3,286.04,19 / 20,5456210,2019-09-06 20:51:01:953,2.2383,0.0056,10.4874,0.002,-0.0003,9.8066,-0.0747,-0.1505,0.0182,0.13,-39.62,-11.06,199.73,-84.21,-153.25
52.399494,-1.503235,155.78,6.32,3,286.04,19 / 20,5456310,2019-09-06 20:51:02:053,0.27,0.422,7.1257,-0.0196,0.0187,9.8066,-0.1898,-0.0193,-0.0449,0.5,-39.19,-11.06,194.83,-84.2,-154.81
52.399494,-1.503235,155.78,6.32,3,286.04,19 / 20,5456410,2019-09-06 20:51:02:153,0.0359,-2.4119,9.1551,0.0419,-0.0095,9.8065,-0.5379,-0.0211,-0.0288,-0.25,-38.75,-10.62,198.23,-84.28,-155.51
52.399494,-1.503235,155.78,6.32,3,286.04,19 / 20,5456510,2019-09-06 20:51:02:253,2.8713,-3.5104,9.2909,0.0229,-0.1255,9.8058,0.4419,-0.1404,-0.0198,-1.56,-38.87,-11.19,206.85,-84.01,-154.1
52.399494,-1.503235,155.78,6.32,3,286.04,19 / 20,5456609,2019-09-06 20:51:02:352,1.8645,-2.5626,9.9376,0.0185,-0.09,9.8062,0.1863,-0.3968,0.0115,-1.12,-39.19,-10.75,206.23,-84.24,-150.06
52.399494,-1.503235,155.78,6.32,3,286.04,19 / 20,5456709,2019-09-06 20:51:02:452,2.9354,0.388,10.9835,-0.0007,-0.0423,9.8065,0.1385,-0.4121,0.0432,-1.81,-40.06,-10.44,207.84,-83.85,-152.27
52.399494,-1.503235,155.78,6.32,3,286.04,19 / 20,5456810,2019-09-06 20:51:02:553,1.6095,-0.648,9.7904,0.0129,-0.0485,9.8065,0.1864,-0.3837,0.0972,-3.37,-39.75,-11.12,211.86,-83.89,-152.16
52.399494,-1.503235,155.78,6.32,3,286.04,19 / 20,5456909,2019-09-06 20:51:02:652,2.9903,-0.7654,9.5929,0.0149,0.03,9.8065,0.108,-0.3726,-0.0203,-3.44,-39.69,-11,211.3,-83.45,-152.1
52.399494,-1.503235,155.78,6.32,3,286.04,19 / 20,5457009,2019-09-06 20:51:02:752,1.9471,-0.3318,10.5563,-0.0114,-0.0022,9.8066,0.1881,-0.4195,0.0468,-3.06,-40.25,-10.44,209.92,-83.09,-153.65
52.399494,-1.503235,155.78,6.32,3,286.04,19 / 20,5457109,2019-09-06 20:51:02:852,2.991,-0.7347,10.7021,-0.0112,-0.0173,9.8066,0.0381,-0.3668,0.0217,-4.56,-40.5,-10.62,215.05,-82.91,-156
52.399494,-1.503235,155.78,6.32,3,286.04,19 / 20,5457209,2019-09-06 20:51:02:952,0.9391,0.2977,9.1868,0.0096,0.0101,9.8066,-0.0745,-0.4298,0.0382,-5.25,-40.37,-10.81,213.62,-82.98,-158.05
52.399494,-1.503235,155.78,6.32,3,286.04,19 / 20,5457309,2019-09-06 20:51:03:052,1.2441,-1.258,8.8823,0.013,-0.0173,9.8066,-0.0733,-0.4157,0.1081,-5.94,-39.12,-9.87,219.83,-83.06,-156.29
52.39988,-1.503433,156.71,5.05,3,6.76,19 / 20,5457410,2019-09-06 20:51:03:153,1.6798,-0.9438,10.1533,0.0094,-0.0172,9.8066,-0.1198,-0.4724,0.0291,-6.5,-39,-10.69,220.3,-83.12,-154.52
52.39988,-1.503433,156.71,5.05,3,6.76,19 / 20,5457509,2019-09-06 20:51:03:252,1.7454,-0.7291,10.2224,-0.0012,0.0076,9.8066,-0.0289,-0.45,0.0793,-7.5,-38.94,-10.69,223.91,-83.29,-154.69
52.39988,-1.503433,156.71,5.05,3,6.76,19 / 20,5457611,2019-09-06 20:51:03:354,2.1868,-1.3853,10.9574,-0.0063,-0.0068,9.8066,-0.1061,-0.3862,-0.0126,-8.75,-38.19,-10.62,231.94,-83.46,-153.6
52.39988,-1.503433,156.71,5.05,3,6.76,19 / 20,5457710,2019-09-06 20:51:03:453,1.1211,-2.0346,10.0872,-0.0147,0.0066,9.8065,-0.0329,-0.4176,0.0256,-8.62,-38.87,-11,230.98,-83.66,-154.81
52.39988,-1.503433,156.71,5.05,3,6.76,19 / 20,5457809,2019-09-06 20:51:03:552,1.6238,-0.8621,9.4761,-0.001,0.0347,9.8065,-0.0386,-0.4414,0.0104,-9.94,-38.69,-10.56,232.22,-83.56,-156.73
52.39988,-1.503433,156.71,5.05,3,6.76,19 / 20,5457910,2019-09-06 20:51:03:653,0.8903,-0.9806,8.162,-0.0086,0.0025,9.8066,-0.0309,-0.4645,0.0624,-10.19,-38.81,-10.56,230.5,-83.44,-158.52
52.39988,-1.503433,156.71,5.05,3,6.76,19 / 20,5458010,2019-09-06 20:51:03:753,1.8221,-1.0216,9.0677,0.0275,-0.0006,9.8065,0.0707,-0.5084,0.0935,-10.87,-38,-9.56,235.01,-83.16,-158.4
52.39988,-1.503433,156.71,5.05,3,6.76,19 / 20,5458110,2019-09-06 20:51:03:853,1.8907,-1.4168,10.3895,-0.0005,-0.0227,9.8066,0.1224,-0.4762,0.0814,-11.87,-38.69,-9.5,240.7,-83.04,-156.57
52.39988,-1.503433,156.71,5.05,3,6.76,19 / 20,5458210,2019-09-06 20:51:03:953,2.2623,-1.6121,11.2883,-0.0237,-0.0236,9.8065,-0.1765,-0.463,-0.0226,-12.19,-37.94,-9.44,241.35,-83.09,-156.35
52.39988,-1.503433,156.71,5.05,3,6.76,19 / 20,5458310,2019-09-06 20:51:04:053,1.034,-1.5778,10.0443,-0.0167,0.0276,9.8065,-0.1082,-0.4427,0.0007,-13.06,-38.44,-10,239.54,-83.27,-159.46
52.39988,-1.503433,156.71,5.05,3,6.76,18 / 19,5458410,2019-09-06 20:51:04:153,0.5226,-1.5881,9.9748,-0.0115,-0.0105,9.8066,0.052,-0.485,0.0797,-13.44,-38.25,-8.75,240.57,-83.47,-161.07
52.39988,-1.503433,156.71,5.05,3,6.76,18 / 19,5458509,2019-09-06 20:51:04:252,0.6667,-1.0459,9.576,0.0171,0.0001,9.8066,0.0497,-0.5046,0.0597,-14.5,-37.75,-8.19,244.96,-83.39,-161.14
52.39988,-1.503433,156.71,5.05,3,6.76,18 / 19,5458610,2019-09-06 20:51:04:353,1.8208,-1.0096,9.5469,0.0413,0.0338,9.8064,0.0884,-0.4979,0.0922,-15.37,-38.69,-6.87,247.59,-82.75,-161.49
52.39988,-1.503433,156.71,5.05,3,6.76,18 / 19,5458710,2019-09-06 20:51:04:453,1.0218,-1.6845,9.9824,0.0297,0.0327,9.8065,-0.0259,-0.4429,0.0305,-15.31,-38,-6.37,247.09,-82.05,-163.72
52.39988,-1.503433,156.71,5.05,3,6.76,18 / 19,5458809,2019-09-06 20:51:04:552,0.2873,-1.3632,10.5828,0.038,0.0403,9.8064,0.1934,-0.4057,0.026,-15.75,-38.62,-5.25,249.02,-81.69,-165.34
52.39988,-1.503433,156.71,5.05,3,6.76,18 / 19,5458910,2019-09-06 20:51:04:653,1.083,-0.6076,9.949,-0.0041,0.0004,9.8066,0.1012,-0.4194,0.0888,-16.12,-38.44,-4.44,250.5,-81.44,-166.61
52.39988,-1.503433,156.71,5.05,3,6.76,18 / 19,5459010,2019-09-06 20:51:04:753,1.2521,-0.5284,9.6028,0.0195,-0.0005,9.8065,0.0832,-0.4195,0.0454,-16.19,-38.06,-3.62,249.91,-81.14,-166.59
52.39988,-1.503433,156.71,5.05,3,6.76,18 / 19,5459110,2019-09-06 20:51:04:853,-0.8847,-1.7861,9.9318,0.0035,-0.0111,9.8066,0.0918,-0.2876,0.0833,-17.37,-38.37,-3.25,254.72,-80.94,-165.68
52.39988,-1.503433,156.71,5.05,3,6.76,18 / 19,5459210,2019-09-06 20:51:04:953,3.9956,-2.8944,11.7909,-0.0386,-0.0682,9.8063,0.1713,-0.4861,-0.0387,-17.31,-38.37,-3.19,256.49,-80.92,-163.68
52.39988,-1.503433,156.71,5.05,3,6.76,18 / 19,5459309,2019-09-06 20:51:05:052,-0.493,1.0027,11.9995,-0.0933,-0.0102,9.8061,0.2483,-0.1348,-0.0274,-17.31,-38.81,-2.12,259.66,-81.43,-164.01
52.39988,-1.503433,156.71,5.05,3,6.76,18 / 19,5459409,2019-09-06 20:51:05:152,2.7268,-1.306,9.879,-0.2062,-0.1186,9.8037,-0.0507,-0.248,-0.2951,-17.06,-38.37,-0.69,265.02,-82.19,-163.92
52.39988,-1.503433,156.71,5.05,3,6.76,18 / 19,5459510,2019-09-06 20:51:05:253,0.1901,-0.9457,10.5655,-0.1316,0.0118,9.8057,0.61,-0.21,0.1711,-18.06,-37.81,-1.37,265.07,-81.93,-164.48
52.39988,-1.503433,156.71,5.05,3,6.76,18 / 19,5459610,2019-09-06 20:51:05:353,1.3874,-0.8241,11.2734,-0.1163,-0.0761,9.8056,-0.2274,-0.5135,0.0261,-17.5,-37.87,-1.19,266.03,-82.97,-164.7
52.39988,-1.503433,156.71,5.05,3,6.76,18 / 19,5459710,2019-09-06 20:51:05:453,-0.5972,0.377,9.6658,0.0194,0.0304,9.8066,0.1154,-0.1166,0.0513,-17.62,-37.56,-0.75,268.05,-82.82,-163.39
52.39988,-1.503433,156.71,5.05,3,6.76,18 / 19,5459810,2019-09-06 20:51:05:553,-0.067,-1.3156,8.8979,0.0411,0.0169,9.8064,-0.0039,-0.132,0.0697,-18.81,-37.62,-0.69,267.26,-82.48,-164.48
52.39988,-1.503433,156.71,5.05,3,6.76,18 / 19,5459910,2019-09-06 20:51:05:653,0.5139,-0.7198,9.4492,-0.012,0.0175,9.8066,0.0703,-0.1845,-0.0131,-18.25,-37.75,0.06,267.2,-82.1,-165.82
52.39988,-1.503433,156.71,5.05,3,6.76,18 / 19,5460010,2019-09-06 20:51:05:753,0.5743,-0.0098,10.1161,0.0057,0.0231,9.8066,0.1209,-0.0807,-0.0052,-17.56,-37.31,0.31,264.64,-81.79,-168.23
52.39988,-1.503433,156.71,5.05,3,6.76,18 / 19,5460110,2019-09-06 20:51:05:853,-0.2049,0.3512,10.4752,-0.0282,-0.0102,9.8066,0.1305,-0.1025,-0.0152,-18.06,-38,0.19,263.06,-81.75,-169.33
52.39988,-1.503433,156.71,5.05,3,6.76,18 / 19,5460210,2019-09-06 20:51:05:953,-0.4463,0.6088,10.3155,-0.0377,-0.0111,9.8065,0.0193,-0.1793,0.0931,-18.37,-37.06,1.06,267.85,-82.07,-168.74
52.39988,-1.503433,156.71,5.05,3,6.76,18 / 19,5460310,2019-09-06 20:51:06:053,-0.413,-0.3991,9.7652,0.0235,-0.0084,9.8066,-0.0327,-0.0199,0.0223,-17.94,-37.25,0.94,268.64,-81.92,-167.61
52.39988,-1.503433,156.71,5.05,3,6.76,19 / 20,5460410,2019-09-06 20:51:06:153,1.008,-0.3781,9.7006,0.0207,-0.0064,9.8066,0.0297,-0.0353,-0.0056,-19.06,-37.06,0.56,269.56,-81.8,-167.18
52.39988,-1.503433,156.71,5.05,3,6.76,19 / 20,5460510,2019-09-06 20:51:06:253,-0.1203,0.0925,9.3968,0.0139,-0.0079,9.8066,-0.0389,-0.0223,0.0469,-19.19,-36.94,0.94,270.33,-81.7,-166.2
52.39988,-1.503433,156.71,5.05,3,6.76,19 / 20,5460609,2019-09-06 20:51:06:352,-0.1055,-1.0025,9.9155,-0.003,-0.0085,9.8066,0.0272,-0.054,-0.0664,-18.12,-37.06,1.13,270.34,-81.69,-165.39
52.39988,-1.503433,156.71,5.05,3,6.76,19 / 20,5460710,2019-09-06 20:51:06:453,-0.7516,-0.408,10.0345,-0.0273,0.0103,9.8066,0.054,-0.0364,0.0389,-18.81,-37.25,0.63,270.95,-81.93,-166.06
52.39988,-1.503433,156.71,5.05,3,6.76,19 / 20,5460809,2019-09-06 20:51:06:552,-0.9868,-0.5349,10.4175,-0.0195,-0.0018,9.8065,-0.1466,0.0026,-0.0312,-18.56,-37.12,0.88,271.09,-82.09,-166.24
52.39988,-1.503433,156.71,5.05,3,6.76,19 / 20,5460910,2019-09-06 20:51:06:653,0.1447,1.1842,10.2371,0.0387,0.0023,9.8065,-0.0028,-0.0158,-0.0093,-18.37,-37.31,1.44,269.36,-81.94,-166.92
52.39988,-1.503433,156.71,5.05,3,6.76,19 / 20,5461010,2019-09-06 20:51:06:753,0.6522,0.3558,9.0802,0.0359,0.017,9.8065,0.0458,0.0012,0.0143,-18.69,-37.31,0.88,269.17,-81.66,-167.29
52.39988,-1.503433,156.71,5.05,3,6.76,19 / 20,5461110,2019-09-06 20:51:06:853,-0.2702,0.6375,8.9311,-0.0092,-0.0053,9.8066,-0.0325,0.0128,-0.0175,-18.12,-36.87,1.94,270.07,-81.41,-168.29
52.39988,-1.503433,156.71,5.05,3,6.76,19 / 20,5461210,2019-09-06 20:51:06:953,0.2717,0.3445,10.1095,-0.0132,-0.0023,9.8065,-0.1388,-0.0472,0.0286,-18.5,-37.12,1.44,266.97,-81.33,-168.04
52.39988,-1.503433,156.71,5.05,3,6.76,19 / 20,5461309,2019-09-06 20:51:07:052,-0.7494,-0.6642,10.4441,0.02,0.0001,9.8066,-0.1586,-0.0094,0.0154,-18.94,-36.56,1.88,271.53,-81.5,-167.64
52.39988,-1.503433,156.71,5.05,3,6.76,19 / 20,5461409,2019-09-06 20:51:07:152,-1.2925,0.1771,9.2099,0.0169,0.0142,9.8066,0.1868,-0.0439,-0.0263,-18.25,-37.56,1.63,270.47,-81.67,-167.97
52.39988,-1.503433,156.71,5.05,3,6.76,19 / 20,5461510,2019-09-06 20:51:07:253,0.3323,-0.3347,9.2775,-0.0394,-0.0013,9.8065,0.1843,-0.0602,0.0143,-18.94,-37.37,1.38,267.95,-81.82,-168.87
52.39988,-1.503433,156.71,5.05,3,6.76,19 / 20,5461609,2019-09-06 20:51:07:352,0.2206,-0.0816,9.8004,-0.02,-0.0001,9.8066,0.0758,-0.0149,0.0068,-18.31,-36.94,1.63,269.43,-81.6,-169.35
52.39988,-1.503433,156.71,5.05,3,6.76,19 / 20,5461709,2019-09-06 20:51:07:452,0.5476,0.5065,10.4073,-0.0178,-0.0042,9.8066,0.0724,-0.005,0.0085,-18,-37.06,1.88,269.01,-81.51,-169.6
52.39988,-1.503433,156.71,5.05,3,6.76,19 / 20,5461809,2019-09-06 20:51:07:552,-0.3993,-0.9167,10.3355,-0.0358,-0.009,9.8065,-0.1724,0.0475,-0.0287,-18.94,-36.62,1.25,267.96,-81.83,-168.88
52.39988,-1.503433,156.71,5.05,3,6.76,19 / 20,5461909,2019-09-06 20:51:07:652,0.6413,-0.562,9.416,-0.0048,-0.009,9.8066,0.0387,-0.0752,0.0256,-18.25,-36.69,1.5,271.05,-82.02,-168.63
52.39988,-1.503433,156.71,5.05,3,6.76,19 / 20,5462009,2019-09-06 20:51:07:752,-1.0046,1.2386,9.3954,-0.0101,-0.0011,9.8065,0.071,-0.0904,0.0644,-18.37,-37.25,1.69,271.3,-82.02,-168.39
52.39988,-1.503433,156.71,5.05,3,6.76,19 / 20,5462109,2019-09-06 20:51:07:852,-0.1526,0.1383,10.2296,-0.0055,-0.004,9.8066,0.0224,-0.0275,-0.0264,-19.06,-36.87,1.88,271.94,-82.13,-168.53
52.39988,-1.503433,156.71,5.05,3,6.76,19 / 20,5462210,2019-09-06 20:51:07:953,-1.3435,0.2093,10.2264,-0.0184,0.0011,9.8066,0.0723,0.0079,0.0132,-18.69,-36.62,1.19,268.93,-82.23,-168.7
52.39988,-1.503433,156.71,5.05,3,6.76,19 / 20,5462310,2019-09-06 20:51:08:053,-1.6201,0.5904,10.074,0.0065,-0.0047,9.8066,0.1284,-0.0043,0.0083,-19,-37.19,1.31,269.12,-82.31,-168.67
52.39988,-1.503433,156.71,5.05,3,6.76,19 / 20,5462409,2019-09-06 20:51:08:152,0.8633,-0.5854,10.7892,-0.0344,-0.0284,9.8065,-0.1826,-0.0031,0.0124,-19.56,-36.56,2.13,274.18,-82.28,-167.08
52.39988,-1.503433,156.71,5.05,3,6.76,19 / 20,5462510,2019-09-06 20:51:08:253,-0.1587,-0.0358,9.6915,0.0843,0.0113,9.8062,-0.053,0.0022,-0.0488,-18.87,-37.19,2.19,273.47,-82.3,-167.35
52.39988,-1.503433,156.71,5.05,3,6.76,19 / 20,5462610,2019-09-06 20:51:08:353,-0.8553,0.4215,9.4378,0.0348,0.0276,9.8065,-0.0894,-0.0192,0.0171,-19,-37.06,1.75,271.08,-81.88,-168.88
52.39988,-1.503433,156.71,5.05,3,6.76,19 / 20,5462710,2019-09-06 20:51:08:453,-0.1517,-0.4995,10.3679,0.0388,-0.0015,9.8065,-0.181,-0.1063,0.0255,-18.5,-36.81,2.25,270.64,-81.85,-168.68
52.39988,-1.503433,156.71,5.05,3,6.76,19 / 20,5462809,2019-09-06 20:51:08:552,-1.3934,0.0204,9.9176,0.0466,0.0166,9.8065,0.1433,-0.0111,0.0529,-19,-36.81,2,271.14,-81.88,-168.83
52.39988,-1.503433,156.71,5.05,3,6.76,19 / 20,5462910,2019-09-06 20:51:08:653,-1.584,0.5085,9.4596,-0.0299,-0.0079,9.8066,-0.0761,0.0591,-0.0331,-18.37,-36.75,2.13,271.75,-81.91,-167.7
52.39988,-1.503433,156.71,5.05,3,6.76,19 / 20,5463009,2019-09-06 20:51:08:752,-0.6671,-0.8689,9.8706,-0.0159,-0.0033,9.8065,0.0746,0.0385,-0.0771,-18.81,-36.87,2,271.67,-81.83,-168.19
52.39988,-1.503433,156.71,5.05,3,6.76,19 / 20,5463109,2019-09-06 20:51:08:852,-0.0559,0.6764,10.0934,-0.012,0.014,9.8066,0.1583,-0.0109,0.0422,-19.06,-36.5,2.44,270.8,-81.62,-169.08
52.39988,-1.503433,156.71,5.05,3,6.76,19 / 20,5463210,2019-09-06 20:51:08:953,-0.2211,-0.2707,10.41,-0.0018,-0.0125,9.8066,-0.0263,-0.0073,-0.0134,-18.44,-36.25,2.19,269.92,-81.54,-169.23
52.39988,-1.503433,156.71,5.05,3,6.76,19 / 20,5463310,2019-09-06 20:51:09:053,-0.9753,0.2295,10.4534,0.0259,0.0006,9.8066,0.077,0.0044,-0.0031,-18.81,-37.31,2.31,269.09,-81.36,-169.81
52.39988,-1.503433,156.71,5.05,3,6.76,19 / 20,5463410,2019-09-06 20:51:09:153,-0.6339,0.7942,9.0253,-0.0161,0.0016,9.8066,-0.0365,-0.0405,0.0421,-18.94,-36.87,2.38,269.18,-81.4,-169.8
52.39988,-1.503433,156.71,5.05,3,6.76,19 / 20,5463510,2019-09-06 20:51:09:253,0.0891,-0.8291,9.0463,0.0041,-0.0181,9.8066,-0.1147,-0.0723,0.0979,-18.06,-37.12,2.44,270.02,-81.31,-168.12
52.39988,-1.503433,156.71,5.05,3,6.76,19 / 20,5463610,2019-09-06 20:51:09:353,0.4134,0.4153,8.9918,-0.0387,-0.026,9.8065,-0.2181,-0.0312,0.0562,-19.06,-37.19,2.63,276.61,-81.51,-165.73
52.39988,-1.503433,156.71,5.05,3,6.76,19 / 20,5463710,2019-09-06 20:51:09:453,-2.0491,-0.7569,9.1696,-0.0592,-0.0129,9.8064,-0.2389,0.0133,-0.0014,-18.94,-36.75,1.88,276.62,-81.93,-163.5
52.39988,-1.503433,156.71,5.05,3,6.76,19 / 20,5463810,2019-09-06 20:51:09:553,-1.6872,0.6267,9.8138,-0.0273,0.0075,9.8065,-0.0021,-0.0213,0.0227,-19.31,-36.56,1.25,275.99,-82.66,-162.55
52.39988,-1.503433,156.71,5.05,3,6.76,19 / 20,5463909,2019-09-06 20:51:09:652,-1.674,0.9791,10.2755,-0.0122,-0.007,9.8066,-0.0101,-0.0516,0.0249,-19.5,-36.31,1.31,279,-83.07,-160.83
52.39988,-1.503433,156.71,5.05,3,6.76,19 / 20,5464009,2019-09-06 20:51:09:752,-0.8881,0.3882,9.739,0.0337,0.007,9.8065,0.2574,0.0273,0.0029,-18.69,-37,1.31,277.78,-82.8,-161.08
52.39988,-1.503433,156.71,5.05,3,6.76,19 / 20,5464109,2019-09-06 20:51:09:852,-0.8005,0.553,9.0699,0.0111,0.0137,9.8066,0.1025,0.0337,-0.0632,-19.44,-36.56,1.94,277.87,-82.29,-163.02
52.39988,-1.503433,156.71,5.05,3,6.76,19 / 20,5464210,2019-09-06 20:51:09:953,0.336,0.0651,10.0412,0.0061,0.0057,9.8066,-0.0773,0.046,-0.0415,-19,-37,2.69,278.72,-82,-164.67
52.39988,-1.503433,156.71,5.05,3,6.76,19 / 20,5464310,2019-09-06 20:51:10:053,-1.4206,0.9168,9.9291,0.0306,0.0087,9.8066,-0.159,0.0694,-0.0083,-18.94,-37.12,2.25,273.96,-81.92,-166.1
52.39988,-1.503433,156.71,5.05,3,6.76,19 / 20,5464409,2019-09-06 20:51:10:152,-0.6775,0.1053,10.1196,0.0194,-0.0011,9.8066,-0.0726,0.0599,-0.0094,-19.12,-37.12,1.88,274.05,-81.93,-166.03
52.39988,-1.503433,156.71,5.05,3,6.76,19 / 20,5464509,2019-09-06 20:51:10:252,-0.6814,0.2064,9.7491,0.0158,-0.009,9.8065,0.0208,0.0127,0.0171,-19.12,-37.25,1.94,275.13,-81.99,-165.08
52.39988,-1.503433,156.71,5.05,3,6.76,19 / 20,5464609,2019-09-06 20:51:10:352,-0.8979,-0.1471,9.7235,0.0211,0.0096,9.8066,0.1164,0.0047,0.002,-19.81,-36.94,2,275.31,-81.91,-165.25
52.39988,-1.503433,156.71,5.05,3,6.76,19 / 20,5464709,2019-09-06 20:51:10:452,-1.5844,-0.1164,9.7748,-0.0268,-0.0062,9.8066,0.0584,-0.0353,-0.04,-18.75,-37.12,1.88,275.27,-81.99,-164.95
52.39988,-1.503433,156.71,5.05,3,6.76,19 / 20,5464810,2019-09-06 20:51:10:553,-1.396,-0.0698,9.3456,-0.0196,0.0024,9.8066,0.0637,0.0187,0.0284,-19.06,-37.44,2.13,274.44,-81.91,-165.6
52.39988,-1.503433,156.71,5.05,3,6.76,19 / 20,5464910,2019-09-06 20:51:10:653,-0.4324,0.9496,9.6546,-0.0284,-0.0087,9.8065,0.0486,0.0416,-0.04,-19.62,-36.94,1.63,275.34,-81.85,-165.11
52.39988,-1.503433,156.71,5.05,3,6.76,19 / 20,5465010,2019-09-06 20:51:10:753,-1.4536,0.9068,10.2977,-0.045,-0.0116,9.8064,0.0251,-0.0287,-0.0067,-18.56,-36.94,3.13,279.32,-82.13,-164.35
52.39988,-1.503433,156.71,5.05,3,6.76,19 / 20,5465109,2019-09-06 20:51:10:852,0.2623,0.248,10.7211,0.011,0.0106,9.8066,0.0484,-0.0682,0.0289,-19.37,-37.37,2.06,275.49,-82.08,-164.92
52.39988,-1.503433,156.71,5.05,3,6.76,19 / 20,5465209,2019-09-06 20:51:10:952,-1.6566,-0.0806,9.9619,-0.0018,-0.0022,9.8066,-0.0359,-0.0645,0.0101,-18.94,-37.12,2.5,279.23,-82.24,-164.67
52.39988,-1.503433,156.71,5.05,3,6.76,19 / 20,5465310,2019-09-06 20:51:11:053,-0.8176,-0.5073,9.2517,0.0032,0.0037,9.8066,-0.0531,-0.0426,0.039,-18.75,-37.31,2.13,276.36,-82.21,-164.32
52.39988,-1.503433,156.71,5.05,3,6.76,19 / 20,5465409,2019-09-06 20:51:11:152,-0.7662,0.0472,9.5567,0.0114,0.0093,9.8065,0.0318,0.0555,-0.0255,-19.19,-37.56,1.88,275.63,-82.2,-164.59
52.39988,-1.503433,156.71,5.05,3,6.76,19 / 20,5465509,2019-09-06 20:51:11:252,-0.9603,-0.0934,9.7627,-0.0249,-0.0059,9.8065,0.0335,-0.0434,0.0231,-18.69,-36.69,1.38,272.7,-82.16,-164.78
52.39988,-1.503433,156.71,5.05,3,6.76,19 / 20,5465610,2019-09-06 20:51:11:353,-0.959,-0.3399,10.1278,0.0019,-0.0118,9.8066,-0.0531,0.082,-0.0019,-19,-37.69,1.63,277.06,-82.26,-163.32
52.39988,-1.503433,156.71,5.05,3,6.76,19 / 20,5465709,2019-09-06 20:51:11:452,-0.815,-0.2928,10.1349,0.0164,-0.0031,9.8066,-0.0679,-0.0034,0.0172,-19.5,-37.19,1.25,275.17,-82.19,-162.39
52.39988,-1.503433,156.71,5.05,3,6.76,19 / 20,5465810,2019-09-06 20:51:11:553,-1.4931,-0.0685,9.5053,0.007,0.0072,9.8066,0.0977,-0.0381,0.0185,-19.19,-36.94,1.69,278.09,-82.19,-162.6
52.39988,-1.503433,156.71,5.05,3,6.76,19 / 20,5465910,2019-09-06 20:51:11:653,-1.8027,0.4658,9.5353,-0.0351,-0.0002,9.8066,0.0723,0.0117,-0.025,-19.75,-36.94,1.5,278.79,-82.33,-162.67
52.39988,-1.503433,156.71,5.05,3,6.76,19 / 20,5466010,2019-09-06 20:51:11:753,-1.1766,-0.377,10.4372,-0.0202,0.0031,9.8066,-0.1185,0.0176,0.0077,-20,-37.44,1.69,278.62,-82.4,-162.97
52.39988,-1.503433,156.71,5.05,3,6.76,19 / 20,5466110,2019-09-06 20:51:11:853,-1.0579,0.2067,10.0394,0.0274,0.0016,9.8066,-0.1094,0.0058,0.0236,-18.75,-37,1.56,278.54,-82.58,-162.95
52.39988,-1.503433,156.71,5.05,3,6.76,19 / 20,5466210,2019-09-06 20:51:11:953,-1.8855,-0.1249,9.506,0.0361,0.005,9.8066,-0.0569,-0.0334,0.0095,-19.69,-37.12,1.19,275.98,-82.46,-162.75
52.39988,-1.503433,156.71,5.05,3,6.76,19 / 20,5466310,2019-09-06 20:51:12:053,-0.849,0.0819,9.6829,0.0007,-0.0048,9.8066,-0.0449,-0.005,0.0162,-19.75,-37.12,2.13,279.47,-82.48,-162.29
52.400097,-1.502705,156.76,6.14,4,71.09,19 / 20,5466409,2019-09-06 20:51:12:152,-0.9685,-0.6724,9.1124,0.0187,0.0016,9.8066,-0.066,0.006,0.0229,-19.31,-37.5,1.94,278.58,-82.37,-162.49
52.400097,-1.502705,156.76,6.14,4,71.09,19 / 20,5466510,2019-09-06 20:51:12:253,-1.159,-0.2181,8.8636,-0.0393,0.0027,9.8065,0.1266,-0.0339,-0.0136,-19.31,-37.56,2,277.91,-82.53,-163.06
52.400097,-1.502705,156.76,6.14,4,71.09,19 / 20,5466610,2019-09-06 20:51:12:353,-0.8816,-0.675,10.4082,-0.025,-0.0136,9.8065,0.108,-0.0831,0.0147,-19.94,-36.94,1.81,279.4,-82.52,-162.45
52.400097,-1.502705,156.76,6.14,4,71.09,19 / 20,5466709,2019-09-06 20:51:12:452,-0.3197,-0.2834,11.2262,0.0151,-0.0004,9.8066,-0.0927,-0.1429,0.034,-19.81,-36.56,1.75,279.54,-82.54,-162.35
52.400097,-1.502705,156.76,6.14,4,71.09,19 / 20,5466809,2019-09-06 20:51:12:552,-0.678,-1.0099,10.0781,-0.007,0.001,9.8066,-0.0103,-0.1774,0.034,-19.81,-37.12,2.44,279.79,-82.61,-162.23
52.400097,-1.502705,156.76,6.14,4,71.09,19 / 20,5466910,2019-09-06 20:51:12:653,-0.9274,-1.3096,10.139,0.0145,0.0002,9.8066,0.0447,-0.0649,0.0616,-20,-37.25,2.88,282.5,-82.46,-162.26
52.400097,-1.502705,156.76,6.14,4,71.09,19 / 20,5467010,2019-09-06 20:51:12:753,1.024,-1.0116,9.9671,-0.0405,-0.0209,9.8065,0.1831,-0.1831,0.0765,-20.25,-36.31,3.81,287.23,-82.5,-161.12
52.400097,-1.502705,156.76,6.14,4,71.09,19 / 20,5467110,2019-09-06 20:51:12:853,0.4038,-2.4359,10.5803,0.0707,-0.0032,9.8063,-0.2589,-0.2688,0.0386,-20.62,-36.94,4.56,288.93,-81.77,-160.74
52.400097,-1.502705,156.76,6.14,4,71.09,19 / 20,5467210,2019-09-06 20:51:12:953,-0.3467,-2.1579,9.9164,-0.0204,0.0135,9.8066,-0.1242,-0.2806,0.0339,-20.31,-36.87,4.88,289.26,-81.87,-160.61
52.400097,-1.502705,156.76,6.14,4,71.09,19 / 20,5467310,2019-09-06 20:51:13:053,-0.9079,-2.5551,10.418,0.0207,0.0056,9.8066,-0.0422,-0.3573,-0.0024,-20.81,-36.5,5.88,291.89,-82.07,-161.58
52.400097,-1.502705,156.76,6.14,4,71.09,19 / 20,5467409,2019-09-06 20:51:13:152,-2.7751,-0.7245,8.3097,0.0125,0.0147,9.8066,-0.0299,-0.4227,0.1374,-20.19,-36.12,6.94,294.56,-82.23,-162.37
52.400097,-1.502705,156.76,6.14,4,71.09,19 / 20,5467510,2019-09-06 20:51:13:253,-2.3691,-2.1179,8.8849,-0.0329,-0.0252,9.8066,0.1883,-0.4469,0.0997,-20.44,-36.5,6.94,297.04,-82.16,-160.03
52.400097,-1.502705,156.76,6.14,4,71.09,19 / 20,5467609,2019-09-06 20:51:13:352,-0.3541,-2.552,10.053,-0.0139,0.0117,9.8066,0.0668,-0.4382,0.0456,-20.25,-36.25,7.19,295.97,-81.96,-160.66
52.400097,-1.502705,156.76,6.14,4,71.09,19 / 20,5467710,2019-09-06 20:51:13:453,-0.6916,-2.2209,10.2133,0.021,-0.0066,9.8066,-0.0778,-0.5432,0.0397,-20.25,-35.81,9.31,301.04,-81.74,-161.17
52.400097,-1.502705,156.76,6.14,4,71.09,19 / 20,5467811,2019-09-06 20:51:13:554,-0.6115,-2.9199,10.4375,-0.0003,0.0168,9.8066,-0.0752,-0.4812,0.0275,-20.44,-36.06,9.88,303.35,-81.93,-161.99
52.400097,-1.502705,156.76,6.14,4,71.09,19 / 20,5467910,2019-09-06 20:51:13:653,-1.6416,-2.2913,9.6681,0.0225,0.0048,9.8066,-0.0735,-0.4524,0.0418,-20.37,-36.25,10.63,305.09,-81.95,-162.97
52.400097,-1.502705,156.76,6.14,4,71.09,19 / 20,5468010,2019-09-06 20:51:13:753,-2.3032,-2.7215,9.86,0.0352,-0.0105,9.8065,-0.012,-0.5183,0.031,-20.37,-35.87,11.5,306.49,-81.79,-163.92
52.400097,-1.502705,156.76,6.14,4,71.09,19 / 20,5468110,2019-09-06 20:51:13:853,-2.0323,-0.9268,9.3789,-0.0149,0.025,9.8065,0.0534,-0.5858,0.1263,-19.69,-35.44,12.19,304.95,-81.99,-165.82
52.400097,-1.502705,156.76,6.14,4,71.09,19 / 20,5468210,2019-09-06 20:51:13:953,-1.6778,-2.879,9.8218,-0.0071,-0.0024,9.8065,-0.0381,-0.5592,0.0817,-19.94,-36.5,13.13,307.04,-81.78,-165.72
52.400097,-1.502705,156.76,6.14,4,71.09,19 / 20,5468309,2019-09-06 20:51:14:052,-2.7438,-1.8944,9.7589,0.0137,0.0075,9.8066,0.0515,-0.5489,0.0495,-19.62,-35.75,13.63,309.15,-81.83,-166.15
52.400097,-1.502705,156.76,6.14,4,71.09,19 / 20,5468410,2019-09-06 20:51:14:153,-2.7505,-1.9379,10.0453,-0.0092,0.014,9.8066,0.0036,-0.6201,0.0666,-19.25,-35.56,15.63,314.81,-81.94,-166.68
52.400097,-1.502705,156.76,6.14,4,71.09,19 / 20,5468509,2019-09-06 20:51:14:252,-2.3435,-1.4454,9.7598,0.0187,0.0182,9.8066,-0.0787,-0.4839,0.021,-19,-36,15.94,313.02,-82.2,-168.51
52.400097,-1.502705,156.76,6.14,4,71.09,19 / 20,5468609,2019-09-06 20:51:14:352,-1.8675,-1.4588,9.5024,0.0177,-0.0004,9.8066,-0.1697,-0.5217,0.0483,-17.62,-35.31,16.38,313.82,-82.31,-169.45
52.400097,-1.502705,156.76,6.14,4,71.09,19 / 20,5468710,2019-09-06 20:51:14:453,-2.0207,-1.2434,9.2617,-0.0104,0.0075,9.8066,0.0303,-0.5457,0.0968,-17.06,-35.12,17.31,317.14,-82.49,-170.15
52.400097,-1.502705,156.76,6.14,4,71.09,19 / 20,5468809,2019-09-06 20:51:14:552,-2.2526,-1.5712,10.4956,0.0017,-0.0209,9.8066,0.0164,-0.4803,0.0641,-17.5,-35.62,18.06,319.98,-82.39,-169.27
52.400097,-1.502705,156.76,6.14,4,71.09,19 / 20,5468910,2019-09-06 20:51:14:653,-3.0269,-1.7661,10.004,-0.0067,0.0066,9.8066,0.0537,-0.5331,0.0805,-16.5,-35.5,18.63,324.32,-82.39,-169.07
52.400097,-1.502705,156.76,6.14,4,71.09,19 / 20,5469010,2019-09-06 20:51:14:753,-3.4681,-1.6012,9.6209,-0.0168,0.0269,9.8065,-0.0181,-0.4811,0.0133,-15.19,-35.44,20.06,328,-82.41,-169.27
52.400097,-1.502705,156.76,6.14,4,71.09,19 / 20,5469110,2019-09-06 20:51:14:853,-1.9867,-0.6937,9.3366,0.0352,-0.0019,9.8065,-0.1447,-0.5024,-0.0173,-15.75,-35.37,21.06,325.58,-82.42,-171.19
52.400097,-1.502705,156.76,6.14,4,71.09,19 / 20,5469210,2019-09-06 20:51:14:953,-2.2406,0.1981,9.2149,0.0306,-0.0143,9.8065,-0.1744,-0.3867,0.0526,-14.87,-35,20.63,325.96,-82.56,-172.62
52.400097,-1.502705,156.76,6.14,4,71.09,19 / 20,5469309,2019-09-06 20:51:15:052,-2.5987,0.1767,9.8793,-0.0192,0.0458,9.8065,0.1053,-0.4559,0.0436,-13.62,-35.5,21.5,328.64,-82.89,-173.73
52.400097,-1.502705,156.76,6.14,4,71.09,19 / 20,5469409,2019-09-06 20:51:15:152,-1.1185,-0.0157,9.4936,0.0064,-0.0015,9.8066,-0.0224,-0.3449,0.0103,-12.56,-35.56,22.44,330,-82.78,-174.14
52.400097,-1.502705,156.76,6.14,4,71.09,19 / 20,5469510,2019-09-06 20:51:15:253,-0.917,-1.0325,9.7379,-0.0011,-0.0085,9.8065,-0.0628,-0.4226,0.0337,-12.81,-35.5,22.19,329.82,-82.8,-174.44
52.400097,-1.502705,156.76,6.14,4,71.09,19 / 20,5469609,2019-09-06 20:51:15:352,-1.8247,-0.7045,10.0485,0.0095,-0.001,9.8066,0.0275,-0.3853,0.0539,-11.81,-35.19,22.81,332.92,-82.73,-174.87
52.400097,-1.502705,156.76,6.14,4,71.09,19 / 20,5469710,2019-09-06 20:51:15:453,-0.9385,-0.7267,10.8372,0.0224,-0.0169,9.8066,-0.0151,-0.3067,0.0193,-10.87,-35.31,23.75,334.83,-82.43,-176.09
52.400097,-1.502705,156.76,6.14,4,71.09,19 / 20,5469809,2019-09-06 20:51:15:552,-1.393,-1.1778,11.4702,-0.0015,-0.0159,9.8066,0.1355,-0.2595,0.0238,-10.25,-34.62,24.13,337.45,-82.3,-175.77
52.400097,-1.502705,156.76,6.14,4,71.09,19 / 20,5469909,2019-09-06 20:51:15:652,-2.0963,-2.0303,9.793,0.0453,-0.058,9.8063,-0.1362,-0.2331,-0.0732,-10.69,-35.19,24.31,333.33,-82.35,-177.29
52.400097,-1.502705,156.76,6.14,4,71.09,19 / 20,5470010,2019-09-06 20:51:15:753,1.2671,0.6799,8.1828,-0.0128,0.0404,9.8065,-0.215,-0.3586,0.1041,-9.75,-34.75,24.56,335.03,-81.99,-178.56
52.400097,-1.502705,156.76,6.14,4,71.09,19 / 20,5470109,2019-09-06 20:51:15:852,-1.907,-0.1164,9.7936,-0.0026,0.0329,9.8065,0.17,-0.1699,-0.0338,-9,-35.69,24.56,335.96,-82.15,-179.71
52.400097,-1.502705,156.76,6.14,4,71.09,19 / 20,5470209,2019-09-06 20:51:15:952,-0.0045,1.6287,9.996,0.0194,0.0044,9.8066,-0.0501,-0.1821,-0.0214,-8.75,-34.94,24.75,334.51,-82.09,179
52.400097,-1.502705,156.76,6.14,4,71.09,19 / 20,5470309,2019-09-06 20:51:16:052,-0.7075,0.4454,9.4659,-0.0112,0.0325,9.8066,0.0087,-0.1268,0.0031,-8.62,-34.56,25.38,333.98,-82.33,178.42
52.400097,-1.502705,156.76,6.14,4,71.09,19 / 20,5470410,2019-09-06 20:51:16:153,-0.7989,1.4435,9.273,-0.0119,0.0199,9.8066,-0.0007,-0.1041,-0.0025,-8.25,-35.25,24.75,335.89,-82.44,177.93
52.400097,-1.502705,156.76,6.14,4,71.09,19 / 20,5470510,2019-09-06 20:51:16:253,-2.1808,-0.1414,10.0282,0.0067,0.0151,9.8065,0.0465,0.0628,-0.0722,-8.31,-35,24.5,335.53,-82.52,177.59
52.400097,-1.502705,156.76,6.14,4,71.09,19 / 20,5470609,2019-09-06 20:51:16:352,1.097,0.2115,9.5157,-0.0115,0.033,9.8065,0.1251,0.0172,-0.0341,-8.75,-35.12,24.81,332.18,-82.51,176.79
52.400097,-1.502705,156.76,6.14,4,71.09,19 / 20,5470709,2019-09-06 20:51:16:452,0.2731,1.0724,10.2773,0.0092,-0.0124,9.8066,-0.0892,0.0407,-0.0555,-8.62,-34.87,25.19,330.85,-82.28,175.83
52.400097,-1.502705,156.76,6.14,4,71.09,19 / 20,5470809,2019-09-06 20:51:16:552,-0.0397,1.4802,10.3048,0.0057,0.0087,9.8066,-0.0629,0.0341,-0.0165,-8.56,-35.06,25.13,329.88,-82.4,174.92
52.400097,-1.502705,156.76,6.14,4,71.09,19 / 20,5470910,2019-09-06 20:51:16:653,0.742,1.4986,10.1609,0.0226,-0.014,9.8065,-0.0514,0.1121,-0.0483,-8.25,-35.37,24.56,330.37,-82.38,173.36
52.400097,-1.502705,156.76,6.14,4,71.09,19 / 20,5471009,2019-09-06 20:51:16:752,0.6299,1.967,9.2383,0.0124,-0.0215,9.8066,-0.0495,0.1216,-0.0101,-9.12,-35.19,24.75,327.31,-82.38,172.76
52.400097,-1.502705,156.76,6.14,4,71.09,19 / 20,5471110,2019-09-06 20:51:16:853,0.747,2.338,9.1068,-0.0163,0.0207,9.8066,0.1361,0.2129,-0.0281,-9.06,-35.19,24.38,326.96,-82.38,173.43
52.400097,-1.502705,156.76,6.14,4,71.09,19 / 20,5471210,2019-09-06 20:51:16:953,0.7031,1.636,10.0299,-0.0153,0.0133,9.8066,0.1104,0.1999,-0.034,-9.62,-35.94,24.44,325.01,-82.52,173.81
52.400097,-1.502705,156.76,6.14,4,71.09,19 / 20,5471310,2019-09-06 20:51:17:053,0.3653,1.4405,10.188,-0.0043,0.0002,9.8066,-0.0887,0.2419,-0.0079,-10.06,-35.37,24.38,325.93,-82.61,174.35
52.400097,-1.502705,156.76,6.14,4,71.09,19 / 20,5471409,2019-09-06 20:51:17:152,0.3478,1.9733,10.1398,-0.0056,0.0056,9.8066,-0.0427,0.2501,-0.0249,-10.5,-35.5,23.88,326.34,-82.7,174.63
52.400097,-1.502705,156.76,6.14,4,71.09,19 / 20,5471509,2019-09-06 20:51:17:252,0.5426,2.1391,9.6772,-0.004,0.0164,9.8066,-0.0422,0.2304,-0.049,-10.31,-35.37,24,326.57,-82.8,174.74
52.400097,-1.502705,156.76,6.14,4,71.09,19 / 20,5471609,2019-09-06 20:51:17:352,-0.0047,1.8653,9.4005,-0.0099,0.022,9.8065,-0.0642,0.2116,0.0014,-10.5,-35.81,22.75,324.43,-83.08,173.92
52.400097,-1.502705,156.76,6.14,4,71.09,19 / 20,5471710,2019-09-06 20:51:17:453,-0.107,2.4996,9.8574,-0.0026,-0.0066,9.8066,-0.0006,0.289,-0.0301,-11.44,-35.62,23.06,322.91,-83.17,174.49
52.400097,-1.502705,156.76,6.14,4,71.09,19 / 20,5471810,2019-09-06 20:51:17:553,-0.0268,2.4279,10.2165,-0.0069,-0.0183,9.8065,0.0201,0.2773,0.0203,-11.31,-35.56,22.75,324.33,-83.18,175.71
52.400097,-1.502705,156.76,6.14,4,71.09,19 / 20,5471910,2019-09-06 20:51:17:653,0.1095,1.5942,9.9829,-0.0093,-0.0136,9.8066,-0.0039,0.2851,-0.0202,-11.5,-35.62,22.38,326.06,-83.2,178.37
52.400097,-1.502705,156.76,6.14,4,71.09,19 / 20,5472009,2019-09-06 20:51:17:752,-0.2435,1.8744,10.009,-0.008,0.0042,9.8066,0.0157,0.2759,-0.0367,-12.12,-35.37,22.19,324.6,-83.22,178.89
52.400097,-1.502705,156.76,6.14,4,71.09,19 / 20,5472110,2019-09-06 20:51:17:853,-0.3115,1.2608,10.2536,0.0121,-0.0052,9.8066,-0.0251,0.2633,-0.0686,-12.81,-35.5,21.75,323.1,-83.21,179.47
52.400097,-1.502705,156.76,6.14,4,71.09,19 / 20,5472209,2019-09-06 20:51:17:952,0.0901,1.8824,9.3783,0.0143,0.0096,9.8066,0.0108,0.278,-0.0674,-13.37,-35.69,22.13,320.75,-83.17,177.62
52.400097,-1.502705,156.76,6.14,4,71.09,19 / 20,5472310,2019-09-06 20:51:18:053,0.9196,1.473,9.4345,0.0119,-0.0007,9.8066,-0.0335,0.2744,-0.0475,-13.12,-35.62,21.13,317.48,-83.07,176.3
52.400097,-1.502705,156.76,6.14,4,71.09,19 / 20,5472410,2019-09-06 20:51:18:153,0.988,1.5801,9.4977,0.0081,0.0052,9.8066,-0.0441,0.3025,-0.0468,-13.31,-36.12,21.56,318.22,-83.12,175.49
52.400097,-1.502705,156.76,6.14,4,71.09,19 / 20,5472509,2019-09-06 20:51:18:252,0.0684,1.9424,10.0815,-0.0047,-0.0002,9.8066,-0.0087,0.332,-0.0353,-13.5,-35.37,20.88,317.14,-83.2,175.67
52.400097,-1.502705,156.76,6.14,4,71.09,19 / 20,5472609,2019-09-06 20:51:18:352,-0.1306,1.8907,10.1603,0.0036,-0.0115,9.8066,-0.0367,0.302,-0.0329,-14.19,-35.81,20.63,315.54,-83.22,176.23
52.400097,-1.502705,156.76,6.14,4,71.09,19 / 20,5472709,2019-09-06 20:51:18:452,0.3228,1.9469,9.8721,-0.007,0.0007,9.8066,0.0391,0.3113,-0.0358,-14.62,-35.94,20.19,311.57,-83.23,175.97
52.400097,-1.502705,156.76,6.14,4,71.09,19 / 20,5472809,2019-09-06 20:51:18:552,0.1739,1.252,9.8525,-0.0094,0.0047,9.8066,-0.0494,0.3471,-0.0451,-15.31,-35.37,18.88,310.69,-83.27,176.59
52.400097,-1.502705,156.76,6.14,4,71.09,19 / 20,5472909,2019-09-06 20:51:18:652,0.0869,1.8284,9.6891,0.0006,0.0244,9.8066,0.01,0.3597,-0.104,-15,-36,18.88,308.69,-83.46,174.78
52.400097,-1.502705,156.76,6.14,4,71.09,19 / 20,5473010,2019-09-06 20:51:18:753,0.2776,1.8767,9.6329,0.0081,0.0182,9.8066,0.0156,0.3596,-0.0903,-13.87,-35.44,18.25,306.46,-83.51,172.56
52.400097,-1.502705,156.76,6.14,4,71.09,19 / 20,5473109,2019-09-06 20:51:18:852,0.6187,1.8303,9.8432,0.0109,0.0179,9.8066,0.0473,0.3707,-0.0892,-15.81,-35.87,17.38,297.36,-83.45,169.81
52.400097,-1.502705,156.76,6.14,4,71.09,19 / 20,5473210,2019-09-06 20:51:18:953,0.8255,2.3443,9.7358,0.0143,0.0131,9.8066,0.042,0.3909,-0.0784,-15.12,-36.94,17.44,296.36,-83.29,167.84
52.400097,-1.502705,156.76,6.14,4,71.09,19 / 20,5473310,2019-09-06 20:51:19:053,-0.4206,2.1935,10.0819,-0.0113,-0.0095,9.8066,-0.0158,0.3961,-0.002,-16,-37,17.19,294.61,-83.26,167.83
52.400097,-1.502705,156.76,6.14,4,71.09,19 / 20,5473409,2019-09-06 20:51:19:152,0.0112,1.9114,9.8198,-0.0083,0.002,9.8066,0.0333,0.4034,-0.0539,-16.19,-36.44,16.5,296.46,-83.32,169.18
52.400097,-1.502705,156.76,6.14,4,71.09,19 / 20,5473510,2019-09-06 20:51:19:253,-0.6771,1.7899,9.9588,0.008,-0.0075,9.8066,-0.024,0.4146,-0.0657,-16.5,-35.62,15.63,294.79,-83.28,169.72
52.400097,-1.502705,156.76,6.14,4,71.09,19 / 20,5473610,2019-09-06 20:51:19:353,-0.1196,1.6973,9.5994,0.0078,0.0099,9.8066,-0.0126,0.4222,-0.0692,-16,-36.25,15.56,293.74,-83.25,168.81
52.400097,-1.502705,156.76,6.14,4,71.09,19 / 20,5473710,2019-09-06 20:51:19:453,-0.7605,1.9686,9.8825,0.0137,0.0092,9.8065,-0.0374,0.4181,-0.096,-16.69,-36.81,14.94,287.63,-83.14,167.11
52.400097,-1.502705,156.76,6.14,4,71.09,19 / 20,5473810,2019-09-06 20:51:19:553,-1.5175,2.3168,9.9838,0.0029,0.0049,9.8066,-0.0606,0.3793,-0.0267,-16.56,-37.31,14.06,284.21,-83.2,166.02
52.400097,-1.502705,156.76,6.14,4,71.09,19 / 20,5473910,2019-09-06 20:51:19:653,-0.7792,2.0196,9.8109,-0.0011,0.0082,9.8066,0.0084,0.3894,-0.0733,-17.62,-36.75,14.44,282.87,-83.27,165.83
52.400097,-1.502705,156.76,6.14,4,71.09,19 / 20,5474010,2019-09-06 20:51:19:753,-1.383,1.9518,9.8172,-0.0016,0.0051,9.8066,-0.1012,0.4047,-0.0309,-17.44,-37.37,12.94,280.6,-83.34,164.7
52.400097,-1.502705,156.76,6.14,4,71.09,19 / 20,5474109,2019-09-06 20:51:19:852,-1.0556,1.5208,9.6316,-0.0069,0.0076,9.8066,-0.0071,0.4052,-0.0568,-17.25,-37.19,11.88,277.89,-83.43,164.43
52.400097,-1.502705,156.76,6.14,4,71.09,19 / 20,5474209,2019-09-06 20:51:19:952,-1.1421,1.8146,10.0124,-0.0031,-0.0011,9.8066,0,0.3779,-0.04,-17.69,-37.06,11.56,276.82,-83.45,164.42
52.400097,-1.502705,156.76,6.14,4,71.09,19 / 20,5474309,2019-09-06 20:51:20:052,-0.538,1.5198,9.7367,-0.002,-0.0018,9.8066,-0.0403,0.3804,-0.0223,-17.56,-36.94,10.63,274.08,-83.51,164.16
52.400097,-1.502705,156.76,6.14,4,71.09,19 / 20,5474409,2019-09-06 20:51:20:152,-0.8548,1.1321,9.7762,0.0077,-0.0037,9.8066,-0.0032,0.4231,-0.0334,-17.75,-36.94,10.44,271.57,-83.52,164.3
52.400097,-1.502705,156.76,6.14,4,71.09,19 / 20,5474510,2019-09-06 20:51:20:253,-0.4688,1.0767,9.6271,0.0046,-0.0038,9.8066,-0.0218,0.3829,-0.0411,-17.31,-37.5,9.13,269.84,-83.53,164.53
52.400097,-1.502705,156.76,6.14,4,71.09,19 / 20,5474609,2019-09-06 20:51:20:352,-0.5147,1.0918,9.5261,0.0064,-0.0003,9.8066,-0.0141,0.3971,-0.0419,-17.87,-37.69,8.56,268.82,-83.52,164.63
52.400097,-1.502705,156.76,6.14,4,71.09,19 / 20,5474709,2019-09-06 20:51:20:452,-0.55,0.8122,9.8351,0.001,-0.0051,9.8066,-0.0292,0.3876,-0.0175,-17,-37.37,7.38,263.64,-83.53,164.33
52.400097,-1.502705,156.76,6.14,4,71.09,19 / 20,5474809,2019-09-06 20:51:20:552,-0.755,0.5425,9.8925,0.0102,-0.0062,9.8066,-0.0382,0.3791,-0.0297,-17.94,-37.75,6.56,263.52,-83.52,165.06
52.400097,-1.502705,156.76,6.14,4,71.09,19 / 20,5474910,2019-09-06 20:51:20:653,-1.0303,0.4247,9.8193,-0.009,0.0034,9.8066,0.0474,0.3697,-0.0394,-17.44,-37.56,5.44,257.06,-83.52,164.31
52.400097,-1.502705,156.76,6.14,4,71.09,19 / 20,5475010,2019-09-06 20:51:20:753,-0.743,0.4757,9.8696,-0.0051,-0.002,9.8065,0.0101,0.3527,-0.0261,-17.31,-37.81,5.63,260.39,-83.49,164.6
52.400097,-1.502705,156.76,6.14,4,71.09,19 / 20,5475110,2019-09-06 20:51:20:853,-1.0014,0.3739,9.9081,0.0012,0.0043,9.8066,-0.034,0.3202,-0.0405,-17.25,-37.62,4.88,256.96,-83.45,164.35
52.400097,-1.502705,156.76,6.14,4,71.09,19 / 20,5475209,2019-09-06 20:51:20:952,-1.3129,0.0037,9.8999,0.0003,-0.0017,9.8066,-0.0256,0.2909,-0.0048,-16.62,-38.19,4.19,253.29,-83.45,163.78
52.400097,-1.502705,156.76,6.14,4,71.09,19 / 20,5475309,2019-09-06 20:51:21:052,-1.2547,0.1306,9.7852,-0.0054,-0.0056,9.8066,0.0034,0.2563,0.0025,-17.19,-36.94,3.44,250.96,-83.51,164.17
52.399963,-1.50226,156.53,1.36,3,69.63,19 / 20,5475410,2019-09-06 20:51:21:153,-1.356,-0.2628,9.8641,-0.0074,-0.0017,9.8066,-0.0104,0.2604,-0.0137,-16.25,-37.37,3.13,251.13,-83.52,164.52
52.399963,-1.50226,156.53,1.36,3,69.63,19 / 20,5475509,2019-09-06 20:51:21:252,-1.4271,-0.4153,9.7692,-0.0068,-0.0036,9.8065,-0.0135,0.2109,-0.0081,-16.12,-37.87,3,251.21,-83.62,164.78
52.399963,-1.50226,156.53,1.36,3,69.63,19 / 20,5475610,2019-09-06 20:51:21:353,-1.3182,-0.5436,9.789,0.0004,0.0007,9.8066,-0.0186,0.1975,-0.0125,-15.75,-38.06,2.13,248.12,-83.62,165.01
52.399963,-1.50226,156.53,1.36,3,69.63,19 / 20,5475709,2019-09-06 20:51:21:452,-1.111,-0.5584,9.8763,0.0029,0.0005,9.8065,0.0051,0.1485,-0.0051,-16,-38.25,1.81,248.04,-83.61,164.93
52.399963,-1.50226,156.53,1.36,3,69.63,19 / 20,5475809,2019-09-06 20:51:21:552,-1.1855,-0.7315,9.819,-0.0041,0.0016,9.8066,0.0027,0.1342,-0.0129,-16.5,-38.12,1.25,244.67,-83.61,164.81
52.399963,-1.50226,156.53,1.36,3,69.63,19 / 20,5475910,2019-09-06 20:51:21:653,-1.3387,-0.8939,9.8808,-0.0039,0.0025,9.8066,0.0177,0.0708,-0.006,-16.19,-37.94,1.25,244.24,-83.65,164.25
52.399963,-1.50226,156.53,1.36,3,69.63,19 / 20,5476010,2019-09-06 20:51:21:753,-1.1309,-0.7101,9.8793,-0.0035,0.0075,9.8066,-0.0115,0.0688,-0.019,-15.94,-38.31,0.25,240.2,-83.65,163.28
52.399963,-1.50226,156.53,1.36,3,69.63,19 / 20,5476110,2019-09-06 20:51:21:853,-0.8962,-0.4234,9.8304,-0.004,0.0068,9.8066,0.0151,0.0462,-0.0104,-16.37,-38.25,0.81,242.4,-83.64,162.2
52.399963,-1.50226,156.53,1.36,3,69.63,19 / 20,5476210,2019-09-06 20:51:21:953,-0.4668,-0.4003,9.809,-0.0034,0.0078,9.8066,0.0164,0.0158,-0.0072,-16.12,-38.56,0.88,240.92,-83.63,160.92
52.399963,-1.50226,156.53,1.36,3,69.63,19 / 20,5476310,2019-09-06 20:51:22:053,-0.3672,-0.4076,9.898,-0.0026,0.0044,9.8066,0.0082,-0.0019,-0.0032,-16.25,-38.37,0.88,240.67,-83.61,160.3
52.399963,-1.50226,156.53,1.36,3,69.63,19 / 20,5476409,2019-09-06 20:51:22:152,-0.0777,-0.2652,9.8938,-0.0024,0.0065,9.8066,0.0015,-0.005,0.0057,-16.62,-38.12,0.94,240.71,-83.57,159.83
52.399963,-1.50226,156.53,1.36,3,69.63,19 / 20,5476510,2019-09-06 20:51:22:253,0.0202,0.0653,9.7948,-0.0038,0.011,9.8065,0.0322,-0.0129,-0.0075,-16.37,-38.44,1,239.11,-83.54,158.66
52.399963,-1.50226,156.53,1.36,3,69.63,19 / 20,5476610,2019-09-06 20:51:22:353,0.4228,-0.0356,9.8562,0.0028,0.0034,9.8066,0.0498,-0.0193,0.0068,-16.94,-38.5,1.19,238.56,-83.43,157.67
52.399963,-1.50226,156.53,1.36,3,69.63,19 / 20,5476710,2019-09-06 20:51:22:453,0.3513,-0.1387,9.7588,0.0021,0.0034,9.8066,-0.0034,-0.0226,0.0095,-17,-38.44,1.31,238.39,-83.35,157.62
52.399963,-1.50226,156.53,1.36,3,69.63,19 / 20,5476810,2019-09-06 20:51:22:553,-0.0221,-0.4246,9.9462,-0.0049,0.0047,9.8066,0.0125,-0.0228,0.017,-17.25,-38.06,2,240.86,-83.33,157.07
52.399963,-1.50226,156.53,1.36,3,69.63,19 / 20,5476909,2019-09-06 20:51:22:652,0.1532,-0.0771,9.8836,-0.0023,0.0039,9.8066,-0.0033,-0.0228,0.0133,-17.5,-37.5,3.06,243.8,-83.32,156.63
52.399963,-1.50226,156.53,1.36,3,69.63,19 / 20,5477010,2019-09-06 20:51:22:753,0.0725,-0.138,9.9372,0.0036,0.0043,9.8066,0.0057,-0.0226,-0.0055,-17.25,-37.94,2.38,239.88,-83.3,156.02
52.399963,-1.50226,156.53,1.36,3,69.63,19 / 20,5477110,2019-09-06 20:51:22:853,0.0812,-0.1832,9.7164,-0.0008,0.0062,9.8066,-0.0106,-0.0099,0.014,-18,-38.06,2.75,242.41,-83.25,155.39
52.399963,-1.50226,156.53,1.36,3,69.63,19 / 20,5477209,2019-09-06 20:51:22:952,-0.1085,-0.216,9.8262,-0.0017,0.0032,9.8066,0.023,-0.0282,-0.0016,-18.19,-37.87,3.5,244.62,-83.24,154.67
52.399963,-1.50226,156.53,1.36,3,69.63,19 / 20,5477309,2019-09-06 20:51:23:052,0.3279,-0.0642,9.882,-0.0022,0.0066,9.8065,-0.0098,-0.0265,0.0099,-18,-38.12,3.63,244.12,-83.2,154.19
52.399963,-1.50226,156.53,1.36,3,69.63,18 / 20,5477409,2019-09-06 20:51:23:152,-0.4052,-0.3071,9.8374,0.0029,0.0036,9.8066,-0.0204,-0.0279,0.0012,-18.44,-38,4.06,243.36,-83.15,153.43
52.399963,-1.50226,156.53,1.36,3,69.63,18 / 20,5477509,2019-09-06 20:51:23:252,-0.0611,-0.1903,9.9003,-0.0001,0.0083,9.8066,0.014,-0.0254,0.003,-18.19,-37.25,3.94,242.98,-83.13,152.7
52.399963,-1.50226,156.53,1.36,3,69.63,18 / 20,5477610,2019-09-06 20:51:23:353,-0.0848,-0.2508,9.9503,0.0027,0.0052,9.8066,0.0016,-0.0234,-0.0001,-18.37,-37.69,4.81,244.98,-83.12,152.13
52.399963,-1.50226,156.53,1.36,3,69.63,18 / 20,5477710,2019-09-06 20:51:23:453,-0.063,-0.1445,9.7596,0.0001,0.0059,9.8066,-0.0045,-0.0283,0.0073,-18.12,-38,3.94,241.47,-83.05,151.49
52.399963,-1.50226,156.53,1.36,3,69.63,18 / 20,5477810,2019-09-06 20:51:23:553,0.3139,-0.1468,9.8601,0.001,0.0067,9.8066,0.0112,-0.0244,0.0029,-17.37,-37.69,3.69,240.7,-83.01,150.71
52.399963,-1.50226,156.53,1.36,3,69.63,18 / 20,5477910,2019-09-06 20:51:23:653,-0.1553,-0.2739,9.8398,0.0019,0.0064,9.8066,0.0028,-0.0224,0.0003,-17.81,-37.81,4.06,240.19,-82.97,150.19
52.399963,-1.50226,156.53,1.36,3,69.63,18 / 20,5478010,2019-09-06 20:51:23:753,0.0931,-0.251,9.7863,-0.0006,0.0072,9.8066,-0.0015,-0.0249,0.0015,-17.37,-38.25,2.75,236.41,-82.9,149.36
52.399963,-1.50226,156.53,1.36,3,69.63,18 / 20,5478110,2019-09-06 20:51:23:853,0.1219,-0.2321,9.9397,0.0024,0.0052,9.8066,0.0006,-0.0265,0.0088,-16.87,-38.5,2.81,236.02,-82.86,149
52.399963,-1.50226,156.53,1.36,3,69.63,18 / 20,5478210,2019-09-06 20:51:23:953,-0.1871,-0.3183,9.8697,-0.0027,0.0045,9.8066,0.0084,-0.0154,-0.003,-17.62,-38.5,2.94,235.7,-82.85,148.46
52.399963,-1.50226,156.53,1.36,3,69.63,18 / 20,5478310,2019-09-06 20:51:24:053,-0.1086,-0.337,9.8646,0.0009,0.0046,9.8066,0.0007,-0.0253,0.0036,-17.06,-38.12,3.06,234.95,-82.8,147.84
52.399963,-1.50226,156.53,1.36,3,69.63,18 / 20,5478410,2019-09-06 20:51:24:153,0.2413,-0.2514,9.9239,0.0015,0.0055,9.8066,-0.0021,-0.0134,0.0043,-16.94,-38.19,2.94,234.38,-82.73,147.31
52.399963,-1.50226,156.53,1.36,3,69.63,18 / 20,5478510,2019-09-06 20:51:24:253,-0.2172,-0.3781,9.9317,-0.0026,0.0044,9.8066,0.0001,-0.0163,0.0042,-16.87,-38.06,3.19,234.09,-82.71,147
52.399963,-1.50226,156.53,1.36,3,69.63,18 / 20,5478609,2019-09-06 20:51:24:352,-0.0642,-0.2815,9.7651,-0.0011,0.0049,9.8066,0.0083,-0.0106,0.0025,-17.12,-37.81,3.13,233.54,-82.69,146.4
52.399963,-1.50226,156.53,1.36,3,69.63,18 / 20,5478710,2019-09-06 20:51:24:453,0.1962,-0.2142,9.9252,-0.0003,0.0029,9.8066,0.0078,-0.0177,-0.004,-16.5,-37.69,2.94,233.17,-82.66,146.21
52.399963,-1.50226,156.53,1.36,3,69.63,18 / 20,5478810,2019-09-06 20:51:24:553,-0.0454,-0.3344,9.8849,0.0013,0.0054,9.8066,0.0009,-0.0143,0.0055,-16.56,-37.62,2.69,233.15,-82.65,146.02
52.399963,-1.50226,156.53,1.36,3,69.63,18 / 20,5478909,2019-09-06 20:51:24:652,0.026,-0.4222,9.7616,0.0008,0.0038,9.8066,0.0011,-0.0133,0.0005,-16.31,-38.19,2,229.5,-82.6,145.54
52.399963,-1.50226,156.53,1.36,3,69.63,18 / 20,5479009,2019-09-06 20:51:24:752,0.0367,-0.3813,9.8647,0.0003,0.0043,9.8066,0.0086,0.0008,-0.0077,-16.31,-37.94,1.69,229.05,-82.57,145.06
52.399963,-1.50226,156.53,1.36,3,69.63,18 / 20,5479110,2019-09-06 20:51:24:853,0.0662,-0.4123,9.8618,-0.0019,0.0062,9.8066,0.005,0.005,-0.0119,-15.81,-38.37,2.06,228.59,-82.53,144.58
52.399963,-1.50226,156.53,1.36,3,69.63,18 / 20,5479210,2019-09-06 20:51:24:953,-0.1533,-0.3631,9.8443,-0.0003,0.0069,9.8066,-0.0026,-0.0036,-0.013,-16.69,-38.12,1.75,228.32,-82.51,143.91
52.399963,-1.50226,156.53,1.36,3,69.63,18 / 20,5479310,2019-09-06 20:51:25:053,-0.2349,-0.3472,9.937,-0.0053,0.0066,9.8066,-0.0211,0.0014,-0.0096,-16.06,-38.12,1.25,224.22,-82.46,142.97
52.399963,-1.50226,156.53,1.36,3,69.63,19 / 20,5479409,2019-09-06 20:51:25:152,-0.3909,-0.3549,9.9503,0.0039,0.0074,9.8066,-0.0201,0.0038,-0.0036,-16.19,-38.19,1.5,226.51,-82.39,142.28
52.399963,-1.50226,156.53,1.36,3,69.63,19 / 20,5479509,2019-09-06 20:51:25:252,-0.7323,-0.4725,9.7905,0.0016,0.0016,9.8066,0.0039,0.0167,-0.0033,-16.06,-38.06,1.69,226.24,-82.4,141.93
52.399963,-1.50226,156.53,1.36,3,69.63,19 / 20,5479610,2019-09-06 20:51:25:353,-0.7448,-0.3889,9.7674,-0.0055,-0.0003,9.8066,-0.0001,0.0207,0.0167,-16.5,-38.06,1.56,226.23,-82.39,141.92
52.399963,-1.50226,156.53,1.36,3,69.63,19 / 20,5479710,2019-09-06 20:51:25:453,-0.7009,-0.6888,9.884,-0.0013,-0.0053,9.8065,0.0029,0.0206,0.0009,-16.94,-38.25,1.44,223.92,-82.47,142.06
52.399963,-1.50226,156.53,1.36,3,69.63,19 / 20,5479809,2019-09-06 20:51:25:552,-0.7213,-0.7929,9.8372,-0.0033,0.0009,9.8066,0.0052,0.0079,0.0071,-17.06,-38.25,1.94,226.67,-82.53,141.9
52.399963,-1.50226,156.53,1.36,3,69.63,19 / 20,5479910,2019-09-06 20:51:25:653,-0.5876,-0.6329,9.8691,-0.0046,0.0021,9.8066,-0.003,0.0117,-0.0078,-16.37,-38.37,1.19,223.23,-82.53,141.64
52.399963,-1.50226,156.53,1.36,3,69.63,19 / 20,5480010,2019-09-06 20:51:25:753,-0.4627,-0.4312,9.9951,-0.0047,0.0044,9.8066,-0.0144,0.0348,-0.0095,-16.81,-38.62,1.56,225.72,-82.53,141.06
52.399963,-1.50226,156.53,1.36,3,69.63,19 / 20,5480109,2019-09-06 20:51:25:852,0.1804,-0.2299,9.8454,-0.0068,0.0037,9.8066,-0.0119,0.0473,-0.0079,-16.75,-37.87,1.44,222.7,-82.52,140.5
52.399963,-1.50226,156.53,1.36,3,69.63,19 / 20,5480209,2019-09-06 20:51:25:952,-0.2596,-0.2242,9.6982,0.0007,0.0009,9.8066,0.0059,0.0421,-0.0043,-17.06,-38.12,1.13,222.44,-82.51,140.19
52.399963,-1.50226,156.53,1.36,3,69.63,19 / 20,5480310,2019-09-06 20:51:26:053,0.0579,-0.3254,9.8447,0.0004,0.0022,9.8066,-0.0016,0.0448,0.0014,-16.81,-38.25,1.38,222.37,-82.49,140.13
52.399963,-1.50226,156.53,1.36,3,69.63,18 / 20,5480410,2019-09-06 20:51:26:153,0.1471,-0.2911,9.9473,-0.0009,0.0007,9.8066,0.0184,0.0676,-0.0068,-16.12,-37.75,1,221.96,-82.47,140.17
52.399963,-1.50226,156.53,1.36,3,69.63,18 / 20,5480510,2019-09-06 20:51:26:253,0.1432,-0.3943,9.8509,0.004,0.0017,9.8066,0.0178,0.0699,-0.0111,-15.62,-38,1.13,222.14,-82.41,140.49
52.399963,-1.50226,156.53,1.36,3,69.63,18 / 20,5480610,2019-09-06 20:51:26:353,0.3487,-0.4762,9.8575,-0.0021,0.0016,9.8066,-0.0001,0.0872,-0.0109,-16.12,-38.5,1.31,222.08,-82.37,140.48
52.399963,-1.50226,156.53,1.36,3,69.63,18 / 20,5480709,2019-09-06 20:51:26:452,0.5531,-0.5389,9.8467,-0.0012,0.0016,9.8066,-0.0068,0.1083,-0.0237,-15.87,-38.25,0.56,221.86,-82.35,140.22
52.399963,-1.50226,156.53,1.36,3,69.63,18 / 20,5480810,2019-09-06 20:51:26:553,0.0711,-0.3248,9.8518,-0.0036,0.0038,9.8066,0.0019,0.1178,-0.0183,-15.56,-37.94,0.75,221.41,-82.33,139.7
52.399963,-1.50226,156.53,1.36,3,69.63,18 / 20,5480909,2019-09-06 20:51:26:652,0.5897,-0.2575,9.7566,0.0003,0.0005,9.8066,0.0008,0.1011,-0.0132,-16.19,-38.37,0.31,218.49,-82.3,139.69
52.399963,-1.50226,156.53,1.36,3,69.63,18 / 20,5481009,2019-09-06 20:51:26:752,0.3312,-0.2238,9.6593,-0.0023,-0.0013,9.8066,0.0205,0.1288,-0.0061,-16,-38.69,-0.69,215.48,-82.31,139.74
52.399963,-1.50226,156.53,1.36,3,69.63,18 / 20,5481110,2019-09-06 20:51:26:853,0.3548,-0.4839,9.9486,0.0037,-0.0011,9.8065,-0.0156,0.1288,-0.0142,-15.81,-38.56,-0.06,218.57,-82.29,140.13
52.399963,-1.50226,156.53,1.36,3,69.63,18 / 20,5481210,2019-09-06 20:51:26:953,0.2291,-0.4416,9.8977,0.0078,-0.0005,9.8065,-0.0295,0.1419,-0.0133,-15.81,-38.94,0.25,218.82,-82.26,140.48
52.399963,-1.50226,156.53,1.36,3,69.63,18 / 20,5481309,2019-09-06 20:51:27:052,0.0656,-0.7097,9.8512,0.0011,-0.0029,9.8066,0.0179,0.1633,-0.0129,-16.06,-38.56,-0.56,216.33,-82.25,140.9
52.399963,-1.50226,156.53,1.36,3,69.63,18 / 20,5481410,2019-09-06 20:51:27:153,0.5298,-0.611,9.8823,0.0044,0.0017,9.8066,0.0045,0.1528,-0.0157,-15.94,-38.56,-0.56,216.74,-82.23,141.45
52.399963,-1.50226,156.53,1.36,3,69.63,18 / 20,5481509,2019-09-06 20:51:27:252,0.5395,-0.4463,9.9495,0.006,0.0007,9.8066,0.0023,0.1634,-0.0153,-15.87,-38.75,-0.37,219.72,-82.17,141.75
52.399963,-1.50226,156.53,1.36,3,69.63,18 / 20,5481609,2019-09-06 20:51:27:352,0.3619,-0.5532,9.7506,0.0022,0.0005,9.8066,0.0088,0.1852,-0.032,-15.25,-38.75,-1.12,216.15,-82.13,141.84
52.399963,-1.50226,156.53,1.36,3,69.63,18 / 20,5481710,2019-09-06 20:51:27:453,0.4373,-0.4208,9.8277,0.0025,0.0042,9.8066,0.0208,0.1711,-0.0138,-15.12,-38.44,-1.62,213.42,-82.09,141.77
52.399963,-1.50226,156.53,1.36,3,69.63,18 / 20,5481810,2019-09-06 20:51:27:553,0.3993,-0.7102,9.8141,0.0003,0.0018,9.8066,0.0096,0.1772,-0.0331,-14.25,-39,-1.44,215.26,-82.07,141.92
52.399963,-1.50226,156.53,1.36,3,69.63,18 / 20,5481909,2019-09-06 20:51:27:652,0.4434,-0.5688,9.8259,-0.0029,0.0032,9.8066,-0.0099,0.1955,-0.0312,-14.44,-38.75,-2.19,212,-82.03,141.6
52.399963,-1.50226,156.53,1.36,3,69.63,18 / 20,5482010,2019-09-06 20:51:27:753,0.2085,-0.7942,9.774,0.0054,0.0052,9.8066,-0.0456,0.1897,-0.035,-14.75,-38.37,-2.37,213.21,-81.96,141.67
52.399963,-1.50226,156.53,1.36,3,69.63,18 / 20,5482110,2019-09-06 20:51:27:853,0.4631,-0.5221,9.7157,0.0039,0.0098,9.8066,-0.0049,0.1995,-0.0412,-14.5,-38.75,-2.5,211.62,-81.91,141.27
52.399963,-1.50226,156.53,1.36,3,69.63,18 / 20,5482210,2019-09-06 20:51:27:953,0.2947,-0.4895,9.8314,-0.0116,0.0029,9.8066,-0.0052,0.2191,-0.0283,-14.25,-39.31,-3.25,208.23,-81.89,140.58
52.399963,-1.50226,156.53,1.36,3,69.63,18 / 20,5482310,2019-09-06 20:51:28:053,0.8443,-0.4939,9.8608,-0.0047,-0.0035,9.8066,-0.0207,0.2101,-0.0277,-14.19,-39,-3.69,205.42,-81.88,140.5
52.399963,-1.50226,156.53,1.36,3,69.63,19 / 20,5482409,2019-09-06 20:51:28:152,0.4771,-0.6488,9.7198,-0.0046,-0.0031,9.8066,0.0025,0.2365,-0.019,-14.37,-39.5,-3.87,205.57,-81.86,140.73
52.399963,-1.50226,156.53,1.36,3,69.63,19 / 20,5482510,2019-09-06 20:51:28:253,0.544,-0.6315,9.7044,0.0007,-0.0038,9.8066,-0.0135,0.2424,-0.0239,-13.5,-39.12,-3.94,204.24,-81.91,140.68
52.399963,-1.50226,156.53,1.36,3,69.63,19 / 20,5482610,2019-09-06 20:51:28:353,0.1187,-0.7595,9.7501,0.0007,-0.0006,9.8066,-0.0457,0.2346,-0.0263,-13.69,-39.31,-3.94,205.76,-81.91,140.93
52.399963,-1.50226,156.53,1.36,3,69.63,19 / 20,5482710,2019-09-06 20:51:28:453,0.4783,-0.6177,10.0313,0.0025,-0.0014,9.8066,0.0183,0.2245,-0.0204,-13.44,-38.75,-4.44,204.45,-81.92,140.95
52.399963,-1.50226,156.53,1.36,3,69.63,19 / 20,5482810,2019-09-06 20:51:28:553,0.5091,-0.5008,9.8029,0.0035,-0.0005,9.8066,-0.0096,0.2457,-0.0224,-12.87,-39,-4.87,201.99,-81.93,141.31
52.399963,-1.50226,156.53,1.36,3,69.63,19 / 20,5482910,2019-09-06 20:51:28:653,0.9052,-0.4317,9.8122,0.0061,-0.0003,9.8066,-0.0156,0.2335,-0.0245,-12,-39,-5.87,198.07,-81.92,141.75
52.399963,-1.50226,156.53,1.36,3,69.63,19 / 20,5483010,2019-09-06 20:51:28:753,0.6535,-0.8482,9.7808,0.0002,0.0005,9.8066,-0.0103,0.2553,-0.032,-11.69,-39.12,-6.25,198.28,-81.91,142.05
52.399963,-1.50226,156.53,1.36,3,69.63,19 / 20,5483109,2019-09-06 20:51:28:852,0.844,-0.6185,9.9807,0.0023,0.0038,9.8066,0.0111,0.2434,-0.0446,-11.62,-38.94,-6.31,198.29,-81.87,142.1
52.399963,-1.50226,156.53,1.36,3,69.63,19 / 20,5483209,2019-09-06 20:51:28:952,0.5073,-0.8512,9.8368,-0.0054,0.0015,9.8066,-0.0078,0.2424,-0.0376,-10.62,-39.12,-7.06,193.74,-81.82,141.87
52.399963,-1.50226,156.53,1.36,3,69.63,19 / 20,5483309,2019-09-06 20:51:29:052,0.8061,-0.5227,9.8519,-0.0024,0.0008,9.8066,0.0231,0.2502,-0.05,-10.81,-39.5,-7.12,193.7,-81.77,141.86
52.399963,-1.50226,156.53,1.36,3,69.63,18 / 20,5483409,2019-09-06 20:51:29:152,0.8126,-0.4647,9.8966,0.0022,0.0077,9.8066,-0.0138,0.2592,-0.0456,-10,-39.69,-7.56,189.2,-81.69,141.9
52.399963,-1.50226,156.53,1.36,3,69.63,18 / 20,5483510,2019-09-06 20:51:29:253,0.5655,-0.6775,9.9,0.002,0.0017,9.8066,-0.0106,0.2466,-0.027,-10.62,-39.44,-8.19,191.25,-81.64,141.83
52.399963,-1.50226,156.53,1.36,3,69.63,18 / 20,5483609,2019-09-06 20:51:29:352,0.6017,-0.5244,9.7988,0.006,0.0053,9.8066,-0.0039,0.2672,-0.0332,-9.94,-39.75,-7.75,189.2,-81.62,141.93
52.399963,-1.50226,156.53,1.36,3,69.63,18 / 20,5483710,2019-09-06 20:51:29:453,0.9227,-0.4193,9.7265,0.0104,0.0068,9.8066,-0.0113,0.2384,-0.0399,-9.69,-39.75,-8.75,187.42,-81.53,142.57
52.399963,-1.50226,156.53,1.36,3,69.63,18 / 20,5483810,2019-09-06 20:51:29:553,0.8095,-0.6135,9.6949,-0.0015,0.0049,9.8066,0.0067,0.2417,-0.0356,-9.12,-39.25,-8.62,185.33,-81.43,142.7
52.399963,-1.50226,156.53,1.36,3,69.63,18 / 20,5483909,2019-09-06 20:51:29:652,0.5967,-0.5919,9.7228,0.0042,0.0055,9.8066,0.0037,0.2616,-0.0496,-8.87,-38.94,-7.87,187.66,-81.35,142.92
52.399963,-1.50226,156.53,1.36,3,69.63,18 / 20,5484010,2019-09-06 20:51:29:753,0.3734,-0.6634,9.781,0.0037,0.0079,9.8066,-0.0369,0.2474,-0.0307,-8.19,-39.37,-8,185.29,-81.24,143.01
52.399963,-1.50226,156.53,1.36,3,69.63,18 / 20,5484110,2019-09-06 20:51:29:853,0.6316,-0.4041,9.918,0.0046,0.0021,9.8066,0.0273,0.2341,-0.0334,-8.25,-39.69,-9.12,183.28,-81.21,143.28
52.399963,-1.50226,156.53,1.36,3,69.63,18 / 20,5484210,2019-09-06 20:51:29:953,0.7853,-0.3171,9.852,0.0059,0.002,9.8066,0.0181,0.2586,-0.0441,-7.94,-39.37,-8.62,183.46,-81.18,143.5
52.399963,-1.50226,156.53,1.36,3,69.63,18 / 20,5484310,2019-09-06 20:51:30:053,0.6988,-0.342,9.7294,0.006,0.005,9.8066,-0.0093,0.2373,-0.0233,-7.37,-39.56,-9.25,181.37,-81.09,144.22
52.399963,-1.50226,156.53,1.36,3,69.63,19 / 20,5484411,2019-09-06 20:51:30:154,0.6602,-0.3924,9.6903,0.0033,0.0024,9.8066,0.0073,0.247,-0.0352,-6.56,-39.62,-9.56,179.77,-81.03,144.67
52.399963,-1.50226,156.53,1.36,3,69.63,19 / 20,5484510,2019-09-06 20:51:30:253,0.7171,-0.6484,9.8632,0.0059,0.007,9.8066,-0.0227,0.2424,-0.038,-6.31,-39.69,-9.69,177.49,-80.97,145.2
52.399963,-1.50226,156.53,1.36,3,69.63,19 / 20,5484609,2019-09-06 20:51:30:352,1.0095,-0.1094,9.8965,0.0066,0.0075,9.8066,0.0096,0.2338,-0.0131,-5.81,-40.06,-9.94,177.64,-80.93,145.42
52.399963,-1.50226,156.53,1.36,3,69.63,19 / 20,5484710,2019-09-06 20:51:30:453,0.5388,-0.6409,9.7884,0.0012,0.0008,9.8066,-0.0087,0.2392,-0.0339,-5.37,-39.75,-9.81,175.46,-80.84,146.37
52.399963,-1.50226,156.53,1.36,3,69.63,19 / 20,5484809,2019-09-06 20:51:30:552,0.8925,-0.1754,9.7488,0.0063,0.0017,9.8066,0.022,0.2389,-0.0211,-4.94,-40.25,-9.94,175.75,-80.81,146.81
52.399963,-1.50226,156.53,1.36,3,69.63,19 / 20,5484909,2019-09-06 20:51:30:652,0.8179,-0.3157,9.694,0.0067,0.0038,9.8065,-0.0364,0.2371,-0.0377,-5.19,-40.37,-10.06,176.15,-80.77,147.42
52.399963,-1.50226,156.53,1.36,3,69.63,19 / 20,5485010,2019-09-06 20:51:30:753,0.6271,-0.3776,9.6335,0.0038,-0.0001,9.8066,-0.0096,0.2334,-0.0061,-4.5,-40.06,-9.37,175.05,-80.71,147.91
52.399963,-1.50226,156.53,1.36,3,69.63,19 / 20,5485110,2019-09-06 20:51:30:853,0.7192,-0.3185,9.8001,0.005,-0.0005,9.8066,0.0251,0.2388,-0.0366,-3.87,-40.12,-9.5,175.35,-80.7,148.4
52.399963,-1.50226,156.53,1.36,3,69.63,19 / 20,5485209,2019-09-06 20:51:30:952,0.6963,-0.7891,9.8924,0.0061,0.002,9.8066,0.0149,0.2179,-0.0236,-3.87,-39.87,-9.69,174.25,-80.66,149.06
52.399963,-1.50226,156.53,1.36,3,69.63,19 / 20,5485309,2019-09-06 20:51:31:052,0.7499,-0.5096,9.8632,0.0042,0.0025,9.8066,-0.0043,0.2368,-0.0285,-3.44,-40.25,-9.75,171.42,-80.63,149.49
52.399963,-1.50226,156.53,1.36,3,69.63,19 / 20,5485409,2019-09-06 20:51:31:152,0.6731,-0.4943,9.8361,0.0038,0.0038,9.8066,-0.0072,0.2323,-0.0296,-2.75,-39.62,-9.56,171.86,-80.55,150.17
52.399963,-1.50226,156.53,1.36,3,69.63,19 / 20,5485510,2019-09-06 20:51:31:253,0.6889,-0.5726,9.8132,0.0036,0.0004,9.8066,0.0116,0.2401,-0.0555,-2.12,-39.87,-9.56,168.8,-80.54,150.45
52.399963,-1.50226,156.53,1.36,3,69.63,19 / 20,5485609,2019-09-06 20:51:31:352,0.9126,-0.0314,9.8613,0.0018,0.0102,9.8066,-0.0276,0.2427,-0.0382,-2.06,-39.87,-9.87,168.87,-80.47,150.5
52.399963,-1.50226,156.53,1.36,3,69.63,19 / 20,5485710,2019-09-06 20:51:31:453,0.5723,-0.6427,9.728,0.0005,0.002,9.8066,0.0077,0.2513,-0.0452,-2.06,-40.37,-9.69,169.04,-80.35,150.7
52.399963,-1.50226,156.53,1.36,3,69.63,19 / 20,5485810,2019-09-06 20:51:31:553,0.5882,-0.1062,9.761,0.0024,0.0031,9.8066,0.0053,0.2443,-0.0308,-1.62,-39.94,-9.81,169.21,-80.29,150.94
52.399963,-1.50226,156.53,1.36,3,69.63,19 / 20,5485910,2019-09-06 20:51:31:653,0.722,-0.3949,9.8188,0.0055,0.0077,9.8066,-0.0162,0.2328,-0.0243,-1.56,-39.94,-9.06,170.67,-80.23,151.42
52.399963,-1.50226,156.53,1.36,3,69.63,19 / 20,5486010,2019-09-06 20:51:31:753,0.9352,-0.1006,9.9246,0.0103,0.0001,9.8066,-0.004,0.2379,-0.0127,-1,-39.87,-9.37,167.63,-80.22,152.21
52.399963,-1.50226,156.53,1.36,3,69.63,19 / 20,5486109,2019-09-06 20:51:31:852,1.1138,-0.2225,9.8596,0.0109,0.0048,9.8065,0.0139,0.2228,-0.0159,-0.94,-39.62,-9.62,167.14,-80.22,152.96
52.399963,-1.50226,156.53,1.36,3,69.63,19 / 20,5486210,2019-09-06 20:51:31:953,1.01,-0.1128,9.7629,0.0064,0.0001,9.8066,-0.0031,0.2195,-0.0244,0.19,-39.75,-10.25,164.14,-80.2,153.63
52.399963,-1.50226,156.53,1.36,3,69.63,19 / 20,5486310,2019-09-06 20:51:32:053,1.1132,0.0709,9.7363,0.0054,-0.0012,9.8066,-0.0028,0.2054,-0.0266,-0.19,-39.94,-9.94,164.51,-80.2,154.24
52.399963,-1.50226,156.53,1.36,3,69.63,18 / 20,5486410,2019-09-06 20:51:32:153,1.0735,0.3682,9.8503,0.0056,0.0055,9.8066,0.0147,0.1704,-0.0208,0.38,-40,-9.87,164.88,-80.18,154.82
52.399963,-1.50226,156.53,1.36,3,69.63,18 / 20,5486510,2019-09-06 20:51:32:253,1.0566,0.3701,9.927,0.0088,0.0075,9.8066,-0.0086,0.1678,-0.0114,0.63,-40.19,-9.12,162.2,-80.14,155.41
52.399963,-1.50226,156.53,1.36,3,69.63,18 / 20,5486609,2019-09-06 20:51:32:352,1.0599,0.7224,9.8459,0.0069,0.0049,9.8066,0.0106,0.1483,-0.0105,1.44,-39.81,-9.62,162.15,-80.12,156.01
52.399963,-1.50226,156.53,1.36,3,69.63,18 / 20,5486710,2019-09-06 20:51:32:453,0.9101,0.6098,9.8008,0.0042,0.0033,9.8066,0.005,0.123,-0.0012,1.31,-39.75,-9.69,162.33,-80.14,156.32
52.399963,-1.50226,156.53,1.36,3,69.63,18 / 20,5486810,2019-09-06 20:51:32:553,0.902,0.6768,9.8659,0.005,-0.0004,9.8065,0.0029,0.1039,-0.0096,1.94,-40.25,-8.75,159.2,-80.12,156.66
52.399963,-1.50226,156.53,1.36,3,69.63,18 / 20,5486910,2019-09-06 20:51:32:653,0.8455,0.5395,9.9214,0.0037,0.0017,9.8066,0.004,0.0844,-0.0107,1.63,-40.19,-9.06,159.45,-80.14,157.11
52.399963,-1.50226,156.53,1.36,3,69.63,18 / 20,5487009,2019-09-06 20:51:32:752,0.8039,0.4324,9.8761,0.0033,0.0009,9.8066,-0.0155,0.0821,-0.0245,1.94,-40.56,-8.69,159.82,-80.17,157.4
52.399963,-1.50226,156.53,1.36,3,69.63,18 / 20,5487110,2019-09-06 20:51:32:853,0.7319,0.3325,9.8532,-0.0008,-0.0012,9.8065,0.0118,0.0682,-0.0177,1.81,-39.94,-8.56,159.55,-80.18,157.35
52.399963,-1.50226,156.53,1.36,3,69.63,18 / 20,5487210,2019-09-06 20:51:32:953,0.6226,0.2678,9.8082,-0.0015,-0.0039,9.8066,0.0094,0.0608,-0.017,1.81,-40.06,-8.69,159.47,-80.22,157.26
52.399963,-1.50226,156.53,1.36,3,69.63,18 / 20,5487310,2019-09-06 20:51:33:053,0.4242,0.2826,9.8283,0.0006,0.003,9.8066,-0.0134,0.0451,-0.0123,2.19,-39.87,-7.69,159.68,-80.22,157.32
52.399963,-1.50226,156.53,1.36,3,69.63,19 / 20,5487410,2019-09-06 20:51:33:153,0.5706,-0.0314,9.7704,0.0013,-0.0069,9.8066,0.0086,0.0527,-0.0105,1.88,-39.75,-7.5,159.83,-80.24,157.28
52.399963,-1.50226,156.53,1.36,3,69.63,19 / 20,5487509,2019-09-06 20:51:33:252,0.6093,0.3883,9.9179,0.003,-0.0063,9.8066,0.0082,0.0361,-0.0054,2.19,-39.87,-7.44,159.83,-80.29,157.39
52.399963,-1.50226,156.53,1.36,3,69.63,19 / 20,5487610,2019-09-06 20:51:33:353,0.575,-0.0653,9.8448,0.0024,0.0002,9.8066,-0.0119,0.0268,-0.014,2,-39.81,-7.25,159.95,-80.3,157.62
52.399963,-1.50226,156.53,1.36,3,69.63,19 / 20,5487710,2019-09-06 20:51:33:453,0.5288,0.46,9.9247,0.0023,0.0017,9.8066,0.0044,0.0271,-0.0026,2.13,-40,-6.69,159.95,-80.32,157.65
52.399963,-1.50226,156.53,1.36,3,69.63,19 / 20,5487809,2019-09-06 20:51:33:552,0.5679,0.2717,9.8101,0.003,0.0058,9.8066,0.0055,0.0073,-0.008,1.81,-39.69,-6.25,160.29,-80.31,157.91
52.399963,-1.50226,156.53,1.36,3,69.63,19 / 20,5487910,2019-09-06 20:51:33:653,0.4644,0.5902,9.8128,0.0013,-0.0028,9.8066,0.0058,-0.006,0.0046,1.63,-39.69,-6.87,160.13,-80.32,158.02
52.399963,-1.50226,156.53,1.36,3,69.63,19 / 20,5488010,2019-09-06 20:51:33:753,0.4409,-0.0898,9.8219,0.0029,-0.0001,9.8066,-0.0069,0.0131,-0.0029,1.75,-40.31,-6.62,160.19,-80.35,158.18
52.399963,-1.50226,156.53,1.36,3,69.63,19 / 20,5488109,2019-09-06 20:51:33:852,0.536,0.2705,9.9109,0.0014,-0.0059,9.8066,0.0096,-0.0107,0.0037,1.38,-39.37,-6.37,164.79,-80.4,158.15
52.399963,-1.50226,156.53,1.36,3,69.63,19 / 20,5488210,2019-09-06 20:51:33:953,0.6314,0.5224,9.9221,0.0026,0.0017,9.8066,-0.0073,-0.0045,-0.0026,1.38,-39.69,-6.62,164.57,-80.42,158.39
52.399963,-1.50226,156.53,1.36,3,69.63,19 / 20,5488310,2019-09-06 20:51:34:053,0.4103,0.5684,9.8837,0.0024,-0.0002,9.8066,0.0099,-0.0236,0.0018,1.88,-39.69,-6.75,160.23,-80.45,158.44
52.399963,-1.50226,156.53,1.36,3,69.63,18 / 20,5488409,2019-09-06 20:51:34:152,0.3396,0.8396,9.9145,0.0023,-0.0003,9.8066,-0.0038,-0.0275,-0.0039,1.75,-39.37,-6.31,160.15,-80.47,158.52
52.399963,-1.50226,156.53,1.36,3,69.63,18 / 20,5488510,2019-09-06 20:51:34:253,0.4224,0.798,9.9372,0.0013,-0.0003,9.8066,0.0084,-0.0225,-0.0008,2.19,-39.12,-6.5,160.2,-80.5,158.69
52.399963,-1.50226,156.53,1.36,3,69.63,18 / 20,5488609,2019-09-06 20:51:34:352,0.4173,0.4842,9.7919,0.0019,0.0027,9.8066,0.0046,-0.0347,0.0087,1.88,-39.25,-6.56,160.18,-80.51,158.91
52.399963,-1.50226,156.53,1.36,3,69.63,18 / 20,5488710,2019-09-06 20:51:34:453,0.3562,1.3543,9.9709,0.0041,0.0009,9.8066,-0.0179,-0.03,0.01,1.81,-39.44,-6.62,160.26,-80.53,159.1
52.399963,-1.50226,156.53,1.36,3,69.63,18 / 20,5488809,2019-09-06 20:51:34:552,0.3498,0.5373,9.7433,0.0039,0.0037,9.8066,-0.0131,-0.0524,0.0056,1.88,-39.69,-7,160.71,-80.55,159.52
52.399963,-1.50226,156.53,1.36,3,69.63,18 / 20,5488910,2019-09-06 20:51:34:653,0.2119,1.6568,9.9808,0.0025,0.0061,9.8066,0.0123,-0.0321,0.0124,1.75,-39.81,-6.69,160.79,-80.56,159.71
52.399963,-1.50226,156.53,1.36,3,69.63,18 / 20,5489009,2019-09-06 20:51:34:752,0.2754,0.982,9.8185,0.0008,-0.0081,9.8065,0.0081,-0.0378,-0.0017,1.44,-39.25,-6.75,164.97,-80.57,159.74
52.399963,-1.50226,156.53,1.36,3,69.63,18 / 20,5489110,2019-09-06 20:51:34:853,0.1426,0.9513,9.8908,0.0021,-0.004,9.8065,0.0028,-0.0152,0.006,1.5,-40,-7.5,160.76,-80.63,159.78
52.399963,-1.50226,156.53,1.36,3,69.63,18 / 20,5489210,2019-09-06 20:51:34:953,0.0756,1.4867,9.9673,0.0022,-0.0063,9.8065,0.0126,-0.0129,-0.0035,1.31,-39.62,-8.12,164.66,-80.7,159.72
52.399963,-1.50226,156.53,1.36,3,69.63,18 / 20,5489309,2019-09-06 20:51:35:052,0.2661,0.3222,9.8713,0.0009,0.0024,9.8065,-0.0184,-0.0054,0.002,1.94,-39.44,-8,160.49,-80.69,159.94
52.399963,-1.50226,156.53,1.36,3,69.63,17 / 20,5489409,2019-09-06 20:51:35:152,0.0146,1.4532,9.9125,0.0003,-0.0063,9.8066,-0.0027,0.0032,-0.0175,1.56,-39.75,-8.25,160.53,-80.75,159.72
52.399963,-1.50226,156.53,1.36,3,69.63,17 / 20,5489510,2019-09-06 20:51:35:253,-0.0871,0.2789,9.9244,-0.0013,0.0008,9.8066,0.021,0.0021,0.0086,1.81,-40,-8.25,160.57,-80.75,159.79
52.399963,-1.50226,156.53,1.36,3,69.63,17 / 20,5489610,2019-09-06 20:51:35:353,-0.1683,0.8788,9.8395,0.0006,-0.0001,9.8066,0.0227,0.0241,-0.0052,1.69,-39.44,-8.19,160.35,-80.75,159.79
52.399963,-1.50226,156.53,1.36,3,69.63,17 / 20,5489709,2019-09-06 20:51:35:452,0.0102,0.7907,10.0616,0.0065,-0.0072,9.8066,0.0116,0.0463,0.0128,1.75,-39.31,-8.44,160.47,-80.79,160.05
52.399963,-1.50226,156.53,1.36,3,69.63,17 / 20,5489810,2019-09-06 20:51:35:553,0.2813,0.8222,9.8937,0.0074,-0.008,9.8066,0.0157,0.0552,0.0278,2.19,-39.94,-8.25,161.2,-80.81,160.99
52.399963,-1.50226,156.53,1.36,3,69.63,17 / 20,5489909,2019-09-06 20:51:35:652,-0.1662,1.0813,9.6297,0.0082,-0.0022,9.8065,-0.0208,0.0843,-0.0029,2.56,-39.75,-8.75,157.73,-80.81,161.62
52.399963,-1.50226,156.53,1.36,3,69.63,17 / 20,5490009,2019-09-06 20:51:35:752,-0.1148,2.0189,9.9296,0.0055,0.0121,9.8066,-0.008,0.0927,0.0038,2.56,-39.87,-8.87,158.23,-80.76,162.36
52.399963,-1.50226,156.53,1.36,3,69.63,17 / 20,5490109,2019-09-06 20:51:35:852,-0.1371,1.4685,9.9231,0.0002,0.0093,9.8066,0.0361,0.1043,-0.0309,3.44,-39.69,-8.81,158.33,-80.76,162.52
52.399963,-1.50226,156.53,1.36,3,69.63,17 / 20,5490209,2019-09-06 20:51:35:952,0.0263,1.9127,10.1318,-0.003,0.0175,9.8066,-0.0225,0.1092,-0.0193,3.75,-39.94,-9.06,154.67,-80.7,162.58
52.399963,-1.50226,156.53,1.36,3,69.63,17 / 20,5490310,2019-09-06 20:51:36:053,-0.2059,0.9978,9.8831,0.0005,-0.0039,9.8066,0.0385,0.1102,-0.0402,3.69,-39.69,-9,154.79,-80.59,162.58
52.399963,-1.50226,156.53,1.36,3,69.63,19 / 20,5490409,2019-09-06 20:51:36:152,-0.1258,2.3268,9.9681,-0.0022,-0.0173,9.8066,0.0355,0.0978,0.0021,3.13,-40.25,-9.12,158.37,-80.6,162.32
52.399963,-1.50226,156.53,1.36,3,69.63,19 / 20,5490510,2019-09-06 20:51:36:253,-0.2172,1.8529,9.591,0.0006,0.002,9.8066,0.0162,0.0652,-0.0331,3.63,-39.75,-9.5,154.68,-80.55,162.33
52.399963,-1.50226,156.53,1.36,3,69.63,19 / 20,5490609,2019-09-06 20:51:36:352,-0.4687,1.9422,9.8149,0.0013,-0.0152,9.8065,0.0084,0.0821,0.0059,3.5,-39.44,-8.12,154.03,-80.44,162.38
52.399963,-1.50226,156.53,1.36,3,69.63,19 / 20,5490709,2019-09-06 20:51:36:452,-0.2326,0.6948,9.741,0.0051,0.0135,9.8066,0.001,0.0632,0.0083,3.75,-39.81,-8.44,154.44,-80.51,162.71
52.399963,-1.50226,156.53,1.36,3,69.63,19 / 20,5490809,2019-09-06 20:51:36:552,0.2146,1.5031,10.1639,0.0086,-0.0033,9.8066,0.059,0.0315,0.0224,3.81,-39.94,-8.75,155.42,-80.62,163.65
52.399963,-1.50226,156.53,1.36,3,69.63,19 / 20,5490910,2019-09-06 20:51:36:653,0.1572,1.0588,9.816,0.0072,-0.0063,9.8066,0.0174,0.0374,0.0015,4.13,-39.56,-9,155.73,-80.61,164.13
52.399963,-1.50226,156.53,1.36,3,69.63,19 / 20,5491010,2019-09-06 20:51:36:753,0.3097,0.6984,9.9302,0.0002,-0.0003,9.8066,0.0083,0.0221,-0.0271,3.81,-39.87,-8.69,156.19,-80.55,164.79
52.399963,-1.50226,156.53,1.36,3,69.63,19 / 20,5491109,2019-09-06 20:51:36:852,-0.2195,0.5074,9.5931,-0.0032,-0.0106,9.8066,-0.0644,0.0086,0.0308,3.75,-39.44,-8.94,155.7,-80.55,164.39
52.399963,-1.50226,156.53,1.36,3,69.63,19 / 20,5491210,2019-09-06 20:51:36:953,0.3741,0.8825,9.8857,0.0037,0.0049,9.8066,0.0062,0.0231,-0.0289,4.13,-39.94,-8.69,156.19,-80.56,164.81
52.399963,-1.50226,156.53,1.36,3,69.63,19 / 20,5491310,2019-09-06 20:51:37:053,0.0646,0.8998,10.1744,-0.0082,-0.0043,9.8065,0.0078,0.0132,-0.0051,4,-39.06,-8.87,155.71,-80.58,164.47
52.400017,-1.502344,156.76,3.91,2,335,18 / 20,5491409,2019-09-06 20:51:37:152,0.0172,0.4062,10.1582,0.0034,-0.0059,9.8066,-0.0068,-0.0198,0.0143,4.81,-40.06,-8.62,152.25,-80.54,164.29
52.400017,-1.502344,156.76,3.91,2,335,18 / 20,5491510,2019-09-06 20:51:37:253,0.0738,0.3115,9.4623,0.0015,0.0015,9.8066,0.0029,0.0186,0.009,3.88,-39.75,-8.56,155.82,-80.6,164.28
52.400017,-1.502344,156.76,3.91,2,335,18 / 20,5491609,2019-09-06 20:51:37:352,0.0101,0.7734,9.8349,0.0047,-0.0047,9.8066,-0.0323,0.0469,0,4.13,-39.75,-8.62,155.82,-80.7,164.44
52.400017,-1.502344,156.76,3.91,2,335,18 / 20,5491710,2019-09-06 20:51:37:453,0.9651,-0.2065,9.8594,-0.0005,-0.0159,9.8066,-0.0306,0.0384,-0.0193,4.75,-39.62,-8.56,151.92,-80.82,164.26
52.400017,-1.502344,156.76,3.91,2,335,18 / 20,5491809,2019-09-06 20:51:37:552,-0.1583,0.3706,9.8904,-0.0007,0.0067,9.8066,0.0404,-0.0274,0.0184,4.75,-40.25,-8.69,151.87,-80.78,164.11
52.400017,-1.502344,156.76,3.91,2,335,18 / 20,5491910,2019-09-06 20:51:37:653,0.3182,1.1718,9.8906,0.0069,0.0269,9.8065,-0.0043,0.0345,0.0125,4.38,-39.62,-8.37,156.02,-80.62,165.6
52.400017,-1.502344,156.76,3.91,2,335,18 / 20,5492010,2019-09-06 20:51:37:753,-0.0067,1.2077,9.441,-0.0049,0.0257,9.8065,-0.0924,0.0056,0.0237,3.81,-40,-8.62,156.97,-80.49,165.96
52.400017,-1.502344,156.76,3.91,2,335,18 / 20,5492110,2019-09-06 20:51:37:853,0.2321,0.7721,10.1701,-0.0025,-0.0375,9.8065,0.0448,-0.0225,-0.0462,4.44,-39.87,-9,157.21,-80.39,166.21
52.400017,-1.502344,156.76,3.91,2,335,18 / 20,5492209,2019-09-06 20:51:37:952,0.1844,1.1637,9.8478,-0.0009,-0.0209,9.8066,0.056,-0.0218,0.0149,4.88,-39.5,-8.62,152.38,-80.61,165.05
52.400017,-1.502344,156.76,3.91,2,335,18 / 20,5492310,2019-09-06 20:51:38:053,0.1404,0.9175,9.9118,-0.008,0.0181,9.8066,-0.0904,0.0269,-0.0182,4.69,-39.81,-8.31,151.91,-80.38,164.71
52.400017,-1.502344,156.76,3.91,2,335,19 / 20,5492410,2019-09-06 20:51:38:153,0.0185,0.2499,10.0389,0.0074,-0.0013,9.8066,-0.0292,0.0055,0.0329,4.06,-40.31,-8,155.58,-80.47,164.57
52.400017,-1.502344,156.76,3.91,2,335,19 / 20,5492510,2019-09-06 20:51:38:253,0.8505,-0.216,9.9131,0.0161,-0.0073,9.8066,0.0119,0.005,0.0122,4,-40.06,-8.62,156.53,-80.66,165.51
52.400017,-1.502344,156.76,3.91,2,335,19 / 20,5492610,2019-09-06 20:51:38:353,0.6517,-0.3934,9.3674,0.0027,-0.0144,9.8066,0.0077,-0.0175,-0.0049,4.75,-39.56,-9.19,152.72,-80.8,165.49
52.400017,-1.502344,156.76,3.91,2,335,19 / 20,5492710,2019-09-06 20:51:38:453,0.5845,-0.0271,10.1638,0.0006,-0.0199,9.8066,0.0351,-0.0092,-0.0185,4.69,-39.19,-9.31,152.32,-80.83,165.34
52.400017,-1.502344,156.76,3.91,2,335,19 / 20,5492810,2019-09-06 20:51:38:553,0.0213,-0.1968,10.3388,-0.0048,-0.0367,9.8065,0.0867,-0.0097,-0.0323,4.75,-39.44,-8.69,151.28,-81,164.05
52.400017,-1.502344,156.76,3.91,2,335,19 / 20,5492910,2019-09-06 20:51:38:653,0.0891,0.2679,9.9831,-0.0101,0.0129,9.8065,-0.0758,0.0389,-0.0082,4.38,-39.56,-8.69,154.86,-80.9,163.23
52.400017,-1.502344,156.76,3.91,2,335,19 / 20,5493010,2019-09-06 20:51:38:753,0.0891,-0.2104,9.7459,-0.0039,0.0098,9.8065,-0.0518,0.0074,0.0045,4.5,-39.75,-9.31,150.91,-80.92,162.88
52.400017,-1.502344,156.76,3.91,2,335,19 / 20,5493110,2019-09-06 20:51:38:853,0.2353,-0.4159,9.6376,-0.0027,0.0061,9.8066,-0.011,0.043,-0.0034,4.75,-39.5,-9.12,150.79,-80.91,163.13
52.400017,-1.502344,156.76,3.91,2,335,19 / 20,5493209,2019-09-06 20:51:38:952,-0.0898,0.3907,9.7804,0.0007,0.0101,9.8066,0.0013,0.0332,0.0013,4.69,-39.19,-8.87,150.92,-80.89,163.28
52.400017,-1.502344,156.76,3.91,2,335,19 / 20,5493309,2019-09-06 20:51:39:052,-0.1942,-0.1357,9.8264,-0.0055,-0.0041,9.8066,-0.0512,0.0598,-0.0361,4.19,-39.75,-8.75,155.06,-80.8,163.38
52.400017,-1.502344,156.76,3.91,2,335,18 / 20,5493409,2019-09-06 20:51:39:152,-0.4794,-0.2547,9.883,0.0034,-0.0226,9.8066,0.0117,0.0527,-0.008,5.31,-39.25,-9.06,150.73,-80.79,162.8
52.400017,-1.502344,156.76,3.91,2,335,18 / 20,5493510,2019-09-06 20:51:39:253,-0.3385,-0.8629,10.3625,-0.0172,0.0086,9.8065,0.0383,0.0982,-0.0483,5.88,-39.37,-8.69,146.23,-81.02,161.93
52.400017,-1.502344,156.76,3.91,2,335,18 / 20,5493609,2019-09-06 20:51:39:352,1.2342,-0.1082,10.8845,-0.0003,0.0245,9.8066,0.0268,0.2638,-0.0878,5.25,-40.19,-8.5,149.59,-80.82,161.82
52.400017,-1.502344,156.76,3.91,2,335,18 / 20,5493709,2019-09-06 20:51:39:452,-0.2926,-1.7068,9.4308,-0.0122,-0.0014,9.8066,-0.1081,0.0631,0.0407,5.06,-39.62,-8.87,149.81,-80.8,160.92
52.400017,-1.502344,156.76,3.91,2,335,18 / 20,5493809,2019-09-06 20:51:39:552,0.0155,0.7495,8.5581,-0.001,-0.029,9.8066,-0.0398,0.087,-0.0938,5.88,-39.31,-8.44,144.71,-80.88,160.92
52.400017,-1.502344,156.76,3.91,2,335,18 / 20,5493909,2019-09-06 20:51:39:652,-1.9361,-1.0524,9.402,0.0037,-0.016,9.8066,0.0361,0.1451,0.0533,6,-39.62,-8.56,145.28,-81.01,160
52.400017,-1.502344,156.76,3.91,2,335,18 / 20,5494010,2019-09-06 20:51:39:753,-0.1111,-0.6045,10.1456,0.0179,-0.0231,9.8065,0.0205,0.1513,0.0256,6.31,-39.25,-8.94,145.15,-81.02,160.33
52.400017,-1.502344,156.76,3.91,2,335,18 / 20,5494110,2019-09-06 20:51:39:853,-1.5532,-0.7512,10.8412,0.0058,0.0148,9.8066,0.0766,0.2645,0.0069,6.31,-39.19,-8.31,144.69,-81.12,161.42
52.400017,-1.502344,156.76,3.91,2,335,18 / 20,5494209,2019-09-06 20:51:39:952,0.9623,-0.1841,11.2777,0.0208,0.016,9.8066,-0.096,0.2215,-0.0323,6.25,-39.31,-8.06,146.18,-81.17,163.82
52.400017,-1.502344,156.76,3.91,2,335,18 / 20,5494309,2019-09-06 20:51:40:052,-1.4178,0.0981,9.5002,-0.0045,-0.0162,9.8066,-0.1781,0.0523,0.0406,6.44,-39.06,-8.5,145.61,-81.29,163.22
52.400017,-1.502344,156.76,3.91,2,335,18 / 20,5494409,2019-09-06 20:51:40:152,0.6624,-0.5564,9.5241,-0.0238,0.0288,9.8065,-0.0527,0.2161,-0.0886,7.13,-39.37,-7.69,141.98,-81.34,163.5
52.400017,-1.502344,156.76,3.91,2,335,18 / 20,5494510,2019-09-06 20:51:40:253,-0.563,-0.8204,9.7287,-0.0239,0.0327,9.8065,0.0238,0.2014,-0.0245,7.06,-39.31,-7.81,142.16,-80.85,162.62
52.400017,-1.502344,156.76,3.91,2,335,18 / 20,5494610,2019-09-06 20:51:40:353,-1.1028,-1.1645,10.1987,-0.0048,0.0333,9.8065,0.0209,0.2911,-0.0389,7.13,-39.62,-6.69,142.23,-80.47,163.28
52.400017,-1.502344,156.76,3.91,2,335,18 / 20,5494710,2019-09-06 20:51:40:453,-0.5654,-0.462,10.4323,0.009,-0.0064,9.8066,0.0151,0.2806,-0.0426,8.06,-39.44,-6.75,138.72,-80.3,163.73
52.400017,-1.502344,156.76,3.91,2,335,18 / 20,5494809,2019-09-06 20:51:40:552,-0.3459,-0.9483,9.845,0.01,-0.0019,9.8066,-0.052,0.2266,-0.0101,8,-39,-6.69,139.11,-80.33,164.38
52.400017,-1.502344,156.76,3.91,2,335,18 / 20,5494910,2019-09-06 20:51:40:653,-0.6642,-1.1661,9.5962,0.0002,-0.0039,9.8066,-0.0056,0.2747,-0.0395,8.63,-39.25,-6.25,134.2,-80.32,164.95
52.400017,-1.502344,156.76,3.91,2,335,18 / 20,5495009,2019-09-06 20:51:40:752,-0.5079,-1.0896,9.6584,0.0013,0.0038,9.8066,0.0164,0.2964,-0.0413,8.56,-38.94,-5.81,134.03,-80.39,164.89
52.400017,-1.502344,156.76,3.91,2,335,18 / 20,5495109,2019-09-06 20:51:40:852,-0.6185,-1.7314,9.2509,-0.0027,-0.0013,9.8065,-0.0199,0.3646,-0.0526,9.19,-39.5,-4.62,132.02,-80.36,165
52.400017,-1.502344,156.76,3.91,2,335,18 / 20,5495210,2019-09-06 20:51:40:953,-0.1685,-1.2022,10.0388,0.0032,0.0152,9.8066,-0.0572,0.3528,-0.0317,9.5,-39.12,-4.69,129.41,-80.26,165.87
52.400017,-1.502344,156.76,3.91,2,335,18 / 20,5495309,2019-09-06 20:51:41:052,-0.288,-1.2138,9.8999,0.0003,0.0137,9.8066,0.07,0.3652,-0.0533,10.44,-38.87,-4.81,129.93,-80.23,166.54
52.400017,-1.502344,156.76,3.91,2,335,19 / 20,5495410,2019-09-06 20:51:41:153,-0.3247,-0.7881,9.8251,0.0206,-0.0075,9.8065,-0.0128,0.3214,-0.0367,11.13,-38.69,-3.94,124.66,-80.21,166.99
52.400017,-1.502344,156.76,3.91,2,335,19 / 20,5495509,2019-09-06 20:51:41:252,-0.276,-1.2882,10.0577,0.0091,-0.0049,9.8066,0.0044,0.3276,-0.0334,11.06,-38.56,-2.62,121.69,-80.4,167.44
52.400017,-1.502344,156.76,3.91,2,335,19 / 20,5495609,2019-09-06 20:51:41:352,-0.2666,-1.4428,9.9466,-0.009,0.0105,9.8065,-0.0705,0.3751,-0.065,11.5,-39,-3.62,122.08,-80.37,167.8
52.400017,-1.502344,156.76,3.91,2,335,19 / 20,5495710,2019-09-06 20:51:41:453,-0.1119,-1.0974,9.3401,-0.0132,0.0123,9.8066,0.0722,0.3755,-0.0785,11.69,-38.94,-2.56,119.79,-80.22,168.08
52.400017,-1.502344,156.76,3.91,2,335,19 / 20,5495810,2019-09-06 20:51:41:553,-0.4614,-1.3753,9.3022,0.0047,-0.0093,9.8066,0.035,0.3562,-0.0626,12.63,-38.81,-1.87,114.01,-80.13,167.56
52.400017,-1.502344,156.76,3.91,2,335,19 / 20,5495910,2019-09-06 20:51:41:653,-1.0963,-1.8583,9.9198,0.0089,0.0034,9.8066,-0.0115,0.4493,-0.0626,12.69,-37.56,-2,114,-80.08,168.16
52.400017,-1.502344,156.76,3.91,2,335,19 / 20,5496010,2019-09-06 20:51:41:753,-0.5107,-0.5874,10.545,-0.0117,0.0195,9.8066,0.047,0.3788,-0.0589,13.56,-37.81,-0.69,108.85,-80.08,168.44
52.400017,-1.502344,156.76,3.91,2,335,19 / 20,5496110,2019-09-06 20:51:41:853,-0.6308,-2.0398,10.1959,-0.0048,0.0067,9.8066,-0.0825,0.3249,0.0047,13.88,-38.75,0.5,103.48,-80.05,169.48
52.400017,-1.502344,156.76,3.91,2,335,19 / 20,5496210,2019-09-06 20:51:41:953,-0.2185,-0.7783,9.7312,-0.0177,0.0218,9.8066,-0.1288,0.4199,-0.0795,13.38,-38.56,0.5,106.36,-79.98,170.57
52.400017,-1.502344,156.76,3.91,2,335,19 / 20,5496310,2019-09-06 20:51:42:053,-1.0343,-0.8224,9.4288,-0.0226,0.0083,9.8065,-0.0369,0.4338,-0.0804,13.94,-38.25,1.38,104.06,-79.96,170.68
52.400017,-1.502344,156.76,3.91,2,335,19 / 20,5496410,2019-09-06 20:51:42:153,-1.107,-0.8857,9.504,0.0057,0.0012,9.8066,-0.0424,0.3703,-0.0275,13.94,-37.44,1.31,102.87,-80.07,170.44
52.400017,-1.502344,156.76,3.91,2,335,19 / 20,5496509,2019-09-06 20:51:42:252,0.1501,-1.285,9.7274,-0.0142,0.0126,9.8066,0.1326,0.3622,-0.0863,14.75,-37.56,1.94,99.12,-80.04,171.06
52.400017,-1.502344,156.76,3.91,2,335,19 / 20,5496610,2019-09-06 20:51:42:353,-0.5278,-0.9092,9.944,0.05,-0.0112,9.8065,0.1519,0.3945,-0.0597,14.69,-37.81,3.25,95.57,-79.96,171
52.400017,-1.502344,156.76,3.91,2,335,19 / 20,5496710,2019-09-06 20:51:42:453,-0.6047,-0.7234,10.6408,0.037,-0.0038,9.8065,-0.0526,0.399,-0.0527,14.94,-38.25,3.56,91.44,-80.13,171.18
52.400017,-1.502344,156.76,3.91,2,335,19 / 20,5496810,2019-09-06 20:51:42:553,0.1436,-1.4315,10.1327,-0.0049,0.0047,9.8066,0.0917,0.3529,-0.0658,14.5,-37.56,4.31,92.43,-79.97,171.76
52.400017,-1.502344,156.76,3.91,2,335,19 / 20,5496910,2019-09-06 20:51:42:653,-0.1338,-1.1532,9.7358,0.0174,0.0014,9.8065,-0.0647,0.3816,-0.0491,14.81,-37.44,5.25,87.68,-80,171.74
52.400017,-1.502344,156.76,3.91,2,335,19 / 20,5497010,2019-09-06 20:51:42:753,-0.6942,-0.9552,9.6714,-0.0326,0.0003,9.8065,0.0604,0.3577,-0.0803,15.94,-36.81,5.94,84.31,-79.76,171.86
52.400017,-1.502344,156.76,3.91,2,335,19 / 20,5497109,2019-09-06 20:51:42:852,-0.4286,-0.9047,9.9303,-0.0244,-0.0018,9.8065,-0.113,0.298,-0.0535,15.63,-37.12,6.31,84.29,-79.69,171.69
52.400017,-1.502344,156.76,3.91,2,335,19 / 20,5497210,2019-09-06 20:51:42:953,1.7328,-0.4563,10.4893,-0.0248,-0.0007,9.8066,-0.0568,0.2938,-0.0423,15.38,-37.62,7.06,81.39,-79.66,171.81
52.400017,-1.502344,156.76,3.91,2,335,19 / 20,5497311,2019-09-06 20:51:43:054,0.0486,-1.8003,9.7201,-0.0077,-0.0097,9.8066,-0.0006,0.2849,-0.0489,15.31,-37.37,7.81,76.78,-79.47,171.47
52.400017,-1.502344,156.76,3.91,2,335,19 / 20,5497410,2019-09-06 20:51:43:153,-2.1337,0.0356,9.9757,-0.0239,0.0249,9.8065,0.0074,0.2253,0.0203,15,-36.25,8.44,77.19,-79.4,172.34
52.400017,-1.502344,156.76,3.91,2,335,19 / 20,5497509,2019-09-06 20:51:43:252,-1.176,-2.4394,10.0914,-0.0127,-0.0123,9.8066,-0.2455,0.3181,0.0139,16,-36.75,9.44,74.24,-79.54,172.4
52.400017,-1.502344,156.76,3.91,2,335,19 / 20,5497610,2019-09-06 20:51:43:353,0.1438,-0.3968,9.548,-0.0317,0.0131,9.8065,-0.1264,0.2693,-0.1339,15.88,-37.12,9.44,72.86,-79.6,171.29
52.400017,-1.502344,156.76,3.91,2,335,19 / 20,5497709,2019-09-06 20:51:43:452,0.3215,-1.1434,9.8386,-0.0214,-0.0325,9.8065,0.1136,0.2276,0.0084,16.06,-36.69,9.75,69.43,-79.46,171.18
52.400017,-1.502344,156.76,3.91,2,335,19 / 20,5497809,2019-09-06 20:51:43:552,1.0514,-0.6246,9.5832,0.0287,0.0149,9.8065,0.0922,0.2427,-0.103,16,-36.62,10.56,64.35,-79.62,170.2
52.400017,-1.502344,156.76,3.91,2,335,19 / 20,5497909,2019-09-06 20:51:43:652,-0.6843,-1.6427,10.5932,0.0408,0.0064,9.8066,0.0129,0.1488,0.0172,16.44,-36.75,10.56,64.44,-79.58,170.2
52.400017,-1.502344,156.76,3.91,2,335,19 / 20,5498010,2019-09-06 20:51:43:753,-0.6355,-0.1521,10.0394,-0.04,-0.011,9.8065,0.0225,0.1567,-0.0894,16.5,-36.06,11.38,65.38,-79.39,170.34
52.400017,-1.502344,156.76,3.91,2,335,19 / 20,5498110,2019-09-06 20:51:43:853,-1.1754,-0.3836,9.6487,-0.0094,-0.0056,9.8065,-0.0657,0.1501,-0.0166,15.63,-37.19,11.19,64.29,-79.44,169.82
52.400017,-1.502344,156.76,3.91,2,335,19 / 20,5498210,2019-09-06 20:51:43:953,-0.2061,-0.0227,9.54,-0.0186,-0.0087,9.8066,-0.0748,0.1223,-0.0465,15.38,-36.62,11.75,59.96,-79.37,170.03
52.400017,-1.502344,156.76,3.91,2,335,19 / 20,5498310,2019-09-06 20:51:44:053,-0.0134,-0.4287,9.6643,-0.0153,-0.0176,9.8065,0.0211,0.1,-0.0199,16.69,-36,12.44,61.61,-79.2,169.59
52.400017,-1.502344,156.76,3.91,2,335,19 / 20,5498410,2019-09-06 20:51:44:153,0.356,-0.0715,10.1287,0.0146,0.0081,9.8065,-0.0203,0.0811,-0.0165,16.19,-35.62,12.19,59.55,-79.38,169.15
52.400017,-1.502344,156.76,3.91,2,335,19 / 20,5498510,2019-09-06 20:51:44:253,1.042,-0.1354,10.0572,0.0044,-0.0011,9.8065,-0.0016,0.0989,-0.0146,15.5,-36,12.25,59.31,-79.42,169.02
52.400017,-1.502344,156.76,3.91,2,335,19 / 20,5498610,2019-09-06 20:51:44:353,0.9437,0.1737,9.6363,0.0199,0.0132,9.8065,-0.0227,0.0411,-0.0031,16.13,-35.87,12.5,55.12,-79.63,168.66
52.400017,-1.502344,156.76,3.91,2,335,19 / 20,5498710,2019-09-06 20:51:44:453,-0.411,0.2197,9.6437,0.0064,0.0007,9.8066,0.1121,0.0459,-0.0211,16.25,-36,12.13,58.75,-79.55,168.78
52.400017,-1.502344,156.76,3.91,2,335,19 / 20,5498810,2019-09-06 20:51:44:553,-1.3966,-0.2842,9.9831,0.0129,-0.0074,9.8065,0.1127,0.0262,-0.0359,16.88,-35.81,12.5,56.85,-79.37,168.55
52.400017,-1.502344,156.76,3.91,2,335,19 / 20,5498910,2019-09-06 20:51:44:653,-0.7231,-0.8799,9.8904,0.0154,-0.0047,9.8066,0.0304,0.0073,-0.0071,16.25,-36.31,12.88,54.44,-79.27,167.53
52.400017,-1.502344,156.76,3.91,2,335,19 / 20,5499010,2019-09-06 20:51:44:753,0.0633,-0.4013,9.9244,0.018,0.0006,9.8066,0.1061,0.039,-0.0285,16.5,-35.81,12.69,55.45,-79.21,167.16
52.400017,-1.502344,156.76,3.91,2,335,19 / 20,5499110,2019-09-06 20:51:44:853,-0.6721,-0.4108,10.358,-0.0372,-0.0096,9.8066,-0.2026,0.0237,0.0177,16.81,-35.62,12.56,54.93,-79.34,166.94
52.400017,-1.502344,156.76,3.91,2,335,19 / 20,5499210,2019-09-06 20:51:44:953,-0.6888,0.1253,9.9643,-0.0558,-0.0186,9.8064,-0.1718,0.0303,0.0172,15.88,-36.06,13,54.89,-79.17,167.74
52.400017,-1.502344,156.76,3.91,2,335,19 / 20,5499309,2019-09-06 20:51:45:052,-0.4391,1.1732,10.1037,-0.0286,-0.0091,9.8065,-0.0269,-0.0332,0.0354,16.13,-36.44,12.38,57.71,-79.44,167.74
52.400017,-1.502344,156.76,3.91,2,335,19 / 20,5499410,2019-09-06 20:51:45:153,0.2305,-0.0117,9.5962,0.0258,-0.0107,9.8066,-0.1167,0.0333,-0.0348,16.5,-35.94,12.56,55.27,-79.48,167.43
52.400017,-1.502344,156.76,3.91,2,335,19 / 20,5499510,2019-09-06 20:51:45:253,0.8381,0.5251,9.397,-0.0306,-0.0212,9.8065,0.2658,0.0317,-0.0301,15.94,-36.12,12.94,52.51,-79.37,166.16
52.400017,-1.502344,156.76,3.91,2,335,19 / 20,5499610,2019-09-06 20:51:45:353,0.487,-0.6412,9.2118,0.0638,0.0266,9.8064,0.2104,0.025,-0.0113,15.81,-35.81,13.44,51.52,-79.59,165.7
52.400017,-1.502344,156.76,3.91,2,335,19 / 20,5499710,2019-09-06 20:51:45:453,-0.2881,-0.5792,9.6083,0.0393,0.0245,9.8065,0.009,0.0516,0.0473,15.69,-35.87,13.13,52.18,-79.49,166.07
52.400017,-1.502344,156.76,3.91,2,335,19 / 20,5499810,2019-09-06 20:51:45:553,-0.7209,0.4274,10.2719,-0.016,0.0054,9.8065,0.0741,0.0173,-0.0227,15.69,-35.62,13.63,50.5,-79.42,167.18
52.400017,-1.502344,156.76,3.91,2,335,19 / 20,5499910,2019-09-06 20:51:45:653,-0.6418,-0.0124,10.669,0.0197,0.0005,9.8066,0.0647,0.0166,0.0043,14.75,-36.12,13.69,47.93,-79.51,166.62
52.400017,-1.502344,156.76,3.91,2,335,19 / 20,5500009,2019-09-06 20:51:45:752,-0.4595,-0.3244,10.2986,-0.0021,-0.0052,9.8066,0.0623,0.0259,-0.0254,15.75,-36.06,13.13,52.6,-79.54,166.48
52.400017,-1.502344,156.76,3.91,2,335,19 / 20,5500110,2019-09-06 20:51:45:853,-0.7579,-0.4089,10.0242,0.0152,0.0035,9.8066,-0.1437,0.0236,-0.0079,16.5,-35.94,12.88,53.05,-79.66,165.89
52.400017,-1.502344,156.76,3.91,2,335,19 / 20,5500209,2019-09-06 20:51:45:952,-0.4054,-1.0053,9.4329,-0.0441,-0.0276,9.8064,-0.1014,0.0067,0.0181,15.88,-36.12,13.19,51.62,-79.39,165.47
52.400017,-1.502344,156.76,3.91,2,335,19 / 20,5500309,2019-09-06 20:51:46:052,0.0621,0.0857,9.4779,-0.041,-0.0262,9.8065,0.1216,-0.0554,0.0286,15.56,-36.06,13.19,51.69,-79.32,165.43
52.400105,-1.50281,159.12,5.82,3,248.13,19 / 20,5500409,2019-09-06 20:51:46:152,-0.5582,-0.4136,10.2156,-0.003,-0.0013,9.8066,-0.0873,-0.0013,0.0391,16.19,-36,13.5,47.81,-79.47,165.13
52.400105,-1.50281,159.12,5.82,3,248.13,19 / 20,5500510,2019-09-06 20:51:46:253,0.5672,0.611,9.958,0.0001,-0.0055,9.8066,0.1479,-0.0026,-0.0208,15.81,-35.19,13.25,50.28,-79.55,165.07
52.400105,-1.50281,159.12,5.82,3,248.13,19 / 20,5500609,2019-09-06 20:51:46:352,-0.2496,-0.3619,9.6391,0.0247,0.0099,9.8066,0.0059,0.0245,0.0257,16.06,-36,13.5,46.54,-79.78,164.57
52.400105,-1.50281,159.12,5.82,3,248.13,19 / 20,5500710,2019-09-06 20:51:46:453,-0.1019,-0.0614,9.7589,-0.0117,-0.0077,9.8066,-0.0416,0.049,-0.0512,16.13,-35.25,12.88,49.53,-79.78,164.79
52.400105,-1.50281,159.12,5.82,3,248.13,19 / 20,5500809,2019-09-06 20:51:46:552,-1.1869,-0.4926,10.4084,-0.0424,-0.0233,9.8065,-0.0962,0.0912,-0.0006,16.06,-35.75,13.06,49.82,-79.79,164.66
52.400105,-1.50281,159.12,5.82,3,248.13,19 / 20,5500909,2019-09-06 20:51:46:652,-0.1131,-0.5261,10.296,0.0129,0.0044,9.8066,-0.0133,0.0102,-0.0582,15.88,-35.37,13.44,49.98,-79.51,164.77
52.400105,-1.50281,159.12,5.82,3,248.13,19 / 20,5501010,2019-09-06 20:51:46:753,0.3822,1.127,9.7646,0.0014,-0.0122,9.8065,-0.0652,-0.0302,0.0043,15.81,-35.19,13.19,49.2,-79.51,164.16
52.400105,-1.50281,159.12,5.82,3,248.13,19 / 20,5501110,2019-09-06 20:51:46:853,0.3621,0.0334,9.4133,-0.0086,-0.0067,9.8066,0.107,0.0415,0.0013,16.06,-34.87,13.31,48.89,-79.45,163.82
52.400105,-1.50281,159.12,5.82,3,248.13,19 / 20,5501210,2019-09-06 20:51:46:953,-0.7063,-1.1192,10.1159,0.0241,0.0135,9.8065,0.2049,0.0881,-0.0138,15.88,-35.75,13.38,49.72,-79.42,164.02
52.400105,-1.50281,159.12,5.82,3,248.13,19 / 20,5501310,2019-09-06 20:51:47:053,-0.1982,-0.4792,10.4599,0.0089,0.0112,9.8066,-0.0794,0.0187,-0.0132,15.63,-35.62,13.31,50.8,-79.22,164.57
52.400105,-1.50281,159.12,5.82,3,248.13,19 / 20,5501409,2019-09-06 20:51:47:152,-0.1861,0.2952,10.3514,-0.0128,-0.0159,9.8066,0.0042,-0.0099,-0.0065,15.5,-34.87,13.63,47.33,-78.97,164.46
52.400105,-1.50281,159.12,5.82,3,248.13,19 / 20,5501510,2019-09-06 20:51:47:253,0.3969,-0.472,9.8479,0.0542,0.0214,9.8064,0.2799,-0.0834,0.0204,15.44,-35.5,13.88,45.59,-78.67,164.05
52.400105,-1.50281,159.12,5.82,3,248.13,19 / 20,5501609,2019-09-06 20:51:47:352,0.755,-0.3059,8.6131,0.0495,0.0287,9.8064,0.1645,0.1419,0.016,15.38,-34.87,14.19,45.01,-78.86,163.88
52.400105,-1.50281,159.12,5.82,3,248.13,19 / 20,5501710,2019-09-06 20:51:47:453,-1.2776,0.7285,8.8158,0.018,0.0419,9.8065,-0.2911,0.103,-0.0233,15.38,-35.62,14.63,44.1,-78.77,165.13
52.400105,-1.50281,159.12,5.82,3,248.13,19 / 20,5501814,2019-09-06 20:51:47:557,-1.4236,0.393,9.4193,-0.0062,0.0117,9.8066,-0.1363,0.0329,0.0648,14.31,-36,13.81,46.3,-78.99,166.09
52.400105,-1.50281,159.12,5.82,3,248.13,19 / 20,5501910,2019-09-06 20:51:47:653,1.6909,-0.4669,9.6737,0.0203,0.0028,9.8066,-0.153,-0.1789,0.0606,15.63,-35.94,13.75,49.29,-79.48,166.31
52.400105,-1.50281,159.12,5.82,3,248.13,19 / 20,5502010,2019-09-06 20:51:47:753,-1.5256,2.0604,10.1031,-0.0032,-0.0004,9.8066,-0.3311,0.1824,-0.059,14.94,-35.62,14,46.82,-80.13,166.65
52.400105,-1.50281,159.12,5.82,3,248.13,19 / 20,5502110,2019-09-06 20:51:47:853,0.8435,-0.1766,9.2773,-0.0006,-0.0055,9.8066,-0.2277,0.0805,-0.0668,15.25,-35.31,13.88,43.94,-80.45,165.17
52.400105,-1.50281,159.12,5.82,3,248.13,19 / 20,5502210,2019-09-06 20:51:47:953,0.1382,-0.1066,9.4608,-0.0817,-0.0522,9.8062,-0.24,0.0048,0.0292,15.25,-34.94,13.25,48.9,-80.17,166.17
52.400105,-1.50281,159.12,5.82,3,248.13,19 / 20,5502310,2019-09-06 20:51:48:053,-0.6993,-2.0398,10.3739,-0.0907,-0.0702,9.8059,0.0439,0.1066,-0.0187,14.94,-34.94,13.5,45.87,-80.03,166.12
52.400105,-1.50281,159.12,5.82,3,248.13,19 / 20,5502409,2019-09-06 20:51:48:152,-0.8845,0.4718,10.2474,-0.0483,-0.0249,9.8065,-0.1959,0.0634,-0.0352,15.38,-35,13.81,46.17,-80.1,166.45
52.400105,-1.50281,159.12,5.82,3,248.13,19 / 20,5502510,2019-09-06 20:51:48:253,0.7267,-0.339,9.6883,-0.0346,-0.0326,9.8065,0.0345,0.0748,-0.0117,15.81,-34.94,13.63,48.43,-79.7,166.32
52.400105,-1.50281,159.12,5.82,3,248.13,19 / 20,5502609,2019-09-06 20:51:48:352,0.375,0.728,10.1715,0.0065,0.004,9.8066,-0.011,0.0341,-0.032,15.44,-34.81,14.13,46.58,-79.8,166.37
52.400105,-1.50281,159.12,5.82,3,248.13,19 / 20,5502710,2019-09-06 20:51:48:453,0.507,0.5601,9.7414,0.0061,-0.0073,9.8065,0.0293,0.0415,-0.0001,15.56,-35.06,13.94,47.67,-79.71,165.73
52.400105,-1.50281,159.12,5.82,3,248.13,19 / 20,5502810,2019-09-06 20:51:48:553,-0.3481,-0.0086,9.9581,-0.0228,-0.0138,9.8066,0.0602,0.0094,-0.0045,15.31,-35.37,13.88,46.77,-79.54,166.15
52.400105,-1.50281,159.12,5.82,3,248.13,19 / 20,5502909,2019-09-06 20:51:48:652,0.1098,-0.6228,9.8121,-0.0122,-0.0129,9.8066,-0.0631,-0.011,0.0194,14.81,-35.44,14.44,46.8,-79.47,166.08
52.400105,-1.50281,159.12,5.82,3,248.13,19 / 20,5503009,2019-09-06 20:51:48:752,0.5491,-0.1329,9.6592,-0.0117,-0.0018,9.8066,-0.0493,0.0338,0.0198,15.5,-35.62,14.75,46.36,-79.39,166.26
52.400105,-1.50281,159.12,5.82,3,248.13,19 / 20,5503109,2019-09-06 20:51:48:852,0.7009,1.0402,9.7481,-0.009,0.0114,9.8066,-0.0648,0.0092,-0.0194,15.13,-35.56,14.31,48.9,-79.4,167.22
52.400105,-1.50281,159.12,5.82,3,248.13,19 / 20,5503209,2019-09-06 20:51:48:952,0.2856,1.5992,9.9587,-0.0155,-0.0192,9.8066,-0.1033,-0.0197,0.0083,14.88,-36.31,14.06,48.94,-79.3,167.11
52.400105,-1.50281,159.12,5.82,3,248.13,19 / 20,5503309,2019-09-06 20:51:49:052,0.8921,0.6573,10.0799,-0.0048,-0.0184,9.8065,0.0303,-0.0442,-0.0375,15.06,-35.81,14.88,44.56,-79.38,166.28
52.400105,-1.50281,159.12,5.82,3,248.13,19 / 20,5503410,2019-09-06 20:51:49:153,0.3488,-0.1248,10.3845,-0.0018,-0.0081,9.8066,0.0693,-0.0067,0.0175,15.94,-35.81,14.75,44.87,-79.4,165.12
52.400105,-1.50281,159.12,5.82,3,248.13,19 / 20,5503510,2019-09-06 20:51:49:253,-0.6864,0.6869,9.9119,-0.0075,0.0112,9.8066,-0.0756,-0.0165,0.021,15.13,-35.81,14.56,43.8,-79.37,165.68
52.400105,-1.50281,159.12,5.82,3,248.13,19 / 20,5503609,2019-09-06 20:51:49:352,-0.4673,0.7933,9.2915,-0.0192,-0.01,9.8065,-0.084,0.0056,0.0196,15.44,-36.12,14.81,45.24,-79.31,166.7
52.400105,-1.50281,159.12,5.82,3,248.13,19 / 20,5503710,2019-09-06 20:51:49:453,0.7144,1.6286,9.1867,-0.0241,-0.0134,9.8066,0.0158,-0.0159,-0.0091,14.88,-35.69,14.5,45.91,-79.17,167.03
52.400105,-1.50281,159.12,5.82,3,248.13,19 / 20,5503810,2019-09-06 20:51:49:553,1.1598,0.3242,10.0857,0.0317,0.0146,9.8065,-0.0336,-0.0176,-0.0248,15,-36.19,14.31,47.28,-79.52,166.14
52.400105,-1.50281,159.12,5.82,3,248.13,19 / 20,5503910,2019-09-06 20:51:49:653,0.6049,1.2908,10.3595,0.0309,0.0199,9.8065,-0.016,-0.0361,0.0393,15.19,-36.31,13.56,46.43,-79.76,165.82
52.400105,-1.50281,159.12,5.82,3,248.13,19 / 20,5504010,2019-09-06 20:51:49:753,0.4117,0.7556,9.3898,0.0001,-0.0056,9.8066,-0.005,0.0087,-0.0252,14.44,-36.69,13.88,44.89,-79.88,165.94
52.400105,-1.50281,159.12,5.82,3,248.13,19 / 20,5504110,2019-09-06 20:51:49:853,0.1388,1.7263,9.3754,0.0009,0.0033,9.8066,0.0676,-0.0831,0.0148,14.5,-36.37,13.81,46.1,-79.92,165.79
52.400105,-1.50281,159.12,5.82,3,248.13,19 / 20,5504209,2019-09-06 20:51:49:952,0.0964,0.5502,9.9526,0.0182,0.0068,9.8066,0.0341,-0.029,0.0007,15.38,-35.62,13.88,46.35,-79.84,165.87
52.400105,-1.50281,159.12,5.82,3,248.13,19 / 20,5504309,2019-09-06 20:51:50:052,0.7606,0.824,10.4194,0.0001,-0.0048,9.8066,0.0021,-0.032,0.0124,14.5,-36.75,13.88,46.39,-79.88,165.6
52.400105,-1.50281,159.12,5.82,3,248.13,19 / 20,5504410,2019-09-06 20:51:50:153,0.4317,0.825,10.0492,0.0235,0.0038,9.8066,0.0261,-0.0424,-0.0282,14.25,-36.56,13.88,43.19,-79.9,164.69
52.400105,-1.50281,159.12,5.82,3,248.13,19 / 20,5504509,2019-09-06 20:51:50:252,0.0044,0.906,9.3097,0.0146,0.004,9.8066,-0.0012,-0.01,-0.0223,16.13,-36.06,13.81,46.25,-79.82,164.4
52.400105,-1.50281,159.12,5.82,3,248.13,19 / 20,5504610,2019-09-06 20:51:50:353,0.3641,-0.0481,9.2357,-0.0048,-0.0106,9.8065,-0.0427,-0.0098,-0.0095,14.5,-36.06,14,43.73,-79.64,163.59
52.400105,-1.50281,159.12,5.82,3,248.13,19 / 20,5504709,2019-09-06 20:51:50:452,0.7135,0.2559,10.1013,-0.0047,-0.0116,9.8066,-0.0608,-0.0252,-0.0095,15.44,-36.37,14,43.18,-79.67,163.2
52.400105,-1.50281,159.12,5.82,3,248.13,19 / 20,5504809,2019-09-06 20:51:50:552,1.2732,0.8747,9.6729,-0.0012,-0.0113,9.8066,-0.1667,-0.0348,0.0027,15.19,-36.44,13.25,45.48,-79.8,162.59
52.400105,-1.50281,159.12,5.82,3,248.13,19 / 20,5504910,2019-09-06 20:51:50:653,1.0893,1.321,9.8227,0.0571,0.0296,9.8064,0.1715,-0.0381,-0.0304,15.19,-35.69,13.88,41.57,-79.69,162.02
52.400105,-1.50281,159.12,5.82,3,248.13,19 / 20,5505009,2019-09-06 20:51:50:752,0.3389,0.2955,9.8379,0.02,0.0185,9.8066,0.1064,-0.0467,0.0051,15.13,-35.94,13.63,40.87,-79.82,161.65
52.400105,-1.50281,159.12,5.82,3,248.13,19 / 20,5505109,2019-09-06 20:51:50:852,0.9047,-0.475,8.5974,0.0056,0.0048,9.8066,0.1225,-0.0347,0.0072,15.69,-36.06,13,47.11,-79.61,162.27
52.400105,-1.50281,159.12,5.82,3,248.13,19 / 20,5505210,2019-09-06 20:51:50:953,0.346,0.6681,9.6637,0.0181,0.0132,9.8066,0.1611,-0.0069,-0.0014,15.5,-35.75,13.81,44.1,-79.48,162.27
52.400105,-1.50281,159.12,5.82,3,248.13,19 / 20,5505310,2019-09-06 20:51:51:053,0.1448,0.1592,10.3582,0.0318,0.0164,9.8065,0.0874,0.0206,-0.0384,14.94,-36.25,14.19,42.04,-79.55,162.19
52.400105,-1.50281,159.12,5.82,3,248.13,19 / 20,5505409,2019-09-06 20:51:51:152,1.2152,-0.2983,10.5297,-0.0085,-0.0092,9.8066,-0.0423,0.0713,0.0112,15.44,-36.62,14.06,41.21,-79.58,161.27
52.400105,-1.50281,159.12,5.82,3,248.13,19 / 20,5505510,2019-09-06 20:51:51:253,0.6727,0.793,9.804,0.0146,0.0136,9.8066,-0.0497,0.0029,-0.0152,15.5,-35.69,13,45.77,-79.78,161.47
52.400105,-1.50281,159.12,5.82,3,248.13,19 / 20,5505610,2019-09-06 20:51:51:353,0.5158,-0.241,9.6006,-0.0058,-0.0112,9.8066,0.0339,0.0424,0.0066,15.38,-36.31,13.19,43.71,-79.77,161.21
52.400105,-1.50281,159.12,5.82,3,248.13,19 / 20,5505710,2019-09-06 20:51:51:453,1.0471,0.3166,9.7932,-0.0048,-0.0043,9.8066,0.1349,0.0773,-0.0459,15.25,-36.25,14.25,40.7,-79.67,161.34
52.400105,-1.50281,159.12,5.82,3,248.13,19 / 20,5505810,2019-09-06 20:51:51:553,0.6804,-0.719,9.829,0.013,-0.0005,9.8066,0.0443,0.1188,-0.027,15.31,-35.94,14.31,41.52,-79.43,161.64
52.400105,-1.50281,159.12,5.82,3,248.13,19 / 20,5505910,2019-09-06 20:51:51:653,1.0598,-0.1971,10.2822,0.0017,0.0034,9.8065,0.0137,0.1078,-0.0338,14.56,-36,14.88,38.14,-79.39,161.47
52.400105,-1.50281,159.12,5.82,3,248.13,19 / 20,5506009,2019-09-06 20:51:51:752,1.4219,0.1746,10.5296,0.0106,0.0132,9.8066,0.0569,0.149,-0.0363,14.63,-36.5,15.31,37.82,-79.55,161.41
52.400105,-1.50281,159.12,5.82,3,248.13,19 / 20,5506109,2019-09-06 20:51:51:852,0.7469,-0.7045,10.4646,0.0282,0.0077,9.8066,-0.0265,0.1813,-0.0675,14.94,-35.87,15.38,37.27,-79.56,161.01
52.400105,-1.50281,159.12,5.82,3,248.13,19 / 20,5506210,2019-09-06 20:51:51:953,1.9933,0.4536,10.3987,-0.022,-0.0356,9.8065,0.0319,0.2203,-0.0999,15.13,-36.06,15.63,33.6,-79.18,160.1
52.400105,-1.50281,159.12,5.82,3,248.13,19 / 20,5506310,2019-09-06 20:51:52:053,3.5586,-0.2931,9.3151,-0.0039,-0.0216,9.8065,0.008,0.2299,-0.0478,14.06,-36.44,16.63,27.49,-79.02,159.29
52.400105,-1.50281,159.12,5.82,3,248.13,19 / 20,5506410,2019-09-06 20:51:52:153,-0.1908,1.2775,8.4704,-0.0228,-0.0174,9.8066,-0.1848,0.2097,-0.0331,14.75,-36.12,16.19,34.45,-78.55,160.08
52.400105,-1.50281,159.12,5.82,3,248.13,19 / 20,5506510,2019-09-06 20:51:52:253,5.0402,-1.7317,8.7841,-0.0074,0.0192,9.8065,0.1519,0.2406,0.1399,15,-36.69,16.44,33.55,-78.62,159.21
52.400105,-1.50281,159.12,5.82,3,248.13,19 / 20,5506609,2019-09-06 20:51:52:352,-0.4841,2.3126,8.5561,0.0016,0.066,9.8063,0.0046,0.4959,-0.1046,13.88,-36.06,18.25,27.58,-79.21,161.39
52.400105,-1.50281,159.12,5.82,3,248.13,19 / 20,5506709,2019-09-06 20:51:52:452,-0.0802,0.4652,11.6178,0.0515,0.0772,9.8062,-0.1221,0.3208,0.0417,13.25,-36.37,17.94,24.62,-79.76,161.52
52.400105,-1.50281,159.12,5.82,3,248.13,19 / 20,5506809,2019-09-06 20:51:52:552,0.4753,0.3037,10.8525,-0.0145,0.0036,9.8066,-0.0922,0.3884,-0.1031,13.5,-36.19,18.31,27.16,-80.27,161.94
52.400105,-1.50281,159.12,5.82,3,248.13,19 / 20,5506910,2019-09-06 20:51:52:653,0.5333,-0.2688,10.9689,0.0179,0.0233,9.8065,-0.1266,0.3162,-0.1054,13.44,-35.81,17.88,23.29,-80.81,161.3
52.400105,-1.50281,159.12,5.82,3,248.13,19 / 20,5507010,2019-09-06 20:51:52:753,1.6658,1.8684,9.5939,0.0354,-0.013,9.8065,-0.0591,0.0836,0.0485,13.13,-35.25,18.63,16.77,-81.2,158.35
52.400105,-1.50281,159.12,5.82,3,248.13,19 / 20,5507110,2019-09-06 20:51:52:853,2.8416,-0.4105,9.907,-0.0384,-0.0309,9.8065,-0.0164,0.219,0.0571,13.06,-35.5,19.5,16.58,-81.03,159.62
52.400105,-1.50281,159.12,5.82,3,248.13,19 / 20,5507210,2019-09-06 20:51:52:953,1.5239,0.2783,9.6474,-0.0439,-0.0281,9.8064,-0.0005,0.307,-0.0324,12.44,-35.37,19.5,17.04,-80.65,161.76
52.400105,-1.50281,159.12,5.82,3,248.13,19 / 20,5507310,2019-09-06 20:51:53:053,2.4185,1.1506,9.6531,-0.0419,-0.0385,9.8064,0.0485,0.2748,-0.0055,11.88,-34.69,20.19,19.39,-80.27,163.33
52.400105,-1.50281,159.12,5.82,3,248.13,18 / 19,5507409,2019-09-06 20:51:53:152,0.9498,0.0948,9.778,-0.0191,-0.0534,9.8064,-0.0931,0.3259,-0.0966,12.13,-34.56,22.06,17.72,-79.95,164.59
52.400105,-1.50281,159.12,5.82,3,248.13,18 / 19,5507510,2019-09-06 20:51:53:253,1.7106,-0.0735,9.4753,0.0229,0.0091,9.8065,0.0568,0.307,-0.0685,11.75,-34.56,22.13,17.22,-79.24,163.89
52.400105,-1.50281,159.12,5.82,3,248.13,18 / 19,5507609,2019-09-06 20:51:53:352,1.6975,0.0724,10.0427,-0.0049,0.007,9.8066,-0.0145,0.3219,-0.037,11.5,-34.37,23,15.12,-79.14,163.61
52.400105,-1.50281,159.12,5.82,3,248.13,18 / 19,5507709,2019-09-06 20:51:53:452,2.3595,0.6162,9.8358,0.0008,-0.0027,9.8066,0.0308,0.3161,-0.0063,11.13,-34.25,23,12.92,-79.07,163.89
52.400105,-1.50281,159.12,5.82,3,248.13,18 / 19,5507810,2019-09-06 20:51:53:553,1.4507,0.6061,9.8964,-0.0256,0.0146,9.8066,0.0228,0.3098,0.0221,9.94,-33.87,23.13,12.53,-79.16,165.64
52.400105,-1.50281,159.12,5.82,3,248.13,18 / 19,5507910,2019-09-06 20:51:53:653,1.0944,-0.2251,9.5649,-0.0173,0.0192,9.8066,-0.0284,0.3084,0.0009,9.63,-33.56,23.75,13.2,-79.21,167.14
52.400105,-1.50281,159.12,5.82,3,248.13,18 / 19,5508010,2019-09-06 20:51:53:753,-0.2362,0.4842,9.9495,-0.0175,-0.0138,9.8066,-0.0256,0.3166,-0.052,9.63,-34.25,24.75,14.06,-79.21,168.72
52.400105,-1.50281,159.12,5.82,3,248.13,18 / 19,5508110,2019-09-06 20:51:53:853,1.1589,0.5526,9.9715,0.0138,-0.0113,9.8065,-0.0446,0.3458,-0.1008,8.94,-34.12,24.94,10.97,-79.17,168.36
52.400105,-1.50281,159.12,5.82,3,248.13,18 / 19,5508210,2019-09-06 20:51:53:953,1.6869,0.3806,9.8783,0.0167,-0.0023,9.8065,-0.0922,0.3152,-0.0953,8.19,-34.31,24.56,5.85,-79.14,166.58
52.400105,-1.50281,159.12,5.82,3,248.13,18 / 19,5508310,2019-09-06 20:51:54:053,2.1108,-0.1378,9.5972,0.007,-0.0099,9.8066,-0.0852,0.2986,-0.045,8.19,-33.81,25.38,4.74,-79.18,165.76
52.400105,-1.50281,159.12,5.82,3,248.13,19 / 20,5508410,2019-09-06 20:51:54:153,2.1264,1.3066,9.6188,-0.0044,0.0273,9.8066,-0.0443,0.3825,-0.0085,7.38,-33.56,25.5,1.75,-79.46,166.25
52.400105,-1.50281,159.12,5.82,3,248.13,19 / 20,5508509,2019-09-06 20:51:54:252,1.4756,0.0865,10.1306,-0.0227,0.0091,9.8065,-0.0254,0.3365,0.0096,6.94,-34.19,25.75,3.34,-79.54,167.45
52.400105,-1.50281,159.12,5.82,3,248.13,19 / 20,5508610,2019-09-06 20:51:54:353,0.8729,0.5863,9.6458,-0.0198,-0.0098,9.8066,-0.0076,0.369,-0.0256,6.5,-34,25.44,6.56,-79.58,169.26
52.400105,-1.50281,159.12,5.82,3,248.13,19 / 20,5508710,2019-09-06 20:51:54:453,0.9832,0.2852,9.6813,-0.0081,0.0026,9.8066,0.0723,0.3808,-0.0828,5.13,-34,26.31,1.97,-79.4,170.59
52.400105,-1.50281,159.12,5.82,3,248.13,19 / 20,5508809,2019-09-06 20:51:54:552,0.8752,-0.4784,9.5298,0.0121,0.0238,9.8066,0.0056,0.385,-0.0897,5.06,-34.06,26.38,1.88,-79.45,170.52
52.400105,-1.50281,159.12,5.82,3,248.13,19 / 20,5508909,2019-09-06 20:51:54:652,0.5425,-0.9962,10.3211,0.0246,0.0214,9.8065,-0.1084,0.4128,-0.1669,5.38,-34,26.56,359.54,-79.58,169.16
52.400105,-1.50281,159.12,5.82,3,248.13,19 / 20,5509010,2019-09-06 20:51:54:753,2.3919,0.2408,9.7702,0.0283,0.0155,9.8065,-0.0257,0.4131,-0.0687,5.19,-34.69,25.94,356.01,-79.82,166.12
52.400105,-1.50281,159.12,5.82,3,248.13,19 / 20,5509109,2019-09-06 20:51:54:852,2.2891,0.5134,9.4873,0.0013,-0.0106,9.8066,-0.0357,0.4353,-0.0883,3.5,-35.44,26.38,352.64,-79.81,165.74
52.400105,-1.50281,159.12,5.82,3,248.13,19 / 20,5509210,2019-09-06 20:51:54:953,1.3605,1.3704,9.3393,-0.0111,0.0298,9.8066,-0.0093,0.4028,-0.0066,3.25,-34.69,26.75,348.86,-79.97,165.17
52.400105,-1.50281,159.12,5.82,3,248.13,19 / 20,5509310,2019-09-06 20:51:55:053,1.3693,-0.351,9.4641,-0.0088,0.014,9.8066,-0.0243,0.4151,-0.0604,2.75,-35.19,27.38,350.04,-80.2,166.02
52.399876,-1.503406,160.28,3.92,3,182.93,18 / 20,5509410,2019-09-06 20:51:55:153,1.0995,0.2027,9.3273,0.002,0.0109,9.8066,0.0528,0.4128,-0.0996,2.69,-34.87,27.44,350.06,-80.21,166.03
52.399876,-1.503406,160.28,3.92,3,182.93,18 / 20,5509509,2019-09-06 20:51:55:252,0.5045,-0.0556,11.1871,0.0133,-0.015,9.8066,0.1235,0.4074,-0.1073,1.31,-34.56,28.31,343.49,-79.96,165.23
52.399876,-1.503406,160.28,3.92,3,182.93,18 / 20,5509610,2019-09-06 20:51:55:353,2.2949,-0.1837,9.2177,0.0286,0.0409,9.8065,-0.3034,0.4133,-0.0455,0.31,-34.62,28.38,338.29,-80.09,163.15
52.399876,-1.503406,160.28,3.92,3,182.93,18 / 20,5509710,2019-09-06 20:51:55:453,-2.7022,-1.2474,8.1741,-0.04,-0.0194,9.8064,0.0416,0.0665,-0.0258,0.19,-34.25,27.81,339.34,-79.88,163.96
52.399876,-1.503406,160.28,3.92,3,182.93,18 / 20,5509809,2019-09-06 20:51:55:552,5.2354,1.6685,9.6716,0.0246,-0.0713,9.8063,0.3211,0.0347,0.2943,-0.19,-33.69,28.31,342.1,-79.48,166.3
52.399876,-1.503406,160.28,3.92,3,182.93,18 / 20,5509909,2019-09-06 20:51:55:652,-1.2848,1.0023,10.0238,-0.0518,0.0123,9.8064,0.1172,0.3599,-0.2405,-1.19,-33.62,28.25,342.8,-79.76,168.77
52.399876,-1.503406,160.28,3.92,3,182.93,18 / 20,5510010,2019-09-06 20:51:55:753,1.7969,-1.1574,10.0423,0.0151,0.043,9.8065,0.008,0.2715,0.0458,-2.06,-34.31,28.13,339.16,-79.6,168.03
52.399876,-1.503406,160.28,3.92,3,182.93,18 / 20,5510109,2019-09-06 20:51:55:852,-0.2634,0.7353,9.761,-0.0048,-0.0215,9.8066,-0.1204,0.3062,-0.1177,-2.62,-33.19,28.81,339.01,-79.38,169.54
52.399876,-1.503406,160.28,3.92,3,182.93,18 / 20,5510209,2019-09-06 20:51:55:952,1.7749,-2.6178,10.2142,-0.0158,0.0285,9.8066,0.1514,0.1044,0.1115,-2.62,-33.69,28.25,337.99,-79.84,169.01
52.399876,-1.503406,160.28,3.92,3,182.93,18 / 20,5510309,2019-09-06 20:51:56:052,1.2969,0.0156,10.0004,-0.0285,0.0356,9.8065,0.0661,0.2295,-0.0818,-3.19,-33.5,27.75,340.23,-79.88,170.63
52.399876,-1.503406,160.28,3.92,3,182.93,18 / 19,5510410,2019-09-06 20:51:56:153,-0.9679,-0.5135,10.0586,-0.0235,0.0238,9.8065,0.0504,0.1134,0.0263,-3.31,-34.06,28.5,342.47,-80.16,172.06
52.399876,-1.503406,160.28,3.92,3,182.93,18 / 19,5510510,2019-09-06 20:51:56:253,-0.652,-0.1543,9.9929,-0.0075,0.0244,9.8066,0.1141,0.0414,-0.0298,-3.94,-33.87,28.06,341.08,-80.22,173.27
52.399876,-1.503406,160.28,3.92,3,182.93,18 / 19,5510610,2019-09-06 20:51:56:353,-0.1496,-0.9154,10.1374,0.0013,0.045,9.8065,-0.1255,0.0168,-0.0095,-3.25,-34.25,27.56,342.93,-80.37,172.67
52.399876,-1.503406,160.28,3.92,3,182.93,18 / 19,5510710,2019-09-06 20:51:56:453,-0.0019,-0.5272,9.956,0.0135,-0.0165,9.8066,-0.0573,0.0265,-0.0195,-3.94,-34,27.94,339.78,-80.46,172.12
52.399876,-1.503406,160.28,3.92,3,182.93,18 / 19,5510809,2019-09-06 20:51:56:552,-0.4046,-0.4305,10.0324,0.0068,-0.0017,9.8066,-0.0399,0.0106,-0.0075,-4.25,-34.25,27.5,338.71,-80.43,171.28
52.399876,-1.503406,160.28,3.92,3,182.93,18 / 19,5510909,2019-09-06 20:51:56:652,-0.1802,-0.5611,9.9148,0.0076,-0.0181,9.8066,-0.0169,-0.0202,0.013,-3.5,-33.94,27.5,340.62,-80.35,170.85
52.399876,-1.503406,160.28,3.92,3,182.93,18 / 19,5511009,2019-09-06 20:51:56:752,-0.6713,-0.6152,9.9564,0.0024,-0.012,9.8066,-0.0264,-0.0629,0.0016,-3,-34.19,27.75,340.57,-80.37,170.8
52.399876,-1.503406,160.28,3.92,3,182.93,18 / 19,5511110,2019-09-06 20:51:56:853,-0.824,-0.3204,9.8475,0.0045,-0.0036,9.8066,-0.0587,-0.0576,0.021,-3.56,-34.12,27.44,337.05,-80.4,170.42
52.399876,-1.503406,160.28,3.92,3,182.93,18 / 19,5511210,2019-09-06 20:51:56:953,-1.212,0.4805,9.6734,0.0033,-0.0083,9.8065,0.0207,-0.0963,0.0158,-3.06,-34.5,27.5,339.96,-80.45,170.27
52.399876,-1.503406,160.28,3.92,3,182.93,18 / 19,5511310,2019-09-06 20:51:57:053,-1.0602,0.2024,9.7641,0.0028,0.0222,9.8066,0.0139,-0.1106,0.0043,-2.62,-34,28.25,339.66,-80.5,170.01
52.399876,-1.503406,160.28,3.92,3,182.93,18 / 19,5511409,2019-09-06 20:51:57:152,-1.2101,0.1545,9.8529,0.0039,0.0093,9.8066,0.0138,-0.1174,0.0122,-3.44,-34.12,28.44,338.7,-80.6,169.19
52.399876,-1.503406,160.28,3.92,3,182.93,18 / 19,5511509,2019-09-06 20:51:57:252,-1.3221,-0.0265,9.9739,0.0056,0.0131,9.8066,0.0461,-0.1396,0.0223,-2.62,-34.25,27.69,337.62,-80.68,168.28
52.399876,-1.503406,160.28,3.92,3,182.93,18 / 19,5511610,2019-09-06 20:51:57:353,-1.0936,0.0874,9.9605,0.0069,0.0096,9.8066,-0.0305,-0.1762,0.0138,-2.31,-34.37,28,339.55,-80.67,167.82
52.399876,-1.503406,160.28,3.92,3,182.93,18 / 19,5511709,2019-09-06 20:51:57:452,-1.6427,0.36,9.9382,0.0121,-0.0016,9.8066,-0.0357,-0.1415,-0.0093,-2.31,-33.81,28.19,338.01,-80.63,166.6
52.399876,-1.503406,160.28,3.92,3,182.93,18 / 19,5511809,2019-09-06 20:51:57:552,-1.1889,0.4062,9.8427,0.0092,0.0095,9.8066,0.0506,-0.1087,-0.0022,-2.5,-33.69,28,336.8,-80.6,165.64
52.399876,-1.503406,160.28,3.92,3,182.93,18 / 19,5511911,2019-09-06 20:51:57:654,-0.7132,0.4923,9.8109,0.007,0.0113,9.8066,0.0944,-0.1286,-0.001,-1.56,-34.44,27.56,336.11,-80.56,165.11
52.399876,-1.503406,160.28,3.92,3,182.93,18 / 19,5512010,2019-09-06 20:51:57:753,-2.1041,-0.4263,9.863,0.0164,-0.0258,9.8065,-0.1742,-0.1394,-0.0413,-1.12,-34.87,26.75,336.6,-80.72,163.76
52.399876,-1.503406,160.28,3.92,3,182.93,18 / 19,5512109,2019-09-06 20:51:57:852,-1.2314,0.213,9.0665,0.0274,-0.0175,9.8065,-0.1252,-0.2053,0.0368,-0.94,-35.06,26.63,333.8,-80.72,161.52
52.399876,-1.503406,160.28,3.92,3,182.93,18 / 19,5512210,2019-09-06 20:51:57:953,-0.4179,0.4533,9.6008,0.0044,-0.0081,9.8066,-0.1372,-0.1848,0.0236,-0.62,-35.5,27.38,332.65,-81.07,160.37
52.399876,-1.503406,160.28,3.92,3,182.93,18 / 19,5512310,2019-09-06 20:51:58:053,-1.0702,1.1424,9.9828,-0.0102,0.037,9.8065,-0.1173,-0.1345,0.0551,-0.19,-35.19,26.69,333.87,-81.73,158.82
52.399876,-1.503406,160.28,3.92,3,182.93,18 / 20,5512409,2019-09-06 20:51:58:152,-0.9825,0.4627,10.0045,-0.016,0.026,9.8066,-0.037,-0.1805,0.0539,-0.44,-35.62,26.44,333.73,-82.09,158.8
52.399876,-1.503406,160.28,3.92,3,182.93,18 / 20,5512510,2019-09-06 20:51:58:253,-2.0579,0.6562,9.8441,0.0033,0.0013,9.8066,-0.0213,-0.1903,0.0302,-0.44,-35.56,26.38,334.13,-82.31,158.98
52.399876,-1.503406,160.28,3.92,3,182.93,18 / 20,5512609,2019-09-06 20:51:58:352,-1.1412,0.3407,9.5079,0.0079,-0.011,9.8066,0.0211,-0.1623,0.0225,0,-34.87,26.88,333.81,-82.28,158.43
52.399876,-1.503406,160.28,3.92,3,182.93,18 / 20,5512710,2019-09-06 20:51:58:453,-0.9733,0.289,9.8732,0.0041,-0.0214,9.8066,0.0383,-0.1653,0.0107,1,-34.5,26.75,336.32,-82.04,158.42
52.399876,-1.503406,160.28,3.92,3,182.93,18 / 20,5512809,2019-09-06 20:51:58:552,-0.8888,0.2582,9.8815,0.0048,-0.0217,9.8066,0.0312,-0.1622,0.0382,0.88,-34.69,27.56,336.4,-81.85,158.64
52.399876,-1.503406,160.28,3.92,3,182.93,18 / 20,5512910,2019-09-06 20:51:58:653,-1.226,0.1633,9.8391,-0.0023,-0.012,9.8066,-0.0064,-0.1745,0.0445,0.38,-34.69,26.19,333.98,-81.68,159.13
52.399876,-1.503406,160.28,3.92,3,182.93,18 / 20,5513009,2019-09-06 20:51:58:752,-0.9495,0.4389,9.7325,-0.0023,-0.0128,9.8066,0.0102,-0.1668,0.0538,1.44,-34.44,26.44,337.45,-81.67,159.63
52.399876,-1.503406,160.28,3.92,3,182.93,18 / 20,5513109,2019-09-06 20:51:58:852,-1.4365,0.9757,9.9123,-0.0013,0.0141,9.8065,-0.0091,-0.1375,0.0057,1.88,-34.5,26.5,340.35,-81.7,159.8
52.399876,-1.503406,160.28,3.92,3,182.93,18 / 20,5513210,2019-09-06 20:51:58:953,-1.0316,0.6544,9.568,0.0059,0.001,9.8066,-0.0109,-0.1122,0.0183,1.44,-34.25,25.94,337.02,-81.81,159.2
52.399876,-1.503406,160.28,3.92,3,182.93,18 / 20,5513309,2019-09-06 20:51:59:052,-0.5228,0.5959,9.4568,0.0037,0.0141,9.8066,-0.011,-0.1138,0.012,1.06,-34.81,26.31,335.79,-81.87,158.29
52.399876,-1.503406,160.28,3.92,3,182.93,18 / 19,5513409,2019-09-06 20:51:59:152,-0.4753,0.3486,9.6551,0.001,0.0118,9.8066,-0.0307,-0.0813,0.0019,2.81,-34.75,26.31,340.63,-81.95,157.79
52.399876,-1.503406,160.28,3.92,3,182.93,18 / 19,5513510,2019-09-06 20:51:59:253,-0.2371,0.9267,9.7315,-0.0022,0.0069,9.8065,-0.0496,-0.058,0.0402,1.88,-34.94,25.63,337.55,-82.07,157.41
52.399876,-1.503406,160.28,3.92,3,182.93,18 / 19,5513609,2019-09-06 20:51:59:352,-0.3723,1.1875,9.5241,-0.0084,0.0218,9.8066,0.0063,-0.0149,0.0234,2.13,-35,25.56,337.81,-82.19,157.55
52.399876,-1.503406,160.28,3.92,3,182.93,18 / 19,5513710,2019-09-06 20:51:59:453,-0.1813,0.8435,9.6062,-0.0099,0.0251,9.8066,-0.017,-0.0169,0.0259,2.44,-34.81,25.75,338.3,-82.37,157.85
52.399876,-1.503406,160.28,3.92,3,182.93,18 / 19,5513809,2019-09-06 20:51:59:552,-0.2792,0.5704,9.9969,-0.0079,0.0173,9.8066,-0.0591,0.024,-0.0074,2.13,-35.12,25.38,338.94,-82.68,158.19
52.399876,-1.503406,160.28,3.92,3,182.93,18 / 19,5513909,2019-09-06 20:51:59:652,0.1433,0.8798,9.8389,0.0018,0.0025,9.8066,-0.0298,0.0318,-0.0154,1.56,-35.37,25.75,338.22,-82.83,157.54
52.399876,-1.503406,160.28,3.92,3,182.93,18 / 19,5514010,2019-09-06 20:51:59:753,0.2895,1.0297,10.0255,0.0018,0.0061,9.8066,-0.01,0.0664,0.0076,1.75,-34.87,25.63,337.69,-82.86,157.08
52.399876,-1.503406,160.28,3.92,3,182.93,18 / 19,5514109,2019-09-06 20:51:59:852,-0.0359,0.789,10.1143,-0.0076,-0.0002,9.8066,0.0513,0.0427,0.022,2.13,-35.44,26.06,337.97,-82.96,157.26
52.399876,-1.503406,160.28,3.92,3,182.93,18 / 19,5514209,2019-09-06 20:51:59:952,0.3544,0.8533,9.5935,-0.0047,-0.007,9.8066,0.0145,0.0698,-0.0029,1.88,-35.19,25.88,339,-82.94,158.14
52.399876,-1.503406,160.28,3.92,3,182.93,18 / 19,5514309,2019-09-06 20:52:00:052,1.3819,-0.2658,9.9518,-0.0067,-0.0176,9.8066,-0.0205,0.1185,0.0867,1.06,-35.37,26.19,336.83,-82.85,158.56
52.399876,-1.503406,160.28,3.92,3,182.93,19 / 20,5514409,2019-09-06 20:52:00:152,-0.642,0.9149,7.3181,-0.0072,-0.0119,9.8066,-0.0951,0.2985,-0.2353,0.88,-35.44,26.31,339.3,-82.8,160.67
52.399876,-1.503406,160.28,3.92,3,182.93,19 / 20,5514510,2019-09-06 20:52:00:253,-0.1667,0.22,10.5477,0.0122,0.0193,9.8066,0.193,0.1696,0.0386,1.31,-35.44,26.19,332.38,-82.77,154.87
52.399876,-1.503406,160.28,3.92,3,182.93,19 / 20,5514609,2019-09-06 20:52:00:352,1.2568,-0.0242,11.5152,0.0037,0.0699,9.8064,-0.1211,0.1522,-0.0351,0.88,-35,25.63,331.04,-83.04,153.55
52.399876,-1.503406,160.28,3.92,3,182.93,19 / 20,5514710,2019-09-06 20:52:00:453,0.9134,0.308,11.0509,0.0031,-0.0422,9.8065,-0.0505,0.2166,0.0111,0.38,-35.81,26.06,328.24,-82.83,153.67
52.399876,-1.503406,160.28,3.92,3,182.93,19 / 20,5514809,2019-09-06 20:52:00:552,0.1476,0.6805,9.4691,-0.0077,-0.0232,9.8066,-0.0752,0.2556,-0.0124,-0.25,-35.56,26,328.82,-82.95,154.07
52.399876,-1.503406,160.28,3.92,3,182.93,19 / 20,5514909,2019-09-06 20:52:00:652,-1.2054,1.2047,9.1665,-0.0158,0,9.8066,0.024,0.1783,-0.0127,-0.69,-35.12,25.63,327.18,-83,154.68
52.399876,-1.503406,160.28,3.92,3,182.93,19 / 20,5515009,2019-09-06 20:52:00:752,1.7276,-0.0329,9.2774,0.0445,-0.0267,9.8065,0.1162,0.2337,-0.0778,0.06,-35.06,25.94,328.85,-82.72,154.13
52.399876,-1.503406,160.28,3.92,3,182.93,19 / 20,5515110,2019-09-06 20:52:00:853,-0.6788,1.5458,10.3599,0.0098,-0.0583,9.8064,0.1647,0.3175,-0.0415,-0.87,-34.87,26.75,324.5,-81.98,152.94
52.399876,-1.503406,160.28,3.92,3,182.93,19 / 20,5515210,2019-09-06 20:52:00:953,1.1943,0.3858,10.5624,0.0091,-0.0744,9.8063,-0.1381,0.2756,-0.0158,-1.5,-34.69,26.69,324.47,-81.76,153.09
52.399876,-1.503406,160.28,3.92,3,182.93,19 / 20,5515310,2019-09-06 20:52:01:053,0.6051,-0.3351,10.2319,-0.0047,-0.0519,9.8064,0.0114,0.2611,0.0378,-1.5,-34.81,27.88,326.26,-81.54,154.47
52.399876,-1.503406,160.28,3.92,3,182.93,19 / 20,5515410,2019-09-06 20:52:01:153,0.9015,0.4455,9.7901,-0.0006,-0.0445,9.8065,-0.0365,0.2844,-0.0457,-2,-34.75,26.44,325.61,-81.28,156.94
52.399876,-1.503406,160.28,3.92,3,182.93,19 / 20,5515509,2019-09-06 20:52:01:252,0.7414,1.4021,9.1422,0.0164,-0.015,9.8066,-0.1056,0.3208,-0.055,-3,-34.75,27.06,322.8,-81.08,156.44
52.399876,-1.503406,160.28,3.92,3,182.93,19 / 20,5515609,2019-09-06 20:52:01:352,1.6909,1.4275,9.5292,0.018,-0.0309,9.8065,0.0716,0.3102,-0.0564,-3.56,-35.25,26.5,319.68,-80.94,156.01
52.399876,-1.503406,160.28,3.92,3,182.93,19 / 20,5515709,2019-09-06 20:52:01:452,1.128,1.4073,9.7364,-0.0155,0.0186,9.8066,-0.0387,0.3216,-0.0079,-3.62,-35.81,26.94,319.23,-81.06,155.74
52.399876,-1.503406,160.28,3.92,3,182.93,19 / 20,5515810,2019-09-06 20:52:01:553,1.6519,0.1781,9.6368,-0.0208,0.0165,9.8066,-0.0069,0.3504,-0.013,-3.94,-35.62,25.81,319.66,-81.2,156.56
52.399876,-1.503406,160.28,3.92,3,182.93,19 / 20,5515910,2019-09-06 20:52:01:653,0.7677,1.3335,10.1006,-0.0274,0.0093,9.8065,0.0496,0.3328,0.0047,-4.69,-35.56,25.5,318.19,-81.45,157.18
52.399876,-1.503406,160.28,3.92,3,182.93,19 / 20,5516010,2019-09-06 20:52:01:753,0.7988,0.6286,10.0127,-0.0293,0.0301,9.8065,-0.1154,0.3383,-0.0184,-5.94,-36.5,25.94,318.37,-81.84,158.99
52.399876,-1.503406,160.28,3.92,3,182.93,19 / 20,5516110,2019-09-06 20:52:01:853,1.0021,-0.5316,9.9264,0.0084,-0.0219,9.8066,0.013,0.326,-0.0464,-6.06,-36.62,26.25,318.21,-81.97,158.94
52.399876,-1.503406,160.28,3.92,3,182.93,19 / 20,5516210,2019-09-06 20:52:01:953,1.0974,-0.1329,10.6435,-0.0029,0.0251,9.8066,-0.2624,0.4174,-0.0665,-6.5,-36.06,25.31,316.83,-82.3,157.99
52.399876,-1.503406,160.28,3.92,3,182.93,19 / 20,5516310,2019-09-06 20:52:02:053,2.3306,0.1868,9.828,0.0309,-0.0343,9.8064,-0.1683,0.3969,-0.0857,-7.69,-35.81,24.88,310.44,-82.23,156.6
52.399876,-1.503406,160.28,3.92,3,182.93,18 / 20,5516409,2019-09-06 20:52:02:152,1.8831,1.3067,9.6451,-0.0255,0.0348,9.8065,-0.0714,0.3943,0.0009,-8.12,-35.75,25.06,309.72,-82.21,156
52.399876,-1.503406,160.28,3.92,3,182.93,18 / 20,5516509,2019-09-06 20:52:02:252,1.9491,1.131,9.5291,-0.0153,-0.0092,9.8066,-0.188,0.3602,0.0367,-9.37,-36.56,24.25,306.86,-82.34,156.57
52.399876,-1.503406,160.28,3.92,3,182.93,18 / 20,5516610,2019-09-06 20:52:02:353,1.5709,0.576,9.9256,0.0129,-0.0453,9.8064,0.1086,0.4451,-0.0815,-9.5,-35.5,22.94,309.4,-82.31,159.5
52.399876,-1.503406,160.28,3.92,3,182.93,18 / 20,5516709,2019-09-06 20:52:02:452,1.5717,-0.2574,9.8042,0.0042,0.0057,9.8065,0.0877,0.4415,-0.0812,-10.19,-35.25,22.75,306.47,-82.26,158.97
52.399876,-1.503406,160.28,3.92,3,182.93,18 / 20,5516810,2019-09-06 20:52:02:553,2.3486,1.1467,9.543,0.0064,0.0108,9.8066,0.0401,0.3699,-0.0559,-10.19,-35.62,22.81,305.42,-81.99,158.62
52.399876,-1.503406,160.28,3.92,3,182.93,18 / 20,5516909,2019-09-06 20:52:02:652,1.2289,0.5378,10.0433,0.0172,-0.032,9.8065,0.0013,0.4115,-0.053,-11.19,-36.12,21.94,301.8,-81.58,159.23
52.399876,-1.503406,160.28,3.92,3,182.93,18 / 20,5517009,2019-09-06 20:52:02:752,1.3369,1.3105,9.3884,0.0257,-0.0273,9.8065,-0.0189,0.3799,-0.0035,-12.31,-36.44,21.75,300.02,-81.46,159.64
52.399876,-1.503406,160.28,3.92,3,182.93,18 / 20,5517110,2019-09-06 20:52:02:853,0.2636,2.2032,9.4866,-0.0521,0.029,9.8064,0.0047,0.468,-0.0553,-12.31,-36.44,20.81,299.51,-81.27,160.98
52.399876,-1.503406,160.28,3.92,3,182.93,18 / 20,5517210,2019-09-06 20:52:02:953,1.7588,-0.8796,10.8345,-0.0289,0.0124,9.8066,0.0863,0.3764,-0.0242,-12.12,-35.69,20.63,301.09,-81.47,162.11
52.399876,-1.503406,160.28,3.92,3,182.93,18 / 20,5517310,2019-09-06 20:52:03:053,2.5751,0.9677,10.0851,-0.0018,-0.0108,9.8066,0.1394,0.4795,-0.0763,-13,-36.81,20.13,298.12,-81.18,163.65
52.399876,-1.503406,160.28,3.92,3,182.93,19 / 20,5517410,2019-09-06 20:52:03:153,2.1674,-2.3216,11.846,0.0062,-0.0078,9.8066,-0.304,0.4524,-0.128,-13.06,-37,20.56,300.38,-80.87,164.41
52.399876,-1.503406,160.28,3.92,3,182.93,19 / 20,5517509,2019-09-06 20:52:03:252,0.9906,1.8223,9.9965,0.0936,-0.081,9.8058,-0.0859,0.2918,-0.0514,-13.69,-36.56,20.44,294.86,-80.77,163.02
52.399876,-1.503406,160.28,3.92,3,182.93,19 / 20,5517610,2019-09-06 20:52:03:353,4.0654,2.0342,10.9401,-0.0548,0.0494,9.8063,-0.3033,0.0948,-0.0763,-13.81,-37.37,20.19,296.22,-80.48,164.67
52.399876,-1.503406,160.28,3.92,3,182.93,19 / 20,5517709,2019-09-06 20:52:03:452,0.8577,-2.4968,10.7236,0.0969,-0.0578,9.8059,-0.2848,0.4825,-0.0501,-14.44,-36.56,19.56,296.64,-80.33,165.27
52.399876,-1.503406,160.28,3.92,3,182.93,19 / 20,5517809,2019-09-06 20:52:03:552,2.9744,0.3994,11.4165,0.0221,-0.0303,9.8065,0.1622,0.2547,0.0314,-15.06,-36.19,18.88,292.33,-80.98,163.46
52.399876,-1.503406,160.28,3.92,3,182.93,19 / 20,5517910,2019-09-06 20:52:03:653,2.9998,0.4481,10.4372,0.0126,0.0369,9.8065,-0.038,0.3467,0.1014,-15.5,-36.44,17.5,289.83,-81.32,162.59
52.399876,-1.503406,160.28,3.92,3,182.93,19 / 20,5518009,2019-09-06 20:52:03:752,0.7943,3.5909,10.3353,0.0143,-0.0532,9.8065,0.0846,0.1757,-0.0473,-16,-36,17.13,288.29,-81.11,164.99
52.399876,-1.503406,160.28,3.92,3,182.93,19 / 20,5518110,2019-09-06 20:52:03:853,1.1538,0.8081,9.9548,0.0339,-0.0317,9.8065,0.023,0.3063,0.0067,-16.06,-35.62,17.25,287.98,-80.85,165.11
52.399876,-1.503406,160.28,3.92,3,182.93,19 / 20,5518210,2019-09-06 20:52:03:953,1.0823,-0.024,10.1668,0.0111,-0.0286,9.8066,0.1149,0.2446,-0.0182,-16.5,-35.69,17.13,289.5,-80.3,167.4
52.399876,-1.503406,160.28,3.92,3,182.93,19 / 20,5518310,2019-09-06 20:52:04:053,0.8423,0.4375,10.6082,0.0037,-0.0039,9.8066,0.0805,0.2018,-0.0195,-16.56,-35.25,16.25,286.93,-80.01,168.52
52.39953,-1.503239,160.15,6.24,3,106.71,19 / 20,5518410,2019-09-06 20:52:04:153,0.9314,0.3343,10.4835,-0.0053,-0.0024,9.8065,0.0684,0.1972,-0.0205,-17.19,-35.69,16.88,288.9,-79.89,168.78
52.39953,-1.503239,160.15,6.24,3,106.71,19 / 20,5518510,2019-09-06 20:52:04:253,0.4197,0.4576,9.8837,0.0053,-0.0015,9.8066,0.0216,0.1666,-0.0233,-17.75,-35.44,16.56,288.41,-79.75,169.34
52.39953,-1.503239,160.15,6.24,3,106.71,19 / 20,5518609,2019-09-06 20:52:04:352,0.697,0.3184,9.6071,0.0052,-0.0062,9.8066,-0.0127,0.142,-0.0071,-17.56,-36.06,16.13,285.7,-79.69,169.47
52.39953,-1.503239,160.15,6.24,3,106.71,19 / 20,5518709,2019-09-06 20:52:04:452,0.6541,-0.1931,9.9685,-0.0029,-0.0083,9.8066,0.0039,0.0979,0.0209,-17.62,-35.25,16,286.76,-79.6,170.16
52.39953,-1.503239,160.15,6.24,3,106.71,19 / 20,5518810,2019-09-06 20:52:04:553,0.3984,-0.5696,10.0047,0.0049,-0.0108,9.8066,0.0575,0.0943,0.0169,-18,-36.31,16,287.16,-79.55,171.05
52.39953,-1.503239,160.15,6.24,3,106.71,19 / 20,5518910,2019-09-06 20:52:04:653,0.5986,-0.0545,10.2205,-0.0125,-0.0006,9.8066,0.081,0.0359,-0.0361,-17.75,-35.62,15.94,287.45,-79.65,171.15
52.39953,-1.503239,160.15,6.24,3,106.71,19 / 20,5519010,2019-09-06 20:52:04:753,0.3205,-0.0698,10.1901,-0.0079,0.0083,9.8066,0.0074,0.046,0.0331,-17.5,-35.37,15.69,289.09,-79.59,171.18
52.39953,-1.503239,160.15,6.24,3,106.71,19 / 20,5519109,2019-09-06 20:52:04:852,1.1323,-0.6468,9.9806,0.0198,-0.0073,9.8065,0.0183,-0.0016,-0.0488,-18.19,-36.12,15.44,284.34,-79.42,170.9
52.39953,-1.503239,160.15,6.24,3,106.71,19 / 20,5519210,2019-09-06 20:52:04:953,0.1371,-0.3934,9.8086,0.0152,-0.0006,9.8066,-0.0017,0.0354,0.0495,-17.44,-35.81,15.81,287.61,-79.33,170.69
52.39953,-1.503239,160.15,6.24,3,106.71,19 / 20,5519309,2019-09-06 20:52:05:052,-0.1895,-0.1027,10.0462,0.002,-0.0039,9.8066,-0.0351,-0.0053,-0.0279,-18.44,-35.62,15.88,286.44,-79.28,170.82
52.39953,-1.503239,160.15,6.24,3,106.71,19 / 20,5519410,2019-09-06 20:52:05:153,-0.4548,-0.204,10.0068,-0.0126,0.0041,9.8066,0.1311,-0.0064,0.0286,-17.87,-35.56,15.38,283.65,-79.19,170.63
52.39953,-1.503239,160.15,6.24,3,106.71,19 / 20,5519510,2019-09-06 20:52:05:253,0.2028,-0.4975,10.1584,0.0119,-0.0026,9.8066,0.0309,-0.0256,-0.0294,-17.25,-35.69,15.81,287.04,-79.2,170.36
52.39953,-1.503239,160.15,6.24,3,106.71,19 / 20,5519610,2019-09-06 20:52:05:353,-0.2156,0.0911,9.877,0.0141,0.0004,9.8065,0.0309,-0.0109,0.0232,-17.69,-35,16.13,285.83,-79.11,170.05
52.39953,-1.503239,160.15,6.24,3,106.71,19 / 20,5519709,2019-09-06 20:52:05:452,-1.0203,0.0768,9.8336,0.0032,0.0026,9.8066,-0.0102,-0.0072,-0.0393,-17.81,-35.19,15.88,285.43,-79.07,169.73
52.39953,-1.503239,160.15,6.24,3,106.71,19 / 20,5519810,2019-09-06 20:52:05:553,-0.8101,0.5878,9.813,0.0039,-0.0054,9.8065,-0.0202,-0.0081,0.0431,-17.62,-35.19,15.56,285.99,-79.24,170.01
52.39953,-1.503239,160.15,6.24,3,106.71,19 / 20,5519909,2019-09-06 20:52:05:652,-1.165,0.4951,10.2108,-0.006,0.0075,9.8066,-0.0958,-0.0122,-0.0234,-17.75,-35.06,15.25,283.33,-79.42,169.49
52.39953,-1.503239,160.15,6.24,3,106.71,19 / 20,5520010,2019-09-06 20:52:05:753,-0.4349,-0.4064,10.5052,0.0098,-0.0111,9.8065,0.0536,0.0021,0.0246,-17.62,-35.62,15.69,286.11,-79.59,170.01
52.39953,-1.503239,160.15,6.24,3,106.71,19 / 20,5520110,2019-09-06 20:52:05:853,-0.623,0.5666,9.6191,0.0208,0.0003,9.8065,-0.0139,-0.0039,-0.0472,-17.44,-35.62,15.63,286.9,-79.39,169.93
52.39953,-1.503239,160.15,6.24,3,106.71,19 / 20,5520210,2019-09-06 20:52:05:953,-0.8516,0.3711,9.9381,0.0071,-0.0107,9.8066,0.0897,-0.0465,0.0281,-18,-35.25,15.38,284.4,-79.22,170.81
52.39953,-1.503239,160.15,6.24,3,106.71,19 / 20,5520309,2019-09-06 20:52:06:052,-0.8718,-0.4335,9.8385,0.0036,0.0062,9.8066,-0.0423,0.0188,-0.0225,-17.5,-35.44,15.56,287.47,-79.09,170.48
52.39953,-1.503239,160.15,6.24,3,106.71,19 / 20,5520409,2019-09-06 20:52:06:152,-0.6043,0.0671,10.0241,0.0033,0.0015,9.8065,0.0234,-0.0011,-0.024,-17.87,-35,15.38,283.8,-78.98,170.64
52.39953,-1.503239,160.15,6.24,3,106.71,19 / 20,5520510,2019-09-06 20:52:06:253,-0.7768,-0.1409,9.5953,0.0081,-0.0094,9.8066,0.0185,0.0009,0.0226,-18.31,-35.44,15.75,286.33,-78.97,170.75
52.39953,-1.503239,160.15,6.24,3,106.71,19 / 20,5520609,2019-09-06 20:52:06:352,-0.4439,-0.1914,9.8249,-0.0086,0.0026,9.8066,-0.0036,-0.0215,-0.0078,-17.5,-35,15.63,287.39,-78.97,170.6
52.39953,-1.503239,160.15,6.24,3,106.71,19 / 20,5520709,2019-09-06 20:52:06:452,-1.0222,-0.2763,10.0784,0.0011,-0.0058,9.8066,-0.0063,0.0033,0.0007,-18.06,-35.31,15.31,284.17,-78.91,171.09
52.39953,-1.503239,160.15,6.24,3,106.71,19 / 20,5520809,2019-09-06 20:52:06:552,-0.2235,-0.3298,9.9608,-0.0092,0.0092,9.8065,0.0009,-0.001,0.0101,-18,-36,15.63,285.56,-78.87,170.65
52.39953,-1.503239,160.15,6.24,3,106.71,19 / 20,5520909,2019-09-06 20:52:06:652,-0.6536,-0.5885,10.0434,-0.0102,0.0041,9.8066,0.029,-0.0296,-0.0121,-17.56,-35.5,15.63,286.02,-78.92,170.53
52.39953,-1.503239,160.15,6.24,3,106.71,19 / 20,5521010,2019-09-06 20:52:06:753,-0.6903,0.2278,9.394,0.0174,0.0015,9.8066,-0.0142,-0.0225,0.0022,-18.56,-35.5,16.19,284.08,-78.77,169.97
52.39953,-1.503239,160.15,6.24,3,106.71,19 / 20,5521110,2019-09-06 20:52:06:853,-0.9745,0.0952,9.295,0.0183,-0.0021,9.8066,-0.0611,-0.0483,-0.0039,-17.69,-35.37,15.94,284.68,-78.73,169.57
52.39953,-1.503239,160.15,6.24,3,106.71,19 / 20,5521210,2019-09-06 20:52:06:953,-0.8438,-0.358,9.7456,-0.0168,0.0179,9.8065,0.0147,0.0035,-0.0312,-18,-35.5,16.06,284.16,-78.86,168.87
52.39953,-1.503239,160.15,6.24,3,106.71,19 / 20,5521310,2019-09-06 20:52:07:053,-0.4393,0.8448,10.108,0.006,0.0045,9.8066,0.0341,0.0646,-0.0135,-18,-35.69,16,282.87,-78.87,168.11
52.39953,-1.503239,160.15,6.24,3,106.71,18 / 20,5521410,2019-09-06 20:52:07:153,-0.4916,-0.3021,9.8728,0.0073,-0.0012,9.8065,-0.079,0.0094,-0.0028,-17.12,-35.75,16.06,283.8,-78.85,167.94
52.39953,-1.503239,160.15,6.24,3,106.71,18 / 20,5521509,2019-09-06 20:52:07:252,-0.2936,0.2423,9.5683,0.0162,-0.0028,9.8066,-0.0722,0.0031,0.0166,-18.19,-35.44,15.94,282.86,-78.76,167.8
52.39953,-1.503239,160.15,6.24,3,106.71,18 / 20,5521610,2019-09-06 20:52:07:353,-0.4657,-0.1613,9.8711,-0.0176,0.0041,9.8065,0.0564,0.0408,0.0023,-18.19,-35.5,15.81,282.97,-78.8,167.85
52.39953,-1.503239,160.15,6.24,3,106.71,18 / 20,5521710,2019-09-06 20:52:07:453,-0.3844,-0.02,9.9506,-0.0177,0.0044,9.8065,0.0169,0.0428,0.0048,-18.31,-35.62,15.56,282.69,-78.85,167.97
52.39953,-1.503239,160.15,6.24,3,106.71,18 / 20,5521810,2019-09-06 20:52:07:553,-0.5307,0.5543,9.5175,-0.0068,-0.0015,9.8066,-0.0045,0.0557,0.0183,-17.87,-35.5,15.88,283.31,-78.96,167.92
52.39953,-1.503239,160.15,6.24,3,106.71,18 / 20,5521910,2019-09-06 20:52:07:653,-1.2088,0.5516,9.41,-0.0127,-0.0001,9.8066,-0.0671,0.0546,-0.0008,-18.37,-35.81,15.19,280.96,-79.11,168.2
52.39953,-1.503239,160.15,6.24,3,106.71,18 / 20,5522010,2019-09-06 20:52:07:753,-0.6364,0.2832,9.6822,-0.0141,0.0047,9.8065,0.017,0.0463,0.0025,-18.25,-35.81,15,281.23,-79.28,168.19
52.39953,-1.503239,160.15,6.24,3,106.71,18 / 20,5522110,2019-09-06 20:52:07:853,-0.5967,0.3957,9.8566,0.0063,-0.0024,9.8065,0.0337,0.0487,0.0029,-18.37,-35.94,15.06,281.66,-79.49,168.25
52.39953,-1.503239,160.15,6.24,3,106.71,18 / 20,5522209,2019-09-06 20:52:07:952,-0.4576,0.1038,9.5297,-0.0011,0.003,9.8066,-0.0202,0.0652,0.0116,-18.81,-35.94,14.63,280.42,-79.52,167.99
52.39953,-1.503239,160.15,6.24,3,106.71,18 / 20,5522310,2019-09-06 20:52:08:053,-0.4666,0.3238,9.4116,-0.0115,-0.0031,9.8065,0.008,0.0702,0.009,-18.44,-35.94,14.88,281.86,-79.5,168.42
52.39953,-1.503239,160.15,6.24,3,106.71,18 / 19,5522409,2019-09-06 20:52:08:152,-0.8446,0.7394,9.4997,-0.0311,-0.0022,9.8066,0.1082,0.0846,0.0455,-18.31,-36.06,14.31,279.93,-79.51,168.94
52.39953,-1.503239,160.15,6.24,3,106.71,18 / 19,5522510,2019-09-06 20:52:08:253,0.46,-1.265,9.5902,0.04,-0.017,9.8065,0.1364,-0.01,0.0079,-18.19,-35.87,14.56,283.66,-79.8,169.63
52.39953,-1.503239,160.15,6.24,3,106.71,18 / 19,5522609,2019-09-06 20:52:08:352,-0.6177,0.495,8.9415,0.0199,-0.0033,9.8066,-0.1635,0.0541,-0.0129,-18.37,-36.37,14.38,281.09,-79.8,169.57
52.39953,-1.503239,160.15,6.24,3,106.71,18 / 19,5522710,2019-09-06 20:52:08:453,-0.2506,0.3328,9.4137,-0.0494,0.0276,9.8064,-0.1779,0.104,-0.0508,-18.69,-36.62,13.94,278.51,-79.96,168.17
52.39953,-1.503239,160.15,6.24,3,106.71,18 / 19,5522810,2019-09-06 20:52:08:553,0.3251,1.1254,9.6995,-0.03,0.0093,9.8065,0.0197,0.1095,-0.0159,-18.81,-36.31,12.81,276.38,-80.43,167.28
52.39953,-1.503239,160.15,6.24,3,106.71,18 / 19,5522910,2019-09-06 20:52:08:653,-0.2551,0.4877,9.7548,-0.0016,0.0094,9.8066,-0.0309,0.0831,-0.0439,-18.75,-36.5,13,275.87,-80.64,166.42
52.39953,-1.503239,160.15,6.24,3,106.71,18 / 19,5523009,2019-09-06 20:52:08:752,0.5495,0.6438,9.6568,0.0107,0.0027,9.8066,0.0049,0.1353,-0.0444,-18.06,-35.87,12.63,276.2,-80.77,165.62
52.39953,-1.503239,160.15,6.24,3,106.71,18 / 19,5523109,2019-09-06 20:52:08:852,-0.0224,0.5247,9.5852,0.0129,0.0001,9.8066,-0.0091,0.0849,-0.0234,-18.56,-36.06,12.06,272.44,-80.76,165.29
52.39953,-1.503239,160.15,6.24,3,106.71,18 / 19,5523210,2019-09-06 20:52:08:953,0.2776,0.6899,9.6145,-0.0054,-0.0016,9.8066,-0.0566,0.1302,0.0157,-18.31,-36.06,12.13,272.63,-80.89,164.43
52.39953,-1.503239,160.15,6.24,3,106.71,18 / 19,5523310,2019-09-06 20:52:09:053,0.0902,1.0158,9.8533,-0.0083,-0.0047,9.8065,-0.0118,0.1182,-0.0043,-18.5,-36.06,11.31,270.69,-81.01,164.93
52.39953,-1.503239,160.15,6.24,3,106.71,18 / 20,5523410,2019-09-06 20:52:09:153,0.1586,0.6555,9.875,0.0097,-0.0048,9.8066,-0.0503,0.1424,-0.0036,-18.87,-36.81,11.19,269.44,-81.07,164.73
52.39953,-1.503239,160.15,6.24,3,106.71,18 / 20,5523509,2019-09-06 20:52:09:252,0.1643,0.5797,9.5783,0.0262,-0.012,9.8065,-0.0165,0.0859,0.0097,-18.69,-36.06,11,270.36,-80.98,165.38
52.39953,-1.503239,160.15,6.24,3,106.71,18 / 20,5523610,2019-09-06 20:52:09:353,0.4288,0.4422,9.4667,-0.0209,0.0033,9.8065,-0.0545,0.1554,-0.0118,-18.87,-36.75,10.94,270.22,-81.09,165.47
52.39953,-1.503239,160.15,6.24,3,106.71,18 / 20,5523709,2019-09-06 20:52:09:452,0.3913,-0.1595,9.7418,0.0009,-0.0066,9.8066,-0.0634,0.0737,0.0153,-18.94,-36.87,10.25,267.83,-81.05,165.78
52.39953,-1.503239,160.15,6.24,3,106.71,18 / 20,5523809,2019-09-06 20:52:09:552,0.7335,0.6007,9.9101,-0.044,0.0054,9.8065,0.0324,0.1166,-0.008,-19.19,-36.62,9.81,268.43,-81.34,165.86
52.39953,-1.503239,160.15,6.24,3,106.71,18 / 20,5523909,2019-09-06 20:52:09:652,0.3441,0.6368,9.6208,-0.0263,0.0028,9.8066,0.0291,0.116,-0.0198,-18.5,-36.81,9.81,269.28,-81.42,165.94
52.39953,-1.503239,160.15,6.24,3,106.71,18 / 20,5524010,2019-09-06 20:52:09:753,1.3578,0.5244,9.5482,0.0126,-0.0005,9.8065,0.0068,0.1008,-0.0156,-18.81,-36.62,9.31,265.71,-81.47,165.57
52.39953,-1.503239,160.15,6.24,3,106.71,18 / 20,5524109,2019-09-06 20:52:09:852,0.5724,0.9904,9.6007,0.0129,0.0017,9.8066,-0.024,0.1021,-0.0311,-18.81,-36.37,8.69,265.91,-81.41,165.46
52.39953,-1.503239,160.15,6.24,3,106.71,18 / 20,5524209,2019-09-06 20:52:09:952,0.1692,0.3006,10.0628,-0.037,-0.002,9.8065,-0.0779,0.0805,-0.0045,-18.44,-36.69,8.56,266.09,-81.7,165.01
52.39953,-1.503239,160.15,6.24,3,106.71,18 / 20,5524309,2019-09-06 20:52:10:052,0.9494,0.7658,9.707,0.0148,-0.0096,9.8066,0.0518,0.1257,0.0078,-18.37,-36.25,8.56,266.55,-81.78,164.89
52.39953,-1.503239,160.15,6.24,3,106.71,18 / 20,5524410,2019-09-06 20:52:10:153,0.6894,0.4684,9.6247,0.0004,-0.0058,9.8066,-0.0429,0.1425,0.0051,-19.19,-36.94,8.06,263.52,-81.81,165.49
52.39953,-1.503239,160.15,6.24,3,106.71,18 / 20,5524509,2019-09-06 20:52:10:252,0.8621,0.4414,9.9927,-0.0053,-0.0062,9.8066,-0.0121,0.12,0.005,-19,-36.44,7.5,264.72,-81.91,166.15
52.39953,-1.503239,160.15,6.24,3,106.71,18 / 20,5524610,2019-09-06 20:52:10:353,-0.0472,0.5821,9.9985,0.0126,-0.0068,9.8066,-0.0438,0.0869,0.0168,-19.37,-36.69,7.5,264.91,-82.01,166.55
52.39953,-1.503239,160.15,6.24,3,106.71,18 / 20,5524710,2019-09-06 20:52:10:453,0.7041,0.7578,10.2713,0.0081,-0.0096,9.8065,0.0643,0.1379,0.0024,-19.31,-37.25,7.13,262.78,-82.08,167.08
52.39953,-1.503239,160.15,6.24,3,106.71,18 / 20,5524810,2019-09-06 20:52:10:553,-0.1299,0.5855,10.1853,0.0218,-0.0057,9.8066,0.0092,0.068,0.0112,-19.62,-37.37,7.25,263.5,-81.99,168.28
52.39953,-1.503239,160.15,6.24,3,106.71,18 / 20,5524910,2019-09-06 20:52:10:653,1.008,1.2798,9.7918,0.0157,0.0079,9.8066,-0.0574,0.1456,-0.0448,-19.12,-37.06,6.81,263.28,-81.86,168.03
52.39953,-1.503239,160.15,6.24,3,106.71,18 / 20,5525010,2019-09-06 20:52:10:753,0.1312,0.5661,9.0257,-0.0072,0.006,9.8066,0.0284,0.1449,-0.0229,-19.44,-37.06,6.69,263.22,-81.81,168.07
52.39953,-1.503239,160.15,6.24,3,106.71,18 / 20,5525110,2019-09-06 20:52:10:853,-0.0437,0.3278,9.7328,-0.0088,-0.0072,9.8066,0.0801,0.073,0.0038,-18.87,-37,6.44,260.5,-81.94,167.91
52.39953,-1.503239,160.15,6.24,3,106.71,18 / 20,5525210,2019-09-06 20:52:10:953,0.7329,-0.3025,9.7157,0.0083,0.0001,9.8066,-0.088,0.0421,0.0039,-19.12,-37.56,6.06,260.46,-82.15,167.87
52.39953,-1.503239,160.15,6.24,3,106.71,18 / 20,5525310,2019-09-06 20:52:11:053,0.3666,0.8613,9.6919,-0.0061,0.0124,9.8066,-0.0321,0.171,-0.0392,-19.06,-37.31,5.75,260.06,-82.35,166.65
52.39953,-1.503239,160.15,6.24,3,106.71,18 / 20,5525409,2019-09-06 20:52:11:152,-1.057,1.7172,9.6414,-0.0189,-0.0089,9.8066,0.2804,0.0156,0.0622,-19.56,-38,5.56,259.38,-82.3,166.59
52.39953,-1.503239,160.15,6.24,3,106.71,18 / 20,5525510,2019-09-06 20:52:11:253,-0.6569,-0.2226,11.7065,0.0799,0.0028,9.8063,0.597,0.0366,-0.0885,-19.12,-37.81,6.56,263.54,-82.36,167.75
52.39953,-1.503239,160.15,6.24,3,106.71,18 / 20,5525610,2019-09-06 20:52:11:353,0.8786,1.5364,10.1412,0.0372,0.0064,9.8065,-0.0702,0.1001,0.0484,-19.5,-37.87,6.69,262.77,-82.08,167.48
52.39953,-1.503239,160.15,6.24,3,106.71,18 / 20,5525710,2019-09-06 20:52:11:453,-0.6107,2.0602,8.5016,0.0035,0.0038,9.8066,-0.1514,0.1006,-0.0572,-18.94,-37,6.69,262.41,-81.83,167.18
52.39953,-1.503239,160.15,6.24,3,106.71,18 / 20,5525809,2019-09-06 20:52:11:552,1.7415,-0.6973,9.6662,-0.0624,0.0158,9.8064,0.2204,0.2165,-0.0731,-18.87,-37.06,5.88,258.56,-82.15,165.45
52.39953,-1.503239,160.15,6.24,3,106.71,18 / 20,5525910,2019-09-06 20:52:11:653,-0.3837,0.2302,10.0893,-0.0606,0.0084,9.8064,0.0584,0.0992,-0.0534,-19.19,-37.37,4.44,251.98,-82.26,164.18
52.39953,-1.503239,160.15,6.24,3,106.71,18 / 20,5526010,2019-09-06 20:52:11:753,1.3829,0.6516,9.4267,0.0092,0.0188,9.8066,-0.0208,0.0166,-0.0762,-18.62,-37.25,4.94,253.02,-82.04,162.7
52.39953,-1.503239,160.15,6.24,3,106.71,18 / 20,5526110,2019-09-06 20:52:11:853,0.5684,0.2829,9.5808,-0.0148,0.0096,9.8066,-0.0504,0.0446,-0.0078,-18.69,-37.12,4.81,251.66,-81.89,161.48
52.39953,-1.503239,160.15,6.24,3,106.71,18 / 20,5526210,2019-09-06 20:52:11:953,-1.0514,0.4282,10.6493,-0.0244,0.0162,9.8065,0.0703,0.0484,-0.0584,-18.12,-37.81,4.25,247.3,-81.79,160.46
52.39953,-1.503239,160.15,6.24,3,106.71,18 / 20,5526310,2019-09-06 20:52:12:053,0.9374,-0.1026,9.8468,-0.034,0.0013,9.8066,0.265,0.0343,0.0064,-18,-37.44,5.5,252.14,-81.92,158.79
52.39953,-1.503239,160.15,6.24,3,106.71,18 / 20,5526410,2019-09-06 20:52:12:153,0.6138,0.4798,10.0871,0.0404,0.0058,9.8065,-0.2733,0.1095,-0.0081,-18.12,-37.81,4.56,248.08,-81.8,158.1
52.39953,-1.503239,160.15,6.24,3,106.71,18 / 20,5526509,2019-09-06 20:52:12:252,1.1233,-0.5968,9.8494,-0.0044,0.0052,9.8066,0.0112,0.0012,0.0454,-18.19,-37.37,4.75,247.86,-81.72,157.58
52.39953,-1.503239,160.15,6.24,3,106.71,18 / 20,5526609,2019-09-06 20:52:12:352,-0.1274,0.1763,9.2494,0.0261,-0.0014,9.8065,-0.1456,-0.0206,-0.0475,-18.19,-37,4.5,248.09,-81.73,157.82
52.39953,-1.503239,160.15,6.24,3,106.71,18 / 20,5526710,2019-09-06 20:52:12:453,0.1439,1.4907,9.5855,-0.0276,-0.0005,9.8066,0.064,-0.0397,0.0326,-18.25,-37.44,4.38,244.67,-81.91,156.83
52.39953,-1.503239,160.15,6.24,3,106.71,18 / 20,5526810,2019-09-06 20:52:12:553,-0.2796,0.8624,10.1521,-0.0022,0.0029,9.8065,0.0626,0.0148,-0.0068,-19.31,-36.62,4.25,245.12,-81.87,157.28
52.39953,-1.503239,160.15,6.24,3,106.71,18 / 20,5526910,2019-09-06 20:52:12:653,0.7225,0.4915,10.0146,-0.0304,0.0016,9.8065,0.0972,0.0585,0.0177,-19.19,-35.31,3.94,245.05,-81.95,156.29
52.39953,-1.503239,160.15,6.24,3,106.71,18 / 20,5527009,2019-09-06 20:52:12:752,-1.8049,-0.502,10.5583,-0.032,-0.0043,9.8065,-0.096,0.0733,-0.0163,-19.5,-35.56,5.44,247.49,-82.03,156.24
52.39953,-1.503239,160.15,6.24,3,106.71,18 / 20,5527110,2019-09-06 20:52:12:853,0.7677,0.7928,10.0165,0.0301,-0.0032,9.8066,0.0811,0.0842,0.0572,-18.69,-35.69,5,247.74,-82.06,156.47
52.39953,-1.503239,160.15,6.24,3,106.71,18 / 20,5527210,2019-09-06 20:52:12:953,0.0685,-0.3498,9.8654,0.0099,-0.0132,9.8066,-0.1388,0.0584,0.0131,-18.12,-36.31,4.25,246.22,-82.06,157.89
52.39953,-1.503239,160.15,6.24,3,106.71,18 / 20,5527310,2019-09-06 20:52:13:053,-0.2012,-0.3829,9.8403,0.008,-0.0195,9.8066,-0.0217,0.0639,0.0536,-18.56,-36.94,3.81,247.61,-82.2,159.48
52.399483,-1.50215,160.22,12.03,3,76.26,18 / 20,5527409,2019-09-06 20:52:13:152,-0.58,0.326,9.9505,0.0018,-0.0238,9.8065,0.0456,-0.0582,0.062,-18.31,-36.81,3.56,249.59,-82.49,161.23
52.399483,-1.50215,160.22,12.03,3,76.26,18 / 20,5527509,2019-09-06 20:52:13:252,-0.0069,-0.3593,10.0755,-0.0005,-0.0227,9.8065,-0.0836,0.0746,0.0746,-19.06,-36.75,3,249.01,-82.6,163.35
52.399483,-1.50215,160.22,12.03,3,76.26,18 / 20,5527610,2019-09-06 20:52:13:353,-0.8116,0.187,9.6368,0.0236,-0.0144,9.8065,-0.0127,0.0357,0.0111,-19.37,-37.31,3.81,253.01,-82.69,164.5
52.399483,-1.50215,160.22,12.03,3,76.26,18 / 20,5527709,2019-09-06 20:52:13:452,-0.225,-0.709,9.7999,0.0324,-0.0067,9.8066,-0.2003,0.1155,-0.0135,-19.19,-37.19,3.19,251.93,-82.46,166.8
52.399483,-1.50215,160.22,12.03,3,76.26,18 / 20,5527810,2019-09-06 20:52:13:553,-1.2092,1.0558,10.3025,0.0205,-0.0083,9.8066,0.015,0.0088,0.0152,-18.94,-37.56,3.25,251.04,-82.41,166.31
52.399483,-1.50215,160.22,12.03,3,76.26,18 / 20,5527910,2019-09-06 20:52:13:653,-0.1539,1.5573,9.2678,-0.0067,-0.0065,9.8065,-0.1746,0.1064,0.0524,-19.06,-37.56,3.88,255.41,-82.48,167.88
52.399483,-1.50215,160.22,12.03,3,76.26,18 / 20,5528009,2019-09-06 20:52:13:752,-0.4981,-1.1172,9.586,0.0326,-0.0018,9.8065,-0.1618,-0.1185,0.0433,-18.87,-37.19,3.88,256.83,-82.64,168.71
52.399483,-1.50215,160.22,12.03,3,76.26,18 / 20,5528110,2019-09-06 20:52:13:853,-1.7991,1.3956,8.8241,0.0274,0.0133,9.8066,0.2263,-0.028,0.0596,-19.5,-36.94,2.88,253.82,-82.79,168.24
52.399483,-1.50215,160.22,12.03,3,76.26,18 / 20,5528210,2019-09-06 20:52:13:953,-0.1876,-1.1714,10.2182,-0.0587,-0.0079,9.8064,0.1949,-0.0233,-0.0222,-18.87,-36.94,3.13,253.87,-82.83,168.21
52.399483,-1.50215,160.22,12.03,3,76.26,18 / 20,5528309,2019-09-06 20:52:14:052,-3.9297,0.1035,10.6002,0.0404,-0.0027,9.8065,0.0911,-0.0436,0.1067,-18.87,-36.81,3.31,253.34,-82.94,167.43
52.399483,-1.50215,160.22,12.03,3,76.26,19 / 20,5528410,2019-09-06 20:52:14:153,-1.5524,-0.9051,10.911,0.0076,-0.0364,9.8065,0.1716,-0.0949,0.0572,-19.5,-36.81,3.75,258.65,-82.43,171.05
52.399483,-1.50215,160.22,12.03,3,76.26,19 / 20,5528509,2019-09-06 20:52:14:252,-0.2818,-1.1785,9.5502,0.0265,-0.0176,9.8066,-0.044,-0.0569,0.0869,-19.44,-36.56,3.44,257.41,-81.93,173.75
52.399483,-1.50215,160.22,12.03,3,76.26,19 / 20,5528610,2019-09-06 20:52:14:353,-2.0823,-2.0577,8.7676,-0.0463,-0.0334,9.8064,-0.1476,-0.1555,0.0507,-20.31,-36.31,3.94,264.31,-82.29,176.7
52.399483,-1.50215,160.22,12.03,3,76.26,19 / 20,5528710,2019-09-06 20:52:14:453,-2.2463,-0.5968,9.2043,-0.034,-0.0037,9.8065,-0.1427,-0.0221,0.007,-20.37,-36.87,2.69,263.42,-82.9,177.93
52.399483,-1.50215,160.22,12.03,3,76.26,19 / 20,5528809,2019-09-06 20:52:14:552,-2.4468,-0.7539,9.9914,-0.0065,0.0061,9.8066,0.0108,0.0262,-0.0692,-20.44,-36.69,2.88,264.14,-83.46,177.62
52.399483,-1.50215,160.22,12.03,3,76.26,19 / 20,5528909,2019-09-06 20:52:14:652,-1.8175,0.1784,9.0774,0.0065,0.0148,9.8066,-0.0913,0.0359,-0.0217,-20.19,-35.94,2.19,259.94,-83.53,175.7
52.399483,-1.50215,160.22,12.03,3,76.26,19 / 20,5529009,2019-09-06 20:52:14:752,-3.3606,-0.5755,10.1659,0.0406,0.014,9.8065,-0.0666,0.0938,0.0113,-20,-36.56,2.5,261.18,-83.22,174.99
52.399483,-1.50215,160.22,12.03,3,76.26,19 / 20,5529109,2019-09-06 20:52:14:852,-1.9818,-0.6466,10.3902,0.0223,-0.0085,9.8065,0.0731,0.0474,-0.036,-19.94,-36.56,3.31,261.15,-83.09,175.2
52.399483,-1.50215,160.22,12.03,3,76.26,19 / 20,5529210,2019-09-06 20:52:14:953,-1.0797,-2.1124,10.0293,0.014,0.0032,9.8066,0.14,-0.1611,0.059,-19.94,-36.69,3.19,261.02,-82.8,175.61
52.399483,-1.50215,160.22,12.03,3,76.26,19 / 20,5529310,2019-09-06 20:52:15:053,-1.7626,-0.5454,10.0853,-0.0043,0.0017,9.8065,-0.1064,-0.0559,0.0583,-20.31,-36.94,4,264.12,-82.81,175.92
52.399483,-1.50215,160.22,12.03,3,76.26,19 / 20,5529409,2019-09-06 20:52:15:152,-1.8688,-1.1787,9.3825,0.0043,0.0019,9.8066,-0.1277,0.1588,-0.046,-20.44,-36.31,3,261.64,-83.01,175.52
52.399483,-1.50215,160.22,12.03,3,76.26,19 / 20,5529510,2019-09-06 20:52:15:253,-3.062,-0.7458,8.954,-0.06,-0.0015,9.8064,0.0468,0.097,-0.0722,-19.37,-37.06,2.19,257.45,-83.04,174.68
52.399483,-1.50215,160.22,12.03,3,76.26,19 / 20,5529610,2019-09-06 20:52:15:353,-2.4011,-0.473,9.0113,-0.0286,0.0139,9.8066,-0.0295,-0.0565,-0.0111,-19.62,-36.44,3.69,261.86,-83.36,172.22
52.399483,-1.50215,160.22,12.03,3,76.26,19 / 20,5529709,2019-09-06 20:52:15:452,-3.6167,0.1148,9.5769,0.0075,0.0055,9.8066,0.2369,-0.0991,0.0335,-19.87,-36.87,2.56,258.05,-83.29,171.6
52.399483,-1.50215,160.22,12.03,3,76.26,19 / 20,5529810,2019-09-06 20:52:15:553,-0.5236,-0.9934,10.6495,-0.0384,-0.0002,9.8066,0.1468,-0.0681,-0.0103,-20.12,-36.37,3.13,259.02,-83.37,172.14
52.399483,-1.50215,160.22,12.03,3,76.26,19 / 20,5529909,2019-09-06 20:52:15:652,-1.4887,-1.0126,10.3733,-0.0395,0.0084,9.8065,-0.022,0.049,-0.0143,-20.12,-36.44,2.56,258.03,-83.26,171.28
52.399483,-1.50215,160.22,12.03,3,76.26,19 / 20,5530009,2019-09-06 20:52:15:752,-2.1373,-1.5292,10.865,0.0298,-0.008,9.8066,0.085,-0.017,-0.0087,-19.81,-36.69,3.19,257.53,-83.2,171.21
52.399483,-1.50215,160.22,12.03,3,76.26,19 / 20,5530110,2019-09-06 20:52:15:853,-2.4086,-1.2781,10.2933,0.0377,0.0002,9.8065,-0.2077,0.031,0.0214,-20.12,-36.69,3.13,258.24,-83.18,171.99
52.399483,-1.50215,160.22,12.03,3,76.26,19 / 20,5530209,2019-09-06 20:52:15:952,-2.3377,-1.4285,9.3192,0.0285,-0.0044,9.8066,-0.0927,-0.0547,0.0435,-19.62,-36.81,3.06,258.36,-82.96,172.53
52.399483,-1.50215,160.22,12.03,3,76.26,19 / 20,5530309,2019-09-06 20:52:16:052,-2.1673,-0.8605,8.8684,0.03,-0.0043,9.8065,-0.032,0.0157,0.0082,-20.19,-36.62,2.69,259.02,-82.89,173.35
52.399483,-1.50215,160.22,12.03,3,76.26,19 / 20,5530410,2019-09-06 20:52:16:153,-2.53,-0.8848,9.2706,-0.0126,-0.0142,9.8066,-0.0419,0.0067,0.0741,-20.5,-36.37,3.69,261.96,-82.9,173.16
52.399483,-1.50215,160.22,12.03,3,76.26,19 / 20,5530509,2019-09-06 20:52:16:252,-1.5632,-1.5865,10.3936,-0.0237,-0.0175,9.8065,-0.0457,-0.035,-0.0608,-20.25,-36.44,2.88,261.6,-83.19,175.15
52.399483,-1.50215,160.22,12.03,3,76.26,19 / 20,5530610,2019-09-06 20:52:16:353,-1.8765,0.6155,9.9749,0.0309,0.0386,9.8064,0.0179,-0.0418,0.0286,-19.5,-36.81,3.75,260.23,-83.11,171.38
52.399483,-1.50215,160.22,12.03,3,76.26,19 / 20,5530710,2019-09-06 20:52:16:453,-2.0832,-1.9379,10.0539,0.0265,-0.0184,9.8066,-0.13,0.1558,-0.0281,-19.87,-37.06,3.06,258.35,-83.23,172.01
52.399483,-1.50215,160.22,12.03,3,76.26,19 / 20,5530809,2019-09-06 20:52:16:552,-1.8106,-1.9692,9.718,0.0054,-0.0018,9.8066,-0.0673,-0.0985,0.0493,-20,-36.5,3.13,259.49,-83.21,172.91
52.399483,-1.50215,160.22,12.03,3,76.26,19 / 20,5530910,2019-09-06 20:52:16:653,-2.1043,0.9252,9.5649,0.0223,0.0151,9.8065,0.0679,-0.0583,0.0263,-19.5,-36.69,3.13,258.55,-83.07,172.73
52.399483,-1.50215,160.22,12.03,3,76.26,19 / 20,5531009,2019-09-06 20:52:16:752,-0.9878,0.378,9.4539,-0.0037,-0.0019,9.8066,0.1082,-0.237,0.0586,-19.44,-36.62,3.5,260.47,-83.08,171.7
52.399483,-1.50215,160.22,12.03,3,76.26,19 / 20,5531110,2019-09-06 20:52:16:853,-1.9299,-0.6062,9.7615,0.005,-0.0049,9.8066,-0.0166,-0.0977,0.0568,-20.12,-36.87,3.31,258.75,-83.1,172.68
52.399483,-1.50215,160.22,12.03,3,76.26,19 / 20,5531210,2019-09-06 20:52:16:953,-1.2707,-1.3229,9.9551,-0.0193,-0.0034,9.8066,0.0192,-0.0196,0.0002,-20.25,-36.75,2.75,259.31,-83.31,172.88
52.399483,-1.50215,160.22,12.03,3,76.26,19 / 20,5531310,2019-09-06 20:52:17:053,-1.2403,-0.6132,9.6813,-0.0167,0.0032,9.8065,0.0125,-0.0148,0.0119,-19.94,-36.31,3.31,259.33,-83.36,172.47
52.399483,-1.50215,160.22,12.03,3,76.26,19 / 20,5531409,2019-09-06 20:52:17:152,-1.467,-0.3476,10.2254,-0.0045,-0.0013,9.8066,0.0035,-0.0032,0.0135,-20.31,-36.31,3.25,259.47,-83.43,172.5
52.399483,-1.50215,160.22,12.03,3,76.26,19 / 20,5531510,2019-09-06 20:52:17:253,-1.2512,-0.8836,9.9188,-0.0211,-0.0069,9.8066,-0.0546,-0.0159,-0.0157,-20.37,-36.37,3.5,262.58,-83.52,172.69
52.399483,-1.50215,160.22,12.03,3,76.26,19 / 20,5531609,2019-09-06 20:52:17:352,-0.2113,0.3671,10.3437,0.0099,0.01,9.8066,0.0354,0.0433,0.0053,-20.31,-36.12,4.06,262.47,-83.5,172.62
52.399483,-1.50215,160.22,12.03,3,76.26,19 / 20,5531709,2019-09-06 20:52:17:452,-1.7563,-1.4946,10.0586,0.0202,-0.0045,9.8066,-0.1442,-0.0123,0.0211,-20.31,-36.56,2.88,259.27,-83.41,172.65
52.399483,-1.50215,160.22,12.03,3,76.26,19 / 20,5531809,2019-09-06 20:52:17:552,-1.8993,0.1211,9.4739,0.0049,-0.0051,9.8066,-0.1132,0.0548,0.0008,-20.06,-36.06,3.81,263.16,-83.37,173.55
52.399483,-1.50215,160.22,12.03,3,76.26,19 / 20,5531910,2019-09-06 20:52:17:653,-1.3697,-0.8653,9.4167,-0.0106,-0.0039,9.8066,0.0892,-0.0107,-0.0142,-20.31,-36.56,4.44,263.29,-83.33,174.1
52.399483,-1.50215,160.22,12.03,3,76.26,19 / 20,5532010,2019-09-06 20:52:17:753,-0.6489,-1.1356,9.5477,-0.0177,0.0004,9.8065,0.0265,-0.0885,0.0357,-20.31,-35.69,4.13,263.66,-83.41,174.01
52.399483,-1.50215,160.22,12.03,3,76.26,19 / 20,5532110,2019-09-06 20:52:17:853,-1.8636,-0.4489,9.8351,-0.0058,-0.0018,9.8066,-0.0373,-0.0391,-0.0007,-20.62,-35.5,4.5,267.01,-83.44,174.33
52.399483,-1.50215,160.22,12.03,3,76.26,19 / 20,5532210,2019-09-06 20:52:17:953,-1.3783,-0.5482,10.0249,-0.0151,0.0007,9.8066,-0.0455,0.0178,-0.0008,-20.25,-35.94,3.88,264.07,-83.64,174.01
52.399483,-1.50215,160.22,12.03,3,76.26,19 / 20,5532310,2019-09-06 20:52:18:053,-1.4625,-0.8638,9.6081,-0.0256,0.0044,9.8065,-0.0559,-0.0309,-0.0215,-19.75,-35.25,4,264.16,-83.9,173.32
52.399483,-1.50215,160.22,12.03,3,76.26,18 / 19,5532409,2019-09-06 20:52:18:152,-1.3833,-0.8575,9.6446,0.0108,0.011,9.8066,-0.0143,-0.0593,-0.0075,-19.56,-35.12,4.5,265.74,-83.98,171.97
52.399483,-1.50215,160.22,12.03,3,76.26,18 / 19,5532510,2019-09-06 20:52:18:253,-1.7048,-0.364,9.6374,-0.0192,0.002,9.8066,-0.0448,-0.0201,0.0098,-19.44,-35.62,3.88,262.53,-84.07,171.61
52.399483,-1.50215,160.22,12.03,3,76.26,18 / 19,5532610,2019-09-06 20:52:18:353,-1.1557,-1.0053,10.2461,-0.0082,-0.0094,9.8066,0.0288,-0.0707,0.0166,-19.06,-34.87,4.81,266.47,-84.26,172.01
52.399483,-1.50215,160.22,12.03,3,76.26,18 / 19,5532710,2019-09-06 20:52:18:453,-1.2913,-0.7873,9.7824,-0.0107,0.0051,9.8066,-0.0838,0.0108,-0.0085,-18.87,-34.37,3.44,260.93,-84.31,171.92
52.399483,-1.50215,160.22,12.03,3,76.26,18 / 19,5532810,2019-09-06 20:52:18:553,-1.6571,-0.6866,9.9748,0.0071,0.0003,9.8066,-0.0082,-0.0337,0.0101,-19.06,-35.5,3.38,259.9,-84.31,171.16
52.399483,-1.50215,160.22,12.03,3,76.26,18 / 19,5532910,2019-09-06 20:52:18:653,-1.6634,-0.5101,9.7747,0.0129,0.0107,9.8066,0.0463,-0.0138,-0.0206,-19.25,-35.19,3.19,259.34,-84.21,170.76
52.399483,-1.50215,160.22,12.03,3,76.26,18 / 19,5533009,2019-09-06 20:52:18:752,-1.8647,-0.3184,9.3101,-0.0021,0.0047,9.8066,0.0662,0.0153,-0.0069,-19.56,-35,3.5,261.14,-84.17,169.76
52.399483,-1.50215,160.22,12.03,3,76.26,18 / 19,5533109,2019-09-06 20:52:18:852,-1.8403,-0.5035,9.9045,-0.0065,0.0036,9.8066,0.0049,-0.0363,-0.0276,-19.5,-35.62,3.63,260.5,-84.07,169.51
52.399483,-1.50215,160.22,12.03,3,76.26,18 / 19,5533209,2019-09-06 20:52:18:952,-1.6079,-0.4749,9.9527,0.0006,0.0138,9.8066,-0.0022,0.0092,-0.0378,-19.25,-36.12,3.06,256.05,-84,168
52.399483,-1.50215,160.22,12.03,3,76.26,18 / 19,5533310,2019-09-06 20:52:19:053,-2.1124,0.0022,9.2944,-0.0065,0.0083,9.8066,0.0037,0.0028,0.0051,-19.56,-36.06,3.31,254.9,-84,166.68
52.399483,-1.50215,160.22,12.03,3,76.26,18 / 20,5533409,2019-09-06 20:52:19:152,-2.2636,-0.4488,9.4987,-0.0273,-0.0031,9.8065,-0.0168,0.0294,-0.0037,-19.75,-36.06,4,257.5,-84.23,166.15
52.399483,-1.50215,160.22,12.03,3,76.26,18 / 20,5533510,2019-09-06 20:52:19:253,-1.9405,-0.3559,10.1074,-0.0127,0.0017,9.8066,-0.0006,0.0404,-0.0235,-20.06,-36.25,3.38,254.6,-84.32,165.82
52.399483,-1.50215,160.22,12.03,3,76.26,18 / 20,5533610,2019-09-06 20:52:19:353,-2.0915,-0.2919,9.7561,-0.0116,0.0059,9.8065,0.0208,0.013,-0.0131,-19.69,-36.31,2.94,253.35,-84.45,164.29
52.399483,-1.50215,160.22,12.03,3,76.26,18 / 20,5533709,2019-09-06 20:52:19:452,-1.5859,-0.1837,9.5806,-0.0089,0.011,9.8066,-0.0174,0.0537,-0.0419,-19.75,-35.44,3.69,255.23,-84.49,163.05
52.399483,-1.50215,160.22,12.03,3,76.26,18 / 20,5533810,2019-09-06 20:52:19:553,-2.2116,0.4173,9.8512,-0.015,0.0154,9.8066,0.003,0.0693,-0.0443,-19.75,-35.87,4,252.89,-84.52,160.82
52.399483,-1.50215,160.22,12.03,3,76.26,18 / 20,5533910,2019-09-06 20:52:19:653,-1.931,0.4536,10.1068,0.0089,0.011,9.8066,-0.0224,0.0662,-0.0304,-19.56,-36.75,3.5,250,-84.64,157.81
52.399483,-1.50215,160.22,12.03,3,76.26,18 / 20,5534010,2019-09-06 20:52:19:753,-2.2658,0.3209,10.03,0.0095,0.0114,9.8066,-0.0059,0.0869,-0.0331,-19.81,-37,3,245.29,-84.58,155.73
52.399483,-1.50215,160.22,12.03,3,76.26,18 / 20,5534110,2019-09-06 20:52:19:853,-1.9748,0.3571,9.8034,-0.0146,0.0102,9.8065,-0.041,0.1352,-0.0417,-19.69,-36.56,3,244.13,-84.63,154.4
52.399483,-1.50215,160.22,12.03,3,76.26,18 / 20,5534210,2019-09-06 20:52:19:953,-2.3782,0.236,10.0217,-0.0051,0.0092,9.8065,-0.0395,0.1136,-0.0294,-19.19,-36.94,2.13,239.04,-84.69,151.79
52.399483,-1.50215,160.22,12.03,3,76.26,18 / 20,5534309,2019-09-06 20:52:20:052,-2.1973,0.3137,9.9189,-0.0006,0.0084,9.8066,-0.0228,0.1381,-0.0094,-18.87,-36.37,3.19,240.85,-84.72,150.45
52.399483,-1.50215,160.22,12.03,3,76.26,19 / 20,5534409,2019-09-06 20:52:20:152,-2.2271,0.2344,9.8156,-0.0016,0.0049,9.8066,-0.0293,0.1777,-0.0441,-18.94,-37.62,2.69,239.23,-84.81,149.02
52.399483,-1.50215,160.22,12.03,3,76.26,19 / 20,5534510,2019-09-06 20:52:20:253,-1.3526,0.2148,9.9121,-0.0032,0.0082,9.8066,-0.0123,0.1977,-0.0338,-19.06,-37.19,2.25,235.26,-84.82,147.41
52.399483,-1.50215,160.22,12.03,3,76.26,19 / 20,5534609,2019-09-06 20:52:20:352,-1.5973,0.1883,9.5303,-0.0082,0.0085,9.8066,-0.003,0.173,-0.0162,-18.37,-37.75,1.25,229.92,-84.85,144.97
52.399483,-1.50215,160.22,12.03,3,76.26,19 / 20,5534710,2019-09-06 20:52:20:453,-1.0503,-0.2016,9.742,-0.0069,0.0009,9.8066,-0.0544,0.2054,-0.0358,-18.81,-36.69,0.94,229.79,-84.9,144.27
52.399483,-1.50215,160.22,12.03,3,76.26,19 / 20,5534809,2019-09-06 20:52:20:552,-1.5527,-0.1347,9.9012,-0.0148,0.0041,9.8066,-0.0215,0.2009,-0.0191,-18.25,-36.87,0.81,227.79,-84.93,142.24
52.399483,-1.50215,160.22,12.03,3,76.26,19 / 20,5534909,2019-09-06 20:52:20:652,-1.3194,-0.3674,9.8099,-0.0051,0.0036,9.8066,-0.0405,0.1868,-0.0232,-18.06,-37.69,0.56,226.9,-84.95,141.42
52.399483,-1.50215,160.22,12.03,3,76.26,19 / 20,5535010,2019-09-06 20:52:20:753,-1.4911,-0.0338,9.7639,-0.0126,0.0048,9.8066,-0.031,0.1732,-0.0185,-17.81,-37.44,0.25,223.34,-84.94,140.39
52.399483,-1.50215,160.22,12.03,3,76.26,19 / 20,5535110,2019-09-06 20:52:20:853,-1.4807,-0.7304,10.0069,-0.0052,0.0053,9.8066,0.0454,0.1697,-0.033,-18.25,-38,-0.69,218.92,-84.98,138.65
52.399483,-1.50215,160.22,12.03,3,76.26,19 / 20,5535209,2019-09-06 20:52:20:952,-1.281,-0.7196,9.9839,-0.0122,0.0035,9.8066,0.0409,0.1383,-0.0297,-17.31,-37.25,-1.06,216.62,-84.96,136.42
52.399483,-1.50215,160.22,12.03,3,76.26,19 / 20,5535309,2019-09-06 20:52:21:052,-1.001,-0.4452,10.1558,-0.011,0.0084,9.8066,0.0097,0.1642,-0.0287,-17.87,-38.12,-1.12,216.04,-84.91,135.44
52.399483,-1.50215,160.22,12.03,3,76.26,19 / 20,5535410,2019-09-06 20:52:21:153,-0.6195,0.0958,9.6397,-0.004,0.011,9.8066,0.03,0.1596,-0.0608,-17.44,-37.25,-1.69,210.87,-84.79,133.25
52.399483,-1.50215,160.22,12.03,3,76.26,19 / 20,5535509,2019-09-06 20:52:21:252,-0.8743,-0.226,9.7416,-0.0085,0.009,9.8066,-0.0219,0.1421,-0.0065,-17.44,-37.44,-1.62,209.79,-84.7,132.09
52.399483,-1.50215,160.22,12.03,3,76.26,19 / 20,5535610,2019-09-06 20:52:21:353,-1.0427,-0.5733,10.0315,-0.0004,-0.0007,9.8066,0.0196,0.1425,-0.0197,-17,-36.94,-1.87,209.38,-84.69,131.63
52.399483,-1.50215,160.22,12.03,3,76.26,19 / 20,5535709,2019-09-06 20:52:21:452,-1.3098,-0.8256,9.8385,-0.0034,0.0004,9.8066,0,0.1485,0.0005,-16.62,-37.69,-2,209.12,-84.68,131.47
52.399483,-1.50215,160.22,12.03,3,76.26,19 / 20,5535810,2019-09-06 20:52:21:553,-1.5318,-0.9352,10.0091,0.0049,0.002,9.8066,0.0117,0.1314,-0.0157,-16.44,-37.44,-2.12,208.52,-84.68,131.37
52.399483,-1.50215,160.22,12.03,3,76.26,19 / 20,5535910,2019-09-06 20:52:21:653,-1.3906,-1.0453,9.9167,-0.0112,0.0013,9.8066,-0.0292,0.0992,-0.0214,-16.5,-37.87,-2.69,204.73,-84.71,130.43
52.399483,-1.50215,160.22,12.03,3,76.26,19 / 20,5536010,2019-09-06 20:52:21:753,-0.8267,-0.9292,9.9969,0.0053,0.0122,9.8066,-0.0348,0.0857,-0.0191,-16.19,-38.31,-2.87,203.88,-84.62,129.49
52.399483,-1.50215,160.22,12.03,3,76.26,19 / 20,5536110,2019-09-06 20:52:21:853,-0.2659,-0.3698,9.9611,-0.0123,0.0098,9.8066,0.0121,0.0866,-0.044,-16.44,-38,-2.75,202.6,-84.57,128.01
52.399483,-1.50215,160.22,12.03,3,76.26,19 / 20,5536209,2019-09-06 20:52:21:952,0.4405,-0.1839,9.8069,0.0011,0.0175,9.8066,-0.0202,0.0934,-0.0432,-16.37,-38.44,-2.56,201.33,-84.48,126.55
52.399483,-1.50215,160.22,12.03,3,76.26,19 / 20,5536309,2019-09-06 20:52:22:052,0.2503,0.0377,9.7221,-0.0001,0.0157,9.8066,0.0034,0.103,-0.0313,-15.44,-38.25,-3.81,196.31,-84.23,125.13
52.399593,-1.501233,159.23,1.28,3,57.8,19 / 20,5536410,2019-09-06 20:52:22:153,0.2216,0.0781,9.8645,0.0001,0.0053,9.8065,-0.015,0.0854,-0.0195,-15.5,-38.81,-3.5,198.49,-84.09,124.49
52.399593,-1.501233,159.23,1.28,3,57.8,19 / 20,5536509,2019-09-06 20:52:22:252,0.6975,0.2696,9.5949,-0.0048,0.0051,9.8066,0.0064,0.1025,-0.0201,-15.81,-38.62,-3.62,195.63,-84.01,123.4
52.399593,-1.501233,159.23,1.28,3,57.8,19 / 20,5536609,2019-09-06 20:52:22:352,1.03,0.2132,9.7591,0.0016,0.008,9.8066,-0.0197,0.1246,-0.0146,-15.87,-38.44,-4.12,195.22,-83.96,122.83
52.399593,-1.501233,159.23,1.28,3,57.8,19 / 20,5536710,2019-09-06 20:52:22:453,0.7336,-0.0077,9.781,0.0008,0.0067,9.8066,-0.0246,0.1028,-0.0269,-15.62,-38.25,-4.37,194.66,-83.85,122.19
52.399593,-1.501233,159.23,1.28,3,57.8,19 / 20,5536810,2019-09-06 20:52:22:553,0.4984,0.1889,9.7748,-0.0018,0.0121,9.8066,-0.0044,0.1071,-0.0293,-14.81,-38.44,-4.31,193.15,-83.77,121.48
52.399593,-1.501233,159.23,1.28,3,57.8,19 / 20,5536909,2019-09-06 20:52:22:652,0.5866,0.034,9.6568,-0.0165,0.0129,9.8066,-0.0026,0.1188,-0.0381,-15,-37.87,-3.44,194.75,-83.67,119.97
52.399593,-1.501233,159.23,1.28,3,57.8,19 / 20,5537009,2019-09-06 20:52:22:752,0.662,0.4846,9.4039,-0.0059,0.0133,9.8066,-0.0364,0.1244,-0.0177,-14.25,-38.25,-4.69,186.3,-83.5,117.73
52.399593,-1.501233,159.23,1.28,3,57.8,19 / 20,5537109,2019-09-06 20:52:22:852,0.4684,0.5858,9.8228,0.0014,0.0091,9.8066,-0.0263,0.1505,-0.0347,-13.37,-38.19,-4.75,184.21,-83.35,116.55
52.399593,-1.501233,159.23,1.28,3,57.8,19 / 20,5537210,2019-09-06 20:52:22:953,1.2385,0.7646,10.2097,0.0016,0.005,9.8066,-0.0175,0.1639,0.0086,-13.5,-38.19,-5.06,183.91,-83.29,116.17
52.399593,-1.501233,159.23,1.28,3,57.8,19 / 20,5537310,2019-09-06 20:52:23:053,1.523,0.7678,9.9388,0.0194,-0.004,9.8066,-0.0429,0.1409,0.032,-14.25,-38.5,-5.19,185.88,-83.35,117.24
52.399593,-1.501233,159.23,1.28,3,57.8,19 / 20,5537410,2019-09-06 20:52:23:153,1.766,0.5761,9.7433,0.0207,-0.0039,9.8066,0.0695,0.19,0.0093,-13.87,-38.75,-5.5,186.7,-83.44,118.31
52.399593,-1.501233,159.23,1.28,3,57.8,19 / 20,5537509,2019-09-06 20:52:23:252,1.6068,0.4421,9.3824,-0.0058,-0.0011,9.8066,-0.0083,0.2032,-0.0285,-14,-38.5,-5.31,187.64,-83.46,119.46
52.399593,-1.501233,159.23,1.28,3,57.8,19 / 20,5537609,2019-09-06 20:52:23:352,0.5345,0.0794,9.2713,0.0027,0.0223,9.8066,0.0403,0.2248,-0.0593,-14.25,-38.5,-6.25,184.94,-83.25,119.55
52.399593,-1.501233,159.23,1.28,3,57.8,19 / 20,5537709,2019-09-06 20:52:23:452,0.1978,0.7513,9.8479,-0.0236,0.0136,9.8066,-0.0267,0.2301,-0.0932,-13.56,-38.44,-5.87,183.34,-82.95,117.53
52.399593,-1.501233,159.23,1.28,3,57.8,19 / 20,5537809,2019-09-06 20:52:23:552,-0.3946,0.9215,10.2051,-0.0119,0.0262,9.8065,0.047,0.2504,-0.0595,-13.06,-38.5,-5.56,181.49,-82.61,116.77
52.399593,-1.501233,159.23,1.28,3,57.8,19 / 20,5537910,2019-09-06 20:52:23:653,-0.5231,1.332,10.0171,-0.0089,-0.0037,9.8066,0.065,0.2801,0.008,-12,-39.19,-6.69,177.09,-82.38,116.29
52.399593,-1.501233,159.23,1.28,3,57.8,19 / 20,5538009,2019-09-06 20:52:23:752,-0.1319,1.0986,10.0805,0.0142,-0.0151,9.8065,0.042,0.291,0.0423,-11.87,-38.62,-6.69,178.22,-82.48,117.84
52.399593,-1.501233,159.23,1.28,3,57.8,19 / 20,5538109,2019-09-06 20:52:23:852,0.9554,0.8879,9.8928,0.023,-0.0076,9.8065,0.0896,0.3184,0.037,-12.12,-38.12,-6.94,180.86,-82.6,121.42
52.399593,-1.501233,159.23,1.28,3,57.8,19 / 20,5538210,2019-09-06 20:52:23:953,0.4063,0.9761,9.6579,0.0211,-0.0047,9.8065,-0.0079,0.3291,0.0284,-12.06,-38.75,-6.94,182.85,-82.61,124.12
52.399593,-1.501233,159.23,1.28,3,57.8,19 / 20,5538309,2019-09-06 20:52:24:052,0.0817,0.7367,10.181,0.0361,0.0009,9.8066,0.0313,0.3368,0.0258,-12.12,-38.75,-7.5,185.92,-82.58,128.27
52.399593,-1.501233,159.23,1.28,3,57.8,19 / 20,5538410,2019-09-06 20:52:24:153,0.4126,0.3774,10.6596,0.0281,0.0227,9.8066,0.0074,0.3821,-0.0432,-11.12,-38.81,-7.44,185.5,-82.58,130.05
52.399593,-1.501233,159.23,1.28,3,57.8,19 / 20,5538509,2019-09-06 20:52:24:252,0.4005,0.8167,10.2573,0.027,0.0384,9.8065,0.0235,0.3733,-0.0656,-10.69,-39,-8.44,184.76,-82.06,132.62
52.399593,-1.501233,159.23,1.28,3,57.8,19 / 20,5538609,2019-09-06 20:52:24:352,-0.5427,0.6838,9.5702,0.0236,0.0453,9.8065,0.0938,0.3988,-0.0937,-9.25,-38.69,-8.37,181.66,-81.62,134.06
52.399593,-1.501233,159.23,1.28,3,57.8,19 / 20,5538710,2019-09-06 20:52:24:453,-0.6437,1.4594,9.7636,0.0148,0.037,9.8065,-0.0089,0.3939,-0.0541,-9.81,-39.31,-7.87,184.85,-80.91,135.79
52.399593,-1.501233,159.23,1.28,3,57.8,19 / 20,5538811,2019-09-06 20:52:24:554,-0.6166,1.3316,10.1222,0.0168,0.0076,9.8065,-0.0465,0.3987,0.0017,-8.69,-39.5,-7.94,183.32,-80.78,136.63
52.399593,-1.501233,159.23,1.28,3,57.8,19 / 20,5538910,2019-09-06 20:52:24:653,-0.6509,0.6794,9.8558,0.0243,0.0013,9.8065,-0.0285,0.3852,-0.0008,-8.56,-39.75,-8.81,181.88,-80.82,137.8
52.399593,-1.501233,159.23,1.28,3,57.8,19 / 20,5539010,2019-09-06 20:52:24:753,-0.4729,0.825,9.9222,0.0382,0.0138,9.8065,0.064,0.4279,0.0017,-7.62,-39.06,-9.37,181.68,-80.73,140.9
52.399593,-1.501233,159.23,1.28,3,57.8,19 / 20,5539109,2019-09-06 20:52:24:852,-0.4363,0.7341,9.7231,0.0224,-0.0026,9.8066,0.0613,0.4543,-0.0149,-7.12,-39.12,-9.25,181.35,-80.64,144.2
52.399593,-1.501233,159.23,1.28,3,57.8,19 / 20,5539209,2019-09-06 20:52:24:952,0.257,2.0163,10.3598,0.0108,-0.0062,9.8066,0.0497,0.4213,-0.0261,-7.19,-38.75,-9.5,182.46,-80.49,145.93
52.399593,-1.501233,159.23,1.28,3,57.8,19 / 20,5539309,2019-09-06 20:52:25:052,0.1649,1.231,10.3738,0.018,0.0179,9.8065,-0.0083,0.4189,-0.0508,-6.62,-39.5,-9.06,183.86,-80.23,148.17
52.399593,-1.501233,159.23,1.28,3,57.8,19 / 20,5539409,2019-09-06 20:52:25:152,0.134,1.2796,10.2074,-0.0058,0.0097,9.8066,-0.055,0.471,-0.1099,-5.87,-39.31,-10.06,179.26,-80.22,147.88
52.399593,-1.501233,159.23,1.28,3,57.8,19 / 20,5539509,2019-09-06 20:52:25:252,-0.8305,1.2365,9.8497,-0.0129,0.0143,9.8065,-0.0533,0.4455,-0.095,-4.62,-40.06,-10.56,174.76,-80.07,147.41
52.399593,-1.501233,159.23,1.28,3,57.8,19 / 20,5539610,2019-09-06 20:52:25:353,-1.5193,1.0731,9.7261,-0.0042,0.0059,9.8066,-0.0334,0.4277,-0.0563,-3.56,-39.12,-10.69,171.33,-79.86,146.4
52.399593,-1.501233,159.23,1.28,3,57.8,19 / 20,5539710,2019-09-06 20:52:25:453,-0.5564,1.6171,9.7722,0.0075,0.0141,9.8065,-0.0601,0.4306,-0.0498,-3,-39.12,-10.37,169.95,-79.72,146.73
52.399593,-1.501233,159.23,1.28,3,57.8,19 / 20,5539810,2019-09-06 20:52:25:553,-0.1778,1.4566,10.1636,0.0182,0.0205,9.8065,0.079,0.3894,-0.0098,-2.69,-39.87,-10.75,169.35,-79.62,147.55
52.399593,-1.501233,159.23,1.28,3,57.8,19 / 20,5539910,2019-09-06 20:52:25:653,-0.2342,0.2356,9.8698,0.0166,-0.003,9.8066,0.0938,0.3351,-0.0231,-2.37,-39.81,-11.19,167.34,-79.51,149.03
52.399593,-1.501233,159.23,1.28,3,57.8,19 / 20,5540010,2019-09-06 20:52:25:753,-0.0295,1.9427,10.0001,0.0208,0.0167,9.8066,-0.0854,0.3224,0.0162,-1.25,-39.5,-10.69,165.23,-79.44,150.78
52.399593,-1.501233,159.23,1.28,3,57.8,19 / 20,5540109,2019-09-06 20:52:25:852,-0.0972,0.7816,9.723,0.0191,0.0106,9.8066,-0.1019,0.3224,-0.0184,-0.87,-39.5,-10.69,166.36,-79.45,152.6
52.399593,-1.501233,159.23,1.28,3,57.8,19 / 20,5540210,2019-09-06 20:52:25:953,-0.069,0.5867,9.4471,0.0127,0.0061,9.8066,0.0235,0.2564,-0.0002,-1,-39.81,-10.94,166.77,-79.56,153.15
52.399593,-1.501233,159.23,1.28,3,57.8,19 / 20,5540310,2019-09-06 20:52:26:053,-0.0478,0.7099,9.8255,0.0125,-0.0205,9.8066,-0.0179,0.2318,0.0133,-0.75,-39.56,-10.94,167.18,-79.84,154.02
52.399593,-1.501233,159.23,1.28,3,57.8,19 / 20,5540409,2019-09-06 20:52:26:152,0.2717,1.2025,9.972,0.0159,-0.0197,9.8066,0.0618,0.1506,0.0211,-0.44,-39.44,-10.56,164.43,-79.93,155.08
52.399593,-1.501233,159.23,1.28,3,57.8,19 / 20,5540510,2019-09-06 20:52:26:253,1.0246,1.6862,10.4253,0.0187,0.0123,9.8066,0.0172,0.1232,0.0298,-0.12,-39.5,-10.19,165.81,-79.95,156.41
52.399593,-1.501233,159.23,1.28,3,57.8,19 / 20,5540610,2019-09-06 20:52:26:353,1.2869,0.7796,9.9019,0.0131,0.0147,9.8065,-0.0056,0.1101,-0.013,-0.25,-40.06,-10.62,166.45,-79.9,158.04
52.399593,-1.501233,159.23,1.28,3,57.8,19 / 20,5540710,2019-09-06 20:52:26:453,0.2108,0.6852,9.4554,0.0004,-0.0045,9.8065,-0.0319,0.1236,-0.004,-0.06,-39.19,-10.37,167.24,-79.8,158.66
52.399593,-1.501233,159.23,1.28,3,57.8,19 / 20,5540810,2019-09-06 20:52:26:553,1.1982,2.1511,9.9148,0.0116,0.0052,9.8066,0.0929,0.0575,0.008,-0.37,-39.56,-9.62,168,-79.62,159.56
52.399593,-1.501233,159.23,1.28,3,57.8,19 / 20,5540909,2019-09-06 20:52:26:652,1.1272,2.0399,10.0941,0.0044,-0.0008,9.8066,0.0901,0.0437,0.0122,-0.06,-39.5,-10.75,168.11,-79.41,160.59
52.399593,-1.501233,159.23,1.28,3,57.8,19 / 20,5541009,2019-09-06 20:52:26:752,1.0797,1.5033,10.0552,-0.0006,-0.0096,9.8066,-0.0682,0.002,-0.0128,0.13,-40.12,-10.37,168.92,-79.35,160.93
52.399593,-1.501233,159.23,1.28,3,57.8,19 / 20,5541110,2019-09-06 20:52:26:853,0.9536,1.0938,9.8495,-0.0121,-0.001,9.8066,-0.1014,0.0033,-0.026,-0.06,-39.69,-9.81,168.72,-79.39,160.62
52.399593,-1.501233,159.23,1.28,3,57.8,19 / 20,5541210,2019-09-06 20:52:26:953,0.6356,0.6219,9.6899,-0.0126,0.0068,9.8066,0.061,0.0089,-0.0256,0.25,-39.87,-10.37,167.9,-79.43,159.25
52.399593,-1.501233,159.23,1.28,3,57.8,19 / 20,5541310,2019-09-06 20:52:27:053,0.5515,0.2238,9.6231,-0.0101,-0.0165,9.8066,0.0148,0.0084,-0.0335,-0.06,-39.56,-9.94,167.25,-79.54,158.22
52.399593,-1.501233,159.23,1.28,3,57.8,19 / 20,5541410,2019-09-06 20:52:27:153,0.1291,0.5939,9.941,-0.008,-0.0059,9.8066,0.0119,0.0126,-0.0236,0.56,-39.37,-10.19,163.47,-79.45,157.77
52.399593,-1.501233,159.23,1.28,3,57.8,19 / 20,5541509,2019-09-06 20:52:27:252,0.9844,0.6458,9.9218,-0.008,-0.0228,9.8066,0.0372,-0.0053,0.0068,0.44,-39.87,-10.19,166.79,-79.44,157.35
52.399593,-1.501233,159.23,1.28,3,57.8,19 / 20,5541610,2019-09-06 20:52:27:353,0.5017,0.9537,10.2213,-0.0016,0.0302,9.8066,-0.0486,0.0296,-0.0074,0.63,-39.31,-9.62,163.18,-79.42,157.25
52.399593,-1.501233,159.23,1.28,3,57.8,19 / 20,5541709,2019-09-06 20:52:27:452,0.4694,1.0956,9.7848,0.0011,0.0112,9.8066,0.0016,0.0381,-0.018,0.25,-40,-10.56,166.16,-79.34,157.12
52.399593,-1.501233,159.23,1.28,3,57.8,19 / 20,5541810,2019-09-06 20:52:27:553,0.5952,0.777,10.114,-0.0039,-0.0103,9.8066,-0.0191,0.0109,0.015,0.31,-39.31,-10.31,166.53,-79.29,157.03
52.399593,-1.501233,159.23,1.28,3,57.8,19 / 20,5541910,2019-09-06 20:52:27:653,0.9021,1.2927,10.125,0.0055,0.0272,9.8065,-0.0854,0.0032,-0.0375,0.56,-39.87,-10.44,163.56,-79.25,157.4
52.399593,-1.501233,159.23,1.28,3,57.8,19 / 20,5542010,2019-09-06 20:52:27:753,0.4612,0.543,9.7586,-0.0073,-0.0003,9.8065,0.0197,-0.0403,0.01,0.19,-39.87,-10.94,165.87,-79.33,156.64
52.399593,-1.501233,159.23,1.28,3,57.8,19 / 20,5542110,2019-09-06 20:52:27:853,0.7666,-0.2793,9.7701,-0.0052,-0.0088,9.8066,-0.0874,-0.0032,-0.0266,0.63,-39.94,-10.12,162.8,-79.54,156.43
52.399593,-1.501233,159.23,1.28,3,57.8,19 / 20,5542209,2019-09-06 20:52:27:952,0.6077,0.2401,9.8597,-0.0032,-0.0112,9.8065,0.0808,-0.0029,-0.0012,0.19,-40.44,-11.06,165.27,-79.59,155.87
52.399593,-1.501233,159.23,1.28,3,57.8,19 / 20,5542310,2019-09-06 20:52:28:053,0.2072,0.5221,9.8809,-0.0023,0.0025,9.8066,-0.0301,0.0353,-0.0221,-0.12,-39.44,-10.37,165.8,-79.64,156.11
52.399593,-1.501233,159.23,1.28,3,57.8,18 / 20,5542410,2019-09-06 20:52:28:153,0.6726,-0.4336,10.0916,0.0015,0.0129,9.8065,0.0232,0.0472,0.0043,0.69,-40,-10.87,162.27,-79.52,156.16
52.399593,-1.501233,159.23,1.28,3,57.8,18 / 20,5542509,2019-09-06 20:52:28:252,0.3451,-0.2217,10.3908,0.0096,0.0108,9.8065,0.0062,-0.0191,-0.0038,0,-39.87,-10.19,166.59,-79.49,157.06
52.399593,-1.501233,159.23,1.28,3,57.8,18 / 20,5542610,2019-09-06 20:52:28:353,0.4477,1.2683,8.888,0.0071,0.0172,9.8065,-0.0073,0.014,0.0429,0.88,-40.06,-10.81,163.33,-79.37,157.73
52.399593,-1.501233,159.23,1.28,3,57.8,18 / 20,5542710,2019-09-06 20:52:28:453,0.0278,1.0922,9.5627,0.0094,-0.0018,9.8066,0.0131,0.0551,-0.0205,0.44,-39.75,-10,167.38,-79.43,158.35
52.399593,-1.501233,159.23,1.28,3,57.8,18 / 20,5542809,2019-09-06 20:52:28:552,0.8331,0.419,9.9403,0.0063,-0.0067,9.8066,0.0039,-0.05,0.0086,0,-39.44,-10.06,167.27,-79.57,158.51
52.399593,-1.501233,159.23,1.28,3,57.8,18 / 20,5542910,2019-09-06 20:52:28:653,0.7384,-0.6103,10.1356,0.0039,0.0066,9.8066,-0.0587,0.0104,0.0414,-0.25,-40.06,-10.25,167.42,-79.69,158.64
52.399593,-1.501233,159.23,1.28,3,57.8,18 / 20,5543010,2019-09-06 20:52:28:753,0.485,0.0221,9.8676,0.0077,0.01,9.8066,-0.049,0.0144,-0.0109,0.25,-39.69,-9.81,167.75,-79.71,159.21
52.399593,-1.501233,159.23,1.28,3,57.8,18 / 20,5543109,2019-09-06 20:52:28:852,0.6205,0.0714,10.2257,0.0061,0.0375,9.8065,-0.0102,-0.0521,0.0191,0,-39.94,-10.44,168.29,-79.54,159.99
52.399593,-1.501233,159.23,1.28,3,57.8,18 / 20,5543210,2019-09-06 20:52:28:953,0.3357,0.9167,9.8167,0.0056,0.0163,9.8066,-0.0872,0.0026,0.0416,0.25,-39.5,-10.25,168.25,-79.55,160.15
52.399593,-1.501233,159.23,1.28,3,57.8,18 / 20,5543310,2019-09-06 20:52:29:053,0.1277,0.2665,10.0644,0.0116,0.036,9.8065,-0.0847,-0.006,0.0328,0,-39.5,-11.19,168.4,-79.5,161.12
52.399593,-1.501233,159.23,1.28,3,57.8,18 / 20,5543409,2019-09-06 20:52:29:152,0.7824,-0.2018,9.5889,0.0106,0.0507,9.8064,-0.1489,-0.0065,0.0261,0.25,-39.75,-10.25,169.16,-79.49,161.45
52.399593,-1.501233,159.23,1.28,3,57.8,18 / 20,5543510,2019-09-06 20:52:29:253,-0.0294,-0.2034,9.5148,0.014,-0.0065,9.8065,0.1293,-0.0433,0.0412,0.13,-40.19,-9.94,169.59,-79.51,162.19
52.399593,-1.501233,159.23,1.28,3,57.8,18 / 20,5543609,2019-09-06 20:52:29:352,0.8946,0.6467,9.9371,0.0173,0.0079,9.8065,0.062,-0.0352,0.0517,0.81,-39.31,-9.56,167.02,-79.41,163.73
52.399593,-1.501233,159.23,1.28,3,57.8,18 / 20,5543710,2019-09-06 20:52:29:453,0.2631,0.0471,9.5137,0.012,-0.0254,9.8066,0.0731,-0.0374,0.0267,0.06,-40.19,-10.75,171.04,-79.51,165.27
52.399593,-1.501233,159.23,1.28,3,57.8,18 / 20,5543810,2019-09-06 20:52:29:553,0.9085,0.2387,9.0837,0.0133,-0.0332,9.8065,0.0755,0.0102,0.0285,0.5,-39.56,-9.75,168.4,-79.6,165.99
52.399593,-1.501233,159.23,1.28,3,57.8,18 / 20,5543909,2019-09-06 20:52:29:652,0.4666,1.205,10.094,-0.0057,-0.0281,9.8065,-0.0682,0.0257,-0.0061,-0.19,-40.12,-10.5,171.77,-79.83,166.09
52.399593,-1.501233,159.23,1.28,3,57.8,18 / 20,5544010,2019-09-06 20:52:29:753,0.1396,-0.1728,10.4564,-0.0003,-0.0315,9.8066,-0.087,0.0572,0.0033,0,-39.62,-10.37,171.61,-79.99,165.92
52.399593,-1.501233,159.23,1.28,3,57.8,18 / 20,5544110,2019-09-06 20:52:29:853,0.5203,-0.7948,9.8686,0.0057,0.0337,9.8065,0.0919,-0.0129,-0.0125,-0.25,-40.25,-10.31,171.96,-80.06,166.54
52.399593,-1.501233,159.23,1.28,3,57.8,18 / 20,5544210,2019-09-06 20:52:29:953,1.267,0.2849,9.4942,0.0016,0.0185,9.8066,-0.0497,-0.0732,0.0289,-0.25,-39.87,-10.25,172.28,-79.72,166.9
52.399593,-1.501233,159.23,1.28,3,57.8,18 / 20,5544309,2019-09-06 20:52:30:052,0.7165,-0.1377,9.5229,-0.0054,-0.0168,9.8065,0.0866,0.0234,-0.0248,-0.69,-40.19,-10.5,175.74,-79.67,167.05
52.399593,-1.501233,159.23,1.28,3,57.8,19 / 20,5544410,2019-09-06 20:52:30:153,0.8806,-0.4952,9.8815,0.004,-0.0097,9.8066,0.0665,0.0198,0.0017,-0.06,-39.87,-10.56,171.83,-79.82,166.71
52.399593,-1.501233,159.23,1.28,3,57.8,19 / 20,5544509,2019-09-06 20:52:30:252,0.8884,-0.4353,9.9814,-0.0007,-0.0152,9.8066,0.0095,-0.0106,0.0021,-0.25,-40.06,-10.56,171.76,-80.04,166.7
52.399593,-1.501233,159.23,1.28,3,57.8,19 / 20,5544610,2019-09-06 20:52:30:353,-0.2076,-0.2428,9.6887,-0.0074,0.0028,9.8066,-0.0528,0.0574,-0.0403,0.06,-39.44,-10.56,171.48,-79.97,166.35
52.399593,-1.501233,159.23,1.28,3,57.8,19 / 20,5544710,2019-09-06 20:52:30:453,0.8431,-0.4954,10.006,-0.0015,0.0212,9.8065,0.0894,0.0922,-0.0028,-0.31,-39.69,-10.87,171.57,-79.87,166.32
52.399593,-1.501233,159.23,1.28,3,57.8,19 / 20,5544809,2019-09-06 20:52:30:552,0.3853,0.252,9.8652,-0.0003,0.0201,9.8066,0.0183,0.0173,-0.0399,0.25,-40,-10.31,171.97,-79.61,166.32
52.399593,-1.501233,159.23,1.28,3,57.8,19 / 20,5544909,2019-09-06 20:52:30:652,0.397,0.3148,9.7717,0.0043,-0.0189,9.8066,0.0077,0.0594,0.0105,0,-39.56,-10.69,171.91,-79.72,166.8
52.399593,-1.501233,159.23,1.28,3,57.8,19 / 20,5545009,2019-09-06 20:52:30:752,0.8413,-0.3577,10.4404,0.0095,-0.0145,9.8066,0.1096,-0.036,0.0135,0.31,-39.69,-10.5,172.46,-79.79,167.24
52.399593,-1.501233,159.23,1.28,3,57.8,19 / 20,5545110,2019-09-06 20:52:30:853,0.2035,-0.8194,9.6996,0.0014,0.022,9.8065,-0.0437,-0.002,0.0148,-0.12,-39.37,-10.62,172.2,-79.77,167.41
52.399593,-1.501233,159.23,1.28,3,57.8,19 / 20,5545210,2019-09-06 20:52:30:953,0.4321,-0.7365,9.5866,0.0082,0.018,9.8066,-0.0175,0.004,0.0135,0,-39.87,-10.56,172.53,-79.78,167.83
52.399593,-1.501233,159.23,1.28,3,57.8,19 / 20,5545310,2019-09-06 20:52:31:053,0.657,-0.4206,9.6237,-0.0043,-0.0086,9.8066,0.0191,-0.0335,-0.0215,0.31,-39.5,-10.69,172.61,-79.7,168.04
52.39996,-1.501299,156.71,9.18,4,343.74,19 / 20,5545409,2019-09-06 20:52:31:152,0.6601,0.0158,10.1061,-0.0044,-0.0048,9.8066,0.0178,0.004,0.008,-0.12,-39.87,-10.37,172.87,-79.64,167.85
52.39996,-1.501299,156.71,9.18,4,343.74,19 / 20,5545510,2019-09-06 20:52:31:253,0.2544,-0.5421,9.85,-0.0012,0.004,9.8066,0.1033,-0.0409,0.0121,0.19,-39.94,-10.31,172.75,-79.65,167.66
52.39996,-1.501299,156.71,9.18,4,343.74,19 / 20,5545609,2019-09-06 20:52:31:352,0.3194,-0.34,10.0521,-0.0048,0.0001,9.8065,0.0232,0.0249,-0.0407,0.25,-39.69,-10.37,172.77,-79.63,167.69
52.39996,-1.501299,156.71,9.18,4,343.74,19 / 20,5545709,2019-09-06 20:52:31:452,0.2767,-0.4484,9.7054,0.0018,0.0032,9.8066,-0.0154,-0.037,0.0034,0.31,-39.5,-10.81,172.11,-79.67,167.23
52.39996,-1.501299,156.71,9.18,4,343.74,19 / 20,5545809,2019-09-06 20:52:31:552,0.8671,-0.4985,9.9693,-0.0051,0.0028,9.8066,0.0222,-0.044,0.0063,0.19,-39.12,-10.44,172.3,-79.67,167.05
52.39996,-1.501299,156.71,9.18,4,343.74,19 / 20,5545909,2019-09-06 20:52:31:652,0.5311,-0.161,9.4974,0.0035,0.0276,9.8065,-0.0026,0.0257,0.0043,0.5,-39.94,-10.19,169.16,-79.59,167.26
52.39996,-1.501299,156.71,9.18,4,343.74,19 / 20,5546009,2019-09-06 20:52:31:752,-0.2964,-0.3776,9.7105,0.0034,-0.0061,9.8066,0.0459,0.0718,-0.0245,-0.06,-39.81,-10.5,172.47,-79.65,167.18
52.39996,-1.501299,156.71,9.18,4,343.74,19 / 20,5546109,2019-09-06 20:52:31:852,0.8901,-0.1691,10.0183,0.0024,-0.0044,9.8066,-0.0537,0.0076,0.0017,0,-40,-10.62,172.31,-79.63,167.4
52.39996,-1.501299,156.71,9.18,4,343.74,19 / 20,5546210,2019-09-06 20:52:31:953,0.942,-0.7818,9.7271,0.0026,0.0062,9.8066,-0.0471,-0.0347,0.0046,0.25,-40,-10.37,172.59,-79.64,167.39
52.39996,-1.501299,156.71,9.18,4,343.74,19 / 20,5546310,2019-09-06 20:52:32:053,0.6964,-0.5373,9.8467,-0.0015,0.0078,9.8066,0.0378,0.0243,-0.0248,-0.06,-40.06,-10.69,172.35,-79.6,167.45
52.39996,-1.501299,156.71,9.18,4,343.74,19 / 20,5546409,2019-09-06 20:52:32:152,0.6946,-0.2682,9.6601,0.0012,-0.0086,9.8066,0.0344,-0.0051,0.008,0.44,-40.12,-10.06,172.44,-79.73,167.18
52.39996,-1.501299,156.71,9.18,4,343.74,19 / 20,5546510,2019-09-06 20:52:32:253,0.8728,-0.6323,9.6437,-0.0018,-0.0108,9.8066,-0.0728,0.0881,-0.0131,0.06,-40.44,-10.5,172.41,-79.76,167.14
52.39996,-1.501299,156.71,9.18,4,343.74,19 / 20,5546610,2019-09-06 20:52:32:353,0.3721,-0.4004,10.074,0.0035,-0.006,9.8066,0.0475,-0.0073,-0.005,0.44,-39.94,-10.69,171.99,-79.81,166.97
52.39996,-1.501299,156.71,9.18,4,343.74,19 / 20,5546710,2019-09-06 20:52:32:453,0.4038,-0.1166,10.3033,-0.0034,-0.0073,9.8066,-0.0226,-0.0836,0.0118,0,-39.44,-11.37,172.01,-79.77,167.11
52.39996,-1.501299,156.71,9.18,4,343.74,19 / 20,5546809,2019-09-06 20:52:32:552,0.4974,-0.7461,9.4398,-0.0009,0.0331,9.8066,-0.0853,-0.0284,0.0123,-0.06,-40.06,-10.75,172.28,-79.53,167.32
52.39996,-1.501299,156.71,9.18,4,343.74,19 / 20,5546909,2019-09-06 20:52:32:652,0.7424,-0.2098,9.3644,0.0075,0.0329,9.8066,0.0496,-0.0061,0.0142,-0.19,-39.19,-10.44,172.62,-79.47,167.49
52.39996,-1.501299,156.71,9.18,4,343.74,19 / 20,5547010,2019-09-06 20:52:32:753,0.1949,-0.556,9.5667,-0.0042,-0.0358,9.8065,0.0214,-0.0191,0.0105,-0.25,-39.75,-10.69,172.28,-79.73,167.41
52.39996,-1.501299,156.71,9.18,4,343.74,19 / 20,5547110,2019-09-06 20:52:32:853,0.665,-0.7709,10.1047,0.0088,-0.0288,9.8065,-0.0311,0.0104,0.0438,-0.19,-39.44,-10.31,172.63,-79.9,167.7
52.39996,-1.501299,156.71,9.18,4,343.74,19 / 20,5547210,2019-09-06 20:52:32:953,0.6853,-1.617,10.3663,0.0103,0.0241,9.8065,-0.0417,0.0176,-0.0034,-0.56,-39.62,-10.81,176.12,-79.88,168.52
52.39996,-1.501299,156.71,9.18,4,343.74,19 / 20,5547309,2019-09-06 20:52:33:052,0.0371,-0.6325,10.074,0.0011,0.0353,9.8065,0.0692,-0.052,0.0055,-0.37,-40.06,-10.19,173.62,-79.57,169.11
52.39996,-1.501299,156.71,9.18,4,343.74,19 / 20,5547410,2019-09-06 20:52:33:153,1.1186,-0.2459,9.5488,0.0011,0.0342,9.8065,-0.0196,-0.0555,-0.0006,-0.06,-39.75,-10.06,173.78,-79.19,169.23
52.39996,-1.501299,156.71,9.18,4,343.74,19 / 20,5547510,2019-09-06 20:52:33:253,0.9276,-0.7886,10.0851,-0.0129,-0.0136,9.8065,-0.0274,-0.0307,-0.0363,0,-40.06,-10.56,173.34,-79.19,168.92
52.39996,-1.501299,156.71,9.18,4,343.74,19 / 20,5547610,2019-09-06 20:52:33:353,0.8126,-0.8588,9.5855,-0.016,0.0015,9.8066,-0.1092,0.0396,-0.0466,0.38,-39.75,-10,172.75,-79.27,167.48
52.39996,-1.501299,156.71,9.18,4,343.74,19 / 20,5547710,2019-09-06 20:52:33:453,0.6833,-0.584,9.5115,-0.0106,0.0051,9.8066,0.0552,0.0385,-0.0313,0.56,-39.5,-10.5,168.76,-79.32,166.59
52.39996,-1.501299,156.71,9.18,4,343.74,19 / 20,5547810,2019-09-06 20:52:33:553,0.3512,-1.4267,9.7597,-0.0041,-0.0218,9.8066,0.0602,-0.0267,-0.0191,0.63,-39.44,-10.12,168.43,-79.33,166.04
52.39996,-1.501299,156.71,9.18,4,343.74,19 / 20,5547910,2019-09-06 20:52:33:653,0.6682,-0.6895,10.1036,-0.0066,-0.0328,9.8066,-0.0364,-0.0319,0.0025,0,-39,-11.19,171.04,-79.5,165.41
52.39996,-1.501299,156.71,9.18,4,343.74,19 / 20,5548010,2019-09-06 20:52:33:753,1.0547,-0.9875,10.4304,0.002,0.0184,9.8066,0.0362,-0.0553,0.0079,-0.06,-39.31,-9.87,171.64,-79.36,165.78
52.39996,-1.501299,156.71,9.18,4,343.74,19 / 20,5548109,2019-09-06 20:52:33:852,0.4614,-0.3236,10.1443,-0.0021,0.0098,9.8065,0.0265,-0.0368,-0.0002,0,-38.87,-10.69,171.31,-79.28,165.73
52.39996,-1.501299,156.71,9.18,4,343.74,19 / 20,5548209,2019-09-06 20:52:33:952,0.7727,-0.5104,9.8626,-0.0016,0.0078,9.8066,0.0426,-0.0137,-0.0052,0.56,-39.5,-10.44,168.39,-79.05,165.77
52.39996,-1.501299,156.71,9.18,4,343.74,19 / 20,5548310,2019-09-06 20:52:34:053,1.3337,-1.0189,9.6424,-0.0017,0.0001,9.8066,-0.0208,-0.0032,-0.0071,0.44,-39.31,-9.87,171.7,-79.01,165.69
52.39996,-1.501299,156.71,9.18,4,343.74,19 / 20,5548409,2019-09-06 20:52:34:152,0.4177,-0.4711,9.3555,-0.0048,0.0042,9.8065,-0.1026,-0.014,-0.0042,0.44,-39.69,-10.56,171.37,-79.05,165.57
52.39996,-1.501299,156.71,9.18,4,343.74,19 / 20,5548509,2019-09-06 20:52:34:252,0.1786,-0.672,9.6764,-0.003,-0.0218,9.8065,-0.0112,-0.0666,-0.0088,0.88,-39.56,-10.5,167.91,-79.31,164.93
52.39996,-1.501299,156.71,9.18,4,343.74,19 / 20,5548610,2019-09-06 20:52:34:353,0.8785,-0.8496,9.6281,-0.0065,0.002,9.8066,-0.0974,0.0541,-0.0241,0.06,-39.5,-10.75,170.61,-79.32,164.61
52.39996,-1.501299,156.71,9.18,4,343.74,19 / 20,5548709,2019-09-06 20:52:34:452,1.0299,-0.0796,10.0936,-0.0012,-0.0093,9.8066,0.0276,-0.0003,-0.0274,0.75,-39.44,-10.62,167.27,-79.35,164.4
52.39996,-1.501299,156.71,9.18,4,343.74,19 / 20,5548810,2019-09-06 20:52:34:553,0.3823,-0.0335,9.5895,-0.0068,0.0159,9.8066,0.0433,-0.0163,-0.0074,-0.31,-38.87,-10.37,170.43,-79.45,163.77
52.39996,-1.501299,156.71,9.18,4,343.74,19 / 20,5548909,2019-09-06 20:52:34:652,0.3308,-0.8479,9.7122,-0.0042,-0.0011,9.8066,0.0481,-0.0435,-0.0215,-0.19,-39.44,-10.94,169.75,-79.38,163.25
52.39996,-1.501299,156.71,9.18,4,343.74,19 / 20,5549010,2019-09-06 20:52:34:753,0.749,-0.5983,9.6082,-0.0094,-0.016,9.8066,0.0146,0.0009,-0.0239,0,-38.81,-10.5,169.78,-79.45,162.67
52.39996,-1.501299,156.71,9.18,4,343.74,19 / 20,5549109,2019-09-06 20:52:34:852,0.3176,-0.1427,9.7671,-0.0151,-0.0156,9.8065,0.0862,0.0004,-0.0324,0,-38.87,-10.94,168.66,-79.42,161.49
52.39996,-1.501299,156.71,9.18,4,343.74,19 / 20,5549210,2019-09-06 20:52:34:953,0.9673,-0.9326,9.8828,-0.0075,-0.025,9.8066,0.0492,-0.0259,-0.033,0.81,-39.25,-10.87,165.03,-79.45,160.85
52.39996,-1.501299,156.71,9.18,4,343.74,19 / 20,5549310,2019-09-06 20:52:35:053,-0.0216,-0.0378,10.0957,-0.0129,-0.0006,9.8066,0.0149,-0.007,-0.0204,0,-38.44,-10.56,167.56,-79.44,159.91
52.39996,-1.501299,156.71,9.18,4,343.74,19 / 20,5549409,2019-09-06 20:52:35:152,0.7593,0.2128,10.4526,-0.0084,-0.0039,9.8066,-0.0713,-0.04,-0.029,0.75,-39.25,-10.19,164.36,-79.43,159.25
52.39996,-1.501299,156.71,9.18,4,343.74,19 / 20,5549510,2019-09-06 20:52:35:253,0.4203,-0.6166,9.629,-0.0079,0.0141,9.8065,0.06,-0.0534,-0.0072,0.94,-38.69,-10.81,163.71,-79.32,158.59
52.39996,-1.501299,156.71,9.18,4,343.74,19 / 20,5549609,2019-09-06 20:52:35:352,0.2761,-0.3801,9.7639,-0.003,0.0358,9.8065,-0.0767,0.0537,-0.0371,1.19,-38.94,-10.44,164.2,-79.11,158.65
52.39996,-1.501299,156.71,9.18,4,343.74,19 / 20,5549710,2019-09-06 20:52:35:453,0.9179,-0.3939,9.7648,-0.0013,-0.0213,9.8065,0.1286,0.0508,-0.0263,1.19,-38.75,-10.69,163.71,-79.06,158.34
52.39996,-1.501299,156.71,9.18,4,343.74,19 / 20,5549809,2019-09-06 20:52:35:552,0.3576,-0.4066,9.9501,-0.0041,-0.0283,9.8066,0.058,0.0102,-0.0158,1.38,-39.31,-11.12,163.43,-79.16,157.98
52.39996,-1.501299,156.71,9.18,4,343.74,19 / 20,5549909,2019-09-06 20:52:35:652,0.0362,-0.304,9.752,0.0012,0.0075,9.8065,-0.0072,-0.0257,0.0167,1.56,-39.81,-10.31,160.46,-79.12,157.73
52.39996,-1.501299,156.71,9.18,4,343.74,19 / 20,5550010,2019-09-06 20:52:35:753,-0.2455,0.2383,9.4481,0.005,0.0003,9.8066,0.0036,0.0058,0.0157,1.38,-39.25,-11.12,163.21,-79.18,157.63
52.39996,-1.501299,156.71,9.18,4,343.74,19 / 20,5550110,2019-09-06 20:52:35:853,0.5741,-0.7739,9.5396,0.0013,0.0056,9.8066,-0.0152,0.0246,-0.0228,1.44,-39.5,-11.06,163.35,-79.22,157.9
52.39996,-1.501299,156.71,9.18,4,343.74,19 / 20,5550209,2019-09-06 20:52:35:952,0.344,-1.0572,9.96,-0.0102,0.0361,9.8065,-0.0076,-0.0226,-0.0264,1.69,-39.31,-10.25,160.05,-79.16,157.44
52.39996,-1.501299,156.71,9.18,4,343.74,19 / 20,5550310,2019-09-06 20:52:36:053,-0.3517,-0.3295,9.9198,-0.0057,0.0009,9.8066,0.0394,-0.0253,-0.0035,1.63,-39.62,-10.56,159.74,-79.18,156.9
52.39996,-1.501299,156.71,9.18,4,343.74,19 / 20,5550409,2019-09-06 20:52:36:152,0.2866,-0.155,9.7592,-0.0058,0.0098,9.8066,0.0383,0.021,-0.0282,1.94,-38.62,-10.37,159.52,-79.06,156.43
52.39996,-1.501299,156.71,9.18,4,343.74,19 / 20,5550510,2019-09-06 20:52:36:253,0.142,-0.1337,9.7183,-0.0074,-0.0101,9.8066,-0.0889,0.092,-0.027,1.63,-38.94,-10.62,159.01,-79.06,155.93
52.39996,-1.501299,156.71,9.18,4,343.74,19 / 20,5550610,2019-09-06 20:52:36:353,-0.0725,-1.0162,9.6726,-0.0059,-0.0158,9.8066,-0.0828,0.0247,-0.0089,2.44,-39.5,-10.56,158.51,-79.22,155.31
52.39996,-1.501299,156.71,9.18,4,343.74,19 / 20,5550710,2019-09-06 20:52:36:453,-0.4504,-1.1158,9.7776,-0.0025,0.0066,9.8066,-0.0042,-0.0109,0.0228,2.5,-38.69,-10.75,154.84,-79.29,154.75
52.39996,-1.501299,156.71,9.18,4,343.74,19 / 20,5550810,2019-09-06 20:52:36:553,-0.4376,-0.4726,9.8755,0.0011,0.0264,9.8066,-0.0562,0.0708,-0.0268,2.19,-39,-10.87,158.42,-79.2,155.13
52.39996,-1.501299,156.71,9.18,4,343.74,19 / 20,5550910,2019-09-06 20:52:36:653,0.8765,-1.0854,10.0472,0.006,0.0026,9.8066,0.0576,0.0504,-0.006,2.5,-39.31,-10.56,155.18,-79.22,155.2
52.39996,-1.501299,156.71,9.18,4,343.74,19 / 20,5551010,2019-09-06 20:52:36:753,0.8384,-0.6299,10.01,0.001,-0.0132,9.8066,0.0246,0.0163,-0.0114,1.94,-38.94,-10.56,158.51,-79.23,155.32
52.39996,-1.501299,156.71,9.18,4,343.74,19 / 20,5551110,2019-09-06 20:52:36:853,-0.1558,-0.2939,10.1914,0.0033,-0.0016,9.8066,-0.0395,-0.0153,-0.0175,2.56,-39.37,-10.37,155.35,-79.25,155.48
52.39996,-1.501299,156.71,9.18,4,343.74,19 / 20,5551210,2019-09-06 20:52:36:953,-0.0291,-0.42,9.9853,-0.0027,-0.014,9.8066,0.0424,-0.0088,0.0082,2.31,-39.19,-10.56,158.43,-79.29,155.25
52.39996,-1.501299,156.71,9.18,4,343.74,19 / 20,5551309,2019-09-06 20:52:37:052,0.6381,-1.1719,9.7452,0.0022,-0.0103,9.8065,0.0161,0.0394,-0.011,2.5,-39.37,-10.81,155.28,-79.25,155.41
52.39996,-1.501299,156.71,9.18,4,343.74,19 / 20,5551410,2019-09-06 20:52:37:153,-0.5751,-0.791,9.6556,-0.0072,-0.0019,9.8066,-0.0539,0.0705,-0.0143,3.25,-39.19,-10.56,155.12,-79.25,155.14
52.39996,-1.501299,156.71,9.18,4,343.74,19 / 20,5551509,2019-09-06 20:52:37:252,-0.3414,-0.8352,9.6594,0.0002,-0.018,9.8065,0.0535,-0.0189,-0.0119,2.38,-39.5,-10.87,158.23,-79.39,155.05
52.39996,-1.501299,156.71,9.18,4,343.74,19 / 20,5551610,2019-09-06 20:52:37:353,0.4526,-0.6207,9.7881,0.0044,-0.0108,9.8066,-0.0155,-0.0116,0.0168,2.75,-39.44,-10.37,155,-79.41,155.15
52.39996,-1.501299,156.71,9.18,4,343.74,19 / 20,5551709,2019-09-06 20:52:37:452,-0.2955,-1.3147,9.6046,0.0002,0.0048,9.8066,0.0152,0.0317,0.0024,2.81,-39.69,-11,155.22,-79.43,155.15
52.39996,-1.501299,156.71,9.18,4,343.74,19 / 20,5551810,2019-09-06 20:52:37:553,0.2658,-0.6327,9.9323,0.0055,0.018,9.8066,0.0211,-0.0098,-0.0105,3,-39.25,-11.12,155.18,-79.44,155.49
52.39996,-1.501299,156.71,9.18,4,343.74,19 / 20,5551910,2019-09-06 20:52:37:653,0.4221,-0.5973,9.5678,0.0032,-0.0148,9.8066,0.0471,0.0352,-0.0029,3.13,-39.81,-10.75,155.26,-79.49,155.3
52.39996,-1.501299,156.71,9.18,4,343.74,19 / 20,5552009,2019-09-06 20:52:37:752,0.3125,-0.025,10.072,0.0029,-0.0201,9.8065,0.0598,0.0042,-0.0114,2.69,-39.94,-11,155.16,-79.6,155.31
52.39996,-1.501299,156.71,9.18,4,343.74,19 / 20,5552110,2019-09-06 20:52:37:853,0.3829,-0.3449,9.5311,0.0073,0.0066,9.8065,0.0051,0.0113,0.0341,2.94,-39.44,-10.37,155.11,-79.58,155.59
52.39996,-1.501299,156.71,9.18,4,343.74,19 / 20,5552210,2019-09-06 20:52:37:953,0.4648,-0.642,9.3554,0.0067,0.0081,9.8066,-0.0527,0.0426,-0.0027,2.31,-39.56,-10.44,159.19,-79.6,156.21
52.39996,-1.501299,156.71,9.18,4,343.74,19 / 20,5552310,2019-09-06 20:52:38:053,0.0019,-1.1096,9.6691,0.0087,-0.003,9.8066,0.0515,-0.0466,0.0205,2.69,-39.5,-10.5,155.61,-79.69,156.59
52.39996,-1.501299,156.71,9.18,4,343.74,19 / 20,5552410,2019-09-06 20:52:38:153,0.8773,-1.2315,9.7334,0.0051,-0.0172,9.8066,-0.0303,-0.032,0.0161,2.56,-39.56,-10.44,156.12,-79.66,156.95
52.39996,-1.501299,156.71,9.18,4,343.74,19 / 20,5552509,2019-09-06 20:52:38:252,1.3928,0.438,10.357,0.0043,0.0103,9.8066,0.0028,0.0268,-0.0198,3.06,-40.12,-10.87,156.58,-79.62,157.59
52.39996,-1.501299,156.71,9.18,4,343.74,19 / 20,5552610,2019-09-06 20:52:38:353,0.34,-0.8574,9.7716,-0.0017,0.0008,9.8066,-0.0254,0.0134,0.0042,2.81,-39.69,-10.87,156.64,-79.57,157.62
52.39996,-1.501299,156.71,9.18,4,343.74,19 / 20,5552709,2019-09-06 20:52:38:452,0.9151,-0.8787,10.1763,-0.0014,0.0141,9.8066,-0.0377,-0.0506,-0.0155,2.81,-40.56,-10.19,157.07,-79.48,157.86
52.39996,-1.501299,156.71,9.18,4,343.74,19 / 20,5552809,2019-09-06 20:52:38:552,1.1624,-0.0266,9.8603,0.0006,-0.0078,9.8066,-0.0527,-0.0312,0.0291,3.25,-39.25,-9.69,156.3,-79.57,157.53
52.39996,-1.501299,156.71,9.18,4,343.74,19 / 20,5552909,2019-09-06 20:52:38:652,1.2882,-0.4905,9.8404,-0.0023,0.0328,9.8065,-0.1083,-0.0723,-0.0119,2.75,-40.25,-9.75,156.54,-79.64,157.61
52.39996,-1.501299,156.71,9.18,4,343.74,19 / 20,5553009,2019-09-06 20:52:38:752,1.4777,-0.922,9.6132,0.01,0.0346,9.8066,-0.0842,-0.0736,0.0394,3.25,-40.19,-9.69,156.94,-79.56,158.15
52.39996,-1.501299,156.71,9.18,4,343.74,19 / 20,5553110,2019-09-06 20:52:38:853,1.8901,-0.7358,9.196,0.0118,-0.0197,9.8066,0.0266,-0.0094,0.0288,2.63,-39.81,-9.25,156.86,-79.78,158.48
52.39996,-1.501299,156.71,9.18,4,343.74,19 / 20,5553209,2019-09-06 20:52:38:952,1.4922,-1.1184,9.6761,0.0047,-0.0027,9.8066,0.0536,-0.0705,-0.0073,2.56,-39.69,-9.37,156.99,-79.85,158.83
52.39996,-1.501299,156.71,9.18,4,343.74,19 / 20,5553309,2019-09-06 20:52:39:052,1.6373,0.1002,9.8493,-0.0096,-0.0268,9.8066,-0.0501,-0.1017,0.0126,1.81,-39.31,-8.94,159.51,-80.11,157.55
52.39996,-1.501299,156.71,9.18,4,343.74,19 / 20,5553410,2019-09-06 20:52:39:153,1.0354,-1.2967,9.7612,-0.0135,-0.0088,9.8066,-0.0577,-0.0636,-0.04,1.38,-39.69,-9.5,163.05,-80.11,156.84
52.39996,-1.501299,156.71,9.18,4,343.74,19 / 20,5553510,2019-09-06 20:52:39:253,0.7136,-1.1564,9.3354,-0.0146,-0.0321,9.8065,0.0756,-0.0492,-0.0007,1.5,-39.19,-9.25,158.43,-80.06,155.65
52.39996,-1.501299,156.71,9.18,4,343.74,19 / 20,5553610,2019-09-06 20:52:39:353,0.5313,-0.5471,9.8252,-0.0103,-0.0012,9.8066,0.1101,-0.0121,-0.0448,1,-39.5,-10.25,161.11,-80.06,154.54
52.39996,-1.501299,156.71,9.18,4,343.74,19 / 20,5553709,2019-09-06 20:52:39:452,0.5756,0.0046,10.1751,-0.0017,0.0166,9.8066,-0.0835,-0.1042,0.017,2.06,-39.31,-10.37,157.14,-79.99,153.76
52.39996,-1.501299,156.71,9.18,4,343.74,19 / 20,5553809,2019-09-06 20:52:39:552,1.1004,-1.4277,9.9926,-0.0067,-0.0014,9.8066,-0.0494,-0.1192,-0.0075,1.13,-39.19,-10,160.3,-80.06,153.22
52.39996,-1.501299,156.71,9.18,4,343.74,19 / 20,5553910,2019-09-06 20:52:39:653,1.2144,-1.1006,9.5656,0.0009,-0.0025,9.8066,0.0288,-0.0603,-0.0164,1.63,-39.56,-10.37,156.63,-80.14,152.75
52.39996,-1.501299,156.71,9.18,4,343.74,19 / 20,5554010,2019-09-06 20:52:39:753,0.8812,-1.8889,10.4228,-0.0021,0.0073,9.8066,0.3384,-0.021,-0.026,1.25,-39,-10,159.88,-80.12,152.6
52.39996,-1.501299,156.71,9.18,4,343.74,19 / 20,5554110,2019-09-06 20:52:39:853,1.3607,0.7948,9.2779,-0.0108,0.0305,9.8065,-0.0823,-0.0535,-0.0618,1.69,-39.06,-10.69,157.41,-79.41,153.77
52.39996,-1.501299,156.71,9.18,4,343.74,19 / 20,5554210,2019-09-06 20:52:39:953,2.1568,-0.0049,9.9131,0.0072,-0.0123,9.8065,0.1839,-0.2268,0.1054,1.13,-39,-10.25,160.91,-79.44,153.45
52.39996,-1.501299,156.71,9.18,4,343.74,19 / 20,5554310,2019-09-06 20:52:40:053,1.3256,-0.9688,9.9549,0.0087,0.0035,9.8066,-0.0488,-0.1401,0.0241,1.19,-39.06,-10.25,162.24,-79.08,155.28
52.40079,-1.50169,154.22,10.06,3,347.98,18 / 20,5554410,2019-09-06 20:52:40:153,1.3365,-1.5615,9.8883,-0.0099,0.0121,9.8066,0.1768,-0.0688,0.0101,1.19,-38.87,-9.94,162.3,-78.99,155.27
52.40079,-1.50169,154.22,10.06,3,347.98,18 / 20,5554509,2019-09-06 20:52:40:252,0.9559,-0.5353,9.5171,-0.0062,0.053,9.8064,0.0931,-0.084,-0.0086,0.56,-38.69,-9.19,163.92,-78.15,156.39
52.40079,-1.50169,154.22,10.06,3,347.98,18 / 20,5554610,2019-09-06 20:52:40:353,1.0331,-1.3278,8.7055,-0.0018,0.0456,9.8065,0.1595,-0.0493,-0.0058,0.81,-38,-8.87,164.35,-77.42,156.75
52.40079,-1.50169,154.22,10.06,3,347.98,18 / 20,5554709,2019-09-06 20:52:40:452,1.4321,-0.2291,9.8626,0.01,0.1341,9.8057,0.3745,-0.0846,-0.0708,0.81,-38.12,-7.56,166.36,-76.25,158.53
52.40079,-1.50169,154.22,10.06,3,347.98,18 / 20,5554809,2019-09-06 20:52:40:552,0.97,-0.6044,9.2869,-0.029,0.1495,9.8054,0.4736,-0.1388,-0.1104,1.94,-38,-5.87,165.63,-73.51,159.54
52.40079,-1.50169,154.22,10.06,3,347.98,18 / 20,5554910,2019-09-06 20:52:40:653,1.0037,-0.6934,8.5241,-0.068,0.2639,9.8028,1.0484,-0.1329,-0.414,2.31,-37.56,-4.69,167.43,-70.78,159.46
52.40079,-1.50169,154.22,10.06,3,347.98,18 / 20,5555009,2019-09-06 20:52:40:752,-0.2587,1.5866,7.959,-0.2363,0.5624,9.7876,1.8809,-0.6523,-0.8923,3.56,-35.87,-0.81,163.89,-66.03,159.08
52.40079,-1.50169,154.22,10.06,3,347.98,18 / 20,5555110,2019-09-06 20:52:40:853,-0.1358,-2.7007,0.6413,-0.4257,1.0952,9.7359,4.0213,-0.8797,-1.6066,7.5,-29.81,7.81,160.48,-50.62,154.78
52.40079,-1.50169,154.22,10.06,3,347.98,18 / 20,5555210,2019-09-06 20:52:40:953,5.8484,3.9535,-2.7279,-1.2751,1.6415,9.5838,6.413,-0.1452,-7.1924,14.06,-18.12,10.88,150.65,-20.93,148.17
52.40079,-1.50169,154.22,10.06,3,347.98,18 / 20,5555310,2019-09-06 20:52:41:053,6.2681,0.2673,12.5436,1.1255,4.8688,8.4379,3.4973,9.1322,-3.4528,4,-7.12,-9.62,109.9,27.16,170.42
52.40079,-1.50169,154.22,10.06,3,347.98,19 / 20,5555409,2019-09-06 20:52:41:152,-0.3467,-2.7797,-3.1378,0.3466,0.5902,9.7826,-1.5915,-2.1795,0.2759,-18.69,20.31,-7.62,307.26,29.74,-146
52.40079,-1.50169,154.22,10.06,3,347.98,19 / 20,5555510,2019-09-06 20:52:41:253,-49.1996,52.3986,-6.1671,0.1708,-0.6297,9.7849,9.5216,8.6737,-5.0984,-7.44,10.75,15.25,61.17,31.63,-150.52
52.40079,-1.50169,154.22,10.06,3,347.98,19 / 20,5555609,2019-09-06 20:52:41:352,-20.3059,2.0135,2.8168,-0.758,-1.7526,9.6189,8.3634,-0.1377,1.9776,-5.69,22.81,9.44,31.11,39.46,-99.61
52.40079,-1.50169,154.22,10.06,3,347.98,19 / 20,5555709,2019-09-06 20:52:41:452,8.7352,0.3368,10.0063,-0.2744,2.2848,9.5327,0.6414,4.0438,4.6461,-6,29.25,-4.62,347.76,42.93,-77.47
52.40079,-1.50169,154.22,10.06,3,347.98,19 / 20,5555809,2019-09-06 20:52:41:552,3.3678,0.5816,13.4432,-0.0188,-0.1005,9.8061,-0.8325,-0.7637,-0.8929,-2.62,35.19,-11.37,331.64,61.47,-35.53
52.40079,-1.50169,154.22,10.06,3,347.98,19 / 20,5555910,2019-09-06 20:52:41:653,3.2054,0.0205,11.1313,-0.4204,-0.2769,9.7937,0.2123,0.7113,0.4536,-0.69,34.13,-11.19,320.55,61.54,-47.34
52.40079,-1.50169,154.22,10.06,3,347.98,19 / 20,5556009,2019-09-06 20:52:41:752,3.1401,1.118,9.1812,0.0902,-0.1853,9.8044,-0.525,0.0529,0.2047,0.5,34.69,-10.19,323.52,63.03,-38.11
52.40079,-1.50169,154.22,10.06,3,347.98,19 / 20,5556110,2019-09-06 20:52:41:853,-0.2647,2.3272,9.1809,0.201,-0.0335,9.8045,-0.6637,-0.0703,-1.4915,-0.37,34.88,-8.81,325.33,65.02,-42.11
52.40079,-1.50169,154.22,10.06,3,347.98,19 / 20,5556209,2019-09-06 20:52:41:952,1.1308,-3.2957,11.722,-0.0318,-0.2564,9.8032,0.359,-0.0064,2.3042,-0.75,33.56,-8.56,325.97,63.32,-52.38
52.40079,-1.50169,154.22,10.06,3,347.98,19 / 20,5556309,2019-09-06 20:52:42:052,1.4677,-3.1794,11.607,-0.0409,-1.1785,9.7354,-0.5154,0.2605,3.7553,13.63,33.94,-10.62,289.72,71.52,-22.21
52.40079,-1.50169,154.22,10.06,3,347.98,18 / 19,5556410,2019-09-06 20:52:42:153,1.0179,0.7877,10.4486,0.1856,-0.9563,9.7581,0.053,-0.1146,1.2411,21.13,32,-10.94,214.19,69.2,45.89
52.40079,-1.50169,154.22,10.06,3,347.98,18 / 19,5556509,2019-09-06 20:52:42:252,2.125,1.0197,8.8204,-0.1553,-0.4098,9.7968,-0.1909,-0.0553,0.5452,21.81,30.63,-17.19,192.01,64.45,47.21
52.40079,-1.50169,154.22,10.06,3,347.98,18 / 19,5556610,2019-09-06 20:52:42:353,1.902,1.4657,9.8589,0.2503,-0.048,9.8033,-0.907,0.6011,0.8056,21.44,28.06,-16.81,171.86,62.55,54.35
52.40079,-1.50169,154.22,10.06,3,347.98,18 / 19,5556710,2019-09-06 20:52:42:453,4.7568,3.4566,8.9386,0.9867,0.2242,9.7542,-5.3169,2.261,-0.813,21.19,26.75,-6.81,170.02,62.82,74.9
52.40079,-1.50169,154.22,10.06,3,347.98,18 / 19,5556810,2019-09-06 20:52:42:553,-1.7529,1.4243,7.7879,2.3908,-0.4101,9.5019,-4.4208,0.9673,0.5023,16.81,16.81,8.5,156.63,60.41,128.32
52.40079,-1.50169,154.22,10.06,3,347.98,18 / 19,5556910,2019-09-06 20:52:42:653,3.4765,-2.4838,10.8061,0.9497,0.2976,9.7559,-1.94,0.5498,-0.0763,10.56,6.19,12.5,133.74,39.17,159.41
52.40079,-1.50169,154.22,10.06,3,347.98,18 / 19,5557009,2019-09-06 20:52:42:752,3.5327,-0.2688,10.2968,0.8054,-0.8868,9.7331,-3.7556,-0.2459,-0.4228,9.38,-0.5,12.75,139.95,24.02,164.2
52.40079,-1.50169,154.22,10.06,3,347.98,18 / 19,5557109,2019-09-06 20:52:42:852,-0.9947,-0.6824,6.4502,0.6195,-1.3874,9.6881,-2.7424,-0.1924,-0.5121,8.31,-9.31,12.19,157.22,7.06,164.32
52.40079,-1.50169,154.22,10.06,3,347.98,18 / 19,5557210,2019-09-06 20:52:42:953,0.004,-1.0193,9.92,0.2049,-0.3648,9.7976,-0.5628,0.5781,0.1686,7,-16.75,12.06,168.12,-8.06,162.81
52.40079,-1.50169,154.22,10.06,3,347.98,18 / 19,5557310,2019-09-06 20:52:43:053,-1.1988,-0.3912,9.4423,0.3576,-0.3235,9.7947,-0.5266,0.8952,2.281,2.63,-18.81,12,179.94,-11.48,166.04
52.40079,-1.50169,154.22,10.06,3,347.98,18 / 20,5557410,2019-09-06 20:52:43:153,0.633,-2.3039,9.2572,0.5386,-0.9208,9.7484,-1.7598,2.1832,2.3424,-3.56,-18.25,8.63,199.5,-16.9,171.82
52.40079,-1.50169,154.22,10.06,3,347.98,18 / 20,5557510,2019-09-06 20:52:43:253,-1.5642,-2.0996,8.3223,0.3513,-1.2748,9.717,-1.7063,0.3672,0.3109,-11.62,-17.81,1.88,220.47,-30.45,-168.8
52.40079,-1.50169,154.22,10.06,3,347.98,18 / 20,5557609,2019-09-06 20:52:43:352,0.3844,-1.0871,9.5072,-0.1038,-0.3723,9.7989,-1.1406,-0.69,0.1023,-13.81,-18.44,0.81,231.11,-39.68,-162.11
52.40079,-1.50169,154.22,10.06,3,347.98,18 / 20,5557710,2019-09-06 20:52:43:453,-0.6043,-1.8817,10.0506,-0.2476,-0.527,9.7892,-1.2056,-0.394,0.1376,-14.87,-21.19,-0.06,231.56,-45.29,-160.58
52.40079,-1.50169,154.22,10.06,3,347.98,18 / 20,5557809,2019-09-06 20:52:43:552,-0.6473,-0.8116,9.9148,-0.0862,-0.1632,9.8048,-0.6053,-0.7757,-0.1643,-14.75,-24.31,0.81,234.25,-51.83,-158.53
52.40079,-1.50169,154.22,10.06,3,347.98,18 / 20,5557909,2019-09-06 20:52:43:652,-0.0505,-1.8133,9.3935,-0.3361,0.076,9.8005,-0.3546,-0.8266,0.289,-14.37,-26.75,2.44,230.02,-54.71,-163.39
52.40079,-1.50169,154.22,10.06,3,347.98,18 / 20,5558010,2019-09-06 20:52:43:753,-0.6439,-2.1888,8.6461,-0.0984,0.0347,9.8061,-0.0491,0.3774,-0.6806,-13.31,-28.62,3.75,228.17,-55.89,-165.65
52.40079,-1.50169,154.22,10.06,3,347.98,18 / 20,5558110,2019-09-06 20:52:43:853,-1.7521,-1.3513,11.447,-0.0735,0.2145,9.8039,-2.5378,-0.2057,0.1982,-12.31,-31.06,1.69,219.25,-55.76,-169.36
52.40079,-1.50169,154.22,10.06,3,347.98,18 / 20,5558210,2019-09-06 20:52:43:953,-1.1987,-2.3662,9.9283,-0.243,-0.5615,9.7874,-0.631,0.1259,-0.1101,-12.12,-33.31,-1.75,230.42,-70.23,-164.75
52.40079,-1.50169,154.22,10.06,3,347.98,18 / 20,5558310,2019-09-06 20:52:44:053,1.382,-2.9442,8.5,0.0846,-0.3334,9.8006,-0.4717,1.5519,-0.7129,-11,-34.94,-3.5,233.81,-72.87,-153.51
52.40079,-1.50169,154.22,10.06,3,347.98,18 / 20,5558410,2019-09-06 20:52:44:153,-1.3313,1.834,7.1629,-0.4417,-0.1332,9.7957,-0.7095,-0.1526,-1.7682,-8.69,-37.19,-7,227.44,-75.33,-147.59
52.40079,-1.50169,154.22,10.06,3,347.98,18 / 20,5558510,2019-09-06 20:52:44:253,0.0383,-0.2455,9.4971,-0.2724,-0.1284,9.802,-0.241,0.0452,-0.2618,-6.31,-39.5,-9.81,209.35,-81.69,-168.12
52.40079,-1.50169,154.22,10.06,3,347.98,18 / 20,5558610,2019-09-06 20:52:44:353,0.8768,-0.6886,10.1137,-0.1081,0.0172,9.806,-0.0909,0.742,-0.4932,-5.25,-40.87,-10.75,197.51,-83.36,179.74
52.40079,-1.50169,154.22,10.06,3,347.98,18 / 20,5558710,2019-09-06 20:52:44:453,-0.9702,-0.496,11.5055,-0.2578,0.0285,9.8032,0.1571,0.126,0.0662,-3.5,-41.56,-12.5,174.13,-83.25,157.8
52.40079,-1.50169,154.22,10.06,3,347.98,18 / 20,5558809,2019-09-06 20:52:44:552,-9.3445,-7.1715,3.9158,-0.2489,-0.2403,9.8005,-0.5138,0.4248,-0.3658,-2.62,-42.31,-14.31,162.57,-84.13,145.4
52.40079,-1.50169,154.22,10.06,3,347.98,18 / 20,5558910,2019-09-06 20:52:44:653,0.4498,-0.0184,9.8168,0.1718,-0.0445,9.805,-0.0571,0.0148,-0.0139,-3.56,-42.12,-14.31,173.24,-85.22,155.7
52.40079,-1.50169,154.22,10.06,3,347.98,18 / 20,5559009,2019-09-06 20:52:44:752,-2.1496,-0.6329,10.706,0.0451,-0.0167,9.8065,-0.0386,-0.1174,0.2579,-3.94,-41.94,-14.25,175.25,-85.32,158.21
52.40079,-1.50169,154.22,10.06,3,347.98,18 / 20,5559109,2019-09-06 20:52:44:852,0.8026,0.4202,9.3942,0.0757,0.0697,9.8061,0.0467,-0.6622,0.3157,-5.5,-41.44,-13.56,190.1,-84.74,172.94
52.40079,-1.50169,154.22,10.06,3,347.98,18 / 20,5559210,2019-09-06 20:52:44:953,1.3491,0.0091,9.8315,0.0257,-0.011,9.8065,-0.1434,0.0526,0.0771,-6.12,-41.5,-12.56,205.42,-84.34,-172.49
52.40079,-1.50169,154.22,10.06,3,347.98,18 / 20,5559310,2019-09-06 20:52:45:053,-0.2153,-0.0733,9.5005,-0.0509,-0.0606,9.8063,0.1414,-0.2109,-0.0644,-4.87,-41.62,-13.44,204.42,-85.14,-170.63
52.40079,-1.50169,154.22,10.06,3,347.98,19 / 20,5559409,2019-09-06 20:52:45:152,-0.5806,0.7162,9.2066,0.0054,0.056,9.8065,0.1608,-0.0331,0.0569,-5.81,-41.94,-12.25,201.13,-84.49,-179.31
52.40079,-1.50169,154.22,10.06,3,347.98,19 / 20,5559509,2019-09-06 20:52:45:252,0.2556,-0.489,9.9612,0.0778,0.1365,9.8054,0.5228,-0.2005,-0.1598,-5.94,-41.69,-10.19,203.35,-82.88,-177.57
52.40079,-1.50169,154.22,10.06,3,347.98,19 / 20,5559610,2019-09-06 20:52:45:353,0.6746,-0.1381,10.1235,0.0844,0.1435,9.8052,0.2764,-0.0172,0.1081,-6.62,-41.37,-8.62,203.53,-79.62,-179.66
52.40079,-1.50169,154.22,10.06,3,347.98,19 / 20,5559709,2019-09-06 20:52:45:452,0.0725,-0.4519,10.1879,0.1194,0.0351,9.8058,0.0277,-0.0581,0.0618,-6.75,-40.75,-7.69,205.73,-78.3,-175.99
52.40079,-1.50169,154.22,10.06,3,347.98,19 / 20,5559810,2019-09-06 20:52:45:553,-0.7004,0.141,9.0589,-0.0585,-0.0107,9.8064,-0.133,-0.1729,-0.0837,-7.06,-40.81,-8.12,205.98,-77.89,-174.86
52.40079,-1.50169,154.22,10.06,3,347.98,19 / 20,5559909,2019-09-06 20:52:45:652,0.0023,0.041,9.2253,-0.032,-0.0513,9.8064,-0.1687,-0.181,0.1444,-6.81,-40.75,-8.69,205.01,-78.51,-175.61
52.40079,-1.50169,154.22,10.06,3,347.98,19 / 20,5560009,2019-09-06 20:52:45:752,0.1181,-0.1726,9.7415,-0.0182,-0.0069,9.8066,0.045,-0.1769,0.0117,-7.44,-40.94,-8.81,206.54,-79.28,-174.29
52.40079,-1.50169,154.22,10.06,3,347.98,19 / 20,5560109,2019-09-06 20:52:45:852,-0.1034,-0.3952,10.053,0.0087,0.0759,9.8063,0.1325,-0.1591,0.0637,-7.25,-40.94,-7.75,206.26,-78.73,-175.81
52.40079,-1.50169,154.22,10.06,3,347.98,19 / 20,5560209,2019-09-06 20:52:45:952,0.498,0.1562,9.6685,0.0291,0.0262,9.8066,0.3021,0.1615,0.0673,-7.87,-41.75,-7.75,208.79,-77.96,-174.72
52.40079,-1.50169,154.22,10.06,3,347.98,19 / 20,5560310,2019-09-06 20:52:46:053,0.2355,0.3502,10.9582,0.04,0.1487,9.8054,0.2756,-0.1267,0.1167,-7.69,-40.69,-6.75,208.53,-76.3,-174.92
52.40079,-1.50169,154.22,10.06,3,347.98,19 / 20,5560409,2019-09-06 20:52:46:152,0.4366,-0.6031,9.6084,0.0036,0.0655,9.8064,0.0463,-0.1258,0.0568,-8.12,-40.31,-6.12,208.41,-74.61,-174.98
52.40079,-1.50169,154.22,10.06,3,347.98,19 / 20,5560510,2019-09-06 20:52:46:253,0.5457,-0.5137,10.226,0.0179,0.0423,9.8064,0.0721,-0.1529,-0.0155,-7.87,-40.37,-5.62,207.87,-74.06,-174.99
52.40079,-1.50169,154.22,10.06,3,347.98,19 / 20,5560610,2019-09-06 20:52:46:353,0.6587,-1.199,10.1846,0.0597,0.0517,9.8063,0.0256,-0.1428,0.0861,-8.87,-40.44,-5.19,211.44,-73.53,-175.05
52.40079,-1.50169,154.22,10.06,3,347.98,19 / 20,5560709,2019-09-06 20:52:46:452,0.8236,-0.8009,9.5805,-0.0124,-0.0472,9.8065,-0.0747,-0.0755,0.0816,-8.87,-40.06,-5.31,211.75,-73.35,-173.95
52.40079,-1.50169,154.22,10.06,3,347.98,19 / 20,5560810,2019-09-06 20:52:46:553,0.6764,-0.3829,9.8239,0.0108,-0.03,9.8065,-0.0798,-0.1478,0.0154,-9.94,-40.37,-5.75,215.03,-73.98,-171.66
52.40079,-1.50169,154.22,10.06,3,347.98,19 / 20,5560909,2019-09-06 20:52:46:652,0.9161,-0.8622,9.7423,0.0031,0.0277,9.8065,0.0145,-0.1254,0.0937,-10,-39.75,-5.25,216.05,-73.87,-172.1
52.40079,-1.50169,154.22,10.06,3,347.98,19 / 20,5561009,2019-09-06 20:52:46:752,-0.066,-0.4819,9.7906,-0.0002,-0.0132,9.8066,-0.0892,-0.0587,0.0157,-9.5,-39.81,-5,213.9,-73.86,-170.55
52.40079,-1.50169,154.22,10.06,3,347.98,19 / 20,5561109,2019-09-06 20:52:46:852,0.7865,0.5007,9.2903,0.0104,-0.0201,9.8065,-0.0267,-0.1685,0.0151,-10.12,-39.5,-5.12,217.91,-74.03,-169.87
52.40079,-1.50169,154.22,10.06,3,347.98,19 / 20,5561210,2019-09-06 20:52:46:953,0.5117,-0.2202,9.5834,-0.0229,-0.0254,9.8066,-0.0334,-0.1444,0.02,-10.5,-39.94,-5.44,217.49,-74.13,-169.86
52.40079,-1.50169,154.22,10.06,3,347.98,19 / 20,5561310,2019-09-06 20:52:47:053,0.5414,-2.3357,9.1457,0.0419,-0.094,9.8061,0.2774,-0.038,0.1489,-10.44,-39.44,-5.62,217.49,-74.52,-169.15
52.40079,-1.50169,154.22,10.06,3,347.98,18 / 20,5561409,2019-09-06 20:52:47:152,1.19,-0.0812,9.4357,0.0227,0.0299,9.8065,-0.0146,-0.2231,0.0765,-10.62,-39.25,-4.62,222.09,-73.97,-167.17
52.40079,-1.50169,154.22,10.06,3,347.98,18 / 20,5561509,2019-09-06 20:52:47:252,0.3194,0.3687,9.776,-0.0021,0.0284,9.8066,-0.0129,-0.0716,0.0063,-9.94,-38.69,-4.56,218.76,-73.86,-167.74
52.40079,-1.50169,154.22,10.06,3,347.98,18 / 20,5561610,2019-09-06 20:52:47:353,1.1806,-0.3882,10.342,0.006,-0.0122,9.8066,-0.0483,-0.2814,0.0703,-10.25,-38.69,-4.19,220.22,-73.79,-167.55
52.40079,-1.50169,154.22,10.06,3,347.98,18 / 20,5561710,2019-09-06 20:52:47:453,1.0749,-0.1994,9.4279,-0.0961,0.0027,9.8061,-0.0141,-0.094,-0.0256,-11.19,-39.19,-4.37,222.95,-74.31,-169.51
52.40079,-1.50169,154.22,10.06,3,347.98,18 / 20,5561809,2019-09-06 20:52:47:552,0.5077,-0.044,10.193,0.0272,0.0086,9.8065,0.0382,-0.108,0.0208,-10.81,-39.56,-4.62,220.88,-74.42,-169.5
52.40079,-1.50169,154.22,10.06,3,347.98,18 / 20,5561909,2019-09-06 20:52:47:652,0.7918,0.19,10.3293,-0.0068,0.0117,9.8066,0.0966,-0.181,0.0015,-11.62,-39.19,-4.37,225.51,-74.18,-169.47
52.40079,-1.50169,154.22,10.06,3,347.98,18 / 20,5562010,2019-09-06 20:52:47:753,0.1553,0.7931,9.345,-0.0111,0.0018,9.8066,-0.0495,-0.1312,0.103,-12,-38.75,-4.06,224.34,-73.88,-170.8
52.40079,-1.50169,154.22,10.06,3,347.98,18 / 20,5562110,2019-09-06 20:52:47:853,-1.0178,-0.378,9.9939,0.0594,-0.1016,9.8059,0.0193,0.045,0.1861,-13.62,-38.5,-4.19,232.3,-74.08,-167.37
52.40079,-1.50169,154.22,10.06,3,347.98,18 / 20,5562209,2019-09-06 20:52:47:952,-0.2937,0.5888,9.859,-0.0052,0.0133,9.8066,0.1202,-0.1201,-0.1305,-13.44,-37.5,-4.62,230.36,-73.85,-164.13
52.40079,-1.50169,154.22,10.06,3,347.98,18 / 20,5562310,2019-09-06 20:52:48:053,-0.7995,-0.5695,10.516,-0.002,0.069,9.8064,-0.0685,-0.1631,0.1176,-14.06,-37.31,-4.25,232.37,-73.43,-166.78
52.40079,-1.50169,154.22,10.06,3,347.98,17 / 19,5562409,2019-09-06 20:52:48:152,0.3605,-0.1452,10.115,-0.0302,-0.0409,9.8064,-0.0406,-0.1391,0.0023,-13.06,-38.25,-5.25,228.44,-73.95,-166.43
52.40079,-1.50169,154.22,10.06,3,347.98,17 / 19,5562510,2019-09-06 20:52:48:253,-0.1966,0.386,9.9422,-0.0141,0.0362,9.8065,0.0523,-0.0855,0.0819,-13.81,-38.31,-4.69,230.05,-73.97,-167.81
52.40079,-1.50169,154.22,10.06,3,347.98,17 / 19,5562609,2019-09-06 20:52:48:352,-0.0307,0.052,9.9248,-0.0382,0.0458,9.8064,0.0854,-0.18,-0.1029,-13.81,-38.87,-4.12,230.11,-73.66,-168.79
52.40079,-1.50169,154.22,10.06,3,347.98,17 / 19,5562710,2019-09-06 20:52:48:453,-0.3516,0.2532,10.2245,-0.0032,0.0158,9.8065,-0.1401,0.068,0.1288,-13,-39.37,-4.87,224.93,-73.47,-170.18
52.40079,-1.50169,154.22,10.06,3,347.98,17 / 19,5562814,2019-09-06 20:52:48:557,-0.2544,-0.2119,9.9041,-0.0077,-0.0953,9.8061,-0.0818,0.0154,0.0642,-13.5,-39.06,-4.81,226.45,-73.73,-168.2
52.40079,-1.50169,154.22,10.06,3,347.98,17 / 19,5562910,2019-09-06 20:52:48:653,-0.1489,0.5338,10.0987,0.0204,-0.0279,9.8065,0.0504,-0.13,0.0078,-13.69,-38.69,-4.87,231.26,-74.24,-165.5
52.40079,-1.50169,154.22,10.06,3,347.98,17 / 19,5563010,2019-09-06 20:52:48:753,-1.4431,-1.0068,9.713,-0.0373,0.048,9.8064,0.0396,-0.0773,0.0005,-13.81,-39.31,-4.69,229.54,-74.11,-167.94
52.40079,-1.50169,154.22,10.06,3,347.98,17 / 19,5563110,2019-09-06 20:52:48:853,-0.9562,0.738,9.9353,0.0346,0.0395,9.8065,-0.0036,-0.0151,0.0497,-13.5,-38.94,-4.06,227.75,-73.6,-168.55
52.40079,-1.50169,154.22,10.06,3,347.98,17 / 19,5563210,2019-09-06 20:52:48:953,-0.951,1.2006,9.4312,-0.0422,-0.0146,9.8065,-0.1082,0.0805,-0.0003,-13.94,-39.62,-4.37,229.52,-73.62,-168.61
52.40079,-1.50169,154.22,10.06,3,347.98,17 / 19,5563310,2019-09-06 20:52:49:053,-1.1271,0.3708,10.0217,0.0178,-0.0189,9.8065,0.0837,0.0224,0.021,-14.44,-38.62,-4.12,230.8,-73.7,-167.77
52.40152,-1.501398,151.47,10.2,4,35.66,19 / 20,5563410,2019-09-06 20:52:49:153,-1.551,0.1734,10.1755,-0.012,0.0058,9.8066,-0.0204,0.0272,-0.0578,-14.62,-38.75,-4.06,232.6,-73.49,-168.04
52.40152,-1.501398,151.47,10.2,4,35.66,19 / 20,5563509,2019-09-06 20:52:49:252,-0.8995,-0.2872,10.0673,-0.0076,-0.0079,9.8066,-0.0908,0.0491,0.04,-14.12,-38.94,-4.87,228.09,-73.56,-169.04
52.40152,-1.501398,151.47,10.2,4,35.66,19 / 20,5563610,2019-09-06 20:52:49:353,-1.374,0.1355,9.5601,-0.0219,-0.0305,9.8065,-0.1189,0.0127,-0.0386,-13.75,-39,-4.5,230.93,-74.06,-168.46
52.40152,-1.501398,151.47,10.2,4,35.66,19 / 20,5563710,2019-09-06 20:52:49:453,-0.9216,0.7354,10.0121,-0.0283,0.0154,9.8065,-0.0323,0.0302,-0.0462,-14.31,-38.94,-4.44,231.65,-74.52,-168.46
52.40152,-1.501398,151.47,10.2,4,35.66,19 / 20,5563809,2019-09-06 20:52:49:552,-0.8915,0.1994,9.9927,0.0033,-0.0031,9.8065,0.0741,0.0001,0.0899,-13.81,-39.12,-4.31,231.31,-74.69,-169.4
52.40152,-1.501398,151.47,10.2,4,35.66,19 / 20,5563909,2019-09-06 20:52:49:652,-1.4699,0.106,10.1354,-0.0104,0.0134,9.8066,-0.0097,-0.0365,-0.0061,-14.06,-38.75,-4.87,229.4,-74.54,-169.17
52.40152,-1.501398,151.47,10.2,4,35.66,19 / 20,5564009,2019-09-06 20:52:49:752,-2.2162,0.8292,8.4906,0.0003,-0.0552,9.8064,-0.2179,0.2044,0.19,-13.75,-38.56,-5.12,230.03,-74.84,-168.86
52.40152,-1.501398,151.47,10.2,4,35.66,19 / 20,5564110,2019-09-06 20:52:49:853,-1.6245,0.4039,9.133,0.0546,0.0803,9.8061,0.1289,-0.0859,-0.1496,-13.62,-38.5,-4,232.79,-74.4,-167.4
52.40152,-1.501398,151.47,10.2,4,35.66,19 / 20,5564210,2019-09-06 20:52:49:953,-1.1501,0.1987,9.9312,0.0166,0.0711,9.8063,0.088,0.0524,0.0236,-13.31,-38.81,-3.44,229.03,-74.17,-171.1
52.40152,-1.501398,151.47,10.2,4,35.66,19 / 20,5564310,2019-09-06 20:52:50:053,0.3995,1.5429,11.3966,0.0084,-0.0772,9.8063,-0.2694,0.1352,-0.0874,-12.81,-38.62,-4.25,228.62,-74.52,-169.47
52.40152,-1.501398,151.47,10.2,4,35.66,19 / 20,5564410,2019-09-06 20:52:50:153,-3.8395,3.1275,10.6111,-0.0147,0.1074,9.8059,0.3742,0.1825,0.0777,-12.75,-38.37,-4.62,228.13,-75.19,-169.85
52.40152,-1.501398,151.47,10.2,4,35.66,19 / 20,5564509,2019-09-06 20:52:50:252,1.3008,0.7504,10.3542,-0.0345,-0.0489,9.8064,-0.0378,-0.0649,-0.135,-13.25,-37.81,-4.87,227.13,-74.52,-169.91
52.40152,-1.501398,151.47,10.2,4,35.66,19 / 20,5564610,2019-09-06 20:52:50:353,-0.3289,-1.6402,9.7084,0.0157,-0.0235,9.8065,-0.0955,0.0239,0.043,-13.25,-38.81,-4.62,226.14,-74.54,-170.63
52.40152,-1.501398,151.47,10.2,4,35.66,19 / 20,5564710,2019-09-06 20:52:50:453,-1.5023,0.0897,9.1872,0.0015,-0.065,9.8064,-0.2546,0.1151,-0.0117,-12.56,-38.25,-4.87,227.94,-74.96,-169.64
52.40152,-1.501398,151.47,10.2,4,35.66,19 / 20,5564809,2019-09-06 20:52:50:552,-3.2405,-0.0668,10.4493,-0.0456,-0.0203,9.8064,0.1707,0.1804,-0.0804,-12.69,-38.69,-5.31,229.54,-76.37,-169.56
52.40152,-1.501398,151.47,10.2,4,35.66,19 / 20,5564910,2019-09-06 20:52:50:653,-1.6844,-1.3633,9.7153,-0.0455,-0.033,9.8064,-0.0096,0.0908,-0.0066,-12.44,-38.44,-5.25,227.07,-76.03,-169.5
52.40152,-1.501398,151.47,10.2,4,35.66,19 / 20,5565010,2019-09-06 20:52:50:753,-0.7365,0.5748,10.1188,0.0589,-0.009,9.8064,0.1673,0.069,-0.0224,-12.81,-38.31,-5.69,228.01,-76.38,-169.87
52.40152,-1.501398,151.47,10.2,4,35.66,19 / 20,5565109,2019-09-06 20:52:50:852,-0.8021,0.4791,9.8394,-0.0063,0.087,9.8062,-0.02,0.0032,-0.001,-12.06,-38.37,-4.94,225.09,-75.5,-171.43
52.40152,-1.501398,151.47,10.2,4,35.66,19 / 20,5565210,2019-09-06 20:52:50:953,-1.1348,0.4557,8.9896,-0.0027,0.0146,9.8066,0.0097,0.1647,0.1485,-11.75,-37.44,-4.5,226.93,-75.34,-172.18
52.40152,-1.501398,151.47,10.2,4,35.66,19 / 20,5565310,2019-09-06 20:52:51:053,-1.1617,1.3589,9.4753,0.0259,-0.0149,9.8065,-0.0807,0.1512,-0.0382,-10.81,-37.56,-5.5,222.47,-75.21,-170.66
52.40152,-1.501398,151.47,10.2,4,35.66,19 / 20,5565410,2019-09-06 20:52:51:153,-2.0435,-0.1928,9.2162,0.0151,0.0791,9.8063,0.0749,0.0201,-0.1391,-10.81,-37.69,-5.25,221.45,-74.8,-171.45
52.40152,-1.501398,151.47,10.2,4,35.66,19 / 20,5565509,2019-09-06 20:52:51:252,-1.0137,1.2521,10.1641,-0.0052,0.0465,9.8065,0.0207,0.1113,-0.0659,-10.75,-37.69,-5.06,220.04,-74.4,-173.04
52.40152,-1.501398,151.47,10.2,4,35.66,19 / 20,5565609,2019-09-06 20:52:51:352,-0.5048,1.4689,9.9729,0.0043,0.0282,9.8065,-0.0011,0.1752,-0.1087,-10.75,-37.37,-5.25,219.89,-74.31,-174.11
52.40152,-1.501398,151.47,10.2,4,35.66,19 / 20,5565709,2019-09-06 20:52:51:452,-1.4443,0.4655,9.4586,0.0009,0.0126,9.8066,-0.0548,0.1735,-0.0789,-10.12,-38.19,-5.62,214.63,-74.27,-174.89
52.40152,-1.501398,151.47,10.2,4,35.66,19 / 20,5565810,2019-09-06 20:52:51:553,-1.0216,0.6557,9.591,0.0087,0.0231,9.8066,-0.0859,0.1648,0.0415,-10.44,-38.12,-5.81,214.16,-74.16,-175.54
52.40152,-1.501398,151.47,10.2,4,35.66,19 / 20,5565910,2019-09-06 20:52:51:653,-1.7869,0.3215,9.4312,0.0009,0.0137,9.8066,0.0238,0.1178,-0.0009,-10.19,-38.5,-6.31,214.16,-74.24,-175.7
52.40152,-1.501398,151.47,10.2,4,35.66,19 / 20,5566010,2019-09-06 20:52:51:753,-0.5966,0.379,10.2019,-0.012,-0.0088,9.8065,-0.0127,0.0657,-0.0209,-10.12,-38.81,-6.44,213.64,-74.47,-176.27
52.40152,-1.501398,151.47,10.2,4,35.66,19 / 20,5566109,2019-09-06 20:52:51:852,-0.9828,1.3058,9.829,-0.0258,-0.0123,9.8065,-0.0042,0.1189,-0.0866,-10.81,-39.69,-6.94,214.09,-74.5,-176.71
52.40152,-1.501398,151.47,10.2,4,35.66,19 / 20,5566210,2019-09-06 20:52:51:953,-0.9191,1.4285,9.9529,0.0011,0.0093,9.8066,0.0004,0.0901,-0.0431,-10.06,-39.37,-6.06,213.36,-74.51,-176.88
52.40152,-1.501398,151.47,10.2,4,35.66,19 / 20,5566309,2019-09-06 20:52:52:052,-0.9724,0.7774,9.9771,-0.008,-0.0027,9.8066,0.0709,0.1269,-0.0569,-10.5,-39.37,-6.5,213.29,-74.54,-177.07
52.40152,-1.501398,151.47,10.2,4,35.66,19 / 20,5566410,2019-09-06 20:52:52:153,-1.3453,1.0633,9.6993,0.0033,0.0143,9.8066,0.0297,0.1467,-0.0413,-9.44,-38.69,-6.44,210.35,-74.47,-177.39
52.40152,-1.501398,151.47,10.2,4,35.66,19 / 20,5566509,2019-09-06 20:52:52:252,-1.6765,0.4966,9.6661,-0.01,-0.0177,9.8066,0.0079,0.142,-0.0043,-9.75,-39.62,-6.81,211.43,-74.66,-177.35
52.40152,-1.501398,151.47,10.2,4,35.66,19 / 20,5566610,2019-09-06 20:52:52:353,-1.1406,0.5856,9.5072,0.0035,-0.0077,9.8066,0.0031,0.1521,-0.0212,-9.44,-39.62,-6.62,208.98,-74.66,-177.06
52.40152,-1.501398,151.47,10.2,4,35.66,19 / 20,5566710,2019-09-06 20:52:52:453,-0.181,1.03,9.9242,-0.0004,-0.0158,9.8066,0.0402,0.1053,0.0396,-9.19,-39.69,-7,209.29,-74.78,-176.68
52.40152,-1.501398,151.47,10.2,4,35.66,19 / 20,5566809,2019-09-06 20:52:52:552,-1.8204,0.7442,9.6656,-0.01,-0.0199,9.8066,0.0016,0.0731,-0.032,-9.25,-40.12,-6.62,209.51,-74.87,-176.42
52.40152,-1.501398,151.47,10.2,4,35.66,19 / 20,5566910,2019-09-06 20:52:52:653,-1.0139,0.4687,9.608,-0.0159,-0.018,9.8066,0.0286,0.1167,-0.044,-9.12,-40.69,-7.31,209,-74.91,-176.74
52.40152,-1.501398,151.47,10.2,4,35.66,19 / 20,5567009,2019-09-06 20:52:52:752,-0.7439,1.2537,10.0674,-0.0016,-0.0213,9.8066,-0.0096,0.1291,0.0058,-8.25,-41.06,-7.94,205.3,-75.08,-176.8
52.40152,-1.501398,151.47,10.2,4,35.66,19 / 20,5567110,2019-09-06 20:52:52:853,-1.2424,1.0458,10.2939,0.0073,0.0042,9.8066,0.0356,0.1412,-0.0512,-7.62,-41.81,-8,205.1,-75.12,-176.65
52.40152,-1.501398,151.47,10.2,4,35.66,19 / 20,5567209,2019-09-06 20:52:52:952,-2.1843,0.253,10.2609,-0.0006,0.0023,9.8066,-0.0072,0.154,-0.0142,-7.37,-42.87,-7.19,203.06,-75.2,-176.73
52.40152,-1.501398,151.47,10.2,4,35.66,19 / 20,5567309,2019-09-06 20:52:53:052,-1.5479,0.7163,9.5121,0.0117,0.0165,9.8066,-0.0216,0.1384,-0.0351,-6.87,-43,-6.19,204.14,-75.14,-176.51
52.40152,-1.501398,151.47,10.2,4,35.66,19 / 20,5567409,2019-09-06 20:52:53:152,-0.8531,1.4013,9.8115,0.0118,0.0281,9.8066,-0.0651,0.1535,-0.0582,-7.25,-42.81,-5.06,205.18,-75.06,-176.54
52.40152,-1.501398,151.47,10.2,4,35.66,19 / 20,5567510,2019-09-06 20:52:53:253,-0.9599,0.1399,8.9206,0.0061,-0.0612,9.8064,-0.1646,0.1397,-0.0635,-6.87,-41.56,-5,205.64,-75.09,-176.42
52.40152,-1.501398,151.47,10.2,4,35.66,19 / 20,5567609,2019-09-06 20:52:53:352,-1.6017,0.4812,10.4863,0.0129,0.047,9.8065,-0.0508,0.1747,-0.0348,-6.81,-41.44,-4.56,206.22,-75.29,-176.42
52.40152,-1.501398,151.47,10.2,4,35.66,19 / 20,5567710,2019-09-06 20:52:53:453,-0.1569,1.4114,10.8014,0.0058,0.0287,9.8065,-0.0865,0.1538,0.0792,-6.37,-39.44,-5.19,203.41,-75.07,-176.57
52.40152,-1.501398,151.47,10.2,4,35.66,19 / 20,5567809,2019-09-06 20:52:53:552,-1.1834,1.4497,10.2116,-0.0077,-0.0751,9.8064,-0.0828,0.1173,-0.0912,-6.75,-40.25,-6.37,206.63,-76.11,-175.43
52.40152,-1.501398,151.47,10.2,4,35.66,19 / 20,5567910,2019-09-06 20:52:53:653,-1.6471,0.8134,10.2467,-0.0137,-0.0193,9.8066,-0.2007,0.1677,-0.004,-6.5,-39.87,-6.12,203.08,-76.05,-175.96
52.40152,-1.501398,151.47,10.2,4,35.66,19 / 20,5568010,2019-09-06 20:52:53:753,-1.3893,-0.6844,9.6575,-0.051,-0.2049,9.8043,-0.4277,0.1888,-0.0122,-6.69,-39.94,-8.56,205.82,-77.93,-173.84
52.40152,-1.501398,151.47,10.2,4,35.66,19 / 20,5568110,2019-09-06 20:52:53:853,-1.2518,0.8988,9.9631,-0.0196,-0.0899,9.8061,-0.2073,0.1452,-0.0337,-6.75,-39.12,-9.56,210.53,-80.67,-169.49
52.40152,-1.501398,151.47,10.2,4,35.66,19 / 20,5568210,2019-09-06 20:52:53:953,-1.5498,0.3763,9.6971,-0.0328,-0.1465,9.8054,-0.3444,0.2285,0.0113,-7.25,-39.31,-11.5,212.75,-82.07,-167.03
52.40152,-1.501398,151.47,10.2,4,35.66,19 / 20,5568309,2019-09-06 20:52:54:052,-1.4635,0.3355,9.9254,-0.0261,-0.1114,9.8059,-0.3796,0.0825,-0.0091,-6.5,-39.44,-12.31,217.8,-84.28,-158.65
52.40152,-1.501398,151.47,10.2,4,35.66,18 / 19,5568410,2019-09-06 20:52:54:153,-1.2296,0.0665,9.9359,-0.0445,-0.1393,9.8056,-0.3933,0.2216,0.0343,-6.44,-39.94,-13.31,225.71,-85.8,-150.72
52.40152,-1.501398,151.47,10.2,4,35.66,18 / 19,5568509,2019-09-06 20:52:54:252,-2.3462,-0.3357,9.6543,-0.0438,-0.1449,9.8054,-0.6024,0.1066,-0.0345,-6.81,-39.19,-15.56,244.27,-87.18,-133.7
52.40152,-1.501398,151.47,10.2,4,35.66,18 / 19,5568610,2019-09-06 20:52:54:353,-1.7151,0.2752,9.7653,-0.0556,-0.1424,9.8054,-0.0216,0.2118,-0.0413,-5.81,-39.5,-16.87,316.26,-87.71,-59.73
52.40152,-1.501398,151.47,10.2,4,35.66,18 / 19,5568709,2019-09-06 20:52:54:452,-1.3592,0.9004,10.0608,-0.0057,0.0417,9.8065,-0.1971,0.0743,-0.0303,-5.44,-39.5,-16.62,320.29,-87.91,-53.14
52.40152,-1.501398,151.47,10.2,4,35.66,18 / 19,5568810,2019-09-06 20:52:54:553,-1.3983,0.5297,9.4785,-0.0056,-0.0517,9.8065,0.3411,0.1678,-0.0062,-5.87,-39.69,-17.12,339.1,-87.38,-38.25
52.40152,-1.501398,151.47,10.2,4,35.66,18 / 19,5568909,2019-09-06 20:52:54:652,-0.8071,0.8219,9.6256,0.0598,0.236,9.8035,0.6298,0.0561,-0.0195,-5.75,-39.87,-15,267.24,-88.23,-110.19
52.40152,-1.501398,151.47,10.2,4,35.66,18 / 19,5569009,2019-09-06 20:52:54:752,-0.8725,0.8807,9.9604,0.045,0.1974,9.8045,0.2291,0.1122,-0.059,-5.31,-40.56,-13.25,219.39,-86.51,-155.16
52.40152,-1.501398,151.47,10.2,4,35.66,18 / 19,5569110,2019-09-06 20:52:54:853,-1.5338,0.9927,9.6024,-0.0006,0.0821,9.8063,0.1293,0.1468,-0.0193,-5.19,-39.62,-12.69,210.3,-85.28,-163.98
52.40152,-1.501398,151.47,10.2,4,35.66,18 / 19,5569209,2019-09-06 20:52:54:952,-1.2008,1.6495,10.1626,0.0144,0.0907,9.8061,0.2028,0.1355,-0.0276,-5.25,-40.19,-12.31,206.01,-84.16,-168.83
52.40152,-1.501398,151.47,10.2,4,35.66,18 / 19,5569309,2019-09-06 20:52:55:052,-1.3162,0.9785,10.1456,-0.0043,0.0107,9.8066,0.102,0.1453,-0.0385,-5,-40.19,-11,203.81,-83.26,-171.74
52.40152,-1.501398,151.47,10.2,4,35.66,18 / 19,5569410,2019-09-06 20:52:55:153,-1.1999,0.7984,9.8109,-0.0026,-0.0158,9.8066,-0.0041,0.1275,0.0091,-4.62,-40.37,-11.31,203.59,-83.22,-171.99
52.40152,-1.501398,151.47,10.2,4,35.66,18 / 19,5569510,2019-09-06 20:52:55:253,-1.0256,1.008,9.6519,-0.0023,0.0031,9.8066,0.0089,0.1325,-0.0369,-4.06,-39.5,-11,199.74,-83.2,-172.7
52.40152,-1.501398,151.47,10.2,4,35.66,18 / 19,5569609,2019-09-06 20:52:55:352,-1.0616,0.4632,9.7675,-0.0053,0.0014,9.8066,-0.0223,0.1066,-0.0405,-3.69,-39.87,-11.62,198.7,-83.22,-172.98
52.40152,-1.501398,151.47,10.2,4,35.66,18 / 19,5569710,2019-09-06 20:52:55:453,-1.0045,0.1539,9.9104,-0.0093,-0.0007,9.8066,0.0274,0.1333,-0.0356,-3.25,-39.62,-11.75,194.72,-83.25,-173.87
52.40152,-1.501398,151.47,10.2,4,35.66,18 / 19,5569809,2019-09-06 20:52:55:552,-0.8588,0.5129,10.3571,-0.0074,-0.0206,9.8066,-0.0592,0.0949,-0.0165,-3.37,-40.12,-11.5,194.52,-83.36,-174.99
52.40152,-1.501398,151.47,10.2,4,35.66,18 / 19,5569909,2019-09-06 20:52:55:652,-2.0005,0.6498,9.9547,0.0056,0.0207,9.8065,0.0111,0.1653,-0.0566,-2.5,-39.25,-11.25,190.48,-83.13,-175.55
52.40152,-1.501398,151.47,10.2,4,35.66,18 / 19,5570009,2019-09-06 20:52:55:752,-0.8805,0.4715,9.8617,0.009,0.0089,9.8066,-0.0237,0.1054,0.0085,-3.06,-40.12,-11.5,194.22,-83.11,-175.19
52.40152,-1.501398,151.47,10.2,4,35.66,18 / 19,5570110,2019-09-06 20:52:55:853,-0.8384,0.7558,9.928,-0.0025,0.0139,9.8066,-0.0706,0.0923,-0.015,-2.62,-39.5,-11.44,194.09,-83.02,-175.45
52.40152,-1.501398,151.47,10.2,4,35.66,18 / 19,5570210,2019-09-06 20:52:55:953,-1.3219,0.5012,10.0406,-0.0016,0.0039,9.8066,0.0497,0.0769,0.0219,-3.19,-39.81,-11.5,193.92,-83.02,-175.55
52.40152,-1.501398,151.47,10.2,4,35.66,18 / 19,5570309,2019-09-06 20:52:56:052,-1.3204,-0.1376,9.3332,-0.0082,-0.0094,9.8066,0.0634,0.1159,0.0526,-2.69,-39.19,-11.69,193.08,-83.05,-176.09
52.40152,-1.501398,151.47,10.2,4,35.66,18 / 19,5570409,2019-09-06 20:52:56:152,-1.0372,0.2886,9.8991,0.0058,-0.0046,9.8066,0.0158,0.1058,-0.0286,-2.19,-40.06,-11.69,190.04,-82.97,-175.46
52.40152,-1.501398,151.47,10.2,4,35.66,18 / 19,5570509,2019-09-06 20:52:56:252,-0.8586,-0.544,10.2692,0.0002,0.0029,9.8066,-0.0138,0.1048,-0.0203,-1.75,-39.5,-11.69,189.87,-82.91,-175.79
52.40152,-1.501398,151.47,10.2,4,35.66,18 / 19,5570610,2019-09-06 20:52:56:353,-1.292,0.8822,10.1703,0,-0.0166,9.8066,-0.0349,0.079,0.0241,-2,-40.62,-12,189.74,-82.99,-175.8
52.40152,-1.501398,151.47,10.2,4,35.66,18 / 19,5570709,2019-09-06 20:52:56:452,-0.6045,-0.493,9.9051,-0.002,0.014,9.8066,-0.045,0.0642,0.0163,-2,-39.87,-12.25,189.79,-82.97,-175.81
52.40152,-1.501398,151.47,10.2,4,35.66,18 / 19,5570809,2019-09-06 20:52:56:552,-0.5097,0.3418,10.2843,0.0111,0.0084,9.8066,0.086,0.0827,-0.0086,-1.75,-40.75,-10.94,190.36,-82.81,-175.3
52.40152,-1.501398,151.47,10.2,4,35.66,18 / 19,5570909,2019-09-06 20:52:56:652,-0.8747,0.4193,9.0421,-0.0189,-0.0094,9.8066,-0.0875,0.0779,-0.0309,-1.31,-40.81,-11.75,186.14,-82.77,-176.05
52.40152,-1.501398,151.47,10.2,4,35.66,18 / 19,5571010,2019-09-06 20:52:56:753,-3.227,0.972,10.0723,-0.0016,-0.0221,9.8065,0.2997,0.0961,0.0515,-0.81,-41.5,-10.81,184.85,-82.72,-178.11
52.40152,-1.501398,151.47,10.2,4,35.66,18 / 19,5571110,2019-09-06 20:52:56:853,-0.0838,1.2075,9.8225,-0.0038,-0.0367,9.8066,0.163,0.0627,0.0461,-1.44,-41.19,-10.81,185.8,-82.92,-176.79
52.40152,-1.501398,151.47,10.2,4,35.66,18 / 19,5571209,2019-09-06 20:52:56:952,-0.5518,0.8737,9.6281,-0.0169,-0.0307,9.8065,-0.0764,0.0682,-0.0783,-1.06,-41.31,-10.69,185.51,-83.11,-177.28
52.40152,-1.501398,151.47,10.2,4,35.66,18 / 19,5571309,2019-09-06 20:52:57:052,-1.0162,0.2177,9.9197,-0.0119,-0.0015,9.8066,-0.0112,0.0993,-0.0215,-0.31,-40.75,-10.56,180.18,-83.15,-179.74
52.40152,-1.501398,151.47,10.2,4,35.66,19 / 20,5571409,2019-09-06 20:52:57:152,-1.2574,0.8671,9.8325,-0.0133,-0.0018,9.8066,0.0774,0.0988,0.0702,0,-40.75,-9.94,179.7,-83.11,179.56
52.40152,-1.501398,151.47,10.2,4,35.66,19 / 20,5571510,2019-09-06 20:52:57:253,-0.5505,0.2642,9.7156,-0.0018,0.0148,9.8065,0.0069,0.0895,-0.0262,-0.81,-40.5,-9.75,183.59,-82.79,179.65
52.40152,-1.501398,151.47,10.2,4,35.66,19 / 20,5571609,2019-09-06 20:52:57:352,-0.5356,-0.3732,10.0373,-0.0063,0.0118,9.8066,0.0403,0.1001,-0.0376,0.19,-40,-9.31,179.47,-82.78,179.17
52.40152,-1.501398,151.47,10.2,4,35.66,19 / 20,5571710,2019-09-06 20:52:57:453,-1.1588,-0.6816,10.0627,-0.0115,-0.031,9.8066,0.0736,0.0995,-0.0246,0.63,-39.94,-9.44,173.87,-83.09,177
52.40152,-1.501398,151.47,10.2,4,35.66,19 / 20,5571809,2019-09-06 20:52:57:552,-0.7468,-0.285,9.8766,-0.0103,-0.0143,9.8066,0.0151,0.0811,0.0068,0.44,-39.44,-9.44,177.49,-83.07,176.2
52.40152,-1.501398,151.47,10.2,4,35.66,19 / 20,5571910,2019-09-06 20:52:57:653,-1.3393,-1.442,10.1881,-0.0137,0.0003,9.8066,0.002,0.1378,-0.078,1.06,-39.75,-10.25,173.47,-82.95,176.04
52.40152,-1.501398,151.47,10.2,4,35.66,19 / 20,5572011,2019-09-06 20:52:57:754,-0.9258,0.2561,9.9677,-0.0038,0.0148,9.8066,-0.0261,0.0881,-0.0118,1.31,-38.87,-10.25,172.09,-82.77,174.01
52.40152,-1.501398,151.47,10.2,4,35.66,19 / 20,5572110,2019-09-06 20:52:57:853,-0.1262,-1.0682,9.7815,-0.0041,0.0218,9.8065,-0.0869,0.0815,-0.0124,1.69,-39.37,-10.25,168.27,-82.52,173.87
52.40152,-1.501398,151.47,10.2,4,35.66,19 / 20,5572210,2019-09-06 20:52:57:953,-0.0951,-0.5712,9.9595,0.0036,0.0143,9.8066,0.1105,0.0919,0.0269,1.38,-39.5,-9.62,172.06,-82.42,173.78
52.40152,-1.501398,151.47,10.2,4,35.66,19 / 20,5572310,2019-09-06 20:52:58:053,-0.9862,-0.2058,10.8037,0.0096,0.0018,9.8066,0.1052,0.1099,-0.0235,1.38,-39.56,-9.69,172.35,-82.3,174.06
52.40224,-1.501128,148.91,7.94,6,340.28,19 / 20,5572409,2019-09-06 20:52:58:152,-1.1689,-0.2435,9.917,-0.0097,-0.0188,9.8066,0.0906,0.0471,0.0245,1.44,-39.44,-10.25,172.12,-82.29,173.8
52.40224,-1.501128,148.91,7.94,6,340.28,19 / 20,5572509,2019-09-06 20:52:58:252,-0.7536,0.3828,10.2818,0.0046,0.017,9.8066,0.0205,0.1057,-0.0249,1.94,-39.75,-9.5,168.41,-82.08,174.15
52.40224,-1.501128,148.91,7.94,6,340.28,19 / 20,5572610,2019-09-06 20:52:58:353,-0.8434,0.0846,9.401,-0.0047,0.0197,9.8066,0.0265,0.1023,-0.0342,1.75,-39.44,-9.56,168.95,-81.84,174.39
52.40224,-1.501128,148.91,7.94,6,340.28,19 / 20,5572710,2019-09-06 20:52:58:453,-0.9637,0.7182,9.6641,-0.0013,-0.0038,9.8066,0.0646,0.1119,-0.0098,2.56,-39.94,-8.31,164.01,-81.68,173.96
52.40224,-1.501128,148.91,7.94,6,340.28,19 / 20,5572809,2019-09-06 20:52:58:552,-0.0995,-0.1576,10.0203,-0.0016,-0.0061,9.8066,0.0243,0.1287,-0.0611,2.38,-39.19,-8.87,168.21,-81.62,173.62
52.40224,-1.501128,148.91,7.94,6,340.28,19 / 20,5572909,2019-09-06 20:52:58:652,-0.5882,-0.553,9.7125,-0.0114,-0.0049,9.8066,0.0189,0.1298,-0.0682,3.06,-39.37,-9,163.88,-81.52,172.78
52.40224,-1.501128,148.91,7.94,6,340.28,19 / 20,5573010,2019-09-06 20:52:58:753,-1.4951,0.4899,9.9192,-0.015,-0.0123,9.8065,0.099,0.1454,-0.0639,3.19,-38.94,-8,163.07,-81.42,172.36
52.40224,-1.501128,148.91,7.94,6,340.28,19 / 20,5573110,2019-09-06 20:52:58:853,-0.2281,0.08,10.1548,-0.0204,-0.0058,9.8066,-0.0276,0.1779,-0.0269,3.63,-38.19,-8.5,157.78,-81.24,170.4
52.40224,-1.501128,148.91,7.94,6,340.28,19 / 20,5573210,2019-09-06 20:52:58:953,-0.451,-0.5351,9.745,-0.0059,0.0304,9.8065,-0.0286,0.1477,-0.0051,3.69,-39,-8.94,159.01,-80.93,170.27
52.40224,-1.501128,148.91,7.94,6,340.28,19 / 20,5573309,2019-09-06 20:52:59:052,-0.4308,0.522,9.6782,-0.0053,0.0156,9.8066,0.0015,0.1225,-0.0338,3.81,-38.25,-10.25,159.5,-80.82,170.17
52.40224,-1.501128,148.91,7.94,6,340.28,19 / 20,5573409,2019-09-06 20:52:59:152,-0.5174,-0.5334,9.4528,-0.0012,0,9.8066,0.0105,0.0809,-0.0123,4,-38.75,-8.56,158.68,-80.69,169.42
52.40224,-1.501128,148.91,7.94,6,340.28,19 / 20,5573510,2019-09-06 20:52:59:253,0.9679,0.6378,9.9606,-0.0151,0.0271,9.8065,-0.0402,0.1277,-0.1031,3.88,-39.44,-9.31,158.61,-80.64,169.22
52.40224,-1.501128,148.91,7.94,6,340.28,19 / 20,5573609,2019-09-06 20:52:59:352,-1.8704,-0.2141,9.8696,-0.0093,0.0065,9.8066,0.0393,0.1411,-0.0265,3.5,-39.12,-8.44,157.18,-80.51,167.81
52.40224,-1.501128,148.91,7.94,6,340.28,19 / 20,5573710,2019-09-06 20:52:59:453,-0.3375,0.0444,10.8209,0.0381,0.0224,9.8065,0.0598,0.1138,0.1339,4.44,-39.94,-9,158.6,-80.48,168.62
52.40224,-1.501128,148.91,7.94,6,340.28,19 / 20,5573810,2019-09-06 20:52:59:553,2.7224,0.1422,11.806,0.021,0.0326,9.8066,0.0869,0.0542,0.0541,3.19,-40.37,-8.81,164.75,-80.19,172.5
52.40224,-1.501128,148.91,7.94,6,340.28,19 / 20,5573909,2019-09-06 20:52:59:652,-2.4524,-0.9016,10.0476,-0.0486,0.0136,9.8064,0.0757,0.0548,0.0055,4.13,-41.12,-7.94,160.66,-79.68,171.71
52.40224,-1.501128,148.91,7.94,6,340.28,19 / 20,5574009,2019-09-06 20:52:59:752,1.1453,1.2562,9.0479,0.0123,0.0658,9.8063,0.0118,0.0321,0.0465,3,-42.12,-7.44,164.52,-79.01,171.67
52.40224,-1.501128,148.91,7.94,6,340.28,19 / 20,5574110,2019-09-06 20:52:59:853,-0.6046,0.4702,9.4291,0.0211,0.0302,9.8065,-0.0124,0.0218,0.0807,2.69,-42.62,-6.37,165.43,-78.43,173.39
52.40224,-1.501128,148.91,7.94,6,340.28,19 / 20,5574210,2019-09-06 20:52:59:953,2.572,0.849,10.2292,-0.0121,-0.0139,9.8066,-0.097,-0.0122,-0.018,2.69,-42.81,-5.56,165.93,-78.5,174.66
52.40224,-1.501128,148.91,7.94,6,340.28,19 / 20,5574309,2019-09-06 20:53:00:052,1.6613,-0.0072,9.718,-0.0074,-0.0393,9.8065,0.0104,-0.0405,-0.1127,3.06,-41.87,-5.19,164.1,-79,173.2
52.40224,-1.501128,148.91,7.94,6,340.28,19 / 20,5574410,2019-09-06 20:53:00:153,0.1324,-0.4717,9.2207,-0.0677,-0.0253,9.8063,-0.1315,-0.0512,-0.0428,4.13,-40.5,-5.25,156.75,-79.22,168.23
52.40224,-1.501128,148.91,7.94,6,340.28,19 / 20,5574509,2019-09-06 20:53:00:252,-0.6719,-0.1239,9.1477,-0.0461,-0.0183,9.8065,0.0443,-0.0223,0.013,4.5,-40.31,-6,151.62,-79.31,164.89
52.40224,-1.501128,148.91,7.94,6,340.28,19 / 20,5574609,2019-09-06 20:53:00:352,0.0481,0.386,9.6717,0.0107,-0.0343,9.8065,0.0002,-0.0244,-0.0446,5.06,-40.19,-6.37,150.66,-79.38,163.22
52.40224,-1.501128,148.91,7.94,6,340.28,19 / 20,5574709,2019-09-06 20:53:00:452,1.1904,0.0791,9.8145,-0.0006,-0.0253,9.8066,-0.0082,-0.1031,0.0093,5.5,-40.06,-6.62,146.67,-79.72,162.39
52.40224,-1.501128,148.91,7.94,6,340.28,19 / 20,5574810,2019-09-06 20:53:00:553,1.7302,-0.1747,9.9639,-0.0069,-0.0041,9.8066,0.0261,-0.1415,0.0438,4.88,-39.87,-7.19,150.16,-79.8,161.8
52.40224,-1.501128,148.91,7.94,6,340.28,19 / 20,5574910,2019-09-06 20:53:00:653,1.4809,0.3078,9.4394,-0.0188,0.0089,9.8066,-0.1106,-0.0915,0.0739,5.56,-40.75,-7.25,146.59,-79.66,161.4
52.40224,-1.501128,148.91,7.94,6,340.28,19 / 20,5575010,2019-09-06 20:53:00:753,1.2044,0.8198,10.0959,0.0108,-0.058,9.8064,-0.1651,-0.1717,-0.0566,4.69,-41.5,-8.06,150.21,-80.05,160.6
52.40224,-1.501128,148.91,7.94,6,340.28,19 / 20,5575109,2019-09-06 20:53:00:852,-0.5809,1.4944,10.9916,-0.0115,0.0196,9.8066,-0.1019,-0.1559,0.1248,4.94,-41.06,-8,149.37,-80.32,159.78
52.40224,-1.501128,148.91,7.94,6,340.28,19 / 20,5575209,2019-09-06 20:53:00:952,2.5666,0.8904,9.8972,0.0217,0.0629,9.8064,0.1931,-0.2153,0.0672,4.31,-42.06,-7,153.88,-80.59,161.86
52.40224,-1.501128,148.91,7.94,6,340.28,19 / 20,5575310,2019-09-06 20:53:01:053,3.5942,-2.9631,8.8245,0.001,0.0029,9.8065,0.0569,-0.3152,-0.0866,3.75,-41.56,-7.25,156.01,-79.99,164.43
52.40224,-1.501128,148.91,7.94,6,340.28,19 / 20,5575411,2019-09-06 20:53:01:154,2.8665,0.3496,10.0282,-0.0749,0.213,9.804,0.7285,-0.3171,0.1062,3.56,-41.5,-3.25,154.34,-78.62,163.23
52.40224,-1.501128,148.91,7.94,6,340.28,19 / 20,5575510,2019-09-06 20:53:01:253,2.0603,0.2066,9.2105,-0.0127,0.2386,9.8037,0.4006,-0.3164,0.2366,3.31,-41.37,-2.62,162.54,-76.69,165.97
52.40224,-1.501128,148.91,7.94,6,340.28,19 / 20,5575610,2019-09-06 20:53:01:353,2.4916,-0.4473,9.4488,0.056,-0.0289,9.8063,-0.0604,-0.2892,0.1378,2.19,-40.31,-2.69,168.7,-74.94,168.32
52.40224,-1.501128,148.91,7.94,6,340.28,19 / 20,5575710,2019-09-06 20:53:01:453,4.2257,-0.7351,10.4096,0.0188,-0.0667,9.8063,-0.2912,-0.3337,0.1122,1.5,-39.69,-3.44,168.78,-75.49,170.02
52.40224,-1.501128,148.91,7.94,6,340.28,19 / 20,5575809,2019-09-06 20:53:01:552,3.3538,0.793,10.7496,0.0094,-0.1244,9.8058,0.2094,-0.4277,0.0642,0.56,-40,-4.94,171.91,-77.73,169.84
52.40224,-1.501128,148.91,7.94,6,340.28,19 / 20,5575909,2019-09-06 20:53:01:652,3.3913,-1.5442,8.5235,0.0398,-0.1212,9.8057,-0.1495,-0.3627,0.0994,-0.06,-39.5,-6.37,176.04,-78.31,170.9
52.40224,-1.501128,148.91,7.94,6,340.28,19 / 20,5576009,2019-09-06 20:53:01:752,3.2594,-1.0172,9.4212,0.0249,0.0156,9.8066,-0.0175,-0.3989,0.0892,-0.69,-39.56,-6.62,180.11,-79.26,172.1
52.40224,-1.501128,148.91,7.94,6,340.28,19 / 20,5576109,2019-09-06 20:53:01:852,3.7631,-1.8923,10.5444,0.0324,-0.0171,9.8065,0.2391,-0.4661,0.1119,-1.56,-39.37,-6.44,185.84,-79.36,173.95
52.40224,-1.501128,148.91,7.94,6,340.28,19 / 20,5576211,2019-09-06 20:53:01:954,2.0308,-1.5221,10.3715,-0.0095,-0.0269,9.8066,-0.0409,-0.4001,-0.0212,-2.69,-39.25,-6.31,189.72,-78.4,174.35
52.40224,-1.501128,148.91,7.94,6,340.28,19 / 20,5576310,2019-09-06 20:53:02:053,3.6298,-2.1754,9.4688,-0.0018,-0.0268,9.8065,-0.1037,-0.3654,0.136,-3.31,-40.25,-7.19,188.41,-78.51,173.84
52.40224,-1.501128,148.91,7.94,6,340.28,18 / 20,5576410,2019-09-06 20:53:02:153,4.3032,-1.4188,9.0858,0.0224,-0.0405,9.8064,0.0729,-0.4944,0.1639,-4.25,-39.37,-7.06,192.91,-78.58,175.29
52.40224,-1.501128,148.91,7.94,6,340.28,18 / 20,5576510,2019-09-06 20:53:02:253,3.2155,-0.4392,9.9814,0.032,-0.0344,9.8064,-0.0336,-0.5346,0.0334,-4.94,-39.12,-7.06,198.22,-78.89,178.25
52.40224,-1.501128,148.91,7.94,6,340.28,18 / 20,5576610,2019-09-06 20:53:02:353,3.3754,-2.4321,10.7457,-0.0279,0.0233,9.8066,0.2037,-0.5487,0.0675,-5.62,-39.69,-6.94,200.49,-78.97,176.48
52.40224,-1.501128,148.91,7.94,6,340.28,18 / 20,5576709,2019-09-06 20:53:02:452,2.4218,-0.4429,9.2326,0.0146,-0.1584,9.8053,0.1361,-0.6359,0.2858,-6.87,-38.94,-7.62,204.07,-79.56,178.31
52.40224,-1.501128,148.91,7.94,6,340.28,18 / 20,5576810,2019-09-06 20:53:02:553,4.2278,-0.6948,9.9641,0.0011,-0.0758,9.8063,0.1883,-0.6813,0.2634,-8.44,-39.12,-8.19,209.93,-79.73,-177.55
52.40224,-1.501128,148.91,7.94,6,340.28,18 / 20,5576909,2019-09-06 20:53:02:652,3.8101,-2.5943,10.7556,0.0271,-0.0235,9.8065,0.0057,-0.6934,0.1026,-9.19,-39.44,-8.19,214.69,-79.41,-174.23
52.40224,-1.501128,148.91,7.94,6,340.28,18 / 20,5577011,2019-09-06 20:53:02:754,3.1547,-3.0582,10.8609,0.0249,0.0338,9.8065,-0.2155,-0.3517,0.2955,-10.19,-38.56,-7.19,218.15,-79.01,-175.11
52.40224,-1.501128,148.91,7.94,6,340.28,18 / 20,5577109,2019-09-06 20:53:02:852,3.4267,-1.4633,10.6907,0.0605,0.0476,9.8063,0.0781,-0.6366,0.1944,-11.62,-39.5,-7.25,224.98,-79.28,-173.4
52.40224,-1.501128,148.91,7.94,6,340.28,18 / 20,5577210,2019-09-06 20:53:02:953,2.2861,-3.0286,9.2118,0.0466,-0.0042,9.8064,-0.243,-0.566,0.1557,-12.62,-38.31,-6.5,231.72,-79.26,-170.9
52.40224,-1.501128,148.91,7.94,6,340.28,18 / 20,5577310,2019-09-06 20:53:03:053,2.8746,-3.266,9.7659,0.0277,0.0028,9.8066,-0.0671,-0.6396,0.2247,-13.81,-38.37,-6.44,236.03,-79.24,-168.23
52.40224,-1.501128,148.91,7.94,6,340.28,17 / 19,5577409,2019-09-06 20:53:03:152,1.1126,-3.0697,10.4202,0.0306,0.0639,9.8063,-0.0784,-0.6127,0.1485,-15,-38.19,-5.37,240.38,-79.16,-168.15
52.40224,-1.501128,148.91,7.94,6,340.28,17 / 19,5577509,2019-09-06 20:53:03:252,3.7289,-2.8513,10.2159,0.029,-0.0077,9.8065,0.0092,-0.6553,0.1743,-14.81,-37.87,-5.19,241.25,-79.16,-167.07
52.40224,-1.501128,148.91,7.94,6,340.28,17 / 19,5577609,2019-09-06 20:53:03:352,1.7815,-2.8793,9.8644,0.0022,0.0161,9.8066,-0.0088,-0.5716,0.0654,-15.69,-38.19,-4.56,242.8,-79.05,-167.42
52.40224,-1.501128,148.91,7.94,6,340.28,17 / 19,5577710,2019-09-06 20:53:03:453,1.9014,-3.2336,10.0353,0.0163,-0.0032,9.8065,0.0161,-0.5522,0.1089,-16.81,-37.62,-3.44,249.72,-78.75,-166.44
52.40224,-1.501128,148.91,7.94,6,340.28,17 / 19,5577810,2019-09-06 20:53:03:553,1.5294,-3.2115,10.1412,-0.01,-0.0115,9.8066,0.0159,-0.6507,0.1858,-17.06,-37.75,-2.56,249.68,-78.74,-166.48
52.40224,-1.501128,148.91,7.94,6,340.28,17 / 19,5577909,2019-09-06 20:53:03:652,2.9691,-2.76,10.2517,0.0135,-0.0059,9.8066,0.0743,-0.6017,0.1503,-16.87,-38.19,-2.37,252.84,-78.68,-165.69
52.40224,-1.501128,148.91,7.94,6,340.28,17 / 19,5578009,2019-09-06 20:53:03:752,2.551,-2.2554,10.8442,0.0433,-0.0023,9.8064,-0.2617,-0.6359,0.2283,-18.69,-37.25,-1.19,258.77,-78.09,-164.75
52.40224,-1.501128,148.91,7.94,6,340.28,18 / 19,9,2019-09-06 20:53:05:016,1.1234,-1.6959,10.5615,0.0182,-0.0012,9.8066,0.0382,-0.3619,0.1366,-21.5,-34.31,10.38,285.69,-74.81,-166.84
52.40224,-1.501128,148.91,7.94,6,340.28,18 / 19,110,2019-09-06 20:53:05:117,1.1619,-1.9093,10.2213,0.0133,0.0066,9.8065,0.0219,-0.3393,0.1426,-21.19,-34.12,11.31,287.98,-74.59,-167.04
52.40224,-1.501128,148.91,7.94,6,340.28,18 / 19,209,2019-09-06 20:53:05:216,1.3261,-2.3594,10.3995,0.0449,-0.0045,9.8064,0.0847,-0.3022,0.1431,-22,-34,12.38,289.01,-74.35,-167.95
52.40224,-1.501128,148.91,7.94,6,340.28,18 / 19,309,2019-09-06 20:53:05:316,0.3969,-1.2972,8.5987,-0.0899,0.0107,9.8061,0.1354,-0.2796,0.0901,-20.81,-34.31,12.69,293.1,-74.9,-168.06
52.40224,-1.501128,148.91,7.94,6,340.28,18 / 19,410,2019-09-06 20:53:05:417,1.5983,-0.6367,10.0539,0.0826,-0.003,9.8062,0.2295,-0.2332,0.0612,-21.56,-34.37,12.94,292.29,-74.89,-168.26
52.40224,-1.501128,148.91,7.94,6,340.28,18 / 19,510,2019-09-06 20:53:05:517,1.8561,-0.3227,10.0084,-0.003,-0.004,9.8066,-0.2014,-0.1959,0.0536,-21.44,-33.87,12.75,291.82,-74.48,-168.52
52.40224,-1.501128,148.91,7.94,6,340.28,18 / 19,610,2019-09-06 20:53:05:617,1.2416,-0.7222,10.3534,-0.0009,-0.0294,9.8066,-0.0789,-0.0634,0.0886,-20.87,-33.44,14,296.16,-74.48,-167.81
52.40224,-1.501128,148.91,7.94,6,340.28,18 / 19,710,2019-09-06 20:53:05:717,1.6336,-0.3608,9.7807,-0.0075,-0.0059,9.8066,-0.0656,-0.1378,0.1071,-21.12,-34.19,13.63,297.13,-74.54,-166.48
52.40224,-1.501128,148.91,7.94,6,340.28,18 / 19,809,2019-09-06 20:53:05:816,0.724,-0.6192,9.4321,-0.0393,-0.0164,9.8065,-0.1588,-0.1864,0.0293,-21.75,-34.19,13.56,298.33,-74.61,-164.99
52.40224,-1.501128,148.91,7.94,6,340.28,18 / 19,909,2019-09-06 20:53:05:916,1.4577,0.9311,10.3374,0.0596,-0.0286,9.8064,-0.0541,-0.0999,0.0716,-21.31,-33.37,14.13,301.46,-74.97,-164.09
52.40224,-1.501128,148.91,7.94,6,340.28,18 / 19,1010,2019-09-06 20:53:06:017,0.7559,-0.3673,9.8466,-0.0089,-0.0042,9.8065,-0.0359,-0.0083,-0.0169,-21.12,-33.06,13.69,301.51,-74.34,-163.19
52.40224,-1.501128,148.91,7.94,6,340.28,18 / 19,1110,2019-09-06 20:53:06:117,1.3598,-0.9248,10.1158,-0.069,0.0444,9.8063,0.0887,-0.1486,-0.0563,-21.69,-33.87,14.63,303.26,-74.88,-163.52
52.40224,-1.501128,148.91,7.94,6,340.28,17 / 18,1209,2019-09-06 20:53:06:216,2.048,-0.461,9.2975,-0.0542,0.0452,9.8063,0.136,-0.0435,0.0795,-21.44,-33.62,14.5,303.45,-75.09,-164.35
52.40224,-1.501128,148.91,7.94,6,340.28,17 / 18,1310,2019-09-06 20:53:06:317,2.6456,1.988,9.5444,0.0304,-0.02,9.8065,-0.2247,-0.0577,0.1806,-21.62,-34.06,13.81,300.29,-75.02,-163.94
52.40224,-1.501128,148.91,7.94,6,340.28,17 / 18,1410,2019-09-06 20:53:06:417,0.9913,-1.002,9.7857,-0.0425,-0.0049,9.8065,-0.2024,-0.0333,0.0275,-21.19,-33.44,13.88,303.78,-74.88,-162.09
52.40224,-1.501128,148.91,7.94,6,340.28,17 / 18,1510,2019-09-06 20:53:06:517,0.3939,0.8615,9.8154,-0.0145,0.0165,9.8065,-0.1034,-0.1222,-0.0095,-21.62,-34.37,13.44,302.18,-75.6,-160.92
52.40224,-1.501128,148.91,7.94,6,340.28,17 / 18,1609,2019-09-06 20:53:06:616,-1.1456,0.8695,9.8402,-0.0193,0.0071,9.8065,-0.135,0.0413,0.0306,-21.69,-34.44,13.88,302.95,-75.61,-162.54
52.40224,-1.501128,148.91,7.94,6,340.28,17 / 18,1710,2019-09-06 20:53:06:717,0.0357,1.7287,9.5406,-0.0466,0.0005,9.8065,-0.0944,0.0432,0.0038,-21.75,-34.12,13.06,301.32,-75.72,-161.79
52.40224,-1.501128,148.91,7.94,6,340.28,17 / 18,1809,2019-09-06 20:53:06:816,0.6741,1.2555,9.3345,-0.0108,-0.0292,9.8065,-0.0557,-0.0234,0.039,-21.87,-34,13.38,302.48,-75.99,-161.19
52.40224,-1.501128,148.91,7.94,6,340.28,17 / 18,1910,2019-09-06 20:53:06:917,-0.1369,0.7145,9.9661,-0.0165,-0.0013,9.8066,0.1149,0.1262,-0.0465,-21.37,-34.31,13.81,304.8,-75.27,-161.28
52.40224,-1.501128,148.91,7.94,6,340.28,17 / 18,2010,2019-09-06 20:53:07:017,1.9959,1.1674,9.515,0.0586,-0.0202,9.8064,0.2423,0.0957,0.0319,-21.87,-34.44,13.75,304.46,-75.52,-161.2
52.40224,-1.501128,148.91,7.94,6,340.28,17 / 18,2109,2019-09-06 20:53:07:116,1.0066,1.7433,9.8243,0.0387,-0.0139,9.8065,-0.0983,0.1,-0.0066,-21.81,-34.44,13.19,300.49,-75.11,-161.64
52.40261,-1.50093,147.82,9.48,4,102.72,18 / 19,2210,2019-09-06 20:53:07:217,1.0988,0.9783,9.5893,0.0191,-0.0146,9.8066,-0.0501,0.0706,0.0276,-22.31,-34.5,13.69,303.37,-75.19,-161.65
52.40261,-1.50093,147.82,9.48,4,102.72,18 / 19,2311,2019-09-06 20:53:07:318,0.2877,1.7873,9.3876,-0.0389,0.0175,9.8065,0.0005,0.1113,-0.0093,-21.81,-34.44,13.13,300.42,-75.05,-161.61
52.40261,-1.50093,147.82,9.48,4,102.72,18 / 19,2409,2019-09-06 20:53:07:416,-0.2023,2.281,9.6676,-0.0061,0.0041,9.8066,-0.0103,0.107,-0.0395,-21.75,-34.5,12.38,298.53,-75.37,-161.3
52.40261,-1.50093,147.82,9.48,4,102.72,18 / 19,2510,2019-09-06 20:53:07:517,-0.1321,2.9695,9.2667,-0.0116,0.0099,9.8066,-0.0722,0.1409,-0.1012,-21.56,-34.56,12.31,297.68,-75.46,-161.59
52.40261,-1.50093,147.82,9.48,4,102.72,18 / 19,2610,2019-09-06 20:53:07:617,-1.0073,2.877,9.1943,-0.0106,0.0025,9.8066,-0.0418,0.1385,-0.0242,-22.37,-34.69,11.88,297.22,-75.46,-161.97
52.40261,-1.50093,147.82,9.48,4,102.72,18 / 19,2710,2019-09-06 20:53:07:717,0.1624,2.8576,9.1146,-0.0181,0.0106,9.8065,-0.0874,0.1627,-0.0237,-21.94,-34.12,11.44,295.58,-75.74,-161.92
52.40261,-1.50093,147.82,9.48,4,102.72,18 / 19,2810,2019-09-06 20:53:07:817,-0.7598,2.559,9.7615,-0.0251,0.0164,9.8065,0.0444,0.1655,-0.0587,-22.31,-34.81,11.06,295.42,-76,-161.88
52.40261,-1.50093,147.82,9.48,4,102.72,18 / 19,2910,2019-09-06 20:53:07:917,0.0009,2.7851,10.0986,0.003,0.0032,9.8066,-0.0034,0.1232,-0.0055,-21.81,-34.62,11,295.29,-76.02,-162.03
52.40261,-1.50093,147.82,9.48,4,102.72,18 / 19,3009,2019-09-06 20:53:08:016,-0.1488,2.4851,9.8819,0.0093,-0.0039,9.8066,0.0417,0.1635,-0.0822,-21.62,-34.94,10.69,295.21,-76.07,-162.18
52.40261,-1.50093,147.82,9.48,4,102.72,18 / 19,3110,2019-09-06 20:53:08:117,0.3085,2.4476,9.678,0.0079,0.0028,9.8066,-0.0196,0.1914,0.0068,-21.87,-35.12,10.06,292.05,-75.95,-162.25
52.40261,-1.50093,147.82,9.48,4,102.72,18 / 19,3209,2019-09-06 20:53:08:216,0.1216,3.4479,9.9139,0.022,-0.0135,9.8065,-0.0701,0.2336,-0.0921,-22.19,-35.56,9.88,291.33,-75.83,-162.08
52.40261,-1.50093,147.82,9.48,4,102.72,18 / 19,3310,2019-09-06 20:53:08:317,-1.2164,2.8111,8.9105,-0.0174,0.0142,9.8065,0.1695,0.2639,-0.179,-21.5,-34.94,9.75,291.72,-75.86,-162.6
52.40261,-1.50093,147.82,9.48,4,102.72,18 / 19,3409,2019-09-06 20:53:08:416,0.0143,4.8415,9.128,-0.0611,0.0166,9.8064,0.1532,0.2695,-0.1311,-21.75,-35.75,8.56,287.99,-76.33,-163.32
52.40261,-1.50093,147.82,9.48,4,102.72,18 / 19,3510,2019-09-06 20:53:08:517,1.858,-0.8574,10.637,0.0861,-0.1065,9.8056,-0.222,0.3378,-0.2516,-21.87,-35.44,8.38,286.29,-76.52,-163.18
52.40261,-1.50093,147.82,9.48,4,102.72,18 / 19,3609,2019-09-06 20:53:08:616,2.2128,5.465,8.886,-0.1419,0.0306,9.8055,-0.4867,0.1146,0.1809,-22.12,-35.31,7.25,285.33,-76.17,-160.84
52.40261,-1.50093,147.82,9.48,4,102.72,18 / 19,3709,2019-09-06 20:53:08:716,-1.2285,3.5525,9.2583,-0.1881,-0.0369,9.8048,-0.3535,0.3665,-0.0874,-21.25,-36.69,4.75,287.87,-79.12,-156.99
52.40261,-1.50093,147.82,9.48,4,102.72,18 / 19,3810,2019-09-06 20:53:08:817,-0.8332,2.5287,9.9341,-0.156,-0.0663,9.8051,-0.3385,0.2728,0.0373,-21.81,-37.5,2.81,298.59,-81.48,-146.28
52.40261,-1.50093,147.82,9.48,4,102.72,18 / 19,3910,2019-09-06 20:53:08:917,-1.1838,2.47,8.9793,-0.2108,-0.0439,9.8043,-0.2783,0.2412,-0.1319,-21.06,-37.12,1.44,308.93,-83.16,-134.18
52.40261,-1.50093,147.82,9.48,4,102.72,18 / 19,4010,2019-09-06 20:53:09:017,-0.2221,2.5325,9.1897,-0.067,-0.0303,9.8064,-0.4044,0.2915,0.0641,-21.87,-38.44,-0.5,326.74,-84.41,-117.83
52.40261,-1.50093,147.82,9.48,4,102.72,19 / 20,4109,2019-09-06 20:53:09:116,-1.8501,1.8916,10.3351,-0.2377,-0.1147,9.803,-0.5984,0.4353,-0.0554,-21.75,-38.37,-2.37,339.93,-84.95,-101.83
52.40261,-1.50093,147.82,9.48,4,102.72,19 / 20,4210,2019-09-06 20:53:09:217,-0.8937,3.8191,9.3518,0.0123,0.0275,9.8066,0.3528,0.2008,-0.092,-21.44,-39.44,-3.5,11.49,-84.48,-72.45
52.40261,-1.50093,147.82,9.48,4,102.72,19 / 20,4309,2019-09-06 20:53:09:316,0.0177,3.6239,9.9543,0.3185,0.0419,9.8013,0.2646,0.3842,-0.0342,-20.94,-38.44,-1,340.12,-85.2,-104.14
52.40261,-1.50093,147.82,9.48,4,102.72,19 / 20,4410,2019-09-06 20:53:09:417,-0.313,3.4239,9.5263,0.0858,0.0141,9.8062,0.0742,0.3108,-0.0231,-21.31,-38.44,-0.94,305.63,-83.88,-132.45
52.40261,-1.50093,147.82,9.48,4,102.72,19 / 20,4509,2019-09-06 20:53:09:516,-1.1687,4.2836,9.6771,0.1733,0.0586,9.8049,0.2834,0.2717,-0.0174,-20.62,-38.62,-0.81,294.12,-83.13,-141.24
52.40261,-1.50093,147.82,9.48,4,102.72,19 / 20,4610,2019-09-06 20:53:09:617,-1.018,4.1739,10.5229,-0.0164,-0.0081,9.8065,0.126,0.3666,-0.0587,-20.75,-38.44,-0.69,285.96,-82.12,-147.26
52.40261,-1.50093,147.82,9.48,4,102.72,19 / 20,4709,2019-09-06 20:53:09:716,-1.9077,4.2528,9.2532,-0.0056,0.012,9.8065,0.0877,0.3087,0.0112,-20,-38.19,-0.94,283.69,-82.06,-148.42
52.40261,-1.50093,147.82,9.48,4,102.72,19 / 20,4810,2019-09-06 20:53:09:817,-1.8402,2.7323,9.2002,-0.0147,-0.0088,9.8066,-0.0217,0.3047,0.0049,-20.31,-38.06,-0.81,282.2,-81.93,-149.58
52.40261,-1.50093,147.82,9.48,4,102.72,19 / 20,4910,2019-09-06 20:53:09:917,-1.1637,2.4538,10.3,0.0151,0.0089,9.8066,0.0824,0.3363,-0.1033,-19.37,-38.62,-2.12,278.12,-81.89,-149.06
52.40261,-1.50093,147.82,9.48,4,102.72,19 / 20,5009,2019-09-06 20:53:10:016,-1.8952,4.2567,10.1452,0.0026,0.0219,9.8066,0.0387,0.3714,-0.0898,-19.25,-38.56,-2.19,276.08,-81.88,-151.02
52.40261,-1.50093,147.82,9.48,4,102.72,18 / 19,5110,2019-09-06 20:53:10:117,-0.3843,2.991,10.4246,0.0013,0.0181,9.8066,-0.0624,0.4386,-0.1142,-19.37,-39.12,-3.12,272.18,-81.93,-152.14
52.40261,-1.50093,147.82,9.48,4,102.72,18 / 19,5209,2019-09-06 20:53:10:216,-1.7123,3.2073,9.7646,0.0293,0.0258,9.8065,-0.047,0.3597,-0.0499,-19,-39.19,-3.62,267.18,-81.71,-153.96
52.40261,-1.50093,147.82,9.48,4,102.72,18 / 19,5310,2019-09-06 20:53:10:317,-1.603,3.9685,9.0242,-0.0126,0.0061,9.8066,-0.0013,0.4424,-0.0517,-18.94,-39.81,-4.5,265.81,-81.77,-155.04
52.40261,-1.50093,147.82,9.48,4,102.72,18 / 19,5410,2019-09-06 20:53:10:417,-0.5916,2.7548,9.9275,-0.0357,-0.0183,9.8065,0.1097,0.4624,-0.0162,-18.19,-39.5,-4.87,261.8,-81.86,-155.57
52.40261,-1.50093,147.82,9.48,4,102.72,18 / 19,5510,2019-09-06 20:53:10:517,-2.4919,2.7601,10.6134,0.0009,0.0288,9.8065,-0.1424,0.3895,-0.097,-17.56,-40.37,-5.94,260.31,-82.43,-155.32
52.40261,-1.50093,147.82,9.48,4,102.72,18 / 19,5610,2019-09-06 20:53:10:617,-2.9146,3.2667,10.0568,0.0007,0.0168,9.8065,-0.0978,0.3525,-0.0712,-17,-39.69,-6.5,257.05,-82.67,-157.46
52.40261,-1.50093,147.82,9.48,4,102.72,18 / 19,5710,2019-09-06 20:53:10:717,-3.3895,2.8762,9.8693,-0.0076,0.0058,9.8066,0.1019,0.3642,-0.0917,-16.25,-39.94,-6.94,252.57,-82.59,-157.44
52.40261,-1.50093,147.82,9.48,4,102.72,18 / 19,5810,2019-09-06 20:53:10:817,-2.2136,3.6473,9.3961,-0.0036,0.0083,9.8066,0.0849,0.4354,-0.0589,-16.31,-39.87,-7.19,250.46,-82.49,-159.56
52.40261,-1.50093,147.82,9.48,4,102.72,18 / 19,5909,2019-09-06 20:53:10:916,-2.8662,2.1239,9.909,-0.0153,-0.0049,9.8066,0.0003,0.4354,-0.1105,-15.56,-40.62,-7.87,247.26,-82.47,-160.16
52.40261,-1.50093,147.82,9.48,4,102.72,18 / 19,6009,2019-09-06 20:53:11:016,-3.007,3.0405,9.7408,-0.0375,-0.0012,9.8065,-0.0146,0.3718,-0.1219,-16.19,-40.94,-8.56,244.59,-82.61,-161.1
52.40261,-1.50093,147.82,9.48,4,102.72,19 / 20,6110,2019-09-06 20:53:11:117,-2.7776,2.152,10.9255,0.0042,0.0355,9.8066,0.0524,0.3872,-0.0504,-15,-41.62,-8.37,242.31,-82.91,-164.04
52.40261,-1.50093,147.82,9.48,4,102.72,19 / 20,6209,2019-09-06 20:53:11:216,-2.057,3.2179,10.9294,0.0213,0.0161,9.8065,0.2205,0.4055,-0.0423,-14.94,-40.62,-7.37,242.12,-82.63,-166.64
52.40261,-1.50093,147.82,9.48,4,102.72,19 / 20,6310,2019-09-06 20:53:11:317,-2.5357,2.8411,9.0794,0.0408,0.013,9.8065,0.066,0.4391,-0.0685,-14.69,-41.56,-6.87,240.2,-82.15,-167.4
52.40261,-1.50093,147.82,9.48,4,102.72,19 / 20,6409,2019-09-06 20:53:11:416,-1.8314,3.2264,9.9521,0.0113,-0.0054,9.8066,0.077,0.4177,-0.0238,-14.81,-41.5,-6.37,241.98,-81.66,-167.36
52.40261,-1.50093,147.82,9.48,4,102.72,19 / 20,6510,2019-09-06 20:53:11:517,-1.3473,3.0665,11.1615,0.0259,0.0188,9.8065,0.059,0.4487,-0.0241,-13.44,-40.5,-5.87,238.67,-81.64,-166.35
52.40261,-1.50093,147.82,9.48,4,102.72,19 / 20,6610,2019-09-06 20:53:11:617,-2.3194,3.2633,10.4308,0.0093,-0.0074,9.8066,0.0498,0.4211,-0.0159,-13.06,-40.31,-6.25,239.06,-81.6,-165.78
52.40261,-1.50093,147.82,9.48,4,102.72,19 / 20,6710,2019-09-06 20:53:11:717,-1.6342,3.0985,9.2923,0.0167,0.0061,9.8066,0.0351,0.3606,-0.0608,-12.62,-39.62,-6.19,239.5,-81.46,-164.88
52.40261,-1.50093,147.82,9.48,4,102.72,19 / 20,6810,2019-09-06 20:53:11:817,-2.6209,2.34,8.6532,0.0113,0.0111,9.8066,0.0201,0.41,-0.0598,-11.37,-39.69,-6.81,231.38,-81.16,-164.71
52.40261,-1.50093,147.82,9.48,4,102.72,19 / 20,6910,2019-09-06 20:53:11:917,-2.1633,2.6096,9.0683,-0.008,-0.0156,9.8066,-0.0841,0.4118,-0.074,-11.19,-39.62,-6.62,231.56,-81.2,-164.56
52.40261,-1.50093,147.82,9.48,4,102.72,19 / 20,7010,2019-09-06 20:53:12:017,-1.9977,0.8812,9.338,-0.026,-0.0236,9.8065,-0.1074,0.3484,-0.1306,-9.81,-38.06,-7.87,228.13,-81.42,-164.17
52.40261,-1.50093,147.82,9.48,4,102.72,19 / 20,7109,2019-09-06 20:53:12:116,-2.7209,2.8163,9.4485,-0.0541,0.005,9.8064,-0.0855,0.3407,-0.1247,-8.75,-39.06,-8.81,222.2,-82.11,-166.59
52.40261,-1.50093,147.82,9.48,4,102.72,19 / 20,7210,2019-09-06 20:53:12:217,-2.6938,1.1281,10.0525,-0.026,0.012,9.8065,-0.0347,0.3333,-0.0678,-7.31,-38.5,-9.5,213.55,-82.56,-170.71
52.40261,-1.50093,147.82,9.48,4,102.72,19 / 20,7310,2019-09-06 20:53:12:317,-2.877,0.1441,8.8043,-0.0342,-0.0176,9.8065,0.0218,0.286,-0.0727,-7.06,-38.94,-9.81,210.98,-82.68,-172.09
52.40261,-1.50093,147.82,9.48,4,102.72,19 / 20,7410,2019-09-06 20:53:12:417,-2.5356,2.2738,9.293,-0.0475,-0.0147,9.8064,-0.0021,0.3297,-0.126,-5.81,-38.94,-9.81,204.93,-82.94,-176.21
52.40261,-1.50093,147.82,9.48,4,102.72,19 / 20,7510,2019-09-06 20:53:12:517,-2.1158,1.7171,10.324,-0.0115,0.0153,9.8065,-0.0522,0.3201,-0.1234,-5.62,-38.69,-9.19,204.64,-82.94,-178.55
52.40261,-1.50093,147.82,9.48,4,102.72,19 / 20,7609,2019-09-06 20:53:12:616,-3.0935,2.211,9.4045,-0.0107,0.0331,9.8065,-0.0821,0.3693,-0.1348,-5.06,-38.44,-9.44,199.99,-83.06,179.58
52.40261,-1.50093,147.82,9.48,4,102.72,19 / 20,7710,2019-09-06 20:53:12:717,-1.88,2.6069,9.3035,-0.0034,-0.0116,9.8066,0.0208,0.3744,-0.0599,-4.62,-37.56,-8.5,199.28,-82.83,176.7
52.40261,-1.50093,147.82,9.48,4,102.72,19 / 20,7810,2019-09-06 20:53:12:817,-2.6433,2.7457,9.8701,-0.0122,-0.0044,9.8066,0.0065,0.3388,-0.06,-4.56,-36.5,-9.25,197.62,-82.82,176.05
52.40261,-1.50093,147.82,9.48,4,102.72,19 / 20,7910,2019-09-06 20:53:12:917,-2.584,2.5232,9.7405,-0.006,0.0055,9.8066,0.0232,0.3896,-0.0356,-4.25,-35.94,-10.56,191.01,-82.75,175.2
52.40261,-1.50093,147.82,9.48,4,102.72,19 / 20,8009,2019-09-06 20:53:13:016,-2.8385,2.9997,9.5691,0.0012,0.0156,9.8066,0.0188,0.4088,-0.0778,-2.69,-38.19,-11.87,186.28,-82.59,174.67
52.40261,-1.50093,147.82,9.48,4,102.72,19 / 20,8110,2019-09-06 20:53:13:117,-0.8065,2.0235,9.4078,0.0105,-0.0117,9.8066,0.0922,0.3787,-0.0997,-1.19,-38.87,-11,179.11,-82.49,173.51
52.40261,-1.50093,147.82,9.48,4,102.72,19 / 20,8210,2019-09-06 20:53:13:217,-2.1153,0.8303,9.8076,-0.0112,-0.0037,9.8066,0.0009,0.3095,-0.0304,0,-39.56,-9.19,176.32,-82.36,174.18
52.40261,-1.50093,147.82,9.48,4,102.72,19 / 20,8310,2019-09-06 20:53:13:317,-0.7404,0.5834,9.1045,0.0044,-0.0123,9.8065,-0.0805,0.2628,-0.0843,0.13,-36.62,-8.81,175.88,-82.36,173.67
52.40261,-1.50093,147.82,9.48,4,102.72,19 / 20,8409,2019-09-06 20:53:13:416,-2.1511,0.0408,9.6702,0.009,-0.0156,9.8066,-0.1309,0.2972,-0.072,0.69,-36.25,-10.5,171.64,-82.42,173.48
52.40261,-1.50093,147.82,9.48,4,102.72,19 / 20,8510,2019-09-06 20:53:13:517,-1.4213,1.511,9.612,0.0068,0.0248,9.8066,0.1172,0.2352,-0.0826,1.25,-37.81,-11.69,171.6,-82.39,172.94
52.40261,-1.50093,147.82,9.48,4,102.72,19 / 20,8609,2019-09-06 20:53:13:616,-3.0954,1.5925,9.6296,-0.0126,0.0163,9.8066,0.0362,0.2885,-0.0481,2.56,-40.75,-11.44,165.08,-82.18,173.22
52.40261,-1.50093,147.82,9.48,4,102.72,19 / 20,8709,2019-09-06 20:53:13:716,-0.3447,2.0072,9.7234,0.0111,0.0058,9.8066,-0.0367,0.2363,-0.0384,1.63,-39.56,-9.44,167.48,-82.11,172.7
52.40261,-1.50093,147.82,9.48,4,102.72,19 / 20,8810,2019-09-06 20:53:13:817,-1.4869,1.2701,9.6709,0.0029,-0.0014,9.8066,0.0249,0.1797,-0.0027,2.13,-39.31,-9.56,167.71,-82.08,172.69
52.40261,-1.50093,147.82,9.48,4,102.72,19 / 20,8910,2019-09-06 20:53:13:917,-1.6074,1.6098,9.6191,-0.0041,0.0047,9.8066,-0.0162,0.1112,0.0982,3.56,-38.31,-9.44,159.6,-82.1,173.08
52.40261,-1.50093,147.82,9.48,4,102.72,19 / 20,9009,2019-09-06 20:53:14:016,-1.3993,1.3796,9.6398,0.0168,0.0171,9.8066,0.0123,0.1252,-0.0463,4.38,-38.25,-9.75,161.4,-82.02,174.37
52.40261,-1.50093,147.82,9.48,4,102.72,19 / 20,9110,2019-09-06 20:53:14:117,-1.4384,0.9423,9.8131,0.0037,-0.0133,9.8066,0.0315,0.0555,0.1027,3.63,-38.5,-9.31,161.23,-81.95,175.35
52.40261,-1.50093,147.82,9.48,4,102.72,19 / 20,9209,2019-09-06 20:53:14:216,0.3704,0.6444,9.5673,0.0178,-0.0018,9.8065,-0.0297,0.1262,-0.0166,2.94,-39.12,-8.69,165.51,-81.95,175.79
52.40261,-1.50093,147.82,9.48,4,102.72,19 / 20,9310,2019-09-06 20:53:14:317,0.328,1.0518,10.0219,-0.0013,0.0139,9.8065,0.0516,0.0808,-0.0001,3.25,-38.44,-7.94,165.23,-81.96,176.81
52.40261,-1.50093,147.82,9.48,4,102.72,19 / 20,9409,2019-09-06 20:53:14:416,-1.5052,2.255,9.5663,-0.0074,0.0111,9.8066,0.024,0.0865,-0.0289,4.44,-36.87,-8.87,161.98,-81.82,176.58
52.40261,-1.50093,147.82,9.48,4,102.72,19 / 20,9510,2019-09-06 20:53:14:517,-0.6614,1.385,9.475,0.0042,-0.0069,9.8066,-0.0048,0.0718,0.0061,4.5,-37.25,-10.19,159.46,-81.76,176.62
52.40261,-1.50093,147.82,9.48,4,102.72,19 / 20,9609,2019-09-06 20:53:14:616,0.2213,1.4069,10.1304,-0.0008,-0.008,9.8066,-0.0131,0.0251,0.0041,3.38,-39.37,-10.87,167.41,-81.73,176.64
52.40261,-1.50093,147.82,9.48,4,102.72,19 / 20,9710,2019-09-06 20:53:14:717,-0.4604,1.5139,10.2289,0.0034,0.0114,9.8066,0.073,0.0039,-0.0096,2.88,-39.5,-9.06,166.23,-81.63,176.61
52.40261,-1.50093,147.82,9.48,4,102.72,19 / 20,9810,2019-09-06 20:53:14:817,0.3865,1.7234,9.7756,-0.0007,0.0092,9.8066,0.0517,-0.0014,0.0371,2.56,-38.37,-7.62,165.81,-81.46,177.19
52.40261,-1.50093,147.82,9.48,4,102.72,19 / 20,9910,2019-09-06 20:53:14:917,0.6294,1.4528,9.9418,0.0015,0.0133,9.8066,0.0109,0.0267,-0.021,3.81,-36.69,-8.81,163.17,-81.21,177.74
52.40261,-1.50093,147.82,9.48,4,102.72,19 / 20,10010,2019-09-06 20:53:15:017,-1.0527,2.3604,10.0508,-0.0092,0.0097,9.8066,0.0343,0.0748,-0.012,4.31,-36.81,-9.56,163.93,-81.12,177.47
52.40261,-1.50093,147.82,9.48,4,102.72,19 / 20,10110,2019-09-06 20:53:15:117,-0.2686,1.8276,9.7231,0.0035,0.002,9.8066,-0.1528,0.0923,-0.0494,4.13,-38.69,-10.19,164.27,-81.22,177.62
52.40261,-1.50093,147.82,9.48,4,102.72,19 / 20,10209,2019-09-06 20:53:15:216,1.2496,0.0946,9.3278,-0.0217,0.004,9.8065,-0.1537,0.0289,0.1016,3.56,-39.25,-7.94,161.75,-81.24,176.49
52.40261,-1.50093,147.82,9.48,4,102.72,19 / 20,10310,2019-09-06 20:53:15:317,-1.2514,0.4257,9.1859,-0.01,-0.0319,9.8066,0.1358,0.0249,0.1179,3.75,-36.87,-7.31,159.72,-81.27,175.69
52.40261,-1.50093,147.82,9.48,4,102.72,19 / 20,10410,2019-09-06 20:53:15:417,-0.3429,0.5569,9.9111,0.0147,-0.0282,9.8066,0.1862,0.0683,-0.0753,3.13,-36.19,-8.62,164.98,-81.25,174.97
52.40261,-1.50093,147.82,9.48,4,102.72,19 / 20,10510,2019-09-06 20:53:15:517,-0.501,1.7455,10.0028,-0.0162,0.0543,9.8065,-0.1468,0.0296,-0.0276,3.63,-37.37,-9.37,161.49,-81.3,175.25
52.40261,-1.50093,147.82,9.48,4,102.72,19 / 20,10610,2019-09-06 20:53:15:617,0.4622,1.0452,9.6667,-0.0045,0.0369,9.8065,-0.0767,-0.0267,0.0442,3.13,-37,-9.12,165.66,-80.92,175.5
52.40261,-1.50093,147.82,9.48,4,102.72,19 / 20,10710,2019-09-06 20:53:15:717,-0.522,0.43,9.8838,0.0016,-0.0074,9.8066,0.0189,0.0044,-0.0083,2.31,-37.12,-9.62,170.36,-80.92,176.29
52.40261,-1.50093,147.82,9.48,4,102.72,19 / 20,10809,2019-09-06 20:53:15:816,0.1349,1.1951,9.6186,0.0002,-0.0027,9.8066,-0.0245,0.0142,0.0027,2.56,-36.81,-8.81,166.14,-80.95,176.28
52.40261,-1.50093,147.82,9.48,4,102.72,19 / 20,10909,2019-09-06 20:53:15:916,-0.5831,0.2389,9.7681,-0.0039,0.0038,9.8066,0.0196,0.0027,0.0051,3.13,-36.5,-9.5,165.87,-80.99,176.12
52.40261,-1.50093,147.82,9.48,4,102.72,19 / 20,11010,2019-09-06 20:53:16:017,0.2133,0.9366,10.049,-0.0081,0.0171,9.8066,-0.0421,0.053,-0.0648,3.06,-37.31,-9.56,166.59,-81.05,176.09
52.40303,-1.500457,146.39,11.56,4,338.01,19 / 20,11110,2019-09-06 20:53:16:117,-0.9574,0.8822,9.6955,-0.0085,0.0195,9.8066,-0.0101,0.0849,-0.0321,2.69,-37.5,-7.62,164.77,-80.95,175.18
52.40303,-1.500457,146.39,11.56,4,338.01,19 / 20,11210,2019-09-06 20:53:16:217,-0.5543,1.0243,9.5977,-0.0012,0.0239,9.8066,0.009,0.0444,-0.0232,2.56,-35.69,-7.81,164.7,-80.81,175.2
52.40303,-1.500457,146.39,11.56,4,338.01,19 / 20,11309,2019-09-06 20:53:16:316,-1.4175,2.1667,10.1123,-0.0138,0.0342,9.8065,-0.1797,0.0271,0.0613,3.25,-35.19,-9.31,165.47,-80.72,175.49
52.40303,-1.500457,146.39,11.56,4,338.01,19 / 20,11410,2019-09-06 20:53:16:417,-0.158,1.8166,9.8828,0.0139,0.0513,9.8065,-0.226,0.2243,-0.1159,3.5,-35.44,-10.44,162.27,-80.78,175.15
52.40303,-1.500457,146.39,11.56,4,338.01,19 / 20,11510,2019-09-06 20:53:16:517,0.195,2.1372,11.5358,-0.0081,0.0428,9.8065,0.0611,0.1829,-0.141,3.44,-35.75,-9.81,166.22,-80.63,175.4
52.40303,-1.500457,146.39,11.56,4,338.01,19 / 20,11609,2019-09-06 20:53:16:616,-2.6295,3.5234,9.3684,-0.0035,0.1504,9.8054,0.1277,0.1496,-0.2778,3.13,-36.94,-10.25,166.72,-80.05,175.52
52.40303,-1.500457,146.39,11.56,4,338.01,19 / 20,11710,2019-09-06 20:53:16:717,0.4759,2.3915,10.3127,-0.0017,-0.0344,9.8065,-0.4263,0.1889,-0.0675,3.81,-38.12,-10.19,162.41,-80.27,174.05
52.40303,-1.500457,146.39,11.56,4,338.01,19 / 20,11810,2019-09-06 20:53:16:817,-1.6889,0.8676,9.6658,0.0107,0.0377,9.8065,-0.0568,0.1695,-0.1633,3,-39.19,-10.06,165.05,-80.45,172.74
52.40303,-1.500457,146.39,11.56,4,338.01,19 / 20,11909,2019-09-06 20:53:16:916,-1.1492,-0.1516,9.7418,-0.0073,-0.0181,9.8066,-0.0804,-0.0112,0.0466,2.81,-39.69,-8.44,164.03,-80.38,172.36
52.40303,-1.500457,146.39,11.56,4,338.01,19 / 20,12010,2019-09-06 20:53:17:017,-0.0228,1.3356,9.4639,0.0025,0.0275,9.8066,-0.1672,0.0812,0.0041,2.06,-38.19,-7.69,167.3,-80.37,171.75
52.40303,-1.500457,146.39,11.56,4,338.01,18 / 20,12110,2019-09-06 20:53:17:117,-0.1777,1.0891,9.5139,-0.0061,-0.0351,9.8065,0.15,0.01,0.0325,1.06,-37.81,-8.75,171.61,-80.07,172.02
52.40303,-1.500457,146.39,11.56,4,338.01,18 / 20,12209,2019-09-06 20:53:17:216,-1.0257,-0.5952,9.8158,0.0064,-0.0135,9.8066,-0.0771,0.154,-0.0697,0.69,-38.19,-8.75,171.53,-80.19,171.95
52.40303,-1.500457,146.39,11.56,4,338.01,18 / 20,12310,2019-09-06 20:53:17:317,0.2512,0.4682,9.2459,-0.0015,0.013,9.8066,-0.0079,0.1218,-0.0466,1.56,-37.25,-8.19,166.78,-80.3,171.04
52.40303,-1.500457,146.39,11.56,4,338.01,18 / 20,12410,2019-09-06 20:53:17:417,-1.0485,-0.0681,8.8706,0.0006,0.0083,9.8066,-0.1308,0.0825,-0.0194,2.5,-35.94,-9.5,163.17,-80.26,171.11
52.40303,-1.500457,146.39,11.56,4,338.01,18 / 20,12510,2019-09-06 20:53:17:517,-0.9569,-0.4612,9.3396,0.0048,-0.0425,9.8065,0.1031,0.0992,0.0514,2.25,-36.87,-9.81,167.63,-80.35,171.61
52.40303,-1.500457,146.39,11.56,4,338.01,18 / 20,12610,2019-09-06 20:53:17:617,-0.1766,0.2102,9.6757,0.0149,-0.0388,9.8065,0.0931,0.0817,0.0737,2.75,-37.94,-9.81,164.43,-80.43,171.98
52.40303,-1.500457,146.39,11.56,4,338.01,18 / 20,12710,2019-09-06 20:53:17:717,-0.4455,-0.6034,10.1044,0.0062,0.0171,9.8065,0.0584,0.0374,0.0353,2.88,-37.62,-8.37,163.79,-80.6,172.85
52.40303,-1.500457,146.39,11.56,4,338.01,18 / 20,12810,2019-09-06 20:53:17:817,-0.2249,-0.264,10.2564,0.0189,0.0123,9.8066,0.0214,0.1176,-0.075,3.75,-38.06,-8.87,161.83,-80.51,174.57
52.40303,-1.500457,146.39,11.56,4,338.01,18 / 20,12910,2019-09-06 20:53:17:917,-0.2895,0.2792,10.3495,-0.0023,0.018,9.8065,0.0864,0.0995,0.0027,3.5,-38.44,-8.19,160.94,-80.41,174.36
52.40303,-1.500457,146.39,11.56,4,338.01,18 / 20,13009,2019-09-06 20:53:18:016,-0.4843,1.2344,10.3695,-0.0061,0.019,9.8066,0.0635,0.0596,-0.0172,3.44,-38.12,-8.06,165.04,-80.19,174.51
52.40303,-1.500457,146.39,11.56,4,338.01,19 / 20,13110,2019-09-06 20:53:18:117,-0.3221,-0.2864,10.3292,-0.0212,0.0076,9.8066,-0.0559,0.1067,-0.0525,3.5,-38.44,-7.12,160.21,-80.17,174.39
52.40303,-1.500457,146.39,11.56,4,338.01,19 / 20,13209,2019-09-06 20:53:18:216,-0.166,-0.636,10.2645,-0.0241,0.0208,9.8065,-0.0492,0.0737,0.0207,4.13,-38.56,-7,159.79,-79.91,172.76
52.40303,-1.500457,146.39,11.56,4,338.01,19 / 20,13310,2019-09-06 20:53:18:317,-0.8207,-0.3183,10.1527,-0.0116,0.0028,9.8066,0.0788,0.0473,0.0075,4.69,-39.44,-6.69,155.71,-79.74,172.14
52.40303,-1.500457,146.39,11.56,4,338.01,19 / 20,13410,2019-09-06 20:53:18:417,-1.7679,1.2849,9.9634,-0.0069,0.0119,9.8066,0.0831,0.096,-0.0626,5.19,-38.5,-6.19,154.26,-79.52,171.77
52.40303,-1.500457,146.39,11.56,4,338.01,19 / 20,13509,2019-09-06 20:53:18:516,-0.3088,-1.6266,9.8016,0.0106,-0.0241,9.8066,0.0683,0.0504,-0.0066,5.13,-38.19,-5.56,154.6,-79.25,171.81
52.40303,-1.500457,146.39,11.56,4,338.01,19 / 20,13609,2019-09-06 20:53:18:616,0.2267,-0.3149,9.834,0.0095,-0.0405,9.8065,0.1556,0.0782,-0.0685,6.13,-38.37,-5.87,150.96,-79.11,172.05
52.40303,-1.500457,146.39,11.56,4,338.01,19 / 20,13710,2019-09-06 20:53:18:717,0.2037,0.0715,10.3858,0.0103,0.0124,9.8066,0.0447,0.0922,-0.0398,7.19,-37.44,-5.69,146.37,-79.21,171.49
52.40303,-1.500457,146.39,11.56,4,338.01,19 / 20,13810,2019-09-06 20:53:18:817,0.1921,0.3744,9.864,0.0035,-0.0001,9.8066,0.1336,0.0437,-0.0506,6.88,-37.94,-5.87,147.08,-79.26,172.12
52.40303,-1.500457,146.39,11.56,4,338.01,19 / 20,13910,2019-09-06 20:53:18:917,-0.7141,-0.4816,9.9576,-0.0074,0.0124,9.8066,-0.1221,0.0891,-0.0857,7.69,-38.12,-6.37,143.36,-79.23,171.74
52.40303,-1.500457,146.39,11.56,4,338.01,19 / 20,14010,2019-09-06 20:53:19:017,-0.0393,-0.8756,10.2774,-0.0372,0.0396,9.8064,-0.0837,0.1172,-0.0572,8.25,-37.87,-5.44,141.39,-79.06,171.18
52.40303,-1.500457,146.39,11.56,4,338.01,18 / 19,14112,2019-09-06 20:53:19:119,-0.1789,-1.3724,10.1425,0.0078,-0.0268,9.8066,0.093,0.0326,0.0452,8.13,-38.06,-6.56,144.33,-79.08,170.23
52.40303,-1.500457,146.39,11.56,4,338.01,18 / 19,14210,2019-09-06 20:53:19:217,0.2265,0.2139,10.5343,-0.0053,0.0145,9.8066,0.0459,0.1109,-0.0531,8.44,-38.44,-5.69,142.79,-78.99,170.22
52.40303,-1.500457,146.39,11.56,4,338.01,18 / 19,14310,2019-09-06 20:53:19:317,0.7031,-0.3469,10.4023,-0.0058,0.0221,9.8066,0.0547,0.0977,-0.0155,8.38,-37.94,-5.44,141.37,-78.71,170.16
52.40303,-1.500457,146.39,11.56,4,338.01,18 / 19,14410,2019-09-06 20:53:19:417,-0.4087,0.2671,10.3436,-0.0012,0.0093,9.8066,0.0622,0.0563,0.0085,7.94,-37.75,-4.94,141.85,-78.52,170.47
52.40303,-1.500457,146.39,11.56,4,338.01,18 / 19,14509,2019-09-06 20:53:19:516,0.6804,-0.9158,10.1222,-0.0086,0.0209,9.8065,-0.0814,0.0511,-0.0074,6.63,-37.19,-4.62,145.27,-78.48,170.78
52.40303,-1.500457,146.39,11.56,4,338.01,18 / 19,14609,2019-09-06 20:53:19:616,0.6163,-0.4156,9.6795,-0.0056,0.0245,9.8066,-0.0129,0.0082,-0.0193,6.13,-36.94,-5.81,151.05,-78.34,171.17
52.40303,-1.500457,146.39,11.56,4,338.01,18 / 19,14710,2019-09-06 20:53:19:717,-0.0104,-0.5435,9.8081,-0.0056,-0.0193,9.8066,-0.0045,0.0445,-0.0316,6.19,-37.19,-5.31,149.63,-78.24,170.94
52.40303,-1.500457,146.39,11.56,4,338.01,18 / 19,14810,2019-09-06 20:53:19:817,0.6308,-1.1574,10.075,-0.013,-0.007,9.8066,0.0693,0.0724,-0.0834,6.75,-37.19,-6.12,146.97,-78.31,170.42
52.40303,-1.500457,146.39,11.56,4,338.01,18 / 19,14910,2019-09-06 20:53:19:917,0.5416,-0.9603,10.3901,-0.0074,0.0052,9.8066,0.0466,0.0574,-0.0092,7.69,-37.94,-6.62,144.97,-78.07,169.08
52.40303,-1.500457,146.39,11.56,4,338.01,18 / 19,15010,2019-09-06 20:53:20:017,0.2473,-0.8516,9.8578,-0.008,0.0029,9.8066,0.0782,0.0232,-0.0079,7.63,-38.5,-6.37,143.82,-77.78,168.97
52.40303,-1.500457,146.39,11.56,4,338.01,19 / 20,15109,2019-09-06 20:53:20:116,-0.034,-0.9214,8.864,0.0008,0.025,9.8066,0.0218,-0.0285,0.0484,7.81,-38,-6.31,144.26,-77.54,169.15
52.40303,-1.500457,146.39,11.56,4,338.01,19 / 20,15210,2019-09-06 20:53:20:217,0.8741,-1.1587,9.7057,0.007,0.0009,9.8066,-0.0258,0.023,-0.0253,7.38,-38.62,-5.56,148.64,-77.56,170.12
52.40303,-1.500457,146.39,11.56,4,338.01,19 / 20,15310,2019-09-06 20:53:20:317,1.5199,-1.3989,10.6138,0.0058,0.0001,9.8066,0.0817,0.0391,0.017,8.5,-37.87,-5.56,141.36,-77.68,170.13
52.40303,-1.500457,146.39,11.56,4,338.01,19 / 20,15410,2019-09-06 20:53:20:417,0.6244,-0.3218,10.7532,-0.0034,0.02,9.8066,0.1462,0.0608,-0.0076,7.13,-37.75,-5.56,148.1,-77.7,170.25
52.40303,-1.500457,146.39,11.56,4,338.01,19 / 20,15510,2019-09-06 20:53:20:517,1.2791,-0.689,9.189,-0.007,0.02,9.8066,-0.1012,0.0716,-0.0401,6.94,-38.37,-6,148.75,-77.4,170.78
52.40303,-1.500457,146.39,11.56,4,338.01,19 / 20,15610,2019-09-06 20:53:20:617,-2.1592,0.537,9.7563,0.0097,-0.0056,9.8066,0.094,0.1135,-0.1276,7.75,-38.19,-5,143.75,-77.37,170.73
52.40303,-1.500457,146.39,11.56,4,338.01,19 / 20,15710,2019-09-06 20:53:20:717,0.6335,-0.5813,9.9529,0.0148,-0.0534,9.8065,-0.2104,-0.069,0.0787,7,-37.44,-6.06,148.1,-77.44,170.45
52.40303,-1.500457,146.39,11.56,4,338.01,19 / 20,15810,2019-09-06 20:53:20:817,0.8222,-1.5432,8.7341,-0.0007,0.0018,9.8066,-0.2717,-0.0185,-0.0808,6.56,-36.37,-6.37,147.02,-77.81,170.16
52.40303,-1.500457,146.39,11.56,4,338.01,19 / 20,15910,2019-09-06 20:53:20:917,-0.2065,-2.3233,9.7284,-0.0035,-0.0448,9.8065,0.2497,-0.0972,0.1437,6.94,-36.75,-6.87,149.01,-77.72,170.28
52.40303,-1.500457,146.39,11.56,4,338.01,19 / 20,16009,2019-09-06 20:53:21:016,0.4936,-0.6322,10.2528,0.0075,-0.0066,9.8065,0.2084,0.0146,0.0402,6.63,-37.44,-6.37,147.5,-77.59,169.7
52.40303,-1.500457,146.39,11.56,4,338.01,18 / 19,16110,2019-09-06 20:53:21:117,0.5104,0.2952,10.1494,-0.0018,0.0061,9.8065,-0.0082,-0.0499,0.0187,6.38,-37.44,-6.12,151.72,-77.33,170.2
52.40303,-1.500457,146.39,11.56,4,338.01,18 / 19,16209,2019-09-06 20:53:21:216,1.231,-0.3286,9.7682,0.0088,-0.0079,9.8066,-0.029,0.0031,-0.0834,7,-37.06,-5.5,146.86,-77.27,170.51
52.40303,-1.500457,146.39,11.56,4,338.01,18 / 19,16310,2019-09-06 20:53:21:317,0.6342,0.1041,9.6719,-0.0059,-0.0006,9.8066,-0.0071,-0.0304,0.0911,6.81,-36.69,-5.06,146.58,-77.31,170.07
52.40303,-1.500457,146.39,11.56,4,338.01,18 / 19,16410,2019-09-06 20:53:21:417,0.8248,-0.5848,9.6858,0.0054,0.0148,9.8065,-0.0409,0.0308,-0.0169,5.94,-36.62,-5.94,151.5,-77.42,169.97
52.40303,-1.500457,146.39,11.56,4,338.01,18 / 19,16509,2019-09-06 20:53:21:516,1.2117,-0.6209,9.2389,0.0054,-0.0099,9.8066,0.1495,-0.0304,-0.0114,5.69,-36.19,-5.31,149.85,-77.41,170.13
52.40303,-1.500457,146.39,11.56,4,338.01,18 / 19,16610,2019-09-06 20:53:21:617,0.2318,-0.2239,10.1071,0.0024,-0.0165,9.8066,0.0618,-0.009,-0.0671,6,-36.75,-5.81,151.53,-77.44,170.07
52.40303,-1.500457,146.39,11.56,4,338.01,18 / 19,16710,2019-09-06 20:53:21:717,1.5554,-1.4717,10.0468,0.0008,-0.0008,9.8066,0.0205,0.0065,0.001,6.38,-36.44,-6.12,150.94,-77.44,169.74
52.40303,-1.500457,146.39,11.56,4,338.01,18 / 19,16810,2019-09-06 20:53:21:817,1.2794,-0.8789,9.7218,-0.008,-0.0238,9.8066,0.0294,-0.0017,0.0484,6.19,-36.75,-6.25,151.02,-77.48,169.19
52.40303,-1.500457,146.39,11.56,4,338.01,18 / 19,16910,2019-09-06 20:53:21:917,0.6472,-0.5979,10.1379,-0.0052,0.0169,9.8066,0.0198,0.0169,-0.0525,6.38,-36.81,-6.12,151.17,-77.44,169.37
52.40303,-1.500457,146.39,11.56,4,338.01,18 / 19,17010,2019-09-06 20:53:22:017,0.9218,0.3166,10.1924,-0.0049,-0.0059,9.8065,0.1467,-0.0044,0.0826,6.5,-36.87,-5.56,147.67,-77.35,169.45
52.40303,-1.500457,146.39,11.56,4,338.01,16 / 18,17110,2019-09-06 20:53:22:117,0.7225,-0.3016,9.5648,0.003,0.0001,9.8066,-0.0941,0.0036,0.0062,6.63,-36.94,-5.87,147.78,-77.32,169.59
52.40303,-1.500457,146.39,11.56,4,338.01,16 / 18,17210,2019-09-06 20:53:22:217,0.6548,-0.4637,9.6668,-0.0007,0.0083,9.8066,-0.1676,0.0112,-0.0357,6.31,-36.87,-6.06,151.61,-77.27,169.84
52.40303,-1.500457,146.39,11.56,4,338.01,16 / 18,17310,2019-09-06 20:53:22:317,-0.2159,-0.4586,10.3761,-0.0165,-0.0054,9.8065,0.1724,-0.0318,0.0615,6.88,-36.75,-5.62,147.86,-77.27,169.61
52.40303,-1.500457,146.39,11.56,4,338.01,16 / 18,17410,2019-09-06 20:53:22:417,-0.7599,0.0698,10.3345,0.0013,0.0022,9.8066,0.126,0.0659,-0.0674,6.69,-37.25,-5.44,146.19,-77.24,169.13
52.40303,-1.500457,146.39,11.56,4,338.01,16 / 18,17511,2019-09-06 20:53:22:518,0.8433,-0.4157,10.1123,-0.0145,0.0156,9.8066,-0.1589,0.0668,-0.066,7.13,-37,-5.37,145.97,-77.27,168.78
52.40303,-1.500457,146.39,11.56,4,338.01,16 / 18,17610,2019-09-06 20:53:22:617,0.6758,-1.6028,9.694,-0.0177,0.0149,9.8065,-0.1712,0.0321,-0.0166,7,-37.19,-5.37,145.73,-77.27,168.32
52.40303,-1.500457,146.39,11.56,4,338.01,16 / 18,17710,2019-09-06 20:53:22:717,0.4113,-1.3711,9.134,0.0029,-0.0117,9.8066,0.1087,0.1017,0.0216,6.69,-37.12,-5.12,145.8,-77.09,167.95
52.40303,-1.500457,146.39,11.56,4,338.01,16 / 18,17809,2019-09-06 20:53:22:816,-0.7943,-1.6618,9.4146,0.0116,-0.0145,9.8066,0.0782,0.0817,-0.0186,7.63,-37.12,-4.5,140.05,-77.18,167.64
52.40303,-1.500457,146.39,11.56,4,338.01,16 / 18,17909,2019-09-06 20:53:22:916,-0.307,-0.2039,9.9678,-0.0107,0.0076,9.8065,-0.1695,0.0384,0.0116,7.88,-37.06,-4.94,141.49,-77.36,167.53
52.40303,-1.500457,146.39,11.56,4,338.01,16 / 18,18010,2019-09-06 20:53:23:017,0.7301,-2.3806,10.4145,-0.0194,0.0324,9.8065,-0.1447,0.0968,-0.0134,7.88,-37,-5.06,141.34,-77.41,167.39
52.40303,-1.500457,146.39,11.56,4,338.01,16 / 18,18110,2019-09-06 20:53:23:117,1.3536,-0.7094,9.6296,0.0167,-0.0209,9.8065,-0.0116,0.1794,-0.0784,8.75,-37.12,-4.56,137.36,-77.57,166.99
52.40303,-1.500457,146.39,11.56,4,338.01,17 / 19,18209,2019-09-06 20:53:23:216,0.6012,-1.5239,10.2416,0.0095,-0.0027,9.8066,-0.0081,0.0676,0.0283,8.5,-36.56,-4.31,135.59,-77.5,167.16
52.40303,-1.500457,146.39,11.56,4,338.01,17 / 19,18310,2019-09-06 20:53:23:317,-1.2952,-1.8781,9.8029,0.0037,-0.029,9.8065,0.373,-0.0069,-0.0048,8.44,-36.31,-4.12,139.91,-77,167.97
52.40303,-1.500457,146.39,11.56,4,338.01,17 / 19,18410,2019-09-06 20:53:23:417,0.4361,-0.477,10.0452,0.0237,-0.0344,9.8066,0.2655,0.1046,-0.0687,8.31,-37,-3.31,139.12,-76.73,168.19
52.40303,-1.500457,146.39,11.56,4,338.01,17 / 19,18510,2019-09-06 20:53:23:517,-0.2358,-0.9563,11.1577,-0.0531,0.0588,9.8063,-0.1712,0.0812,-0.0261,8.56,-37.5,-3.87,136.32,-77.08,167.12
52.40303,-1.500457,146.39,11.56,4,338.01,17 / 19,18610,2019-09-06 20:53:23:617,-0.925,-1.502,9.7826,-0.0487,0.0443,9.8064,0.0051,0.1366,-0.1364,8.81,-37.25,-3.69,136.24,-76.82,166.18
52.40303,-1.500457,146.39,11.56,4,338.01,17 / 19,18710,2019-09-06 20:53:23:717,0.6182,-1.2401,9.1202,0.0086,-0.0266,9.8065,-0.2149,0.1908,-0.0788,9.94,-37,-3.62,132.08,-76.85,164.99
52.40303,-1.500457,146.39,11.56,4,338.01,17 / 19,18810,2019-09-06 20:53:23:817,0.0884,-1.503,9.6588,-0.0116,0.0111,9.8066,-0.2468,0.1286,0.0406,9.56,-37.06,-3.44,129.17,-76.98,164.26
52.40303,-1.500457,146.39,11.56,4,338.01,17 / 19,18910,2019-09-06 20:53:23:917,0.7269,-1.9954,9.7641,0.0338,-0.038,9.8064,0.106,0.1652,-0.093,10.06,-36.87,-3.25,129.21,-76.89,164.02
52.40303,-1.500457,146.39,11.56,4,338.01,17 / 19,19010,2019-09-06 20:53:24:017,-0.1352,-1.2544,9.8987,0.0264,-0.047,9.8064,0.1098,0.1215,0.0071,10.19,-37.37,-3.31,128.29,-77.18,163.47
52.40303,-1.500457,146.39,11.56,4,338.01,17 / 19,19110,2019-09-06 20:53:24:117,0.2706,-0.5689,9.8134,-0.0163,0.035,9.8065,-0.0116,0.1599,-0.0286,10.5,-37.12,-2.69,125.21,-77.1,163.65
52.40303,-1.500457,146.39,11.56,4,338.01,18 / 19,19209,2019-09-06 20:53:24:216,0.4107,-1.0451,9.6545,-0.0194,0.0218,9.8065,-0.0481,0.1121,0.0064,11,-38.25,-2.75,126.91,-76.87,164.4
52.40303,-1.500457,146.39,11.56,4,338.01,18 / 19,19310,2019-09-06 20:53:24:317,0.378,-1.5995,9.6884,0.0156,-0.0126,9.8065,-0.0089,0.1525,-0.0504,11.19,-37.19,-2.87,126.09,-76.92,164.41
52.40303,-1.500457,146.39,11.56,4,338.01,18 / 19,19410,2019-09-06 20:53:24:417,0.0114,-1.1306,9.7902,0.0042,-0.0118,9.8066,-0.0707,0.1093,-0.0091,10.75,-37.5,-2.44,123.49,-76.97,164.56
52.40303,-1.500457,146.39,11.56,4,338.01,18 / 19,19510,2019-09-06 20:53:24:517,0.2135,-1.7189,10.0808,0.005,0.0009,9.8066,0.0856,0.1803,-0.0506,11.19,-37.44,-2.87,125.88,-77.01,164.39
52.40303,-1.500457,146.39,11.56,4,338.01,18 / 19,19609,2019-09-06 20:53:24:616,0.4306,-1.4459,10.2372,-0.0022,0.0015,9.8066,0.0703,0.131,0.014,11.13,-37.31,-2.44,123.42,-77,164.58
52.40303,-1.500457,146.39,11.56,4,338.01,18 / 19,19710,2019-09-06 20:53:24:717,0.8343,-1.9057,9.402,0.0035,0.007,9.8066,0.0055,0.1619,-0.0763,11.31,-37.69,-2.31,124.29,-76.99,164.64
52.40303,-1.500457,146.39,11.56,4,338.01,18 / 19,19809,2019-09-06 20:53:24:816,0.6828,-1.7007,9.9784,-0.0013,-0.0009,9.8065,0.0098,0.1086,-0.0163,11.63,-37.81,-1.81,121.59,-76.93,164.99
52.40303,-1.500457,146.39,11.56,4,338.01,18 / 19,19909,2019-09-06 20:53:24:916,1.0999,-1.8746,9.7651,0.0047,-0.0015,9.8065,-0.0124,0.1913,-0.0369,11.81,-37.44,-2.06,120.74,-76.96,164.98
52.40303,-1.500457,146.39,11.56,4,338.01,18 / 19,20010,2019-09-06 20:53:25:017,0.6705,-2.5098,9.9748,0.0189,-0.0049,9.8066,0.0204,0.1822,-0.0105,11.5,-37.75,-2.19,121.63,-76.93,165.04
52.403774,-1.501376,146.28,8,6,307.97,17 / 19,20111,2019-09-06 20:53:25:118,1.6702,-2.478,9.9879,0.0088,-0.0087,9.8066,-0.0166,0.1749,0.0044,11.63,-38.12,-1.69,121.62,-77.02,165.33
52.403774,-1.501376,146.28,8,6,307.97,17 / 19,20210,2019-09-06 20:53:25:217,0.8212,-0.927,9.4657,-0.0075,0.0185,9.8066,-0.1272,0.2254,-0.0553,11.5,-37.62,-1.06,118.96,-76.99,165.49
52.403774,-1.501376,146.28,8,6,307.97,17 / 19,20310,2019-09-06 20:53:25:317,1.4197,-2.1035,9.5483,-0.0032,-0.0034,9.8066,-0.0656,0.1584,-0.0119,11.81,-38.25,-0.87,119.14,-76.98,165.71
52.403774,-1.501376,146.28,8,6,307.97,17 / 19,20409,2019-09-06 20:53:25:416,0.3608,-1.7111,9.901,0.004,-0.0139,9.8066,0.0155,0.1956,-0.0344,12.25,-37.44,-0.19,114.88,-76.98,165.37
52.403774,-1.501376,146.28,8,6,307.97,17 / 19,20510,2019-09-06 20:53:25:517,1.7168,-1.9536,9.793,0.0078,-0.011,9.8066,0.0352,0.1161,0.0157,11.13,-37.06,0.56,113.39,-77.13,164.75
52.403774,-1.501376,146.28,8,6,307.97,17 / 19,20610,2019-09-06 20:53:25:617,0.6879,-2.5844,10.0452,-0.0138,-0.0049,9.8066,-0.0197,0.1184,-0.0071,11.69,-35.56,0.63,109.35,-77.21,164.9
52.403774,-1.501376,146.28,8,6,307.97,17 / 19,20710,2019-09-06 20:53:25:717,2.1665,-1.3619,9.544,-0.0108,0.0172,9.8065,-0.0436,0.1381,-0.0537,11.5,-35.19,1,108.55,-77.12,164.83
52.403774,-1.501376,146.28,8,6,307.97,17 / 19,20810,2019-09-06 20:53:25:817,1.7535,-2.6907,9.8055,0.0178,-0.029,9.8065,0.0848,0.1335,0.0085,11.38,-34.94,1.13,111.68,-77.05,164.94
52.403774,-1.501376,146.28,8,6,307.97,17 / 19,20911,2019-09-06 20:53:25:918,2.0126,-2.0434,9.8012,0.0174,-0.0067,9.8065,0.0459,0.1779,-0.0269,10.69,-34.69,1,111.33,-77.05,164.47
52.403774,-1.501376,146.28,8,6,307.97,17 / 19,21010,2019-09-06 20:53:26:017,1.4008,-1.5524,10.1409,-0.0057,0.0044,9.8066,0.0494,0.1375,-0.0373,11.44,-34,1.13,110.21,-77.08,164.55
52.403774,-1.501376,146.28,8,6,307.97,19 / 20,21109,2019-09-06 20:53:26:116,2.1814,-1.9247,10.3515,0.0091,-0.0043,9.8066,0.0636,0.1038,-0.041,10.81,-33.87,1.13,110.35,-77.06,164.65
52.403774,-1.501376,146.28,8,6,307.97,19 / 20,21210,2019-09-06 20:53:26:217,1.4413,-1.6255,10.2221,-0.0137,0.0094,9.8066,-0.0828,0.1545,0.0095,10.63,-34.37,1.13,110.38,-77.05,164.67
52.403774,-1.501376,146.28,8,6,307.97,19 / 20,21310,2019-09-06 20:53:26:317,2.4109,-1.4831,9.3855,-0.0091,0.013,9.8066,-0.0503,0.1405,0.033,11.25,-34.75,0.75,111.9,-76.96,164.92
52.403774,-1.501376,146.28,8,6,307.97,19 / 20,21410,2019-09-06 20:53:26:417,2.7082,-1.5191,9.7742,0.0112,-0.0091,9.8065,0.0718,0.1369,-0.0242,11.56,-34.87,1.5,105.23,-76.99,165.25
52.403774,-1.501376,146.28,8,6,307.97,19 / 20,21509,2019-09-06 20:53:26:516,2.1274,-1.2152,9.9093,0.0135,-0.0064,9.8066,0.0633,0.0897,0.0064,11.69,-34.81,1.88,105.03,-77.02,165.12
52.403774,-1.501376,146.28,8,6,307.97,19 / 20,21609,2019-09-06 20:53:26:616,1.9298,-0.8748,9.745,-0.0124,0.0037,9.8066,-0.0407,0.0976,-0.049,12,-34.75,1.69,104.71,-77.12,165.11
52.403774,-1.501376,146.28,8,6,307.97,19 / 20,21710,2019-09-06 20:53:26:717,2.2461,-0.7254,9.8078,-0.0097,0.0022,9.8066,-0.0402,0.0927,-0.019,11.63,-33.69,2.5,99.15,-77.08,164.96
52.403774,-1.501376,146.28,8,6,307.97,19 / 20,21810,2019-09-06 20:53:26:817,2.3828,-1.0156,9.8951,0.0107,-0.0067,9.8066,0.0243,0.1038,0.0139,11.63,-34.12,2.63,98.74,-77.16,164.78
52.403774,-1.501376,146.28,8,6,307.97,19 / 20,21910,2019-09-06 20:53:26:917,2.2615,-0.5419,9.8605,0.0072,-0.0007,9.8066,0.0088,0.0786,0.0035,12.19,-34.62,2.38,103.93,-77.28,164.71
52.403774,-1.501376,146.28,8,6,307.97,19 / 20,22010,2019-09-06 20:53:27:017,2.0745,-0.5509,9.6983,-0.0026,-0.0024,9.8066,-0.0128,0.071,-0.0231,11.94,-34.25,2,102.83,-77.29,164.74
52.403774,-1.501376,146.28,8,6,307.97,19 / 20,22109,2019-09-06 20:53:27:116,2.4206,-0.5109,9.7793,-0.0025,-0.0005,9.8066,0.0066,0.0549,-0.0079,12.31,-34,2.25,102.61,-77.31,164.53
52.403774,-1.501376,146.28,8,6,307.97,19 / 20,22211,2019-09-06 20:53:27:218,1.7927,-0.432,9.8072,0.0017,-0.0053,9.8066,-0.0113,0.0688,-0.0212,11.88,-33.75,2.69,97.79,-77.3,164.2
52.403774,-1.501376,146.28,8,6,307.97,19 / 20,22309,2019-09-06 20:53:27:316,1.792,-0.1288,9.925,-0.0015,-0.0032,9.8066,-0.0083,0.0465,0.012,12.25,-34.44,3.19,97.4,-77.33,163.85
52.403774,-1.501376,146.28,8,6,307.97,19 / 20,22410,2019-09-06 20:53:27:417,2.199,-0.1557,9.8536,0.0015,-0.0047,9.8066,0.0178,0.0436,-0.0255,12.25,-34.56,2.94,98.35,-77.36,163.71
52.403774,-1.501376,146.28,8,6,307.97,19 / 20,22510,2019-09-06 20:53:27:517,1.0114,0.0479,10.0395,-0.004,-0.005,9.8066,-0.0054,0.0375,-0.0397,11.81,-34.81,3.13,98.13,-77.32,163.33
52.403774,-1.501376,146.28,8,6,307.97,19 / 20,22609,2019-09-06 20:53:27:616,0.8383,-0.1289,9.5129,0.0069,-0.0015,9.8066,0.1066,0.0534,0.0174,11.81,-34.62,2.81,98.36,-77.21,163.18
52.403774,-1.501376,146.28,8,6,307.97,19 / 20,22709,2019-09-06 20:53:27:716,0.3418,0.4925,9.7409,0.0066,0.0026,9.8066,0.026,0.072,-0.0182,12.06,-35.44,3.06,98.96,-77.1,163.46
52.403774,-1.501376,146.28,8,6,307.97,19 / 20,22810,2019-09-06 20:53:27:817,0.5503,0.4584,9.9489,-0.003,-0.0007,9.8066,0.0035,0.0541,0.0057,11.44,-35.94,3.63,97.58,-77.12,163.58
52.403774,-1.501376,146.28,8,6,307.97,19 / 20,22910,2019-09-06 20:53:27:917,0.6212,0.5825,10.1071,-0.0031,-0.0045,9.8066,-0.0091,0.0406,-0.0363,11.88,-35.19,3.5,93.91,-77.13,163.35
52.403774,-1.501376,146.28,8,6,307.97,19 / 20,23010,2019-09-06 20:53:28:017,0.058,0.7285,9.9911,0.0056,-0.0109,9.8066,0.0225,0.0554,-0.0226,11.38,-36.37,4.38,97.14,-77.12,163.07
52.403774,-1.501376,146.28,8,6,307.97,19 / 20,23110,2019-09-06 20:53:28:117,0.2767,0.6621,9.7662,0.0036,-0.009,9.8066,0.0402,0.057,-0.0338,12.13,-36.56,5.31,90.34,-77.13,162.42
52.403774,-1.501376,146.28,8,6,307.97,19 / 20,23210,2019-09-06 20:53:28:217,-0.5861,0.8522,9.9426,-0.0109,0.0021,9.8066,0.0576,0.0528,0.0076,11.5,-36.75,5.81,85.24,-77.04,162.47
52.403774,-1.501376,146.28,8,6,307.97,19 / 20,23309,2019-09-06 20:53:28:316,-1.0076,0.8994,9.776,-0.017,0.0026,9.8065,0.0384,0.0494,-0.019,11.63,-36.87,6.25,85.67,-76.96,162.55
52.403774,-1.501376,146.28,8,6,307.97,19 / 20,23410,2019-09-06 20:53:28:417,-1.706,1.4306,9.7669,0.0001,-0.0029,9.8066,0.019,0.072,-0.0125,11.63,-35.81,6.63,79.68,-76.7,162.62
52.403774,-1.501376,146.28,8,6,307.97,19 / 20,23509,2019-09-06 20:53:28:516,-1.9347,0.8044,9.5469,0.0149,-0.0101,9.8065,0.0628,0.1079,-0.0389,11.69,-35.81,7.44,79.23,-76.68,162.16
52.403774,-1.501376,146.28,8,6,307.97,19 / 20,23610,2019-09-06 20:53:28:617,-1.8504,0.8869,9.7757,-0.01,-0.0099,9.8066,0.0623,0.0743,0.0021,12.25,-34.56,7.38,77.99,-76.65,162.19
52.403774,-1.501376,146.28,8,6,307.97,19 / 20,23710,2019-09-06 20:53:28:717,-1.4728,1.0189,9.8378,-0.0139,-0.0096,9.8066,-0.0238,0.1049,-0.0728,12.13,-34.69,8.44,71.61,-76.58,161.59
52.403774,-1.501376,146.28,8,6,307.97,19 / 20,23810,2019-09-06 20:53:28:817,-1.9519,0.1653,9.8847,0.0131,-0.0048,9.8066,-0.0286,0.0516,-0.0268,12,-35.12,8.88,65.28,-76.59,161.34
52.403774,-1.501376,146.28,8,6,307.97,19 / 20,23910,2019-09-06 20:53:28:917,-2.0944,0.5729,9.9132,0.015,-0.0024,9.8066,-0.0026,0.0915,0.0106,12.38,-34,9.38,63.83,-76.54,161.1
52.403774,-1.501376,146.28,8,6,307.97,19 / 20,24010,2019-09-06 20:53:29:017,-2.3132,0.6198,9.7812,-0.0062,-0.0067,9.8066,-0.0385,0.0799,-0.0114,12.13,-32.94,8.63,61.78,-76.64,160.76
52.403774,-1.501376,146.28,8,6,307.97,19 / 20,24111,2019-09-06 20:53:29:118,-1.5484,0.3953,9.6469,-0.01,-0.0084,9.8066,0.048,0.0861,-0.052,13.13,-33,9.75,57.16,-76.56,160.38
52.403774,-1.501376,146.28,8,6,307.97,19 / 20,24210,2019-09-06 20:53:29:217,-1.6677,-0.0675,9.9487,0.0175,-0.0006,9.8065,0.0275,0.0742,-0.0139,12.69,-33.19,9.63,56.82,-76.51,160.05
52.403774,-1.501376,146.28,8,6,307.97,19 / 20,24310,2019-09-06 20:53:29:317,-2.1756,-0.1338,9.8936,0.016,-0.0031,9.8066,-0.0574,0.08,-0.0291,13.75,-32.31,8.75,60.97,-76.58,159.54
52.403774,-1.501376,146.28,8,6,307.97,19 / 20,24409,2019-09-06 20:53:29:416,-2.3886,0.505,10.0421,-0.0104,-0.0058,9.8066,-0.0444,0.0666,-0.0063,14.31,-31.44,8.81,59.73,-76.55,159.31
52.403774,-1.501376,146.28,8,6,307.97,19 / 20,24510,2019-09-06 20:53:29:517,-1.7046,0.5488,9.9729,-0.0082,-0.009,9.8066,-0.0409,0.0856,-0.0333,14.88,-31.94,8.81,60.98,-76.58,158.98
52.403774,-1.501376,146.28,8,6,307.97,19 / 20,24610,2019-09-06 20:53:29:617,-1.1162,0.4688,10.1148,0.017,-0.0119,9.8065,0.0078,0.0893,-0.0471,14.56,-32.81,8.25,65.86,-76.47,158.22
52.403774,-1.501376,146.28,8,6,307.97,19 / 20,24710,2019-09-06 20:53:29:717,-2.1302,0.3161,10.1225,0.0076,-0.0031,9.8066,0.0032,0.1292,-0.0324,15.13,-33.25,7.88,65.04,-76.43,157.49
52.403774,-1.501376,146.28,8,6,307.97,19 / 20,24815,2019-09-06 20:53:29:822,-1.4031,0.13,9.8018,-0.0017,0.0071,9.8066,0.0239,0.0906,0.017,14.31,-33,8.06,64.95,-76.46,157.7
52.403774,-1.501376,146.28,8,6,307.97,19 / 20,24910,2019-09-06 20:53:29:917,-1.6743,0.7318,9.5552,0.0081,0.0015,9.8066,-0.0275,0.0447,-0.0252,14.75,-34.5,8.75,61.48,-76.55,157.83
52.403774,-1.501376,146.28,8,6,307.97,19 / 20,25009,2019-09-06 20:53:30:016,-1.7234,-0.3057,10.0116,-0.0136,-0.0065,9.8065,-0.0054,0.1311,-0.0577,15.13,-34.75,9.38,61.97,-76.43,157.21
52.403774,-1.501376,146.28,8,6,307.97,19 / 20,25110,2019-09-06 20:53:30:117,-1.5461,-1.0087,9.9543,-0.0047,-0.0143,9.8066,-0.0138,0.064,0.0204,15.81,-33.31,11,51.95,-76.28,156.79
52.403774,-1.501376,146.28,8,6,307.97,19 / 20,25210,2019-09-06 20:53:30:217,-1.3556,0.173,10.3997,0.0072,-0.0032,9.8066,-0.0162,0.0974,-0.0624,15.88,-33,12.06,46.98,-76.35,156.23
52.403774,-1.501376,146.28,8,6,307.97,19 / 20,25309,2019-09-06 20:53:30:316,-1.6468,-0.1468,9.5089,-0.0226,-0.0033,9.8066,-0.0613,0.093,-0.0278,16.31,-32.44,11.44,49.2,-76.51,155.71
52.403774,-1.501376,146.28,8,6,307.97,19 / 20,25410,2019-09-06 20:53:30:417,-1.2161,-0.4668,9.7584,0.0098,0.0017,9.8066,-0.0161,0.1267,-0.055,16.31,-31.25,11.19,49.19,-76.36,156.05
52.403774,-1.501376,146.28,8,6,307.97,19 / 20,25509,2019-09-06 20:53:30:516,-1.4323,-0.0285,9.777,-0.0066,0.0033,9.8066,0.0359,0.0729,0.013,16.44,-30.87,11.75,45.91,-76.29,156.42
52.403774,-1.501376,146.28,8,6,307.97,19 / 20,25610,2019-09-06 20:53:30:617,-1.4529,-0.5024,9.8659,0.0017,0.0054,9.8066,-0.0168,0.135,-0.0363,16.38,-31.25,9.75,53.96,-76.26,156.41
52.403774,-1.501376,146.28,8,6,307.97,19 / 20,25710,2019-09-06 20:53:30:717,-1.9432,0.3253,9.9551,-0.0127,-0.009,9.8066,0.0224,0.0515,-0.0599,16.94,-30.94,10.44,55.35,-76.19,156.67
52.403774,-1.501376,146.28,8,6,307.97,19 / 20,25809,2019-09-06 20:53:30:816,-1.924,0.3084,9.602,0.0003,-0.0012,9.8066,0.011,0.0767,-0.0561,15.88,-31.87,10.75,50.74,-76.09,156.21
52.403774,-1.501376,146.28,8,6,307.97,19 / 20,25910,2019-09-06 20:53:30:917,-1.0278,-0.3307,9.3907,0.0032,-0.0025,9.8066,-0.0735,0.0488,-0.034,15.25,-32,10.56,49.53,-76.07,156.25
52.403774,-1.501376,146.28,8,6,307.97,19 / 20,26009,2019-09-06 20:53:31:016,-1.4516,0.8765,9.8864,0.0166,-0.0016,9.8066,-0.0744,0.0253,-0.0543,14.88,-31.56,10.81,48.62,-76.07,155.61
52.403774,-1.501376,146.28,8,6,307.97,19 / 20,26110,2019-09-06 20:53:31:117,-1.4619,0.877,9.81,0.0164,-0.0057,9.8066,0.0177,-0.0157,-0.0297,13.56,-32.06,11.13,45.56,-76.16,154.71
52.403774,-1.501376,146.28,8,6,307.97,19 / 20,26210,2019-09-06 20:53:31:217,-1.8191,-0.1303,9.6932,-0.0031,-0.0062,9.8066,0.0391,0.0161,-0.0493,13.31,-30.25,10.81,41.08,-76.12,154.14
52.403774,-1.501376,146.28,8,6,307.97,19 / 20,26310,2019-09-06 20:53:31:317,-1.9294,0.8835,9.7981,-0.0036,-0.0152,9.8066,-0.037,-0.0162,-0.0511,12.06,-31.12,10.69,39.26,-76,153.76
52.403774,-1.501376,146.28,8,6,307.97,19 / 20,26410,2019-09-06 20:53:31:417,-2.1431,0.6919,9.7307,0.0017,-0.0073,9.8066,-0.0355,0.0142,-0.0283,12.63,-30.5,10.69,39.83,-75.95,153.11
52.403774,-1.501376,146.28,8,6,307.97,19 / 20,26510,2019-09-06 20:53:31:517,-0.7836,0.5638,9.9105,0.0113,-0.0135,9.8066,0.0104,-0.04,-0.0719,11.81,-31.44,10.38,43.79,-75.88,152.85
52.403774,-1.501376,146.28,8,6,307.97,19 / 20,26610,2019-09-06 20:53:31:617,-0.96,1.2772,9.862,0.0025,0.0106,9.8066,-0.0145,-0.0542,0.0141,11.25,-32,9.44,47.98,-75.84,151.79
52.403774,-1.501376,146.28,8,6,307.97,19 / 20,26710,2019-09-06 20:53:31:717,-1.3994,1.5713,9.5784,0.0032,0.0122,9.8066,0.023,-0.0871,0.0724,10.88,-33.19,9.88,42.76,-75.97,152.43
52.403774,-1.501376,146.28,8,6,307.97,19 / 20,26809,2019-09-06 20:53:31:816,-1.2352,0.9585,9.1982,0.0138,-0.0179,9.8066,-0.0916,-0.0582,-0.0789,10.25,-33.94,8.63,48.84,-75.95,151.93
52.403774,-1.501376,146.28,8,6,307.97,19 / 20,26909,2019-09-06 20:53:31:916,-1.1904,1.6503,9.2186,0.0191,0.0016,9.8065,0.0415,-0.0986,-0.0013,10.13,-35.44,9,48.64,-76.02,151.1
52.403774,-1.501376,146.28,8,6,307.97,19 / 20,27010,2019-09-06 20:53:32:017,-0.8236,1.8454,9.3535,0.0043,0.0095,9.8066,0.1239,-0.1037,0.0964,9.81,-35.44,8.5,48.43,-76.13,151.26
52.403774,-1.501376,146.28,8,6,307.97,19 / 20,27111,2019-09-06 20:53:32:118,-1.2228,2.3768,9.738,0.0028,-0.005,9.8066,-0.0441,-0.17,0.0717,9.63,-35.81,8.88,50.03,-76.2,151.35
52.403774,-1.501376,146.28,8,6,307.97,19 / 20,27210,2019-09-06 20:53:32:217,-0.6749,2.4311,9.8146,-0.0185,-0.001,9.8066,0.0493,-0.1779,0.011,9.69,-36.37,8.25,57.4,-76.4,150.71
52.403774,-1.501376,146.28,8,6,307.97,19 / 20,27309,2019-09-06 20:53:32:316,0.309,2.6181,9.9271,-0.0286,0.0107,9.8066,-0.1215,-0.1688,0.0435,10.69,-37.5,7.19,67.98,-76.5,150.92
52.403774,-1.501376,146.28,8,6,307.97,19 / 20,27409,2019-09-06 20:53:32:416,-0.1081,3.0936,9.8239,0.0257,0.0066,9.8066,-0.0134,-0.1548,0.128,10.94,-37.56,7.56,61.44,-76.58,151.22
52.403774,-1.501376,146.28,8,6,307.97,19 / 20,27510,2019-09-06 20:53:32:517,0.3941,3.2269,9.7681,-0.0007,-0.0044,9.8066,-0.025,-0.1808,-0.0089,11.44,-37.81,8,61.97,-76.56,151.49
52.403774,-1.501376,146.28,8,6,307.97,19 / 20,27609,2019-09-06 20:53:32:616,-0.8919,3.3267,9.5322,-0.0038,0.0044,9.8066,-0.0008,-0.2438,0.0899,11.75,-37.69,7.63,63.46,-76.45,152.09
52.403774,-1.501376,146.28,8,6,307.97,19 / 20,27710,2019-09-06 20:53:32:717,-1.3166,1.8781,9.5192,-0.0223,0.0226,9.8065,-0.037,-0.2497,0.144,12.06,-38.25,7.69,64.36,-76.49,152.85
52.403774,-1.501376,146.28,8,6,307.97,19 / 20,27809,2019-09-06 20:53:32:816,0.3824,3.1601,9.225,0.0627,0.0058,9.8064,-0.1233,-0.2184,0.055,12.06,-38.25,7.63,63.75,-76.77,153.29
52.403774,-1.501376,146.28,8,6,307.97,19 / 20,27909,2019-09-06 20:53:32:916,0.2793,2.4746,9.4052,0.0416,0.0146,9.8065,0.0815,-0.2521,0.0948,11.63,-37.25,8.38,59.04,-77.36,152.76
52.403774,-1.501376,146.28,8,6,307.97,19 / 20,28010,2019-09-06 20:53:33:017,-0.2303,3.0027,9.2161,0.0184,0.0116,9.8065,0.0376,-0.2157,0.0743,11.88,-36.62,7.19,66.33,-77.46,153.36
52.403774,-1.501376,146.28,8,6,307.97,17 / 20,28110,2019-09-06 20:53:33:117,-0.8543,3.61,10.1097,0.0193,0.0183,9.8065,0.0482,-0.2201,0.0626,10.94,-36.19,6.5,65.86,-77.52,154.07
52.403774,-1.501376,146.28,8,6,307.97,17 / 20,28209,2019-09-06 20:53:33:216,-0.2379,3.3706,10.2656,-0.033,0.0126,9.8065,0.0517,-0.2074,0.0221,9.94,-35.87,4.75,82.17,-77.74,154.67
52.403774,-1.501376,146.28,8,6,307.97,17 / 20,28310,2019-09-06 20:53:33:317,0.2665,3.4452,9.7368,-0.0169,0.0114,9.8065,-0.0723,-0.1932,0.0701,9.25,-35.69,4.5,85.72,-77.7,155.18
52.403774,-1.501376,146.28,8,6,307.97,17 / 20,28410,2019-09-06 20:53:33:417,1.661,2.3887,9.2026,0.0275,-0.0123,9.8065,-0.0977,-0.2114,0.0495,9.38,-35.69,3.44,100.15,-77.84,155.28
52.403774,-1.501376,146.28,8,6,307.97,17 / 20,28510,2019-09-06 20:53:33:517,2.366,2.9368,9.6283,0.0094,0.0079,9.8066,0.0458,-0.1934,0.0323,8.63,-35.87,2.06,105.66,-78.05,155.88
52.403774,-1.501376,146.28,8,6,307.97,17 / 20,28610,2019-09-06 20:53:33:617,1.4081,1.8422,9.2541,0.0222,-0.0165,9.8065,-0.0129,-0.2624,0.0609,9.63,-36.19,1.31,106.29,-78.08,155.92
52.403774,-1.501376,146.28,8,6,307.97,17 / 20,28710,2019-09-06 20:53:33:717,1.8298,2.9831,9.8951,0.0299,0.0032,9.8066,0.0707,-0.2596,0.0985,9.94,-37.44,1.31,107.33,-78.16,156.06
52.403774,-1.501376,146.28,8,6,307.97,17 / 20,28809,2019-09-06 20:53:33:816,2.2838,2.8637,9.6794,-0.0038,0.0024,9.8066,0.0435,-0.2855,0.061,8.88,-38.37,0.81,112.34,-78.42,156.65
52.403774,-1.501376,146.28,8,6,307.97,17 / 20,28910,2019-09-06 20:53:33:917,2.1927,2.3642,9.5851,0.0141,-0.0118,9.8066,0.0561,-0.2902,0.0554,9,-39.75,1.63,109.53,-78.51,156.41
52.403774,-1.501376,146.28,8,6,307.97,17 / 20,29010,2019-09-06 20:53:34:017,1.8216,3.0938,9.4996,0.0105,0.0116,9.8066,-0.0164,-0.2023,0.0749,8.69,-39.5,1.94,107.86,-78.56,156.28
52.403896,-1.502127,147.87,8.6,4,284.04,18 / 19,29110,2019-09-06 20:53:34:117,2.2067,3.3407,9.4448,0.0053,0.0141,9.8066,-0.04,-0.2718,0.0742,7.69,-38.81,2.31,112.56,-78.73,156.8
52.403896,-1.502127,147.87,8.6,4,284.04,18 / 19,29210,2019-09-06 20:53:34:217,1.286,2.244,8.9622,0.0081,0.0075,9.8066,-0.0713,-0.221,0.0451,7.38,-37.19,1.69,114.29,-79.02,156.99
52.403896,-1.502127,147.87,8.6,4,284.04,18 / 19,29310,2019-09-06 20:53:34:317,3.0232,2.5286,9.4215,0.0461,-0.0318,9.8064,0.0171,-0.2384,0.0418,7.25,-37.37,0.31,122.83,-79.4,157.46
52.403896,-1.502127,147.87,8.6,4,284.04,18 / 19,29410,2019-09-06 20:53:34:417,1.979,1.4868,9.0399,0.034,-0.0286,9.8065,-0.0184,-0.2994,0.0765,7.69,-36.87,-1.06,118.82,-80.04,157.35
52.403896,-1.502127,147.87,8.6,4,284.04,18 / 19,29510,2019-09-06 20:53:34:517,2.484,2.1433,9.7466,0.0001,0.0285,9.8065,0.013,-0.2896,0.042,7.06,-37.62,-1.69,128.13,-80.22,157.88
52.403896,-1.502127,147.87,8.6,4,284.04,18 / 19,29610,2019-09-06 20:53:34:617,3.1009,2.9217,10.5422,-0.0128,0.0104,9.8066,0.058,-0.287,0.0294,7.5,-38.12,-2.12,124.01,-80.12,158.92
52.403896,-1.502127,147.87,8.6,4,284.04,18 / 19,29710,2019-09-06 20:53:34:717,0.7463,2.3003,10.1182,-0.0157,-0.0104,9.8066,0.0615,-0.2693,0.1104,8.69,-38.31,-3,122.81,-79.98,158.48
52.403896,-1.502127,147.87,8.6,4,284.04,18 / 19,29810,2019-09-06 20:53:34:817,2.355,1.8023,9.3132,0.0011,0.0188,9.8066,-0.0502,-0.2028,0.0258,8.31,-38.94,-2.5,125.44,-79.81,158.29
52.403896,-1.502127,147.87,8.6,4,284.04,18 / 19,29910,2019-09-06 20:53:34:917,2.9441,2.5058,9.0074,0.0113,-0.0122,9.8066,-0.0432,-0.2252,-0.0424,8,-39.19,-2,125.79,-79.77,158.68
52.403896,-1.502127,147.87,8.6,4,284.04,18 / 19,30010,2019-09-06 20:53:35:017,2.0892,1.6717,9.5342,0.0148,-0.0274,9.8066,-0.059,-0.335,0.0661,7.69,-39.75,-3.25,128.06,-80.08,158.04
52.403896,-1.502127,147.87,8.6,4,284.04,19 / 20,30111,2019-09-06 20:53:35:118,2.3681,1.5743,9.7855,0.0059,-0.0174,9.8066,0.0093,-0.3555,0.2134,7.56,-39.12,-3.44,126.91,-80.31,158.43
52.403896,-1.502127,147.87,8.6,4,284.04,19 / 20,30209,2019-09-06 20:53:35:216,1.8526,1.8947,9.666,0.0229,0.0061,9.8066,-0.0186,-0.1384,-0.0247,7.63,-39.62,-4.25,130.05,-80.55,159.37
52.403896,-1.502127,147.87,8.6,4,284.04,19 / 20,30310,2019-09-06 20:53:35:317,3.1421,2.6169,9.5367,0.018,0.019,9.8066,-0.0077,-0.1784,-0.0683,7.13,-38.81,-4.06,134.01,-80.59,159.71
52.403896,-1.502127,147.87,8.6,4,284.04,19 / 20,30410,2019-09-06 20:53:35:417,3.408,2.0204,9.9263,0.0002,-0.0015,9.8066,0.0765,-0.3014,0.1283,6.69,-38.94,-4.31,134.53,-80.63,160.75
52.403896,-1.502127,147.87,8.6,4,284.04,19 / 20,30510,2019-09-06 20:53:35:517,2.0008,0.8408,9.5614,-0.0054,-0.0081,9.8066,-0.056,-0.2813,0.0723,5.94,-39.56,-4.31,140.01,-80.71,161.32
52.403896,-1.502127,147.87,8.6,4,284.04,19 / 20,30610,2019-09-06 20:53:35:617,2.2928,1.5411,9.4899,-0.0005,0.0081,9.8066,-0.068,-0.1845,0.0233,6.19,-38.87,-5.06,140.98,-80.77,161.09
52.403896,-1.502127,147.87,8.6,4,284.04,19 / 20,30710,2019-09-06 20:53:35:717,2.1692,1.1849,8.9907,0.0125,-0.02,9.8066,-0.0533,-0.1904,0.0033,5.5,-39.37,-5.94,142.49,-80.79,161.1
52.403896,-1.502127,147.87,8.6,4,284.04,19 / 20,30809,2019-09-06 20:53:35:816,1.9808,0.9913,9.1758,0.0093,-0.016,9.8065,-0.0333,-0.2073,-0.0063,5.31,-39.25,-5.37,145.28,-80.96,160.9
52.403896,-1.502127,147.87,8.6,4,284.04,19 / 20,30910,2019-09-06 20:53:35:917,1.9283,0.5655,9.2505,-0.0049,0.0017,9.8066,0.0715,-0.1526,0.0225,5,-39,-6.56,147.22,-81.03,160.5
52.403896,-1.502127,147.87,8.6,4,284.04,19 / 20,31010,2019-09-06 20:53:36:017,1.4905,1.8361,9.9007,0.0028,0.0053,9.8066,-0.1325,-0.0983,0.0373,5.13,-39.44,-6.69,147.15,-81.04,160.39
52.403896,-1.502127,147.87,8.6,4,284.04,18 / 19,31109,2019-09-06 20:53:36:116,1.4787,0.7499,9.595,-0.0028,-0.0045,9.8066,-0.0649,-0.1175,0.0393,5.44,-38.69,-7.25,147.52,-80.93,160.74
52.403896,-1.502127,147.87,8.6,4,284.04,18 / 19,31210,2019-09-06 20:53:36:217,1.2239,0.6556,9.6185,0.0069,0.0152,9.8066,-0.0668,-0.0954,0.0784,5.38,-39.31,-7.69,148.76,-80.8,160.98
52.403896,-1.502127,147.87,8.6,4,284.04,18 / 19,31309,2019-09-06 20:53:36:316,0.8176,1.2709,9.7722,0.0224,0.0001,9.8066,0.0897,-0.061,-0.0104,5.31,-39.62,-7.5,148.59,-80.83,161.64
52.403896,-1.502127,147.87,8.6,4,284.04,18 / 19,31410,2019-09-06 20:53:36:417,0.8109,1.8201,9.4101,0.0049,-0.0309,9.8065,0.0851,-0.1267,0.0501,5.56,-39.81,-7.37,144.54,-81.03,162.27
52.403896,-1.502127,147.87,8.6,4,284.04,18 / 19,31509,2019-09-06 20:53:36:516,-0.8935,0.6979,10.3654,-0.0146,0.0493,9.8064,-0.1861,-0.0452,0.0632,5.25,-39.87,-7.62,149.24,-81.27,162.28
52.403896,-1.502127,147.87,8.6,4,284.04,18 / 19,31609,2019-09-06 20:53:36:616,0.7371,0.4615,9.6837,-0.0057,0.0621,9.8064,-0.0738,-0.0161,0.0001,6.06,-39.25,-8.12,144.56,-81.39,161.87
52.403896,-1.502127,147.87,8.6,4,284.04,18 / 19,31709,2019-09-06 20:53:36:716,-0.3466,0.1272,9.6692,-0.0024,-0.0304,9.8066,0.0649,-0.0771,-0.0244,5.63,-40.81,-7.56,147.03,-81,163.73
52.403896,-1.502127,147.87,8.6,4,284.04,18 / 19,31810,2019-09-06 20:53:36:817,0.0047,0.0156,9.2855,0.0081,-0.0145,9.8065,-0.0486,-0.0052,-0.0475,6.25,-39.62,-6.94,145.59,-80.91,163.64
52.403896,-1.502127,147.87,8.6,4,284.04,18 / 19,31910,2019-09-06 20:53:36:917,-0.2255,1.314,9.8321,0.0013,0.0058,9.8066,0.0646,0.015,-0.0086,5.88,-40,-6.81,145.9,-80.81,163.9
52.403896,-1.502127,147.87,8.6,4,284.04,18 / 19,32009,2019-09-06 20:53:37:016,0.1452,1.2516,10.1658,0.0105,-0.0137,9.8065,0.059,0.0191,0.0091,5.69,-39.62,-6.37,144.36,-80.96,164.01
52.403896,-1.502127,147.87,8.6,4,284.04,19 / 20,32110,2019-09-06 20:53:37:117,-0.1139,0.8181,10.0513,0.0076,0.0087,9.8066,-0.0714,0.0392,-0.0092,5.31,-40.12,-5.94,148.4,-81.07,163.79
52.403896,-1.502127,147.87,8.6,4,284.04,19 / 20,32209,2019-09-06 20:53:37:216,0.3031,0.6716,9.6165,-0.0024,0.0199,9.8065,-0.0195,-0.0127,0.0308,5.06,-40.06,-6.12,148.98,-81.02,164.7
52.403896,-1.502127,147.87,8.6,4,284.04,19 / 20,32310,2019-09-06 20:53:37:317,-1.1058,0.0338,9.6665,0.0113,-0.013,9.8065,0.0169,0.0251,0.0652,4.94,-39.56,-5.81,149.4,-80.99,165.32
52.403896,-1.502127,147.87,8.6,4,284.04,19 / 20,32410,2019-09-06 20:53:37:417,-0.9267,-0.1151,9.6898,0.0149,-0.0078,9.8066,-0.0165,0.1052,-0.0506,4.44,-39.12,-6.37,154,-81.07,166.34
52.403896,-1.502127,147.87,8.6,4,284.04,19 / 20,32510,2019-09-06 20:53:37:517,-1.1852,0.4792,10.0706,0.0093,0.009,9.8066,0.0549,0.0975,0.0281,5.38,-39.37,-6.56,150.88,-81.1,166.69
52.403896,-1.502127,147.87,8.6,4,284.04,19 / 20,32610,2019-09-06 20:53:37:617,-0.6978,0.7244,9.9505,0.0114,-0.004,9.8066,0.0419,0.0779,0.0246,4.75,-39.06,-7,151.5,-81.11,167.73
52.403896,-1.502127,147.87,8.6,4,284.04,19 / 20,32710,2019-09-06 20:53:37:717,-1.022,0.0519,10.0434,0.0077,0.0153,9.8066,-0.0364,0.128,0.006,4.44,-39.31,-6.69,156.43,-81.2,169.19
52.403896,-1.502127,147.87,8.6,4,284.04,19 / 20,32810,2019-09-06 20:53:37:817,-0.5524,-0.4625,10.0398,0.0093,0.0143,9.8065,-0.0693,0.1011,0.0349,4.75,-39.37,-6.56,153.16,-81.12,170.5
52.403896,-1.502127,147.87,8.6,4,284.04,19 / 20,32910,2019-09-06 20:53:37:917,-1.1147,-0.511,10.3147,0.0062,0.0159,9.8066,0.0591,0.1208,0.0118,5.25,-39.19,-6.31,152.55,-81.08,171.68
52.403896,-1.502127,147.87,8.6,4,284.04,19 / 20,33010,2019-09-06 20:53:38:017,-0.969,0.1881,10.2683,0.0065,0.0202,9.8065,-0.1083,0.1511,-0.0275,5.31,-39.81,-5.75,153.42,-81.08,172.65
52.403896,-1.502127,147.87,8.6,4,284.04,18 / 20,33110,2019-09-06 20:53:38:117,-1.1279,-0.8015,9.6858,0.0101,-0.0054,9.8065,-0.0811,0.1426,0.014,5.63,-38.81,-5.75,149.86,-80.89,173.67
52.403896,-1.502127,147.87,8.6,4,284.04,18 / 20,33209,2019-09-06 20:53:38:216,-1.2023,-0.2368,9.7457,0.0093,-0.0055,9.8065,0.1112,0.1583,-0.0334,5.13,-38.62,-5.69,154.43,-80.88,174.5
52.403896,-1.502127,147.87,8.6,4,284.04,18 / 20,33310,2019-09-06 20:53:38:317,-1.3758,-0.389,9.6852,0.0013,0.019,9.8066,0.0584,0.1446,-0.0164,5.31,-39.44,-6.31,154.72,-80.78,174.78
52.403896,-1.502127,147.87,8.6,4,284.04,18 / 20,33409,2019-09-06 20:53:38:416,-2.1622,-0.3921,10.5355,0.001,-0.0001,9.8066,0.05,0.1481,-0.012,5.38,-39.37,-5.87,155.29,-80.6,175.41
52.403896,-1.502127,147.87,8.6,4,284.04,18 / 20,33509,2019-09-06 20:53:38:516,-1.9496,-0.2027,10.1651,-0.0211,0.0405,9.8065,0.0583,0.1873,-0.0576,6.06,-39.25,-5.44,149.51,-80.5,175.24
52.403896,-1.502127,147.87,8.6,4,284.04,18 / 20,33610,2019-09-06 20:53:38:617,-1.721,-0.6273,10.2768,-0.0244,0.0421,9.8065,-0.0042,0.1908,-0.0379,6.25,-39.12,-5,149.78,-80.35,175.33
52.403896,-1.502127,147.87,8.6,4,284.04,18 / 20,33710,2019-09-06 20:53:38:717,-1.4691,-0.2639,9.7651,-0.0029,-0.0039,9.8066,0.0226,0.157,-0.0561,6.69,-39,-4.25,144.2,-80.01,175.31
52.403896,-1.502127,147.87,8.6,4,284.04,18 / 20,33809,2019-09-06 20:53:38:816,-2.0171,-0.7925,9.6165,0.002,0.0023,9.8065,0.0542,0.1993,-0.0385,7.5,-39.69,-4.69,143.11,-79.91,174.9
52.403896,-1.502127,147.87,8.6,4,284.04,18 / 20,33910,2019-09-06 20:53:38:917,-1.6003,-1.4578,9.8584,-0.0111,0.0079,9.8066,0.09,0.2384,-0.0483,7.13,-39.56,-4.06,144.86,-79.81,175.02
52.403896,-1.502127,147.87,8.6,4,284.04,18 / 20,34010,2019-09-06 20:53:39:017,-1.9604,-0.9659,10.2968,-0.0009,0.0035,9.8066,-0.0195,0.229,-0.0438,7.75,-39.81,-3.69,141.47,-79.65,175.1
52.403896,-1.502127,147.87,8.6,4,284.04,18 / 20,34110,2019-09-06 20:53:39:117,-1.8775,-0.4278,9.9713,-0.0111,0.0279,9.8066,0.0215,0.188,0.011,7.5,-39.56,-3.44,139.1,-79.56,175.01
52.403896,-1.502127,147.87,8.6,4,284.04,18 / 20,34209,2019-09-06 20:53:39:216,-1.2814,-0.51,10.1322,-0.0174,0.0206,9.8065,-0.088,0.2215,-0.0987,8.5,-39.94,-1.81,133.19,-79.47,175.46
52.403896,-1.502127,147.87,8.6,4,284.04,18 / 20,34309,2019-09-06 20:53:39:316,-1.4765,-1.5939,10.1109,0.0077,-0.017,9.8065,-0.0465,0.1966,-0.0811,8.81,-39.44,-1.62,132.82,-79.3,175.22
52.403896,-1.502127,147.87,8.6,4,284.04,18 / 20,34409,2019-09-06 20:53:39:416,-1.5823,-0.5981,10.6026,-0.006,0.0003,9.8066,0.0072,0.2237,-0.0869,8.44,-39.12,-1.44,133.05,-79.27,174.81
52.403896,-1.502127,147.87,8.6,4,284.04,18 / 20,34510,2019-09-06 20:53:39:517,-2.5379,-0.8712,10.1505,-0.0342,0.0223,9.8065,0.0679,0.2146,-0.0667,8.94,-38.62,-0.81,129.3,-79.22,174.4
52.403896,-1.502127,147.87,8.6,4,284.04,18 / 20,34609,2019-09-06 20:53:39:616,-1.8487,-2.1795,9.9616,-0.0262,0.0155,9.8065,0.0734,0.1999,-0.0057,9.38,-38.37,-0.44,125.74,-78.79,173.86
52.403896,-1.502127,147.87,8.6,4,284.04,18 / 20,34710,2019-09-06 20:53:39:717,-1.2808,-1.7768,9.9803,-0.0033,-0.0053,9.8066,0.0646,0.2499,-0.0557,9.63,-37.37,-0.5,122.31,-78.54,173.76
52.403896,-1.502127,147.87,8.6,4,284.04,18 / 20,34810,2019-09-06 20:53:39:817,-1.7201,-2.3649,10.1489,0.0142,-0.0218,9.8066,0.1062,0.2732,-0.0821,10,-38.06,0.31,123.71,-78.25,173.48
52.403896,-1.502127,147.87,8.6,4,284.04,18 / 20,34910,2019-09-06 20:53:39:917,-1.6668,-0.2719,10.3595,-0.0323,0.0218,9.8065,0.145,0.1709,0.0223,9.88,-38.69,0.75,121.64,-78.13,174.26
52.403896,-1.502127,147.87,8.6,4,284.04,18 / 20,35009,2019-09-06 20:53:40:016,-3.686,-0.753,9.7081,-0.0381,0.0162,9.8065,-0.1832,0.2005,-0.0778,10.31,-37.87,1.69,117.37,-77.8,173.83
52.403896,-1.502127,147.87,8.6,4,284.04,19 / 20,35110,2019-09-06 20:53:40:117,-1.6631,-1.702,9.92,0.0143,-0.013,9.8066,-0.0894,0.2276,-0.0932,10.38,-37.75,1.94,117.37,-77.81,173.89
52.403896,-1.502127,147.87,8.6,4,284.04,19 / 20,35209,2019-09-06 20:53:40:216,-2.1936,-2.3033,9.6738,-0.003,-0.0157,9.8066,-0.0053,0.217,-0.0726,10.63,-37.25,2.31,113.15,-77.85,173.19
52.403896,-1.502127,147.87,8.6,4,284.04,19 / 20,35310,2019-09-06 20:53:40:317,-2.4018,-1.7241,9.5036,-0.003,0.0064,9.8066,0.0119,0.2932,-0.086,11,-37.37,2.25,112.93,-77.72,172.33
52.403896,-1.502127,147.87,8.6,4,284.04,19 / 20,35409,2019-09-06 20:53:40:416,-1.2049,-1.4735,9.966,-0.0055,-0.0148,9.8066,0.1139,0.2561,-0.1225,10.69,-37.56,3.19,110.36,-77.55,172.59
52.403896,-1.502127,147.87,8.6,4,284.04,19 / 20,35510,2019-09-06 20:53:40:517,-2.3232,-2.1569,10.7223,-0.0148,0.0127,9.8066,0.0541,0.2179,-0.0438,11.69,-36.69,3,106.92,-77.4,171.67
52.403896,-1.502127,147.87,8.6,4,284.04,19 / 20,35609,2019-09-06 20:53:40:616,-1.1346,-1.1163,10.5072,-0.0187,0.0006,9.8065,0.0072,0.2991,-0.165,11.63,-37.37,3.63,103.42,-77.15,171.8
52.403896,-1.502127,147.87,8.6,4,284.04,19 / 20,35710,2019-09-06 20:53:40:717,-2.1508,-2.0504,10.3787,-0.0186,0.0217,9.8066,0.0255,0.22,0.0047,11.56,-37.12,4.5,98.98,-77.06,171.61
52.403896,-1.502127,147.87,8.6,4,284.04,19 / 20,35809,2019-09-06 20:53:40:816,-1.2406,-1.5656,9.9863,-0.0231,0.0068,9.8066,0.0189,0.2925,-0.1296,12.38,-37.31,4.38,104.8,-76.87,172.43
52.403896,-1.502127,147.87,8.6,4,284.04,19 / 20,35909,2019-09-06 20:53:40:916,-1.1521,-0.9708,10.3419,-0.0063,0.0106,9.8066,0.0553,0.1785,0.0642,12.63,-37.31,5.88,94.62,-76.84,172.51
52.403896,-1.502127,147.87,8.6,4,284.04,19 / 20,36010,2019-09-06 20:53:41:017,-1.3281,-2.5303,9.9272,-0.0036,-0.0031,9.8066,-0.0928,0.3036,-0.1109,12.38,-36.62,6.44,96.09,-76.76,172.66
52.403896,-1.502127,147.87,8.6,4,284.04,19 / 20,36110,2019-09-06 20:53:41:117,-1.1303,-0.5374,10.3346,0.0043,-0.0024,9.8066,-0.0657,0.1531,0.0691,12.56,-36.19,6.44,94.79,-76.72,173.44
52.403896,-1.502127,147.87,8.6,4,284.04,19 / 20,36210,2019-09-06 20:53:41:217,0.1732,-2.2917,10.0058,0.0117,0.0077,9.8065,0.1092,0.176,0.0014,12.56,-36.69,7.06,91.36,-76.68,173.33
52.403896,-1.502127,147.87,8.6,4,284.04,19 / 20,36309,2019-09-06 20:53:41:316,-1.6998,-2.0469,10.0843,-0.0316,-0.0031,9.8066,0.0596,0.1898,-0.0753,12.69,-35.69,7.56,86.25,-76.57,173.57
52.403896,-1.502127,147.87,8.6,4,284.04,19 / 20,36410,2019-09-06 20:53:41:417,-0.1394,-2.1451,9.8258,-0.0366,0.0113,9.8065,0.0487,0.0946,-0.0223,12.38,-36,8.19,88.39,-76.14,174.03
52.403896,-1.502127,147.87,8.6,4,284.04,19 / 20,36509,2019-09-06 20:53:41:516,-0.0961,-1.6822,9.6303,0.0007,0.0015,9.8066,-0.0267,0.122,-0.122,12.56,-35.56,8.19,88.23,-75.98,173.74
52.403896,-1.502127,147.87,8.6,4,284.04,19 / 20,36610,2019-09-06 20:53:41:617,-1.3645,-1.8574,9.3957,-0.0066,0.0067,9.8066,0.0568,0.0787,0.05,12.44,-35.19,8.13,87.5,-76,173.91
52.403896,-1.502127,147.87,8.6,4,284.04,19 / 20,36709,2019-09-06 20:53:41:716,-0.6996,-0.8884,9.9689,0.0048,-0.0042,9.8066,0.0363,0.142,-0.0589,12.44,-34.87,8.25,88.1,-75.94,174.34
52.403896,-1.502127,147.87,8.6,4,284.04,19 / 20,36810,2019-09-06 20:53:41:817,-1.3492,-1.3526,9.7677,0.0063,0.0133,9.8066,-0.0123,0.0614,0.0867,13.31,-35.06,8.63,83.23,-76.04,174.62
52.403896,-1.502127,147.87,8.6,4,284.04,19 / 20,36910,2019-09-06 20:53:41:917,-0.0533,-0.8211,9.886,-0.0084,-0.0008,9.8066,-0.0003,0.1091,-0.0543,13.31,-34.44,9.06,82.38,-76.13,175.11
52.403896,-1.502127,147.87,8.6,4,284.04,19 / 20,37010,2019-09-06 20:53:42:017,-0.6724,0.1164,10.1902,-0.0145,0.012,9.8066,0.0031,0.0365,0.0296,12.75,-34.81,8.81,83.93,-76.17,175.64
52.403896,-1.502127,147.87,8.6,4,284.04,19 / 20,37111,2019-09-06 20:53:42:118,-0.978,-1.0492,9.6998,0.0042,0.0107,9.8066,0.012,0.0937,-0.0136,12.44,-34.31,9.13,83.2,-76.16,176.2
52.403896,-1.502127,147.87,8.6,4,284.04,19 / 20,37210,2019-09-06 20:53:42:217,-0.9291,-0.3548,9.8819,0.0031,0.0111,9.8066,0.0111,0.0215,0.0436,11.31,-34.62,9.81,79.92,-76.07,176.85
52.403896,-1.502127,147.87,8.6,4,284.04,19 / 20,37309,2019-09-06 20:53:42:316,-0.3346,-0.628,10.2265,-0.0119,-0.0027,9.8066,0.0101,0.0789,-0.0689,10.75,-34.87,9.25,85.58,-76.12,177.39
52.403896,-1.502127,147.87,8.6,4,284.04,19 / 20,37409,2019-09-06 20:53:42:416,-0.9809,-0.3847,9.8648,-0.0087,0.0104,9.8066,-0.0381,0.0476,0.0764,10.44,-34.25,9.69,79.12,-76.03,177.88
52.403896,-1.502127,147.87,8.6,4,284.04,19 / 20,37510,2019-09-06 20:53:42:517,-0.691,-0.6647,9.9994,0.0049,-0.0055,9.8066,-0.0922,0.0336,-0.0716,10.69,-34.75,8.88,86.23,-76.06,177.82
52.403896,-1.502127,147.87,8.6,4,284.04,19 / 20,37610,2019-09-06 20:53:42:617,-0.9643,0.3563,9.5177,0.0095,0.0095,9.8066,0.0805,0.0432,0.0519,11.06,-35.62,8.94,87.41,-76.14,178
52.403896,-1.502127,147.87,8.6,4,284.04,19 / 20,37710,2019-09-06 20:53:42:717,-0.0395,-0.1091,10.3993,-0.0004,-0.0075,9.8066,0.0783,0.0271,0.0166,10.94,-35.87,9.06,87.89,-76.05,178.15
52.403896,-1.502127,147.87,8.6,4,284.04,19 / 20,37809,2019-09-06 20:53:42:816,0.2774,-0.4247,10.3834,0.0042,-0.0057,9.8066,-0.0191,0.0197,0.0139,10.94,-35.5,9.56,81.15,-76.02,177.8
52.403896,-1.502127,147.87,8.6,4,284.04,19 / 20,37909,2019-09-06 20:53:42:916,-1.2146,0.4819,10.0746,-0.0106,-0.0053,9.8066,-0.0076,-0.0189,0.0365,10.88,-35.81,9.88,83.01,-75.86,177.83
52.403896,-1.502127,147.87,8.6,4,284.04,19 / 20,38010,2019-09-06 20:53:43:017,-0.4558,0.8805,9.1187,-0.0095,-0.0037,9.8066,-0.068,0.0279,-0.0565,12.13,-35.62,9.75,83.36,-75.79,177.55
52.404385,-1.503299,148.1,12.47,4,276.83,19 / 20,38110,2019-09-06 20:53:43:117,0.0033,0.9974,9.6129,-0.0201,-0.0023,9.8065,-0.1045,-0.0026,0.0556,11.5,-35.62,9.94,83.43,-75.79,177.62
52.404385,-1.503299,148.1,12.47,4,276.83,19 / 20,38209,2019-09-06 20:53:43:216,-0.3312,-0.3592,9.9798,0.0063,0.0007,9.8066,0.1173,0.0314,-0.1007,11.81,-35.12,10.13,81.77,-75.99,177.75
52.404385,-1.503299,148.1,12.47,4,276.83,19 / 20,38310,2019-09-06 20:53:43:317,-1.0036,0.0903,10.4171,-0.0431,-0.0162,9.8065,-0.0693,-0.0424,0.033,12.38,-35,9.88,81.7,-75.88,177.38
52.404385,-1.503299,148.1,12.47,4,276.83,19 / 20,38410,2019-09-06 20:53:43:417,-1.124,0.4018,10.055,-0.0364,-0.0042,9.8065,-0.0037,0.0243,-0.0312,12.38,-34.5,10.31,81.37,-75.46,176.99
52.404385,-1.503299,148.1,12.47,4,276.83,19 / 20,38510,2019-09-06 20:53:43:517,0.5644,0.6851,9.4922,0.0402,0.0129,9.8065,-0.0285,-0.0057,0.0352,12.69,-34.19,10.19,81.98,-75.43,177.07
52.404385,-1.503299,148.1,12.47,4,276.83,19 / 20,38609,2019-09-06 20:53:43:616,-0.3999,0.2721,10.1016,0.0991,0.0111,9.8061,0.0841,0.0255,-0.05,12.25,-34.87,10.19,81.71,-75.87,177.37
52.404385,-1.503299,148.1,12.47,4,276.83,19 / 20,38709,2019-09-06 20:53:43:716,1.227,0.2976,8.4677,-0.0239,0.0007,9.8066,0.1436,-0.0055,0.0094,12.56,-35.12,10.94,77.43,-75.86,176.99
52.404385,-1.503299,148.1,12.47,4,276.83,19 / 20,38810,2019-09-06 20:53:43:817,-0.5233,-0.2906,10.1348,0.0136,0.005,9.8066,0.1841,0.1008,-0.0195,11.88,-34.69,11.75,73.05,-75.67,177.36
52.404385,-1.503299,148.1,12.47,4,276.83,19 / 20,38910,2019-09-06 20:53:43:917,-1.3835,0.3532,9.9972,-0.0401,-0.0125,9.8065,-0.015,0.0571,0.0717,12.13,-34.75,10.81,77.19,-75.76,177.22
52.404385,-1.503299,148.1,12.47,4,276.83,19 / 20,39010,2019-09-06 20:53:44:017,-0.2875,-0.3615,10.5826,-0.0051,0.0071,9.8066,0.0686,-0.0426,-0.082,12.44,-34.87,11,77.74,-75.6,177.29
52.404385,-1.503299,148.1,12.47,4,276.83,18 / 20,39110,2019-09-06 20:53:44:117,-1.1034,1.0603,10.1375,-0.0148,-0.0293,9.8065,-0.0956,0.0263,0.0756,11.88,-35.12,11.06,77.6,-75.64,177.27
52.404385,-1.503299,148.1,12.47,4,276.83,18 / 20,39209,2019-09-06 20:53:44:216,-1.4829,-0.3184,9.8286,-0.0456,0.0018,9.8065,-0.0456,-0.0363,0.0657,12.31,-34.94,10.88,77.55,-75.36,176.46
52.404385,-1.503299,148.1,12.47,4,276.83,18 / 20,39310,2019-09-06 20:53:44:317,-0.9408,-0.1115,9.7415,0.0408,0.0051,9.8066,0.023,0.0538,-0.1117,11.75,-35.19,11.31,79,-75.22,177.35
52.404385,-1.503299,148.1,12.47,4,276.83,18 / 20,39409,2019-09-06 20:53:44:416,0.1504,1.0011,9.4448,0.0076,-0.011,9.8066,-0.0429,-0.0272,0.1554,11.38,-34.87,11,77.36,-75.39,177.12
52.404385,-1.503299,148.1,12.47,4,276.83,18 / 20,39510,2019-09-06 20:53:44:517,1.4006,-0.9198,8.7917,0.056,-0.0019,9.8064,0.131,-0.093,0.0986,11.69,-34.69,10.5,78.25,-75.32,176.97
52.404385,-1.503299,148.1,12.47,4,276.83,18 / 20,39609,2019-09-06 20:53:44:616,-1.6843,0.458,8.9703,0.0191,0.0136,9.8066,-0.0508,-0.0169,-0.1247,11.63,-34.5,11.25,76.7,-75.49,177.12
52.404385,-1.503299,148.1,12.47,4,276.83,18 / 20,39710,2019-09-06 20:53:44:717,-1.4005,1.3787,9.6,0.0225,0.0027,9.8066,-0.0198,0.0542,-0.0696,12,-34.56,9.81,82.48,-75.54,177.1
52.404385,-1.503299,148.1,12.47,4,276.83,18 / 20,39809,2019-09-06 20:53:44:816,-2.6773,0.4703,9.7801,0.0378,-0.016,9.8065,0.1446,0.0884,0.0885,12.38,-35.12,9.38,85.66,-75.8,176.34
52.404385,-1.503299,148.1,12.47,4,276.83,18 / 20,39910,2019-09-06 20:53:44:917,-1.555,0.6779,10.1306,0.0055,-0.0021,9.8066,0.0121,0.0372,-0.0173,12.69,-35.12,9.44,85.37,-75.81,176.02
52.404385,-1.503299,148.1,12.47,4,276.83,18 / 20,40010,2019-09-06 20:53:45:017,-0.6144,-0.119,10.0875,-0.0133,-0.0079,9.8065,0.0514,0.0021,-0.0684,13.25,-35.31,8.56,85.65,-75.72,176.04
52.404385,-1.503299,148.1,12.47,4,276.83,19 / 20,40110,2019-09-06 20:53:45:117,-0.582,-0.3388,10.5992,-0.0362,-0.0112,9.8065,0.0752,-0.0457,-0.0334,13.13,-35.31,8.88,85.94,-75.52,175.75
52.404385,-1.503299,148.1,12.47,4,276.83,19 / 20,40210,2019-09-06 20:53:45:217,-0.7522,0.7057,9.8665,-0.0047,0.003,9.8065,-0.0079,0.0106,-0.0718,14.69,-35.56,9.56,84.53,-74.99,175.83
52.404385,-1.503299,148.1,12.47,4,276.83,19 / 20,40310,2019-09-06 20:53:45:317,-1.291,1.8898,10.0538,-0.0072,0.0054,9.8066,-0.1534,0.0283,0.021,14.94,-34.81,9.63,83.7,-74.89,175.78
52.404385,-1.503299,148.1,12.47,4,276.83,19 / 20,40409,2019-09-06 20:53:45:416,0.754,0.2647,9.2761,-0.0047,-0.0037,9.8065,-0.1269,0.0426,0.0473,15.31,-34.37,10.63,78.55,-75.09,175.96
52.404385,-1.503299,148.1,12.47,4,276.83,19 / 20,40510,2019-09-06 20:53:45:517,0.3054,-0.7396,8.6435,0.0352,-0.0093,9.8066,0.061,-0.0221,0.1276,14.5,-34,10.44,81.8,-75.23,175.75
52.404385,-1.503299,148.1,12.47,4,276.83,19 / 20,40610,2019-09-06 20:53:45:617,-0.2416,1.409,9.6414,0.034,0.0094,9.8066,0.089,0.0833,-0.0016,13.81,-34.37,10.81,76.79,-75.4,175.6
52.404385,-1.503299,148.1,12.47,4,276.83,19 / 20,40709,2019-09-06 20:53:45:716,-1.3314,1.235,10.5155,0.0155,0.0037,9.8065,0.0933,0.0113,-0.08,13.88,-33.87,10.38,80.98,-75.2,175.21
52.404385,-1.503299,148.1,12.47,4,276.83,19 / 20,40810,2019-09-06 20:53:45:817,0.1428,-0.0116,9.887,0.0428,-0.0037,9.8064,0.0879,0.0157,-0.0944,13.63,-34.31,10.75,76.77,-75.13,174.98
52.404385,-1.503299,148.1,12.47,4,276.83,19 / 20,40910,2019-09-06 20:53:45:917,-2.173,0.3906,9.9694,-0.0008,-0.0068,9.8066,-0.0707,0.0179,-0.0103,14.31,-34.31,11.06,74.67,-75.38,173.69
52.404385,-1.503299,148.1,12.47,4,276.83,19 / 20,41009,2019-09-06 20:53:46:016,-0.1231,-0.2032,9.0346,-0.0095,-0.0152,9.8066,0.0312,0.0154,-0.0387,13.81,-34.37,10.88,73.16,-75.64,172.99
52.404385,-1.503299,148.1,12.47,4,276.83,19 / 20,41110,2019-09-06 20:53:46:117,0.2142,0.9143,8.7874,-0.0274,-0.0108,9.8066,-0.0761,0.001,-0.0962,14,-34.75,10.56,73.06,-75.89,172.59
52.404385,-1.503299,148.1,12.47,4,276.83,19 / 20,41210,2019-09-06 20:53:46:217,0.8837,-1.1252,8.3545,0.0833,0.0125,9.8062,-0.2119,-0.1196,-0.0198,13.63,-34.87,10.19,77.6,-75.72,172.42
52.404385,-1.503299,148.1,12.47,4,276.83,19 / 20,41309,2019-09-06 20:53:46:316,-0.1352,0.4512,10.872,0.0638,0.032,9.8063,0.2582,-0.077,0.2074,13.94,-34.62,10.13,77.34,-76.1,173.13
52.404385,-1.503299,148.1,12.47,4,276.83,19 / 20,41409,2019-09-06 20:53:46:416,-1.5093,0.1189,11.1925,-0.107,0.0029,9.806,0.4324,0.1945,-0.0567,12.88,-35.06,10.06,76.72,-76.23,173.36
52.404385,-1.503299,148.1,12.47,4,276.83,19 / 20,41509,2019-09-06 20:53:46:516,-2.1729,1.7218,10.1114,-0.0611,-0.0142,9.8064,-0.4549,0.1206,-0.0061,13,-34.75,9.75,78.92,-75.86,174.36
52.404385,-1.503299,148.1,12.47,4,276.83,19 / 20,41610,2019-09-06 20:53:46:617,1.1372,1.0724,8.191,0.0459,0.0122,9.8065,-0.2204,-0.0313,0.1419,13.31,-34.37,9.81,76.3,-76.22,173.94
52.404385,-1.503299,148.1,12.47,4,276.83,19 / 20,41710,2019-09-06 20:53:46:717,-0.7691,1.7778,8.8568,0.0328,-0.0318,9.8065,-0.0513,0.0872,-0.1447,13.13,-35.37,8.94,80.11,-76.63,173.35
52.404385,-1.503299,148.1,12.47,4,276.83,19 / 20,41810,2019-09-06 20:53:46:817,0.0825,-1.1779,9.2985,0.0433,-0.0121,9.8064,-0.1537,-0.094,0.0457,12.81,-35.94,9.13,79.61,-76.84,172.48
52.404385,-1.503299,148.1,12.47,4,276.83,19 / 20,41910,2019-09-06 20:53:46:917,1.0363,1.2963,10.207,0.0098,0.0159,9.8066,0.1305,-0.0829,0.0819,12.5,-35.25,9.25,77.28,-77.02,171.84
52.404385,-1.503299,148.1,12.47,4,276.83,19 / 20,42010,2019-09-06 20:53:47:017,0.1391,-0.5073,9.9757,-0.0255,0.0006,9.8066,-0.1139,-0.0418,0.065,12.75,-35.44,9.5,72,-77.23,171.83
52.404385,-1.503299,148.1,12.47,4,276.83,19 / 20,42110,2019-09-06 20:53:47:117,-0.9527,0.9723,9.7117,-0.0073,0.002,9.8066,-0.039,-0.0156,0.0144,11.94,-35.19,9.13,76.68,-77.28,172.45
52.404385,-1.503299,148.1,12.47,4,276.83,19 / 20,42209,2019-09-06 20:53:47:216,0.8286,0.446,9.9845,0.0253,-0.0008,9.8065,0.0865,0.0118,-0.0135,11.81,-35.5,8.75,76.45,-77.35,172.43
52.404385,-1.503299,148.1,12.47,4,276.83,19 / 20,42310,2019-09-06 20:53:47:317,-2.9276,1.6734,8.4684,0.0131,0.0046,9.8066,0.0416,-0.0696,-0.0327,11.19,-35.56,8.38,81.87,-77.43,171.96
52.404385,-1.503299,148.1,12.47,4,276.83,19 / 20,42410,2019-09-06 20:53:47:417,-0.4325,0.4513,8.5637,0.0442,-0.0151,9.8065,-0.0785,0.0098,0.0064,11.31,-36,9.06,75.68,-77.49,171.7
52.404385,-1.503299,148.1,12.47,4,276.83,19 / 20,42510,2019-09-06 20:53:47:517,-0.8039,-0.4864,7.5536,0.0678,-0.0036,9.8063,-0.192,-0.0163,0.0026,11.75,-36.62,7.94,78.8,-78.05,170.09
52.404385,-1.503299,148.1,12.47,4,276.83,19 / 20,42610,2019-09-06 20:53:47:617,-0.3544,1.0599,9.0273,-0.0006,-0.0093,9.8066,0.0755,-0.1102,0.1295,11.44,-36.5,8.5,71.19,-78.11,169.87
52.404385,-1.503299,148.1,12.47,4,276.83,19 / 20,42710,2019-09-06 20:53:47:717,-1.4587,-0.7145,10.1625,0.0535,0.0236,9.8064,0.2138,0.1271,-0.0081,11.69,-36,7.81,77.51,-78.03,169.85
52.404385,-1.503299,148.1,12.47,4,276.83,19 / 20,42810,2019-09-06 20:53:47:817,1.9404,2.2465,10.2943,-0.0445,0.0221,9.8064,-0.1178,0.0984,-0.1319,11.5,-36.06,7.5,77.75,-78.32,170.94
52.404385,-1.503299,148.1,12.47,4,276.83,19 / 20,42910,2019-09-06 20:53:47:917,0.5157,2.4727,9.9996,-0.0174,-0.0112,9.8066,0.0018,-0.081,0.2023,11.06,-36.5,7.69,78.03,-78.32,171.48
52.404385,-1.503299,148.1,12.47,4,276.83,19 / 20,43009,2019-09-06 20:53:48:016,-2.2314,1.5202,8.9396,0.0336,-0.0046,9.8065,-0.0683,0.0261,-0.0321,11.06,-37.37,7.56,78.82,-78.56,171.95
52.404385,-1.503299,148.1,12.47,4,276.83,19 / 20,43110,2019-09-06 20:53:48:117,-0.8993,0.1399,9.5458,0.0169,-0.0049,9.8066,-0.0417,0.087,0.0543,11.44,-37.44,7.56,76.35,-78.88,170.86
52.404385,-1.503299,148.1,12.47,4,276.83,19 / 20,43210,2019-09-06 20:53:48:217,-0.2301,1.1464,10.1024,-0.0164,0.0076,9.8066,-0.0025,0.0574,0.0436,11.5,-36.75,7.06,81.68,-78.91,170.68
52.404385,-1.503299,148.1,12.47,4,276.83,19 / 20,43310,2019-09-06 20:53:48:317,1.9521,0.3954,9.0948,-0.0065,0.0002,9.8066,0.0234,0.017,-0.0077,11.31,-36.94,7.44,82.46,-78.89,171.28
52.404385,-1.503299,148.1,12.47,4,276.83,19 / 20,43410,2019-09-06 20:53:48:417,-0.634,1.2697,9.7436,0.0181,0.0006,9.8065,0.0153,0.0484,-0.0243,11.75,-36.62,7.25,83.05,-78.81,171.64
52.404385,-1.503299,148.1,12.47,4,276.83,19 / 20,43509,2019-09-06 20:53:48:516,-0.6131,-0.4934,10.1065,0.0362,-0.0002,9.8066,0.1619,-0.0808,0.1051,11.13,-37.25,7.25,81.32,-79.15,171.12
52.404385,-1.503299,148.1,12.47,4,276.83,19 / 20,43610,2019-09-06 20:53:48:617,1.1008,1.1625,9.7805,-0.0245,0.0011,9.8066,-0.1417,-0.0463,0.0188,11.69,-36.12,6.56,80.17,-79.36,171.6
52.404385,-1.503299,148.1,12.47,4,276.83,19 / 20,43710,2019-09-06 20:53:48:717,-0.1045,0.5052,9.6736,-0.0178,0.0021,9.8066,-0.1317,0.0384,-0.0205,11.75,-36.81,6.19,86.58,-79.3,171.76
52.404385,-1.503299,148.1,12.47,4,276.83,19 / 20,43809,2019-09-06 20:53:48:816,1.242,0.4597,10.4904,0.0216,0.0014,9.8065,0.0378,0.0541,0.0146,10.94,-37,6.63,81.37,-79.38,171.96
52.404385,-1.503299,148.1,12.47,4,276.83,19 / 20,43909,2019-09-06 20:53:48:916,1.8117,1.1257,9.9015,0.0046,0.0047,9.8066,0.0345,-0.04,0.0774,11.13,-37.44,6.38,87.06,-79.37,172.03
52.404385,-1.503299,148.1,12.47,4,276.83,19 / 20,44010,2019-09-06 20:53:49:017,-1.3016,0.4449,10.2678,-0.029,0.0068,9.8066,-0.0516,-0.0217,0.0502,11.19,-37.12,6.69,82.46,-79.35,172.86
52.404385,-1.503299,148.1,12.47,4,276.83,19 / 20,44110,2019-09-06 20:53:49:117,1.7333,0.933,9.757,-0.0376,0.0057,9.8065,-0.0804,0.094,-0.0322,10.63,-37.25,6.44,89.34,-79.2,173.66
52.404385,-1.503299,148.1,12.47,4,276.83,19 / 20,44209,2019-09-06 20:53:49:216,0.6234,0.6268,10.3026,-0.0137,0.0016,9.8066,-0.0454,0.0047,-0.0524,10.75,-36.37,6.31,87.28,-79.31,173.05
52.404385,-1.503299,148.1,12.47,4,276.83,19 / 20,44310,2019-09-06 20:53:49:317,-0.8182,0.0907,10.1353,-0.0382,-0.0098,9.8066,-0.1355,0.0468,0.0323,10.69,-36.94,6.5,82.97,-79.21,172.86
52.404385,-1.503299,148.1,12.47,4,276.83,19 / 20,44409,2019-09-06 20:53:49:416,-0.829,0.8833,9.6038,0.0538,0.0049,9.8064,0.1401,0.0232,-0.0491,11.06,-36.87,6.13,90.25,-78.79,173.05
52.404385,-1.503299,148.1,12.47,4,276.83,19 / 20,44510,2019-09-06 20:53:49:517,0.8188,-0.244,9.6514,0.0684,0.009,9.8064,0.0025,0.0186,-0.024,10.25,-37.12,6.38,90.08,-79.16,173.61
52.404385,-1.503299,148.1,12.47,4,276.83,19 / 20,44610,2019-09-06 20:53:49:617,0.5337,0.2032,10.4499,-0.0031,-0.0038,9.8066,0.1207,0.0281,0.0192,10.06,-37.31,7,84.05,-79.17,173.72
52.404385,-1.503299,148.1,12.47,4,276.83,19 / 20,44710,2019-09-06 20:53:49:717,0.8728,0.7124,9.7693,0.0112,0.0095,9.8065,0.1851,-0.0066,0.0756,10,-37.5,7.25,84.01,-79.14,173.56
52.404385,-1.503299,148.1,12.47,4,276.83,19 / 20,44810,2019-09-06 20:53:49:817,-0.2184,-0.1133,10.0061,-0.0416,-0.0034,9.8065,-0.2023,0.0176,-0.0331,10.44,-37.75,7.31,85.95,-79.19,174.52
52.404385,-1.503299,148.1,12.47,4,276.83,19 / 20,44910,2019-09-06 20:53:49:917,0.8941,0.6478,10.0113,-0.0077,-0.0115,9.8066,-0.0552,0.0594,0.0051,10.75,-36.81,7.38,84.55,-79.17,174.21
52.404385,-1.503299,148.1,12.47,4,276.83,19 / 20,45010,2019-09-06 20:53:50:017,-2.7213,0.521,9.2315,0.0006,-0.0015,9.8066,-0.0761,-0.0241,-0.0383,11.19,-37.25,6.88,82.77,-79.47,173.57
52.404385,-1.503299,148.1,12.47,4,276.83,19 / 20,45110,2019-09-06 20:53:50:117,4.5303,0.0562,8.5755,-0.0223,-0.0111,9.8065,-0.1673,0.0169,-0.0549,11.19,-37.5,7.31,82.33,-79.43,173.01
52.404385,-1.503299,148.1,12.47,4,276.83,19 / 20,45209,2019-09-06 20:53:50:216,0.2432,-1.3719,10.0593,0.0679,-0.0088,9.8063,0.2843,-0.1734,0.0156,11.44,-37.25,6.81,82.1,-79.42,172.77
52.404385,-1.503299,148.1,12.47,4,276.83,19 / 20,45310,2019-09-06 20:53:50:317,3.0721,2.4789,10.2324,0.0094,-0.0168,9.8066,0.0531,-0.0051,0.0152,11,-36.75,7.19,81.46,-79.53,172.57
52.404385,-1.503299,148.1,12.47,4,276.83,19 / 20,45409,2019-09-06 20:53:50:416,3.2175,-1.0381,10.3938,0.0341,0.0278,9.8065,0.2603,0.1444,-0.2341,10.5,-36.56,5.81,87.68,-79.25,172.19
52.404385,-1.503299,148.1,12.47,4,276.83,19 / 20,45510,2019-09-06 20:53:50:517,2.7991,2.4063,10.9352,0.0534,-0.0288,9.8064,0.111,-0.1721,0.1649,9.75,-37.19,4.88,94.37,-79.31,172.5
52.404385,-1.503299,148.1,12.47,4,276.83,19 / 20,45610,2019-09-06 20:53:50:617,0.3966,-0.1197,10.4227,-0.0694,0.0138,9.8064,-0.1402,-0.0561,-0.0854,9.88,-39.06,5.31,97.41,-79.3,173.32
52.404385,-1.503299,148.1,12.47,4,276.83,19 / 20,45710,2019-09-06 20:53:50:717,-0.7101,0.715,10.2355,-0.0615,-0.0046,9.8064,-0.0797,0.0073,0.0139,10.69,-40.56,7.38,88.13,-79.03,173.04
52.404385,-1.503299,148.1,12.47,4,276.83,19 / 20,45809,2019-09-06 20:53:50:816,1.0586,0.3396,10.2753,0.0242,0.0077,9.8066,-0.0166,-0.0796,0.1147,11.06,-39.06,9.38,74.1,-79.21,172.97
52.404385,-1.503299,148.1,12.47,4,276.83,19 / 20,45909,2019-09-06 20:53:50:916,1.1875,1.6074,10.6362,-0.0077,0.011,9.8066,0.0294,-0.006,-0.1223,11.25,-37.12,8.13,77.33,-79.34,173.19
52.404385,-1.503299,148.1,12.47,4,276.83,19 / 20,46009,2019-09-06 20:53:51:016,0.2052,0.6751,10.1945,-0.022,-0.0102,9.8065,-0.0182,-0.1359,0.0538,11.56,-36.69,8.06,77.63,-79.26,172.76
52.404385,-1.503299,148.1,12.47,4,276.83,19 / 20,46110,2019-09-06 20:53:51:117,0.6872,-0.77,9.4071,-0.0147,-0.0029,9.8066,-0.1654,0.073,-0.1313,11.69,-37.5,7.81,78.67,-78.94,172.73
52.404385,-1.503299,148.1,12.47,4,276.83,19 / 20,46210,2019-09-06 20:53:51:217,0.0389,0.4874,10.5316,0.0188,0.0093,9.8066,-0.1691,0.0749,0.0513,11,-38.12,7.88,79.34,-78.93,172.7
52.404385,-1.503299,148.1,12.47,4,276.83,19 / 20,46310,2019-09-06 20:53:51:317,2.9832,2.8056,9.7049,-0.0105,0.0065,9.8066,-0.1995,-0.038,0.132,11.31,-37.81,7.81,78.83,-79.18,173.08
52.404385,-1.503299,148.1,12.47,4,276.83,19 / 20,46410,2019-09-06 20:53:51:417,0.6866,1.1586,9.9516,0.0346,-0.0151,9.8066,0.4316,0.0892,-0.0044,11.44,-37.56,7.63,80.3,-79.14,174.27
52.404385,-1.503299,148.1,12.47,4,276.83,19 / 20,46510,2019-09-06 20:53:51:517,-1.9501,-0.5445,10.5724,0.0416,0.0204,9.8065,0.3395,0.0128,0.0454,11.13,-37,8.06,78.51,-79.01,173.17
52.404385,-1.503299,148.1,12.47,4,276.83,19 / 20,46610,2019-09-06 20:53:51:617,-0.6813,1.1164,10.9134,-0.0672,-0.0125,9.8064,-0.1397,-0.0764,-0.016,10.81,-36.87,7.75,77.39,-79.35,173.28
52.404385,-1.503299,148.1,12.47,4,276.83,19 / 20,46709,2019-09-06 20:53:51:716,-1.5229,1.0608,9.9233,-0.0419,-0.0136,9.8065,-0.017,0.0203,0.0094,11.63,-36.19,7.5,77.37,-79,172.61
52.404385,-1.503299,148.1,12.47,4,276.83,19 / 20,46810,2019-09-06 20:53:51:817,-0.9545,-0.086,9.9472,-0.0084,0.0013,9.8066,0.0062,0.0976,-0.0717,10.88,-36.81,7.56,77.29,-79.06,172.28
52.404385,-1.503299,148.1,12.47,4,276.83,19 / 20,46909,2019-09-06 20:53:51:916,-1.9143,0.7468,9.1407,-0.0042,-0.0313,9.8065,0.026,-0.0591,0.0744,11.56,-37.12,7.75,77.4,-78.85,171.31
52.404385,-1.503299,148.1,12.47,4,276.83,19 / 20,47009,2019-09-06 20:53:52:016,-0.0653,-0.6199,8.8541,0.0355,-0.0116,9.8066,-0.115,-0.0088,-0.0667,11.5,-37.81,7.75,78.34,-78.76,170.98
52.40448,-1.505295,148.7,16.61,4,273.56,19 / 20,47110,2019-09-06 20:53:52:117,-0.4818,-1.3142,8.4761,0.0327,-0.0203,9.8065,-0.1507,-0.0518,-0.0814,12.19,-37.25,8.31,75.45,-78.97,169.97
52.40448,-1.505295,148.7,16.61,4,273.56,19 / 20,47210,2019-09-06 20:53:52:217,0.0738,0.3198,10.1739,0.0194,-0.0159,9.8066,0.0013,-0.009,-0.0337,11.88,-36.81,8.81,67.36,-79.23,168.28
52.40448,-1.505295,148.7,16.61,4,273.56,19 / 20,47310,2019-09-06 20:53:52:317,-0.3698,-0.9477,10.4204,-0.0182,0.0108,9.8066,-0.0836,0.0912,0.0513,12.06,-36.56,8.38,72.41,-79.12,167.81
52.40448,-1.505295,148.7,16.61,4,273.56,19 / 20,47409,2019-09-06 20:53:52:416,-0.7626,-1.2344,10.0916,0.0232,0.021,9.8065,-0.1375,0.1335,0.1453,12.06,-37.06,8.69,69.54,-78.86,169.04
52.40448,-1.505295,148.7,16.61,4,273.56,19 / 20,47510,2019-09-06 20:53:52:517,-1.4351,-0.7302,10.232,0.0289,0.0103,9.8065,-0.0072,0.0954,-0.1676,11.5,-36.12,8.38,74.05,-79.02,169.76
52.40448,-1.505295,148.7,16.61,4,273.56,19 / 20,47610,2019-09-06 20:53:52:617,-1.0544,-0.9792,10.3463,-0.0003,0.0097,9.8066,-0.082,0.1472,-0.0874,12,-37.06,8.94,69.91,-79.07,169.92
52.40448,-1.505295,148.7,16.61,4,273.56,19 / 20,47710,2019-09-06 20:53:52:717,-0.1696,-1.0926,9.9575,-0.0039,-0.0188,9.8066,-0.0968,0.0483,-0.006,11.69,-37,9.25,70.45,-79.08,170.4
52.40448,-1.505295,148.7,16.61,4,273.56,19 / 20,47809,2019-09-06 20:53:52:816,1.2895,-0.6443,8.8446,0.0325,0.0098,9.8066,-0.0879,0.0774,0.0224,11.69,-36.87,9.25,70.22,-78.99,169.97
52.40448,-1.505295,148.7,16.61,4,273.56,19 / 20,47909,2019-09-06 20:53:52:916,-0.5586,-1.5223,9.9584,0.0178,0.0108,9.8065,0.0755,0.0084,-0.0103,11.88,-37.12,9.5,64.79,-79.19,170.12
52.40448,-1.505295,148.7,16.61,4,273.56,19 / 20,48009,2019-09-06 20:53:53:016,0.2341,-1.3262,10.0542,-0.0247,-0.0001,9.8066,0.0635,-0.0062,-0.0319,11.94,-36.81,9.81,64.42,-79.23,169.93
52.40448,-1.505295,148.7,16.61,4,273.56,19 / 20,48110,2019-09-06 20:53:53:117,1.2063,-0.577,10.5636,0.0165,0.0069,9.8066,0.1085,0.1682,-0.005,12,-36.25,10.31,64.53,-79.09,170.36
52.40448,-1.505295,148.7,16.61,4,273.56,19 / 20,48210,2019-09-06 20:53:53:217,-1.2106,-2.2586,9.4433,-0.0619,-0.0354,9.8063,0.1485,0.1642,0.0154,12.06,-36.12,10.19,66.35,-78.89,171.34
52.40448,-1.505295,148.7,16.61,4,273.56,19 / 20,48310,2019-09-06 20:53:53:317,-0.7187,-1.52,9.8615,-0.0638,-0.0218,9.8064,-0.1858,-0.0807,-0.0359,12.19,-36.31,10.31,65.08,-78.95,170.48
52.40448,-1.505295,148.7,16.61,4,273.56,19 / 20,48409,2019-09-06 20:53:53:416,-0.387,0.8907,9.5498,0.0232,0.0177,9.8065,-0.036,0.0822,-0.1652,12.31,-36.19,9.88,64.35,-78.81,169.54
52.40448,-1.505295,148.7,16.61,4,273.56,19 / 20,48509,2019-09-06 20:53:53:516,-0.9804,-1.7348,9.8538,0.0299,-0.0049,9.8065,0.0497,0.1094,0.0281,13.13,-35.81,10.38,64.68,-79,169.23
52.40448,-1.505295,148.7,16.61,4,273.56,19 / 20,48609,2019-09-06 20:53:53:616,0.0713,-1.8281,9.984,-0.0159,-0.0222,9.8065,0.0552,0.1492,0.0045,13.13,-35.37,10.38,62.49,-78.94,168.01
52.40448,-1.505295,148.7,16.61,4,273.56,19 / 20,48709,2019-09-06 20:53:53:716,0.0191,-1.1686,10.0299,-0.0002,-0.0182,9.8066,0.0057,0.1007,-0.0596,13.19,-36.31,10.88,57.72,-78.76,166.77
52.40448,-1.505295,148.7,16.61,4,273.56,19 / 20,48809,2019-09-06 20:53:53:816,0.4317,-1.7391,10.0321,-0.0165,0.0064,9.8065,-0.084,0.0633,-0.0823,12.63,-35.69,11.31,57.1,-78.86,166.49
52.40448,-1.505295,148.7,16.61,4,273.56,19 / 20,48910,2019-09-06 20:53:53:917,1.1325,-1.3479,10.1838,0.0031,0.0073,9.8066,0.0986,0.1137,0.0235,13.44,-35.62,10.81,58.1,-78.85,167.24
52.40448,-1.505295,148.7,16.61,4,273.56,19 / 20,49010,2019-09-06 20:53:54:017,1.2607,-1.026,10.0529,-0.0152,-0.007,9.8066,0.127,0.1075,0.0344,13.88,-35.5,11.13,59.35,-78.86,167.67
52.40448,-1.505295,148.7,16.61,4,273.56,19 / 20,49110,2019-09-06 20:53:54:117,0.963,-0.6864,9.9542,-0.0111,-0.0081,9.8066,-0.0347,0.0836,-0.0648,13.44,-35.37,11.19,57.92,-78.69,167.4
52.40448,-1.505295,148.7,16.61,4,273.56,19 / 20,49210,2019-09-06 20:53:54:217,0.8589,-1.1546,10.0886,-0.0073,-0.0046,9.8066,-0.002,0.105,-0.0208,13.5,-35.12,11.63,55.73,-78.71,167.68
52.40448,-1.505295,148.7,16.61,4,273.56,19 / 20,49309,2019-09-06 20:53:54:316,0.7563,-1.1209,9.5253,0.0177,-0.0018,9.8065,0.0379,0.1183,-0.0523,13.81,-35.25,11.5,55.16,-78.73,167.27
52.40448,-1.505295,148.7,16.61,4,273.56,19 / 20,49410,2019-09-06 20:53:54:417,0.46,-1.1296,10.213,0.0109,0.0064,9.8066,0.029,0.0922,0.0185,14,-35.31,11.94,55.15,-78.68,167.17
52.40448,-1.505295,148.7,16.61,4,273.56,19 / 20,49509,2019-09-06 20:53:54:516,0.0182,-1.4376,9.7109,0.0099,-0.0018,9.8066,-0.0525,0.1166,-0.0464,14,-35.19,12.13,55.2,-78.66,167.18
52.40448,-1.505295,148.7,16.61,4,273.56,19 / 20,49609,2019-09-06 20:53:54:616,-0.1906,-1.812,9.6118,-0.0131,0.0024,9.8065,-0.0656,0.1196,0.0077,13.81,-35.31,11.75,55.19,-78.7,167.24
52.40448,-1.505295,148.7,16.61,4,273.56,19 / 20,49709,2019-09-06 20:53:54:716,0.8046,-1.019,9.4064,0.008,0.0026,9.8066,-0.0465,0.1568,-0.0567,13.81,-35.44,12.31,55.71,-78.72,167.68
52.40448,-1.505295,148.7,16.61,4,273.56,19 / 20,49809,2019-09-06 20:53:54:816,1.3193,-1.4451,9.858,0.0199,0.0113,9.8066,-0.013,0.1188,0.0165,13.69,-35.25,12.38,56.44,-78.73,168.27
52.40448,-1.505295,148.7,16.61,4,273.56,19 / 20,49909,2019-09-06 20:53:54:916,1.1479,-0.9536,9.9729,0.0151,0.0059,9.8066,0.0217,0.1159,-0.0376,13.56,-35.12,12.69,52.76,-78.82,168.48
52.40448,-1.505295,148.7,16.61,4,273.56,19 / 20,50009,2019-09-06 20:53:55:016,1.3594,-1.2872,9.9211,-0.0044,-0.0072,9.8065,-0.0858,0.1053,-0.0279,14,-35.62,12.69,53.45,-78.76,168.41
52.40448,-1.505295,148.7,16.61,4,273.56,19 / 20,50110,2019-09-06 20:53:55:117,0.8308,-0.988,10.0855,0.0165,-0.0086,9.8066,-0.0074,0.0717,-0.0631,13.75,-35.25,12.44,55.68,-78.7,167.62
52.40448,-1.505295,148.7,16.61,4,273.56,19 / 20,50209,2019-09-06 20:53:55:216,0.7375,-2.3219,10.2122,-0.0131,-0.0022,9.8066,0.0883,0.1209,-0.0462,13.25,-35.37,12.94,49.2,-78.53,166.78
52.40448,-1.505295,148.7,16.61,4,273.56,19 / 20,50310,2019-09-06 20:53:55:317,-0.8659,-1.2107,10.6838,-0.0202,-0.0169,9.8066,-0.1814,0.0532,-0.0179,13.25,-35,13.5,46.71,-78.24,167.27
52.40448,-1.505295,148.7,16.61,4,273.56,19 / 20,50409,2019-09-06 20:53:55:416,-0.855,-1.9039,8.1284,-0.0019,0.0103,9.8066,-0.1951,0.0778,0.0715,13.44,-35.06,13.63,46.2,-78.4,167.15
52.40448,-1.505295,148.7,16.61,4,273.56,19 / 20,50509,2019-09-06 20:53:55:516,3.0548,-0.5649,8.6736,0.0494,0.026,9.8064,0.2142,0.1038,0.0412,13.38,-35.12,13.69,46.65,-78.48,167.58
52.40448,-1.505295,148.7,16.61,4,273.56,19 / 20,50610,2019-09-06 20:53:55:617,2.466,-0.3367,9.9812,0.024,0.0078,9.8065,0.0748,0.0863,-0.0212,13.25,-34.62,14,44.82,-78.94,166.92
52.40448,-1.505295,148.7,16.61,4,273.56,19 / 20,50710,2019-09-06 20:53:55:717,0.3953,-1.5276,9.6844,0.0152,0.0024,9.8066,0.1376,0.0872,-0.0522,13.19,-34.56,13.94,44.14,-78.94,166.43
52.40448,-1.505295,148.7,16.61,4,273.56,19 / 20,50810,2019-09-06 20:53:55:817,1.1754,-1.6541,9.8536,-0.0305,-0.0026,9.8065,0.0446,0.1246,0.0163,13.44,-34.81,14.5,42.08,-78.54,166.89
52.40448,-1.505295,148.7,16.61,4,273.56,19 / 20,50910,2019-09-06 20:53:55:917,0.1647,-0.652,9.9916,-0.0018,-0.0021,9.8066,-0.11,0.1529,-0.0319,13.19,-34.87,15.25,44.05,-78.34,168.04
52.40448,-1.505295,148.7,16.61,4,273.56,19 / 20,51011,2019-09-06 20:53:56:018,0.1068,-1.8435,9.8832,-0.0085,-0.0086,9.8066,-0.0047,0.0844,0.0742,13.19,-35.5,13.94,47.66,-78.57,168.48
52.40448,-1.505295,148.7,16.61,4,273.56,19 / 20,51110,2019-09-06 20:53:56:117,1.8563,-0.3694,9.4048,-0.0211,-0.0244,9.8066,-0.0416,0.0481,-0.039,12.75,-35.44,13.81,46.52,-78.61,167.7
52.40448,-1.505295,148.7,16.61,4,273.56,19 / 20,51209,2019-09-06 20:53:56:216,1.0792,-0.675,9.3454,0.035,0.0217,9.8065,-0.0244,0.0439,-0.002,13.06,-35.25,14.25,45.73,-78.74,167.29
52.40448,-1.505295,148.7,16.61,4,273.56,19 / 20,51309,2019-09-06 20:53:56:316,1.2528,-1.1418,9.6442,0.0314,0.0218,9.8065,0.1267,0.0297,0.0306,12.5,-34.69,14.13,45.27,-78.85,167.12
52.40448,-1.505295,148.7,16.61,4,273.56,19 / 20,51409,2019-09-06 20:53:56:416,1.0457,-0.8008,11.1783,-0.0344,-0.0256,9.8065,0.1424,0.0655,-0.008,12.31,-34.37,14.31,42.56,-78.65,167.06
52.40448,-1.505295,148.7,16.61,4,273.56,19 / 20,51510,2019-09-06 20:53:56:517,0.2205,-1.2604,10.4713,-0.0247,-0.0126,9.8066,-0.0914,0.0878,0.0053,12,-34.37,14.94,40.07,-78.46,167.55
52.40448,-1.505295,148.7,16.61,4,273.56,19 / 20,51610,2019-09-06 20:53:56:617,0.0838,-0.8997,9.8185,0.0086,0.0312,9.8065,-0.1841,0.1022,0.0383,11.63,-34.5,15.06,41.91,-78.38,168.75
52.40448,-1.505295,148.7,16.61,4,273.56,19 / 20,51709,2019-09-06 20:53:56:716,1.4934,0.5007,9.744,0.0272,0.0228,9.8066,0.0997,0.0369,-0.0121,12.06,-34.69,15.13,42.99,-78.62,169.44
52.40448,-1.505295,148.7,16.61,4,273.56,19 / 20,51809,2019-09-06 20:53:56:816,1.1033,-1.053,9.6575,0.007,-0.0065,9.8065,0.0297,0.0921,-0.0389,12.06,-34.12,15.63,39.84,-78.45,169.69
52.40448,-1.505295,148.7,16.61,4,273.56,19 / 20,51910,2019-09-06 20:53:56:917,0.251,-0.6426,10.1318,-0.0007,0.0076,9.8066,-0.0478,0.0575,-0.022,11.63,-34.81,15.94,40.61,-78.4,169.8
52.40448,-1.505295,148.7,16.61,4,273.56,19 / 20,52010,2019-09-06 20:53:57:017,1.0752,-1.0507,9.9155,0.0032,-0.0089,9.8066,-0.0464,0.081,-0.0172,11.63,-34.06,16.25,40.15,-78.34,169.77
52.40448,-1.505295,148.7,16.61,4,273.56,19 / 20,52110,2019-09-06 20:53:57:117,-0.0526,-0.9966,9.3819,0.0104,-0.009,9.8066,0.0169,0.0531,-0.0455,11.81,-34.56,15.88,40.36,-78.28,169.47
52.40448,-1.505295,148.7,16.61,4,273.56,19 / 20,52209,2019-09-06 20:53:57:216,1.052,0.0789,9.4183,0.0257,0.0232,9.8066,-0.0919,0.0897,-0.0264,11.81,-34.44,15.94,39.4,-78.17,169.04
52.40448,-1.505295,148.7,16.61,4,273.56,19 / 20,52310,2019-09-06 20:53:57:317,0.2611,-0.6533,10.2333,0.0207,0.0264,9.8066,0.0858,0.0383,0.0676,11.56,-33.94,17.13,36.39,-78.29,169.17
52.40448,-1.505295,148.7,16.61,4,273.56,19 / 20,52410,2019-09-06 20:53:57:417,-0.5237,-0.9589,9.75,-0.0214,-0.0192,9.8066,0.0239,0.0389,0.036,11.06,-34.06,16.63,33.22,-78.28,168.93
52.40448,-1.505295,148.7,16.61,4,273.56,19 / 20,52509,2019-09-06 20:53:57:516,0.8778,-0.7097,9.4606,-0.0057,-0.0133,9.8065,-0.0215,0.076,-0.0568,11.75,-34.19,17.25,36.04,-78.18,168.79
52.40448,-1.505295,148.7,16.61,4,273.56,19 / 20,52609,2019-09-06 20:53:57:616,1.6925,0.6009,9.7614,0.0161,0.0169,9.8065,-0.1335,0.1023,0.0143,12.06,-34.37,17.13,36.34,-78.28,169.13
52.40448,-1.505295,148.7,16.61,4,273.56,19 / 20,52709,2019-09-06 20:53:57:716,-0.4291,0.339,10.1239,0.0206,0.0069,9.8066,0.1099,0.1135,-0.0479,11.5,-34.31,16.81,36.43,-78.28,169.19
52.40448,-1.505295,148.7,16.61,4,273.56,19 / 20,52809,2019-09-06 20:53:57:816,0.2424,-1.0239,10.0431,-0.0084,-0.0311,9.8066,0.0582,0.0958,0.0058,11.81,-34.25,17.06,35.73,-78.3,168.71
52.40448,-1.505295,148.7,16.61,4,273.56,19 / 20,52909,2019-09-06 20:53:57:916,0.0722,-0.2292,9.9979,0.0005,-0.0178,9.8065,0.0039,-0.0095,-0.0235,12.06,-34.19,16.88,34.81,-78.04,167.78
52.40448,-1.505295,148.7,16.61,4,273.56,19 / 20,53009,2019-09-06 20:53:58:016,0.5373,-1.0137,10.0524,0.0062,-0.0106,9.8066,0.0269,0.0679,-0.1155,11.94,-33.87,16.94,34.5,-78.04,167.56
52.40448,-1.505295,148.7,16.61,4,273.56,19 / 20,53110,2019-09-06 20:53:58:117,1.1959,-0.5061,9.8917,0.0063,-0.0068,9.8066,-0.0374,0.1041,-0.0166,12.81,-34.5,17.31,36.32,-77.97,166.91
52.40448,-1.505295,148.7,16.61,4,273.56,19 / 20,53209,2019-09-06 20:53:58:216,1.2008,-0.0779,9.6605,0.0107,0.0024,9.8066,0.0114,0.0942,0.0416,12.38,-33.75,17,34.01,-77.93,167.11
52.40448,-1.505295,148.7,16.61,4,273.56,19 / 20,53309,2019-09-06 20:53:58:316,0.0178,0.1909,10.0623,0.0084,0.0007,9.8066,0.0927,0.1051,-0.0633,12.56,-33.81,17.56,33.74,-77.93,167
52.40448,-1.505295,148.7,16.61,4,273.56,19 / 20,53409,2019-09-06 20:53:58:416,0.7694,-1.1324,10.1348,-0.001,-0.0054,9.8065,0.0434,0.0818,-0.0249,12.81,-33.75,17.69,33.07,-77.91,166.5
52.40448,-1.505295,148.7,16.61,4,273.56,19 / 20,53509,2019-09-06 20:53:58:516,0.8329,-0.2417,9.9549,-0.0112,-0.0118,9.8065,-0.0376,0.0515,0.0585,12.44,-34,17.75,30.9,-77.71,166.68
52.40448,-1.505295,148.7,16.61,4,273.56,19 / 20,53609,2019-09-06 20:53:58:616,0.0036,-0.8456,9.5527,-0.0032,0.0151,9.8065,-0.0055,0.0693,0.0669,12.38,-34.06,17.56,32.02,-77.69,167.43
52.40448,-1.505295,148.7,16.61,4,273.56,19 / 20,53709,2019-09-06 20:53:58:716,0.3664,0.2081,9.5677,0.0068,0.0094,9.8066,0.0073,0.0701,-0.0372,11.81,-34.62,16.94,35.67,-77.92,167.91
52.40448,-1.505295,148.7,16.61,4,273.56,19 / 20,53810,2019-09-06 20:53:58:817,1.3234,-1.0657,9.5353,0.0036,-0.0029,9.8065,0.0847,0.1096,-0.0189,12,-33.62,17.06,35.63,-77.94,168.25
52.40448,-1.505295,148.7,16.61,4,273.56,19 / 20,53910,2019-09-06 20:53:58:917,0.4703,-0.5226,9.6276,-0.0148,0.0057,9.8066,-0.0948,0.0225,0.0444,11.31,-33.37,17.31,32.7,-77.93,168.53
52.40448,-1.505295,148.7,16.61,4,273.56,19 / 20,54010,2019-09-06 20:53:59:017,0.8416,1.1122,9.8533,-0.0114,-0.005,9.8066,-0.0742,0.1053,-0.0256,10.94,-33.06,17,33.13,-78.02,168.93
52.40448,-1.505295,148.7,16.61,4,273.56,18 / 20,54109,2019-09-06 20:53:59:116,0.4828,-0.9032,10.173,0.0041,-0.0123,9.8066,-0.0075,0.0898,-0.0404,11.06,-32.87,17.69,29.83,-77.99,168.49
52.40448,-1.505295,148.7,16.61,4,273.56,18 / 20,54210,2019-09-06 20:53:59:217,-0.4385,-0.1707,10.139,-0.0134,-0.0089,9.8065,-0.0438,0.0885,-0.0489,11,-32.37,17.19,31.2,-78.04,167.91
52.40448,-1.505295,148.7,16.61,4,273.56,18 / 20,54310,2019-09-06 20:53:59:317,0.8036,0.0781,9.9503,0.0017,0.0042,9.8066,0.0433,0.0552,0.0018,11.31,-32.81,17.88,28.84,-77.98,167.79
52.40448,-1.505295,148.7,16.61,4,273.56,18 / 20,54410,2019-09-06 20:53:59:417,0.4111,-0.1309,10.4379,-0.0131,-0.0218,9.8066,0.0093,0.0525,-0.0346,10.94,-32.62,17.88,28.46,-77.96,167.5
52.40448,-1.505295,148.7,16.61,4,273.56,18 / 20,54510,2019-09-06 20:53:59:517,0.5891,-0.7143,11.2697,-0.0311,-0.0275,9.8065,-0.0293,0.0765,-0.0582,11,-32.94,18.13,29.23,-77.64,167.76
52.40448,-1.505295,148.7,16.61,4,273.56,18 / 20,54610,2019-09-06 20:53:59:617,0.2118,-0.4982,11.2785,-0.0061,-0.0024,9.8065,0.0977,0.1074,0.0203,11,-32.5,18.44,29.01,-77.52,167.81
52.40448,-1.505295,148.7,16.61,4,273.56,18 / 20,54710,2019-09-06 20:53:59:717,-0.5271,-0.9947,10.6357,-0.0208,-0.0119,9.8065,0.042,0.063,0.0113,11.13,-32.81,17.75,30.31,-77.33,168.24
52.40448,-1.505295,148.7,16.61,4,273.56,18 / 20,54809,2019-09-06 20:53:59:816,1.7811,0.7367,9.9709,0.0132,0.0009,9.8066,-0.0412,0.0444,-0.0029,11.25,-32.12,17.94,29.79,-77.31,168.17
52.40448,-1.505295,148.7,16.61,4,273.56,18 / 20,54909,2019-09-06 20:53:59:916,0.2438,0.6876,10.2026,-0.0016,-0.0119,9.8065,-0.0018,0.0806,-0.0224,10.56,-32.81,18.38,29.42,-77.36,167.66
52.40448,-1.505295,148.7,16.61,4,273.56,18 / 20,55010,2019-09-06 20:54:00:017,-0.2227,-0.51,8.8881,0.0185,0.0118,9.8065,-0.067,0.0763,-0.0644,10.44,-32.75,17.81,25.65,-77.26,167.21
52.40448,-1.505295,148.7,16.61,4,273.56,19 / 20,55110,2019-09-06 20:54:00:117,0.1364,-1.5269,8.7639,-0.0018,-0.014,9.8066,-0.0366,0.1291,-0.0663,11.19,-32.75,17.88,27.29,-77.38,166.23
52.40448,-1.505295,148.7,16.61,4,273.56,19 / 20,55209,2019-09-06 20:54:00:216,0.6487,0.3141,9.4317,0.0165,0.0177,9.8066,0.2193,0.0393,-0.105,10.94,-33.19,18.44,26.41,-77.22,165.51
52.40448,-1.505295,148.7,16.61,4,273.56,19 / 20,55309,2019-09-06 20:54:00:316,1.1184,-1.791,11.0794,-0.0026,0.0004,9.8066,0.0548,0.0792,-0.1049,10.63,-32.56,18.31,26.54,-77.1,165.5
52.40448,-1.505295,148.7,16.61,4,273.56,19 / 20,55410,2019-09-06 20:54:00:417,0.1758,-0.362,10.1682,-0.0026,0.0103,9.8066,-0.0516,0.0671,0.0117,10.19,-33.12,18.56,21.01,-77.02,165.63
52.40448,-1.505295,148.7,16.61,4,273.56,19 / 20,55509,2019-09-06 20:54:00:516,0.71,-0.0718,9.6054,0.006,0.0024,9.8066,-0.0688,0.0683,0.0143,10,-32.81,18.44,23.6,-77.09,165.74
52.40448,-1.505295,148.7,16.61,4,273.56,19 / 20,55609,2019-09-06 20:54:00:616,0.5761,-0.2764,10.6483,0.0117,-0.0105,9.8066,0.1049,0.0311,-0.0532,9.56,-32.06,18.19,22.78,-77.1,165.46
52.40448,-1.505295,148.7,16.61,4,273.56,19 / 20,55710,2019-09-06 20:54:00:717,0.1413,0.073,10.0978,-0.0007,-0.0125,9.8066,0.0437,0.0049,-0.0117,9.06,-31.56,18.44,18.39,-76.93,164.85
52.40448,-1.505295,148.7,16.61,4,273.56,19 / 20,55809,2019-09-06 20:54:00:816,0.4054,-0.2146,9.6388,0.0042,0.01,9.8066,0.0631,0.0079,0.0166,8.25,-31.31,18.69,12.56,-76.8,165.11
52.40448,-1.505295,148.7,16.61,4,273.56,19 / 20,55910,2019-09-06 20:54:00:917,-1.0875,-0.1268,9.8752,0.0185,0.0315,9.8065,0.1287,-0.022,0.0882,8.06,-31.44,18.75,12.79,-76.78,165.26
52.40448,-1.505295,148.7,16.61,4,273.56,19 / 20,56009,2019-09-06 20:54:01:016,-0.523,-0.3153,10.0031,-0.0056,-0.0328,9.8065,-0.1734,-0.0016,-0.0635,8.31,-30.75,18.5,11.83,-77.1,164.76
52.40401,-1.507539,147.26,19.51,16,233.84,17 / 20,56111,2019-09-06 20:54:01:118,-0.2281,0.6211,10.0481,-0.0041,-0.028,9.8066,-0.0088,0.0247,-0.0353,8.81,-30.37,18.63,14.28,-77.13,164.09
52.40401,-1.507539,147.26,19.51,16,233.84,17 / 20,56210,2019-09-06 20:54:01:217,0.0631,0.9626,9.5831,0.0131,0.0157,9.8066,0.1899,-0.0183,-0.0194,7.94,-30,17.56,12.3,-76.85,163.79
52.40401,-1.507539,147.26,19.51,16,233.84,17 / 20,56309,2019-09-06 20:54:01:316,-0.3153,0.5474,10.7287,0.0126,0.0062,9.8066,0.1412,0.0239,-0.0313,7.63,-29.75,16.56,14.25,-76.7,163.49
52.40401,-1.507539,147.26,19.51,16,233.84,17 / 20,56410,2019-09-06 20:54:01:417,1.0973,0.7562,10.0598,0.0365,0.0089,9.8066,0.1969,-0.0598,0.0921,6.56,-29.37,16.31,11.44,-76.31,163.02
52.40401,-1.507539,147.26,19.51,16,233.84,17 / 20,56510,2019-09-06 20:54:01:517,2.0142,1.1722,8.1663,0.0154,-0.0388,9.8065,-0.338,0.4175,-0.1557,5.56,-28.62,16.56,2.27,-76.28,161.9
52.40401,-1.507539,147.26,19.51,16,233.84,17 / 20,56610,2019-09-06 20:54:01:617,3.0772,1.9424,7.362,0.0138,0.0642,9.8064,0.1163,0.4283,-0.0892,5.06,-29.69,16.63,354.51,-76.01,160.53
52.40401,-1.507539,147.26,19.51,16,233.84,17 / 20,56710,2019-09-06 20:54:01:717,-2.2654,1.6313,8.553,0.0008,-0.0079,9.8066,-0.1091,-0.1091,0.3614,4.56,-30.37,18,352.74,-76.26,160.19
52.40401,-1.507539,147.26,19.51,16,233.84,17 / 20,56810,2019-09-06 20:54:01:817,2.11,0.3901,9.765,0.0161,0.0387,9.8065,0.0464,-0.1151,-0.0136,4.69,-30.94,17.81,356.64,-76.43,162.52
52.40401,-1.507539,147.26,19.51,16,233.84,17 / 20,56910,2019-09-06 20:54:01:917,-0.4948,1.1619,9.9312,-0.0079,0.0068,9.8066,-0.0001,0.0088,-0.0218,4.19,-31.94,20.13,349.58,-76.48,162.36
52.40401,-1.507539,147.26,19.51,16,233.84,17 / 20,57009,2019-09-06 20:54:02:016,-0.0722,0.8347,10.3186,-0.0022,-0.0002,9.8065,0.1312,-0.0291,0.0445,5.31,-30.31,21.19,353.63,-76.31,162.51
52.40401,-1.507539,147.26,19.51,16,233.84,16 / 20,57110,2019-09-06 20:54:02:117,-0.0969,1.368,10.2693,0.0103,0.0221,9.8065,0.044,-0.0324,-0.0289,7.19,-30.12,22.31,0.48,-76.25,162.67
52.40401,-1.507539,147.26,19.51,16,233.84,16 / 20,57210,2019-09-06 20:54:02:217,0.213,1.4064,10.1011,0.0081,-0.0162,9.8066,0.0625,-0.0283,-0.0095,8.06,-28.75,20.94,5.01,-76.18,162.47
52.40401,-1.507539,147.26,19.51,16,233.84,16 / 20,57309,2019-09-06 20:54:02:316,0.1011,0.7146,10.2477,0.0006,-0.0103,9.8066,0.0403,0.0153,0.033,8.75,-29.5,20.25,9.79,-76.01,162.16
52.40401,-1.507539,147.26,19.51,16,233.84,16 / 20,57409,2019-09-06 20:54:02:416,-1.2406,0.4295,9.9203,-0.011,-0.0068,9.8066,-0.0995,0.0075,0.0564,8.81,-30.5,19.88,10.45,-75.97,162.47
52.40401,-1.507539,147.26,19.51,16,233.84,16 / 20,57509,2019-09-06 20:54:02:516,-0.1389,1.9607,9.5812,-0.001,-0.0011,9.8066,-0.0234,0.0523,-0.0513,8.56,-30.62,20.13,10.8,-75.99,162.58
52.40401,-1.507539,147.26,19.51,16,233.84,16 / 20,57609,2019-09-06 20:54:02:616,-0.9855,0.4929,10.1972,0.0061,-0.0203,9.8065,0.0856,-0.022,-0.0646,8.31,-31.62,20.06,6.04,-76,161.89
52.40401,-1.507539,147.26,19.51,16,233.84,16 / 20,57709,2019-09-06 20:54:02:716,-0.4356,1.3997,9.6379,0.0228,0.008,9.8066,0.0792,-0.0437,-0.0443,8.75,-31.94,20.56,6.29,-75.92,160.77
52.40401,-1.507539,147.26,19.51,16,233.84,16 / 20,57809,2019-09-06 20:54:02:816,-0.6417,0.636,9.5978,0.0116,-0.0258,9.8065,-0.1173,0.027,-0.0715,8.31,-31.69,20.88,1.26,-75.96,159.93
52.40401,-1.507539,147.26,19.51,16,233.84,16 / 20,57909,2019-09-06 20:54:02:916,0.4829,1.6387,9.1134,0.0007,-0.0378,9.8065,-0.1218,0.0075,-0.0557,8.75,-31.5,20.56,3.18,-75.76,158.82
52.40401,-1.507539,147.26,19.51,16,233.84,16 / 20,58010,2019-09-06 20:54:03:017,-0.3165,1.0296,9.9697,0.0129,0.0194,9.8066,0.0509,0.0405,0.0269,9.25,-31.56,20.44,3.79,-75.75,158.09
52.40401,-1.507539,147.26,19.51,16,233.84,16 / 19,58109,2019-09-06 20:54:03:116,0.4241,1.3286,10.3111,-0.002,0.003,9.8066,0.0687,0.0214,-0.0106,9.25,-31.94,20.88,1.61,-75.74,157.81
52.40401,-1.507539,147.26,19.51,16,233.84,16 / 19,58210,2019-09-06 20:54:03:217,-0.177,0.5835,10.3935,-0.0061,-0.0214,9.8066,0.0082,0.0433,-0.0321,9.44,-31.94,20.69,1.78,-75.62,157.91
52.40401,-1.507539,147.26,19.51,16,233.84,16 / 19,58310,2019-09-06 20:54:03:317,0.057,0.2623,9.9384,-0.0049,-0.0122,9.8066,0.0567,0.059,0.0123,9.75,-31.87,20.38,7.53,-75.4,158.01
52.40401,-1.507539,147.26,19.51,16,233.84,16 / 19,58410,2019-09-06 20:54:03:417,-1.3321,1.5692,9.553,-0.009,0.006,9.8066,-0.096,0.0193,-0.1053,9.38,-31.31,20.94,2.04,-75.32,158.08
52.40401,-1.507539,147.26,19.51,16,233.84,16 / 19,58510,2019-09-06 20:54:03:517,-0.0709,1.1192,10.252,0.0121,-0.0062,9.8066,-0.036,-0.0168,-0.0188,9.06,-31.31,20.88,1.76,-75.3,157.9
52.40401,-1.507539,147.26,19.51,16,233.84,16 / 19,58610,2019-09-06 20:54:03:617,-0.1854,0.9495,10.2432,0.0058,-0.0039,9.8066,0.0354,0.0248,-0.0349,9.56,-31.87,21.38,4.85,-75.24,157.53
52.40401,-1.507539,147.26,19.51,16,233.84,16 / 19,58710,2019-09-06 20:54:03:717,-0.7325,0.8355,10.1946,-0.0015,0.0039,9.8066,0.056,0.0695,-0.0331,9.44,-31.31,21.5,359.52,-75.06,157.45
52.40401,-1.507539,147.26,19.51,16,233.84,16 / 19,58809,2019-09-06 20:54:03:816,-0.8667,0.7787,9.9011,-0.0072,-0.005,9.8066,-0.0148,-0.0072,0.0765,9.31,-31.87,21.25,1.21,-74.91,157.53
52.40401,-1.507539,147.26,19.51,16,233.84,16 / 19,58909,2019-09-06 20:54:03:916,0.4971,1.0084,9.8976,-0.0128,0.0026,9.8065,-0.0613,0.0001,-0.0418,9.88,-31.81,20.75,5.99,-74.85,158.17
52.40401,-1.507539,147.26,19.51,16,233.84,16 / 19,59009,2019-09-06 20:54:04:016,-0.2302,-0.6353,9.5461,0.0154,0.0059,9.8066,-0.0316,-0.0537,-0.0129,9.31,-31.94,20.38,4.51,-74.94,158.42
52.40401,-1.507539,147.26,19.51,16,233.84,18 / 20,59109,2019-09-06 20:54:04:116,-0.8176,0.9291,9.8969,0.0069,0.0131,9.8065,-0.0298,-0.039,0.0342,10.25,-31.19,20.44,7.15,-75.1,157.8
52.40401,-1.507539,147.26,19.51,16,233.84,18 / 20,59209,2019-09-06 20:54:04:216,0.3084,0.9383,10.2599,-0.0192,-0.025,9.8065,-0.0223,-0.0734,0.0504,9.88,-31.5,20.75,4.87,-75.27,157.6
52.40401,-1.507539,147.26,19.51,16,233.84,18 / 20,59310,2019-09-06 20:54:04:317,-0.5194,1.5043,10.6294,-0.0118,-0.0232,9.8065,-0.0415,-0.0724,-0.0352,9.5,-31.12,20.63,6,-75.17,158.29
52.40401,-1.507539,147.26,19.51,16,233.84,18 / 20,59409,2019-09-06 20:54:04:416,-0.3894,0.319,10.9225,0.0037,-0.0077,9.8066,0.179,-0.0247,0.062,9.63,-31,21.63,5.07,-74.79,158.75
52.40401,-1.507539,147.26,19.51,16,233.84,18 / 20,59509,2019-09-06 20:54:04:516,-0.6677,0.7239,10.2947,0.0049,0.008,9.8066,0.0992,-0.0301,0.0583,9.38,-31,21.13,3.59,-74.62,158.97
52.40401,-1.507539,147.26,19.51,16,233.84,18 / 20,59610,2019-09-06 20:54:04:617,-0.3797,1.16,9.706,0.0035,0.0171,9.8066,-0.04,0.0313,-0.0027,9.13,-31.44,20.81,4.32,-74.62,159.41
52.40401,-1.507539,147.26,19.51,16,233.84,18 / 20,59709,2019-09-06 20:54:04:716,-0.6853,0.7621,9.7974,0.0089,0.0197,9.8065,0.0146,0.0567,0.052,9.25,-31.81,20.81,3.77,-74.91,159.07
52.40401,-1.507539,147.26,19.51,16,233.84,18 / 20,59810,2019-09-06 20:54:04:817,-0.6561,1.3483,9.5936,-0.0008,-0.0062,9.8066,0.0117,0.0167,-0.0036,8.69,-31.81,21.06,3.53,-75.03,158.94
52.40401,-1.507539,147.26,19.51,16,233.84,18 / 20,59910,2019-09-06 20:54:04:917,-0.2092,1.4812,10.1393,0.0059,-0.0064,9.8066,0.0572,0.0108,-0.028,8.75,-31.81,21.38,3.18,-74.94,158.72
52.40401,-1.507539,147.26,19.51,16,233.84,18 / 20,60010,2019-09-06 20:54:05:017,-0.5247,1.114,10.8479,-0.0063,-0.0316,9.8065,0.1105,0.0066,0.0226,8.63,-31.69,21.63,1.39,-74.75,158.6
52.40401,-1.507539,147.26,19.51,16,233.84,18 / 20,60109,2019-09-06 20:54:05:116,-0.6878,0.4147,10.6324,-0.0008,0.002,9.8065,0.1278,-0.0149,0.0432,8.19,-31.31,21.44,359.51,-74.48,158.86
52.40401,-1.507539,147.26,19.51,16,233.84,18 / 20,60210,2019-09-06 20:54:05:217,-0.1418,-0.0671,10.3943,-0.0115,-0.0207,9.8065,-0.1131,-0.0466,0.0464,8.63,-31.69,22,2.32,-74.53,159.15
52.40401,-1.507539,147.26,19.51,16,233.84,18 / 20,60310,2019-09-06 20:54:05:317,0.115,1.0142,9.8397,-0.013,0.0001,9.8066,-0.117,0.0071,-0.0258,8.69,-31.12,20.94,4.41,-74.54,159.46
52.40401,-1.507539,147.26,19.51,16,233.84,18 / 20,60410,2019-09-06 20:54:05:417,-0.7226,1.3774,9.3047,0.0028,0.0092,9.8066,0.0469,0.005,-0.0278,8.13,-31.5,21.5,359.54,-74.67,159.74
52.40401,-1.507539,147.26,19.51,16,233.84,18 / 20,60510,2019-09-06 20:54:05:517,-0.6334,1.3512,9.898,0.0149,-0.0051,9.8066,0.013,0.0147,-0.075,8.44,-31.5,21.75,358.72,-74.65,159.23
52.40401,-1.507539,147.26,19.51,16,233.84,18 / 20,60610,2019-09-06 20:54:05:617,-0.5823,-0.1311,10.5536,0.0069,-0.0395,9.8065,-0.0393,0.0645,-0.1075,8,-30.87,22.56,355.88,-74.54,158.25
52.40401,-1.507539,147.26,19.51,16,233.84,18 / 20,60709,2019-09-06 20:54:05:716,0.0318,1.1827,10.7504,0.01,-0.0258,9.8065,0.0014,0.0202,-0.0077,8.38,-30.5,23.13,354.72,-74.11,157.52
52.40401,-1.507539,147.26,19.51,16,233.84,18 / 20,60809,2019-09-06 20:54:05:816,-0.59,0.9329,10.3383,-0.0098,-0.0091,9.8066,0.1128,-0.0173,0.0621,8.69,-30.25,23.13,357.97,-73.93,157.36
52.40401,-1.507539,147.26,19.51,16,233.84,18 / 20,60909,2019-09-06 20:54:05:916,-0.0578,0.9716,10.1208,-0.0073,0.0052,9.8066,0.0905,-0.0668,-0.0013,9.38,-28.87,22.63,358.98,-73.87,157.98
52.40401,-1.507539,147.26,19.51,16,233.84,18 / 20,61009,2019-09-06 20:54:06:016,-0.4928,0.2333,9.6786,0.0041,0.0217,9.8066,0.0358,0.0129,0.0176,10.75,-27.62,22.56,6.03,-73.97,158.41
52.40401,-1.507539,147.26,19.51,16,233.84,18 / 20,61110,2019-09-06 20:54:06:117,0.56,-0.7723,9.7051,0.0037,0.0141,9.8066,0.0255,-0.0098,0.0634,11.25,-26.94,22.19,7.42,-74.24,158.37
52.40401,-1.507539,147.26,19.51,16,233.84,18 / 20,61209,2019-09-06 20:54:06:216,-1.2796,1.573,9.0884,-0.0174,-0.0106,9.8066,0.0094,0.129,-0.0395,11.5,-26.25,21.44,12.69,-74.42,158.85
52.40401,-1.507539,147.26,19.51,16,233.84,18 / 20,61310,2019-09-06 20:54:06:317,-0.398,1.5157,9.7385,0.007,-0.0046,9.8066,0.027,0.0059,0.0272,11.5,-25.75,22.19,11.19,-74.42,159.08
52.40401,-1.507539,147.26,19.51,16,233.84,18 / 20,61410,2019-09-06 20:54:06:417,-0.0598,1.0182,11.007,0.0008,-0.0152,9.8066,-0.0162,0.0214,0.0519,11.31,-26.31,21.63,7.98,-74.38,158.86
52.40401,-1.507539,147.26,19.51,16,233.84,18 / 20,61509,2019-09-06 20:54:06:516,-2.8856,-0.1128,11.5977,-0.0594,-0.0722,9.8061,-0.1274,0.057,-0.0916,11.25,-27.19,21.13,9.72,-74.4,158.76
52.40401,-1.507539,147.26,19.51,16,233.84,18 / 20,61609,2019-09-06 20:54:06:616,-2.3275,2.4093,9.3638,0.0561,0.1015,9.8059,0.1552,-0.082,-0.0511,11.38,-29.75,20.5,12.66,-73.83,160.09
52.40401,-1.507539,147.26,19.51,16,233.84,18 / 20,61709,2019-09-06 20:54:06:716,-0.9379,1.4669,9.3167,0.0566,0.1217,9.8057,0.2254,0.0233,-0.0765,10.63,-31.19,19.94,13.37,-74.68,159.33
52.40401,-1.507539,147.26,19.51,16,233.84,18 / 20,61809,2019-09-06 20:54:06:816,-0.7759,0.7893,9.7884,-0.0331,-0.069,9.8063,0.0043,-0.0007,0.0225,10.25,-32.5,21.5,5.79,-74.56,159.1
52.40401,-1.507539,147.26,19.51,16,233.84,18 / 20,61909,2019-09-06 20:54:06:916,-0.4132,1.003,10.6465,-0.019,-0.0322,9.8065,0.1088,-0.01,-0.0018,9.63,-33.62,22,7.32,-74.13,159.79
52.40401,-1.507539,147.26,19.51,16,233.84,18 / 20,62010,2019-09-06 20:54:07:017,-0.4014,-0.1309,9.7047,-0.011,-0.0223,9.8066,-0.128,-0.0252,0.0416,9.19,-33.37,22.63,2.13,-74.16,159.9
52.40401,-1.507539,147.26,19.51,16,233.84,17 / 19,62110,2019-09-06 20:54:07:117,-0.6107,0.8769,8.7178,0.0034,-0.0117,9.8066,-0.2107,-0.009,0.0011,9.19,-33.37,22.81,2.26,-74.15,159.98
52.40401,-1.507539,147.26,19.51,16,233.84,17 / 19,62209,2019-09-06 20:54:07:216,-0.6562,1.0874,9.1208,0.021,0.0452,9.8065,0.1347,0.0143,-0.0205,9.13,-33.25,23.44,1.76,-74.25,159.69
52.40401,-1.507539,147.26,19.51,16,233.84,17 / 19,62310,2019-09-06 20:54:07:317,-0.834,-0.103,10.4675,0.0194,0.0508,9.8065,0.1849,0.0086,-0.0266,9.81,-31.94,22.88,4.19,-74.57,159.12
52.40401,-1.507539,147.26,19.51,16,233.84,17 / 19,62409,2019-09-06 20:54:07:416,-1.0787,0.1409,10.2504,-0.0241,-0.0568,9.8064,-0.0952,-0.0056,0.0128,10.19,-31.69,22.94,4.15,-74.51,159.09
52.40401,-1.507539,147.26,19.51,16,233.84,17 / 19,62509,2019-09-06 20:54:07:516,-0.906,0.3255,10.3654,-0.0172,-0.042,9.8065,-0.0696,0.0219,-0.0274,10.13,-31.87,22.56,4.52,-74.39,159.3
52.40401,-1.507539,147.26,19.51,16,233.84,17 / 19,62609,2019-09-06 20:54:07:616,-0.6398,0.244,9.8483,-0.0012,0.0145,9.8066,0.0312,-0.0075,0.0101,9.81,-30.19,21.63,6.46,-74.08,159.57
52.40401,-1.507539,147.26,19.51,16,233.84,17 / 19,62709,2019-09-06 20:54:07:716,-1.2356,0.6774,9.9081,0.0032,0.0126,9.8066,0.0483,-0.0315,0.0232,8.56,-29.62,21.5,3.16,-74.25,159.71
52.40401,-1.507539,147.26,19.51,16,233.84,17 / 19,62810,2019-09-06 20:54:07:817,-0.5315,0.9088,9.5327,-0.0045,0.0008,9.8066,-0.0561,-0.053,0.0039,7.81,-29,22.06,359.46,-74.37,159.68
52.40401,-1.507539,147.26,19.51,16,233.84,17 / 19,62910,2019-09-06 20:54:07:917,-0.4229,0.5818,9.8366,0.0038,0.0109,9.8066,0.0174,-0.0213,-0.032,8.88,-28.94,22.31,3.16,-74.47,159.77
52.40401,-1.507539,147.26,19.51,16,233.84,17 / 19,63010,2019-09-06 20:54:08:017,-1.013,0.3122,9.6649,-0.0056,-0.004,9.8066,0.0525,-0.0012,0.0063,9.81,-28.06,22.5,4.77,-74.37,159.66
52.40401,-1.507539,147.26,19.51,16,233.84,17 / 19,63110,2019-09-06 20:54:08:117,-0.9865,0.4273,9.6658,0.0092,0.013,9.8066,0.0624,-0.0433,0.031,9.88,-28.87,21.69,6.71,-74.31,159.84
52.40401,-1.507539,147.26,19.51,16,233.84,17 / 19,63209,2019-09-06 20:54:08:216,-1.1569,0.3871,9.688,0.0022,0.0029,9.8066,0.0042,0.0519,-0.0515,9,-30.06,21.38,4.62,-74.42,159.62
52.40401,-1.507539,147.26,19.51,16,233.84,17 / 19,63310,2019-09-06 20:54:08:317,-0.9844,0.7447,9.8675,0.0071,-0.0151,9.8066,0.0448,0.0049,0.0342,9.38,-31.19,21.56,2.09,-74.48,159.03
52.40401,-1.507539,147.26,19.51,16,233.84,17 / 19,63410,2019-09-06 20:54:08:417,-0.4597,2.263,10.7343,-0.0153,-0.0248,9.8065,-0.0267,0.0159,-0.0373,9.06,-31.25,22.13,1.62,-74.47,158.75
52.40401,-1.507539,147.26,19.51,16,233.84,17 / 19,63509,2019-09-06 20:54:08:516,-1.2257,0.9896,9.8293,-0.0342,-0.0615,9.8063,-0.1233,-0.0399,0.0115,9.31,-31.31,22.38,2.86,-74.22,159.49
52.40401,-1.507539,147.26,19.51,16,233.84,17 / 19,63610,2019-09-06 20:54:08:617,-0.9452,2.8332,9.177,0.0331,0.0974,9.806,0.229,-0.0161,-0.0076,8.5,-31.56,21.88,3.23,-74.19,159.67
52.40401,-1.507539,147.26,19.51,16,233.84,17 / 19,63709,2019-09-06 20:54:08:716,-0.4343,2.1523,9.2321,0.0356,0.0752,9.8062,0.0782,-0.0605,0.0198,9,-31.87,22.38,3.05,-74.21,159.57
52.40401,-1.507539,147.26,19.51,16,233.84,17 / 19,63809,2019-09-06 20:54:08:816,-1.7601,0.6304,10.1181,-0.0003,-0.033,9.8065,0.0567,-0.1438,0.0095,8.94,-31.25,22.63,0.39,-74.54,158.88
52.40401,-1.507539,147.26,19.51,16,233.84,17 / 19,63909,2019-09-06 20:54:08:916,-1.7111,0.8464,9.5175,0.0172,0.0153,9.8065,0.1729,-0.1057,0.0078,9.75,-31.62,22.56,2.85,-74.45,158.27
52.40401,-1.507539,147.26,19.51,16,233.84,17 / 19,64009,2019-09-06 20:54:09:016,-0.7577,0.2747,9.2362,0.0107,0.0058,9.8066,-0.1172,-0.106,0.0354,9.69,-31.44,21.38,5.92,-74.45,158.13
52.40401,-1.507539,147.26,19.51,16,233.84,18 / 20,64111,2019-09-06 20:54:09:118,-0.8918,1.9777,9.2482,0.0103,0.0106,9.8066,-0.0677,-0.0952,0.0481,9.69,-31.44,21.31,5.41,-74.56,157.83
52.40401,-1.507539,147.26,19.51,16,233.84,18 / 20,64209,2019-09-06 20:54:09:216,-1.107,0.7494,9.7203,-0.0066,0.0048,9.8066,0.0435,-0.108,0.0463,9.69,-31.56,21.81,4.15,-74.64,158.1
52.40401,-1.507539,147.26,19.51,16,233.84,18 / 20,64309,2019-09-06 20:54:09:316,-1.4726,0.1456,9.6804,-0.0101,-0.0015,9.8066,-0.0382,-0.0639,-0.0319,9.94,-31.44,21.81,4.76,-74.66,158.53
52.40401,-1.507539,147.26,19.51,16,233.84,18 / 20,64410,2019-09-06 20:54:09:417,-0.9956,1.885,9.5679,0.0043,0.0111,9.8066,0.0406,-0.09,0.0565,10.13,-31.5,21.31,6.69,-74.71,158.65
52.40401,-1.507539,147.26,19.51,16,233.84,18 / 20,64509,2019-09-06 20:54:09:516,-0.1511,1.5555,9.769,0.0001,0.0071,9.8066,-0.0462,0.0002,-0.0234,10.69,-32,21.63,8.29,-74.82,158.62
52.40401,-1.507539,147.26,19.51,16,233.84,18 / 20,64610,2019-09-06 20:54:09:617,-1.3495,0.9445,9.4937,0.006,0.0206,9.8066,0.0705,-0.1403,0.0015,10.13,-32.06,22,5.12,-74.7,158.71
52.40401,-1.507539,147.26,19.51,16,233.84,18 / 20,64710,2019-09-06 20:54:09:717,-1.7288,1.7568,9.8653,0.0039,0.0156,9.8066,0.0696,-0.1157,-0.0416,10.31,-31.44,21.44,6.95,-74.82,158.82
52.40401,-1.507539,147.26,19.51,16,233.84,18 / 20,64809,2019-09-06 20:54:09:816,-1.5004,0.7741,9.4744,0.0001,-0.0071,9.8066,-0.167,-0.093,0.0942,10.31,-32.31,21.69,4.92,-74.92,158.62
52.40401,-1.507539,147.26,19.51,16,233.84,18 / 20,64910,2019-09-06 20:54:09:917,-1.1508,1.4997,9.4722,-0.008,-0.0021,9.8066,-0.0702,-0.0416,0.0186,10.5,-32.37,21.56,8.11,-74.98,158.55
52.40401,-1.507539,147.26,19.51,16,233.84,18 / 20,65010,2019-09-06 20:54:10:017,-2.0363,1.4467,9.7136,-0.0032,-0.0022,9.8066,-0.008,-0.087,0.0174,10.69,-32.06,21.69,8.76,-74.93,158.94
52.403095,-1.509491,145.37,17.74,8,237.81,19 / 20,65111,2019-09-06 20:54:10:118,-2.2711,0.888,9.4978,-0.0011,0.013,9.8065,-0.0046,-0.0822,0.0091,10.5,-32.44,21.56,8.86,-74.92,159
52.403095,-1.509491,145.37,17.74,8,237.81,19 / 20,65210,2019-09-06 20:54:10:217,-1.4708,0.7303,9.7376,0.0062,0.0012,9.8066,0.0081,-0.0763,0.0043,10.56,-32.06,20.94,10.92,-75.02,159.12
52.403095,-1.509491,145.37,17.74,8,237.81,19 / 20,65309,2019-09-06 20:54:10:316,-1.7975,1.756,9.0612,0.003,0.0147,9.8066,-0.0541,-0.058,-0.0184,11.25,-32.56,21.13,11.03,-75.05,159.07
52.403095,-1.509491,145.37,17.74,8,237.81,19 / 20,65409,2019-09-06 20:54:10:416,-1.95,1.3646,9.4929,0.0051,0.0201,9.8066,-0.0234,-0.0677,0.0267,10.31,-32.25,20.44,9.5,-75.16,159.15
52.403095,-1.509491,145.37,17.74,8,237.81,19 / 20,65510,2019-09-06 20:54:10:517,-1.5101,1.0298,9.4958,-0.0143,-0.0004,9.8065,-0.0946,-0.0735,0.0335,10.75,-33,19.94,13.04,-75.47,159.12
52.403095,-1.509491,145.37,17.74,8,237.81,19 / 20,65609,2019-09-06 20:54:10:616,-2.2263,1.5516,9.4759,-0.0144,-0.0002,9.8066,-0.0367,-0.0841,0.0379,10.81,-32.06,20.25,13.91,-75.61,159.87
52.403095,-1.509491,145.37,17.74,8,237.81,19 / 20,65710,2019-09-06 20:54:10:717,-1.9514,1.7551,9.5794,0.0101,0.0081,9.8066,0.0784,-0.0933,-0.0039,11.25,-33.19,20,14.12,-75.66,159.87
52.403095,-1.509491,145.37,17.74,8,237.81,19 / 20,65810,2019-09-06 20:54:10:817,-1.6277,2.0794,10.1137,0.0023,-0.006,9.8066,0.0357,-0.0992,0.0179,11.5,-33,19.81,16.74,-75.67,159.48
52.403095,-1.509491,145.37,17.74,8,237.81,19 / 20,65909,2019-09-06 20:54:10:916,-1.9403,1.4241,9.7155,0.0166,0.0103,9.8065,-0.0529,-0.0903,0.0028,10.88,-32.81,19.88,13.13,-75.71,159.27
52.403095,-1.509491,145.37,17.74,8,237.81,19 / 20,66009,2019-09-06 20:54:11:016,-1.2803,1.8435,9.8094,0.0003,0.0089,9.8066,-0.0085,-0.1729,0.0774,11.81,-33,19.75,15.59,-75.76,158.79
52.403095,-1.509491,145.37,17.74,8,237.81,19 / 20,66109,2019-09-06 20:54:11:116,-2.3833,1.3533,10.1497,-0.0038,0.0121,9.8065,0.0498,-0.1371,0.0722,11.75,-33.19,19.5,16.17,-75.91,159.23
52.403095,-1.509491,145.37,17.74,8,237.81,19 / 20,66209,2019-09-06 20:54:11:216,-2.3454,1.6692,9.3832,-0.0094,0.0109,9.8065,0.0408,-0.1284,0.0039,11.75,-33.06,19.38,19.81,-75.98,160.04
52.403095,-1.509491,145.37,17.74,8,237.81,19 / 20,66310,2019-09-06 20:54:11:317,-1.6587,2.0326,10.1092,0.0093,0.0068,9.8066,-0.0495,-0.1523,0.075,11.13,-33.31,19.44,16.59,-76.05,160.11
52.403095,-1.509491,145.37,17.74,8,237.81,19 / 20,66410,2019-09-06 20:54:11:417,-2.0283,2.4009,9.6693,-0.0027,0.0046,9.8066,0.0335,-0.1311,0.0248,11.63,-33.31,18.75,19.29,-76.22,159.84
52.403095,-1.509491,145.37,17.74,8,237.81,19 / 20,66510,2019-09-06 20:54:11:517,-2.255,2.1395,9.5097,-0.0002,0.0096,9.8066,0.0452,-0.1678,0.016,11.63,-32.94,18.63,19.48,-76.22,159.97
52.403095,-1.509491,145.37,17.74,8,237.81,19 / 20,66609,2019-09-06 20:54:11:616,-2.4147,2.4955,9.4711,0.0024,0.0177,9.8066,0.0597,-0.1534,0.0149,12.25,-33.31,18.19,22.29,-76.34,160.14
52.403095,-1.509491,145.37,17.74,8,237.81,19 / 20,66709,2019-09-06 20:54:11:716,-1.9098,1.6557,9.1532,-0.0108,-0.0048,9.8066,-0.1464,-0.1682,0.0644,12.38,-33.94,17.44,24.97,-76.67,159.97
52.403095,-1.509491,145.37,17.74,8,237.81,19 / 20,66810,2019-09-06 20:54:11:817,-1.7424,2.5096,9.0325,-0.0068,-0.0015,9.8066,-0.167,-0.1359,0.0517,12.31,-33.56,17.31,25.16,-76.84,160.22
52.403095,-1.509491,145.37,17.74,8,237.81,19 / 20,66910,2019-09-06 20:54:11:917,-1.6301,3.2565,9.2267,0.0105,0.0269,9.8066,0.1464,-0.1526,-0.0165,12.06,-34.19,17.19,24.99,-76.97,160.2
52.403095,-1.509491,145.37,17.74,8,237.81,19 / 20,67010,2019-09-06 20:54:12:017,-2.6349,0.5538,10.0003,0.0312,0.0196,9.8065,0.2328,-0.1613,0.0665,12,-33.94,17.38,24.4,-77.2,160.01
52.403095,-1.509491,145.37,17.74,8,237.81,19 / 20,67109,2019-09-06 20:54:12:116,-2.0542,2.4367,9.2869,-0.0077,0.0046,9.8066,-0.1156,-0.187,0.0453,12.5,-33.56,16.5,27.85,-77.29,160.42
52.403095,-1.509491,145.37,17.74,8,237.81,19 / 20,67210,2019-09-06 20:54:12:217,-1.275,2.8121,8.1539,0.0133,0.0251,9.8065,-0.1479,-0.0698,0.0072,12.19,-34.5,16.38,28.37,-77.56,160.86
52.403095,-1.509491,145.37,17.74,8,237.81,19 / 20,67309,2019-09-06 20:54:12:316,-1.6236,2.3069,8.76,0.0312,0.037,9.8065,-0.0033,-0.1613,0.0103,12.69,-33.94,15.44,33.87,-77.69,160.51
52.403095,-1.509491,145.37,17.74,8,237.81,19 / 20,67410,2019-09-06 20:54:12:417,-1.8162,2.0377,9.9433,0.0381,0.0301,9.8065,0.078,-0.1857,-0.0331,13.06,-34,15.38,32.21,-78.23,159.95
52.403095,-1.509491,145.37,17.74,8,237.81,19 / 20,67509,2019-09-06 20:54:12:516,-1.5741,1.5752,10.142,-0.0189,-0.0366,9.8066,-0.0726,-0.1085,0.0095,12.25,-34.06,15.56,25.99,-78.2,159.84
52.403095,-1.509491,145.37,17.74,8,237.81,19 / 20,67609,2019-09-06 20:54:12:616,-1.3048,1.5888,9.9184,-0.0324,-0.0266,9.8065,-0.0939,-0.068,0.0189,12.75,-34.31,15.38,31.68,-78.11,159.47
52.403095,-1.509491,145.37,17.74,8,237.81,19 / 20,67710,2019-09-06 20:54:12:717,-1.7257,1.2297,9.9497,0.0143,0.014,9.8065,0.0873,-0.1347,0.0427,12.19,-34.25,15.06,30.03,-77.85,160.01
52.403095,-1.509491,145.37,17.74,8,237.81,19 / 20,67810,2019-09-06 20:54:12:817,-1.078,1.5602,9.7954,-0.0029,0.0101,9.8066,-0.0643,-0.0716,-0.0319,13.38,-34.44,14.13,36.85,-77.97,160.4
52.403095,-1.509491,145.37,17.74,8,237.81,19 / 20,67910,2019-09-06 20:54:12:917,-0.8755,2.4747,9.4161,0.0046,0.0117,9.8066,0.0235,-0.1026,0.0534,12.75,-34.31,14.25,36.52,-78.07,160.3
52.403095,-1.509491,145.37,17.74,8,237.81,19 / 20,68010,2019-09-06 20:54:13:017,-1.7505,1.2666,9.4065,-0.0053,0.0098,9.8066,-0.0083,-0.0747,0.0384,12.81,-34.94,13.94,37.74,-78.22,160.94
52.403095,-1.509491,145.37,17.74,8,237.81,19 / 20,68110,2019-09-06 20:54:13:117,-1.2276,1.7364,9.439,-0.0041,0.0175,9.8066,-0.0604,-0.0966,-0.0372,12.81,-34.56,13.31,41.73,-78.39,161.23
52.403095,-1.509491,145.37,17.74,8,237.81,19 / 20,68209,2019-09-06 20:54:13:216,-1.4771,2.7532,9.601,0.0009,0.0043,9.8066,-0.0495,-0.1646,0.0452,13.25,-34.56,13,42.35,-78.54,161.87
52.403095,-1.509491,145.37,17.74,8,237.81,19 / 20,68309,2019-09-06 20:54:13:316,-0.6273,2.3286,9.6492,-0.0006,0.0113,9.8066,-0.0399,-0.1046,0.0427,12.81,-34.87,12.88,42.5,-78.67,162.17
52.403095,-1.509491,145.37,17.74,8,237.81,19 / 20,68409,2019-09-06 20:54:13:416,-1.5822,2.3499,9.4938,-0.0084,0.0084,9.8065,-0.0016,-0.1555,0.0616,13.19,-35,12.69,42.93,-78.84,162.72
52.403095,-1.509491,145.37,17.74,8,237.81,19 / 20,68509,2019-09-06 20:54:13:516,-0.8253,2.5651,9.7608,0.0041,0.0144,9.8066,0.0145,-0.1355,0.0069,13.31,-35.12,12.31,48.26,-78.92,163.77
52.403095,-1.509491,145.37,17.74,8,237.81,19 / 20,68610,2019-09-06 20:54:13:617,-1.0663,2.1022,9.9144,0.0033,0.0151,9.8066,0.0635,-0.1381,0.039,12.88,-34.81,12.75,44.56,-79.03,164.16
52.403095,-1.509491,145.37,17.74,8,237.81,19 / 20,68710,2019-09-06 20:54:13:717,-1.7684,1.8046,9.738,-0.0212,-0.0003,9.8066,-0.0367,-0.1144,0.0384,12.88,-35.19,11.94,49.01,-79.17,164.74
52.403095,-1.509491,145.37,17.74,8,237.81,19 / 20,68810,2019-09-06 20:54:13:817,-0.3483,1.7609,9.9249,-0.0115,0.0009,9.8066,-0.037,-0.1098,-0.0023,13.56,-34.87,12,52.01,-79.11,165.51
52.403095,-1.509491,145.37,17.74,8,237.81,19 / 20,68910,2019-09-06 20:54:13:917,-1.2989,1.1422,9.8804,-0.0017,0.0036,9.8066,0.002,-0.1183,0.066,12.69,-34.94,11.5,50.2,-79.16,165.61
52.403095,-1.509491,145.37,17.74,8,237.81,19 / 20,69009,2019-09-06 20:54:14:016,-1.4392,1.5958,9.4823,-0.0066,0.0087,9.8066,0.0153,-0.1054,0.025,13.06,-35.37,11.88,50.77,-79.27,166.22
52.403095,-1.509491,145.37,17.74,8,237.81,18 / 20,69110,2019-09-06 20:54:14:117,-1.2536,0.9864,9.6005,0,0.0128,9.8066,-0.0521,-0.096,0.0594,13.19,-35.37,11.88,51.36,-79.4,166.89
52.403095,-1.509491,145.37,17.74,8,237.81,18 / 20,69209,2019-09-06 20:54:14:216,-0.6502,1.2837,9.2767,0.0049,0.0117,9.8066,-0.0133,-0.0549,0.0619,13.19,-35.56,10.88,56.75,-79.51,167.54
52.403095,-1.509491,145.37,17.74,8,237.81,18 / 20,69310,2019-09-06 20:54:14:317,-0.8199,1.1704,10.0167,-0.0104,0.0079,9.8066,0.0953,-0.0681,0.0513,12.75,-35.62,10.63,57.5,-79.63,168.37
52.403095,-1.509491,145.37,17.74,8,237.81,18 / 20,69409,2019-09-06 20:54:14:416,-1.4817,0.6276,9.3816,0.0075,0.0089,9.8066,0.0705,-0.0626,0.0069,12.94,-35.56,10.56,58.51,-79.7,169.3
52.403095,-1.509491,145.37,17.74,8,237.81,18 / 20,69510,2019-09-06 20:54:14:517,-0.7992,1.7348,9.3968,0.0012,0.0102,9.8066,-0.0871,-0.0991,-0.0094,12.81,-35.31,10.38,62.05,-79.83,169.55
52.403095,-1.509491,145.37,17.74,8,237.81,18 / 20,69610,2019-09-06 20:54:14:617,-0.1045,0.9364,9.4657,0.0052,0.0032,9.8066,-0.057,-0.0764,-0.0079,13.06,-35.31,10.5,58.07,-79.99,170.06
52.403095,-1.509491,145.37,17.74,8,237.81,18 / 20,69709,2019-09-06 20:54:14:716,-0.4737,1.1084,9.6898,0.0027,0.0096,9.8066,0.0497,-0.0624,-0.0013,12.81,-35.5,10.31,62.25,-80.04,170.16
52.403095,-1.509491,145.37,17.74,8,237.81,18 / 20,69809,2019-09-06 20:54:14:816,-0.8959,0.6825,9.6106,0.0058,0.0027,9.8066,0.0196,-0.0602,0.0266,12.94,-35.81,9.56,63.65,-80.02,170.68
52.403095,-1.509491,145.37,17.74,8,237.81,18 / 20,69909,2019-09-06 20:54:14:916,-1.3531,0.5698,9.5346,-0.0116,0.0028,9.8065,-0.0533,-0.0535,-0.0223,13.25,-35.44,9.38,68.08,-80.02,171.33
52.403095,-1.509491,145.37,17.74,8,237.81,18 / 20,70010,2019-09-06 20:54:15:017,-0.2528,1.3605,9.5373,-0.0216,-0.0033,9.8066,-0.1377,-0.0559,0.0653,13.25,-35.56,9.31,69.58,-79.97,171.85
52.403095,-1.509491,145.37,17.74,8,237.81,18 / 20,70110,2019-09-06 20:54:15:117,-0.1587,0.8197,9.4064,0.0262,0.0183,9.8065,0.2189,-0.0104,-0.0223,13.31,-35.25,8.94,69.26,-80.07,172.46
52.403095,-1.509491,145.37,17.74,8,237.81,19 / 20,70209,2019-09-06 20:54:15:216,-0.1277,0.0215,9.6757,0.0265,0.0043,9.8066,0.1166,-0.0529,0.0401,13.13,-35.25,9.5,64.95,-80.21,172.75
52.403095,-1.509491,145.37,17.74,8,237.81,19 / 20,70310,2019-09-06 20:54:15:317,-0.5871,0.3507,10.0558,-0.0085,0.0007,9.8066,-0.0627,-0.0179,0.0074,13.25,-35.31,9,70.14,-80.13,173.37
52.403095,-1.509491,145.37,17.74,8,237.81,19 / 20,70409,2019-09-06 20:54:15:416,-0.0808,0.1799,9.4306,-0.0017,0.0098,9.8065,-0.0832,-0.025,0.0012,12.88,-35.19,8.81,70.99,-80.12,174.09
52.403095,-1.509491,145.37,17.74,8,237.81,19 / 20,70510,2019-09-06 20:54:15:517,-0.8621,1.6224,8.8821,0.0277,0.016,9.8065,-0.0189,0.0378,-0.0632,12.88,-35,8.38,76.77,-80.11,175.3
52.403095,-1.509491,145.37,17.74,8,237.81,19 / 20,70610,2019-09-06 20:54:15:617,-0.3638,-0.3916,8.5012,0.0309,0.002,9.8066,-0.0613,-0.0212,0.0374,13,-36.12,8.75,71.91,-80.43,175
52.403095,-1.509491,145.37,17.74,8,237.81,19 / 20,70710,2019-09-06 20:54:15:717,0.4665,-0.1699,10.0559,0.0064,-0.0135,9.8066,0.0585,0.0217,-0.0095,13.13,-35.56,8.25,75.4,-80.6,174.65
52.403095,-1.509491,145.37,17.74,8,237.81,19 / 20,70810,2019-09-06 20:54:15:817,-0.3864,-0.5484,10.5016,0.0147,0.0084,9.8066,0.1532,-0.0041,-0.0487,13.19,-35.62,8.75,70.52,-80.57,174.12
52.403095,-1.509491,145.37,17.74,8,237.81,19 / 20,70910,2019-09-06 20:54:15:917,-1.3619,-1.1072,9.8288,-0.0317,-0.0033,9.8065,-0.1803,-0.0436,0.0268,12.69,-35.56,8.38,75.9,-80.39,174.55
52.403095,-1.509491,145.37,17.74,8,237.81,19 / 20,71010,2019-09-06 20:54:16:017,-0.3009,0.1678,9.4135,-0.0144,0.0113,9.8066,0.0749,-0.0119,0.043,13.19,-35.75,8.75,72.07,-80.31,174.85
52.403095,-1.509491,145.37,17.74,8,237.81,19 / 20,71109,2019-09-06 20:54:16:116,0.001,-0.2357,9.5109,0.0583,0.01,9.8065,0.14,-0.0178,0.0172,13.19,-35.69,8.94,71.36,-80.7,175.17
52.403095,-1.509491,145.37,17.74,8,237.81,19 / 20,71210,2019-09-06 20:54:16:217,-0.4962,-0.4805,9.9641,-0.0323,-0.0125,9.8065,0.0828,0.0189,-0.0246,13.25,-35.81,8.19,75.18,-80.84,175.04
52.403095,-1.509491,145.37,17.74,8,237.81,19 / 20,71309,2019-09-06 20:54:16:316,-0.5466,-0.2664,9.3268,-0.0276,0.0015,9.8066,0.0026,0.0014,-0.0029,13.5,-35.62,8.44,75.85,-80.79,174.89
52.403095,-1.509491,145.37,17.74,8,237.81,19 / 20,71409,2019-09-06 20:54:16:416,-0.3748,-0.6784,9.4158,0.0317,0.0059,9.8066,-0.0095,0.0419,-0.0098,13.44,-35.31,8.31,76.49,-80.52,176.09
52.403095,-1.509491,145.37,17.74,8,237.81,19 / 20,71510,2019-09-06 20:54:16:517,-1.1879,-0.0364,9.3106,0.0185,0.0044,9.8066,-0.0417,0.0389,-0.0107,13.19,-35.5,8.63,72.12,-80.68,176.39
52.403095,-1.509491,145.37,17.74,8,237.81,19 / 20,71610,2019-09-06 20:54:16:617,-0.3749,0.2216,10.0715,0.0105,0.0009,9.8066,-0.0252,-0.0453,0.0281,13.88,-35.94,8,77.58,-80.82,176.56
52.403095,-1.509491,145.37,17.74,8,237.81,19 / 20,71709,2019-09-06 20:54:16:716,-0.299,-0.1579,10.1212,0.0041,0.0098,9.8065,0.0188,0.0031,0.0136,13.13,-35.75,8.38,76.84,-80.9,176.73
52.403095,-1.509491,145.37,17.74,8,237.81,19 / 20,71809,2019-09-06 20:54:16:816,-1.1111,-0.9251,9.5746,0.0068,0.0063,9.8066,-0.0839,-0.0146,0.0511,13.69,-35.56,8.06,78.75,-80.87,177.76
52.403095,-1.509491,145.37,17.74,8,237.81,19 / 20,71909,2019-09-06 20:54:16:916,0.0235,0.0414,9.481,0.0232,0.0043,9.8066,0.0655,0.0061,-0.0336,14,-35.37,7.88,78.4,-80.91,178.12
52.403095,-1.509491,145.37,17.74,8,237.81,19 / 20,72010,2019-09-06 20:54:17:017,-0.1484,0.102,9.9625,0.0094,0.0016,9.8066,0.0222,-0.0019,0.0284,13.94,-35.12,7.56,78.04,-81.05,178.13
52.403095,-1.509491,145.37,17.74,8,237.81,19 / 20,72111,2019-09-06 20:54:17:118,-0.3073,-0.5952,9.6335,0.0109,-0.0011,9.8066,0.1023,-0.0035,-0.0179,14.06,-35.75,7.75,78.27,-81.12,177.91
52.403095,-1.509491,145.37,17.74,8,237.81,19 / 20,72209,2019-09-06 20:54:17:216,-0.3456,-0.2733,9.3119,-0.0199,0.0054,9.8066,0.0483,-0.0323,0.0234,13.44,-35.94,7.94,78.25,-81.12,178.58
52.403095,-1.509491,145.37,17.74,8,237.81,19 / 20,72310,2019-09-06 20:54:17:317,-0.0471,0.1752,9.4891,0.0014,0.0014,9.8066,-0.0676,0.0076,-0.036,13.63,-35.37,7.69,78.96,-81.17,179.25
52.403095,-1.509491,145.37,17.74,8,237.81,19 / 20,72410,2019-09-06 20:54:17:417,0.4185,-0.1971,9.7696,0.012,0.0061,9.8066,-0.054,-0.0138,0.0198,14,-35.87,7.56,80.25,-81.24,-179.92
52.403095,-1.509491,145.37,17.74,8,237.81,19 / 20,72510,2019-09-06 20:54:17:517,0.0672,-0.5754,9.6686,0.0215,0.0012,9.8066,0.1623,0.004,-0.0537,13.75,-36.06,7,84.48,-81.29,-179.54
52.403095,-1.509491,145.37,17.74,8,237.81,19 / 20,72609,2019-09-06 20:54:17:616,-0.113,-0.1484,9.4146,-0.011,0.0036,9.8066,0.1238,0.0072,0.0063,13.81,-35.56,7.63,80.63,-81.31,-179.39
52.403095,-1.509491,145.37,17.74,8,237.81,19 / 20,72710,2019-09-06 20:54:17:717,0.5394,0.1412,9.6509,-0.0011,0.0013,9.8066,0.0335,0.0305,-0.0185,13.5,-35.37,7.19,84.44,-81.31,-178.94
52.403095,-1.509491,145.37,17.74,8,237.81,19 / 20,72810,2019-09-06 20:54:17:817,-1.4128,-0.3089,9.9166,-0.0226,0.0001,9.8065,0.0432,-0.0165,0.0424,13.63,-35.94,7.19,85.5,-81.38,-178.33
52.403095,-1.509491,145.37,17.74,8,237.81,19 / 20,72910,2019-09-06 20:54:17:917,-0.9844,-0.5319,9.2772,-0.0402,0.0011,9.8065,-0.0658,-0.0275,-0.0027,14,-35.5,7.25,85.82,-81.23,-177.78
52.403095,-1.509491,145.37,17.74,8,237.81,19 / 20,73010,2019-09-06 20:54:18:017,0.7928,0.2435,9.4758,0.0277,0.0126,9.8065,0.0535,0.008,0.0106,13.31,-35.12,6.5,86.01,-81.26,-177.06
52.403095,-1.509491,145.37,17.74,8,237.81,19 / 20,73109,2019-09-06 20:54:18:116,-0.2603,-0.4511,9.9491,0.0279,-0.0093,9.8065,-0.0042,0.0243,-0.0267,13.06,-35.19,6.44,90.38,-81.38,-176.59
52.403095,-1.509491,145.37,17.74,8,237.81,19 / 20,73210,2019-09-06 20:54:18:217,0.4142,-0.8162,9.9865,-0.0141,-0.0112,9.8066,0.0875,0.035,-0.0674,13.38,-35.06,6.25,88.74,-81.58,-177.7
52.403095,-1.509491,145.37,17.74,8,237.81,19 / 20,73310,2019-09-06 20:54:18:317,0.9359,-0.5312,10.2314,-0.0149,-0.013,9.8066,-0.0676,0.0024,0.006,13.56,-35,5.94,88.2,-81.47,-178.78
52.403095,-1.509491,145.37,17.74,8,237.81,19 / 20,73410,2019-09-06 20:54:18:417,-0.5469,-0.3637,10.166,-0.0354,0.0009,9.8065,0.0702,-0.0092,-0.0295,12.88,-34.37,5.44,91.06,-81.41,-179.53
52.403095,-1.509491,145.37,17.74,8,237.81,19 / 20,73510,2019-09-06 20:54:18:517,-0.5533,-0.9483,9.5535,-0.0117,0.0056,9.8066,0.0185,-0.0524,0.0034,13.38,-34.56,4.75,92.42,-81.24,-179.26
52.403095,-1.509491,145.37,17.74,8,237.81,19 / 20,73609,2019-09-06 20:54:18:616,0.754,-0.0954,9.9896,-0.0032,0.0049,9.8066,0.0607,-0.0327,-0.0199,12.63,-33.81,4.06,95.45,-81.4,-179.5
52.403095,-1.509491,145.37,17.74,8,237.81,19 / 20,73709,2019-09-06 20:54:18:716,-0.3837,-0.6502,9.6698,-0.01,0.0007,9.8065,-0.1396,-0.015,0.0467,11.94,-32.37,4.25,94.18,-81.55,-179.34
52.403095,-1.509491,145.37,17.74,8,237.81,19 / 20,73809,2019-09-06 20:54:18:816,-0.1504,-1.7267,8.8972,0.0321,0.0128,9.8065,-0.0566,0.0303,0.0127,10.81,-29.94,3.44,98.17,-81.65,-178.97
52.403095,-1.509491,145.37,17.74,8,237.81,19 / 20,73910,2019-09-06 20:54:18:917,0.4603,-0.0079,10.4251,0.0189,0.0334,9.8066,0.0087,0.0094,0.0801,10,-28.81,4.56,89.83,-81.84,-175.43
52.403095,-1.509491,145.37,17.74,8,237.81,19 / 20,74010,2019-09-06 20:54:19:017,-0.5363,-0.0859,10.6928,-0.0401,-0.0094,9.8065,0.0636,0.0006,-0.0005,10.44,-28.94,7.25,80.76,-81.71,-174.31
52.402897,-1.51181,143.04,18.72,4,270.57,19 / 20,74110,2019-09-06 20:54:19:117,-0.3498,-1.2223,10.0939,-0.0156,-0.0145,9.8066,0.0717,0.0519,-0.057,11.13,-29.75,9.13,73.95,-81.37,-174.85
52.402897,-1.51181,143.04,18.72,4,270.57,19 / 20,74209,2019-09-06 20:54:19:216,0.6497,-0.4898,10.1447,0.0259,0.0031,9.8065,0.0956,-0.0294,-0.0296,12.31,-32.19,9.44,75.98,-81.36,-175.62
52.402897,-1.51181,143.04,18.72,4,270.57,19 / 20,74310,2019-09-06 20:54:19:317,-0.9325,-1.0392,10.1394,0.017,-0.0007,9.8065,0.0588,-0.0708,0.0357,13.13,-33.44,9.19,77.49,-81.45,-175.77
52.402897,-1.51181,143.04,18.72,4,270.57,19 / 20,74410,2019-09-06 20:54:19:417,-0.1269,-0.7136,10.14,0.0107,0.0029,9.8066,0.0945,-0.0125,0.0463,13.13,-34.69,9.13,78.72,-81.49,-175.65
52.402897,-1.51181,143.04,18.72,4,270.57,19 / 20,74510,2019-09-06 20:54:19:517,0.0255,-0.1703,10.2604,0.0033,-0.0001,9.8065,0.0611,-0.0011,0.0474,13.44,-35.12,9.06,78.99,-81.45,-175.49
52.402897,-1.51181,143.04,18.72,4,270.57,19 / 20,74609,2019-09-06 20:54:19:616,-1.7852,-1.1253,10.309,-0.0202,-0.0152,9.8066,-0.123,0.0036,-0.0589,13.56,-34.56,9.06,79.82,-81.45,-175.68
52.402897,-1.51181,143.04,18.72,4,270.57,19 / 20,74709,2019-09-06 20:54:19:716,0.2304,-1.6611,9.2827,-0.0405,-0.0207,9.8065,-0.133,0.061,-0.1138,13.88,-34.56,8.63,78.19,-81.33,-177.5
52.402897,-1.51181,143.04,18.72,4,270.57,19 / 20,74809,2019-09-06 20:54:19:816,0.0936,-0.5525,8.8099,0.0469,0.0162,9.8065,0.0715,-0.0272,-0.0734,13.56,-34.94,8.5,77.38,-81.3,-178.32
52.402897,-1.51181,143.04,18.72,4,270.57,19 / 20,74909,2019-09-06 20:54:19:916,0.9342,-0.5241,9.4981,0.048,0.014,9.8065,0.11,-0.0834,0.1129,14.06,-34.81,8.25,81.46,-81.36,-177.93
52.402897,-1.51181,143.04,18.72,4,270.57,19 / 20,75009,2019-09-06 20:54:20:016,-0.0065,-0.7686,10.1733,-0.0319,0.0109,9.8065,-0.0278,-0.0252,-0.0141,13.63,-34.19,8.06,82.49,-81.53,-175.98
52.402897,-1.51181,143.04,18.72,4,270.57,18 / 20,75110,2019-09-06 20:54:20:117,0.339,0.665,10.6851,-0.0451,-0.0082,9.8065,-0.0943,-0.0504,0.0219,13.75,-34.62,8.63,81.47,-81.15,-174.78
52.402897,-1.51181,143.04,18.72,4,270.57,18 / 20,75210,2019-09-06 20:54:20:217,-0.3228,-0.7975,9.8571,0.0156,-0.0019,9.8066,-0.0068,0.0133,0.0154,13.88,-34.44,8.31,84.69,-81.15,-174.72
52.402897,-1.51181,143.04,18.72,4,270.57,18 / 20,75309,2019-09-06 20:54:20:316,0.8614,-1.0696,8.9382,0.015,0.003,9.8065,-0.1221,0.0971,-0.0326,14.31,-34,8.06,83.85,-81.32,-175.14
52.402897,-1.51181,143.04,18.72,4,270.57,18 / 20,75410,2019-09-06 20:54:20:417,2.1025,-0.0237,9.09,0.0815,0.013,9.8063,0.182,-0.0482,0.0172,14.38,-33.62,8.25,82.93,-81.39,-175.89
52.402897,-1.51181,143.04,18.72,4,270.57,18 / 20,75509,2019-09-06 20:54:20:516,0.7979,0.314,10.0312,0.0625,0.0082,9.8064,0.1345,0.0507,-0.1245,14.75,-33.5,8.19,82.63,-81.42,-176.27
52.402897,-1.51181,143.04,18.72,4,270.57,18 / 20,75609,2019-09-06 20:54:20:616,-0.5205,-1.6249,9.3656,-0.0276,-0.0144,9.8066,-0.1411,-0.0152,-0.0118,14.81,-33.25,8,80.51,-81.61,-177.9
52.402897,-1.51181,143.04,18.72,4,270.57,18 / 20,75709,2019-09-06 20:54:20:716,-0.4294,-0.8794,9.5595,0.0106,0.0019,9.8066,-0.0211,0.0229,-0.0188,15.31,-33.94,7.25,84.68,-81.58,-177.99
52.402897,-1.51181,143.04,18.72,4,270.57,18 / 20,75810,2019-09-06 20:54:20:817,0.1638,-0.2468,10.0102,-0.0103,0.0009,9.8066,-0.0819,-0.0352,0.0167,14.88,-33.75,7.94,81.03,-81.62,-177.91
52.402897,-1.51181,143.04,18.72,4,270.57,18 / 20,75910,2019-09-06 20:54:20:917,-0.0347,-0.2713,10.0448,-0.0268,-0.0016,9.8065,-0.025,-0.0372,0.0369,14.5,-33.87,8.56,78.48,-81.47,-177.28
52.402897,-1.51181,143.04,18.72,4,270.57,18 / 20,76010,2019-09-06 20:54:21:017,0.063,-2.2582,9.6338,0.053,0.0156,9.8064,0.1931,-0.121,0.1095,14.63,-33.56,8.56,79.9,-81.27,-176.34
52.402897,-1.51181,143.04,18.72,4,270.57,19 / 20,76110,2019-09-06 20:54:21:117,-0.5117,0.5363,10.1993,-0.0283,0.0417,9.8064,0.1389,0.1206,0.0637,14.56,-33.75,8.13,85.1,-81.47,-174.27
52.402897,-1.51181,143.04,18.72,4,270.57,19 / 20,76210,2019-09-06 20:54:21:217,-1.3461,-0.0747,9.7072,-0.0317,-0.004,9.8066,-0.0046,0.0462,0.097,14.5,-33.94,8.38,85.87,-81.48,-173.48
52.402897,-1.51181,143.04,18.72,4,270.57,19 / 20,76309,2019-09-06 20:54:21:316,-0.7259,0.1049,9.9674,0.0137,-0.0096,9.8066,0.1823,-0.0158,-0.028,14.25,-33.62,8.31,84.3,-81.48,-174.34
52.402897,-1.51181,143.04,18.72,4,270.57,19 / 20,76409,2019-09-06 20:54:21:416,-0.6384,-0.83,10.0511,-0.0276,-0.0172,9.8066,0.1858,-0.0131,-0.0556,14.94,-33.31,8.06,83.99,-81.41,-174.96
52.402897,-1.51181,143.04,18.72,4,270.57,19 / 20,76509,2019-09-06 20:54:21:516,1.3875,0.3956,10.0952,-0.0174,-0.0096,9.8065,0.1313,-0.0383,-0.0604,14.69,-32.94,8.38,83.38,-81.43,-175.5
52.402897,-1.51181,143.04,18.72,4,270.57,19 / 20,76609,2019-09-06 20:54:21:616,0.36,-1.208,10.3085,-0.029,-0.007,9.8066,0.2793,0.0317,-0.034,14.81,-33,8.19,82.3,-81.33,-176.76
52.402897,-1.51181,143.04,18.72,4,270.57,19 / 20,76710,2019-09-06 20:54:21:717,-1.1542,-0.8523,11.2481,-0.0067,-0.0026,9.8066,-0.1327,-0.007,-0.002,15.19,-32.44,8.69,78.38,-81.23,-176.83
52.402897,-1.51181,143.04,18.72,4,270.57,19 / 20,76810,2019-09-06 20:54:21:817,0.0976,0.6099,11.4042,-0.0177,0.0101,9.8066,-0.0267,-0.0923,-0.0265,15.25,-32.19,9.44,78.08,-81.16,-177.25
52.402897,-1.51181,143.04,18.72,4,270.57,19 / 20,76910,2019-09-06 20:54:21:917,-0.7063,-0.3622,10.8995,-0.0202,0.0008,9.8066,-0.0321,-0.0529,0.0285,15.13,-31.25,8.38,82.09,-80.98,-176.59
52.402897,-1.51181,143.04,18.72,4,270.57,19 / 20,77009,2019-09-06 20:54:22:016,-0.8678,-0.0467,10.3612,-0.0184,0.0149,9.8065,-0.1522,0.0172,0.0602,15.31,-31.62,8.75,79.47,-81.1,-176.05
52.402897,-1.51181,143.04,18.72,4,270.57,18 / 20,77110,2019-09-06 20:54:22:117,0.0283,-0.0887,10.4003,0.0063,-0.0088,9.8066,-0.0027,0.081,-0.066,14.69,-31.37,8.63,80.09,-81.15,-174.82
52.402897,-1.51181,143.04,18.72,4,270.57,18 / 20,77210,2019-09-06 20:54:22:217,0.2462,-0.1916,10.7118,0.0028,-0.0033,9.8065,0.0122,-0.0101,0.002,14.69,-31,9,80.55,-81.21,-174.28
52.402897,-1.51181,143.04,18.72,4,270.57,18 / 20,77310,2019-09-06 20:54:22:317,0.53,0.1565,11.1291,-0.0437,-0.0057,9.8065,0.0143,0.0222,-0.0502,14.44,-29,9.88,75.55,-80.96,-174.14
52.402897,-1.51181,143.04,18.72,4,270.57,18 / 20,77410,2019-09-06 20:54:22:417,1.0836,-0.0052,10.1433,0.0109,-0.0117,9.8065,0.2047,0.0084,-0.0671,14.81,-27.06,9.44,78.88,-80.97,-174.21
52.402897,-1.51181,143.04,18.72,4,270.57,18 / 20,77509,2019-09-06 20:54:22:516,-0.8526,-0.1837,9.9065,0.0082,-0.0057,9.8066,-0.207,0.0408,-0.041,15.75,-25.94,8.44,81.38,-81.15,-175.09
52.402897,-1.51181,143.04,18.72,4,270.57,18 / 20,77610,2019-09-06 20:54:22:617,0.6744,0.0428,9.8736,0,-0.0167,9.8066,-0.1118,-0.0037,0.0038,15.44,-26.19,7.94,79.33,-81.12,-176.3
52.402897,-1.51181,143.04,18.72,4,270.57,18 / 20,77710,2019-09-06 20:54:22:717,0.1905,-1.3945,9.8217,-0.0041,-0.0098,9.8066,0.1252,-0.0755,0.0114,15.63,-26.12,7.44,82.36,-80.95,-177.69
52.402897,-1.51181,143.04,18.72,4,270.57,18 / 20,77810,2019-09-06 20:54:22:817,0.0969,-0.8473,10.312,0.0021,0.0155,9.8066,-0.0065,-0.0098,-0.0083,15.31,-27.5,6.94,82.43,-80.69,-178.02
52.402897,-1.51181,143.04,18.72,4,270.57,18 / 20,77909,2019-09-06 20:54:22:916,0.1498,-0.8183,9.8917,0.0142,0.0098,9.8065,0.0925,-0.0414,0.0383,14.81,-29.44,6.81,85.02,-80.66,-176.71
52.402897,-1.51181,143.04,18.72,4,270.57,18 / 20,78010,2019-09-06 20:54:23:017,-0.0345,0.1181,9.8149,-0.0057,0.0036,9.8066,0.0621,-0.0095,-0.0058,14.75,-30.5,7.06,85.81,-80.68,-176.49
52.402897,-1.51181,143.04,18.72,4,270.57,18 / 19,78110,2019-09-06 20:54:23:117,0.4298,0.205,9.8758,-0.0024,-0.0065,9.8066,-0.0068,0.0177,-0.0074,15.38,-30.87,8.63,79.14,-80.73,-176.54
52.402897,-1.51181,143.04,18.72,4,270.57,18 / 19,78209,2019-09-06 20:54:23:216,0.0531,-0.5874,9.7232,0.0064,-0.0077,9.8066,0.0048,-0.0105,0.0237,15.38,-29.75,8.31,82.19,-80.74,-176.4
52.402897,-1.51181,143.04,18.72,4,270.57,18 / 19,78310,2019-09-06 20:54:23:317,-0.7008,-0.5789,9.6962,-0.0087,0.002,9.8066,-0.0203,-0.0061,0.0222,15.94,-28.5,7.63,81.41,-80.73,-176.76
52.402897,-1.51181,143.04,18.72,4,270.57,18 / 19,78410,2019-09-06 20:54:23:417,0.3643,-0.3428,10.2956,0.0198,0.0094,9.8065,-0.0198,-0.0073,0.0298,17.44,-29.56,6.69,87.06,-80.68,-176.12
52.402897,-1.51181,143.04,18.72,4,270.57,18 / 19,78510,2019-09-06 20:54:23:517,0.0463,0.1577,10.2553,0.0143,0.002,9.8065,0.0185,-0.0047,0.0119,16.5,-28.37,6.56,86.47,-80.72,-175.57
52.402897,-1.51181,143.04,18.72,4,270.57,18 / 19,78610,2019-09-06 20:54:23:617,1.7672,-2.0982,9.4937,0.0347,0.0114,9.8066,0.1275,-0.1054,0.0921,15.19,-27.31,6.06,88.51,-80.39,-176.14
52.402897,-1.51181,143.04,18.72,4,270.57,18 / 19,78709,2019-09-06 20:54:23:716,0.2268,-1.6692,9.8234,0.1373,-0.003,9.8056,0.5024,-0.1344,0.1091,14.38,-26.25,6.75,83.01,-80.81,-175.99
52.402897,-1.51181,143.04,18.72,4,270.57,18 / 19,78810,2019-09-06 20:54:23:817,-2.1847,-2.2325,8.4823,-0.0653,-0.0219,9.8063,0.3332,0.3064,-0.0467,14.06,-25.31,7.25,83.09,-80.53,-175.77
52.402897,-1.51181,143.04,18.72,4,270.57,18 / 19,78910,2019-09-06 20:54:23:917,-1.4448,1.1084,9.9921,-0.0499,-0.0343,9.8064,-0.2928,0.0064,0.1101,13.69,-24.19,6.63,82.73,-80.69,-175.24
52.402897,-1.51181,143.04,18.72,4,270.57,18 / 19,79010,2019-09-06 20:54:24:017,1.7357,0.0923,9.9608,0.0142,0.005,9.8066,-0.0248,0.0015,0.0524,14.56,-23.81,5.81,84.66,-80.7,-177.63
52.402897,-1.51181,143.04,18.72,4,270.57,18 / 20,79110,2019-09-06 20:54:24:117,0.2296,0.0473,10.643,-0.0234,0.0022,9.8065,0.0153,0.0039,0.0147,15.63,-23.44,4.88,88.62,-80.53,-177.27
52.402897,-1.51181,143.04,18.72,4,270.57,18 / 20,79209,2019-09-06 20:54:24:216,0.2678,-0.1583,10.7185,-0.0304,0.0026,9.8065,0.0528,-0.0364,-0.0057,14.5,-24.5,3.69,93.25,-80.27,-177.12
52.402897,-1.51181,143.04,18.72,4,270.57,18 / 20,79310,2019-09-06 20:54:24:317,-0.1435,0.0325,10.0923,0.0011,0.0063,9.8066,0.0406,-0.0163,0.0069,13.81,-24.62,3.75,94.74,-80.02,-176.77
52.402897,-1.51181,143.04,18.72,4,270.57,18 / 20,79410,2019-09-06 20:54:24:417,-0.6687,0.3845,9.7424,-0.0108,0.0022,9.8066,0.0514,-0.0286,0.0263,12.31,-24.12,4.25,94.17,-80.17,-176.47
52.402897,-1.51181,143.04,18.72,4,270.57,18 / 20,79509,2019-09-06 20:54:24:516,-0.1684,0.4897,9.872,-0.0242,-0.0031,9.8065,-0.0457,0.0065,-0.0193,12.25,-23.44,4.81,88.63,-80.36,-176.25
52.402897,-1.51181,143.04,18.72,4,270.57,18 / 20,79609,2019-09-06 20:54:24:616,0.9179,0.6514,9.9612,-0.0073,-0.0034,9.8066,0.015,-0.0524,0.0349,10.69,-24.75,3.13,100.19,-80.24,-176.19
52.402897,-1.51181,143.04,18.72,4,270.57,18 / 20,79710,2019-09-06 20:54:24:717,1.3609,0.3983,9.8471,-0.0214,-0.0075,9.8065,0.0336,-0.0399,-0.0611,9.25,-25.12,2.88,101.38,-80.04,-176.97
52.402897,-1.51181,143.04,18.72,4,270.57,18 / 20,79809,2019-09-06 20:54:24:816,0.7136,0.5449,10.3405,-0.0008,-0.0007,9.8066,0.0569,-0.1112,0.0182,8.19,-25.25,3.56,95.25,-79.99,-177.53
52.402897,-1.51181,143.04,18.72,4,270.57,18 / 20,79909,2019-09-06 20:54:24:916,-0.295,0.5998,9.7012,-0.0354,0.0032,9.8065,-0.1224,-0.0609,0.0053,8.81,-26.06,4.06,96.21,-79.91,-177.56
52.402897,-1.51181,143.04,18.72,4,270.57,18 / 20,80010,2019-09-06 20:54:25:017,1.0521,-0.1195,10.3908,0.0182,0.0087,9.8065,-0.0417,0.0079,0.0213,9.25,-26.94,4.19,97.55,-79.83,-177.54
52.402897,-1.51181,143.04,18.72,4,270.57,15 / 20,80109,2019-09-06 20:54:25:116,-0.2065,2.0023,10.4664,0.0148,-0.008,9.8066,0.0024,0.0112,-0.0441,10.25,-27.87,4.38,98.75,-79.82,-176.79
52.402897,-1.51181,143.04,18.72,4,270.57,15 / 20,80210,2019-09-06 20:54:25:217,-0.0148,0.9803,9.7047,0.006,0.0064,9.8066,-0.0419,-0.0042,0.0377,11.56,-28.5,3,102.3,-79.88,-176.72
52.402897,-1.51181,143.04,18.72,4,270.57,15 / 20,80309,2019-09-06 20:54:25:316,2.1172,0.4015,9.0779,0.0146,-0.005,9.8066,0.0811,-0.028,-0.0612,12.44,-28.44,2,106.77,-80.05,-176.25
52.402897,-1.51181,143.04,18.72,4,270.57,15 / 20,80409,2019-09-06 20:54:25:416,0.9898,0.7315,10.0006,0.0131,-0.0003,9.8066,0.0192,-0.0694,0.0151,11.31,-28,1.5,107.85,-80.14,-176.04
52.402897,-1.51181,143.04,18.72,4,270.57,15 / 20,80509,2019-09-06 20:54:25:516,0.7664,0.7372,10.7408,-0.0133,0.0008,9.8066,0.0002,-0.0484,0.0525,11.13,-28,2.56,103.25,-80.06,-176.05
52.402897,-1.51181,143.04,18.72,4,270.57,15 / 20,80610,2019-09-06 20:54:25:617,0.6304,1.0162,10.5827,-0.0172,-0.0024,9.8066,0.0356,-0.0578,0.0071,10.5,-27.69,4.13,98.56,-79.78,-176.55
52.402897,-1.51181,143.04,18.72,4,270.57,15 / 20,80710,2019-09-06 20:54:25:717,-0.2233,0.2163,9.8622,0.005,0.0187,9.8066,0.0342,-0.0893,0.0838,9.88,-27.5,4.63,93.19,-79.56,-176.55
52.402897,-1.51181,143.04,18.72,4,270.57,15 / 20,80810,2019-09-06 20:54:25:817,-0.2884,2.1116,9.17,0.0154,0.0156,9.8065,-0.2479,-0.1458,0.0867,9.69,-27.62,4.88,95.31,-79.58,-175.34
52.402897,-1.51181,143.04,18.72,4,270.57,15 / 20,80910,2019-09-06 20:54:25:917,0.6404,0.1077,8.8415,0.0028,0.0173,9.8066,0.1137,-0.1637,0.1027,9.06,-28.19,5.25,95.78,-79.73,-174.42
52.402897,-1.51181,143.04,18.72,4,270.57,15 / 20,81010,2019-09-06 20:54:26:017,-0.4838,2.1268,9.3143,0.0268,0.0081,9.8065,0.157,-0.0905,0.043,9.5,-28.62,6.44,91.27,-79.72,-174.54
52.402897,-1.51181,143.04,18.72,4,270.57,0 / 18,81109,2019-09-06 20:54:26:116,-0.1445,1.5244,10.1197,0.051,-0.0032,9.8065,-0.0599,-0.0981,-0.0632,9.69,-30.06,6.81,86.8,-79.57,-175.1
52.402897,-1.51181,143.04,18.72,4,270.57,0 / 18,81210,2019-09-06 20:54:26:217,-0.403,1.1253,10.5357,-0.0218,-0.0199,9.8065,0.1049,-0.1444,0.0237,9.88,-29.56,6.5,85.46,-79.71,-176.03
52.402897,-1.51181,143.04,18.72,4,270.57,0 / 18,81310,2019-09-06 20:54:26:317,0.0048,1.7753,10.7429,-0.0259,0.0046,9.8065,-0.2457,-0.0742,0.0674,10.56,-30.06,5.94,90.69,-79.58,-176.81
52.402897,-1.51181,143.04,18.72,4,270.57,0 / 18,81410,2019-09-06 20:54:26:417,0.7441,0.4742,9.6173,0.0631,-0.0013,9.8064,-0.2891,0.0118,-0.0262,10.69,-30.75,5.88,91.31,-79.49,-177.38
52.402897,-1.51181,143.04,18.72,4,270.57,0 / 18,81510,2019-09-06 20:54:26:517,0.0698,1.67,9.954,0.0329,0.0003,9.8066,0.0762,-0.0875,-0.018,11.25,-30.56,5.44,95.97,-79.77,-176.91
52.402897,-1.51181,143.04,18.72,4,270.57,0 / 18,81609,2019-09-06 20:54:26:616,0.9155,1.172,10.011,0.004,-0.0036,9.8066,-0.0175,-0.1365,-0.0412,11.25,-31.69,6.38,92.24,-79.55,-177.19
52.402897,-1.51181,143.04,18.72,4,270.57,0 / 18,81710,2019-09-06 20:54:26:717,-1.0113,1.5594,10.0307,0.0187,0.0022,9.8066,-0.0016,-0.0832,0.0328,11.19,-32,5.63,92.64,-79.31,-177.5
52.402897,-1.51181,143.04,18.72,4,270.57,0 / 18,81810,2019-09-06 20:54:26:817,-0.4618,0.9965,9.5983,-0.006,-0.0067,9.8066,-0.0613,-0.0948,0.0447,10.69,-33.06,5.06,98.36,-79.35,-177.59
52.402897,-1.51181,143.04,18.72,4,270.57,0 / 18,81910,2019-09-06 20:54:26:917,1.5196,0.4906,9.4108,0.0091,0.0073,9.8066,0.1186,-0.1468,0.0716,10.94,-34.5,4.13,103.89,-79.39,-177.76
52.402897,-1.51181,143.04,18.72,4,270.57,0 / 18,82010,2019-09-06 20:54:27:017,0.4258,0.6405,9.7918,-0.0135,0.0048,9.8066,0.0586,-0.0452,-0.0119,10.63,-34.75,4.06,104.92,-79.49,-177.22
52.402897,-1.51181,143.04,18.72,4,270.57,0 / 17,82109,2019-09-06 20:54:27:116,0.0099,1.0793,9.5239,-0.017,0.012,9.8066,-0.0991,-0.1247,0.066,9.94,-33.94,2.75,111.23,-79.31,-176.61
52.402897,-1.51181,143.04,18.72,4,270.57,0 / 17,82210,2019-09-06 20:54:27:217,0.2916,0.2299,9.3103,0.0418,-0.0232,9.8064,-0.1022,-0.0835,-0.0078,9,-33,2.25,117.93,-79.14,-176.3
52.402897,-1.51181,143.04,18.72,4,270.57,0 / 17,82310,2019-09-06 20:54:27:317,-0.0411,0.9243,9.8591,0.0511,-0.006,9.8065,0.0809,-0.1271,0.071,8.69,-32,2.44,117.03,-79.16,-176.15
52.402897,-1.51181,143.04,18.72,4,270.57,0 / 17,82410,2019-09-06 20:54:27:417,0.7867,0.6575,10.3944,-0.0096,0.0032,9.8066,0.0382,-0.0504,-0.0377,9.13,-30.69,2.69,110.21,-79.41,-175.94
52.402897,-1.51181,143.04,18.72,4,270.57,0 / 17,82510,2019-09-06 20:54:27:517,0.6659,0.3803,9.821,-0.0246,0.0124,9.8066,0.0382,-0.1183,0.1121,8.44,-31,2.81,112.72,-79.26,-175.65
52.402897,-1.51181,143.04,18.72,4,270.57,0 / 17,82610,2019-09-06 20:54:27:617,-0.4829,0.8035,8.9928,0.0102,-0.0019,9.8066,-0.0992,-0.086,-0.0208,7.69,-30.75,3.75,107.14,-79.12,-175.46
52.402897,-1.51181,143.04,18.72,4,270.57,0 / 17,82710,2019-09-06 20:54:27:717,0.7197,1.1907,9.2331,-0.0349,0.0251,9.8065,0.0211,-0.1325,-0.0072,7.25,-32.12,3.88,111.08,-78.99,-174.78
52.402897,-1.51181,143.04,18.72,4,270.57,0 / 17,82810,2019-09-06 20:54:27:817,2.5287,1.401,9.6534,0.01,0.005,9.8066,0.1371,-0.0908,0.0374,7.63,-34.06,4.06,111.16,-79.05,-175.1
52.402897,-1.51181,143.04,18.72,4,270.57,0 / 17,82910,2019-09-06 20:54:27:917,0.3057,0.6472,10.3394,-0.0218,0.0013,9.8066,-0.001,-0.1449,0.1397,8.25,-35.06,4.88,105.89,-79.15,-174.9
52.402897,-1.51181,143.04,18.72,4,270.57,0 / 17,83010,2019-09-06 20:54:28:017,0.1141,-0.0843,9.7631,0.0128,-0.0173,9.8065,-0.0362,-0.0052,-0.0732,8.69,-35.06,3.44,115.58,-78.97,-175.84
52.402897,-1.51181,143.04,18.72,4,270.57,0 / 15,83110,2019-09-06 20:54:28:117,0.9258,1.3153,9.6499,-0.0036,-0.0013,9.8066,0.011,-0.0888,0.016,9.25,-35.69,2.69,116.56,-78.94,-175.95
52.402897,-1.51181,143.04,18.72,4,270.57,0 / 15,83209,2019-09-06 20:54:28:216,0.6773,1.6551,9.9905,0.017,0.0006,9.8066,-0.0711,-0.0592,-0.0083,9.19,-36.19,2.25,121.64,-78.92,-175.71
52.402897,-1.51181,143.04,18.72,4,270.57,0 / 15,83310,2019-09-06 20:54:28:317,0.5185,0.7786,9.9563,0.0081,-0.0035,9.8066,0.0793,-0.1197,0.0697,9.25,-35.12,1.94,121.18,-78.91,-175.12
52.402897,-1.51181,143.04,18.72,4,270.57,0 / 15,83409,2019-09-06 20:54:28:416,1.1475,0.6358,9.4609,0.0067,0.001,9.8066,-0.0826,-0.0779,-0.0016,9.44,-34.5,1.38,125.06,-78.86,-175.06
52.402897,-1.51181,143.04,18.72,4,270.57,0 / 15,83509,2019-09-06 20:54:28:516,0.8237,1.4159,9.8466,0.0044,0.0001,9.8066,0.0027,-0.1189,-0.0078,9,-33.5,1.94,119.88,-78.85,-174.63
52.402897,-1.51181,143.04,18.72,4,270.57,0 / 15,83609,2019-09-06 20:54:28:616,-0.1373,0.6181,9.4143,0.0249,-0.0063,9.8065,-0.0733,-0.045,-0.0432,8.5,-32.19,1.88,119.52,-78.79,-174.05
52.402897,-1.51181,143.04,18.72,4,270.57,0 / 15,83709,2019-09-06 20:54:28:716,0.6023,1.7115,10.176,0.0091,0.0098,9.8066,0.0862,-0.0792,0.0536,9.44,-31.62,2.25,120.24,-78.82,-172.9
52.402897,-1.51181,143.04,18.72,4,270.57,0 / 15,83809,2019-09-06 20:54:28:816,0.635,1.8769,10.6786,-0.044,0.0065,9.8065,0.155,-0.0604,-0.0304,8.56,-31.5,2.75,114.47,-78.67,-173.09
52.402897,-1.51181,143.04,18.72,4,270.57,0 / 15,83909,2019-09-06 20:54:28:916,-0.3843,0.8936,10.3269,-0.0438,0.0031,9.8064,-0.0394,-0.1029,0.0385,9.56,-32.06,2.88,114.13,-78.43,-173.54
52.402897,-1.51181,143.04,18.72,4,270.57,0 / 15,84009,2019-09-06 20:54:29:016,0.3765,1.4178,9.6092,0.0153,-0.0066,9.8066,-0.1162,-0.0912,0.018,9.75,-32.31,1.44,123.12,-78.13,-174.45
52.402897,-1.51181,143.04,18.72,4,270.57,0 / 13,84110,2019-09-06 20:54:29:117,0.6846,2.254,9.7182,0.0044,0.0082,9.8066,0.0589,-0.1231,0.0294,9.38,-31.69,-0.31,130,-78.14,-173.91
52.402897,-1.51181,143.04,18.72,4,270.57,0 / 13,84210,2019-09-06 20:54:29:217,1.4047,1.8761,11.542,-0.0281,0.0159,9.8065,0.1628,-0.1586,-0.0009,9.5,-31.25,-1.5,130.03,-78.24,-174.24
52.402897,-1.51181,143.04,18.72,4,270.57,0 / 13,84309,2019-09-06 20:54:29:316,1.0838,1.3374,9.995,-0.0593,0.0252,9.8064,-0.1621,-0.0422,-0.0762,9.31,-30.06,-2.44,135.81,-77.7,-175.3
52.402897,-1.51181,143.04,18.72,4,270.57,0 / 13,84409,2019-09-06 20:54:29:416,-0.714,3.4641,8.6826,0.0778,-0.04,9.8062,-0.5312,-0.173,0.1164,8.5,-29.94,-1.81,135.54,-77.48,-176.29
52.402897,-1.51181,143.04,18.72,4,270.57,0 / 13,84509,2019-09-06 20:54:29:516,1.356,0.7415,8.9497,0.0478,-0.0391,9.8064,0.3133,-0.085,0.0537,8.44,-29.62,-1,135.54,-77.47,-175.8
52.402897,-1.51181,143.04,18.72,4,270.57,0 / 13,84610,2019-09-06 20:54:29:617,0.4678,2.7475,10.6687,-0.0372,0.0284,9.8064,0.3494,-0.0481,0.0704,8.56,-30.5,1.44,124.16,-77.86,-174.73
52.402897,-1.51181,143.04,18.72,4,270.57,0 / 13,84709,2019-09-06 20:54:29:716,0.2531,3.6158,13.0428,-0.0823,0.0161,9.8063,-0.4127,0.1095,-0.0723,8.31,-30.19,1.94,123.01,-77.28,-175.43
52.402897,-1.51181,143.04,18.72,4,270.57,0 / 13,84810,2019-09-06 20:54:29:817,-0.1714,1.1746,9.6255,-0.0121,-0.0166,9.8066,-0.313,-0.0322,0.0244,9.13,-29.87,2.5,115.1,-77.12,-176.55
52.402897,-1.51181,143.04,18.72,4,270.57,0 / 13,84910,2019-09-06 20:54:29:917,1.7234,1.9386,8.7272,0.0128,0.003,9.8066,0.0636,-0.0853,-0.0384,8.94,-30.31,3.19,114.91,-77.18,-176.61
52.402897,-1.51181,143.04,18.72,4,270.57,0 / 13,85010,2019-09-06 20:54:30:017,2.2871,2.8577,9.8538,0.0707,0.0038,9.8064,-0.0963,-0.1213,0.0424,8.5,-31.75,4,112.07,-77.23,-176.3
52.402897,-1.51181,143.04,18.72,4,270.57,0 / 14,85109,2019-09-06 20:54:30:116,0.7277,-0.1474,10.4757,0.034,-0.0026,9.8065,0.2262,-0.0833,-0.0639,8.81,-34.31,3.94,114.53,-77.44,-175.13
52.402897,-1.51181,143.04,18.72,4,270.57,0 / 14,85210,2019-09-06 20:54:30:217,2.2768,4.5356,10.3886,-0.0285,0.0512,9.8064,0.0772,-0.2384,0.1475,8.38,-36.44,2.88,124.61,-77.12,-176
52.402897,-1.51181,143.04,18.72,4,270.57,0 / 14,85309,2019-09-06 20:54:30:316,-3.154,2.4829,10.566,-0.0381,0.0124,9.8065,-0.4317,-0.0439,0.0887,9.31,-36.75,1.25,131.82,-76.78,-176.03
52.402897,-1.51181,143.04,18.72,4,270.57,0 / 14,85410,2019-09-06 20:54:30:417,2.2544,2.2394,9.757,0.04,-0.0309,9.8065,-0.3382,-0.1513,0.1633,8.94,-36.56,-1.37,138.67,-76.85,-175.28
52.402897,-1.51181,143.04,18.72,4,270.57,0 / 14,85510,2019-09-06 20:54:30:517,2.0202,0.7185,8.6518,0.042,0.0167,9.8065,0.0838,-0.1373,0.0723,9.44,-36.06,-2,140.98,-77.28,-173.98
52.402897,-1.51181,143.04,18.72,4,270.57,0 / 14,85610,2019-09-06 20:54:30:617,3.5448,-0.5604,9.4062,0.0638,-0.0414,9.8063,0.1009,-0.0749,0.0036,9.13,-36,-1.12,138.3,-76.85,-174.77
52.402897,-1.51181,143.04,18.72,4,270.57,0 / 14,85710,2019-09-06 20:54:30:717,0.0209,1.3998,11.3641,0.0279,-0.0617,9.8063,0.0716,-0.0401,-0.1337,9.13,-35.44,-0.37,133.97,-77.01,-174.88
52.402897,-1.51181,143.04,18.72,4,270.57,0 / 14,85811,2019-09-06 20:54:30:818,1.0261,2.913,10.7568,-0.0807,0.0636,9.806,0.1965,-0.1149,0.0814,9.94,-36.06,0.31,131.83,-76.85,-175.67
52.402897,-1.51181,143.04,18.72,4,270.57,0 / 14,85909,2019-09-06 20:54:30:916,0.5772,-0.328,9.883,-0.0422,0.0227,9.8065,-0.0863,-0.201,0.0753,9.88,-35.81,0.25,131.82,-76.73,-176.09
52.402897,-1.51181,143.04,18.72,4,270.57,0 / 14,86009,2019-09-06 20:54:31:016,1.2171,-0.226,9.1514,0.0172,0.0122,9.8066,-0.0979,-0.0888,0.0087,10.38,-36.94,-0.19,132.43,-76.76,-176.2
52.403008,-1.515003,147.01,18.95,24,294.48,0 / 14,86110,2019-09-06 20:54:31:117,0.9779,1.8201,8.9817,0.012,0.0044,9.8066,-0.1159,0.0611,0.0399,10.63,-37.19,-0.19,130.26,-76.86,-175.32
52.403008,-1.515003,147.01,18.95,24,294.48,13 / 17,86209,2019-09-06 20:54:31:216,1.2154,-0.5144,10.6392,-0.0296,0.0162,9.8065,0.0334,-0.0904,0.0085,10.69,-37.31,-0.19,130.68,-76.75,-174.99
52.403008,-1.515003,147.01,18.95,24,294.48,13 / 17,86309,2019-09-06 20:54:31:316,1.374,1.0142,11.6563,-0.0375,0.0275,9.8065,0.1376,-0.1274,0.1084,10.94,-37.5,-0.37,131.07,-76.51,-175.08
52.403008,-1.515003,147.01,18.95,24,294.48,13 / 17,86409,2019-09-06 20:54:31:416,-1.2586,0.3724,10.1685,-0.0878,0.0956,9.8057,-0.3531,-0.021,-0.1391,10.63,-38.06,-0.19,131.91,-76.45,-174.99
52.403008,-1.515003,147.01,18.95,24,294.48,13 / 17,86509,2019-09-06 20:54:31:516,2.1839,1.3132,9.5367,-0.069,0.0223,9.8063,-0.2906,-0.4041,0.1332,10.63,-38,-1.19,135.55,-76.05,-174.89
52.403008,-1.515003,147.01,18.95,24,294.48,13 / 17,86609,2019-09-06 20:54:31:616,1.9568,-0.2294,9.0237,0.0752,-0.0749,9.806,0.0999,-0.069,-0.0366,10,-37.37,-2.37,140.4,-76.16,-174.14
52.403008,-1.515003,147.01,18.95,24,294.48,13 / 17,86710,2019-09-06 20:54:31:717,1.1407,0.2789,9.0577,0.0404,-0.0584,9.8064,0.0647,-0.0465,0.0439,9,-36.62,-3.31,145.26,-76.32,-174.45
52.403008,-1.515003,147.01,18.95,24,294.48,13 / 17,86810,2019-09-06 20:54:31:817,1.6539,0.829,10.1404,-0.015,0.0364,9.8065,0.0109,-0.0664,0.0121,7.44,-35.87,-2.62,150.75,-76.55,-174.49
52.403008,-1.515003,147.01,18.95,24,294.48,13 / 17,86910,2019-09-06 20:54:31:917,0.5186,1.7956,10.5336,-0.0336,0.0336,9.8065,-0.0561,-0.1063,0.0499,7.25,-35.06,-2.62,150.56,-76.24,-174.69
52.403008,-1.515003,147.01,18.95,24,294.48,13 / 17,87009,2019-09-06 20:54:32:016,1.3233,1.4511,9.7853,0.0002,-0.0167,9.8066,-0.0359,-0.1116,-0.0621,7.06,-33,-2.5,146.73,-76.33,-174.81
52.403008,-1.515003,147.01,18.95,24,294.48,16 / 19,87111,2019-09-06 20:54:32:118,1.713,0.8507,9.2457,-0.0071,-0.0182,9.8066,-0.1165,-0.0746,0.052,7.19,-32.69,-1.62,145.89,-76.53,-175.99
52.403008,-1.515003,147.01,18.95,24,294.48,16 / 19,87210,2019-09-06 20:54:32:217,0.5644,-0.2689,10.8133,-0.0131,0.027,9.8066,0.0469,-0.0929,0.0279,8.31,-32.87,-1.31,138.95,-76.7,-176.12
52.403008,-1.515003,147.01,18.95,24,294.48,16 / 19,87309,2019-09-06 20:54:32:316,0.805,-0.2348,11.7621,-0.0413,0.0475,9.8064,0.246,-0.0727,-0.0205,8.94,-33.87,-1.62,139.8,-76.56,-175.96
52.403008,-1.515003,147.01,18.95,24,294.48,16 / 19,87410,2019-09-06 20:54:32:417,0.4579,-0.2232,10.5364,0.014,0.0145,9.8066,0.1921,-0.1695,0.1444,9.44,-35.87,-1.56,142.69,-75.48,-175.85
52.403008,-1.515003,147.01,18.95,24,294.48,16 / 19,87509,2019-09-06 20:54:32:516,1.2085,-0.9593,10.1536,0.0481,-0.0412,9.8064,0.2047,-0.0595,0.0132,9.94,-37.31,-0.81,138.58,-75.4,-174.69
52.403008,-1.515003,147.01,18.95,24,294.48,16 / 19,87610,2019-09-06 20:54:32:617,0.9101,0.007,6.915,0.032,-0.028,9.8065,-0.3478,0.0675,-0.1715,9.13,-37,-0.75,141.22,-75.79,-173.73
52.403008,-1.515003,147.01,18.95,24,294.48,16 / 19,87709,2019-09-06 20:54:32:716,3.2636,-0.5384,8.1814,0.0061,-0.0505,9.8064,-0.1411,-0.044,0.1255,8.69,-36.62,-2.75,144.76,-76.71,-174.41
52.403008,-1.515003,147.01,18.95,24,294.48,16 / 19,87810,2019-09-06 20:54:32:817,2.8253,1.0702,9.6179,-0.02,0.0556,9.8064,0.1294,0.0403,-0.0904,7.94,-37,-2.44,144.89,-76.85,-174.73
52.403008,-1.515003,147.01,18.95,24,294.48,16 / 19,87910,2019-09-06 20:54:32:917,-2.1735,-3.4097,8.2722,-0.0241,0.0494,9.8065,-0.3429,0.085,-0.0674,8.38,-37.5,-1.75,145.68,-76.37,-174.58
52.403008,-1.515003,147.01,18.95,24,294.48,16 / 19,88009,2019-09-06 20:54:33:016,1.702,-4.977,8.3453,0.2053,-0.2906,9.8001,1.0811,-0.2839,0.2777,8.44,-37.75,-0.81,146.86,-74.47,-173.54
52.403008,-1.515003,147.01,18.95,24,294.48,15 / 19,88109,2019-09-06 20:54:33:116,10.5057,1.3433,13.4182,0.245,-0.181,9.8018,0.5126,0.2401,-0.3419,9.13,-37.75,0.19,139.54,-75.9,-172.12
52.403008,-1.515003,147.01,18.95,24,294.48,15 / 19,88210,2019-09-06 20:54:33:217,-0.9253,2.8146,10.9686,-0.1224,0.0711,9.8056,-0.1372,-0.2609,-0.3226,10.19,-38.75,-0.37,136.7,-75.95,-173.65
52.403008,-1.515003,147.01,18.95,24,294.48,15 / 19,88309,2019-09-06 20:54:33:316,-1.1278,1.9164,10.2066,-0.0806,0.019,9.8062,0.273,-0.1799,-0.0784,11.19,-38,-1.62,138.14,-75.95,-175.22
52.403008,-1.515003,147.01,18.95,24,294.48,15 / 19,88409,2019-09-06 20:54:33:416,-1.6821,2.0041,9.9394,-0.0328,0.0219,9.8065,-0.272,0.0311,0.1345,11.06,-38.56,-2.56,140.26,-75.66,-177.36
52.403008,-1.515003,147.01,18.95,24,294.48,15 / 19,88510,2019-09-06 20:54:33:517,2.9183,0.1761,8.4904,-0.0264,0.0467,9.8064,-0.3917,-0.0679,0.1588,10.56,-38.87,-2.31,138.84,-75.15,-177.15
52.403008,-1.515003,147.01,18.95,24,294.48,15 / 19,88610,2019-09-06 20:54:33:617,0.7911,-0.9243,9.4425,0.0815,-0.0849,9.8059,0.3841,-0.0969,-0.0551,10.63,-37.94,-2.81,140.92,-74.86,-177.17
52.403008,-1.515003,147.01,18.95,24,294.48,15 / 19,88709,2019-09-06 20:54:33:716,0.7376,-0.6438,10.0634,0.0622,-0.0968,9.8059,0.3267,-0.1131,0.0561,11,-38.31,-1.81,137.37,-75.64,-177.43
52.403008,-1.515003,147.01,18.95,24,294.48,15 / 19,88809,2019-09-06 20:54:33:816,-0.4871,0.1883,10.3527,-0.0388,0.045,9.8064,-0.0994,0.0349,-0.1109,10.75,-39.37,-1.12,135.4,-75.6,-177.66
52.403008,-1.515003,147.01,18.95,24,294.48,15 / 19,88909,2019-09-06 20:54:33:916,0.0659,0.446,9.8932,-0.0179,-0.0001,9.8066,0.0365,-0.0925,0.0784,11.19,-39.06,-1.75,138.13,-75.47,-177.6
52.403008,-1.515003,147.01,18.95,24,294.48,15 / 19,89010,2019-09-06 20:54:34:017,-0.1733,-0.0808,9.7631,0.0011,0.0024,9.8066,-0.086,0.0334,0.0013,11.69,-39.37,-1.94,135.87,-75.4,-177.5
52.403008,-1.515003,147.01,18.95,24,294.48,17 / 19,89109,2019-09-06 20:54:34:116,1.0046,-1.072,8.789,0.0055,0.0065,9.8066,-0.1099,-0.0032,0.049,11.19,-38.94,-2.56,140.63,-75.41,-177.33
52.403008,-1.515003,147.01,18.95,24,294.48,17 / 19,89210,2019-09-06 20:54:34:217,1.0352,-0.4501,9.1798,0.0566,-0.036,9.8064,0.221,0.0064,-0.1071,11.31,-39,-1.94,139.04,-75.2,-176.64
52.403008,-1.515003,147.01,18.95,24,294.48,17 / 19,89309,2019-09-06 20:54:34:316,0.7164,0.84,8.492,0.0643,-0.041,9.8063,-0.0367,0.0065,0.0236,11.94,-39.31,-2.37,136.55,-75.67,-175.63
52.403008,-1.515003,147.01,18.95,24,294.48,17 / 19,89410,2019-09-06 20:54:34:417,-1.5092,-1.0752,10.8782,-0.0205,0.0059,9.8065,0.1641,-0.0717,0.0188,11.5,-39.19,-3.06,138.53,-75.84,-175.81
52.403008,-1.515003,147.01,18.95,24,294.48,17 / 19,89511,2019-09-06 20:54:34:518,-1.2728,0.1071,10.723,-0.0268,0.0023,9.8066,0.294,-0.0582,-0.1373,11.69,-39.94,-3.25,138.93,-75.94,-175.77
52.403008,-1.515003,147.01,18.95,24,294.48,17 / 19,89610,2019-09-06 20:54:34:617,-1.0995,0.1051,9.9736,-0.0239,0.018,9.8065,-0.295,0.0482,0.0524,10.94,-40.19,-4.19,142.8,-75.91,-176.91
52.403008,-1.515003,147.01,18.95,24,294.48,17 / 19,89709,2019-09-06 20:54:34:716,0.0569,-0.9483,8.476,-0.0154,0.0419,9.8065,-0.2074,0.0417,0.0764,10.19,-39.37,-3.75,145.29,-75.73,-176.56
52.403008,-1.515003,147.01,18.95,24,294.48,17 / 19,89809,2019-09-06 20:54:34:816,1.5317,-1.0654,9.0611,0.0611,-0.0583,9.8062,0.1401,0.0128,-0.0372,9.44,-39.31,-3.25,146.44,-75.63,-175.86
52.403008,-1.515003,147.01,18.95,24,294.48,17 / 19,89909,2019-09-06 20:54:34:916,0.1463,-0.3943,8.8059,0.0641,-0.0676,9.8062,0.1835,0.0211,-0.075,11.31,-39.81,-3.81,143.33,-76.16,-175.41
52.403008,-1.515003,147.01,18.95,24,294.48,17 / 19,90010,2019-09-06 20:54:35:017,-0.1681,-0.2744,9.9639,0.014,-0.0144,9.8066,0.0344,-0.0069,-0.0711,10.56,-39.37,-4.12,142.78,-76.05,-175.79
52.403008,-1.515003,147.01,18.95,24,294.48,18 / 19,90112,2019-09-06 20:54:35:119,0.0749,-0.0772,9.763,0.0139,-0.0422,9.8065,-0.0188,-0.0252,0.0277,11.13,-38.81,-4.44,142.58,-76.14,-175.94
52.403008,-1.515003,147.01,18.95,24,294.48,18 / 19,90209,2019-09-06 20:54:35:216,1.3836,0.2397,10.1612,-0.0033,0.0109,9.8066,0.0337,0.0692,-0.116,10.06,-39.12,-4.87,146.36,-76.55,-176.43
52.403008,-1.515003,147.01,18.95,24,294.48,18 / 19,90310,2019-09-06 20:54:35:317,-1.6725,0.7161,9.9485,-0.0449,0.0356,9.8064,0.0515,-0.0139,0.0052,9.44,-38.87,-4.44,147.09,-76.25,-177.15
52.403008,-1.515003,147.01,18.95,24,294.48,18 / 19,90409,2019-09-06 20:54:35:416,-0.7497,-0.2443,11.1432,0,0.0063,9.8066,-0.0845,0.0409,0.0068,9.56,-38.69,-4.06,144.27,-76.25,-177.23
52.403008,-1.515003,147.01,18.95,24,294.48,18 / 19,90510,2019-09-06 20:54:35:517,0.7397,-0.6123,9.4441,0.0236,-0.0083,9.8065,-0.1293,0.1242,-0.1009,8.69,-38.25,-4.44,146.88,-76.31,-176.55
52.403008,-1.515003,147.01,18.95,24,294.48,18 / 19,90609,2019-09-06 20:54:35:616,2.7625,-0.0328,10.8401,0.0182,-0.0073,9.8066,0.2845,0.0492,-0.0318,8.94,-38.75,-3.5,145.16,-76.28,-176.71
52.403008,-1.515003,147.01,18.95,24,294.48,18 / 19,90710,2019-09-06 20:54:35:717,-1.2202,0.5201,9.6375,0.0525,-0.0793,9.8061,0.4477,-0.0281,0.0327,8.94,-38.19,-4,146.58,-76.36,-176.99
52.403008,-1.515003,147.01,18.95,24,294.48,18 / 19,90810,2019-09-06 20:54:35:817,-3.6601,0.9194,9.2382,-0.0406,0.0263,9.8065,-0.4503,-0.0747,0.0842,9.88,-38.56,-3.94,143.74,-77.08,-176.26
52.403008,-1.515003,147.01,18.95,24,294.48,18 / 19,90910,2019-09-06 20:54:35:917,0.6944,-0.4787,8.9603,-0.0528,0.0683,9.8062,-0.3408,-0.0432,0.0416,9.69,-38.31,-5.12,145.62,-76.8,-176.45
52.403008,-1.515003,147.01,18.95,24,294.48,18 / 19,91010,2019-09-06 20:54:36:017,0.8436,-2.3067,9.4581,0.0306,-0.0447,9.8065,0.2104,0.0076,0.0496,9.94,-38.44,-5,145.69,-76.94,-176.06
52.403008,-1.515003,147.01,18.95,24,294.48,19 / 20,91110,2019-09-06 20:54:36:117,0.9562,-0.9355,9.6379,0.0308,-0.0408,9.8065,0.0919,-0.0378,0.0353,9.81,-38.44,-4.94,145.74,-76.85,-176.16
52.403008,-1.515003,147.01,18.95,24,294.48,19 / 20,91209,2019-09-06 20:54:36:216,-0.7338,-0.4586,10.3037,-0.0444,0.0391,9.8064,-0.0093,0.0157,0.0345,9.38,-38.75,-4.69,148.25,-77.22,-176.51
52.403008,-1.515003,147.01,18.95,24,294.48,19 / 20,91310,2019-09-06 20:54:36:317,-0.3301,-0.4829,9.6873,-0.0217,0.0365,9.8065,-0.0053,0.0387,-0.0264,9.88,-38.69,-4.56,145.42,-77.07,-176.99
52.403008,-1.515003,147.01,18.95,24,294.48,19 / 20,91410,2019-09-06 20:54:36:417,-1.2612,-0.8974,9.2853,0.0292,-0.0215,9.8065,0.0405,-0.084,0.0689,10.06,-39,-4.25,143.18,-77.19,-176.98
52.403008,-1.515003,147.01,18.95,24,294.48,19 / 20,91510,2019-09-06 20:54:36:517,0.3812,-1.0597,10.0763,0.0359,-0.0243,9.8065,0.1747,-0.0681,-0.0289,8.81,-39.06,-5.5,148.46,-77.43,-175.71
52.403008,-1.515003,147.01,18.95,24,294.48,19 / 20,91610,2019-09-06 20:54:36:617,0.2988,-0.6265,9.8435,-0.0114,0.0128,9.8066,-0.0685,0.0183,0.0027,9.06,-39.44,-5.62,150.51,-77.34,-175.61
52.403008,-1.515003,147.01,18.95,24,294.48,19 / 20,91710,2019-09-06 20:54:36:717,-0.2854,-0.5587,9.2447,0.0021,-0.0056,9.8066,-0.1143,0.0367,-0.0198,9.38,-40,-4.19,146.86,-77.29,-175.93
52.403008,-1.515003,147.01,18.95,24,294.48,19 / 20,91810,2019-09-06 20:54:36:817,-0.9342,-0.5583,9.3898,0.0078,-0.01,9.8066,-0.0155,-0.0284,0.0385,9.19,-39.31,-3.19,143.47,-77.47,-176.68
52.403008,-1.515003,147.01,18.95,24,294.48,19 / 20,91910,2019-09-06 20:54:36:917,-1.0072,-0.443,9.4275,-0.0054,-0.0087,9.8065,0.0224,0.0005,-0.0227,9.44,-38.81,-3.19,143.14,-77.7,-176.65
52.403008,-1.515003,147.01,18.95,24,294.48,19 / 20,92009,2019-09-06 20:54:37:016,-0.2932,-0.6572,9.8914,0.0114,-0.0054,9.8066,0.0708,-0.074,0.0172,9.25,-38.44,-3.69,144.78,-77.81,-176.83
52.403008,-1.515003,147.01,18.95,24,294.48,19 / 20,92111,2019-09-06 20:54:37:118,0.1692,-0.8652,9.8022,0.0121,-0.0212,9.8066,0.0299,0.0202,-0.02,9.19,-37.94,-4.44,144.79,-77.88,-176.64
52.403008,-1.515003,147.01,18.95,24,294.48,19 / 20,92210,2019-09-06 20:54:37:217,-0.3125,-0.0533,9.8011,-0.0234,0.0233,9.8065,-0.0429,0.0058,-0.0138,9.56,-38.06,-4.19,141.67,-77.91,-177.03
52.403008,-1.515003,147.01,18.95,24,294.48,19 / 20,92309,2019-09-06 20:54:37:316,-0.098,-0.4241,9.1238,-0.0207,0.0131,9.8066,-0.1049,-0.0559,-0.0042,9.56,-37.69,-5.37,143.82,-77.95,-177.1
52.403008,-1.515003,147.01,18.95,24,294.48,19 / 20,92409,2019-09-06 20:54:37:416,-0.3,-0.5771,8.9681,0.0198,-0.0286,9.8065,0.0553,-0.033,-0.0268,9,-38.5,-5.44,146.57,-77.94,-177.22
52.403008,-1.515003,147.01,18.95,24,294.48,19 / 20,92510,2019-09-06 20:54:37:517,-0.9675,-0.8973,9.3245,0.0246,-0.0306,9.8066,0.0661,-0.0406,0.0075,9.25,-38.31,-5.31,146.27,-78.21,-177.15
52.403008,-1.515003,147.01,18.95,24,294.48,19 / 20,92610,2019-09-06 20:54:37:617,-0.1945,-0.325,9.6034,-0.0108,0.015,9.8066,-0.1219,-0.0214,0.026,8.38,-38.25,-5.37,149.44,-78.23,-176.88
52.403008,-1.515003,147.01,18.95,24,294.48,19 / 20,92709,2019-09-06 20:54:37:716,-0.6901,-0.5606,9.1862,-0.0205,0.0264,9.8066,-0.2332,0.0109,-0.0205,8.81,-38.37,-5.62,148.56,-78.11,-176.89
52.403008,-1.515003,147.01,18.95,24,294.48,19 / 20,92809,2019-09-06 20:54:37:816,-0.0503,-0.8064,8.6856,0.0254,-0.0652,9.8064,0.1421,0.0164,0.0279,8.31,-39.5,-5.69,151.68,-78.29,-176.86
52.403008,-1.515003,147.01,18.95,24,294.48,19 / 20,92909,2019-09-06 20:54:37:916,-1.8468,-0.3969,9.8329,0.0307,-0.055,9.8064,0.0654,0.0152,-0.0325,8.5,-40.81,-6.06,148.69,-78.49,-177.76
52.403008,-1.515003,147.01,18.95,24,294.48,19 / 20,93009,2019-09-06 20:54:38:016,-0.8401,0.6097,11.2188,-0.083,0.0627,9.8061,-0.131,-0.0289,0.0151,8.19,-40.5,-4.44,146.7,-78.99,-177.51
52.403008,-1.515003,147.01,18.95,24,294.48,18 / 19,93109,2019-09-06 20:54:38:116,-0.6794,1.817,10.883,-0.0689,0.099,9.8059,-0.0478,-0.0241,0.1371,7.94,-38.69,-4.12,146.81,-78.21,-178.6
52.403008,-1.515003,147.01,18.95,24,294.48,18 / 19,93209,2019-09-06 20:54:38:216,-0.9409,-1.0865,9.4006,0.0522,-0.0562,9.8063,0.0028,-0.0929,0.0239,8.38,-38.37,-5.12,149.2,-78.05,-177.69
52.403008,-1.515003,147.01,18.95,24,294.48,18 / 19,93310,2019-09-06 20:54:38:317,0.7723,0.1544,8.6189,0.0366,-0.033,9.8065,-0.1639,0.0505,-0.0828,7.94,-38.62,-5.5,150.04,-78.13,-176.71
52.403008,-1.515003,147.01,18.95,24,294.48,18 / 19,93410,2019-09-06 20:54:38:417,-0.8723,0.1957,9.3469,0.0066,-0.0251,9.8066,0.0089,0.0108,0.0268,8.5,-38.37,-5.94,148.07,-78.73,-176.53
52.403008,-1.515003,147.01,18.95,24,294.48,18 / 19,93510,2019-09-06 20:54:38:517,-0.8537,-0.2306,9.6473,-0.0045,-0.0092,9.8066,0.0452,0.0071,-0.027,8.94,-38.44,-6.12,147.24,-79.15,-177.06
52.403008,-1.515003,147.01,18.95,24,294.48,18 / 19,93610,2019-09-06 20:54:38:617,-0.8352,0.3519,9.4675,-0.0024,0.017,9.8066,-0.1149,0.0364,-0.012,8.5,-38.69,-6.31,147.23,-79.24,-177.47
52.403008,-1.515003,147.01,18.95,24,294.48,18 / 19,93710,2019-09-06 20:54:38:717,-0.0467,-1.75,10.3815,0.0034,0.0214,9.8065,-0.0747,0.0538,0.0121,8.5,-38.5,-5.81,147.7,-78.99,-176.64
52.403008,-1.515003,147.01,18.95,24,294.48,18 / 19,93810,2019-09-06 20:54:38:817,-0.9019,0.6622,10.5049,-0.0171,0.0177,9.8066,0.1121,0.007,-0.0378,8.56,-38.81,-5.25,146.45,-78.73,-176.4
52.403008,-1.515003,147.01,18.95,24,294.48,18 / 19,93910,2019-09-06 20:54:38:917,-0.6287,0.4098,9.6495,0.0022,-0.0237,9.8066,0.1503,0.066,-0.0017,9,-38.37,-5.25,146.05,-78.58,-176.7
52.403008,-1.515003,147.01,18.95,24,294.48,18 / 19,94010,2019-09-06 20:54:39:017,-1.1982,-0.806,9.053,0.0142,-0.0081,9.8066,-0.1381,-0.0714,-0.0721,8.63,-37.87,-5.56,147.31,-78.83,-177.56
52.403008,-1.515003,147.01,18.95,24,294.48,19 / 20,94110,2019-09-06 20:54:39:117,-1.7718,-0.8719,10.6143,-0.0267,0.001,9.8065,-0.0582,-0.0215,-0.0595,9,-37.94,-5.37,145.06,-78.82,-177.85
52.403008,-1.515003,147.01,18.95,24,294.48,19 / 20,94209,2019-09-06 20:54:39:216,-1.0409,-0.5022,10.4705,-0.0102,0.0247,9.8066,-0.0367,-0.0011,0.0112,8.88,-38.69,-5.12,145.51,-78.71,-178.02
52.403008,-1.515003,147.01,18.95,24,294.48,19 / 20,94310,2019-09-06 20:54:39:317,0.3237,0.5673,10.2703,0.0026,0.0263,9.8066,-0.0392,-0.0291,0.0498,8.44,-38.56,-5.31,149.6,-78.35,-177.02
52.403008,-1.515003,147.01,18.95,24,294.48,19 / 20,94409,2019-09-06 20:54:39:416,1.1376,0.3098,8.9521,0.0295,-0.0071,9.8066,-0.1936,-0.0035,-0.0018,8.19,-38.56,-5.56,151.95,-78.55,-175.9
52.403008,-1.515003,147.01,18.95,24,294.48,19 / 20,94510,2019-09-06 20:54:39:517,0.0187,-0.3576,9.6141,-0.005,-0.0156,9.8066,-0.0907,-0.0346,0.0669,8.5,-38.87,-5.12,146.96,-78.82,-175.35
52.403008,-1.515003,147.01,18.95,24,294.48,19 / 20,94609,2019-09-06 20:54:39:616,1.7003,1.4268,12.5676,-0.0533,0.1048,9.8059,0.0187,0.1336,-0.1138,8.56,-38.75,-5.44,146.55,-79.23,-175.14
52.403008,-1.515003,147.01,18.95,24,294.48,19 / 20,94709,2019-09-06 20:54:39:716,-2.197,-0.6845,12.187,-0.0508,0.0727,9.8062,0.3314,0.1969,-0.2209,8.81,-38.37,-4.87,146.93,-78.47,-175.47
52.403008,-1.515003,147.01,18.95,24,294.48,19 / 20,94809,2019-09-06 20:54:39:816,2.1249,0.5216,11.0952,-0.0155,0.0296,9.8066,-0.014,0.0856,-0.1596,8.94,-38.75,-4.56,146.25,-78.26,-177.78
52.403008,-1.515003,147.01,18.95,24,294.48,19 / 20,94909,2019-09-06 20:54:39:916,-0.8644,0.4741,9.7758,-0.032,-0.011,9.8065,-0.1516,-0.0261,-0.0569,9.31,-37.69,-4.75,145.42,-77.85,-179.39
52.403008,-1.515003,147.01,18.95,24,294.48,19 / 20,95009,2019-09-06 20:54:40:016,-0.2307,-0.8349,8.4112,0.0229,-0.0503,9.8064,-0.0267,-0.0376,-0.0526,9.44,-38.12,-4.56,144.56,-78.06,179.62
52.404305,-1.516577,144.97,17.94,4,320.21,19 / 20,95109,2019-09-06 20:54:40:116,-0.5081,-0.6889,10.0897,0.0238,-0.0269,9.8065,0.0604,-0.0578,-0.0281,9.5,-38.44,-5.12,140.95,-78.33,179.08
52.404305,-1.516577,144.97,17.94,4,320.21,19 / 20,95210,2019-09-06 20:54:40:217,0.1896,-0.1958,10.2789,0.0008,0.0419,9.8066,0.0848,-0.0177,0.035,9.06,-38.25,-4.81,144.15,-78.43,179.76
52.404305,-1.516577,144.97,17.94,4,320.21,19 / 20,95310,2019-09-06 20:54:40:317,-0.1551,0.4767,9.8335,0.0112,0.0106,9.8066,0.1293,-0.0404,0.0092,8.19,-38.5,-4.75,148.4,-78.12,-178.97
52.404305,-1.516577,144.97,17.94,4,320.21,19 / 20,95409,2019-09-06 20:54:40:416,1.2137,0.8077,10.3285,0.0043,0.0088,9.8066,-0.0855,0.0167,-0.0038,7.63,-38.75,-5.06,149.48,-78.1,-177.79
52.404305,-1.516577,144.97,17.94,4,320.21,19 / 20,95510,2019-09-06 20:54:40:517,-1.0384,-0.3354,9.9585,-0.0133,0.0231,9.8066,-0.1249,0.0158,-0.0143,8.44,-38.75,-5.75,151.34,-78.11,-177.8
52.404305,-1.516577,144.97,17.94,4,320.21,19 / 20,95609,2019-09-06 20:54:40:616,0.1156,-0.271,9.7146,0.0218,-0.0402,9.8065,0.1207,0.0446,-0.0283,8.44,-38.94,-5.37,149.26,-78.21,-177.94
52.404305,-1.516577,144.97,17.94,4,320.21,19 / 20,95709,2019-09-06 20:54:40:716,-0.5386,0.7955,10.9778,0.024,-0.0426,9.8065,0.244,-0.0125,0.0488,8.06,-39.31,-4.81,148.72,-78.45,-178.37
52.404305,-1.516577,144.97,17.94,4,320.21,19 / 20,95809,2019-09-06 20:54:40:816,-0.5513,1.1278,11.0313,-0.0665,0.0912,9.8059,-0.2134,0.019,-0.034,8.06,-38.94,-4.75,148.86,-78.32,-178.42
52.404305,-1.516577,144.97,17.94,4,320.21,19 / 20,95909,2019-09-06 20:54:40:916,-0.992,0.945,10.8489,-0.0421,0.0701,9.8063,-0.088,0.0029,0.0013,8.13,-38.87,-4.37,146.77,-78.11,-178.92
52.404305,-1.516577,144.97,17.94,4,320.21,19 / 20,96010,2019-09-06 20:54:41:017,-0.7281,-1.2574,9.0691,0.0211,-0.0648,9.8064,0.115,-0.0805,-0.0125,8.81,-38.56,-5.62,148.23,-77.72,-178.84
52.404305,-1.516577,144.97,17.94,4,320.21,19 / 20,96109,2019-09-06 20:54:41:116,0.8777,-0.2483,10.3766,0.0397,-0.0662,9.8063,0.117,-0.0399,-0.0589,7.94,-38.94,-5.75,150.26,-78.24,-179.42
52.404305,-1.516577,144.97,17.94,4,320.21,19 / 20,96209,2019-09-06 20:54:41:216,-0.222,-1.1198,11.1982,-0.0674,0.0758,9.806,-0.0207,-0.0533,0.1206,7.94,-39.25,-3.94,145.86,-78.32,179.96
52.404305,-1.516577,144.97,17.94,4,320.21,19 / 20,96310,2019-09-06 20:54:41:317,0.5712,-1.3309,10.0211,-0.021,0.0407,9.8065,-0.0407,-0.0515,0.0553,7.94,-38.12,-4,145.65,-78.09,179.79
52.404305,-1.516577,144.97,17.94,4,320.21,19 / 20,96409,2019-09-06 20:54:41:416,0.3904,-0.0708,9.8146,0.0556,-0.0475,9.8063,0.1773,-0.0439,0.0508,7.94,-38.19,-4.25,146.61,-77.21,179.28
52.404305,-1.516577,144.97,17.94,4,320.21,19 / 20,96509,2019-09-06 20:54:41:516,-0.2844,0.1163,10.0966,0.0074,-0.0077,9.8065,0.0905,-0.0116,0.0346,8.75,-39,-3.87,144.05,-77.32,179.79
52.404305,-1.516577,144.97,17.94,4,320.21,19 / 20,96610,2019-09-06 20:54:41:617,0.1552,-1.0297,9.6877,0.0864,-0.1461,9.8052,-0.3348,0.0319,0.069,8.44,-38.56,-4.69,148.33,-78.33,-179.34
52.404305,-1.516577,144.97,17.94,4,320.21,19 / 20,96709,2019-09-06 20:54:41:716,-0.2398,0.1237,9.2602,0.1363,-0.0978,9.8052,-0.1258,0.098,0.0902,8.69,-38.75,-5.87,145.65,-80.89,-176.56
52.404305,-1.516577,144.97,17.94,4,320.21,19 / 20,96810,2019-09-06 20:54:41:817,-0.2191,-0.8421,9.0383,0.2117,-0.2739,9.8005,-0.6179,-0.0927,0.0729,7.94,-39,-8.37,153.53,-82.64,-172.65
52.404305,-1.516577,144.97,17.94,4,320.21,19 / 20,96909,2019-09-06 20:54:41:916,0.6218,-0.1454,10.4524,-0.0228,0.0097,9.8066,-0.2556,-0.1098,0.1167,8.5,-38.69,-9.06,155.94,-85.71,-164.37
52.404305,-1.516577,144.97,17.94,4,320.21,19 / 20,97009,2019-09-06 20:54:42:016,-1.1074,-0.7086,10.9147,-0.0312,0.0033,9.8066,0.1736,-0.0103,0.0683,8.13,-39.19,-10.19,171.44,-87.47,-151.03
52.404305,-1.516577,144.97,17.94,4,320.21,19 / 20,97110,2019-09-06 20:54:42:117,-1.3841,-0.4846,11.1625,-0.0761,0.0763,9.806,0.2175,0.0177,-0.0141,8.19,-38.87,-9.5,161.72,-86.36,-160.3
52.404305,-1.516577,144.97,17.94,4,320.21,19 / 20,97210,2019-09-06 20:54:42:217,0.1307,-0.9643,10.165,-0.0228,0.0543,9.8065,0.3518,0.0531,-0.0301,7.75,-39.87,-9.56,165.16,-85.78,-159.51
52.404305,-1.516577,144.97,17.94,4,320.21,19 / 20,97310,2019-09-06 20:54:42:317,0.8423,-1.3425,11.3554,-0.1189,0.1677,9.8045,0.4715,-0.079,0.0018,7.56,-39.69,-7.62,157.62,-83.4,-166.15
52.404305,-1.516577,144.97,17.94,4,320.21,19 / 20,97410,2019-09-06 20:54:42:417,-2.8702,1.0807,7.9904,-0.0229,0.0843,9.8062,-0.1136,-0.0578,0.0804,7.5,-39.87,-5.94,152.29,-81.11,-171.04
52.404305,-1.516577,144.97,17.94,4,320.21,19 / 20,97509,2019-09-06 20:54:42:516,-0.2129,-0.2635,8.9816,-0.0015,0.0756,9.8063,-0.0151,-0.0891,0.0414,6.94,-40,-5.31,154.72,-80.69,-169.32
52.404305,-1.516577,144.97,17.94,4,320.21,19 / 20,97609,2019-09-06 20:54:42:616,0.6185,-0.1538,10.2563,-0.0461,0.0225,9.8065,0.3975,0.039,-0.1346,6.38,-40.25,-5.31,159.76,-79.55,-168.52
52.404305,-1.516577,144.97,17.94,4,320.21,19 / 20,97709,2019-09-06 20:54:42:716,-0.9146,0.3648,10.2315,0.0056,-0.0477,9.8065,0.3518,-0.0095,0.0341,7.19,-39.94,-4.69,155.41,-79.16,-171.15
52.404305,-1.516577,144.97,17.94,4,320.21,19 / 20,97809,2019-09-06 20:54:42:816,0.1431,0.0568,11.2263,-0.0414,0.0567,9.8064,-0.0792,-0.0121,0.0057,6.63,-39.69,-4.31,153.19,-78.83,-171.91
52.404305,-1.516577,144.97,17.94,4,320.21,19 / 20,97909,2019-09-06 20:54:42:916,-0.5325,-1.213,10.2952,-0.0142,0.0239,9.8066,-0.0866,0.0249,-0.0707,6.44,-39.5,-4.75,158.65,-78.32,-172.42
52.404305,-1.516577,144.97,17.94,4,320.21,19 / 20,98009,2019-09-06 20:54:43:016,-0.2694,0.802,9.7202,-0.0059,-0.0025,9.8065,-0.1128,-0.0401,-0.0201,6.44,-39.75,-4.56,158.44,-78.63,-172.82
52.404305,-1.516577,144.97,17.94,4,320.21,19 / 20,98110,2019-09-06 20:54:43:117,-0.4761,-0.9326,9.6238,-0.0073,-0.0137,9.8066,-0.0507,0.042,-0.0618,5.81,-39.62,-4.62,158.14,-78.76,-173.18
52.404305,-1.516577,144.97,17.94,4,320.21,19 / 20,98209,2019-09-06 20:54:43:216,-0.286,-0.6251,10.3219,-0.0298,0.046,9.8064,0.0554,-0.0637,0.0522,6.75,-41.19,-4.69,154.17,-78.84,-174.72
52.404305,-1.516577,144.97,17.94,4,320.21,19 / 20,98310,2019-09-06 20:54:43:317,-1.8455,-0.1244,10.0843,-0.0222,0.023,9.8065,0.0811,-0.0311,-0.036,6.5,-40.94,-3.94,152.47,-78.38,-175.19
52.404305,-1.516577,144.97,17.94,4,320.21,19 / 20,98410,2019-09-06 20:54:43:417,-0.607,0.0228,10.1766,0.0156,-0.0109,9.8066,0.0316,-0.0574,-0.0322,6.56,-40,-4.44,152.57,-78.09,-174.96
52.404305,-1.516577,144.97,17.94,4,320.21,19 / 20,98510,2019-09-06 20:54:43:517,-0.7359,-0.8485,9.3815,0.0198,-0.0291,9.8065,-0.0359,0.0205,-0.0452,6.81,-40.37,-4.81,154.56,-78.29,-174.52
52.404305,-1.516577,144.97,17.94,4,320.21,19 / 20,98609,2019-09-06 20:54:43:616,0.6587,0.4454,9.4268,-0.0026,-0.0015,9.8066,-0.0679,0.035,-0.0216,7,-40.37,-4.81,154.18,-78.51,-174.79
52.404305,-1.516577,144.97,17.94,4,320.21,19 / 20,98710,2019-09-06 20:54:43:717,-0.0531,0.1519,8.9933,-0.0097,-0.0064,9.8065,-0.0374,-0.0008,-0.0326,7,-39.5,-4.69,153.47,-78.69,-175.12
52.404305,-1.516577,144.97,17.94,4,320.21,19 / 20,98810,2019-09-06 20:54:43:817,-1.3721,-0.1151,8.4444,0.01,-0.0246,9.8066,0.0106,-0.0186,0.0684,6.69,-40.44,-5.87,154.86,-78.84,-176.29
52.404305,-1.516577,144.97,17.94,4,320.21,19 / 20,98912,2019-09-06 20:54:43:919,-0.6978,-1.6261,8.9053,0.0324,-0.0593,9.8063,0.0469,-0.0317,-0.039,6.88,-40.37,-5.56,154.53,-79.15,-176.32
52.404305,-1.516577,144.97,17.94,4,320.21,19 / 20,99010,2019-09-06 20:54:44:017,-1.0542,0.2307,10.5443,-0.0177,0.034,9.8065,0.0332,0.0177,-0.037,6.81,-39.69,-5.56,154.45,-79.04,-176.66
52.404305,-1.516577,144.97,17.94,4,320.21,19 / 20,99110,2019-09-06 20:54:44:117,-0.9426,0.224,10.6712,-0.018,0.0169,9.8066,0.1187,0.0193,0.0474,6.56,-40.5,-5.62,154.54,-78.78,-177
52.404305,-1.516577,144.97,17.94,4,320.21,19 / 20,99209,2019-09-06 20:54:44:216,0.0054,0.1599,10.9702,-0.0107,0.0404,9.8065,-0.2298,0.0019,-0.08,5.75,-40.44,-6.06,158.05,-78.78,-176.69
52.404305,-1.516577,144.97,17.94,4,320.21,19 / 20,99310,2019-09-06 20:54:44:317,-0.4545,-1.0797,9.2424,-0.013,0.0434,9.8065,-0.2774,0.0389,-0.055,4.94,-41.31,-6.56,163.11,-78.86,-176.59
52.404305,-1.516577,144.97,17.94,4,320.21,19 / 20,99410,2019-09-06 20:54:44:417,-0.306,-1.7973,9.2329,0.0246,-0.0706,9.8063,0.2779,0.0105,0.0341,3.88,-41.87,-5.25,164.37,-78.58,-177.2
52.404305,-1.516577,144.97,17.94,4,320.21,19 / 20,99509,2019-09-06 20:54:44:516,0.5424,0.6764,9.6432,0.0118,-0.062,9.8064,0.211,-0.0042,0.0707,2.63,-40.56,-4.25,166.83,-78.93,-177.1
52.404305,-1.516577,144.97,17.94,4,320.21,19 / 20,99610,2019-09-06 20:54:44:617,-0.6772,1.0766,9.7582,-0.0035,0.0547,9.8064,-0.1743,0.0023,-0.0244,3.44,-40.37,-3.81,166.7,-78.91,-176.94
52.404305,-1.516577,144.97,17.94,4,320.21,19 / 20,99710,2019-09-06 20:54:44:717,-0.065,0.1251,9.2677,-0.0221,0.0413,9.8064,-0.1938,0.0067,0.0146,4.06,-38.56,-3.5,160.52,-78.76,-176.53
52.404305,-1.516577,144.97,17.94,4,320.21,19 / 20,99809,2019-09-06 20:54:44:816,0.4817,-0.5907,9.3052,0.0144,-0.0303,9.8065,0.1552,0.0298,-0.0288,4.44,-38.06,-3.87,161.74,-79.03,-176.6
52.404305,-1.516577,144.97,17.94,4,320.21,19 / 20,99909,2019-09-06 20:54:44:916,-0.4243,0.2523,10.7295,-0.0028,-0.0147,9.8066,0.1814,0.0298,-0.008,4.69,-38.25,-4.31,157.31,-79.09,-176.75
52.404305,-1.516577,144.97,17.94,4,320.21,19 / 20,100009,2019-09-06 20:54:45:016,0.5,0.2549,10.5819,-0.0058,0.0245,9.8066,-0.0479,0.1218,-0.0345,5.06,-37.94,-4.44,157.32,-78.92,-177.11
52.404305,-1.516577,144.97,17.94,4,320.21,19 / 20,100111,2019-09-06 20:54:45:118,-0.7545,-0.1321,9.5594,0.0086,0.0177,9.8065,-0.1854,0.0743,-0.02,5.44,-37.25,-5.37,159.4,-78.57,-176.69
52.404305,-1.516577,144.97,17.94,4,320.21,19 / 20,100209,2019-09-06 20:54:45:216,0.0082,0.5487,9.8927,0.0231,-0.0134,9.8066,0.0895,-0.0356,-0.0801,4.69,-37.75,-5.62,161.4,-78.53,-176.46
52.404305,-1.516577,144.97,17.94,4,320.21,19 / 20,100309,2019-09-06 20:54:45:316,-0.6665,1.1096,9.6588,0.0051,-0.023,9.8066,0.1065,0.0362,-0.0586,4.5,-38.31,-5.62,161.4,-78.86,-175.95
52.404305,-1.516577,144.97,17.94,4,320.21,19 / 20,100410,2019-09-06 20:54:45:417,0.2787,0.3534,9.4766,-0.004,0.0122,9.8066,-0.1453,0.0158,-0.004,3.94,-38.94,-6.12,164.85,-78.99,-176.87
52.404305,-1.516577,144.97,17.94,4,320.21,19 / 20,100510,2019-09-06 20:54:45:517,-0.0589,-0.4679,9.738,0,-0.0013,9.8066,-0.031,-0.0185,0.0039,3.63,-40.25,-6.56,166.05,-78.91,-177.27
52.404305,-1.516577,144.97,17.94,4,320.21,19 / 20,100610,2019-09-06 20:54:45:617,-0.9249,1.3893,9.8033,0.0109,0.009,9.8066,0.024,0.0046,0.0141,2.81,-40.12,-6.12,169.02,-78.8,-176.97
52.404305,-1.516577,144.97,17.94,4,320.21,19 / 20,100710,2019-09-06 20:54:45:717,-0.0544,0.111,10.2558,0.0103,-0.0078,9.8066,0.0584,-0.0019,0.0467,2.38,-40.56,-5.12,172.83,-78.8,-175.87
52.404305,-1.516577,144.97,17.94,4,320.21,19 / 20,100809,2019-09-06 20:54:45:816,-1.4382,0.697,9.9814,-0.0056,0.0463,9.8065,-0.1016,-0.0106,0.0071,2.63,-40.06,-5.5,168.46,-78.89,-175.71
52.404305,-1.516577,144.97,17.94,4,320.21,19 / 20,100909,2019-09-06 20:54:45:916,-0.4242,0.5713,9.4264,-0.0025,0.0258,9.8066,-0.0897,-0.0343,-0.0334,1.81,-40.12,-5.81,173.93,-78.72,-175.05
52.404305,-1.516577,144.97,17.94,4,320.21,19 / 20,101009,2019-09-06 20:54:46:016,-0.338,-0.0533,8.8836,0.0087,-0.0407,9.8065,0.0269,-0.0093,0.0224,2.25,-40.69,-5.69,173.91,-78.82,-175.2
52.404305,-1.516577,144.97,17.94,4,320.21,19 / 20,101110,2019-09-06 20:54:46:117,-0.5403,-0.5246,10.3132,0.0032,-0.04,9.8065,0.0251,0.0408,0.0436,1.63,-40.37,-6,173.75,-79.17,-175.14
52.404305,-1.516577,144.97,17.94,4,320.21,19 / 20,101209,2019-09-06 20:54:46:216,-0.8322,-0.8672,10.0718,0.0013,0.0373,9.8065,0.0283,-0.0577,0.0289,2.13,-39.94,-6.12,173.74,-79.15,-175.18
52.404305,-1.516577,144.97,17.94,4,320.21,19 / 20,101310,2019-09-06 20:54:46:317,-0.5965,-0.264,9.9241,-0.0111,0.0282,9.8066,-0.0759,-0.0071,-0.0758,2.44,-39.81,-5.31,173.17,-78.76,-174.82
52.404305,-1.516577,144.97,17.94,4,320.21,19 / 20,101410,2019-09-06 20:54:46:417,0.009,0.3745,9.5484,-0.0114,-0.0122,9.8065,0.0427,0.0131,0.0252,2.69,-40.31,-6.5,169.76,-78.78,-175.39
52.404305,-1.516577,144.97,17.94,4,320.21,19 / 20,101510,2019-09-06 20:54:46:517,0.0956,-0.6952,9.0706,-0.0112,-0.0151,9.8066,0.0314,0.0143,0.023,2.5,-40.5,-7.81,171.23,-78.94,-175.93
52.404305,-1.516577,144.97,17.94,4,320.21,19 / 20,101610,2019-09-06 20:54:46:617,-0.965,-0.2052,9.8662,-0.0011,-0.0178,9.8065,0.0171,-0.0951,0.0188,3.5,-42.69,-10.37,169.26,-79.14,-176.81
52.404305,-1.516577,144.97,17.94,4,320.21,19 / 20,101710,2019-09-06 20:54:46:717,0.0872,-0.0078,9.8421,0.0022,0.0052,9.8066,0.0087,0.0173,-0.0618,4.06,-45.87,-11.5,170.21,-79.07,-176.92
52.404305,-1.516577,144.97,17.94,4,320.21,19 / 20,101810,2019-09-06 20:54:46:817,0.0078,0.1091,10.6252,0.0009,0.0213,9.8065,0.0852,-0.0488,0.0491,5.13,-51.44,-11.12,168.02,-78.77,-177.15
52.404305,-1.516577,144.97,17.94,4,320.21,19 / 20,101910,2019-09-06 20:54:46:917,-0.2959,1.6279,9.8842,0.0016,0.007,9.8066,0.0378,-0.0151,-0.0322,3.19,-54.69,-4.06,169.55,-78.57,-176.68
52.404305,-1.516577,144.97,17.94,4,320.21,19 / 20,102010,2019-09-06 20:54:47:017,0.7207,-0.9421,8.6178,0.0163,-0.0737,9.8063,0.1853,-0.0037,-0.0324,3.5,-57.06,-4.19,166.15,-78.62,-177.06
52.404305,-1.516577,144.97,17.94,4,320.21,19 / 20,102110,2019-09-06 20:54:47:117,-0.1721,-0.0532,8.3122,0.0138,-0.0685,9.8064,0.1696,-0.0078,-0.0357,4.81,-57.87,3.44,147.43,-79.31,-177.89
52.404305,-1.516577,144.97,17.94,4,320.21,19 / 20,102209,2019-09-06 20:54:47:216,-0.6764,0.521,8.77,-0.0296,-0.0008,9.8066,-0.2355,-0.0063,-0.0468,6.31,-52.5,7.44,112.65,-79.68,-178.67
52.404305,-1.516577,144.97,17.94,4,320.21,19 / 20,102310,2019-09-06 20:54:47:317,-0.6435,-0.4402,9.7481,-0.0123,-0.0135,9.8066,-0.0292,0.0079,-0.0538,6.81,-44.06,7.13,97.87,-79.71,179.97
52.404305,-1.516577,144.97,17.94,4,320.21,19 / 20,102410,2019-09-06 20:54:47:417,0.6427,-0.4876,10.4166,-0.0413,0.0122,9.8065,0.0049,0.0121,0.039,6.25,-36.44,4.44,111.98,-79.69,178.83
52.404305,-1.516577,144.97,17.94,4,320.21,19 / 20,102510,2019-09-06 20:54:47:517,-0.3063,-0.5468,10.8167,-0.0102,0.0123,9.8065,-0.0313,-0.0417,0.0046,7.13,-33.31,1.06,125.49,-79.3,178.53
52.404305,-1.516577,144.97,17.94,4,320.21,19 / 20,102609,2019-09-06 20:54:47:616,-0.879,0.5605,10.5723,-0.0187,0.0117,9.8066,-0.0192,-0.0237,0.0124,7.63,-31.62,-2.44,134.23,-79.15,178.83
52.404305,-1.516577,144.97,17.94,4,320.21,19 / 20,102709,2019-09-06 20:54:47:716,-0.068,0.1191,10.5646,-0.0091,0.0083,9.8066,-0.0578,0.003,0.001,10.13,-33,-4.94,137.05,-79.1,178.46
52.404305,-1.516577,144.97,17.94,4,320.21,19 / 20,102810,2019-09-06 20:54:47:817,-0.0674,0.4431,10.1088,-0.0114,0.0171,9.8066,0.0106,0.0465,-0.0013,10.69,-35.5,-5.75,137.29,-79.26,178.34
52.404305,-1.516577,144.97,17.94,4,320.21,19 / 20,102910,2019-09-06 20:54:47:917,-2.2789,1.0272,9.0465,0.0008,-0.0005,9.8066,0.0606,-0.0713,0.0753,10.06,-38.56,-3.75,137.1,-79.32,178.39
52.404305,-1.516577,144.97,17.94,4,320.21,19 / 20,103010,2019-09-06 20:54:48:017,1.0244,-0.1111,9.1002,0.025,-0.0252,9.8065,-0.0961,-0.0259,0.0052,7.19,-38.06,0.94,129.26,-79.63,178.69
52.404305,-1.516577,144.97,17.94,4,320.21,19 / 20,103110,2019-09-06 20:54:48:117,0.7878,-0.4127,9.0329,0.0059,-0.0008,9.8066,-0.1249,0.0037,-0.0055,5.63,-34,3.63,107.56,-79.89,178.34
52.404305,-1.516577,144.97,17.94,4,320.21,19 / 20,103210,2019-09-06 20:54:48:217,0.0439,-0.7518,10.0519,-0.002,0.0205,9.8066,0.0468,-0.0106,0.0308,2.38,-26.87,1.19,151.62,-80,178.32
52.404305,-1.516577,144.97,17.94,4,320.21,19 / 20,103310,2019-09-06 20:54:48:317,0.4791,-0.1349,11.0659,0.0036,0.0502,9.8065,0.0097,-0.0084,0.0163,0.13,-25,-3.69,179.52,-79.74,179
52.404305,-1.516577,144.97,17.94,4,320.21,19 / 20,103409,2019-09-06 20:54:48:416,0.4895,0.1831,10.8462,0.0018,0.0097,9.8066,0.0752,0.0479,-0.024,-1.06,-28,-8.19,183.59,-79.62,178.64
52.404305,-1.516577,144.97,17.94,4,320.21,19 / 20,103510,2019-09-06 20:54:48:517,-0.5952,0.7364,9.8839,-0.009,0.0063,9.8066,0.0198,-0.0253,-0.0287,-0.5,-30.31,-9.69,178.68,-79.53,177.98
52.404305,-1.516577,144.97,17.94,4,320.21,19 / 20,103610,2019-09-06 20:54:48:617,0.1892,0.627,9.1687,-0.0058,-0.0099,9.8066,-0.0403,-0.0255,-0.0442,2.25,-33.69,-12.06,171.76,-79.68,177.24
52.404305,-1.516577,144.97,17.94,4,320.21,19 / 20,103710,2019-09-06 20:54:48:717,0.0788,0.154,9.2436,-0.0014,-0.0177,9.8066,0.0971,-0.008,-0.0229,4.5,-39.37,-13.69,163.97,-79.83,176.5
52.404305,-1.516577,144.97,17.94,4,320.21,19 / 20,103810,2019-09-06 20:54:48:817,-1.3461,1.4637,9.1983,0.0009,-0.0084,9.8066,-0.0286,-0.0161,0.0047,5.13,-48.87,-13.37,164.5,-79.91,176.27
52.404305,-1.516577,144.97,17.94,4,320.21,19 / 20,103909,2019-09-06 20:54:48:916,0.2891,-0.2308,10.2064,0.0136,-0.0156,9.8065,0.0139,-0.0149,0.0545,2.75,-52.75,-6.44,167.38,-79.89,176.49
52.404305,-1.516577,144.97,17.94,4,320.21,19 / 20,104010,2019-09-06 20:54:49:017,-0.1626,-0.0139,10.6149,-0.0002,0.0211,9.8065,-0.0078,0.0111,0.0197,3.75,-48.5,0.44,154.35,-79.78,177.17
52.40544,-1.518112,144.54,18.59,6,320.23,19 / 20,104109,2019-09-06 20:54:49:116,-0.7909,-0.312,10.0794,0.021,-0.0135,9.8066,0.0433,0.0614,-0.0163,4.25,-45.06,1.81,146.61,-79.67,177.46
52.40544,-1.518112,144.54,18.59,6,320.23,19 / 20,104210,2019-09-06 20:54:49:217,-0.1032,0.7624,9.8325,0.001,-0.0013,9.8066,-0.0518,-0.0367,-0.0268,2.94,-34.75,0.56,149.74,-79.86,178.16
52.40544,-1.518112,144.54,18.59,6,320.23,19 / 20,104309,2019-09-06 20:54:49:316,-0.5597,1.2341,9.1059,-0.0017,0.0165,9.8065,-0.2009,-0.0373,-0.0376,2.69,-33.31,-4.06,161.53,-80.08,177.51
52.40544,-1.518112,144.54,18.59,6,320.23,19 / 20,104409,2019-09-06 20:54:49:416,0.6768,0.0362,9.0368,-0.0127,-0.0029,9.8066,-0.1728,-0.064,0.0486,5.31,-33.06,-8.69,159.35,-80.3,177.68
52.40544,-1.518112,144.54,18.59,6,320.23,19 / 20,104510,2019-09-06 20:54:49:517,-0.0721,-1.012,10.0284,-0.0033,-0.0117,9.8066,0.1075,0.0019,-0.0007,5.5,-35.12,-15.81,162.06,-80.49,176.86
52.40544,-1.518112,144.54,18.59,6,320.23,19 / 20,104609,2019-09-06 20:54:49:616,-0.0012,0.5523,10.4256,-0.0016,0.0103,9.8066,0.1563,-0.0203,0.0364,5.31,-38.69,-20.37,166.56,-80.42,176.58
52.40544,-1.518112,144.54,18.59,6,320.23,19 / 20,104710,2019-09-06 20:54:49:717,-0.3655,-0.0608,10.2598,0.0021,0.0066,9.8065,-0.0056,-0.0056,0.0073,5.81,-45.12,-23.69,166.81,-80.18,176.97
52.40544,-1.518112,144.54,18.59,6,320.23,19 / 20,104810,2019-09-06 20:54:49:817,-0.0998,-0.1079,9.5862,0.0054,-0.0065,9.8066,-0.0003,-0.0108,0.0364,5.94,-55.37,-23.37,167.57,-80.1,177.46
52.40544,-1.518112,144.54,18.59,6,320.23,19 / 20,104909,2019-09-06 20:54:49:916,-0.3067,-0.0186,9.4834,0.0062,-0.0107,9.8066,-0.0147,-0.0401,-0.0806,7.13,-62.31,-19.87,165.24,-80.14,177.39
52.40544,-1.518112,144.54,18.59,6,320.23,19 / 20,105010,2019-09-06 20:54:50:017,0.5829,-0.4146,9.1196,-0.0022,-0.0439,9.8065,0.0905,-0.0253,-0.0237,5.94,-67.37,-12.87,164.86,-80.08,177.68
52.40544,-1.518112,144.54,18.59,6,320.23,19 / 20,105110,2019-09-06 20:54:50:117,1.1065,-0.99,9.1949,0.0098,0.0004,9.8066,-0.0369,0.082,-0.0107,5.06,-66.44,-0.75,156.79,-80.35,176.81
52.40544,-1.518112,144.54,18.59,6,320.23,19 / 20,105209,2019-09-06 20:54:50:216,-0.6299,-0.0471,9.1365,0.003,-0.002,9.8066,-0.1568,0.0081,0.0363,2.81,-58.06,5.38,149.44,-80.38,176.84
52.40544,-1.518112,144.54,18.59,6,320.23,19 / 20,105309,2019-09-06 20:54:50:316,0.7096,0.2338,10.0897,0.0091,-0.0002,9.8065,-0.0372,-0.0391,-0.0994,1.69,-51.37,4.75,152.31,-80.58,177.09
52.40544,-1.518112,144.54,18.59,6,320.23,19 / 20,105409,2019-09-06 20:54:50:416,-0.3954,-0.0954,10.1932,-0.0064,0.0145,9.8065,-0.0262,-0.0142,-0.0472,0.44,-46.06,2.13,180.99,-80.69,177.29
52.40544,-1.518112,144.54,18.59,6,320.23,19 / 20,105510,2019-09-06 20:54:50:517,0.0904,0.4434,10.247,-0.0025,-0.0006,9.8066,0.0072,0.0275,0.0291,-1.19,-43.69,-1.37,186.55,-80.71,176.45
52.40544,-1.518112,144.54,18.59,6,320.23,19 / 20,105610,2019-09-06 20:54:50:617,-0.2235,-0.0515,10.0548,0.0038,0.0166,9.8066,-0.0521,0.0284,-0.0172,-0.81,-43,-5.25,183.2,-80.74,176.19
52.40544,-1.518112,144.54,18.59,6,320.23,19 / 20,105710,2019-09-06 20:54:50:717,-0.3317,0.9046,9.8042,-0.0031,0.0078,9.8066,-0.0252,0.0317,-0.0119,2.69,-45.31,-9.37,167.42,-80.6,176.29
52.40544,-1.518112,144.54,18.59,6,320.23,19 / 20,105810,2019-09-06 20:54:50:817,-0.3445,-0.0535,10.3453,-0.0062,0.0387,9.8065,-0.0888,0.0156,-0.0402,7.63,-48.44,-11,154.58,-80.47,176.35
52.40544,-1.518112,144.54,18.59,6,320.23,19 / 20,105909,2019-09-06 20:54:50:916,0.5912,-0.1956,9.9662,0.0197,-0.0245,9.8065,0.0643,-0.023,-0.0005,12.69,-51.44,-10.25,141.95,-80.42,176.07
52.40544,-1.518112,144.54,18.59,6,320.23,19 / 20,106010,2019-09-06 20:54:51:017,-0.6294,-0.9865,10.283,0.0143,-0.0074,9.8066,-0.0252,0.0404,-0.0675,16.5,-52.81,-6.37,128.02,-80.54,176.38
52.40544,-1.518112,144.54,18.59,6,320.23,19 / 21,106109,2019-09-06 20:54:51:116,-0.0262,0.1521,10.7948,-0.0312,0.015,9.8065,-0.0472,0.0093,0.0099,17.44,-52.12,-3.87,123.24,-80.56,176
52.40544,-1.518112,144.54,18.59,6,320.23,19 / 21,106210,2019-09-06 20:54:51:217,-0.3701,0.5003,10.209,-0.0464,0.0338,9.8064,-0.2049,-0.0033,-0.0624,15.88,-52.25,-1.62,119.94,-80.61,175.73
52.40544,-1.518112,144.54,18.59,6,320.23,19 / 21,106310,2019-09-06 20:54:51:317,0.5987,-0.1846,8.704,0.0594,-0.0443,9.8063,0.1553,0.0005,0.0509,13.94,-49.69,0.81,114.75,-80.25,175.49
52.40544,-1.518112,144.54,18.59,6,320.23,19 / 21,106409,2019-09-06 20:54:51:416,-0.9257,-1.3406,8.7433,0.0194,-0.0099,9.8066,-0.1233,0.0855,-0.0511,12.56,-46.69,0.06,116.76,-80.57,174.76
52.40544,-1.518112,144.54,18.59,6,320.23,19 / 21,106510,2019-09-06 20:54:51:517,-1.0436,0.4473,9.0835,0.0302,-0.0275,9.8065,0.1046,-0.0302,-0.0312,13.94,-44,-1.44,116.27,-80.65,175.02
52.40544,-1.518112,144.54,18.59,6,320.23,19 / 21,106610,2019-09-06 20:54:51:617,1.9371,-1.1841,9.441,0.0017,0.0119,9.8066,-0.0656,-0.0137,-0.0483,14.94,-42.94,-4.44,121.65,-80.89,174.91
52.40544,-1.518112,144.54,18.59,6,320.23,19 / 21,106709,2019-09-06 20:54:51:716,-0.41,-0.4193,10.1308,-0.0096,-0.0128,9.8066,0.0001,-0.0241,0.0496,13.5,-42.25,-6.37,127.63,-81,174.64
52.40544,-1.518112,144.54,18.59,6,320.23,19 / 21,106809,2019-09-06 20:54:51:816,-0.6972,-0.0163,10.7082,-0.0247,0.0293,9.8065,-0.0131,-0.0193,-0.0173,12.69,-43.69,-8.44,134.13,-81.07,174.03
52.40544,-1.518112,144.54,18.59,6,320.23,19 / 21,106909,2019-09-06 20:54:51:916,-0.3148,-0.7905,10.3024,0.0219,-0.0588,9.8063,0.2136,-0.0959,0.0568,10.75,-46.25,-11.69,146.48,-80.54,174.44
52.40544,-1.518112,144.54,18.59,6,320.23,19 / 21,107009,2019-09-06 20:54:52:016,0.845,-0.1602,10.0399,0.0247,-0.0396,9.8065,0.0104,-0.0495,0.0298,8.94,-50.12,-11.31,151.06,-80.66,174.59
52.40544,-1.518112,144.54,18.59,6,320.23,19 / 21,107110,2019-09-06 20:54:52:117,-0.5731,0.0689,10.0971,-0.0141,0.0101,9.8065,-0.0029,-0.0235,0.0404,6.44,-51.19,-10.94,159.84,-80.6,175.44
52.40544,-1.518112,144.54,18.59,6,320.23,19 / 21,107210,2019-09-06 20:54:52:217,-0.5676,1.4112,9.7052,-0.007,0.0377,9.8065,-0.1123,0.0356,-0.0381,5.5,-54.19,-13.12,161.5,-80.62,175.24
52.40544,-1.518112,144.54,18.59,6,320.23,19 / 21,107310,2019-09-06 20:54:52:317,-0.4876,0.3382,9.0208,0.0037,-0.0601,9.8065,0.0802,-0.0684,0.0086,5.5,-58.75,-11.37,160.75,-80.68,175.03
52.40544,-1.518112,144.54,18.59,6,320.23,19 / 21,107410,2019-09-06 20:54:52:417,-0.2172,0.1453,9.1,0.001,-0.0231,9.8066,0.0233,0.0167,-0.0497,5.69,-61.44,-5.62,156.09,-80.98,174.1
52.40544,-1.518112,144.54,18.59,6,320.23,19 / 21,107510,2019-09-06 20:54:52:517,-0.5863,0.6646,10.1139,-0.0038,-0.0306,9.8065,-0.0064,0.078,-0.0074,6,-59.37,-1.81,149.48,-80.97,173.1
52.40544,-1.518112,144.54,18.59,6,320.23,19 / 21,107610,2019-09-06 20:54:52:617,-1.3642,0.2653,10.3376,-0.0008,-0.0205,9.8066,0.0564,0.1496,-0.0205,5.38,-57,-1.5,150.66,-81.1,171.48
52.40544,-1.518112,144.54,18.59,6,320.23,19 / 21,107709,2019-09-06 20:54:52:716,-0.9899,-0.4345,9.9541,-0.0053,0.0047,9.8065,0.0628,-0.0387,0.0402,3.38,-58.31,-0.44,160.45,-81.25,170.43
52.40544,-1.518112,144.54,18.59,6,320.23,19 / 21,107809,2019-09-06 20:54:52:816,-0.5284,0.5789,10.1241,0.0054,-0.0054,9.8066,0.0266,-0.0032,-0.0147,3.5,-56.37,3.56,141.28,-81.11,170.71
52.40544,-1.518112,144.54,18.59,6,320.23,19 / 21,107909,2019-09-06 20:54:52:916,0.7284,-0.1724,9.601,0.0093,0.0007,9.8066,-0.0559,-0.0167,0.0559,3.63,-51.94,5.75,118.62,-81.02,171.6
52.40544,-1.518112,144.54,18.59,6,320.23,19 / 21,108009,2019-09-06 20:54:53:016,-0.0771,-0.4352,9.0495,0.0225,-0.0037,9.8065,-0.0438,0.0017,0.0047,4.19,-47.81,4.13,131.08,-81.09,172.38
52.40544,-1.518112,144.54,18.59,6,320.23,19 / 21,108110,2019-09-06 20:54:53:117,-0.1723,0.4303,10.1575,-0.0095,0.0113,9.8066,0.0278,-0.0243,-0.0572,4.06,-45.06,2.63,133.88,-81.19,172.58
52.40544,-1.518112,144.54,18.59,6,320.23,19 / 21,108209,2019-09-06 20:54:53:216,-0.3121,-0.623,10.12,-0.0154,-0.0147,9.8066,0.0491,-0.0437,-0.0344,6,-42.25,1.25,128.57,-81.23,172.33
52.40544,-1.518112,144.54,18.59,6,320.23,19 / 21,108310,2019-09-06 20:54:53:317,-0.3737,0.5046,9.5802,-0.0182,0.0099,9.8066,-0.0268,-0.0051,-0.0282,10.13,-39.44,-3,125.67,-81.11,171.09
52.40544,-1.518112,144.54,18.59,6,320.23,19 / 21,108410,2019-09-06 20:54:53:417,-0.3876,-0.621,9.1037,-0.0106,0.01,9.8066,-0.0579,0.0706,0.0504,11.5,-40.44,-7.87,132.86,-80.95,170.76
52.40544,-1.518112,144.54,18.59,6,320.23,19 / 21,108509,2019-09-06 20:54:53:516,0.4249,-0.5985,8.9333,0.0192,-0.0269,9.8066,0.1339,0.0453,-0.061,10,-47.12,-10.06,143.82,-80.97,171.15
52.40544,-1.518112,144.54,18.59,6,320.23,19 / 21,108610,2019-09-06 20:54:53:617,0.6415,0.3521,9.5699,-0.0029,-0.0215,9.8066,0.039,-0.0709,0.0513,6.44,-50.69,-7.56,153.82,-81.11,170.57
52.40544,-1.518112,144.54,18.59,6,320.23,19 / 21,108710,2019-09-06 20:54:53:717,-0.6319,0.7108,8.5799,0.0047,-0.0111,9.8066,-0.0836,0.0012,0.0078,4.63,-51.75,-9.69,159.16,-81.12,171.14
52.40544,-1.518112,144.54,18.59,6,320.23,19 / 21,108810,2019-09-06 20:54:53:817,-1.0905,-1.0637,9.1417,0.0044,-0.0545,9.8064,0.0778,-0.0539,0.0344,3.06,-61.62,-11.87,167.08,-81.14,171.32
52.40544,-1.518112,144.54,18.59,6,320.23,19 / 21,108910,2019-09-06 20:54:53:917,-0.5167,-1.1799,9.4736,-0.0087,0.0124,9.8065,-0.1207,-0.0329,-0.0855,1.38,-64.62,0,174.03,-81.5,171.57
52.40544,-1.518112,144.54,18.59,6,320.23,19 / 21,109009,2019-09-06 20:54:54:016,0.4884,1.4125,10.3668,-0.033,0.0131,9.8065,0.0319,-0.0321,0.0087,1.75,-58.69,5.31,162.89,-81.48,169.82
52.40544,-1.518112,144.54,18.59,6,320.23,19 / 21,109109,2019-09-06 20:54:54:116,-0.6189,-0.3409,10.0533,-0.0045,-0.018,9.8066,-0.0404,-0.0235,-0.0342,4,-50.37,8.25,64.51,-81.45,168.47
52.40544,-1.518112,144.54,18.59,6,320.23,19 / 21,109210,2019-09-06 20:54:54:217,-0.6841,-0.5943,10.0678,0.0336,-0.0078,9.8065,0.0611,0.008,-0.0143,7.56,-37.44,6.94,64.01,-81.44,166.91
52.40544,-1.518112,144.54,18.59,6,320.23,19 / 21,109310,2019-09-06 20:54:54:317,0.097,0.4773,9.8131,-0.0197,0.013,9.8066,0.0534,0.0251,-0.0376,10.88,-30.25,2,90.29,-81.36,166.53
52.40544,-1.518112,144.54,18.59,6,320.23,19 / 21,109410,2019-09-06 20:54:54:417,0.0146,0.3017,10.4316,-0.0134,-0.0003,9.8066,0.064,-0.0126,0.0179,13.56,-27.25,-3.75,108.63,-81.28,167.27
52.40544,-1.518112,144.54,18.59,6,320.23,19 / 21,109510,2019-09-06 20:54:54:517,0.58,-0.4914,10.2958,-0.0036,0.0028,9.8066,-0.0028,-0.021,0.0153,16.44,-28.31,-8.25,116.31,-81.04,167.27
52.40544,-1.518112,144.54,18.59,6,320.23,19 / 21,109609,2019-09-06 20:54:54:616,-2.6155,2.0421,9.5135,0.0094,-0.0096,9.8066,0.1037,-0.0286,-0.0118,16.44,-32.06,-11.37,124.18,-80.96,167.53
52.40544,-1.518112,144.54,18.59,6,320.23,19 / 21,109709,2019-09-06 20:54:54:716,0.8802,1.5285,8.3929,0.0503,-0.0272,9.8065,-0.018,-0.0353,-0.0072,15.63,-39.75,-8.44,121.94,-80.88,168.04
52.40544,-1.518112,144.54,18.59,6,320.23,19 / 21,109810,2019-09-06 20:54:54:817,0.4232,-0.0837,10.0108,0.0635,-0.0462,9.8063,-0.0062,-0.0163,0.0163,12.88,-36.06,-1.56,108.96,-81.57,167.86
52.40544,-1.518112,144.54,18.59,6,320.23,19 / 21,109910,2019-09-06 20:54:54:917,0.0262,1.3091,9.5946,-0.039,0.0356,9.8064,-0.2011,-0.0136,0.0064,9.88,-30.69,-2.56,115.84,-81.87,166.97
52.40544,-1.518112,144.54,18.59,6,320.23,19 / 21,110010,2019-09-06 20:54:55:017,0.2552,0.2353,9.9994,-0.0344,0.0413,9.8065,-0.0562,-0.0553,0.0209,8.31,-28.5,-6.5,130.82,-82.01,166.99
52.40544,-1.518112,144.54,18.59,6,320.23,19 / 21,110110,2019-09-06 20:54:55:117,1.4641,0.0105,10.6462,0.0109,-0.0016,9.8066,0.155,-0.051,0.0295,7.13,-29.87,-11.94,147.06,-81.64,167.73
52.40544,-1.518112,144.54,18.59,6,320.23,19 / 21,110209,2019-09-06 20:54:55:216,0.5546,-0.3763,10.5708,0.0121,-0.012,9.8066,0.0895,-0.0111,0.0143,6.44,-34.37,-15.56,155.07,-81.52,168.74
52.40544,-1.518112,144.54,18.59,6,320.23,19 / 21,110310,2019-09-06 20:54:55:317,0.7164,1.2178,10.2957,0.0043,0.0253,9.8066,-0.0456,-0.0929,0.0483,8.44,-40.37,-17.06,151.91,-81.56,168.89
52.40544,-1.518112,144.54,18.59,6,320.23,19 / 21,110410,2019-09-06 20:54:55:417,1.7899,0.9224,10.2744,0.0088,0.0266,9.8066,-0.0937,-0.0187,-0.0549,10.44,-48.5,-14.81,148.47,-81.51,170.55
52.40544,-1.518112,144.54,18.59,6,320.23,19 / 21,110509,2019-09-06 20:54:55:516,1.2746,1.1963,10.4216,-0.006,0.0384,9.8065,-0.0424,-0.0554,-0.0607,10.31,-51.62,-11.19,144.7,-81.57,169.96
52.40544,-1.518112,144.54,18.59,6,320.23,19 / 21,110609,2019-09-06 20:54:55:616,0.774,1.0656,10.0676,-0.0157,0.0087,9.8066,0.012,-0.118,-0.0144,9.06,-53.44,-8.12,144.28,-81.41,170.31
52.40544,-1.518112,144.54,18.59,6,320.23,19 / 21,110709,2019-09-06 20:54:55:716,0.2329,1.7647,9.2255,-0.0051,0.0102,9.8066,-0.1468,-0.065,0.082,8,-54,-4.69,142.57,-81.42,169.45
52.40544,-1.518112,144.54,18.59,6,320.23,19 / 21,110810,2019-09-06 20:54:55:817,2.2575,0.4536,10.0967,0.0008,-0.0022,9.8066,-0.1711,-0.1268,0.0675,7.5,-53.69,-1.62,135.88,-81.54,169.76
52.40544,-1.518112,144.54,18.59,6,320.23,19 / 21,110910,2019-09-06 20:54:55:917,0.9272,0.9034,10.2129,-0.0131,0.0172,9.8066,0.0012,-0.0217,0.0266,6.25,-49.37,1.38,130.91,-81.8,169.75
52.40544,-1.518112,144.54,18.59,6,320.23,19 / 21,111010,2019-09-06 20:54:56:017,-0.9033,0.2622,10.3449,-0.0303,0.0146,9.8065,-0.0091,-0.2155,0.0483,6.19,-43.31,0.56,125.89,-81.74,169.69
52.40544,-1.518112,144.54,18.59,6,320.23,19 / 21,111109,2019-09-06 20:54:56:116,-0.6851,1.4687,8.3505,-0.0102,0.0148,9.8065,-0.2049,0.0196,-0.0925,7.44,-39.75,-1.75,131.69,-81.8,169.99
52.40544,-1.518112,144.54,18.59,6,320.23,19 / 21,111210,2019-09-06 20:54:56:217,3.842,0.2985,8.8386,0.0147,-0.0279,9.8065,-0.022,-0.1521,0.1141,8.56,-37.44,-3.5,125.43,-81.79,170.08
52.40544,-1.518112,144.54,18.59,6,320.23,19 / 21,111309,2019-09-06 20:54:56:316,0.3751,0.9161,9.5133,-0.0088,0.0083,9.8066,0.0475,-0.1875,0.009,8.13,-35.56,-8.81,142.07,-81.94,168.98
52.40544,-1.518112,144.54,18.59,6,320.23,19 / 21,111410,2019-09-06 20:54:56:417,1.1512,0.2332,10.1785,-0.0063,0.0001,9.8066,0.0662,-0.0941,-0.1213,7.38,-37.12,-14.44,151.34,-81.79,168.82
52.40544,-1.518112,144.54,18.59,6,320.23,19 / 21,111510,2019-09-06 20:54:56:517,0.9008,0.7615,10.0267,-0.0126,0.0143,9.8066,-0.0817,-0.0928,0.041,5.63,-43.06,-18.12,156.41,-81.72,167.54
52.40544,-1.518112,144.54,18.59,6,320.23,19 / 21,111610,2019-09-06 20:54:56:617,1.5734,-0.6141,10.1326,0.0019,-0.017,9.8066,-0.009,-0.1968,0.1086,4,-53.12,-18.37,161.9,-81.67,167.17
52.40544,-1.518112,144.54,18.59,6,320.23,19 / 21,111710,2019-09-06 20:54:56:717,1.8369,1.0975,9.6283,0.0147,0.0391,9.8065,-0.1798,-0.0561,0.0626,2.81,-59.06,-14.5,165.29,-81.74,168.88
52.40544,-1.518112,144.54,18.59,6,320.23,19 / 21,111810,2019-09-06 20:54:56:817,2.394,-0.6717,9.5197,0.011,0.0409,9.8065,-0.15,-0.1592,0.1551,1.75,-62.31,-10.37,168.7,-81.78,170.32
52.40544,-1.518112,144.54,18.59,6,320.23,19 / 21,111910,2019-09-06 20:54:56:917,2.5132,1.0563,8.7322,0.018,-0.0377,9.8065,0.1513,-0.1416,-0.0137,2.5,-63.56,-0.62,162.75,-81.59,173.02
52.40544,-1.518112,144.54,18.59,6,320.23,19 / 21,112010,2019-09-06 20:54:57:017,0.0637,2.6165,9.4726,0.0292,-0.0359,9.8065,0.0497,-0.0945,0.0257,3.13,-56.12,5.81,125.65,-81.87,174.37
52.40544,-1.518112,144.54,18.59,6,320.23,19 / 21,112109,2019-09-06 20:54:57:116,-0.4727,2.8995,10.0819,-0.0088,0.0048,9.8066,-0.0187,-0.124,0.0411,3.38,-46.44,7.81,51.63,-82.02,174.66
52.40544,-1.518112,144.54,18.59,6,320.23,19 / 21,112210,2019-09-06 20:54:57:217,-0.0638,2.5348,10.2687,-0.0143,0.0009,9.8066,-0.0034,-0.1311,0.0059,4.5,-38.62,5,90.71,-82.01,175.02
52.40544,-1.518112,144.54,18.59,6,320.23,19 / 21,112310,2019-09-06 20:54:57:317,1.4833,2.279,8.6282,0.0215,-0.0251,9.8066,-0.0689,-0.0855,-0.0438,5.19,-33.25,-0.37,129.77,-82,174.78
52.40544,-1.518112,144.54,18.59,6,320.23,19 / 21,112410,2019-09-06 20:54:57:417,2.8891,-0.4198,9.1483,0.0071,-0.0472,9.8065,-0.0623,-0.1183,0.0066,4.5,-33.25,-7.69,153.21,-82.36,173.3
52.40544,-1.518112,144.54,18.59,6,320.23,19 / 21,112510,2019-09-06 20:54:57:517,2.7601,0.3848,9.3702,-0.0077,0.0137,9.8066,0.1856,-0.0345,-0.0589,3.13,-36.12,-11,163.67,-82.37,172.29
52.40544,-1.518112,144.54,18.59,6,320.23,19 / 21,112609,2019-09-06 20:54:57:616,1.1633,0.8952,10.665,-0.0028,0.0176,9.8065,0.0904,-0.0956,-0.0108,2.19,-39.19,-11.44,167.53,-82.25,172.11
52.40544,-1.518112,144.54,18.59,6,320.23,19 / 21,112709,2019-09-06 20:54:57:716,3.446,1.3041,10.7436,0.016,0.0173,9.8066,-0.0027,-0.0601,0.0283,-0.25,-41.69,-12.69,174.54,-81.89,172.1
52.40544,-1.518112,144.54,18.59,6,320.23,19 / 21,112810,2019-09-06 20:54:57:817,2.5265,0.8297,9.962,0.0149,0.0249,9.8066,-0.0331,-0.0644,-0.0094,-0.25,-44.37,-13.12,175.59,-81.73,173.49
52.40544,-1.518112,144.54,18.59,6,320.23,19 / 21,112910,2019-09-06 20:54:57:917,2.6056,-0.8054,9.8722,0.003,-0.0066,9.8066,0.0931,-0.1358,0.0405,1.19,-47.37,-12.37,172.56,-81.86,173.3
52.40544,-1.518112,144.54,18.59,6,320.23,19 / 21,113009,2019-09-06 20:54:58:016,2.2785,0.7938,9.6368,0.0018,-0.0058,9.8066,0.0298,-0.1569,-0.0122,2.44,-49.56,-9.94,169.44,-81.87,173.55
52.40544,-1.518112,144.54,18.59,6,320.23,19 / 21,113109,2019-09-06 20:54:58:116,2.4229,-0.3447,9.5348,-0.0057,0.0111,9.8066,-0.0114,-0.1049,-0.0508,2.19,-48.12,-5.69,168.11,-81.8,173.77
52.40664,-1.5196,145.25,19.19,4,337.4,19 / 21,113210,2019-09-06 20:54:58:217,2.2406,0.7086,9.6167,-0.0039,0.0199,9.8066,-0.0877,-0.1465,0.0192,2.13,-44.06,-5,166.81,-81.82,173.34
52.40664,-1.5196,145.25,19.19,4,337.4,19 / 21,113310,2019-09-06 20:54:58:317,1.2385,0.408,9.9682,0.0073,-0.0127,9.8066,0.0435,-0.0681,-0.0179,2.63,-42.44,-8.06,163.89,-81.7,173.24
52.40664,-1.5196,145.25,19.19,4,337.4,19 / 21,113410,2019-09-06 20:54:58:417,0.0303,1.26,8.5905,0.0135,-0.0344,9.8065,-0.1275,-0.147,0.1441,6,-44.87,-7.25,151.88,-81.78,173.47
52.40664,-1.5196,145.25,19.19,4,337.4,19 / 21,113510,2019-09-06 20:54:58:517,2.8753,1.0599,9.3581,0.0185,-0.0167,9.8065,-0.0875,-0.0901,0.0123,5.94,-42.37,-5.81,149.51,-82.19,174.74
52.40664,-1.5196,145.25,19.19,4,337.4,19 / 21,113610,2019-09-06 20:54:58:617,2.6261,-0.4654,10.3656,0.0033,-0.0037,9.8066,0.0901,-0.1605,0.0363,4.63,-39.44,-7.87,155.38,-82.19,174.04
52.40664,-1.5196,145.25,19.19,4,337.4,19 / 21,113710,2019-09-06 20:54:58:717,1.5599,0.4006,10.1971,-0.009,0.0122,9.8066,0.0811,-0.1067,-0.0289,1.69,-39.44,-12.87,169.62,-82.03,174.22
52.40664,-1.5196,145.25,19.19,4,337.4,19 / 21,113809,2019-09-06 20:54:58:816,0.8064,-1.0633,10.4962,-0.0076,-0.017,9.8066,0.133,-0.1599,0.1016,-0.5,-42.56,-15.69,175.58,-81.76,173.93
52.40664,-1.5196,145.25,19.19,4,337.4,19 / 21,113909,2019-09-06 20:54:58:916,1.2009,-0.2989,10.1657,0.0044,-0.0044,9.8066,0.0406,-0.0403,-0.0561,-2.94,-47.12,-15.69,183.36,-81.64,174.12
52.40664,-1.5196,145.25,19.19,4,337.4,19 / 21,114010,2019-09-06 20:54:59:017,0.9601,-0.829,10.2783,0.0098,-0.0355,9.8065,0.1547,-0.0807,0.0826,-4.12,-49.75,-12.5,188.73,-81.52,175.27
52.40664,-1.5196,145.25,19.19,4,337.4,19 / 21,114110,2019-09-06 20:54:59:117,2.0943,-0.2779,9.4249,0.0128,-0.0351,9.8065,0.0399,-0.1233,0.1335,-6.94,-48.75,-9.31,202.28,-81.62,177.94
52.40664,-1.5196,145.25,19.19,4,337.4,19 / 21,114209,2019-09-06 20:54:59:216,3.0383,0.3498,8.0572,0.0253,-0.0049,9.8066,-0.3457,-0.0986,0.0016,-7.56,-46.5,-7.25,211.07,-81.79,-179.36
52.40664,-1.5196,145.25,19.19,4,337.4,19 / 21,114309,2019-09-06 20:54:59:316,2.3093,0.7975,8.3543,-0.0019,-0.0205,9.8065,-0.2798,-0.1965,0.0937,-5.62,-42.69,-8.87,203.73,-82.26,-177.68
52.40664,-1.5196,145.25,19.19,4,337.4,19 / 21,114410,2019-09-06 20:54:59:417,1.7906,-2.1152,9.6757,-0.0271,-0.0487,9.8065,0.2393,-0.0358,-0.0981,-4.37,-42.75,-9.87,196.57,-82.67,-177
52.40664,-1.5196,145.25,19.19,4,337.4,19 / 21,114510,2019-09-06 20:54:59:517,1.3637,-0.3832,10.3808,-0.0469,-0.079,9.8062,0.4527,-0.088,-0.0009,-4.25,-42.31,-8.19,197.63,-82.83,-178.84
52.40664,-1.5196,145.25,19.19,4,337.4,19 / 21,114609,2019-09-06 20:54:59:616,1.9152,0.2351,11.8691,0.0536,0.1066,9.8058,-0.155,-0.0889,0.0105,-5.12,-37.31,-8.75,199.61,-83.27,178.56
52.40664,-1.5196,145.25,19.19,4,337.4,19 / 21,114709,2019-09-06 20:54:59:716,-0.3116,-0.8707,12.3529,0.0489,0.1047,9.806,-0.1395,-0.0693,0.0348,-5.62,-37.5,-11.19,200.45,-82.03,179.89
52.40664,-1.5196,145.25,19.19,4,337.4,19 / 21,114810,2019-09-06 20:54:59:817,3.1125,-0.4911,11.1633,0.0331,-0.0384,9.8065,0.1334,-0.1221,-0.022,-6.19,-37.81,-11.06,201.04,-81.65,-178.67
52.40664,-1.5196,145.25,19.19,4,337.4,19 / 21,114910,2019-09-06 20:54:59:917,2.0794,0.5455,9.7407,0.0224,-0.0227,9.8065,-0.0893,-0.1673,0.0884,-6.87,-37.87,-10.69,206.86,-81.79,-174.99
52.40664,-1.5196,145.25,19.19,4,337.4,19 / 21,115010,2019-09-06 20:55:00:017,2.8348,-2.6966,8.1313,-0.0481,-0.1225,9.8057,0.0368,-0.0851,0.0325,-6.56,-38.12,-12.06,207.72,-81.83,-172.33
52.40664,-1.5196,145.25,19.19,4,337.4,19 / 21,115109,2019-09-06 20:55:00:116,1.0122,-1.2763,8.4986,0.0092,-0.0353,9.8065,0.0246,-0.0723,0.007,-7.19,-38.37,-11.62,208.04,-82.35,-172.56
52.40664,-1.5196,145.25,19.19,4,337.4,19 / 21,115210,2019-09-06 20:55:00:217,1.46,-1.3937,9.8072,0.0124,0.0208,9.8066,-0.0312,-0.1589,-0.0704,-6.12,-37.37,-10.31,208.86,-82.37,-170.57
52.40664,-1.5196,145.25,19.19,4,337.4,19 / 21,115310,2019-09-06 20:55:00:317,2.0006,-1.0872,10.5959,-0.0023,0.014,9.8066,-0.0338,-0.1463,0.0352,-5.31,-37.69,-10.25,204.81,-82.13,-170.67
52.40664,-1.5196,145.25,19.19,4,337.4,19 / 21,115409,2019-09-06 20:55:00:416,0.8989,0.4174,10.5396,0.0011,0.0185,9.8066,0.0498,-0.2074,0.1264,-5.31,-37.37,-10.19,204.92,-82,-170.65
52.40664,-1.5196,145.25,19.19,4,337.4,19 / 21,115510,2019-09-06 20:55:00:517,1.3582,-0.2751,9.844,0.0033,0.0048,9.8066,-0.1085,-0.1303,0.0443,-5.19,-38.69,-11.12,203.89,-81.9,-170.13
52.40664,-1.5196,145.25,19.19,4,337.4,19 / 21,115609,2019-09-06 20:55:00:616,2.4486,-1.0695,9.5251,-0.0014,-0.0391,9.8065,0.0858,-0.1159,0.0273,-4.81,-39.25,-10.62,205.09,-81.85,-168.37
52.40664,-1.5196,145.25,19.19,4,337.4,19 / 21,115710,2019-09-06 20:55:00:717,2.4005,-1.0586,9.788,-0.006,-0.0155,9.8065,0.0666,-0.1513,0.1041,-6.06,-38.94,-11.69,207.81,-81.89,-167.93
52.40664,-1.5196,145.25,19.19,4,337.4,19 / 21,115810,2019-09-06 20:55:00:817,1.2877,-0.8056,9.9251,0.0012,0.0193,9.8066,-0.0135,-0.134,0.0447,-6.87,-39.25,-10.5,213.17,-81.85,-167.7
52.40664,-1.5196,145.25,19.19,4,337.4,19 / 21,115909,2019-09-06 20:55:00:916,1.6883,0.2799,9.7324,0.0116,0.0105,9.8066,0.0301,-0.0599,-0.0126,-7.19,-38.44,-10.37,213.49,-81.8,-167.55
52.40664,-1.5196,145.25,19.19,4,337.4,19 / 21,116009,2019-09-06 20:55:01:016,2.4819,-0.6916,10.1692,0.0076,0.0083,9.8066,-0.0004,-0.1164,-0.0108,-6,-37.94,-9.81,210.17,-81.95,-167.75
52.40664,-1.5196,145.25,19.19,4,337.4,19 / 21,116109,2019-09-06 20:55:01:116,2.3849,-0.1184,10.0259,-0.0039,0.0141,9.8066,0.0296,-0.0834,-0.0404,-4.87,-38.19,-9.81,206.19,-81.87,-168.34
52.40664,-1.5196,145.25,19.19,4,337.4,19 / 21,116210,2019-09-06 20:55:01:217,2.0461,0.9212,10.0053,0.0124,0.0128,9.8065,-0.0596,-0.0514,-0.0169,-3.87,-37.81,-9.56,201.82,-81.78,-169.36
52.40664,-1.5196,145.25,19.19,4,337.4,19 / 21,116310,2019-09-06 20:55:01:317,1.0922,0.7975,9.7444,0.0104,0.0148,9.8066,0.0115,-0.0692,0.0559,-4.25,-37.62,-9.69,201.97,-81.75,-169.11
52.40664,-1.5196,145.25,19.19,4,337.4,19 / 21,116409,2019-09-06 20:55:01:416,1.8907,-1.3948,10.4636,0.0161,0.0092,9.8066,0.0957,-0.0826,-0.0095,-4,-37.87,-9.94,202.65,-81.52,-167.79
52.40664,-1.5196,145.25,19.19,4,337.4,19 / 21,116510,2019-09-06 20:55:01:517,1.3005,0.5235,10.2863,0.0071,0.0515,9.8064,-0.063,-0.1068,0.0023,-3.19,-37.94,-10.44,199.18,-81.24,-167.22
52.40664,-1.5196,145.25,19.19,4,337.4,19 / 21,116609,2019-09-06 20:55:01:616,0.8251,-0.9096,9.4424,-0.0046,-0.0458,9.8065,0.1613,-0.0499,-0.003,-3.37,-38.31,-11.19,198.95,-81.23,-167
52.40664,-1.5196,145.25,19.19,4,337.4,19 / 21,116709,2019-09-06 20:55:01:716,0.9892,-0.0131,9.4989,-0.0074,-0.0477,9.8064,0.1298,-0.0918,0.1081,-4.12,-38.81,-11.37,202.77,-81.48,-166.4
52.40664,-1.5196,145.25,19.19,4,337.4,19 / 21,116809,2019-09-06 20:55:01:816,2.0832,0.4391,10.2799,0.0059,0.0167,9.8066,0.0454,-0.0698,-0.0058,-4.69,-38.94,-11.19,206.4,-81.37,-165.85
52.40664,-1.5196,145.25,19.19,4,337.4,19 / 21,116909,2019-09-06 20:55:01:916,0.1211,0.5447,9.16,-0.008,-0.0179,9.8065,0.0945,-0.0689,-0.0197,-4.12,-38.69,-10.25,203.3,-81.3,-166.2
52.40664,-1.5196,145.25,19.19,4,337.4,19 / 21,117009,2019-09-06 20:55:02:016,0.8055,-0.612,9.2987,0.0017,0.0074,9.8066,0.0821,-0.045,0.0688,-5.87,-38,-11.94,208.9,-81.5,-166.23
52.40664,-1.5196,145.25,19.19,4,337.4,19 / 21,117110,2019-09-06 20:55:02:117,1.6457,0.0498,9.8743,0.0049,0.0061,9.8066,-0.0139,-0.1067,-0.0198,-5.75,-38.62,-11.94,208.61,-81.38,-166.14
52.40664,-1.5196,145.25,19.19,4,337.4,19 / 21,117209,2019-09-06 20:55:02:216,-1.5802,0.1808,10.2043,-0.0074,-0.0186,9.8066,0.1667,-0.1626,0.1091,-5.75,-39.31,-11,209.2,-81.23,-166.27
52.40664,-1.5196,145.25,19.19,4,337.4,19 / 21,117309,2019-09-06 20:55:02:316,1.7288,-1.8162,10.0704,-0.0093,-0.029,9.8066,0.0736,-0.1009,0.0108,-5.75,-38.87,-10.62,209.56,-81.05,-165.48
52.40664,-1.5196,145.25,19.19,4,337.4,19 / 21,117409,2019-09-06 20:55:02:416,1.3452,-0.2274,9.8451,0.0017,0.0309,9.8065,-0.2172,-0.135,-0.0621,-5.81,-38.44,-11.25,210.52,-81.14,-164.62
52.40664,-1.5196,145.25,19.19,4,337.4,19 / 21,117510,2019-09-06 20:55:02:517,0.0996,-0.0565,9.5439,-0.0105,0.01,9.8066,-0.0923,-0.0431,-0.1653,-5.75,-38.06,-11.62,208.71,-81.13,-166
52.40664,-1.5196,145.25,19.19,4,337.4,19 / 21,117610,2019-09-06 20:55:02:617,0.5044,2.0483,7.4704,-0.0198,-0.0087,9.8065,0.0468,-0.0527,-0.0394,-5.5,-38.81,-10.87,204.61,-81.26,-168.28
52.40664,-1.5196,145.25,19.19,4,337.4,19 / 21,117710,2019-09-06 20:55:02:717,2.616,0.7392,9.9868,-0.0602,-0.0794,9.8061,0.1484,-0.2144,0.0626,-4.75,-37.31,-10.94,203.58,-81.76,-170.96
52.40664,-1.5196,145.25,19.19,4,337.4,19 / 21,117810,2019-09-06 20:55:02:817,-2.3931,1.6472,9.7824,-0.0292,0.0491,9.8064,-0.1152,-0.3032,0.0145,-4.19,-37.5,-11.62,199.32,-81.69,-171.25
52.40664,-1.5196,145.25,19.19,4,337.4,19 / 21,117910,2019-09-06 20:55:02:917,1.2291,1.2461,9.8696,0.0188,0.0209,9.8066,-0.094,-0.0463,-0.1301,-4.94,-37.94,-11.56,201.22,-81.47,-172.58
52.40664,-1.5196,145.25,19.19,4,337.4,19 / 21,118010,2019-09-06 20:55:03:017,1.115,1.1713,9.27,0.0127,0.0062,9.8066,-0.05,-0.0817,0.104,-4.94,-38,-10.94,201.94,-81.23,-172.4
52.40664,-1.5196,145.25,19.19,4,337.4,19 / 21,118110,2019-09-06 20:55:03:117,0.3035,0.6593,10.3879,0.0214,0.031,9.8066,-0.1281,0.0015,0.0504,-5.12,-38.94,-11.25,202.51,-81.16,-171.2
52.40664,-1.5196,145.25,19.19,4,337.4,19 / 21,118210,2019-09-06 20:55:03:217,0.654,0.3809,10.5801,0.0116,-0.0104,9.8066,-0.0662,-0.0015,0.1014,-5.81,-38.06,-11.06,206.64,-81.27,-170.29
52.40664,-1.5196,145.25,19.19,4,337.4,19 / 21,118309,2019-09-06 20:55:03:316,1.3941,0.2521,9.8473,-0.001,-0.0086,9.8066,0.0203,-0.0543,0.0264,-6.06,-38.81,-11.25,207.37,-81.29,-168.96
52.40664,-1.5196,145.25,19.19,4,337.4,19 / 21,118410,2019-09-06 20:55:03:417,-1.016,1.2242,10.2324,0.0028,0.0196,9.8065,0.0013,-0.1146,0.1296,-5.81,-37.69,-10.56,207.79,-81.23,-168.62
52.40664,-1.5196,145.25,19.19,4,337.4,19 / 21,118510,2019-09-06 20:55:03:517,2.3545,1.7225,9.0821,0.0246,0.0295,9.8066,-0.1917,-0.0274,0.0193,-6.62,-38.19,-11,211.25,-81.12,-167.98
52.40664,-1.5196,145.25,19.19,4,337.4,19 / 21,118609,2019-09-06 20:55:03:616,3.9612,-0.1424,8.8997,0.0082,-0.0164,9.8066,0.0542,-0.1483,0.0833,-7.31,-38.31,-10.37,213.22,-80.89,-166.37
52.40664,-1.5196,145.25,19.19,4,337.4,19 / 21,118709,2019-09-06 20:55:03:716,1.0863,-0.4394,9.2569,0.0108,0.0301,9.8066,-0.2124,0.0261,-0.0801,-7.25,-37.56,-10.44,213.24,-80.92,-166.41
52.40664,-1.5196,145.25,19.19,4,337.4,19 / 21,118811,2019-09-06 20:55:03:818,0.8498,0.6111,9.3247,-0.0132,-0.0147,9.8066,0.1347,-0.0435,-0.0314,-7.12,-36.75,-11.75,210.41,-81.11,-168.09
52.40664,-1.5196,145.25,19.19,4,337.4,19 / 21,118910,2019-09-06 20:55:03:917,0.116,-0.0269,10.8608,-0.0096,-0.0212,9.8066,0.0826,-0.0676,0.0275,-5.81,-37.94,-11.81,206.67,-81.14,-168.85
52.40664,-1.5196,145.25,19.19,4,337.4,19 / 21,119010,2019-09-06 20:55:04:017,0.3647,-0.555,9.9379,0.0157,0.036,9.8065,-0.0545,0.0194,-0.0764,-5.5,-38.31,-11.69,203.49,-80.96,-168.81
52.40664,-1.5196,145.25,19.19,4,337.4,19 / 20,119109,2019-09-06 20:55:04:116,0.1542,0.4219,9.2031,-0.0034,-0.0013,9.8065,0.0453,-0.0777,0.0458,-5.19,-39.25,-10.87,203.7,-80.79,-169
52.40664,-1.5196,145.25,19.19,4,337.4,19 / 20,119209,2019-09-06 20:55:04:216,0.3397,-0.4388,9.3989,-0.015,-0.0539,9.8065,-0.0429,-0.0001,0.0193,-5.25,-38.75,-10.5,204.57,-80.61,-168.58
52.40664,-1.5196,145.25,19.19,4,337.4,19 / 20,119310,2019-09-06 20:55:04:317,0.7518,-0.9693,10.0334,0.0047,-0.0187,9.8066,-0.038,-0.0458,0.0507,-5.75,-38.37,-10.69,207.57,-80.79,-168.32
52.40664,-1.5196,145.25,19.19,4,337.4,19 / 20,119410,2019-09-06 20:55:04:417,1.4928,0.7538,10.7375,0.0367,0.0338,9.8065,-0.0464,-0.0727,-0.0473,-5.75,-38.75,-10.25,208.35,-80.73,-168.06
52.40664,-1.5196,145.25,19.19,4,337.4,19 / 20,119510,2019-09-06 20:55:04:517,1.8499,2.3016,10.5095,0.0153,0.0543,9.8064,-0.0462,-0.0566,0.0495,-5.69,-38.94,-11,208.05,-80.58,-166.98
52.40664,-1.5196,145.25,19.19,4,337.4,19 / 20,119609,2019-09-06 20:55:04:616,1.5352,-0.2718,10.6538,0.008,-0.017,9.8066,0.0043,0.0458,0.0136,-5.87,-37.5,-10.31,209.16,-80.21,-166.87
52.40664,-1.5196,145.25,19.19,4,337.4,19 / 20,119710,2019-09-06 20:55:04:717,-0.0986,1.8799,10.9059,0.0099,-0.0028,9.8066,0.1913,-0.0482,0.1075,-5.75,-38.25,-11.44,208.52,-80.23,-166.18
52.40664,-1.5196,145.25,19.19,4,337.4,19 / 20,119809,2019-09-06 20:55:04:816,-0.7513,-0.1225,11.0047,0.0094,0.0309,9.8065,-0.4805,-0.1155,0.0881,-6.19,-38.81,-11.81,208.52,-80.06,-164.5
52.40664,-1.5196,145.25,19.19,4,337.4,19 / 20,119909,2019-09-06 20:55:04:916,-0.1588,-0.6078,9.3474,0.0323,0.0361,9.8064,-0.3957,0.0148,-0.0461,-5.62,-38.94,-11.31,210.15,-80.06,-163.11
52.40664,-1.5196,145.25,19.19,4,337.4,19 / 20,120010,2019-09-06 20:55:05:017,-1.2107,-1.5471,9.3115,-0.0247,-0.0189,9.8066,0.1731,-0.0258,0.0997,-6.69,-39.19,-10.94,214.27,-80.44,-162.25
52.40664,-1.5196,145.25,19.19,4,337.4,19 / 20,120110,2019-09-06 20:55:05:117,-0.0572,-0.11,10.3536,-0.0162,-0.0063,9.8066,0.1047,-0.0283,-0.0411,-6.75,-39,-11,213.68,-80.5,-163.2
52.40664,-1.5196,145.25,19.19,4,337.4,19 / 20,120209,2019-09-06 20:55:05:216,0.3787,-0.0124,10.9199,-0.0171,0.0333,9.8066,0.0737,-0.0949,-0.0457,-6.25,-38.94,-10.62,208.83,-80.4,-165.57
52.40664,-1.5196,145.25,19.19,4,337.4,19 / 20,120310,2019-09-06 20:55:05:317,-1.3831,0.7823,10.5046,-0.001,0.0039,9.8066,0.0509,-0.0273,-0.1112,-5.94,-39.56,-10.56,207.05,-80.2,-167.55
52.40664,-1.5196,145.25,19.19,4,337.4,19 / 20,120409,2019-09-06 20:55:05:416,-0.613,-1.6113,10.6086,-0.0003,0.0064,9.8066,0.2477,-0.0888,0.0763,-6.31,-38.31,-10.37,208.34,-80.18,-167.62
52.40664,-1.5196,145.25,19.19,4,337.4,19 / 20,120510,2019-09-06 20:55:05:517,-2.0092,-0.2822,9.4316,0.0372,0.0503,9.8064,-0.0534,0.1316,-0.0353,-6.37,-39.12,-10.37,208.36,-79.93,-166.79
52.40664,-1.5196,145.25,19.19,4,337.4,19 / 20,120609,2019-09-06 20:55:05:616,1.4247,-0.8134,9.4963,0.0366,-0.0331,9.8065,-0.2214,0.0801,-0.1793,-6.5,-38.5,-11,208.13,-80.03,-166.46
52.40664,-1.5196,145.25,19.19,4,337.4,19 / 20,120709,2019-09-06 20:55:05:716,0.3109,-0.8063,9.9713,-0.023,0.0253,9.8065,-0.1105,-0.1625,0.0994,-6.87,-39.12,-11,212.54,-80.14,-164.25
52.40664,-1.5196,145.25,19.19,4,337.4,19 / 20,120810,2019-09-06 20:55:05:817,1.3113,-0.6214,9.5422,-0.0152,0.0054,9.8066,-0.0468,0.1235,-0.1021,-5.56,-39.19,-10.44,209.7,-80.12,-165.04
52.40664,-1.5196,145.25,19.19,4,337.4,19 / 20,120910,2019-09-06 20:55:05:917,-0.1343,0.2327,9.7313,-0.003,-0.0088,9.8066,0.0282,-0.0565,0.073,-6,-39.06,-9.75,208.81,-80.25,-166.62
52.40664,-1.5196,145.25,19.19,4,337.4,19 / 20,121009,2019-09-06 20:55:06:016,-1.6142,1.0185,9.3005,0.0009,0.0076,9.8066,-0.0661,-0.0463,0.1105,-7.06,-39.25,-10.37,211.88,-80.2,-166.74
52.40664,-1.5196,145.25,19.19,4,337.4,19 / 20,121110,2019-09-06 20:55:06:117,-0.0038,-1.0494,10.0457,0.0304,0.0069,9.8065,-0.1146,-0.0212,-0.0716,-6.62,-39.75,-10.69,211.58,-80.19,-165.31
52.40664,-1.5196,145.25,19.19,4,337.4,19 / 20,121209,2019-09-06 20:55:06:216,-1.2367,-0.7201,11.0191,0.0041,0.0434,9.8065,-0.0884,-0.0774,0.0525,-6.69,-39.44,-10.31,213.99,-80.47,-164.09
52.40664,-1.5196,145.25,19.19,4,337.4,19 / 20,121309,2019-09-06 20:55:06:316,1.0236,-0.328,10.7987,0.0159,0.071,9.8063,-0.0565,0.0779,-0.0266,-7.44,-39.19,-9.19,215.03,-80.53,-164.29
52.40664,-1.5196,145.25,19.19,4,337.4,19 / 20,121410,2019-09-06 20:55:06:417,0.3356,-0.095,11.3451,0.0021,0.0268,9.8065,0.1618,0.0086,-0.0349,-6.56,-35.19,-8.56,214.86,-80.01,-165.63
52.40664,-1.5196,145.25,19.19,4,337.4,19 / 20,121510,2019-09-06 20:55:06:517,0.4151,0.2264,9.718,0.0114,0.032,9.8065,-0.0412,-0.0282,0.0767,-5.87,-34.06,-10.19,209.47,-79.58,-166.8
52.40664,-1.5196,145.25,19.19,4,337.4,19 / 20,121610,2019-09-06 20:55:06:617,0.3593,1.1682,9.1262,-0.0035,-0.038,9.8065,-0.0649,-0.0999,0.0225,-6.5,-35.12,-11.75,208.21,-79.78,-166.05
52.40664,-1.5196,145.25,19.19,4,337.4,19 / 20,121709,2019-09-06 20:55:06:716,-1.5263,3.9028,12.2807,-0.0106,0.0118,9.8065,0.143,-0.0417,-0.1457,-6,-36.75,-11.62,208.03,-79.94,-165.77
52.40664,-1.5196,145.25,19.19,4,337.4,19 / 20,121809,2019-09-06 20:55:06:816,0.4286,2.8734,12.1715,0.0504,0.2662,9.8029,-0.8485,-0.2082,0.1338,-6.69,-37,-12.19,211.98,-80.45,-165.05
52.40664,-1.5196,145.25,19.19,4,337.4,19 / 20,121910,2019-09-06 20:55:06:917,3.8782,1.1297,13.0127,0.1392,0.2089,9.8034,0.0074,0.3989,-0.386,-7.12,-39.25,-12.69,210.28,-80.71,-165.9
52.40664,-1.5196,145.25,19.19,4,337.4,19 / 20,122009,2019-09-06 20:55:07:016,-1.7507,-2.5482,10.0296,0.0052,-0.0323,9.8066,-0.2509,0.1106,0.1321,-7,-41.56,-12.75,208.16,-79.62,-166.48
52.408245,-1.51957,144.61,20.52,4,12.23,19 / 20,122109,2019-09-06 20:55:07:116,-0.8396,-0.9081,9.6596,0.0161,0.0273,9.8065,-0.2748,-0.0059,-0.0338,-6,-42.19,-10.75,207.22,-79.57,-165.6
52.408245,-1.51957,144.61,20.52,4,12.23,19 / 20,122210,2019-09-06 20:55:07:217,0.2571,1.3884,9.7913,-0.0041,-0.0066,9.8066,0.2909,-0.0164,0.0391,-5.81,-41.06,-8.19,210.47,-79.93,-165.39
52.408245,-1.51957,144.61,20.52,4,12.23,19 / 20,122309,2019-09-06 20:55:07:316,0.4548,-0.5214,9.6389,0.0018,-0.0008,9.8065,0.0184,0.0034,-0.0202,-6.87,-39.94,-9.19,213.08,-79.94,-165.57
52.408245,-1.51957,144.61,20.52,4,12.23,19 / 20,122410,2019-09-06 20:55:07:417,-0.7189,-0.4698,9.5348,-0.0123,-0.0419,9.8065,0.1539,-0.0742,0.0342,-7.62,-40.87,-11.44,213.41,-79.86,-165.97
52.408245,-1.51957,144.61,20.52,4,12.23,19 / 20,122510,2019-09-06 20:55:07:517,0.659,-2.223,11.2913,0.0239,0.059,9.8063,-0.0415,-0.1393,0.0731,-9.44,-43.5,-12.06,215.44,-80.03,-165.03
52.408245,-1.51957,144.61,20.52,4,12.23,19 / 20,122609,2019-09-06 20:55:07:616,-1.6028,0.4367,10.7858,0.0188,0.0089,9.8066,0.1281,0.0549,-0.126,-8.69,-44.81,-8.31,218.47,-79.57,-165.3
52.408245,-1.51957,144.61,20.52,4,12.23,19 / 20,122710,2019-09-06 20:55:07:717,-2.2338,-1.3647,11.4284,0.0309,0.0624,9.8063,-0.112,-0.1176,0.1055,-7.81,-40.87,-5,220.55,-79.27,-165.95
52.408245,-1.51957,144.61,20.52,4,12.23,19 / 20,122809,2019-09-06 20:55:07:816,-0.0547,3.8972,8.3999,0.0464,0.0817,9.8061,0.1059,0.0415,-0.1136,-8.81,-36.31,-7.62,221.29,-78.89,-165.08
52.408245,-1.51957,144.61,20.52,4,12.23,19 / 20,122909,2019-09-06 20:55:07:916,2.2033,1.506,7.5994,-0.0111,-0.0231,9.8065,-0.6438,0.0775,-0.0943,-7.94,-37.12,-10.62,214.57,-79.42,-165.37
52.408245,-1.51957,144.61,20.52,4,12.23,19 / 20,123010,2019-09-06 20:55:08:017,-0.1127,1.0492,9.9872,0.0179,0.1164,9.8059,-0.4334,0.0542,-0.1026,-7.56,-38.81,-10.5,215.61,-80.03,-165.49
52.408245,-1.51957,144.61,20.52,4,12.23,18 / 20,123109,2019-09-06 20:55:08:116,-1.5286,-2.9863,8.6442,-0.0473,-0.1869,9.8047,-0.6985,0.0157,0.0249,-7.31,-37.94,-11.25,210.37,-79.16,-166.39
52.408245,-1.51957,144.61,20.52,4,12.23,18 / 20,123210,2019-09-06 20:55:08:217,0.5388,0.0308,9.981,-0.0022,-0.0681,9.8064,0.3996,-0.0309,0.013,-8.62,-38.56,-10.81,217.87,-79.72,-164.26
52.408245,-1.51957,144.61,20.52,4,12.23,18 / 20,123309,2019-09-06 20:55:08:316,-1.4463,-0.9753,9.5681,-0.0129,0.0089,9.8066,0.1977,-0.0338,-0.0432,-8.87,-39,-10.94,217.38,-79.55,-164.69
52.408245,-1.51957,144.61,20.52,4,12.23,18 / 20,123410,2019-09-06 20:55:08:417,-0.8302,0.1866,10.1527,-0.0262,-0.0441,9.8065,-0.0668,-0.0035,0.018,-8.37,-39.69,-11.12,213.78,-79.54,-165.33
52.408245,-1.51957,144.61,20.52,4,12.23,18 / 20,123509,2019-09-06 20:55:08:516,-0.3521,1.429,10.6346,-0.0188,0.0086,9.8066,-0.0811,0.0378,0.0035,-7.56,-39.81,-11.62,213.22,-79.71,-165.07
52.408245,-1.51957,144.61,20.52,4,12.23,18 / 20,123609,2019-09-06 20:55:08:616,0.5665,-0.11,9.3835,-0.0004,-0.0045,9.8065,-0.0838,-0.0049,-0.091,-7.94,-40.44,-11,213.84,-79.68,-165.47
52.408245,-1.51957,144.61,20.52,4,12.23,18 / 20,123710,2019-09-06 20:55:08:717,0.8157,-1.1927,9.9713,0.021,-0.0018,9.8066,-0.0669,-0.0909,0.0574,-7.19,-39.62,-10.87,210.99,-79.64,-165.32
52.408245,-1.51957,144.61,20.52,4,12.23,18 / 20,123810,2019-09-06 20:55:08:817,0.4446,0.2546,9.9255,0.0095,0.0157,9.8066,-0.105,-0.0624,0.1377,-7.37,-39.37,-11.12,211.48,-79.46,-164.73
52.408245,-1.51957,144.61,20.52,4,12.23,18 / 20,123910,2019-09-06 20:55:08:917,-0.2629,-0.7508,9.6264,-0.0093,-0.0138,9.8066,-0.1987,-0.0462,-0.0655,-7.56,-41,-11.25,213.44,-79.41,-165.18
52.408245,-1.51957,144.61,20.52,4,12.23,18 / 20,124009,2019-09-06 20:55:09:016,0.1122,-0.1925,9.8858,0.0011,0.0049,9.8066,-0.0167,-0.0465,-0.0494,-8.06,-40.62,-10.44,214.42,-79.4,-165.15
52.408245,-1.51957,144.61,20.52,4,12.23,19 / 20,124110,2019-09-06 20:55:09:117,-0.1221,0.2693,9.9093,0.0102,-0.0095,9.8066,0.0525,0.0086,0.0602,-7.75,-40.87,-9.5,216.07,-79.43,-164.33
52.408245,-1.51957,144.61,20.52,4,12.23,19 / 20,124209,2019-09-06 20:55:09:216,-0.2634,0.1723,9.8389,0.01,0.0094,9.8066,-0.0962,-0.0589,0.0608,-7.62,-39.87,-9.25,217.14,-79.41,-163.2
52.408245,-1.51957,144.61,20.52,4,12.23,19 / 20,124310,2019-09-06 20:55:09:317,0.8637,-0.7018,9.6133,0.0011,-0.0204,9.8066,-0.1349,-0.0663,0.0414,-8.12,-39.69,-10.31,215.8,-79.46,-163.69
52.408245,-1.51957,144.61,20.52,4,12.23,19 / 20,124410,2019-09-06 20:55:09:417,0.6133,-1.2055,9.8206,-0.0154,-0.0174,9.8066,0.1278,0.0646,-0.0261,-8.94,-40.69,-9.81,218.65,-79.62,-163.61
52.408245,-1.51957,144.61,20.52,4,12.23,19 / 20,124509,2019-09-06 20:55:09:516,0.3496,0.3294,10.0368,0.0143,0.0329,9.8065,0.201,-0.0766,0.1282,-9.62,-40.12,-10.31,222.06,-79.56,-163.18
52.408245,-1.51957,144.61,20.52,4,12.23,19 / 20,124609,2019-09-06 20:55:09:616,-0.1187,0.2288,9.3778,0.0091,0.0181,9.8066,0.0391,-0.103,0.022,-9.37,-39.75,-10.25,218.86,-79.48,-163.55
52.408245,-1.51957,144.61,20.52,4,12.23,19 / 20,124709,2019-09-06 20:55:09:716,0.1587,0.5566,9.6279,0.0109,-0.0143,9.8066,-0.0042,-0.046,0.0038,-8.94,-39.31,-11,217.94,-79.42,-163.65
52.408245,-1.51957,144.61,20.52,4,12.23,19 / 20,124810,2019-09-06 20:55:09:817,1.1499,-0.2951,10.0996,-0.0131,0.0003,9.8065,0.0554,-0.042,-0.0043,-8.25,-39.94,-11.19,215.02,-79.49,-163.44
52.408245,-1.51957,144.61,20.52,4,12.23,19 / 20,124910,2019-09-06 20:55:09:917,0.2013,1.1623,10.3227,0.0123,0.0465,9.8065,0.1413,0.0081,-0.0853,-9.62,-40.31,-9.75,222.22,-79.58,-162.99
52.408245,-1.51957,144.61,20.52,4,12.23,19 / 20,125010,2019-09-06 20:55:10:017,-0.2398,-0.4122,9.3692,0.025,0.0419,9.8064,-0.0941,-0.0511,-0.0317,-9.62,-39.94,-10.87,220.75,-79.32,-162.89
52.408245,-1.51957,144.61,20.52,4,12.23,19 / 20,125109,2019-09-06 20:55:10:116,-0.127,-1.1421,9.6769,-0.0016,-0.0054,9.8066,-0.1214,-0.0053,-0.0117,-10.12,-39.94,-10.81,221.35,-79.47,-162.31
52.408245,-1.51957,144.61,20.52,4,12.23,19 / 20,125210,2019-09-06 20:55:10:217,1.1757,-1.6212,10.1111,0.0117,0.0034,9.8066,-0.012,-0.0521,-0.0698,-9.06,-40.25,-10.5,219.49,-79.51,-162.69
52.408245,-1.51957,144.61,20.52,4,12.23,19 / 20,125309,2019-09-06 20:55:10:316,-0.2688,-0.6456,10.0382,-0.0234,-0.0136,9.8066,0.0982,-0.0156,-0.0478,-9.44,-40.12,-9.94,219.51,-79.6,-162.84
52.408245,-1.51957,144.61,20.52,4,12.23,19 / 20,125409,2019-09-06 20:55:10:416,-0.9373,-1.2876,10.3898,-0.0121,-0.0056,9.8066,0.0894,-0.0334,0.0835,-9.75,-40.25,-9.87,221.64,-79.52,-163.7
52.408245,-1.51957,144.61,20.52,4,12.23,19 / 20,125509,2019-09-06 20:55:10:516,-1.3034,-0.2845,9.5702,0.0024,0.0014,9.8066,0.0723,0.0021,-0.0392,-10.75,-40.62,-9.81,223.8,-79.52,-163.92
52.408245,-1.51957,144.61,20.52,4,12.23,19 / 20,125609,2019-09-06 20:55:10:616,-0.2697,0.096,9.8149,0.0094,-0.0074,9.8066,0.0379,-0.0838,0.0208,-10.12,-39.69,-9.69,221.47,-79.55,-164
52.408245,-1.51957,144.61,20.52,4,12.23,19 / 20,125710,2019-09-06 20:55:10:717,-0.0912,-0.5494,9.2618,-0.0236,-0.0311,9.8065,0.0626,-0.092,-0.0003,-10.69,-39.5,-10.12,225.04,-79.61,-163.42
52.408245,-1.51957,144.61,20.52,4,12.23,19 / 20,125810,2019-09-06 20:55:10:817,-0.1113,-0.7028,9.4609,0.0106,0.0223,9.8065,0.0478,-0.0382,0.021,-9.94,-39.31,-10.19,222.07,-79.49,-163.56
52.408245,-1.51957,144.61,20.52,4,12.23,19 / 20,125910,2019-09-06 20:55:10:917,0.2207,0.0456,9.0943,0.0178,0.0146,9.8065,0.019,-0.0424,-0.0195,-10.44,-39.19,-10.62,220.68,-79.32,-163.48
52.408245,-1.51957,144.61,20.52,4,12.23,19 / 20,126009,2019-09-06 20:55:11:016,1.1491,0.6504,9.8787,-0.0198,-0.0288,9.8066,0.0121,-0.0596,0.0211,-10.69,-39.12,-10.31,224.44,-79.23,-163.54
52.408245,-1.51957,144.61,20.52,4,12.23,19 / 20,126109,2019-09-06 20:55:11:116,-0.7167,0.811,9.7727,-0.0222,-0.0104,9.8066,0.0129,-0.1026,0.1065,-10,-39.37,-10.25,221.72,-79.26,-163.64
52.408245,-1.51957,144.61,20.52,4,12.23,19 / 20,126210,2019-09-06 20:55:11:217,0.9774,0.6031,10.046,-0.0143,-0.0369,9.8065,0.1653,0.0364,-0.0463,-10.81,-39.5,-9.81,223.98,-79.17,-164.08
52.408245,-1.51957,144.61,20.52,4,12.23,19 / 20,126310,2019-09-06 20:55:11:317,0.755,0.7578,9.3535,0.0032,0.0104,9.8066,-0.0844,-0.1073,0.0571,-9.69,-39.12,-10.19,221.15,-79.32,-164.53
52.408245,-1.51957,144.61,20.52,4,12.23,19 / 20,126409,2019-09-06 20:55:11:416,-0.248,-0.44,9.017,-0.0105,-0.0103,9.8066,-0.0879,-0.0814,-0.0144,-10.31,-38.81,-9.94,221.59,-79.48,-164.22
52.408245,-1.51957,144.61,20.52,4,12.23,19 / 20,126510,2019-09-06 20:55:11:517,-0.8603,-0.5331,9.9011,-0.0057,0.0007,9.8066,0.1536,-0.1072,0.0694,-10.12,-38.69,-10.56,220.54,-79.56,-164.08
52.408245,-1.51957,144.61,20.52,4,12.23,19 / 20,126610,2019-09-06 20:55:11:617,-1.2693,-1.6224,10.4506,0.0159,0.0118,9.8066,0.1175,-0.1031,-0.0545,-10.62,-38.56,-10.12,224.67,-79.63,-163.98
52.408245,-1.51957,144.61,20.52,4,12.23,19 / 20,126709,2019-09-06 20:55:11:716,-0.1055,0.6606,10.3267,0.022,0.0373,9.8065,-0.1663,-0.1901,0.1092,-10.5,-38.56,-9.87,221.54,-79.53,-164.38
52.408245,-1.51957,144.61,20.52,4,12.23,19 / 20,126810,2019-09-06 20:55:11:817,0.1342,-0.2263,11.6912,0.0085,0.0244,9.8066,-0.0513,-0.0782,-0.0779,-10.5,-38.12,-10.19,221.66,-79.24,-164.21
52.408245,-1.51957,144.61,20.52,4,12.23,19 / 20,126910,2019-09-06 20:55:11:917,0.2095,1.032,10.3997,-0.0027,0.0214,9.8065,-0.0501,-0.0331,0.1025,-11.25,-38.69,-10.37,223.51,-79.27,-164.9
52.408245,-1.51957,144.61,20.52,4,12.23,19 / 20,127009,2019-09-06 20:55:12:016,-0.823,-0.5316,10.2477,0.0016,-0.0037,9.8065,-0.0162,-0.0075,0.0181,-11,-38,-9.44,225.02,-79.25,-165.35
52.408245,-1.51957,144.61,20.52,4,12.23,18 / 20,127110,2019-09-06 20:55:12:117,1.2416,-1.1591,10.4392,0.0091,0.0088,9.8066,-0.0134,-0.042,-0.0814,-11.94,-38,-10.06,226.49,-79.42,-165.12
52.408245,-1.51957,144.61,20.52,4,12.23,18 / 20,127209,2019-09-06 20:55:12:216,-1.0565,0.2499,10.4854,0.0218,0.021,9.8065,-0.1241,0.0061,-0.0805,-10.94,-38.06,-10.12,223.67,-79.53,-165.67
52.408245,-1.51957,144.61,20.52,4,12.23,18 / 20,127310,2019-09-06 20:55:12:317,-1.5692,-0.9008,10.1046,-0.0123,-0.0346,9.8065,0.1888,-0.0256,-0.029,-10.56,-38.06,-9.25,224.75,-79.23,-165.7
52.408245,-1.51957,144.61,20.52,4,12.23,18 / 20,127409,2019-09-06 20:55:12:416,0.5704,-0.9224,9.9143,-0.0016,-0.0213,9.8066,-0.0462,-0.143,-0.0046,-11.31,-37.44,-9.69,224.56,-79.32,-164.63
52.408245,-1.51957,144.61,20.52,4,12.23,18 / 20,127509,2019-09-06 20:55:12:516,-1.2272,-0.3947,10.6131,-0.0055,-0.0012,9.8065,0.0014,-0.0952,0.0859,-11.31,-37.69,-9.62,224.7,-79.41,-164.06
52.408245,-1.51957,144.61,20.52,4,12.23,18 / 20,127610,2019-09-06 20:55:12:617,0.2693,0.7496,10.773,0.0179,0.0193,9.8066,0.0936,0.0081,0.0628,-11.87,-37.62,-10.06,227.24,-79.43,-164.14
52.408245,-1.51957,144.61,20.52,4,12.23,18 / 20,127710,2019-09-06 20:55:12:717,0.8874,-0.4188,10.1322,0.0255,0.0215,9.8066,-0.2162,0.0077,-0.0598,-11.44,-37.56,-10.31,224.64,-79.36,-164.04
52.408245,-1.51957,144.61,20.52,4,12.23,18 / 20,127810,2019-09-06 20:55:12:817,1.1415,1.2127,9.7056,0.006,0.011,9.8066,-0.1306,-0.0303,-0.0345,-11,-37.69,-10.31,224.76,-79.3,-163.76
52.408245,-1.51957,144.61,20.52,4,12.23,18 / 20,127910,2019-09-06 20:55:12:917,-1.0052,-0.6233,10.4556,0.0155,0.0311,9.8065,-0.0454,0.0065,0.0585,-10.94,-39.12,-9.81,224.77,-79.59,-163.76
52.408245,-1.51957,144.61,20.52,4,12.23,18 / 20,128010,2019-09-06 20:55:13:017,0.3258,-0.8419,10.1703,0.0363,0.0272,9.8064,-0.0734,0.0186,-0.0066,-11.25,-39.87,-8.31,227.27,-79.32,-163.37
52.408245,-1.51957,144.61,20.52,4,12.23,18 / 20,128112,2019-09-06 20:55:13:119,1.6433,0.2264,10.3989,-0.0014,-0.0112,9.8066,-0.0759,0.0564,-0.1638,-12,-37.69,-7.62,231.03,-79.39,-163.37
52.408245,-1.51957,144.61,20.52,4,12.23,18 / 20,128210,2019-09-06 20:55:13:217,0.2323,0.0114,11.2949,-0.0257,0.0093,9.8065,0.0566,-0.0791,0.006,-11.31,-36,-9.12,226.75,-79.31,-164.26
52.408245,-1.51957,144.61,20.52,4,12.23,18 / 20,128309,2019-09-06 20:55:13:316,-1.4777,-1.1974,11.4097,0.0198,-0.0027,9.8066,0.1331,-0.0004,0.0229,-10.56,-38.19,-8.69,224.15,-79.05,-166.18
52.408245,-1.51957,144.61,20.52,4,12.23,18 / 20,128410,2019-09-06 20:55:13:417,-2.6778,-0.0107,11.1314,-0.0252,-0.0305,9.8065,0.1662,-0.1573,0.0679,-11.75,-36.44,-8.12,229.69,-78.82,-165.25
52.408245,-1.51957,144.61,20.52,4,12.23,18 / 20,128510,2019-09-06 20:55:13:517,0.3961,0.8346,9.0605,-0.0135,-0.0034,9.8065,-0.0935,-0.0593,-0.0322,-13.75,-36.12,-9.56,231.54,-78.66,-164.45
52.408245,-1.51957,144.61,20.52,4,12.23,18 / 20,128609,2019-09-06 20:55:13:616,0.4006,-1.4864,9.6163,-0.0345,-0.0202,9.8065,0.0352,-0.0983,0.1271,-13.06,-35.5,-8.31,233.46,-79.08,-164.76
52.408245,-1.51957,144.61,20.52,4,12.23,18 / 20,128709,2019-09-06 20:55:13:716,-0.9892,2.0824,10.3722,0.0076,0.0242,9.8065,-0.0052,-0.1607,0.1267,-12,-36.31,-9,228.6,-79.01,-164.76
52.408245,-1.51957,144.61,20.52,4,12.23,18 / 20,128809,2019-09-06 20:55:13:816,0.0239,1.9564,9.949,0.0279,0.0226,9.8065,0.1405,0.0506,-0.0808,-11.69,-36.31,-7.81,229.93,-78.8,-164.88
52.408245,-1.51957,144.61,20.52,4,12.23,18 / 20,128909,2019-09-06 20:55:13:916,-0.7675,-0.5287,10.4816,-0.0204,-0.01,9.8065,0.1502,-0.0877,0.0409,-12.19,-33.06,-6.31,233.99,-78.26,-165.79
52.408245,-1.51957,144.61,20.52,4,12.23,18 / 20,129010,2019-09-06 20:55:14:017,0.6691,0.262,10.3708,-0.0054,-0.0178,9.8065,0.0028,-0.0517,-0.122,-11.62,-35.5,-6.75,230.47,-78.24,-166.22
52.408245,-1.51957,144.61,20.52,4,12.23,18 / 19,129110,2019-09-06 20:55:14:117,0.8985,0.5062,9.1658,-0.0088,0.0209,9.8066,-0.1259,-0.0759,0.0763,-10.5,-36.81,-4.31,229.71,-78.39,-166.81
52.408245,-1.51957,144.61,20.52,4,12.23,18 / 19,129209,2019-09-06 20:55:14:216,-0.1853,0.0089,9.4881,0.0228,0.0253,9.8065,-0.1746,0.0417,-0.0104,-10.75,-39.12,-5.56,226.93,-78.38,-167.46
52.408245,-1.51957,144.61,20.52,4,12.23,18 / 19,129310,2019-09-06 20:55:14:317,-0.6745,1.2736,9.7886,-0.0448,-0.0457,9.8063,0.2258,-0.005,0.0252,-11.06,-40.44,-4.12,230.02,-78.2,-167.79
52.408245,-1.51957,144.61,20.52,4,12.23,18 / 19,129410,2019-09-06 20:55:14:417,-0.9414,-0.1332,9.9175,-0.0089,-0.0273,9.8065,0.063,0.0366,-0.0166,-11.69,-40.5,-6.44,228.55,-78.26,-168.09
52.408245,-1.51957,144.61,20.52,4,12.23,18 / 19,129510,2019-09-06 20:55:14:517,-0.6692,-0.347,9.997,0.0054,0.013,9.8066,0.0563,-0.079,0.026,-11.87,-41.69,-7.12,226.12,-78.27,-167.62
52.408245,-1.51957,144.61,20.52,4,12.23,18 / 19,129610,2019-09-06 20:55:14:617,0.3135,0.0601,10.9448,0.0053,-0.0071,9.8066,0.0598,-0.057,-0.0039,-12.31,-37.94,-8.56,224.8,-78.21,-167.31
52.408245,-1.51957,144.61,20.52,4,12.23,18 / 19,129709,2019-09-06 20:55:14:716,0.2983,-0.8318,10.8065,0.0058,0.0102,9.8066,0.0059,-0.082,-0.0088,-11.56,-39.19,-9.56,222.97,-78.13,-167.13
52.408245,-1.51957,144.61,20.52,4,12.23,18 / 19,129810,2019-09-06 20:55:14:817,0.4133,0.1778,10.2579,0.0076,0.0137,9.8066,-0.0114,-0.0106,0,-12.06,-38.12,-6.69,227.72,-78,-167.45
52.408245,-1.51957,144.61,20.52,4,12.23,18 / 19,129909,2019-09-06 20:55:14:916,-0.3713,-0.2159,9.7319,-0.0225,-0.0319,9.8065,0.107,-0.0395,0.0743,-11.81,-37.12,-9.75,223.05,-77.94,-167.83
52.408245,-1.51957,144.61,20.52,4,12.23,18 / 19,130010,2019-09-06 20:55:15:017,0.5727,0.7901,9.5037,-0.0053,-0.02,9.8066,-0.1208,-0.0814,0.0249,-11.69,-37.62,-7.87,225.73,-78.04,-167.91
52.408245,-1.51957,144.61,20.52,4,12.23,18 / 19,130110,2019-09-06 20:55:15:117,-0.699,-0.2689,8.8475,-0.0238,-0.0207,9.8066,-0.0218,0.0253,0.0452,-12.81,-36.12,-8.06,229.5,-78.16,-167.63
52.408245,-1.51957,144.61,20.52,4,12.23,18 / 19,130209,2019-09-06 20:55:15:216,0.1212,-0.5085,9.0833,-0.0068,-0.0192,9.8065,-0.0102,-0.0156,0.0038,-12.56,-36.06,-7.12,231.66,-78.33,-167.56
52.408245,-1.51957,144.61,20.52,4,12.23,18 / 19,130310,2019-09-06 20:55:15:317,0.4712,-1.0358,10.0003,0.0043,0.0106,9.8066,0.0679,-0.0081,-0.1199,-11.87,-33.94,-7.75,227.65,-78.2,-168.14
52.408245,-1.51957,144.61,20.52,4,12.23,18 / 19,130409,2019-09-06 20:55:15:416,0.2195,0.0342,10.3274,-0.0023,0.0105,9.8066,-0.0161,-0.092,-0.0515,-11.81,-34.81,-9.81,222.96,-78.01,-169.18
52.408245,-1.51957,144.61,20.52,4,12.23,18 / 19,130509,2019-09-06 20:55:15:516,-0.9775,0.4837,9.1929,-0.0091,-0.0105,9.8066,-0.0246,-0.0883,0.033,-12.44,-37.12,-10.31,222.04,-77.99,-169.32
52.408245,-1.51957,144.61,20.52,4,12.23,18 / 19,130609,2019-09-06 20:55:15:616,0.7387,-1.2075,9.9387,-0.0018,-0.0101,9.8065,-0.0429,-0.0382,0.054,-12.94,-37.19,-8.62,226.28,-78.02,-168.85
52.408245,-1.51957,144.61,20.52,4,12.23,18 / 19,130709,2019-09-06 20:55:15:716,0.8802,-0.5833,10.4439,0.0087,0.0054,9.8066,0.1241,-0.0861,0.0605,-12.31,-36.5,-9,224.72,-78.09,-168.4
52.408245,-1.51957,144.61,20.52,4,12.23,18 / 19,130810,2019-09-06 20:55:15:817,0.0543,0.3441,10.8966,0.0062,0.0082,9.8066,0.1241,-0.0609,-0.0811,-10.25,-36.69,-9.06,219.05,-77.95,-168.19
52.408245,-1.51957,144.61,20.52,4,12.23,18 / 19,130910,2019-09-06 20:55:15:917,0.979,1.3578,10.2602,-0.0121,0.0307,9.8065,-0.1784,-0.125,0.0086,-11.25,-37,-8.75,221.27,-77.92,-168.79
52.408245,-1.51957,144.61,20.52,4,12.23,18 / 19,131010,2019-09-06 20:55:16:017,0.3585,-0.6709,9.4037,0.0092,0.039,9.8065,-0.1576,-0.1085,0.023,-10.75,-34.25,-7.69,222.69,-77.67,-170.5
52.408245,-1.51957,144.61,20.52,4,12.23,18 / 20,131109,2019-09-06 20:55:16:116,0.7476,0.4873,9.7736,0.003,0.0103,9.8065,0.0066,-0.023,-0.064,-10.69,-32.62,-9.19,221.08,-77.78,-171.25
52.409748,-1.518593,142.76,19.95,4,30.11,18 / 20,131210,2019-09-06 20:55:16:217,1.5079,-1.9311,10.1237,0.006,0.0166,9.8066,-0.0731,-0.1887,0.1296,-11,-33.56,-4.87,227.54,-77.63,-171.93
52.409748,-1.518593,142.76,19.95,4,30.11,18 / 20,131310,2019-09-06 20:55:16:317,-0.4417,0.1882,9.3819,-0.0085,-0.0026,9.8066,-0.0801,-0.0852,0.069,-11.19,-30.87,-2.5,237.98,-77.64,-171.55
52.409748,-1.518593,142.76,19.95,4,30.11,18 / 20,131409,2019-09-06 20:55:16:416,0.7886,0.0691,9.8035,0.0152,-0.0191,9.8065,0.0489,-0.1509,-0.032,-11.25,-28.44,-2.56,237.26,-77.61,-171.31
52.409748,-1.518593,142.76,19.95,4,30.11,18 / 20,131510,2019-09-06 20:55:16:517,1.7231,-1.5617,10.8446,-0.0067,-0.0018,9.8065,0.0348,-0.079,0.1052,-12.87,-33.69,-3.87,236.67,-77.64,-169.83
52.409748,-1.518593,142.76,19.95,4,30.11,18 / 20,131610,2019-09-06 20:55:16:617,-1.6692,1.2282,10.8828,0.0115,-0.0177,9.8066,0.0056,0.0294,-0.079,-12.44,-39.12,-2.87,233.55,-77.63,-169.59
52.409748,-1.518593,142.76,19.95,4,30.11,18 / 20,131710,2019-09-06 20:55:16:717,-0.7563,-1.3729,10.4136,0.0105,0.0194,9.8066,0.2125,-0.0931,0.0739,-12.44,-44.19,-1,235.08,-77.5,-169.56
52.409748,-1.518593,142.76,19.95,4,30.11,18 / 20,131810,2019-09-06 20:55:16:817,-0.5918,0.8399,9.2371,0.0131,0.0074,9.8066,0.0153,0.057,-0.0969,-12.06,-42,-0.62,235.71,-77.19,-169.66
52.409748,-1.518593,142.76,19.95,4,30.11,18 / 20,131910,2019-09-06 20:55:16:917,-0.1618,-0.1441,9.2415,-0.0206,-0.0382,9.8065,0.0618,-0.0692,0.0194,-11.81,-40.12,-5.31,227.28,-77.17,-170.23
52.409748,-1.518593,142.76,19.95,4,30.11,18 / 20,132010,2019-09-06 20:55:17:017,0.9159,-1.0215,9.9342,-0.0121,-0.014,9.8066,0.0009,0.0502,-0.0682,-11.56,-40.94,-9.87,219.34,-77.25,-169.77
52.409748,-1.518593,142.76,19.95,4,30.11,18 / 19,132109,2019-09-06 20:55:17:116,0.5167,0.0513,10.1841,0.0052,0.0117,9.8066,0.0603,-0.0597,0.057,-13,-42.06,-9.87,221.21,-77.23,-169.78
52.409748,-1.518593,142.76,19.95,4,30.11,18 / 19,132210,2019-09-06 20:55:17:217,1.9148,-0.6538,10.4748,-0.0005,0.0202,9.8066,-0.1592,0.0606,-0.1587,-12.69,-42.12,-7.62,223.25,-77.02,-170.5
52.409748,-1.518593,142.76,19.95,4,30.11,18 / 19,132309,2019-09-06 20:55:17:316,0.4552,0.1887,10.478,0.0013,0.0112,9.8066,0.0735,-0.1794,0.1116,-13.06,-39.62,-6,227.06,-77.03,-171.17
52.409748,-1.518593,142.76,19.95,4,30.11,18 / 19,132409,2019-09-06 20:55:17:416,-1.8941,-2.1215,9.9144,0.0055,0.0362,9.8065,-0.0452,-0.1841,0.0164,-12.37,-38.12,-6.31,225.32,-77.22,-172.02
52.409748,-1.518593,142.76,19.95,4,30.11,18 / 19,132509,2019-09-06 20:55:17:516,-1.5007,-2.0512,9.8719,-0.0136,-0.0228,9.8065,-0.093,-0.0391,-0.1253,-11.62,-38.19,-5.62,224.56,-77.16,-173.04
52.409748,-1.518593,142.76,19.95,4,30.11,18 / 19,132609,2019-09-06 20:55:17:616,-1.0374,-0.2382,10.0673,-0.0116,-0.0249,9.8066,0.0947,-0.0426,0.0291,-11.87,-35.81,-5.87,226.04,-77.22,-172.47
52.409748,-1.518593,142.76,19.95,4,30.11,18 / 19,132710,2019-09-06 20:55:17:717,0.4092,-0.3815,10.0216,0.0191,0.0215,9.8065,0.0456,0.0033,0.0472,-11.44,-38.75,-9.12,217.67,-77.02,-171.42
52.409748,-1.518593,142.76,19.95,4,30.11,18 / 19,132810,2019-09-06 20:55:17:817,-0.2378,0.267,9.8451,-0.0065,-0.027,9.8066,0.0686,-0.0023,0.0759,-12.69,-40.81,-5.37,228.6,-77.05,-170.96
52.409748,-1.518593,142.76,19.95,4,30.11,18 / 19,132910,2019-09-06 20:55:17:917,-0.1095,-0.4407,9.9337,-0.001,-0.0003,9.8066,0.0458,-0.0343,0.0169,-13.62,-38.06,-4.19,234.75,-76.99,-170.8
52.409748,-1.518593,142.76,19.95,4,30.11,18 / 19,133010,2019-09-06 20:55:18:017,-1.1086,0.5078,10.2284,0.014,0.0036,9.8065,0.0378,-0.0679,0.0644,-14.19,-36.81,-5,233.21,-77.03,-170.8
52.409748,-1.518593,142.76,19.95,4,30.11,18 / 19,133112,2019-09-06 20:55:18:119,0.4199,-1.751,10.9597,0.0172,0.0272,9.8066,-0.0246,-0.0771,0.0009,-13.19,-38.31,-4.69,230.05,-76.85,-170.77
52.409748,-1.518593,142.76,19.95,4,30.11,18 / 19,133210,2019-09-06 20:55:18:217,-0.9376,-0.4081,10.8944,0.0126,0.0101,9.8066,0.0545,-0.0459,0.0393,-12.25,-36.62,-3.37,232.42,-76.93,-171.27
52.409748,-1.518593,142.76,19.95,4,30.11,18 / 19,133309,2019-09-06 20:55:18:316,0.5046,0.6346,9.6978,0.0032,0.0039,9.8066,0.0368,-0.0829,0.0491,-13.06,-35.81,-6.62,227.01,-76.73,-170.94
52.409748,-1.518593,142.76,19.95,4,30.11,18 / 19,133409,2019-09-06 20:55:18:416,-0.4613,1.0021,9.0341,-0.0136,-0.0102,9.8066,-0.0825,-0.0683,0.0373,-13.44,-38.94,-5.56,226.97,-76.39,-170.67
52.409748,-1.518593,142.76,19.95,4,30.11,18 / 19,133510,2019-09-06 20:55:18:517,0.3758,0.0324,9.4537,-0.0047,-0.0182,9.8066,0.0132,-0.0873,-0.0328,-14.06,-37.31,-5.19,232.63,-76.43,-170.3
52.409748,-1.518593,142.76,19.95,4,30.11,18 / 19,133610,2019-09-06 20:55:18:617,-0.2078,-1.0718,10.3795,0.016,0.0255,9.8065,-0.0409,-0.0436,0.0427,-14.25,-38.44,-6.87,228.68,-76.6,-170.13
52.409748,-1.518593,142.76,19.95,4,30.11,18 / 19,133710,2019-09-06 20:55:18:717,-1.0348,0.2001,9.2903,0.0291,0.0416,9.8065,-0.2548,0.0382,0.0052,-13.56,-39.31,-6.87,227.56,-76.33,-170.5
52.409748,-1.518593,142.76,19.95,4,30.11,18 / 19,133810,2019-09-06 20:55:18:817,-0.2812,-1.3408,10.3712,-0.0118,-0.035,9.8065,0.1961,0.0167,0.1137,-12.81,-41.87,-5.69,225.49,-76.38,-170.57
52.409748,-1.518593,142.76,19.95,4,30.11,18 / 19,133910,2019-09-06 20:55:18:917,0.3712,0.1696,10.4417,0.0124,0.0072,9.8066,0.0557,-0.0323,0.0113,-13.81,-40.81,-1.44,239.83,-76.48,-169.72
52.409748,-1.518593,142.76,19.95,4,30.11,18 / 19,134010,2019-09-06 20:55:19:017,-0.6297,-1.6466,10.7771,-0.0081,-0.0029,9.8066,0.0714,0.0266,-0.0935,-12.87,-36.19,-2.69,235.5,-76.19,-169.5
52.409748,-1.518593,142.76,19.95,4,30.11,18 / 19,134110,2019-09-06 20:55:19:117,0.5111,1.0135,10.715,0.011,-0.0048,9.8066,0.075,-0.0873,-0.0261,-12.5,-40,-4.44,228.03,-76.19,-169.59
52.409748,-1.518593,142.76,19.95,4,30.11,18 / 19,134210,2019-09-06 20:55:19:217,-0.6293,-1.3118,9.7211,-0.011,-0.0165,9.8065,-0.0506,-0.0543,0.013,-12.62,-37.5,-1.56,237.56,-76.32,-169.49
52.409748,-1.518593,142.76,19.95,4,30.11,18 / 19,134309,2019-09-06 20:55:19:316,0.1266,-2.1694,9.7739,-0.0428,-0.049,9.8064,0.1306,-0.1273,0.066,-13,-37.75,-5.5,230.66,-76.63,-169.33
52.409748,-1.518593,142.76,19.95,4,30.11,18 / 19,134409,2019-09-06 20:55:19:416,-1.2718,-0.3363,9.3742,0.0184,0.0307,9.8065,-0.0098,-0.1667,-0.0143,-13.69,-38.69,-4.12,234.35,-76.43,-169.13
52.409748,-1.518593,142.76,19.95,4,30.11,18 / 19,134510,2019-09-06 20:55:19:517,-0.4674,0.4264,10.6188,0.0146,0.0241,9.8065,-0.0683,-0.0136,-0.0572,-13.62,-36.62,-5.37,233.14,-76.28,-169.26
52.409748,-1.518593,142.76,19.95,4,30.11,18 / 19,134610,2019-09-06 20:55:19:617,0.9566,-1.3847,11.2993,0.0238,0.0242,9.8065,-0.0062,0.0209,-0.0408,-13.31,-41.69,-4.19,229.49,-76.38,-170.03
52.409748,-1.518593,142.76,19.95,4,30.11,18 / 19,134710,2019-09-06 20:55:19:717,-2.5983,-0.7134,9.746,-0.0014,0.0126,9.8066,0.1317,-0.0589,-0.0208,-14.06,-38.19,-2.75,236.49,-76.5,-170.36
52.409748,-1.518593,142.76,19.95,4,30.11,18 / 19,134809,2019-09-06 20:55:19:816,-0.2185,0.267,8.9964,0.022,-0.002,9.8065,-0.2221,-0.1414,-0.0321,-13.06,-39.56,-5.12,228.81,-76.52,-170.17
52.409748,-1.518593,142.76,19.95,4,30.11,18 / 19,134910,2019-09-06 20:55:19:917,-0.8416,-1.6706,9.9864,-0.0273,-0.0343,9.8064,0.0169,-0.064,0.0067,-13.69,-39.56,-3.31,236.09,-76.58,-169.3
52.409748,-1.518593,142.76,19.95,4,30.11,18 / 19,135009,2019-09-06 20:55:20:016,2.7539,-0.3846,10.7603,0.1045,0.1094,9.8054,-0.3559,0.0977,0.0319,-14.5,-38.94,-5.44,233.29,-76.87,-168.73
52.409748,-1.518593,142.76,19.95,4,30.11,19 / 20,135109,2019-09-06 20:55:20:116,3.7501,-2.8593,9.7721,0.0546,0.1121,9.8058,-0.3252,-0.3097,0.3215,-14.5,-41.12,-3.81,234.02,-76.72,-168.6
52.409748,-1.518593,142.76,19.95,4,30.11,19 / 20,135210,2019-09-06 20:55:20:217,-0.6261,0.7856,8.8965,-0.0613,-0.0216,9.8063,0.0438,-0.0581,-0.0184,-14.56,-38.31,-3.75,236.17,-76.01,-169.59
52.409748,-1.518593,142.76,19.95,4,30.11,19 / 20,135310,2019-09-06 20:55:20:317,0.4975,0.7807,8.7031,-0.0259,-0.0136,9.8065,-0.0282,-0.0343,0.0495,-15.25,-41.19,-5.06,232.5,-76.41,-170.37
52.409748,-1.518593,142.76,19.95,4,30.11,19 / 20,135409,2019-09-06 20:55:20:416,0.4444,-0.498,10.3387,-0.0051,-0.0101,9.8066,0.0951,-0.1303,0.0403,-15.37,-38.81,-0.31,245.62,-76.47,-170.44
52.409748,-1.518593,142.76,19.95,4,30.11,19 / 20,135509,2019-09-06 20:55:20:516,-0.0623,0.8206,8.8816,0.0221,0.0114,9.8066,-0.0383,-0.0387,-0.0877,-14.37,-38.37,-3.87,234.12,-76.35,-170.18
52.409748,-1.518593,142.76,19.95,4,30.11,19 / 20,135609,2019-09-06 20:55:20:616,-1.7716,-0.2654,9.6584,-0.0197,-0.0005,9.8066,0.0918,-0.0236,0.1296,-13.69,-38.69,0.5,246.24,-76.34,-170.48
52.409748,-1.518593,142.76,19.95,4,30.11,19 / 20,135710,2019-09-06 20:55:20:717,0.0475,0.0929,10.3282,0.0009,-0.0146,9.8065,0.0659,0.0494,0.0127,-13.06,-32.19,2.44,254.01,-76.45,-170.94
52.409748,-1.518593,142.76,19.95,4,30.11,19 / 20,135809,2019-09-06 20:55:20:816,0.323,-1.005,9.6386,0.0056,-0.0182,9.8066,0.053,-0.0084,-0.0926,-13.44,-29.81,-6.87,230.26,-76.35,-170.23
52.409748,-1.518593,142.76,19.95,4,30.11,19 / 20,135909,2019-09-06 20:55:20:916,0.8269,-0.657,9.6034,-0.0187,-0.0212,9.8066,-0.0355,-0.1021,0.0922,-13.5,-36.5,-10.25,222.71,-76.39,-169.75
52.409748,-1.518593,142.76,19.95,4,30.11,19 / 20,136010,2019-09-06 20:55:21:017,0.8536,-0.2717,9.3927,-0.0012,-0.0002,9.8066,0.0081,-0.0591,-0.066,-14.12,-39.44,-4.69,232.03,-76.42,-169.5
52.409748,-1.518593,142.76,19.95,4,30.11,19 / 20,136110,2019-09-06 20:55:21:117,-0.6329,-0.8001,10.3262,0.0157,0.0154,9.8066,-0.0689,-0.0777,-0.0304,-16.12,-37,-5.81,235.32,-76.44,-169.7
52.409748,-1.518593,142.76,19.95,4,30.11,19 / 20,136209,2019-09-06 20:55:21:216,1.3125,0.1026,10.0562,0.0182,0.0093,9.8065,-0.0379,-0.0518,-0.0237,-16.25,-40.56,-5.37,234.75,-76.53,-170.37
52.409748,-1.518593,142.76,19.95,4,30.11,19 / 20,136310,2019-09-06 20:55:21:317,1.5813,-0.3121,10.2166,0.0071,0.0171,9.8066,-0.0744,-0.0104,-0.0678,-15.81,-37,-3.44,241.34,-76.43,-170.16
52.409748,-1.518593,142.76,19.95,4,30.11,19 / 20,136409,2019-09-06 20:55:21:416,0.374,0.367,9.4031,-0.0147,0.0019,9.8066,0.0055,-0.0664,-0.0503,-14.87,-40.44,-5.94,231.24,-76.34,-170.12
52.409748,-1.518593,142.76,19.95,4,30.11,19 / 20,136510,2019-09-06 20:55:21:517,-0.9388,-0.3227,8.9553,-0.0325,-0.0302,9.8064,-0.0532,-0.0186,0.066,-14.37,-39.44,-1.62,238.6,-76.7,-170.46
52.409748,-1.518593,142.76,19.95,4,30.11,19 / 20,136609,2019-09-06 20:55:21:616,0.7717,-1.0788,9.8647,0.0116,0.0042,9.8066,-0.082,-0.0682,0.101,-14.25,-35.37,-3.87,236.97,-76.89,-170.03
52.409748,-1.518593,142.76,19.95,4,30.11,19 / 20,136709,2019-09-06 20:55:21:716,-0.2445,0.1419,9.872,0.0362,0.0174,9.8065,-0.0985,-0.0581,0.0352,-14.44,-39.69,-7.31,228.44,-76.81,-169.47
52.409748,-1.518593,142.76,19.95,4,30.11,19 / 20,136810,2019-09-06 20:55:21:817,0.273,-1.0525,9.8726,0.0053,-0.0127,9.8065,-0.0574,0.0075,0.0035,-14.44,-42.69,-7.94,225.51,-76.76,-169.31
52.409748,-1.518593,142.76,19.95,4,30.11,19 / 20,136910,2019-09-06 20:55:21:917,1.0624,-0.2782,10.7541,-0.0226,-0.0205,9.8065,0.2815,0.0693,-0.0733,-14.69,-48.31,-5.62,228.29,-76.51,-169.02
52.409748,-1.518593,142.76,19.95,4,30.11,19 / 20,137009,2019-09-06 20:55:22:016,-1.5591,2.1407,9.9446,-0.0004,0.0115,9.8065,0.0766,0.101,-0.1013,-15.37,-45.94,2.94,250.44,-76.54,-168.86
52.409748,-1.518593,142.76,19.95,4,30.11,19 / 20,137109,2019-09-06 20:55:22:116,1.4537,-1.1003,10.2065,0.0091,-0.0165,9.8066,-0.1772,-0.0474,0.0611,-16.75,-38.44,3,260.92,-76.56,-168.07
52.409748,-1.518593,142.76,19.95,4,30.11,19 / 20,137209,2019-09-06 20:55:22:216,-1.2549,-1.0331,9.7769,-0.0106,-0.0259,9.8066,-0.1594,-0.0491,0.0544,-18.5,-37.31,-3.25,246.35,-76.63,-168.7
52.409748,-1.518593,142.76,19.95,4,30.11,19 / 20,137309,2019-09-06 20:55:22:316,0.9854,0.2033,10.6099,-0.024,-0.0098,9.8065,0.0699,0.0341,0.0022,-17.87,-40.75,-1.37,248.49,-76.53,-168.55
52.409748,-1.518593,142.76,19.95,4,30.11,19 / 20,137410,2019-09-06 20:55:22:417,-1.7395,0.5988,11.1049,0.0242,0.0169,9.8065,0.2531,0.1551,-0.0871,-17.62,-33,1.5,261.98,-76.37,-168.66
52.409748,-1.518593,142.76,19.95,4,30.11,19 / 20,137510,2019-09-06 20:55:22:517,-0.3042,-0.1557,9.8724,0.0058,0.0277,9.8065,-0.3838,0.1023,-0.1209,-16.31,-32.31,-4.5,242.67,-76.18,-169.07
52.409748,-1.518593,142.76,19.95,4,30.11,19 / 20,137610,2019-09-06 20:55:22:617,0.9268,-0.1829,10.5021,-0.0382,-0.0261,9.8065,-0.222,0.0692,0.0514,-13,-36.87,-6.37,228.72,-76.2,-169.25
52.409748,-1.518593,142.76,19.95,4,30.11,19 / 20,137709,2019-09-06 20:55:22:716,0.4814,-0.4343,9.9955,-0.0253,-0.0018,9.8065,0.1126,-0.0155,-0.018,-10.56,-38.12,-6.56,221.11,-76.51,-170.33
52.409748,-1.518593,142.76,19.95,4,30.11,19 / 20,137809,2019-09-06 20:55:22:816,0.493,-1.3247,10.3059,0.0145,-0.0274,9.8065,0.0141,-0.1317,0.0296,-13.69,-43.25,-9.06,222.8,-76.54,-170.81
52.409748,-1.518593,142.76,19.95,4,30.11,19 / 20,137909,2019-09-06 20:55:22:916,-0.2207,-0.0593,10.327,-0.0244,-0.0515,9.8065,0.0581,-0.0406,0.0071,-15.94,-48.25,-5.19,231.12,-76.36,-169.99
52.409748,-1.518593,142.76,19.95,4,30.11,19 / 20,138009,2019-09-06 20:55:23:016,0.8522,0.3983,11.0621,0.055,0.0274,9.8064,0.1189,-0.1877,0.139,-16.25,-41.81,1.13,249.45,-76.61,-169.05
52.409748,-1.518593,142.76,19.95,4,30.11,19 / 20,138110,2019-09-06 20:55:23:117,0.0788,0.0911,8.7626,0.0592,0.0174,9.8064,-0.2094,0.0931,-0.0332,-16.87,-38.25,-2.44,245.18,-76.19,-169.25
52.409748,-1.518593,142.76,19.95,4,30.11,19 / 20,138210,2019-09-06 20:55:23:217,-0.1583,-2.0052,9.6472,-0.0583,-0.047,9.8063,-0.3047,-0.2178,0.2143,-16.37,-41.87,-3.37,238.79,-76.1,-168.54
52.409748,-1.518593,142.76,19.95,4,30.11,19 / 20,138309,2019-09-06 20:55:23:316,-1.2001,0.4012,10.4784,0.0022,-0.0207,9.8066,0.1252,-0.2098,0.1759,-16.5,-38.62,-1.25,246.17,-76.43,-168.55
52.409748,-1.518593,142.76,19.95,4,30.11,19 / 20,138410,2019-09-06 20:55:23:417,-0.4894,1.407,9.1826,0.0045,-0.0174,9.8065,-0.0017,0.0154,0.0115,-16.37,-39.19,-3.69,238.67,-76.38,-168.98
52.409748,-1.518593,142.76,19.95,4,30.11,19 / 20,138509,2019-09-06 20:55:23:516,-1.2587,0.0904,9.4176,0.0126,0.0243,9.8065,-0.0112,-0.0954,0.0556,-16.25,-39.75,-2.06,242.99,-76.35,-168.31
52.409748,-1.518593,142.76,19.95,4,30.11,19 / 20,138609,2019-09-06 20:55:23:616,0.4723,-0.9641,9.5108,-0.0305,-0.0414,9.8065,-0.0672,0.0156,-0.0558,-15.5,-40.69,-4.75,233.17,-76.23,-168.98
52.409748,-1.518593,142.76,19.95,4,30.11,19 / 20,138710,2019-09-06 20:55:23:717,-0.7134,-1.3437,10.9596,-0.0332,-0.0329,9.8065,0.164,0.011,0.0113,-15.56,-42.37,0,247.28,-76.62,-168.29
52.409748,-1.518593,142.76,19.95,4,30.11,19 / 20,138809,2019-09-06 20:55:23:816,1.1924,1.8009,9.5628,0.0665,0.0464,9.8063,0.3579,-0.0994,0.0401,-16.12,-36.87,0.13,251.76,-76.7,-167.53
52.409748,-1.518593,142.76,19.95,4,30.11,19 / 20,138909,2019-09-06 20:55:23:916,-0.2698,-0.1469,8.8851,0.0484,0.0295,9.8064,0.0577,-0.0923,0.0256,-16.69,-39.94,-4.62,238.53,-76.22,-167.91
52.409748,-1.518593,142.76,19.95,4,30.11,19 / 20,139009,2019-09-06 20:55:24:016,0.3363,-1.7624,9.5272,-0.007,0.0067,9.8066,0.2065,-0.1078,0.0969,-15.94,-38.69,-0.56,245.98,-76.25,-168.31
52.409748,-1.518593,142.76,19.95,4,30.11,19 / 20,139110,2019-09-06 20:55:24:117,1.0373,0.5029,9.3599,0.019,0.0528,9.8064,-0.1214,-0.0146,-0.1478,-14.75,-39.31,-4.12,235.86,-76.16,-169.51
52.409748,-1.518593,142.76,19.95,4,30.11,19 / 20,139209,2019-09-06 20:55:24:216,-1.4427,-0.8926,9.3837,-0.0718,-0.0429,9.8062,-0.0868,-0.0644,-0.0794,-15.62,-42.19,-1.75,240.26,-76.22,-169.92
52.409748,-1.518593,142.76,19.95,4,30.11,19 / 20,139309,2019-09-06 20:55:24:316,0.2164,0.0407,10.6831,-0.0605,-0.0294,9.8063,0.0911,-0.0779,0.0079,-15.81,-38.31,0.06,248.07,-76.36,-170.33
52.409748,-1.518593,142.76,19.95,4,30.11,19 / 20,139412,2019-09-06 20:55:24:419,-0.5861,0.215,10.2555,0.0331,0.0301,9.8064,0.1249,-0.0072,-0.0444,-15.62,-40.87,-4.12,236.76,-76.75,-170.88
52.409748,-1.518593,142.76,19.95,4,30.11,19 / 20,139510,2019-09-06 20:55:24:517,0.5611,-0.6033,10.227,0.0296,0.0168,9.8066,-0.254,-0.0222,0.0211,-14.81,-40.56,1.63,249.77,-76.44,-170.7
52.409748,-1.518593,142.76,19.95,4,30.11,19 / 20,139609,2019-09-06 20:55:24:616,0.2001,-0.6973,9.8897,-0.0282,-0.0105,9.8066,-0.1491,-0.0158,-0.0133,-15.56,-34.75,0.69,253.24,-76.5,-170.73
52.409748,-1.518593,142.76,19.95,4,30.11,19 / 20,139710,2019-09-06 20:55:24:717,-0.2944,-0.2822,9.7868,-0.0146,-0.0253,9.8066,0.1563,-0.03,0.1038,-15.62,-39.31,-5.19,236.02,-76.75,-170.57
52.409748,-1.518593,142.76,19.95,4,30.11,19 / 20,139809,2019-09-06 20:55:24:816,-0.4859,-0.6817,10.3028,0.0066,0.0139,9.8066,0.1011,-0.0574,-0.0136,-16.19,-38.69,-1.94,242.4,-76.79,-171.09
52.409748,-1.518593,142.76,19.95,4,30.11,19 / 20,139909,2019-09-06 20:55:24:916,-0.3687,0.3921,10.5546,0.0347,0.0205,9.8065,-0.1307,-0.0229,0.0016,-17.31,-38.75,-3.25,241.72,-76.85,-171.39
52.409748,-1.518593,142.76,19.95,4,30.11,19 / 20,140010,2019-09-06 20:55:25:017,-0.2873,-0.6098,9.372,-0.011,-0.0271,9.8066,-0.1451,-0.0534,0.1174,-17.56,-39.75,-1,247.46,-76.48,-170.57
52.41092,-1.516881,143.57,19.03,4,50.49,19 / 20,140110,2019-09-06 20:55:25:117,-0.0143,-0.768,9.6969,-0.0143,-0.0177,9.8065,-0.1425,-0.0285,-0.0156,-18.31,-35.75,-1.25,251.22,-76.65,-169.5
52.41092,-1.516881,143.57,19.03,4,50.49,19 / 20,140210,2019-09-06 20:55:25:217,0.3609,-0.444,9.9855,0.012,0.0028,9.8066,-0.054,-0.024,-0.0749,-17.87,-38.06,-4.12,243.5,-76.71,-168.92
52.41092,-1.516881,143.57,19.03,4,50.49,19 / 20,140310,2019-09-06 20:55:25:317,-0.4996,-0.4794,10.1354,0.0095,0.0189,9.8066,0.0058,-0.0299,0.0438,-16.69,-36.44,-2.25,247.24,-76.61,-169.24
52.41092,-1.516881,143.57,19.03,4,50.49,19 / 20,140410,2019-09-06 20:55:25:417,-0.2614,0.5384,11.051,0.0265,0.0131,9.8066,0.0088,-0.0703,0.0155,-17,-34.25,-3.81,243.4,-76.44,-169.34
52.41092,-1.516881,143.57,19.03,4,50.49,19 / 20,140510,2019-09-06 20:55:25:517,-1.0684,1.0169,10.2366,0.0215,0.0091,9.8066,0.0218,0.0535,-0.1066,-16.62,-40.56,-5.69,234.93,-75.97,-169.03
52.41092,-1.516881,143.57,19.03,4,50.49,19 / 20,140610,2019-09-06 20:55:25:617,-1.5357,-3.1081,11.0883,0.0844,0.0602,9.806,0.0236,-0.0068,-0.038,-17,-43.69,-3,239.37,-76.16,-168.94
52.41092,-1.516881,143.57,19.03,4,50.49,19 / 20,140710,2019-09-06 20:55:25:717,1.344,-0.6169,10.1183,0.0924,0.0728,9.8058,0.194,-0.1176,-0.0276,-17.12,-42.56,1.94,253.49,-76.47,-168.33
52.41092,-1.516881,143.57,19.03,4,50.49,19 / 20,140809,2019-09-06 20:55:25:816,0.728,0.5542,8.5382,-0.0472,-0.014,9.8065,-0.2091,-0.0067,-0.033,-18.25,-38.5,0.94,253.71,-76.04,-169.82
52.41092,-1.516881,143.57,19.03,4,50.49,19 / 20,140909,2019-09-06 20:55:25:916,-0.3184,0.4795,8.6618,-0.0243,0.0054,9.8066,-0.1613,-0.0323,0.0174,-17.69,-37.19,0.56,254.27,-76.24,-170.49
52.41092,-1.516881,143.57,19.03,4,50.49,19 / 20,141009,2019-09-06 20:55:26:016,-0.041,0.1389,9.8466,-0.0365,-0.0098,9.8065,0.276,-0.0405,0.0814,-17.25,-35.81,-1.19,247.48,-76.11,-171.03
52.41092,-1.516881,143.57,19.03,4,50.49,19 / 20,141110,2019-09-06 20:55:26:117,-0.9528,0.1664,9.9298,-0.0745,-0.0566,9.8062,0.2348,-0.0368,-0.0594,-17.75,-39.87,-1.25,247.44,-76.6,-170.85
52.41092,-1.516881,143.57,19.03,4,50.49,19 / 20,141210,2019-09-06 20:55:26:217,0.7044,1.8125,10.2812,0.0638,0.0499,9.8062,-0.063,-0.0306,0.0231,-17.81,-38.75,0.44,250.65,-76.74,-171.12
52.41092,-1.516881,143.57,19.03,4,50.49,19 / 20,141310,2019-09-06 20:55:26:317,-1.2957,-0.6227,10.2537,0.0516,0.0325,9.8064,-0.0718,-0.0143,0.1084,-19,-36.56,-2.12,248.08,-76.7,-171.43
52.41092,-1.516881,143.57,19.03,4,50.49,19 / 20,141409,2019-09-06 20:55:26:416,-0.3005,-0.1109,9.792,-0.0036,-0.0268,9.8065,-0.011,-0.0229,0.0707,-19.75,-37.25,-4.81,242.98,-76.37,-170.98
52.41092,-1.516881,143.57,19.03,4,50.49,19 / 20,141510,2019-09-06 20:55:26:517,-2.1492,-1.2685,9.3653,-0.0156,-0.0218,9.8065,0.0176,-0.0556,0.0327,-20.44,-37.12,-6.19,242.11,-76.47,-169.87
52.41092,-1.516881,143.57,19.03,4,50.49,19 / 20,141610,2019-09-06 20:55:26:617,0.6731,-0.6064,7.5802,-0.0052,-0.001,9.8066,-0.1532,-0.0301,-0.0554,-20.75,-37.25,-6.87,242.11,-76.54,-169.54
52.41092,-1.516881,143.57,19.03,4,50.49,19 / 20,141710,2019-09-06 20:55:26:717,-1.4912,-0.4064,8.0542,-0.0453,-0.0424,9.8064,-0.0951,0.0436,-0.0205,-20.37,-39.56,-8.62,236.16,-76.86,-169.78
52.41092,-1.516881,143.57,19.03,4,50.49,19 / 20,141809,2019-09-06 20:55:26:816,1.3146,0.9302,9.1907,0.0123,0.0128,9.8066,0.1344,-0.0465,-0.0706,-16.12,-43.69,-9.19,227.11,-76.8,-170.3
52.41092,-1.516881,143.57,19.03,4,50.49,19 / 20,141909,2019-09-06 20:55:26:916,-0.384,0.4251,11.2019,0.0067,0.0107,9.8066,0.1182,-0.0329,0.0041,-12.5,-45.5,-7.37,220.71,-76.68,-170.32
52.41092,-1.516881,143.57,19.03,4,50.49,19 / 20,142009,2019-09-06 20:55:27:016,-1.2446,0.74,10.7259,0.0241,0.0281,9.8066,-0.1366,-0.1052,0.1305,-9.31,-48.5,-5.5,213.97,-76.66,-170.38
52.41092,-1.516881,143.57,19.03,4,50.49,19 / 20,142109,2019-09-06 20:55:27:116,0.0324,-0.3798,9.5173,0.024,0.022,9.8065,-0.1948,-0.0138,-0.0697,-10.06,-49.31,-3.62,218.13,-76.48,-169.28
52.41092,-1.516881,143.57,19.03,4,50.49,19 / 20,142210,2019-09-06 20:55:27:217,0.0368,-1.1813,9.2897,-0.0284,-0.0277,9.8065,0.1643,-0.0181,-0.0152,-12.81,-47.87,-2.37,231.03,-76.68,-169.35
52.41092,-1.516881,143.57,19.03,4,50.49,19 / 20,142309,2019-09-06 20:55:27:316,-0.5176,-0.4331,9.9226,-0.0232,-0.0083,9.8066,0.1373,-0.03,-0.0684,-13.75,-47.06,-4.5,230.11,-76.83,-169.73
52.41092,-1.516881,143.57,19.03,4,50.49,19 / 20,142409,2019-09-06 20:55:27:416,-0.7868,-0.325,10.4497,0.0021,0.0236,9.8066,0.0103,-0.0125,0.0537,-15.62,-51.94,-7.94,225.34,-76.94,-170.6
52.41092,-1.516881,143.57,19.03,4,50.49,19 / 20,142509,2019-09-06 20:55:27:516,0.2363,1.8804,10.7556,0.021,0.0232,9.8066,0.0028,-0.0314,-0.021,-13.81,-64.87,-8.31,216.34,-76.71,-170.98
52.41092,-1.516881,143.57,19.03,4,50.49,19 / 20,142609,2019-09-06 20:55:27:616,-0.937,-0.1923,9.3192,-0.0682,-0.0988,9.8059,0.2939,-0.0731,0.0626,-13.56,-73.06,0.56,223.91,-76.33,-171.19
52.41092,-1.516881,143.57,19.03,4,50.49,19 / 20,142709,2019-09-06 20:55:27:716,0.0684,-0.1999,9.1774,-0.0816,-0.0408,9.8062,0.2235,-0.0236,0.0221,-13.06,-70.06,11.69,255.99,-76.56,-170.79
52.41092,-1.516881,143.57,19.03,4,50.49,19 / 20,142809,2019-09-06 20:55:27:816,-0.7733,-0.4631,9.9778,0.0287,-0.014,9.8065,-0.1796,-0.0063,-0.052,-10.94,-61.62,18.69,310.45,-77.24,-170
52.41092,-1.516881,143.57,19.03,4,50.49,19 / 20,142909,2019-09-06 20:55:27:916,-0.1237,0.6153,8.9885,0.0461,-0.0214,9.8065,-0.122,-0.0248,0.0032,-10.12,-51.81,21.69,330.25,-77.16,-170.88
52.41092,-1.516881,143.57,19.03,4,50.49,19 / 20,143010,2019-09-06 20:55:28:017,-0.8056,0.2067,9.3862,-0.0255,0.0289,9.8065,0.0839,-0.0134,-0.0722,-10.06,-40.31,22.31,334.77,-77.16,-171.17
52.41092,-1.516881,143.57,19.03,4,50.49,19 / 20,143109,2019-09-06 20:55:28:116,0.2445,-0.0504,9.9722,-0.0126,0.0221,9.8066,0.0839,-0.0455,0.0646,-10.5,-28.81,14.69,321.52,-77.3,-171.26
52.41092,-1.516881,143.57,19.03,4,50.49,19 / 20,143210,2019-09-06 20:55:28:217,0.3994,0.8005,10.2416,-0.0026,-0.0064,9.8066,-0.0353,-0.0518,0.0133,-14.19,-24.87,7.56,288.72,-77.16,-171.08
52.41092,-1.516881,143.57,19.03,4,50.49,19 / 20,143309,2019-09-06 20:55:28:316,-0.1776,0.1003,9.7349,0.0025,-0.0072,9.8066,-0.0463,0.0093,0.0019,-17.25,-28.94,-0.25,257.39,-77.13,-170.59
52.41092,-1.516881,143.57,19.03,4,50.49,19 / 20,143410,2019-09-06 20:55:28:417,0.2814,-0.7102,9.3531,-0.0073,-0.0231,9.8066,0.0553,-0.0429,0.0389,-16.56,-38.69,-1.81,245.61,-77.19,-170.21
52.41092,-1.516881,143.57,19.03,4,50.49,19 / 20,143509,2019-09-06 20:55:28:516,-0.6962,-0.0954,9.8844,-0.0158,-0.0092,9.8066,-0.0341,-0.0429,-0.0684,-15.94,-42.25,1.88,253.7,-77.25,-169.45
52.41092,-1.516881,143.57,19.03,4,50.49,19 / 20,143609,2019-09-06 20:55:28:616,-0.1025,0.9502,9.9299,0.0074,0.0153,9.8065,0.0492,-0.0163,0.056,-16.87,-40.37,7.81,276.54,-77.26,-169.93
52.41092,-1.516881,143.57,19.03,4,50.49,19 / 20,143710,2019-09-06 20:55:28:717,-0.3698,0.8253,10.1225,0.0075,-0.0091,9.8066,-0.0032,-0.0491,-0.0185,-18.5,-28.81,10.44,290.96,-77.16,-170.23
52.41092,-1.516881,143.57,19.03,4,50.49,19 / 20,143809,2019-09-06 20:55:28:816,-0.5507,-0.1297,9.7245,-0.0172,0.0065,9.8066,0.0126,-0.048,0.0409,-17.87,-22.44,6,282.96,-77.13,-170.21
52.41092,-1.516881,143.57,19.03,4,50.49,19 / 20,143910,2019-09-06 20:55:28:917,-0.6399,0.2076,9.6386,-0.0216,-0.0024,9.8066,0.0095,-0.0313,0.0093,-16.5,-22,0.75,265.18,-77.23,-170.46
52.41092,-1.516881,143.57,19.03,4,50.49,19 / 20,144010,2019-09-06 20:55:29:017,-0.7169,0.3112,9.736,-0.003,-0.0012,9.8066,-0.0191,0.0102,-0.0085,-15.31,-25.12,-3.19,248.84,-77.36,-170.42
52.41092,-1.516881,143.57,19.03,4,50.49,19 / 20,144110,2019-09-06 20:55:29:117,0.681,-0.1056,9.4637,-0.0689,-0.0463,9.8063,0.185,-0.0289,0.0218,-14.06,-24.37,-3,248.44,-77.75,-170.21
52.41092,-1.516881,143.57,19.03,4,50.49,19 / 20,144210,2019-09-06 20:55:29:217,1.1046,2.464,8.7441,0.041,0.0525,9.8063,-0.2522,-0.079,-0.0715,-13.12,-25.37,-9.31,230.97,-77.73,-169.64
52.41092,-1.516881,143.57,19.03,4,50.49,19 / 20,144309,2019-09-06 20:55:29:316,0.4597,0.2425,9.5568,0.0039,0.0356,9.8065,-0.0805,-0.0451,0.0815,-14.69,-32.44,-11.75,226.76,-77.66,-170.03
52.41092,-1.516881,143.57,19.03,4,50.49,19 / 20,144410,2019-09-06 20:55:29:417,-1.1381,-0.5588,9.515,-0.0131,-0.029,9.8066,0.0215,0.0302,0.0012,-14.69,-39.75,-10.19,226.91,-77.76,-169.72
52.41092,-1.516881,143.57,19.03,4,50.49,19 / 20,144509,2019-09-06 20:55:29:516,-0.5441,-1.1902,10.0307,-0.0113,-0.0062,9.8066,-0.0297,-0.0438,0.0604,-14.94,-41.87,-6.19,232.92,-77.75,-169.39
52.41092,-1.516881,143.57,19.03,4,50.49,19 / 20,144609,2019-09-06 20:55:29:616,-0.53,-0.7947,9.957,0.0125,0.0085,9.8066,0.0814,-0.0012,-0.0352,-17.31,-39.31,-5.31,240.33,-77.75,-169.47
52.41092,-1.516881,143.57,19.03,4,50.49,19 / 20,144709,2019-09-06 20:55:29:716,0.1559,-0.1471,10.2963,-0.0134,0.0011,9.8066,0.1261,-0.0579,0.0452,-19.44,-40,-10.69,232.61,-77.74,-169.78
52.41092,-1.516881,143.57,19.03,4,50.49,19 / 20,144809,2019-09-06 20:55:29:816,-0.1399,0.3739,9.7105,0.0077,0,9.8066,-0.1029,-0.052,0.0024,-21.19,-46.5,-12.37,232.34,-77.77,-169.67
52.41092,-1.516881,143.57,19.03,4,50.49,19 / 20,144909,2019-09-06 20:55:29:916,-0.2285,-0.3351,9.458,0.0022,-0.0126,9.8066,-0.0337,-0.0137,-0.0025,-22.56,-53.44,-11.31,234.69,-77.75,-168.94
52.41092,-1.516881,143.57,19.03,4,50.49,19 / 20,145010,2019-09-06 20:55:30:017,-0.3634,-1.4883,9.6264,0.039,0.011,9.8065,-0.3467,0.0381,-0.0062,-21.75,-59.87,-7.87,235.76,-78.03,-168.34
52.41092,-1.516881,143.57,19.03,4,50.49,18 / 20,145110,2019-09-06 20:55:30:117,-1.6489,-1.9196,10.0215,-0.0601,-0.0468,9.8062,0.1914,-0.0543,0.0061,-21,-62,0.94,248.99,-77.81,-167.82
52.41092,-1.516881,143.57,19.03,4,50.49,18 / 20,145209,2019-09-06 20:55:30:216,-0.0093,-0.0668,9.6284,-0.0644,-0.0268,9.8063,0.1356,-0.0626,-0.0348,-20.69,-59,7.5,271.14,-78.35,-166.91
52.41092,-1.516881,143.57,19.03,4,50.49,18 / 20,145309,2019-09-06 20:55:30:316,-0.6151,-0.5139,9.8061,0.04,0.0095,9.8065,-0.0125,-0.0298,0.0512,-20.19,-56.94,12.13,284.46,-78.35,-167.06
52.41092,-1.516881,143.57,19.03,4,50.49,18 / 20,145409,2019-09-06 20:55:30:416,-0.4756,-0.5788,10.4481,0.0203,-0.0066,9.8066,0.0681,-0.0418,0.0459,-20.81,-47.06,17.88,306.08,-78.31,-167.57
52.41092,-1.516881,143.57,19.03,4,50.49,18 / 20,145509,2019-09-06 20:55:30:516,-0.3189,0.3972,10.5443,0.0055,-0.0014,9.8066,-0.0153,-0.0541,0.0578,-21.44,-31.37,12.19,297.91,-78.24,-167.75
52.41092,-1.516881,143.57,19.03,4,50.49,18 / 20,145610,2019-09-06 20:55:30:617,0.1401,-0.1267,10.1566,0.0271,-0.0053,9.8065,-0.0935,-0.0359,-0.0303,-19.5,-27.62,2.19,270.38,-78.07,-167.59
52.41092,-1.516881,143.57,19.03,4,50.49,18 / 20,145710,2019-09-06 20:55:30:717,-0.0708,-0.8734,9.8707,-0.0168,-0.0079,9.8066,0.0606,-0.0199,0.0398,-17.12,-32.62,-4.06,248.01,-78.09,-167.57
52.41092,-1.516881,143.57,19.03,4,50.49,18 / 20,145810,2019-09-06 20:55:30:817,-0.1452,-1.081,10.0833,0.005,-0.005,9.8066,-0.0426,-0.0818,0.0516,-12.06,-43.94,-5.06,228.58,-78.14,-167.57
52.41092,-1.516881,143.57,19.03,4,50.49,18 / 20,145910,2019-09-06 20:55:30:917,-0.8086,0.0232,9.9404,-0.0095,0.0067,9.8066,0.0367,-0.0271,0.0011,-9.75,-49.12,-0.87,228.39,-78.12,-167.09
52.41092,-1.516881,143.57,19.03,4,50.49,18 / 20,146010,2019-09-06 20:55:31:017,0.3012,-0.7611,9.7071,0.0118,0.0044,9.8065,0.0565,-0.0705,0.052,-9.69,-47.37,7.56,271.28,-78.23,-167.51
52.41092,-1.516881,143.57,19.03,4,50.49,18 / 19,146110,2019-09-06 20:55:31:117,-0.749,0.0719,9.9431,-0.0142,0.0123,9.8066,-0.0446,-0.0205,0.0256,-14.69,-33.06,12,303.45,-78.17,-167.29
52.41092,-1.516881,143.57,19.03,4,50.49,18 / 19,146210,2019-09-06 20:55:31:217,0.0527,-0.4107,9.8826,-0.0004,-0.0003,9.8065,-0.0111,-0.0332,0.055,-17,-26.06,7.75,291.86,-78.31,-167.55
52.41092,-1.516881,143.57,19.03,4,50.49,18 / 19,146310,2019-09-06 20:55:31:317,-0.6105,-0.6597,9.5632,-0.0183,0.0002,9.8066,0.013,-0.0148,0.0106,-17.44,-23.19,2.94,276.61,-78.35,-167.42
52.41092,-1.516881,143.57,19.03,4,50.49,18 / 19,146410,2019-09-06 20:55:31:417,-0.0589,-0.5006,10.0148,-0.0211,-0.0001,9.8066,0.0417,-0.0576,0.0189,-16.69,-23.06,-0.62,263.36,-78.52,-167.6
52.41092,-1.516881,143.57,19.03,4,50.49,18 / 19,146510,2019-09-06 20:55:31:517,0.245,-0.3865,10.0207,0.0102,0.0054,9.8066,-0.1064,0.0204,-0.044,-16.75,-21.81,-2.69,257.95,-78.55,-167.67
52.41092,-1.516881,143.57,19.03,4,50.49,18 / 19,146609,2019-09-06 20:55:31:616,0.2935,-0.9506,9.5175,-0.0037,0.0074,9.8065,-0.0308,-0.0662,0.0821,-16.19,-19.94,-8.87,242.11,-78.64,-167.91
52.41092,-1.516881,143.57,19.03,4,50.49,18 / 19,146710,2019-09-06 20:55:31:717,-0.1188,-1.0211,10.1839,-0.0113,-0.0204,9.8066,0.0278,-0.0128,-0.0188,-14.25,-31.87,-19.94,218.5,-78.81,-167.85
52.41092,-1.516881,143.57,19.03,4,50.49,18 / 19,146810,2019-09-06 20:55:31:817,-0.1424,-1.141,10.1004,-0.0077,-0.006,9.8066,0.0316,-0.077,0.0195,-12.25,-42.62,-17,214.58,-78.93,-168.05
52.41092,-1.516881,143.57,19.03,4,50.49,18 / 19,146910,2019-09-06 20:55:31:917,0.6866,0.0425,9.9562,0.0046,0.0257,9.8066,-0.059,-0.0478,0.0297,-9.5,-48.75,-12.06,210.63,-78.91,-167.95
52.41092,-1.516881,143.57,19.03,4,50.49,18 / 19,147010,2019-09-06 20:55:32:017,-0.3984,-0.3122,9.4454,0.0123,0.0205,9.8065,-0.079,-0.0142,0.0012,-8.62,-49.56,-7,215.03,-78.8,-168.14
52.41092,-1.516881,143.57,19.03,4,50.49,19 / 20,147110,2019-09-06 20:55:32:117,0.3757,0.1162,9.3465,0.0009,-0.0151,9.8066,-0.0353,-0.0371,0.0373,-9.75,-48.62,-7.19,218.51,-78.84,-167.86
52.41092,-1.516881,143.57,19.03,4,50.49,19 / 20,147209,2019-09-06 20:55:32:216,0.006,-0.6514,9.5397,0.0004,-0.003,9.8066,-0.0614,-0.0334,0.0588,-12.87,-52.31,-10.5,221.53,-78.92,-167.4
52.41092,-1.516881,143.57,19.03,4,50.49,19 / 20,147310,2019-09-06 20:55:32:317,0.2327,-0.7973,9.5791,0.0012,-0.0003,9.8065,0.0189,-0.0164,-0.0511,-18.25,-58.94,-8.62,230.92,-78.94,-166.85
52.41092,-1.516881,143.57,19.03,4,50.49,19 / 20,147410,2019-09-06 20:55:32:417,1.027,-0.166,10.1048,0.0053,0.0256,9.8066,0.0331,-0.0654,0.0058,-20.19,-65.06,-7.12,234.75,-78.94,-167.36
52.41092,-1.516881,143.57,19.03,4,50.49,19 / 20,147510,2019-09-06 20:55:32:517,1.8952,0.5397,9.2828,0.0204,0.0022,9.8066,-0.153,0.0871,-0.1341,-20.94,-70.37,1.56,250.9,-79.14,-167.96
52.41092,-1.516881,143.57,19.03,4,50.49,19 / 20,147610,2019-09-06 20:55:32:617,-1.6037,0.3296,9.7725,0.005,0.0239,9.8065,-0.1915,0.0484,0.0212,-17.69,-63.81,13.75,287.79,-79.2,-169.2
52.41092,-1.516881,143.57,19.03,4,50.49,19 / 20,147709,2019-09-06 20:55:32:716,-0.7622,0.4584,9.3874,-0.0363,0.0222,9.8065,0.1118,-0.016,0.0389,-16.94,-58.31,18.56,308.07,-79.22,-169.83
52.41092,-1.516881,143.57,19.03,4,50.49,19 / 20,147809,2019-09-06 20:55:32:816,-1.0385,0.0059,9.7855,-0.0335,0.0143,9.8065,0.1241,-0.0518,0.0474,-17.06,-50.62,19.75,314.15,-79.27,-169.8
52.41092,-1.516881,143.57,19.03,4,50.49,19 / 20,147909,2019-09-06 20:55:32:916,0.6805,-0.2662,10.2805,0.052,-0.0325,9.8064,-0.1012,-0.0746,0.0095,-16.56,-40.69,19.44,316.73,-79.45,-169.22
52.41092,-1.516881,143.57,19.03,4,50.49,19 / 20,148009,2019-09-06 20:55:33:016,0.0463,-0.3488,9.3253,-0.0017,-0.0069,9.8066,-0.1266,-0.0266,0.0354,-15.94,-31.31,15.25,311.45,-79.23,-169.66
52.41092,-1.516881,143.57,19.03,4,50.49,19 / 20,148110,2019-09-06 20:55:33:117,-0.1322,-0.3148,9.2764,-0.0103,0.0015,9.8066,0.0032,0.0245,0.0073,-18,-29.5,7.13,285.91,-79.28,-169.23
52.41092,-1.516881,143.57,19.03,4,50.49,19 / 20,148210,2019-09-06 20:55:33:217,-0.2197,-0.447,9.5313,-0.0276,-0.0075,9.8065,-0.0525,-0.0282,0.0552,-18.75,-32.62,2.94,271.45,-79.34,-168.67
52.41092,-1.516881,143.57,19.03,4,50.49,19 / 20,148309,2019-09-06 20:55:33:316,0.2816,-0.4074,10.1586,-0.0081,0.0038,9.8066,0.0227,-0.0287,-0.0273,-18.62,-32.75,4.56,277.82,-79.46,-168.76
52.41092,-1.516881,143.57,19.03,4,50.49,19 / 20,148410,2019-09-06 20:55:33:417,-0.2343,-0.5096,10.329,0.0174,0.0137,9.8066,0.001,-0.0008,-0.0279,-19.37,-31.56,0.88,265.57,-79.34,-169.13
52.41092,-1.516881,143.57,19.03,4,50.49,19 / 20,148510,2019-09-06 20:55:33:517,-0.0886,-0.2779,9.7034,0.0072,0.0136,9.8065,0.0458,-0.0331,-0.0123,-18.37,-34.62,0.69,262.15,-79.26,-169.78
52.41092,-1.516881,143.57,19.03,4,50.49,19 / 20,148609,2019-09-06 20:55:33:616,-0.4925,-0.1679,9.8625,-0.0205,-0.0013,9.8065,-0.0605,-0.0185,-0.0199,-16.87,-35.62,2.44,263.01,-79.21,-170.38
52.41092,-1.516881,143.57,19.03,4,50.49,19 / 20,148710,2019-09-06 20:55:33:717,-0.6944,0.085,9.8039,-0.0048,-0.0053,9.8066,-0.0215,0.007,0.0308,-16.81,-34.81,2.69,267.4,-79.39,-170.36
52.41092,-1.516881,143.57,19.03,4,50.49,19 / 20,148810,2019-09-06 20:55:33:817,0.0296,-0.6699,9.3966,-0.0019,-0.0088,9.8066,-0.0385,-0.0368,0.097,-17.19,-32.44,1.94,266.94,-79.51,-169.59
52.41092,-1.516881,143.57,19.03,4,50.49,19 / 20,148910,2019-09-06 20:55:33:917,-0.071,-0.1677,9.8333,0.0126,0.0022,9.8066,-0.0149,-0.018,-0.0223,-16.12,-31.44,-0.19,260.25,-79.55,-169.29
52.41092,-1.516881,143.57,19.03,4,50.49,19 / 20,149010,2019-09-06 20:55:34:017,0.3777,-0.4872,10.3446,0.0033,-0.003,9.8066,-0.0176,-0.0667,0.0256,-15.5,-31.44,-1.87,252.8,-79.58,-168.82
52.41092,-1.516881,143.57,19.03,4,50.49,19 / 20,149110,2019-09-06 20:55:34:117,-0.4151,-1.6868,9.4796,0.0631,0.0588,9.8062,-0.0936,0.0286,-0.0346,-17.69,-30.69,-4.75,249.77,-79.79,-168.75
52.41172,-1.514794,146.36,18.23,6,65.12,19 / 20,149210,2019-09-06 20:55:34:217,-0.8455,-0.554,9.7764,0.0028,0.0134,9.8065,-0.1513,-0.0546,0.0129,-17.94,-32.37,-12.87,233.81,-79.91,-168.89
52.41172,-1.514794,146.36,18.23,6,65.12,19 / 20,149309,2019-09-06 20:55:34:316,1.1187,0.1231,10.131,-0.003,0.0104,9.8066,0.0891,-0.0179,0.0208,-16.69,-41.5,-14.56,226.6,-79.82,-168.88
52.41172,-1.514794,146.36,18.23,6,65.12,19 / 20,149410,2019-09-06 20:55:34:417,0.2176,0.091,10.2879,0.008,0.0097,9.8066,0.0299,-0.0035,0.0331,-17.31,-45.56,-13.62,225.99,-79.81,-169.44
52.41172,-1.514794,146.36,18.23,6,65.12,19 / 20,149509,2019-09-06 20:55:34:516,0.1735,0.5373,10.5523,0.0098,0.0086,9.8066,-0.0425,0.0051,-0.0004,-17.81,-49.75,-10.69,230.82,-79.83,-169.07
52.41172,-1.514794,146.36,18.23,6,65.12,19 / 20,149610,2019-09-06 20:55:34:617,-0.2139,-0.354,10.1019,0.0204,0.0222,9.8066,-0.0777,-0.0088,0.068,-16.12,-50.5,-8.19,231.59,-79.71,-169.01
52.41172,-1.514794,146.36,18.23,6,65.12,19 / 20,149709,2019-09-06 20:55:34:716,0.1191,-0.2999,9.9448,-0.0061,-0.0091,9.8066,-0.019,-0.0076,-0.0333,-15.5,-53.06,-10.06,225.76,-79.72,-168.74
52.41172,-1.514794,146.36,18.23,6,65.12,19 / 20,149809,2019-09-06 20:55:34:816,0.2346,0.5117,9.8949,-0.0035,0.0043,9.8066,-0.0379,-0.0571,0.0088,-13.25,-58.81,-10.87,218.58,-79.72,-168.8
52.41172,-1.514794,146.36,18.23,6,65.12,19 / 20,149909,2019-09-06 20:55:34:916,0.3237,0.55,10.2467,0.0124,0.0148,9.8066,-0.0475,-0.0208,-0.0576,-10.19,-64.56,-1.94,221.63,-79.81,-168.56
52.41172,-1.514794,146.36,18.23,6,65.12,19 / 20,150009,2019-09-06 20:55:35:016,0.6667,-1.5095,8.1469,0.0099,0.0457,9.8065,-0.3225,0.0127,0.1307,-9.69,-63.69,5.63,246.41,-79.71,-169.35
52.41172,-1.514794,146.36,18.23,6,65.12,19 / 20,150111,2019-09-06 20:55:35:118,-2.0346,0.32,9.0031,-0.072,0.0197,9.8063,0.182,-0.1029,-0.0712,-10.31,-58.5,11.94,292.95,-79.8,-169.05
52.41172,-1.514794,146.36,18.23,6,65.12,19 / 20,150209,2019-09-06 20:55:35:216,-0.8165,0.2258,10.1582,-0.0254,0.0197,9.8065,0.1212,-0.1186,-0.1241,-13.69,-53.12,14.25,302.76,-80.14,-168.93
52.41172,-1.514794,146.36,18.23,6,65.12,19 / 20,150310,2019-09-06 20:55:35:317,0.4239,0.2525,9.3732,0.0372,0.0002,9.8065,-0.1336,0.0081,0.0025,-15.25,-47.81,15,307.5,-80.55,-169.83
52.41172,-1.514794,146.36,18.23,6,65.12,19 / 20,150409,2019-09-06 20:55:35:416,0.1676,-0.0779,9.3993,0.0399,-0.0174,9.8064,-0.1355,0.006,0.087,-17.37,-43.62,15.06,304.7,-80.44,-170.83
52.41172,-1.514794,146.36,18.23,6,65.12,19 / 20,150509,2019-09-06 20:55:35:516,-0.5848,0.8373,9.8069,-0.0467,0.0075,9.8065,0.0691,-0.0027,-0.0063,-18.69,-39.06,14.31,302.53,-80.52,-170.1
52.41172,-1.514794,146.36,18.23,6,65.12,19 / 20,150610,2019-09-06 20:55:35:617,-0.5852,0.4017,10.1013,-0.0182,-0.0023,9.8065,-0.0079,-0.0223,0.0349,-18.81,-36.62,9.38,290.41,-80.67,-168.99
52.41172,-1.514794,146.36,18.23,6,65.12,19 / 20,150709,2019-09-06 20:55:35:716,-0.1007,-0.1674,10.1156,0.0103,-0.0034,9.8065,0.0381,-0.0058,-0.0364,-16.69,-38.06,7.19,284.08,-80.51,-168.55
52.41172,-1.514794,146.36,18.23,6,65.12,19 / 20,150809,2019-09-06 20:55:35:816,0.2113,-0.159,10.1023,0.003,0.005,9.8066,0.0328,-0.0174,0.0375,-14.56,-39.44,7,283.47,-80.43,-168.65
52.41172,-1.514794,146.36,18.23,6,65.12,19 / 20,150909,2019-09-06 20:55:35:916,-0.368,0.3621,9.4544,0.0065,0.0021,9.8066,-0.0953,0.0099,-0.0253,-16.37,-37.25,6.25,280.99,-80.51,-168.61
52.41172,-1.514794,146.36,18.23,6,65.12,19 / 20,151009,2019-09-06 20:55:36:016,0.1549,-0.2619,10.0146,0.0352,0.0069,9.8065,-0.1038,-0.0134,0.034,-17.56,-34.19,4.06,275.63,-80.49,-168.91
52.41172,-1.514794,146.36,18.23,6,65.12,19 / 20,151110,2019-09-06 20:55:36:117,-0.1446,-0.0624,10.1139,0.0069,0.0081,9.8066,-0.0501,-0.0044,0.0344,-19,-31.94,2,271.29,-80.67,-168.73
52.41172,-1.514794,146.36,18.23,6,65.12,19 / 20,151210,2019-09-06 20:55:36:217,-0.4376,0.3001,9.9313,-0.0017,-0.0051,9.8066,0.0724,0.0442,-0.0144,-18.06,-32.62,-1.25,260.31,-80.53,-169.13
52.41172,-1.514794,146.36,18.23,6,65.12,19 / 20,151309,2019-09-06 20:55:36:316,0.228,0.4391,9.9355,0.0074,0.0038,9.8066,0.0295,0.0062,0.0279,-16.44,-33.94,-0.75,257.22,-80.46,-169.05
52.41172,-1.514794,146.36,18.23,6,65.12,19 / 20,151410,2019-09-06 20:55:36:417,0.6397,-0.2402,10.1555,0.0056,-0.0007,9.8066,-0.1178,0.0511,-0.0544,-14.94,-32.62,-0.31,260.21,-80.51,-168.68
52.41172,-1.514794,146.36,18.23,6,65.12,19 / 20,151509,2019-09-06 20:55:36:516,-0.3249,0.5871,9.6249,0.0182,0.0118,9.8065,-0.0585,0.0072,0.0217,-15.81,-32.62,-2.31,255.09,-80.54,-168.76
52.41172,-1.514794,146.36,18.23,6,65.12,19 / 20,151609,2019-09-06 20:55:36:616,-1.1641,-1.5507,10.1738,-0.0225,-0.0265,9.8065,-0.0744,0.0916,-0.0855,-17.62,-31.87,-2.5,258.35,-80.65,-168.91
52.41172,-1.514794,146.36,18.23,6,65.12,19 / 20,151709,2019-09-06 20:55:36:716,-1.1092,-0.054,10.6952,-0.0105,-0.0059,9.8066,-0.0798,-0.0466,-0.0115,-16.94,-31.06,-7,244.98,-80.69,-168.47
52.41172,-1.514794,146.36,18.23,6,65.12,19 / 20,151810,2019-09-06 20:55:36:817,-0.0061,0.7734,9.6781,-0.0055,0.0186,9.8065,0.0842,0.0039,-0.009,-11.75,-39.69,-13.69,219.23,-80.63,-168.78
52.41172,-1.514794,146.36,18.23,6,65.12,19 / 20,151910,2019-09-06 20:55:36:917,-0.1928,0.8271,9.8562,-0.0076,-0.0013,9.8065,0.1077,0.0539,0.0263,-7.56,-47.06,-11.06,210.17,-80.65,-169.75
52.41172,-1.514794,146.36,18.23,6,65.12,19 / 20,152009,2019-09-06 20:55:37:016,0.1196,0.5283,10.2573,0.0114,0.0056,9.8066,-0.086,0.0187,-0.0464,-7.25,-50,-3.94,215.33,-80.74,-169.85
52.41172,-1.514794,146.36,18.23,6,65.12,19 / 20,152109,2019-09-06 20:55:37:116,-0.4661,0.8084,10.3825,0.0029,0.0138,9.8066,-0.0599,-0.0321,-0.0109,-8.5,-48.69,-0.31,230.68,-80.74,-169.46
52.41172,-1.514794,146.36,18.23,6,65.12,19 / 20,152210,2019-09-06 20:55:37:217,-0.1857,1.0018,9.7823,-0.013,-0.0088,9.8066,0.1049,0.0005,-0.0363,-10.62,-48.37,1.5,249.02,-80.57,-169.9
52.41172,-1.514794,146.36,18.23,6,65.12,19 / 20,152309,2019-09-06 20:55:37:316,-0.1282,0.8944,9.1529,-0.0179,-0.0096,9.8065,0.0358,0.0045,0.0152,-11.37,-48.25,2.5,253.82,-80.6,-169.71
52.41172,-1.514794,146.36,18.23,6,65.12,19 / 20,152410,2019-09-06 20:55:37:417,-0.1127,-0.2837,10.219,-0.0079,-0.0054,9.8066,-0.0361,0.0123,-0.0382,-11.25,-46.87,3.69,259.57,-80.49,-169.17
52.41172,-1.514794,146.36,18.23,6,65.12,19 / 20,152510,2019-09-06 20:55:37:517,0.6503,1.7221,8.6681,-0.007,0.0068,9.8065,0.1146,0.1025,-0.0234,-13.19,-42.44,3.88,267.22,-80.63,-169.31
52.41172,-1.514794,146.36,18.23,6,65.12,19 / 20,152610,2019-09-06 20:55:37:617,1.4632,0.4204,8.6717,-0.0261,-0.0212,9.8065,-0.1453,-0.025,-0.026,-16.94,-39.62,2.31,265.35,-80.82,-169.32
52.41172,-1.514794,146.36,18.23,6,65.12,19 / 20,152710,2019-09-06 20:55:37:717,-0.3773,0.5678,9.3647,-0.0198,-0.0068,9.8066,-0.174,-0.0356,-0.0242,-18.5,-39.5,0.13,261.74,-80.98,-168.47
52.41172,-1.514794,146.36,18.23,6,65.12,19 / 20,152809,2019-09-06 20:55:37:816,0.4401,0.9251,11.3137,0.0248,0.0041,9.8065,0.2694,0.0286,-0.0049,-19.5,-38.87,2.69,271.8,-80.98,-168.37
52.41172,-1.514794,146.36,18.23,6,65.12,19 / 20,152910,2019-09-06 20:55:37:917,0.3324,1.4109,10.6658,0.0387,0.0067,9.8065,0.0837,0.0228,-0.038,-20,-36.94,2.5,271.39,-80.37,-169.04
52.41172,-1.514794,146.36,18.23,6,65.12,19 / 20,153010,2019-09-06 20:55:38:017,0.8102,-0.0531,10.1079,-0.0212,-0.0047,9.8066,-0.073,-0.0028,-0.0521,-20.44,-38.5,0.5,264.57,-80.24,-169.42
52.41172,-1.514794,146.36,18.23,6,65.12,20 / 21,153109,2019-09-06 20:55:38:116,-0.0687,0.5444,8.7558,-0.022,0.0179,9.8065,-0.1383,-0.029,-0.0194,-20.62,-37.44,2.13,268.57,-80.65,-170.11
52.41172,-1.514794,146.36,18.23,6,65.12,20 / 21,153210,2019-09-06 20:55:38:217,-1.2026,0.292,8.4201,-0.0589,-0.0092,9.8064,0.127,-0.0137,-0.0605,-21.94,-36.06,0.44,263.99,-80.84,-170.87
52.41172,-1.514794,146.36,18.23,6,65.12,20 / 21,153309,2019-09-06 20:55:38:316,-1.1163,-0.0778,10.0891,-0.0398,-0.006,9.8065,0.1507,-0.0303,-0.018,-21.56,-37.06,0,263.53,-80.91,-171.05
52.41172,-1.514794,146.36,18.23,6,65.12,20 / 21,153410,2019-09-06 20:55:38:417,-0.3785,0.8243,10.4113,0.0865,0.0153,9.8062,-0.1477,0.0104,0.0143,-21.19,-36.69,1.31,265.7,-81.07,-171.08
52.41172,-1.514794,146.36,18.23,6,65.12,20 / 21,153510,2019-09-06 20:55:38:517,-0.322,0.597,10.2646,0.0772,0.0332,9.8062,-0.1978,-0.0355,0.0221,-20.69,-37.56,0.31,260.88,-80.38,-171.63
52.41172,-1.514794,146.36,18.23,6,65.12,20 / 21,153609,2019-09-06 20:55:38:616,-0.0394,0.4277,9.6603,-0.0726,-0.0039,9.8064,0.1993,-0.0404,-0.0369,-20.75,-37.19,3.19,269.2,-80.36,-171.72
52.41172,-1.514794,146.36,18.23,6,65.12,20 / 21,153709,2019-09-06 20:55:38:716,-0.0742,0.851,9.5323,-0.0658,-0.0035,9.8063,0.0636,-0.0225,-0.0516,-20.19,-33.12,2.44,268.8,-80.91,-171.69
52.41172,-1.514794,146.36,18.23,6,65.12,20 / 21,153809,2019-09-06 20:55:38:816,0.1,1.0053,9.6719,0.0318,0.0048,9.8065,-0.1215,0.0482,0.0335,-19.37,-33.62,-0.44,262.22,-81.07,-171.7
52.41172,-1.514794,146.36,18.23,6,65.12,20 / 21,153909,2019-09-06 20:55:38:916,-0.0241,1.2442,10.2677,0.0441,0.0107,9.8065,-0.0889,-0.0038,0.0379,-19,-35.37,-0.25,262.86,-81.2,-170.8
52.41172,-1.514794,146.36,18.23,6,65.12,20 / 21,154012,2019-09-06 20:55:39:019,0.369,1.1991,9.1518,-0.0172,-0.0045,9.8066,0.0167,-0.0062,-0.0253,-18.12,-36.37,0.25,260.97,-80.9,-170.72
52.41172,-1.514794,146.36,18.23,6,65.12,18 / 20,154109,2019-09-06 20:55:39:116,-0.4631,0.9993,9.5133,0.0154,0.0099,9.8066,-0.1686,0.0279,-0.0551,-18.87,-36.31,0.31,261.5,-80.8,-170.96
52.41172,-1.514794,146.36,18.23,6,65.12,18 / 20,154210,2019-09-06 20:55:39:217,-0.5662,0.7095,9.7355,-0.0244,-0.0042,9.8065,0.1305,-0.0048,0.0008,-19.94,-35.31,-0.12,261.85,-80.75,-171.88
52.41172,-1.514794,146.36,18.23,6,65.12,18 / 20,154309,2019-09-06 20:55:39:316,-0.1588,0.5846,10.0149,-0.0116,-0.0024,9.8066,0.0757,0.0061,-0.0406,-20.06,-36.12,-1.44,258.92,-80.82,-171.79
52.41172,-1.514794,146.36,18.23,6,65.12,18 / 20,154409,2019-09-06 20:55:39:416,0.2703,1.0129,9.7274,0.0148,0.0047,9.8066,-0.0739,-0.0444,0.0471,-20.37,-37.06,-0.25,261.35,-80.94,-171.81
52.41172,-1.514794,146.36,18.23,6,65.12,18 / 20,154510,2019-09-06 20:55:39:517,0.0391,0.9609,9.5305,0.0094,0.0056,9.8066,-0.0132,0.0438,-0.026,-19.81,-36.31,0.13,261.77,-80.85,-171.67
52.41172,-1.514794,146.36,18.23,6,65.12,18 / 20,154610,2019-09-06 20:55:39:617,-0.264,1.2239,9.6173,-0.032,-0.0043,9.8066,0.0018,-0.0496,0.066,-19.37,-36.56,0.13,260.01,-80.68,-171.79
52.41172,-1.514794,146.36,18.23,6,65.12,18 / 20,154710,2019-09-06 20:55:39:717,-0.5587,0.4449,9.4425,-0.0133,-0.0128,9.8066,0.0133,0.0475,-0.0495,-21.44,-39.06,-1.87,256.26,-80.79,-171.56
52.41172,-1.514794,146.36,18.23,6,65.12,18 / 20,154809,2019-09-06 20:55:39:816,-1.3644,0.956,9.2836,-0.0272,-0.0027,9.8066,0.1136,0.0234,0.101,-20.5,-39.87,1.13,262.49,-80.83,-171.82
52.41172,-1.514794,146.36,18.23,6,65.12,18 / 20,154909,2019-09-06 20:55:39:916,0.8152,1.6168,9.3269,-0.0256,-0.0045,9.8066,0.0115,0.017,0.0024,-19.87,-37.19,1.81,266.76,-80.89,-171.85
52.41172,-1.514794,146.36,18.23,6,65.12,18 / 20,155009,2019-09-06 20:55:40:016,1.1968,0.6337,9.6027,0.0108,0.0102,9.8066,-0.0899,0.0479,-0.0155,-20.37,-36.19,-1.06,259.38,-81.07,-171.77
52.41172,-1.514794,146.36,18.23,6,65.12,20 / 21,155109,2019-09-06 20:55:40:116,-0.3527,1.2613,9.9889,0.0167,0.013,9.8066,-0.0003,0.0725,0.0147,-20.25,-38.25,0.25,260.15,-80.98,-172.69
52.41172,-1.514794,146.36,18.23,6,65.12,20 / 21,155210,2019-09-06 20:55:40:217,0.3978,0.6573,10.0108,-0.0026,0.0027,9.8066,0.0147,0.017,0.0554,-18.69,-37.19,1.31,261.88,-80.85,-173.17
52.41172,-1.514794,146.36,18.23,6,65.12,20 / 21,155310,2019-09-06 20:55:40:317,-0.5944,1.9007,8.7918,-0.0098,-0.0108,9.8066,-0.3061,0.1213,-0.0943,-16.94,-37.31,-0.56,253.63,-80.74,-173.35
52.41172,-1.514794,146.36,18.23,6,65.12,20 / 21,155410,2019-09-06 20:55:40:417,0.4466,0.2442,9.7718,-0.1102,-0.0334,9.8059,0.3838,-0.0338,0.003,-17.5,-38.12,-0.19,255.49,-80.55,-173.59
52.41172,-1.514794,146.36,18.23,6,65.12,20 / 21,155510,2019-09-06 20:55:40:517,-1.7155,-0.0463,9.9897,-0.0807,-0.0452,9.8062,0.3681,0.0665,-0.0346,-18.62,-38.37,-0.25,257.04,-80.78,-174.69
52.41172,-1.514794,146.36,18.23,6,65.12,20 / 21,155610,2019-09-06 20:55:40:617,0.2256,0.4075,10.0644,0.0843,0.0287,9.8062,-0.2541,-0.0236,0.0635,-18.69,-37.5,-0.06,259.67,-81.37,-173.56
52.41172,-1.514794,146.36,18.23,6,65.12,20 / 21,155710,2019-09-06 20:55:40:717,-1.5312,-0.1881,10.2571,0.0587,0.0129,9.8064,-0.2061,-0.0701,-0.0037,-18.5,-37.44,-0.25,257.74,-80.9,-173.66
52.41172,-1.514794,146.36,18.23,6,65.12,20 / 21,155809,2019-09-06 20:55:40:816,-1.8659,1.5922,9.7995,-0.0043,-0.011,9.8066,0.3355,-0.0398,0.0438,-19.75,-37.25,0.06,259.87,-80.8,-173.11
52.41172,-1.514794,146.36,18.23,6,65.12,20 / 21,155909,2019-09-06 20:55:40:916,2.08,-0.737,9.8843,0.0002,-0.0124,9.8065,0.202,-0.1381,0.1899,-19.81,-36.44,0,261.46,-80.53,-171.39
52.41172,-1.514794,146.36,18.23,6,65.12,20 / 21,156010,2019-09-06 20:55:41:017,-1.4888,0.4702,10.3624,-0.0271,-0.0129,9.8065,-0.1032,-0.036,0.1837,-20.81,-36.56,-0.19,264.41,-80.64,-168.87
52.41172,-1.514794,146.36,18.23,6,65.12,20 / 21,156111,2019-09-06 20:55:41:118,-1.257,-0.8783,9.1506,-0.0033,-0.023,9.8065,-0.047,0.0386,-0.02,-20.62,-37,-0.69,263.1,-80.94,-168.07
52.41172,-1.514794,146.36,18.23,6,65.12,20 / 21,156210,2019-09-06 20:55:41:217,0.7804,-0.3277,10.729,-0.0158,-0.0019,9.8066,0.1367,-0.0284,-0.0874,-20.62,-37.56,-0.06,266.48,-81.04,-167.02
52.41172,-1.514794,146.36,18.23,6,65.12,20 / 21,156309,2019-09-06 20:55:41:316,-0.5357,-0.4556,10.448,-0.0253,0.0176,9.8065,0.1031,-0.0515,0.1304,-19.5,-37.06,0.31,263.64,-81.07,-168.74
52.41172,-1.514794,146.36,18.23,6,65.12,20 / 21,156409,2019-09-06 20:55:41:416,0.0479,0.4864,10.4214,0.0329,0.0106,9.8065,0.0556,-0.0083,0.0293,-19.56,-37.06,0.25,264.31,-80.9,-168.61
52.41172,-1.514794,146.36,18.23,6,65.12,20 / 21,156509,2019-09-06 20:55:41:516,0.4328,0.0074,10.9369,0.002,0.0005,9.8066,0.1007,-0.0408,0.0578,-19.5,-37.37,0.31,262.84,-80.8,-169.01
52.41172,-1.514794,146.36,18.23,6,65.12,20 / 21,156609,2019-09-06 20:55:41:616,-0.6192,0.4928,9.5262,-0.0017,-0.0145,9.8066,-0.0813,-0.0288,-0.0036,-19.75,-37.94,0.13,264.37,-80.96,-168.2
52.41172,-1.514794,146.36,18.23,6,65.12,20 / 21,156710,2019-09-06 20:55:41:717,0.042,0.9408,8.8682,-0.0377,-0.0113,9.8066,-0.0236,0.0237,0.0481,-19.81,-37.37,-0.44,265.84,-81.01,-167.25
52.41172,-1.514794,146.36,18.23,6,65.12,20 / 21,156810,2019-09-06 20:55:41:817,-0.4873,-0.5496,10.4928,-0.01,-0.0053,9.8066,0.2015,0.0467,0.058,-20,-38.44,-0.44,266.36,-81.28,-166.78
52.41172,-1.514794,146.36,18.23,6,65.12,20 / 21,156910,2019-09-06 20:55:41:917,-0.3121,0.9817,10.7102,-0.0078,0.0011,9.8066,0.1586,0.0069,-0.0562,-19.62,-38,-0.31,265.63,-81.21,-167.39
52.41172,-1.514794,146.36,18.23,6,65.12,20 / 21,157010,2019-09-06 20:55:42:017,0.2573,-0.2545,10.2318,0.0371,0.0077,9.8065,-0.1678,-0.0287,-0.0309,-19.5,-38,0.56,266.57,-81.1,-168.29
52.41172,-1.514794,146.36,18.23,6,65.12,20 / 21,157110,2019-09-06 20:55:42:117,1.472,0.8928,10.5132,-0.0192,-0.0297,9.8065,-0.1963,-0.0374,0.0719,-19.94,-38.37,0.38,263.96,-81.04,-168.79
52.41172,-1.514794,146.36,18.23,6,65.12,20 / 21,157210,2019-09-06 20:55:42:217,1.2219,-0.7267,10.0511,-0.0357,-0.0008,9.8065,0.0858,-0.0353,0.0199,-19.25,-38.5,0.19,264.44,-81.33,-167.96
52.41172,-1.514794,146.36,18.23,6,65.12,20 / 21,157309,2019-09-06 20:55:42:316,-1.1142,-0.6261,9.8835,-0.0005,-0.0091,9.8065,0.0058,-0.0699,0.0576,-19.56,-37.94,0.19,265.81,-81.39,-167.57
52.41172,-1.514794,146.36,18.23,6,65.12,20 / 21,157409,2019-09-06 20:55:42:416,-0.7717,0.607,9.2849,-0.0217,-0.0156,9.8066,0.0265,-0.0919,0.017,-20,-38.69,-0.06,265.11,-81.26,-167.56
52.41172,-1.514794,146.36,18.23,6,65.12,20 / 21,157510,2019-09-06 20:55:42:517,-0.3347,0.9408,9.9584,0.0161,-0.003,9.8066,-0.0998,0.0254,-0.0044,-19.19,-38.37,0.25,265.53,-81.35,-166.87
52.41172,-1.514794,146.36,18.23,6,65.12,20 / 21,157610,2019-09-06 20:55:42:617,0.5846,0.5396,9.9031,0.0174,0.0039,9.8066,0.0007,-0.024,0.0029,-19.94,-37.87,1.13,269.13,-81.17,-166.61
52.41172,-1.514794,146.36,18.23,6,65.12,20 / 21,157710,2019-09-06 20:55:42:717,-0.508,0.023,9.4474,-0.0268,-0.0089,9.8065,-0.003,0.0086,-0.0155,-19.25,-38.12,0.81,268.61,-81.17,-166.35
52.41172,-1.514794,146.36,18.23,6,65.12,20 / 21,157810,2019-09-06 20:55:42:817,1.4183,-0.0425,10.414,-0.0478,-0.0137,9.8064,0.0455,0.0819,0.0102,-19.25,-37.25,0.81,270.2,-81.4,-165.71
52.41172,-1.514794,146.36,18.23,6,65.12,20 / 21,157910,2019-09-06 20:55:42:917,-0.533,1.0056,10.3437,0.0327,0.0206,9.8065,0.0108,0.0804,-0.0135,-19.19,-37.06,0.38,266.72,-81.57,-166.58
52.41172,-1.514794,146.36,18.23,6,65.12,20 / 21,158009,2019-09-06 20:55:43:016,-0.3711,1.4222,9.6659,0.0378,0.0221,9.8065,0.0599,-0.0353,0.0428,-19.12,-37.56,-0.5,265.96,-81.6,-166.94
52.41228,-1.51254,147.89,18.19,4,67.15,20 / 21,158110,2019-09-06 20:55:43:117,0.0591,-0.0422,10.3961,-0.015,-0.0039,9.8066,0.181,-0.0162,0.0409,-18.94,-37.69,0,264.41,-81.24,-167.8
52.41228,-1.51254,147.89,18.19,4,67.15,20 / 21,158210,2019-09-06 20:55:43:217,-0.5589,-0.2569,10.82,0.0298,0.0043,9.8066,0.0101,-0.019,0.0321,-19.5,-37.81,0.19,264.7,-81.3,-167.63
52.41228,-1.51254,147.89,18.19,4,67.15,20 / 21,158310,2019-09-06 20:55:43:317,-0.2196,0.7146,10.785,0.047,0.0059,9.8065,-0.0856,0.0068,-0.0336,-19.5,-38.44,-0.81,261.62,-81.09,-167.42
52.41228,-1.51254,147.89,18.19,4,67.15,20 / 21,158409,2019-09-06 20:55:43:416,0.1028,0.7596,9.166,-0.0771,-0.0279,9.8062,0.0779,0.0012,-0.0007,-20,-37.75,-0.31,265.72,-81.11,-167.09
52.41228,-1.51254,147.89,18.19,4,67.15,20 / 21,158510,2019-09-06 20:55:43:517,0.1876,-0.9434,9.6055,-0.0492,-0.0095,9.8065,0.0836,-0.031,0.138,-20.25,-38,0.25,267.8,-81.64,-166.02
52.41228,-1.51254,147.89,18.19,4,67.15,20 / 21,158609,2019-09-06 20:55:43:616,-0.4076,1.0192,9.6146,0.0135,0.0194,9.8066,0.1114,-0.0127,0.042,-19.44,-37.87,0.13,267.57,-81.62,-165.34
52.41228,-1.51254,147.89,18.19,4,67.15,20 / 21,158710,2019-09-06 20:55:43:717,1.028,-0.0329,10.2106,-0.0034,0.0109,9.8066,0.049,-0.0811,-0.0622,-19.69,-38.69,0,266.2,-81.36,-166.66
52.41228,-1.51254,147.89,18.19,4,67.15,20 / 21,158810,2019-09-06 20:55:43:817,0.9325,1.0599,9.7238,0.0172,0.0204,9.8066,-0.0815,-0.0343,0.0358,-18.94,-38.5,0.75,266.95,-81.21,-168.14
52.41228,-1.51254,147.89,18.19,4,67.15,20 / 21,158910,2019-09-06 20:55:43:917,0.0025,0.8457,9.191,-0.0171,-0.0114,9.8066,0.0002,0.0922,0.0401,-19.25,-37.62,0.81,266.45,-81.26,-168.76
52.41228,-1.51254,147.89,18.19,4,67.15,20 / 21,159009,2019-09-06 20:55:44:016,-0.8797,0.1923,9.9148,0.0248,-0.0054,9.8065,-0.1191,-0.0264,-0.0093,-19.19,-36.94,0.5,268.44,-81.56,-167.82
52.41228,-1.51254,147.89,18.19,4,67.15,20 / 21,159111,2019-09-06 20:55:44:118,-2.7143,-2.6296,8.9922,-0.0119,0.001,9.8066,-0.3276,-0.1737,0.0587,-20,-35.87,-0.44,267.72,-81.68,-167.06
52.41228,-1.51254,147.89,18.19,4,67.15,20 / 21,159210,2019-09-06 20:55:44:217,-0.1205,0.2899,9.8649,-0.027,0.017,9.8066,0.1826,-0.0596,-0.0327,-19.94,-36,-0.12,267.55,-81.74,-167.35
52.41228,-1.51254,147.89,18.19,4,67.15,20 / 21,159309,2019-09-06 20:55:44:316,-0.7752,-0.5903,10.2,0.0285,0.0496,9.8064,0.0494,-0.0605,-0.0475,-20.25,-36.31,-0.69,262.31,-81.75,-169.94
52.41228,-1.51254,147.89,18.19,4,67.15,20 / 21,159410,2019-09-06 20:55:44:417,-0.7529,1.3522,10.0469,-0.0325,0.0153,9.8065,0.1844,-0.0318,0.0647,-20.56,-36.5,-0.37,263.8,-81.59,-171.68
52.41228,-1.51254,147.89,18.19,4,67.15,20 / 21,159510,2019-09-06 20:55:44:517,0.0117,0.9199,11.1372,-0.0088,-0.0064,9.8065,0.144,-0.0422,-0.0082,-20.56,-36.81,0.31,262.28,-81.45,-172.58
52.41228,-1.51254,147.89,18.19,4,67.15,20 / 21,159609,2019-09-06 20:55:44:616,0.1611,0.2737,9.7987,0.0335,0.0049,9.8066,-0.2223,0.0079,-0.0343,-20.62,-36.94,1.06,265.07,-81.39,-172.32
52.41228,-1.51254,147.89,18.19,4,67.15,20 / 21,159709,2019-09-06 20:55:44:716,0.4583,1.1911,8.057,-0.0204,0.0056,9.8066,-0.0439,0.0789,0.0267,-20.5,-36.37,0.25,262.33,-81.45,-172.21
52.41228,-1.51254,147.89,18.19,4,67.15,20 / 21,159810,2019-09-06 20:55:44:817,-0.059,-0.2944,8.4762,-0.054,-0.0168,9.8064,-0.0052,0.0112,-0.0215,-19.81,-36.5,0.44,261.83,-81.66,-173.12
52.41228,-1.51254,147.89,18.19,4,67.15,20 / 21,159910,2019-09-06 20:55:44:917,-0.2009,0.8986,9.787,-0.0567,-0.0218,9.8064,-0.0484,0.0023,-0.1005,-19.5,-36.37,0.19,262.42,-82.05,-172.45
52.41228,-1.51254,147.89,18.19,4,67.15,20 / 21,160009,2019-09-06 20:55:45:016,-0.3943,0.548,10.2681,0.055,0.0182,9.8064,0.0757,0.0319,0.0743,-19.69,-36.69,0.5,264.5,-81.97,-173.38
52.41228,-1.51254,147.89,18.19,4,67.15,19 / 20,160109,2019-09-06 20:55:45:116,-0.5557,-0.3415,10.6561,0.0335,0.0041,9.8065,0.1657,0.0656,0.0041,-20.25,-36.06,-0.19,261.76,-81.8,-173.45
52.41228,-1.51254,147.89,18.19,4,67.15,19 / 20,160210,2019-09-06 20:55:45:217,-1.8788,-0.5111,10.0937,-0.0628,-0.018,9.8064,0.0455,0.0279,-0.0796,-20.62,-36.37,0.13,262.42,-81.56,-173.05
52.41228,-1.51254,147.89,18.19,4,67.15,19 / 20,160310,2019-09-06 20:55:45:317,0.2436,-0.8865,10.1452,-0.0202,0.0079,9.8066,-0.0666,0.0121,-0.0089,-20.37,-36,0.19,261.75,-81.94,-173.71
52.41228,-1.51254,147.89,18.19,4,67.15,19 / 20,160409,2019-09-06 20:55:45:416,-0.8434,0.3894,9.653,-0.0206,-0.0068,9.8066,0.0717,0.0403,-0.0472,-20.37,-36.62,0.13,260.92,-82.07,-174.44
52.41228,-1.51254,147.89,18.19,4,67.15,19 / 20,160510,2019-09-06 20:55:45:517,-0.8797,0.4537,10.697,-0.0016,0.0123,9.8066,-0.0106,0.0212,0.0561,-20.62,-36.5,-0.06,260.99,-82.12,-175.54
52.41228,-1.51254,147.89,18.19,4,67.15,19 / 20,160610,2019-09-06 20:55:45:617,0.5833,-1.7002,12.1947,0.0601,0.0162,9.8064,0.0315,0.0406,-0.0945,-20.62,-36.56,0.5,262.7,-81.95,-175.81
52.41228,-1.51254,147.89,18.19,4,67.15,19 / 20,160709,2019-09-06 20:55:45:716,2.2416,0.2084,10.6712,0.1403,0.0102,9.8056,-0.1527,0.0449,-0.0927,-20.31,-36.25,1.5,264.2,-82.01,-177.08
52.41228,-1.51254,147.89,18.19,4,67.15,19 / 20,160809,2019-09-06 20:55:45:816,-2.6572,-3.3165,9.0538,-0.1046,-0.0298,9.806,0.0866,-0.0039,0.113,-20.94,-37.5,0.38,257.94,-81.4,-177.1
52.41228,-1.51254,147.89,18.19,4,67.15,19 / 20,160909,2019-09-06 20:55:45:916,-1.4896,1.1158,8.7461,-0.0979,-0.0559,9.8059,-0.0037,-0.015,-0.0983,-21.19,-38.44,1.19,262.71,-82.33,-176.12
52.41228,-1.51254,147.89,18.19,4,67.15,19 / 20,161009,2019-09-06 20:55:46:016,-1.7442,0.0124,9.283,0.0053,0.0158,9.8066,0.0309,-0.1218,0.0828,-21.62,-39.12,1.06,262.77,-82.45,-176.43
52.41228,-1.51254,147.89,18.19,4,67.15,20 / 21,161110,2019-09-06 20:55:46:117,0.7328,1.0237,9.8847,0.0124,0.0034,9.8066,0.0415,0.0993,-0.0802,-21.5,-39.81,1.5,264.83,-82.54,-176.34
52.41228,-1.51254,147.89,18.19,4,67.15,20 / 21,161209,2019-09-06 20:55:46:216,0.7508,-1.3398,10.9341,0.0321,-0.0103,9.8065,0.0641,-0.0283,0.0231,-21.37,-39.62,0.06,258.83,-82.54,-177.1
52.41228,-1.51254,147.89,18.19,4,67.15,20 / 21,161310,2019-09-06 20:55:46:317,-0.6161,0.4271,10.4832,0.0061,0.0271,9.8066,0.02,0.0988,-0.1174,-20.87,-39.75,0.31,258.82,-82.28,-176.6
52.41228,-1.51254,147.89,18.19,4,67.15,20 / 21,161410,2019-09-06 20:55:46:417,0.7918,1.041,10.26,0.0221,0.012,9.8066,0.033,0.0152,-0.0484,-20.75,-37.62,0.63,260.72,-82,-177.57
52.41228,-1.51254,147.89,18.19,4,67.15,20 / 21,161510,2019-09-06 20:55:46:517,-0.0749,2.1859,8.9901,0.02,0.0068,9.8066,0.0982,-0.0731,-0.0283,-20.12,-37.31,0.31,257.17,-81.83,-177.96
52.41228,-1.51254,147.89,18.19,4,67.15,20 / 21,161609,2019-09-06 20:55:46:616,-1.6642,-0.6995,8.9725,-0.0836,-0.0186,9.8062,-0.2038,0.0247,-0.1311,-20.19,-37,0.13,256.33,-81.85,-178.89
52.41228,-1.51254,147.89,18.19,4,67.15,20 / 21,161710,2019-09-06 20:55:46:717,-0.4336,1.5034,9.798,-0.0484,-0.0141,9.8065,-0.1698,0.0486,0.0087,-20.37,-37.31,-0.56,254.98,-82.45,-178.61
52.41228,-1.51254,147.89,18.19,4,67.15,20 / 21,161809,2019-09-06 20:55:46:816,0.1939,-1.3517,10.9687,0.0392,0.0008,9.8065,0.0616,-0.0738,0.0854,-20.62,-37.56,-0.19,257.17,-82.46,-179.43
52.41228,-1.51254,147.89,18.19,4,67.15,20 / 21,161909,2019-09-06 20:55:46:916,-0.18,1.278,10.8508,0.0549,0.0225,9.8064,0.1945,-0.0034,0.0514,-19.75,-38.12,-0.69,253.36,-82.36,-179.8
52.41228,-1.51254,147.89,18.19,4,67.15,20 / 21,162009,2019-09-06 20:55:47:016,-0.9895,-1.593,11.7255,-0.0065,0.0015,9.8066,-0.0713,-0.0281,-0.0269,-20.37,-38.75,0.13,254.37,-81.86,179.78
52.41228,-1.51254,147.89,18.19,4,67.15,20 / 21,162110,2019-09-06 20:55:47:117,-1.6643,1.6639,8.2446,-0.0501,0.0061,9.8065,0.0485,-0.0629,-0.0025,-21.19,-39.56,-0.06,253.18,-81.83,178.18
52.41228,-1.51254,147.89,18.19,4,67.15,20 / 21,162210,2019-09-06 20:55:47:217,-0.6315,-0.1642,8.9257,-0.0141,-0.0006,9.8066,0.016,0.0644,0.0162,-21.06,-39.06,1.38,255.3,-81.91,177.19
52.41228,-1.51254,147.89,18.19,4,67.15,20 / 21,162309,2019-09-06 20:55:47:316,0.5723,0.6591,9.5354,-0.041,0.0037,9.8065,-0.1375,0.0125,-0.0105,-20.37,-37.87,0.81,255.28,-82.5,176.27
52.41228,-1.51254,147.89,18.19,4,67.15,20 / 21,162410,2019-09-06 20:55:47:417,-1.5717,-0.8367,9.2816,-0.0341,-0.011,9.8065,-0.1019,-0.019,-0.0256,-19.56,-38.06,0.81,255.99,-82.43,177.16
52.41228,-1.51254,147.89,18.19,4,67.15,20 / 21,162510,2019-09-06 20:55:47:517,-1.1288,1.6332,10.2679,-0.011,-0.0311,9.8066,-0.0015,-0.0182,0.0825,-20.5,-37.69,0.38,253.02,-82.37,176.95
52.41228,-1.51254,147.89,18.19,4,67.15,20 / 21,162610,2019-09-06 20:55:47:617,-0.0134,2.0545,9.1967,0.0196,0.0311,9.8066,0.0882,0.1006,-0.1495,-20.31,-37.19,0.88,257.72,-82.26,178.95
52.41228,-1.51254,147.89,18.19,4,67.15,20 / 21,162710,2019-09-06 20:55:47:717,-0.2924,-0.8394,10.02,0.0391,0.0115,9.8065,-0.1075,0.0459,-0.0701,-19.94,-36.94,0.44,253.82,-81.99,178.13
52.41228,-1.51254,147.89,18.19,4,67.15,20 / 21,162810,2019-09-06 20:55:47:817,-1.7958,0.8983,7.8666,-0.0796,-0.009,9.8062,-0.2393,0.0441,-0.0421,-19.06,-36.81,0.69,255.14,-82.14,177.03
52.41228,-1.51254,147.89,18.19,4,67.15,20 / 21,162910,2019-09-06 20:55:47:917,-1.4316,-0.8459,9.5014,-0.0949,-0.0362,9.8061,0.221,-0.0198,0.0663,-19.81,-37.25,0.19,254.15,-82.84,176.94
52.41228,-1.51254,147.89,18.19,4,67.15,20 / 21,163009,2019-09-06 20:55:48:016,0.6272,-0.0761,11.1569,0.049,0.0141,9.8065,0.1364,0.0223,-0.0613,-20.37,-37.25,0.19,254.57,-82.88,177.31
52.41228,-1.51254,147.89,18.19,4,67.15,19 / 20,163111,2019-09-06 20:55:48:118,-1.4464,-0.9877,10.0061,0.0667,0.0087,9.8064,-0.2025,-0.053,0.0667,-19.81,-36.75,0.06,254.66,-82.48,178.14
52.41228,-1.51254,147.89,18.19,4,67.15,19 / 20,163210,2019-09-06 20:55:48:217,-1.0774,0.7514,9.7352,0.0108,0.0076,9.8066,0.0997,0.0149,-0.0006,-20.25,-37.12,-0.56,253.54,-82.57,179.63
52.41228,-1.51254,147.89,18.19,4,67.15,19 / 20,163310,2019-09-06 20:55:48:317,-0.0006,-1.2087,10.7622,0.0269,0.0009,9.8065,0.0482,0.1122,-0.0887,-19.75,-37.12,-0.25,256.58,-82.59,180
52.41228,-1.51254,147.89,18.19,4,67.15,19 / 20,163410,2019-09-06 20:55:48:417,-1.3578,-1.7248,9.3092,-0.0482,-0.0105,9.8065,-0.149,0.1104,-0.0457,-19.94,-37.44,-0.37,255.98,-82.52,179.48
52.41228,-1.51254,147.89,18.19,4,67.15,19 / 20,163510,2019-09-06 20:55:48:517,-1.6521,0.0903,9.7018,-0.0518,-0.0078,9.8064,0.122,-0.0515,-0.0024,-19.81,-38.19,-0.69,252.64,-82.93,178.35
52.41228,-1.51254,147.89,18.19,4,67.15,19 / 20,163610,2019-09-06 20:55:48:617,-1.1527,-1.4613,9.9286,0.0248,0.0033,9.8066,-0.0406,-0.0607,0.0369,-19.62,-38.44,-0.12,254.42,-82.89,177.49
52.41228,-1.51254,147.89,18.19,4,67.15,19 / 20,163710,2019-09-06 20:55:48:717,0.6158,-0.5915,9.6231,-0.0416,0.0139,9.8065,0.1884,-0.0503,0.0944,-19.94,-37.81,0.19,253.94,-82.62,177.48
52.41228,-1.51254,147.89,18.19,4,67.15,19 / 20,163809,2019-09-06 20:55:48:816,0.32,-0.5937,11.2941,0.0197,0.007,9.8066,0.4364,-0.0243,-0.0241,-19.69,-37.56,0,254.22,-82.72,177.6
52.41228,-1.51254,147.89,18.19,4,67.15,19 / 20,163910,2019-09-06 20:55:48:917,-2.8967,-0.1606,9.9931,0.0082,-0.0145,9.8066,0.029,-0.0405,-0.0221,-19.94,-37.56,-0.06,254.15,-82.7,177.56
52.41228,-1.51254,147.89,18.19,4,67.15,19 / 20,164010,2019-09-06 20:55:49:017,-1.3088,0.4694,9.6453,-0.0176,-0.0192,9.8066,-0.157,0.041,0.0723,-19.12,-37.62,0,253.47,-82.61,177.73
52.41228,-1.51254,147.89,18.19,4,67.15,18 / 20,164110,2019-09-06 20:55:49:117,0.1452,-1.8404,9.7447,-0.0394,-0.0041,9.8065,0.1737,-0.0291,0.1675,-19.62,-37.75,0,255.29,-82.8,178.59
52.41228,-1.51254,147.89,18.19,4,67.15,18 / 20,164210,2019-09-06 20:55:49:217,-0.8607,-0.1357,9.5231,-0.0013,-0.0038,9.8066,0.0298,-0.0923,-0.0384,-20.06,-37.94,0.19,256.75,-82.76,-179.77
52.41228,-1.51254,147.89,18.19,4,67.15,18 / 20,164309,2019-09-06 20:55:49:316,-1.4449,-0.004,9.8426,-0.0151,-0.0073,9.8066,0.1647,-0.0461,-0.0603,-20,-38.19,0.31,256.96,-82.77,-179.56
52.41228,-1.51254,147.89,18.19,4,67.15,18 / 20,164410,2019-09-06 20:55:49:417,0.8884,0.6591,10.5335,0.0216,0.0167,9.8065,0.0808,-0.0346,0.0504,-20.25,-37.75,0.31,257.33,-82.88,-179.39
52.41228,-1.51254,147.89,18.19,4,67.15,18 / 20,164509,2019-09-06 20:55:49:516,-1.0079,0.2122,10.5591,0.0378,0.0221,9.8065,-0.0363,-0.0062,0.1251,-19.5,-38.19,0.5,257.86,-82.72,179.19
52.41228,-1.51254,147.89,18.19,4,67.15,18 / 20,164610,2019-09-06 20:55:49:617,-1.9512,-0.0606,9.4331,-0.0659,-0.022,9.8063,0.1298,-0.0596,-0.1016,-19.56,-38.44,0.31,255.61,-82.68,179.17
52.41228,-1.51254,147.89,18.19,4,67.15,18 / 20,164710,2019-09-06 20:55:49:717,-1.7457,-0.653,9.5218,-0.0708,-0.0159,9.8063,-0.023,-0.0909,-0.1107,-19.87,-37.44,0.63,259.68,-83.11,179.43
52.41228,-1.51254,147.89,18.19,4,67.15,18 / 20,164809,2019-09-06 20:55:49:816,-3.5204,0.3397,9.6328,0.001,0.0149,9.8065,-0.1815,0.0448,0.1045,-19.56,-37.75,0.38,255.45,-83.13,178.15
52.41228,-1.51254,147.89,18.19,4,67.15,18 / 20,164909,2019-09-06 20:55:49:916,0.5553,-0.4332,9.8161,0.0035,-0.0117,9.8066,0.1754,0.0341,0.0194,-18.75,-38,0.69,256.3,-83.14,176.69
52.41228,-1.51254,147.89,18.19,4,67.15,18 / 20,165009,2019-09-06 20:55:50:016,0.7331,-0.4267,8.9228,-0.0009,-0.0096,9.8066,0.1374,-0.0064,0.0811,-19.12,-37.31,0.25,255.18,-83.03,178.38
52.41228,-1.51254,147.89,18.19,4,67.15,17 / 19,165109,2019-09-06 20:55:50:116,-0.2143,0.5973,8.891,-0.0145,-0.0047,9.8065,-0.1814,0.0648,-0.0296,-19.81,-37.56,0,255.58,-83.07,178.4
52.41228,-1.51254,147.89,18.19,4,67.15,17 / 19,165210,2019-09-06 20:55:50:217,-0.1709,-1.8148,10.1126,-0.0454,-0.0189,9.8065,0.1668,0.0236,-0.0918,-20.69,-37.81,0.06,256.8,-82.99,179.21
52.41228,-1.51254,147.89,18.19,4,67.15,17 / 19,165310,2019-09-06 20:55:50:317,-1.7712,0.1319,9.6405,-0.0455,-0.0111,9.8065,0.0672,0.0491,0.0235,-20.69,-36.5,0.06,257.72,-83.24,179.08
52.41228,-1.51254,147.89,18.19,4,67.15,17 / 19,165410,2019-09-06 20:55:50:417,0.7807,0.9611,9.4936,0.0175,-0.0042,9.8066,-0.0399,-0.039,0.0403,-20.19,-36.94,0.56,258.95,-83.26,178.38
52.41228,-1.51254,147.89,18.19,4,67.15,17 / 19,165510,2019-09-06 20:55:50:517,-1.6387,0.1133,10.2459,0.0246,0.0128,9.8065,-0.1264,-0.0307,0.0212,-19.62,-37.5,-0.25,256.97,-83.29,179.12
52.41228,-1.51254,147.89,18.19,4,67.15,17 / 19,165609,2019-09-06 20:55:50:616,-1.3058,-0.7938,9.7366,-0.0022,-0.01,9.8066,0.0938,0.0147,-0.0515,-20.37,-37.56,0.38,256.08,-83.35,178.4
52.41228,-1.51254,147.89,18.19,4,67.15,17 / 19,165709,2019-09-06 20:55:50:716,-1.6055,0.3133,9.4169,-0.023,0.01,9.8065,-0.0496,-0.028,0.0463,-20.12,-36.94,0.44,256.09,-83.4,177.99
52.41228,-1.51254,147.89,18.19,4,67.15,17 / 19,165809,2019-09-06 20:55:50:816,0.1805,-0.3767,10.4028,0.011,0.0035,9.8066,-0.0314,0.0094,-0.0493,-20.12,-36.56,-0.62,254.3,-83.47,178.81
52.41228,-1.51254,147.89,18.19,4,67.15,17 / 19,165910,2019-09-06 20:55:50:917,-1.4115,-0.216,9.7563,0.0195,0.0104,9.8066,0.018,0.0146,-0.0077,-19.81,-37.19,-0.25,256.17,-83.41,178.05
52.41228,-1.51254,147.89,18.19,4,67.15,17 / 19,166009,2019-09-06 20:55:51:016,-1.2677,0.7507,9.7799,-0.0065,0.0081,9.8066,-0.0408,-0.0968,-0.0304,-20.37,-37.31,-0.37,256.08,-83.48,177.83
52.41228,-1.51254,147.89,18.19,4,67.15,18 / 19,166111,2019-09-06 20:55:51:118,-1.7082,-0.0897,9.8901,-0.0167,0.0156,9.8066,0.031,-0.0449,0.0013,-19.62,-37.56,-0.62,252.66,-83.51,177.31
52.41228,-1.51254,147.89,18.19,4,67.15,18 / 19,166209,2019-09-06 20:55:51:216,0.5732,-0.2836,9.0291,-0.0178,-0.0039,9.8066,-0.0801,0.0335,-0.0444,-19.56,-37.87,0.38,253.6,-83.61,175.27
52.41228,-1.51254,147.89,18.19,4,67.15,18 / 19,166310,2019-09-06 20:55:51:317,-2.8397,0.7995,9.3538,-0.042,0.0029,9.8065,-0.064,-0.0593,-0.0082,-19.12,-37.44,-0.37,252.62,-83.93,173.92
52.41228,-1.51254,147.89,18.19,4,67.15,18 / 19,166409,2019-09-06 20:55:51:416,-0.4548,-0.3683,10.9475,0.0093,0.0228,9.8066,0.1035,-0.0585,0.0214,-19.5,-37.44,-0.31,252.49,-84.05,173.56
52.41228,-1.51254,147.89,18.19,4,67.15,18 / 19,166509,2019-09-06 20:55:51:516,-1.7354,1.4989,10.7061,0.0105,0.0038,9.8066,0.0996,0.0945,-0.0946,-19.19,-37.5,0.25,250.61,-83.92,171.78
52.41228,-1.51254,147.89,18.19,4,67.15,18 / 19,166609,2019-09-06 20:55:51:616,1.923,-0.9404,10.013,0.0038,-0.0103,9.8066,-0.0735,0.0326,0.0077,-19.12,-38.56,0.13,248.88,-83.85,170.68
52.41228,-1.51254,147.89,18.19,4,67.15,18 / 19,166709,2019-09-06 20:55:51:716,-1.3488,0.5865,9.6019,-0.0113,0.0019,9.8066,-0.17,0.0409,0.0224,-18.87,-37.69,0.13,249.86,-83.68,171.74
52.41228,-1.51254,147.89,18.19,4,67.15,18 / 19,166809,2019-09-06 20:55:51:816,0.3454,-0.9129,9.8374,0.0124,-0.0086,9.8066,0.1079,0.0562,-0.1065,-18.62,-38.62,0,248.57,-83.76,170.5
52.41228,-1.51254,147.89,18.19,4,67.15,18 / 19,166909,2019-09-06 20:55:51:916,-0.4191,1.2681,10.6714,0.006,-0.0018,9.8066,0.0668,-0.115,0.0414,-18.62,-38.31,0.5,251.93,-83.78,170.75
52.41228,-1.51254,147.89,18.19,4,67.15,18 / 19,167010,2019-09-06 20:55:52:017,-3.2677,5.42,9.5352,-0.0588,0.0778,9.8061,0.0456,-0.1132,0.1263,-18.5,-38.25,0.75,250.8,-83.71,170.19
52.412777,-1.510686,147.79,10.55,6,68.33,19 / 21,167110,2019-09-06 20:55:52:117,-2.0024,3.0132,9.9573,0.0397,-0.03,9.8065,-0.0373,-0.0183,0.0126,-18.87,-37.5,0.63,249.02,-83.71,167.43
52.412777,-1.510686,147.79,10.55,6,68.33,19 / 21,167210,2019-09-06 20:55:52:217,-0.4979,-2.759,10.9448,-0.029,-0.0466,9.8065,0.0079,0.0857,-0.1235,-19.69,-37.06,0.81,253.14,-83.8,171.26
52.412777,-1.510686,147.79,10.55,6,68.33,19 / 21,167309,2019-09-06 20:55:52:316,-1.3275,0.5666,9.6557,-0.0188,-0.0254,9.8065,0.0237,0.0235,-0.0001,-20,-37.69,-0.87,250.56,-84.27,173.67
52.412777,-1.510686,147.79,10.55,6,68.33,19 / 21,167409,2019-09-06 20:55:52:416,-0.1594,1.2044,10.0749,0.0136,-0.0089,9.8066,-0.0309,-0.0352,0.056,-20,-37.56,0.19,254.03,-84.4,174.28
52.412777,-1.510686,147.79,10.55,6,68.33,19 / 21,167509,2019-09-06 20:55:52:516,-0.4,-0.4429,9.6061,0.0073,0.0018,9.8066,-0.0212,-0.0536,0.0745,-20.06,-37.62,-0.44,255.91,-84.42,176.21
52.412777,-1.510686,147.79,10.55,6,68.33,19 / 21,167609,2019-09-06 20:55:52:616,-0.0674,0.3418,10.0789,-0.0033,-0.0021,9.8066,-0.0245,-0.0417,-0.0697,-19.12,-38.19,-0.06,256.51,-84.4,177.44
52.412777,-1.510686,147.79,10.55,6,68.33,19 / 21,167712,2019-09-06 20:55:52:719,-0.6705,-0.1717,9.7541,-0.0016,0.0201,9.8066,-0.0531,0.012,-0.0736,-19.75,-38.62,-0.44,255.53,-84.42,176.09
52.412777,-1.510686,147.79,10.55,6,68.33,19 / 21,167810,2019-09-06 20:55:52:817,-1.1477,-0.4295,9.62,-0.0097,0.0056,9.8066,0.102,-0.0072,-0.02,-18.37,-38.06,0,252.14,-84.4,173.41
52.412777,-1.510686,147.79,10.55,6,68.33,19 / 21,167910,2019-09-06 20:55:52:917,-0.9263,0.2168,10.0053,0.001,0.0125,9.8066,0.0142,-0.0166,-0.038,-18.94,-38.5,0.06,251.39,-84.35,172.11
52.412777,-1.510686,147.79,10.55,6,68.33,19 / 21,168010,2019-09-06 20:55:53:017,-1.1255,-0.1549,10.2206,-0.0069,0.0008,9.8066,0.0154,0.0084,-0.0494,-18.06,-38.31,0,250.02,-84.44,171.06
52.412777,-1.510686,147.79,10.55,6,68.33,19 / 21,168110,2019-09-06 20:55:53:117,-1.24,-0.0342,9.7899,-0.0237,0.0129,9.8066,0.0469,-0.0247,0.0168,-18.87,-38.69,-0.06,249.92,-84.46,170.6
52.412777,-1.510686,147.79,10.55,6,68.33,19 / 21,168209,2019-09-06 20:55:53:216,-0.9947,-0.6709,10.4362,0.0123,-0.0061,9.8065,0.0498,0.0618,-0.0369,-18.37,-37.5,0.63,251.97,-84.54,169.46
52.412777,-1.510686,147.79,10.55,6,68.33,19 / 21,168310,2019-09-06 20:55:53:317,-0.2093,0.1754,9.6235,0.0086,0.0173,9.8066,0.0397,-0.0055,0.0339,-19.62,-37.06,-0.12,249.07,-84.36,168.8
52.412777,-1.510686,147.79,10.55,6,68.33,19 / 21,168410,2019-09-06 20:55:53:417,-0.5097,0.5829,9.4416,-0.0159,-0.0053,9.8066,0.0658,0.0074,0.0316,-19.19,-37.06,0,248.68,-84.25,169.1
52.412777,-1.510686,147.79,10.55,6,68.33,19 / 21,168509,2019-09-06 20:55:53:516,-0.3369,0.3902,9.8497,-0.019,-0.006,9.8066,0.0332,0.0407,-0.0202,-19.37,-37.37,-0.56,246.02,-84.39,168.98
52.412777,-1.510686,147.79,10.55,6,68.33,19 / 21,168610,2019-09-06 20:55:53:617,-0.2129,0.2288,9.6894,-0.0111,-0.0076,9.8066,-0.0752,0.0212,-0.0084,-18.75,-37.31,-0.44,248.24,-84.43,168.3
52.412777,-1.510686,147.79,10.55,6,68.33,19 / 21,168710,2019-09-06 20:55:53:717,-1.0223,-1.2539,9.7451,-0.0012,0.0094,9.8066,-0.1312,0.0103,0.0382,-18.75,-37.44,-0.31,249.11,-84.63,168.86
52.412777,-1.510686,147.79,10.55,6,68.33,19 / 21,168810,2019-09-06 20:55:53:817,-0.3325,0.1475,10.1166,-0.0104,-0.0067,9.8066,0.0714,0.0167,-0.0357,-18.87,-37.56,-0.37,247.55,-84.78,167.19
52.412777,-1.510686,147.79,10.55,6,68.33,19 / 21,168910,2019-09-06 20:55:53:917,-0.4684,0.3063,10.0066,-0.0139,-0.0083,9.8066,0.0602,0.0211,-0.024,-18.75,-37.75,-0.19,248.39,-84.95,167.76
52.412777,-1.510686,147.79,10.55,6,68.33,19 / 21,169009,2019-09-06 20:55:54:016,0.0731,-0.3589,9.8143,-0.0053,0.002,9.8066,-0.0823,0.0012,-0.0063,-18.69,-37.31,-0.44,247.7,-84.91,166.84
52.412777,-1.510686,147.79,10.55,6,68.33,20 / 21,169110,2019-09-06 20:55:54:117,-0.4641,-0.4964,9.4782,-0.0008,-0.0006,9.8066,-0.093,-0.0012,0.0263,-18.87,-37.31,-0.37,247.73,-84.89,166.91
52.412777,-1.510686,147.79,10.55,6,68.33,20 / 21,169210,2019-09-06 20:55:54:217,0.4844,-0.3283,9.7641,-0.0167,0.0059,9.8065,0.0793,0.025,0.0204,-18.69,-37.87,0,247.67,-84.82,167.23
52.412777,-1.510686,147.79,10.55,6,68.33,20 / 21,169309,2019-09-06 20:55:54:316,-0.2306,0.6103,9.976,0.0047,-0.0102,9.8065,0.0291,0.0337,0.0045,-19.12,-37.69,-0.56,244.41,-84.87,166.64
52.412777,-1.510686,147.79,10.55,6,68.33,20 / 21,169410,2019-09-06 20:55:54:417,-0.21,-0.1248,10.2853,0.0059,-0.0074,9.8066,-0.0306,0.0104,0.0315,-18.69,-38.06,-0.31,248.16,-84.97,167.48
52.412777,-1.510686,147.79,10.55,6,68.33,20 / 21,169510,2019-09-06 20:55:54:517,-0.314,0.0919,10.3026,-0.0013,-0.0029,9.8066,-0.0218,0.0245,-0.0081,-19.12,-37.75,0.25,249.19,-85.04,168.46
52.412777,-1.510686,147.79,10.55,6,68.33,20 / 21,169609,2019-09-06 20:55:54:616,-0.0727,0.0383,9.8001,0.0019,-0.0028,9.8066,0.0571,-0.0028,0.0109,-19.06,-38.12,-0.31,248.93,-85.06,168.14
52.412777,-1.510686,147.79,10.55,6,68.33,20 / 21,169709,2019-09-06 20:55:54:716,-0.5701,0.1983,9.7573,-0.0003,-0.0087,9.8066,0.0434,0.0387,-0.025,-19.12,-38.31,0,249.19,-85.05,168.42
52.412777,-1.510686,147.79,10.55,6,68.33,20 / 21,169810,2019-09-06 20:55:54:817,0.2008,0.1458,9.9761,0.0148,-0.0022,9.8066,-0.1065,-0.0077,0.0406,-19.37,-37.69,0,249.9,-85.1,169.09
52.412777,-1.510686,147.79,10.55,6,68.33,20 / 21,169910,2019-09-06 20:55:54:917,0.2672,-0.1141,10.2035,0.0131,-0.0018,9.8066,-0.0291,-0.0132,-0.0072,-19.12,-37.62,-0.06,250.95,-85.12,170.17
52.412777,-1.510686,147.79,10.55,6,68.33,20 / 21,170009,2019-09-06 20:55:55:016,-0.3049,-0.0773,9.745,-0.01,0.0064,9.8066,-0.0224,-0.0088,-0.0406,-19.19,-38.31,-0.37,250.48,-85.26,169.4
52.412777,-1.510686,147.79,10.55,6,68.33,18 / 21,170110,2019-09-06 20:55:55:117,-0.51,0.2381,9.6295,-0.0094,0.0077,9.8066,-0.0419,0.0008,0.0084,-19.06,-37.69,-0.25,248.89,-85.33,167.6
52.412777,-1.510686,147.79,10.55,6,68.33,18 / 21,170210,2019-09-06 20:55:55:217,0.4051,0.4463,9.9971,0.0077,0.0047,9.8066,-0.0216,-0.0135,0.0132,-19.56,-37.94,0,249.11,-85.37,167.32
52.412777,-1.510686,147.79,10.55,6,68.33,18 / 21,170309,2019-09-06 20:55:55:316,0.466,-0.0496,10.0543,0.0188,0.0005,9.8065,-0.0343,0.0027,-0.0212,-19.31,-37.69,0,248.6,-85.39,167.17
52.412777,-1.510686,147.79,10.55,6,68.33,18 / 21,170410,2019-09-06 20:55:55:417,-0.3094,0.3238,9.876,-0.014,-0.0034,9.8066,0.0414,0.0024,-0.0204,-19,-37.44,0.19,248.87,-85.27,167.44
52.412777,-1.510686,147.79,10.55,6,68.33,18 / 21,170510,2019-09-06 20:55:55:517,0.1998,-0.381,10.132,-0.0096,-0.0022,9.8066,0.0155,0.0061,0.036,-19.06,-37.75,0.13,248.99,-85.36,167.65
52.412777,-1.510686,147.79,10.55,6,68.33,18 / 21,170609,2019-09-06 20:55:55:616,0.5365,-0.143,10.1119,-0.0006,0.0117,9.8066,-0.0096,0.0339,-0.0182,-19.56,-37.81,0.06,248.95,-85.36,167.17
52.412777,-1.510686,147.79,10.55,6,68.33,18 / 21,170709,2019-09-06 20:55:55:716,0.1578,0.3007,9.9917,0.0147,-0.0023,9.8066,-0.0331,0.012,0.0087,-19.19,-37.5,0.13,247.34,-85.35,165.67
52.412777,-1.510686,147.79,10.55,6,68.33,18 / 21,170809,2019-09-06 20:55:55:816,0.5134,-0.0611,9.9544,0.0068,0.0016,9.8066,-0.0348,0.0231,0.0059,-18.5,-37.56,0.06,247.19,-85.3,166.32
52.412777,-1.510686,147.79,10.55,6,68.33,18 / 21,170909,2019-09-06 20:55:55:916,0.2526,0.0394,9.9888,0.0202,0.0011,9.8065,-0.0077,-0.0067,0.0402,-19.87,-37.5,0.38,248.37,-85.19,166.62
52.412777,-1.510686,147.79,10.55,6,68.33,18 / 21,171009,2019-09-06 20:55:56:016,0.0121,-0.1043,9.7016,-0.0133,-0.0075,9.8066,0.0662,-0.0003,-0.0125,-18.75,-38.31,0.06,247.96,-85.1,167.03
52.412777,-1.510686,147.79,10.55,6,68.33,18 / 21,171110,2019-09-06 20:55:56:117,1.2727,-0.0744,9.9445,-0.0085,-0.0106,9.8066,0.0596,-0.0201,0.0043,-18.69,-37.94,0.44,248.96,-85.17,167.96
52.412777,-1.510686,147.79,10.55,6,68.33,18 / 21,171209,2019-09-06 20:55:56:216,0.3812,0.3194,10.0154,0.005,0.008,9.8066,-0.0775,-0.0118,0.0202,-19,-37.69,-0.12,248.92,-85.25,167.77
52.412777,-1.510686,147.79,10.55,6,68.33,18 / 21,171310,2019-09-06 20:55:56:317,0.4024,-0.416,9.7612,0.0061,-0.0072,9.8065,-0.0283,-0.0051,0.0321,-19.06,-38.12,-0.19,248.47,-85.38,167.05
52.412777,-1.510686,147.79,10.55,6,68.33,18 / 21,171410,2019-09-06 20:55:56:417,0.1578,0.163,9.8433,-0.0182,-0.0054,9.8066,-0.0261,-0.0049,-0.0101,-18.56,-38.12,-0.25,249.29,-85.53,167.65
52.412777,-1.510686,147.79,10.55,6,68.33,18 / 21,171509,2019-09-06 20:55:56:516,0.0611,-0.0931,9.7526,-0.0174,-0.0045,9.8066,-0.0282,-0.0107,-0.0003,-18.62,-38.19,-0.12,249.84,-85.78,167.76
52.412777,-1.510686,147.79,10.55,6,68.33,18 / 21,171609,2019-09-06 20:55:56:616,-0.3073,0.1408,9.9021,-0.0065,-0.0055,9.8066,0.043,-0.0156,0.0262,-19.19,-38.5,-1.06,247.04,-85.89,167.6
52.412777,-1.510686,147.79,10.55,6,68.33,18 / 21,171710,2019-09-06 20:55:56:717,-0.2564,0.0229,10.212,-0.0245,-0.0164,9.8065,0.0882,-0.007,0.0452,-18.94,-37.75,0,251.77,-86.07,169.23
52.412777,-1.510686,147.79,10.55,6,68.33,18 / 21,171810,2019-09-06 20:55:56:817,-0.7188,-0.7987,10.4854,0.0335,0.008,9.8065,-0.0992,-0.0145,0.0269,-18.75,-38.06,0.13,253.25,-86.14,170.63
52.412777,-1.510686,147.79,10.55,6,68.33,18 / 21,171910,2019-09-06 20:55:56:917,-0.4467,0.2982,9.7905,0.0315,0.0043,9.8065,-0.0465,0.0244,-0.0598,-19.62,-37.94,-0.81,251.2,-86.09,171.08
52.412777,-1.510686,147.79,10.55,6,68.33,18 / 21,172010,2019-09-06 20:55:57:017,-0.1811,-0.1047,9.135,-0.0036,-0.003,9.8066,-0.0387,0.1259,-0.0681,-19.69,-37.87,-0.37,252.66,-85.83,170.22
52.412777,-1.510686,147.79,10.55,6,68.33,17 / 20,172110,2019-09-06 20:55:57:117,-0.5537,-0.8548,9.4643,-0.0037,-0.0002,9.8066,-0.0477,-0.0345,0.1839,-19.37,-37.37,-0.44,251.43,-85.87,169.04
52.412777,-1.510686,147.79,10.55,6,68.33,17 / 20,172209,2019-09-06 20:55:57:216,-1.0303,0.5685,9.5961,0.0078,-0.0059,9.8066,0.1542,-0.0191,-0.0053,-20.06,-37.94,-0.37,255.13,-85.93,172.6
52.412777,-1.510686,147.79,10.55,6,68.33,17 / 20,172309,2019-09-06 20:55:57:316,1.023,0.0917,10.0576,-0.0306,-0.0122,9.8065,0.1884,0.0037,0.0349,-20.5,-37.56,-0.19,255.89,-86.05,173.16
52.412777,-1.510686,147.79,10.55,6,68.33,17 / 20,172409,2019-09-06 20:55:57:416,1.1518,-0.5238,10.9399,0.0397,0.0041,9.8065,-0.0742,0.0077,-0.0076,-20.69,-37.87,-1.06,255.95,-86.11,175.49
52.412777,-1.510686,147.79,10.55,6,68.33,17 / 20,172509,2019-09-06 20:55:57:516,0.5644,0.8263,10.0807,0.0306,0.0062,9.8065,-0.0496,0.0056,-0.026,-20.75,-37.81,-1,255.6,-86.11,175.14
52.412777,-1.510686,147.79,10.55,6,68.33,17 / 20,172610,2019-09-06 20:55:57:617,0.3236,0.5172,9.495,-0.0297,-0.0049,9.8065,0.0612,0.0269,0.0278,-20.87,-38.19,-0.56,255.53,-85.92,175.4
52.412777,-1.510686,147.79,10.55,6,68.33,17 / 20,172710,2019-09-06 20:55:57:717,0.8453,-0.6038,9.8322,-0.0197,-0.001,9.8066,0.0154,0.0079,0.0943,-20.94,-37.56,-1.06,256.02,-86.08,175.61
52.412777,-1.510686,147.79,10.55,6,68.33,17 / 20,172810,2019-09-06 20:55:57:817,0.6549,-0.2011,10.0514,0.009,-0.0019,9.8066,-0.0114,0.0426,0.002,-21.19,-37.31,-0.44,259.51,-86.04,176.38
52.412777,-1.510686,147.79,10.55,6,68.33,17 / 20,172910,2019-09-06 20:55:57:917,1.8023,0.3421,9.9509,0.0193,-0.0074,9.8066,0.0145,0.0088,0.0087,-20.94,-37.5,-0.44,260.31,-86.08,177.13
52.412777,-1.510686,147.79,10.55,6,68.33,17 / 20,173010,2019-09-06 20:55:58:017,0.1575,-0.1306,9.6609,-0.0052,-0.0069,9.8066,-0.0641,-0.0156,0.0135,-20.31,-37.75,-0.37,260.92,-85.98,178.48
52.412777,-1.510686,147.79,10.55,6,68.33,18 / 21,173110,2019-09-06 20:55:58:117,1.2478,-0.1166,9.5228,-0.0034,-0.0017,9.8066,-0.0785,0.0055,0.0136,-21.25,-37.56,-0.25,262.18,-86.02,179.33
52.412777,-1.510686,147.79,10.55,6,68.33,18 / 21,173210,2019-09-06 20:55:58:217,1.1446,0.1186,9.6187,-0.0166,-0.0008,9.8066,0.0591,0.0083,0.0059,-21.19,-37.62,0.06,261.76,-85.99,178.95
52.412777,-1.510686,147.79,10.55,6,68.33,18 / 21,173309,2019-09-06 20:55:58:316,0.9784,-0.3562,9.9083,-0.0148,-0.0052,9.8066,0.1059,-0.0079,0.0509,-20.75,-36.94,0,262.07,-86.06,178.95
52.412777,-1.510686,147.79,10.55,6,68.33,18 / 21,173409,2019-09-06 20:55:58:416,1.3511,-0.3042,9.6496,0.0095,-0.0023,9.8066,-0.0337,-0.0096,-0.028,-20.44,-36.81,0.38,262.67,-86.11,179.82
52.412777,-1.510686,147.79,10.55,6,68.33,18 / 21,173510,2019-09-06 20:55:58:517,0.4554,0.1101,9.7779,0.0111,-0.0001,9.8066,-0.0638,-0.0157,-0.0339,-20.94,-37.69,0.44,263.4,-86.01,-179.41
52.412777,-1.510686,147.79,10.55,6,68.33,18 / 21,173610,2019-09-06 20:55:58:617,1.3663,0.017,9.8079,-0.006,0.0008,9.8066,0.0466,0.0256,0.0293,-20.81,-37.25,0.38,263.21,-86.02,-179.81
52.412777,-1.510686,147.79,10.55,6,68.33,18 / 21,173710,2019-09-06 20:55:58:717,1.3926,0.3519,9.7097,-0.01,0.0003,9.8066,0.0424,-0.0068,0.0343,-20.81,-36.75,0.44,262.64,-86.03,179.58
52.412777,-1.510686,147.79,10.55,6,68.33,18 / 21,173809,2019-09-06 20:55:58:816,1.8413,-0.2627,9.7979,0.0171,0.0005,9.8066,0.0038,-0.0173,-0.0158,-20.37,-36.94,1.31,265.56,-85.96,-179.84
52.412777,-1.510686,147.79,10.55,6,68.33,18 / 21,173909,2019-09-06 20:55:58:916,2.2213,0.0566,10.2357,0.0182,0.0041,9.8066,0.0548,-0.0066,0.0007,-20.69,-36.56,0.88,265.75,-85.94,-179.83
52.412777,-1.510686,147.79,10.55,6,68.33,18 / 21,174009,2019-09-06 20:55:59:016,1.7859,0.1015,9.5241,-0.0106,-0.0051,9.8066,-0.019,0.0127,0.0015,-20.62,-37,0.06,262.32,-85.84,179.6
52.412777,-1.510686,147.79,10.55,6,68.33,18 / 21,174109,2019-09-06 20:55:59:116,1.8588,0.0886,9.4233,-0.0051,0.0022,9.8066,-0.0401,-0.0104,0.0202,-20.44,-36.81,0.38,262.33,-85.87,179.93
52.412777,-1.510686,147.79,10.55,6,68.33,18 / 21,174210,2019-09-06 20:55:59:217,2.5019,-0.0462,9.9624,0.0104,-0.0029,9.8066,0.0044,0.02,0.0053,-19.75,-36.25,0.25,263.02,-85.9,-179.64
52.412777,-1.510686,147.79,10.55,6,68.33,18 / 21,174310,2019-09-06 20:55:59:317,1.7475,-0.2682,10.0395,0.0114,-0.0021,9.8066,0.0315,0.0263,-0.0012,-20.19,-36.62,0.63,266.11,-85.85,-179.08
52.412777,-1.510686,147.79,10.55,6,68.33,18 / 21,174410,2019-09-06 20:55:59:417,1.8563,-0.2218,9.5839,-0.0091,0.0006,9.8065,0.0184,0.0267,-0.0188,-20.19,-36.5,0.5,265.49,-85.79,-179.79
52.412777,-1.510686,147.79,10.55,6,68.33,18 / 21,174510,2019-09-06 20:55:59:517,1.6014,0.3863,9.5519,-0.0194,-0.0026,9.8065,-0.0026,0.0179,0.0097,-20,-37.19,0.44,261.8,-85.72,179.66
52.412777,-1.510686,147.79,10.55,6,68.33,18 / 21,174609,2019-09-06 20:55:59:616,2.1344,0.0417,10.087,0.0264,0.0107,9.8065,-0.023,0.0312,-0.0008,-19.69,-36.5,0.06,262.11,-85.82,179.58
52.412777,-1.510686,147.79,10.55,6,68.33,18 / 21,174709,2019-09-06 20:55:59:716,2.476,1.1189,9.7958,0.0178,0.0143,9.8066,0.0761,0.0486,-0.0304,-19.81,-37.06,0.44,259.37,-85.61,177.37
52.412777,-1.510686,147.79,10.55,6,68.33,18 / 21,174810,2019-09-06 20:55:59:817,2.9427,0.5395,9.6073,0.0275,0.0006,9.8066,-0.0891,0.0381,-0.0115,-19.75,-37.06,0.44,259.5,-85.52,177.67
52.412777,-1.510686,147.79,10.55,6,68.33,18 / 21,174910,2019-09-06 20:55:59:917,2.1141,0.4625,9.7254,0.014,0.0047,9.8066,-0.0695,0.1051,-0.0266,-20,-36.94,0.19,259.17,-85.31,177.71
52.412777,-1.510686,147.79,10.55,6,68.33,18 / 21,175010,2019-09-06 20:56:00:017,1.9019,0.4552,9.7657,-0.0128,-0.0058,9.8066,0.0462,0.078,-0.0179,-19.75,-36.81,0.31,259.28,-85.26,177.91
52.412777,-1.510686,147.79,10.55,6,68.33,18 / 21,175110,2019-09-06 20:56:00:117,1.5638,0.4425,9.6403,-0.0048,0.0015,9.8066,-0.0197,0.0845,-0.0358,-20.19,-37.81,0,258.87,-85.25,177.74
52.412777,-1.510686,147.79,10.55,6,68.33,18 / 21,175210,2019-09-06 20:56:00:217,1.743,0.1266,9.8064,0.0049,0.0002,9.8065,0.0162,0.1008,-0.0665,-20,-37.31,0.25,257.4,-85.22,176.04
52.412777,-1.510686,147.79,10.55,6,68.33,18 / 21,175309,2019-09-06 20:56:00:316,1.3399,-0.1043,10.0514,0.0095,0.0125,9.8066,0.0131,0.0161,0.0172,-19.56,-37.87,0.38,255.99,-85.12,175
52.412777,-1.510686,147.79,10.55,6,68.33,18 / 21,175410,2019-09-06 20:56:00:417,2.1773,0.9716,9.5859,0.0142,0.0109,9.8066,0.0207,0.1108,-0.0067,-20.06,-38.19,0.19,255.31,-85.01,174.48
52.412777,-1.510686,147.79,10.55,6,68.33,18 / 21,175510,2019-09-06 20:56:00:517,1.9013,1.6676,9.567,0.0115,-0.0055,9.8066,0.0106,0.0986,0.0754,-20.06,-37.94,0.56,257.47,-84.82,174.21
52.412777,-1.510686,147.79,10.55,6,68.33,18 / 21,175609,2019-09-06 20:56:00:616,1.9315,0.2075,9.8174,0.0182,0,9.8065,-0.0186,0.0855,0.0137,-19.37,-37.31,0.44,256.53,-84.81,176.37
52.412777,-1.510686,147.79,10.55,6,68.33,18 / 21,175710,2019-09-06 20:56:00:717,1.4617,0.1282,9.9181,0.0176,0.0262,9.8066,-0.0183,0.0838,-0.012,-19.31,-38.12,-0.06,256.18,-84.73,176.44
52.412777,-1.510686,147.79,10.55,6,68.33,18 / 21,175810,2019-09-06 20:56:00:817,1.8383,1.4953,9.2289,-0.0165,0.0083,9.8066,0.0261,0.1271,-0.0474,-19.12,-38.5,-0.56,250.75,-84.51,174.12
52.412777,-1.510686,147.79,10.55,6,68.33,18 / 21,175910,2019-09-06 20:56:00:917,1.2356,0.2484,9.512,-0.0181,0.0069,9.8065,0.0109,0.1112,-0.0071,-18.37,-38.44,-0.75,247.8,-84.53,171.65
52.412777,-1.510686,147.79,10.55,6,68.33,18 / 21,176010,2019-09-06 20:56:01:017,1.395,0.4174,9.5253,0.0008,0.0145,9.8066,-0.0807,0.0778,-0.0776,-18.69,-38.69,-0.37,249.43,-84.5,170.01
52.412777,-1.510686,147.79,10.55,6,68.33,18 / 21,176110,2019-09-06 20:56:01:117,1.0313,1.5864,9.8713,0.022,0.0485,9.8065,-0.1607,0.0728,0.0021,-18.5,-38.75,-1.81,238.93,-84.35,165.64
52.412987,-1.509944,147.96,5.76,6,58.71,18 / 21,176209,2019-09-06 20:56:01:216,0.5341,0.903,9.841,-0.0259,-0.0093,9.8065,0.0738,0.0658,-0.0477,-18.37,-38.69,-0.94,241.36,-84.56,164.84
52.412987,-1.509944,147.96,5.76,6,58.71,18 / 21,176309,2019-09-06 20:56:01:316,0.3245,-0.2193,9.7768,-0.016,0.0013,9.8066,-0.0065,0.1216,-0.0649,-17.87,-38.87,-1.06,241.28,-84.59,164.69
52.412987,-1.509944,147.96,5.76,6,58.71,18 / 21,176409,2019-09-06 20:56:01:416,0.3451,0.8006,9.6599,0.0217,0.0134,9.8065,0.1553,0.1147,0.0112,-18.56,-39.56,-1.5,239.64,-84.38,162.8
52.412987,-1.509944,147.96,5.76,6,58.71,18 / 21,176509,2019-09-06 20:56:01:516,1.0558,0.9065,10.1716,0.0281,0.0298,9.8066,0.1281,0.1132,-0.015,-17.5,-38.87,-1.94,234.39,-84,162.15
52.412987,-1.509944,147.96,5.76,6,58.71,18 / 21,176609,2019-09-06 20:56:01:616,0.8222,0.8096,10.2865,0.0168,0.0071,9.8066,-0.0721,0.0662,0.0064,-18.12,-39.62,-1.5,237.68,-84.05,161.98
52.412987,-1.509944,147.96,5.76,6,58.71,18 / 21,176709,2019-09-06 20:56:01:716,0.3081,-0.0593,10.0164,0.0166,0.0115,9.8066,-0.0255,0.153,-0.064,-18.31,-39.81,-1.31,237.65,-84.04,161.96
52.412987,-1.509944,147.96,5.76,6,58.71,18 / 21,176809,2019-09-06 20:56:01:816,0.8577,0.8164,9.7043,-0.0074,-0.0062,9.8066,0.0474,0.1353,0.029,-17.87,-39.06,-1.25,237.21,-83.86,161.51
52.412987,-1.509944,147.96,5.76,6,58.71,18 / 21,176909,2019-09-06 20:56:01:916,0.9858,0.8402,9.8651,-0.0039,0.008,9.8065,0.0886,0.1233,-0.0561,-18,-38.87,-1.19,237.11,-83.88,161.36
52.412987,-1.509944,147.96,5.76,6,58.71,18 / 21,177009,2019-09-06 20:56:02:016,1.0739,0.6327,9.7186,0.0027,0.0257,9.8065,-0.0887,0.0981,-0.0454,-18.12,-38.56,-1.87,233.26,-83.83,160.17
52.412987,-1.509944,147.96,5.76,6,58.71,18 / 21,177110,2019-09-06 20:56:02:117,0.3303,0.7759,9.4735,-0.0036,0.0228,9.8065,-0.1292,0.1141,-0.0104,-17.62,-38.44,-2.75,227.62,-83.69,156.66
52.412987,-1.509944,147.96,5.76,6,58.71,18 / 21,177210,2019-09-06 20:56:02:217,-0.1518,0.2442,9.4299,-0.0318,-0.0084,9.8065,0.1007,0.1137,-0.0694,-18,-38.87,-3.06,226.61,-83.69,155.77
52.412987,-1.509944,147.96,5.76,6,58.71,18 / 21,177309,2019-09-06 20:56:02:316,0.4574,0.1204,9.5374,-0.0353,-0.0116,9.8065,0.1299,0.0935,-0.0144,-18.25,-38.56,-3.5,226.33,-83.64,155.5
52.412987,-1.509944,147.96,5.76,6,58.71,18 / 21,177409,2019-09-06 20:56:02:416,1.3319,0.6306,10.0081,0.0454,0.0305,9.8064,0.0086,0.1482,-0.0557,-16.5,-38.5,-3.81,221.07,-83.69,154.53
52.412987,-1.509944,147.96,5.76,6,58.71,18 / 21,177509,2019-09-06 20:56:02:516,0.8804,0.5946,9.6805,0.0269,0.0351,9.8065,-0.0266,0.1654,-0.066,-17.75,-38.37,-3.94,222.55,-83.06,154.6
52.412987,-1.509944,147.96,5.76,6,58.71,18 / 21,177609,2019-09-06 20:56:02:616,1.1179,1.3507,10.0373,0.0045,-0.0076,9.8066,0.103,0.1117,0.0258,-17.44,-38.69,-4.5,219.92,-82.65,153.53
52.412987,-1.509944,147.96,5.76,6,58.71,18 / 21,177709,2019-09-06 20:56:02:716,1.5803,0.1144,8.8996,0.0142,0.0013,9.8066,-0.0187,0.055,0.0033,-16.62,-39.25,-3.81,221.18,-82.48,155.31
52.412987,-1.509944,147.96,5.76,6,58.71,18 / 21,177810,2019-09-06 20:56:02:817,0.6035,1.0922,9.1981,-0.0156,0.007,9.8066,0.1354,0.0562,-0.0162,-16.87,-39.81,-3.87,220.95,-82.24,155.68
52.412987,-1.509944,147.96,5.76,6,58.71,18 / 21,177910,2019-09-06 20:56:02:917,1.3495,0.5303,9.5043,-0.0185,-0.0014,9.8066,-0.0015,0.162,-0.1076,-16.69,-39.37,-3.75,220.91,-82.1,155.52
52.412987,-1.509944,147.96,5.76,6,58.71,18 / 21,178010,2019-09-06 20:56:03:017,1.1042,-1.1293,9.841,-0.0037,-0.0099,9.8066,-0.0844,0.1711,-0.0515,-16.56,-38.94,-3.75,219.44,-82.17,153.6
52.412987,-1.509944,147.96,5.76,6,58.71,19 / 21,178110,2019-09-06 20:56:03:117,0.5788,0.8057,10.2567,-0.0039,0,9.8065,0.0263,0.09,-0.0649,-16.56,-39.37,-4.31,218.53,-82.28,152.33
52.412987,-1.509944,147.96,5.76,6,58.71,19 / 21,178209,2019-09-06 20:56:03:216,1.4455,1.2598,9.4725,0.0058,0.0089,9.8066,-0.0495,0.0498,0.0002,-16,-39.62,-5,214.18,-82.25,151.73
52.412987,-1.509944,147.96,5.76,6,58.71,19 / 21,178310,2019-09-06 20:56:03:317,1.2503,-0.282,9.2614,0.0109,0.0103,9.8066,-0.0794,0.0625,-0.0386,-15.94,-39.44,-4,217.01,-82.06,152.16
52.412987,-1.509944,147.96,5.76,6,58.71,19 / 21,178409,2019-09-06 20:56:03:416,1.708,0.8353,8.6732,-0.0313,0.015,9.8066,0.061,0.0749,-0.0304,-16,-40.5,-3.94,215.64,-81.82,151.04
52.412987,-1.509944,147.96,5.76,6,58.71,19 / 21,178510,2019-09-06 20:56:03:517,0.884,0.2653,9.1916,-0.0319,-0.0202,9.8065,-0.0081,0.0904,-0.1102,-15.25,-39.94,-4.25,212.96,-81.65,149.39
52.412987,-1.509944,147.96,5.76,6,58.71,19 / 21,178609,2019-09-06 20:56:03:616,1.4297,1.0571,10.1136,0.0015,0.0244,9.8065,-0.078,0.0163,-0.0049,-14.94,-39.62,-4,211.07,-81.84,146.66
52.412987,-1.509944,147.96,5.76,6,58.71,19 / 21,178710,2019-09-06 20:56:03:717,1.6898,-0.1219,10.1676,0.0221,0.0277,9.8065,-0.0648,0.0427,-0.0143,-14.37,-38.94,-3.75,208.85,-81.66,145.37
52.412987,-1.509944,147.96,5.76,6,58.71,19 / 21,178810,2019-09-06 20:56:03:817,0.783,1.076,8.983,-0.0386,-0.0192,9.8065,0.1391,0.0245,-0.0258,-14.44,-38.37,-3.69,209.33,-81.45,145.99
52.412987,-1.509944,147.96,5.76,6,58.71,19 / 21,178910,2019-09-06 20:56:03:917,0.4395,0.02,9.0146,-0.0346,-0.0007,9.8066,-0.017,0.0831,0.0298,-14.19,-37.62,-3.31,211.34,-81.25,145.3
52.412987,-1.509944,147.96,5.76,6,58.71,19 / 21,179010,2019-09-06 20:56:04:017,1.9749,0.643,10.0258,-0.0123,-0.0212,9.8066,0.1772,-0.0257,-0.0597,-14.06,-36.75,-2.12,214.76,-81.01,146.1
52.412987,-1.509944,147.96,5.76,6,58.71,19 / 21,179111,2019-09-06 20:56:04:118,2.3171,-0.7917,11.6867,-0.0662,-0.0126,9.8064,0.1716,0.0204,0.0398,-15.31,-35.31,-1.56,217.14,-81.02,147.05
52.412987,-1.509944,147.96,5.76,6,58.71,19 / 20,179210,2019-09-06 20:56:04:217,1.279,-0.5857,11.2846,0.0726,0.043,9.8062,-0.272,-0.0642,0.0053,-16.31,-34.06,-3.81,211.55,-81.54,144.47
52.412987,-1.509944,147.96,5.76,6,58.71,19 / 20,179310,2019-09-06 20:56:04:317,0.0723,-0.1719,9.578,0.0753,0.0402,9.8062,-0.1258,-0.0286,-0.0919,-16.25,-33.12,-4.87,210.03,-81.02,145.95
52.412987,-1.509944,147.96,5.76,6,58.71,19 / 20,179410,2019-09-06 20:56:04:417,0.0854,-0.3007,9.671,-0.0187,0.001,9.8066,0.0683,-0.019,0.0284,-17,-34.44,-6.37,208.95,-80.85,146.45
52.412987,-1.509944,147.96,5.76,6,58.71,19 / 20,179510,2019-09-06 20:56:04:517,0.5432,0.7197,9.6114,0,-0.0046,9.8065,0.0281,-0.008,-0.0004,-16.06,-35.69,-6.62,205.01,-80.75,146.43
52.412987,-1.509944,147.96,5.76,6,58.71,19 / 20,179610,2019-09-06 20:56:04:617,0.4483,-0.3895,10.0878,-0.0205,0.0023,9.8066,0.0456,0.0151,-0.0287,-16.62,-36.5,-6.06,208.85,-80.68,146.98
52.412987,-1.509944,147.96,5.76,6,58.71,19 / 20,179710,2019-09-06 20:56:04:717,1.1458,0.6285,9.7916,-0.0244,-0.0067,9.8065,0.0635,0.0576,-0.0113,-15.94,-36.44,-5.75,206.99,-80.56,146.27
52.412987,-1.509944,147.96,5.76,6,58.71,19 / 20,179809,2019-09-06 20:56:04:816,1.3424,0.1119,9.6122,0.0181,0.0125,9.8066,0.031,0.0176,-0.0281,-16.12,-36.06,-5.81,206.53,-80.62,145.63
52.412987,-1.509944,147.96,5.76,6,58.71,19 / 20,179909,2019-09-06 20:56:04:916,0.5355,-0.3853,9.8946,0.008,0.0108,9.8066,0.0346,-0.0014,-0.0201,-16.56,-36.94,-7,205.47,-80.39,145.86
52.412987,-1.509944,147.96,5.76,6,58.71,19 / 20,180010,2019-09-06 20:56:05:017,1.1867,-0.0238,9.801,-0.0012,0.0121,9.8066,-0.1028,0.0142,-0.0048,-15.37,-37.37,-7.31,202.54,-80.28,145.61
52.412987,-1.509944,147.96,5.76,6,58.71,18 / 20,180110,2019-09-06 20:56:05:117,0.1373,-0.5849,9.4892,0.0137,0.0078,9.8066,-0.0914,0.0136,-0.0109,-15.12,-38.87,-7.06,201.99,-80.1,145.45
52.412987,-1.509944,147.96,5.76,6,58.71,18 / 20,180210,2019-09-06 20:56:05:217,0.749,0.3395,9.1766,0.0023,-0.0073,9.8066,0.0546,-0.0418,0.0539,-14.87,-38.94,-7.44,202.2,-80.02,145.81
52.412987,-1.509944,147.96,5.76,6,58.71,18 / 20,180310,2019-09-06 20:56:05:317,1.1668,0.0547,10.0339,0.0185,0.0124,9.8066,-0.0043,-0.0631,0.0964,-14.25,-38.81,-6.75,201.33,-80.02,146.65
52.412987,-1.509944,147.96,5.76,6,58.71,18 / 20,180410,2019-09-06 20:56:05:417,2.9394,-0.3092,9.9176,-0.0023,-0.0051,9.8066,0.0912,0.0131,-0.0027,-14.25,-40.62,-5.81,204.06,-79.84,148.12
52.412987,-1.509944,147.96,5.76,6,58.71,18 / 20,180509,2019-09-06 20:56:05:516,1.0866,0.7942,9.6109,-0.0151,-0.0201,9.8066,0.0807,0.0078,0.0246,-13.62,-39.69,-5.5,206.59,-79.9,148.12
52.412987,-1.509944,147.96,5.76,6,58.71,18 / 20,180609,2019-09-06 20:56:05:616,1.9702,-0.2336,9.5174,-0.0096,0.0089,9.8065,-0.0733,0.0226,-0.0153,-14.12,-39.5,-5.75,204.73,-79.98,148.37
52.412987,-1.509944,147.96,5.76,6,58.71,18 / 20,180709,2019-09-06 20:56:05:716,1.2644,0.0452,9.8056,-0.0161,-0.0058,9.8066,0.047,-0.0256,-0.0034,-13.44,-40,-6,202.37,-80.03,147.47
52.412987,-1.509944,147.96,5.76,6,58.71,18 / 20,180809,2019-09-06 20:56:05:816,1.3157,-0.0022,9.5786,-0.0057,0.0037,9.8066,-0.0909,-0.0337,-0.0186,-13.37,-39.44,-6,202.43,-80.08,147.24
52.412987,-1.509944,147.96,5.76,6,58.71,18 / 20,180909,2019-09-06 20:56:05:916,-1.0505,2.3604,7.6782,-0.0224,-0.0215,9.8065,-0.2299,0.1035,0.0362,-13.69,-39.81,-6.69,201.31,-80,146.87
52.412987,-1.509944,147.96,5.76,6,58.71,18 / 20,181009,2019-09-06 20:56:06:016,1.2539,-2.6376,8.9995,0.0004,-0.0093,9.8066,0.4853,0.0761,-0.1646,-13.69,-40.81,-6.37,204.23,-80.19,147.99
52.412987,-1.509944,147.96,5.76,6,58.71,18 / 20,181111,2019-09-06 20:56:06:118,1.1484,0.1537,10.3072,-0.043,-0.0426,9.8065,0.377,0.051,-0.0575,-13.44,-42,-5.31,204.39,-80.16,147.43
52.412987,-1.509944,147.96,5.76,6,58.71,18 / 20,181209,2019-09-06 20:56:06:216,1.2503,1.442,9.5811,0.1124,0.0964,9.8055,-0.3579,0.0985,0.0466,-13.44,-41.5,-5.12,204.38,-80.13,147.16
52.412987,-1.509944,147.96,5.76,6,58.71,18 / 20,181309,2019-09-06 20:56:06:316,0.5283,-1.0184,10.0263,0.2152,0.1004,9.8037,-0.5805,0.004,0.1886,-14,-41.19,-3.75,210.57,-78.88,152.15
52.412987,-1.509944,147.96,5.76,6,58.71,18 / 20,181409,2019-09-06 20:56:06:416,2.2147,-0.0811,8.8688,-0.1004,-0.0884,9.8057,-0.5595,-0.0132,0.2212,-14.81,-40.69,-3.56,212.53,-78.93,152.89
52.412987,-1.509944,147.96,5.76,6,58.71,18 / 20,181510,2019-09-06 20:56:06:517,2.1856,1.275,10.0268,-0.044,-0.0344,9.8065,0.2592,0.0781,0.0284,-15,-40.31,-3.12,215.71,-79.07,153.45
52.412987,-1.509944,147.96,5.76,6,58.71,18 / 20,181609,2019-09-06 20:56:06:616,0.7347,-0.7486,10.6643,0.0344,0.0111,9.8066,0.336,-0.0175,0.0464,-14.62,-39.62,-2.31,217.59,-79.48,151.95
52.412987,-1.509944,147.96,5.76,6,58.71,18 / 20,181709,2019-09-06 20:56:06:716,2.2446,-0.1885,10.1217,0.0049,0.0052,9.8065,-0.2322,-0.0802,0.0379,-14.75,-39.37,-2.62,215.59,-79.5,152.22
52.412987,-1.509944,147.96,5.76,6,58.71,18 / 20,181809,2019-09-06 20:56:06:816,0.6385,-1.5236,9.5648,0.0043,-0.0216,9.8066,-0.1011,-0.1091,0.0272,-14.5,-38.87,-3.12,214.53,-79.61,152.44
52.412987,-1.509944,147.96,5.76,6,58.71,18 / 20,181909,2019-09-06 20:56:06:916,0.6581,-1.65,9.0642,-0.0066,-0.0067,9.8066,0.0669,-0.0297,0.0171,-15,-38.75,-3.25,216.51,-79.73,153.16
52.412987,-1.509944,147.96,5.76,6,58.71,18 / 20,182009,2019-09-06 20:56:07:016,1.359,-1.0108,9.7049,-0.0039,-0.0102,9.8066,-0.0066,-0.1067,0.0816,-14.44,-38.81,-3.44,215.88,-79.94,153.84
52.412987,-1.509944,147.96,5.76,6,58.71,19 / 21,182110,2019-09-06 20:56:07:117,0.8445,-1.8379,10.1696,0.0026,-0.0003,9.8066,-0.0533,-0.0833,0.0045,-15.12,-38.87,-3.56,214.69,-80.05,153.59
52.412987,-1.509944,147.96,5.76,6,58.71,19 / 21,182209,2019-09-06 20:56:07:216,1.0665,-1.3172,9.8739,-0.0073,-0.011,9.8066,-0.0534,-0.1271,0.0598,-14.37,-38.19,-3.81,214.15,-80.03,154.45
52.412987,-1.509944,147.96,5.76,6,58.71,19 / 21,182309,2019-09-06 20:56:07:316,1.2516,-1.7983,9.5138,0.0083,-0.0039,9.8066,0.0618,-0.1018,0.0106,-15.44,-38.87,-3,218.24,-79.92,155.25
52.412987,-1.509944,147.96,5.76,6,58.71,19 / 21,182410,2019-09-06 20:56:07:417,2.334,-0.7655,9.5487,-0.0012,-0.0063,9.8066,0.0489,-0.1352,0.0317,-15.44,-38.87,-3,218.6,-79.71,156.07
52.412987,-1.509944,147.96,5.76,6,58.71,19 / 21,182509,2019-09-06 20:56:07:516,1.3651,-0.4888,9.7435,0.0051,-0.0097,9.8066,-0.0942,-0.2132,0.0903,-15.87,-39.44,-3.06,220.05,-79.76,156.24
52.412987,-1.509944,147.96,5.76,6,58.71,19 / 21,182610,2019-09-06 20:56:07:617,1.0301,-1.5425,9.9922,-0.0171,-0.0254,9.8066,-0.0251,-0.1527,0.0209,-16.56,-38.81,-2.81,222.02,-79.97,156.97
52.412987,-1.509944,147.96,5.76,6,58.71,19 / 21,182710,2019-09-06 20:56:07:717,0.7835,-0.5361,9.5053,0.0226,-0.0099,9.8066,-0.1269,-0.1882,0.0863,-17.06,-38.75,-2.75,223.41,-80.09,158.59
52.412987,-1.509944,147.96,5.76,6,58.71,19 / 21,182809,2019-09-06 20:56:07:816,1.4853,-1.4572,9.4971,-0.0079,-0.0153,9.8065,-0.0232,-0.1756,0.0672,-17.5,-39.06,-2,225.77,-79.86,158.86
52.412987,-1.509944,147.96,5.76,6,58.71,19 / 21,182910,2019-09-06 20:56:07:917,1.1592,-1.1942,9.3226,0.0087,-0.0082,9.8066,0.0625,-0.2121,0.0644,-16.94,-38.87,-0.75,229.19,-79.78,160.19
52.412987,-1.509944,147.96,5.76,6,58.71,19 / 21,183009,2019-09-06 20:56:08:016,0.3837,-1.5384,9.3702,-0.0134,-0.0138,9.8066,0.0188,-0.1573,0.028,-17,-38.75,-0.44,232.43,-79.71,161.14
52.412987,-1.509944,147.96,5.76,6,58.71,19 / 21,183109,2019-09-06 20:56:08:116,1.5685,-2.2674,9.4669,-0.0302,-0.0132,9.8065,-0.0528,-0.1598,-0.0116,-16.87,-38.69,-0.44,232.98,-79.96,161.36
52.412987,-1.509944,147.96,5.76,6,58.71,19 / 21,183210,2019-09-06 20:56:08:217,0.5866,-1.8253,9.7764,0.0042,0.0013,9.8066,0.0316,-0.2291,0.0702,-18.12,-39.12,-0.75,231.4,-80.16,161.13
52.412987,-1.509944,147.96,5.76,6,58.71,19 / 21,183309,2019-09-06 20:56:08:316,0.8434,-1.8968,9.6128,-0.0137,0.0051,9.8066,0.0099,-0.2133,0.0419,-17.56,-38.87,-0.44,233.51,-80.23,160.47
52.412987,-1.509944,147.96,5.76,6,58.71,19 / 21,183410,2019-09-06 20:56:08:417,0.3214,-1.7815,9.5269,-0.0111,-0.0086,9.8066,-0.0046,-0.1758,0.0574,-18.12,-39,0,234.09,-80.2,161.24
52.412987,-1.509944,147.96,5.76,6,58.71,19 / 21,183509,2019-09-06 20:56:08:516,0.2693,-1.1123,9.2303,-0.017,0,9.8065,-0.0001,-0.2281,0.0555,-18.25,-38.44,0.19,234.74,-80.18,161.61
52.412987,-1.509944,147.96,5.76,6,58.71,19 / 21,183609,2019-09-06 20:56:08:616,-0.0798,-1.7434,9.0178,-0.0319,-0.0185,9.8065,-0.1229,-0.1795,0.0456,-17.81,-38.31,0.75,238.22,-80.21,162.6
52.412987,-1.509944,147.96,5.76,6,58.71,19 / 21,183709,2019-09-06 20:56:08:716,-0.1654,-2.4217,9.2229,-0.057,-0.0135,9.8064,0.1231,-0.2113,0.0234,-19.19,-38.31,0.19,236.73,-80.57,162.43
52.412987,-1.509944,147.96,5.76,6,58.71,19 / 21,183810,2019-09-06 20:56:08:817,-0.0285,-0.7314,9.6199,0.0013,0.0039,9.8066,0.0309,-0.1884,0.0009,-18.69,-37.81,0.75,239.8,-80.68,162.86
52.412987,-1.509944,147.96,5.76,6,58.71,19 / 21,183910,2019-09-06 20:56:08:917,0.3464,-1.7594,9.628,0.0044,-0.0121,9.8066,0.012,-0.1957,0.0281,-19.06,-38.12,1.13,240.73,-80.82,163.7
52.412987,-1.509944,147.96,5.76,6,58.71,19 / 21,184010,2019-09-06 20:56:09:017,1.2135,-1.0558,9.3102,-0.0144,0.0045,9.8066,-0.0793,-0.1662,0.0715,-19.06,-37.69,1.63,244.02,-80.93,164.27
52.412987,-1.509944,147.96,5.76,6,58.71,20 / 21,184110,2019-09-06 20:56:09:117,0.4282,-1.5177,9.5442,0.0236,-0.0037,9.8066,0.072,-0.2804,0.0867,-19.06,-38.44,1.63,244.01,-81.04,164.04
52.412987,-1.509944,147.96,5.76,6,58.71,20 / 21,184210,2019-09-06 20:56:09:217,0.17,-0.5284,9.301,-0.0383,-0.0226,9.8065,-0.0531,-0.1434,0.0027,-19.75,-37.69,2.31,244.64,-80.95,164.4
52.412987,-1.509944,147.96,5.76,6,58.71,20 / 21,184309,2019-09-06 20:56:09:316,-0.0545,-2.5774,10.1089,-0.0358,-0.0227,9.8065,0.0593,-0.1454,0.0692,-19.19,-37.62,2.81,249.13,-81.26,166.4
52.412987,-1.509944,147.96,5.76,6,58.71,20 / 21,184410,2019-09-06 20:56:09:417,0.512,-2.8229,10.4624,0.0265,0.0107,9.8065,0.0662,-0.196,0.0076,-20.12,-37.37,2.63,250.45,-81.29,167
52.412987,-1.509944,147.96,5.76,6,58.71,20 / 21,184510,2019-09-06 20:56:09:517,-0.8251,-1.4482,9.7763,0.0337,0.0149,9.8065,-0.0176,-0.2159,-0.0104,-19.44,-37.94,3.63,251.32,-81.02,166.22
52.412987,-1.509944,147.96,5.76,6,58.71,20 / 21,184609,2019-09-06 20:56:09:616,1.9672,-1.0953,9.8167,0.0083,-0.0069,9.8066,0.0555,-0.1913,0.0638,-19.56,-37.62,3.44,248.82,-80.98,166.17
52.412987,-1.509944,147.96,5.76,6,58.71,20 / 21,184710,2019-09-06 20:56:09:717,0.7495,-1.5563,9.9841,0.0298,-0.0092,9.8066,-0.0179,-0.2403,0.113,-20,-37.69,4.56,254.84,-81.01,166.97
52.412987,-1.509944,147.96,5.76,6,58.71,20 / 21,184810,2019-09-06 20:56:09:817,0.2527,-1.5361,9.2896,-0.0411,-0.0082,9.8065,-0.1156,-0.2216,0.045,-19.69,-37.81,4.88,255.5,-80.82,168.04
52.412987,-1.509944,147.96,5.76,6,58.71,20 / 21,184910,2019-09-06 20:56:09:917,0.297,-3.3219,10.9654,-0.0288,-0.0042,9.8065,-0.0027,-0.2147,0.0096,-20.19,-37.56,5.63,259.02,-81.07,168.49
52.412987,-1.509944,147.96,5.76,6,58.71,20 / 21,185010,2019-09-06 20:56:10:017,0.1399,-2.0824,10.3401,0.0834,-0.0005,9.8063,0.1863,-0.1154,-0.1292,-20.06,-36.94,6.06,259.06,-81.35,167.58
52.413364,-1.509239,148.33,7.54,4,78.71,19 / 21,185110,2019-09-06 20:56:10:117,0.272,-1.9832,10.2502,0.0696,-0.0117,9.8063,0.2732,-0.1926,0.0113,-19.69,-37.31,6.13,260.59,-81.45,169.01
52.413364,-1.509239,148.33,7.54,4,78.71,19 / 21,185210,2019-09-06 20:56:10:217,-0.0309,-2.3975,9.7729,-0.0474,-0.0113,9.8064,-0.1924,-0.301,0.0466,-20.37,-36.87,7.5,267.37,-81.24,170.87
52.413364,-1.509239,148.33,7.54,4,78.71,19 / 21,185310,2019-09-06 20:56:10:317,-3.8783,-1.5833,8.8468,-0.0526,0.0014,9.8064,-0.0558,-0.1992,0.0713,-20.31,-36.75,6.63,265.64,-81.51,171.36
52.413364,-1.509239,148.33,7.54,4,78.71,19 / 21,185409,2019-09-06 20:56:10:416,-0.023,-0.2533,9.4681,-0.0161,-0.0309,9.8065,0.2355,-0.1587,0.0046,-20.31,-36,6.88,266.89,-81.75,171.81
52.413364,-1.509239,148.33,7.54,4,78.71,19 / 21,185510,2019-09-06 20:56:10:517,0.7455,-2.2823,9.6695,-0.029,-0.0016,9.8065,0.1705,-0.252,0.0186,-20.31,-37.06,7.63,271.43,-81.74,174.09
52.413364,-1.509239,148.33,7.54,4,78.71,19 / 21,185610,2019-09-06 20:56:10:617,0.4076,-2.1641,9.8719,0.0169,-0.0176,9.8066,-0.1526,-0.2494,0.0149,-21.06,-36.69,8.44,271.44,-81.66,174.56
52.413364,-1.509239,148.33,7.54,4,78.71,19 / 21,185709,2019-09-06 20:56:10:716,0.2496,-0.7537,9.5026,0.0181,-0.0228,9.8065,-0.1445,-0.2003,0.0293,-21,-34.81,9.44,276.91,-81.72,176.57
52.413364,-1.509239,148.33,7.54,4,78.71,19 / 21,185809,2019-09-06 20:56:10:816,-0.0119,-2.3831,9.9849,-0.0332,-0.009,9.8066,-0.1003,-0.1842,0.0699,-20.94,-34.44,9.13,279.31,-82,178.11
52.413364,-1.509239,148.33,7.54,4,78.71,19 / 21,185909,2019-09-06 20:56:10:916,-0.9239,-1.1868,10.1953,-0.0106,-0.0051,9.8066,-0.0071,-0.2449,0.1074,-20.5,-32.5,9,281.85,-82.3,178.86
52.413364,-1.509239,148.33,7.54,4,78.71,19 / 21,186010,2019-09-06 20:56:11:017,-0.3488,-2.0295,10.2377,0,-0.0158,9.8066,0.0621,-0.2275,-0.0392,-20.56,-33.06,8.06,279.61,-82.38,-180
52.413364,-1.509239,148.33,7.54,4,78.71,19 / 20,186110,2019-09-06 20:56:11:117,-0.2187,-1.8633,10.0534,-0.012,-0.008,9.8066,0.0938,-0.2334,0.0315,-20.81,-33.06,7.06,278.09,-82.26,-178.7
52.413364,-1.509239,148.33,7.54,4,78.71,19 / 20,186210,2019-09-06 20:56:11:217,1.4209,-0.9419,9.7498,0.0468,-0.0194,9.8064,-0.0581,-0.2645,0.1356,-22.56,-34,5.69,275.12,-82.14,-178.11
52.413364,-1.509239,148.33,7.54,4,78.71,19 / 20,186309,2019-09-06 20:56:11:316,0.7045,-1.7206,8.8025,0.0376,-0.0121,9.8065,-0.1283,-0.2235,0.0828,-24.87,-38.25,5.44,273.26,-81.85,-175.71
52.413364,-1.509239,148.33,7.54,4,78.71,19 / 20,186409,2019-09-06 20:56:11:416,-1.3794,-1.8077,9.5586,-0.086,0.0063,9.8063,0.1149,-0.2287,0.0247,-25.69,-40.69,8.31,280.46,-81.9,-174.37
52.413364,-1.509239,148.33,7.54,4,78.71,19 / 20,186510,2019-09-06 20:56:11:517,-1.0375,-1.2427,9.8572,-0.0604,0.023,9.8063,0.0388,-0.2882,0.0489,-24.12,-41.75,10.5,288.33,-82.27,-174.32
52.413364,-1.509239,148.33,7.54,4,78.71,19 / 20,186610,2019-09-06 20:56:11:617,-0.0585,-1.2347,10.2687,0.013,0.0008,9.8066,0.0049,-0.1722,-0.0497,-21.62,-39.44,12.81,296.14,-82.73,-174.21
52.413364,-1.509239,148.33,7.54,4,78.71,19 / 20,186710,2019-09-06 20:56:11:717,0.4313,-1.6269,10.3899,0.023,-0.0209,9.8065,0.1169,-0.2451,0.0498,-21,-38.25,14.13,299.27,-82.52,-174.3
52.413364,-1.509239,148.33,7.54,4,78.71,19 / 20,186810,2019-09-06 20:56:11:817,0.9772,-1.1744,10.0354,0.0342,-0.002,9.8065,-0.088,-0.2006,0.0834,-20.56,-37.37,13.94,299.84,-82.34,-173.81
52.413364,-1.509239,148.33,7.54,4,78.71,19 / 20,186909,2019-09-06 20:56:11:916,-0.8773,-1.874,9.5845,0.0418,-0.021,9.8065,-0.1973,-0.2096,0.0157,-20.5,-35.5,13.69,300.33,-81.94,-174.35
52.413364,-1.509239,148.33,7.54,4,78.71,19 / 20,187009,2019-09-06 20:56:12:016,-0.4398,-1.0837,9.6564,-0.0411,0.0213,9.8065,0.2142,-0.2348,0.0508,-20.75,-35.25,14.5,300.73,-81.9,-175.03
52.413364,-1.509239,148.33,7.54,4,78.71,19 / 21,187110,2019-09-06 20:56:12:117,-0.6955,-2.2127,9.2389,-0.0571,0.01,9.8065,0.1564,-0.1561,0.0194,-20.69,-34.62,14.44,298.33,-81.86,-175.09
52.413364,-1.509239,148.33,7.54,4,78.71,19 / 21,187209,2019-09-06 20:56:12:216,1.8096,-1.3692,9.6485,0.021,-0.0093,9.8066,-0.0459,-0.1955,0.0584,-21.25,-34.06,13.88,300.26,-82.04,-173.85
52.413364,-1.509239,148.33,7.54,4,78.71,19 / 21,187310,2019-09-06 20:56:12:317,0.3961,-1.973,10.2196,0.055,-0.0284,9.8064,-0.0731,-0.1712,0.1079,-21,-33.81,14.25,300.32,-81.75,-173.44
52.413364,-1.509239,148.33,7.54,4,78.71,19 / 21,187410,2019-09-06 20:56:12:417,0.8067,-2.0669,9.9501,-0.028,-0.0078,9.8066,-0.0086,-0.1307,-0.0578,-20.56,-34.37,13.63,301.51,-81.73,-172.34
52.413364,-1.509239,148.33,7.54,4,78.71,19 / 21,187510,2019-09-06 20:56:12:517,1.027,-2.3165,9.2793,-0.0014,-0.0089,9.8066,-0.0166,-0.2191,0.1305,-20.37,-35.12,13.88,303.14,-81.66,-171.46
52.413364,-1.509239,148.33,7.54,4,78.71,19 / 21,187610,2019-09-06 20:56:12:617,-0.679,-2.2462,9.8671,-0.0095,-0.018,9.8066,0.0693,-0.2585,0.0094,-19.81,-35.44,14.19,304.23,-81.48,-170.27
52.413364,-1.509239,148.33,7.54,4,78.71,19 / 21,187710,2019-09-06 20:56:12:717,-0.6008,-2.9729,10.2153,-0.0047,0.0111,9.8066,0.0448,-0.254,0.0153,-20.12,-36,15.69,309.53,-81.38,-169.39
52.413364,-1.509239,148.33,7.54,4,78.71,19 / 21,187809,2019-09-06 20:56:12:816,-0.5937,-0.9401,10.0355,-0.0095,-0.0176,9.8066,0.1119,-0.223,0.0474,-19.81,-35.69,16.56,311.02,-81.46,-170.13
52.413364,-1.509239,148.33,7.54,4,78.71,19 / 21,187909,2019-09-06 20:56:12:916,1.1067,-1.867,9.8496,-0.0212,-0.0112,9.8065,0.1715,-0.17,0.0434,-21.12,-34.69,18.13,315.02,-81.45,-167.57
52.413364,-1.509239,148.33,7.54,4,78.71,19 / 21,188014,2019-09-06 20:56:13:021,-0.1568,-3.3398,10.4308,0.0108,-0.0329,9.8065,-0.1367,-0.2062,0.0001,-20.69,-32.62,18.38,316.24,-81.43,-166.95
52.413364,-1.509239,148.33,7.54,4,78.71,19 / 20,188110,2019-09-06 20:56:13:117,-0.3512,-1.173,9.5427,0.026,-0.0188,9.8065,-0.1994,-0.2535,-0.0374,-20.75,-31.94,16.81,315.82,-81.46,-165.77
52.413364,-1.509239,148.33,7.54,4,78.71,19 / 20,188210,2019-09-06 20:56:13:217,-0.7767,-0.3937,9.8424,-0.0421,0.0084,9.8065,0.1444,-0.2835,0.1295,-21,-33.75,15.69,312.9,-81.32,-165.84
52.413364,-1.509239,148.33,7.54,4,78.71,19 / 20,188309,2019-09-06 20:56:13:316,-1.4259,-1.8986,9.7433,-0.0287,0.0013,9.8066,0.1154,-0.2123,0.0524,-21.37,-34.81,16,315.26,-81.41,-163.66
52.413364,-1.509239,148.33,7.54,4,78.71,19 / 20,188410,2019-09-06 20:56:13:417,-0.5635,-1.7307,9.7396,0.0028,-0.006,9.8066,-0.037,-0.1946,-0.0026,-20.56,-35.87,16.94,317.13,-81.22,-163.52
52.413364,-1.509239,148.33,7.54,4,78.71,19 / 20,188510,2019-09-06 20:56:13:517,-0.7469,-2.4013,10.4421,-0.013,0.006,9.8066,0.0532,-0.2967,0.1068,-19.25,-34.94,18.63,324.64,-81.19,-163.38
52.413364,-1.509239,148.33,7.54,4,78.71,19 / 20,188610,2019-09-06 20:56:13:617,-0.121,-2.4907,10.6073,0.0369,-0.0294,9.8065,-0.1887,-0.1986,0.039,-19,-35.75,19,325.17,-81.25,-162.81
52.413364,-1.509239,148.33,7.54,4,78.71,19 / 20,188710,2019-09-06 20:56:13:717,-0.4888,-0.8823,9.3705,0.0371,-0.0434,9.8064,-0.1567,-0.233,0.0656,-17.87,-34.81,18.81,327.61,-81.29,-162.39
52.413364,-1.509239,148.33,7.54,4,78.71,19 / 20,188809,2019-09-06 20:56:13:816,-1.4507,-1.6376,9.3999,-0.0478,-0.005,9.8065,-0.0465,-0.2236,0.0912,-16.81,-35.56,19.75,332.58,-80.88,-161
52.413364,-1.509239,148.33,7.54,4,78.71,19 / 20,188909,2019-09-06 20:56:13:916,-1.2009,0.0537,9.4914,-0.0358,0.0107,9.8065,0.0591,-0.2541,0.0746,-15.81,-34.69,19.88,338.47,-80.87,-158.05
52.413364,-1.509239,148.33,7.54,4,78.71,19 / 20,189009,2019-09-06 20:56:14:016,-1.2817,-2.0557,10.8543,-0.0027,-0.0232,9.8065,0.2483,-0.2587,0.0061,-15.87,-34.19,20.63,341.42,-80.76,-157.27
52.413364,-1.509239,148.33,7.54,4,78.71,19 / 20,189110,2019-09-06 20:56:14:117,0.8039,-3.3327,8.5077,-0.0381,0.0788,9.8062,0.2053,-0.401,0.0929,-16.94,-35.19,20.56,340.05,-81.11,-156.82
52.413364,-1.509239,148.33,7.54,4,78.71,19 / 20,189209,2019-09-06 20:56:14:216,-0.2537,-4.8341,11.4321,0.0449,-0.0733,9.8063,-0.4922,-0.0931,0.0029,-18.56,-36,19.5,336.48,-81.42,-155.29
52.413364,-1.509239,148.33,7.54,4,78.71,19 / 20,189310,2019-09-06 20:56:14:317,-1.0212,-2.6412,12.3173,0.0419,-0.0709,9.8063,-0.0616,-0.2147,0.0134,-18.69,-35.87,21.31,341.68,-81.69,-152.69
52.413364,-1.509239,148.33,7.54,4,78.71,19 / 20,189410,2019-09-06 20:56:14:417,-3.0975,0.1885,11.1016,0.0476,-0.0244,9.8065,0.0116,0.0169,0.0025,-18.37,-35.94,21.69,343.55,-81.55,-153.97
52.413364,-1.509239,148.33,7.54,4,78.71,19 / 20,189510,2019-09-06 20:56:14:517,0.4546,1.2754,9.7022,0.0459,-0.0597,9.8063,0.043,-0.0937,0.1484,-17.37,-34.94,23.13,342,-80.73,-157.81
52.413364,-1.509239,148.33,7.54,4,78.71,19 / 20,189610,2019-09-06 20:56:14:617,-0.5971,-2.2244,9.7083,-0.0099,0.0021,9.8066,-0.0687,-0.2232,-0.0486,-17.56,-33.37,23.88,341.94,-80.14,-157.59
52.413364,-1.509239,148.33,7.54,4,78.71,19 / 20,189709,2019-09-06 20:56:14:716,-0.5583,-0.9882,10.1955,-0.0202,0.0428,9.8065,-0.0748,-0.1607,-0.0417,-17,-31.5,23,343.01,-80.43,-157.27
52.413364,-1.509239,148.33,7.54,4,78.71,19 / 20,189809,2019-09-06 20:56:14:816,-0.7486,-1.2205,10.0107,0.0118,-0.0006,9.8066,-0.0639,-0.2101,0.0362,-16.81,-32.19,22.25,341.16,-80.78,-157.5
52.413364,-1.509239,148.33,7.54,4,78.71,19 / 20,189909,2019-09-06 20:56:14:916,0.9494,-0.6617,9.874,0.0117,-0.0018,9.8066,0.0132,-0.1098,0.0019,-16.31,-32.12,21.25,341.33,-80.84,-157.6
52.413364,-1.509239,148.33,7.54,4,78.71,19 / 20,190009,2019-09-06 20:56:15:016,-0.0031,-1.1108,9.7565,0.0145,-0.0234,9.8065,-0.0287,-0.1329,0.0302,-15.94,-32.12,21.25,340.32,-80.79,-158.39
52.413364,-1.509239,148.33,7.54,4,78.71,19 / 20,190109,2019-09-06 20:56:15:116,0.6373,-2.306,9.9605,0.0302,-0.0466,9.8065,-0.1407,-0.1251,-0.0176,-15.5,-32.37,22.13,343.43,-80.4,-158.78
52.413364,-1.509239,148.33,7.54,4,78.71,19 / 20,190209,2019-09-06 20:56:15:216,0.2628,-1.2893,9.4111,-0.0207,0.0408,9.8065,0.0272,-0.097,0.0081,-14.87,-32,23,344.71,-80.44,-159.05
52.413364,-1.509239,148.33,7.54,4,78.71,19 / 20,190310,2019-09-06 20:56:15:317,-0.514,-0.9446,9.3259,-0.013,0.0274,9.8066,-0.0293,-0.1356,0.0838,-15.25,-32.19,22.56,344.81,-80.74,-159.07
52.413364,-1.509239,148.33,7.54,4,78.71,19 / 20,190410,2019-09-06 20:56:15:417,0.3743,-0.3414,9.7038,-0.0123,0.0069,9.8066,0.0966,-0.1063,0.028,-15.69,-31.75,21.81,341.59,-80.65,-158.69
52.413364,-1.509239,148.33,7.54,4,78.71,19 / 20,190509,2019-09-06 20:56:15:516,0.7708,-1.2755,10.3097,-0.003,0.0019,9.8066,0.0632,-0.0721,0.0838,-16.37,-31.94,22,341.94,-80.62,-158.4
52.413364,-1.509239,148.33,7.54,4,78.71,19 / 20,190609,2019-09-06 20:56:15:616,-0.3098,-2.3558,10.1988,0.0085,-0.051,9.8064,-0.1661,-0.0637,-0.0954,-15.87,-33.19,22.19,342.62,-80.64,-157.75
52.413364,-1.509239,148.33,7.54,4,78.71,19 / 20,190709,2019-09-06 20:56:15:716,-0.7673,-0.6511,10.1081,0.018,-0.0199,9.8066,-0.0983,-0.1588,0.0664,-15.75,-33.37,22.63,344.59,-80.32,-157.36
52.413364,-1.509239,148.33,7.54,4,78.71,19 / 20,190809,2019-09-06 20:56:15:816,-0.6172,0.3066,10.5953,-0.0359,0.024,9.8065,0.2217,-0.1319,0.0849,-15.06,-32.75,22.69,347.19,-80.23,-156.92
52.413364,-1.509239,148.33,7.54,4,78.71,19 / 20,190909,2019-09-06 20:56:15:916,1.2305,-1.3285,9.8364,-0.0375,0.0268,9.8065,0.1271,-0.056,-0.0106,-15.56,-31.69,23.19,347.75,-80.31,-154.92
52.413364,-1.509239,148.33,7.54,4,78.71,19 / 20,191010,2019-09-06 20:56:16:017,-0.2809,-0.7505,10.0392,0.0003,-0.0353,9.8065,-0.0943,-0.0462,0.0424,-15.5,-32,23.69,351.95,-80.23,-154.39
52.413364,-1.509239,148.33,7.54,4,78.71,19 / 20,191109,2019-09-06 20:56:16:116,-0.4361,-1.6184,9.9894,-0.0125,-0.0363,9.8066,0.0341,-0.1397,0.11,-15.19,-31.25,22.81,351.81,-80.05,-153.37
52.413364,-1.509239,148.33,7.54,4,78.71,19 / 20,191210,2019-09-06 20:56:16:217,0.5263,-0.6643,9.8962,0.0043,-0.0246,9.8066,-0.022,-0.1113,0.0136,-15,-32.81,21.88,351.32,-79.9,-152.38
52.413364,-1.509239,148.33,7.54,4,78.71,19 / 20,191310,2019-09-06 20:56:16:317,-0.2637,-0.4617,9.8283,0.0021,-0.0106,9.8066,0.0555,-0.1281,0.0043,-14.81,-33,22.31,351.6,-79.64,-152.11
52.413364,-1.509239,148.33,7.54,4,78.71,19 / 20,191409,2019-09-06 20:56:16:416,0.1634,-1.5506,10.1551,0.0032,-0.0117,9.8065,-0.0367,-0.0471,0.0577,-15,-33.5,22.19,350.88,-79.38,-152.61
52.413364,-1.509239,148.33,7.54,4,78.71,19 / 20,191510,2019-09-06 20:56:16:517,0.8744,0.0011,9.5468,0.0044,0.0049,9.8066,-0.0625,-0.0531,-0.0159,-15.31,-33.12,23.88,353.46,-79.13,-152.98
52.413364,-1.509239,148.33,7.54,4,78.71,19 / 20,191610,2019-09-06 20:56:16:617,0.0688,-0.4935,9.5657,-0.0119,0.0092,9.8065,0.044,-0.0985,0.0379,-14.81,-32.75,24.19,353.43,-79.09,-153
52.413364,-1.509239,148.33,7.54,4,78.71,19 / 20,191709,2019-09-06 20:56:16:716,0.9799,-0.4163,9.8086,-0.0089,-0.0011,9.8066,-0.0494,-0.0293,0.0157,-15.06,-32.37,24.19,353.57,-79.1,-152.94
52.413364,-1.509239,148.33,7.54,4,78.71,19 / 20,191809,2019-09-06 20:56:16:816,0.1677,-0.104,9.7923,-0.0024,-0.0038,9.8065,0.0631,-0.1038,0.0449,-15.12,-30.87,24.19,354.64,-79.14,-152.16
52.413364,-1.509239,148.33,7.54,4,78.71,19 / 20,191910,2019-09-06 20:56:16:917,-0.6301,-0.6485,10.5388,0.014,-0.022,9.8066,0.0901,-0.0638,-0.0373,-14.81,-30.87,23.56,354.75,-79.02,-152.05
52.413364,-1.509239,148.33,7.54,4,78.71,19 / 20,192010,2019-09-06 20:56:17:017,0.0169,-0.2024,10.6417,0.025,-0.0361,9.8065,0.0243,-0.0086,-0.0762,-14.06,-31.37,24,355.31,-78.59,-153.3
52.413364,-1.509239,148.33,7.54,4,78.71,19 / 20,192110,2019-09-06 20:56:17:117,0.3511,-1.9341,10.7447,0.0255,-0.03,9.8065,0.061,-0.0967,0.0355,-14.69,-31.56,24.25,351.87,-78.36,-154.11
52.413364,-1.509239,148.33,7.54,4,78.71,19 / 20,192210,2019-09-06 20:56:17:217,0.8716,-0.5743,10.1645,0.035,-0.0417,9.8064,-0.0611,-0.0577,0.0124,-14,-31.75,25.06,354.45,-78.26,-154.92
52.413364,-1.509239,148.33,7.54,4,78.71,19 / 20,192309,2019-09-06 20:56:17:316,-0.6052,-0.569,10.003,-0.0064,0.033,9.8065,-0.0053,-0.1154,0.036,-14.87,-30.87,25.44,350.78,-77.96,-156.02
52.413364,-1.509239,148.33,7.54,4,78.71,19 / 20,192410,2019-09-06 20:56:17:417,-0.2499,-0.3411,9.7591,-0.0064,0.0127,9.8066,0.0441,-0.0419,-0.0244,-14.69,-30.37,24.19,348.59,-78.1,-156.69
52.413364,-1.509239,148.33,7.54,4,78.71,19 / 20,192510,2019-09-06 20:56:17:517,1.21,-0.29,9.8272,0.0275,-0.0155,9.8065,0.0492,-0.0576,0.0122,-14.94,-31,24,348.31,-77.94,-156.77
52.413364,-1.509239,148.33,7.54,4,78.71,19 / 20,192610,2019-09-06 20:56:17:617,-0.2807,-0.1241,9.9126,0.0143,-0.0298,9.8065,-0.025,-0.086,0.048,-14.44,-30.87,24.63,350.95,-77.82,-157.54
52.413364,-1.509239,148.33,7.54,4,78.71,19 / 20,192710,2019-09-06 20:56:17:717,0.763,0.8587,9.7733,0.001,0.0209,9.8066,-0.0334,0.0314,-0.0642,-14,-30.44,24.38,349.23,-77.81,-157.84
52.413364,-1.509239,148.33,7.54,4,78.71,19 / 20,192810,2019-09-06 20:56:17:817,-0.191,-0.2289,10.1505,0.0056,-0.0112,9.8066,0.0076,-0.0856,-0.03,-12.5,-29.87,23.94,353.65,-77.8,-158.15
52.413364,-1.509239,148.33,7.54,4,78.71,19 / 20,192910,2019-09-06 20:56:17:917,1.4635,-0.4132,10.5731,-0.0066,-0.0127,9.8065,0.1194,-0.0377,-0.0055,-12.37,-31.94,23.06,350.86,-77.53,-158.95
52.413364,-1.509239,148.33,7.54,4,78.71,19 / 20,193010,2019-09-06 20:56:18:017,0.1056,0.0399,10.1836,-0.002,0.0101,9.8066,-0.0156,-0.0132,-0.0045,-12.62,-32.75,24.19,349.88,-77.33,-158.76
52.413364,-1.509239,148.33,7.54,4,78.71,19 / 20,193109,2019-09-06 20:56:18:116,1.2334,-0.9362,10.0637,0.0067,-0.0072,9.8066,-0.03,0.0135,0.0031,-13.12,-32.5,25,351.48,-77.32,-158.72
52.413364,-1.509239,148.33,7.54,4,78.71,19 / 20,193210,2019-09-06 20:56:18:217,1.8331,0.1519,9.4331,-0.0083,0.0203,9.8066,0.0834,-0.0696,-0.0361,-13.81,-32.19,25.38,349.02,-77.39,-158.81
52.413364,-1.509239,148.33,7.54,4,78.71,19 / 20,193310,2019-09-06 20:56:18:317,1.1571,0.753,10.0355,-0.0001,-0.0129,9.8065,0.0282,0.083,-0.0999,-14.12,-31.94,24.5,348.06,-77.39,-159.51
52.413364,-1.509239,148.33,7.54,4,78.71,19 / 20,193410,2019-09-06 20:56:18:417,-0.1126,-0.9766,10.2907,0.0146,-0.0223,9.8065,-0.0897,0.0857,-0.057,-13.81,-31.56,25.56,350.03,-77.22,-159.05
52.413364,-1.509239,148.33,7.54,4,78.71,19 / 20,193510,2019-09-06 20:56:18:517,1.6785,1.7307,8.2375,-0.0408,0.0561,9.8064,-0.3362,0.089,-0.0014,-14.44,-31.5,25.31,347.52,-76.81,-159.85
52.413364,-1.509239,148.33,7.54,4,78.71,19 / 20,193609,2019-09-06 20:56:18:616,-0.3292,0.4687,8.8405,-0.036,0.0555,9.8063,0.1404,0.0937,-0.0759,-14.5,-31.87,24.69,348.85,-77.1,-158.86
52.413364,-1.509239,148.33,7.54,4,78.71,19 / 20,193709,2019-09-06 20:56:18:716,0.632,0.3357,9.4688,0.0017,0.0033,9.8066,0.0543,0.1097,-0.0273,-14.12,-32,24.88,349.78,-77.16,-158.19
52.413364,-1.509239,148.33,7.54,4,78.71,19 / 20,193810,2019-09-06 20:56:18:817,1.3109,1.4472,9.4146,0.0052,0.0025,9.8066,0.0229,0.0411,0.0007,-14.06,-32.75,24.81,349.87,-77.28,-158.08
52.413364,-1.509239,148.33,7.54,4,78.71,19 / 20,193910,2019-09-06 20:56:18:917,0.9087,0.5691,9.8995,0.0021,-0.0192,9.8066,0.0674,0.0845,-0.0095,-14.37,-32.37,24.69,349.84,-77.29,-158.18
52.413364,-1.509239,148.33,7.54,4,78.71,19 / 20,194010,2019-09-06 20:56:19:017,0.7261,-0.0162,9.8114,0.0163,-0.016,9.8066,0.0639,0.0747,-0.0704,-14.06,-32.87,25.31,349.29,-77.05,-158.45
52.412903,-1.508377,148.37,12,4,151.46,19 / 20,194109,2019-09-06 20:56:19:116,1.4433,1.3193,9.9526,-0.0091,-0.0092,9.8066,0.061,0.0879,0.0076,-14.25,-33.06,25.56,350.28,-77,-158.74
52.412903,-1.508377,148.37,12,4,151.46,19 / 20,194210,2019-09-06 20:56:19:217,1.2422,1.392,10.0943,-0.0126,-0.0005,9.8066,0.0378,0.0698,-0.0313,-14.12,-31.56,26.75,352.09,-76.87,-158.41
52.412903,-1.508377,148.37,12,4,151.46,19 / 20,194309,2019-09-06 20:56:19:316,1.3985,0.5649,9.7882,0.0032,-0.011,9.8066,-0.0309,0.0659,0.0113,-14.06,-30.94,26.06,350.78,-76.95,-158.51
52.412903,-1.508377,148.37,12,4,151.46,19 / 20,194410,2019-09-06 20:56:19:417,0.845,1.265,9.6525,0.0044,-0.0129,9.8066,-0.0522,0.1076,-0.0796,-14.69,-30.94,25.44,347.34,-76.96,-158.36
52.412903,-1.508377,148.37,12,4,151.46,19 / 20,194509,2019-09-06 20:56:19:516,1.585,1.118,9.6322,0.0015,0.0102,9.8065,0.0057,0.0455,0.0175,-14.56,-31.12,24.69,346.98,-76.95,-158.63
52.412903,-1.508377,148.37,12,4,151.46,19 / 20,194610,2019-09-06 20:56:19:617,1.6574,1.5742,9.6567,-0.0055,-0.0024,9.8066,-0.001,0.1327,-0.0809,-14.31,-31.37,24.19,347.68,-76.95,-158.67
52.412903,-1.508377,148.37,12,4,151.46,19 / 20,194709,2019-09-06 20:56:19:716,1.3752,0.4218,9.8615,0.0094,-0.012,9.8066,-0.0397,0.0272,0.0493,-14.25,-31.69,24.44,347.53,-77.01,-158.7
52.412903,-1.508377,148.37,12,4,151.46,19 / 20,194810,2019-09-06 20:56:19:817,0.8321,1.2376,9.7823,0.0064,-0.0107,9.8066,-0.0573,0.0967,-0.0524,-15.19,-32.81,24,345.07,-76.93,-158.65
52.412903,-1.508377,148.37,12,4,151.46,19 / 20,194910,2019-09-06 20:56:19:917,1.9887,1.1311,9.4789,0.008,0.0032,9.8066,0.0125,0.064,0.0785,-14.75,-32.81,24.56,346.36,-77.05,-158.91
52.412903,-1.508377,148.37,12,4,151.46,19 / 20,195010,2019-09-06 20:56:20:017,2.229,1.3595,9.7776,-0.0048,-0.0124,9.8066,0.0085,0.0231,-0.0454,-14.62,-33,24.88,346.16,-77.06,-159.06
52.412903,-1.508377,148.37,12,4,151.46,19 / 20,195110,2019-09-06 20:56:20:117,1.7641,0.1943,9.7897,0.0075,0.0018,9.8066,0.0093,0.0676,0.0219,-14.56,-33.44,24.81,346.55,-76.88,-158.71
52.412903,-1.508377,148.37,12,4,151.46,19 / 20,195209,2019-09-06 20:56:20:216,1.9087,0.5584,9.7903,-0.0075,-0.0037,9.8066,-0.0007,0.0432,0.0267,-14.94,-32.81,25.31,346.43,-76.83,-158.79
52.412903,-1.508377,148.37,12,4,151.46,19 / 20,195310,2019-09-06 20:56:20:317,1.2411,1.3637,10.2294,0.0019,-0.012,9.8065,-0.0554,0.0935,-0.0045,-15.44,-31.87,25.44,347.48,-76.81,-158.12
52.412903,-1.508377,148.37,12,4,151.46,19 / 20,195410,2019-09-06 20:56:20:417,1.3716,0.3182,9.3788,0.0088,-0.0138,9.8066,-0.0482,0.0506,0.0624,-15,-31.75,24.63,347.84,-76.86,-157.87
52.412903,-1.508377,148.37,12,4,151.46,19 / 20,195510,2019-09-06 20:56:20:517,1.1527,0.5153,9.8393,-0.0229,0.0088,9.8066,0.1049,0.0379,-0.0645,-16.5,-31.5,24.13,344.73,-76.63,-157.42
52.412903,-1.508377,148.37,12,4,151.46,19 / 20,195610,2019-09-06 20:56:20:617,0.3518,1.2239,9.527,-0.0155,0.0197,9.8066,0.1205,0.1045,0.0021,-16.81,-31.56,24,343.36,-76.7,-156.79
52.412903,-1.508377,148.37,12,4,151.46,19 / 20,195709,2019-09-06 20:56:20:716,1.9718,0.6823,9.632,-0.009,-0.0069,9.8066,-0.0749,0.0417,-0.0219,-17.5,-31.75,24.56,345.15,-76.73,-156.68
52.412903,-1.508377,148.37,12,4,151.46,19 / 20,195809,2019-09-06 20:56:20:816,1.6679,1.0402,9.2872,-0.0038,0.0013,9.8066,-0.0774,0.09,-0.1128,-17,-32.12,22.31,340.92,-76.77,-155.96
52.412903,-1.508377,148.37,12,4,151.46,19 / 20,195909,2019-09-06 20:56:20:916,1.647,1.0884,9.7046,0.0088,0.0042,9.8066,0.0472,0.0978,0.0992,-17.06,-32.94,22.5,342.14,-76.91,-156.35
52.412903,-1.508377,148.37,12,4,151.46,19 / 20,196010,2019-09-06 20:56:21:017,1.7585,-0.0982,10.3316,0.003,-0.0076,9.8066,0.0278,0.0826,-0.0069,-17.25,-33.81,22.81,341.73,-76.96,-156.52
52.412903,-1.508377,148.37,12,4,151.46,19 / 21,196110,2019-09-06 20:56:21:117,1.4351,0.4043,10.0559,0.0128,-0.01,9.8066,-0.0641,0.1164,-0.0901,-17.94,-32.56,25.06,343.23,-76.85,-156.56
52.412903,-1.508377,148.37,12,4,151.46,19 / 21,196210,2019-09-06 20:56:21:217,1.9673,0.8283,10.0566,0.0145,-0.0124,9.8066,-0.0228,0.1034,0.0614,-18.19,-32.12,23.5,341.18,-76.81,-156.97
52.412903,-1.508377,148.37,12,4,151.46,19 / 21,196309,2019-09-06 20:56:21:316,1.4773,2.1467,9.6482,-0.0189,0.0016,9.8066,0.1033,0.1023,-0.0333,-18.44,-32.87,22.94,339.57,-76.83,-156.71
52.412903,-1.508377,148.37,12,4,151.46,19 / 21,196409,2019-09-06 20:56:21:416,1.5152,0.152,9.2429,-0.0133,0.0133,9.8066,-0.0129,-0.0098,-0.042,-18.94,-33.94,22.63,338.52,-76.89,-155.96
52.412903,-1.508377,148.37,12,4,151.46,19 / 21,196509,2019-09-06 20:56:21:516,1.235,1.2031,9.5134,-0.0042,0.0288,9.8065,0.0991,0.0662,-0.0045,-19.94,-32.5,23.25,337.11,-76.96,-156.05
52.412903,-1.508377,148.37,12,4,151.46,19 / 21,196609,2019-09-06 20:56:21:616,1.3104,0.7341,9.5129,-0.0137,0.0241,9.8066,0.0205,0.07,-0.0287,-19.56,-32.31,22.75,336.11,-77.08,-156.86
52.412903,-1.508377,148.37,12,4,151.46,19 / 21,196709,2019-09-06 20:56:21:716,1.4605,0.4152,10.308,0.01,-0.0064,9.8066,0.0865,0.0448,-0.0237,-19,-32,22.94,337.28,-77.15,-157.34
52.412903,-1.508377,148.37,12,4,151.46,19 / 21,196809,2019-09-06 20:56:21:816,1.6648,0.3926,9.886,-0.0017,-0.0127,9.8066,0.0298,0.0218,-0.0202,-18.94,-31.5,23.44,337.45,-77.05,-157.33
52.412903,-1.508377,148.37,12,4,151.46,19 / 21,196909,2019-09-06 20:56:21:916,0.8755,0.6851,9.3775,-0.0077,0.006,9.8066,-0.004,0.1337,-0.0235,-19.31,-30.31,22.44,336.09,-76.94,-157.09
52.412903,-1.508377,148.37,12,4,151.46,19 / 21,197010,2019-09-06 20:56:22:017,-0.2079,0.3362,10.0026,-0.0066,-0.0025,9.8066,-0.0383,0.0392,0.0904,-19.37,-31.75,21.19,334.11,-77.05,-156.8
52.412903,-1.508377,148.37,12,4,151.46,19 / 20,197110,2019-09-06 20:56:22:117,0.9989,0.3432,9.9483,-0.0044,-0.0013,9.8066,0.0363,0.0354,-0.0171,-19.69,-33.06,21.25,332.81,-77.14,-156.32
52.412903,-1.508377,148.37,12,4,151.46,19 / 20,197210,2019-09-06 20:56:22:217,0.6467,0.5357,10.4576,0.0042,-0.0086,9.8066,0.0279,-0.0324,-0.0299,-20.25,-33.94,22.63,336.84,-77.15,-156.01
52.412903,-1.508377,148.37,12,4,151.46,19 / 20,197309,2019-09-06 20:56:22:316,1.6054,-0.1421,10.2205,0.0173,-0.0049,9.8066,-0.0104,0.0112,0.0297,-19.81,-32.12,23.25,337.06,-77.03,-156.11
52.412903,-1.508377,148.37,12,4,151.46,19 / 20,197410,2019-09-06 20:56:22:417,0.888,0.5354,9.6474,0.015,-0.0186,9.8065,-0.0837,0.0324,0.0353,-20.06,-31.62,23.38,336.26,-76.84,-156.63
52.412903,-1.508377,148.37,12,4,151.46,19 / 20,197509,2019-09-06 20:56:22:516,0.7185,0.1061,9.9985,-0.0115,0.0149,9.8065,0.0467,0.0298,0.0254,-19.44,-32.44,23.44,338.25,-76.86,-156.47
52.412903,-1.508377,148.37,12,4,151.46,19 / 20,197610,2019-09-06 20:56:22:617,1.0548,-0.3458,9.907,-0.0152,0.0187,9.8066,0.0605,-0.0336,-0.0293,-20,-31.37,23.25,336.97,-77.03,-156.35
52.412903,-1.508377,148.37,12,4,151.46,19 / 20,197710,2019-09-06 20:56:22:717,1.5277,0.4105,9.5947,0.0091,-0.0063,9.8066,-0.0642,-0.0356,0.0111,-20.06,-31.5,22,334.77,-76.99,-156.62
52.412903,-1.508377,148.37,12,4,151.46,19 / 20,197810,2019-09-06 20:56:22:817,0.9549,-0.1319,9.5263,-0.0027,0.0064,9.8066,-0.0113,0.0049,-0.0118,-19.69,-32.56,22.69,336.13,-76.96,-156.62
52.412903,-1.508377,148.37,12,4,151.46,19 / 20,197910,2019-09-06 20:56:22:917,1.0314,0.0889,10.2053,0.0026,-0.0019,9.8066,0.0239,0.005,-0.0222,-19.44,-31.44,23.44,338.26,-76.98,-156.68
52.412903,-1.508377,148.37,12,4,151.46,19 / 20,198009,2019-09-06 20:56:23:016,0.4798,0.0226,9.8329,0.0136,-0.0071,9.8066,-0.0113,-0.0054,-0.0051,-19.69,-31.44,23.38,336.09,-76.94,-156.98
52.412903,-1.508377,148.37,12,4,151.46,19 / 21,198110,2019-09-06 20:56:23:117,0.7635,0.3061,9.6083,-0.0014,0.0119,9.8065,-0.0502,0.105,-0.0424,-19.87,-31.69,22.81,335.84,-77.02,-157.04
52.412903,-1.508377,148.37,12,4,151.46,19 / 21,198209,2019-09-06 20:56:23:216,-0.3185,2.442,9.5336,0.0037,0.0078,9.8065,0.0012,0.0176,0.0621,-20,-32.44,22.19,333.52,-77.24,-157.53
52.412903,-1.508377,148.37,12,4,151.46,19 / 21,198310,2019-09-06 20:56:23:317,0.5641,0.6658,10.1366,0.0059,0.0091,9.8066,0.0598,-0.0007,-0.0297,-19.94,-31.87,21.88,332.98,-77.26,-157.95
52.412903,-1.508377,148.37,12,4,151.46,19 / 21,198410,2019-09-06 20:56:23:417,1.1875,0.3203,9.7583,0.014,0.0013,9.8066,0.0212,0.0471,-0.0002,-19.56,-33,21.38,329.39,-77.17,-158.94
52.412903,-1.508377,148.37,12,4,151.46,19 / 21,198510,2019-09-06 20:56:23:517,0.9366,-0.6202,10.2483,-0.01,-0.0022,9.8066,0.0638,0.059,-0.0585,-18.75,-33.62,22.31,332.23,-77.01,-159.28
52.412903,-1.508377,148.37,12,4,151.46,19 / 21,198610,2019-09-06 20:56:23:617,0.9693,-1.6618,10.2196,-0.0047,0.0091,9.8065,0.0953,-0.0691,0.0483,-18.12,-32.25,23.31,336.59,-77.04,-159.21
52.412903,-1.508377,148.37,12,4,151.46,19 / 21,198710,2019-09-06 20:56:23:717,1.1096,0.8702,9.1328,0.002,0.0114,9.8066,-0.0798,-0.0494,0.06,-18.75,-32.44,23.13,334.98,-77.1,-159.07
52.412903,-1.508377,148.37,12,4,151.46,19 / 21,198810,2019-09-06 20:56:23:817,0.5146,-0.3132,9.6821,0.0111,-0.0106,9.8066,-0.1322,0.0505,-0.0755,-18.81,-31.75,23.25,335.16,-77.25,-159.01
52.412903,-1.508377,148.37,12,4,151.46,19 / 21,198910,2019-09-06 20:56:23:917,1.8691,-0.1446,9.685,-0.0053,0.0121,9.8065,0.0348,0.0038,-0.0329,-19,-31.56,22.44,332.31,-77.23,-159.76
52.412903,-1.508377,148.37,12,4,151.46,19 / 21,199010,2019-09-06 20:56:24:017,0.3068,0.0457,9.7305,0.0087,0.0068,9.8066,-0.0044,-0.011,-0.0189,-18.25,-31.81,22.38,333.47,-77.23,-160.26
52.412903,-1.508377,148.37,12,4,151.46,19 / 20,199110,2019-09-06 20:56:24:117,0.3882,-0.4117,10.0573,0.0178,-0.0118,9.8065,-0.0381,0.005,-0.0806,-19,-32.25,22.13,331.15,-77.3,-160.69
52.412903,-1.508377,148.37,12,4,151.46,19 / 20,199210,2019-09-06 20:56:24:217,0.6654,-0.5705,9.891,0.0108,0.0072,9.8066,0.0247,-0.0631,0.0375,-18.31,-32.56,22.69,333.51,-77.28,-161.47
52.412903,-1.508377,148.37,12,4,151.46,19 / 20,199309,2019-09-06 20:56:24:316,1.0815,-0.308,10.1172,-0.0015,0.0044,9.8066,-0.0292,-0.032,-0.025,-19,-33.06,22.06,329.58,-77.27,-161.67
52.412903,-1.508377,148.37,12,4,151.46,19 / 20,199409,2019-09-06 20:56:24:416,0.342,0.1607,9.9318,0.004,0.0012,9.8066,0.0003,0.0024,-0.0018,-19.12,-32.87,23.13,331.16,-77.27,-161.89
52.412903,-1.508377,148.37,12,4,151.46,19 / 20,199509,2019-09-06 20:56:24:516,0.6098,-0.9251,9.7768,-0.0006,-0.0035,9.8066,0.013,-0.0189,-0.0034,-19.62,-30.94,22.69,329.77,-77.2,-162.04
52.412903,-1.508377,148.37,12,4,151.46,19 / 20,199609,2019-09-06 20:56:24:616,-0.2132,0.7875,9.5418,0.0002,0.0027,9.8066,-0.1122,-0.0106,-0.0036,-19.44,-31.87,20.88,327.37,-77.24,-162.06
52.412903,-1.508377,148.37,12,4,151.46,19 / 20,199709,2019-09-06 20:56:24:716,0.4489,0.1494,9.7778,0.0001,0.0144,9.8066,0.0261,-0.0058,-0.0036,-18.75,-32.81,21.13,327.29,-77.37,-161.96
52.412903,-1.508377,148.37,12,4,151.46,19 / 20,199809,2019-09-06 20:56:24:816,1.2223,-0.5386,9.9023,-0.0001,0.0069,9.8066,0.102,0.036,0.0062,-18.94,-33.56,21.75,328.4,-77.47,-162.48
52.412903,-1.508377,148.37,12,4,151.46,19 / 20,199910,2019-09-06 20:56:24:917,0.5303,-0.626,10.0095,0.0193,-0.0146,9.8066,-0.0427,0.0362,-0.0275,-17.87,-34.5,23.94,333.08,-77.41,-163.04
52.412903,-1.508377,148.37,12,4,151.46,19 / 20,200010,2019-09-06 20:56:25:017,0.5548,0.2146,9.8498,0.0168,-0.0035,9.8066,-0.0604,0.0404,0.0106,-18.31,-33.12,24.31,332.57,-77.27,-163.54
52.412903,-1.508377,148.37,12,4,151.46,20 / 21,200110,2019-09-06 20:56:25:117,0.455,0.3442,9.6537,-0.0048,0.0004,9.8066,0.0146,0.0216,-0.02,-18.06,-31.37,24.31,332.19,-77.22,-164.2
52.412903,-1.508377,148.37,12,4,151.46,20 / 21,200209,2019-09-06 20:56:25:216,0.2134,0.0808,9.7674,-0.0057,0.0199,9.8066,-0.0124,-0.0385,0.0688,-17.56,-32.19,23.06,330.06,-77.23,-164.29
52.412903,-1.508377,148.37,12,4,151.46,20 / 21,200310,2019-09-06 20:56:25:317,0.0044,-1.1986,9.4224,-0.0017,0.0008,9.8066,0.0558,0.0214,-0.0986,-17.44,-31.31,24.19,333.83,-77.13,-164.31
52.412903,-1.508377,148.37,12,4,151.46,20 / 21,200409,2019-09-06 20:56:25:416,0.8777,-0.8114,10.0462,-0.0057,0.0255,9.8065,0.166,-0.0263,0.0144,-17.06,-30.69,23.81,333.41,-77.14,-164.64
52.412903,-1.508377,148.37,12,4,151.46,20 / 21,200509,2019-09-06 20:56:25:516,0.7007,0.2429,10.1216,0.0354,-0.0124,9.8065,-0.1314,0.0127,-0.0307,-17.12,-30.94,21.44,327.06,-77.32,-165.38
52.412903,-1.508377,148.37,12,4,151.46,20 / 21,200610,2019-09-06 20:56:25:617,0.2348,-0.6167,9.8001,0.0358,-0.0158,9.8065,-0.0547,-0.0266,0.0279,-16.69,-32.81,21.38,324.42,-77.09,-166.68
52.412903,-1.508377,148.37,12,4,151.46,20 / 21,200709,2019-09-06 20:56:25:716,0.1232,0.9245,10.1218,-0.0006,0.0077,9.8066,0.0627,0.0227,0.0023,-16.19,-32.75,22.94,330.1,-77.01,-166.81
52.412903,-1.508377,148.37,12,4,151.46,20 / 21,200809,2019-09-06 20:56:25:816,-0.1772,-0.8833,10.1507,-0.0083,0.0141,9.8066,0.1056,-0.0363,0.014,-16.06,-32.56,23.25,329.74,-77.17,-167.18
52.412903,-1.508377,148.37,12,4,151.46,20 / 21,200910,2019-09-06 20:56:25:917,1.0169,-0.4585,9.3775,0.0099,0.0024,9.8066,-0.0833,-0.0448,-0.0015,-16.44,-33.69,23.63,330.85,-77.16,-167.48
52.412903,-1.508377,148.37,12,4,151.46,20 / 21,201010,2019-09-06 20:56:26:017,-0.3833,0.5094,9.8253,0.0086,0.0046,9.8065,-0.029,-0.0001,-0.005,-16.56,-32.12,23.25,327.19,-77.21,-167.92
52.412903,-1.508377,148.37,12,4,151.46,19 / 20,201109,2019-09-06 20:56:26:116,0.4835,-0.4673,9.5897,0.0078,0.003,9.8066,0.0169,0.0622,-0.0309,-16,-33,23.69,329.48,-77.11,-168.7
52.412903,-1.508377,148.37,12,4,151.46,19 / 20,201210,2019-09-06 20:56:26:217,1.0968,-0.97,9.7592,0.0014,0.0117,9.8066,0.0935,-0.0289,0.0531,-16.12,-32.37,23.69,328.87,-77.14,-169.41
52.412903,-1.508377,148.37,12,4,151.46,19 / 20,201309,2019-09-06 20:56:26:316,0.9404,-0.2079,10.128,0.0041,0.0032,9.8066,-0.1382,-0.0376,-0.0441,-15.69,-31.25,23.25,327.61,-77.09,-169.24
52.412903,-1.508377,148.37,12,4,151.46,19 / 20,201409,2019-09-06 20:56:26:416,0.5094,-0.3391,8.9902,-0.0007,0.0041,9.8066,-0.0267,-0.0262,0.0154,-15.87,-30.81,21.63,325.62,-77.24,-169.45
52.412903,-1.508377,148.37,12,4,151.46,19 / 20,201509,2019-09-06 20:56:26:516,0.6116,-0.8417,9.3846,0.0009,0.006,9.8066,-0.0639,0.0369,-0.0341,-16.31,-31.19,20.31,321.57,-77.29,-169.46
52.412903,-1.508377,148.37,12,4,151.46,19 / 20,201610,2019-09-06 20:56:26:617,0.5415,-0.9091,9.7967,0.0015,0.015,9.8065,0.0627,0.0152,0.0616,-15.56,-34.31,20.81,322.03,-77.31,-169.86
52.412903,-1.508377,148.37,12,4,151.46,19 / 20,201710,2019-09-06 20:56:26:717,-0.5087,1.0633,10.576,0.0214,0.0039,9.8065,-0.0086,-0.081,-0.1852,-16.06,-32.87,23.75,326.82,-77.17,-170.77
52.412903,-1.508377,148.37,12,4,151.46,19 / 20,201810,2019-09-06 20:56:26:817,1.557,-1.9646,9.0814,-0.0225,0.0755,9.8063,0.2608,-0.1004,0.0407,-15.87,-32.06,22.38,320.3,-77.09,-173.19
52.412903,-1.508377,148.37,12,4,151.46,19 / 20,201910,2019-09-06 20:56:26:917,-0.828,-1.8699,9.3428,0.0785,-0.0589,9.8061,-0.1993,0.0133,-0.0717,-15.69,-32.25,21.5,319.26,-77.25,-174.15
52.412903,-1.508377,148.37,12,4,151.46,19 / 20,202009,2019-09-06 20:56:27:016,0.7093,2.8204,9.4517,0.0576,-0.0345,9.8063,-0.133,0.1467,-0.1381,-14.31,-33.19,19.06,315.53,-77.01,-174.46
52.412903,-1.508377,148.37,12,4,151.46,20 / 21,202109,2019-09-06 20:56:27:116,-0.9305,1.7646,9.4935,-0.0386,0.0249,9.8065,0.0309,0.0173,0.0406,-13.62,-35.25,19.13,313.35,-77.27,-175.62
52.412903,-1.508377,148.37,12,4,151.46,20 / 21,202210,2019-09-06 20:56:27:217,-0.4032,1.1092,9.8133,0.0029,-0.0016,9.8066,-0.0277,0.0286,-0.0259,-13.19,-36.69,19.44,314.34,-77.14,-175.53
52.412903,-1.508377,148.37,12,4,151.46,20 / 21,202309,2019-09-06 20:56:27:316,0.826,0.6615,10.2615,0.0061,-0.0031,9.8066,0.1736,-0.049,0.06,-12.81,-39,20.25,314.51,-76.76,-175.98
52.412903,-1.508377,148.37,12,4,151.46,20 / 21,202410,2019-09-06 20:56:27:417,2.9962,-2.2655,10.0202,-0.0682,0.0523,9.8062,0.4612,0.0715,-0.1116,-11.87,-40.75,24.5,328.2,-77.03,-175.35
52.412903,-1.508377,148.37,12,4,151.46,20 / 21,202510,2019-09-06 20:56:27:517,1.3609,-0.2925,9.0406,0.0422,-0.0477,9.8064,-0.4797,0.0238,0.0865,-12.37,-36.87,27.38,332.61,-77.32,-175.56
52.412903,-1.508377,148.37,12,4,151.46,20 / 21,202609,2019-09-06 20:56:27:616,1.3592,0.3237,9.364,0.0543,-0.0488,9.8063,-0.3579,-0.0126,-0.0321,-14.12,-33.37,26.31,328.06,-77.72,-175.78
52.412903,-1.508377,148.37,12,4,151.46,20 / 21,202710,2019-09-06 20:56:27:717,-0.2671,0.2233,8.7434,-0.041,0.0722,9.8063,0.1847,0.0137,-0.0608,-14,-32.69,23.44,321.59,-77.37,-176.72
52.412903,-1.508377,148.37,12,4,151.46,20 / 21,202809,2019-09-06 20:56:27:816,0.5432,0.9106,9.1483,-0.0347,0.0508,9.8064,0.1568,0.076,0.0141,-14.37,-33.19,22.19,318.55,-77.69,-177.92
52.412903,-1.508377,148.37,12,4,151.46,20 / 21,202909,2019-09-06 20:56:27:916,0.8498,-0.4334,10.1988,0.0279,-0.0327,9.8065,0.015,0.0305,-0.0198,-14.25,-33.75,21.88,317.5,-77.5,-178.24
52.412903,-1.508377,148.37,12,4,151.46,20 / 21,203010,2019-09-06 20:56:28:017,0.5446,0.7321,10.2573,0.014,-0.0132,9.8066,-0.0008,0.0161,-0.0558,-14.37,-33.44,21.13,315.96,-77.27,-177.94
52.412006,-1.507074,148.07,17.26,4,135.01,20 / 21,203110,2019-09-06 20:56:28:117,0.4762,0.6796,9.6551,-0.0121,0.0146,9.8065,-0.0833,0.0357,0.0107,-14.5,-34.37,20,313.55,-77.57,-178.07
52.412006,-1.507074,148.07,17.26,4,135.01,20 / 21,203210,2019-09-06 20:56:28:217,0.181,0.2685,9.2476,-0.0265,0.0304,9.8065,-0.1452,0.0441,-0.035,-14.06,-34.87,18.94,309.94,-77.58,-178.65
52.412006,-1.507074,148.07,17.26,4,135.01,20 / 21,203310,2019-09-06 20:56:28:317,0.7441,0.5703,9.9342,-0.0077,0.0156,9.8065,0.05,0.043,-0.0507,-14.31,-34.81,17.94,306.82,-77.75,-179.33
52.412006,-1.507074,148.07,17.26,4,135.01,20 / 21,203409,2019-09-06 20:56:28:416,-0.1473,0.5193,9.6401,0.0186,-0.003,9.8065,0.0324,0.0005,-0.018,-14.37,-35.94,16.06,300.04,-77.77,-179.78
52.412006,-1.507074,148.07,17.26,4,135.01,20 / 21,203510,2019-09-06 20:56:28:517,0.0909,0.5366,10.1942,0.0098,0.0008,9.8066,-0.0624,0.0448,-0.0297,-14.19,-41.12,12.81,285.46,-77.71,179.65
52.412006,-1.507074,148.07,17.26,4,135.01,20 / 21,203609,2019-09-06 20:56:28:616,-0.2382,-0.3265,9.6899,-0.0143,0.0065,9.8066,-0.0616,-0.0479,0.0394,-13.81,-50.12,12.63,277.66,-77.71,179.36
52.412006,-1.507074,148.07,17.26,4,135.01,20 / 21,203710,2019-09-06 20:56:28:717,0.094,1.1482,10.4503,-0.0118,0.0153,9.8065,0.1547,-0.0384,-0.0236,-13.5,-55.12,24.75,312.57,-77.65,178.85
52.412006,-1.507074,148.07,17.26,4,135.01,20 / 21,203809,2019-09-06 20:56:28:816,-0.5693,0.9698,10.2236,0.0249,-0.0383,9.8065,0.107,0.0284,-0.0113,-14.5,-41.87,34.69,329.25,-77.93,178.49
52.412006,-1.507074,148.07,17.26,4,135.01,20 / 21,203909,2019-09-06 20:56:28:916,0.7062,0.9586,9.694,0.0224,-0.0361,9.8065,-0.0626,0.0257,0.0515,-14.37,-36.31,31.31,326.19,-77.65,178.39
52.412006,-1.507074,148.07,17.26,4,135.01,20 / 21,204009,2019-09-06 20:56:29:016,-0.0879,1.1274,9.3401,-0.0233,0.0224,9.8066,-0.0938,0.0208,0.0211,-14.37,-33.94,28,322.79,-77.64,178.15
52.412006,-1.507074,148.07,17.26,4,135.01,20 / 21,204110,2019-09-06 20:56:29:117,-0.1452,1.3268,8.9658,-0.0203,0.0276,9.8065,0.0434,0.0219,-0.0236,-14.87,-33.62,25.56,318.39,-77.69,178.36
52.412006,-1.507074,148.07,17.26,4,135.01,20 / 21,204209,2019-09-06 20:56:29:216,-0.4715,0.6792,9.7912,-0.0056,0.0072,9.8066,-0.0464,-0.0324,0.0129,-14.31,-33.62,23.63,317.59,-77.97,178.49
52.412006,-1.507074,148.07,17.26,4,135.01,20 / 21,204310,2019-09-06 20:56:29:317,0.9472,0.7657,10.0126,-0.0055,0.0162,9.8066,0.0567,-0.0483,0.003,-14.06,-33.62,23.19,315.52,-78.09,178.11
52.412006,-1.507074,148.07,17.26,4,135.01,20 / 21,204410,2019-09-06 20:56:29:417,0.0848,1.0366,9.8019,0.0066,0.0148,9.8065,-0.0277,0.0429,-0.0369,-13.87,-34.12,22.31,312.41,-77.8,177.42
52.412006,-1.507074,148.07,17.26,4,135.01,20 / 21,204510,2019-09-06 20:56:29:517,1.2511,0.2483,9.5566,0.0076,0.0237,9.8066,-0.0015,0.0798,-0.0796,-13,-33.44,21.38,311.24,-77.62,176.28
52.412006,-1.507074,148.07,17.26,4,135.01,20 / 21,204610,2019-09-06 20:56:29:617,2.8189,-0.9182,9.877,0.0389,-0.0308,9.8064,0.154,0.1037,-0.0319,-12.5,-33.81,20.69,312.19,-77.68,175.6
52.412006,-1.507074,148.07,17.26,4,135.01,20 / 21,204710,2019-09-06 20:56:29:717,2.0527,-0.8288,9.5638,0.0558,-0.046,9.8064,-0.3728,-0.0458,0.0357,-12.25,-34.69,18.63,307.99,-78.14,175.67
52.412006,-1.507074,148.07,17.26,4,135.01,20 / 21,204810,2019-09-06 20:56:29:817,-1.8664,0.5151,9.0757,-0.0738,0.0245,9.8063,-0.2828,-0.0312,0.0214,-11.69,-36.5,15.44,295.57,-78.03,175.63
52.412006,-1.507074,148.07,17.26,4,135.01,20 / 21,204910,2019-09-06 20:56:29:917,-2.0045,0.8151,10.3753,-0.0178,-0.0003,9.8066,0.3292,0.0345,0.0029,-10.62,-41.31,13.56,290.62,-78.11,176.09
52.412006,-1.507074,148.07,17.26,4,135.01,20 / 21,205010,2019-09-06 20:56:30:017,0.3375,0.6093,10.2763,0.0343,-0.0207,9.8065,0.1379,-0.0578,0.0425,-9.75,-47.56,20.25,307.91,-77.62,176.74
52.412006,-1.507074,148.07,17.26,4,135.01,20 / 21,205109,2019-09-06 20:56:30:116,-0.6588,-0.7709,11.0519,-0.0245,0.0315,9.8065,0.143,-0.0436,0.0336,-8.75,-38.69,30.75,332.67,-77.36,176.43
52.412006,-1.507074,148.07,17.26,4,135.01,20 / 21,205210,2019-09-06 20:56:30:217,-0.0127,-0.4999,9.8504,0.0284,-0.0155,9.8065,0.1241,0.0293,-0.0428,-11.87,-34.69,26.5,322.56,-77.59,176.16
52.412006,-1.507074,148.07,17.26,4,135.01,20 / 21,205309,2019-09-06 20:56:30:316,-0.7543,-0.2217,9.6296,0.0422,-0.007,9.8065,-0.1648,0.0306,-0.108,-14.37,-33.25,25.38,315.35,-77.84,175.18
52.412006,-1.507074,148.07,17.26,4,135.01,20 / 21,205409,2019-09-06 20:56:30:416,0.417,0.5073,9.7184,0.0109,-0.0021,9.8066,0.0108,-0.0149,-0.0126,-15.25,-33.56,25.19,311.19,-77.82,173.61
52.412006,-1.507074,148.07,17.26,4,135.01,20 / 21,205510,2019-09-06 20:56:30:517,0.4659,0.065,9.8452,0.0312,-0.0192,9.8065,-0.0272,0.0099,0.012,-15.06,-33.19,24.88,310.6,-77.55,173.06
52.412006,-1.507074,148.07,17.26,4,135.01,20 / 21,205609,2019-09-06 20:56:30:616,1.1581,0.6586,9.4733,-0.0391,0.0188,9.8065,-0.0854,-0.0397,0.0802,-14.94,-33.69,24.38,308.99,-77.25,173.77
52.412006,-1.507074,148.07,17.26,4,135.01,20 / 21,205709,2019-09-06 20:56:30:716,0.1269,-0.6544,9.6361,-0.0538,0.044,9.8064,0.0354,-0.0226,0.0116,-14.56,-33.5,23.06,309.18,-77.65,174.61
52.412006,-1.507074,148.07,17.26,4,135.01,20 / 21,205809,2019-09-06 20:56:30:816,0.3664,0.4994,9.3907,-0.0036,0.0159,9.8066,-0.0331,-0.0186,-0.0004,-15.75,-34,22.88,307.19,-77.86,174.54
52.412006,-1.507074,148.07,17.26,4,135.01,20 / 21,205909,2019-09-06 20:56:30:916,0.6155,-0.1417,9.9383,-0.0056,-0.0082,9.8066,-0.0341,0.0498,0.0549,-14.81,-33.5,22.88,309.14,-78.03,174.17
52.412006,-1.507074,148.07,17.26,4,135.01,20 / 21,206009,2019-09-06 20:56:31:016,-0.2717,0.6098,9.1875,0.0143,0.0041,9.8066,-0.0487,0.0251,-0.0057,-14.31,-33.81,21.31,307.31,-78.11,174.53
52.412006,-1.507074,148.07,17.26,4,135.01,20 / 21,206110,2019-09-06 20:56:31:117,-1.4061,1.1467,9.8186,0.014,0.0054,9.8066,0.1783,0.0169,-0.0938,-14.87,-33.12,22.25,306.66,-78.06,173.58
52.412006,-1.507074,148.07,17.26,4,135.01,20 / 21,206209,2019-09-06 20:56:31:216,-0.3276,0.8562,10.2605,0.0178,-0.005,9.8066,0.1503,0.0473,-0.039,-12.19,-32.37,22.25,311.6,-77.94,172.5
52.412006,-1.507074,148.07,17.26,4,135.01,20 / 21,206310,2019-09-06 20:56:31:317,0.0846,0.041,11.2443,0.0267,-0.0333,9.8065,-0.101,0.034,0.0047,-8.75,-35.06,20,312.61,-77.47,172.49
52.412006,-1.507074,148.07,17.26,4,135.01,20 / 21,206410,2019-09-06 20:56:31:417,0.4679,0.3107,10.3135,-0.009,-0.0019,9.8066,-0.0824,0.0063,-0.0328,-10.62,-35.75,20.44,307.44,-77.37,173.07
52.412006,-1.507074,148.07,17.26,4,135.01,20 / 21,206510,2019-09-06 20:56:31:517,-0.3011,0.5795,10.2553,-0.0191,-0.0074,9.8066,-0.0094,0.045,0.0627,-15.5,-34.56,20,300.62,-77.43,173.59
52.412006,-1.507074,148.07,17.26,4,135.01,20 / 21,206610,2019-09-06 20:56:31:617,0.1584,-0.5167,8.9849,-0.0076,0.0037,9.8066,-0.0527,0.0087,0.021,-16.62,-34.56,23,304.64,-77.56,174.48
52.412006,-1.507074,148.07,17.26,4,135.01,20 / 21,206709,2019-09-06 20:56:31:716,-0.4078,-0.6576,9.6832,-0.0145,0.0052,9.8065,0.1614,0.0516,-0.044,-15.44,-33.44,24.38,311.07,-77.75,174.63
52.412006,-1.507074,148.07,17.26,4,135.01,20 / 21,206809,2019-09-06 20:56:31:816,-0.2982,0.834,9.5453,0.0127,-0.0177,9.8066,0.1205,0.0036,0.0625,-14.37,-33.5,22.88,311.33,-77.79,174.68
52.412006,-1.507074,148.07,17.26,4,135.01,20 / 21,206909,2019-09-06 20:56:31:916,0.555,0.7821,9.6283,0.0149,-0.0107,9.8066,-0.0755,-0.0574,0.0624,-13.81,-34.62,21.69,308.26,-77.56,174.71
52.412006,-1.507074,148.07,17.26,4,135.01,20 / 21,207009,2019-09-06 20:56:32:016,-0.1528,0.8281,9.8537,-0.0174,0.0169,9.8066,-0.1631,-0.0099,-0.0919,-13.56,-35.25,20.31,303.49,-77.64,174.18
52.412006,-1.507074,148.07,17.26,4,135.01,20 / 21,207110,2019-09-06 20:56:32:117,-0.1321,0.3103,9.9083,-0.0184,0.0154,9.8065,0.1084,-0.0196,0.0363,-15.19,-36.12,19,298.95,-77.7,174.2
52.412006,-1.507074,148.07,17.26,4,135.01,20 / 21,207210,2019-09-06 20:56:32:217,1.1752,-0.063,9.3511,0.0052,-0.0055,9.8066,0.0308,0.0049,-0.0258,-16.5,-35.69,20.81,301.22,-77.8,173.62
52.412006,-1.507074,148.07,17.26,4,135.01,20 / 21,207309,2019-09-06 20:56:32:316,0.1776,-0.0452,9.389,-0.0022,-0.0139,9.8066,-0.0017,0.0046,0.0474,-14.81,-35.25,21.13,304.25,-77.81,174.31
52.412006,-1.507074,148.07,17.26,4,135.01,20 / 21,207409,2019-09-06 20:56:32:416,0.2671,0.6459,9.6936,-0.0163,0.0132,9.8066,0.0452,0.0008,0.0369,-13.19,-36.12,18.19,301.25,-77.78,175.03
52.412006,-1.507074,148.07,17.26,4,135.01,20 / 21,207509,2019-09-06 20:56:32:516,0.8329,-0.1975,10.1195,-0.0123,0.0068,9.8065,-0.052,-0.0181,0.0337,-9.31,-44,17.13,302.04,-77.84,175.04
52.412006,-1.507074,148.07,17.26,4,135.01,20 / 21,207610,2019-09-06 20:56:32:617,0.4072,0.6854,9.5713,0.0027,-0.001,9.8066,-0.075,0.0367,-0.0376,-8.5,-46,24.38,322.22,-77.68,175.17
52.412006,-1.507074,148.07,17.26,4,135.01,20 / 21,207710,2019-09-06 20:56:32:717,-0.1032,-0.1234,9.3236,-0.0082,-0.0046,9.8066,0.0608,0.0019,0.0969,-10.81,-40.12,27.81,323.35,-77.65,175.3
52.412006,-1.507074,148.07,17.26,4,135.01,20 / 21,207810,2019-09-06 20:56:32:817,0.4482,0.3309,9.4772,-0.0013,0.0193,9.8066,-0.0014,0.0397,-0.0539,-14.12,-36.37,26,315.85,-77.74,175.32
52.412006,-1.507074,148.07,17.26,4,135.01,20 / 21,207910,2019-09-06 20:56:32:917,-0.3529,0.1684,9.8563,-0.012,0.0103,9.8066,0.0774,0.0653,-0.0124,-13.37,-35,24.44,314.87,-77.93,175.03
52.412006,-1.507074,148.07,17.26,4,135.01,20 / 21,208009,2019-09-06 20:56:33:016,-0.1239,-0.3454,10.4202,0.0401,-0.0271,9.8064,0.2109,0.0387,-0.0115,-13.31,-34,21.69,311.89,-78.04,175.08
52.412006,-1.507074,148.07,17.26,4,135.01,20 / 21,208110,2019-09-06 20:56:33:117,-1.2655,0.1034,9.0987,0.0677,-0.0381,9.8063,-0.3118,0.0453,-0.0341,-16.25,-35.12,20.81,302.41,-77.76,174.26
52.412006,-1.507074,148.07,17.26,4,135.01,20 / 21,208209,2019-09-06 20:56:33:216,-0.5122,-0.1276,10.0272,-0.0471,0.0412,9.8064,-0.1695,-0.0222,0.028,-17.06,-36.62,21.44,299.57,-77.85,173.89
52.412006,-1.507074,148.07,17.26,4,135.01,20 / 21,208310,2019-09-06 20:56:33:317,0.4144,0.4391,9.5045,-0.0144,0.0168,9.8065,0.0905,0.0175,0.0095,-16.19,-35.31,22.75,305.38,-77.96,173.26
52.412006,-1.507074,148.07,17.26,4,135.01,20 / 21,208409,2019-09-06 20:56:33:416,0.2897,-2.5941,8.3216,0.0213,0.0027,9.8066,0.3071,-0.0956,-0.0115,-13.62,-35.19,19.31,300.46,-77.98,173.1
52.412006,-1.507074,148.07,17.26,4,135.01,20 / 21,208510,2019-09-06 20:56:33:517,-0.0846,1.2294,8.2839,0.0036,-0.0221,9.8066,-0.2362,-0.0298,0.0506,-14.37,-36.62,18.81,299.09,-78.11,172.69
52.412006,-1.507074,148.07,17.26,4,135.01,20 / 21,208609,2019-09-06 20:56:33:616,-0.2098,0.0894,8.8164,0.02,-0.0002,9.8066,-0.0555,0.0425,-0.0591,-14.25,-36.62,19.06,298.78,-78.4,171.97
52.412006,-1.507074,148.07,17.26,4,135.01,20 / 21,208710,2019-09-06 20:56:33:717,0.2841,0.117,10.7639,-0.0188,0.0152,9.8066,0.1424,-0.0213,0.0815,-8.44,-41.44,19.19,309.67,-78.46,171.13
52.412006,-1.507074,148.07,17.26,4,135.01,20 / 21,208810,2019-09-06 20:56:33:817,1.158,-1.3955,10.8959,0.0388,-0.07,9.8062,0.1705,-0.023,-0.0215,-6.81,-44.56,23.19,319.08,-78.27,171.17
52.412006,-1.507074,148.07,17.26,4,135.01,20 / 21,208910,2019-09-06 20:56:33:917,0.5755,-0.8453,10.4918,0.0115,-0.0559,9.8064,-0.1568,0.0156,0.0666,-7.87,-40.62,29.44,326.59,-78.05,171.58
52.412006,-1.507074,148.07,17.26,4,135.01,20 / 21,209010,2019-09-06 20:56:34:017,-0.2734,0.0578,9.5804,-0.0225,0.0351,9.8065,-0.1364,0.028,0.0362,-11,-35.37,25.94,318.94,-77.87,172.46
52.412006,-1.507074,148.07,17.26,4,135.01,20 / 21,209109,2019-09-06 20:56:34:116,0.3122,0.0194,9.1084,-0.0358,0.0382,9.8065,0.0404,-0.0411,0.0203,-12.56,-34.31,24,312.41,-78.37,172.25
52.412006,-1.507074,148.07,17.26,4,135.01,20 / 21,209210,2019-09-06 20:56:34:217,-0.9124,-0.437,9.1571,0.0079,-0.0122,9.8065,0.038,0.0141,-0.0088,-14.31,-34.56,22.56,308.12,-78.54,171.88
52.412006,-1.507074,148.07,17.26,4,135.01,20 / 21,209309,2019-09-06 20:56:34:316,0.1424,-0.2823,9.4352,0.0227,-0.0059,9.8065,-0.0469,-0.0117,-0.0247,-14.81,-34.44,22.63,306.56,-78.59,171.71
52.412006,-1.507074,148.07,17.26,4,135.01,20 / 21,209409,2019-09-06 20:56:34:416,-0.5483,0.6199,9.8708,-0.0247,0.0066,9.8065,-0.05,-0.0275,0.0193,-13.87,-33.37,21.38,304.41,-78.35,171.42
52.412006,-1.507074,148.07,17.26,4,135.01,20 / 21,209509,2019-09-06 20:56:34:516,-0.4866,0.3882,9.9396,-0.0514,0.0184,9.8065,0.219,-0.0422,0.0615,-15.75,-35.12,21.38,301.58,-78.51,172.6
52.412006,-1.507074,148.07,17.26,4,135.01,20 / 21,209609,2019-09-06 20:56:34:616,0.2782,-0.8764,10.2489,0.032,-0.0373,9.8065,0.1676,-0.0101,-0.0158,-16.62,-35.19,22.69,304.24,-78.51,173.04
52.412006,-1.507074,148.07,17.26,4,135.01,20 / 21,209710,2019-09-06 20:56:34:717,0.2036,-0.164,9.3909,0.0212,-0.0236,9.8066,-0.1468,-0.0436,0.0395,-16.56,-33.5,23.25,305.44,-78.39,173.53
52.412006,-1.507074,148.07,17.26,4,135.01,20 / 21,209810,2019-09-06 20:56:34:817,-0.8888,-0.0872,9.1509,-0.027,0.0245,9.8065,-0.1084,0.0039,-0.016,-15.81,-31.56,24.38,309.3,-78.58,173.46
52.412006,-1.507074,148.07,17.26,4,135.01,20 / 21,209910,2019-09-06 20:56:34:917,-0.4493,0.0001,9.4777,-0.0044,0.0316,9.8065,0.0854,-0.0496,-0.0497,-12.81,-30.25,23.25,314.14,-78.78,173.39
52.412006,-1.507074,148.07,17.26,4,135.01,20 / 21,210010,2019-09-06 20:56:35:017,-0.8805,0.4045,10.0888,0.0151,-0.0002,9.8066,0.0563,-0.0303,-0.0436,-8.69,-31.19,20.13,315.34,-78.9,171.24
52.412006,-1.507074,148.07,17.26,4,135.01,20 / 21,210110,2019-09-06 20:56:35:117,0.6194,-0.3305,10.0479,0.0137,0.0042,9.8066,0.014,-0.0159,0.0019,-10.94,-32.5,18.25,303.69,-78.68,170.18
52.412006,-1.507074,148.07,17.26,4,135.01,20 / 21,210210,2019-09-06 20:56:35:217,0.1786,0.0295,9.8805,-0.0073,0.0041,9.8066,-0.0237,-0.0023,-0.0065,-13.81,-34.31,17.19,293.44,-78.58,169.9
52.412006,-1.507074,148.07,17.26,4,135.01,20 / 21,210309,2019-09-06 20:56:35:316,-0.4294,-0.1678,9.7585,-0.0114,0.0119,9.8066,-0.0291,0.0182,-0.0336,-15.81,-37.06,18.94,293.51,-78.81,169.65
52.412006,-1.507074,148.07,17.26,4,135.01,20 / 21,210409,2019-09-06 20:56:35:416,0.3708,0.0941,9.6109,0,-0.006,9.8066,0.0538,0.0045,0.0321,-15.87,-36.69,20.25,295.66,-78.99,169.36
52.412006,-1.507074,148.07,17.26,4,135.01,20 / 21,210510,2019-09-06 20:56:35:517,-0.2016,0.0119,9.5146,0.0064,-0.0057,9.8066,-0.0339,0.0084,-0.013,-14.94,-35,22.06,302.52,-79.03,169.62
52.412006,-1.507074,148.07,17.26,4,135.01,20 / 21,210610,2019-09-06 20:56:35:617,-0.12,0.281,9.7831,-0.0053,-0.001,9.8066,-0.0502,0.0002,0.0135,-12.87,-34.25,19.56,303.18,-78.98,170.04
52.412006,-1.507074,148.07,17.26,4,135.01,20 / 21,210709,2019-09-06 20:56:35:716,0.2243,0.2034,9.5502,-0.0088,0.0075,9.8066,0.0935,0.0015,-0.0063,-13.12,-34.81,17.19,295.87,-79.01,170.24
52.412006,-1.507074,148.07,17.26,4,135.01,20 / 21,210809,2019-09-06 20:56:35:816,0.0299,-0.0929,10.1082,-0.0184,-0.0016,9.8066,0.013,-0.0011,0.0398,-13.75,-36.31,15.94,291.13,-78.97,170.56
52.412006,-1.507074,148.07,17.26,4,135.01,20 / 21,210910,2019-09-06 20:56:35:917,-0.1937,-0.4612,9.8049,-0.0372,0.0265,9.8065,0.0369,0.0068,-0.0189,-15.81,-38.37,16.5,290.24,-79.25,170.65
52.412006,-1.507074,148.07,17.26,4,135.01,20 / 21,211010,2019-09-06 20:56:36:017,0.6638,-0.4996,9.8192,0.0186,-0.0099,9.8065,-0.0254,0.0089,0.0025,-16.12,-38.81,15.5,286.85,-79.37,170.14
52.412006,-1.507074,148.07,17.26,4,135.01,20 / 21,211109,2019-09-06 20:56:36:116,0.6793,0.2792,9.7608,0.0191,0.0008,9.8066,0.0843,-0.0064,0.0308,-12.25,-46.06,15.38,285.34,-79.37,169.92
52.412006,-1.507074,148.07,17.26,4,135.01,20 / 21,211210,2019-09-06 20:56:36:217,-0.2405,-0.6846,9.3948,-0.0118,0.0081,9.8065,0.045,-0.0456,0.0371,-11,-49.62,23.69,308.71,-79.38,169.79
52.412006,-1.507074,148.07,17.26,4,135.01,20 / 21,211310,2019-09-06 20:56:36:317,0.0902,0.2794,9.7517,-0.0098,0.0064,9.8066,0.048,-0.0279,0.0283,-12.75,-41.5,29.25,315.63,-79.42,169.88
52.412006,-1.507074,148.07,17.26,4,135.01,20 / 21,211409,2019-09-06 20:56:36:416,0.276,0.2119,9.8852,0.0059,-0.0024,9.8066,0.0291,-0.0349,-0.0048,-14.94,-37.19,24.69,308.05,-79.55,170.02
52.412006,-1.507074,148.07,17.26,4,135.01,20 / 21,211510,2019-09-06 20:56:36:517,0.2698,0.3573,10.1199,-0.0044,0.01,9.8066,0.1185,-0.0349,0.0358,-16.69,-37.69,23.81,302.36,-79.52,169.7
52.412006,-1.507074,148.07,17.26,4,135.01,20 / 21,211609,2019-09-06 20:56:36:616,0.5441,-0.5682,9.8191,0.0095,-0.0148,9.8066,0.1061,0.0047,0.0058,-17.31,-35.37,26.13,306.27,-79.45,169.6
52.412006,-1.507074,148.07,17.26,4,135.01,20 / 21,211709,2019-09-06 20:56:36:716,0.2363,-0.537,9.7525,-0.0074,0.0126,9.8066,-0.0808,-0.0181,-0.026,-13,-33,23.69,311.2,-79.48,169.78
52.412006,-1.507074,148.07,17.26,4,135.01,20 / 21,211809,2019-09-06 20:56:36:816,-0.3296,0.5724,9.3831,-0.0245,-0.0039,9.8066,-0.0802,0.0051,0.0181,-13.5,-33.62,20.31,304.36,-79.54,170.31
52.412006,-1.507074,148.07,17.26,4,135.01,20 / 21,211909,2019-09-06 20:56:36:916,-0.5084,-0.1144,9.6817,-0.0176,0.0047,9.8065,0.1107,-0.003,0.0136,-14.19,-35.31,20,303.51,-79.59,171.57
52.412006,-1.507074,148.07,17.26,4,135.01,20 / 21,212010,2019-09-06 20:56:37:017,-0.2905,-0.825,9.881,0.0058,-0.0087,9.8066,0.0303,-0.0195,-0.0364,-13.81,-34.75,20.81,305.9,-79.74,171.7
52.41104,-1.505366,147.83,18.41,4,132.01,20 / 21,212109,2019-09-06 20:56:37:116,-0.1665,-0.2611,9.7428,0.0058,0.0125,9.8066,-0.0784,-0.0271,-0.0151,-13.87,-33.69,21.13,305.62,-79.81,171.03
52.41104,-1.505366,147.83,18.41,4,132.01,20 / 21,212210,2019-09-06 20:56:37:217,0.1638,-0.5882,9.3511,0.0024,-0.0001,9.8065,-0.0777,-0.0124,0.0125,-13.75,-32.69,20.06,303.11,-79.96,170.02
52.41104,-1.505366,147.83,18.41,4,132.01,20 / 21,212309,2019-09-06 20:56:37:316,-0.6886,-0.2826,9.746,-0.0105,0.0124,9.8066,0.1173,-0.028,-0.0132,-13.31,-32.75,19,302.8,-80.01,169.78
52.41104,-1.505366,147.83,18.41,4,132.01,20 / 21,212410,2019-09-06 20:56:37:417,0.4315,-1.5818,10.5232,0.0214,-0.0225,9.8066,0.2407,-0.0974,-0.0064,-12.5,-33.5,17.69,301.71,-80.12,168.78
52.41104,-1.505366,147.83,18.41,4,132.01,20 / 21,212510,2019-09-06 20:56:37:517,-0.0761,-1.5157,10.6562,0.0539,-0.022,9.8064,-0.1037,-0.0053,-0.1042,-13.5,-34.75,20.5,303.91,-79.8,168.25
52.41104,-1.505366,147.83,18.41,4,132.01,20 / 21,212609,2019-09-06 20:56:37:616,0.0006,0.7458,9.5775,-0.0065,0.0172,9.8065,-0.0276,0.1141,-0.0746,-13.75,-34.12,20.56,302.09,-79.82,167.96
52.41104,-1.505366,147.83,18.41,4,132.01,20 / 21,212710,2019-09-06 20:56:37:717,-0.0641,0.0196,9.6209,-0.0197,0.0164,9.8066,-0.0014,0.033,0.0448,-13.19,-34.25,21.31,304.44,-79.81,168.34
52.41104,-1.505366,147.83,18.41,4,132.01,20 / 21,212810,2019-09-06 20:56:37:817,0.3397,-0.2614,9.2551,0.0184,-0.0042,9.8066,-0.012,0.0207,-0.0456,-12.44,-33.44,19.19,301.69,-79.94,167.12
52.41104,-1.505366,147.83,18.41,4,132.01,20 / 21,212910,2019-09-06 20:56:37:917,0.7052,-0.5374,9.1514,0.0037,0.0052,9.8066,0.1486,-0.0316,0.0188,-13.81,-34.12,18.19,293.98,-79.8,166.35
52.41104,-1.505366,147.83,18.41,4,132.01,20 / 21,213010,2019-09-06 20:56:38:017,0.6218,-0.4295,9.7607,0.0164,0.0024,9.8066,0.0572,-0.0252,-0.0697,-15,-35.69,17.63,290.11,-79.79,165.24
52.41104,-1.505366,147.83,18.41,4,132.01,20 / 21,213110,2019-09-06 20:56:38:117,0.7254,0.106,9.664,-0.003,-0.0138,9.8066,-0.0752,-0.0339,0.0862,-16,-36.06,18,288.63,-79.79,165.31
52.41104,-1.505366,147.83,18.41,4,132.01,20 / 21,213210,2019-09-06 20:56:38:217,0.2703,-0.0059,10.1481,0.0273,-0.0216,9.8065,0.1663,0.0201,0.0197,-15.44,-36.31,19.13,292.34,-79.86,165.16
52.41104,-1.505366,147.83,18.41,4,132.01,20 / 21,213309,2019-09-06 20:56:38:316,1.0387,-0.3703,9.9195,0.0099,-0.0226,9.8065,-0.1116,-0.0072,0.0631,-14.69,-35.62,19.19,292.4,-79.81,165.28
52.41104,-1.505366,147.83,18.41,4,132.01,20 / 21,213409,2019-09-06 20:56:38:416,0.2903,-0.3735,8.6633,-0.037,-0.0006,9.8065,-0.1277,-0.0257,0.0316,-14.69,-37.06,16.13,286.17,-79.82,166.46
52.41104,-1.505366,147.83,18.41,4,132.01,20 / 21,213509,2019-09-06 20:56:38:516,0.4585,-0.5053,9.4341,0.0216,-0.0154,9.8065,-0.1343,-0.0035,-0.0008,-13.69,-39.5,14.94,285.19,-80.06,167.18
52.41104,-1.505366,147.83,18.41,4,132.01,20 / 21,213610,2019-09-06 20:56:38:617,0.8339,0.8373,10.8641,-0.002,0.0111,9.8066,0.0444,0.1005,-0.0703,-10.44,-45.19,14.19,285.98,-80.3,167.18
52.41104,-1.505366,147.83,18.41,4,132.01,20 / 21,213709,2019-09-06 20:56:38:716,-0.4074,-1.1228,10.6493,-0.0082,0.0131,9.8066,0.0528,0.0966,0.0149,-9.06,-47.62,24.13,312.32,-80.15,167.12
52.41104,-1.505366,147.83,18.41,4,132.01,20 / 21,213810,2019-09-06 20:56:38:817,0.0952,-0.2755,10.2591,0.0175,-0.0234,9.8065,0.0032,0.0137,0.0416,-12.19,-38.69,28.19,314.89,-79.9,167.76
52.41104,-1.505366,147.83,18.41,4,132.01,20 / 21,213910,2019-09-06 20:56:38:917,-0.0762,0.5076,10.3925,0.0066,-0.0123,9.8066,-0.1336,0.0154,-0.0192,-13.5,-35.44,23.63,308.43,-79.83,167.64
52.41104,-1.505366,147.83,18.41,4,132.01,20 / 21,214010,2019-09-06 20:56:39:017,-0.1439,-0.7745,10.0269,-0.0065,-0.0087,9.8066,-0.086,-0.0321,0.0403,-15,-36.31,20.81,298.95,-79.82,167.48
52.41104,-1.505366,147.83,18.41,4,132.01,20 / 21,214109,2019-09-06 20:56:39:116,-0.1399,-1.1884,8.2998,-0.0004,-0.0163,9.8066,0.0463,0.0122,-0.0559,-15.87,-36.81,19.75,296.01,-79.86,168.41
52.41104,-1.505366,147.83,18.41,4,132.01,20 / 21,214210,2019-09-06 20:56:39:217,-1.2872,0.6076,10.0224,-0.0217,0.0308,9.8065,0.0386,-0.0227,-0.0276,-16.62,-36.87,19.94,294.26,-80,168.01
52.41104,-1.505366,147.83,18.41,4,132.01,20 / 21,214310,2019-09-06 20:56:39:317,0.7519,-0.3692,10.5277,0.0021,0.0129,9.8066,-0.1204,0.0175,-0.0159,-16,-35.5,21.94,298.89,-80.04,166.66
52.41104,-1.505366,147.83,18.41,4,132.01,20 / 21,214409,2019-09-06 20:56:39:416,0.7492,-0.8621,10.5191,0.0092,-0.0054,9.8066,-0.1125,0.0052,-0.0314,-15.56,-35.12,19.56,294.74,-79.84,166.55
52.41104,-1.505366,147.83,18.41,4,132.01,20 / 21,214509,2019-09-06 20:56:39:516,0.0657,0.2588,9.438,0.0169,-0.0077,9.8065,-0.0286,-0.0163,0.0076,-15.81,-35.25,19.31,292.69,-79.85,166.54
52.41104,-1.505366,147.83,18.41,4,132.01,20 / 21,214610,2019-09-06 20:56:39:617,0.5548,1.0964,9.6095,-0.0332,0.0329,9.8065,-0.0327,0.0142,-0.0487,-15,-35.37,19.75,296.11,-79.76,166.42
52.41104,-1.505366,147.83,18.41,4,132.01,20 / 21,214709,2019-09-06 20:56:39:716,-0.1718,-0.0256,9.6158,-0.0312,0.0089,9.8065,0.0395,-0.0091,0.0267,-13.31,-34.87,19.06,298.56,-80.09,166.75
52.41104,-1.505366,147.83,18.41,4,132.01,20 / 21,214810,2019-09-06 20:56:39:817,-0.2805,-0.2352,10.2589,0.0299,-0.0158,9.8065,0.0105,-0.0456,0.0338,-11.06,-36.69,16.5,297.24,-80.08,166.96
52.41104,-1.505366,147.83,18.41,4,132.01,20 / 21,214910,2019-09-06 20:56:39:917,0.0994,0.1746,9.6859,0.0212,-0.0171,9.8066,0.114,0.0028,-0.0042,-9.12,-43,19.88,305.7,-79.75,166.99
52.41104,-1.505366,147.83,18.41,4,132.01,20 / 21,215010,2019-09-06 20:56:40:017,0.6012,0.7662,9.4192,-0.0117,0.0064,9.8066,0.0772,-0.059,0.0922,-11.69,-39.06,25.31,310.56,-79.69,167.8
52.41104,-1.505366,147.83,18.41,4,132.01,20 / 21,215110,2019-09-06 20:56:40:117,0.0312,0.1069,9.9962,-0.0073,0.0166,9.8066,-0.024,-0.0101,-0.0376,-13.56,-35.56,24.56,307.84,-79.86,167.69
52.41104,-1.505366,147.83,18.41,4,132.01,20 / 21,215209,2019-09-06 20:56:40:216,-0.4779,0.5677,10.3582,-0.0102,0.0011,9.8066,0.0389,0.0272,0.0123,-14.56,-35.25,23.94,304.42,-79.85,167.32
52.41104,-1.505366,147.83,18.41,4,132.01,20 / 21,215310,2019-09-06 20:56:40:317,0.7735,-0.7386,9.8627,-0.004,0.0008,9.8066,-0.1294,-0.0563,0.0412,-15.06,-34.5,23.94,305.33,-79.79,167.88
52.41104,-1.505366,147.83,18.41,4,132.01,20 / 21,215410,2019-09-06 20:56:40:417,-0.5249,-0.2481,9.1043,0.004,-0.0076,9.8066,-0.0867,-0.0479,-0.0293,-12.87,-31.75,22.06,306.83,-79.9,168.07
52.41104,-1.505366,147.83,18.41,4,132.01,20 / 21,215510,2019-09-06 20:56:40:517,-0.0504,0.7216,9.5393,0.0134,0.0103,9.8065,0.0869,-0.042,-0.0069,-13.19,-33.56,16.38,292.16,-80.08,167.02
52.41104,-1.505366,147.83,18.41,4,132.01,20 / 21,215610,2019-09-06 20:56:40:617,-0.2481,0.7008,9.8609,0.0083,0.004,9.8066,0.154,-0.0374,-0.0643,-16.62,-36.37,17.13,285.63,-80.04,165.5
52.41104,-1.505366,147.83,18.41,4,132.01,20 / 21,215710,2019-09-06 20:56:40:717,0.5402,-1.3283,10.1222,-0.0074,-0.0132,9.8066,-0.144,0.059,0.048,-18,-36.87,19.94,290.53,-79.87,166.1
52.41104,-1.505366,147.83,18.41,4,132.01,20 / 21,215810,2019-09-06 20:56:40:817,-0.5945,-0.6307,10.0432,0.0044,0.0089,9.8066,-0.0907,-0.0376,0.0409,-17.12,-36.12,22.13,296.62,-79.92,166.52
52.41104,-1.505366,147.83,18.41,4,132.01,20 / 21,215910,2019-09-06 20:56:40:917,0.2602,0.6219,10.0587,0.0012,-0.0008,9.8066,-0.0205,-0.0275,-0.0138,-15.44,-35.31,21.31,297.27,-79.96,165.45
52.41104,-1.505366,147.83,18.41,4,132.01,20 / 21,216010,2019-09-06 20:56:41:017,-0.1869,0.133,9.1888,-0.024,-0.0018,9.8066,-0.0945,-0.0071,0.0297,-15.94,-33.25,18.31,291.24,-79.91,166.29
52.41104,-1.505366,147.83,18.41,4,132.01,20 / 21,216109,2019-09-06 20:56:41:116,0.1089,0.767,10.3313,0.0136,-0.0182,9.8066,-0.0447,0.0857,-0.06,-16.31,-36,18.19,291.31,-79.98,167.46
52.41104,-1.505366,147.83,18.41,4,132.01,20 / 21,216210,2019-09-06 20:56:41:217,-0.7957,-0.6837,10.9273,0.0224,-0.0185,9.8066,-0.0493,0.028,-0.0419,-17.06,-36.56,21.94,297.38,-80.02,167.4
52.41104,-1.505366,147.83,18.41,4,132.01,20 / 21,216309,2019-09-06 20:56:41:316,0.8561,0.4404,10.3102,0.0176,-0.0009,9.8066,0.0265,0.0286,-0.0863,-17.31,-35.44,22.38,297.45,-79.79,167.09
52.41104,-1.505366,147.83,18.41,4,132.01,20 / 21,216410,2019-09-06 20:56:41:417,0.1853,-0.2981,9.7027,-0.0076,0.0114,9.8066,0.0453,0.024,0.0182,-15.37,-35.37,21.81,300.33,-79.75,166.82
52.41104,-1.505366,147.83,18.41,4,132.01,20 / 21,216510,2019-09-06 20:56:41:517,-0.1981,1.1048,9.4703,-0.0241,0.0137,9.8066,-0.0955,0.0293,0.0087,-17.44,-36.25,18.88,290.54,-79.64,166.64
52.41104,-1.505366,147.83,18.41,4,132.01,20 / 21,216609,2019-09-06 20:56:41:616,0.3871,-1.019,10.0308,0.044,-0.0227,9.8065,-0.0842,-0.033,0.0603,-19.31,-36.25,21.31,292.8,-79.87,167.32
52.41104,-1.505366,147.83,18.41,4,132.01,20 / 21,216709,2019-09-06 20:56:41:716,-0.2439,-1.1546,9.0162,0.0332,-0.0477,9.8065,-0.1466,0.0156,0.0991,-17.31,-36.37,21.81,298.17,-79.71,168.17
52.41104,-1.505366,147.83,18.41,4,132.01,20 / 21,216809,2019-09-06 20:56:41:816,0.1524,0.0043,9.3419,-0.0547,0.0227,9.8064,-0.0339,-0.0508,-0.0094,-16.37,-36.25,20.44,296.36,-79.99,168.17
52.41104,-1.505366,147.83,18.41,4,132.01,20 / 21,216910,2019-09-06 20:56:41:917,0.4063,0.5796,10.2977,-0.0184,0.0227,9.8065,-0.034,0.0231,-0.037,-16.62,-36,19.75,295.83,-80.25,168.73
52.41104,-1.505366,147.83,18.41,4,132.01,20 / 21,217010,2019-09-06 20:56:42:017,0.7106,-0.6969,9.94,0.0162,-0.0266,9.8065,0.0542,-0.0486,0.0211,-15.75,-36.25,18.75,294.7,-80.37,167.99
52.41104,-1.505366,147.83,18.41,4,132.01,20 / 21,217110,2019-09-06 20:56:42:117,0.0129,-1.3608,10.1141,0.0613,-0.0284,9.8063,-0.0609,-0.0677,-0.0413,-16.06,-36.19,17.88,292.73,-80.06,168.62
52.41104,-1.505366,147.83,18.41,4,132.01,20 / 21,217209,2019-09-06 20:56:42:216,-0.2008,0.0027,11.3102,0.0072,0.0206,9.8066,0.0048,0.0099,-0.052,-15.56,-37.87,15.94,286.22,-80.12,167.75
52.41104,-1.505366,147.83,18.41,4,132.01,20 / 21,217310,2019-09-06 20:56:42:317,-0.4255,-0.0757,10.5845,0.0543,-0.0067,9.8065,-0.0141,0.0019,-0.0926,-15.06,-43.12,21.25,293.82,-79.73,165.69
52.41104,-1.505366,147.83,18.41,4,132.01,20 / 21,217410,2019-09-06 20:56:42:417,-0.3525,-0.7559,11.2669,0.0267,0.0085,9.8066,0.0892,0.0606,-0.0933,-15.62,-37.31,27.19,302.53,-79.4,164.29
52.41104,-1.505366,147.83,18.41,4,132.01,20 / 21,217510,2019-09-06 20:56:42:517,-1.0367,1.023,10.7717,-0.011,0.0089,9.8066,0.2226,0.0254,0.0416,-16.19,-34.69,25,298.49,-79.13,162.97
52.41104,-1.505366,147.83,18.41,4,132.01,20 / 21,217610,2019-09-06 20:56:42:617,0.6468,-0.7152,10.2103,0.0219,-0.0467,9.8065,0.0285,-0.0574,0.0436,-15.5,-34.75,23.06,297.75,-79.59,163.18
52.41104,-1.505366,147.83,18.41,4,132.01,20 / 21,217710,2019-09-06 20:56:42:717,-2.1212,0.1791,9.0575,0.0112,-0.0072,9.8066,0.0661,-0.0192,0.0601,-15.62,-34.87,21.94,295.84,-79.86,164.14
52.41104,-1.505366,147.83,18.41,4,132.01,20 / 21,217810,2019-09-06 20:56:42:817,1.6065,0.1906,10.091,0.0209,0.0138,9.8065,-0.3137,-0.1184,-0.0031,-15.69,-35.12,21.63,295.99,-80,164.09
52.41104,-1.505366,147.83,18.41,4,132.01,20 / 21,217910,2019-09-06 20:56:42:917,0.3022,2.6176,10.4404,0.0198,-0.0429,9.8065,-0.21,0.1527,-0.1369,-16.06,-35,21.25,293.9,-79.72,164.21
52.41104,-1.505366,147.83,18.41,4,132.01,20 / 21,218009,2019-09-06 20:56:43:016,-0.1128,-0.8899,10.5247,-0.0299,-0.0113,9.8066,0.1277,-0.008,-0.0308,-16.19,-34.81,20.31,291.47,-79.49,164.07
52.41104,-1.505366,147.83,18.41,4,132.01,19 / 20,218111,2019-09-06 20:56:43:118,-0.1604,-0.5763,9.6313,-0.0297,0.0152,9.8065,0.0374,-0.0946,-0.0085,-15.94,-34.94,20.19,292.76,-79.44,165.32
52.41104,-1.505366,147.83,18.41,4,132.01,19 / 20,218210,2019-09-06 20:56:43:217,-0.1917,0.8,9.5646,-0.0076,0.0178,9.8066,-0.0001,-0.0734,0.0848,-15.62,-35.12,18.63,291.42,-79.79,165.47
52.41104,-1.505366,147.83,18.41,4,132.01,19 / 20,218309,2019-09-06 20:56:43:316,-0.6898,-0.0036,9.6452,-0.0149,0.0064,9.8066,-0.0032,0.0085,0.0594,-15.56,-36.5,16.5,286.47,-80.04,165.01
52.41104,-1.505366,147.83,18.41,4,132.01,19 / 20,218409,2019-09-06 20:56:43:416,-1.5371,-0.3811,10.1509,0.0088,-0.0108,9.8066,0.0762,-0.0205,-0.0509,-15.19,-39.75,14.63,281.58,-80.1,165.55
52.41104,-1.505366,147.83,18.41,4,132.01,19 / 20,218509,2019-09-06 20:56:43:516,1.8085,-1.8103,10.1522,0.0275,-0.0057,9.8066,0.0416,-0.0131,0.0388,-13.75,-46.62,19.75,291.98,-79.79,165.99
52.41104,-1.505366,147.83,18.41,4,132.01,19 / 20,218610,2019-09-06 20:56:43:617,-2.5364,-0.0874,11.0661,-0.0404,0.0338,9.8065,0.2158,-0.0172,0.0255,-14.06,-41.56,27.13,307.27,-79.56,166.75
52.41104,-1.505366,147.83,18.41,4,132.01,19 / 20,218710,2019-09-06 20:56:43:717,-0.5811,0.3034,11.0057,-0.0399,0.0124,9.8065,0.2329,-0.0289,-0.0487,-14.94,-36.87,26.31,306.1,-79.49,167.13
52.41104,-1.505366,147.83,18.41,4,132.01,19 / 20,218810,2019-09-06 20:56:43:817,-0.2695,-0.195,10.2546,0.0299,-0.0279,9.8065,-0.079,-0.1053,0.0477,-16.56,-35.69,24.19,301.05,-79.62,167.82
52.41104,-1.505366,147.83,18.41,4,132.01,19 / 20,218910,2019-09-06 20:56:43:917,-0.6224,-0.371,9.6396,0.0178,-0.0147,9.8066,-0.0658,-0.04,-0.0425,-17.44,-35,23.13,299.79,-79.44,168.06
52.41104,-1.505366,147.83,18.41,4,132.01,19 / 20,219009,2019-09-06 20:56:44:016,-0.2655,-0.7406,9.4167,-0.0069,0.0068,9.8065,0.0053,-0.0407,0.0422,-17.31,-34.75,22.63,299.24,-79.5,167.48
52.41104,-1.505366,147.83,18.41,4,132.01,19 / 20,219109,2019-09-06 20:56:44:116,-0.7264,-0.626,9.6432,-0.0123,0.0016,9.8066,0.0504,-0.0797,0.052,-17.25,-34.44,21.44,296.3,-79.57,167.61
52.41104,-1.505366,147.83,18.41,4,132.01,19 / 20,219209,2019-09-06 20:56:44:216,-0.3562,-1.8724,10.0169,0.0179,-0.0132,9.8066,-0.0401,-0.0454,-0.0087,-16.87,-34.81,21.06,296.56,-79.61,168.16
52.41104,-1.505366,147.83,18.41,4,132.01,19 / 20,219310,2019-09-06 20:56:44:317,-1.1505,-1.2128,9.7987,0.0245,-0.0233,9.8065,-0.0687,-0.0564,0.0628,-17.56,-34.75,20.63,294.86,-79.62,167.92
52.41104,-1.505366,147.83,18.41,4,132.01,19 / 20,219410,2019-09-06 20:56:44:417,-0.8854,-1.2534,9.9898,-0.0124,-0.0015,9.8066,-0.065,-0.0205,-0.0773,-17.44,-35.12,18.13,290.78,-79.53,168.57
52.41104,-1.505366,147.83,18.41,4,132.01,19 / 20,219509,2019-09-06 20:56:44:516,-0.4029,0.1291,10.0957,0.0117,-0.0013,9.8065,-0.0194,0.0175,0.0237,-17.94,-36.25,17.13,286.51,-79.57,168.26
52.41104,-1.505366,147.83,18.41,4,132.01,19 / 20,219610,2019-09-06 20:56:44:617,-1.2886,-0.386,10.756,-0.0025,-0.0181,9.8066,0.1413,0.0712,-0.0173,-17.56,-39.12,14.69,280.24,-79.46,168.34
52.41104,-1.505366,147.83,18.41,4,132.01,19 / 20,219710,2019-09-06 20:56:44:717,-0.4939,-1.2183,10.5855,0.0054,-0.0195,9.8066,0.158,-0.0944,0.0709,-17.44,-48.5,18.25,286.29,-79.3,170.49
52.41104,-1.505366,147.83,18.41,4,132.01,19 / 20,219813,2019-09-06 20:56:44:820,1.3441,0.1029,10.1384,-0.0442,0.0592,9.8063,0.089,-0.1833,0.1795,-19.06,-45.81,28.63,305.66,-79.24,171.13
52.41104,-1.505366,147.83,18.41,4,132.01,19 / 20,219910,2019-09-06 20:56:44:917,-3.8201,1.3835,9.4429,-0.0246,0.0011,9.8066,-0.0614,-0.0338,-0.1567,-18.94,-37.31,30.44,310.43,-79.47,171.68
52.41104,-1.505366,147.83,18.41,4,132.01,19 / 20,220010,2019-09-06 20:56:45:017,-1.724,0.1177,9.3938,-0.0243,0.0286,9.8065,0.0714,0.0113,-0.1334,-18.19,-33.81,27,308.14,-79.35,171.17
52.41104,-1.505366,147.83,18.41,4,132.01,19 / 20,220111,2019-09-06 20:56:45:118,-1.6256,-2.5586,10.3184,-0.0263,0.071,9.8063,0.3259,0.0842,-0.0824,-18,-33.06,25.13,303.77,-79.7,169.22
52.41104,-1.505366,147.83,18.41,4,132.01,19 / 20,220210,2019-09-06 20:56:45:217,1.9116,0.5185,9.3432,0.0809,-0.0476,9.8061,0.2173,0.0807,-0.0682,-17.56,-32.75,24.63,303.35,-79.74,168.81
52.41104,-1.505366,147.83,18.41,4,132.01,19 / 20,220309,2019-09-06 20:56:45:316,-0.4859,-2.8876,9.4892,0.0282,0.0014,9.8066,-0.0772,0.0415,-0.2409,-17.25,-32.62,23.94,303.45,-79.59,169.06
52.41104,-1.505366,147.83,18.41,4,132.01,19 / 20,220410,2019-09-06 20:56:45:417,-0.7726,-0.0882,10.2921,-0.0198,0.0003,9.8066,-0.0099,-0.0765,0.0177,-17.75,-33.25,22.5,300.44,-79.54,169.23
52.41104,-1.505366,147.83,18.41,4,132.01,19 / 20,220510,2019-09-06 20:56:45:517,-0.5593,-0.8745,10.051,0.0014,0.0105,9.8066,-0.0196,-0.045,0.0426,-17.44,-33.12,22.19,300.7,-79.56,169.61
52.41104,-1.505366,147.83,18.41,4,132.01,19 / 20,220609,2019-09-06 20:56:45:616,0.4132,-0.6404,10.0661,-0.0054,0.0205,9.8066,-0.077,0.0327,-0.11,-17.06,-32.94,21.81,300.9,-79.51,169.85
52.41104,-1.505366,147.83,18.41,4,132.01,19 / 20,220709,2019-09-06 20:56:45:716,0.0563,-0.6875,10.5158,-0.0057,0.0063,9.8066,0.1555,-0.0671,-0.0075,-15.44,-33.19,19.56,300.41,-79.59,169.72
52.41104,-1.505366,147.83,18.41,4,132.01,19 / 20,220809,2019-09-06 20:56:45:816,-2.9095,-2.9094,11.0528,0.0697,-0.0115,9.8063,-0.005,-0.2337,0.1177,-13.37,-34.75,18.69,297.78,-79.79,166.52
52.41104,-1.505366,147.83,18.41,4,132.01,19 / 20,220909,2019-09-06 20:56:45:916,0.7099,0.1264,12.4452,0.0851,-0.0574,9.806,-0.0063,-0.0601,0.0206,-10.25,-38.87,18.88,298.27,-79.59,163.46
52.41104,-1.505366,147.83,18.41,4,132.01,19 / 20,221009,2019-09-06 20:56:46:016,-1.8904,-0.1107,9.7029,-0.0194,0.0125,9.8066,-0.0812,-0.1679,0.0048,-10.37,-41.56,26,309.5,-78.66,164.48
52.409985,-1.503512,146.95,19.51,4,138.25,19 / 20,221109,2019-09-06 20:56:46:116,-1.068,0.6354,9.9842,-0.0435,-0.0061,9.8065,0.0288,-0.0725,0.0209,-13.44,-35.87,29.75,313.63,-78.76,166.65
52.409985,-1.503512,146.95,19.51,4,138.25,19 / 20,221210,2019-09-06 20:56:46:217,-0.6319,-0.8735,9.7903,0.0025,0.0142,9.8065,0.0074,-0.0624,-0.019,-14.87,-33.25,26.44,306.46,-78.96,166.82
52.409985,-1.503512,146.95,19.51,4,138.25,19 / 20,221309,2019-09-06 20:56:46:316,-1.1803,-1.3703,9.4706,0.0117,0.0014,9.8066,-0.0387,0.0078,-0.0099,-15.56,-33.12,24.94,302.65,-79.09,166.09
52.409985,-1.503512,146.95,19.51,4,138.25,19 / 20,221409,2019-09-06 20:56:46:416,-0.9455,0.3362,9.2854,-0.0184,0.0237,9.8065,0.0788,-0.0378,0.0343,-15.75,-32.56,23.75,300.16,-79,165.35
52.409985,-1.503512,146.95,19.51,4,138.25,19 / 20,221509,2019-09-06 20:56:46:516,-0.3335,0.1259,9.7801,-0.0112,0.0008,9.8066,0.0374,-0.028,-0.0513,-15.12,-32.37,23.5,302.37,-79.03,165.46
52.409985,-1.503512,146.95,19.51,4,138.25,19 / 20,221610,2019-09-06 20:56:46:617,0.0068,-0.2947,10.0356,0.0163,-0.014,9.8066,0.0101,-0.0601,0.0687,-14.12,-33.12,23.44,302.18,-78.91,165.67
52.409985,-1.503512,146.95,19.51,4,138.25,19 / 20,221710,2019-09-06 20:56:46:717,-0.5778,-1.3985,9.7452,0.0019,-0.016,9.8066,-0.0156,-0.0685,0.0716,-13.87,-32.5,23.56,304.71,-78.82,166.19
52.409985,-1.503512,146.95,19.51,4,138.25,19 / 20,221809,2019-09-06 20:56:46:816,-0.4601,-0.7293,9.2376,-0.0067,0.0073,9.8066,-0.0314,-0.076,-0.0036,-13.81,-31.62,23.69,305.51,-78.9,166.82
52.409985,-1.503512,146.95,19.51,4,138.25,19 / 20,221909,2019-09-06 20:56:46:916,-1.4491,-0.6308,9.5816,-0.0177,0.0234,9.8065,0.0974,-0.0196,0.0887,-13,-30.69,23.13,306.25,-78.92,166.84
52.409985,-1.503512,146.95,19.51,4,138.25,19 / 20,222010,2019-09-06 20:56:47:017,-0.5824,-0.9131,9.9504,0.013,-0.0183,9.8065,-0.0383,-0.1227,-0.0097,-11,-31.69,18.31,300.39,-79.05,166.88
52.409985,-1.503512,146.95,19.51,4,138.25,20 / 21,222110,2019-09-06 20:56:47:117,0.6429,-1.542,9.8573,-0.0085,0.0138,9.8066,0.2069,-0.0515,-0.103,-11.19,-38.19,17.63,296.79,-78.92,166.94
52.409985,-1.503512,146.95,19.51,4,138.25,20 / 21,222209,2019-09-06 20:56:47:216,-0.9692,0.6209,9.6499,0.0448,-0.0341,9.8065,-0.0928,-0.0405,0.0557,-11.62,-36.75,26.06,309.69,-78.76,166.32
52.409985,-1.503512,146.95,19.51,4,138.25,20 / 21,222309,2019-09-06 20:56:47:316,-0.7897,-0.1922,10.412,0.017,-0.0336,9.8065,-0.0979,-0.0079,-0.0278,-12.94,-29.06,26.69,311.45,-78.27,166.34
52.409985,-1.503512,146.95,19.51,4,138.25,20 / 21,222410,2019-09-06 20:56:47:417,-0.7084,-0.8036,9.8615,0.0074,0.0002,9.8065,-0.0729,-0.0057,0.0533,-14.19,-28.56,24.63,306.51,-78.28,165.97
52.409985,-1.503512,146.95,19.51,4,138.25,20 / 21,222509,2019-09-06 20:56:47:516,-1.2751,-0.0052,9.5641,-0.0053,-0.0029,9.8066,-0.0464,-0.0238,0.0224,-14.12,-31.31,23.69,303.71,-78.34,165.49
52.409985,-1.503512,146.95,19.51,4,138.25,20 / 21,222610,2019-09-06 20:56:47:617,-0.5767,-0.7971,9.5752,-0.0029,-0.0004,9.8066,0.0409,-0.0285,-0.026,-14.19,-32.19,23.88,303.64,-78.42,165.7
52.409985,-1.503512,146.95,19.51,4,138.25,20 / 21,222710,2019-09-06 20:56:47:717,-0.6783,-1.1417,9.307,-0.0037,0.002,9.8066,0.1023,-0.0654,0.0348,-14,-32.25,23.13,302.05,-78.48,165.69
52.409985,-1.503512,146.95,19.51,4,138.25,20 / 21,222809,2019-09-06 20:56:47:816,-0.4174,-1.0714,9.8924,-0.008,0.006,9.8066,-0.0528,-0.0774,-0.0157,-13.87,-32,22.06,300.42,-78.41,165.88
52.409985,-1.503512,146.95,19.51,4,138.25,20 / 21,222910,2019-09-06 20:56:47:917,-0.818,-0.0571,10.0356,0.0056,0.0038,9.8065,-0.0799,-0.0509,-0.0329,-13.5,-33.5,21.44,299.68,-78.34,165.74
52.409985,-1.503512,146.95,19.51,4,138.25,20 / 21,223009,2019-09-06 20:56:48:016,0.0824,0.1642,9.8531,0.0075,0.01,9.8066,-0.0178,-0.0866,0.048,-14.62,-33.87,19.75,292.94,-78.3,165.23
52.409985,-1.503512,146.95,19.51,4,138.25,20 / 21,223110,2019-09-06 20:56:48:117,-1.2884,-0.2831,10.0106,-0.0077,0.0062,9.8066,-0.0667,-0.0689,-0.0633,-13.31,-35.5,16.5,288.42,-78.23,165.02
52.409985,-1.503512,146.95,19.51,4,138.25,20 / 21,223209,2019-09-06 20:56:48:216,-0.434,-0.8927,9.7959,-0.0071,0.0142,9.8066,0.0789,-0.0871,0.067,-12.69,-45.44,13.56,272.32,-78.19,164.72
52.409985,-1.503512,146.95,19.51,4,138.25,20 / 21,223310,2019-09-06 20:56:48:317,-0.5709,-1.2975,10.8379,-0.0677,0.0185,9.8063,0.3165,-0.0164,0.0175,-12.5,-55.94,23.81,294.56,-78.55,164.1
52.409985,-1.503512,146.95,19.51,4,138.25,20 / 21,223410,2019-09-06 20:56:48:417,-0.1154,-0.3921,10.2054,0.0376,-0.0673,9.8063,-0.0773,-0.0017,0.012,-12.69,-46.44,37.56,315.48,-78.66,164.1
52.409985,-1.503512,146.95,19.51,4,138.25,20 / 21,223510,2019-09-06 20:56:48:517,-0.7932,-1.0023,10.0508,0.0285,-0.0538,9.8064,0.0657,-0.0596,0.0227,-13.62,-34.44,35.31,314.43,-78.29,164.43
52.409985,-1.503512,146.95,19.51,4,138.25,20 / 21,223609,2019-09-06 20:56:48:616,-0.7251,-0.6834,9.8456,-0.0112,0.0006,9.8065,0.0001,-0.0622,0.0347,-13.31,-32.5,31.25,313.28,-78.1,164.96
52.409985,-1.503512,146.95,19.51,4,138.25,20 / 21,223709,2019-09-06 20:56:48:716,-1.668,-1.1294,9.4986,-0.0161,0.0097,9.8066,0.0228,-0.048,0.0522,-12.19,-31.94,29.06,313.64,-78.06,165.63
52.409985,-1.503512,146.95,19.51,4,138.25,20 / 21,223809,2019-09-06 20:56:48:816,-0.9852,-0.4814,9.8542,-0.006,0.0085,9.8066,-0.0151,-0.1311,0.0242,-12.37,-31.56,27.06,311.63,-78.29,165.76
52.409985,-1.503512,146.95,19.51,4,138.25,20 / 21,223909,2019-09-06 20:56:48:916,-0.8051,-0.8953,9.5695,-0.0129,0.0217,9.8066,0.0305,-0.0812,-0.0598,-12.87,-31.56,25.19,306.81,-78.47,165.45
52.409985,-1.503512,146.95,19.51,4,138.25,20 / 21,224010,2019-09-06 20:56:49:017,-0.9563,-1.5495,10.0537,0.0214,-0.0281,9.8065,-0.0788,-0.0662,0.0457,-12.94,-32.44,23.81,304.9,-78.62,164.96
52.409985,-1.503512,146.95,19.51,4,138.25,20 / 21,224110,2019-09-06 20:56:49:117,-0.6942,-0.4933,10.2821,0.027,-0.0264,9.8065,-0.0174,-0.1541,0.0151,-12.44,-33.87,22.06,302.7,-78.45,165.25
52.409985,-1.503512,146.95,19.51,4,138.25,20 / 21,224210,2019-09-06 20:56:49:217,-0.6078,-1.165,9.8301,0.0107,-0.001,9.8066,-0.0281,-0.0828,0.0124,-13,-35.37,20.5,298.14,-78.4,165.19
52.409985,-1.503512,146.95,19.51,4,138.25,20 / 21,224309,2019-09-06 20:56:49:316,-0.6381,-1.2383,9.6135,0.009,-0.0046,9.8066,-0.0263,-0.0874,0.0195,-12.37,-38.25,18,291.19,-78.31,165.04
52.409985,-1.503512,146.95,19.51,4,138.25,20 / 21,224410,2019-09-06 20:56:49:417,-1.9429,0.0562,10.7568,0.0008,-0.0074,9.8066,0.0229,-0.1001,0.0393,-11.81,-48.62,21.44,291.98,-78.24,165.1
52.409985,-1.503512,146.95,19.51,4,138.25,20 / 21,224509,2019-09-06 20:56:49:516,1.3759,0.1707,9.9037,-0.0053,-0.009,9.8066,0.0997,0.1025,-0.0618,-12.94,-44.5,33.81,313.79,-78.25,165.67
52.409985,-1.503512,146.95,19.51,4,138.25,20 / 21,224610,2019-09-06 20:56:49:617,-1.3099,-1.1019,9.5087,-0.0153,-0.0258,9.8065,-0.0497,0.0213,0.0285,-12.75,-36.5,33.94,316.35,-78.16,166.02
52.409985,-1.503512,146.95,19.51,4,138.25,20 / 21,224710,2019-09-06 20:56:49:717,-0.5319,-1.6202,9.6222,-0.002,-0.018,9.8066,-0.1051,-0.0543,0.0433,-12.25,-33.44,31.38,317.84,-78.12,167.58
52.409985,-1.503512,146.95,19.51,4,138.25,20 / 21,224810,2019-09-06 20:56:49:817,-1.2343,-0.4787,9.3919,-0.0207,0.0371,9.8065,0.0804,-0.0508,0.0034,-12.44,-32.25,29.31,316.16,-78.19,167.65
52.409985,-1.503512,146.95,19.51,4,138.25,20 / 21,224910,2019-09-06 20:56:49:917,-0.4406,-0.4044,9.3041,-0.006,0.0233,9.8065,-0.0031,-0.0441,-0.0274,-11.37,-31,27.44,315.86,-78.28,167.36
52.409985,-1.503512,146.95,19.51,4,138.25,20 / 21,225010,2019-09-06 20:56:50:017,-0.6195,-1.0884,9.3864,-0.0023,0.0057,9.8066,-0.0287,-0.1065,0.0296,-11.06,-31.81,25.38,312.17,-78.42,166.66
52.409985,-1.503512,146.95,19.51,4,138.25,19 / 21,225110,2019-09-06 20:56:50:117,-0.9442,-0.249,9.7632,-0.0001,0.0075,9.8066,-0.0677,-0.0594,-0.0317,-11.12,-33.25,24.94,311.52,-78.54,166.31
52.409985,-1.503512,146.95,19.51,4,138.25,19 / 21,225209,2019-09-06 20:56:50:216,0.1278,1.0286,9.5007,-0.0068,0.0479,9.8065,0.3092,-0.1417,0.079,-9.94,-33.25,23.94,311.76,-78.5,165.96
52.409985,-1.503512,146.95,19.51,4,138.25,19 / 21,225310,2019-09-06 20:56:50:317,-1.7615,-0.938,9.9844,-0.037,0.0404,9.8064,0.2515,0.0292,-0.0423,-9.62,-33.31,21.38,306.04,-78.65,165.27
52.409985,-1.503512,146.95,19.51,4,138.25,19 / 21,225409,2019-09-06 20:56:50:416,-0.8965,-0.9716,9.7001,0.0167,-0.0204,9.8066,-0.1414,-0.0657,0.0552,-7.31,-36.5,18.69,308,-78.59,165.07
52.409985,-1.503512,146.95,19.51,4,138.25,19 / 21,225509,2019-09-06 20:56:50:516,-0.5811,-0.3399,8.6067,0.0106,-0.0162,9.8066,-0.2062,-0.0519,0.0424,-5.69,-44.5,17.81,303.28,-78.56,165.19
52.409985,-1.503512,146.95,19.51,4,138.25,19 / 21,225609,2019-09-06 20:56:50:616,0.1633,-0.2328,8.8641,-0.0478,0.0909,9.8061,0.3438,-0.0708,0.1341,-5.37,-47.75,30.44,325.95,-78.32,166.34
52.409985,-1.503512,146.95,19.51,4,138.25,19 / 21,225710,2019-09-06 20:56:50:717,-0.6143,-0.9227,10.9372,-0.0496,0.0714,9.8062,0.2506,-0.002,0.0727,-7.81,-39.06,35.63,328.18,-78.87,167.4
52.409985,-1.503512,146.95,19.51,4,138.25,19 / 21,225810,2019-09-06 20:56:50:817,-1.1408,-1.38,10.9123,0.0255,-0.0749,9.8063,-0.111,-0.038,0.0393,-8.81,-34,33.06,326.21,-78.85,168.14
52.409985,-1.503512,146.95,19.51,4,138.25,19 / 21,225909,2019-09-06 20:56:50:916,-0.9076,-0.9775,10.2397,0.0167,-0.0442,9.8064,-0.0029,-0.0448,0.0078,-9.69,-32.81,29.63,322.51,-78.48,168.85
52.409985,-1.503512,146.95,19.51,4,138.25,19 / 21,226010,2019-09-06 20:56:51:017,-1.1502,-0.7484,9.7284,-0.0213,0.0188,9.8065,0.0116,-0.0531,0.0322,-9.37,-33.44,27.88,322.85,-78.54,169.02
52.409985,-1.503512,146.95,19.51,4,138.25,20 / 21,226110,2019-09-06 20:56:51:117,-0.4198,-1.2847,9.2848,-0.0305,0.0242,9.8065,0.0417,-0.0476,-0.0156,-10.19,-33.94,26.31,318.6,-78.64,169.42
52.409985,-1.503512,146.95,19.51,4,138.25,20 / 21,226210,2019-09-06 20:56:51:217,-1.029,-1.6429,9.407,0.0047,-0.0015,9.8066,-0.0902,-0.0332,-0.029,-10.12,-34.87,23.75,315.76,-79.04,169.29
52.409985,-1.503512,146.95,19.51,4,138.25,20 / 21,226309,2019-09-06 20:56:51:316,-0.1954,0.5641,9.9954,-0.0044,-0.0015,9.8065,-0.1858,0.025,-0.0468,-9.44,-35.81,21.88,313.98,-79.12,168.73
52.409985,-1.503512,146.95,19.51,4,138.25,20 / 21,226410,2019-09-06 20:56:51:417,-0.6579,-1.4314,10.7725,0.0442,-0.0646,9.8063,-0.032,-0.0346,0.0234,-8.62,-38.44,20,308.49,-79.25,168.03
52.409985,-1.503512,146.95,19.51,4,138.25,20 / 21,226509,2019-09-06 20:56:51:516,1.4003,-1.7593,10.614,0.0474,-0.0386,9.8064,0.1504,-0.0721,0.0285,-8.5,-47.56,15.13,288.91,-78.86,168.97
52.409985,-1.503512,146.95,19.51,4,138.25,20 / 21,226609,2019-09-06 20:56:51:616,-2.4176,0.7745,10.578,-0.0142,0.0063,9.8065,-0.049,-0.0458,-0.0282,-7.94,-61.12,23.31,306.65,-78.92,169.36
52.409985,-1.503512,146.95,19.51,4,138.25,20 / 21,226710,2019-09-06 20:56:51:717,-0.0153,-0.3271,10.2612,0.0054,-0.0199,9.8065,-0.1198,-0.0347,-0.0384,-8.69,-53.69,41.56,330.04,-78.86,169.6
52.409985,-1.503512,146.95,19.51,4,138.25,20 / 21,226809,2019-09-06 20:56:51:816,-1.8599,-0.7106,10.5113,-0.0081,0.0079,9.8065,0.0167,-0.0125,0.005,-9.25,-38.94,41,331.92,-78.55,169.77
52.409985,-1.503512,146.95,19.51,4,138.25,20 / 21,226909,2019-09-06 20:56:51:916,-1.1604,-0.2176,9.3821,-0.0067,-0.0026,9.8066,-0.0671,-0.1105,-0.0256,-10,-34.06,32.63,326.69,-78.56,170.27
52.409985,-1.503512,146.95,19.51,4,138.25,20 / 21,227009,2019-09-06 20:56:52:016,-0.2258,-0.8676,9.4095,0.0055,0.0008,9.8066,-0.071,-0.0729,-0.0119,-11.56,-33.06,29.81,320.43,-78.7,170.17
52.409985,-1.503512,146.95,19.51,4,138.25,19 / 21,227110,2019-09-06 20:56:52:117,-0.5909,-0.2059,9.6361,0.0038,0.0007,9.8066,-0.0518,-0.0432,-0.0004,-11.94,-32.56,28.94,319.08,-78.81,169.85
52.409985,-1.503512,146.95,19.51,4,138.25,19 / 21,227209,2019-09-06 20:56:52:216,-0.6936,-0.3158,9.552,-0.0019,-0.0151,9.8066,0.0816,-0.0398,0.0639,-11.25,-33.31,28.25,320.06,-78.86,169.93
52.409985,-1.503512,146.95,19.51,4,138.25,19 / 21,227310,2019-09-06 20:56:52:317,-1.2262,-0.7087,9.7529,-0.0098,-0.0146,9.8065,-0.0616,-0.0734,0.0376,-9.94,-33.56,28.25,323.42,-78.81,171.25
52.409985,-1.503512,146.95,19.51,4,138.25,19 / 21,227409,2019-09-06 20:56:52:416,-1.274,-0.7256,9.7638,-0.0121,0.008,9.8066,-0.0334,-0.03,-0.0167,-7.5,-33.37,26.38,329.41,-78.93,171.86
52.409985,-1.503512,146.95,19.51,4,138.25,19 / 21,227509,2019-09-06 20:56:52:516,-1.0665,0.0909,10.0276,0.0003,0.0095,9.8066,0.0086,-0.0931,0.1048,-6.25,-34.56,23.31,328.57,-79.03,172.1
52.409985,-1.503512,146.95,19.51,4,138.25,19 / 21,227609,2019-09-06 20:56:52:616,-0.5486,-1.6505,9.8247,0.0073,-0.0291,9.8065,-0.0272,-0.0991,0.0374,-4.5,-42.62,23.19,333.24,-79.07,172.6
52.409985,-1.503512,146.95,19.51,4,138.25,19 / 21,227710,2019-09-06 20:56:52:717,-0.9817,-0.2397,9.995,0.0073,-0.0292,9.8066,-0.0464,-0.0631,-0.033,-5.31,-43.94,29.25,336.31,-78.95,173.12
52.409985,-1.503512,146.95,19.51,4,138.25,19 / 21,227810,2019-09-06 20:56:52:817,-0.9688,-0.9576,9.5961,0.0009,0.0001,9.8066,0.0443,-0.072,0.0556,-9.56,-37.75,30.94,327.17,-79.08,172.44
52.409985,-1.503512,146.95,19.51,4,138.25,19 / 21,227910,2019-09-06 20:56:52:917,-0.9762,-1.3242,9.7456,-0.0071,0.0117,9.8065,0.065,-0.1468,-0.0071,-12.56,-34.31,30.06,321.53,-79.12,172.53
52.409985,-1.503512,146.95,19.51,4,138.25,19 / 21,228010,2019-09-06 20:56:53:017,-0.1894,-2.1024,10.212,0.0306,-0.0465,9.8065,-0.1866,-0.0716,-0.029,-12,-33.75,29.63,323.44,-79.2,172.52
52.409985,-1.503512,146.95,19.51,4,138.25,20 / 21,228110,2019-09-06 20:56:53:117,-0.2896,-1.1136,9.856,0.0226,-0.0339,9.8065,-0.164,-0.1351,0.0763,-10.81,-32.56,28.63,324.38,-79.12,172.4
52.409985,-1.503512,146.95,19.51,4,138.25,20 / 21,228209,2019-09-06 20:56:53:216,-0.3903,-0.8484,9.7521,-0.0083,0.0041,9.8066,0.0243,-0.0861,0.006,-9.44,-32.19,27.06,327.44,-78.9,173.09
52.409985,-1.503512,146.95,19.51,4,138.25,20 / 21,228310,2019-09-06 20:56:53:317,-0.787,-1.2269,9.7019,0.0048,-0.028,9.8066,-0.1411,-0.0731,0.0453,-7.56,-33.25,25.63,329.37,-78.89,173.82
52.409985,-1.503512,146.95,19.51,4,138.25,20 / 21,228410,2019-09-06 20:56:53:417,-1.1798,-0.6447,9.571,-0.0248,0.0168,9.8066,-0.0189,-0.0528,0.017,-7.12,-35.12,22.5,328.88,-79.08,174.51
52.409985,-1.503512,146.95,19.51,4,138.25,20 / 21,228510,2019-09-06 20:56:53:517,-0.8476,-0.6993,9.4454,-0.0225,0.0096,9.8065,-0.0302,-0.0843,0.0562,-7.62,-40.06,21.19,322.95,-79.27,175.88
52.409985,-1.503512,146.95,19.51,4,138.25,20 / 21,228612,2019-09-06 20:56:53:619,-0.5537,-0.2927,9.944,-0.0059,0.0023,9.8066,0.0332,-0.0901,0.0749,-5.12,-45.5,22.13,334.44,-79.25,176.9
52.409985,-1.503512,146.95,19.51,4,138.25,20 / 21,228709,2019-09-06 20:56:53:716,-1.1845,-0.4849,10.5039,-0.0078,-0.0111,9.8065,0.0564,-0.0326,-0.0052,-3.44,-49.5,31.31,348.17,-79.26,177.35
52.409985,-1.503512,146.95,19.51,4,138.25,20 / 21,228809,2019-09-06 20:56:53:816,-2.0457,-0.9101,10.5112,0.0018,0.0276,9.8066,0.1988,-0.0553,0.0171,-4.44,-37.69,36.88,349.58,-79.03,177.95
52.409985,-1.503512,146.95,19.51,4,138.25,20 / 21,228912,2019-09-06 20:56:53:919,0.5179,-0.6183,9.6012,-0.0191,0.0235,9.8065,-0.0135,-0.028,-0.0038,-5.62,-35.37,32.56,344.22,-79.11,177.87
52.409985,-1.503512,146.95,19.51,4,138.25,20 / 21,229010,2019-09-06 20:56:54:017,-1.4311,-0.8948,9.2856,-0.0027,-0.0253,9.8066,-0.0154,-0.0472,-0.0778,-7.62,-34.75,30.31,338.46,-79.25,178.18
52.409985,-1.503512,146.95,19.51,4,138.25,20 / 21,229111,2019-09-06 20:56:54:118,-1.2332,-1.587,9.8999,0.0097,0.0008,9.8065,0.0971,-0.1515,0.0929,-6.62,-33.87,28.38,339.79,-79.2,178.54
52.409985,-1.503512,146.95,19.51,4,138.25,20 / 21,229210,2019-09-06 20:56:54:217,-0.5577,-0.6112,9.8007,0.0055,-0.0021,9.8066,-0.0777,-0.1229,0.0649,-5.75,-35.37,24.38,339.49,-79.11,179.25
52.409985,-1.503512,146.95,19.51,4,138.25,20 / 21,229309,2019-09-06 20:56:54:316,-1.4454,-0.2097,10.4534,-0.003,-0.0063,9.8065,0.0012,-0.0296,-0.1037,-4.75,-39.69,20.81,337.28,-79.04,178.89
52.409985,-1.503512,146.95,19.51,4,138.25,20 / 21,229410,2019-09-06 20:56:54:417,-0.6497,-1.4928,10.5908,0.0172,-0.0465,9.8064,-0.0879,-0.0549,0.0593,-2.19,-51,22.13,346.86,-78.94,178.07
52.409985,-1.503512,146.95,19.51,4,138.25,20 / 21,229509,2019-09-06 20:56:54:516,-0.6393,-1.6942,9.8304,0.0046,-0.0416,9.8065,-0.0568,-0.0363,0.02,-1.56,-53.5,34.63,352.21,-78.66,177.94
52.409985,-1.503512,146.95,19.51,4,138.25,20 / 21,229609,2019-09-06 20:56:54:616,-1.6814,-0.7226,9.7317,-0.0047,0.0209,9.8065,-0.0604,-0.0141,-0.107,-2.94,-43.06,41.81,352.21,-78.88,177.97
52.409985,-1.503512,146.95,19.51,4,138.25,20 / 21,229710,2019-09-06 20:56:54:717,-1.1556,-0.8363,9.3981,0.0086,0.016,9.8066,0.0032,-0.1011,0.0879,-2.19,-35.81,35.44,352.65,-79.03,177.49
52.409985,-1.503512,146.95,19.51,4,138.25,20 / 21,229810,2019-09-06 20:56:54:817,-0.4439,0.4351,9.1752,0.0014,0.0056,9.8066,0.0291,-0.1103,0.0638,-4.31,-34.62,31.56,348.24,-78.95,178.01
52.409985,-1.503512,146.95,19.51,4,138.25,20 / 21,229909,2019-09-06 20:56:54:916,-0.9799,-0.8947,9.7476,-0.0057,-0.0058,9.8066,-0.0673,-0.0368,-0.0662,-5.5,-34.44,30.13,345.22,-78.97,178.07
52.409985,-1.503512,146.95,19.51,4,138.25,20 / 21,230010,2019-09-06 20:56:55:017,-1.0819,-0.2347,10.0334,-0.0014,0.0283,9.8066,0.1381,-0.0799,0.0321,-4.81,-33.69,29.44,344.41,-78.93,177.89
52.408615,-1.50233,146.55,19.86,4,167.6,20 / 21,230110,2019-09-06 20:56:55:117,-0.3863,-0.2023,9.9137,-0.0091,0.03,9.8066,0.083,-0.0582,0.0004,-4.62,-34.69,28.19,343.32,-79.05,177.58
52.408615,-1.50233,146.55,19.86,4,167.6,20 / 21,230210,2019-09-06 20:56:55:217,-1.2812,-1.9815,9.9322,-0.0016,-0.04,9.8065,-0.1091,-0.047,-0.0496,-4.81,-35.56,27.06,342.82,-79.04,177.83
52.408615,-1.50233,146.55,19.86,4,167.6,20 / 21,230309,2019-09-06 20:56:55:316,-0.6873,-0.7176,9.7355,0.0052,-0.0042,9.8066,0.0017,-0.0875,0.055,-4.87,-37.12,26,342.44,-79.09,178.21
52.408615,-1.50233,146.55,19.86,4,167.6,20 / 21,230410,2019-09-06 20:56:55:417,-1.1444,-0.344,9.8168,-0.0064,0.0143,9.8066,0.0408,-0.0618,0.0549,-2.44,-40.62,21.75,349.27,-79.11,178.4
52.408615,-1.50233,146.55,19.86,4,167.6,20 / 21,230510,2019-09-06 20:56:55:517,-0.5154,-1.5126,10.1962,-0.0099,-0.0026,9.8066,0.2075,-0.0548,-0.0059,-1.94,-49.44,19.5,347.16,-79.15,178.95
52.408615,-1.50233,146.55,19.86,4,167.6,20 / 21,230610,2019-09-06 20:56:55:617,-0.2378,-1.2064,10.1184,0.006,-0.0133,9.8066,-0.0318,-0.0925,0.0256,-3.12,-57.37,30.56,349.93,-78.97,179.15
52.408615,-1.50233,146.55,19.86,4,167.6,20 / 21,230710,2019-09-06 20:56:55:717,-0.3772,0.4304,10.1229,0.0015,-0.0061,9.8066,-0.0891,-0.0257,-0.0436,-5.37,-44.06,43.19,349.86,-78.74,178.68
52.408615,-1.50233,146.55,19.86,4,167.6,20 / 21,230809,2019-09-06 20:56:55:816,-0.54,0.4705,9.9987,0.0022,0.006,9.8066,-0.009,-0.0493,-0.0305,-5,-36.69,39.94,349.19,-78.77,178.44
52.408615,-1.50233,146.55,19.86,4,167.6,20 / 21,230909,2019-09-06 20:56:55:916,-0.8301,-0.3693,10.0878,-0.0025,0.0056,9.8066,0.0529,-0.0524,-0.0024,-4.12,-34.44,35.13,349.84,-78.73,178.46
52.408615,-1.50233,146.55,19.86,4,167.6,20 / 21,231009,2019-09-06 20:56:56:016,0.0174,-0.6399,9.4806,-0.0085,-0.0146,9.8066,-0.0471,-0.0249,0.0701,-3.56,-34.37,30.94,348.54,-78.7,178.54
52.408615,-1.50233,146.55,19.86,4,167.6,20 / 21,231110,2019-09-06 20:56:56:117,-0.3712,-0.4511,9.2398,-0.0146,0.0156,9.8066,-0.0429,-0.0966,0.0754,-4.19,-34,29.5,349.7,-78.75,179.74
52.408615,-1.50233,146.55,19.86,4,167.6,20 / 21,231209,2019-09-06 20:56:56:216,-0.428,0.4525,9.4639,-0.0119,-0.0011,9.8066,0.058,-0.0873,0.0269,-6.12,-33.69,27.88,345.57,-78.85,-178.79
52.408615,-1.50233,146.55,19.86,4,167.6,20 / 21,231310,2019-09-06 20:56:56:317,-0.9203,0.1861,10.3815,-0.0052,-0.0282,9.8065,-0.055,-0.0493,0.0005,-4.25,-34,26.94,351.53,-78.84,-177.85
52.408615,-1.50233,146.55,19.86,4,167.6,20 / 21,231410,2019-09-06 20:56:56:417,0.2857,0.8587,10.6242,0.0034,-0.0189,9.8066,0.0271,-0.1053,0.0735,-3.31,-36.06,24.56,353.64,-78.94,-177.66
52.408615,-1.50233,146.55,19.86,4,167.6,20 / 21,231510,2019-09-06 20:56:56:517,-1.3318,-0.7022,10.4132,-0.0068,-0.0065,9.8066,-0.0108,-0.0557,-0.0235,-3.62,-37.75,23.19,349.25,-78.72,-177.27
52.408615,-1.50233,146.55,19.86,4,167.6,20 / 21,231610,2019-09-06 20:56:56:617,-0.4742,-1.2491,9.4299,0.0002,-0.0175,9.8066,-0.2671,-0.0565,-0.0254,-1.12,-45.94,23.13,1.47,-78.61,-176.65
52.408615,-1.50233,146.55,19.86,4,167.6,20 / 21,231710,2019-09-06 20:56:56:717,-1.3801,-1.2775,9.8632,0.0143,-0.0286,9.8066,-0.1418,-0.0834,0.0649,-1.5,-47.69,32.63,1.64,-78.56,-177.13
52.408615,-1.50233,146.55,19.86,4,167.6,20 / 21,231809,2019-09-06 20:56:56:816,-0.7705,0.3771,9.1285,0.005,0.0386,9.8065,0.0762,-0.0288,-0.0735,-3.81,-38.69,34.5,354.71,-78.66,-177.52
52.408615,-1.50233,146.55,19.86,4,167.6,20 / 21,231909,2019-09-06 20:56:56:916,-0.7199,0.0496,9.3178,0.0016,0.0501,9.8065,-0.0138,-0.0815,-0.0172,-3.81,-35.06,29.81,351.99,-78.88,-178.48
52.408615,-1.50233,146.55,19.86,4,167.6,20 / 21,232010,2019-09-06 20:56:57:017,0.3636,0.3022,9.5327,0.0133,-0.0036,9.8066,0.0845,-0.0169,0.1005,-3.94,-36.87,22.25,346.27,-78.87,-178.83
52.408615,-1.50233,146.55,19.86,4,167.6,20 / 21,232109,2019-09-06 20:56:57:116,0.2401,-0.4937,9.6707,-0.0075,-0.0122,9.8065,-0.005,0.0095,0.0124,-5.44,-43.56,17.69,333.21,-78.99,-179.1
52.408615,-1.50233,146.55,19.86,4,167.6,20 / 21,232210,2019-09-06 20:56:57:217,-0.4429,0.2719,10.1986,-0.0076,0.0002,9.8066,-0.0375,0.0068,-0.0341,-4.75,-61.75,26.94,343.84,-79.07,-178.54
52.408615,-1.50233,146.55,19.86,4,167.6,20 / 21,232310,2019-09-06 20:56:57:317,0.0515,-0.3183,10.9553,0.0034,-0.0031,9.8066,0.0067,-0.0587,-0.0221,-4.5,-52.56,45.44,355.38,-79.04,-178.42
52.408615,-1.50233,146.55,19.86,4,167.6,20 / 21,232410,2019-09-06 20:56:57:417,0.6278,-1.1695,10.7765,0.0114,-0.0347,9.8065,-0.0342,0.0209,0.0874,-4.56,-39,41.94,352.74,-79.09,-179.08
52.408615,-1.50233,146.55,19.86,4,167.6,20 / 21,232510,2019-09-06 20:56:57:517,0.3161,-0.8077,9.9225,0.0022,-0.0201,9.8066,0.0116,-0.0069,0.0484,-5.81,-35.31,35.38,348.58,-78.85,-179.31
52.408615,-1.50233,146.55,19.86,4,167.6,20 / 21,232610,2019-09-06 20:56:57:617,-0.2132,-1.8549,9.9407,-0.0015,-0.016,9.8066,-0.1587,0.0177,-0.0982,-6.75,-34.25,34.38,346.54,-78.8,-179.04
52.408615,-1.50233,146.55,19.86,4,167.6,20 / 21,232710,2019-09-06 20:56:57:717,1.8799,-0.0584,9.3423,0.0065,-0.0187,9.8065,-0.1385,-0.0256,-0.0362,-6.19,-33.5,32,347.62,-78.91,-179.14
52.408615,-1.50233,146.55,19.86,4,167.6,20 / 21,232810,2019-09-06 20:56:57:817,2.0159,-0.0159,9.5009,-0.0048,0.0289,9.8065,0.1446,-0.003,0.0994,-4.5,-33.75,30,350.83,-78.79,-179.41
52.408615,-1.50233,146.55,19.86,4,167.6,20 / 21,232910,2019-09-06 20:56:57:917,0.2238,-0.7787,9.2618,-0.0181,0.0319,9.8065,0.1531,-0.0033,0.0424,-4.81,-34.69,29,348.93,-79,-178.59
52.408615,-1.50233,146.55,19.86,4,167.6,20 / 21,233009,2019-09-06 20:56:58:016,0.7926,0.0368,10.0077,-0.0058,-0.0172,9.8066,-0.0672,0.0095,0.0102,-4.94,-35.12,27.75,349.73,-78.94,-177.54
52.408615,-1.50233,146.55,19.86,4,167.6,20 / 21,233110,2019-09-06 20:56:58:117,-0.2498,0.0297,9.8856,-0.0033,-0.0373,9.8065,-0.0443,-0.0433,0.0374,-4.75,-36.31,27.44,350.19,-78.93,-176.68
52.408615,-1.50233,146.55,19.86,4,167.6,20 / 21,233209,2019-09-06 20:56:58:216,0.4666,1.0361,10.4532,-0.0086,0.0189,9.8065,0.0796,-0.0107,0.0356,-2.69,-38.06,25.31,356.07,-79.05,-175.89
52.408615,-1.50233,146.55,19.86,4,167.6,20 / 21,233309,2019-09-06 20:56:58:316,0.6164,0.1829,10.284,-0.0079,0.0022,9.8066,0.0431,-0.0094,-0.0072,-0.87,-46,20.5,3.36,-79.01,-175.37
52.408615,-1.50233,146.55,19.86,4,167.6,20 / 21,233410,2019-09-06 20:56:58:417,-0.104,0.3286,9.084,-0.01,0.0095,9.8066,-0.0902,0.1255,-0.0778,-3.44,-54.06,33.44,359.5,-79.01,-175.14
52.408615,-1.50233,146.55,19.86,4,167.6,20 / 21,233509,2019-09-06 20:56:58:516,-0.5249,1.1116,9.0707,0.0144,0.0175,9.8066,-0.169,-0.0115,0.116,-5.81,-41.19,38.38,354.05,-79.15,-175.68
52.408615,-1.50233,146.55,19.86,4,167.6,20 / 21,233610,2019-09-06 20:56:58:617,0.152,0.9386,9.4789,-0.0026,0.0134,9.8066,0.1145,-0.0709,0.0118,-7.56,-35.94,34.38,348.75,-79.21,-175.65
52.408615,-1.50233,146.55,19.86,4,167.6,20 / 21,233710,2019-09-06 20:56:58:717,0.048,0.1844,10.1235,-0.0055,-0.0064,9.8066,0.0552,-0.0731,-0.0893,-7.06,-32.87,34.31,351.39,-79.24,-175.3
52.408615,-1.50233,146.55,19.86,4,167.6,20 / 21,233809,2019-09-06 20:56:58:816,0.6561,-0.1999,10.1985,0.0079,-0.0107,9.8065,0.0523,-0.002,0.1024,-5.19,-31.75,32.94,355.07,-79.05,-175.32
52.408615,-1.50233,146.55,19.86,4,167.6,20 / 21,233909,2019-09-06 20:56:58:916,0.9936,0.3301,9.4396,-0.0059,0.0094,9.8066,0.0607,-0.0093,0.0872,-3.44,-31.37,31.63,358.84,-78.97,-175.57
52.408615,-1.50233,146.55,19.86,4,167.6,20 / 21,234009,2019-09-06 20:56:59:016,0.1531,-0.4758,10.0999,0.0009,-0.0306,9.8065,-0.1246,-0.0328,0.0153,-2.81,-31.75,28.56,359.25,-79.17,-174.68
52.408615,-1.50233,146.55,19.86,4,167.6,19 / 21,234109,2019-09-06 20:56:59:116,0.6441,0.3408,10.2418,-0.0006,-0.0236,9.8065,0.0028,-0.0109,-0.0369,-3.44,-31,26,358.7,-79.11,-174.4
52.408615,-1.50233,146.55,19.86,4,167.6,19 / 21,234210,2019-09-06 20:56:59:217,-0.569,1.5798,10.1058,-0.0097,0.0126,9.8066,0.0874,0.0304,0.0329,-4.37,-31.06,24,355.03,-79.12,-174.23
52.408615,-1.50233,146.55,19.86,4,167.6,19 / 21,234309,2019-09-06 20:56:59:316,0.0881,2.1548,10.2957,-0.0101,0.0028,9.8066,0.0594,-0.0281,0.0377,-5.87,-33.5,23.25,348.37,-79.09,-173.77
52.408615,-1.50233,146.55,19.86,4,167.6,19 / 21,234412,2019-09-06 20:56:59:419,-0.154,0.5578,9.5475,-0.0058,0.0011,9.8066,-0.0888,-0.0225,-0.0907,-3.5,-38.75,22.13,358.59,-78.9,-173.14
52.408615,-1.50233,146.55,19.86,4,167.6,19 / 21,234510,2019-09-06 20:56:59:517,0.764,0.2184,9.4598,-0.0011,0.0232,9.8065,-0.0461,0.0627,-0.0098,-1.37,-47.87,25.31,7.63,-78.79,-173.07
52.408615,-1.50233,146.55,19.86,4,167.6,19 / 21,234609,2019-09-06 20:56:59:616,-0.73,0.3775,9.4927,-0.0067,0.014,9.8065,0.0119,0.0039,0.0308,-5,-37.12,35.69,358.47,-78.95,-173.3
52.408615,-1.50233,146.55,19.86,4,167.6,19 / 21,234710,2019-09-06 20:56:59:717,-0.1005,0.6095,9.8516,-0.0031,0.0254,9.8065,0.0633,-0.0464,-0.0297,-6.5,-32.25,30.63,354.87,-79.01,-173.1
52.408615,-1.50233,146.55,19.86,4,167.6,19 / 21,234810,2019-09-06 20:56:59:817,0.9324,0.6283,9.6241,0.0069,-0.0086,9.8066,-0.0187,-0.0624,0.0315,-8.25,-31.19,30.19,350.22,-78.95,-172.8
52.408615,-1.50233,146.55,19.86,4,167.6,19 / 21,234910,2019-09-06 20:56:59:917,-0.8128,1.0212,9.771,-0.0237,0.0263,9.8065,0.0616,0.0212,0.0403,-7.69,-31.75,28.19,349.63,-78.99,-172.07
52.408615,-1.50233,146.55,19.86,4,167.6,19 / 21,235009,2019-09-06 20:57:00:016,-0.1832,0.2324,10.2639,-0.0003,-0.0369,9.8065,-0.1353,-0.0052,-0.0318,-9.5,-31.56,28.75,349.01,-79.07,-171.37
52.408615,-1.50233,146.55,19.86,4,167.6,20 / 21,235110,2019-09-06 20:57:00:117,-0.1208,0.939,10.3873,0.0065,-0.0196,9.8066,-0.0353,-0.0242,-0.0265,-7.62,-30.94,30,352.48,-79.04,-171.03
52.408615,-1.50233,146.55,19.86,4,167.6,20 / 21,235210,2019-09-06 20:57:00:217,-0.0388,0.3091,10.5783,0.0009,-0.0172,9.8066,-0.0268,0.0008,0.058,-5.31,-31.25,27.56,358.35,-78.97,-171.15
52.408615,-1.50233,146.55,19.86,4,167.6,20 / 21,235309,2019-09-06 20:57:00:316,-0.3746,-0.1319,9.4529,0.0015,-0.0338,9.8065,-0.0498,-0.0394,0.0535,-6.81,-33.44,25.56,352.06,-78.82,-170.84
52.408615,-1.50233,146.55,19.86,4,167.6,20 / 21,235410,2019-09-06 20:57:00:417,0.1128,-0.2752,9.7033,-0.0047,0.0192,9.8066,0.0217,-0.0296,-0.0579,-7.81,-34.5,26.13,349.87,-78.86,-170.41
52.408615,-1.50233,146.55,19.86,4,167.6,20 / 21,235509,2019-09-06 20:57:00:516,-0.1027,0.2201,10.3018,0.0083,0.0118,9.8065,0.0462,-0.0643,0.0229,-6.12,-37.56,23.81,352.67,-78.92,-171
52.408615,-1.50233,146.55,19.86,4,167.6,20 / 21,235609,2019-09-06 20:57:00:616,-0.4653,0.3663,9.7196,-0.0017,0.0054,9.8066,0.0435,-0.0256,0.0007,-3.81,-46.06,24.69,359.12,-78.74,-171.46
52.408615,-1.50233,146.55,19.86,4,167.6,20 / 21,235710,2019-09-06 20:57:00:717,0.6507,0.4495,9.7531,-0.0053,0.0313,9.8065,0.0643,-0.039,-0.0085,-4.19,-44.81,37.56,3.03,-78.65,-171.72
52.408615,-1.50233,146.55,19.86,4,167.6,20 / 21,235810,2019-09-06 20:57:00:817,-0.2212,0.3022,9.4887,0.0048,-0.005,9.8066,-0.0528,-0.0023,-0.0587,-2.19,-34.44,36.56,6.73,-78.87,-171.49
52.408615,-1.50233,146.55,19.86,4,167.6,20 / 21,235910,2019-09-06 20:57:00:917,-0.3368,0.491,10.0768,0.0059,0.0165,9.8066,0.067,-0.0418,0.0446,-2.44,-32.37,32.25,5.44,-79,-172.12
52.408615,-1.50233,146.55,19.86,4,167.6,20 / 21,236009,2019-09-06 20:57:01:016,0.1584,-0.552,9.7209,0.007,-0.025,9.8065,-0.1081,-0.0157,0.0022,-4.31,-32.06,30.19,0.24,-79.02,-172.22
52.408615,-1.50233,146.55,19.86,4,167.6,20 / 21,236110,2019-09-06 20:57:01:117,0.1293,0.6753,10.0338,0.0004,-0.014,9.8066,-0.0207,-0.0155,0.0023,-3.56,-32.62,29.06,359.7,-79.01,-172.37
52.408615,-1.50233,146.55,19.86,4,167.6,20 / 21,236210,2019-09-06 20:57:01:217,0.1778,0.7681,9.8994,0.0028,-0.0123,9.8066,-0.008,-0.0116,-0.0007,-4.37,-33.06,27.5,359.48,-78.93,-172.26
52.408615,-1.50233,146.55,19.86,4,167.6,20 / 21,236309,2019-09-06 20:57:01:316,-0.4064,1.0857,9.99,0.0013,-0.0088,9.8066,-0.0243,-0.0873,0.0031,-5.12,-33.12,27.75,356.81,-78.85,-172.29
52.408615,-1.50233,146.55,19.86,4,167.6,20 / 21,236409,2019-09-06 20:57:01:416,0.3667,0.185,10.5703,0.0133,-0.0192,9.8066,-0.1599,-0.018,-0.0237,-4.06,-32.5,27.75,359.7,-78.92,-172.1
52.408615,-1.50233,146.55,19.86,4,167.6,20 / 21,236509,2019-09-06 20:57:01:516,0.1279,-0.397,9.4452,0.0098,-0.0331,9.8065,-0.0838,-0.0119,0.0635,-2.31,-33,26.25,3.62,-78.82,-172.94
52.408615,-1.50233,146.55,19.86,4,167.6,20 / 21,236609,2019-09-06 20:57:01:616,-0.1488,0.0317,8.7879,-0.0025,0.0201,9.8066,-0.0584,-0.0161,0.0072,-0.81,-34.19,23.25,6.64,-78.85,-172.89
52.408615,-1.50233,146.55,19.86,4,167.6,20 / 21,236709,2019-09-06 20:57:01:716,1.4051,0.9513,9.1223,0.0036,0.0301,9.8065,-0.0198,0.05,-0.0324,0.38,-43.31,19.25,12.83,-78.95,-172.93
52.408615,-1.50233,146.55,19.86,4,167.6,20 / 21,236809,2019-09-06 20:57:01:816,0.296,0.1225,9.6207,-0.0105,0.0062,9.8066,0.0101,-0.0118,-0.0156,0.63,-48.44,31.94,12.99,-79.16,-172.66
52.408615,-1.50233,146.55,19.86,4,167.6,20 / 21,236909,2019-09-06 20:57:01:916,0.89,0.8239,10.0701,0.0003,0.0122,9.8066,-0.0145,-0.0289,-0.0199,-1.75,-40.25,35.94,5.93,-79.18,-172.23
52.408615,-1.50233,146.55,19.86,4,167.6,20 / 21,237010,2019-09-06 20:57:02:017,0.2106,0.6482,10.0407,0.0025,-0.016,9.8066,-0.0043,-0.0003,-0.0118,-2.62,-35.25,33.38,3.41,-79.14,-172.14
52.408615,-1.50233,146.55,19.86,4,167.6,20 / 21,237110,2019-09-06 20:57:02:117,0.2553,-0.1257,9.4501,0.0025,-0.0118,9.8066,0.0117,-0.0313,0.0316,-6.06,-35.44,31.19,355.67,-79.06,-172.39
52.408615,-1.50233,146.55,19.86,4,167.6,20 / 21,237209,2019-09-06 20:57:02:216,-0.0868,0.1878,9.2807,-0.0039,0.0233,9.8066,0.0172,-0.0176,-0.0224,-5.19,-34.06,32.56,359.16,-79.07,-172.05
52.408615,-1.50233,146.55,19.86,4,167.6,20 / 21,237310,2019-09-06 20:57:02:317,-0.0861,0.2678,9.4956,-0.0051,0.0393,9.8065,0.1067,0.0015,0.0055,-3.81,-33.62,31.25,0.69,-79.16,-172.11
52.408615,-1.50233,146.55,19.86,4,167.6,20 / 21,237409,2019-09-06 20:57:02:416,0.8706,0.6455,9.9261,0.0043,0.0009,9.8066,0.026,-0.0062,-0.0271,2.69,-32,32,16.42,-79.44,-172.16
52.408615,-1.50233,146.55,19.86,4,167.6,20 / 21,237510,2019-09-06 20:57:02:517,0.162,-0.5405,10.117,0.0082,-0.0006,9.8066,0.041,-0.0217,-0.0223,6.25,-32.94,23.63,28.55,-79.5,-172.59
52.408615,-1.50233,146.55,19.86,4,167.6,20 / 21,237610,2019-09-06 20:57:02:617,0.5224,-1.0179,9.9152,0.0072,0.0176,9.8066,-0.0441,0.0171,-0.0013,0,-34.94,18.19,11.5,-79.57,-172.71
52.408615,-1.50233,146.55,19.86,4,167.6,20 / 21,237710,2019-09-06 20:57:02:717,0.0072,1.0719,9.9902,-0.0011,-0.0037,9.8065,-0.0679,0.0146,-0.0193,-6.12,-38.56,16.38,336.62,-79.63,-173.07
52.408615,-1.50233,146.55,19.86,4,167.6,20 / 21,237810,2019-09-06 20:57:02:817,-0.2744,0.8702,10.1136,0.0056,0.0013,9.8066,0.04,0.02,0.0277,-10.31,-43.87,17.75,324.1,-79.63,-173.29
52.408615,-1.50233,146.55,19.86,4,167.6,20 / 21,237910,2019-09-06 20:57:02:917,0.3697,0.3905,9.7065,0.0191,-0.022,9.8065,-0.0708,0.0278,0.0121,-7.56,-50.81,26.31,343.78,-79.72,-173.5
52.408615,-1.50233,146.55,19.86,4,167.6,20 / 21,238010,2019-09-06 20:57:03:017,0.3326,-0.233,9.4869,0.005,0.023,9.8066,0.0004,-0.0214,-0.0252,-3.37,-43.94,41.5,2.32,-79.6,-174.07
52.408615,-1.50233,146.55,19.86,4,167.6,19 / 20,238110,2019-09-06 20:57:03:117,1.1426,-0.4843,9.4372,0.0016,0.0058,9.8065,-0.1101,-0.0283,0.0396,-2.19,-36.56,38.38,3.27,-79.84,-174.33
52.408615,-1.50233,146.55,19.86,4,167.6,19 / 20,238210,2019-09-06 20:57:03:217,0.4351,0.3515,9.163,-0.0009,0.0279,9.8066,-0.1083,0.0249,-0.0381,-1.87,-34.31,32.88,3.01,-79.86,-174.11
52.408615,-1.50233,146.55,19.86,4,167.6,19 / 20,238309,2019-09-06 20:57:03:316,0.4334,0.1682,9.1537,0.004,0.0229,9.8066,0.0797,0.0153,0.0082,-3.37,-33.87,30.19,0.28,-79.91,-174.07
52.408615,-1.50233,146.55,19.86,4,167.6,19 / 20,238409,2019-09-06 20:57:03:416,0.4985,-0.2093,9.6494,-0.001,0.002,9.8066,0.0148,-0.0174,0.0021,-4.44,-32.5,30.25,357.6,-80.09,-174.33
52.408615,-1.50233,146.55,19.86,4,167.6,19 / 20,238509,2019-09-06 20:57:03:516,0.5752,0.107,9.5287,-0.009,0.0107,9.8065,0.0424,0.0008,0.0474,-2.06,-32.12,29.44,2.81,-80.17,-173.81
52.408615,-1.50233,146.55,19.86,4,167.6,19 / 20,238609,2019-09-06 20:57:03:616,0.4026,-0.0887,9.8586,0.0001,-0.0181,9.8066,0.0099,0.0051,0.0165,-1.19,-32.19,27.06,5.96,-80.28,-173.19
52.408615,-1.50233,146.55,19.86,4,167.6,19 / 20,238709,2019-09-06 20:57:03:716,-0.6175,-0.5605,9.4131,-0.0009,0.005,9.8066,0.0241,0.0238,-0.0368,-4,-34.12,22,355.2,-80.3,-173.2
52.408615,-1.50233,146.55,19.86,4,167.6,19 / 20,238810,2019-09-06 20:57:03:817,0.1905,-1.3348,9.4977,-0.0016,-0.0009,9.8066,0.0336,-0.0136,0.0554,-6.19,-35.56,23.06,349.28,-80.28,-173.22
52.408615,-1.50233,146.55,19.86,4,167.6,19 / 20,238910,2019-09-06 20:57:03:917,0.561,-0.7882,9.9445,0.012,0.0127,9.8066,0.0601,0.0056,-0.0644,-4.87,-38.75,21.5,350.45,-80.4,-173.87
52.408615,-1.50233,146.55,19.86,4,167.6,19 / 20,239009,2019-09-06 20:57:04:016,2.0725,-1.0529,10.0024,-0.0048,-0.0232,9.8065,0.0336,0.0231,-0.0366,-5.25,-45.56,19.5,347.02,-80.53,-174.04
52.40701,-1.50212,147.68,19.52,4,179.06,19 / 20,239110,2019-09-06 20:57:04:117,0.9194,-2.0397,8.8399,-0.0176,0.0023,9.8066,-0.0658,-0.0258,0.1089,-4.69,-52.94,26.44,353.96,-80.46,-173.07
52.40701,-1.50212,147.68,19.52,4,179.06,19 / 20,239210,2019-09-06 20:57:04:217,0.4858,-0.8746,10.3651,0.0195,-0.0617,9.8064,-0.111,0.101,-0.0224,-5,-44,37.88,359.93,-80.75,-172.56
52.40701,-1.50212,147.68,19.52,4,179.06,19 / 20,239309,2019-09-06 20:57:04:316,0.8224,-0.1446,9.5134,0.0114,-0.0648,9.8064,-0.0708,0.0347,0.0065,-4.75,-36.56,35.94,358.07,-80.75,-173.69
52.40701,-1.50212,147.68,19.52,4,179.06,19 / 20,239410,2019-09-06 20:57:04:417,0.6986,0.1933,9.9559,-0.0016,0.03,9.8066,-0.0302,-0.014,0.0156,-5.31,-33.56,31,355.89,-80.27,-174.14
52.40701,-1.50212,147.68,19.52,4,179.06,19 / 20,239510,2019-09-06 20:57:04:517,1.1757,0.0936,9.5762,-0.0021,0.012,9.8065,-0.0206,0.0541,-0.0131,-6.31,-33.25,28.38,351.76,-80.36,-174.45
52.40701,-1.50212,147.68,19.52,4,179.06,19 / 20,239610,2019-09-06 20:57:04:617,1.492,0.1157,9.8624,-0.0054,-0.0015,9.8066,0.0564,-0.0099,-0.0121,-6.25,-33.87,28.44,352.16,-80.47,-174.1
52.40701,-1.50212,147.68,19.52,4,179.06,19 / 20,239710,2019-09-06 20:57:04:717,0.9483,0.4156,10.1737,-0.0079,0.0601,9.8064,0.2752,-0.0453,-0.0339,-4.69,-33.25,28.19,355.83,-80.9,-173.23
52.40701,-1.50212,147.68,19.52,4,179.06,19 / 20,239809,2019-09-06 20:57:04:816,-1.4251,-0.4721,7.8379,0.0165,0.0055,9.8066,0.0808,0.0523,-0.1396,-4.44,-33.37,25.69,356.69,-80.99,-173.87
52.40701,-1.50212,147.68,19.52,4,179.06,19 / 20,239909,2019-09-06 20:57:04:916,-1.5215,-1.372,8.3829,0.0364,0.0409,9.8064,0.0994,-0.1982,0.1561,-3.87,-33.62,24.69,354.8,-80.79,-174.92
52.40701,-1.50212,147.68,19.52,4,179.06,19 / 20,240009,2019-09-06 20:57:05:016,0.429,-0.7034,9.2558,0.017,0.016,9.8066,-0.0602,0.0101,-0.0522,-3.75,-34.25,23.06,351.67,-80.78,-176.42
52.40701,-1.50212,147.68,19.52,4,179.06,20 / 21,240110,2019-09-06 20:57:05:117,1.7198,-1.3249,9.1306,0.0038,0.035,9.8066,0.0697,-0.0077,0.1194,-2.56,-36,20.69,351,-81,-178.38
52.40701,-1.50212,147.68,19.52,4,179.06,20 / 21,240209,2019-09-06 20:57:05:216,0.0293,-1.1977,10.3595,-0.0064,-0.0241,9.8065,-0.0081,0.0085,-0.0323,-1.25,-42.12,19.94,359.18,-80.9,-177.67
52.40701,-1.50212,147.68,19.52,4,179.06,20 / 21,240310,2019-09-06 20:57:05:317,0.4732,-0.7993,10.5753,0.002,-0.0535,9.8064,-0.1807,0.0616,-0.0589,-0.56,-47.94,29.31,0.89,-80.91,-177.38
52.40701,-1.50212,147.68,19.52,4,179.06,20 / 21,240410,2019-09-06 20:57:05:417,0.1068,-0.4146,10.7639,0.0091,0.0027,9.8066,-0.0253,0.0532,-0.0495,-2.75,-39.31,37.63,356.52,-80.73,-178.35
52.40701,-1.50212,147.68,19.52,4,179.06,20 / 21,240509,2019-09-06 20:57:05:516,1.273,-1.0667,8.9865,-0.0055,-0.024,9.8066,-0.035,0.0263,0.0401,-4.62,-33.12,33.94,351.53,-80.7,-178.69
52.40701,-1.50212,147.68,19.52,4,179.06,20 / 21,240610,2019-09-06 20:57:05:617,0.1738,0.4345,10.1514,-0.0253,-0.0011,9.8065,0.0214,-0.0108,0.0618,-4.81,-32.19,32.13,352.96,-80.77,-176.96
52.40701,-1.50212,147.68,19.52,4,179.06,20 / 21,240710,2019-09-06 20:57:05:717,1.0255,-0.8139,9.4181,0.0034,-0.0136,9.8066,-0.0306,-0.0014,0.0411,-4.94,-32,30.44,354.02,-80.76,-175.43
52.40701,-1.50212,147.68,19.52,4,179.06,20 / 21,240810,2019-09-06 20:57:05:817,-0.18,1.4507,9.1903,-0.007,0.0431,9.8065,0.1067,0.0312,0.039,-5.5,-32.69,29.06,353.6,-80.64,-175.37
52.40701,-1.50212,147.68,19.52,4,179.06,20 / 21,240910,2019-09-06 20:57:05:917,0.6544,0.1592,9.7481,-0.0093,0.0382,9.8065,0.0682,-0.0074,0.0128,-5.25,-32.37,27.69,353.23,-80.95,-175.37
52.40701,-1.50212,147.68,19.52,4,179.06,20 / 21,241009,2019-09-06 20:57:06:016,0.9179,0.6506,9.9588,0.0094,-0.0049,9.8066,0.141,-0.0142,0.0092,-5.5,-32.69,27.63,352.97,-80.87,-175.52
52.40701,-1.50212,147.68,19.52,4,179.06,20 / 21,241110,2019-09-06 20:57:06:117,1.052,-0.9189,9.8384,-0.0009,0.007,9.8066,0.1327,0.0123,0.014,-5.5,-32.06,27.06,351.71,-80.84,-176.16
52.40701,-1.50212,147.68,19.52,4,179.06,20 / 21,241209,2019-09-06 20:57:06:216,-0.361,-0.6347,10.3056,-0.0012,-0.0415,9.8066,-0.1618,-0.022,-0.0645,-5.62,-32.12,25.75,349.17,-80.82,-175.64
52.40701,-1.50212,147.68,19.52,4,179.06,20 / 21,241310,2019-09-06 20:57:06:317,0.2058,-0.4339,10.3789,0.0261,-0.046,9.8065,-0.0428,-0.0659,0.0223,-6.25,-32.69,24.06,348.15,-80.91,-175.18
52.40701,-1.50212,147.68,19.52,4,179.06,20 / 21,241409,2019-09-06 20:57:06:416,2.3393,-1.1416,9.8978,-0.0073,0.0164,9.8066,-0.0283,-0.0149,0.1278,-6.56,-38.37,22.25,340.92,-80.63,-176.16
52.40701,-1.50212,147.68,19.52,4,179.06,20 / 21,241510,2019-09-06 20:57:06:517,-0.4757,2.7887,9.7461,0.0024,-0.042,9.8065,-0.1705,0.1275,-0.0335,-6.62,-41.37,29.13,348.52,-80.45,-175.15
52.40701,-1.50212,147.68,19.52,4,179.06,20 / 21,241610,2019-09-06 20:57:06:617,-1.1356,-3.1291,11.3775,-0.0081,-0.0123,9.8066,0.149,0.1363,-0.0514,-6.5,-34.37,32.94,352.52,-80.6,-175.84
52.40701,-1.50212,147.68,19.52,4,179.06,20 / 21,241709,2019-09-06 20:57:06:716,1.4251,-0.6715,9.9516,0.0278,0.0122,9.8065,0.1775,0.0713,0.0321,-6.19,-32.12,29.69,349.68,-80.63,-177.13
52.40701,-1.50212,147.68,19.52,4,179.06,20 / 21,241809,2019-09-06 20:57:06:816,-0.8959,-1.5182,9.0322,-0.0079,-0.0213,9.8065,-0.2164,0.1792,-0.1083,-6.12,-32.31,28.75,348.85,-80.5,-177.34
52.40701,-1.50212,147.68,19.52,4,179.06,20 / 21,241909,2019-09-06 20:57:06:916,1.7748,0.7215,9.2106,0.0159,-0.0369,9.8065,-0.3004,-0.0103,0.1476,-6,-31.06,28.38,348.57,-80.53,-177.16
52.40701,-1.50212,147.68,19.52,4,179.06,20 / 21,242009,2019-09-06 20:57:07:016,0.1705,0.1086,9.1851,0.0056,0.0489,9.8065,0.1562,-0.0441,0.0408,-6.25,-31.25,28.44,349.12,-80.33,-176.67
52.40701,-1.50212,147.68,19.52,4,179.06,19 / 20,242110,2019-09-06 20:57:07:117,-0.352,0.5826,10.071,-0.0025,0.0359,9.8065,0.1474,-0.053,0.0008,-5.62,-30,27.44,347.24,-80.68,-177.84
52.40701,-1.50212,147.68,19.52,4,179.06,19 / 20,242209,2019-09-06 20:57:07:216,0.3719,-0.6266,10.47,0.0159,-0.0435,9.8065,-0.0694,-0.0427,0.0004,-5.5,-30.37,26.88,348.99,-80.69,-178.44
52.40701,-1.50212,147.68,19.52,4,179.06,19 / 20,242310,2019-09-06 20:57:07:317,-0.2711,-0.784,10.5056,0.004,-0.025,9.8066,0.1085,-0.0172,0.0141,-5.81,-30.19,25.56,345.21,-80.46,-178.87
52.40701,-1.50212,147.68,19.52,4,179.06,19 / 20,242409,2019-09-06 20:57:07:416,0.0015,-0.156,10.2779,0.0023,-0.0107,9.8065,0.0093,-0.0057,0.0074,-5.94,-31.12,23.75,342.83,-80.42,-179.38
52.40701,-1.50212,147.68,19.52,4,179.06,19 / 20,242510,2019-09-06 20:57:07:517,0.3471,0.3905,10.1107,-0.0033,0.0067,9.8066,0.0243,-0.0229,-0.0346,-5.69,-33.06,21.63,340.25,-80.36,-179.53
52.40701,-1.50212,147.68,19.52,4,179.06,19 / 20,242610,2019-09-06 20:57:07:617,0.0053,1.289,10.6237,0.0012,0.0048,9.8066,0.0628,-0.0151,0.0657,-5.06,-42.69,23.31,342.46,-80.34,-179.73
52.40701,-1.50212,147.68,19.52,4,179.06,19 / 20,242710,2019-09-06 20:57:07:717,1.4276,0.2527,9.9526,-0.0057,-0.0199,9.8065,0.0782,0.1037,-0.0183,-6.81,-40.19,33.81,346.24,-80.2,-179.26
52.40701,-1.50212,147.68,19.52,4,179.06,19 / 20,242810,2019-09-06 20:57:07:817,-0.1752,-0.3948,10.3341,-0.0083,-0.0059,9.8066,-0.0284,0.0277,-0.0393,-7.25,-32.81,34,346.76,-80.04,-179.25
52.40701,-1.50212,147.68,19.52,4,179.06,19 / 20,242910,2019-09-06 20:57:07:917,0.6444,0.0733,10.0447,0.0066,-0.0072,9.8066,-0.0155,0.0016,-0.012,-7.06,-30.25,30.81,345.93,-80,-178.86
52.40701,-1.50212,147.68,19.52,4,179.06,19 / 20,243009,2019-09-06 20:57:08:016,0.3528,0.9524,10.0842,0.004,0.0269,9.8066,0.0937,-0.0335,0.0202,-6.19,-29.62,29.69,347.35,-79.86,-178.98
52.40701,-1.50212,147.68,19.52,4,179.06,20 / 21,243109,2019-09-06 20:57:08:116,0.671,-0.4786,9.7064,-0.004,0.0241,9.8065,0.0846,0.0291,0.0006,-6.44,-30.87,28.88,346.12,-79.98,-179.48
52.40701,-1.50212,147.68,19.52,4,179.06,20 / 21,243210,2019-09-06 20:57:08:217,0.227,0.7605,10.3273,0.0011,0.007,9.8066,-0.02,0.0175,-0.0043,-6.5,-30.87,29.19,345.72,-79.91,-179.78
52.40701,-1.50212,147.68,19.52,4,179.06,20 / 21,243310,2019-09-06 20:57:08:317,0.5783,-0.4283,9.4411,0.0054,0.0093,9.8066,0.0686,-0.0134,0.0026,-6.06,-29.75,27.88,344.41,-79.93,179.56
52.40701,-1.50212,147.68,19.52,4,179.06,20 / 21,243409,2019-09-06 20:57:08:416,0.869,0.0484,9.6537,-0.0051,0.0093,9.8066,0.1027,-0.064,0.023,-5.37,-29.12,28,347.02,-79.8,179.67
52.40701,-1.50212,147.68,19.52,4,179.06,20 / 21,243509,2019-09-06 20:57:08:516,-0.7406,1.0717,10.0722,-0.0011,0.0337,9.8065,0.1382,-0.0306,-0.0082,-5.19,-29,27.13,346.7,-79.68,179.9
52.40701,-1.50212,147.68,19.52,4,179.06,20 / 21,243610,2019-09-06 20:57:08:617,0.5788,0.3293,9.7989,0.0171,-0.0201,9.8065,-0.0776,0.018,-0.0179,-5.12,-30.12,25.38,343.84,-79.75,178.74
52.40701,-1.50212,147.68,19.52,4,179.06,20 / 21,243709,2019-09-06 20:57:08:716,0.1549,-0.2303,10.2383,0.0081,-0.0118,9.8065,0.0481,-0.0015,0.0078,-4.12,-31.06,23.44,344.08,-79.58,177.98
52.40701,-1.50212,147.68,19.52,4,179.06,20 / 21,243809,2019-09-06 20:57:08:816,-0.4396,1.7868,10.8403,-0.0113,-0.0132,9.8066,0.1148,-0.0326,0.0422,-3.06,-38.94,22.38,345.27,-79.47,177.96
52.40701,-1.50212,147.68,19.52,4,179.06,20 / 21,243909,2019-09-06 20:57:08:916,0.5391,-0.8376,11.39,-0.0178,0.0356,9.8065,0.2195,-0.0151,0.0022,-3.87,-36.81,34.31,350.38,-79.44,179.15
52.40701,-1.50212,147.68,19.52,4,179.06,20 / 21,244010,2019-09-06 20:57:09:017,-0.4904,0.546,10.6666,-0.0092,-0.0282,9.8066,-0.0676,0.0302,-0.0313,-4.62,-31.5,33.44,349.2,-79.36,179.84
52.40701,-1.50212,147.68,19.52,4,179.06,20 / 21,244109,2019-09-06 20:57:09:116,-0.0019,0.6863,10.4588,0.0042,-0.0351,9.8065,-0.1177,0.0057,0.0101,-3.94,-29.81,31.56,351.92,-79.41,-179.44
52.40701,-1.50212,147.68,19.52,4,179.06,20 / 21,244209,2019-09-06 20:57:09:216,-0.9494,-0.9529,10.3236,-0.0134,-0.0178,9.8066,0.0024,-0.031,-0.0617,-4.44,-29.87,30.38,351.73,-79.3,-179.02
52.40701,-1.50212,147.68,19.52,4,179.06,20 / 21,244310,2019-09-06 20:57:09:317,1.0179,-1.2275,10.039,-0.0126,-0.0151,9.8065,0.0303,0.0765,-0.0473,-4.25,-29,29.38,352.48,-79.17,-178.14
52.40701,-1.50212,147.68,19.52,4,179.06,20 / 21,244410,2019-09-06 20:57:09:417,1.6293,0.8012,10.3294,-0.0089,0.0267,9.8065,0.1338,-0.0344,0.2295,-4.19,-29.94,28.81,352.58,-79.25,-178.02
52.40701,-1.50212,147.68,19.52,4,179.06,20 / 21,244510,2019-09-06 20:57:09:517,1.9913,-0.3087,9.1381,-0.0364,0.0043,9.8066,0.1417,0.1735,-0.1715,-3.75,-30.62,28.06,353.66,-79.33,-176.81
52.40701,-1.50212,147.68,19.52,4,179.06,20 / 21,244610,2019-09-06 20:57:09:617,-0.8697,0.7054,9.91,0.011,0.012,9.8066,0.0206,-0.0191,-0.1175,-3.69,-30.44,28.56,353.18,-79.21,-177.54
52.40701,-1.50212,147.68,19.52,4,179.06,20 / 21,244710,2019-09-06 20:57:09:717,0.3752,0.3212,9.4894,0.029,0.016,9.8065,-0.0212,-0.0771,-0.0605,-3.5,-30.19,28,353.62,-79.26,-178.89
52.40701,-1.50212,147.68,19.52,4,179.06,20 / 21,244810,2019-09-06 20:57:09:817,0.4313,0.5596,9.4283,0.0154,0.0138,9.8066,-0.0957,-0.0032,-0.1294,-3.75,-30.5,24.63,346.58,-79.48,178.77
52.40701,-1.50212,147.68,19.52,4,179.06,20 / 21,244910,2019-09-06 20:57:09:917,0.1293,0.3126,10.176,0.0197,0.0119,9.8066,0.0479,-0.0231,0.0021,-3.37,-32.56,22.75,345.53,-79.65,176.85
52.40701,-1.50212,147.68,19.52,4,179.06,20 / 21,245009,2019-09-06 20:57:10:016,1.0296,0.9252,10.4921,-0.0087,-0.0097,9.8066,-0.0275,-0.0158,0.0651,-3.12,-38.37,22.38,343.84,-79.52,176.83
52.40701,-1.50212,147.68,19.52,4,179.06,19 / 20,245110,2019-09-06 20:57:10:117,0.0536,2.5811,10.4732,-0.0201,-0.0173,9.8065,-0.0815,-0.025,0.0358,-3.5,-41.12,32.19,351.19,-79.22,178.79
52.40701,-1.50212,147.68,19.52,4,179.06,19 / 20,245210,2019-09-06 20:57:10:217,-0.3566,-1.6182,10.5895,-0.0099,-0.0145,9.8065,0.0015,0.0638,0.0173,-4.19,-32.37,35.06,352.07,-79.06,-179.9
52.40701,-1.50212,147.68,19.52,4,179.06,19 / 20,245309,2019-09-06 20:57:10:316,0.5807,0.9549,10.1631,-0.006,-0.0129,9.8066,0.0478,0.0549,0.0569,-3.37,-29.87,32,353.89,-79.12,-179.57
52.40701,-1.50212,147.68,19.52,4,179.06,19 / 20,245410,2019-09-06 20:57:10:417,0.3473,1.2259,9.4711,-0.0089,0.0059,9.8066,-0.1587,0.0094,-0.0973,-2.94,-29,30.19,354.29,-79.06,-178.86
52.40701,-1.50212,147.68,19.52,4,179.06,19 / 20,245509,2019-09-06 20:57:10:516,0.489,1.6646,9.4873,0.0052,-0.0046,9.8066,-0.1531,0.0173,-0.0742,-3.5,-29.31,28.94,354.03,-79.04,-178.83
52.40701,-1.50212,147.68,19.52,4,179.06,19 / 20,245609,2019-09-06 20:57:10:616,-0.2722,0.9692,9.8389,0.0036,0.0031,9.8066,0.1026,0.0235,0.0147,-3.69,-29.19,28.5,350.52,-78.98,-179.67
52.40701,-1.50212,147.68,19.52,4,179.06,19 / 20,245709,2019-09-06 20:57:10:716,0.8746,0.2701,10.4479,0.0024,-0.0165,9.8065,0.094,0.0605,0.0073,-3.62,-29.75,27.63,349.84,-78.9,-179.78
52.40701,-1.50212,147.68,19.52,4,179.06,19 / 20,245810,2019-09-06 20:57:10:817,-0.2156,0.3907,9.859,-0.0107,-0.0051,9.8066,-0.1212,0.0234,-0.0023,-3.87,-30.25,27.19,349.72,-78.88,-179.5
52.40701,-1.50212,147.68,19.52,4,179.06,19 / 20,245910,2019-09-06 20:57:10:917,0.1998,0.2813,9.8273,-0.0071,-0.0023,9.8066,-0.065,-0.0441,0.0261,-3.75,-29.25,26.56,350.53,-78.91,-178.94
52.40701,-1.50212,147.68,19.52,4,179.06,19 / 20,246010,2019-09-06 20:57:11:017,0.0362,0.9025,9.7789,-0.001,0.0079,9.8066,0.0707,0.0071,-0.0249,-4.12,-30.56,24.94,350.09,-78.92,-178.32
52.40701,-1.50212,147.68,19.52,4,179.06,19 / 20,246109,2019-09-06 20:57:11:116,-0.3432,-0.5336,9.7799,0.0055,-0.0057,9.8066,0.0046,-0.0702,-0.0102,-4.44,-31.94,23.63,349.08,-78.92,-178.51
52.40701,-1.50212,147.68,19.52,4,179.06,19 / 20,246210,2019-09-06 20:57:11:217,-0.9257,-0.3439,9.749,0.0197,0.0001,9.8065,-0.0772,-0.0115,-0.0745,-4,-35.87,21.63,345.82,-78.93,-179.28
52.40701,-1.50212,147.68,19.52,4,179.06,19 / 20,246309,2019-09-06 20:57:11:316,-0.1869,-1.1729,9.8139,0.0375,-0.0338,9.8064,-0.2268,0.0213,-0.0317,-3.37,-42.5,25.63,347.62,-78.76,178.28
52.40701,-1.50212,147.68,19.52,4,179.06,19 / 20,246410,2019-09-06 20:57:11:417,0.6622,0.8441,10.2826,0.0041,0.0628,9.8064,0.2675,-0.0008,-0.009,-3.12,-39.69,30.5,348.33,-78.68,177
52.40701,-1.50212,147.68,19.52,4,179.06,19 / 20,246515,2019-09-06 20:57:11:522,-0.3067,0.6434,11.1367,-0.0265,0.0633,9.8063,0.2431,-0.0716,0.0266,-4.94,-37.19,31.56,344.42,-79.02,176.93
52.40701,-1.50212,147.68,19.52,4,179.06,19 / 20,246609,2019-09-06 20:57:11:616,0.1265,0.0754,11.2368,0.0047,-0.0648,9.8064,-0.1547,-0.014,0.1026,-5.75,-34.37,32.13,343.86,-78.86,177.98
52.40701,-1.50212,147.68,19.52,4,179.06,19 / 20,246709,2019-09-06 20:57:11:716,-1.5641,0.0419,10.6029,-0.0047,-0.0569,9.8065,-0.0456,-0.0807,0.0883,-5.44,-33.19,31.25,347.27,-78.51,179.33
52.40701,-1.50212,147.68,19.52,4,179.06,19 / 20,246809,2019-09-06 20:57:11:816,-0.2233,-1.1061,9.7449,0.0056,-0.0217,9.8066,-0.0776,-0.051,-0.0349,-5.12,-32.5,30.63,347.73,-78.66,179.57
52.40701,-1.50212,147.68,19.52,4,179.06,19 / 20,246910,2019-09-06 20:57:11:917,-0.2736,-0.4958,9.917,0.0085,0.0043,9.8066,0.0164,-0.0907,0.0228,-5.94,-32.62,28.94,343.78,-78.57,179.31
52.40701,-1.50212,147.68,19.52,4,179.06,19 / 20,247010,2019-09-06 20:57:12:017,-0.0622,1.2147,10.188,-0.0038,0.0195,9.8066,0.0816,-0.1073,0.0153,-5.19,-33.87,28.13,345.15,-78.56,179.05
52.40701,-1.50212,147.68,19.52,4,179.06,20 / 21,247110,2019-09-06 20:57:12:117,0.3521,1.5429,8.9045,0.0013,0.004,9.8066,-0.1799,0.0918,-0.0316,-5.06,-34.94,28.06,345.09,-78.51,179.12
52.40701,-1.50212,147.68,19.52,4,179.06,20 / 21,247209,2019-09-06 20:57:12:216,-1.7718,0.9084,9.0408,-0.0421,0.0445,9.8064,0.3229,-0.0065,0.0066,-6,-35.5,28.5,342.33,-78.39,178.5
52.40701,-1.50212,147.68,19.52,4,179.06,20 / 21,247310,2019-09-06 20:57:12:317,1.8155,-1.5373,10.7931,-0.0144,0.0421,9.8065,0.203,0.0447,-0.0878,-7.44,-35.81,29.13,340.88,-78.74,179.23
52.40701,-1.50212,147.68,19.52,4,179.06,20 / 21,247410,2019-09-06 20:57:12:417,-0.838,-0.2135,10.5841,0.0178,-0.0267,9.8066,-0.0718,-0.075,0.0352,-7.25,-35.31,29.56,341.05,-78.77,178.65
52.40701,-1.50212,147.68,19.52,4,179.06,20 / 21,247510,2019-09-06 20:57:12:517,0.134,-0.2071,10.3715,0.0254,-0.0448,9.8064,-0.0616,-0.0459,-0.0259,-6.62,-35.31,30.19,339.84,-78.43,177.86
52.40701,-1.50212,147.68,19.52,4,179.06,20 / 21,247610,2019-09-06 20:57:12:617,-2.2782,0.6066,9.5055,-0.0176,0.0484,9.8064,0.083,-0.0789,-0.0965,-6.31,-35.31,30.44,342.08,-78.34,177.82
52.40701,-1.50212,147.68,19.52,4,179.06,20 / 21,247709,2019-09-06 20:57:12:716,-0.8017,0.0214,9.4017,-0.0177,0.0672,9.8063,0.0504,-0.0742,-0.0142,-5.06,-35.69,28.88,343.29,-78.32,177.49
52.40701,-1.50212,147.68,19.52,4,179.06,20 / 21,247809,2019-09-06 20:57:12:816,-0.5347,0.5466,9.8039,0.0153,-0.0331,9.8066,-0.0135,-0.0494,0.0639,-4.12,-35.56,31.56,347.36,-78.81,177.44
52.40701,-1.50212,147.68,19.52,4,179.06,20 / 21,247909,2019-09-06 20:57:12:916,-0.8898,0.4941,9.5692,0.0063,-0.0377,9.8066,-0.0477,-0.058,0.0097,-3.94,-34.31,30.94,346.82,-78.59,177.24
52.40701,-1.50212,147.68,19.52,4,179.06,20 / 21,248010,2019-09-06 20:57:13:017,-1.3944,0.6365,9.9099,-0.0031,0.0238,9.8066,0.0667,-0.0855,0.0039,-4.44,-34.06,29.25,346.25,-78.48,177.53
52.405468,-1.502069,149.08,16.85,4,183.88,19 / 20,248109,2019-09-06 20:57:13:116,-2.0246,0.7419,10.3343,-0.0049,0.0002,9.8066,0.0437,-0.0718,-0.0063,-4.25,-34.37,29.19,346.19,-78.5,177.48
52.405468,-1.502069,149.08,16.85,4,183.88,19 / 20,248209,2019-09-06 20:57:13:216,-1.3972,-0.0954,9.9512,0.0024,-0.0097,9.8065,0.0064,-0.1013,-0.0125,-3.56,-35,27.88,345.47,-78.42,177.46
52.405468,-1.502069,149.08,16.85,4,183.88,19 / 20,248310,2019-09-06 20:57:13:317,-1.0902,0.6489,9.899,-0.0052,0.0065,9.8066,0.1223,-0.1044,0.029,-3,-37.56,28.06,347.72,-78.43,177.38
52.405468,-1.502069,149.08,16.85,4,183.88,19 / 20,248410,2019-09-06 20:57:13:417,-1.6804,-1.1659,10.1803,-0.0082,0.0164,9.8066,0.1627,-0.1232,0.0737,-3.25,-36.31,30.63,349.72,-78.51,177.8
52.405468,-1.502069,149.08,16.85,4,183.88,19 / 20,248509,2019-09-06 20:57:13:516,-0.8873,0.1674,9.5609,0.0018,-0.0167,9.8066,-0.2011,-0.0865,0.1109,-3.81,-35.06,29.81,347.76,-78.57,178.38
52.405468,-1.502069,149.08,16.85,4,183.88,19 / 20,248610,2019-09-06 20:57:13:617,-0.6733,0.1117,9.3711,-0.0043,-0.0202,9.8066,-0.1947,-0.1169,0.0187,-3.75,-36.19,28.56,347.76,-78.79,178.75
52.405468,-1.502069,149.08,16.85,4,183.88,19 / 20,248709,2019-09-06 20:57:13:716,-1.4122,1.1521,9.8116,-0.0067,0.0467,9.8065,0.208,-0.1,0.0306,-4.75,-35.62,29.44,345.68,-78.8,179.1
52.405468,-1.502069,149.08,16.85,4,183.88,19 / 20,248809,2019-09-06 20:57:13:816,-1.0688,-0.2833,10.0837,-0.0052,0.0272,9.8065,0.1556,-0.1063,0.0406,-4.69,-36.06,28.69,345.48,-78.95,178.89
52.405468,-1.502069,149.08,16.85,4,183.88,19 / 20,248909,2019-09-06 20:57:13:916,-0.7286,-0.5174,10.0625,0.0032,-0.0264,9.8065,-0.0672,-0.1052,0.0264,-4.5,-36,28.25,347.9,-78.82,179.22
52.405468,-1.502069,149.08,16.85,4,183.88,19 / 20,249010,2019-09-06 20:57:14:017,-0.7339,-0.0706,9.6638,-0.0044,-0.0092,9.8066,-0.0308,-0.069,0.0037,-4.37,-36.31,28.13,348.52,-78.64,179.73
52.405468,-1.502069,149.08,16.85,4,183.88,20 / 21,249109,2019-09-06 20:57:14:116,-1.4002,0.0225,9.6525,-0.0113,0.0213,9.8066,0.0662,-0.0861,0.0116,-4.56,-38.37,26.88,345.22,-78.64,179.98
52.405468,-1.502069,149.08,16.85,4,183.88,20 / 21,249209,2019-09-06 20:57:14:216,-1.9482,0.4291,10.4963,-0.0091,0.0137,9.8065,0.0553,-0.1087,0.0476,-3.06,-39.87,27.56,351.65,-78.72,-179.76
52.405468,-1.502069,149.08,16.85,4,183.88,20 / 21,249310,2019-09-06 20:57:14:317,-1.6397,-0.6567,10.1274,0.0015,-0.0219,9.8066,-0.0868,-0.077,-0.0253,-2.62,-40.31,29.88,352.63,-78.88,-179.64
52.405468,-1.502069,149.08,16.85,4,183.88,20 / 21,249409,2019-09-06 20:57:14:416,-1.5229,0.5351,9.6525,0.0081,-0.0316,9.8065,-0.1543,-0.1121,0.0564,-2.69,-38.81,30.5,352.81,-78.69,-179.76
52.405468,-1.502069,149.08,16.85,4,183.88,20 / 21,249510,2019-09-06 20:57:14:517,-1.0898,0.2765,9.4955,-0.0046,0.026,9.8066,0.1048,-0.1465,0.0443,-2.12,-37.69,30.38,355.12,-78.76,-179.77
52.405468,-1.502069,149.08,16.85,4,183.88,20 / 21,249610,2019-09-06 20:57:14:617,-1.5938,0.6875,9.967,-0.0036,0.0484,9.8065,0.16,-0.0952,-0.0304,-1.31,-37.25,30.44,358,-79,-179.58
52.405468,-1.502069,149.08,16.85,4,183.88,20 / 21,249710,2019-09-06 20:57:14:717,-1.1844,-0.7318,10.4125,0.0026,-0.0488,9.8064,-0.0072,-0.1014,-0.0025,-0.37,-37.87,29.38,0.06,-78.93,-179.96
52.405468,-1.502069,149.08,16.85,4,183.88,20 / 21,249809,2019-09-06 20:57:14:816,-2.163,0.9494,11.2553,0.0067,-0.0407,9.8065,0.0019,-0.1374,0.0491,-0.25,-41.75,27.63,0.08,-78.85,-179.94
52.405468,-1.502069,149.08,16.85,4,183.88,20 / 21,249909,2019-09-06 20:57:14:916,-1.3979,0.5607,10.195,0.0006,0.044,9.8065,-0.1111,-0.1391,0.037,1.81,-45.87,33.5,4.49,-78.62,179.84
52.405468,-1.502069,149.08,16.85,4,183.88,20 / 21,250010,2019-09-06 20:57:15:017,-0.9809,-0.1921,8.9872,-0.0113,0.0306,9.8066,-0.1164,-0.1501,-0.0184,0.88,-39.06,39.06,2.53,-78.95,-179.47
52.405468,-1.502069,149.08,16.85,4,183.88,20 / 21,250109,2019-09-06 20:57:15:116,-0.9706,-0.6496,9.9139,-0.0037,-0.002,9.8065,0.055,-0.15,0.077,0.81,-32.94,37.69,2.9,-79.03,-179.14
52.405468,-1.502069,149.08,16.85,4,183.88,20 / 21,250210,2019-09-06 20:57:15:217,-0.289,-1.4815,9.6775,-0.0104,0.0098,9.8066,0.1382,-0.0436,-0.0357,0.38,-31.37,34.75,2.13,-79.05,-178.27
52.405468,-1.502069,149.08,16.85,4,183.88,20 / 21,250310,2019-09-06 20:57:15:317,-1.0955,-2.7643,10.7175,-0.0062,-0.0312,9.8066,-0.1626,-0.2094,0.1407,-0.19,-29.62,32.81,2.63,-79.1,-177.87
52.405468,-1.502069,149.08,16.85,4,183.88,20 / 21,250409,2019-09-06 20:57:15:416,-0.9259,1.0107,9.4636,-0.0129,-0.0341,9.8065,-0.1551,-0.0986,-0.0396,-0.31,-29.19,31.06,3.41,-79.12,-177.26
52.405468,-1.502069,149.08,16.85,4,183.88,20 / 21,250509,2019-09-06 20:57:15:516,-1.4642,0.3928,9.1327,-0.0073,0.0358,9.8065,0.0735,-0.1372,0.0509,0.5,-29.81,28.31,6.73,-78.92,-176.82
52.405468,-1.502069,149.08,16.85,4,183.88,20 / 21,250609,2019-09-06 20:57:15:616,-2.2337,0.2258,9.4427,-0.0106,0.0255,9.8065,0.0072,-0.1373,0.0072,0.75,-30.5,28.63,7.9,-79.1,-175.76
52.405468,-1.502069,149.08,16.85,4,183.88,20 / 21,250709,2019-09-06 20:57:15:716,-1.6611,-0.2387,9.7618,0.0041,-0.0089,9.8065,-0.0837,-0.1029,0.0051,1.13,-30.87,28.38,8.18,-79.16,-175.71
52.405468,-1.502069,149.08,16.85,4,183.88,20 / 21,250809,2019-09-06 20:57:15:816,-2.4526,0.1239,10.0136,0.0011,-0.0162,9.8066,-0.0176,-0.1678,0.0679,1.44,-30.81,27.06,7.85,-79.13,-176.1
52.405468,-1.502069,149.08,16.85,4,183.88,20 / 21,250909,2019-09-06 20:57:15:916,-1.7858,0.0054,9.7025,0.0001,0.0184,9.8066,-0.0386,-0.1533,-0.0214,2.44,-32.31,25.94,11.13,-79.14,-176.02
52.405468,-1.502069,149.08,16.85,4,183.88,20 / 21,251009,2019-09-06 20:57:16:016,-1.3986,0.8282,9.4259,0.0154,0.0249,9.8066,-0.1052,-0.1531,0.0162,2.31,-33.69,25.06,11.65,-79.16,-176.08
52.405468,-1.502069,149.08,16.85,4,183.88,20 / 21,251109,2019-09-06 20:57:16:116,-1.2757,0.5426,9.7749,-0.0007,0.0127,9.8066,0.1792,-0.1616,0.048,3.44,-38.12,23.81,15.02,-79.4,-176.65
52.405468,-1.502069,149.08,16.85,4,183.88,20 / 21,251210,2019-09-06 20:57:16:217,-1.4848,1.2545,10.1185,0.0083,0.0226,9.8066,0.1748,-0.1083,-0.0336,4.69,-42,25.69,20.61,-79.58,-176.39
52.405468,-1.502069,149.08,16.85,4,183.88,20 / 21,251309,2019-09-06 20:57:16:316,-0.704,-1.2401,9.7988,-0.0135,-0.0284,9.8066,-0.1267,-0.1095,-0.0075,4.56,-43.75,29.88,17.51,-79.57,-176.75
52.405468,-1.502069,149.08,16.85,4,183.88,20 / 21,251409,2019-09-06 20:57:16:416,-2.1776,0.7388,9.9286,0.0044,-0.0191,9.8065,-0.0906,-0.139,0.0856,4.19,-38,33.88,13.08,-79.4,-176.5
52.405468,-1.502069,149.08,16.85,4,183.88,20 / 21,251510,2019-09-06 20:57:16:517,-2.113,0.7501,10.5771,-0.0129,0.0057,9.8066,-0.0336,-0.1235,0.0136,4.19,-34.94,32.94,13.52,-79.5,-176.19
52.405468,-1.502069,149.08,16.85,4,183.88,20 / 21,251609,2019-09-06 20:57:16:616,-2.5513,0.1562,11.3353,-0.0196,0.0028,9.8066,0.1926,-0.2014,0.0676,3.75,-33.19,31.31,14.87,-79.52,-175.55
52.405468,-1.502069,149.08,16.85,4,183.88,20 / 21,251709,2019-09-06 20:57:16:716,-0.9966,-0.5292,10.0236,-0.0088,-0.0267,9.8066,-0.1011,-0.1041,0.0732,3.25,-32.44,30,14.63,-79.44,-174.14
52.405468,-1.502069,149.08,16.85,4,183.88,20 / 21,251809,2019-09-06 20:57:16:816,-0.6671,0.3216,9.565,-0.0098,-0.0271,9.8066,-0.165,-0.1545,0.0363,2.19,-31.37,28.75,13.5,-79.15,-173.37
52.405468,-1.502069,149.08,16.85,4,183.88,20 / 21,251909,2019-09-06 20:57:16:916,-1.4983,1.1989,9.2894,0.003,0.0469,9.8065,-0.0429,-0.1928,0.1193,2.38,-31.62,26.81,14.98,-79.32,-172.76
52.405468,-1.502069,149.08,16.85,4,183.88,20 / 21,252009,2019-09-06 20:57:17:016,-0.0159,1.391,8.7568,-0.0084,0.0372,9.8065,-0.1922,-0.0945,-0.0668,3.13,-32.5,26.06,19.64,-79.67,-171.47
52.405468,-1.502069,149.08,16.85,4,183.88,20 / 21,252110,2019-09-06 20:57:17:117,-2.2213,1.0039,9.9083,-0.0069,-0.0052,9.8066,0.1818,-0.1723,0.0543,3.44,-33.37,26.06,19.75,-79.67,-171.52
52.405468,-1.502069,149.08,16.85,4,183.88,20 / 21,252209,2019-09-06 20:57:17:216,-1.6264,0.1956,10.1294,-0.0006,0.0229,9.8065,0.2134,-0.1275,-0.0656,3.19,-32.94,25.81,19.66,-79.48,-171.68
52.405468,-1.502069,149.08,16.85,4,183.88,20 / 21,252310,2019-09-06 20:57:17:317,-2.3819,0.1102,11.1246,-0.0153,-0.07,9.8063,-0.1369,-0.1648,0.0844,2.88,-32.25,24.38,20.69,-79.61,-171.6
52.405468,-1.502069,149.08,16.85,4,183.88,20 / 21,252409,2019-09-06 20:57:17:416,-2.403,-0.416,10.0761,-0.0146,-0.0473,9.8065,-0.0028,-0.1162,0.0401,3.56,-34,23.06,24.97,-79.28,-171.87
52.405468,-1.502069,149.08,16.85,4,183.88,20 / 21,252510,2019-09-06 20:57:17:517,-2.2546,0.0346,9.5986,0.0129,0.0311,9.8065,-0.0961,-0.0556,0.0334,4.69,-37.19,20.81,31.4,-79.22,-172.1
52.405468,-1.502069,149.08,16.85,4,183.88,20 / 21,252610,2019-09-06 20:57:17:617,1.242,4.5552,8.5824,-0.0082,-0.0015,9.8066,-0.5905,-0.1374,0.0631,5.63,-44.37,20.94,37.83,-79.49,-171.7
52.405468,-1.502069,149.08,16.85,4,183.88,20 / 21,252709,2019-09-06 20:57:17:716,-1.0797,4.4868,9.5428,0.0544,0.1659,9.8051,0.9842,-0.1996,-0.0502,5.31,-46.25,26.81,27.83,-79.5,-171.28
52.405468,-1.502069,149.08,16.85,4,183.88,20 / 21,252810,2019-09-06 20:57:17:817,-0.8118,4.317,10.3375,0.0642,0.2064,9.8042,1.0175,-0.1266,0.0117,5.69,-40,30.38,25.72,-79.27,-172.07
52.405468,-1.502069,149.08,16.85,4,183.88,20 / 21,252910,2019-09-06 20:57:17:917,-1.0034,-2.2793,12.4894,-0.0567,-0.2508,9.8033,-0.2599,-0.1898,0.089,5.5,-36.25,30.56,24.46,-80.29,-171.39
52.405468,-1.502069,149.08,16.85,4,183.88,20 / 21,253009,2019-09-06 20:57:18:016,-2.5708,-1.7042,11.1876,-0.0252,-0.1277,9.8057,0.0704,-0.1419,0.0205,4.88,-34.06,28.63,22.53,-79.05,-172.46
52.405468,-1.502069,149.08,16.85,4,183.88,20 / 21,253110,2019-09-06 20:57:18:117,-1.9129,-0.7829,9.6579,0.0059,0.0461,9.8065,-0.2732,-0.1384,0.0214,5.56,-33.75,26.88,26.83,-79.43,-171.95
52.405468,-1.502069,149.08,16.85,4,183.88,20 / 21,253209,2019-09-06 20:57:18:216,-1.5354,1.1503,8.8734,-0.001,0.0192,9.8066,-0.2657,-0.1635,0.0732,5.94,-33.62,26,28.26,-79.75,-171.3
52.405468,-1.502069,149.08,16.85,4,183.88,20 / 21,253309,2019-09-06 20:57:18:316,-1.414,0.7338,9.7301,0.0006,0.0199,9.8066,0.1605,-0.1388,0.0382,6.38,-34.12,25,30.24,-79.91,-170.37
52.405468,-1.502069,149.08,16.85,4,183.88,20 / 21,253409,2019-09-06 20:57:18:416,-1.9496,0.292,9.6687,0.0068,0.0241,9.8066,0.1663,-0.1707,0.0563,6.56,-33.44,24.75,33.22,-79.98,-169.81
52.405468,-1.502069,149.08,16.85,4,183.88,20 / 21,253510,2019-09-06 20:57:18:517,-2.004,0.2722,10.4,-0.0244,-0.0462,9.8065,-0.1769,-0.1412,-0.007,7,-33.44,24.81,33.89,-79.94,-169.31
52.405468,-1.502069,149.08,16.85,4,183.88,20 / 21,253610,2019-09-06 20:57:18:617,-1.8108,1.1736,9.798,-0.0165,-0.042,9.8065,-0.098,-0.1843,0.0675,6.81,-32.69,23.44,36.21,-79.66,-169.59
52.405468,-1.502069,149.08,16.85,4,183.88,20 / 21,253710,2019-09-06 20:57:18:717,-1.9167,1.4715,9.2989,0.0083,0.0308,9.8065,0.0303,-0.1677,-0.0082,7.06,-32.56,22.5,36.43,-79.72,-169.35
52.405468,-1.502069,149.08,16.85,4,183.88,20 / 21,253810,2019-09-06 20:57:18:817,-1.478,1.1706,9.3024,0.0206,0.034,9.8065,0.0436,-0.1833,0.0596,6.75,-33.69,20.38,41.55,-79.77,-169.16
52.405468,-1.502069,149.08,16.85,4,183.88,20 / 21,253910,2019-09-06 20:57:18:917,-1.4708,1.4178,9.7722,-0.003,-0.0006,9.8065,-0.0098,-0.1421,0.0106,7.13,-35.37,19.69,42.13,-80,-168.77
52.405468,-1.502069,149.08,16.85,4,183.88,20 / 21,254009,2019-09-06 20:57:19:016,-1.5723,1.315,9.6585,-0.0007,-0.0066,9.8066,-0.048,-0.1535,0.056,7.38,-38.87,18.81,45.86,-79.97,-168.85
52.405468,-1.502069,149.08,16.85,4,183.88,20 / 21,254110,2019-09-06 20:57:19:117,-1.7896,1.2557,10.1162,-0.003,-0.0013,9.8066,0.038,-0.1762,-0.002,7.5,-41.5,22.94,42.55,-79.9,-168.68
52.405468,-1.502069,149.08,16.85,4,183.88,20 / 21,254210,2019-09-06 20:57:19:217,-2.2787,-0.1955,10.1707,-0.0101,-0.0039,9.8065,0.0559,-0.1826,-0.0031,7.44,-37.87,26.06,35.02,-79.87,-168.7
52.405468,-1.502069,149.08,16.85,4,183.88,20 / 21,254309,2019-09-06 20:57:19:316,-1.6775,0.6892,10.1102,-0.0107,-0.0079,9.8066,-0.0536,-0.1422,0.0025,8.56,-34.06,24.13,41.57,-79.81,-168.46
52.405468,-1.502069,149.08,16.85,4,183.88,20 / 21,254411,2019-09-06 20:57:19:418,-1.9066,0.9389,9.9939,-0.0091,-0.0095,9.8066,-0.0738,-0.1458,0.0377,8.19,-33.62,23.19,40.86,-79.72,-168.22
52.405468,-1.502069,149.08,16.85,4,183.88,20 / 21,254510,2019-09-06 20:57:19:517,-1.2989,0.9226,9.4018,0.0012,0.0155,9.8066,0.001,-0.1964,0.0389,7.88,-33.31,22.56,40.59,-79.79,-168.09
52.405468,-1.502069,149.08,16.85,4,183.88,20 / 21,254610,2019-09-06 20:57:19:617,-0.8627,1.3399,9.7063,0.0114,0.0173,9.8065,0.0037,-0.1369,0.0513,8.38,-32.44,20.88,43.72,-79.86,-167.63
52.405468,-1.502069,149.08,16.85,4,183.88,20 / 21,254710,2019-09-06 20:57:19:717,-1.8467,1.0316,9.6858,-0.0171,-0.0033,9.8066,0.046,-0.1434,-0.0138,7.75,-32.87,20.19,46.32,-79.8,-167.35
52.405468,-1.502069,149.08,16.85,4,183.88,20 / 21,254810,2019-09-06 20:57:19:817,-1.4318,1.4801,9.9694,-0.0044,0.0074,9.8066,0.0065,-0.2023,0.0478,8.25,-33.69,19.81,47.76,-79.69,-166.68
52.405468,-1.502069,149.08,16.85,4,183.88,20 / 21,254910,2019-09-06 20:57:19:917,-1.6374,1.2013,10.2347,-0.0167,-0.013,9.8066,-0.0765,-0.1814,0.037,9.25,-33.44,19,53.07,-79.79,-165.7
52.405468,-1.502069,149.08,16.85,4,183.88,20 / 21,255010,2019-09-06 20:57:20:017,-1.788,0.9551,9.8405,-0.0134,-0.0105,9.8066,-0.0122,-0.1603,0.0149,9,-32.94,18.63,53.48,-79.81,-165.33
52.405468,-1.502069,149.08,16.85,4,183.88,20 / 21,255111,2019-09-06 20:57:20:118,-1.03,1.7409,9.9697,-0.0114,-0.0105,9.8066,0.029,-0.1776,0.0156,8.94,-33.62,17.88,56.47,-79.67,-165.33
52.405468,-1.502069,149.08,16.85,4,183.88,20 / 21,255210,2019-09-06 20:57:20:217,-0.5309,1.1861,9.9849,0.0057,0.0037,9.8066,0.0056,-0.1591,-0.0074,9.13,-34.81,16.06,62.42,-79.58,-165.36
52.405468,-1.502069,149.08,16.85,4,183.88,20 / 21,255310,2019-09-06 20:57:20:317,0.1607,2.0797,9.4584,-0.006,0.0042,9.8066,0.0328,-0.1389,0.0501,8.94,-36.87,15.38,67.5,-79.49,-165.01
52.405468,-1.502069,149.08,16.85,4,183.88,20 / 21,255409,2019-09-06 20:57:20:416,-0.7201,1.8066,10.3167,0.0107,0.0065,9.8066,0.0407,-0.2212,0.067,7.56,-39.19,14.63,66.79,-79.42,-164.77
52.405468,-1.502069,149.08,16.85,4,183.88,20 / 21,255510,2019-09-06 20:57:20:517,-0.5661,1.0981,10.2372,-0.0225,-0.0117,9.8065,-0.0936,-0.2079,0.0482,6.31,-39.25,16,56.77,-79.56,-164.71
52.405468,-1.502069,149.08,16.85,4,183.88,20 / 21,255610,2019-09-06 20:57:20:617,-0.314,1.3647,9.6536,0.0092,0.0149,9.8066,-0.1077,-0.1234,-0.0106,4.56,-39.44,15.31,56.77,-79.41,-164.67
52.405468,-1.502069,149.08,16.85,4,183.88,20 / 21,255709,2019-09-06 20:57:20:716,-1.6378,1.9417,10.0693,0.0248,0.0361,9.8065,0.1278,-0.1487,-0.0035,5.06,-40,15.69,55.15,-79.49,-163.84
52.405468,-1.502069,149.08,16.85,4,183.88,20 / 21,255809,2019-09-06 20:57:20:816,-1.9816,0.2458,9.6075,-0.032,-0.0251,9.8065,0.0962,-0.1936,0.0632,5.13,-40.69,15.56,56.39,-79.55,-163.36
52.405468,-1.502069,149.08,16.85,4,183.88,20 / 21,255909,2019-09-06 20:57:20:916,-0.1758,1.0976,9.6013,-0.017,-0.0183,9.8066,-0.1337,-0.1821,-0.0013,5.56,-41.62,16.44,61.7,-79.38,-163.11
52.405468,-1.502069,149.08,16.85,4,183.88,20 / 21,256009,2019-09-06 20:57:21:016,-0.5873,1.4416,9.9269,0.0051,0.0139,9.8066,-0.1699,-0.1487,0.0117,6.5,-41.31,16.5,61.11,-79.38,-163.08
52.405468,-1.502069,149.08,16.85,4,183.88,20 / 21,256110,2019-09-06 20:57:21:117,-0.3779,2.0454,9.9549,-0.0048,-0.0012,9.8066,0.0945,-0.1094,0.0345,7.13,-41.62,16.38,65.59,-79.28,-162.83
52.405468,-1.502069,149.08,16.85,4,183.88,20 / 21,256210,2019-09-06 20:57:21:217,-1.282,1.4952,10.2789,-0.0107,-0.0027,9.8066,0.0346,-0.1573,0.0692,6.44,-40.87,17.5,56.05,-79.1,-162.95
52.405468,-1.502069,149.08,16.85,4,183.88,20 / 21,256309,2019-09-06 20:57:21:316,-1.1795,1.141,10.0453,0.0012,0.0056,9.8066,0.0196,-0.1395,0.0314,6.44,-39.62,16.5,58.53,-79.01,-162.82
52.405468,-1.502069,149.08,16.85,4,183.88,20 / 21,256409,2019-09-06 20:57:21:416,-1.4024,1.0922,9.8298,-0.0198,-0.0139,9.8065,0.0518,-0.1483,0.0755,5,-38.5,15.94,57.16,-79.05,-162.17
52.405468,-1.502069,149.08,16.85,4,183.88,20 / 21,256509,2019-09-06 20:57:21:516,-0.1089,1.5585,9.5444,-0.0076,-0.0126,9.8066,-0.0774,-0.1621,-0.0213,4.56,-39.06,13.75,65.65,-78.98,-162.04
52.405468,-1.502069,149.08,16.85,4,183.88,20 / 21,256609,2019-09-06 20:57:21:616,-0.9788,1.9843,9.6599,0.0078,0.0177,9.8065,-0.0702,-0.1894,0.0512,3.81,-40.19,12.69,67.42,-79.01,-161.78
52.405468,-1.502069,149.08,16.85,4,183.88,20 / 21,256710,2019-09-06 20:57:21:717,0.1085,2.3793,9.6339,0.0178,0.0138,9.8066,0.065,-0.1057,-0.0324,4.19,-43.25,12.06,77.34,-78.99,-161.48
52.405468,-1.502069,149.08,16.85,4,183.88,20 / 21,256810,2019-09-06 20:57:21:817,-1.7748,0.8867,10.3015,-0.0247,-0.0199,9.8066,0.1214,-0.1736,0.0536,4.88,-43.69,14.81,68.11,-79.05,-160.58
52.405468,-1.502069,149.08,16.85,4,183.88,20 / 21,256910,2019-09-06 20:57:21:917,-1.1263,0.5501,9.8152,-0.0266,-0.0205,9.8066,-0.1728,-0.1686,0.0556,5.13,-42.56,14.81,67.55,-78.93,-160.63
52.405468,-1.502069,149.08,16.85,4,183.88,20 / 21,257010,2019-09-06 20:57:22:017,-0.3287,1.3335,9.2418,0.0158,0.0223,9.8065,-0.2328,-0.1673,0.0088,6.31,-41.94,14.44,74.34,-78.99,-160.18
52.405468,-1.502069,149.08,16.85,4,183.88,20 / 21,257109,2019-09-06 20:57:22:116,0.0267,0.848,9.6463,0.0192,0.0113,9.8065,0.2427,-0.1589,0.0308,7.56,-42.37,14.88,76.55,-78.99,-159.6
52.404476,-1.50316,150.98,15.52,12,251.31,20 / 21,257209,2019-09-06 20:57:22:216,-0.8584,1.3074,10.2071,-0.0146,-0.0214,9.8065,-0.0077,-0.1224,-0.0087,7,-40.81,15.5,69.64,-78.75,-160.25
52.404476,-1.50316,150.98,15.52,12,251.31,20 / 21,257310,2019-09-06 20:57:22:317,-0.0928,1.362,10.545,-0.0278,-0.0221,9.8066,0.0528,-0.1215,0.054,7.69,-39.62,13.5,77.96,-78.76,-160.81
52.404476,-1.50316,150.98,15.52,12,251.31,20 / 21,257409,2019-09-06 20:57:22:416,-0.5182,1.4614,10.1575,0.0054,0.0034,9.8066,-0.0272,-0.0895,-0.0428,8.38,-39.44,11.63,85.79,-78.49,-161.3
52.404476,-1.50316,150.98,15.52,12,251.31,20 / 21,257510,2019-09-06 20:57:22:517,-0.6245,1.0766,9.7675,-0.0188,-0.0009,9.8066,-0.0681,-0.1421,0.0741,9.19,-40,11.19,92.94,-78.43,-161.41
52.404476,-1.50316,150.98,15.52,12,251.31,20 / 21,257610,2019-09-06 20:57:22:617,0.1276,0.9056,9.2636,0.0204,0.015,9.8066,0.0126,-0.1697,0.0554,9.5,-41.44,11.06,95.83,-78.3,-160.95
52.404476,-1.50316,150.98,15.52,12,251.31,20 / 21,257710,2019-09-06 20:57:22:717,-0.3918,0.8875,10.2253,0.0219,0.0206,9.8066,0.0037,-0.1235,0.027,9.56,-41.56,12.19,93.52,-78.36,-159.78
52.404476,-1.50316,150.98,15.52,12,251.31,20 / 21,257810,2019-09-06 20:57:22:817,-1.155,2.131,10.6127,-0.0379,-0.0048,9.8065,0.045,-0.0959,-0.0512,9.81,-40,12.56,88.37,-78.27,-159.64
52.404476,-1.50316,150.98,15.52,12,251.31,20 / 21,257910,2019-09-06 20:57:22:917,-0.3248,0.6641,10.221,-0.0125,-0.0098,9.8066,0.0962,-0.1765,0.0964,9.5,-38.31,12.19,90.82,-78.11,-159.77
52.404476,-1.50316,150.98,15.52,12,251.31,20 / 21,258009,2019-09-06 20:57:23:016,-0.2431,0.9963,9.9347,-0.01,-0.0023,9.8066,-0.0589,-0.172,0.0451,10.19,-38,10.56,95.69,-77.91,-159.47
52.404476,-1.50316,150.98,15.52,12,251.31,20 / 21,258110,2019-09-06 20:57:23:117,-0.3915,1.1152,9.5383,-0.0201,0.0004,9.8066,-0.0701,-0.1267,0.0232,10.25,-38.87,8.88,105.48,-77.78,-159.36
52.404476,-1.50316,150.98,15.52,12,251.31,20 / 21,258210,2019-09-06 20:57:23:217,0.5095,1.5107,9.5172,0.0243,0.0092,9.8066,0.1414,-0.1309,0.0207,11,-40.25,8.81,106.97,-77.73,-159.13
52.404476,-1.50316,150.98,15.52,12,251.31,20 / 21,258309,2019-09-06 20:57:23:316,-0.4343,0.2634,9.901,0.0193,0.0075,9.8066,0.1129,-0.0552,-0.0256,10.81,-42.87,9.63,105.94,-77.74,-158.53
52.404476,-1.50316,150.98,15.52,12,251.31,20 / 21,258409,2019-09-06 20:57:23:416,-1.2851,0.2374,10.0326,-0.0317,-0.0044,9.8066,-0.1758,-0.1421,0.0581,10.38,-42.19,12.81,92.47,-77.67,-159.03
52.404476,-1.50316,150.98,15.52,12,251.31,20 / 21,258510,2019-09-06 20:57:23:517,-0.5251,1.4107,10.182,-0.0371,-0.0146,9.8065,-0.1501,-0.1377,-0.0131,9.94,-39.44,12.31,94.22,-77.59,-158.69
52.404476,-1.50316,150.98,15.52,12,251.31,20 / 21,258610,2019-09-06 20:57:23:617,0.5561,1.5112,10.275,0.0324,-0.0035,9.8065,0.1928,-0.1365,0.0085,9.38,-37.44,10.31,99.81,-77.3,-159.55
52.404476,-1.50316,150.98,15.52,12,251.31,20 / 21,258710,2019-09-06 20:57:23:717,-1.5134,1.3163,10.1301,0.0291,0.0048,9.8065,0.1992,-0.1231,0.0784,9.31,-37.94,10.06,100.22,-77.4,-159.91
52.404476,-1.50316,150.98,15.52,12,251.31,20 / 21,258809,2019-09-06 20:57:23:816,-0.1952,-0.1703,9.4569,0.0104,0.0082,9.8066,-0.1017,-0.1715,0.0773,9.19,-38.31,8.63,105.55,-77.23,-159.67
52.404476,-1.50316,150.98,15.52,12,251.31,20 / 21,258909,2019-09-06 20:57:23:916,0.7027,1.285,10.1776,0.0392,0.0048,9.8066,-0.0051,-0.1236,0.1127,9.38,-39.25,9.5,102.37,-77.32,-158.85
52.404476,-1.50316,150.98,15.52,12,251.31,20 / 21,259009,2019-09-06 20:57:24:016,1.9483,0.9902,10.783,-0.0347,-0.0095,9.8066,0.0519,-0.0232,-0.0225,8.94,-38.44,10.06,101.68,-77.33,-158.42
52.404476,-1.50316,150.98,15.52,12,251.31,20 / 21,259110,2019-09-06 20:57:24:117,-0.3487,-0.4369,10.1383,-0.0369,-0.015,9.8065,0.0648,-0.1329,0.0429,10.06,-36.94,9.44,105.59,-77.32,-158.57
52.404476,-1.50316,150.98,15.52,12,251.31,20 / 21,259210,2019-09-06 20:57:24:217,1.3959,-0.5834,9.0987,0.0288,-0.0073,9.8065,-0.0388,-0.0788,0.0365,10.19,-37.25,6.94,114.2,-77.07,-159.46
52.404476,-1.50316,150.98,15.52,12,251.31,20 / 21,259309,2019-09-06 20:57:24:316,0.7869,-1.2933,9.5839,0.0135,-0.002,9.8065,-0.0724,-0.0066,-0.0736,9.44,-37.94,4.38,128.79,-77.14,-159.38
52.404476,-1.50316,150.98,15.52,12,251.31,20 / 21,259410,2019-09-06 20:57:24:417,0.6325,0.023,9.9257,-0.0004,0.0004,9.8066,-0.001,-0.0445,0.0138,8.56,-40.31,4.06,130.01,-77.2,-159.68
52.404476,-1.50316,150.98,15.52,12,251.31,20 / 21,259511,2019-09-06 20:57:24:518,0.6944,0.0477,10.1174,0.0085,-0.0024,9.8066,0.0691,-0.0475,0.0109,9.44,-43.31,3.69,132.3,-77.16,-159.71
52.404476,-1.50316,150.98,15.52,12,251.31,20 / 21,259610,2019-09-06 20:57:24:617,1.0588,-0.2385,10.2727,-0.023,0.0039,9.8065,0.0573,-0.0819,-0.0177,9.31,-45.87,7.5,118.21,-77.04,-159.91
52.404476,-1.50316,150.98,15.52,12,251.31,20 / 21,259709,2019-09-06 20:57:24:716,0.2593,-0.3217,9.9872,-0.0133,0.0045,9.8066,0.0328,-0.0679,-0.0074,10.38,-42.69,10.19,107.04,-76.89,-160
52.404476,-1.50316,150.98,15.52,12,251.31,20 / 21,259809,2019-09-06 20:57:24:816,1.7892,0.2242,10.3214,0.0163,0.0069,9.8065,0.1184,-0.0638,0.0916,10.38,-39.12,9.19,108,-76.8,-159.73
52.404476,-1.50316,150.98,15.52,12,251.31,20 / 21,259909,2019-09-06 20:57:24:916,0.1694,-1.4972,9.7095,0.0107,0.019,9.8065,0.0194,0.0107,-0.0272,9.94,-38.37,8.44,112.08,-76.77,-158.8
52.404476,-1.50316,150.98,15.52,12,251.31,20 / 21,260009,2019-09-06 20:57:25:016,0.5631,-0.1317,10.28,-0.0192,0.006,9.8066,-0.1362,-0.0359,-0.0124,10.25,-38.06,7.75,112.71,-76.64,-158.41
52.404476,-1.50316,150.98,15.52,12,251.31,20 / 21,260110,2019-09-06 20:57:25:117,1.3637,-0.6866,9.726,-0.0194,0.0075,9.8065,-0.0627,-0.0172,0.0721,10.69,-39.19,6.81,117.81,-76.5,-158.2
52.404476,-1.50316,150.98,15.52,12,251.31,20 / 21,260210,2019-09-06 20:57:25:217,0.2438,0.2697,9.8377,0.0068,0.0094,9.8065,0.0175,-0.0215,-0.0414,11.06,-40.81,6.69,119.7,-76.43,-158
52.404476,-1.50316,150.98,15.52,12,251.31,20 / 21,260309,2019-09-06 20:57:25:316,-0.1414,-0.6549,9.5433,-0.0048,0.0022,9.8066,-0.0229,-0.0343,-0.0124,11.56,-39.56,7.75,115.09,-76.4,-157.78
52.404476,-1.50316,150.98,15.52,12,251.31,20 / 21,260409,2019-09-06 20:57:25:416,0.5168,-0.5319,9.6877,0.0185,-0.0025,9.8066,0.0167,-0.0329,-0.0041,10.88,-38.44,8.13,113.71,-76.37,-157.78
52.404476,-1.50316,150.98,15.52,12,251.31,20 / 21,260510,2019-09-06 20:57:25:517,0.7449,-0.5509,9.7326,0.001,0.0016,9.8066,-0.0028,-0.0146,0.0068,10.75,-37.62,7.63,113.55,-76.44,-157.76
52.404476,-1.50316,150.98,15.52,12,251.31,20 / 21,260610,2019-09-06 20:57:25:617,0.7457,-1.0113,9.6866,-0.0038,0.0036,9.8066,0.027,0.0117,-0.0066,10.5,-37.5,6.94,116.67,-76.43,-157.7
52.404476,-1.50316,150.98,15.52,12,251.31,20 / 21,260709,2019-09-06 20:57:25:716,1.8324,-0.8367,10.1344,-0.0126,0.0062,9.8066,-0.0261,-0.0038,0.0428,11.5,-37.37,7.56,112.98,-76.39,-157.44
52.404476,-1.50316,150.98,15.52,12,251.31,20 / 21,260809,2019-09-06 20:57:25:816,0.9638,-0.6648,10.1674,-0.0196,0.0122,9.8065,-0.011,0.0204,0.0012,11.75,-38.19,7.56,114.03,-76.45,-156.93
52.404476,-1.50316,150.98,15.52,12,251.31,20 / 21,260909,2019-09-06 20:57:25:916,1.0774,-0.7213,8.9743,0.0032,0.0096,9.8066,-0.0725,0.0022,-0.0067,11.75,-35.81,8.88,109.42,-76.41,-156.25
52.404476,-1.50316,150.98,15.52,12,251.31,20 / 21,261010,2019-09-06 20:57:26:017,0.3326,-1.1116,10.033,-0.0286,-0.0021,9.8065,-0.1417,-0.0134,0.061,12.06,-34.69,7.31,115.86,-76.59,-155.79
52.404476,-1.50316,150.98,15.52,12,251.31,20 / 21,261109,2019-09-06 20:57:26:116,2.6597,-1.4534,10.3641,-0.0525,0.0195,9.8064,-0.0642,0.01,-0.0086,11.56,-35.69,6.5,117.19,-76.32,-155.77
52.404476,-1.50316,150.98,15.52,12,251.31,20 / 21,261210,2019-09-06 20:57:26:217,0.728,-1.7713,10.3272,-0.0042,0.0039,9.8066,0.1405,0.0137,-0.0413,12.69,-36.19,7.13,117.37,-76.12,-155.75
52.404476,-1.50316,150.98,15.52,12,251.31,20 / 21,261310,2019-09-06 20:57:26:317,-0.137,-1.5295,9.588,0.0135,-0.0004,9.8066,0.0123,-0.0078,0.0963,12.56,-36.56,6.75,118.43,-75.88,-155.91
52.404476,-1.50316,150.98,15.52,12,251.31,20 / 21,261410,2019-09-06 20:57:26:417,0.1892,-1.6569,8.9195,0.012,0.0018,9.8066,-0.0419,0.041,-0.0077,12.31,-36.12,6.56,118.36,-75.94,-155.19
52.404476,-1.50316,150.98,15.52,12,251.31,20 / 21,261509,2019-09-06 20:57:26:516,0.6728,-2.199,9.4456,0.0065,0.0057,9.8066,-0.044,0.072,-0.0405,12.75,-37.12,6.38,122.29,-76.19,-154.35
52.404476,-1.50316,150.98,15.52,12,251.31,20 / 21,261609,2019-09-06 20:57:26:616,0.3121,-1.3737,9.8977,0.0058,0.0109,9.8065,-0.0136,0.0572,-0.006,11.88,-37.31,6.63,119.4,-76.25,-153.93
52.404476,-1.50316,150.98,15.52,12,251.31,20 / 21,261710,2019-09-06 20:57:26:717,1.0731,-1.5918,9.6964,-0.0142,0.01,9.8065,-0.0369,-0.0062,0.0534,12.25,-37.37,7.19,120.05,-76.11,-153.42
52.404476,-1.50316,150.98,15.52,12,251.31,20 / 21,261809,2019-09-06 20:57:26:816,0.053,-1.3592,9.7735,0.0004,0.0121,9.8066,0.0002,0.0465,-0.0109,12.25,-37.06,7,120.7,-75.97,-152.85
52.404476,-1.50316,150.98,15.52,12,251.31,20 / 21,261910,2019-09-06 20:57:26:917,0.1487,-2.6186,10.0881,0.0131,0.0051,9.8066,0.1142,0.01,0.0274,11.94,-37.37,7.69,117.57,-75.93,-152.51
52.404476,-1.50316,150.98,15.52,12,251.31,20 / 21,262010,2019-09-06 20:57:27:017,1.4271,-2.2821,9.5187,-0.0026,0.0038,9.8066,-0.0134,0.053,-0.028,12.5,-37.44,7.25,120.97,-75.99,-152.08
52.404476,-1.50316,150.98,15.52,12,251.31,20 / 21,262109,2019-09-06 20:57:27:116,1.182,-2.0082,9.6821,0.0252,0.0023,9.8065,-0.0341,0.0716,-0.0403,12.56,-37.31,6.81,120.99,-75.92,-152.23
52.404476,-1.50316,150.98,15.52,12,251.31,20 / 21,262210,2019-09-06 20:57:27:217,1.1893,-2.4159,9.7941,0.0165,-0.002,9.8066,-0.0694,-0.0091,0.0177,12.31,-37.12,7.56,117.91,-75.88,-152.16
52.404476,-1.50316,150.98,15.52,12,251.31,20 / 21,262309,2019-09-06 20:57:27:316,1.0367,-1.7595,9.5466,0.0084,0.0039,9.8066,-0.0929,0.0647,0.0011,12.06,-37,7.94,117.83,-75.98,-151.99
52.404476,-1.50316,150.98,15.52,12,251.31,20 / 21,262409,2019-09-06 20:57:27:416,2.3892,-1.9227,9.2392,0.0318,-0.0069,9.8065,0.1972,0.0696,-0.0123,12.25,-36.81,7.5,117.63,-76.1,-151.95
52.404476,-1.50316,150.98,15.52,12,251.31,20 / 21,262510,2019-09-06 20:57:27:517,1.0459,-2.0817,9.4202,-0.0242,-0.0033,9.8066,0.2602,0.0505,-0.0509,12.63,-37.44,7.75,117.4,-76.19,-152.02
52.404476,-1.50316,150.98,15.52,12,251.31,20 / 21,262610,2019-09-06 20:57:27:617,-0.8371,-1.8491,9.2194,-0.0139,0.0027,9.8066,-0.313,0.0515,0.0593,12.44,-36.62,7.63,117.55,-76.19,-151.81
52.404476,-1.50316,150.98,15.52,12,251.31,20 / 21,262709,2019-09-06 20:57:27:716,1.6771,-1.2822,9.7363,0.0173,0.0037,9.8065,-0.2166,0.0077,0.0374,12.31,-37.06,7.69,117.61,-76.36,-151.26
52.404476,-1.50316,150.98,15.52,12,251.31,20 / 21,262809,2019-09-06 20:57:27:816,0.6685,-1.7771,9.413,-0.0077,-0.0018,9.8065,0.0339,0.0408,-0.0575,12.31,-36.56,8,117.62,-76.5,-150.88
52.404476,-1.50316,150.98,15.52,12,251.31,20 / 21,262909,2019-09-06 20:57:27:916,1.0314,-1.3413,9.8121,0.0238,0.0173,9.8066,0.03,0.0236,0.0565,12.19,-36.44,7.81,117.25,-76.35,-150.77
52.404476,-1.50316,150.98,15.52,12,251.31,20 / 21,263009,2019-09-06 20:57:28:016,0.7579,-1.2993,10.6612,0.0297,0.0064,9.8066,0.0955,0.0742,-0.0225,12,-36.44,7.81,117.78,-76.42,-149.88
52.404476,-1.50316,150.98,15.52,12,251.31,19 / 21,263110,2019-09-06 20:57:28:117,0.2848,-1.6356,10.1795,-0.0456,0.0025,9.8065,0.0739,0.0164,0.0077,11.75,-36.69,8.06,118.48,-76.43,-149.88
52.404476,-1.50316,150.98,15.52,12,251.31,19 / 21,263209,2019-09-06 20:57:28:216,0.6118,-1.8151,10.5788,-0.0282,-0.001,9.8066,-0.1735,0.0303,-0.0154,12.31,-36.81,8.56,115.19,-76.46,-149.63
52.404476,-1.50316,150.98,15.52,12,251.31,19 / 21,263309,2019-09-06 20:57:28:316,1.291,-1.1694,10.4278,-0.0162,0.0048,9.8066,0.0847,0.055,0.0492,12.13,-36.5,8.19,118.02,-76.38,-149.65
52.404476,-1.50316,150.98,15.52,12,251.31,19 / 21,263410,2019-09-06 20:57:28:417,1.2431,-2.2754,9.5079,-0.0352,-0.0005,9.8065,-0.0116,0.028,0.0702,11.56,-36.25,8.63,114.49,-76.32,-149.94
52.404476,-1.50316,150.98,15.52,12,251.31,19 / 21,263510,2019-09-06 20:57:28:517,-0.8734,-3.4302,8.4984,0.0742,-0.012,9.8063,-0.2013,-0.0705,-0.0261,12.19,-36.19,8.25,118.4,-76.23,-149.52
52.404476,-1.50316,150.98,15.52,12,251.31,19 / 21,263609,2019-09-06 20:57:28:616,2.7052,-3.5043,7.6876,0.0104,0.0131,9.8066,0.0551,0.0003,0.0198,12.06,-36.62,8.31,119.01,-76.46,-149.07
52.404476,-1.50316,150.98,15.52,12,251.31,19 / 21,263710,2019-09-06 20:57:28:717,1.2913,-0.9826,9.6056,0.0688,0.0143,9.8063,0.009,-0.0032,0.0586,11.81,-36.69,8.06,119.19,-76.42,-148.92
52.404476,-1.50316,150.98,15.52,12,251.31,19 / 21,263810,2019-09-06 20:57:28:817,2.5333,-0.1476,9.5099,0.0837,0.0202,9.8062,0.1146,0.0847,-0.0191,11.69,-36.19,8.88,115.22,-76.42,-148.71
52.404476,-1.50316,150.98,15.52,12,251.31,19 / 21,263910,2019-09-06 20:57:28:917,-0.6048,-2.3751,10.3585,-0.1141,-0.0042,9.8059,0.3812,0.0656,-0.009,11.94,-36.87,8.75,116.18,-76.87,-147.24
52.404476,-1.50316,150.98,15.52,12,251.31,19 / 21,264009,2019-09-06 20:57:29:016,0.5379,-2.2816,9.7532,-0.1071,-0.0002,9.806,-0.4499,0.0375,0.003,11.69,-36.75,9.19,116.78,-76.27,-148.01
52.404476,-1.50316,150.98,15.52,12,251.31,20 / 21,264109,2019-09-06 20:57:29:116,-0.2968,-2.5077,9.6756,-0.09,-0.0111,9.8061,-0.2388,0.0259,0.0767,12.19,-36.75,9.19,116.92,-76.37,-147.55
52.404476,-1.50316,150.98,15.52,12,251.31,20 / 21,264210,2019-09-06 20:57:29:217,1.7085,-2.6183,9.1576,0.0548,0.0071,9.8065,0.0041,0.094,-0.0607,11.94,-35.69,8.88,116.32,-76.76,-146.42
52.404476,-1.50316,150.98,15.52,12,251.31,20 / 21,264309,2019-09-06 20:57:29:316,0.7862,-1.6297,9.9847,-0.0129,0.0029,9.8066,0.1831,0.053,-0.0469,10.94,-35.69,7.81,119.2,-76.69,-146.98
52.404476,-1.50316,150.98,15.52,12,251.31,20 / 21,264409,2019-09-06 20:57:29:416,0.3642,-2.2579,10.2035,0.0079,-0.0193,9.8065,0.3167,0.0465,0.0352,11.63,-37.75,7.06,124.23,-76.62,-147
52.404476,-1.50316,150.98,15.52,12,251.31,20 / 21,264510,2019-09-06 20:57:29:517,0.9745,-0.148,10.5215,0.022,0.006,9.8066,0.0057,0.0767,-0.1049,10.63,-40,8.75,118.69,-76.71,-146.77
52.404476,-1.50316,150.98,15.52,12,251.31,20 / 21,264610,2019-09-06 20:57:29:617,1.5018,-2.4821,9.0753,-0.0035,-0.0215,9.8066,-0.1353,0.0846,-0.0117,10.94,-39.12,10.88,110.2,-76.95,-147.23
52.404476,-1.50316,150.98,15.52,12,251.31,20 / 21,264710,2019-09-06 20:57:29:717,0.0107,-2.4506,9.2646,0.0464,-0.0052,9.8064,0.2587,-0.0006,0.0185,10.88,-36.81,11,108.18,-76.9,-147.99
52.404476,-1.50316,150.98,15.52,12,251.31,20 / 21,264810,2019-09-06 20:57:29:817,2.3173,-2.4965,9.4289,0.0362,0.0134,9.8065,0.1253,0.0503,-0.1357,11.63,-36.37,10.38,111.24,-77.17,-147.65
52.404476,-1.50316,150.98,15.52,12,251.31,20 / 21,264910,2019-09-06 20:57:29:917,0.2109,-2.5691,9.9745,-0.0433,-0.0114,9.8065,-0.0817,0.0492,0.0155,11.88,-36.44,10.56,107.59,-77.27,-147.85
52.404476,-1.50316,150.98,15.52,12,251.31,20 / 21,265010,2019-09-06 20:57:30:017,-2.9378,-2.2862,9.3498,-0.0755,-0.0269,9.8062,-0.2366,0.0378,0.0698,11.19,-36.12,10.56,106.98,-77.35,-147.34
52.404476,-1.50316,150.98,15.52,12,251.31,19 / 20,265109,2019-09-06 20:57:30:116,2.1471,-1.9866,8.2265,0.0622,0.0203,9.8063,-0.0024,0.1613,-0.1641,11.5,-36.31,10.69,107.62,-77.06,-148.34
52.404476,-1.50316,150.98,15.52,12,251.31,19 / 20,265209,2019-09-06 20:57:30:216,0.0818,-3.3023,9.0249,0.0183,0.0015,9.8066,-0.0177,0.1628,-0.062,11.81,-36.12,10.44,110.87,-77.33,-147.71
52.404476,-1.50316,150.98,15.52,12,251.31,19 / 20,265310,2019-09-06 20:57:30:317,1.5079,-0.3284,10.1554,-0.0232,0.0161,9.8065,0.0682,-0.0295,-0.0907,12.13,-36.12,11.25,107.25,-77.44,-147.85
52.404476,-1.50316,150.98,15.52,12,251.31,19 / 20,265410,2019-09-06 20:57:30:417,1.8835,-2.7474,9.9495,-0.0069,-0.0029,9.8066,0.0099,0.1317,-0.0685,11.38,-36.12,10.81,107.02,-77.21,-147.66
52.404476,-1.50316,150.98,15.52,12,251.31,19 / 20,265510,2019-09-06 20:57:30:517,-0.0081,-2.4447,9.3922,-0.0138,0.0035,9.8066,-0.1187,0.0021,0.0455,11.56,-36.5,10.56,107.22,-77.39,-148.01
52.404476,-1.50316,150.98,15.52,12,251.31,19 / 20,265609,2019-09-06 20:57:30:616,0.2939,-1.2442,9.3457,0.0146,-0.0027,9.8065,-0.0374,-0.0006,0.0134,11.75,-35.94,10.69,107.56,-77.45,-147.46
52.404476,-1.50316,150.98,15.52,12,251.31,19 / 20,265710,2019-09-06 20:57:30:717,1.7664,-2.0471,9.6548,0.0798,0.0303,9.8062,0.0315,0.1249,0.0467,11.13,-36.31,10.44,110.01,-77.3,-148.02
52.404476,-1.50316,150.98,15.52,12,251.31,19 / 20,265810,2019-09-06 20:57:30:817,3.6971,-3.7444,8.5986,0.0392,0.0627,9.8063,-0.2342,0.2628,-0.2046,11.56,-36.25,11.38,109.12,-77.46,-145.56
52.404476,-1.50316,150.98,15.52,12,251.31,19 / 20,265910,2019-09-06 20:57:30:917,-3.847,-2.9973,10.2421,-0.0199,-0.0531,9.8064,0.4335,0.1971,0.0903,12,-36.19,11.13,108.98,-77.4,-145.87
52.404476,-1.50316,150.98,15.52,12,251.31,19 / 20,266010,2019-09-06 20:57:31:017,-3.9213,-5.6346,10.7058,0.0266,0.0004,9.8066,0.541,0.2504,0.021,11.75,-36.56,11.25,107.71,-77.48,-148.04
52.404434,-1.50534,150.57,17.02,4,260.98,19 / 21,266110,2019-09-06 20:57:31:117,-2.4753,-1.2896,10.6307,-0.002,-0.009,9.8066,0.4563,-0.0717,0.079,12,-35.94,11.88,103.48,-77.57,-148.21
52.404434,-1.50534,150.57,17.02,4,260.98,19 / 21,266209,2019-09-06 20:57:31:216,1.6841,-1.4168,9.1727,0.1217,0.0617,9.8057,0.2268,-0.0411,0.1201,11.19,-36.37,11.63,103.03,-77.48,-147.73
52.404434,-1.50534,150.57,17.02,4,260.98,19 / 21,266310,2019-09-06 20:57:31:317,-0.2681,-0.8195,8.996,0.0825,0.023,9.8062,0.0299,-0.0834,-0.1452,11.44,-35.94,11.63,104.27,-78.14,-144.65
52.404434,-1.50534,150.57,17.02,4,260.98,19 / 21,266409,2019-09-06 20:57:31:416,2.7132,-1.116,10.5401,0.0205,-0.0309,9.8065,0.2966,0.0035,-0.0065,11.75,-35.87,11.56,104.6,-78.2,-145.46
52.404434,-1.50534,150.57,17.02,4,260.98,19 / 21,266510,2019-09-06 20:57:31:517,0.5389,-1.8006,9.6523,0.0141,-0.0151,9.8066,0.2732,0.0789,-0.0449,11.75,-35.62,12,102.83,-78.29,-147.26
52.404434,-1.50534,150.57,17.02,4,260.98,19 / 21,266609,2019-09-06 20:57:31:616,-1.168,-2.1478,11.6146,-0.0273,-0.0229,9.8065,0.0933,-0.0498,0.0833,11.88,-35.81,12.19,101.85,-78.39,-148.12
52.404434,-1.50534,150.57,17.02,4,260.98,19 / 21,266709,2019-09-06 20:57:31:716,0.3368,-1.9546,10.3155,-0.0339,-0.0325,9.8065,0.0311,0.0707,0.0405,12.5,-35.75,12.38,101.97,-78.32,-149.35
52.404434,-1.50534,150.57,17.02,4,260.98,19 / 21,266809,2019-09-06 20:57:31:816,1.0652,-1.0867,9.9357,0.0245,0.0164,9.8066,-0.1566,0.0955,0.0054,11.56,-35.56,12.19,101.33,-78.42,-148.65
52.404434,-1.50534,150.57,17.02,4,260.98,19 / 21,266909,2019-09-06 20:57:31:916,0.1663,-1.9327,9.7958,-0.0424,0.0018,9.8065,-0.2408,0.1437,0.0191,11.38,-35.69,13.56,94.78,-78.28,-147.98
52.404434,-1.50534,150.57,17.02,4,260.98,19 / 21,267009,2019-09-06 20:57:32:016,2.5636,0.0503,8.4485,0.0426,0.0297,9.8064,0.3375,0.0052,0.0315,11.69,-34.94,13.19,98.5,-78.19,-148.16
52.404434,-1.50534,150.57,17.02,4,260.98,19 / 20,267109,2019-09-06 20:57:32:116,2.854,0.2378,9.0875,0.0857,0.0584,9.806,0.2868,0.045,0.0594,12.19,-34.94,13.75,96.87,-78.39,-146.36
52.404434,-1.50534,150.57,17.02,4,260.98,19 / 20,267210,2019-09-06 20:57:32:217,0.1977,-3.0322,10.2303,-0.0888,-0.0726,9.8059,-0.2839,0.1179,0.0925,12.25,-35.31,14.13,97.14,-78.37,-146.11
52.404434,-1.50534,150.57,17.02,4,260.98,19 / 20,267309,2019-09-06 20:57:32:316,1.8482,-3.6604,9.7336,-0.116,-0.0689,9.8057,-0.2711,0.1454,-0.1627,12.63,-35.12,14.38,97.15,-77.83,-148.64
52.404434,-1.50534,150.57,17.02,4,260.98,19 / 20,267410,2019-09-06 20:57:32:417,2.0326,-0.2297,9.6709,0.0647,0.0252,9.8064,0.0522,0.0691,0.0253,12.75,-35.12,14.19,95.91,-78,-149.63
52.404434,-1.50534,150.57,17.02,4,260.98,19 / 20,267509,2019-09-06 20:57:32:516,0.4558,-0.498,9.3052,0.0569,0.0124,9.8064,-0.037,0.0238,-0.0088,13,-35.5,13.56,95.23,-78.17,-150
52.404434,-1.50534,150.57,17.02,4,260.98,19 / 20,267609,2019-09-06 20:57:32:616,1.7124,-2.6579,9.3603,0.0466,-0.0018,9.8065,0.1871,-0.0244,0.0777,13.88,-35.06,14.13,95.82,-78.53,-149.97
52.404434,-1.50534,150.57,17.02,4,260.98,19 / 20,267709,2019-09-06 20:57:32:716,0.2975,-2.7516,10.1447,0.0318,0.0152,9.8065,0.1412,0.0702,0.0071,14.13,-35.5,14,95.5,-78.85,-149.69
52.404434,-1.50534,150.57,17.02,4,260.98,19 / 20,267809,2019-09-06 20:57:32:816,0.6021,-1.7184,10.1268,-0.0186,-0.0059,9.8066,-0.0281,0.0284,0.0072,14.69,-34.87,14.94,94.94,-78.82,-148.92
52.404434,-1.50534,150.57,17.02,4,260.98,19 / 20,267909,2019-09-06 20:57:32:916,1.9488,-1.3116,9.9165,-0.0358,-0.0157,9.8065,-0.0714,0.0257,-0.037,14.81,-35.06,14.69,95.28,-78.86,-148.49
52.404434,-1.50534,150.57,17.02,4,260.98,19 / 20,268009,2019-09-06 20:57:33:016,-0.0034,-1.5097,9.2624,0.036,0.0096,9.8065,-0.1574,0.0511,-0.0529,14.88,-34.87,14.5,94.72,-78.73,-149.3
52.404434,-1.50534,150.57,17.02,4,260.98,20 / 21,268110,2019-09-06 20:57:33:117,0.4465,0.5847,9.6497,0.0098,-0.0128,9.8065,-0.1599,-0.0439,0.0913,15.81,-34.69,14.19,97.55,-78.95,-149.71
52.404434,-1.50534,150.57,17.02,4,260.98,20 / 21,268209,2019-09-06 20:57:33:216,1.3497,-0.5575,8.6295,0.0428,-0.0008,9.8065,0.3174,0.0553,0.0513,15.94,-35.06,14.56,94.53,-78.92,-150.38
52.404434,-1.50534,150.57,17.02,4,260.98,20 / 21,268310,2019-09-06 20:57:33:317,-0.6093,-0.7404,10.4102,0.0022,0.0024,9.8066,0.0445,-0.1809,-0.0595,15.44,-35.62,14.19,95.99,-79.01,-150.67
52.404434,-1.50534,150.57,17.02,4,260.98,20 / 21,268409,2019-09-06 20:57:33:416,3.2294,-1.8635,10.8462,0.0419,-0.0226,9.8065,0.1463,0.0866,0.165,15.88,-34.75,13.13,99.35,-79.03,-150.32
52.404434,-1.50534,150.57,17.02,4,260.98,20 / 21,268509,2019-09-06 20:57:33:516,1.0667,-1.4289,10.6497,0.0111,0.0263,9.8065,0.1914,0.1424,-0.0016,15.63,-34.81,13.44,97.81,-79.28,-151.51
52.404434,-1.50534,150.57,17.02,4,260.98,20 / 21,268609,2019-09-06 20:57:33:616,1.3863,-0.812,10.4181,-0.0132,0.008,9.8066,-0.0227,0.0392,-0.0206,16.06,-35.75,13.13,98.93,-79.06,-151.28
52.404434,-1.50534,150.57,17.02,4,260.98,20 / 21,268709,2019-09-06 20:57:33:716,1.8693,-0.2717,9.7699,-0.0377,-0.0256,9.8065,-0.0604,-0.0124,0.1048,15.5,-35.81,12.75,99.48,-78.77,-151.23
52.404434,-1.50534,150.57,17.02,4,260.98,20 / 21,268810,2019-09-06 20:57:33:817,-1.1212,-1.1631,9.0132,0.0325,0.0147,9.8065,-0.0035,0.0484,-0.0256,15.13,-35.69,13,98.96,-78.82,-150.69
52.404434,-1.50534,150.57,17.02,4,260.98,20 / 21,268910,2019-09-06 20:57:33:917,1.0337,-1.4746,8.5137,0.0551,0.0001,9.8064,-0.0811,0.0022,0.0769,15.56,-36,12.5,99.58,-79.15,-150.42
52.404434,-1.50534,150.57,17.02,4,260.98,20 / 21,269010,2019-09-06 20:57:34:017,0.8851,-1.663,10.2796,-0.0312,-0.011,9.8065,-0.0094,0.0019,-0.0755,14.5,-35.19,12.63,98.21,-79.22,-150.13
52.404434,-1.50534,150.57,17.02,4,260.98,20 / 21,269110,2019-09-06 20:57:34:117,2.532,-1.3777,10.037,-0.0289,-0.0175,9.8065,-0.0687,-0.0027,-0.0955,14.69,-35.06,13.13,97.85,-78.96,-151.01
52.404434,-1.50534,150.57,17.02,4,260.98,20 / 21,269209,2019-09-06 20:57:34:216,1.7792,-1.6196,10.5571,0.0037,0.0015,9.8065,0.2419,0.0706,-0.0138,14.38,-35.19,13.13,96.16,-78.83,-151.91
52.404434,-1.50534,150.57,17.02,4,260.98,20 / 21,269310,2019-09-06 20:57:34:317,2.8097,0.3448,10.2349,0.0065,-0.0281,9.8065,0.0116,-0.0389,0.0367,13.94,-35.06,12.81,95.18,-78.83,-152.96
52.404434,-1.50534,150.57,17.02,4,260.98,20 / 21,269410,2019-09-06 20:57:34:417,4.7227,0.134,10.1236,0.0133,-0.0118,9.8065,-0.0984,0.0261,-0.1,13.63,-35.69,12.81,95.48,-78.8,-153.34
52.404434,-1.50534,150.57,17.02,4,260.98,20 / 21,269510,2019-09-06 20:57:34:517,1.9465,-0.5804,10.6324,0.0061,-0.0141,9.8066,-0.0286,0.0347,-0.03,14.06,-35.06,13.81,90.83,-78.93,-154.39
52.404434,-1.50534,150.57,17.02,4,260.98,20 / 21,269609,2019-09-06 20:57:34:616,-1.3979,-1.5443,11.8519,-0.1166,-0.0339,9.8059,-0.2172,0.1278,0.0126,13.56,-34.87,13.25,92.29,-79.16,-155.31
52.404434,-1.50534,150.57,17.02,4,260.98,20 / 21,269709,2019-09-06 20:57:34:716,0.5987,-1.2293,10.2766,-0.0648,-0.0247,9.8064,-0.0725,-0.0195,-0.0089,13.5,-35.44,13.69,90.27,-78.43,-155.94
52.404434,-1.50534,150.57,17.02,4,260.98,20 / 21,269810,2019-09-06 20:57:34:817,0.7769,-0.7688,9.8261,0.0622,0.0166,9.8064,0.102,-0.0535,0.1758,12.94,-35.44,14.06,89.49,-78.35,-155.6
52.404434,-1.50534,150.57,17.02,4,260.98,20 / 21,269909,2019-09-06 20:57:34:916,0.2707,1.9132,11.1334,0.0747,0.0286,9.8063,0.1868,-0.069,0.2083,12.81,-35.12,13.38,91.98,-78.67,-155.39
52.404434,-1.50534,150.57,17.02,4,260.98,20 / 21,270009,2019-09-06 20:57:35:016,-0.047,-1.5148,10.6408,-0.0698,-0.0481,9.8063,-0.0108,0.079,-0.1011,12.94,-34.56,14.5,86.91,-78.52,-155.01
52.404434,-1.50534,150.57,17.02,4,260.98,20 / 21,270110,2019-09-06 20:57:35:117,-1.2032,-0.8874,11.434,-0.0278,-0.0355,9.8064,0.1791,-0.0571,0.0943,13.25,-35,14.31,89.03,-78.24,-156.29
52.404434,-1.50534,150.57,17.02,4,260.98,20 / 21,270209,2019-09-06 20:57:35:216,1.5966,-1.63,10.1261,-0.02,-0.0252,9.8066,-0.3936,0.0443,0.1259,12.75,-34.87,15.13,86.85,-77.84,-156.43
52.404434,-1.50534,150.57,17.02,4,260.98,20 / 21,270310,2019-09-06 20:57:35:317,3.0792,-1.9717,10.4042,-0.0682,-0.0273,9.8063,-0.4622,-0.0077,0.1129,12.75,-34.25,15,85.82,-77.53,-157.4
52.404434,-1.50534,150.57,17.02,4,260.98,20 / 21,270410,2019-09-06 20:57:35:417,3.2906,-0.1104,11.3396,0.1013,0.0535,9.8059,0.6915,0.0348,-0.0208,12.75,-34.12,15.31,86.78,-77.1,-157.28
52.404434,-1.50534,150.57,17.02,4,260.98,20 / 21,270510,2019-09-06 20:57:35:517,1.3596,-0.6392,10.6972,0.1391,0.0713,9.8053,0.43,0.0075,-0.0187,13.13,-34.37,17.13,81.3,-77.52,-156.65
52.404434,-1.50534,150.57,17.02,4,260.98,20 / 21,270610,2019-09-06 20:57:35:617,2.0051,-1.6719,11.7464,-0.1014,-0.0987,9.8056,-0.1828,0.0533,-0.0184,13.06,-34,17.25,80.24,-77.33,-157.99
52.404434,-1.50534,150.57,17.02,4,260.98,20 / 21,270709,2019-09-06 20:57:35:716,1.4667,0.0095,10.1483,-0.077,-0.0611,9.8061,0.0113,0.0111,0.0529,12.31,-34.44,17.75,74.63,-77.28,-159.39
52.404434,-1.50534,150.57,17.02,4,260.98,20 / 21,270810,2019-09-06 20:57:35:817,2.2975,-2.4235,8.7391,0.0571,0.0216,9.8064,0.0253,0.0224,0.0661,12.38,-34.56,17.19,78.64,-76.59,-160.02
52.404434,-1.50534,150.57,17.02,4,260.98,20 / 21,270910,2019-09-06 20:57:35:917,2.0388,0.0341,10.3839,-0.0092,0.0139,9.8066,-0.0581,0.1021,-0.0818,12.25,-34.31,17.88,75.82,-76.77,-159.19
52.404434,-1.50534,150.57,17.02,4,260.98,20 / 21,271010,2019-09-06 20:57:36:017,0.9922,-2.2921,10.6408,0.0015,-0.01,9.8066,0.0416,-0.0182,0.0309,12.75,-34.06,17.81,77.06,-76.85,-159.5
52.404434,-1.50534,150.57,17.02,4,260.98,20 / 21,271109,2019-09-06 20:57:36:116,0.5754,1.4591,11.0309,-0.0337,-0.032,9.8065,0.1122,0.077,-0.0535,12.75,-33.62,18.56,74.22,-76.45,-160.57
52.404434,-1.50534,150.57,17.02,4,260.98,20 / 21,271209,2019-09-06 20:57:36:216,2.8728,-0.5786,9.8593,0.0273,0.0134,9.8066,0.3728,0.0581,-0.0313,12.25,-34.12,19.94,69.56,-76.31,-161.31
52.404434,-1.50534,150.57,17.02,4,260.98,20 / 21,271309,2019-09-06 20:57:36:316,1.0199,-1.2423,10.9308,0.0618,0.0549,9.8062,-0.0812,0.0741,0.0391,12.69,-34.37,20,71.56,-76.17,-161.35
52.404434,-1.50534,150.57,17.02,4,260.98,20 / 21,271409,2019-09-06 20:57:36:416,-0.2441,-1.1213,9.4926,-0.0702,-0.0801,9.806,0.1405,0.021,-0.1114,12.94,-34.19,20.06,70.83,-76.85,-160.95
52.404434,-1.50534,150.57,17.02,4,260.98,20 / 21,271509,2019-09-06 20:57:36:516,1.1217,-3.0866,8.9382,-0.0683,-0.0529,9.8062,-0.1915,-0.0129,0.0937,12.69,-34.25,20.38,70.19,-76.51,-162.05
52.404434,-1.50534,150.57,17.02,4,260.98,20 / 21,271609,2019-09-06 20:57:36:616,2.5693,3.1936,10.146,0.0342,0.0469,9.8064,-0.1445,0.258,-0.0117,13,-34.75,20.94,67.81,-76.45,-162.87
52.404434,-1.50534,150.57,17.02,4,260.98,20 / 21,271710,2019-09-06 20:57:36:717,5.598,-0.6017,7.6565,0.0113,-0.0033,9.8065,-0.1299,0.0328,-0.0756,13.81,-34.94,21.94,68.12,-76.43,-162.33
52.404434,-1.50534,150.57,17.02,4,260.98,20 / 21,271809,2019-09-06 20:57:36:816,3.114,-0.2881,10.3795,0.066,0.0478,9.8063,-0.0318,0.0968,-0.162,13.56,-35,22.13,67.85,-76.08,-163.09
52.404434,-1.50534,150.57,17.02,4,260.98,20 / 21,271909,2019-09-06 20:57:36:916,2.3195,-0.6838,8.1399,0.0735,0.0765,9.806,0.3819,0.0705,0.0786,14.19,-34.56,22.06,67.52,-76.19,-163.22
52.404434,-1.50534,150.57,17.02,4,260.98,20 / 21,272009,2019-09-06 20:57:37:016,0.4774,-0.8375,10.5022,-0.0523,-0.0587,9.8062,0.3565,0.0457,0.1041,14.94,-33.5,22.31,68.93,-76.76,-161.61
52.404434,-1.50534,150.57,17.02,4,260.98,20 / 21,272110,2019-09-06 20:57:37:117,-3.4128,-3.8601,12.2987,-0.0081,-0.0289,9.8066,-0.817,0.0749,-0.0661,14.75,-33.19,21.69,67.98,-77.07,-162.05
52.404434,-1.50534,150.57,17.02,4,260.98,20 / 21,272209,2019-09-06 20:57:37:216,1.5565,-0.4789,13.0059,-0.0932,-0.0636,9.8059,-0.0631,0.2024,0.0404,14.56,-33.37,20.69,69.55,-77.72,-161.49
52.404434,-1.50534,150.57,17.02,4,260.98,20 / 21,272309,2019-09-06 20:57:37:316,3.3496,-1.0898,7.6781,-0.2365,-0.1965,9.8018,-0.6465,0.1632,0.0862,14.63,-33,19.69,71.99,-76.49,-162.85
52.404434,-1.50534,150.57,17.02,4,260.98,20 / 21,272409,2019-09-06 20:57:37:416,7.887,6.9511,9.0532,0.1912,0.1874,9.803,-0.651,0.0489,0.19,14.44,-32.19,20.38,70.22,-75.56,-163.81
52.404434,-1.50534,150.57,17.02,4,260.98,20 / 21,272509,2019-09-06 20:57:37:516,8.0418,5.71,7.6098,0.1237,0.1076,9.8052,0.4373,0.0645,-0.2559,14.31,-31.87,20.38,71.17,-75.38,-163.22
52.404434,-1.50534,150.57,17.02,4,260.98,20 / 21,272610,2019-09-06 20:57:37:617,-0.9794,-4.4087,9.878,-0.073,-0.0672,9.8061,0.5826,0.1657,-0.0311,14.69,-31.25,20.31,73.67,-76.57,-160.11
52.404434,-1.50534,150.57,17.02,4,260.98,20 / 21,272709,2019-09-06 20:57:37:716,2.107,-0.3548,9.2799,-0.0017,-0.049,9.8064,-0.2818,0.0142,-0.0662,14.94,-32.5,18.81,74.99,-76.82,-161.06
52.404434,-1.50534,150.57,17.02,4,260.98,20 / 21,272810,2019-09-06 20:57:37:817,3.3336,-2.0343,9.62,-0.0717,-0.082,9.8059,0.4068,0.0006,-0.2446,15.19,-31.81,18,75.14,-77.7,-161.7
52.404434,-1.50534,150.57,17.02,4,260.98,20 / 21,272910,2019-09-06 20:57:37:917,-0.527,-2.434,9.6413,-0.0409,-0.023,9.8065,-0.4385,0.0955,-0.0173,15.63,-32.5,17.25,78.07,-77.51,-162.74
52.404434,-1.50534,150.57,17.02,4,260.98,20 / 21,273009,2019-09-06 20:57:38:016,2.9686,-0.5945,10.7014,-0.0953,-0.0571,9.806,-0.5033,0.0847,-0.1949,14.38,-31.94,16.63,74.89,-77.4,-163.17
52.404434,-1.50534,150.57,17.02,4,260.98,18 / 19,273109,2019-09-06 20:57:38:116,0.9456,-1.3871,9.8559,-0.0006,0.0277,9.8065,-0.2283,0.1221,-0.068,12.56,-31.62,17.5,70.2,-76.54,-165.02
52.404434,-1.50534,150.57,17.02,4,260.98,18 / 19,273210,2019-09-06 20:57:38:217,3.2425,0.0092,9.1832,-0.0135,-0.0021,9.8066,-0.329,0.0656,-0.0499,11.69,-31.87,18,69.65,-76.43,-164.06
52.404434,-1.50534,150.57,17.02,4,260.98,18 / 19,273310,2019-09-06 20:57:38:317,2.2336,-0.1331,8.7364,0.0526,0.0261,9.8064,0.029,-0.0006,0.0775,11.19,-30.94,18.06,66.62,-76.82,-163.71
52.404434,-1.50534,150.57,17.02,4,260.98,18 / 19,273410,2019-09-06 20:57:38:417,2.002,0.1293,8.9473,0.0275,0.0263,9.8065,-0.0576,0.0584,-0.0661,10.63,-31,19.06,63.45,-77.46,-163.41
52.404434,-1.50534,150.57,17.02,4,260.98,18 / 19,273509,2019-09-06 20:57:38:516,1.0415,-0.0434,9.6732,-0.0006,-0.0032,9.8066,0.0079,0.0974,-0.0689,11.13,-31.69,19.38,63.57,-77.74,-163.42
52.404434,-1.50534,150.57,17.02,4,260.98,18 / 19,273609,2019-09-06 20:57:38:616,2.0617,0.6656,9.8212,-0.0077,-0.016,9.8065,0.0112,-0.0251,0.0682,11.19,-31.75,20.19,61.16,-77.74,-163.6
52.404434,-1.50534,150.57,17.02,4,260.98,18 / 19,273709,2019-09-06 20:57:38:716,1.3067,-1.1168,10.0209,-0.0082,-0.0072,9.8066,0.041,0.0567,-0.0145,11.06,-31.06,20.88,58.33,-77.55,-164.06
52.404434,-1.50534,150.57,17.02,4,260.98,18 / 19,273809,2019-09-06 20:57:38:816,2.7414,-0.1556,10.3534,-0.0096,-0.0045,9.8066,0.0181,0.0485,-0.0567,11.13,-30.87,21.81,56.63,-77.37,-164.11
52.404434,-1.50534,150.57,17.02,4,260.98,18 / 19,273910,2019-09-06 20:57:38:917,0.5072,0.0148,10.682,0.0126,0.0109,9.8066,-0.0725,0.1176,-0.012,11.25,-31.44,21.69,56.36,-77.36,-164.36
52.404434,-1.50534,150.57,17.02,4,260.98,18 / 19,274010,2019-09-06 20:57:39:017,1.1019,0.6583,9.7634,0.0195,0.0037,9.8066,0.0905,0.0156,0.0262,11.88,-31,22,57.97,-77.61,-164.48
52.404434,-1.50534,150.57,17.02,4,260.98,20 / 21,274109,2019-09-06 20:57:39:116,-0.1199,-0.2305,9.0878,0.0039,-0.0085,9.8066,-0.0286,0.121,-0.1688,12.69,-31.37,22.06,59.68,-77.66,-164.65
52.404434,-1.50534,150.57,17.02,4,260.98,20 / 21,274210,2019-09-06 20:57:39:217,2.2758,-0.3905,9.2328,0.0474,0.0008,9.8065,0.2058,0.0293,0.0745,12.94,-31,21.94,58.63,-77.62,-165.61
52.404434,-1.50534,150.57,17.02,4,260.98,20 / 21,274310,2019-09-06 20:57:39:317,3.0081,-0.085,9.6645,0.0269,0.0073,9.8065,-0.0472,-0.1189,0.1563,14.06,-31.62,20.75,61.32,-77.81,-166.75
52.404434,-1.50534,150.57,17.02,4,260.98,20 / 21,274409,2019-09-06 20:57:39:416,0.3756,0.6453,9.949,-0.0027,-0.007,9.8066,-0.0701,-0.0104,0.0374,13.81,-30.87,20.94,60.66,-77.93,-166.74
52.404434,-1.50534,150.57,17.02,4,260.98,20 / 21,274510,2019-09-06 20:57:39:517,2.3951,-0.9991,10.5092,0.0059,-0.0062,9.8065,0.132,-0.0317,0.0397,13.88,-31.75,20.44,63.55,-77.83,-166.56
52.404434,-1.50534,150.57,17.02,4,260.98,20 / 21,274609,2019-09-06 20:57:39:616,3.4503,-0.1441,8.8925,-0.0013,-0.0128,9.8066,0.0381,0.1354,-0.1099,13.63,-31.75,19.38,64.78,-77.81,-167.41
52.404434,-1.50534,150.57,17.02,4,260.98,20 / 21,274710,2019-09-06 20:57:39:717,0.4141,2.1006,10.3248,0.0178,0.0198,9.8066,0.0565,0.1369,-0.1283,13.69,-32,19.19,63.41,-77.98,-168.38
52.404434,-1.50534,150.57,17.02,4,260.98,20 / 21,274810,2019-09-06 20:57:39:817,4.4306,2.4209,9.6284,0.0911,0.0678,9.806,0.4337,0.0664,-0.0411,13.44,-32.25,18.81,60.89,-78.01,-168.9
52.404434,-1.50534,150.57,17.02,4,260.98,20 / 21,274910,2019-09-06 20:57:39:917,1.1895,1.0586,10.9369,0.098,0.0729,9.8058,-0.1577,0.1934,-0.1041,13.19,-32.56,19.06,60.45,-78.73,-168.73
52.404434,-1.50534,150.57,17.02,4,260.98,20 / 21,275009,2019-09-06 20:57:40:016,2.0691,1.7242,9.6895,-0.0148,-0.0073,9.8066,-0.08,-0.0599,0.0422,13.31,-32.62,18.88,61.04,-78.34,-168.78
52.40403,-1.507293,149.45,11.97,8,233.68,19 / 21,275109,2019-09-06 20:57:40:116,3.018,0.8584,9.6581,-0.0001,0.0035,9.8065,-0.0892,0.0631,-0.0768,12.5,-32.19,18.81,61.44,-78.4,-167.88
52.40403,-1.507293,149.45,11.97,8,233.68,19 / 21,275210,2019-09-06 20:57:40:217,2.0397,0.9416,9.7455,-0.0118,-0.0189,9.8066,-0.0552,-0.0016,-0.0246,12.25,-32.69,18.69,59.71,-78.53,-167.91
52.40403,-1.507293,149.45,11.97,8,233.68,19 / 21,275310,2019-09-06 20:57:40:317,1.8854,-0.7988,9.4381,-0.0044,0.0017,9.8066,-0.0933,0.0488,-0.0957,11.94,-32.62,18.94,59.42,-78.44,-168.28
52.40403,-1.507293,149.45,11.97,8,233.68,19 / 21,275410,2019-09-06 20:57:40:417,2.5367,-0.0824,9.7093,0.0451,0.0176,9.8065,0.181,-0.016,-0.0875,11.38,-32.19,18.81,55.83,-78.43,-168.98
52.40403,-1.507293,149.45,11.97,8,233.68,19 / 21,275510,2019-09-06 20:57:40:517,0.3528,1.0417,11.2721,0.0779,0.0255,9.8062,0.1394,0.0785,-0.0202,11.75,-32.31,19.31,55.53,-79.13,-170.18
52.40403,-1.507293,149.45,11.97,8,233.68,19 / 21,275610,2019-09-06 20:57:40:617,2.733,-0.0029,11.671,-0.0314,-0.0749,9.8063,-0.3209,0.1318,0.0496,10.88,-32.31,18.69,51.46,-79.59,-171.08
52.40403,-1.507293,149.45,11.97,8,233.68,19 / 21,275710,2019-09-06 20:57:40:717,2.4813,-0.7218,7.4312,-0.0706,-0.0646,9.8061,-0.197,0.1962,-0.1099,10.94,-32.56,19,50.71,-79.32,-172.43
52.40403,-1.507293,149.45,11.97,8,233.68,19 / 21,275809,2019-09-06 20:57:40:816,5.1492,3.6697,9.0607,0.0952,0.1183,9.8055,0.1612,0.106,-0.0064,10.63,-33.06,18.63,50.53,-79.08,-172.88
52.40403,-1.507293,149.45,11.97,8,233.68,19 / 21,275909,2019-09-06 20:57:40:916,2.9542,0.7532,9.0014,0.0501,0.0464,9.8064,-0.0923,0.029,0.043,10.81,-32.75,19.13,50.97,-79.33,-172.21
52.40403,-1.507293,149.45,11.97,8,233.68,19 / 21,276010,2019-09-06 20:57:41:017,1.9263,1.3483,11.2992,-0.0201,-0.0059,9.8066,0.3643,-0.0126,0.002,10.25,-33,20.06,46.42,-79.71,-171.71
52.40403,-1.507293,149.45,11.97,8,233.68,20 / 21,276110,2019-09-06 20:57:41:117,1.6172,0.387,10.0807,-0.0452,-0.0649,9.8063,0.2996,0.0434,-0.0612,10.19,-32.37,19.94,46.18,-79.95,-171.3
52.40403,-1.507293,149.45,11.97,8,233.68,20 / 21,276210,2019-09-06 20:57:41:217,1.9358,-0.2549,10.0325,-0.0163,-0.0188,9.8065,-0.0799,0.0225,0.0599,9.69,-32.62,20,46.63,-79.84,-171.39
52.40403,-1.507293,149.45,11.97,8,233.68,20 / 21,276310,2019-09-06 20:57:41:317,2.071,1.5971,9.9207,0.0043,-0.0099,9.8066,-0.1087,0.0828,-0.0806,9.94,-32.62,20.5,44.35,-79.83,-171.73
52.40403,-1.507293,149.45,11.97,8,233.68,20 / 21,276409,2019-09-06 20:57:41:416,3.2407,0.8623,9.715,-0.0149,-0.0356,9.8065,0.0313,0.0606,0.0009,9.31,-32.56,19.31,44.47,-79.77,-172.68
52.40403,-1.507293,149.45,11.97,8,233.68,20 / 21,276510,2019-09-06 20:57:41:517,2.2499,0.9545,9.1848,0.0197,0.0322,9.8065,-0.048,0.0559,0.0007,9.94,-32.81,19.44,46.45,-79.82,-173.21
52.40403,-1.507293,149.45,11.97,8,233.68,20 / 21,276610,2019-09-06 20:57:41:617,0.9426,0.7273,9.7058,0.0331,0.0407,9.8064,0.0402,0.1806,-0.0351,9.63,-32.56,21,42.36,-80.05,-173.11
52.40403,-1.507293,149.45,11.97,8,233.68,20 / 21,276709,2019-09-06 20:57:41:716,0.6117,-0.2659,10.5095,-0.0291,-0.0363,9.8065,0.143,0.1096,0.0872,9.25,-32.81,20.75,40.95,-80.14,-172.06
52.40403,-1.507293,149.45,11.97,8,233.68,20 / 21,276809,2019-09-06 20:57:41:816,1.8474,-0.75,10.1974,-0.0119,-0.0458,9.8065,-0.1587,0.0397,-0.0518,9.75,-32.81,20.69,43.68,-80.3,-171.77
52.40403,-1.507293,149.45,11.97,8,233.68,20 / 21,276909,2019-09-06 20:57:41:916,1.5275,0.242,9.5195,0.0335,0.0416,9.8064,-0.1512,0.0983,-0.0456,8.5,-33.25,20.06,41.88,-80.18,-172.69
52.40403,-1.507293,149.45,11.97,8,233.68,20 / 21,277009,2019-09-06 20:57:42:016,2.0018,1.1676,9.2151,0.0011,0.0169,9.8065,0.0801,0.1151,0.0157,8.56,-32.87,20.94,40.17,-80.45,-172.37
52.40403,-1.507293,149.45,11.97,8,233.68,19 / 20,277110,2019-09-06 20:57:42:117,1.3537,1.4764,9.7855,0.0067,-0.0012,9.8066,0.1207,0.1397,-0.068,8,-32.69,21.06,37.54,-80.49,-172.24
52.40403,-1.507293,149.45,11.97,8,233.68,19 / 20,277209,2019-09-06 20:57:42:216,0.6113,0.7721,10.2963,0.003,0.0004,9.8066,-0.1156,0.1055,-0.0506,8.06,-33.19,21.44,37.15,-80.57,-172.47
52.40403,-1.507293,149.45,11.97,8,233.68,19 / 20,277310,2019-09-06 20:57:42:317,1.2054,1.7793,9.7571,0.0018,0.0021,9.8066,-0.0841,0.0407,-0.0272,7.94,-32.81,21.38,35.88,-80.73,-173.33
52.40403,-1.507293,149.45,11.97,8,233.68,19 / 20,277409,2019-09-06 20:57:42:416,2.3343,1.6689,9.6745,0.0081,-0.002,9.8066,0.0853,0.1033,0.0252,7.56,-33.12,21.63,33.54,-80.84,-173.93
52.40403,-1.507293,149.45,11.97,8,233.68,19 / 20,277510,2019-09-06 20:57:42:517,2.0582,0.6825,10.1258,0.0189,0.0041,9.8066,0.0431,0.1333,-0.0115,7.75,-33.19,22.13,33.74,-80.89,-173.73
52.40403,-1.507293,149.45,11.97,8,233.68,19 / 20,277609,2019-09-06 20:57:42:616,1.2367,1.9012,9.388,-0.0026,-0.0029,9.8066,-0.0162,0.0704,0.0268,7.63,-32.75,22.19,32.58,-81.02,-174.56
52.40403,-1.507293,149.45,11.97,8,233.68,19 / 20,277709,2019-09-06 20:57:42:716,2.1458,1.7326,9.6854,0.0175,0.028,9.8066,-0.0555,0.1134,-0.0356,7.25,-33.19,22.31,29.37,-81.07,-174.85
52.40403,-1.507293,149.45,11.97,8,233.68,19 / 20,277810,2019-09-06 20:57:42:817,1.5975,2.2528,10.0114,0.0148,0.0242,9.8065,0.0177,0.1284,-0.023,6.94,-33.31,22.06,29.2,-81.27,-174.83
52.40403,-1.507293,149.45,11.97,8,233.68,19 / 20,277910,2019-09-06 20:57:42:917,1.3,1.4366,10.1862,-0.0001,-0.0126,9.8066,0.0679,0.1239,0.0165,7.19,-33.12,22.38,28.44,-81.59,-175.2
52.40403,-1.507293,149.45,11.97,8,233.68,19 / 20,278010,2019-09-06 20:57:43:017,1.0283,1.3362,9.9515,0.0099,-0.0082,9.8066,-0.1308,0.1307,-0.0247,6.69,-33.06,23.5,24.95,-81.69,-176.17
52.40403,-1.507293,149.45,11.97,8,233.68,19 / 20,278109,2019-09-06 20:57:43:116,1.3248,1.4737,9.3993,0.0125,0.0089,9.8066,-0.0269,0.0989,0.0025,7,-33,23.13,25.87,-81.78,-176.21
52.40403,-1.507293,149.45,11.97,8,233.68,19 / 20,278210,2019-09-06 20:57:43:217,0.672,1.6881,9.1947,0.0035,0.0089,9.8066,0.0472,0.0622,-0.0251,7.31,-33.31,23.69,24.22,-81.89,-176.64
52.40403,-1.507293,149.45,11.97,8,233.68,19 / 20,278309,2019-09-06 20:57:43:316,1.0969,1.9018,10.3715,0.0085,-0.0009,9.8066,0.0032,0.0967,-0.0644,6.69,-33,23.69,23.52,-81.98,-177.16
52.40403,-1.507293,149.45,11.97,8,233.68,19 / 20,278410,2019-09-06 20:57:43:417,0.8045,2.2912,10.5453,0.0027,-0.0137,9.8066,0.0251,0.0889,0.0124,5.88,-33.56,23.75,20.16,-82.05,-177.82
52.40403,-1.507293,149.45,11.97,8,233.68,19 / 20,278509,2019-09-06 20:57:43:516,0.9593,2.132,10.4208,0.0157,-0.003,9.8065,0.0064,0.0581,-0.0765,5.81,-33.62,23.38,19.31,-82,-179.27
52.40403,-1.507293,149.45,11.97,8,233.68,19 / 20,278610,2019-09-06 20:57:43:617,0.6995,1.5196,9.7444,0.0039,-0.0055,9.8066,0.0202,0.0657,-0.0132,6.75,-33.94,23.88,19.58,-81.98,179.49
52.40403,-1.507293,149.45,11.97,8,233.68,19 / 20,278710,2019-09-06 20:57:43:717,0.2784,1.8612,9.6588,0.005,-0.0011,9.8066,0.0172,0.0669,0.0119,6.31,-33,23.56,16.41,-81.95,179.19
52.40403,-1.507293,149.45,11.97,8,233.68,19 / 20,278810,2019-09-06 20:57:43:817,0.3885,1.9139,9.9259,0.0036,-0.0009,9.8066,-0.0157,0.0492,-0.0075,5.63,-32.75,23.69,15.55,-81.98,178.5
52.40403,-1.507293,149.45,11.97,8,233.68,19 / 20,278910,2019-09-06 20:57:43:917,0.2055,1.9699,10.0862,0.0133,-0.003,9.8066,-0.0016,0.0516,-0.0422,5.75,-32.87,24.5,14.13,-81.98,177.99
52.40403,-1.507293,149.45,11.97,8,233.68,19 / 20,279011,2019-09-06 20:57:44:018,0.306,1.4057,9.7725,0.0083,0.0006,9.8066,0.0173,0.0364,-0.0081,5,-33.44,24.38,10.73,-81.97,176.85
52.40403,-1.507293,149.45,11.97,8,233.68,19 / 21,279112,2019-09-06 20:57:44:119,0.1449,1.4257,9.8949,0.0055,0.0027,9.8066,0.0056,0.0537,0.008,5.69,-33.44,24.25,12.47,-82,176.02
52.40403,-1.507293,149.45,11.97,8,233.68,19 / 21,279210,2019-09-06 20:57:44:217,0.2436,1.4667,10.0752,0.0081,0.005,9.8066,0.0361,0.0451,-0.0025,5.38,-33.87,24.56,8.29,-82.04,175.37
52.40403,-1.507293,149.45,11.97,8,233.68,19 / 21,279310,2019-09-06 20:57:44:317,0.0495,1.0685,9.7614,0.0019,0.0032,9.8066,-0.0028,0.0515,-0.0171,5.69,-33.25,24.13,11.14,-82.03,174.95
52.40403,-1.507293,149.45,11.97,8,233.68,19 / 21,279410,2019-09-06 20:57:44:417,-0.1291,1.1545,9.7667,0.0012,0.0014,9.8066,0.0078,0.0374,0.0177,5.31,-33.62,23.63,8.29,-82.07,174.86
52.40403,-1.507293,149.45,11.97,8,233.68,19 / 21,279509,2019-09-06 20:57:44:516,-0.1846,1.0817,9.7844,0.0096,0.0118,9.8066,-0.0121,0.0398,0.0029,5.25,-33.25,24.31,7.64,-82.11,174.39
52.40403,-1.507293,149.45,11.97,8,233.68,19 / 21,279609,2019-09-06 20:57:44:616,-0.4155,0.6162,9.8609,0.01,0.0109,9.8065,-0.0103,0.0402,-0.0237,4.81,-33.12,24.38,6.83,-82.2,173.75
52.40403,-1.507293,149.45,11.97,8,233.68,19 / 21,279709,2019-09-06 20:57:44:716,-0.3886,0.5791,9.7625,0.007,0.0063,9.8066,0.0017,0.028,0.0202,5.19,-32.81,24.38,5.57,-82.34,172.75
52.40403,-1.507293,149.45,11.97,8,233.68,19 / 21,279809,2019-09-06 20:57:44:816,-0.1253,0.8244,9.9225,0.0117,0.0072,9.8066,0.0039,0.026,-0.021,5.13,-33.12,24.5,3.7,-82.46,171.73
52.40403,-1.507293,149.45,11.97,8,233.68,19 / 21,279910,2019-09-06 20:57:44:917,-0.3822,0.6729,9.8972,0.007,0.0002,9.8066,0.0177,0.014,-0.0071,4.81,-33.5,24.25,3.22,-82.54,170.86
52.40403,-1.507293,149.45,11.97,8,233.68,19 / 21,280012,2019-09-06 20:57:45:019,-0.4475,0.441,9.7642,0.0071,0.002,9.8066,0.0075,0.0046,-0.0043,5,-32.94,25.19,1.82,-82.6,170.19
52.40403,-1.507293,149.45,11.97,8,233.68,19 / 20,280110,2019-09-06 20:57:45:117,-0.5271,0.1655,9.8157,0.0057,0.0076,9.8066,-0.0158,-0.0025,-0.0123,5,-33.25,25.06,0.87,-82.69,169.41
52.40403,-1.507293,149.45,11.97,8,233.68,19 / 20,280210,2019-09-06 20:57:45:217,-0.4768,-0.1545,9.7938,0.0041,0.0067,9.8066,-0.0026,0.0119,0.0132,4.5,-33.06,25.25,0,-82.8,168.69
52.40403,-1.507293,149.45,11.97,8,233.68,19 / 20,280310,2019-09-06 20:57:45:317,-0.5106,0.009,9.8261,0.0047,0.0038,9.8066,0.0222,0.0169,0.0191,4.63,-33.44,24.81,359.7,-82.83,168.44
52.40403,-1.507293,149.45,11.97,8,233.68,19 / 20,280409,2019-09-06 20:57:45:416,-0.6579,-0.4604,9.7883,0.0058,0.0038,9.8066,0.0035,0.0092,0,4.75,-32.87,24.81,358.7,-82.91,167.61
52.40403,-1.507293,149.45,11.97,8,233.68,19 / 20,280509,2019-09-06 20:57:45:516,-0.6538,-0.4927,9.8693,0.0073,0.0021,9.8066,-0.0049,0.0084,-0.0155,4.56,-33.56,25.56,357.44,-82.98,166.98
52.40403,-1.507293,149.45,11.97,8,233.68,19 / 20,280610,2019-09-06 20:57:45:617,-0.7813,-0.8029,9.728,-0.0019,-0.006,9.8065,0.0182,0.0031,-0.0003,4.63,-33.62,25.25,357.17,-83.01,166.34
52.40403,-1.507293,149.45,11.97,8,233.68,19 / 20,280709,2019-09-06 20:57:45:716,-0.7035,-0.5802,9.8517,0.0075,0.0085,9.8066,-0.0064,0.018,-0.0138,4.38,-33.56,25.31,353.58,-83.03,165.58
52.40403,-1.507293,149.45,11.97,8,233.68,19 / 20,280810,2019-09-06 20:57:45:817,-0.7014,-0.7071,9.7522,0.0038,0.0068,9.8066,0.0057,0.0007,0.008,4.38,-33.75,24.88,352.45,-83.14,164.62
52.40403,-1.507293,149.45,11.97,8,233.68,19 / 20,280909,2019-09-06 20:57:45:916,-0.7765,-0.503,9.8185,0.0052,0.0044,9.8066,0.0058,0.0022,-0.0028,4.25,-33.31,25.06,351.97,-83.2,164.17
52.40403,-1.507293,149.45,11.97,8,233.68,19 / 20,281010,2019-09-06 20:57:46:017,-0.8726,-1.0157,9.6928,0.0053,0.0047,9.8066,0.0019,0.0153,0.0038,4.31,-33.62,24.81,350.75,-83.28,163.17
52.40403,-1.507293,149.45,11.97,8,233.68,20 / 21,281109,2019-09-06 20:57:46:116,-0.8026,-0.5156,9.8164,0.0061,0.0056,9.8066,-0.0042,0.0033,0.0118,4.69,-33.5,24.88,352.73,-83.33,162.56
52.40403,-1.507293,149.45,11.97,8,233.68,20 / 21,281209,2019-09-06 20:57:46:216,-0.8956,-0.9025,9.7433,0.0065,0.0071,9.8066,0.0056,0.0059,-0.0107,4.69,-33.62,25.56,350.95,-83.42,161.45
52.40403,-1.507293,149.45,11.97,8,233.68,20 / 21,281310,2019-09-06 20:57:46:317,-0.7485,-0.2769,9.9059,0.0061,0.0093,9.8066,-0.0198,0.0008,-0.0139,4.38,-34,24.81,348.43,-83.44,161.18
52.40403,-1.507293,149.45,11.97,8,233.68,20 / 21,281409,2019-09-06 20:57:46:416,-0.7338,-0.5932,9.8413,0.0046,0.0056,9.8066,0.0138,0.0146,0.0154,4.69,-33.69,24.94,349.85,-83.54,160.12
52.40403,-1.507293,149.45,11.97,8,233.68,20 / 21,281509,2019-09-06 20:57:46:516,-0.6683,-0.5502,9.8748,0.0055,0.006,9.8066,0.0108,0.0114,0.0077,4.81,-33.19,25.25,349.32,-83.57,159.62
52.40403,-1.507293,149.45,11.97,8,233.68,20 / 21,281609,2019-09-06 20:57:46:616,-0.8005,-0.3934,9.8176,0.0052,0.0073,9.8066,-0.0036,-0.0113,-0.0114,4.69,-33.75,24.69,348.44,-83.63,158.9
52.40403,-1.507293,149.45,11.97,8,233.68,20 / 21,281709,2019-09-06 20:57:46:716,-0.8091,-0.6772,9.8205,0.0024,0.0043,9.8066,-0.004,0.0137,-0.0061,4.25,-32.94,24.63,344.99,-83.7,158.11
52.40403,-1.507293,149.45,11.97,8,233.68,20 / 21,281809,2019-09-06 20:57:46:816,-0.8883,-0.4767,9.8366,0.0039,0.0057,9.8065,0.0116,-0.0034,0.012,4.63,-33.37,24.81,346.82,-83.78,157.42
52.40403,-1.507293,149.45,11.97,8,233.68,20 / 21,281909,2019-09-06 20:57:46:916,-0.8447,-0.6247,9.8416,0.0033,0.0047,9.8066,0.0001,0.0099,0.0023,4.5,-33.37,25.13,346.14,-83.82,156.82
52.40403,-1.507293,149.45,11.97,8,233.68,20 / 21,282009,2019-09-06 20:57:47:016,-0.8516,-0.6568,9.7531,0.0041,0.0043,9.8066,-0.0143,-0.0029,-0.0043,4.81,-32.69,25.19,345.93,-83.85,156.63
52.40403,-1.507293,149.45,11.97,8,233.68,19 / 20,282111,2019-09-06 20:57:47:118,-0.8629,-0.5358,9.7701,0.0007,0.0048,9.8066,0.0002,0.0005,0.0142,4.44,-33.62,25.06,342.89,-83.91,156.3
52.40403,-1.507293,149.45,11.97,8,233.68,19 / 20,282214,2019-09-06 20:57:47:221,-0.8595,-0.7285,9.7632,0.0024,0.0047,9.8066,0.0062,-0.0125,0.001,4.56,-33.12,24.63,345.07,-83.97,155.85
52.40403,-1.507293,149.45,11.97,8,233.68,19 / 20,282309,2019-09-06 20:57:47:316,-0.8593,-0.8845,9.8023,0.0013,0.0053,9.8066,-0.0191,-0.0121,-0.0171,4.81,-33.44,24.75,344.54,-84,155.37
52.40403,-1.507293,149.45,11.97,8,233.68,19 / 20,282409,2019-09-06 20:57:47:416,-0.8552,-0.7268,9.8057,0.0011,0.0069,9.8066,0.0183,0.0066,0.0141,4.69,-33.37,25.44,344.11,-84.07,154.98
52.40403,-1.507293,149.45,11.97,8,233.68,19 / 20,282509,2019-09-06 20:57:47:516,-0.7899,-1.0757,9.7628,0.0028,0.0003,9.8066,0.0255,-0.0095,0.0099,4.5,-33,24.94,343.76,-84.1,154.66
52.40403,-1.507293,149.45,11.97,8,233.68,19 / 20,282610,2019-09-06 20:57:47:617,-0.94,-1.3999,9.7502,0.0013,0.0009,9.8066,-0.0109,-0.0036,-0.0134,4.13,-33.19,24.38,340.95,-84.13,154.18
52.40403,-1.507293,149.45,11.97,8,233.68,19 / 20,282710,2019-09-06 20:57:47:717,-1.0193,-1.0252,9.7478,0.0003,0.003,9.8066,-0.016,0.0061,-0.001,4.63,-32.94,24.44,343.38,-84.16,153.94
52.40403,-1.507293,149.45,11.97,8,233.68,19 / 20,282810,2019-09-06 20:57:47:817,-1.003,-1.1303,9.7039,0.0013,0.0007,9.8066,0.0244,0.0073,0.0075,4.56,-33.06,24.69,342.84,-84.17,153.83
52.40403,-1.507293,149.45,11.97,8,233.68,19 / 20,282910,2019-09-06 20:57:47:917,-1.0035,-1.4406,9.6863,0.0003,0.0043,9.8066,0.0054,0.0027,0.0116,4.75,-33.25,24.94,342.4,-84.19,153.45
52.40403,-1.507293,149.45,11.97,8,233.68,19 / 20,283009,2019-09-06 20:57:48:016,-0.9662,-1.539,9.7438,0.0019,0.0052,9.8066,0.0048,-0.0057,-0.0024,4.75,-33.5,25.31,342.01,-84.23,153.09
52.40403,-1.507293,149.45,11.97,8,233.68,19 / 20,283109,2019-09-06 20:57:48:116,-1.0704,-1.2814,9.8389,-0.0021,-0.0015,9.8066,0.0004,-0.001,-0.0051,4.63,-33.37,24.56,342.08,-84.26,153.14
52.40403,-1.507293,149.45,11.97,8,233.68,19 / 20,283210,2019-09-06 20:57:48:217,-1.0401,-1.49,9.6206,-0.0015,0.0017,9.8066,-0.0158,-0.0033,0.0075,4.13,-33.06,24.94,339.66,-84.29,153.25
52.40403,-1.507293,149.45,11.97,8,233.68,19 / 20,283309,2019-09-06 20:57:48:316,-0.924,-1.2254,9.7409,-0.0004,0.0037,9.8066,0.0013,0.0034,-0.0061,4.31,-32.69,24.75,339.79,-84.31,153.35
52.40403,-1.507293,149.45,11.97,8,233.68,19 / 20,283410,2019-09-06 20:57:48:417,-0.9681,-1.55,9.7132,-0.0012,0.0026,9.8066,-0.0034,0.0006,-0.0003,4.31,-33.44,24.06,340.11,-84.36,153.33
52.40403,-1.507293,149.45,11.97,8,233.68,19 / 20,283510,2019-09-06 20:57:48:517,-0.9686,-1.7311,9.7703,-0.0004,0.0014,9.8066,0.0186,0.0221,0.0024,3.94,-33.06,24.81,339.85,-84.35,153.39
52.40403,-1.507293,149.45,11.97,8,233.68,19 / 20,283609,2019-09-06 20:57:48:616,-1.1628,-1.8219,9.7608,-0.0011,0.003,9.8066,0.0186,0.0054,0.0121,4.69,-32.75,24.81,342.39,-84.38,153.36
52.40403,-1.507293,149.45,11.97,8,233.68,19 / 20,283709,2019-09-06 20:57:48:716,-0.965,-1.8566,9.7776,-0.0008,0.0019,9.8066,0.0049,-0.0125,0.0018,4.75,-32.81,24.5,342.62,-84.39,153.56
52.40403,-1.507293,149.45,11.97,8,233.68,19 / 20,283809,2019-09-06 20:57:48:816,-1.2487,-2.1579,9.6818,-0.0022,0.0008,9.8066,-0.0048,0.0049,-0.0152,4.56,-32.37,24.63,342.83,-84.39,153.67
52.40403,-1.507293,149.45,11.97,8,233.68,19 / 20,283909,2019-09-06 20:57:48:916,-1.0985,-1.9712,9.6494,-0.002,-0.0001,9.8066,0.0247,0.0246,-0.0101,4.63,-32.87,24.69,343,-84.37,153.89
52.40403,-1.507293,149.45,11.97,8,233.68,19 / 20,284009,2019-09-06 20:57:49:016,-1.1481,-2.3177,9.6335,-0.0002,0.0032,9.8066,0.021,0.0151,-0.0002,4.31,-32.5,25.38,340.94,-84.35,154.27
52.40403,-1.507293,149.45,11.97,8,233.68,19 / 20,284110,2019-09-06 20:57:49:117,-1.1514,-3.307,9.528,-0.0004,-0.0026,9.8066,0.014,0.0153,-0.013,4,-31.75,25.13,341.36,-84.31,154.65
52.40382,-1.507591,148.82,0,4,214.38,19 / 20,284209,2019-09-06 20:57:49:216,-1.0707,-2.8902,9.5723,-0.0016,-0.0033,9.8066,0.0244,0.0095,0.0002,4.25,-32.56,25.75,341.04,-84.28,154.71
52.40382,-1.507591,148.82,0,4,214.38,19 / 20,284310,2019-09-06 20:57:49:317,-1.033,-2.6658,9.5506,-0.0043,-0.011,9.8066,-0.023,0.021,0.0017,3.88,-32.81,26.19,341.24,-84.27,154.89
52.40382,-1.507591,148.82,0,4,214.38,19 / 20,284410,2019-09-06 20:57:49:417,-1.3225,-3.2357,9.6856,0.0025,-0.0026,9.8066,0.0105,0.0281,-0.0152,3.63,-32.56,25.94,341.48,-84.26,155.1
52.40382,-1.507591,148.82,0,4,214.38,19 / 20,284509,2019-09-06 20:57:49:516,-1.3318,-2.8123,9.8055,0.0136,-0.0002,9.8066,0.0081,0.024,-0.0279,4.31,-32.69,26.19,340.67,-84.17,154.44
52.40382,-1.507591,148.82,0,4,214.38,19 / 20,284610,2019-09-06 20:57:49:617,-1.0409,-4.2035,9.3937,0.0086,0.0036,9.8066,0.0109,0.0131,-0.029,3.56,-33.31,26.56,338.35,-84.07,152.67
52.40382,-1.507591,148.82,0,4,214.38,19 / 20,284710,2019-09-06 20:57:49:717,-0.9119,-3.1113,9.298,0.0077,-0.0046,9.8066,-0.0183,0.0235,-0.0537,3.63,-33,26.44,337.9,-84,152.09
52.40382,-1.507591,148.82,0,4,214.38,19 / 20,284810,2019-09-06 20:57:49:817,-1.1022,-4.2361,9.3993,0.0035,-0.0037,9.8066,-0.0513,0.0294,0.0084,3.75,-33,25.94,336.87,-83.96,151.22
52.40382,-1.507591,148.82,0,4,214.38,19 / 20,284910,2019-09-06 20:57:49:917,-1.2638,-3.0791,9.4932,0.0001,0.012,9.8066,0,0.0387,-0.0237,3.56,-32.75,26.31,336.76,-83.98,151.11
52.40382,-1.507591,148.82,0,4,214.38,19 / 20,285009,2019-09-06 20:57:50:016,-0.7167,-2.5426,9.1217,0.0098,-0.0078,9.8066,0.0154,0.0366,-0.0146,2.56,-32.44,26.19,333.57,-83.96,150.4
52.40382,-1.507591,148.82,0,4,214.38,19 / 20,285110,2019-09-06 20:57:50:117,-1.584,-3.2422,9.8216,-0.0008,0.0006,9.8066,-0.0681,0.0995,-0.0653,2.25,-32.06,26.56,330.67,-83.99,150.05
52.40382,-1.507591,148.82,0,4,214.38,19 / 20,285209,2019-09-06 20:57:50:216,0.3452,-2.3151,9.704,0.0117,0.006,9.8066,-0.0325,0.0636,-0.0054,2.19,-31.94,27.31,329.63,-83.96,149.14
52.40382,-1.507591,148.82,0,4,214.38,19 / 20,285310,2019-09-06 20:57:50:317,-0.5249,-3.2615,9.5573,0.0044,-0.0173,9.8066,-0.0129,0.0929,-0.0005,2.5,-32.06,27.5,330.5,-83.89,147.95
52.40382,-1.507591,148.82,0,4,214.38,19 / 20,285410,2019-09-06 20:57:50:417,-0.6505,-2.7151,9.8152,0.0074,-0.0312,9.8066,0.0512,0.0814,-0.0371,2.44,-32.19,27.69,328.39,-83.66,148.26
52.40382,-1.507591,148.82,0,4,214.38,19 / 20,285510,2019-09-06 20:57:50:517,-0.587,-3.1473,9.6127,0.0065,-0.0231,9.8066,-0.0402,0.123,-0.0636,2.13,-32.19,27.81,327.07,-83.55,147.15
52.40382,-1.507591,148.82,0,4,214.38,19 / 20,285610,2019-09-06 20:57:50:617,-0.1294,-3.2857,9.8103,0.0147,-0.007,9.8066,-0.0186,0.0948,-0.0313,1.38,-31.69,27.63,324.01,-83.28,146.66
52.40382,-1.507591,148.82,0,4,214.38,19 / 20,285709,2019-09-06 20:57:50:716,-0.1885,-2.2373,9.2617,0.012,0.0106,9.8066,0.0312,0.1301,-0.0537,1.5,-31.37,27.94,326.12,-83.18,146.42
52.40382,-1.507591,148.82,0,4,214.38,19 / 20,285810,2019-09-06 20:57:50:817,-0.0242,-2.6537,9.6907,0.0042,-0.0011,9.8066,-0.0189,0.1618,-0.02,1.31,-31.62,27.81,322.49,-83.1,145.45
52.40382,-1.507591,148.82,0,4,214.38,19 / 20,285910,2019-09-06 20:57:50:917,0.3,-2.3241,9.3588,0.0074,-0.0018,9.8066,-0.0257,0.1364,-0.0283,1.19,-31.37,27.75,321.62,-83.08,144.54
52.40382,-1.507591,148.82,0,4,214.38,19 / 20,286010,2019-09-06 20:57:51:017,0.7316,-2.1711,9.6679,-0.0049,-0.0037,9.8065,-0.0659,0.1748,-0.0416,0.63,-31.06,27.88,321.57,-83.06,144.52
52.40382,-1.507591,148.82,0,4,214.38,20 / 21,286109,2019-09-06 20:57:51:116,0.1056,-1.9875,9.7687,-0.0047,0.0024,9.8066,-0.0112,0.1363,-0.0153,0.63,-31,28.31,321.06,-83.12,144
52.40382,-1.507591,148.82,0,4,214.38,20 / 21,286210,2019-09-06 20:57:51:217,-0.0121,-2.4212,10.1651,-0.0027,-0.0112,9.8066,-0.0562,0.1498,-0.0632,0.06,-31.25,27.81,319.3,-83.18,144.44
52.40382,-1.507591,148.82,0,4,214.38,20 / 21,286310,2019-09-06 20:57:51:317,-0.1937,-1.7723,9.7799,0.0088,-0.0018,9.8066,0.094,0.1828,0.0037,-0.12,-30.44,27.13,319.29,-83.02,144.57
52.40382,-1.507591,148.82,0,4,214.38,20 / 21,286410,2019-09-06 20:57:51:417,0.1113,-2.8267,9.8939,0.0078,-0.0013,9.8066,0.1165,0.1656,-0.0385,-0.31,-30.5,27.5,319.06,-82.79,144.36
52.40382,-1.507591,148.82,0,4,214.38,20 / 21,286510,2019-09-06 20:57:51:517,0.2899,-2.8623,9.7385,-0.0036,-0.0305,9.8066,-0.0766,0.1476,-0.0033,-0.19,-30.5,27.88,319.58,-82.58,144.98
52.40382,-1.507591,148.82,0,4,214.38,20 / 21,286610,2019-09-06 20:57:51:617,0.7435,-2.6747,9.3073,0.0113,-0.0345,9.8066,-0.0471,0.147,-0.0235,-1,-31,27.56,318.66,-82.26,146.63
52.40382,-1.507591,148.82,0,4,214.38,20 / 21,286710,2019-09-06 20:57:51:717,0.0354,-2.1936,9.7869,0.0089,-0.004,9.8066,0.0727,0.1448,-0.0144,-1.25,-30.94,27.63,319.57,-82.07,147.6
52.40382,-1.507591,148.82,0,4,214.38,20 / 21,286809,2019-09-06 20:57:51:816,0.2392,-2.9426,10.0225,0.01,0.0015,9.8066,0.0541,0.1645,-0.0887,-1.12,-30.31,28.19,319.78,-81.88,147.74
52.40382,-1.507591,148.82,0,4,214.38,20 / 21,286909,2019-09-06 20:57:51:916,0.7287,-2.8862,9.8039,0.0175,-0.0083,9.8066,-0.014,0.1444,-0.0434,-1.44,-31.31,27.88,318.12,-81.66,146.65
52.40382,-1.507591,148.82,0,4,214.38,20 / 21,287010,2019-09-06 20:57:52:017,0.5414,-2.1623,9.5372,0.016,-0.0118,9.8066,0.0212,0.1585,-0.0588,-1.5,-30.5,27.75,317.43,-81.39,146.06
52.40382,-1.507591,148.82,0,4,214.38,20 / 21,287109,2019-09-06 20:57:52:116,0.241,-2.0401,9.7346,0.005,-0.0229,9.8066,-0.0152,0.1473,-0.0092,-1.81,-30.87,27.63,314.77,-81.18,146.15
52.40382,-1.507591,148.82,0,4,214.38,20 / 21,287210,2019-09-06 20:57:52:217,-0.0204,-3.0647,9.679,0.0083,-0.0298,9.8066,-0.0458,0.147,-0.0534,-2.44,-30.81,27.75,315.92,-80.83,147.45
52.40382,-1.507591,148.82,0,4,214.38,20 / 21,287309,2019-09-06 20:57:52:316,0.1623,-1.7284,9.4342,0.0026,0.006,9.8066,0.0603,0.1401,-0.0551,-2.75,-30.19,28.13,313.63,-80.61,147.41
52.40382,-1.507591,148.82,0,4,214.38,20 / 21,287409,2019-09-06 20:57:52:416,0.0072,-2.7261,9.8931,0.0022,0.0151,9.8066,0.0373,0.1045,-0.0166,-2.87,-30.94,28.38,312.96,-80.51,147.15
52.40382,-1.507591,148.82,0,4,214.38,20 / 21,287510,2019-09-06 20:57:52:517,0.3498,-2.5066,9.9064,0.0071,0.0137,9.8065,0.0308,0.0967,0.0103,-3.19,-30.87,28.25,312.98,-80.38,147.3
52.40382,-1.507591,148.82,0,4,214.38,20 / 21,287609,2019-09-06 20:57:52:616,0.4251,-3.2768,9.7779,-0.0058,0.0016,9.8066,0.0578,0.1178,-0.0384,-3.62,-30.12,28.44,310.63,-80.33,147
52.40382,-1.507591,148.82,0,4,214.38,20 / 21,287709,2019-09-06 20:57:52:716,0.9346,-2.599,9.9277,0.0038,-0.0244,9.8065,-0.0108,-0.0032,0.0772,-3.31,-30.75,28.75,313.69,-80.29,147.52
52.40382,-1.507591,148.82,0,4,214.38,20 / 21,287810,2019-09-06 20:57:52:817,-0.6938,-3.0439,9.6776,0.0021,-0.0388,9.8065,-0.144,0.0373,-0.0728,-4.06,-30.87,28.63,313.49,-80.1,149.42
52.40382,-1.507591,148.82,0,4,214.38,20 / 21,287910,2019-09-06 20:57:52:917,-0.3391,-2.6054,9.8573,-0.0024,0.0164,9.8066,0.1679,0.0045,0.0264,-3,-29.56,29.13,315.9,-80.04,149.41
52.40382,-1.507591,148.82,0,4,214.38,20 / 21,288010,2019-09-06 20:57:53:017,-0.0885,-2.535,9.7314,-0.0078,0.0059,9.8065,-0.0466,-0.0024,0.041,-4.19,-30.06,29.13,313.98,-80.07,149.63
52.40382,-1.507591,148.82,0,4,214.38,19 / 20,288110,2019-09-06 20:57:53:117,0.1272,-2.1731,9.9169,0.0018,-0.0103,9.8066,-0.0207,0.0699,-0.0457,-4.19,-30.06,29.06,313.88,-79.99,149.6
52.40382,-1.507591,148.82,0,4,214.38,19 / 20,288209,2019-09-06 20:57:53:216,-0.8783,-1.8728,9.769,-0.0022,-0.0037,9.8066,-0.0433,-0.0108,-0.0019,-4.12,-30.62,29.13,314.22,-79.92,150.22
52.40382,-1.507591,148.82,0,4,214.38,19 / 20,288310,2019-09-06 20:57:53:317,-0.0856,-1.7033,9.5999,-0.0065,0.0011,9.8065,-0.0696,0.0183,-0.0243,-4.25,-30.56,28.75,313.94,-79.84,150.04
52.40382,-1.507591,148.82,0,4,214.38,19 / 20,288410,2019-09-06 20:57:53:417,-0.3452,-1.8233,9.7746,-0.0051,-0.0018,9.8066,0.0303,0.0128,-0.0177,-4.12,-30.69,28.81,314.61,-79.84,150.61
52.40382,-1.507591,148.82,0,4,214.38,19 / 20,288509,2019-09-06 20:57:53:516,-0.1967,-1.7245,9.6823,0.001,-0.0092,9.8066,0.0034,0.0339,-0.0303,-4.37,-30.87,28.19,314.07,-79.78,150.75
52.40382,-1.507591,148.82,0,4,214.38,19 / 20,288609,2019-09-06 20:57:53:616,-0.3457,-2.2803,9.4855,-0.0115,-0.0042,9.8066,0.0553,0.026,0.1291,-4.31,-30.81,28.56,315.54,-79.75,151.5
52.40382,-1.507591,148.82,0,4,214.38,19 / 20,288709,2019-09-06 20:57:53:716,-0.2182,-1.2175,10.0077,0.0036,0.0143,9.8066,0.0131,0.0064,-0.0271,-4.19,-31.12,28,315.93,-79.76,152.37
52.40382,-1.507591,148.82,0,4,214.38,19 / 20,288809,2019-09-06 20:57:53:816,0.8613,-0.7296,10.0289,-0.008,-0.0013,9.8066,-0.0019,0.0388,0.0206,-4.75,-31.12,27.88,313.46,-79.79,152.17
52.40382,-1.507591,148.82,0,4,214.38,19 / 20,288909,2019-09-06 20:57:53:916,-0.8787,-1.341,9.6664,-0.006,-0.0276,9.8066,0.0252,0.0324,0.1537,-4.31,-30.87,28.25,317.56,-79.82,153.71
52.40382,-1.507591,148.82,0,4,214.38,19 / 20,289009,2019-09-06 20:57:54:016,-0.2901,-1.2442,9.3505,-0.0022,-0.0102,9.8065,0.0728,0.0276,-0.0306,-4.5,-31.12,28.31,318.65,-79.7,154.73
52.40382,-1.507591,148.82,0,4,214.38,18 / 19,289111,2019-09-06 20:57:54:118,-0.0468,-1.2474,9.8664,-0.0056,0.0087,9.8065,0.0277,-0.0335,-0.0265,-3.56,-31.06,28.75,320.46,-79.66,155.77
52.40382,-1.507591,148.82,0,4,214.38,18 / 19,289209,2019-09-06 20:57:54:216,0.8722,-2.2258,9.802,-0.001,0.008,9.8066,-0.1292,0.0527,0.0173,-3.25,-30.5,28.75,322.77,-79.76,155.51
52.40382,-1.507591,148.82,0,4,214.38,18 / 19,289310,2019-09-06 20:57:54:317,-0.8869,-1.1595,10.1082,-0.0054,0.0005,9.8066,-0.1338,0.0583,0.06,-3.44,-31.06,28.25,322.36,-79.76,155.82
52.40382,-1.507591,148.82,0,4,214.38,18 / 19,289409,2019-09-06 20:57:54:416,0.7004,-1.2799,9.7365,0.0146,-0.0035,9.8066,0.0751,0.0993,-0.009,-3.81,-30.5,27.56,319.93,-79.6,155.66
52.40382,-1.507591,148.82,0,4,214.38,18 / 19,289510,2019-09-06 20:57:54:517,0.3222,-1.6405,9.8243,0.0055,-0.0104,9.8066,0.0182,0.0863,0.0051,-3.19,-31.31,27.19,321.89,-79.4,156.2
52.40382,-1.507591,148.82,0,4,214.38,18 / 19,289610,2019-09-06 20:57:54:617,0.5065,-2.1431,9.8452,0.0095,-0.0086,9.8065,-0.0876,0.1001,-0.0465,-4.44,-31.56,27.13,319.06,-79.24,156.29
52.40382,-1.507591,148.82,0,4,214.38,18 / 19,289709,2019-09-06 20:57:54:716,0.0381,-1.3799,9.6296,-0.0033,0.0158,9.8066,-0.125,0.1449,-0.0208,-4.75,-31.69,28.44,317.35,-78.96,156.47
52.40382,-1.507591,148.82,0,4,214.38,18 / 19,289809,2019-09-06 20:57:54:816,0.2628,-0.7409,10.186,0.0058,0.0069,9.8066,0.0453,0.1025,-0.0367,-4.94,-30.94,28.31,316.98,-78.91,155.93
52.40382,-1.507591,148.82,0,4,214.38,18 / 19,289909,2019-09-06 20:57:54:916,0.3005,-0.0908,10.0875,0.015,0.0043,9.8066,0.0296,0.1053,-0.077,-5.12,-31.75,27.81,316.15,-78.79,155.62
52.40382,-1.507591,148.82,0,4,214.38,18 / 19,290009,2019-09-06 20:57:55:016,1.847,0.3202,9.2512,0.0112,0.0075,9.8066,0.0378,0.0859,0.0346,-5.56,-31.06,27.75,312.99,-78.49,154.85
52.40382,-1.507591,148.82,0,4,214.38,19 / 20,290110,2019-09-06 20:57:55:117,1.4211,-1.3543,9.2435,0.0137,-0.0018,9.8065,-0.0121,0.1653,-0.0832,-6.5,-31.5,27.5,313.01,-78.28,155.06
52.40382,-1.507591,148.82,0,4,214.38,19 / 20,290209,2019-09-06 20:57:55:216,1.0382,-0.3409,9.3854,-0.001,-0.0032,9.8066,-0.0497,0.1272,-0.0087,-6.25,-31.69,27.25,311.16,-78.28,154.6
52.40382,-1.507591,148.82,0,4,214.38,19 / 20,290310,2019-09-06 20:57:55:317,0.2342,-0.3844,9.7627,-0.0101,0.0267,9.8065,-0.0294,0.0852,-0.0245,-7.56,-32.75,27.31,306.26,-78.38,154.45
52.40382,-1.507591,148.82,0,4,214.38,19 / 20,290409,2019-09-06 20:57:55:416,0.2308,-0.7926,10.2678,-0.0061,0.0217,9.8065,0.0856,0.118,-0.0319,-7.87,-32.87,27.75,306.3,-78.47,153.47
52.40382,-1.507591,148.82,0,4,214.38,19 / 20,290510,2019-09-06 20:57:55:517,0.1217,-0.9948,10.5162,0.0189,-0.0455,9.8065,0.1699,0.0997,0.0068,-8.69,-33.06,28.25,305.04,-78.27,154.35
52.40382,-1.507591,148.82,0,4,214.38,19 / 20,290610,2019-09-06 20:57:55:617,0.2236,-0.6453,9.9761,0.0121,-0.016,9.8066,0.017,0.1427,-0.0612,-8.25,-32.19,29.13,309.1,-77.97,155.19
52.40382,-1.507591,148.82,0,4,214.38,19 / 20,290709,2019-09-06 20:57:55:716,0.6884,-0.0163,10.1896,0.0334,-0.0244,9.8065,-0.0523,0.1018,-0.0961,-9.19,-31.75,28.94,307.41,-77.78,155.64
52.40382,-1.507591,148.82,0,4,214.38,19 / 20,290809,2019-09-06 20:57:55:816,1.0675,0.4616,10.2822,0.0043,-0.0437,9.8065,0.0299,0.0684,0.0563,-8.19,-32.19,28.94,309.49,-77.53,155.95
52.40382,-1.507591,148.82,0,4,214.38,19 / 20,290910,2019-09-06 20:57:55:917,0.8424,0.2851,9.2269,-0.0022,0.0075,9.8066,0.0137,0.0979,-0.0539,-9,-32.62,28.75,307.22,-77.57,156.02
52.40382,-1.507591,148.82,0,4,214.38,19 / 20,291010,2019-09-06 20:57:56:017,0.8348,-2.2946,9.8937,-0.0225,0.0058,9.8066,0.0003,0.0801,0.0743,-9.44,-33.12,28.56,307.88,-77.65,156.5
52.40382,-1.507591,148.82,0,4,214.38,18 / 20,291110,2019-09-06 20:57:56:117,1.1415,-0.7205,10.3434,0.0144,-0.0229,9.8066,0.0023,0.1315,-0.0648,-9.56,-33,29.25,306.94,-77.82,157.21
52.40382,-1.507591,148.82,0,4,214.38,18 / 20,291210,2019-09-06 20:57:56:217,0.7486,-0.2652,10.2209,0.0073,-0.0385,9.8066,-0.106,0.1056,0.0473,-9.06,-32.31,29.5,310.38,-77.92,157.21
52.40382,-1.507591,148.82,0,4,214.38,18 / 20,291309,2019-09-06 20:57:56:316,0.1186,-0.3106,9.2276,-0.0148,0.0154,9.8066,-0.1346,0.133,-0.0173,-9.37,-32.62,29.5,311.29,-77.73,158.46
52.40382,-1.507591,148.82,0,4,214.38,18 / 20,291409,2019-09-06 20:57:56:416,-0.1518,0.1932,9.4151,-0.0169,0.0146,9.8066,0.1682,0.0783,-0.0305,-9.56,-32,29.56,310.41,-77.82,158.96
52.40382,-1.507591,148.82,0,4,214.38,18 / 20,291510,2019-09-06 20:57:56:517,-0.4587,-0.2471,9.3753,0.0033,-0.0162,9.8066,0.1072,0.0272,0.0195,-9.44,-31.19,29.63,312.45,-77.8,158.79
52.40382,-1.507591,148.82,0,4,214.38,18 / 20,291610,2019-09-06 20:57:56:617,0.5643,-1.3784,10.3257,0.0106,0.0195,9.8066,-0.0144,0.0441,-0.0972,-9.12,-31.69,29,310.32,-77.68,158.23
52.40382,-1.507591,148.82,0,4,214.38,18 / 20,291710,2019-09-06 20:57:56:717,-0.9639,-0.3738,10.0419,0.0123,-0.0281,9.8065,0.0075,0.0243,-0.0216,-9.25,-31.69,28.63,309.87,-77.63,157.89
52.40382,-1.507591,148.82,0,4,214.38,18 / 20,291810,2019-09-06 20:57:56:817,0.7028,-0.7574,9.9012,0.0219,-0.0165,9.8065,-0.0133,0.0076,0.0142,-9.75,-32.31,27.75,306.67,-77.49,157.93
52.40382,-1.507591,148.82,0,4,214.38,18 / 20,291910,2019-09-06 20:57:56:917,-1.5177,0.4313,9.7004,-0.0091,-0.0031,9.8066,-0.0728,0.0028,0.0003,-10,-32.94,28.19,305.65,-77.27,157.64
52.40382,-1.507591,148.82,0,4,214.38,18 / 20,292009,2019-09-06 20:57:57:016,1.0101,0.1103,9.1533,-0.021,-0.0001,9.8066,0.0593,-0.0288,0.1201,-10.25,-32.56,28.06,306.68,-77.29,158.49
52.40382,-1.507591,148.82,0,4,214.38,18 / 20,292110,2019-09-06 20:57:57:117,-1.2564,1.7145,8.7491,-0.009,0.031,9.8065,-0.0015,0.1473,-0.1194,-9.94,-32.37,28.06,307.31,-77.26,158.71
52.40382,-1.507591,148.82,0,4,214.38,18 / 20,292210,2019-09-06 20:57:57:217,-0.7966,-0.6527,10.2408,-0.0309,0.0498,9.8064,0.0738,0.0553,-0.032,-9.5,-32.37,28.69,310.52,-77.4,158.67
52.40382,-1.507591,148.82,0,4,214.38,18 / 20,292310,2019-09-06 20:57:57:317,-0.5276,-0.1626,10.2164,0.0245,-0.026,9.8065,0.0833,0.0807,-0.0042,-9.69,-31.94,28.75,308.35,-77.84,158.07
52.40382,-1.507591,148.82,0,4,214.38,18 / 20,292409,2019-09-06 20:57:57:416,-0.7104,-0.9215,9.7712,0.0241,-0.0248,9.8065,-0.1041,0.0691,-0.0655,-9.06,-31.5,28.19,309.37,-77.54,158.13
52.40382,-1.507591,148.82,0,4,214.38,18 / 20,292510,2019-09-06 20:57:57:517,-0.3427,-0.6617,9.3527,0.0019,0.0074,9.8066,-0.0825,0.0099,-0.0078,-9.25,-31.69,27.69,308.65,-77.42,157.97
52.40382,-1.507591,148.82,0,4,214.38,18 / 20,292610,2019-09-06 20:57:57:617,0.0336,-0.1933,9.5297,0.002,-0.0031,9.8066,-0.0228,0.0066,-0.0232,-9.37,-31.69,27.5,308.45,-77.39,157.83
52.40382,-1.507591,148.82,0,4,214.38,18 / 20,292709,2019-09-06 20:57:57:716,-0.9211,0.455,9.6675,-0.019,0.0201,9.8066,-0.0359,0.0586,0.0177,-8.94,-31.87,27.5,308.24,-77.4,157.65
52.40382,-1.507591,148.82,0,4,214.38,18 / 20,292810,2019-09-06 20:57:57:817,0.0036,-0.6545,10.467,-0.0053,0.0099,9.8066,0.0621,0.005,0.0163,-9.19,-31.06,27.06,307.8,-77.37,157.93
52.40382,-1.507591,148.82,0,4,214.38,18 / 20,292910,2019-09-06 20:57:57:917,-0.4684,0.3427,10.3486,0.0002,-0.0134,9.8066,-0.06,0.0348,-0.0389,-8.75,-31.25,27.75,308.79,-77.17,157.99
52.40382,-1.507591,148.82,0,4,214.38,18 / 20,293010,2019-09-06 20:57:58:017,-0.0787,0.7734,10.1623,0.0019,-0.0058,9.8066,0.0005,0.0614,0.035,-9.75,-31.06,27.25,306.3,-76.98,158.8
52.403263,-1.507646,148.85,10.16,4,166.32,18 / 20,293110,2019-09-06 20:57:58:117,-1.0366,0.556,9.831,0.0179,-0.0123,9.8066,0.037,0.0658,-0.0134,-9.31,-31,27.56,309.99,-76.92,159.24
52.403263,-1.507646,148.85,10.16,4,166.32,18 / 20,293210,2019-09-06 20:57:58:217,-0.3569,-0.0896,10.0421,0.0209,-0.0252,9.8065,-0.0708,0.0298,-0.0383,-10.12,-30.87,28.38,307.54,-76.89,158.92
52.403263,-1.507646,148.85,10.16,4,166.32,18 / 20,293310,2019-09-06 20:57:58:317,-0.6887,0.5358,9.6812,-0.0203,0.0183,9.8065,-0.0785,0.0588,-0.0174,-9.56,-30.25,27.5,308.24,-76.62,159.4
52.403263,-1.507646,148.85,10.16,4,166.32,18 / 20,293410,2019-09-06 20:57:58:417,-0.1031,-0.31,10.4746,-0.0235,0.0195,9.8065,0.1042,0.1079,0.0235,-9.87,-30.62,27.19,307.26,-76.7,159.9
52.403263,-1.507646,148.85,10.16,4,166.32,18 / 20,293509,2019-09-06 20:57:58:516,0.1928,-0.5263,10.204,0.0249,-0.0357,9.8065,0.09,0.086,0.0226,-10.06,-30.81,27.19,307.92,-76.61,160.55
52.403263,-1.507646,148.85,10.16,4,166.32,18 / 20,293610,2019-09-06 20:57:58:617,-0.5852,0.5759,10.0923,0.0152,-0.0294,9.8065,-0.0177,0.0886,-0.0101,-9.56,-30.69,27.31,308.08,-76.33,160.97
52.403263,-1.507646,148.85,10.16,4,166.32,18 / 20,293710,2019-09-06 20:57:58:717,0.1625,0.4123,9.7957,0.0036,0.0047,9.8066,-0.0203,0.0799,-0.0318,-10.56,-30.56,27.13,306.11,-76.3,161.03
52.403263,-1.507646,148.85,10.16,4,166.32,18 / 20,293810,2019-09-06 20:57:58:817,-0.2111,0.4007,9.8857,0.0055,-0.0075,9.8066,0.0172,0.1008,-0.0456,-10.69,-30.69,26.75,305.84,-76.19,160.91
52.403263,-1.507646,148.85,10.16,4,166.32,18 / 20,293910,2019-09-06 20:57:58:917,0.3847,0.5207,9.515,-0.0026,0.0055,9.8066,-0.0237,0.0956,-0.0397,-11.37,-31.94,27,304.96,-76.02,160.74
52.403263,-1.507646,148.85,10.16,4,166.32,18 / 20,294009,2019-09-06 20:57:59:016,0.101,-0.1285,10.2148,-0.0112,0.0102,9.8066,-0.0005,0.1112,-0.011,-11.19,-32.44,26.56,305.03,-76.04,160.79
52.403263,-1.507646,148.85,10.16,4,166.32,19 / 21,294110,2019-09-06 20:57:59:117,0.4891,1.0798,10.2185,0.0092,-0.0097,9.8066,0.0209,0.1534,-0.0165,-12.62,-31.62,27.25,301.61,-76.01,161.08
52.403263,-1.507646,148.85,10.16,4,166.32,19 / 21,294209,2019-09-06 20:57:59:216,0.1905,0.8955,10.1371,-0.0013,-0.0131,9.8065,0.0568,0.1358,-0.028,-13,-31.69,27.63,303.21,-75.94,161.35
52.403263,-1.507646,148.85,10.16,4,166.32,19 / 21,294310,2019-09-06 20:57:59:317,1.2611,0.4184,10.1424,0.017,-0.0396,9.8065,0.0464,0.1486,-0.0411,-13.62,-31.12,27.25,301.29,-75.78,162.13
52.403263,-1.507646,148.85,10.16,4,166.32,19 / 21,294410,2019-09-06 20:57:59:417,1.4348,1.1492,9.6618,0.0108,-0.0342,9.8066,-0.0358,0.1411,0.0336,-14,-31.44,27.5,303.9,-75.5,163.48
52.403263,-1.507646,148.85,10.16,4,166.32,19 / 21,294510,2019-09-06 20:57:59:517,0.5301,1.201,9.6832,-0.0308,-0.0001,9.8065,-0.0663,0.1965,0.0072,-13.06,-31.12,27.31,305.44,-75.46,164.52
52.403263,-1.507646,148.85,10.16,4,166.32,19 / 21,294610,2019-09-06 20:57:59:617,0.7476,0.6936,10.1399,-0.0168,-0.0055,9.8066,0.0309,0.2283,-0.0631,-13.94,-30.37,27.31,305.9,-75.59,165.89
52.403263,-1.507646,148.85,10.16,4,166.32,19 / 21,294710,2019-09-06 20:57:59:717,0.9702,0.6959,9.7225,-0.0164,-0.0149,9.8065,0.0086,0.1515,0.0266,-13.19,-29.31,26.63,309.45,-75.62,166.96
52.403263,-1.507646,148.85,10.16,4,166.32,19 / 21,294809,2019-09-06 20:57:59:816,0.9185,1.478,9.3745,-0.0254,-0.0171,9.8066,0.0805,0.2063,0.0382,-13.81,-29.75,26.38,306.77,-75.64,167.83
52.403263,-1.507646,148.85,10.16,4,166.32,19 / 21,294909,2019-09-06 20:57:59:916,2.0782,1.1703,10.9003,-0.0072,-0.0334,9.8066,0.0857,0.2713,-0.0162,-14.5,-29.12,25.5,309.34,-75.74,169.5
52.403263,-1.507646,148.85,10.16,4,166.32,19 / 21,295009,2019-09-06 20:58:00:016,1.1252,0.2175,11.0952,0.0085,-0.0087,9.8066,0.0399,0.2414,-0.0832,-15.06,-28.87,25.25,307.35,-75.57,170.79
52.403263,-1.507646,148.85,10.16,4,166.32,18 / 19,295109,2019-09-06 20:58:00:116,3.5191,2.762,10.5782,0.0267,-0.0297,9.8065,0.0915,0.4686,-0.1848,-16.44,-28.56,24.69,305.89,-75.33,171.23
52.403263,-1.507646,148.85,10.16,4,166.32,18 / 19,295210,2019-09-06 20:58:00:217,-1.2981,-1.6586,11.4583,0.0283,-0.0491,9.8065,-0.102,0.2634,-0.1243,-16.31,-28.37,25.25,307.62,-74.69,172.88
52.403263,-1.507646,148.85,10.16,4,166.32,18 / 19,295310,2019-09-06 20:58:00:317,-1.9156,0.3452,8.9621,-0.0078,-0.0074,9.8065,-0.1674,-0.0017,0.0135,-18.12,-28.31,24.81,302.87,-74.48,171.7
52.403263,-1.507646,148.85,10.16,4,166.32,18 / 19,295410,2019-09-06 20:58:00:417,-0.9479,0.541,10.2306,-0.0187,0.0304,9.8066,0.1921,0.2002,-0.0953,-17.19,-28.12,24.75,303.49,-74.44,170.97
52.403263,-1.507646,148.85,10.16,4,166.32,18 / 19,295510,2019-09-06 20:58:00:517,1.989,2.8378,9.7385,0.0325,0.0218,9.8065,0.172,0.3393,-0.1453,-17.37,-28.81,24.63,302.17,-74.42,170.3
52.403263,-1.507646,148.85,10.16,4,166.32,18 / 19,295610,2019-09-06 20:58:00:617,2.0226,0.1001,10.5994,0.0479,-0.0202,9.8064,-0.2236,0.2124,-0.0861,-17.81,-28.12,24.19,298.4,-74.45,169.26
52.403263,-1.507646,148.85,10.16,4,166.32,18 / 19,295709,2019-09-06 20:58:00:716,2.0405,1.4885,9.8884,-0.0254,0.0229,9.8065,-0.0256,0.247,-0.0981,-17.62,-28.75,24.06,296.78,-73.94,168.84
52.403263,-1.507646,148.85,10.16,4,166.32,18 / 19,295810,2019-09-06 20:58:00:817,-0.2256,0.0936,10.0491,0.0215,-0.0082,9.8065,-0.0251,0.3086,-0.0972,-18.31,-29,24.75,298.24,-73.87,168.71
52.403263,-1.507646,148.85,10.16,4,166.32,18 / 19,295910,2019-09-06 20:58:00:917,0.562,1.9808,10.0473,-0.0018,0.0036,9.8066,0.0719,0.1644,-0.0357,-17.87,-29.25,24.13,297.63,-73.85,169.69
52.403263,-1.507646,148.85,10.16,4,166.32,18 / 19,296010,2019-09-06 20:58:01:017,1.6959,1.2574,10.753,-0.0076,-0.0046,9.8066,0.0986,0.1109,0.0337,-18.69,-29.12,24.25,296.19,-73.73,169.74
52.403263,-1.507646,148.85,10.16,4,166.32,19 / 20,296110,2019-09-06 20:58:01:117,0.896,-0.7807,10.2781,0.0213,-0.0327,9.8065,0.0653,0.1195,0.0084,-18.81,-28.69,24.44,296.43,-73.69,170
52.403263,-1.507646,148.85,10.16,4,166.32,19 / 20,296209,2019-09-06 20:58:01:216,1.7551,0.2921,10.1098,0.0344,-0.0182,9.8065,-0.1755,0.1173,-0.0407,-18.5,-29.12,24.06,298.12,-73.6,170.38
52.403263,-1.507646,148.85,10.16,4,166.32,19 / 20,296310,2019-09-06 20:58:01:317,-0.227,0.7273,9.4279,-0.0276,0.0268,9.8065,-0.1909,0.1314,-0.0625,-18.75,-29.62,22.75,294.13,-73.42,170.35
52.403263,-1.507646,148.85,10.16,4,166.32,19 / 20,296409,2019-09-06 20:58:01:416,0.8892,0.8472,9.8195,-0.0268,0.0163,9.8065,0.1495,0.019,-0.013,-19,-30.12,22.56,294.09,-73.61,170.1
52.403263,-1.507646,148.85,10.16,4,166.32,19 / 20,296509,2019-09-06 20:58:01:516,-0.377,0.3417,10.0378,0.014,-0.0098,9.8065,0.1106,0.0446,-0.0416,-18.69,-31,23,292.94,-73.43,169.82
52.403263,-1.507646,148.85,10.16,4,166.32,19 / 20,296609,2019-09-06 20:58:01:616,-0.8673,-0.6068,9.9948,-0.013,0.0081,9.8066,0.0049,0.1009,-0.0354,-19.5,-31.12,23.56,294.62,-73.24,169.91
52.403263,-1.507646,148.85,10.16,4,166.32,19 / 20,296709,2019-09-06 20:58:01:716,0.5332,-0.5034,10.2906,0.0237,-0.0087,9.8066,0.0608,0.0424,0.0042,-19,-31.19,23.94,295.12,-73.21,170.39
52.403263,-1.507646,148.85,10.16,4,166.32,19 / 20,296810,2019-09-06 20:58:01:817,1.2989,-0.3928,10.6009,0.0318,-0.0239,9.8065,-0.1419,-0.0464,0.0631,-19.31,-31.12,24,294.95,-73.31,170.12
52.403263,-1.507646,148.85,10.16,4,166.32,19 / 20,296910,2019-09-06 20:58:01:917,-0.5615,0.7555,9.3079,-0.0294,0.0221,9.8065,-0.1737,0.0593,-0.0693,-19,-31.12,23.5,294.55,-73.14,169.96
52.403263,-1.507646,148.85,10.16,4,166.32,19 / 20,297009,2019-09-06 20:58:02:016,0.0943,-1.2474,9.7989,-0.0091,0.016,9.8065,0.1223,0.0576,-0.0613,-19.25,-31,23.94,294.19,-73.2,169.57
52.403263,-1.507646,148.85,10.16,4,166.32,18 / 19,297109,2019-09-06 20:58:02:116,-0.5626,-0.0377,9.8272,0.0153,-0.0038,9.8066,0.1336,-0.0109,0.0227,-19.06,-31.25,23.81,294.37,-73.04,169.91
52.403263,-1.507646,148.85,10.16,4,166.32,18 / 19,297209,2019-09-06 20:58:02:216,0.1954,-0.6246,10.1983,-0.0016,-0.0047,9.8066,-0.0867,0.0305,0.0109,-18.94,-30.81,24,294.02,-72.88,169.8
52.403263,-1.507646,148.85,10.16,4,166.32,18 / 19,297310,2019-09-06 20:58:02:317,-0.4181,-0.6666,10.8675,0.0047,-0.0087,9.8066,-0.0027,0.0595,-0.0098,-19.06,-30.69,23.31,292.64,-72.86,170.22
52.403263,-1.507646,148.85,10.16,4,166.32,18 / 19,297409,2019-09-06 20:58:02:416,-0.2806,-1.8803,9.9215,0.0297,0.0003,9.8066,-0.2421,0.0751,-0.0984,-18.25,-31.19,24,296.06,-72.92,170.38
52.403263,-1.507646,148.85,10.16,4,166.32,18 / 19,297509,2019-09-06 20:58:02:516,-1.7547,-0.9705,9.9364,-0.0299,0.0073,9.8065,-0.1597,-0.0633,0.0768,-18.44,-31.19,23.88,295.31,-72.83,169.84
52.403263,-1.507646,148.85,10.16,4,166.32,18 / 19,297610,2019-09-06 20:58:02:617,-1.5995,-1.3284,9.9671,-0.0196,0.0452,9.8065,0.1149,0.0216,-0.1514,-18.56,-31.62,23.81,292.9,-73.03,169.16
52.403263,-1.507646,148.85,10.16,4,166.32,18 / 19,297709,2019-09-06 20:58:02:716,0.0347,-0.8065,9.8294,0.02,-0.008,9.8066,0.1053,-0.0208,0.0046,-18.5,-31.44,23.75,294.73,-72.95,169.18
52.403263,-1.507646,148.85,10.16,4,166.32,18 / 19,297809,2019-09-06 20:58:02:816,-0.9239,-0.3458,10.1172,0.0036,0.006,9.8066,-0.0045,0.0292,-0.0275,-18.56,-31.5,24.13,292.86,-72.8,168.84
52.403263,-1.507646,148.85,10.16,4,166.32,18 / 19,297909,2019-09-06 20:58:02:916,-1.5642,-0.7934,10.2489,0.009,-0.0045,9.8066,0.0011,-0.0576,0.0418,-17.94,-31.06,24.13,294.26,-72.79,168.95
52.403263,-1.507646,148.85,10.16,4,166.32,18 / 19,298009,2019-09-06 20:58:03:016,-0.9072,-0.4105,10.1064,0.0172,-0.0052,9.8066,-0.0142,-0.0124,-0.0063,-18.12,-31.56,23.38,291.57,-72.69,168.93
52.403263,-1.507646,148.85,10.16,4,166.32,18 / 20,298110,2019-09-06 20:58:03:117,1.5263,-1.4261,10.2468,0.0251,-0.0108,9.8065,-0.0912,-0.0494,-0.0008,-18.5,-31.06,23.56,293.72,-72.47,168.86
52.403263,-1.507646,148.85,10.16,4,166.32,18 / 20,298209,2019-09-06 20:58:03:216,-1.5276,-0.984,9.3504,-0.0414,0.0294,9.8064,0.1239,0.0491,-0.0231,-18.12,-31,23.25,291.77,-72.4,168.87
52.403263,-1.507646,148.85,10.16,4,166.32,18 / 20,298310,2019-09-06 20:58:03:317,-0.2832,0.0317,8.8917,-0.0177,0.0109,9.8066,-0.0976,0.0365,-0.0012,-18.37,-30.81,23.25,291.51,-72.42,168.61
52.403263,-1.507646,148.85,10.16,4,166.32,18 / 20,298409,2019-09-06 20:58:03:416,0.8222,0.2241,9.0436,-0.0269,0.028,9.8066,0.1294,-0.0357,0.0802,-18.69,-31.19,23.63,292.19,-72.55,168.54
52.403263,-1.507646,148.85,10.16,4,166.32,18 / 20,298510,2019-09-06 20:58:03:517,1.5744,-1.4692,9.7504,-0.0482,0.0109,9.8065,0.1718,0.0844,-0.0381,-18.37,-31.5,23.63,293.85,-72.87,168.49
52.403263,-1.507646,148.85,10.16,4,166.32,18 / 20,298609,2019-09-06 20:58:03:616,-0.6198,-1.1122,9.7848,0.013,-0.0107,9.8066,-0.1336,-0.0097,-0.0347,-18.69,-30.62,23.44,290.84,-72.88,168.57
52.403263,-1.507646,148.85,10.16,4,166.32,18 / 20,298709,2019-09-06 20:58:03:716,-0.8191,-0.054,10.0039,0.0121,-0.0038,9.8066,0.0224,-0.0265,0.0383,-18.19,-30.62,24,293.7,-72.81,168.43
52.403263,-1.507646,148.85,10.16,4,166.32,18 / 20,298809,2019-09-06 20:58:03:816,-0.6295,-0.9666,9.8508,-0.0184,0.0115,9.8066,0.0812,-0.0214,-0.0041,-17.69,-31.31,23.75,293.63,-72.69,168.51
52.403263,-1.507646,148.85,10.16,4,166.32,18 / 20,298909,2019-09-06 20:58:03:916,-1.3309,-0.3557,9.9605,-0.016,0.0164,9.8065,0.0101,0.0045,0.0223,-17.37,-30.81,23.88,294.89,-72.68,168.44
52.403263,-1.507646,148.85,10.16,4,166.32,18 / 20,299010,2019-09-06 20:58:04:017,-0.4596,-0.7717,10.1299,0.0322,-0.0146,9.8065,-0.1082,-0.0445,0.0131,-17.75,-30.75,23.75,293.38,-72.9,168.05
52.403263,-1.507646,148.85,10.16,4,166.32,18 / 20,299109,2019-09-06 20:58:04:116,0.0247,-1.1412,9.4414,0.0212,-0.0115,9.8065,-0.0654,-0.0166,-0.0424,-17.69,-30.81,23.19,291.21,-72.8,167.88
52.403263,-1.507646,148.85,10.16,4,166.32,18 / 20,299210,2019-09-06 20:58:04:217,-0.7573,0.0443,9.4715,-0.0176,0.0168,9.8065,0.0599,-0.0003,0.0098,-17.94,-31.37,23.75,292.63,-72.79,167.51
52.403263,-1.507646,148.85,10.16,4,166.32,18 / 20,299309,2019-09-06 20:58:04:316,-0.5346,-0.8328,10.3341,-0.0132,0.0189,9.8065,0.0805,-0.0294,0.0082,-17.94,-31.06,23.56,292.34,-72.9,167.12
52.403263,-1.507646,148.85,10.16,4,166.32,18 / 20,299409,2019-09-06 20:58:04:416,-0.1341,0.0757,9.8449,0.0116,0.0044,9.8066,0.0153,0.0022,0.0262,-17.75,-31.19,23.56,292.12,-72.83,167
52.403263,-1.507646,148.85,10.16,4,166.32,18 / 20,299509,2019-09-06 20:58:04:516,-0.5959,-0.0793,10.1399,0.004,-0.009,9.8066,0.0333,0.0522,0.0201,-18.06,-31.19,23.69,291.69,-72.72,166.75
52.403263,-1.507646,148.85,10.16,4,166.32,18 / 20,299610,2019-09-06 20:58:04:617,-0.5827,-0.7306,9.5376,-0.0054,0.0015,9.8066,-0.0271,0.0121,-0.0475,-18.06,-31.19,23.69,291.94,-72.66,167.04
52.403263,-1.507646,148.85,10.16,4,166.32,18 / 20,299709,2019-09-06 20:58:04:716,-0.8295,-0.07,9.4055,-0.0053,0.0059,9.8066,-0.0587,0.0335,-0.0029,-17.75,-31.62,23.69,291.29,-72.72,166.96
52.403263,-1.507646,148.85,10.16,4,166.32,18 / 20,299809,2019-09-06 20:58:04:816,0.5003,-0.8591,10.2175,-0.0009,-0.0042,9.8066,0.085,0.0565,0.0219,-18.06,-32.44,24.06,291.38,-72.76,166.98
52.403263,-1.507646,148.85,10.16,4,166.32,18 / 20,299909,2019-09-06 20:58:04:916,-0.1315,-0.7072,9.6574,0.0019,-0.0111,9.8066,0.0958,-0.0647,0.0576,-18.06,-31.94,23.81,291.72,-72.75,167.31
52.403263,-1.507646,148.85,10.16,4,166.32,18 / 20,300010,2019-09-06 20:58:05:017,0.0592,-0.855,10.1865,0.0034,-0.0009,9.8066,-0.0628,0.0464,-0.0603,-18.12,-31.37,23.75,293.14,-72.81,167.93
52.403263,-1.507646,148.85,10.16,4,166.32,19 / 20,300110,2019-09-06 20:58:05:117,-0.7082,-0.3241,9.5993,-0.0025,0.0057,9.8066,-0.0586,0.0145,0.0817,-18.06,-31.62,23.63,292.32,-72.83,167.74
52.403263,-1.507646,148.85,10.16,4,166.32,19 / 20,300210,2019-09-06 20:58:05:217,-0.828,-0.6046,9.9403,-0.0018,-0.0134,9.8066,0.0364,0.0377,-0.0503,-18.31,-31.75,24,292.62,-72.88,167.95
52.403263,-1.507646,148.85,10.16,4,166.32,19 / 20,300310,2019-09-06 20:58:05:317,-0.9568,-0.3081,9.9285,-0.0088,-0.0015,9.8066,0.0747,-0.0045,-0.0474,-17.87,-31.5,24.31,293.96,-73.01,168.44
52.403263,-1.507646,148.85,10.16,4,166.32,19 / 20,300410,2019-09-06 20:58:05:417,-0.5253,-0.3885,9.985,-0.0018,-0.0096,9.8066,-0.0674,0.0315,0.0004,-18,-30.81,23.94,294.15,-73.06,168.54
52.403263,-1.507646,148.85,10.16,4,166.32,19 / 20,300509,2019-09-06 20:58:05:516,-0.1861,-0.2951,9.6323,-0.0142,-0.0021,9.8066,0.0356,0.0533,0.0413,-18.5,-30.81,23.63,294.74,-73.09,169.03
52.403263,-1.507646,148.85,10.16,4,166.32,19 / 20,300610,2019-09-06 20:58:05:617,0.6203,-0.9528,10.1709,0.0123,-0.0229,9.8065,-0.067,-0.0051,0.0451,-18.5,-30.44,23.63,296.06,-73.08,169.65
52.403263,-1.507646,148.85,10.16,4,166.32,19 / 20,300710,2019-09-06 20:58:05:717,-0.2954,-1.2854,10.0105,0.004,-0.0159,9.8066,-0.0445,0.0637,-0.0089,-18.44,-31.19,23.38,294.08,-73.11,170.06
52.403263,-1.507646,148.85,10.16,4,166.32,19 / 20,300809,2019-09-06 20:58:05:816,0.1864,-0.3709,10.1066,-0.0057,-0.0108,9.8066,0.0271,0.0376,0.0062,-18.75,-30.44,23.13,293.83,-73.07,170.48
52.403263,-1.507646,148.85,10.16,4,166.32,19 / 20,300909,2019-09-06 20:58:05:916,-0.0998,-1.2309,10.2633,0.0051,-0.0105,9.8066,0.0298,-0.0002,0.0562,-18.94,-31.56,23.63,295.04,-73.02,171.08
52.403263,-1.507646,148.85,10.16,4,166.32,19 / 20,301010,2019-09-06 20:58:06:017,0.213,-0.5137,10.3271,0.0045,-0.0116,9.8066,-0.0611,0.0156,0.0034,-18.62,-31.25,23.5,296.25,-73.02,171.6
52.403263,-1.507646,148.85,10.16,4,166.32,19 / 21,301110,2019-09-06 20:58:06:117,-1.1609,-0.4253,10.0791,0.0046,-0.0222,9.8065,-0.0444,-0.0099,0.0155,-18.56,-31.56,23.19,294.29,-73.1,171.95
52.403263,-1.507646,148.85,10.16,4,166.32,19 / 21,301210,2019-09-06 20:58:06:217,-0.797,-0.1204,10.0997,-0.012,-0.0074,9.8065,0.117,0.0029,0.0592,-19.25,-31.44,22.69,295.67,-72.98,172.76
52.403263,-1.507646,148.85,10.16,4,166.32,19 / 21,301310,2019-09-06 20:58:06:317,0.0355,-1.0009,10.0226,0.0048,-0.0252,9.8065,0.0349,-0.0157,0.0215,-19.69,-31,23.38,295.39,-72.85,173.75
52.403263,-1.507646,148.85,10.16,4,166.32,19 / 21,301409,2019-09-06 20:58:06:416,-0.1496,-0.3699,9.9909,-0.0149,0.0044,9.8065,0.1252,0.0401,0.0352,-20.25,-31.12,23.19,296,-72.8,174.34
52.403263,-1.507646,148.85,10.16,4,166.32,19 / 21,301510,2019-09-06 20:58:06:517,-0.9924,-0.9293,10.3334,-0.0372,-0.009,9.8065,0.0893,0.0718,-0.0367,-20.06,-30.87,23.63,298.76,-72.87,175.06
52.403263,-1.507646,148.85,10.16,4,166.32,19 / 21,301609,2019-09-06 20:58:06:616,-0.1661,-0.2361,10.0311,0.0113,-0.01,9.8066,0.1278,0.0242,-0.0036,-20.12,-31.5,23.56,298.51,-72.84,174.88
52.403263,-1.507646,148.85,10.16,4,166.32,19 / 21,301710,2019-09-06 20:58:06:717,-1.2736,-0.6906,10.1018,-0.0272,0.0141,9.8066,0.1379,0.0421,-0.0164,-20.19,-31.19,23.94,298.82,-72.77,175.22
52.403263,-1.507646,148.85,10.16,4,166.32,19 / 21,301809,2019-09-06 20:58:06:816,-0.9364,-0.6477,10.2398,0.0136,-0.01,9.8066,-0.0837,0.0203,0.0709,-20.06,-30.5,23.31,297.84,-73.14,175.04
52.403263,-1.507646,148.85,10.16,4,166.32,19 / 21,301909,2019-09-06 20:58:06:916,-0.3121,-0.4866,9.4827,0.021,-0.0204,9.8065,-0.0512,0.0217,-0.0028,-20.25,-30.56,23.19,297.38,-73.02,175.3
52.403263,-1.507646,148.85,10.16,4,166.32,19 / 21,302010,2019-09-06 20:58:07:017,-0.6272,-0.5494,9.8,-0.0243,0.0136,9.8065,0.0518,-0.0302,-0.0573,-20.12,-30.94,23.25,297.4,-72.91,175.43
52.402542,-1.50668,150.59,13.87,6,132.1,20 / 21,302110,2019-09-06 20:58:07:117,-1.6532,-0.2019,9.5659,-0.0217,0.0232,9.8066,0.0421,0.0397,-0.0289,-20.75,-31.19,23.06,296.22,-73.11,175.22
52.402542,-1.50668,150.59,13.87,6,132.1,20 / 21,302209,2019-09-06 20:58:07:216,-0.0138,-0.5923,9.7684,-0.0049,0.0015,9.8066,0.0544,-0.0509,-0.0653,-20.44,-31.31,23.69,298.83,-72.99,174.98
52.402542,-1.50668,150.59,13.87,6,132.1,20 / 21,302310,2019-09-06 20:58:07:317,-1.1673,-0.8714,9.2835,-0.0019,0.023,9.8066,-0.0331,0.014,0.022,-20.12,-31.62,22.94,296.24,-73.07,174.77
52.402542,-1.50668,150.59,13.87,6,132.1,20 / 21,302410,2019-09-06 20:58:07:417,-0.9814,-0.8839,9.5813,-0.0049,0.0109,9.8066,-0.0259,-0.0206,0.0557,-20.19,-31.62,22.94,295.36,-73.15,173.92
52.402542,-1.50668,150.59,13.87,6,132.1,20 / 21,302509,2019-09-06 20:58:07:516,-0.9804,-0.5105,9.9862,-0.0022,0.0143,9.8066,0.0764,-0.0122,-0.0424,-20.25,-31.5,23.5,297.41,-73.07,173.67
52.402542,-1.50668,150.59,13.87,6,132.1,20 / 21,302609,2019-09-06 20:58:07:616,-1.4137,-0.3511,9.9153,-0.008,0.0099,9.8066,0.1144,-0.0323,-0.0276,-19.62,-31.25,23.88,296.88,-73.1,173.16
52.402542,-1.50668,150.59,13.87,6,132.1,20 / 21,302709,2019-09-06 20:58:07:716,0.8903,-1.2064,9.5623,0.0141,-0.0032,9.8066,-0.1625,-0.089,-0.0117,-19.87,-30.81,23.88,296.63,-73.07,172.98
52.402542,-1.50668,150.59,13.87,6,132.1,20 / 21,302809,2019-09-06 20:58:07:816,-2.3057,0.5904,9.4587,-0.0138,0.0066,9.8065,-0.0363,0.0456,-0.0493,-20.19,-30.75,23.75,296.4,-73.06,172.79
52.402542,-1.50668,150.59,13.87,6,132.1,20 / 21,302909,2019-09-06 20:58:07:916,-2.3282,0.8337,9.9842,-0.0086,0.0037,9.8066,-0.007,0.0208,0.0099,-19.56,-31.12,23.13,294.71,-73.31,172.63
52.402542,-1.50668,150.59,13.87,6,132.1,20 / 21,303010,2019-09-06 20:58:08:017,-1.8074,0.3649,10.208,-0.0157,0.0033,9.8066,0.0382,0.0003,-0.0091,-19.81,-30.69,23.13,295.06,-73.41,172.83
52.402542,-1.50668,150.59,13.87,6,132.1,20 / 21,303110,2019-09-06 20:58:08:117,-1.6216,-0.589,10.1656,0.0107,-0.0098,9.8066,-0.0664,0.0452,-0.0066,-20.12,-31.25,23.31,295.15,-73.31,173.01
52.402542,-1.50668,150.59,13.87,6,132.1,20 / 21,303210,2019-09-06 20:58:08:217,-2.2588,-0.0736,9.5256,0.0192,-0.0204,9.8066,-0.1084,0.001,0.0475,-20.06,-31.56,23.81,296.5,-73.11,173.33
52.402542,-1.50668,150.59,13.87,6,132.1,20 / 21,303310,2019-09-06 20:58:08:317,-0.7376,0.3457,9.1955,-0.0256,0.0176,9.8066,0.0974,-0.0448,0.0703,-20.37,-31.37,23.75,297.34,-73.16,173.51
52.402542,-1.50668,150.59,13.87,6,132.1,20 / 21,303409,2019-09-06 20:58:08:416,-1.9854,-0.1348,9.4173,-0.0261,0.0042,9.8066,0.0153,-0.0426,0.0114,-20.12,-30.87,24.19,297.79,-73.3,173.75
52.402542,-1.50668,150.59,13.87,6,132.1,20 / 21,303510,2019-09-06 20:58:08:517,-1.4695,-0.7569,9.9878,-0.0022,-0.0084,9.8066,-0.0495,-0.0518,-0.0042,-19.87,-30.31,23.44,297.56,-73.66,174.23
52.402542,-1.50668,150.59,13.87,6,132.1,20 / 21,303609,2019-09-06 20:58:08:616,-2.0747,-0.3332,9.995,-0.0012,0,9.8066,0.0128,-0.0319,0.0437,-19.94,-31.5,23.56,299.2,-73.73,174.5
52.402542,-1.50668,150.59,13.87,6,132.1,20 / 21,303710,2019-09-06 20:58:08:717,-1.8894,-0.704,10.6157,0.0243,-0.0165,9.8065,-0.0345,-0.0706,0.0114,-19.5,-31.69,24.5,302.07,-73.72,174.8
52.402542,-1.50668,150.59,13.87,6,132.1,20 / 21,303810,2019-09-06 20:58:08:817,-0.9599,-0.3981,9.7301,0.0267,-0.019,9.8065,-0.0164,-0.041,-0.0087,-19.69,-32.25,24.44,298.59,-73.5,174.72
52.402542,-1.50668,150.59,13.87,6,132.1,20 / 21,303910,2019-09-06 20:58:08:917,-2.4649,-1.2265,9.9976,-0.0259,0.0166,9.8065,-0.084,-0.0784,-0.032,-19.19,-30.94,25.31,302.31,-73.52,174.75
52.402542,-1.50668,150.59,13.87,6,132.1,20 / 21,304010,2019-09-06 20:58:09:017,-2.207,-0.4183,10.2495,0.0063,-0.0021,9.8066,-0.042,-0.0471,-0.0728,-19.19,-30.87,25.13,302.35,-73.81,174.48
52.402542,-1.50668,150.59,13.87,6,132.1,20 / 21,304110,2019-09-06 20:58:09:117,-2.6311,-0.4352,9.5019,-0.0054,0.007,9.8066,0.0629,-0.0899,0.0739,-18.81,-30.5,24.75,302.51,-73.83,174.14
52.402542,-1.50668,150.59,13.87,6,132.1,20 / 21,304209,2019-09-06 20:58:09:216,-1.1171,-0.5353,9.4778,-0.0074,0.0019,9.8066,0.0983,-0.0728,0.0026,-18.5,-30.25,24.88,303.93,-73.85,174.12
52.402542,-1.50668,150.59,13.87,6,132.1,20 / 21,304310,2019-09-06 20:58:09:317,-2.2758,-1.435,9.8386,0.0008,0.0008,9.8066,-0.0402,-0.0946,0.0062,-18.37,-31.31,24.56,303.46,-73.77,174.26
52.402542,-1.50668,150.59,13.87,6,132.1,20 / 21,304409,2019-09-06 20:58:09:416,-2.3009,-0.5901,9.6546,-0.017,0.0162,9.8065,0.0131,-0.1137,-0.0146,-17.94,-30.62,24.56,303.32,-73.76,174.16
52.402542,-1.50668,150.59,13.87,6,132.1,20 / 21,304509,2019-09-06 20:58:09:516,-2.2272,-0.8752,9.6662,0.0102,-0.0041,9.8065,0.0155,-0.1453,0.0261,-17.37,-30.37,25,305.28,-73.92,173.9
52.402542,-1.50668,150.59,13.87,6,132.1,20 / 21,304610,2019-09-06 20:58:09:617,-2.1216,-1.4148,9.7073,0.0105,-0.0029,9.8066,0.0038,-0.1308,0.0267,-17.56,-30.44,25.31,303.53,-73.94,173.69
52.402542,-1.50668,150.59,13.87,6,132.1,20 / 21,304710,2019-09-06 20:58:09:717,-2.797,-0.3968,9.4864,-0.0034,0.0071,9.8066,-0.0786,-0.1056,0.0136,-17.81,-29.94,24.94,303.63,-74.14,173.57
52.402542,-1.50668,150.59,13.87,6,132.1,20 / 21,304810,2019-09-06 20:58:09:817,-2.5614,0.0569,9.6579,0.0066,0.0034,9.8066,-0.0908,-0.1492,0.0125,-17.56,-29.75,24.75,303.37,-74.29,173.2
52.402542,-1.50668,150.59,13.87,6,132.1,20 / 21,304910,2019-09-06 20:58:09:917,-2.6458,-0.4184,9.7137,-0.0106,0.0057,9.8066,0.059,-0.1178,0.0453,-17.44,-30.44,26.06,306.84,-74.34,173.39
52.402542,-1.50668,150.59,13.87,6,132.1,20 / 21,305010,2019-09-06 20:58:10:017,-1.6983,-1.4267,10.1016,-0.0417,0.0121,9.8065,0.1206,-0.1266,0.1007,-16.87,-30.31,25.81,307,-74.27,173.61
52.402542,-1.50668,150.59,13.87,6,132.1,20 / 21,305111,2019-09-06 20:58:10:118,-2.1692,-1.2269,9.3558,0.0011,-0.0236,9.8065,-0.0868,-0.149,0.1042,-17.19,-30.81,25.88,308.75,-74.66,175.09
52.402542,-1.50668,150.59,13.87,6,132.1,20 / 21,305209,2019-09-06 20:58:10:216,-2.3067,-0.5722,9.5416,-0.0115,-0.012,9.8065,-0.1428,-0.1319,0.1197,-17.81,-30.31,26.13,309.08,-74.89,176.07
52.402542,-1.50668,150.59,13.87,6,132.1,20 / 21,305309,2019-09-06 20:58:10:316,-2.8803,-0.3538,9.6261,-0.0355,0.0075,9.8065,0.0171,-0.115,0.044,-17.12,-30.06,25.13,310.56,-75.27,176.99
52.402542,-1.50668,150.59,13.87,6,132.1,20 / 21,305409,2019-09-06 20:58:10:416,-2.4928,-0.8765,9.8313,-0.0138,0.0018,9.8066,0.0519,-0.136,0.0832,-16.06,-30.56,25.69,314.72,-75.49,177.84
52.402542,-1.50668,150.59,13.87,6,132.1,20 / 21,305510,2019-09-06 20:58:10:517,-1.7147,-1.5317,9.81,-0.013,-0.0142,9.8066,0.0344,-0.1449,0.026,-17,-29.81,26.31,314.24,-75.4,178.58
52.402542,-1.50668,150.59,13.87,6,132.1,20 / 21,305609,2019-09-06 20:58:10:616,-1.8575,-1.669,9.7165,-0.0358,0.0205,9.8065,0.0818,-0.1406,0.0707,-16.69,-30.19,26.88,316.46,-75.28,179.24
52.402542,-1.50668,150.59,13.87,6,132.1,20 / 21,305710,2019-09-06 20:58:10:717,-1.7943,-1.7385,9.664,0.004,-0.0153,9.8066,-0.1661,-0.1159,0.0325,-16.44,-30.19,26.13,317.85,-75.74,179.83
52.402542,-1.50668,150.59,13.87,6,132.1,20 / 21,305809,2019-09-06 20:58:10:816,-2.0205,-1.1702,9.4435,-0.0114,0.0157,9.8066,-0.0757,-0.1385,0.0889,-16.06,-29.69,26.19,318.65,-76.16,-179.86
52.402542,-1.50668,150.59,13.87,6,132.1,20 / 21,305909,2019-09-06 20:58:10:916,-3.3816,-0.7568,9.3101,-0.0377,0.0176,9.8065,-0.0453,-0.1389,-0.0427,-16.12,-30.12,26,319.33,-76.34,-179.44
52.402542,-1.50668,150.59,13.87,6,132.1,20 / 21,306010,2019-09-06 20:58:11:017,-1.9904,-0.618,8.9395,-0.0003,0.0119,9.8066,-0.1256,-0.1277,-0.023,-16.37,-30.94,26,319.25,-76.5,-179.35
52.402542,-1.50668,150.59,13.87,6,132.1,19 / 20,306110,2019-09-06 20:58:11:117,-3.3262,-0.0531,9.1966,-0.0162,0.0316,9.8065,0.0401,-0.1042,0.0054,-15.37,-30.31,26.75,321.8,-76.32,179.91
52.402542,-1.50668,150.59,13.87,6,132.1,19 / 20,306209,2019-09-06 20:58:11:216,-3.3332,-0.2884,10.5479,-0.0035,0.0067,9.8066,0.0487,-0.1402,-0.0284,-14.81,-30.44,27,321.41,-76.52,179.45
52.402542,-1.50668,150.59,13.87,6,132.1,19 / 20,306309,2019-09-06 20:58:11:316,-0.6215,-2.5038,11.0384,0.0278,-0.0063,9.8066,-0.0287,-0.1142,-0.0471,-14.25,-30.62,27,322.4,-76.7,178.87
52.402542,-1.50668,150.59,13.87,6,132.1,19 / 20,306410,2019-09-06 20:58:11:417,-1.8473,0.1228,9.4837,0.0527,-0.0363,9.8064,-0.1436,-0.1463,0.0091,-13.69,-30.44,27,320.89,-76.47,177.54
52.402542,-1.50668,150.59,13.87,6,132.1,19 / 20,306510,2019-09-06 20:58:11:517,-2.528,-0.7458,9.6591,-0.0125,0.0122,9.8066,-0.1195,-0.0463,-0.0683,-13.69,-30.44,27.19,320.21,-76.53,176.95
52.402542,-1.50668,150.59,13.87,6,132.1,19 / 20,306609,2019-09-06 20:58:11:616,-0.787,-0.555,9.6603,-0.0175,0.0324,9.8066,0.013,-0.0551,0.0666,-13.12,-30.37,26.88,322.09,-76.85,176.66
52.402542,-1.50668,150.59,13.87,6,132.1,19 / 20,306709,2019-09-06 20:58:11:716,-1.7639,0.3247,9.7331,0.0057,-0.0044,9.8066,0.0344,-0.1055,0.0084,-13.12,-30.25,27.31,321.96,-76.98,176.46
52.402542,-1.50668,150.59,13.87,6,132.1,19 / 20,306810,2019-09-06 20:58:11:817,-1.7688,-0.4232,10.2655,0.007,-0.0203,9.8066,-0.0422,-0.0414,-0.0652,-13.19,-30.5,26.56,322.09,-77.08,176.48
52.402542,-1.50668,150.59,13.87,6,132.1,19 / 20,306910,2019-09-06 20:58:11:917,-1.8093,0.4256,9.7416,-0.004,0.0012,9.8066,-0.0359,-0.0253,-0.0103,-12.75,-30.06,26.63,321.66,-77.09,176.14
52.402542,-1.50668,150.59,13.87,6,132.1,19 / 20,307010,2019-09-06 20:58:12:017,-2.3298,0.073,9.7981,0.0122,-0.0046,9.8066,-0.0572,-0.1229,0.0691,-13.31,-30.12,26.56,321.42,-77.02,175.99
52.402542,-1.50668,150.59,13.87,6,132.1,20 / 21,307110,2019-09-06 20:58:12:117,-1.6729,0.5902,9.8763,-0.0085,0.0277,9.8065,0.1053,-0.0704,0.0143,-12.94,-30.06,26.69,321.39,-76.98,176
52.402542,-1.50668,150.59,13.87,6,132.1,20 / 21,307209,2019-09-06 20:58:12:216,-0.9909,1.144,9.3037,-0.0117,0.0264,9.8066,0.0173,-0.0411,-0.0469,-13.06,-29.81,26.31,319.24,-76.94,175.41
52.402542,-1.50668,150.59,13.87,6,132.1,20 / 21,307310,2019-09-06 20:58:12:317,-0.35,0.0416,9.8234,0.0129,0.0015,9.8066,0.035,-0.0087,0.0172,-13.5,-29.87,26.31,318.6,-77.09,174.76
52.402542,-1.50668,150.59,13.87,6,132.1,20 / 21,307410,2019-09-06 20:58:12:417,0.0868,-0.047,9.5865,-0.0044,0.0143,9.8066,0.0743,0.0259,-0.0131,-12.62,-30.44,26,318.02,-77.18,174.22
52.402542,-1.50668,150.59,13.87,6,132.1,20 / 21,307510,2019-09-06 20:58:12:517,-0.2888,-0.65,9.8692,0.0063,-0.0108,9.8066,-0.0983,-0.0306,0.0443,-12.56,-30.25,26.31,318.07,-77.31,174.15
52.402542,-1.50668,150.59,13.87,6,132.1,20 / 21,307610,2019-09-06 20:58:12:617,-0.5977,0.0669,9.2883,0.0057,-0.0121,9.8066,-0.0866,-0.0384,0.0007,-12.25,-30.19,26.25,320.36,-77.41,174.28
52.402542,-1.50668,150.59,13.87,6,132.1,20 / 21,307710,2019-09-06 20:58:12:717,-1.5018,0.5232,9.5067,-0.0272,0.0302,9.8065,-0.0583,-0.0045,-0.0405,-13.25,-30.69,26.31,318.56,-77.61,174.6
52.402542,-1.50668,150.59,13.87,6,132.1,20 / 21,307810,2019-09-06 20:58:12:817,0.4416,2.588,7.3836,-0.0259,0.0223,9.8066,-0.2501,0.0774,0.037,-12.62,-30.62,25.94,318.67,-77.78,174.54
52.402542,-1.50668,150.59,13.87,6,132.1,20 / 21,307910,2019-09-06 20:58:12:917,-0.0596,1.2237,9.3989,-0.0195,0.0158,9.8065,0.1036,0.056,-0.0437,-13.5,-30.31,26.19,320.85,-77.9,175.96
52.402542,-1.50668,150.59,13.87,6,132.1,20 / 21,308009,2019-09-06 20:58:13:016,-2.283,-1.2882,10.2961,-0.0241,0.0214,9.8065,0.1384,-0.1267,0.1146,-12.87,-30.19,26.44,321.65,-78.07,176.49
52.402542,-1.50668,150.59,13.87,6,132.1,19 / 20,308109,2019-09-06 20:58:13:116,1.5467,-0.0475,10.6425,0.0493,-0.0487,9.8064,-0.1936,-0.1503,0.1715,-13,-30.31,26.88,323.99,-78.13,177.29
52.402542,-1.50668,150.59,13.87,6,132.1,19 / 20,308209,2019-09-06 20:58:13:216,-1.9145,-1.2676,10.4179,0.0191,-0.0524,9.8064,-0.042,0.1304,-0.1077,-13.31,-29.69,26.69,323.97,-78.12,177.28
52.402542,-1.50668,150.59,13.87,6,132.1,19 / 20,308310,2019-09-06 20:58:13:317,-1.2009,1.2665,9.7344,-0.0101,0.0175,9.8065,0.0461,0.0729,-0.0931,-13,-30.25,26.5,323.26,-77.86,176.88
52.402542,-1.50668,150.59,13.87,6,132.1,19 / 20,308410,2019-09-06 20:58:13:417,-0.8736,0.9143,9.7326,0.0013,0.0194,9.8066,0.0546,0.0029,-0.0576,-12.94,-30.81,26.63,322.17,-77.87,176.23
52.402542,-1.50668,150.59,13.87,6,132.1,19 / 20,308510,2019-09-06 20:58:13:517,-0.2299,0.2188,9.8992,0.013,-0.0113,9.8066,0.0237,0.008,0.0397,-12.87,-31,26.69,321.1,-77.73,175.46
52.402542,-1.50668,150.59,13.87,6,132.1,19 / 20,308610,2019-09-06 20:58:13:617,-1.4564,0.6152,9.8188,0.0012,-0.0077,9.8066,-0.0216,-0.0127,-0.0219,-12.87,-30.19,26.56,321.35,-77.55,175.54
52.402542,-1.50668,150.59,13.87,6,132.1,19 / 20,308709,2019-09-06 20:58:13:716,-0.3136,0.9291,9.4782,-0.0015,-0.005,9.8066,0.0234,-0.0149,0.0506,-12.56,-30.25,26.75,321.39,-77.58,175.55
52.402542,-1.50668,150.59,13.87,6,132.1,19 / 20,308810,2019-09-06 20:58:13:817,-0.6531,0.7446,10.139,-0.0081,0.0081,9.8066,0.0526,-0.0187,0.0482,-13.37,-30.62,27.13,321.74,-77.71,176.01
52.402542,-1.50668,150.59,13.87,6,132.1,19 / 20,308910,2019-09-06 20:58:13:917,-1.6557,1.6474,9.2503,-0.0118,0.0195,9.8066,-0.0482,-0.0167,-0.006,-13.31,-30.81,26.63,322.19,-77.76,176.34
52.402542,-1.50668,150.59,13.87,6,132.1,19 / 20,309009,2019-09-06 20:58:14:016,1.427,0.6662,9.8737,0.0226,0.0371,9.8065,0.1649,-0.0451,-0.0897,-12.81,-31.06,26.25,319.31,-77.97,174.91
52.402542,-1.50668,150.59,13.87,6,132.1,18 / 21,309109,2019-09-06 20:58:14:116,0.6809,1.4056,11.0517,-0.0139,-0.0039,9.8066,-0.2051,-0.0272,0.0765,-12.25,-30.87,26.69,320.83,-77.86,173.51
52.402542,-1.50668,150.59,13.87,6,132.1,18 / 21,309210,2019-09-06 20:58:14:217,-1.7067,0.3486,10.0016,0.0163,-0.0634,9.8064,-0.4261,0.001,0.0695,-13.25,-30.94,26.56,320.7,-78.07,174.88
52.402542,-1.50668,150.59,13.87,6,132.1,18 / 21,309309,2019-09-06 20:58:14:316,-2.0374,0.1378,8.7642,-0.0509,0.0666,9.8062,0.3247,0.043,-0.0599,-12.94,-30.94,27,320.57,-77.38,175.3
52.402542,-1.50668,150.59,13.87,6,132.1,18 / 21,309410,2019-09-06 20:58:14:417,-1.2322,1.9542,9.4299,-0.0533,0.0787,9.8061,0.1432,-0.0433,-0.0008,-13.19,-30.87,27.25,320.1,-77.75,174.63
52.402542,-1.50668,150.59,13.87,6,132.1,18 / 21,309510,2019-09-06 20:58:14:517,-0.7689,0.6588,10.1866,0.0112,-0.0119,9.8066,-0.0588,0.0089,0.0461,-13.56,-30.87,26.56,318.41,-77.75,174.81
52.402542,-1.50668,150.59,13.87,6,132.1,18 / 21,309609,2019-09-06 20:58:14:616,-1.4696,0.7209,9.9626,0.0005,-0.0133,9.8066,-0.0051,0.0069,0.0117,-13.5,-31.25,26.88,320.76,-77.84,175.1
52.402542,-1.50668,150.59,13.87,6,132.1,18 / 21,309709,2019-09-06 20:58:14:716,-1.0581,1.0538,9.7676,0.0103,0.0004,9.8066,0.0191,0.0008,-0.0309,-13.37,-30.87,26.88,320.5,-77.81,174.91
52.402542,-1.50668,150.59,13.87,6,132.1,18 / 21,309810,2019-09-06 20:58:14:817,-0.1693,0.0993,9.9574,0.0161,-0.019,9.8065,0.0065,-0.0235,0.0271,-12.56,-30.62,27.06,319.95,-77.73,174.52
52.402542,-1.50668,150.59,13.87,6,132.1,18 / 21,309910,2019-09-06 20:58:14:917,-1.5243,1.3126,9.7619,-0.0077,0.0062,9.8066,0.0439,0.0168,-0.0218,-13.12,-30.5,27.56,321.57,-77.53,174.7
52.402542,-1.50668,150.59,13.87,6,132.1,18 / 21,310010,2019-09-06 20:58:15:017,-0.701,0.5292,9.7276,-0.0055,-0.0051,9.8066,0.0562,-0.0222,0.0342,-12.94,-30,27.75,321.69,-77.55,174.78
52.402542,-1.50668,150.59,13.87,6,132.1,19 / 21,310111,2019-09-06 20:58:15:118,-0.2219,0.4583,9.8973,-0.0118,-0.0061,9.8066,-0.0556,-0.0066,0.0028,-13.12,-30.5,27.94,322.18,-77.61,175.15
52.402542,-1.50668,150.59,13.87,6,132.1,19 / 21,310209,2019-09-06 20:58:15:216,-0.379,0.8908,9.4217,-0.0064,0.0038,9.8066,-0.0102,0.0275,0.0064,-12.94,-30.56,27.56,322.86,-77.71,175.88
52.402542,-1.50668,150.59,13.87,6,132.1,19 / 21,310309,2019-09-06 20:58:15:316,-1.0689,1.7203,9.6428,-0.008,-0.0085,9.8066,0.0625,0.0335,0.0196,-14,-30.5,27.31,320.95,-77.83,176.58
52.402542,-1.50668,150.59,13.87,6,132.1,19 / 21,310409,2019-09-06 20:58:15:416,0.0368,1.3772,10.1166,0.0083,-0.0041,9.8066,0.0893,0.0471,-0.0266,-13.75,-30.19,27.44,321.19,-78.03,176.64
52.402542,-1.50668,150.59,13.87,6,132.1,19 / 21,310510,2019-09-06 20:58:15:517,-0.6398,0.1173,10.2625,0.0093,-0.0242,9.8065,-0.095,0.0548,-0.0167,-13.12,-29.69,27.25,323.42,-78.05,176.88
52.402542,-1.50668,150.59,13.87,6,132.1,19 / 21,310610,2019-09-06 20:58:15:617,-1.3678,0.3621,9.3936,-0.0145,0.0256,9.8066,-0.1254,0.0018,0.0217,-13.62,-29.94,26.88,321.67,-78.14,176.96
52.402542,-1.50668,150.59,13.87,6,132.1,19 / 21,310710,2019-09-06 20:58:15:717,-0.2224,1.1426,9.5497,0.0021,0.0294,9.8065,0.1713,0.1022,-0.0965,-13.37,-30,27.56,324.11,-78.2,176.33
52.402542,-1.50668,150.59,13.87,6,132.1,19 / 21,310809,2019-09-06 20:58:15:816,0.5464,1.0323,10.0997,0.0088,-0.0081,9.8066,0.1248,0.0802,-0.0412,-13.12,-29.87,26.88,321.66,-78.37,175.19
52.402542,-1.50668,150.59,13.87,6,132.1,19 / 21,310909,2019-09-06 20:58:15:916,1.258,0.5722,10.0928,0.0087,0.0018,9.8066,-0.0625,0.1187,-0.116,-13.06,-29.87,26.75,321.02,-78.36,174.67
52.402542,-1.50668,150.59,13.87,6,132.1,19 / 21,311009,2019-09-06 20:58:16:016,0.9392,0.8506,10.1945,0.0199,-0.0133,9.8065,0.015,0.1107,-0.0948,-13,-30.12,26.31,318.96,-78.49,173.94
52.40179,-1.505931,152.64,6.89,4,154.67,20 / 21,311110,2019-09-06 20:58:16:117,2.5035,1.0989,9.8602,-0.0106,0.0084,9.8066,0.0665,0.0903,0.0125,-13.19,-30.44,26.69,319.84,-78.44,173.62
52.40179,-1.505931,152.64,6.89,4,154.67,20 / 21,311209,2019-09-06 20:58:16:216,0.8119,0.8765,9.7986,-0.0104,-0.0202,9.8066,-0.0351,0.1902,-0.0178,-14,-30.5,27.06,317.94,-78.42,173.63
52.40179,-1.505931,152.64,6.89,4,154.67,20 / 21,311310,2019-09-06 20:58:16:317,1.3777,1.4842,9.2485,-0.0059,-0.0011,9.8065,0.0712,0.2075,0.0012,-14.12,-30.56,26.56,318.9,-78.39,174.72
52.40179,-1.505931,152.64,6.89,4,154.67,20 / 21,311409,2019-09-06 20:58:16:416,0.5436,1.5924,10.0716,-0.0234,0.0142,9.8066,-0.0362,0.226,-0.0436,-15.31,-31,26.31,316.96,-78.42,175.74
52.40179,-1.505931,152.64,6.89,4,154.67,20 / 21,311510,2019-09-06 20:58:16:517,1.3276,1.3861,10.1193,-0.0411,0.028,9.8064,0.0009,0.2166,-0.0226,-15.56,-30.56,26,316.75,-78.77,176.77
52.40179,-1.505931,152.64,6.89,4,154.67,20 / 21,311610,2019-09-06 20:58:16:617,0.598,-0.0506,9.7942,-0.0115,-0.0247,9.8065,-0.0331,0.2166,0.0074,-15.5,-30.69,25.44,318.61,-78.94,177.92
52.40179,-1.505931,152.64,6.89,4,154.67,20 / 21,311709,2019-09-06 20:58:16:716,0.4594,1.2468,9.4542,0.0034,-0.0048,9.8066,-0.0763,0.2965,-0.0619,-17.19,-31.25,25.19,316.45,-79.12,178.91
52.40179,-1.505931,152.64,6.89,4,154.67,20 / 21,311809,2019-09-06 20:58:16:816,1.4008,1.1387,9.8943,-0.0229,0.0181,9.8065,-0.0507,0.2816,-0.0361,-17.31,-31.37,23.81,315.6,-79.37,179.29
52.40179,-1.505931,152.64,6.89,4,154.67,20 / 21,311909,2019-09-06 20:58:16:916,0.5212,2.0667,9.8391,-0.0241,0.0174,9.8065,0.0802,0.2616,-0.0235,-18.56,-30.87,23.56,313.06,-79.55,179.69
52.40179,-1.505931,152.64,6.89,4,154.67,20 / 21,312009,2019-09-06 20:58:17:016,1.3063,0.4816,9.7511,0.0197,-0.0063,9.8065,0.0623,0.2546,-0.0617,-18.81,-31.56,23.19,311.74,-79.8,179.98
52.40179,-1.505931,152.64,6.89,4,154.67,20 / 21,312110,2019-09-06 20:58:17:117,1.4901,1.2368,9.5932,0.0248,-0.015,9.8066,-0.086,0.3035,-0.0686,-18.69,-32.25,23,310.58,-79.65,179.1
52.40179,-1.505931,152.64,6.89,4,154.67,20 / 21,312209,2019-09-06 20:58:17:216,1.5122,1.6917,9.4469,-0.0145,0.0256,9.8066,-0.0923,0.3379,-0.054,-18.87,-31.25,22.56,310.39,-79.51,178.79
52.40179,-1.505931,152.64,6.89,4,154.67,20 / 21,312310,2019-09-06 20:58:17:317,1.2686,0.9948,10.5266,-0.0026,0.0361,9.8065,0.1277,0.2898,-0.0875,-19.12,-32.06,22.63,308.23,-79.47,177.21
52.40179,-1.505931,152.64,6.89,4,154.67,20 / 21,312409,2019-09-06 20:58:17:416,1.8867,1.6862,9.6908,0.0336,-0.0016,9.8066,0.0734,0.3538,-0.1477,-18.81,-32.56,21.81,303.71,-79.34,175.17
52.40179,-1.505931,152.64,6.89,4,154.67,20 / 21,312510,2019-09-06 20:58:17:517,1.0115,1.2303,9.7613,0.0135,0.0141,9.8066,0.006,0.3542,-0.1542,-18.5,-31.94,21.88,304.23,-79.15,174.22
52.40179,-1.505931,152.64,6.89,4,154.67,20 / 21,312610,2019-09-06 20:58:17:617,1.2336,2.1408,10.2822,0.0105,-0.0094,9.8066,0.0464,0.3463,-0.0269,-18.87,-32.62,20.88,298.72,-79.16,172.53
52.40179,-1.505931,152.64,6.89,4,154.67,20 / 21,312710,2019-09-06 20:58:17:717,0.8557,0.5517,10.0327,0.0078,0.0048,9.8066,-0.0464,0.3806,-0.1416,-19.69,-32.31,20.88,297.65,-79.08,172.5
52.40179,-1.505931,152.64,6.89,4,154.67,20 / 21,312810,2019-09-06 20:58:17:817,1.1308,1.4984,9.6374,-0.0031,0.0093,9.8066,-0.0153,0.3228,-0.0455,-19.69,-32.19,20.69,297.18,-79.15,172.01
52.40179,-1.505931,152.64,6.89,4,154.67,20 / 21,312910,2019-09-06 20:58:17:917,1.5606,1.6455,9.5017,-0.0153,0.0259,9.8066,0.0288,0.4163,-0.1139,-20.87,-33.31,19.44,290.61,-79.27,170.71
52.40179,-1.505931,152.64,6.89,4,154.67,20 / 21,313010,2019-09-06 20:58:18:017,0.858,1.4097,9.6832,0.0005,-0.0108,9.8066,0.0132,0.3555,0.0312,-20.75,-33.25,18.56,290.32,-79.43,170.25
52.40179,-1.505931,152.64,6.89,4,154.67,20 / 21,313110,2019-09-06 20:58:18:117,1.797,1.3483,10.1172,0.0029,0.0067,9.8065,-0.0558,0.3756,-0.0805,-20.81,-33.56,18.06,287.97,-79.59,170.03
52.40179,-1.505931,152.64,6.89,4,154.67,20 / 21,313209,2019-09-06 20:58:18:216,1.1491,1.3702,10.2169,0.002,0.0011,9.8066,-0.01,0.3834,-0.073,-21,-33.81,17.19,285.85,-79.7,169.8
52.40179,-1.505931,152.64,6.89,4,154.67,20 / 21,313310,2019-09-06 20:58:18:317,1.3371,1.8654,9.738,0.0134,-0.0003,9.8066,0.0568,0.3263,-0.0357,-21.25,-33.94,16.31,283.17,-79.48,169.54
52.40179,-1.505931,152.64,6.89,4,154.67,20 / 21,313409,2019-09-06 20:58:18:416,1.2155,1.8305,9.3465,0.0069,-0.0091,9.8066,-0.0157,0.4066,-0.1193,-20.87,-34.25,16,282.7,-79.16,169.52
52.40179,-1.505931,152.64,6.89,4,154.67,20 / 21,313509,2019-09-06 20:58:18:516,2.427,1.4414,9.4698,0.0084,0.004,9.8066,0.0795,0.4356,-0.0749,-22.06,-34.06,14.44,277.74,-78.96,170
52.40179,-1.505931,152.64,6.89,4,154.67,20 / 21,313610,2019-09-06 20:58:18:617,1.3299,1.0571,10.1227,0.0002,-0.0027,9.8066,0.0247,0.3449,-0.0353,-22.5,-33.5,14,277.8,-78.87,169.75
52.40179,-1.505931,152.64,6.89,4,154.67,20 / 21,313710,2019-09-06 20:58:18:717,3.0727,0.5442,10.3971,-0.0142,0.0127,9.8066,-0.1326,0.4167,-0.0983,-21.94,-34.44,13.31,274.68,-79.03,169.07
52.40179,-1.505931,152.64,6.89,4,154.67,20 / 21,313809,2019-09-06 20:58:18:816,0.8694,0.7568,10.2922,0.0153,0.017,9.8066,-0.0623,0.3617,-0.1032,-22.62,-34.62,12.31,271.26,-79.09,168.81
52.40179,-1.505931,152.64,6.89,4,154.67,20 / 21,313909,2019-09-06 20:58:18:916,0.6892,1.6109,10.0024,0.0311,0.0096,9.8065,0.0938,0.3015,-0.0478,-22,-34.5,11.69,270.12,-78.85,167.03
52.40179,-1.505931,152.64,6.89,4,154.67,20 / 21,314009,2019-09-06 20:58:19:016,2.3892,2.7706,9.6158,-0.0001,0.0198,9.8066,0.028,0.4391,-0.1462,-22.37,-35.12,10.81,266.87,-78.71,166.72
52.40179,-1.505931,152.64,6.89,4,154.67,19 / 21,314111,2019-09-06 20:58:19:118,2.2453,1.7675,9.7336,0.0057,0.0201,9.8066,-0.0695,0.3662,-0.1435,-22.75,-34.75,10.06,262.65,-78.52,165.31
52.40179,-1.505931,152.64,6.89,4,154.67,19 / 21,314209,2019-09-06 20:58:19:216,1.7168,2.1642,10.0399,-0.0047,0.0117,9.8066,-0.0504,0.3426,-0.073,-22.25,-34.5,9.75,262.13,-78.49,164
52.40179,-1.505931,152.64,6.89,4,154.67,19 / 21,314310,2019-09-06 20:58:19:317,1.5092,1.9804,9.6283,-0.007,0.0023,9.8066,-0.0066,0.3554,-0.043,-23.19,-34.37,9.19,259.21,-78.49,163.6
52.40179,-1.505931,152.64,6.89,4,154.67,19 / 21,314409,2019-09-06 20:58:19:416,0.9458,1.887,10.1224,-0.0075,-0.0012,9.8066,0.0441,0.3591,-0.0184,-23.5,-34.81,8.81,259.07,-78.46,163.97
52.40179,-1.505931,152.64,6.89,4,154.67,19 / 21,314509,2019-09-06 20:58:19:516,0.6378,1.8483,9.9809,-0.0084,0.0206,9.8066,-0.0282,0.3109,-0.0985,-22.5,-35.19,7.44,254.65,-78.36,164.19
52.40179,-1.505931,152.64,6.89,4,154.67,19 / 21,314609,2019-09-06 20:58:19:616,1.8253,2.3464,9.5472,0.0159,-0.0125,9.8066,-0.0964,0.2569,0.0233,-22.81,-35.06,7,254.02,-78.27,163.64
52.40179,-1.505931,152.64,6.89,4,154.67,19 / 21,314710,2019-09-06 20:58:19:717,0.5155,1.5424,9.9213,-0.0083,-0.0083,9.8066,0.0768,0.2729,-0.0415,-22.12,-35.06,6.31,252.55,-78.25,164.64
52.40179,-1.505931,152.64,6.89,4,154.67,19 / 21,314810,2019-09-06 20:58:19:817,0.8186,1.2427,9.7679,-0.0114,-0.0036,9.8065,-0.034,0.2786,-0.027,-22.75,-35.75,5.69,253.01,-78.35,165.4
52.40179,-1.505931,152.64,6.89,4,154.67,19 / 21,314910,2019-09-06 20:58:19:917,1.3328,1.8226,9.1185,-0.0021,0.0132,9.8066,0.0424,0.1924,-0.0576,-21.87,-35.31,5.13,250.77,-78.4,165.04
52.40179,-1.505931,152.64,6.89,4,154.67,19 / 21,315010,2019-09-06 20:58:20:017,0.8239,1.4146,10.0793,-0.024,0.0033,9.8065,-0.0128,0.2337,-0.1108,-22.5,-36.19,4.5,250.26,-78.4,164.99
52.40179,-1.505931,152.64,6.89,4,154.67,20 / 21,315110,2019-09-06 20:58:20:117,1.3481,1.5422,9.8691,-0.0401,-0.0051,9.8065,0.0088,0.2354,0.0397,-22.25,-35.87,3.56,247.62,-78.53,164.44
52.40179,-1.505931,152.64,6.89,4,154.67,20 / 21,315210,2019-09-06 20:58:20:217,1.0426,2.7408,10.0742,0.0369,0.0288,9.8065,-0.0053,0.2154,-0.089,-21.87,-35.56,3.38,244.99,-78.48,164.13
52.40179,-1.505931,152.64,6.89,4,154.67,20 / 21,315309,2019-09-06 20:58:20:316,0.7233,2.2779,9.8852,0.0207,0.0012,9.8066,0.0598,0.1766,0.0521,-22.06,-36.25,2.75,244.08,-78.21,163.47
52.40179,-1.505931,152.64,6.89,4,154.67,20 / 21,315409,2019-09-06 20:58:20:416,1.4715,0.3934,10.0193,0.0157,0.0063,9.8066,0.1672,0.1444,0.0035,-22,-36.12,2.56,244.11,-78.23,163.48
52.40179,-1.505931,152.64,6.89,4,154.67,20 / 21,315509,2019-09-06 20:58:20:516,2.1131,-0.2236,10.2655,0.0381,0.0184,9.8065,-0.1085,0.2882,-0.1518,-21.25,-36.19,2.13,240.64,-77.96,163.04
52.40179,-1.505931,152.64,6.89,4,154.67,20 / 21,315610,2019-09-06 20:58:20:617,-0.7728,3.2052,10.2509,-0.0246,0.0034,9.8066,-0.0233,0.0932,0.0359,-21.12,-36.94,2.38,240.92,-77.95,163.93
52.40179,-1.505931,152.64,6.89,4,154.67,20 / 21,315710,2019-09-06 20:58:20:717,0.831,1.2925,9.9812,-0.0099,-0.0213,9.8066,0.0197,0.0929,0.0471,-21.06,-36.69,1.31,238.76,-78.04,163.94
52.40179,-1.505931,152.64,6.89,4,154.67,20 / 21,315810,2019-09-06 20:58:20:817,-0.0704,2.0112,9.4111,-0.0136,0.0048,9.8066,-0.0524,0.1971,-0.0755,-21.44,-37.31,0.56,238.84,-77.9,164.25
52.40179,-1.505931,152.64,6.89,4,154.67,20 / 21,315910,2019-09-06 20:58:20:917,0.898,1.572,9.9458,-0.0031,-0.0078,9.8066,-0.0846,0.1155,0.0435,-21.06,-36.75,0.25,236.56,-77.85,164.29
52.40179,-1.505931,152.64,6.89,4,154.67,20 / 21,316010,2019-09-06 20:58:21:017,-0.4221,0.699,9.8031,0.069,0.0236,9.8063,-0.1157,0.1768,-0.037,-21.75,-37.19,0.38,237.49,-77.59,164.93
52.40179,-1.505931,152.64,6.89,4,154.67,20 / 21,316110,2019-09-06 20:58:21:117,0.5384,-0.0464,10.4736,-0.0592,-0.0372,9.8063,0.3204,0.0839,0.0233,-21.31,-37.06,0.5,239.62,-78,165.04
52.40179,-1.505931,152.64,6.89,4,154.67,20 / 21,316209,2019-09-06 20:58:21:216,-0.0761,0.7184,10.3475,0.0664,0.0245,9.8063,0.3287,0.1184,-0.0922,-21.5,-37.37,0.69,239.47,-78.04,164.8
52.40179,-1.505931,152.64,6.89,4,154.67,20 / 21,316310,2019-09-06 20:58:21:317,-0.225,-0.334,10.9045,0.0463,-0.0013,9.8065,-0.2372,0.1258,0.0374,-21.56,-36.87,0.06,237.94,-77.99,164.9
52.40179,-1.505931,152.64,6.89,4,154.67,20 / 21,316409,2019-09-06 20:58:21:416,-3.4113,1.5522,7.837,-0.0017,0.0173,9.8066,-0.0739,0.2738,-0.1201,-21.31,-37.69,-0.19,237.21,-77.77,165.73
52.40179,-1.505931,152.64,6.89,4,154.67,20 / 21,316509,2019-09-06 20:58:21:516,-1.8987,0.5923,8.1597,0.0571,0.0167,9.8064,0.1353,0.0263,-0.0134,-20.94,-36.19,-0.69,235.96,-77.57,166.13
52.40179,-1.505931,152.64,6.89,4,154.67,20 / 21,316610,2019-09-06 20:58:21:617,-2.5707,-1.2501,8.9563,-0.0521,-0.0257,9.8064,0.1374,0.0414,0.0039,-21.19,-37.69,-0.75,234.55,-77.41,165.65
52.40179,-1.505931,152.64,6.89,4,154.67,20 / 21,316710,2019-09-06 20:58:21:717,0.9553,0.5122,10.3532,-0.0696,-0.0243,9.8063,0.3312,0.0345,-0.0651,-20.87,-37.12,-0.25,236.98,-77.72,165
52.40179,-1.505931,152.64,6.89,4,154.67,20 / 21,316809,2019-09-06 20:58:21:816,1.5236,-0.5637,10.0856,0.0762,0.0263,9.8063,0.3516,0.0905,-0.1293,-21.06,-37.56,-0.44,236.15,-77.66,164.58
52.40179,-1.505931,152.64,6.89,4,154.67,20 / 21,316909,2019-09-06 20:58:21:916,0.9192,1.5467,10.0426,0.0458,0.0215,9.8065,-0.2044,0.0752,0.0366,-20.75,-37.06,-0.94,234.25,-77.58,164.52
52.40179,-1.505931,152.64,6.89,4,154.67,20 / 21,317009,2019-09-06 20:58:22:016,-0.9067,-0.2321,10.0541,0.0132,0.0056,9.8066,-0.0572,0.077,-0.014,-20.75,-37.31,-1.19,234.33,-77.49,164.74
52.40179,-1.505931,152.64,6.89,4,154.67,20 / 21,317110,2019-09-06 20:58:22:117,-1.3708,-0.081,9.6692,0.0205,0.0068,9.8065,0.0539,-0.0173,0.0184,-20.56,-37.06,-1.25,234.47,-77.43,165.01
52.40179,-1.505931,152.64,6.89,4,154.67,20 / 21,317209,2019-09-06 20:58:22:216,-1.1126,-1.1945,9.3724,0.0083,-0.0107,9.8066,0.0731,0.0423,0.0061,-20.31,-37.44,-1.12,233.58,-77.45,164.93
52.40179,-1.505931,152.64,6.89,4,154.67,20 / 21,317310,2019-09-06 20:58:22:317,-0.3721,-1.8911,10.0933,-0.0052,-0.018,9.8066,-0.0361,0.0468,0.0612,-20.44,-36.56,-1.19,234.11,-77.44,165.61
52.40179,-1.505931,152.64,6.89,4,154.67,20 / 21,317410,2019-09-06 20:58:22:417,-0.7314,-0.3726,9.8024,0.0065,0.0082,9.8066,-0.0606,0.1011,-0.0479,-20.75,-37.56,-1.75,233.3,-77.62,166.42
52.40179,-1.505931,152.64,6.89,4,154.67,20 / 21,317509,2019-09-06 20:58:22:516,-2.0077,-0.7748,9.8783,0.0026,0.0004,9.8066,0.057,-0.0229,0.007,-20.44,-37,-1.44,234.97,-77.64,166.41
52.40179,-1.505931,152.64,6.89,4,154.67,20 / 21,317610,2019-09-06 20:58:22:617,-0.432,0.4937,9.8218,0.009,0.0086,9.8066,0.0461,0.0525,-0.0457,-20.69,-37.19,-1.44,235.71,-77.59,166.32
52.40179,-1.505931,152.64,6.89,4,154.67,20 / 21,317710,2019-09-06 20:58:22:717,-1.3623,-1.9601,9.713,0.013,0.0136,9.8065,0.0129,0.0744,-0.0842,-20.69,-37.19,-1.37,235.61,-77.5,166.32
52.40179,-1.505931,152.64,6.89,4,154.67,20 / 21,317809,2019-09-06 20:58:22:816,-0.1123,-0.4237,9.6894,-0.001,0.001,9.8066,-0.0145,0.0407,-0.0257,-20.81,-37.31,-2.12,233.15,-77.54,165.85
52.40179,-1.505931,152.64,6.89,4,154.67,20 / 21,317909,2019-09-06 20:58:22:916,-0.7579,-2.2082,9.9661,-0.01,0.0046,9.8066,0.0219,0.0452,-0.0889,-20.69,-36.94,-1.87,233.18,-77.52,165.91
52.40179,-1.505931,152.64,6.89,4,154.67,20 / 21,318010,2019-09-06 20:58:23:017,-0.8523,0.0371,9.7624,-0.0033,0.0046,9.8066,-0.0294,0.0775,-0.0106,-20.56,-37.12,-2.94,230.99,-77.57,165.66
52.40179,-1.505931,152.64,6.89,4,154.67,20 / 21,318109,2019-09-06 20:58:23:116,-1.598,-1.0713,9.4591,-0.0085,0.0014,9.8066,0.2174,-0.0026,-0.0126,-20.56,-37.37,-1.62,232.89,-77.57,165.46
52.40179,-1.505931,152.64,6.89,4,154.67,20 / 21,318210,2019-09-06 20:58:23:217,-1.43,-0.4221,9.2746,0.0233,0.0155,9.8066,0.0533,0.0055,-0.0672,-20.31,-37.19,-2.37,231.69,-77.56,165.14
52.40179,-1.505931,152.64,6.89,4,154.67,20 / 21,318309,2019-09-06 20:58:23:316,-3.0748,-1.7507,9.7226,0.0129,0.0034,9.8066,0.1318,-0.0193,0.0016,-20.81,-37.19,-1.75,232.55,-77.52,165.11
52.40179,-1.505931,152.64,6.89,4,154.67,20 / 21,318409,2019-09-06 20:58:23:416,-0.8608,-1.1321,10.2844,0.0156,0.0163,9.8065,0.121,-0.0139,-0.0394,-19.81,-37.12,-2,231.62,-77.52,165.1
52.40179,-1.505931,152.64,6.89,4,154.67,20 / 21,318509,2019-09-06 20:58:23:516,-1.2288,-2.1711,10.1445,0.0193,0.0123,9.8066,-0.009,-0.0645,-0.0046,-20,-36.81,-2.19,231.28,-77.42,164.82
52.40179,-1.505931,152.64,6.89,4,154.67,20 / 21,318609,2019-09-06 20:58:23:616,-1.5332,-0.3508,10.2937,0.0148,0.0127,9.8066,0.0396,0.0515,-0.083,-20.31,-37.44,-2.5,231.07,-77.42,164.54
52.40179,-1.505931,152.64,6.89,4,154.67,20 / 21,318710,2019-09-06 20:58:23:717,-0.9191,-1.3766,9.9013,0.023,0.0185,9.8065,-0.1086,0.0137,-0.0198,-20.31,-37.06,-2.12,230.97,-77.19,164.74
52.40179,-1.505931,152.64,6.89,4,154.67,20 / 21,318810,2019-09-06 20:58:23:817,-1.5014,-1.6651,10.1184,-0.0117,-0.0243,9.8065,-0.0843,-0.0071,0.0647,-20.69,-37.19,-2.87,229.73,-77.2,164.56
52.40179,-1.505931,152.64,6.89,4,154.67,20 / 21,318910,2019-09-06 20:58:23:917,-0.5081,-1.3811,9.7183,-0.0167,-0.0064,9.8066,-0.0908,0.0433,-0.0048,-20,-37.06,-2.87,229.06,-77.21,164.95
52.40179,-1.505931,152.64,6.89,4,154.67,20 / 21,319009,2019-09-06 20:58:24:016,-1.2944,-0.4204,9.746,-0.0109,0.0028,9.8065,-0.0914,-0.002,-0.0328,-20.19,-37.81,-2.5,230.54,-77.29,164.57
52.40179,-1.505931,152.64,6.89,4,154.67,20 / 21,319109,2019-09-06 20:58:24:116,-0.6431,-2.0986,9.706,-0.01,0.0001,9.8066,-0.1351,0.0501,-0.079,-20.19,-37.12,-2.62,229.06,-77.29,164.85
52.40179,-1.505931,152.64,6.89,4,154.67,20 / 21,319210,2019-09-06 20:58:24:217,-0.3129,-0.3211,10.125,-0.0033,-0.0015,9.8066,-0.1208,-0.021,-0.0283,-20,-37.5,-2.12,230.86,-77.28,164.47
52.40179,-1.505931,152.64,6.89,4,154.67,20 / 21,319310,2019-09-06 20:58:24:317,-1.3212,-1.7693,9.661,-0.0109,-0.0136,9.8066,-0.1279,0.0668,-0.028,-19.94,-37.31,-3.06,228.74,-77.24,164.49
52.40179,-1.505931,152.64,6.89,4,154.67,20 / 21,319409,2019-09-06 20:58:24:416,-1.3335,-1.8444,10.1654,-0.0264,-0.008,9.8066,0.1014,0.0478,-0.0171,-20.06,-37.44,-2.56,228.98,-77.38,164.62
52.40179,-1.505931,152.64,6.89,4,154.67,20 / 21,319510,2019-09-06 20:58:24:517,-0.3207,-0.7322,10.0606,0.0386,0.0204,9.8064,0.1916,-0.036,0.0571,-19.87,-37.5,-3.19,229.14,-77.45,164.74
52.40179,-1.505931,152.64,6.89,4,154.67,20 / 21,319610,2019-09-06 20:58:24:617,-1.1736,-1.1138,9.9409,0.0342,0.011,9.8065,-0.1868,0.0165,0.0062,-20.25,-37,-3,229.17,-77.27,165.02
52.40179,-1.505931,152.64,6.89,4,154.67,20 / 21,319710,2019-09-06 20:58:24:717,-2.3016,-1.4499,9.6628,-0.0332,-0.0166,9.8065,-0.1699,0.0281,0.005,-20.12,-37.12,-3.37,229.05,-77.3,164.81
52.40179,-1.505931,152.64,6.89,4,154.67,20 / 21,319810,2019-09-06 20:58:24:817,-2.3554,-0.6793,9.338,-0.0378,-0.0178,9.8065,0.1577,0.0325,0.0173,-19.56,-37.44,-4,226.96,-77.31,164.73
52.40179,-1.505931,152.64,6.89,4,154.67,20 / 21,319910,2019-09-06 20:58:24:917,-2.3788,-0.9846,9.2898,0.0013,-0.0007,9.8066,0.0866,0.0317,0.0312,-19.87,-38,-3,228.84,-77.42,164.88
52.40179,-1.505931,152.64,6.89,4,154.67,20 / 21,320010,2019-09-06 20:58:25:017,-0.7379,-1.033,9.9366,-0.0066,0.0008,9.8066,-0.0811,0.1258,-0.0296,-19.69,-37.37,-3.75,227.06,-77.46,164.67
52.40184,-1.505021,154.21,6.87,6,58.59,20 / 21,320109,2019-09-06 20:58:25:116,-1.6454,-1.6318,9.6031,-0.0037,-0.0273,9.8065,-0.0168,0.1087,0.0217,-19.62,-37.87,-3.5,229.44,-77.56,165.46
52.40184,-1.505021,154.21,6.87,6,58.59,20 / 21,320210,2019-09-06 20:58:25:217,0.7044,-1.9583,10.9715,0.07,0.0173,9.8063,-0.2753,0.2574,-0.0759,-20.19,-37.69,-3.44,229.91,-77.82,165.7
52.40184,-1.505021,154.21,6.87,6,58.59,20 / 21,320309,2019-09-06 20:58:25:316,-3.1962,-1.8457,9.1534,-0.0744,-0.0297,9.8062,-0.2958,0.1134,-0.0486,-19.94,-37.62,-4.06,228.36,-77.63,166.59
52.40184,-1.505021,154.21,6.87,6,58.59,20 / 21,320410,2019-09-06 20:58:25:417,-2.5166,0.89,9.6491,-0.0405,-0.0223,9.8065,0.1611,0.0472,0.006,-19.44,-36.81,-3.5,229.41,-77.96,165.72
52.40184,-1.505021,154.21,6.87,6,58.59,20 / 21,320509,2019-09-06 20:58:25:516,-2.4356,-0.5624,9.3783,0.0242,0.0108,9.8066,0.0926,0.1168,-0.002,-19.56,-37.37,-4.37,227.96,-77.83,165.32
52.40184,-1.505021,154.21,6.87,6,58.59,20 / 21,320609,2019-09-06 20:58:25:616,-2.6267,1.8898,9.6227,0.0242,0.0104,9.8065,-0.146,0.181,-0.1528,-18.94,-37.56,-4.87,224.37,-77.53,165.62
52.40184,-1.505021,154.21,6.87,6,58.59,20 / 21,320709,2019-09-06 20:58:25:716,-2.0426,-0.0136,9.9646,-0.0013,0.0001,9.8066,-0.1538,0.1765,-0.0852,-18.25,-37.44,-4.87,223.26,-77.49,165.39
52.40184,-1.505021,154.21,6.87,6,58.59,20 / 21,320809,2019-09-06 20:58:25:816,-1.7901,0.0925,9.7905,0.0104,0.0171,9.8066,0.0276,0.2184,-0.0765,-18.62,-38.44,-5.75,222.15,-77.51,165.24
52.40184,-1.505021,154.21,6.87,6,58.59,20 / 21,320909,2019-09-06 20:58:25:916,-1.7945,-0.0771,9.6118,-0.0181,-0.0131,9.8065,0.0065,0.2161,-0.0503,-18.37,-37.44,-5.87,220.74,-77.23,164.98
52.40184,-1.505021,154.21,6.87,6,58.59,20 / 21,321010,2019-09-06 20:58:26:017,-1.5621,0.713,9.9285,-0.0238,-0.0114,9.8065,0.0774,0.2487,-0.0825,-17.69,-37.62,-6.12,220.4,-77.27,164.94
52.40184,-1.505021,154.21,6.87,6,58.59,20 / 21,321110,2019-09-06 20:58:26:117,-2.3982,-0.2384,10.0422,0.031,0.0246,9.8065,0.0959,0.2245,-0.0945,-17.37,-38.69,-5.81,218.15,-77.15,164.34
52.40184,-1.505021,154.21,6.87,6,58.59,20 / 21,321210,2019-09-06 20:58:26:217,-1.6938,-0.0449,10.0363,0.0088,0.0092,9.8066,-0.0156,0.258,-0.0949,-17.06,-38.19,-7.56,214.69,-77.03,164.3
52.40184,-1.505021,154.21,6.87,6,58.59,20 / 21,321309,2019-09-06 20:58:26:316,-1.4702,0.7745,9.3614,-0.0137,-0.0168,9.8065,-0.0555,0.2904,-0.0341,-16.31,-38.12,-7.31,215.21,-77.04,164.64
52.40184,-1.505021,154.21,6.87,6,58.59,20 / 21,321410,2019-09-06 20:58:26:417,-1.7344,0.8679,8.9432,-0.0203,-0.0304,9.8065,0.0726,0.3055,0.0012,-15.69,-38.56,-7.81,213.22,-77.03,164.79
52.40184,-1.505021,154.21,6.87,6,58.59,20 / 21,321510,2019-09-06 20:58:26:517,-1.2706,0.7815,10.1582,0.0214,-0.0154,9.8065,0.0591,0.3022,-0.0131,-15.37,-38.25,-9.19,210.89,-77.31,165.51
52.40184,-1.505021,154.21,6.87,6,58.59,20 / 21,321610,2019-09-06 20:58:26:617,-0.6588,0.8906,9.9689,0.0112,-0.0174,9.8066,-0.1606,0.349,-0.0177,-15.12,-38.44,-9.19,212.31,-77.49,167.32
52.40184,-1.505021,154.21,6.87,6,58.59,20 / 21,321709,2019-09-06 20:58:26:716,-0.8999,0.7396,9.9225,0.0202,-0.0196,9.8065,-0.086,0.3166,0.0174,-15,-38.5,-9.06,213.4,-77.57,168.76
52.40184,-1.505021,154.21,6.87,6,58.59,20 / 21,321809,2019-09-06 20:58:26:816,-1.4399,-0.3561,10.0245,0.0171,-0.0017,9.8066,0.0565,0.3822,-0.0434,-15.31,-38.81,-9.87,212.75,-77.53,170.56
52.40184,-1.505021,154.21,6.87,6,58.59,20 / 21,321909,2019-09-06 20:58:26:916,-1.6183,0.6799,9.5356,-0.0078,0.0042,9.8066,0.0339,0.3317,-0.0673,-14.37,-38.25,-10.5,211.36,-77.5,170.79
52.40184,-1.505021,154.21,6.87,6,58.59,20 / 21,322010,2019-09-06 20:58:27:017,-1.6759,1.1637,9.7335,0.0019,-0.0098,9.8066,-0.0108,0.312,-0.0386,-13.44,-38.81,-9.81,208.98,-77.44,170.55
52.40184,-1.505021,154.21,6.87,6,58.59,20 / 21,322109,2019-09-06 20:58:27:116,-2.2061,0.0284,10.3381,0.0036,-0.0067,9.8066,-0.0513,0.3344,-0.0472,-13.81,-38.94,-10.5,211.21,-77.46,171.01
52.40184,-1.505021,154.21,6.87,6,58.59,20 / 21,322210,2019-09-06 20:58:27:217,-1.6253,-0.1301,9.65,0.0024,0.0097,9.8066,0.0271,0.3756,-0.0983,-12.56,-38.87,-11.19,207.99,-77.42,171.27
52.40184,-1.505021,154.21,6.87,6,58.59,20 / 21,322309,2019-09-06 20:58:27:316,-0.9353,1.0284,9.3878,-0.0269,0.0042,9.8065,-0.0193,0.3741,-0.1585,-12,-39.44,-10.56,205.49,-77.38,170.55
52.40184,-1.505021,154.21,6.87,6,58.59,20 / 21,322410,2019-09-06 20:58:27:417,-3.3748,-0.4555,10.371,-0.0161,-0.007,9.8066,0.2404,0.3787,-0.0015,-10.44,-39.37,-11.06,200.26,-77.35,169.03
52.40184,-1.505021,154.21,6.87,6,58.59,20 / 21,322510,2019-09-06 20:58:27:517,-2.3371,0.0619,11.5139,0.029,0.0424,9.8064,0.2478,0.3789,-0.0394,-10.25,-39.31,-11.12,200.81,-77.23,169.99
52.40184,-1.505021,154.21,6.87,6,58.59,20 / 21,322609,2019-09-06 20:58:27:616,-1.2453,0.4885,10.9899,0.0397,0.0509,9.8064,-0.0972,0.4215,-0.0859,-8.94,-39.31,-11.44,198.7,-76.99,170.41
52.40184,-1.505021,154.21,6.87,6,58.59,20 / 21,322709,2019-09-06 20:58:27:716,-1.3965,-0.0149,9.0876,0.0142,0.0334,9.8065,-0.0269,0.4036,-0.11,-8.5,-39.44,-11.31,196.88,-76.33,171.77
52.40184,-1.505021,154.21,6.87,6,58.59,20 / 21,322809,2019-09-06 20:58:27:816,-3.826,-0.2311,9.2594,0.0055,0.0549,9.8065,0.2359,0.468,-0.0355,-7.44,-39.62,-11.75,192.93,-75.66,171.47
52.40184,-1.505021,154.21,6.87,6,58.59,20 / 21,322909,2019-09-06 20:58:27:916,-4.5592,1.4034,10.0025,0.0094,0.0265,9.8065,0.1819,0.3605,-0.0827,-7,-39.31,-10.87,194.09,-75.3,171.84
52.40184,-1.505021,154.21,6.87,6,58.59,20 / 21,323010,2019-09-06 20:58:28:017,-3.0564,0.4015,10.129,0.0257,-0.0001,9.8065,-0.0825,0.3417,-0.0026,-6.19,-39.25,-10.69,191.78,-75.13,172.18
52.40184,-1.505021,154.21,6.87,6,58.59,19 / 20,323109,2019-09-06 20:58:28:116,-1.3839,-1.9521,10.0421,0.0173,-0.004,9.8066,-0.061,0.3759,-0.0766,-5.5,-40.19,-11,189.77,-74.98,173.38
52.40184,-1.505021,154.21,6.87,6,58.59,19 / 20,323209,2019-09-06 20:58:28:216,-3.1625,-0.7176,10.0454,0.0189,0.0066,9.8065,-0.0416,0.4266,-0.0528,-4.62,-40.06,-11.37,190.2,-74.79,174.26
52.40184,-1.505021,154.21,6.87,6,58.59,19 / 20,323310,2019-09-06 20:58:28:317,-2.5621,0.2421,10.4285,-0.0032,0.0175,9.8065,0.0078,0.4685,-0.145,-4.37,-39.81,-10.62,188.09,-74.69,175.13
52.40184,-1.505021,154.21,6.87,6,58.59,19 / 20,323409,2019-09-06 20:58:28:416,-2.3127,-1.6297,10.1618,0.0122,0.0174,9.8065,0.0175,0.4628,-0.0811,-4.06,-39.94,-10.69,188.1,-74.57,175.19
52.40184,-1.505021,154.21,6.87,6,58.59,19 / 20,323509,2019-09-06 20:58:28:516,-1.3802,-1.0566,9.6192,0.0226,-0.0154,9.8066,0.0293,0.3056,-0.0057,-2.81,-39.94,-10.62,185.97,-74.53,176.08
52.40184,-1.505021,154.21,6.87,6,58.59,19 / 20,323610,2019-09-06 20:58:28:617,-4.4497,0.0233,9.7893,0.0018,0.0071,9.8066,-0.0467,0.298,-0.0137,-2.12,-39.62,-10.25,183.99,-74.53,176.71
52.40184,-1.505021,154.21,6.87,6,58.59,19 / 20,323710,2019-09-06 20:58:28:717,-2.4181,-2.9627,9.2985,0.0133,-0.0229,9.8066,-0.1963,0.4181,-0.107,-1.31,-40.44,-10,181.52,-74.44,177.37
52.40184,-1.505021,154.21,6.87,6,58.59,19 / 20,323810,2019-09-06 20:58:28:817,-2.4881,-1.7689,9.9023,0.003,-0.0214,9.8066,0.1668,0.3743,-0.0855,-0.5,-39.69,-10.31,179.01,-74.56,177.99
52.40184,-1.505021,154.21,6.87,6,58.59,19 / 20,323910,2019-09-06 20:58:28:917,-2.7972,-1.5195,9.7898,0.016,0.0162,9.8066,0.1063,0.3682,-0.077,0,-39.69,-10.5,179.11,-74.47,178.18
52.40184,-1.505021,154.21,6.87,6,58.59,19 / 20,324009,2019-09-06 20:58:29:016,-2.2529,-2.0213,10.2346,0.0206,0.0158,9.8065,-0.0501,0.3196,-0.0603,0.56,-39.81,-9.31,176.85,-74.35,179.54
52.40184,-1.505021,154.21,6.87,6,58.59,19 / 20,324109,2019-09-06 20:58:29:116,-1.0268,-1.6256,10.1676,0.0024,0.0091,9.8066,-0.0335,0.2627,-0.1086,1.31,-40.12,-8.94,177,-74.32,179.87
52.40184,-1.505021,154.21,6.87,6,58.59,19 / 20,324210,2019-09-06 20:58:29:217,-1.8185,-1.3235,9.846,0.0222,0.0333,9.8065,0.0348,0.2442,-0.0872,1.69,-40.37,-9.44,174.22,-74.34,-179.82
52.40184,-1.505021,154.21,6.87,6,58.59,19 / 20,324309,2019-09-06 20:58:29:316,-1.788,-1.1885,9.339,0.0306,0.0113,9.8065,-0.0462,0.3154,-0.0212,2.19,-39.75,-8.19,174.58,-74.14,-178.38
52.40184,-1.505021,154.21,6.87,6,58.59,19 / 20,324409,2019-09-06 20:58:29:416,0.043,-1.7996,9.5087,0.0124,0.0031,9.8066,-0.0456,0.3357,-0.0299,2.75,-40.75,-7.81,172.32,-74.09,-176.97
52.40184,-1.505021,154.21,6.87,6,58.59,19 / 20,324509,2019-09-06 20:58:29:516,-1.1314,-0.8532,9.2449,0.0148,-0.0225,9.8066,-0.0578,0.2913,-0.0227,2.69,-39.94,-8.31,172.44,-74.21,-176.38
52.40184,-1.505021,154.21,6.87,6,58.59,19 / 20,324610,2019-09-06 20:58:29:617,0.411,-0.469,8.0396,0.0531,-0.0789,9.8061,0.1579,0.0732,0.2075,3.13,-39.5,-7.94,172.9,-74.75,-174.84
52.40184,-1.505021,154.21,6.87,6,58.59,19 / 20,324710,2019-09-06 20:58:29:717,-1.8072,-1.2711,8.6283,0.0054,-0.0512,9.8065,0.0624,0.3769,-0.2547,2.88,-39.94,-8.12,172.74,-75.31,-175.09
52.40184,-1.505021,154.21,6.87,6,58.59,19 / 20,324810,2019-09-06 20:58:29:817,0.0547,-0.9549,9.2812,-0.0039,-0.0753,9.8063,-0.1806,0.1714,-0.1704,3.5,-39.5,-8.87,170.37,-75.85,-174.72
52.40184,-1.505021,154.21,6.87,6,58.59,19 / 20,324910,2019-09-06 20:58:29:917,-0.7009,-0.9077,9.9248,-0.0202,-0.0234,9.8065,-0.1389,0.1616,-0.0934,4.13,-40,-9.5,169.87,-76.88,-175.26
52.40184,-1.505021,154.21,6.87,6,58.59,19 / 20,325010,2019-09-06 20:58:30:017,0.6629,-1.879,9.3638,-0.0209,-0.0218,9.8066,-0.1648,0.1293,-0.0431,4.31,-38.62,-9.44,168.49,-77.53,-177.11
52.40184,-1.505021,154.21,6.87,6,58.59,20 / 21,325110,2019-09-06 20:58:30:117,0.4904,-3.6717,10.2113,-0.0189,-0.0761,9.8063,-0.0803,0.1364,-0.0554,5.06,-39.19,-10,165.7,-77.9,-177.85
52.40184,-1.505021,154.21,6.87,6,58.59,20 / 21,325209,2019-09-06 20:58:30:216,-0.4962,-1.207,8.9051,-0.0042,-0.0412,9.8065,0.1504,0.0751,-0.0316,5.06,-39.25,-9.56,164.43,-78.15,-179.79
52.40184,-1.505021,154.21,6.87,6,58.59,20 / 21,325310,2019-09-06 20:58:30:317,0.176,-0.5928,9.4186,-0.0144,0.0431,9.8065,0.0843,0.0311,0.0257,5.25,-38.94,-10.25,163.97,-78.3,179.57
52.40184,-1.505021,154.21,6.87,6,58.59,20 / 21,325410,2019-09-06 20:58:30:417,0.3188,-0.9322,9.5985,-0.0178,0.0273,9.8065,-0.038,0.0378,-0.0244,5.56,-38.94,-9.69,160.99,-77.92,179.14
52.40184,-1.505021,154.21,6.87,6,58.59,20 / 21,325510,2019-09-06 20:58:30:517,0.993,-0.4741,10.116,-0.0057,-0.0166,9.8066,-0.0135,0.0286,-0.0309,5.75,-39.06,-9.37,159.78,-77.96,178.77
52.40184,-1.505021,154.21,6.87,6,58.59,20 / 21,325610,2019-09-06 20:58:30:617,-0.0961,-0.8614,9.7125,-0.0175,-0.022,9.8066,-0.0429,0.0246,-0.0165,5.63,-39.06,-9.94,159.62,-78.13,177.1
52.40184,-1.505021,154.21,6.87,6,58.59,20 / 21,325710,2019-09-06 20:58:30:717,-0.0823,-1.1426,10.1072,-0.0145,-0.0076,9.8066,-0.0323,-0.002,-0.0275,5.81,-39.31,-9.75,158.93,-78.24,176.07
52.40184,-1.505021,154.21,6.87,6,58.59,20 / 21,325809,2019-09-06 20:58:30:816,-0.0038,-1.7943,9.7996,-0.0089,0.0039,9.8066,0.0077,-0.0294,0.0341,5.63,-38.31,-9.81,158.09,-78.34,175.2
52.40184,-1.505021,154.21,6.87,6,58.59,20 / 21,325909,2019-09-06 20:58:30:916,0.3775,-1.5509,9.5122,0.0152,-0.025,9.8066,-0.0368,-0.0102,0.0188,6.31,-39.12,-9.75,158.35,-78.28,175.17
52.40184,-1.505021,154.21,6.87,6,58.59,20 / 21,326009,2019-09-06 20:58:31:016,0.467,-1.1276,9.7231,0.0202,-0.0258,9.8065,0.0578,-0.0386,0.0556,5.38,-38.75,-10.56,162.38,-78.47,175.87
52.40184,-1.505021,154.21,6.87,6,58.59,20 / 21,326110,2019-09-06 20:58:31:117,0.5685,-1.423,10.0336,-0.0073,0.0204,9.8066,0.0546,-0.0316,-0.0034,5.56,-38.5,-9.44,157.58,-78.54,176.19
52.40184,-1.505021,154.21,6.87,6,58.59,20 / 21,326209,2019-09-06 20:58:31:216,0.8752,-1.9059,10.1051,-0.0114,0.0159,9.8066,-0.0536,-0.0226,-0.0034,5.94,-39.12,-9.62,158.76,-78.59,176.2
52.40184,-1.505021,154.21,6.87,6,58.59,20 / 21,326309,2019-09-06 20:58:31:316,0.5424,-2.5497,9.7634,0.0036,-0.022,9.8066,-0.071,-0.0197,0.022,5.5,-39.44,-10.5,158.47,-78.56,175.69
52.40184,-1.505021,154.21,6.87,6,58.59,20 / 21,326410,2019-09-06 20:58:31:417,0.6939,-2.54,9.7782,-0.0004,-0.0168,9.8066,0.0187,-0.0289,-0.0001,5.5,-38.62,-10.75,158.95,-78.73,175.29
52.40184,-1.505021,154.21,6.87,6,58.59,20 / 21,326509,2019-09-06 20:58:31:516,0.788,-2.5811,10.029,0.002,-0.003,9.8065,0.0027,-0.0198,0.0008,5.38,-38.81,-9.87,160.95,-78.8,175.04
52.40184,-1.505021,154.21,6.87,6,58.59,20 / 21,326610,2019-09-06 20:58:31:617,0.2959,-2.449,9.5379,-0.003,0.0043,9.8066,0.0481,-0.0225,0.0469,5.44,-38.94,-10.06,161.01,-78.77,175.12
52.40184,-1.505021,154.21,6.87,6,58.59,20 / 21,326709,2019-09-06 20:58:31:716,0.496,-2.3967,9.534,-0.0031,-0.0017,9.8066,0.0406,-0.0128,-0.0071,5.31,-39.56,-9.87,161.37,-78.6,175.19
52.40184,-1.505021,154.21,6.87,6,58.59,20 / 21,326809,2019-09-06 20:58:31:816,0.4271,-2.151,9.4022,-0.0019,-0.0094,9.8066,0.0199,-0.0231,0.0047,4.81,-38.81,-10.75,161.82,-78.51,175.01
52.40184,-1.505021,154.21,6.87,6,58.59,20 / 21,326909,2019-09-06 20:58:31:916,0.3535,-1.8639,9.575,0.004,0.0043,9.8066,0.0287,-0.0164,0.0296,4.75,-38.94,-10.12,161,-78.58,174.9
52.40184,-1.505021,154.21,6.87,6,58.59,20 / 21,327010,2019-09-06 20:58:32:017,0.568,-2.4447,9.7739,0.0033,0.0013,9.8066,-0.0164,-0.0022,0.0273,4.75,-38.94,-9.81,161.15,-78.65,175.22
52.40184,-1.505021,154.21,6.87,6,58.59,19 / 21,327110,2019-09-06 20:58:32:117,0.9582,-2.2544,10.1517,0.0092,-0.0006,9.8066,0.0018,-0.0305,0.0515,4.5,-39.06,-9.81,161.43,-78.73,175.77
52.40184,-1.505021,154.21,6.87,6,58.59,19 / 21,327209,2019-09-06 20:58:32:216,0.8769,-2.0791,10.3021,0.0039,0.0002,9.8066,0.0118,-0.0231,0.0076,4.56,-39.06,-10.44,161.74,-78.78,176.32
52.40184,-1.505021,154.21,6.87,6,58.59,19 / 21,327309,2019-09-06 20:58:32:316,0.7927,-2.0796,9.7792,-0.0006,-0.0036,9.8066,-0.0116,-0.02,0.0099,4.69,-38.87,-10.19,161.63,-78.83,176.21
52.40184,-1.505021,154.21,6.87,6,58.59,19 / 21,327410,2019-09-06 20:58:32:417,0.6787,-2.0847,9.7353,-0.0052,-0.0048,9.8066,-0.0058,-0.02,0.0072,4.56,-39.19,-10.19,161.39,-78.89,175.87
52.40184,-1.505021,154.21,6.87,6,58.59,19 / 21,327509,2019-09-06 20:58:32:516,0.3859,-2.116,9.7925,-0.0018,-0.0014,9.8066,-0.0264,-0.0157,-0.0132,4.5,-38.87,-10.31,160.98,-79,175.32
52.40184,-1.505021,154.21,6.87,6,58.59,19 / 21,327610,2019-09-06 20:58:32:617,0.5268,-2.1987,9.7541,0.004,0.0069,9.8066,0.0208,-0.021,0.0596,4.88,-38.69,-10.06,160.94,-79.08,175.34
52.40184,-1.505021,154.21,6.87,6,58.59,19 / 21,327709,2019-09-06 20:58:32:716,0.3818,-2.0108,9.6881,0.0072,-0.006,9.8066,0.0175,-0.0232,0.0208,4.94,-38.94,-10,161.26,-79.05,175.82
52.40184,-1.505021,154.21,6.87,6,58.59,19 / 21,327810,2019-09-06 20:58:32:817,0.7464,-1.2298,9.9655,0.0093,0.0063,9.8066,0.0139,-0.0109,0.025,4.25,-39,-9.62,164.89,-79.06,176.62
52.40184,-1.505021,154.21,6.87,6,58.59,19 / 21,327910,2019-09-06 20:58:32:917,0.6792,-0.7397,10.0334,-0.0004,0.0124,9.8066,0.039,-0.0093,0.038,4.38,-39.37,-10.56,165.85,-78.97,177.11
52.40184,-1.505021,154.21,6.87,6,58.59,19 / 21,328009,2019-09-06 20:58:33:016,0.503,-0.8592,9.8841,-0.0081,0.0102,9.8065,0.0176,-0.0201,0.0005,4.06,-39.81,-10.31,165.38,-78.79,176.93
52.40184,-1.505021,154.21,6.87,6,58.59,20 / 22,328110,2019-09-06 20:58:33:117,0.3141,-0.7941,9.6286,-0.004,-0.0021,9.8066,0.0273,-0.0257,0.0109,4.25,-39.5,-10.44,165.14,-78.69,176.72
52.40184,-1.505021,154.21,6.87,6,58.59,20 / 22,328209,2019-09-06 20:58:33:216,0.4994,-0.8542,9.6453,-0.0053,-0.01,9.8066,-0.01,-0.0187,-0.0095,4,-38.94,-9.56,165,-78.66,176.44
52.40184,-1.505021,154.21,6.87,6,58.59,20 / 22,328310,2019-09-06 20:58:33:317,0.6851,-0.95,9.6972,0.0027,0,9.8066,-0.0034,-0.059,0.0209,4,-39.44,-9.69,164.62,-78.76,175.9
52.40184,-1.505021,154.21,6.87,6,58.59,20 / 22,328410,2019-09-06 20:58:33:417,0.6757,-1.3875,9.8849,-0.0008,0.0001,9.8066,-0.0047,-0.0179,0.0181,4.19,-39.37,-9.5,163.98,-78.79,175.96
52.40184,-1.505021,154.21,6.87,6,58.59,20 / 22,328510,2019-09-06 20:58:33:517,0.7636,-1.788,9.9341,-0.0006,-0.0076,9.8066,0.0017,-0.0362,0.0326,4.44,-39.81,-9.56,164.75,-78.81,175.89
52.40184,-1.505021,154.21,6.87,6,58.59,20 / 22,328610,2019-09-06 20:58:33:617,0.5572,-1.7007,9.9058,-0.0039,-0.0087,9.8066,0.01,-0.0198,0.006,3.94,-39.5,-10.37,164.3,-78.9,175.49
52.40184,-1.505021,154.21,6.87,6,58.59,20 / 22,328710,2019-09-06 20:58:33:717,0.4633,-1.7151,9.9547,-0.0048,0.0036,9.8066,0.0123,-0.0306,0.0011,4.19,-39.81,-9.81,164.37,-78.92,175.35
52.40184,-1.505021,154.21,6.87,6,58.59,20 / 22,328810,2019-09-06 20:58:33:817,0.5242,-1.6551,9.9159,-0.0025,0.0038,9.8066,0.0043,-0.0286,0.0139,4.13,-40.25,-9.94,164.28,-78.93,175.2
52.40184,-1.505021,154.21,6.87,6,58.59,20 / 22,328909,2019-09-06 20:58:33:916,0.4352,-1.2067,9.8565,0.0013,-0.0038,9.8066,-0.0026,-0.0188,0.008,4.56,-40.19,-9.87,161.08,-78.93,175.08
52.40184,-1.505021,154.21,6.87,6,58.59,20 / 22,329009,2019-09-06 20:58:34:016,0.3193,-1.088,9.759,-0.0002,-0.002,9.8065,0.023,-0.021,0.0216,3.81,-39.81,-10.44,164.17,-78.96,175.04
52.40218,-1.505014,154.47,0,4,330.88,20 / 22,329110,2019-09-06 20:58:34:117,0.5463,-1.0576,9.9343,-0.0002,-0.002,9.8066,0.0114,-0.0121,0.0058,3.94,-39.12,-9.69,163.99,-78.98,175.05
52.40218,-1.505014,154.47,0,4,330.88,20 / 22,329209,2019-09-06 20:58:34:216,0.6487,-1.1756,10.0619,-0.0042,-0.0051,9.8066,0.0145,-0.0102,0.0002,4.19,-39.5,-10.12,163.89,-79.06,174.96
52.40218,-1.505014,154.47,0,4,330.88,20 / 22,329310,2019-09-06 20:58:34:317,0.5832,-1.1968,10.0379,-0.0049,-0.0054,9.8066,0.0047,-0.021,-0.0128,3.69,-39.12,-10.25,163.52,-79.15,174.44
52.40218,-1.505014,154.47,0,4,330.88,20 / 22,329409,2019-09-06 20:58:34:416,0.7373,-1.2818,9.8101,-0.0022,-0.0087,9.8065,-0.0075,-0.0011,-0.0054,3.63,-39.12,-10.12,163.23,-79.21,174.01
52.40218,-1.505014,154.47,0,4,330.88,20 / 22,329509,2019-09-06 20:58:34:516,0.3298,-1.1042,9.7518,-0.0038,-0.0083,9.8066,0.0079,-0.0135,-0.0151,4.31,-39.06,-9.94,162.89,-79.3,173.55
52.40218,-1.505014,154.47,0,4,330.88,20 / 22,329609,2019-09-06 20:58:34:616,0.6365,-0.9047,9.9086,-0.0002,-0.004,9.8066,0.0044,-0.0225,-0.002,4.19,-39,-9.62,162.73,-79.33,173.32
52.40218,-1.505014,154.47,0,4,330.88,20 / 22,329710,2019-09-06 20:58:34:717,0.5654,-0.8309,9.8755,-0.0018,-0.0044,9.8065,-0.0026,-0.0179,0.0006,4.19,-38.87,-9.75,162.62,-79.38,173.18
52.40218,-1.505014,154.47,0,4,330.88,20 / 22,329809,2019-09-06 20:58:34:816,0.5569,-0.7753,9.755,-0.0013,-0.0051,9.8066,0.0196,-0.0124,0.009,3.75,-38.75,-9.75,162.45,-79.44,172.97
52.40218,-1.505014,154.47,0,4,330.88,20 / 22,329910,2019-09-06 20:58:34:917,0.6783,-1.1968,9.7606,-0.0029,-0.008,9.8066,-0.0199,-0.0132,-0.0033,4.13,-39.12,-9.81,162.18,-79.52,172.61
52.40218,-1.505014,154.47,0,4,330.88,20 / 22,330010,2019-09-06 20:58:35:017,0.5127,-0.9669,9.771,-0.0028,-0.0031,9.8066,-0.0084,-0.0054,0.0119,4.06,-38.94,-10,162.06,-79.57,172.48
52.40218,-1.505014,154.47,0,4,330.88,20 / 22,330111,2019-09-06 20:58:35:118,0.4969,-1.3269,9.7683,-0.0016,-0.0036,9.8066,0.0343,-0.0037,0.0039,4.44,-39.12,-9.69,161.86,-79.62,172.2
52.40218,-1.505014,154.47,0,4,330.88,20 / 22,330209,2019-09-06 20:58:35:216,0.415,-1.0491,9.8224,-0.005,-0.0076,9.8066,0.021,-0.0163,-0.0227,3.63,-39.12,-9.5,161.08,-79.64,171.96
52.40218,-1.505014,154.47,0,4,330.88,20 / 22,330310,2019-09-06 20:58:35:317,0.4868,-0.7183,9.815,0.0003,-0.0045,9.8066,-0.0073,-0.0132,0.0015,4,-39.06,-9.56,161.47,-79.7,171.65
52.40218,-1.505014,154.47,0,4,330.88,20 / 22,330410,2019-09-06 20:58:35:417,0.5417,-0.9635,9.8744,-0.0008,-0.0027,9.8066,0.0106,0.0003,0.0203,4.44,-39.69,-9.87,161.54,-79.78,171.56
52.40218,-1.505014,154.47,0,4,330.88,20 / 22,330510,2019-09-06 20:58:35:517,0.6519,-0.8281,9.8378,-0.0028,-0.0045,9.8066,-0.0068,-0.0189,-0.0156,3.75,-40,-9.31,160.7,-79.85,171.24
52.40218,-1.505014,154.47,0,4,330.88,20 / 22,330609,2019-09-06 20:58:35:616,0.6525,-0.8778,9.784,0.0031,-0.0079,9.8066,0.0004,-0.0022,-0.0029,3.5,-39.44,-9.81,161.03,-79.94,171.22
52.40218,-1.505014,154.47,0,4,330.88,20 / 22,330709,2019-09-06 20:58:35:716,0.5404,-0.5242,9.8227,0.0029,-0.0076,9.8066,0.0049,0.0008,0.0287,3.56,-38.69,-10.44,160.96,-80.06,171.25
52.40218,-1.505014,154.47,0,4,330.88,20 / 22,330809,2019-09-06 20:58:35:816,0.4947,-0.9223,9.9143,-0.0032,-0.0074,9.8066,0,-0.015,-0.0036,3.63,-39.56,-10.25,161.01,-80.12,171.09
52.40218,-1.505014,154.47,0,4,330.88,20 / 22,330909,2019-09-06 20:58:35:916,0.4194,-0.5764,9.9066,0.0002,-0.0028,9.8065,-0.0038,0.0071,-0.0018,3.5,-39.25,-10.56,161.12,-80.21,170.77
52.40218,-1.505014,154.47,0,4,330.88,20 / 22,331010,2019-09-06 20:58:36:017,0.5477,-0.7209,9.8377,0.0005,-0.014,9.8066,-0.0009,0.0054,0.013,3.75,-38.94,-10.37,160.43,-80.29,170.66
52.40218,-1.505014,154.47,0,4,330.88,20 / 22,331109,2019-09-06 20:58:36:116,0.5669,-0.3929,9.7928,-0.0002,-0.0138,9.8066,-0.0017,-0.0112,-0.0176,4.13,-39.19,-10.19,160.07,-80.46,170.29
52.40218,-1.505014,154.47,0,4,330.88,20 / 22,331210,2019-09-06 20:58:36:217,0.5596,-0.5883,9.9256,0.0009,-0.0027,9.8066,0.0114,-0.0215,0.0014,4,-38.75,-10.12,159.9,-80.54,170.13
52.40218,-1.505014,154.47,0,4,330.88,20 / 22,331309,2019-09-06 20:58:36:316,0.5994,-0.8421,9.898,0.0023,-0.0064,9.8065,0.0142,0.0009,-0.0005,3.69,-39.25,-10.12,159.78,-80.66,170.09
52.40218,-1.505014,154.47,0,4,330.88,20 / 22,331410,2019-09-06 20:58:36:417,0.4184,-0.1544,9.7945,0.001,-0.0031,9.8066,0.0272,0.0086,0.0084,3.75,-38.5,-10.19,159.49,-80.76,170.07
52.40218,-1.505014,154.47,0,4,330.88,20 / 22,331509,2019-09-06 20:58:36:516,0.6968,-0.6984,9.9545,0.0009,-0.0046,9.8066,-0.019,0.0047,-0.0043,4.25,-39,-10.62,160.19,-80.86,170.07
52.40218,-1.505014,154.47,0,4,330.88,20 / 22,331610,2019-09-06 20:58:36:617,0.4368,-0.2422,9.7867,0.0026,-0.0107,9.8066,-0.0137,-0.0098,-0.0079,3.69,-39,-10.5,159.38,-80.98,169.86
52.40218,-1.505014,154.47,0,4,330.88,20 / 22,331710,2019-09-06 20:58:36:717,0.2882,0.3,9.8202,0.0032,-0.01,9.8066,-0.0023,-0.015,-0.002,3.88,-39,-10.37,159.26,-81.11,169.84
52.40218,-1.505014,154.47,0,4,330.88,20 / 22,331809,2019-09-06 20:58:36:816,0.4851,0.0983,9.7303,0.0034,-0.0061,9.8066,0.002,0.0001,-0.0012,3.88,-38.81,-10.62,159.82,-81.18,169.86
52.40218,-1.505014,154.47,0,4,330.88,20 / 22,331909,2019-09-06 20:58:36:916,0.3895,0.0771,9.7449,0.0042,-0.0088,9.8066,-0.0014,0.0015,0.0066,3.88,-38.94,-10.06,159.19,-81.32,170
52.40218,-1.505014,154.47,0,4,330.88,20 / 22,332010,2019-09-06 20:58:37:017,0.419,-0.0032,10.0003,0.0012,-0.0024,9.8066,0.0039,0.0112,-0.0063,3.94,-39.25,-10.12,159.1,-81.4,169.95
52.40218,-1.505014,154.47,0,4,330.88,20 / 22,332110,2019-09-06 20:58:37:117,0.4189,0.1298,9.7751,0.0022,-0.0025,9.8066,0.0128,-0.0212,0.0069,3.56,-39.37,-10.44,159.06,-81.46,169.99
52.40218,-1.505014,154.47,0,4,330.88,20 / 22,332210,2019-09-06 20:58:37:217,0.3396,0.128,9.7992,0.0026,-0.0077,9.8066,0.0025,-0.0078,-0.0124,4.13,-39.25,-10.37,158.94,-81.57,169.94
52.40218,-1.505014,154.47,0,4,330.88,20 / 22,332309,2019-09-06 20:58:37:316,0.4286,-0.1019,9.8523,0.0041,-0.0026,9.8066,0.004,0.0023,0.011,3.94,-39.19,-10.06,158.96,-81.68,170.11
52.40218,-1.505014,154.47,0,4,330.88,20 / 22,332410,2019-09-06 20:58:37:417,0.3865,0.0484,9.8055,0.0031,-0.0084,9.8066,-0.0135,0.0098,-0.0014,3.44,-38.87,-10.5,162.55,-81.76,170.17
52.40218,-1.505014,154.47,0,4,330.88,20 / 22,332510,2019-09-06 20:58:37:517,0.3855,0.1063,9.9461,0.0029,-0.006,9.8065,0.0025,-0.0139,-0.0003,3.94,-39.12,-10.62,159.57,-81.87,170.25
52.40218,-1.505014,154.47,0,4,330.88,20 / 22,332610,2019-09-06 20:58:37:617,0.3613,-0.006,9.8293,0.0019,-0.0049,9.8066,-0.0095,-0.0222,-0.0086,3.56,-38.94,-10.31,158.86,-81.95,170.29
52.40218,-1.505014,154.47,0,4,330.88,20 / 22,332710,2019-09-06 20:58:37:717,0.2327,0.146,9.9148,0.0045,-0.0044,9.8066,0.0162,0.0059,0.0104,3.56,-39.31,-10.31,158.84,-82.01,170.35
52.40218,-1.505014,154.47,0,4,330.88,20 / 22,332810,2019-09-06 20:58:37:817,0.4996,0.1835,9.8601,0.0012,-0.0063,9.8066,0.0014,0.0167,0.0098,3.75,-39,-9.87,158.91,-82.1,170.57
52.40218,-1.505014,154.47,0,4,330.88,20 / 22,332910,2019-09-06 20:58:37:917,0.3395,0.0428,9.78,0.0025,-0.0034,9.8066,0.0105,-0.0003,0.0056,3.63,-39.37,-10.31,158.81,-82.2,170.55
52.40218,-1.505014,154.47,0,4,330.88,20 / 22,333009,2019-09-06 20:58:38:016,0.2816,0.1597,9.9147,0.0021,-0.0038,9.8066,0.0047,-0.0204,-0.0023,3.5,-38.5,-9.62,158.64,-82.26,170.64
52.40218,-1.505014,154.47,0,4,330.88,20 / 22,333109,2019-09-06 20:58:38:116,0.4688,0.2086,9.8981,0.0024,-0.0018,9.8066,-0.0113,-0.0122,-0.0079,3.69,-39.5,-10.25,158.84,-82.33,170.75
52.40218,-1.505014,154.47,0,4,330.88,20 / 22,333209,2019-09-06 20:58:38:216,0.3784,0.0859,9.7661,0.0034,-0.0075,9.8066,-0.0134,-0.0122,0.0028,3.69,-39.37,-10.5,158.89,-82.39,170.91
52.40218,-1.505014,154.47,0,4,330.88,20 / 22,333310,2019-09-06 20:58:38:317,0.1937,0.2272,9.8691,0.004,-0.0073,9.8066,0.0232,0.008,0.0043,3.88,-38.94,-10.37,158.87,-82.44,170.94
52.40218,-1.505014,154.47,0,4,330.88,20 / 22,333409,2019-09-06 20:58:38:416,0.3906,0.3018,9.9357,0.0013,-0.0032,9.8066,0.0084,0.0124,0.0065,3.75,-39.19,-10.94,159.61,-82.55,171.08
52.40218,-1.505014,154.47,0,4,330.88,20 / 22,333509,2019-09-06 20:58:38:516,0.3734,-0.0084,9.8128,0.0029,-0.0003,9.8066,0.0077,0.0129,0.0175,3.56,-39.37,-10.5,158.91,-82.62,171.22
52.40218,-1.505014,154.47,0,4,330.88,20 / 22,333609,2019-09-06 20:58:38:616,0.1826,0.302,9.7863,0.0017,-0.0061,9.8066,-0.0064,0.0091,0.0105,3.63,-39.25,-10.62,159.63,-82.68,171.25
52.40218,-1.505014,154.47,0,4,330.88,20 / 22,333710,2019-09-06 20:58:38:717,0.2976,0.3455,9.9186,0.0029,-0.0047,9.8066,-0.0076,-0.0124,-0.0017,3.75,-39.25,-10.25,158.83,-82.76,171.29
52.40218,-1.505014,154.47,0,4,330.88,20 / 22,333810,2019-09-06 20:58:38:817,0.356,0.0442,9.8935,0.0027,-0.0064,9.8066,-0.0308,-0.0177,-0.0074,3.56,-38.69,-10.69,159.58,-82.8,171.32
52.40218,-1.505014,154.47,0,4,330.88,20 / 22,333909,2019-09-06 20:58:38:916,0.2188,0.2569,9.674,0.0032,-0.0055,9.8066,0.0205,-0.0365,-0.0026,4,-38.94,-10.44,158.84,-82.85,171.42
52.40218,-1.505014,154.47,0,4,330.88,20 / 22,334010,2019-09-06 20:58:39:017,0.1957,0.4502,9.8577,0.0009,0.0009,9.8066,-0.0093,0.0149,0.0223,3.63,-38.81,-10.69,159.57,-82.94,171.46
52.40218,-1.505014,154.47,0,4,330.88,20 / 22,334110,2019-09-06 20:58:39:117,0.1679,0.2592,9.9173,0.0034,0.0012,9.8065,-0.0138,-0.0011,-0.0102,3.88,-39.06,-9.87,158.94,-82.98,171.73
52.40218,-1.505014,154.47,0,4,330.88,20 / 22,334209,2019-09-06 20:58:39:216,0.2841,0.1821,9.7636,0.0017,-0.0076,9.8066,0.0063,-0.0303,0.0037,3.44,-39.06,-10.12,162.66,-83.03,171.71
52.40218,-1.505014,154.47,0,4,330.88,20 / 22,334310,2019-09-06 20:58:39:317,0.2095,0.3788,9.7675,0.0042,-0.0062,9.8066,0.0099,-0.0218,-0.0206,3.88,-39,-10.87,159.7,-83.11,171.84
52.40218,-1.505014,154.47,0,4,330.88,20 / 22,334409,2019-09-06 20:58:39:416,0.1751,0.33,9.9271,0.0007,-0.0005,9.8066,-0.0027,-0.0131,0.0057,3.25,-39.25,-10.62,163.18,-83.15,171.77
52.40218,-1.505014,154.47,0,4,330.88,20 / 22,334510,2019-09-06 20:58:39:517,0.3674,0.152,9.8298,0.0005,-0.0011,9.8066,-0.0018,0.0036,-0.0042,4,-39,-10.19,158.85,-83.19,171.87
52.40218,-1.505014,154.47,0,4,330.88,20 / 22,334609,2019-09-06 20:58:39:616,0.2808,0.2828,9.8088,0.0007,-0.0016,9.8066,0.0112,0.0134,0.0125,3.75,-39.12,-10.25,158.77,-83.25,171.83
52.40218,-1.505014,154.47,0,4,330.88,20 / 22,334710,2019-09-06 20:58:39:717,0.1921,0.6411,9.8128,-0.0004,-0.0005,9.8066,0.0129,0.0216,0.0087,3.31,-39.31,-10.62,163.18,-83.28,171.89
52.40218,-1.505014,154.47,0,4,330.88,20 / 22,334810,2019-09-06 20:58:39:817,0.3192,0.2593,9.8808,0.003,-0.0029,9.8066,-0.0101,0.0086,0.0089,3.5,-38.94,-10.37,158.82,-83.3,171.97
52.40218,-1.505014,154.47,0,4,330.88,20 / 22,334910,2019-09-06 20:58:39:917,0.265,0.2194,9.8011,0.0029,-0.0061,9.8066,0.0036,0.0002,-0.002,3.31,-39.44,-10.56,163.34,-83.35,172.18
52.40218,-1.505014,154.47,0,4,330.88,20 / 22,335009,2019-09-06 20:58:40:016,0.2023,0.5575,9.7918,0.002,0.0022,9.8066,-0.0199,-0.0138,-0.0091,3.94,-39.06,-10.19,158.94,-83.37,172.23
52.40218,-1.505014,154.47,0,4,330.88,20 / 22,335109,2019-09-06 20:58:40:116,0.2926,0.296,9.959,0,-0.0005,9.8065,0.0028,-0.029,-0.0075,3.81,-39.37,-10.31,159.04,-83.4,172.4
52.40218,-1.505014,154.47,0,4,330.88,20 / 22,335209,2019-09-06 20:58:40:216,0.1336,0.2355,9.9378,0.0024,-0.0047,9.8066,0.0208,-0.0329,-0.0094,4.44,-39.19,-10.56,159.9,-83.42,172.46
52.40218,-1.505014,154.47,0,4,330.88,20 / 22,335310,2019-09-06 20:58:40:317,0.335,0.3277,9.8304,-0.001,-0.0025,9.8066,0.022,-0.0205,-0.0104,3.5,-39.06,-10,159.11,-83.48,172.59
52.40218,-1.505014,154.47,0,4,330.88,20 / 22,335410,2019-09-06 20:58:40:417,0.2308,0.6152,9.8696,-0.0008,0.0034,9.8066,-0.0009,0.0054,-0.0042,3.38,-39.06,-10.56,163.56,-83.49,172.6
52.40218,-1.505014,154.47,0,4,330.88,20 / 22,335509,2019-09-06 20:58:40:516,0.2442,0.3288,9.8861,0.0036,-0.0089,9.8066,-0.0073,0.0067,0.0135,3.13,-39.25,-10.31,163.08,-83.48,172.79
52.40218,-1.505014,154.47,0,4,330.88,20 / 22,335609,2019-09-06 20:58:40:616,0.3977,0.208,9.8788,0.0014,-0.0072,9.8066,0.0116,0.0191,0.0102,3.56,-39.62,-10.06,159.41,-83.54,172.87
52.40218,-1.505014,154.47,0,4,330.88,20 / 22,335709,2019-09-06 20:58:40:716,0.0781,0.4713,9.8243,-0.0014,0.0061,9.8066,0.0083,0.0087,0.0187,3.81,-38.5,-10.56,160.11,-83.56,173.08
52.40218,-1.505014,154.47,0,4,330.88,20 / 22,335809,2019-09-06 20:58:40:816,0.2449,0.5878,9.7604,-0.0006,0.0025,9.8066,-0.0072,0.0081,0.0043,3.5,-39.06,-10.5,159.38,-83.54,173.05
52.40218,-1.505014,154.47,0,4,330.88,20 / 22,335909,2019-09-06 20:58:40:916,0.2758,0.2198,9.8957,0.0004,-0.0043,9.8066,-0.0024,-0.0114,0.0051,3.75,-39.06,-10.31,159.55,-83.56,173.3
52.40218,-1.505014,154.47,0,4,330.88,20 / 22,336009,2019-09-06 20:58:41:016,0.1681,0.3113,9.7969,0.0012,-0.003,9.8066,-0.0142,-0.0249,-0.0074,3.94,-38.69,-10.37,159.48,-83.58,173.23
52.40218,-1.505014,154.47,0,4,330.88,20 / 22,336109,2019-09-06 20:58:41:116,0.2412,0.3478,9.7385,0.0007,-0.0027,9.8066,-0.0134,-0.0296,-0.0092,3.69,-38.69,-10.25,159.54,-83.61,173.35
52.40218,-1.505014,154.47,0,4,330.88,20 / 22,336210,2019-09-06 20:58:41:217,0.1625,0.3123,9.9196,0.0031,-0.0042,9.8065,0.0269,-0.0168,0.002,3.44,-38.81,-10.31,163.45,-83.64,173.47
52.40218,-1.505014,154.47,0,4,330.88,20 / 22,336309,2019-09-06 20:58:41:316,0.1788,0.2343,9.8448,-0.0003,0.004,9.8066,0.0208,0.0031,0.0042,4,-38.94,-10.19,159.77,-83.65,173.72
52.40218,-1.505014,154.47,0,4,330.88,20 / 22,336410,2019-09-06 20:58:41:417,0.2845,0.2987,9.7692,0.0013,0.0047,9.8066,-0.0103,0.0171,0.0139,3.88,-39.25,-10.5,159.97,-83.64,173.98
52.40218,-1.505014,154.47,0,4,330.88,20 / 22,336510,2019-09-06 20:58:41:517,0.0469,0.3514,9.8508,0.0012,-0.0059,9.8065,-0.0047,0.0181,0.005,4.13,-39.06,-10.62,160.97,-83.66,174.17
52.40218,-1.505014,154.47,0,4,330.88,20 / 22,336610,2019-09-06 20:58:41:617,0.2333,0.2262,9.8654,0.0019,-0.0032,9.8066,-0.0093,-0.004,0.0157,4.13,-38.87,-10.56,160.98,-83.67,174.19
52.40218,-1.505014,154.47,0,4,330.88,20 / 22,336710,2019-09-06 20:58:41:717,0.2568,0.1803,9.804,0.0014,-0.0007,9.8066,-0.0201,-0.0043,-0.0038,3.69,-38.87,-10.31,160.16,-83.7,174.32
52.40218,-1.505014,154.47,0,4,330.88,20 / 22,336809,2019-09-06 20:58:41:816,-0.0008,0.4699,9.7621,0.0005,0,9.8066,0.0117,-0.0297,-0.0055,3.75,-39.25,-10,160.21,-83.71,174.4
52.40218,-1.505014,154.47,0,4,330.88,20 / 22,336909,2019-09-06 20:58:41:916,0.2319,0.3197,9.8892,-0.001,0.0034,9.8066,0.0197,-0.0189,-0.0252,4.06,-38.75,-9.69,160.24,-83.72,174.45
52.40218,-1.505014,154.47,0,4,330.88,20 / 22,337009,2019-09-06 20:58:42:016,0.265,0.0701,9.8737,0.0016,0.0029,9.8066,0.0036,-0.0119,0.0015,4.44,-38.81,-10.62,161.36,-83.68,174.71
52.40218,-1.505014,154.47,0,4,330.88,20 / 22,337110,2019-09-06 20:58:42:117,-0.0245,1.0415,9.6655,0.0018,-0.0003,9.8066,0.006,0.009,-0.0018,3.56,-39.06,-9.69,160.57,-83.69,174.87
52.40218,-1.505014,154.47,0,4,330.88,20 / 22,337209,2019-09-06 20:58:42:216,0.1031,0.8885,9.8072,0.0029,0.0041,9.8066,0.0327,0.0023,0.0177,3.81,-39.56,-9.87,160.9,-83.65,175.09
52.40218,-1.505014,154.47,0,4,330.88,20 / 22,337310,2019-09-06 20:58:42:317,0.0408,0.7955,9.7805,-0.0008,0.0067,9.8066,0.0059,0.0085,-0.0154,4.13,-39.06,-10.12,161.11,-83.58,175.48
52.40218,-1.505014,154.47,0,4,330.88,20 / 22,337410,2019-09-06 20:58:42:417,-0.087,1.3015,9.7914,0.0002,0.0078,9.8066,-0.0076,-0.0164,0.0098,4.06,-39.56,-10.19,161.6,-83.49,175.86
52.40218,-1.505014,154.47,0,4,330.88,20 / 22,337510,2019-09-06 20:58:42:517,0.1434,0.6617,9.8252,0.0024,-0.0052,9.8066,-0.0018,0.005,-0.0034,4,-39.56,-9.81,161.76,-83.48,176.08
52.40218,-1.505014,154.47,0,4,330.88,20 / 22,337610,2019-09-06 20:58:42:617,0.0408,0.8851,9.7684,0.0022,-0.0039,9.8066,0.0206,-0.0023,0.0044,3.88,-39.25,-9.94,161.64,-83.52,176.15
52.40218,-1.505014,154.47,0,4,330.88,20 / 22,337710,2019-09-06 20:58:42:717,0.0547,0.7665,9.8034,-0.001,0.0053,9.8066,0.0232,0.0033,0.0085,3.75,-39,-10.31,161.74,-83.5,176.27
52.40218,-1.505014,154.47,0,4,330.88,20 / 22,337810,2019-09-06 20:58:42:817,0.2497,0.6528,9.8077,-0.0027,0.0068,9.8066,-0.0341,-0.006,-0.0227,3.44,-39,-9.81,165.54,-83.52,176.28
52.40218,-1.505014,154.47,0,4,330.88,20 / 22,337910,2019-09-06 20:58:42:917,0.04,0.442,9.854,0.0027,-0.0017,9.8066,-0.019,0.0076,-0.004,4.13,-38.87,-9.87,161.74,-83.5,176.27
52.40218,-1.505014,154.47,0,4,330.88,20 / 22,338009,2019-09-06 20:58:43:016,0.0331,0.4622,9.883,0.0029,-0.0034,9.8066,0.0297,0.0035,0.0173,4,-39.44,-10.37,162.03,-83.5,176.67
52.40218,-1.505014,154.47,0,4,330.88,20 / 22,338110,2019-09-06 20:58:43:117,-0.0008,0.6995,9.7748,-0.0025,0.0048,9.8066,0.042,0.0115,-0.005,4.19,-39.12,-9.75,162.09,-83.49,176.74
52.40218,-1.505014,154.47,0,4,330.88,20 / 22,338210,2019-09-06 20:58:43:217,0.1384,0.5887,9.8447,-0.0023,0.003,9.8066,-0.0346,-0.0135,-0.0168,3.44,-39.25,-10,165.78,-83.46,176.57
52.40218,-1.505014,154.47,0,4,330.88,20 / 22,338309,2019-09-06 20:58:43:316,0.0162,0.5684,9.8277,-0.0003,0.0017,9.8066,-0.0171,0.0058,-0.0054,3.5,-39.06,-9.5,161,-83.46,176.63
52.40218,-1.505014,154.47,0,4,330.88,20 / 22,338411,2019-09-06 20:58:43:418,0.0654,0.8257,9.8315,0.0016,0.0047,9.8066,0.0206,0.0065,0.0127,3.19,-39,-9.75,165.86,-83.45,176.67
52.40218,-1.505014,154.47,0,4,330.88,20 / 22,338510,2019-09-06 20:58:43:517,0.021,0.6306,9.7596,0.0013,-0.0033,9.8066,0.0106,0.0165,0.003,3.63,-38.62,-10.37,162.27,-83.38,176.87
52.40218,-1.505014,154.47,0,4,330.88,20 / 22,338610,2019-09-06 20:58:43:617,0.1026,0.8946,9.8789,0.0016,-0.0043,9.8066,0.0221,-0.0002,-0.021,3.31,-38.62,-10.31,166.13,-83.38,176.98
52.40218,-1.505014,154.47,0,4,330.88,20 / 22,338710,2019-09-06 20:58:43:717,-0.0953,1.1991,9.8409,0.0002,0.0083,9.8066,0.0191,0.0142,0.003,3.81,-38.81,-9.94,162.52,-83.36,177.19
52.40218,-1.505014,154.47,0,4,330.88,20 / 22,338809,2019-09-06 20:58:43:816,0.015,1.0346,9.892,0.0009,0.006,9.8066,-0.0031,0.0193,0.0149,4.13,-38.75,-9.62,162.81,-83.28,177.53
52.40218,-1.505014,154.47,0,4,330.88,20 / 22,338909,2019-09-06 20:58:43:916,0.0782,0.7911,9.7581,-0.001,0,9.8066,0.0043,0.0195,0.0037,3.88,-38.37,-9.69,162.82,-83.25,177.68
52.40218,-1.505014,154.47,0,4,330.88,20 / 22,339010,2019-09-06 20:58:44:017,-0.0506,1.0678,9.7203,-0.0016,0.0053,9.8066,0.0193,0.0262,0.0076,3.75,-38.44,-10,162.79,-83.23,177.64
52.40218,-1.505014,154.47,0,4,330.88,20 / 22,339110,2019-09-06 20:58:44:117,-0.0513,0.9432,9.8491,-0.0003,0.0034,9.8066,0.0018,0.0264,-0.0024,3.69,-38.5,-9.69,162.9,-83.17,177.72
52.40218,-1.505014,154.47,0,4,330.88,20 / 22,339209,2019-09-06 20:58:44:216,-0.0118,1.0914,9.8479,0.0005,0.0066,9.8066,0.0068,0.0239,0.0027,4.31,-38.56,-9.56,163.21,-83.11,177.92
52.40218,-1.505014,154.47,0,4,330.88,20 / 22,339310,2019-09-06 20:58:44:317,0.0784,0.9561,9.6523,0.0006,-0.0007,9.8066,-0.0074,0.0085,0.0048,4,-38.69,-9.06,162.24,-83.08,177.95
52.40218,-1.505014,154.47,0,4,330.88,20 / 22,339410,2019-09-06 20:58:44:417,0.1169,0.8278,9.8455,-0.0022,0.0095,9.8066,-0.0061,0.0173,-0.0049,3.88,-38.81,-9.37,162.32,-83.04,178.02
52.40218,-1.505014,154.47,0,4,330.88,20 / 22,339510,2019-09-06 20:58:44:517,-0.0245,0.7765,9.9459,-0.0018,-0.0001,9.8066,0.0299,-0.0335,-0.0061,4.44,-39,-9.12,162.36,-83.1,178.15
52.40218,-1.505014,154.47,0,4,330.88,20 / 22,339609,2019-09-06 20:58:44:616,0.2853,0.6723,10.2322,-0.0046,0.0043,9.8066,-0.0475,0.0296,-0.0201,4.31,-39,-9.12,162.01,-83.13,177.68
52.40218,-1.505014,154.47,0,4,330.88,20 / 22,339710,2019-09-06 20:58:44:717,-0.0587,0.4936,10.3013,-0.0035,0.0057,9.8066,-0.0116,0.016,0.0188,4.38,-38.94,-9.37,161.83,-83.1,177.38
52.40218,-1.505014,154.47,0,4,330.88,20 / 22,339810,2019-09-06 20:58:44:817,0.2279,0.9708,9.8004,-0.0054,0.0103,9.8066,0.0053,0.0319,-0.0095,4.19,-38.75,-9.62,162.9,-82.97,177.34
52.40218,-1.505014,154.47,0,4,330.88,20 / 22,339910,2019-09-06 20:58:44:917,-0.0704,0.4128,9.633,0.0033,-0.0061,9.8066,-0.0363,0.0158,-0.0082,4.44,-38.94,-10.19,162.76,-82.93,177.1
52.40218,-1.505014,154.47,0,4,330.88,20 / 22,340010,2019-09-06 20:58:45:017,0.2255,0.5027,9.8252,-0.0012,-0.0041,9.8066,0.0193,0.031,-0.017,4.56,-38.44,-9.37,157.73,-82.96,177.06
52.40218,-1.505014,154.47,0,4,330.88,20 / 22,340109,2019-09-06 20:58:45:116,0.1287,0.5505,9.9256,-0.0025,0.0054,9.8066,0.0241,0.0219,0.0071,4.56,-38.94,-9.12,157.87,-82.94,176.97
52.40218,-1.505014,154.47,0,4,330.88,20 / 22,340210,2019-09-06 20:58:45:217,0.0044,0.659,9.8485,-0.0019,0.0027,9.8066,-0.0148,0.0169,-0.0033,4.5,-37.94,-9.44,157.69,-82.9,176.92
52.40218,-1.505014,154.47,0,4,330.88,20 / 22,340310,2019-09-06 20:58:45:317,-0.1808,0.6547,9.6411,0.0001,-0.0008,9.8066,-0.0078,0.0101,-0.0123,4.56,-38.37,-9.44,157.53,-82.88,176.66
52.40218,-1.505014,154.47,0,4,330.88,20 / 22,340410,2019-09-06 20:58:45:417,-0.247,1.1329,9.6858,0.003,0.0058,9.8066,0.0371,0.0074,0.0009,4.75,-38.19,-8.44,156.44,-82.8,176.95
52.40218,-1.505014,154.47,0,4,330.88,20 / 22,340509,2019-09-06 20:58:45:516,-0.2541,1.4362,9.787,-0.0002,0.0059,9.8066,0.0182,0.0171,-0.0081,4.25,-38.69,-8.5,160.9,-82.71,177.18
52.40218,-1.505014,154.47,0,4,330.88,20 / 22,340610,2019-09-06 20:58:45:617,0.0093,1.4617,9.8675,-0.0012,0.0044,9.8066,0.0039,0.019,-0.0057,4.75,-38.44,-8.44,156.95,-82.61,177.42
52.40218,-1.505014,154.47,0,4,330.88,20 / 22,340709,2019-09-06 20:58:45:716,-0.3464,1.9481,9.7246,-0.0004,-0.0026,9.8066,-0.0265,0.0162,-0.0104,4.56,-38.44,-7.94,157.1,-82.53,177.51
52.40218,-1.505014,154.47,0,4,330.88,20 / 22,340810,2019-09-06 20:58:45:817,-0.0092,1.7302,9.6214,0.0021,0.005,9.8066,0.0221,0.0009,0.0242,4.25,-38.94,-7.94,161.42,-82.5,177.67
52.40218,-1.505014,154.47,0,4,330.88,20 / 22,340910,2019-09-06 20:58:45:917,-0.3781,2.0384,9.5502,-0.0023,-0.0024,9.8066,0.0084,0.01,-0.0183,3.69,-38.81,-8.56,162.56,-82.44,177.67
52.40218,-1.505014,154.47,0,4,330.88,20 / 22,341009,2019-09-06 20:58:46:016,-0.562,0.8294,9.4891,0.0038,-0.0077,9.8066,0.0567,0.0351,0.0459,4.13,-39.56,-8.44,161.61,-82.42,177.6
52.40218,-1.505014,154.47,0,4,330.88,20 / 22,341110,2019-09-06 20:58:46:117,0.9643,1.3167,9.9631,-0.0188,0.0122,9.8065,0.0469,-0.0083,-0.0024,3.63,-38.81,-8.19,162.2,-82.28,178.59
52.40218,-1.505014,154.47,0,4,330.88,20 / 22,341209,2019-09-06 20:58:46:216,0.3545,0.667,9.9401,0.0114,0.0122,9.8066,-0.0871,-0.042,0.1008,3.81,-39.06,-8.37,161.45,-82.37,177.53
52.40218,-1.505014,154.47,0,4,330.88,20 / 22,341309,2019-09-06 20:58:46:316,-0.0118,0.2628,9.8611,0.0086,-0.0312,9.8065,-0.1148,0.0288,0.0179,4,-39.19,-8.5,161.99,-82.5,178.55
52.40218,-1.505014,154.47,0,4,330.88,20 / 22,341410,2019-09-06 20:58:46:417,0.3196,0.4112,9.5795,0.0041,-0.0103,9.8066,0.0388,-0.0134,-0.0157,3.81,-39.19,-8.37,161.85,-82.7,178.61
52.40218,-1.505014,154.47,0,4,330.88,20 / 22,341509,2019-09-06 20:58:46:516,0.179,0.9289,9.9898,0.0021,0.0025,9.8066,0.0575,-0.029,0.025,3.56,-39.19,-8.44,162.03,-82.65,178.8
52.40218,-1.505014,154.47,0,4,330.88,20 / 22,341609,2019-09-06 20:58:46:616,0.1856,0.836,10.1604,-0.0006,-0.009,9.8066,-0.0272,-0.0323,0.0012,3.88,-39.81,-9,163.31,-82.65,178.81
52.40218,-1.505014,154.47,0,4,330.88,20 / 22,341710,2019-09-06 20:58:46:717,-0.0122,0.9738,10.3357,-0.0074,0.0155,9.8066,-0.0047,-0.0287,-0.0274,3.63,-39.75,-9.37,163.16,-82.69,178.64
52.40218,-1.505014,154.47,0,4,330.88,20 / 22,341810,2019-09-06 20:58:46:817,0.1264,0.8639,9.5387,-0.0023,0.0206,9.8066,-0.0309,-0.0257,0.0198,3.25,-39.87,-8.87,166.9,-82.7,178.45
52.40218,-1.505014,154.47,0,4,330.88,20 / 22,341909,2019-09-06 20:58:46:916,0.2049,0.3237,9.535,0.0082,-0.023,9.8066,-0.0427,-0.0123,0.0326,3.19,-38.87,-9.25,167.21,-82.56,178.98
52.40218,-1.505014,154.47,0,4,330.88,20 / 22,342010,2019-09-06 20:58:47:017,0.3404,0.3571,9.8459,0.0049,-0.0239,9.8065,0.0439,-0.0032,-0.0028,3.31,-38.94,-8.81,167.25,-82.72,179.18
52.40226,-1.505086,154.67,2.49,4,330.31,20 / 22,342109,2019-09-06 20:58:47:116,0.1329,0.5771,9.8511,0.0034,-0.018,9.8066,0.0331,-0.0104,-0.0068,3.69,-39.37,-8.81,163.27,-82.7,179.03
52.40226,-1.505086,154.67,2.49,4,330.31,20 / 22,342210,2019-09-06 20:58:47:217,-0.099,0.4905,9.635,-0.0003,-0.0043,9.8066,0.0014,-0.0088,0.0027,3.56,-40.12,-9.25,163.45,-82.58,178.95
52.40226,-1.505086,154.67,2.49,4,330.31,20 / 22,342309,2019-09-06 20:58:47:316,0.0843,0.5274,9.762,-0.0005,-0.006,9.8066,0.0303,0.0128,-0.0076,3.63,-39.94,-9.31,163.41,-82.56,178.87
52.40226,-1.505086,154.67,2.49,4,330.31,20 / 22,342409,2019-09-06 20:58:47:416,-0.1007,0.4048,10.1223,-0.0026,0.0073,9.8066,-0.015,0.0193,-0.007,3.56,-39.44,-9.31,162.99,-82.57,178.46
52.40226,-1.505086,154.67,2.49,4,330.31,20 / 22,342510,2019-09-06 20:58:47:517,-0.075,0.104,10.0082,-0.0067,0.0073,9.8066,-0.0195,0.0187,-0.0182,3.81,-39.25,-9.25,162.91,-82.47,178.23
52.40226,-1.505086,154.67,2.49,4,330.31,20 / 22,342610,2019-09-06 20:58:47:617,-0.2641,0.2283,9.7016,-0.006,0.0072,9.8066,-0.0186,0.0323,-0.0153,3.63,-39.06,-8.5,161.54,-82.49,177.84
52.40226,-1.505086,154.67,2.49,4,330.31,20 / 22,342710,2019-09-06 20:58:47:717,-0.6916,0.0589,9.6058,-0.0089,0.0013,9.8066,-0.0322,0.0757,-0.0298,3.63,-39.19,-8.06,161.02,-82.45,176.99
52.40226,-1.505086,154.67,2.49,4,330.31,20 / 22,342810,2019-09-06 20:58:47:817,-0.6651,0.1071,9.8185,-0.008,-0.0024,9.8066,0.0134,0.1041,-0.0357,3.31,-40.56,-8.31,164.93,-82.45,176.17
52.40226,-1.505086,154.67,2.49,4,330.31,20 / 22,342909,2019-09-06 20:58:47:916,-1.0244,0.7768,9.9257,-0.0083,0.0003,9.8066,-0.0002,0.1302,-0.0331,3.75,-39.62,-8.31,160.12,-82.48,175.36
52.40226,-1.505086,154.67,2.49,4,330.31,20 / 22,343010,2019-09-06 20:58:48:017,-0.7457,-0.1313,9.8761,-0.0026,-0.0119,9.8066,0.024,0.1505,-0.0168,4,-39.62,-8.37,159.64,-82.46,174.58
52.40226,-1.505086,154.67,2.49,4,330.31,20 / 22,343109,2019-09-06 20:58:48:116,-0.7407,-0.2773,9.7036,-0.0015,-0.0095,9.8066,0.0327,0.1584,-0.0228,3.63,-39.31,-7.94,159.03,-82.49,173.98
52.40226,-1.505086,154.67,2.49,4,330.31,20 / 22,343210,2019-09-06 20:58:48:217,-1.123,0.1285,9.9116,-0.018,0.0144,9.8066,-0.0407,0.2015,-0.0478,4.94,-38.87,-7.19,153.45,-82.46,173.74
52.40226,-1.505086,154.67,2.49,4,330.31,20 / 22,343310,2019-09-06 20:58:48:317,-1.1523,0.0529,9.8157,-0.0175,0.0137,9.8065,-0.0352,0.2526,-0.0659,5,-39.12,-6.69,152.74,-82.29,172.28
52.40226,-1.505086,154.67,2.49,4,330.31,20 / 22,343409,2019-09-06 20:58:48:416,-1.3335,-0.1189,9.668,-0.0109,-0.0228,9.8066,-0.0003,0.3001,-0.101,5.5,-39.69,-6.87,147.97,-82.29,170.78
52.40226,-1.505086,154.67,2.49,4,330.31,20 / 22,343510,2019-09-06 20:58:48:517,-1.5012,-0.1316,9.5106,-0.0142,-0.0166,9.8066,-0.0405,0.321,-0.0858,5.5,-39.12,-7.5,146.47,-82.29,168.99
52.40226,-1.505086,154.67,2.49,4,330.31,20 / 22,343610,2019-09-06 20:58:48:617,-1.7428,-0.4371,10.0566,-0.0095,-0.0027,9.8066,0.0315,0.3895,-0.0686,6.5,-39.19,-5.81,139.03,-82.27,166.69
52.40226,-1.505086,154.67,2.49,4,330.31,20 / 22,343709,2019-09-06 20:58:48:716,-1.4832,-0.6873,10.2245,-0.0067,-0.0023,9.8066,0.0365,0.3741,-0.0467,6.81,-38.81,-5.37,136.34,-82.18,165.75
52.40226,-1.505086,154.67,2.49,4,330.31,20 / 22,343809,2019-09-06 20:58:48:816,-1.2021,-0.8309,10.0314,-0.0105,0.013,9.8065,-0.031,0.4339,-0.0665,7.81,-38.56,-4.81,132.35,-82.15,165.81
52.40226,-1.505086,154.67,2.49,4,330.31,20 / 22,343909,2019-09-06 20:58:48:916,-1.1875,-0.5863,9.7741,-0.0248,0.0106,9.8066,-0.0117,0.4411,-0.0725,8.44,-39.31,-4.19,129.75,-81.93,165.2
52.40226,-1.505086,154.67,2.49,4,330.31,20 / 22,344010,2019-09-06 20:58:49:017,-0.3768,-0.0417,10.1627,-0.0156,-0.0008,9.8066,-0.0226,0.4232,-0.1807,8.88,-38.87,-4,125.49,-81.83,164.32
52.40226,-1.505086,154.67,2.49,4,330.31,20 / 22,344110,2019-09-06 20:58:49:117,0.0437,-0.0301,10.8223,-0.0531,-0.0179,9.8064,-0.0059,0.4471,-0.2321,9.13,-38.5,-3.06,121.27,-81.61,162.89
52.40226,-1.505086,154.67,2.49,4,330.31,20 / 22,344209,2019-09-06 20:58:49:216,-0.7865,-0.8582,10.2673,-0.0815,-0.039,9.8061,0.086,0.4865,-0.2921,10.81,-37.5,-2.62,110.55,-80.82,156.17
52.40226,-1.505086,154.67,2.49,4,330.31,20 / 22,344310,2019-09-06 20:58:49:317,-1.2211,-1.6427,9.5848,-0.0784,-0.0482,9.8062,0.0748,0.4725,-0.3132,13.31,-36.69,-1.69,99.03,-79.59,149.74
52.40226,-1.505086,154.67,2.49,4,330.31,20 / 22,344409,2019-09-06 20:58:49:416,-0.9877,-1.9643,9.5717,-0.0733,-0.0275,9.8063,-0.0397,0.465,-0.2181,14.13,-36.69,-0.75,92.27,-78.76,146.65
52.40226,-1.505086,154.67,2.49,4,330.31,20 / 22,344510,2019-09-06 20:58:49:517,-0.5613,-2.7494,10.3515,-0.0544,-0.0177,9.8064,0.0266,0.5069,-0.2197,14.38,-36.5,-0.25,87.42,-78.13,144.67
52.40226,-1.505086,154.67,2.49,4,330.31,20 / 22,344610,2019-09-06 20:58:49:617,-0.0998,-3.3791,11.1912,-0.0453,0.0461,9.8063,0.067,0.459,-0.0042,14.69,-35.75,1.31,82.91,-77.38,144.41
52.40226,-1.505086,154.67,2.49,4,330.31,20 / 22,344710,2019-09-06 20:58:49:717,-0.5398,-0.5789,10.5777,-0.0716,0.0511,9.8062,0.0401,0.4867,-0.1016,15.38,-36,2.69,80.65,-76.7,148.45
52.40226,-1.505086,154.67,2.49,4,330.31,20 / 22,344810,2019-09-06 20:58:49:817,0.2709,-0.8665,9.267,-0.0321,0.016,9.8065,0.0099,0.459,-0.0593,15.5,-35.81,4.19,77.35,-76.27,149.72
52.40226,-1.505086,154.67,2.49,4,330.31,20 / 22,344910,2019-09-06 20:58:49:917,0.9655,-0.4067,9.4674,-0.0303,0.0061,9.8066,-0.0054,0.4929,-0.129,16.06,-34.94,5.25,75.49,-75.69,151.43
52.40226,-1.505086,154.67,2.49,4,330.31,20 / 22,345010,2019-09-06 20:58:50:017,0.7238,-0.9129,9.6101,-0.0585,-0.0292,9.8064,0.0631,0.4795,-0.235,16.13,-34.75,6.75,67.78,-75.18,151.47
52.40226,-1.505086,154.67,2.49,4,330.31,20 / 22,345110,2019-09-06 20:58:50:117,0.1528,-1.3391,10.3747,-0.0511,-0.0378,9.8064,-0.045,0.4867,-0.2197,16.63,-34.62,8.13,63.92,-74.51,150.87
52.40226,-1.505086,154.67,2.49,4,330.31,20 / 22,345209,2019-09-06 20:58:50:216,0.2607,-1.8658,10.4518,0.0002,0.0082,9.8066,-0.0791,0.4305,-0.073,16,-34.44,9,59.5,-73.68,150.28
52.40226,-1.505086,154.67,2.49,4,330.31,20 / 22,345310,2019-09-06 20:58:50:317,0.9767,-1.7002,10.124,0.0225,0.0237,9.8065,0.0045,0.412,-0.03,16.56,-33.37,10.06,54.41,-73.88,150.97
52.40226,-1.505086,154.67,2.49,4,330.31,20 / 22,345410,2019-09-06 20:58:50:417,0.7951,-0.5999,10.1392,-0.0346,0.021,9.8065,0.0659,0.4545,-0.0604,16.25,-33.56,10.5,50.98,-74.02,151.83
52.40226,-1.505086,154.67,2.49,4,330.31,20 / 22,345510,2019-09-06 20:58:50:517,0.3579,-0.3487,9.9124,-0.0565,0.0071,9.8064,-0.0038,0.4513,-0.0681,15.63,-33.31,11.88,47.75,-73.94,153.28
52.40226,-1.505086,154.67,2.49,4,330.31,20 / 22,345610,2019-09-06 20:58:50:617,0.211,-1.2469,9.7855,-0.0487,0.0034,9.8064,0.0177,0.4316,-0.0635,15.31,-33,13.88,42.25,-73.34,155.63
52.40226,-1.505086,154.67,2.49,4,330.31,20 / 22,345709,2019-09-06 20:58:50:716,1.142,-1.0178,10.2814,-0.0523,0.0141,9.8065,0.1401,0.4596,-0.0393,14.94,-34.12,14.88,44.78,-72.73,158.42
52.40226,-1.505086,154.67,2.49,4,330.31,20 / 22,345810,2019-09-06 20:58:50:817,-0.558,-0.738,10.0798,-0.0466,0.017,9.8064,0.1246,0.4421,-0.03,14.5,-33.37,15.44,47.3,-72.52,160.33
52.40226,-1.505086,154.67,2.49,4,330.31,20 / 22,345910,2019-09-06 20:58:50:917,0.2301,-0.2062,9.4352,-0.0256,0.0225,9.8065,0.0109,0.4118,-0.0607,13.75,-33.94,16.13,45.98,-72.31,162.43
52.40226,-1.505086,154.67,2.49,4,330.31,20 / 22,346010,2019-09-06 20:58:51:017,-0.0585,-0.4176,9.1407,-0.0337,-0.0049,9.8066,-0.0133,0.3786,-0.1238,13.56,-33.5,16.5,43.08,-72.25,163.61
52.40226,-1.505086,154.67,2.49,4,330.31,20 / 22,346110,2019-09-06 20:58:51:117,-0.2819,-0.9446,10.0867,-0.0101,-0.0204,9.8065,0.0901,0.3754,-0.1008,13,-32.69,17.69,37.7,-72.17,164.05
52.40226,-1.505086,154.67,2.49,4,330.31,20 / 22,346210,2019-09-06 20:58:51:217,-1.9013,-1.3388,10.9507,-0.0441,-0.0084,9.8065,-0.3384,0.3289,0.001,12.75,-33,19.5,31.46,-72.18,164.26
52.40226,-1.505086,154.67,2.49,4,330.31,20 / 22,346309,2019-09-06 20:58:51:316,-0.6789,-0.8303,10.6864,-0.0527,-0.0245,9.8064,-0.3279,0.2619,0.0051,12.81,-33.56,19.44,37.66,-72.1,165.51
52.40226,-1.505086,154.67,2.49,4,330.31,20 / 22,346410,2019-09-06 20:58:51:417,0.8946,0.6592,9.026,0.0642,0.0877,9.806,0.1282,0.1992,-0.0628,11.94,-33.44,19.25,35,-72.26,166.31
52.40226,-1.505086,154.67,2.49,4,330.31,20 / 22,346510,2019-09-06 20:58:51:517,0.2801,1.3521,9.185,0.053,0.0879,9.806,0.0699,0.1645,0.0261,11.94,-32.94,19.88,31.41,-73.22,166.91
52.40226,-1.505086,154.67,2.49,4,330.31,20 / 22,346610,2019-09-06 20:58:51:617,-0.7796,0.0507,9.6008,-0.0172,0.005,9.8066,-0.0916,0.2035,-0.0123,11.5,-33.06,19.94,31.88,-73.47,167.42
52.40226,-1.505086,154.67,2.49,4,330.31,20 / 22,346709,2019-09-06 20:58:51:716,0.0918,1.3571,9.2604,-0.0098,0.0189,9.8065,-0.0663,0.1378,-0.0062,11,-32.69,20.25,29.44,-73.66,167.98
52.40226,-1.505086,154.67,2.49,4,330.31,20 / 22,346810,2019-09-06 20:58:51:817,0.0895,0.959,8.7625,0.0094,-0.0006,9.8066,0.0913,0.0631,-0.0176,11.44,-32.81,21.5,25.42,-73.79,168.65
52.40226,-1.505086,154.67,2.49,4,330.31,20 / 22,346910,2019-09-06 20:58:51:917,-0.5177,0.8643,9.2897,0.0017,0.0048,9.8066,-0.0023,0.0454,0.0107,11.31,-33,21.38,27.71,-73.69,168.54
52.40226,-1.505086,154.67,2.49,4,330.31,20 / 22,347010,2019-09-06 20:58:52:017,-0.6044,0.6087,10.0748,0.0049,-0.0014,9.8065,-0.0196,-0.0064,-0.0138,11.44,-32.69,20.56,27.67,-73.7,168.53
52.40226,-1.505086,154.67,2.49,4,330.31,20 / 22,347109,2019-09-06 20:58:52:116,-0.7303,1.0379,10.0479,0.0131,0.012,9.8065,-0.0222,-0.045,0.026,11.38,-33.37,20.75,26.81,-73.88,168.13
52.40226,-1.505086,154.67,2.49,4,330.31,20 / 22,347209,2019-09-06 20:58:52:216,-0.4062,0.3213,9.4341,0.0064,0.0095,9.8066,-0.0512,-0.0958,0.0169,10.94,-33.19,20.56,26.22,-74.15,167.96
52.40226,-1.505086,154.67,2.49,4,330.31,20 / 22,347310,2019-09-06 20:58:52:317,-0.433,1.0506,9.404,0.0012,0.0082,9.8066,-0.0585,-0.1239,0.0354,11.63,-33,20.31,31.35,-74.35,167.87
52.40226,-1.505086,154.67,2.49,4,330.31,20 / 22,347410,2019-09-06 20:58:52:417,-0.6313,1.233,9.4971,0.0112,0.0154,9.8065,0.0028,-0.1172,0.0512,11.63,-32.94,20.44,31.38,-74.55,168.06
52.40226,-1.505086,154.67,2.49,4,330.31,20 / 22,347509,2019-09-06 20:58:52:516,-0.6359,0.9858,9.3532,0.0131,0.0149,9.8066,-0.024,-0.1405,0.0454,11.38,-33.75,19.94,28.4,-74.79,167.94
52.40226,-1.505086,154.67,2.49,4,330.31,20 / 22,347609,2019-09-06 20:58:52:616,-0.6788,1.1832,9.9126,0.0063,0.0059,9.8066,-0.0645,-0.1755,0.0356,11.63,-33.25,19,33.09,-75,167.81
52.40226,-1.505086,154.67,2.49,4,330.31,20 / 22,347710,2019-09-06 20:58:52:717,-0.6711,1.0488,9.8099,0.0133,0.0073,9.8065,-0.0507,-0.1979,0.0495,11.19,-34.12,18.75,29.51,-75.28,167.36
52.40226,-1.505086,154.67,2.49,4,330.31,20 / 22,347810,2019-09-06 20:58:52:817,-0.9047,0.9843,9.6961,0.0151,0.0166,9.8065,-0.0206,-0.2152,0.0532,11.5,-33.31,18.06,34.45,-75.51,167.31
52.40226,-1.505086,154.67,2.49,4,330.31,20 / 22,347910,2019-09-06 20:58:52:917,-0.6839,1.2916,9.7588,0.021,0.0206,9.8065,-0.0065,-0.244,0.0587,11.69,-33.56,18.25,34.37,-75.72,167.08
52.40226,-1.505086,154.67,2.49,4,330.31,20 / 22,348010,2019-09-06 20:58:53:017,-0.7724,1.4049,9.8892,0.004,0.0063,9.8066,-0.0269,-0.2841,0.0887,11.63,-34.5,17.5,33.43,-76.1,166.85
52.40226,-1.505086,154.67,2.49,4,330.31,20 / 22,348110,2019-09-06 20:58:53:117,-1.7268,1.1625,10.0676,-0.0021,0.004,9.8066,-0.0308,-0.2959,0.0589,12.38,-34.12,16.75,36.33,-76.3,166.94
52.40226,-1.505086,154.67,2.49,4,330.31,20 / 22,348209,2019-09-06 20:58:53:216,-0.6526,2.1152,9.4259,0.019,0.0046,9.8065,-0.0315,-0.33,0.0476,12.5,-34.31,16.25,41.72,-76.45,166.74
52.40226,-1.505086,154.67,2.49,4,330.31,20 / 22,348310,2019-09-06 20:58:53:317,-1.0256,1.6088,9.4042,0.0145,-0.0056,9.8066,-0.0457,-0.3722,0.0847,12.88,-34.31,15.06,43.47,-76.63,165.75
52.40226,-1.505086,154.67,2.49,4,330.31,20 / 22,348410,2019-09-06 20:58:53:417,-0.4158,1.528,9.6829,0.0054,0.0104,9.8066,0.0417,-0.3805,0.0857,12.69,-34.62,15.06,43.83,-76.72,165.63
52.40226,-1.505086,154.67,2.49,4,330.31,20 / 22,348509,2019-09-06 20:58:53:516,-1.1606,1.7396,9.88,0.0094,0.0103,9.8065,0.0339,-0.4185,0.1441,12.94,-35.12,14.13,47.92,-76.79,165.89
52.40226,-1.505086,154.67,2.49,4,330.31,20 / 22,348610,2019-09-06 20:58:53:617,-0.8114,2.137,9.6772,-0.0048,0.0102,9.8066,-0.018,-0.4058,0.123,13.19,-35.5,12.56,52.45,-76.92,166.4
52.40226,-1.505086,154.67,2.49,4,330.31,20 / 22,348709,2019-09-06 20:58:53:716,-0.8489,1.7536,9.5549,-0.0059,0.0128,9.8066,-0.0052,-0.4424,0.1385,13.69,-35.31,11.88,59.27,-77.02,167.29
52.40226,-1.505086,154.67,2.49,4,330.31,20 / 22,348810,2019-09-06 20:58:53:817,-0.1845,2.4376,9.8205,0.0117,0.0075,9.8065,0.0057,-0.4565,0.0986,13.13,-35.62,10.56,63.67,-77.15,167.87
52.40226,-1.505086,154.67,2.49,4,330.31,20 / 22,348910,2019-09-06 20:58:53:917,-0.6247,2.0443,9.9292,0.0272,0.0107,9.8065,-0.0025,-0.4637,0.1283,13.06,-35.56,10.06,67.9,-77.33,167.87
52.40226,-1.505086,154.67,2.49,4,330.31,20 / 22,349009,2019-09-06 20:58:54:016,-0.3189,2.2428,10.049,0.0106,0.0084,9.8065,-0.056,-0.4657,0.1348,13,-36.19,9.44,71.53,-77.8,168.08
52.40226,-1.505086,154.67,2.49,4,330.31,19 / 22,349110,2019-09-06 20:58:54:117,0.4725,2.7663,9.8018,0.0041,0.0092,9.8066,-0.0545,-0.5172,0.1186,12.81,-36.94,7.25,82,-78.09,168.57
52.40226,-1.505086,154.67,2.49,4,330.31,19 / 22,349209,2019-09-06 20:58:54:216,0.7945,2.3453,9.5055,0.0227,0.003,9.8066,-0.029,-0.4938,0.1379,13.13,-36.56,6.75,81.62,-78.27,168.79
52.40226,-1.505086,154.67,2.49,4,330.31,19 / 22,349310,2019-09-06 20:58:54:317,0.8242,2.0537,9.4664,0.0168,0.014,9.8066,-0.0337,-0.5403,0.173,12.75,-37.31,5.31,90.78,-78.57,169.35
52.40226,-1.505086,154.67,2.49,4,330.31,19 / 22,349409,2019-09-06 20:58:54:416,1.1345,2.8771,9.23,0.0108,-0.0062,9.8066,0.0035,-0.5512,0.0779,11.94,-37.31,4.19,96.84,-78.74,170.09
52.40226,-1.505086,154.67,2.49,4,330.31,19 / 22,349510,2019-09-06 20:58:54:517,1.3252,2.9267,9.5427,0.0052,-0.0198,9.8065,-0.0426,-0.5523,0.0336,12.13,-37.69,3,101.7,-78.86,169.64
52.40226,-1.505086,154.67,2.49,4,330.31,19 / 22,349609,2019-09-06 20:58:54:616,0.7553,1.9394,9.3874,0.0127,-0.0389,9.8065,0.0153,-0.5341,0.0771,12.81,-37.69,1.19,105.07,-79.08,166.91
52.40226,-1.505086,154.67,2.49,4,330.31,19 / 22,349710,2019-09-06 20:58:54:717,0.6226,1.9926,9.8765,0.0223,-0.0297,9.8066,-0.0135,-0.5597,0.0471,12.5,-37.31,0.38,105.03,-79.43,164.44
52.40226,-1.505086,154.67,2.49,4,330.31,19 / 22,349810,2019-09-06 20:58:54:817,0.4751,1.2759,9.1773,0.0396,-0.0179,9.8065,-0.0644,-0.5136,0.1102,12.38,-37.56,-0.19,106.41,-79.7,163.21
52.40226,-1.505086,154.67,2.49,4,330.31,19 / 22,349910,2019-09-06 20:58:54:917,0.9593,1.2172,9.2324,0.0494,-0.014,9.8065,-0.0932,-0.4653,0.1673,10.69,-37.69,-2.62,118.22,-80.41,163.67
52.40226,-1.505086,154.67,2.49,4,330.31,19 / 22,350010,2019-09-06 20:58:55:017,1.8856,1.4466,9.9863,0.0509,-0.0115,9.8065,-0.0016,-0.4705,0.1319,10.69,-37.69,-3.31,118.07,-80.9,165.1
52.40226,-1.505086,154.67,2.49,4,330.31,19 / 22,350109,2019-09-06 20:58:55:116,2.1682,1.5252,9.7709,0.0303,-0.0233,9.8065,0.0599,-0.4488,0.0582,10.13,-37.69,-4.56,126.7,-81.33,166.02
52.40226,-1.505086,154.67,2.49,4,330.31,19 / 22,350210,2019-09-06 20:58:55:217,1.4062,1.8039,9.6662,-0.0224,0.0066,9.8066,-0.1289,-0.416,-0.0245,9.19,-38.25,-5.37,128.73,-81.74,165.36
52.40226,-1.505086,154.67,2.49,4,330.31,19 / 22,350309,2019-09-06 20:58:55:316,0.2422,1.2609,9.6506,-0.0371,0.0091,9.8065,-0.074,-0.3713,0.0179,9.19,-38.31,-6.75,131.8,-81.64,162.91
52.40226,-1.505086,154.67,2.49,4,330.31,19 / 22,350409,2019-09-06 20:58:55:416,0.4898,0.0557,9.4724,0.0296,-0.0227,9.8065,0.0702,-0.3263,0.1155,8.69,-37.69,-7.12,130.95,-81.67,161.85
52.40226,-1.505086,154.67,2.49,4,330.31,19 / 22,350509,2019-09-06 20:58:55:516,0.8385,0.5043,9.3799,0.0349,-0.0169,9.8065,-0.0149,-0.2948,0.0802,8,-38.25,-7,135.28,-81.94,163.62
52.40226,-1.505086,154.67,2.49,4,330.31,19 / 22,350609,2019-09-06 20:58:55:616,1.3267,1.1451,9.4998,0.0195,-0.0019,9.8066,0.0642,-0.2766,0.0432,7.75,-38.62,-7.25,136.41,-82,164.8
52.40226,-1.505086,154.67,2.49,4,330.31,19 / 22,350710,2019-09-06 20:58:55:717,0.6042,1.0587,9.5798,0.016,-0.0334,9.8065,0.0157,-0.2729,0.0729,6.81,-38.37,-8.37,141.01,-82.44,165.17
52.40226,-1.505086,154.67,2.49,4,330.31,19 / 22,350810,2019-09-06 20:58:55:817,0.304,0.2767,9.5843,0.0184,-0.0124,9.8066,-0.1115,-0.2048,0.0619,6.56,-38.25,-8.87,141.89,-82.79,164.97
52.40226,-1.505086,154.67,2.49,4,330.31,19 / 22,350910,2019-09-06 20:58:55:917,-0.1658,-1.8173,10.4164,0.0181,-0.0073,9.8066,0.0321,-0.1743,0.0582,6.56,-38.12,-8.81,142.22,-83.15,166.15
52.40226,-1.505086,154.67,2.49,4,330.31,19 / 22,351010,2019-09-06 20:58:56:017,1.0707,1.4437,13.5898,-0.0149,0.0994,9.8061,-0.024,-0.4263,0.2078,5.94,-38.87,-8.37,147.59,-83.3,170.49
52.40226,-1.505086,154.67,2.49,4,330.31,20 / 22,351111,2019-09-06 20:58:56:118,2.0693,2.3311,11.2665,-0.0505,0.0834,9.8061,0.3219,-0.0075,-0.1419,6,-38.5,-9.31,151.37,-83.14,173.62
52.402313,-1.505458,155.04,3.34,3,323.44,20 / 22,351210,2019-09-06 20:58:56:217,0.2481,1.3525,9.9941,-0.0551,0.1434,9.8054,0.0099,-0.2873,0.1276,5.13,-38.31,-8.12,152.71,-82.43,170.81
52.402313,-1.505458,155.04,3.34,3,323.44,20 / 22,351309,2019-09-06 20:58:56:316,-0.4715,-0.6041,8.2297,-0.0265,-0.01,9.8065,0.1168,-0.0985,-0.0306,6,-38.62,-7.75,151.29,-80.95,171.28
52.402313,-1.505458,155.04,3.34,3,323.44,20 / 22,351410,2019-09-06 20:58:56:417,-0.0053,-0.5225,8.9578,-0.0087,0.0325,9.8065,0.0434,-0.0442,0.0319,6.19,-38.87,-8.06,151.08,-80.5,170.09
52.402313,-1.505458,155.04,3.34,3,323.44,20 / 22,351509,2019-09-06 20:58:56:516,0.222,-0.5985,9.4207,0.0395,0.0008,9.8065,0.1897,-0.19,0.0699,5.38,-39.19,-8.06,156.21,-79.89,171.47
52.402313,-1.505458,155.04,3.34,3,323.44,20 / 22,351610,2019-09-06 20:58:56:617,1.7136,0.115,10.6215,0.0123,-0.0963,9.8061,-0.0748,-0.129,-0.0571,5.25,-38.62,-8.06,156.49,-80.26,172.55
52.402313,-1.505458,155.04,3.34,3,323.44,20 / 22,351710,2019-09-06 20:58:56:717,0.2373,-1.7061,10.3073,-0.0163,-0.0361,9.8065,0.1908,-0.0054,0.0898,4.69,-38.19,-8.5,155.02,-80.45,170.9
52.402313,-1.505458,155.04,3.34,3,323.44,20 / 22,351809,2019-09-06 20:58:56:816,0.4003,-1.476,9.9315,0.0012,-0.0291,9.8065,0.2158,-0.069,-0.0217,5.44,-39.25,-7.69,153.8,-80.79,169.07
52.402313,-1.505458,155.04,3.34,3,323.44,20 / 22,351909,2019-09-06 20:58:56:916,0.3903,0.1686,9.0272,-0.0134,0.0372,9.8066,-0.172,-0.0835,-0.0082,5.75,-38.87,-8.12,149.87,-80.75,168.66
52.402313,-1.505458,155.04,3.34,3,323.44,20 / 22,352009,2019-09-06 20:58:57:016,0.3495,-2.2086,9.6192,0.0079,0.0382,9.8066,-0.0829,-0.1122,0.1759,4.94,-39.06,-8.5,153.94,-80.61,168.97
52.402313,-1.505458,155.04,3.34,3,323.44,20 / 22,352110,2019-09-06 20:58:57:117,2.1106,-2.4959,12.9201,0.0081,0.0276,9.8065,0.3955,-0.1396,-0.0337,4.69,-38.56,-7.31,156.4,-79.85,173.57
52.402313,-1.505458,155.04,3.34,3,323.44,20 / 22,352209,2019-09-06 20:58:57:216,1.6466,0.0032,10.9859,-0.0477,0.04,9.8064,0.3759,-0.1101,-0.0702,5.19,-38.87,-6,156.29,-78.62,173.08
52.402313,-1.505458,155.04,3.34,3,323.44,20 / 22,352310,2019-09-06 20:58:57:317,0.8096,0.9164,8.8881,-0.0655,0.1159,9.8056,0.1464,-0.1196,-0.0525,4.63,-39.31,-5.12,155.98,-77.38,171.99
52.402313,-1.505458,155.04,3.34,3,323.44,20 / 22,352409,2019-09-06 20:58:57:416,0.1749,0.7037,7.6531,-0.0619,0.0756,9.8061,0.1263,-0.153,-0.0478,4.63,-39.19,-4.06,155.64,-76.34,170.99
52.402313,-1.505458,155.04,3.34,3,323.44,20 / 22,352509,2019-09-06 20:58:57:516,0.2535,0.5194,7.5026,0.0079,0.002,9.8066,-0.0218,-0.1968,0.0921,4.19,-38.94,-4.62,160.82,-75.42,169.69
52.402313,-1.505458,155.04,3.34,3,323.44,20 / 22,352609,2019-09-06 20:58:57:616,0.3308,-0.255,9.197,0.0227,0.0036,9.8066,-0.0296,-0.1959,0.086,3.94,-38.69,-4.12,160.6,-75.43,170.86
52.402313,-1.505458,155.04,3.34,3,323.44,20 / 22,352709,2019-09-06 20:58:57:716,1.3716,0.4448,11.6261,0.0457,-0.0194,9.8065,-0.2071,-0.2354,0.2133,3.13,-39.25,-3.75,165.09,-75.64,172.49
52.402313,-1.505458,155.04,3.34,3,323.44,20 / 22,352810,2019-09-06 20:58:57:817,3.8122,-1.157,12.0422,0.0139,-0.0567,9.8064,-0.3433,-0.2523,0.0966,2.06,-39.81,-5.25,169.77,-76.62,174.07
52.402313,-1.505458,155.04,3.34,3,323.44,20 / 22,352910,2019-09-06 20:58:57:917,2.077,-1.7163,10.4159,-0.0277,-0.1281,9.8057,-0.1485,-0.2795,-0.0581,2.06,-39.12,-6.75,168.82,-77.79,172.31
52.402313,-1.505458,155.04,3.34,3,323.44,20 / 22,353010,2019-09-06 20:58:58:017,1.2651,-1.4071,8.8786,-0.0207,-0.0864,9.8062,-0.09,-0.3014,-0.0058,2,-38.69,-7.62,167.07,-78.81,169.49
52.402313,-1.505458,155.04,3.34,3,323.44,18 / 20,353109,2019-09-06 20:58:58:116,0.4025,-0.2431,8.2574,-0.0124,-0.0054,9.8066,-0.0205,-0.3264,0.0527,2.19,-38.94,-8.37,164.84,-79.65,166.27
52.402313,-1.505458,155.04,3.34,3,323.44,18 / 20,353210,2019-09-06 20:58:58:217,0.9009,-0.2449,8.7053,0.0131,0.0136,9.8066,-0.0058,-0.3433,0.0854,1.94,-38.44,-9,164.76,-79.7,166.34
52.402313,-1.505458,155.04,3.34,3,323.44,18 / 20,353310,2019-09-06 20:58:58:317,1.1989,-0.2652,9.2721,0.0243,-0.0025,9.8065,0.041,-0.374,0.1374,0.63,-38.62,-9.19,169.37,-79.69,167.7
52.402313,-1.505458,155.04,3.34,3,323.44,18 / 20,353410,2019-09-06 20:58:58:417,1.8996,-0.2801,10.2312,0.0272,-0.0066,9.8066,-0.0021,-0.3567,0.1173,0.31,-39.31,-9.31,174.45,-79.74,170.26
52.402313,-1.505458,155.04,3.34,3,323.44,18 / 20,353509,2019-09-06 20:58:58:516,1.8484,-0.2729,10.4444,0.0047,-0.0213,9.8065,-0.0167,-0.3566,0.0831,-0.25,-39.44,-9.75,174.81,-79.85,171.33
52.402313,-1.505458,155.04,3.34,3,323.44,18 / 20,353609,2019-09-06 20:58:58:616,1.2648,-0.5904,10.3044,0.0037,-0.031,9.8065,-0.0071,-0.3947,0.1029,-1.12,-38.5,-9.44,178.7,-80.09,171.44
52.402313,-1.505458,155.04,3.34,3,323.44,18 / 20,353710,2019-09-06 20:58:58:717,1.6749,-0.596,9.4738,0.0115,-0.0208,9.8066,-0.0464,-0.4083,0.1166,-3,-39.06,-8.69,186.52,-80.51,172.42
52.402313,-1.505458,155.04,3.34,3,323.44,18 / 20,353810,2019-09-06 20:58:58:817,1.5469,-1.1373,9.3207,0.0229,-0.0141,9.8065,-0.0367,-0.4281,0.1336,-4.37,-39.19,-9.31,191.37,-80.78,174.46
52.402313,-1.505458,155.04,3.34,3,323.44,18 / 20,353910,2019-09-06 20:58:58:917,1.8618,-1.6086,9.563,0.019,-0.0111,9.8066,0.0082,-0.4736,0.1212,-5.25,-38.87,-9.19,196.01,-80.87,176.31
52.402313,-1.505458,155.04,3.34,3,323.44,18 / 20,354010,2019-09-06 20:58:59:017,2.1975,-1.412,9.9325,0.0112,-0.0195,9.8066,-0.0653,-0.5068,0.137,-5.87,-39.31,-8.87,200.79,-81.05,178.37
52.402313,-1.505458,155.04,3.34,3,323.44,19 / 22,354109,2019-09-06 20:58:59:116,1.705,-1.9846,10.1804,0.0069,-0.0131,9.8066,-0.0276,-0.5459,0.1338,-6.69,-39,-9.12,205.02,-81.19,179.71
52.402313,-1.505458,155.04,3.34,3,323.44,19 / 22,354209,2019-09-06 20:58:59:216,1.4685,-1.8399,9.9711,0.0012,-0.0087,9.8066,-0.0367,-0.56,0.0775,-8,-38.75,-8.12,210.46,-81.32,-179.49
52.402313,-1.505458,155.04,3.34,3,323.44,19 / 22,354310,2019-09-06 20:58:59:317,1.3863,-1.9904,9.7704,0.0228,-0.0049,9.8066,0.0026,-0.5659,0.1386,-9.94,-38.94,-8.44,217.11,-81.42,-178.56
52.402313,-1.505458,155.04,3.34,3,323.44,19 / 22,354410,2019-09-06 20:58:59:417,1.0768,-2.4043,9.9681,0.0232,-0.0004,9.8066,-0.0168,-0.6276,0.1359,-10.44,-38.62,-9.31,216.88,-81.33,-176.19
52.402313,-1.505458,155.04,3.34,3,323.44,19 / 22,354510,2019-09-06 20:58:59:517,0.6697,-2.4463,9.9974,0.0055,-0.0046,9.8066,-0.0366,-0.6233,0.0932,-11.12,-39.12,-10,218.46,-81.33,-175.28
52.402313,-1.505458,155.04,3.34,3,323.44,19 / 22,354610,2019-09-06 20:58:59:617,0.4602,-2.1191,10.0589,0.008,-0.0001,9.8066,0.0166,-0.6238,0.1297,-11.94,-38.87,-8.87,223.13,-81.22,-174.51
52.402313,-1.505458,155.04,3.34,3,323.44,19 / 22,354710,2019-09-06 20:58:59:717,0.633,-1.7179,9.6989,0.0083,0.0003,9.8066,-0.0047,-0.6248,0.1059,-12.5,-39.25,-8.44,225.19,-81.16,-174.2
52.402313,-1.505458,155.04,3.34,3,323.44,19 / 22,354810,2019-09-06 20:58:59:817,0.3609,-1.8749,9.9529,0.0153,-0.0023,9.8065,-0.0308,-0.6274,0.1185,-13.44,-38.87,-9.31,225.93,-81.11,-173.72
52.402313,-1.505458,155.04,3.34,3,323.44,19 / 22,354910,2019-09-06 20:58:59:917,0.2624,-1.9538,9.9438,0.0011,0.0028,9.8065,-0.024,-0.606,0.0835,-14.25,-38.12,-8.87,228.96,-81.03,-172.96
52.402313,-1.505458,155.04,3.34,3,323.44,19 / 22,355010,2019-09-06 20:59:00:017,0.2433,-1.9725,9.9087,0.0018,-0.0004,9.8066,-0.0076,-0.6078,0.0796,-15.37,-38.87,-8.31,232.52,-80.97,-173.02
52.402313,-1.505458,155.04,3.34,3,323.44,19 / 22,355110,2019-09-06 20:59:00:117,0.1789,-1.3951,9.4871,-0.0083,-0.0082,9.8065,-0.0577,-0.5932,0.0919,-15.62,-38.87,-7.37,236.44,-80.91,-173.02
52.402313,-1.505458,155.04,3.34,3,323.44,19 / 22,355209,2019-09-06 20:59:00:216,-0.0834,-1.6096,9.7451,-0.0066,-0.0132,9.8066,0.0111,-0.5787,0.0959,-16.25,-38.12,-6.69,237.24,-80.98,-172.62
52.402313,-1.505458,155.04,3.34,3,323.44,19 / 22,355310,2019-09-06 20:59:00:317,-0.3998,-1.2065,9.9229,0.0029,0.0054,9.8066,-0.0031,-0.5479,0.0717,-16.69,-38.75,-6.06,240.68,-80.99,-172.83
52.402313,-1.505458,155.04,3.34,3,323.44,19 / 22,355414,2019-09-06 20:59:00:421,-0.4853,-1.2777,9.8985,0.0072,0.0012,9.8066,0.0058,-0.5341,0.0881,-17.31,-38.75,-5.87,240.61,-80.92,-172.79
52.402313,-1.505458,155.04,3.34,3,323.44,19 / 22,355510,2019-09-06 20:59:00:517,-0.8317,-0.8328,9.8542,0.0093,0.0021,9.8066,0.0127,-0.5209,0.079,-18,-38.12,-5.69,242.92,-80.91,-172.41
52.402313,-1.505458,155.04,3.34,3,323.44,19 / 22,355610,2019-09-06 20:59:00:617,-0.8102,-0.7519,9.8152,0.0095,0.0009,9.8066,-0.0195,-0.4491,0.0624,-18.56,-37.94,-5.12,246.8,-80.79,-172.01
52.402313,-1.505458,155.04,3.34,3,323.44,19 / 22,355709,2019-09-06 20:59:00:716,-1.5101,-0.5156,9.6775,-0.0072,0.0017,9.8066,-0.0332,-0.3901,0.0726,-18.81,-38.56,-4.12,248.37,-80.74,-172.31
52.402313,-1.505458,155.04,3.34,3,323.44,19 / 22,355809,2019-09-06 20:59:00:816,-2.1764,-0.7345,9.8645,-0.0108,-0.0018,9.8066,0.0172,-0.3356,0.0276,-19.37,-38.5,-3.94,248.41,-80.7,-172.66
52.402313,-1.505458,155.04,3.34,3,323.44,19 / 22,355910,2019-09-06 20:59:00:917,-2.5245,-0.4769,9.8567,0.0066,0.016,9.8065,0.0204,-0.2951,0.0265,-19.19,-38.5,-2.62,250.49,-80.74,-173.13
52.402313,-1.505458,155.04,3.34,3,323.44,19 / 22,356010,2019-09-06 20:59:01:017,-2.8019,-0.4946,10.071,0.0091,0.0071,9.8066,-0.0048,-0.2398,0.0303,-19.87,-38.69,-2.62,250.53,-80.68,-173.84
52.402313,-1.505458,155.04,3.34,3,323.44,19 / 21,356109,2019-09-06 20:59:01:116,-2.1979,-0.1414,9.8253,0.0001,0.0001,9.8066,0.0069,-0.2316,0.051,-20,-38.5,-1.69,253.37,-80.63,-173.76
52.402313,-1.505458,155.04,3.34,3,323.44,19 / 21,356210,2019-09-06 20:59:01:217,-1.4284,0.1832,9.9292,0.0091,-0.0028,9.8066,0.0055,-0.1777,0.0373,-20.37,-38.75,-1.25,255.37,-80.48,-173.55
52.402313,-1.505458,155.04,3.34,3,323.44,19 / 21,356309,2019-09-06 20:59:01:316,-1.4589,-0.2039,9.8405,0.0213,-0.0048,9.8066,0.0054,-0.1575,0.0724,-20.5,-38.62,-1.81,253.2,-80.33,-172.88
52.402313,-1.505458,155.04,3.34,3,323.44,19 / 21,356410,2019-09-06 20:59:01:417,-1.4123,-0.3637,9.8335,0.0163,-0.0022,9.8065,0.0049,-0.1471,0.0358,-19.94,-38.31,-0.69,256.52,-80.19,-172.21
52.402313,-1.505458,155.04,3.34,3,323.44,19 / 21,356509,2019-09-06 20:59:01:516,-1.3423,-0.2977,9.7937,-0.0032,0.0003,9.8066,-0.0036,-0.1155,0.012,-21.06,-38.31,-0.31,260.01,-80.04,-171.91
52.402313,-1.505458,155.04,3.34,3,323.44,19 / 21,356609,2019-09-06 20:59:01:616,-0.9612,0.0974,9.8126,0.0006,-0.0003,9.8066,0.0066,-0.101,0.0148,-20.25,-37.94,-0.12,258.94,-79.97,-171.98
52.402313,-1.505458,155.04,3.34,3,323.44,19 / 21,356709,2019-09-06 20:59:01:716,-0.9453,0.2722,9.7175,0.0117,0.007,9.8066,0.0345,-0.0958,0.014,-21.25,-37.87,0.19,259.53,-79.92,-172.2
52.402313,-1.505458,155.04,3.34,3,323.44,19 / 21,356809,2019-09-06 20:59:01:816,-1.0637,0.1529,9.86,0.0103,0.0037,9.8066,0.0157,-0.0695,0.0097,-21.12,-37.44,1.56,264.71,-79.79,-172.48
52.402313,-1.505458,155.04,3.34,3,323.44,19 / 21,356909,2019-09-06 20:59:01:916,-0.979,0.2161,9.753,-0.0003,0.0014,9.8066,0.0088,-0.0761,-0.0006,-21.44,-37.44,1.75,264.56,-79.79,-172.64
52.402313,-1.505458,155.04,3.34,3,323.44,19 / 21,357010,2019-09-06 20:59:02:017,-1.0482,0.2903,9.8279,0.0028,0.0017,9.8066,-0.013,-0.0507,-0.0039,-22,-36.75,2.38,264.99,-79.77,-172.76
52.402313,-1.505458,155.04,3.34,3,323.44,19 / 21,357110,2019-09-06 20:59:02:117,-0.7368,0.266,9.8349,0.0014,-0.0017,9.8065,-0.0016,-0.0216,0.0079,-22.06,-37.44,2.06,264.91,-79.73,-172.77
52.402313,-1.505458,155.04,3.34,3,323.44,20 / 22,357209,2019-09-06 20:59:02:216,-0.8186,0.2151,9.9184,0.0014,-0.0035,9.8066,0.022,-0.0295,0.0108,-21.69,-36.81,2.44,265.11,-79.69,-172.49
52.402313,-1.505458,155.04,3.34,3,323.44,20 / 22,357310,2019-09-06 20:59:02:317,-0.5688,0.2745,9.7614,0.0077,-0.0011,9.8066,0.0237,-0.0332,-0.0045,-21.81,-36.87,2.63,267.78,-79.65,-172.32
52.402313,-1.505458,155.04,3.34,3,323.44,20 / 22,357409,2019-09-06 20:59:02:416,-0.501,0.4403,9.9249,0.0056,-0.0023,9.8066,0.0084,0.0011,0.0217,-22.69,-37.31,3.5,270.76,-79.56,-172.12
52.402313,-1.505458,155.04,3.34,3,323.44,20 / 22,357510,2019-09-06 20:59:02:517,-0.9077,0.1509,9.8599,-0.0022,-0.0031,9.8066,-0.0091,0.0141,0.0201,-22.44,-36.56,2.88,267.95,-79.54,-171.94
52.402313,-1.505458,155.04,3.34,3,323.44,20 / 22,357610,2019-09-06 20:59:02:617,-0.5185,0.3098,9.8024,-0.0004,-0.0022,9.8065,-0.0001,-0.0189,0.0053,-22.31,-36.69,3.63,270.73,-79.54,-171.78
52.402313,-1.505458,155.04,3.34,3,323.44,20 / 22,357710,2019-09-06 20:59:02:717,-0.8137,0.1805,9.9248,0.0004,-0.0025,9.8066,-0.0046,-0.0181,-0.013,-23.25,-36.81,4.63,273.82,-79.52,-171.52
52.402313,-1.505458,155.04,3.34,3,323.44,20 / 22,357810,2019-09-06 20:59:02:817,-1.1757,0.2443,9.8193,0.0008,-0.0019,9.8066,0.0218,-0.001,0.0099,-23.75,-37.31,5.19,274.21,-79.5,-171.29
52.402313,-1.505458,155.04,3.34,3,323.44,20 / 22,357910,2019-09-06 20:59:02:917,-0.2893,0.5949,9.8161,-0.0001,0.0002,9.8065,0.0171,0.023,-0.0116,-24.06,-36.81,5.88,276.69,-79.5,-171.25
52.402313,-1.505458,155.04,3.34,3,323.44,20 / 22,358010,2019-09-06 20:59:03:017,-0.2747,0.491,9.9234,0.0085,-0.0029,9.8066,0.0097,0.0226,0.0293,-22.87,-36.81,4.5,274.07,-79.46,-171.16
52.402313,-1.505458,155.04,3.34,3,323.44,20 / 22,358110,2019-09-06 20:59:03:117,-0.1053,0.1766,9.7361,-0.0055,-0.0044,9.8065,-0.002,0.0233,-0.0112,-23.06,-37.31,3.94,271.67,-79.43,-170.96
52.402313,-1.505458,155.04,3.34,3,323.44,20 / 22,358209,2019-09-06 20:59:03:216,0.3664,0.3949,9.9093,-0.0043,-0.0072,9.8066,0.0239,0.01,-0.0072,-23,-36.69,3.06,269.36,-79.4,-170.73
52.402313,-1.505458,155.04,3.34,3,323.44,20 / 22,358309,2019-09-06 20:59:03:316,-0.2661,0.275,9.9306,0.0043,-0.0009,9.8066,0.0185,0.0324,0.0079,-22.44,-36.75,2.5,269.23,-79.4,-170.38
52.402313,-1.505458,155.04,3.34,3,323.44,20 / 22,358409,2019-09-06 20:59:03:416,-0.1732,0.2915,9.7765,0.0002,-0.0022,9.8066,0.0134,0.0351,-0.0095,-21.37,-37.06,1.19,263.48,-79.41,-170.28
52.402313,-1.505458,155.04,3.34,3,323.44,20 / 22,358510,2019-09-06 20:59:03:517,-0.5621,0.0315,9.831,-0.0018,-0.0041,9.8066,0.0188,0.032,0.0024,-21.5,-37,0.38,261.09,-79.44,-170.13
52.402313,-1.505458,155.04,3.34,3,323.44,20 / 22,358610,2019-09-06 20:59:03:617,-0.509,0.0285,9.8733,-0.006,-0.0028,9.8065,-0.0093,0.0217,-0.0229,-21.25,-37.19,0.38,261.41,-79.49,-169.88
52.402313,-1.505458,155.04,3.34,3,323.44,20 / 22,358710,2019-09-06 20:59:03:717,-0.5882,0.0973,9.9052,0.003,-0.0029,9.8066,-0.0188,0.025,-0.0085,-21.31,-37.31,0.38,261.63,-79.53,-169.73
52.402313,-1.505458,155.04,3.34,3,323.44,20 / 22,358810,2019-09-06 20:59:03:817,-0.9253,0.0745,9.8382,0.002,-0.0039,9.8065,-0.0042,0.0191,0.0182,-21.37,-36.87,0.5,264.52,-79.56,-169.46
52.402313,-1.505458,155.04,3.34,3,323.44,20 / 22,358910,2019-09-06 20:59:03:917,-1.0667,-0.1497,9.7459,-0.0058,-0.0045,9.8066,-0.0065,0.0262,0.0097,-20.94,-37.12,0.88,264.87,-79.58,-169.13
52.402313,-1.505458,155.04,3.34,3,323.44,20 / 22,359014,2019-09-06 20:59:04:021,-0.9046,-0.0251,10.006,-0.0088,-0.0061,9.8065,-0.001,-0.0064,-0.012,-21.75,-36.69,0.56,266.08,-79.66,-168.78
52.402313,-1.505458,155.04,3.34,3,323.44,19 / 21,359110,2019-09-06 20:59:04:117,-1.1449,-0.0455,9.9631,-0.0001,-0.0016,9.8066,-0.0031,-0.005,-0.0146,-21.19,-37.44,0.5,265.54,-79.7,-168.67
52.402313,-1.505458,155.04,3.34,3,323.44,19 / 21,359210,2019-09-06 20:59:04:217,-0.4664,0.0945,10.1419,0.0018,-0.0043,9.8066,0.0036,0.002,0.0164,-21.25,-36.62,0.44,263.29,-79.72,-168.32
52.402313,-1.505458,155.04,3.34,3,323.44,19 / 21,359309,2019-09-06 20:59:04:316,0.2528,0.3789,9.7087,-0.0031,0.0013,9.8066,0.0162,-0.0116,0.0012,-21.19,-36.44,0.56,266.41,-79.74,-168.36
52.402313,-1.505458,155.04,3.34,3,323.44,19 / 21,359409,2019-09-06 20:59:04:416,0.0132,0.2563,9.6863,-0.0043,-0.0026,9.8066,-0.0004,-0.0076,-0.0161,-20.94,-36.87,0.56,265.84,-79.75,-168.45
52.402313,-1.505458,155.04,3.34,3,323.44,19 / 21,359510,2019-09-06 20:59:04:517,-0.0862,0.1862,9.7498,0.0028,-0.0024,9.8066,0.0019,0.0102,0.0136,-21.12,-37.12,0.38,263.49,-79.78,-168.21
52.402313,-1.505458,155.04,3.34,3,323.44,19 / 21,359609,2019-09-06 20:59:04:616,-0.5213,0.2803,10.0433,0.0013,0.0032,9.8066,0.0074,-0.0115,-0.0087,-20.75,-36.75,0,263.59,-79.77,-168.11
52.402313,-1.505458,155.04,3.34,3,323.44,19 / 21,359709,2019-09-06 20:59:04:716,-0.2201,0.4203,9.8099,-0.0059,-0.0034,9.8066,-0.0161,0.0032,-0.0199,-21.12,-36.87,0.06,263.58,-79.81,-168.19
52.402313,-1.505458,155.04,3.34,3,323.44,19 / 21,359810,2019-09-06 20:59:04:817,-0.358,0.2438,9.715,-0.0024,-0.0041,9.8065,0.0195,0.0089,0.0108,-21,-37,0.19,263.99,-79.86,-167.85
52.402313,-1.505458,155.04,3.34,3,323.44,19 / 21,359910,2019-09-06 20:59:04:917,0.0484,0.2289,9.8693,0.0006,0.0004,9.8066,0.0219,-0.0142,0.0033,-20.75,-36.44,0.19,264.6,-79.89,-167.77
52.402313,-1.505458,155.04,3.34,3,323.44,19 / 21,360010,2019-09-06 20:59:05:017,0.0495,0.1942,9.7417,0.0007,-0.0004,9.8065,-0.0237,0.0093,0.0001,-21.5,-37.31,0.63,266.79,-79.9,-167.75
52.40246,-1.505436,155.3,0,3,69.02,19 / 21,360110,2019-09-06 20:59:05:117,-0.2744,0.2194,9.8758,0.0022,-0.0009,9.8066,-0.003,0.0082,0.0178,-20.81,-37,0.44,264.28,-79.91,-167.63
52.40246,-1.505436,155.3,0,3,69.02,19 / 21,360209,2019-09-06 20:59:05:216,-0.0546,0.2925,9.847,0,-0.0029,9.8066,-0.0019,-0.014,-0.0175,-20.75,-37.37,0.88,267.08,-79.95,-167.55
52.40246,-1.505436,155.3,0,3,69.02,19 / 21,360310,2019-09-06 20:59:05:317,0.1961,0.1094,9.9542,-0.0015,-0.0002,9.8066,-0.0345,-0.0184,-0.0546,-21,-36.87,0.81,267.26,-79.97,-167.4
52.40246,-1.505436,155.3,0,3,69.02,19 / 21,360410,2019-09-06 20:59:05:417,-0.1544,0.2518,9.7543,-0.0021,-0.0019,9.8066,0.0036,-0.002,0.0276,-21.56,-37.37,0.13,265.61,-80.2,-167.62
52.40246,-1.505436,155.3,0,3,69.02,19 / 21,360509,2019-09-06 20:59:05:516,-0.2251,0.2998,9.6965,-0.014,-0.0064,9.8066,-0.1139,-0.0123,0.0108,-21.37,-37.19,0.31,265.28,-80.28,-167.28
52.40246,-1.505436,155.3,0,3,69.02,19 / 21,360610,2019-09-06 20:59:05:617,-0.0861,0.2464,9.8594,0.0608,0.0214,9.8064,0.1189,-0.0076,-0.0329,-20.87,-37.19,0.69,269.22,-80.55,-166.49
52.40246,-1.505436,155.3,0,3,69.02,19 / 21,360709,2019-09-06 20:59:05:716,0.1673,0.4405,10.0641,0.0463,0.0155,9.8064,0.0273,0.0029,0.013,-21.06,-37,1.38,265.78,-79.68,-168.39
52.40246,-1.505436,155.3,0,3,69.02,19 / 21,360810,2019-09-06 20:59:05:817,-0.0704,0.3177,9.8667,-0.0148,0.0053,9.8066,-0.0296,0.0064,0.0094,-20.56,-36.81,1.06,266.04,-79.8,-168.33
52.40246,-1.505436,155.3,0,3,69.02,19 / 21,360909,2019-09-06 20:59:05:916,-0.1882,0.4474,9.8971,-0.042,-0.0245,9.8065,-0.1212,0.0084,0.0292,-20.87,-37.12,0.19,264.39,-80.03,-167.74
52.40246,-1.505436,155.3,0,3,69.02,19 / 21,361009,2019-09-06 20:59:06:016,-0.4727,-0.0465,9.5736,-0.0124,-0.0069,9.8066,0.1399,0.0096,-0.0502,-20.94,-36.94,1.06,267.98,-80.26,-167.2
52.40246,-1.505436,155.3,0,3,69.02,20 / 22,361110,2019-09-06 20:59:06:117,-0.2824,0.1771,9.7409,-0.0109,-0.001,9.8066,0.028,0.0243,-0.0097,-20.69,-37.19,0.69,265.68,-79.67,-168.45
52.40246,-1.505436,155.3,0,3,69.02,20 / 22,361227,2019-09-06 20:59:06:234,0.0064,0.4758,10.0135,0.0089,0.0027,9.8066,-0.0106,0.023,0.0056,-20.81,-37.37,0.5,265.73,-79.78,-168.62
52.40246,-1.505436,155.3,0,3,69.02,20 / 22,361309,2019-09-06 20:59:06:316,-0.1588,0.1274,9.8984,0.0096,0.003,9.8066,0.0067,-0.0038,0.0106,-21.25,-37.37,0.69,265.84,-79.81,-168.57
52.40246,-1.505436,155.3,0,3,69.02,20 / 22,361410,2019-09-06 20:59:06:417,-0.1975,0.2884,9.7926,0.005,0.0039,9.8066,-0.0291,0.004,0.011,-21.37,-37.25,0.25,263,-79.82,-168.82
52.40246,-1.505436,155.3,0,3,69.02,20 / 22,361510,2019-09-06 20:59:06:517,-0.297,0.3165,9.9361,-0.0075,-0.0033,9.8066,-0.0124,-0.0199,0.0036,-21.06,-36.75,0.31,263.13,-79.86,-168.75
52.40246,-1.505436,155.3,0,3,69.02,20 / 22,361609,2019-09-06 20:59:06:616,-0.4467,0.1088,9.9132,-0.0184,-0.0014,9.8066,-0.0176,-0.0262,-0.0196,-20.69,-37.44,0.5,266.07,-80.04,-168.75
52.40246,-1.505436,155.3,0,3,69.02,20 / 22,361709,2019-09-06 20:59:06:716,-0.4143,0.0554,9.6566,-0.0128,-0.0054,9.8066,-0.0468,-0.0372,0.0206,-21.12,-37.19,0.06,263.6,-80.07,-168.66
52.40246,-1.505436,155.3,0,3,69.02,20 / 22,361810,2019-09-06 20:59:06:817,-0.0809,0.3552,9.8655,-0.004,0.0017,9.8066,-0.0133,-0.0104,0.0066,-21,-37.56,1.19,265.97,-80.12,-168.51
52.40246,-1.505436,155.3,0,3,69.02,20 / 22,361909,2019-09-06 20:59:06:916,-0.0175,0.1931,9.9767,0.0106,0.0051,9.8066,0.0641,-0.025,0.0076,-20.62,-37.37,0.94,266.56,-80.22,-168.59
52.40246,-1.505436,155.3,0,3,69.02,20 / 22,362010,2019-09-06 20:59:07:017,-0.0707,0.5311,9.7958,-0.0029,-0.0029,9.8066,0.0082,-0.019,-0.0072,-20.81,-37.37,1.44,266.12,-80.09,-168.81
52.40246,-1.505436,155.3,0,3,69.02,20 / 22,362109,2019-09-06 20:59:07:116,-0.038,0.5393,10.0329,-0.0025,-0.0015,9.8066,-0.0477,-0.0159,0.0101,-20.44,-37.5,1.19,265.65,-80.21,-168.75
52.40246,-1.505436,155.3,0,3,69.02,19 / 21,362210,2019-09-06 20:59:07:217,-0.053,0.27,10.0223,0.0026,0.0012,9.8066,-0.0252,-0.0092,-0.0108,-20.81,-36.94,0.94,266.86,-80.27,-168.36
52.40246,-1.505436,155.3,0,3,69.02,19 / 21,362310,2019-09-06 20:59:07:317,-0.0314,0.4638,9.6327,0.0073,0.0033,9.8066,-0.002,-0.0216,0.0029,-20.31,-36.87,0.38,263.51,-80.32,-168.31
52.40246,-1.505436,155.3,0,3,69.02,19 / 21,362410,2019-09-06 20:59:07:417,-0.3534,0.0362,9.9344,-0.0118,-0.0035,9.8066,-0.019,-0.0201,-0.0147,-21.25,-36.81,0.63,266.73,-80.27,-168.52
52.40246,-1.505436,155.3,0,3,69.02,19 / 21,362510,2019-09-06 20:59:07:517,-0.1527,0.2298,10.138,-0.012,-0.0031,9.8066,0.0388,-0.0239,-0.0312,-21.19,-37.12,0.69,266.96,-80.35,-168.42
52.40246,-1.505436,155.3,0,3,69.02,19 / 21,362609,2019-09-06 20:59:07:616,0.2824,0.3224,9.7315,0.0039,0.0037,9.8066,0.0367,-0.034,-0.0154,-20.69,-37,0.94,266.91,-80.37,-168.52
52.40246,-1.505436,155.3,0,3,69.02,19 / 21,362710,2019-09-06 20:59:07:717,0.0134,0.3097,9.9702,0.0044,0.004,9.8066,-0.0115,-0.0219,-0.0153,-21.12,-37.44,1,266.94,-80.42,-168.58
52.40246,-1.505436,155.3,0,3,69.02,19 / 21,362809,2019-09-06 20:59:07:816,-0.1145,0.2264,9.6593,-0.0097,-0.002,9.8066,-0.0082,-0.0231,-0.003,-21,-37,0.25,264.13,-80.42,-168.75
52.40246,-1.505436,155.3,0,3,69.02,19 / 21,362910,2019-09-06 20:59:07:917,0.0513,0.4585,9.7769,-0.0077,-0.0023,9.8066,0.0343,-0.0183,0.0002,-21,-37,0.81,266.92,-80.51,-168.76
52.40246,-1.505436,155.3,0,3,69.02,19 / 21,363009,2019-09-06 20:59:08:016,0.2752,0.3533,9.8267,-0.0073,-0.0008,9.8066,0.0325,-0.0031,-0.0069,-20.69,-37.25,0.81,266.98,-80.55,-168.77
52.40246,-1.505436,155.3,0,3,69.02,19 / 21,363111,2019-09-06 20:59:08:118,0.5632,0.1832,11.1374,-0.0082,-0.0001,9.8066,-0.582,-0.0828,0.0505,-21.12,-36.87,0.63,266.91,-80.58,-168.92
52.40246,-1.505436,155.3,0,3,69.02,19 / 21,363209,2019-09-06 20:59:08:216,-1.5045,-0.1304,8.3831,-0.1256,-0.0286,9.8057,-0.4914,0.0425,0.0246,-20.94,-37.37,0.5,265.58,-80.13,-169.44
